name,relative_counts,ct,ct_0,barcode,ct_1,barcode_ind
mhpRp1,0.9987146529562982,3108,1555,GTGACAAAATTGTGAATAAC,1553,2430240
mhpRp1,1.1685393258426966,191,88,GGGAATCGGGCTGTAACCTA,103,2428120
mhpRp1,0.024691358024691357,81,80,AAATACCACACTCTGTTTGT,1,2457691
mhpRp1,1.0253164556962024,158,78,GTGATCCTCAGGTTCACGAT,80,2424217
mhpRp1,0.06578947368421052,79,75,GTAGACTTTCTACCGATTAG,4,2465012
mhpRp1,0.23684210526315788,92,75,GGGTGTCACAAGGGCAACCG,17,2424074
mhpRp1,0.273972602739726,91,72,GTTGCTCGGGTGGTCTTTAT,19,2424115
mhpRp1,0.8333333333333334,130,71,ATAGGGGTGCAATCTCAGTT,59,2429918
mhpRp1,0.7887323943661971,125,70,CGTTACTTAGTTATCGATTA,55,2423956
mhpRp1,0.4714285714285714,101,69,ACTCGGAACATCCGGCTAAA,32,2424740
mhpRp1,0.34328358208955223,88,66,ATGATTTTGTCAGTAGGAGT,22,2466998
mhpRp1,0.42424242424242425,92,65,TGCGTGCCGCAAAACGGTGG,27,2458404
mhpRp1,0.031746031746031744,63,62,TCCGAAGTCTGAATTTCTAG,1,2442755
mhpRp1,0.2857142857142857,79,62,GAGAGTTCAGAACGGTAGTT,17,2432171
mhpRp1,0.047619047619047616,64,62,CCTAAGTTGCAGAAGGTGGT,2,2446771
mhpRp1,0.7619047619047619,109,62,AAGGATAGCTGTACCGTCCT,47,2428724
mhpRp1,0.26229508196721313,75,60,GTGGAAGCGCACACTGTTTC,15,2432915
mhpRp1,2.278688524590164,198,60,GTCTTCGGCATTATTACCAC,138,2433809
mhpRp1,0.034482758620689655,58,57,TTTGTAGGAGCCGTAGAGAC,1,2476596
mhpRp1,0.25862068965517243,71,57,TCTGCCCAATAGTATCAATG,14,2430129
mhpRp1,0.20689655172413793,68,57,ATCGGGGTGACGCAGGGCCT,11,2433835
mhpRp1,0.03508771929824561,57,56,GACATACCTTAAAGCAGCGC,1,2465459
mhpRp1,0.7678571428571429,97,55,TTAGAAGGATGGTTAAAACA,42,2426257
mhpRp1,0.21428571428571427,66,55,TGACATCAGGGTGCGTGTAG,11,2470182
mhpRp1,0.2857142857142857,70,55,GCGAGGTAACATGCATTGGA,15,2432420
mhpRp1,0.7454545454545455,94,54,GCAGACCTTGAACTCCATTT,40,2444335
mhpRp1,1.2,119,54,GCAAGCCTACTGAAGTCTTG,65,2423816
mhpRp1,0.12727272727272726,60,54,GAATCACTACCCAATGGCCA,6,2467195
mhpRp1,1.9454545454545455,160,54,CACGTAAGCCCGGCTCCAAG,106,2442497
mhpRp1,0.9272727272727272,104,54,CAATCACCCACAGACCCAGT,50,2442418
mhpRp1,0.8888888888888888,100,53,TCATCTGGCTTTCTATAGTA,47,2424029
mhpRp1,1.3962264150943395,125,52,GGCGTTCCGCGATATCCTAA,73,2442132
mhpRp1,1.0377358490566038,106,52,ATCCTTGGGCATGCTGTAAC,54,2438894
mhpRp1,0.1346153846153846,57,51,TGGTCGCAAATAAGCGGCTT,6,2425381
mhpRp1,0.6153846153846154,82,51,TAGAGGCTATGTACACCCTC,31,2444506
mhpRp1,1.0384615384615385,104,51,GGAGGTAGTAAGGAGGGGAT,53,2424408
mhpRp1,0.7115384615384616,87,51,CGTGCCATACTTCACCGACA,36,2448471
mhpRp1,0.4230769230769231,72,51,CGCTTGCATTCTTCTTTATT,21,2433626
mhpRp1,1.0,102,51,AGAGTGAGGACAAGGTACCC,51,2439855
mhpRp1,1.1764705882352942,109,50,TCCTGGTCAGGAGCTTTGTT,59,2451610
mhpRp1,0.9803921568627451,99,50,CCCGATAACCTCCTACATAA,49,2424076
mhpRp1,0.38,67,49,TTTGTGTATTTAAAGCGGTA,18,2447079
mhpRp1,0.9,93,49,CACACAGGGAAAGGCCGTAT,44,2463714
mhpRp1,0.62,79,49,ATACCCCAGCGCACAGTCGG,30,2467951
mhpRp1,1.42,119,49,ATACATTGAGTACTCAACGT,70,2441740
mhpRp1,1.44,120,49,ACATTGATTCTGCAATGTCT,71,2471127
mhpRp1,0.4,68,49,ACAATGGCATACGATCTATA,19,2425618
mhpRp1,1.7551020408163265,133,48,TCCGACATGCAACTCGTACA,85,2470475
mhpRp1,0.10416666666666667,51,47,GTGAAGCGGTGCCCTATTCG,4,2437483
mhpRp1,0.375,64,47,GGGGAGTCGGCTGGCACCTC,17,2436590
mhpRp1,0.3541666666666667,63,47,GAGCGTGCCATTGCTTAGGT,16,2431448
mhpRp1,0.5416666666666666,72,47,CGCTGTATCCGCTGACCACA,25,2455746
mhpRp1,0.9791666666666666,93,47,CAACCTACCGGTTTCGGAGA,46,2435289
mhpRp1,0.8125,85,47,AACTGGGAGTCTGAGAATTT,38,2470425
mhpRp1,1.7659574468085106,128,46,TTGGAATTATTCCGGTTATG,82,2445209
mhpRp1,0.2978723404255319,59,46,TTAGGCGGGAGATGCTCGGT,13,2467331
mhpRp1,0.574468085106383,72,46,TCGGTCTGATTCCCCTCGCC,26,2451719
mhpRp1,11.53191489361702,587,46,TCCAGGCGATGCCTTCCGAA,541,2429675
mhpRp1,0.19148936170212766,54,46,TCATGGCTCCAGAAATCTTT,8,2449127
mhpRp1,1.297872340425532,106,46,TATACACGTGTAGCCAGTTG,60,2470476
mhpRp1,1.7872340425531914,129,46,TACGGGCGGCGGAAGATTAT,83,2454790
mhpRp1,0.44680851063829785,66,46,GTGGTGCCACATGCCAATAT,20,2470459
mhpRp1,0.3191489361702128,60,46,GTCTTGGCAGGCCGGGAGGT,14,2453733
mhpRp1,0.6808510638297872,77,46,CTGAATGGGTATAGTCGGGA,31,2451222
mhpRp1,0.17391304347826086,52,45,GGGTTTACGTCAGAAACAGG,7,2452868
mhpRp1,0.6086956521739131,72,45,GAGTAAAGTAGGCCTCTCAA,27,2471080
mhpRp1,1.8478260869565217,129,45,AGAAAACCCCACCGCTGCGA,84,2450074
mhpRp1,1.1111111111111112,93,44,TAACGGGACATAGTAGTAGA,49,2438067
mhpRp1,0.1111111111111111,48,44,GTATTAGTTGAGATCTCCTA,4,2464159
mhpRp1,0.6,70,44,AGCCAGATTCTCACCCGATG,26,2429022
mhpRp1,0.1111111111111111,48,44,AGCAGAACTTCAAAGGGGCA,4,2436192
mhpRp1,1.1363636363636365,92,43,TTGGTGGGCATCGGCATTAG,49,2452087
mhpRp1,0.8863636363636364,81,43,TAAAGGTGGACGGTAGGTGT,38,2457917
mhpRp1,0.1590909090909091,49,43,GTGCCGACTTGACTTAATCA,6,2424353
mhpRp1,1.4772727272727273,107,43,GATTGAACCGTGTACAGGTG,64,2464476
mhpRp1,1.8863636363636365,125,43,CTTCGTATATAATCGGCGAT,82,2433260
mhpRp1,0.6136363636363636,69,43,CACCGTCGTGAGCAACGATA,26,2460831
mhpRp1,1.8837209302325582,122,42,TTTGTGCTCCGTAACGTGGG,80,2458413
mhpRp1,0.5348837209302325,64,42,TTATTTATTCGCGTTGTTCT,22,2453962
mhpRp1,0.9534883720930233,82,42,TTAGTTCGAATAGTCTTATT,40,2424248
mhpRp1,0.6511627906976745,69,42,GCGCGTACCACTCATTGAAT,27,2432419
mhpRp1,0.7674418604651163,74,42,CTCGGCTTAATCCGGTCGTT,32,2468751
mhpRp1,0.046511627906976744,43,42,CTAAGGCGTATCTCAGAAAG,1,2440813
mhpRp1,0.5813953488372093,66,42,CGGCATTTTACGGTCTTTGT,24,2449888
mhpRp1,1.1627906976744187,91,42,CGATCGGAAACTGCCAGACT,49,2445901
mhpRp1,0.7674418604651163,74,42,CCTGTATGCTCGGCGGCAAC,32,2432551
mhpRp1,1.697674418604651,114,42,CACATATCTTGGGGTCGCCA,72,2425863
mhpRp1,0.047619047619047616,42,41,TCCCGGATCCAGGAGGTCGC,1,2426302
mhpRp1,0.047619047619047616,42,41,TCCATCCGTTACGTGTCTGA,1,2424002
mhpRp1,0.19047619047619047,48,41,CTCATCCAAGGCGCCGCGAG,7,2441907
mhpRp1,0.11904761904761904,45,41,CGCCGCTTGTGCCTTGTAAC,4,2457135
mhpRp1,1.4285714285714286,100,41,CAACCGGAATGCGCTTGTAT,59,2424441
mhpRp1,3.1666666666666665,173,41,ATACTCGGGGCCATTCGGTT,132,2472727
mhpRp1,2.6904761904761907,153,41,AGTATGTTGTGTCGGTCAGA,112,2438113
mhpRp1,0.8571428571428571,76,41,AAATGAATAGCCATCAGCCA,35,2425772
mhpRp1,0.4878048780487805,59,40,TAGCCCAGGTAAGGTGGGTC,19,2447065
mhpRp1,0.8292682926829268,73,40,GGACGCCCGGCTTGGCGTGG,33,2428997
mhpRp1,1.048780487804878,82,40,CTTCGCGATTGACTATTGCG,42,2468536
mhpRp1,0.4146341463414634,56,40,CATATATGGGATAAATAGTA,16,2441864
mhpRp1,1.4390243902439024,98,40,CATACTTTGGTAAAAAATTA,58,2439647
mhpRp1,1.853658536585366,115,40,ACTTCATCGGCTCGGTAACT,75,2468653
mhpRp1,0.17073170731707318,46,40,ACTCGAAGCTCCGATTAGAA,6,2432142
mhpRp1,0.9024390243902439,76,40,AATCAAGGGCCGGGCGCCAT,36,2465667
mhpRp1,0.2926829268292683,51,40,AAGCGCGGCATTTCATATAG,11,2423892
mhpRp1,0.525,59,39,TGGCAAGTATGTGTGGACAA,20,2430510
mhpRp1,0.325,51,39,GTGTCCGACCAAAAGAAGGA,12,2463967
mhpRp1,0.925,75,39,GGTACGATATCGTGATCCTA,36,2423891
mhpRp1,2.1,122,39,CGGTTTACCCCGGACCGATA,83,2431238
mhpRp1,0.3,50,39,CGCATGGGCTAGGGATGTAT,11,2456378
mhpRp1,0.1,42,39,CCATTATACGTTTGCCCTAT,3,2425248
mhpRp1,1.075,81,39,ACGACGGGGCCATTAGGTGA,42,2442468
mhpRp1,0.65,64,39,ACAATAGGCGTTTCGTGAAT,25,2458591
mhpRp1,0.4,54,39,ACAACCCGCAATTTGAGCCA,15,2425382
mhpRp1,0.05,40,39,AAGTCGAAAAATTGTGGTCA,1,2453421
mhpRp1,0.25,48,39,AAGGAGAAGACGGAATAGTC,9,2457091
mhpRp1,0.2564102564102564,47,38,GGTAGTTTTATCTCAAGTGA,9,2458909
mhpRp1,0.28205128205128205,48,38,GCGTACCGATGATTTTTCGT,10,2460699
mhpRp1,0.7692307692307693,67,38,GCATGGCGCGAATCCACGTA,29,2431767
mhpRp1,0.5641025641025641,59,38,GCACCCGTGGAGTATCTGCA,21,2472542
mhpRp1,0.5641025641025641,59,38,GATGGCTAGCACTAGCGTCA,21,2425458
mhpRp1,0.7692307692307693,67,38,CTTCTGGAAAGGCCCTCGTG,29,2472011
mhpRp1,0.05128205128205128,39,38,CTCGCGCAGCGGACAGAAGC,1,2424843
mhpRp1,0.05128205128205128,39,38,CGCCACCATACTTGGTGGTA,1,2453310
mhpRp1,0.20512820512820512,45,38,ATAGTTGAGTGGTAATCACA,7,2477459
mhpRp1,0.6410256410256411,62,38,ATAGTCATGTCAGCGAAATC,24,2428042
mhpRp1,0.41025641025641024,53,38,AGATATCTAGCGCTAGCACA,15,2446742
mhpRp1,2.3947368421052633,127,37,TTCTCTGGGAATCCACACTG,90,2438991
mhpRp1,0.6842105263157895,62,37,TGCTCGTGTGGTCTAGAATA,25,2443969
mhpRp1,0.05263157894736842,38,37,TACGTACCGTGACCGACAAC,1,2452751
mhpRp1,0.05263157894736842,38,37,CTGTCCGATGTCCTATACGT,1,2427138
mhpRp1,1.0,74,37,CTCGAAAAACTGCGAGTATT,37,2469789
mhpRp1,1.3421052631578947,87,37,CCCCGTGGATTCTGCTGACT,50,2453708
mhpRp1,0.47368421052631576,54,37,CAGCTGTGTTTGTTTCCGGG,17,2431810
mhpRp1,1.3157894736842106,86,37,AGTAGACGGGAGCCATGTCG,49,2456098
mhpRp1,2.1842105263157894,119,37,ACTGCGTGTGAGAGCTCGAC,82,2425014
mhpRp1,0.7567567567567568,63,36,TTGACTTGGAACGGACGAGC,27,2432313
mhpRp1,1.8108108108108107,102,36,TCGTTGCGTTCGGGCAGAGC,66,2474671
mhpRp1,1.2432432432432432,81,36,TCGAGTCATCATGAGAGGCC,45,2454301
mhpRp1,0.5675675675675675,56,36,TAGGGGTTAAAAACGTATCA,20,2452099
mhpRp1,0.7567567567567568,63,36,TACCGCGCTGGAGTGGTTAT,27,2440099
mhpRp1,0.6756756756756757,60,36,GTGCTATCCAAGAACATGAG,24,2477757
mhpRp1,0.32432432432432434,47,36,GAGGAGTTATGAGCGGAGAC,11,2438608
mhpRp1,0.05405405405405406,37,36,CTTCCCTTTGACCTATAACT,1,2476107
mhpRp1,0.5405405405405406,55,36,CTGGTGGTATGGATCTTGGT,19,2450326
mhpRp1,0.43243243243243246,51,36,CTCGGGGGAAACGCTTGGCG,15,2452772
mhpRp1,0.7837837837837838,64,36,CGTCAACGGAGAGTAATATT,28,2427621
mhpRp1,0.35135135135135137,48,36,CGTAAAAGAGACGGTATCAG,12,2475720
mhpRp1,0.4864864864864865,53,36,CGCGTCGGCGCCGCTGTCAC,17,2471348
mhpRp1,0.35135135135135137,48,36,CAGACACAGATACTAGGGGT,12,2449762
mhpRp1,1.3243243243243243,84,36,AGTCTTCGCAAACGCGGATT,48,2462636
mhpRp1,0.8378378378378378,66,36,AAAGTATGGAGTTGGGACAG,30,2478796
mhpRp1,0.8055555555555556,63,35,TTTCCAGGTTCTATCTTACA,28,2437336
mhpRp1,0.05555555555555555,36,35,TTGCAAATCACCTCTGTTTC,1,2461700
mhpRp1,0.5,52,35,TTAACAGAACGACCTCATAA,17,2454521
mhpRp1,0.8611111111111112,65,35,TGCAGTGCGGCTCCAACATT,30,2436708
mhpRp1,0.05555555555555555,36,35,TCTTTCTCTATCGCCAAGCC,1,2458976
mhpRp1,1.9722222222222223,105,35,TCGAGTTCTTGCACGGGCCT,70,2456231
mhpRp1,0.05555555555555555,36,35,GTCTAATGTTTCCAGCAGGA,1,2424571
mhpRp1,0.2777777777777778,44,35,GTCGGATTTAGAGGTTACAT,9,2457223
mhpRp1,0.8888888888888888,66,35,GCTGTCTGCCCTCGTCAAGT,31,2439080
mhpRp1,1.3055555555555556,81,35,GCCTCATTTCCTTTTAGAGA,46,2477627
mhpRp1,1.0555555555555556,72,35,GATGGCATAGTATGAGGAGA,37,2425712
mhpRp1,0.4166666666666667,49,35,GAAACATAGCCCGTATAGAA,14,2426081
mhpRp1,1.0833333333333333,73,35,CTGGTTTCGGATATCCCTAC,38,2429564
mhpRp1,0.6944444444444444,59,35,CTCACTCAACAAAAAGCATC,24,2430793
mhpRp1,1.2777777777777777,80,35,CGGGGAACCCTACCCATATA,45,2460456
mhpRp1,0.75,61,35,CCACCAGTACGCGATGTTAG,26,2451105
mhpRp1,1.6666666666666667,94,35,CCAACAGGTCTCAAGAGTTG,59,2462510
mhpRp1,1.4166666666666667,85,35,ATGTACGGGATTAGGTCCAC,50,2479014
mhpRp1,3.5833333333333335,163,35,ATGCGAGAGGCCCATGAGAC,128,2442997
mhpRp1,0.16666666666666666,40,35,AGTTTTCACAATGACATGAT,5,2435923
mhpRp1,0.75,61,35,AGATGCGGCCTCCCGACACT,26,2447908
mhpRp1,0.9444444444444444,68,35,ACCCCACAGATTGCATTCAT,33,2437271
mhpRp1,1.7142857142857142,93,34,TGTCCTTTAGCGCGCTACAT,59,2467722
mhpRp1,1.7714285714285714,95,34,TGATTTGGGCACAGATGGTA,61,2428236
mhpRp1,0.6571428571428571,56,34,TAGCTAGTGACGGGCTTAAA,22,2431445
mhpRp1,2.0,103,34,GTTCTGTGCCAAGCGAGAAT,69,2432314
mhpRp1,1.0571428571428572,70,34,GTGGCACAACATGCCGCGGT,36,2466163
mhpRp1,1.0,68,34,GGGGCTCCAGTCCTATAAGA,34,2425769
mhpRp1,0.11428571428571428,37,34,GCACCAAGTATTCCAGAATG,3,2451692
mhpRp1,0.5714285714285714,53,34,GAGTTGGGTTGCGGCGCGAT,19,2449503
mhpRp1,0.6,54,34,GAGAAGTCATTCGGATTGCT,20,2424698
mhpRp1,1.9714285714285715,102,34,CTGACTAACGTAGGCCACGT,68,2425861
mhpRp1,0.05714285714285714,35,34,CTACTAGCGTTCGCCTCGGT,1,2435389
mhpRp1,2.2857142857142856,113,34,CGGGCGGTTACGCGTCCTAT,79,2443215
mhpRp1,1.2857142857142858,78,34,CGGCCGTATGACGACGAAAT,44,2429979
mhpRp1,0.22857142857142856,41,34,CGACGACTGACCAAGACGAA,7,2471682
mhpRp1,1.9714285714285715,102,34,CCTTTATGTGGATTACGCTG,68,2469834
mhpRp1,1.6285714285714286,90,34,CCTCAGAACCTCCTTTAGAG,56,2452878
mhpRp1,2.0285714285714285,104,34,CAGAGTTAACTTCACACTAC,70,2435881
mhpRp1,0.08571428571428572,36,34,CACATATAAGTGACATTCTA,2,2436717
mhpRp1,1.3428571428571427,80,34,CAAACTATCTGTCCGACAAA,46,2438693
mhpRp1,0.4,47,34,ATAATGGCTAATAGTAAGGA,13,2470474
mhpRp1,2.8857142857142857,134,34,ATAAGGGGGGAAAGGTCCGT,100,2436167
mhpRp1,2.1714285714285713,109,34,AGCTGGTCTTCGTGAGTTAT,75,2472266
mhpRp1,0.05714285714285714,35,34,AGACGTCTGCATGAAAATGT,1,2446057
mhpRp1,0.6857142857142857,57,34,ACTTAAAACACGTCCCTGAA,23,2449084
mhpRp1,1.4,82,34,ACTACATTGGTCTAGGCTAT,48,2463207
mhpRp1,0.9142857142857143,65,34,AACCACAGGGACCCCATTAC,31,2454275
mhpRp1,0.7142857142857143,58,34,AACACTATGATACCCAACTG,24,2448928
mhpRp1,1.6857142857142857,92,34,AAATTAAGTCGAGGGTCTAA,58,2440711
mhpRp1,0.7352941176470589,57,33,TTCCCGAGGCTCTAACAGAG,24,2430695
mhpRp1,1.0294117647058822,67,33,TTAGTAAAGGATTAATTTCC,34,2467456
mhpRp1,0.058823529411764705,34,33,TGAAGAGTCCAGCATATTCG,1,2448634
mhpRp1,1.9411764705882353,98,33,TCCTCTGGATTCTGATTTCG,65,2449291
mhpRp1,1.3235294117647058,77,33,TCCGACATCGTTCAACTACA,44,2434895
mhpRp1,0.7647058823529411,58,33,TACTTTGACAAAACTTAAAT,25,2438757
mhpRp1,3.0588235294117645,136,33,GTTGCTCTCTCTTGTACATT,103,2428488
mhpRp1,0.35294117647058826,44,33,GTAAGAAGCCGTAGAATTCA,11,2453871
mhpRp1,0.4117647058823529,46,33,GGGTGCGTATACGACAATAG,13,2443778
mhpRp1,0.4411764705882353,47,33,GGCACCACCAGAGCTTGACA,14,2465778
mhpRp1,2.0588235294117645,102,33,GCGCCACACACTTTGGCCGA,69,2455605
mhpRp1,0.14705882352941177,37,33,GCAGTGCAGTGTCGGCCGTG,4,2424428
mhpRp1,0.5588235294117647,51,33,GAAGTGTGTCTCTACATTTA,18,2454881
mhpRp1,0.9705882352941176,65,33,CTGGGTATGGCAAACTATAT,32,2426489
mhpRp1,1.1470588235294117,71,33,CGTGCACTCTCAAACTTCGG,38,2426219
mhpRp1,1.3529411764705883,78,33,CGACACCCATCGGTACGACA,45,2428958
mhpRp1,0.7647058823529411,58,33,CCTGAGATAGTTCGCGCCAG,25,2462551
mhpRp1,0.4411764705882353,47,33,CATGCCCAAACAACTTAGTC,14,2472087
mhpRp1,3.0,134,33,ATTGGGCAGATGAGACACAG,101,2471896
mhpRp1,0.7352941176470589,57,33,AGGCTGGATTAGGAGACTGT,24,2463483
mhpRp1,1.4411764705882353,81,33,AGAAGATCCTGAAACGTTAT,48,2473778
mhpRp1,0.8235294117647058,60,33,ACTCATCGGGATTCGGACGT,27,2458648
mhpRp1,4.264705882352941,177,33,ACCTTGATTCAAGCCGATGT,144,2435888
mhpRp1,1.2058823529411764,73,33,ACACGCTAATCATCGCATCC,40,2431761
mhpRp1,0.6470588235294118,54,33,AATGGTTTGTTCGCAAACGG,21,2461481
mhpRp1,1.5,83,33,AACACCCAGTTCAATGCAAT,50,2429432
mhpRp1,1.1818181818181819,70,32,TTGTATAGCACATATTACGA,38,2424309
mhpRp1,2.757575757575758,122,32,TTACATCGGTTGACTTTGGA,90,2446532
mhpRp1,1.7575757575757576,89,32,TGGTTATTTAGGTTGACATA,57,2441049
mhpRp1,0.3333333333333333,42,32,TCGCTTCGGAAAGGGATTAC,10,2443990
mhpRp1,0.6363636363636364,52,32,TCAACTCCCCGGCCCCTATA,20,2450417
mhpRp1,2.4545454545454546,112,32,TAACGGATGGCCGACTCCAC,80,2426252
mhpRp1,3.242424242424242,138,32,GTCCACCTACAGGGTGCCAG,106,2447200
mhpRp1,0.5757575757575758,50,32,GTAGTCGCGGTTAACTATGA,18,2470643
mhpRp1,1.2727272727272727,73,32,GTACAACATGAGGGCGCACT,41,2466421
mhpRp1,4.545454545454546,181,32,GGTCACCGATTTTTTTGTGC,149,2458307
mhpRp1,0.7272727272727273,55,32,GGAGGAGGCACGGAGTCGAT,23,2464453
mhpRp1,0.09090909090909091,34,32,GGACCTTTATAACCCTTAAA,2,2442259
mhpRp1,0.06060606060606061,33,32,GCTATCTAGATATTGGGTTT,1,2458915
mhpRp1,0.696969696969697,54,32,GCATGATACTGCCAAAGAAG,22,2429103
mhpRp1,2.484848484848485,113,32,GAGCGCCGGTAAGCGTACGA,81,2449173
mhpRp1,0.5151515151515151,48,32,GAATCTATGGAACGACTGAT,16,2462718
mhpRp1,0.48484848484848486,47,32,GAAGGACCGGTATCTATGTT,15,2472484
mhpRp1,1.121212121212121,68,32,CTCTCCATGGCGTCTTGCAC,36,2478390
mhpRp1,0.8787878787878788,60,32,CTAGTCATAGTAATATAGAC,28,2443541
mhpRp1,1.9696969696969697,96,32,CGGTCCATGTGGACCATCCC,64,2459964
mhpRp1,0.24242424242424243,39,32,CGCCCTGCTCCATACCAACG,7,2440456
mhpRp1,1.5454545454545454,82,32,CCAGAGATGGGTTAAGAGAT,50,2433001
mhpRp1,3.0,130,32,CAGTCTTCAATAATCCAACT,98,2441859
mhpRp1,2.242424242424242,105,32,CAAGGATAGCATCGTCCTTG,73,2477920
mhpRp1,1.6363636363636365,85,32,AGGTGCCCCATCTTTGACTC,53,2439523
mhpRp1,0.7878787878787878,57,32,ACCGCATAGCGGAACAATCA,25,2460092
mhpRp1,3.3125,136,31,TTTATTCCGACGCCAGTACA,105,2450597
mhpRp1,1.15625,67,31,TTCACAATCGGACCCCTGCA,36,2452090
mhpRp1,0.65625,51,31,TGTAGTCTAAATCAAGCATA,20,2437828
mhpRp1,0.3125,40,31,TGAGGTTGCTAGGCAACCGA,9,2454111
mhpRp1,2.875,122,31,TGAAACGGCTTGTCCAAGCA,91,2453634
mhpRp1,0.6875,52,31,GTGGTATTTAGAAAAAACTC,21,2443003
mhpRp1,0.90625,59,31,GTAGACCAAGTCTATAACGC,28,2439187
mhpRp1,0.875,58,31,GTACCACAACGTTTCTGAGT,27,2430436
mhpRp1,1.15625,67,31,GGACATGGCTGTGTGCGATA,36,2464035
mhpRp1,0.78125,55,31,GCGTCACTTTCTCACAAATT,24,2478362
mhpRp1,0.21875,37,31,GAGGTCTACGTCACACATGA,6,2476730
mhpRp1,1.78125,87,31,GAGGGCCTTGGAGTGGGGCT,56,2453957
mhpRp1,1.03125,63,31,CGGTATCCACCTAAGAGGCT,32,2452252
mhpRp1,0.375,42,31,CGACTACCACTTCCCTACCT,11,2430278
mhpRp1,0.0625,32,31,CGAACGAGCAATGCTGGAGT,1,2427946
mhpRp1,0.0625,32,31,CCTGATCGGATTTAAGGGCA,1,2462613
mhpRp1,0.15625,35,31,CCTCTCGGGTGTTAATCGCT,4,2429790
mhpRp1,1.25,70,31,CCGAGCCCCCTTCCTCGATG,39,2454637
mhpRp1,0.9375,60,31,CAAGAGTGACTCTGGAAGTT,29,2424630
mhpRp1,0.25,38,31,CAACTTTATTGCTTAGCTGA,7,2439432
mhpRp1,2.28125,103,31,CAAACCAGAATGCCCAAGGG,72,2478914
mhpRp1,0.3125,40,31,ATTGCGGTCTGCGCTCCCGA,9,2445791
mhpRp1,0.1875,36,31,ATAGTGTACTTAAGTTAGTT,5,2428659
mhpRp1,0.28125,39,31,AGGCAGACCGATGTTATAAT,8,2440727
mhpRp1,1.25,70,31,ACGGTGGCTCCAGGCGCATG,39,2466877
mhpRp1,1.4375,76,31,ACGGTCGTTGCCGAGACTAT,45,2429196
mhpRp1,1.09375,65,31,AAGGAGGGGGGCATATTCGG,34,2455244
mhpRp1,4.0,153,30,TGCGGTAGTTCTGAAGTCAT,123,2469689
mhpRp1,2.3870967741935485,103,30,TGCCGAGCAGGCAAACGGCA,73,2469406
mhpRp1,0.06451612903225806,31,30,TGCACCGTTCCTTTTGTTGT,1,2449120
mhpRp1,1.3548387096774193,71,30,TGATGTCGAAGGTGCTGATG,41,2426499
mhpRp1,0.5161290322580645,45,30,TGACACACCGTCCTGGTTAT,15,2431371
mhpRp1,1.6129032258064515,79,30,TCCTCACCGAAAGACCGGCG,49,2458973
mhpRp1,0.41935483870967744,42,30,TATTGAATTCTATAATCTAC,12,2434721
mhpRp1,0.9354838709677419,58,30,TATCCGTCTGTGTTCGCAAA,28,2427664
mhpRp1,0.967741935483871,59,30,TAATGCAAGGTCTGGTATCT,29,2449622
mhpRp1,3.7096774193548385,144,30,GTGCACGACACTATTAGCGC,114,2428210
mhpRp1,2.6451612903225805,111,30,GGTTCTTAGTCCCCTCCTTA,81,2438615
mhpRp1,0.8709677419354839,56,30,GCGCGTTTGCCTGTGACCTC,26,2432947
mhpRp1,1.6774193548387097,81,30,GATCGATGCTTACTCAGGCT,51,2456413
mhpRp1,4.645161290322581,173,30,GAGAAGGCATGAATGCTACC,143,2467086
mhpRp1,0.06451612903225806,31,30,GACTGACGCTGGTCCACCCA,1,2462589
mhpRp1,0.6774193548387096,50,30,CTTTTCAGAAAAGGTCGCGA,20,2453287
mhpRp1,1.3870967741935485,72,30,CTTCACGACCTAGAGCTAAC,42,2424352
mhpRp1,0.3548387096774194,40,30,CTACCCTGATTCCGGTCGGG,10,2428657
mhpRp1,2.2580645161290325,99,30,CGGGGCCTGAGTCTAAGGAT,69,2429956
mhpRp1,2.096774193548387,94,30,CATGGGGGACACAGCGACTC,64,2434647
mhpRp1,0.12903225806451613,33,30,ATTTCATTCGGCATTCGCAT,3,2455643
mhpRp1,0.5806451612903226,47,30,ATATGCAGAGCTAACCCGGA,17,2463166
mhpRp1,0.12903225806451613,33,30,ACCGGTGGGACACTAGACAA,3,2434147
mhpRp1,0.9354838709677419,58,30,AATCACGAAGGTTAGACACC,28,2449623
mhpRp1,0.13333333333333333,32,29,TTGTCACAGTGGGCAAGACA,3,2473319
mhpRp1,2.2333333333333334,95,29,TGGGTCCCCCTGTCGCCACA,66,2470517
mhpRp1,1.0333333333333334,59,29,TGGCTCGCGTCAGAGGCGAG,30,2463595
mhpRp1,0.13333333333333333,32,29,TGCTCATCGCGGTACCTTAG,3,2432228
mhpRp1,0.7,49,29,TGCCTAGCTCTTTCAGACTA,20,2475629
mhpRp1,0.6666666666666666,48,29,TCTCCAACCATCTCGTATTT,19,2454639
mhpRp1,0.13333333333333333,32,29,TCCGCGCAGTTCCTGGGTCA,3,2423858
mhpRp1,0.6666666666666666,48,29,TAAGATAGTCTCGGGGGCTA,19,2424985
mhpRp1,1.1,61,29,GTTTGCCATGATGGTAAGGG,32,2426038
mhpRp1,0.9,55,29,GTTGCACATGACTTAGGTCA,26,2444337
mhpRp1,2.466666666666667,102,29,GTTACCGACACCGAAAGAGA,73,2444550
mhpRp1,0.5333333333333333,44,29,GTACGATGTTGTGGCGGCCA,15,2471667
mhpRp1,0.16666666666666666,33,29,GGAGCATGCGGTCTTGTGTT,4,2452699
mhpRp1,0.9333333333333333,56,29,GCGCCCCATCATTGAAAATC,27,2454916
mhpRp1,0.8333333333333334,53,29,GAGCGTCTCATGTTAGACGA,24,2473533
mhpRp1,0.23333333333333334,35,29,GAACGTGCATGGTCTTCATC,6,2427509
mhpRp1,0.6,46,29,ATGGGCAGTCGATGCAGTAA,17,2445076
mhpRp1,0.23333333333333334,35,29,ATGGAGTCACGCCCCGGTGG,6,2424992
mhpRp1,1.5333333333333334,74,29,ACTATGTCCGGCTAGGTCTT,45,2442322
mhpRp1,0.5666666666666667,45,29,ACGTAATTACAACGTGGTGA,16,2425390
mhpRp1,1.1,61,29,AATTTGGTGGATTATGGGTT,32,2446660
mhpRp1,0.7666666666666667,51,29,AAGTACTGGGCAAGATGCCT,22,2469078
mhpRp1,3.1666666666666665,123,29,AACGGTACAGCCTGTCGGAC,94,2436324
mhpRp1,0.10344827586206896,30,28,TTGGTGAAGAGGGCGGTACT,2,2476102
mhpRp1,0.06896551724137931,29,28,TTGCAGTAATCCCGTATCGA,1,2468811
mhpRp1,0.4827586206896552,41,28,TGGGGGTATCCCGGAAAGCA,13,2444097
mhpRp1,3.6551724137931036,133,28,TGGAACGGTGAACACCTTTT,105,2432227
mhpRp1,1.6206896551724137,74,28,TGATAACATCTCGAGAACCT,46,2444429
mhpRp1,0.9655172413793104,55,28,TGAAGAAGGGTAGTAATAAG,27,2428931
mhpRp1,0.7241379310344828,48,28,TATATTATTTACGTAGCTGA,20,2433966
mhpRp1,0.9310344827586207,54,28,TACGTATAAAGAATGGTGGG,26,2478079
mhpRp1,1.4482758620689655,69,28,TACATGCCAGGGTTCTGCGA,41,2437430
mhpRp1,1.2758620689655173,64,28,TAAAAAGCTTCTCATTTCCA,36,2439882
mhpRp1,2.206896551724138,91,28,GTGAGCGTACGTACTGATGT,63,2427551
mhpRp1,1.4827586206896552,70,28,GGGCACCGTTGGCGCAAGGA,42,2437119
mhpRp1,2.1724137931034484,90,28,GGCCTGACCGAGCAGGGGTG,62,2476058
mhpRp1,0.6206896551724138,45,28,GCTGACTCAATCCACAATTG,17,2429251
mhpRp1,1.2758620689655173,64,28,GAGAACTATCCGGGTGGGCT,36,2426977
mhpRp1,1.2758620689655173,64,28,CTGAGACCATCATGTAGGTT,36,2450040
mhpRp1,0.4827586206896552,41,28,CGTGCCGGAAGTCGCAATAT,13,2444635
mhpRp1,2.0344827586206895,86,28,CGCTTCCCCCGTAATCCCTA,58,2461517
mhpRp1,0.7931034482758621,50,28,CGAATCTACGCTCGTTCTCG,22,2473763
mhpRp1,1.103448275862069,59,28,CCTTCTTCATTATCTGTTGT,31,2429458
mhpRp1,0.9310344827586207,54,28,CCCTGATTCCTCCCTTCGAA,26,2452389
mhpRp1,0.1724137931034483,32,28,CAACCCTGGGTCTTGACTGA,4,2475069
mhpRp1,0.7931034482758621,50,28,ATTGTATCAGTAAGATGATC,22,2450965
mhpRp1,0.3103448275862069,36,28,ATGTGGCTCCGGGTTTATTA,8,2450743
mhpRp1,2.6551724137931036,104,28,ATGGTAAAAATGAGTCCTTG,76,2448674
mhpRp1,1.4137931034482758,68,28,ACGAGGGAGGCCCGTTTCAA,40,2430353
mhpRp1,1.9310344827586208,83,28,ACATGAGCCCGACGTCTCCT,55,2462363
mhpRp1,0.3103448275862069,36,28,ACACGCTACGGGGTAGTGGT,8,2457249
mhpRp1,1.5862068965517242,73,28,AATCGGTCTCGACGCAGCAG,45,2472601
mhpRp1,0.8620689655172413,52,28,AAGTATCAATATATTCATTT,24,2468906
mhpRp1,0.8214285714285714,49,27,TGTCACTCGTGGAGCCTGTA,22,2429614
mhpRp1,0.35714285714285715,36,27,TGTATGTATACGGCATTCCT,9,2441050
mhpRp1,0.07142857142857142,28,27,TGGGGGCCGCCCGAGAAGTA,1,2426041
mhpRp1,0.5,40,27,TGATTCCGTAGAGACACCAT,13,2438209
mhpRp1,2.0357142857142856,83,27,TGATGTGGCTTGTATATAGA,56,2455117
mhpRp1,0.2857142857142857,34,27,TCTCATAACTCGGGGCTGAG,7,2438731
mhpRp1,1.25,61,27,TACGATGATAAGAACGGGCA,34,2470844
mhpRp1,0.39285714285714285,37,27,GTCGGCCGGCTAGGTCTGGG,10,2442887
mhpRp1,0.32142857142857145,35,27,GGATGCTTCCTCGGGAGTCA,8,2443246
mhpRp1,1.7142857142857142,74,27,GGATACCATCCGACGCTCAA,47,2446138
mhpRp1,0.39285714285714285,37,27,GGAGATGGGTAGTGGAGACT,10,2435640
mhpRp1,1.4642857142857142,67,27,GCGGAGCTGCCAGGGCAGGG,40,2445529
mhpRp1,0.2857142857142857,34,27,GCCTGAGCGGGTATTTAGGA,7,2458073
mhpRp1,1.5357142857142858,69,27,GCCAGGGGGTGAGATGAGGT,42,2437633
mhpRp1,3.1785714285714284,115,27,GATCTACGGGCATGCGTCAA,88,2465475
mhpRp1,0.07142857142857142,28,27,GATCCTCGGCCTGCACCTGG,1,2435229
mhpRp1,0.14285714285714285,30,27,GAGTATGTGGCTCGTACTGT,3,2445932
mhpRp1,0.7857142857142857,48,27,GAACCACGCGGCCTCACTGT,21,2454913
mhpRp1,1.9285714285714286,80,27,CTTAGGGCCTGGGTTTCCAA,53,2449161
mhpRp1,0.10714285714285714,29,27,CTGGACATTCCACCCGTCAC,2,2475096
mhpRp1,0.14285714285714285,30,27,CGGGTTCACGATCTATTTGA,3,2439561
mhpRp1,0.07142857142857142,28,27,CGCGGGATGTAGCGCGAGTT,1,2471837
mhpRp1,1.0,54,27,CGAGGATGACAGTATCTAGG,27,2469636
mhpRp1,0.5714285714285714,42,27,CGACAACATAGCTAAATTAC,15,2427800
mhpRp1,0.32142857142857145,35,27,CCGTACAAACTCCACTGCTG,8,2443606
mhpRp1,1.9285714285714286,80,27,CCCGGGAAACAAGGAGACAG,53,2428823
mhpRp1,0.4642857142857143,39,27,CAGTAAAGCTGGGCTAAGCA,12,2431277
mhpRp1,0.42857142857142855,38,27,CAGATCAAGCTGGGTGACCC,11,2453259
mhpRp1,0.6785714285714286,45,27,CACCGTGAGCGTGCGGAGAA,18,2446256
mhpRp1,0.14285714285714285,30,27,CACCAAGTGTTCTCGACGTC,3,2433065
mhpRp1,0.5357142857142857,41,27,ATACGGATATTTGCTTCTGA,14,2466153
mhpRp1,1.0714285714285714,56,27,AGTGTCTCTTTCCGAAGAAT,29,2441455
mhpRp1,0.35714285714285715,36,27,AGTAGCAAACTCTTATTCTC,9,2464914
mhpRp1,1.3571428571428572,64,27,AGGCAAAGATTTGCGGCGAG,37,2450166
mhpRp1,2.9642857142857144,109,27,AGCATCTCTCGGAGTTGTTT,82,2438172
mhpRp1,0.8214285714285714,49,27,ACGCGACAGGGAGCTTTAGC,22,2466518
mhpRp1,0.8214285714285714,49,27,AAGGCTGCGCTAGTACGCAT,22,2476044
mhpRp1,0.35714285714285715,36,27,AACTGGTGGTACCACAAATA,9,2458217
mhpRp1,0.2222222222222222,31,26,TTTCCTACAACATATAATGA,5,2457320
mhpRp1,1.0740740740740742,54,26,TTGCCTCCAGCTCAATGCCC,28,2424404
mhpRp1,0.48148148148148145,38,26,TTGATCACAATGGACGCCTA,12,2432651
mhpRp1,2.2962962962962963,87,26,TTCGGCTAGAGGTGAAGTAT,61,2436791
mhpRp1,0.48148148148148145,38,26,TGCATTGGGGCATCATTTGA,12,2442856
mhpRp1,0.5555555555555556,40,26,TCCGTTACCCGATAGTCGTA,14,2476944
mhpRp1,0.5555555555555556,40,26,TAGATACGTCCTGGGTATTA,14,2446297
mhpRp1,0.9629629629629629,51,26,TAGAACGAACACACTTTTCG,25,2474552
mhpRp1,1.6666666666666667,70,26,TAAAGCACCTCAGCGGCCAT,44,2430781
mhpRp1,0.9259259259259259,50,26,GTGTCTCTCTACGGCTGAGT,24,2428198
mhpRp1,0.25925925925925924,32,26,GTGTCCAAGGCAAAAAGCCA,6,2448286
mhpRp1,1.6666666666666667,70,26,GTGACCAGGCAGGATAGTGA,44,2430140
mhpRp1,1.2962962962962963,60,26,GTAACCACTGGTGTGATTAC,34,2460860
mhpRp1,4.37037037037037,143,26,GGCATATTTCAGATAACAGG,117,2438990
mhpRp1,1.5185185185185186,66,26,GCATAGACGAGACCTCAGCT,40,2446082
mhpRp1,1.6296296296296295,69,26,GATGGGGTATTAACTTGGAG,43,2445029
mhpRp1,0.7777777777777778,46,26,CTGAAAGGGATGCTAGGATA,20,2458922
mhpRp1,1.1851851851851851,57,26,CTCCGAATGCGTCTAATTTG,31,2430672
mhpRp1,1.6296296296296295,69,26,CGTCAACGCAACTGAAAGCC,43,2425874
mhpRp1,3.1481481481481484,110,26,CGCGGTCTGCTTGCGACGGA,84,2465399
mhpRp1,1.2222222222222223,58,26,CCTGTAAACGGAATTGGTTT,32,2441987
mhpRp1,1.8148148148148149,74,26,CCTAGGGCAAATACTGTAGT,48,2438421
mhpRp1,0.7407407407407407,45,26,CCCGCTTCCTGCGTTCTAGA,19,2479310
mhpRp1,2.5925925925925926,95,26,CATTCGTTCCTGTGGAATTC,69,2445689
mhpRp1,2.4444444444444446,91,26,CAGCATTTAGGGTGAACCAC,65,2439666
mhpRp1,0.2222222222222222,31,26,CACCAGCTTGGGGGTCATTG,5,2429953
mhpRp1,0.48148148148148145,38,26,ATTGGAACCCTTTCGGCGCA,12,2455618
mhpRp1,2.888888888888889,103,26,ATGACTATATTGATAGCAAC,77,2436881
mhpRp1,2.2222222222222223,85,26,ACTGGCATCCATCGGTTCCA,59,2475272
mhpRp1,1.4814814814814814,65,26,ACGCGGAGACACTTTGCTTT,39,2430086
mhpRp1,6.888888888888889,211,26,ACCTTGGCCCTCTCGTCAGT,185,2444401
mhpRp1,1.2592592592592593,59,26,AAATGTTTCCCATTATCGAG,33,2434430
mhpRp1,0.15384615384615385,28,25,TTTCACGACATATAATGGAT,3,2449497
mhpRp1,4.0,128,25,TTGGTTCTCGACAATAGGTG,103,2428781
mhpRp1,0.11538461538461539,27,25,TTCGGATATCTCTGATGTAC,2,2438879
mhpRp1,2.8076923076923075,97,25,TGGGCATTGGGCCTAGGTGA,72,2445811
mhpRp1,2.923076923076923,100,25,TCTAGCGGTTATCTTAATCG,75,2425206
mhpRp1,1.6153846153846154,66,25,TCCGCACGAGACAGGGGCTA,41,2456626
mhpRp1,0.9615384615384616,49,25,TCCCCGGGGTGCATTTGATA,24,2431364
mhpRp1,0.5384615384615384,38,25,TCATGGAAGACCAATATCTA,13,2465407
mhpRp1,1.3461538461538463,59,25,TCATATACTTCTCATCCAAG,34,2438927
mhpRp1,2.3846153846153846,86,25,TCAGGCCTCTAACGGCCTAT,61,2474532
mhpRp1,0.07692307692307693,26,25,TCAGACGACTGGAATGGTGA,1,2446602
mhpRp1,0.07692307692307693,26,25,TCAACCCGAATCATTAAACT,1,2452782
mhpRp1,0.07692307692307693,26,25,GTTGCGCGGGGAAAGACGTG,1,2452132
mhpRp1,0.07692307692307693,26,25,GTTGCCCTTATACGAAAGTT,1,2433596
mhpRp1,0.8076923076923077,45,25,GGCTCGTATGACGCAAATAT,20,2436802
mhpRp1,0.34615384615384615,33,25,GGCCCTGCTCCTTTACATCG,8,2455347
mhpRp1,1.5769230769230769,65,25,GCTAACCTGATCTACCATTA,40,2469479
mhpRp1,0.9230769230769231,48,25,GCCTATAACGGCTAGTCCTC,23,2441866
mhpRp1,0.5769230769230769,39,25,GCCGGATCGTTAATAGGATA,14,2452134
mhpRp1,0.46153846153846156,36,25,GAGGGTCTGACTCAAACGCC,11,2477707
mhpRp1,1.4230769230769231,61,25,GAGAACCGCCTCGCAGTCCG,36,2466444
mhpRp1,1.8461538461538463,72,25,GACAGGAGCACGCGGCAGCA,47,2427013
mhpRp1,0.2692307692307692,31,25,CTTTATCTAATGGTTATGCA,6,2426181
mhpRp1,0.5384615384615384,38,25,CTTCCTGTCAGAAAGGGGCA,13,2450655
mhpRp1,3.8076923076923075,123,25,CTGGCTGGAACATGATGGAA,98,2439776
mhpRp1,1.4230769230769231,61,25,CTCAAATTCGTGCATTAATC,36,2430371
mhpRp1,1.1923076923076923,55,25,CTATATTGTCCGACTATTTG,30,2444481
mhpRp1,1.1923076923076923,55,25,CTAATCTGACGGAGAAGGAA,30,2461822
mhpRp1,0.8846153846153846,47,25,CGTTCCCCCGGCGTCTGACA,22,2448214
mhpRp1,0.07692307692307693,26,25,CCGTAGCCGGCATCGTCGTA,1,2431945
mhpRp1,0.9230769230769231,48,25,CCACAGCTAAGCCTACGGAT,23,2436108
mhpRp1,1.6923076923076923,68,25,CCAAAACCTAATTATGGACC,43,2462220
mhpRp1,1.4230769230769231,61,25,CATAGTTAAGCCAATGAAGT,36,2467429
mhpRp1,3.8461538461538463,124,25,ATGGCTCCGTGGGTTGGGTG,99,2426600
mhpRp1,1.5,63,25,ATGCGACTACGAACTGATTC,38,2434125
mhpRp1,1.6923076923076923,68,25,ATGAAGCATCGGTACGAATA,43,2428933
mhpRp1,0.6153846153846154,40,25,ATCCCAAGCGGCACAACTCA,15,2461737
mhpRp1,1.3846153846153846,60,25,AGTGGGCGTTTTAAAGCTAG,35,2479100
mhpRp1,0.5769230769230769,39,25,AGTGAGTACGTGCGGACAAC,14,2455701
mhpRp1,0.07692307692307693,26,25,AGCTTCTGCCCTCAGTAGGC,1,2465231
mhpRp1,1.5769230769230769,65,25,ACTAGGTCAAGCGGCTGTTT,40,2459585
mhpRp1,0.11538461538461539,27,25,ACGGTTCGGAATTTTCAGCC,2,2436435
mhpRp1,0.7307692307692307,43,25,AATGAACCGATATCTGAAGT,18,2442644
mhpRp1,3.6153846153846154,118,25,AAAACATTTGCGCGTTTCCC,93,2461579
mhpRp1,1.84,69,24,TTGGGGATTTAATTCAGAAA,45,2426079
mhpRp1,1.28,55,24,TTGACTCGCTTTAGGAGCGT,31,2447938
mhpRp1,1.44,59,24,TTATCGTGTTGCGTCTCCAA,35,2455523
mhpRp1,0.08,25,24,TGGTGGCGTTCATATATAAA,1,2449309
mhpRp1,0.48,35,24,TGCTTATTAGACTGAATTAT,11,2437632
mhpRp1,0.08,25,24,TCTCGCCACTGGATGAAGTA,1,2441685
mhpRp1,0.24,29,24,TATCGGATACCGCGACAACT,5,2424522
mhpRp1,3.76,117,24,TATCATTAGCTGAAGGCTCA,93,2477744
mhpRp1,1.04,49,24,TAGCATCATGCTGCTCCGGA,25,2462046
mhpRp1,0.48,35,24,TACCTGACTCGGCGGTAAAT,11,2445900
mhpRp1,0.52,36,24,GTTATGCTCCACATAGGTTT,12,2427329
mhpRp1,0.52,36,24,GTCTATTCTAACTCCTCCAG,12,2450619
mhpRp1,2.16,77,24,GTACGGTCCGCCAACTAAGG,53,2424047
mhpRp1,1.8,68,24,GGATATCTTCTTAAGATGGT,44,2425977
mhpRp1,0.68,40,24,GCTGGCGGGTGATTTCATGC,16,2466010
mhpRp1,1.68,65,24,GCTAGGGCATGTCTTGGAAT,41,2428176
mhpRp1,0.96,47,24,GCCCAGAGTGTAATGAGAGA,23,2458807
mhpRp1,0.12,26,24,GCCATGCACTTTGTATGGAC,2,2443935
mhpRp1,1.12,51,24,GCATCGTAGTACCTTGTTTC,27,2450034
mhpRp1,0.2,28,24,GATTCCCGTTAGGGGCAACT,4,2465555
mhpRp1,1.6,63,24,GATCAACCGGATGGATCGGG,39,2425497
mhpRp1,3.12,101,24,GAGGGGCTGTGGAAACTCAC,77,2443448
mhpRp1,0.56,37,24,GAGATATCCTGCCGTCCTAT,13,2456437
mhpRp1,1.72,66,24,CTAATTCCGTATGGTCGGCA,42,2458814
mhpRp1,0.12,26,24,CGTGGAGGTAACGGGGTCAT,2,2425946
mhpRp1,0.28,30,24,CGTGCTCTGACAGAGAGTAA,6,2455309
mhpRp1,1.52,61,24,CGGCGCCCGTTCCGGTCGGT,37,2445583
mhpRp1,1.76,67,24,CCTTTCCTGCGAGGGGATTT,43,2468760
mhpRp1,0.52,36,24,CCTCGCCCGCTATAAGCCAA,12,2438898
mhpRp1,1.16,52,24,CCGAGAACGTTCTGACTCTC,28,2453845
mhpRp1,1.88,70,24,CCCAAAGAACTGACCTCACT,46,2453713
mhpRp1,1.28,55,24,CAGCTAGTTTAGCAGTGTAT,31,2438509
mhpRp1,1.52,61,24,ATACACGACGTTGACCACAA,37,2460464
mhpRp1,0.48,35,24,ATAATTCGGACCCTAAACAT,11,2456759
mhpRp1,0.56,37,24,AGTAGACATCGTCCAGGGCG,13,2452961
mhpRp1,0.76,42,24,AGCACAACCGCAGTAGGCAG,18,2424774
mhpRp1,1.84,69,24,AGATAAGTCCGAGTCACCGT,45,2461066
mhpRp1,2.24,79,24,ACTGGCCCAAGATCCCGCAT,55,2427475
mhpRp1,2.48,85,24,ACTCTCTGAATACGGGAGAT,61,2464291
mhpRp1,3.12,101,24,ACTCTAGAACCAGTCCAGAA,77,2456750
mhpRp1,5.04,149,24,ACGTCTATAGCTTATGGACT,125,2453645
mhpRp1,1.16,52,24,ACCGTACCCTTGGCACTTCT,28,2441236
mhpRp1,0.24,29,24,ACATCTAGGCTCACGGGTTT,5,2438647
mhpRp1,1.52,61,24,AAGTGTTCTTTGTTGACATG,37,2431405
mhpRp1,1.16,52,24,AAGGCGCGGCATACTAGCGA,28,2427190
mhpRp1,0.72,41,24,AAGCTGGAGCATGGGTTAAG,17,2427388
mhpRp1,0.8,43,24,AAGCCCGGTGGGTCCACATT,19,2461023
mhpRp1,0.5416666666666666,35,23,TTAGAGGACGGTTGGGATGT,12,2469886
mhpRp1,2.2083333333333335,75,23,TGGTAGGTGGGCCTCATAGA,52,2453209
mhpRp1,1.3333333333333333,54,23,TCGCAGTTATGCTATTGTTT,31,2442461
mhpRp1,2.5,82,23,TCCCGACTTATTTGGAAGTT,59,2458072
mhpRp1,0.20833333333333334,27,23,TCCATGTTTTAGGGAAAGAT,4,2436140
mhpRp1,0.3333333333333333,30,23,TCATGCGCTGTATGTCTACA,7,2444197
mhpRp1,0.3333333333333333,30,23,TATTCTCGTCTCACCCCTAC,7,2462583
mhpRp1,1.5,58,23,GTGCGTGTCCTGGGTTTTTC,35,2441026
mhpRp1,3.0416666666666665,95,23,GTATCCTAACGATTTACGTT,72,2427227
mhpRp1,0.4166666666666667,32,23,GTAGGTAGGCGGCTATCCAG,9,2463983
mhpRp1,0.3333333333333333,30,23,GTAATATTTATGTTTCGCGA,7,2444462
mhpRp1,0.5416666666666666,35,23,GCATAGAGTTTGAGCACGAA,12,2470563
mhpRp1,0.7083333333333334,39,23,GATGCACCAGAGGGGATGTT,16,2457013
mhpRp1,1.7083333333333333,63,23,GATGACGTCCGCGTGAGCAG,40,2463968
mhpRp1,0.75,40,23,GAGCGTTCACGCAGGGATTC,17,2428580
mhpRp1,0.375,31,23,GACTGAAAACCGCGCCAGGC,8,2446648
mhpRp1,0.25,28,23,GAATACATCAGGAGGGTATC,5,2472234
mhpRp1,0.08333333333333333,24,23,GAACGCATAACGCTATCGGA,1,2459987
mhpRp1,0.7083333333333334,39,23,CTGACTCCTGGAGGTTCTTA,16,2470300
mhpRp1,1.125,49,23,CGCCATGACATCAATAAGGC,26,2466888
mhpRp1,0.08333333333333333,24,23,CCATTCTAAGTATCTGTAGT,1,2430920
mhpRp1,0.3333333333333333,30,23,CCATATAAAAGTTACTCGAC,7,2448507
mhpRp1,1.0833333333333333,48,23,CCAGCACAGAAGGGGCATGT,25,2463089
mhpRp1,0.9583333333333334,45,23,CCAGACCCAGCTAGCGCCTG,22,2426039
mhpRp1,0.8333333333333334,42,23,CAGATAGCCAAATACAATAA,19,2447652
mhpRp1,1.5,58,23,CACTCTACAGTGGACTGCTG,35,2445259
mhpRp1,0.08333333333333333,24,23,CACGTATGTTCCAGACCGTA,1,2427600
mhpRp1,2.3333333333333335,78,23,ATTGGTGCGAGGGTGTAATA,55,2450212
mhpRp1,2.75,88,23,ATCCGCGTTGTCTCGAGTGC,65,2467271
mhpRp1,0.4583333333333333,33,23,ATATGTTCGCGTGTTTGGAA,10,2458722
mhpRp1,0.25,28,23,AGGTGCTTGCACACCCTCAT,5,2429859
mhpRp1,0.7916666666666666,41,23,AGGGGGGGACTGGATAGAAG,18,2429247
mhpRp1,1.4166666666666667,56,23,AGCTTTCCAATATTAGCCCT,33,2454143
mhpRp1,1.4583333333333333,57,23,AGAGTTAAGCCCCTTCGTAC,34,2477435
mhpRp1,1.0,46,23,ACGCGTACGAGCTTAAAAGA,23,2455113
mhpRp1,1.0416666666666667,47,23,ACCGGAGCATTCAATTCTTT,24,2434798
mhpRp1,0.375,31,23,AATCGCACCAATGGCGCGGA,8,2431247
mhpRp1,0.08333333333333333,24,23,AATATAGTATCAGCCGTATT,1,2450872
mhpRp1,1.5416666666666667,59,23,AAGGAAGCTGGCGTGACTGT,36,2470385
mhpRp1,1.7083333333333333,63,23,AAGAGTTCGGTGAGGGGAAA,40,2443160
mhpRp1,4.130434782608695,116,22,TTTTTGTATTCACTACTGCT,94,2434000
mhpRp1,0.8695652173913043,41,22,TTAGTTACTGCACCTAGAAC,19,2434549
mhpRp1,0.13043478260869565,24,22,TTAGCAAATCAGGTTGACAT,2,2477756
mhpRp1,1.6521739130434783,59,22,TGGGTAGCTTTGTCCGCGAG,37,2465490
mhpRp1,0.08695652173913043,23,22,TGCTCACTTTTATGATCGGG,1,2435885
mhpRp1,1.826086956521739,63,22,TGCAACCTCGTATATCGCTT,41,2453809
mhpRp1,1.3043478260869565,51,22,TCTACTTAGGAACTCTGTCT,29,2429434
mhpRp1,0.782608695652174,39,22,TCAGCACAGCGGCACTAGGA,17,2430645
mhpRp1,2.9130434782608696,88,22,TCAACATACCCTACGGTTAA,66,2424279
mhpRp1,0.43478260869565216,31,22,TACATTGGGGTTATGGATGG,9,2458991
mhpRp1,2.391304347826087,76,22,GTATATCAAGGGACGGAATG,54,2429390
mhpRp1,1.9565217391304348,66,22,GTAGACTTCTCTGTGTGGTA,44,2439478
mhpRp1,0.30434782608695654,28,22,GGTCATAGCAGTGCAAAGAT,6,2464944
mhpRp1,1.608695652173913,58,22,GGGTGAGCAAATTTCGTCTT,36,2448396
mhpRp1,0.08695652173913043,23,22,GGCTCCACAATTTGGCCGTA,1,2427443
mhpRp1,4.043478260869565,114,22,GCGTTCCGGAGGAGATGCGG,92,2450909
mhpRp1,0.6956521739130435,37,22,GCGTCAGAGACTTTCCGATA,15,2474627
mhpRp1,1.2608695652173914,50,22,GCGGTGTTAAGTCGGTAGGA,28,2476920
mhpRp1,2.9130434782608696,88,22,GCATGACAATGCGAGGAGAG,66,2469945
mhpRp1,0.34782608695652173,29,22,GCAGACCCCCATGAATGGGA,7,2447909
mhpRp1,0.08695652173913043,23,22,GCACTCCAAAAAGCCTGACA,1,2464440
mhpRp1,1.5217391304347827,56,22,GAGGGTCCAAGTTCGTCGCG,34,2449852
mhpRp1,1.391304347826087,53,22,GAAAGAAAGTGGTCGAACAA,31,2477402
mhpRp1,3.8260869565217392,109,22,CTTGGAAATACGAGCAACTT,87,2440161
mhpRp1,2.217391304347826,72,22,CTGTGGTGACGGTCCGCGAA,50,2449211
mhpRp1,0.34782608695652173,29,22,CGTGTTTTCATTCGTTTACT,7,2432969
mhpRp1,1.434782608695652,54,22,CGTATCGATCAGAATTCGTA,32,2464903
mhpRp1,0.21739130434782608,26,22,CGGGTGTATAGATACAGCGC,4,2467177
mhpRp1,0.9565217391304348,43,22,CGGAAAAGGGCAATTCGGTC,21,2441294
mhpRp1,0.782608695652174,39,22,CGCCTCTAGGTGCTCCCTTA,17,2427330
mhpRp1,0.9565217391304348,43,22,CGAGGTCGCAATGACCGGAA,21,2473671
mhpRp1,0.6521739130434783,36,22,CCGAATTTCGGCGGTGTAGA,14,2476340
mhpRp1,0.391304347826087,30,22,CAGTAACTATAGTGGCGAAG,8,2428234
mhpRp1,1.0434782608695652,45,22,CAGGCTTACTTGAGCGAGTT,23,2436283
mhpRp1,2.739130434782609,84,22,CAAGGAGGTAACGTGAACTT,62,2463261
mhpRp1,0.17391304347826086,25,22,ATTTTGTCTGTAATGTCCAC,3,2423965
mhpRp1,1.7391304347826086,61,22,ATTCAACGTACGATCCGGCA,39,2442458
mhpRp1,7.391304347826087,191,22,ATCTAACCTCGACACCATTG,169,2446548
mhpRp1,2.9565217391304346,89,22,AGTGCGTAAGGGTAAACAAA,67,2439693
mhpRp1,1.3478260869565217,52,22,AGTACTTACATAGTTGCAGG,30,2453445
mhpRp1,1.0869565217391304,46,22,AGAGCTCAGCGACCCTTAGC,24,2451065
mhpRp1,2.0434782608695654,68,22,AGAACCATTGCCTGGTATAA,46,2463519
mhpRp1,0.6521739130434783,36,22,ACTGGCGTAGCGAGATGGTG,14,2442812
mhpRp1,0.34782608695652173,29,22,ACTGCGACCGCCCGACCTAA,7,2446233
mhpRp1,2.0,67,22,ACTCGGCCACGGTATAAGTA,45,2431313
mhpRp1,2.0,67,22,ACGTGGTCTGACGGTTGCTT,45,2465026
mhpRp1,0.17391304347826086,25,22,ACGAGTGTCTTGAATAATCT,3,2475703
mhpRp1,0.7391304347826086,38,22,ACCAGCGGGGTATAGGGGAC,16,2462250
mhpRp1,0.08695652173913043,23,22,AAATTAGTCTGAGATCAAAG,1,2466628
mhpRp1,2.8260869565217392,86,22,AAACTACCATACATCACGTT,64,2435980
mhpRp1,2.727272727272727,80,21,TTTGTCATGTCCTTGTGACA,59,2440163
mhpRp1,1.3181818181818181,49,21,TTTGGCTGGTCTAGTAGCTT,28,2460051
mhpRp1,2.4545454545454546,74,21,TGTCCGCTGGGATGTCGTGG,53,2451064
mhpRp1,0.18181818181818182,24,21,TGTAGCTCGGTACGTCTCCA,3,2475581
mhpRp1,0.7272727272727273,36,21,TGGTTGATGAAGCTGTAACC,15,2449314
mhpRp1,1.6363636363636365,56,21,TGCAGCGGTCAGAGATGGAT,35,2453672
mhpRp1,2.6363636363636362,78,21,TGATTTTGCTACGGCCCGCT,57,2432608
mhpRp1,0.18181818181818182,24,21,TGATGCAGCAGCAGAGGCCA,3,2462478
mhpRp1,4.863636363636363,127,21,TGAGACAGAATCGGAAGCAG,106,2446186
mhpRp1,1.7727272727272727,59,21,TGACGACATCGGTATCCGAG,38,2461288
mhpRp1,0.13636363636363635,23,21,TCTCTCAGCTTAGAAGCCTG,2,2427697
mhpRp1,5.545454545454546,142,21,TCGGTTCGGCCTCGCACTCG,121,2441190
mhpRp1,0.45454545454545453,30,21,TCGGATCAGAGCCTTTTGAT,9,2426823
mhpRp1,0.6818181818181818,35,21,TCCGCTCCCACAAGCGCATC,14,2464038
mhpRp1,1.7272727272727273,58,21,TCCGAAGGCTTAGAACTCTG,37,2470341
mhpRp1,0.09090909090909091,22,21,TCCCATCACTAACGGCCAAC,1,2468200
mhpRp1,0.13636363636363635,23,21,TCAGGTTTGAGATTTCATCA,2,2448429
mhpRp1,4.090909090909091,110,21,TCAACTTTGCTTTGTAAAAA,89,2430239
mhpRp1,0.7272727272727273,36,21,TATATGGCATTCCGTTTGTT,15,2429025
mhpRp1,0.45454545454545453,30,21,TACTGCTCCAGCGTATTGGG,9,2456967
mhpRp1,1.9545454545454546,63,21,TAACGCGCACGTTACGCACC,42,2428312
mhpRp1,1.5454545454545454,54,21,GTTTAACTCTCCCGGAAGTT,33,2424032
mhpRp1,0.7727272727272727,37,21,GTGTCAGATGCCTTACGACA,16,2445061
mhpRp1,0.22727272727272727,25,21,GTCGTTCAGGCTGTCGAGGA,4,2426083
mhpRp1,1.5909090909090908,55,21,GTCAATGTATATATGTTCCT,34,2470931
mhpRp1,0.6818181818181818,35,21,GTCAAGGTGACCGTTATAGG,14,2433853
mhpRp1,0.2727272727272727,26,21,GTATGTTTGCCGGTCCATCG,5,2466927
mhpRp1,1.6818181818181819,57,21,GGGCTAATTTGACTCCCATT,36,2445367
mhpRp1,3.272727272727273,92,21,GGGATCATGGGCATCTAGTG,71,2440617
mhpRp1,2.227272727272727,69,21,GGGACAGTCCACTCCCTTGT,48,2435200
mhpRp1,2.909090909090909,84,21,GGCGATCGGTGCGAATATTC,63,2458730
mhpRp1,1.3636363636363635,50,21,GGAATGAAGCTCTGCGCTTT,29,2437408
mhpRp1,0.9545454545454546,41,21,GCTTCCACGCGTGAGGGGTG,20,2428044
mhpRp1,1.0909090909090908,44,21,GCTCGGCTACAGGTAAGTCC,23,2445628
mhpRp1,1.8636363636363635,61,21,GCGTGTGATTCCTCACCCAA,40,2444059
mhpRp1,0.18181818181818182,24,21,GCGAAAATATACAGCTGGGA,3,2462989
mhpRp1,2.5,75,21,GCAGCGGCTCATTTATACGT,54,2431404
mhpRp1,0.9545454545454546,41,21,GATGGTTTGCTGCAAGGAGT,20,2424847
mhpRp1,13.363636363636363,314,21,GAGGGCTTCGGCTCAGACTC,293,2438992
mhpRp1,3.1818181818181817,90,21,GACCAGATAGCCCTGCCCAA,69,2478388
mhpRp1,1.4545454545454546,52,21,GAATAAAACTATGCGCGGCG,31,2431643
mhpRp1,0.09090909090909091,22,21,CTTAGATACCTTATTGAATC,1,2478278
mhpRp1,1.5,53,21,CTGTCAATCGATGGGAAATT,32,2446058
mhpRp1,1.2727272727272727,48,21,CTGGTTGCCCGGGTACTGGC,27,2476632
mhpRp1,1.2727272727272727,48,21,CTGGCTCGCTGTGGTTATGA,27,2442747
mhpRp1,1.2727272727272727,48,21,CTGCGACGGCCGGACCTGGT,27,2468261
mhpRp1,1.9090909090909092,62,21,CTCCTCCACGAACGTGTGAT,41,2444921
mhpRp1,0.09090909090909091,22,21,CTACTAGCAGAATCAAGCGA,1,2454267
mhpRp1,1.4545454545454546,52,21,CTACATGTAATCAATACCAG,31,2425891
mhpRp1,0.6818181818181818,35,21,CTAAATGCTCCGACTGCAGA,14,2431964
mhpRp1,0.13636363636363635,23,21,CGTCGGTACTCAGGTTTTGG,2,2443088
mhpRp1,1.0,42,21,CGTAAGACTCTCATCGTGAG,21,2429433
mhpRp1,1.7727272727272727,59,21,CGCCAAAACTATTAGCGCTT,38,2432042
mhpRp1,0.09090909090909091,22,21,CGATCAATGGGCCACACTCC,1,2452098
mhpRp1,1.5909090909090908,55,21,CGAAATACAACATCCGCATT,34,2452209
mhpRp1,0.9090909090909091,40,21,CCTGTGCTCACTAAATATGA,19,2433877
mhpRp1,4.045454545454546,109,21,CCCGGAAGGAGGTCTTGGGC,88,2443932
mhpRp1,0.3181818181818182,27,21,CCACCTCCGATGGGCTGTAC,6,2478675
mhpRp1,0.36363636363636365,28,21,CACTTGGTAATGTAACGGAA,7,2461480
mhpRp1,0.09090909090909091,22,21,CACCATTCACGTAACATATT,1,2427461
mhpRp1,2.0454545454545454,65,21,CAAGTCCGGACAAGGCTAAG,44,2441825
mhpRp1,2.227272727272727,69,21,ATGTTTAGCATATCGCCCGT,48,2477802
mhpRp1,1.6818181818181819,57,21,ATCAGATCTTCGTACCCTAT,36,2426558
mhpRp1,2.409090909090909,73,21,ATAGACATCCTCCAGTCATT,52,2443145
mhpRp1,0.3181818181818182,27,21,ATAGAACCAACTTTGTCCTA,6,2471030
mhpRp1,0.3181818181818182,27,21,AGTTCGGGGGCGTATTCTTA,6,2432392
mhpRp1,0.6818181818181818,35,21,AGTGAGTTATAGTAAACCGT,14,2465682
mhpRp1,1.2272727272727273,47,21,AGGATGCAACCAGCTAGGAT,26,2437895
mhpRp1,1.5909090909090908,55,21,AGCGCTAAGTGCAAGACTCG,34,2454029
mhpRp1,0.3181818181818182,27,21,AGATAGGCGGAGTACTACGT,6,2465230
mhpRp1,2.1363636363636362,67,21,AGAGCAGCTTAGGTGAGTGT,46,2445843
mhpRp1,1.5454545454545454,54,21,ACGAAACAAATGCAGAAGGC,33,2424372
mhpRp1,2.6818181818181817,79,21,ACATTAGCTCCACCGATAAT,58,2448713
mhpRp1,0.8181818181818182,38,21,ACATGTGTCTAGGATCCTGA,17,2437112
mhpRp1,0.5454545454545454,32,21,AACTCATCGCGCTGGTCCGA,11,2456019
mhpRp1,0.09090909090909091,22,21,AAATTGACAAAGATATAATA,1,2467507
mhpRp1,0.09090909090909091,22,21,AAAGAAATGCTCAGCACATC,1,2454568
mhpRp1,0.09523809523809523,21,20,TTTTCGACACGAAGGTCCAG,1,2470751
mhpRp1,0.09523809523809523,21,20,TTTACGATCTAAATTATCAG,1,2458637
mhpRp1,1.5714285714285714,52,20,TTGCCAAACATGAACAAGAG,32,2425588
mhpRp1,0.7619047619047619,35,20,TTGATAACGTCAAACATTAT,15,2473269
mhpRp1,1.4761904761904763,50,20,TTCTTTCTGAGTGGAAGTCA,30,2469156
mhpRp1,0.5714285714285714,31,20,TTCAGTCAGACCAGATTGTG,11,2436194
mhpRp1,0.09523809523809523,21,20,TTACACAAACGATTAGTCAC,1,2454628
mhpRp1,1.8095238095238095,57,20,TGTATGGGTAGGAGACCTTT,37,2436390
mhpRp1,1.2380952380952381,45,20,TGGTACGTGCAGATCCAACC,25,2450371
mhpRp1,0.09523809523809523,21,20,TGACGGGAGGACGATTCAGT,1,2426301
mhpRp1,2.1904761904761907,65,20,TCGGAATAGATCACATCTGG,45,2431284
mhpRp1,0.09523809523809523,21,20,TCGCTTGGCCTCACCATATG,1,2436178
mhpRp1,0.2857142857142857,25,20,TCCTTAATAACCATTTTTGC,5,2476479
mhpRp1,3.0,82,20,TCCTATAGTTGGCAAGGCGT,62,2442263
mhpRp1,3.8095238095238093,99,20,TCATTAAATGTGCGAGCGTA,79,2446732
mhpRp1,1.4285714285714286,49,20,TCAGTGAGCAAGATAGGCGA,29,2428128
mhpRp1,1.2857142857142858,46,20,TATCGATCCACCGGGCTGAT,26,2443727
mhpRp1,0.09523809523809523,21,20,TATAGTGACAAGTTATGGCG,1,2433406
mhpRp1,2.9523809523809526,81,20,TAGCCAATGAGCTATCGAAC,61,2431127
mhpRp1,1.1904761904761905,44,20,TAAGCCCGAAAAGACCCTGT,24,2477864
mhpRp1,0.47619047619047616,29,20,TAAGACATTGTTATTTGTTG,9,2475600
mhpRp1,0.9523809523809523,39,20,TAACGACATTGGTATGACAA,19,2438242
mhpRp1,0.5238095238095238,30,20,GTTCGCTTGGTTTCTGCCAA,10,2473229
mhpRp1,1.7619047619047619,56,20,GTTAATCTGCATAAATAAAA,36,2455270
mhpRp1,0.09523809523809523,21,20,GTGACAGAGCACGACCTTTA,1,2456942
mhpRp1,2.9047619047619047,80,20,GTCCGTACTTCAACTTCGCC,60,2424120
mhpRp1,2.380952380952381,69,20,GTCACTCTAATTGATTTAAA,49,2474849
mhpRp1,1.5238095238095237,51,20,GTAAAAGACCGTTTTTCACG,31,2441394
mhpRp1,1.619047619047619,53,20,GGTTTTCTGAGCGTAGAATG,33,2460467
mhpRp1,1.3333333333333333,47,20,GGTTATGTCTAGTAGGGTAT,27,2468813
mhpRp1,4.095238095238095,105,20,GCCATAGGGGAGGCCCTATC,85,2439997
mhpRp1,0.5714285714285714,31,20,GCAGAGGACTAAGGACGTTT,11,2440300
mhpRp1,1.3333333333333333,47,20,GCAATTTCACGAAAATCTTG,27,2434862
mhpRp1,1.6666666666666667,54,20,GATTTAAGAGTTTGGTATAA,34,2454418
mhpRp1,1.380952380952381,48,20,GATGTAAGCTTGGGTTGCGA,28,2440814
mhpRp1,0.2857142857142857,25,20,GAGGCACTGTGGCGGCAATT,5,2452865
mhpRp1,0.9523809523809523,39,20,GAACCAGCATATGTCTACCA,19,2446776
mhpRp1,1.8095238095238095,57,20,CTTTCGTCGCCCGGAGATCT,37,2451107
mhpRp1,0.14285714285714285,22,20,CTTGTTGCGATCGCGTATCA,2,2441164
mhpRp1,1.4761904761904763,50,20,CTTGCAGTGGCTACACGGGG,30,2427153
mhpRp1,1.9523809523809523,60,20,CGTATCTAGGGTTGGGTCGA,40,2457930
mhpRp1,2.3333333333333335,68,20,CGAGCGCTGTTGTGTGAGCA,48,2443678
mhpRp1,0.5238095238095238,30,20,CGACGAACCCGTGAGTGGAG,10,2448913
mhpRp1,1.2857142857142858,46,20,CGAAGCAAACCAGGTGCGCA,26,2449832
mhpRp1,2.238095238095238,66,20,CCTTTACCCGGCTGGGAGCG,46,2476925
mhpRp1,1.7142857142857142,55,20,CCGGTAATAACGTATTCTCT,35,2434473
mhpRp1,2.857142857142857,79,20,CCGAAGCGGCCACGTGGCTT,59,2453299
mhpRp1,0.9523809523809523,39,20,CAGTAACGAGCGAACTATCC,19,2451031
mhpRp1,1.8571428571428572,58,20,CAGCAACGAGTCTACATCGG,38,2447620
mhpRp1,0.3333333333333333,26,20,CAGAACACCTTCGCGGATTT,6,2473472
mhpRp1,2.2857142857142856,67,20,CACAAACCGGCGTATGTGTA,47,2442837
mhpRp1,1.4285714285714286,49,20,ATTCAAGTGTATGGAAAGGA,29,2424518
mhpRp1,2.0952380952380953,63,20,ATGGGTAAAAGGATTACCCA,43,2475252
mhpRp1,2.1904761904761907,65,20,ATATACCGACTTGATATTAC,45,2448319
mhpRp1,2.142857142857143,64,20,ATAAGCAGGGGTCGCAACCT,44,2432355
mhpRp1,2.0,61,20,ATAACGAGGTCGGGATCCCC,41,2437428
mhpRp1,0.19047619047619047,23,20,AGGTGACCGAGCCGCTCTAT,3,2436641
mhpRp1,0.09523809523809523,21,20,AGCTTAATATGATGAGGGGA,1,2432870
mhpRp1,0.6666666666666666,33,20,AGATTACGACTTCCTGCAAT,13,2470133
mhpRp1,0.8095238095238095,36,20,ACTTTTCCGGGGCTGCGCTT,16,2440284
mhpRp1,0.14285714285714285,22,20,ACTGGATACGCCCTCGGTAC,2,2476914
mhpRp1,6.142857142857143,148,20,ACTAGGTAGGCTGAAGCGGT,128,2477142
mhpRp1,1.1904761904761905,44,20,ACGCGATGGGCAAGGCCAGC,24,2449765
mhpRp1,4.761904761904762,119,20,ACGAGTTCCCGAAGAAGGTA,99,2435123
mhpRp1,1.1904761904761905,44,20,ACATGGTAGCCGCTCTGTAA,24,2443902
mhpRp1,2.142857142857143,64,20,ACACTTGATTCCTAGACTTG,44,2439968
mhpRp1,3.0952380952380953,84,20,AAGGCACAACAACCCGGGAA,64,2438232
mhpRp1,1.6,50,19,TTTTGAGTTCGCGGTCCCCA,31,2431171
mhpRp1,7.05,159,19,TTTCTTGCATACTATCGACT,140,2456306
mhpRp1,3.0,78,19,TTGGCACAAATGTTTGGGAA,59,2470639
mhpRp1,1.4,46,19,TTCCCTAAATGGCATACGGG,27,2425077
mhpRp1,0.55,29,19,TTAAATTGTCCTCCATTGCT,10,2443352
mhpRp1,2.65,71,19,TGTTCAAAACGCGAGGCGAA,52,2433301
mhpRp1,0.15,21,19,TGCTCGAGAGCCAGTTGAAG,2,2448541
mhpRp1,2.05,59,19,TGCGGAGCCGGTCGGCTTCT,40,2452953
mhpRp1,2.0,58,19,TGCGATGGGGTTCCTATATC,39,2433240
mhpRp1,0.1,20,19,TGACGCCGTCGGTTCGTATA,1,2477407
mhpRp1,0.55,29,19,TGACGACTGAGTGTCACATT,10,2424775
mhpRp1,4.2,102,19,TCTTGGAAGGACCCTCGTTA,83,2452794
mhpRp1,0.9,36,19,TCGATATCAGACTGCGGACG,17,2428433
mhpRp1,0.9,36,19,TATTAGGTGGTTCGGTTCTC,17,2424645
mhpRp1,1.95,57,19,TAACAAACCACACGTATTCT,38,2445406
mhpRp1,1.7,52,19,GTTGTAAACTGCTAAGTGGT,33,2456659
mhpRp1,4.55,109,19,GTGTTCCATGACAATCGGAT,90,2450000
mhpRp1,0.1,20,19,GGTGTGGGACTAAAAGCTTG,1,2467770
mhpRp1,1.05,39,19,GGTGACCCCCCCTGACCGGC,20,2436589
mhpRp1,1.75,53,19,GGGCGATGGTCCGCGCTGTG,34,2439244
mhpRp1,1.15,41,19,GGGATGGTTGGAGCCTCAAA,22,2442745
mhpRp1,1.05,39,19,GGGAATATCGTCCCGCTACT,20,2473654
mhpRp1,0.65,31,19,GGACCGCACTGGACCTTATG,12,2477603
mhpRp1,0.6,30,19,GCGACCGACGAATGGAAAGC,11,2470334
mhpRp1,0.15,21,19,GCCATGGTTTGGCATTTGTA,2,2439422
mhpRp1,1.1,40,19,GATGGTGGCATCGGGGCCAA,21,2471435
mhpRp1,0.2,22,19,GAGGTAGCGGAGGCCAACTA,3,2466762
mhpRp1,1.8,54,19,GAGCAAATGCTGAGGTTCCA,35,2428693
mhpRp1,1.4,46,19,GAACTCCAAAGGGGATCAGT,27,2456267
mhpRp1,0.2,22,19,GAACGACTACGCTGCTAAAG,3,2442691
mhpRp1,1.2,42,19,GAACAACTAACAAGAGCTAG,23,2479104
mhpRp1,1.9,56,19,CTTTCTTAGGCGGATAACGA,37,2472723
mhpRp1,0.65,31,19,CTTTACTCCCGTAGACACTC,12,2456788
mhpRp1,0.65,31,19,CTTCGCGTCCAAATCGCACT,12,2477666
mhpRp1,1.85,55,19,CTTATCTACTTTTCCCGGTA,36,2466151
mhpRp1,1.8,54,19,CTGGGATGGATAGCAGCAGT,35,2434283
mhpRp1,1.25,43,19,CTAGGGCGTGGGTCAACTAA,24,2435197
mhpRp1,1.65,51,19,CTAACTGGATGCCTCCGGCC,32,2461290
mhpRp1,2.0,58,19,CGGGTCAGATCTGCTCAGAG,39,2460918
mhpRp1,2.05,59,19,CGCCTCCTTCTCCACCCACT,40,2457064
mhpRp1,1.3,44,19,CCTTGCTTGCGTTTCATAGA,25,2472085
mhpRp1,1.4,46,19,CCTCGAGGCGGGAGGAGGTA,27,2437785
mhpRp1,0.1,20,19,CCGGTTACAATCCGGGAGGT,1,2439918
mhpRp1,1.15,41,19,CCATGATGGGCTGTGACGAT,22,2432831
mhpRp1,0.8,34,19,CCATATGACTTTGGCAATGT,15,2464693
mhpRp1,1.5,48,19,CATGTAATGCATGGCCGCGT,29,2424696
mhpRp1,4.7,112,19,CATGATGTGAAGCATAAGCA,93,2468625
mhpRp1,3.85,95,19,CATCCACCACGGGTTCATCT,76,2442294
mhpRp1,1.75,53,19,CAGGGCGGGTCCGCTTCAAT,34,2428503
mhpRp1,0.3,24,19,CAGATGTGCTCACTTTGAGG,5,2428548
mhpRp1,1.4,46,19,CAAGTGAAACTCTGACTCCT,27,2441249
mhpRp1,0.6,30,19,CAACTACCGGGGAAATATAG,11,2459288
mhpRp1,0.1,20,19,CAAAAAGGGTCACAGCGGAA,1,2433733
mhpRp1,0.1,20,19,ATTCAACCGATTGAGGTAGG,1,2479433
mhpRp1,0.85,35,19,ATGGGCATGAGAGCAGCATG,16,2466886
mhpRp1,5.35,125,19,ATCTGGAGTTAGGGATCATC,106,2446136
mhpRp1,1.45,47,19,ATCCGATTTTTAGATTCCGT,28,2430798
mhpRp1,0.95,37,19,ATCAGGGGCCCTGGGAGAAT,18,2465768
mhpRp1,0.8,34,19,ATCAGCTGAAGGCCTTAGTG,15,2439489
mhpRp1,0.3,24,19,AGCAATAGGTGTAGTTCGGA,5,2426312
mhpRp1,0.25,23,19,ACTGGGCCGGGAAGTCTTTG,4,2451293
mhpRp1,2.9,76,19,ACTGCGATAGAACGGCCGAG,57,2467025
mhpRp1,1.75,53,19,ACGACGCCTCCTCACCCCAA,34,2437756
mhpRp1,0.5,28,19,ACGAACAGTGATCTATCCAT,9,2470577
mhpRp1,1.9,56,19,ACCGGTAAGCCAACCGTAAA,37,2450328
mhpRp1,2.45,67,19,ACCAGGTACGTCTTGAGTTT,48,2463589
mhpRp1,0.6,30,19,ACACATTCAGTGACTTAAAG,11,2442203
mhpRp1,1.2,42,19,AATCTATCACAAGCCGGACA,23,2474252
mhpRp1,0.1,20,19,AAGGGAGCTTAGTATTCATC,1,2462609
mhpRp1,4.684210526315789,106,18,TTTGGTTAATTTGCCGTAGA,88,2438989
mhpRp1,0.631578947368421,29,18,TTTATTCCGCATATCAAGAA,11,2466382
mhpRp1,0.3684210526315789,24,18,TTTACTCCTATCTGTCAGCA,6,2447585
mhpRp1,2.0526315789473686,56,18,TTGCTCCTAGCAATTGAAGA,38,2466184
mhpRp1,3.1052631578947367,76,18,TTCAGCCTAACCCGGACTGT,58,2432336
mhpRp1,0.7368421052631579,31,18,TTATTACGCGAGTTTCTCAT,13,2430063
mhpRp1,0.47368421052631576,26,18,TTATGCGGCATCTGAGATAG,8,2459085
mhpRp1,7.2105263157894735,154,18,TGGTGATATCAAACAGACCT,136,2442579
mhpRp1,1.6842105263157894,49,18,TGGGTGGCGAAACCATGCTT,31,2446428
mhpRp1,0.3684210526315789,24,18,TGCGCATAGATCCCCAAAAC,6,2460011
mhpRp1,4.105263157894737,95,18,TCGGTGGATAAGAGAAGTTG,77,2440512
mhpRp1,0.7368421052631579,31,18,TCCTTATAGTGCCAGACTGT,13,2443002
mhpRp1,2.1052631578947367,57,18,TCCAGACGTTAAGGTCCTCA,39,2447424
mhpRp1,0.9473684210526315,35,18,TATTGAGACGGTGCGCGTGA,17,2443082
mhpRp1,0.8947368421052632,34,18,TATTAATGAGCCCAAAGTAA,16,2472940
mhpRp1,1.105263157894737,38,18,TAGGCTCCGAACTGGGTGGG,20,2459893
mhpRp1,1.6842105263157894,49,18,TACCTCTTCAGTGATAGTCA,31,2463086
mhpRp1,2.1578947368421053,58,18,TACCGACTAGCACCGAATAT,40,2450802
mhpRp1,1.263157894736842,41,18,TAATTTTTCGATATAGGGTT,23,2427057
mhpRp1,1.3157894736842106,42,18,GTCTTTAGGAACTTCGGGTC,24,2469063
mhpRp1,0.7368421052631579,31,18,GTCGCACTGAAATTGCTCTT,13,2466766
mhpRp1,3.9473684210526314,92,18,GTCACTCCTGGAACCAACAA,74,2464327
mhpRp1,1.0526315789473684,37,18,GTACCTCCTTATCAGGCGTC,19,2439967
mhpRp1,1.368421052631579,43,18,GGTGCTGTTGCTCTCGTAAT,25,2428965
mhpRp1,1.1578947368421053,39,18,GGGGTATATCTGCGGACAAG,21,2476912
mhpRp1,1.9473684210526316,54,18,GGGCGGGGTTTCATTCTTGA,36,2424960
mhpRp1,1.3157894736842106,42,18,GGGACTATATGTTGTCAGGA,24,2446194
mhpRp1,0.2631578947368421,22,18,GGCCTAACGGACGACTTAAA,4,2467921
mhpRp1,0.10526315789473684,19,18,GGCCCGTATCAGCACGGAAT,1,2476566
mhpRp1,2.210526315789474,59,18,GCTCGTCGGATTAGATAGGA,41,2472450
mhpRp1,0.42105263157894735,25,18,GCGGGGTTTTGTAGAAATGT,7,2436758
mhpRp1,1.1578947368421053,39,18,GCCAAACGACAGCCCAGAGT,21,2446980
mhpRp1,0.7368421052631579,31,18,GCAGATGGGCCTCGTTGGAA,13,2429566
mhpRp1,6.894736842105263,148,18,GATGCTTACCCACTACGCAA,130,2435441
mhpRp1,2.4210526315789473,63,18,GACGTCGTTCATCCATCTAG,45,2474306
mhpRp1,1.1578947368421053,39,18,GACGGGATTCACAGTACCGA,21,2461430
mhpRp1,0.2631578947368421,22,18,CTTTGTCGTAGCCCTGCTTT,4,2450724
mhpRp1,1.631578947368421,48,18,CTCTGCACGCAGAGTTTCTG,30,2430235
mhpRp1,1.6842105263157894,49,18,CTATGAATCCAACTATCCAA,31,2470961
mhpRp1,1.0526315789473684,37,18,CGGGAACCGAGTTGGCGAAG,19,2440398
mhpRp1,0.2631578947368421,22,18,CGGCCCAGCACACTGTTTTT,4,2456479
mhpRp1,1.105263157894737,38,18,CGCTGCTGTTGACCACTGGA,20,2455697
mhpRp1,0.5263157894736842,27,18,CCAATGCGCCCTGAGGAGAC,9,2430966
mhpRp1,0.9473684210526315,35,18,CATTTTGCCGATATAGGGAA,17,2426045
mhpRp1,1.0,36,18,CATTAGCATTGACTTAGATT,18,2458308
mhpRp1,1.5263157894736843,46,18,CATCACAACGTTGCAGTACG,28,2474664
mhpRp1,2.210526315789474,59,18,CAGATCGTAAGGCTCATTGA,41,2471477
mhpRp1,1.0526315789473684,37,18,ATGTCTGGTAAGCGGCGATA,19,2425716
mhpRp1,1.631578947368421,48,18,ATCAGATGCACATCTCTGAC,30,2453050
mhpRp1,1.4210526315789473,44,18,ATCAGAGTTCTATAAGAAAC,26,2430529
mhpRp1,2.3157894736842106,61,18,ATAAGACCGGGACTCCTTGA,43,2425397
mhpRp1,0.631578947368421,29,18,AGTCCAGTGCCTGTGGGAGC,11,2429419
mhpRp1,0.42105263157894735,25,18,AGGAAATGGCCGTCACGTAC,7,2451949
mhpRp1,1.0,36,18,AGCGAGCACGTAGGTAAGTA,18,2469533
mhpRp1,3.263157894736842,79,18,AGATTGACCTTTCCGCTACA,61,2455603
mhpRp1,2.8421052631578947,71,18,AGAAGATGGCGTGCTACTAA,53,2472712
mhpRp1,0.21052631578947367,21,18,AGAAATATCCTTCAGTAACA,3,2463265
mhpRp1,0.10526315789473684,19,18,ACGTACTTTTTTGGTGGAAA,1,2464250
mhpRp1,0.47368421052631576,26,18,ACGATTCAACTGGTGTGTCA,8,2465445
mhpRp1,1.2105263157894737,40,18,ACCTGCGGGATGCGGGCGAG,22,2460110
mhpRp1,0.10526315789473684,19,18,AAGTAACACACGATCTGTAT,1,2453674
mhpRp1,3.526315789473684,84,18,AAGCACGAACGTTAGGCAAT,66,2453004
mhpRp1,0.631578947368421,29,18,AACTATCACCACTCATTGTG,11,2435006
mhpRp1,0.3684210526315789,24,18,AACACACATTGTAGACCCCC,6,2446169
mhpRp1,0.3684210526315789,24,18,AAAGGCGCAGGGGAAAAGAG,6,2466330
mhpRp1,0.1111111111111111,18,17,TTTTACATTACCTGATGGTT,1,2471297
mhpRp1,2.888888888888889,68,17,TTTCTCATAAGACTAAGTCT,51,2474996
mhpRp1,4.888888888888889,104,17,TTTAAGCCAATTGTCTAGGA,87,2425823
mhpRp1,2.0555555555555554,53,17,TTGATTGGTGATGCACCCTA,36,2461451
mhpRp1,0.1111111111111111,18,17,TTGATAATGCGGGTTGGTGT,1,2466875
mhpRp1,3.5555555555555554,80,17,TTGAATTCGGTCTTGCTCAA,63,2468203
mhpRp1,0.1111111111111111,18,17,TTCTTAACGACTATTCAAGC,1,2468827
mhpRp1,0.1111111111111111,18,17,TTCTGCGGGAACAGCTCAAT,1,2425478
mhpRp1,1.3888888888888888,41,17,TTACGATTGGTTCTCCTAAT,24,2460556
mhpRp1,1.1666666666666667,37,17,TTAAGTGTAAAGGCTTTACA,20,2454186
mhpRp1,1.2777777777777777,39,17,TGTTCAATCAATTCGCGGCT,22,2429493
mhpRp1,0.5555555555555556,26,17,TGTAGAGGCCAGTGCCAGCT,9,2437784
mhpRp1,0.7222222222222222,29,17,TGGCGGTTAAACACATAGGC,12,2463134
mhpRp1,0.5555555555555556,26,17,TGGAACCTCTGTCCGCTCTT,9,2476216
mhpRp1,0.2777777777777778,21,17,TGAACAGGACTGCGAGAGGG,4,2462546
mhpRp1,0.5,25,17,TCCTCAATAAGACTCCAGGA,8,2434916
mhpRp1,1.6666666666666667,46,17,TCCCGATAAGATAAGTGCTT,29,2477713
mhpRp1,3.0,70,17,TATTGCGTTGCTGCATGCTA,53,2455152
mhpRp1,0.1111111111111111,18,17,TACGAGCAGCGACCGTCTAC,1,2451139
mhpRp1,0.3888888888888889,23,17,TAACTTTTGTGGTAGGGCTA,6,2427196
mhpRp1,0.1111111111111111,18,17,TAACGGTTCTGCTGAAACTA,1,2468982
mhpRp1,0.5,25,17,TAACATGGCTTGTTGAATTT,8,2442072
mhpRp1,1.3333333333333333,40,17,GTTTCTCTCGTTCCGACGAT,23,2430879
mhpRp1,2.388888888888889,59,17,GTTACTCACGCCCTCCAACT,42,2452644
mhpRp1,1.8888888888888888,50,17,GTGAAATCGACCCGGATAAA,33,2472766
mhpRp1,2.388888888888889,59,17,GGTAGAAGCAGTAGCCACCT,42,2427280
mhpRp1,0.16666666666666666,19,17,GGGATTTCATGAGTCCAGAC,2,2460312
mhpRp1,0.4444444444444444,24,17,GGGAATTTTAGTCTTTGGCT,7,2455735
mhpRp1,3.5,79,17,GGCGAGGCGGTTGTAGTTTT,62,2426559
mhpRp1,0.3333333333333333,22,17,GGAGACCAGATGCGACACTT,5,2473061
mhpRp1,1.8333333333333333,49,17,GGACAGGACCCAAGCGGAAA,32,2469379
mhpRp1,2.6666666666666665,64,17,GGAATCATTCAATGTCGTCA,47,2424950
mhpRp1,0.8333333333333334,31,17,GGAAGCCAGTAGACCCCCCA,14,2466620
mhpRp1,2.2777777777777777,57,17,GCTTCGTGGGTAAACTACAG,40,2448696
mhpRp1,0.1111111111111111,18,17,GCTCCACCCTCGTGGTTCGA,1,2465233
mhpRp1,1.0,34,17,GCTATGAGGTAATATCCTCT,17,2448515
mhpRp1,0.16666666666666666,19,17,GCGTCAGAACACAACCAACT,2,2425029
mhpRp1,2.0555555555555554,53,17,GCGGTATGTAGAGCTTCTCC,36,2467095
mhpRp1,0.1111111111111111,18,17,GCATAGAGACCTCAACGACA,1,2451642
mhpRp1,0.1111111111111111,18,17,GCAGTCAACCATTACACTTG,1,2430876
mhpRp1,0.1111111111111111,18,17,GAGCCACACGGAGCGATCCA,1,2454920
mhpRp1,1.2777777777777777,39,17,GAGCCAAGCAAATCTCCTTA,22,2475095
mhpRp1,0.8888888888888888,32,17,GAGAGGTGTTCAGCTACTGT,15,2471054
mhpRp1,1.3888888888888888,41,17,GACCCGAGGCAGTATCACAG,24,2451902
mhpRp1,1.6111111111111112,45,17,GAAGTGGCGGGCCTTGGTAT,28,2430755
mhpRp1,3.3333333333333335,76,17,GAAGTACAGGCGGGCAAGAC,59,2467017
mhpRp1,0.5555555555555556,26,17,GAACGCATCATCCGAGTCGT,9,2435850
mhpRp1,4.888888888888889,104,17,GAACGACACCGCGTCTCGAT,87,2434035
mhpRp1,0.7777777777777778,30,17,GAAATAGGCACGTAGGAATG,13,2458223
mhpRp1,2.7222222222222223,65,17,CTTTATCCTGAAATATGTCA,48,2429168
mhpRp1,0.9444444444444444,33,17,CTTGCACTACTCCCGTAGTA,16,2445552
mhpRp1,2.6666666666666665,64,17,CTTAGTGGTTTTGTAAATGG,47,2431169
mhpRp1,0.6111111111111112,27,17,CTGGGTCATCATCGAAGATT,10,2471023
mhpRp1,1.1111111111111112,36,17,CTGCTAGCTGTGTTAACCGA,19,2465150
mhpRp1,0.6666666666666666,28,17,CTGCGCGGAAAAGTGGACTT,11,2471083
mhpRp1,1.4444444444444444,42,17,CTCTCGCGCGAGCTGCTTAC,25,2473737
mhpRp1,2.3333333333333335,58,17,CTCGAGTGGGCGCCAAACTT,41,2425976
mhpRp1,3.8333333333333335,85,17,CTAGAAGGGCATCATGAGAT,68,2471485
mhpRp1,0.7222222222222222,29,17,CTAAGGTCTCACTCCCGGAC,12,2452089
mhpRp1,0.16666666666666666,19,17,CTAAATTCCGTAATTTGACA,2,2444871
mhpRp1,0.1111111111111111,18,17,CGTTAGGTCCGTGGGCTTAT,1,2456972
mhpRp1,0.6666666666666666,28,17,CGCCAGGTTGTGTTCGTCTC,11,2458653
mhpRp1,2.6666666666666665,64,17,CGCAGTCCTTATCGACCCGG,47,2465177
mhpRp1,1.4444444444444444,42,17,CCGGGGACTAATTATAACCT,25,2455482
mhpRp1,0.1111111111111111,18,17,CCGGCGCGGCAGGGTTCGTT,1,2441241
mhpRp1,2.4444444444444446,60,17,CCCCACTTCTCGCTATCTAA,43,2449212
mhpRp1,0.3888888888888889,23,17,CCCACAGGTAAGACATGAGT,6,2450175
mhpRp1,1.6111111111111112,45,17,CATTTGGTCTAGCGGCAGTG,28,2437909
mhpRp1,1.0555555555555556,35,17,CATGTGTTGGCTATATATGT,18,2469163
mhpRp1,0.4444444444444444,24,17,CACGGACGGGCTTCCGGTGT,7,2429072
mhpRp1,1.5,43,17,CACGCGGGTAAGCGATGAGT,26,2457224
mhpRp1,0.7777777777777778,30,17,CACGCACCCCCCCAAAGAAA,13,2425015
mhpRp1,0.7777777777777778,30,17,CAAGTCTCGAATACGTTACA,13,2424925
mhpRp1,0.1111111111111111,18,17,ATTTTAAGCGCATACGCTTA,1,2457758
mhpRp1,14.88888888888889,284,17,ATTTGAACAAGCTACTCGCG,267,2479388
mhpRp1,1.1111111111111112,36,17,ATTGCGTAAGTATATGGGTA,19,2457032
mhpRp1,1.6666666666666667,46,17,ATTCGGTCGAGGTGATGGGT,29,2434800
mhpRp1,0.7222222222222222,29,17,ATTACGAGCATCAGCTTCGA,12,2439970
mhpRp1,1.6666666666666667,46,17,ATCGGGGAAACGCATTTGAG,29,2463819
mhpRp1,9.333333333333334,184,17,ATCCGGTAATATATCCATAC,167,2448173
mhpRp1,0.6111111111111112,27,17,ATCCGGTAATAGCTTCACCA,10,2429029
mhpRp1,1.1111111111111112,36,17,AGTGATTAGAGATCAACAAG,19,2429280
mhpRp1,0.16666666666666666,19,17,AGTGAAGTCAAGGAATTGGA,2,2425342
mhpRp1,0.2777777777777778,21,17,AGGCCTAGTTGTTTCCGAAT,4,2434032
mhpRp1,0.6111111111111112,27,17,AGGATTCTTCTGAGTACGTA,10,2456799
mhpRp1,2.6666666666666665,64,17,AGCGGATTAACCGCCGGAGC,47,2428584
mhpRp1,0.1111111111111111,18,17,AGCCGAAGGGTTGGCAGCAA,1,2479229
mhpRp1,1.2222222222222223,38,17,AGAGTGATCTGATGCGCCCC,21,2436042
mhpRp1,2.0,52,17,ACTGGAACGGTTGGCCCAAA,35,2468178
mhpRp1,1.2777777777777777,39,17,ACGGGCATTATACTACCATG,22,2471914
mhpRp1,3.888888888888889,86,17,ACCCTACAGCGACTCAGCAT,69,2473267
mhpRp1,2.1666666666666665,55,17,ACCAGTCTTCCCTGTTGTAG,38,2434036
mhpRp1,2.888888888888889,68,17,AATTGCAACCGAATTCGGAT,51,2451142
mhpRp1,2.6666666666666665,64,17,AATACAATGAACCCGTTAAT,47,2429102
mhpRp1,1.6666666666666667,46,17,AACGGACATCTCTATCACCA,29,2465906
mhpRp1,0.1111111111111111,18,17,AACCTAGGCGGGGTTCATCC,1,2455165
mhpRp1,2.5,61,17,AACAGGTTTAGCAAGGGTCT,44,2438987
mhpRp1,0.11764705882352941,17,16,TTTTCGGGCTACCATTGGGT,1,2426013
mhpRp1,2.6470588235294117,60,16,TTTTCCCGCCGGGGGTTGCT,44,2430082
mhpRp1,0.8235294117647058,29,16,TTTATCTCCCTCACTGTTCA,13,2478516
mhpRp1,0.35294117647058826,21,16,TTGTCCCAGCGGTTTATGGG,5,2448483
mhpRp1,1.6470588235294117,43,16,TTGGGTACTTTAGATTGGGA,27,2440040
mhpRp1,1.4705882352941178,40,16,TTCATTCCATTTAGTGTGGA,24,2426505
mhpRp1,3.0,66,16,TGTTGCTAATTACCTGTTAA,50,2467500
mhpRp1,1.0588235294117647,33,16,TGTTCAACCTTCAACGCTTT,17,2424629
mhpRp1,0.9411764705882353,31,16,TGTCCGTTGGCAGCGAATTT,15,2455827
mhpRp1,3.8823529411764706,81,16,TGTAAGGATTTGTAAATGGT,65,2461897
mhpRp1,3.0,66,16,TGGTTACTAAATTCTTCATA,50,2436947
mhpRp1,2.588235294117647,59,16,TGGCTGATCGCCCAGTCTCA,43,2444723
mhpRp1,0.11764705882352941,17,16,TGAGCATCGTGTGAGGGCTC,1,2424871
mhpRp1,3.2941176470588234,71,16,TGACAGGCGCTAAGGGGATG,55,2465679
mhpRp1,1.588235294117647,42,16,TCTCGCCCTCAATTACGGAT,26,2467441
mhpRp1,2.9411764705882355,65,16,TCTAGTCGATCAGCGACGTA,49,2425078
mhpRp1,1.6470588235294117,43,16,TCGGTGCTGGACAAAGCATA,27,2474103
mhpRp1,1.0,32,16,TCCTTGAGCTTGGATTAACA,16,2433455
mhpRp1,2.6470588235294117,60,16,TCCGCCAGGCTAGCGTATAA,44,2438380
mhpRp1,4.823529411764706,97,16,TATCGGACGGGTTTCGTGGC,81,2430480
mhpRp1,5.764705882352941,113,16,TATCCTTCCGTATTATGCTC,97,2427879
mhpRp1,3.0,66,16,TAGACTTGACACCGTTGTGA,50,2432508
mhpRp1,2.6470588235294117,60,16,TACTCGACTCAGATAGGCCA,44,2431525
mhpRp1,0.8235294117647058,29,16,TACGCCCAGTTCTGGAAACT,13,2438758
mhpRp1,0.11764705882352941,17,16,TACATACCTTTTCTGGGCGC,1,2427552
mhpRp1,0.23529411764705882,19,16,TAAAGTGTCCTCTGAGGCAA,3,2471427
mhpRp1,4.352941176470588,89,16,TAAAGCTTGGGAGTTGTAGT,73,2467834
mhpRp1,2.235294117647059,53,16,TAAAACTCAGGGCGTATCGC,37,2463682
mhpRp1,0.11764705882352941,17,16,TAAAACGATTTCGCATGCCA,1,2478753
mhpRp1,2.4705882352941178,57,16,GTTCAACCACGGTAGGGTTG,41,2461635
mhpRp1,4.0588235294117645,84,16,GTGGAATAGGTAGCACTCTG,68,2454377
mhpRp1,6.764705882352941,130,16,GTATCTGCGCTTACTCGGGT,114,2476434
mhpRp1,0.5294117647058824,24,16,GTAGCAGCTTTCCGACTATA,8,2463356
mhpRp1,6.0588235294117645,118,16,GGTCTCTTATACTGCGGATG,102,2425088
mhpRp1,2.235294117647059,53,16,GGTATCCGGCTAGCATAGGT,37,2434466
mhpRp1,1.0588235294117647,33,16,GGGTTAGATATCCTGTGAAC,17,2436640
mhpRp1,10.0,185,16,GGGCGTACAGAAGTGCCTTT,169,2454712
mhpRp1,0.11764705882352941,17,16,GGCTACACCCCACTCGAGGT,1,2470428
mhpRp1,1.3529411764705883,38,16,GGAGGTCGGCACTATAAACC,22,2450675
mhpRp1,1.2941176470588236,37,16,GGAAGAGCGCGGGCTGAAGA,21,2470343
mhpRp1,0.6470588235294118,26,16,GCGTTAATGAAATTCCTTTA,10,2471250
mhpRp1,0.5294117647058824,24,16,GCGGTCCAGTTTGGCTCCTA,8,2460791
mhpRp1,2.5294117647058822,58,16,GCGCGTGTGGCTCGCGGGAG,42,2436235
mhpRp1,0.11764705882352941,17,16,GCGATCTAGGTACCACGCAA,1,2461090
mhpRp1,1.0,32,16,GCAGAGATAATAACATACAA,16,2426824
mhpRp1,1.2352941176470589,36,16,GCACATTACTATGAAGACAC,20,2476742
mhpRp1,0.23529411764705882,19,16,GAGATAAGGGCAGACTCAAT,3,2431367
mhpRp1,1.8823529411764706,47,16,GACGCGCCCGACGAACAAAA,31,2436478
mhpRp1,0.5294117647058824,24,16,GAAATCGGTCGGGCGGTGCG,8,2430706
mhpRp1,1.0588235294117647,33,16,CTTCTCTTATCTCGCGTTAT,17,2472648
mhpRp1,1.0,32,16,CTTCCCCATCCGATCTCAAT,16,2449153
mhpRp1,2.0588235294117645,50,16,CTGATCCGTGTATTCCGGAT,34,2453805
mhpRp1,1.4705882352941178,40,16,CTAGATTTAGCGGCAATTGT,24,2478721
mhpRp1,2.823529411764706,63,16,CGTTTGCACTGCAGTTTCGA,47,2472813
mhpRp1,0.11764705882352941,17,16,CGTGAACAACGCACGCTCGC,1,2429843
mhpRp1,0.47058823529411764,23,16,CGGTGTCAGAGAACGGGTCC,7,2478729
mhpRp1,0.8235294117647058,29,16,CGGTGGCGGAGTTTACAATT,13,2426561
mhpRp1,3.764705882352941,79,16,CGGGTGCCCGCGTTCCAGCA,63,2432862
mhpRp1,1.4705882352941178,40,16,CGGCCGTAAGTGCATTTCCC,24,2426019
mhpRp1,3.588235294117647,76,16,CGCATGAAATATAAGGCCCG,60,2452733
mhpRp1,3.411764705882353,73,16,CCGTATCGTGCTACGTGCTT,57,2427508
mhpRp1,2.9411764705882355,65,16,CCGAACCACGGTCGATGGAT,49,2476110
mhpRp1,2.235294117647059,53,16,CCCCGTGGTCGAAGTGAGCA,37,2432900
mhpRp1,5.352941176470588,106,16,CCCACGAGATGTGGCGTTGC,90,2425576
mhpRp1,4.529411764705882,92,16,CCACGTGTAAGACTGAGAAG,76,2461289
mhpRp1,0.17647058823529413,18,16,CCACCTATAGTTCCACCTCA,2,2465779
mhpRp1,0.7647058823529411,28,16,CAGTTCGCAGAAACCAGTTG,12,2435392
mhpRp1,1.7058823529411764,44,16,CAGTCTGCCGGGGAGCCTGA,28,2453046
mhpRp1,2.411764705882353,56,16,CACCATGAATCAGTCAAGGT,40,2443459
mhpRp1,1.411764705882353,39,16,CAATATACGGTAACCTGCAG,23,2475436
mhpRp1,0.47058823529411764,23,16,CAAGGGAACGCATTGGTCGA,7,2462739
mhpRp1,1.4705882352941178,40,16,CAAACTCAGACCCGTGAGGT,24,2436261
mhpRp1,3.764705882352941,79,16,ATGGCCGTTCATACTTGAAG,63,2435427
mhpRp1,0.17647058823529413,18,16,ATCGAAAGTACCCTGTAGTA,2,2437568
mhpRp1,1.6470588235294117,43,16,ATCAACTTCAATGGTGAGAT,27,2436236
mhpRp1,1.1764705882352942,35,16,AGTAATCCAACATCGGGAAG,19,2455624
mhpRp1,1.7647058823529411,45,16,AGGTCCTCTGCGCCACTGAT,29,2478017
mhpRp1,3.588235294117647,76,16,AGCTTTCGGTCCCCCCTTTG,60,2466916
mhpRp1,1.6470588235294117,43,16,AGCGGGGCACTCAATGTGTG,27,2434651
mhpRp1,0.29411764705882354,20,16,AGCATACCCCGCTTCGAAAC,4,2429968
mhpRp1,2.823529411764706,63,16,AGATAGTAACGTGATGACAT,47,2460690
mhpRp1,0.8235294117647058,29,16,AGACGCCCGCGGTGCCGGGT,13,2455139
mhpRp1,1.0,32,16,ACTTAAGACGCGGTTAGTAT,16,2435988
mhpRp1,0.11764705882352941,17,16,ACTCCCCTACGGGGGCAGAA,1,2477422
mhpRp1,1.588235294117647,42,16,ACGTCGTCGGTCTCTAATTT,26,2465676
mhpRp1,0.5882352941176471,25,16,ACGTACGCCGCTTGTGTCAG,9,2464918
mhpRp1,1.8823529411764706,47,16,ACGGTATCATTCTCAGTTTA,31,2475075
mhpRp1,0.8823529411764706,30,16,ACGGACGAAACGTTTAGGGG,14,2428170
mhpRp1,1.7647058823529411,45,16,ACGCGATCGAAGACCAAAAA,29,2424359
mhpRp1,0.11764705882352941,17,16,ACCCCGGGTTACTAGAAACA,1,2425969
mhpRp1,1.6470588235294117,43,16,AATGGGAGTAGTCTCTCGTG,27,2478795
mhpRp1,0.11764705882352941,17,16,AAGGAGACGGTCGTGACAAG,1,2457600
mhpRp1,1.1176470588235294,34,16,AACTGCAGAGTTCCTTCCTC,18,2456020
mhpRp1,2.125,48,15,TTCGCGAACTGTGTACGGCC,33,2425101
mhpRp1,2.625,56,15,TTCCCGCGGTCCTTCTATGC,41,2431312
mhpRp1,0.125,16,15,TTCACGTGTTTAATCAACCG,1,2425268
mhpRp1,1.25,34,15,TTATGATTAGAGGAATCCTT,19,2445244
mhpRp1,0.25,18,15,TTATACGCTGACTGAGTCCG,3,2470295
mhpRp1,0.125,16,15,TTAATTACACTGTAATACAT,1,2428242
mhpRp1,1.8125,43,15,TTAAGTTCTAGGACGATTAC,28,2466696
mhpRp1,0.125,16,15,TGTTAGTCAGTCCGGCTAGG,1,2435143
mhpRp1,1.6875,41,15,TGTGTCGAGCCTGACCAACG,26,2448514
mhpRp1,2.6875,57,15,TGGGGGGCTTTCTTACGTCG,42,2475144
mhpRp1,2.6875,57,15,TGGGCCTCAAGGCCTAGTCT,42,2430939
mhpRp1,0.125,16,15,TGACCCTGGTCTGCATCTCA,1,2466170
mhpRp1,0.625,24,15,TGAAGGAATTCGTCATCCGG,9,2447011
mhpRp1,1.4375,37,15,TCTTGACAACTTAACCAGAT,22,2454265
mhpRp1,1.0625,31,15,TCCTTATGTATGGCTATGTA,16,2455382
mhpRp1,1.8125,43,15,TCCAACTGCCGTCACTATAC,28,2447340
mhpRp1,1.9375,45,15,TCACCGTTATGCAGATAACC,30,2427758
mhpRp1,1.0,30,15,TATTTTAGTTGGATCTTAAG,15,2476377
mhpRp1,0.125,16,15,TATGGTGAGAAAGTGCATTT,1,2444246
mhpRp1,0.375,20,15,TAGGAGAACCCTGGGCGTCG,5,2427562
mhpRp1,4.3125,83,15,TAGCAGTCCATAACGCACCA,68,2449490
mhpRp1,3.125,64,15,TACCGTAGCGAAAGCTACAC,49,2448990
mhpRp1,0.9375,29,15,TACAACATCCACACGCTTGT,14,2430995
mhpRp1,2.0,46,15,TAATTAGCTCCACTTCAAGG,31,2452500
mhpRp1,0.1875,17,15,TAAGATTGTACTCTGGTTGT,2,2459037
mhpRp1,3.0,62,15,GTTGATTGTGCCATCCGTCC,47,2427875
mhpRp1,2.0625,47,15,GTTAGCATTGATCGCGAGTG,32,2438834
mhpRp1,0.125,16,15,GTGTATGACGCGTCGGTCTC,1,2427555
mhpRp1,1.6875,41,15,GTCGGACCGATTTGTCAGGT,26,2442244
mhpRp1,0.125,16,15,GTCCGTACCGATGGCCATTT,1,2464943
mhpRp1,3.0,62,15,GGTGTCATGGTTATTGCGGC,47,2457428
mhpRp1,3.3125,67,15,GGGTTGACAGAGGTGAGTAG,52,2430683
mhpRp1,3.125,64,15,GGGTGGTCGGTTAATAAGGG,49,2467090
mhpRp1,4.0625,79,15,GGGTGGCGAGGTTGGCCAAG,64,2427098
mhpRp1,1.875,44,15,GGCTCGGGTATTTCTCGGGG,29,2429636
mhpRp1,3.1875,65,15,GGCGAAGGTTTGTAGAAACT,50,2427881
mhpRp1,2.625,56,15,GGCCTACGGGTGATGATGAT,41,2467619
mhpRp1,5.0,94,15,GGAAAAGGCCGAATCATTGC,79,2456436
mhpRp1,0.125,16,15,GCGGTAAGGGGATCCACGAA,1,2466393
mhpRp1,0.125,16,15,GCCTGTTAATTGTCCTAGAA,1,2471574
mhpRp1,0.875,28,15,GCAGGACAAGGGTTTCGGTG,13,2447674
mhpRp1,1.75,42,15,GCACGTGCTTCCCCCGGTGC,27,2469386
mhpRp1,3.0,62,15,GCACCGATTTCAAAGTGTTT,47,2476628
mhpRp1,3.375,68,15,GATTAATATCCATACCGGAA,53,2449150
mhpRp1,3.5625,71,15,GAGATGCCTGTGTGGTTTTG,56,2439787
mhpRp1,1.125,32,15,GACGGGAGCTTGGCAGTTAC,17,2465068
mhpRp1,1.3125,35,15,GAAGCTCCCAATTTTGCAAC,20,2452226
mhpRp1,2.0,46,15,CTTTGGTACGCAGCCGCCCA,31,2478936
mhpRp1,1.8125,43,15,CTTTAGGATAAGCAGACGCT,28,2446830
mhpRp1,0.625,24,15,CTGAATGTCCGGGATACGCA,9,2433459
mhpRp1,1.4375,37,15,CTCGGTCGGCATAATTCCAC,22,2439352
mhpRp1,0.3125,19,15,CTCCTGTTGTGCTTTTGGAA,4,2453240
mhpRp1,0.125,16,15,CTCAATGATTATATGGCTAG,1,2447239
mhpRp1,1.5625,39,15,CTCAACCGGTTCCTTTACCA,24,2451154
mhpRp1,0.4375,21,15,CGTCCATGTACGAGCTATCA,6,2476740
mhpRp1,2.1875,49,15,CGGTTTGGTATATCAGGCGA,34,2441826
mhpRp1,1.9375,45,15,CGATAATTCGGGATTTGAAC,30,2472158
mhpRp1,4.625,88,15,CGAGTGCTTGTAACGATTGG,73,2463264
mhpRp1,2.375,52,15,CGAGTCGAAACTCTGGCTAC,37,2431885
mhpRp1,0.1875,17,15,CGAAGGACAACTTGTGCTTA,2,2461436
mhpRp1,0.75,26,15,CGAACCCTTCGCTCACCAGT,11,2472222
mhpRp1,1.0,30,15,CCGCTCGAGATTACTAGACG,15,2442324
mhpRp1,1.1875,33,15,CCGATATGCTTATTTCCTCT,18,2459718
mhpRp1,12.1875,209,15,CCCTGGTTCGCAGAGCTCGT,194,2454713
mhpRp1,1.8125,43,15,CCCTGGATTTTCTGGCATGA,28,2453085
mhpRp1,1.25,34,15,CCCCGCGTTCGAATGATGGC,19,2445145
mhpRp1,0.125,16,15,CCCAGAATATGCGGCGGTTG,1,2435662
mhpRp1,0.125,16,15,CCAGGCTAAGTGGTATAAAC,1,2474614
mhpRp1,3.9375,77,15,CCACCTATGCAAGCCCGGAA,62,2427528
mhpRp1,1.0,30,15,CCACAGAGGCTCCCGCCCAA,15,2446145
mhpRp1,5.5625,103,15,CCAATCTTCAACCGCGGAAG,88,2449562
mhpRp1,1.625,40,15,CATCTCGCATTTTACAGTTA,25,2460643
mhpRp1,0.125,16,15,CATCGATGAAGAGTTTCCTT,1,2434498
mhpRp1,2.4375,53,15,CAGACCATGAAGCGTAAGGC,38,2479351
mhpRp1,1.25,34,15,CACAGCCAAAATGGCAACGC,19,2476055
mhpRp1,1.4375,37,15,CAATAGCCGCCCACTTATAT,22,2458824
mhpRp1,2.375,52,15,CAACGCCAGTGACCAAAGAT,37,2467820
mhpRp1,0.5625,23,15,ATTCCCTGATATGCGGTGTT,8,2440661
mhpRp1,0.125,16,15,ATGTAGTGCGTTCTATCAGA,1,2432548
mhpRp1,6.4375,117,15,ATGCTCTTGAACCCTTTCAA,102,2478316
mhpRp1,0.625,24,15,ATCTTTGCTAGTTCCTCTGG,9,2457752
mhpRp1,1.5,38,15,ATCTCCGAATTCCCCTCATA,23,2431559
mhpRp1,2.5,54,15,ATCCACCGAAGCCTCGTCCA,39,2447638
mhpRp1,3.5,70,15,ATAGGAAGCTGACATTACAG,55,2446056
mhpRp1,1.75,42,15,ATACACAGGCCGTTCGACAG,27,2448613
mhpRp1,2.625,56,15,ATAAGTGCTGACAATAGGAA,41,2472380
mhpRp1,2.125,48,15,ATAAGACACGCCCCAAACCT,33,2433680
mhpRp1,5.1875,97,15,AGTTGGAACTATCATTACAT,82,2438381
mhpRp1,0.8125,27,15,AGTTCCAATGGCTCGCTCCA,12,2455467
mhpRp1,1.125,32,15,AGTACACTTTTTTAACAGTT,17,2443259
mhpRp1,2.75,58,15,AGCTCAGGGGCGCTCGGATG,43,2474098
mhpRp1,1.375,36,15,AGCGTAAGGCTTTCACTGTT,21,2441778
mhpRp1,2.375,52,15,AGATCGGGATCTAGGCAAAT,37,2458592
mhpRp1,1.375,36,15,AGAGTATTTGATACGACAAG,21,2445466
mhpRp1,2.0,46,15,AGAGACGGGCCATTGGAATG,31,2463538
mhpRp1,3.6875,73,15,ACTCACTTCCGCCACGGTTT,58,2434067
mhpRp1,0.5625,23,15,ACTAGGTCAGTGACGCGCCT,8,2454416
mhpRp1,2.875,60,15,ACGTGCGATCACCGAGGCAA,45,2443576
mhpRp1,4.25,82,15,ACCTCCCGGCAATTACATCG,67,2433812
mhpRp1,3.25,66,15,ACCGGCTGTATTTGCGCTGT,51,2436887
mhpRp1,1.0625,31,15,ACCAACAAGTAACATTAAAT,16,2430237
mhpRp1,2.1875,49,15,ACATATTGATACCATACTGA,34,2451104
mhpRp1,1.75,42,15,ACAGGCCCTTCGGCATAAAT,27,2432633
mhpRp1,2.5,54,15,AAGGTGGTGAAGCCCCATAT,39,2437115
mhpRp1,0.4375,21,15,AAGCAGCCTGGGGCACGGAA,6,2470508
mhpRp1,2.875,60,15,AACTTCGGCATGTGCCCTAG,45,2427560
mhpRp1,2.125,48,15,AAATCTTAAAACATCGTGGA,33,2464034
mhpRp1,0.125,16,15,AAATCTCGCTAAGGATTCTA,1,2454794
mhpRp1,0.75,26,15,AAATCCGTGCCTACAAATAG,11,2455952
mhpRp1,1.25,34,15,AAACCCCGTGTTGGTTGTTT,19,2450622
mhpRp1,1.5625,39,15,AAAATCCACTAGGAGAACCG,24,2430859
mhpRp1,1.0,28,14,TTTGCCACTGGGTGCCCGAA,14,2445074
mhpRp1,1.2,31,14,TTTCGGGGGCCTGAGGTTCT,17,2425156
mhpRp1,2.2666666666666666,47,14,TTGTCTGTGGGTTCGGGAGA,33,2449035
mhpRp1,0.8,25,14,TTCGTTTTTGGAGGTCGCGA,11,2465405
mhpRp1,2.0,43,14,TTCCACAACAGACATTAATA,29,2471634
mhpRp1,0.13333333333333333,15,14,TTATGCAACACTAAGTACTA,1,2468916
mhpRp1,2.066666666666667,44,14,TTAGAACCATACTTAGCAGA,30,2426859
mhpRp1,0.3333333333333333,18,14,TGTTGTGGAAGGACAGGCTC,4,2460761
mhpRp1,0.13333333333333333,15,14,TGTGATTCATACGGCGACAG,1,2462895
mhpRp1,1.0,28,14,TGTCAGCACCGTTCACGGTG,14,2463582
mhpRp1,0.8666666666666667,26,14,TGTATGACAGTCCTAACGCT,12,2464520
mhpRp1,2.0,43,14,TGGTGCAGCAGATTAGAATA,29,2439336
mhpRp1,3.466666666666667,65,14,TGGTGACTAGGCCAGAAGAA,51,2453480
mhpRp1,2.3333333333333335,48,14,TGGATAGGAACTATGGGACA,34,2436287
mhpRp1,0.8,25,14,TGGAGGCGTGATCCCACATT,11,2449340
mhpRp1,0.3333333333333333,18,14,TGCTAGGCTCCGGCGTTGTT,4,2448844
mhpRp1,0.8666666666666667,26,14,TGCACTAGGCGAATGAATAT,12,2474383
mhpRp1,2.0,43,14,TGCAAATCATTGTTAAACAA,29,2427665
mhpRp1,0.7333333333333333,24,14,TCTGCTGCATAATGGTCAGA,10,2426497
mhpRp1,1.3333333333333333,33,14,TCGGGGCACATGGCAGTGTA,19,2456411
mhpRp1,0.13333333333333333,15,14,TCGACACGGTGACTGTTCTG,1,2438718
mhpRp1,2.7333333333333334,54,14,TCCGTATCACATCCTTAGAC,40,2457137
mhpRp1,0.13333333333333333,15,14,TCAGTTGTGTTAACGCTGCA,1,2464954
mhpRp1,0.13333333333333333,15,14,TCACTTGATGGTCCATTAGA,1,2461296
mhpRp1,1.8666666666666667,41,14,TCACGGAACTGGGTGGTGTC,27,2462391
mhpRp1,1.7333333333333334,39,14,TATCGGGCAGATACACGCAA,25,2444816
mhpRp1,1.0,28,14,TATCGCTGCCAAGGGTGTGT,14,2434722
mhpRp1,1.2,31,14,TAGATCCAGTATTGAGTGGA,17,2455032
mhpRp1,0.6,22,14,TACAATACAGCGGCGATTTC,8,2424842
mhpRp1,2.4,49,14,TAATACTGGTGGATCGTCGC,35,2457140
mhpRp1,2.1333333333333333,45,14,TAAGATCCTGAGACGCTATT,31,2476388
mhpRp1,1.5333333333333334,36,14,GTTGCCGGTTTTCGTTTCCG,22,2444771
mhpRp1,1.0,28,14,GTGTTAAGCAACGAATACAA,14,2446358
mhpRp1,1.5333333333333334,36,14,GTCCCGTGGGCACCTTTCCA,22,2436766
mhpRp1,0.26666666666666666,17,14,GTCATTAGTAATAAAATATG,3,2457237
mhpRp1,3.1333333333333333,60,14,GTCAGGTAATACTGCCGCGG,46,2472106
mhpRp1,3.2666666666666666,62,14,GTATTCGTCATGTGTGTAAT,48,2439342
mhpRp1,0.2,16,14,GTAAAATGCTAAAGCCTGTT,2,2439555
mhpRp1,0.5333333333333333,21,14,GGTGCGGGTTGGTCAAGACT,7,2440693
mhpRp1,9.666666666666666,158,14,GGTAGCACACCCGTGCCCGT,144,2425713
mhpRp1,2.8666666666666667,56,14,GGGGTATGAGTGAATTGACA,42,2473392
mhpRp1,2.066666666666667,44,14,GGCCTTGGATGGTGGTTAGT,30,2430211
mhpRp1,0.13333333333333333,15,14,GCGCTACGCGAGGGTGCTGC,1,2457567
mhpRp1,0.4,19,14,GCCGGTTGGCCTTCGCAAAG,5,2438213
mhpRp1,0.4666666666666667,20,14,GCATGTAAGCACTGACAATA,6,2438416
mhpRp1,2.6,52,14,GCACGTCCATGTAACTAACC,38,2455993
mhpRp1,0.13333333333333333,15,14,GATGGACAAGGGACCCACAG,1,2474998
mhpRp1,0.5333333333333333,21,14,GATCAGCTTCGTTTGGTGTT,7,2473426
mhpRp1,0.8666666666666667,26,14,GATATAACCTTAAAGAATAA,12,2450008
mhpRp1,1.6,37,14,GAGGCCTGGGGCGTTGACTT,23,2423818
mhpRp1,0.6,22,14,GACTCATGGTTAATCGTACC,8,2464625
mhpRp1,1.0666666666666667,29,14,GACGGTGTTCATAACCGGCC,15,2439481
mhpRp1,0.13333333333333333,15,14,GAATAGTGTGATTATCAATT,1,2467888
mhpRp1,0.9333333333333333,27,14,GAAGATAGTTCCGCATATAC,13,2429064
mhpRp1,2.1333333333333333,45,14,GAAATGTCTATGGCGACCGT,31,2425729
mhpRp1,0.13333333333333333,15,14,GAAAGTTATCGTTCCGTGCT,1,2451851
mhpRp1,5.666666666666667,98,14,CTTTGTACCGATAATAAGCC,84,2438048
mhpRp1,5.666666666666667,98,14,CTCTGAGAGGACCACGCGGA,84,2445402
mhpRp1,6.066666666666666,104,14,CTCGAGTCCACTCGCGGAAT,90,2444691
mhpRp1,1.2,31,14,CTCAAGGGGTCATTCAAATG,17,2427835
mhpRp1,0.6666666666666666,23,14,CTATAAGTGCACCCTGGTAA,9,2429002
mhpRp1,0.13333333333333333,15,14,CTAGCTGGGGGGTGTGGTAT,1,2432034
mhpRp1,0.8666666666666667,26,14,CGTTTGACGTTTCGTTCCCG,12,2434686
mhpRp1,2.533333333333333,51,14,CGTGTTTACCGCTAGCCAGT,37,2478147
mhpRp1,0.13333333333333333,15,14,CGTCCAACGGAAGCGCAGGA,1,2440100
mhpRp1,2.1333333333333333,45,14,CGTACTGGTTGGACAGGCCT,31,2446452
mhpRp1,3.6666666666666665,68,14,CGGTGTTCCCAACGAACGTA,54,2475279
mhpRp1,0.13333333333333333,15,14,CGGGGACTTATGGATAAACA,1,2475302
mhpRp1,0.2,16,14,CGGCCTTGGGAGCCGTTGCT,2,2478426
mhpRp1,2.6666666666666665,53,14,CGGATATGCTACGTGAAAGG,39,2438382
mhpRp1,0.6666666666666666,23,14,CGAGTTGGAGTCCAATACCT,9,2444119
mhpRp1,0.8,25,14,CGAGGCGATTATGCGTCTAC,11,2446920
mhpRp1,0.8666666666666667,26,14,CGAGCTCCGGCTAGATAATT,12,2449887
mhpRp1,4.533333333333333,81,14,CGAGCCTAGGGGATATAGGC,67,2466732
mhpRp1,0.13333333333333333,15,14,CGAGCAGCGACTTCGGTATG,1,2436006
mhpRp1,1.4666666666666666,35,14,CCTGCTTTTACACTCGGGTA,21,2435062
mhpRp1,3.6,67,14,CCGTGGAATACGTGTGAAAG,53,2464379
mhpRp1,0.13333333333333333,15,14,CCGAACACCTCGCCATTAGT,1,2437480
mhpRp1,0.5333333333333333,21,14,CCCGTATCCGCGGACGCGTT,7,2462746
mhpRp1,3.6,67,14,CCAGTCCACGTCCTATGGGA,53,2427273
mhpRp1,1.8666666666666667,41,14,CCACCAATAGGGCTGTGCCC,27,2433904
mhpRp1,3.0,58,14,CCAATCCTTGTAAGTCGGTT,44,2438906
mhpRp1,4.2,76,14,CATGTAGGGACACATGCATA,62,2451616
mhpRp1,2.066666666666667,44,14,CATGAGCCTAAGTAAAAAGA,30,2454473
mhpRp1,2.6666666666666665,53,14,CATCAAACCTCCCCGGTAAT,39,2426832
mhpRp1,1.2666666666666666,32,14,CACGCCGGATGGTTTAAATG,18,2453481
mhpRp1,1.2,31,14,CACAGGCAGTTCCGGATACA,17,2470830
mhpRp1,3.6666666666666665,68,14,CACAAGGACCGGTAACACTT,54,2447211
mhpRp1,0.8,25,14,CAAGTCGGACCAAACCAACT,11,2442686
mhpRp1,0.9333333333333333,27,14,CAAATTTAGAGTCTTGAGTT,13,2449461
mhpRp1,0.2,16,14,CAAAGTTATAGTGTGACATT,2,2451175
mhpRp1,1.0666666666666667,29,14,ATTGTTTATTAGCGTTTGTA,15,2433249
mhpRp1,0.6666666666666666,23,14,ATTGATAACCAAGGAAGTAT,9,2433879
mhpRp1,0.6,22,14,ATTCCGAGATTAACCGATGT,8,2423966
mhpRp1,3.066666666666667,59,14,ATGCCCCTATTTCTCTTATG,45,2439783
mhpRp1,2.3333333333333335,48,14,ATGCAGGAGGCACATTATGG,34,2449341
mhpRp1,0.6666666666666666,23,14,ATCTACTTATGGGTCAATTG,9,2462051
mhpRp1,0.13333333333333333,15,14,ATCCGTCTAACAGCGGCCAG,1,2477948
mhpRp1,1.2666666666666666,32,14,ATCACATCCTCACTTAAGAA,18,2478601
mhpRp1,0.8,25,14,AGTGCAAGGGTCCCAACAGT,11,2469336
mhpRp1,3.2,61,14,AGGTGTCTTTGGAGGGCAGC,47,2447412
mhpRp1,0.2,16,14,AGGGCGACCCCAAAAGAAAT,2,2464031
mhpRp1,0.7333333333333333,24,14,AGATTGAGCTTGGAATGCCA,10,2431486
mhpRp1,1.1333333333333333,30,14,ACTTCTTAGTTCGTCGGCGT,16,2475037
mhpRp1,1.6,37,14,ACTGTTCGTGATCGGCTTGA,23,2444162
mhpRp1,2.8666666666666667,56,14,ACAGGCGCTTGGCCAAATTC,42,2454146
mhpRp1,1.7333333333333334,39,14,AATGATCTTCATTTTCATAA,25,2455084
mhpRp1,3.533333333333333,66,14,AATATAAAGTCATGAACCAT,52,2471105
mhpRp1,2.2,46,14,AATAGGAACGGAAGGGCACC,32,2464649
mhpRp1,0.2,16,14,AAGCTTCCATGCAATTAGAA,2,2474129
mhpRp1,0.2,16,14,AAGCCGTGCCCAGAGGAAGT,2,2462027
mhpRp1,0.13333333333333333,15,14,AAGATTGCGGACCACCCTAT,1,2447162
mhpRp1,1.5333333333333334,36,14,AAGATCACCGCCCTGGGCAA,22,2450908
mhpRp1,3.0,58,14,AACCGCGGCGTTCAAAAGAG,44,2467768
mhpRp1,0.6,22,14,AAAGCCTGTACGAGCCCCTG,8,2438325
mhpRp1,3.6,67,14,AAACCGGGTTCATTTATAAA,53,2457434
mhpRp1,1.5,33,13,TTTGCATAACACAGTGGCAT,20,2460746
mhpRp1,0.5,19,13,TTGCTTTTCAAGATAATTCA,6,2461438
mhpRp1,2.142857142857143,42,13,TTCCTCTACGCCTGATACTC,29,2455322
mhpRp1,0.14285714285714285,14,13,TTAGGGCGAGCTGCACGTTA,1,2457471
mhpRp1,0.14285714285714285,14,13,TGTGCCTGAGGCGTAAGTGA,1,2445587
mhpRp1,1.0,26,13,TGTGACAGCTTCGGATTTTT,13,2460833
mhpRp1,0.5714285714285714,20,13,TGTAAATGGTATTGTCGTGT,7,2454825
mhpRp1,5.214285714285714,85,13,TGGTTTACGTGGGGTCTCGT,72,2457539
mhpRp1,1.9285714285714286,39,13,TGGTCCTCACACTGGCATCC,26,2427666
mhpRp1,1.0,26,13,TGGTCATTTTCGGATTATAG,13,2450130
mhpRp1,1.5,33,13,TGGGTTCGAGTATCGCAGAA,20,2449404
mhpRp1,0.7142857142857143,22,13,TGGGAATGTTGCACGCGCGG,9,2471982
mhpRp1,0.14285714285714285,14,13,TCTGTGGCAGTGACGACCTT,1,2441400
mhpRp1,0.42857142857142855,18,13,TCTGGTATAAAGATCAAGTA,5,2445403
mhpRp1,3.857142857142857,66,13,TCGTCCCTTACTTTGGCATT,53,2434696
mhpRp1,3.142857142857143,56,13,TCGGGATACGGGTTTGCGGG,43,2446698
mhpRp1,1.6428571428571428,35,13,TCGCAACCGGACGTTTCTTT,22,2465400
mhpRp1,2.0,40,13,TCAGGAAAAGTCTCAAGAGC,27,2462958
mhpRp1,0.35714285714285715,17,13,TCAAACTGACTACTTAAGGG,4,2467527
mhpRp1,2.7142857142857144,50,13,TATTGTCTGCTCAGGCTCAT,37,2441507
mhpRp1,2.142857142857143,42,13,TATGGGTACACTCGTAACTT,29,2425460
mhpRp1,2.4285714285714284,46,13,TATGGATCGGGGGTAACTAA,33,2440833
mhpRp1,3.5,61,13,TAGGTAAAGATTGATCTGCA,48,2463014
mhpRp1,3.5714285714285716,62,13,TAGCAGCGCAACAGACCAAC,49,2447448
mhpRp1,1.5,33,13,TACACGTTTTGGCGATTTAA,20,2429965
mhpRp1,1.5714285714285714,34,13,TAACTAGACTTGACAGGGGA,21,2438398
mhpRp1,3.642857142857143,63,13,GTTTGTTAGCGTTCCCCGGT,50,2457526
mhpRp1,0.14285714285714285,14,13,GTTTAGCTGCATCAACGGAT,1,2424035
mhpRp1,3.142857142857143,56,13,GTTTACGGATAGGAGGGTGC,43,2448543
mhpRp1,2.4285714285714284,46,13,GTTCTAGGATTATCCTGACT,33,2454783
mhpRp1,0.21428571428571427,15,13,GTTCAACCATAGGCCTGACG,2,2442884
mhpRp1,1.4285714285714286,32,13,GTGGTATTCGATATGACCTG,19,2436878
mhpRp1,0.14285714285714285,14,13,GTGCTTGTTTAAGTAGATCT,1,2432679
mhpRp1,0.35714285714285715,17,13,GTGCTGTAACTACTTCGAAT,4,2448258
mhpRp1,1.8571428571428572,38,13,GTCGGGCCATCCGGGGGCAG,25,2462022
mhpRp1,2.4285714285714284,46,13,GTCCGATGGTTATTGCTTGT,33,2454484
mhpRp1,4.214285714285714,71,13,GTAGTTGCACCGCAATGACA,58,2439866
mhpRp1,1.7142857142857142,36,13,GTACCCGGCGACTCAGGCTA,23,2432241
mhpRp1,0.14285714285714285,14,13,GTACACCAGACTGGAGCAGA,1,2448255
mhpRp1,2.357142857142857,45,13,GGGCTGCGGCACAGCTGTGA,32,2462729
mhpRp1,3.857142857142857,66,13,GGCTGTCACTATACAGCAAA,53,2432658
mhpRp1,0.14285714285714285,14,13,GGCGTCTACATTAGCCGAGT,1,2436234
mhpRp1,0.9285714285714286,25,13,GGCCTCACCGGAGGACGCGA,12,2428924
mhpRp1,2.142857142857143,42,13,GGATCATGCATGGAAACTGC,29,2451458
mhpRp1,1.3571428571428572,31,13,GGAGGAAGGTGAACCACTGG,18,2448736
mhpRp1,2.2142857142857144,43,13,GGACAGGATGGAGCATCGCA,30,2452142
mhpRp1,1.5714285714285714,34,13,GGAATAAAAACGAGCGAACC,21,2466209
mhpRp1,0.35714285714285715,17,13,GCTTCTCTTGACAAGCAAGA,4,2475937
mhpRp1,1.5,33,13,GCTTCGCTTATAGGGATTGG,20,2456087
mhpRp1,0.21428571428571427,15,13,GCGGAGCTGTCAGCGGGCGG,2,2458421
mhpRp1,4.714285714285714,78,13,GCGCCCCCCACAGCGGATGC,65,2461823
mhpRp1,1.3571428571428572,31,13,GCGAGCACGTCTGGAGTTAC,18,2461656
mhpRp1,2.2857142857142856,44,13,GCCTTGGGCGTGGTGTCGGA,31,2475993
mhpRp1,1.1428571428571428,28,13,GCCAAAGGCAATACGGTGGA,15,2474294
mhpRp1,2.5,47,13,GATAGGTCTTTCGGCAGGGA,34,2449090
mhpRp1,0.14285714285714285,14,13,GAGGTGGCGTTACGGATGTT,1,2468973
mhpRp1,1.8571428571428572,38,13,GAGAACCAGGCAGGACCGGT,25,2424708
mhpRp1,1.7142857142857142,36,13,GACGATGGCCATGGGAGGTA,23,2479404
mhpRp1,2.142857142857143,42,13,GACGAACTCAAGCCGGGCTC,29,2465130
mhpRp1,2.0714285714285716,41,13,GACCGTAATCAATAAAAGTA,28,2466771
mhpRp1,0.21428571428571427,15,13,GACCGCGCCGTCCCCACTCA,2,2452292
mhpRp1,0.7857142857142857,23,13,GACCACGGAAAATTTGATCG,10,2446718
mhpRp1,2.142857142857143,42,13,CTTTTATGAGTTCACGGAAC,29,2442298
mhpRp1,2.2857142857142856,44,13,CTTGTCCTGGCGCGGTCCCT,31,2463252
mhpRp1,2.9285714285714284,53,13,CTTGGTAAGCATTTGAGTGT,40,2442869
mhpRp1,0.6428571428571429,21,13,CTTCACATAGTAGTGAATAT,8,2452261
mhpRp1,0.14285714285714285,14,13,CTGGACTTCCAACCCCACAA,1,2474193
mhpRp1,2.4285714285714284,46,13,CTCGGACGCGTTTGTGTTAG,33,2463066
mhpRp1,0.7857142857142857,23,13,CTCCTAAGTGGGAGAATAAA,10,2460942
mhpRp1,7.071428571428571,111,13,CTCAACTCAGATGCGGCATA,98,2464783
mhpRp1,2.4285714285714284,46,13,CTACGCACGACCAAGACTTC,33,2444062
mhpRp1,3.857142857142857,66,13,CGTGGTGACCTGCATTACAC,53,2432636
mhpRp1,3.5714285714285716,62,13,CGGCTATAGTTAAAAAAGCA,49,2438995
mhpRp1,0.21428571428571427,15,13,CGCTTACCATTAGCATCCAG,2,2435594
mhpRp1,2.7142857142857144,50,13,CGCGTCATTCTACTTCCATT,37,2440101
mhpRp1,2.5,47,13,CGCGGCCGGCTTCTTGTGAC,34,2429179
mhpRp1,2.642857142857143,49,13,CGCGCGTCAGCAAAGATGAG,36,2437840
mhpRp1,0.14285714285714285,14,13,CGCGCGCTGAGTGGGGTTAG,1,2467275
mhpRp1,0.9285714285714286,25,13,CGCACAACGCCAGGTGAATA,12,2453816
mhpRp1,2.5,47,13,CGATTTCTTCCTTGGCTGCA,34,2471794
mhpRp1,2.7142857142857144,50,13,CGATCCGGAGTACAAGCTGA,37,2430054
mhpRp1,1.4285714285714286,32,13,CGACCCTAGTTTACCTTTAT,19,2438609
mhpRp1,0.8571428571428571,24,13,CGAAGAAGTACATTTGAAGG,11,2426253
mhpRp1,0.8571428571428571,24,13,CGAAAACTAAAAGCCTCCCA,11,2452802
mhpRp1,1.2857142857142858,30,13,CCTTCTGAGTCGTCTCTTGC,17,2472445
mhpRp1,0.7857142857142857,23,13,CCTGTAAGCTTATGGCCATA,10,2434356
mhpRp1,2.2142857142857144,43,13,CCTCTATTAAGAAACGGTGA,30,2436050
mhpRp1,1.2142857142857142,29,13,CCTCATCGATTCAAAACCAT,16,2477156
mhpRp1,1.4285714285714286,32,13,CCTAGTCGGCAGGCCGGTCT,19,2461206
mhpRp1,0.5714285714285714,20,13,CCGATCAGATTCATATTTAT,7,2469524
mhpRp1,3.7142857142857144,64,13,CCATATAGACATATCGCGAT,51,2425147
mhpRp1,1.1428571428571428,28,13,CCAACGATACGTGCGTCTAA,15,2439337
mhpRp1,1.0,26,13,CATTGTACCTCAGGCCGTCT,13,2437270
mhpRp1,2.2142857142857144,43,13,CATGCCAATTGCCTATCACA,30,2477403
mhpRp1,0.8571428571428571,24,13,CAGGATCTAGGGAAGGTCGC,11,2475021
mhpRp1,0.14285714285714285,14,13,CAGAGTGATCTGAAGGTGAT,1,2427553
mhpRp1,2.9285714285714284,53,13,CAACGTATTTGACAGAATTG,40,2469574
mhpRp1,2.5714285714285716,48,13,ATTAGACACTCGACACATTT,35,2454191
mhpRp1,5.214285714285714,85,13,ATGTGTAGATATACACAATA,72,2465322
mhpRp1,0.14285714285714285,14,13,ATGTCCCAAAGACGGCAATG,1,2454786
mhpRp1,1.5,33,13,ATGGCCCAAGGATTCATGAT,20,2448793
mhpRp1,0.14285714285714285,14,13,ATGACTCTACAGATCCATCG,1,2450630
mhpRp1,2.5,47,13,ATCTTCCTCTAGCTTTACAG,34,2435218
mhpRp1,1.4285714285714286,32,13,ATCGTAGCTACGCACCCTGG,19,2446090
mhpRp1,4.785714285714286,79,13,ATCATTGTAGACTTGGGGTA,66,2475807
mhpRp1,3.7857142857142856,65,13,ATCAGTCTGGGTCGCTCATC,52,2446894
mhpRp1,1.3571428571428572,31,13,ATATCGGTACCAGGAGAAGT,18,2463213
mhpRp1,0.14285714285714285,14,13,ATAGATAGACGGGCTTATCG,1,2430279
mhpRp1,3.0714285714285716,55,13,AGTTTACATCTGTACGCCAT,42,2448363
mhpRp1,2.142857142857143,42,13,AGTGTCGGTGAAGCTCGTTC,29,2429359
mhpRp1,0.7857142857142857,23,13,AGTGGCTCTGGACAGTACTT,10,2428784
mhpRp1,3.357142857142857,59,13,AGTGAGACCACGAAACGTTG,46,2436276
mhpRp1,1.6428571428571428,35,13,AGTATAAATAAATGGGAACC,22,2428424
mhpRp1,0.2857142857142857,16,13,AGCGACAGATTCTAAGGTTC,3,2440729
mhpRp1,1.0714285714285714,27,13,AGACCGATGCTCCGTGCTGC,14,2476108
mhpRp1,3.0714285714285716,55,13,ACTGCGCTGGCTTGATTTAT,42,2468248
mhpRp1,1.7142857142857142,36,13,ACGCAGCTCGAGATAATGCG,23,2439381
mhpRp1,0.14285714285714285,14,13,ACCGTAAAGAGGCCTTGGGT,1,2425086
mhpRp1,2.2142857142857144,43,13,ACCCGAATTCGGCAATATAA,30,2458523
mhpRp1,1.7142857142857142,36,13,ACAGAATCTACAGTGCCAAG,23,2470773
mhpRp1,3.0714285714285716,55,13,ACACAAGCTGCTACAGTATC,42,2448361
mhpRp1,0.21428571428571427,15,13,ACAAGAAATCTGGAGGCTGT,2,2458926
mhpRp1,1.0,26,13,AATTGGCACCAGTTCCGCCT,13,2427918
mhpRp1,1.9285714285714286,39,13,AATGTCACGTAGCGGGGGGG,26,2476744
mhpRp1,0.35714285714285715,17,13,AAGGCCCTAGCATCACAGAT,4,2434843
mhpRp1,0.14285714285714285,14,13,AAGCGCGGTCCTCGAGGTCC,1,2471339
mhpRp1,0.14285714285714285,14,13,AAGACACGTAATCCCGATAG,1,2423898
mhpRp1,0.5714285714285714,20,13,AAGAACACAAAGTTCGACGT,7,2460413
mhpRp1,0.7142857142857143,22,13,AAAGGTGCAAATGTCGGAAG,9,2437010
mhpRp1,4.214285714285714,71,13,AAAGAACTGGAAAATGCTAT,58,2457554
mhpRp1,0.46153846153846156,17,12,TTTGTGCTGGAATCACCTTC,5,2434239
mhpRp1,3.1538461538461537,52,12,TTTCTGACCTAGATATTCAA,40,2468207
mhpRp1,1.5384615384615385,31,12,TTGTCCAGTTGAAAGTGGCA,19,2433144
mhpRp1,1.0,24,12,TTGGACGCACGCGATGGGTG,12,2446230
mhpRp1,0.15384615384615385,13,12,TTCTATTAATAGAGATTAGT,1,2457050
mhpRp1,3.3846153846153846,55,12,TTCGAAAGCATCTACAGGGG,43,2425504
mhpRp1,0.6923076923076923,20,12,TGTATCCGACTTGTGGCCGT,8,2459417
mhpRp1,4.076923076923077,64,12,TGCCCCATGCGTGCACAACA,52,2428340
mhpRp1,0.46153846153846156,17,12,TCTTTTCCAAGGTAGAATAC,5,2475682
mhpRp1,0.5384615384615384,18,12,TCGTGGAAACGCCTAACTAA,6,2441623
mhpRp1,1.3076923076923077,28,12,TCCGTAGACCATGCCAAGTT,16,2434171
mhpRp1,0.23076923076923078,14,12,TCCGGCGTAGGTTTTGCCTC,2,2473465
mhpRp1,5.153846153846154,78,12,TCATTTCGGGTTGACGGCCC,66,2423916
mhpRp1,0.15384615384615385,13,12,TCACCGCCCCGTCGACTAAG,1,2466820
mhpRp1,1.1538461538461537,26,12,TATGCAGGAGCGACCACAGT,14,2475689
mhpRp1,2.6153846153846154,45,12,TATGAAATCTCGCATCCCTC,33,2454292
mhpRp1,2.5384615384615383,44,12,TACTTCTACTGGTAACCCCA,32,2427721
mhpRp1,2.3076923076923075,41,12,TACTGAACGGGAAATTCTTG,29,2478585
mhpRp1,1.3846153846153846,29,12,TACTCATTATCCCGAAAACT,17,2448586
mhpRp1,1.0,24,12,TACGAAACCCAAAGTAAGAA,12,2453261
mhpRp1,2.3076923076923075,41,12,TACATAGTAGCAACAGCGCT,29,2474883
mhpRp1,1.7692307692307692,34,12,TAATCCCTCCCTATCTTGGG,22,2448728
mhpRp1,0.15384615384615385,13,12,GTTCAGCATTGCAAGCTCTC,1,2463367
mhpRp1,1.2307692307692308,27,12,GTGTCTGTAAACTCGTTCCT,15,2474234
mhpRp1,7.076923076923077,103,12,GTGTCGGGACATTTCCTTGT,91,2474789
mhpRp1,0.15384615384615385,13,12,GTGACTAAGTACCCCTGTAT,1,2428203
mhpRp1,0.38461538461538464,16,12,GTCTTAGCTTCGGTTTTCTC,4,2439112
mhpRp1,5.230769230769231,79,12,GTCGGGCCGACTATTCGGGG,67,2476103
mhpRp1,1.6923076923076923,33,12,GGTAATGATACTATCGCCTG,21,2440755
mhpRp1,1.8461538461538463,35,12,GGGCGGGTACAAAGTCAGGC,23,2453239
mhpRp1,4.6923076923076925,72,12,GGGAAGGCCTGTAGAGATTG,60,2472807
mhpRp1,3.4615384615384617,56,12,GGCTGTTAAACTGACCCAGC,44,2425155
mhpRp1,0.15384615384615385,13,12,GGCTAGCGTATGAGAGTATC,1,2472110
mhpRp1,2.5384615384615383,44,12,GGCAGGGTAGACGCCCGAAA,32,2433178
mhpRp1,2.1538461538461537,39,12,GGAGCAAGTAATCATAACGG,27,2457061
mhpRp1,0.15384615384615385,13,12,GCTGTATTCAGTTCCCACCA,1,2446199
mhpRp1,2.1538461538461537,39,12,GCTGGCTTCTAGGGGGGATA,27,2474362
mhpRp1,1.8461538461538463,35,12,GCTGGCTCTGGTTCCTCAGA,23,2441300
mhpRp1,2.923076923076923,49,12,GCTCGGTCCTAATGTTCGGC,37,2446820
mhpRp1,3.3846153846153846,55,12,GCTAAAGTCCTCATCGTATG,43,2435566
mhpRp1,0.46153846153846156,17,12,GCGTGCAACACATCATCGTT,5,2467306
mhpRp1,0.8461538461538461,22,12,GCCGGGAGGCCGAACTCTAA,10,2470918
mhpRp1,1.7692307692307692,34,12,GCAGTTCAGTAGGTTCGGAG,22,2444851
mhpRp1,2.923076923076923,49,12,GATGAGCCGCATACCTAAAT,37,2458347
mhpRp1,2.3846153846153846,42,12,GATCCCTGGAAGCATTACAA,30,2434321
mhpRp1,0.15384615384615385,13,12,GAGCAGTATCTCATACGGAT,1,2428664
mhpRp1,2.230769230769231,40,12,GAGCAGCGGACGTGAGCTTA,28,2459764
mhpRp1,1.9230769230769231,36,12,GACTTTACGGAACTGGGTGT,24,2465393
mhpRp1,2.923076923076923,49,12,GACGGTGCTTATTTAGCACG,37,2443604
mhpRp1,1.0769230769230769,25,12,GACGACACGATCTTACCCAA,13,2464732
mhpRp1,3.3846153846153846,55,12,GACCCTTCGGCAAGGAAATG,43,2456852
mhpRp1,0.15384615384615385,13,12,GAAGCGGAGATAAGCCAGCG,1,2439557
mhpRp1,2.0,37,12,GAAGAGAGGCAGTGCGGTAC,25,2475889
mhpRp1,3.230769230769231,53,12,GAACATGAGTATGGACTACG,41,2428009
mhpRp1,7.461538461538462,108,12,GAAAGCGAGGGTTTGGCAGT,96,2442260
mhpRp1,2.3076923076923075,41,12,GAAAGACTTATTCGAAGTTG,29,2434008
mhpRp1,2.076923076923077,38,12,CTTTCAACCTGTCGCAATCC,26,2447203
mhpRp1,1.1538461538461537,26,12,CTGTAAGGGTGAGTTGCCCT,14,2456482
mhpRp1,4.615384615384615,71,12,CTGGCAAGATCCACAGCCGC,59,2442361
mhpRp1,6.153846153846154,91,12,CTCATCTCGAGCAACCGATG,79,2449183
mhpRp1,2.8461538461538463,48,12,CTATCAGGCGACGATCAGTT,36,2430472
mhpRp1,3.6153846153846154,58,12,CTACGGTTCATTTTCGAAAT,46,2432373
mhpRp1,0.6153846153846154,19,12,CTAATAAGCTTCCAGTTTGG,7,2430517
mhpRp1,7.384615384615385,107,12,CTAAGCAAGAACTTACATGT,95,2460215
mhpRp1,1.3846153846153846,29,12,CGTTTTCCCGGATATACCGC,17,2434766
mhpRp1,2.8461538461538463,48,12,CGTTCGATTCGGACCCGGAA,36,2477271
mhpRp1,0.5384615384615384,18,12,CGTTATTATCTAAGCAAATT,6,2443827
mhpRp1,3.3846153846153846,55,12,CGTAGTGTGTGTGATCTTAT,43,2438210
mhpRp1,0.15384615384615385,13,12,CGTAATGGTAGACTCAGAAA,1,2441906
mhpRp1,0.15384615384615385,13,12,CGGCGATGTAGCAAACACTT,1,2440716
mhpRp1,4.153846153846154,65,12,CGGCAGGAAGGTCCGAGAGA,53,2453059
mhpRp1,1.2307692307692308,27,12,CGCGGCTAATGGTTAGTTAA,15,2461449
mhpRp1,1.8461538461538463,35,12,CGATGGTCCACGCGCCAGCT,23,2448158
mhpRp1,3.3846153846153846,55,12,CGACAGACGACGGCATAATA,43,2466182
mhpRp1,3.4615384615384617,56,12,CCTGTCATCACCATTCGATC,44,2435461
mhpRp1,1.8461538461538463,35,12,CCTGGGATATGATCACGTTG,23,2439857
mhpRp1,1.6153846153846154,32,12,CCTCGAACGTGTCCGTCTAA,20,2455305
mhpRp1,0.23076923076923078,14,12,CCTATTCTCTTTGGGAACTG,2,2426902
mhpRp1,0.46153846153846156,17,12,CCTAGGGCAAATTTTGAGTT,5,2437829
mhpRp1,1.3846153846153846,29,12,CCGTATACATTCTTATGCGT,17,2443134
mhpRp1,2.6923076923076925,46,12,CCGGGTCGTCGAGCATCTGT,34,2462689
mhpRp1,0.38461538461538464,16,12,CCGGGAAGGTATGCTCCGAT,4,2449802
mhpRp1,0.6153846153846154,19,12,CCCGATGCCTCATTTTAAAC,7,2426514
mhpRp1,3.230769230769231,53,12,CATCCGTTACCCCTCGCTGA,41,2452315
mhpRp1,1.1538461538461537,26,12,CATATACTCATCCGCCCATT,14,2432553
mhpRp1,5.461538461538462,82,12,CAGGTTGTTAAAACGACAAA,70,2469162
mhpRp1,2.3846153846153846,42,12,CACATGCAAGCAGCTCCCAT,30,2477463
mhpRp1,0.8461538461538461,22,12,ATTGACTTAGGGTCGTACGT,10,2463824
mhpRp1,0.46153846153846156,17,12,ATTCCCTAGACTGCACTTCT,5,2467412
mhpRp1,3.230769230769231,53,12,ATGTGCTTGTGTCATCAAAT,41,2449204
mhpRp1,5.3076923076923075,80,12,ATGAACGGTGCGTAATGATC,68,2427720
mhpRp1,3.769230769230769,60,12,ATCTGGCCGTAGGACCTTCA,48,2451059
mhpRp1,4.461538461538462,69,12,ATCGTCAACGCTATCGATCT,57,2447758
mhpRp1,4.0,63,12,ATCACTCCGCGGAGTGCTTG,51,2438518
mhpRp1,0.15384615384615385,13,12,ATCAAATAGTTAAACGGAGA,1,2441408
mhpRp1,0.38461538461538464,16,12,ATAGCAAGTAAAGGTGTTCG,4,2460778
mhpRp1,2.076923076923077,38,12,ATACCATTCCCCGTTATAAC,26,2466918
mhpRp1,2.3846153846153846,42,12,ATACAGAGAATAAAGGTCTC,30,2451011
mhpRp1,0.15384615384615385,13,12,ATAAGGCGGCAAAAGTTGAA,1,2436877
mhpRp1,0.9230769230769231,23,12,AGGCTTGCAAAACGTAGCCA,11,2440039
mhpRp1,2.3846153846153846,42,12,AGGCTGACTTACCGCGGTAG,30,2460843
mhpRp1,0.15384615384615385,13,12,AGGAATAGCCTGCCGTTCTT,1,2459572
mhpRp1,0.15384615384615385,13,12,AGCCCGGGGAAGACATGACT,1,2440672
mhpRp1,0.23076923076923078,14,12,AGATTAGGGCAAAGTGGCCG,2,2469170
mhpRp1,2.3076923076923075,41,12,AGAGCCGACCATAAGTGGTG,29,2472464
mhpRp1,5.384615384615385,81,12,AGAGCACCGAGGGACAGTAA,69,2425593
mhpRp1,1.9230769230769231,36,12,ACTTGGGCCTTAAACGAGTC,24,2451734
mhpRp1,0.7692307692307693,21,12,ACTGGGCTCTATTCGTACGT,9,2426964
mhpRp1,0.15384615384615385,13,12,ACTCAACGTCTGAACAATAA,1,2463624
mhpRp1,1.3076923076923077,28,12,ACTATAGATGCCGAGGCATT,16,2476812
mhpRp1,4.461538461538462,69,12,ACGAATGTACGTCCAGGGTG,57,2465299
mhpRp1,0.3076923076923077,15,12,ACCTTTAACAGTCTGTTTCT,3,2459092
mhpRp1,0.15384615384615385,13,12,ACAGGTGTGATACTCTCAGA,1,2439425
mhpRp1,4.923076923076923,75,12,ACAGCTCGGTTCCTATATTA,63,2468911
mhpRp1,1.2307692307692308,27,12,ACACGTCCATTGTGCCTGAA,15,2427811
mhpRp1,0.15384615384615385,13,12,ACACGGCTAGAATCTTTTTT,1,2457366
mhpRp1,0.15384615384615385,13,12,AATTAGTGTATGCTTCCATC,1,2434215
mhpRp1,2.076923076923077,38,12,AATGTGGTAGAGGTTGCATT,26,2447431
mhpRp1,1.2307692307692308,27,12,AATGTGCGGTCCACTGAACT,15,2460670
mhpRp1,1.3846153846153846,29,12,AAGGACCTATTACTAATCGG,17,2453422
mhpRp1,1.0769230769230769,25,12,AAAACTAGGGGTAGCCCGGT,13,2461485
mhpRp1,1.4166666666666667,27,11,TTTTCATATATCGGATCAAG,16,2450941
mhpRp1,0.16666666666666666,12,11,TTTCTTTCAAAAATGTCATC,1,2459736
mhpRp1,3.25,49,11,TTTCTCTCAAAGCTCTCCGG,38,2461642
mhpRp1,1.8333333333333333,32,11,TTGCCCGACATCGGCAGATT,21,2445359
mhpRp1,1.6666666666666667,30,11,TTCTGTTGTCGTATTTATGT,19,2442681
mhpRp1,1.0833333333333333,23,11,TTCGTGACTCCTCTGAATAT,12,2424783
mhpRp1,1.0833333333333333,23,11,TTCGGTTGAAGAATATATGG,12,2457252
mhpRp1,2.1666666666666665,36,11,TTCATTAAACCTGGGAGTAG,25,2442149
mhpRp1,1.4166666666666667,27,11,TTACCATCTTCGTGTCAAGC,16,2451644
mhpRp1,3.6666666666666665,54,11,TTAACTGTCAGCGAGGTTCA,43,2453952
mhpRp1,0.16666666666666666,12,11,TGGGGGGGTATATAGTAGTG,1,2462362
mhpRp1,2.25,37,11,TGACATTATAAACGTGGGGT,26,2463237
mhpRp1,4.5,64,11,TCTGTGCAGTCCCGATTAGC,53,2451382
mhpRp1,0.5833333333333334,17,11,TCTGTGAGGTCTTGCGGCTC,6,2461092
mhpRp1,6.833333333333333,92,11,TCTAAGAACGAGTGGAGAAG,81,2464868
mhpRp1,5.416666666666667,75,11,TCGACTATTAGTGCTTAGGA,64,2476457
mhpRp1,1.4166666666666667,27,11,TCCTAATATTCGGAAACGGC,16,2451839
mhpRp1,0.75,19,11,TCCGTGGTGCTTTGTGTTTG,8,2467389
mhpRp1,2.9166666666666665,45,11,TCATACTAAGCAAAAGAACG,34,2461636
mhpRp1,1.75,31,11,TCAGGGGGATGTTTAGCGCA,20,2442540
mhpRp1,7.083333333333333,95,11,TCAAATGCATTGTGTAGGGT,84,2449748
mhpRp1,1.8333333333333333,32,11,TATGACTATAGGGTTCAGAA,21,2438329
mhpRp1,2.3333333333333335,38,11,TAGATTAGGGCCAAGGTTGT,27,2443921
mhpRp1,1.4166666666666667,27,11,TACAACTGGGCTTCTTCATA,16,2435612
mhpRp1,1.5,28,11,TAATGGGCAAAGCGAAATCG,17,2448883
mhpRp1,0.9166666666666666,21,11,TAAGTATTACCAGCTTGCTT,10,2439328
mhpRp1,0.75,19,11,TAACCGCGCCAATTATGTAC,8,2426861
mhpRp1,3.4166666666666665,51,11,TAAAGTGTTATTCGAAGCGA,40,2462386
mhpRp1,0.6666666666666666,18,11,GTTTGAGTTGAAGTAGGGCC,7,2449157
mhpRp1,0.4166666666666667,15,11,GTTGCATCTCAAAGGCAAAG,4,2437831
mhpRp1,4.0,58,11,GTTGAGTCTCCTTTAGGAAA,47,2468147
mhpRp1,2.3333333333333335,38,11,GTTATTAGGCGCTGGGGGTC,27,2473852
mhpRp1,10.75,139,11,GTGTGAACGCATCGTCGAGC,128,2439099
mhpRp1,1.9166666666666667,33,11,GTGTAGCTAGTTTTACTTGC,22,2445471
mhpRp1,0.9166666666666666,21,11,GTGGCATTAAGAACCTGATG,10,2473102
mhpRp1,2.0833333333333335,35,11,GTGGCATGTTCCTACCTTCT,24,2476631
mhpRp1,3.0833333333333335,47,11,GTGCAAAGTGGGTGGTCTGA,36,2462047
mhpRp1,2.4166666666666665,39,11,GTCTTCGAGCGTTACAGGCG,28,2475203
mhpRp1,0.9166666666666666,21,11,GTCGAATACGTGTATTACCG,10,2449118
mhpRp1,0.3333333333333333,14,11,GTATTCCTGAATGATAGATC,3,2450943
mhpRp1,1.6666666666666667,30,11,GGTTTTACAGGCTTGCGGTA,19,2426901
mhpRp1,2.6666666666666665,42,11,GGTTCGGGCCGCCCCTATAG,31,2423961
mhpRp1,1.6666666666666667,30,11,GGTGGAAGGACTGCTTGCGA,19,2442043
mhpRp1,2.0,34,11,GGTACTGTGGATTAACGCGT,23,2477600
mhpRp1,1.0,22,11,GGGTGCCATAGTTTTTTGCT,11,2424407
mhpRp1,1.75,31,11,GGGGGGGACCAGGTCCATTA,20,2469083
mhpRp1,0.8333333333333334,20,11,GGGCTCAGATGTTCTCGGTC,9,2449460
mhpRp1,2.75,43,11,GGCTGTGAGAGTGTTTGTTG,32,2450424
mhpRp1,1.25,25,11,GGCGCGAGTTTATGGCTATC,14,2449208
mhpRp1,2.75,43,11,GGCCGCCCCCAGCGCATAAC,32,2459587
mhpRp1,1.8333333333333333,32,11,GGAGGTTCTGAGTAGTTGAA,21,2441774
mhpRp1,2.6666666666666665,42,11,GGAACCAACAATTTCTCGTG,31,2465048
mhpRp1,0.16666666666666666,12,11,GCTATACGCGGTATGATCTC,1,2433883
mhpRp1,2.0,34,11,GCGCACGCCCTTTCAGGTGC,23,2474402
mhpRp1,0.75,19,11,GCGAGTTTGAATGAGTCGAT,8,2455657
mhpRp1,1.5,28,11,GCGAGCTTAGCTTGCGATGC,17,2459249
mhpRp1,0.16666666666666666,12,11,GCCGGTACCTATTATAGAAG,1,2435407
mhpRp1,1.75,31,11,GCCCGGACCGGGACATAACT,20,2436712
mhpRp1,0.4166666666666667,15,11,GCCCCCGTTAGGTTCTGGCA,4,2453908
mhpRp1,2.5,40,11,GCCCCCAGCAAAATTGTATT,29,2457391
mhpRp1,2.0833333333333335,35,11,GCACTTGAGCTTACGACCTT,24,2459176
mhpRp1,0.16666666666666666,12,11,GCACAGACAGGTGTGTTCGT,1,2456390
mhpRp1,0.16666666666666666,12,11,GCAACTGGGCTTTGCGCAAT,1,2445691
mhpRp1,4.333333333333333,62,11,GATTTGTAAGGGGCTCTAAA,51,2464781
mhpRp1,2.5833333333333335,41,11,GATTGTCGGAGAGTGGTGGA,30,2435773
mhpRp1,0.16666666666666666,12,11,GATTCGGAGTGCCAGTCTCT,1,2443908
mhpRp1,0.16666666666666666,12,11,GATTAATGGTTGGAGCCGAA,1,2431926
mhpRp1,4.583333333333333,65,11,GATCGAGCTCCTACATCCGT,54,2455239
mhpRp1,1.3333333333333333,26,11,GAGTTCAAGCCCCAGTGCTT,15,2448702
mhpRp1,3.5,52,11,GAGGCGCGTGCGTTTAAAAG,41,2467218
mhpRp1,1.6666666666666667,30,11,GAGCTGACTTATTCAGACTC,19,2467176
mhpRp1,0.9166666666666666,21,11,GAGATGCCTCCGCTCTATGA,10,2464752
mhpRp1,3.0,46,11,GACTTAGTAGTCCCCTTTGT,35,2438933
mhpRp1,3.8333333333333335,56,11,GACTCATGTAGCGGGAGCTA,45,2432485
mhpRp1,0.16666666666666666,12,11,GACGACTACAACTCAGTGCA,1,2470436
mhpRp1,2.0833333333333335,35,11,GACATTTGTCGAACGAACAA,24,2471338
mhpRp1,1.3333333333333333,26,11,GACAGGTTTCCCACGGTGCA,15,2426161
mhpRp1,0.4166666666666667,15,11,GACAGATGCTCCGTCCGTGA,4,2424636
mhpRp1,3.5833333333333335,53,11,GAAGAGTAACTGGGGAGTAA,42,2475941
mhpRp1,0.16666666666666666,12,11,CTGTCCCCTAAAAACAGCCG,1,2477411
mhpRp1,0.9166666666666666,21,11,CTGGTAGTGGCCCCAAGAAG,10,2440127
mhpRp1,5.5,76,11,CTGCGGTGTCGTGCAGTTGT,65,2474293
mhpRp1,2.6666666666666665,42,11,CTCGGAGACGTTATTTGACA,31,2453402
mhpRp1,4.666666666666667,66,11,CTCCGCTGTCGGCGTGGCTC,55,2459887
mhpRp1,1.6666666666666667,30,11,CTCCGATTTTTCAGTTATAT,19,2430913
mhpRp1,0.5,16,11,CTCCCCTTGGCCTATTTAGG,5,2463566
mhpRp1,0.25,13,11,CTAGGGGCACTAAACCCGCA,2,2477816
mhpRp1,6.833333333333333,92,11,CTAGGCCCTCAATGCTTGCG,81,2446982
mhpRp1,0.16666666666666666,12,11,CGTTGGCAAAACTGGCCCTG,1,2470894
mhpRp1,3.0833333333333335,47,11,CGTATCAGTGTACGGCGAGG,36,2437185
mhpRp1,1.0,22,11,CGGTCTAGGTTACATTATCT,11,2435010
mhpRp1,1.4166666666666667,27,11,CGGCCTATACGTACATCAAC,16,2438328
mhpRp1,3.3333333333333335,50,11,CGGAAGCGAATGCACTGAAC,39,2465962
mhpRp1,0.75,19,11,CGCTTTGTGACACCAGGATA,8,2463526
mhpRp1,0.16666666666666666,12,11,CGCTACTTTTATAGTCCACT,1,2448135
mhpRp1,2.4166666666666665,39,11,CGCGTAAAGCCGGAGCCTAG,28,2435244
mhpRp1,1.4166666666666667,27,11,CGCGCGGCCGTTGCGACCAG,16,2460698
mhpRp1,1.75,31,11,CGCAAATCGCACCTAGTCTG,20,2467458
mhpRp1,4.0,58,11,CGAAGGTCAGGGGTCACGCT,47,2468573
mhpRp1,4.333333333333333,62,11,CCTGGACCCGGCGGGTGTTA,51,2426332
mhpRp1,7.833333333333333,104,11,CCTCTAAGTCCGTGTCTGCA,93,2465800
mhpRp1,2.6666666666666665,42,11,CCTCGTACACTTTCAGTGGA,31,2449843
mhpRp1,3.6666666666666665,54,11,CCTACGTTTCTCTCAGGGCA,43,2451384
mhpRp1,2.75,43,11,CCGTGGACGCAAAAGAAAGT,32,2469566
mhpRp1,4.75,67,11,CCGGCGATCCGTTCGTATCC,56,2472196
mhpRp1,2.5,40,11,CCGCATGATGGTTAGTCCTT,29,2466917
mhpRp1,0.16666666666666666,12,11,CCCTTTCCCGGAAGTAGATA,1,2459659
mhpRp1,2.0,34,11,CCCTGCTGGACCGCTTCACA,23,2431314
mhpRp1,0.9166666666666666,21,11,CCAGCTACGAGAGGTTGTAT,10,2464221
mhpRp1,0.16666666666666666,12,11,CCACTGTTTCCGCCTGTAAT,1,2441494
mhpRp1,2.0,34,11,CCAATTCTTGTTACAACTTG,23,2473180
mhpRp1,1.0,22,11,CATTAAAGTCTGAGAGGGAA,11,2437091
mhpRp1,6.5,88,11,CAGTGAATCTGTCTGACGCG,77,2429043
mhpRp1,1.4166666666666667,27,11,CAGGCTAACACCTGCTTCCT,16,2471572
mhpRp1,3.8333333333333335,56,11,CAGCGCAATTGTCGCTATAC,45,2472150
mhpRp1,0.4166666666666667,15,11,CAGATTGTGCGACTGGCCTT,4,2442754
mhpRp1,4.0,58,11,CACTTTAGAGAGGGCAAAAA,47,2437687
mhpRp1,1.75,31,11,CACCGTAAAAAATCGCTAAA,20,2468918
mhpRp1,2.0,34,11,CAATTCCCATCTCTATCCCC,23,2476489
mhpRp1,4.166666666666667,60,11,CAAGCTGTTCAAAGGGCGTC,49,2430630
mhpRp1,1.8333333333333333,32,11,CAAGCCCGGAATATTTTAAC,21,2432170
mhpRp1,0.6666666666666666,18,11,CAACGCGCACGAAGGTTGAT,7,2439848
mhpRp1,1.9166666666666667,33,11,CAACCGAGGATATGTCCCTG,22,2459500
mhpRp1,1.1666666666666667,24,11,CAACATCGAGAAGGTGAGGC,13,2424946
mhpRp1,0.25,13,11,CAAAGCCGGCCACCTACGAA,2,2440486
mhpRp1,0.9166666666666666,21,11,ATTTCGGAGGATGTAATCCT,10,2460208
mhpRp1,2.5,40,11,ATGAGGACATATTTATAAAA,29,2451017
mhpRp1,0.16666666666666666,12,11,ATCTTAACCAGCTCATAGGA,1,2439378
mhpRp1,8.166666666666666,108,11,ATCTGTTAAGAGTTCAGACC,97,2474974
mhpRp1,3.0,46,11,ATAGGCGCAGGTCCAAATAT,35,2453772
mhpRp1,0.16666666666666666,12,11,ATACTATCGGTTCAACTATG,1,2458269
mhpRp1,1.4166666666666667,27,11,ATACCGACGCGTCATGGACT,16,2431820
mhpRp1,0.25,13,11,AGTTTCGTATAACTTAGACG,2,2475686
mhpRp1,3.3333333333333335,50,11,AGTCTCCTCGTATTCATGTA,39,2467061
mhpRp1,0.16666666666666666,12,11,AGTATATGTGGGACTGAGCC,1,2437166
mhpRp1,0.25,13,11,AGGCCGGCTTAATCCTGTAA,2,2427512
mhpRp1,0.16666666666666666,12,11,AGGACGCGGGGGTGTGTGCC,1,2436169
mhpRp1,0.75,19,11,AGCGAAGATTACCACCAGTT,8,2455882
mhpRp1,2.5833333333333335,41,11,AGCATCACGCCTGGTGACGT,30,2441667
mhpRp1,1.0833333333333333,23,11,AGCAATGCCACTCATAGCTG,12,2437077
mhpRp1,1.75,31,11,AGATGCGGATAGAATGAGCA,20,2441714
mhpRp1,2.5,40,11,AGATCGGAAAATTGCCAGGC,29,2449820
mhpRp1,1.75,31,11,AGATACGGCCCTAAGGCCGT,20,2433718
mhpRp1,1.3333333333333333,26,11,AGAATTGCGTCTGGGAAGGT,15,2446134
mhpRp1,4.75,67,11,AGAACGAACGTACTCCTCTA,56,2442185
mhpRp1,6.416666666666667,87,11,ACTTTGGTTCCGATAGCTAC,76,2444057
mhpRp1,1.4166666666666667,27,11,ACTGTCGAGCTTATGGCGAT,16,2423929
mhpRp1,3.0833333333333335,47,11,ACTGTAAGGCCATAAATCTC,36,2452392
mhpRp1,1.5,28,11,ACTGAATACAATTCCGATTT,17,2447941
mhpRp1,1.25,25,11,ACTCGATTCGAGTACTTACT,14,2458927
mhpRp1,0.16666666666666666,12,11,ACTACGCCAGAGCTGATAGT,1,2445379
mhpRp1,2.0833333333333335,35,11,ACGGCGGGCTTCTAACCAGG,24,2456853
mhpRp1,1.4166666666666667,27,11,ACGACATCGATTTACTTTCT,16,2425714
mhpRp1,4.416666666666667,63,11,ACCGTCGAAGTGGTCCAACG,52,2457105
mhpRp1,1.25,25,11,ACCCTGGTCGAGCTCTATCG,14,2471796
mhpRp1,1.0,22,11,ACCAGGACCTAACAAAGGAT,11,2423881
mhpRp1,2.3333333333333335,38,11,ACAACGCTGTCCTTCACAGA,27,2457710
mhpRp1,7.083333333333333,95,11,AATGGTGCGAGCAATATTAT,84,2455080
mhpRp1,1.1666666666666667,24,11,AATGATGAATTAGCCAATTA,13,2455414
mhpRp1,2.8333333333333335,44,11,AATATATCCACTCATGGATT,33,2474718
mhpRp1,6.25,85,11,AATACAGTTGATATTCAATT,74,2472142
mhpRp1,1.25,25,11,AATACAGGATATGCTTCTAA,14,2431527
mhpRp1,0.16666666666666666,12,11,AATAAGCCCAGCCCGTTCCG,1,2452588
mhpRp1,0.5,16,11,AACTTCAGCAGTACGATTGA,5,2459816
mhpRp1,0.25,13,11,AACTGCTTTAACTTTGTCTA,2,2440782
mhpRp1,2.4166666666666665,39,11,AACTCCGGATATTGAAGCGC,28,2452731
mhpRp1,7.583333333333333,101,11,AACCGAGTCCCAAATCCGCA,90,2449879
mhpRp1,1.5,28,11,AAATTTTAAGCTAGCAGCGC,17,2460093
mhpRp1,3.75,55,11,AAATGCTTCTGTTCGTTCTT,44,2469890
mhpRp1,0.9090909090909091,19,10,TTTGTTGGCTCGGTCCAAGA,9,2463681
mhpRp1,2.1818181818181817,33,10,TTTGGCTGGCGTATAAAGAA,23,2435717
mhpRp1,0.2727272727272727,12,10,TTTCGTATCATACACTGGAT,2,2461968
mhpRp1,2.1818181818181817,33,10,TTGTTACAAGAACCGCTGCT,23,2445588
mhpRp1,4.7272727272727275,61,10,TTGTCATCCACTCAGAGACA,51,2477505
mhpRp1,2.5454545454545454,37,10,TTGGTCCTCCGAGCTTATAA,27,2457318
mhpRp1,0.2727272727272727,12,10,TTGGTAATTTATGGATCCTT,2,2455932
mhpRp1,0.9090909090909091,19,10,TTCTCATTGGCTAGTCCATG,9,2464733
mhpRp1,2.8181818181818183,40,10,TTAGTTAAGGAAGCGTTGCA,30,2448991
mhpRp1,4.090909090909091,54,10,TGTTGACGGTGTAACATACG,44,2444703
mhpRp1,3.4545454545454546,47,10,TGTTACGATCCTCTGCTTCT,37,2444433
mhpRp1,4.818181818181818,62,10,TGTGATCGCCGGTCACGACC,52,2448270
mhpRp1,1.4545454545454546,25,10,TGTAAGGAATAACGCAAGCA,15,2477340
mhpRp1,2.272727272727273,34,10,TGGTAGGGAGCAGCTAAATT,24,2441306
mhpRp1,3.8181818181818183,51,10,TGGGCCAGGTCCGTCTTGGG,41,2479325
mhpRp1,1.3636363636363635,24,10,TGGGCATTTACTCAGCGATT,14,2435878
mhpRp1,2.909090909090909,41,10,TGGCCGGGGTATGTGTTTCA,31,2461775
mhpRp1,1.4545454545454546,25,10,TCTTGGTAATACGATAATGC,15,2474951
mhpRp1,0.6363636363636364,16,10,TCTCAATGGAGGCTGCCATT,6,2456940
mhpRp1,3.4545454545454546,47,10,TCGTCAATTAGTTTCGGAAC,37,2450728
mhpRp1,7.818181818181818,95,10,TCGGAGAGTTACCTCCATTT,85,2468353
mhpRp1,0.18181818181818182,11,10,TCGGAATCGGCCTGGGTTAT,1,2429626
mhpRp1,3.8181818181818183,51,10,TCGCTGGTTTAAGTTGAACA,41,2468010
mhpRp1,4.818181818181818,62,10,TCCTACCTTGTCATGAGTAA,52,2430477
mhpRp1,2.3636363636363638,35,10,TCCGGGTCCCCAGGCATCTC,25,2431489
mhpRp1,0.2727272727272727,12,10,TCATTTGAAGTCATGGGTAT,2,2430660
mhpRp1,3.090909090909091,43,10,TCAGTGTTCGCGACAAGAAT,33,2438252
mhpRp1,5.181818181818182,66,10,TATTGTGGTCATGATGGTCG,56,2474927
mhpRp1,0.5454545454545454,15,10,TATTAGTGTCGTTCACCACA,5,2449292
mhpRp1,2.1818181818181817,33,10,TATGTCTCACATCCTCAACC,23,2477093
mhpRp1,1.8181818181818181,29,10,TATGCAATCGACACGCGTTA,19,2438975
mhpRp1,3.727272727272727,50,10,TATGAGAGACTCAGGACGTG,40,2474832
mhpRp1,1.0,20,10,TAGACAGGCCGGTTGGAGCT,10,2442906
mhpRp1,1.0909090909090908,21,10,TACCCCCTCCGAGAAACACT,11,2477765
mhpRp1,8.454545454545455,102,10,TAATTCAATCGGAGCACCGG,92,2426182
mhpRp1,0.7272727272727273,17,10,TAATGTGTGTCTATGTGGAC,7,2429347
mhpRp1,0.6363636363636364,16,10,TAATCTCATTAGGAAAATAG,6,2437392
mhpRp1,0.45454545454545453,14,10,TAATATGGTTCGTACGCATG,4,2470420
mhpRp1,2.0,31,10,TAAAGGTCTTGGTTTGGACT,21,2426094
mhpRp1,0.7272727272727273,17,10,GTTGTAATCAACCACACTCG,7,2455027
mhpRp1,4.545454545454546,59,10,GTTCTCTCCGTCTTTCGGAG,49,2448508
mhpRp1,2.5454545454545454,37,10,GTTCGTTTGCCCGGTAGACT,27,2437445
mhpRp1,3.3636363636363638,46,10,GTTCAAGGCCGACGGATCCT,36,2466999
mhpRp1,4.181818181818182,55,10,GTTATCTACGTGTAAAGTCT,45,2472607
mhpRp1,2.8181818181818183,40,10,GTGGATGACCCTACGAGCTA,30,2458403
mhpRp1,8.454545454545455,102,10,GTGCGCGAGGATGGTCCTAT,92,2468912
mhpRp1,1.4545454545454546,25,10,GTCTTTGACAGAAAGATCCA,15,2427723
mhpRp1,2.4545454545454546,36,10,GTCGTCGAAGTCACTCGGGT,26,2443225
mhpRp1,1.6363636363636365,27,10,GTAAATTACTCCAGGGCGCG,17,2459428
mhpRp1,1.3636363636363635,24,10,GGTTCTTTGCGTTCATCTAC,14,2453683
mhpRp1,1.2727272727272727,23,10,GGTGCTCGAATGTCCCCAGT,13,2464821
mhpRp1,0.18181818181818182,11,10,GGGGTCGCGATCAGGAGGGT,1,2438648
mhpRp1,1.4545454545454546,25,10,GGGGACCATGTATTCTGATC,15,2471273
mhpRp1,1.0909090909090908,21,10,GGGAACCTGCGGCTCGTTAA,11,2436403
mhpRp1,1.7272727272727273,28,10,GGCTTCATGGCTATTGACAT,18,2461522
mhpRp1,1.7272727272727273,28,10,GGCCCTGGTTAGCAACTGTG,18,2455821
mhpRp1,1.2727272727272727,23,10,GGACCAGTGTACGAGAACTT,13,2457573
mhpRp1,3.0,42,10,GGAATGTTTCGTGATGCACG,32,2429317
mhpRp1,1.4545454545454546,25,10,GCGTCAGGCGGAGAAGGACT,15,2443734
mhpRp1,1.8181818181818181,29,10,GCGCAACAGAGGACAAGTGT,19,2450134
mhpRp1,0.36363636363636365,13,10,GCGACGATTACTTCTACGCA,3,2464114
mhpRp1,0.18181818181818182,11,10,GCCTGGCTCAGCGTAGGCAA,1,2456630
mhpRp1,0.5454545454545454,15,10,GCCCCACGTCCCGGTGTGAG,5,2470667
mhpRp1,2.6363636363636362,38,10,GCATACGATCAATGGGTTGA,28,2464477
mhpRp1,2.6363636363636362,38,10,GATGTTGAGGGACACACATA,28,2472415
mhpRp1,3.5454545454545454,48,10,GATGGGCGGTGGACCTAATA,38,2464852
mhpRp1,0.9090909090909091,19,10,GATACGCCCCTAGTAACCTA,9,2469531
mhpRp1,0.45454545454545453,14,10,GAGTGCCGATGTCCGTACCT,4,2424637
mhpRp1,3.6363636363636362,49,10,GACTGGGCACCGCCTCTGAT,39,2473719
mhpRp1,1.7272727272727273,28,10,GACTGGCAAGGGCGCTCTGA,18,2424875
mhpRp1,5.0,64,10,GACTCTTGGGGTTCGCAGCA,54,2451562
mhpRp1,1.4545454545454546,25,10,GACGCTCAGGCGGTTGCGAG,15,2451750
mhpRp1,1.1818181818181819,22,10,GACGCGCGAGTTTGGCCAAC,12,2425742
mhpRp1,0.18181818181818182,11,10,GACCACAAGATGTCTAGTGA,1,2453124
mhpRp1,7.2727272727272725,89,10,GACAGCTCACAGGCATCGTC,79,2427625
mhpRp1,2.090909090909091,32,10,GAAGGTTTTAGGCGCGGAAC,22,2446059
mhpRp1,0.2727272727272727,12,10,GAAGACTGCCAGGCATATGT,2,2427060
mhpRp1,5.2727272727272725,67,10,GAAACATAATGGAGACGAAG,57,2433416
mhpRp1,3.0,42,10,CTTTAATTATCGTCATCAGC,32,2456056
mhpRp1,1.1818181818181819,22,10,CTTTAATGCTTCCGAACAGA,12,2473388
mhpRp1,3.4545454545454546,47,10,CTTGGGGTGATTGAGTCAAT,37,2459555
mhpRp1,5.363636363636363,68,10,CTTAAGGCGATGCGGTACCC,58,2425862
mhpRp1,1.7272727272727273,28,10,CTGCCGAGGTTGGCACCAAG,18,2441676
mhpRp1,1.6363636363636365,27,10,CTCTTGATAGAAGAGCATAA,17,2451113
mhpRp1,3.5454545454545454,48,10,CTCGGGTTCAGCCACTCAAT,38,2467783
mhpRp1,0.18181818181818182,11,10,CTCGCACGGGCTAGCCCCTC,1,2459664
mhpRp1,1.1818181818181819,22,10,CTCGCACATATCCACTGCTT,12,2467099
mhpRp1,4.7272727272727275,61,10,CTCCTAGGTTAGCGTTATAA,51,2436550
mhpRp1,3.4545454545454546,47,10,CTCCCAGTCTTTTACAGCAA,37,2427467
mhpRp1,1.5454545454545454,26,10,CTCACCTCCTACCCACTGAT,16,2426828
mhpRp1,2.090909090909091,32,10,CTAACGAGCGCTATAGAATG,22,2468376
mhpRp1,3.1818181818181817,44,10,CGTTGCTGAGGAGCAGTACA,34,2434603
mhpRp1,6.181818181818182,77,10,CGTAGCAGCGTATATGCCCA,67,2465716
mhpRp1,3.8181818181818183,51,10,CGGGGCGTATTCGGGTCTCT,41,2439393
mhpRp1,0.18181818181818182,11,10,CGGGCATCAGTAACATTCAT,1,2423893
mhpRp1,2.909090909090909,41,10,CGGCTGTCTGTGATAATGTG,31,2459155
mhpRp1,0.2727272727272727,12,10,CGGCCGATCTTAGTCTCCCT,2,2429746
mhpRp1,0.18181818181818182,11,10,CGCTACCACAAGGTCGGCGG,1,2431709
mhpRp1,2.6363636363636362,38,10,CGCCCTGTTTGGCCTAAGTC,28,2452679
mhpRp1,2.090909090909091,32,10,CGCCCACCCCGATATTTGCT,22,2440919
mhpRp1,1.7272727272727273,28,10,CGAGGCGCTAGTCCACCTGA,18,2435436
mhpRp1,0.18181818181818182,11,10,CGACGCAGACTTGCCAGATT,1,2464200
mhpRp1,0.18181818181818182,11,10,CCTTTGCTGCCCGATCCGAT,1,2434803
mhpRp1,9.454545454545455,113,10,CCTTCCCGAGGTGGACGTAA,103,2427772
mhpRp1,2.090909090909091,32,10,CCTCTCTGGGGTAACACGTC,22,2447466
mhpRp1,0.18181818181818182,11,10,CCTCTCGTCTGCGTCACAGA,1,2458440
mhpRp1,0.18181818181818182,11,10,CCTAATCTCTCTTGGTGAAG,1,2432234
mhpRp1,2.090909090909091,32,10,CCGCATCGGATCCCACAATA,22,2443679
mhpRp1,1.9090909090909092,30,10,CCCGGAATGCTAACAAAGGA,20,2433131
mhpRp1,5.363636363636363,68,10,CCCGCTAAGGACAAATGCCT,58,2464342
mhpRp1,1.4545454545454546,25,10,CCCCGGCATTCAGTATCATT,15,2458556
mhpRp1,0.18181818181818182,11,10,CCATGCGCCGCACGAGCTGC,1,2461137
mhpRp1,4.909090909090909,63,10,CCAGGGAATAGCTAATTATT,53,2452434
mhpRp1,1.1818181818181819,22,10,CCAATAAATTGGTTCGGGGT,12,2442373
mhpRp1,4.636363636363637,60,10,CCAAGTGCTAAGACGAAGAA,50,2455102
mhpRp1,1.1818181818181819,22,10,CCAAAGTAATACGCGCTCAA,12,2432454
mhpRp1,1.2727272727272727,23,10,CATGGTCGGCTCGAGAGGTA,13,2453839
mhpRp1,1.3636363636363635,24,10,CATAATTTTCTACTGTCGAA,14,2423958
mhpRp1,6.090909090909091,76,10,CAGTGCAAGTAGCCAGTCCT,66,2450420
mhpRp1,0.2727272727272727,12,10,CAGGGTAAGGAGCGCAGTAC,2,2443850
mhpRp1,4.0,53,10,CACGACGTGTGAATTAAATC,43,2425800
mhpRp1,3.727272727272727,50,10,CACCTCCTATAAAAACTCAG,40,2459027
mhpRp1,2.3636363636363638,35,10,CAAGGTCCCGAGTCCAGCAT,25,2433976
mhpRp1,0.18181818181818182,11,10,CAAGGCGTTACACAGGGGGA,1,2441758
mhpRp1,0.18181818181818182,11,10,CAAATCGGTCAGCCTGGTAT,1,2446635
mhpRp1,0.18181818181818182,11,10,ATTTCAGTGTAGAGGGGCAA,1,2448997
mhpRp1,4.7272727272727275,61,10,ATTCAGCAAGCTCATGTAAA,51,2432893
mhpRp1,0.18181818181818182,11,10,ATTAAGCTTGGCCAGCCGTG,1,2476813
mhpRp1,2.3636363636363638,35,10,ATGGAGGGCTCATATAAGTT,25,2445974
mhpRp1,0.18181818181818182,11,10,ATGACGCAGCCAGCCTTGTG,1,2475352
mhpRp1,3.8181818181818183,51,10,ATCTTTAGGGGCTTCCACCA,41,2456583
mhpRp1,0.7272727272727273,17,10,ATCGAAACATCACCCTTTGA,7,2461372
mhpRp1,0.8181818181818182,18,10,ATATGTTGTATAAGGTCCTT,8,2451235
mhpRp1,0.18181818181818182,11,10,ATATCCAGCTCTGTAGCATG,1,2425110
mhpRp1,0.18181818181818182,11,10,ATAGATGCACATGGGGCAGG,1,2459251
mhpRp1,0.18181818181818182,11,10,AGTTGAAGCGATAAAGTTAA,1,2461580
mhpRp1,2.8181818181818183,40,10,AGTCCTGACTGGGTGGCTTA,30,2457868
mhpRp1,0.7272727272727273,17,10,AGGCCCCACGCAGTTTCCGT,7,2431321
mhpRp1,1.4545454545454546,25,10,AGGCCACCGCACTGCGTGAC,15,2429691
mhpRp1,2.5454545454545454,37,10,AGGCATTTAGCATAGGCTCT,27,2475005
mhpRp1,0.18181818181818182,11,10,AGGCAACGGTTAACTGGAAG,1,2463239
mhpRp1,1.6363636363636365,27,10,AGGCAAATCTAAAAGTCAGT,17,2451908
mhpRp1,0.2727272727272727,12,10,AGGAGGTGCGTATCCCGACG,2,2427352
mhpRp1,0.18181818181818182,11,10,AGCCATTAGCTCCGTCCAGA,1,2424480
mhpRp1,0.7272727272727273,17,10,AGATGACTGGGTTTCCCTGA,7,2433374
mhpRp1,4.090909090909091,54,10,AGATATGAGTGTACGCACGA,44,2463280
mhpRp1,5.7272727272727275,72,10,AGAAGCAGGCCAACGCGATA,62,2445287
mhpRp1,5.0,64,10,ACTGCGTGTAGTTCCCTCCT,54,2429944
mhpRp1,0.18181818181818182,11,10,ACTCTTGACAACAAGACGGT,1,2427326
mhpRp1,5.2727272727272725,67,10,ACTAGCCATTGAGCACATTC,57,2454765
mhpRp1,2.1818181818181817,33,10,ACTAGACGAGCATCCGGAGT,23,2452901
mhpRp1,1.2727272727272727,23,10,ACTAATGAATCAGCGAGGTT,13,2470057
mhpRp1,0.45454545454545453,14,10,ACGCTTCCATCCTTCATGCT,4,2474298
mhpRp1,1.6363636363636365,27,10,ACGAGATAGGAGGCTTAAGA,17,2453154
mhpRp1,0.5454545454545454,15,10,ACCCACATAAAGTCTTTCAC,5,2464403
mhpRp1,0.9090909090909091,19,10,ACATACCTGTCCAGGGTGGC,9,2475684
mhpRp1,0.18181818181818182,11,10,ACACACGTAAGGTATGTTAA,1,2464145
mhpRp1,1.3636363636363635,24,10,ACAAGCCTAAACTAAATCAG,14,2428482
mhpRp1,0.18181818181818182,11,10,ACAACGCACTCTCAGATAGT,1,2455567
mhpRp1,0.5454545454545454,15,10,AATGAGGCAGTCACCATCTT,5,2475857
mhpRp1,3.6363636363636362,49,10,AATCAGCGGTGCCAACTCTC,39,2463070
mhpRp1,1.0909090909090908,21,10,AACTTTTCTACTCCGAAGAT,11,2461482
mhpRp1,0.8181818181818182,18,10,AACGCATGTAAGTTAGGGAG,8,2461978
mhpRp1,2.8181818181818183,40,10,AACCTGATAGCTTGAGGTGT,30,2465799
mhpRp1,2.272727272727273,34,10,AACAGGCCCGAATTATTGGT,24,2439296
mhpRp1,5.818181818181818,73,10,AACACAAACTGGGCTCGTGC,63,2471742
mhpRp1,1.1,19,9,TTTGTGGGTACAAAATGAGT,10,2430135
mhpRp1,0.2,10,9,TTTGGAAACGAAGCTCAGAG,1,2477456
mhpRp1,0.5,13,9,TTTCCAAACAGTTCTGAATC,4,2426053
mhpRp1,2.6,34,9,TTTATAGGTTCGTCACTACA,25,2470985
mhpRp1,0.6,14,9,TTTAGGTGTATCAGGTCAGT,5,2439379
mhpRp1,5.6,64,9,TTGTGCGCTAAATCCTTCCT,55,2437786
mhpRp1,3.5,43,9,TTCTTGGCGCGTAACCTTGG,34,2435050
mhpRp1,4.3,51,9,TTCTGCAACGTTACACGTAT,42,2472203
mhpRp1,1.5,23,9,TTCGTGATCGAATCTATTAG,14,2463460
mhpRp1,1.3,21,9,TTCGGCTCGGTACTTGTGAC,12,2455287
mhpRp1,0.2,10,9,TTCCGAGCCAGTTGAGGAGT,1,2471179
mhpRp1,0.2,10,9,TTCAGTTTTCACCAATATCT,1,2442015
mhpRp1,11.2,120,9,TTCACGTGCCATCGGGACAC,111,2447774
mhpRp1,0.3,11,9,TTATTTTGAACCAGGACCGC,2,2458406
mhpRp1,0.6,14,9,TTAGAAATATTCCCCCTAGA,5,2443843
mhpRp1,3.9,47,9,TTACTGAAAAGCCTATTACT,38,2466933
mhpRp1,4.7,55,9,TTAAGGTACCCAGTGTCCGT,46,2456690
mhpRp1,3.1,39,9,TGTGATCCCTGAAGGGCCCT,30,2446889
mhpRp1,6.1,69,9,TGGTGGACGGGTCTGGGGAG,60,2468157
mhpRp1,7.1,79,9,TGGCGATAGCTGATGGTGCT,70,2426900
mhpRp1,0.2,10,9,TGCTTGTATCCGTCAATGAA,1,2455151
mhpRp1,7.3,81,9,TGCATTTTAGGTATGTCAAC,72,2447208
mhpRp1,2.6,34,9,TGATTAGTGAGGATCGCATC,25,2476820
mhpRp1,0.8,16,9,TGATCAAAGCAGATTATACT,7,2440600
mhpRp1,2.1,29,9,TGACATGTGTGTAGTTCGTG,20,2451649
mhpRp1,3.3,41,9,TGAATGCTGAAGATGATCAC,32,2466587
mhpRp1,1.0,18,9,TGAACATGACCTATGTTGCT,9,2472530
mhpRp1,0.2,10,9,TCTGCGCCATATGTAAACTT,1,2447493
mhpRp1,1.8,26,9,TCTCGCTGTAGGGTTTAGCA,17,2479198
mhpRp1,1.3,21,9,TCTATGGCGTTCCTACGTAA,12,2452131
mhpRp1,2.8,36,9,TCTAGTAACCCTTTATCTCT,27,2457316
mhpRp1,2.8,36,9,TCGGTGGCTAAAGTGCAACG,27,2428490
mhpRp1,1.4,22,9,TCGCTGAAGATGCAATGCGA,13,2462516
mhpRp1,4.0,48,9,TCCGATACGTTCATGAATCT,39,2472652
mhpRp1,2.7,35,9,TCCAGTATAGGTTGCGAGTA,26,2471744
mhpRp1,1.0,18,9,TCATCTGTATCGACTCGATG,9,2468138
mhpRp1,3.7,45,9,TCAAGAACCGCCTACTAGCT,36,2424430
mhpRp1,0.2,10,9,TAGGACATCCTCCCAGAAAG,1,2474615
mhpRp1,6.5,73,9,TAGCATGTTCGAGCGTTCAT,64,2438119
mhpRp1,0.2,10,9,TACGTCGGATTTCACACGCC,1,2450914
mhpRp1,3.6,44,9,TAATATTACCTGTTTCATTT,35,2426898
mhpRp1,3.7,45,9,TAAGGTAACAATATACTGTC,36,2442179
mhpRp1,0.2,10,9,GTTTCAGCCCCATTTGAGCT,1,2453745
mhpRp1,0.9,17,9,GTTTATTTCGAGAATGTTAA,8,2469717
mhpRp1,2.7,35,9,GTTTAAGCGTGGGGGTAAGA,26,2466011
mhpRp1,2.4,32,9,GTTGTCAACCGGAAACTGTA,23,2439332
mhpRp1,3.1,39,9,GTGTCTCAGGTCCTGATGAA,30,2453771
mhpRp1,1.6,24,9,GTGCTGAGGGGTGCGAGGCT,15,2457811
mhpRp1,1.4,22,9,GTCTATCCAGGTTTTCCTGT,13,2465844
mhpRp1,2.0,28,9,GTCGTGCCAAACCTAGAGTA,19,2446834
mhpRp1,12.1,129,9,GTATGAAGTTCACCTGTATC,120,2447232
mhpRp1,1.6,24,9,GTATAGAGTTTCCGAGCCCA,15,2438669
mhpRp1,1.1,19,9,GTACGAGTATCAGCGGTCGT,10,2439816
mhpRp1,0.2,10,9,GTAAGAGAGACGCCTTAGAC,1,2428058
mhpRp1,0.2,10,9,GGTGCGTCCGTGATGCACCC,1,2454118
mhpRp1,1.8,26,9,GGTAGTGTGGGTTACTGTGG,17,2449880
mhpRp1,1.0,18,9,GGTAGCGTCACTCGTACTCT,9,2440762
mhpRp1,2.1,29,9,GGTAACTTTACGTTTATAGA,20,2441127
mhpRp1,2.8,36,9,GGGTGTACACTGGGGCTATT,27,2436327
mhpRp1,0.7,15,9,GGGTACCCTGTTATAATTCA,6,2425204
mhpRp1,0.9,17,9,GGGTAAGGGCTGGCGGGCAA,8,2478478
mhpRp1,0.7,15,9,GGGGTATGTGAGCCTTCTTG,6,2443959
mhpRp1,4.9,57,9,GGGGGAGAGGGCGGCACCAC,48,2443498
mhpRp1,1.6,24,9,GGGGACTAGACCTATTCTGC,15,2424310
mhpRp1,0.8,16,9,GGGCGTTGCAATCGAGGGGG,7,2441913
mhpRp1,3.7,45,9,GGGCGGCCCAACGATGAAAG,36,2446296
mhpRp1,1.3,21,9,GGCAATCATCCATTGACGGG,12,2445952
mhpRp1,3.5,43,9,GGCAAGAACTTAAGGGTGAT,34,2435431
mhpRp1,3.1,39,9,GGATAGTACGAGATTGTCTT,30,2454740
mhpRp1,2.2,30,9,GGAGACTAGCGGATGTGTTT,21,2479354
mhpRp1,2.2,30,9,GGAAACAACATAGCGTTGGA,21,2444711
mhpRp1,4.6,54,9,GCTTGCCCGGCCAGAAATGT,45,2435373
mhpRp1,1.0,18,9,GCGTTGTTTGAGCTTTAATT,9,2437231
mhpRp1,1.1,19,9,GCGTCGCGTGGTAGCTCTTA,10,2463198
mhpRp1,3.1,39,9,GCGTCCAATCTCACGTACCA,30,2445407
mhpRp1,3.1,39,9,GCGGCGCCGGACCGAACTAC,30,2427491
mhpRp1,0.2,10,9,GCCGTGTCGCCACTTGGTCC,1,2425228
mhpRp1,2.3,31,9,GCCACGCGACACCTAACGTC,22,2429983
mhpRp1,1.5,23,9,GCATCGCTTCGTCTATCTAC,14,2433717
mhpRp1,4.6,54,9,GCACTCGAACTAATACCTTA,45,2426439
mhpRp1,2.6,34,9,GCAACGTGTTCAACTGGCCA,25,2458069
mhpRp1,3.4,42,9,GATTTAATAGATCAGCAGGG,33,2433565
mhpRp1,1.0,18,9,GATGAGAGCCGGACCGCGAT,9,2452397
mhpRp1,0.3,11,9,GATCACCGGCCGGGCTGGAT,2,2470683
mhpRp1,4.1,49,9,GATATTCTAACCCTATTAAC,40,2478808
mhpRp1,1.3,21,9,GAGGTTGATGGTCGGCTAAT,12,2464153
mhpRp1,1.6,24,9,GAGGGTAAAAACCTACCGAC,15,2475505
mhpRp1,1.4,22,9,GAGCGGGCAGGGAAGTGGAT,13,2447205
mhpRp1,0.9,17,9,GACTTGGAAAGCAGTACCAC,8,2458609
mhpRp1,0.5,13,9,GACTATATCTCCCAGAGGAG,4,2447115
mhpRp1,1.5,23,9,GACTAATGAGGTCCCCGGCA,14,2465642
mhpRp1,1.2,20,9,GACCTTTTGCCAGCACCGAC,11,2464146
mhpRp1,0.2,10,9,GACACCGCCTTCATGCGGTC,1,2446536
mhpRp1,5.0,58,9,GAAGTATTACCGCTCTCGCT,49,2457529
mhpRp1,0.2,10,9,GAACACTAACAGATCTACTT,1,2451025
mhpRp1,4.2,50,9,GAAACGTAGGATTTGGACCG,41,2428577
mhpRp1,2.3,31,9,GAAAACACGTAGCCCGAAAA,22,2462731
mhpRp1,0.2,10,9,CTTTTGCCGAAGGTTATCTC,1,2454166
mhpRp1,0.3,11,9,CTTGAAGCAATACGCCTCCA,2,2448442
mhpRp1,8.1,89,9,CTGTTCTGTACCGTGGTTTC,80,2474880
mhpRp1,1.7,25,9,CTGATGTAAAAGCTTACGGA,16,2453247
mhpRp1,7.1,79,9,CTCTTTGAGAAGCTGATGGT,70,2445774
mhpRp1,0.4,12,9,CTCAGTTGATCAAAGGGTCA,3,2442200
mhpRp1,1.1,19,9,CTCAGGGGGGTGACATGGAA,10,2457610
mhpRp1,0.6,14,9,CTATAGTCCGTGCTTAGAAC,5,2428171
mhpRp1,0.2,10,9,CTAGGAATGTGGACGCAGAG,1,2470984
mhpRp1,5.1,59,9,CTAATGGCCGCAAGCCGCCG,50,2476464
mhpRp1,3.7,45,9,CTAACTACGTTGCTATCGTT,36,2452055
mhpRp1,2.1,29,9,CGTACGGGGCCTTAAATACC,20,2452233
mhpRp1,1.4,22,9,CGTAATCTTTTTCCCCGAGT,13,2475414
mhpRp1,2.8,36,9,CGGTGGCACATACCACACCT,27,2433442
mhpRp1,0.8,16,9,CGGTGCGGGAGACGCTTCCG,7,2448587
mhpRp1,10.3,111,9,CGGTATTGCCTCGCTGAGCT,102,2437718
mhpRp1,0.8,16,9,CGGCTCTCCTCGGAATCATG,7,2451876
mhpRp1,1.5,23,9,CGGAATAGGGGAGGATGGAA,14,2471906
mhpRp1,2.6,34,9,CGCCTAGAGCTTCGTTCCGG,25,2459565
mhpRp1,0.2,10,9,CGATTTGATTGGTTCAGTCT,1,2461768
mhpRp1,3.9,47,9,CGACAGAGTACCTAGTGGTT,38,2448593
mhpRp1,3.2,40,9,CCTTGCGACGCTGGTGCTTG,31,2447199
mhpRp1,2.4,32,9,CCTGGTAATAATTCCGCCTT,23,2429132
mhpRp1,1.3,21,9,CCGTTGTTTTTTGAATGGAG,12,2439500
mhpRp1,0.2,10,9,CCGTAGACTCGGGTGATCCA,1,2436005
mhpRp1,5.2,60,9,CCGGCGGTCGGTAGGTATGG,51,2457975
mhpRp1,5.2,60,9,CCGCTTGTTCACATATGTCA,51,2454365
mhpRp1,1.3,21,9,CCGCGCATTTTTTTCGTAGA,12,2468341
mhpRp1,9.4,102,9,CCCTGTGCTACGAGGCGCCA,93,2456352
mhpRp1,13.1,139,9,CCAATGTGTTTTCTCCTAGT,130,2476658
mhpRp1,2.2,30,9,CATCCTGAATTCCATTGTCG,21,2426445
mhpRp1,5.5,63,9,CATATAGGAATTACGCACGT,54,2447981
mhpRp1,1.6,24,9,CATAGTCAACGTTACAACCA,15,2447234
mhpRp1,0.2,10,9,CAGTCTAAGGTAGGACGTCA,1,2467339
mhpRp1,3.0,38,9,CAGTATGGCTGCCTGTGGTA,29,2432865
mhpRp1,6.6,74,9,CAGGATCAGTGTCTGATCCG,65,2437272
mhpRp1,1.3,21,9,CAGCGTCGTTAATGTTTTAT,12,2440344
mhpRp1,3.1,39,9,CAGATCTTTCAATACAACTT,30,2460585
mhpRp1,8.5,93,9,CAGATAGGGGCTCCACTCGT,84,2423927
mhpRp1,6.3,71,9,CACTGCGGCTGGCCCCGCGG,62,2434797
mhpRp1,0.3,11,9,CACGGGGCGGCCCGGTAGCG,2,2472344
mhpRp1,4.2,50,9,CACGGGAGGCAACCGTTGAG,41,2466533
mhpRp1,3.1,39,9,CAATAGTCAACTCTAGAATA,30,2443705
mhpRp1,6.5,73,9,ATTCTTAAATGCACCTTACC,64,2463690
mhpRp1,1.4,22,9,ATGGCTGGGTTGAGCATACA,13,2476793
mhpRp1,0.2,10,9,ATCTCGCTTAATTAGACTTC,1,2443989
mhpRp1,3.1,39,9,ATCAGGGGAGGCGGAATACG,30,2426099
mhpRp1,4.6,54,9,ATATTATGTATGGGATTAGC,45,2434778
mhpRp1,5.5,63,9,ATAACACGCAATGCAACGGT,54,2436299
mhpRp1,1.5,23,9,AGTTTGGAAGAAGGTCGGCG,14,2448398
mhpRp1,0.4,12,9,AGTGACGTAAGTGACAGGAA,3,2443747
mhpRp1,2.5,33,9,AGGGTATACCTAACAAAAGA,24,2436168
mhpRp1,5.8,66,9,AGGGTAGACGGGGGATTTTG,57,2433566
mhpRp1,6.7,75,9,AGGCGTAACAGCGTTATAAT,66,2428268
mhpRp1,0.2,10,9,AGCCTGGTGGCCGATGGTAT,1,2477994
mhpRp1,3.9,47,9,AGCAGTATGTATTTTCTCGT,38,2433093
mhpRp1,0.4,12,9,AGAGAAAGAGTTGGCGCGAT,3,2472476
mhpRp1,0.2,10,9,AGACACTCCAATGAAGAGAG,1,2459603
mhpRp1,3.7,45,9,AGAAATCGTAGTTCAGATGT,36,2456090
mhpRp1,5.7,65,9,ACTTTTGAGCGTCCATGGGA,56,2451221
mhpRp1,0.3,11,9,ACTTGGGCACAGAAGCAGTA,2,2458646
mhpRp1,3.3,41,9,ACTTATCGGGTTAACAACGT,32,2464854
mhpRp1,3.5,43,9,ACTATCGCGGGCCTGGAAAT,34,2463095
mhpRp1,1.7,25,9,ACTAGGCCAACGAGTTCCTT,16,2430357
mhpRp1,3.1,39,9,ACGTTGTTGGCTTCTACGCA,30,2432867
mhpRp1,0.5,13,9,ACCTGGCATGGTCACAAGAT,4,2435394
mhpRp1,1.6,24,9,ACCTCACCGAAGCCTTATGG,15,2448698
mhpRp1,0.2,10,9,ACCGTAGCGGATTTCGGGAA,1,2435235
mhpRp1,4.3,51,9,ACCGACCCCTCCGAGGACAG,42,2462961
mhpRp1,3.5,43,9,AATGGCGTAAGTACATCACC,34,2450307
mhpRp1,0.4,12,9,AATCGGATGATTTTTTCAGA,3,2464088
mhpRp1,0.9,17,9,AAGCAGCAGGGATCGCGAAC,8,2436933
mhpRp1,0.8,16,9,AAGATGCCCTCGCGCCCTAA,7,2467805
mhpRp1,5.1,59,9,AACCGGACGGCAAGTCGAAT,50,2434977
mhpRp1,2.0,28,9,AACATGACCATAGGTATCCT,19,2435211
mhpRp1,2.6,34,9,AACAGGTTTGGATGTCCGGT,25,2428757
mhpRp1,3.5,43,9,AAATGCCGCGGGTTAACCTA,34,2464631
mhpRp1,1.7,25,9,AAATAATATGATAGTCACAC,16,2473562
mhpRp1,8.3,91,9,AAACCGCGGCCAAACGTGGA,82,2450152
mhpRp1,1.8888888888888888,24,8,TTTGGCTAACCGTGTCCAGG,16,2467267
mhpRp1,2.5555555555555554,30,8,TTGTTCTTGTTAAGCTATTA,22,2468244
mhpRp1,4.444444444444445,47,8,TTGGTACGCCTAAGTCGTAT,39,2453531
mhpRp1,1.2222222222222223,18,8,TTGGGCAGCCCGCACGCGAG,10,2469782
mhpRp1,3.888888888888889,42,8,TTGAGATCTAGGGAGATTAA,34,2435442
mhpRp1,5.222222222222222,54,8,TTCTGATCCATCGGATATTC,46,2427179
mhpRp1,14.555555555555555,138,8,TTCTGAGACCTATGAACATA,130,2456302
mhpRp1,0.5555555555555556,12,8,TTCCGAAGGGATTTCTTAGT,4,2445773
mhpRp1,3.7777777777777777,41,8,TTATAGCCATATCACTTAAG,33,2450844
mhpRp1,1.3333333333333333,19,8,TTAGGCTATTGCAACGGAAA,11,2471240
mhpRp1,1.2222222222222223,18,8,TTAGCTGGTCGAATTTCGGA,10,2468199
mhpRp1,19.333333333333332,181,8,TGTGACAGTGAGAGCGTGCC,173,2452229
mhpRp1,3.111111111111111,35,8,TGGCTGGGCCGTAACTCCTA,27,2448295
mhpRp1,4.222222222222222,45,8,TGCTGTGCTTCTCATCCTTA,37,2472870
mhpRp1,0.2222222222222222,9,8,TGCGGTTACATGAAGACAAC,1,2450912
mhpRp1,1.0,16,8,TGATTGTGCGAGCAAGGTCT,8,2444375
mhpRp1,3.7777777777777777,41,8,TGATATACGGGAAGTCTTTG,33,2441310
mhpRp1,0.7777777777777778,14,8,TCGTTGAAGTACTGTGTTTG,6,2461559
mhpRp1,5.888888888888889,60,8,TCGTCTTTTTCATAAGCGGA,52,2453806
mhpRp1,1.8888888888888888,24,8,TCGTACGAGGGCCAGTTAGT,16,2459424
mhpRp1,2.111111111111111,26,8,TCGGCCTGAATTTCCATAGT,18,2442870
mhpRp1,6.555555555555555,66,8,TCCTTAGTTTAAACCGACCG,58,2431251
mhpRp1,0.2222222222222222,9,8,TCCTGGACTGGATACGCATT,1,2443762
mhpRp1,2.2222222222222223,27,8,TCCTAGCTGATTAACGTCCT,19,2459198
mhpRp1,3.7777777777777777,41,8,TCCGGCGTCAGTTCTATCAA,33,2453818
mhpRp1,0.4444444444444444,11,8,TCCATATCTACGGCGAGGGT,3,2444959
mhpRp1,4.666666666666667,49,8,TCCAAAGACATACCCGTCCT,41,2453807
mhpRp1,1.7777777777777777,23,8,TCATGATGAGGGCCAGATAA,15,2478801
mhpRp1,1.4444444444444444,20,8,TCATAATTAGGGGTCAGACC,12,2445519
mhpRp1,4.111111111111111,44,8,TCAGCTCCGACTGAGTCCCT,36,2460557
mhpRp1,3.4444444444444446,38,8,TCAGACTTGCGCACTCGGGT,30,2435965
mhpRp1,1.7777777777777777,23,8,TCACTAGCGGTACCATGTGA,15,2466098
mhpRp1,4.888888888888889,51,8,TCACGTAGCACCTGCGCGGG,43,2428782
mhpRp1,0.2222222222222222,9,8,TCAAAACGGAACGGGCTATG,1,2465767
mhpRp1,2.5555555555555554,30,8,TATTGCTTGGGAGACCGACT,22,2473687
mhpRp1,2.5555555555555554,30,8,TATGTATAACTTAGGGGCAA,22,2448414
mhpRp1,6.777777777777778,68,8,TATGAACGGATCGTCTCGAG,60,2467854
mhpRp1,2.0,25,8,TATAGTGATGGATACAGGTT,17,2434300
mhpRp1,1.7777777777777777,23,8,TAGGGTTTTTGACCATGAGG,15,2428827
mhpRp1,0.2222222222222222,9,8,TAGGGCGGAGTAACTGCGTG,1,2464191
mhpRp1,0.2222222222222222,9,8,TACTTGTATTACGCATCTGG,1,2478781
mhpRp1,0.2222222222222222,9,8,TACGTTACCGGACATTAGCT,1,2431622
mhpRp1,0.7777777777777778,14,8,TACGTCCACGAGATGATATA,6,2425550
mhpRp1,2.111111111111111,26,8,TACGGATTGTTTGGATGCTG,18,2448923
mhpRp1,1.6666666666666667,22,8,TACCAACCGATCGGAGACCA,14,2476712
mhpRp1,0.5555555555555556,12,8,TACACTGATGACACGTATAC,4,2438993
mhpRp1,6.444444444444445,65,8,TACAACTTGGGGAATAGAAA,57,2425585
mhpRp1,0.8888888888888888,15,8,TAATTAGGGGGCAAACGACG,7,2435437
mhpRp1,2.4444444444444446,29,8,TAAGCCTTATAGGCCGGGAG,21,2455729
mhpRp1,2.7777777777777777,32,8,TAAGACCCACGAATATCTCT,24,2452514
mhpRp1,3.0,34,8,GTTTGGTCCTTCTCCAAGAC,26,2443412
mhpRp1,7.444444444444445,74,8,GTTGTTGTTCCTCGAAGCTC,66,2446904
mhpRp1,2.2222222222222223,27,8,GTTGGTCTTGCTACTTGTTA,19,2427510
mhpRp1,8.777777777777779,86,8,GTGGGTGTAAAGGTACCTTG,78,2433633
mhpRp1,1.5555555555555556,21,8,GTCGGTGGCCCACAGGCATT,13,2451551
mhpRp1,0.6666666666666666,13,8,GTCCACGGCGTTCCTAACAA,5,2459311
mhpRp1,0.4444444444444444,11,8,GTCATAAGTAGTCATCAGTT,3,2440552
mhpRp1,0.3333333333333333,10,8,GTCAGCTGGCCGTCTGTTGG,2,2445964
mhpRp1,2.0,25,8,GTAAGGTGTTGAGACGGTTC,17,2467184
mhpRp1,1.2222222222222223,18,8,GGTTTAGTACGGCCCGGCTT,10,2428309
mhpRp1,2.5555555555555554,30,8,GGGTTTGTGTAGAGCCAGTA,22,2435264
mhpRp1,5.444444444444445,56,8,GGGTCGCAAGAAATTAAGCT,48,2453061
mhpRp1,0.6666666666666666,13,8,GGGTCGAAACAGGGCCGGGA,5,2468890
mhpRp1,3.111111111111111,35,8,GGGGGATAAAGGTTTGCTTT,27,2426331
mhpRp1,0.2222222222222222,9,8,GGGCAAGCCAGGTGGCCAGC,1,2439853
mhpRp1,3.3333333333333335,37,8,GGCAATAATTTGCCTGTGAC,29,2439687
mhpRp1,1.2222222222222223,18,8,GGAGTCTAAAGCTTCCTCCA,10,2446441
mhpRp1,2.111111111111111,26,8,GGACAACCACATGCTGGGAA,18,2425596
mhpRp1,0.2222222222222222,9,8,GGAACTTCAGGATGAAAGTC,1,2424391
mhpRp1,0.2222222222222222,9,8,GCTCGAAACGAGTTTTGACC,1,2469560
mhpRp1,0.2222222222222222,9,8,GCTACGATTAATGATAGGTT,1,2441205
mhpRp1,2.111111111111111,26,8,GCGGTTACACCAGGGTAACA,18,2432406
mhpRp1,3.2222222222222223,36,8,GCGCGGGTTGGCCCAAACGA,28,2458186
mhpRp1,4.777777777777778,50,8,GCCGGTAAGTAATACGCTGT,42,2446897
mhpRp1,4.111111111111111,44,8,GCCGCGTCCCACCTTAGAAT,36,2433117
mhpRp1,0.3333333333333333,10,8,GCCACCGACTCTTCGGCTCT,2,2477588
mhpRp1,0.8888888888888888,15,8,GATCGCCGGTCAACTTGGCT,7,2426560
mhpRp1,4.777777777777778,50,8,GAGTCGTCCTGGCATGACGG,42,2446844
mhpRp1,4.555555555555555,48,8,GAGTATTCGCGCGGGGGGCG,40,2452630
mhpRp1,0.2222222222222222,9,8,GAGTAGTCGATAGCATCGTA,1,2450750
mhpRp1,1.1111111111111112,17,8,GAGGACGACAGCATATCCAA,9,2432744
mhpRp1,2.888888888888889,33,8,GAGCCTATTTAAGTATTGCG,25,2448016
mhpRp1,3.6666666666666665,40,8,GACCGTCGAAGAGCTCTTTC,32,2434646
mhpRp1,1.7777777777777777,23,8,GAATCGCAGGCTTATCTAGT,15,2455073
mhpRp1,1.5555555555555556,21,8,GAATCCGTCATGAGGGCTCT,13,2445740
mhpRp1,0.2222222222222222,9,8,GAACACTGGGACCTCTTGGA,1,2466848
mhpRp1,2.6666666666666665,31,8,GAAAGAAATCTTGATAAATA,23,2431447
mhpRp1,5.0,52,8,CTTTCTCGCCTGGTTTTTAG,44,2432097
mhpRp1,3.888888888888889,42,8,CTTTCAGGCACATTTTAAGA,34,2428012
mhpRp1,3.111111111111111,35,8,CTTACTCAAGGTGTACTCCA,27,2463315
mhpRp1,3.2222222222222223,36,8,CTGTCTGTTTACAGATTTCG,28,2476059
mhpRp1,4.111111111111111,44,8,CTCAGTACGCCATTAAGTAA,36,2472388
mhpRp1,6.333333333333333,64,8,CTACTCTTCAATCTAGCTCT,56,2470125
mhpRp1,4.222222222222222,45,8,CTACCATTCTGGGGACCTCT,37,2459318
mhpRp1,3.4444444444444446,38,8,CGTTGATTTAATGTCCGTAA,30,2442627
mhpRp1,3.888888888888889,42,8,CGTCTACTATTAGTGCCGAT,34,2442358
mhpRp1,2.7777777777777777,32,8,CGTCATCACAAGTTCCAGGT,24,2445845
mhpRp1,4.222222222222222,45,8,CGTAAAACCGGATCTAGGTA,37,2453158
mhpRp1,3.3333333333333335,37,8,CGGTTAAGTCGGCAGTGGAG,29,2469914
mhpRp1,14.88888888888889,141,8,CGGCCCTTAATGTCTACTTT,133,2427874
mhpRp1,1.5555555555555556,21,8,CGCCTTTAACTATACTAGCA,13,2448014
mhpRp1,4.222222222222222,45,8,CGCCTTGTGCGAAGGACAAC,37,2439370
mhpRp1,5.444444444444445,56,8,CGCAGACAAGCAAGTATACT,48,2431322
mhpRp1,1.2222222222222223,18,8,CGAAGTTCCCGGCCTCGTGT,10,2446318
mhpRp1,1.2222222222222223,18,8,CGAACGCTTTCGCTTAAGGG,10,2443511
mhpRp1,4.444444444444445,47,8,CCTTTGTCGGCAGATAGGCA,39,2458686
mhpRp1,4.666666666666667,49,8,CCTGTTCACCTGCATATGTG,41,2439697
mhpRp1,8.666666666666666,85,8,CCTGTCAGCTTCGCTGTGAT,77,2453779
mhpRp1,5.111111111111111,53,8,CCTATAACGTCCTTCTGGTT,45,2445286
mhpRp1,3.2222222222222223,36,8,CCGTTACAAGGGCATTGGTT,28,2468961
mhpRp1,7.0,70,8,CCGTGGCGTAGTTGGTCATA,62,2440570
mhpRp1,6.0,61,8,CCGTGCCCTTCCTCACTGAG,53,2469946
mhpRp1,7.777777777777778,77,8,CCGTCCAAGCTCGGTAGACA,69,2449030
mhpRp1,4.888888888888889,51,8,CCGTATGCCGACAGGATCAT,43,2464566
mhpRp1,10.444444444444445,101,8,CCGGGAGATAGGGTATGGTC,93,2467000
mhpRp1,3.111111111111111,35,8,CCGGCAAAAAAATAATTCGC,27,2442036
mhpRp1,1.8888888888888888,24,8,CCGCTTACTATGTGGCTAAA,16,2447060
mhpRp1,0.8888888888888888,15,8,CCGCGGCTTTGTCTGACCTT,7,2462387
mhpRp1,1.3333333333333333,19,8,CCGCCGGCGACCCGTGCCTG,11,2446770
mhpRp1,2.111111111111111,26,8,CCGATTCTGCTCTCATCAAT,18,2427380
mhpRp1,1.0,16,8,CCGAAAGAGATCACGCAGCA,8,2457929
mhpRp1,0.3333333333333333,10,8,CCCTGCCGAACGTTCATACG,2,2472702
mhpRp1,1.2222222222222223,18,8,CCCTAGGGGCGTGCCGAGCT,10,2461435
mhpRp1,4.222222222222222,45,8,CCCGGGGTTCCTCTGACCCT,37,2462941
mhpRp1,0.2222222222222222,9,8,CCCGAGCATCGTTAACGACA,1,2440726
mhpRp1,1.0,16,8,CCCGAACCTATAGAATACTA,8,2429255
mhpRp1,2.0,25,8,CCCCTAATATTGAACAGGAA,17,2444271
mhpRp1,3.5555555555555554,39,8,CCCACGGGTACAGCGTCTGG,31,2475764
mhpRp1,3.5555555555555554,39,8,CCACAAATCTAGCGGTGTAG,31,2433945
mhpRp1,3.111111111111111,35,8,CCACAAACTGTAGATTGCAC,27,2448589
mhpRp1,0.6666666666666666,13,8,CATTGGGACCACGAGTGCAG,5,2478281
mhpRp1,3.7777777777777777,41,8,CATGGGATGCGAAAACTGTA,33,2475805
mhpRp1,5.0,52,8,CATGGATCGATAGAGAAGGG,44,2461858
mhpRp1,0.2222222222222222,9,8,CATGATTCTAACCTGCCGAT,1,2432345
mhpRp1,5.777777777777778,59,8,CATATGTGTCTTGTGTGGCC,51,2474325
mhpRp1,0.2222222222222222,9,8,CAGTTGTCCATGGTTCTATT,1,2425880
mhpRp1,3.5555555555555554,39,8,CAGTGGTGACAGAGCAGTGC,31,2464580
mhpRp1,2.2222222222222223,27,8,CAGTAAATGTGTCTATGAGA,19,2429625
mhpRp1,0.6666666666666666,13,8,CAGATATTCTCGCGTAGCCT,5,2476702
mhpRp1,5.333333333333333,55,8,CAGAGCTAGCGGGCACCTTT,47,2472728
mhpRp1,3.2222222222222223,36,8,CACTAGACATAAAGACCTCA,28,2441264
mhpRp1,4.0,43,8,CACGGTTGTATGAACGTTAC,35,2448657
mhpRp1,3.5555555555555554,39,8,CACGCATCTGCGAACACATG,31,2473332
mhpRp1,3.5555555555555554,39,8,CACGATTTTCACGACCGAGA,31,2458689
mhpRp1,6.666666666666667,67,8,CACACAGGGCTCCATGGTGC,59,2477242
mhpRp1,3.7777777777777777,41,8,CAACGCAGTTTTTAGTCCCC,33,2474290
mhpRp1,0.2222222222222222,9,8,ATTCGAGTTGGTTAGACTCC,1,2454193
mhpRp1,5.333333333333333,55,8,ATGTAACATGGCAGGGCATC,47,2427103
mhpRp1,2.6666666666666665,31,8,ATGCCAGAGTGAAGGACTTA,23,2435326
mhpRp1,7.0,70,8,ATGAGGCATTTCTCCTCTAT,62,2477442
mhpRp1,1.6666666666666667,22,8,ATCGCTGGGACGTATCCCGA,14,2452454
mhpRp1,2.6666666666666665,31,8,ATATGGCAAGCGCTCAATTT,23,2436139
mhpRp1,2.6666666666666665,31,8,ATATCTGAACCGCAACTAAT,23,2469082
mhpRp1,6.222222222222222,63,8,ATATCCAACACCACTACCGG,55,2451874
mhpRp1,2.5555555555555554,30,8,ATACTTCCTCGTGCCTGGTT,22,2468465
mhpRp1,5.333333333333333,55,8,ATACGCGCAAAATAGGGCAA,47,2454723
mhpRp1,5.111111111111111,53,8,AGTTCAGGTCCATAACGTCG,45,2455810
mhpRp1,5.222222222222222,54,8,AGGTGGGGGTCTCATCGCCC,46,2463648
mhpRp1,0.8888888888888888,15,8,AGCAAATTAGCCTATATGTT,7,2427943
mhpRp1,0.7777777777777778,14,8,AGATCATGCGAAATAGGAGA,6,2463684
mhpRp1,0.2222222222222222,9,8,AGAGCTCTCCAAGTCCGATG,1,2460815
mhpRp1,0.2222222222222222,9,8,AGAACGGCGCGGGTAGGCTA,1,2479280
mhpRp1,11.222222222222221,108,8,ACTTTAGCGTACCGGCTCGT,100,2470051
mhpRp1,5.333333333333333,55,8,ACTTGCCTCGGTTACCGTTA,47,2440967
mhpRp1,7.444444444444445,74,8,ACTAACATACGGATGAGGAA,66,2427668
mhpRp1,0.6666666666666666,13,8,ACGGCTCCATTACTCCAGTC,5,2474058
mhpRp1,0.8888888888888888,15,8,ACCGCGCTTAGGTTGGCGAC,7,2475550
mhpRp1,1.5555555555555556,21,8,ACCCGGGTACGGCTTCAGCA,13,2449895
mhpRp1,4.111111111111111,44,8,ACACTAGCCACGTACACCAT,36,2425803
mhpRp1,0.5555555555555556,12,8,ACACCGGAGCTGGGGGAGAA,4,2445176
mhpRp1,5.444444444444445,56,8,ACACAATTATCGCGTCTCAT,48,2459013
mhpRp1,0.2222222222222222,9,8,ACAAGTCAAACGGGTAACTT,1,2460499
mhpRp1,5.111111111111111,53,8,ACAAAGATCGCGCTAGCAGC,45,2447760
mhpRp1,0.5555555555555556,12,8,AATTTTCTAATAATCGGAAT,4,2460220
mhpRp1,0.2222222222222222,9,8,AATTTAAAGATCTAGGTTTA,1,2464719
mhpRp1,0.4444444444444444,11,8,AATTGTGGCCTCTACTAAAC,3,2448083
mhpRp1,6.111111111111111,62,8,AATTCGTTCACGACAACTTT,54,2427876
mhpRp1,0.2222222222222222,9,8,AATATTATTTATTCCCCATG,1,2477355
mhpRp1,0.2222222222222222,9,8,AATACACGGGATGTACATTG,1,2469576
mhpRp1,2.4444444444444446,29,8,AAGGTTAATGGTTAAATTAT,21,2426195
mhpRp1,2.7777777777777777,32,8,AAGGCCGCGGACCCTTTAGT,24,2470132
mhpRp1,0.2222222222222222,9,8,AACTGTGAACGTATCACAAA,1,2444513
mhpRp1,1.8888888888888888,24,8,AACGAACACCAATCCTGTGC,16,2478105
mhpRp1,0.2222222222222222,9,8,AACCATGTCAGGCTGATAGA,1,2464915
mhpRp1,7.888888888888889,78,8,AACACTTGAGGACATTTCTT,70,2434248
mhpRp1,7.5,66,7,TTTTTGCTGCAGAATCCCAC,59,2439382
mhpRp1,2.75,28,7,TTTCTTAAGGTCCACCTACT,21,2447801
mhpRp1,2.25,24,7,TTGTGGGCTGTGGGAGGTGG,17,2458872
mhpRp1,0.25,8,7,TTGGTGCCTGGAGCTTCTCA,1,2428800
mhpRp1,2.25,24,7,TTGCCTTGTTTAGAATCATA,17,2474096
mhpRp1,5.875,53,7,TTGAAATCGCGAACAGTGAC,46,2433002
mhpRp1,1.75,20,7,TTCTCTGCCGTTACTTGGCC,13,2449801
mhpRp1,5.25,48,7,TTCGTACAGAAGCAGTACTG,41,2476021
mhpRp1,0.375,9,7,TTCACGCCTCCGTGTAATAA,2,2445942
mhpRp1,4.25,40,7,TTATTTGGTTGTGAAGGATC,33,2433408
mhpRp1,0.375,9,7,TTAGCCTCTTAAGCCCCTAT,2,2462419
mhpRp1,4.625,43,7,TTACATGGTGCACTGCTTAA,36,2468985
mhpRp1,4.125,39,7,TTAATCATCTCGTTTGCCGT,32,2443197
mhpRp1,3.25,32,7,TGTTACAATTACATGCTCGA,25,2475147
mhpRp1,1.75,20,7,TGTGGGCACTAGGTCACGTA,13,2459221
mhpRp1,7.0,62,7,TGTCTCTATACAATGGAAAG,55,2428785
mhpRp1,4.125,39,7,TGTCTCTACATGAGGCGTGG,32,2447842
mhpRp1,0.25,8,7,TGTCACTTGAGTAGGTTCAC,1,2432556
mhpRp1,3.5,34,7,TGGGCCGTATATGCGTCAGT,27,2459416
mhpRp1,0.25,8,7,TGCGTCCAATCGGATATCTC,1,2429549
mhpRp1,3.5,34,7,TGCAGCTGCCCGGTTGTCTG,27,2438858
mhpRp1,0.5,10,7,TGATTCTACACGGATAACTG,3,2474154
mhpRp1,0.25,8,7,TGATGGGCCGGCTATTTTGC,1,2442421
mhpRp1,4.875,45,7,TGAGTGGCTCTCCTATCTGG,38,2459513
mhpRp1,1.125,15,7,TGACGCTTACACATCATTGG,8,2448384
mhpRp1,4.625,43,7,TCTTGTTCGCGCCGTACAAG,36,2433175
mhpRp1,1.75,20,7,TCTTCTGGGTGTAGGGGGCT,13,2460955
mhpRp1,2.625,27,7,TCTTCGGGTAATTAAGCATG,20,2440477
mhpRp1,5.75,52,7,TCTGATAACGTTTGTAGCCC,45,2440493
mhpRp1,0.5,10,7,TCTGAAACTCTGGATTGGAC,3,2423980
mhpRp1,1.375,17,7,TCTCCCACTCACCACCACGG,10,2476385
mhpRp1,4.625,43,7,TCTCATTGCGCTGCGTGCTA,36,2470124
mhpRp1,3.375,33,7,TCTAGTGTTCAATTACAGTA,26,2474405
mhpRp1,1.625,19,7,TCTAATTCCTCTTGGCCCCG,12,2473688
mhpRp1,3.125,31,7,TCGTGGACCGTTATTACTCA,24,2449644
mhpRp1,0.25,8,7,TCGTAGTGGGCCTGGTGGCA,1,2430084
mhpRp1,3.625,35,7,TCGTACTGATAGCGAAGCTC,28,2464126
mhpRp1,4.75,44,7,TCGCCCGTTTTAGTGCCATT,37,2463165
mhpRp1,2.125,23,7,TCGATTGTCGAGGAAAAACG,16,2428830
mhpRp1,5.25,48,7,TCGACCATTGGTCCAAGATC,41,2455341
mhpRp1,3.75,36,7,TCCGTAGGGTAGATGCAGTT,29,2459907
mhpRp1,0.625,11,7,TCATTATTACATTGTCTCCC,4,2459333
mhpRp1,11.625,99,7,TCAACTAACTAAATCACTAA,92,2446824
mhpRp1,4.5,42,7,TCAACACCGTCCCTATGGTT,35,2428696
mhpRp1,2.625,27,7,TATTATGACTTCGGATGAAG,20,2434861
mhpRp1,1.875,21,7,TATTAACCCGTACACGACCT,14,2442616
mhpRp1,2.75,28,7,TATGTTCTCCTTAATCGTAG,21,2452219
mhpRp1,0.625,11,7,TATACTAAAAGCCTCAGACC,4,2474878
mhpRp1,3.875,37,7,TAGAGCTATTTTACGGCCGA,30,2453487
mhpRp1,3.125,31,7,TACTGTTATCCCATACCGTT,24,2474587
mhpRp1,0.75,12,7,TACGCGTTTCGCCTTGGCTC,5,2467579
mhpRp1,1.25,16,7,TAACTGGTCGGCTCCCTCGG,9,2460993
mhpRp1,0.375,9,7,TAACACTTGCGTAAAAGCAG,2,2452021
mhpRp1,0.25,8,7,TAAAATCACGCAACTGAATA,1,2458469
mhpRp1,6.875,61,7,GTTTTGACATTACAGGGTTT,54,2457062
mhpRp1,5.625,51,7,GTTCCCGGATCAAACGAATA,44,2450935
mhpRp1,3.875,37,7,GTGGCGGTGCTATGGTGTGG,30,2459396
mhpRp1,3.0,30,7,GTGCTTCACCTCCATCAGTG,23,2434144
mhpRp1,3.0,30,7,GTGCCAAAAGCGTGTATGTA,23,2444109
mhpRp1,2.5,26,7,GTGAGTGTCCACAGGACAGA,19,2427819
mhpRp1,3.375,33,7,GTCCGAACGCTCTAAATCAT,26,2434443
mhpRp1,0.25,8,7,GTCAACTGATTAGGCGTAAT,1,2460983
mhpRp1,2.0,22,7,GTAGTGAATACAGCAGGTCT,15,2459437
mhpRp1,3.75,36,7,GTACGTTGACAAAGGGCGGC,29,2444695
mhpRp1,4.875,45,7,GTAACGCCCGGACCGTTAGA,38,2468517
mhpRp1,5.875,53,7,GGTTAACTGACGCCAAGCCG,46,2443116
mhpRp1,1.5,18,7,GGTGTGGCAACTGTGCAATA,11,2444968
mhpRp1,1.125,15,7,GGTGGCCGGCGCAGTAGGTG,8,2425027
mhpRp1,0.25,8,7,GGGTCAAATTACAGCGGTTG,1,2453744
mhpRp1,0.25,8,7,GGGTAATAGTTCTGGTGTTG,1,2424697
mhpRp1,12.875,109,7,GGGGGTTTTGGCGTTTCCAC,102,2446386
mhpRp1,2.875,29,7,GGGCATTTTACATGCAGCGT,22,2462750
mhpRp1,4.0,38,7,GGCTAATCTGCCCGGGCTCC,31,2425529
mhpRp1,1.375,17,7,GGCTAAGACTCCGGGACGTC,10,2439119
mhpRp1,1.0,14,7,GGCGGGGAGCTCTATTTTTA,7,2457621
mhpRp1,4.5,42,7,GGCCTGTTAGGGAAGCGTCT,35,2469209
mhpRp1,2.625,27,7,GGCACATGGGCGTCGCATAG,20,2437572
mhpRp1,2.5,26,7,GGATATTGAAAAGAGCCTGA,19,2446312
mhpRp1,1.125,15,7,GGAGAGTACAGGCCCGACGC,8,2459929
mhpRp1,0.25,8,7,GCTTTTATAGAGCGGGAACA,1,2453151
mhpRp1,0.25,8,7,GCTTAAGTGCAAATAGTACC,1,2447432
mhpRp1,4.375,41,7,GCGCGTCTATGTTTGCCACA,34,2445929
mhpRp1,3.75,36,7,GCGCGTCGTGCACGCGTGGG,29,2434522
mhpRp1,1.5,18,7,GCGCCATACCATCCCAGTGA,11,2429959
mhpRp1,3.25,32,7,GCGCATGTCAACGAACCGCT,25,2425218
mhpRp1,7.125,63,7,GCCTTGAAAACATCTTACAT,56,2474203
mhpRp1,4.25,40,7,GCCTGACTTCCCTTTTATCG,33,2461698
mhpRp1,4.125,39,7,GCCTCCTAAGTTTAGTAACA,32,2426656
mhpRp1,1.5,18,7,GCCCAGATCGTTAATGCGCA,11,2448296
mhpRp1,6.875,61,7,GCCATTGATGTTGACTGGTT,54,2427624
mhpRp1,0.25,8,7,GCCACACACTGGGGTAAACG,1,2443699
mhpRp1,1.125,15,7,GCATCAGCCCATTGGCTGAA,8,2468097
mhpRp1,4.625,43,7,GCAGCGGTTTTCTCGTATAA,36,2477262
mhpRp1,3.375,33,7,GCAATCACAACCCACGGTCA,26,2441559
mhpRp1,1.0,14,7,GCAAATTTATCCGCGTGAAC,7,2437980
mhpRp1,0.25,8,7,GATTCGGGGAAGGCTTCTGG,1,2441789
mhpRp1,0.25,8,7,GATGGATATTCATTTACAGG,1,2460928
mhpRp1,2.375,25,7,GATGACGTTAAGCCTAAGGA,18,2434656
mhpRp1,9.125,79,7,GATGACGGCCGTGCTCGACA,72,2445297
mhpRp1,5.75,52,7,GATAAAAGTAAGTATAATTA,45,2458636
mhpRp1,1.0,14,7,GAGTACTTGTCGATTTCAAT,7,2453813
mhpRp1,2.125,23,7,GAGCTCTGGCCGTCTTAGTC,16,2460612
mhpRp1,8.625,75,7,GAGAGCGATTTGCATATAGC,68,2445897
mhpRp1,3.375,33,7,GAGACTTATTCATGTAACTT,26,2455771
mhpRp1,11.75,100,7,GAGACGATCTTTTCGGCAAT,93,2453528
mhpRp1,2.5,26,7,GACGCAGCGGCCGGAGCGAG,19,2466995
mhpRp1,0.25,8,7,GAATAGGGAGCTGGTCTCGA,1,2457423
mhpRp1,2.875,29,7,GAACGTGAGCCCACCCTTAT,22,2445931
mhpRp1,2.75,28,7,GAAAATGTCTCCAGCTTAGC,21,2449290
mhpRp1,3.5,34,7,CTTTGTTAGAGCACGATGTT,27,2426933
mhpRp1,2.75,28,7,CTTAGATTCAACAGTCTTTT,21,2461541
mhpRp1,1.625,19,7,CTGTCGATTTGGCGTAGGAG,12,2453600
mhpRp1,20.875,173,7,CTGCCGGCCTGCATTGGAGA,166,2428368
mhpRp1,0.625,11,7,CTCTTAGCTATTCGCCATGG,4,2436012
mhpRp1,3.625,35,7,CTCTCATGTGTTGGCTAGGT,28,2461741
mhpRp1,5.5,50,7,CTCCGCAGTAACACCATTGA,43,2446593
mhpRp1,4.0,38,7,CTCCGAATTGCTAACTGGGG,31,2427957
mhpRp1,1.5,18,7,CTCCCCCCCGCTTACAAGCG,11,2452357
mhpRp1,1.625,19,7,CTCATACTAGCTGATTTTGT,12,2455431
mhpRp1,2.25,24,7,CTATTTGACGCAGTACCGTG,17,2429000
mhpRp1,0.625,11,7,CTATAGCGCATCAGACCTGG,4,2450079
mhpRp1,2.875,29,7,CTAAAGACCTGAACATTCAT,22,2445991
mhpRp1,2.25,24,7,CGTTCAAGTGCGGCCGCTGT,17,2479442
mhpRp1,7.25,64,7,CGGTTTTAGCAGGCAAAACC,57,2460592
mhpRp1,6.125,55,7,CGGTTGAGCGTAAACCTAAA,48,2440990
mhpRp1,5.0,46,7,CGGGAGAATACTCGTCGTGT,39,2428061
mhpRp1,0.375,9,7,CGGCAACGTTAAACATCCGA,2,2463610
mhpRp1,2.875,29,7,CGGAGTCCTGGGAGTAGACT,22,2469534
mhpRp1,7.375,65,7,CGGAACTACGCTACGGTCAT,58,2439088
mhpRp1,3.5,34,7,CGCTATTGTGCATGTTCAGT,27,2452600
mhpRp1,1.25,16,7,CGCGACAATGGCTTAAAGTA,9,2439307
mhpRp1,3.875,37,7,CGCCCCTATATTCCTATGAG,30,2449692
mhpRp1,0.5,10,7,CGCCAAGGCGCATCAACCCA,3,2476253
mhpRp1,2.875,29,7,CGCAAGGCCGTAGGGTTGCT,22,2465342
mhpRp1,3.875,37,7,CGATGCACCTTTTCCTTTCA,30,2434799
mhpRp1,0.25,8,7,CGATCAGAAGTGCCATATCC,1,2455434
mhpRp1,6.375,57,7,CGAACGAGCCTGCGACCGCA,50,2432044
mhpRp1,2.75,28,7,CCTCCAATAACCGGCGGCGT,21,2439542
mhpRp1,1.0,14,7,CCTACGTCGTTGGAGTTGAG,7,2446229
mhpRp1,1.25,16,7,CCGGTAACGAAAAAGTTGGA,9,2471907
mhpRp1,1.375,17,7,CCGGCCTGGTCCGGCTCAGC,10,2471957
mhpRp1,1.125,15,7,CCGCTGGCGGGGAACTTTTC,8,2442201
mhpRp1,4.125,39,7,CCGAGAGAAGGTGAGTGCTA,32,2472389
mhpRp1,3.375,33,7,CCGACGAAGGCATACAGGGT,26,2479487
mhpRp1,12.25,104,7,CCCCTATTTGACATTAGCAT,97,2451317
mhpRp1,0.375,9,7,CCACTGGTGCGGCTAATTTT,2,2461674
mhpRp1,2.75,28,7,CCAATTTGCTCCCCTCGTCC,21,2466758
mhpRp1,2.375,25,7,CATGGGTCGATTGATCCACA,18,2457381
mhpRp1,2.0,22,7,CATGGGCCAACCCGAGCGCC,15,2475064
mhpRp1,0.25,8,7,CAGTCGCGAGTTATACGGGA,1,2424163
mhpRp1,0.25,8,7,CAGGAAGCCAACTGGGGGCG,1,2435178
mhpRp1,1.125,15,7,CACTTCGTTGCGCTTTCGTT,8,2451164
mhpRp1,6.25,56,7,CACTACATACTAAAATCTGA,49,2461967
mhpRp1,0.375,9,7,CACCGCGGAATGCGGGTGGG,2,2443419
mhpRp1,1.875,21,7,CACAGGTGGATTCAACGGGA,14,2431737
mhpRp1,0.375,9,7,CAAGATTTTCCGGTGCTTAT,2,2463193
mhpRp1,2.75,28,7,CAACTTTCTTGCTGCGTAAT,21,2439349
mhpRp1,0.25,8,7,CAACAACGTGCCAGCCGTTT,1,2435429
mhpRp1,2.5,26,7,ATTGAGTGTGTACATGGATA,19,2428929
mhpRp1,7.75,68,7,ATTCCCGTAGAGCAGTCCAA,61,2459336
mhpRp1,0.25,8,7,ATTATTCTCTTAGTAGTGTG,1,2440562
mhpRp1,0.5,10,7,ATTAGGTTTACGTTTGCAAA,3,2435949
mhpRp1,2.125,23,7,ATGTTGGGCCAGCGTCTCCT,16,2447373
mhpRp1,0.875,13,7,ATGCGGCCGAAATGACTTCC,6,2478166
mhpRp1,0.75,12,7,ATGCCGCGACCGCGCCGGAC,5,2464396
mhpRp1,0.375,9,7,ATCTTTGGTGCGTTTTGTTC,2,2432343
mhpRp1,0.25,8,7,ATCTCAGCTTCCAAATTCAC,1,2471950
mhpRp1,1.0,14,7,ATCGCGTGTGTGGGAGATAT,7,2438832
mhpRp1,6.75,60,7,ATCAGTGGTTACGTAGCGCT,53,2428660
mhpRp1,1.75,20,7,ATATGACGCTACCATGAGCG,13,2447861
mhpRp1,2.0,22,7,ATACTATCTGTATCGGGTGG,15,2441348
mhpRp1,0.75,12,7,ATACCATTCTCCTTAGCCGA,5,2458198
mhpRp1,0.375,9,7,AGTTGCCGCTAGGCAGGACC,2,2450641
mhpRp1,0.25,8,7,AGTGCACACTAGGTCGGCGC,1,2458344
mhpRp1,0.25,8,7,AGTGAGGGGTGACTTCGATC,1,2460465
mhpRp1,1.625,19,7,AGTCCAAGGTTTGTCTCGCA,12,2451946
mhpRp1,2.5,26,7,AGTAGTGACAGCAACCCCGT,19,2475944
mhpRp1,0.25,8,7,AGGTCGGTCCGGAAAACATC,1,2430922
mhpRp1,2.625,27,7,AGCCGTTCTTTCCGGAGGCA,20,2443961
mhpRp1,0.25,8,7,AGCCACGTCAATAGCCCTCT,1,2424259
mhpRp1,10.5,90,7,AGCCACAAAGTTGCCGCAAT,83,2424081
mhpRp1,1.5,18,7,AGATCGATAATTGTAGCTGA,11,2439419
mhpRp1,9.625,83,7,AGAGTCATCCCGTGGGGATT,76,2451380
mhpRp1,1.125,15,7,AGAGTATTAAAATAGAGCCG,8,2440635
mhpRp1,1.125,15,7,AGACTTCCGCCAAGTCAGAG,8,2435463
mhpRp1,2.625,27,7,AGACGCTTGGATATTATGAG,20,2454147
mhpRp1,4.875,45,7,AGAAGGAAAGCATAATTGTA,38,2433003
mhpRp1,0.25,8,7,AGAAGATCCCTAGAGTCTAA,1,2469925
mhpRp1,0.25,8,7,AGAACCGTCTCCTTCACAGG,1,2452036
mhpRp1,4.625,43,7,AGAAACTTCGATGTACCTAT,36,2477974
mhpRp1,6.25,56,7,ACTGGCTTTGCTTATTGGCA,49,2460587
mhpRp1,0.25,8,7,ACTCCGACCAAAATCGAGCC,1,2424870
mhpRp1,6.375,57,7,ACTCCCCCCATATATGTCTT,50,2440815
mhpRp1,1.875,21,7,ACGGCCGGGCGGTGTCCTCA,14,2460613
mhpRp1,5.25,48,7,ACGCATTATGCAGGGCTTCA,41,2453511
mhpRp1,1.875,21,7,ACGAGAGGAGTATGATTCCA,14,2443453
mhpRp1,0.375,9,7,ACCGTCAGCTCGGTTATGGG,2,2446714
mhpRp1,4.5,42,7,ACCGGTTTAAGCAGGCCGAG,35,2457464
mhpRp1,5.25,48,7,ACCATTCGAGCGCGGCGTGT,41,2471294
mhpRp1,4.375,41,7,ACCAACAAGCATACCTTTGA,34,2435927
mhpRp1,2.625,27,7,ACCAAAATGTTACGGAGAAT,20,2477721
mhpRp1,3.0,30,7,ACATGTATACGGTAAACGAA,23,2468251
mhpRp1,11.625,99,7,ACAATCGCCCACTGAGTATG,92,2425722
mhpRp1,2.625,27,7,AATTTTGCCTCCGTACGGAC,20,2435774
mhpRp1,2.625,27,7,AATTAAAAACATTGAGGAAA,20,2426116
mhpRp1,5.5,50,7,AATATAGTTGGACCTCTAAA,43,2447163
mhpRp1,0.625,11,7,AATAGTTTCTTGACCGTTAG,4,2427180
mhpRp1,3.875,37,7,AAGTATGCGTCATTGCGCGG,30,2465737
mhpRp1,1.0,14,7,AACCTCAGCACACAAAGATT,7,2452861
mhpRp1,0.25,8,7,AACCGTAATCGGCGTGTAAC,1,2431549
mhpRp1,0.875,13,7,AACAATGGGGCGCTTGACCC,6,2431711
mhpRp1,1.625,19,7,AAAGCGGGGACTAATCGACG,12,2451336
mhpRp1,3.625,35,7,AAACCACACCTATCAGGTCA,28,2473374
mhpRp1,1.875,21,7,AAAATGAAAGAGAGGCATAT,14,2475527
mhpRp1,1.8571428571428572,18,6,TTTTGGTGCCATCTTGTCCA,12,2457417
mhpRp1,4.285714285714286,35,6,TTTTCTAAGTAAGTCAGGGG,29,2444551
mhpRp1,3.2857142857142856,28,6,TTTGTAATACTAGACAGACA,22,2434728
mhpRp1,0.2857142857142857,7,6,TTTGGATTACGGAATGGCCA,1,2474470
mhpRp1,1.0,12,6,TTGGAAAGCACAATTAATAC,6,2432857
mhpRp1,0.2857142857142857,7,6,TTGCTATGGGAGGGTGGACG,1,2475355
mhpRp1,0.2857142857142857,7,6,TTGCTAGCGCCGCGAGCGGG,1,2459715
mhpRp1,1.7142857142857142,17,6,TTGATGGAAACCAGTATACT,11,2436676
mhpRp1,3.857142857142857,32,6,TTCTAGTAAACCTTGACAGC,26,2477052
mhpRp1,0.2857142857142857,7,6,TTCCACGTTTAGCAGGGTAC,1,2447709
mhpRp1,0.5714285714285714,9,6,TTAGCGATCGCAGACGCCCT,3,2466306
mhpRp1,2.7142857142857144,24,6,TTACCGCTGCCTAGAAACTA,18,2472475
mhpRp1,2.857142857142857,25,6,TTAAGGGTGAATCGCCTGTT,19,2426449
mhpRp1,7.142857142857143,55,6,TGTTTCCCATCGGCGGCTTC,49,2461586
mhpRp1,3.0,26,6,TGTTGTTAACTGTGGAAATT,20,2451328
mhpRp1,4.428571428571429,36,6,TGTGATCAGTGGGTGAGGCT,30,2439420
mhpRp1,0.42857142857142855,8,6,TGTCGTAGCGTATCCGACGC,2,2441878
mhpRp1,5.142857142857143,41,6,TGTCCGTCTTCGCCCGATGA,35,2453545
mhpRp1,3.857142857142857,32,6,TGTAAAGGGTGAAGCGTTAC,26,2448253
mhpRp1,8.0,61,6,TGGTCGAACGATACTGTCAC,55,2464147
mhpRp1,1.5714285714285714,16,6,TGGCATTTGTCACAAGATCA,10,2475961
mhpRp1,0.2857142857142857,7,6,TGGATCGGCGACCTTTTAAT,1,2424867
mhpRp1,0.42857142857142855,8,6,TGCTTCGGGCATATTGCAAA,2,2427909
mhpRp1,1.5714285714285714,16,6,TGCTAGCCCCGGGTCTACGA,10,2467513
mhpRp1,0.42857142857142855,8,6,TGCCCATACACTTCTTGGGG,2,2457183
mhpRp1,3.5714285714285716,30,6,TCTTTTGTCTCTACCGGAGG,24,2468357
mhpRp1,5.0,40,6,TCTTTTAATGAGGAGTTCCT,34,2426879
mhpRp1,5.142857142857143,41,6,TCTTTAGGGGATTACCCAGT,35,2466899
mhpRp1,1.1428571428571428,13,6,TCTTACGGACGGCCTGTTGA,7,2458259
mhpRp1,1.8571428571428572,18,6,TCTATCCTCAAGTCTAAACT,12,2430827
mhpRp1,0.2857142857142857,7,6,TCTACTCTAGATTGGTAAAT,1,2449773
mhpRp1,0.2857142857142857,7,6,TCGTCAAGTTGTCGGGTTAG,1,2450033
mhpRp1,8.142857142857142,62,6,TCGACGAATACGGGGCCTAA,56,2459897
mhpRp1,4.428571428571429,36,6,TCGAACTGGAGGGTCGTGCC,30,2438225
mhpRp1,3.4285714285714284,29,6,TCCTGGGGGGTTGCCAGACG,23,2456711
mhpRp1,0.7142857142857143,10,6,TCCTCACCGCCGTGTGAGTA,4,2460589
mhpRp1,3.857142857142857,32,6,TCCGACATGTGGGCACGCAA,26,2445902
mhpRp1,7.428571428571429,57,6,TCCACTAATCCGGGACCGTG,51,2434898
mhpRp1,0.8571428571428571,11,6,TCCAATACCTCATACGTCCG,5,2434735
mhpRp1,5.0,40,6,TCAGAAAGCCGGTTTTTCTT,34,2424255
mhpRp1,2.5714285714285716,23,6,TATTGGAAGGGTTAGTACTC,17,2432080
mhpRp1,14.428571428571429,106,6,TATTCTCTAGCAAAGTACCT,100,2470574
mhpRp1,4.571428571428571,37,6,TATCTCAGTATAAACTCTAT,31,2425774
mhpRp1,4.714285714285714,38,6,TATAGAATTCCGCCAGGGTA,32,2474655
mhpRp1,10.428571428571429,78,6,TAGGTGGACAAGTAGGGTAG,72,2474672
mhpRp1,0.2857142857142857,7,6,TAGCTCTAACTCGTCATTCC,1,2426573
mhpRp1,5.714285714285714,45,6,TAGCGCTATTTTCTTCGACG,39,2454716
mhpRp1,0.2857142857142857,7,6,TACTCGCGCACCGTACGGGC,1,2434003
mhpRp1,5.285714285714286,42,6,TAAGGATCATGAGCGTCAAT,36,2457254
mhpRp1,8.285714285714286,63,6,TAACCAGCGGCGGGGATATC,57,2468358
mhpRp1,0.2857142857142857,7,6,TAAAGAGTATGTTGAAGTAC,1,2445000
mhpRp1,3.7142857142857144,31,6,GTTTAGCAGCTAAATTTAGA,25,2476301
mhpRp1,0.42857142857142855,8,6,GTTAGCCGAGCTGCCCGCTG,2,2467246
mhpRp1,5.857142857142857,46,6,GTGTATAGACTCCCGAAGCT,40,2439000
mhpRp1,1.0,12,6,GTGGGGTTGGATAATCTTGC,6,2470003
mhpRp1,7.142857142857143,55,6,GTGGAAGTCTGCTAGCTGGA,49,2470598
mhpRp1,7.857142857142857,60,6,GTGCGATTAAAATCGATCAA,54,2441908
mhpRp1,2.0,19,6,GTCGTGTGTACCCGCGGTTT,13,2440508
mhpRp1,4.285714285714286,35,6,GTATGGGCATCAGTGTTTGG,29,2438388
mhpRp1,8.0,61,6,GTACCCTTCGTCGTCAGTAT,55,2453054
mhpRp1,8.571428571428571,65,6,GGTAGGTCCGGCCTATTCCA,59,2475806
mhpRp1,0.2857142857142857,7,6,GGTACTTCGTGGATCAGCCT,1,2451992
mhpRp1,0.2857142857142857,7,6,GGGTTACTTGATCACGCCTT,1,2425680
mhpRp1,0.2857142857142857,7,6,GGGGAGAGGATGGCAGATAT,1,2451471
mhpRp1,0.2857142857142857,7,6,GGGCTGTATTGGCCTAATGT,1,2435468
mhpRp1,2.2857142857142856,21,6,GGGACCCGTACACGCATTTG,15,2428507
mhpRp1,1.7142857142857142,17,6,GGCTTGTTCGTATCGGAAAG,11,2476681
mhpRp1,1.0,12,6,GGCTATTATTAGCGGCATCA,6,2447377
mhpRp1,5.285714285714286,42,6,GGCGGTTCCTGCATCCGGCG,36,2439012
mhpRp1,9.428571428571429,71,6,GGCGGCTGGTGCTGAACCGG,65,2467015
mhpRp1,3.7142857142857144,31,6,GGCAGCGGTATTGCTTTGTT,25,2441893
mhpRp1,2.5714285714285716,23,6,GGCACAGGCGCGTATAGGTG,17,2442462
mhpRp1,2.2857142857142856,21,6,GGATTGAGTGATCGTATGAA,15,2444923
mhpRp1,0.42857142857142855,8,6,GGATCAGTACCGTCACTTTG,2,2437006
mhpRp1,4.428571428571429,36,6,GGACCTTAGTGTGTGGTGCT,30,2449128
mhpRp1,3.4285714285714284,29,6,GGAAGGCTGCGTGTTCCAAA,23,2428202
mhpRp1,4.857142857142857,39,6,GCTAATGGTGCCACGACGTC,33,2439975
mhpRp1,0.42857142857142855,8,6,GCGTTCACGACCGATTACTT,2,2471475
mhpRp1,2.4285714285714284,22,6,GCGGCAGTATCACAGCACCA,16,2464151
mhpRp1,8.142857142857142,62,6,GCGGAGTGCCTACCGTCAGT,56,2433334
mhpRp1,3.2857142857142856,28,6,GCGGACAGTCCACGAGGCTA,22,2433645
mhpRp1,0.2857142857142857,7,6,GCGCCCAGAACATCGACCCG,1,2470328
mhpRp1,5.0,40,6,GCCTGGCCCCACCAAGAGAC,34,2459378
mhpRp1,0.2857142857142857,7,6,GCCTGCCTCCCTCCGCATTC,1,2453961
mhpRp1,1.1428571428571428,13,6,GCCTACTGACCTCAAGAAAG,7,2471090
mhpRp1,0.5714285714285714,9,6,GCCGGGTAATTATCCACGTA,3,2452544
mhpRp1,0.7142857142857143,10,6,GCCGGCACAAGTGTTCCAGG,4,2468830
mhpRp1,0.2857142857142857,7,6,GCATCGTGAAACGACCCTCC,1,2449152
mhpRp1,0.2857142857142857,7,6,GCAGTAGTCTAGCAAACAGG,1,2454846
mhpRp1,0.2857142857142857,7,6,GCAGAGGGTGCCATTGATGC,1,2451555
mhpRp1,2.857142857142857,25,6,GCACTCTGTTCATATCTCTT,19,2430360
mhpRp1,2.7142857142857144,24,6,GCAAGCCGTGTACATTGATC,18,2437349
mhpRp1,5.857142857142857,46,6,GATGGGTTGCGGTAGATCCT,40,2476014
mhpRp1,4.428571428571429,36,6,GATGGCGAATTAACATGGGT,30,2436840
mhpRp1,3.142857142857143,27,6,GAGGGTTGGCACTCAGTAAA,21,2435391
mhpRp1,1.5714285714285714,16,6,GAGGAGGCTGTTTTGGAATA,10,2478827
mhpRp1,4.285714285714286,35,6,GAGCAGGACCGGAAAGGACT,29,2439133
mhpRp1,1.4285714285714286,15,6,GAGATAGCTAGAGATGAATC,9,2441093
mhpRp1,7.0,54,6,GAGAAAATACGATCGTAAAT,48,2455730
mhpRp1,3.0,26,6,GACTGCCCCAAGCTATTAAA,20,2433367
mhpRp1,6.285714285714286,49,6,GACGTCCCTGTGTCTGTAGG,43,2425728
mhpRp1,1.4285714285714286,15,6,GACGGGTTTGCGACATCCTG,9,2463885
mhpRp1,3.5714285714285716,30,6,GACATTCCACGGCTCCTACT,24,2443318
mhpRp1,8.857142857142858,67,6,GACAACAGTTGGGAGTTGAA,61,2448215
mhpRp1,6.714285714285714,52,6,GAATGGCCACGGGGCGCGGA,46,2437260
mhpRp1,0.7142857142857143,10,6,GAACATATACTAGAACAGCT,4,2474503
mhpRp1,0.2857142857142857,7,6,GAAAGTACGAAAGCTGGCTA,1,2425080
mhpRp1,2.857142857142857,25,6,CTTTTCGGTACCCCTCCAAA,19,2428484
mhpRp1,10.714285714285714,80,6,CTTTGGACATCAGATTTCAT,74,2436613
mhpRp1,1.2857142857142858,14,6,CTTTCCTATAATCGCGTTCG,8,2435709
mhpRp1,8.0,61,6,CTTCCGTATAATTTCCCAGC,55,2438218
mhpRp1,4.0,33,6,CTTATTCGGATGCACTCTAA,27,2431976
mhpRp1,5.428571428571429,43,6,CTGTCTGGGGTCAGATCCCT,37,2437991
mhpRp1,3.142857142857143,27,6,CTGCGTTGTGCCTGCGTCTG,21,2449346
mhpRp1,3.5714285714285716,30,6,CTGCGCTTTGTCTGGTATCA,24,2470052
mhpRp1,4.428571428571429,36,6,CTGACACACGACAAATCTAA,30,2470305
mhpRp1,1.0,12,6,CTCTTTGCATTCTTGGTTCC,6,2447043
mhpRp1,1.1428571428571428,13,6,CTCCGGATGTGACACTTAGG,7,2447911
mhpRp1,3.0,26,6,CTCCAGGTCGAGAGTCCAAT,20,2470539
mhpRp1,9.142857142857142,69,6,CGTTTATCGCGGGAAAACTG,63,2428704
mhpRp1,0.42857142857142855,8,6,CGTGGGTGTCGCATCAGACT,2,2454768
mhpRp1,1.0,12,6,CGGTGTTCCTTCCCGGCTCT,6,2477953
mhpRp1,1.7142857142857142,17,6,CGGATTGATGCAAGGACAGT,11,2474372
mhpRp1,3.0,26,6,CGGAGGTACCGATGCAGTAC,20,2452444
mhpRp1,0.2857142857142857,7,6,CGCTCACGTTGGCTTCACGT,1,2429023
mhpRp1,1.1428571428571428,13,6,CGCTACGGGTTTTGTCCCCA,7,2477510
mhpRp1,2.857142857142857,25,6,CGCCGTCGAGGGCGTATCCT,19,2446401
mhpRp1,0.8571428571428571,11,6,CGCCGGTATAGTTTGCTCAA,5,2426959
mhpRp1,1.8571428571428572,18,6,CGCAGGATCAGGGTTATACA,12,2447437
mhpRp1,0.2857142857142857,7,6,CGATCGGCACCACTGGACCG,1,2459860
mhpRp1,2.0,19,6,CGAGGATTGAGTTATTCTTG,13,2441459
mhpRp1,2.7142857142857144,24,6,CGAAGGTTACAATCGAGGGT,18,2438587
mhpRp1,1.0,12,6,CCTGCGCGACGCAGAGTACC,6,2449039
mhpRp1,2.857142857142857,25,6,CCTGAGAGCACATGACCGCA,19,2431093
mhpRp1,1.1428571428571428,13,6,CCGGGGTCCTCCCTACGTCA,7,2452590
mhpRp1,5.571428571428571,44,6,CCGGCGGGCCAGAGACCTTT,38,2476773
mhpRp1,0.42857142857142855,8,6,CCGGATAGATGGGTTGATCT,2,2455787
mhpRp1,2.142857142857143,20,6,CCGGATAAATTCTGTGTCTC,14,2442332
mhpRp1,1.8571428571428572,18,6,CCGATGTAAGAGGATTAAGT,12,2428320
mhpRp1,4.142857142857143,34,6,CCCTGAGTAGACACATGATC,28,2458920
mhpRp1,5.0,40,6,CCCTGACGCGGGTATACGGT,34,2437261
mhpRp1,0.7142857142857143,10,6,CCCTCGTGGTCGGACCCCTG,4,2461059
mhpRp1,2.5714285714285716,23,6,CCCGCCTCTATCAATCAGAA,17,2464911
mhpRp1,3.857142857142857,32,6,CCCCGCAGTGATGTGAGGAG,26,2470784
mhpRp1,0.2857142857142857,7,6,CCCCCGGGAGGCCTGGTATA,1,2428001
mhpRp1,0.42857142857142855,8,6,CCCCCAGGTGGAGGCTAACA,2,2436434
mhpRp1,0.2857142857142857,7,6,CCCAGTCCTTACATACGTGT,1,2474323
mhpRp1,0.2857142857142857,7,6,CCATTTAACAAATGTCAACC,1,2455571
mhpRp1,0.2857142857142857,7,6,CCATTCGTATCAATGACCTG,1,2467137
mhpRp1,5.714285714285714,45,6,CCAGAGGTGTGCATCACTCG,39,2477144
mhpRp1,10.285714285714286,77,6,CCACAGGGATTCGGATAGTA,71,2473711
mhpRp1,0.2857142857142857,7,6,CCAACTACTTGTTCTACGTT,1,2432638
mhpRp1,0.42857142857142855,8,6,CCAAACAGGCTCGAAACATC,2,2424117
mhpRp1,6.142857142857143,48,6,CATAACTTGCCTCGGATCAA,42,2464431
mhpRp1,0.2857142857142857,7,6,CAGCGTCTTAACAGGGGTAC,1,2460241
mhpRp1,1.8571428571428572,18,6,CACGACGGGTTAAAGCCATG,12,2447716
mhpRp1,0.8571428571428571,11,6,CACAGGCGAACTATCGGGTC,5,2469753
mhpRp1,2.857142857142857,25,6,CACACGGTATCTCGATATGG,19,2425569
mhpRp1,5.285714285714286,42,6,CACACAAAGTTCATGTATTT,36,2429888
mhpRp1,8.0,61,6,CAAGTCCGTAGTTAGCCATA,55,2452760
mhpRp1,0.2857142857142857,7,6,CAACTCTATGGTATGGCATA,1,2427015
mhpRp1,0.42857142857142855,8,6,CAAAGTCCATGGACATAAAC,2,2453658
mhpRp1,6.142857142857143,48,6,CAAAGAGCAAAAAATTTTTA,42,2465485
mhpRp1,6.428571428571429,50,6,ATTCAAGCGCACTTTCGTAA,44,2424840
mhpRp1,3.4285714285714284,29,6,ATTAGTGTTGAAGCCAGGAG,23,2478962
mhpRp1,0.2857142857142857,7,6,ATTAACTCCTGGGTATCTGA,1,2477057
mhpRp1,3.2857142857142856,28,6,ATGTATCTACATAGTTGTGC,22,2441540
mhpRp1,5.857142857142857,46,6,ATGGCACTGCAAAACGGCTT,40,2444012
mhpRp1,5.571428571428571,44,6,ATCTCGTCACTCCTTCACTA,38,2474495
mhpRp1,0.2857142857142857,7,6,ATCGCGCTCGAACGGCTCCC,1,2431236
mhpRp1,0.42857142857142855,8,6,ATCGAGATACATGTCGTGAA,2,2449123
mhpRp1,1.4285714285714286,15,6,ATCCGGGTGAAGCGGGTATA,9,2453390
mhpRp1,1.2857142857142858,14,6,ATCATGAGCTTAATTCGCAT,8,2446622
mhpRp1,4.285714285714286,35,6,ATCAATAGACCATTGCTGTT,29,2453971
mhpRp1,4.285714285714286,35,6,ATATTTATTGAATAGTACCC,29,2438565
mhpRp1,5.571428571428571,44,6,ATACTTAGGGTTCGTACTAA,38,2459844
mhpRp1,1.4285714285714286,15,6,ATACGCGGATGCCGCCCCGT,9,2445625
mhpRp1,3.2857142857142856,28,6,ATACCGTTGGCCGAATGTTT,22,2455116
mhpRp1,1.1428571428571428,13,6,AGTTGCCCTGCGAACTGGAC,7,2475742
mhpRp1,1.2857142857142858,14,6,AGTTACTGAAAGGTGTTCGG,8,2462624
mhpRp1,8.142857142857142,62,6,AGTACTCTATTGCCGGCAGC,56,2452180
mhpRp1,2.142857142857143,20,6,AGGTAGCTAAACAGAAACCC,14,2448209
mhpRp1,5.428571428571429,43,6,AGGGCTGCGCGAGTCGCGAA,37,2445862
mhpRp1,2.2857142857142856,21,6,AGGGCATGCGGGCTAACGGC,15,2426702
mhpRp1,5.428571428571429,43,6,AGCGCACTAAGCCCAACGAT,37,2466155
mhpRp1,3.2857142857142856,28,6,AGCATGGATAACTACTGGAG,22,2466855
mhpRp1,2.857142857142857,25,6,AGCAGTCGGACCATCACGTC,19,2442896
mhpRp1,1.2857142857142858,14,6,AGATGACTCGCTTATGAGAT,8,2451391
mhpRp1,7.0,54,6,AGACAGCTTGTGAAATAGGG,48,2455167
mhpRp1,7.714285714285714,59,6,ACTTTGAATTTAGCCTAGCT,53,2429683
mhpRp1,2.5714285714285716,23,6,ACTTCTACCTGGTGCTATCT,17,2426498
mhpRp1,6.142857142857143,48,6,ACTAAACCACATCGAGGCAT,42,2455189
mhpRp1,0.2857142857142857,7,6,ACGTTACGACGTATGGGTGC,1,2444144
mhpRp1,1.0,12,6,ACGTGGACGGGCATCGCGCG,6,2447584
mhpRp1,0.8571428571428571,11,6,ACGGCGAGACAGCGTAAATT,5,2436099
mhpRp1,5.285714285714286,42,6,ACGAGTAAACTGTGTATGAT,36,2435924
mhpRp1,2.4285714285714284,22,6,ACGACTACAACCTCAGCTAA,16,2478723
mhpRp1,2.2857142857142856,21,6,ACCATACACAGTGCGGAACA,15,2444699
mhpRp1,9.571428571428571,72,6,ACCAGGTATGTGCGTCCATA,66,2477506
mhpRp1,0.2857142857142857,7,6,ACATTTATTGCGGAAGTCGG,1,2475273
mhpRp1,0.2857142857142857,7,6,ACATGGTTATCATACACAGC,1,2436798
mhpRp1,7.428571428571429,57,6,ACAAAAAAGGGCAAGGTCCC,51,2442760
mhpRp1,1.2857142857142858,14,6,AATTGGTAGACATTTACAAG,8,2456629
mhpRp1,6.714285714285714,52,6,AATCGAGTATTCGGAGGGAA,46,2431742
mhpRp1,5.857142857142857,46,6,AATCGAAAGGATTCGCCGAG,40,2427063
mhpRp1,0.42857142857142855,8,6,AATAAAAGGACTCGGGGGTA,2,2439104
mhpRp1,4.285714285714286,35,6,AACGCCGACTGCAATCCTCA,29,2477542
mhpRp1,0.8571428571428571,11,6,AACACCGTGTAGAGAAGGTT,5,2456686
mhpRp1,7.285714285714286,56,6,AAATAGAGGTTTGTATATGA,50,2445498
mhpRp1,6.666666666666667,44,5,TTTCACCACCAGGCACATCC,39,2469635
mhpRp1,0.3333333333333333,6,5,TTTATCTCGTAAAATGATGC,1,2462066
mhpRp1,2.0,16,5,TTTATAGTCGAAGGTGACAT,11,2447807
mhpRp1,5.833333333333333,39,5,TTGAACTTATTTTTGAACGT,34,2459852
mhpRp1,4.166666666666667,29,5,TTCTTTTAGGAATTCTCTCT,24,2440105
mhpRp1,4.333333333333333,30,5,TTCTCTTTGGAAAGGTACCC,25,2477967
mhpRp1,5.166666666666667,35,5,TTCTCCTTCGACAGTGGACA,30,2452906
mhpRp1,2.3333333333333335,18,5,TTCAGAACCACACCGACTTT,13,2427272
mhpRp1,6.666666666666667,44,5,TTCAACGTTCGAAGCGAGCA,39,2429116
mhpRp1,0.3333333333333333,6,5,TTACTCCATCTTGCCGTCAC,1,2455215
mhpRp1,6.0,40,5,TTAATGGGCAGCAGACTTAA,35,2435775
mhpRp1,2.0,16,5,TGTTGCTTTTCACGGTCCCA,11,2467574
mhpRp1,0.5,7,5,TGTTGCTGCCAAGCTGTGTG,2,2435651
mhpRp1,3.1666666666666665,23,5,TGTTCGTTCTTAAGCGATGC,18,2425647
mhpRp1,0.5,7,5,TGTGAGTTCTGACCCCACCA,2,2463496
mhpRp1,4.666666666666667,32,5,TGTCTAAACCGGGGACGCAT,27,2460441
mhpRp1,6.5,43,5,TGTCGTCTGATGGATCTGAG,38,2466742
mhpRp1,3.3333333333333335,24,5,TGTCCAGGATGGTGACTGAG,19,2465402
mhpRp1,0.8333333333333334,9,5,TGTATGGCTCGGATACCACA,4,2437747
mhpRp1,5.833333333333333,39,5,TGGGAGTGTTTTGTGGAACT,34,2435779
mhpRp1,1.1666666666666667,11,5,TGGAGTGTAGTACAATCAAT,6,2451891
mhpRp1,1.8333333333333333,15,5,TGGAAGGCCCATTGCCACAA,10,2467733
mhpRp1,0.3333333333333333,6,5,TGCTTTCGGCCGAGAGATAC,1,2462983
mhpRp1,3.5,25,5,TGCCATCAATCCCTACGATT,20,2443546
mhpRp1,3.5,25,5,TGCAGGCCGATGTTATATTG,20,2425992
mhpRp1,1.6666666666666667,14,5,TGAATCGGACTGGGGATATT,9,2461085
mhpRp1,6.833333333333333,45,5,TGAAGCAGCCTCATTGGCAG,40,2435983
mhpRp1,11.0,70,5,TGAAATCTCGGGCGAGCTTT,65,2458544
mhpRp1,9.166666666666666,59,5,TGAAAAGTATAACCCATCTG,54,2461518
mhpRp1,0.3333333333333333,6,5,TCTTGTACGGGGGCCGAGCT,1,2446981
mhpRp1,5.5,37,5,TCTGTGGCCAAATCGTATTA,32,2449443
mhpRp1,1.1666666666666667,11,5,TCTGATGCGGCGGAAACCGG,6,2435931
mhpRp1,0.8333333333333334,9,5,TCTCCTACCCATGACTGTGG,4,2442299
mhpRp1,0.8333333333333334,9,5,TCGCTACTGTGAGTTGAACT,4,2468526
mhpRp1,0.6666666666666666,8,5,TCCTTATTGGAGATATCACG,3,2447082
mhpRp1,3.5,25,5,TCCTGGAAGCGCTCATTTTT,20,2467816
mhpRp1,6.5,43,5,TCCGGGCTATGAGTAGATTG,38,2469440
mhpRp1,0.6666666666666666,8,5,TCAGTTATGCAAGTGGATTC,3,2461784
mhpRp1,2.3333333333333335,18,5,TCAAGACTAATCGAGCCGGA,13,2452803
mhpRp1,5.0,34,5,TATTTGATTAAAATTTTCTA,29,2424312
mhpRp1,1.1666666666666667,11,5,TATTGAGATAGACGAGGTTC,6,2446301
mhpRp1,6.5,43,5,TATCTCTCTGGCTTCGCCTA,38,2447038
mhpRp1,0.3333333333333333,6,5,TAGGGGTAACATCTCACCAC,1,2470831
mhpRp1,7.166666666666667,47,5,TAGCGCGGTAATACGTGGTG,42,2470172
mhpRp1,3.3333333333333335,24,5,TAGCGATTTGTGAGTGACAA,19,2439990
mhpRp1,8.166666666666666,53,5,TAGCCATATACCCCGTAAGT,48,2460426
mhpRp1,10.0,64,5,TACTGCGCGTATGACAAGCC,59,2468519
mhpRp1,0.3333333333333333,6,5,TACTCAATTGTTTGCTAGAG,1,2475723
mhpRp1,9.166666666666666,59,5,TACCCAGGACAGGTCCGATC,54,2454766
mhpRp1,5.666666666666667,38,5,TACCCACGAGATTATCTACG,33,2478540
mhpRp1,2.3333333333333335,18,5,TACCACTAGAAGCAACGCCA,13,2477021
mhpRp1,3.5,25,5,TACAGAAATTCGGAGAACTA,20,2442951
mhpRp1,1.5,13,5,TAAGGCACTGACTGATAATC,8,2427977
mhpRp1,10.166666666666666,65,5,TAAGGAATGATCATCCTTGC,60,2443998
mhpRp1,3.3333333333333335,24,5,GTTTTGGGGCCGGGGTTATA,19,2425888
mhpRp1,1.1666666666666667,11,5,GTTGGAGGGGGTAAGCTGGA,6,2432376
mhpRp1,2.0,16,5,GTTGCTCTGACGGTGCTTTT,11,2453305
mhpRp1,4.666666666666667,32,5,GTGTGAGAAAATAACAGAAC,27,2451096
mhpRp1,0.3333333333333333,6,5,GTGTATCCAACCGATACCGA,1,2435063
mhpRp1,0.3333333333333333,6,5,GTGGAATCTGTCCAATGCTG,1,2443551
mhpRp1,0.3333333333333333,6,5,GTGCCTATGCCCTAGACGTA,1,2473385
mhpRp1,2.5,19,5,GTGACCTATCGTTCTTATTT,14,2430096
mhpRp1,1.3333333333333333,12,5,GTCATACGACATATCTCGGC,7,2434982
mhpRp1,2.1666666666666665,17,5,GTCAGGCAAGTTCCGTTACA,12,2475137
mhpRp1,1.8333333333333333,15,5,GTAGGTGGCCCGAACGGAGA,10,2467727
mhpRp1,2.6666666666666665,20,5,GTAGCTCACTAAGTCAATCT,15,2476333
mhpRp1,0.3333333333333333,6,5,GTACGAACCCATTAACTGTA,1,2457469
mhpRp1,4.833333333333333,33,5,GTAATCTCGGCCGAATGTTA,28,2423895
mhpRp1,8.833333333333334,57,5,GTAACACACGCAACCCGGGA,52,2452275
mhpRp1,3.0,22,5,GGTCTTTATAGGGCAAGCCT,17,2435985
mhpRp1,2.3333333333333335,18,5,GGTCTACTGCGGGCGGTCGG,13,2446215
mhpRp1,4.333333333333333,30,5,GGGTTTATAGACTTAACCAG,25,2464555
mhpRp1,5.666666666666667,38,5,GGGCTTGAATCTGTAGCATC,33,2452745
mhpRp1,2.1666666666666665,17,5,GGGAGTCTCCCCAATCCATT,12,2469588
mhpRp1,1.3333333333333333,12,5,GGGAAAGACATCCAAGATCA,7,2449081
mhpRp1,2.5,19,5,GGCTGTGGCCAACGAATGGA,14,2426220
mhpRp1,9.0,58,5,GGCTAATAAGGAACGTGGCA,53,2427542
mhpRp1,3.6666666666666665,26,5,GGCGTGCAGCGGCCAAAAAA,21,2456762
mhpRp1,8.666666666666666,56,5,GGCGACCGTTTGCAAGCGGA,51,2442415
mhpRp1,6.333333333333333,42,5,GGCATATCTACTGCGGACCA,37,2466188
mhpRp1,1.5,13,5,GGATATACTTGCAAGGGAAC,8,2431818
mhpRp1,1.8333333333333333,15,5,GGACCAACCCACACTTCTGT,10,2468227
mhpRp1,8.166666666666666,53,5,GCTTTGCAATAACAGCGACT,48,2442069
mhpRp1,3.3333333333333335,24,5,GCTTAGGACAGGATAAGCAG,19,2467620
mhpRp1,6.166666666666667,41,5,GCTTAGCTGAAATCGGTTGC,36,2433411
mhpRp1,1.8333333333333333,15,5,GCTCCTGTTCTAGTCAGGCG,10,2449710
mhpRp1,4.5,31,5,GCGTAGTAGCTCAAGAGATA,26,2476151
mhpRp1,6.333333333333333,42,5,GCGTACGGCTGCCGCCGGTT,37,2457432
mhpRp1,2.3333333333333335,18,5,GCGGTACAAATTCTACAAAG,13,2425719
mhpRp1,0.3333333333333333,6,5,GCGGAGCCCTCACCTGATCA,1,2474296
mhpRp1,3.3333333333333335,24,5,GCGCTCCAATTTGATTTCGT,19,2449932
mhpRp1,0.3333333333333333,6,5,GCGCCACCGCTACTACGCAT,1,2471595
mhpRp1,5.333333333333333,36,5,GCCGCCCAGGCGTGAGCAGA,31,2477037
mhpRp1,2.0,16,5,GCAGCCCAGTCTAGTCGGGG,11,2448285
mhpRp1,2.1666666666666665,17,5,GCACGGCCGCCGAGAAAAGC,12,2428861
mhpRp1,0.6666666666666666,8,5,GCAATCCCATATCCGTTATA,3,2443901
mhpRp1,6.5,43,5,GCAAGATATAATCTGCGTGT,38,2445850
mhpRp1,12.333333333333334,78,5,GCAACCCATAGTTTGGCACT,73,2474701
mhpRp1,4.666666666666667,32,5,GATTACGTATTGTTAGAAGA,27,2455753
mhpRp1,0.3333333333333333,6,5,GATGAGACACACTCGAGACG,1,2470253
mhpRp1,3.1666666666666665,23,5,GATCGTGGTGAAATTGCCAC,18,2425724
mhpRp1,1.6666666666666667,14,5,GATCCACGCTGTAGGTAAGA,9,2426655
mhpRp1,2.8333333333333335,21,5,GATATTCAAAACCGTCCGAC,16,2473864
mhpRp1,0.3333333333333333,6,5,GATAAGGCGCACGCGCTATC,1,2432210
mhpRp1,5.166666666666667,35,5,GAGTGTTCAGTCACAATGAC,30,2477055
mhpRp1,8.5,55,5,GAGTCGTCCTCATCGGAACG,50,2478587
mhpRp1,5.833333333333333,39,5,GAGTACAAGCAAGCTTTCAA,34,2460941
mhpRp1,7.666666666666667,50,5,GAGCGCCGATTGACCAATGA,45,2436396
mhpRp1,2.1666666666666665,17,5,GAGCAGTGGCTATCAAAGAG,12,2478313
mhpRp1,0.3333333333333333,6,5,GAGATGGGTCAAATAGGTTT,1,2462067
mhpRp1,1.1666666666666667,11,5,GACGTTTTTAAAACGCGCGT,6,2448661
mhpRp1,2.6666666666666665,20,5,GACGGTGCTCATCAGAAATC,15,2457017
mhpRp1,3.3333333333333335,24,5,GACATCAGCCGCTTTCGTAG,19,2461903
mhpRp1,4.333333333333333,30,5,GACAGCGTCATTAAACACGC,25,2427756
mhpRp1,2.0,16,5,GACAAATCTGCCTCTCATTC,11,2467781
mhpRp1,0.6666666666666666,8,5,GAATGCATATGATGGGCGGG,3,2476037
mhpRp1,5.666666666666667,38,5,GAACGAGGCATGCGGACCTG,33,2454828
mhpRp1,2.8333333333333335,21,5,GAACCAACTTAACCCAGTGG,16,2452990
mhpRp1,1.1666666666666667,11,5,GAACAGAACGCAATGCATCG,6,2465477
mhpRp1,1.3333333333333333,12,5,CTTTTTATCTAAGACACGAG,7,2435606
mhpRp1,11.666666666666666,74,5,CTTGTTGTGACACGTGCCCA,69,2440462
mhpRp1,2.1666666666666665,17,5,CTGGCACTTCAGGCTGTGAT,12,2432919
mhpRp1,3.5,25,5,CTCTGTGGTATAAATAGCGT,20,2433975
mhpRp1,5.333333333333333,36,5,CTCGGCGCACCCGCGGCCAC,31,2442195
mhpRp1,5.833333333333333,39,5,CTCGCACGGCCGGACCAAGT,34,2461857
mhpRp1,7.0,46,5,CTCCAGTTTGGACGCGCTAT,41,2437187
mhpRp1,3.1666666666666665,23,5,CTATTTTTCTGTTGCTTATA,18,2457950
mhpRp1,14.166666666666666,89,5,CTATAATACGGTTCATTCGG,84,2453786
mhpRp1,3.6666666666666665,26,5,CTAGTGTTTTCATTCTTCCA,21,2468817
mhpRp1,4.833333333333333,33,5,CTAGTGCTTATATCTTTCGA,28,2451110
mhpRp1,8.5,55,5,CGTGTTTCGACCGCAGACTC,50,2476117
mhpRp1,3.1666666666666665,23,5,CGTGGTTTAAGCGAAAGTGC,18,2470258
mhpRp1,4.833333333333333,33,5,CGTAATCTTTACTAGCCAGT,28,2461710
mhpRp1,7.666666666666667,50,5,CGGTTTTGGGTGACCCGTTG,45,2442682
mhpRp1,5.666666666666667,38,5,CGGTGATCGGGGTACGAGGA,33,2432179
mhpRp1,0.5,7,5,CGGTCACGCTACTGCAGTAG,2,2458123
mhpRp1,4.166666666666667,29,5,CGGGTTCCAAGCTTACGAAT,24,2446799
mhpRp1,3.1666666666666665,23,5,CGGGACGCCAACCGCTAATA,18,2438692
mhpRp1,5.0,34,5,CGGCCATAAGAGCGGTCCTT,29,2449238
mhpRp1,3.8333333333333335,27,5,CGGATCCGGTAAACGGGAAA,22,2460175
mhpRp1,2.3333333333333335,18,5,CGGAGATTCTAGTGCGCACA,13,2424437
mhpRp1,5.833333333333333,39,5,CGCGGCTACGTTAAGCCGTA,34,2449544
mhpRp1,1.5,13,5,CGCCAGTGGTCATTCGCATG,8,2432366
mhpRp1,22.666666666666668,140,5,CGACAGGAAGGTAAGGATCG,135,2452211
mhpRp1,0.5,7,5,CGAAGTTTAATGATCTTTTA,2,2446599
mhpRp1,2.6666666666666665,20,5,CCTTATTTGATAGCATCCTT,15,2457379
mhpRp1,0.3333333333333333,6,5,CCTCCCCGACGGATGATGAA,1,2461672
mhpRp1,1.5,13,5,CCTCCAATTTAACAGTCTTA,8,2438402
mhpRp1,5.166666666666667,35,5,CCGTTCCTCGGAACAACTTG,30,2425211
mhpRp1,0.3333333333333333,6,5,CCGTGTACCGCAGAGATGGA,1,2426050
mhpRp1,7.833333333333333,51,5,CCGTATACGATCCAATACTT,46,2467131
mhpRp1,6.666666666666667,44,5,CCGGTGGCGGCGCTCGAGGG,39,2477349
mhpRp1,1.5,13,5,CCGGCCGTATCGGGGACCTT,8,2448737
mhpRp1,9.333333333333334,60,5,CCGGAAAATTCCATCTCGTA,55,2455202
mhpRp1,4.333333333333333,30,5,CCCTTTAAGGATACAAGCCG,25,2473029
mhpRp1,1.8333333333333333,15,5,CCCTAACGGGGTTGTAACCT,10,2457771
mhpRp1,0.3333333333333333,6,5,CCCGCCGCTATTTAAAGGCA,1,2458560
mhpRp1,1.6666666666666667,14,5,CCCCCTGAGTGCGAGGGTTA,9,2433185
mhpRp1,1.8333333333333333,15,5,CCCAGAACACTCCGCAAGAT,10,2449890
mhpRp1,2.5,19,5,CCCAAGATGCCCGATTTCCG,14,2460321
mhpRp1,5.666666666666667,38,5,CCATATTTTGGTAATTAGAT,33,2443150
mhpRp1,0.8333333333333334,9,5,CCATAGACAGTCCGGATTGA,4,2454714
mhpRp1,6.666666666666667,44,5,CCAGTTTACAACCTACAGGA,39,2428763
mhpRp1,0.3333333333333333,6,5,CCACGGACCGCAACCCATTG,1,2463418
mhpRp1,5.0,34,5,CATTTATACGATATAACTAA,29,2429375
mhpRp1,0.3333333333333333,6,5,CATTGTGGAGTTATAATGTA,1,2426872
mhpRp1,0.8333333333333334,9,5,CATCAGTCTAAAGGCGGAAA,4,2446265
mhpRp1,7.0,46,5,CATAGGGTTCGGAACTTAGC,41,2475182
mhpRp1,3.5,25,5,CATACCTGCCCAAATTAATC,20,2446155
mhpRp1,1.8333333333333333,15,5,CAGTTGACGCGTTAAGTTAG,10,2471873
mhpRp1,4.5,31,5,CAGTGGTGCGTGGTGCTTAG,26,2470673
mhpRp1,5.5,37,5,CAGCTTTCCCCTTCTCACCC,32,2434802
mhpRp1,6.666666666666667,44,5,CAGCATTAGGTTGCACTGGA,39,2447121
mhpRp1,10.833333333333334,69,5,CAGAGTCGTGCTACGGTTGC,64,2467974
mhpRp1,3.5,25,5,CACTCTCGATTTCAGAACTC,20,2431439
mhpRp1,1.1666666666666667,11,5,CACTCGGACCGCCTATCGGT,6,2435898
mhpRp1,1.6666666666666667,14,5,CACCGGCTTATTACTAGCTT,9,2477069
mhpRp1,7.333333333333333,48,5,CAATAAAAATGAAGCCTGTG,43,2467328
mhpRp1,3.1666666666666665,23,5,CAAGCAGGCAGATGGCAATT,18,2473628
mhpRp1,5.0,34,5,CAACGAGAGCAAGCCAGGAG,29,2464650
mhpRp1,2.6666666666666665,20,5,CAACAAAGTCTTCACAGACT,15,2426500
mhpRp1,6.0,40,5,CAAACCCGGATTGAGTAGCT,35,2425203
mhpRp1,1.1666666666666667,11,5,ATTTGGAACACGATCGGCAG,6,2426524
mhpRp1,3.5,25,5,ATTGAGGCGCCCACAGGGAC,20,2436190
mhpRp1,4.5,31,5,ATTCTGAGGGGCTTGGGAGA,26,2477990
mhpRp1,7.0,46,5,ATTCAGGATCTCCAGAACTC,41,2473685
mhpRp1,4.333333333333333,30,5,ATTCAAAAATACAACGCGGA,25,2428760
mhpRp1,1.6666666666666667,14,5,ATTAGTCGGTTTAGCTCAGT,9,2469484
mhpRp1,0.3333333333333333,6,5,ATGGCCAAACGAGACGTTAA,1,2474072
mhpRp1,5.833333333333333,39,5,ATGGAGTGATGCTCTGTGGA,34,2473939
mhpRp1,2.0,16,5,ATGGAAAGGAATTCAAATTA,11,2456550
mhpRp1,0.3333333333333333,6,5,ATGCGCTCCGTAGGTCAACT,1,2464857
mhpRp1,2.6666666666666665,20,5,ATGAACTGATATTTCGCGAC,15,2444347
mhpRp1,5.0,34,5,ATCTAACGGACAACTAGCAG,29,2473960
mhpRp1,4.666666666666667,32,5,ATCCTTGTAACGGTGACTGC,27,2434045
mhpRp1,6.5,43,5,ATCCAACTTTTGGCACCATC,38,2442762
mhpRp1,0.8333333333333334,9,5,ATAATGGGACACGTTCGAGC,4,2467788
mhpRp1,5.5,37,5,ATAAGTCAATAGGGTGGAAT,32,2457313
mhpRp1,0.8333333333333334,9,5,AGTTTGCAACAAGCCTTTTT,4,2476131
mhpRp1,1.0,10,5,AGTTGATATTGTCCGCGTCT,5,2443862
mhpRp1,0.5,7,5,AGTTGAATCCGCCGTAGAGG,2,2473266
mhpRp1,0.6666666666666666,8,5,AGTGTCCGCAACCTGTGAGT,3,2467843
mhpRp1,6.0,40,5,AGTCGAAGCACAGCTACAGT,35,2464501
mhpRp1,5.833333333333333,39,5,AGTAAGAATTTATTGGTGTA,34,2462573
mhpRp1,9.333333333333334,60,5,AGGTTTGCGGAGTATCTGAT,55,2446945
mhpRp1,3.3333333333333335,24,5,AGGGTGGAATGCGCTCCCCG,19,2448627
mhpRp1,14.333333333333334,90,5,AGGGAACAGAGTCCAGGTTC,85,2464819
mhpRp1,1.8333333333333333,15,5,AGGAGCCACACTTGGGTAAG,10,2472617
mhpRp1,1.0,10,5,AGCGTACTGGTTTGAGCCCG,5,2446335
mhpRp1,4.666666666666667,32,5,AGCCGTCCCTGGAAAATCAC,27,2438220
mhpRp1,2.8333333333333335,21,5,AGCCATAGTAATGTGGCTAA,16,2469771
mhpRp1,1.1666666666666667,11,5,AGCACCCGACGAAGTTTTAC,6,2445295
mhpRp1,0.5,7,5,AGAATCCACTGTAGAGCGTG,2,2433023
mhpRp1,4.333333333333333,30,5,ACTCTCACCAAAGGTATTTG,25,2439682
mhpRp1,0.3333333333333333,6,5,ACTACTCGGTGCCGAGCGGA,1,2454110
mhpRp1,4.0,28,5,ACCTCATCATATAACGCCAC,23,2460335
mhpRp1,2.0,16,5,ACCGGTGTAAACTTCCATGC,11,2456255
mhpRp1,4.333333333333333,30,5,ACCCCCGTTTCCGGAGGTTA,25,2465486
mhpRp1,0.3333333333333333,6,5,ACCCACAGGCCCTCCGGGAG,1,2452170
mhpRp1,0.5,7,5,ACCAAGTGGTCAATGCGCAT,2,2479255
mhpRp1,2.0,16,5,ACAGGCTCCCGCGAGACGAC,11,2440818
mhpRp1,0.5,7,5,ACACATTATTTAGGGGAAGA,2,2477511
mhpRp1,2.8333333333333335,21,5,AATTCCGTAGCTCCGATTCT,16,2469972
mhpRp1,6.0,40,5,AATGTTTAGACGGTTAAAAA,35,2468254
mhpRp1,6.833333333333333,45,5,AATGCACCGGCTCTATTCTG,40,2477887
mhpRp1,11.0,70,5,AAGGGAGGTGAATTTAAAGG,65,2472825
mhpRp1,4.666666666666667,32,5,AAGGAAGAGTACAGTATCAT,27,2441544
mhpRp1,5.0,34,5,AAGACCATATCTCTTTTTCT,29,2432198
mhpRp1,6.833333333333333,45,5,AAGAATGAATAAGGCCTTGA,40,2425205
mhpRp1,4.166666666666667,29,5,AAGAAGAACCCAGTACTGGA,24,2428271
mhpRp1,1.3333333333333333,12,5,AACTTTTTTTTTTAAATTAG,7,2437308
mhpRp1,4.833333333333333,33,5,AACTTATAGGACGGTGATTT,28,2428060
mhpRp1,0.3333333333333333,6,5,AAAGAGAGGATTTACCTCCT,1,2477917
mhpRp1,1.3333333333333333,12,5,AAACGTACCGTGCACCCCCT,7,2445150
mhpRp1,3.6666666666666665,26,5,AAAACTCGGATCCGAGTATC,21,2465190
mhpRp1,6.5,43,5,AAAACCATTCAACTCTACAC,38,2461652
mhpRp1,5.5,37,5,AAAACAGTATGCTGCACTAG,32,2448174
mhpRp1,1.0,8,4,TTTTGGGGTGCAGAATAAAA,4,2452837
mhpRp1,3.4,20,4,TTTGCGCAGAGTGCTGATTA,16,2463986
mhpRp1,3.0,18,4,TTGTCTTTATGGGCGCACTG,14,2437290
mhpRp1,12.0,63,4,TTGGTTATTCCAATTTATTT,59,2461254
mhpRp1,8.2,44,4,TTGCCCGGGAACTGAGCAGT,40,2424759
mhpRp1,5.2,29,4,TTGAGGTCATGACTAGACCT,25,2478919
mhpRp1,2.0,13,4,TTCTTATAATCCATAGAGCC,9,2434724
mhpRp1,5.4,30,4,TTCTGCGAGGTCCCTGTTTT,26,2445632
mhpRp1,3.0,18,4,TTCGGAAAACTGTTCCTTTT,14,2471846
mhpRp1,9.0,48,4,TTCGCTATGACTCGGAATTG,44,2475683
mhpRp1,2.4,15,4,TTCGACACCGATTCAATCAT,11,2445589
mhpRp1,2.2,14,4,TTCAAATCCGGGTAAGCCTG,10,2444249
mhpRp1,6.8,37,4,TTACGGTTTAAGGGCCCGAC,33,2465747
mhpRp1,3.8,22,4,TGTTCAACGGTCTACCGGGA,18,2456193
mhpRp1,0.4,5,4,TGTTATGTTAGCCGGGTCAC,1,2442371
mhpRp1,3.6,21,4,TGTGATGTATAGAGACCTTG,17,2447364
mhpRp1,6.2,34,4,TGTCGACAACAGTGGACAGG,30,2428978
mhpRp1,8.8,47,4,TGTCAGTCCCTCCACGCGAA,43,2456713
mhpRp1,4.6,26,4,TGTACTCGTTAACATTTACG,22,2437711
mhpRp1,3.2,19,4,TGTACAACACGCCTCATCTA,15,2448252
mhpRp1,13.0,68,4,TGGGAAGCCTGCCTAAGGAA,64,2427947
mhpRp1,6.2,34,4,TGGCAGCAAGATTCGAAGCA,30,2461780
mhpRp1,0.4,5,4,TGCGATACTAGGCGCCGCCT,1,2424379
mhpRp1,5.8,32,4,TGCCTGTGTACGATGATCGT,28,2454305
mhpRp1,2.6,16,4,TGCCGTATGAAGGTGTGCCA,12,2479210
mhpRp1,0.4,5,4,TGAGTTGGCCATCGATAGCT,1,2436685
mhpRp1,0.4,5,4,TGACCCCTATCAGGGGAAAG,1,2451991
mhpRp1,6.0,33,4,TCTTCGTATTTCGAAATGTT,29,2461731
mhpRp1,5.0,28,4,TCTCGCCGGCAACTACCTGG,24,2435929
mhpRp1,6.8,37,4,TCTATAGCCCCGGGCCAAGG,33,2425384
mhpRp1,4.2,24,4,TCTAGACGTGGCTTAAACCA,20,2434280
mhpRp1,5.2,29,4,TCTACACACGTTTGCTCCGG,25,2430236
mhpRp1,4.6,26,4,TCTAAGAGTACTAGCATCTC,22,2451775
mhpRp1,3.4,20,4,TCGGCGGTAAAGGGGTAGAG,16,2451554
mhpRp1,6.6,36,4,TCGGAACAGTCTCAGACGTA,32,2439386
mhpRp1,0.4,5,4,TCGATGTACTCCCGTTGGGC,1,2428894
mhpRp1,0.8,7,4,TCGAACCACGGAGGGTCGGG,3,2455241
mhpRp1,1.4,10,4,TCCCTGTCGAAAACAAAGTT,6,2450890
mhpRp1,1.0,8,4,TCCACGGCCAAAAGGGAACG,4,2444199
mhpRp1,4.0,23,4,TCCAATCCAGCAGTGCAGTC,19,2471635
mhpRp1,4.8,27,4,TATCAGGATCAAGTCCCTCT,23,2426221
mhpRp1,0.4,5,4,TATCAGCTGTTTATGTATTC,1,2468707
mhpRp1,4.2,24,4,TAGCCCGATATCTCCTTTTG,20,2424762
mhpRp1,2.2,14,4,TAGATGGTATGGCAGAAGCT,10,2446376
mhpRp1,3.8,22,4,TAGATCACGAGCTGAGGGCA,18,2478241
mhpRp1,1.4,10,4,TACTGGACGAGCAAGATACG,6,2478768
mhpRp1,2.8,17,4,TACACAGTCCAGCACTCGAA,13,2435598
mhpRp1,6.4,35,4,TAAGCCGCAATTACAGACGA,31,2466176
mhpRp1,6.6,36,4,TAACAGTAGCATAGTACGGC,32,2462364
mhpRp1,1.8,12,4,TAAACCTAAAGCACACTTTG,8,2437596
mhpRp1,12.0,63,4,GTTCGGTCCTCAGTGCAGGT,59,2448790
mhpRp1,0.4,5,4,GTTCATATACACCTGCTTGA,1,2425531
mhpRp1,1.0,8,4,GTTATACAGCCTTGATGTCA,4,2463151
mhpRp1,10.6,56,4,GTGTGTGTGCAGGTCGTAAC,52,2461442
mhpRp1,2.6,16,4,GTGATGACTCGATAAGGGTG,12,2428630
mhpRp1,4.0,23,4,GTGAGTATATCAAATCTTGT,19,2436023
mhpRp1,0.4,5,4,GTCTGTTCAGACGGATTCCT,1,2453457
mhpRp1,4.4,25,4,GTCAACAAATAATGAGGTCG,21,2450274
mhpRp1,2.0,13,4,GTATTTTTCCACAAGCACGA,9,2431743
mhpRp1,9.4,50,4,GTAGCAGTGTCAGCAGTCGA,46,2478387
mhpRp1,0.4,5,4,GGTTTTGAATCTAGGAGCGT,1,2477068
mhpRp1,5.8,32,4,GGTTGAGTCCAAGATATGTA,28,2451094
mhpRp1,9.2,49,4,GGTGTACCTATCCGGCGGTG,45,2461336
mhpRp1,6.2,34,4,GGTCTCAACTAGCAGGCGAA,30,2456024
mhpRp1,1.0,8,4,GGTCCGGTTCTCTATACAGG,4,2452092
mhpRp1,6.2,34,4,GGTCACGCCAAGACTCCGTT,30,2472791
mhpRp1,4.2,24,4,GGGTGGTTGCGCATGTCCAT,20,2426867
mhpRp1,1.4,10,4,GGGTCTGCATGACAGTGGCA,6,2473745
mhpRp1,3.6,21,4,GGGTAGAGGAATAACGCGTG,17,2467515
mhpRp1,0.6,6,4,GGGGTGTCCCGCTGGACAAC,2,2465398
mhpRp1,10.8,57,4,GGGGGAGTGCTTTTTCGAGA,53,2461680
mhpRp1,12.8,67,4,GGGCCGAAGTTCCGCGTCCT,63,2453565
mhpRp1,0.4,5,4,GGCTCGAGAATCATATGCTC,1,2465145
mhpRp1,6.4,35,4,GGCTACCAATAACTAGATCG,31,2463405
mhpRp1,0.4,5,4,GGCGGAAAAGGAGCTTCGCG,1,2471727
mhpRp1,2.6,16,4,GGCGCTCTAGGTTTGCACTG,12,2434178
mhpRp1,9.8,52,4,GGCGAGTTGAAGCGTACGCG,48,2464864
mhpRp1,2.2,14,4,GGCCTTGGCCGCTACGCCGA,10,2438290
mhpRp1,0.8,7,4,GGCCTGGTTCCGGAGCTCTT,3,2462748
mhpRp1,4.0,23,4,GGCCTAATCCTCCAATATAG,19,2429389
mhpRp1,7.4,40,4,GGCCAGGGCAGGTCCGACCT,36,2449875
mhpRp1,12.0,63,4,GGCACAACGTGCGTGATAGG,59,2473730
mhpRp1,12.6,66,4,GGAGTGGAATGACACTCTCG,62,2461676
mhpRp1,0.8,7,4,GGAGTAAGGTTATTCTGCGT,3,2448956
mhpRp1,3.6,21,4,GGACGGCCCCGCTTTTTTAA,17,2454964
mhpRp1,3.6,21,4,GGACAATCGTCGTACCTGGT,17,2475067
mhpRp1,5.8,32,4,GGAATGTGAAGAACGAGCGT,28,2467141
mhpRp1,1.0,8,4,GGAACAGCCCGTGTAAGAAT,4,2450223
mhpRp1,7.4,40,4,GCTTGGGGTGTTTGCTGGCA,36,2434840
mhpRp1,8.6,46,4,GCTTCCTGGAGTAAAGGCAG,42,2443372
mhpRp1,2.6,16,4,GCTTCCATAGGTACCTTCAG,12,2434729
mhpRp1,6.0,33,4,GCTGACGTGGGCATTAGTGC,29,2449921
mhpRp1,8.6,46,4,GCGTTAGTTTAATTGCCTCC,42,2469985
mhpRp1,5.4,30,4,GCGCCCTGAATGCGGTCATG,26,2462422
mhpRp1,4.6,26,4,GCGAGTTTGAATCGTTTCAA,22,2468024
mhpRp1,7.0,38,4,GCCTTCTGTTCCTGACGGGA,34,2456783
mhpRp1,6.8,37,4,GCCTGTAACGGACGTCTATC,33,2476490
mhpRp1,4.0,23,4,GATTGACGGATGAATATCTG,19,2428169
mhpRp1,2.4,15,4,GATTCCAGGGCCATCCGTAT,11,2428414
mhpRp1,4.6,26,4,GATCTGAAACTCTGGAGACT,22,2443681
mhpRp1,16.8,87,4,GATAGACAGGTTTTTCCTCC,83,2430673
mhpRp1,0.4,5,4,GAGTTACAAGTGCGGGGTAC,1,2445405
mhpRp1,1.4,10,4,GAGTACGGTACAATCTCATG,6,2453605
mhpRp1,15.6,81,4,GAGCTCGAAACCCCCTGTTC,77,2448168
mhpRp1,7.4,40,4,GAGATGTCAGATTCGAGATC,36,2465629
mhpRp1,0.6,6,4,GACTATTCTCACGCGCACTT,2,2463892
mhpRp1,0.4,5,4,GACGCTGACGACGAATACAT,1,2466333
mhpRp1,6.0,33,4,GACCCTACGTTCGTGCGCTA,29,2466269
mhpRp1,4.4,25,4,GACAACGCCCTAGCCATTTC,21,2442517
mhpRp1,0.6,6,4,GAAGTTTCCGGGTAAGAATA,2,2424656
mhpRp1,3.4,20,4,CTTGTAGGATGCAGCTCTTC,16,2446822
mhpRp1,6.0,33,4,CTTGTAGAGGGTAATCTCGT,29,2437724
mhpRp1,0.8,7,4,CTTGAACTTCTCATGCGACT,3,2466466
mhpRp1,1.0,8,4,CTTATTTTCGATAAAATGGT,4,2429176
mhpRp1,4.4,25,4,CTTATCAGCAGCGCACCCGT,21,2446147
mhpRp1,3.2,19,4,CTTAGCGTTGTGAATCTGTG,15,2466264
mhpRp1,3.6,21,4,CTGTTAATGGTGGCCGGCGG,17,2471441
mhpRp1,2.0,13,4,CTGTCATCGATATCTGTGAC,9,2465151
mhpRp1,3.0,18,4,CTCTGTCGTTAGCTATGTAG,14,2451560
mhpRp1,5.4,30,4,CTCGGCGCTGCATTCCCCCA,26,2474303
mhpRp1,8.2,44,4,CTCGCTACACACCGGCTCCC,40,2456486
mhpRp1,4.2,24,4,CTCGACCCGTAAAAAAATGT,20,2475788
mhpRp1,5.0,28,4,CTCGAAGGACAGATGTGATA,24,2437228
mhpRp1,4.8,27,4,CTCCCCTTTGTATAGTTTCT,23,2447296
mhpRp1,2.6,16,4,CTCACGATAGGATAATCCTC,12,2474879
mhpRp1,2.6,16,4,CTCACAATCGGCCGGCCGTA,12,2475877
mhpRp1,3.2,19,4,CTACAACTGCGCCTCGTCGT,15,2446865
mhpRp1,1.8,12,4,CTAATGTTATCGCGCGCAAA,8,2466586
mhpRp1,6.6,36,4,CTAAGTACGCCCTTACAAGC,32,2444259
mhpRp1,1.2,9,4,CGTTCGCACCTCCGATGTTA,5,2449160
mhpRp1,4.0,23,4,CGTTCCCGTAGATTGAGTAC,19,2451522
mhpRp1,9.0,48,4,CGTTAAGTAGAACGCCGAAA,44,2424445
mhpRp1,3.4,20,4,CGTGGTAACTATACAAAAGT,16,2456484
mhpRp1,1.4,10,4,CGTGGGGCTCTCAGCGATCA,6,2428824
mhpRp1,12.4,65,4,CGTCGGATGCTGGTTCCCAG,61,2424080
mhpRp1,3.8,22,4,CGTCGGACATGAGTCCCTTA,18,2425978
mhpRp1,3.2,19,4,CGTAGCGCTTATAGATGTAA,15,2444964
mhpRp1,0.4,5,4,CGTAGAGCAGTTGCACGGCG,1,2455893
mhpRp1,0.6,6,4,CGTAATAGGTCTTGTATGCA,2,2449920
mhpRp1,3.2,19,4,CGTAACCACACAAAATTGGG,15,2434879
mhpRp1,4.0,23,4,CGGCGTTGTCCGTTACCCCT,19,2441750
mhpRp1,1.8,12,4,CGGCCCTAGTATCAGCGTAA,8,2430927
mhpRp1,4.6,26,4,CGGCAGAAATTTTGAGTTGC,22,2436535
mhpRp1,6.6,36,4,CGGCAAGTTAGCAGGGTTGT,32,2440766
mhpRp1,6.8,37,4,CGGAGCGCGTGCGTAAGCAG,33,2470542
mhpRp1,1.8,12,4,CGGACCGCTTCACCTAGCCT,8,2438581
mhpRp1,5.4,30,4,CGCCGGTCCTCCGCTACTCC,26,2460896
mhpRp1,2.0,13,4,CGCCCCGGTATGGTTCGGTC,9,2468338
mhpRp1,6.0,33,4,CGCATGACAAGTGTACCGTG,29,2473490
mhpRp1,1.8,12,4,CGCACATTAACCCCCCGGGA,8,2468414
mhpRp1,0.4,5,4,CCTGTCTGGGTCGGGGCAGG,1,2469055
mhpRp1,10.2,54,4,CCGTATAATGAGGTAATGGC,50,2467675
mhpRp1,11.8,62,4,CCGCGACAGTGACTCGCTAG,58,2434073
mhpRp1,1.4,10,4,CCGCCGCCTGTGGACGACGC,6,2451429
mhpRp1,3.6,21,4,CCGCATTCGAGATACAAACA,17,2425564
mhpRp1,0.4,5,4,CCGCACCGGAACACCGAATG,1,2435973
mhpRp1,12.2,64,4,CCGACAGAAGCAGACGATTT,60,2435694
mhpRp1,7.8,42,4,CCCGTTCACGCTCGTAGCCA,38,2466054
mhpRp1,3.6,21,4,CCCGCGTCGGACATCCAAGT,17,2441861
mhpRp1,11.4,60,4,CCCCGCCAATGACTTATTGG,56,2445943
mhpRp1,9.0,48,4,CCATTCCGTCGAAACCAGTC,44,2475865
mhpRp1,5.6,31,4,CCACAAGAATCTAAACGACG,27,2444922
mhpRp1,5.6,31,4,CCAAGCAAATTCGTCAGTTA,27,2438415
mhpRp1,7.2,39,4,CATTCTTATCTGCTCTTTCG,35,2440343
mhpRp1,2.0,13,4,CATTCAGTCACTCTGGTATA,9,2438521
mhpRp1,13.2,69,4,CATGGCTCTACTAGCCGTGA,65,2459427
mhpRp1,1.0,8,4,CATATCGGCGCAATCGGAAT,4,2430359
mhpRp1,4.4,25,4,CATATCGAGCGAGTATTTGG,21,2430134
mhpRp1,0.4,5,4,CATATAAGCAAAGACAATTG,1,2471199
mhpRp1,3.8,22,4,CAGTGTATGCTCATTGCAAG,18,2437573
mhpRp1,0.4,5,4,CAGTATACGAATCGCGCAGT,1,2425600
mhpRp1,2.2,14,4,CAGGTCTCCTTTTGTTTCGC,10,2449979
mhpRp1,8.6,46,4,CAGCTGCAGGGATGGTTGCC,42,2453156
mhpRp1,2.6,16,4,CAGCGTTCAGACTGACTAAT,12,2467379
mhpRp1,2.8,17,4,CAGCAGTCCTGGCCTAAATT,13,2431381
mhpRp1,0.4,5,4,CAGCACTAGAACACAGTACA,1,2447702
mhpRp1,10.2,54,4,CAGACGCTGGTCAGCAGCGT,50,2472817
mhpRp1,0.4,5,4,CACTTTCCAACAGAGACTAA,1,2446140
mhpRp1,0.4,5,4,CACGGAGTGGGACAGGTTTG,1,2428902
mhpRp1,3.0,18,4,CACGCTGGTTATGCGAAAAA,14,2436337
mhpRp1,7.8,42,4,CACCCCATATATTGATAACT,38,2447286
mhpRp1,1.4,10,4,CAATTCAGCGGATGTTAAAC,6,2433280
mhpRp1,11.2,59,4,CAAGGCACGCTCGAATAGGA,55,2460793
mhpRp1,8.4,45,4,CAAACCATACGGCGATAGTC,41,2430619
mhpRp1,22.6,116,4,ATTTAGCTCTACTAGGATGT,112,2445874
mhpRp1,2.6,16,4,ATTGGCATTACTTGTCCCGC,12,2435208
mhpRp1,2.0,13,4,ATTGGAAGTTCGGATGTCAA,9,2456183
mhpRp1,5.8,32,4,ATGTTTTGAGCTAACGAAAT,28,2464099
mhpRp1,2.2,14,4,ATGTCGTCTCCATTAAATTG,10,2472602
mhpRp1,8.4,45,4,ATGTACGGCGGGGAAAGAAC,41,2442819
mhpRp1,10.8,57,4,ATGGGCTATTGTAAGCTTGT,53,2466386
mhpRp1,2.8,17,4,ATCGAGTTTAGCTCTCACAA,13,2467928
mhpRp1,0.4,5,4,ATCCGTCATGAGTCTCAGAC,1,2436408
mhpRp1,0.6,6,4,ATCCCGGCTCACCGACTACT,2,2443292
mhpRp1,9.6,51,4,ATCCCCTAACATAGGCGTTT,47,2430839
mhpRp1,7.2,39,4,ATCAAACTAACCATGGCTTT,35,2459153
mhpRp1,2.2,14,4,ATAGTTGGCCCCATCTTATT,10,2473920
mhpRp1,4.4,25,4,ATACGACAGTACGTCGGTTC,21,2454915
mhpRp1,7.6,41,4,AGTTTGTATATCTGACTCAA,37,2447267
mhpRp1,7.8,42,4,AGTTGGACCACCCCGTGATA,38,2476191
mhpRp1,0.4,5,4,AGTGTGCATCGCGTCTACTC,1,2473316
mhpRp1,12.0,63,4,AGTGGTTGCTCATTTGCCCC,59,2431739
mhpRp1,0.4,5,4,AGTGGCTAGGTCGAATGCGG,1,2448630
mhpRp1,2.8,17,4,AGTATATGAACGTTCCCAGA,13,2424360
mhpRp1,5.0,28,4,AGGGCCAGGACATTCTGTCC,24,2438343
mhpRp1,6.4,35,4,AGGAATTTCACGGCCGGTTT,31,2442512
mhpRp1,3.2,19,4,AGGAACAGACTTTTGACCAC,15,2469692
mhpRp1,2.4,15,4,AGCTTTGTCCGCTTCGTGTG,11,2467329
mhpRp1,1.2,9,4,AGCGAGCACTCCTAGCCTTA,5,2460591
mhpRp1,1.2,9,4,AGCCGCGTCAGATCAAAGTT,5,2435147
mhpRp1,2.4,15,4,AGAGGTAGGCGAAGAGACTG,11,2425202
mhpRp1,4.6,26,4,AGAGGCCCGTCCTACTACTC,22,2455252
mhpRp1,8.8,47,4,AGAGCCAAGTTAGGGACAGG,43,2440708
mhpRp1,7.2,39,4,AGAGCAGGGGAGCGTTGTTT,35,2447645
mhpRp1,0.4,5,4,AGAATTCATTGTCGGCTTAA,1,2435971
mhpRp1,3.0,18,4,ACTTATCGGCACAGCACTAG,14,2425637
mhpRp1,4.0,23,4,ACTCATTTCCGATTATCCTA,19,2463897
mhpRp1,6.8,37,4,ACGTGTCCAACGCTTGGGAG,33,2441567
mhpRp1,4.4,25,4,ACGCGGATTTTTAGTGAACT,21,2444887
mhpRp1,8.4,45,4,ACCGGACGCATCAACCTTTG,41,2467894
mhpRp1,10.4,55,4,ACCCATTCTTTGGACGATGG,51,2425546
mhpRp1,0.4,5,4,ACATCTTGCGGGTGTATGAT,1,2434946
mhpRp1,1.2,9,4,ACACAACAATGGGCAACAGC,5,2449009
mhpRp1,2.8,17,4,ACAATCGACCTCAGACCGGG,13,2435428
mhpRp1,5.8,32,4,ACAATATCTCCAGGTGTGGA,28,2431485
mhpRp1,3.8,22,4,ACAACATAAGAACTAGGTTC,18,2463644
mhpRp1,0.4,5,4,AATCCCTGGTATATGCGATT,1,2429190
mhpRp1,3.8,22,4,AATAAGAAGATCGTGTCTCT,18,2439862
mhpRp1,0.8,7,4,AAGTTCAAAGTGAGGTTTTA,3,2430600
mhpRp1,2.8,17,4,AAGCCGAAAGGTAAGGTAGC,13,2424155
mhpRp1,1.6,11,4,AACTTCTTGCGCGTCCATTG,7,2439714
mhpRp1,3.6,21,4,AACTTATGCCTCGCACGGTA,17,2459708
mhpRp1,0.4,5,4,AACTCCATCCACTACAATAG,1,2464516
mhpRp1,8.8,47,4,AAAAACGGACATGCTCGCGT,43,2474520
mhpRp1,12.5,52,3,TTTTTTTCCTGTTTTACCCT,49,2451532
mhpRp1,6.0,26,3,TTTTTCATAAATAGAAATTA,23,2462535
mhpRp1,16.25,67,3,TTTGGGCAGCCTCATACAGA,64,2460322
mhpRp1,0.5,4,3,TTTGCTCCTTACCCTCTAAT,1,2478201
mhpRp1,7.0,30,3,TTTGCAATGTCTATACATTT,27,2465784
mhpRp1,2.5,12,3,TTTGAAGCGGGTGAGCGATC,9,2444512
mhpRp1,11.75,49,3,TTTCTAGACTGATATACTCG,46,2424049
mhpRp1,12.0,50,3,TTTAAGGGTAGCAATAGCAA,47,2432161
mhpRp1,10.75,45,3,TTGTTCTAAGCAAGAGGGTA,42,2434126
mhpRp1,3.25,15,3,TTGAGAGTAGCATAATTAAT,12,2465154
mhpRp1,0.5,4,3,TTCTTCTCGTCGTGGGTATA,1,2456314
mhpRp1,7.25,31,3,TTCACCGGAGATTCCCGACG,28,2468373
mhpRp1,4.75,21,3,TTATGGTCGGGTAGGCCAGT,18,2453079
mhpRp1,8.5,36,3,TTACGACAAGGCCGTCCGAT,33,2424558
mhpRp1,2.0,10,3,TTACAGCGTCGATCCGGGCG,7,2444076
mhpRp1,2.25,11,3,TTAATGGATGTGACGGTGGG,8,2464196
mhpRp1,7.25,31,3,TGTTTCACATGGAAATCAGA,28,2440173
mhpRp1,7.5,32,3,TGTGAGGCGTGTGAAAAGTA,29,2446408
mhpRp1,3.25,15,3,TGTCTCTGTATGTCTTTGGT,12,2471480
mhpRp1,2.25,11,3,TGTCATGGCTGTTTTTGTAA,8,2433640
mhpRp1,5.25,23,3,TGGTCAGACTGCTGTCGGAC,20,2464893
mhpRp1,1.25,7,3,TGGGTAGAGGTTTCCGGCCG,4,2443371
mhpRp1,0.5,4,3,TGGGGAGCGCTCGACCCGTT,1,2441710
mhpRp1,18.0,74,3,TGCTCGTAGCACGGACCACA,71,2453762
mhpRp1,4.5,20,3,TGCGCCCAAGGTGTGGACCT,17,2473594
mhpRp1,11.25,47,3,TGCATGTACGCTTATGATGA,44,2438598
mhpRp1,0.5,4,3,TGCAGCACTCCCCGTATCGA,1,2464003
mhpRp1,1.5,8,3,TGATACACAAGAAAACAGGG,5,2424363
mhpRp1,5.75,25,3,TGAGTGCGTATCGATGAGAC,22,2445017
mhpRp1,5.75,25,3,TGAGATTTTATGACGATCAT,22,2463598
mhpRp1,8.75,37,3,TGAATACTGTGCGCTTACAC,34,2474916
mhpRp1,8.75,37,3,TCTTGGCGATTGCACCTCCC,34,2449685
mhpRp1,5.75,25,3,TCTTCGGGACACCGTCGTGC,22,2432235
mhpRp1,4.75,21,3,TCTGGGGCGGTTGACTTGCA,18,2441308
mhpRp1,3.75,17,3,TCTCTTAGAGAACGCAGAGA,14,2460754
mhpRp1,8.25,35,3,TCGTTGTATCGTTGCCGTCA,32,2440588
mhpRp1,12.0,50,3,TCGTTCCTGGGTTAAGTCAC,47,2461521
mhpRp1,5.75,25,3,TCGTGAATTGAGGCAGAAAG,22,2432751
mhpRp1,0.5,4,3,TCGGGGTAATACCCTAGATT,1,2467103
mhpRp1,8.0,34,3,TCGCGTGTGGCGGAGAGTAT,31,2437300
mhpRp1,6.0,26,3,TCGCGCGGAGAGACATTCAG,23,2448004
mhpRp1,1.5,8,3,TCGCGATCTCCGACAGCCCT,5,2432275
mhpRp1,1.0,6,3,TCGCCATCTGCGGCATAGGA,3,2423819
mhpRp1,5.0,22,3,TCGATCTCGAAACTCAAGGG,19,2444431
mhpRp1,1.75,9,3,TCGAGTGCTATCTAAGCCCC,6,2437432
mhpRp1,4.75,21,3,TCGAACACTTATAAATACCT,18,2430832
mhpRp1,3.75,17,3,TCCCTGTCCCGAAATTCAGA,14,2468139
mhpRp1,0.5,4,3,TCATTTGAAATGATCCGTTA,1,2464507
mhpRp1,14.75,61,3,TCATAGGCATATAATCTTCA,58,2429973
mhpRp1,56.75,229,3,TCATAATGTTCCACTCTCGT,226,2428999
mhpRp1,1.25,7,3,TCAGGATTCCCACTTTTGTG,4,2459925
mhpRp1,2.75,13,3,TCAATAGGATGAATCAGCCT,10,2460603
mhpRp1,0.75,5,3,TCAAGACGACGGTGAGAACG,2,2428227
mhpRp1,2.25,11,3,TATTGTACCGCACTGGGAGT,8,2425311
mhpRp1,0.5,4,3,TATGGGCTCGCACATGGATG,1,2440377
mhpRp1,2.0,10,3,TATGGAGGTGGCAAGCAATT,7,2457346
mhpRp1,0.5,4,3,TAGACACGACGACGAGTGCT,1,2466454
mhpRp1,6.0,26,3,TACTTCCGACCCCTGAATAC,23,2439526
mhpRp1,9.0,38,3,TACTCCCAGGCGCTAAGTTT,35,2438239
mhpRp1,7.0,30,3,TACGGGCATCGCGCTCTGTC,27,2478965
mhpRp1,0.5,4,3,TAATTCGCTGAGCTTGAAGC,1,2430830
mhpRp1,3.75,17,3,TAATGGATAAGGGATTGAAC,14,2461144
mhpRp1,0.5,4,3,TAATAAACTCAAGTTAACAT,1,2436348
mhpRp1,8.75,37,3,TAAGTCGGCCCATGCCCACT,34,2476817
mhpRp1,0.5,4,3,GTTTGCCCCGTAAGCGTGCA,1,2453715
mhpRp1,1.75,9,3,GTTTACACTCGCGGATTTCC,6,2466343
mhpRp1,2.0,10,3,GTTGACATTAGTATCAAACT,7,2434169
mhpRp1,4.0,18,3,GTTAACGGCATGGATGCGCT,15,2426082
mhpRp1,0.5,4,3,GTGCTTTGTGCTTTCGTCGG,1,2427342
mhpRp1,7.25,31,3,GTGCTTTCAAATATGGGTGT,28,2432092
mhpRp1,1.75,9,3,GTCTCGTGGTTAGTGACTGC,6,2461677
mhpRp1,0.75,5,3,GTCTAAAGTCTGTAGAAAAA,2,2434572
mhpRp1,3.25,15,3,GTCGGTATGGCGTTCGCAAT,12,2479228
mhpRp1,2.5,12,3,GTCCGCACAAAGGCTTCTAT,9,2424299
mhpRp1,0.5,4,3,GTCATCTTATGAGACGGCCG,1,2444120
mhpRp1,1.5,8,3,GTATCCATTCTCACGGTCCA,5,2473774
mhpRp1,1.25,7,3,GTAGGGGCCAAGCAATCTTA,4,2461353
mhpRp1,3.0,14,3,GTACTGTGAGCAGACTGTTA,11,2460146
mhpRp1,2.5,12,3,GTAAACAAGATCAAAACCCT,9,2424177
mhpRp1,7.75,33,3,GGTTGGTTTCCTCAACGTTA,30,2463578
mhpRp1,1.75,9,3,GGTCGGACTCTGATTATAAT,6,2464524
mhpRp1,4.25,19,3,GGTAGACGTTGAATCCAATA,16,2432206
mhpRp1,0.5,4,3,GGTACAGGTGCCGATCACCA,1,2463164
mhpRp1,4.75,21,3,GGTAAAATTGATCCCCTAAG,18,2449926
mhpRp1,2.0,10,3,GGGGGTCGTCACCCCCTTCC,7,2458993
mhpRp1,0.5,4,3,GGGGCGTGTTCGAAAATTAA,1,2460976
mhpRp1,5.0,22,3,GGGGACAGTTCACGGATGCG,19,2426665
mhpRp1,8.75,37,3,GGGCCACAGAGAACCCCGTC,34,2430590
mhpRp1,8.75,37,3,GGCTTGGTTCTTAGTCCGGA,34,2471219
mhpRp1,0.5,4,3,GGCTGCTTTGTGTAGTTTGT,1,2465726
mhpRp1,11.25,47,3,GGCCCTCCTCGGCTCGGAAG,44,2430608
mhpRp1,14.25,59,3,GGCAGAACGGAACTGGAACT,56,2464505
mhpRp1,7.0,30,3,GGATCCTGACCTGGGTTGCA,27,2435158
mhpRp1,15.25,63,3,GGATAAGCCGGTCTTCAACC,60,2469829
mhpRp1,3.5,16,3,GGAGGGATCCACATTTCATT,13,2441973
mhpRp1,14.5,60,3,GGACATTAAGACCGATCCTC,57,2455066
mhpRp1,1.25,7,3,GGAAGTGATCGTGATTCCTA,4,2458275
mhpRp1,14.75,61,3,GCTTCTTAAAAGTTTCGACC,58,2440707
mhpRp1,3.75,17,3,GCTGGTGCGCCTCCGGCGTG,14,2467113
mhpRp1,6.25,27,3,GCTGCACCGTGCGCCATGTG,24,2428981
mhpRp1,0.5,4,3,GCTCGACTACGTCAACCCTT,1,2468656
mhpRp1,6.75,29,3,GCTACAGCCAATAGGCGTGT,26,2428327
mhpRp1,10.75,45,3,GCGGAGGTCGGTTAGGTTCA,42,2425307
mhpRp1,11.75,49,3,GCCGAGGGGGGGAACCAGGC,46,2449205
mhpRp1,9.25,39,3,GCCAGCATTCCCCCACTCAC,36,2442480
mhpRp1,1.0,6,3,GCCACTTGTCATGAATGACG,3,2458052
mhpRp1,10.75,45,3,GCACTGGGGCATACAGGGTA,42,2427433
mhpRp1,0.75,5,3,GCAAGGGAGTCGGCAGAACG,2,2454609
mhpRp1,12.0,50,3,GATGTAGAGCGCAACGGAGA,47,2427284
mhpRp1,5.0,22,3,GATGAGTACCTCTACTTCCC,19,2427792
mhpRp1,10.0,42,3,GATCAGATATGAGCGAGGGA,39,2451906
mhpRp1,3.5,16,3,GATATTCTCGTACGCATTTG,13,2443819
mhpRp1,11.5,48,3,GATAAGGGGGCATCTCGCTC,45,2438389
mhpRp1,9.0,38,3,GATAAGGGGACCTACATGCT,35,2424932
mhpRp1,7.0,30,3,GAGTAACACTACCACCGTCA,27,2467572
mhpRp1,8.75,37,3,GAGGTCCAACATGCTAGCGG,34,2462116
mhpRp1,7.0,30,3,GAGCGTGGTGATGTGCCAGA,27,2479469
mhpRp1,1.75,9,3,GAGACCCTCGACGGCTCGCT,6,2443141
mhpRp1,4.5,20,3,GAATGTGCATTCCCTGTCAT,17,2429068
mhpRp1,19.25,79,3,CTTTTGCTATGCGGGCTCAT,76,2435308
mhpRp1,5.0,22,3,CTTCGGGACATGTATGCGTT,19,2455493
mhpRp1,0.5,4,3,CTTATGAGTGTAATATCGTC,1,2458553
mhpRp1,8.0,34,3,CTGGGAGCTGTCATTTTCGG,31,2430899
mhpRp1,13.25,55,3,CTGGGAGCGGCTCCGAGAAA,52,2470029
mhpRp1,9.0,38,3,CTGACGGGCATGTTTCGCCC,35,2440519
mhpRp1,2.75,13,3,CTCTAGTCAAGCCCTCTCTC,10,2449703
mhpRp1,5.75,25,3,CTCGGATACCCATCAATAAC,22,2462451
mhpRp1,7.75,33,3,CTCCAGTATCGGCTATATAA,30,2445481
mhpRp1,2.5,12,3,CTCCAGCAACGTCATCACGC,9,2440721
mhpRp1,3.0,14,3,CTATCGTAGGGGATACAGAA,11,2467683
mhpRp1,6.25,27,3,CTAGTGAGCCTGCTGTAGAG,24,2446700
mhpRp1,1.5,8,3,CTAGACGATCATTACGTTTG,5,2448805
mhpRp1,7.25,31,3,CTACGCCTCTAGTGTTTACG,28,2427334
mhpRp1,2.75,13,3,CTACCAGAGGCGCCTAAAAC,10,2433967
mhpRp1,8.0,34,3,CTAAGCGACCCGGATGACTT,31,2466104
mhpRp1,3.75,17,3,CGTTCCCATTCGCAATTCAT,14,2451805
mhpRp1,6.75,29,3,CGGTTACGCCCACCACAACA,26,2473770
mhpRp1,3.75,17,3,CGGCCAGGTCGTGGTCAGTT,14,2437168
mhpRp1,7.5,32,3,CGGAGCTAGAGATCCCTGTG,29,2467314
mhpRp1,2.25,11,3,CGCTTAGACAGGTGTCACTT,8,2445996
mhpRp1,0.75,5,3,CGCGTGGAGGAAACTGTTAA,2,2431457
mhpRp1,3.75,17,3,CGCGGCGAGCCTATAGTTGT,14,2467401
mhpRp1,6.25,27,3,CGCGAAGCGCGCTAGGCGAA,24,2466310
mhpRp1,3.75,17,3,CGCCGCGGAGAATAGCATCG,14,2440731
mhpRp1,0.5,4,3,CGAGGCAGTTGAATCAGCTT,1,2473760
mhpRp1,0.5,4,3,CCTTGGGCGTTCTCTTTGTG,1,2472043
mhpRp1,12.25,51,3,CCTGGCAGGGAATGCGTTTA,48,2466926
mhpRp1,5.0,22,3,CCTGAACGTCAGCCGAATAC,19,2446782
mhpRp1,3.5,16,3,CCTCTCAATTCGCGTTATAT,13,2462544
mhpRp1,12.75,53,3,CCTAGAGAGTAGAAGGATCG,50,2452283
mhpRp1,5.5,24,3,CCGTCCGGCTTTTCTCCACG,21,2437457
mhpRp1,1.0,6,3,CCGGCTTCGTGGATCAGGAG,3,2431464
mhpRp1,16.25,67,3,CCGCGCGAGTACGTGTCATG,64,2461720
mhpRp1,16.75,69,3,CCGCCGATTACCGTACCCAT,66,2445499
mhpRp1,3.25,15,3,CCGAATCCAGTAAATAAATC,12,2442733
mhpRp1,7.25,31,3,CCCTTCGGGGCAGGGGTACA,28,2444357
mhpRp1,10.5,44,3,CCCTGTCCGAGTACGTCAGA,41,2449674
mhpRp1,1.5,8,3,CCCGGGGACCTCACAACTTG,5,2462793
mhpRp1,9.0,38,3,CCCCTGTTATTCTCACGAGA,35,2453497
mhpRp1,6.5,28,3,CCCCCGGCCCCGGTTGATGC,25,2467836
mhpRp1,7.25,31,3,CCCAGAGCGAATTCCCCACT,28,2423925
mhpRp1,23.25,95,3,CCATGAAGAGCTACATACCA,92,2438366
mhpRp1,1.0,6,3,CCAGACACATATATGCGGCC,3,2459197
mhpRp1,7.75,33,3,CCACGCGGCGGGGTCGTGTG,30,2436741
mhpRp1,10.0,42,3,CCACAGCGATTAGGGCGGCA,39,2464008
mhpRp1,10.75,45,3,CCACACGTTATGGGTTTTAC,42,2473121
mhpRp1,1.75,9,3,CATTTTGGTAGCCGGATGCA,6,2429756
mhpRp1,9.25,39,3,CATTGTAAAGCCTCCCGTGT,36,2427195
mhpRp1,9.75,41,3,CATGGCTACTGACTCAATTA,38,2478490
mhpRp1,5.75,25,3,CATCGGCCCTTCTGCTTCTA,22,2446863
mhpRp1,1.0,6,3,CATAGGAACGGGTTAAGTGC,3,2443823
mhpRp1,0.5,4,3,CAGTTTCATAGGTGATGCAG,1,2475650
mhpRp1,8.25,35,3,CAGTTAATTTAAGGCTTGAT,32,2425059
mhpRp1,5.75,25,3,CAGTATGCCATAATTTTCCT,22,2472803
mhpRp1,2.75,13,3,CAGGTTTCCATCGATGTGAT,10,2426455
mhpRp1,3.25,15,3,CAGGTGCACAGTTCGGCCAT,12,2473713
mhpRp1,7.25,31,3,CAGCTCTCATATCTGTCCAC,28,2457873
mhpRp1,3.75,17,3,CAGAGCACTTAGAGACCGTA,14,2437303
mhpRp1,0.75,5,3,CACTGCAAGGCCGGAGGTAT,2,2425488
mhpRp1,0.75,5,3,CACTCACAGTGTGGACTATC,2,2426198
mhpRp1,2.5,12,3,CACGAGTGCGACCTTTCGCC,9,2427759
mhpRp1,4.5,20,3,CACATACGACACAACTAGAA,17,2430581
mhpRp1,4.5,20,3,CAATGCCGTTGGTATGAAAG,17,2476579
mhpRp1,2.0,10,3,CAAGTAAACGCAACCGAGTC,7,2435748
mhpRp1,0.5,4,3,ATTTCAGTTCCCTGCGTGCT,1,2473224
mhpRp1,5.25,23,3,ATTAGGATGTTTGATTTGGG,20,2441297
mhpRp1,17.5,72,3,ATGTTTTAGAGGTTTATTAC,69,2465362
mhpRp1,5.5,24,3,ATGGTTACCAGCAAAGAGAA,21,2457749
mhpRp1,6.0,26,3,ATGGTCGTTCGGATAGTTCG,23,2443784
mhpRp1,8.75,37,3,ATGGCCCAATGGAGCCCCTG,34,2453201
mhpRp1,0.5,4,3,ATGCAGTCGAGTGGTATGTT,1,2465025
mhpRp1,0.75,5,3,ATGAGTTTCGCCCCTTTCTT,2,2440286
mhpRp1,11.0,46,3,ATGAGGTGAGTACACCACGA,43,2433779
mhpRp1,0.5,4,3,ATCTTGGTGAACGTACGAAA,1,2457001
mhpRp1,3.25,15,3,ATCTACGGGCGGCCGCGAAA,12,2436174
mhpRp1,0.75,5,3,ATCGGCGATCGGCATCCGGA,2,2466213
mhpRp1,4.5,20,3,ATCCTGAGGACGTGGTGGAA,17,2442190
mhpRp1,5.0,22,3,ATCCTAGCTTTGCCTTCTTC,19,2454343
mhpRp1,0.5,4,3,ATATGATTCGCTCGGGCCTA,1,2449727
mhpRp1,8.25,35,3,ATACGATGGATATGCCGATA,32,2453607
mhpRp1,1.5,8,3,ATAACGTTGAGCGGCTGTAG,5,2436756
mhpRp1,6.25,27,3,ATAAAAAAGCCCCAATTTTG,24,2456460
mhpRp1,7.75,33,3,AGTGTACCCCCTCATAACCG,30,2460560
mhpRp1,0.5,4,3,AGTGAAGGGGTGACAACTGT,1,2436862
mhpRp1,1.25,7,3,AGTATTCGCACACGTGAACA,4,2436906
mhpRp1,10.5,44,3,AGGATTCCTGCTTGCTGTAA,41,2472375
mhpRp1,0.75,5,3,AGGAGCGACGGACGATGGAT,2,2467217
mhpRp1,6.5,28,3,AGCTCGTAGCGTCTGTCAAC,25,2440959
mhpRp1,2.75,13,3,AGCTAATTAGGAAGGATTGT,10,2476012
mhpRp1,7.0,30,3,AGCCTTGACTTAACCAGGGC,27,2444113
mhpRp1,0.75,5,3,AGCAAGGAATTGCGTACACA,2,2459335
mhpRp1,14.75,61,3,ACTGGGACAGAAGGCTTTAT,58,2437011
mhpRp1,8.0,34,3,ACTCCAGTCAGCATACGTTG,31,2460308
mhpRp1,11.75,49,3,ACTAAATCCAGTATGCGCGA,46,2478830
mhpRp1,18.0,74,3,ACGGGAGCGATGGCCGTAAA,71,2468818
mhpRp1,22.25,91,3,ACGGAACAGTCGAATCACGG,88,2453561
mhpRp1,3.0,14,3,ACGCTGCCGGTAAGATGAGA,11,2451346
mhpRp1,17.0,70,3,ACCTGCTTTGTGCTGTGAAT,67,2445500
mhpRp1,3.5,16,3,ACCTAGCTGATGTCCTGAGA,13,2471500
mhpRp1,6.0,26,3,ACCGCAGGCCTTCTTTGACT,23,2460881
mhpRp1,14.25,59,3,ACCCTGAACTACAACGCCCC,56,2443295
mhpRp1,5.5,24,3,ACCCATGTTCGACTCTGGGT,21,2439334
mhpRp1,6.5,28,3,ACCACCTGGCCATGGCGTAC,25,2471615
mhpRp1,5.75,25,3,ACATCTAGAATCCTCGAAAA,22,2471594
mhpRp1,10.0,42,3,ACATATCAAATTAAGCGTGG,39,2475821
mhpRp1,1.75,9,3,ACAGGACACTTCCGAGGCAA,6,2446315
mhpRp1,1.0,6,3,ACAGACTCCCGCTTGTTAGT,3,2434019
mhpRp1,0.5,4,3,ACACTGACCCACCGCGGCTG,1,2435146
mhpRp1,5.75,25,3,ACACGACGGAATCACGAGCG,22,2477312
mhpRp1,3.25,15,3,ACAAGTCGCCGGTAAGCAAT,12,2474738
mhpRp1,3.75,17,3,ACAACGGTTCTTTGAGTCGC,14,2467954
mhpRp1,5.25,23,3,AATGGTAGACGACTCATAAT,20,2447465
mhpRp1,15.5,64,3,AATGACGTCAATGCAAAGCA,61,2449849
mhpRp1,10.75,45,3,AATCCCATCGCGACCGTAAC,42,2449428
mhpRp1,3.0,14,3,AAGTTTGGTGGTTTCACTAC,11,2433073
mhpRp1,9.25,39,3,AAGTCACGTTTATGGCGGAA,36,2444570
mhpRp1,9.75,41,3,AAGGCAGTCAGAAAGTTGCG,38,2473115
mhpRp1,2.25,11,3,AAGCAACAGGGTAATCATTC,8,2451473
mhpRp1,1.5,8,3,AAGAGCCCACAAAGTTCTTT,5,2452964
mhpRp1,4.25,19,3,AAGAACCTATGTTGGGCCAG,16,2447675
mhpRp1,11.0,46,3,AACTTTAAGGAGGAAACGGT,43,2445654
mhpRp1,9.25,39,3,AAAGGTTCCATCTTTTGCTT,36,2474212
mhpRp1,4.75,21,3,AAACAGTGGGGGCGGTACAG,18,2477866
mhpRp1,21.0,64,2,TTTTGGTTGCGCCTACATTT,62,2460203
mhpRp1,11.333333333333334,35,2,TTTTGAGCTCGATTCTGGGT,33,2470469
mhpRp1,0.6666666666666666,3,2,TTTGAAAGTCCCGTCTGAAC,1,2427572
mhpRp1,7.333333333333333,23,2,TTTCTCGTAAACCTCACCAT,21,2460800
mhpRp1,2.3333333333333335,8,2,TTTCGAATCCGACCACCTAA,6,2425060
mhpRp1,10.0,31,2,TTTACCCTTAACAAATCACT,29,2463090
mhpRp1,19.666666666666668,60,2,TTGTATCGAACAAACGGAGA,58,2434001
mhpRp1,4.666666666666667,15,2,TTGGTGCCCTCAACTCTGGG,13,2465473
mhpRp1,6.333333333333333,20,2,TTGCTTCGGCGAGTGCCTTT,18,2425402
mhpRp1,6.666666666666667,21,2,TTCTGCTGAGATTCAGGCCC,19,2455489
mhpRp1,8.666666666666666,27,2,TTCTACTTGGTGTTAAATGG,25,2475737
mhpRp1,1.0,4,2,TTCCCGTTTTAATTTGGCCC,2,2448194
mhpRp1,10.0,31,2,TTATCGGAACGCTAGTCTGC,29,2477749
mhpRp1,9.0,28,2,TTACATGGGGTTATTGGCAG,26,2439015
mhpRp1,8.666666666666666,27,2,TGTTTCAGGTCCAAGGCGTG,25,2461733
mhpRp1,0.6666666666666666,3,2,TGTACTGCCGGACCAAGACT,1,2475153
mhpRp1,13.666666666666666,42,2,TGGTAAACCGAACATCGGAA,40,2455473
mhpRp1,7.0,22,2,TGGCATCGTTTTGTCAGGTT,20,2470063
mhpRp1,16.666666666666668,51,2,TGGAGATCGAGGCGGCGGTG,49,2472394
mhpRp1,2.0,7,2,TGCGCGGGTCTTTGATCATT,5,2467357
mhpRp1,9.666666666666666,30,2,TGCCCGATTGCGCAAACTGA,28,2464635
mhpRp1,0.6666666666666666,3,2,TGCAACACCCATCCGTGAGT,1,2451601
mhpRp1,12.333333333333334,38,2,TGCAAAAGGATAAGCCACGA,36,2469200
mhpRp1,14.0,43,2,TGATGCTCTAAGAGAGGAGC,41,2463604
mhpRp1,6.333333333333333,20,2,TGAGGGGGTGAGTATTATGA,18,2464155
mhpRp1,8.333333333333334,26,2,TGAGCATGGCACAGTGGATT,24,2454037
mhpRp1,14.333333333333334,44,2,TGACTATCCAATGAGGAGAA,42,2465427
mhpRp1,22.666666666666668,69,2,TGACGGCAAATATACCAGAA,67,2461293
mhpRp1,3.0,10,2,TGACCCTTAATGGCATCGGC,8,2426349
mhpRp1,12.333333333333334,38,2,TGACAGATTATAATCGCTGG,36,2439443
mhpRp1,8.666666666666666,27,2,TCTTATTGACTACCGTTAGA,25,2429361
mhpRp1,4.0,13,2,TCTGTGAACCCCTGGGGCGG,11,2477840
mhpRp1,8.0,25,2,TCGGCGGGAGGGAAGACAAT,23,2474329
mhpRp1,6.666666666666667,21,2,TCGGATTAATCTATGCACAA,19,2447098
mhpRp1,8.333333333333334,26,2,TCGCGCGAGTGGGATCGATG,24,2432089
mhpRp1,12.333333333333334,38,2,TCGCAACAAGTCTAACAGTC,36,2454557
mhpRp1,4.0,13,2,TCGATGATGGTGATCCCAAA,11,2459888
mhpRp1,6.333333333333333,20,2,TCCTTGCGCGGATGATAGTA,18,2451900
mhpRp1,9.333333333333334,29,2,TCCTCTCTACCGACTTGAGG,27,2451284
mhpRp1,3.3333333333333335,11,2,TCCTAGGTGACAGCAGAAGA,9,2458014
mhpRp1,0.6666666666666666,3,2,TCCGTTGCAACCCCGTGATT,1,2436143
mhpRp1,11.0,34,2,TCCCTTGCATTGTCTTACCC,32,2465179
mhpRp1,2.3333333333333335,8,2,TCCCGAGGTGAGTAAGGTAC,6,2425687
mhpRp1,0.6666666666666666,3,2,TCCCATCAGATGTTCACTCA,1,2463663
mhpRp1,34.333333333333336,104,2,TCCATCGCACACGGGGCGAC,102,2477515
mhpRp1,4.0,13,2,TCCAACCCGAATCTAGAGTC,11,2468196
mhpRp1,10.666666666666666,33,2,TCAGTAACGTTACATGGGGT,31,2449859
mhpRp1,9.666666666666666,30,2,TCAGACGAGGGGGCTGGACG,28,2461525
mhpRp1,15.0,46,2,TCACATCTATTGGGTTCGAT,44,2431362
mhpRp1,4.0,13,2,TCACAGGCATCACGTTAGCT,11,2426192
mhpRp1,0.6666666666666666,3,2,TATACCGTGGCCTCAGGACA,1,2471293
mhpRp1,0.6666666666666666,3,2,TAGGTGGTGACGGATTGACC,1,2470019
mhpRp1,15.666666666666666,48,2,TAGGTCTATGAAGAAGAAGC,46,2448598
mhpRp1,2.0,7,2,TAGGTCCGCCAGAACAGACT,5,2458130
mhpRp1,0.6666666666666666,3,2,TAGGGTTGTATCAGCATATG,1,2477738
mhpRp1,9.333333333333334,29,2,TAGGAGCTGTCTGTGGGTAA,27,2465492
mhpRp1,21.666666666666668,66,2,TAGCTGTCCGTAGGTTGCAG,64,2443708
mhpRp1,0.6666666666666666,3,2,TAGAATGGCTGTCCGCCGTT,1,2436097
mhpRp1,0.6666666666666666,3,2,TAGAACAGCCTACGCTAGGT,1,2450395
mhpRp1,0.6666666666666666,3,2,TACTTGTGCGATCTCTCCTC,1,2444639
mhpRp1,1.3333333333333333,5,2,TACGATACCACCAAGGCTAT,3,2447102
mhpRp1,2.0,7,2,TACCATTGGAACACGGACAA,5,2427840
mhpRp1,2.0,7,2,TACAAGATGCATGTCGGAAA,5,2429802
mhpRp1,0.6666666666666666,3,2,TAATAACAACGGATGCTCTT,1,2477004
mhpRp1,0.6666666666666666,3,2,TAAGACACCTAAGTCTGATC,1,2476462
mhpRp1,14.333333333333334,44,2,TAACGATTAAACAACTCTCG,42,2428658
mhpRp1,10.333333333333334,32,2,TAACAAGAATATCCAACAAA,30,2428865
mhpRp1,2.3333333333333335,8,2,TAAATCCCGCAGTTCCAGAC,6,2444290
mhpRp1,13.0,40,2,GTTTCCACGTGACGGTGTAC,38,2455087
mhpRp1,12.333333333333334,38,2,GTTATGAGGGCTCAATGAAT,36,2470264
mhpRp1,10.333333333333334,32,2,GTTACCTATGAAGTCTTTCC,30,2471841
mhpRp1,13.0,40,2,GTGTAAGATACGGGACGTAA,38,2450193
mhpRp1,9.666666666666666,30,2,GTGGGCGGCGTGTCACTTGT,28,2465898
mhpRp1,7.666666666666667,24,2,GTGGATTGCGCCAATTAATT,22,2467919
mhpRp1,8.0,25,2,GTGCGATACCCTGACATTGT,23,2454159
mhpRp1,8.0,25,2,GTGATCCCTGGGCGGATTCG,23,2427712
mhpRp1,9.333333333333334,29,2,GTCTTAATCGCACAGACCCC,27,2460228
mhpRp1,12.333333333333334,38,2,GTCTGCAGCGGTGCCTCGCA,36,2452793
mhpRp1,2.0,7,2,GTCTCAAGGTAGGCTGATAC,5,2425214
mhpRp1,1.6666666666666667,6,2,GTCCGGTGACAGTTGCAGGT,4,2469559
mhpRp1,2.6666666666666665,9,2,GTCCGGATTACACGCGGCGG,7,2448274
mhpRp1,9.333333333333334,29,2,GTCCGAAGATTTCACTAGGT,27,2476621
mhpRp1,9.333333333333334,29,2,GTCAGCATTTATCGGACCCT,27,2475072
mhpRp1,2.6666666666666665,9,2,GTATGAGTTCAGTAGACGGG,7,2430091
mhpRp1,11.0,34,2,GTAGTTGCCGTAATCGCGGA,32,2448839
mhpRp1,7.0,22,2,GTAGTGGTCTCAAATGTAAC,20,2456579
mhpRp1,8.666666666666666,27,2,GTAGTCCATATGCCGCGGAT,25,2430570
mhpRp1,15.0,46,2,GTAGGTGGGCTACTTCGGTC,44,2461935
mhpRp1,0.6666666666666666,3,2,GTAATGACTGTAGCGAAGCA,1,2433327
mhpRp1,5.333333333333333,17,2,GTAACATCTGATGGCATTGA,15,2454717
mhpRp1,14.666666666666666,45,2,GGTAGCTTGATGCCCGCTTT,43,2450180
mhpRp1,14.0,43,2,GGTAAGTTGCTCATGCTGAC,41,2469699
mhpRp1,2.3333333333333335,8,2,GGGTTGGAGAGTATGCAACA,6,2479368
mhpRp1,6.666666666666667,21,2,GGGCCTGTTCCGAAAGGCTT,19,2456687
mhpRp1,13.333333333333334,41,2,GGGAACTGCGCCAGACGGAT,39,2443557
mhpRp1,9.333333333333334,29,2,GGCTAGTCGTCAATTATTAT,27,2449598
mhpRp1,2.6666666666666665,9,2,GGCGTTGTACCGGAAGGTAT,7,2475142
mhpRp1,8.666666666666666,27,2,GGCGCAGCGGCAGATGTCCT,25,2451727
mhpRp1,10.333333333333334,32,2,GGCCCAGCTCGGGGGTCCGA,30,2462704
mhpRp1,11.0,34,2,GGCCAACCTTGGTGTGGCCA,32,2438392
mhpRp1,3.3333333333333335,11,2,GGCACCGCAGTCGAACTGGG,9,2435363
mhpRp1,4.0,13,2,GGATGCGGCACGTCCGTACC,11,2448518
mhpRp1,8.333333333333334,26,2,GGACTGGATCTATGGCAACA,24,2436401
mhpRp1,4.333333333333333,14,2,GGACGATAATTTCGAAATAT,12,2452501
mhpRp1,8.333333333333334,26,2,GGACAGCTTCGTCGGAGCGA,24,2439100
mhpRp1,2.6666666666666665,9,2,GGACACCGGGGCACGATGCT,7,2461073
mhpRp1,3.6666666666666665,12,2,GGAAAAGAACGAGACCTCAA,10,2452291
mhpRp1,4.666666666666667,15,2,GCTTCCCGGCATTCAGACGC,13,2445789
mhpRp1,0.6666666666666666,3,2,GCTGGGTTCTGATTATCGAC,1,2428560
mhpRp1,4.333333333333333,14,2,GCTCACGGTTGCGGGGCCAG,12,2444099
mhpRp1,9.666666666666666,30,2,GCTAGAAGATCAAAGTTCGT,28,2468314
mhpRp1,19.333333333333332,59,2,GCGGCCTGCCGGGGGTCGGC,57,2477058
mhpRp1,3.0,10,2,GCGCTTCTAGTTTATTTCAA,8,2455788
mhpRp1,3.6666666666666665,12,2,GCGCACCAGCTAGATAAAGC,10,2443390
mhpRp1,2.6666666666666665,9,2,GCGACGCGCTTGCCCTCTCC,7,2435494
mhpRp1,17.666666666666668,54,2,GCGACCAACGCCAAACAGGG,52,2467109
mhpRp1,6.0,19,2,GCCTTGACTCAAAATTTCTA,17,2473095
mhpRp1,4.333333333333333,14,2,GCCTTACTTTCGTGTACCCT,12,2465282
mhpRp1,1.6666666666666667,6,2,GCCGCAACGGCGGGGCCTAG,4,2437910
mhpRp1,1.0,4,2,GCCCGATAGCTCATAACGGG,2,2428447
mhpRp1,5.333333333333333,17,2,GCCCAACCTGAGAATTACTC,15,2468255
mhpRp1,12.0,37,2,GCCATCCTAAATAGCCACTG,35,2442722
mhpRp1,2.6666666666666665,9,2,GCATCGACGGGCCTTCTGGT,7,2433951
mhpRp1,11.0,34,2,GCAGAGCTAGTGCGAACCTC,32,2455608
mhpRp1,6.0,19,2,GCAAAGACGTTTGTAACAAA,17,2450234
mhpRp1,14.0,43,2,GATTCTAGCTCTCCGGAGCC,41,2458773
mhpRp1,10.0,31,2,GATATGGACGGAAAGGGGGT,29,2474331
mhpRp1,10.666666666666666,33,2,GAGGACGGGCGTTTGAGGTA,31,2471299
mhpRp1,0.6666666666666666,3,2,GAGGAACTAGATCATGTAGC,1,2425224
mhpRp1,8.666666666666666,27,2,GAGCTCAAATGCAAGATGAG,25,2445611
mhpRp1,2.3333333333333335,8,2,GAGCGACTACATTAAAGTTC,6,2476451
mhpRp1,2.3333333333333335,8,2,GAGCCCCGCCTCCAAAAGAG,6,2475825
mhpRp1,9.333333333333334,29,2,GACTCTTATGTCACAATCTG,27,2454531
mhpRp1,3.6666666666666665,12,2,GACTCTTAAAGCAGCTTAAT,10,2476819
mhpRp1,8.666666666666666,27,2,GACGCAGACTATATAATTTT,25,2430585
mhpRp1,6.333333333333333,20,2,GAATCTGTCCCATTATGGCT,18,2436017
mhpRp1,8.666666666666666,27,2,GAATAAGTAGTCTCTGTGGT,25,2431243
mhpRp1,9.666666666666666,30,2,CTTCAAACCGCGCACTTGTG,28,2442850
mhpRp1,1.0,4,2,CTTAACGGTCTCAGTGACTA,2,2432563
mhpRp1,0.6666666666666666,3,2,CTGGGCCTCTGCAGGAACGT,1,2442541
mhpRp1,29.666666666666668,90,2,CTGCGTACTGAACGTGATTT,88,2439241
mhpRp1,7.666666666666667,24,2,CTCGGCGTGTGAACCTCGAA,22,2445993
mhpRp1,5.0,16,2,CTCCTAGGTTATATCAGTTC,14,2454459
mhpRp1,12.0,37,2,CTCATGCGGGACGTGTATCT,35,2441027
mhpRp1,1.3333333333333333,5,2,CTCATATCCTTCAGATGAGA,3,2449676
mhpRp1,1.0,4,2,CTACTGTGATAGTAGCAATT,2,2465009
mhpRp1,1.3333333333333333,5,2,CTAATTGTGAGGTCACGGTA,3,2428552
mhpRp1,0.6666666666666666,3,2,CGTGACAATGAGGTCAAGTT,1,2423968
mhpRp1,0.6666666666666666,3,2,CGTCCCTGCGCTGACGCCGT,1,2469204
mhpRp1,3.0,10,2,CGGTTGCGGTTCCTCCATTA,8,2454034
mhpRp1,13.0,40,2,CGGTCACGCGCATTTGTTGT,38,2465615
mhpRp1,7.333333333333333,23,2,CGGTAGTGGTGTCTCCAACT,21,2457705
mhpRp1,3.0,10,2,CGGTAATGGCTTTATTAGTA,8,2457442
mhpRp1,14.333333333333334,44,2,CGGGTTGGTATCTGTGTCTC,42,2426659
mhpRp1,14.0,43,2,CGCTTCTCCTGTGGCCGGAT,41,2441035
mhpRp1,6.666666666666667,21,2,CGCCGCCCCATGTTTCTCTG,19,2449381
mhpRp1,7.666666666666667,24,2,CGAGGGTATAAAATCATCAC,22,2459812
mhpRp1,25.333333333333332,77,2,CGACTGCTCACCTTGCTACA,75,2426887
mhpRp1,10.0,31,2,CGACCCCATCACTACGGGTG,29,2427025
mhpRp1,15.0,46,2,CGAACATCATAGTGAAAAAG,44,2457781
mhpRp1,8.666666666666666,27,2,CGAAAGAATCCAAGGACGAA,25,2440859
mhpRp1,0.6666666666666666,3,2,CCTTCTCGTGAACTGCATTG,1,2456414
mhpRp1,0.6666666666666666,3,2,CCTTATCCACCAATGGTTCG,1,2423900
mhpRp1,9.0,28,2,CCTCCGCAATTTCGGTTGCA,26,2439969
mhpRp1,1.3333333333333333,5,2,CCTCCCATTGCGACCATTCC,3,2428466
mhpRp1,2.6666666666666665,9,2,CCTATAGTTGGGCAAGAGAC,7,2443997
mhpRp1,7.666666666666667,24,2,CCGGGGTCACTAAAATTCGG,22,2429086
mhpRp1,7.666666666666667,24,2,CCGCGAACATTGAAGGTTAG,22,2455997
mhpRp1,8.333333333333334,26,2,CCGAGTGCCGCACACTGCGC,24,2452354
mhpRp1,4.0,13,2,CCCGGCACCAGTCACAAACC,11,2460534
mhpRp1,10.0,31,2,CCCATAGGACAATGAACGGT,29,2447161
mhpRp1,5.666666666666667,18,2,CCAAATAAATGTAGGGGTCT,16,2441170
mhpRp1,1.3333333333333333,5,2,CATGATCCCGTTATGAACCT,3,2448103
mhpRp1,4.0,13,2,CATCGAATTGCGAGTGGTGC,11,2428442
mhpRp1,15.666666666666666,48,2,CATATATCACGGGCTATCGA,46,2442752
mhpRp1,7.666666666666667,24,2,CATAGGCTGCACATAGACGC,22,2477508
mhpRp1,4.333333333333333,14,2,CAGCTTGAGTTAAAGTTCAA,12,2441168
mhpRp1,0.6666666666666666,3,2,CAGCTCACTCCCCCCACAGC,1,2458374
mhpRp1,14.333333333333334,44,2,CAGCGGCCGCTGTTGGACTT,42,2472071
mhpRp1,7.666666666666667,24,2,CAGAACCAACTGATAGATTG,22,2475329
mhpRp1,2.6666666666666665,9,2,CACAAGGCGCCCAACGTCCA,7,2477494
mhpRp1,4.0,13,2,CAATTATATAATCGTTCGAT,11,2424592
mhpRp1,2.3333333333333335,8,2,CAACTACCCTATATACCAAG,6,2454898
mhpRp1,9.333333333333334,29,2,CAAATAGGACGATCCGTAGA,27,2460701
mhpRp1,16.0,49,2,ATTGATATCCGGGCAACCAA,47,2437369
mhpRp1,7.333333333333333,23,2,ATTCGCTCCGGGTGTTTCCT,21,2478054
mhpRp1,2.3333333333333335,8,2,ATTAATCAGAAAGGCTGCCG,6,2455159
mhpRp1,7.0,22,2,ATGGTGGCCAATAGGCGTAA,20,2440517
mhpRp1,24.0,73,2,ATGCTACCGCCATCGGGTAG,71,2443123
mhpRp1,4.333333333333333,14,2,ATGCGCCGAATCAATACGAC,12,2457837
mhpRp1,3.6666666666666665,12,2,ATGCATCGATTAATCGCACA,10,2440839
mhpRp1,13.666666666666666,42,2,ATGAGCTATGCCTTCCTAGA,40,2462290
mhpRp1,3.0,10,2,ATGAAACCGGGACGGCACGT,8,2472044
mhpRp1,2.6666666666666665,9,2,ATCTCCCGGTACGGTCACAT,7,2470145
mhpRp1,0.6666666666666666,3,2,ATCGTGGAAGAAGGATAATG,1,2471715
mhpRp1,11.333333333333334,35,2,ATCCTAGTTAGTCCCTACCA,33,2448723
mhpRp1,0.6666666666666666,3,2,ATCCGAGTTCCAGGGGCAGT,1,2478098
mhpRp1,4.666666666666667,15,2,ATCATGTGTCGATTTTTTGC,13,2470899
mhpRp1,1.3333333333333333,5,2,ATCAGCGCTTTTCTTCTCTA,3,2452507
mhpRp1,0.6666666666666666,3,2,ATCACAGTCACTAAAGTCCA,1,2453740
mhpRp1,1.3333333333333333,5,2,ATAGTGCCCCTCATAAGTCC,3,2467492
mhpRp1,1.3333333333333333,5,2,ATAGGGTGTGAGTCCAAGGA,3,2450610
mhpRp1,10.333333333333334,32,2,ATACGCAGTTCTAAGCTGTT,30,2441646
mhpRp1,9.0,28,2,ATAACGCGCTAGAGACTCGA,26,2471027
mhpRp1,2.0,7,2,AGTTGTTCTGCGGAGCACCT,5,2437558
mhpRp1,0.6666666666666666,3,2,AGTTCTGCACACATAGTTCA,1,2427232
mhpRp1,1.6666666666666667,6,2,AGTGGATAATGCTTGATTTG,4,2436248
mhpRp1,10.666666666666666,33,2,AGTGATGAGAGCTGTCGGCT,31,2474850
mhpRp1,0.6666666666666666,3,2,AGTGAGGTGAGGATACTTGA,1,2479015
mhpRp1,2.3333333333333335,8,2,AGGGTATGTGTAGTTTTAGC,6,2447552
mhpRp1,1.3333333333333333,5,2,AGGGTACCTGTGGTGGAGAG,3,2471032
mhpRp1,8.333333333333334,26,2,AGGGCTTAACACCCTGTTCC,24,2444696
mhpRp1,14.0,43,2,AGGGAGGTACGTGCCATGTC,41,2468471
mhpRp1,8.0,25,2,AGGGACCGAGAGTCACCCTA,23,2442558
mhpRp1,5.666666666666667,18,2,AGGCGAACAATATGGAGGGG,16,2439107
mhpRp1,2.0,7,2,AGCTTTGGTCCATGACTATA,5,2424556
mhpRp1,8.666666666666666,27,2,AGCTTACGCCTTTAGGAGCA,25,2425864
mhpRp1,17.333333333333332,53,2,AGCGTCCACTGCAGGTAGTT,51,2439605
mhpRp1,3.0,10,2,AGCGTACGATCAGTGTGTGT,8,2446979
mhpRp1,9.666666666666666,30,2,AGCGGTGGGGACACGGGTGC,28,2446336
mhpRp1,2.3333333333333335,8,2,AGCCGTTAGCAGGCACAAGG,6,2456252
mhpRp1,15.0,46,2,AGAGTGGTCGGGTACGCGTC,44,2460880
mhpRp1,13.333333333333334,41,2,AGAACGGGGTAGAGGACCAA,39,2441839
mhpRp1,15.0,46,2,ACTTTCGTGGACTGCCTTTT,44,2432163
mhpRp1,1.3333333333333333,5,2,ACTGCCTAAAGTTGATTAAT,3,2456276
mhpRp1,3.6666666666666665,12,2,ACTGCAGATCTGATAAACCC,10,2427056
mhpRp1,8.666666666666666,27,2,ACTATCGTAGCATGAGCAGT,25,2442898
mhpRp1,0.6666666666666666,3,2,ACGTTGCTGCTGCAAATCAC,1,2434284
mhpRp1,9.333333333333334,29,2,ACGGTTAAAGGCACGGTTAA,27,2449846
mhpRp1,4.666666666666667,15,2,ACGCCGTTTCGGTTGCCGCT,13,2460471
mhpRp1,1.0,4,2,ACGCAGTCTACATCTGGTGC,2,2430593
mhpRp1,9.333333333333334,29,2,ACGAGCAGACAGGCTCGATT,27,2425767
mhpRp1,1.0,4,2,ACCTAGCCGACGCCCCGGAA,2,2460261
mhpRp1,19.666666666666668,60,2,ACCGTCAAAGCATAGCGTTC,58,2454727
mhpRp1,0.6666666666666666,3,2,ACCCGGTGTCGTGCATATGT,1,2458170
mhpRp1,9.333333333333334,29,2,ACCCGAGGTCTGCTGTTTAC,27,2460179
mhpRp1,10.666666666666666,33,2,ACCCCGGTGGGAAGACGTAC,31,2441527
mhpRp1,6.666666666666667,21,2,ACATTTTCGGATCCTGGAGC,19,2473064
mhpRp1,25.0,76,2,ACATACAAAAGAACAGGTAA,74,2469480
mhpRp1,7.666666666666667,24,2,ACACATTAAATGGACCGATT,22,2435400
mhpRp1,1.6666666666666667,6,2,ACAAAGGCATCTGCGTGCTC,4,2457295
mhpRp1,5.0,16,2,AATTTCGTGCCACCAGACAT,14,2428025
mhpRp1,4.0,13,2,AATCTTATATTCTCCTCACT,11,2455816
mhpRp1,10.0,31,2,AATCTCCCTCCACTTAATCT,29,2437013
mhpRp1,5.666666666666667,18,2,AATCCTCTCTCAAGGGTTGA,16,2474861
mhpRp1,13.333333333333334,41,2,AATAACGCGTCATAGAGTAT,39,2473764
mhpRp1,3.3333333333333335,11,2,AAGTGTTTCCTATCGGGGAA,9,2430207
mhpRp1,29.666666666666668,90,2,AAGGGGGGGTCACGTGCCAC,88,2451604
mhpRp1,7.0,22,2,AAGCACCTTGCAGCCATGGA,20,2440861
mhpRp1,6.666666666666667,21,2,AACGGGGAGTGGCTGAGTCG,19,2475332
mhpRp1,0.6666666666666666,3,2,AACACGGGGGGCTTCCGGGG,1,2462788
mhpRp1,0.6666666666666666,3,2,AACACCGGCGTTCCTCGCCC,1,2431240
mhpRp1,6.666666666666667,21,2,AAATAATCGAACTCTTACCA,19,2458232
mhpRp1,10.0,31,2,AAAGCGTCCTTTTACTGCTG,29,2436944
mhpRp1,10.333333333333334,32,2,AAAGCATTAGACGATGTATG,30,2471597
mhpRp1,1.0,4,2,AAAATCCAGCATGTCAATGT,2,2429958
mhpRp1,9.5,19,1,TTTGGCCTCATTCAGGTTAG,18,2436642
mhpRp1,8.0,16,1,TTTGCTGCCCACCGCTACCC,15,2468202
mhpRp1,7.5,15,1,TTTCGGTTAGGGCACGGGAT,14,2465986
mhpRp1,25.5,51,1,TTTATGCTCAACATATTAAG,50,2428130
mhpRp1,1.0,2,1,TTTAGTCTGGCGATTGCAGA,1,2467186
mhpRp1,5.5,11,1,TTTAGGCTGGACTTATCTCT,10,2454410
mhpRp1,11.0,22,1,TTTACTGCGGTCAGCATATG,21,2462325
mhpRp1,18.5,37,1,TTTAAGGGATAGCATCGTTC,36,2439527
mhpRp1,3.0,6,1,TTGTCTTCTTCGAGCTAAGT,5,2471018
mhpRp1,1.0,2,1,TTGCAAACAACTTAGTCGAT,1,2427140
mhpRp1,2.5,5,1,TTGAGCGTCGAGATTTAACG,4,2429707
mhpRp1,4.5,9,1,TTGAATCGTGATATTGCGTG,8,2478629
mhpRp1,1.5,3,1,TTCTTTCTCTGCCTAGTCTG,2,2467658
mhpRp1,12.5,25,1,TTCATGGGCTAGTCTCCAAA,24,2434327
mhpRp1,11.0,22,1,TTACTCCGAGTCGGAACCTA,21,2470676
mhpRp1,9.0,18,1,TGTTGGCAAGCGGGTCTGCA,17,2478084
mhpRp1,5.5,11,1,TGTGCAACAAAGTATAGAAG,10,2450128
mhpRp1,2.5,5,1,TGTCGCTCTCGTGTATTTTA,4,2470668
mhpRp1,29.5,59,1,TGTCACTCCTGACAGTTGCA,58,2475814
mhpRp1,16.5,33,1,TGTACCTCCACTCTGCGCGC,32,2461116
mhpRp1,15.5,31,1,TGGTGAATATATCGACCACA,30,2462719
mhpRp1,12.0,24,1,TGGTAAAGGACGACCAAATC,23,2446655
mhpRp1,1.0,2,1,TGGGGGTTGAATATCACACT,1,2467510
mhpRp1,1.0,2,1,TGGCTGTCGTACTGAAAGGA,1,2450680
mhpRp1,2.5,5,1,TGGCGGTGTAGGATCTCCTC,4,2434080
mhpRp1,25.5,51,1,TGGATCTAGTTGAGATTAGG,50,2432868
mhpRp1,19.0,38,1,TGATGCACCACCTGAAAAAG,37,2457862
mhpRp1,10.0,20,1,TGAGCGCCCTCATGTTCATG,19,2449207
mhpRp1,1.0,2,1,TGACTACAGATAAAGCATAG,1,2473419
mhpRp1,7.0,14,1,TGACGACATATGACCATACG,13,2458399
mhpRp1,5.0,10,1,TCTTTCCCGGATCCCCAGGT,9,2466876
mhpRp1,18.5,37,1,TCTTCAAGCGGACGAAACGT,36,2475316
mhpRp1,32.5,65,1,TCTTACGCCAGTAGTGCCAC,64,2432989
mhpRp1,28.5,57,1,TCTGTTGCGGACCTTCCACA,56,2454789
mhpRp1,24.0,48,1,TCTGCGCGGATTTGCTCAGG,47,2436647
mhpRp1,37.0,74,1,TCTCGCGAGTGCGGGATATG,73,2425682
mhpRp1,10.0,20,1,TCTAGGGCTTTTCTCACGAT,19,2469489
mhpRp1,12.0,24,1,TCTAGAATATTCGGCCACCC,23,2458734
mhpRp1,26.0,52,1,TCTAACGACCTTTACTGTCA,51,2453830
mhpRp1,15.0,30,1,TCCTAGAGCCAGAGCCAATA,29,2469167
mhpRp1,25.0,50,1,TCCTAACCGGCCCCGGGACA,49,2473805
mhpRp1,13.5,27,1,TCCGAGAAGTCCACAATCCG,26,2442459
mhpRp1,23.0,46,1,TCCGACTCGAAGTCGAGGTA,45,2440129
mhpRp1,14.5,29,1,TCCACCAGTCCTCTTAGAAT,28,2465734
mhpRp1,16.5,33,1,TCATCCTATTGCGACGTTCA,32,2433215
mhpRp1,7.0,14,1,TATGGCGATCAGTATGTTGG,13,2448236
mhpRp1,2.5,5,1,TATCAAGCTCAAAGCACCAT,4,2472917
mhpRp1,5.5,11,1,TAGGTGTCATAATGGTGTCT,10,2473715
mhpRp1,3.5,7,1,TAGCTGCCACGTTTCCTCTC,6,2428192
mhpRp1,11.0,22,1,TAGAGTATGTCCAGTGACTT,21,2423974
mhpRp1,11.5,23,1,TAGAGCGATTGGCTTGTTTG,22,2447604
mhpRp1,1.0,2,1,TACTGGAGGGTTACTTTGCA,1,2474004
mhpRp1,11.5,23,1,TACTATAGACTATCATGCCG,22,2458692
mhpRp1,1.0,2,1,TAATAACGAGTCCCCCCACG,1,2432226
mhpRp1,11.0,22,1,TAAGTGAGGTACTCTCGGTA,21,2477989
mhpRp1,20.0,40,1,TAACATTTGGAGCCCTGGAC,39,2427566
mhpRp1,11.5,23,1,GTTTCGGGGGGCTTCGGGAG,22,2471278
mhpRp1,13.0,26,1,GTGTAGTCCGTATCACGAAT,25,2443863
mhpRp1,1.0,2,1,GTGGCGGCCAACACGACGCG,1,2430023
mhpRp1,10.0,20,1,GTGGATAATGGAAGTGGTGG,19,2472820
mhpRp1,8.5,17,1,GTGAGCTGCAACCCAGATGT,16,2440205
mhpRp1,30.5,61,1,GTGACAAGGTAGTATCGGCA,60,2447513
mhpRp1,1.0,2,1,GTCGGATGTCTGAACGCATA,1,2470707
mhpRp1,4.0,8,1,GTCAGCCGTAGAGACTGCGA,7,2478035
mhpRp1,1.0,2,1,GTATCGGCAGGGAGTCAGTG,1,2455612
mhpRp1,33.0,66,1,GTACCTTTCACCTTTATCAT,65,2438802
mhpRp1,41.5,83,1,GGTTGACAGTGGCTCGCCAC,82,2434207
mhpRp1,14.0,28,1,GGTTATTCATAACGCAGCCA,27,2474568
mhpRp1,7.5,15,1,GGTGGGACCGTGTGATAATT,14,2454907
mhpRp1,14.5,29,1,GGTGATTCATCTAATGATCT,28,2428485
mhpRp1,4.0,8,1,GGTCCCATATCGCTATTATA,7,2426054
mhpRp1,5.5,11,1,GGTAAAACAAGGGCGCCTTT,10,2442074
mhpRp1,1.0,2,1,GGGGACCATGGAGCGGGCTA,1,2426739
mhpRp1,1.0,2,1,GGGCCGCCGGCCATTATTAC,1,2448283
mhpRp1,11.5,23,1,GGGCCAGAGAGCCGAAGCAG,22,2472814
mhpRp1,21.0,42,1,GGCTTTGTTTTGTCCGTTAA,41,2444116
mhpRp1,1.0,2,1,GGCTCGGTAGCCGCATCTAA,1,2462797
mhpRp1,15.0,30,1,GGCTACAAGGCGCCTCAGGG,29,2457153
mhpRp1,11.0,22,1,GGCGGCATGGAGGTCCTAGC,21,2444634
mhpRp1,1.0,2,1,GGCGCGATCCCCCGTGTTAA,1,2442416
mhpRp1,23.0,46,1,GGCCCTCCGGCGTTCGTGGG,45,2471951
mhpRp1,4.0,8,1,GGAGCGCAGTTGCGATCCCT,7,2477372
mhpRp1,22.5,45,1,GGACATGAGTTTTTTAACGC,44,2466395
mhpRp1,9.5,19,1,GGACACAAAAGACGCAGTGT,18,2452497
mhpRp1,9.5,19,1,GCTTGTCACGAAAATTGCCA,18,2473466
mhpRp1,3.0,6,1,GCTTGGGTGGATTTGGCATT,5,2438997
mhpRp1,12.0,24,1,GCTTATATGAATCGAAGCTC,23,2438519
mhpRp1,5.0,10,1,GCTTAGACGTTGTTCGCGGT,9,2436945
mhpRp1,6.5,13,1,GCTATTGTGATGCTTCCTGT,12,2473570
mhpRp1,12.5,25,1,GCGTTAACAGGCAGCTGGGA,24,2448357
mhpRp1,2.5,5,1,GCGTATATCTGAAAGATGCC,4,2455062
mhpRp1,19.5,39,1,GCGGGTTAACTCAAGTGCAA,38,2441180
mhpRp1,4.0,8,1,GCGGGTCCCAAACTAGCCGG,7,2432842
mhpRp1,2.5,5,1,GCGCTTTGTTTAAAGTAATA,4,2472849
mhpRp1,10.0,20,1,GCCTCCTTCGTTTCACAGAC,19,2460278
mhpRp1,1.0,2,1,GCCTCATGGGCACATGTTAG,1,2432747
mhpRp1,13.0,26,1,GCCGCCTACCCCATGTTTAC,25,2447976
mhpRp1,1.0,2,1,GCCATTTCCCGGGTGGGCTA,1,2455577
mhpRp1,13.0,26,1,GCCAAGCGGCTTGGGCCTTG,25,2436765
mhpRp1,5.5,11,1,GCAGTATCCGAGTATCGGCA,10,2440934
mhpRp1,7.0,14,1,GCAAGGCTAGGGTATTTGCG,13,2473120
mhpRp1,17.0,34,1,GCAAAGGTGGGGTTGGGACA,33,2474792
mhpRp1,1.0,2,1,GATCTCGGGTCCCAGGATGG,1,2476994
mhpRp1,7.5,15,1,GAGGACTCTACATCTGGAGA,14,2459803
mhpRp1,9.0,18,1,GAGACGACCCTTTCCTTAAG,17,2456586
mhpRp1,1.5,3,1,GAGAACAGATCACTCGGGGT,2,2426599
mhpRp1,9.5,19,1,GACGGGCCAGGCTCCCGTGC,18,2438895
mhpRp1,2.5,5,1,GACGCGCCACCAATTGGGTG,4,2455460
mhpRp1,15.0,30,1,GACCGTCTGAAGAGACCCAA,29,2476775
mhpRp1,1.0,2,1,GACCACTTGCCGTATAAGCT,1,2450916
mhpRp1,8.0,16,1,GAATGCGGTACACCCAGCTT,15,2437451
mhpRp1,2.5,5,1,GAAGACATAGTAACTCTCGA,4,2429355
mhpRp1,5.5,11,1,GAACTCCTTGGTCGATCTGA,10,2475901
mhpRp1,3.5,7,1,GAAAGTCGTCAACTGAGCTG,6,2477066
mhpRp1,7.5,15,1,GAAAGCGGAAAAAGCGGCGA,14,2430364
mhpRp1,1.0,2,1,CTTTGTGCTCATGAGTCACA,1,2449217
mhpRp1,17.5,35,1,CTTTCCGCTGCACTTCCTCG,34,2477746
mhpRp1,3.0,6,1,CTTGATCCGAATCGATATCT,5,2424320
mhpRp1,4.0,8,1,CTTGAACGCGACTTCACGTT,7,2427727
mhpRp1,15.0,30,1,CTTAGGTATGTAACGCAGGG,29,2454719
mhpRp1,1.0,2,1,CTTAAAATGTTGTCGGAATA,1,2457447
mhpRp1,2.5,5,1,CTGTTCGTTGGTCGGACCCG,4,2464697
mhpRp1,4.5,9,1,CTGTGAATATCTGGCTCCCT,8,2454930
mhpRp1,11.5,23,1,CTGTAGGATCATTATGTAGT,22,2440495
mhpRp1,7.0,14,1,CTGGAATATCCGGATAAAAC,13,2430580
mhpRp1,19.0,38,1,CTGCACGCCCGAATCCTAGA,37,2433111
mhpRp1,1.5,3,1,CTCTCGTTATACGATATCTA,2,2431603
mhpRp1,1.0,2,1,CTCTCGTATCACAGGATCTT,1,2449296
mhpRp1,2.0,4,1,CTCGTTGCTCTCCAGTTTAT,3,2430474
mhpRp1,25.5,51,1,CTCGTGAAAATCTCTCTTAT,50,2448191
mhpRp1,9.5,19,1,CTCGGCCGAACCAATCCCAT,18,2460458
mhpRp1,33.0,66,1,CTCGCTCTACATGGACCAAG,65,2477509
mhpRp1,11.0,22,1,CTCAAGCCAGTTGTAAGGGA,21,2444073
mhpRp1,9.0,18,1,CTATCTGCTAAGGCTTCTGA,17,2429559
mhpRp1,15.0,30,1,CTACGAGTCTATAGTGGCAT,29,2467206
mhpRp1,16.5,33,1,CTACCATTTCCAGTTTTGTT,32,2449629
mhpRp1,3.5,7,1,CTAAGTCATGTCTGCGTTAA,6,2474948
mhpRp1,1.0,2,1,CGTTAGCCAAAAGGTCGGAG,1,2436416
mhpRp1,4.0,8,1,CGTTACTGGCTACCCGTTGA,7,2447896
mhpRp1,1.0,2,1,CGTAGCTCCGATCGGTCATT,1,2448705
mhpRp1,11.0,22,1,CGTAACCTGGAACTCTGGCA,21,2434770
mhpRp1,1.0,2,1,CGGTCCGATAGTCATCGGTG,1,2464006
mhpRp1,1.5,3,1,CGGTCCAGGGGGCGTCGTAT,2,2461871
mhpRp1,13.5,27,1,CGGCTACCATTATGCCCTGA,26,2449174
mhpRp1,19.0,38,1,CGGCGCCTCGTTTTAAAGGT,37,2442346
mhpRp1,15.5,31,1,CGGCCTTGGTCTCGGAAGGA,30,2462406
mhpRp1,17.0,34,1,CGGACTGGTTTGGTTAGTGG,33,2450156
mhpRp1,2.0,4,1,CGGAAAGGGGGGAACCTCGT,3,2477631
mhpRp1,23.0,46,1,CGCTTTAAAAGGGACATGGA,45,2448714
mhpRp1,11.0,22,1,CGCTATGCCGCCTATTGTCA,21,2474955
mhpRp1,15.5,31,1,CGCGCAGTGCAGACAGCAAA,30,2469648
mhpRp1,11.5,23,1,CGCCTTCATGCCGTATCGTT,22,2454720
mhpRp1,4.5,9,1,CGCATTCGATACGACCGTCC,8,2425393
mhpRp1,17.5,35,1,CGATGACCGCGGGAGCTCCT,34,2472373
mhpRp1,10.0,20,1,CGATACTGCGGCGCGGGCTG,19,2473335
mhpRp1,1.5,3,1,CGAGGACCCACATCGACCGA,2,2444028
mhpRp1,2.5,5,1,CGAGCTATCGAACAGAGTCC,4,2447209
mhpRp1,3.0,6,1,CGAGAAGTGTACCTCAATTG,5,2478414
mhpRp1,1.0,2,1,CGAACACAATGTGGCACTTG,1,2461415
mhpRp1,19.0,38,1,CCTCCATATGTTGACTGCTA,37,2470880
mhpRp1,9.0,18,1,CCGGTCGATTACTATTATAC,17,2430443
mhpRp1,38.5,77,1,CCGCAGGGATGATCGACGCC,76,2453919
mhpRp1,17.0,34,1,CCGATATCGGGAAATACACG,33,2429066
mhpRp1,2.0,4,1,CCGACTTGTATCTCAAAACA,3,2477177
mhpRp1,1.0,2,1,CCGACTATTGGCATGCATGA,1,2424099
mhpRp1,16.5,33,1,CCCGACGTCGTAATCCTGTT,32,2472818
mhpRp1,3.0,6,1,CCCGAAGTATTCCCCCCTTT,5,2436046
mhpRp1,11.5,23,1,CCATGTTAATACGTATACAT,22,2445262
mhpRp1,3.0,6,1,CCATGTGGATGTCTATGGCA,5,2456320
mhpRp1,15.0,30,1,CCATAACAACGGGCGAGGAC,29,2443222
mhpRp1,9.0,18,1,CCAGGAGGCAATACTACGGT,17,2442766
mhpRp1,1.5,3,1,CATTGTAGGGTAGTACGATT,2,2424846
mhpRp1,2.0,4,1,CATCAATGATACCACTTAAG,3,2430981
mhpRp1,1.0,2,1,CATAATTCCTGCTTCGGCGC,1,2430721
mhpRp1,25.5,51,1,CAGTACTGTAGTAGTGGATA,50,2448494
mhpRp1,6.5,13,1,CAGGGAGGGCTAGCGGTAGG,12,2473704
mhpRp1,26.5,53,1,CAGAGTCAGAACCCGAAATA,52,2429770
mhpRp1,1.5,3,1,CACGGATGAAGTTGAGCGTA,2,2453298
mhpRp1,21.0,42,1,CACAAGTCTAACGGCTGGCC,41,2443581
mhpRp1,19.0,38,1,CAATCAGAGAGGGGACGGCA,37,2451319
mhpRp1,6.0,12,1,CAAGCCATAAGTGCTTTCAA,11,2458401
mhpRp1,1.0,2,1,CAACTGGCACCGGACAGATT,1,2432588
mhpRp1,15.5,31,1,CAAAGTGATGAAAAGGGTTC,30,2446566
mhpRp1,13.5,27,1,ATTTCCGGCAGTGACGCCCT,26,2445073
mhpRp1,3.5,7,1,ATTGTCCGTCTCGCCTCCCT,6,2469565
mhpRp1,1.0,2,1,ATTCCACGGGCTGGGGGCCA,1,2425157
mhpRp1,20.5,41,1,ATTCAGGTCGCCACGTGGTC,40,2448012
mhpRp1,1.0,2,1,ATTACTTTCGGCACCAAGGA,1,2440466
mhpRp1,15.5,31,1,ATTACGCAATTTGCTGTGTT,30,2477000
mhpRp1,4.5,9,1,ATGGCAAGAGGGCAAGCTTC,8,2450571
mhpRp1,1.5,3,1,ATGCGTGAACATATGAGGTA,2,2462778
mhpRp1,12.5,25,1,ATGCAGCGCGGAGGACCCTC,24,2472194
mhpRp1,18.0,36,1,ATCGACGGTAGCGGGCTATT,35,2430749
mhpRp1,9.0,18,1,ATAGCGCAACGGATAATCTA,17,2443476
mhpRp1,22.0,44,1,ATAGAGGGATTGAAAACCAA,43,2467239
mhpRp1,17.5,35,1,ATACGTCTTTTGTGGTTTAC,34,2467260
mhpRp1,16.0,32,1,ATACGAGGGGCGGTAGCAGA,31,2454798
mhpRp1,30.0,60,1,AGTCTATTTGCATAGACGCC,59,2455812
mhpRp1,6.0,12,1,AGTCATTAGCACACAGTAAG,11,2465532
mhpRp1,10.0,20,1,AGTCAGTCCGGTGGATCCCA,19,2427878
mhpRp1,31.5,63,1,AGTATGGGTAGATAGTCCGC,62,2427220
mhpRp1,5.0,10,1,AGGGGGATCGAAACGTCCTT,9,2438864
mhpRp1,6.0,12,1,AGCTCGGCTCATCAGCATAG,11,2448065
mhpRp1,8.5,17,1,AGCTCACGTTCAGTGCATAT,16,2426842
mhpRp1,2.0,4,1,AGCGAGGCAATGCCTGTGAC,3,2460715
mhpRp1,2.5,5,1,AGCCTCAATTGGCGGTATAC,4,2477518
mhpRp1,3.5,7,1,AGCCGAGCGCCCCTGATAAG,6,2441456
mhpRp1,1.0,2,1,AGACTGCATTAACGGGTCCC,1,2437671
mhpRp1,12.0,24,1,AGACGGACCAGGAATAAACT,23,2439665
mhpRp1,31.5,63,1,AGACATATGATGGGGCGGAA,62,2440513
mhpRp1,34.0,68,1,ACTTTTAGACGCGCAGCATA,67,2468776
mhpRp1,6.0,12,1,ACTTTCGCGGTCTTAGGGTT,11,2426481
mhpRp1,12.5,25,1,ACTGCTAGTGCCGAAAGAGC,24,2429319
mhpRp1,2.5,5,1,ACTAAGCGAATGATTGTGCA,4,2432804
mhpRp1,8.5,17,1,ACGCCTATATGGGTTAAAAG,16,2451919
mhpRp1,1.5,3,1,ACGCCGGTTAGGCGCGGTCG,2,2438887
mhpRp1,6.0,12,1,ACGCCCCTCGTCATTAACTT,11,2454345
mhpRp1,5.5,11,1,ACGAGGGATGGTCCTATGTG,10,2441715
mhpRp1,1.0,2,1,ACCTTTCCGGGGAGACTAAC,1,2462260
mhpRp1,29.0,58,1,ACCGCTAGACCGCACGTCAA,57,2431077
mhpRp1,5.0,10,1,ACATAGGTGAACCCATACAA,9,2435833
mhpRp1,34.0,68,1,ACACATGCGACTTCGCCCCG,67,2477183
mhpRp1,16.0,32,1,ACAAGGACAGAGTAGTTCCT,31,2452003
mhpRp1,1.0,2,1,AATTTTAACTTGATGAGTTG,1,2425380
mhpRp1,46.0,92,1,AATGTAGGAGGGCCGTTCTT,91,2445511
mhpRp1,14.5,29,1,AATGCCGGCCTGGGTTCGCC,28,2440160
mhpRp1,5.5,11,1,AATCGCGTGTACTGTCCAGG,10,2428665
mhpRp1,7.5,15,1,AATATCAATGTAACCGTGTG,14,2423981
mhpRp1,22.5,45,1,AAGTTCAGATGAGCAAAGTT,44,2430456
mhpRp1,1.0,2,1,AAGGGCCTTGTCGTACTACA,1,2478491
mhpRp1,8.5,17,1,AAGCCATCGCATTGGATAGT,16,2447886
mhpRp1,13.0,26,1,AAGATCCCCGCAGCGGTGTC,25,2471619
mhpRp1,2.5,5,1,AAGATACGATAGCGTCGCGA,4,2452741
mhpRp1,25.0,50,1,AAGACTAGTGATGTTTCACC,49,2468634
mhpRp1,5.5,11,1,AACGCTTGTTCTAACATGGG,10,2459738
mhpRp1,14.5,29,1,AACCGGCAGCCTTTCCATGT,28,2439022
mhpRp1,9.5,19,1,AACCGAGATTGTAGGGGACA,18,2441539
mhpRp1,1.5,3,1,AAAGTCTCTAGGATTTCTTG,2,2470567
mhpRp1,20.0,40,1,AAAGCCGTCGTGAATAGCGA,39,2436121
mhpRp1,7.5,15,1,AAAACTTCCACCCTCGGTAG,14,2463157
mhpRp1,0.015625,63,63,GGACGAATCGTCAAGCACGA,0,2432037
mhpRp1,0.015873015873015872,62,62,TGGTCCCAAAGATCCATGTG,0,2430694
mhpRp1,0.017241379310344827,57,57,CGTGTTGCGTAGATATTGAA,0,2432143
mhpRp1,0.017241379310344827,57,57,AGGCCCTTGCGACTGTTGGC,0,2439868
mhpRp1,0.017543859649122806,56,56,CTACCGTTCAATCACGAACT,0,2434720
mhpRp1,0.017857142857142856,55,55,CCGATGCAAATTATGTAGAG,0,2449080
mhpRp1,0.01818181818181818,54,54,AGTGGGGTATTAATGGATCA,0,2452867
mhpRp1,0.019230769230769232,51,51,TGTTGAAGAGGAATTGAAGC,0,2454892
mhpRp1,0.0196078431372549,50,50,TGAGCAATGAGGATTGGGCA,0,2446870
mhpRp1,0.02,49,49,TTCAACGGGCGTGCGTGGAA,0,2475895
mhpRp1,0.02,49,49,TAGCATTAATCTCGGTATCA,0,2458016
mhpRp1,0.02,49,49,CACCTTAGATTAAGGCCTAA,0,2475668
mhpRp1,0.02040816326530612,48,48,TAATGGACCTGTATTCGCGG,0,2471766
mhpRp1,0.02040816326530612,48,48,GGGAAAAGAATGAGACCACT,0,2441707
mhpRp1,0.02040816326530612,48,48,CTTAGAGATGTTCCGCACCT,0,2443625
mhpRp1,0.02040816326530612,48,48,CCCTTGTCCAAGGATCGTAT,0,2425496
mhpRp1,0.02127659574468085,46,46,GGTGGGAGTTCTCGGAGCAA,0,2458720
mhpRp1,0.02127659574468085,46,46,CTTTTGGCTTACCAGTAGGC,0,2461827
mhpRp1,0.02127659574468085,46,46,CCTTAGTGTATCCGAAGGTA,0,2455337
mhpRp1,0.02127659574468085,46,46,ACCCAATGTGCAGCGGGGGA,0,2435970
mhpRp1,0.021739130434782608,45,45,CCACGTGCGAAAAGTGACAA,0,2439390
mhpRp1,0.022222222222222223,44,44,TTAAAATTCCAACCCCATGG,0,2466186
mhpRp1,0.022222222222222223,44,44,GTGTGCCGAGCGTCTTCAGA,0,2451695
mhpRp1,0.022222222222222223,44,44,CGTTGCCGCTCGGTCTAGTC,0,2425575
mhpRp1,0.022222222222222223,44,44,AGGCTGTAGCTAGACTCGTG,0,2438046
mhpRp1,0.022727272727272728,43,43,CGGCAATATTACTTCGCAGT,0,2468319
mhpRp1,0.023255813953488372,42,42,CAAATTTTTCCATCTGTTGT,0,2455871
mhpRp1,0.023255813953488372,42,42,AATCCTGCCGCGTTTAATAT,0,2449210
mhpRp1,0.023809523809523808,41,41,ATTGGGGTATATGCTCATAA,0,2461246
mhpRp1,0.024390243902439025,40,40,TAATAGCGGTTGCAGGATCG,0,2446463
mhpRp1,0.024390243902439025,40,40,GCCGGTCATTATTGTCCCGT,0,2429702
mhpRp1,0.024390243902439025,40,40,CAAGGAACCACTTAGACGAA,0,2462586
mhpRp1,0.024390243902439025,40,40,AGAGTCATTCGTACACACCT,0,2445621
mhpRp1,0.025,39,39,GCGCGTCAATCGAAGGTCGC,0,2425146
mhpRp1,0.025,39,39,GATCTCCAACACTCTACGGA,0,2447958
mhpRp1,0.025,39,39,CCGCGTTAAGTGTGTTTTCG,0,2434597
mhpRp1,0.025,39,39,CAACAAGCTGCGATCTGTCT,0,2479238
mhpRp1,0.025,39,39,ATTGTGGTAGGGGCGTGTGG,0,2427747
mhpRp1,0.025,39,39,AATCTTCGGGCGCCGCGATC,0,2464085
mhpRp1,0.02564102564102564,38,38,CTAGAAGGTCGTGTAGTTGG,0,2447099
mhpRp1,0.02564102564102564,38,38,CAGTTGCGCCCTGCCTAACT,0,2426785
mhpRp1,0.02564102564102564,38,38,ACGGGTCAAGGTTTACGGAT,0,2443252
mhpRp1,0.02631578947368421,37,37,ATTAAATGAAGATGACATTA,0,2454116
mhpRp1,0.02631578947368421,37,37,ATCCCCATTGACTAATGATG,0,2476726
mhpRp1,0.02631578947368421,37,37,AGTCGCACACACCGATGCTG,0,2457978
mhpRp1,0.02631578947368421,37,37,AGTACAATCTGAGAGTGCAT,0,2452432
mhpRp1,0.02631578947368421,37,37,AGACATAAAGGATGGTCGTA,0,2451799
mhpRp1,0.02702702702702703,36,36,TGTCGTTCCTGTTCACGCTA,0,2424855
mhpRp1,0.02702702702702703,36,36,TGAGATCGTACTCCTGAGCA,0,2476360
mhpRp1,0.02702702702702703,36,36,TCACCCTTGTCTTTTAACTG,0,2443824
mhpRp1,0.02702702702702703,36,36,TAAGCTTCCTAGAATGCTGT,0,2435357
mhpRp1,0.02702702702702703,36,36,GTAACAAACCAAGCCTAATG,0,2468429
mhpRp1,0.02702702702702703,36,36,CTCCGCTGTGACCAGTCCGA,0,2451800
mhpRp1,0.02702702702702703,36,36,CCTTGCCATAGTGCAGGAGC,0,2470122
mhpRp1,0.02702702702702703,36,36,CCATAGCTTGTCACTCGCCC,0,2428237
mhpRp1,0.027777777777777776,35,35,TACATTTACGTGAACGTTCA,0,2432898
mhpRp1,0.027777777777777776,35,35,GTACGTGCGAGATTATCCTG,0,2451508
mhpRp1,0.027777777777777776,35,35,GGGCCGACTTGGCACTACTG,0,2463909
mhpRp1,0.027777777777777776,35,35,CAGGGTGTCGTTGGCTCTTT,0,2434461
mhpRp1,0.027777777777777776,35,35,AGTTATTGCCTCAGCAGCGT,0,2435944
mhpRp1,0.027777777777777776,35,35,ACGTAGCGCACGTGTAGGTA,0,2454989
mhpRp1,0.027777777777777776,35,35,ACGCCGTAGGCCATAGTTGT,0,2445596
mhpRp1,0.027777777777777776,35,35,AAGTACGGTTCCGGCTCCGT,0,2470331
mhpRp1,0.027777777777777776,35,35,AAGTAAGTACACCGCTAAGT,0,2430650
mhpRp1,0.027777777777777776,35,35,AAAGTCTACTCAAGTTGAGA,0,2458632
mhpRp1,0.02857142857142857,34,34,TGCACGAGCGTCGTTTGGGA,0,2430829
mhpRp1,0.02857142857142857,34,34,TGCAAGAGCATAAGTATACA,0,2456817
mhpRp1,0.02857142857142857,34,34,TCTCACGAACTTTAGCGTGA,0,2452343
mhpRp1,0.02857142857142857,34,34,CTACTAACTGTCAACGAGAA,0,2428204
mhpRp1,0.02857142857142857,34,34,CCTATGATATTCCTGGTTGC,0,2437754
mhpRp1,0.02857142857142857,34,34,AGTCTAATAAGATGATGTAT,0,2424238
mhpRp1,0.02857142857142857,34,34,AATTTCAATTGCGGCTATTT,0,2475724
mhpRp1,0.02857142857142857,34,34,AAGGGTAGAGTTACATGAGT,0,2467881
mhpRp1,0.029411764705882353,33,33,TTCCGCTGTTCGGTCGAGCC,0,2456898
mhpRp1,0.029411764705882353,33,33,TCTGCAGAGGAATCGGTTAT,0,2446546
mhpRp1,0.029411764705882353,33,33,GCTCCTTTTATTGTCGTTCG,0,2436652
mhpRp1,0.029411764705882353,33,33,CTCATGCCTATAAGGATTGG,0,2460427
mhpRp1,0.029411764705882353,33,33,CGATCATGCCTACGGGTAAG,0,2424402
mhpRp1,0.029411764705882353,33,33,CCTCTTTTGAGCCATGGCCT,0,2450875
mhpRp1,0.029411764705882353,33,33,CCCCATAACGCTTGCCACTA,0,2458078
mhpRp1,0.029411764705882353,33,33,AATAGTCGCCTATGGGGCGA,0,2470785
mhpRp1,0.030303030303030304,32,32,CACTTTAATAACAGTGCCTG,0,2468559
mhpRp1,0.030303030303030304,32,32,ATCACGACCCGCGCTCGAGC,0,2462313
mhpRp1,0.030303030303030304,32,32,ATATGGCAGGTTTTAGTGCT,0,2462020
mhpRp1,0.030303030303030304,32,32,AGCCGGGACTCTTACTCTCG,0,2469690
mhpRp1,0.030303030303030304,32,32,AAGATCCCCGTTCAGAGGCA,0,2439649
mhpRp1,0.030303030303030304,32,32,AAACAGGGCAAACCAAATAC,0,2462818
mhpRp1,0.03125,31,31,TTTAGCTGCTGTTAGTGGCT,0,2467525
mhpRp1,0.03125,31,31,TTCTCGAGTGCGCAGGATCT,0,2458400
mhpRp1,0.03125,31,31,TGGACGGCAGAGCGCTAGAG,0,2478648
mhpRp1,0.03125,31,31,TGAAGTGCACGTGGGTGTCT,0,2472193
mhpRp1,0.03125,31,31,TAAGTACGCACCCCCAGGAG,0,2455483
mhpRp1,0.03125,31,31,GCGACGATGAGTGTAAGACA,0,2460016
mhpRp1,0.03125,31,31,GATAAAGTAAGAGCACGACT,0,2429431
mhpRp1,0.03125,31,31,CGCCGCTCCAATGCCATTTG,0,2449668
mhpRp1,0.03125,31,31,CGCACGCTATGGTGACGTGG,0,2426821
mhpRp1,0.03125,31,31,ATTGACTGCTTGCGTGCTGA,0,2449010
mhpRp1,0.03125,31,31,AAATAAGCGTTTTTGAACCT,0,2446989
mhpRp1,0.03225806451612903,30,30,TTTATCCGCCTCCATCCTGT,0,2448506
mhpRp1,0.03225806451612903,30,30,GGTTAACATGAGGTCCTTAT,0,2425013
mhpRp1,0.03225806451612903,30,30,GGCTTGCGGTCCCTGAGTAC,0,2450585
mhpRp1,0.03225806451612903,30,30,GGCGTTTGGCATGGAGACGT,0,2432193
mhpRp1,0.03225806451612903,30,30,GCTTCACAAAATCTATAGTA,0,2460405
mhpRp1,0.03225806451612903,30,30,GCTGACCTGGTAGGTGGAAT,0,2452859
mhpRp1,0.03225806451612903,30,30,GCGTTGTAACCACCCAAACT,0,2435236
mhpRp1,0.03225806451612903,30,30,GCGTCAGGGAGTAGGACTGG,0,2446354
mhpRp1,0.03225806451612903,30,30,GCGCCGTCGAAAAAGATGAT,0,2448225
mhpRp1,0.03225806451612903,30,30,GAGCAGTGATCCTGGGGCTA,0,2438417
mhpRp1,0.03225806451612903,30,30,CTTCTGTACAGTTGCGAACT,0,2428010
mhpRp1,0.03225806451612903,30,30,CTCACCCGAGAGTATTGGAT,0,2424401
mhpRp1,0.03225806451612903,30,30,CTACCGGTATCACAGGGCCA,0,2479109
mhpRp1,0.03225806451612903,30,30,CGGTAATGTGTAGACGATCC,0,2451739
mhpRp1,0.03225806451612903,30,30,CGGGGAAGGAGATGGTGGAG,0,2439597
mhpRp1,0.03225806451612903,30,30,AGGTATCATGTCGCTCAAGA,0,2454873
mhpRp1,0.03225806451612903,30,30,AGGTAGTGTTCGCAATGATA,0,2477091
mhpRp1,0.03225806451612903,30,30,AGGCTTGGCCCTTCTCAATT,0,2434170
mhpRp1,0.03225806451612903,30,30,AGAATTCCAGACGAGACGGA,0,2428379
mhpRp1,0.03225806451612903,30,30,AGAATGACTCTCTGACTCAT,0,2452166
mhpRp1,0.03225806451612903,30,30,ACCCGAAAGACTCATGAACC,0,2476009
mhpRp1,0.03225806451612903,30,30,AATCTAATTGGATTCATTAA,0,2433540
mhpRp1,0.03333333333333333,29,29,TTCTCGGTGACCTGAAGGTC,0,2437468
mhpRp1,0.03333333333333333,29,29,TGTATCCGATACCCTATCGA,0,2466327
mhpRp1,0.03333333333333333,29,29,TGCTTCTAGTAGTGCCGTCT,0,2452440
mhpRp1,0.03333333333333333,29,29,TCAATGAGGTGATGGCTCAA,0,2459883
mhpRp1,0.03333333333333333,29,29,TAGGTCTACAAGGGTGTCTT,0,2469115
mhpRp1,0.03333333333333333,29,29,TACCTTATGTGAAGAGCCCA,0,2443869
mhpRp1,0.03333333333333333,29,29,GTATAGGCGGTTCATCACGA,0,2478085
mhpRp1,0.03333333333333333,29,29,GATGGCCAATGCCATCTTAG,0,2444528
mhpRp1,0.03333333333333333,29,29,GAGTATCACATCTGGCGGCA,0,2449819
mhpRp1,0.03333333333333333,29,29,GAGAAGGTCTGCAGTGGGTA,0,2437263
mhpRp1,0.03333333333333333,29,29,GACTGTCACACCTGCATCTA,0,2437904
mhpRp1,0.03333333333333333,29,29,GAAATGTGCAGCAAAGTGAG,0,2438333
mhpRp1,0.03333333333333333,29,29,CTGGGACTTACCGCCATTAA,0,2458115
mhpRp1,0.03333333333333333,29,29,CTCGGATAGATCTGGAAACT,0,2474675
mhpRp1,0.03333333333333333,29,29,CTCACCAGGTACATTCGCGC,0,2455486
mhpRp1,0.03333333333333333,29,29,CGTAACTGGCCGGCCTAGCA,0,2468211
mhpRp1,0.03333333333333333,29,29,CGCAGTTTCACCTCAGCCAC,0,2441566
mhpRp1,0.03333333333333333,29,29,CGCAACTTAGCTGACGTGTT,0,2472153
mhpRp1,0.03333333333333333,29,29,CCTCTGATTTAACACAGGGT,0,2443250
mhpRp1,0.03333333333333333,29,29,CATTATAACCCCTCACCTTA,0,2476444
mhpRp1,0.03333333333333333,29,29,ATTGCTCTCTTGTTATGTCA,0,2449994
mhpRp1,0.03333333333333333,29,29,AGTACTGCACTCTGGTGCTC,0,2429557
mhpRp1,0.03333333333333333,29,29,AGATAGCCTGGCCGGTCGGT,0,2467639
mhpRp1,0.034482758620689655,28,28,TTGAATACAGCTACTTCGCA,0,2438414
mhpRp1,0.034482758620689655,28,28,TGTGACCCACGTCGGGTGTG,0,2432786
mhpRp1,0.034482758620689655,28,28,TGCGTGGTCTACGGGCGGAA,0,2469092
mhpRp1,0.034482758620689655,28,28,TGAGGGGCGGTACGCATGAC,0,2434349
mhpRp1,0.034482758620689655,28,28,TGACTCTGGCCTATTTCACT,0,2430114
mhpRp1,0.034482758620689655,28,28,TCATGGGAGGAATAGGTTGG,0,2438228
mhpRp1,0.034482758620689655,28,28,TACCTCTTCAGTGGGAATCA,0,2428617
mhpRp1,0.034482758620689655,28,28,TACACGATCACCTAAGTGGA,0,2471430
mhpRp1,0.034482758620689655,28,28,TAATGCTCAACCGTGTTGGT,0,2461385
mhpRp1,0.034482758620689655,28,28,GTTTCCTCTCCATAAGAGGG,0,2432894
mhpRp1,0.034482758620689655,28,28,GGCCTAAAACTCAGGGTTTA,0,2465482
mhpRp1,0.034482758620689655,28,28,GGCAACTACGTCATTATCGT,0,2441662
mhpRp1,0.034482758620689655,28,28,GGAAGCACCGGTAGAACGAC,0,2466935
mhpRp1,0.034482758620689655,28,28,GCCGCAGTCAGCGGGAGATA,0,2471052
mhpRp1,0.034482758620689655,28,28,GCAATTAAGCATAGAACGAG,0,2431242
mhpRp1,0.034482758620689655,28,28,CGTGTTTAAGCAACGGGCAA,0,2425677
mhpRp1,0.034482758620689655,28,28,CATCACGAATGTTGGATTAT,0,2450538
mhpRp1,0.034482758620689655,28,28,CACGGGGCCACTTAGGGGAA,0,2438493
mhpRp1,0.034482758620689655,28,28,AGGTCTGTCGTCGAAGGAGA,0,2460945
mhpRp1,0.034482758620689655,28,28,AGAGAGGTGTTCAAAGTCAA,0,2433077
mhpRp1,0.034482758620689655,28,28,ACGACACATACACAGCTAGG,0,2446668
mhpRp1,0.034482758620689655,28,28,AATGGCCGTCCGCAGCACTC,0,2433998
mhpRp1,0.034482758620689655,28,28,AAAGGGGAGAGGGACTCTAG,0,2437164
mhpRp1,0.03571428571428571,27,27,TTTTATACGCGCCTCCTGGC,0,2450133
mhpRp1,0.03571428571428571,27,27,TTCTCTTATTCGCCGGGAAG,0,2445041
mhpRp1,0.03571428571428571,27,27,TTATTCTGGTAAGTTTATGA,0,2455581
mhpRp1,0.03571428571428571,27,27,TGTCTGACGGCCCGCTGCAA,0,2435315
mhpRp1,0.03571428571428571,27,27,TGAAGATTTTTAACGGTGAT,0,2424631
mhpRp1,0.03571428571428571,27,27,TCAGGTAGATATTACAGGCT,0,2446731
mhpRp1,0.03571428571428571,27,27,TCACTATAATATGCTGGAGG,0,2470089
mhpRp1,0.03571428571428571,27,27,TATGGGGCGCCCTTCGCATG,0,2458175
mhpRp1,0.03571428571428571,27,27,TAGGTAGTCTCCCGTCGCAG,0,2430411
mhpRp1,0.03571428571428571,27,27,GTAGGCTTAGGAGATACTCT,0,2461764
mhpRp1,0.03571428571428571,27,27,GGCCTTGATTTTTCCGATTA,0,2452043
mhpRp1,0.03571428571428571,27,27,GGAGCTAGTTCATGGAGTGG,0,2463368
mhpRp1,0.03571428571428571,27,27,GCGCGACCGGGCATGAAGAC,0,2455560
mhpRp1,0.03571428571428571,27,27,GAACCCCGCCTGTACTGCCC,0,2432192
mhpRp1,0.03571428571428571,27,27,CTCATCGGGATCACTGGATT,0,2433476
mhpRp1,0.03571428571428571,27,27,CTAACAGTGTTGAACGATGT,0,2467133
mhpRp1,0.03571428571428571,27,27,CGGCCGGATTACGTGCGCCT,0,2441804
mhpRp1,0.03571428571428571,27,27,CCAAAGAACGCCTATACGTG,0,2456178
mhpRp1,0.03571428571428571,27,27,CATATGACCAACTAGGTCAA,0,2434070
mhpRp1,0.03571428571428571,27,27,CAGACGATCTAGCCAGTCGG,0,2438177
mhpRp1,0.03571428571428571,27,27,ATTGTATGATCTCAGTGATT,0,2430356
mhpRp1,0.03571428571428571,27,27,ATTGGGCCTGGTTACGACTA,0,2462475
mhpRp1,0.03571428571428571,27,27,ATATAGCAGTTTGCGATCAG,0,2429541
mhpRp1,0.037037037037037035,26,26,TTCTTCGCTCACGTACCATG,0,2462248
mhpRp1,0.037037037037037035,26,26,TCTGCACGAGTAGTCACCAA,0,2456668
mhpRp1,0.037037037037037035,26,26,TCCGACTGCAGTCGTCAACT,0,2469420
mhpRp1,0.037037037037037035,26,26,TAGGCGGCTTTCATGTGGGA,0,2430992
mhpRp1,0.037037037037037035,26,26,GTCAGATGTATAAGGCCTAG,0,2424548
mhpRp1,0.037037037037037035,26,26,GGAAGATTCAGAGTTTTATT,0,2432396
mhpRp1,0.037037037037037035,26,26,GCCCTGTTGAACTAGCGGTC,0,2435585
mhpRp1,0.037037037037037035,26,26,GCACATCCGCGTGATCGGAT,0,2450725
mhpRp1,0.037037037037037035,26,26,GATAGGGGAAGGAGTAGGAG,0,2456709
mhpRp1,0.037037037037037035,26,26,GACATGCGGCCTCCAGCGCC,0,2424447
mhpRp1,0.037037037037037035,26,26,CTCGCATATAATGCATGGGA,0,2447841
mhpRp1,0.037037037037037035,26,26,CTAGAAGGGTGATGTGGGTT,0,2476446
mhpRp1,0.037037037037037035,26,26,CGTCGGAATTTGTTTAGATG,0,2436004
mhpRp1,0.037037037037037035,26,26,CCGAAACTTCTTACCAACTT,0,2442465
mhpRp1,0.037037037037037035,26,26,CCCGCTTTTGGCGGAGTATT,0,2457806
mhpRp1,0.037037037037037035,26,26,CATCTAAGATATGCGGCCAT,0,2463461
mhpRp1,0.037037037037037035,26,26,CATAATCCGTCTATCGCATG,0,2451944
mhpRp1,0.037037037037037035,26,26,CAGCCTTACCTGGGCGGAAC,0,2457088
mhpRp1,0.037037037037037035,26,26,ACGCCCCGAGGAGGTAGCAA,0,2474354
mhpRp1,0.037037037037037035,26,26,ACCTGTCGAATAAGAGCGGG,0,2450570
mhpRp1,0.037037037037037035,26,26,AAACCCCTTTCCCGGGAAGG,0,2438282
mhpRp1,0.038461538461538464,25,25,TTTTAGTCGTCGGAACGGTC,0,2424887
mhpRp1,0.038461538461538464,25,25,TTGCGCCGGTTATACCTGTG,0,2449175
mhpRp1,0.038461538461538464,25,25,TTCTGGAGGTGCTCAGTCAT,0,2455990
mhpRp1,0.038461538461538464,25,25,TGTTAAGTCCGAAGTGGCAT,0,2428667
mhpRp1,0.038461538461538464,25,25,TGGTACCGCAAACTTCGTGG,0,2456480
mhpRp1,0.038461538461538464,25,25,TGGCTTCCTTGGTAGAACTG,0,2425336
mhpRp1,0.038461538461538464,25,25,TGCCGTAGGGATATTAGACT,0,2433881
mhpRp1,0.038461538461538464,25,25,TATAATTATAAGGCACCGAC,0,2477457
mhpRp1,0.038461538461538464,25,25,TAGCAGCTACTTGGGATATT,0,2450659
mhpRp1,0.038461538461538464,25,25,TACCAGGTGCACCCTTGTGT,0,2449673
mhpRp1,0.038461538461538464,25,25,TAACTCTGTTAGGGTTATTT,0,2441052
mhpRp1,0.038461538461538464,25,25,GTTTCCCTCCACTCTGGGAA,0,2457118
mhpRp1,0.038461538461538464,25,25,GGGACAGGGAGCAAAGCTGT,0,2457444
mhpRp1,0.038461538461538464,25,25,GGCCAAAGGTTGTTTGGCTT,0,2461487
mhpRp1,0.038461538461538464,25,25,GGAGTGACTGTTGGTTCCAA,0,2471694
mhpRp1,0.038461538461538464,25,25,GGAGCCTATTTGTCCCGGTA,0,2442817
mhpRp1,0.038461538461538464,25,25,GCTCTTGATCAAGCCTCAGA,0,2436657
mhpRp1,0.038461538461538464,25,25,CTATCCAAGGTATGCGACCG,0,2441542
mhpRp1,0.038461538461538464,25,25,CTACGTTTGCTACTCTCTTG,0,2453149
mhpRp1,0.038461538461538464,25,25,CGGCGGTGTACAGGGTTAAA,0,2434433
mhpRp1,0.038461538461538464,25,25,CGAAAGTATAACCGTGCTCC,0,2437144
mhpRp1,0.038461538461538464,25,25,CCGCATCTCTTAAAGACACA,0,2465418
mhpRp1,0.038461538461538464,25,25,CATTCAGTCTGACGGGGTTT,0,2427603
mhpRp1,0.038461538461538464,25,25,CAAAGCGGCACTTAACTCTG,0,2445220
mhpRp1,0.038461538461538464,25,25,ATGGGGGATGACACTGACGG,0,2458257
mhpRp1,0.038461538461538464,25,25,ATCGTTGCACTCGGGTAATC,0,2441742
mhpRp1,0.038461538461538464,25,25,ATCAATAACTTCGTGGATTG,0,2433461
mhpRp1,0.038461538461538464,25,25,ATAGCTCGTCCCCAGCCCTG,0,2425820
mhpRp1,0.038461538461538464,25,25,AGGGAGGATACGTGATCCGG,0,2437569
mhpRp1,0.038461538461538464,25,25,ACGTAGATTTTACTATTGGT,0,2474547
mhpRp1,0.038461538461538464,25,25,ACGACTGTGCATATATTTCG,0,2434504
mhpRp1,0.038461538461538464,25,25,AATTTTGGACTAGAGGACAA,0,2440276
mhpRp1,0.038461538461538464,25,25,AAGAGGAACGCCAATACTCT,0,2427306
mhpRp1,0.038461538461538464,25,25,AAATACGGGGTCTCCTTTAA,0,2464694
mhpRp1,0.038461538461538464,25,25,AAAATCGCAGCTTATTGTGT,0,2438645
mhpRp1,0.04,24,24,TTTACAGTAACTGCTGGCGC,0,2464441
mhpRp1,0.04,24,24,TCAGCTCGCTGTCTTAAGAT,0,2453841
mhpRp1,0.04,24,24,TACAGAGGAAAAATCCACAG,0,2455985
mhpRp1,0.04,24,24,GTTCAAGGATGCTCTAGGGT,0,2431736
mhpRp1,0.04,24,24,GTCCTACAGGGAGGGAGTGT,0,2455786
mhpRp1,0.04,24,24,GTATTTAATATAGAGACGGC,0,2447101
mhpRp1,0.04,24,24,GGAAGCGCAGACATGACAGA,0,2440674
mhpRp1,0.04,24,24,GCGTTAATCCAAAGACTAGA,0,2434242
mhpRp1,0.04,24,24,GCGACTCAAGCTAACAGTCG,0,2435665
mhpRp1,0.04,24,24,GCATCCGTAAGTAACGGTGA,0,2449185
mhpRp1,0.04,24,24,GCATCAGGCAGTTCCGAGCA,0,2426431
mhpRp1,0.04,24,24,GATTGAATGCGCATGAAGGA,0,2443496
mhpRp1,0.04,24,24,GATACCTATTACTATGATGA,0,2447276
mhpRp1,0.04,24,24,GAGTTTCCATAACTCATGGC,0,2473144
mhpRp1,0.04,24,24,GACCGGGATAATTCCAGGTA,0,2435465
mhpRp1,0.04,24,24,GAAGGAAATCGTCGAAAGTT,0,2469831
mhpRp1,0.04,24,24,CTGGCGACCGGGGAAGCTGT,0,2458778
mhpRp1,0.04,24,24,CGCCGAAACCTATTAATTGT,0,2451223
mhpRp1,0.04,24,24,CCCGTTCTTATGCACAATCG,0,2444244
mhpRp1,0.04,24,24,CCAAATGCCACCTACGTAAG,0,2453150
mhpRp1,0.04,24,24,CAGAGCTTAGCTATTGGTGC,0,2446623
mhpRp1,0.04,24,24,CACGACGCGCAACGGCAGCG,0,2479131
mhpRp1,0.04,24,24,CACCCGTGTCGTTGCTATTC,0,2462896
mhpRp1,0.04,24,24,CAATGGCTAAGCAATCAATT,0,2476178
mhpRp1,0.04,24,24,CAATAACACATCATGGCAGC,0,2430484
mhpRp1,0.04,24,24,ATTCGAGCCTATTTTTACAA,0,2471698
mhpRp1,0.04,24,24,ATGTAAGGCCGTGCTTACTG,0,2432997
mhpRp1,0.04,24,24,ATGGGACCTGGCTTGGCATG,0,2446497
mhpRp1,0.04,24,24,ATGCTCTATATTTTCGACGT,0,2450618
mhpRp1,0.04,24,24,ATGAATGTTTTAATAAGACG,0,2456336
mhpRp1,0.04,24,24,AAATCGCTGTGGATAGAAAT,0,2471478
mhpRp1,0.04,24,24,AAAGCTCGCAGGATAGTCTC,0,2441051
mhpRp1,0.041666666666666664,23,23,TTGGGTCGCTCGCTCAATTC,0,2430476
mhpRp1,0.041666666666666664,23,23,TTCCTTCACTGTAGCGGTCA,0,2471947
mhpRp1,0.041666666666666664,23,23,TTAAAAAATCCTTTCCACGA,0,2429393
mhpRp1,0.041666666666666664,23,23,TGTTTACAGCTAAGACCACA,0,2448128
mhpRp1,0.041666666666666664,23,23,TGGGTTAGGCGGTACATCTT,0,2445765
mhpRp1,0.041666666666666664,23,23,TGATTCACATATGTCTAGAC,0,2430321
mhpRp1,0.041666666666666664,23,23,TGATCCCTCTACGCCGCTAT,0,2444306
mhpRp1,0.041666666666666664,23,23,TGATATTTAGTCGTGGTCAT,0,2441090
mhpRp1,0.041666666666666664,23,23,TGAGCCTGCCGCCACATTAA,0,2442553
mhpRp1,0.041666666666666664,23,23,TCGAATCGAGGGTGCACGAC,0,2476738
mhpRp1,0.041666666666666664,23,23,TCATGCGTGGTATGGGAAAA,0,2439578
mhpRp1,0.041666666666666664,23,23,TAGCCGACTGGCGGAACGAT,0,2464322
mhpRp1,0.041666666666666664,23,23,TAGACGTTCGGTAACCACGC,0,2466763
mhpRp1,0.041666666666666664,23,23,TACGCAATCAAAAAGCGATA,0,2470288
mhpRp1,0.041666666666666664,23,23,TACCGCGGGTGCACCGACAT,0,2476592
mhpRp1,0.041666666666666664,23,23,GTTGTGTTCGCTTTTGTCGG,0,2457748
mhpRp1,0.041666666666666664,23,23,GTAGGGTCCAGTCGCAAATT,0,2449193
mhpRp1,0.041666666666666664,23,23,GGACGGGGGACCAATAGTTC,0,2451841
mhpRp1,0.041666666666666664,23,23,GCTATCCTGTAACCTCCATT,0,2438019
mhpRp1,0.041666666666666664,23,23,GCACGAACAAATTTACCATG,0,2442943
mhpRp1,0.041666666666666664,23,23,GAGTCCCGATTCGCCACCAT,0,2471495
mhpRp1,0.041666666666666664,23,23,GAGGTTGCTGAGGATCATAC,0,2429593
mhpRp1,0.041666666666666664,23,23,GAGGACGGATCGCATGTTAC,0,2444137
mhpRp1,0.041666666666666664,23,23,GAGCTCAAATGAAATGCAGA,0,2478159
mhpRp1,0.041666666666666664,23,23,CTTGAAGGCCGGAGTTTCTG,0,2476200
mhpRp1,0.041666666666666664,23,23,CGGAAAGAGACAAGCAATAA,0,2457668
mhpRp1,0.041666666666666664,23,23,CGCGCCTTGCACCTGGCTAC,0,2438709
mhpRp1,0.041666666666666664,23,23,CGCCCCCTCGCAGTTTGTCC,0,2426643
mhpRp1,0.041666666666666664,23,23,CGCACTCACCCGCCGACGCA,0,2459364
mhpRp1,0.041666666666666664,23,23,CGAGGGATGCCACATGATGA,0,2476783
mhpRp1,0.041666666666666664,23,23,CCTGCTAAGGTGTATACTTG,0,2429751
mhpRp1,0.041666666666666664,23,23,CCATTACCGGGCGCGGAAAT,0,2470458
mhpRp1,0.041666666666666664,23,23,CAGACGGTAGTCTACACGGG,0,2430825
mhpRp1,0.041666666666666664,23,23,CACCGTAAATCTCGTCGTTG,0,2460280
mhpRp1,0.041666666666666664,23,23,CAAAGGACCCGATAAAGAGT,0,2475168
mhpRp1,0.041666666666666664,23,23,ATTTGTTTAAAGCTCGCCGT,0,2450227
mhpRp1,0.041666666666666664,23,23,ATGTTTGAATACGTAGGGAC,0,2442538
mhpRp1,0.041666666666666664,23,23,ATCGTAAGTTGTTCCAACGC,0,2425953
mhpRp1,0.041666666666666664,23,23,ATAGCGCGCACACGCGCATT,0,2428129
mhpRp1,0.041666666666666664,23,23,ATACCGTAAAGAATCGTAAA,0,2451681
mhpRp1,0.041666666666666664,23,23,AGCCAATATTCACTCTGGGA,0,2446334
mhpRp1,0.041666666666666664,23,23,AGAATTCGCGACGAGCCAAA,0,2451516
mhpRp1,0.041666666666666664,23,23,ACCTGAGGGGTACACCATTA,0,2437455
mhpRp1,0.041666666666666664,23,23,ACACTGCCGGATACACCAAA,0,2443555
mhpRp1,0.041666666666666664,23,23,AATACAGGCTCGACGTGGCA,0,2443449
mhpRp1,0.041666666666666664,23,23,AAACATAACTTCTTTTGCGA,0,2427837
mhpRp1,0.043478260869565216,22,22,TTGTAGCGGGATCGAGTTTT,0,2442567
mhpRp1,0.043478260869565216,22,22,TTGAGTACTGTGAAATCTGT,0,2435722
mhpRp1,0.043478260869565216,22,22,TTCTACTCAAGGACTACCCA,0,2434926
mhpRp1,0.043478260869565216,22,22,TGTTCATTTCCACTATGTGC,0,2454021
mhpRp1,0.043478260869565216,22,22,TGGTATGTTTCGTGTACGTG,0,2459707
mhpRp1,0.043478260869565216,22,22,TGCATCCAGGCAACTTCCAG,0,2436754
mhpRp1,0.043478260869565216,22,22,TGAGTGAATTGAATTACGAT,0,2439016
mhpRp1,0.043478260869565216,22,22,TGAAAGGCGGTGTCCAAGAG,0,2466422
mhpRp1,0.043478260869565216,22,22,TCGCGTGCTTGTGCGGTGGG,0,2448050
mhpRp1,0.043478260869565216,22,22,TCGCATGAGCTGCTCGCTTT,0,2448718
mhpRp1,0.043478260869565216,22,22,TACGGGGTCGTAGGGGCAGG,0,2445047
mhpRp1,0.043478260869565216,22,22,TAAATGCGCTCACAAAGAAC,0,2457093
mhpRp1,0.043478260869565216,22,22,GTCCCTATGCCTCGCTTCAG,0,2467801
mhpRp1,0.043478260869565216,22,22,GGGTTGAATGTTACTGATCA,0,2446054
mhpRp1,0.043478260869565216,22,22,GGGGGACCTGGATTGCATAG,0,2426043
mhpRp1,0.043478260869565216,22,22,GGCTGGTACTTTGTTTGTGG,0,2423784
mhpRp1,0.043478260869565216,22,22,GGCTGATGGGGTGCTCCTTA,0,2454869
mhpRp1,0.043478260869565216,22,22,GCTAGTTCTCCGCTGATCGT,0,2467721
mhpRp1,0.043478260869565216,22,22,GCTAGAATTCTGCTGCGCCA,0,2429174
mhpRp1,0.043478260869565216,22,22,GCGGGGCCGTTCCGATGGTA,0,2465675
mhpRp1,0.043478260869565216,22,22,GCCTGCGCAAAGGTATGGAC,0,2445989
mhpRp1,0.043478260869565216,22,22,GCATAAGTGCTGCATGTGAG,0,2428316
mhpRp1,0.043478260869565216,22,22,GAGCTATTCAGATGATAGAG,0,2454361
mhpRp1,0.043478260869565216,22,22,GACCTGCCCCTACATCGAAC,0,2445341
mhpRp1,0.043478260869565216,22,22,GAAGCCTGGGGTGCCCCGAT,0,2440102
mhpRp1,0.043478260869565216,22,22,GAAATGAGCACACCTGGAGT,0,2434931
mhpRp1,0.043478260869565216,22,22,CTGTGATATGGAATTACCGG,0,2461475
mhpRp1,0.043478260869565216,22,22,CTGGAGGGTGGTCGGAAGAC,0,2476084
mhpRp1,0.043478260869565216,22,22,CTAATAGGGTAAGAGCCAAG,0,2467539
mhpRp1,0.043478260869565216,22,22,CGTATTTGATCCACAAGGAA,0,2459849
mhpRp1,0.043478260869565216,22,22,CGGGAGTACCAGTGTTAATC,0,2437427
mhpRp1,0.043478260869565216,22,22,CGGCGTGGAGTACTTGTGTA,0,2430196
mhpRp1,0.043478260869565216,22,22,CGCACAGAACTACATGAGAC,0,2468464
mhpRp1,0.043478260869565216,22,22,CGAAGAATTGATCACGGGTT,0,2462890
mhpRp1,0.043478260869565216,22,22,CCGGCCCCACCCGTCGAGGA,0,2444453
mhpRp1,0.043478260869565216,22,22,CCGCTCTTTTGCGTTGGGTG,0,2470544
mhpRp1,0.043478260869565216,22,22,CCGCTACCTAACTCTTAAAC,0,2458343
mhpRp1,0.043478260869565216,22,22,CCAAGTATTCAAAGCTGGTT,0,2461998
mhpRp1,0.043478260869565216,22,22,CATTTAGTACATGGGGAGAT,0,2440196
mhpRp1,0.043478260869565216,22,22,CATTGACGAAGGGCGGGAGA,0,2443452
mhpRp1,0.043478260869565216,22,22,CATACCGCAGCAAGCCTTCA,0,2433822
mhpRp1,0.043478260869565216,22,22,CAGAGCCCTGTTCTATTCAA,0,2432813
mhpRp1,0.043478260869565216,22,22,CACTGCCGTTCAGGCGAGTG,0,2478692
mhpRp1,0.043478260869565216,22,22,CACACGAGTTAGGCCGGAGA,0,2464686
mhpRp1,0.043478260869565216,22,22,ATTGGTAAACAGGAAGGTTT,0,2445987
mhpRp1,0.043478260869565216,22,22,ATCGTGTTCGAACTGATCTC,0,2454458
mhpRp1,0.043478260869565216,22,22,ATATCCAGCGGGATAGTGTC,0,2459700
mhpRp1,0.043478260869565216,22,22,AGTTCTTGATTGCATGTGGA,0,2449670
mhpRp1,0.043478260869565216,22,22,AGTGGTCGAATTGTGACGGT,0,2441483
mhpRp1,0.043478260869565216,22,22,AGTGATCCGAAGCTGAGAGC,0,2436021
mhpRp1,0.043478260869565216,22,22,AGTAATCGCCGTTCCACGCA,0,2425304
mhpRp1,0.043478260869565216,22,22,AGGCTCTGCTAATAACGACA,0,2475300
mhpRp1,0.043478260869565216,22,22,AGATAACACTAAGCCTTGTG,0,2443411
mhpRp1,0.043478260869565216,22,22,AGACAATCGTGAGGGTCACG,0,2434763
mhpRp1,0.043478260869565216,22,22,AGAAGCTGGGAATGCAGAAA,0,2448058
mhpRp1,0.043478260869565216,22,22,ACTTTAGACATTCCTAGCTT,0,2466589
mhpRp1,0.043478260869565216,22,22,ACTAACCGGCCTCCTGAGTG,0,2428825
mhpRp1,0.043478260869565216,22,22,ACCACGGCCGTAATGGTAAG,0,2451754
mhpRp1,0.043478260869565216,22,22,AATTACTCGTAGGGCCAGGG,0,2463883
mhpRp1,0.043478260869565216,22,22,AATCTTTCGGCTTGTAGCCA,0,2425894
mhpRp1,0.043478260869565216,22,22,AACCCTAGTAGCGGGTTTTG,0,2443833
mhpRp1,0.045454545454545456,21,21,TTTCATGAAGATTAGAGTAC,0,2437770
mhpRp1,0.045454545454545456,21,21,TTCGTCGGTGACATACATAA,0,2433245
mhpRp1,0.045454545454545456,21,21,TTAGCGTTGGCGTGAGTTCT,0,2429439
mhpRp1,0.045454545454545456,21,21,TGGTGTGGTAAGGGCCACTG,0,2450168
mhpRp1,0.045454545454545456,21,21,TGCGTACGAAATGTGGGTGT,0,2445290
mhpRp1,0.045454545454545456,21,21,TGACCTAAGGGCACGGCGTT,0,2454041
mhpRp1,0.045454545454545456,21,21,TGAACGTAGAGCACATGTTT,0,2468631
mhpRp1,0.045454545454545456,21,21,TACGAGATTTCATCTGTGGT,0,2441557
mhpRp1,0.045454545454545456,21,21,TAATTGATTAATGGATACTT,0,2432128
mhpRp1,0.045454545454545456,21,21,GTGTGGTGATCAAGTGTAGC,0,2434514
mhpRp1,0.045454545454545456,21,21,GTGGTGAACTAGAGGCTGTT,0,2467950
mhpRp1,0.045454545454545456,21,21,GTCGTGCCTCAGGAGGGGTG,0,2460803
mhpRp1,0.045454545454545456,21,21,GGCCCAGAAAAAGTACGGTT,0,2478158
mhpRp1,0.045454545454545456,21,21,GGCATTTGTTGCGTGTCTGG,0,2461977
mhpRp1,0.045454545454545456,21,21,GGAGCCGTCCGAACAGCCTC,0,2429584
mhpRp1,0.045454545454545456,21,21,GCTGCCGTATTTCGTGAATT,0,2429597
mhpRp1,0.045454545454545456,21,21,GCAGGCCAGCCGCCAAGGTC,0,2429216
mhpRp1,0.045454545454545456,21,21,GAGTTGGGTTACCTTAATAA,0,2435975
mhpRp1,0.045454545454545456,21,21,GAGGACGCTCTGATTGTTAA,0,2465283
mhpRp1,0.045454545454545456,21,21,GAGCATGTATGAAGGTTGGC,0,2468173
mhpRp1,0.045454545454545456,21,21,GAATTACTCAGGCATGTCCA,0,2426303
mhpRp1,0.045454545454545456,21,21,GAATAGATCGCGCCCTAGAC,0,2429071
mhpRp1,0.045454545454545456,21,21,CTTTGCACATCGAATCGAGA,0,2446385
mhpRp1,0.045454545454545456,21,21,CTTCTATTTCCGGTTGATCA,0,2434379
mhpRp1,0.045454545454545456,21,21,CTAAGTTCCTGCCTGATTCG,0,2470423
mhpRp1,0.045454545454545456,21,21,CTAAGGACCTTACGACACCG,0,2465424
mhpRp1,0.045454545454545456,21,21,CGTAAGCCTGTATATGTGGT,0,2442374
mhpRp1,0.045454545454545456,21,21,CGCGTCCCAGTAACGTCTTC,0,2444378
mhpRp1,0.045454545454545456,21,21,CGCATATTTCCGTAGCGCAT,0,2449310
mhpRp1,0.045454545454545456,21,21,CGCAGGCGGATTTGAGTTAG,0,2444821
mhpRp1,0.045454545454545456,21,21,CGCACGTGAAGCACAGATTG,0,2473352
mhpRp1,0.045454545454545456,21,21,CCTACAGGTTAGTTTGTCTG,0,2470868
mhpRp1,0.045454545454545456,21,21,CCCTCTAAATTGGTTCATGA,0,2447338
mhpRp1,0.045454545454545456,21,21,CCCGGTCCTACTACCTGCTC,0,2464706
mhpRp1,0.045454545454545456,21,21,CCCAGGAGTATTGAGCGGTA,0,2467594
mhpRp1,0.045454545454545456,21,21,CATGAAACGTGCAAAGCGAA,0,2430912
mhpRp1,0.045454545454545456,21,21,CATCTATATCTCTGGCCCAG,0,2436296
mhpRp1,0.045454545454545456,21,21,CATCGACGTGGCAGTGCCAG,0,2464782
mhpRp1,0.045454545454545456,21,21,CACTATTGGGAACTTGAGTC,0,2426335
mhpRp1,0.045454545454545456,21,21,ATTGGCTGCATACCGTTTTT,0,2437167
mhpRp1,0.045454545454545456,21,21,ATAGCGGCCAAACCTGATCA,0,2467219
mhpRp1,0.045454545454545456,21,21,ATAATCGAGCTGATGAGTTC,0,2455874
mhpRp1,0.045454545454545456,21,21,ATAACCAAAGGACTCTTGGT,0,2474052
mhpRp1,0.045454545454545456,21,21,AGTCATCCGAAGCTGGACAG,0,2443634
mhpRp1,0.045454545454545456,21,21,AGGGAGAAACCGGCATTATT,0,2478358
mhpRp1,0.045454545454545456,21,21,AGCCGTACTCTTCCCCTGGC,0,2476183
mhpRp1,0.045454545454545456,21,21,ACTTTCCGCAAGGCGCCCAT,0,2426309
mhpRp1,0.045454545454545456,21,21,ACTGAAGAGATATCGACTCA,0,2467649
mhpRp1,0.045454545454545456,21,21,ACTCCTGCAAGTAAATCCGT,0,2432552
mhpRp1,0.045454545454545456,21,21,ACGGAAGACATGAGCCGACA,0,2435519
mhpRp1,0.045454545454545456,21,21,ACCTGATCTCGGCCGCATGC,0,2466955
mhpRp1,0.047619047619047616,20,20,TTTTGGCCCGTTTGACAAGA,0,2436195
mhpRp1,0.047619047619047616,20,20,TTTTGAAGGTAGTGGTTTAT,0,2426681
mhpRp1,0.047619047619047616,20,20,TTGGGACGCTTCCAAAATCA,0,2466809
mhpRp1,0.047619047619047616,20,20,TTGAAATACCGGTGGACAAT,0,2467573
mhpRp1,0.047619047619047616,20,20,TTCTTGGGCATTTTCATTGA,0,2425019
mhpRp1,0.047619047619047616,20,20,TTAGCCGGCTTTCTCGCTAT,0,2474205
mhpRp1,0.047619047619047616,20,20,TTAAATCCTAAGGGGAAAAA,0,2454339
mhpRp1,0.047619047619047616,20,20,TGTATTGCTCAAGGAAGTGA,0,2439325
mhpRp1,0.047619047619047616,20,20,TGGTTCGATAGAACCTGTAT,0,2431235
mhpRp1,0.047619047619047616,20,20,TGGTCGGCCCCTGCTCCTCA,0,2456855
mhpRp1,0.047619047619047616,20,20,TGCTTGTTGGCCTGTATCCA,0,2474931
mhpRp1,0.047619047619047616,20,20,TGCAGAGATATGCTTGAGAG,0,2445468
mhpRp1,0.047619047619047616,20,20,TGACAGAGCTCTCTGACGCA,0,2470396
mhpRp1,0.047619047619047616,20,20,TCTTTTTCATTTAGGGTTTG,0,2459696
mhpRp1,0.047619047619047616,20,20,TCTTACAGAATGTAGGCCGT,0,2429383
mhpRp1,0.047619047619047616,20,20,TCGAATGCACGGACTACATT,0,2462548
mhpRp1,0.047619047619047616,20,20,TCCCCGCCCGTTGCAGTCTG,0,2433630
mhpRp1,0.047619047619047616,20,20,TAGCTCAACCCGGCAGGGAC,0,2454297
mhpRp1,0.047619047619047616,20,20,TACTTTGATCTACGCGTGAC,0,2474949
mhpRp1,0.047619047619047616,20,20,TACGGTTACTCGCCGGATCT,0,2436237
mhpRp1,0.047619047619047616,20,20,TACCGAAGACTTACCGTGTA,0,2447852
mhpRp1,0.047619047619047616,20,20,TACATCTAGCCTCACGGTAA,0,2476374
mhpRp1,0.047619047619047616,20,20,GTTCCCAGTGTGGGATCGTA,0,2469973
mhpRp1,0.047619047619047616,20,20,GTTCCAATCGAAGGATGTGA,0,2425979
mhpRp1,0.047619047619047616,20,20,GTCTAAAGGTTGATATTTTA,0,2453874
mhpRp1,0.047619047619047616,20,20,GGTGGCCTGATATTGTTCGA,0,2451517
mhpRp1,0.047619047619047616,20,20,GGGTGACTAGGGAGCCGAAG,0,2444232
mhpRp1,0.047619047619047616,20,20,GGCTTTCGGATACTCATGGT,0,2463936
mhpRp1,0.047619047619047616,20,20,GGCTTAACATAAGAGTGGTG,0,2442890
mhpRp1,0.047619047619047616,20,20,GGCCAGTTGGAGTTAAGTAC,0,2437571
mhpRp1,0.047619047619047616,20,20,GGCACAAGACATTTAACCAC,0,2463057
mhpRp1,0.047619047619047616,20,20,GGATTACAAGTCGTTTCGGT,0,2437666
mhpRp1,0.047619047619047616,20,20,GGAACACACTAGCCTGATTT,0,2464960
mhpRp1,0.047619047619047616,20,20,GCTGTGCCATATTGCGCCAA,0,2468410
mhpRp1,0.047619047619047616,20,20,GCTACTCTCCACGGCCCCCG,0,2454112
mhpRp1,0.047619047619047616,20,20,GCGAGCCGTCGTACGAGAAC,0,2435806
mhpRp1,0.047619047619047616,20,20,GATTCATGCGATCTGGTTCA,0,2463715
mhpRp1,0.047619047619047616,20,20,GATGCTATCTAAACCATGGT,0,2457327
mhpRp1,0.047619047619047616,20,20,GAGGGGAGTAGTTTGCGTCA,0,2463521
mhpRp1,0.047619047619047616,20,20,GAAATTGAACCGCTTAGCAT,0,2434071
mhpRp1,0.047619047619047616,20,20,CTCTCAACGCGGAAACTGGA,0,2433731
mhpRp1,0.047619047619047616,20,20,CTCCGATATGGGAAGATCTA,0,2452349
mhpRp1,0.047619047619047616,20,20,CGTTGAGCAGATCGAGCTGG,0,2469122
mhpRp1,0.047619047619047616,20,20,CGGTGGTGGGGTAGCTGTGG,0,2458654
mhpRp1,0.047619047619047616,20,20,CGGCTTTTACTGTTGGGCTA,0,2446592
mhpRp1,0.047619047619047616,20,20,CGCTGAGCGTTGTGTTCTGT,0,2476552
mhpRp1,0.047619047619047616,20,20,CGCACCTCTGGATAGATCGA,0,2462251
mhpRp1,0.047619047619047616,20,20,CGATGTATATGCAGGCTCCT,0,2429300
mhpRp1,0.047619047619047616,20,20,CCGCGATTATTCAAGCAAGG,0,2469019
mhpRp1,0.047619047619047616,20,20,CCGATCGGACCCTTTGTGAT,0,2442158
mhpRp1,0.047619047619047616,20,20,CCCTGTGAGTGTGTACCTAT,0,2440430
mhpRp1,0.047619047619047616,20,20,CCCTGGAAGCTGATAACTCA,0,2430709
mhpRp1,0.047619047619047616,20,20,CCCCCACCCGGTTCAGGCTG,0,2426085
mhpRp1,0.047619047619047616,20,20,CCATGGAACAATGTGAGTAT,0,2439475
mhpRp1,0.047619047619047616,20,20,CCAATTTGCACACTCGAGAT,0,2436197
mhpRp1,0.047619047619047616,20,20,CATTATGTCAAGTGGCGTGA,0,2445160
mhpRp1,0.047619047619047616,20,20,CATGGATCGTACAGGAACAT,0,2424262
mhpRp1,0.047619047619047616,20,20,CATACGGCGTGAGGTCTAAT,0,2451264
mhpRp1,0.047619047619047616,20,20,CACCGCGCCATCCAATTGGC,0,2469833
mhpRp1,0.047619047619047616,20,20,CAAGGAGGAAGCTTGCGTCC,0,2464624
mhpRp1,0.047619047619047616,20,20,ATTTGGTTGGCTGGTACATG,0,2444561
mhpRp1,0.047619047619047616,20,20,ATGGAAATGGTCGCCGCGAA,0,2469757
mhpRp1,0.047619047619047616,20,20,ATACATCTTACCCTTGGGTC,0,2475892
mhpRp1,0.047619047619047616,20,20,AGTAAATTAATCTAAGCCCT,0,2465067
mhpRp1,0.047619047619047616,20,20,AGGGCGTCCGTAAACTCATG,0,2465934
mhpRp1,0.047619047619047616,20,20,AGCTGTGGGTGCAAGCACAT,0,2428841
mhpRp1,0.047619047619047616,20,20,AGCGCCATGGTAGCTAGGGG,0,2459574
mhpRp1,0.047619047619047616,20,20,AGCCAGATCCGAGTAACGGG,0,2430087
mhpRp1,0.047619047619047616,20,20,AGCATCCATCGTGCCACAAG,0,2449344
mhpRp1,0.047619047619047616,20,20,AGAGCAGCTTTACGACGACC,0,2456691
mhpRp1,0.047619047619047616,20,20,ACTCGGGGACTTCCTAACAA,0,2447834
mhpRp1,0.047619047619047616,20,20,ACCCAGTCGGCGATGGCCAC,0,2475604
mhpRp1,0.047619047619047616,20,20,AATGTACTCTATTCAAGAGT,0,2461933
mhpRp1,0.047619047619047616,20,20,AATCATCCTCTGGCGGCCCG,0,2429740
mhpRp1,0.047619047619047616,20,20,AAGAGCACTTGTCCTGCTTT,0,2444463
mhpRp1,0.047619047619047616,20,20,AACTCCCCGTCAGTACCGGT,0,2466854
mhpRp1,0.05,19,19,TTTTTAAAGTGTTTGAAGGG,0,2445769
mhpRp1,0.05,19,19,TTTTGCCATAAGAGTCAGGA,0,2478174
mhpRp1,0.05,19,19,TTTCAACAGATCCAAGTCTA,0,2427279
mhpRp1,0.05,19,19,TTGAATTTCTGTCCTATGAT,0,2427202
mhpRp1,0.05,19,19,TTCCGATGTTCTTCGGCTCA,0,2432808
mhpRp1,0.05,19,19,TTCCAGGGAAGAGGATGCCG,0,2471053
mhpRp1,0.05,19,19,TGTTAATATCCGCCCCGATA,0,2445173
mhpRp1,0.05,19,19,TGTGTCTTATGGCGTGTGTT,0,2426908
mhpRp1,0.05,19,19,TGTCTTATTCTTATTGGACT,0,2446083
mhpRp1,0.05,19,19,TGGAGTTGACGACCGGGCGT,0,2435925
mhpRp1,0.05,19,19,TGCTCATTGGACGGTACGGT,0,2435883
mhpRp1,0.05,19,19,TGCGATATGTATTTATGGCA,0,2442917
mhpRp1,0.05,19,19,TGATGTATTTGCGGAAGTAC,0,2426434
mhpRp1,0.05,19,19,TGAGTCTACTACGCGTCCAG,0,2455332
mhpRp1,0.05,19,19,TGAGGAAGTATTGTAGCCCA,0,2439131
mhpRp1,0.05,19,19,TGACCATAGGGCCAAGGGCT,0,2460172
mhpRp1,0.05,19,19,TCTAATAATTCATTGATCGT,0,2429634
mhpRp1,0.05,19,19,TCCGATATACCTTGGTTTGT,0,2443700
mhpRp1,0.05,19,19,TATTTGCACAAGCTTAAGCG,0,2426267
mhpRp1,0.05,19,19,TATCTTACGATTCGCTCGGT,0,2447605
mhpRp1,0.05,19,19,TACTTTACACACCGGACAAC,0,2426065
mhpRp1,0.05,19,19,TAACTTGAATGAAACCGGAT,0,2434796
mhpRp1,0.05,19,19,TAAATATGACAAAGGGGAAA,0,2424715
mhpRp1,0.05,19,19,GTTTCGCGCAAGAGGGGTAT,0,2474404
mhpRp1,0.05,19,19,GTTGCTTCGGCTACTCCACT,0,2429001
mhpRp1,0.05,19,19,GTGCGCTTGTGCAAGAGCGA,0,2477130
mhpRp1,0.05,19,19,GTAGTAAGGTTACGCACCCC,0,2443081
mhpRp1,0.05,19,19,GTAAGTCCGCGGCGGTTGTG,0,2448649
mhpRp1,0.05,19,19,GGTGCTTCTCAACTCACCAC,0,2429860
mhpRp1,0.05,19,19,GGTACTGATTAACGTACTCT,0,2433894
mhpRp1,0.05,19,19,GGGGGGTGTGACCCGTAGCA,0,2452148
mhpRp1,0.05,19,19,GGGATACAGGCCCATGTGGT,0,2461479
mhpRp1,0.05,19,19,GGCCATGAAGAAGACGTCAA,0,2427032
mhpRp1,0.05,19,19,GGCATGCCGAAATGGGTCAC,0,2472692
mhpRp1,0.05,19,19,GGCACAGCGATGCAAGGCCA,0,2445171
mhpRp1,0.05,19,19,GGAGTAGGATAGTATTGTAC,0,2452931
mhpRp1,0.05,19,19,GGACGCTGTTCGCTTTGTAG,0,2427387
mhpRp1,0.05,19,19,GCGGTACTTTTAAGGATGAA,0,2475164
mhpRp1,0.05,19,19,GCCAACTGAGTGACCCGGGA,0,2437575
mhpRp1,0.05,19,19,GCACAAAGAGCACGTCATCA,0,2458772
mhpRp1,0.05,19,19,GATTGCTCCAACCGGATTTG,0,2470246
mhpRp1,0.05,19,19,GATTACGGACACGGGATGGT,0,2453633
mhpRp1,0.05,19,19,GATGGTGACAGACGTATTTC,0,2446696
mhpRp1,0.05,19,19,GATCGCACCGTTCGCTCTGT,0,2472025
mhpRp1,0.05,19,19,GATCAGTCCGGGTCTGTCAT,0,2455978
mhpRp1,0.05,19,19,GAGAATAATCGAGCGTGACC,0,2436610
mhpRp1,0.05,19,19,GACATTATAGTCGATGCAGT,0,2451756
mhpRp1,0.05,19,19,GAATTTTCGCACTCTTCTGT,0,2478018
mhpRp1,0.05,19,19,GAATCATCGAGCAGTAATGG,0,2467902
mhpRp1,0.05,19,19,CTTCTACACGCCCAACAAGT,0,2472125
mhpRp1,0.05,19,19,CTGTACGTCAACTGTATTCC,0,2424907
mhpRp1,0.05,19,19,CTCAGGCCAGGTTTGACAAC,0,2431912
mhpRp1,0.05,19,19,CTACTGCACAGACAATATCC,0,2432389
mhpRp1,0.05,19,19,CGTGTTCTGACTGAAAGACG,0,2436549
mhpRp1,0.05,19,19,CGTGATTGGCTGAATGGAAG,0,2447033
mhpRp1,0.05,19,19,CGTGAGCAAGTGTTGTACGA,0,2425266
mhpRp1,0.05,19,19,CGTCTAGTAAGGCACCCGGG,0,2461339
mhpRp1,0.05,19,19,CGTCTAATTACAACAGTATA,0,2474009
mhpRp1,0.05,19,19,CGTCGGAATATTAATAAAGT,0,2463423
mhpRp1,0.05,19,19,CGGCTGATTAAGTTCATTAA,0,2462424
mhpRp1,0.05,19,19,CGGATTTATCTTGTATTCAG,0,2437431
mhpRp1,0.05,19,19,CGGATGCGGACGAAGCTTTT,0,2435223
mhpRp1,0.05,19,19,CGGATGCGCGGTTTGACGGC,0,2436105
mhpRp1,0.05,19,19,CGCAATTCTTCCCCATCCTG,0,2461077
mhpRp1,0.05,19,19,CGATTTCAGGTCCTCATGGA,0,2467352
mhpRp1,0.05,19,19,CCCTCTCATGACGGTATTCA,0,2459936
mhpRp1,0.05,19,19,CCCGGAATCTTCATCCCGCT,0,2461264
mhpRp1,0.05,19,19,CCAGTCGGTCTCAATGCGTG,0,2472515
mhpRp1,0.05,19,19,CCACGATCCGAAGTTCATTA,0,2436428
mhpRp1,0.05,19,19,CCACCGGGCAACGCTAATCC,0,2428932
mhpRp1,0.05,19,19,CATCGTTTCATCGAAACCAG,0,2423771
mhpRp1,0.05,19,19,CACTGTTGTTTGGATTTGAG,0,2430355
mhpRp1,0.05,19,19,CACTAACGTTAGGCCAGATG,0,2450505
mhpRp1,0.05,19,19,CACGATTTTGTTCCGGTGAT,0,2469146
mhpRp1,0.05,19,19,CACCAATACTATTGACTCTT,0,2463520
mhpRp1,0.05,19,19,ATTTCTTATATCACTTGATA,0,2428998
mhpRp1,0.05,19,19,ATCCCTACCTGTCCTAACAT,0,2471372
mhpRp1,0.05,19,19,ATCCCCCGAGTTTCGAAAGA,0,2428127
mhpRp1,0.05,19,19,ATCAAGTGGCATCGGCAGCT,0,2428889
mhpRp1,0.05,19,19,ATAGGTTCCCTTCAAAGGAG,0,2467908
mhpRp1,0.05,19,19,ATAGGATTGCGCGCGGGCTG,0,2434299
mhpRp1,0.05,19,19,AGTTCGAAAACGATAAGGCC,0,2425794
mhpRp1,0.05,19,19,AGTAAGGATTCTATCACCAG,0,2464780
mhpRp1,0.05,19,19,AGGAATACTACTATGCGGAT,0,2445516
mhpRp1,0.05,19,19,AGCAAGGACGTCCTTTGTTC,0,2467066
mhpRp1,0.05,19,19,AGATACCAGGTTTGGCTTGA,0,2464842
mhpRp1,0.05,19,19,ACTTTAGAGCGGCCGTTAAA,0,2438214
mhpRp1,0.05,19,19,ACTCCTTTCAGGTAAAAAAT,0,2444598
mhpRp1,0.05,19,19,ACGGCATCACTCTTGTTGGC,0,2469475
mhpRp1,0.05,19,19,ACGCTAGCTACCTGATGCAG,0,2437664
mhpRp1,0.05,19,19,ACGAGCGTGGGGCAGACAAT,0,2448469
mhpRp1,0.05,19,19,ACATAGAGAAGTAAGCGTGA,0,2443661
mhpRp1,0.05,19,19,AATTATGCCGGTTTCAACTC,0,2444404
mhpRp1,0.05,19,19,AATCCTGGGAATTTTTTATT,0,2440181
mhpRp1,0.05,19,19,AACGGAGACCCACCATGTAA,0,2436552
mhpRp1,0.05263157894736842,18,18,TTTTTACTTAAGACAACAAT,0,2440912
mhpRp1,0.05263157894736842,18,18,TTTCTTCCGATGATGATTAA,0,2433248
mhpRp1,0.05263157894736842,18,18,TTTACTTTATGTATGTTTGT,0,2439347
mhpRp1,0.05263157894736842,18,18,TTGCCCGAGTCTACAACAAA,0,2451016
mhpRp1,0.05263157894736842,18,18,TTCTAAAATAGAAACGCCAC,0,2437521
mhpRp1,0.05263157894736842,18,18,TTATCGCGCTAGTAAAGTCA,0,2455825
mhpRp1,0.05263157894736842,18,18,TTAGTGTCTACTTCAATTTC,0,2468626
mhpRp1,0.05263157894736842,18,18,TGCGGTATATTCGCCTTACA,0,2454337
mhpRp1,0.05263157894736842,18,18,TGATCGCAATCAGTATGCTT,0,2442331
mhpRp1,0.05263157894736842,18,18,TGATAGCGGGGAGCAGTTTT,0,2438759
mhpRp1,0.05263157894736842,18,18,TGAACAGAATGCCCTGGAGC,0,2451527
mhpRp1,0.05263157894736842,18,18,TCTTGCTTATTTTCTATCGC,0,2446085
mhpRp1,0.05263157894736842,18,18,TCGACGCTAAGGTACGGCTA,0,2429999
mhpRp1,0.05263157894736842,18,18,TCGAATGCGCTGCAAATCCA,0,2459721
mhpRp1,0.05263157894736842,18,18,TCCGGTGATCACTTAGCTCG,0,2470485
mhpRp1,0.05263157894736842,18,18,TCCAACCGGGCTGGGTTTGT,0,2427803
mhpRp1,0.05263157894736842,18,18,TATGACTAAAACTCCAGGGA,0,2471602
mhpRp1,0.05263157894736842,18,18,TACCGCTACACGCGGGAGTG,0,2460367
mhpRp1,0.05263157894736842,18,18,TACCCTTTATATATGTGGAA,0,2459122
mhpRp1,0.05263157894736842,18,18,TACATGGCGTAACGCCGGTT,0,2448307
mhpRp1,0.05263157894736842,18,18,TAATTTCACCAACTCTAAGT,0,2449722
mhpRp1,0.05263157894736842,18,18,TAAATAGTCAGATATCCCCA,0,2438611
mhpRp1,0.05263157894736842,18,18,GTTTTGGGGGTTGAAGTAGT,0,2477102
mhpRp1,0.05263157894736842,18,18,GTTCACAATCATGAGAAAAT,0,2428754
mhpRp1,0.05263157894736842,18,18,GTTAGTCTCCTTATAGTTAA,0,2438769
mhpRp1,0.05263157894736842,18,18,GTGTTGATGCAAGGGGTTAA,0,2465070
mhpRp1,0.05263157894736842,18,18,GTGTATCCATAGTATAGTTG,0,2463403
mhpRp1,0.05263157894736842,18,18,GTGGTGCGTCGGGTTCGGCA,0,2440287
mhpRp1,0.05263157894736842,18,18,GTGGTCGATTGCCTGCCTAT,0,2455527
mhpRp1,0.05263157894736842,18,18,GTGCATCGGAGCTGATAGAT,0,2451564
mhpRp1,0.05263157894736842,18,18,GTACTTGAGAAGCGAGTTAT,0,2464408
mhpRp1,0.05263157894736842,18,18,GGGTGAATTCCTTTGGAAGT,0,2428510
mhpRp1,0.05263157894736842,18,18,GGGTCGAAAACCGCGGCGCT,0,2427821
mhpRp1,0.05263157894736842,18,18,GGGAGCCAGATAAGATTCGG,0,2457602
mhpRp1,0.05263157894736842,18,18,GGCCCCCCTAAAAAGGGTAC,0,2438021
mhpRp1,0.05263157894736842,18,18,GGCACACTGGCTTTTGAACA,0,2461936
mhpRp1,0.05263157894736842,18,18,GGAAGCTGATTCGGGAGTAG,0,2475249
mhpRp1,0.05263157894736842,18,18,GCTGCGTCTACCGGCATCCA,0,2445938
mhpRp1,0.05263157894736842,18,18,GCTCAGTTCAGCTAGAGGCA,0,2449630
mhpRp1,0.05263157894736842,18,18,GCGCCGGCTTATGCGGAAGG,0,2444930
mhpRp1,0.05263157894736842,18,18,GCCTTTATTCCGTGCGACGC,0,2478705
mhpRp1,0.05263157894736842,18,18,GCCCAGGTCGGGGATAGAGG,0,2427430
mhpRp1,0.05263157894736842,18,18,GATTGGAGGGACAGCGTGAT,0,2442264
mhpRp1,0.05263157894736842,18,18,GAGTTTATTACGGTGCGATT,0,2458173
mhpRp1,0.05263157894736842,18,18,GAGGGATCTCTCCGTGGAAC,0,2428059
mhpRp1,0.05263157894736842,18,18,GACGAAATGCTTGGTAAGCA,0,2441672
mhpRp1,0.05263157894736842,18,18,CTTAGTAAGCCCTACGTAGG,0,2458303
mhpRp1,0.05263157894736842,18,18,CTGGTCCGAGTCATAGGTTG,0,2462366
mhpRp1,0.05263157894736842,18,18,CTGATTTCCACTAACAGCGG,0,2427428
mhpRp1,0.05263157894736842,18,18,CTGAGTAGCGCTTGCCAATA,0,2439063
mhpRp1,0.05263157894736842,18,18,CTCTAGTTGACCTTGGGGTA,0,2453837
mhpRp1,0.05263157894736842,18,18,CTCGAGCAGCTACCGTGGAA,0,2454757
mhpRp1,0.05263157894736842,18,18,CTCAAAGCTCGCTCCATGCG,0,2437386
mhpRp1,0.05263157894736842,18,18,CTATAAGTAGGGAGGTGTAG,0,2452341
mhpRp1,0.05263157894736842,18,18,CTACGGGAAGCGGTCCCGAT,0,2425943
mhpRp1,0.05263157894736842,18,18,CGTCGGATTTTTCACGGGCT,0,2430092
mhpRp1,0.05263157894736842,18,18,CGCCCCCCTCTTTCAGCCCA,0,2432279
mhpRp1,0.05263157894736842,18,18,CGCCAAAGGAGCACAGGTTC,0,2441244
mhpRp1,0.05263157894736842,18,18,CGAGTCAAGATCCCCAGCAA,0,2476421
mhpRp1,0.05263157894736842,18,18,CCGTTCTTACGCTTGTGTGC,0,2476624
mhpRp1,0.05263157894736842,18,18,CCGGGATCTCGGCATCTATA,0,2444217
mhpRp1,0.05263157894736842,18,18,CCGAGCTTTCTGTCCTGCGC,0,2434218
mhpRp1,0.05263157894736842,18,18,CCCTTTGGTTGAAAGTGTTC,0,2468743
mhpRp1,0.05263157894736842,18,18,CCCTGCGTTCTATAATGATT,0,2440713
mhpRp1,0.05263157894736842,18,18,CCCAGAAATGACAAGACCGT,0,2444153
mhpRp1,0.05263157894736842,18,18,CCAGGGGTTGGATTTATTCG,0,2460100
mhpRp1,0.05263157894736842,18,18,CCACGGTACCTCGAGGCACG,0,2441831
mhpRp1,0.05263157894736842,18,18,CATTTGCGTCCACCTTGCTC,0,2473020
mhpRp1,0.05263157894736842,18,18,CAGCAGCAAGAGCTTCGAAA,0,2427908
mhpRp1,0.05263157894736842,18,18,CAGAGAGCAACAAGTGGAGG,0,2457039
mhpRp1,0.05263157894736842,18,18,CACGGGTGCTATGCAAACTG,0,2432427
mhpRp1,0.05263157894736842,18,18,CACAGGGCAGGCCGCCAACT,0,2456211
mhpRp1,0.05263157894736842,18,18,CAAGGGTTAGAAGCCTCGGA,0,2457615
mhpRp1,0.05263157894736842,18,18,ATTCTCGAAGGAAATATCGC,0,2438255
mhpRp1,0.05263157894736842,18,18,ATGGCGTTGATCGGACGAGA,0,2426834
mhpRp1,0.05263157894736842,18,18,ATGAAAACAAGATGCACTGA,0,2444694
mhpRp1,0.05263157894736842,18,18,ATCTGGAAGCATGTTAGGGT,0,2451798
mhpRp1,0.05263157894736842,18,18,ATCTATGAACCCCAGCCGTA,0,2444142
mhpRp1,0.05263157894736842,18,18,ATACCTTTCAGTGGCCTGTA,0,2476298
mhpRp1,0.05263157894736842,18,18,AGTACTTGCAGAATTTGAAA,0,2445705
mhpRp1,0.05263157894736842,18,18,AGGGCATTACACATCACCTT,0,2426790
mhpRp1,0.05263157894736842,18,18,AGGCCTTCGGTTGTAGTTGA,0,2434700
mhpRp1,0.05263157894736842,18,18,AGAGGTTGTAGGAGTGATGG,0,2466358
mhpRp1,0.05263157894736842,18,18,ACCTTGAACTGAACCTTATG,0,2449476
mhpRp1,0.05263157894736842,18,18,ACCACGCATGAGCATAGGAT,0,2474264
mhpRp1,0.05263157894736842,18,18,ACATCCCACAAGATTGCTAG,0,2432377
mhpRp1,0.05263157894736842,18,18,ACAGGTACCGGAGTCACATT,0,2449667
mhpRp1,0.05263157894736842,18,18,AATTTAGACGCTTTTACAGG,0,2475567
mhpRp1,0.05263157894736842,18,18,AATGGCTTCGCGAGCCGTGG,0,2424981
mhpRp1,0.05263157894736842,18,18,AAGGTTAACCACGGGGGAAT,0,2425470
mhpRp1,0.05263157894736842,18,18,AAGGTCCGCTGAACCAAAGC,0,2450131
mhpRp1,0.05263157894736842,18,18,AACTATATCCGGTCAGGGCT,0,2426986
mhpRp1,0.05263157894736842,18,18,AAATCAAGCATATCATCCAG,0,2468451
mhpRp1,0.05263157894736842,18,18,AAATACCCATACGCGACTTC,0,2433439
mhpRp1,0.05263157894736842,18,18,AAACGTCATAGGTTGGTTGT,0,2464482
mhpRp1,0.05555555555555555,17,17,TTTTGGCAGGAAATAGTCAC,0,2450253
mhpRp1,0.05555555555555555,17,17,TTTGGAGTACGTATACGTTC,0,2442068
mhpRp1,0.05555555555555555,17,17,TTTAGAAAAATGATTACAGA,0,2438642
mhpRp1,0.05555555555555555,17,17,TTGTAACATTCAGGTGGACA,0,2431681
mhpRp1,0.05555555555555555,17,17,TTGGGATCGAGCGTGCATCA,0,2431889
mhpRp1,0.05555555555555555,17,17,TTCGGGTTAATTACTTCGGA,0,2459536
mhpRp1,0.05555555555555555,17,17,TTCCGTAGATCCTAAGGGAC,0,2439885
mhpRp1,0.05555555555555555,17,17,TTCCATATGAAAACCGTGAA,0,2444848
mhpRp1,0.05555555555555555,17,17,TTATCCTCACGGGTCACTTG,0,2475934
mhpRp1,0.05555555555555555,17,17,TTATACGGAGAAAACGGCCA,0,2428383
mhpRp1,0.05555555555555555,17,17,TTACGTTGTTACTCACCTCG,0,2450796
mhpRp1,0.05555555555555555,17,17,TTACGAACATTGAGTGAAGG,0,2438418
mhpRp1,0.05555555555555555,17,17,TGTAGAAATTAGATAATAAT,0,2444951
mhpRp1,0.05555555555555555,17,17,TGGGTATGAGGGTGTGCTGA,0,2471693
mhpRp1,0.05555555555555555,17,17,TGGGAGCATCATCTCGCCGG,0,2458625
mhpRp1,0.05555555555555555,17,17,TGGATGGACCATACGCCAAA,0,2437900
mhpRp1,0.05555555555555555,17,17,TGCTTCTTGACGCGTTACGA,0,2466708
mhpRp1,0.05555555555555555,17,17,TGCGTCCGCACGAGATAACT,0,2456285
mhpRp1,0.05555555555555555,17,17,TGCCGGAGTTAGCTTTTACA,0,2470967
mhpRp1,0.05555555555555555,17,17,TGCACCGTTTAGCCTTTCGC,0,2461484
mhpRp1,0.05555555555555555,17,17,TCTTTATGGAGATCACGGGG,0,2452296
mhpRp1,0.05555555555555555,17,17,TCGTCGGTTCAGACGGTTAC,0,2451520
mhpRp1,0.05555555555555555,17,17,TCGCGTAAGAGCGCCCGATC,0,2436485
mhpRp1,0.05555555555555555,17,17,TCGCCGTCCCCCTTTTCAAA,0,2428389
mhpRp1,0.05555555555555555,17,17,TCCCGATCTCATCGCGACCA,0,2444106
mhpRp1,0.05555555555555555,17,17,TCCAAGTATCAGTAAACTCA,0,2459250
mhpRp1,0.05555555555555555,17,17,TCACCGTCCCTTCTTTTGTA,0,2468118
mhpRp1,0.05555555555555555,17,17,TCACCGAATTCTGTTGGGGA,0,2450094
mhpRp1,0.05555555555555555,17,17,TCAACAGCTTCGCCGGACTA,0,2460751
mhpRp1,0.05555555555555555,17,17,TATCAATAAGGATTTCATAT,0,2454115
mhpRp1,0.05555555555555555,17,17,TAGGACTCTATTCCGTTAAG,0,2476601
mhpRp1,0.05555555555555555,17,17,TAGAACCCCTATCGGCAGAT,0,2471274
mhpRp1,0.05555555555555555,17,17,TACGAGGACGAGCGGAAAGC,0,2448290
mhpRp1,0.05555555555555555,17,17,TAAGTCCTCGGGATTAGGAG,0,2458076
mhpRp1,0.05555555555555555,17,17,GTGTGAGCATTTTGTACGCC,0,2477561
mhpRp1,0.05555555555555555,17,17,GTGCGTCACGTTGCTAAGAA,0,2437014
mhpRp1,0.05555555555555555,17,17,GTGAACCTATACAGGGACCT,0,2455705
mhpRp1,0.05555555555555555,17,17,GTCGGCTTAGCGATACACAA,0,2427769
mhpRp1,0.05555555555555555,17,17,GTCGCTCTTACGCGGTCTAC,0,2458256
mhpRp1,0.05555555555555555,17,17,GTCCCGCTTGCCTGCTAAGC,0,2449158
mhpRp1,0.05555555555555555,17,17,GTACTGAGTGATGAAGATTG,0,2434554
mhpRp1,0.05555555555555555,17,17,GGTGCCAAATGGTCCCCGCA,0,2427097
mhpRp1,0.05555555555555555,17,17,GGGCTCCCAGCTTTTCGTAA,0,2424638
mhpRp1,0.05555555555555555,17,17,GGGAATCAGATCATTAGTAT,0,2473310
mhpRp1,0.05555555555555555,17,17,GGCCTCAACGGCGTACAAAA,0,2428011
mhpRp1,0.05555555555555555,17,17,GGCCGCTAGATACTGCTCGG,0,2443751
mhpRp1,0.05555555555555555,17,17,GGAGATCGTAATGCAGGGTA,0,2474881
mhpRp1,0.05555555555555555,17,17,GGAAATGTAACTCTTTCAGA,0,2465474
mhpRp1,0.05555555555555555,17,17,GCTTTATTCGGCGAGAGTTA,0,2448089
mhpRp1,0.05555555555555555,17,17,GCTCATTTTTGCTAAGCTTA,0,2458823
mhpRp1,0.05555555555555555,17,17,GCGCCTTTAAGTTAGTCGTA,0,2454405
mhpRp1,0.05555555555555555,17,17,GCGATCCTGAACCAGCAGGA,0,2470394
mhpRp1,0.05555555555555555,17,17,GCGAGCCTCCTATTCGTCAA,0,2469380
mhpRp1,0.05555555555555555,17,17,GCCTTAGAAGTAGCGATGGC,0,2444511
mhpRp1,0.05555555555555555,17,17,GCCCTCGTCCCTAGTGGAAA,0,2447013
mhpRp1,0.05555555555555555,17,17,GCACGACTCTGCTTCGCCTT,0,2468468
mhpRp1,0.05555555555555555,17,17,GAGGTAACGATACGTGGGAA,0,2466996
mhpRp1,0.05555555555555555,17,17,GAGGATTTACTGCAGTTGGA,0,2441486
mhpRp1,0.05555555555555555,17,17,GAGCGAGCAAAATTGTATTA,0,2456849
mhpRp1,0.05555555555555555,17,17,GAGACGGTGGACAGTAAGGG,0,2469663
mhpRp1,0.05555555555555555,17,17,GACGAATCGTTGTTTCAAAT,0,2445585
mhpRp1,0.05555555555555555,17,17,GAATTGATCGATGGAGTAGG,0,2443494
mhpRp1,0.05555555555555555,17,17,GAAAGGCACGTACGAATGAA,0,2460920
mhpRp1,0.05555555555555555,17,17,CTTGAAGACCTCTAGGTTTA,0,2468374
mhpRp1,0.05555555555555555,17,17,CTGCGCACATCGTCTTGGTT,0,2429356
mhpRp1,0.05555555555555555,17,17,CTACTTCCGAATACCTTGCA,0,2449999
mhpRp1,0.05555555555555555,17,17,CTACGCTCAAGGGCATTACG,0,2475586
mhpRp1,0.05555555555555555,17,17,CGTCTCTGTATCCCACCGAA,0,2476907
mhpRp1,0.05555555555555555,17,17,CGTACGTGCATTGGGTGCGC,0,2424284
mhpRp1,0.05555555555555555,17,17,CGGGCGGCTTACCAGATGCT,0,2429744
mhpRp1,0.05555555555555555,17,17,CGGCGCAAAGCTCGCGCTCC,0,2429942
mhpRp1,0.05555555555555555,17,17,CGGCCCACGCGAAGACGTGA,0,2467007
mhpRp1,0.05555555555555555,17,17,CGCGATTGTGTGTACCCGCT,0,2464115
mhpRp1,0.05555555555555555,17,17,CGCCATCCTCCTACAATCCT,0,2426495
mhpRp1,0.05555555555555555,17,17,CGAACCCTCCAGGGATCGAT,0,2439329
mhpRp1,0.05555555555555555,17,17,CCTTTGTCACAACAAACCGT,0,2450132
mhpRp1,0.05555555555555555,17,17,CCTATGAATTACGTACGAGA,0,2474073
mhpRp1,0.05555555555555555,17,17,CCTACTGACCCACATAGAGC,0,2467875
mhpRp1,0.05555555555555555,17,17,CCGTAGCAAAGCTGCCGGGG,0,2429970
mhpRp1,0.05555555555555555,17,17,CCGCTTTATTGTATACCGGA,0,2444758
mhpRp1,0.05555555555555555,17,17,CCGCCTGGTTTGTTAATTCT,0,2434966
mhpRp1,0.05555555555555555,17,17,CCGATCCGTCTATGTAAGAC,0,2478783
mhpRp1,0.05555555555555555,17,17,CCCTAGGTACCAGGTACGTT,0,2427010
mhpRp1,0.05555555555555555,17,17,CCCAGCGAGAAATGTCCGGT,0,2463884
mhpRp1,0.05555555555555555,17,17,CCATCAGTGTCATCAGGGTT,0,2445766
mhpRp1,0.05555555555555555,17,17,CCAAGGGGTTACACGAAACC,0,2449455
mhpRp1,0.05555555555555555,17,17,CCAACTGGGAGTTGCTGCGT,0,2453210
mhpRp1,0.05555555555555555,17,17,CATCTGCGTCCCTAGTAGCG,0,2440024
mhpRp1,0.05555555555555555,17,17,CAGGTGGTCAAAGACGAGTC,0,2438018
mhpRp1,0.05555555555555555,17,17,CAGGGGGACCACTACGGGTA,0,2467764
mhpRp1,0.05555555555555555,17,17,CAGGCGTTTTCCGGACCAAT,0,2455706
mhpRp1,0.05555555555555555,17,17,CAGAATTTCGCATGGATACA,0,2440561
mhpRp1,0.05555555555555555,17,17,CACTTAGTGTAGGGATTGCA,0,2472986
mhpRp1,0.05555555555555555,17,17,CACTCTGGACGATCCCATTG,0,2460750
mhpRp1,0.05555555555555555,17,17,CACGTGAGAACGGGATACGC,0,2424786
mhpRp1,0.05555555555555555,17,17,ATTGCGAATCAGACGGTACT,0,2427327
mhpRp1,0.05555555555555555,17,17,ATTCCTCGAGTACCTCAGAA,0,2447973
mhpRp1,0.05555555555555555,17,17,ATGTGTAGGAAAGCTCACTC,0,2458339
mhpRp1,0.05555555555555555,17,17,ATGAAAAGTGTCCGTTGCTT,0,2469830
mhpRp1,0.05555555555555555,17,17,ATCGCGGGTCCTACCGAATA,0,2443933
mhpRp1,0.05555555555555555,17,17,ATCAGACTGTGGTTTGAGTT,0,2478894
mhpRp1,0.05555555555555555,17,17,ATCAAAAGAGGGTTGGGGAT,0,2438278
mhpRp1,0.05555555555555555,17,17,ATATTCCCCCGCCCGTAATC,0,2432895
mhpRp1,0.05555555555555555,17,17,AGTACATATCAAGCATGATT,0,2437341
mhpRp1,0.05555555555555555,17,17,AGGTCTGATTAGAGGGTATT,0,2427055
mhpRp1,0.05555555555555555,17,17,AGCGTTGTTCCTGCATTTAA,0,2426650
mhpRp1,0.05555555555555555,17,17,ACGGGCAGGGCTTTGGGTGG,0,2471164
mhpRp1,0.05555555555555555,17,17,ACCACCCAACCCTATAGTGT,0,2423960
mhpRp1,0.05555555555555555,17,17,ACAGCTGAAGTAACATCCTG,0,2465071
mhpRp1,0.05555555555555555,17,17,ACAACAAAGTACATTAGATG,0,2430390
mhpRp1,0.05555555555555555,17,17,AAGGCCCAATTACTTGTAAT,0,2424955
mhpRp1,0.05555555555555555,17,17,AAGCTACGCATTGGGAGTCA,0,2466624
mhpRp1,0.05555555555555555,17,17,AAACGGGATGATAGCTCCAC,0,2476104
mhpRp1,0.05555555555555555,17,17,AAAAATTACAAGCCACGAAT,0,2433628
mhpRp1,0.058823529411764705,16,16,TTTGATCTACTTTACGGGAC,0,2429503
mhpRp1,0.058823529411764705,16,16,TTTCAATGTGAGTTATGTCC,0,2457836
mhpRp1,0.058823529411764705,16,16,TTGCTTCGGGTCTTCGTCAC,0,2430518
mhpRp1,0.058823529411764705,16,16,TTGCTATTTCCAGGCAATCG,0,2439387
mhpRp1,0.058823529411764705,16,16,TGTGCCCCCTCCGTAGGGGT,0,2472477
mhpRp1,0.058823529411764705,16,16,TGGTTGTACATGTCCCCGAG,0,2444395
mhpRp1,0.058823529411764705,16,16,TGGCCTGATACGTTGACTGG,0,2461391
mhpRp1,0.058823529411764705,16,16,TGGCCACTTAAAAGGGATCA,0,2457465
mhpRp1,0.058823529411764705,16,16,TGCACCACAAAGGAGTATTT,0,2434659
mhpRp1,0.058823529411764705,16,16,TGACGAGCTTGACCCCCAAT,0,2469335
mhpRp1,0.058823529411764705,16,16,TGACCTAAAGAGGCCGGGGT,0,2456346
mhpRp1,0.058823529411764705,16,16,TGAACAAGGGAACGGGTACA,0,2443671
mhpRp1,0.058823529411764705,16,16,TCTTACGTCTGCAGCAGTAA,0,2452393
mhpRp1,0.058823529411764705,16,16,TCGCGAGGAACGAGCAGCTT,0,2467918
mhpRp1,0.058823529411764705,16,16,TCCGCTTGATGGTTTCTAAT,0,2474554
mhpRp1,0.058823529411764705,16,16,TCCAGAAGACATGGTGACAC,0,2467098
mhpRp1,0.058823529411764705,16,16,TCAGGGACGTATTCTTGCGA,0,2439441
mhpRp1,0.058823529411764705,16,16,TCAGCACGCTTAGTCGCATC,0,2438515
mhpRp1,0.058823529411764705,16,16,TATTACGTCCGCTTACGACA,0,2442181
mhpRp1,0.058823529411764705,16,16,TATAGCCTTGGCACTTGCGT,0,2446191
mhpRp1,0.058823529411764705,16,16,TACTTCTTTGAGGCTCAGGC,0,2461616
mhpRp1,0.058823529411764705,16,16,TACTATTCGCTCTATCGAGT,0,2435195
mhpRp1,0.058823529411764705,16,16,TAATCAATGGTTTTTCTGCT,0,2442010
mhpRp1,0.058823529411764705,16,16,TAAGATCAGGGTCTAGCTCG,0,2429703
mhpRp1,0.058823529411764705,16,16,TAAGAGTCTTTAGCAACTGA,0,2470053
mhpRp1,0.058823529411764705,16,16,GTTGCGGCTCTACATAGGAT,0,2456197
mhpRp1,0.058823529411764705,16,16,GTTCTCGCGGGACTGAATGA,0,2470168
mhpRp1,0.058823529411764705,16,16,GTTCGGTGCTTATTGAGTGG,0,2446476
mhpRp1,0.058823529411764705,16,16,GTTATGCCAGTATGTCCGTC,0,2457493
mhpRp1,0.058823529411764705,16,16,GTGGAAGTCCGTTAAGGGTG,0,2454299
mhpRp1,0.058823529411764705,16,16,GTAACTTGATTATCAGGTCA,0,2445075
mhpRp1,0.058823529411764705,16,16,GGTTTAAACGCAGCGTTACT,0,2431817
mhpRp1,0.058823529411764705,16,16,GGTCTAGCGGAGGAGACCCA,0,2435599
mhpRp1,0.058823529411764705,16,16,GGTCGAGGGATGCGGAGGAT,0,2435355
mhpRp1,0.058823529411764705,16,16,GGTCAGGCGATCAACATCAT,0,2432326
mhpRp1,0.058823529411764705,16,16,GGTCAGCGTGAGAGAATATA,0,2429345
mhpRp1,0.058823529411764705,16,16,GGTAAGCGTTCGCTCGGAAT,0,2440786
mhpRp1,0.058823529411764705,16,16,GGGCTTCCCGGAATTCACGA,0,2443164
mhpRp1,0.058823529411764705,16,16,GGATTCTGAGCTAGGATTAA,0,2429259
mhpRp1,0.058823529411764705,16,16,GGACTGGAGAGGCCGATCTG,0,2453169
mhpRp1,0.058823529411764705,16,16,GGAATGATCATGCAACCCGT,0,2424249
mhpRp1,0.058823529411764705,16,16,GGAACCGACTTGCCTGGGGG,0,2463766
mhpRp1,0.058823529411764705,16,16,GCTTCCGTCCGTTCTGGCGT,0,2465132
mhpRp1,0.058823529411764705,16,16,GCTTATTTTACATTGGTCCA,0,2458156
mhpRp1,0.058823529411764705,16,16,GCTGCGCGCCTACAGGTCGT,0,2429667
mhpRp1,0.058823529411764705,16,16,GCTCTAAAAGCTTTTTGGAG,0,2430525
mhpRp1,0.058823529411764705,16,16,GCTCCGCTGACTTTCCGTCT,0,2468894
mhpRp1,0.058823529411764705,16,16,GCGTCATTAAATCCCTTCGT,0,2436710
mhpRp1,0.058823529411764705,16,16,GCCTGGTATGAACTCCATCC,0,2477670
mhpRp1,0.058823529411764705,16,16,GCCTGGGTGTCGCGACCTCT,0,2430674
mhpRp1,0.058823529411764705,16,16,GCCTATGGCACTGCACGTAG,0,2466253
mhpRp1,0.058823529411764705,16,16,GCCGGTCGGCGCAACAGCCA,0,2452987
mhpRp1,0.058823529411764705,16,16,GCCAGACCACGTCAAAAGGA,0,2468419
mhpRp1,0.058823529411764705,16,16,GCCACGGTATGTGGATACCG,0,2427027
mhpRp1,0.058823529411764705,16,16,GCAGTCTCCCGGCCGGAAGT,0,2454403
mhpRp1,0.058823529411764705,16,16,GCAGCGTGGGAGCGCCTAAA,0,2472416
mhpRp1,0.058823529411764705,16,16,GATCTTAGACTGTAGAACGA,0,2448743
mhpRp1,0.058823529411764705,16,16,GATAGTCTTGAAGCCGTTCG,0,2436203
mhpRp1,0.058823529411764705,16,16,GATACCAGTCCGCCCCATTA,0,2449121
mhpRp1,0.058823529411764705,16,16,GAGGCGCTAGAGTCGGGGGT,0,2433070
mhpRp1,0.058823529411764705,16,16,GAGACGACTTACACCGATCA,0,2449834
mhpRp1,0.058823529411764705,16,16,GAGAATCTACGCGATGCTTA,0,2430146
mhpRp1,0.058823529411764705,16,16,GAGAACAGACTTACTTGGAT,0,2457038
mhpRp1,0.058823529411764705,16,16,GACTAACCGGAGCTATGAGA,0,2437446
mhpRp1,0.058823529411764705,16,16,GACGGTATAGCTCGGTGGAA,0,2431300
mhpRp1,0.058823529411764705,16,16,GACGAATGAGGAAGTATTAG,0,2436051
mhpRp1,0.058823529411764705,16,16,GACACGCTACATGACGTAGT,0,2426680
mhpRp1,0.058823529411764705,16,16,GAAGGGCTAATCTCGTACCG,0,2472442
mhpRp1,0.058823529411764705,16,16,CTTTTGCTCGATTCGGGCGA,0,2446833
mhpRp1,0.058823529411764705,16,16,CTTTTGCGGTGTGAGTAATC,0,2462584
mhpRp1,0.058823529411764705,16,16,CTTATGTGGGGTGCTTCACC,0,2444029
mhpRp1,0.058823529411764705,16,16,CTTAGCCACAGAAGCCTTTG,0,2443263
mhpRp1,0.058823529411764705,16,16,CTTACGGAACCGCGGGACTT,0,2462720
mhpRp1,0.058823529411764705,16,16,CTTAAGTCAGGGGTAGGAGC,0,2474964
mhpRp1,0.058823529411764705,16,16,CTGTCTCTATAGGGAGGCTA,0,2446737
mhpRp1,0.058823529411764705,16,16,CTGAGTCGATGGCATTGTGG,0,2435697
mhpRp1,0.058823529411764705,16,16,CTCGATTTGAGGCAACCGGC,0,2427198
mhpRp1,0.058823529411764705,16,16,CTACCGTCTCTACTCCTAAG,0,2440902
mhpRp1,0.058823529411764705,16,16,CGGTTTATCCTTCAGGGGAC,0,2447884
mhpRp1,0.058823529411764705,16,16,CGCTCGTCAGAGCGACCATT,0,2469680
mhpRp1,0.058823529411764705,16,16,CGCCTGGACCACACATCTTC,0,2431550
mhpRp1,0.058823529411764705,16,16,CGAGGCCCGCGTTACAGGAT,0,2429839
mhpRp1,0.058823529411764705,16,16,CGAAACAACTCGCATGAAAC,0,2448223
mhpRp1,0.058823529411764705,16,16,CCTTTTATTTGACCATCATA,0,2434555
mhpRp1,0.058823529411764705,16,16,CCTTTTAAAATTCTGTGAAG,0,2441574
mhpRp1,0.058823529411764705,16,16,CCTTAGTATGGTAGGCGTCC,0,2429045
mhpRp1,0.058823529411764705,16,16,CCTGCGGGCCTAAGAAATTT,0,2452390
mhpRp1,0.058823529411764705,16,16,CCGGAATATCGGAGGGGTAA,0,2458074
mhpRp1,0.058823529411764705,16,16,CCGCGGGGAGTAATACAGCA,0,2433344
mhpRp1,0.058823529411764705,16,16,CCGAAAATGGTTCGATCTTG,0,2442333
mhpRp1,0.058823529411764705,16,16,CCCTCTACGGTGCTTACCTA,0,2444853
mhpRp1,0.058823529411764705,16,16,CATTGCTAGGTTCTTGTTGG,0,2469080
mhpRp1,0.058823529411764705,16,16,CATAGAAGTACGCTCTGAGG,0,2427516
mhpRp1,0.058823529411764705,16,16,CAGTCAATTTGTGAGAGAAA,0,2468240
mhpRp1,0.058823529411764705,16,16,CAGGGTATGATCTAGCTGAA,0,2447517
mhpRp1,0.058823529411764705,16,16,CAGGCGCTAATCGCTCGGAC,0,2426113
mhpRp1,0.058823529411764705,16,16,CACTCTCGCTCAGATTAACC,0,2434573
mhpRp1,0.058823529411764705,16,16,CACGTATTTAAACGGAATAC,0,2434890
mhpRp1,0.058823529411764705,16,16,CACCATCCTGGCCGTGTAAT,0,2441463
mhpRp1,0.058823529411764705,16,16,CACATTCCTACGCGTTGCTG,0,2454277
mhpRp1,0.058823529411764705,16,16,CAATGACTACCTGCGGCAAT,0,2463127
mhpRp1,0.058823529411764705,16,16,CAAGCGTACGATAACTGTTC,0,2438345
mhpRp1,0.058823529411764705,16,16,CAAATGCCGTTAATCCAGCC,0,2464149
mhpRp1,0.058823529411764705,16,16,CAAAATGCGAGATCCGTGAA,0,2436196
mhpRp1,0.058823529411764705,16,16,ATTTAGGTTCGTCAGATCCC,0,2465835
mhpRp1,0.058823529411764705,16,16,ATTAGCAAGAGTCTTAACAA,0,2433176
mhpRp1,0.058823529411764705,16,16,ATCGTACTAGCTTGACTTAA,0,2433226
mhpRp1,0.058823529411764705,16,16,ATCGAATTCGTGTCCTATAA,0,2425860
mhpRp1,0.058823529411764705,16,16,ATCATATCTTGCTCCTCGCT,0,2462728
mhpRp1,0.058823529411764705,16,16,ATATATCGGTTGCACTTCTT,0,2440684
mhpRp1,0.058823529411764705,16,16,ATAGTTTCCGGTCGCCGCGT,0,2454545
mhpRp1,0.058823529411764705,16,16,ATAGTCCTACTCGTAGACTA,0,2469388
mhpRp1,0.058823529411764705,16,16,ATAATTTTAAGGCGAGCAAC,0,2461241
mhpRp1,0.058823529411764705,16,16,AGGTCGGGTCGGTCAGACAA,0,2440238
mhpRp1,0.058823529411764705,16,16,AGGGTTCGCCGAACGGTTAT,0,2438331
mhpRp1,0.058823529411764705,16,16,AGAGCAAGGAACCAGACCTC,0,2436328
mhpRp1,0.058823529411764705,16,16,ACTGCCTACGCATGGTCTAC,0,2472735
mhpRp1,0.058823529411764705,16,16,ACGTTCTCAGCCACGAGCGT,0,2440781
mhpRp1,0.058823529411764705,16,16,ACGCCCCTGATATGGAACTT,0,2443114
mhpRp1,0.058823529411764705,16,16,ACCTTCAACTTGTTGTAGCT,0,2432367
mhpRp1,0.058823529411764705,16,16,ACCTGGTGTAATTTTGCCTC,0,2447765
mhpRp1,0.058823529411764705,16,16,ACCCTAATTGTCCCAGGAAA,0,2445035
mhpRp1,0.058823529411764705,16,16,ACCAAATGTTGGCTAGACCC,0,2447014
mhpRp1,0.058823529411764705,16,16,ACATTTCACCGCCTACGTTA,0,2460792
mhpRp1,0.058823529411764705,16,16,ACAATATCGGTTTTTTTCAC,0,2466808
mhpRp1,0.058823529411764705,16,16,AATTGGATAGGCTATCCATG,0,2452299
mhpRp1,0.058823529411764705,16,16,AAGGGCGCGCGGTATACGGC,0,2443280
mhpRp1,0.058823529411764705,16,16,AACACCGGTTTCACTTTAGG,0,2475437
mhpRp1,0.058823529411764705,16,16,AAATTGAGTGGGTCGGCTTT,0,2426724
mhpRp1,0.058823529411764705,16,16,AAAGCCAATAGCCGGTCTGT,0,2476525
mhpRp1,0.0625,15,15,TTTTTGTAACTCTGCATGCG,0,2450092
mhpRp1,0.0625,15,15,TTGTACGCCTCATGCAGGAA,0,2425295
mhpRp1,0.0625,15,15,TTGGGACGCGGAACGGCTTA,0,2455416
mhpRp1,0.0625,15,15,TTGCGGGTACCGATGCTGAT,0,2432711
mhpRp1,0.0625,15,15,TTATTCAGTTTAGTCGTCAT,0,2472586
mhpRp1,0.0625,15,15,TTAAACTATGATCTTTCATC,0,2459350
mhpRp1,0.0625,15,15,TGTTCACCTGCCACTTTGCC,0,2438912
mhpRp1,0.0625,15,15,TGTCCGAAGTTACCATGTCA,0,2432229
mhpRp1,0.0625,15,15,TGTCATACGAGGGCTGTTTT,0,2451018
mhpRp1,0.0625,15,15,TGTAGGCCTCATGCGTCAAT,0,2441053
mhpRp1,0.0625,15,15,TGTACGGATGGATTGCGTGT,0,2444376
mhpRp1,0.0625,15,15,TGGGGCTAGATGCCCCACGC,0,2470566
mhpRp1,0.0625,15,15,TGGGGAAGGAGGTTGTGTTT,0,2426904
mhpRp1,0.0625,15,15,TGGCAAAGATCCATCGGACT,0,2446621
mhpRp1,0.0625,15,15,TGGAACGCAGGAGTCCCTAG,0,2440132
mhpRp1,0.0625,15,15,TGCCGACGTAATACGGTCCA,0,2438583
mhpRp1,0.0625,15,15,TGCATATAGCCCATTGCGGA,0,2431809
mhpRp1,0.0625,15,15,TGAGCAGTAATCCGTGGCGC,0,2429036
mhpRp1,0.0625,15,15,TGAATCTCTATGTCTTAATC,0,2450578
mhpRp1,0.0625,15,15,TCGTTCTATAACGCTCGCGT,0,2448405
mhpRp1,0.0625,15,15,TCGCTGGCATTTGTCCGCTT,0,2442912
mhpRp1,0.0625,15,15,TCGATGTAGACACTGCACAC,0,2441533
mhpRp1,0.0625,15,15,TCCTAGAGGGGCCATTGCAA,0,2466046
mhpRp1,0.0625,15,15,TATTCAAACCTCAAGAGCAG,0,2472684
mhpRp1,0.0625,15,15,TAGCCTTGCACCAATGAACA,0,2423896
mhpRp1,0.0625,15,15,TACCAGTGTGAAATCATAGA,0,2457569
mhpRp1,0.0625,15,15,TACAGGGGCGACCGAGCGCA,0,2460001
mhpRp1,0.0625,15,15,TACAGAACGCCTCAGCGACA,0,2468201
mhpRp1,0.0625,15,15,GTTTCCTCTGGGAAGAACAG,0,2450786
mhpRp1,0.0625,15,15,GTTCAGGAGAGTGTGTGATA,0,2430283
mhpRp1,0.0625,15,15,GTGCTCACTTGTGCGCTGAA,0,2467298
mhpRp1,0.0625,15,15,GTGCATATATCTAAAGGTGT,0,2450440
mhpRp1,0.0625,15,15,GTATGAGGGACACCTAAGGG,0,2454013
mhpRp1,0.0625,15,15,GTAGTCCTCCGTCGTTAGTC,0,2464636
mhpRp1,0.0625,15,15,GTAGGGCTCGATGAGATCCC,0,2462044
mhpRp1,0.0625,15,15,GTAATAGGGCGCGGACAATC,0,2460747
mhpRp1,0.0625,15,15,GGTTGGTGCTTAGCTTTTCC,0,2473377
mhpRp1,0.0625,15,15,GGTTGCGCCACAGTGACGAA,0,2468649
mhpRp1,0.0625,15,15,GGTGTTCAAAGTACCACCTG,0,2426494
mhpRp1,0.0625,15,15,GGTGTAATCACCGGCTGCTG,0,2435075
mhpRp1,0.0625,15,15,GGTGGCCTCAGCGATACAGT,0,2476586
mhpRp1,0.0625,15,15,GGTAGGAGGGGGGTACGACT,0,2457715
mhpRp1,0.0625,15,15,GGTAGCACGCTCGGCCCCGC,0,2427920
mhpRp1,0.0625,15,15,GGTACTGGAGTCAAGCGCGC,0,2458420
mhpRp1,0.0625,15,15,GGGCTGAGGCTACGTGTACA,0,2462596
mhpRp1,0.0625,15,15,GGGCCATAGTAGTTTGCTGA,0,2434601
mhpRp1,0.0625,15,15,GGGCAGAGAGAAAGGTTACT,0,2479083
mhpRp1,0.0625,15,15,GGCTCAAGTGGGGGGTAATT,0,2464628
mhpRp1,0.0625,15,15,GGCTAATTCCTGTTTGAGAT,0,2439267
mhpRp1,0.0625,15,15,GGCGGCGAGGGAAGCTACCT,0,2435318
mhpRp1,0.0625,15,15,GGATGCGTACTCCTTGGTGA,0,2437725
mhpRp1,0.0625,15,15,GGAGTACTTGTCATCGATTT,0,2440465
mhpRp1,0.0625,15,15,GGAGATTGCGTCAATCATAC,0,2461930
mhpRp1,0.0625,15,15,GGACTACGCTTTACATGCTA,0,2448130
mhpRp1,0.0625,15,15,GCTTTTAGGTTACGTCTCCA,0,2435967
mhpRp1,0.0625,15,15,GCTGCGTGCCCGGGTTGATC,0,2445469
mhpRp1,0.0625,15,15,GCTGATGCATGCTGATGGGG,0,2427545
mhpRp1,0.0625,15,15,GCTCTGCGATGTTCGCATGG,0,2455462
mhpRp1,0.0625,15,15,GCTCACACCCTCGGGATCCA,0,2468018
mhpRp1,0.0625,15,15,GCGAAGGTGCTTTAGATACG,0,2435693
mhpRp1,0.0625,15,15,GCCCGGGTATCACCGTCATA,0,2435572
mhpRp1,0.0625,15,15,GCAGTAAGGGATTCAGGGAA,0,2456377
mhpRp1,0.0625,15,15,GATGTACTTCTGCCTTGGCA,0,2427472
mhpRp1,0.0625,15,15,GATGCATGAGCAGAAGTATG,0,2461279
mhpRp1,0.0625,15,15,GAGTCAAAACATATTGGACA,0,2436009
mhpRp1,0.0625,15,15,GAGGTAGCAGACTTTTTTGA,0,2425914
mhpRp1,0.0625,15,15,GAGAAGCGACAATAGTCCGT,0,2478391
mhpRp1,0.0625,15,15,GACATCACACGCGGGCAGCT,0,2457388
mhpRp1,0.0625,15,15,GACACAATGTATCAGGTTCA,0,2461198
mhpRp1,0.0625,15,15,GAAGGGCCGAATACCGCATA,0,2460157
mhpRp1,0.0625,15,15,GAACCTGGGCCTCGTATGGA,0,2460496
mhpRp1,0.0625,15,15,GAAATGCAACAGGAATGTCT,0,2461519
mhpRp1,0.0625,15,15,CTTCATCGGGTTAGGGGCAT,0,2459859
mhpRp1,0.0625,15,15,CTGGCAGACCATGTAATAGG,0,2466262
mhpRp1,0.0625,15,15,CTGGAGCGAAACTTTCAATC,0,2463958
mhpRp1,0.0625,15,15,CTGCGCTCGGCCGTCTATTT,0,2459331
mhpRp1,0.0625,15,15,CTGCCCACTACTTGCAAGGG,0,2459354
mhpRp1,0.0625,15,15,CTGATGTTCTAGTGCAAGAG,0,2443308
mhpRp1,0.0625,15,15,CTCGCTCCATGTGAACTCCG,0,2451187
mhpRp1,0.0625,15,15,CTCCATTCCGACCCCATTGA,0,2437640
mhpRp1,0.0625,15,15,CTATTATATCAGACGGATGG,0,2440115
mhpRp1,0.0625,15,15,CTACGTGAAGTTATCACTAG,0,2467405
mhpRp1,0.0625,15,15,CTAATCATCCGGAGCGTCCA,0,2448148
mhpRp1,0.0625,15,15,CGTGGCCCTGAAGGAGATGA,0,2439978
mhpRp1,0.0625,15,15,CGTCTGCCTTCATTTATAAT,0,2468516
mhpRp1,0.0625,15,15,CGTCACAACAAGGACCAAGA,0,2438782
mhpRp1,0.0625,15,15,CGTAGCACTTATCCAGCCAC,0,2460177
mhpRp1,0.0625,15,15,CGGGCAGTCGTACCCGGTTC,0,2470929
mhpRp1,0.0625,15,15,CGGATGAGAAGTCCTGTGGG,0,2445377
mhpRp1,0.0625,15,15,CGCTTCATTGCAGTGCCAAG,0,2439040
mhpRp1,0.0625,15,15,CGCTTACCCGGATGCATGAT,0,2466146
mhpRp1,0.0625,15,15,CGCTCTTGCCGGGGCCAAGG,0,2458121
mhpRp1,0.0625,15,15,CGCCTGACATGCTGCCCCGC,0,2452819
mhpRp1,0.0625,15,15,CGAGCGATGCCTTATTAGCA,0,2473066
mhpRp1,0.0625,15,15,CGACGGTACGCCTTTTCATT,0,2461431
mhpRp1,0.0625,15,15,CGAAAGAACAAAACAAATCC,0,2444847
mhpRp1,0.0625,15,15,CGAAACGAGACCAAATCCAC,0,2437580
mhpRp1,0.0625,15,15,CCTGCACAAATCCCCATTGT,0,2444200
mhpRp1,0.0625,15,15,CCTCAGGGATTGCGAGGTGT,0,2448360
mhpRp1,0.0625,15,15,CCTACAGTCTTGTAGGGCGT,0,2475394
mhpRp1,0.0625,15,15,CCTAACAAGTGTCATGGCTG,0,2448924
mhpRp1,0.0625,15,15,CCGCTTGTGTCTGGGCCTTG,0,2460858
mhpRp1,0.0625,15,15,CCCTTAAGACGGAATGTGGA,0,2478725
mhpRp1,0.0625,15,15,CCCGCTCCAGCATATTTAGG,0,2441091
mhpRp1,0.0625,15,15,CCCCTTTTGGTACAGTTCTC,0,2475585
mhpRp1,0.0625,15,15,CCATAGGCCTCGGGTTCTCC,0,2473567
mhpRp1,0.0625,15,15,CCACGTATGTGGACCCGATG,0,2474860
mhpRp1,0.0625,15,15,CCAAGGGATACGTGGGCGTT,0,2468293
mhpRp1,0.0625,15,15,CCAACTGTACCCTGTTAGTA,0,2453766
mhpRp1,0.0625,15,15,CATCAGGGATACCGTATCGG,0,2434687
mhpRp1,0.0625,15,15,CAGTCCCACATGGACAAGGA,0,2440346
mhpRp1,0.0625,15,15,CAGGCTCACGCGCTCGCACG,0,2452734
mhpRp1,0.0625,15,15,CACTTTAAAGTTCCGTCTGG,0,2471242
mhpRp1,0.0625,15,15,CACAGTTAATGAATGAGAGA,0,2455342
mhpRp1,0.0625,15,15,CACACTAAAACGGTAAGAGT,0,2450374
mhpRp1,0.0625,15,15,CACAAAAGGCGCCGCGGTGC,0,2472038
mhpRp1,0.0625,15,15,CAATGTAGGATTTTACCGCA,0,2432945
mhpRp1,0.0625,15,15,ATTTCCAGCCGGGATGCATA,0,2478520
mhpRp1,0.0625,15,15,ATTGGCGCATTGTTAGAGTG,0,2436429
mhpRp1,0.0625,15,15,ATTCCGCTGGTACTTTCCGA,0,2474356
mhpRp1,0.0625,15,15,ATGGGGCGTGTGCACGCCCT,0,2437634
mhpRp1,0.0625,15,15,ATGCATGTTACGTTGAATTC,0,2456665
mhpRp1,0.0625,15,15,ATGCAACATCGAGGCTTTCC,0,2455936
mhpRp1,0.0625,15,15,ATGAGGAACTGACGTGGCAG,0,2451316
mhpRp1,0.0625,15,15,ATCTGTTTCTTTATCAGTTT,0,2462889
mhpRp1,0.0625,15,15,ATCTAACTCCATAGCAGGGA,0,2441195
mhpRp1,0.0625,15,15,AGTTGTAAGAAGAGAGTATC,0,2428078
mhpRp1,0.0625,15,15,AGTTGACACCTTTGGTAAAA,0,2442296
mhpRp1,0.0625,15,15,AGTCCACTACCAGAGGATCT,0,2429253
mhpRp1,0.0625,15,15,AGGTAACTGTACTGGGAACT,0,2457151
mhpRp1,0.0625,15,15,AGGGCTCGAAGCTTTTACAG,0,2444108
mhpRp1,0.0625,15,15,AGGCACCTACTGACTTAGGT,0,2451469
mhpRp1,0.0625,15,15,AGCACACCTGGTTCCCGGGA,0,2458916
mhpRp1,0.0625,15,15,AGAGGATTACGTGATTGGCT,0,2432256
mhpRp1,0.0625,15,15,AGAAGGGAAAATTCAGTCTG,0,2434889
mhpRp1,0.0625,15,15,ACTTCGAGACGAGGGCGAGC,0,2427801
mhpRp1,0.0625,15,15,ACTTAGCGTTTTTTATGGGA,0,2467719
mhpRp1,0.0625,15,15,ACTCCATCCGGGCTCGTTAG,0,2435316
mhpRp1,0.0625,15,15,ACTCACGTGGAACCCATCCA,0,2459822
mhpRp1,0.0625,15,15,ACCTCACTTCGTGGGCGTTC,0,2452388
mhpRp1,0.0625,15,15,ACATTAAATCGTTTGACCCA,0,2442164
mhpRp1,0.0625,15,15,ACATCGTAGGGGGTCGCATT,0,2424270
mhpRp1,0.0625,15,15,ACAGCTGTCGATGAAACAAC,0,2461909
mhpRp1,0.0625,15,15,AATCCTAGAAAACCCGACAT,0,2476585
mhpRp1,0.0625,15,15,AATCACTATATCGGGCCACA,0,2455097
mhpRp1,0.0625,15,15,AATATCTGGCAGCGCGGGGA,0,2475290
mhpRp1,0.0625,15,15,AACTCTTGATGGGCGAACAA,0,2426367
mhpRp1,0.0625,15,15,AACCGTGGTGGGGGCGACAT,0,2466903
mhpRp1,0.0625,15,15,AACATAAACTGCGCTTTGTA,0,2473776
mhpRp1,0.0625,15,15,AAATAAGACGTGAGAATGAT,0,2432448
mhpRp1,0.0625,15,15,AAACGTGCCTTACCGTGTGA,0,2455466
mhpRp1,0.06666666666666667,14,14,TTTAGTAAATTTGTGGAGCA,0,2466429
mhpRp1,0.06666666666666667,14,14,TTTAATACCGTATTATAACA,0,2456259
mhpRp1,0.06666666666666667,14,14,TTGGCTTGAATATTCCATTT,0,2426391
mhpRp1,0.06666666666666667,14,14,TTGCGCGCGTGAGCCATTTA,0,2472801
mhpRp1,0.06666666666666667,14,14,TTCGCCTACATCGGTTTGAC,0,2443497
mhpRp1,0.06666666666666667,14,14,TTCGCACACTTAATATTGAT,0,2426044
mhpRp1,0.06666666666666667,14,14,TTCCCCGGAACAAAAAACGG,0,2444555
mhpRp1,0.06666666666666667,14,14,TTACCGGTACACGTATCAGA,0,2471983
mhpRp1,0.06666666666666667,14,14,TGTTCCCTGCCATAGCCTTG,0,2441497
mhpRp1,0.06666666666666667,14,14,TGTTCCCACCCAGATCCAGT,0,2429682
mhpRp1,0.06666666666666667,14,14,TGTTATCTGAAGCTGGGTTG,0,2436611
mhpRp1,0.06666666666666667,14,14,TGTGTCTCTTGGGTTTCGCA,0,2461832
mhpRp1,0.06666666666666667,14,14,TGTGTACTTCTTCGTGTAGT,0,2442618
mhpRp1,0.06666666666666667,14,14,TGTATTAAAGCAAATGGCGC,0,2423967
mhpRp1,0.06666666666666667,14,14,TGTAGATACCGATTTATGGG,0,2434613
mhpRp1,0.06666666666666667,14,14,TGGTATTGGCATAGGATCCC,0,2435360
mhpRp1,0.06666666666666667,14,14,TGGCGGTTCCGGAGGCAACT,0,2471019
mhpRp1,0.06666666666666667,14,14,TGGAACTTCCAAGACATCGG,0,2477466
mhpRp1,0.06666666666666667,14,14,TGCTGCCTCTTGTTACTGCA,0,2477838
mhpRp1,0.06666666666666667,14,14,TGCCCTATTTGCAGGCTATG,0,2440557
mhpRp1,0.06666666666666667,14,14,TGCAGTCTGGTTTATCGAGT,0,2459917
mhpRp1,0.06666666666666667,14,14,TGCAAGCCTGTGAGGGCTTA,0,2462499
mhpRp1,0.06666666666666667,14,14,TGACTAGCAAGGGTTCCAAT,0,2447299
mhpRp1,0.06666666666666667,14,14,TCGGCCAGCTGATTTCATGA,0,2446533
mhpRp1,0.06666666666666667,14,14,TCCGAATCGTTTCGCCCGTG,0,2444268
mhpRp1,0.06666666666666667,14,14,TCCCGCAAAGTCAGGCGGAA,0,2434277
mhpRp1,0.06666666666666667,14,14,TCATTGACTCATAAGAATAA,0,2424574
mhpRp1,0.06666666666666667,14,14,TCAGCGAGATCATGGCAGAT,0,2474239
mhpRp1,0.06666666666666667,14,14,TCACGTCGTGCATCTCATAG,0,2446706
mhpRp1,0.06666666666666667,14,14,TCACATATCAGCGAGTCGGT,0,2456147
mhpRp1,0.06666666666666667,14,14,TCAAATTTCTTGCAATTGGA,0,2430471
mhpRp1,0.06666666666666667,14,14,TATTTGTTGTGTTCGCGATC,0,2451860
mhpRp1,0.06666666666666667,14,14,TATTTGGGTTACCGCGTTAC,0,2473068
mhpRp1,0.06666666666666667,14,14,TATGCAGCTGATCCACGAAT,0,2446227
mhpRp1,0.06666666666666667,14,14,TAGGCAACTTAGTTTTCGTA,0,2448604
mhpRp1,0.06666666666666667,14,14,TAGACGTTTACTGGGATGTG,0,2453986
mhpRp1,0.06666666666666667,14,14,TACTGGGGTTTATTTGCCGT,0,2435058
mhpRp1,0.06666666666666667,14,14,TACCCTCCCAAGGGGGTCGA,0,2428134
mhpRp1,0.06666666666666667,14,14,TACAAGGAAGCCGACGTATT,0,2428588
mhpRp1,0.06666666666666667,14,14,TAATGAGAGTATTGGTGACA,0,2469841
mhpRp1,0.06666666666666667,14,14,TAAGGCCCGCGTGGTCCCAG,0,2465907
mhpRp1,0.06666666666666667,14,14,TAAATCGGTCCGTGATTCGT,0,2433591
mhpRp1,0.06666666666666667,14,14,GTTTCAGTCTTCTCGTCGTT,0,2429311
mhpRp1,0.06666666666666667,14,14,GTTGGGTTGGGTACACTAGC,0,2463487
mhpRp1,0.06666666666666667,14,14,GTTCGATGATTGCCGGTGGT,0,2435784
mhpRp1,0.06666666666666667,14,14,GTTATTGTCTGGTTCGTCTC,0,2427021
mhpRp1,0.06666666666666667,14,14,GTTATATCGGTGCAATCCTG,0,2446919
mhpRp1,0.06666666666666667,14,14,GTGCCAGAACGGTGTGAGAC,0,2462225
mhpRp1,0.06666666666666667,14,14,GTGCAGTCGTTTTTTGCCCG,0,2426987
mhpRp1,0.06666666666666667,14,14,GTCTTCAACATATGGCGTCG,0,2448959
mhpRp1,0.06666666666666667,14,14,GTCTAAATCGGCGTTTATCT,0,2426897
mhpRp1,0.06666666666666667,14,14,GTCGTCCGGGGCGCAGTCTA,0,2434009
mhpRp1,0.06666666666666667,14,14,GTCCTGGCATGGTGCATGTG,0,2445808
mhpRp1,0.06666666666666667,14,14,GTCCCAGAAGCTTCCAACTC,0,2454612
mhpRp1,0.06666666666666667,14,14,GTCAAGTCAAGAAGGGCATT,0,2474755
mhpRp1,0.06666666666666667,14,14,GTCAAATTCCTGGAGTGCTC,0,2446726
mhpRp1,0.06666666666666667,14,14,GTATGCACCAACAGGGATGT,0,2467363
mhpRp1,0.06666666666666667,14,14,GTAGGTTCAGAAAAAGGGTG,0,2439824
mhpRp1,0.06666666666666667,14,14,GTACGAGCCAGCATTCGACA,0,2424657
mhpRp1,0.06666666666666667,14,14,GGTTCCGCATGCCCGTAATG,0,2435255
mhpRp1,0.06666666666666667,14,14,GGTCCTTCTCGTTACTGGGT,0,2426662
mhpRp1,0.06666666666666667,14,14,GGTCCTAACGCTGGCTTCTT,0,2443728
mhpRp1,0.06666666666666667,14,14,GGTACTACTCTTATAATAGC,0,2428483
mhpRp1,0.06666666666666667,14,14,GGGTGATGGAGAAAGCCCAT,0,2436447
mhpRp1,0.06666666666666667,14,14,GGGGTACACTCGCATTAAGG,0,2462013
mhpRp1,0.06666666666666667,14,14,GGCTGGCAACTACAACCTCA,0,2429392
mhpRp1,0.06666666666666667,14,14,GGCCAATCACAACAGAAGGT,0,2438579
mhpRp1,0.06666666666666667,14,14,GGCACCTGTCAAGCCCAGTT,0,2428927
mhpRp1,0.06666666666666667,14,14,GGCAACTTTCCGTACACGAT,0,2463059
mhpRp1,0.06666666666666667,14,14,GGATGGGGTACAAGGGCACT,0,2452896
mhpRp1,0.06666666666666667,14,14,GGATAGGAACCTGCACTAGA,0,2453148
mhpRp1,0.06666666666666667,14,14,GGAATGCAACCTATCTGGGA,0,2461735
mhpRp1,0.06666666666666667,14,14,GGAATATACTACAGGGTATT,0,2475856
mhpRp1,0.06666666666666667,14,14,GCTATCTGCAGTCGTATTGA,0,2456205
mhpRp1,0.06666666666666667,14,14,GCTAGCGGAGTCCTGACTAA,0,2428923
mhpRp1,0.06666666666666667,14,14,GCGGCGAAGCCTACAGAGCT,0,2462115
mhpRp1,0.06666666666666667,14,14,GCGATGGTCCCGATGATTAT,0,2479291
mhpRp1,0.06666666666666667,14,14,GCGATCCAGGAAGACACGGA,0,2460691
mhpRp1,0.06666666666666667,14,14,GCGATCAGTGCATATTCTTC,0,2475768
mhpRp1,0.06666666666666667,14,14,GCCTTCGCTAGGGGGATCAA,0,2468061
mhpRp1,0.06666666666666667,14,14,GCCGTGAGCTTCCCCCGGAT,0,2444849
mhpRp1,0.06666666666666667,14,14,GCCGTGACTAAAACGACTTT,0,2468601
mhpRp1,0.06666666666666667,14,14,GCCGAAGGGCCGATCCACTC,0,2437495
mhpRp1,0.06666666666666667,14,14,GCCCCGACTTGGCGCCATGC,0,2447755
mhpRp1,0.06666666666666667,14,14,GCCAGCCGATCCAGGCCTAT,0,2476705
mhpRp1,0.06666666666666667,14,14,GCAGGTAGGGAGAGTATGAT,0,2427482
mhpRp1,0.06666666666666667,14,14,GCACTAGGTCTACGAGCTGT,0,2476995
mhpRp1,0.06666666666666667,14,14,GATCCTAACTCGTGCACTTA,0,2445024
mhpRp1,0.06666666666666667,14,14,GATACTGGCGCTAGCACCAG,0,2465965
mhpRp1,0.06666666666666667,14,14,GAGAATGAGAACTAGAGTAA,0,2460527
mhpRp1,0.06666666666666667,14,14,GACTAATTTGCTCGGGTAAT,0,2454811
mhpRp1,0.06666666666666667,14,14,GACCAAGAGGCAAGGTCTCT,0,2449287
mhpRp1,0.06666666666666667,14,14,GAACGCTCGCGCGGGGCAAA,0,2436583
mhpRp1,0.06666666666666667,14,14,GAAAATATAATACGATCGCA,0,2467725
mhpRp1,0.06666666666666667,14,14,CTTTTACTTTGCCGAACGAT,0,2465008
mhpRp1,0.06666666666666667,14,14,CTGTTCCCAGAGTCCGTGGC,0,2458595
mhpRp1,0.06666666666666667,14,14,CTGCTATCGTAGGTCCAGCA,0,2466555
mhpRp1,0.06666666666666667,14,14,CTCTGAATTTTTAGGTCGTT,0,2446587
mhpRp1,0.06666666666666667,14,14,CTCCGAGCGAGTAGAATAAG,0,2437574
mhpRp1,0.06666666666666667,14,14,CTCCCCGCGCGTCGAGGTAT,0,2449814
mhpRp1,0.06666666666666667,14,14,CTACTTCCACGGAACCATAG,0,2474161
mhpRp1,0.06666666666666667,14,14,CTAATGATCAGCTCACTTAC,0,2476626
mhpRp1,0.06666666666666667,14,14,CGTTCCATACCGCCCCAACG,0,2476380
mhpRp1,0.06666666666666667,14,14,CGTGACAGAAAACCCGATGA,0,2430857
mhpRp1,0.06666666666666667,14,14,CGTAGTGATCCGCACGGGTT,0,2443273
mhpRp1,0.06666666666666667,14,14,CGGTCAAGTTGAGATTTAGA,0,2445795
mhpRp1,0.06666666666666667,14,14,CGGCCTAACTCGCTGGCACA,0,2466827
mhpRp1,0.06666666666666667,14,14,CGGAGCCTCGCGAATCGAAC,0,2424075
mhpRp1,0.06666666666666667,14,14,CGGAAAAACGGTTACCCCTC,0,2428848
mhpRp1,0.06666666666666667,14,14,CGCGATGGTTACAGCTACCT,0,2430389
mhpRp1,0.06666666666666667,14,14,CGCCTATGTGTACCGGTCTT,0,2427189
mhpRp1,0.06666666666666667,14,14,CGCATATCGGACGATGGCCG,0,2429830
mhpRp1,0.06666666666666667,14,14,CGCACTTGGGCACGACTTCA,0,2445584
mhpRp1,0.06666666666666667,14,14,CGCACGGTACCTGTGCTGCT,0,2446355
mhpRp1,0.06666666666666667,14,14,CCTGCGGCGTTACTAAGGAT,0,2477679
mhpRp1,0.06666666666666667,14,14,CCTACCAATTGGTATGCGAT,0,2435121
mhpRp1,0.06666666666666667,14,14,CCTAAGCACTGCAACGGTTA,0,2453677
mhpRp1,0.06666666666666667,14,14,CCGCTCTGTTTGGCGCGCTG,0,2454914
mhpRp1,0.06666666666666667,14,14,CCCCCAGCCGGCAGGATGTA,0,2448885
mhpRp1,0.06666666666666667,14,14,CCCATGAGAGGGTAACTGGT,0,2435072
mhpRp1,0.06666666666666667,14,14,CCCAGGCTCATGAAGGCAGC,0,2437782
mhpRp1,0.06666666666666667,14,14,CCCACTCAGTTACCGGGTAG,0,2441633
mhpRp1,0.06666666666666667,14,14,CCATATATATTACTAATATA,0,2451383
mhpRp1,0.06666666666666667,14,14,CCAGCTTCCCTAAGACTCTT,0,2463614
mhpRp1,0.06666666666666667,14,14,CCAAGTGATAATGTTTTGGG,0,2428103
mhpRp1,0.06666666666666667,14,14,CCAAGCCCAGGTATCAAGTA,0,2436417
mhpRp1,0.06666666666666667,14,14,CATTGTCAAAGCGCTTGATA,0,2471691
mhpRp1,0.06666666666666667,14,14,CATATTAGGATAGGACTTGA,0,2466277
mhpRp1,0.06666666666666667,14,14,CAGCTCACGAAGTCGGGGCA,0,2440767
mhpRp1,0.06666666666666667,14,14,CAGCAGTCTTTGCCGTTTAT,0,2435544
mhpRp1,0.06666666666666667,14,14,CACTACCGGTAATAGATTTA,0,2471272
mhpRp1,0.06666666666666667,14,14,CACCTATAATACGGACCTTA,0,2442293
mhpRp1,0.06666666666666667,14,14,CACATCAAAAATACTTGGAT,0,2423791
mhpRp1,0.06666666666666667,14,14,CACAGTTCAAGTTCAGAGGA,0,2436044
mhpRp1,0.06666666666666667,14,14,ATTTGATGGTCAACGGGAGA,0,2445824
mhpRp1,0.06666666666666667,14,14,ATTTCGATGACACAAACTCA,0,2453097
mhpRp1,0.06666666666666667,14,14,ATTGTTTATGCTCCTACATG,0,2446317
mhpRp1,0.06666666666666667,14,14,ATTGTTAATTGGTACCGTCC,0,2458635
mhpRp1,0.06666666666666667,14,14,ATTAAGCACCATCGACACCA,0,2435320
mhpRp1,0.06666666666666667,14,14,ATGTTGCAGACACAGATCTG,0,2441243
mhpRp1,0.06666666666666667,14,14,ATGTATACCCATTGTCGTCA,0,2468160
mhpRp1,0.06666666666666667,14,14,ATGCTTGCAGCGCTATTCAA,0,2468749
mhpRp1,0.06666666666666667,14,14,ATGCGCTTGTGAAGTATTTT,0,2448048
mhpRp1,0.06666666666666667,14,14,ATGCCACTAAGCCTCACGCA,0,2458854
mhpRp1,0.06666666666666667,14,14,ATGCAAACGTTGGGACTGTT,0,2455281
mhpRp1,0.06666666666666667,14,14,ATCCTTGCACCCGCATTCCT,0,2464186
mhpRp1,0.06666666666666667,14,14,ATCCGAGACAGCAGGTGTGC,0,2438107
mhpRp1,0.06666666666666667,14,14,AGTTTCTTTATTCTGGGTGC,0,2458136
mhpRp1,0.06666666666666667,14,14,AGTTGGTCACCTCACACGGA,0,2447673
mhpRp1,0.06666666666666667,14,14,AGTATTGAGTCACTTGCATA,0,2471092
mhpRp1,0.06666666666666667,14,14,AGGTATCTAAGCAAAGAATA,0,2462421
mhpRp1,0.06666666666666667,14,14,AGCTTAATGCGAATGTCATT,0,2433308
mhpRp1,0.06666666666666667,14,14,AGCTGTTAAGGTCAGGGTCG,0,2466183
mhpRp1,0.06666666666666667,14,14,AGCAAGAGGGTGAACGATTT,0,2434863
mhpRp1,0.06666666666666667,14,14,AGATCATGACATCGCCGTCT,0,2454669
mhpRp1,0.06666666666666667,14,14,ACTTCGACAAGCGACCAACG,0,2431005
mhpRp1,0.06666666666666667,14,14,ACTGGGTAGCCATGGCCCTG,0,2463087
mhpRp1,0.06666666666666667,14,14,ACGGATTTGCAGTAAACACC,0,2449496
mhpRp1,0.06666666666666667,14,14,ACCGTTGTGTAATCAAGTAA,0,2448756
mhpRp1,0.06666666666666667,14,14,ACCGTAGGTATAGATTCGAT,0,2431949
mhpRp1,0.06666666666666667,14,14,ACCCGGATCCATCAGACATC,0,2430469
mhpRp1,0.06666666666666667,14,14,ACCACTTTTTGTACGGACGT,0,2432946
mhpRp1,0.06666666666666667,14,14,ACATTTAACTTAAGGGGGGA,0,2465718
mhpRp1,0.06666666666666667,14,14,ACATAGCATTGGCACTTCCA,0,2439115
mhpRp1,0.06666666666666667,14,14,AATTTGGAAAATGAATAGGA,0,2424915
mhpRp1,0.06666666666666667,14,14,AATGCTCAACCCTGGGGGCA,0,2435199
mhpRp1,0.06666666666666667,14,14,AATATGACATATATCTAGTA,0,2466549
mhpRp1,0.06666666666666667,14,14,AAGTGTACGCCAGCTATTGG,0,2440653
mhpRp1,0.06666666666666667,14,14,AAGCGCCGAAACATTCAAGT,0,2427274
mhpRp1,0.06666666666666667,14,14,AAGAGGAGTTCTCTCCACAA,0,2459282
mhpRp1,0.06666666666666667,14,14,AACTTTGGCTGTATGTTAAG,0,2423919
mhpRp1,0.06666666666666667,14,14,AACCTCGTTCCTCGTTTACA,0,2451179
mhpRp1,0.06666666666666667,14,14,AAAGGTGTTTTTAGTAACGA,0,2441336
mhpRp1,0.06666666666666667,14,14,AAACCTGATTGTTGGCGTTG,0,2464610
mhpRp1,0.06666666666666667,14,14,AAAAACCTATTGCCTCCCGA,0,2432510
mhpRp1,0.07142857142857142,13,13,TTTTTAAGATCCGTGACGGT,0,2455397
mhpRp1,0.07142857142857142,13,13,TTTGCAGTGAAAGCATGATC,0,2467200
mhpRp1,0.07142857142857142,13,13,TTTCTGGGCACGGGTAACAG,0,2455931
mhpRp1,0.07142857142857142,13,13,TTTCCGAGCCGCAGGGGTCT,0,2437714
mhpRp1,0.07142857142857142,13,13,TTTAGTCCTTGGACAACATG,0,2456660
mhpRp1,0.07142857142857142,13,13,TTGTTAGGGGATGTACCGAG,0,2461931
mhpRp1,0.07142857142857142,13,13,TTGTACATCGTTAAACTTGA,0,2444563
mhpRp1,0.07142857142857142,13,13,TTGGTGTGTTATACTAGACC,0,2458545
mhpRp1,0.07142857142857142,13,13,TTGGAATAATAGATACTGAC,0,2431315
mhpRp1,0.07142857142857142,13,13,TTGCTAGGGAATCAGTGATC,0,2478277
mhpRp1,0.07142857142857142,13,13,TTGATTCGGGAAAAACAAAT,0,2433060
mhpRp1,0.07142857142857142,13,13,TTGACTTGTAGTGAGCTGCC,0,2477412
mhpRp1,0.07142857142857142,13,13,TTCTGGAGCCAAGCGAGTAT,0,2443584
mhpRp1,0.07142857142857142,13,13,TTCGGGGGGAAGTTGCGTAG,0,2437009
mhpRp1,0.07142857142857142,13,13,TTCGCGTTTATACTGCTTAT,0,2448409
mhpRp1,0.07142857142857142,13,13,TTCGCAGACCTTGCTGGATA,0,2457989
mhpRp1,0.07142857142857142,13,13,TTCCTGTAGGCCTGCATATG,0,2424412
mhpRp1,0.07142857142857142,13,13,TTATGAAATTCCGTCCAGTT,0,2446086
mhpRp1,0.07142857142857142,13,13,TTATAGCGCACGCGGTCTTA,0,2446080
mhpRp1,0.07142857142857142,13,13,TTACCTTAGTTGCAACAAAT,0,2438413
mhpRp1,0.07142857142857142,13,13,TTAATCGGCGCCCCGGACTT,0,2458999
mhpRp1,0.07142857142857142,13,13,TTAAATAAGGAGTCGAACGA,0,2477863
mhpRp1,0.07142857142857142,13,13,TGTTAGGGATCCGGAACAAT,0,2430718
mhpRp1,0.07142857142857142,13,13,TGTCGATCTCTAAATCATAT,0,2464247
mhpRp1,0.07142857142857142,13,13,TGGGTGGACTGCGCGATCGG,0,2442427
mhpRp1,0.07142857142857142,13,13,TGGGCACACTGCGAAGTACT,0,2473607
mhpRp1,0.07142857142857142,13,13,TGGCAGCGATTTATTAATTG,0,2462827
mhpRp1,0.07142857142857142,13,13,TGCTCTATGTCACTAGCCTG,0,2449037
mhpRp1,0.07142857142857142,13,13,TGCGTTGACCCTTTATGAGG,0,2432391
mhpRp1,0.07142857142857142,13,13,TGCCTGAAATCCCCCTCGGG,0,2461602
mhpRp1,0.07142857142857142,13,13,TGAGTGTCAGGACGTCAGCT,0,2424031
mhpRp1,0.07142857142857142,13,13,TGACCAGGATGAGAGTGTTA,0,2455695
mhpRp1,0.07142857142857142,13,13,TGAAGGGAACAAGAGCAATA,0,2463642
mhpRp1,0.07142857142857142,13,13,TGAAAACCTGTCCTAATAGT,0,2469720
mhpRp1,0.07142857142857142,13,13,TCTGTACACGTTGCGAGAAG,0,2440604
mhpRp1,0.07142857142857142,13,13,TCTCAGGATGGGTTCTAATG,0,2444102
mhpRp1,0.07142857142857142,13,13,TCTATACCTGCAATGTTTTC,0,2461874
mhpRp1,0.07142857142857142,13,13,TCGTTTCGGACCGTAGCGCT,0,2428403
mhpRp1,0.07142857142857142,13,13,TCGCGTCGTAGGCTTAGGGG,0,2440970
mhpRp1,0.07142857142857142,13,13,TCCTTTAGGATAAGGGTTTA,0,2433999
mhpRp1,0.07142857142857142,13,13,TCCCGGAGGGGTCGAATCGC,0,2472046
mhpRp1,0.07142857142857142,13,13,TCCCGAAGTGTATGGCTGAA,0,2427608
mhpRp1,0.07142857142857142,13,13,TCCCGAAACGACTACCCTAT,0,2446154
mhpRp1,0.07142857142857142,13,13,TCACTTATAGGATCCGGATA,0,2439072
mhpRp1,0.07142857142857142,13,13,TCAATTACATTTTATGCATC,0,2464994
mhpRp1,0.07142857142857142,13,13,TATTACTATGAATGGACGAC,0,2426269
mhpRp1,0.07142857142857142,13,13,TATACTACAACGCGAATTTA,0,2427677
mhpRp1,0.07142857142857142,13,13,TATAACCCGAGGAGTTCTTA,0,2467681
mhpRp1,0.07142857142857142,13,13,TAGAGTGGGAGTTTGAGACC,0,2466605
mhpRp1,0.07142857142857142,13,13,TAAGGCAGAATGCGCTTGTT,0,2469520
mhpRp1,0.07142857142857142,13,13,GTTGGTCGCGTTTGTCTCGG,0,2441775
mhpRp1,0.07142857142857142,13,13,GTTCTTTAGCGTACTTGCTG,0,2477028
mhpRp1,0.07142857142857142,13,13,GTTCCGTATTCAAATTACCA,0,2459747
mhpRp1,0.07142857142857142,13,13,GTTAGGGTTTAGGGCCGACC,0,2451408
mhpRp1,0.07142857142857142,13,13,GTTACGACCGGGCGACGAAC,0,2436982
mhpRp1,0.07142857142857142,13,13,GTGTTGGGGGGACAATCCAG,0,2461070
mhpRp1,0.07142857142857142,13,13,GTGTACAGACGCGCGACCCA,0,2425625
mhpRp1,0.07142857142857142,13,13,GTGGTTAGTATGCAAGCATA,0,2473250
mhpRp1,0.07142857142857142,13,13,GTGGAGAGACAATTTCGCAA,0,2450344
mhpRp1,0.07142857142857142,13,13,GTGAGGATTATGCGCACCGT,0,2453100
mhpRp1,0.07142857142857142,13,13,GTCGTATCGTTGGTAAGGAG,0,2464040
mhpRp1,0.07142857142857142,13,13,GTCATGGCAATGATTGACCT,0,2468641
mhpRp1,0.07142857142857142,13,13,GTCACCCGAATGCCCGTAGA,0,2463762
mhpRp1,0.07142857142857142,13,13,GTATGGTCATATAGCCATCG,0,2438508
mhpRp1,0.07142857142857142,13,13,GTATGGGTAGATAATCCACC,0,2427336
mhpRp1,0.07142857142857142,13,13,GTAATTGCCGTATCAGTCTA,0,2467036
mhpRp1,0.07142857142857142,13,13,GGTGGTCAAATAAACAGGGC,0,2457003
mhpRp1,0.07142857142857142,13,13,GGTCTTCTCATGGGTTAACA,0,2468814
mhpRp1,0.07142857142857142,13,13,GGTCCGGTCCATTCCGCAAC,0,2427438
mhpRp1,0.07142857142857142,13,13,GGTCACCGGTTTTCCTAAGT,0,2464586
mhpRp1,0.07142857142857142,13,13,GGGTGCAGGGGCACAGTTCG,0,2456441
mhpRp1,0.07142857142857142,13,13,GGGTGATGTCCCAGCTTCTC,0,2475256
mhpRp1,0.07142857142857142,13,13,GGGACGCGATTCAGCAATTC,0,2463132
mhpRp1,0.07142857142857142,13,13,GGCGGCAAGAAAGAAGGCTT,0,2428671
mhpRp1,0.07142857142857142,13,13,GGCAGGTTGGTCGTACATAT,0,2436894
mhpRp1,0.07142857142857142,13,13,GGCACTTACGTACGATCAGA,0,2454085
mhpRp1,0.07142857142857142,13,13,GGAACCAGGATTAGCCGACC,0,2433081
mhpRp1,0.07142857142857142,13,13,GGAAAGATCACGTTTTGTGT,0,2425535
mhpRp1,0.07142857142857142,13,13,GCTTCTTAAATTACAATCTT,0,2459489
mhpRp1,0.07142857142857142,13,13,GCTGGTATTGGCGGGACCCG,0,2425799
mhpRp1,0.07142857142857142,13,13,GCTAAAGTCAATGTTGTATT,0,2435122
mhpRp1,0.07142857142857142,13,13,GCGCGTTCCTGTCGGGGGAC,0,2473849
mhpRp1,0.07142857142857142,13,13,GCCGTACCTATAGACGTGCA,0,2425825
mhpRp1,0.07142857142857142,13,13,GCCGGCACTGTTGACGTAGT,0,2435816
mhpRp1,0.07142857142857142,13,13,GCCGCACCTTAGCCTACAAT,0,2468627
mhpRp1,0.07142857142857142,13,13,GCCCGCTGCTTGGGACACGC,0,2473810
mhpRp1,0.07142857142857142,13,13,GCCACACCTTCTGATTGGTA,0,2443055
mhpRp1,0.07142857142857142,13,13,GCAGGAAGAATTCTACTTGT,0,2438248
mhpRp1,0.07142857142857142,13,13,GCAGCCGTTACAAGCACTGG,0,2463650
mhpRp1,0.07142857142857142,13,13,GCAACATGCCTATTGATGCT,0,2429700
mhpRp1,0.07142857142857142,13,13,GAGTCTAGTGTTTTAACCTG,0,2443572
mhpRp1,0.07142857142857142,13,13,GAGCCGAACCACATGCGGAG,0,2432350
mhpRp1,0.07142857142857142,13,13,GACGGCTTCAACGGCTACAA,0,2435605
mhpRp1,0.07142857142857142,13,13,GACCAGTAACGTCGTGAGTT,0,2426619
mhpRp1,0.07142857142857142,13,13,GAATGCCTTCCAGGGGACGT,0,2468595
mhpRp1,0.07142857142857142,13,13,GAATAACCGAATCAGGCGGG,0,2436386
mhpRp1,0.07142857142857142,13,13,CTTGCGCTTACGTCGTTGAC,0,2450215
mhpRp1,0.07142857142857142,13,13,CTTCCGATCCGGTCACGATG,0,2429531
mhpRp1,0.07142857142857142,13,13,CTTAGTTGTCTCCAAGGAGT,0,2438775
mhpRp1,0.07142857142857142,13,13,CTTAGGCGCGCAGCGGTTAT,0,2430193
mhpRp1,0.07142857142857142,13,13,CTGTTCTTTTTAGAGGTATT,0,2462918
mhpRp1,0.07142857142857142,13,13,CTGTAACCCTTTCCGTGTGG,0,2452316
mhpRp1,0.07142857142857142,13,13,CTGCGGGTTCAAACACGAGA,0,2424965
mhpRp1,0.07142857142857142,13,13,CTGCGGGAGTAAGGGCGAAA,0,2467201
mhpRp1,0.07142857142857142,13,13,CTGCGCTAGGGTTGCAGAGA,0,2449356
mhpRp1,0.07142857142857142,13,13,CTGCGAGTTCAGAAGAGTTA,0,2443993
mhpRp1,0.07142857142857142,13,13,CTCGCAATGTGATGGCGACC,0,2429619
mhpRp1,0.07142857142857142,13,13,CTCGACAAGCGCACGCACTC,0,2461195
mhpRp1,0.07142857142857142,13,13,CTCAAATTTGATTCAAGCTA,0,2442562
mhpRp1,0.07142857142857142,13,13,CTATGGTTCGCGAGGGGGGC,0,2468745
mhpRp1,0.07142857142857142,13,13,CGTTCCTAATCGGCTGCAAC,0,2426330
mhpRp1,0.07142857142857142,13,13,CGTTAATGCTCCGGTAAAGC,0,2476424
mhpRp1,0.07142857142857142,13,13,CGTCGAGGGTTTAGAGGCTA,0,2474840
mhpRp1,0.07142857142857142,13,13,CGGTTGGTGGGTTAAAAGGG,0,2458602
mhpRp1,0.07142857142857142,13,13,CGGAGGCCGTTTTGTCACGG,0,2461796
mhpRp1,0.07142857142857142,13,13,CGGACACCTATTCGGATGCA,0,2439675
mhpRp1,0.07142857142857142,13,13,CGCAATAGTCCGGGTGCTTG,0,2436394
mhpRp1,0.07142857142857142,13,13,CGACCGCGAGGACCATACAA,0,2428717
mhpRp1,0.07142857142857142,13,13,CGAAAGCTATCTAAATGAAC,0,2459663
mhpRp1,0.07142857142857142,13,13,CCTGAGTTATCCGATGGTAG,0,2463886
mhpRp1,0.07142857142857142,13,13,CCTCATTTCTAACGATTATT,0,2438738
mhpRp1,0.07142857142857142,13,13,CCTAGAAGTAGCGCGCTCGT,0,2478402
mhpRp1,0.07142857142857142,13,13,CCGTGGTTTTATTGGTGTCA,0,2460127
mhpRp1,0.07142857142857142,13,13,CCGCGTGGTGCACGCGCTTT,0,2466816
mhpRp1,0.07142857142857142,13,13,CCCTCTTTAATGGCAGTACA,0,2438283
mhpRp1,0.07142857142857142,13,13,CCCTCCGTCGTGTGGGTCAT,0,2435508
mhpRp1,0.07142857142857142,13,13,CCCTACAGGCAGGGTTATCG,0,2462161
mhpRp1,0.07142857142857142,13,13,CCCGTGTGTCGGTGTCGTCG,0,2454075
mhpRp1,0.07142857142857142,13,13,CCCGTACTCGCAGTACTCGT,0,2441639
mhpRp1,0.07142857142857142,13,13,CCCACGAGCCTAAGTTACAC,0,2439602
mhpRp1,0.07142857142857142,13,13,CCCAACAGGGCGACCAGTAG,0,2478539
mhpRp1,0.07142857142857142,13,13,CATGTAATTATGCCAAAGAC,0,2463485
mhpRp1,0.07142857142857142,13,13,CATGCTACCCGACAAGTCTT,0,2430507
mhpRp1,0.07142857142857142,13,13,CAGGTCTGGGATTGATAAAC,0,2474061
mhpRp1,0.07142857142857142,13,13,CAGATGATTCGCTACTACGG,0,2430105
mhpRp1,0.07142857142857142,13,13,CAGACTCGGATCAGACTGAG,0,2451909
mhpRp1,0.07142857142857142,13,13,CAGAATGCTTTCGGGAATCG,0,2440971
mhpRp1,0.07142857142857142,13,13,CACTTGGGCCACGTTTTGGC,0,2439142
mhpRp1,0.07142857142857142,13,13,CACTCGGATCTTTGCTTCGT,0,2446333
mhpRp1,0.07142857142857142,13,13,CACGTAAAATTTCGGGGTGG,0,2441341
mhpRp1,0.07142857142857142,13,13,CACCACTGACCCAAGTAATG,0,2454681
mhpRp1,0.07142857142857142,13,13,CACCAAACGTACTAATCATA,0,2437646
mhpRp1,0.07142857142857142,13,13,CACAGTCCCCTGTTCATAAG,0,2454338
mhpRp1,0.07142857142857142,13,13,CACAACTCAGTCCATGTGTT,0,2454074
mhpRp1,0.07142857142857142,13,13,CAATATTCCCAGGGGGACCG,0,2437915
mhpRp1,0.07142857142857142,13,13,CAATATGTTATTGTAGAGTT,0,2442855
mhpRp1,0.07142857142857142,13,13,ATTTTGCCTACCTGTGACAA,0,2455092
mhpRp1,0.07142857142857142,13,13,ATTGGGAACTTGATGCGAGG,0,2463612
mhpRp1,0.07142857142857142,13,13,ATTCCGCAGTTGAACCGTAT,0,2429616
mhpRp1,0.07142857142857142,13,13,ATGTTGCTGTAGTCCCCGTG,0,2435613
mhpRp1,0.07142857142857142,13,13,ATGTCTCGCGCAGTCTGTAT,0,2463920
mhpRp1,0.07142857142857142,13,13,ATGTAAGACTGTCTCGCCTA,0,2459592
mhpRp1,0.07142857142857142,13,13,ATGGTCGTAATCTGTCGGTG,0,2445677
mhpRp1,0.07142857142857142,13,13,ATGCTGTGTAATTATTAACA,0,2439197
mhpRp1,0.07142857142857142,13,13,ATGCGCCCTGTTTGTATAGA,0,2467859
mhpRp1,0.07142857142857142,13,13,ATGATGAGTATGTGCCCGCA,0,2463596
mhpRp1,0.07142857142857142,13,13,ATGACTCAGTCGGCAAAACT,0,2478195
mhpRp1,0.07142857142857142,13,13,ATCGTGGTTGCACGTTACAT,0,2459328
mhpRp1,0.07142857142857142,13,13,ATCGGCAGTGATGGTAGAAA,0,2465372
mhpRp1,0.07142857142857142,13,13,ATCCCCGTAACCTATCACGT,0,2440247
mhpRp1,0.07142857142857142,13,13,ATCCCAGCGGTTTTTTGGAT,0,2454076
mhpRp1,0.07142857142857142,13,13,ATCATTTTGTCCAGGGACAT,0,2427643
mhpRp1,0.07142857142857142,13,13,ATCACCATAACAGAGGTATG,0,2437519
mhpRp1,0.07142857142857142,13,13,ATATTAATCAGTGCGGAGCG,0,2467645
mhpRp1,0.07142857142857142,13,13,ATATCGTCGGTTGGCGGTGA,0,2448675
mhpRp1,0.07142857142857142,13,13,ATATCATTTGCAAGTCTTGC,0,2438766
mhpRp1,0.07142857142857142,13,13,ATAAAGCGATCCTCGTGTCT,0,2465298
mhpRp1,0.07142857142857142,13,13,AGTGGGGACGCCATTACCGG,0,2433405
mhpRp1,0.07142857142857142,13,13,AGTATGAGGATCAGCATGGT,0,2469538
mhpRp1,0.07142857142857142,13,13,AGGTGTATTGCCGTCGCGAA,0,2433709
mhpRp1,0.07142857142857142,13,13,AGGCTCACCTTTTACGACTT,0,2444556
mhpRp1,0.07142857142857142,13,13,AGGATGTACGGACACCGACA,0,2466956
mhpRp1,0.07142857142857142,13,13,AGCGAACCCTCGACCCGGGT,0,2427417
mhpRp1,0.07142857142857142,13,13,AGCGAAAAGTATTCCGCTAT,0,2432194
mhpRp1,0.07142857142857142,13,13,AGCCCCCCTGGCGAATGCTC,0,2456345
mhpRp1,0.07142857142857142,13,13,AGAGCGGCTGTCGCGCGATG,0,2450001
mhpRp1,0.07142857142857142,13,13,AGACATTCAGCGACTAACGG,0,2462247
mhpRp1,0.07142857142857142,13,13,AGAAGTCATTGCGACTCTTC,0,2466148
mhpRp1,0.07142857142857142,13,13,ACTTCGAGTGATAGTTCGTC,0,2442073
mhpRp1,0.07142857142857142,13,13,ACTGCAGAGATAGGCTTTAG,0,2471826
mhpRp1,0.07142857142857142,13,13,ACTCGGTAGAGTACTCTAGT,0,2462790
mhpRp1,0.07142857142857142,13,13,ACTCGAGGTCCGACCCTGGC,0,2472423
mhpRp1,0.07142857142857142,13,13,ACTAGGAGCGTAGTGAGTTT,0,2464504
mhpRp1,0.07142857142857142,13,13,ACGGTAGAGGCTCTTATCAA,0,2441663
mhpRp1,0.07142857142857142,13,13,ACGCCTCGCCCGTCACGTAA,0,2477307
mhpRp1,0.07142857142857142,13,13,ACCGTTTCGTACCTGGGCGT,0,2457174
mhpRp1,0.07142857142857142,13,13,ACCGGTGGGTATTTTGGATG,0,2444996
mhpRp1,0.07142857142857142,13,13,ACCGAGGCAGGTTCCGCGCT,0,2427403
mhpRp1,0.07142857142857142,13,13,ACCATGTATGTTGGCAGGCC,0,2428885
mhpRp1,0.07142857142857142,13,13,ACCAGGGGCCTGAACCGGAC,0,2471098
mhpRp1,0.07142857142857142,13,13,AATTTGACTGGGGTTCACCT,0,2461738
mhpRp1,0.07142857142857142,13,13,AATTATCTGGAGATCGACCC,0,2475555
mhpRp1,0.07142857142857142,13,13,AATGTGGGGCAGAGCGTCCC,0,2448338
mhpRp1,0.07142857142857142,13,13,AATCGTATTCTGACGATCAT,0,2470860
mhpRp1,0.07142857142857142,13,13,AATATGACCACTGTCACGTG,0,2429065
mhpRp1,0.07142857142857142,13,13,AATAGCCGACGCGTGTAGGC,0,2472480
mhpRp1,0.07142857142857142,13,13,AAGTCGAGTTGCCCTAGTAC,0,2473314
mhpRp1,0.07142857142857142,13,13,AAGTCAGCTGGGGGAGATGC,0,2464075
mhpRp1,0.07142857142857142,13,13,AAGTATATGGAGGTCGGCAT,0,2456338
mhpRp1,0.07142857142857142,13,13,AAGCAACGGAGGTTCGGCTA,0,2458551
mhpRp1,0.07142857142857142,13,13,AACGTTCCCTCAGAGGGTAA,0,2438000
mhpRp1,0.07142857142857142,13,13,AACCGTCTGGATCCGGAGTT,0,2440761
mhpRp1,0.07142857142857142,13,13,AAAGCGACTTATGCATAGTG,0,2453777
mhpRp1,0.07142857142857142,13,13,AAAGCCCTGCATAAGTGTTA,0,2439355
mhpRp1,0.07142857142857142,13,13,AAAGATCTTGAAAAACGTAT,0,2478091
mhpRp1,0.07142857142857142,13,13,AAAGACCCGCCATTGTTTTC,0,2427067
mhpRp1,0.07142857142857142,13,13,AAAATCTCGCCCAATGATGA,0,2450774
mhpRp1,0.07692307692307693,12,12,TTTTTTATTGGAAGGACCTC,0,2459482
mhpRp1,0.07692307692307693,12,12,TTTTTGGAGGCAGTATATGA,0,2433788
mhpRp1,0.07692307692307693,12,12,TTTTTCATAACAGGTTCCGA,0,2472656
mhpRp1,0.07692307692307693,12,12,TTTTCTACATGCTGATCAAG,0,2425906
mhpRp1,0.07692307692307693,12,12,TTTCCACTACAATATAAATC,0,2468643
mhpRp1,0.07692307692307693,12,12,TTGGTAGCGCCTACGGAGTG,0,2475238
mhpRp1,0.07692307692307693,12,12,TTGGGCACCTTCGTAAAATC,0,2425907
mhpRp1,0.07692307692307693,12,12,TTGCCTACCCAGTTGACTGC,0,2437940
mhpRp1,0.07692307692307693,12,12,TTCGGAATGGATTACAAACA,0,2447972
mhpRp1,0.07692307692307693,12,12,TTCCTTTATGGTAAAGACAT,0,2453284
mhpRp1,0.07692307692307693,12,12,TTCCTCACGGTCCATGAGTC,0,2446547
mhpRp1,0.07692307692307693,12,12,TTCAGTGCATTTTTGATTCT,0,2430354
mhpRp1,0.07692307692307693,12,12,TTACTCCAGTGGTAAACGCT,0,2457134
mhpRp1,0.07692307692307693,12,12,TTACTATCCGCCAGGAGTCT,0,2446888
mhpRp1,0.07692307692307693,12,12,TTAATACGGGTAGATGGTCA,0,2432041
mhpRp1,0.07692307692307693,12,12,TTAATAAAAGCCCCCTGATT,0,2424886
mhpRp1,0.07692307692307693,12,12,TGTTGCCCTGTCGTAGGAGT,0,2429339
mhpRp1,0.07692307692307693,12,12,TGTCGGCAACGAGGGCGTCT,0,2425339
mhpRp1,0.07692307692307693,12,12,TGTATTGAGGAATTCGCTGA,0,2467762
mhpRp1,0.07692307692307693,12,12,TGGTGTGTTCACGGGGCTCA,0,2453709
mhpRp1,0.07692307692307693,12,12,TGGTCATGGTACGTGGAGAA,0,2457418
mhpRp1,0.07692307692307693,12,12,TGCTTTCAGATCAACCTAGG,0,2475721
mhpRp1,0.07692307692307693,12,12,TGCTTAAAATTGAACCCTTC,0,2473532
mhpRp1,0.07692307692307693,12,12,TGCGTCGTTTGCATCTTAGT,0,2471832
mhpRp1,0.07692307692307693,12,12,TGCCAAGGAATGCTCGGTTC,0,2426351
mhpRp1,0.07692307692307693,12,12,TGCAGGAATAGATCGATTAT,0,2451998
mhpRp1,0.07692307692307693,12,12,TGCAAGTAGACACCCCCGAT,0,2435119
mhpRp1,0.07692307692307693,12,12,TGATCACGGGAGTGATGGAT,0,2476363
mhpRp1,0.07692307692307693,12,12,TGACGTATCCGGGGAGCGGA,0,2467360
mhpRp1,0.07692307692307693,12,12,TGACCCGGATGGGGTGTGCT,0,2477628
mhpRp1,0.07692307692307693,12,12,TGAATCCCAGTCGGGTCCCA,0,2476468
mhpRp1,0.07692307692307693,12,12,TGAAAGCTTGCGCTGCTGAT,0,2451220
mhpRp1,0.07692307692307693,12,12,TCTTTCCTTCGGACCGAACT,0,2471833
mhpRp1,0.07692307692307693,12,12,TCTTTACCTCTGTCGAATTG,0,2462912
mhpRp1,0.07692307692307693,12,12,TCTGGCGGCGAGTGATCTAC,0,2467130
mhpRp1,0.07692307692307693,12,12,TCTCTGCAACCTCTTTATCC,0,2456425
mhpRp1,0.07692307692307693,12,12,TCTCGTGCTTCTCTGGATTA,0,2451144
mhpRp1,0.07692307692307693,12,12,TCTCCGCTGCAAATCTGGGT,0,2477464
mhpRp1,0.07692307692307693,12,12,TCGGCACAGTTTTTCCGGGA,0,2477350
mhpRp1,0.07692307692307693,12,12,TCGAGTCCAGATCTCGCGCA,0,2466257
mhpRp1,0.07692307692307693,12,12,TCGAGAGAAGGTTATGGTAT,0,2434038
mhpRp1,0.07692307692307693,12,12,TCCTCTATCAGAGGGCACGC,0,2459770
mhpRp1,0.07692307692307693,12,12,TCCCCGTGGCGAATGCGACC,0,2427684
mhpRp1,0.07692307692307693,12,12,TCCAGATGAGATCACTGCGA,0,2473353
mhpRp1,0.07692307692307693,12,12,TCCAACGAGGTCAACCACGG,0,2463831
mhpRp1,0.07692307692307693,12,12,TCACACGCAGCTGCCATGTA,0,2442169
mhpRp1,0.07692307692307693,12,12,TATGTGCAGGTGTAAGGACC,0,2434034
mhpRp1,0.07692307692307693,12,12,TATGCCGGGGGGTCGATAAT,0,2426436
mhpRp1,0.07692307692307693,12,12,TATATCCGGCAGCCATCTGT,0,2425499
mhpRp1,0.07692307692307693,12,12,TAGGTGGCCTATCGTTCTCT,0,2428109
mhpRp1,0.07692307692307693,12,12,TAGGGTTTTTCAACAGTGGG,0,2449590
mhpRp1,0.07692307692307693,12,12,TAGGGTGCATCGGATTAGTA,0,2437074
mhpRp1,0.07692307692307693,12,12,TAGCGTGACAGATCGTTTTC,0,2443054
mhpRp1,0.07692307692307693,12,12,TAGCGGTAATGGGTTGGATC,0,2476868
mhpRp1,0.07692307692307693,12,12,TAGCAGCGTCCTACTCGCTC,0,2457951
mhpRp1,0.07692307692307693,12,12,TAGAGTAGCAGACCCCGGCA,0,2430767
mhpRp1,0.07692307692307693,12,12,TAGACTACTTTGCGAAATAG,0,2438585
mhpRp1,0.07692307692307693,12,12,TACTTGGGTGGGCGGGGTTA,0,2440473
mhpRp1,0.07692307692307693,12,12,TACTAGAATCAAGTGCATGC,0,2464301
mhpRp1,0.07692307692307693,12,12,TACCTATGTTCACACTATGT,0,2452972
mhpRp1,0.07692307692307693,12,12,TACAGCGTGCAAGACGATAA,0,2447037
mhpRp1,0.07692307692307693,12,12,TAATGATAGGACTCGGTATC,0,2471109
mhpRp1,0.07692307692307693,12,12,TAACCGAGGATTTATCTTTA,0,2463378
mhpRp1,0.07692307692307693,12,12,GTTGGTTTCCTGGGCCGAAT,0,2437058
mhpRp1,0.07692307692307693,12,12,GTTATACAAAATGTCGCGCT,0,2454298
mhpRp1,0.07692307692307693,12,12,GTTACTTTGCCATTCTTTCC,0,2439792
mhpRp1,0.07692307692307693,12,12,GTGTCCGTCCAGATACTGTT,0,2469785
mhpRp1,0.07692307692307693,12,12,GTGGCCATCGTGCGGAGCCG,0,2449442
mhpRp1,0.07692307692307693,12,12,GTGGAAAGGTAGGACGGGGC,0,2441949
mhpRp1,0.07692307692307693,12,12,GTGAATCAATTACTCTCGTA,0,2447418
mhpRp1,0.07692307692307693,12,12,GTCATCACGTCATGCGTATT,0,2439858
mhpRp1,0.07692307692307693,12,12,GTCAGAGGGTATACAGCGTG,0,2435538
mhpRp1,0.07692307692307693,12,12,GTATTTTCTGAGACACGTCT,0,2443244
mhpRp1,0.07692307692307693,12,12,GTATGGATAGCTATATAATT,0,2469377
mhpRp1,0.07692307692307693,12,12,GTAGATTTATGCCTTGGCCT,0,2459666
mhpRp1,0.07692307692307693,12,12,GTACGCATTCTACGCATAGC,0,2470284
mhpRp1,0.07692307692307693,12,12,GTAACAACCCTGACGGCCAA,0,2463571
mhpRp1,0.07692307692307693,12,12,GGTTGGCTGGGCGACGGACA,0,2458263
mhpRp1,0.07692307692307693,12,12,GGTGTCCGGGGCATCCATTA,0,2461819
mhpRp1,0.07692307692307693,12,12,GGTGGGCTCATTGCCACGGC,0,2467152
mhpRp1,0.07692307692307693,12,12,GGGGCGGCCCCGTAGGATTC,0,2463678
mhpRp1,0.07692307692307693,12,12,GGGATGTGAGGCCAAGAATC,0,2438768
mhpRp1,0.07692307692307693,12,12,GGCGCGGTTCCACGCATATT,0,2428637
mhpRp1,0.07692307692307693,12,12,GGCCTTCTCGTAACGTAGAT,0,2440598
mhpRp1,0.07692307692307693,12,12,GGCCGGTCCGGCAGCACTTA,0,2465876
mhpRp1,0.07692307692307693,12,12,GGCACCGGCACGCGGTTGAA,0,2449606
mhpRp1,0.07692307692307693,12,12,GGCAAGTACTCCAATTGGAG,0,2432432
mhpRp1,0.07692307692307693,12,12,GGATTAATTGAACTTCGTCT,0,2438621
mhpRp1,0.07692307692307693,12,12,GGAGACAGTACAATGATGAG,0,2468413
mhpRp1,0.07692307692307693,12,12,GGACGCAAGTTGACCGTCCT,0,2458873
mhpRp1,0.07692307692307693,12,12,GGAATAAACTAGCCGTGGAT,0,2466511
mhpRp1,0.07692307692307693,12,12,GGAACCGTCAGCTTCGTTCA,0,2462894
mhpRp1,0.07692307692307693,12,12,GCTTTCTAGCTTCTGCAGGC,0,2477604
mhpRp1,0.07692307692307693,12,12,GCTTGCCACGAGTCTATGTA,0,2444276
mhpRp1,0.07692307692307693,12,12,GCTCGAAACTTGTATAAATT,0,2478906
mhpRp1,0.07692307692307693,12,12,GCTAGTAGCATTATCACGGC,0,2472426
mhpRp1,0.07692307692307693,12,12,GCTAAGTTCGGTCAGCGGGG,0,2459003
mhpRp1,0.07692307692307693,12,12,GCGTTGAGGCCCCCGCATTG,0,2470671
mhpRp1,0.07692307692307693,12,12,GCGTATAGGGCGGGTCAAAG,0,2455947
mhpRp1,0.07692307692307693,12,12,GCGCCAATAAACTGATAAGG,0,2443853
mhpRp1,0.07692307692307693,12,12,GCCTTATCCATTGCAAGGTA,0,2445626
mhpRp1,0.07692307692307693,12,12,GCCTCATTCCCTCTCGCCAG,0,2451794
mhpRp1,0.07692307692307693,12,12,GCCTACGCTTGTACTGTGAA,0,2455930
mhpRp1,0.07692307692307693,12,12,GCCGTGGGGCTCTTCTTCAG,0,2462468
mhpRp1,0.07692307692307693,12,12,GCCGCCCAGGATTGGAAACT,0,2446258
mhpRp1,0.07692307692307693,12,12,GCCCGGTTCCCAAACAGTCA,0,2452555
mhpRp1,0.07692307692307693,12,12,GCCATGGGCATCGGTAAAGT,0,2450758
mhpRp1,0.07692307692307693,12,12,GCCAATCGCGTACATGCCAT,0,2443936
mhpRp1,0.07692307692307693,12,12,GCCAAGCTGCTACCCTCTAA,0,2451230
mhpRp1,0.07692307692307693,12,12,GCCAACCGGCCCACGGGAAA,0,2445216
mhpRp1,0.07692307692307693,12,12,GCATATCTTAACCTGCTCTG,0,2451158
mhpRp1,0.07692307692307693,12,12,GCAACACTCGCATCTGCAGG,0,2439601
mhpRp1,0.07692307692307693,12,12,GCAAATGAGGATTAAACGAA,0,2445032
mhpRp1,0.07692307692307693,12,12,GATTGTGGTGAGGGTATACA,0,2431361
mhpRp1,0.07692307692307693,12,12,GATTCATACCGGCTGGGTAA,0,2476875
mhpRp1,0.07692307692307693,12,12,GATGGTAGCACTGGGAGAAT,0,2452786
mhpRp1,0.07692307692307693,12,12,GAGTTTGTTATAGGCACCTT,0,2429289
mhpRp1,0.07692307692307693,12,12,GAGTTGACAATAATCAACTA,0,2435666
mhpRp1,0.07692307692307693,12,12,GAGGTGGGCATCAGGCGTTT,0,2430748
mhpRp1,0.07692307692307693,12,12,GAGGCGTCCCACTACCCTTT,0,2445793
mhpRp1,0.07692307692307693,12,12,GAGGCCTCCGCGTTCTCCTA,0,2457818
mhpRp1,0.07692307692307693,12,12,GAGGACAGGGGAGCTGTCCG,0,2463376
mhpRp1,0.07692307692307693,12,12,GAGCCGTCCTGACTTAGTAT,0,2425154
mhpRp1,0.07692307692307693,12,12,GAGCCGGGAATTTAGCACCT,0,2447379
mhpRp1,0.07692307692307693,12,12,GAGCAAATAAGTCTGCCCCA,0,2452653
mhpRp1,0.07692307692307693,12,12,GAGATTAAGAAGATGCGTGT,0,2451267
mhpRp1,0.07692307692307693,12,12,GACGCTGGGACTCGCATAGC,0,2451406
mhpRp1,0.07692307692307693,12,12,GACGAGGAATGCAAAATTAC,0,2428755
mhpRp1,0.07692307692307693,12,12,GACATACCATCAGAAAACAC,0,2473423
mhpRp1,0.07692307692307693,12,12,GACAGTGTGACACAAGCGCC,0,2452876
mhpRp1,0.07692307692307693,12,12,GACACGTCGTGTAGTGTGCA,0,2449079
mhpRp1,0.07692307692307693,12,12,GAATGGCAACTATACGTCTT,0,2470093
mhpRp1,0.07692307692307693,12,12,GAAGCACTTATCAGCAATCG,0,2428159
mhpRp1,0.07692307692307693,12,12,GAACTAACACCAAAGACATC,0,2453622
mhpRp1,0.07692307692307693,12,12,GAACGAAAGCGCTAGGATAA,0,2463267
mhpRp1,0.07692307692307693,12,12,GAAAACGGCGTAAACTGCTG,0,2447463
mhpRp1,0.07692307692307693,12,12,CTTGGACTTTAGATAGCGAT,0,2465082
mhpRp1,0.07692307692307693,12,12,CTTGCAGAATCGCGGTTGCC,0,2473759
mhpRp1,0.07692307692307693,12,12,CTTCAGGATTTAAAACACTG,0,2427487
mhpRp1,0.07692307692307693,12,12,CTTACTCTTCGAATGCCCTT,0,2432036
mhpRp1,0.07692307692307693,12,12,CTGGCACCTGGCAGGACGAA,0,2471669
mhpRp1,0.07692307692307693,12,12,CTGAAGCAGCAGGCTGTACC,0,2437712
mhpRp1,0.07692307692307693,12,12,CTCTTCGAAGTCTGCGCTCC,0,2447372
mhpRp1,0.07692307692307693,12,12,CTCTACAAGTGGGGCCACAC,0,2434853
mhpRp1,0.07692307692307693,12,12,CTATCCCCGTCCTTGGACAA,0,2469915
mhpRp1,0.07692307692307693,12,12,CGGGGACGCAGGCCGCCCCG,0,2444850
mhpRp1,0.07692307692307693,12,12,CGGGAAAATTAACCACGAAG,0,2434864
mhpRp1,0.07692307692307693,12,12,CGGCCACACGTACACGAACC,0,2452459
mhpRp1,0.07692307692307693,12,12,CGGAAGCATACGTGCAGGGG,0,2438422
mhpRp1,0.07692307692307693,12,12,CGGAAAATAAGCATAGGATT,0,2454700
mhpRp1,0.07692307692307693,12,12,CGCTTAGCTCAAGGGTGATA,0,2468703
mhpRp1,0.07692307692307693,12,12,CGCTTAAATAAAGGTAGGGG,0,2475897
mhpRp1,0.07692307692307693,12,12,CGCTGGTATTCCAGGGACGC,0,2447371
mhpRp1,0.07692307692307693,12,12,CGCTCCTTCTATGATCATCA,0,2475655
mhpRp1,0.07692307692307693,12,12,CGCTACAGGCATCTATCGGG,0,2433441
mhpRp1,0.07692307692307693,12,12,CGCCGCGCCTAGTCTCCATG,0,2434381
mhpRp1,0.07692307692307693,12,12,CGCATCTTTAGTAAGGAGTA,0,2430005
mhpRp1,0.07692307692307693,12,12,CGATTCATAGGGCAATGGTA,0,2437146
mhpRp1,0.07692307692307693,12,12,CGATCCTGTTAGTTGCCGTA,0,2436245
mhpRp1,0.07692307692307693,12,12,CGACCCTTCGACAGGGGTCA,0,2474889
mhpRp1,0.07692307692307693,12,12,CGAATTTTCGAGGCTCAAAA,0,2430712
mhpRp1,0.07692307692307693,12,12,CCTTCATACGAATGGTAAAA,0,2470219
mhpRp1,0.07692307692307693,12,12,CCTGGATACCGTAGACTTCT,0,2436609
mhpRp1,0.07692307692307693,12,12,CCTGCAGTCGGGGGATGCTC,0,2438244
mhpRp1,0.07692307692307693,12,12,CCTGACTCATTGCACAAGCA,0,2435855
mhpRp1,0.07692307692307693,12,12,CCTCGGGGAATGAGTTGTTG,0,2472381
mhpRp1,0.07692307692307693,12,12,CCGTCCGAACGGACTCGATT,0,2463889
mhpRp1,0.07692307692307693,12,12,CCGTAACATGTTCAGGGTTT,0,2429701
mhpRp1,0.07692307692307693,12,12,CCGGGGTTAGCAATGGTGTC,0,2477780
mhpRp1,0.07692307692307693,12,12,CCGGGCTGAGGATCCAATAC,0,2456790
mhpRp1,0.07692307692307693,12,12,CCGGAGCCTAGGGTTCCTCA,0,2439779
mhpRp1,0.07692307692307693,12,12,CCGCCAGTACAACTTTTGCG,0,2469265
mhpRp1,0.07692307692307693,12,12,CCCTGTACTGTCCATTGGTG,0,2431746
mhpRp1,0.07692307692307693,12,12,CCCGACTGCTCGTTGTTGAC,0,2435317
mhpRp1,0.07692307692307693,12,12,CCCAGACGGATGCTAAATGT,0,2429618
mhpRp1,0.07692307692307693,12,12,CCCACGGGCGCATCTCCTGC,0,2446193
mhpRp1,0.07692307692307693,12,12,CCATGCTTTTAAGGAGTTAC,0,2430794
mhpRp1,0.07692307692307693,12,12,CCATAGCAATCTGCATGGCG,0,2425920
mhpRp1,0.07692307692307693,12,12,CCATACGTTGAGTATATTAG,0,2455412
mhpRp1,0.07692307692307693,12,12,CCACTAACTCCCTGCCAGTT,0,2447464
mhpRp1,0.07692307692307693,12,12,CCAACCTAACTACTAGCTCG,0,2475882
mhpRp1,0.07692307692307693,12,12,CATTAGCCAAGCTGTTTTGA,0,2458526
mhpRp1,0.07692307692307693,12,12,CATCACGTGAGTTAACCCGT,0,2458543
mhpRp1,0.07692307692307693,12,12,CATAACTTAAATAGCCTAGA,0,2445375
mhpRp1,0.07692307692307693,12,12,CAGTGATGAATACTAGTCCT,0,2465780
mhpRp1,0.07692307692307693,12,12,CAGTCCGCCTTCATGCTGCG,0,2440783
mhpRp1,0.07692307692307693,12,12,CAGCGCGTCGGGGGGATATG,0,2475260
mhpRp1,0.07692307692307693,12,12,CAGCACGAGACTGGATGCTG,0,2438734
mhpRp1,0.07692307692307693,12,12,CAGAGTTCCACTGACCAGAG,0,2443447
mhpRp1,0.07692307692307693,12,12,CAGAAACGAATCGGGACGAC,0,2440511
mhpRp1,0.07692307692307693,12,12,CACTTCACTGATACTTAGTG,0,2446188
mhpRp1,0.07692307692307693,12,12,CACTGACTGCAATGCCTTGC,0,2424048
mhpRp1,0.07692307692307693,12,12,CACTCAAGTACCCGATTCCT,0,2434910
mhpRp1,0.07692307692307693,12,12,CACGGGGTCGAATGCGTACA,0,2438114
mhpRp1,0.07692307692307693,12,12,CACGGGGGAGGTTCACGCGA,0,2475194
mhpRp1,0.07692307692307693,12,12,CACCCAACAAAGATAGTTAG,0,2443895
mhpRp1,0.07692307692307693,12,12,CACATACTAATTAGATTTGC,0,2432468
mhpRp1,0.07692307692307693,12,12,CACACGGAACAGCGGTAGCG,0,2461506
mhpRp1,0.07692307692307693,12,12,CAATTTCCAGCCGTAAGCGT,0,2477899
mhpRp1,0.07692307692307693,12,12,CAATCGGCTAGAATTTTTGT,0,2459963
mhpRp1,0.07692307692307693,12,12,CAAGATGTAAGAGCGAACTG,0,2435052
mhpRp1,0.07692307692307693,12,12,CAACTGTTTCATCGAGCGAC,0,2459927
mhpRp1,0.07692307692307693,12,12,CAACTCAATTGTCCATCATG,0,2432719
mhpRp1,0.07692307692307693,12,12,ATTTACGTCCTCGAATCAGC,0,2468059
mhpRp1,0.07692307692307693,12,12,ATTGTAATGCAACCGCATAT,0,2458981
mhpRp1,0.07692307692307693,12,12,ATTGAATGGCGATCTTTATG,0,2439114
mhpRp1,0.07692307692307693,12,12,ATTCTTATATCGCCAACTCT,0,2453735
mhpRp1,0.07692307692307693,12,12,ATTATACCTGGACCAAAACT,0,2469970
mhpRp1,0.07692307692307693,12,12,ATGTGTCATGAGGCGGGCGG,0,2469486
mhpRp1,0.07692307692307693,12,12,ATGATGCGCGGAACCAGGAC,0,2440559
mhpRp1,0.07692307692307693,12,12,ATGAGTAACCGCAGCTCCAT,0,2456934
mhpRp1,0.07692307692307693,12,12,ATCTCCCTGGGATTCACCAG,0,2454671
mhpRp1,0.07692307692307693,12,12,ATCGTGTGACTCCTGAGCAA,0,2460841
mhpRp1,0.07692307692307693,12,12,ATCCTTTAAACAGCATTTGG,0,2446554
mhpRp1,0.07692307692307693,12,12,ATCACTGGGACGATAGTAGC,0,2443296
mhpRp1,0.07692307692307693,12,12,ATAGCTGGGATGGATTGAAC,0,2473367
mhpRp1,0.07692307692307693,12,12,ATACGCGACTAAAAGATCGA,0,2467949
mhpRp1,0.07692307692307693,12,12,ATAATCCTATTCGGTTCTAG,0,2443964
mhpRp1,0.07692307692307693,12,12,ATAATACGACTGGGTCAGCG,0,2424945
mhpRp1,0.07692307692307693,12,12,ATAACGTAGTCCGATATGCT,0,2474897
mhpRp1,0.07692307692307693,12,12,AGTAGGCACACCGTTAATAT,0,2452242
mhpRp1,0.07692307692307693,12,12,AGGCTCACTGCTAAGGGCTA,0,2433593
mhpRp1,0.07692307692307693,12,12,AGGCCTATCTGCCTTATGGG,0,2430053
mhpRp1,0.07692307692307693,12,12,AGGCCAACCAGTTTTGCCTA,0,2473164
mhpRp1,0.07692307692307693,12,12,AGGAATTACAAACTCGGCAG,0,2432513
mhpRp1,0.07692307692307693,12,12,AGGAACTCATACACTGTTAT,0,2462819
mhpRp1,0.07692307692307693,12,12,AGCTATTGTCCCGTTCTGCG,0,2440360
mhpRp1,0.07692307692307693,12,12,AGCTATCACCCATTAATCTC,0,2459151
mhpRp1,0.07692307692307693,12,12,AGCGGGGAGAATTGGTAGTA,0,2442252
mhpRp1,0.07692307692307693,12,12,AGCCAGCCTAGAGCGATCAA,0,2462734
mhpRp1,0.07692307692307693,12,12,AGCATTGCTGCGGTGTAACT,0,2432082
mhpRp1,0.07692307692307693,12,12,AGCACAATCAGGGAACCACA,0,2439812
mhpRp1,0.07692307692307693,12,12,AGACGGCCGAGTGACAGGAG,0,2452545
mhpRp1,0.07692307692307693,12,12,AGAACTAAACTTTTCGGGGA,0,2442744
mhpRp1,0.07692307692307693,12,12,AGAAAACGGCTCCTTACGTG,0,2429010
mhpRp1,0.07692307692307693,12,12,ACTGCCTCCTCCAACACATT,0,2444705
mhpRp1,0.07692307692307693,12,12,ACTCGAGCACACGAAACCCT,0,2435857
mhpRp1,0.07692307692307693,12,12,ACGGCGGGGCGGTTGCTGCA,0,2463015
mhpRp1,0.07692307692307693,12,12,ACGAAACGGGTTTACCTCGG,0,2434567
mhpRp1,0.07692307692307693,12,12,ACCGATGAGCTACTATAAGG,0,2469725
mhpRp1,0.07692307692307693,12,12,ACCCCAAGACGGATTGCGGC,0,2452834
mhpRp1,0.07692307692307693,12,12,ACCACCGTGGAATGTTCAAA,0,2430714
mhpRp1,0.07692307692307693,12,12,ACATTTCTGATCTACAATGT,0,2476080
mhpRp1,0.07692307692307693,12,12,ACAGGACAGGTATTTCATTC,0,2476281
mhpRp1,0.07692307692307693,12,12,ACACGAAGCCAATCTACGGT,0,2441705
mhpRp1,0.07692307692307693,12,12,ACAATCACTTGCCCCCAGTG,0,2444897
mhpRp1,0.07692307692307693,12,12,AATGCTCATCCGTCGCGCGT,0,2463523
mhpRp1,0.07692307692307693,12,12,AATACCATGTGCGACGGGTC,0,2449751
mhpRp1,0.07692307692307693,12,12,AATAAATGAGGGGACGGCGG,0,2467382
mhpRp1,0.07692307692307693,12,12,AAGTCCTCCCCCTATTCCCC,0,2472074
mhpRp1,0.07692307692307693,12,12,AAGTAAGACACAGGATCCTG,0,2449000
mhpRp1,0.07692307692307693,12,12,AAGGCCCCGGGGCAGCCAAA,0,2465296
mhpRp1,0.07692307692307693,12,12,AAGGAAAAAGGGTGCTCTCA,0,2424416
mhpRp1,0.07692307692307693,12,12,AAGAGTTGGAATGCCTAGGG,0,2438690
mhpRp1,0.07692307692307693,12,12,AAGAGTACCGACACTTGCCT,0,2432207
mhpRp1,0.07692307692307693,12,12,AACTAGCTCTAGCACAAGCG,0,2465782
mhpRp1,0.07692307692307693,12,12,AACGTTCACCCGGTCTTGGG,0,2456938
mhpRp1,0.07692307692307693,12,12,AACGAATGAAAATCGTGTGC,0,2461973
mhpRp1,0.07692307692307693,12,12,AACACCTTCACCTCTGCAGT,0,2423849
mhpRp1,0.07692307692307693,12,12,AACAAATCGGGCCGCTATCA,0,2478535
mhpRp1,0.07692307692307693,12,12,AAAGTACGTGAGGAGTGGTA,0,2457805
mhpRp1,0.07692307692307693,12,12,AAAGGGTAGTTTAAGCGTCA,0,2469877
mhpRp1,0.07692307692307693,12,12,AAAATCGCACAATAAGTCAC,0,2455232
mhpRp1,0.08333333333333333,11,11,TTTTTTGAGTACAACAAGAA,0,2454524
mhpRp1,0.08333333333333333,11,11,TTTTGACGATGTTTCCCATT,0,2458033
mhpRp1,0.08333333333333333,11,11,TTTGTCATCCGCAGATATCG,0,2442565
mhpRp1,0.08333333333333333,11,11,TTTGCACAGTACGCCGAAGC,0,2436516
mhpRp1,0.08333333333333333,11,11,TTTCTTTCAAGTTCCAGGAC,0,2471876
mhpRp1,0.08333333333333333,11,11,TTTAGCCCACTTTTTTAACC,0,2429884
mhpRp1,0.08333333333333333,11,11,TTGGGCGCAATATTCACCTT,0,2458360
mhpRp1,0.08333333333333333,11,11,TTGGCTGGCATCTCGCTTAC,0,2466136
mhpRp1,0.08333333333333333,11,11,TTGGATAAAAAGGAACCACG,0,2459152
mhpRp1,0.08333333333333333,11,11,TTGCCGATTTAGTTACCGCT,0,2449769
mhpRp1,0.08333333333333333,11,11,TTGCCCTTCATGAGACTAGA,0,2424701
mhpRp1,0.08333333333333333,11,11,TTGATATCACAGCGAGGGCA,0,2426185
mhpRp1,0.08333333333333333,11,11,TTGAGCCATTGTTTCTTGAT,0,2466654
mhpRp1,0.08333333333333333,11,11,TTCATGGAGAATGCCTTGTA,0,2464653
mhpRp1,0.08333333333333333,11,11,TTCATCGAACACCTGGTACT,0,2451844
mhpRp1,0.08333333333333333,11,11,TTATTCGGCTAGATTAAGCA,0,2426229
mhpRp1,0.08333333333333333,11,11,TTAGTCGTGTTAGACCAAGG,0,2441128
mhpRp1,0.08333333333333333,11,11,TTAGGCGGTTGGCTTCTAGA,0,2478799
mhpRp1,0.08333333333333333,11,11,TTACTCAAACGTGAGGTCTT,0,2451141
mhpRp1,0.08333333333333333,11,11,TTAAGGATGCTTAGAGTGCT,0,2474076
mhpRp1,0.08333333333333333,11,11,TGTCTGTGGTACGGGATTCG,0,2444606
mhpRp1,0.08333333333333333,11,11,TGTCGGGACAGTCGAAAGCG,0,2474097
mhpRp1,0.08333333333333333,11,11,TGGTCTGAAAGTTCCGGGAA,0,2467784
mhpRp1,0.08333333333333333,11,11,TGGTCCATTCCACTTCAGCT,0,2446379
mhpRp1,0.08333333333333333,11,11,TGGGTCAATAAGTTTTACAA,0,2425025
mhpRp1,0.08333333333333333,11,11,TGGGGCGACATTTCTCGCGG,0,2472649
mhpRp1,0.08333333333333333,11,11,TGGCTCACGCTTGAGCAGTC,0,2466826
mhpRp1,0.08333333333333333,11,11,TGCGCCAAGGCAGAGCTCAA,0,2443849
mhpRp1,0.08333333333333333,11,11,TGCCATATTACAAAATCCCG,0,2451324
mhpRp1,0.08333333333333333,11,11,TGCCAAGTCAGCCTTGCTCA,0,2476291
mhpRp1,0.08333333333333333,11,11,TGATACGGAACCTTTCCCAT,0,2447086
mhpRp1,0.08333333333333333,11,11,TGAGGCCATCTACATATATA,0,2434357
mhpRp1,0.08333333333333333,11,11,TGAGCCATGATGTGTCAACA,0,2444348
mhpRp1,0.08333333333333333,11,11,TGAGCAAGTTGGGAACCCCA,0,2438190
mhpRp1,0.08333333333333333,11,11,TGAGACACAGGATCCGGTAG,0,2461247
mhpRp1,0.08333333333333333,11,11,TGACTTCTGGCGGGGTTAGT,0,2457991
mhpRp1,0.08333333333333333,11,11,TGAAGACGACTCTATAACGA,0,2441568
mhpRp1,0.08333333333333333,11,11,TGAAACATCCGCATCATGCT,0,2431067
mhpRp1,0.08333333333333333,11,11,TCTTGGAGGAGGCGGCGTCT,0,2425474
mhpRp1,0.08333333333333333,11,11,TCTTCTTGCTAGACATGCTC,0,2475460
mhpRp1,0.08333333333333333,11,11,TCTGGTCATCTTCCTAGACT,0,2465348
mhpRp1,0.08333333333333333,11,11,TCTGGAGGGGCGGTGACCTT,0,2468332
mhpRp1,0.08333333333333333,11,11,TCTCCCCGGTACATATTGAG,0,2440444
mhpRp1,0.08333333333333333,11,11,TCTCCAGCTATATGCAGCGC,0,2461617
mhpRp1,0.08333333333333333,11,11,TCTATTTCGAGTGGGGTGGA,0,2468438
mhpRp1,0.08333333333333333,11,11,TCGTGCAGAACCCTTATCTG,0,2468205
mhpRp1,0.08333333333333333,11,11,TCGTCTATGAATTTCAAGAA,0,2460944
mhpRp1,0.08333333333333333,11,11,TCGGCTCGACTAGCAGACAT,0,2464376
mhpRp1,0.08333333333333333,11,11,TCGCCATCCATTTAGAATTC,0,2455537
mhpRp1,0.08333333333333333,11,11,TCGACATCGGTAGGCAGTTT,0,2448153
mhpRp1,0.08333333333333333,11,11,TCCTCCATTTCCCAGATGTC,0,2440484
mhpRp1,0.08333333333333333,11,11,TCCCGTCAGATTCTTCTAAG,0,2477104
mhpRp1,0.08333333333333333,11,11,TCCACGTGGACGCGTGCAGA,0,2476522
mhpRp1,0.08333333333333333,11,11,TCATGACGCAAAACGCAGAT,0,2469835
mhpRp1,0.08333333333333333,11,11,TCAGGTACTGCTCAGTTCTT,0,2444208
mhpRp1,0.08333333333333333,11,11,TCAGGAAGGTGAAAGCAAGT,0,2428380
mhpRp1,0.08333333333333333,11,11,TCACCTTGAGTATCTTTAGG,0,2436755
mhpRp1,0.08333333333333333,11,11,TCACCTGCTTCGGTGTGGGT,0,2453160
mhpRp1,0.08333333333333333,11,11,TCACAACAGCGGCCCTCCAC,0,2451968
mhpRp1,0.08333333333333333,11,11,TCAAGCATCCGCATGCGAGA,0,2448246
mhpRp1,0.08333333333333333,11,11,TCAACACCCGTCTGGACGAT,0,2463085
mhpRp1,0.08333333333333333,11,11,TCAAACCGGCTGCAGCATCT,0,2466845
mhpRp1,0.08333333333333333,11,11,TATTGATATCCAGCAGTGTG,0,2426956
mhpRp1,0.08333333333333333,11,11,TATGCAATTAACAAATATAG,0,2430671
mhpRp1,0.08333333333333333,11,11,TATCGGGAACCTAGGCTCTT,0,2437710
mhpRp1,0.08333333333333333,11,11,TATCATGCGTTGTAGGACCT,0,2448612
mhpRp1,0.08333333333333333,11,11,TAGGTAACGCAACGCTTCAT,0,2462265
mhpRp1,0.08333333333333333,11,11,TAGGTAACAAGGCCGTTACG,0,2459438
mhpRp1,0.08333333333333333,11,11,TAGGGTCGTCGCCAGATTCT,0,2446107
mhpRp1,0.08333333333333333,11,11,TAGGCGAAGTTACGTATTAC,0,2474804
mhpRp1,0.08333333333333333,11,11,TAGCACAAGGGAACCGCATT,0,2433561
mhpRp1,0.08333333333333333,11,11,TAGCAACCCATTCATTGTCT,0,2478691
mhpRp1,0.08333333333333333,11,11,TACTGGTAACGGACGGCCTA,0,2467925
mhpRp1,0.08333333333333333,11,11,TACGCGCACGCGGACATCTT,0,2431209
mhpRp1,0.08333333333333333,11,11,TACAGGGGCAGACGTACTGC,0,2439031
mhpRp1,0.08333333333333333,11,11,TACAATGGCGAAATCAATGG,0,2446516
mhpRp1,0.08333333333333333,11,11,TAATGAGGGGGGCCTCTATC,0,2431521
mhpRp1,0.08333333333333333,11,11,TAATAGCGAGTAACCCGGAG,0,2468137
mhpRp1,0.08333333333333333,11,11,TAATACAAGAGCCGGCTGGT,0,2473967
mhpRp1,0.08333333333333333,11,11,TAACTCGACTCGCTTCATCA,0,2451012
mhpRp1,0.08333333333333333,11,11,TAACCGTAATAGATGGCTTG,0,2463522
mhpRp1,0.08333333333333333,11,11,TAAAGGGACATAGGCATAAT,0,2443785
mhpRp1,0.08333333333333333,11,11,GTTTAAGCGTAGTCCTCCCC,0,2468708
mhpRp1,0.08333333333333333,11,11,GTTGGGGCACTACTCGATAT,0,2447711
mhpRp1,0.08333333333333333,11,11,GTTGGAGGGAGTCGGGGCTG,0,2446528
mhpRp1,0.08333333333333333,11,11,GTTGCGCGATGGTCAGAGTC,0,2440347
mhpRp1,0.08333333333333333,11,11,GTTGAGGAAGCAGGATTGAT,0,2434444
mhpRp1,0.08333333333333333,11,11,GTTGACGCCAGAATCAGGTT,0,2442070
mhpRp1,0.08333333333333333,11,11,GTTCTGTTCGAGCCGTACAG,0,2428384
mhpRp1,0.08333333333333333,11,11,GTTCGGGTTGTGAACAGTCA,0,2475250
mhpRp1,0.08333333333333333,11,11,GTTATCCATCTACGAGAATC,0,2455570
mhpRp1,0.08333333333333333,11,11,GTTACATGCACGGGTTGTCA,0,2433810
mhpRp1,0.08333333333333333,11,11,GTGTCCATACCGAACGGAAG,0,2444262
mhpRp1,0.08333333333333333,11,11,GTGTACTCCAAGATGAAGTT,0,2467146
mhpRp1,0.08333333333333333,11,11,GTGGCTTTTATGGCTAGTTT,0,2470973
mhpRp1,0.08333333333333333,11,11,GTGGCATGAACGCATTAAGT,0,2452959
mhpRp1,0.08333333333333333,11,11,GTGGAGATATGAGAGTACGC,0,2428590
mhpRp1,0.08333333333333333,11,11,GTGCTTTAGCTTGTTAGATT,0,2473331
mhpRp1,0.08333333333333333,11,11,GTGCTATATACGCTTTGTGT,0,2448247
mhpRp1,0.08333333333333333,11,11,GTGAACTCGTTCTACAGATA,0,2453618
mhpRp1,0.08333333333333333,11,11,GTCCGTGAGCATATGGAGGT,0,2448797
mhpRp1,0.08333333333333333,11,11,GTCCCCGACACCAACTCGCT,0,2468687
mhpRp1,0.08333333333333333,11,11,GTCAGTTTTAGGCTAAAGTT,0,2436792
mhpRp1,0.08333333333333333,11,11,GTCAGCCTCCGGAGCGGAAG,0,2479064
mhpRp1,0.08333333333333333,11,11,GTCAATCAACATAACGTCAC,0,2432634
mhpRp1,0.08333333333333333,11,11,GTAGGGTTCTACCATCAGAA,0,2434135
mhpRp1,0.08333333333333333,11,11,GTACAGCAAGTGCTAGACCG,0,2452660
mhpRp1,0.08333333333333333,11,11,GTAACTTGGGGCTCGCAAAT,0,2472991
mhpRp1,0.08333333333333333,11,11,GGTTTAACATCAACTATATT,0,2478459
mhpRp1,0.08333333333333333,11,11,GGTTGCGACGCGCGCGTAAG,0,2428248
mhpRp1,0.08333333333333333,11,11,GGTGTCATGCCTGAATCTGA,0,2467398
mhpRp1,0.08333333333333333,11,11,GGTGGGAACCCAAACAGTCA,0,2469951
mhpRp1,0.08333333333333333,11,11,GGTCTGTGAGTTGCTAGGAT,0,2439117
mhpRp1,0.08333333333333333,11,11,GGTCCGCGGTGACTTGAGTT,0,2434476
mhpRp1,0.08333333333333333,11,11,GGTAAGCCATACGGCGCTAA,0,2436052
mhpRp1,0.08333333333333333,11,11,GGGTGAAGTTCCTTGAGCGA,0,2459915
mhpRp1,0.08333333333333333,11,11,GGGTCGTAATACACTCACAT,0,2427931
mhpRp1,0.08333333333333333,11,11,GGGCTCCATCTGATTTATTT,0,2448365
mhpRp1,0.08333333333333333,11,11,GGGCGCAGCACAAGCTTCAG,0,2424045
mhpRp1,0.08333333333333333,11,11,GGGCATAATGTGATAGCCCA,0,2450090
mhpRp1,0.08333333333333333,11,11,GGGAACTCGCTACCCTAGGC,0,2438241
mhpRp1,0.08333333333333333,11,11,GGGAAACAAAGCTTATCTTC,0,2442437
mhpRp1,0.08333333333333333,11,11,GGCTAGGCCAATACATACAG,0,2478053
mhpRp1,0.08333333333333333,11,11,GGCTACATATTGGTTATTTC,0,2458593
mhpRp1,0.08333333333333333,11,11,GGCGCATGGGAGCTTTCATA,0,2476383
mhpRp1,0.08333333333333333,11,11,GGCGAACTTTAAATGAGTTT,0,2441487
mhpRp1,0.08333333333333333,11,11,GGCCGTGTCGGAGTATACGC,0,2474844
mhpRp1,0.08333333333333333,11,11,GGCCCGTACATCCCCGTGAT,0,2454878
mhpRp1,0.08333333333333333,11,11,GGCATCATCGCCAACGAGCC,0,2444934
mhpRp1,0.08333333333333333,11,11,GGCAGTTATTGGCCTAACAG,0,2427567
mhpRp1,0.08333333333333333,11,11,GGCACTACAACCAATTGACT,0,2446535
mhpRp1,0.08333333333333333,11,11,GGATGTGTAAACATCGGTGA,0,2438698
mhpRp1,0.08333333333333333,11,11,GGAGTTAGTCGCGCAGGCAT,0,2461611
mhpRp1,0.08333333333333333,11,11,GGAACAGGTTCAAGTGCTGG,0,2434970
mhpRp1,0.08333333333333333,11,11,GGAAAAGGCCACTGAAAGAA,0,2472748
mhpRp1,0.08333333333333333,11,11,GCTGTTGGTGGCTGGCGACA,0,2465743
mhpRp1,0.08333333333333333,11,11,GCTGCTCAGGTTGGGATCGA,0,2447100
mhpRp1,0.08333333333333333,11,11,GCGTATTAGGGAGTGTCATC,0,2429167
mhpRp1,0.08333333333333333,11,11,GCGCGATACGATGACCGTGG,0,2436354
mhpRp1,0.08333333333333333,11,11,GCGCCACGTGCGCGGCCCAT,0,2467403
mhpRp1,0.08333333333333333,11,11,GCGAGGACAGTCCCCTACCA,0,2478093
mhpRp1,0.08333333333333333,11,11,GCGACCGCAGGGATGACGAA,0,2443565
mhpRp1,0.08333333333333333,11,11,GCCTCCGGTATGTCCACGGC,0,2438024
mhpRp1,0.08333333333333333,11,11,GCCGGGCTCGGCCTCGCGGT,0,2460665
mhpRp1,0.08333333333333333,11,11,GCATTTGGTACCTACTTATC,0,2464795
mhpRp1,0.08333333333333333,11,11,GCATGTCTTCGGAAGGGTTA,0,2466878
mhpRp1,0.08333333333333333,11,11,GCAGCGGCAAACGCAGAATG,0,2448096
mhpRp1,0.08333333333333333,11,11,GCAATACCCCTTTACGGACA,0,2436935
mhpRp1,0.08333333333333333,11,11,GCAAGCCTTCCATTTCAGTA,0,2477480
mhpRp1,0.08333333333333333,11,11,GATTTTACAGAGCTTGTAGT,0,2453471
mhpRp1,0.08333333333333333,11,11,GATGAGCGAACACAGCATAT,0,2437236
mhpRp1,0.08333333333333333,11,11,GATCTGTTAATCATTATTTA,0,2443726
mhpRp1,0.08333333333333333,11,11,GATCGGTGGCTCCCTTGCGC,0,2440542
mhpRp1,0.08333333333333333,11,11,GATATTATCTGGACCGGCTA,0,2449581
mhpRp1,0.08333333333333333,11,11,GATACTCAGTATGGTGACAG,0,2440710
mhpRp1,0.08333333333333333,11,11,GAGTTCGAATCAAGCATTGA,0,2459119
mhpRp1,0.08333333333333333,11,11,GAGTCACAAGGACCTGCCCG,0,2458882
mhpRp1,0.08333333333333333,11,11,GAGATATTGTAACTCGCTAG,0,2476679
mhpRp1,0.08333333333333333,11,11,GACTGTTTTACGTTAGGCCA,0,2443554
mhpRp1,0.08333333333333333,11,11,GACTGCCCGGGATCCAAGGG,0,2439268
mhpRp1,0.08333333333333333,11,11,GACGGAGGGAGAACTCAAAG,0,2459614
mhpRp1,0.08333333333333333,11,11,GACCCGGGTATGCATTCAAT,0,2468025
mhpRp1,0.08333333333333333,11,11,GACCCCGTTCAGGCAAGCGT,0,2427518
mhpRp1,0.08333333333333333,11,11,GAAGTCGTGGACAGTTCCAC,0,2459698
mhpRp1,0.08333333333333333,11,11,GAACCGGCGCTTCTCACCCC,0,2443006
mhpRp1,0.08333333333333333,11,11,GAAATTCACACCTGACGGCT,0,2452342
mhpRp1,0.08333333333333333,11,11,CTTTGGTAGACTTCCGATCA,0,2450043
mhpRp1,0.08333333333333333,11,11,CTTGTCTGGCTGACCGACTA,0,2469947
mhpRp1,0.08333333333333333,11,11,CTTGCGAGTCGTCTCGACAT,0,2468920
mhpRp1,0.08333333333333333,11,11,CTTCCGCCTAACGCATTGCA,0,2434285
mhpRp1,0.08333333333333333,11,11,CTGATTTAATAAGCCAACGA,0,2426909
mhpRp1,0.08333333333333333,11,11,CTCGGAGGCATATCAACAAC,0,2468546
mhpRp1,0.08333333333333333,11,11,CTCCGTTGAGCTGTTTTCTG,0,2467833
mhpRp1,0.08333333333333333,11,11,CTATCGCAGCCTGGACTCGT,0,2473697
mhpRp1,0.08333333333333333,11,11,CTAGTCAATTGCATTCCGCT,0,2473642
mhpRp1,0.08333333333333333,11,11,CTAGGTGCAGGTGTAATGTC,0,2428405
mhpRp1,0.08333333333333333,11,11,CTAGGCCACTTAGTTTTGCA,0,2453526
mhpRp1,0.08333333333333333,11,11,CTAGAGAGAACGCCCTTAGA,0,2465379
mhpRp1,0.08333333333333333,11,11,CGTTGGTCAGCTGTATTCGG,0,2466843
mhpRp1,0.08333333333333333,11,11,CGTTCTGCACTGTTCCGATC,0,2476116
mhpRp1,0.08333333333333333,11,11,CGTCACTCTCAGCAGACATT,0,2423923
mhpRp1,0.08333333333333333,11,11,CGTACTCTATTTGTATTAAG,0,2450341
mhpRp1,0.08333333333333333,11,11,CGTACCGCCCACTCCTGTAC,0,2424007
mhpRp1,0.08333333333333333,11,11,CGGTAACCTGTTGTTCCTAA,0,2452785
mhpRp1,0.08333333333333333,11,11,CGGGCTTATAAAAATTCATG,0,2446060
mhpRp1,0.08333333333333333,11,11,CGGGCAGACCGACGTACGTC,0,2459194
mhpRp1,0.08333333333333333,11,11,CGGCATTCTCAGGCAGGGAC,0,2448394
mhpRp1,0.08333333333333333,11,11,CGGATCTTATAAGCCTAGAT,0,2458726
mhpRp1,0.08333333333333333,11,11,CGGATCCAGTGTAACGATGC,0,2434774
mhpRp1,0.08333333333333333,11,11,CGGACGACCACGCTCTGTAA,0,2450586
mhpRp1,0.08333333333333333,11,11,CGCTTCTCCCGCCGAACCCA,0,2447153
mhpRp1,0.08333333333333333,11,11,CGCGGTATCCCTGCTAAGGC,0,2451149
mhpRp1,0.08333333333333333,11,11,CGCGGCAAGAAAGGAAGGTA,0,2435310
mhpRp1,0.08333333333333333,11,11,CGCGATTAGACTTGTAGGGC,0,2440410
mhpRp1,0.08333333333333333,11,11,CGCGATGTGAGGCGTACTAT,0,2452897
mhpRp1,0.08333333333333333,11,11,CGCCTCCAACTACAGTACGC,0,2447116
mhpRp1,0.08333333333333333,11,11,CGCCGATTGCATCCAATAAT,0,2430665
mhpRp1,0.08333333333333333,11,11,CGCACACTCCGTATCAACAA,0,2464798
mhpRp1,0.08333333333333333,11,11,CGATTTTACCCGTTTGTTAA,0,2428131
mhpRp1,0.08333333333333333,11,11,CGATTAAGTCCTGGCTGCTT,0,2433420
mhpRp1,0.08333333333333333,11,11,CGATGGAGAAGGAACTTGTG,0,2434928
mhpRp1,0.08333333333333333,11,11,CGAACAAACACAAGCCCTTT,0,2466599
mhpRp1,0.08333333333333333,11,11,CCTGGTTACAGCCACCGAAG,0,2471701
mhpRp1,0.08333333333333333,11,11,CCTCGCATTGTGCTTCTACT,0,2444403
mhpRp1,0.08333333333333333,11,11,CCTACGAGGCGCAGTTAGGG,0,2426491
mhpRp1,0.08333333333333333,11,11,CCTAAAACAATGGGCTGTAT,0,2424733
mhpRp1,0.08333333333333333,11,11,CCGTCCGCATTCGATAGCAG,0,2443500
mhpRp1,0.08333333333333333,11,11,CCGGAGGTTATTTGTAGACT,0,2463564
mhpRp1,0.08333333333333333,11,11,CCCTTGCGCCATGAGGTTAA,0,2464369
mhpRp1,0.08333333333333333,11,11,CCCTAGCATAGATGCTTTAA,0,2463793
mhpRp1,0.08333333333333333,11,11,CCCGTATTGCCACGATCTAT,0,2436943
mhpRp1,0.08333333333333333,11,11,CCCGTATAGCTGCATCAGAA,0,2467604
mhpRp1,0.08333333333333333,11,11,CCCCTGGCGGCGGGTATCAT,0,2444234
mhpRp1,0.08333333333333333,11,11,CCCATTCTTAACACGCCTCT,0,2463092
mhpRp1,0.08333333333333333,11,11,CCATGCCTAGGTCATTGTTA,0,2456884
mhpRp1,0.08333333333333333,11,11,CCATCGGTTGTCCGTAAACG,0,2448457
mhpRp1,0.08333333333333333,11,11,CCAGGGTCGAGTATCCGCAT,0,2460380
mhpRp1,0.08333333333333333,11,11,CCACGTCCCTCACATTTATT,0,2459156
mhpRp1,0.08333333333333333,11,11,CATCGGGATCGGGGGGCGTA,0,2458368
mhpRp1,0.08333333333333333,11,11,CAGTAGGCCGTTACCACCAC,0,2463362
mhpRp1,0.08333333333333333,11,11,CAGCTAGCATTAGGAAGGGC,0,2425945
mhpRp1,0.08333333333333333,11,11,CAGAACCCTTTAGGACTAGC,0,2440372
mhpRp1,0.08333333333333333,11,11,CACGTCCGAGCTTCGTTGTA,0,2433681
mhpRp1,0.08333333333333333,11,11,CACGCGAGTTGCGGAGTTGA,0,2441573
mhpRp1,0.08333333333333333,11,11,CACCTCTGGTTTTCTATAGT,0,2464254
mhpRp1,0.08333333333333333,11,11,CACCCATAGGACAGGGGGTG,0,2431815
mhpRp1,0.08333333333333333,11,11,CAAACGTCGGAAGGCACTCC,0,2432465
mhpRp1,0.08333333333333333,11,11,CAAACGGAGCACTAATGTCC,0,2457330
mhpRp1,0.08333333333333333,11,11,ATTGGCCGATACGCCGATCC,0,2447042
mhpRp1,0.08333333333333333,11,11,ATTGGATGGCGATGGGCAAT,0,2434929
mhpRp1,0.08333333333333333,11,11,ATTGAGGAATCCCCGCGACA,0,2452494
mhpRp1,0.08333333333333333,11,11,ATTGAAGGTCAACACGGATG,0,2437262
mhpRp1,0.08333333333333333,11,11,ATGTCTTCTAGTCCTCGAAG,0,2468502
mhpRp1,0.08333333333333333,11,11,ATGTCCGAGTGCGTAGTCAG,0,2462428
mhpRp1,0.08333333333333333,11,11,ATGTACGGCTATTTACCTTG,0,2437045
mhpRp1,0.08333333333333333,11,11,ATGTAAGTTCTTTCGTTTGG,0,2436838
mhpRp1,0.08333333333333333,11,11,ATGGCTGTCTAAGGAGAGTA,0,2443702
mhpRp1,0.08333333333333333,11,11,ATGCGTTCTGGTTTTTAATA,0,2463411
mhpRp1,0.08333333333333333,11,11,ATGCGCCCGCTATGGTCCAC,0,2451945
mhpRp1,0.08333333333333333,11,11,ATGCACTTAGCTAAGGTCTG,0,2426127
mhpRp1,0.08333333333333333,11,11,ATGAAGAGATGCGGAATGTT,0,2426803
mhpRp1,0.08333333333333333,11,11,ATCTAACAAGCTTCTTCCAT,0,2437207
mhpRp1,0.08333333333333333,11,11,ATCGAACGACGCGACCCCTC,0,2448989
mhpRp1,0.08333333333333333,11,11,ATCCATAAACGCAAGTCTAG,0,2433876
mhpRp1,0.08333333333333333,11,11,ATCACATCACGTTCGGTCTA,0,2423921
mhpRp1,0.08333333333333333,11,11,ATAGTCGCCCCGTCCGTGCC,0,2452723
mhpRp1,0.08333333333333333,11,11,ATAGAAGCGGCTAGGCCTGC,0,2432801
mhpRp1,0.08333333333333333,11,11,ATACCACGAGCCTTTAGAAA,0,2459701
mhpRp1,0.08333333333333333,11,11,ATAATGATTAAACTCGAGTA,0,2435443
mhpRp1,0.08333333333333333,11,11,AGTTCGACCAAAGTAGAACT,0,2454087
mhpRp1,0.08333333333333333,11,11,AGTGATATATAGCCATGGTG,0,2467064
mhpRp1,0.08333333333333333,11,11,AGTCTACAGGTCGTTAGGAG,0,2476529
mhpRp1,0.08333333333333333,11,11,AGTCCGACTATGCGTTCAAG,0,2453820
mhpRp1,0.08333333333333333,11,11,AGGTCCCACCCGGTAAATCT,0,2461865
mhpRp1,0.08333333333333333,11,11,AGGTACTATGTATCGTATAG,0,2434419
mhpRp1,0.08333333333333333,11,11,AGGTACTATGACAAGATCAA,0,2453710
mhpRp1,0.08333333333333333,11,11,AGGGCTCGCGCAAACCCAGA,0,2427028
mhpRp1,0.08333333333333333,11,11,AGGGACAGGGTGGTACCAAC,0,2432750
mhpRp1,0.08333333333333333,11,11,AGGCGTCCAATGGGGCCGGT,0,2473818
mhpRp1,0.08333333333333333,11,11,AGGCGCTCGGCGACCGCATC,0,2431146
mhpRp1,0.08333333333333333,11,11,AGGCCCATTAAAAGTACCTA,0,2430384
mhpRp1,0.08333333333333333,11,11,AGGCACCCCCCTGGCGGCCT,0,2465671
mhpRp1,0.08333333333333333,11,11,AGACTCCAGAGCGAACGTGA,0,2456045
mhpRp1,0.08333333333333333,11,11,AGACCCAAGATTGGGGAGAC,0,2449969
mhpRp1,0.08333333333333333,11,11,AGAATTAGCACGGGATTGGT,0,2455459
mhpRp1,0.08333333333333333,11,11,AGAAGGTAGGGAAGGTCGTA,0,2453139
mhpRp1,0.08333333333333333,11,11,AGAAGGACGACACCTACTAA,0,2448791
mhpRp1,0.08333333333333333,11,11,ACTTCTTGTCAGCACTCAAC,0,2451447
mhpRp1,0.08333333333333333,11,11,ACTCCAAGACGGTCTGTACC,0,2442888
mhpRp1,0.08333333333333333,11,11,ACGTCGTCGTTCCGTAGGCG,0,2474198
mhpRp1,0.08333333333333333,11,11,ACGGTTTATTGCGGTCGATG,0,2471062
mhpRp1,0.08333333333333333,11,11,ACGCAGCTGCAACCTAAGAC,0,2470355
mhpRp1,0.08333333333333333,11,11,ACCTAGCCGAGAAAGCCAAG,0,2455304
mhpRp1,0.08333333333333333,11,11,ACCATTCCTGACAATCGATT,0,2476683
mhpRp1,0.08333333333333333,11,11,ACCATATAATTACGCGACCA,0,2461646
mhpRp1,0.08333333333333333,11,11,ACCAATGATGTACTGGCCAA,0,2425180
mhpRp1,0.08333333333333333,11,11,ACATTGCCCTGGACGATTCA,0,2452547
mhpRp1,0.08333333333333333,11,11,ACATCTAGTTGTAGAGCCGT,0,2445764
mhpRp1,0.08333333333333333,11,11,ACATACAAAAATTGCTAGAT,0,2436890
mhpRp1,0.08333333333333333,11,11,ACAGTCAGAGATATCTTGGT,0,2466328
mhpRp1,0.08333333333333333,11,11,ACACTAGCCCCCTGTGACTC,0,2458723
mhpRp1,0.08333333333333333,11,11,ACACGTGTAAGCTTTTCCAT,0,2474054
mhpRp1,0.08333333333333333,11,11,ACACGCTTGGGGGACGAGAA,0,2451061
mhpRp1,0.08333333333333333,11,11,ACAACCGCTTCAAGATCGCC,0,2461673
mhpRp1,0.08333333333333333,11,11,AATGTTACCTCGCAAATGGA,0,2471514
mhpRp1,0.08333333333333333,11,11,AATCGGTGAAGCACGACTAT,0,2433506
mhpRp1,0.08333333333333333,11,11,AATACCGTAGCTGAATAAGA,0,2437755
mhpRp1,0.08333333333333333,11,11,AAGTCTTATAGTCGCACTAG,0,2442746
mhpRp1,0.08333333333333333,11,11,AAGTCCGGTCTCTGAATCCT,0,2430838
mhpRp1,0.08333333333333333,11,11,AAGGGGAAGCAGGAGCCCTT,0,2465479
mhpRp1,0.08333333333333333,11,11,AAGGAATATACTCGTATGGT,0,2442779
mhpRp1,0.08333333333333333,11,11,AAGAAGACCAGAAGCGGAAC,0,2439028
mhpRp1,0.08333333333333333,11,11,AACTGCGATATCAAATAAAG,0,2451557
mhpRp1,0.08333333333333333,11,11,AACGGGTTGGATCACTGTTG,0,2456662
mhpRp1,0.08333333333333333,11,11,AACGAGGGGGGCGCCGGGAT,0,2474159
mhpRp1,0.08333333333333333,11,11,AACATTAAGTGCCTTGCAAA,0,2449525
mhpRp1,0.08333333333333333,11,11,AAATGCCAATGATCAATTGA,0,2449974
mhpRp1,0.08333333333333333,11,11,AAAGCCCGGAAGTTTTGAGC,0,2459846
mhpRp1,0.09090909090909091,10,10,TTTTTAAGTCATATATAGCA,0,2456094
mhpRp1,0.09090909090909091,10,10,TTTTGAAGGGTGTGCCGAGC,0,2475757
mhpRp1,0.09090909090909091,10,10,TTTTCATAGGGCTGGGTGAG,0,2471365
mhpRp1,0.09090909090909091,10,10,TTTTAGGACACGCCAGTAAC,0,2443629
mhpRp1,0.09090909090909091,10,10,TTTGGGAATAAACCAATCAC,0,2461084
mhpRp1,0.09090909090909091,10,10,TTTGAATAATGTACCCTCGA,0,2446337
mhpRp1,0.09090909090909091,10,10,TTTCGAAACCGTCCGGTTAA,0,2462511
mhpRp1,0.09090909090909091,10,10,TTGTGTAGACAACCAAGTCC,0,2478386
mhpRp1,0.09090909090909091,10,10,TTGTAAGTATGAGCACACAT,0,2445294
mhpRp1,0.09090909090909091,10,10,TTGGAGACCGAGGGGTTCTG,0,2438301
mhpRp1,0.09090909090909091,10,10,TTGAAAACTAGAGAGATAAC,0,2454792
mhpRp1,0.09090909090909091,10,10,TTCTTCACAGATACGAGTGG,0,2453289
mhpRp1,0.09090909090909091,10,10,TTCGCTTTTGGACTCTGGAC,0,2472856
mhpRp1,0.09090909090909091,10,10,TTCACGTGGGGTTCGGATGT,0,2471713
mhpRp1,0.09090909090909091,10,10,TTCACGGCCGGTCACCCCTC,0,2449188
mhpRp1,0.09090909090909091,10,10,TTACCAGATAGCGCTTAAAG,0,2441838
mhpRp1,0.09090909090909091,10,10,TTACATCGATGAGATCAAAG,0,2449458
mhpRp1,0.09090909090909091,10,10,TTAACCGGCTGCAGAAGCCC,0,2426980
mhpRp1,0.09090909090909091,10,10,TTAACACAATGTCGTAGCTT,0,2426911
mhpRp1,0.09090909090909091,10,10,TGTTATTGTATTCCTGTCCG,0,2437242
mhpRp1,0.09090909090909091,10,10,TGTTATGTTATATATAACGT,0,2456050
mhpRp1,0.09090909090909091,10,10,TGTCTGAATCTAGCCTGGCC,0,2436580
mhpRp1,0.09090909090909091,10,10,TGTCAGGCGTACCTTAGCAG,0,2476713
mhpRp1,0.09090909090909091,10,10,TGGTTCACGAAGTAAGCGGA,0,2463428
mhpRp1,0.09090909090909091,10,10,TGGTTACGCAATGCGGGGGT,0,2443900
mhpRp1,0.09090909090909091,10,10,TGGTCGTGCTCGTAGGCTAC,0,2454280
mhpRp1,0.09090909090909091,10,10,TGGTCGTCGGTACTCAACCG,0,2467399
mhpRp1,0.09090909090909091,10,10,TGGCGAGTGCCTTTTGTTCC,0,2431948
mhpRp1,0.09090909090909091,10,10,TGGCCCTCTCGAGCAAAACC,0,2444464
mhpRp1,0.09090909090909091,10,10,TGGCCAAGGGAACGCCGTGA,0,2449457
mhpRp1,0.09090909090909091,10,10,TGGCAGTTTAGAGGGAGATT,0,2473726
mhpRp1,0.09090909090909091,10,10,TGCGCATATTTGAAGCTTCC,0,2427193
mhpRp1,0.09090909090909091,10,10,TGCCCTCCTGTGCCAAAGGT,0,2471704
mhpRp1,0.09090909090909091,10,10,TGATCGTCAGATTCGTACCT,0,2432631
mhpRp1,0.09090909090909091,10,10,TGATCCCTCTGCGCTCGCAG,0,2479044
mhpRp1,0.09090909090909091,10,10,TGAGCAGATTGCAATGCAGT,0,2464249
mhpRp1,0.09090909090909091,10,10,TGAGCACGGATGTGCGACAA,0,2477437
mhpRp1,0.09090909090909091,10,10,TGACTTGCACGACCACATGC,0,2442897
mhpRp1,0.09090909090909091,10,10,TGACGATTAATCAGTCATGT,0,2430574
mhpRp1,0.09090909090909091,10,10,TGACGAACAGGGGTAGTAAA,0,2433973
mhpRp1,0.09090909090909091,10,10,TGACAGCGCTTCCAAGCAGT,0,2456856
mhpRp1,0.09090909090909091,10,10,TCTTTATGGACCTGCGCAAG,0,2471170
mhpRp1,0.09090909090909091,10,10,TCTCGCGAGACGACAGCGTC,0,2468541
mhpRp1,0.09090909090909091,10,10,TCTATCAGGCGGGAACTCAG,0,2442341
mhpRp1,0.09090909090909091,10,10,TCTACCTATACATGGATGAT,0,2439429
mhpRp1,0.09090909090909091,10,10,TCGTTCGGATATACGACTAG,0,2476338
mhpRp1,0.09090909090909091,10,10,TCGTGGGTCACCAGGTATGC,0,2464374
mhpRp1,0.09090909090909091,10,10,TCGTGGAGCCTCATGAAAGT,0,2443294
mhpRp1,0.09090909090909091,10,10,TCGGGTGCAGTCTTTCCTGA,0,2472270
mhpRp1,0.09090909090909091,10,10,TCGCGGTCCTTACGCACGTC,0,2479544
mhpRp1,0.09090909090909091,10,10,TCGCGGAGTACTGTGCCACT,0,2443698
mhpRp1,0.09090909090909091,10,10,TCGCAATGGAAAGGGTTTCC,0,2437238
mhpRp1,0.09090909090909091,10,10,TCGATAAATAAAAGTAACTG,0,2441213
mhpRp1,0.09090909090909091,10,10,TCGACATAGGCTGGTTCATA,0,2437555
mhpRp1,0.09090909090909091,10,10,TCCTTCTGTTTAGGAGGTTT,0,2463597
mhpRp1,0.09090909090909091,10,10,TCCGTTCTGGGATGGCTTCA,0,2458709
mhpRp1,0.09090909090909091,10,10,TCCGGAGGCCGCTCTAGGGA,0,2436404
mhpRp1,0.09090909090909091,10,10,TCCGCATGCTAGGGGAGCGA,0,2459679
mhpRp1,0.09090909090909091,10,10,TCCGATGGAATCCCATTCGG,0,2459962
mhpRp1,0.09090909090909091,10,10,TCCCCAGGTAACGCTCGGTG,0,2443934
mhpRp1,0.09090909090909091,10,10,TCATCCAGGCCGGGGCCGTG,0,2445622
mhpRp1,0.09090909090909091,10,10,TCAGGTGCCCAGGGGCGAAA,0,2463906
mhpRp1,0.09090909090909091,10,10,TCAAGGAGCAGGTACGTCCA,0,2444894
mhpRp1,0.09090909090909091,10,10,TCAACGTCTCACGTTTGTCC,0,2424777
mhpRp1,0.09090909090909091,10,10,TCAAAAGCAGTCATAGCTAT,0,2464281
mhpRp1,0.09090909090909091,10,10,TATTATATCGTTGCTGGATA,0,2465361
mhpRp1,0.09090909090909091,10,10,TATGTGATGCTACACGCGAC,0,2469231
mhpRp1,0.09090909090909091,10,10,TATATGGTGCGCGGCTTAGT,0,2445203
mhpRp1,0.09090909090909091,10,10,TATAGTTTCGGATATATATA,0,2425163
mhpRp1,0.09090909090909091,10,10,TATAGATTCCGCCCCTGTCT,0,2466208
mhpRp1,0.09090909090909091,10,10,TATAAGCGGGATGGAAGATT,0,2435604
mhpRp1,0.09090909090909091,10,10,TAGCGTCCCCCGCAGTTGGC,0,2456527
mhpRp1,0.09090909090909091,10,10,TAGAAAGGCGAGTTGTTTCT,0,2464970
mhpRp1,0.09090909090909091,10,10,TACTTTACTCATACGGAGAA,0,2452445
mhpRp1,0.09090909090909091,10,10,TACTTAATTACACCGCGACA,0,2433942
mhpRp1,0.09090909090909091,10,10,TACTGGTGCGTACTTGTACT,0,2425160
mhpRp1,0.09090909090909091,10,10,TACTAATCTATATGGGAAAG,0,2440463
mhpRp1,0.09090909090909091,10,10,TACGGGGACGCTAGAATGGG,0,2461802
mhpRp1,0.09090909090909091,10,10,TACGCTTATCGTGATTTGTG,0,2435390
mhpRp1,0.09090909090909091,10,10,TACGATACGGGACCGGCGGG,0,2425982
mhpRp1,0.09090909090909091,10,10,TACGACGAGGCTAGAAGCGT,0,2472860
mhpRp1,0.09090909090909091,10,10,TACAAATAGAGGGTGGGCCA,0,2435780
mhpRp1,0.09090909090909091,10,10,TAATGTCACTCGTGCAAACG,0,2453993
mhpRp1,0.09090909090909091,10,10,TAATGATGGCATGTACCTAA,0,2429547
mhpRp1,0.09090909090909091,10,10,TAAGAGGAAGCCGCTATTAT,0,2449342
mhpRp1,0.09090909090909091,10,10,TAAATTGGTTCGGCAGAGGA,0,2433256
mhpRp1,0.09090909090909091,10,10,TAAAACAGTAGATCGACTGT,0,2469597
mhpRp1,0.09090909090909091,10,10,GTTTTAAAAGCTTGATCAAA,0,2455064
mhpRp1,0.09090909090909091,10,10,GTTGTTGCCTCTAACGCCTT,0,2435329
mhpRp1,0.09090909090909091,10,10,GTTGGGGTGGCCCGGACGCG,0,2475129
mhpRp1,0.09090909090909091,10,10,GTTAAAGTCGCATCCCCAAG,0,2470987
mhpRp1,0.09090909090909091,10,10,GTGTTGCGGGCAAAAAATGC,0,2471765
mhpRp1,0.09090909090909091,10,10,GTGTGCACTATAAGAGAGTC,0,2428400
mhpRp1,0.09090909090909091,10,10,GTGGTACGCCATCTTGCTAG,0,2440072
mhpRp1,0.09090909090909091,10,10,GTGGCCCTGCACTCGCGTCT,0,2428324
mhpRp1,0.09090909090909091,10,10,GTGACCGCTATGTCCTCCAA,0,2443420
mhpRp1,0.09090909090909091,10,10,GTCTGGAACAGGAACAGCCT,0,2468823
mhpRp1,0.09090909090909091,10,10,GTCTGATCTAATTACGCGGA,0,2446203
mhpRp1,0.09090909090909091,10,10,GTCTCCAAACAATTGGCGAG,0,2430241
mhpRp1,0.09090909090909091,10,10,GTCTACCTTCCCAGGGCCTC,0,2443563
mhpRp1,0.09090909090909091,10,10,GTCGTGAGTGCGCATAATCC,0,2444147
mhpRp1,0.09090909090909091,10,10,GTCCGGAGACAGTATATCCA,0,2439749
mhpRp1,0.09090909090909091,10,10,GTCCCTAGTCGATGAGTTGT,0,2450843
mhpRp1,0.09090909090909091,10,10,GTAGAGCTTTAACTTGCCTT,0,2436357
mhpRp1,0.09090909090909091,10,10,GTACGGGGAGCTTAAAATTA,0,2441015
mhpRp1,0.09090909090909091,10,10,GTACCTTATACGCTCGTGTT,0,2428437
mhpRp1,0.09090909090909091,10,10,GGTTTACATTGAGTTACTGT,0,2467233
mhpRp1,0.09090909090909091,10,10,GGTTGGATTAAAGGTGAGAG,0,2474984
mhpRp1,0.09090909090909091,10,10,GGTGCGACGCGCACTCGTAC,0,2434551
mhpRp1,0.09090909090909091,10,10,GGTGCAGCCTATTGTATCGT,0,2431425
mhpRp1,0.09090909090909091,10,10,GGTATATTTCTTCACCTGGA,0,2455860
mhpRp1,0.09090909090909091,10,10,GGTAGACTCCCCTACAGGAT,0,2472281
mhpRp1,0.09090909090909091,10,10,GGTAAAGCGTTGGTCCAGCT,0,2470104
mhpRp1,0.09090909090909091,10,10,GGGTCTTTCGTAGTACAACT,0,2460640
mhpRp1,0.09090909090909091,10,10,GGGTCCCAGTAGATGGATCT,0,2458634
mhpRp1,0.09090909090909091,10,10,GGGTATAACAAGGGCGGCTC,0,2439289
mhpRp1,0.09090909090909091,10,10,GGGGAGCTCTAGGACCTATG,0,2445133
mhpRp1,0.09090909090909091,10,10,GGGCGCCCAGGCTGATCACA,0,2432270
mhpRp1,0.09090909090909091,10,10,GGGCAGCCAAGGACATCACG,0,2456412
mhpRp1,0.09090909090909091,10,10,GGGACTGGGCACTGGTACTT,0,2432505
mhpRp1,0.09090909090909091,10,10,GGGACGGTCTATCGAATAGC,0,2442192
mhpRp1,0.09090909090909091,10,10,GGGAATGCATACAAGAACGT,0,2442389
mhpRp1,0.09090909090909091,10,10,GGCTCCCAAGTCAGGCTGAC,0,2462996
mhpRp1,0.09090909090909091,10,10,GGCGTCATACGGGTGCAAGA,0,2434451
mhpRp1,0.09090909090909091,10,10,GGCCTAGTGTCTCACTCTGA,0,2476283
mhpRp1,0.09090909090909091,10,10,GGCCGCAATCCCTCGCCTCA,0,2477404
mhpRp1,0.09090909090909091,10,10,GGATCACTTTGAATTCAGCA,0,2478014
mhpRp1,0.09090909090909091,10,10,GGAGTTTATTCGCGGAGTAG,0,2474581
mhpRp1,0.09090909090909091,10,10,GGAGCGGTTTAAGGACGATG,0,2455154
mhpRp1,0.09090909090909091,10,10,GGAGAAGCATTTGAGCTCCC,0,2431389
mhpRp1,0.09090909090909091,10,10,GGAAACGGATCTGGGGAACG,0,2434380
mhpRp1,0.09090909090909091,10,10,GCTTTGGAAATCTTAAGTGC,0,2477360
mhpRp1,0.09090909090909091,10,10,GCTTGATTCCGGGGCTGTTG,0,2461653
mhpRp1,0.09090909090909091,10,10,GCTGGTCTCTTAGCGCGATA,0,2440305
mhpRp1,0.09090909090909091,10,10,GCTGGCAAGGGTTCCAGCCT,0,2470897
mhpRp1,0.09090909090909091,10,10,GCTGCATGTCGTTAAGACCG,0,2449680
mhpRp1,0.09090909090909091,10,10,GCTACGGTAAGGTTGTCACC,0,2437667
mhpRp1,0.09090909090909091,10,10,GCGTGCATTGCCTAGGATAA,0,2460410
mhpRp1,0.09090909090909091,10,10,GCGGCAGTTGGATGTCCTCC,0,2450513
mhpRp1,0.09090909090909091,10,10,GCGCGACACGTTGTTGGATG,0,2474782
mhpRp1,0.09090909090909091,10,10,GCGATCACCTTCCCAGTGCC,0,2432144
mhpRp1,0.09090909090909091,10,10,GCGATACTGTACAGCCTTCT,0,2440568
mhpRp1,0.09090909090909091,10,10,GCGAGCACCTCTATTTGCAG,0,2459996
mhpRp1,0.09090909090909091,10,10,GCCGTCGCCTGATCGCACAA,0,2478038
mhpRp1,0.09090909090909091,10,10,GCCGAGTCCAAGAATGCAGA,0,2457175
mhpRp1,0.09090909090909091,10,10,GCCGAAGTTGGTTACTTAAG,0,2444438
mhpRp1,0.09090909090909091,10,10,GCCCACCGCGACGGTCAGGA,0,2445772
mhpRp1,0.09090909090909091,10,10,GCCAAGGCAAGTACGTACCG,0,2473401
mhpRp1,0.09090909090909091,10,10,GCAGGACTTAGGGCTTTCAA,0,2428972
mhpRp1,0.09090909090909091,10,10,GCAGAAGTGATATACCGCAA,0,2450543
mhpRp1,0.09090909090909091,10,10,GCACTTACGGATACTTCAGT,0,2456194
mhpRp1,0.09090909090909091,10,10,GCACCTCCACGCTGTTGCGA,0,2430716
mhpRp1,0.09090909090909091,10,10,GCAATTTCGGGCAAGCGTCA,0,2463792
mhpRp1,0.09090909090909091,10,10,GCAATTTCCTGGATGTGCCC,0,2471438
mhpRp1,0.09090909090909091,10,10,GATTTTATGTTAATCGCCAA,0,2470014
mhpRp1,0.09090909090909091,10,10,GATTGGACTGAGACGGGTAG,0,2441642
mhpRp1,0.09090909090909091,10,10,GATGGGGAGTCTATTCGGTA,0,2458227
mhpRp1,0.09090909090909091,10,10,GATGGCCCAGGAGTAAACTT,0,2443772
mhpRp1,0.09090909090909091,10,10,GATGAGAAGCAACCACAATA,0,2429146
mhpRp1,0.09090909090909091,10,10,GATCCGAGGATTCAGCGTTC,0,2466583
mhpRp1,0.09090909090909091,10,10,GATCAACTTTGTTGTTGCAG,0,2477533
mhpRp1,0.09090909090909091,10,10,GATATACGCTGTGGTTTTGT,0,2437974
mhpRp1,0.09090909090909091,10,10,GATACCTACGACCCCGATGA,0,2431054
mhpRp1,0.09090909090909091,10,10,GAGTTGTCAGGGTCCCCTTA,0,2477632
mhpRp1,0.09090909090909091,10,10,GAGTGGTGGGGGAGTGAGGA,0,2441397
mhpRp1,0.09090909090909091,10,10,GAGGGCATCAATTACAAGAC,0,2436430
mhpRp1,0.09090909090909091,10,10,GAGCCCAGTATATTTATAAT,0,2442709
mhpRp1,0.09090909090909091,10,10,GACTTGGGTCGGGTTGCGGA,0,2430845
mhpRp1,0.09090909090909091,10,10,GACGGTGAGCGTCACTAAGG,0,2423774
mhpRp1,0.09090909090909091,10,10,GACGAGATAGCGGACGCTTA,0,2459233
mhpRp1,0.09090909090909091,10,10,GACCGGTTGAAATCGGGCCA,0,2470027
mhpRp1,0.09090909090909091,10,10,GAATTGATTTTGCGGAGGAT,0,2429743
mhpRp1,0.09090909090909091,10,10,GAATCGGGTTCAGGTTTCTG,0,2445068
mhpRp1,0.09090909090909091,10,10,GAAGTTGCTGCTCGCTGAGA,0,2427049
mhpRp1,0.09090909090909091,10,10,GAAGTAAATTATATTGTGCA,0,2437673
mhpRp1,0.09090909090909091,10,10,GAAGCTCGTTGTAGACGTAA,0,2436172
mhpRp1,0.09090909090909091,10,10,GAAGATTCGCCATTTACGCA,0,2428435
mhpRp1,0.09090909090909091,10,10,GAACCCTATGTCTGATCGAG,0,2435643
mhpRp1,0.09090909090909091,10,10,CTTTGCCTTGAGTCTAGATG,0,2451143
mhpRp1,0.09090909090909091,10,10,CTTTACCCTGACCCGTGCAT,0,2433207
mhpRp1,0.09090909090909091,10,10,CTTTACAATTTTGTTTTTCT,0,2425509
mhpRp1,0.09090909090909091,10,10,CTTCATTATAGACGCTGCAA,0,2444150
mhpRp1,0.09090909090909091,10,10,CTTCAGCTTGTATACTCGCG,0,2454788
mhpRp1,0.09090909090909091,10,10,CTTAGTTCATAACACATGGT,0,2442498
mhpRp1,0.09090909090909091,10,10,CTTAGAACTAGATCGTTATA,0,2460968
mhpRp1,0.09090909090909091,10,10,CTGTTCTAGAAGGTCGAGAA,0,2432958
mhpRp1,0.09090909090909091,10,10,CTGTAAAACATATCGGGGTT,0,2471895
mhpRp1,0.09090909090909091,10,10,CTGGCCCAACCGGTTGTGCA,0,2447250
mhpRp1,0.09090909090909091,10,10,CTGCTAGCTAATGGTTATTC,0,2468710
mhpRp1,0.09090909090909091,10,10,CTGAACGCATTCGCAAGGCT,0,2433761
mhpRp1,0.09090909090909091,10,10,CTCTTACATAGGCTCGATGA,0,2425294
mhpRp1,0.09090909090909091,10,10,CTCTGATTCGCGAGGTACTA,0,2437760
mhpRp1,0.09090909090909091,10,10,CTCTATTAGCGACACGGGAT,0,2441787
mhpRp1,0.09090909090909091,10,10,CTCTATGTAGGTCGGGTTTT,0,2470499
mhpRp1,0.09090909090909091,10,10,CTCTAGACCCACCGCAGAGA,0,2431523
mhpRp1,0.09090909090909091,10,10,CTCGCGAATCGCTCTGCATG,0,2459615
mhpRp1,0.09090909090909091,10,10,CTCCTGGAGCCTTTGAGCGA,0,2453358
mhpRp1,0.09090909090909091,10,10,CTCCTGAGCTGACCCCCTCA,0,2470596
mhpRp1,0.09090909090909091,10,10,CTCATTATTATGGTGTACTG,0,2454144
mhpRp1,0.09090909090909091,10,10,CTCATACAGTTGAGACGTCA,0,2466863
mhpRp1,0.09090909090909091,10,10,CTCAACAGAGCAACAAGGTT,0,2460445
mhpRp1,0.09090909090909091,10,10,CTATTAGGGATGCTCTTCAT,0,2472668
mhpRp1,0.09090909090909091,10,10,CTATACACAGACGTGTCATC,0,2472937
mhpRp1,0.09090909090909091,10,10,CTAGGTCGGGCAAAATTTCG,0,2442276
mhpRp1,0.09090909090909091,10,10,CTAGCGGCAGGCGGAATTCC,0,2460798
mhpRp1,0.09090909090909091,10,10,CTAACAAAGCGGCACGGCTC,0,2444644
mhpRp1,0.09090909090909091,10,10,CGTTATACAGGGCTTTACCA,0,2478021
mhpRp1,0.09090909090909091,10,10,CGTCGCGGAGTATCAGTACT,0,2464804
mhpRp1,0.09090909090909091,10,10,CGTCACGAAGGACTATTTGC,0,2454312
mhpRp1,0.09090909090909091,10,10,CGTATGACTATATGATTGAC,0,2432691
mhpRp1,0.09090909090909091,10,10,CGGTGCCGTTGGATGGGCGG,0,2469759
mhpRp1,0.09090909090909091,10,10,CGGTGAAATCATAACGGATA,0,2451806
mhpRp1,0.09090909090909091,10,10,CGGTAGGGATACAATATGTA,0,2435061
mhpRp1,0.09090909090909091,10,10,CGGGTCATCCATTGGCATCG,0,2475965
mhpRp1,0.09090909090909091,10,10,CGGGGTGTCCAGCGCCGTTG,0,2432196
mhpRp1,0.09090909090909091,10,10,CGGCTAGCATCGGGGCTATA,0,2470488
mhpRp1,0.09090909090909091,10,10,CGGCCATGCCCTGGGCAGCT,0,2476008
mhpRp1,0.09090909090909091,10,10,CGGAACATTCCAATGTGTGG,0,2445541
mhpRp1,0.09090909090909091,10,10,CGGAAACTGCGACTAAAGTC,0,2430824
mhpRp1,0.09090909090909091,10,10,CGCTTGGAAGCCCCCCGACA,0,2463606
mhpRp1,0.09090909090909091,10,10,CGCTTGACCGGCGTGAATTG,0,2470421
mhpRp1,0.09090909090909091,10,10,CGCTTCAGGGAAAGAATGGT,0,2451287
mhpRp1,0.09090909090909091,10,10,CGCCAGTGGGACTACTCCAG,0,2479055
mhpRp1,0.09090909090909091,10,10,CGATGTGAAGCCTCCGCATG,0,2432153
mhpRp1,0.09090909090909091,10,10,CGATGGGAACAACACAAGAC,0,2430916
mhpRp1,0.09090909090909091,10,10,CGATATGTAATCGTTCTTTA,0,2434087
mhpRp1,0.09090909090909091,10,10,CGAGGGGTATTGATCAAAGA,0,2459797
mhpRp1,0.09090909090909091,10,10,CGAAACGTGTGCCCAGGCCC,0,2448368
mhpRp1,0.09090909090909091,10,10,CGAAACGTAAAACGGGACTC,0,2477739
mhpRp1,0.09090909090909091,10,10,CCTGTTTAGCATTATCGGTC,0,2437984
mhpRp1,0.09090909090909091,10,10,CCTGCCACCGGCTGTAAGAG,0,2478876
mhpRp1,0.09090909090909091,10,10,CCTGCAGTGACTTCCGACGC,0,2443826
mhpRp1,0.09090909090909091,10,10,CCTACGGTTCTTTGACCAGC,0,2447467
mhpRp1,0.09090909090909091,10,10,CCGTTTCATATATCTTCGCA,0,2426652
mhpRp1,0.09090909090909091,10,10,CCGGGCCTTTTCAACAGAGG,0,2430399
mhpRp1,0.09090909090909091,10,10,CCCTGAACGGTTTATAAGTG,0,2469120
mhpRp1,0.09090909090909091,10,10,CCCTCTTGGATAATGACATC,0,2423787
mhpRp1,0.09090909090909091,10,10,CCCGTGTGCCGTTACCGATT,0,2464869
mhpRp1,0.09090909090909091,10,10,CCCGTAGCAAGCTACTTAAC,0,2449933
mhpRp1,0.09090909090909091,10,10,CCCGCAAACTTGGAGCGTAT,0,2453953
mhpRp1,0.09090909090909091,10,10,CCCCGACATGGTTCACCGCA,0,2468624
mhpRp1,0.09090909090909091,10,10,CCCACAACTCTACTTGCACA,0,2450297
mhpRp1,0.09090909090909091,10,10,CCATGTCGGTAGGGCCGGCT,0,2441131
mhpRp1,0.09090909090909091,10,10,CCACGGGGACTCTTATGACC,0,2438525
mhpRp1,0.09090909090909091,10,10,CCACGCCGAGGCCGCCACGG,0,2462167
mhpRp1,0.09090909090909091,10,10,CCACCTAGGAGGGTCGCGCG,0,2433752
mhpRp1,0.09090909090909091,10,10,CCACATGCGGCGGCTATATG,0,2465156
mhpRp1,0.09090909090909091,10,10,CCACATCATGTCACCGCCAC,0,2449723
mhpRp1,0.09090909090909091,10,10,CCAAGCAGGGTTCTACGCGT,0,2456782
mhpRp1,0.09090909090909091,10,10,CCAACAATCCTTATATCCAA,0,2436282
mhpRp1,0.09090909090909091,10,10,CATTACCTGCTATCAGTTAT,0,2437079
mhpRp1,0.09090909090909091,10,10,CATGTTTCTGCGCGGTTCAT,0,2476921
mhpRp1,0.09090909090909091,10,10,CATCTTGTATTGCTAGCGTA,0,2478317
mhpRp1,0.09090909090909091,10,10,CATATTTATGATAGTTACAA,0,2435514
mhpRp1,0.09090909090909091,10,10,CAGTTACGTGGATATCCAAG,0,2447882
mhpRp1,0.09090909090909091,10,10,CAGAGTGACGTCCGATTCAT,0,2463074
mhpRp1,0.09090909090909091,10,10,CAGAATGGACACTGCCCACA,0,2433092
mhpRp1,0.09090909090909091,10,10,CAGAAGTTGCGAGGGTAGCT,0,2424004
mhpRp1,0.09090909090909091,10,10,CAGAAAAACGCGTGAATGTC,0,2448134
mhpRp1,0.09090909090909091,10,10,CACTGTATCACTGCTTTGCG,0,2427598
mhpRp1,0.09090909090909091,10,10,CACTGGGGAAAATAATAAGA,0,2472523
mhpRp1,0.09090909090909091,10,10,CACTAGGAATGGAAGACTAA,0,2473937
mhpRp1,0.09090909090909091,10,10,CACAGGGGCTTCTACCTCGA,0,2474128
mhpRp1,0.09090909090909091,10,10,CACACCGACGGGCTTTTCAA,0,2441739
mhpRp1,0.09090909090909091,10,10,CACAACAGGCGGGTCACCCC,0,2437918
mhpRp1,0.09090909090909091,10,10,CAATTGCTACCTGTGCGACA,0,2474965
mhpRp1,0.09090909090909091,10,10,CAAGTTGATTTCTATGCAAA,0,2463787
mhpRp1,0.09090909090909091,10,10,CAAGATGGGTATCCCGAAGT,0,2464041
mhpRp1,0.09090909090909091,10,10,CAACAGTGTGTGGGATCTAT,0,2443365
mhpRp1,0.09090909090909091,10,10,CAACAGTGCGGTTAAACGAA,0,2446983
mhpRp1,0.09090909090909091,10,10,CAACAAGGTGAACCCTATCT,0,2478939
mhpRp1,0.09090909090909091,10,10,CAAAGGGGGCAGGCGTCCAA,0,2468416
mhpRp1,0.09090909090909091,10,10,CAAAATCAAGTTGATATACT,0,2476520
mhpRp1,0.09090909090909091,10,10,ATTGCGTCTTGAAGTGTGTT,0,2477476
mhpRp1,0.09090909090909091,10,10,ATTGCGGAAGTTACTAGCAG,0,2457256
mhpRp1,0.09090909090909091,10,10,ATTGCCCGTTCGGCGGAATA,0,2448358
mhpRp1,0.09090909090909091,10,10,ATTGATTCATTCCTTCTAAT,0,2438855
mhpRp1,0.09090909090909091,10,10,ATTCTTAGAAGCCGATCCCA,0,2447382
mhpRp1,0.09090909090909091,10,10,ATTCTATTTGTGGCGATGCA,0,2458818
mhpRp1,0.09090909090909091,10,10,ATTCGTCCAGTGACGTTAGG,0,2474194
mhpRp1,0.09090909090909091,10,10,ATTCGGTTTTGCTAGACATC,0,2439884
mhpRp1,0.09090909090909091,10,10,ATTAGCTACTAGGAAGTAAC,0,2478674
mhpRp1,0.09090909090909091,10,10,ATTAAAACGAGCCTCTCAGT,0,2478562
mhpRp1,0.09090909090909091,10,10,ATGGCCAAATGTGAGGGATA,0,2439071
mhpRp1,0.09090909090909091,10,10,ATGGATACCTGGTCGGTCTG,0,2448131
mhpRp1,0.09090909090909091,10,10,ATGCTGAGTAGTTGGGCGCT,0,2460477
mhpRp1,0.09090909090909091,10,10,ATGCGCGCAGCTTGACTGAT,0,2469376
mhpRp1,0.09090909090909091,10,10,ATGATTTACGTCTGGTGATA,0,2472559
mhpRp1,0.09090909090909091,10,10,ATGAGGCGAATTCTTTCACT,0,2463330
mhpRp1,0.09090909090909091,10,10,ATGACGAAGGCCGCCCTTAA,0,2445386
mhpRp1,0.09090909090909091,10,10,ATCTTGTGACCGCCCCAGAT,0,2466457
mhpRp1,0.09090909090909091,10,10,ATCGGCACAAACCCGATGAG,0,2427331
mhpRp1,0.09090909090909091,10,10,ATCGCGCGAAACATTTTTGT,0,2448325
mhpRp1,0.09090909090909091,10,10,ATCAGGGATCCCCCGGGACA,0,2462545
mhpRp1,0.09090909090909091,10,10,ATAGGGGGAAACCATGCCCT,0,2434383
mhpRp1,0.09090909090909091,10,10,ATAACGCAGGAGTGAAAGGT,0,2440139
mhpRp1,0.09090909090909091,10,10,ATAACATGCTTCACCCGCAT,0,2434765
mhpRp1,0.09090909090909091,10,10,AGTCTCTAGATGCTTGATCA,0,2448248
mhpRp1,0.09090909090909091,10,10,AGTCGTCTAAGGCCGAGCTG,0,2427592
mhpRp1,0.09090909090909091,10,10,AGGTTGCAAAATTAAGCTAG,0,2467625
mhpRp1,0.09090909090909091,10,10,AGGTGCGGTCCAGGCGAAAT,0,2458394
mhpRp1,0.09090909090909091,10,10,AGGGGCTTGTCCCCGGGCAT,0,2429492
mhpRp1,0.09090909090909091,10,10,AGGGGCGCGCACTCCGGCTG,0,2434976
mhpRp1,0.09090909090909091,10,10,AGGATCGTGCACGCGCGAGA,0,2445476
mhpRp1,0.09090909090909091,10,10,AGGATATAATCGAGTCAGAC,0,2463649
mhpRp1,0.09090909090909091,10,10,AGCGAGTGTAGAATGTCGAT,0,2443431
mhpRp1,0.09090909090909091,10,10,AGCGAACCGCCGGACTCTCC,0,2459591
mhpRp1,0.09090909090909091,10,10,AGCCGGGCCGGAAAAAACTT,0,2474966
mhpRp1,0.09090909090909091,10,10,AGCCGCAGCCGGAAATATAC,0,2453653
mhpRp1,0.09090909090909091,10,10,AGCAGGATTAGTTTACGGAA,0,2450794
mhpRp1,0.09090909090909091,10,10,AGCAGACGGTCAGTTTCACG,0,2466301
mhpRp1,0.09090909090909091,10,10,AGCAAGCACGGGTCAGTCAA,0,2441403
mhpRp1,0.09090909090909091,10,10,AGAGTATTTCGTAGTTAGTG,0,2443454
mhpRp1,0.09090909090909091,10,10,AGAGGACATTGGGTATCGCA,0,2426260
mhpRp1,0.09090909090909091,10,10,AGACGGAACCGATGAGCTTC,0,2429119
mhpRp1,0.09090909090909091,10,10,AGACCTATCGGATGAACTAT,0,2440051
mhpRp1,0.09090909090909091,10,10,AGAAGCTTTTAGCTTATTAT,0,2433635
mhpRp1,0.09090909090909091,10,10,AGAACCGGGTATTCTGACTT,0,2434919
mhpRp1,0.09090909090909091,10,10,ACTTAGAGGCTCTCTCTGAC,0,2450219
mhpRp1,0.09090909090909091,10,10,ACTGGATGTAACGCTATTGA,0,2453281
mhpRp1,0.09090909090909091,10,10,ACTGCGCAAGCAGGTATACT,0,2468747
mhpRp1,0.09090909090909091,10,10,ACTGCCATCACGAGAGAATC,0,2454642
mhpRp1,0.09090909090909091,10,10,ACTACTAGGGGCCTTGGAAC,0,2436242
mhpRp1,0.09090909090909091,10,10,ACTACATAGTTCAGGATCAA,0,2471440
mhpRp1,0.09090909090909091,10,10,ACTAAGGCATTTTGGGTAAG,0,2443775
mhpRp1,0.09090909090909091,10,10,ACTAACGTCCGAACCCATTG,0,2467490
mhpRp1,0.09090909090909091,10,10,ACGTTGGCACGGCCTCGCAT,0,2443034
mhpRp1,0.09090909090909091,10,10,ACGTGCCGTTCTAGCCACCT,0,2471769
mhpRp1,0.09090909090909091,10,10,ACGTCAGGGGCGAAACAACC,0,2448592
mhpRp1,0.09090909090909091,10,10,ACGGTCGTCTCGAATTACTC,0,2449473
mhpRp1,0.09090909090909091,10,10,ACGCACTGGCGTACTGCGGA,0,2453244
mhpRp1,0.09090909090909091,10,10,ACGATCACCAGTCATGCCAG,0,2473942
mhpRp1,0.09090909090909091,10,10,ACGAGAGCTGATTAAGCGTA,0,2458057
mhpRp1,0.09090909090909091,10,10,ACGAGAGATTGGAAATAGAG,0,2428184
mhpRp1,0.09090909090909091,10,10,ACCTCATCGAGAGCCCTAAA,0,2423963
mhpRp1,0.09090909090909091,10,10,ACCTAAAGATGTTACTCAAG,0,2444218
mhpRp1,0.09090909090909091,10,10,ACCGTTTAAAAGCGGAAGAA,0,2431180
mhpRp1,0.09090909090909091,10,10,ACCGGATGCCTAGTGTCGAG,0,2466309
mhpRp1,0.09090909090909091,10,10,ACCCTACCAAGGGAAAGCGT,0,2466141
mhpRp1,0.09090909090909091,10,10,ACAGCTGTTCTGGCCCTAAT,0,2451887
mhpRp1,0.09090909090909091,10,10,ACAGCTCGGAGGCCATTAAC,0,2450906
mhpRp1,0.09090909090909091,10,10,ACACGTACCGACGGCAGACA,0,2468785
mhpRp1,0.09090909090909091,10,10,ACAATTTGGACAATTATCGC,0,2445223
mhpRp1,0.09090909090909091,10,10,AATTGGTTTAGAAAAGCAAT,0,2457266
mhpRp1,0.09090909090909091,10,10,AATTACACCCTACGTGGGCT,0,2440678
mhpRp1,0.09090909090909091,10,10,AATCCGTCTGCGTGGGGGAA,0,2468812
mhpRp1,0.09090909090909091,10,10,AAGGGGTTGGTCCGGTGCAA,0,2468233
mhpRp1,0.09090909090909091,10,10,AAGCGCGTGAAAGTCCACGT,0,2447105
mhpRp1,0.09090909090909091,10,10,AAGCCCCTTCTACTCGGTAC,0,2472616
mhpRp1,0.09090909090909091,10,10,AAGCAAAAAGGGGCTAGCTA,0,2470309
mhpRp1,0.09090909090909091,10,10,AAGATATGGTCAGTCTTCGA,0,2452543
mhpRp1,0.09090909090909091,10,10,AAGATACCTTCCTGGATTAA,0,2452835
mhpRp1,0.09090909090909091,10,10,AAGATAAAGATCCCTTTACT,0,2473380
mhpRp1,0.09090909090909091,10,10,AAGAATCTCTCGTGATAGCA,0,2477759
mhpRp1,0.09090909090909091,10,10,AACTGCGCAGCATTGACAAA,0,2472546
mhpRp1,0.09090909090909091,10,10,AACTCTCCCCGTTCTGTACA,0,2467197
mhpRp1,0.09090909090909091,10,10,AACTCGTTGCATACGTCCGA,0,2467129
mhpRp1,0.09090909090909091,10,10,AACCGTAATCGGTGTGATAT,0,2468629
mhpRp1,0.09090909090909091,10,10,AACATAGGCAAACCCCGCAA,0,2427559
mhpRp1,0.09090909090909091,10,10,AAATCCGGCAGGGTGAGTAG,0,2441630
mhpRp1,0.09090909090909091,10,10,AAAGAGGACGTCTCAGCATT,0,2460035
mhpRp1,0.1,9,9,TTTTTCGGCCGATGATAAAT,0,2435046
mhpRp1,0.1,9,9,TTTTAACCATAGGTGCTACG,0,2446550
mhpRp1,0.1,9,9,TTTGTATGATTTTTACATTT,0,2474979
mhpRp1,0.1,9,9,TTTGGTCTACTCCGGCCACT,0,2433218
mhpRp1,0.1,9,9,TTTGGACTGTACAGACGCGT,0,2430703
mhpRp1,0.1,9,9,TTTCAGACTTGCGTGCGTAG,0,2470130
mhpRp1,0.1,9,9,TTTAAGCCGATTGTTCTGCC,0,2450510
mhpRp1,0.1,9,9,TTGTTATCTCGGGTTGTTAG,0,2470565
mhpRp1,0.1,9,9,TTGTCTAGATGGTGCTTATT,0,2429928
mhpRp1,0.1,9,9,TTGCCATTGTACTAGCCGAA,0,2448557
mhpRp1,0.1,9,9,TTGCCAGCACCGTTACTCCA,0,2458656
mhpRp1,0.1,9,9,TTGATTTGCCCCTCCCTGTA,0,2476505
mhpRp1,0.1,9,9,TTGATATGGTGCCGCTGGGA,0,2460590
mhpRp1,0.1,9,9,TTCTGTCCTTAAATCAAGAA,0,2458924
mhpRp1,0.1,9,9,TTCGGCTACATGAACTCTGA,0,2451731
mhpRp1,0.1,9,9,TTCGCTTCTGAGTTCTGTCT,0,2466898
mhpRp1,0.1,9,9,TTCGCTAGATGCCACGCTCT,0,2435698
mhpRp1,0.1,9,9,TTCCTCGGGTAAATCTCTCA,0,2472219
mhpRp1,0.1,9,9,TTCCTAAAATAGATGCTTGT,0,2439923
mhpRp1,0.1,9,9,TTCAGCACTTGATGGTACCT,0,2458918
mhpRp1,0.1,9,9,TTATATCAATTAGTCCTGGC,0,2436879
mhpRp1,0.1,9,9,TTATAGGGGTTGATCGCTAA,0,2460376
mhpRp1,0.1,9,9,TTAGGTAGATATTACTCTTA,0,2458304
mhpRp1,0.1,9,9,TTACTTGAGCCCTCTACATG,0,2435886
mhpRp1,0.1,9,9,TTACGGACCTCTACCGCTGG,0,2431819
mhpRp1,0.1,9,9,TTACGCAAATTTTTATAACG,0,2430247
mhpRp1,0.1,9,9,TTACCAACCTTATTACAGGA,0,2471687
mhpRp1,0.1,9,9,TTACAGATCCCTGGGTTGCA,0,2426297
mhpRp1,0.1,9,9,TTAATCCAAGAGCGGAAAAG,0,2475858
mhpRp1,0.1,9,9,TTAACCGCATGTGAGAACCA,0,2427432
mhpRp1,0.1,9,9,TGTTGCGCCCAGTTTTGAAA,0,2469664
mhpRp1,0.1,9,9,TGTTAATGGCGGGTAAAATC,0,2440050
mhpRp1,0.1,9,9,TGTGCATAACGTGCTAAGGT,0,2448884
mhpRp1,0.1,9,9,TGTCTCTGGCATTTAGAGCT,0,2444697
mhpRp1,0.1,9,9,TGTATGCTAACGTTTTTTTG,0,2440602
mhpRp1,0.1,9,9,TGGTTCGGAGCGCAGGAAAT,0,2458688
mhpRp1,0.1,9,9,TGGGTCCAGGTCTTTGGTGG,0,2446832
mhpRp1,0.1,9,9,TGGCCTCAGCGTGTCGTGAC,0,2442914
mhpRp1,0.1,9,9,TGGATACTTAGTCTGATCTA,0,2478010
mhpRp1,0.1,9,9,TGGAGCGCAGGGCATACAAT,0,2431768
mhpRp1,0.1,9,9,TGGAAGAACTGGTGATTGTT,0,2458613
mhpRp1,0.1,9,9,TGCTTGTCAGTTCACGCGAT,0,2436700
mhpRp1,0.1,9,9,TGCTCTTGCAGGGGCTGCAA,0,2449363
mhpRp1,0.1,9,9,TGCTCCCCACAAAGAGAATC,0,2461467
mhpRp1,0.1,9,9,TGCGACTGATTTGGTAACGC,0,2473054
mhpRp1,0.1,9,9,TGATCGTGCCCTTATTCAAA,0,2434212
mhpRp1,0.1,9,9,TGAGCACGCGAAGGGGTAAC,0,2466460
mhpRp1,0.1,9,9,TGAAGTCCTGTGGAAGAATG,0,2439314
mhpRp1,0.1,9,9,TGAAAGGTTCCCTAAGGGCT,0,2472831
mhpRp1,0.1,9,9,TGAAAAGGCAATCTTCTTTT,0,2432880
mhpRp1,0.1,9,9,TCTTCGTGGGCTCGAGACGC,0,2461603
mhpRp1,0.1,9,9,TCTTCGGCTCTTCGCTGCAT,0,2461123
mhpRp1,0.1,9,9,TCTGCGCCATTGGGTATTTA,0,2455271
mhpRp1,0.1,9,9,TCTCTTAATACTTGCCGTTG,0,2429914
mhpRp1,0.1,9,9,TCTCTGATTTTGCTTATATA,0,2428753
mhpRp1,0.1,9,9,TCTCGGGGCCATTATTCTCG,0,2450620
mhpRp1,0.1,9,9,TCTCGATCTCAATGTGACTA,0,2468347
mhpRp1,0.1,9,9,TCTCCTGCCCGCTCTTTTGA,0,2463325
mhpRp1,0.1,9,9,TCGTAGCGACTCGCCCCAAT,0,2458362
mhpRp1,0.1,9,9,TCGGGATCTCTAAACGGAGG,0,2425392
mhpRp1,0.1,9,9,TCGGCTGCTTAACTTTTAGA,0,2448080
mhpRp1,0.1,9,9,TCGGCAGGGGGCTACTCACC,0,2465404
mhpRp1,0.1,9,9,TCGATGGTCTGCAAAGGATG,0,2473925
mhpRp1,0.1,9,9,TCGATAATTTCGTCACCGGT,0,2453990
mhpRp1,0.1,9,9,TCGACATGCACGAGGGAGGT,0,2462648
mhpRp1,0.1,9,9,TCGAAGGCAGAGTAAGGCCA,0,2436331
mhpRp1,0.1,9,9,TCCGCACGGCCATACAAAAT,0,2438230
mhpRp1,0.1,9,9,TCCGAGAGGATGTAGCATTG,0,2466434
mhpRp1,0.1,9,9,TCCCGGAAGGCGTCCGTGCA,0,2436480
mhpRp1,0.1,9,9,TCCAAGTCTCCGTCGGGAAC,0,2433888
mhpRp1,0.1,9,9,TCATTGGGGCAATCTAACTG,0,2430475
mhpRp1,0.1,9,9,TCATTAGGGGTATTAAAAAG,0,2476515
mhpRp1,0.1,9,9,TCACTTCAATTCGGTTATGT,0,2447157
mhpRp1,0.1,9,9,TCACAATGGTTCCGTGGGCT,0,2431431
mhpRp1,0.1,9,9,TCAATCATGCATCTTTAGGT,0,2447912
mhpRp1,0.1,9,9,TCAATAAAGCCGAACCATAC,0,2444245
mhpRp1,0.1,9,9,TATTTACATGCATCCGTATT,0,2467191
mhpRp1,0.1,9,9,TATTTACAACACGCCATTAA,0,2450560
mhpRp1,0.1,9,9,TATCAGTTCCTTCCACGTAG,0,2476557
mhpRp1,0.1,9,9,TATCAATTCTACCACGGAAT,0,2452791
mhpRp1,0.1,9,9,TATATTTACCGGGAGCCGTA,0,2434876
mhpRp1,0.1,9,9,TATACCTGCGAGGATACTAG,0,2465049
mhpRp1,0.1,9,9,TAGGCACATTGCCACTGTGA,0,2459068
mhpRp1,0.1,9,9,TACTTCGGTCTCGACATTAG,0,2478589
mhpRp1,0.1,9,9,TACTCCCACAGTACGGCAAA,0,2439338
mhpRp1,0.1,9,9,TACTACGTAGGAGCGCACAT,0,2473362
mhpRp1,0.1,9,9,TACTACATCTCGTCACGCTA,0,2465065
mhpRp1,0.1,9,9,TACGGTCGTTCCTTCGTGCC,0,2448958
mhpRp1,0.1,9,9,TACGAGCGCGTAGCGGTAAC,0,2424742
mhpRp1,0.1,9,9,TACCGTGGTTATAACACGGG,0,2465915
mhpRp1,0.1,9,9,TACACGGAAGAAGTGTACAC,0,2477489
mhpRp1,0.1,9,9,TACAAGCTCCGGGTTGGTTA,0,2470129
mhpRp1,0.1,9,9,TAATTTTAAACAGGGTACAT,0,2471072
mhpRp1,0.1,9,9,TAATGTCGCAAGCAACTTCT,0,2471239
mhpRp1,0.1,9,9,TAATCCAATCCTCGGCGTGT,0,2478138
mhpRp1,0.1,9,9,TAAGAAGAACCCTCGTCTAG,0,2452137
mhpRp1,0.1,9,9,TAACGGCGGCAATCCCACTG,0,2449689
mhpRp1,0.1,9,9,TAACATTTGCAGCACGCTGA,0,2452680
mhpRp1,0.1,9,9,TAACATAAGGAATAGTACGC,0,2436882
mhpRp1,0.1,9,9,TAACAAGACTGATGCCCGTC,0,2472506
mhpRp1,0.1,9,9,GTTTATAGATTGGGGCAAAA,0,2444700
mhpRp1,0.1,9,9,GTTGGCAAGTCACTAGAAAC,0,2454293
mhpRp1,0.1,9,9,GTTGCCACATAATAGTCAAT,0,2449930
mhpRp1,0.1,9,9,GTTGAGCTATAGCGCCATCA,0,2469514
mhpRp1,0.1,9,9,GTTCTCATGTGTCAGGGCGG,0,2429312
mhpRp1,0.1,9,9,GTTCTACCGACATGAAGCGT,0,2430924
mhpRp1,0.1,9,9,GTTCGTCGGTGACACGTGTA,0,2438332
mhpRp1,0.1,9,9,GTTAATCCGTCGTCAAACGT,0,2451697
mhpRp1,0.1,9,9,GTTAAGAAGTGGAGGAATAG,0,2462431
mhpRp1,0.1,9,9,GTGTTAGTAATCACGAGTCG,0,2452724
mhpRp1,0.1,9,9,GTGGTATACACAGACATTAC,0,2476277
mhpRp1,0.1,9,9,GTGGGTAGGTCTGTCCTGCA,0,2459056
mhpRp1,0.1,9,9,GTGCTCCGTAATTATTGTTG,0,2427729
mhpRp1,0.1,9,9,GTGCGGACGCAGGCATCTGT,0,2477303
mhpRp1,0.1,9,9,GTCTCATTTGGACGTCTGGT,0,2430394
mhpRp1,0.1,9,9,GTCTAATAGACTTGAGGCCT,0,2433079
mhpRp1,0.1,9,9,GTCGTGCAGGCACAGGTATC,0,2445956
mhpRp1,0.1,9,9,GTCGTATTTGGTTTGCAATA,0,2448942
mhpRp1,0.1,9,9,GTCGCGAACGCTAAATTTTA,0,2469013
mhpRp1,0.1,9,9,GTCCTTAAAAGTGGTGAAAC,0,2445383
mhpRp1,0.1,9,9,GTCCGACCTCTCCGGTATCA,0,2429885
mhpRp1,0.1,9,9,GTCCAGGGCCTATATTCGAT,0,2474662
mhpRp1,0.1,9,9,GTCAGCCTGACACTACAAGT,0,2442655
mhpRp1,0.1,9,9,GTATTCTGAGCCATCAACTG,0,2467202
mhpRp1,0.1,9,9,GTATTATAAGTCAAATGGTT,0,2430055
mhpRp1,0.1,9,9,GTATGTACTGAGATAGATGT,0,2464700
mhpRp1,0.1,9,9,GTAGTGATAAACCTAGAGAT,0,2443414
mhpRp1,0.1,9,9,GTAGCCGGTAATGTTTCGTA,0,2475769
mhpRp1,0.1,9,9,GTAGCCCCCAGGGATTATCA,0,2431319
mhpRp1,0.1,9,9,GTACGGTCCCGACACGAAAG,0,2472256
mhpRp1,0.1,9,9,GTACATAGTCATTTTGAATC,0,2458914
mhpRp1,0.1,9,9,GTACAATTTGTAGGTGATCT,0,2457341
mhpRp1,0.1,9,9,GTAATGTTCCCTGCACCGAG,0,2462771
mhpRp1,0.1,9,9,GTAATACGTGATGCGCGGGT,0,2455435
mhpRp1,0.1,9,9,GTAAGACCTAACTCATCGAA,0,2435509
mhpRp1,0.1,9,9,GTAAGAACCTCTCCCAATTC,0,2459709
mhpRp1,0.1,9,9,GGTTTACCTAAAACCATTGC,0,2465199
mhpRp1,0.1,9,9,GGTTCTCAGATCTTTTGTGT,0,2434222
mhpRp1,0.1,9,9,GGTTACAATCTGTCACGCAT,0,2453048
mhpRp1,0.1,9,9,GGTGGGAATAAGTTGTTGTC,0,2477987
mhpRp1,0.1,9,9,GGTGATTGTTGGACCCAGGC,0,2423859
mhpRp1,0.1,9,9,GGTGATAGCAAAAGCTGGTA,0,2450444
mhpRp1,0.1,9,9,GGTGACTTCGGTGTAGAGCG,0,2460553
mhpRp1,0.1,9,9,GGTCATGGTAAACTGATGGT,0,2432776
mhpRp1,0.1,9,9,GGTACCCATCTTCAAATCCA,0,2460943
mhpRp1,0.1,9,9,GGGTTTCCCGTGTACGTTAG,0,2435151
mhpRp1,0.1,9,9,GGGTTACGCAGGCAAATGGG,0,2432668
mhpRp1,0.1,9,9,GGGTCAGGTGTGATATATTG,0,2425257
mhpRp1,0.1,9,9,GGGGGCCGACAGACGGGATC,0,2445020
mhpRp1,0.1,9,9,GGGGCTATAGGGCTCTGAAA,0,2427095
mhpRp1,0.1,9,9,GGGGAGTAACTAAGCCGGCT,0,2454423
mhpRp1,0.1,9,9,GGGGAGCGAGACTTGCAGAT,0,2465700
mhpRp1,0.1,9,9,GGGCTAGCTATACCGGACGC,0,2451640
mhpRp1,0.1,9,9,GGCTTTATAGACAAGATGTC,0,2454927
mhpRp1,0.1,9,9,GGCTGTCTGTCCGATCCTGG,0,2436709
mhpRp1,0.1,9,9,GGCAGTTTGCCCCCGGGCTA,0,2452383
mhpRp1,0.1,9,9,GGCAAGAGGTTCTTAAGTCA,0,2459864
mhpRp1,0.1,9,9,GGATTACCTAGCGTTCGTCT,0,2454550
mhpRp1,0.1,9,9,GGATGATTGAGAAGCGGGTG,0,2438296
mhpRp1,0.1,9,9,GGATCGGTTCCTGGCAAATA,0,2428875
mhpRp1,0.1,9,9,GGAGCCAATTGTATCATCTC,0,2427400
mhpRp1,0.1,9,9,GGAGATCCGGCCGACCTGAG,0,2442568
mhpRp1,0.1,9,9,GGACTGTTTCATGCAGTCAT,0,2458819
mhpRp1,0.1,9,9,GGACGGATCTCGTGATCACA,0,2437609
mhpRp1,0.1,9,9,GGAAGCATGATTCCGACGAA,0,2467351
mhpRp1,0.1,9,9,GCTTGGACCTGAGGGGTGGC,0,2443668
mhpRp1,0.1,9,9,GCTTCAGGTGTGCGTAATCA,0,2471607
mhpRp1,0.1,9,9,GCTGTTTACCATTCAGTCGT,0,2443573
mhpRp1,0.1,9,9,GCTGCTTGTGATCTCTTATA,0,2479474
mhpRp1,0.1,9,9,GCTCGCACAATTTCAGCACA,0,2426827
mhpRp1,0.1,9,9,GCTACTCATAGGGCAGTAGA,0,2429107
mhpRp1,0.1,9,9,GCTACATGGGATAACTGGAA,0,2441755
mhpRp1,0.1,9,9,GCGTAGTCGCTGGCTTCTAA,0,2430395
mhpRp1,0.1,9,9,GCGGTACCCTTGCTTGTCCT,0,2457178
mhpRp1,0.1,9,9,GCGGTAATAGGTCTCATGTA,0,2450546
mhpRp1,0.1,9,9,GCGGTAAATATGGGGCATTC,0,2450120
mhpRp1,0.1,9,9,GCGGGGCAAAAGATCCACGT,0,2425159
mhpRp1,0.1,9,9,GCGCTTATTTTGGGCGGAAC,0,2423822
mhpRp1,0.1,9,9,GCGAACCGTGCTGGTTATTT,0,2460607
mhpRp1,0.1,9,9,GCCGGTTGCAGTGCGCTTTC,0,2471390
mhpRp1,0.1,9,9,GCCGCTAAACGGGTACGCAT,0,2445470
mhpRp1,0.1,9,9,GCCCTGGATAGTTCTTAGGT,0,2439694
mhpRp1,0.1,9,9,GCCCGATCGCGTCTTAGGGA,0,2448395
mhpRp1,0.1,9,9,GCCACTGAATCTCAAGGAGT,0,2452033
mhpRp1,0.1,9,9,GCCACCGTCGCGAGGTTTCT,0,2471217
mhpRp1,0.1,9,9,GCATGTAGGGTCTGTCGCAT,0,2443148
mhpRp1,0.1,9,9,GCATGAATCAAACCGGCCGT,0,2452795
mhpRp1,0.1,9,9,GCATCCTTTATTCAATGCCA,0,2439496
mhpRp1,0.1,9,9,GCATACTGTAGGCCTCGGGT,0,2428041
mhpRp1,0.1,9,9,GCATACAATAGACATCCAGT,0,2460533
mhpRp1,0.1,9,9,GATTATGTTTTAGACACCAT,0,2435559
mhpRp1,0.1,9,9,GATGTCGATCGGGATCGGAG,0,2433726
mhpRp1,0.1,9,9,GATCTATAGGCGTAATTGAC,0,2446667
mhpRp1,0.1,9,9,GATAGTCTATGGTAGATCAA,0,2431133
mhpRp1,0.1,9,9,GATACGCTGCGCTAGGCGAT,0,2447476
mhpRp1,0.1,9,9,GAGTCGGACATGCTCGTGTG,0,2462690
mhpRp1,0.1,9,9,GAGTATGAGTATCGGTTACC,0,2424403
mhpRp1,0.1,9,9,GAGGCTCTTTATTAATAAGA,0,2438736
mhpRp1,0.1,9,9,GAGGCATGTTACACCTTTTT,0,2472609
mhpRp1,0.1,9,9,GAGCTTAATCCGCCAACAAC,0,2475387
mhpRp1,0.1,9,9,GAGCAACCATAAGGATCTTG,0,2474107
mhpRp1,0.1,9,9,GAGAAGGTTTTAGTTTGTTT,0,2465721
mhpRp1,0.1,9,9,GACTGTGCTCAATTTTGGAG,0,2426151
mhpRp1,0.1,9,9,GACGGACAGTGGAACAAGTA,0,2456394
mhpRp1,0.1,9,9,GACGAATGCGCGGCTGGAGG,0,2458507
mhpRp1,0.1,9,9,GACATAGAATCGTGCGGAGT,0,2440737
mhpRp1,0.1,9,9,GAATGGGATAGGTATTTCTG,0,2468515
mhpRp1,0.1,9,9,GAATCTGTCCCTTGGGCTCC,0,2438020
mhpRp1,0.1,9,9,GAAGCAAGGGTTAGGTGATA,0,2442174
mhpRp1,0.1,9,9,GAACGGTCCCTGATACGCGA,0,2447761
mhpRp1,0.1,9,9,GAACGATCGCGTTATAGTAG,0,2451106
mhpRp1,0.1,9,9,GAAACGCCGTTGCCGTAGTC,0,2449412
mhpRp1,0.1,9,9,GAAACACGCTAGCGCGGAGA,0,2432544
mhpRp1,0.1,9,9,CTTTATTACTGTAAAGGCAT,0,2457916
mhpRp1,0.1,9,9,CTTTATAGCCGAATGGACCC,0,2441830
mhpRp1,0.1,9,9,CTTTAGGCATTAGACTTGGG,0,2426664
mhpRp1,0.1,9,9,CTTGTGGCAAGCCTCTCTAC,0,2454279
mhpRp1,0.1,9,9,CTTGTAACAGCATCAACCAC,0,2441259
mhpRp1,0.1,9,9,CTTGGGTTAATTTCCAACAG,0,2455274
mhpRp1,0.1,9,9,CTTGGCAAGGGAGATGACCC,0,2466458
mhpRp1,0.1,9,9,CTTGCGAAGGAAGACACAGG,0,2431944
mhpRp1,0.1,9,9,CTTCTCCATCTGGTGACTTG,0,2429307
mhpRp1,0.1,9,9,CTGTTCTGTGAGAGATACGA,0,2462917
mhpRp1,0.1,9,9,CTGCAGATCACTGAGTGAAA,0,2479517
mhpRp1,0.1,9,9,CTGAGAATGCCGAGGCCCAA,0,2431601
mhpRp1,0.1,9,9,CTGAGAAAGAAGGGCCGCCA,0,2439400
mhpRp1,0.1,9,9,CTCTCTCACGCTATACCCTC,0,2443254
mhpRp1,0.1,9,9,CTCGTGAATTTAGAACCCAA,0,2457696
mhpRp1,0.1,9,9,CTCGGACAGTGGTCCGAATG,0,2426311
mhpRp1,0.1,9,9,CTCGCGGTACAAAACCTGGC,0,2436885
mhpRp1,0.1,9,9,CTCCTAAGTTTGCGTATTGT,0,2437759
mhpRp1,0.1,9,9,CTCCTAAAAAGCTTGCAGAG,0,2445293
mhpRp1,0.1,9,9,CTCCATTGCCATGGTATGAG,0,2452956
mhpRp1,0.1,9,9,CTCCACTCGGTCAGAACCAT,0,2428700
mhpRp1,0.1,9,9,CTCATCTTGTATACACGTAT,0,2447977
mhpRp1,0.1,9,9,CTCAGAGAGGGCCGCCTTGA,0,2448251
mhpRp1,0.1,9,9,CTAGTGACAATGCTATGTGC,0,2433080
mhpRp1,0.1,9,9,CTAGTCTCCGATACAAACGA,0,2438929
mhpRp1,0.1,9,9,CTAGTCGGACCGGCAGCGCG,0,2477862
mhpRp1,0.1,9,9,CTACTCTTGTTTCCTGCGAA,0,2448279
mhpRp1,0.1,9,9,CTACGGGAAGGGAGACGGTC,0,2454109
mhpRp1,0.1,9,9,CTAAACCCGTCAAATAAGAA,0,2474133
mhpRp1,0.1,9,9,CGTTTCGTATTCCGCGGACC,0,2460054
mhpRp1,0.1,9,9,CGTTCATTTCGTTGTATATA,0,2459796
mhpRp1,0.1,9,9,CGTGTAACCGTGGAAGCGCG,0,2425896
mhpRp1,0.1,9,9,CGTGCCTTGAAGCATATCGT,0,2439571
mhpRp1,0.1,9,9,CGTGCCTAGAATTAGCAATG,0,2464820
mhpRp1,0.1,9,9,CGTCGAGGGAAGTGTGCTTT,0,2438338
mhpRp1,0.1,9,9,CGTCCTCGCAAAGTAGTACA,0,2451476
mhpRp1,0.1,9,9,CGGGCGACGCTCAGCAAATC,0,2457154
mhpRp1,0.1,9,9,CGGCTAAGCGCGTATTAGCT,0,2426534
mhpRp1,0.1,9,9,CGGCCGGAGAGCAGAAATGA,0,2459161
mhpRp1,0.1,9,9,CGGAGTTGATGGCGTAAATT,0,2454651
mhpRp1,0.1,9,9,CGGACGGTCTATTCTGGCTG,0,2433559
mhpRp1,0.1,9,9,CGCTTGTGCCAGTGTTTCAC,0,2466159
mhpRp1,0.1,9,9,CGCTCGCGAGGCTCCCTCGA,0,2430061
mhpRp1,0.1,9,9,CGCGGATATGGTATGGCCGT,0,2447669
mhpRp1,0.1,9,9,CGCGAAGGTCAGACGATTTA,0,2439744
mhpRp1,0.1,9,9,CGCCCGCCCTGTAAGTTGTA,0,2444000
mhpRp1,0.1,9,9,CGATTAGTGGTTATCTGTGT,0,2466216
mhpRp1,0.1,9,9,CGATCTTTCATCAGGATGCC,0,2448745
mhpRp1,0.1,9,9,CGATCGTTATTAATCTAATA,0,2433377
mhpRp1,0.1,9,9,CGATAGGGTAAGTTGCAATC,0,2463268
mhpRp1,0.1,9,9,CGAGTGTTTAAAAATCTTCC,0,2449343
mhpRp1,0.1,9,9,CGAGGATGACTGGGTGACCT,0,2444201
mhpRp1,0.1,9,9,CGAGAAGTACAAACGGCTGG,0,2461063
mhpRp1,0.1,9,9,CGACTCATTGCAAAATCATC,0,2457571
mhpRp1,0.1,9,9,CGACATTTGGTTTCAGGGTA,0,2431936
mhpRp1,0.1,9,9,CGAATCCCCACACATTGTCT,0,2474558
mhpRp1,0.1,9,9,CGAATCCAGACCGACTCGTT,0,2474403
mhpRp1,0.1,9,9,CGAATCAACACGTCCGTAAG,0,2476020
mhpRp1,0.1,9,9,CCTTAACGGGCTTGTTGGGG,0,2462113
mhpRp1,0.1,9,9,CCTGTCGCACCTTCCTCGCT,0,2467577
mhpRp1,0.1,9,9,CCTCCAATGGTTACGTATGG,0,2461556
mhpRp1,0.1,9,9,CCTATGCATGCCCCTGCCAT,0,2462106
mhpRp1,0.1,9,9,CCTACCTCTACGAGACCTAG,0,2436142
mhpRp1,0.1,9,9,CCTAAACGCGCACCAGGTTG,0,2435162
mhpRp1,0.1,9,9,CCGGATGGAATCAATCGTCA,0,2438869
mhpRp1,0.1,9,9,CCGCGATAGGCGGAATTGGA,0,2454926
mhpRp1,0.1,9,9,CCGCCGGTCACTAAACGCTA,0,2432418
mhpRp1,0.1,9,9,CCGCCATCTACCGGGGGCTG,0,2451842
mhpRp1,0.1,9,9,CCGCAGTTTAAATTGGGCCT,0,2442180
mhpRp1,0.1,9,9,CCCTGAAGGGGTCGATTCGA,0,2461393
mhpRp1,0.1,9,9,CCCTCGAACCACCCACCTCG,0,2425462
mhpRp1,0.1,9,9,CCCGACTGAATGTTGGCCAC,0,2431233
mhpRp1,0.1,9,9,CCCCCGGTTAAGCATAGGCA,0,2455022
mhpRp1,0.1,9,9,CCCAGCCGCTTGGGCCTCCG,0,2466739
mhpRp1,0.1,9,9,CCCAATAGAGCACACCACAA,0,2431745
mhpRp1,0.1,9,9,CCCAAATTTTAGAGAAGAAA,0,2460027
mhpRp1,0.1,9,9,CCCAAAGGCCCGTCGCCAGT,0,2448346
mhpRp1,0.1,9,9,CCATTGCGGCCGGTGACCTG,0,2464840
mhpRp1,0.1,9,9,CCATGCTATCGCATGCGCCA,0,2438517
mhpRp1,0.1,9,9,CCATCGCTAAGCTGTTGTCT,0,2459187
mhpRp1,0.1,9,9,CCAGAGGCAGTGTCGCTGGG,0,2449077
mhpRp1,0.1,9,9,CCACTGTCATCGGGCTGTTG,0,2449453
mhpRp1,0.1,9,9,CCACTGGAAACCGACCGACC,0,2478874
mhpRp1,0.1,9,9,CCACAGGTGTCTTGGCACGG,0,2468378
mhpRp1,0.1,9,9,CCAAGTAGGGCGACCGTCCG,0,2471371
mhpRp1,0.1,9,9,CCAAGGTGCGGCCCAATTGT,0,2441197
mhpRp1,0.1,9,9,CCAAGACATACACTTCATCC,0,2460769
mhpRp1,0.1,9,9,CATTTCCATCGTGAATTCCA,0,2431427
mhpRp1,0.1,9,9,CATGTTCATTCAGAGGGTAG,0,2470298
mhpRp1,0.1,9,9,CATGCTCTGCCGTTGTTATG,0,2450280
mhpRp1,0.1,9,9,CATGCATTTGTGGCATCGAA,0,2431924
mhpRp1,0.1,9,9,CATCTGGTGTCTCAAAGACT,0,2434378
mhpRp1,0.1,9,9,CATATGGGTGTATCTCGGTT,0,2472268
mhpRp1,0.1,9,9,CATATCGCGCGTGTACGGTC,0,2435966
mhpRp1,0.1,9,9,CATACTTGTTCCTGTCAAAG,0,2447159
mhpRp1,0.1,9,9,CATACCTTCCCAATTCCGCA,0,2467235
mhpRp1,0.1,9,9,CATAATCGTCGTGCAACGCA,0,2465134
mhpRp1,0.1,9,9,CAGTTTCTTCATGCGTTAGT,0,2460239
mhpRp1,0.1,9,9,CAGTTAATGGTTCAATAGAC,0,2455879
mhpRp1,0.1,9,9,CAGTGGAATGTCTGGAATTC,0,2465403
mhpRp1,0.1,9,9,CAGGTGCTTTCTTTTGTTTC,0,2456627
mhpRp1,0.1,9,9,CAGCTCGTGCTATACGGGGA,0,2437525
mhpRp1,0.1,9,9,CAGACACCATTGTTACCAGA,0,2448297
mhpRp1,0.1,9,9,CACTATGGAACATATATCGG,0,2437452
mhpRp1,0.1,9,9,CACGGTAATAGACCGCATAT,0,2453293
mhpRp1,0.1,9,9,CACCGGGTGATGGCCTAGAT,0,2471569
mhpRp1,0.1,9,9,CACCCTCGAGTAAAAACTAA,0,2461477
mhpRp1,0.1,9,9,CACCCGTACGAACAAGTAAT,0,2431258
mhpRp1,0.1,9,9,CACCCCGTCTCCCAACGGAT,0,2458550
mhpRp1,0.1,9,9,CACATATTTACTATCTCAAA,0,2459593
mhpRp1,0.1,9,9,CACAGTTACCATGTCGTACC,0,2436899
mhpRp1,0.1,9,9,CAATGACTTGCGCAAGTATA,0,2433769
mhpRp1,0.1,9,9,CAATCTCCGTGAAGGCGTAA,0,2454656
mhpRp1,0.1,9,9,CAAGTGGACGGATGAATCCT,0,2477696
mhpRp1,0.1,9,9,CAAGTCTAAGCGTTCAATAA,0,2451019
mhpRp1,0.1,9,9,CAAGGGAGCTATACTTCTAA,0,2451449
mhpRp1,0.1,9,9,CAACCGGATTCGAGCAGAGT,0,2442985
mhpRp1,0.1,9,9,ATTTGCCTGCCTGGAGCACG,0,2446469
mhpRp1,0.1,9,9,ATTGTGCTATGATTACGCGA,0,2448732
mhpRp1,0.1,9,9,ATTGGCCCGGTTGAAAGCCG,0,2428697
mhpRp1,0.1,9,9,ATTGCGCACTCATTTAAAGC,0,2456729
mhpRp1,0.1,9,9,ATTGAAAAAACATTCAGAAT,0,2449744
mhpRp1,0.1,9,9,ATTAGGAATAACTCGCAGCG,0,2459087
mhpRp1,0.1,9,9,ATGGGGCAGTTATCCTACTC,0,2449981
mhpRp1,0.1,9,9,ATGGGGAGTGACAAACCCCC,0,2455981
mhpRp1,0.1,9,9,ATGCGCATCAAACGTGTATT,0,2461156
mhpRp1,0.1,9,9,ATGCCCTGGCTATTGCGGAG,0,2445292
mhpRp1,0.1,9,9,ATGCATGGTGCACGTGGCAT,0,2466455
mhpRp1,0.1,9,9,ATGCAATCACGTCTACCGGA,0,2425741
mhpRp1,0.1,9,9,ATGACAGCGAGGCCCGGTCT,0,2470072
mhpRp1,0.1,9,9,ATCGCACCACCTGGTGTCAA,0,2457010
mhpRp1,0.1,9,9,ATCGAGCTCCGCAAATAGGT,0,2459534
mhpRp1,0.1,9,9,ATCCCGGAATGACCTGTGTC,0,2467696
mhpRp1,0.1,9,9,ATCATCCGGATGCGACCATG,0,2436008
mhpRp1,0.1,9,9,ATCAGCAATTAAAAATTATT,0,2429194
mhpRp1,0.1,9,9,ATCACGATTCTGATGTATCT,0,2424283
mhpRp1,0.1,9,9,ATCAAATATAATCGGTTACC,0,2425171
mhpRp1,0.1,9,9,ATATTCGCGCTAAAAAATGA,0,2442496
mhpRp1,0.1,9,9,ATAGTTGGGTAAGAATGATT,0,2471515
mhpRp1,0.1,9,9,ATAGACAGTGCCGCGCTCTT,0,2435523
mhpRp1,0.1,9,9,ATACTCGGCCACGGAATTCA,0,2453883
mhpRp1,0.1,9,9,ATACCGGGTAAGGTCCCCCA,0,2442138
mhpRp1,0.1,9,9,ATAAGTTTTTAATTTCGGAC,0,2445143
mhpRp1,0.1,9,9,ATAAGCGGAAAGATGCATCC,0,2454190
mhpRp1,0.1,9,9,ATAAACGGCTCGATAGATCT,0,2460505
mhpRp1,0.1,9,9,AGTTCGTTTTTAATTACTGA,0,2468571
mhpRp1,0.1,9,9,AGTGCAAGCAGCGGTGTAAG,0,2428486
mhpRp1,0.1,9,9,AGTGAGCAAAGAGCTAATGA,0,2471183
mhpRp1,0.1,9,9,AGTGAATTTCGAGGTAGGCA,0,2456030
mhpRp1,0.1,9,9,AGTCTGCGTAGAGGGGTAGG,0,2462991
mhpRp1,0.1,9,9,AGTCGGTGACACCAGTTGTC,0,2427954
mhpRp1,0.1,9,9,AGTATAAATGAGCATCTCCC,0,2459254
mhpRp1,0.1,9,9,AGTAGGTGTTGGTCCGCAAG,0,2451820
mhpRp1,0.1,9,9,AGTACCGTCTCTATCCACGG,0,2472421
mhpRp1,0.1,9,9,AGGTCATTGTCAAAGTTCGA,0,2441673
mhpRp1,0.1,9,9,AGGGGGATTTAAATGTACTA,0,2438503
mhpRp1,0.1,9,9,AGGCTTGCGAGGCTCCGCTG,0,2434134
mhpRp1,0.1,9,9,AGGCGGGACGTCACATTGCA,0,2450400
mhpRp1,0.1,9,9,AGGATAAAACGTTTGAACTT,0,2434457
mhpRp1,0.1,9,9,AGGAAGATACTTCCCTACCC,0,2438281
mhpRp1,0.1,9,9,AGCTTTCAGTGATACAGGTA,0,2475411
mhpRp1,0.1,9,9,AGCTGCGTCATTGATTAGGA,0,2448590
mhpRp1,0.1,9,9,AGCGGTTCGTTCCTGGTTTT,0,2474439
mhpRp1,0.1,9,9,AGCGGGCTCCTTAGTAGGGG,0,2447386
mhpRp1,0.1,9,9,AGCGACGGACGCTCGCCTGG,0,2449452
mhpRp1,0.1,9,9,AGCACTCAAGTGGACGCCCT,0,2440922
mhpRp1,0.1,9,9,AGCACCATTTGTGGATGGAG,0,2427579
mhpRp1,0.1,9,9,AGATTCTCCTAACTCAGGGT,0,2436016
mhpRp1,0.1,9,9,AGATGTAATGTGTACGCGTC,0,2432515
mhpRp1,0.1,9,9,AGATATGACGAGGGGCTGTT,0,2457934
mhpRp1,0.1,9,9,AGAGGAAAGCGATCCATCCT,0,2433527
mhpRp1,0.1,9,9,AGACAGCATAGGTTGATACA,0,2477919
mhpRp1,0.1,9,9,AGACAACGCACGCCAACGAT,0,2461777
mhpRp1,0.1,9,9,AGAAAAACGCCCTTGGGAAT,0,2465668
mhpRp1,0.1,9,9,ACTTTTAGTGGTATGGAATG,0,2443624
mhpRp1,0.1,9,9,ACTTATCCAGTTACACTGTC,0,2456634
mhpRp1,0.1,9,9,ACTGCTGAGCGATATTTCCT,0,2471171
mhpRp1,0.1,9,9,ACTCTGAGAGTCGTGTGCGA,0,2460870
mhpRp1,0.1,9,9,ACTCTAGACGTTGGTGACTG,0,2452732
mhpRp1,0.1,9,9,ACTCATTTCTCGGGTAGATT,0,2428955
mhpRp1,0.1,9,9,ACTAAAAGCGATCACTGGGA,0,2428200
mhpRp1,0.1,9,9,ACGTGAATTCTGATTGGCGA,0,2438257
mhpRp1,0.1,9,9,ACGTCTGAGTTTTCTCCCTA,0,2450273
mhpRp1,0.1,9,9,ACGGTGTTCTCTGGTACCCG,0,2465228
mhpRp1,0.1,9,9,ACGGAACATGGGTAAAGAGT,0,2441845
mhpRp1,0.1,9,9,ACGCTCTCTCCGGGTTTGGA,0,2438426
mhpRp1,0.1,9,9,ACGCCATGGCTATACGTGCG,0,2425718
mhpRp1,0.1,9,9,ACGAGGGCATGGGTTTTCGC,0,2430780
mhpRp1,0.1,9,9,ACCTTGAGTGTTGGGAGGGC,0,2477105
mhpRp1,0.1,9,9,ACCTTCAGGGCGCCCACTGA,0,2458912
mhpRp1,0.1,9,9,ACCTGAACGGATTGCGATAT,0,2460375
mhpRp1,0.1,9,9,ACCCAGTGCCTTCCTTGGAG,0,2438861
mhpRp1,0.1,9,9,ACATATTCTTCGTCACGCAA,0,2475043
mhpRp1,0.1,9,9,ACAGTGCTACGGTTTTGAAA,0,2460554
mhpRp1,0.1,9,9,ACAGTAACTACAAGTCCAAA,0,2469691
mhpRp1,0.1,9,9,ACAGCCAGTCTATCACTCGA,0,2470205
mhpRp1,0.1,9,9,ACACGATCTGGATCTGTGAC,0,2441867
mhpRp1,0.1,9,9,ACACCCCCCTCATGTTTCCA,0,2471887
mhpRp1,0.1,9,9,ACAAAAGCTAGCCGGGGCTC,0,2451118
mhpRp1,0.1,9,9,AATTTGCGGGTGTTAAGCAG,0,2464080
mhpRp1,0.1,9,9,AATTTGATATTTCGTGGGTT,0,2431500
mhpRp1,0.1,9,9,AATTAAGTATCGATGGAGTT,0,2441669
mhpRp1,0.1,9,9,AATGTAAGTTCTCACTTATG,0,2434986
mhpRp1,0.1,9,9,AATGACAGCGTTGTCCGCGG,0,2434098
mhpRp1,0.1,9,9,AATCGGAGCTATGCGGGTAC,0,2448321
mhpRp1,0.1,9,9,AATCCGGGTGGAAACGTTGA,0,2460242
mhpRp1,0.1,9,9,AATCCCGCACACAGAGTTTC,0,2451014
mhpRp1,0.1,9,9,AATAGGTTGAGGTCGCTAGA,0,2433407
mhpRp1,0.1,9,9,AAGTAATGTTTAGTGAAACG,0,2425305
mhpRp1,0.1,9,9,AAGGGGCGTGAGTTAACTCT,0,2425030
mhpRp1,0.1,9,9,AAGGCACCAAAGTCGGGCGG,0,2472253
mhpRp1,0.1,9,9,AAGGAAAAAATTAGAAGACT,0,2479366
mhpRp1,0.1,9,9,AAGCCTTAGTATGAGATGCA,0,2451624
mhpRp1,0.1,9,9,AAGCAGCCTTCGCGAAGGGT,0,2457890
mhpRp1,0.1,9,9,AAGAATGCTACGCCAGAAGA,0,2459049
mhpRp1,0.1,9,9,AAGAAATTTAATCTCATATG,0,2451706
mhpRp1,0.1,9,9,AACGCAATCGACTGCACCAC,0,2463358
mhpRp1,0.1,9,9,AACGAATTATCGCGTGCGGT,0,2434649
mhpRp1,0.1,9,9,AACACCACCACGAAGTTTGT,0,2447266
mhpRp1,0.1,9,9,AACAATGCATCCCCGCAGAC,0,2454820
mhpRp1,0.1,9,9,AAATTCAATCATCAGTGCAG,0,2432835
mhpRp1,0.1,9,9,AAAGGATACGATCTGGCGCA,0,2459401
mhpRp1,0.1,9,9,AAAGCGTTGGAGATCCACAC,0,2453343
mhpRp1,0.1,9,9,AAAGAGCGCGACACATCCGT,0,2429554
mhpRp1,0.1111111111111111,8,8,TTTTCTATAACAGTCGGCGT,0,2453056
mhpRp1,0.1111111111111111,8,8,TTTGTGTGGTCGCAGGGCGC,0,2467886
mhpRp1,0.1111111111111111,8,8,TTTGTAGTAGGTTGAGCCAA,0,2461533
mhpRp1,0.1111111111111111,8,8,TTTGAGTCAAAGCGCAACTA,0,2468514
mhpRp1,0.1111111111111111,8,8,TTTCGAAGTAGATCGACATA,0,2477215
mhpRp1,0.1111111111111111,8,8,TTTATCTCCGGCTCCTATCT,0,2439525
mhpRp1,0.1111111111111111,8,8,TTTATATTGCGGGTGGCTTA,0,2472425
mhpRp1,0.1111111111111111,8,8,TTTAGGTAGTGTTGGCTGCG,0,2467641
mhpRp1,0.1111111111111111,8,8,TTGTGTCCGCTCTTTCTTCG,0,2432644
mhpRp1,0.1111111111111111,8,8,TTGTGTATTCGCAGGCCAGT,0,2466796
mhpRp1,0.1111111111111111,8,8,TTGTCACGGTCAGTAGTCGT,0,2452618
mhpRp1,0.1111111111111111,8,8,TTGGTCAATGTTTTCAAACT,0,2470603
mhpRp1,0.1111111111111111,8,8,TTGGGAGGCCACACACACAT,0,2434811
mhpRp1,0.1111111111111111,8,8,TTGGGAGAAGGCTTCAGAGC,0,2473571
mhpRp1,0.1111111111111111,8,8,TTGGCAGTTTTTAAACTTAG,0,2470744
mhpRp1,0.1111111111111111,8,8,TTGGCAGCGCAAATGCCGAA,0,2431252
mhpRp1,0.1111111111111111,8,8,TTGCTTACGGCACGGGGCGT,0,2457449
mhpRp1,0.1111111111111111,8,8,TTGAGGTCACTCGTTTTGGT,0,2445760
mhpRp1,0.1111111111111111,8,8,TTCTGCAATCCGATGCGTCA,0,2478160
mhpRp1,0.1111111111111111,8,8,TTCTAGGTCAGGGTAGAGGG,0,2426167
mhpRp1,0.1111111111111111,8,8,TTCTAAGAATCAGCAGCTCT,0,2465278
mhpRp1,0.1111111111111111,8,8,TTCGCCCAGTAATGAAGCCA,0,2448725
mhpRp1,0.1111111111111111,8,8,TTCGAGTGGATTATTAGGAA,0,2427654
mhpRp1,0.1111111111111111,8,8,TTCGAGGAAATTCAAGTATA,0,2441873
mhpRp1,0.1111111111111111,8,8,TTCCTGTGTGCTGCTGAACG,0,2451491
mhpRp1,0.1111111111111111,8,8,TTCCTGGCGCGGGCGCTGAC,0,2467872
mhpRp1,0.1111111111111111,8,8,TTCCCTTTATAAGACTGCAA,0,2450674
mhpRp1,0.1111111111111111,8,8,TTCCATCGAACACCGCCCCA,0,2434331
mhpRp1,0.1111111111111111,8,8,TTCCAGACTGTCCAGGATTC,0,2448596
mhpRp1,0.1111111111111111,8,8,TTCATCCGCAGTACAATGCT,0,2462316
mhpRp1,0.1111111111111111,8,8,TTATGGTTCGTACGCTGTGT,0,2447330
mhpRp1,0.1111111111111111,8,8,TTAGCTTCTAGTTCACTCCA,0,2445475
mhpRp1,0.1111111111111111,8,8,TTAGATGGCATAGGACCCCC,0,2457492
mhpRp1,0.1111111111111111,8,8,TGTTGTGGGGGATGCCATGC,0,2427200
mhpRp1,0.1111111111111111,8,8,TGTTGACTTTGTGAATGGGA,0,2438859
mhpRp1,0.1111111111111111,8,8,TGTGTCACGTCAGCGGCCAA,0,2477195
mhpRp1,0.1111111111111111,8,8,TGTGGGTGCCAACCCGTAAG,0,2436302
mhpRp1,0.1111111111111111,8,8,TGTGGATTATTTCCAATCCC,0,2429589
mhpRp1,0.1111111111111111,8,8,TGTCTGGGAAAGAGGACACA,0,2469145
mhpRp1,0.1111111111111111,8,8,TGTCGAGAACCCGTGGTTGC,0,2457097
mhpRp1,0.1111111111111111,8,8,TGTACTGCAGGCGGGGCGGT,0,2434081
mhpRp1,0.1111111111111111,8,8,TGTAAATTCTAGGACGGAAT,0,2430251
mhpRp1,0.1111111111111111,8,8,TGGTGTCAGGTAATAAAGTG,0,2439648
mhpRp1,0.1111111111111111,8,8,TGGGTACATCGCCCTGACAG,0,2451103
mhpRp1,0.1111111111111111,8,8,TGGATTTACGTCTGCTATGC,0,2426667
mhpRp1,0.1111111111111111,8,8,TGGATTGGTTCGTCAGGGTG,0,2427513
mhpRp1,0.1111111111111111,8,8,TGGATACGATCACTGTATTG,0,2439819
mhpRp1,0.1111111111111111,8,8,TGGAAGTGGTTGGGCTTTTT,0,2479217
mhpRp1,0.1111111111111111,8,8,TGCTGCTTTGCGTAACCTAA,0,2472745
mhpRp1,0.1111111111111111,8,8,TGCGTCACCATATGGACGAA,0,2448771
mhpRp1,0.1111111111111111,8,8,TGCGGTTAAACGCGTAGTGG,0,2440626
mhpRp1,0.1111111111111111,8,8,TGCGCAGCAATGGATCAAGT,0,2461384
mhpRp1,0.1111111111111111,8,8,TGCCGTCTACCATTCCCTTG,0,2426787
mhpRp1,0.1111111111111111,8,8,TGCCGGCTGTTCAAGATCGG,0,2464401
mhpRp1,0.1111111111111111,8,8,TGCCAAATGGAATGGCGGGT,0,2473885
mhpRp1,0.1111111111111111,8,8,TGCATACCCAGGCTAAAAGA,0,2438643
mhpRp1,0.1111111111111111,8,8,TGCACTCGTGCGGTCCGCTA,0,2471881
mhpRp1,0.1111111111111111,8,8,TGCAATCATGGCGGAATCCT,0,2467536
mhpRp1,0.1111111111111111,8,8,TGCAACGGCTCTAACCAAAT,0,2437403
mhpRp1,0.1111111111111111,8,8,TGAGATGGATATATATTACG,0,2464784
mhpRp1,0.1111111111111111,8,8,TGAACTTACCTGTCTGTTCC,0,2478673
mhpRp1,0.1111111111111111,8,8,TGAACGCTACGTACTTGCGT,0,2439995
mhpRp1,0.1111111111111111,8,8,TCTTGTATGAATTATTCCGC,0,2428468
mhpRp1,0.1111111111111111,8,8,TCTTCCACCCAAAGCCGACT,0,2468822
mhpRp1,0.1111111111111111,8,8,TCTGCATGGTCGCGTGATCT,0,2454971
mhpRp1,0.1111111111111111,8,8,TCTCTTTTTACGTCAGTTCT,0,2449083
mhpRp1,0.1111111111111111,8,8,TCTATATTAGTCCACACAGT,0,2441199
mhpRp1,0.1111111111111111,8,8,TCGTTGGGGCAGGGTTTGGT,0,2451613
mhpRp1,0.1111111111111111,8,8,TCGTCAGTGACGGGGTTCGC,0,2465563
mhpRp1,0.1111111111111111,8,8,TCGTATCGCACTCAGACGGA,0,2478734
mhpRp1,0.1111111111111111,8,8,TCGTAGATTAGGGCAATCGG,0,2442764
mhpRp1,0.1111111111111111,8,8,TCGGTTCCGGGGGCCAAGGG,0,2463453
mhpRp1,0.1111111111111111,8,8,TCGGGTTACCTCGCGAACGG,0,2468706
mhpRp1,0.1111111111111111,8,8,TCGCGGAGACGAGGCAGGGT,0,2471492
mhpRp1,0.1111111111111111,8,8,TCGCAGGCGATGGTTCGGCA,0,2453449
mhpRp1,0.1111111111111111,8,8,TCGATGGCCATCCGGATGCA,0,2441796
mhpRp1,0.1111111111111111,8,8,TCGACCCCGTGTGTCTGTAC,0,2434470
mhpRp1,0.1111111111111111,8,8,TCGAATCCGGTCTCACATAC,0,2454552
mhpRp1,0.1111111111111111,8,8,TCCTGAGAATAACCGGTCCA,0,2442651
mhpRp1,0.1111111111111111,8,8,TCCTATAGCTAAAACCGAAG,0,2451389
mhpRp1,0.1111111111111111,8,8,TCCGGGTATAATAGACTTAA,0,2462914
mhpRp1,0.1111111111111111,8,8,TCCGGAGATTGCATCCGGTT,0,2447332
mhpRp1,0.1111111111111111,8,8,TCCGGACCGATGTTTTCCAT,0,2461898
mhpRp1,0.1111111111111111,8,8,TCCGCCCGAATATGACCTGG,0,2440790
mhpRp1,0.1111111111111111,8,8,TCCCTGTATTAGTGGGCCAG,0,2439474
mhpRp1,0.1111111111111111,8,8,TCCCGGGCAATATGGCAGCA,0,2470484
mhpRp1,0.1111111111111111,8,8,TCCCCACAGTCGCTTACGGG,0,2478953
mhpRp1,0.1111111111111111,8,8,TCCATGTATCCTATAGCCCT,0,2441393
mhpRp1,0.1111111111111111,8,8,TCCAGTCTTCATATCAAGTT,0,2458088
mhpRp1,0.1111111111111111,8,8,TCATGTGAAATGGGATAATC,0,2445520
mhpRp1,0.1111111111111111,8,8,TCAGTCCGAGCGTATAAACC,0,2426657
mhpRp1,0.1111111111111111,8,8,TCAGTCCCATTGGTGCGGGT,0,2454785
mhpRp1,0.1111111111111111,8,8,TCAGGGCAACGCAAGGAGTC,0,2460134
mhpRp1,0.1111111111111111,8,8,TATTTCGCTAGTGGGTACAA,0,2457235
mhpRp1,0.1111111111111111,8,8,TATTGGGGACTTCATAGTCT,0,2445803
mhpRp1,0.1111111111111111,8,8,TATTCAAGGATTGGGCATGT,0,2462221
mhpRp1,0.1111111111111111,8,8,TATGTCATTCTTATGCTTGT,0,2429704
mhpRp1,0.1111111111111111,8,8,TATGGGTGTCTAGTGCTTTA,0,2446387
mhpRp1,0.1111111111111111,8,8,TATGCTAACGGCACAAGGTG,0,2470092
mhpRp1,0.1111111111111111,8,8,TATCATCGGCGTCTAATGCT,0,2466350
mhpRp1,0.1111111111111111,8,8,TATATCAATTGAGAATGCCT,0,2468268
mhpRp1,0.1111111111111111,8,8,TATAGCACTGTCCTGATGTA,0,2448610
mhpRp1,0.1111111111111111,8,8,TAGTGGCCGCGCCTTCGGTT,0,2448595
mhpRp1,0.1111111111111111,8,8,TAGGTCCTTTCTTACCCCCG,0,2465204
mhpRp1,0.1111111111111111,8,8,TAGGCGTACAGTGCGTACTA,0,2453214
mhpRp1,0.1111111111111111,8,8,TAGCTACAGTTGGGCGGGTA,0,2472855
mhpRp1,0.1111111111111111,8,8,TAGCGCGAAGCCTCCCATAC,0,2431409
mhpRp1,0.1111111111111111,8,8,TAGATAAGCCACACGATAAA,0,2436965
mhpRp1,0.1111111111111111,8,8,TAGAAGGAACGTTTGTAAAT,0,2441204
mhpRp1,0.1111111111111111,8,8,TACGTCAGTCTAGTATCCTT,0,2437713
mhpRp1,0.1111111111111111,8,8,TACCGCTCACAGGCCGGTGT,0,2477462
mhpRp1,0.1111111111111111,8,8,TACCCGTAATTTAACACTAT,0,2437132
mhpRp1,0.1111111111111111,8,8,TACATTCGGATCTAAGCTGG,0,2429258
mhpRp1,0.1111111111111111,8,8,TACAGCGTCTAGGCAGACAT,0,2446892
mhpRp1,0.1111111111111111,8,8,TAATTATAGAACATTCAGGT,0,2435030
mhpRp1,0.1111111111111111,8,8,TAATCTGAACTCTGACACGT,0,2442335
mhpRp1,0.1111111111111111,8,8,TAATCGTTACTTGTTCGTCA,0,2474632
mhpRp1,0.1111111111111111,8,8,TAAGTTGTTGTCTTTATAGT,0,2461433
mhpRp1,0.1111111111111111,8,8,TAAGTCTAATCCCTTTTGTA,0,2429863
mhpRp1,0.1111111111111111,8,8,TAAGAAGTTGAGAGTCTTGT,0,2444560
mhpRp1,0.1111111111111111,8,8,TAACACAAAAAGCGGGCAGC,0,2432629
mhpRp1,0.1111111111111111,8,8,TAAAGTTTGTAGCGTTCCTG,0,2439457
mhpRp1,0.1111111111111111,8,8,GTTTTGTGGGCCTAAGACTA,0,2475592
mhpRp1,0.1111111111111111,8,8,GTTTTGGTCTACCGTCTTCA,0,2440887
mhpRp1,0.1111111111111111,8,8,GTTTCGGAGTCAGCGTGCAG,0,2442915
mhpRp1,0.1111111111111111,8,8,GTTTCCCTGAACCACTGCAT,0,2439184
mhpRp1,0.1111111111111111,8,8,GTTTCATATGTATGAAACTT,0,2435237
mhpRp1,0.1111111111111111,8,8,GTTTAGGTCCCACAACCTTT,0,2437338
mhpRp1,0.1111111111111111,8,8,GTTCCCTCCGACGAACCAAG,0,2456808
mhpRp1,0.1111111111111111,8,8,GTTCAGGTGTGACCCCGTAA,0,2431170
mhpRp1,0.1111111111111111,8,8,GTTAGGCTATCAGTGTATCG,0,2462490
mhpRp1,0.1111111111111111,8,8,GTTAATACCTTATATGGTGC,0,2446495
mhpRp1,0.1111111111111111,8,8,GTTAAACGTGTCCGAAGTTA,0,2437830
mhpRp1,0.1111111111111111,8,8,GTGTCCGCGTAGGTGACTGC,0,2446231
mhpRp1,0.1111111111111111,8,8,GTGCTTCGAGGAGGCATGGC,0,2465937
mhpRp1,0.1111111111111111,8,8,GTGCTACCGCATATCCGCGG,0,2438285
mhpRp1,0.1111111111111111,8,8,GTGATTAATGTCACGGTTAT,0,2430582
mhpRp1,0.1111111111111111,8,8,GTGAAGCTGTTAATTCAACG,0,2424043
mhpRp1,0.1111111111111111,8,8,GTCTTCACCGGTAACCTCGT,0,2450101
mhpRp1,0.1111111111111111,8,8,GTCTCAGTAAGCGTGATTGA,0,2425476
mhpRp1,0.1111111111111111,8,8,GTCTATCAATAAATCTTAAG,0,2460839
mhpRp1,0.1111111111111111,8,8,GTCCTTATTTCGTCCCGTGC,0,2460664
mhpRp1,0.1111111111111111,8,8,GTCCTAGATTCGCAAGAGAA,0,2453022
mhpRp1,0.1111111111111111,8,8,GTCCGACACGGTACAAGGCA,0,2431754
mhpRp1,0.1111111111111111,8,8,GTCATGTCAAACCTTCAATG,0,2440464
mhpRp1,0.1111111111111111,8,8,GTCACAGCCCCAGGGAACGC,0,2440579
mhpRp1,0.1111111111111111,8,8,GTATGGGGCATCATCAAGAA,0,2446409
mhpRp1,0.1111111111111111,8,8,GTATAACTCGCTCCCGACAT,0,2436934
mhpRp1,0.1111111111111111,8,8,GTAGGGATAATCATGGTGCG,0,2433535
mhpRp1,0.1111111111111111,8,8,GTAGATAGGCATATATGTCT,0,2467187
mhpRp1,0.1111111111111111,8,8,GTACATGAAGTGGCCCGCCT,0,2451275
mhpRp1,0.1111111111111111,8,8,GTACATCCGGGGTTAGAAAC,0,2460055
mhpRp1,0.1111111111111111,8,8,GTACAGTGGAAGAATTCAGT,0,2459703
mhpRp1,0.1111111111111111,8,8,GTAACTACAACTACCATGTA,0,2448992
mhpRp1,0.1111111111111111,8,8,GGTTGACTACGCAGCGGGTT,0,2432149
mhpRp1,0.1111111111111111,8,8,GGTTCGGCCAGTGGGGCCAG,0,2458261
mhpRp1,0.1111111111111111,8,8,GGTTACCGTGCCCGCGTCGG,0,2461584
mhpRp1,0.1111111111111111,8,8,GGTGCAAAATGTTGTCGATA,0,2448711
mhpRp1,0.1111111111111111,8,8,GGTCTAGGAAAGAGCACTTG,0,2430579
mhpRp1,0.1111111111111111,8,8,GGTCGTAAGGTGGGACGAAA,0,2461200
mhpRp1,0.1111111111111111,8,8,GGTCCCTCGCTGTAGCACCA,0,2450226
mhpRp1,0.1111111111111111,8,8,GGTCCAGATTCCTAATACTG,0,2453442
mhpRp1,0.1111111111111111,8,8,GGTCATCTTTATTACTTGAC,0,2432667
mhpRp1,0.1111111111111111,8,8,GGTATTATAGGAGGGGAGAT,0,2425463
mhpRp1,0.1111111111111111,8,8,GGTAGAGTTTGATCCTTCTA,0,2471327
mhpRp1,0.1111111111111111,8,8,GGTAGACTACAAGCCATGGT,0,2433071
mhpRp1,0.1111111111111111,8,8,GGTAACCGATTGGTATGGTT,0,2462257
mhpRp1,0.1111111111111111,8,8,GGGTCTCTGCTCGCGGGGTC,0,2442089
mhpRp1,0.1111111111111111,8,8,GGGTCAACCCTAGGAGAGGT,0,2447046
mhpRp1,0.1111111111111111,8,8,GGGTAATGTACGAGGAAAAT,0,2464873
mhpRp1,0.1111111111111111,8,8,GGGGATGTCACGCTTTACCT,0,2439492
mhpRp1,0.1111111111111111,8,8,GGGCATGCAGGTCCCTATGC,0,2444408
mhpRp1,0.1111111111111111,8,8,GGGAGTTACGGTGGCTTAAT,0,2477113
mhpRp1,0.1111111111111111,8,8,GGGAGGGTTCCTCGCTCAGT,0,2434438
mhpRp1,0.1111111111111111,8,8,GGGACGTTCATGAGGCGTAT,0,2456209
mhpRp1,0.1111111111111111,8,8,GGCCGTTTGCTTGCCAAGTG,0,2424652
mhpRp1,0.1111111111111111,8,8,GGCCGCGCTACCTTTCGGCC,0,2465897
mhpRp1,0.1111111111111111,8,8,GGATTCCGGCGGAGAAAAGG,0,2439448
mhpRp1,0.1111111111111111,8,8,GGATAGGTTCCATAGGAGTC,0,2450886
mhpRp1,0.1111111111111111,8,8,GGAGATGATAATCAACGCCT,0,2452858
mhpRp1,0.1111111111111111,8,8,GCTTTACATGACGGCATCTG,0,2459544
mhpRp1,0.1111111111111111,8,8,GCTTTAACTAAGGCACGTTA,0,2436986
mhpRp1,0.1111111111111111,8,8,GCTTCCTTACTCGGTGAGAA,0,2479080
mhpRp1,0.1111111111111111,8,8,GCTTCCTCGCTAGCTTGATC,0,2453211
mhpRp1,0.1111111111111111,8,8,GCTGGGGGGATGGGTAGGAT,0,2451015
mhpRp1,0.1111111111111111,8,8,GCTGCTACGAGCTCTACCGC,0,2425856
mhpRp1,0.1111111111111111,8,8,GCGTTTATATGAAACCTGGG,0,2447117
mhpRp1,0.1111111111111111,8,8,GCGGTACAAAATCTCTAGTT,0,2469174
mhpRp1,0.1111111111111111,8,8,GCGGGAGGCTTTGTGAGCTC,0,2469069
mhpRp1,0.1111111111111111,8,8,GCGGATGTGACTCGAGCTTG,0,2467907
mhpRp1,0.1111111111111111,8,8,GCGCGGGCTGGGGGTTGGGG,0,2467431
mhpRp1,0.1111111111111111,8,8,GCGCCCGTCTGGAATACCTT,0,2476591
mhpRp1,0.1111111111111111,8,8,GCGCATTGTTCAGTGAAGTA,0,2447591
mhpRp1,0.1111111111111111,8,8,GCGATCTGGACCACGTCAAG,0,2448926
mhpRp1,0.1111111111111111,8,8,GCGAGTTGCGATGTCCTGAA,0,2467962
mhpRp1,0.1111111111111111,8,8,GCGAATATACTGCCATCAAA,0,2463324
mhpRp1,0.1111111111111111,8,8,GCGAAACCGGACAGCCACTC,0,2464253
mhpRp1,0.1111111111111111,8,8,GCCGGATCTATTCGCCGTAC,0,2441736
mhpRp1,0.1111111111111111,8,8,GCCGGAGAGCATTAGCCCGA,0,2435065
mhpRp1,0.1111111111111111,8,8,GCCGCTTTCAATTTAATACG,0,2478822
mhpRp1,0.1111111111111111,8,8,GCCCTGCCCGGCTAACGATA,0,2474733
mhpRp1,0.1111111111111111,8,8,GCCCCATAAGCCTGTGTTTT,0,2454055
mhpRp1,0.1111111111111111,8,8,GCCATCACGTTGTTCATAAC,0,2475389
mhpRp1,0.1111111111111111,8,8,GCCAGGCCGTGCAACGTGAG,0,2449886
mhpRp1,0.1111111111111111,8,8,GCATTTCGGGGCAGTCTCTG,0,2469298
mhpRp1,0.1111111111111111,8,8,GCATCATGTGGTGTCTCAAA,0,2441925
mhpRp1,0.1111111111111111,8,8,GCATAGGAAGTTTATTCGCG,0,2442430
mhpRp1,0.1111111111111111,8,8,GCAGTCAAAGCAGGGACGTT,0,2433513
mhpRp1,0.1111111111111111,8,8,GCAGTACAAGTTCGAGCCTC,0,2459805
mhpRp1,0.1111111111111111,8,8,GCAGGGTCAGGCAACGACAT,0,2475488
mhpRp1,0.1111111111111111,8,8,GCAGGATCTTACTCTTTTGA,0,2429927
mhpRp1,0.1111111111111111,8,8,GCACTGTTAATTGCTTGGTG,0,2476223
mhpRp1,0.1111111111111111,8,8,GCAATATCACTCGAGGTGAG,0,2436344
mhpRp1,0.1111111111111111,8,8,GATTTCTCTTGCAACGACAG,0,2435860
mhpRp1,0.1111111111111111,8,8,GATTCCATCCATTTATAATA,0,2440241
mhpRp1,0.1111111111111111,8,8,GATGTTTATGTATGCAGAGT,0,2435699
mhpRp1,0.1111111111111111,8,8,GATCTCGAAGCGTTCTCCGG,0,2457750
mhpRp1,0.1111111111111111,8,8,GATCGCCCGCAGTGGTCTTT,0,2455710
mhpRp1,0.1111111111111111,8,8,GATATTGTGGGGCTATTTAC,0,2430110
mhpRp1,0.1111111111111111,8,8,GATAGGCTTGTGGACGTTGA,0,2433120
mhpRp1,0.1111111111111111,8,8,GATAGCCCCTAAGGGGAAGG,0,2440853
mhpRp1,0.1111111111111111,8,8,GATAAACAGGAGCAGCAAGG,0,2434259
mhpRp1,0.1111111111111111,8,8,GAGGTGAAGTAGACGTAGCG,0,2426925
mhpRp1,0.1111111111111111,8,8,GAGGGTATGGTTTTGTCATT,0,2478486
mhpRp1,0.1111111111111111,8,8,GAGGCCGAGCGACTACACGG,0,2431749
mhpRp1,0.1111111111111111,8,8,GAGCACCCGCGTAACTGTTC,0,2452109
mhpRp1,0.1111111111111111,8,8,GACTTCCCGTAGTAACGAGT,0,2476432
mhpRp1,0.1111111111111111,8,8,GACGGGTTCGGCCCATCCGT,0,2438764
mhpRp1,0.1111111111111111,8,8,GACGATCAGATGGGAATTCC,0,2438830
mhpRp1,0.1111111111111111,8,8,GACGAGTGGCTCCACGTGTA,0,2463636
mhpRp1,0.1111111111111111,8,8,GACCCCGCCTACGAACGATT,0,2456065
mhpRp1,0.1111111111111111,8,8,GACACGCATCCAAGTTGGTC,0,2465622
mhpRp1,0.1111111111111111,8,8,GACAACGCTTCCGGCAACGC,0,2438856
mhpRp1,0.1111111111111111,8,8,GAATTTTCCGTACGGTGCTA,0,2463784
mhpRp1,0.1111111111111111,8,8,GAATTATCCCCGCGTATCTA,0,2465347
mhpRp1,0.1111111111111111,8,8,GAATTAAGGTTGGCTAACCT,0,2467804
mhpRp1,0.1111111111111111,8,8,GAAGCGGAGCACGAAGGCTG,0,2425379
mhpRp1,0.1111111111111111,8,8,GAAGAGCACGGTTTGATTGA,0,2471759
mhpRp1,0.1111111111111111,8,8,GAACTTCGCCGTAAGCAGCG,0,2463993
mhpRp1,0.1111111111111111,8,8,GAACCACAAATTACAGGGCA,0,2446339
mhpRp1,0.1111111111111111,8,8,CTTGTCTAACTTGGTGGAGG,0,2436714
mhpRp1,0.1111111111111111,8,8,CTTGTCACAATGTCCGAAGG,0,2440252
mhpRp1,0.1111111111111111,8,8,CTTGCGGGGACGTATGGGGT,0,2473104
mhpRp1,0.1111111111111111,8,8,CTTCTCCCGGACCACGAATA,0,2466459
mhpRp1,0.1111111111111111,8,8,CTTCTACGGGTAGTTTGCAA,0,2441597
mhpRp1,0.1111111111111111,8,8,CTGTTGGCGAAAGCGTGACC,0,2438656
mhpRp1,0.1111111111111111,8,8,CTGTTCCTAAGGAATCTTAG,0,2463340
mhpRp1,0.1111111111111111,8,8,CTGTCTGCACGTCGCACACA,0,2424552
mhpRp1,0.1111111111111111,8,8,CTGTCTAGAAAGTTGCTTCA,0,2472441
mhpRp1,0.1111111111111111,8,8,CTGTATGGAAACGACGGCCT,0,2470342
mhpRp1,0.1111111111111111,8,8,CTGGTTGCCCTCTGCCTAAC,0,2460874
mhpRp1,0.1111111111111111,8,8,CTGGTTCTAACTACGGCCGG,0,2437172
mhpRp1,0.1111111111111111,8,8,CTGGGTTGGCTTCCAGAGAC,0,2453084
mhpRp1,0.1111111111111111,8,8,CTGGGTTGGCGATCTTCGAG,0,2442131
mhpRp1,0.1111111111111111,8,8,CTGGCTGGTGTTCCGCTAGT,0,2458857
mhpRp1,0.1111111111111111,8,8,CTGGATATGGATAGTATTCG,0,2454566
mhpRp1,0.1111111111111111,8,8,CTGCCGCTCACTGAGAGCTA,0,2428434
mhpRp1,0.1111111111111111,8,8,CTGCAAATGCAATAATACGT,0,2434011
mhpRp1,0.1111111111111111,8,8,CTGAGACTAATTAAGTACGG,0,2438222
mhpRp1,0.1111111111111111,8,8,CTGACTCTCAACATAACGTT,0,2445990
mhpRp1,0.1111111111111111,8,8,CTGAACCCGTCTGGTACGAA,0,2460292
mhpRp1,0.1111111111111111,8,8,CTGAAAATCGGCAACTTCAT,0,2466487
mhpRp1,0.1111111111111111,8,8,CTCGGTCTTCCTAGACCCGT,0,2448162
mhpRp1,0.1111111111111111,8,8,CTCGAGGTATCTGGATCCTG,0,2425802
mhpRp1,0.1111111111111111,8,8,CTCCTGTGCTTTTTTTTCGG,0,2427956
mhpRp1,0.1111111111111111,8,8,CTCCCCAACGCGGTGATGAT,0,2434612
mhpRp1,0.1111111111111111,8,8,CTCATCAGTTACGTCTTCCA,0,2430710
mhpRp1,0.1111111111111111,8,8,CTCATCAGGTCAGTAGCAAG,0,2448052
mhpRp1,0.1111111111111111,8,8,CTCAGTAACGAGATCGGTAA,0,2433319
mhpRp1,0.1111111111111111,8,8,CTCAAGGCCTGCACTTTTCT,0,2467024
mhpRp1,0.1111111111111111,8,8,CTATGCATGATGCGGGATAG,0,2474464
mhpRp1,0.1111111111111111,8,8,CTATCCACAATGCTCCACAA,0,2443544
mhpRp1,0.1111111111111111,8,8,CTATCAATGGCCCGTTCAAC,0,2474877
mhpRp1,0.1111111111111111,8,8,CTATATGTCCTATCCTTCAT,0,2442274
mhpRp1,0.1111111111111111,8,8,CTACCCATGTCATCACTTTG,0,2447802
mhpRp1,0.1111111111111111,8,8,CTACACGAATGACGTGCGTA,0,2467022
mhpRp1,0.1111111111111111,8,8,CTACAAATAATGTGCGTTTC,0,2431598
mhpRp1,0.1111111111111111,8,8,CGTTCCCAAAAGCGGCGCCA,0,2451521
mhpRp1,0.1111111111111111,8,8,CGTTACAAATTCTCCCGATC,0,2441474
mhpRp1,0.1111111111111111,8,8,CGTGAAACCTGTAGAAATTA,0,2475053
mhpRp1,0.1111111111111111,8,8,CGTCTTACTCTGTTGTCTAG,0,2471280
mhpRp1,0.1111111111111111,8,8,CGTCTTAATGTGCCCCAAGT,0,2459033
mhpRp1,0.1111111111111111,8,8,CGTCTGGGGTACGAGAATAT,0,2462867
mhpRp1,0.1111111111111111,8,8,CGTCCGCCCACATTACCTGG,0,2449550
mhpRp1,0.1111111111111111,8,8,CGTCAGGATGACGGTGCAGG,0,2463129
mhpRp1,0.1111111111111111,8,8,CGTATGCGTCAAAAGTCGCA,0,2441317
mhpRp1,0.1111111111111111,8,8,CGGTGTGGACGTAAACTCAT,0,2468044
mhpRp1,0.1111111111111111,8,8,CGGTGAGACATCAAAAGGAA,0,2474496
mhpRp1,0.1111111111111111,8,8,CGGTCTCTGTCGGCGTCCAC,0,2478843
mhpRp1,0.1111111111111111,8,8,CGGTAGATGTCCCTGCGCGT,0,2430595
mhpRp1,0.1111111111111111,8,8,CGGGGGACACAATAATCCAA,0,2433651
mhpRp1,0.1111111111111111,8,8,CGGGGATTAAACTATCGTCG,0,2437448
mhpRp1,0.1111111111111111,8,8,CGGGCCATAGGTACGTACTC,0,2426118
mhpRp1,0.1111111111111111,8,8,CGGCGACGCCACATACTGTC,0,2473568
mhpRp1,0.1111111111111111,8,8,CGGCCACGGATAATCGGTTT,0,2429939
mhpRp1,0.1111111111111111,8,8,CGGCATCGAAGGACAGGGCT,0,2469802
mhpRp1,0.1111111111111111,8,8,CGGATATTAGGGGAGAGTAT,0,2468313
mhpRp1,0.1111111111111111,8,8,CGGACCCGTTAGTGTCAAAA,0,2440401
mhpRp1,0.1111111111111111,8,8,CGGACCAGTGATGATAAAAA,0,2458549
mhpRp1,0.1111111111111111,8,8,CGGAAGCAACCTGTTATGTT,0,2464092
mhpRp1,0.1111111111111111,8,8,CGCGTGTGCTCGCTCATAGT,0,2449535
mhpRp1,0.1111111111111111,8,8,CGCCCAGGTTTGAGTCGTAC,0,2433884
mhpRp1,0.1111111111111111,8,8,CGCCACTAAGTGTTCAAGTG,0,2471772
mhpRp1,0.1111111111111111,8,8,CGCAGACCTGATCACTCGCG,0,2433907
mhpRp1,0.1111111111111111,8,8,CGCAGAACGGTATACTCAAA,0,2461476
mhpRp1,0.1111111111111111,8,8,CGCAATTGCAAGAGTTTAAC,0,2429256
mhpRp1,0.1111111111111111,8,8,CGATTAGTATTTATCGACGA,0,2449919
mhpRp1,0.1111111111111111,8,8,CGATGCATTATAAGGGAGCA,0,2435847
mhpRp1,0.1111111111111111,8,8,CGATCCCTATAATAGGTCAC,0,2451268
mhpRp1,0.1111111111111111,8,8,CGAGGTAATCTGAGCCCTGA,0,2475138
mhpRp1,0.1111111111111111,8,8,CGAGCTCAACGTACACAATC,0,2448470
mhpRp1,0.1111111111111111,8,8,CGACTTAATGAATCATATGT,0,2449821
mhpRp1,0.1111111111111111,8,8,CGACGAGGCTTGTGGTGAGA,0,2478875
mhpRp1,0.1111111111111111,8,8,CCTTGGTAGCAATTTCACAG,0,2461376
mhpRp1,0.1111111111111111,8,8,CCTTGAAAAGACGTCAGACC,0,2433602
mhpRp1,0.1111111111111111,8,8,CCTTATTTTGCGTTCGGCGT,0,2439041
mhpRp1,0.1111111111111111,8,8,CCTGGGTAAGCGCCAGGGTT,0,2474016
mhpRp1,0.1111111111111111,8,8,CCTGCCTCGCTGATCGTCTG,0,2457467
mhpRp1,0.1111111111111111,8,8,CCTCTTCAGCATTATGCCAC,0,2441741
mhpRp1,0.1111111111111111,8,8,CCTCTCTCACATAGTGAGAC,0,2433182
mhpRp1,0.1111111111111111,8,8,CCTCGCACCATCATTAGTAG,0,2467174
mhpRp1,0.1111111111111111,8,8,CCTCAAACTAGGTCCTGGTC,0,2442617
mhpRp1,0.1111111111111111,8,8,CCTAAGACTTGTTAGGAATG,0,2426536
mhpRp1,0.1111111111111111,8,8,CCGTTGCCCCGAGAAGTAAG,0,2443543
mhpRp1,0.1111111111111111,8,8,CCGCTTGCCCGGCCCGCAGT,0,2435051
mhpRp1,0.1111111111111111,8,8,CCGCAGAGGGTCTAAAGGGA,0,2455728
mhpRp1,0.1111111111111111,8,8,CCGATGCTATTCTAGTTACC,0,2458974
mhpRp1,0.1111111111111111,8,8,CCGAAAATTTCAGGTAATGT,0,2444210
mhpRp1,0.1111111111111111,8,8,CCCGTCTTGGTTACGGTTGG,0,2472254
mhpRp1,0.1111111111111111,8,8,CCCGGCGGCCTTTACTAAGT,0,2449095
mhpRp1,0.1111111111111111,8,8,CCCGCCCCGGAGACGCCATT,0,2457505
mhpRp1,0.1111111111111111,8,8,CCCGCAAAACTCATCTAAAT,0,2447846
mhpRp1,0.1111111111111111,8,8,CCCCTTCGCCAGCGTAAAGC,0,2468327
mhpRp1,0.1111111111111111,8,8,CCCCCGATTTGGTAGAATCG,0,2450065
mhpRp1,0.1111111111111111,8,8,CCCAGGCGAGTGGTTGATTA,0,2427020
mhpRp1,0.1111111111111111,8,8,CCCACCCCGAGGCTAGGGTC,0,2453913
mhpRp1,0.1111111111111111,8,8,CCCAACTGAGAATTCCATGA,0,2433997
mhpRp1,0.1111111111111111,8,8,CCATTCACGAGGCTGTAAGC,0,2449364
mhpRp1,0.1111111111111111,8,8,CCATGGAATGCAGCGGCTTT,0,2462254
mhpRp1,0.1111111111111111,8,8,CCATCATAAAGGAGAATTAT,0,2469478
mhpRp1,0.1111111111111111,8,8,CCATAGAATTGGCTATAGAG,0,2425017
mhpRp1,0.1111111111111111,8,8,CCAGTATCCCTAGGTGGTTG,0,2474612
mhpRp1,0.1111111111111111,8,8,CCAGGCTTCATATCCGAGTC,0,2434211
mhpRp1,0.1111111111111111,8,8,CCAGGAGGGTTTGCTGCATG,0,2450327
mhpRp1,0.1111111111111111,8,8,CCAGCGCAGGGGATGAATAG,0,2436103
mhpRp1,0.1111111111111111,8,8,CCAGATGATGCTTGTGCCTC,0,2447689
mhpRp1,0.1111111111111111,8,8,CCACGTGATGGACCCGGTTC,0,2470832
mhpRp1,0.1111111111111111,8,8,CCACAGTAGGGATCCCGGAA,0,2467948
mhpRp1,0.1111111111111111,8,8,CCAAATGGTTCGCACGCGAT,0,2424784
mhpRp1,0.1111111111111111,8,8,CATTTATCGAGGTAGGGATG,0,2427377
mhpRp1,0.1111111111111111,8,8,CATTACTACAGGAGCTTAGA,0,2426521
mhpRp1,0.1111111111111111,8,8,CATGTGAGGTACGATGGAGC,0,2461860
mhpRp1,0.1111111111111111,8,8,CATGGTGAGGCTCCGTGGTT,0,2436049
mhpRp1,0.1111111111111111,8,8,CATGCGCGGACCACGGACCC,0,2429998
mhpRp1,0.1111111111111111,8,8,CATGCCAAAACGTAGTCCGA,0,2477891
mhpRp1,0.1111111111111111,8,8,CATCGTCAAGCGCGTCTGGT,0,2447284
mhpRp1,0.1111111111111111,8,8,CATAGTGTTGTAACTCATGG,0,2472019
mhpRp1,0.1111111111111111,8,8,CATACCCCAAGTACGGCCTC,0,2425620
mhpRp1,0.1111111111111111,8,8,CATAACAAGCGCTCGGGTTT,0,2449031
mhpRp1,0.1111111111111111,8,8,CATAAATGTATGGTCGGGGG,0,2447119
mhpRp1,0.1111111111111111,8,8,CAGTTTGCATTACTTACGTA,0,2431691
mhpRp1,0.1111111111111111,8,8,CAGGTCTATCGCGACACATG,0,2444075
mhpRp1,0.1111111111111111,8,8,CAGGCACCAGGCAGCGGGAG,0,2425725
mhpRp1,0.1111111111111111,8,8,CAGGAAGTAATTAGAGAGCG,0,2454678
mhpRp1,0.1111111111111111,8,8,CAGACTTGCTGCACTATTGT,0,2443118
mhpRp1,0.1111111111111111,8,8,CACTGCGTGTCTGCCGTCCA,0,2455717
mhpRp1,0.1111111111111111,8,8,CACTGCCAGCGTACACGCAG,0,2474358
mhpRp1,0.1111111111111111,8,8,CACTATCAGAGATTAGTGAA,0,2460114
mhpRp1,0.1111111111111111,8,8,CACGTTATGAAAGTGTACTC,0,2437764
mhpRp1,0.1111111111111111,8,8,CACGGGAGCGGCACGAATAA,0,2425222
mhpRp1,0.1111111111111111,8,8,CACGGCCGGTATGGGGGGCT,0,2463806
mhpRp1,0.1111111111111111,8,8,CACGCTCTTCCCGGAGCCGG,0,2457035
mhpRp1,0.1111111111111111,8,8,CACGCCTGGTGGGCTGCGCG,0,2478845
mhpRp1,0.1111111111111111,8,8,CACGACTAAAGCTAGTAGGA,0,2453129
mhpRp1,0.1111111111111111,8,8,CACATGACCTCCTCGGCGAC,0,2458085
mhpRp1,0.1111111111111111,8,8,CACAAGCTGTGGGGGTCTAT,0,2463266
mhpRp1,0.1111111111111111,8,8,CAATTCCAGTTAGGAAGGGT,0,2449616
mhpRp1,0.1111111111111111,8,8,CAATGGGTTTTTTTGGTTTA,0,2426988
mhpRp1,0.1111111111111111,8,8,CAATCTCAAAATGGTCTAAA,0,2468929
mhpRp1,0.1111111111111111,8,8,CAACCGCACCGGGGCATGCT,0,2446433
mhpRp1,0.1111111111111111,8,8,CAAAAGCGTACACCGCACAA,0,2474892
mhpRp1,0.1111111111111111,8,8,ATTCTATACGAGGACGTCCC,0,2472372
mhpRp1,0.1111111111111111,8,8,ATTCGGGACTTCGAAACCTA,0,2478850
mhpRp1,0.1111111111111111,8,8,ATTCAGCGATTCACACGGAT,0,2442848
mhpRp1,0.1111111111111111,8,8,ATTATATACCTGGGTGAATC,0,2468796
mhpRp1,0.1111111111111111,8,8,ATTAGCCTTTCAGGGAAGTG,0,2476872
mhpRp1,0.1111111111111111,8,8,ATGTGCCCGCTTTCTCGAGG,0,2442061
mhpRp1,0.1111111111111111,8,8,ATGTCCGCGCAGAGCCGCCG,0,2446588
mhpRp1,0.1111111111111111,8,8,ATGGCGTGCCGGCACCGACA,0,2448585
mhpRp1,0.1111111111111111,8,8,ATGCATCTCTCGGGGAGCCG,0,2471562
mhpRp1,0.1111111111111111,8,8,ATGAGGTTCGCCCCGCTGTT,0,2446735
mhpRp1,0.1111111111111111,8,8,ATCTGCCACACAGAAGCCTA,0,2467977
mhpRp1,0.1111111111111111,8,8,ATCTGAGATTGGGTAGGTCC,0,2431531
mhpRp1,0.1111111111111111,8,8,ATCTACAGGTATGTATCACT,0,2457136
mhpRp1,0.1111111111111111,8,8,ATCGACTTGGAAAGCGAGCC,0,2429402
mhpRp1,0.1111111111111111,8,8,ATCCGGTATTCTGGCCACCA,0,2458780
mhpRp1,0.1111111111111111,8,8,ATCAGTAGGTGGCGCAGTGG,0,2464479
mhpRp1,0.1111111111111111,8,8,ATCACCAGCCCAGTGGTAAG,0,2430060
mhpRp1,0.1111111111111111,8,8,ATATTCCGAATGGGTGTAAA,0,2426565
mhpRp1,0.1111111111111111,8,8,ATATGCGAGATAGCCTGTTT,0,2435701
mhpRp1,0.1111111111111111,8,8,ATAGCCAAGGCCTAGAGTGT,0,2448324
mhpRp1,0.1111111111111111,8,8,ATACGGCCCAGGTCGCCTAT,0,2454372
mhpRp1,0.1111111111111111,8,8,ATACCATCCTTATTAAAGAC,0,2432789
mhpRp1,0.1111111111111111,8,8,ATAACGTAGTGAACGGTATC,0,2462024
mhpRp1,0.1111111111111111,8,8,ATAAACTCGATGGGCCGGGA,0,2425386
mhpRp1,0.1111111111111111,8,8,ATAAACGGCCGGCGTCCTCG,0,2462822
mhpRp1,0.1111111111111111,8,8,AGTTTGTGGGGGAGTGCCCT,0,2447204
mhpRp1,0.1111111111111111,8,8,AGTTAACTGCCAACTGCCAG,0,2441684
mhpRp1,0.1111111111111111,8,8,AGTCTTAGAAGTCTTTCGGT,0,2470477
mhpRp1,0.1111111111111111,8,8,AGTCGGTACAGTGGGCATTT,0,2431056
mhpRp1,0.1111111111111111,8,8,AGTCGAATAAGCGGCGGTAG,0,2436913
mhpRp1,0.1111111111111111,8,8,AGTCCGGAGGCCAAGGGGTG,0,2430099
mhpRp1,0.1111111111111111,8,8,AGTCAACCTTAGTTAATCCA,0,2438297
mhpRp1,0.1111111111111111,8,8,AGTAGAAACCATTAGGGGTT,0,2466567
mhpRp1,0.1111111111111111,8,8,AGGGTCGTCCAGATCGCTCG,0,2437734
mhpRp1,0.1111111111111111,8,8,AGGGGCTGGGTACATTGTTC,0,2461638
mhpRp1,0.1111111111111111,8,8,AGGCAGAACATAGCACTTAT,0,2469143
mhpRp1,0.1111111111111111,8,8,AGGATTAGTGCCTTGACTAC,0,2435383
mhpRp1,0.1111111111111111,8,8,AGGATGGGGGTCTTAGACCA,0,2440470
mhpRp1,0.1111111111111111,8,8,AGGAATCCGATGTCGCAGTT,0,2474039
mhpRp1,0.1111111111111111,8,8,AGCGTACAGGTAGTCTAAGG,0,2463651
mhpRp1,0.1111111111111111,8,8,AGCGGTCCCAGATTCGGTAA,0,2433309
mhpRp1,0.1111111111111111,8,8,AGCGAGTCATAGTCGTAACG,0,2459351
mhpRp1,0.1111111111111111,8,8,AGCGAGGGTGGTGAGTCACC,0,2473830
mhpRp1,0.1111111111111111,8,8,AGCGACGTGCATGGTAGCAG,0,2450025
mhpRp1,0.1111111111111111,8,8,AGCCAGATCAGAGAGGCGAA,0,2430481
mhpRp1,0.1111111111111111,8,8,AGCATAATGTTCAAGACCAC,0,2433648
mhpRp1,0.1111111111111111,8,8,AGATTTTGACGAGGAAGGTT,0,2471490
mhpRp1,0.1111111111111111,8,8,AGATTCAGGGACTCGACAAC,0,2466997
mhpRp1,0.1111111111111111,8,8,AGATGATTACGAACGCAGTC,0,2448010
mhpRp1,0.1111111111111111,8,8,AGATCGACCCGGACGGCAAT,0,2442155
mhpRp1,0.1111111111111111,8,8,AGATATAGATGTAAGTTAGT,0,2424695
mhpRp1,0.1111111111111111,8,8,AGAGTCATGGCGAGGATGGC,0,2441975
mhpRp1,0.1111111111111111,8,8,AGAGGGAGTTAAATTCCTGA,0,2432049
mhpRp1,0.1111111111111111,8,8,AGACTTCTGCAAAACTGGAC,0,2430006
mhpRp1,0.1111111111111111,8,8,AGACGGTCCTAAAAGCCGAA,0,2461932
mhpRp1,0.1111111111111111,8,8,ACTTTTCTTCGCCAAAAGGT,0,2425720
mhpRp1,0.1111111111111111,8,8,ACTTTAAGTCTGGTCCCTGG,0,2459491
mhpRp1,0.1111111111111111,8,8,ACTTCGTAACGACTACCAGG,0,2475132
mhpRp1,0.1111111111111111,8,8,ACTTCCAGTATGTTGATTAA,0,2424193
mhpRp1,0.1111111111111111,8,8,ACTGTCCTCCAACGGTAAAT,0,2478360
mhpRp1,0.1111111111111111,8,8,ACTGTCAGGACAGGGTGCGG,0,2474625
mhpRp1,0.1111111111111111,8,8,ACTCATCGTCTTGCTCGTAT,0,2448925
mhpRp1,0.1111111111111111,8,8,ACTAGATTATTCTGGCCAAG,0,2469927
mhpRp1,0.1111111111111111,8,8,ACTACCGCGCAACCCCCGCC,0,2474001
mhpRp1,0.1111111111111111,8,8,ACTACAGCCCTGATAAATAA,0,2468691
mhpRp1,0.1111111111111111,8,8,ACTAATTGGACCTTCCAGTG,0,2452496
mhpRp1,0.1111111111111111,8,8,ACGTCAATGCAAGTAGATCA,0,2467621
mhpRp1,0.1111111111111111,8,8,ACGGTATGCAGGGTTATCTA,0,2426609
mhpRp1,0.1111111111111111,8,8,ACGGCATGAACCACGGCGTA,0,2472757
mhpRp1,0.1111111111111111,8,8,ACGGCAAAAAACCGTTTATC,0,2423772
mhpRp1,0.1111111111111111,8,8,ACGGAGCGAGTTAAGGGAGG,0,2466968
mhpRp1,0.1111111111111111,8,8,ACGCAGGGCTTCTCAGGTTC,0,2436241
mhpRp1,0.1111111111111111,8,8,ACGCAGCGGAGTAGGGGGTT,0,2471099
mhpRp1,0.1111111111111111,8,8,ACGACGAAGCCGTACTTTGG,0,2449925
mhpRp1,0.1111111111111111,8,8,ACCTTACATAGTGCGGCAGA,0,2474278
mhpRp1,0.1111111111111111,8,8,ACCGTTATACTTTTCGGTGA,0,2447805
mhpRp1,0.1111111111111111,8,8,ACCGTGCAACTTGGAGCCAA,0,2460307
mhpRp1,0.1111111111111111,8,8,ACCCTTCATGCTGCGTCTCA,0,2434698
mhpRp1,0.1111111111111111,8,8,ACCCGTACCTTCACACTAAA,0,2442384
mhpRp1,0.1111111111111111,8,8,ACCCAGCATAAGTCTGCTGC,0,2451241
mhpRp1,0.1111111111111111,8,8,ACCATTAGGTATGACGAACC,0,2468305
mhpRp1,0.1111111111111111,8,8,ACCATGACGATTAGATCATA,0,2462319
mhpRp1,0.1111111111111111,8,8,ACATTTGCCATCTAACGAGT,0,2468915
mhpRp1,0.1111111111111111,8,8,ACATCGCAACCAACACTTTG,0,2446071
mhpRp1,0.1111111111111111,8,8,ACAGGTCATTTGGTAGCAGT,0,2474242
mhpRp1,0.1111111111111111,8,8,ACAGCGGACTAGCCCTTGGA,0,2462582
mhpRp1,0.1111111111111111,8,8,ACAATTTATCTGTATAATTG,0,2432761
mhpRp1,0.1111111111111111,8,8,ACAACATGAGACGGCACCTG,0,2450919
mhpRp1,0.1111111111111111,8,8,AATTGAAGTCATATAATAAA,0,2437528
mhpRp1,0.1111111111111111,8,8,AATTCTAGTATCGGGGCGCA,0,2440765
mhpRp1,0.1111111111111111,8,8,AATTCCGACCTACACCCAGG,0,2466489
mhpRp1,0.1111111111111111,8,8,AATTACAGTGAACCTTACAA,0,2439494
mhpRp1,0.1111111111111111,8,8,AATGAGCTGCTTAGGTATCA,0,2437783
mhpRp1,0.1111111111111111,8,8,AATCTTAATCCTCCATAAGG,0,2468794
mhpRp1,0.1111111111111111,8,8,AATCGTCGTAGCAATACAGC,0,2477793
mhpRp1,0.1111111111111111,8,8,AATCGGATCCTAGCACAATA,0,2457181
mhpRp1,0.1111111111111111,8,8,AATCCGGCTGCTTATGACAC,0,2472946
mhpRp1,0.1111111111111111,8,8,AATATCCATCGGCAGGCCGC,0,2449078
mhpRp1,0.1111111111111111,8,8,AATAACGATCGCGTTAGCTT,0,2474040
mhpRp1,0.1111111111111111,8,8,AAGTGAGCTCCGTCCTGATT,0,2454801
mhpRp1,0.1111111111111111,8,8,AAGCCTATGTTCCGGGCATA,0,2425895
mhpRp1,0.1111111111111111,8,8,AACGAGTAACGGCCGCATGC,0,2467586
mhpRp1,0.1111111111111111,8,8,AACCTTAGGCGCGTCGTGGT,0,2458419
mhpRp1,0.1111111111111111,8,8,AACCGGACCAGTAAAGCGAT,0,2478645
mhpRp1,0.1111111111111111,8,8,AAATTAGCTGCCACCGCTCG,0,2436946
mhpRp1,0.1111111111111111,8,8,AAAGCGGTCCTACGATGTAG,0,2440686
mhpRp1,0.1111111111111111,8,8,AAAGATATCTGTTGTTGGCG,0,2443422
mhpRp1,0.1111111111111111,8,8,AAAATGCAAGTCGTCCAGAG,0,2434051
mhpRp1,0.1111111111111111,8,8,AAAATCCGTCAGGCCCGTTA,0,2477270
mhpRp1,0.1111111111111111,8,8,AAAATAGTAGTCTAAGCGGA,0,2434893
mhpRp1,0.1111111111111111,8,8,AAAAAATTGACATGCTTATA,0,2440648
mhpRp1,0.125,7,7,TTTTTTGACTATTGCTGGAA,0,2470199
mhpRp1,0.125,7,7,TTTTTGTCCCGTCAATTGAG,0,2464154
mhpRp1,0.125,7,7,TTTTGTAAAATCAAGTTTAT,0,2433011
mhpRp1,0.125,7,7,TTTTAATTAGCATCATGATT,0,2478864
mhpRp1,0.125,7,7,TTTGTATATGTGTAGTGAAA,0,2424585
mhpRp1,0.125,7,7,TTTGTATAGACAACAAGTAT,0,2427382
mhpRp1,0.125,7,7,TTTGGTCAGGCGCGCACGGC,0,2425172
mhpRp1,0.125,7,7,TTTGCGGCCGCGTTGTCCAA,0,2464062
mhpRp1,0.125,7,7,TTTGACCCATTCACATCATT,0,2474838
mhpRp1,0.125,7,7,TTTCTTTTCTCGCCACCACG,0,2471986
mhpRp1,0.125,7,7,TTTCGTACAGCCCGCCAGGG,0,2427089
mhpRp1,0.125,7,7,TTTATGCAGCCTATGCCGTA,0,2431081
mhpRp1,0.125,7,7,TTTAGATGGGCGCCAAGGGT,0,2434043
mhpRp1,0.125,7,7,TTGTTTATTCTAAATTGTAA,0,2455820
mhpRp1,0.125,7,7,TTGGTAAGTACCTTTTTAGA,0,2453115
mhpRp1,0.125,7,7,TTGGGTTACATAGGGGTATA,0,2428235
mhpRp1,0.125,7,7,TTGGCCATCAACAGAATCGA,0,2447416
mhpRp1,0.125,7,7,TTGAGCCAATACACCGTTCG,0,2439207
mhpRp1,0.125,7,7,TTGACCTACCATACACGCTT,0,2425892
mhpRp1,0.125,7,7,TTCTTAAAGTCCAGCGTTCT,0,2470176
mhpRp1,0.125,7,7,TTCGTTGGGGGTAGCAGTCA,0,2450553
mhpRp1,0.125,7,7,TTCGCTGTCTGGTAGTATAA,0,2462223
mhpRp1,0.125,7,7,TTCGCACATACCTGCGATGT,0,2454562
mhpRp1,0.125,7,7,TTCGAATCACTAAGTTCTAA,0,2464856
mhpRp1,0.125,7,7,TTCGAAGCATGAGCACCCCG,0,2453332
mhpRp1,0.125,7,7,TTCCAGGAAAGTACGGAGAT,0,2436146
mhpRp1,0.125,7,7,TTCAGAGGCGACCTACACGG,0,2425905
mhpRp1,0.125,7,7,TTCACATAAAGCGTGCGACC,0,2444343
mhpRp1,0.125,7,7,TTCAAGAGCGTACTCGTGGT,0,2464233
mhpRp1,0.125,7,7,TTATCCGTAGGCAGTCCAAA,0,2472788
mhpRp1,0.125,7,7,TTATAACCTATTCGGTCCTT,0,2467434
mhpRp1,0.125,7,7,TTAGTTCCGCTCTCCTATTT,0,2432147
mhpRp1,0.125,7,7,TTAGTGTCGTCTGAACCCCA,0,2424618
mhpRp1,0.125,7,7,TTAGGATACATCGAAGGACT,0,2424987
mhpRp1,0.125,7,7,TTAGATTCACGGAATTGTCA,0,2473283
mhpRp1,0.125,7,7,TTAGACGGAATCATAGTTTA,0,2472249
mhpRp1,0.125,7,7,TTACTTACGGTCATTATCCA,0,2462368
mhpRp1,0.125,7,7,TTACGTAGCTAATGGCCTGG,0,2472919
mhpRp1,0.125,7,7,TTACGGAAATAGCGACTACG,0,2450842
mhpRp1,0.125,7,7,TTACAAACACCGGTGTGGCA,0,2476482
mhpRp1,0.125,7,7,TTAAGCCTCCCTCAGAAGCT,0,2437039
mhpRp1,0.125,7,7,TGTTGTCTCGTACGTCCAGT,0,2425793
mhpRp1,0.125,7,7,TGTGTTACTACTTGAGGACT,0,2466018
mhpRp1,0.125,7,7,TGTGGTCACCCTCGTGGCCC,0,2431969
mhpRp1,0.125,7,7,TGTGCACTCGTACTACGGAG,0,2466471
mhpRp1,0.125,7,7,TGTCGCGGTTCGGGTCGGAT,0,2465355
mhpRp1,0.125,7,7,TGTCCGCCCCTTAACAATCA,0,2467139
mhpRp1,0.125,7,7,TGTATACTGTCAATGTTGGT,0,2479311
mhpRp1,0.125,7,7,TGTAGCACGCCCTAACTGGT,0,2455844
mhpRp1,0.125,7,7,TGTACAAGTGCTTACATTCA,0,2437089
mhpRp1,0.125,7,7,TGGTTTCTGGGCCAGTGGAA,0,2449339
mhpRp1,0.125,7,7,TGGTTGTGCAATTCACGATC,0,2474041
mhpRp1,0.125,7,7,TGGTTATGTGCAATTAACGC,0,2452781
mhpRp1,0.125,7,7,TGGTGTCGGCCCCAATGTGA,0,2426046
mhpRp1,0.125,7,7,TGGTGGATGGGTCTTACTCA,0,2459827
mhpRp1,0.125,7,7,TGGTATAGAGTTTTAGGAGT,0,2472988
mhpRp1,0.125,7,7,TGGGTGATTAGAGGCAAATT,0,2471432
mhpRp1,0.125,7,7,TGGGTACTGCTCTCACCATG,0,2442309
mhpRp1,0.125,7,7,TGGGGATTATGCTATATTAT,0,2464094
mhpRp1,0.125,7,7,TGGGATGCTCCAAACGTCTC,0,2430719
mhpRp1,0.125,7,7,TGGGAATATCCCGTGTCAGG,0,2466585
mhpRp1,0.125,7,7,TGGCGCAGGGACGAATCTTT,0,2470911
mhpRp1,0.125,7,7,TGGCCACGACAGTATTGCCG,0,2448781
mhpRp1,0.125,7,7,TGGAGTACAGCCTAATATGG,0,2456490
mhpRp1,0.125,7,7,TGGAGATGCTATAATATCTG,0,2473645
mhpRp1,0.125,7,7,TGGACTCTCTTTCTCGCTTC,0,2459031
mhpRp1,0.125,7,7,TGCTGGCGCTCAGAGCGGAT,0,2469756
mhpRp1,0.125,7,7,TGCTGCGCGCGCTAATAAAA,0,2456513
mhpRp1,0.125,7,7,TGCTACACACCCCAGGGCTT,0,2450542
mhpRp1,0.125,7,7,TGCGGTGAAGTCCTCCCCTG,0,2425337
mhpRp1,0.125,7,7,TGCGGCGATTGGATTAGACG,0,2427051
mhpRp1,0.125,7,7,TGCGGCAAATAGTCACGTAC,0,2459361
mhpRp1,0.125,7,7,TGCCTAGATACCGAAAGAGG,0,2429189
mhpRp1,0.125,7,7,TGCCGGACGCCAAAACGCGA,0,2469277
mhpRp1,0.125,7,7,TGCCACACCACTTCGTTAAC,0,2444490
mhpRp1,0.125,7,7,TGCATTTCGCGGCTAGCTAT,0,2443791
mhpRp1,0.125,7,7,TGATCTCGGGGCAGAGCATT,0,2465178
mhpRp1,0.125,7,7,TGATATTGATCATTTGCGAG,0,2452228
mhpRp1,0.125,7,7,TGATACGGCACTCTGCGGAA,0,2428101
mhpRp1,0.125,7,7,TGATAACCGTTCCACGTATA,0,2459420
mhpRp1,0.125,7,7,TGAGTCTGATACCGAGGGAA,0,2467958
mhpRp1,0.125,7,7,TGAGGGGGAAGGGGCAGATG,0,2453877
mhpRp1,0.125,7,7,TGAGGACGTGGCATGGAGCC,0,2423979
mhpRp1,0.125,7,7,TGAGCAGAAACGTCGTTTTG,0,2468841
mhpRp1,0.125,7,7,TGAGAGGGCGGGGACCCGTA,0,2434607
mhpRp1,0.125,7,7,TGAGAACGCACATTTCTTAG,0,2456945
mhpRp1,0.125,7,7,TGACTTAAATGTCAGCAAAA,0,2478030
mhpRp1,0.125,7,7,TGAACTGAACTATCCAAGCG,0,2478266
mhpRp1,0.125,7,7,TGAAAGGCCCTGGCGCCATA,0,2431738
mhpRp1,0.125,7,7,TCTTCACCCTTCATTGTCAT,0,2427064
mhpRp1,0.125,7,7,TCTTACGAGCTGTTACCCAG,0,2432422
mhpRp1,0.125,7,7,TCTGTCTGATGTCTAGCAAA,0,2447444
mhpRp1,0.125,7,7,TCTGCCTAACTGTGCCGCAA,0,2459293
mhpRp1,0.125,7,7,TCTGCAATGATTGTGCATAA,0,2435595
mhpRp1,0.125,7,7,TCTCCATGGCACTGTCCACG,0,2444516
mhpRp1,0.125,7,7,TCTATGAGCATGTGCCGTAC,0,2446861
mhpRp1,0.125,7,7,TCGGGCGGTCTTTTACTGCT,0,2466767
mhpRp1,0.125,7,7,TCGGGCGGAGCCGCGTACAG,0,2475740
mhpRp1,0.125,7,7,TCGGCCTAGGGGTCATTAGG,0,2437682
mhpRp1,0.125,7,7,TCGCTTCAATTGCCCTCTAA,0,2430085
mhpRp1,0.125,7,7,TCGCTGTACGTGACACAAAA,0,2437179
mhpRp1,0.125,7,7,TCGCAGATCAGCCGGCCACG,0,2430108
mhpRp1,0.125,7,7,TCCTTGGTCTATCTTTGATA,0,2473948
mhpRp1,0.125,7,7,TCCTGAGGATGCACCCTGAG,0,2461993
mhpRp1,0.125,7,7,TCCGTCCGTCCACGCCCGCG,0,2451343
mhpRp1,0.125,7,7,TCCGCCCGCGGAGATCTTGA,0,2473119
mhpRp1,0.125,7,7,TCCCGTAAAAAGAGCGGGGT,0,2463641
mhpRp1,0.125,7,7,TCCCCATTTCACGCGTTAGT,0,2472995
mhpRp1,0.125,7,7,TCCAGGAGCCACGCTAACGG,0,2460279
mhpRp1,0.125,7,7,TCCAGACGGCGGTGTGGCTT,0,2475358
mhpRp1,0.125,7,7,TCCAAAGCGCACGATTTGGC,0,2471989
mhpRp1,0.125,7,7,TCATTCGTTCGAATAGGACA,0,2477550
mhpRp1,0.125,7,7,TCATATTTGAACGCTATGAC,0,2465433
mhpRp1,0.125,7,7,TCATAACACGAACCCCAGAG,0,2469304
mhpRp1,0.125,7,7,TCAGATGTGTAGCTCGGTTT,0,2463323
mhpRp1,0.125,7,7,TCAGACGTTCGATGGAGACT,0,2456262
mhpRp1,0.125,7,7,TCACGGTCCGTAGTGGGTAA,0,2475242
mhpRp1,0.125,7,7,TCACGGCGGATGTCGCTTTC,0,2435007
mhpRp1,0.125,7,7,TCACGCACGGTCCCATCCAG,0,2438086
mhpRp1,0.125,7,7,TCACGAGAGGTACCGTTCTC,0,2427556
mhpRp1,0.125,7,7,TCACCGGCCTCATGTTTAAG,0,2431892
mhpRp1,0.125,7,7,TATTTTCTTGTAAGACTAGA,0,2454150
mhpRp1,0.125,7,7,TATTGGGATGTGCGCGTCCA,0,2429328
mhpRp1,0.125,7,7,TATTGCTACCGGTGAGTGTC,0,2437975
mhpRp1,0.125,7,7,TATTGCACAAGTTTCGCGAC,0,2439482
mhpRp1,0.125,7,7,TATGTGATACCATCAATATG,0,2424547
mhpRp1,0.125,7,7,TATGTCACGGCCTTGAAATT,0,2463845
mhpRp1,0.125,7,7,TATGGCAGACCCATAGCCCC,0,2439134
mhpRp1,0.125,7,7,TATCTTTATATGTGATTGGC,0,2470861
mhpRp1,0.125,7,7,TATAGGTATCAGTACGCCAA,0,2448190
mhpRp1,0.125,7,7,TATAGAGGTGTTTGCAAGAG,0,2429976
mhpRp1,0.125,7,7,TATACATGTATCGGTAAGTA,0,2444196
mhpRp1,0.125,7,7,TATACATATTAATGTCGTGG,0,2465306
mhpRp1,0.125,7,7,TATAATCCATGGGTAGAGTT,0,2462859
mhpRp1,0.125,7,7,TATAAGAGGATTGCACCTAT,0,2425428
mhpRp1,0.125,7,7,TAGTAGGTAGAGCTAATGAC,0,2428725
mhpRp1,0.125,7,7,TAGGTTGTTTGAGTTCGTGA,0,2457168
mhpRp1,0.125,7,7,TAGGGTACGAAAGAGATATT,0,2475920
mhpRp1,0.125,7,7,TAGGATAGTTATTACGTATG,0,2476970
mhpRp1,0.125,7,7,TAGCGCAAACTCGCATAAAG,0,2458721
mhpRp1,0.125,7,7,TAGCCAGAAGGTGGCAGCAA,0,2445158
mhpRp1,0.125,7,7,TAGAAGAATCTCGTAAAATC,0,2473226
mhpRp1,0.125,7,7,TACTAATTTTACGATACTAT,0,2444172
mhpRp1,0.125,7,7,TACGTATCTAAACCTGATAC,0,2450266
mhpRp1,0.125,7,7,TACCTTTCAAGGCGTTACCT,0,2442814
mhpRp1,0.125,7,7,TACCTGAGAGTCACAACTTC,0,2455192
mhpRp1,0.125,7,7,TACCCGATAAGTGGACGTTT,0,2474228
mhpRp1,0.125,7,7,TACAGGCTTTCTACCGGTCT,0,2476337
mhpRp1,0.125,7,7,TACACTTTGCTCTTGGTTAG,0,2474036
mhpRp1,0.125,7,7,TACACCTGCCGTGGGTCGAG,0,2472144
mhpRp1,0.125,7,7,TAATTTGCCGCTTCGCCCAA,0,2466962
mhpRp1,0.125,7,7,TAATGTACTTTTCTGTGACT,0,2459117
mhpRp1,0.125,7,7,TAATGATTTTGGTGACTTCG,0,2458834
mhpRp1,0.125,7,7,TAATAAATATCATGCGTTGA,0,2451948
mhpRp1,0.125,7,7,TAAGGATATACCTTGGGCAA,0,2426951
mhpRp1,0.125,7,7,TAAGGATACGAGCTATTTGC,0,2444177
mhpRp1,0.125,7,7,TAAGGACAACATTAAATCCT,0,2426217
mhpRp1,0.125,7,7,TAAGAACACCAAAACGATCT,0,2440689
mhpRp1,0.125,7,7,TAAATGATGAACTTCCAAAA,0,2455621
mhpRp1,0.125,7,7,TAAAACGATATGCGCGTGTC,0,2434727
mhpRp1,0.125,7,7,TAAAAACCTCTTATGTACGC,0,2455021
mhpRp1,0.125,7,7,GTTTTGGCAGATCTGAGGGG,0,2425207
mhpRp1,0.125,7,7,GTTTTCACCCAATCGCATAC,0,2437281
mhpRp1,0.125,7,7,GTTTTAGATTTAATACTAAA,0,2472604
mhpRp1,0.125,7,7,GTTTCTAGATGGACAGGTAC,0,2444958
mhpRp1,0.125,7,7,GTTTCCCGGACACACGTGCG,0,2428251
mhpRp1,0.125,7,7,GTTTCAAAGCCTAATTTACC,0,2443009
mhpRp1,0.125,7,7,GTTTAACTCCTGACACGCCG,0,2470743
mhpRp1,0.125,7,7,GTTGGGATCCTCGTGATCTC,0,2446651
mhpRp1,0.125,7,7,GTTGGAGGCGCCAGTATTGT,0,2446187
mhpRp1,0.125,7,7,GTTCACAAGCCGCACCATCG,0,2450372
mhpRp1,0.125,7,7,GTTCAACTTAACAAAGCTGC,0,2445062
mhpRp1,0.125,7,7,GTTATTTATCGACGCGGGTA,0,2460502
mhpRp1,0.125,7,7,GTTAGCCTCCCATGTGTTTA,0,2431413
mhpRp1,0.125,7,7,GTGTTGCAATCTGAGATCTC,0,2457699
mhpRp1,0.125,7,7,GTGTTCGGGCATGTTGAGCC,0,2446251
mhpRp1,0.125,7,7,GTGTCCCTGTCCTAAGTAGT,0,2439708
mhpRp1,0.125,7,7,GTGGCACTTCCGGGATTGGA,0,2468537
mhpRp1,0.125,7,7,GTGGAATAGTAAACTAACAG,0,2430246
mhpRp1,0.125,7,7,GTGCTGGAAAACTCTAGACT,0,2436405
mhpRp1,0.125,7,7,GTGATTACTTTCGCGAGGGC,0,2432743
mhpRp1,0.125,7,7,GTGAGGTATCTTGGTCTACG,0,2477486
mhpRp1,0.125,7,7,GTGAAAGTTTGCTAGATCGG,0,2469073
mhpRp1,0.125,7,7,GTCTGGCAATCCCGGGGTTG,0,2461966
mhpRp1,0.125,7,7,GTCTACGGCCCCATCGACTT,0,2448554
mhpRp1,0.125,7,7,GTCGGGGTCGCTGGCATCCG,0,2477278
mhpRp1,0.125,7,7,GTCGGAAAAGCTCACTAGGC,0,2435129
mhpRp1,0.125,7,7,GTCGCTTAGTTATAGGAAAT,0,2447306
mhpRp1,0.125,7,7,GTCGCGTCATTCTTGGATGA,0,2424633
mhpRp1,0.125,7,7,GTCGCATACTGTTACCGCGT,0,2470936
mhpRp1,0.125,7,7,GTCCTTTTATCGCAAATGAT,0,2440599
mhpRp1,0.125,7,7,GTCCGAGTTATCGTCATAGT,0,2459853
mhpRp1,0.125,7,7,GTCATGCATAAGTCAGGAAG,0,2467583
mhpRp1,0.125,7,7,GTATGCTGTCTTGTTATAAT,0,2429635
mhpRp1,0.125,7,7,GTAGCATAGCGGCCTGACAA,0,2434467
mhpRp1,0.125,7,7,GTAGATATGCCTTGCTGCCC,0,2455477
mhpRp1,0.125,7,7,GTAGAACGGGGTAGGCCGTC,0,2431755
mhpRp1,0.125,7,7,GTACATGACCGCCCGTCGTA,0,2425988
mhpRp1,0.125,7,7,GTAATAGGCACAACTAATGT,0,2445694
mhpRp1,0.125,7,7,GTAATACAATCGTAAGGATC,0,2438733
mhpRp1,0.125,7,7,GGTTGACGTGCATTTAATAA,0,2432403
mhpRp1,0.125,7,7,GGTTATCTCACTCCATGTCA,0,2437035
mhpRp1,0.125,7,7,GGTGTACTGAGTTGAATTTG,0,2443247
mhpRp1,0.125,7,7,GGTGCATGACTAAGCCCGTC,0,2463420
mhpRp1,0.125,7,7,GGTGCAGTTAATCGTGCTGT,0,2455698
mhpRp1,0.125,7,7,GGTCTATCTTTACTTTGCCG,0,2452064
mhpRp1,0.125,7,7,GGTCGATTTAAATATTTAAA,0,2454411
mhpRp1,0.125,7,7,GGTACACCAGAAAGGTCCGG,0,2458810
mhpRp1,0.125,7,7,GGTAAGGGGGGAAACATGGA,0,2465066
mhpRp1,0.125,7,7,GGGTTTTACATGGCTCGTAT,0,2476480
mhpRp1,0.125,7,7,GGGTACTGACGTGACTTGGT,0,2457882
mhpRp1,0.125,7,7,GGGGTAAAGTCATCTACTGG,0,2476010
mhpRp1,0.125,7,7,GGGCTTTGGGACTGCCCGTA,0,2464232
mhpRp1,0.125,7,7,GGGCTTCCCTGTAGTGCGGC,0,2445300
mhpRp1,0.125,7,7,GGGCTCGCCCGTTCGTTATA,0,2475902
mhpRp1,0.125,7,7,GGGCCTCTGGTCGGAACGGC,0,2424467
mhpRp1,0.125,7,7,GGGAGCGGCACCAAGCATCA,0,2477915
mhpRp1,0.125,7,7,GGCTTTCATGCCGTGTTTGC,0,2429920
mhpRp1,0.125,7,7,GGCTTTATGAACACTGACGG,0,2457495
mhpRp1,0.125,7,7,GGCTGTTTCCACGTCTTCAA,0,2437881
mhpRp1,0.125,7,7,GGCTAGTTGAAGTTTGGAGT,0,2438932
mhpRp1,0.125,7,7,GGCGTTATTCGCGGCGGCAG,0,2468032
mhpRp1,0.125,7,7,GGCGTAATCCTTAAACGCAA,0,2426796
mhpRp1,0.125,7,7,GGCGGCATTGTAAGACGGCG,0,2433947
mhpRp1,0.125,7,7,GGCGCGCCGCTCCGTGGCGA,0,2463452
mhpRp1,0.125,7,7,GGCCATCCGTCAAGTCCGTA,0,2438649
mhpRp1,0.125,7,7,GGCCAAATGAAGTAGAGATG,0,2435464
mhpRp1,0.125,7,7,GGCACATAAATTGCGCGTGG,0,2429878
mhpRp1,0.125,7,7,GGATTCGCCCGACGGTTGCA,0,2471985
mhpRp1,0.125,7,7,GGATGGCACGAGCGCAGTTG,0,2461558
mhpRp1,0.125,7,7,GGATCGTGGTTGAGCATTCA,0,2454519
mhpRp1,0.125,7,7,GGATCCATCTGGGGCGCTGG,0,2451337
mhpRp1,0.125,7,7,GGATATTAGTACAACGTACG,0,2475331
mhpRp1,0.125,7,7,GGAGTTTGTATTTCACTCGA,0,2453099
mhpRp1,0.125,7,7,GGAGGTCATCAGAATTTCCT,0,2472999
mhpRp1,0.125,7,7,GGAGGTATATATACTTGAAA,0,2442544
mhpRp1,0.125,7,7,GGAGCTCTCCATTAGACACC,0,2424947
mhpRp1,0.125,7,7,GGAGACAGAAACGATTAATG,0,2479538
mhpRp1,0.125,7,7,GGACGATCTAGGACCTAGCG,0,2425338
mhpRp1,0.125,7,7,GGAATGTAACCAACCATCCA,0,2437123
mhpRp1,0.125,7,7,GGAAGGATGCTGGAAAATGT,0,2435047
mhpRp1,0.125,7,7,GGAAAGTTTTGCTTTGTATT,0,2460377
mhpRp1,0.125,7,7,GCTTGTGCGCTCGGGTATAT,0,2424761
mhpRp1,0.125,7,7,GCTTCTGAGCCGATCTGTTA,0,2445707
mhpRp1,0.125,7,7,GCTTCGATTCGCAGTCCCGC,0,2440279
mhpRp1,0.125,7,7,GCTTAGCCAAGACTGGTTAG,0,2433649
mhpRp1,0.125,7,7,GCTGTGAATATAGTGGATAC,0,2429248
mhpRp1,0.125,7,7,GCTGGCTCGAAGTCGGAATC,0,2431080
mhpRp1,0.125,7,7,GCTCGCATCGTACGTTGATT,0,2448430
mhpRp1,0.125,7,7,GCTCCTAGTCTAACCTGCCA,0,2454831
mhpRp1,0.125,7,7,GCTAGTACTGGAATTTTAGA,0,2459047
mhpRp1,0.125,7,7,GCGTTTTGTCTTAGAAGTCA,0,2448081
mhpRp1,0.125,7,7,GCGTTCACTTCGAGAGGGCG,0,2427462
mhpRp1,0.125,7,7,GCGTGCTATCTGAGTCCTTA,0,2462286
mhpRp1,0.125,7,7,GCGTGACCAGGTAGGGGATA,0,2474785
mhpRp1,0.125,7,7,GCGGTGGTTCAGGCGTCAAT,0,2427678
mhpRp1,0.125,7,7,GCGGTCTTAGAATTGATTGT,0,2442905
mhpRp1,0.125,7,7,GCGGGTACCTGTTCTTCCAA,0,2459455
mhpRp1,0.125,7,7,GCGCTCACAAGTAGTCCCGG,0,2433312
mhpRp1,0.125,7,7,GCGCGACTTTGGACAGCGGC,0,2439035
mhpRp1,0.125,7,7,GCGCCTTGGTGTGGCTTATT,0,2470864
mhpRp1,0.125,7,7,GCGCACTCGGGCTGTTAGTG,0,2469492
mhpRp1,0.125,7,7,GCGAACTAGAACTAGGCGCT,0,2452039
mhpRp1,0.125,7,7,GCCTTTTAGTCGTGTTAGAA,0,2459126
mhpRp1,0.125,7,7,GCCTGGGGGGGTTCAAACGT,0,2443033
mhpRp1,0.125,7,7,GCCTAAGAATCTTCTAGATT,0,2466728
mhpRp1,0.125,7,7,GCCTAACATGATACGGATCA,0,2424292
mhpRp1,0.125,7,7,GCCGGTCTCAGGGTGTGGCA,0,2452700
mhpRp1,0.125,7,7,GCCGAGCCTTAACGCGTTTC,0,2437318
mhpRp1,0.125,7,7,GCCCCGGATAGACCTCAATG,0,2465973
mhpRp1,0.125,7,7,GCCATATACACAGGGAGCTG,0,2440356
mhpRp1,0.125,7,7,GCCAGTTTATTCAGGTGCCG,0,2476946
mhpRp1,0.125,7,7,GCATTTTCGCAATTGCTATA,0,2472418
mhpRp1,0.125,7,7,GCATTTATGGCTCGGCTCTA,0,2470895
mhpRp1,0.125,7,7,GCATCCAGTGGAAATTTCAA,0,2453055
mhpRp1,0.125,7,7,GCATAGTCAAAGCCACTCCC,0,2453394
mhpRp1,0.125,7,7,GCATACCGACGTTTAATCAG,0,2464375
mhpRp1,0.125,7,7,GCAGTTTAGCAAGAACGTAC,0,2470056
mhpRp1,0.125,7,7,GCAGTTCGATGTGAGACTAT,0,2426101
mhpRp1,0.125,7,7,GCAGCATGGCGTTAAGCAAT,0,2460596
mhpRp1,0.125,7,7,GCACTCTCCACTACGGCCCA,0,2438182
mhpRp1,0.125,7,7,GCACCTCTAGACCGCCTGGG,0,2459332
mhpRp1,0.125,7,7,GCAATACGTGTGGACGGCAA,0,2456368
mhpRp1,0.125,7,7,GCAAGGGCGCCCGGATTTAG,0,2461308
mhpRp1,0.125,7,7,GATGAGTGAAAAGACCAGGG,0,2442071
mhpRp1,0.125,7,7,GATGAGGCACAGGGTGCAGT,0,2426262
mhpRp1,0.125,7,7,GATCGCCCGTAACGGGGTCT,0,2464297
mhpRp1,0.125,7,7,GATCGAGTTTGGAAACAGTT,0,2456272
mhpRp1,0.125,7,7,GATCCTATTACGCGTGTATG,0,2431465
mhpRp1,0.125,7,7,GATCCCAACGGAAGAAAAGC,0,2434397
mhpRp1,0.125,7,7,GATCAGGGCCAAGCAATGAG,0,2473983
mhpRp1,0.125,7,7,GATAGTTCGTTCACAAGAGC,0,2442846
mhpRp1,0.125,7,7,GATACAGCCAGAATCAAAAA,0,2468837
mhpRp1,0.125,7,7,GAGTTAGACAATCAGGCTCG,0,2425866
mhpRp1,0.125,7,7,GAGTCCTGGGTGGTGCGGCT,0,2432338
mhpRp1,0.125,7,7,GAGTCCGTGTACTAAAATGG,0,2456661
mhpRp1,0.125,7,7,GAGGTTCGTCCTTGGTGCGC,0,2445893
mhpRp1,0.125,7,7,GAGGGACACGGTTAAAAGCA,0,2477094
mhpRp1,0.125,7,7,GAGGAAAATATACGCCCCAC,0,2446432
mhpRp1,0.125,7,7,GAGCTTAATTGTGTCATATC,0,2435048
mhpRp1,0.125,7,7,GAGCGTCTTTACAAGCGAAC,0,2478877
mhpRp1,0.125,7,7,GAGATAACGTACAAAGAATG,0,2471253
mhpRp1,0.125,7,7,GAGACGCGGGAATGTCCCCT,0,2438911
mhpRp1,0.125,7,7,GACTCGGCAATACTTTCATA,0,2439188
mhpRp1,0.125,7,7,GACTCGAGTGCAGCACATAT,0,2436904
mhpRp1,0.125,7,7,GACGGGCTGCGGATAGGCCT,0,2428783
mhpRp1,0.125,7,7,GACAGCTATGTTCCGTACCA,0,2471363
mhpRp1,0.125,7,7,GACAAACTTGGAGCCGGAGG,0,2468379
mhpRp1,0.125,7,7,GAATTCCAGTACCATTTGTT,0,2445265
mhpRp1,0.125,7,7,GAATCTGTGGTAATAAGATA,0,2438348
mhpRp1,0.125,7,7,GAATCCCTCACACTGCAAGA,0,2472599
mhpRp1,0.125,7,7,GAATAGATGGTTGCGGCCGA,0,2476219
mhpRp1,0.125,7,7,GAATAACTACGGTCGGTGTA,0,2446695
mhpRp1,0.125,7,7,GAAGTCAGTCCCCAACAAGC,0,2453398
mhpRp1,0.125,7,7,GAAGGTTACGTGGCTTGACA,0,2471165
mhpRp1,0.125,7,7,GAAGGTCAGCGATGCGCCAC,0,2477343
mhpRp1,0.125,7,7,GAAGGATTCGGCTGAGGCAG,0,2459997
mhpRp1,0.125,7,7,GAAGATCGGAAGAGATGGGG,0,2444189
mhpRp1,0.125,7,7,GAACTGTCATTGATACCGCG,0,2425824
mhpRp1,0.125,7,7,GAACGCTATTACAGGTGTTC,0,2457672
mhpRp1,0.125,7,7,GAACGCTAATTTGAAGTCTA,0,2425505
mhpRp1,0.125,7,7,GAACGATCAAGGTACGTAAG,0,2425406
mhpRp1,0.125,7,7,GAACCGTTGCGAGCTCCGAC,0,2425420
mhpRp1,0.125,7,7,GAACATACCCCTATTCCTGA,0,2458434
mhpRp1,0.125,7,7,GAAACTCTTGCGAGTCTTGA,0,2447640
mhpRp1,0.125,7,7,GAAACGCCGACAGGTGTGGT,0,2441462
mhpRp1,0.125,7,7,GAAAACAATACGAGGGAGCG,0,2439380
mhpRp1,0.125,7,7,CTTTAACCATTACTCTTATA,0,2477284
mhpRp1,0.125,7,7,CTTGTGTGGATGAAAGGCGA,0,2468292
mhpRp1,0.125,7,7,CTTGCGGCGCTTACTATATA,0,2460498
mhpRp1,0.125,7,7,CTTGCCCGGTCGTAGGCCAG,0,2450539
mhpRp1,0.125,7,7,CTTCGCGGTTCAACGAGCTC,0,2451556
mhpRp1,0.125,7,7,CTTCATGGACTACGAATTCG,0,2435474
mhpRp1,0.125,7,7,CTTATTACGAGATCGAGGGA,0,2464292
mhpRp1,0.125,7,7,CTTAGGCAGTGCTATATAAT,0,2442703
mhpRp1,0.125,7,7,CTGTTTGCAGCCGTCCTACA,0,2468892
mhpRp1,0.125,7,7,CTGTGAGCCACGAGGAATTC,0,2467648
mhpRp1,0.125,7,7,CTGTAGGGACGTCGCCAATA,0,2433091
mhpRp1,0.125,7,7,CTGGTCGTCAAGCGCAGCCC,0,2437461
mhpRp1,0.125,7,7,CTGGCAAGATCATTTCGTGC,0,2463568
mhpRp1,0.125,7,7,CTGACGTCTCGGGACACATC,0,2431740
mhpRp1,0.125,7,7,CTGAAACTATGCGCATAGCA,0,2446931
mhpRp1,0.125,7,7,CTCGTAGTTTAGACCAGAGA,0,2457808
mhpRp1,0.125,7,7,CTCGAGCGTCGCGTGTGTAT,0,2441600
mhpRp1,0.125,7,7,CTCCTTAGTGACCACGCTCC,0,2465069
mhpRp1,0.125,7,7,CTCCACTGGTCTTGGTCATG,0,2443144
mhpRp1,0.125,7,7,CTCAGTGGTGAACAGAGCAT,0,2433109
mhpRp1,0.125,7,7,CTCAGTATTCCGAGTTGTGG,0,2471948
mhpRp1,0.125,7,7,CTCAGGTTAAGTTTCGCCGC,0,2432341
mhpRp1,0.125,7,7,CTCAGAGGGAAGTGTTAAAC,0,2434869
mhpRp1,0.125,7,7,CTCAACTGCTAGACCCTTAA,0,2437898
mhpRp1,0.125,7,7,CTATGATCGCTGCTGTATCA,0,2472174
mhpRp1,0.125,7,7,CTATCCAACCCTGAATTCTT,0,2428074
mhpRp1,0.125,7,7,CTATAGACGAAGCATTCGTG,0,2453909
mhpRp1,0.125,7,7,CTAGTAAGGCGGCCGCGCAT,0,2477207
mhpRp1,0.125,7,7,CTAGGTGTATTCTTTTATCA,0,2468803
mhpRp1,0.125,7,7,CTAGGGTCTTTAACAAGTAA,0,2442961
mhpRp1,0.125,7,7,CTAGGGACTGGCACCTCGGC,0,2462393
mhpRp1,0.125,7,7,CTAGACTCTTAGGTGCGGTA,0,2433600
mhpRp1,0.125,7,7,CTACCTGCGGGTTGACCGGG,0,2437570
mhpRp1,0.125,7,7,CGTGTCGTACTCTGCTAGCG,0,2465517
mhpRp1,0.125,7,7,CGTGGTCCTATCAAAGCATG,0,2472377
mhpRp1,0.125,7,7,CGTGGCGCTTGTTTGATCGA,0,2474492
mhpRp1,0.125,7,7,CGTGGCCCAAGAGGAATGGC,0,2441709
mhpRp1,0.125,7,7,CGTGGCAGACAGTCTTACCC,0,2469047
mhpRp1,0.125,7,7,CGTGGACTTTAATATGCACG,0,2451504
mhpRp1,0.125,7,7,CGTCTTGCGAACTTGAGTTC,0,2434822
mhpRp1,0.125,7,7,CGTCGCTGACAATCCTAATG,0,2444574
mhpRp1,0.125,7,7,CGTCCACTAGAGCCCAGAGT,0,2451472
mhpRp1,0.125,7,7,CGTATGCACTTAAGGCGTAG,0,2478192
mhpRp1,0.125,7,7,CGTATAACGGATTCTGAATC,0,2429367
mhpRp1,0.125,7,7,CGTAGTAATCGTGAGGGGTA,0,2424885
mhpRp1,0.125,7,7,CGTACCAGAACGCTAACAGT,0,2444667
mhpRp1,0.125,7,7,CGGTTTGAGGTTGATGACCA,0,2459121
mhpRp1,0.125,7,7,CGGTATTTGGATCGACCCCA,0,2463976
mhpRp1,0.125,7,7,CGGTATGGACCAAATTGGGT,0,2439614
mhpRp1,0.125,7,7,CGGGGTAGACAAAAGGTCCG,0,2467503
mhpRp1,0.125,7,7,CGGGCACGCGGGTCGCCGAC,0,2441207
mhpRp1,0.125,7,7,CGGCGGATAATACCTGGAAC,0,2473065
mhpRp1,0.125,7,7,CGGCCTATCATAGTAGAGGA,0,2424070
mhpRp1,0.125,7,7,CGGCCGATTGTGTGTGCAGT,0,2453304
mhpRp1,0.125,7,7,CGGCCCCTGACATCGCAATG,0,2462492
mhpRp1,0.125,7,7,CGGCCACTGTGTGCACCGGT,0,2427911
mhpRp1,0.125,7,7,CGGCCAAGCTCTGACACGAA,0,2476594
mhpRp1,0.125,7,7,CGGCAATCACCTTAGCATTC,0,2460689
mhpRp1,0.125,7,7,CGGAGCATCGGCTGTGACCG,0,2441258
mhpRp1,0.125,7,7,CGCTCTGCTTATAGTGGATC,0,2459660
mhpRp1,0.125,7,7,CGCTATTGATCCGCGCCCGG,0,2455696
mhpRp1,0.125,7,7,CGCTAGATTCAACGCGGGCG,0,2437133
mhpRp1,0.125,7,7,CGCCCGGCATATGCCTATGA,0,2429178
mhpRp1,0.125,7,7,CGCATTCGCGGCAGTGTTTG,0,2459241
mhpRp1,0.125,7,7,CGCAGCTACGCGACTGGCGG,0,2437720
mhpRp1,0.125,7,7,CGCACAAACAAAGTTAGTGG,0,2435205
mhpRp1,0.125,7,7,CGATTAGTACTTCAGAGTCT,0,2443089
mhpRp1,0.125,7,7,CGATCAGTAGGGTATTGGTT,0,2456106
mhpRp1,0.125,7,7,CGAGTGTACAACTTCCGACA,0,2440918
mhpRp1,0.125,7,7,CGACATCGGGTCTAGGCTGC,0,2467505
mhpRp1,0.125,7,7,CGAAGCTGGTTGTGAAAGCA,0,2451190
mhpRp1,0.125,7,7,CGAACGCAAATAGGTCTTAC,0,2429398
mhpRp1,0.125,7,7,CGAACCGAGTTCGGCTGCGG,0,2427760
mhpRp1,0.125,7,7,CGAACACGTGTCCGTCACGA,0,2457772
mhpRp1,0.125,7,7,CCTTGAGATTAAGCTTCGCT,0,2436650
mhpRp1,0.125,7,7,CCTTCGTCTTCAGTGGTCGT,0,2443415
mhpRp1,0.125,7,7,CCTTCGGGCAGTGAGCATAT,0,2425467
mhpRp1,0.125,7,7,CCTTCCCCAGAGGAATCATG,0,2468671
mhpRp1,0.125,7,7,CCTTACTTACGGGCGCCCCT,0,2464816
mhpRp1,0.125,7,7,CCTGTGTATAACTCTAGGAA,0,2458084
mhpRp1,0.125,7,7,CCTGTCTCATCTCTTATAAC,0,2442329
mhpRp1,0.125,7,7,CCTGACGCTCACAATTCCAA,0,2425871
mhpRp1,0.125,7,7,CCTAGCTGCGAAGTGGTGTA,0,2439136
mhpRp1,0.125,7,7,CCTAACGAGCAATATTCAAT,0,2439592
mhpRp1,0.125,7,7,CCTAACATTAGCGTGGAGGC,0,2460492
mhpRp1,0.125,7,7,CCTAACAGGCTGTGAGTCAG,0,2443357
mhpRp1,0.125,7,7,CCGTTACATGTGTAGTAAGG,0,2471822
mhpRp1,0.125,7,7,CCGTGCGGGGTAGCCGTTGC,0,2423959
mhpRp1,0.125,7,7,CCGTAGAGTGGCTGGCGTGT,0,2453153
mhpRp1,0.125,7,7,CCGGGGCCTGACACTCCCCC,0,2454636
mhpRp1,0.125,7,7,CCGGGCTTTGTGGCCTGACA,0,2447587
mhpRp1,0.125,7,7,CCGGGCGCTATTCCAATTAC,0,2442372
mhpRp1,0.125,7,7,CCGGGCCAGGTTTTAAGTGT,0,2441635
mhpRp1,0.125,7,7,CCGGGCAGAGCTCTAGGCTT,0,2478907
mhpRp1,0.125,7,7,CCGCGAAGGGCCAGTCTGAA,0,2458467
mhpRp1,0.125,7,7,CCGCCACGGCACCCAGGTCA,0,2471561
mhpRp1,0.125,7,7,CCGCAGAACCGTGGAGGGAC,0,2441104
mhpRp1,0.125,7,7,CCGAAAACCAGTGATTCAAC,0,2444251
mhpRp1,0.125,7,7,CCCGTGATTCCCGCTCTCAA,0,2444336
mhpRp1,0.125,7,7,CCCGTACGCCGAGATTAAAT,0,2477472
mhpRp1,0.125,7,7,CCCGCATGTCAGACGTATTA,0,2439384
mhpRp1,0.125,7,7,CCCCGAGATAAGCCGCGTCT,0,2449845
mhpRp1,0.125,7,7,CCCCACAACAGTCGATTATT,0,2477210
mhpRp1,0.125,7,7,CCCAGCCTTGTCTCGATTTA,0,2451997
mhpRp1,0.125,7,7,CCCAGAGTTAACCAACCCGA,0,2471603
mhpRp1,0.125,7,7,CCATCCCACTCATAAGCGGT,0,2427399
mhpRp1,0.125,7,7,CCATCACGAATTAGTCATGC,0,2450045
mhpRp1,0.125,7,7,CCAGTTGTAGTCACCACATA,0,2473767
mhpRp1,0.125,7,7,CCAGTCTATTCCGGTTTCAA,0,2433187
mhpRp1,0.125,7,7,CCAGTCAAATTCGGGAATCC,0,2450871
mhpRp1,0.125,7,7,CCAGCATGTAGGCACAATTC,0,2462687
mhpRp1,0.125,7,7,CCACTGCTGCGCAAGGTCAC,0,2452346
mhpRp1,0.125,7,7,CCACGCCTAGTCGGGGTTGC,0,2472847
mhpRp1,0.125,7,7,CCACCTTGCCCTCAATATCA,0,2448594
mhpRp1,0.125,7,7,CCACCTAGTGAGTCGGTTTG,0,2447348
mhpRp1,0.125,7,7,CCAAGGCGATGCGGAGTGGA,0,2472291
mhpRp1,0.125,7,7,CCAACGGGTCCAAGCGATAG,0,2446652
mhpRp1,0.125,7,7,CATTTATTGAATAAGAGGCC,0,2452212
mhpRp1,0.125,7,7,CATTGACATGGAGTACGTCA,0,2446292
mhpRp1,0.125,7,7,CATTACTTTACACTCTACGG,0,2429404
mhpRp1,0.125,7,7,CATGCCACAGCTATGGAGTA,0,2456563
mhpRp1,0.125,7,7,CATCGTGGCCAGGTGCCTAG,0,2447080
mhpRp1,0.125,7,7,CATCAGGGTACGCGGCACGG,0,2479332
mhpRp1,0.125,7,7,CATCAGAGGAATACTCCAAG,0,2441136
mhpRp1,0.125,7,7,CATAGGGAAGTTTACCGTCC,0,2447783
mhpRp1,0.125,7,7,CATAATGGGTCTGGTTGTCG,0,2455940
mhpRp1,0.125,7,7,CAGTATAGGCCGTTTCAGGT,0,2432762
mhpRp1,0.125,7,7,CAGTACTAGGTTTCTCCGGA,0,2428330
mhpRp1,0.125,7,7,CAGGGCAGGGTTGACACGCT,0,2451227
mhpRp1,0.125,7,7,CAGGCGCAACCGAGACAACA,0,2444621
mhpRp1,0.125,7,7,CAGCTGCTGATAAGGTGGTG,0,2439001
mhpRp1,0.125,7,7,CAGCGTACATGCCATCGTAA,0,2427648
mhpRp1,0.125,7,7,CAGCGCAACTCACAGGGCGT,0,2445161
mhpRp1,0.125,7,7,CAGCCAGAATCGAGGAGAAT,0,2449499
mhpRp1,0.125,7,7,CAGCATGCTCTTCGGATGCC,0,2476867
mhpRp1,0.125,7,7,CAGAGCCGCTCGATGGATAC,0,2454038
mhpRp1,0.125,7,7,CAGACTGGTATTATCGCCAG,0,2470054
mhpRp1,0.125,7,7,CAGACGCGGACCATGATTGA,0,2464082
mhpRp1,0.125,7,7,CAGAATTACGTTTGTGAAAC,0,2473244
mhpRp1,0.125,7,7,CACTTGAGAGCCCATACTTT,0,2477753
mhpRp1,0.125,7,7,CACCTTCTCGCGAATATGCT,0,2443697
mhpRp1,0.125,7,7,CACCGTTGCGCGGGTCACAC,0,2474617
mhpRp1,0.125,7,7,CACATTGGTAATCGCGAAAA,0,2426277
mhpRp1,0.125,7,7,CACATGGTCGCGTGCGTTTG,0,2446704
mhpRp1,0.125,7,7,CACATCGGATCATTTCCACT,0,2476336
mhpRp1,0.125,7,7,CACAGGGGCATCAATTAGGC,0,2476998
mhpRp1,0.125,7,7,CACACAAGGCACTTGTGGTA,0,2423841
mhpRp1,0.125,7,7,CAATCGGATTAGGGCATATC,0,2445165
mhpRp1,0.125,7,7,CAACGGCCCTTCTCTACCAT,0,2463662
mhpRp1,0.125,7,7,CAACCGCGACAGACCGGAGA,0,2438451
mhpRp1,0.125,7,7,ATTTGGAACCGAACCGCGGT,0,2462522
mhpRp1,0.125,7,7,ATTTACGAACCCGGACTCAG,0,2465939
mhpRp1,0.125,7,7,ATTTAACTGTACGAGTAAGA,0,2469264
mhpRp1,0.125,7,7,ATTGTGTATAAACATGACAG,0,2433638
mhpRp1,0.125,7,7,ATTGGTTTGTTAGAAGCGGG,0,2475010
mhpRp1,0.125,7,7,ATTGCATTCGACACAAACCC,0,2444064
mhpRp1,0.125,7,7,ATTCTGAATGCTTAAAGTCA,0,2462021
mhpRp1,0.125,7,7,ATTCGCCGAGTGATAATGAC,0,2467236
mhpRp1,0.125,7,7,ATTATTGGTAAGTATGGGGC,0,2447994
mhpRp1,0.125,7,7,ATTATGTACTGAGCTAGCCG,0,2455908
mhpRp1,0.125,7,7,ATTAGAGTTCTGGAAATTGT,0,2424954
mhpRp1,0.125,7,7,ATTACGTACCGGTCTTCCGA,0,2460034
mhpRp1,0.125,7,7,ATTAATTGGACCCCGCCCTG,0,2458081
mhpRp1,0.125,7,7,ATGTTCGGCATGACGCACGT,0,2451181
mhpRp1,0.125,7,7,ATGTCACGGGATTCATGGGT,0,2427181
mhpRp1,0.125,7,7,ATGGTGGAGCACTACACTGT,0,2435951
mhpRp1,0.125,7,7,ATGGGCGAGTAGACGTAAAA,0,2434827
mhpRp1,0.125,7,7,ATGCGTCCTGGTTGGAGGAT,0,2443639
mhpRp1,0.125,7,7,ATGCGAGGTACCGCACAGGA,0,2435059
mhpRp1,0.125,7,7,ATGCCGCTCAAACCACATCG,0,2464422
mhpRp1,0.125,7,7,ATGCCGCGGGAAGAGCTGCT,0,2427842
mhpRp1,0.125,7,7,ATGAGCACGAGGCAACGGAA,0,2437635
mhpRp1,0.125,7,7,ATCTCTAGTAGAGCAGGCCC,0,2446534
mhpRp1,0.125,7,7,ATCTCGGGTAGTATATAATG,0,2443158
mhpRp1,0.125,7,7,ATCGGTTTATCTAACACGTA,0,2475193
mhpRp1,0.125,7,7,ATCGGTAAGCGTACTCCTTA,0,2444693
mhpRp1,0.125,7,7,ATCGGCCGAGACGGCGAAAA,0,2431814
mhpRp1,0.125,7,7,ATCGCACGGGCCTATCAGAT,0,2456091
mhpRp1,0.125,7,7,ATCCTTTAGCACCGTGCGGT,0,2444467
mhpRp1,0.125,7,7,ATCCTGCGCATACCATCCAA,0,2435157
mhpRp1,0.125,7,7,ATCCAGAGTCACATGAAGGT,0,2461845
mhpRp1,0.125,7,7,ATCACTGGTATACGGAAGCG,0,2434606
mhpRp1,0.125,7,7,ATCAACCGGCTTAGGTTTGT,0,2448624
mhpRp1,0.125,7,7,ATATTTTATAGCGTGCGTTA,0,2434333
mhpRp1,0.125,7,7,ATATGTAGACGAAGGTTAGC,0,2459462
mhpRp1,0.125,7,7,ATATGGCTCGTTCAGTGTAG,0,2460730
mhpRp1,0.125,7,7,ATATCTACCCACAGTTCGCT,0,2426051
mhpRp1,0.125,7,7,ATATCAAATACGGGCATCGG,0,2434329
mhpRp1,0.125,7,7,ATATACTAAAAATGCGCTAT,0,2453907
mhpRp1,0.125,7,7,ATAGTATCTGTCTGTCCAAG,0,2449708
mhpRp1,0.125,7,7,ATAGTAGGGTCAACACCAGT,0,2468169
mhpRp1,0.125,7,7,ATAGGCTCAGCTGTTGTAGA,0,2434287
mhpRp1,0.125,7,7,ATACTAGCCCGGTTATCTTA,0,2452281
mhpRp1,0.125,7,7,ATAAAACGGGTCAGCTTGTG,0,2448882
mhpRp1,0.125,7,7,AGTTATACAGCGAATAATAC,0,2431014
mhpRp1,0.125,7,7,AGTGTCCGCCGAGGCCAAAA,0,2472862
mhpRp1,0.125,7,7,AGTGGTAGGATCATCATCGC,0,2472258
mhpRp1,0.125,7,7,AGTCCCTGGACTCTACGTCA,0,2452086
mhpRp1,0.125,7,7,AGTCACTAACGTGGGTGGCT,0,2472829
mhpRp1,0.125,7,7,AGTAGTGTTGAGTCACGATT,0,2437409
mhpRp1,0.125,7,7,AGTACCGCGGAGTGCAGGAT,0,2457842
mhpRp1,0.125,7,7,AGTACAGATAACGTGCAAGC,0,2424281
mhpRp1,0.125,7,7,AGTAACAAATTGTGGTGATA,0,2452955
mhpRp1,0.125,7,7,AGGTTTGGTAGCGCTCGAAT,0,2454901
mhpRp1,0.125,7,7,AGGTTTGAGCTACGTCCCTA,0,2459054
mhpRp1,0.125,7,7,AGGTATGGTCGCGACTCAAA,0,2430908
mhpRp1,0.125,7,7,AGGTACGACTCTGCCCCGTC,0,2427022
mhpRp1,0.125,7,7,AGGGTACAAAACCCTGGTGA,0,2443790
mhpRp1,0.125,7,7,AGGGGTGGTTGGTTAGGCTA,0,2430911
mhpRp1,0.125,7,7,AGGGGGGGGATCCGAATAAC,0,2462053
mhpRp1,0.125,7,7,AGGGCCACAAATCCCTAGCA,0,2452788
mhpRp1,0.125,7,7,AGGCTAATATACATGTCTGA,0,2454296
mhpRp1,0.125,7,7,AGGCATTGGCCCGGCGAGTC,0,2434410
mhpRp1,0.125,7,7,AGGCACTAAGGATTTACGAC,0,2465165
mhpRp1,0.125,7,7,AGGAGCCCGTACCAGCGTGT,0,2477921
mhpRp1,0.125,7,7,AGCTGTAGCTTGCTCTCCGA,0,2430835
mhpRp1,0.125,7,7,AGCGCAGTTTCCCGTCAAGA,0,2427766
mhpRp1,0.125,7,7,AGCGAGGGTCGAGTCCATTG,0,2437481
mhpRp1,0.125,7,7,AGCCTATCGACACGGGAGCA,0,2448140
mhpRp1,0.125,7,7,AGCCGGGCCAGAGCGGACGT,0,2457570
mhpRp1,0.125,7,7,AGCCCCATGCCACCGAAGGT,0,2429346
mhpRp1,0.125,7,7,AGCCACCCCGTTGCGTTAAT,0,2433127
mhpRp1,0.125,7,7,AGCCAATTTCTATCATACTT,0,2465631
mhpRp1,0.125,7,7,AGCATGCAGGATATATGTTG,0,2443341
mhpRp1,0.125,7,7,AGCACTCGCGGCGCAAAGAG,0,2433341
mhpRp1,0.125,7,7,AGATTCAGTCGGGTTGTTAA,0,2459616
mhpRp1,0.125,7,7,AGATGGGTTCGCCCGTAACG,0,2447313
mhpRp1,0.125,7,7,AGATGACCTGCACTAAAGGG,0,2443196
mhpRp1,0.125,7,7,AGATCATTAAGATAGGCCAC,0,2468247
mhpRp1,0.125,7,7,AGAGACTCACGACGGACCTC,0,2467232
mhpRp1,0.125,7,7,AGACTCCTGCAGCGGTGCTT,0,2427793
mhpRp1,0.125,7,7,AGACTCAGTCCTCTGATAAC,0,2431271
mhpRp1,0.125,7,7,AGAATTTAGCGGGCCGCATT,0,2459488
mhpRp1,0.125,7,7,AGAAATCGAGCTCCTTTGCG,0,2438115
mhpRp1,0.125,7,7,ACTTCGTGCTTCTTTAAGGG,0,2463124
mhpRp1,0.125,7,7,ACTTATAAACTGCCGGGCCA,0,2465518
mhpRp1,0.125,7,7,ACTGGTGTTATGCATCTAGT,0,2473481
mhpRp1,0.125,7,7,ACTGATGGGGGCGGCGTCGA,0,2459622
mhpRp1,0.125,7,7,ACTCGGTCCTAACTACCAAG,0,2432425
mhpRp1,0.125,7,7,ACTCACTATCCAATGGTGCA,0,2478834
mhpRp1,0.125,7,7,ACTAAGAGGCGCTCCTTTTT,0,2470937
mhpRp1,0.125,7,7,ACGTACTGCGCTGAATGGCT,0,2428207
mhpRp1,0.125,7,7,ACGTACCTGTATGCACATGT,0,2440746
mhpRp1,0.125,7,7,ACGGTTGGAATCGTTAAGGT,0,2448927
mhpRp1,0.125,7,7,ACGGTAGTGCTTGCAACAAC,0,2469523
mhpRp1,0.125,7,7,ACGGGTAGGTGAGGTCCGGC,0,2444280
mhpRp1,0.125,7,7,ACGGAGCAACAATGCTGACT,0,2478454
mhpRp1,0.125,7,7,ACGCTCAGCCGTGGGGAGGG,0,2451180
mhpRp1,0.125,7,7,ACGCGGCCCCCGGCAGCTTA,0,2426016
mhpRp1,0.125,7,7,ACGATGTAGACCGTCTTAGA,0,2467303
mhpRp1,0.125,7,7,ACGATGTAGAAGGAGGCCAG,0,2477419
mhpRp1,0.125,7,7,ACGACCGGCGCACTGCCCGA,0,2466359
mhpRp1,0.125,7,7,ACGAATCTTGTGGGATATTC,0,2437518
mhpRp1,0.125,7,7,ACCTATATTTTACCATTTTC,0,2467718
mhpRp1,0.125,7,7,ACCGTGGCTCAGATTAAAAT,0,2449521
mhpRp1,0.125,7,7,ACCGGGTTAGATGAATACAA,0,2452678
mhpRp1,0.125,7,7,ACCCTACTTATGCCAACGTG,0,2432934
mhpRp1,0.125,7,7,ACCCCAGGCTGAAAGTAAAA,0,2460407
mhpRp1,0.125,7,7,ACCAGTAGCTGCTACTGACA,0,2438123
mhpRp1,0.125,7,7,ACCAGAGAAGCTCATGAAGT,0,2426089
mhpRp1,0.125,7,7,ACCACCGCAGAAAGGGCTAG,0,2457285
mhpRp1,0.125,7,7,ACATTTCCCCTATGGCATGG,0,2465023
mhpRp1,0.125,7,7,ACATTAAATCCAAGGAGGCA,0,2446740
mhpRp1,0.125,7,7,ACATCGGAAGCCTTCGCTGC,0,2477440
mhpRp1,0.125,7,7,ACATACAGTTCCTATTTGAA,0,2455813
mhpRp1,0.125,7,7,ACAACATTCCAAAACCATTA,0,2443241
mhpRp1,0.125,7,7,AATTGATTGTGAGGCTTTCG,0,2450853
mhpRp1,0.125,7,7,AATTCATATGTGGATTTAGG,0,2459257
mhpRp1,0.125,7,7,AATCGGATTCTGCATCCTCT,0,2468576
mhpRp1,0.125,7,7,AATCAGGGATAGGTTCTGCA,0,2439535
mhpRp1,0.125,7,7,AATAGCTCCGATACTAGACA,0,2434437
mhpRp1,0.125,7,7,AATACTGGCTAGGGGAAATG,0,2472128
mhpRp1,0.125,7,7,AATACGGAGCACGGACTACC,0,2431365
mhpRp1,0.125,7,7,AAGTGAGCGTGGATCTATGG,0,2467274
mhpRp1,0.125,7,7,AAGTAGCGCCATCTGTTTAA,0,2445069
mhpRp1,0.125,7,7,AAGTAATGCTTATAGACGGC,0,2475454
mhpRp1,0.125,7,7,AAGGCATGTCTAGCCCATTT,0,2476951
mhpRp1,0.125,7,7,AAGCGAACAGCGTATCCAAA,0,2462297
mhpRp1,0.125,7,7,AAGACAAAAATTGGTTATTG,0,2440772
mhpRp1,0.125,7,7,AAGAAAGGTCCCGAGAAGAC,0,2446320
mhpRp1,0.125,7,7,AACTTAACGGCGAGATTCCC,0,2477664
mhpRp1,0.125,7,7,AACTGTGGCAGGTAATTAAT,0,2445930
mhpRp1,0.125,7,7,AACTAACGGCTATAGGTAAA,0,2429523
mhpRp1,0.125,7,7,AACGGAGGGGCCTCGCAGTT,0,2450269
mhpRp1,0.125,7,7,AACGCCGGACCGAAAATTCA,0,2443820
mhpRp1,0.125,7,7,AACCCACATCGGCTGAGTAA,0,2447768
mhpRp1,0.125,7,7,AACCATAGCCTTCGGATTTC,0,2431868
mhpRp1,0.125,7,7,AACAGTGGCTGCGCTACCAA,0,2464412
mhpRp1,0.125,7,7,AACACGGCAGGCTCAGATAT,0,2453250
mhpRp1,0.125,7,7,AACAACATCAGTCTTCGTAA,0,2425685
mhpRp1,0.125,7,7,AAATTAGGACCCTGAATGCG,0,2454378
mhpRp1,0.125,7,7,AAATCAGGAGTAAGGGGTAT,0,2456882
mhpRp1,0.125,7,7,AAAGTTAGGCCCGAGACAGA,0,2475868
mhpRp1,0.125,7,7,AAAGGCGCTTCTTGGGCGAC,0,2448853
mhpRp1,0.125,7,7,AAAGATCCTTAGTGGCTCAA,0,2432950
mhpRp1,0.125,7,7,AAAAGTCCGACGCGGGATCC,0,2427445
mhpRp1,0.125,7,7,AAAAACCCCAGACATGAGGA,0,2467878
mhpRp1,0.14285714285714285,6,6,TTTTTCATGACTGTACTTCT,0,2471291
mhpRp1,0.14285714285714285,6,6,TTTTGTAATTCGCGACTTCG,0,2430257
mhpRp1,0.14285714285714285,6,6,TTTTGATCGATGTCTTTCGT,0,2460008
mhpRp1,0.14285714285714285,6,6,TTTTGAAAAGCGGTATTGAT,0,2454192
mhpRp1,0.14285714285714285,6,6,TTTTCAAAAAGAGGGTATGT,0,2449684
mhpRp1,0.14285714285714285,6,6,TTTGTTCTCTCATTGAGAGC,0,2466925
mhpRp1,0.14285714285714285,6,6,TTTGGGGTCGTGCCGTGGGG,0,2470107
mhpRp1,0.14285714285714285,6,6,TTTGAATGTTGTGTAGGATG,0,2472444
mhpRp1,0.14285714285714285,6,6,TTTGAAGTTATCCTAGCTAA,0,2436338
mhpRp1,0.14285714285714285,6,6,TTTGAAGAGACAGCATTAGT,0,2460154
mhpRp1,0.14285714285714285,6,6,TTTCTAACACGTGTTTAAAT,0,2465856
mhpRp1,0.14285714285714285,6,6,TTTCGACCACGCATCGTATG,0,2468587
mhpRp1,0.14285714285714285,6,6,TTTCCCCCAAGGAGCAATTA,0,2452870
mhpRp1,0.14285714285714285,6,6,TTTAGTCGCTGAGCGAGTAG,0,2442750
mhpRp1,0.14285714285714285,6,6,TTTAGGTATTTATAGTTGTG,0,2441661
mhpRp1,0.14285714285714285,6,6,TTTAGCCTATGGCTTACCTT,0,2465991
mhpRp1,0.14285714285714285,6,6,TTTAATATAGCGGCATCGGC,0,2459633
mhpRp1,0.14285714285714285,6,6,TTTAAGCCGTAGGTACTGTC,0,2439582
mhpRp1,0.14285714285714285,6,6,TTGTGACGTTATTCTTAGTA,0,2440357
mhpRp1,0.14285714285714285,6,6,TTGTCTCACATCCCTTAAAG,0,2463647
mhpRp1,0.14285714285714285,6,6,TTGGTCGTACTTTGAGTAAT,0,2471078
mhpRp1,0.14285714285714285,6,6,TTGGCCATGTTTGGGCCTTA,0,2470229
mhpRp1,0.14285714285714285,6,6,TTGGCAGATCGACGACACAC,0,2427944
mhpRp1,0.14285714285714285,6,6,TTGGCAATAGGATTGATTCA,0,2465521
mhpRp1,0.14285714285714285,6,6,TTGGACCTCATGATGGTATA,0,2434089
mhpRp1,0.14285714285714285,6,6,TTGCGTTACATCGCCCTTTA,0,2435537
mhpRp1,0.14285714285714285,6,6,TTGCGGGCCTGGAGGCAGGG,0,2475812
mhpRp1,0.14285714285714285,6,6,TTGCGCGTCCAAGTCGTAAA,0,2462683
mhpRp1,0.14285714285714285,6,6,TTGCGCGGGAGATTAATCAG,0,2445634
mhpRp1,0.14285714285714285,6,6,TTCTTGGGTGTGGGCAATGT,0,2473804
mhpRp1,0.14285714285714285,6,6,TTCTGGAGGAATGACAGAGA,0,2428992
mhpRp1,0.14285714285714285,6,6,TTCTCGGCGTGTGCCCTCGG,0,2476378
mhpRp1,0.14285714285714285,6,6,TTCTAATGCACTGGAGGACA,0,2471670
mhpRp1,0.14285714285714285,6,6,TTCGTAGATAGGAAAATTAG,0,2452502
mhpRp1,0.14285714285714285,6,6,TTCGGACAGGTTCATATTAC,0,2452348
mhpRp1,0.14285714285714285,6,6,TTCCCGGCTACCCTACCATG,0,2429834
mhpRp1,0.14285714285714285,6,6,TTCCATGAAGGCTTACAGGG,0,2464219
mhpRp1,0.14285714285714285,6,6,TTCCATATTAAGTTGTTGCG,0,2460868
mhpRp1,0.14285714285714285,6,6,TTCCAACGGAACGTTTTAAG,0,2468333
mhpRp1,0.14285714285714285,6,6,TTCAGGTAACTGGTGCATAC,0,2441088
mhpRp1,0.14285714285714285,6,6,TTATGCGATCTTTCATATAT,0,2454922
mhpRp1,0.14285714285714285,6,6,TTAGTAGGGACTGCGTATGT,0,2442753
mhpRp1,0.14285714285714285,6,6,TTAGCTGTGGAATACGCCTA,0,2433604
mhpRp1,0.14285714285714285,6,6,TTAGCCCTGGTCTGGCTCCC,0,2434737
mhpRp1,0.14285714285714285,6,6,TTACATCACTACCTTGGACC,0,2456685
mhpRp1,0.14285714285714285,6,6,TTAATCTCTTGGGGTGACAT,0,2460765
mhpRp1,0.14285714285714285,6,6,TTAAATGGGGACTCTTAAGC,0,2427808
mhpRp1,0.14285714285714285,6,6,TGTTCTGTCCTATGAACCTC,0,2444569
mhpRp1,0.14285714285714285,6,6,TGTGGCTTTGTCGTTGATCC,0,2442543
mhpRp1,0.14285714285714285,6,6,TGTGCGATCGTTACCAGCTA,0,2431553
mhpRp1,0.14285714285714285,6,6,TGTGAGGGCTCGAAATTCCC,0,2472149
mhpRp1,0.14285714285714285,6,6,TGTACGTAAGCTACGCCCCC,0,2452294
mhpRp1,0.14285714285714285,6,6,TGTAAGCATACGAAGCATCT,0,2455647
mhpRp1,0.14285714285714285,6,6,TGTAAGATAGTTTCATCATA,0,2477127
mhpRp1,0.14285714285714285,6,6,TGGTTGTTAAGGACAATAAG,0,2432233
mhpRp1,0.14285714285714285,6,6,TGGTGCGGAGGGAATTGTGG,0,2469399
mhpRp1,0.14285714285714285,6,6,TGGTCCACTATTGACTCAGT,0,2467207
mhpRp1,0.14285714285714285,6,6,TGGTAGCATTAACGAAATAA,0,2443868
mhpRp1,0.14285714285714285,6,6,TGGGGTAATGAGCTAGAGGC,0,2435301
mhpRp1,0.14285714285714285,6,6,TGGGGATTGGGTGTGCGTCG,0,2431871
mhpRp1,0.14285714285714285,6,6,TGGCTAGGCTAAAGCGGTAC,0,2455521
mhpRp1,0.14285714285714285,6,6,TGGCCTCGCTGTAGCCCGAT,0,2444046
mhpRp1,0.14285714285714285,6,6,TGGATGGGGTATCCCATAAT,0,2454812
mhpRp1,0.14285714285714285,6,6,TGGACATGCATGGTATGAGT,0,2471525
mhpRp1,0.14285714285714285,6,6,TGGACAGTCCATGAGGAATG,0,2468140
mhpRp1,0.14285714285714285,6,6,TGGAAATCGCGTATCTATCC,0,2472761
mhpRp1,0.14285714285714285,6,6,TGCTGCGTGCGTCCCCGGTC,0,2431079
mhpRp1,0.14285714285714285,6,6,TGCTCAAAGTGTCCGTGGAC,0,2445144
mhpRp1,0.14285714285714285,6,6,TGCGGTATGGACCGTGAGCT,0,2436763
mhpRp1,0.14285714285714285,6,6,TGCGGAGCGCAGCGTTGTTG,0,2445939
mhpRp1,0.14285714285714285,6,6,TGCCGTGACTAATCCATCGA,0,2444943
mhpRp1,0.14285714285714285,6,6,TGCCCCCCGGGCCTTGAGGA,0,2451689
mhpRp1,0.14285714285714285,6,6,TGCACGGTAAGATGACGTTA,0,2454189
mhpRp1,0.14285714285714285,6,6,TGATTCCTAGAAATTTGATG,0,2467896
mhpRp1,0.14285714285714285,6,6,TGATCTTTCTTACGGCACGT,0,2425947
mhpRp1,0.14285714285714285,6,6,TGATAAGGCCATCCCATATT,0,2425732
mhpRp1,0.14285714285714285,6,6,TGAGGCTCATGGGGCTTAGA,0,2469582
mhpRp1,0.14285714285714285,6,6,TGAGGCGGGGGGTGCATAAC,0,2458651
mhpRp1,0.14285714285714285,6,6,TGAGCATGTATGGATGGCAT,0,2461008
mhpRp1,0.14285714285714285,6,6,TGACTAGGACGAAATGCGTA,0,2457067
mhpRp1,0.14285714285714285,6,6,TGACAGGGGTCATGGTTTCC,0,2452295
mhpRp1,0.14285714285714285,6,6,TGACAAGGTGTACTGGAAAC,0,2479081
mhpRp1,0.14285714285714285,6,6,TGAATAGTACGGCTTTTCCT,0,2466734
mhpRp1,0.14285714285714285,6,6,TGAACATACGCACGTCAGTC,0,2449737
mhpRp1,0.14285714285714285,6,6,TGAAATGGGCAGGGAATGTT,0,2458868
mhpRp1,0.14285714285714285,6,6,TGAAATGATGTCGGCCGGCA,0,2440776
mhpRp1,0.14285714285714285,6,6,TGAAAGGCGCTTATCGCTGC,0,2443140
mhpRp1,0.14285714285714285,6,6,TCTTTGATAGCGGCTCATTC,0,2478720
mhpRp1,0.14285714285714285,6,6,TCTTGTTTTCGGAGGAATAC,0,2440843
mhpRp1,0.14285714285714285,6,6,TCTTGAAGCGTTCGCCCACG,0,2467112
mhpRp1,0.14285714285714285,6,6,TCTTGAAAGGGAAATTGCCC,0,2466779
mhpRp1,0.14285714285714285,6,6,TCTTAATTCTTGTCTTATCC,0,2425521
mhpRp1,0.14285714285714285,6,6,TCTGTGATGATGTAGGTATC,0,2463856
mhpRp1,0.14285714285714285,6,6,TCTCTACGACGCACGTACGT,0,2478015
mhpRp1,0.14285714285714285,6,6,TCTATAGCGCTTTAGATTGT,0,2434915
mhpRp1,0.14285714285714285,6,6,TCTAAGGCTCGAGGCCTGTG,0,2454035
mhpRp1,0.14285714285714285,6,6,TCGTTCGACAATAATTATAT,0,2443378
mhpRp1,0.14285714285714285,6,6,TCGTCGCTGGCAGTTTTCGT,0,2459537
mhpRp1,0.14285714285714285,6,6,TCGTCCGGGTACTTATGGGT,0,2470482
mhpRp1,0.14285714285714285,6,6,TCGTCATGCACTGCAATTAT,0,2454758
mhpRp1,0.14285714285714285,6,6,TCGGCTTCACATGTACGGGT,0,2461162
mhpRp1,0.14285714285714285,6,6,TCGCTCTCGGTCATTAAATT,0,2451563
mhpRp1,0.14285714285714285,6,6,TCGCTAATAGGCCTTCTCCC,0,2458508
mhpRp1,0.14285714285714285,6,6,TCGCGTGCGGTTCTCAAATC,0,2462501
mhpRp1,0.14285714285714285,6,6,TCGCCCCGCCTACATTCTAT,0,2436018
mhpRp1,0.14285714285714285,6,6,TCGCCAGTCAGCCTTGCTTG,0,2427287
mhpRp1,0.14285714285714285,6,6,TCGAGATTTAACGTGTCGCA,0,2445429
mhpRp1,0.14285714285714285,6,6,TCGACTCCACCACTATGAGG,0,2432160
mhpRp1,0.14285714285714285,6,6,TCGACCCATCATCAACGCGG,0,2460306
mhpRp1,0.14285714285714285,6,6,TCGAACCCTGGTCACTGGCT,0,2434213
mhpRp1,0.14285714285714285,6,6,TCCTTTATCCACAGTATGAA,0,2457060
mhpRp1,0.14285714285714285,6,6,TCCTTACGGACGGCGGAGAT,0,2444006
mhpRp1,0.14285714285714285,6,6,TCCTAAGGGAGACCCCTATC,0,2429448
mhpRp1,0.14285714285714285,6,6,TCCGTGATAACCAAAGATTG,0,2438610
mhpRp1,0.14285714285714285,6,6,TCCGCTCGAGTTCGACGGGG,0,2456401
mhpRp1,0.14285714285714285,6,6,TCCGAGTTCGACCCTGGTCG,0,2466879
mhpRp1,0.14285714285714285,6,6,TCCCTACCTTCTAGTGTAGC,0,2447044
mhpRp1,0.14285714285714285,6,6,TCCCGTGAGAACTCTCTATT,0,2451072
mhpRp1,0.14285714285714285,6,6,TCCAGAGGCAAGATTGTCAA,0,2454621
mhpRp1,0.14285714285714285,6,6,TCATCCAGGGTGATCAGGGG,0,2459118
mhpRp1,0.14285714285714285,6,6,TCATAAGTGTATCTTGGTTC,0,2427554
mhpRp1,0.14285714285714285,6,6,TCATAAGCTGTAATGGCACC,0,2441555
mhpRp1,0.14285714285714285,6,6,TCAGGCGCGTCATATGGCAG,0,2441311
mhpRp1,0.14285714285714285,6,6,TCAGCTGTCATCCGGATGTG,0,2459382
mhpRp1,0.14285714285714285,6,6,TCAGAGGTGAAGTCTGCTGG,0,2437663
mhpRp1,0.14285714285714285,6,6,TCAGAAACAGACATCTAACT,0,2449505
mhpRp1,0.14285714285714285,6,6,TCACGGATGGTGAACAGTTA,0,2443234
mhpRp1,0.14285714285714285,6,6,TCACCTCGTTAAGCCCGTAG,0,2476460
mhpRp1,0.14285714285714285,6,6,TCACAGCCGTTGCCCCCGTC,0,2459712
mhpRp1,0.14285714285714285,6,6,TCAAGTGCACGGAATTCGAC,0,2436952
mhpRp1,0.14285714285714285,6,6,TCAAGGTTAGGAGCCGTGGG,0,2475637
mhpRp1,0.14285714285714285,6,6,TATTCTCCTACTCCAGGAGA,0,2437175
mhpRp1,0.14285714285714285,6,6,TATGTCCGCCCGAGCATTGG,0,2448353
mhpRp1,0.14285714285714285,6,6,TATGTAATTATTTATTAGAA,0,2456280
mhpRp1,0.14285714285714285,6,6,TATGCCTCCGTTCCAAAAGT,0,2426943
mhpRp1,0.14285714285714285,6,6,TATATCGACATTACGGGCGC,0,2450541
mhpRp1,0.14285714285714285,6,6,TATAACGAGGGCTAATGTGG,0,2425173
mhpRp1,0.14285714285714285,6,6,TAGTGTTGACAATTTGATAA,0,2474067
mhpRp1,0.14285714285714285,6,6,TAGGGACTGGTTTCCTCTGT,0,2447305
mhpRp1,0.14285714285714285,6,6,TAGGCCGATTGCCTTCCACT,0,2462509
mhpRp1,0.14285714285714285,6,6,TAGCCGCCCACTCAGCCACT,0,2431882
mhpRp1,0.14285714285714285,6,6,TAGCAATAGATAGTAGGCGC,0,2425715
mhpRp1,0.14285714285714285,6,6,TAGATCTACCTCATGTGTGT,0,2462591
mhpRp1,0.14285714285714285,6,6,TAGACCGTATGCATTATGCG,0,2435234
mhpRp1,0.14285714285714285,6,6,TACTCTGCCGACCTTTGATT,0,2472295
mhpRp1,0.14285714285714285,6,6,TACTATTTCGTTAGGGACTG,0,2444037
mhpRp1,0.14285714285714285,6,6,TACTAGAACAAAATTAATAA,0,2455731
mhpRp1,0.14285714285714285,6,6,TACTAACTGATTTAAAAATA,0,2453603
mhpRp1,0.14285714285714285,6,6,TACGTGTACTATCAAAGCTT,0,2467882
mhpRp1,0.14285714285714285,6,6,TACGGCGGACGGCGGACCTC,0,2474437
mhpRp1,0.14285714285714285,6,6,TACGCGGATAATCTATTTGT,0,2457762
mhpRp1,0.14285714285714285,6,6,TACGAACGCCTTGTCGGGTA,0,2469493
mhpRp1,0.14285714285714285,6,6,TACCTTATCACCAGTAGACC,0,2466124
mhpRp1,0.14285714285714285,6,6,TACCGCGCGGGACGAGGTGG,0,2447146
mhpRp1,0.14285714285714285,6,6,TACCGCGCCCGACTTGAGGG,0,2452827
mhpRp1,0.14285714285714285,6,6,TACATGTCTTGCGCAGTTCT,0,2445590
mhpRp1,0.14285714285714285,6,6,TACACGCAAAGTGTACAGAG,0,2469023
mhpRp1,0.14285714285714285,6,6,TACAAGAACGAGCCCTCAAT,0,2442546
mhpRp1,0.14285714285714285,6,6,TACAACCTACGTCACCAGAA,0,2451907
mhpRp1,0.14285714285714285,6,6,TAAGGTAATTGCACAAGTTA,0,2468575
mhpRp1,0.14285714285714285,6,6,TAACGCGTGTGGTCGAGATA,0,2445025
mhpRp1,0.14285714285714285,6,6,TAACCCAAGGGAGACAGGGC,0,2477143
mhpRp1,0.14285714285714285,6,6,TAACACCCTCAAGACTATGG,0,2458117
mhpRp1,0.14285714285714285,6,6,TAAAGGTAGGTATGGGTGGC,0,2465781
mhpRp1,0.14285714285714285,6,6,TAAACCTCGGTGAATCTAAC,0,2458731
mhpRp1,0.14285714285714285,6,6,TAAACACTTCTTGTAGGACA,0,2443521
mhpRp1,0.14285714285714285,6,6,TAAACAAGCGGCAATCCTAA,0,2431869
mhpRp1,0.14285714285714285,6,6,GTTTTCGAAGCGGATGTTCA,0,2433765
mhpRp1,0.14285714285714285,6,6,GTTGTTTAATATGGTTTCAT,0,2444553
mhpRp1,0.14285714285714285,6,6,GTTGTGCCCAATGTAACGGT,0,2424058
mhpRp1,0.14285714285714285,6,6,GTTGATCTGGTGAAGGCAGG,0,2476403
mhpRp1,0.14285714285714285,6,6,GTTGACTCTCATCTTTTAGT,0,2441977
mhpRp1,0.14285714285714285,6,6,GTTCTTTGCCTACGCTGAAT,0,2439695
mhpRp1,0.14285714285714285,6,6,GTTCGTCGTTGGTGTTCTTA,0,2434813
mhpRp1,0.14285714285714285,6,6,GTTCCTGTGCAGAATATCGC,0,2459230
mhpRp1,0.14285714285714285,6,6,GTTATCGTATCTTTAACCCT,0,2442345
mhpRp1,0.14285714285714285,6,6,GTTACTTGTAATAATTGGCA,0,2465681
mhpRp1,0.14285714285714285,6,6,GTTAAGTTTCATCTTGTCAG,0,2428842
mhpRp1,0.14285714285714285,6,6,GTGTCCTAAACAAATGCTGA,0,2465425
mhpRp1,0.14285714285714285,6,6,GTGTAATCTATAGCGATGTG,0,2479165
mhpRp1,0.14285714285714285,6,6,GTGTAAGACCATCCGACCGA,0,2476257
mhpRp1,0.14285714285714285,6,6,GTGGGCCCATGGCAACACTT,0,2452742
mhpRp1,0.14285714285714285,6,6,GTGGCCATCAACAGGGTTCG,0,2439383
mhpRp1,0.14285714285714285,6,6,GTGGCAAATAGGAGGGGACA,0,2442032
mhpRp1,0.14285714285714285,6,6,GTGGATAGGAGCGGATTCAA,0,2461555
mhpRp1,0.14285714285714285,6,6,GTGGAGAATTCTCTGATTTT,0,2456439
mhpRp1,0.14285714285714285,6,6,GTGCTTACTGGGTCCTGAGA,0,2444867
mhpRp1,0.14285714285714285,6,6,GTGCTCAGCCCGGACATACT,0,2424415
mhpRp1,0.14285714285714285,6,6,GTGCGCTTCCCTCGGACCAG,0,2479525
mhpRp1,0.14285714285714285,6,6,GTGCATCGATAGGGGAAGAA,0,2467237
mhpRp1,0.14285714285714285,6,6,GTGCAGTCACCGACGGGAGC,0,2473442
mhpRp1,0.14285714285714285,6,6,GTGATGCCAGACGTGTTTAT,0,2453743
mhpRp1,0.14285714285714285,6,6,GTGAGTGGCGCACAGTCCAA,0,2426040
mhpRp1,0.14285714285714285,6,6,GTGAGGGCGCGGTGGTATAA,0,2437981
mhpRp1,0.14285714285714285,6,6,GTGAGCCCCTATTTACTCTT,0,2469498
mhpRp1,0.14285714285714285,6,6,GTGACCCGGCAGAGGGAACA,0,2469974
mhpRp1,0.14285714285714285,6,6,GTCTGAACTTCACGGCCCGC,0,2426279
mhpRp1,0.14285714285714285,6,6,GTCGGGGTTGTCGTCCCTTC,0,2433481
mhpRp1,0.14285714285714285,6,6,GTCGGCTGCCGGCGGTGGGA,0,2460545
mhpRp1,0.14285714285714285,6,6,GTCGAATATACGTCTCCGAT,0,2444396
mhpRp1,0.14285714285714285,6,6,GTCCGTACCGACGATTGAAA,0,2439310
mhpRp1,0.14285714285714285,6,6,GTCCGGGCCGGGTAGACCTG,0,2466383
mhpRp1,0.14285714285714285,6,6,GTCCACGAGATAAAGAGTTC,0,2445892
mhpRp1,0.14285714285714285,6,6,GTCAGGGTGAAGAGGTGGGA,0,2454489
mhpRp1,0.14285714285714285,6,6,GTCAGAAATCCATGGTTTCG,0,2465980
mhpRp1,0.14285714285714285,6,6,GTATTTAGCGAACTACAACC,0,2459556
mhpRp1,0.14285714285714285,6,6,GTATGGCTAACTCAAAGGGC,0,2425893
mhpRp1,0.14285714285714285,6,6,GTATCGCACTCTTATCTAGG,0,2433145
mhpRp1,0.14285714285714285,6,6,GTATCCGTGCTAGCACACCG,0,2469422
mhpRp1,0.14285714285714285,6,6,GTATAGCAGCCTGAATCGGA,0,2455703
mhpRp1,0.14285714285714285,6,6,GTAGTTCAACAACGTCTACT,0,2440866
mhpRp1,0.14285714285714285,6,6,GTAGTGGATCTGGGGAGAAA,0,2431655
mhpRp1,0.14285714285714285,6,6,GTAGGCCCGTAGGATCGCGC,0,2463785
mhpRp1,0.14285714285714285,6,6,GTAGCGTGTTCTGAATGTCC,0,2433066
mhpRp1,0.14285714285714285,6,6,GTACTGAAGGAGGCGTGAGA,0,2466218
mhpRp1,0.14285714285714285,6,6,GTACCGCGGGGAACCTTTTG,0,2435854
mhpRp1,0.14285714285714285,6,6,GTAAACTACTGTTGATTCTT,0,2434732
mhpRp1,0.14285714285714285,6,6,GGTTTTGGCCACGTTAAAAT,0,2449233
mhpRp1,0.14285714285714285,6,6,GGTTGAGCGGGTGATACCCC,0,2474055
mhpRp1,0.14285714285714285,6,6,GGTTATGATAGCCCCGTTCT,0,2428797
mhpRp1,0.14285714285714285,6,6,GGTTAACTTCTCCACACTGA,0,2468804
mhpRp1,0.14285714285714285,6,6,GGTCTCGACTGAGGTCCGAC,0,2459359
mhpRp1,0.14285714285714285,6,6,GGTCTCATTATTCTGGCGCG,0,2455236
mhpRp1,0.14285714285714285,6,6,GGTCGCAGACTTCTCGGCGT,0,2470332
mhpRp1,0.14285714285714285,6,6,GGTCAACGGGCCGGATGCGG,0,2430402
mhpRp1,0.14285714285714285,6,6,GGTATATGAGGACCTATGAC,0,2463250
mhpRp1,0.14285714285714285,6,6,GGTACTGCACGGTATGGTGA,0,2470996
mhpRp1,0.14285714285714285,6,6,GGGTCCCTAGATGGCATTGG,0,2439424
mhpRp1,0.14285714285714285,6,6,GGGTAGAATAGTAGCTAATC,0,2427706
mhpRp1,0.14285714285714285,6,6,GGGTACGGCGGAGACTTCAC,0,2453673
mhpRp1,0.14285714285714285,6,6,GGGCTTACTGCGTTTCGTAA,0,2443638
mhpRp1,0.14285714285714285,6,6,GGGCACCGGGATTACAATAC,0,2433458
mhpRp1,0.14285714285714285,6,6,GGGCACACTCATACTCGACT,0,2430961
mhpRp1,0.14285714285714285,6,6,GGGACATGTTTCAGACGGCA,0,2431220
mhpRp1,0.14285714285714285,6,6,GGGACACGGAGACAGACTTG,0,2459999
mhpRp1,0.14285714285714285,6,6,GGCTTAATTAGTATAGGGAA,0,2470609
mhpRp1,0.14285714285714285,6,6,GGCTCTGCACACCCCGGCCT,0,2442861
mhpRp1,0.14285714285714285,6,6,GGCTACAGCTGATTAGGCGG,0,2426024
mhpRp1,0.14285714285714285,6,6,GGCGTGGACCGTTTCTACAT,0,2443731
mhpRp1,0.14285714285714285,6,6,GGCGCTCTGTAAATAGCAGA,0,2453917
mhpRp1,0.14285714285714285,6,6,GGCGAGGAATGCCTTAGTTG,0,2475419
mhpRp1,0.14285714285714285,6,6,GGCCTCTTGGAGTTAGCGGT,0,2435600
mhpRp1,0.14285714285714285,6,6,GGCCGGTTAGGTTGGACCAT,0,2443578
mhpRp1,0.14285714285714285,6,6,GGCCCTTACCGTGTTCGCTG,0,2449289
mhpRp1,0.14285714285714285,6,6,GGCCCACAGGGTACCGAAGG,0,2453566
mhpRp1,0.14285714285714285,6,6,GGCAATGCCCAACGGTTCCC,0,2462236
mhpRp1,0.14285714285714285,6,6,GGATCTTTTGTGTATCCCGG,0,2478893
mhpRp1,0.14285714285714285,6,6,GGAGTTTCGCAATTAAACTT,0,2435358
mhpRp1,0.14285714285714285,6,6,GGAGTAGATAAGGAATCATC,0,2474429
mhpRp1,0.14285714285714285,6,6,GGAGGGTGCACATGCCTACA,0,2436665
mhpRp1,0.14285714285714285,6,6,GGAGGATTTCGGCAGTCCAA,0,2455756
mhpRp1,0.14285714285714285,6,6,GGAGCCTCTCGCATGCACTG,0,2441409
mhpRp1,0.14285714285714285,6,6,GGAGCCAGAGTCATACAAAT,0,2440351
mhpRp1,0.14285714285714285,6,6,GGAGACCGCTTTCCGTTTAT,0,2429936
mhpRp1,0.14285714285714285,6,6,GGACGTCTGTTAGTTTGTCT,0,2430198
mhpRp1,0.14285714285714285,6,6,GGACCCGGCACACACCGGAT,0,2437922
mhpRp1,0.14285714285714285,6,6,GGACATTTTGATGCTCCTAG,0,2456268
mhpRp1,0.14285714285714285,6,6,GGACAGAATGTCAGCTAGGC,0,2445614
mhpRp1,0.14285714285714285,6,6,GGAATTCCACGCGTTACGTG,0,2466853
mhpRp1,0.14285714285714285,6,6,GGAATACCCGATTGTGGCGC,0,2475546
mhpRp1,0.14285714285714285,6,6,GGAACCTTTAACTCTGATGA,0,2433444
mhpRp1,0.14285714285714285,6,6,GGAACCAGGATTTACTTATT,0,2439488
mhpRp1,0.14285714285714285,6,6,GGAACAGCGGTCTTTTTTCT,0,2455336
mhpRp1,0.14285714285714285,6,6,GCTTATCTACAGCCGGGGGT,0,2427343
mhpRp1,0.14285714285714285,6,6,GCTTAGCCTACGTGAAAGCC,0,2454042
mhpRp1,0.14285714285714285,6,6,GCTGTTTTTCACTGGAAGCG,0,2437162
mhpRp1,0.14285714285714285,6,6,GCTGACGCATTCAAACTTCA,0,2452629
mhpRp1,0.14285714285714285,6,6,GCTGACCCACCCCTTAAGCC,0,2430059
mhpRp1,0.14285714285714285,6,6,GCTAGTATAATTGACCATGT,0,2466657
mhpRp1,0.14285714285714285,6,6,GCTACAGCAGAGTTAATCGG,0,2454870
mhpRp1,0.14285714285714285,6,6,GCGTGTCAAATGGTTCGGTC,0,2472646
mhpRp1,0.14285714285714285,6,6,GCGTATCTGTACAACTTACT,0,2439661
mhpRp1,0.14285714285714285,6,6,GCGTACCTTGCCTACGGTTA,0,2467111
mhpRp1,0.14285714285714285,6,6,GCGGCCGGTAGATGTGAGCA,0,2442115
mhpRp1,0.14285714285714285,6,6,GCGGAGGAGTTGATTACGGT,0,2457838
mhpRp1,0.14285714285714285,6,6,GCGCTGGCCATTACGTTAGA,0,2456483
mhpRp1,0.14285714285714285,6,6,GCGCGTAATGGTACTGTCCA,0,2464238
mhpRp1,0.14285714285714285,6,6,GCGATATATTTAAATAATGC,0,2443783
mhpRp1,0.14285714285714285,6,6,GCGATATATATGACGCGGCA,0,2461303
mhpRp1,0.14285714285714285,6,6,GCGAGCAGTTCTTAGAGCTA,0,2469903
mhpRp1,0.14285714285714285,6,6,GCGAATAGCTATCTCATCAG,0,2430872
mhpRp1,0.14285714285714285,6,6,GCGAACAGGTTGCACACCCC,0,2429684
mhpRp1,0.14285714285714285,6,6,GCGAAAGAAGACCACCGTTA,0,2431001
mhpRp1,0.14285714285714285,6,6,GCCTTTATATGGGACCCATG,0,2466145
mhpRp1,0.14285714285714285,6,6,GCCTTCAACGATATACCTTG,0,2439867
mhpRp1,0.14285714285714285,6,6,GCCTATTTACTGGGGCTCAT,0,2424053
mhpRp1,0.14285714285714285,6,6,GCCTAAGCGGAGTGCGAGGT,0,2438737
mhpRp1,0.14285714285714285,6,6,GCCGGGAGTACGAAACGGTA,0,2429803
mhpRp1,0.14285714285714285,6,6,GCCGCTGCGTAGCTCTCAAC,0,2471580
mhpRp1,0.14285714285714285,6,6,GCCGACATACACGCTGGAGA,0,2478602
mhpRp1,0.14285714285714285,6,6,GCCGACAACTTTGCCAAGAG,0,2473970
mhpRp1,0.14285714285714285,6,6,GCCGAACACTGAAGATTAGC,0,2436846
mhpRp1,0.14285714285714285,6,6,GCCCTGGTTAAAGTCTGATA,0,2452441
mhpRp1,0.14285714285714285,6,6,GCCCGGGAGCTGCTCTATGA,0,2427470
mhpRp1,0.14285714285714285,6,6,GCCCGGATTTTGTTGCTCTC,0,2449223
mhpRp1,0.14285714285714285,6,6,GCCCAGGGTCCAAGCTGTTG,0,2466144
mhpRp1,0.14285714285714285,6,6,GCCAGAAGGATCGGCGCCCA,0,2457501
mhpRp1,0.14285714285714285,6,6,GCATTCGCTGGGTAACGAGA,0,2477965
mhpRp1,0.14285714285714285,6,6,GCATGTTTCAGAATTTGATT,0,2462964
mhpRp1,0.14285714285714285,6,6,GCAGGAATCCTGTGTATCCA,0,2448801
mhpRp1,0.14285714285714285,6,6,GCAGATTAACATTCAGATTA,0,2463656
mhpRp1,0.14285714285714285,6,6,GCACGTATGAGAACATGTTA,0,2426463
mhpRp1,0.14285714285714285,6,6,GCACCAAGGTGATTAGCCTC,0,2438622
mhpRp1,0.14285714285714285,6,6,GCACAAAAACTCCATCGAGT,0,2445861
mhpRp1,0.14285714285714285,6,6,GCAATTCCACGGATAATGTC,0,2438644
mhpRp1,0.14285714285714285,6,6,GCAAGGCAGCACAATCTGTT,0,2473943
mhpRp1,0.14285714285714285,6,6,GCAACGTGTTTCTTGCGGAG,0,2441162
mhpRp1,0.14285714285714285,6,6,GATTTATTCTAAACGCCTAA,0,2437143
mhpRp1,0.14285714285714285,6,6,GATTCGCGCAAGCTCCATGA,0,2444955
mhpRp1,0.14285714285714285,6,6,GATGTACACAACTTACTAAG,0,2460997
mhpRp1,0.14285714285714285,6,6,GATGGCCTGGCCTTGTATGT,0,2475666
mhpRp1,0.14285714285714285,6,6,GATGACTGTTGTTACAGAGG,0,2446774
mhpRp1,0.14285714285714285,6,6,GATATTAGTGGAATGTAAAA,0,2472357
mhpRp1,0.14285714285714285,6,6,GATATATGCGGTGCAGTTGT,0,2452465
mhpRp1,0.14285714285714285,6,6,GATAAGCAAAATACTGGGCA,0,2426392
mhpRp1,0.14285714285714285,6,6,GAGTGAGCTTTCCGGCGAGG,0,2426905
mhpRp1,0.14285714285714285,6,6,GAGTAGCTTCGCGTGAAAGA,0,2450745
mhpRp1,0.14285714285714285,6,6,GAGGTGATCTACGCACTTAT,0,2460806
mhpRp1,0.14285714285714285,6,6,GAGGAATGCTGAGTCGCTCA,0,2433457
mhpRp1,0.14285714285714285,6,6,GAGCCTTCATAAACATCGTT,0,2427072
mhpRp1,0.14285714285714285,6,6,GAGAGGTGAGTCTTGCCGGC,0,2442028
mhpRp1,0.14285714285714285,6,6,GAGAGAAATGCAACGATCCA,0,2442148
mhpRp1,0.14285714285714285,6,6,GAGACTGCGAATCTACAGGT,0,2469168
mhpRp1,0.14285714285714285,6,6,GAGAATGCAAGTATGAGAAT,0,2463317
mhpRp1,0.14285714285714285,6,6,GAGAAGTCGTCCTGGATGTC,0,2462722
mhpRp1,0.14285714285714285,6,6,GACTGACGCTGAAACCTATG,0,2442019
mhpRp1,0.14285714285714285,6,6,GACTACTATGGACGTAGCAG,0,2424549
mhpRp1,0.14285714285714285,6,6,GACTAATCCGCCTTGACGCT,0,2478989
mhpRp1,0.14285714285714285,6,6,GACTAAAGGACGGCGCATGT,0,2460856
mhpRp1,0.14285714285714285,6,6,GACGTACTGTGGGAGGCGAT,0,2424280
mhpRp1,0.14285714285714285,6,6,GACGAAGCACTGGTTGCTAT,0,2461924
mhpRp1,0.14285714285714285,6,6,GACCTAGGGCCAGTCCGTGA,0,2457206
mhpRp1,0.14285714285714285,6,6,GACCCAGGCTGTGTATACCA,0,2455734
mhpRp1,0.14285714285714285,6,6,GACATGTCTGGTACATTTTC,0,2468144
mhpRp1,0.14285714285714285,6,6,GACAATCGTAGTGCAGAGGC,0,2455150
mhpRp1,0.14285714285714285,6,6,GAATTCTCGAAGGTGCACAT,0,2448606
mhpRp1,0.14285714285714285,6,6,GAATCATGTATGCGATTAGA,0,2460584
mhpRp1,0.14285714285714285,6,6,GAATATCGTAGTTGGGGCCA,0,2476563
mhpRp1,0.14285714285714285,6,6,GAATAGACACTACGTGCTTT,0,2450368
mhpRp1,0.14285714285714285,6,6,GAAGGCCAACTGCTATGTAG,0,2431771
mhpRp1,0.14285714285714285,6,6,GAAGGACTGCGACTCCTAGG,0,2425686
mhpRp1,0.14285714285714285,6,6,GAAGCCATCGACAAGTAACA,0,2424651
mhpRp1,0.14285714285714285,6,6,GAAGCAGGACGGAGTTCGCT,0,2462318
mhpRp1,0.14285714285714285,6,6,GAAAGCGAGCGCAGTCACTT,0,2442536
mhpRp1,0.14285714285714285,6,6,GAAACGATCCGCTTAGAGGA,0,2461795
mhpRp1,0.14285714285714285,6,6,CTTTTTACTTGTGGGGGCTT,0,2450532
mhpRp1,0.14285714285714285,6,6,CTTTTAATGAGTTCAAGGAC,0,2438650
mhpRp1,0.14285714285714285,6,6,CTTTGTATGAGGCACACGAA,0,2426308
mhpRp1,0.14285714285714285,6,6,CTTGTTGTATAATGGTACTT,0,2425798
mhpRp1,0.14285714285714285,6,6,CTTGGATGGGGAACTCCTAC,0,2479434
mhpRp1,0.14285714285714285,6,6,CTTGGAAACCACACTGTGTT,0,2440062
mhpRp1,0.14285714285714285,6,6,CTTGCAGGGGGAGCGTGACC,0,2455949
mhpRp1,0.14285714285714285,6,6,CTTGACCGCCCCCGAGTCTT,0,2463503
mhpRp1,0.14285714285714285,6,6,CTTAAGCGGAAGACTGAAGG,0,2476297
mhpRp1,0.14285714285714285,6,6,CTTAACTTTGTAGAGATCTG,0,2434018
mhpRp1,0.14285714285714285,6,6,CTTAACAGGCATGCTCCACA,0,2467493
mhpRp1,0.14285714285714285,6,6,CTGGTTCACAATAACAAATA,0,2461699
mhpRp1,0.14285714285714285,6,6,CTGGTGTCCATATTCCCGCA,0,2471168
mhpRp1,0.14285714285714285,6,6,CTGGTGCGCCGATTAACGGA,0,2459726
mhpRp1,0.14285714285714285,6,6,CTGGGTGTACATCAGAACTA,0,2443735
mhpRp1,0.14285714285714285,6,6,CTGGGGAGATTTTTCCCAAT,0,2437787
mhpRp1,0.14285714285714285,6,6,CTGGGATGGTAGCTGTGACG,0,2440419
mhpRp1,0.14285714285714285,6,6,CTGGAGATGGAAGACGGCGC,0,2458194
mhpRp1,0.14285714285714285,6,6,CTGAGAAAACGTTTTTGCTA,0,2424818
mhpRp1,0.14285714285714285,6,6,CTGACAGCGCAAGGTCCTAG,0,2459174
mhpRp1,0.14285714285714285,6,6,CTCTTGGCTTCCGCAATGCG,0,2464561
mhpRp1,0.14285714285714285,6,6,CTCTGCTGGACAGATCCGGA,0,2459461
mhpRp1,0.14285714285714285,6,6,CTCTCTTGGCAATGTGCTTG,0,2447233
mhpRp1,0.14285714285714285,6,6,CTCGTCGAATGAGCACTCAT,0,2440510
mhpRp1,0.14285714285714285,6,6,CTCGGCCTACCTCGCTACAT,0,2468008
mhpRp1,0.14285714285714285,6,6,CTCGGAACTCACGTCCTGGT,0,2438641
mhpRp1,0.14285714285714285,6,6,CTCGCACCAAGGGGGCGTGC,0,2431058
mhpRp1,0.14285714285714285,6,6,CTCCCCGTAGTATGGTTCCA,0,2431152
mhpRp1,0.14285714285714285,6,6,CTCCACTATAGGGGAAATTT,0,2430138
mhpRp1,0.14285714285714285,6,6,CTCAGTCCAAGTGATGAAGG,0,2436277
mhpRp1,0.14285714285714285,6,6,CTCACAACCCAGTAGAACGA,0,2430524
mhpRp1,0.14285714285714285,6,6,CTATGCGTCGTTCACTTTGG,0,2433554
mhpRp1,0.14285714285714285,6,6,CTATATGCTTGCTGGGTAGG,0,2460987
mhpRp1,0.14285714285714285,6,6,CTAGCTCGCTTGTGGAGAGG,0,2458698
mhpRp1,0.14285714285714285,6,6,CTAGATGAAATCAATGCCCA,0,2479412
mhpRp1,0.14285714285714285,6,6,CTAGATCGTGAGCACGGCCT,0,2424576
mhpRp1,0.14285714285714285,6,6,CTAGATATTCTATTCTTCTA,0,2436361
mhpRp1,0.14285714285714285,6,6,CTAGACTTCAGCAGGCGGTT,0,2463195
mhpRp1,0.14285714285714285,6,6,CTACTCACTTCGAGTGCTTG,0,2438065
mhpRp1,0.14285714285714285,6,6,CTACTAGCTCCGTCCAGGAT,0,2442563
mhpRp1,0.14285714285714285,6,6,CTACGACGGCTGCGGCGGAT,0,2453873
mhpRp1,0.14285714285714285,6,6,CTACAAGCCGGGCGGAGGAC,0,2447477
mhpRp1,0.14285714285714285,6,6,CTAACTAGCCTGCGACTGTA,0,2452470
mhpRp1,0.14285714285714285,6,6,CTAACGCTAAGGGACGCCGC,0,2462380
mhpRp1,0.14285714285714285,6,6,CTAACAGGAGCACATGCAGT,0,2469126
mhpRp1,0.14285714285714285,6,6,CGTTTAGCGCCATGACGTAT,0,2451570
mhpRp1,0.14285714285714285,6,6,CGTTTAACGAAGCCTCTGGC,0,2440396
mhpRp1,0.14285714285714285,6,6,CGTTGTCCGGATGCATGTAA,0,2425064
mhpRp1,0.14285714285714285,6,6,CGTTGTATTCAGTAGGCTGC,0,2425234
mhpRp1,0.14285714285714285,6,6,CGTTGTACCGCGAACAATCG,0,2429962
mhpRp1,0.14285714285714285,6,6,CGTTAGCCCGCCCAGCAATC,0,2451327
mhpRp1,0.14285714285714285,6,6,CGTGTTAGTGCTCCAAGAGA,0,2456451
mhpRp1,0.14285714285714285,6,6,CGTGGGCACGTCAATATCTG,0,2462045
mhpRp1,0.14285714285714285,6,6,CGTGCCTCACCTTTCCTGAG,0,2476736
mhpRp1,0.14285714285714285,6,6,CGTGCCTAATGTGCCAAGTT,0,2456046
mhpRp1,0.14285714285714285,6,6,CGTGACTTCGTCCATGGATT,0,2477950
mhpRp1,0.14285714285714285,6,6,CGTGAACGAACCCGGCCTAC,0,2470700
mhpRp1,0.14285714285714285,6,6,CGTGAAACAGTCGAAGCCTA,0,2460906
mhpRp1,0.14285714285714285,6,6,CGTCGTGTACCCTTAATACA,0,2467294
mhpRp1,0.14285714285714285,6,6,CGTCGTAGTATCTCACAAAA,0,2444637
mhpRp1,0.14285714285714285,6,6,CGTCCGAGAGTACCTCTAGG,0,2433304
mhpRp1,0.14285714285714285,6,6,CGTAGTTCCAATTTCCCGTA,0,2424632
mhpRp1,0.14285714285714285,6,6,CGTAGTAGCTCCGGTATCAA,0,2461276
mhpRp1,0.14285714285714285,6,6,CGTACTAACTCTGGACATCT,0,2427256
mhpRp1,0.14285714285714285,6,6,CGGTTCGGTACAACCAATGA,0,2444647
mhpRp1,0.14285714285714285,6,6,CGGTTAAGTTAGCTTGTGAA,0,2458342
mhpRp1,0.14285714285714285,6,6,CGGTGGGCTAGGAAATATTA,0,2461190
mhpRp1,0.14285714285714285,6,6,CGGTCCGTAGAACTAAGGGA,0,2437905
mhpRp1,0.14285714285714285,6,6,CGGGTTAGAAAAGTCCCCCC,0,2472166
mhpRp1,0.14285714285714285,6,6,CGGGTGACAACGGAGCATAA,0,2441041
mhpRp1,0.14285714285714285,6,6,CGGGGGTGTATAAGTGGTTA,0,2445957
mhpRp1,0.14285714285714285,6,6,CGGGGGTACGTAGCAGCCCA,0,2442137
mhpRp1,0.14285714285714285,6,6,CGGGGGCCTGCGTTGCTACC,0,2465754
mhpRp1,0.14285714285714285,6,6,CGGGCTACACAAGAATCAGC,0,2442944
mhpRp1,0.14285714285714285,6,6,CGGCGTATAGCGAGGGCTTC,0,2428007
mhpRp1,0.14285714285714285,6,6,CGGCGTAGGGATGTTACAGC,0,2452522
mhpRp1,0.14285714285714285,6,6,CGGAAAGTAGCGTTGACTAG,0,2435056
mhpRp1,0.14285714285714285,6,6,CGCTGCGTTCTGGTTTTAAG,0,2439659
mhpRp1,0.14285714285714285,6,6,CGCTAGGCGATGTACCGGCT,0,2463137
mhpRp1,0.14285714285714285,6,6,CGCCTTCGATTCCGGTCCGA,0,2424470
mhpRp1,0.14285714285714285,6,6,CGCCGGCCCATTCTCCCTGT,0,2424596
mhpRp1,0.14285714285714285,6,6,CGCCAACACAGTCACCGGTC,0,2429710
mhpRp1,0.14285714285714285,6,6,CGCATTCAATCGCGCTTCAT,0,2472696
mhpRp1,0.14285714285714285,6,6,CGCACTTGGGACGGTACCGG,0,2475678
mhpRp1,0.14285714285714285,6,6,CGCAATATGCTGTGGGAACT,0,2444720
mhpRp1,0.14285714285714285,6,6,CGCAACGGGGCGATTCTAGG,0,2447903
mhpRp1,0.14285714285714285,6,6,CGATTGGGAGACTTCTACGG,0,2471449
mhpRp1,0.14285714285714285,6,6,CGATTCTGCAATAGAGGTCC,0,2440894
mhpRp1,0.14285714285714285,6,6,CGATACAAAGGCCAGCGCGA,0,2449978
mhpRp1,0.14285714285714285,6,6,CGAGGTGATAGTATGCTTAC,0,2424646
mhpRp1,0.14285714285714285,6,6,CGAGCTAGTACTCCTGTTGA,0,2451722
mhpRp1,0.14285714285714285,6,6,CGAGCGCGGCCTTAGGCGGG,0,2472265
mhpRp1,0.14285714285714285,6,6,CGACCGACACCCTTCTCAGA,0,2428731
mhpRp1,0.14285714285714285,6,6,CGACATGCATCATCCCGACT,0,2472255
mhpRp1,0.14285714285714285,6,6,CGACACATGTGCAAGGGGAC,0,2437127
mhpRp1,0.14285714285714285,6,6,CGAATCGCTCGTCGGTATAT,0,2438053
mhpRp1,0.14285714285714285,6,6,CGAACTCAGCTCCCACCACT,0,2434012
mhpRp1,0.14285714285714285,6,6,CGAAAGGGCTCACATGAAGC,0,2468417
mhpRp1,0.14285714285714285,6,6,CGAAAATGAGCTGAAAGGAC,0,2444608
mhpRp1,0.14285714285714285,6,6,CCTTTTGGTGCGGAGGAAAT,0,2477441
mhpRp1,0.14285714285714285,6,6,CCTTTGTGTTACAGGGATAC,0,2467575
mhpRp1,0.14285714285714285,6,6,CCTTTGAATTTCTGCTCGTC,0,2469338
mhpRp1,0.14285714285714285,6,6,CCTTGCTCTCATTTCGTGAG,0,2433068
mhpRp1,0.14285714285714285,6,6,CCTGGTTCTCGCGTTTATTG,0,2462158
mhpRp1,0.14285714285714285,6,6,CCTGCTGTAAAACATGTCCC,0,2452954
mhpRp1,0.14285714285714285,6,6,CCTGCTGGCAAGCCATTATT,0,2439121
mhpRp1,0.14285714285714285,6,6,CCTGCGTCGCGAGGGTATCG,0,2451626
mhpRp1,0.14285714285714285,6,6,CCTCTTTGGATTGAATGGCC,0,2439123
mhpRp1,0.14285714285714285,6,6,CCTCCGTTCTGGGGATATAG,0,2469020
mhpRp1,0.14285714285714285,6,6,CCTCATGGTCAGAGTAGGCT,0,2443502
mhpRp1,0.14285714285714285,6,6,CCTCACAAGGGTGTTGCCAA,0,2444651
mhpRp1,0.14285714285714285,6,6,CCTATTTTGTGAAGATCCAA,0,2468638
mhpRp1,0.14285714285714285,6,6,CCTATGCTTGTGGCCAGGAA,0,2430880
mhpRp1,0.14285714285714285,6,6,CCTACCTCTAGGGGTTAGGG,0,2431870
mhpRp1,0.14285714285714285,6,6,CCGTGAGGCACCACGGTACC,0,2439604
mhpRp1,0.14285714285714285,6,6,CCGTCGTGATAGAGTGGGTA,0,2456088
mhpRp1,0.14285714285714285,6,6,CCGTCCGTAAATGGATAGCT,0,2440005
mhpRp1,0.14285714285714285,6,6,CCGGGCGGTACTCAAGTTTA,0,2459026
mhpRp1,0.14285714285714285,6,6,CCGGCGTTACATGAGTCCAA,0,2443012
mhpRp1,0.14285714285714285,6,6,CCGGCCGTAAGGCCTGGGAC,0,2447687
mhpRp1,0.14285714285714285,6,6,CCGGACCCCCAGTTAATCGT,0,2436387
mhpRp1,0.14285714285714285,6,6,CCGCCAGCAATGCGGCTGTA,0,2432665
mhpRp1,0.14285714285714285,6,6,CCGCAAGGTATATTCACACC,0,2453823
mhpRp1,0.14285714285714285,6,6,CCGATCACGGTTGGAGGCCA,0,2464511
mhpRp1,0.14285714285714285,6,6,CCGACACAGAATGCGTGAGA,0,2448887
mhpRp1,0.14285714285714285,6,6,CCCTCCGTCCGTTGACCGAG,0,2433238
mhpRp1,0.14285714285714285,6,6,CCCTCAGTTGGTAATTTCGA,0,2443974
mhpRp1,0.14285714285714285,6,6,CCCTCAGCAAAGTCTGTATC,0,2473717
mhpRp1,0.14285714285714285,6,6,CCCTATTGACGCCATAGACA,0,2464187
mhpRp1,0.14285714285714285,6,6,CCCGTGGAGCACATTTGTCC,0,2476179
mhpRp1,0.14285714285714285,6,6,CCCGCAATCCGATCATGATG,0,2463630
mhpRp1,0.14285714285714285,6,6,CCCCTCAGGCGCCGCGCTCG,0,2451558
mhpRp1,0.14285714285714285,6,6,CCCCAGCGTCGTTAACTTCG,0,2445759
mhpRp1,0.14285714285714285,6,6,CCCCACTGGCAATTACATCT,0,2433447
mhpRp1,0.14285714285714285,6,6,CCCAGCTCCGAGGGCTGAAC,0,2427314
mhpRp1,0.14285714285714285,6,6,CCCACGCCACAGATCACTGG,0,2445448
mhpRp1,0.14285714285714285,6,6,CCCACATCTGACACCCTATG,0,2457512
mhpRp1,0.14285714285714285,6,6,CCCACAGCGTCCACAATCGA,0,2432901
mhpRp1,0.14285714285714285,6,6,CCATCTAGGGTCTCCGACAT,0,2477844
mhpRp1,0.14285714285714285,6,6,CCATATTCATGCTAGCAACA,0,2467642
mhpRp1,0.14285714285714285,6,6,CCACGTACTGTTACAAACTA,0,2462852
mhpRp1,0.14285714285714285,6,6,CCAATAGAACAGGGGTCAAT,0,2460975
mhpRp1,0.14285714285714285,6,6,CCAACGTGCACCCTGAACTG,0,2464963
mhpRp1,0.14285714285714285,6,6,CCAACCTGCCAGGCCGAACG,0,2427791
mhpRp1,0.14285714285714285,6,6,CATGATAAAGCACTCTGTGG,0,2465627
mhpRp1,0.14285714285714285,6,6,CATCTCGTTTCGATCAACAT,0,2427441
mhpRp1,0.14285714285714285,6,6,CATCGCTCTTTGAATGCCTA,0,2445784
mhpRp1,0.14285714285714285,6,6,CATATTTTGTAATAACTGTA,0,2431725
mhpRp1,0.14285714285714285,6,6,CATATTGTCCCCACGGGTAG,0,2470959
mhpRp1,0.14285714285714285,6,6,CATAGGCATGTTCAAGGGCG,0,2449232
mhpRp1,0.14285714285714285,6,6,CATAACGTCACCATGATAAT,0,2473281
mhpRp1,0.14285714285714285,6,6,CAGTCTATTCGTCCGTAAAA,0,2433349
mhpRp1,0.14285714285714285,6,6,CAGGTCCACGTTAGCCACAT,0,2468784
mhpRp1,0.14285714285714285,6,6,CAGGCATGAACGCTCAGAAT,0,2432593
mhpRp1,0.14285714285714285,6,6,CAGCATATTTACAATCTGTT,0,2446520
mhpRp1,0.14285714285714285,6,6,CAGCACTACCCTGACGCTTG,0,2453078
mhpRp1,0.14285714285714285,6,6,CAGAGTTAATGAGGATTAAT,0,2424181
mhpRp1,0.14285714285714285,6,6,CACGGATGCCAGCCGATCTC,0,2427992
mhpRp1,0.14285714285714285,6,6,CACCTGAAAATTACCCGATC,0,2441089
mhpRp1,0.14285714285714285,6,6,CACCTCCGCGCTCATAAAGG,0,2443547
mhpRp1,0.14285714285714285,6,6,CACCGAAATGAATCTGGGGG,0,2443663
mhpRp1,0.14285714285714285,6,6,CACCCCAGGGAGAATCTTTC,0,2471436
mhpRp1,0.14285714285714285,6,6,CACCAACTATGAAGAAGAGT,0,2431833
mhpRp1,0.14285714285714285,6,6,CACACCTTCACCATTCGACT,0,2424313
mhpRp1,0.14285714285714285,6,6,CACAATCTGCTAGTTTGTTC,0,2427558
mhpRp1,0.14285714285714285,6,6,CAATCGTCTGTCTTTGCTGC,0,2431710
mhpRp1,0.14285714285714285,6,6,CAATCACCCAAGGGGGATTT,0,2436084
mhpRp1,0.14285714285714285,6,6,CAAGTCCGATGTCTTTCAGG,0,2424332
mhpRp1,0.14285714285714285,6,6,CAAGTCCGATCACAAAGCGC,0,2457729
mhpRp1,0.14285714285714285,6,6,CAAGTAACGGTTAGAAAATT,0,2424218
mhpRp1,0.14285714285714285,6,6,CAAGCGGTCGCAGTAGCGAG,0,2470968
mhpRp1,0.14285714285714285,6,6,CAACGTACTTGGCCCAGTCA,0,2456557
mhpRp1,0.14285714285714285,6,6,CAACCATCTTGCATCGGGAT,0,2429891
mhpRp1,0.14285714285714285,6,6,CAACAACTCCGAGGACTGGC,0,2459989
mhpRp1,0.14285714285714285,6,6,CAACAACGCTGTCAAATAGC,0,2432823
mhpRp1,0.14285714285714285,6,6,CAAATCTTCATAGGTGTATT,0,2457822
mhpRp1,0.14285714285714285,6,6,CAAATCTGCCTATTCACGAG,0,2427522
mhpRp1,0.14285714285714285,6,6,CAAAGTGGGGGTGCTCTATT,0,2459924
mhpRp1,0.14285714285714285,6,6,CAAAGTGGCTATAACCAGGC,0,2426798
mhpRp1,0.14285714285714285,6,6,ATTGGTCTCTACAGAATCTC,0,2434044
mhpRp1,0.14285714285714285,6,6,ATTGCGGGGAAAACGTAACA,0,2471131
mhpRp1,0.14285714285714285,6,6,ATTGCCGTCGAACGCACGCC,0,2442021
mhpRp1,0.14285714285714285,6,6,ATTGATCTCAATTTCGGTTT,0,2476733
mhpRp1,0.14285714285714285,6,6,ATTGATCAGCAGCTAACTCT,0,2471648
mhpRp1,0.14285714285714285,6,6,ATTGATAAGGGAATTATCAC,0,2425556
mhpRp1,0.14285714285714285,6,6,ATTGAGCAAAGCGGGGACCC,0,2442245
mhpRp1,0.14285714285714285,6,6,ATTCGCAGTGGGCTGGGGAT,0,2467358
mhpRp1,0.14285714285714285,6,6,ATTCGAATAGACTGTAGTCA,0,2437080
mhpRp1,0.14285714285714285,6,6,ATTCCGGGATTGCCCTATTG,0,2476869
mhpRp1,0.14285714285714285,6,6,ATTCATATCTGCCGTCACCA,0,2448742
mhpRp1,0.14285714285714285,6,6,ATTCAAGAGGGACATGAAAA,0,2449940
mhpRp1,0.14285714285714285,6,6,ATTCAAAAGCTATGGATTAG,0,2428895
mhpRp1,0.14285714285714285,6,6,ATTATGATGCGTATCCGTTC,0,2430502
mhpRp1,0.14285714285714285,6,6,ATTAAGACATCGTGAGACCA,0,2455640
mhpRp1,0.14285714285714285,6,6,ATTAAACGAGCTTCAGCTAT,0,2435893
mhpRp1,0.14285714285714285,6,6,ATGTGTTTACGGCTCAAACC,0,2445954
mhpRp1,0.14285714285714285,6,6,ATGTGTTCGCGCCTTCACTA,0,2443864
mhpRp1,0.14285714285714285,6,6,ATGTGCAGCGGTCTCGGTGT,0,2471084
mhpRp1,0.14285714285714285,6,6,ATGTAGTACCACGTGAGGAA,0,2467765
mhpRp1,0.14285714285714285,6,6,ATGGTTCTGGACGAGTGGAT,0,2451525
mhpRp1,0.14285714285714285,6,6,ATGGTGGATTGCTACCACAG,0,2443834
mhpRp1,0.14285714285714285,6,6,ATGGGATGGTCAGATTGTAA,0,2434911
mhpRp1,0.14285714285714285,6,6,ATGGATGACTGGAAAGGGAA,0,2442078
mhpRp1,0.14285714285714285,6,6,ATGCTCCCGCGGTGTCCTCA,0,2468117
mhpRp1,0.14285714285714285,6,6,ATGCGGCTAGCAACGTTAAC,0,2451396
mhpRp1,0.14285714285714285,6,6,ATGCCTATAGACGCCTGGCT,0,2430295
mhpRp1,0.14285714285714285,6,6,ATGATGGTCTAGTGTCCTGG,0,2453237
mhpRp1,0.14285714285714285,6,6,ATGATGAGGTTTTCGCTCCT,0,2426153
mhpRp1,0.14285714285714285,6,6,ATCTTTGCGTCTTCAACACG,0,2462500
mhpRp1,0.14285714285714285,6,6,ATCTGTCTGGAAGTTGTCAA,0,2461719
mhpRp1,0.14285714285714285,6,6,ATCTCAGGTCTAGAGGGTGC,0,2436918
mhpRp1,0.14285714285714285,6,6,ATCGTTAACTGCATTGGACA,0,2449800
mhpRp1,0.14285714285714285,6,6,ATCGGACTTCTGCCACATTC,0,2430137
mhpRp1,0.14285714285714285,6,6,ATCGCAGGTGATGGACACAT,0,2424020
mhpRp1,0.14285714285714285,6,6,ATCGAGGAAACACGAAAAAT,0,2465715
mhpRp1,0.14285714285714285,6,6,ATCCGTGTTGTACCAAGATC,0,2478059
mhpRp1,0.14285714285714285,6,6,ATCCGTGGGTGGACGGATAA,0,2433823
mhpRp1,0.14285714285714285,6,6,ATCCATATTAGTCGCTGGGT,0,2453163
mhpRp1,0.14285714285714285,6,6,ATCCAAATGAATCGTTCAGT,0,2447910
mhpRp1,0.14285714285714285,6,6,ATCATGAACATCAGCGCATT,0,2477429
mhpRp1,0.14285714285714285,6,6,ATCATCTCTACTCGAAATAA,0,2438862
mhpRp1,0.14285714285714285,6,6,ATCATAGTGTTTCGGGAATG,0,2471285
mhpRp1,0.14285714285714285,6,6,ATCACCAGCCATGCTGGGAT,0,2435706
mhpRp1,0.14285714285714285,6,6,ATCACCACTTCTTTGGCGGT,0,2453220
mhpRp1,0.14285714285714285,6,6,ATATTGGGCTGGAATGTCCT,0,2449137
mhpRp1,0.14285714285714285,6,6,ATAGGGATCGGCACAAGGAC,0,2468652
mhpRp1,0.14285714285714285,6,6,ATAGCTCTGGGCGCTTCAAG,0,2444953
mhpRp1,0.14285714285714285,6,6,ATACTTCTTTCTGGTATGAC,0,2435557
mhpRp1,0.14285714285714285,6,6,ATACCCTAGCATCCCTTAAA,0,2449725
mhpRp1,0.14285714285714285,6,6,ATACATTGGAACGAGTCCTA,0,2440964
mhpRp1,0.14285714285714285,6,6,ATAATATTATATGGCTATTG,0,2454821
mhpRp1,0.14285714285714285,6,6,ATAAGTAACGTATTTAGCAA,0,2424962
mhpRp1,0.14285714285714285,6,6,AGTTTTAAAGATAGTCCACA,0,2432503
mhpRp1,0.14285714285714285,6,6,AGTTTGTTTCGGGGCCGGCT,0,2461432
mhpRp1,0.14285714285714285,6,6,AGTTGAGAACGGTTGCCGGG,0,2448963
mhpRp1,0.14285714285714285,6,6,AGTTCTCCTCCCATCGACAA,0,2428666
mhpRp1,0.14285714285714285,6,6,AGTTCGTGCGACGGAACAAA,0,2438763
mhpRp1,0.14285714285714285,6,6,AGTTCCGGTCAGAAGTCGCT,0,2447310
mhpRp1,0.14285714285714285,6,6,AGTTAATGGCCCCCGCACTT,0,2465969
mhpRp1,0.14285714285714285,6,6,AGTGTCTTTCACAGGCTGGT,0,2444398
mhpRp1,0.14285714285714285,6,6,AGTGACAAAGTTGGCTTTGG,0,2429741
mhpRp1,0.14285714285714285,6,6,AGTCGCCCACAGGGATAACC,0,2459742
mhpRp1,0.14285714285714285,6,6,AGTCACGCCACGCAACTTAG,0,2448088
mhpRp1,0.14285714285714285,6,6,AGTATGCGTACTCGGCTTTG,0,2450805
mhpRp1,0.14285714285714285,6,6,AGTAGCGTACCGTAAAGAAT,0,2439388
mhpRp1,0.14285714285714285,6,6,AGTACCCCACTGCCATGAAC,0,2434395
mhpRp1,0.14285714285714285,6,6,AGTACATGGATACAGCAGTG,0,2443579
mhpRp1,0.14285714285714285,6,6,AGGTATAGCTTTGACTGTGA,0,2474060
mhpRp1,0.14285714285714285,6,6,AGGTATAAGAGACGATGGCA,0,2437789
mhpRp1,0.14285714285714285,6,6,AGGTAGAGCATATTATTGGA,0,2446785
mhpRp1,0.14285714285714285,6,6,AGGGGTAACGCAAGGCGGGC,0,2455989
mhpRp1,0.14285714285714285,6,6,AGGGGCGGGCTGGGTAGGTT,0,2462160
mhpRp1,0.14285714285714285,6,6,AGGGGAAGCCGAGGGTTAAA,0,2452331
mhpRp1,0.14285714285714285,6,6,AGGGCCGGTCCCTAACCGAT,0,2431175
mhpRp1,0.14285714285714285,6,6,AGGGCAACCGATAAAATGTG,0,2425908
mhpRp1,0.14285714285714285,6,6,AGGGACCGCGACTAACCGCC,0,2428261
mhpRp1,0.14285714285714285,6,6,AGGCGAACTCTCTCCTTTTT,0,2464550
mhpRp1,0.14285714285714285,6,6,AGGATTAACCGGATAAGAAA,0,2466890
mhpRp1,0.14285714285714285,6,6,AGGATCGGATAGCGGCGGAA,0,2433265
mhpRp1,0.14285714285714285,6,6,AGGAGTGGAGATCTTGCTTG,0,2464826
mhpRp1,0.14285714285714285,6,6,AGGAGTACAGGGCATAGAGC,0,2464076
mhpRp1,0.14285714285714285,6,6,AGGAATAGATAACTTTGACG,0,2452269
mhpRp1,0.14285714285714285,6,6,AGCTACGTTATTGATAGTCC,0,2464517
mhpRp1,0.14285714285714285,6,6,AGCGGAGTTACTCCGGCATA,0,2477952
mhpRp1,0.14285714285714285,6,6,AGCGCATTCTCGTGACTGTT,0,2474700
mhpRp1,0.14285714285714285,6,6,AGCGACTTCCACGGGCGATA,0,2424817
mhpRp1,0.14285714285714285,6,6,AGCGAAGTATCAGACCGCTG,0,2470519
mhpRp1,0.14285714285714285,6,6,AGCCGGGCGCTAAGCCGCTT,0,2445903
mhpRp1,0.14285714285714285,6,6,AGCCGCCTTTATAGGAGGAT,0,2477243
mhpRp1,0.14285714285714285,6,6,AGCCCAAGAGGAGTCAACAG,0,2444567
mhpRp1,0.14285714285714285,6,6,AGCAGTCCTCCGGACTACAA,0,2446153
mhpRp1,0.14285714285714285,6,6,AGCAGTCCAAAGGTTAAGTT,0,2425220
mhpRp1,0.14285714285714285,6,6,AGCAGTATTCGGCGGTGTAC,0,2470843
mhpRp1,0.14285714285714285,6,6,AGATTGCCGTATTTTCGAGG,0,2432714
mhpRp1,0.14285714285714285,6,6,AGATGGATCGAGGAATTAGT,0,2454921
mhpRp1,0.14285714285714285,6,6,AGATGCTGCACGAGACTCCT,0,2430999
mhpRp1,0.14285714285714285,6,6,AGATCCTGTTGTAGCTTACA,0,2448167
mhpRp1,0.14285714285714285,6,6,AGAGAGGCCGCAACTGATGA,0,2442669
mhpRp1,0.14285714285714285,6,6,AGACCGGGTCTTAATAAACA,0,2478351
mhpRp1,0.14285714285714285,6,6,AGACCCGTTTTAAAGCATGA,0,2454824
mhpRp1,0.14285714285714285,6,6,AGAAGGCAGGGTCTGTTTCT,0,2454341
mhpRp1,0.14285714285714285,6,6,AGAAGCAGGGAGCATCCCCA,0,2458260
mhpRp1,0.14285714285714285,6,6,AGAACGGGAACGGTTATCCT,0,2455559
mhpRp1,0.14285714285714285,6,6,AGAAACCTTCGGCGGTAGAA,0,2443535
mhpRp1,0.14285714285714285,6,6,AGAAAATGGCAAACTGGCTG,0,2452321
mhpRp1,0.14285714285714285,6,6,ACTTGGGCCTTGTGTACCGT,0,2457863
mhpRp1,0.14285714285714285,6,6,ACTTGAAGCTAGGGAGAGGT,0,2470568
mhpRp1,0.14285714285714285,6,6,ACTTCTATATTATATTTCTT,0,2450869
mhpRp1,0.14285714285714285,6,6,ACTGCGGGCGTGCGCGGCCC,0,2456438
mhpRp1,0.14285714285714285,6,6,ACTGACGTCTTCCGTCATTC,0,2445894
mhpRp1,0.14285714285714285,6,6,ACTGACAGAGAGCGAACTGT,0,2477797
mhpRp1,0.14285714285714285,6,6,ACTCGCTAATGCATCGTTCT,0,2477173
mhpRp1,0.14285714285714285,6,6,ACTCGCCCCGAGTTCAGTCA,0,2451271
mhpRp1,0.14285714285714285,6,6,ACTCGATGGGAAGCTGATGG,0,2478399
mhpRp1,0.14285714285714285,6,6,ACTAGCACATCATCGAGCAT,0,2476182
mhpRp1,0.14285714285714285,6,6,ACTACTACAATTTATTCGAT,0,2434197
mhpRp1,0.14285714285714285,6,6,ACTAACGGGCTGGATGTCCA,0,2465222
mhpRp1,0.14285714285714285,6,6,ACGTTGTCACGATATCTCTA,0,2449583
mhpRp1,0.14285714285714285,6,6,ACGTTAGGTACAATGCTCGA,0,2432524
mhpRp1,0.14285714285714285,6,6,ACGTCCCGATTCCTGTACCA,0,2427437
mhpRp1,0.14285714285714285,6,6,ACGTAAATCGCTATAATCTT,0,2424105
mhpRp1,0.14285714285714285,6,6,ACGGTTAACTATAACACAAT,0,2435882
mhpRp1,0.14285714285714285,6,6,ACGGTAATTAGAGACGGTAT,0,2442660
mhpRp1,0.14285714285714285,6,6,ACGGCATCTAGTAGTTCGTG,0,2473605
mhpRp1,0.14285714285714285,6,6,ACGGATCACACCGAGAGGCT,0,2439743
mhpRp1,0.14285714285714285,6,6,ACGCTGATAGTAACCAATTT,0,2430369
mhpRp1,0.14285714285714285,6,6,ACGCGTCCGTAAGAAGCTCT,0,2475439
mhpRp1,0.14285714285714285,6,6,ACGCGTAGCTAAAGATCACG,0,2441879
mhpRp1,0.14285714285714285,6,6,ACGCGGGGTGTTTTCGGTTC,0,2466344
mhpRp1,0.14285714285714285,6,6,ACGCGCGTTTAAGGCATCTC,0,2445998
mhpRp1,0.14285714285714285,6,6,ACGAGTTAGCCGGCGTTGTG,0,2475731
mhpRp1,0.14285714285714285,6,6,ACCTTTTTTCCGCTCGCTTA,0,2441240
mhpRp1,0.14285714285714285,6,6,ACCTGAGACGCATTACTCAA,0,2426568
mhpRp1,0.14285714285714285,6,6,ACCGCGTTATCGCCGCGATA,0,2444458
mhpRp1,0.14285714285714285,6,6,ACCGAGGACAGGTTACGGAG,0,2441196
mhpRp1,0.14285714285714285,6,6,ACCCCCGAGGTGTGAACGAC,0,2453164
mhpRp1,0.14285714285714285,6,6,ACCAAAGATTATAAGCGCAT,0,2423978
mhpRp1,0.14285714285714285,6,6,ACATCTCAAACTTAATCGCA,0,2459958
mhpRp1,0.14285714285714285,6,6,ACATCCTGGGACTGTTTAGC,0,2450548
mhpRp1,0.14285714285714285,6,6,ACAGGCGGGGCGTTAGGGAA,0,2457541
mhpRp1,0.14285714285714285,6,6,ACAGCGGGCCTCAAGAAGAA,0,2461803
mhpRp1,0.14285714285714285,6,6,ACAGCGGATACCTATATGCG,0,2463943
mhpRp1,0.14285714285714285,6,6,ACACTGCATGGAATTTGGAA,0,2450453
mhpRp1,0.14285714285714285,6,6,ACACGCAGAATGCGCATGCT,0,2475263
mhpRp1,0.14285714285714285,6,6,ACACCCGTCCCCAGGGCAGC,0,2464689
mhpRp1,0.14285714285714285,6,6,ACACCCGGGGATTCACAGTG,0,2435246
mhpRp1,0.14285714285714285,6,6,ACAATTCGACTTGAGTTTGG,0,2451415
mhpRp1,0.14285714285714285,6,6,ACAAACGGAGGTACTAAGCG,0,2458219
mhpRp1,0.14285714285714285,6,6,AATTTCGCGTAGCGATGATC,0,2429502
mhpRp1,0.14285714285714285,6,6,AATTGTCCACCAACCTACCT,0,2428006
mhpRp1,0.14285714285714285,6,6,AATGGCCATTCAGAAGTCAC,0,2428487
mhpRp1,0.14285714285714285,6,6,AATCTGCGAAGGTGAACGTG,0,2430330
mhpRp1,0.14285714285714285,6,6,AATAGTCCGGTTTCATATCA,0,2475458
mhpRp1,0.14285714285714285,6,6,AAGTGATCAAGCGCATACCC,0,2458738
mhpRp1,0.14285714285714285,6,6,AAGGTGCCCCTCGTCCACGG,0,2425841
mhpRp1,0.14285714285714285,6,6,AAGGGTTTCAGTTAGAGGTT,0,2447881
mhpRp1,0.14285714285714285,6,6,AAGGGGTCTATCACTACATA,0,2472274
mhpRp1,0.14285714285714285,6,6,AAGGCTGCACCGCGCAGAGA,0,2462226
mhpRp1,0.14285714285714285,6,6,AAGGCTACAGAATTTAGCGC,0,2428140
mhpRp1,0.14285714285714285,6,6,AAGGCCCTTTTTGACAGCAT,0,2437017
mhpRp1,0.14285714285714285,6,6,AAGGCATTCGTTTTGACGGG,0,2462437
mhpRp1,0.14285714285714285,6,6,AAGGCAAATTGCCGTATGGT,0,2433880
mhpRp1,0.14285714285714285,6,6,AAGGATCCCTTCCATATGAC,0,2429384
mhpRp1,0.14285714285714285,6,6,AAGCTAGACTTTACGACGAG,0,2447548
mhpRp1,0.14285714285714285,6,6,AAGCCGACCAGCAGATGACG,0,2455749
mhpRp1,0.14285714285714285,6,6,AAGATTGTTAATGCACACGC,0,2438480
mhpRp1,0.14285714285714285,6,6,AAGATCGCTTAGTTTTTCCT,0,2470066
mhpRp1,0.14285714285714285,6,6,AAGAGGATCAAATGTGGCAT,0,2448047
mhpRp1,0.14285714285714285,6,6,AAGACCACGATGACCGGAGA,0,2467638
mhpRp1,0.14285714285714285,6,6,AACGGGACCATTCAGGCTAC,0,2454969
mhpRp1,0.14285714285714285,6,6,AACGCCCGGCATCCGACGCA,0,2446430
mhpRp1,0.14285714285714285,6,6,AACGCAGCCCTTTTAGTTAC,0,2471697
mhpRp1,0.14285714285714285,6,6,AACCAAAGCAATCCCCTTTA,0,2474890
mhpRp1,0.14285714285714285,6,6,AACATTTATGGGTCCCTCAT,0,2468539
mhpRp1,0.14285714285714285,6,6,AACATGTTAAGGTGTTTGGT,0,2435430
mhpRp1,0.14285714285714285,6,6,AACATAACGGTTGATTAGCC,0,2469202
mhpRp1,0.14285714285714285,6,6,AACAGGGCATGTTAACAGTA,0,2468684
mhpRp1,0.14285714285714285,6,6,AACAACAGAGTACAACGTAC,0,2435616
mhpRp1,0.14285714285714285,6,6,AAATTAGGCAGGTACCATAC,0,2453114
mhpRp1,0.14285714285714285,6,6,AAATGATTGCTGGCCACGAC,0,2446654
mhpRp1,0.14285714285714285,6,6,AAATCCTTTAACTGAGCCCA,0,2426647
mhpRp1,0.14285714285714285,6,6,AAAGTCAGGCATTGTATGGT,0,2447643
mhpRp1,0.14285714285714285,6,6,AAAGCTCTCGGAGATGGAGA,0,2435977
mhpRp1,0.14285714285714285,6,6,AAACTTAAAATTTCCGACGC,0,2429629
mhpRp1,0.14285714285714285,6,6,AAACTACTCAACAGACTGCA,0,2438868
mhpRp1,0.14285714285714285,6,6,AAACGGAATGCATTAGTCGG,0,2430919
mhpRp1,0.14285714285714285,6,6,AAACGATCCAGATACTTCAC,0,2458255
mhpRp1,0.14285714285714285,6,6,AAACAGTGGGGTACCGCTGA,0,2476750
mhpRp1,0.14285714285714285,6,6,AAACAATGGTGAATCCAATA,0,2453282
mhpRp1,0.14285714285714285,6,6,AAAACCTGTAGAACGTAACA,0,2470503
mhpRp1,0.14285714285714285,6,6,AAAACAGTAGGTCCCCGAGA,0,2432337
mhpRp1,0.16666666666666666,5,5,TTTTTTGTCTGATTGGTCAA,0,2443021
mhpRp1,0.16666666666666666,5,5,TTTTTATTATGCCGCGGACT,0,2474807
mhpRp1,0.16666666666666666,5,5,TTTTGCCAAAAGGGGGTTCA,0,2427186
mhpRp1,0.16666666666666666,5,5,TTTTGCATGAGTACCATTGT,0,2463799
mhpRp1,0.16666666666666666,5,5,TTTTGAACTTGGCTGGCATG,0,2465890
mhpRp1,0.16666666666666666,5,5,TTTTCTTATTTGTAGGGATT,0,2440104
mhpRp1,0.16666666666666666,5,5,TTTTCTATCTCACTTGTACA,0,2438072
mhpRp1,0.16666666666666666,5,5,TTTGGGTTAAACGTTCCTGA,0,2472538
mhpRp1,0.16666666666666666,5,5,TTTGGGGCGCCAGAAAAGGC,0,2430202
mhpRp1,0.16666666666666666,5,5,TTTGCGGAAAGATTTGGATA,0,2470624
mhpRp1,0.16666666666666666,5,5,TTTGATGAACTTCTCCCGAT,0,2457171
mhpRp1,0.16666666666666666,5,5,TTTGAGGCGATCTCTCCTAA,0,2436278
mhpRp1,0.16666666666666666,5,5,TTTCGGGGAAGCGGAAGCAG,0,2447767
mhpRp1,0.16666666666666666,5,5,TTTCCTAGTAGTAAATTCAA,0,2472169
mhpRp1,0.16666666666666666,5,5,TTTCATTACGAGAGTAATTT,0,2451518
mhpRp1,0.16666666666666666,5,5,TTTATTTGTTCGGGCCGGAC,0,2462686
mhpRp1,0.16666666666666666,5,5,TTTATTATTCTCTTCGGGGA,0,2458309
mhpRp1,0.16666666666666666,5,5,TTTATAGCGACGCGTTTAAA,0,2444346
mhpRp1,0.16666666666666666,5,5,TTTAGTTTTTCAAGGGTCAC,0,2435551
mhpRp1,0.16666666666666666,5,5,TTTAGTGCTCAGTCATTTTC,0,2475753
mhpRp1,0.16666666666666666,5,5,TTTAGCACTAAGGCCGAATC,0,2453768
mhpRp1,0.16666666666666666,5,5,TTTACGGATAATGAAACCCC,0,2423957
mhpRp1,0.16666666666666666,5,5,TTTACACGCCCCTGAGGAAG,0,2465827
mhpRp1,0.16666666666666666,5,5,TTTAATAGTGGACGTGGCTC,0,2442403
mhpRp1,0.16666666666666666,5,5,TTTAAATGACGTTTGCTTTT,0,2471781
mhpRp1,0.16666666666666666,5,5,TTTAAACGGGACCGGCAATG,0,2478554
mhpRp1,0.16666666666666666,5,5,TTGTTCAGTCTTGGACTGGA,0,2428436
mhpRp1,0.16666666666666666,5,5,TTGTGTATCGGGTATACTCG,0,2452136
mhpRp1,0.16666666666666666,5,5,TTGTCCTACATGCTAGGAAT,0,2458641
mhpRp1,0.16666666666666666,5,5,TTGGTTACTGTCGCCAAATA,0,2445946
mhpRp1,0.16666666666666666,5,5,TTGGTTAAACGGGGTTACCT,0,2435645
mhpRp1,0.16666666666666666,5,5,TTGGCGAGTGCAGACACTAC,0,2458313
mhpRp1,0.16666666666666666,5,5,TTGGCACCGGGAAGCAAAGG,0,2436592
mhpRp1,0.16666666666666666,5,5,TTGGAGGGGCTAAGACGTAG,0,2449768
mhpRp1,0.16666666666666666,5,5,TTGCTCCTTATTTTAACGAA,0,2468592
mhpRp1,0.16666666666666666,5,5,TTGCCGGGGGTCGAGAAGTG,0,2432083
mhpRp1,0.16666666666666666,5,5,TTGCCGCGAAGGAAAACCAT,0,2429784
mhpRp1,0.16666666666666666,5,5,TTGCCGCCTCCGGAGTGACT,0,2477985
mhpRp1,0.16666666666666666,5,5,TTGCAGGTGCGGACACATAT,0,2444692
mhpRp1,0.16666666666666666,5,5,TTGAGCGTTAGATGGTGGCT,0,2441247
mhpRp1,0.16666666666666666,5,5,TTGACAAGCGCCTCGAGTGT,0,2479144
mhpRp1,0.16666666666666666,5,5,TTCTTTGGAGGAACCTTATT,0,2441513
mhpRp1,0.16666666666666666,5,5,TTCTCTTGGATAGCCCTACA,0,2447907
mhpRp1,0.16666666666666666,5,5,TTCTCTAAGCGGCTCTAGAC,0,2462747
mhpRp1,0.16666666666666666,5,5,TTCTACAAGTTTGGCGTGGA,0,2461734
mhpRp1,0.16666666666666666,5,5,TTCTAAGTTGAAGGGTGAGA,0,2467578
mhpRp1,0.16666666666666666,5,5,TTCTAAGTCCACAGGTTACA,0,2439298
mhpRp1,0.16666666666666666,5,5,TTCGGCAATATTACCCTACG,0,2452424
mhpRp1,0.16666666666666666,5,5,TTCGCATGGTTGATTGTCGA,0,2441608
mhpRp1,0.16666666666666666,5,5,TTCCTGCAAAATTGCAAAAT,0,2437743
mhpRp1,0.16666666666666666,5,5,TTCCGGAACCTCGGCGGTCT,0,2468239
mhpRp1,0.16666666666666666,5,5,TTCCATCTCTTGAGCCTTGC,0,2453076
mhpRp1,0.16666666666666666,5,5,TTCAGTAGTTACCACCGGCG,0,2446611
mhpRp1,0.16666666666666666,5,5,TTCACAGCCCTCGAAGGAAC,0,2450988
mhpRp1,0.16666666666666666,5,5,TTCAATACCTTTCTATGCAA,0,2470473
mhpRp1,0.16666666666666666,5,5,TTCAAGGTCAGGCGTTGAAA,0,2432424
mhpRp1,0.16666666666666666,5,5,TTATTTTTCATCAGATAAAC,0,2467738
mhpRp1,0.16666666666666666,5,5,TTATTGCGTCGTGCCCAGGT,0,2452353
mhpRp1,0.16666666666666666,5,5,TTATTCGGGGATTCTTTCGT,0,2426443
mhpRp1,0.16666666666666666,5,5,TTATCTAGGGTCTCAAATAA,0,2470017
mhpRp1,0.16666666666666666,5,5,TTATCATCCTCTGCAATACC,0,2455272
mhpRp1,0.16666666666666666,5,5,TTAGCTTTTGGCTCCGGGAT,0,2463736
mhpRp1,0.16666666666666666,5,5,TTACGCGACCAATTCGTGTG,0,2429875
mhpRp1,0.16666666666666666,5,5,TTACACGTTTTGGTACAAAC,0,2457210
mhpRp1,0.16666666666666666,5,5,TTAAGTGCTAGGTGACGCAA,0,2475890
mhpRp1,0.16666666666666666,5,5,TTAAGGCCAGGGGAGTCAGT,0,2449100
mhpRp1,0.16666666666666666,5,5,TTAAGATTTGCACCACTCCC,0,2427737
mhpRp1,0.16666666666666666,5,5,TGTTTATAATCAAGTACTTG,0,2439477
mhpRp1,0.16666666666666666,5,5,TGTTCTTAGTTGGTATGGAG,0,2445594
mhpRp1,0.16666666666666666,5,5,TGTTATTTACCGTACCGAGG,0,2460459
mhpRp1,0.16666666666666666,5,5,TGTGGAGCCTCACGCTACTC,0,2429835
mhpRp1,0.16666666666666666,5,5,TGTGGAGACGCCGTTCGAGG,0,2424429
mhpRp1,0.16666666666666666,5,5,TGTGCTTCAGCACCATTAAG,0,2477599
mhpRp1,0.16666666666666666,5,5,TGTGCTAGAAACCTCGTGAA,0,2466059
mhpRp1,0.16666666666666666,5,5,TGTGCCACGACTCGGTTCGC,0,2471237
mhpRp1,0.16666666666666666,5,5,TGTCTTCATACGGCGCACGG,0,2458172
mhpRp1,0.16666666666666666,5,5,TGTCGCAAGTTAGAACCTAG,0,2436601
mhpRp1,0.16666666666666666,5,5,TGTATGTTATATTCACAGCG,0,2443719
mhpRp1,0.16666666666666666,5,5,TGTATACTTGACGACCGTCT,0,2444562
mhpRp1,0.16666666666666666,5,5,TGTAGGCGGTCCGTACTCGA,0,2439113
mhpRp1,0.16666666666666666,5,5,TGTACTGAAAGGGTATTGTC,0,2468016
mhpRp1,0.16666666666666666,5,5,TGTAAGGCTAGTGGAACACG,0,2429708
mhpRp1,0.16666666666666666,5,5,TGGGGAACCGAGTTAGACCA,0,2447770
mhpRp1,0.16666666666666666,5,5,TGGGCCAATAGATTCGGGGT,0,2431280
mhpRp1,0.16666666666666666,5,5,TGGGATCTGTCACGGATCTC,0,2455935
mhpRp1,0.16666666666666666,5,5,TGGCCCTGGCGGTTACTAAC,0,2447553
mhpRp1,0.16666666666666666,5,5,TGGCCCGCGCTTAGAAGGCC,0,2450171
mhpRp1,0.16666666666666666,5,5,TGGAGACTTTAGGGGTACTT,0,2446595
mhpRp1,0.16666666666666666,5,5,TGGAGAAGGTGTTTATTACT,0,2455815
mhpRp1,0.16666666666666666,5,5,TGGACTCGACCAGTTCTTAT,0,2469130
mhpRp1,0.16666666666666666,5,5,TGGACGGTCACTGGCTTATT,0,2437800
mhpRp1,0.16666666666666666,5,5,TGGACGAGTGACCTTAAGCA,0,2445343
mhpRp1,0.16666666666666666,5,5,TGCTTTCTTAGCATGCTTGG,0,2458729
mhpRp1,0.16666666666666666,5,5,TGCTTGTTCCGGGCCACGAA,0,2434927
mhpRp1,0.16666666666666666,5,5,TGCGGTCCCGGGTGCAGGGA,0,2450021
mhpRp1,0.16666666666666666,5,5,TGCCTTTGATGTTTCAGGGG,0,2435008
mhpRp1,0.16666666666666666,5,5,TGCCTATAACTGATGCTAAG,0,2438770
mhpRp1,0.16666666666666666,5,5,TGCCGTGCCGACGTTATTTT,0,2445099
mhpRp1,0.16666666666666666,5,5,TGCCCCCTAGACAGTATAAG,0,2424793
mhpRp1,0.16666666666666666,5,5,TGCCCCCGTAGGTATGTTTT,0,2440862
mhpRp1,0.16666666666666666,5,5,TGCCCCCGATGCTTCATCAA,0,2450813
mhpRp1,0.16666666666666666,5,5,TGCAGGATTCCTACGAGTAA,0,2424385
mhpRp1,0.16666666666666666,5,5,TGCACATTGCGGGGTAAATG,0,2475320
mhpRp1,0.16666666666666666,5,5,TGATGGCGCGGCAATTCTTC,0,2444473
mhpRp1,0.16666666666666666,5,5,TGATGCGCAAGTTCTAGTAA,0,2440280
mhpRp1,0.16666666666666666,5,5,TGATGAGAAGATAGGCGCAA,0,2435359
mhpRp1,0.16666666666666666,5,5,TGAGGTCCAGCGAAAACTGG,0,2449088
mhpRp1,0.16666666666666666,5,5,TGAGGAAGAAACGATTCACC,0,2477424
mhpRp1,0.16666666666666666,5,5,TGACTTACTAAATTCCCTGC,0,2469235
mhpRp1,0.16666666666666666,5,5,TGACCGAGCTCAACACAGGA,0,2475104
mhpRp1,0.16666666666666666,5,5,TGACAGGGAACACTCAAGAT,0,2454251
mhpRp1,0.16666666666666666,5,5,TGAATAGCCCTCGTGTTTAT,0,2462936
mhpRp1,0.16666666666666666,5,5,TGAAGTGACTAATCTATATT,0,2429800
mhpRp1,0.16666666666666666,5,5,TGAAGACGTTAGATAGATCA,0,2441175
mhpRp1,0.16666666666666666,5,5,TGAACCGATAGGCTGATTAT,0,2447590
mhpRp1,0.16666666666666666,5,5,TGAAAGGTTACGTTGGCAGG,0,2475521
mhpRp1,0.16666666666666666,5,5,TCTTTTTCTCCAAGTGCGCA,0,2429257
mhpRp1,0.16666666666666666,5,5,TCTTGGGGGGTTCCGGCAAG,0,2458441
mhpRp1,0.16666666666666666,5,5,TCTTCATTAGCCGCTTGGGT,0,2451646
mhpRp1,0.16666666666666666,5,5,TCTTCACAGGGTGTCTTCGT,0,2452902
mhpRp1,0.16666666666666666,5,5,TCTTAACATGGCAAGTTCAA,0,2448380
mhpRp1,0.16666666666666666,5,5,TCTGCTTCCGACTGCGGGAC,0,2434845
mhpRp1,0.16666666666666666,5,5,TCTGAGCCATTCTGTCTGAA,0,2456204
mhpRp1,0.16666666666666666,5,5,TCTCGTTGCCGGAGCCTATT,0,2469984
mhpRp1,0.16666666666666666,5,5,TCTCCGCACTTAGGTTGGCT,0,2451737
mhpRp1,0.16666666666666666,5,5,TCTCCGATCGTTTTCCAGGC,0,2433303
mhpRp1,0.16666666666666666,5,5,TCTATATTCAGGGGATCACC,0,2460363
mhpRp1,0.16666666666666666,5,5,TCTAGCTAACCCCGAATCTC,0,2425622
mhpRp1,0.16666666666666666,5,5,TCTAATTGAGTCTACGGCCG,0,2468114
mhpRp1,0.16666666666666666,5,5,TCGTTCGCTGTACATCTCCG,0,2453080
mhpRp1,0.16666666666666666,5,5,TCGTTAACCCACATATTTAA,0,2445533
mhpRp1,0.16666666666666666,5,5,TCGTGGTAATCCAGGCCGAG,0,2464165
mhpRp1,0.16666666666666666,5,5,TCGTGCCTGGCCAACTCTTA,0,2468315
mhpRp1,0.16666666666666666,5,5,TCGTCTTTGTGGGCCATCTT,0,2466887
mhpRp1,0.16666666666666666,5,5,TCGGTGGTACATAGAATCTT,0,2454683
mhpRp1,0.16666666666666666,5,5,TCGGGATAGTGGTAAAATAT,0,2438959
mhpRp1,0.16666666666666666,5,5,TCGGCCTAGGGAGATGAGCG,0,2469066
mhpRp1,0.16666666666666666,5,5,TCGGAGTACCCGTATAGGGT,0,2467729
mhpRp1,0.16666666666666666,5,5,TCGGAAAGGGAGTTGCGTTA,0,2431009
mhpRp1,0.16666666666666666,5,5,TCGCCAAAGCGTTCTGAGCT,0,2437985
mhpRp1,0.16666666666666666,5,5,TCGCATCGGCTAGCGCCCGA,0,2437165
mhpRp1,0.16666666666666666,5,5,TCGCACGACCGCTGAACGGC,0,2444845
mhpRp1,0.16666666666666666,5,5,TCGATCCTATCTATTAGCGC,0,2478428
mhpRp1,0.16666666666666666,5,5,TCGAGGGGTGACATGCCGTG,0,2468126
mhpRp1,0.16666666666666666,5,5,TCGACTATGAGAATTTCGGC,0,2446729
mhpRp1,0.16666666666666666,5,5,TCCTCCGTGTCACACACGGG,0,2443814
mhpRp1,0.16666666666666666,5,5,TCCGTGACAGAAGGCCCATT,0,2445532
mhpRp1,0.16666666666666666,5,5,TCCGTCCAACATAAAACCGA,0,2462967
mhpRp1,0.16666666666666666,5,5,TCCGTAGGGATCTCACAAAC,0,2465292
mhpRp1,0.16666666666666666,5,5,TCCGGTGTTTGCTAGTGGTC,0,2452879
mhpRp1,0.16666666666666666,5,5,TCCCTGATATTATCCCAACT,0,2471367
mhpRp1,0.16666666666666666,5,5,TCCCTCAATGGTGACCAGAT,0,2451189
mhpRp1,0.16666666666666666,5,5,TCCCGACCAGGCGCATGCAT,0,2447762
mhpRp1,0.16666666666666666,5,5,TCCCCAAAGGCTGAGAAAGG,0,2424251
mhpRp1,0.16666666666666666,5,5,TCCCACGCTATAAAACATCC,0,2477499
mhpRp1,0.16666666666666666,5,5,TCCAGTCCCAGGACCAACGA,0,2429467
mhpRp1,0.16666666666666666,5,5,TCCAGGCTTCTCGGGAGTAG,0,2437066
mhpRp1,0.16666666666666666,5,5,TCCAGATTAGGTAACCCAGT,0,2475318
mhpRp1,0.16666666666666666,5,5,TCCAGAAAAGCCACAGTTGG,0,2474606
mhpRp1,0.16666666666666666,5,5,TCCACCGGGTTGCGTGTGAA,0,2438078
mhpRp1,0.16666666666666666,5,5,TCATTGGAAGCTATATGCGG,0,2462287
mhpRp1,0.16666666666666666,5,5,TCATTCCACGTTCAAAGCGT,0,2432746
mhpRp1,0.16666666666666666,5,5,TCATGTCAACGCATGTTTCC,0,2438928
mhpRp1,0.16666666666666666,5,5,TCATGTACCATCCTGAATGT,0,2452151
mhpRp1,0.16666666666666666,5,5,TCATGCCCGCATTCGGCGCC,0,2438793
mhpRp1,0.16666666666666666,5,5,TCATAGTGGTGGCTCGAGTA,0,2427392
mhpRp1,0.16666666666666666,5,5,TCATAATATTCCTGCTAGAT,0,2478915
mhpRp1,0.16666666666666666,5,5,TCAGGCGGGCGACGAAAGCT,0,2469488
mhpRp1,0.16666666666666666,5,5,TCAGCGTCTATTTCTGCGCA,0,2448629
mhpRp1,0.16666666666666666,5,5,TCACCGAGTAGTAAATTCAT,0,2432921
mhpRp1,0.16666666666666666,5,5,TCAATGTTAAATGCCAGAAG,0,2445416
mhpRp1,0.16666666666666666,5,5,TCAATATTCCTCGGGCACAC,0,2445522
mhpRp1,0.16666666666666666,5,5,TCAAGACTCTATCTATGCTT,0,2468324
mhpRp1,0.16666666666666666,5,5,TCAACGCCGAAACTTGTAGG,0,2469268
mhpRp1,0.16666666666666666,5,5,TATTTAGGCAGAGGAATTAC,0,2455684
mhpRp1,0.16666666666666666,5,5,TATTGTTTGCAACGGGGAGT,0,2440520
mhpRp1,0.16666666666666666,5,5,TATTCGCAACATGTTGTCCT,0,2452767
mhpRp1,0.16666666666666666,5,5,TATTCAGTTAGCCAGTACAC,0,2477358
mhpRp1,0.16666666666666666,5,5,TATGGTCATCAGACTATGTA,0,2445544
mhpRp1,0.16666666666666666,5,5,TATGGGGGAAGTGGCGCTGG,0,2443706
mhpRp1,0.16666666666666666,5,5,TATGGATGGGTAGGTTAGAG,0,2458639
mhpRp1,0.16666666666666666,5,5,TATGCCTGTGGCTCCCCAAT,0,2438052
mhpRp1,0.16666666666666666,5,5,TATCGCAAGCCCCTTTAATG,0,2449288
mhpRp1,0.16666666666666666,5,5,TATCCTTTGCCCATCAGTCC,0,2461270
mhpRp1,0.16666666666666666,5,5,TATCCTAGATTTCATTGAAT,0,2431654
mhpRp1,0.16666666666666666,5,5,TATCCAACCGCTAGACGTCA,0,2463011
mhpRp1,0.16666666666666666,5,5,TATAGGCCATGGCTTTTCTA,0,2430646
mhpRp1,0.16666666666666666,5,5,TATAACGCGCCTCATCAAGA,0,2457278
mhpRp1,0.16666666666666666,5,5,TAGTATTATAATATTGGACT,0,2436332
mhpRp1,0.16666666666666666,5,5,TAGGATGGGTCACATAGTTA,0,2475486
mhpRp1,0.16666666666666666,5,5,TAGGAGTCCGTGGGGATTAG,0,2431446
mhpRp1,0.16666666666666666,5,5,TAGGAAGATGCCCTTTATTG,0,2461585
mhpRp1,0.16666666666666666,5,5,TAGCTATCATGTGAGGGGAT,0,2456961
mhpRp1,0.16666666666666666,5,5,TAGCGGTCTTCCCCAATGGA,0,2458644
mhpRp1,0.16666666666666666,5,5,TAGCGCAGCCCACTCACGTA,0,2436930
mhpRp1,0.16666666666666666,5,5,TAGCGAGCAGGCAGGGATTG,0,2444836
mhpRp1,0.16666666666666666,5,5,TAGCCCGTCACTGTCTCGGA,0,2469419
mhpRp1,0.16666666666666666,5,5,TAGATTTCGAGAAAGTTTTC,0,2445762
mhpRp1,0.16666666666666666,5,5,TAGAATCGCTGCTACGTGTC,0,2468263
mhpRp1,0.16666666666666666,5,5,TACTTTGTGGTCATCGTCTT,0,2463977
mhpRp1,0.16666666666666666,5,5,TACTAAACCAAATCTAGGAC,0,2444952
mhpRp1,0.16666666666666666,5,5,TACGATCTTATATCATTCCC,0,2469444
mhpRp1,0.16666666666666666,5,5,TACGACTTGACCGGTATCAA,0,2462857
mhpRp1,0.16666666666666666,5,5,TACCGTATAAGACGGTTAGC,0,2446468
mhpRp1,0.16666666666666666,5,5,TACCGCCGGTGTGATTGGCG,0,2463677
mhpRp1,0.16666666666666666,5,5,TACCATTTACGCGACGACGG,0,2475306
mhpRp1,0.16666666666666666,5,5,TACCATGGTTCGCGGAACGA,0,2453399
mhpRp1,0.16666666666666666,5,5,TACCACGGCATTGTCAGTAT,0,2462081
mhpRp1,0.16666666666666666,5,5,TACAGGCTTACCCCTTACTG,0,2467987
mhpRp1,0.16666666666666666,5,5,TACAGCTTCAAGTGTATCGT,0,2459273
mhpRp1,0.16666666666666666,5,5,TACAGCAGTGTGTACGTCAA,0,2425480
mhpRp1,0.16666666666666666,5,5,TAATCCCTGCGGTACTAACA,0,2473232
mhpRp1,0.16666666666666666,5,5,TAATATCGCAGCCGGAGGCA,0,2464311
mhpRp1,0.16666666666666666,5,5,TAACTTTTGAAGTGATTTGC,0,2464785
mhpRp1,0.16666666666666666,5,5,TAACGTGACTTATTATGCAG,0,2427623
mhpRp1,0.16666666666666666,5,5,TAACGGTCGAGATTGCTGAT,0,2479445
mhpRp1,0.16666666666666666,5,5,TAACGCAAACATACGTAAAA,0,2463716
mhpRp1,0.16666666666666666,5,5,TAACCTCACTTAATGCCAGG,0,2426368
mhpRp1,0.16666666666666666,5,5,TAACAGATAGCGCATTTACG,0,2445022
mhpRp1,0.16666666666666666,5,5,TAAATGGGTCGTTTCGGCGT,0,2465014
mhpRp1,0.16666666666666666,5,5,TAAACCGCCAACGACTATAT,0,2470634
mhpRp1,0.16666666666666666,5,5,TAAACAGAGATTCTGCGATT,0,2434688
mhpRp1,0.16666666666666666,5,5,GTTTGTTCGGAAATGGATTT,0,2454002
mhpRp1,0.16666666666666666,5,5,GTTTACTTCCACACTCTCTG,0,2447697
mhpRp1,0.16666666666666666,5,5,GTTGTTCTATAGCCACGTAG,0,2475824
mhpRp1,0.16666666666666666,5,5,GTTGTGAGATATAACATGGG,0,2451366
mhpRp1,0.16666666666666666,5,5,GTTGCGGCACTCTATTTGCT,0,2448046
mhpRp1,0.16666666666666666,5,5,GTTGACGGACATTTACGAGT,0,2473114
mhpRp1,0.16666666666666666,5,5,GTTCGTGCGTTAGCCTCGCC,0,2441083
mhpRp1,0.16666666666666666,5,5,GTTCCCACGAACGGCGTTGA,0,2447242
mhpRp1,0.16666666666666666,5,5,GTTCCAAGGCAGGGATACGA,0,2471992
mhpRp1,0.16666666666666666,5,5,GTTCATTAGGACTGCAATCA,0,2473092
mhpRp1,0.16666666666666666,5,5,GTTCACCTAATTCGCGTGAA,0,2462369
mhpRp1,0.16666666666666666,5,5,GTTATGCGACTGTGAGCATA,0,2445726
mhpRp1,0.16666666666666666,5,5,GTTAGTCCCGCGTTTATGCT,0,2463941
mhpRp1,0.16666666666666666,5,5,GTTAGGACGCTCCCCCTGAT,0,2454329
mhpRp1,0.16666666666666666,5,5,GTTAGGAATTATGGTAGTAA,0,2456442
mhpRp1,0.16666666666666666,5,5,GTTAGATGCACATTTACCAT,0,2458732
mhpRp1,0.16666666666666666,5,5,GTTAGATCCCCTATATCATG,0,2434323
mhpRp1,0.16666666666666666,5,5,GTTACCGGAGAGGGATATCA,0,2462952
mhpRp1,0.16666666666666666,5,5,GTGTGTAGACCGGTTAACAT,0,2428391
mhpRp1,0.16666666666666666,5,5,GTGTGATTCGACGGCGGGTG,0,2475135
mhpRp1,0.16666666666666666,5,5,GTGTGACTCCCTCTGGTGTC,0,2439472
mhpRp1,0.16666666666666666,5,5,GTGTACGTCCAGACACTCTC,0,2450511
mhpRp1,0.16666666666666666,5,5,GTGTACCTGCGTATTGTCTC,0,2437906
mhpRp1,0.16666666666666666,5,5,GTGGTCGTGTGTAGTACGGG,0,2428381
mhpRp1,0.16666666666666666,5,5,GTGGTAGACGTTGATCGCTA,0,2457791
mhpRp1,0.16666666666666666,5,5,GTGGCGAGGTCAAATGTCGC,0,2440673
mhpRp1,0.16666666666666666,5,5,GTGGCCGTGCATGCTTGAGA,0,2479002
mhpRp1,0.16666666666666666,5,5,GTGGAGATATGGGCCTACGT,0,2426564
mhpRp1,0.16666666666666666,5,5,GTGCGGTGGATTCGTATCCT,0,2445633
mhpRp1,0.16666666666666666,5,5,GTGATTTGGGCCTTGATTAC,0,2425684
mhpRp1,0.16666666666666666,5,5,GTGAGCGGATCCCCACAGCT,0,2428616
mhpRp1,0.16666666666666666,5,5,GTGACCTCCCGGGTTCTGTT,0,2460882
mhpRp1,0.16666666666666666,5,5,GTGAAGCCGCCTGAGTCGTT,0,2461747
mhpRp1,0.16666666666666666,5,5,GTCTGGTGGATGATGGAATA,0,2448993
mhpRp1,0.16666666666666666,5,5,GTCTGGCATTTGGTGCCACT,0,2467922
mhpRp1,0.16666666666666666,5,5,GTCTCTAACAAATTCAATAA,0,2432913
mhpRp1,0.16666666666666666,5,5,GTCTCCATCACCGTTGACAT,0,2479373
mhpRp1,0.16666666666666666,5,5,GTCTAAACCGTGTGTATTGG,0,2428582
mhpRp1,0.16666666666666666,5,5,GTCGTGGGCCAGCTTTGTGA,0,2472449
mhpRp1,0.16666666666666666,5,5,GTCCAAGGGCACGACTGTCT,0,2459256
mhpRp1,0.16666666666666666,5,5,GTCAGTTTTTAGCATATAAA,0,2464150
mhpRp1,0.16666666666666666,5,5,GTCAGTCGGCCGCCAGAGGA,0,2473556
mhpRp1,0.16666666666666666,5,5,GTCAGGCCGCAGCCCTGCCA,0,2460354
mhpRp1,0.16666666666666666,5,5,GTCAGCTCTCGGCTATCTCA,0,2468496
mhpRp1,0.16666666666666666,5,5,GTCAGCCCTTAGGACTTAAT,0,2443738
mhpRp1,0.16666666666666666,5,5,GTCAGATGTGTTGCATCTCA,0,2460291
mhpRp1,0.16666666666666666,5,5,GTATTGTCACTTTGTATTCC,0,2455458
mhpRp1,0.16666666666666666,5,5,GTATTCTTAGCCGCCGCGGA,0,2478735
mhpRp1,0.16666666666666666,5,5,GTATGTTCAGGAGGATCAAC,0,2473947
mhpRp1,0.16666666666666666,5,5,GTATGTGGGGGATTGCCATG,0,2434241
mhpRp1,0.16666666666666666,5,5,GTATGAATGGCTTAAGATAT,0,2472161
mhpRp1,0.16666666666666666,5,5,GTATCGTCTTTCACTGCGCG,0,2465669
mhpRp1,0.16666666666666666,5,5,GTATACGCTGCTGCCTAACT,0,2439473
mhpRp1,0.16666666666666666,5,5,GTAGTGTAGTACGCTGTATT,0,2457164
mhpRp1,0.16666666666666666,5,5,GTAGCTTGGCAGATGCGACT,0,2476625
mhpRp1,0.16666666666666666,5,5,GTAGAGGCTAGTTCGTGAGA,0,2437486
mhpRp1,0.16666666666666666,5,5,GTACGGGCGAACCCAACCGG,0,2448524
mhpRp1,0.16666666666666666,5,5,GTACCGTAATGCGCAGTATC,0,2473896
mhpRp1,0.16666666666666666,5,5,GTAAGGTTATCAGGGTACGA,0,2456921
mhpRp1,0.16666666666666666,5,5,GTAAGATAGACACCTCGATA,0,2440249
mhpRp1,0.16666666666666666,5,5,GTAAGATAACTTGGGCTAAC,0,2428173
mhpRp1,0.16666666666666666,5,5,GTAACTCTTCATGTCAGAGA,0,2453682
mhpRp1,0.16666666666666666,5,5,GTAAACATCGTACGCTCTAG,0,2449970
mhpRp1,0.16666666666666666,5,5,GTAAAATACCAGGGGATCGC,0,2439767
mhpRp1,0.16666666666666666,5,5,GTAAAAGATTGGTATACTTG,0,2462754
mhpRp1,0.16666666666666666,5,5,GGTTTTCAAAACCTGATTTA,0,2424519
mhpRp1,0.16666666666666666,5,5,GGTTGTATATGTTGACCAGC,0,2476556
mhpRp1,0.16666666666666666,5,5,GGTTGTAACTCCTCCCAATA,0,2458079
mhpRp1,0.16666666666666666,5,5,GGTTATCGCAGGAAGCGGCG,0,2438288
mhpRp1,0.16666666666666666,5,5,GGTGTTCCATGCACAAGTGG,0,2454544
mhpRp1,0.16666666666666666,5,5,GGTGTGCGTAATTGAAACGG,0,2429117
mhpRp1,0.16666666666666666,5,5,GGTGGCGTAATCGGTGGTCG,0,2469119
mhpRp1,0.16666666666666666,5,5,GGTGGCAAAGACATCTCTAG,0,2440638
mhpRp1,0.16666666666666666,5,5,GGTGATTTCCGCCCTCTCCC,0,2453676
mhpRp1,0.16666666666666666,5,5,GGTGAACCGCGATCTAATTC,0,2443851
mhpRp1,0.16666666666666666,5,5,GGTCGAAGGCGCTACGACGC,0,2431443
mhpRp1,0.16666666666666666,5,5,GGTCCTGACTTGATTGAGCC,0,2474806
mhpRp1,0.16666666666666666,5,5,GGTCATTTCCCGGGAATGGC,0,2460537
mhpRp1,0.16666666666666666,5,5,GGTAGTGAGGGGTACCGGGA,0,2438613
mhpRp1,0.16666666666666666,5,5,GGTAGCGTGCTTGTGATTCT,0,2433849
mhpRp1,0.16666666666666666,5,5,GGTACTCCACTATTCCGTAA,0,2434236
mhpRp1,0.16666666666666666,5,5,GGTAACTCCGTTGCGATCCG,0,2442378
mhpRp1,0.16666666666666666,5,5,GGTAACAGATGGATAACAAT,0,2463866
mhpRp1,0.16666666666666666,5,5,GGGTTGCTTGTATGAAGTAG,0,2455699
mhpRp1,0.16666666666666666,5,5,GGGTGTTAGGTTTGCGTATT,0,2462383
mhpRp1,0.16666666666666666,5,5,GGGTGAAGGGGCGCGGGTGA,0,2458853
mhpRp1,0.16666666666666666,5,5,GGGTGAAAATCAGGTTCAGT,0,2447880
mhpRp1,0.16666666666666666,5,5,GGGTATCGCTGTTGCTCGTA,0,2441056
mhpRp1,0.16666666666666666,5,5,GGGTATCAGAGGTTCAGTGT,0,2427312
mhpRp1,0.16666666666666666,5,5,GGGCTACGTCATGATATGGA,0,2466954
mhpRp1,0.16666666666666666,5,5,GGGCGCTTCCTCAAGGAGTC,0,2441232
mhpRp1,0.16666666666666666,5,5,GGGCCACCGCAGGCAGTTAG,0,2435964
mhpRp1,0.16666666666666666,5,5,GGGCATCCGGCCGCAGGCGC,0,2476605
mhpRp1,0.16666666666666666,5,5,GGGATACGGTCTCAGCAGGA,0,2467356
mhpRp1,0.16666666666666666,5,5,GGGAGGAATTATCGCCCTTC,0,2437839
mhpRp1,0.16666666666666666,5,5,GGGAGCGCGTGCTCCCGTTT,0,2464904
mhpRp1,0.16666666666666666,5,5,GGGACTAGATAAGCAACTTC,0,2428463
mhpRp1,0.16666666666666666,5,5,GGGACCTGCGCCCGATTTGG,0,2467409
mhpRp1,0.16666666666666666,5,5,GGGAAGCGCGGTTTCTAGGA,0,2424527
mhpRp1,0.16666666666666666,5,5,GGCTTACTTTTCGGTCACAT,0,2477605
mhpRp1,0.16666666666666666,5,5,GGCTTAATTACCTAATTAGT,0,2454762
mhpRp1,0.16666666666666666,5,5,GGCTCTTCCGGAGGGAGTAT,0,2479539
mhpRp1,0.16666666666666666,5,5,GGCTCCACGTGTGGTCTATT,0,2443375
mhpRp1,0.16666666666666666,5,5,GGCTATTTTTAAGCGGTGCC,0,2457089
mhpRp1,0.16666666666666666,5,5,GGCTATACCCGAGCTCCGTC,0,2428970
mhpRp1,0.16666666666666666,5,5,GGCGGCTGACGTCCAATTAT,0,2428809
mhpRp1,0.16666666666666666,5,5,GGCGCTCGCGGCCCAGTCCG,0,2470570
mhpRp1,0.16666666666666666,5,5,GGCGCGGAATCATGAGCAAA,0,2445177
mhpRp1,0.16666666666666666,5,5,GGCGCATGAGATCTCTCTCA,0,2469678
mhpRp1,0.16666666666666666,5,5,GGCCGATTGTAGATTTGGGG,0,2442460
mhpRp1,0.16666666666666666,5,5,GGCCCCCGTACAGTCGCGTC,0,2444256
mhpRp1,0.16666666666666666,5,5,GGCATGAGGTTCCCCTATGC,0,2439148
mhpRp1,0.16666666666666666,5,5,GGCATAGTTAATTCATCATA,0,2435393
mhpRp1,0.16666666666666666,5,5,GGCATAGGCTGGAACGTACT,0,2445211
mhpRp1,0.16666666666666666,5,5,GGCATACGTTGGATTGCTGC,0,2452796
mhpRp1,0.16666666666666666,5,5,GGCACGAAGGCTCTACCAAA,0,2443903
mhpRp1,0.16666666666666666,5,5,GGCACCCAACTCGTAGCCTA,0,2478442
mhpRp1,0.16666666666666666,5,5,GGATTGGCAGGGCCGTCCCT,0,2439029
mhpRp1,0.16666666666666666,5,5,GGATTACACTTAGGGGGTGA,0,2439696
mhpRp1,0.16666666666666666,5,5,GGATGCTCAGGTGTACTTGT,0,2449454
mhpRp1,0.16666666666666666,5,5,GGATGAGCGGTTGTAGCGTA,0,2452863
mhpRp1,0.16666666666666666,5,5,GGATGAGAGAAATGATACTA,0,2426191
mhpRp1,0.16666666666666666,5,5,GGATCGCCGATCAGGTCGGA,0,2464413
mhpRp1,0.16666666666666666,5,5,GGAGGTTAGATCCAATACTT,0,2455243
mhpRp1,0.16666666666666666,5,5,GGAGGGGCGTACTTTAACCA,0,2472039
mhpRp1,0.16666666666666666,5,5,GGAGGCTAGCGGAAATGGTA,0,2456022
mhpRp1,0.16666666666666666,5,5,GGACGTTTCGATACGACAAT,0,2468420
mhpRp1,0.16666666666666666,5,5,GGACGTGTACTTATTATGTG,0,2452583
mhpRp1,0.16666666666666666,5,5,GGACCGTGAGGACAGAGCAG,0,2456888
mhpRp1,0.16666666666666666,5,5,GGAATGTACACATTTTTCGT,0,2446244
mhpRp1,0.16666666666666666,5,5,GGAACCTCCAAGGATTGGAT,0,2471433
mhpRp1,0.16666666666666666,5,5,GGAACCAGTACGGAGTAAGT,0,2437304
mhpRp1,0.16666666666666666,5,5,GGAACAGCGTGGCGTGGCCT,0,2471637
mhpRp1,0.16666666666666666,5,5,GCTTGGCTCCACTCTACCTT,0,2430708
mhpRp1,0.16666666666666666,5,5,GCTTCTTAAGTGAACGAGTA,0,2447615
mhpRp1,0.16666666666666666,5,5,GCTCGATCGGCCGACTTAAG,0,2427278
mhpRp1,0.16666666666666666,5,5,GCTAGTGGGCTCCGCGCAAA,0,2472091
mhpRp1,0.16666666666666666,5,5,GCGTCTCTAATTGCTAATGT,0,2478559
mhpRp1,0.16666666666666666,5,5,GCGTATGTTGATCTCAGTTC,0,2447692
mhpRp1,0.16666666666666666,5,5,GCGGCCAAGATGACCGAATC,0,2428897
mhpRp1,0.16666666666666666,5,5,GCGGATGCGTTCAACCTACA,0,2445299
mhpRp1,0.16666666666666666,5,5,GCGGACACGACAAATAGGGC,0,2445899
mhpRp1,0.16666666666666666,5,5,GCGCTTTGAATCAGGGTAAG,0,2467852
mhpRp1,0.16666666666666666,5,5,GCGCTTTCGTATCCGTCTAC,0,2435278
mhpRp1,0.16666666666666666,5,5,GCGCTGAGAACATGGATCTC,0,2443858
mhpRp1,0.16666666666666666,5,5,GCGCTAATACCTTTTTTGGA,0,2466283
mhpRp1,0.16666666666666666,5,5,GCGCGGGAGAAATGGAAATT,0,2442348
mhpRp1,0.16666666666666666,5,5,GCGCCGTACCCAGTGTCCGA,0,2441556
mhpRp1,0.16666666666666666,5,5,GCGCCACCCATGACCCTTTC,0,2423773
mhpRp1,0.16666666666666666,5,5,GCGACCGCGCTGGTGCGGAT,0,2452404
mhpRp1,0.16666666666666666,5,5,GCCTTGGGTGACCCAGGGAG,0,2429044
mhpRp1,0.16666666666666666,5,5,GCCTGTCTCGAACGGGCGCG,0,2475213
mhpRp1,0.16666666666666666,5,5,GCCTAGTGTTATCCGAGCTT,0,2447470
mhpRp1,0.16666666666666666,5,5,GCCGTTGATTGTTCTCGTTA,0,2443298
mhpRp1,0.16666666666666666,5,5,GCCGTTCGGTAATTTTATAC,0,2436356
mhpRp1,0.16666666666666666,5,5,GCCGACGACAGATAGTAGCG,0,2439701
mhpRp1,0.16666666666666666,5,5,GCCCTCTGCTAGAGAGTGAA,0,2475433
mhpRp1,0.16666666666666666,5,5,GCCCCATTGTTCACCGACCT,0,2444722
mhpRp1,0.16666666666666666,5,5,GCCCCAGGCATAGGCTCCAA,0,2427237
mhpRp1,0.16666666666666666,5,5,GCCATACTTCATATGTGGAC,0,2470982
mhpRp1,0.16666666666666666,5,5,GCCAGTAATTTTGGAAGAGC,0,2433371
mhpRp1,0.16666666666666666,5,5,GCCAGGTTACCTCTTGGTGC,0,2460475
mhpRp1,0.16666666666666666,5,5,GCCAGATAATCATAAGAGGC,0,2456508
mhpRp1,0.16666666666666666,5,5,GCCACTCAAGCTCCGGACCA,0,2448070
mhpRp1,0.16666666666666666,5,5,GCCAATGCATACAGTGCCAC,0,2472551
mhpRp1,0.16666666666666666,5,5,GCCAACAACCGGGGCGTTTT,0,2434954
mhpRp1,0.16666666666666666,5,5,GCATGGCCACCTTAAGTTCG,0,2468192
mhpRp1,0.16666666666666666,5,5,GCATCGACATAGCTACTGAT,0,2441296
mhpRp1,0.16666666666666666,5,5,GCATCATAACCAAGAACTCT,0,2434173
mhpRp1,0.16666666666666666,5,5,GCAGTAACCCGGAGATGAGG,0,2427139
mhpRp1,0.16666666666666666,5,5,GCAGGTGTCTTTGGCTATAG,0,2447855
mhpRp1,0.16666666666666666,5,5,GCAGATAGATGGATCCGTTA,0,2451026
mhpRp1,0.16666666666666666,5,5,GCACTAAGGCTCCTGCCGTA,0,2465314
mhpRp1,0.16666666666666666,5,5,GCACCTACTCTAGCCGGAGC,0,2438510
mhpRp1,0.16666666666666666,5,5,GCACCGGGTGTTCAGATCAT,0,2463283
mhpRp1,0.16666666666666666,5,5,GCACCGGGATGTCTTTTGGA,0,2469237
mhpRp1,0.16666666666666666,5,5,GCACATCCTTTAACTGTGTT,0,2453051
mhpRp1,0.16666666666666666,5,5,GCAATCTCAATACCCCCCGA,0,2439698
mhpRp1,0.16666666666666666,5,5,GCAATCCTAGGTAAATCGGA,0,2459453
mhpRp1,0.16666666666666666,5,5,GCAATAACGTTCACACTCGC,0,2435487
mhpRp1,0.16666666666666666,5,5,GCAAGATGGAGTACGTGGCC,0,2432763
mhpRp1,0.16666666666666666,5,5,GCAAAGCTATGTCTAGCGTC,0,2466851
mhpRp1,0.16666666666666666,5,5,GATTAAGGTCCTCACACGTG,0,2438346
mhpRp1,0.16666666666666666,5,5,GATGTTTAGTTACAGCGTCA,0,2423970
mhpRp1,0.16666666666666666,5,5,GATGCGGACTTGCACTTTCC,0,2474162
mhpRp1,0.16666666666666666,5,5,GATCGGCAATTTCGGACGCC,0,2457094
mhpRp1,0.16666666666666666,5,5,GATCAGGACACTTTAACTGG,0,2451989
mhpRp1,0.16666666666666666,5,5,GATCAGCTCCTTTCGGCTAC,0,2427440
mhpRp1,0.16666666666666666,5,5,GATCAAAGATTCGGTGATAG,0,2474095
mhpRp1,0.16666666666666666,5,5,GATACTAAATTGTCTAATTC,0,2471138
mhpRp1,0.16666666666666666,5,5,GATACGCGCCTATGCGCAAG,0,2457690
mhpRp1,0.16666666666666666,5,5,GATACAGGTAGAAGGTGTCG,0,2453716
mhpRp1,0.16666666666666666,5,5,GATAACGGGAGTTTAAATAA,0,2434238
mhpRp1,0.16666666666666666,5,5,GAGTTAGATCGGATCGATAC,0,2463404
mhpRp1,0.16666666666666666,5,5,GAGTAATGATAATATGTGGA,0,2425788
mhpRp1,0.16666666666666666,5,5,GAGGTCTTTTCAGTCCTTGA,0,2440106
mhpRp1,0.16666666666666666,5,5,GAGGGCGGATGGAAACGCCA,0,2462423
mhpRp1,0.16666666666666666,5,5,GAGGGATCAATATCTGGACA,0,2453581
mhpRp1,0.16666666666666666,5,5,GAGGGAAATGTGCGAGGTTA,0,2460752
mhpRp1,0.16666666666666666,5,5,GAGCTAGCGAGCCTGCTGTT,0,2473862
mhpRp1,0.16666666666666666,5,5,GAGAGGAGAAGCCTTTGCTC,0,2478321
mhpRp1,0.16666666666666666,5,5,GAGAGGAATAAAAAGATAAG,0,2468448
mhpRp1,0.16666666666666666,5,5,GAGAGATCTATGAGATCCCA,0,2424354
mhpRp1,0.16666666666666666,5,5,GACTTCTTCTATAGGTCATC,0,2472765
mhpRp1,0.16666666666666666,5,5,GACTGGATCTGCTACATAGA,0,2475601
mhpRp1,0.16666666666666666,5,5,GACTCTACGCAACCACGTAG,0,2433213
mhpRp1,0.16666666666666666,5,5,GACGTATAGGGTTCGGGGTT,0,2473201
mhpRp1,0.16666666666666666,5,5,GACGACGTGCTTCTCTTCAG,0,2460066
mhpRp1,0.16666666666666666,5,5,GACCTGCTTGGCACACCCAT,0,2472524
mhpRp1,0.16666666666666666,5,5,GACCCGGTTTAGGGAGCGTA,0,2460771
mhpRp1,0.16666666666666666,5,5,GACATGATAATGTAAGATCA,0,2458566
mhpRp1,0.16666666666666666,5,5,GACAACGTAACGCCTAAGAA,0,2443367
mhpRp1,0.16666666666666666,5,5,GAATTTGGTATCGAACGACG,0,2462531
mhpRp1,0.16666666666666666,5,5,GAATTCATTTGATCAATAGT,0,2458843
mhpRp1,0.16666666666666666,5,5,GAATGCTTGCGGTGTTCACA,0,2466937
mhpRp1,0.16666666666666666,5,5,GAATGATATCCCGTGCCGGA,0,2433739
mhpRp1,0.16666666666666666,5,5,GAAGTGTTCAGCAAAAGTTG,0,2476215
mhpRp1,0.16666666666666666,5,5,GAAGCTAGCATTTATAAAGA,0,2474958
mhpRp1,0.16666666666666666,5,5,GAAGCAGCAATTGCGGCGAT,0,2457265
mhpRp1,0.16666666666666666,5,5,GAAGACTCAATGCCGGTGCT,0,2429515
mhpRp1,0.16666666666666666,5,5,GAACTGCAATCACCGCTCAG,0,2442470
mhpRp1,0.16666666666666666,5,5,GAACTCGGATCGATCTCAGC,0,2445178
mhpRp1,0.16666666666666666,5,5,GAACCGCTAGATTCACGCGA,0,2439650
mhpRp1,0.16666666666666666,5,5,GAACATCTAGCCTAGAGATA,0,2473540
mhpRp1,0.16666666666666666,5,5,GAACAGATGACACTTGAACG,0,2458096
mhpRp1,0.16666666666666666,5,5,GAACACTCGCTGTACAGACC,0,2437135
mhpRp1,0.16666666666666666,5,5,GAAAAAATTAGAATTGAGTA,0,2463978
mhpRp1,0.16666666666666666,5,5,CTTTTGTGTCTATGGTCATC,0,2449215
mhpRp1,0.16666666666666666,5,5,CTTTTAGCGGAGGATTTGAC,0,2437395
mhpRp1,0.16666666666666666,5,5,CTTTGTTGTGGCATCTGCGC,0,2442142
mhpRp1,0.16666666666666666,5,5,CTTTGTTGATATTTTATGAA,0,2443311
mhpRp1,0.16666666666666666,5,5,CTTTGAATCTATATAATACA,0,2447984
mhpRp1,0.16666666666666666,5,5,CTTTCTTGGTATGGGCAGCT,0,2445696
mhpRp1,0.16666666666666666,5,5,CTTTATGGGGGGCCCACACT,0,2468816
mhpRp1,0.16666666666666666,5,5,CTTTAGACGCCGCAAAATGG,0,2429466
mhpRp1,0.16666666666666666,5,5,CTTTACTTCGGGAAGGACAC,0,2473195
mhpRp1,0.16666666666666666,5,5,CTTTACTCGACCCGTGAGGC,0,2461327
mhpRp1,0.16666666666666666,5,5,CTTGGCTCGGGAATAGCGGA,0,2466971
mhpRp1,0.16666666666666666,5,5,CTTGGACTGGCCGTCCTATC,0,2477329
mhpRp1,0.16666666666666666,5,5,CTTGATACAGACCGGTAAAA,0,2440768
mhpRp1,0.16666666666666666,5,5,CTTCCAAGGTGATATATAGT,0,2467415
mhpRp1,0.16666666666666666,5,5,CTTCATGTTGTGAACGATAG,0,2441971
mhpRp1,0.16666666666666666,5,5,CTTCATACCCAGGCCTGACG,0,2452145
mhpRp1,0.16666666666666666,5,5,CTTATGTCCCCGAATGGATT,0,2432477
mhpRp1,0.16666666666666666,5,5,CTTAAGGGTCCTTATATCAA,0,2424410
mhpRp1,0.16666666666666666,5,5,CTGTTTGGTCCAACGACTAT,0,2444812
mhpRp1,0.16666666666666666,5,5,CTGTCTAGTCCACGGAAGCC,0,2477447
mhpRp1,0.16666666666666666,5,5,CTGGTTAGAATGTGGCGAGG,0,2467576
mhpRp1,0.16666666666666666,5,5,CTGGGACCACACCCTTAGCA,0,2470758
mhpRp1,0.16666666666666666,5,5,CTGGACGATAGCGGATGACG,0,2433751
mhpRp1,0.16666666666666666,5,5,CTGGAAAAGGCTGACTTGAC,0,2448763
mhpRp1,0.16666666666666666,5,5,CTGCGAACACTCATGTCTTG,0,2469244
mhpRp1,0.16666666666666666,5,5,CTGCCGTTGTTTGCAATTTA,0,2444254
mhpRp1,0.16666666666666666,5,5,CTGCATGATTCCGGCCGACT,0,2441777
mhpRp1,0.16666666666666666,5,5,CTGCAGCCCTACAGTGGTAG,0,2479533
mhpRp1,0.16666666666666666,5,5,CTGACACCTTCGGGCAACTC,0,2431237
mhpRp1,0.16666666666666666,5,5,CTGAAGTATGGTACTGTCGC,0,2446584
mhpRp1,0.16666666666666666,5,5,CTCTGCTCAGGCCATATATA,0,2473039
mhpRp1,0.16666666666666666,5,5,CTCTCTGGTCTTTTGGTGCC,0,2450434
mhpRp1,0.16666666666666666,5,5,CTCTCCTCAACCATTCGGGT,0,2430868
mhpRp1,0.16666666666666666,5,5,CTCTATGGTCATGTCCTCAC,0,2464142
mhpRp1,0.16666666666666666,5,5,CTCGGTCGTCAAAAAGTAGG,0,2442081
mhpRp1,0.16666666666666666,5,5,CTCGACGCAATTCGTCGAAG,0,2436591
mhpRp1,0.16666666666666666,5,5,CTCGAATTCCCCACCTGTAT,0,2456996
mhpRp1,0.16666666666666666,5,5,CTCCTACGTAATGGGGGCTG,0,2466750
mhpRp1,0.16666666666666666,5,5,CTCCGGACTAGAGTTTGCCC,0,2464407
mhpRp1,0.16666666666666666,5,5,CTCCGCCTACCTGGACGTTC,0,2465480
mhpRp1,0.16666666666666666,5,5,CTCCACCTGGTTATACCAGT,0,2450778
mhpRp1,0.16666666666666666,5,5,CTCCACCTATCAGTCAAGGC,0,2466664
mhpRp1,0.16666666666666666,5,5,CTCAGGTTTGGCTCCCTCAG,0,2442362
mhpRp1,0.16666666666666666,5,5,CTCAGAGTGCCCCGCAGGTG,0,2473008
mhpRp1,0.16666666666666666,5,5,CTCACGTTTCATTCGGGAAA,0,2432063
mhpRp1,0.16666666666666666,5,5,CTCACCCACTGAGATATGAT,0,2438275
mhpRp1,0.16666666666666666,5,5,CTATCGTTTCGAGAGACGCA,0,2456334
mhpRp1,0.16666666666666666,5,5,CTATCAATCCTCCAGACAGC,0,2468375
mhpRp1,0.16666666666666666,5,5,CTAGTAAGGGAGCAATTAAA,0,2435327
mhpRp1,0.16666666666666666,5,5,CTAGGTTGAATAGGGCACTT,0,2476889
mhpRp1,0.16666666666666666,5,5,CTAGGAATCGGATTACTGTT,0,2473146
mhpRp1,0.16666666666666666,5,5,CTAGCGTCAAGGCCTATAAA,0,2430437
mhpRp1,0.16666666666666666,5,5,CTAGAGGTAAGAATAGTCAC,0,2436469
mhpRp1,0.16666666666666666,5,5,CTAGAGGACGTAGCTTTGGG,0,2449936
mhpRp1,0.16666666666666666,5,5,CTACATTCCGAAGCTATTGG,0,2437872
mhpRp1,0.16666666666666666,5,5,CTACAGCATCCTGCCGTTAA,0,2451148
mhpRp1,0.16666666666666666,5,5,CTAAGGGGGGAAGAGCAACT,0,2430145
mhpRp1,0.16666666666666666,5,5,CTAAAATCTTCAATCTTAAT,0,2442581
mhpRp1,0.16666666666666666,5,5,CGTTCCAAACACACCGAATA,0,2438614
mhpRp1,0.16666666666666666,5,5,CGTTCAAGGTATTGCCCACG,0,2450295
mhpRp1,0.16666666666666666,5,5,CGTTACCTAATGGCGCACAG,0,2441095
mhpRp1,0.16666666666666666,5,5,CGTGTTGTGTAATAAGTCAT,0,2425646
mhpRp1,0.16666666666666666,5,5,CGTGTCGTTCGATTCCGACA,0,2456914
mhpRp1,0.16666666666666666,5,5,CGTGTCATTGAGCCTTACAT,0,2457481
mhpRp1,0.16666666666666666,5,5,CGTGGATGGATCAACCCTTC,0,2461608
mhpRp1,0.16666666666666666,5,5,CGTCAGGTAGTCTCCTTGTG,0,2467760
mhpRp1,0.16666666666666666,5,5,CGTCACGATTGCCTATCACT,0,2450763
mhpRp1,0.16666666666666666,5,5,CGTCACCCCTAAGTGCCCAA,0,2446594
mhpRp1,0.16666666666666666,5,5,CGTAGCTAAAACGACTCGGA,0,2447123
mhpRp1,0.16666666666666666,5,5,CGTACGGCCAAAGCCAGTAT,0,2468887
mhpRp1,0.16666666666666666,5,5,CGTAATTGGCTAACTCCATT,0,2439166
mhpRp1,0.16666666666666666,5,5,CGGTGAAAGGCAACGGAATA,0,2433679
mhpRp1,0.16666666666666666,5,5,CGGTCTATCGCTGGTAGCTG,0,2478881
mhpRp1,0.16666666666666666,5,5,CGGTATGGGGGAAGCCGTCA,0,2434979
mhpRp1,0.16666666666666666,5,5,CGGTACTTCTGAAGATTTGG,0,2444843
mhpRp1,0.16666666666666666,5,5,CGGTACGGCGATCATGATAC,0,2430001
mhpRp1,0.16666666666666666,5,5,CGGTAAGTAACCTGTGACTA,0,2460329
mhpRp1,0.16666666666666666,5,5,CGGGGTTATGACACTGTTCT,0,2431884
mhpRp1,0.16666666666666666,5,5,CGGGCTAGCACGCACAATTT,0,2470067
mhpRp1,0.16666666666666666,5,5,CGGGACTGTCACATTTGGTA,0,2446240
mhpRp1,0.16666666666666666,5,5,CGGCGAATCAGGATTGCACG,0,2449516
mhpRp1,0.16666666666666666,5,5,CGGCAGTCAAGCAATGCTGT,0,2461125
mhpRp1,0.16666666666666666,5,5,CGGATCTGATGAGCAGCGTC,0,2428732
mhpRp1,0.16666666666666666,5,5,CGGATCACGAGCAATCACGC,0,2454760
mhpRp1,0.16666666666666666,5,5,CGGAGTACGCAGGATAATGA,0,2476426
mhpRp1,0.16666666666666666,5,5,CGGAGGCCCTGGGAGATTAT,0,2434771
mhpRp1,0.16666666666666666,5,5,CGGACTAGACCGTGGCTACA,0,2467531
mhpRp1,0.16666666666666666,5,5,CGGAACGTACCAATTAGCGT,0,2451482
mhpRp1,0.16666666666666666,5,5,CGCTTCCTCCAAGGGACAGT,0,2464258
mhpRp1,0.16666666666666666,5,5,CGCTACAAGGTCCTGGTATA,0,2464118
mhpRp1,0.16666666666666666,5,5,CGCGGTGGGTTCGTTCTGCG,0,2429138
mhpRp1,0.16666666666666666,5,5,CGCGGACGTTAATCACACCG,0,2447280
mhpRp1,0.16666666666666666,5,5,CGCGCCGCTATGTTCATGGA,0,2444317
mhpRp1,0.16666666666666666,5,5,CGCGCCCTAGGGGAAGGTTA,0,2471380
mhpRp1,0.16666666666666666,5,5,CGCGCATACACGACACACCA,0,2476431
mhpRp1,0.16666666666666666,5,5,CGCGATCCAGCAAGGGCACA,0,2460238
mhpRp1,0.16666666666666666,5,5,CGCCTCTCGTGGCGGCGAGA,0,2439335
mhpRp1,0.16666666666666666,5,5,CGCCGGGGTGAACGACCGAC,0,2445669
mhpRp1,0.16666666666666666,5,5,CGCCGAGACGAACTATCATT,0,2460659
mhpRp1,0.16666666666666666,5,5,CGCCACTAACTAAGCATGGA,0,2459782
mhpRp1,0.16666666666666666,5,5,CGCACCCCGGGCATCGCAGG,0,2436427
mhpRp1,0.16666666666666666,5,5,CGCAAGTTTCACGGAAGCAA,0,2437675
mhpRp1,0.16666666666666666,5,5,CGATTACAATGAAAGACACC,0,2443288
mhpRp1,0.16666666666666666,5,5,CGATGGCCCGCGGTCCCATT,0,2446331
mhpRp1,0.16666666666666666,5,5,CGAGTACGTATAGGGTAGAA,0,2460661
mhpRp1,0.16666666666666666,5,5,CGAGGTGTAACTTCGTCGTC,0,2457933
mhpRp1,0.16666666666666666,5,5,CGAGGCCCTATTCTGTGGCA,0,2424643
mhpRp1,0.16666666666666666,5,5,CGACTGGCACTCTAGGCTGC,0,2471211
mhpRp1,0.16666666666666666,5,5,CGAATCGATTATTCACTATT,0,2454000
mhpRp1,0.16666666666666666,5,5,CGAATAGTGTCTCAACTCAC,0,2455320
mhpRp1,0.16666666666666666,5,5,CCTTCCTGTGTAAAACTCAT,0,2465869
mhpRp1,0.16666666666666666,5,5,CCTGTCCAGAGCTTGGTGCT,0,2449848
mhpRp1,0.16666666666666666,5,5,CCTGACTACTCGGTTGGCAA,0,2465672
mhpRp1,0.16666666666666666,5,5,CCTCTAATGCAGATGAGTTT,0,2467880
mhpRp1,0.16666666666666666,5,5,CCTCGTCCCTGCGAGGAATG,0,2436565
mhpRp1,0.16666666666666666,5,5,CCTCCGCGCACTTTCTTTGA,0,2453454
mhpRp1,0.16666666666666666,5,5,CCTCCGCCCGCACACCACCC,0,2431699
mhpRp1,0.16666666666666666,5,5,CCTCCGCAGATCGGTATTCC,0,2455339
mhpRp1,0.16666666666666666,5,5,CCTCCGAACAGGTACTTTTG,0,2446261
mhpRp1,0.16666666666666666,5,5,CCTCAAGTCCTCGCAAGGGA,0,2449877
mhpRp1,0.16666666666666666,5,5,CCTAGCATAGTGTGTTGCGT,0,2454332
mhpRp1,0.16666666666666666,5,5,CCTACTGGAGATTGTTAGAA,0,2460313
mhpRp1,0.16666666666666666,5,5,CCGTAAGGGCATGCTTGCTT,0,2466214
mhpRp1,0.16666666666666666,5,5,CCGTAACAACCCTGCGAGCA,0,2429172
mhpRp1,0.16666666666666666,5,5,CCGGGTATATATGGGGGCAT,0,2437085
mhpRp1,0.16666666666666666,5,5,CCGGATCCAAGGATTCTGGG,0,2456487
mhpRp1,0.16666666666666666,5,5,CCGGAGTAGAACAATACGAG,0,2432174
mhpRp1,0.16666666666666666,5,5,CCGGAATATGGGTGGCCTCC,0,2444825
mhpRp1,0.16666666666666666,5,5,CCGCTCCAGACTGCACTGAG,0,2428907
mhpRp1,0.16666666666666666,5,5,CCGCGTGTTACTCTGCAGTT,0,2462940
mhpRp1,0.16666666666666666,5,5,CCGCGGCCGAGTAGACGTTC,0,2437234
mhpRp1,0.16666666666666666,5,5,CCGCGGCATACGAGTGGAAA,0,2438173
mhpRp1,0.16666666666666666,5,5,CCGCGGCAACTGGGGTTACA,0,2424179
mhpRp1,0.16666666666666666,5,5,CCGCCGTAATGGGCGTTTGG,0,2458122
mhpRp1,0.16666666666666666,5,5,CCGCATGTCGCGAAACGATA,0,2455959
mhpRp1,0.16666666666666666,5,5,CCGCATCGAGGGCAATTCAC,0,2442968
mhpRp1,0.16666666666666666,5,5,CCGATTTGTAGGGATTTATA,0,2427628
mhpRp1,0.16666666666666666,5,5,CCGAGGAAGTCCTGAGGGTA,0,2432966
mhpRp1,0.16666666666666666,5,5,CCCTCGTTTATCGTGGTCAT,0,2447837
mhpRp1,0.16666666666666666,5,5,CCCTAATTGGGATGTGCTCA,0,2459475
mhpRp1,0.16666666666666666,5,5,CCCGTCACGTATCAACAGTA,0,2431066
mhpRp1,0.16666666666666666,5,5,CCCGGTGGTCAGGGCACGAC,0,2453376
mhpRp1,0.16666666666666666,5,5,CCCGGGGCGTCCCCGCGTTC,0,2456916
mhpRp1,0.16666666666666666,5,5,CCCGCCAAGCCGTGACCGAT,0,2470600
mhpRp1,0.16666666666666666,5,5,CCCGCATTCTACGATGTGAC,0,2436767
mhpRp1,0.16666666666666666,5,5,CCCGAGGCAAACGTCTGTAT,0,2443424
mhpRp1,0.16666666666666666,5,5,CCCCTCTCGGCAAATTGAAG,0,2459373
mhpRp1,0.16666666666666666,5,5,CCCCTCTACGCAGTATGCCA,0,2448726
mhpRp1,0.16666666666666666,5,5,CCCCGGCTATCCCCACTTTC,0,2432745
mhpRp1,0.16666666666666666,5,5,CCCCCGATGGTCTGGAGATG,0,2426475
mhpRp1,0.16666666666666666,5,5,CCCCCCTCTTAACGCATAAA,0,2474029
mhpRp1,0.16666666666666666,5,5,CCCATTTGGGCCAAGGGCAA,0,2450660
mhpRp1,0.16666666666666666,5,5,CCCAGCGAAGTACCTTATCA,0,2435982
mhpRp1,0.16666666666666666,5,5,CCCACGGGAAGGGTAACGGT,0,2425835
mhpRp1,0.16666666666666666,5,5,CCCAAGGAGTGCTACGCCCA,0,2455824
mhpRp1,0.16666666666666666,5,5,CCATGTTAATAGCATCTAAA,0,2449097
mhpRp1,0.16666666666666666,5,5,CCATGACCATAACATTAGCC,0,2440265
mhpRp1,0.16666666666666666,5,5,CCAGTGATGTATGAGGCAAT,0,2457238
mhpRp1,0.16666666666666666,5,5,CCAGTACGCGGTAAGTCGAG,0,2441055
mhpRp1,0.16666666666666666,5,5,CCAGGTGGGCTATAGATAAA,0,2438461
mhpRp1,0.16666666666666666,5,5,CCAGCCATGCGCGCCGTGAC,0,2461302
mhpRp1,0.16666666666666666,5,5,CCAGCAAAGGCGCAGGGATG,0,2454966
mhpRp1,0.16666666666666666,5,5,CCAGAATTTTGTGATTAATA,0,2450747
mhpRp1,0.16666666666666666,5,5,CCACTTCGCTAGATACACCC,0,2460949
mhpRp1,0.16666666666666666,5,5,CCACGAGGGGCATCCACGGT,0,2462938
mhpRp1,0.16666666666666666,5,5,CCACCCGTGGATTCGGACAC,0,2463131
mhpRp1,0.16666666666666666,5,5,CCAATGGTTCATGCAAGCTG,0,2466335
mhpRp1,0.16666666666666666,5,5,CCAAGCCAAGGAGGTTCGCA,0,2477385
mhpRp1,0.16666666666666666,5,5,CATTTAGAGGGGGTAGTTTG,0,2457112
mhpRp1,0.16666666666666666,5,5,CATTGGCGTTCAGCATCGAA,0,2452469
mhpRp1,0.16666666666666666,5,5,CATTGATCTCCGTGGATTCT,0,2448432
mhpRp1,0.16666666666666666,5,5,CATTGAGGTTGAGTTGTCTT,0,2462506
mhpRp1,0.16666666666666666,5,5,CATTGACTGAGTGTGTCCCC,0,2477814
mhpRp1,0.16666666666666666,5,5,CATTCCGAAGAAATACCGAC,0,2432271
mhpRp1,0.16666666666666666,5,5,CATTATATACACCCACACCT,0,2435332
mhpRp1,0.16666666666666666,5,5,CATGGTAGACGTTCCGGCAT,0,2440164
mhpRp1,0.16666666666666666,5,5,CATGGCCACAGTTAAATAGA,0,2466662
mhpRp1,0.16666666666666666,5,5,CATGCGATGAATCTTTTTGC,0,2464443
mhpRp1,0.16666666666666666,5,5,CATCGATAAACAGTCGGGAA,0,2462004
mhpRp1,0.16666666666666666,5,5,CATCATCTGTTTTCTCCTTA,0,2478600
mhpRp1,0.16666666666666666,5,5,CATAGTGTCTAGACAGATGG,0,2438534
mhpRp1,0.16666666666666666,5,5,CAGTGCATCTTTCTATATTA,0,2455276
mhpRp1,0.16666666666666666,5,5,CAGTCAGGCATGTGCCTCTG,0,2436477
mhpRp1,0.16666666666666666,5,5,CAGGTTCCGCTTGCCGGGTT,0,2452038
mhpRp1,0.16666666666666666,5,5,CAGGTTATTATTATGGTGTA,0,2459628
mhpRp1,0.16666666666666666,5,5,CAGGTGTGTGACTGCGTGTT,0,2448560
mhpRp1,0.16666666666666666,5,5,CAGGTGGCACAGCATTAGCA,0,2474957
mhpRp1,0.16666666666666666,5,5,CAGGGGTGTCCTAATGGAAC,0,2449136
mhpRp1,0.16666666666666666,5,5,CAGGCCGAGTTAACCCGCGA,0,2471990
mhpRp1,0.16666666666666666,5,5,CAGGCATCATCTCACACTCA,0,2479039
mhpRp1,0.16666666666666666,5,5,CAGCTGTAAGCAAAGACTTA,0,2433817
mhpRp1,0.16666666666666666,5,5,CAGCATCACGGTTGTTGCCT,0,2476306
mhpRp1,0.16666666666666666,5,5,CAGATATTAGAAGATAAGGC,0,2430488
mhpRp1,0.16666666666666666,5,5,CAGATAACCAAAGGATAGGT,0,2449592
mhpRp1,0.16666666666666666,5,5,CAGAGCTACCGTAAAAATCC,0,2476172
mhpRp1,0.16666666666666666,5,5,CAGACCAATGGTAACATTGT,0,2429177
mhpRp1,0.16666666666666666,5,5,CACTTTTCCATAGAAACGCA,0,2451811
mhpRp1,0.16666666666666666,5,5,CACTGTCCAGCTCGTCGAAG,0,2436793
mhpRp1,0.16666666666666666,5,5,CACTGGTCTTCGGTCGAGGA,0,2478108
mhpRp1,0.16666666666666666,5,5,CACTGCACTTAACCCCGCCT,0,2451524
mhpRp1,0.16666666666666666,5,5,CACTGACTTGACACGGGAGG,0,2443104
mhpRp1,0.16666666666666666,5,5,CACTCTTCGCTCCGATACGT,0,2427311
mhpRp1,0.16666666666666666,5,5,CACGGTCTTCCTGTAAAAGT,0,2439729
mhpRp1,0.16666666666666666,5,5,CACGGGCTATGCGATTGAGC,0,2435650
mhpRp1,0.16666666666666666,5,5,CACGCATAGTTAGAGGCGAG,0,2472400
mhpRp1,0.16666666666666666,5,5,CACGCAGACTTGCTAAGGGG,0,2457847
mhpRp1,0.16666666666666666,5,5,CACCGCGTAGGGCGAAAGGT,0,2462333
mhpRp1,0.16666666666666666,5,5,CACATATGATAGTGCCTGGC,0,2441834
mhpRp1,0.16666666666666666,5,5,CAATTACGGTAAAAGTGGTC,0,2453915
mhpRp1,0.16666666666666666,5,5,CAATGGACGTAGGCAAAGTT,0,2445077
mhpRp1,0.16666666666666666,5,5,CAATCTTGATTTAGTCTTTG,0,2425962
mhpRp1,0.16666666666666666,5,5,CAAGTGACACTGTCGCTCAA,0,2473565
mhpRp1,0.16666666666666666,5,5,CAAGCAGAGCTGGTCTCATC,0,2438513
mhpRp1,0.16666666666666666,5,5,CAAGATGCAGAAATCGATAA,0,2468123
mhpRp1,0.16666666666666666,5,5,CAAGAATTATCTGAAAGAGG,0,2435596
mhpRp1,0.16666666666666666,5,5,CAACTGGGGTTAAATGCTTT,0,2477369
mhpRp1,0.16666666666666666,5,5,CAACTCGGGGGGTTTGCTCT,0,2469626
mhpRp1,0.16666666666666666,5,5,CAACAGCATAAGGTGAGCGT,0,2446158
mhpRp1,0.16666666666666666,5,5,CAACAAGGATTCATTCGGGA,0,2435478
mhpRp1,0.16666666666666666,5,5,CAAATGGGAAGTTCTGGAAC,0,2456229
mhpRp1,0.16666666666666666,5,5,CAAAGGGTGCGTCCGCTCTC,0,2436790
mhpRp1,0.16666666666666666,5,5,CAAACCGCGAGGAGGGCGAT,0,2472269
mhpRp1,0.16666666666666666,5,5,CAAAAGGTCTAATTAATACG,0,2447817
mhpRp1,0.16666666666666666,5,5,ATTTTTAAGCAGCGAGTCCT,0,2457397
mhpRp1,0.16666666666666666,5,5,ATTTTGTCAGAACCTTCTTC,0,2427307
mhpRp1,0.16666666666666666,5,5,ATTTGATACGAGATGTCGGC,0,2431460
mhpRp1,0.16666666666666666,5,5,ATTTCTACAGCTATCTAAGA,0,2463077
mhpRp1,0.16666666666666666,5,5,ATTGGTTAACCGGGATACCA,0,2434512
mhpRp1,0.16666666666666666,5,5,ATTGGCGTAAACTAGGGTGA,0,2473897
mhpRp1,0.16666666666666666,5,5,ATTGGAGCATCGCACTCGGA,0,2468298
mhpRp1,0.16666666666666666,5,5,ATTGCGCCCAGAGTGCAAAG,0,2430554
mhpRp1,0.16666666666666666,5,5,ATTGCAGCTTAGCATATGGC,0,2448067
mhpRp1,0.16666666666666666,5,5,ATTGCACCGAGGAGGTCGTA,0,2448875
mhpRp1,0.16666666666666666,5,5,ATTGAATGCTACGCGGCCAT,0,2460037
mhpRp1,0.16666666666666666,5,5,ATTCGGGAACCAGGTGGGAG,0,2475645
mhpRp1,0.16666666666666666,5,5,ATTCGCGGGTGGGCGAAGTG,0,2449810
mhpRp1,0.16666666666666666,5,5,ATTCCTTGGCTGTATTAAAT,0,2461078
mhpRp1,0.16666666666666666,5,5,ATTCACTCTCCTTGCAAGGA,0,2447380
mhpRp1,0.16666666666666666,5,5,ATTCAACTCGATCATCAGAC,0,2455314
mhpRp1,0.16666666666666666,5,5,ATTAGGCCTCTCGGTAGAAG,0,2450423
mhpRp1,0.16666666666666666,5,5,ATTAGATGAGACATAAATTA,0,2444674
mhpRp1,0.16666666666666666,5,5,ATTAAGAGCTTCGGATTTTA,0,2471847
mhpRp1,0.16666666666666666,5,5,ATTAACGGGGATTGGAGGTG,0,2463013
mhpRp1,0.16666666666666666,5,5,ATGTTGTACGATCCGAGCGG,0,2457910
mhpRp1,0.16666666666666666,5,5,ATGTACCTTCATCATTAACG,0,2439451
mhpRp1,0.16666666666666666,5,5,ATGTACACTTGTACGTTTTG,0,2449679
mhpRp1,0.16666666666666666,5,5,ATGGTGGGCCGTTCCTGGGA,0,2456358
mhpRp1,0.16666666666666666,5,5,ATGGTAGAGGTTCCGCGCGT,0,2475607
mhpRp1,0.16666666666666666,5,5,ATGGTAAATGGTAGACAACA,0,2426654
mhpRp1,0.16666666666666666,5,5,ATGGCACGAGGCGTGCCTGG,0,2462893
mhpRp1,0.16666666666666666,5,5,ATGGCAATCCGCGGTGGCCC,0,2438136
mhpRp1,0.16666666666666666,5,5,ATGGAGTTTGAACTTCTTCG,0,2438867
mhpRp1,0.16666666666666666,5,5,ATGCGTGGCCGTTAGAGAGG,0,2452668
mhpRp1,0.16666666666666666,5,5,ATGCCTTGAGGCATTATCAG,0,2436541
mhpRp1,0.16666666666666666,5,5,ATGCCCTGGGTCCCGCCGGC,0,2443994
mhpRp1,0.16666666666666666,5,5,ATGATCGGGTTCCCCGCCCG,0,2457506
mhpRp1,0.16666666666666666,5,5,ATGAGTAGGTACAATCGTCT,0,2428459
mhpRp1,0.16666666666666666,5,5,ATGAAACGAATGCACTCGGG,0,2435125
mhpRp1,0.16666666666666666,5,5,ATGAAAAGGCCAAGTGATGT,0,2476743
mhpRp1,0.16666666666666666,5,5,ATCTTCGTTGTTCTACAAGT,0,2465195
mhpRp1,0.16666666666666666,5,5,ATCGGAAAGGATGTCTATAG,0,2449924
mhpRp1,0.16666666666666666,5,5,ATCCTATTCCGCGCCTCGCC,0,2426319
mhpRp1,0.16666666666666666,5,5,ATCCGGCTAACGTTAGGGTT,0,2477438
mhpRp1,0.16666666666666666,5,5,ATCCATCTGGACCCCTAACC,0,2446789
mhpRp1,0.16666666666666666,5,5,ATCAGCATGCTAGAGCACAC,0,2473406
mhpRp1,0.16666666666666666,5,5,ATCACGTGAAACCGTACGGT,0,2434704
mhpRp1,0.16666666666666666,5,5,ATCACACCCCTTCCGGTCGA,0,2441621
mhpRp1,0.16666666666666666,5,5,ATCAACCGACAGACTCGCTC,0,2451067
mhpRp1,0.16666666666666666,5,5,ATATTAGCCGAAAAGGCCGG,0,2462483
mhpRp1,0.16666666666666666,5,5,ATATACCAGCGAATTTGGTT,0,2454198
mhpRp1,0.16666666666666666,5,5,ATAGTCGCAAGCTTCGCCCA,0,2450367
mhpRp1,0.16666666666666666,5,5,ATAGTATTCATTGTACGATT,0,2468888
mhpRp1,0.16666666666666666,5,5,ATAGGCCGCATACGGCTGTT,0,2476465
mhpRp1,0.16666666666666666,5,5,ATACTTCGTGCTAGAGCCCT,0,2442547
mhpRp1,0.16666666666666666,5,5,ATACGTAAGGGGTTATGCAA,0,2459078
mhpRp1,0.16666666666666666,5,5,ATACACGGTCTCCTAGATAA,0,2449478
mhpRp1,0.16666666666666666,5,5,ATACAAAGTGCTGGCGATTA,0,2425949
mhpRp1,0.16666666666666666,5,5,ATAATGACAACGTTAGGGGT,0,2455210
mhpRp1,0.16666666666666666,5,5,ATAATCTGCGATATGGTAAT,0,2479183
mhpRp1,0.16666666666666666,5,5,ATAAGGTGCGTAACATTGTA,0,2470345
mhpRp1,0.16666666666666666,5,5,ATAAACGTCGCTATTCTTCG,0,2440645
mhpRp1,0.16666666666666666,5,5,AGTTGGATAACCAGTCCATG,0,2462550
mhpRp1,0.16666666666666666,5,5,AGTTCTTAGACGTCCAGTCG,0,2440354
mhpRp1,0.16666666666666666,5,5,AGTTCACCCAGCGCCCACGT,0,2438240
mhpRp1,0.16666666666666666,5,5,AGTTAGAGCGGGTATTTGAG,0,2430280
mhpRp1,0.16666666666666666,5,5,AGTGTCAGTGCAGTTTCCTT,0,2450733
mhpRp1,0.16666666666666666,5,5,AGTGGTCTTCTAGGATGGAG,0,2454336
mhpRp1,0.16666666666666666,5,5,AGTGGTCCGAGCCACAGGCA,0,2429294
mhpRp1,0.16666666666666666,5,5,AGTGCCTTCCAACAGGCAAT,0,2437766
mhpRp1,0.16666666666666666,5,5,AGTGACCTGGTTTCACAGGG,0,2463429
mhpRp1,0.16666666666666666,5,5,AGTGAATTTCCTGCACCACG,0,2452616
mhpRp1,0.16666666666666666,5,5,AGTGAAACTATGCTCAACGT,0,2436047
mhpRp1,0.16666666666666666,5,5,AGTCTTCCAACAGGGGATAA,0,2460318
mhpRp1,0.16666666666666666,5,5,AGTATGAATCGCCGACCATG,0,2440637
mhpRp1,0.16666666666666666,5,5,AGTAGTTGTAGTGTGGCCGC,0,2473586
mhpRp1,0.16666666666666666,5,5,AGTACAGCTACCACTAAGTA,0,2427915
mhpRp1,0.16666666666666666,5,5,AGTAATACTTCAGACTTCTA,0,2470123
mhpRp1,0.16666666666666666,5,5,AGTAAGGAAAGCTGCCCGAA,0,2461373
mhpRp1,0.16666666666666666,5,5,AGGTTGTGCTCCAGGGTTTG,0,2474332
mhpRp1,0.16666666666666666,5,5,AGGTTCTTCCGTCAGCATGC,0,2435170
mhpRp1,0.16666666666666666,5,5,AGGTGTAAAGAGGATTGCCC,0,2432095
mhpRp1,0.16666666666666666,5,5,AGGTACGTCACCGTGAGTGA,0,2471689
mhpRp1,0.16666666666666666,5,5,AGGGTGCATTACGATAAATA,0,2447820
mhpRp1,0.16666666666666666,5,5,AGGGGCGCCAATTGCTAGCT,0,2437690
mhpRp1,0.16666666666666666,5,5,AGGGGACCAGAGCTATACCA,0,2475309
mhpRp1,0.16666666666666666,5,5,AGGGCTCTCAAACGGGAGGG,0,2455161
mhpRp1,0.16666666666666666,5,5,AGGGCTAGGTCAACAAGGCC,0,2438940
mhpRp1,0.16666666666666666,5,5,AGGGCCTGCGTCACAAATGC,0,2470804
mhpRp1,0.16666666666666666,5,5,AGGGATGCCCTTGTAAGGTT,0,2458856
mhpRp1,0.16666666666666666,5,5,AGGGATGACCGGTTGGCCCG,0,2474363
mhpRp1,0.16666666666666666,5,5,AGGGAGTAGAAAATCTCGTT,0,2450731
mhpRp1,0.16666666666666666,5,5,AGGCTTTGCCCAGAATTGGG,0,2471563
mhpRp1,0.16666666666666666,5,5,AGGCGAATTACCCCCTGGTG,0,2431522
mhpRp1,0.16666666666666666,5,5,AGGCCGACGCCACATTATAG,0,2423783
mhpRp1,0.16666666666666666,5,5,AGGCATAGGGGAGTAGTTAC,0,2469605
mhpRp1,0.16666666666666666,5,5,AGGCAGTAAATTTTAGGTAA,0,2427845
mhpRp1,0.16666666666666666,5,5,AGGACCTACGCTGGCGATAT,0,2467355
mhpRp1,0.16666666666666666,5,5,AGGACCCTTGCAGCCGTTTG,0,2464043
mhpRp1,0.16666666666666666,5,5,AGGAATGTTGACCATCTCAA,0,2443255
mhpRp1,0.16666666666666666,5,5,AGGAAGGCTTCTTCTAACAA,0,2439910
mhpRp1,0.16666666666666666,5,5,AGGAACGTAATTAAAAGGAC,0,2449729
mhpRp1,0.16666666666666666,5,5,AGCTGCATTGGACAATGAGA,0,2427386
mhpRp1,0.16666666666666666,5,5,AGCTATTGGTTGTGTACGAT,0,2461866
mhpRp1,0.16666666666666666,5,5,AGCGTATCGGGCAACTCGTT,0,2428570
mhpRp1,0.16666666666666666,5,5,AGCGGTATTGGGACGAGCAG,0,2467679
mhpRp1,0.16666666666666666,5,5,AGCCTCTCCCGATCGGTAAG,0,2454629
mhpRp1,0.16666666666666666,5,5,AGCCTAGATTCTGCTCCGCT,0,2475489
mhpRp1,0.16666666666666666,5,5,AGCATGCCCATTACATGCCA,0,2479010
mhpRp1,0.16666666666666666,5,5,AGCAAATTCGCACTGGGGGG,0,2478364
mhpRp1,0.16666666666666666,5,5,AGCAAATTAGGGATGGGAGT,0,2473689
mhpRp1,0.16666666666666666,5,5,AGAGGGGGTGTGAGGACCTA,0,2440567
mhpRp1,0.16666666666666666,5,5,AGAGCGTTGATCTTTCGTAG,0,2453290
mhpRp1,0.16666666666666666,5,5,AGAGCGCAGTTTAATTCAGA,0,2440682
mhpRp1,0.16666666666666666,5,5,AGAGCGAATGACTTCGCTGT,0,2467893
mhpRp1,0.16666666666666666,5,5,AGAGCCATATCATAGCTTAA,0,2451177
mhpRp1,0.16666666666666666,5,5,AGAGAGGCCAGATACTTAGT,0,2425980
mhpRp1,0.16666666666666666,5,5,AGACGTTGGCGTCTAGGGCG,0,2426563
mhpRp1,0.16666666666666666,5,5,AGACCCCTTATGCCCAGTTT,0,2433186
mhpRp1,0.16666666666666666,5,5,ACTGTGTGCGACCCGCATAA,0,2430720
mhpRp1,0.16666666666666666,5,5,ACTGTCATGATTCATCTACA,0,2437071
mhpRp1,0.16666666666666666,5,5,ACTCGGTGGGCGAATCCCGC,0,2430850
mhpRp1,0.16666666666666666,5,5,ACTCGGCCCACCGGCGCTAT,0,2428947
mhpRp1,0.16666666666666666,5,5,ACTCGACAGAGATCTGTAAC,0,2448600
mhpRp1,0.16666666666666666,5,5,ACGTCATCATTACTGGTTAT,0,2450129
mhpRp1,0.16666666666666666,5,5,ACGTATCAAATTATTTCCTA,0,2429583
mhpRp1,0.16666666666666666,5,5,ACGGTGAGTTCGTGCGCGAA,0,2448738
mhpRp1,0.16666666666666666,5,5,ACGGGTAGGCCGTCCCTAAT,0,2464605
mhpRp1,0.16666666666666666,5,5,ACGGGTAGCCTGCCCTACCG,0,2458408
mhpRp1,0.16666666666666666,5,5,ACGGGAAGTGCCCCGGTATG,0,2428528
mhpRp1,0.16666666666666666,5,5,ACGGCTCCCCGGAAAGGGCT,0,2441875
mhpRp1,0.16666666666666666,5,5,ACGGATGATGTGCAACATCG,0,2479410
mhpRp1,0.16666666666666666,5,5,ACGCGCATATGGGCCGGCGT,0,2453255
mhpRp1,0.16666666666666666,5,5,ACGCGAGTGCTTCCGTTAGT,0,2450807
mhpRp1,0.16666666666666666,5,5,ACGCCGGGTAATGCCACACA,0,2478025
mhpRp1,0.16666666666666666,5,5,ACGCCACACGTCTGTATCAC,0,2432923
mhpRp1,0.16666666666666666,5,5,ACGACTGATGTCTATCCTTG,0,2437394
mhpRp1,0.16666666666666666,5,5,ACGACGGAGTGGTAGCCCTG,0,2442184
mhpRp1,0.16666666666666666,5,5,ACGACCGGAAGCGGGGGTTA,0,2477879
mhpRp1,0.16666666666666666,5,5,ACGACATCGAATTATAATTA,0,2461346
mhpRp1,0.16666666666666666,5,5,ACGAACTGCCACAACTGTGT,0,2431744
mhpRp1,0.16666666666666666,5,5,ACGAAATTGGGGAAAAAAAA,0,2454822
mhpRp1,0.16666666666666666,5,5,ACGAAATTGGCCAAAGTTGC,0,2442326
mhpRp1,0.16666666666666666,5,5,ACGAAATTATACATAGCCCA,0,2466143
mhpRp1,0.16666666666666666,5,5,ACCTAATCCTTACTAGGCGG,0,2435852
mhpRp1,0.16666666666666666,5,5,ACCGGGTGAAATCACATGAA,0,2458442
mhpRp1,0.16666666666666666,5,5,ACCGGCAGAAGATGTTTCGT,0,2453775
mhpRp1,0.16666666666666666,5,5,ACCGGAAGCTGGAAATCTAC,0,2448143
mhpRp1,0.16666666666666666,5,5,ACCCCCCTGATCTTCCCACC,0,2475867
mhpRp1,0.16666666666666666,5,5,ACCCAGTGCCACACGCGCCG,0,2442889
mhpRp1,0.16666666666666666,5,5,ACCCACTAAGTTGTCTATAT,0,2436847
mhpRp1,0.16666666666666666,5,5,ACCATGATTAACTCAATTTC,0,2454303
mhpRp1,0.16666666666666666,5,5,ACCATCTAACACTGACTGGG,0,2446149
mhpRp1,0.16666666666666666,5,5,ACATGATGTCAGTGATCTCT,0,2450512
mhpRp1,0.16666666666666666,5,5,ACATCGCCTGTGGCGCGTTG,0,2436715
mhpRp1,0.16666666666666666,5,5,ACATACCCTATCCCGCTCTT,0,2435230
mhpRp1,0.16666666666666666,5,5,ACAGTGTTCACTTTGCCAAT,0,2462860
mhpRp1,0.16666666666666666,5,5,ACACTTGCGTGGCATCTCGA,0,2438050
mhpRp1,0.16666666666666666,5,5,ACACTCGCATGGTCGTGACT,0,2475862
mhpRp1,0.16666666666666666,5,5,ACACCTCCGCATCGGTTGCG,0,2465124
mhpRp1,0.16666666666666666,5,5,ACAAGTCCGCAGCCGGGCTG,0,2438801
mhpRp1,0.16666666666666666,5,5,ACAAGGCCGGAGGGCTCAAT,0,2439190
mhpRp1,0.16666666666666666,5,5,ACAAAACGGCGGGGGTCAAA,0,2439181
mhpRp1,0.16666666666666666,5,5,AATTGGACTGTGTGTTGGCG,0,2475728
mhpRp1,0.16666666666666666,5,5,AATTGAGAAGACTTTGCATG,0,2438966
mhpRp1,0.16666666666666666,5,5,AATTCTACAAGTCCGGTAGC,0,2479472
mhpRp1,0.16666666666666666,5,5,AATGGCGCCACAGGAATTTC,0,2466227
mhpRp1,0.16666666666666666,5,5,AATGCGGTCAATACGTACCT,0,2440197
mhpRp1,0.16666666666666666,5,5,AATCTCAGTTTACTTCGAGA,0,2433719
mhpRp1,0.16666666666666666,5,5,AATATATATGGTAACTTCCA,0,2440278
mhpRp1,0.16666666666666666,5,5,AATAGCTTGAGGAGCGTGAT,0,2427348
mhpRp1,0.16666666666666666,5,5,AATACGTCACAGCCCACGGG,0,2439704
mhpRp1,0.16666666666666666,5,5,AAGTTCGTATTGTAACAGGA,0,2447039
mhpRp1,0.16666666666666666,5,5,AAGGCTGGAATCTCAGTGAC,0,2449883
mhpRp1,0.16666666666666666,5,5,AAGGATGAGGTTTTTATGTT,0,2425776
mhpRp1,0.16666666666666666,5,5,AAGGAGTTACTGGATCATTG,0,2477822
mhpRp1,0.16666666666666666,5,5,AAGCTATCATGCTCGAAACG,0,2474195
mhpRp1,0.16666666666666666,5,5,AAGCGTTTCAGAGTCGTGAA,0,2475022
mhpRp1,0.16666666666666666,5,5,AAGCGGGAGTAGGCACTAAA,0,2470995
mhpRp1,0.16666666666666666,5,5,AAGCAATCCTACTTATTGCT,0,2456070
mhpRp1,0.16666666666666666,5,5,AAGATGGCACCATGGGTATT,0,2439531
mhpRp1,0.16666666666666666,5,5,AAGATCAAGTAAGGTGGGGT,0,2467030
mhpRp1,0.16666666666666666,5,5,AAGAGTTAGGCCGAGTGTAC,0,2444032
mhpRp1,0.16666666666666666,5,5,AAGACTGAACGGGCACGGCG,0,2470427
mhpRp1,0.16666666666666666,5,5,AAGAACGCGCCGGGGCGCCT,0,2444003
mhpRp1,0.16666666666666666,5,5,AAGAAATTCACCAGTTGGCA,0,2431608
mhpRp1,0.16666666666666666,5,5,AACTTGTTTGGGGAGCAAAC,0,2440364
mhpRp1,0.16666666666666666,5,5,AACTTAGGTCTAGGTTGCTC,0,2430444
mhpRp1,0.16666666666666666,5,5,AACTGGAGGTCGTGAGACCT,0,2427466
mhpRp1,0.16666666666666666,5,5,AACTGAGTGGTGGCGCGGAC,0,2463759
mhpRp1,0.16666666666666666,5,5,AACTCTGAATGAACATGGTT,0,2434518
mhpRp1,0.16666666666666666,5,5,AACTCATCGACGTTTCGCAA,0,2467173
mhpRp1,0.16666666666666666,5,5,AACTCAAGGGTACTGGGGAA,0,2424184
mhpRp1,0.16666666666666666,5,5,AACTACCGCCCTATTCGCTG,0,2424434
mhpRp1,0.16666666666666666,5,5,AACGGTATACACAGGGACGA,0,2436453
mhpRp1,0.16666666666666666,5,5,AACGGGAGGCGCGGCGCTAC,0,2448178
mhpRp1,0.16666666666666666,5,5,AACGCAGGGATGCTTGATAT,0,2450632
mhpRp1,0.16666666666666666,5,5,AACGATGGGAGGAAAGAGTA,0,2477900
mhpRp1,0.16666666666666666,5,5,AACGACATACACCTTGCCTA,0,2468213
mhpRp1,0.16666666666666666,5,5,AACCTGATCCGCTCACCACG,0,2461029
mhpRp1,0.16666666666666666,5,5,AACCCCATTGTGGGGCGAGC,0,2435083
mhpRp1,0.16666666666666666,5,5,AACCACGTCAATATACGGTA,0,2465936
mhpRp1,0.16666666666666666,5,5,AACAGGGCGTAGTCGATGGT,0,2426255
mhpRp1,0.16666666666666666,5,5,AACACGGCATTTCGATCTTT,0,2439528
mhpRp1,0.16666666666666666,5,5,AACACAATTATTCGGGAGCG,0,2455956
mhpRp1,0.16666666666666666,5,5,AACAAGTGCAGTTTGGCCAG,0,2470453
mhpRp1,0.16666666666666666,5,5,AACAAGCTGCTAAATTAGTT,0,2438174
mhpRp1,0.16666666666666666,5,5,AACAAAGAGGCATGTAGGGT,0,2470398
mhpRp1,0.16666666666666666,5,5,AAATTTCGGACAAGTTCCCA,0,2470224
mhpRp1,0.16666666666666666,5,5,AAATCCTTTATTAGATGCCA,0,2455791
mhpRp1,0.16666666666666666,5,5,AAATACGGGACTGCAATATA,0,2454923
mhpRp1,0.16666666666666666,5,5,AAAGTAAGACAACTCGGGCT,0,2477420
mhpRp1,0.16666666666666666,5,5,AAAGGTTGTCTCATGGACAG,0,2427739
mhpRp1,0.16666666666666666,5,5,AAAGGGAATTTCAGCTGGTA,0,2459967
mhpRp1,0.16666666666666666,5,5,AAAGCCTGTAGAGGATGTGA,0,2447435
mhpRp1,0.16666666666666666,5,5,AAAAGTACCTCATCAGGCTA,0,2442272
mhpRp1,0.16666666666666666,5,5,AAAAGGGTAGTATTTAAAAT,0,2465943
mhpRp1,0.16666666666666666,5,5,AAAACTCCGGATCGTGGAGG,0,2460320
mhpRp1,0.16666666666666666,5,5,AAAAAATCCCTCCTGGTCTC,0,2469967
mhpRp1,0.16666666666666666,5,5,AAAAAAATCCTTCCATGTTT,0,2430302
mhpRp1,0.2,4,4,TTTTTTCAACAAGGGTACCT,0,2425770
mhpRp1,0.2,4,4,TTTTGCGCGTACAGTTCACC,0,2433307
mhpRp1,0.2,4,4,TTTTCTGTTCATGGATACTA,0,2475995
mhpRp1,0.2,4,4,TTTGTCTTGGCGACTTTCCA,0,2445738
mhpRp1,0.2,4,4,TTTGGACGGAATAAGCTCGG,0,2466627
mhpRp1,0.2,4,4,TTTGAACTCAGGGTGCTGAA,0,2447084
mhpRp1,0.2,4,4,TTTCTGAGTAGAAAAACACT,0,2474337
mhpRp1,0.2,4,4,TTTCTCGTTAGGATTCTAAG,0,2468633
mhpRp1,0.2,4,4,TTTCTACCGGTCGGGGTGAT,0,2454573
mhpRp1,0.2,4,4,TTTCAGCCGTCGGCCAAATG,0,2457568
mhpRp1,0.2,4,4,TTTATTCGATCCTCGTCACA,0,2438659
mhpRp1,0.2,4,4,TTTAGTTCATTAGGCGATCC,0,2451102
mhpRp1,0.2,4,4,TTTACCCCAGGTCCTGTAGG,0,2442780
mhpRp1,0.2,4,4,TTTAATCAGACGCCAATGCC,0,2477171
mhpRp1,0.2,4,4,TTGTGCAGTGTTTTAAGGAC,0,2453641
mhpRp1,0.2,4,4,TTGTAGCGGAGTGATTTTAA,0,2424573
mhpRp1,0.2,4,4,TTGGTGCTGTGACAACAGTG,0,2477848
mhpRp1,0.2,4,4,TTGGGTATGAATGTATACAG,0,2468242
mhpRp1,0.2,4,4,TTGGCACGGTCCCAGAGCAA,0,2436531
mhpRp1,0.2,4,4,TTGGAAGCGTTTGATTGGCA,0,2437584
mhpRp1,0.2,4,4,TTGCTTTCTGGCTAGGCAAG,0,2461488
mhpRp1,0.2,4,4,TTGCGCTAAATATGGTACAT,0,2456018
mhpRp1,0.2,4,4,TTGCGAGACGTTTTGGTTCT,0,2435849
mhpRp1,0.2,4,4,TTGCCTATTGGCCGCTTTAA,0,2474898
mhpRp1,0.2,4,4,TTGCCGTCTATAAGAACATA,0,2453739
mhpRp1,0.2,4,4,TTGATTTTGAGTTCAGGGTC,0,2445530
mhpRp1,0.2,4,4,TTGATTGAATCAGGCAACTT,0,2466026
mhpRp1,0.2,4,4,TTGATTATTACATTGTCAGA,0,2455300
mhpRp1,0.2,4,4,TTGAGTCGATGACAGGTTCA,0,2474950
mhpRp1,0.2,4,4,TTGAATGTCGTCCCGACCAA,0,2436460
mhpRp1,0.2,4,4,TTGAATCGTGTGTTCCATCT,0,2465801
mhpRp1,0.2,4,4,TTCTGATACTATGGGTACGA,0,2427836
mhpRp1,0.2,4,4,TTCTACTTATCGTACATTTG,0,2433977
mhpRp1,0.2,4,4,TTCGTGGGTCCGTTGGCGTA,0,2431597
mhpRp1,0.2,4,4,TTCGTATGCGAGCTAGGCGA,0,2477567
mhpRp1,0.2,4,4,TTCGGTACATAGCTAGATAA,0,2447892
mhpRp1,0.2,4,4,TTCGGCTTGTGAAGCAGTTT,0,2479548
mhpRp1,0.2,4,4,TTCGCATTTTCATGTAGCAA,0,2475435
mhpRp1,0.2,4,4,TTCCTCAGAGGAGCCCTTAG,0,2473709
mhpRp1,0.2,4,4,TTCCCTTTCCTGTCTCTGCG,0,2440525
mhpRp1,0.2,4,4,TTCCCTTCGAGGTATCACAT,0,2424570
mhpRp1,0.2,4,4,TTCCCCCCACGGTCCCGTTT,0,2458947
mhpRp1,0.2,4,4,TTCCATGTGCTTACCTACTA,0,2424221
mhpRp1,0.2,4,4,TTCCAGCCCTCGGACGAGTA,0,2452260
mhpRp1,0.2,4,4,TTCATATCTGCCACCTCCAG,0,2471872
mhpRp1,0.2,4,4,TTCAGGCTTACAGGATCGAC,0,2460130
mhpRp1,0.2,4,4,TTCAGCGCACACTCGTAAGT,0,2472585
mhpRp1,0.2,4,4,TTCAGATTATTGCTGTCGCT,0,2438760
mhpRp1,0.2,4,4,TTCACTAGTTAAGTCCAGTA,0,2431288
mhpRp1,0.2,4,4,TTCACATGGGGGTTTCAATC,0,2439657
mhpRp1,0.2,4,4,TTCACATAAGAAACCGAGTA,0,2467359
mhpRp1,0.2,4,4,TTCACAGAGCTTCCGTGCAG,0,2438618
mhpRp1,0.2,4,4,TTCAACAGAGCTAATGCCGC,0,2465882
mhpRp1,0.2,4,4,TTATGGTGTTAATGGTAACG,0,2477147
mhpRp1,0.2,4,4,TTATGAGTCGTAGGGACTGC,0,2432918
mhpRp1,0.2,4,4,TTATCGGTATGCCCCGTCGT,0,2431694
mhpRp1,0.2,4,4,TTATCAAGAGGCTGTACTTA,0,2463441
mhpRp1,0.2,4,4,TTAGTTTGAGAGCCCGTCTA,0,2432797
mhpRp1,0.2,4,4,TTAGTTCGACCCGCGGCGTG,0,2474529
mhpRp1,0.2,4,4,TTAGTTAATCCAGAAGCAGC,0,2463809
mhpRp1,0.2,4,4,TTAGGATAACATACGTCCAA,0,2429887
mhpRp1,0.2,4,4,TTAGCTGGGATGTACTGGGT,0,2442382
mhpRp1,0.2,4,4,TTAGCCTTGTAAAGTAGCAG,0,2435120
mhpRp1,0.2,4,4,TTAGCCCGGGCAGGTGATTT,0,2478986
mhpRp1,0.2,4,4,TTAGCACCCGACGAGGTCAC,0,2430470
mhpRp1,0.2,4,4,TTAGAGCCGACAAGTGACAA,0,2473470
mhpRp1,0.2,4,4,TTAATGACACACCTGAGCGC,0,2428049
mhpRp1,0.2,4,4,TTAATCTCCTTGCAAGTTCT,0,2433549
mhpRp1,0.2,4,4,TTAATAGGTCGCAGTTGGCA,0,2441837
mhpRp1,0.2,4,4,TTAAGTGCTATGGGAAGGGA,0,2452980
mhpRp1,0.2,4,4,TTAAGCTGGTACTACCGGAT,0,2466391
mhpRp1,0.2,4,4,TGTTCCTTACTAGCTTATAC,0,2456213
mhpRp1,0.2,4,4,TGTGGTTGCAAATATGAGAG,0,2455544
mhpRp1,0.2,4,4,TGTGGTCAACCACGCGACAT,0,2423917
mhpRp1,0.2,4,4,TGTCTGCCATGGCCTGCTCG,0,2469781
mhpRp1,0.2,4,4,TGTCTCCTCGGTTGAAGAAT,0,2468246
mhpRp1,0.2,4,4,TGTCCTAGTCAATTCATGGT,0,2434186
mhpRp1,0.2,4,4,TGTCCACGAAAGACCCGGAA,0,2473724
mhpRp1,0.2,4,4,TGTCCAACGATTTACTGTTT,0,2463105
mhpRp1,0.2,4,4,TGTAATAGCTGACTCTAGGC,0,2467435
mhpRp1,0.2,4,4,TGGTCGCTAGTGAACAAGTA,0,2444149
mhpRp1,0.2,4,4,TGGTCATCGTGTCCGCATGT,0,2461439
mhpRp1,0.2,4,4,TGGGTTCCACGCTGGTCGTT,0,2478670
mhpRp1,0.2,4,4,TGGGTGCGAGCGGTGTTCCG,0,2445962
mhpRp1,0.2,4,4,TGGGGTGTATCGCCGTAAAA,0,2460257
mhpRp1,0.2,4,4,TGGGGCAACACTTGATAGCT,0,2428585
mhpRp1,0.2,4,4,TGGGGACGGTGGGAGCACTT,0,2450055
mhpRp1,0.2,4,4,TGGGCAAACCTGTTTAATGT,0,2455118
mhpRp1,0.2,4,4,TGGGACTCGTTAACCCTCCG,0,2469033
mhpRp1,0.2,4,4,TGGCTGGATCACTCGAGTGT,0,2432335
mhpRp1,0.2,4,4,TGGCTAGAAGGACGGCGGGG,0,2449086
mhpRp1,0.2,4,4,TGGCGTGAGGCGTTAAAATA,0,2459052
mhpRp1,0.2,4,4,TGGCCGTCCCCGATTGGGTT,0,2441954
mhpRp1,0.2,4,4,TGGACAGGATGCAGTGCCTG,0,2468801
mhpRp1,0.2,4,4,TGCTTCATAAACTTCCTAGA,0,2431410
mhpRp1,0.2,4,4,TGCTAGTCTATGGGACTTAC,0,2447946
mhpRp1,0.2,4,4,TGCGTACCATTCCGGAGCAT,0,2460801
mhpRp1,0.2,4,4,TGCGGGTTGGGGGCTACAAA,0,2477017
mhpRp1,0.2,4,4,TGCGGAACCTTTGCTCAGCA,0,2444140
mhpRp1,0.2,4,4,TGCGCAATCCGAAGATTATC,0,2457133
mhpRp1,0.2,4,4,TGCCTTGGAAGAAATCCATA,0,2464287
mhpRp1,0.2,4,4,TGCCGGGGATGTCCTCTGTA,0,2465713
mhpRp1,0.2,4,4,TGCCCCGACAACTACATCTA,0,2465825
mhpRp1,0.2,4,4,TGCCCCCGTGTTGGGTAAGA,0,2430285
mhpRp1,0.2,4,4,TGCCCCCGAAAAATTATACA,0,2457087
mhpRp1,0.2,4,4,TGCCAGGAGACCGGTAGGTG,0,2431610
mhpRp1,0.2,4,4,TGCCACTACAATGAATAAGA,0,2431785
mhpRp1,0.2,4,4,TGCCAAGGTTCCCAATAGCG,0,2454834
mhpRp1,0.2,4,4,TGCATTACCCCGCAGGGATC,0,2475248
mhpRp1,0.2,4,4,TGCATGAGGACACCATCGCA,0,2453974
mhpRp1,0.2,4,4,TGCATATTGGCTGGGCTCAA,0,2454276
mhpRp1,0.2,4,4,TGCACGCGTAGTTAACGCAT,0,2427185
mhpRp1,0.2,4,4,TGCACCAGAGATTTATCTGA,0,2470448
mhpRp1,0.2,4,4,TGCAATGCCGATTTTGACCC,0,2473361
mhpRp1,0.2,4,4,TGCAAACTGTTTAAGGTTTT,0,2453882
mhpRp1,0.2,4,4,TGATTCTCAATCCAAATCTG,0,2472603
mhpRp1,0.2,4,4,TGATTCGAAGGGTTGCGGCG,0,2459355
mhpRp1,0.2,4,4,TGATCTCTGCGGAAGCGTTT,0,2446471
mhpRp1,0.2,4,4,TGAGGAACTTGGCAGATGTC,0,2442130
mhpRp1,0.2,4,4,TGAGACCTCCCCGCATTCAT,0,2473646
mhpRp1,0.2,4,4,TGACGCCGAGACTGTCTCTA,0,2455206
mhpRp1,0.2,4,4,TGACGAGCGTGCAAAGCCGC,0,2450267
mhpRp1,0.2,4,4,TGACCCATGGTCTTTGCGCC,0,2474720
mhpRp1,0.2,4,4,TGACAACTGTTCTCGGGGTG,0,2471566
mhpRp1,0.2,4,4,TGACAAAATTCGTGCGACTT,0,2476226
mhpRp1,0.2,4,4,TGAAGAACATGCTACTGTGA,0,2432999
mhpRp1,0.2,4,4,TCTTTATAGAATGGCCAGGT,0,2443626
mhpRp1,0.2,4,4,TCTTGAATGGGACCTCAAAC,0,2449347
mhpRp1,0.2,4,4,TCTTCTTTCTTATCGTTTCA,0,2476877
mhpRp1,0.2,4,4,TCTTCTATGCTCGTATGATG,0,2459527
mhpRp1,0.2,4,4,TCTGTTTAAGATAGGATTTG,0,2424586
mhpRp1,0.2,4,4,TCTGTGCGCCAACTTGAGTA,0,2443807
mhpRp1,0.2,4,4,TCTGTATTGCGCACAACTTC,0,2446694
mhpRp1,0.2,4,4,TCTGTAGCTTTAGTAACGAT,0,2428121
mhpRp1,0.2,4,4,TCTGTACACGAGCCACTTTC,0,2460694
mhpRp1,0.2,4,4,TCTGAGTCCGTTAACATTTC,0,2457086
mhpRp1,0.2,4,4,TCTGACCCCACCGCGCCATA,0,2477686
mhpRp1,0.2,4,4,TCTCGTCACAAACCGGCCAA,0,2438074
mhpRp1,0.2,4,4,TCTCGCAGGATGAGGGTGGC,0,2465618
mhpRp1,0.2,4,4,TCTCGACCTTTTGGACGCCC,0,2451957
mhpRp1,0.2,4,4,TCTCATCGGGGCCACATGCT,0,2458858
mhpRp1,0.2,4,4,TCTATTATTGAAGTAAGTAA,0,2427427
mhpRp1,0.2,4,4,TCTATTATACTGTAAGCGTA,0,2464164
mhpRp1,0.2,4,4,TCTATGCATTGGGATCAAAT,0,2435602
mhpRp1,0.2,4,4,TCTAGCGCGTCGAAAGACAG,0,2451427
mhpRp1,0.2,4,4,TCTAAGGCCCCCCGGTGGAA,0,2448329
mhpRp1,0.2,4,4,TCGTTTCCCTTTTACGTGCT,0,2431971
mhpRp1,0.2,4,4,TCGTTAGTTCGGGAGAGTAG,0,2445933
mhpRp1,0.2,4,4,TCGTGCTAATGATATATATA,0,2455406
mhpRp1,0.2,4,4,TCGTACCGCGCTAAGGTTCG,0,2433950
mhpRp1,0.2,4,4,TCGGTTCTCGTATCGGGAGG,0,2478820
mhpRp1,0.2,4,4,TCGGTGCGGAACGGTGATCG,0,2431758
mhpRp1,0.2,4,4,TCGGGAGCCTTGACGTATTG,0,2465802
mhpRp1,0.2,4,4,TCGGATGGGAACACGGTAGT,0,2459435
mhpRp1,0.2,4,4,TCGGACGCTCTCGCAGTGGA,0,2425777
mhpRp1,0.2,4,4,TCGGAATGGCGGCTGGGTTA,0,2464792
mhpRp1,0.2,4,4,TCGCGTGACGATGCACACTC,0,2464871
mhpRp1,0.2,4,4,TCGCCCCATAAGGAAGCGCG,0,2424414
mhpRp1,0.2,4,4,TCGCATTTGACCAGCTTTCG,0,2434382
mhpRp1,0.2,4,4,TCGCATGTCTGGTCCTCTGT,0,2437053
mhpRp1,0.2,4,4,TCGCATCGCGATGTTTGTCG,0,2449469
mhpRp1,0.2,4,4,TCGATCTATATGGATTGTCA,0,2450621
mhpRp1,0.2,4,4,TCGACTTCCGAGGTTACATG,0,2460908
mhpRp1,0.2,4,4,TCGACGTAGGTTTGCGTTCT,0,2457384
mhpRp1,0.2,4,4,TCGACGGATTAAATTGACGA,0,2434914
mhpRp1,0.2,4,4,TCGAACTATAGGGTGTAGGT,0,2466051
mhpRp1,0.2,4,4,TCCTTAGCTTCCGCATCGTT,0,2445298
mhpRp1,0.2,4,4,TCCTCGGTTCCCCAGAACCC,0,2430089
mhpRp1,0.2,4,4,TCCTCCTCCATCAATCAGAA,0,2428066
mhpRp1,0.2,4,4,TCCTCAGGTTGGGCTGAAGT,0,2467682
mhpRp1,0.2,4,4,TCCTAGGGCTTCTCAGCGTC,0,2466588
mhpRp1,0.2,4,4,TCCGTGGTCTAACTAAATCA,0,2456816
mhpRp1,0.2,4,4,TCCGGTGTACAGAATCGTCG,0,2465211
mhpRp1,0.2,4,4,TCCCTTGCGCGCTTTCAGAG,0,2426683
mhpRp1,0.2,4,4,TCCCTCCGTGTGCTATACTG,0,2450427
mhpRp1,0.2,4,4,TCCCCTTCAGCTGGTTGGCG,0,2443766
mhpRp1,0.2,4,4,TCCCCTAGGCGTAGCGAGGC,0,2464744
mhpRp1,0.2,4,4,TCCCAGCGCCGATCATAGAA,0,2437586
mhpRp1,0.2,4,4,TCCATTAAGGCAGAAGCTAA,0,2441783
mhpRp1,0.2,4,4,TCATCTCGCGAGTGTTTCGT,0,2429122
mhpRp1,0.2,4,4,TCATCGGCCCCGTAGGACTT,0,2462698
mhpRp1,0.2,4,4,TCATAATATCCCGAACCTAC,0,2448106
mhpRp1,0.2,4,4,TCAGTATTGTTATGAATGAG,0,2444101
mhpRp1,0.2,4,4,TCAGCTTAGGGGGCACTGTA,0,2435432
mhpRp1,0.2,4,4,TCACTTTGTAGGCTGATTGT,0,2442647
mhpRp1,0.2,4,4,TCACTTTCCAAGCGTAGATT,0,2428495
mhpRp1,0.2,4,4,TCACGTATGACGGGGTACGT,0,2455814
mhpRp1,0.2,4,4,TCACGAGAACACGTAGGACT,0,2424417
mhpRp1,0.2,4,4,TCACCCTGGTTGGTGGACTG,0,2426518
mhpRp1,0.2,4,4,TCACAGTGTCCTGGTGCCAC,0,2466821
mhpRp1,0.2,4,4,TCACAGCCAGCGGAGACCAA,0,2474618
mhpRp1,0.2,4,4,TCACAGAAACCAACGTGTCG,0,2468646
mhpRp1,0.2,4,4,TCAATCCGACACGGACTATA,0,2467354
mhpRp1,0.2,4,4,TCAATCAGCCACCACTCAAT,0,2445146
mhpRp1,0.2,4,4,TCAACTACCCTGTAAACATG,0,2466537
mhpRp1,0.2,4,4,TCAAATGCCACGAAACGTGG,0,2446302
mhpRp1,0.2,4,4,TCAAACAGGAAGGACATTTA,0,2451757
mhpRp1,0.2,4,4,TATTCTGTATGGCCCGCTAC,0,2479180
mhpRp1,0.2,4,4,TATGTTAATTTGTTATTTCG,0,2457776
mhpRp1,0.2,4,4,TATGCGGGGTCACCCTGTAC,0,2475400
mhpRp1,0.2,4,4,TATGCGCAACCAGCCGCGCG,0,2443304
mhpRp1,0.2,4,4,TATGATACGCAACATATTTG,0,2438138
mhpRp1,0.2,4,4,TATGACAGTTACGGGACTGC,0,2456216
mhpRp1,0.2,4,4,TATCTTTACAAATGCCGGGA,0,2477531
mhpRp1,0.2,4,4,TATCAGTCTTGTAATATTCA,0,2472947
mhpRp1,0.2,4,4,TATACGCACCCCTGCCAAAG,0,2443151
mhpRp1,0.2,4,4,TAGTTGGTTGAAACCGTTGT,0,2434392
mhpRp1,0.2,4,4,TAGTGTCGCACTTTCGGACT,0,2435945
mhpRp1,0.2,4,4,TAGGTTAGGCTCTCTCTGTG,0,2467686
mhpRp1,0.2,4,4,TAGGTAGCATCAGAGGTGAC,0,2457000
mhpRp1,0.2,4,4,TAGGGCAATGAGCACGTGCT,0,2437462
mhpRp1,0.2,4,4,TAGGCTTGACGGTCGCAGTT,0,2433639
mhpRp1,0.2,4,4,TAGGCGAGTACTAAGGGAAT,0,2478750
mhpRp1,0.2,4,4,TAGGCCGCCAAATATGTGGT,0,2432506
mhpRp1,0.2,4,4,TAGGCATGGAATGTATCCAG,0,2427110
mhpRp1,0.2,4,4,TAGGAATGTCAGGGGCGATG,0,2433641
mhpRp1,0.2,4,4,TAGGAAGCTCCTGGGTTCCG,0,2448719
mhpRp1,0.2,4,4,TAGCGGTTCGCAAGCAGAAT,0,2452753
mhpRp1,0.2,4,4,TAGCGCCAATCGTCAACATA,0,2442041
mhpRp1,0.2,4,4,TAGATTGGTAAGCGAGACTT,0,2477963
mhpRp1,0.2,4,4,TAGATGGGACCCCCGTCAAC,0,2458528
mhpRp1,0.2,4,4,TAGACGTACACTACAGCCTT,0,2435130
mhpRp1,0.2,4,4,TAGAACAGTGCCGGCTGGGT,0,2440207
mhpRp1,0.2,4,4,TAGAAATGGTCGAGGCCGGG,0,2431052
mhpRp1,0.2,4,4,TACTTCATGATTGTTACGCG,0,2443124
mhpRp1,0.2,4,4,TACTGAATACTACTATTACC,0,2435715
mhpRp1,0.2,4,4,TACTCCTCTCACCCAGGGTC,0,2441876
mhpRp1,0.2,4,4,TACGCGTGCACGGGGCGTCT,0,2452259
mhpRp1,0.2,4,4,TACGCGGCATCGTCAGCGGA,0,2430232
mhpRp1,0.2,4,4,TACGCCTATTTGGGATGTCG,0,2448635
mhpRp1,0.2,4,4,TACGAGTCCGGACGCTTCGT,0,2425047
mhpRp1,0.2,4,4,TACCTTGTATATAAAGCGGA,0,2469529
mhpRp1,0.2,4,4,TACCTTCGGCATGACAAACT,0,2471025
mhpRp1,0.2,4,4,TACCTCTTATAACCGCAACG,0,2476608
mhpRp1,0.2,4,4,TACCGGATTGTTTGCTCCTG,0,2464148
mhpRp1,0.2,4,4,TACCAGAAATCCGTTGTTCT,0,2454784
mhpRp1,0.2,4,4,TACAAATCTCGGGGGATACA,0,2465476
mhpRp1,0.2,4,4,TAATGGTGTGGCTTGGAATA,0,2463916
mhpRp1,0.2,4,4,TAATCGGATGTGCACGACAG,0,2435936
mhpRp1,0.2,4,4,TAATCAAGGAAAAGAGCGAT,0,2445064
mhpRp1,0.2,4,4,TAAGTACAAGGTTACCCATA,0,2447771
mhpRp1,0.2,4,4,TAAGGGAGGATGACGGATCA,0,2444270
mhpRp1,0.2,4,4,TAACGGTCGGGGTAAGAAGC,0,2432087
mhpRp1,0.2,4,4,TAACCCGTGAATTGCTATAT,0,2431556
mhpRp1,0.2,4,4,TAACAATCCACCGCATTGCA,0,2474243
mhpRp1,0.2,4,4,TAAAGCAACTATTCCACTTC,0,2461251
mhpRp1,0.2,4,4,TAAACGTGAGAAATGGGAGT,0,2437902
mhpRp1,0.2,4,4,TAAACGGATGAAGCACGACG,0,2464829
mhpRp1,0.2,4,4,TAAAATTATACAGATCCTGA,0,2436843
mhpRp1,0.2,4,4,GTTTTCGTCCGCTTACATCT,0,2475520
mhpRp1,0.2,4,4,GTTTTAAAGAGCGTCCCTGG,0,2440903
mhpRp1,0.2,4,4,GTTTGTCTGAACCGCCACTC,0,2452641
mhpRp1,0.2,4,4,GTTTGGCAGTGAGGGGAAAG,0,2453764
mhpRp1,0.2,4,4,GTTTCGAGTAATAAAGAGAC,0,2448706
mhpRp1,0.2,4,4,GTTTCCTGATGGGCAGCCCA,0,2458645
mhpRp1,0.2,4,4,GTTTATCACTTTCTCTGTGT,0,2434110
mhpRp1,0.2,4,4,GTTGTTTCGCCTTCCCTGAG,0,2452210
mhpRp1,0.2,4,4,GTTGCGCTCATACAGGGGTA,0,2434107
mhpRp1,0.2,4,4,GTTGAGTCAGCATCCCGTGC,0,2443435
mhpRp1,0.2,4,4,GTTGAAGCCAAAGACCGTTA,0,2424926
mhpRp1,0.2,4,4,GTTGAAAAGCCGTAAGTTTG,0,2433116
mhpRp1,0.2,4,4,GTTCGTTCCGGGCCTCTCCG,0,2461929
mhpRp1,0.2,4,4,GTTCGTATCACCGATTCACA,0,2459627
mhpRp1,0.2,4,4,GTTCGTAGCTTGCTCGAGCT,0,2458049
mhpRp1,0.2,4,4,GTTCGCCAGAATGCAGCAGT,0,2461394
mhpRp1,0.2,4,4,GTTCCGCAGTGTTAACTTGA,0,2460237
mhpRp1,0.2,4,4,GTTCAAGGATGGACGCCGCT,0,2458270
mhpRp1,0.2,4,4,GTTATGGGTAGCAACAATGA,0,2477845
mhpRp1,0.2,4,4,GTTAGGGCATTACAAACTGC,0,2456169
mhpRp1,0.2,4,4,GTTAGCACGAAGCTCTGGTA,0,2446004
mhpRp1,0.2,4,4,GTTAAAAGTTCTTGCAATCG,0,2472645
mhpRp1,0.2,4,4,GTGTGCCTGTGTGGTCCAAA,0,2458098
mhpRp1,0.2,4,4,GTGTCCTGCATTGTTCCCTG,0,2447169
mhpRp1,0.2,4,4,GTGTAGCAACATTGTTAATT,0,2446604
mhpRp1,0.2,4,4,GTGGGAATCGGTGACAAACA,0,2459807
mhpRp1,0.2,4,4,GTGGCACTCGGCCTGGGCAG,0,2461982
mhpRp1,0.2,4,4,GTGGAGAGTCCCGCAATATC,0,2424869
mhpRp1,0.2,4,4,GTGGACGGGGTTCAAGATAC,0,2439042
mhpRp1,0.2,4,4,GTGCTTACCCTGCCGGGCGC,0,2470012
mhpRp1,0.2,4,4,GTGCTGTTGCCGCTATGACG,0,2462599
mhpRp1,0.2,4,4,GTGCTCCTTAGAACGCATGT,0,2433724
mhpRp1,0.2,4,4,GTGCTAGTGTTGGGGCGCCC,0,2445296
mhpRp1,0.2,4,4,GTGCGTAGATCTCAGAAGAC,0,2454379
mhpRp1,0.2,4,4,GTGCGAGGTGGGCATCGATG,0,2447344
mhpRp1,0.2,4,4,GTGCAGCCAAGATCTACCAA,0,2424876
mhpRp1,0.2,4,4,GTGATGGGTGTGCCCGTCCC,0,2461917
mhpRp1,0.2,4,4,GTGATACAACCTTTCGAAAC,0,2438076
mhpRp1,0.2,4,4,GTGAGTCGAAAATCGCCGGT,0,2454903
mhpRp1,0.2,4,4,GTGACACCATTGCGATTTTT,0,2473482
mhpRp1,0.2,4,4,GTGAACTAAGGAAACTCAGG,0,2471879
mhpRp1,0.2,4,4,GTGAAAACATTCCCTTCGAA,0,2477584
mhpRp1,0.2,4,4,GTCTGTGTTAACCCTTACGG,0,2447850
mhpRp1,0.2,4,4,GTCGGTAGGCCAAACTCCGT,0,2472669
mhpRp1,0.2,4,4,GTCGGGATGAACCTATAAAA,0,2474842
mhpRp1,0.2,4,4,GTCCGTAGTCGGCGGCGCGA,0,2433074
mhpRp1,0.2,4,4,GTCCGCTTCGCGTGTTTCGC,0,2441576
mhpRp1,0.2,4,4,GTCCGCAGCTCGTGTGATCG,0,2427288
mhpRp1,0.2,4,4,GTCCCCACGGCTCCACCACT,0,2476627
mhpRp1,0.2,4,4,GTCCCACTTTGAACTCCGCA,0,2446092
mhpRp1,0.2,4,4,GTCAGTAACTATCAGGGAAG,0,2457618
mhpRp1,0.2,4,4,GTCACGATGCATGCATAGGC,0,2424934
mhpRp1,0.2,4,4,GTCAACTGGTGGTTAAGGTA,0,2431053
mhpRp1,0.2,4,4,GTATTTTTGCCGTGCCCAAG,0,2455377
mhpRp1,0.2,4,4,GTATTTCACGTGACCCCAGT,0,2464166
mhpRp1,0.2,4,4,GTATGTAACCGAACCAGGGT,0,2474013
mhpRp1,0.2,4,4,GTATGCGTATTTTCGTCGAG,0,2439934
mhpRp1,0.2,4,4,GTAGTCACTAAAGTTGGGTT,0,2454945
mhpRp1,0.2,4,4,GTAGCTATCGTAAGGGAGCT,0,2427479
mhpRp1,0.2,4,4,GTACTCCAATGCTGGTCTCG,0,2436633
mhpRp1,0.2,4,4,GTACTACCTTTGCGACATCT,0,2474453
mhpRp1,0.2,4,4,GTACAGTTCCACTGTGTGAG,0,2473166
mhpRp1,0.2,4,4,GTAATCCATGACACGTAGAT,0,2437419
mhpRp1,0.2,4,4,GTAATAGGTAGAAACGTGAG,0,2475543
mhpRp1,0.2,4,4,GTAAGACGCGCTGCCATTAC,0,2427378
mhpRp1,0.2,4,4,GGTTGTATTGTCATCCTGGT,0,2441998
mhpRp1,0.2,4,4,GGTTGGTTGCGTACACAGGG,0,2463688
mhpRp1,0.2,4,4,GGTTGAAACCTTGAAGAAGC,0,2435011
mhpRp1,0.2,4,4,GGTTATAGTCAGAAGTATTT,0,2435491
mhpRp1,0.2,4,4,GGTGTTGGCCCCTTGGTTGT,0,2456382
mhpRp1,0.2,4,4,GGTGTATAAGAGCAGATGCT,0,2439753
mhpRp1,0.2,4,4,GGTGCCGCTAAAATCGTGTG,0,2458438
mhpRp1,0.2,4,4,GGTGACACATGTATACCCTC,0,2450428
mhpRp1,0.2,4,4,GGTCTGTTACCTATTTCAAA,0,2477671
mhpRp1,0.2,4,4,GGTCTCAGAACTCATCTGTC,0,2445776
mhpRp1,0.2,4,4,GGTCGAGCCAAATGGAACAA,0,2445963
mhpRp1,0.2,4,4,GGTCCGGGATGACCCAGTTC,0,2453954
mhpRp1,0.2,4,4,GGTCACTTTGTTATAGCCCT,0,2433223
mhpRp1,0.2,4,4,GGTCACGAGCGCACATCGGT,0,2438956
mhpRp1,0.2,4,4,GGTATTACGTAGGAGCTGGA,0,2443635
mhpRp1,0.2,4,4,GGTATGAGAGCTGAATTGTC,0,2424577
mhpRp1,0.2,4,4,GGTAGCGGACGTGCGAGGTA,0,2460655
mhpRp1,0.2,4,4,GGTAGAGAAACTTGAAGTTA,0,2478149
mhpRp1,0.2,4,4,GGGTTCATAACGATATAACA,0,2433125
mhpRp1,0.2,4,4,GGGTTAGAGTGTGTACTTGC,0,2435579
mhpRp1,0.2,4,4,GGGTCCCCAGCGTTTTCGGA,0,2479331
mhpRp1,0.2,4,4,GGGTACACGCGTAGGATCAT,0,2475802
mhpRp1,0.2,4,4,GGGTAAGATAGGCACACTAA,0,2459089
mhpRp1,0.2,4,4,GGGGGAGCTCCATGAAGAGG,0,2448513
mhpRp1,0.2,4,4,GGGGCGTAGAGAATCAATCT,0,2446813
mhpRp1,0.2,4,4,GGGCTGGCTAGCGTAACGAT,0,2443056
mhpRp1,0.2,4,4,GGGCGTTTTGTGTGGATAGC,0,2478301
mhpRp1,0.2,4,4,GGGCGTGGAAGTAGCGTCAT,0,2434969
mhpRp1,0.2,4,4,GGGCGGTCTTGCTCGTCGTA,0,2429033
mhpRp1,0.2,4,4,GGGCCGCGCGCCCTAGAATG,0,2427170
mhpRp1,0.2,4,4,GGGCCAGCATTGATCAGTTA,0,2465719
mhpRp1,0.2,4,4,GGGCAGGACGCTTGGCAGCC,0,2460859
mhpRp1,0.2,4,4,GGGCAGACTCCTTTACGCAC,0,2470813
mhpRp1,0.2,4,4,GGGCAATTGAGCCAACTTCG,0,2476561
mhpRp1,0.2,4,4,GGGATATCCCGGCTCGCCCA,0,2456120
mhpRp1,0.2,4,4,GGGAGTAGCGCCCAAATTAG,0,2467296
mhpRp1,0.2,4,4,GGGAGATTTTACCCCGTATC,0,2434690
mhpRp1,0.2,4,4,GGGAACCCCGAAAGCTGAAA,0,2458511
mhpRp1,0.2,4,4,GGCTTCTTGGTAATCTCGCT,0,2478041
mhpRp1,0.2,4,4,GGCTTACGGCTCCCCTGCGA,0,2432584
mhpRp1,0.2,4,4,GGCTTACCTATTACTAGGTT,0,2454876
mhpRp1,0.2,4,4,GGCTGGGCTTTCAGATATCT,0,2431003
mhpRp1,0.2,4,4,GGCTGCGGTGTTACCTCCAA,0,2451849
mhpRp1,0.2,4,4,GGCTCGGTTCACTACCAGTG,0,2443648
mhpRp1,0.2,4,4,GGCTCAGAGGAACACACGCT,0,2429005
mhpRp1,0.2,4,4,GGCTACGCTCAGGGAGACAA,0,2462984
mhpRp1,0.2,4,4,GGCTACACACTGAAGATCAC,0,2437343
mhpRp1,0.2,4,4,GGCTAACGTACTTAATTACA,0,2475893
mhpRp1,0.2,4,4,GGCGTTCGGTAGGGAGCAGA,0,2467155
mhpRp1,0.2,4,4,GGCGGCTAAACGCGTCCAAC,0,2426190
mhpRp1,0.2,4,4,GGCGGCACGTATGATGGTCT,0,2433511
mhpRp1,0.2,4,4,GGCGCGTCCACGGCAGATGC,0,2473653
mhpRp1,0.2,4,4,GGCCTGAGACCCCCAAGTAC,0,2444794
mhpRp1,0.2,4,4,GGCCCCCCACTCGTCATTGC,0,2455485
mhpRp1,0.2,4,4,GGCCATAACGTGAGCTCCTA,0,2444864
mhpRp1,0.2,4,4,GGCCAGCCTGCTAGCTCACA,0,2429401
mhpRp1,0.2,4,4,GGCATGATGACAGGTCAGCT,0,2460608
mhpRp1,0.2,4,4,GGCAGCGGAGGGTGAGTTCC,0,2437533
mhpRp1,0.2,4,4,GGCAACCCGAGTTTCTTCCC,0,2464189
mhpRp1,0.2,4,4,GGCAACACAGCCAAACTAAA,0,2432039
mhpRp1,0.2,4,4,GGATGGATGTACCCGAAGCG,0,2468412
mhpRp1,0.2,4,4,GGATGCCGGAGACCACACGG,0,2475307
mhpRp1,0.2,4,4,GGATAGAGTTACATCGCCCA,0,2427245
mhpRp1,0.2,4,4,GGAGGATTGGCGCAACGCCA,0,2469084
mhpRp1,0.2,4,4,GGAGGATGACGTGTGATACG,0,2475809
mhpRp1,0.2,4,4,GGAGCCGGTTAGTTTTATTG,0,2426087
mhpRp1,0.2,4,4,GGAGAGCACGAAAAACGCCT,0,2439928
mhpRp1,0.2,4,4,GGAGAGAGTTCAAAAAAAAG,0,2457233
mhpRp1,0.2,4,4,GGAGAATCAGCGGCTGTGGC,0,2460193
mhpRp1,0.2,4,4,GGAGAAGGATTCAGTCAAAA,0,2441112
mhpRp1,0.2,4,4,GGACCGTGTGTATGTGGGCA,0,2428008
mhpRp1,0.2,4,4,GGAATGGCTTGTAGAATCGT,0,2430534
mhpRp1,0.2,4,4,GGAACCTTTACGCTCTAGGA,0,2451339
mhpRp1,0.2,4,4,GGAACCTTGCGAAGGGTCCT,0,2477103
mhpRp1,0.2,4,4,GCTTGCAACAGACAACGTTT,0,2467842
mhpRp1,0.2,4,4,GCTTCTAAGCTCTGTGAGCC,0,2435142
mhpRp1,0.2,4,4,GCTTAGTTCGTGTTGTTGCG,0,2455280
mhpRp1,0.2,4,4,GCTTAATAGTGAGATCGACC,0,2477126
mhpRp1,0.2,4,4,GCTGTCTCTGTGACTCGAGC,0,2473467
mhpRp1,0.2,4,4,GCTGTCGCCGAGAGGTCCCG,0,2451329
mhpRp1,0.2,4,4,GCTGGGGCGGTATTACGGTG,0,2449225
mhpRp1,0.2,4,4,GCTGCCAGTTATGGTTTTTA,0,2427151
mhpRp1,0.2,4,4,GCTCTAAATACGGGAAGACG,0,2463720
mhpRp1,0.2,4,4,GCTCGGGATCTCCGTCAAAC,0,2432903
mhpRp1,0.2,4,4,GCTCAGTCCTTCGACGGGTT,0,2476981
mhpRp1,0.2,4,4,GCTATTCAACGAATCAACGA,0,2476144
mhpRp1,0.2,4,4,GCTATGTTTGTTAGGCTCTG,0,2428431
mhpRp1,0.2,4,4,GCTAGTGCTTTTAATCCAAA,0,2448773
mhpRp1,0.2,4,4,GCTAGTCCCAGGCTTGTTGG,0,2475590
mhpRp1,0.2,4,4,GCTAGCTGCGCAGTGTTTGA,0,2456725
mhpRp1,0.2,4,4,GCTACGGTCTCTGCCTTGAT,0,2476422
mhpRp1,0.2,4,4,GCTACATCTGGCTACGTGTC,0,2441016
mhpRp1,0.2,4,4,GCGTTTAACTTCCTTGCTAT,0,2450039
mhpRp1,0.2,4,4,GCGTGTTTCAAATCCACGAT,0,2433555
mhpRp1,0.2,4,4,GCGTGCCAAGTGTGAATCTG,0,2455190
mhpRp1,0.2,4,4,GCGTGAGGGGCGGGACAGTA,0,2450265
mhpRp1,0.2,4,4,GCGTAGGCGCGAGCAGGCCA,0,2450663
mhpRp1,0.2,4,4,GCGGGTGCGCTTACTACGAG,0,2478055
mhpRp1,0.2,4,4,GCGGCTGCCCATCGATTCAG,0,2438185
mhpRp1,0.2,4,4,GCGGCCTTTGTAGCGGCGCG,0,2470179
mhpRp1,0.2,4,4,GCGGCAGTGTTTCATTACGT,0,2464823
mhpRp1,0.2,4,4,GCGGAGAGGTGACCATTGAT,0,2477206
mhpRp1,0.2,4,4,GCGCTCTAACGCGAGACCGC,0,2454718
mhpRp1,0.2,4,4,GCGCTACCCACTACGGCCTG,0,2425020
mhpRp1,0.2,4,4,GCGCGCCACCGTCCACCTCT,0,2455398
mhpRp1,0.2,4,4,GCGCGCACTACCTGGACCGG,0,2461530
mhpRp1,0.2,4,4,GCGCGACTACGGTATTGGGA,0,2444580
mhpRp1,0.2,4,4,GCGCCCTTGGAAGTCGAGGA,0,2455387
mhpRp1,0.2,4,4,GCGCCATCAACTAAGAGTCC,0,2439530
mhpRp1,0.2,4,4,GCGCAGAGGCGAAATTGGTT,0,2468092
mhpRp1,0.2,4,4,GCGACACAAACATCGTACTC,0,2448133
mhpRp1,0.2,4,4,GCGAATTGCATGGTGCAAGT,0,2428183
mhpRp1,0.2,4,4,GCGAACGCTCAAAAAACCTA,0,2449105
mhpRp1,0.2,4,4,GCCTTCGGCGACATAAGAAT,0,2451322
mhpRp1,0.2,4,4,GCCTTCGCTGGGCAAGCAAT,0,2423920
mhpRp1,0.2,4,4,GCCTGACCAGGCCCTTACGA,0,2427670
mhpRp1,0.2,4,4,GCCTCAATACGGATGCTCTT,0,2464406
mhpRp1,0.2,4,4,GCCTAGTCCATCCCGAGCTA,0,2451572
mhpRp1,0.2,4,4,GCCTAGCATTCCACTAGGGT,0,2428969
mhpRp1,0.2,4,4,GCCTAATAACTTTGTTCTCG,0,2473327
mhpRp1,0.2,4,4,GCCGTCCGGTGCCGCGGAGA,0,2476623
mhpRp1,0.2,4,4,GCCGTACGCGCGGTAGACCT,0,2459392
mhpRp1,0.2,4,4,GCCGGCTCTCTGCCTTCTTA,0,2463030
mhpRp1,0.2,4,4,GCCGGATGCCGGAGGTACCA,0,2436257
mhpRp1,0.2,4,4,GCCCTGTGCAGAGGCACTAT,0,2474713
mhpRp1,0.2,4,4,GCCCTCGATCATATTAAAGT,0,2439596
mhpRp1,0.2,4,4,GCCCTCCACAAAGCACACGA,0,2471585
mhpRp1,0.2,4,4,GCCCGCACCCGCCCAGTTAA,0,2474208
mhpRp1,0.2,4,4,GCCCCATGGGCCAGACTAGA,0,2448218
mhpRp1,0.2,4,4,GCCAGGGGTGCGAAAACCTG,0,2425986
mhpRp1,0.2,4,4,GCCAATGATGGACCTACCAG,0,2430847
mhpRp1,0.2,4,4,GCCAAGCATGGGAATTTACC,0,2455439
mhpRp1,0.2,4,4,GCATTTTTGCCCTCTAACAT,0,2458032
mhpRp1,0.2,4,4,GCATTGAGTGGGTGTCTTTT,0,2464742
mhpRp1,0.2,4,4,GCAGCCTCCTACGCCCCACA,0,2459097
mhpRp1,0.2,4,4,GCAGAAGTGATTGGTTACTT,0,2424290
mhpRp1,0.2,4,4,GCACCTGCAAAAGAGATGTA,0,2431407
mhpRp1,0.2,4,4,GCACACTTCGCACTTAACTA,0,2445232
mhpRp1,0.2,4,4,GCAATGGGCTTTTAGAGCCC,0,2436100
mhpRp1,0.2,4,4,GCAACTGTCAAAAAGATTCA,0,2452304
mhpRp1,0.2,4,4,GCAACGAACGTCGGCAATCT,0,2458022
mhpRp1,0.2,4,4,GATTCCCGGCAAAACGATGG,0,2448250
mhpRp1,0.2,4,4,GATGTTTTATTGAGTCGGTT,0,2431337
mhpRp1,0.2,4,4,GATGGGGATCCGGCGTGCAC,0,2455307
mhpRp1,0.2,4,4,GATGCTTCGAATTGCTACAT,0,2435789
mhpRp1,0.2,4,4,GATGCAGACTCATGGCTTAG,0,2477038
mhpRp1,0.2,4,4,GATGATAGCCGTCAAGGAAA,0,2455839
mhpRp1,0.2,4,4,GATCGGGAAAGCGGGGAAAG,0,2456741
mhpRp1,0.2,4,4,GATCCCTCTATCACAGGACT,0,2427126
mhpRp1,0.2,4,4,GATATCGCGCGATAAGGATG,0,2429396
mhpRp1,0.2,4,4,GATACAGCACGTGCGGTAGT,0,2471973
mhpRp1,0.2,4,4,GAGTGAGATCCCGTGCAAAA,0,2450028
mhpRp1,0.2,4,4,GAGTAAAGGGGGCTAGGACA,0,2458009
mhpRp1,0.2,4,4,GAGGTCTGCCTGTGCAGCCA,0,2444310
mhpRp1,0.2,4,4,GAGGGGTGTGAATCCTTAGC,0,2436713
mhpRp1,0.2,4,4,GAGGCAGTCTACTCTCAGAT,0,2469185
mhpRp1,0.2,4,4,GAGGAAACATTGGGCAATTT,0,2430327
mhpRp1,0.2,4,4,GAGCCGTTTGCCATCGGGCG,0,2476564
mhpRp1,0.2,4,4,GAGCCGGTGTGTGACATACC,0,2437082
mhpRp1,0.2,4,4,GAGCATAGGCAATCATATAC,0,2424683
mhpRp1,0.2,4,4,GAGCAGACAAGGTTTCAAAT,0,2471279
mhpRp1,0.2,4,4,GAGATGTATTTTAATTAGAG,0,2469324
mhpRp1,0.2,4,4,GAGAGTTCATAGCCATGAGC,0,2453955
mhpRp1,0.2,4,4,GAGACGTAAGCACAGAGTCG,0,2477222
mhpRp1,0.2,4,4,GAGACAGTCAGACTCGGACA,0,2470225
mhpRp1,0.2,4,4,GAGAAAAATCCCGTTTTAAG,0,2439056
mhpRp1,0.2,4,4,GACTTGAGAGTACGTGCGAT,0,2450167
mhpRp1,0.2,4,4,GACTGGTGTGGTGGCCCCAA,0,2437034
mhpRp1,0.2,4,4,GACTCATATCTCCGGAGCCA,0,2429874
mhpRp1,0.2,4,4,GACTAAACATATTCAAGTGA,0,2465673
mhpRp1,0.2,4,4,GACCCATCAACGGTCGAAAC,0,2478136
mhpRp1,0.2,4,4,GACCATGACCGCTGACCGCT,0,2470935
mhpRp1,0.2,4,4,GACATCCGCTGAAGTTCATA,0,2449939
mhpRp1,0.2,4,4,GACAGATCGGTACTAAACGA,0,2424841
mhpRp1,0.2,4,4,GACAGAAACAACTACGTATC,0,2449761
mhpRp1,0.2,4,4,GAATTCTGTTGGTGCCGGGA,0,2455420
mhpRp1,0.2,4,4,GAATGTGCATTTATGGACGG,0,2450334
mhpRp1,0.2,4,4,GAATGATGAAATACCCACTC,0,2478273
mhpRp1,0.2,4,4,GAAGTGATTCGCTCATAGGC,0,2450037
mhpRp1,0.2,4,4,GAAGTCTGTCTCGCTCCATC,0,2449159
mhpRp1,0.2,4,4,GAAGTCTGAGTCTCGAGATG,0,2473311
mhpRp1,0.2,4,4,GAAGTCCCAAGTGTCAAATA,0,2437205
mhpRp1,0.2,4,4,GAAGCCGGTTAATTACATAG,0,2451723
mhpRp1,0.2,4,4,GAAGCCCCACTGAACGGGTT,0,2448082
mhpRp1,0.2,4,4,GAAGACGCTTCCAAGTAATA,0,2476909
mhpRp1,0.2,4,4,GAAGAAAGTTCGTTGTACTT,0,2450277
mhpRp1,0.2,4,4,GAACTGGAACACTACATGTT,0,2431239
mhpRp1,0.2,4,4,GAACTGCTCAGCAAGATGAA,0,2426496
mhpRp1,0.2,4,4,GAACTATATTGAAGTGATTT,0,2461416
mhpRp1,0.2,4,4,GAACGCTATCGAAGGCAACA,0,2473677
mhpRp1,0.2,4,4,GAACCCATGGCAGTTTCGAC,0,2442818
mhpRp1,0.2,4,4,GAACAACTACAAGGTTCGTG,0,2433541
mhpRp1,0.2,4,4,GAAATTTTCAGGAAACTTGC,0,2446144
mhpRp1,0.2,4,4,GAAAGTGCATTATCTTATAG,0,2433631
mhpRp1,0.2,4,4,CTTTTGCGGCCTAACCTAAT,0,2454460
mhpRp1,0.2,4,4,CTTTTGAGGTCTCGTCTGCA,0,2444477
mhpRp1,0.2,4,4,CTTTTCTTCGAACTAACTGT,0,2462615
mhpRp1,0.2,4,4,CTTTGCTTCCGTCAGAGGCT,0,2424614
mhpRp1,0.2,4,4,CTTTCATAATAAGCTAGGAC,0,2431967
mhpRp1,0.2,4,4,CTTGTTTTCTAGTTTGGCGA,0,2456028
mhpRp1,0.2,4,4,CTTGTGGGGGGAAACACCAG,0,2467708
mhpRp1,0.2,4,4,CTTGTAGCGTGCACACCTAA,0,2444009
mhpRp1,0.2,4,4,CTTGGGCGAGTACAGACGCA,0,2443094
mhpRp1,0.2,4,4,CTTGCTACAACTGAAATTGA,0,2458777
mhpRp1,0.2,4,4,CTTGATTCTTACTGCGTGAA,0,2475490
mhpRp1,0.2,4,4,CTTGATGCGAGGTACACTTG,0,2441320
mhpRp1,0.2,4,4,CTTGACATGTTACTTCCTCA,0,2460898
mhpRp1,0.2,4,4,CTTCTTAGGGCTCCTTCGTC,0,2477569
mhpRp1,0.2,4,4,CTTCTAAACCGGGCGCAGTG,0,2431325
mhpRp1,0.2,4,4,CTTCGGAACGTTGTGGATTT,0,2465559
mhpRp1,0.2,4,4,CTTCACGTCAAGGGATATTT,0,2444729
mhpRp1,0.2,4,4,CTTAGTGGTGACATATGTTT,0,2457574
mhpRp1,0.2,4,4,CTTAGACGATGGCTAACTAA,0,2451381
mhpRp1,0.2,4,4,CTTACTTATGGGACCCCCTG,0,2425414
mhpRp1,0.2,4,4,CTTACCCGGCCTGTCGGAAT,0,2430516
mhpRp1,0.2,4,4,CTTAATGCGTCACCTAGTAC,0,2429030
mhpRp1,0.2,4,4,CTTAATCAGTTAGAGCGATA,0,2463191
mhpRp1,0.2,4,4,CTTAATAGAGACCTCGGTTG,0,2462820
mhpRp1,0.2,4,4,CTTAAAGACGGGGGTCGGTG,0,2460861
mhpRp1,0.2,4,4,CTGTGGGGTACAGCAAATTA,0,2479037
mhpRp1,0.2,4,4,CTGTGCAATTCTGGTCATAA,0,2432047
mhpRp1,0.2,4,4,CTGTGAAATTCCGCTTCTAT,0,2470718
mhpRp1,0.2,4,4,CTGTATTCTCGTCCGGCAAG,0,2467214
mhpRp1,0.2,4,4,CTGTATAACGCGCTAGTGAA,0,2447297
mhpRp1,0.2,4,4,CTGGTGTACAGAGAAATCGT,0,2477820
mhpRp1,0.2,4,4,CTGGTCACGTTATGGGGGAC,0,2443655
mhpRp1,0.2,4,4,CTGGTCAAGCACGCCGGCAG,0,2438710
mhpRp1,0.2,4,4,CTGGGTTCCCCCCCAAGTGC,0,2472731
mhpRp1,0.2,4,4,CTGGGGAGTGAATGTTGGTT,0,2476147
mhpRp1,0.2,4,4,CTGGCTTGATACGGTAGATA,0,2424809
mhpRp1,0.2,4,4,CTGGCAGCGTCCAGCTGGCT,0,2463078
mhpRp1,0.2,4,4,CTGGATTTGCGTACTTCAAA,0,2431530
mhpRp1,0.2,4,4,CTGCCGGCTGAACTTGGCTT,0,2464261
mhpRp1,0.2,4,4,CTGCCGCTGACACGGGAACA,0,2441193
mhpRp1,0.2,4,4,CTGCCCTTGTTGGCGGGTCA,0,2434532
mhpRp1,0.2,4,4,CTGCAGCATGACAAACGGAC,0,2473046
mhpRp1,0.2,4,4,CTGATAATGTATCCTGATGC,0,2433893
mhpRp1,0.2,4,4,CTGAGCCGAGATTTTGATAA,0,2471067
mhpRp1,0.2,4,4,CTGACGGATGGATCCAACAT,0,2443154
mhpRp1,0.2,4,4,CTGACGGAGTTAACGCGAGT,0,2425832
mhpRp1,0.2,4,4,CTCTTGTGAATGATAATGCT,0,2453856
mhpRp1,0.2,4,4,CTCTGTCCGCGCTTCACAAG,0,2478604
mhpRp1,0.2,4,4,CTCTGCTAATAGTACATGTA,0,2436393
mhpRp1,0.2,4,4,CTCTGACCAGGGGTTCTGTC,0,2471785
mhpRp1,0.2,4,4,CTCTATAACGATTCGGGACT,0,2439772
mhpRp1,0.2,4,4,CTCGGTGCCTGGTGGTATGA,0,2428138
mhpRp1,0.2,4,4,CTCGCGAGACTGGAGGTATT,0,2454123
mhpRp1,0.2,4,4,CTCGACATGGGGGCGGCACG,0,2436646
mhpRp1,0.2,4,4,CTCCTCAAGCTCAACATAGA,0,2450238
mhpRp1,0.2,4,4,CTCCTACTTCATAGCTTAAA,0,2430837
mhpRp1,0.2,4,4,CTCCCGATGGACGCAACGGT,0,2432659
mhpRp1,0.2,4,4,CTCCCAGGTCTATAGCATGT,0,2466258
mhpRp1,0.2,4,4,CTCCATAAGACTAATTTAGT,0,2427347
mhpRp1,0.2,4,4,CTCCACTTGTTACCCCGCAA,0,2475749
mhpRp1,0.2,4,4,CTCCAACAGTATGCTAGTGG,0,2460641
mhpRp1,0.2,4,4,CTCAGTCTCATCGAGCTACA,0,2467853
mhpRp1,0.2,4,4,CTCAGGCGCCAATGATTCAG,0,2445317
mhpRp1,0.2,4,4,CTCAGGCAGAATATGTCGGA,0,2461113
mhpRp1,0.2,4,4,CTCAATGTGGCATATTAGCA,0,2434501
mhpRp1,0.2,4,4,CTCAACATTAATGACAGTGT,0,2447107
mhpRp1,0.2,4,4,CTATTTTGGGTTCTTGCTGA,0,2475333
mhpRp1,0.2,4,4,CTATGAACTCTGGCGGTCTA,0,2450005
mhpRp1,0.2,4,4,CTATATATTTCAATCATTAA,0,2440764
mhpRp1,0.2,4,4,CTAGGTTTCTACAGTAGTTG,0,2430253
mhpRp1,0.2,4,4,CTAGAGATTCTTGCATTACA,0,2461483
mhpRp1,0.2,4,4,CTAGAAGGTGCTCGCGACAA,0,2440242
mhpRp1,0.2,4,4,CTAGAACTAATACCTGAATA,0,2433708
mhpRp1,0.2,4,4,CTACTGGTATACTCGCTCCT,0,2479009
mhpRp1,0.2,4,4,CTACTCGGCGACCTAGACCC,0,2431568
mhpRp1,0.2,4,4,CTACGGGCATCCCCAGTAGT,0,2478679
mhpRp1,0.2,4,4,CTACCTTGGTGGCCCCTTGG,0,2446373
mhpRp1,0.2,4,4,CTACCCATCAACCCTTTGGC,0,2428833
mhpRp1,0.2,4,4,CTAATCCCGCACCACAGATG,0,2467259
mhpRp1,0.2,4,4,CTAAGCGCAAGGCCGGCTTT,0,2459202
mhpRp1,0.2,4,4,CGTTTACAGCGGTCCAGGAT,0,2453960
mhpRp1,0.2,4,4,CGTTTACACACAACTTTAGA,0,2445829
mhpRp1,0.2,4,4,CGTTGGCTTCACTGCCTTGG,0,2446139
mhpRp1,0.2,4,4,CGTTGAGGGTTAGTTAGTAT,0,2446553
mhpRp1,0.2,4,4,CGTTGAGCGCGGCGAGTATG,0,2432176
mhpRp1,0.2,4,4,CGTTCGTCGGGATCTGGACT,0,2458397
mhpRp1,0.2,4,4,CGTGTTTAGAGTAATTTCCT,0,2457770
mhpRp1,0.2,4,4,CGTGTAGGCGGGTGGGGTCT,0,2448210
mhpRp1,0.2,4,4,CGTGGTTCGTTGGGTCCCAT,0,2466329
mhpRp1,0.2,4,4,CGTGGCAGGCTGTCCCCAAT,0,2465383
mhpRp1,0.2,4,4,CGTGATTAATCGGAGCTAGA,0,2477853
mhpRp1,0.2,4,4,CGTGATGGGCGCGTTACAGG,0,2446828
mhpRp1,0.2,4,4,CGTCGTGTTAGTGTTGCTCT,0,2426369
mhpRp1,0.2,4,4,CGTCGTGCGAGATTAGGCCC,0,2436297
mhpRp1,0.2,4,4,CGTCGTCCTGGTGCAAACAA,0,2474400
mhpRp1,0.2,4,4,CGTCGCTTTAAGCCCGCGGG,0,2459279
mhpRp1,0.2,4,4,CGTACGGTTATTCGATTTGT,0,2444508
mhpRp1,0.2,4,4,CGTACGCGTGTCAATATCAG,0,2441298
mhpRp1,0.2,4,4,CGTACAACCACACGCGGCAT,0,2437061
mhpRp1,0.2,4,4,CGTAATTATATGTAGCTTCC,0,2468746
mhpRp1,0.2,4,4,CGGTTGGAGTTTTGTTACAA,0,2475099
mhpRp1,0.2,4,4,CGGTAGTGCATCATTTGGCT,0,2450012
mhpRp1,0.2,4,4,CGGGTCGTCCCGGTACACAG,0,2475381
mhpRp1,0.2,4,4,CGGGTAGAAACTGAGTTTCA,0,2428401
mhpRp1,0.2,4,4,CGGGGCTGACCAATCCGTGA,0,2424036
mhpRp1,0.2,4,4,CGGGGATACACGAGTTGACC,0,2440485
mhpRp1,0.2,4,4,CGGGAATTATCCTAGCGTCA,0,2477500
mhpRp1,0.2,4,4,CGGGAAGTGCCATTGGATTT,0,2474810
mhpRp1,0.2,4,4,CGGCTTGGTGGGGTATTAGG,0,2433210
mhpRp1,0.2,4,4,CGGCTGGTAGTCAGAAACAG,0,2464289
mhpRp1,0.2,4,4,CGGCCGTGTATCAAGGAGAC,0,2453388
mhpRp1,0.2,4,4,CGGCATTATAAGGGGTTTTA,0,2427885
mhpRp1,0.2,4,4,CGGCACAGACGGTTCACACT,0,2431835
mhpRp1,0.2,4,4,CGGATTGATTGTCATGACGC,0,2435268
mhpRp1,0.2,4,4,CGGATTCGTATGCCCGAGGG,0,2425471
mhpRp1,0.2,4,4,CGGATCTGCCACAGTTTAAC,0,2432150
mhpRp1,0.2,4,4,CGGAGTACGGGCCTAGGTAC,0,2462283
mhpRp1,0.2,4,4,CGGAGGAACTGGGTCTCTAA,0,2459511
mhpRp1,0.2,4,4,CGGAGACCAATGGGCGTCAA,0,2465343
mhpRp1,0.2,4,4,CGGAGAACCACCCTGAAGGC,0,2463203
mhpRp1,0.2,4,4,CGGACTGGACTTCTTTCGCG,0,2465181
mhpRp1,0.2,4,4,CGGAATATTCTATAGCGTTA,0,2429104
mhpRp1,0.2,4,4,CGCTTTCAGGGAGGCATTCA,0,2463472
mhpRp1,0.2,4,4,CGCTTGTACGATACGGACCT,0,2459169
mhpRp1,0.2,4,4,CGCTGGTGGTTTGAGCTCTA,0,2470635
mhpRp1,0.2,4,4,CGCTGGCCCGGCCATTCTAC,0,2456926
mhpRp1,0.2,4,4,CGCTCAAGACCCGTGTCAGG,0,2451475
mhpRp1,0.2,4,4,CGCGTGCCTTAGGTCGGCCC,0,2450537
mhpRp1,0.2,4,4,CGCGGCCAGTAGCGTTGATC,0,2472287
mhpRp1,0.2,4,4,CGCGCGACTGCATGTTATCC,0,2462334
mhpRp1,0.2,4,4,CGCGCAGAACGCTGTGTCTG,0,2445175
mhpRp1,0.2,4,4,CGCGAGTACAATAAACACAA,0,2477106
mhpRp1,0.2,4,4,CGCCTACGGCACTACTCCAG,0,2467530
mhpRp1,0.2,4,4,CGCCAGATGTTATACCCAGG,0,2425544
mhpRp1,0.2,4,4,CGCATGGCTTCGTGGGGGTC,0,2473740
mhpRp1,0.2,4,4,CGCAGGACCATGTGGGGGGT,0,2461516
mhpRp1,0.2,4,4,CGCAGACCTCTTCCAAATAG,0,2446434
mhpRp1,0.2,4,4,CGCACCAAGTAAGAGGGGTA,0,2432523
mhpRp1,0.2,4,4,CGCAATCCGTATTGTGGGAT,0,2464735
mhpRp1,0.2,4,4,CGCAACTGTGGCGTACAGCA,0,2437802
mhpRp1,0.2,4,4,CGATTCCTAATCACCAGTAG,0,2457402
mhpRp1,0.2,4,4,CGATCTTCATAGGTAGCGAA,0,2431249
mhpRp1,0.2,4,4,CGAGGGGTCTTGGGGGTCGG,0,2468579
mhpRp1,0.2,4,4,CGAGGCTACCTGGGGAATCA,0,2430801
mhpRp1,0.2,4,4,CGAGGCCCATTTATATAACT,0,2460985
mhpRp1,0.2,4,4,CGACGCTCAATTTGCGTCGT,0,2471375
mhpRp1,0.2,4,4,CGACCTTCCAGTCAACTCAA,0,2477993
mhpRp1,0.2,4,4,CGACAGGAGATGAGGGTAAC,0,2463067
mhpRp1,0.2,4,4,CGAATGGTTGCACTGATGCG,0,2453010
mhpRp1,0.2,4,4,CGAACAGTTTCAGAGCAAGA,0,2426625
mhpRp1,0.2,4,4,CCTTTTGCCCCTGGCAACGA,0,2432532
mhpRp1,0.2,4,4,CCTTTGAGAATTTACGCGTC,0,2433607
mhpRp1,0.2,4,4,CCTTTAATCTGGTGTATCGT,0,2448326
mhpRp1,0.2,4,4,CCTTGTTGCTTCCACTTTAG,0,2439271
mhpRp1,0.2,4,4,CCTTGTATTGAGCCCGCGCC,0,2451813
mhpRp1,0.2,4,4,CCTTGGTGGAAGTTCCGCAG,0,2460974
mhpRp1,0.2,4,4,CCTTGGTACACCGTCGCGAC,0,2466099
mhpRp1,0.2,4,4,CCTTAGCACTAATCGCCAGT,0,2463984
mhpRp1,0.2,4,4,CCTGTGACACGTCGTGTCAT,0,2445174
mhpRp1,0.2,4,4,CCTGCGTTCGCGATGTGCGT,0,2430296
mhpRp1,0.2,4,4,CCTGCGTGAGCAGCCAGTCT,0,2475274
mhpRp1,0.2,4,4,CCTGCGATTGTTGTCTACAG,0,2465421
mhpRp1,0.2,4,4,CCTGATCCTGCGTTGTAAGT,0,2457942
mhpRp1,0.2,4,4,CCTGACGGTGTTTTGATAAC,0,2438777
mhpRp1,0.2,4,4,CCTCCGGCGGTTATGGTAGT,0,2478176
mhpRp1,0.2,4,4,CCTCAGACTCTTTTTTGTCG,0,2441618
mhpRp1,0.2,4,4,CCTCACATTCGTACAGATAA,0,2466729
mhpRp1,0.2,4,4,CCTATAGCGAATCACCACCT,0,2427637
mhpRp1,0.2,4,4,CCTACGTGTGGGCCGTATCA,0,2444338
mhpRp1,0.2,4,4,CCTAATCCGCTACGTATTAC,0,2460779
mhpRp1,0.2,4,4,CCGTTGCAGCAAATTTGATA,0,2456093
mhpRp1,0.2,4,4,CCGTGTTGCTGTTGGCACCG,0,2436967
mhpRp1,0.2,4,4,CCGTCTGGACTGGGGAAACA,0,2466007
mhpRp1,0.2,4,4,CCGTACAGACGGCCCCAGTT,0,2458939
mhpRp1,0.2,4,4,CCGGGAATCGACGGGGAGGC,0,2458395
mhpRp1,0.2,4,4,CCGGCCGGCTTTTTTGGGAG,0,2439030
mhpRp1,0.2,4,4,CCGGCATCTGTCCTCGAACA,0,2476433
mhpRp1,0.2,4,4,CCGGCAGCGACCAATCGTAA,0,2461637
mhpRp1,0.2,4,4,CCGGATCCGTGGGCAGCCGG,0,2437111
mhpRp1,0.2,4,4,CCGCGATACTCCTGACTTAT,0,2426801
mhpRp1,0.2,4,4,CCGCCGGAAGACGTGGCATT,0,2476060
mhpRp1,0.2,4,4,CCGCCCACTTGCTAGGCGGT,0,2459058
mhpRp1,0.2,4,4,CCGCATCTGCCTAAATTCCC,0,2454565
mhpRp1,0.2,4,4,CCGCATATTATGCAAGAACT,0,2440540
mhpRp1,0.2,4,4,CCGATTCCCCGACGTGTCCC,0,2471247
mhpRp1,0.2,4,4,CCGATGGTTGGGAGCCTGAT,0,2429915
mhpRp1,0.2,4,4,CCGATCACATTTAGCTTCGG,0,2471488
mhpRp1,0.2,4,4,CCGACTACGCGAGGTCTAGA,0,2467256
mhpRp1,0.2,4,4,CCGAAGATTTGAAAATTGGG,0,2442673
mhpRp1,0.2,4,4,CCCTTTGCCGTTAGCAGCAA,0,2451151
mhpRp1,0.2,4,4,CCCTTCCTGAGCGCCGCCCA,0,2433970
mhpRp1,0.2,4,4,CCCTGGTGGTTCTCTCCGTA,0,2461399
mhpRp1,0.2,4,4,CCCTGGCCATATCTCAATAG,0,2477496
mhpRp1,0.2,4,4,CCCTGCCATTGATCGGGTCA,0,2465564
mhpRp1,0.2,4,4,CCCTCGCGTCCGTATGGTAC,0,2432521
mhpRp1,0.2,4,4,CCCTCCTCTCACACGCACTC,0,2440646
mhpRp1,0.2,4,4,CCCTACGCGTAAGGGATTTA,0,2478514
mhpRp1,0.2,4,4,CCCGGGCCGGGGTCCAGAAA,0,2439302
mhpRp1,0.2,4,4,CCCGGAACGTGAGAGGTCAC,0,2470424
mhpRp1,0.2,4,4,CCCGCATTAGCGAAGTACAG,0,2470702
mhpRp1,0.2,4,4,CCCGATGGCAGCGTATCAAA,0,2433261
mhpRp1,0.2,4,4,CCCGAAAGCTGCTTCTCCAA,0,2432976
mhpRp1,0.2,4,4,CCCCTTGGTGCCTGGGCGAT,0,2458728
mhpRp1,0.2,4,4,CCCCCAGGGAATTGGAATGG,0,2435644
mhpRp1,0.2,4,4,CCCCAAGGGCAGCGCCCAGC,0,2442159
mhpRp1,0.2,4,4,CCCATTAGCTATATATCCGA,0,2461582
mhpRp1,0.2,4,4,CCATTATTAGATGGCCGTCC,0,2479027
mhpRp1,0.2,4,4,CCATTACGGCTGGTCACTAT,0,2442847
mhpRp1,0.2,4,4,CCATGAGGGGTCGAGAGAAT,0,2428790
mhpRp1,0.2,4,4,CCATCGTGAATAGAACATTA,0,2443464
mhpRp1,0.2,4,4,CCATCCCGTAAATCGTCCAA,0,2434042
mhpRp1,0.2,4,4,CCAGGTACCTGCATGGAGCT,0,2445027
mhpRp1,0.2,4,4,CCAGGGATTGGGAGTTTCCA,0,2447971
mhpRp1,0.2,4,4,CCAGCTGTCATTGTCGTAAT,0,2475973
mhpRp1,0.2,4,4,CCAGCCCTTTCAAGGCAGAG,0,2451519
mhpRp1,0.2,4,4,CCAGCAAAGCAAACACAACT,0,2449166
mhpRp1,0.2,4,4,CCAGAACTACTCATTATGTT,0,2425108
mhpRp1,0.2,4,4,CCACGTCCAACGCGCTAATG,0,2440403
mhpRp1,0.2,4,4,CCACCGCACCTAAAAAAGCC,0,2429536
mhpRp1,0.2,4,4,CCACAGCGGGTCATTTAGGT,0,2441865
mhpRp1,0.2,4,4,CCACAATGATGGCGCTGGCG,0,2441301
mhpRp1,0.2,4,4,CCAACTAAGATCTGGATAGA,0,2468111
mhpRp1,0.2,4,4,CCAACGAGCACTTCCCAATT,0,2434805
mhpRp1,0.2,4,4,CATTTAGGGAATGAGCTGGA,0,2425934
mhpRp1,0.2,4,4,CATTTAAGGTATAAGTGGTT,0,2425398
mhpRp1,0.2,4,4,CATTGACCGAACGATACAAG,0,2465824
mhpRp1,0.2,4,4,CATTGACCAGTGCTTCTGCT,0,2449240
mhpRp1,0.2,4,4,CATTCACAGTTCGGAAACCT,0,2471086
mhpRp1,0.2,4,4,CATTACACCCACGGTGCTGG,0,2471463
mhpRp1,0.2,4,4,CATTAAGCATCCGTTACACC,0,2430548
mhpRp1,0.2,4,4,CATTAAATAGGTAATATCCT,0,2472923
mhpRp1,0.2,4,4,CATGTTGCTCAAGGTCGTCA,0,2458817
mhpRp1,0.2,4,4,CATGTTCGTTCTAGCAGCAA,0,2433419
mhpRp1,0.2,4,4,CATGTACTGCCTCCTCATCA,0,2458271
mhpRp1,0.2,4,4,CATGGATCAGGATGAACAAC,0,2452978
mhpRp1,0.2,4,4,CATGCTCGCTCATTCAGCCC,0,2426930
mhpRp1,0.2,4,4,CATCTTCTCGATTAGGCGGT,0,2442342
mhpRp1,0.2,4,4,CATCTAATTGGCGCCTTGAT,0,2462716
mhpRp1,0.2,4,4,CATCGTCAAGTCTACTCAGA,0,2436711
mhpRp1,0.2,4,4,CATCGCAGTCTACACGCCCC,0,2448880
mhpRp1,0.2,4,4,CATCCAAAACCATTGCAGGA,0,2431408
mhpRp1,0.2,4,4,CATCAGGACCGGGGACCGAT,0,2437811
mhpRp1,0.2,4,4,CATATAGAGTCATATGGATT,0,2472430
mhpRp1,0.2,4,4,CATAGCCATTAGCGTTGTCC,0,2464414
mhpRp1,0.2,4,4,CATACATATCCCATCCCGTT,0,2427233
mhpRp1,0.2,4,4,CAGTTTGTCCTCGTGCCTGA,0,2441202
mhpRp1,0.2,4,4,CAGTTGCTGTGGGTACCAAA,0,2465793
mhpRp1,0.2,4,4,CAGGTACGCGAGGACGTTAG,0,2452462
mhpRp1,0.2,4,4,CAGGGGCTGGGGCTTGCATC,0,2463204
mhpRp1,0.2,4,4,CAGGGATTTACAGTTAACAA,0,2467657
mhpRp1,0.2,4,4,CAGGCGTGTAGTCCTATGGG,0,2441745
mhpRp1,0.2,4,4,CAGGCGCTGTCTTAGTCGCT,0,2428780
mhpRp1,0.2,4,4,CAGGAGAATCTCGAAAGGAT,0,2475959
mhpRp1,0.2,4,4,CAGGACGCACAACTCAAAAG,0,2450662
mhpRp1,0.2,4,4,CAGCTTAATGATTCGTAAAT,0,2460096
mhpRp1,0.2,4,4,CAGCTGATGGTTTCTCTTAA,0,2474690
mhpRp1,0.2,4,4,CAGCCCGCCTCATATGAGAC,0,2437577
mhpRp1,0.2,4,4,CAGCACGTACTTTGATTCAT,0,2431348
mhpRp1,0.2,4,4,CAGATAGTTCAATCGCACTT,0,2478791
mhpRp1,0.2,4,4,CAGAGTACCAGCAAGTGAAA,0,2461284
mhpRp1,0.2,4,4,CAGAGCGCTGGTCTAATCTT,0,2452860
mhpRp1,0.2,4,4,CAGACACAATCGCTCAGCCG,0,2452567
mhpRp1,0.2,4,4,CACTTGGTACCGACTCTTCA,0,2460488
mhpRp1,0.2,4,4,CACTCAGGTCCGGCAAATTA,0,2426148
mhpRp1,0.2,4,4,CACTCAGAGCTCAAGACTAC,0,2436985
mhpRp1,0.2,4,4,CACGTTTGTTCCGCCGGGGC,0,2473152
mhpRp1,0.2,4,4,CACGGGCTCTAGATTTTTCA,0,2454266
mhpRp1,0.2,4,4,CACGGCCTACCAGGGGATCC,0,2433440
mhpRp1,0.2,4,4,CACGAGACGGTGCGGGATCA,0,2441782
mhpRp1,0.2,4,4,CACGACGTTCTCGTTGGGAC,0,2463996
mhpRp1,0.2,4,4,CACGACGGCTAGGGCATCAC,0,2475878
mhpRp1,0.2,4,4,CACGAATTCTGAGCTCGATC,0,2432318
mhpRp1,0.2,4,4,CACCTTGAGTTGAGTGTGTA,0,2428668
mhpRp1,0.2,4,4,CACCCCGCGTTACCATTGTT,0,2471233
mhpRp1,0.2,4,4,CACCCCGACGTGATAGGGCG,0,2474884
mhpRp1,0.2,4,4,CACCATGAGTCGCCGGCGGT,0,2430332
mhpRp1,0.2,4,4,CACATGATCTATGGGGCGAT,0,2433508
mhpRp1,0.2,4,4,CACACGCCAAGCGCTTGTGC,0,2429793
mhpRp1,0.2,4,4,CACACCTCAAGATCGCCGCC,0,2458091
mhpRp1,0.2,4,4,CACAATCGCGGTGATGAGTC,0,2431124
mhpRp1,0.2,4,4,CACAACTTCTTTAATGGCGT,0,2464295
mhpRp1,0.2,4,4,CAATTTATCGGCCAAAAGAT,0,2434496
mhpRp1,0.2,4,4,CAATAGAGACTTTGCCATTT,0,2477835
mhpRp1,0.2,4,4,CAATAGACGAAGGGTAGCAT,0,2459573
mhpRp1,0.2,4,4,CAATAACGGGCATAGTTGCC,0,2442352
mhpRp1,0.2,4,4,CAAGACTACTAAAATAGACG,0,2479041
mhpRp1,0.2,4,4,CAAGAACCACCGGTGGAAAT,0,2432219
mhpRp1,0.2,4,4,CAACGTTATTGTCAATAGAG,0,2424893
mhpRp1,0.2,4,4,CAACCTCATGTCTCTCATAC,0,2459159
mhpRp1,0.2,4,4,CAACCGGCACGTAGATCTGG,0,2435323
mhpRp1,0.2,4,4,CAACAGTGTTGCAGTATTAA,0,2452689
mhpRp1,0.2,4,4,CAAAGTGGATCATCGTGTAT,0,2424438
mhpRp1,0.2,4,4,CAAAGGTTGGAGAGTCTCAG,0,2445926
mhpRp1,0.2,4,4,CAAAGGTTCCCTCTGAACGA,0,2450579
mhpRp1,0.2,4,4,ATTTTTACTAGCGTCTCCCC,0,2445895
mhpRp1,0.2,4,4,ATTTTCTGTAGCGTTTCGTG,0,2446202
mhpRp1,0.2,4,4,ATTTTCAGTCCCTTGCCGGA,0,2463071
mhpRp1,0.2,4,4,ATTTGTTTTGTATCGTCACG,0,2426203
mhpRp1,0.2,4,4,ATTTGCCTTGGACGATGCTG,0,2455755
mhpRp1,0.2,4,4,ATTGTCCACTCTTGGTACTT,0,2459298
mhpRp1,0.2,4,4,ATTGGTGACACTACAAGGGT,0,2454417
mhpRp1,0.2,4,4,ATTGCAGGTTGTCGTGGGGC,0,2455391
mhpRp1,0.2,4,4,ATTGAGGGTTGTACTTAGTG,0,2457500
mhpRp1,0.2,4,4,ATTCTTCGCTAGAGATCACC,0,2430058
mhpRp1,0.2,4,4,ATTCTAAATTTCTGCAATAC,0,2433005
mhpRp1,0.2,4,4,ATTCGGTGGGTCGCACCGCA,0,2427254
mhpRp1,0.2,4,4,ATTCGGCCCGATTCTGGAGA,0,2450657
mhpRp1,0.2,4,4,ATTCCTCTGTTAGCATCAAC,0,2441014
mhpRp1,0.2,4,4,ATTCCGAAACCTGAGATCAC,0,2446596
mhpRp1,0.2,4,4,ATTCCACTTCATAACTCGTC,0,2435730
mhpRp1,0.2,4,4,ATTCATGAAGGCCTTCTTCC,0,2472541
mhpRp1,0.2,4,4,ATTCAGGGTAGAGAATCCAA,0,2429169
mhpRp1,0.2,4,4,ATTCAGGGGGGGCACTCCAA,0,2477741
mhpRp1,0.2,4,4,ATTAGGTTACACCGCGGCGT,0,2458402
mhpRp1,0.2,4,4,ATTAGCTCTACTCTAAAGTG,0,2436141
mhpRp1,0.2,4,4,ATTAAGTATACGAAGGTAAG,0,2428862
mhpRp1,0.2,4,4,ATGTGTGGACGTGATAGCGA,0,2476494
mhpRp1,0.2,4,4,ATGGTAGCAGGACAGAGTCA,0,2432863
mhpRp1,0.2,4,4,ATGGTAAGGGCTTGGATTGA,0,2426310
mhpRp1,0.2,4,4,ATGGGCGTAGAATTGTGGCG,0,2432301
mhpRp1,0.2,4,4,ATGGGATCGTTCCTCTTTGC,0,2472564
mhpRp1,0.2,4,4,ATGGGATAACCTCAATGAAC,0,2453599
mhpRp1,0.2,4,4,ATGGATGTTGGAACTGGTTT,0,2453680
mhpRp1,0.2,4,4,ATGGATAGCTAACAACAGTA,0,2444161
mhpRp1,0.2,4,4,ATGCGACGAAGCACCAATTA,0,2428346
mhpRp1,0.2,4,4,ATGCAAGGACTTTTCAGACA,0,2429985
mhpRp1,0.2,4,4,ATGATGGCCCTATTTCGGTA,0,2439331
mhpRp1,0.2,4,4,ATGAGTTCAGACTGTCCGCG,0,2449352
mhpRp1,0.2,4,4,ATGAGGCTATGGTCTCCGTT,0,2424550
mhpRp1,0.2,4,4,ATGACAATCGCACGTGTTCC,0,2458010
mhpRp1,0.2,4,4,ATGACAAGCGCCCCAGCGTA,0,2471831
mhpRp1,0.2,4,4,ATCTTAGTGAGAGGACCCGG,0,2434079
mhpRp1,0.2,4,4,ATCTTAAAGGCCGCCACGCC,0,2467496
mhpRp1,0.2,4,4,ATCTCTATGGAGACTGCCCC,0,2432436
mhpRp1,0.2,4,4,ATCTCGCCGGTTGTACATGC,0,2460540
mhpRp1,0.2,4,4,ATCTCAGACTGAAGGACGTA,0,2433310
mhpRp1,0.2,4,4,ATCTATTGAAATAAGAAACG,0,2474784
mhpRp1,0.2,4,4,ATCGTAAGCCTTGTAGGATG,0,2476618
mhpRp1,0.2,4,4,ATCGATTAAAGCGCGGTATA,0,2462875
mhpRp1,0.2,4,4,ATCGACATATCCAACATAAT,0,2467587
mhpRp1,0.2,4,4,ATCCTTAGCCTTGAATGCGT,0,2451574
mhpRp1,0.2,4,4,ATCATTACTCGTAGGGTATG,0,2441226
mhpRp1,0.2,4,4,ATCAAATTGGGATCAGCGGT,0,2473534
mhpRp1,0.2,4,4,ATATTTTCGGTGTTTCGTAC,0,2427333
mhpRp1,0.2,4,4,ATATGCAGAGAGGGGCCATA,0,2441495
mhpRp1,0.2,4,4,ATATCGGTAGGCCTAGTTTG,0,2454655
mhpRp1,0.2,4,4,ATATCGGACTATTCATTATG,0,2459183
mhpRp1,0.2,4,4,ATATCGCGCAGTATTGCGCA,0,2439282
mhpRp1,0.2,4,4,ATAGTGCTACATCCTCTGGC,0,2424758
mhpRp1,0.2,4,4,ATAGCGCCGGCTATGAGGCA,0,2466736
mhpRp1,0.2,4,4,ATACTATAGTTCGCCACGTT,0,2474954
mhpRp1,0.2,4,4,ATAATTCTCCCCGCGGTCGA,0,2475385
mhpRp1,0.2,4,4,ATAATATACTAGCTGACCAC,0,2429385
mhpRp1,0.2,4,4,ATAAGTTCAGTTCAGGTGAC,0,2427429
mhpRp1,0.2,4,4,ATAACTCACTGGTGGCTGAT,0,2447806
mhpRp1,0.2,4,4,ATAACATATTGCGTTTGGTG,0,2439747
mhpRp1,0.2,4,4,ATAAAGCATATGAGGCCTCA,0,2447840
mhpRp1,0.2,4,4,AGTTTTAAGAGACTGGATCA,0,2436249
mhpRp1,0.2,4,4,AGTTTCGAGGATCGGCTTGG,0,2440053
mhpRp1,0.2,4,4,AGTTGAATGAATATTAGCAT,0,2462755
mhpRp1,0.2,4,4,AGTTCTTTACAACGCTATTG,0,2470972
mhpRp1,0.2,4,4,AGTTAGGGCTAAATAGTGCA,0,2454763
mhpRp1,0.2,4,4,AGTTACGACGGAGCACGTCA,0,2432771
mhpRp1,0.2,4,4,AGTGTTTCCTGGTTATGTGT,0,2461446
mhpRp1,0.2,4,4,AGTGGTTGTGGACCTACTAC,0,2453357
mhpRp1,0.2,4,4,AGTGGCCGCCTTGAAATCCA,0,2428147
mhpRp1,0.2,4,4,AGTGGACCTAAGCGGTCAAG,0,2433545
mhpRp1,0.2,4,4,AGTGATATATATGTTCAGAA,0,2455065
mhpRp1,0.2,4,4,AGTGAGATCATAGCTGGCGG,0,2431913
mhpRp1,0.2,4,4,AGTCGATCCCGTAGCGAGAG,0,2436340
mhpRp1,0.2,4,4,AGTACCTCATTGATTCGGTT,0,2437435
mhpRp1,0.2,4,4,AGTACATCGGCTCCAATAAA,0,2449253
mhpRp1,0.2,4,4,AGTAATAGATTCTATGGGGG,0,2456815
mhpRp1,0.2,4,4,AGGTTAGTCAAGAGTAGGTG,0,2435325
mhpRp1,0.2,4,4,AGGTGTATGGCTGTATCGGA,0,2427916
mhpRp1,0.2,4,4,AGGTGTACGATTTGTACTGT,0,2454366
mhpRp1,0.2,4,4,AGGTGATTCCGCTATATTTT,0,2439782
mhpRp1,0.2,4,4,AGGTCTTCATTGGGATGGGT,0,2454229
mhpRp1,0.2,4,4,AGGTCTGGAGTCGTGACACT,0,2449480
mhpRp1,0.2,4,4,AGGTATGGTTAAGATCATTT,0,2447064
mhpRp1,0.2,4,4,AGGTACGATGATTCTCGCCA,0,2468744
mhpRp1,0.2,4,4,AGGGTTATTCTCGTAGACCG,0,2466353
mhpRp1,0.2,4,4,AGGGTTATCTGGTGGGGGCG,0,2447028
mhpRp1,0.2,4,4,AGGGGTTAATGTCCAGATCG,0,2430578
mhpRp1,0.2,4,4,AGGGGGACAGCCCAGCGCAA,0,2434027
mhpRp1,0.2,4,4,AGGGGACCGGTGGGGGGTTT,0,2472283
mhpRp1,0.2,4,4,AGGGGACAAATTCCCCCCGG,0,2432043
mhpRp1,0.2,4,4,AGGGCTAATCTAGTGCCATC,0,2440556
mhpRp1,0.2,4,4,AGGGAGCTAACAAAGACCGC,0,2478355
mhpRp1,0.2,4,4,AGGCTGAGGGTAGCTCTAAG,0,2440775
mhpRp1,0.2,4,4,AGGCGTGCCCGGACAATGCC,0,2459524
mhpRp1,0.2,4,4,AGGCGAGCGCATGCGGCATA,0,2435535
mhpRp1,0.2,4,4,AGGCCAGAACACTCTAGGTC,0,2429185
mhpRp1,0.2,4,4,AGGCATTTTCGTGCACGGGG,0,2458502
mhpRp1,0.2,4,4,AGGATTGGGTCGTGCCATCA,0,2472920
mhpRp1,0.2,4,4,AGGATCTGTACCTTAGAAAA,0,2434990
mhpRp1,0.2,4,4,AGGATCATTTTCCGTCTTTA,0,2450884
mhpRp1,0.2,4,4,AGGAGCTCATGGTAATAAAC,0,2425058
mhpRp1,0.2,4,4,AGGACGGTAATGGACGAGTA,0,2466515
mhpRp1,0.2,4,4,AGGACCCAAACCAGTTTGAA,0,2440294
mhpRp1,0.2,4,4,AGGACAAGGCTTAGGAGAGA,0,2435993
mhpRp1,0.2,4,4,AGGAATGAGCGCTCACTAAC,0,2468469
mhpRp1,0.2,4,4,AGCTGATAATGAAACGGGAA,0,2439283
mhpRp1,0.2,4,4,AGCTCGATGCAAGGTGTTCC,0,2476546
mhpRp1,0.2,4,4,AGCTCGACGGATCTCCGGGT,0,2454634
mhpRp1,0.2,4,4,AGCTCAATACTAGGCCATTA,0,2431883
mhpRp1,0.2,4,4,AGCTAATCCGCTCAGCCAGT,0,2468574
mhpRp1,0.2,4,4,AGCGCAACTTACATAGATGG,0,2424908
mhpRp1,0.2,4,4,AGCCTACGTCTAATGCTAGA,0,2445699
mhpRp1,0.2,4,4,AGCCCGTTTACGCCTACCAA,0,2424030
mhpRp1,0.2,4,4,AGCCACTTCATGCCGCTCCA,0,2449190
mhpRp1,0.2,4,4,AGCCACGCCGATTTGCCAGT,0,2471337
mhpRp1,0.2,4,4,AGCATACATGCCCGGTACGG,0,2466528
mhpRp1,0.2,4,4,AGCAATACTGATGATAAAGA,0,2471304
mhpRp1,0.2,4,4,AGATTGCATGAGACCGTTTA,0,2472352
mhpRp1,0.2,4,4,AGATTAAGAGGTATACGCAG,0,2458258
mhpRp1,0.2,4,4,AGATGTTGCGGTAGTACCGC,0,2455984
mhpRp1,0.2,4,4,AGATGATAGCCGTTTCAATA,0,2452458
mhpRp1,0.2,4,4,AGATGAAGGGATAGTAGCAA,0,2473926
mhpRp1,0.2,4,4,AGATCGGGCTTCAGGATAGT,0,2460382
mhpRp1,0.2,4,4,AGATATGGCCCTGCTATCGT,0,2444289
mhpRp1,0.2,4,4,AGAGTGTCCTTCGGACTCCC,0,2451063
mhpRp1,0.2,4,4,AGAGGGTTGTCTCAGGATTC,0,2468472
mhpRp1,0.2,4,4,AGAGCGCGCCCAGCGGAAAC,0,2474961
mhpRp1,0.2,4,4,AGAGCCGGGGTTATAAGTGA,0,2458080
mhpRp1,0.2,4,4,AGAGACCCCGCACATGGCGG,0,2471261
mhpRp1,0.2,4,4,AGAGAATTTTCGCTTATAAT,0,2459432
mhpRp1,0.2,4,4,AGACTGTCGGAGGATCGCGC,0,2456848
mhpRp1,0.2,4,4,AGACCTGGATGGTGAGACTT,0,2453130
mhpRp1,0.2,4,4,AGACCGGGTTACTGAATCTG,0,2454145
mhpRp1,0.2,4,4,AGAATTGATCACTCGTCAGG,0,2451958
mhpRp1,0.2,4,4,AGAATGCGAGGTCAACTGGG,0,2428736
mhpRp1,0.2,4,4,AGAATCAACTTTCGGTATTG,0,2450279
mhpRp1,0.2,4,4,AGAAGTGTTTGTCTCCGTGT,0,2479038
mhpRp1,0.2,4,4,AGAAGATTTCAGACCGTGCT,0,2426316
mhpRp1,0.2,4,4,AGAAACATAAATGAATTCTT,0,2431340
mhpRp1,0.2,4,4,AGAAAAACCTTATAGTTCGG,0,2459899
mhpRp1,0.2,4,4,ACTTCGGTGGTATGCAGCCC,0,2455315
mhpRp1,0.2,4,4,ACTGGTTTGAAACCTGTACA,0,2447838
mhpRp1,0.2,4,4,ACTGCGCACATGTACGATCG,0,2476524
mhpRp1,0.2,4,4,ACTGCACAAAATAACATATG,0,2429031
mhpRp1,0.2,4,4,ACTGAGCGCATCGTAGCAAT,0,2448322
mhpRp1,0.2,4,4,ACTCGTGGGGTATGGCGGGA,0,2440509
mhpRp1,0.2,4,4,ACTCGTAAAGAAATACCCCG,0,2443230
mhpRp1,0.2,4,4,ACTCCCATATACTCTTATCG,0,2469068
mhpRp1,0.2,4,4,ACTCACATCAGGGTACCGCG,0,2468446
mhpRp1,0.2,4,4,ACTATGTCCCCGTATGTTTG,0,2431551
mhpRp1,0.2,4,4,ACTATCTGATTCAAGAAGAA,0,2476580
mhpRp1,0.2,4,4,ACTAGAAATGTGACCTGCCT,0,2475990
mhpRp1,0.2,4,4,ACTAATGGAGACGAGACACC,0,2442958
mhpRp1,0.2,4,4,ACTAAGGGGGCACGAGAGTC,0,2454543
mhpRp1,0.2,4,4,ACGTTTCTAAGATTGAACAC,0,2459636
mhpRp1,0.2,4,4,ACGTTGATGGCCGGGATACT,0,2424673
mhpRp1,0.2,4,4,ACGTGGGGATGGCCTGACCT,0,2441321
mhpRp1,0.2,4,4,ACGTAGCGCGGCTGTGCCCC,0,2459043
mhpRp1,0.2,4,4,ACGTACGGTCCGGGGAGTGT,0,2465137
mhpRp1,0.2,4,4,ACGGTAGAGACGGTCCGCAA,0,2441375
mhpRp1,0.2,4,4,ACGGGCTTAGTCACCACCGG,0,2477770
mhpRp1,0.2,4,4,ACGGCGCTGGTGTGAACTTT,0,2458984
mhpRp1,0.2,4,4,ACGGCCCCGCGTCCACCGGC,0,2456971
mhpRp1,0.2,4,4,ACGCTCGTGCTTTGTTTCGT,0,2476655
mhpRp1,0.2,4,4,ACGCGGTGGCTCAACCTGCA,0,2451753
mhpRp1,0.2,4,4,ACGCGGCCAGAGATGATAGT,0,2440296
mhpRp1,0.2,4,4,ACGCCCGGTCTCCCTACACT,0,2451270
mhpRp1,0.2,4,4,ACGCATGGTCGAATACCGGT,0,2465786
mhpRp1,0.2,4,4,ACGAGTAGGTGTGTTCTTCA,0,2448482
mhpRp1,0.2,4,4,ACGAGTACTACGGGAGAAAA,0,2479298
mhpRp1,0.2,4,4,ACGAATGGGCTTCCCAGTCT,0,2463242
mhpRp1,0.2,4,4,ACGAAGATGTTACAGACGGT,0,2436024
mhpRp1,0.2,4,4,ACCTTTGATCGCCAAGGGAT,0,2437677
mhpRp1,0.2,4,4,ACCTTAGTAGTGGTGCTAGC,0,2425340
mhpRp1,0.2,4,4,ACCTTAACATGAAAATCAAG,0,2431422
mhpRp1,0.2,4,4,ACCTGTGTCACGTCACTAAT,0,2476056
mhpRp1,0.2,4,4,ACCTGGCCGACCGCGCCCAG,0,2452766
mhpRp1,0.2,4,4,ACCTCGTATCGGCGGGATGG,0,2438277
mhpRp1,0.2,4,4,ACCTAGATATCACTCCGGAC,0,2472925
mhpRp1,0.2,4,4,ACCTAAAAACACGTCAAAAC,0,2430612
mhpRp1,0.2,4,4,ACCGTCCTCCTAAAGACTAC,0,2444645
mhpRp1,0.2,4,4,ACCGCTTGTGGCCGGTCAGT,0,2469494
mhpRp1,0.2,4,4,ACCGCCTGCTAAAAAGTAAG,0,2432833
mhpRp1,0.2,4,4,ACCGAGGCTAAAATCCGAGT,0,2426957
mhpRp1,0.2,4,4,ACCGAGAAGTGCTAGTTGGT,0,2463744
mhpRp1,0.2,4,4,ACCGACCCCGTGGCGTTTCA,0,2440926
mhpRp1,0.2,4,4,ACCCTTAGTGTCGCCCAGAC,0,2438955
mhpRp1,0.2,4,4,ACCCCAAATATCGGCGACTC,0,2477512
mhpRp1,0.2,4,4,ACCATTGTGGTTTGAAGCGT,0,2440514
mhpRp1,0.2,4,4,ACCATTAGGGGGGCGATACT,0,2429314
mhpRp1,0.2,4,4,ACCAGCAACAGTCCTTCAAA,0,2464865
mhpRp1,0.2,4,4,ACCAACACGTTCGGTAACTA,0,2462513
mhpRp1,0.2,4,4,ACATTTCGCTGTATGGGGGA,0,2466880
mhpRp1,0.2,4,4,ACATTGTTTACAACCTGGAC,0,2423897
mhpRp1,0.2,4,4,ACATCGTTCAGTTGCTTGGC,0,2455461
mhpRp1,0.2,4,4,ACATCGCAGCTCACTATTGA,0,2467923
mhpRp1,0.2,4,4,ACATCCTCTCGAGGTTGGAG,0,2465614
mhpRp1,0.2,4,4,ACAGGTAATCTGGTTGGTAC,0,2461641
mhpRp1,0.2,4,4,ACAGATCGTCGGAAGCCTCA,0,2475039
mhpRp1,0.2,4,4,ACACTATGGTAGTGGTCGAA,0,2472941
mhpRp1,0.2,4,4,ACACGATTGCACCAGCCCGA,0,2433302
mhpRp1,0.2,4,4,ACAACCAATTAGCGTGAGCA,0,2470214
mhpRp1,0.2,4,4,ACAAAACTGCAACCTTGGCG,0,2458451
mhpRp1,0.2,4,4,ACAAAAACCTAAACAGCAAC,0,2476364
mhpRp1,0.2,4,4,AATTGCGTGCATTGGTTTAA,0,2441234
mhpRp1,0.2,4,4,AATTCGAGATTACGCTGAAA,0,2446560
mhpRp1,0.2,4,4,AATTCACAAGAGGCTAATCA,0,2451625
mhpRp1,0.2,4,4,AATTAGGCGTTTTTTAGGTC,0,2463945
mhpRp1,0.2,4,4,AATGTTCCGGTATATTGTCA,0,2449369
mhpRp1,0.2,4,4,AATGGTGCGAACTGATCGAA,0,2472338
mhpRp1,0.2,4,4,AATGGCGAGAAGCATTCTTA,0,2435562
mhpRp1,0.2,4,4,AATGACCTGATTAAGCCGGT,0,2433180
mhpRp1,0.2,4,4,AATGAACTGTCCGATTGCAT,0,2456397
mhpRp1,0.2,4,4,AATCGTAACTCACATACTTA,0,2476697
mhpRp1,0.2,4,4,AATCCTCAACATATTCGGTG,0,2431572
mhpRp1,0.2,4,4,AATCATCTCTATTACTGTAG,0,2451483
mhpRp1,0.2,4,4,AATCAGGAAATTTTATACTG,0,2431379
mhpRp1,0.2,4,4,AATCACCGAGTATTCCGGTC,0,2449511
mhpRp1,0.2,4,4,AATCAATGGATGTTGGTTGG,0,2450852
mhpRp1,0.2,4,4,AATATGAGTGGATAGTTTAT,0,2433351
mhpRp1,0.2,4,4,AATATAAGAATACAGGAGTA,0,2475310
mhpRp1,0.2,4,4,AATACGTTATGGTGTATCGT,0,2458598
mhpRp1,0.2,4,4,AATACGGAGAGCAGACAGCC,0,2473573
mhpRp1,0.2,4,4,AAGTTGGCAAATACTCAGGT,0,2465803
mhpRp1,0.2,4,4,AAGTTCCACTGGTGGCCTAT,0,2439269
mhpRp1,0.2,4,4,AAGTGCGATTGGAAGATTAA,0,2431970
mhpRp1,0.2,4,4,AAGTGACTTCTCCCATGGTC,0,2464139
mhpRp1,0.2,4,4,AAGTCGATACGGGGTAACAT,0,2457090
mhpRp1,0.2,4,4,AAGTATTAATGAAGTCGTGC,0,2465621
mhpRp1,0.2,4,4,AAGTAGAGGAATGCAAATTG,0,2440822
mhpRp1,0.2,4,4,AAGGCCGGGATGGTTTCCGT,0,2434736
mhpRp1,0.2,4,4,AAGGACGTGTGGGAGGCCGT,0,2461383
mhpRp1,0.2,4,4,AAGCGCCGGTTACTGAATGT,0,2429627
mhpRp1,0.2,4,4,AAGCGACATACAATGTATTA,0,2458105
mhpRp1,0.2,4,4,AAGCCGCGGCATGTTGATTT,0,2440748
mhpRp1,0.2,4,4,AAGCCGATTGCAAGTATAGT,0,2439609
mhpRp1,0.2,4,4,AAGCACGATAGTGAGTATAC,0,2424910
mhpRp1,0.2,4,4,AAGATGGGAAGAAGATGAGA,0,2423905
mhpRp1,0.2,4,4,AAGATGACCGATGAAGGCAT,0,2470232
mhpRp1,0.2,4,4,AAGAGGCCTTTACTACTTTG,0,2439598
mhpRp1,0.2,4,4,AAGAGCTCCGATAAGTTCGG,0,2469502
mhpRp1,0.2,4,4,AAGAAGGGTAAGCTGCTCAT,0,2471665
mhpRp1,0.2,4,4,AAGAACGTGCGTAAGGTAAG,0,2476034
mhpRp1,0.2,4,4,AACTTCGCGAGTTGGGACCA,0,2447883
mhpRp1,0.2,4,4,AACTCAACGTCGGTCCCGTG,0,2451641
mhpRp1,0.2,4,4,AACTACCTGATATACAATGT,0,2423918
mhpRp1,0.2,4,4,AACGTCTAATGCGAAACGGC,0,2436757
mhpRp1,0.2,4,4,AACGGCTCCCTATTTTAATA,0,2430874
mhpRp1,0.2,4,4,AACGAGTCAGTGAAGAAGGA,0,2435396
mhpRp1,0.2,4,4,AACGAACGTACTACGCTTAG,0,2435853
mhpRp1,0.2,4,4,AACCTGTCAACTCCACATCA,0,2464045
mhpRp1,0.2,4,4,AACCGTTCATTCGGTAAACA,0,2462023
mhpRp1,0.2,4,4,AACCGTAAGCTATTGCGCCG,0,2443664
mhpRp1,0.2,4,4,AACCGGTTGTTAGTAAAAGT,0,2449669
mhpRp1,0.2,4,4,AACCCTGGGAGCCACAAGAG,0,2429748
mhpRp1,0.2,4,4,AACCCTCCCCGTTGGATCGA,0,2441113
mhpRp1,0.2,4,4,AACAGAGACTAAACACCGTA,0,2456922
mhpRp1,0.2,4,4,AACACTATTAGTTTCGGACA,0,2469096
mhpRp1,0.2,4,4,AAATTAGAGCCTGAATGCAA,0,2446438
mhpRp1,0.2,4,4,AAAGGGATAGTATGGGCCGT,0,2474969
mhpRp1,0.2,4,4,AAAGCGCGACGACATCTATT,0,2445412
mhpRp1,0.2,4,4,AAAGCAGGACTAATGCATTC,0,2465301
mhpRp1,0.2,4,4,AAAGCAGAAATGCCCGCTCA,0,2472200
mhpRp1,0.2,4,4,AAAGAGTTCCATTTTTGACG,0,2470021
mhpRp1,0.2,4,4,AAAGACCAGTACAGTAAATG,0,2441564
mhpRp1,0.2,4,4,AAACGGAAGTGAGTAACTAC,0,2451070
mhpRp1,0.2,4,4,AAACGAAATTATACTCACCA,0,2466516
mhpRp1,0.2,4,4,AAACCTTGGTGTTATCGAGC,0,2441096
mhpRp1,0.2,4,4,AAAAATGATTAGTGGACAAT,0,2455119
mhpRp1,0.2,4,4,AAAAATGAAAGATCCGACGA,0,2442661
mhpRp1,0.2,4,4,AAAAAGGAACCTAGTGGAGG,0,2429254
mhpRp1,0.25,3,3,TTTTGCACGTCGTCGCCCGG,0,2424791
mhpRp1,0.25,3,3,TTTTCGGGGAACACTAACTG,0,2466775
mhpRp1,0.25,3,3,TTTTATATCCGACAGTAGCG,0,2451749
mhpRp1,0.25,3,3,TTTTAGTGACGGAATAAGCT,0,2451639
mhpRp1,0.25,3,3,TTTTAGGACGACGCCTAGGG,0,2429219
mhpRp1,0.25,3,3,TTTTAATTGCGCAAAGGGAG,0,2478319
mhpRp1,0.25,3,3,TTTTAACGGATTTGTAACTA,0,2454381
mhpRp1,0.25,3,3,TTTTAAAGGGTAAGTCGTTT,0,2471252
mhpRp1,0.25,3,3,TTTGTCAGGATTTGAGTTCA,0,2449584
mhpRp1,0.25,3,3,TTTGGTTTTGGGCAACGTTC,0,2433299
mhpRp1,0.25,3,3,TTTGGTGCCTACCAGTATAA,0,2429628
mhpRp1,0.25,3,3,TTTGGCTGGTGGAATTGCAG,0,2469021
mhpRp1,0.25,3,3,TTTGGCTGAAGATGATGAAA,0,2477847
mhpRp1,0.25,3,3,TTTGGATTTTGTTATTGCAA,0,2477747
mhpRp1,0.25,3,3,TTTGGATTTGTCGTATTGCT,0,2424425
mhpRp1,0.25,3,3,TTTGCCTGACGGCCCGTAAA,0,2425328
mhpRp1,0.25,3,3,TTTGCAGATTTTCGCATATT,0,2464838
mhpRp1,0.25,3,3,TTTGATTTATACATGCAATC,0,2446600
mhpRp1,0.25,3,3,TTTGATATTAATTAATGGAT,0,2434172
mhpRp1,0.25,3,3,TTTGAAATGCCACACAGGGA,0,2450656
mhpRp1,0.25,3,3,TTTCCTTGGCCAGGCACTTT,0,2448072
mhpRp1,0.25,3,3,TTTCCACTCCCTAGATTCCT,0,2464876
mhpRp1,0.25,3,3,TTTCATGTGAACAGTGACGT,0,2433736
mhpRp1,0.25,3,3,TTTCAGCCCCATGTGCTCGT,0,2429509
mhpRp1,0.25,3,3,TTTCAGCATGTTCGGCCTTT,0,2467673
mhpRp1,0.25,3,3,TTTCAGACACCAAGGTCGCA,0,2432441
mhpRp1,0.25,3,3,TTTCAAGCTGTCAGTGGGAC,0,2459749
mhpRp1,0.25,3,3,TTTATTGATTCGTTTCGCAA,0,2457754
mhpRp1,0.25,3,3,TTTAGTTTCTGGGATTTTGC,0,2475795
mhpRp1,0.25,3,3,TTTAGATTCCGGATTGCGCC,0,2469218
mhpRp1,0.25,3,3,TTTACTAGTACCGGGGGGGA,0,2427672
mhpRp1,0.25,3,3,TTTACCACATGGCACATGTT,0,2446342
mhpRp1,0.25,3,3,TTGTTCGCCCCCGCACGATT,0,2469263
mhpRp1,0.25,3,3,TTGTCCTTCAGACGTGGGAT,0,2455194
mhpRp1,0.25,3,3,TTGTCCCACTGTTGCTTATC,0,2457149
mhpRp1,0.25,3,3,TTGTAAGCTGCACTATGCAT,0,2471688
mhpRp1,0.25,3,3,TTGTAAAACTGGACGGTACG,0,2440289
mhpRp1,0.25,3,3,TTGGGGGTGAACGTTGACTA,0,2446590
mhpRp1,0.25,3,3,TTGGGCTGTCAAGTTTAATG,0,2468215
mhpRp1,0.25,3,3,TTGGGCAGAAAGGTAGATCT,0,2428847
mhpRp1,0.25,3,3,TTGGGACCGCAGGCCTTTAA,0,2466691
mhpRp1,0.25,3,3,TTGGGAAATAGTTGTAGATA,0,2474549
mhpRp1,0.25,3,3,TTGGAAGATATGGGTAATAA,0,2432052
mhpRp1,0.25,3,3,TTGCTTGTGATCGGTTTGCT,0,2472420
mhpRp1,0.25,3,3,TTGCTGCTTTATTCCGTGAC,0,2428106
mhpRp1,0.25,3,3,TTGCATGCTAGTGGCCAGTA,0,2464028
mhpRp1,0.25,3,3,TTGAGCCTGGTCCCCCGGCG,0,2443995
mhpRp1,0.25,3,3,TTGAATAATTTTGCATGATC,0,2466924
mhpRp1,0.25,3,3,TTGAAGTCAGGTCAGGCCGT,0,2434400
mhpRp1,0.25,3,3,TTCTGCTTATTCAGCTTCTA,0,2475711
mhpRp1,0.25,3,3,TTCTGACTGCAAATGTGCCC,0,2470287
mhpRp1,0.25,3,3,TTCTCAAAAACTTCGAAGAC,0,2433650
mhpRp1,0.25,3,3,TTCGTAGGAGATCAGATGGC,0,2430917
mhpRp1,0.25,3,3,TTCGGTTGTTCCTTGGGGCT,0,2463096
mhpRp1,0.25,3,3,TTCGGTCATATGAAGTGGTT,0,2449276
mhpRp1,0.25,3,3,TTCGGCTAGAAGGCTGATAT,0,2444601
mhpRp1,0.25,3,3,TTCGCACCTCCCAGTGGCTC,0,2453483
mhpRp1,0.25,3,3,TTCGCAAAATATTCCGTAGT,0,2452344
mhpRp1,0.25,3,3,TTCCAGGTACGGCCTGACAT,0,2442715
mhpRp1,0.25,3,3,TTCATACCGGACGTGCTCAG,0,2451272
mhpRp1,0.25,3,3,TTCAGTCTTCACCATAGTGC,0,2468572
mhpRp1,0.25,3,3,TTCAGGCGATGCTTGGGACG,0,2425081
mhpRp1,0.25,3,3,TTCAGAACCTCAACGATGAA,0,2471016
mhpRp1,0.25,3,3,TTCACCAGTATGCGTTGTTT,0,2429879
mhpRp1,0.25,3,3,TTCAAGCATGCAAAGATTGA,0,2438236
mhpRp1,0.25,3,3,TTCAACTTAAACTGGCTTAA,0,2434867
mhpRp1,0.25,3,3,TTATTTGTCGGTAACGCGCT,0,2454928
mhpRp1,0.25,3,3,TTATTCCGTGAATGCCGGTT,0,2438261
mhpRp1,0.25,3,3,TTATGTCCGGATAAGTAAGT,0,2461837
mhpRp1,0.25,3,3,TTATGGCGTAGTGACCAACT,0,2437033
mhpRp1,0.25,3,3,TTATGCTGAAAACTAAACAC,0,2448453
mhpRp1,0.25,3,3,TTATGCGCCTACGTGGCGCC,0,2438968
mhpRp1,0.25,3,3,TTATGACAGGAGGGTAAAGG,0,2468304
mhpRp1,0.25,3,3,TTAGTACGGATATGAGAATC,0,2429623
mhpRp1,0.25,3,3,TTAGGGTAGAGGGCCCGAAT,0,2425016
mhpRp1,0.25,3,3,TTAGGGCAGCATCATGTTCG,0,2470103
mhpRp1,0.25,3,3,TTAGGAACTCGTTTTGAAGT,0,2467473
mhpRp1,0.25,3,3,TTAGCTCGTTGGGCAACATA,0,2447532
mhpRp1,0.25,3,3,TTAGCGCTACGGGACCACCA,0,2471021
mhpRp1,0.25,3,3,TTAGCCCGGCTAAGTACTAG,0,2426984
mhpRp1,0.25,3,3,TTAGCCAGTGGAATAATATG,0,2445217
mhpRp1,0.25,3,3,TTAGATGGGAACATGACACC,0,2465375
mhpRp1,0.25,3,3,TTACTATTAGATGTAGGGGC,0,2451781
mhpRp1,0.25,3,3,TTACTAGATGCGTCCTAAGA,0,2436615
mhpRp1,0.25,3,3,TTACGTCTCACCGGTGGGAA,0,2466634
mhpRp1,0.25,3,3,TTACGGTGATTAAGCTTGAG,0,2450352
mhpRp1,0.25,3,3,TTACAGGTGAGGCGCCCAGT,0,2468699
mhpRp1,0.25,3,3,TTACAGGAAGTACCGAACTC,0,2459855
mhpRp1,0.25,3,3,TTACACTGAGCGGGCAAATT,0,2466601
mhpRp1,0.25,3,3,TTACAAGAGTTGTTTGTGCA,0,2479138
mhpRp1,0.25,3,3,TTAATGTCACACGAGTCATA,0,2452619
mhpRp1,0.25,3,3,TTAATCAGTCGAAATTATTA,0,2449170
mhpRp1,0.25,3,3,TTAAGGGATTACACTTACCG,0,2463789
mhpRp1,0.25,3,3,TTAAGAAGAGTACCCACGTT,0,2427058
mhpRp1,0.25,3,3,TTAACCCGAGTTCGTCTATG,0,2476013
mhpRp1,0.25,3,3,TTAACCACTAAGGTTTACGA,0,2451266
mhpRp1,0.25,3,3,TTAAAACTTCAAGTTCTGGA,0,2441242
mhpRp1,0.25,3,3,TGTTTAGCTATGTGTGTGCC,0,2445151
mhpRp1,0.25,3,3,TGTTGGAAGCGGTCTAAGCA,0,2446234
mhpRp1,0.25,3,3,TGTTGACTCGCTAAGCCGAC,0,2454316
mhpRp1,0.25,3,3,TGTTGAACATCCGTGTGTCA,0,2467433
mhpRp1,0.25,3,3,TGTTGAAATTAGTGTGGACA,0,2469500
mhpRp1,0.25,3,3,TGTTCTTCCTACAGAACGAG,0,2474770
mhpRp1,0.25,3,3,TGTTCCGTGGTAGGATCCGG,0,2434229
mhpRp1,0.25,3,3,TGTTCAAGGTGGTTGACGGA,0,2464439
mhpRp1,0.25,3,3,TGTTATCCTCTGTTGCACAA,0,2435057
mhpRp1,0.25,3,3,TGTTACTTTTATCGCGCCGA,0,2464305
mhpRp1,0.25,3,3,TGTGGTCCAGCCACCTTGAG,0,2432474
mhpRp1,0.25,3,3,TGTGGCTGATCGTGATCCGG,0,2435486
mhpRp1,0.25,3,3,TGTGCACGCCGGTCGGAGAT,0,2453303
mhpRp1,0.25,3,3,TGTGACAAAATCACCGTACG,0,2450601
mhpRp1,0.25,3,3,TGTGAAACTTTCTCTGGTGG,0,2463643
mhpRp1,0.25,3,3,TGTCGCCTCCGCCGCTTTCA,0,2479365
mhpRp1,0.25,3,3,TGTCATTCACTGTTGGTGCT,0,2431920
mhpRp1,0.25,3,3,TGTATTCTTCCAGCTCCCGG,0,2475383
mhpRp1,0.25,3,3,TGTATCCCAAGGGGCATACC,0,2436812
mhpRp1,0.25,3,3,TGTACTCCTCGGACGGATCG,0,2463147
mhpRp1,0.25,3,3,TGTACATCATTTAACAACGT,0,2431366
mhpRp1,0.25,3,3,TGTAACGGCGATCACTAGAG,0,2463474
mhpRp1,0.25,3,3,TGGTCTAGTCTATGTTTCAC,0,2426100
mhpRp1,0.25,3,3,TGGTCTACCATTCTTATTCC,0,2477344
mhpRp1,0.25,3,3,TGGTCGTTAAGTCAACAGTA,0,2463167
mhpRp1,0.25,3,3,TGGTCGCGAGTCCAGACGGT,0,2466261
mhpRp1,0.25,3,3,TGGTCAAACCTCATCCCAAA,0,2453392
mhpRp1,0.25,3,3,TGGTAAATTGAGCTGACCGA,0,2465079
mhpRp1,0.25,3,3,TGGGTTACCTTGCGTGGATT,0,2478605
mhpRp1,0.25,3,3,TGGGTACGTACATTAAGTCC,0,2453049
mhpRp1,0.25,3,3,TGGGTAATCTTCTCCCCGGT,0,2437896
mhpRp1,0.25,3,3,TGGGGGTAGCGCTCTTTACC,0,2458558
mhpRp1,0.25,3,3,TGGGCTGGCAAGTTTGCAGC,0,2467740
mhpRp1,0.25,3,3,TGGGCTCTGCGGTGTCGATG,0,2448155
mhpRp1,0.25,3,3,TGGGCACATGATTCCTCACA,0,2452138
mhpRp1,0.25,3,3,TGGGATCGGAGGCTCTCGTG,0,2435350
mhpRp1,0.25,3,3,TGGGATCCCCCAGAATCTTA,0,2435021
mhpRp1,0.25,3,3,TGGGACCTCTCAACTGGTAA,0,2456522
mhpRp1,0.25,3,3,TGGGAACGCGGGTGAATGGG,0,2449784
mhpRp1,0.25,3,3,TGGCTGTCCGTGTGGCTAAT,0,2454676
mhpRp1,0.25,3,3,TGGCTCGAGGTCCAGCAGCA,0,2435094
mhpRp1,0.25,3,3,TGGCGGAGAATTGAACGAGA,0,2433958
mhpRp1,0.25,3,3,TGGCCTGGCGCGCCTTCGAG,0,2478436
mhpRp1,0.25,3,3,TGGCAAGGGCGTGCAGACCC,0,2471782
mhpRp1,0.25,3,3,TGGATTAGGCGGGCCAGAGT,0,2468042
mhpRp1,0.25,3,3,TGGATCTTTCAACAGATCAC,0,2440025
mhpRp1,0.25,3,3,TGGATACCAATGATGCGGGA,0,2464909
mhpRp1,0.25,3,3,TGGAGACAACTAGGTCTTAC,0,2462049
mhpRp1,0.25,3,3,TGGAACTACGTGAAGGGACC,0,2441126
mhpRp1,0.25,3,3,TGGAACAGATGAGCTCGCGT,0,2453850
mhpRp1,0.25,3,3,TGGAAAAGGAAGACCCGGCG,0,2472162
mhpRp1,0.25,3,3,TGGAAAAAGAAGCACATGCG,0,2447676
mhpRp1,0.25,3,3,TGCTGCTATCCAATACGTGT,0,2427996
mhpRp1,0.25,3,3,TGCTGACCCTAAGGGGAGCT,0,2462950
mhpRp1,0.25,3,3,TGCTCACAGCGCCCCAGGGA,0,2441611
mhpRp1,0.25,3,3,TGCGTGTAGCCGTTTTACAG,0,2433409
mhpRp1,0.25,3,3,TGCGTGGAGCGCCTAACGTG,0,2457226
mhpRp1,0.25,3,3,TGCGTCTTTCGAGACATCCG,0,2461204
mhpRp1,0.25,3,3,TGCGTCGATCGACTTTGAGG,0,2476236
mhpRp1,0.25,3,3,TGCGTCCCAGAACACTAGAA,0,2433592
mhpRp1,0.25,3,3,TGCGAGGCCTCACAAAGGAG,0,2429224
mhpRp1,0.25,3,3,TGCCTGATTTAAAGAAGTAT,0,2462253
mhpRp1,0.25,3,3,TGCCTCGCGCTAAAAATCGA,0,2425352
mhpRp1,0.25,3,3,TGCCGGATATAGACCAGGTG,0,2426562
mhpRp1,0.25,3,3,TGCCCCGACTGTTTCTTAAA,0,2465309
mhpRp1,0.25,3,3,TGCCATGCTCACGCAACTGA,0,2456337
mhpRp1,0.25,3,3,TGCCACATTCTGGCATACTC,0,2471605
mhpRp1,0.25,3,3,TGCCACAGGTATCAAGCCTC,0,2471830
mhpRp1,0.25,3,3,TGCAGTGACATATATGCGCG,0,2465183
mhpRp1,0.25,3,3,TGCAGGGAATAAGGATAGTG,0,2473389
mhpRp1,0.25,3,3,TGCACGCCTTGCAAATTTCC,0,2463412
mhpRp1,0.25,3,3,TGCAATCATATCCCAACGTT,0,2455487
mhpRp1,0.25,3,3,TGCAACATCGATTCGGTCGT,0,2456057
mhpRp1,0.25,3,3,TGATTATTCGAGCGGCGCTG,0,2463321
mhpRp1,0.25,3,3,TGATGGTCGTTACTTGTAGA,0,2436372
mhpRp1,0.25,3,3,TGATGCCTTGTCTCGATTAA,0,2459672
mhpRp1,0.25,3,3,TGATAGCTGCCCATTCCGAT,0,2443185
mhpRp1,0.25,3,3,TGAGGTCACCTATTCAATCG,0,2470187
mhpRp1,0.25,3,3,TGAGGGGGTCCGCTCTCTAA,0,2441844
mhpRp1,0.25,3,3,TGAGCTTGCATCTGTTAAGC,0,2462727
mhpRp1,0.25,3,3,TGAGCCGCGTTTTCTCAGTA,0,2475027
mhpRp1,0.25,3,3,TGAGATTGGTAACCTACCCG,0,2433463
mhpRp1,0.25,3,3,TGAGAGGTTCCTATTTAACT,0,2444222
mhpRp1,0.25,3,3,TGAGACCATGTCCACCTCGA,0,2452988
mhpRp1,0.25,3,3,TGACTTTTGTTACAGGCACT,0,2456258
mhpRp1,0.25,3,3,TGACTTGACGGTGGTTGCTT,0,2451265
mhpRp1,0.25,3,3,TGACGCGGTACACCTTCGCG,0,2468124
mhpRp1,0.25,3,3,TGACCGGGTAGCAGCCGTAT,0,2468065
mhpRp1,0.25,3,3,TGAAGTCAAGGCAGTGGAAC,0,2455024
mhpRp1,0.25,3,3,TGAAGGAATATTATGGAGAC,0,2435947
mhpRp1,0.25,3,3,TGAAATTCAGGTGGACTTAT,0,2479336
mhpRp1,0.25,3,3,TGAAACCAATTGTTACCGCT,0,2458417
mhpRp1,0.25,3,3,TGAAAAGCCTCAGAAATCTT,0,2464415
mhpRp1,0.25,3,3,TCTTTGAAGGTCGTCTAGAA,0,2459436
mhpRp1,0.25,3,3,TCTTGCGTAGGGTTGCGTTA,0,2431471
mhpRp1,0.25,3,3,TCTTCTTTTGGTTAACACGT,0,2471205
mhpRp1,0.25,3,3,TCTGGGCTAAGTTTCGTAAA,0,2454235
mhpRp1,0.25,3,3,TCTGGCCGAAAAATTGGCTT,0,2472627
mhpRp1,0.25,3,3,TCTGGCAATTGGCGGGTTTC,0,2459326
mhpRp1,0.25,3,3,TCTGGAGTAAGTATAAATCG,0,2442472
mhpRp1,0.25,3,3,TCTGGAGGAGAATAGAATAT,0,2463946
mhpRp1,0.25,3,3,TCTGCACATCCCGGTGAGCC,0,2430095
mhpRp1,0.25,3,3,TCTCTAGGTGCCGTCGCCTT,0,2448206
mhpRp1,0.25,3,3,TCTCGATATACGTCCGGACA,0,2452395
mhpRp1,0.25,3,3,TCTCAGGAGACCCGTGGGTC,0,2478293
mhpRp1,0.25,3,3,TCTCAGCCGTGCAGTATAAC,0,2424849
mhpRp1,0.25,3,3,TCTCAGACTCCTTTCACATT,0,2452912
mhpRp1,0.25,3,3,TCTCAAAATCGTGGGGATCT,0,2460649
mhpRp1,0.25,3,3,TCTACGAGTCACTTCTGTGT,0,2436940
mhpRp1,0.25,3,3,TCTAATCATTCGACAAACGA,0,2433701
mhpRp1,0.25,3,3,TCGTTTCCACGTAGAATCGG,0,2438665
mhpRp1,0.25,3,3,TCGTGTAAGCGAGGAATTGC,0,2425209
mhpRp1,0.25,3,3,TCGTCGCACAAAAAAAGCGA,0,2471207
mhpRp1,0.25,3,3,TCGTACACGTGGCTATAACT,0,2436487
mhpRp1,0.25,3,3,TCGTAATCATTTGCGCTGAA,0,2476971
mhpRp1,0.25,3,3,TCGGTGAGCAGTATAGTGTC,0,2448879
mhpRp1,0.25,3,3,TCGGTATACTCACGCTTTTC,0,2427159
mhpRp1,0.25,3,3,TCGGGCGCGGTTTCATCGCA,0,2479489
mhpRp1,0.25,3,3,TCGGCACTGCCTGGCGGGGG,0,2446998
mhpRp1,0.25,3,3,TCGCTATAAATGCGATGTCC,0,2456238
mhpRp1,0.25,3,3,TCGCGTCTAGGTCTCTAAGA,0,2468094
mhpRp1,0.25,3,3,TCGCCGGGCACGGACATATT,0,2456271
mhpRp1,0.25,3,3,TCGCCATTTCCGACAATTAA,0,2457228
mhpRp1,0.25,3,3,TCGCATCGTTCTGATTCAAT,0,2470699
mhpRp1,0.25,3,3,TCGATGGCACCTGCGAGATA,0,2474732
mhpRp1,0.25,3,3,TCGACTGTCATTGATTTTCC,0,2443662
mhpRp1,0.25,3,3,TCGAAGGGCGCTAGCTCTTA,0,2463863
mhpRp1,0.25,3,3,TCGAACCTGTACATGAATTT,0,2444814
mhpRp1,0.25,3,3,TCCGTGAAACAGTCTTAACA,0,2430540
mhpRp1,0.25,3,3,TCCGGCTCCTAGCGTGACTG,0,2451575
mhpRp1,0.25,3,3,TCCGCGGCTAGATCGAAGCC,0,2478392
mhpRp1,0.25,3,3,TCCGACAAGGTTAACTAAGC,0,2466259
mhpRp1,0.25,3,3,TCCGAATGAAATCTGGCGGG,0,2447677
mhpRp1,0.25,3,3,TCCCTCGTATTTGCGTTCAC,0,2447122
mhpRp1,0.25,3,3,TCCCTACGTTTCAGCAAGCG,0,2476734
mhpRp1,0.25,3,3,TCCCTACACAAGGTATTGGC,0,2457549
mhpRp1,0.25,3,3,TCCATTAGGCGGTGTCGGCA,0,2472191
mhpRp1,0.25,3,3,TCCACCTCATTGCTTGCTTT,0,2468145
mhpRp1,0.25,3,3,TCCAAGCACAATGTAAGGCT,0,2463609
mhpRp1,0.25,3,3,TCATTTGATGGTATGATGAG,0,2425994
mhpRp1,0.25,3,3,TCATCACGGGAATTATCTGG,0,2477153
mhpRp1,0.25,3,3,TCATATCGATTCCGTGGGAG,0,2450042
mhpRp1,0.25,3,3,TCATACCCGGCGCGTACGAG,0,2452461
mhpRp1,0.25,3,3,TCATAAGCAGGTACGGGACA,0,2478722
mhpRp1,0.25,3,3,TCAGTCTTGCCCTGTGTGAT,0,2471175
mhpRp1,0.25,3,3,TCAGGAGGGGCTATTTTGGT,0,2447808
mhpRp1,0.25,3,3,TCAGCAAACAATGATCTTTG,0,2442758
mhpRp1,0.25,3,3,TCAGATGTCAAACAATGGGA,0,2472746
mhpRp1,0.25,3,3,TCAGATGCCTTGTCCGGGGG,0,2443186
mhpRp1,0.25,3,3,TCACTTGGCTGACAAAATGT,0,2456391
mhpRp1,0.25,3,3,TCACTTACACGGGGTCGTCT,0,2443219
mhpRp1,0.25,3,3,TCACTACCCAAACAACGTCA,0,2460835
mhpRp1,0.25,3,3,TCACCGCGGCCGGATACCTT,0,2472113
mhpRp1,0.25,3,3,TCACCCAGTTTACGGAGAGC,0,2458463
mhpRp1,0.25,3,3,TCACAAAACGTAAGTCATGT,0,2441687
mhpRp1,0.25,3,3,TCAAGGGTTCAACGACCTTT,0,2442873
mhpRp1,0.25,3,3,TCAAGCTGTGATGTTGCGCG,0,2453691
mhpRp1,0.25,3,3,TCAACAGTGTTATTGGATAC,0,2439699
mhpRp1,0.25,3,3,TCAAATTAGGCAGGCCTAGA,0,2431246
mhpRp1,0.25,3,3,TCAAATAGTTCTACTAGGAT,0,2448003
mhpRp1,0.25,3,3,TATTTGCCATTGGGATCCCG,0,2443780
mhpRp1,0.25,3,3,TATTGATCCAGCAGGGGACT,0,2425419
mhpRp1,0.25,3,3,TATTGAGGTTAAAAACAATC,0,2452394
mhpRp1,0.25,3,3,TATTAAACATTCATCTTCGT,0,2436677
mhpRp1,0.25,3,3,TATCTACGACTCGCCAGCGG,0,2469398
mhpRp1,0.25,3,3,TATCGACTGCGTGCTTGAAG,0,2429057
mhpRp1,0.25,3,3,TATCCGGGAGGGCGCCCCGT,0,2461103
mhpRp1,0.25,3,3,TATCCCGAAGGATTGGTACC,0,2442998
mhpRp1,0.25,3,3,TATCCATTGTGAATGCTAAT,0,2448838
mhpRp1,0.25,3,3,TATCCACCAGGGCCACGTGT,0,2469589
mhpRp1,0.25,3,3,TATCAAAGGGGTTTCTTCAT,0,2455685
mhpRp1,0.25,3,3,TATATGAGTGGTGCACTCAG,0,2454437
mhpRp1,0.25,3,3,TATATACTTGATAACGTTCC,0,2436941
mhpRp1,0.25,3,3,TATAAATAGGGTAAGCCAGA,0,2474607
mhpRp1,0.25,3,3,TAGGTCACCAGACGCACTTA,0,2474109
mhpRp1,0.25,3,3,TAGGGCTTCAGATAGCTACC,0,2473033
mhpRp1,0.25,3,3,TAGGGAGACTGTGGGCATCT,0,2474269
mhpRp1,0.25,3,3,TAGGGACGACACAGTTAGAT,0,2448762
mhpRp1,0.25,3,3,TAGGCGGACTAAGGCTCCAG,0,2468241
mhpRp1,0.25,3,3,TAGGATACTTCTGACGGGCT,0,2427030
mhpRp1,0.25,3,3,TAGGAGAGTACTTCCCAGAG,0,2457948
mhpRp1,0.25,3,3,TAGCAAACCATGCTGAACGG,0,2448680
mhpRp1,0.25,3,3,TAGAGAAAATAGATATGTCC,0,2476622
mhpRp1,0.25,3,3,TAGAATTTCGCCTTAATGGG,0,2428152
mhpRp1,0.25,3,3,TACTGGTTGGTATATCGGGT,0,2465047
mhpRp1,0.25,3,3,TACGTATTATCTGCGCCGTG,0,2461193
mhpRp1,0.25,3,3,TACGCGATTGTCAGGTCACT,0,2472893
mhpRp1,0.25,3,3,TACGAACAAGCGTAGCACGA,0,2477138
mhpRp1,0.25,3,3,TACCGGGGGACACGCTCTGT,0,2453320
mhpRp1,0.25,3,3,TACATGTCGAGGGGTGTAAG,0,2433676
mhpRp1,0.25,3,3,TACATAGCTTAAATTAGTCA,0,2433979
mhpRp1,0.25,3,3,TACAGACGCGAAACTCTGGA,0,2460555
mhpRp1,0.25,3,3,TACAACTGCGCGGAAGTCTC,0,2424319
mhpRp1,0.25,3,3,TACAACGTATACGGGCGTGG,0,2450870
mhpRp1,0.25,3,3,TAATTCTGAATCGAGCTATA,0,2446307
mhpRp1,0.25,3,3,TAATGATAAAGCTCTTAGTT,0,2424873
mhpRp1,0.25,3,3,TAATACGCTTCTCGCGAACG,0,2430687
mhpRp1,0.25,3,3,TAATAACGGAGGGTTAGGGG,0,2425341
mhpRp1,0.25,3,3,TAAGTACTCGCCGAAGTGGT,0,2459481
mhpRp1,0.25,3,3,TAAGGGCCGTAGAGATTAAT,0,2451421
mhpRp1,0.25,3,3,TAAGGCTCAGGGAGTAGTGA,0,2432617
mhpRp1,0.25,3,3,TAAGATTCCTTGAAGATAAC,0,2446779
mhpRp1,0.25,3,3,TAACTCGTACTCCGGGAGAA,0,2434074
mhpRp1,0.25,3,3,TAACGTACGCCAGGGTTGGG,0,2470037
mhpRp1,0.25,3,3,TAACGGGAATCCCTAGCTTC,0,2434973
mhpRp1,0.25,3,3,TAACGCGTTGTGTCGGCGGC,0,2459179
mhpRp1,0.25,3,3,TAACGCAAGACGTTATCTCC,0,2477114
mhpRp1,0.25,3,3,TAAATTATCAGTAACGAAAC,0,2451412
mhpRp1,0.25,3,3,TAAATCGAGCGGGGAAGCCA,0,2431130
mhpRp1,0.25,3,3,TAAAGGCCACTTTAAGATAG,0,2466769
mhpRp1,0.25,3,3,TAAACATTCTTCGTTTTTTA,0,2460644
mhpRp1,0.25,3,3,TAAACACCGGTGATAGAACA,0,2435530
mhpRp1,0.25,3,3,GTTTGTATAATATGGTCAAA,0,2477630
mhpRp1,0.25,3,3,GTTTGCTGTGAGTAGGGGTC,0,2463140
mhpRp1,0.25,3,3,GTTTCCAATACCACACGGTT,0,2470383
mhpRp1,0.25,3,3,GTTTATAGATACACTTTGCT,0,2477998
mhpRp1,0.25,3,3,GTTGTGAAGCCTCGCGTACA,0,2426646
mhpRp1,0.25,3,3,GTTGTCATCGATTCTAGAGA,0,2457513
mhpRp1,0.25,3,3,GTTGGTTGATAGAACTCTCT,0,2445410
mhpRp1,0.25,3,3,GTTGGATTGTAATCGGCAGG,0,2475251
mhpRp1,0.25,3,3,GTTGCTCGCCGGTTGTCAGC,0,2455943
mhpRp1,0.25,3,3,GTTGCACACCACAATAACGT,0,2465235
mhpRp1,0.25,3,3,GTTGATGTCCGGAAGCGAGG,0,2476664
mhpRp1,0.25,3,3,GTTCTAAACCATAGTGCTGG,0,2445796
mhpRp1,0.25,3,3,GTTCGGTCGCTCACTTAAGG,0,2429870
mhpRp1,0.25,3,3,GTTCGGCTTAGCTCTGAACG,0,2440475
mhpRp1,0.25,3,3,GTTCCGCGCTCTATGGGTCT,0,2439243
mhpRp1,0.25,3,3,GTTCATCCTCGATGCTGGCC,0,2445554
mhpRp1,0.25,3,3,GTTCACGACCGTCGGGTACG,0,2434049
mhpRp1,0.25,3,3,GTTATTAAACAGTTCCTATG,0,2438846
mhpRp1,0.25,3,3,GTTACAGACTAAGTCTATGT,0,2425581
mhpRp1,0.25,3,3,GTTAAGCATTTCAAGCCCTC,0,2463482
mhpRp1,0.25,3,3,GTGTTGAGAGAGGGAATAGC,0,2455091
mhpRp1,0.25,3,3,GTGTCTGCCACTTGGGCACT,0,2430511
mhpRp1,0.25,3,3,GTGTCTCTCACGAGCGTACG,0,2424356
mhpRp1,0.25,3,3,GTGTCAACACGTGCATTTTT,0,2460245
mhpRp1,0.25,3,3,GTGTATCCAATACGCCAAAG,0,2476483
mhpRp1,0.25,3,3,GTGTAGGGTCGTCGACCCGA,0,2458456
mhpRp1,0.25,3,3,GTGTAAGCCAGACTTGTCAA,0,2445346
mhpRp1,0.25,3,3,GTGTAAATTTAATTACATGG,0,2442133
mhpRp1,0.25,3,3,GTGTAAAGTTGATCTGTCCC,0,2459278
mhpRp1,0.25,3,3,GTGGTTCGGATTGTCAATGA,0,2478651
mhpRp1,0.25,3,3,GTGGTCCATATTGCTGCGAA,0,2462256
mhpRp1,0.25,3,3,GTGGGGTTAGTGTTAATTCC,0,2470336
mhpRp1,0.25,3,3,GTGGGGTCGCTAATCCTTCT,0,2430627
mhpRp1,0.25,3,3,GTGGGATGGCTCTCTTATCA,0,2425045
mhpRp1,0.25,3,3,GTGGCATCATGGACATGGAT,0,2457200
mhpRp1,0.25,3,3,GTGGCATCAAACCGACGGTT,0,2447684
mhpRp1,0.25,3,3,GTGCTGAGGCAACTTCGTGT,0,2454340
mhpRp1,0.25,3,3,GTGCGAAAAGGGAATCCGCA,0,2457617
mhpRp1,0.25,3,3,GTGCCGCAATCTAACGTTTG,0,2470717
mhpRp1,0.25,3,3,GTGCCAGCCAGTACTATTCC,0,2461704
mhpRp1,0.25,3,3,GTGCCAAGAGACCCGGCCAG,0,2429558
mhpRp1,0.25,3,3,GTGCATAAGGATACGGGGGA,0,2453005
mhpRp1,0.25,3,3,GTGATGGCAGCATCAACATG,0,2462865
mhpRp1,0.25,3,3,GTGATCTCTTTAATTAACTT,0,2443266
mhpRp1,0.25,3,3,GTGATACGGCTATCAGAAAG,0,2476704
mhpRp1,0.25,3,3,GTGACCTCGCCAGCCCGTTT,0,2478425
mhpRp1,0.25,3,3,GTGACCATGCACCACGGCCA,0,2426066
mhpRp1,0.25,3,3,GTGAACCCCCTTGGAACCTC,0,2451451
mhpRp1,0.25,3,3,GTGAACACAAGTGTTGGATG,0,2449634
mhpRp1,0.25,3,3,GTGAAAAAGACAGTTGATTC,0,2452135
mhpRp1,0.25,3,3,GTCTTGACCAGGTAAGCAAA,0,2449833
mhpRp1,0.25,3,3,GTCTGTTAATAAAATGGCGG,0,2440206
mhpRp1,0.25,3,3,GTCTGGCCCCCTTGGCCCCT,0,2427850
mhpRp1,0.25,3,3,GTCTGCGAGGCTCGTTCGAC,0,2447595
mhpRp1,0.25,3,3,GTCTATGTGAGTCAAGCAAA,0,2457430
mhpRp1,0.25,3,3,GTCTAGTTGGAAGTGACTAA,0,2466632
mhpRp1,0.25,3,3,GTCTAAGTCACCTCGGGTGA,0,2462370
mhpRp1,0.25,3,3,GTCTAAATGCATTCGGGCGG,0,2461520
mhpRp1,0.25,3,3,GTCGTTCCTCGGCGGGTGGA,0,2469491
mhpRp1,0.25,3,3,GTCGGGGGGGATTGCATCCT,0,2456072
mhpRp1,0.25,3,3,GTCGGAACCTTAAAAGGATT,0,2468198
mhpRp1,0.25,3,3,GTCGAGCGCACCAACCCCAG,0,2476779
mhpRp1,0.25,3,3,GTCCTATCCCTCGCTGCGAA,0,2446890
mhpRp1,0.25,3,3,GTCATCCGTCAGCGAAAGAG,0,2476950
mhpRp1,0.25,3,3,GTCATCAATGATCTTGGGCT,0,2423904
mhpRp1,0.25,3,3,GTATTCGGTTGGGACTTTCG,0,2424222
mhpRp1,0.25,3,3,GTATTAGTAGACGCAGAGAA,0,2469289
mhpRp1,0.25,3,3,GTATCTCGCGTCGCCCCCAC,0,2476039
mhpRp1,0.25,3,3,GTATCTATTAGGTGTAGTCT,0,2476715
mhpRp1,0.25,3,3,GTATAGTGGTACTACTGATC,0,2470704
mhpRp1,0.25,3,3,GTATACGCGCCACATTGAAT,0,2455214
mhpRp1,0.25,3,3,GTAGTTTTGGCCAAGGGGAT,0,2470226
mhpRp1,0.25,3,3,GTAGTCGTTCTACATCTGGG,0,2464102
mhpRp1,0.25,3,3,GTAGGTGCATATGCCTAGTT,0,2428881
mhpRp1,0.25,3,3,GTAGCGTCGGGCGGGCTTAA,0,2433378
mhpRp1,0.25,3,3,GTAGCGATCTATAGTGCCCT,0,2448287
mhpRp1,0.25,3,3,GTAGCAGCGTGGAGACCTGA,0,2465315
mhpRp1,0.25,3,3,GTAGAACCGTGGATGGGGCT,0,2465867
mhpRp1,0.25,3,3,GTACTTACGCTTACTCTAAA,0,2429613
mhpRp1,0.25,3,3,GTACCAGACAGAAGAGGTAC,0,2444039
mhpRp1,0.25,3,3,GTACAGGGCGGCAGTTGGAT,0,2432398
mhpRp1,0.25,3,3,GTACAGCTGTGCGCATCAAT,0,2448520
mhpRp1,0.25,3,3,GTAAGGCTGCTCAAGGCCGA,0,2426451
mhpRp1,0.25,3,3,GTAAGGCGTTCGTTCTCTCT,0,2446380
mhpRp1,0.25,3,3,GTAAGACGGGAACACGACAG,0,2475254
mhpRp1,0.25,3,3,GTAAATCTTTGCGGTCTTAT,0,2450749
mhpRp1,0.25,3,3,GTAAACATGCACAGTTCTTC,0,2478427
mhpRp1,0.25,3,3,GGTTTTACTAAAACGAAAGG,0,2427009
mhpRp1,0.25,3,3,GGTTTTAATGTGAACTGGAT,0,2452801
mhpRp1,0.25,3,3,GGTTTCAGTGGGGGTTCATG,0,2436937
mhpRp1,0.25,3,3,GGTTGGGTTGGTCATCTACT,0,2442469
mhpRp1,0.25,3,3,GGTTGGGCCGGGAGCCTGAT,0,2430784
mhpRp1,0.25,3,3,GGTTCGAACATATTTCACGC,0,2437454
mhpRp1,0.25,3,3,GGTTCAGAGCCCGACTACGT,0,2457234
mhpRp1,0.25,3,3,GGTTAGATGGCGAGAAGCCG,0,2478356
mhpRp1,0.25,3,3,GGTTAATTGCCGGCCACGCC,0,2454937
mhpRp1,0.25,3,3,GGTGTTTTCGCCCACAAGCC,0,2449402
mhpRp1,0.25,3,3,GGTGTTGGCAAAACTGTAGG,0,2428470
mhpRp1,0.25,3,3,GGTGTTCCTAAAACTGCGCG,0,2426529
mhpRp1,0.25,3,3,GGTGTCAGCTTAGTGCCTCT,0,2444410
mhpRp1,0.25,3,3,GGTGTAATGTTTTCGCGTTG,0,2444406
mhpRp1,0.25,3,3,GGTGCAGTTTCGTCTGGTCC,0,2449191
mhpRp1,0.25,3,3,GGTGCAATGAGAACTGTATG,0,2443782
mhpRp1,0.25,3,3,GGTGAACGGCATAGCTTGGT,0,2456386
mhpRp1,0.25,3,3,GGTCTGAGGCACGGCCTTCA,0,2478144
mhpRp1,0.25,3,3,GGTCGTACACCAGTCTTTCG,0,2443153
mhpRp1,0.25,3,3,GGTCCAGCGGGGGAAACCGA,0,2458687
mhpRp1,0.25,3,3,GGTCCACTTCAAGATTCCGG,0,2467593
mhpRp1,0.25,3,3,GGTCATAACGGTCCCGCATC,0,2456570
mhpRp1,0.25,3,3,GGTATTGGCACTATAGTACT,0,2471984
mhpRp1,0.25,3,3,GGTAGGGGCGCGATTTTTCC,0,2469356
mhpRp1,0.25,3,3,GGTACTAAATAGGCACAGAA,0,2448086
mhpRp1,0.25,3,3,GGTAACAGTGGATCCAGGGG,0,2466423
mhpRp1,0.25,3,3,GGGTTGTGAGCTGTCAAAGG,0,2466045
mhpRp1,0.25,3,3,GGGTTAGTTGACAATTGATG,0,2443800
mhpRp1,0.25,3,3,GGGTGCTCTCGCCCCATTTA,0,2457189
mhpRp1,0.25,3,3,GGGTATTGCATACCCACAGG,0,2425056
mhpRp1,0.25,3,3,GGGGTTGTTTGGTCCAGCCG,0,2468962
mhpRp1,0.25,3,3,GGGGGCAACACCATTGCCAT,0,2436897
mhpRp1,0.25,3,3,GGGGGATACGCCTTACGTTC,0,2433721
mhpRp1,0.25,3,3,GGGGAGTACTGTGCGTAACG,0,2441521
mhpRp1,0.25,3,3,GGGGAATGTGACTTACGACT,0,2451109
mhpRp1,0.25,3,3,GGGCTTCACCTCTAGCTCCT,0,2431524
mhpRp1,0.25,3,3,GGGCTCTGTGAATGATAAGT,0,2442422
mhpRp1,0.25,3,3,GGGCGAGAGATAAAAGCAGC,0,2447939
mhpRp1,0.25,3,3,GGGCACGGGCCGTTGACGGT,0,2464037
mhpRp1,0.25,3,3,GGGATTATCCCCCTGCACTC,0,2449162
mhpRp1,0.25,3,3,GGGATGCGACCGCTCGTAAA,0,2431660
mhpRp1,0.25,3,3,GGGAGGTGGACTGTCGCGCT,0,2432643
mhpRp1,0.25,3,3,GGGACAGCCCACCTGGCAGT,0,2428869
mhpRp1,0.25,3,3,GGGAATAAGAGCTAGTCAAG,0,2472994
mhpRp1,0.25,3,3,GGCTTAAGCGGGGTGGAACA,0,2452046
mhpRp1,0.25,3,3,GGCTGGCAAGCCGTGCCGGA,0,2478776
mhpRp1,0.25,3,3,GGCTCAAGTCGCATAGATAG,0,2470940
mhpRp1,0.25,3,3,GGCTACCGACGGATACACGA,0,2430559
mhpRp1,0.25,3,3,GGCTAAAAACACTTTTTTAA,0,2456261
mhpRp1,0.25,3,3,GGCGTGCCTTGGGAAAACCT,0,2439750
mhpRp1,0.25,3,3,GGCGCTTTTCACACAGGAAT,0,2477612
mhpRp1,0.25,3,3,GGCGCCCAAATTGAACCGTC,0,2454211
mhpRp1,0.25,3,3,GGCCTTATAAAGCCTGGTAT,0,2430711
mhpRp1,0.25,3,3,GGCCTAGGCTGCGTCTTGCT,0,2431010
mhpRp1,0.25,3,3,GGCCGTCGGTGTCGTCTCTC,0,2465874
mhpRp1,0.25,3,3,GGCCGGTTAAAACAGGGTAT,0,2437332
mhpRp1,0.25,3,3,GGCCGGGATGTGGGCCGACT,0,2456753
mhpRp1,0.25,3,3,GGCCGCCTGAGACTCGAAGG,0,2432289
mhpRp1,0.25,3,3,GGCCGCAGGTCCAAACGATT,0,2428586
mhpRp1,0.25,3,3,GGCCCTAATCTTTCACACGC,0,2430291
mhpRp1,0.25,3,3,GGCCCAACTCACAATCGCAG,0,2478243
mhpRp1,0.25,3,3,GGCATTCATTTCCGTATATG,0,2448500
mhpRp1,0.25,3,3,GGCAGTCAAAGGAGGCTAGC,0,2440650
mhpRp1,0.25,3,3,GGCACTGGCGTCATGCCACA,0,2458910
mhpRp1,0.25,3,3,GGCACGCTTAGGATTGGATA,0,2450378
mhpRp1,0.25,3,3,GGCACCTGCATTGACTAAAC,0,2442964
mhpRp1,0.25,3,3,GGCAATCAGTTATGTTCAAT,0,2442414
mhpRp1,0.25,3,3,GGATGTTCTGCATCAATCCA,0,2447700
mhpRp1,0.25,3,3,GGATGGGTCGCGCGTCAAAG,0,2451075
mhpRp1,0.25,3,3,GGATGGGCGCAGCAGTAACT,0,2435232
mhpRp1,0.25,3,3,GGATGCCCAAATAGTCTCGA,0,2460722
mhpRp1,0.25,3,3,GGATAGTAGAGAGGCCTGGG,0,2467332
mhpRp1,0.25,3,3,GGAGTTAAGATCTTAATTTT,0,2474762
mhpRp1,0.25,3,3,GGAGGTCCACACAGGTTGTG,0,2467841
mhpRp1,0.25,3,3,GGAGGCCGACTAATCAGGTG,0,2474274
mhpRp1,0.25,3,3,GGAGCCAAGGCCCTAACTCT,0,2471813
mhpRp1,0.25,3,3,GGAGCAAGGAACCTGTAATC,0,2426183
mhpRp1,0.25,3,3,GGACCCTCGTCTATCCCCTA,0,2461380
mhpRp1,0.25,3,3,GGACCCCGCGAAACGATCGG,0,2471696
mhpRp1,0.25,3,3,GGACCACACCGGGTCCTACG,0,2472824
mhpRp1,0.25,3,3,GGACAGTAGTGGGCTCCGGG,0,2452171
mhpRp1,0.25,3,3,GGACACATCGCGGAACGGCT,0,2448677
mhpRp1,0.25,3,3,GGAATGCTAAGTATCTACAA,0,2425473
mhpRp1,0.25,3,3,GGAACTGCGGACAGTTGGAC,0,2453765
mhpRp1,0.25,3,3,GGAAATTCGCTGGCGGTCTA,0,2479178
mhpRp1,0.25,3,3,GCTTTTCTTCCAGCTCGCCC,0,2474262
mhpRp1,0.25,3,3,GCTTTGCGACTAGCATCCCG,0,2461428
mhpRp1,0.25,3,3,GCTTGACATTGTGGGCAGTA,0,2423799
mhpRp1,0.25,3,3,GCTTCCTGGTCTCAGATTAG,0,2434247
mhpRp1,0.25,3,3,GCTTACTTCAGCACAAGGCA,0,2469397
mhpRp1,0.25,3,3,GCTTAATCTCTAATTATACG,0,2432429
mhpRp1,0.25,3,3,GCTGTAAACTGCTTGTAGGT,0,2464788
mhpRp1,0.25,3,3,GCTGGATCTATAGCCAAAAA,0,2444937
mhpRp1,0.25,3,3,GCTGATCCTCAATCTCGGTA,0,2457657
mhpRp1,0.25,3,3,GCTCTGTAGAAGCATACATT,0,2459285
mhpRp1,0.25,3,3,GCTCTAGATTCGAAGGCTGA,0,2460832
mhpRp1,0.25,3,3,GCTCGGGAGTTGCTTAGCCC,0,2454350
mhpRp1,0.25,3,3,GCTCCTGTACGGATGGAAAC,0,2461886
mhpRp1,0.25,3,3,GCTCATGGGTGTTATCCACG,0,2479512
mhpRp1,0.25,3,3,GCTCATCAAGATGACATAGA,0,2456551
mhpRp1,0.25,3,3,GCTCACATTTCTCTGGTCCA,0,2427673
mhpRp1,0.25,3,3,GCTCACACGTGTGGGTTGAA,0,2450942
mhpRp1,0.25,3,3,GCTATACTGTAATGTGTAGA,0,2463416
mhpRp1,0.25,3,3,GCTAGGCCTTCCGGGTGTGC,0,2448152
mhpRp1,0.25,3,3,GCTACGCAAAAAGGATGTGT,0,2451111
mhpRp1,0.25,3,3,GCTAATAAGCAGCCTCAATG,0,2435664
mhpRp1,0.25,3,3,GCTAAATTTAGGCCCTGACA,0,2437008
mhpRp1,0.25,3,3,GCGTTGTCAGCTTATCTAAC,0,2426086
mhpRp1,0.25,3,3,GCGTTCCCGTCAAATCACTT,0,2477396
mhpRp1,0.25,3,3,GCGTTCCAACTGTCAAGCCC,0,2430375
mhpRp1,0.25,3,3,GCGTTACACAGATCAACGTT,0,2452642
mhpRp1,0.25,3,3,GCGTCTTTGTCATAGTTCGC,0,2447530
mhpRp1,0.25,3,3,GCGTCGGTTACTTGCGCCGG,0,2474460
mhpRp1,0.25,3,3,GCGTCCGTGGACATCTTTAT,0,2478263
mhpRp1,0.25,3,3,GCGTCCATCTTCGGCAGGTG,0,2453064
mhpRp1,0.25,3,3,GCGTCAGCACGATCAATCAC,0,2467720
mhpRp1,0.25,3,3,GCGTACCGTAGCACAACTGT,0,2472355
mhpRp1,0.25,3,3,GCGGTCCTTTAGGTTTACGT,0,2456096
mhpRp1,0.25,3,3,GCGGGGGAAATCTACTGCGA,0,2432509
mhpRp1,0.25,3,3,GCGGCATGGTGCCTTACATG,0,2442967
mhpRp1,0.25,3,3,GCGGCACGCTGTCATTAAGA,0,2473908
mhpRp1,0.25,3,3,GCGGAGTCGAGAAATTAGAT,0,2450432
mhpRp1,0.25,3,3,GCGCTTCATCGGGCAATGAT,0,2428277
mhpRp1,0.25,3,3,GCGCTGTCCAGCCTGCCAGC,0,2454981
mhpRp1,0.25,3,3,GCGCCTCTTGGGACGGGGGA,0,2449948
mhpRp1,0.25,3,3,GCGCATGACTTCTAGATTGC,0,2471783
mhpRp1,0.25,3,3,GCGAGGAGTGCCCGAGTTTG,0,2448720
mhpRp1,0.25,3,3,GCGACATCGGGGAAGACCGC,0,2430842
mhpRp1,0.25,3,3,GCCTTAATAGGCCTCTTCAA,0,2441829
mhpRp1,0.25,3,3,GCCTGCAGTGCTGTCAAAGG,0,2425630
mhpRp1,0.25,3,3,GCCTGACAACGCAAATGGAG,0,2431374
mhpRp1,0.25,3,3,GCCTAGCTTATTGTCGAATC,0,2448700
mhpRp1,0.25,3,3,GCCGTACAGGGGAGTCTCGC,0,2472755
mhpRp1,0.25,3,3,GCCGGTCGGTGCGGTGACAT,0,2475223
mhpRp1,0.25,3,3,GCCGCCAACCTATGCCGGAT,0,2453596
mhpRp1,0.25,3,3,GCCGACAGTTTTGTCCAAAT,0,2453297
mhpRp1,0.25,3,3,GCCCGGGGAAGTTATGGGCA,0,2470571
mhpRp1,0.25,3,3,GCCCGCGCCATACTTAGAAC,0,2468831
mhpRp1,0.25,3,3,GCCCGAAGCGGCCGTCAGTT,0,2464851
mhpRp1,0.25,3,3,GCCATTGAAGGAGTTGGATC,0,2435118
mhpRp1,0.25,3,3,GCCAGGTGGCCACCGTTCAG,0,2438996
mhpRp1,0.25,3,3,GCCAGATGGTTGGGTTGAAT,0,2472644
mhpRp1,0.25,3,3,GCCAATCTACATAACCTTAC,0,2450952
mhpRp1,0.25,3,3,GCCAAGCTTTCACTACGTCG,0,2477940
mhpRp1,0.25,3,3,GCCAACCATTCGCGCGATTA,0,2435618
mhpRp1,0.25,3,3,GCCAAAACTCAAACCGAAGT,0,2479182
mhpRp1,0.25,3,3,GCATTCTTATTCGGCTATTT,0,2432832
mhpRp1,0.25,3,3,GCATTACGGTAACATTTAGA,0,2438473
mhpRp1,0.25,3,3,GCATGTGGTATTCCGCGAGT,0,2457760
mhpRp1,0.25,3,3,GCATGGGGTCGCAGCGCTTT,0,2464554
mhpRp1,0.25,3,3,GCATAGCATTGTGCGCGCGG,0,2469580
mhpRp1,0.25,3,3,GCATAACTAAGGGGGCACTG,0,2459583
mhpRp1,0.25,3,3,GCATAAATCTTAAGTGTTGC,0,2460970
mhpRp1,0.25,3,3,GCAGTCAGGGTCGTGTCGGG,0,2473505
mhpRp1,0.25,3,3,GCAGTATTCACCTGAAAAAT,0,2452647
mhpRp1,0.25,3,3,GCAGTATTCAATGACCGTCT,0,2435174
mhpRp1,0.25,3,3,GCAGGTCCTAAAAAGAGCGT,0,2454832
mhpRp1,0.25,3,3,GCAGCGTCGGACGTGGGCAT,0,2474481
mhpRp1,0.25,3,3,GCAGAGTGGCCTTGTGTTAC,0,2433505
mhpRp1,0.25,3,3,GCACGTTATGCCACGAGTAT,0,2442976
mhpRp1,0.25,3,3,GCACGCCCCCTGTGGGATCA,0,2465285
mhpRp1,0.25,3,3,GCACGCATAGTGCAGAGTGT,0,2428083
mhpRp1,0.25,3,3,GCACGAGTGATGGCCTTGCA,0,2430071
mhpRp1,0.25,3,3,GCAATGGGGTGACGCCAGTT,0,2434598
mhpRp1,0.25,3,3,GCAAGCTTGCTGTTATTTAA,0,2423994
mhpRp1,0.25,3,3,GCAACGTGCTGTCCACGCTT,0,2466743
mhpRp1,0.25,3,3,GATTTTATGGTAAGACAGTG,0,2440634
mhpRp1,0.25,3,3,GATTCTCACCCTCAGCATTT,0,2434243
mhpRp1,0.25,3,3,GATTCATGCGATCTGGTTCT,0,2463753
mhpRp1,0.25,3,3,GATTAAACTCGCTTGAAGTG,0,2442303
mhpRp1,0.25,3,3,GATGTTAGTGGCAAGCCAGG,0,2454457
mhpRp1,0.25,3,3,GATGTACTGGCTGGTGGCGG,0,2470170
mhpRp1,0.25,3,3,GATGGGTAGACAATAGTTTA,0,2453288
mhpRp1,0.25,3,3,GATGGAATTTTTTCGTATTG,0,2457895
mhpRp1,0.25,3,3,GATGGAATCACCCGAAGAGA,0,2470248
mhpRp1,0.25,3,3,GATGCCCAATCGGGTCAGTG,0,2423823
mhpRp1,0.25,3,3,GATGCAGACCGGGTCCCAGA,0,2426090
mhpRp1,0.25,3,3,GATGATGTAGGTATACGTTC,0,2451313
mhpRp1,0.25,3,3,GATCTATCTCTCCCAAGTGG,0,2449984
mhpRp1,0.25,3,3,GATCGAGCACTGTGGTGGTA,0,2439333
mhpRp1,0.25,3,3,GATATCTTTCGCCGGGACAT,0,2427473
mhpRp1,0.25,3,3,GATATCTTTAACTGTGTCGC,0,2451658
mhpRp1,0.25,3,3,GATATATCGGGTATGAAAGG,0,2472098
mhpRp1,0.25,3,3,GATAGCTTGCATATTTAAGG,0,2427577
mhpRp1,0.25,3,3,GATAGACCAGCCAGCTATTG,0,2436564
mhpRp1,0.25,3,3,GATACCTAGCACGTGTCGCA,0,2433629
mhpRp1,0.25,3,3,GATAATCTCCGATCATGAGA,0,2429934
mhpRp1,0.25,3,3,GATAACAGTAGTTCATTCCT,0,2454900
mhpRp1,0.25,3,3,GAGTTGCGTAAAACGTAAAT,0,2427188
mhpRp1,0.25,3,3,GAGTTCATCGGACTCACGCA,0,2426584
mhpRp1,0.25,3,3,GAGTTACCCTGCGACCTCTC,0,2450169
mhpRp1,0.25,3,3,GAGTGGAAGGAGTCACGGTC,0,2447772
mhpRp1,0.25,3,3,GAGTGAGGTCCATCGCTCAA,0,2434561
mhpRp1,0.25,3,3,GAGTCGGGTCCACAGCTCCG,0,2456351
mhpRp1,0.25,3,3,GAGTCCCATAGCGTCAAGCT,0,2424375
mhpRp1,0.25,3,3,GAGTAGTTCGAAGTTCATAC,0,2463318
mhpRp1,0.25,3,3,GAGGGGAATTGTTGACAAAC,0,2454673
mhpRp1,0.25,3,3,GAGGGACATACGTACCCGTC,0,2444811
mhpRp1,0.25,3,3,GAGGCGGGATACTTCCATAC,0,2476799
mhpRp1,0.25,3,3,GAGGCGCACTGAGGTCCGTG,0,2466352
mhpRp1,0.25,3,3,GAGGCCAGCCGAGAGTGCAG,0,2423795
mhpRp1,0.25,3,3,GAGGATCCTTAATTCCTCTC,0,2457613
mhpRp1,0.25,3,3,GAGGAAGTGAATTTACTCAA,0,2426574
mhpRp1,0.25,3,3,GAGGAAGAATTACCCAGGGT,0,2444058
mhpRp1,0.25,3,3,GAGCTTCGGACATTCCCGCG,0,2451904
mhpRp1,0.25,3,3,GAGCTCCCACAGGAGGCGCA,0,2443370
mhpRp1,0.25,3,3,GAGCGATCTCGATCCTCGTC,0,2437482
mhpRp1,0.25,3,3,GAGCCATCCCTTCAGCAATA,0,2471653
mhpRp1,0.25,3,3,GAGCATATGTGGGAGGCTTA,0,2460133
mhpRp1,0.25,3,3,GAGCAGGAATATGACCCCTC,0,2438390
mhpRp1,0.25,3,3,GAGCACTAATAGGACACGCA,0,2425137
mhpRp1,0.25,3,3,GAGATGGTGAGTACCTCTGT,0,2424108
mhpRp1,0.25,3,3,GAGATAACTTGGGACTTATA,0,2443636
mhpRp1,0.25,3,3,GAGAGTCGGGACGTGGTCAG,0,2445187
mhpRp1,0.25,3,3,GAGAGCCATACCCGTCCAAC,0,2441013
mhpRp1,0.25,3,3,GAGAGACTGGTCCCTTGACA,0,2434434
mhpRp1,0.25,3,3,GAGACATGCCTATAGCACCA,0,2458990
mhpRp1,0.25,3,3,GAGAACTACCCGTCGAGCGC,0,2456127
mhpRp1,0.25,3,3,GAGAACCTCTCAACCTACTC,0,2469816
mhpRp1,0.25,3,3,GACTGCATTTAAATAAACAT,0,2439054
mhpRp1,0.25,3,3,GACTACATCCGCTTGTATCA,0,2449980
mhpRp1,0.25,3,3,GACTAAGTACTAGAGCGAAC,0,2473486
mhpRp1,0.25,3,3,GACGTCACGCGGGACTCGTT,0,2471056
mhpRp1,0.25,3,3,GACGGTGCTTGTGAAGAGTT,0,2467198
mhpRp1,0.25,3,3,GACGGGGGCGGATGTAGCGC,0,2455883
mhpRp1,0.25,3,3,GACGCTTGGTACCAAGTTCT,0,2426825
mhpRp1,0.25,3,3,GACGCAGGTACAGGCTGATG,0,2424361
mhpRp1,0.25,3,3,GACCTCAAATCTAGCGCGTA,0,2434640
mhpRp1,0.25,3,3,GACCGACGAAAAGCGTCAGG,0,2443707
mhpRp1,0.25,3,3,GACCCTGATATAAACGGAGT,0,2474680
mhpRp1,0.25,3,3,GACCAGTTCTCAAGATTGCG,0,2439836
mhpRp1,0.25,3,3,GACCACTTTTACCATCTCCA,0,2467723
mhpRp1,0.25,3,3,GACATCTTTCTACACTCGGC,0,2437836
mhpRp1,0.25,3,3,GACATCTAGGAGATTGACTT,0,2441731
mhpRp1,0.25,3,3,GACAGAGATAATCACAGTTC,0,2427115
mhpRp1,0.25,3,3,GACAATAAAGGTTAGCGAAG,0,2458178
mhpRp1,0.25,3,3,GACAAATGTTCGTGACCGGC,0,2429799
mhpRp1,0.25,3,3,GACAAAGTGTGTGCGGTACA,0,2428891
mhpRp1,0.25,3,3,GAATTGGCTTCATCGTGGTC,0,2451477
mhpRp1,0.25,3,3,GAATTATGAGTCTGCCGGTA,0,2471163
mhpRp1,0.25,3,3,GAATGCGCGAGGGATCAGCC,0,2431812
mhpRp1,0.25,3,3,GAATGAGTATTCCCAACTCT,0,2446480
mhpRp1,0.25,3,3,GAATGAGGTAACTTTTGTGA,0,2461366
mhpRp1,0.25,3,3,GAATGACAGACGCGTCATAT,0,2471623
mhpRp1,0.25,3,3,GAATCGACTTACGGTGAACT,0,2425507
mhpRp1,0.25,3,3,GAATCCTTTGCGAGCCTCGG,0,2447215
mhpRp1,0.25,3,3,GAATATTCTGGACTGGGAAC,0,2475362
mhpRp1,0.25,3,3,GAATATAAGTGTTTACAACC,0,2436515
mhpRp1,0.25,3,3,GAATAGTGTTAGTAAAGAAC,0,2445384
mhpRp1,0.25,3,3,GAAGTGCAATCTAGTCTAAG,0,2451698
mhpRp1,0.25,3,3,GAAGGACATGCGGGGTTGTC,0,2424131
mhpRp1,0.25,3,3,GAAGAAATGCGCTTCTACTC,0,2431172
mhpRp1,0.25,3,3,GAACTGGCAGGGCTTTTCCG,0,2472992
mhpRp1,0.25,3,3,GAACGTCGCATATTTTCTAG,0,2474551
mhpRp1,0.25,3,3,GAACGCGGTGCGGTAGGGCA,0,2426259
mhpRp1,0.25,3,3,GAACGAAGTCTGCAAGAGCA,0,2441797
mhpRp1,0.25,3,3,GAACCGTTAGTATAGCGAAC,0,2430631
mhpRp1,0.25,3,3,GAACAGACATGGCTGGGGCA,0,2463524
mhpRp1,0.25,3,3,GAACACACTCTTGGAGATAA,0,2435900
mhpRp1,0.25,3,3,GAAATTACTAAGACGACCTG,0,2467204
mhpRp1,0.25,3,3,GAAAGTCTGGTACCGACGCC,0,2435848
mhpRp1,0.25,3,3,GAAAGTAACGTTAACATGGT,0,2470640
mhpRp1,0.25,3,3,GAAAGCCTGGATCGTGGGTA,0,2478065
mhpRp1,0.25,3,3,GAAACCGATGAGAGAGGTTC,0,2459641
mhpRp1,0.25,3,3,GAAAATTCTTACCTAGCACT,0,2471428
mhpRp1,0.25,3,3,CTTTTTATCACAAACAGTAA,0,2477062
mhpRp1,0.25,3,3,CTTTTGCCTAATCATTACCT,0,2428458
mhpRp1,0.25,3,3,CTTTTCGCAAATTAAAGGGC,0,2426792
mhpRp1,0.25,3,3,CTTTTACGGCTGGGAGCAGT,0,2444607
mhpRp1,0.25,3,3,CTTTGCTTGTTCGAACTCAG,0,2443142
mhpRp1,0.25,3,3,CTTTGCAGACCAAGGCAGAG,0,2425621
mhpRp1,0.25,3,3,CTTTCGCTTGGCAATGTTAT,0,2424386
mhpRp1,0.25,3,3,CTTTCCGGCGACGTGGGGAG,0,2443779
mhpRp1,0.25,3,3,CTTTCAGCCAGCTTTGAGAA,0,2427802
mhpRp1,0.25,3,3,CTTTCACCGAGAGTGATTCT,0,2457566
mhpRp1,0.25,3,3,CTTTAGCGGGGCGAACACAC,0,2436175
mhpRp1,0.25,3,3,CTTGTCTTCGCGATTCTTAG,0,2469032
mhpRp1,0.25,3,3,CTTGTATCGCCCACGAGCTC,0,2466047
mhpRp1,0.25,3,3,CTTGGTATGTGCGCCGAGCG,0,2425084
mhpRp1,0.25,3,3,CTTGGGGACCGTCGTTACAG,0,2477342
mhpRp1,0.25,3,3,CTTGGATACTAACCTTCGCG,0,2477174
mhpRp1,0.25,3,3,CTTGCTCGCACTCTTACCCC,0,2435880
mhpRp1,0.25,3,3,CTTGCAAGCATACCGGTTCC,0,2449038
mhpRp1,0.25,3,3,CTTCTTGTAAGTGCATCCGG,0,2437601
mhpRp1,0.25,3,3,CTTCTTATATCGAACAGTCC,0,2464498
mhpRp1,0.25,3,3,CTTCTGTAACAAAAGTGGCA,0,2439977
mhpRp1,0.25,3,3,CTTCGTATATCCATACAAAC,0,2442851
mhpRp1,0.25,3,3,CTTCGTACACGGCGCCAGAG,0,2426225
mhpRp1,0.25,3,3,CTTCGTAATCCGGTTTCCGG,0,2448005
mhpRp1,0.25,3,3,CTTCGGTCGCGTGTATTAAG,0,2439991
mhpRp1,0.25,3,3,CTTCGGCTAAAAGCCCGGAC,0,2426640
mhpRp1,0.25,3,3,CTTCGGCGTCCCGATCGCAA,0,2429236
mhpRp1,0.25,3,3,CTTCCGTCGGGATTTGTGGA,0,2440610
mhpRp1,0.25,3,3,CTTCCATCGAACAACAGAGT,0,2429371
mhpRp1,0.25,3,3,CTTCCAGTAGGTCCAGGCGC,0,2435704
mhpRp1,0.25,3,3,CTTCATAACTGAGAACATCT,0,2428807
mhpRp1,0.25,3,3,CTTCATAACCGGTTAGGTCG,0,2456997
mhpRp1,0.25,3,3,CTTCAGTTATAATTGGGCGA,0,2465027
mhpRp1,0.25,3,3,CTTCAAAATAATGGCCCTGG,0,2429646
mhpRp1,0.25,3,3,CTTATCAAACGCACACACAG,0,2424792
mhpRp1,0.25,3,3,CTTATACTACAAAGTTTAGT,0,2435348
mhpRp1,0.25,3,3,CTTAGAGTTTACAATGGTAG,0,2453117
mhpRp1,0.25,3,3,CTTACTCCGCCTTGGGGCTG,0,2444662
mhpRp1,0.25,3,3,CTTACGATCAGGGGAATGTA,0,2473631
mhpRp1,0.25,3,3,CTTACAAGTAACCTAGCGGC,0,2427275
mhpRp1,0.25,3,3,CTTAAGTCAGTTGAAAGCAG,0,2463868
mhpRp1,0.25,3,3,CTTAACAAGTATGTTGGGTC,0,2437844
mhpRp1,0.25,3,3,CTTAAACGTCTTTGCGCTTC,0,2452150
mhpRp1,0.25,3,3,CTGTTGACGGTTTGAGATAA,0,2471971
mhpRp1,0.25,3,3,CTGTTCTCATGGGCCATGTT,0,2437688
mhpRp1,0.25,3,3,CTGTTCGATTGGCCTAATAG,0,2456300
mhpRp1,0.25,3,3,CTGTGGGGGTATGCGCCCTT,0,2428506
mhpRp1,0.25,3,3,CTGTGACGACATTAGACAGC,0,2477483
mhpRp1,0.25,3,3,CTGTAGTCTTGAAGAGGAAA,0,2437094
mhpRp1,0.25,3,3,CTGTAATTAGCGTAGGTACT,0,2463031
mhpRp1,0.25,3,3,CTGGTCCTTGAGTTATTAGT,0,2463269
mhpRp1,0.25,3,3,CTGGTCAAACGTTGTCAGGT,0,2439038
mhpRp1,0.25,3,3,CTGGGGGGTTGCCGGGGAAG,0,2454875
mhpRp1,0.25,3,3,CTGGATAGGGCCAAGTGCGA,0,2446898
mhpRp1,0.25,3,3,CTGCTTGACACATAGGCTTC,0,2471366
mhpRp1,0.25,3,3,CTGCTGTAAACCTTACTATG,0,2449126
mhpRp1,0.25,3,3,CTGCGCGCCGGACGCAGCGA,0,2466345
mhpRp1,0.25,3,3,CTGCCTGGGGATGGATGTTT,0,2473147
mhpRp1,0.25,3,3,CTGCCAATGGATACTGGTAG,0,2434519
mhpRp1,0.25,3,3,CTGCATAAGTTTCCCCGAGG,0,2455403
mhpRp1,0.25,3,3,CTGATCTCCGGCTCCATCGG,0,2460296
mhpRp1,0.25,3,3,CTGAGAGAATGTCTGAATTC,0,2437983
mhpRp1,0.25,3,3,CTGAGACTCCAAGCTGCTAA,0,2440795
mhpRp1,0.25,3,3,CTGACCGTTCTTGTGAATTA,0,2457499
mhpRp1,0.25,3,3,CTCTTTCGTGTACCTAGTGT,0,2462155
mhpRp1,0.25,3,3,CTCTTCTCCGCGCGCACGAG,0,2454992
mhpRp1,0.25,3,3,CTCTGACAACGCAGGTACAC,0,2449831
mhpRp1,0.25,3,3,CTCTCTATGAACCAGTTGTC,0,2426063
mhpRp1,0.25,3,3,CTCTACAATTTCACAGGATG,0,2444100
mhpRp1,0.25,3,3,CTCGGTCACCACAGCGCTGG,0,2458024
mhpRp1,0.25,3,3,CTCGAACCTCTCGGAGCAAA,0,2443630
mhpRp1,0.25,3,3,CTCCTGAGCAACGATGTTCT,0,2429989
mhpRp1,0.25,3,3,CTCCGCGCTCTAAGACGCGA,0,2436950
mhpRp1,0.25,3,3,CTCCGATTGGGAGAGGCTAT,0,2424821
mhpRp1,0.25,3,3,CTCCCTTTTGATGGAGCCAT,0,2450393
mhpRp1,0.25,3,3,CTCCAGAGCTAGTCCAGGAG,0,2471243
mhpRp1,0.25,3,3,CTCCACCAGGTACTTTACTC,0,2426800
mhpRp1,0.25,3,3,CTCATTTGTAGCACGCATTG,0,2461614
mhpRp1,0.25,3,3,CTCATTAGTAAAAGTGGCCC,0,2462163
mhpRp1,0.25,3,3,CTCATGTCTAGTGCTTGTGA,0,2460243
mhpRp1,0.25,3,3,CTCATACGCCGGTGGAAAGT,0,2441443
mhpRp1,0.25,3,3,CTCATAAGTATGACAGTAAG,0,2430722
mhpRp1,0.25,3,3,CTCAGTGCGCCACAGTTTCG,0,2477565
mhpRp1,0.25,3,3,CTCAGCCGCAAGACCGGGAA,0,2431296
mhpRp1,0.25,3,3,CTCAGACATCAAACGAGAGT,0,2460074
mhpRp1,0.25,3,3,CTCAGAAAGGGGCCTCCAAG,0,2425515
mhpRp1,0.25,3,3,CTCAAATACCCGGGTGTTTC,0,2470171
mhpRp1,0.25,3,3,CTATCACGACAGCACAGTAA,0,2477346
mhpRp1,0.25,3,3,CTATACGGTTTACTTTAAAC,0,2437547
mhpRp1,0.25,3,3,CTATAACCTTAGTTACAGCT,0,2478644
mhpRp1,0.25,3,3,CTAGTGCTCCTCGAGTCTCC,0,2426163
mhpRp1,0.25,3,3,CTAGGTGGAGGACAGATTCT,0,2465170
mhpRp1,0.25,3,3,CTAGGGGGAAGACCACGGAG,0,2427130
mhpRp1,0.25,3,3,CTAGGGAAGCGCCTGTGTCA,0,2464589
mhpRp1,0.25,3,3,CTACGGGTTGGTGGGAAACG,0,2426591
mhpRp1,0.25,3,3,CTACGCACATGCCTCACTCA,0,2445081
mhpRp1,0.25,3,3,CTACCTCGCTGGAGTGCACA,0,2450638
mhpRp1,0.25,3,3,CTAAATTATGCACGGAAAAG,0,2430754
mhpRp1,0.25,3,3,CTAAAGCGTAGCGGTATGAG,0,2462001
mhpRp1,0.25,3,3,CGTTTTCAGGGGTACACATT,0,2457419
mhpRp1,0.25,3,3,CGTTTCTGCATGCGCATAAA,0,2470827
mhpRp1,0.25,3,3,CGTTTCGGGGAAAGATCGGC,0,2453213
mhpRp1,0.25,3,3,CGTTTCCTACGTCCTTAACC,0,2463816
mhpRp1,0.25,3,3,CGTTTAGGGTTGGGAACTGA,0,2465319
mhpRp1,0.25,3,3,CGTTGTCTGACAGATGAAAG,0,2443684
mhpRp1,0.25,3,3,CGTTGGGCAAGTTACAAAAG,0,2435948
mhpRp1,0.25,3,3,CGTTGAGATGGTGGGAATGG,0,2457584
mhpRp1,0.25,3,3,CGTTACTATTTCGATAACCT,0,2430846
mhpRp1,0.25,3,3,CGTGGTTATAGGATGCGGTC,0,2458899
mhpRp1,0.25,3,3,CGTGGTAGGAACTCGGGCTA,0,2446574
mhpRp1,0.25,3,3,CGTGATTCAGGTCGGCCCGG,0,2446146
mhpRp1,0.25,3,3,CGTCTCTATAAGCCTACGGT,0,2443000
mhpRp1,0.25,3,3,CGTCGTGACCATCTGATAGT,0,2470584
mhpRp1,0.25,3,3,CGTCGTAAGTCTATTTCCCT,0,2424219
mhpRp1,0.25,3,3,CGTCGCTCGAATGTCACATT,0,2454594
mhpRp1,0.25,3,3,CGTCATGGTATCACAGGCGG,0,2429836
mhpRp1,0.25,3,3,CGTCATGGACGGCTGCAGAT,0,2460284
mhpRp1,0.25,3,3,CGTCAGAACAAATATATTCG,0,2435104
mhpRp1,0.25,3,3,CGTCACCTGCGTACCGCCAA,0,2463721
mhpRp1,0.25,3,3,CGTCAACCCGTGGGTATGGA,0,2459486
mhpRp1,0.25,3,3,CGTATAATGGTACTAAGAAG,0,2457340
mhpRp1,0.25,3,3,CGTAGTTATAGCAGCGGCGC,0,2473816
mhpRp1,0.25,3,3,CGTAGTAGCGGCCAAACCCT,0,2428107
mhpRp1,0.25,3,3,CGTAGCGACGTTATAAACAT,0,2477172
mhpRp1,0.25,3,3,CGTAGATGTTTGGGAGCTAT,0,2432369
mhpRp1,0.25,3,3,CGTAAGAAATTCTTGGTAAC,0,2467213
mhpRp1,0.25,3,3,CGTAACTTGTGCTGACCAGA,0,2450629
mhpRp1,0.25,3,3,CGGTTACGGCCCCCCAGCCT,0,2465307
mhpRp1,0.25,3,3,CGGTGAGAGTCGATACATCA,0,2429664
mhpRp1,0.25,3,3,CGGTGACGCGGACCAAAGAA,0,2459449
mhpRp1,0.25,3,3,CGGTCGGGATACGGCGACGA,0,2454840
mhpRp1,0.25,3,3,CGGTCCGTAATAAGGGTCGT,0,2436667
mhpRp1,0.25,3,3,CGGTAGTAAGCGCCGGACGC,0,2434141
mhpRp1,0.25,3,3,CGGTAGAGCTCAGGGCCCGA,0,2459291
mhpRp1,0.25,3,3,CGGTACGTTTACAGGCGAGT,0,2459900
mhpRp1,0.25,3,3,CGGGTGTTGTGTAGGCCCCG,0,2436170
mhpRp1,0.25,3,3,CGGGGGTTCCTATATCTATT,0,2433449
mhpRp1,0.25,3,3,CGGGGCAAAACGGGAGGATT,0,2458452
mhpRp1,0.25,3,3,CGGGGATTATCGGTGTGGAC,0,2469969
mhpRp1,0.25,3,3,CGGGCCTTGGGGAGGCCTGA,0,2425096
mhpRp1,0.25,3,3,CGGGAATCGGGGTCTCACTC,0,2441951
mhpRp1,0.25,3,3,CGGCTATGTGCATTCCCCGG,0,2461921
mhpRp1,0.25,3,3,CGGCGACCGCAAACGTATAG,0,2474886
mhpRp1,0.25,3,3,CGGCCATCCGCTATGGCACG,0,2431757
mhpRp1,0.25,3,3,CGGCATCCGTTTGGACTCTT,0,2429501
mhpRp1,0.25,3,3,CGGCAGGCGTCGAGATTGCT,0,2444007
mhpRp1,0.25,3,3,CGGCAAGTGGCAACTTTTTC,0,2478350
mhpRp1,0.25,3,3,CGGAGGTGCAGAAGCAGCTC,0,2469418
mhpRp1,0.25,3,3,CGGAGCTTTCGTCGCGGAGA,0,2431903
mhpRp1,0.25,3,3,CGGAGCGGCGAACAGGGTAA,0,2424021
mhpRp1,0.25,3,3,CGGACGCGACGTCGTATTAC,0,2468969
mhpRp1,0.25,3,3,CGGAACGAGATTTCCCCAGG,0,2426307
mhpRp1,0.25,3,3,CGCTGGCTAGAGTCCGGCAG,0,2458724
mhpRp1,0.25,3,3,CGCTCTTTCGTCTTTCGCGA,0,2433656
mhpRp1,0.25,3,3,CGCTAGGGTAGAATGAGGTG,0,2470384
mhpRp1,0.25,3,3,CGCTAAGATATGTGTGTGGG,0,2426839
mhpRp1,0.25,3,3,CGCGTTCCTCATCAGCACCT,0,2478549
mhpRp1,0.25,3,3,CGCGTGAAATGGTAGCTACG,0,2457241
mhpRp1,0.25,3,3,CGCGTCTAACATTAGGGTAG,0,2443855
mhpRp1,0.25,3,3,CGCGCTCATTATCGTTTTGT,0,2441191
mhpRp1,0.25,3,3,CGCGCGACTAAAGTGGCCTC,0,2454501
mhpRp1,0.25,3,3,CGCGATGCTGTAAGCGTCCA,0,2435099
mhpRp1,0.25,3,3,CGCCTCGGTCTGGGGCACGG,0,2443179
mhpRp1,0.25,3,3,CGCCTCCAAAACTTTGGGAG,0,2449610
mhpRp1,0.25,3,3,CGCCTAGCGAAAAGCCTAGG,0,2438520
mhpRp1,0.25,3,3,CGCCATCGTAACCGGGGTAT,0,2443725
mhpRp1,0.25,3,3,CGCATCAAATAGGCGTCCGT,0,2457427
mhpRp1,0.25,3,3,CGCATATGTCAGCATCATTA,0,2432881
mhpRp1,0.25,3,3,CGCAGACATTGCGACCGACT,0,2428798
mhpRp1,0.25,3,3,CGCACCCGCCAACCCGAACT,0,2433928
mhpRp1,0.25,3,3,CGATTGCGAGGGGGTACGAC,0,2476786
mhpRp1,0.25,3,3,CGATGCTCCCGAACGTATTG,0,2425500
mhpRp1,0.25,3,3,CGATCTGTTACAGGGCAGGG,0,2454479
mhpRp1,0.25,3,3,CGATATGTGGTTCAACTCCA,0,2430143
mhpRp1,0.25,3,3,CGAGTCATTTGCCAGGCTAT,0,2456608
mhpRp1,0.25,3,3,CGAGCCCAGTGTACCCCTTA,0,2449046
mhpRp1,0.25,3,3,CGAGCACCTCCGGAGATTCA,0,2442843
mhpRp1,0.25,3,3,CGAGAAGTACCTGGGCTATT,0,2477818
mhpRp1,0.25,3,3,CGACTCACAAACGCTCAAAG,0,2479095
mhpRp1,0.25,3,3,CGACGGCTCGTTTCGGGATC,0,2479294
mhpRp1,0.25,3,3,CGACGCGCTAGATGATGTGG,0,2458647
mhpRp1,0.25,3,3,CGACGACGAAGCTATGGGCG,0,2440167
mhpRp1,0.25,3,3,CGACCGGGCATACCCGTTAC,0,2477417
mhpRp1,0.25,3,3,CGACCGACAACTTGCGGAGT,0,2428826
mhpRp1,0.25,3,3,CGACACTTGCTCCACATGGG,0,2459487
mhpRp1,0.25,3,3,CGAACGCAGCTCGAGTACCA,0,2433563
mhpRp1,0.25,3,3,CCTTTAACGGCGCATTTAGT,0,2460799
mhpRp1,0.25,3,3,CCTTGTCGCGTACCAACTAA,0,2452789
mhpRp1,0.25,3,3,CCTTGTCCCTTTGTCATGGT,0,2451690
mhpRp1,0.25,3,3,CCTGGCTATTACCTCCTGAA,0,2457123
mhpRp1,0.25,3,3,CCTGCATGATACGAGAATTC,0,2461548
mhpRp1,0.25,3,3,CCTGAGTTTGGAATAGATCT,0,2437285
mhpRp1,0.25,3,3,CCTGAAAGTGATGGGTACTG,0,2433195
mhpRp1,0.25,3,3,CCTCTGGATAGAATAGGGAC,0,2451602
mhpRp1,0.25,3,3,CCTCTGAGCCGCGCACAGGT,0,2453742
mhpRp1,0.25,3,3,CCTCTCGAAGTTCAAAGATC,0,2477633
mhpRp1,0.25,3,3,CCTCGTCTATATGTTCGGGC,0,2478394
mhpRp1,0.25,3,3,CCTCGGAGAGGCACTCCGGG,0,2425312
mhpRp1,0.25,3,3,CCTATTGTGATTTGGTCTAG,0,2457065
mhpRp1,0.25,3,3,CCTAATACACCTGGGTCTAA,0,2430415
mhpRp1,0.25,3,3,CCTAACGGAGCCTAAGGTGT,0,2453301
mhpRp1,0.25,3,3,CCGTGTAGCGGAGGGGTCTA,0,2475100
mhpRp1,0.25,3,3,CCGTACCCGAGCTCGAATAC,0,2440291
mhpRp1,0.25,3,3,CCGTAACGCGATGTGAAACT,0,2457421
mhpRp1,0.25,3,3,CCGGTGCACCGCCTACTGCG,0,2439929
mhpRp1,0.25,3,3,CCGGTCTGGTCCAATAGGAA,0,2437977
mhpRp1,0.25,3,3,CCGGCTGCGGAACGGAGCCA,0,2434517
mhpRp1,0.25,3,3,CCGGCAAACCATGCGGCGCA,0,2445868
mhpRp1,0.25,3,3,CCGGAGACGGAGGCGAACGT,0,2456332
mhpRp1,0.25,3,3,CCGCGTCATAAAAGCGATCG,0,2477203
mhpRp1,0.25,3,3,CCGCAATTTATTCTGGTCAG,0,2423941
mhpRp1,0.25,3,3,CCGAGTTAAGTCGCCAGTGG,0,2459695
mhpRp1,0.25,3,3,CCGAGCCATACACCCGATTG,0,2438492
mhpRp1,0.25,3,3,CCGACGTAGTACACCGCGAA,0,2441891
mhpRp1,0.25,3,3,CCGACCAACGCTTACCCGAT,0,2429333
mhpRp1,0.25,3,3,CCGAAGTGGGCGCAATATGT,0,2476062
mhpRp1,0.25,3,3,CCCTTGTAAGTCGAGGATGT,0,2434883
mhpRp1,0.25,3,3,CCCTTCTGGTTAAGTTGTAC,0,2472080
mhpRp1,0.25,3,3,CCCTTCGTGAACCATGAGGT,0,2431136
mhpRp1,0.25,3,3,CCCTTCCGCATGACGGGTCG,0,2437405
mhpRp1,0.25,3,3,CCCTCCTAGGCTTAAACATA,0,2443815
mhpRp1,0.25,3,3,CCCTAGGACGGCGCCTAATG,0,2448419
mhpRp1,0.25,3,3,CCCGTGATCAATAACCAAGG,0,2449151
mhpRp1,0.25,3,3,CCCGGTATATGGGCTGAAGA,0,2465397
mhpRp1,0.25,3,3,CCCGGCGGTAGTCCTTGTAC,0,2442085
mhpRp1,0.25,3,3,CCCGCGATACTAAGACAGGG,0,2476560
mhpRp1,0.25,3,3,CCCGAACTTTATCCTGCATG,0,2466267
mhpRp1,0.25,3,3,CCCCTGTGCTATACAAATGA,0,2477539
mhpRp1,0.25,3,3,CCCCGGATCCCCTTCGCCTG,0,2468986
mhpRp1,0.25,3,3,CCCCGCCCTCAGATATCCAG,0,2438140
mhpRp1,0.25,3,3,CCCCATTGCGTTACGTGGCT,0,2433014
mhpRp1,0.25,3,3,CCCATTTTTTTAAATTATAC,0,2450545
mhpRp1,0.25,3,3,CCCAGTTTTGCGCCAACAGT,0,2438419
mhpRp1,0.25,3,3,CCCAGTGAAAGTGAGTTTTT,0,2451356
mhpRp1,0.25,3,3,CCCAGTAGAATTTTTGCATT,0,2439658
mhpRp1,0.25,3,3,CCCAGGTTCTCTCAGTGTCT,0,2478187
mhpRp1,0.25,3,3,CCCAGATGAAATGTTAGATA,0,2443312
mhpRp1,0.25,3,3,CCATTCGACGGTGGTGCTGT,0,2457928
mhpRp1,0.25,3,3,CCATGCCGTGGCCTATGTGG,0,2430496
mhpRp1,0.25,3,3,CCATCGAAGCTCCCTAGTAC,0,2445763
mhpRp1,0.25,3,3,CCATCACCGTTGCGTCTCGC,0,2479086
mhpRp1,0.25,3,3,CCAGTTTCAAAGGTCAACTT,0,2447490
mhpRp1,0.25,3,3,CCAGTCGGATTATGAGGCTG,0,2436221
mhpRp1,0.25,3,3,CCAGGATTTTTGGCCGAGCA,0,2440293
mhpRp1,0.25,3,3,CCAGCATGAATCTCTGCCAA,0,2433242
mhpRp1,0.25,3,3,CCAGCATAGGGATTCTTGGC,0,2459244
mhpRp1,0.25,3,3,CCAGATAAACAGCACACTCC,0,2446849
mhpRp1,0.25,3,3,CCACTAGGCTAAAGCGACGG,0,2474703
mhpRp1,0.25,3,3,CCACGAGACCACCTTTGAGG,0,2453036
mhpRp1,0.25,3,3,CCACCCGGTGACAATAGTAT,0,2451741
mhpRp1,0.25,3,3,CCACAGAGGGCAGCGAATTG,0,2479528
mhpRp1,0.25,3,3,CCAATTATAGTAGGTACTCC,0,2441165
mhpRp1,0.25,3,3,CCAAGCATGGATTGTGGAAT,0,2424405
mhpRp1,0.25,3,3,CCAAGCACATGGCACCTAAA,0,2437536
mhpRp1,0.25,3,3,CATTTGTACTGACGTACTAT,0,2446435
mhpRp1,0.25,3,3,CATTGCTGAAGAGATGGCAT,0,2435024
mhpRp1,0.25,3,3,CATTGATGTAATGATAAGTC,0,2452181
mhpRp1,0.25,3,3,CATTGACGCATTTCGACCAA,0,2424103
mhpRp1,0.25,3,3,CATTCCAAAGGTTGATAAAG,0,2446710
mhpRp1,0.25,3,3,CATGATGCGGCCAATGGAAA,0,2474586
mhpRp1,0.25,3,3,CATGACTAATGTACTCTGCA,0,2437505
mhpRp1,0.25,3,3,CATGAAATGTCTGGGGCAGA,0,2449416
mhpRp1,0.25,3,3,CATCGTCACAACAACCGAAG,0,2471529
mhpRp1,0.25,3,3,CATCGGTCTAGAGTTGCACC,0,2456819
mhpRp1,0.25,3,3,CATCAGTAACCGAGGGGATT,0,2474699
mhpRp1,0.25,3,3,CATCAACGCAGGGTTGGCAA,0,2441982
mhpRp1,0.25,3,3,CATAGGACGGCGTCTCGGTC,0,2459154
mhpRp1,0.25,3,3,CATACCGTTTGATACTTATC,0,2443010
mhpRp1,0.25,3,3,CATACAGTGATAGCAAGGAG,0,2468610
mhpRp1,0.25,3,3,CATACAGAGAGTGTGGAAAT,0,2471905
mhpRp1,0.25,3,3,CATACACGTTTCGTCTGCTC,0,2436317
mhpRp1,0.25,3,3,CAGTGGAAACGGATAATGCG,0,2435398
mhpRp1,0.25,3,3,CAGTCGTACAGGGCCAGATT,0,2427969
mhpRp1,0.25,3,3,CAGTATCAGAGAATCTAGGC,0,2437668
mhpRp1,0.25,3,3,CAGGTAACTATCACTCAATC,0,2439607
mhpRp1,0.25,3,3,CAGGAGCGGTTGCGAGGCAT,0,2454904
mhpRp1,0.25,3,3,CAGCTTTCGTTTGCCAGGCT,0,2466607
mhpRp1,0.25,3,3,CAGCTCTAGTTAATACGGCG,0,2476979
mhpRp1,0.25,3,3,CAGCGACGGCAGTCTATTCA,0,2452504
mhpRp1,0.25,3,3,CAGCCGCCAGTCTCGCTACG,0,2445568
mhpRp1,0.25,3,3,CAGCAAGGCTGGAGCAATCT,0,2446299
mhpRp1,0.25,3,3,CAGCAACAGTAGCATAACAT,0,2440826
mhpRp1,0.25,3,3,CAGATGTTATCCTTGTCACT,0,2472225
mhpRp1,0.25,3,3,CAGAATCTTGCTCTATTTGA,0,2474763
mhpRp1,0.25,3,3,CACTTGGTCCACCATTGCGG,0,2433479
mhpRp1,0.25,3,3,CACTTCTACACCTGCTATAC,0,2447597
mhpRp1,0.25,3,3,CACTGTCCGTGTTGACAAAA,0,2435183
mhpRp1,0.25,3,3,CACTGGGCCATCCAAAACAT,0,2452981
mhpRp1,0.25,3,3,CACTCTCTATAGCCAGCTTC,0,2466902
mhpRp1,0.25,3,3,CACTACTTCTTACGCTGAAA,0,2474438
mhpRp1,0.25,3,3,CACTACATTTATGATATCTG,0,2476466
mhpRp1,0.25,3,3,CACGGGGTGTAGCGGAAAGT,0,2458077
mhpRp1,0.25,3,3,CACGGGAAAGCCCACTTAGT,0,2462252
mhpRp1,0.25,3,3,CACCGCGTACCGGGTGCCAT,0,2457576
mhpRp1,0.25,3,3,CACCCCGAGGATATCGCGAA,0,2439301
mhpRp1,0.25,3,3,CACATTACGTGCATAGGCTG,0,2470670
mhpRp1,0.25,3,3,CACATGCGGGCTCCGAGACA,0,2467365
mhpRp1,0.25,3,3,CACAAATTCAGGACGATAGA,0,2466818
mhpRp1,0.25,3,3,CACAAAGGTCTGAGCTACCG,0,2472059
mhpRp1,0.25,3,3,CAATTTCGAGCTAATACCCT,0,2456453
mhpRp1,0.25,3,3,CAATTGCGATGGAACACAGA,0,2454979
mhpRp1,0.25,3,3,CAATGCCACTACGGTGGCTG,0,2461712
mhpRp1,0.25,3,3,CAATGAGAACCGAGCGCAAA,0,2454295
mhpRp1,0.25,3,3,CAATCTGCTGGGTTACAGTA,0,2477568
mhpRp1,0.25,3,3,CAATATTGCGAAACATTACA,0,2429358
mhpRp1,0.25,3,3,CAATAGTCGTCAGGGTTTAT,0,2456520
mhpRp1,0.25,3,3,CAAGTGCTCACCGGGGTTAA,0,2458606
mhpRp1,0.25,3,3,CAAGGTAGAGTTATGAGGGT,0,2444069
mhpRp1,0.25,3,3,CAAGCGCGAGATGCCCTTAC,0,2431091
mhpRp1,0.25,3,3,CAAGCCAAGCAAAGATGCTA,0,2429963
mhpRp1,0.25,3,3,CAAGACATCCTGTATTGTCA,0,2439279
mhpRp1,0.25,3,3,CAACTTTACCGCAGAGACGG,0,2453307
mhpRp1,0.25,3,3,CAACTAGCTTCTACGGCGTT,0,2429069
mhpRp1,0.25,3,3,CAACGCTGGGGGATATAACC,0,2435776
mhpRp1,0.25,3,3,CAAATAAGCTCAGCTACGCG,0,2457766
mhpRp1,0.25,3,3,CAAAATTTGGTCCACTGAGG,0,2451807
mhpRp1,0.25,3,3,CAAAAGGCCACACTAGACAT,0,2430192
mhpRp1,0.25,3,3,ATTTCTGGGGAGTATCTAAA,0,2452350
mhpRp1,0.25,3,3,ATTGTCCAAGGCATTCATAC,0,2447474
mhpRp1,0.25,3,3,ATTGTAATACTAGGAACCCT,0,2429833
mhpRp1,0.25,3,3,ATTGGTGTATACTCCACATG,0,2447221
mhpRp1,0.25,3,3,ATTGGGTAGGCACGATTCGC,0,2446899
mhpRp1,0.25,3,3,ATTGCTGTACGTTATGCCCA,0,2431838
mhpRp1,0.25,3,3,ATTGACAGGGGTAAGGCGGA,0,2454063
mhpRp1,0.25,3,3,ATTCTGGAGAATAGTCAGTG,0,2457911
mhpRp1,0.25,3,3,ATTCGGGCTTCTCTAAGTAC,0,2456730
mhpRp1,0.25,3,3,ATTCGATAGAAGGTTTACAT,0,2424116
mhpRp1,0.25,3,3,ATTCGAAGTATTTTCCTCAA,0,2443220
mhpRp1,0.25,3,3,ATTCCCTGATAGTTGTCCAC,0,2458486
mhpRp1,0.25,3,3,ATTCCCCGACAGCGGGAGAC,0,2465891
mhpRp1,0.25,3,3,ATTCCCAAATGGGGCCGAGA,0,2463333
mhpRp1,0.25,3,3,ATTCCAAGATCTCGGAAATA,0,2466398
mhpRp1,0.25,3,3,ATTCATTGCTCCGGTGTGAG,0,2438038
mhpRp1,0.25,3,3,ATTCAAACGTCACTCCTAGG,0,2450397
mhpRp1,0.25,3,3,ATTATCATGAGGTGCTAATG,0,2459029
mhpRp1,0.25,3,3,ATTATAAGTGAAGGGTGGTT,0,2475382
mhpRp1,0.25,3,3,ATTAGTTTACGGTCGCGGCG,0,2434152
mhpRp1,0.25,3,3,ATTAGTGGTTATAGTTTCGA,0,2472519
mhpRp1,0.25,3,3,ATTAGAATGGTCTACGATTG,0,2463973
mhpRp1,0.25,3,3,ATTACCCTGCCACTGTGTCG,0,2462803
mhpRp1,0.25,3,3,ATTACATGATTGAATCCTAT,0,2472651
mhpRp1,0.25,3,3,ATTACAGTGTCGCAATCTTT,0,2447609
mhpRp1,0.25,3,3,ATTACACGAAGTGTTCAACA,0,2446928
mhpRp1,0.25,3,3,ATGTTTCGAACCAGTCACGA,0,2425079
mhpRp1,0.25,3,3,ATGTTCTTTGTGGGCATCAG,0,2455617
mhpRp1,0.25,3,3,ATGTTATTATCGAACGATGA,0,2444915
mhpRp1,0.25,3,3,ATGGTTCAGCCATTGGTACA,0,2446360
mhpRp1,0.25,3,3,ATGGGTCAATGGATAGGGGA,0,2450580
mhpRp1,0.25,3,3,ATGGGCCGTGCCGAGCCCTC,0,2446556
mhpRp1,0.25,3,3,ATGGGCAGCTATAGCCCAAA,0,2439156
mhpRp1,0.25,3,3,ATGGGAGCCAACCCGGAGTA,0,2433462
mhpRp1,0.25,3,3,ATGGCCCGAGTGGTAAAGCT,0,2470378
mhpRp1,0.25,3,3,ATGGAACCGGAAGGTAAGCG,0,2423894
mhpRp1,0.25,3,3,ATGCTGCTGTCACGCTCGTA,0,2448136
mhpRp1,0.25,3,3,ATGCTATGCCTACATCCCAC,0,2439660
mhpRp1,0.25,3,3,ATGCGTGCAGAGCACTTGAA,0,2470268
mhpRp1,0.25,3,3,ATGCGCCACGCACGCGCAGG,0,2466819
mhpRp1,0.25,3,3,ATGCGCATGAAGTTCATTTG,0,2465281
mhpRp1,0.25,3,3,ATGCATGTACGTCGTTGAGC,0,2455262
mhpRp1,0.25,3,3,ATGCAGGTTTCACCGTTATC,0,2459586
mhpRp1,0.25,3,3,ATGAGGCCGAGTCTGAGTTG,0,2469416
mhpRp1,0.25,3,3,ATGAGGACCAATGCCTGCAG,0,2425584
mhpRp1,0.25,3,3,ATGAGCTTTTGTCCAGTCAG,0,2443516
mhpRp1,0.25,3,3,ATGACCCCCTTAAGTTGGTC,0,2471346
mhpRp1,0.25,3,3,ATGAATTTGGAACCCGGCAT,0,2463263
mhpRp1,0.25,3,3,ATGAATGCTTGGCCGGTAAC,0,2459904
mhpRp1,0.25,3,3,ATGAAGCTTACGGGGGAAGT,0,2467044
mhpRp1,0.25,3,3,ATGAACTCCCGAAGTTACCC,0,2452677
mhpRp1,0.25,3,3,ATGAACTATTACAACACGGC,0,2430997
mhpRp1,0.25,3,3,ATGAAAGTCGAGCCTCAAAT,0,2453424
mhpRp1,0.25,3,3,ATCTGAATCTCGTGGAAGAT,0,2448850
mhpRp1,0.25,3,3,ATCTCCGTGTGGAGTGGTAT,0,2469015
mhpRp1,0.25,3,3,ATCTCCGAACGGCTTGGTTG,0,2446087
mhpRp1,0.25,3,3,ATCTCATCACTTAACAGCGC,0,2439249
mhpRp1,0.25,3,3,ATCTAGGTGTAACCCACGTG,0,2428748
mhpRp1,0.25,3,3,ATCTAGAAGCACATGGGTGT,0,2458305
mhpRp1,0.25,3,3,ATCGTTCGAACCGCTAGTGA,0,2435578
mhpRp1,0.25,3,3,ATCGTACGCAGCTCAGACAG,0,2442387
mhpRp1,0.25,3,3,ATCGCTAGTAACCTGGGTGC,0,2429351
mhpRp1,0.25,3,3,ATCGCGGTGGTGCATTGGTG,0,2446356
mhpRp1,0.25,3,3,ATCGATAGGGATGTGGGGCT,0,2449557
mhpRp1,0.25,3,3,ATCGACGCGGGTTTAGCTAA,0,2475736
mhpRp1,0.25,3,3,ATCCTTCGGATAATCGGAAA,0,2457042
mhpRp1,0.25,3,3,ATCCGAGGTCCTGACCTCAC,0,2453047
mhpRp1,0.25,3,3,ATCCCCTTGCATCGGGGACA,0,2429365
mhpRp1,0.25,3,3,ATCCCAGATCTACGCAAAAG,0,2440960
mhpRp1,0.25,3,3,ATCATCTTTAATTCAAGCAG,0,2447218
mhpRp1,0.25,3,3,ATCATCTCACGAGCACATGT,0,2449841
mhpRp1,0.25,3,3,ATCAGAAGCTCAAGCGGTAG,0,2463821
mhpRp1,0.25,3,3,ATCACCTAGCCTATAATTCT,0,2448375
mhpRp1,0.25,3,3,ATCAAACACTCTTTCTGGTG,0,2472629
mhpRp1,0.25,3,3,ATCAAAACTGTGCATAGAGG,0,2445063
mhpRp1,0.25,3,3,ATATTTAGATAGATGCAGTA,0,2448651
mhpRp1,0.25,3,3,ATATTACTGCCACCCTGGAT,0,2455948
mhpRp1,0.25,3,3,ATATGACCCGTAACGGGGCT,0,2468654
mhpRp1,0.25,3,3,ATATGAAGGGGTGTTGTTCA,0,2452375
mhpRp1,0.25,3,3,ATATACGATCTCGGAATACT,0,2454641
mhpRp1,0.25,3,3,ATAGTTAGTGGAGAGCTGAT,0,2430094
mhpRp1,0.25,3,3,ATAGTACTTTGGGACAGATA,0,2475321
mhpRp1,0.25,3,3,ATAGGCGCCGCGGTCCAAGA,0,2473572
mhpRp1,0.25,3,3,ATAGCGACTTAATGGCGCAG,0,2456728
mhpRp1,0.25,3,3,ATAGATGTTTTAACCCACTG,0,2475675
mhpRp1,0.25,3,3,ATACTGATTGGGAGGCACTT,0,2453513
mhpRp1,0.25,3,3,ATACTCCGAGTAGTACGATC,0,2437306
mhpRp1,0.25,3,3,ATACGCGGTTTCAGAGGTTA,0,2434507
mhpRp1,0.25,3,3,ATACAGGAGTATACTGGCGC,0,2450119
mhpRp1,0.25,3,3,ATAATCGCGGCGACGTCACA,0,2435257
mhpRp1,0.25,3,3,ATAAGGGTGGCTACATGTGT,0,2426285
mhpRp1,0.25,3,3,ATAACGACCCGGTGGAGATG,0,2458597
mhpRp1,0.25,3,3,ATAACAATGTCATGTGAGCT,0,2448091
mhpRp1,0.25,3,3,ATAAATAAGTCGAATGCACT,0,2450735
mhpRp1,0.25,3,3,ATAAACATGCGGCCTGGGGA,0,2427563
mhpRp1,0.25,3,3,ATAAACACTACGGGGCGGAT,0,2436595
mhpRp1,0.25,3,3,AGTTTCTTTATCTTAACGGC,0,2435707
mhpRp1,0.25,3,3,AGTTGAAAGTATCCTGCTAA,0,2454017
mhpRp1,0.25,3,3,AGTGTCTGTATAACCCGTAG,0,2451840
mhpRp1,0.25,3,3,AGTGTAGTAGCACTTGCGGG,0,2465344
mhpRp1,0.25,3,3,AGTGGGGAAGCGAGGGTGAA,0,2478909
mhpRp1,0.25,3,3,AGTGGCTACGCGGATGAGTG,0,2462429
mhpRp1,0.25,3,3,AGTGGCGCCACAAATCGACT,0,2451726
mhpRp1,0.25,3,3,AGTGGAAGATGGAGGTGGTG,0,2473413
mhpRp1,0.25,3,3,AGTGCATGAAGTAGGAGTGT,0,2453314
mhpRp1,0.25,3,3,AGTGCAGGCGCATGCATTGG,0,2433818
mhpRp1,0.25,3,3,AGTGACACATTGAGTGTCTC,0,2462477
mhpRp1,0.25,3,3,AGTCGTATAACTATGTCATA,0,2430391
mhpRp1,0.25,3,3,AGTCGCGTTCCGAGTTTAGT,0,2423860
mhpRp1,0.25,3,3,AGTCCGGTATTCCCAGCCGG,0,2463850
mhpRp1,0.25,3,3,AGTCCGGAAGAGTTTTACCC,0,2473336
mhpRp1,0.25,3,3,AGTCCATTACCAATCGGTAA,0,2454199
mhpRp1,0.25,3,3,AGTCATTCACTCCATAAAGG,0,2437223
mhpRp1,0.25,3,3,AGTCACTACGGGAAAGAGAT,0,2472050
mhpRp1,0.25,3,3,AGTATCTCCGCATTCGGGAT,0,2473633
mhpRp1,0.25,3,3,AGTATACGAACTCTCGCGAT,0,2432085
mhpRp1,0.25,3,3,AGTACTCGGTATCGATGCCT,0,2434391
mhpRp1,0.25,3,3,AGTAAAGTTAAGATGCCGGC,0,2440577
mhpRp1,0.25,3,3,AGGTTTGTTCATAATAGTGC,0,2447698
mhpRp1,0.25,3,3,AGGTTGGCTATACGTATGTT,0,2457253
mhpRp1,0.25,3,3,AGGTTCTACCTCTCTAAAGT,0,2461820
mhpRp1,0.25,3,3,AGGTCGTTAGTTCCCGCGAT,0,2443508
mhpRp1,0.25,3,3,AGGTCCGAATATTACCTAAA,0,2475694
mhpRp1,0.25,3,3,AGGTATACCCGGTTGGTTTA,0,2471995
mhpRp1,0.25,3,3,AGGTAGTTTCACGGTTATAG,0,2437987
mhpRp1,0.25,3,3,AGGTACCACTTGGACTGGCC,0,2474725
mhpRp1,0.25,3,3,AGGGTGGTATTTCCACACCA,0,2436295
mhpRp1,0.25,3,3,AGGGTATTGTGACTACAGAC,0,2462892
mhpRp1,0.25,3,3,AGGGTAAGGAACTAACTGTA,0,2474196
mhpRp1,0.25,3,3,AGGCCCATGATATCCGTAAG,0,2441747
mhpRp1,0.25,3,3,AGGATTTCTGAGGCCGGTGT,0,2449683
mhpRp1,0.25,3,3,AGGATAGGTTAACTCCTCGA,0,2478315
mhpRp1,0.25,3,3,AGGAGATCTATGGGCATTGG,0,2449842
mhpRp1,0.25,3,3,AGGAAAATAGGTTGGATAAA,0,2453875
mhpRp1,0.25,3,3,AGCTGTTTTCATATTACAGG,0,2466202
mhpRp1,0.25,3,3,AGCTGGCCATAGCTTTAAAG,0,2447780
mhpRp1,0.25,3,3,AGCTCCTAGTGCTTCTTGGG,0,2432858
mhpRp1,0.25,3,3,AGCTAGGCGGACCTACGAAC,0,2478324
mhpRp1,0.25,3,3,AGCGGCCACGCTCTAATACT,0,2424879
mhpRp1,0.25,3,3,AGCGCGTTAGAATTGTTAGT,0,2426786
mhpRp1,0.25,3,3,AGCCTCACGTACCTAAGCAG,0,2448794
mhpRp1,0.25,3,3,AGCCTCAAGCCTCACACAAG,0,2433110
mhpRp1,0.25,3,3,AGCCGTATAATTTATTCATA,0,2430111
mhpRp1,0.25,3,3,AGCCGAAGGTGAAACGTATT,0,2460876
mhpRp1,0.25,3,3,AGCCCTACAGAAATCATGAG,0,2433808
mhpRp1,0.25,3,3,AGCATATACATCGTCTCGTT,0,2460996
mhpRp1,0.25,3,3,AGCATACAAGTCTTTCCATC,0,2477448
mhpRp1,0.25,3,3,AGCAGTATGGAGGCGCCCTA,0,2471181
mhpRp1,0.25,3,3,AGCAGCGCCGGCAGATTACT,0,2440575
mhpRp1,0.25,3,3,AGCAGCCTAATCCACTCTTC,0,2453052
mhpRp1,0.25,3,3,AGCACGGTCAAAAGTGCAGG,0,2437484
mhpRp1,0.25,3,3,AGATTCCCTTGTGTATCTCG,0,2431830
mhpRp1,0.25,3,3,AGATGGCTGTAAATCGGCGT,0,2433897
mhpRp1,0.25,3,3,AGATGACACCGTTCCGGAAC,0,2436450
mhpRp1,0.25,3,3,AGATCTCCTGATTCGGCGTG,0,2477178
mhpRp1,0.25,3,3,AGAGTTTTTCTGAGCTATTT,0,2436201
mhpRp1,0.25,3,3,AGAGTGCAGTACAGCAACGA,0,2439919
mhpRp1,0.25,3,3,AGAGTAAAGGTCGGCAAAGC,0,2462321
mhpRp1,0.25,3,3,AGAGGTTACGAACTTAAGGT,0,2470896
mhpRp1,0.25,3,3,AGAGGTGGGGAAGGACGTGT,0,2445415
mhpRp1,0.25,3,3,AGAGGGCACGGCATGATGGG,0,2460111
mhpRp1,0.25,3,3,AGAGGCTGCCTCCATCCAGT,0,2436350
mhpRp1,0.25,3,3,AGAGCGGTCTAGCATTCGGC,0,2447000
mhpRp1,0.25,3,3,AGAGATGTAACGAATTAGCC,0,2431234
mhpRp1,0.25,3,3,AGACTTTATTAGTTACATCT,0,2453767
mhpRp1,0.25,3,3,AGACTCTTTATTACAATGCC,0,2464924
mhpRp1,0.25,3,3,AGACCGGGGACACTGTTCAT,0,2427182
mhpRp1,0.25,3,3,AGACCGAGCGGTTTGGGAGT,0,2462939
mhpRp1,0.25,3,3,AGAATTCTAGAATTCGTTGG,0,2459405
mhpRp1,0.25,3,3,AGAAAGGAAGAGCGTCTTAC,0,2451114
mhpRp1,0.25,3,3,AGAAAATCTTGACCCGACAT,0,2429561
mhpRp1,0.25,3,3,ACTTTTCTGCTGGATATTTT,0,2438175
mhpRp1,0.25,3,3,ACTTTTCCGTGACTAATTAC,0,2455127
mhpRp1,0.25,3,3,ACTTTGGCACATACTGTGCA,0,2423899
mhpRp1,0.25,3,3,ACTTGGATTCCAGCTGGTAC,0,2476956
mhpRp1,0.25,3,3,ACTTGGATGTGGGTGAGGGT,0,2474288
mhpRp1,0.25,3,3,ACTTGCTGACGATCGGACCC,0,2452729
mhpRp1,0.25,3,3,ACTTGCGAGTCATAACAGGC,0,2471352
mhpRp1,0.25,3,3,ACTTGCACAGTCACCCGGTC,0,2440149
mhpRp1,0.25,3,3,ACTTATCAATTGCGGGATTC,0,2472853
mhpRp1,0.25,3,3,ACTGTTCATATGGACCTGTT,0,2471400
mhpRp1,0.25,3,3,ACTGGTCTATGGGTATGGGT,0,2466101
mhpRp1,0.25,3,3,ACTGGCTTCTGAAGCAGGAA,0,2428067
mhpRp1,0.25,3,3,ACTGGCAAGAATTCCAATCT,0,2461765
mhpRp1,0.25,3,3,ACTGAGCTCGGTCGTTGTTG,0,2478835
mhpRp1,0.25,3,3,ACTCTGGGCTAGGCATAGGA,0,2427484
mhpRp1,0.25,3,3,ACTCTGCATATTGCAAAAGT,0,2464887
mhpRp1,0.25,3,3,ACTCGGTAGTGCCTTACTCA,0,2433543
mhpRp1,0.25,3,3,ACTCGGGCGTTCCCCGGCGA,0,2430867
mhpRp1,0.25,3,3,ACTCGGATGTTCGTGCTTTG,0,2478918
mhpRp1,0.25,3,3,ACTCGAGCTGTGTTCATGCA,0,2435334
mhpRp1,0.25,3,3,ACTCCGCGATAATGTGTACG,0,2449971
mhpRp1,0.25,3,3,ACTCATTTACTGGGGTCCTT,0,2428275
mhpRp1,0.25,3,3,ACTAGCCCCTATCACCTTAG,0,2458685
mhpRp1,0.25,3,3,ACTAGATTTACTCTGCTAGA,0,2456385
mhpRp1,0.25,3,3,ACTACGCTTAAAGAGTTATA,0,2442079
mhpRp1,0.25,3,3,ACTACGCCAATTTCGTGGAA,0,2447237
mhpRp1,0.25,3,3,ACTAATATAACAGAGTCAAG,0,2441706
mhpRp1,0.25,3,3,ACTAACTTCTTTCAAAGATG,0,2474273
mhpRp1,0.25,3,3,ACGTTTCTCATGATAGCTAT,0,2460144
mhpRp1,0.25,3,3,ACGTTTATTCGTGTTGCACT,0,2427846
mhpRp1,0.25,3,3,ACGTTGTACGAATCTGTAGG,0,2458735
mhpRp1,0.25,3,3,ACGTTCCCGTGATTAGAAAC,0,2440640
mhpRp1,0.25,3,3,ACGTGGCGAATGATATGCCC,0,2470480
mhpRp1,0.25,3,3,ACGTGAACACGCAAGTGCGC,0,2442842
mhpRp1,0.25,3,3,ACGTCGATCAATAGTGTATG,0,2462990
mhpRp1,0.25,3,3,ACGTCAAGGGGATCCGACTT,0,2430657
mhpRp1,0.25,3,3,ACGGTATCAACCAACACATA,0,2433553
mhpRp1,0.25,3,3,ACGGGCATAGGAGGACCAAG,0,2473212
mhpRp1,0.25,3,3,ACGGGCAAACCATCATCCTT,0,2466710
mhpRp1,0.25,3,3,ACGGATCAGCCGAAAATGTC,0,2455819
mhpRp1,0.25,3,3,ACGCGCGTTTACGCTGGTTT,0,2433064
mhpRp1,0.25,3,3,ACGAGTTGTATTACGTTCAG,0,2443717
mhpRp1,0.25,3,3,ACGAGTAAATTATGCACGCT,0,2448327
mhpRp1,0.25,3,3,ACGACGTTCACTAATTGCAA,0,2445798
mhpRp1,0.25,3,3,ACGAAGGCCGAACGCCGCTG,0,2469077
mhpRp1,0.25,3,3,ACGAAGCGAAACTTCAGGAG,0,2446431
mhpRp1,0.25,3,3,ACGAAGACGTAGTCGAGGAC,0,2463862
mhpRp1,0.25,3,3,ACGAAACCTGATGATATTAA,0,2427519
mhpRp1,0.25,3,3,ACCTTCGGAATCTGCATAAA,0,2433914
mhpRp1,0.25,3,3,ACCTTATAGGAAGGTTGTTA,0,2448323
mhpRp1,0.25,3,3,ACCTGTCTCATCGCACGACG,0,2448219
mhpRp1,0.25,3,3,ACCTGTCACCTCGTATGTGG,0,2428179
mhpRp1,0.25,3,3,ACCTGAAGGAAGATTGTTTA,0,2427309
mhpRp1,0.25,3,3,ACCTAACGGTGATTAAAAGA,0,2471821
mhpRp1,0.25,3,3,ACCGGCGTTATTAAGTCCGA,0,2458190
mhpRp1,0.25,3,3,ACCGGAGGATCTCTCCTCCA,0,2453280
mhpRp1,0.25,3,3,ACCGCATCATTAGTTCGATA,0,2434358
mhpRp1,0.25,3,3,ACCGAACGTAACCATGAGAG,0,2425904
mhpRp1,0.25,3,3,ACCCCGCTATTTATGCGTAA,0,2443363
mhpRp1,0.25,3,3,ACCATTTTCGGTCGGCTATC,0,2449894
mhpRp1,0.25,3,3,ACCAGTATGATATGAAGTCA,0,2456814
mhpRp1,0.25,3,3,ACCAGATTGTTATCAGGCTA,0,2444510
mhpRp1,0.25,3,3,ACATTTCCTGGGAGACATAG,0,2425297
mhpRp1,0.25,3,3,ACATTAAAGAGTACTATCCC,0,2460327
mhpRp1,0.25,3,3,ACATGTCAGCCACCGTTGTA,0,2479315
mhpRp1,0.25,3,3,ACATCGTCCTTTGTTATTAC,0,2446906
mhpRp1,0.25,3,3,ACATCGCGAGCTAGCATTGT,0,2437832
mhpRp1,0.25,3,3,ACAGTGCGCAACTGCGTAGG,0,2452063
mhpRp1,0.25,3,3,ACAGTACGTAGCAATGTTGT,0,2461826
mhpRp1,0.25,3,3,ACAGTAAGGAAAATCGGCAT,0,2428148
mhpRp1,0.25,3,3,ACAGTAAATGATATGTTAAC,0,2477873
mhpRp1,0.25,3,3,ACAGGTGATCGGGTAAGTAC,0,2431647
mhpRp1,0.25,3,3,ACAGGCGTGCGTATCGCTAA,0,2443418
mhpRp1,0.25,3,3,ACAGGCAATAAGTAGGCTAG,0,2455573
mhpRp1,0.25,3,3,ACAGCCCCTAGCAGTTATAC,0,2428341
mhpRp1,0.25,3,3,ACAGATTATCCCCTCACCTA,0,2431250
mhpRp1,0.25,3,3,ACAGAGTCCTGCTCGCGTAT,0,2475050
mhpRp1,0.25,3,3,ACAGAATGTGCTGATATTTT,0,2437652
mhpRp1,0.25,3,3,ACACTGTCGTTTTGAATAAT,0,2475201
mhpRp1,0.25,3,3,ACACCACGGCAACGTGGTTA,0,2423962
mhpRp1,0.25,3,3,ACAATTCCTAACAGCTTGAA,0,2467167
mhpRp1,0.25,3,3,ACAAGTACGTAGCATTCGTG,0,2472565
mhpRp1,0.25,3,3,ACAACGACCATGGACCTAGC,0,2443874
mhpRp1,0.25,3,3,ACAACACGTCAAACGATTTG,0,2454120
mhpRp1,0.25,3,3,ACAAATTTCATCGAATGCTT,0,2460642
mhpRp1,0.25,3,3,ACAAATTCCATTTCCTGTGC,0,2434553
mhpRp1,0.25,3,3,ACAAAATCCCGGCCACAAAA,0,2450915
mhpRp1,0.25,3,3,AATTTTCGCATCATCGGCGA,0,2479495
mhpRp1,0.25,3,3,AATTGTATAAAGAAGAAATA,0,2452696
mhpRp1,0.25,3,3,AATTCACGCTACCTCTCAGT,0,2456157
mhpRp1,0.25,3,3,AATTACCACATACAGCGAGA,0,2459881
mhpRp1,0.25,3,3,AATGTCTCTAAAGCGTGGGA,0,2449548
mhpRp1,0.25,3,3,AATGGGTTGACTCTCGTGGG,0,2465184
mhpRp1,0.25,3,3,AATGGAGTACAGGCCCCTTG,0,2472058
mhpRp1,0.25,3,3,AATGGACCGTTGCGTATTAA,0,2457700
mhpRp1,0.25,3,3,AATCTTTGGGTACTGCGGTC,0,2456097
mhpRp1,0.25,3,3,AATCTCAGCTGTTAGTCCCA,0,2436353
mhpRp1,0.25,3,3,AATCGTTCCACAGCAAGAGC,0,2471993
mhpRp1,0.25,3,3,AATCCTCTAATATAACATAG,0,2476145
mhpRp1,0.25,3,3,AATCAAAGGCACTCATACAG,0,2447583
mhpRp1,0.25,3,3,AATATTGTAGAGTAAAGAAC,0,2429917
mhpRp1,0.25,3,3,AATATTCACATGGTACTGGT,0,2465981
mhpRp1,0.25,3,3,AATAGGTTTTGAATTGCGTA,0,2439470
mhpRp1,0.25,3,3,AATAGGACCAGTTGACGGTC,0,2464855
mhpRp1,0.25,3,3,AATACGTGGCTGATATAGCG,0,2438469
mhpRp1,0.25,3,3,AATACAATAAATCAGTGGGT,0,2471835
mhpRp1,0.25,3,3,AATACAAGATCTGTTCATGA,0,2456256
mhpRp1,0.25,3,3,AATAACCTGTCCAGCTTGTG,0,2465724
mhpRp1,0.25,3,3,AAGTTTTTTATAAGTAGGAT,0,2450958
mhpRp1,0.25,3,3,AAGTTCAGATTACCAGTACT,0,2454392
mhpRp1,0.25,3,3,AAGTGTTTCGGATCAACGCT,0,2456710
mhpRp1,0.25,3,3,AAGTGTGGCGCATTACAACC,0,2437274
mhpRp1,0.25,3,3,AAGTGTCCTAGGGTCTTCAC,0,2464622
mhpRp1,0.25,3,3,AAGTGATATGTGGTATTTAT,0,2435364
mhpRp1,0.25,3,3,AAGTGAAGAGGTGAATGGTG,0,2431129
mhpRp1,0.25,3,3,AAGTCGGCCAAATGTTTACA,0,2459393
mhpRp1,0.25,3,3,AAGTCCAACAGAGTCCGGAT,0,2471303
mhpRp1,0.25,3,3,AAGTAGTTTCTTTCCGTGTA,0,2468663
mhpRp1,0.25,3,3,AAGGTTTAGGGGCCTCCGGG,0,2432272
mhpRp1,0.25,3,3,AAGGGTTATGGTTATGCCGT,0,2431435
mhpRp1,0.25,3,3,AAGGGGGGCTGGAGAATCTA,0,2450041
mhpRp1,0.25,3,3,AAGGGCGCTATGCACGGTGC,0,2449652
mhpRp1,0.25,3,3,AAGGCGACAGTGCGCTCGAT,0,2426528
mhpRp1,0.25,3,3,AAGGCCGCTAGCTGTGATTC,0,2458763
mhpRp1,0.25,3,3,AAGGATTTCTTGAATTCATA,0,2446195
mhpRp1,0.25,3,3,AAGGATTTCACACCTGTTAG,0,2437280
mhpRp1,0.25,3,3,AAGGATCCGGTACAAGAAAA,0,2461318
mhpRp1,0.25,3,3,AAGGACGGAATACATCTTAT,0,2447309
mhpRp1,0.25,3,3,AAGGACGCGCTCCTCTAGTA,0,2455794
mhpRp1,0.25,3,3,AAGCCTAGGGGGGTCTAGAG,0,2452995
mhpRp1,0.25,3,3,AAGATGGTAACTCATACGGT,0,2429250
mhpRp1,0.25,3,3,AAGAAACAGAATGGGCTCTT,0,2459352
mhpRp1,0.25,3,3,AACTTGGGTAGGCAGTCCGT,0,2447679
mhpRp1,0.25,3,3,AACTTAGACTTCCTAGTTTG,0,2472792
mhpRp1,0.25,3,3,AACTCATTCATAGGCGCCCA,0,2458445
mhpRp1,0.25,3,3,AACTAGAGCGTGGAACGGAA,0,2454664
mhpRp1,0.25,3,3,AACGTATTACGTGTTGACCC,0,2455009
mhpRp1,0.25,3,3,AACGTAGCGTCAAAGTTACG,0,2460196
mhpRp1,0.25,3,3,AACGGCACCTCAATCTCCTC,0,2472867
mhpRp1,0.25,3,3,AACGGACATCAACGGGAAGT,0,2456164
mhpRp1,0.25,3,3,AACGAATTGTGGCCCCTCAA,0,2477849
mhpRp1,0.25,3,3,AACCTTTTATTTAGCCGCTG,0,2465575
mhpRp1,0.25,3,3,AACCTGCTCCGCACTAATGG,0,2455946
mhpRp1,0.25,3,3,AACCGGTGCTTTGTACAAGA,0,2439418
mhpRp1,0.25,3,3,AACCGGATTTGGAACTATTC,0,2445409
mhpRp1,0.25,3,3,AACCGCGCTTCGTATCCAAG,0,2424986
mhpRp1,0.25,3,3,AACCGAAGTTACTGAATTAC,0,2474491
mhpRp1,0.25,3,3,AACCCCGATTCTCAGCACGC,0,2457273
mhpRp1,0.25,3,3,AACCCCCGGTTAGAGAAGGT,0,2444413
mhpRp1,0.25,3,3,AACACTAGGAGCAGAATTGG,0,2443245
mhpRp1,0.25,3,3,AACACGGTGTAATGAGCGGT,0,2440223
mhpRp1,0.25,3,3,AACACGCAGCGGAGGCCCGT,0,2458276
mhpRp1,0.25,3,3,AAATGCTCTCACCGTTAAAG,0,2441760
mhpRp1,0.25,3,3,AAATACAGTACATAATATAG,0,2477715
mhpRp1,0.25,3,3,AAAGGTCGTTTATATGTGTG,0,2475236
mhpRp1,0.25,3,3,AAAGGAACACATGACGGACA,0,2441643
mhpRp1,0.25,3,3,AAAGCTGGACGGTGTGGAGT,0,2436150
mhpRp1,0.25,3,3,AAACTGCGGATGGCTATTCT,0,2443008
mhpRp1,0.25,3,3,AAACTCGTCGTGTGAGGAAG,0,2475915
mhpRp1,0.25,3,3,AAACGTTGATCATTGGGTGA,0,2443355
mhpRp1,0.25,3,3,AAACCTCCACGGAAGACCTG,0,2454409
mhpRp1,0.25,3,3,AAACACTAATCGGGGAATCT,0,2444223
mhpRp1,0.25,3,3,AAAATGGATATTTCAAAGTC,0,2458483
mhpRp1,0.25,3,3,AAAAGCAAGAACAAGAGTGT,0,2462242
mhpRp1,0.25,3,3,AAAACCTCGATTTCCTAACG,0,2474846
mhpRp1,0.25,3,3,AAAAAGTTAGAATGACTAAC,0,2428739
mhpRp1,0.25,3,3,AAAAAGGGTCCAGAGTAGGT,0,2449555
mhpRp1,0.25,3,3,AAAAAGCTCACGAAAAAACG,0,2434138
mhpRp1,0.25,3,3,AAAAACGTTACACGCCAGAG,0,2469378
mhpRp1,0.3333333333333333,2,2,TTTTCGTCTCAACCCTGCAA,0,2459046
mhpRp1,0.3333333333333333,2,2,TTTTCGGTACTGGAGTTCAT,0,2437170
mhpRp1,0.3333333333333333,2,2,TTTTCCCATGTGCAAGGGTA,0,2429435
mhpRp1,0.3333333333333333,2,2,TTTTATGACTTGGCCACTTT,0,2472443
mhpRp1,0.3333333333333333,2,2,TTTTAGTCGCTTTCAATCAG,0,2460091
mhpRp1,0.3333333333333333,2,2,TTTGGTCGGACGGCACATGG,0,2432549
mhpRp1,0.3333333333333333,2,2,TTTGACTTACTATTAGGCTA,0,2466040
mhpRp1,0.3333333333333333,2,2,TTTCTAACAGTCTAATCACC,0,2477353
mhpRp1,0.3333333333333333,2,2,TTTCGTACATCCCTCGGCTT,0,2426708
mhpRp1,0.3333333333333333,2,2,TTTCGGGTGGCTTGATGGAC,0,2454247
mhpRp1,0.3333333333333333,2,2,TTTCCGTGATTGTTAAAGAA,0,2442875
mhpRp1,0.3333333333333333,2,2,TTTATGAAGTAGCTTGCTCA,0,2469291
mhpRp1,0.3333333333333333,2,2,TTTAGCTTTTTCAGTGAAAT,0,2474550
mhpRp1,0.3333333333333333,2,2,TTTAGCCTCGAGCGTCTCCT,0,2465630
mhpRp1,0.3333333333333333,2,2,TTTACATCGTCAAGCCAAGG,0,2443877
mhpRp1,0.3333333333333333,2,2,TTTAAGCGCAGTCCTCATTG,0,2432985
mhpRp1,0.3333333333333333,2,2,TTTAACAAGCATTGCAGAAT,0,2470653
mhpRp1,0.3333333333333333,2,2,TTTAAATCCAGTGTCCCCGA,0,2470512
mhpRp1,0.3333333333333333,2,2,TTGTTAGGCGCAGAGCCTTC,0,2451021
mhpRp1,0.3333333333333333,2,2,TTGTGAAAGTAGGCCCGGCT,0,2450945
mhpRp1,0.3333333333333333,2,2,TTGTCTATACTATTCGGCGG,0,2445986
mhpRp1,0.3333333333333333,2,2,TTGTCGTGACGTTGAGGTGG,0,2441609
mhpRp1,0.3333333333333333,2,2,TTGTATCATCTGTGAGCAAC,0,2431968
mhpRp1,0.3333333333333333,2,2,TTGGGGGTTGCAGCGATCCT,0,2443091
mhpRp1,0.3333333333333333,2,2,TTGGGGGGGGGAGTCGCGGT,0,2472107
mhpRp1,0.3333333333333333,2,2,TTGGGCACATCACTTGGAGC,0,2449543
mhpRp1,0.3333333333333333,2,2,TTGGCCATGAGATTAGCACT,0,2454527
mhpRp1,0.3333333333333333,2,2,TTGGAGGATAGCGTAACATT,0,2465044
mhpRp1,0.3333333333333333,2,2,TTGCTAAACGATAATCCACC,0,2447012
mhpRp1,0.3333333333333333,2,2,TTGCGTTTACATGGGGTCGC,0,2424132
mhpRp1,0.3333333333333333,2,2,TTGCGTGCTGCCACTAGCCA,0,2473217
mhpRp1,0.3333333333333333,2,2,TTGCGGGCGGGAGTTAGAAT,0,2477786
mhpRp1,0.3333333333333333,2,2,TTGCGCTATGATGGAAGTCT,0,2431286
mhpRp1,0.3333333333333333,2,2,TTGCGAATGGAAGGAGTGAT,0,2460606
mhpRp1,0.3333333333333333,2,2,TTGCCGTGTCCAGCCCTGCA,0,2426822
mhpRp1,0.3333333333333333,2,2,TTGCCGCTTCCAGTTTGGCC,0,2472948
mhpRp1,0.3333333333333333,2,2,TTGCCATGTGCTACACCGCG,0,2462693
mhpRp1,0.3333333333333333,2,2,TTGCCACATGAGGGTTCGCT,0,2430287
mhpRp1,0.3333333333333333,2,2,TTGCAGGAGTCAATCATAAA,0,2454414
mhpRp1,0.3333333333333333,2,2,TTGCAGCACACGATTGTCTC,0,2450967
mhpRp1,0.3333333333333333,2,2,TTGCACGGGAAGATGTTAGA,0,2473272
mhpRp1,0.3333333333333333,2,2,TTGCAATCAGCCGGTAGTTC,0,2478069
mhpRp1,0.3333333333333333,2,2,TTGAGGCTTGGGAATTAGGG,0,2470294
mhpRp1,0.3333333333333333,2,2,TTGACGGTGCGACGGGCCGA,0,2442813
mhpRp1,0.3333333333333333,2,2,TTGACGCTCAGGCCGTGTGA,0,2472227
mhpRp1,0.3333333333333333,2,2,TTGACCTGCAGTCGTCCCTC,0,2476256
mhpRp1,0.3333333333333333,2,2,TTGACACAGGTATGTAAGAG,0,2453829
mhpRp1,0.3333333333333333,2,2,TTGAAAAAGTATTTTCTTGT,0,2435144
mhpRp1,0.3333333333333333,2,2,TTCTTGGTGCCTGGGCCCAT,0,2456796
mhpRp1,0.3333333333333333,2,2,TTCTGGGCTAGCCGAGAAAT,0,2433236
mhpRp1,0.3333333333333333,2,2,TTCTGGGAATTAGTAGCTAG,0,2437976
mhpRp1,0.3333333333333333,2,2,TTCTCACGGCGGTCCTGGAT,0,2453246
mhpRp1,0.3333333333333333,2,2,TTCTACTTGCAAATGGCATC,0,2452248
mhpRp1,0.3333333333333333,2,2,TTCGTATCTTGCTGTAAATC,0,2443274
mhpRp1,0.3333333333333333,2,2,TTCGCCTCATCTTTTCTTTA,0,2462960
mhpRp1,0.3333333333333333,2,2,TTCCGTGAACCAGCCGCCAC,0,2440030
mhpRp1,0.3333333333333333,2,2,TTCCGGGTCTGGCGCGTCAG,0,2472104
mhpRp1,0.3333333333333333,2,2,TTCCCGTTTCGCGTCGTATT,0,2466665
mhpRp1,0.3333333333333333,2,2,TTCCACGGTCAACGGAGGAA,0,2472861
mhpRp1,0.3333333333333333,2,2,TTCCAAGTAGAGGAACAGTA,0,2433386
mhpRp1,0.3333333333333333,2,2,TTCATTTATAGGTATCGTAT,0,2430288
mhpRp1,0.3333333333333333,2,2,TTCAGTGCAACGCCAGCGAG,0,2438126
mhpRp1,0.3333333333333333,2,2,TTCAGGTTTCGGCCGCAACC,0,2450822
mhpRp1,0.3333333333333333,2,2,TTCAGCAAGGTCTACAGTGT,0,2473040
mhpRp1,0.3333333333333333,2,2,TTCACCTTCCCGGGTGAGAT,0,2461343
mhpRp1,0.3333333333333333,2,2,TTCAATCAGTTCTAGACATG,0,2425215
mhpRp1,0.3333333333333333,2,2,TTCAAGGGGCGATTGAGATA,0,2472724
mhpRp1,0.3333333333333333,2,2,TTCAAGGACTGCAAACCGTG,0,2451700
mhpRp1,0.3333333333333333,2,2,TTCAAGGAACGTTTCGTTTA,0,2429546
mhpRp1,0.3333333333333333,2,2,TTCAACCGCGATGCAGGGTC,0,2442339
mhpRp1,0.3333333333333333,2,2,TTCAAACCGGGGAATATTGT,0,2466291
mhpRp1,0.3333333333333333,2,2,TTATAGAATAACTAAGGACG,0,2441924
mhpRp1,0.3333333333333333,2,2,TTATAATCAATCGAGTGTGG,0,2461999
mhpRp1,0.3333333333333333,2,2,TTAGTGGAGGAGCTAGAATC,0,2461378
mhpRp1,0.3333333333333333,2,2,TTAGGTGTCAACCGCCATTC,0,2431646
mhpRp1,0.3333333333333333,2,2,TTAGGTCCGAGCCTAAGGAG,0,2431747
mhpRp1,0.3333333333333333,2,2,TTAGGCATCCGACTAGATGC,0,2473945
mhpRp1,0.3333333333333333,2,2,TTAGCTAGGATTGACAGGCT,0,2434784
mhpRp1,0.3333333333333333,2,2,TTACTCACCTTATGCACCTC,0,2425396
mhpRp1,0.3333333333333333,2,2,TTACGTACTTCTGATATTAA,0,2466777
mhpRp1,0.3333333333333333,2,2,TTACGGTTCGACAATTAGCT,0,2436089
mhpRp1,0.3333333333333333,2,2,TTACAGCAGGTTCGCAAGTC,0,2447345
mhpRp1,0.3333333333333333,2,2,TTACACTTATCTGGGGAGGG,0,2457059
mhpRp1,0.3333333333333333,2,2,TTAAGTCGCCAACGGGTAGG,0,2458396
mhpRp1,0.3333333333333333,2,2,TTAAGGGTATGCCCCAGCGG,0,2424135
mhpRp1,0.3333333333333333,2,2,TTAAGGAAATCGAGCAACGT,0,2455679
mhpRp1,0.3333333333333333,2,2,TTAACTCGCTTCCTGGTCCT,0,2454728
mhpRp1,0.3333333333333333,2,2,TGTTTGGGCCATTGATCTCG,0,2455645
mhpRp1,0.3333333333333333,2,2,TGTTGGCCTACAACGCGCAT,0,2426903
mhpRp1,0.3333333333333333,2,2,TGTTGCGTCAGGGAATGGGT,0,2468630
mhpRp1,0.3333333333333333,2,2,TGTTGCGGATCCTCTCCCGG,0,2470422
mhpRp1,0.3333333333333333,2,2,TGTTCATTGTACGGATTATG,0,2448994
mhpRp1,0.3333333333333333,2,2,TGTTCACTACAACTCGGGGA,0,2470873
mhpRp1,0.3333333333333333,2,2,TGTTATAATCTATCCTATTA,0,2471645
mhpRp1,0.3333333333333333,2,2,TGTTAGTGTCGTGTTAAAAC,0,2459667
mhpRp1,0.3333333333333333,2,2,TGTTAGCATTAATGAGACTC,0,2431204
mhpRp1,0.3333333333333333,2,2,TGTTACAAGCTTGCAATCGG,0,2466789
mhpRp1,0.3333333333333333,2,2,TGTGTGCATCCCGTATTGGT,0,2426649
mhpRp1,0.3333333333333333,2,2,TGTGTCACCATATAGTGTGG,0,2447756
mhpRp1,0.3333333333333333,2,2,TGTGTAGACAATTCTCTTTG,0,2467956
mhpRp1,0.3333333333333333,2,2,TGTGGTCAATACGGAAATTA,0,2442539
mhpRp1,0.3333333333333333,2,2,TGTGGGCGCTGCCAAATCTC,0,2471330
mhpRp1,0.3333333333333333,2,2,TGTGACAGTTCAATCAAGCA,0,2442134
mhpRp1,0.3333333333333333,2,2,TGTCTTGTTCAGCATCCAGA,0,2430717
mhpRp1,0.3333333333333333,2,2,TGTCGTCCAAGTGCCTACAC,0,2465958
mhpRp1,0.3333333333333333,2,2,TGTCGGTGTGCCTTAGGCGA,0,2426794
mhpRp1,0.3333333333333333,2,2,TGTCCTGTCGCCGGAGCTTC,0,2458513
mhpRp1,0.3333333333333333,2,2,TGTCCGTGTGGTCCAACGGT,0,2477460
mhpRp1,0.3333333333333333,2,2,TGTCCCTTCGCGCTTAGACA,0,2476496
mhpRp1,0.3333333333333333,2,2,TGTCATGCATCACTAACTTA,0,2465133
mhpRp1,0.3333333333333333,2,2,TGTATCGGCTCGGTGATGAT,0,2438341
mhpRp1,0.3333333333333333,2,2,TGTAGCAGAGTGACATTTTT,0,2463433
mhpRp1,0.3333333333333333,2,2,TGTAAGGTGAATTATGTGGT,0,2435206
mhpRp1,0.3333333333333333,2,2,TGTAACTCAGGTAGTTTACT,0,2431837
mhpRp1,0.3333333333333333,2,2,TGGTTCACATTTAGATACTT,0,2429414
mhpRp1,0.3333333333333333,2,2,TGGTTATTATGTCTAAGTGG,0,2453724
mhpRp1,0.3333333333333333,2,2,TGGTGCGACTTGTAGTTCAG,0,2429955
mhpRp1,0.3333333333333333,2,2,TGGTCGAGACCAAATGTTAT,0,2463361
mhpRp1,0.3333333333333333,2,2,TGGTAGGGTCAGTGGGTCGG,0,2467957
mhpRp1,0.3333333333333333,2,2,TGGTAGCTAAAATATCAGGA,0,2463577
mhpRp1,0.3333333333333333,2,2,TGGGTTTGAGCGGGCACCGA,0,2432748
mhpRp1,0.3333333333333333,2,2,TGGGTCTGAAGCCCCGGATG,0,2428076
mhpRp1,0.3333333333333333,2,2,TGGGTCCGGTCATATTCGTC,0,2438697
mhpRp1,0.3333333333333333,2,2,TGGGGTTGGCAGTGCGTAAA,0,2425052
mhpRp1,0.3333333333333333,2,2,TGGGGTACTGAGGAGAAGAG,0,2465952
mhpRp1,0.3333333333333333,2,2,TGGGGGTTCAGGAACCCCCA,0,2453217
mhpRp1,0.3333333333333333,2,2,TGGGGGCACCGATTCAGCAT,0,2451281
mhpRp1,0.3333333333333333,2,2,TGGGGATTAACAATGCCGCT,0,2462367
mhpRp1,0.3333333333333333,2,2,TGGGGAATTGACGCAACCTC,0,2441668
mhpRp1,0.3333333333333333,2,2,TGGGCTGTTATTATCGAAGC,0,2450739
mhpRp1,0.3333333333333333,2,2,TGGGACGCTCTCGGCAAAAC,0,2479184
mhpRp1,0.3333333333333333,2,2,TGGCTCCGAAGGATTAGGTA,0,2456742
mhpRp1,0.3333333333333333,2,2,TGGCTAGTGCGAGGCGTCCA,0,2454273
mhpRp1,0.3333333333333333,2,2,TGGCTAAAGCCGCCGTTAGA,0,2452418
mhpRp1,0.3333333333333333,2,2,TGGCGCGCCATGACGTGGAG,0,2438655
mhpRp1,0.3333333333333333,2,2,TGGAGCGATCAGTCTCTCAT,0,2430255
mhpRp1,0.3333333333333333,2,2,TGGACTGGTCTAAAAATGAT,0,2425745
mhpRp1,0.3333333333333333,2,2,TGGACGCTCCACAATGCGTT,0,2472989
mhpRp1,0.3333333333333333,2,2,TGGACCTCGATCGCAACTTC,0,2447685
mhpRp1,0.3333333333333333,2,2,TGGACCGAATCATCGAATTA,0,2459761
mhpRp1,0.3333333333333333,2,2,TGGAAAAAACGCTGACGCGA,0,2468790
mhpRp1,0.3333333333333333,2,2,TGCTTTTGAGCACAACCAAG,0,2462259
mhpRp1,0.3333333333333333,2,2,TGCTTTCGCCTATTTATTCA,0,2431316
mhpRp1,0.3333333333333333,2,2,TGCTTGTCGCCATTATACGC,0,2436106
mhpRp1,0.3333333333333333,2,2,TGCTTGAGGGCTAAACGTCA,0,2436022
mhpRp1,0.3333333333333333,2,2,TGCTGTAAGCAAGCCATTAA,0,2456260
mhpRp1,0.3333333333333333,2,2,TGCTCCATCTAGTACAGCGG,0,2444777
mhpRp1,0.3333333333333333,2,2,TGCTCATCGATGAGCGTTGT,0,2464290
mhpRp1,0.3333333333333333,2,2,TGCTCAGCCCGCCGCGGCAT,0,2441693
mhpRp1,0.3333333333333333,2,2,TGCTATCACCGGAAGTGCTA,0,2469888
mhpRp1,0.3333333333333333,2,2,TGCGTTCCATGTCAGTAAAG,0,2457547
mhpRp1,0.3333333333333333,2,2,TGCGCGCCATCATGTATTAT,0,2473924
mhpRp1,0.3333333333333333,2,2,TGCGCCGCCTCTTATATATG,0,2461623
mhpRp1,0.3333333333333333,2,2,TGCGATAGACCGTTCTGGAT,0,2425217
mhpRp1,0.3333333333333333,2,2,TGCCTTTACTCGGACTCTGG,0,2443182
mhpRp1,0.3333333333333333,2,2,TGCCTTGCCAGTAAGTACTG,0,2433318
mhpRp1,0.3333333333333333,2,2,TGCCCATGGGTATTGCTTAT,0,2475524
mhpRp1,0.3333333333333333,2,2,TGCAGGGACGGAATTCCCGC,0,2437581
mhpRp1,0.3333333333333333,2,2,TGCACTACCCTATCCCGGTA,0,2426846
mhpRp1,0.3333333333333333,2,2,TGCACGGGTCCCGAGGGTCT,0,2432351
mhpRp1,0.3333333333333333,2,2,TGCAATAGGTTCTTCTAAGC,0,2425298
mhpRp1,0.3333333333333333,2,2,TGCAAGAGTAGAAATGGCTG,0,2464670
mhpRp1,0.3333333333333333,2,2,TGCAAAATCGCCCCAGGGGG,0,2467996
mhpRp1,0.3333333333333333,2,2,TGATGTCACTCTGGGTCATT,0,2430350
mhpRp1,0.3333333333333333,2,2,TGATGGAGGGAATACTCATG,0,2453372
mhpRp1,0.3333333333333333,2,2,TGATCCCGATAATGCTAGCC,0,2443270
mhpRp1,0.3333333333333333,2,2,TGATACTCACAGCTTAGCGG,0,2439893
mhpRp1,0.3333333333333333,2,2,TGAGTGACCTAGACAGCCCT,0,2477117
mhpRp1,0.3333333333333333,2,2,TGAGGAGAAGCCGATGGATT,0,2431000
mhpRp1,0.3333333333333333,2,2,TGAGGACTCCATAAGAGGAG,0,2468636
mhpRp1,0.3333333333333333,2,2,TGAGGAACTTGGCGAGTTGT,0,2442141
mhpRp1,0.3333333333333333,2,2,TGAGCGACGACGGGCCTACC,0,2434326
mhpRp1,0.3333333333333333,2,2,TGAGCCGGCAGCGCCCTTGC,0,2429281
mhpRp1,0.3333333333333333,2,2,TGAGAGTCCCCCCTTTCGAT,0,2478733
mhpRp1,0.3333333333333333,2,2,TGAGACTGTCCTTGATCCGA,0,2429252
mhpRp1,0.3333333333333333,2,2,TGAGAAAACCTGAAAAGTCG,0,2479301
mhpRp1,0.3333333333333333,2,2,TGACTGCTCCATTCACCCCA,0,2439205
mhpRp1,0.3333333333333333,2,2,TGACGGAGTGCGTTCAGCGT,0,2449401
mhpRp1,0.3333333333333333,2,2,TGACGGAGATGCGTTCCATC,0,2438472
mhpRp1,0.3333333333333333,2,2,TGACCTGTCCCGTGTCGAAA,0,2427096
mhpRp1,0.3333333333333333,2,2,TGACATTAAAATCCAATCTG,0,2477885
mhpRp1,0.3333333333333333,2,2,TGACATCGAAGTGGTGGCAT,0,2467533
mhpRp1,0.3333333333333333,2,2,TGACAGAGAATTGCTTCACC,0,2465091
mhpRp1,0.3333333333333333,2,2,TGAATTAAGCAGAAGGGCCT,0,2434510
mhpRp1,0.3333333333333333,2,2,TGAATGCTGATCCAATTAAG,0,2478049
mhpRp1,0.3333333333333333,2,2,TGAAGGGATATCAATGGGTT,0,2468079
mhpRp1,0.3333333333333333,2,2,TGAAAGGGGTTTAGTTCTGA,0,2447052
mhpRp1,0.3333333333333333,2,2,TGAAAGGCACACGAGCGGGA,0,2446447
mhpRp1,0.3333333333333333,2,2,TCTTTTGTATTCGACTTTAG,0,2434289
mhpRp1,0.3333333333333333,2,2,TCTTTCTCGAGTGAATGACA,0,2460282
mhpRp1,0.3333333333333333,2,2,TCTTTAGCGGCAGTAAATGG,0,2436842
mhpRp1,0.3333333333333333,2,2,TCTTGTTGGGTGCCTATTAA,0,2448964
mhpRp1,0.3333333333333333,2,2,TCTTGGTCGCCGTACGAAGG,0,2450793
mhpRp1,0.3333333333333333,2,2,TCTTGGCTGCGATGGACAGC,0,2471559
mhpRp1,0.3333333333333333,2,2,TCTTCGCGGACCAGGGCGCG,0,2449504
mhpRp1,0.3333333333333333,2,2,TCTTCGAGGATTGTGTCTAT,0,2432296
mhpRp1,0.3333333333333333,2,2,TCTTCCGCGTGCAGGGTCCT,0,2458422
mhpRp1,0.3333333333333333,2,2,TCTTAATCTTACCTGTATAC,0,2456558
mhpRp1,0.3333333333333333,2,2,TCTTAAAGGTTACAGCACCC,0,2473081
mhpRp1,0.3333333333333333,2,2,TCTGTGCATGGGCGACCTGT,0,2467451
mhpRp1,0.3333333333333333,2,2,TCTGTGAAGACGGAACGCCA,0,2427607
mhpRp1,0.3333333333333333,2,2,TCTGGGCGGTCTACTCTGGG,0,2476339
mhpRp1,0.3333333333333333,2,2,TCTGACCGTCTATTCGGAGT,0,2444411
mhpRp1,0.3333333333333333,2,2,TCTGAAGGCAGGGCCAAGCG,0,2447603
mhpRp1,0.3333333333333333,2,2,TCTCTATTATCGAGACCTCT,0,2425771
mhpRp1,0.3333333333333333,2,2,TCTCGGAAAGGTAGCTCTTT,0,2466829
mhpRp1,0.3333333333333333,2,2,TCTCGCGGGAAACGCAACCT,0,2471741
mhpRp1,0.3333333333333333,2,2,TCTCGCGGATGGGAATCGTT,0,2478560
mhpRp1,0.3333333333333333,2,2,TCTCGCATCGTGGTCCCTTC,0,2468128
mhpRp1,0.3333333333333333,2,2,TCTCCGCGCATGAAGCCCGA,0,2449384
mhpRp1,0.3333333333333333,2,2,TCTCCGCAGGCGCACTCCAC,0,2479105
mhpRp1,0.3333333333333333,2,2,TCTCCGATGGAAGAAGGGCA,0,2467406
mhpRp1,0.3333333333333333,2,2,TCTCAACGTCTGAACTCGCG,0,2443208
mhpRp1,0.3333333333333333,2,2,TCTATTTAGAGGGCCTGTTA,0,2447009
mhpRp1,0.3333333333333333,2,2,TCTAGTATTGTAAATTGTTT,0,2440501
mhpRp1,0.3333333333333333,2,2,TCTAGGTCCCACGAATAAAA,0,2435890
mhpRp1,0.3333333333333333,2,2,TCTACTTTGTAATTATAAAG,0,2426338
mhpRp1,0.3333333333333333,2,2,TCTAAATGCATGTTTTGCTA,0,2461002
mhpRp1,0.3333333333333333,2,2,TCGTTCTCATGCCACCTTCA,0,2451474
mhpRp1,0.3333333333333333,2,2,TCGTTACCTTTGGGCAGCAT,0,2461427
mhpRp1,0.3333333333333333,2,2,TCGTGAGTCGGAGCAATGCG,0,2460009
mhpRp1,0.3333333333333333,2,2,TCGTCTAAGTCTGTGGGGTT,0,2433321
mhpRp1,0.3333333333333333,2,2,TCGTATATCGATCTGGTAGT,0,2457319
mhpRp1,0.3333333333333333,2,2,TCGGTGTGGCATTCGATCGA,0,2442444
mhpRp1,0.3333333333333333,2,2,TCGGGGACGTTTACTGCGGA,0,2469800
mhpRp1,0.3333333333333333,2,2,TCGGGCGAGCTGTGACTCAT,0,2435202
mhpRp1,0.3333333333333333,2,2,TCGGCAATCGTCCTGAGTCC,0,2456955
mhpRp1,0.3333333333333333,2,2,TCGGACGCCACCGTGGGAGT,0,2450880
mhpRp1,0.3333333333333333,2,2,TCGCTGAGTCAGATAATACA,0,2437642
mhpRp1,0.3333333333333333,2,2,TCGCCTTGGCGACGTTTGTG,0,2448537
mhpRp1,0.3333333333333333,2,2,TCGCCTCGTATCATGATGGG,0,2436208
mhpRp1,0.3333333333333333,2,2,TCGCCGTAGGTTGTTCATTA,0,2457609
mhpRp1,0.3333333333333333,2,2,TCGCAGTAAAAAATGGGTCA,0,2425518
mhpRp1,0.3333333333333333,2,2,TCGCAGAGATGGGGTGCTAC,0,2437762
mhpRp1,0.3333333333333333,2,2,TCGCAAGGAACGGTCCGTAC,0,2452139
mhpRp1,0.3333333333333333,2,2,TCGATATGAGTCTTAGAGAT,0,2424409
mhpRp1,0.3333333333333333,2,2,TCGATAAGCAAAACTGAACT,0,2465814
mhpRp1,0.3333333333333333,2,2,TCGACGAGAACATGCCGCCA,0,2447554
mhpRp1,0.3333333333333333,2,2,TCGACAGAGAAGACAAGTGC,0,2438958
mhpRp1,0.3333333333333333,2,2,TCGACACTCGGTCCGTTTTC,0,2452302
mhpRp1,0.3333333333333333,2,2,TCGAATCGATTTTACAGCGA,0,2425901
mhpRp1,0.3333333333333333,2,2,TCGAATAATAGACCGTTAAA,0,2458633
mhpRp1,0.3333333333333333,2,2,TCCTTTCTTCATGGTCGAGG,0,2451716
mhpRp1,0.3333333333333333,2,2,TCCTGACACCATCAGGCCTG,0,2448132
mhpRp1,0.3333333333333333,2,2,TCCTCTAACGGGAAACTGGA,0,2451033
mhpRp1,0.3333333333333333,2,2,TCCTCACTTTGGAAGCCACT,0,2425995
mhpRp1,0.3333333333333333,2,2,TCCTACGGATGTTTGTAGTC,0,2431599
mhpRp1,0.3333333333333333,2,2,TCCGGAGTGCTGAATTCCAC,0,2443226
mhpRp1,0.3333333333333333,2,2,TCCGCTACCGGTACCGTACT,0,2456388
mhpRp1,0.3333333333333333,2,2,TCCGAAGGACCCCAAGAGTA,0,2443585
mhpRp1,0.3333333333333333,2,2,TCCGAACTTAAGTTCCTACG,0,2433827
mhpRp1,0.3333333333333333,2,2,TCCGAACAATCGCTTGAGGG,0,2435887
mhpRp1,0.3333333333333333,2,2,TCCCCTGTGTGTGAAGGGTG,0,2447375
mhpRp1,0.3333333333333333,2,2,TCCCCGTGGCTGATCAACAC,0,2435341
mhpRp1,0.3333333333333333,2,2,TCCCCAGCAAACGCCTACCT,0,2478812
mhpRp1,0.3333333333333333,2,2,TCCCAGTTTGGGTAGATATA,0,2458638
mhpRp1,0.3333333333333333,2,2,TCCCAGCCTACATCGTACGA,0,2462649
mhpRp1,0.3333333333333333,2,2,TCCATGCGGAAGGAGGTCTG,0,2440345
mhpRp1,0.3333333333333333,2,2,TCCATCTTTCCGGTGGACAT,0,2425068
mhpRp1,0.3333333333333333,2,2,TCCAGCACACGTACACCGTG,0,2447269
mhpRp1,0.3333333333333333,2,2,TCCAGATCATAAACGCAGTC,0,2442100
mhpRp1,0.3333333333333333,2,2,TCCACGAAGTATCATAGCTG,0,2465519
mhpRp1,0.3333333333333333,2,2,TCCAAATCATCGCGTACTCA,0,2478063
mhpRp1,0.3333333333333333,2,2,TCCAAACGCTTGGGCGCTTG,0,2426899
mhpRp1,0.3333333333333333,2,2,TCATTAGAGAGGGTGACTGG,0,2441423
mhpRp1,0.3333333333333333,2,2,TCATGGTAAGACCAATCTTA,0,2464564
mhpRp1,0.3333333333333333,2,2,TCATCGGTTTGGATGGGTAC,0,2443268
mhpRp1,0.3333333333333333,2,2,TCATCAGACGACGACTGTAT,0,2462311
mhpRp1,0.3333333333333333,2,2,TCAGTACCCTCGCAGGCAGC,0,2459567
mhpRp1,0.3333333333333333,2,2,TCAGTAACCTCTCGTGCTGA,0,2433119
mhpRp1,0.3333333333333333,2,2,TCAGGGCACCCTTCGAGTGA,0,2438578
mhpRp1,0.3333333333333333,2,2,TCAGGCCGTGTCACTCGCTA,0,2473710
mhpRp1,0.3333333333333333,2,2,TCAGCAGTGTTGAACCGAAT,0,2454390
mhpRp1,0.3333333333333333,2,2,TCAGATGTGACTGAGTCACT,0,2449770
mhpRp1,0.3333333333333333,2,2,TCAGAGTATGCGTACCAGGC,0,2458180
mhpRp1,0.3333333333333333,2,2,TCACGTCCAGAATACCTTGA,0,2464365
mhpRp1,0.3333333333333333,2,2,TCACCTTACTCAGGACGCGA,0,2433787
mhpRp1,0.3333333333333333,2,2,TCACATACGAGTCCGAGATG,0,2476766
mhpRp1,0.3333333333333333,2,2,TCAATACTGGTTGCCCATCG,0,2460995
mhpRp1,0.3333333333333333,2,2,TCAAGTTACTGCCATCACGT,0,2467144
mhpRp1,0.3333333333333333,2,2,TCAAGGATGTCCCTAGGTCT,0,2438694
mhpRp1,0.3333333333333333,2,2,TCAAGATAATTTCTCGGTAG,0,2472280
mhpRp1,0.3333333333333333,2,2,TCAACGTTAAGCGCTCCGCA,0,2466009
mhpRp1,0.3333333333333333,2,2,TCAAATGATCCGCACCCTGT,0,2436367
mhpRp1,0.3333333333333333,2,2,TCAAAGTTTTCGCGGTTGGT,0,2450847
mhpRp1,0.3333333333333333,2,2,TCAAACGTACTGGCATCACG,0,2428299
mhpRp1,0.3333333333333333,2,2,TATTTGTGTTTGGCAGGGTT,0,2439327
mhpRp1,0.3333333333333333,2,2,TATTGTGACTCATCACATTA,0,2465487
mhpRp1,0.3333333333333333,2,2,TATTGCATCGCTTGCAACCT,0,2431823
mhpRp1,0.3333333333333333,2,2,TATTCCTGTACACGTATGGT,0,2442261
mhpRp1,0.3333333333333333,2,2,TATTCAAGGCTTGTGATTCG,0,2456780
mhpRp1,0.3333333333333333,2,2,TATTACATTCCCAACGAGAG,0,2429273
mhpRp1,0.3333333333333333,2,2,TATGTTTTTTGTAGTCTAAC,0,2429012
mhpRp1,0.3333333333333333,2,2,TATGGAAGCCTGTTACACGT,0,2445408
mhpRp1,0.3333333333333333,2,2,TATGCTGGGCTAGTGACAAG,0,2451285
mhpRp1,0.3333333333333333,2,2,TATGCACATTCTGGTAAGAT,0,2450910
mhpRp1,0.3333333333333333,2,2,TATGCAAGGGGGGCACTGTA,0,2430678
mhpRp1,0.3333333333333333,2,2,TATGAACGTCGAGGGTGCAT,0,2433913
mhpRp1,0.3333333333333333,2,2,TATCTGCATCATAGCTAGTG,0,2475544
mhpRp1,0.3333333333333333,2,2,TATCGAGCTATGGGCGCAAC,0,2453397
mhpRp1,0.3333333333333333,2,2,TATCCGTATTTATTCTAAAT,0,2435049
mhpRp1,0.3333333333333333,2,2,TATCCCCTGAATAAGCAGTA,0,2448699
mhpRp1,0.3333333333333333,2,2,TATCCCATTGGTCATGTGAC,0,2473899
mhpRp1,0.3333333333333333,2,2,TATCCCAGTTCGTCACCATA,0,2428836
mhpRp1,0.3333333333333333,2,2,TATCATAGTAGGTAGGACGA,0,2438795
mhpRp1,0.3333333333333333,2,2,TATCAGGCGAGAATGAATTT,0,2464945
mhpRp1,0.3333333333333333,2,2,TATATTTTAATGATTAATAT,0,2429812
mhpRp1,0.3333333333333333,2,2,TATATATTGAAGCGGGGGTT,0,2450584
mhpRp1,0.3333333333333333,2,2,TATATATTAGGTAGATCCAC,0,2475741
mhpRp1,0.3333333333333333,2,2,TATAATGTGAAGGGGGACAG,0,2438661
mhpRp1,0.3333333333333333,2,2,TATAAAGCCGCCAGTATTCT,0,2455518
mhpRp1,0.3333333333333333,2,2,TAGTTGATTGGGAATCTTTG,0,2430726
mhpRp1,0.3333333333333333,2,2,TAGTGCAGGCGGCCGCCCGA,0,2431973
mhpRp1,0.3333333333333333,2,2,TAGGTTTTCCACGGAATCGG,0,2460277
mhpRp1,0.3333333333333333,2,2,TAGGTGGAACGTAAGTTCTG,0,2474367
mhpRp1,0.3333333333333333,2,2,TAGGTCTCGAGGGCCGGAAG,0,2443754
mhpRp1,0.3333333333333333,2,2,TAGGGTTTAATGGCCTACTA,0,2441002
mhpRp1,0.3333333333333333,2,2,TAGGACCACGCGCTTGCGGG,0,2453159
mhpRp1,0.3333333333333333,2,2,TAGCTTAAGGCTCATTCTTT,0,2431573
mhpRp1,0.3333333333333333,2,2,TAGCGTCTATCCGGCGGGAC,0,2471060
mhpRp1,0.3333333333333333,2,2,TAGCGGTGGTCATGATCGAA,0,2427431
mhpRp1,0.3333333333333333,2,2,TAGCGGTCACGCACAATGAA,0,2425911
mhpRp1,0.3333333333333333,2,2,TAGCGCGACGGCAATGCAAC,0,2468258
mhpRp1,0.3333333333333333,2,2,TAGCGCCGTGCGGAAATCGG,0,2464462
mhpRp1,0.3333333333333333,2,2,TAGCCGGCACACGTAGCACA,0,2457293
mhpRp1,0.3333333333333333,2,2,TAGCCCGAGCCACGGTAACT,0,2450883
mhpRp1,0.3333333333333333,2,2,TAGCATATTTTTCCTGCTAT,0,2473069
mhpRp1,0.3333333333333333,2,2,TAGCAGGATGAGGAAATGAC,0,2471276
mhpRp1,0.3333333333333333,2,2,TAGCACGTGCTCAGCGGTTC,0,2455148
mhpRp1,0.3333333333333333,2,2,TAGCACGCTTCTATCTTAGT,0,2430216
mhpRp1,0.3333333333333333,2,2,TAGATTTGACCGTGTGGGCA,0,2437140
mhpRp1,0.3333333333333333,2,2,TAGATACGAGGGGCGGTCGG,0,2438247
mhpRp1,0.3333333333333333,2,2,TAGAGTGCAGGGGTTTTGGA,0,2437114
mhpRp1,0.3333333333333333,2,2,TAGACTTCTCATATCCAAGA,0,2431769
mhpRp1,0.3333333333333333,2,2,TAGACTGGACGGTGTGGGTG,0,2441945
mhpRp1,0.3333333333333333,2,2,TAGACCTCAGAGGGACCGCA,0,2424747
mhpRp1,0.3333333333333333,2,2,TAGACCGGTATCTTGTATGG,0,2431886
mhpRp1,0.3333333333333333,2,2,TAGACCCGGAATACGGGAAG,0,2459025
mhpRp1,0.3333333333333333,2,2,TAGAAGTAATAAGCGTAGTG,0,2435626
mhpRp1,0.3333333333333333,2,2,TAGAAGCGGTCAGCGCTCTA,0,2432397
mhpRp1,0.3333333333333333,2,2,TAGAAATGATGTCCGAATGT,0,2448477
mhpRp1,0.3333333333333333,2,2,TAGAAATACGACAGTCTGGT,0,2450846
mhpRp1,0.3333333333333333,2,2,TACTTGTTCAATGAAGGTAG,0,2445182
mhpRp1,0.3333333333333333,2,2,TACTTCGTCGAAGCCATGCT,0,2474510
mhpRp1,0.3333333333333333,2,2,TACTTATTCAGTTCTGCCGT,0,2476728
mhpRp1,0.3333333333333333,2,2,TACTTAGCAGACTAGTTATG,0,2464108
mhpRp1,0.3333333333333333,2,2,TACTGCTGCTGAAGAATGGA,0,2465645
mhpRp1,0.3333333333333333,2,2,TACTATGGATGCCTCCTCAC,0,2462514
mhpRp1,0.3333333333333333,2,2,TACTAGAACTGGGTGGAACC,0,2464326
mhpRp1,0.3333333333333333,2,2,TACTAACCATATTGGGGTTC,0,2426679
mhpRp1,0.3333333333333333,2,2,TACGGAATAGTTTCTGGTGT,0,2466545
mhpRp1,0.3333333333333333,2,2,TACGCCAAACACTGGGTCAC,0,2456190
mhpRp1,0.3333333333333333,2,2,TACGATAACCTGCTTGTAAA,0,2435712
mhpRp1,0.3333333333333333,2,2,TACCTTTACAGGCTCCGACC,0,2442704
mhpRp1,0.3333333333333333,2,2,TACCTAGCGCGGGCCATTGT,0,2442247
mhpRp1,0.3333333333333333,2,2,TACCGGTTCATGACGTCAAT,0,2476818
mhpRp1,0.3333333333333333,2,2,TACCGCTGTAACTTGAGAAT,0,2472061
mhpRp1,0.3333333333333333,2,2,TACCGCACGTTCGCCCCATC,0,2467012
mhpRp1,0.3333333333333333,2,2,TACCCTGCTGGGACTGCGAT,0,2476341
mhpRp1,0.3333333333333333,2,2,TACCCGCGCCAATTTTCGAT,0,2478663
mhpRp1,0.3333333333333333,2,2,TACATTCATATCCTATACTA,0,2471877
mhpRp1,0.3333333333333333,2,2,TACAGTGTATCGTTACGCGG,0,2472911
mhpRp1,0.3333333333333333,2,2,TACAGCGGCTTCTTGGTTAC,0,2470073
mhpRp1,0.3333333333333333,2,2,TACAGAGCAGCGCAGCGTGG,0,2443971
mhpRp1,0.3333333333333333,2,2,TACAAGAAGGAGATGTGCAC,0,2475051
mhpRp1,0.3333333333333333,2,2,TAATTGTAGCCAGTTCACGG,0,2454677
mhpRp1,0.3333333333333333,2,2,TAATTCCTTCGAAAATCCTA,0,2436284
mhpRp1,0.3333333333333333,2,2,TAATGGAGTATAAACCACCT,0,2432123
mhpRp1,0.3333333333333333,2,2,TAATCTCTTTGGAGCACCCC,0,2466068
mhpRp1,0.3333333333333333,2,2,TAATCGTTTACGTTTGAAGC,0,2430989
mhpRp1,0.3333333333333333,2,2,TAATCAGATACCGTAAGGCG,0,2468466
mhpRp1,0.3333333333333333,2,2,TAATCACGCTGTAATACAGT,0,2466468
mhpRp1,0.3333333333333333,2,2,TAATATACGGGCGAGTCATT,0,2433274
mhpRp1,0.3333333333333333,2,2,TAATAGGCGTGCTACACTAG,0,2455769
mhpRp1,0.3333333333333333,2,2,TAAGTATCACGTGACCGTGT,0,2430197
mhpRp1,0.3333333333333333,2,2,TAAGCCTTATTACCTAGTGC,0,2455384
mhpRp1,0.3333333333333333,2,2,TAACGCGTCTAGACTCAAAA,0,2455817
mhpRp1,0.3333333333333333,2,2,TAACGCAACTGAGCTTGCTG,0,2468228
mhpRp1,0.3333333333333333,2,2,TAACGAGGGCCAGATCCCAT,0,2440107
mhpRp1,0.3333333333333333,2,2,TAACCGCAGGTGTTGGGCAA,0,2442473
mhpRp1,0.3333333333333333,2,2,TAACAGCGGGTTATGCCGTT,0,2425534
mhpRp1,0.3333333333333333,2,2,TAAAAATGGTCCACACGCGT,0,2432162
mhpRp1,0.3333333333333333,2,2,GTTTTTCGGTAATCGGGGGA,0,2449387
mhpRp1,0.3333333333333333,2,2,GTTTTGTGGTTGAGGAGGAG,0,2474959
mhpRp1,0.3333333333333333,2,2,GTTTTGAAGGGTCAAGGTAG,0,2454352
mhpRp1,0.3333333333333333,2,2,GTTTTAGGGAAGTTTACCGT,0,2441836
mhpRp1,0.3333333333333333,2,2,GTTTGTAGGGGGTAGACGTA,0,2424689
mhpRp1,0.3333333333333333,2,2,GTTTGTAATGCGAAAACCGT,0,2437337
mhpRp1,0.3333333333333333,2,2,GTTTGGCTCGTGGGGTCATA,0,2474007
mhpRp1,0.3333333333333333,2,2,GTTTGGCAGCTGGCAAAGTG,0,2461409
mhpRp1,0.3333333333333333,2,2,GTTTCATGCGTCCTTAAATT,0,2457527
mhpRp1,0.3333333333333333,2,2,GTTTCAAGCCGCCCGGAGAC,0,2463687
mhpRp1,0.3333333333333333,2,2,GTTTAGGGGCGTCCCCCTAA,0,2445692
mhpRp1,0.3333333333333333,2,2,GTTGTTGATACGAGTATAAT,0,2472195
mhpRp1,0.3333333333333333,2,2,GTTGTGCTGAGGTGTAGTGA,0,2436468
mhpRp1,0.3333333333333333,2,2,GTTGTGCAACCTTGGTCTAT,0,2427418
mhpRp1,0.3333333333333333,2,2,GTTGTAGGATAGCCGCCCAA,0,2443301
mhpRp1,0.3333333333333333,2,2,GTTCGGCGTCTTCGGGTTAT,0,2456434
mhpRp1,0.3333333333333333,2,2,GTTCCGGGCGAATCGGTGAC,0,2474171
mhpRp1,0.3333333333333333,2,2,GTTCCCAAATTCTTCAAGTT,0,2426661
mhpRp1,0.3333333333333333,2,2,GTTCCACGCCTGAGGTCTAG,0,2476680
mhpRp1,0.3333333333333333,2,2,GTTCAAATGACTGGCATCAC,0,2428914
mhpRp1,0.3333333333333333,2,2,GTTACCCCTGGACTCCTCAA,0,2459763
mhpRp1,0.3333333333333333,2,2,GTTACAAGCTCGACAAGGTA,0,2463949
mhpRp1,0.3333333333333333,2,2,GTTACAAGAGCGGACGCGAA,0,2436570
mhpRp1,0.3333333333333333,2,2,GTTAACTACATTTGGTCCTA,0,2437398
mhpRp1,0.3333333333333333,2,2,GTTAACCTCCGTCTCTATAC,0,2444554
mhpRp1,0.3333333333333333,2,2,GTGTTTACACGACGGACAAA,0,2447114
mhpRp1,0.3333333333333333,2,2,GTGTTGGTACATTCTCAGGC,0,2461970
mhpRp1,0.3333333333333333,2,2,GTGTTGGATCTTTGGTATTA,0,2464908
mhpRp1,0.3333333333333333,2,2,GTGTTAAACGTAAACTTACA,0,2475525
mhpRp1,0.3333333333333333,2,2,GTGTGTGCAGAATGCTTGGC,0,2468301
mhpRp1,0.3333333333333333,2,2,GTGTGGGCTAATGCGATACA,0,2444658
mhpRp1,0.3333333333333333,2,2,GTGTCTGTCAACCTTAAAAG,0,2428043
mhpRp1,0.3333333333333333,2,2,GTGTATCATACAATCGGGGG,0,2465832
mhpRp1,0.3333333333333333,2,2,GTGGTGAGAGGAAAACACTA,0,2471532
mhpRp1,0.3333333333333333,2,2,GTGGTATGGCTTCTAATTGT,0,2441983
mhpRp1,0.3333333333333333,2,2,GTGGTAGAGCACGGACATAC,0,2440736
mhpRp1,0.3333333333333333,2,2,GTGGGATCCTATGTCGTCTC,0,2441491
mhpRp1,0.3333333333333333,2,2,GTGGGAGCCGGGCCGTGCTG,0,2469965
mhpRp1,0.3333333333333333,2,2,GTGGGAAAATGTGAATCTAC,0,2440288
mhpRp1,0.3333333333333333,2,2,GTGGCGGTTGGAGCCAATCT,0,2462891
mhpRp1,0.3333333333333333,2,2,GTGGCCGTCAGTATCAACGA,0,2466780
mhpRp1,0.3333333333333333,2,2,GTGGCCGATGAGGGCAATGT,0,2423909
mhpRp1,0.3333333333333333,2,2,GTGGACTGTGTCAACACTCC,0,2479549
mhpRp1,0.3333333333333333,2,2,GTGGACACGTGCTAGTAGAT,0,2474975
mhpRp1,0.3333333333333333,2,2,GTGGAATCAAGACCTTGCTG,0,2451901
mhpRp1,0.3333333333333333,2,2,GTGGAACATTTGGGAGAATC,0,2474105
mhpRp1,0.3333333333333333,2,2,GTGCTGTCTGACTTGAGACC,0,2453167
mhpRp1,0.3333333333333333,2,2,GTGCGCTAGAATTGTACTCT,0,2434866
mhpRp1,0.3333333333333333,2,2,GTGCGCACGTCCTTGACTTG,0,2474760
mhpRp1,0.3333333333333333,2,2,GTGCGAACCACTTTGGCGGG,0,2448978
mhpRp1,0.3333333333333333,2,2,GTGCATTCAAACCCTATCGT,0,2456150
mhpRp1,0.3333333333333333,2,2,GTGCAGTGCTGTCGATGCTC,0,2425051
mhpRp1,0.3333333333333333,2,2,GTGATTAGTCAACGAGATTT,0,2423992
mhpRp1,0.3333333333333333,2,2,GTGAGGTCACAGTGTTGGGG,0,2426068
mhpRp1,0.3333333333333333,2,2,GTGACTATGGCCACACGTGA,0,2440003
mhpRp1,0.3333333333333333,2,2,GTGACGAAGCCGGTCCTACA,0,2441910
mhpRp1,0.3333333333333333,2,2,GTGACACTCTTACCCCAGCT,0,2463500
mhpRp1,0.3333333333333333,2,2,GTCTTTTCTTAGGGAGAAGT,0,2442721
mhpRp1,0.3333333333333333,2,2,GTCTGGGTTCCTACAGACAC,0,2476821
mhpRp1,0.3333333333333333,2,2,GTCTCTTCAATTTACTAAAT,0,2469424
mhpRp1,0.3333333333333333,2,2,GTCTCGTCGCGTGGAACACT,0,2475613
mhpRp1,0.3333333333333333,2,2,GTCTCGCGTGTGTGCATCTG,0,2455086
mhpRp1,0.3333333333333333,2,2,GTCTAAAGTGCCGAATCATT,0,2465207
mhpRp1,0.3333333333333333,2,2,GTCGTTGGCCACTATACAGA,0,2428512
mhpRp1,0.3333333333333333,2,2,GTCGGTACCGCATCTGTGAG,0,2428863
mhpRp1,0.3333333333333333,2,2,GTCGGGTCTTAGTTAAAAGC,0,2430340
mhpRp1,0.3333333333333333,2,2,GTCGAGGTCAAAGAACCTCA,0,2456937
mhpRp1,0.3333333333333333,2,2,GTCCTGCTGATGTTAACTAA,0,2454005
mhpRp1,0.3333333333333333,2,2,GTCCGCCAGACGCCATCACG,0,2470256
mhpRp1,0.3333333333333333,2,2,GTCCCTTAAAACCGGGACAT,0,2439032
mhpRp1,0.3333333333333333,2,2,GTCCCGCCCTTCTCTCTATG,0,2423837
mhpRp1,0.3333333333333333,2,2,GTCCCCCTAAGCATAAACGT,0,2425212
mhpRp1,0.3333333333333333,2,2,GTCATGAATAATCGGGTGAA,0,2436345
mhpRp1,0.3333333333333333,2,2,GTCATAGGGGTGCATGAACA,0,2430473
mhpRp1,0.3333333333333333,2,2,GTCATACGCCGAATAAGAAT,0,2437069
mhpRp1,0.3333333333333333,2,2,GTCAGTGCATTTGTTTGACC,0,2440200
mhpRp1,0.3333333333333333,2,2,GTCAGTCACGGTACTACCCA,0,2477614
mhpRp1,0.3333333333333333,2,2,GTCAGTAATGCTCTGGTTCT,0,2446254
mhpRp1,0.3333333333333333,2,2,GTCAGGCCTGTTTATTGACG,0,2465317
mhpRp1,0.3333333333333333,2,2,GTCAGCTGTAAGAGTTGGAA,0,2459327
mhpRp1,0.3333333333333333,2,2,GTCAGACAATTTAGTAGGTA,0,2428392
mhpRp1,0.3333333333333333,2,2,GTCAACGGTAAACACGTTAG,0,2453876
mhpRp1,0.3333333333333333,2,2,GTATTGATTGTCATCAGTCG,0,2437500
mhpRp1,0.3333333333333333,2,2,GTATGGCTCTCCTCCTGTTC,0,2466052
mhpRp1,0.3333333333333333,2,2,GTATGGCCCCACGTGGACGT,0,2471690
mhpRp1,0.3333333333333333,2,2,GTATCGCTGTCAAGAGGCAA,0,2433598
mhpRp1,0.3333333333333333,2,2,GTATCCCCTAACATCCCCGG,0,2425634
mhpRp1,0.3333333333333333,2,2,GTATCCACGGCCTGAGTGTA,0,2434655
mhpRp1,0.3333333333333333,2,2,GTATCAACTGCATAGACAGC,0,2454383
mhpRp1,0.3333333333333333,2,2,GTATACACGTCCGGATAGGG,0,2444754
mhpRp1,0.3333333333333333,2,2,GTAGTCCATACAAGGTTGCT,0,2431852
mhpRp1,0.3333333333333333,2,2,GTAGGCTCGCTTTACTAGAA,0,2450078
mhpRp1,0.3333333333333333,2,2,GTAGATATTCTAAGTGATGC,0,2433445
mhpRp1,0.3333333333333333,2,2,GTACTTCGGTCCTAAACTCG,0,2441142
mhpRp1,0.3333333333333333,2,2,GTACTATTCCCAGCGGTACT,0,2464755
mhpRp1,0.3333333333333333,2,2,GTACGTTAAGATTCTGCCAC,0,2440796
mhpRp1,0.3333333333333333,2,2,GTACCTTTATGGGCAGTTCC,0,2429916
mhpRp1,0.3333333333333333,2,2,GTAATTCATGGATGATTGAT,0,2446589
mhpRp1,0.3333333333333333,2,2,GTAATAAAATGTCGTTAACT,0,2423989
mhpRp1,0.3333333333333333,2,2,GTAAGAACTAGACGGGTACA,0,2478242
mhpRp1,0.3333333333333333,2,2,GTAAAGTCAGTTGCCATCTC,0,2428073
mhpRp1,0.3333333333333333,2,2,GTAAACAGAAAGACTAAAAT,0,2457188
mhpRp1,0.3333333333333333,2,2,GGTTTTCATAATAAAAGAGC,0,2464562
mhpRp1,0.3333333333333333,2,2,GGTTTGCCCCCCAGGTCCCT,0,2449351
mhpRp1,0.3333333333333333,2,2,GGTTGTGCTTCTACAGTTTA,0,2476379
mhpRp1,0.3333333333333333,2,2,GGTTGTAATAGTTCGGTGGA,0,2460346
mhpRp1,0.3333333333333333,2,2,GGTTGGGAGCGTGCCAATTC,0,2447678
mhpRp1,0.3333333333333333,2,2,GGTTGCACGACAAAGTCTCA,0,2466852
mhpRp1,0.3333333333333333,2,2,GGTTCCTTGAAAGAGCTGCG,0,2460936
mhpRp1,0.3333333333333333,2,2,GGTTACTCCTTCAGTGGCTG,0,2441257
mhpRp1,0.3333333333333333,2,2,GGTGTACATCCATAGAGCGG,0,2442381
mhpRp1,0.3333333333333333,2,2,GGTGCGGAGAATCCGTACGT,0,2457976
mhpRp1,0.3333333333333333,2,2,GGTGATATATAAAGCGGATA,0,2453959
mhpRp1,0.3333333333333333,2,2,GGTGACGCCATGAGAGGGGA,0,2457431
mhpRp1,0.3333333333333333,2,2,GGTCTGACGTGAATTGGATG,0,2452102
mhpRp1,0.3333333333333333,2,2,GGTCTCCAACTTCGATCTTT,0,2425795
mhpRp1,0.3333333333333333,2,2,GGTCCGCCCTTTAGAGAATG,0,2457745
mhpRp1,0.3333333333333333,2,2,GGTCAATTCTTAACTTCAGG,0,2463788
mhpRp1,0.3333333333333333,2,2,GGTCAATGACAAGAAGTGGT,0,2440911
mhpRp1,0.3333333333333333,2,2,GGTATCTGGGCAGGTGAGTA,0,2435032
mhpRp1,0.3333333333333333,2,2,GGTATAATTAGAACCGACAT,0,2440046
mhpRp1,0.3333333333333333,2,2,GGTAGTTGTGCGATTACCAT,0,2428599
mhpRp1,0.3333333333333333,2,2,GGTAGCCCGGGGACCCGCTC,0,2474696
mhpRp1,0.3333333333333333,2,2,GGTAGATTAAACTGGGATTC,0,2442714
mhpRp1,0.3333333333333333,2,2,GGTACTTCCGGAGTGTTCAT,0,2442198
mhpRp1,0.3333333333333333,2,2,GGTACGCGCTCGCATTCTTC,0,2458978
mhpRp1,0.3333333333333333,2,2,GGTACCCCTACAGGATCCCT,0,2464825
mhpRp1,0.3333333333333333,2,2,GGTAAGGAGTGCTAGTTGGT,0,2462062
mhpRp1,0.3333333333333333,2,2,GGTAACTCGTCTCTAGTTTG,0,2429011
mhpRp1,0.3333333333333333,2,2,GGGTTTCACATTCGGTACGA,0,2433263
mhpRp1,0.3333333333333333,2,2,GGGTTTAAGAGGTACAACGT,0,2464503
mhpRp1,0.3333333333333333,2,2,GGGTTGTAGTTGTGGAGTTG,0,2452552
mhpRp1,0.3333333333333333,2,2,GGGTTGTAGTCGCTGTTGCT,0,2441092
mhpRp1,0.3333333333333333,2,2,GGGTTGAGTGCTTGACCCTA,0,2441944
mhpRp1,0.3333333333333333,2,2,GGGTGTTGTCGGGCACATGA,0,2467350
mhpRp1,0.3333333333333333,2,2,GGGTGTGAGTACTGTACCAT,0,2425403
mhpRp1,0.3333333333333333,2,2,GGGTGCGTAAGTAAACGTAT,0,2458355
mhpRp1,0.3333333333333333,2,2,GGGTGCGGTACTTCGATTGA,0,2469846
mhpRp1,0.3333333333333333,2,2,GGGGTGTGACCTCCGGCGTG,0,2425526
mhpRp1,0.3333333333333333,2,2,GGGGTCAATAGAGGTCTAAG,0,2472505
mhpRp1,0.3333333333333333,2,2,GGGGGTACCTTCAAATGGAA,0,2476114
mhpRp1,0.3333333333333333,2,2,GGGGGCGGATATAGCAAGTC,0,2477618
mhpRp1,0.3333333333333333,2,2,GGGGGATCGCGTCGGCGGGC,0,2478247
mhpRp1,0.3333333333333333,2,2,GGGGGAGAGTCTTCTTCCGA,0,2429405
mhpRp1,0.3333333333333333,2,2,GGGGCGTTCTTTCCCAGCAG,0,2425291
mhpRp1,0.3333333333333333,2,2,GGGGACTCCTACCGCTTGTG,0,2437116
mhpRp1,0.3333333333333333,2,2,GGGCTTTCGCTATCCTACAC,0,2469346
mhpRp1,0.3333333333333333,2,2,GGGCTTGAACTTGCGATATC,0,2432378
mhpRp1,0.3333333333333333,2,2,GGGCTGTAACCCGGCACTGG,0,2451751
mhpRp1,0.3333333333333333,2,2,GGGCTAAGTTCCTTGAAGTT,0,2474745
mhpRp1,0.3333333333333333,2,2,GGGCGTGATTTGTTCACTCT,0,2468148
mhpRp1,0.3333333333333333,2,2,GGGCGCCTATGGATACACCA,0,2452194
mhpRp1,0.3333333333333333,2,2,GGGCATTAATGGAGATGTAA,0,2424736
mhpRp1,0.3333333333333333,2,2,GGGCATCAGCTCCTATTTAG,0,2452783
mhpRp1,0.3333333333333333,2,2,GGGCAGTGACGGCACCGATA,0,2438475
mhpRp1,0.3333333333333333,2,2,GGGCAGCCAAGTGGGAACGA,0,2465373
mhpRp1,0.3333333333333333,2,2,GGGCAGCATCCAGCCTCAAG,0,2439888
mhpRp1,0.3333333333333333,2,2,GGGCAGCAGTTTACGTGCCC,0,2430131
mhpRp1,0.3333333333333333,2,2,GGGCAAGGTCAGCAGGACCA,0,2468952
mhpRp1,0.3333333333333333,2,2,GGGCAAGCATCCTCATAAAA,0,2430483
mhpRp1,0.3333333333333333,2,2,GGGATTGCTCGTAAAAAGCA,0,2468424
mhpRp1,0.3333333333333333,2,2,GGGATCCACCCTTGGAAGGC,0,2424924
mhpRp1,0.3333333333333333,2,2,GGGATATAGAACCTGGTGTA,0,2450682
mhpRp1,0.3333333333333333,2,2,GGGAGATCGGCAGCACCAGG,0,2446841
mhpRp1,0.3333333333333333,2,2,GGGACGTCGCAGCCAATATA,0,2430363
mhpRp1,0.3333333333333333,2,2,GGGAACTGTATGGGGAGCTA,0,2464308
mhpRp1,0.3333333333333333,2,2,GGGAAAATGAAGAGAGCATT,0,2463768
mhpRp1,0.3333333333333333,2,2,GGCTGAGTGACATGGAAGGG,0,2464964
mhpRp1,0.3333333333333333,2,2,GGCTCTACTCCAGCAATCAC,0,2479042
mhpRp1,0.3333333333333333,2,2,GGCTCGCAGCAATTGGAACG,0,2464577
mhpRp1,0.3333333333333333,2,2,GGCTCCAATGGGCGACCAGG,0,2461882
mhpRp1,0.3333333333333333,2,2,GGCTCAGGCAGCACGAGTTT,0,2479407
mhpRp1,0.3333333333333333,2,2,GGCTATTTGGAGCCCTGTGC,0,2427024
mhpRp1,0.3333333333333333,2,2,GGCGGTCCTATCACAGCGCA,0,2434902
mhpRp1,0.3333333333333333,2,2,GGCGGCGTAGGGCCTCGGCA,0,2470746
mhpRp1,0.3333333333333333,2,2,GGCGCGGTGGCCAACTCCAG,0,2449410
mhpRp1,0.3333333333333333,2,2,GGCGCGACTTGATAGTCGGG,0,2464496
mhpRp1,0.3333333333333333,2,2,GGCCTTATTGTGACTTCGTG,0,2436243
mhpRp1,0.3333333333333333,2,2,GGCCTCCCCAGAAAGTGGGT,0,2434140
mhpRp1,0.3333333333333333,2,2,GGCCTCACCGCTCAGGTCAA,0,2466846
mhpRp1,0.3333333333333333,2,2,GGCCGCGAAAGCCTTCGTAT,0,2476381
mhpRp1,0.3333333333333333,2,2,GGCCCTTGCGACCCAATACT,0,2469343
mhpRp1,0.3333333333333333,2,2,GGCCCCGAGGAGACTATCAC,0,2444809
mhpRp1,0.3333333333333333,2,2,GGCCAAAGGGTCCGCCGGCG,0,2432426
mhpRp1,0.3333333333333333,2,2,GGCAGGCCTTGGATCTTGTG,0,2451530
mhpRp1,0.3333333333333333,2,2,GGCAGCCCAATATTGCGTCA,0,2445226
mhpRp1,0.3333333333333333,2,2,GGCACGGAGGGTGCCGCTGA,0,2430508
mhpRp1,0.3333333333333333,2,2,GGCACCCTTGATGACCGTAG,0,2426069
mhpRp1,0.3333333333333333,2,2,GGCACAACAAGCAGTATGCA,0,2435299
mhpRp1,0.3333333333333333,2,2,GGATTCGGGGTACTACTTGA,0,2424033
mhpRp1,0.3333333333333333,2,2,GGATTATGAGTCAGGATGTT,0,2440067
mhpRp1,0.3333333333333333,2,2,GGATTATAAACTTTCTCTCC,0,2467953
mhpRp1,0.3333333333333333,2,2,GGATCGTTACTCCACTGCTG,0,2437523
mhpRp1,0.3333333333333333,2,2,GGATCGAAATTCAGGACGGT,0,2475605
mhpRp1,0.3333333333333333,2,2,GGATATTTGGACCCCATGAT,0,2427194
mhpRp1,0.3333333333333333,2,2,GGAGTGTGTCGGCGTTCCCC,0,2469843
mhpRp1,0.3333333333333333,2,2,GGAGTCACTATATAATGACT,0,2425726
mhpRp1,0.3333333333333333,2,2,GGAGTAGCACAACGACAATT,0,2449263
mhpRp1,0.3333333333333333,2,2,GGAGGCTTTCCGACACATGT,0,2452557
mhpRp1,0.3333333333333333,2,2,GGAGCAGGAAATAGTTGAAC,0,2476485
mhpRp1,0.3333333333333333,2,2,GGAGATGGAACGTTACTCAA,0,2443265
mhpRp1,0.3333333333333333,2,2,GGACTGCCGGTATTACTTGA,0,2442282
mhpRp1,0.3333333333333333,2,2,GGACTGCCCAATCGGCTACA,0,2475172
mhpRp1,0.3333333333333333,2,2,GGACGTATCGACGGCACGTA,0,2432404
mhpRp1,0.3333333333333333,2,2,GGACGCAAGCATCCATCAAG,0,2442784
mhpRp1,0.3333333333333333,2,2,GGACCATCTCACTGGGTTAA,0,2435520
mhpRp1,0.3333333333333333,2,2,GGACAGAGCCGGACACCCCT,0,2424042
mhpRp1,0.3333333333333333,2,2,GGACAGACGGATTCCCAAAC,0,2436886
mhpRp1,0.3333333333333333,2,2,GGACAACAGGAGGCCCAAAG,0,2470070
mhpRp1,0.3333333333333333,2,2,GGAATTTAACTCAGTGCACT,0,2425063
mhpRp1,0.3333333333333333,2,2,GGAAGGGTAATTGAACGGGT,0,2424232
mhpRp1,0.3333333333333333,2,2,GGAACTGCTCTCAAGCCTGA,0,2448701
mhpRp1,0.3333333333333333,2,2,GGAACGATGCACAAAATGGT,0,2475687
mhpRp1,0.3333333333333333,2,2,GGAAACCTCCACGGTGAGGG,0,2443175
mhpRp1,0.3333333333333333,2,2,GGAAAATGAGTTATGACATT,0,2467782
mhpRp1,0.3333333333333333,2,2,GCTTTTCCTAGTACTGGTAT,0,2475456
mhpRp1,0.3333333333333333,2,2,GCTTTCGCTTGGCAATCCTG,0,2475278
mhpRp1,0.3333333333333333,2,2,GCTTGCCCTTTTGGGGACCC,0,2447201
mhpRp1,0.3333333333333333,2,2,GCTGTCCCATCTCAGTTTCC,0,2474757
mhpRp1,0.3333333333333333,2,2,GCTGGTTGCTGTACTTTTCT,0,2432640
mhpRp1,0.3333333333333333,2,2,GCTGGCGTCCGAATTACACC,0,2438704
mhpRp1,0.3333333333333333,2,2,GCTGACCGGCCGGTGGCGGG,0,2460567
mhpRp1,0.3333333333333333,2,2,GCTCGTTTCACGCCGGAAAT,0,2438122
mhpRp1,0.3333333333333333,2,2,GCTCGTTCCCCCAAGACAGG,0,2438739
mhpRp1,0.3333333333333333,2,2,GCTCGGTAAGAGAATTTTAT,0,2434016
mhpRp1,0.3333333333333333,2,2,GCTCGGACTTGGGCGGTGCA,0,2430282
mhpRp1,0.3333333333333333,2,2,GCTCGGACCAGTATGAGGGT,0,2426877
mhpRp1,0.3333333333333333,2,2,GCTCAGTTGAGGCAGCACTC,0,2468194
mhpRp1,0.3333333333333333,2,2,GCTATGGAGATAGACAGGGG,0,2446856
mhpRp1,0.3333333333333333,2,2,GCTAGTGTACGCTCGCTTGC,0,2453212
mhpRp1,0.3333333333333333,2,2,GCTAGCTTCGCGTGTCTTTA,0,2459972
mhpRp1,0.3333333333333333,2,2,GCTAATATGTCTCAGGGACT,0,2457176
mhpRp1,0.3333333333333333,2,2,GCTAAACGGAGACCATTTAT,0,2477946
mhpRp1,0.3333333333333333,2,2,GCGTTACTCCCCCTTGCTCC,0,2439854
mhpRp1,0.3333333333333333,2,2,GCGTGGTAATCAATGGGTTA,0,2436553
mhpRp1,0.3333333333333333,2,2,GCGTGGAAGCCGGGTCCAGG,0,2431202
mhpRp1,0.3333333333333333,2,2,GCGTGACTATTGAAAGGTTT,0,2442390
mhpRp1,0.3333333333333333,2,2,GCGTCCCGTGATTCTTGCCA,0,2438965
mhpRp1,0.3333333333333333,2,2,GCGTACGCCGTCCAGTTACT,0,2465699
mhpRp1,0.3333333333333333,2,2,GCGTAACGATCCGCATCAGG,0,2463970
mhpRp1,0.3333333333333333,2,2,GCGGTGGGCCGGACGGGCTG,0,2478921
mhpRp1,0.3333333333333333,2,2,GCGGGTGCACAGTAATTGTG,0,2426668
mhpRp1,0.3333333333333333,2,2,GCGGGGGGTCCTTCCCGAAT,0,2425440
mhpRp1,0.3333333333333333,2,2,GCGGGCTAAGGGTTGAACTT,0,2462289
mhpRp1,0.3333333333333333,2,2,GCGGGAGCGAATGGGCAGTC,0,2463701
mhpRp1,0.3333333333333333,2,2,GCGGGAGAGGCAGGCTGGTC,0,2457272
mhpRp1,0.3333333333333333,2,2,GCGGCACAACCCTGCCTCCC,0,2445234
mhpRp1,0.3333333333333333,2,2,GCGGCAAGGTGTAATCTACA,0,2457380
mhpRp1,0.3333333333333333,2,2,GCGGCAACAGGGGACTGTAT,0,2474775
mhpRp1,0.3333333333333333,2,2,GCGGAGTTTAGCCGATCTAG,0,2460371
mhpRp1,0.3333333333333333,2,2,GCGCGCTTCTTACTATAACT,0,2455951
mhpRp1,0.3333333333333333,2,2,GCGCGCAAACGAGAACATCT,0,2423833
mhpRp1,0.3333333333333333,2,2,GCGCCTATCGGAAATCGTTA,0,2440141
mhpRp1,0.3333333333333333,2,2,GCGCCCGCGGGGGAAGTCCG,0,2424639
mhpRp1,0.3333333333333333,2,2,GCGCATCTTCTACTTGCATT,0,2441595
mhpRp1,0.3333333333333333,2,2,GCGCACTATCGCTTTCGAGG,0,2431816
mhpRp1,0.3333333333333333,2,2,GCGCAATCTTACCAAATCTT,0,2448459
mhpRp1,0.3333333333333333,2,2,GCGATGATATAGGTGCCTGA,0,2427724
mhpRp1,0.3333333333333333,2,2,GCGATAGGTTAGTAAAGATA,0,2424388
mhpRp1,0.3333333333333333,2,2,GCGAGCAGGGCTACTGACCT,0,2440898
mhpRp1,0.3333333333333333,2,2,GCGACTACATGCTGAGACCG,0,2468073
mhpRp1,0.3333333333333333,2,2,GCCTTCTGGTCAGGATCGCA,0,2427444
mhpRp1,0.3333333333333333,2,2,GCCTTCTGGGCTTATGTCAT,0,2472226
mhpRp1,0.3333333333333333,2,2,GCCTGTGTGTATACACTTGC,0,2437299
mhpRp1,0.3333333333333333,2,2,GCCTGATACCAGACAAGCTT,0,2428143
mhpRp1,0.3333333333333333,2,2,GCCTATGTCGGTCAGAGCGT,0,2474083
mhpRp1,0.3333333333333333,2,2,GCCTATCTGCACACATGTTA,0,2436883
mhpRp1,0.3333333333333333,2,2,GCCGCTCATAGGAATCGCAG,0,2453664
mhpRp1,0.3333333333333333,2,2,GCCGCTCAAGAGTACCGACA,0,2461038
mhpRp1,0.3333333333333333,2,2,GCCGCCCTAATGGGTTGCAT,0,2425136
mhpRp1,0.3333333333333333,2,2,GCCGCAATGATTCATAGATA,0,2470661
mhpRp1,0.3333333333333333,2,2,GCCGAGAATTTGGACTGTTG,0,2436391
mhpRp1,0.3333333333333333,2,2,GCCGACTTACCTACACAGAA,0,2455875
mhpRp1,0.3333333333333333,2,2,GCCCTGGGGCGTTGCCACTC,0,2456084
mhpRp1,0.3333333333333333,2,2,GCCCTAACGAGGCACAGCTA,0,2456347
mhpRp1,0.3333333333333333,2,2,GCCCGTCACGAAACAGATGT,0,2453295
mhpRp1,0.3333333333333333,2,2,GCCCCGAATCGTCAGAGGGA,0,2441979
mhpRp1,0.3333333333333333,2,2,GCCCCCTCATCATTAAAGCA,0,2467211
mhpRp1,0.3333333333333333,2,2,GCCCAATGTCCCCTTCTCTC,0,2445851
mhpRp1,0.3333333333333333,2,2,GCCCAAGAGACTCGGCACAC,0,2464106
mhpRp1,0.3333333333333333,2,2,GCCCAAAGCTAGCAAACTTG,0,2434439
mhpRp1,0.3333333333333333,2,2,GCCATTGTGTCTCCAGAGTG,0,2461905
mhpRp1,0.3333333333333333,2,2,GCCATCTCGCCTCGGTATAC,0,2430323
mhpRp1,0.3333333333333333,2,2,GCCAGCTTGCACATGGGCCA,0,2458829
mhpRp1,0.3333333333333333,2,2,GCCAGCGATGCCCTTGGCAG,0,2454670
mhpRp1,0.3333333333333333,2,2,GCCAAGCGGCATGCACCGGC,0,2446260
mhpRp1,0.3333333333333333,2,2,GCCAACGTGGCTCCACTAAT,0,2470782
mhpRp1,0.3333333333333333,2,2,GCATTCTGAAATAACTCGGT,0,2466784
mhpRp1,0.3333333333333333,2,2,GCATGGCGTGTATTGAACAG,0,2449206
mhpRp1,0.3333333333333333,2,2,GCATGCTGGTGACGGCCAGC,0,2429499
mhpRp1,0.3333333333333333,2,2,GCATGATAACAGCTACCAAG,0,2446081
mhpRp1,0.3333333333333333,2,2,GCATGAAAGCGCATGTGATT,0,2462903
mhpRp1,0.3333333333333333,2,2,GCATCCAGTTAGAGACGTCA,0,2455464
mhpRp1,0.3333333333333333,2,2,GCATCAAGGGAGAACGAGCA,0,2460756
mhpRp1,0.3333333333333333,2,2,GCATATTCTAGGGTATCGGT,0,2423977
mhpRp1,0.3333333333333333,2,2,GCATATTACCCGATCGTAGC,0,2453515
mhpRp1,0.3333333333333333,2,2,GCATAGCATTACACAACCTT,0,2474472
mhpRp1,0.3333333333333333,2,2,GCATACAGCTATCCTATGTA,0,2426613
mhpRp1,0.3333333333333333,2,2,GCATAAAAGTCGATCCAGTT,0,2478353
mhpRp1,0.3333333333333333,2,2,GCAGTTGTGCGCAACCCATT,0,2460432
mhpRp1,0.3333333333333333,2,2,GCAGTACCGAGATTCGTGGG,0,2473143
mhpRp1,0.3333333333333333,2,2,GCAGGGCCGCAGTACGCGCC,0,2474173
mhpRp1,0.3333333333333333,2,2,GCAGGACGGATCAACCCTGT,0,2467088
mhpRp1,0.3333333333333333,2,2,GCAGCTGACGCGGAACATGT,0,2425301
mhpRp1,0.3333333333333333,2,2,GCAGACCCACGTTAGTGGGT,0,2429170
mhpRp1,0.3333333333333333,2,2,GCAGAACCTCCCGACCTGTT,0,2433294
mhpRp1,0.3333333333333333,2,2,GCACTTCTTCTCTCTGCCGA,0,2424057
mhpRp1,0.3333333333333333,2,2,GCACTTCTCCGGGCGGGTGA,0,2439611
mhpRp1,0.3333333333333333,2,2,GCACTGGACCGTATGGCTCT,0,2445852
mhpRp1,0.3333333333333333,2,2,GCACCGGCACTTTTGAATCC,0,2437775
mhpRp1,0.3333333333333333,2,2,GCACATCATGCCTGACGAAG,0,2478752
mhpRp1,0.3333333333333333,2,2,GCACACTCAGGGACCGGCAC,0,2468422
mhpRp1,0.3333333333333333,2,2,GCACAAAGTGCTTGGGCCAC,0,2448588
mhpRp1,0.3333333333333333,2,2,GCAATTAGAGACTTGTGACA,0,2478718
mhpRp1,0.3333333333333333,2,2,GCAAGGCTTAAAGCAGTTCA,0,2440292
mhpRp1,0.3333333333333333,2,2,GCAACTCAGCACTGAGCCAC,0,2450726
mhpRp1,0.3333333333333333,2,2,GCAAACAGTCAACACGAATC,0,2427231
mhpRp1,0.3333333333333333,2,2,GATTTTGATGGATAGGCTCT,0,2451925
mhpRp1,0.3333333333333333,2,2,GATTTGGACGCAGGCAATGG,0,2468049
mhpRp1,0.3333333333333333,2,2,GATTTCGTCCACGGTAATTT,0,2471208
mhpRp1,0.3333333333333333,2,2,GATTGGGTTGCTCATACCTC,0,2471811
mhpRp1,0.3333333333333333,2,2,GATTGGGGCAGCGGTCGTTG,0,2460191
mhpRp1,0.3333333333333333,2,2,GATTGGGGATATGACTCACG,0,2459998
mhpRp1,0.3333333333333333,2,2,GATTGGACCAGGGGGTGGGC,0,2461260
mhpRp1,0.3333333333333333,2,2,GATTGAGTTCCATACGCCAT,0,2440361
mhpRp1,0.3333333333333333,2,2,GATTCGGCTTTTACATTCTA,0,2478553
mhpRp1,0.3333333333333333,2,2,GATTCAGGGAATCACTGCCT,0,2449627
mhpRp1,0.3333333333333333,2,2,GATTAATAAAGAGTTGGCTG,0,2442477
mhpRp1,0.3333333333333333,2,2,GATGTTGTAAGCGCTCACTG,0,2458616
mhpRp1,0.3333333333333333,2,2,GATGTTAGCTAAGCAGCTGC,0,2466331
mhpRp1,0.3333333333333333,2,2,GATGCTTGTATGACCTGTGG,0,2438516
mhpRp1,0.3333333333333333,2,2,GATGCGGAACACACTTCAAG,0,2477134
mhpRp1,0.3333333333333333,2,2,GATGCGAAATATGGATTGGA,0,2442658
mhpRp1,0.3333333333333333,2,2,GATGAGGTACAACCTAGGAC,0,2423821
mhpRp1,0.3333333333333333,2,2,GATGAGATGTAGCAGCGCTC,0,2454535
mhpRp1,0.3333333333333333,2,2,GATCAGTCAAGTCCGCGTAA,0,2463603
mhpRp1,0.3333333333333333,2,2,GATCAGCCTGAGAGTTAGCA,0,2459560
mhpRp1,0.3333333333333333,2,2,GATAGTAACAAAGTACCCGG,0,2450736
mhpRp1,0.3333333333333333,2,2,GATAGGTGGTTTTAATATCT,0,2445229
mhpRp1,0.3333333333333333,2,2,GATAGATTCAGAGTCCATTT,0,2462374
mhpRp1,0.3333333333333333,2,2,GATAGAAGGTTCTCCAATTA,0,2438652
mhpRp1,0.3333333333333333,2,2,GATAAGTCCCGGGAATATTC,0,2429621
mhpRp1,0.3333333333333333,2,2,GAGTTTAAATCAAGACATTA,0,2429732
mhpRp1,0.3333333333333333,2,2,GAGTTAGTTTTCTACGAAAT,0,2462479
mhpRp1,0.3333333333333333,2,2,GAGTCCGGGCGTTCGCCCAC,0,2458675
mhpRp1,0.3333333333333333,2,2,GAGTCATTGTCATAAAGGTG,0,2467840
mhpRp1,0.3333333333333333,2,2,GAGTAACATCTCCTAATGTA,0,2424125
mhpRp1,0.3333333333333333,2,2,GAGGTCTTTCGCGAAAACGG,0,2436065
mhpRp1,0.3333333333333333,2,2,GAGGGGGAGGCGCCAAACAG,0,2439829
mhpRp1,0.3333333333333333,2,2,GAGGGGCCTAATTAAACAAA,0,2462637
mhpRp1,0.3333333333333333,2,2,GAGGGCCGCTAGATTCTCGA,0,2459938
mhpRp1,0.3333333333333333,2,2,GAGGCTGGCACCACCTCCTA,0,2465535
mhpRp1,0.3333333333333333,2,2,GAGGATTTTCATAGGTCAAA,0,2445404
mhpRp1,0.3333333333333333,2,2,GAGCTTTTGAGTCCTGCCCT,0,2451696
mhpRp1,0.3333333333333333,2,2,GAGCTCCAAGGGCCAGTTTC,0,2469302
mhpRp1,0.3333333333333333,2,2,GAGCGTTACTGGCGTTTACT,0,2468175
mhpRp1,0.3333333333333333,2,2,GAGCGAGGACTCCGCGACGA,0,2462071
mhpRp1,0.3333333333333333,2,2,GAGCCCCACGTCGGCGCTGC,0,2444905
mhpRp1,0.3333333333333333,2,2,GAGCAGTATCAACGAAATCA,0,2452998
mhpRp1,0.3333333333333333,2,2,GAGCAAGATTTCGAGCCCCG,0,2456976
mhpRp1,0.3333333333333333,2,2,GAGCAACCGTACACGACTCA,0,2465751
mhpRp1,0.3333333333333333,2,2,GAGATAGTGCACGGGATCGA,0,2475305
mhpRp1,0.3333333333333333,2,2,GAGAGTAGCTCGCAAGTTCT,0,2453529
mhpRp1,0.3333333333333333,2,2,GAGAGCATCACTTACCCGGG,0,2437735
mhpRp1,0.3333333333333333,2,2,GAGACCTACCGTCGTACGCT,0,2455423
mhpRp1,0.3333333333333333,2,2,GAGAATAAATTCCCTCCTAG,0,2450790
mhpRp1,0.3333333333333333,2,2,GACTCGAATGCAAAAGTGAA,0,2428132
mhpRp1,0.3333333333333333,2,2,GACTATCGAGTACGCGACGC,0,2432859
mhpRp1,0.3333333333333333,2,2,GACTAAAGTCATCAGGACGC,0,2451231
mhpRp1,0.3333333333333333,2,2,GACGGTCACCTTGGGCAGTA,0,2458409
mhpRp1,0.3333333333333333,2,2,GACGACTCGACGTACGGAAT,0,2472697
mhpRp1,0.3333333333333333,2,2,GACGACCGCTTTCCCATTGG,0,2428215
mhpRp1,0.3333333333333333,2,2,GACGAATACTTTACACCTCC,0,2446730
mhpRp1,0.3333333333333333,2,2,GACCTTCCTGTGAGTTCATC,0,2459965
mhpRp1,0.3333333333333333,2,2,GACCTAGGAGCACTGACGTG,0,2442845
mhpRp1,0.3333333333333333,2,2,GACCGTACAAGCTTCCTGGA,0,2446837
mhpRp1,0.3333333333333333,2,2,GACCGGTCGTGTTATCCCAA,0,2451453
mhpRp1,0.3333333333333333,2,2,GACAGTGCCATCGGCCGTGT,0,2427344
mhpRp1,0.3333333333333333,2,2,GACAGGTGATATAGGCCGCC,0,2423975
mhpRp1,0.3333333333333333,2,2,GACAGGGTTTATAGCCATAT,0,2455767
mhpRp1,0.3333333333333333,2,2,GACACTGCTGGGGCAAATTA,0,2431076
mhpRp1,0.3333333333333333,2,2,GACACGTTTGTCAACGTCCT,0,2437470
mhpRp1,0.3333333333333333,2,2,GACAATTACATAGCGGCGCT,0,2430284
mhpRp1,0.3333333333333333,2,2,GACAATAACTCTCGTGGTGC,0,2456085
mhpRp1,0.3333333333333333,2,2,GAATTGCCTCAATCGAGTAC,0,2426414
mhpRp1,0.3333333333333333,2,2,GAATCTTCACTTTCACTCAG,0,2440605
mhpRp1,0.3333333333333333,2,2,GAATCACTGCACGATGCTGT,0,2448697
mhpRp1,0.3333333333333333,2,2,GAATCAACCGGGTGCGGCCG,0,2461022
mhpRp1,0.3333333333333333,2,2,GAATACTCGCCACGGGCAAA,0,2456048
mhpRp1,0.3333333333333333,2,2,GAATACTAAACGGGTCCGCC,0,2476927
mhpRp1,0.3333333333333333,2,2,GAAGTGTATCAACGTGCAAC,0,2474149
mhpRp1,0.3333333333333333,2,2,GAAGTGTAAATTCTTGGTAG,0,2449459
mhpRp1,0.3333333333333333,2,2,GAAGTGGCCTAGTTTATACC,0,2470091
mhpRp1,0.3333333333333333,2,2,GAAGGTTGGGTCTGGTACGT,0,2447353
mhpRp1,0.3333333333333333,2,2,GAAGGGTTGTGCGCCCGCGG,0,2475548
mhpRp1,0.3333333333333333,2,2,GAAGCCCGATGTACACGTCT,0,2457759
mhpRp1,0.3333333333333333,2,2,GAAGACGGACTGCATGGTGG,0,2438781
mhpRp1,0.3333333333333333,2,2,GAACTTCCGAGGGAAGCTCA,0,2456227
mhpRp1,0.3333333333333333,2,2,GAACTGCCTCGCGGTCTAAT,0,2473809
mhpRp1,0.3333333333333333,2,2,GAACGTTTCAACTTCACGCT,0,2463413
mhpRp1,0.3333333333333333,2,2,GAACATTGGCCCCCTTTACT,0,2460530
mhpRp1,0.3333333333333333,2,2,GAACATGTGATTGGGCGACC,0,2470407
mhpRp1,0.3333333333333333,2,2,GAACAGGCAACCTCAACCTC,0,2426444
mhpRp1,0.3333333333333333,2,2,GAACACTGAGTGTACGTACG,0,2451802
mhpRp1,0.3333333333333333,2,2,GAACAAACCGGATGCCTGTC,0,2451242
mhpRp1,0.3333333333333333,2,2,GAAATACCCCTTCCGCCGTT,0,2453655
mhpRp1,0.3333333333333333,2,2,GAAAGTTGCCGGCGACCAGG,0,2454627
mhpRp1,0.3333333333333333,2,2,GAAAGGTTGGAGAGACATAA,0,2439214
mhpRp1,0.3333333333333333,2,2,GAAACATGTGACCGGGTCCT,0,2451353
mhpRp1,0.3333333333333333,2,2,CTTTTTAGTCACTCTTCGAT,0,2465258
mhpRp1,0.3333333333333333,2,2,CTTTGATGCGGTTTATGAGA,0,2441086
mhpRp1,0.3333333333333333,2,2,CTTTGATCACCTGTTAGTCA,0,2469899
mhpRp1,0.3333333333333333,2,2,CTTTCTTGCGGCAACCCCGA,0,2453753
mhpRp1,0.3333333333333333,2,2,CTTTCGGCCATTATGGTCTC,0,2454243
mhpRp1,0.3333333333333333,2,2,CTTTATAGTTAATACCGGTC,0,2424951
mhpRp1,0.3333333333333333,2,2,CTTTAGTTGCAGTAGGACCC,0,2433183
mhpRp1,0.3333333333333333,2,2,CTTTAGGCCAGTTCGGGAGC,0,2434535
mhpRp1,0.3333333333333333,2,2,CTTTACAAATCACCAATTCA,0,2428684
mhpRp1,0.3333333333333333,2,2,CTTGTGCTGACCACAGTCGT,0,2436724
mhpRp1,0.3333333333333333,2,2,CTTGTCAGGCTTGACAATAC,0,2430358
mhpRp1,0.3333333333333333,2,2,CTTGGTGTGTTAAAGCGGAA,0,2427888
mhpRp1,0.3333333333333333,2,2,CTTGCGTACACAGAGCCGAC,0,2445800
mhpRp1,0.3333333333333333,2,2,CTTGAGACCTTGACACATCG,0,2428928
mhpRp1,0.3333333333333333,2,2,CTTGAAACTCCTTGGGTGCA,0,2435029
mhpRp1,0.3333333333333333,2,2,CTTCTATTGTGTCGGCAACC,0,2458221
mhpRp1,0.3333333333333333,2,2,CTTCTAGGTAGATTACGGTC,0,2452297
mhpRp1,0.3333333333333333,2,2,CTTCGGTTGTTCTGCCAAGC,0,2425346
mhpRp1,0.3333333333333333,2,2,CTTCGGATTGGAGTACACAC,0,2450517
mhpRp1,0.3333333333333333,2,2,CTTCCATACACCTCGGTTAT,0,2440958
mhpRp1,0.3333333333333333,2,2,CTTCAGTATGTGTAGAACGA,0,2432032
mhpRp1,0.3333333333333333,2,2,CTTATTGAAAAGTCATCGAT,0,2424237
mhpRp1,0.3333333333333333,2,2,CTTATAGGACTGGATGATTA,0,2450278
mhpRp1,0.3333333333333333,2,2,CTTACTCCTAGTCTACTATC,0,2442902
mhpRp1,0.3333333333333333,2,2,CTTAATATGGCGTCTGTAAA,0,2459722
mhpRp1,0.3333333333333333,2,2,CTTAATATCTTCCATCAGAT,0,2439652
mhpRp1,0.3333333333333333,2,2,CTTAACAGGTTGCACCGTGA,0,2452910
mhpRp1,0.3333333333333333,2,2,CTGTTCCCACACGGAACTTA,0,2447397
mhpRp1,0.3333333333333333,2,2,CTGTGTCAGAAGCAATTTTA,0,2467110
mhpRp1,0.3333333333333333,2,2,CTGTGGTTAACGGCAGCACG,0,2472056
mhpRp1,0.3333333333333333,2,2,CTGTGGATTTTAATTAAGCT,0,2463560
mhpRp1,0.3333333333333333,2,2,CTGTGAGTGTTATCAGCTGC,0,2449973
mhpRp1,0.3333333333333333,2,2,CTGTAAGCGGTCCCAAGGTC,0,2475583
mhpRp1,0.3333333333333333,2,2,CTGGTTAATAAGGGATCACA,0,2435233
mhpRp1,0.3333333333333333,2,2,CTGGTACGCTTTGTTTCACA,0,2477461
mhpRp1,0.3333333333333333,2,2,CTGGGATACATGCTCCCAAT,0,2463660
mhpRp1,0.3333333333333333,2,2,CTGGAGTGACGGACATATAG,0,2445477
mhpRp1,0.3333333333333333,2,2,CTGCTATGTATGTATTAGCA,0,2473923
mhpRp1,0.3333333333333333,2,2,CTGCTACCAGCGTAATGAGC,0,2425448
mhpRp1,0.3333333333333333,2,2,CTGCGGTGCTTGTCCTGGGG,0,2456502
mhpRp1,0.3333333333333333,2,2,CTGCGCATACCAAAATTCGT,0,2445770
mhpRp1,0.3333333333333333,2,2,CTGCCCTAAATTCAGGTTCA,0,2432399
mhpRp1,0.3333333333333333,2,2,CTGCCCACAGTCATGGAACA,0,2429850
mhpRp1,0.3333333333333333,2,2,CTGCCAGGATTCACGCATTG,0,2458176
mhpRp1,0.3333333333333333,2,2,CTGCAGTGCTCCTGGCTCTA,0,2424753
mhpRp1,0.3333333333333333,2,2,CTGCAAGCTTTGCACAGACT,0,2478784
mhpRp1,0.3333333333333333,2,2,CTGATCTGACGCGGGGGATC,0,2449353
mhpRp1,0.3333333333333333,2,2,CTGAGCTATTCCGGTACAGG,0,2464400
mhpRp1,0.3333333333333333,2,2,CTGACACTAGCGCGTTCTTA,0,2468306
mhpRp1,0.3333333333333333,2,2,CTCTTACTACGATCGCGGAA,0,2446074
mhpRp1,0.3333333333333333,2,2,CTCTGATTGGAGTTACTCAA,0,2430400
mhpRp1,0.3333333333333333,2,2,CTCTCGCACCCGTGAATGTA,0,2425028
mhpRp1,0.3333333333333333,2,2,CTCGGTCGTCCACGGTTTGC,0,2467385
mhpRp1,0.3333333333333333,2,2,CTCGGTAACAGCGGAAACAA,0,2469136
mhpRp1,0.3333333333333333,2,2,CTCGGGACATCCGCTAGGGT,0,2438109
mhpRp1,0.3333333333333333,2,2,CTCGGAGCTGATAAGACAGC,0,2467942
mhpRp1,0.3333333333333333,2,2,CTCGCAACGGGTCCTTAGTC,0,2455578
mhpRp1,0.3333333333333333,2,2,CTCGAGTCAATCGAGTCATA,0,2435611
mhpRp1,0.3333333333333333,2,2,CTCGAATAGCCCGGTGGCAA,0,2442419
mhpRp1,0.3333333333333333,2,2,CTCCTCTGACTTTGACCCAC,0,2453611
mhpRp1,0.3333333333333333,2,2,CTCCTCGCAGACTCAAATAT,0,2473893
mhpRp1,0.3333333333333333,2,2,CTCCTAGCCTGCGCCTTGAA,0,2448516
mhpRp1,0.3333333333333333,2,2,CTCCAACTCATGTGGAACTG,0,2460952
mhpRp1,0.3333333333333333,2,2,CTCCAACGCAGACTTAAGTA,0,2449124
mhpRp1,0.3333333333333333,2,2,CTCATCTGATAAGCCAGAAA,0,2458808
mhpRp1,0.3333333333333333,2,2,CTCAGGAGTAGAACGACGAT,0,2441665
mhpRp1,0.3333333333333333,2,2,CTCAGACTCATCATGGTGGC,0,2475813
mhpRp1,0.3333333333333333,2,2,CTCAGACCCAGGCGTCATTA,0,2441094
mhpRp1,0.3333333333333333,2,2,CTCACTGTTTGACATAGCAA,0,2437358
mhpRp1,0.3333333333333333,2,2,CTCACTCTGAACGGGAACAG,0,2459691
mhpRp1,0.3333333333333333,2,2,CTCACACGGCCTTGGGTCCT,0,2440468
mhpRp1,0.3333333333333333,2,2,CTCAACAGGCTGAGGGCGTT,0,2442771
mhpRp1,0.3333333333333333,2,2,CTATGTCCTAAAGGCAAGTT,0,2464942
mhpRp1,0.3333333333333333,2,2,CTAGGCGTATCGGATCCCTG,0,2431174
mhpRp1,0.3333333333333333,2,2,CTAGGCGTAAAGGAGAGGAG,0,2445670
mhpRp1,0.3333333333333333,2,2,CTAGCTCATTGCTACTTGTT,0,2456419
mhpRp1,0.3333333333333333,2,2,CTAGCTAATCCCCGGCTACC,0,2439599
mhpRp1,0.3333333333333333,2,2,CTAGCGGGAATATGCCCTTA,0,2445636
mhpRp1,0.3333333333333333,2,2,CTAGCGCGTAGGGCCGGACG,0,2440374
mhpRp1,0.3333333333333333,2,2,CTAGCAGGGTACGTCACTTG,0,2435060
mhpRp1,0.3333333333333333,2,2,CTACTCGCTAAAAACCGTGC,0,2426014
mhpRp1,0.3333333333333333,2,2,CTACGTACACATGTCTGTCT,0,2475208
mhpRp1,0.3333333333333333,2,2,CTACGCCAGGGGTGGCCCAC,0,2438486
mhpRp1,0.3333333333333333,2,2,CTAAGGGGGCGATGAATGGA,0,2478727
mhpRp1,0.3333333333333333,2,2,CTAAGCTATGGAGCGAGAAT,0,2445992
mhpRp1,0.3333333333333333,2,2,CTAAGAGCGCCTACTCAGAT,0,2477763
mhpRp1,0.3333333333333333,2,2,CTAAGAGCAAGCAGCAAGGG,0,2461074
mhpRp1,0.3333333333333333,2,2,CTAACTACGCCAGTCACCGA,0,2438806
mhpRp1,0.3333333333333333,2,2,CTAACGTGCCTTTGGCAACA,0,2462188
mhpRp1,0.3333333333333333,2,2,CGTTGTTGCAAATAGTGTGG,0,2460466
mhpRp1,0.3333333333333333,2,2,CGTTCTTAAGCAGGCCGACT,0,2447430
mhpRp1,0.3333333333333333,2,2,CGTTCTGAGTTGATCTTAAT,0,2425721
mhpRp1,0.3333333333333333,2,2,CGTTATCACGTTCAGTCACC,0,2448896
mhpRp1,0.3333333333333333,2,2,CGTTAGACTCTCCATGTGGC,0,2473692
mhpRp1,0.3333333333333333,2,2,CGTTAAAAATCAGACAGTTT,0,2475288
mhpRp1,0.3333333333333333,2,2,CGTGTTTCAGACCCGCAACT,0,2477895
mhpRp1,0.3333333333333333,2,2,CGTGGTTTTATCGCTGACAT,0,2468897
mhpRp1,0.3333333333333333,2,2,CGTGCTCCACGTAGTCGTTA,0,2428241
mhpRp1,0.3333333333333333,2,2,CGTGCGTCTTGCTGGGCCAA,0,2444370
mhpRp1,0.3333333333333333,2,2,CGTGCGGTCCGAAAGGGCCT,0,2457680
mhpRp1,0.3333333333333333,2,2,CGTGCGATCGAAATGGAACT,0,2432282
mhpRp1,0.3333333333333333,2,2,CGTGCCGATCCTATGACGTA,0,2468659
mhpRp1,0.3333333333333333,2,2,CGTGATAACATAGTATAAGC,0,2470068
mhpRp1,0.3333333333333333,2,2,CGTGAGTGTCCCGCGAGCAT,0,2461118
mhpRp1,0.3333333333333333,2,2,CGTGACCTGTCAAGCTATTG,0,2475412
mhpRp1,0.3333333333333333,2,2,CGTCGCGGCCGGAAAGGAAA,0,2470665
mhpRp1,0.3333333333333333,2,2,CGTCGCATTACACAGGACAG,0,2433121
mhpRp1,0.3333333333333333,2,2,CGTCCGGATGCAGCTGCTTC,0,2430676
mhpRp1,0.3333333333333333,2,2,CGTCATTCAGACGTCGCCAA,0,2425683
mhpRp1,0.3333333333333333,2,2,CGTATGTTACCGTTAAGTGT,0,2443397
mhpRp1,0.3333333333333333,2,2,CGTATATGGAAGTGGCTTCC,0,2461561
mhpRp1,0.3333333333333333,2,2,CGTACCGCAACCCCTCAAAC,0,2439654
mhpRp1,0.3333333333333333,2,2,CGTACAGCGGATAGCTCATT,0,2468889
mhpRp1,0.3333333333333333,2,2,CGTAACCGTGGTACAAGATA,0,2453248
mhpRp1,0.3333333333333333,2,2,CGGTTGCATACTGGACGTGA,0,2467601
mhpRp1,0.3333333333333333,2,2,CGGTTAATCGGGCTGCCGGG,0,2471625
mhpRp1,0.3333333333333333,2,2,CGGTGTTTTCAGACGCCAAG,0,2477889
mhpRp1,0.3333333333333333,2,2,CGGTGATCTCAGGAGATGCA,0,2439428
mhpRp1,0.3333333333333333,2,2,CGGTATTTGTCCACGGGCAC,0,2448540
mhpRp1,0.3333333333333333,2,2,CGGTAGGGCCGAGCAGCGAC,0,2453302
mhpRp1,0.3333333333333333,2,2,CGGTACGTGTTGCAAAAGGA,0,2470615
mhpRp1,0.3333333333333333,2,2,CGGGACTACTGTGGGTTGTC,0,2456904
mhpRp1,0.3333333333333333,2,2,CGGGAACCCGCTGGAATGTT,0,2451714
mhpRp1,0.3333333333333333,2,2,CGGCTTCCTAACATCGATTT,0,2434456
mhpRp1,0.3333333333333333,2,2,CGGCGCACTAATCTTGTGGG,0,2435955
mhpRp1,0.3333333333333333,2,2,CGGCGATAGAATCTATGTAA,0,2448601
mhpRp1,0.3333333333333333,2,2,CGGCCGCTGCATTCGTGGCT,0,2471581
mhpRp1,0.3333333333333333,2,2,CGGCCCGGAACATTGTCAGG,0,2431947
mhpRp1,0.3333333333333333,2,2,CGGCCCGCTACTATGTCACC,0,2439619
mhpRp1,0.3333333333333333,2,2,CGGCCATAAAACCCACTTGC,0,2466147
mhpRp1,0.3333333333333333,2,2,CGGCAATTTTCATGGCATTC,0,2430303
mhpRp1,0.3333333333333333,2,2,CGGATGTCGCGTTTTTAACC,0,2444469
mhpRp1,0.3333333333333333,2,2,CGGAGGCGCTGTCTGGCCCT,0,2426433
mhpRp1,0.3333333333333333,2,2,CGGAGGAATGAGTGCAACAC,0,2437535
mhpRp1,0.3333333333333333,2,2,CGGAGGAATACACACGGGAC,0,2472180
mhpRp1,0.3333333333333333,2,2,CGGACTTCGTTGCCTCGCGC,0,2452727
mhpRp1,0.3333333333333333,2,2,CGGACTGGGGGGTCTTCTCA,0,2467999
mhpRp1,0.3333333333333333,2,2,CGGAAGGGTCTTTCAAGTGT,0,2436774
mhpRp1,0.3333333333333333,2,2,CGGAAGGGGTCTGGTATGCT,0,2445164
mhpRp1,0.3333333333333333,2,2,CGCTGGATAGGTCCCGGATG,0,2453362
mhpRp1,0.3333333333333333,2,2,CGCTAGTGTAGCCACGAGGA,0,2476449
mhpRp1,0.3333333333333333,2,2,CGCTAAATCATAGATGATCA,0,2471898
mhpRp1,0.3333333333333333,2,2,CGCGGGTTAATGACCCTGCA,0,2438786
mhpRp1,0.3333333333333333,2,2,CGCGAACGGTATAGCACCAG,0,2440770
mhpRp1,0.3333333333333333,2,2,CGCCTACCATAACACATGAT,0,2441174
mhpRp1,0.3333333333333333,2,2,CGCCGTCCAACACGTTCACT,0,2439618
mhpRp1,0.3333333333333333,2,2,CGCCCGATGGCCTGGCAGCA,0,2448479
mhpRp1,0.3333333333333333,2,2,CGCCATCCCCTAGTCGATCA,0,2432768
mhpRp1,0.3333333333333333,2,2,CGCAGACTTTTACTTGTATC,0,2428314
mhpRp1,0.3333333333333333,2,2,CGCACTTGATGGATCACAAT,0,2460776
mhpRp1,0.3333333333333333,2,2,CGCACATTTGCACAACGGGA,0,2478265
mhpRp1,0.3333333333333333,2,2,CGCAACCGCCAACCCTACTT,0,2425527
mhpRp1,0.3333333333333333,2,2,CGATTTAAGTGGATAATCTT,0,2451147
mhpRp1,0.3333333333333333,2,2,CGATCGTTCCTCGACCGAGT,0,2455035
mhpRp1,0.3333333333333333,2,2,CGATCGACTCTGCGGACCAT,0,2438478
mhpRp1,0.3333333333333333,2,2,CGATAGGACTCACATATATT,0,2429548
mhpRp1,0.3333333333333333,2,2,CGATAGAGCCATCGGGCTCA,0,2438831
mhpRp1,0.3333333333333333,2,2,CGATAAGCTCTGTTTTACCC,0,2469944
mhpRp1,0.3333333333333333,2,2,CGAGTGCGCGATCTAGGCTT,0,2462000
mhpRp1,0.3333333333333333,2,2,CGAGTAGTCAGGACCAGAGG,0,2460309
mhpRp1,0.3333333333333333,2,2,CGAGCCTAATAGAATCGGCT,0,2434820
mhpRp1,0.3333333333333333,2,2,CGAGAGAGTGTAAGATCAGA,0,2449403
mhpRp1,0.3333333333333333,2,2,CGAGAACAATGGCTAGGGTT,0,2450913
mhpRp1,0.3333333333333333,2,2,CGACTTTCTCAAACATTGTG,0,2455854
mhpRp1,0.3333333333333333,2,2,CGACTGGCTGGTCTTGAGTA,0,2465054
mhpRp1,0.3333333333333333,2,2,CGACTGATTCTTAGCTCTGG,0,2464620
mhpRp1,0.3333333333333333,2,2,CGACTCTCCATAGATATGTT,0,2438744
mhpRp1,0.3333333333333333,2,2,CGACGTAATGTCTCGGCTAC,0,2450509
mhpRp1,0.3333333333333333,2,2,CGACGGATTTGGCCTTAGAA,0,2449809
mhpRp1,0.3333333333333333,2,2,CGACGAGCCAGTAGCAGTCC,0,2427102
mhpRp1,0.3333333333333333,2,2,CGACCTCGCCAAAAAGCGAA,0,2426314
mhpRp1,0.3333333333333333,2,2,CGACCGAGATACATATTGAC,0,2456792
mhpRp1,0.3333333333333333,2,2,CGACCACGCGCACGTATCGT,0,2429032
mhpRp1,0.3333333333333333,2,2,CGACACTGGCGCCCTGATAT,0,2442665
mhpRp1,0.3333333333333333,2,2,CGACACCCGTAGCTTCGTCC,0,2460660
mhpRp1,0.3333333333333333,2,2,CGAATTCGAGAACGCTGCGC,0,2445619
mhpRp1,0.3333333333333333,2,2,CGAATGTTTATGGATGCCGC,0,2453473
mhpRp1,0.3333333333333333,2,2,CGAAGTATAATAACCGACAG,0,2477582
mhpRp1,0.3333333333333333,2,2,CGAAGCGTTTTCGACGTCCA,0,2456756
mhpRp1,0.3333333333333333,2,2,CGAAGCGATTTCTGTCCACG,0,2457092
mhpRp1,0.3333333333333333,2,2,CGAAGAATAACCAAGGGGAC,0,2472939
mhpRp1,0.3333333333333333,2,2,CGAAATGTGGGAGTGCAGAG,0,2471651
mhpRp1,0.3333333333333333,2,2,CGAAATCCCTGACCGACTTA,0,2463364
mhpRp1,0.3333333333333333,2,2,CGAAAGTCACGATCCGAGAT,0,2432504
mhpRp1,0.3333333333333333,2,2,CGAAACGAGAATGGTCACAT,0,2460244
mhpRp1,0.3333333333333333,2,2,CCTTCTCGCTTGTCTCACAC,0,2433564
mhpRp1,0.3333333333333333,2,2,CCTTCTCGCGACACATGACT,0,2434662
mhpRp1,0.3333333333333333,2,2,CCTTCGCCAACCGCATTCAA,0,2471058
mhpRp1,0.3333333333333333,2,2,CCTTCCTTGTCCAGAGGCGT,0,2453601
mhpRp1,0.3333333333333333,2,2,CCTTCCGCCTAATTTTTGTG,0,2441501
mhpRp1,0.3333333333333333,2,2,CCTTCCACATCAACGGGTTG,0,2450026
mhpRp1,0.3333333333333333,2,2,CCTTCATGCAGGATATGCTA,0,2466389
mhpRp1,0.3333333333333333,2,2,CCTTATATTTGTCTCTGCAA,0,2467247
mhpRp1,0.3333333333333333,2,2,CCTTAGATCATATACTACGA,0,2430210
mhpRp1,0.3333333333333333,2,2,CCTTAGAAAACGCTGGGTTT,0,2432554
mhpRp1,0.3333333333333333,2,2,CCTTAAGCAGCTTATTAGCA,0,2450331
mhpRp1,0.3333333333333333,2,2,CCTGTGTGATGACTCGGCAA,0,2440910
mhpRp1,0.3333333333333333,2,2,CCTGGTCCATATGCCCAGGG,0,2432061
mhpRp1,0.3333333333333333,2,2,CCTGGGTAGTTATCCGAAAT,0,2444387
mhpRp1,0.3333333333333333,2,2,CCTGGCGCAAAATTCTTTTA,0,2439679
mhpRp1,0.3333333333333333,2,2,CCTGAAACCCGTTCAGTACG,0,2434963
mhpRp1,0.3333333333333333,2,2,CCTCGGCCCTTATTGCCCAT,0,2441098
mhpRp1,0.3333333333333333,2,2,CCTCGACAGGCTCATATCTG,0,2439350
mhpRp1,0.3333333333333333,2,2,CCTCAGGAGATATCCGAGAA,0,2464257
mhpRp1,0.3333333333333333,2,2,CCTATTCAATAGCCCGAAAA,0,2439192
mhpRp1,0.3333333333333333,2,2,CCTATGGTACCGGCTAGCGT,0,2433896
mhpRp1,0.3333333333333333,2,2,CCTATCCACGAGTTGATGAC,0,2465267
mhpRp1,0.3333333333333333,2,2,CCTACAAATGATCTAAATGG,0,2466280
mhpRp1,0.3333333333333333,2,2,CCTAAACATGCCTGTGAAAC,0,2476706
mhpRp1,0.3333333333333333,2,2,CCGTGCCAGCCATCTAAAGT,0,2453479
mhpRp1,0.3333333333333333,2,2,CCGTGCAGCAGACGTTCTCA,0,2476146
mhpRp1,0.3333333333333333,2,2,CCGTCTGTATTGGATCTGAT,0,2458684
mhpRp1,0.3333333333333333,2,2,CCGTCGAACGTGCATAGGGT,0,2441909
mhpRp1,0.3333333333333333,2,2,CCGTCCTCTAAGTGGCCGTC,0,2424411
mhpRp1,0.3333333333333333,2,2,CCGTCCAGCGAGGTTTAGGG,0,2449764
mhpRp1,0.3333333333333333,2,2,CCGTACCGGAACGGCGGTAA,0,2433597
mhpRp1,0.3333333333333333,2,2,CCGTACAGGAGGACAGACGT,0,2427448
mhpRp1,0.3333333333333333,2,2,CCGGTCTTACGTTACGTCTT,0,2437404
mhpRp1,0.3333333333333333,2,2,CCGGGGGCACTTCATTGCGT,0,2465815
mhpRp1,0.3333333333333333,2,2,CCGGGGGACAATGTGCTCGC,0,2434734
mhpRp1,0.3333333333333333,2,2,CCGGGAATTCGTACGATATC,0,2477841
mhpRp1,0.3333333333333333,2,2,CCGGCCACAGCCCGACCACA,0,2441701
mhpRp1,0.3333333333333333,2,2,CCGGCACGACAAACCCGGCA,0,2426866
mhpRp1,0.3333333333333333,2,2,CCGCTATTGTCGATCAGATC,0,2425984
mhpRp1,0.3333333333333333,2,2,CCGCTATTACAGTGGCGATA,0,2475557
mhpRp1,0.3333333333333333,2,2,CCGCGTTGCTTTTCGCACGA,0,2425733
mhpRp1,0.3333333333333333,2,2,CCGCGTAGTATTAGATGTCC,0,2478297
mhpRp1,0.3333333333333333,2,2,CCGCCTGTGGTGATGCTGGG,0,2444461
mhpRp1,0.3333333333333333,2,2,CCGCCGTGTATCCATACCAG,0,2474204
mhpRp1,0.3333333333333333,2,2,CCGCACTTTGTAACCGGACC,0,2460702
mhpRp1,0.3333333333333333,2,2,CCGCAACCGGGATCATTCGC,0,2462862
mhpRp1,0.3333333333333333,2,2,CCGATCCTGAGACTCAAACG,0,2444195
mhpRp1,0.3333333333333333,2,2,CCGATCAGAGGGACCACGAG,0,2471128
mhpRp1,0.3333333333333333,2,2,CCGAGGCCATAGACGCGGAT,0,2444807
mhpRp1,0.3333333333333333,2,2,CCGAGGACACGACCTATGAT,0,2436493
mhpRp1,0.3333333333333333,2,2,CCGAGACAACCCTCGACTCA,0,2454252
mhpRp1,0.3333333333333333,2,2,CCGACTGTGCAGAAAATGGA,0,2437230
mhpRp1,0.3333333333333333,2,2,CCGACTCTTTATGGAGATAT,0,2443362
mhpRp1,0.3333333333333333,2,2,CCGACATATGTGCATGGGTA,0,2464953
mhpRp1,0.3333333333333333,2,2,CCGAATTTGGGTAACTACAC,0,2464410
mhpRp1,0.3333333333333333,2,2,CCCTTTTGTTACGAGGCAGA,0,2455030
mhpRp1,0.3333333333333333,2,2,CCCTTGCGTTCGATTTCCGA,0,2464144
mhpRp1,0.3333333333333333,2,2,CCCTTGCACTGGCGGGCGTA,0,2471155
mhpRp1,0.3333333333333333,2,2,CCCTTGATCTAATCGGGTCT,0,2424185
mhpRp1,0.3333333333333333,2,2,CCCTGGAGACACAGGAACGC,0,2442506
mhpRp1,0.3333333333333333,2,2,CCCTGACGTCAGTCTAAGTC,0,2431748
mhpRp1,0.3333333333333333,2,2,CCCTCCTTGCTAGATCAGAA,0,2434363
mhpRp1,0.3333333333333333,2,2,CCCTCAGTTACGCACGCGGA,0,2466211
mhpRp1,0.3333333333333333,2,2,CCCTAGTACAGAGTGCAGTT,0,2442210
mhpRp1,0.3333333333333333,2,2,CCCTACTTAGTTGTAGGGTA,0,2432795
mhpRp1,0.3333333333333333,2,2,CCCGTACCAAGGGTTGTAAG,0,2429386
mhpRp1,0.3333333333333333,2,2,CCCGGCGTTCTCAGGTCTAC,0,2461354
mhpRp1,0.3333333333333333,2,2,CCCGGCAACATAACTGTAAA,0,2453393
mhpRp1,0.3333333333333333,2,2,CCCGCTGTTGCGCCCTTCCT,0,2446866
mhpRp1,0.3333333333333333,2,2,CCCGCGATCATGAATCGCCC,0,2462916
mhpRp1,0.3333333333333333,2,2,CCCGATCAGTAGCCAGAGCC,0,2437173
mhpRp1,0.3333333333333333,2,2,CCCGAGAAGCACGGAGCTAG,0,2452790
mhpRp1,0.3333333333333333,2,2,CCCCGTAGCTGATTTCGCGA,0,2467766
mhpRp1,0.3333333333333333,2,2,CCCCGAGCCCGAGGATCCGG,0,2424566
mhpRp1,0.3333333333333333,2,2,CCCCGACGGAATTGGATGCA,0,2477161
mhpRp1,0.3333333333333333,2,2,CCCCCAGCAGGCGCACAGAC,0,2453331
mhpRp1,0.3333333333333333,2,2,CCCCATCGAGAGTCCCGAAC,0,2446848
mhpRp1,0.3333333333333333,2,2,CCCCATAGCCACCGTGTCTA,0,2447253
mhpRp1,0.3333333333333333,2,2,CCCCAGTCGGAGTGCTTCTG,0,2425324
mhpRp1,0.3333333333333333,2,2,CCCCAAAGCGTGGATTAGTC,0,2462342
mhpRp1,0.3333333333333333,2,2,CCCAGGCTATCCGTGGCATA,0,2438221
mhpRp1,0.3333333333333333,2,2,CCCAGATGCAAGCAGTCTAG,0,2475804
mhpRp1,0.3333333333333333,2,2,CCCAGAGCTGCAAATAATTC,0,2467143
mhpRp1,0.3333333333333333,2,2,CCCACAAATTTACGTGGCTG,0,2443253
mhpRp1,0.3333333333333333,2,2,CCCAAGCGGGCCAGCTAGGC,0,2448071
mhpRp1,0.3333333333333333,2,2,CCCAACTTTCTAACCTGCAG,0,2470075
mhpRp1,0.3333333333333333,2,2,CCATGCTGACTCCGTCGAGT,0,2472146
mhpRp1,0.3333333333333333,2,2,CCATGCGGCCCAGTCGTGTG,0,2429267
mhpRp1,0.3333333333333333,2,2,CCATACTACCAATTGGACTC,0,2453931
mhpRp1,0.3333333333333333,2,2,CCAGGGTTCATAGCTTAACC,0,2430133
mhpRp1,0.3333333333333333,2,2,CCAGGGGTGCCCACTTCCGT,0,2426653
mhpRp1,0.3333333333333333,2,2,CCAGGCTACGTTACTTTCCT,0,2459922
mhpRp1,0.3333333333333333,2,2,CCAGCTGCCTAAATAATCCT,0,2440940
mhpRp1,0.3333333333333333,2,2,CCAGAGCCAGTGAGTCTGAG,0,2460148
mhpRp1,0.3333333333333333,2,2,CCAGAGAACATTAAAGAGGC,0,2466966
mhpRp1,0.3333333333333333,2,2,CCAGACTCTGCTCCTTTAGT,0,2471829
mhpRp1,0.3333333333333333,2,2,CCAGACATCAGGCGGACTCG,0,2468303
mhpRp1,0.3333333333333333,2,2,CCAGAATAACCCGTATGCCA,0,2476915
mhpRp1,0.3333333333333333,2,2,CCACTTAGTTCAAAGTAAGA,0,2431138
mhpRp1,0.3333333333333333,2,2,CCACTCCAAGGGAAGCAAAC,0,2426752
mhpRp1,0.3333333333333333,2,2,CCACCTTGATAGCTCGGCTC,0,2452298
mhpRp1,0.3333333333333333,2,2,CCACCCGTCACGAAACAGAT,0,2475610
mhpRp1,0.3333333333333333,2,2,CCACCAGACCGCGATGCGGC,0,2451330
mhpRp1,0.3333333333333333,2,2,CCACAAGGTGTCACTGTCTG,0,2479293
mhpRp1,0.3333333333333333,2,2,CCACAACGCACGATGTATTG,0,2442116
mhpRp1,0.3333333333333333,2,2,CCAATTTACCCTTAGAGGCT,0,2429574
mhpRp1,0.3333333333333333,2,2,CCAATTACCCACAGTTTGAT,0,2432641
mhpRp1,0.3333333333333333,2,2,CCAATGCGGCTGAATCGATC,0,2429861
mhpRp1,0.3333333333333333,2,2,CCAATCTTTAATGTGGTGTT,0,2451082
mhpRp1,0.3333333333333333,2,2,CCAAGTTTACACTATATGTC,0,2459238
mhpRp1,0.3333333333333333,2,2,CCAAGTGTGTGACAACGGTA,0,2463407
mhpRp1,0.3333333333333333,2,2,CCAAGGTGAAAGATCGGCTG,0,2449767
mhpRp1,0.3333333333333333,2,2,CCAAGATAACCAGCTAGGAG,0,2424921
mhpRp1,0.3333333333333333,2,2,CCAACGACTCATGGACAGTA,0,2433634
mhpRp1,0.3333333333333333,2,2,CCAAACCACTGCGACGTGCC,0,2452191
mhpRp1,0.3333333333333333,2,2,CATTTTTGAAGTTATCGTGC,0,2424959
mhpRp1,0.3333333333333333,2,2,CATTTTCGAGCGCTTCCGTA,0,2461730
mhpRp1,0.3333333333333333,2,2,CATTTCTATCCATCTCGTGG,0,2446404
mhpRp1,0.3333333333333333,2,2,CATGTGGACCTTCCAGGGGT,0,2444300
mhpRp1,0.3333333333333333,2,2,CATGGTCCGGGCTCGCTACA,0,2458952
mhpRp1,0.3333333333333333,2,2,CATGGGACCATCACTGCGAC,0,2446104
mhpRp1,0.3333333333333333,2,2,CATGCTAGGAATAAGGATCA,0,2436955
mhpRp1,0.3333333333333333,2,2,CATGCAAACTCACTTTTAGA,0,2473051
mhpRp1,0.3333333333333333,2,2,CATCTGAGTTTAGACACTTT,0,2466883
mhpRp1,0.3333333333333333,2,2,CATCTCATTATATAGTTATC,0,2465776
mhpRp1,0.3333333333333333,2,2,CATCGGTCCACTCGGTATCT,0,2470094
mhpRp1,0.3333333333333333,2,2,CATCCTTTACGGGATGGGTT,0,2465118
mhpRp1,0.3333333333333333,2,2,CATCACGTTGGTAGAATCGC,0,2453092
mhpRp1,0.3333333333333333,2,2,CATCAAACTAATGAGCAGTG,0,2462262
mhpRp1,0.3333333333333333,2,2,CATAGTGTACATAGGGCACA,0,2439052
mhpRp1,0.3333333333333333,2,2,CATAGTGCAACCCGCTCTTC,0,2434224
mhpRp1,0.3333333333333333,2,2,CATAGCGCGAAGTAGAGTAT,0,2471487
mhpRp1,0.3333333333333333,2,2,CATACTTTGGGAGGTTGTAA,0,2465422
mhpRp1,0.3333333333333333,2,2,CATACTGTGTACACCCCTCA,0,2464668
mhpRp1,0.3333333333333333,2,2,CATACTCAAAGGTTATACAC,0,2479413
mhpRp1,0.3333333333333333,2,2,CATACGAAGGGCGACTCAGT,0,2470760
mhpRp1,0.3333333333333333,2,2,CATACAAGAGGGCCGCTTTC,0,2476540
mhpRp1,0.3333333333333333,2,2,CATAAGGAGCCGATCAATTA,0,2444155
mhpRp1,0.3333333333333333,2,2,CATAACTTTTGCTGCAGTAA,0,2442947
mhpRp1,0.3333333333333333,2,2,CAGTTGATACAGGAAACTAA,0,2460058
mhpRp1,0.3333333333333333,2,2,CAGTGGCGCCAGAAAGCGGC,0,2473649
mhpRp1,0.3333333333333333,2,2,CAGTGCAGGGGCGTGAACCC,0,2431526
mhpRp1,0.3333333333333333,2,2,CAGGTTCGGTCTTCAGTGGA,0,2456697
mhpRp1,0.3333333333333333,2,2,CAGGTCGGATCTTTGAAAGG,0,2429615
mhpRp1,0.3333333333333333,2,2,CAGGGTGAACAGTGCCATTA,0,2426103
mhpRp1,0.3333333333333333,2,2,CAGGGTAAGTTTATCGTTTC,0,2433882
mhpRp1,0.3333333333333333,2,2,CAGGGGCGTGTGTGCCTGCA,0,2451947
mhpRp1,0.3333333333333333,2,2,CAGGGAACGCTCCCACAATT,0,2466102
mhpRp1,0.3333333333333333,2,2,CAGGCTGGATCATATTATAT,0,2436425
mhpRp1,0.3333333333333333,2,2,CAGGCCACCCCACTTTGCTG,0,2478481
mhpRp1,0.3333333333333333,2,2,CAGGAACCTGGATAGGTTCG,0,2426080
mhpRp1,0.3333333333333333,2,2,CAGCTTATTTATAGTTTAGA,0,2439250
mhpRp1,0.3333333333333333,2,2,CAGCCCTTAGGTATGATGTT,0,2470445
mhpRp1,0.3333333333333333,2,2,CAGCCAGCAAACGACCCGCT,0,2461032
mhpRp1,0.3333333333333333,2,2,CAGCAATGGTCTGTAAGCAA,0,2442052
mhpRp1,0.3333333333333333,2,2,CAGATAGCTATGATCTTGAA,0,2473200
mhpRp1,0.3333333333333333,2,2,CAGAGTTGTCCTGAAACTGG,0,2467785
mhpRp1,0.3333333333333333,2,2,CAGAGGATCAGCAAACAGAG,0,2440246
mhpRp1,0.3333333333333333,2,2,CAGACTACTCTCGCATTTGG,0,2436669
mhpRp1,0.3333333333333333,2,2,CAGACCATAACGTACACGCT,0,2427300
mhpRp1,0.3333333333333333,2,2,CAGACAAATTAACCTCTGGG,0,2468946
mhpRp1,0.3333333333333333,2,2,CAGAATCCGGAGATGTCCAA,0,2472382
mhpRp1,0.3333333333333333,2,2,CACTTTGTGACGGAGACTCT,0,2436674
mhpRp1,0.3333333333333333,2,2,CACTCGAACAAACAACTTGT,0,2450949
mhpRp1,0.3333333333333333,2,2,CACTCATACCGGGACGAGTC,0,2454272
mhpRp1,0.3333333333333333,2,2,CACTATTCTGATTCCTCTAT,0,2427282
mhpRp1,0.3333333333333333,2,2,CACTATAAACCAGGTTCGCT,0,2441843
mhpRp1,0.3333333333333333,2,2,CACTAGGAGATACCCCCCAT,0,2456445
mhpRp1,0.3333333333333333,2,2,CACGTTGACCAGGTAGAGGT,0,2446927
mhpRp1,0.3333333333333333,2,2,CACGTTCTGATTACACATGT,0,2477571
mhpRp1,0.3333333333333333,2,2,CACGCTAGTAAGTGGTGTTG,0,2463016
mhpRp1,0.3333333333333333,2,2,CACGCGAGGTATCCTAAATA,0,2467372
mhpRp1,0.3333333333333333,2,2,CACGATGTTTACGAGGCTCA,0,2456253
mhpRp1,0.3333333333333333,2,2,CACCGGGTCGGAAGCGTCGT,0,2444042
mhpRp1,0.3333333333333333,2,2,CACCCCGTTTGGCTTCGTCC,0,2476947
mhpRp1,0.3333333333333333,2,2,CACCATTAGAGCACGATTGG,0,2456832
mhpRp1,0.3333333333333333,2,2,CACCAGTCCTAGAACTCGGC,0,2456059
mhpRp1,0.3333333333333333,2,2,CACAGCTGGATCTAGTGCAT,0,2467786
mhpRp1,0.3333333333333333,2,2,CACAGAGTTATTGGAGCTCT,0,2470363
mhpRp1,0.3333333333333333,2,2,CACACTGTAGCATCCGCAGC,0,2473430
mhpRp1,0.3333333333333333,2,2,CACAAGGCTGGGGATGGATG,0,2447531
mhpRp1,0.3333333333333333,2,2,CAATTTGGGTTACGCATATA,0,2442768
mhpRp1,0.3333333333333333,2,2,CAATTCTTCTAGAACTATAC,0,2471336
mhpRp1,0.3333333333333333,2,2,CAATTAGAGAACGCAACAAC,0,2446391
mhpRp1,0.3333333333333333,2,2,CAATGTCTAAGACAGGGTCC,0,2443156
mhpRp1,0.3333333333333333,2,2,CAATGGCTGACGGTTTGACG,0,2474904
mhpRp1,0.3333333333333333,2,2,CAATGCGTCGATGTACGTCT,0,2443369
mhpRp1,0.3333333333333333,2,2,CAATGCGCTTACTCACCGCA,0,2445857
mhpRp1,0.3333333333333333,2,2,CAATCCTGCGCGTGAGTAGA,0,2455428
mhpRp1,0.3333333333333333,2,2,CAATCACCGAAATAAGGTGC,0,2450217
mhpRp1,0.3333333333333333,2,2,CAATAGTGACGGCGTTGTGC,0,2465899
mhpRp1,0.3333333333333333,2,2,CAATAAATTTGCTGGCCTTC,0,2452173
mhpRp1,0.3333333333333333,2,2,CAATAAATCTGAGATGAGCC,0,2441140
mhpRp1,0.3333333333333333,2,2,CAAGTGCAAAGCTCCCCCTA,0,2450170
mhpRp1,0.3333333333333333,2,2,CAAGTCTCCGGTAGTGAGAC,0,2446101
mhpRp1,0.3333333333333333,2,2,CAAGGTCAGGAGGAATCCGG,0,2478264
mhpRp1,0.3333333333333333,2,2,CAAGGCCTAGCACCTAAGAT,0,2479024
mhpRp1,0.3333333333333333,2,2,CAAGGATCAGCTGCTATTCG,0,2465857
mhpRp1,0.3333333333333333,2,2,CAAGAGGGGGTTGGGGATTT,0,2426317
mhpRp1,0.3333333333333333,2,2,CAACTCCCCTGGACGCGAGA,0,2472013
mhpRp1,0.3333333333333333,2,2,CAACGTAATAGAATATGAAC,0,2433342
mhpRp1,0.3333333333333333,2,2,CAACGCGCCGTTGAGTTGGG,0,2452975
mhpRp1,0.3333333333333333,2,2,CAACCTTACGCTCCAACATT,0,2459421
mhpRp1,0.3333333333333333,2,2,CAACACAAGTGTTGGAAACG,0,2433544
mhpRp1,0.3333333333333333,2,2,CAACAAGCTAACCCATCGCG,0,2436289
mhpRp1,0.3333333333333333,2,2,CAAATGTACACGTGCCATCA,0,2475919
mhpRp1,0.3333333333333333,2,2,CAAAGTGTCCCCGCCGCGTT,0,2476735
mhpRp1,0.3333333333333333,2,2,CAAAGGTGTCCCAAAGAGGC,0,2475725
mhpRp1,0.3333333333333333,2,2,CAAAGAAGTGTTTTAATACG,0,2472141
mhpRp1,0.3333333333333333,2,2,CAAACTGCGTTTGCTTTGCC,0,2474165
mhpRp1,0.3333333333333333,2,2,CAAAACCACTCGAGTGATTG,0,2435978
mhpRp1,0.3333333333333333,2,2,ATTTTCACGAGAGCTCCAAG,0,2461065
mhpRp1,0.3333333333333333,2,2,ATTTGCCTACAAGCGGGAAA,0,2431203
mhpRp1,0.3333333333333333,2,2,ATTTGACTACCCCTTTGCAT,0,2463406
mhpRp1,0.3333333333333333,2,2,ATTTGAATTATGTCGATCAA,0,2455424
mhpRp1,0.3333333333333333,2,2,ATTTATTTAGTCCATATAAA,0,2448443
mhpRp1,0.3333333333333333,2,2,ATTTACAGATGAGTTCAGAT,0,2454624
mhpRp1,0.3333333333333333,2,2,ATTGTGTAGCACGCGCCTCC,0,2428632
mhpRp1,0.3333333333333333,2,2,ATTGGGTAATTTACGAAGAA,0,2447075
mhpRp1,0.3333333333333333,2,2,ATTGCGGTGAGGCTTAACTA,0,2476839
mhpRp1,0.3333333333333333,2,2,ATTGAAGCTTTGTAGTTAAC,0,2436558
mhpRp1,0.3333333333333333,2,2,ATTCGTGGCTCCACTCTCGT,0,2450522
mhpRp1,0.3333333333333333,2,2,ATTCGGTGGCTTCATTGCGG,0,2467367
mhpRp1,0.3333333333333333,2,2,ATTCGCGCTGTGATAAGTGA,0,2443527
mhpRp1,0.3333333333333333,2,2,ATTCGCGAGCTGCTCAATTA,0,2429728
mhpRp1,0.3333333333333333,2,2,ATTCCTGGCGTTCCCGTCCA,0,2454556
mhpRp1,0.3333333333333333,2,2,ATTATCATTCGATTGAGGGA,0,2425855
mhpRp1,0.3333333333333333,2,2,ATTATATGACAATCTTTCCT,0,2450380
mhpRp1,0.3333333333333333,2,2,ATTACTTGCGTCCCGAGAGC,0,2478104
mhpRp1,0.3333333333333333,2,2,ATTACTGTCGTCGGGGATGG,0,2463859
mhpRp1,0.3333333333333333,2,2,ATTACTGCGACGCGAGCGAT,0,2458913
mhpRp1,0.3333333333333333,2,2,ATTACAGTATAGTCCCATTT,0,2442659
mhpRp1,0.3333333333333333,2,2,ATTAAGGGTTGTAGAGTTTG,0,2433686
mhpRp1,0.3333333333333333,2,2,ATTAAAACAGAGTGTAGTAT,0,2431752
mhpRp1,0.3333333333333333,2,2,ATGTTCCGAAGCCAAAATCC,0,2458034
mhpRp1,0.3333333333333333,2,2,ATGTGGCAACAGTTTTGTCG,0,2432079
mhpRp1,0.3333333333333333,2,2,ATGTGAGTAAGTGGGTAGGG,0,2438128
mhpRp1,0.3333333333333333,2,2,ATGTCGGGCACCAAGGAGCG,0,2461060
mhpRp1,0.3333333333333333,2,2,ATGTCATGGATCCACTTCTT,0,2452258
mhpRp1,0.3333333333333333,2,2,ATGTCACTATCGAGCAGTAA,0,2467676
mhpRp1,0.3333333333333333,2,2,ATGTCAAAATCAATGAGGAT,0,2469175
mhpRp1,0.3333333333333333,2,2,ATGTATACTCGGTACCGTGC,0,2438120
mhpRp1,0.3333333333333333,2,2,ATGTAAGCAGCGCAGGACGA,0,2479006
mhpRp1,0.3333333333333333,2,2,ATGGTTGTGATCCAAGGGTA,0,2462338
mhpRp1,0.3333333333333333,2,2,ATGGGCGCGGTAGAAGGTCC,0,2448832
mhpRp1,0.3333333333333333,2,2,ATGGGATCAAGTTTGCGTGG,0,2466562
mhpRp1,0.3333333333333333,2,2,ATGGCGCAGAACTCATGGCA,0,2428756
mhpRp1,0.3333333333333333,2,2,ATGCTACATTGCCGCGTTAT,0,2468206
mhpRp1,0.3333333333333333,2,2,ATGCGTCCCTATACGGAGCA,0,2468662
mhpRp1,0.3333333333333333,2,2,ATGCGGACATTTCATGGTCC,0,2475777
mhpRp1,0.3333333333333333,2,2,ATGCCTGCAAGCGATCCCCT,0,2466282
mhpRp1,0.3333333333333333,2,2,ATGCCAGGCTTGAACCCCCC,0,2456446
mhpRp1,0.3333333333333333,2,2,ATGATTTGGTGTGAACTTAT,0,2426339
mhpRp1,0.3333333333333333,2,2,ATGATTAGAGGAATGTCGCG,0,2473425
mhpRp1,0.3333333333333333,2,2,ATGATGTCCTGAGGTCTGAA,0,2455155
mhpRp1,0.3333333333333333,2,2,ATGAGTGATTATCATTTCTG,0,2465243
mhpRp1,0.3333333333333333,2,2,ATGAGACACAGCGCGAATCG,0,2455919
mhpRp1,0.3333333333333333,2,2,ATGACGCTCGTACTTCGGGA,0,2472483
mhpRp1,0.3333333333333333,2,2,ATGACAATTCAATCCAGAGA,0,2452495
mhpRp1,0.3333333333333333,2,2,ATGAAGATGCTCATGGCTCC,0,2463999
mhpRp1,0.3333333333333333,2,2,ATGAAGAGGCACAGTCTGTT,0,2452408
mhpRp1,0.3333333333333333,2,2,ATGAACGTTCGTACGAACAG,0,2447392
mhpRp1,0.3333333333333333,2,2,ATCTTCTTGACATGACTGGT,0,2476143
mhpRp1,0.3333333333333333,2,2,ATCTCATGTGTGCTAGCTCA,0,2424153
mhpRp1,0.3333333333333333,2,2,ATCTAGGCTGCAGTCATCTT,0,2462420
mhpRp1,0.3333333333333333,2,2,ATCTAGATACTGGAGAGGAG,0,2433969
mhpRp1,0.3333333333333333,2,2,ATCGTTTGTTCCCTTAAGAA,0,2453443
mhpRp1,0.3333333333333333,2,2,ATCGTCCTGCATGCTCGCGT,0,2466788
mhpRp1,0.3333333333333333,2,2,ATCGCCCTTTAATATTCCGA,0,2475519
mhpRp1,0.3333333333333333,2,2,ATCGACCAGGACATCGATGT,0,2439971
mhpRp1,0.3333333333333333,2,2,ATCCGTTTTTAACTACTGGG,0,2437665
mhpRp1,0.3333333333333333,2,2,ATCCGTCGGTTGGTCCATGT,0,2434892
mhpRp1,0.3333333333333333,2,2,ATCCCCGACGAGTTGAGTGT,0,2432875
mhpRp1,0.3333333333333333,2,2,ATCCCAGGTCCGCGTTAGGT,0,2453604
mhpRp1,0.3333333333333333,2,2,ATCCCAAACTGCGGTGTAAG,0,2474499
mhpRp1,0.3333333333333333,2,2,ATCCATGCCTATCACAACAG,0,2453350
mhpRp1,0.3333333333333333,2,2,ATCCAGGCACGACCGCAATC,0,2456331
mhpRp1,0.3333333333333333,2,2,ATCCAAATAAAACCACAATT,0,2462861
mhpRp1,0.3333333333333333,2,2,ATCATATCAACGTGCAGTCC,0,2437538
mhpRp1,0.3333333333333333,2,2,ATCATAATTGCCCGTGTTTC,0,2478074
mhpRp1,0.3333333333333333,2,2,ATCAGGCCACGCCGTGCGGG,0,2456552
mhpRp1,0.3333333333333333,2,2,ATCAGGACCTCTATCGAGAT,0,2452587
mhpRp1,0.3333333333333333,2,2,ATCAATAATCTCTGCATAAG,0,2476922
mhpRp1,0.3333333333333333,2,2,ATCAAGCCAAGGGGCACTGG,0,2453468
mhpRp1,0.3333333333333333,2,2,ATCAACATTGAGGTTTCGGG,0,2473782
mhpRp1,0.3333333333333333,2,2,ATATGCGCTGAGCAAACGAT,0,2436309
mhpRp1,0.3333333333333333,2,2,ATATCTATATCTTCGGCGCT,0,2432121
mhpRp1,0.3333333333333333,2,2,ATATCACTAAGGCACGGTTC,0,2450791
mhpRp1,0.3333333333333333,2,2,ATATCACTAAAACGCTATTT,0,2464860
mhpRp1,0.3333333333333333,2,2,ATATACCCTTATAGAAATCT,0,2429661
mhpRp1,0.3333333333333333,2,2,ATAGTGTCCGTTATTAGCCT,0,2430679
mhpRp1,0.3333333333333333,2,2,ATAGGTATCCTGTTCAAAAT,0,2451062
mhpRp1,0.3333333333333333,2,2,ATAGGGGTTAGACAGATTCT,0,2462154
mhpRp1,0.3333333333333333,2,2,ATAGCATTAAGCCGAGGAAA,0,2440692
mhpRp1,0.3333333333333333,2,2,ATAGCATCTTCAAGGTGCGA,0,2437651
mhpRp1,0.3333333333333333,2,2,ATAGCAAGGTTTAGGGAAGA,0,2446095
mhpRp1,0.3333333333333333,2,2,ATAGAGGGGTTTTTTATAGT,0,2440256
mhpRp1,0.3333333333333333,2,2,ATACGCCAAGCCATAGCAGT,0,2447839
mhpRp1,0.3333333333333333,2,2,ATACCTCCATCTGTCTGTGG,0,2435395
mhpRp1,0.3333333333333333,2,2,ATAATGGACAGACTTCACAA,0,2472689
mhpRp1,0.3333333333333333,2,2,ATAAGTAGGCGTGAGGTGTT,0,2473257
mhpRp1,0.3333333333333333,2,2,ATAAGCACAGCATGCCCTCG,0,2427526
mhpRp1,0.3333333333333333,2,2,ATAAGACTCCGCGTCTCCTG,0,2441032
mhpRp1,0.3333333333333333,2,2,ATAACGGCTACACAACCTTC,0,2470380
mhpRp1,0.3333333333333333,2,2,ATAACGCGCGCTCGTTTCTG,0,2447210
mhpRp1,0.3333333333333333,2,2,ATAACAAGAGATCGTGACGG,0,2428498
mhpRp1,0.3333333333333333,2,2,ATAAAAGCAGACCAGAGAGA,0,2458708
mhpRp1,0.3333333333333333,2,2,AGTTTCTGATCTGTGGGGTA,0,2435663
mhpRp1,0.3333333333333333,2,2,AGTTTATCGCGAGGTAGATA,0,2454031
mhpRp1,0.3333333333333333,2,2,AGTTGTCTCACACTTCAAAA,0,2463286
mhpRp1,0.3333333333333333,2,2,AGTTGCGCAGGCTTTCGTGA,0,2455724
mhpRp1,0.3333333333333333,2,2,AGTTCTACGGCATTACTGAC,0,2449837
mhpRp1,0.3333333333333333,2,2,AGTGGTCCGCACTTGTATAG,0,2470337
mhpRp1,0.3333333333333333,2,2,AGTGGGTTTGTAATAGGCCA,0,2427082
mhpRp1,0.3333333333333333,2,2,AGTGGGGAAAAGATCCTAAC,0,2456310
mhpRp1,0.3333333333333333,2,2,AGTCTGTGGCTAGATACCTT,0,2428549
mhpRp1,0.3333333333333333,2,2,AGTCTCGTACGTACGTTGGC,0,2474150
mhpRp1,0.3333333333333333,2,2,AGTCTAGTCCAAGGCTATTT,0,2427963
mhpRp1,0.3333333333333333,2,2,AGTCGGAGGCTAACTTGGAG,0,2456821
mhpRp1,0.3333333333333333,2,2,AGTCGATTTAGTAGTGGACT,0,2462343
mhpRp1,0.3333333333333333,2,2,AGTCATCGGAGTGTTGATAT,0,2460528
mhpRp1,0.3333333333333333,2,2,AGTCAGATATGTCTAACCTA,0,2454631
mhpRp1,0.3333333333333333,2,2,AGTATTTGTCTCTCATAATG,0,2478354
mhpRp1,0.3333333333333333,2,2,AGTATGTCTGCAGTAGGTTT,0,2470080
mhpRp1,0.3333333333333333,2,2,AGTATCCAAAGCAGGCGTTC,0,2467074
mhpRp1,0.3333333333333333,2,2,AGTAGTCTTTCCAAATTAGG,0,2442930
mhpRp1,0.3333333333333333,2,2,AGTAGGTAAGGCTCTTCTTC,0,2438112
mhpRp1,0.3333333333333333,2,2,AGTAGGAGGAGGTGTACTTC,0,2424608
mhpRp1,0.3333333333333333,2,2,AGTACTTCGAAGCTGAACTG,0,2458311
mhpRp1,0.3333333333333333,2,2,AGTACATCGCACCGCCAAGG,0,2466731
mhpRp1,0.3333333333333333,2,2,AGTAACGGCCAGGGAGGGGG,0,2436020
mhpRp1,0.3333333333333333,2,2,AGTAACCCCCCAGATAGCAT,0,2458514
mhpRp1,0.3333333333333333,2,2,AGGTTGTGAAAGCTTTATGT,0,2446448
mhpRp1,0.3333333333333333,2,2,AGGTTGGTATGGTTCACGGA,0,2427667
mhpRp1,0.3333333333333333,2,2,AGGTGTTTGATCCCAGGAAT,0,2472763
mhpRp1,0.3333333333333333,2,2,AGGTGGCGGGCCGAAGTGTG,0,2447069
mhpRp1,0.3333333333333333,2,2,AGGTCAATGAGGGCGGCCGA,0,2425502
mhpRp1,0.3333333333333333,2,2,AGGTAGTTGTAGAGTCAGGT,0,2471459
mhpRp1,0.3333333333333333,2,2,AGGTAGGGTAGGCCGTTGCT,0,2438427
mhpRp1,0.3333333333333333,2,2,AGGTACGCATGAATCCTATA,0,2431890
mhpRp1,0.3333333333333333,2,2,AGGTAAGCTGATCGTGAGCT,0,2444355
mhpRp1,0.3333333333333333,2,2,AGGGTATCAAGGGCGCCAGT,0,2443358
mhpRp1,0.3333333333333333,2,2,AGGGTAAATCCCCATATGCA,0,2475234
mhpRp1,0.3333333333333333,2,2,AGGGGTTTCCTCCAAGACTG,0,2473890
mhpRp1,0.3333333333333333,2,2,AGGGGTTAGTGTTCATGGTC,0,2457387
mhpRp1,0.3333333333333333,2,2,AGGGGGTAAGCACAAGACAA,0,2459206
mhpRp1,0.3333333333333333,2,2,AGGGGGCGGTTAGAGACCTG,0,2475097
mhpRp1,0.3333333333333333,2,2,AGGGGCCATTGGGTATTTCG,0,2450631
mhpRp1,0.3333333333333333,2,2,AGGGCCAACTTTAGGTGTTG,0,2451993
mhpRp1,0.3333333333333333,2,2,AGGGAAAAATACACCATGCA,0,2428199
mhpRp1,0.3333333333333333,2,2,AGGCCTCAACGGGGGCCGCG,0,2469868
mhpRp1,0.3333333333333333,2,2,AGGATTTGATTGGCACAGGC,0,2456846
mhpRp1,0.3333333333333333,2,2,AGGAGAACGAGTCGTCGGCA,0,2466447
mhpRp1,0.3333333333333333,2,2,AGGACATCGGACGTGGAGTA,0,2472858
mhpRp1,0.3333333333333333,2,2,AGCTGGTTATGTCTATTTGT,0,2432720
mhpRp1,0.3333333333333333,2,2,AGCTGCATCACAAGTGGCCA,0,2450350
mhpRp1,0.3333333333333333,2,2,AGCTCTCATTTAACGCTTAC,0,2461256
mhpRp1,0.3333333333333333,2,2,AGCTCGGGCTTGCGTATGTA,0,2471234
mhpRp1,0.3333333333333333,2,2,AGCTCCTGATAACTCCGATA,0,2479156
mhpRp1,0.3333333333333333,2,2,AGCTAATCTATAATGCAGGC,0,2436198
mhpRp1,0.3333333333333333,2,2,AGCGGGAGGGTCAGGACGGA,0,2431986
mhpRp1,0.3333333333333333,2,2,AGCGCCCGGGTCAACATGGC,0,2451159
mhpRp1,0.3333333333333333,2,2,AGCGATGGTATTAGTAAATG,0,2474902
mhpRp1,0.3333333333333333,2,2,AGCGAAGGACAAGACGCGAC,0,2437602
mhpRp1,0.3333333333333333,2,2,AGCCTGGTCATTAATATGCT,0,2454644
mhpRp1,0.3333333333333333,2,2,AGCCTCGTATCTGTATACCG,0,2467404
mhpRp1,0.3333333333333333,2,2,AGCCTATACTTAAGCTTAGG,0,2456949
mhpRp1,0.3333333333333333,2,2,AGCCCCTGCTATGACTTCAC,0,2433971
mhpRp1,0.3333333333333333,2,2,AGCCCAGTTTGCCGGCGGTG,0,2465426
mhpRp1,0.3333333333333333,2,2,AGCATTTTATCTAGTAAGAG,0,2458061
mhpRp1,0.3333333333333333,2,2,AGCATGATGTTACCCATTGA,0,2460755
mhpRp1,0.3333333333333333,2,2,AGCATACCTAGGATCACTAT,0,2476311
mhpRp1,0.3333333333333333,2,2,AGCAGCAGATCACGCAATCA,0,2427680
mhpRp1,0.3333333333333333,2,2,AGCAGAACTTGCTGATAGAA,0,2479547
mhpRp1,0.3333333333333333,2,2,AGCACAGGGGTCGCGTAGAT,0,2429890
mhpRp1,0.3333333333333333,2,2,AGCACAAGTCAACTCTTAAA,0,2433366
mhpRp1,0.3333333333333333,2,2,AGCAATAATGGACTGTGCAT,0,2446300
mhpRp1,0.3333333333333333,2,2,AGCAAAGTCGTGGATGTATG,0,2456063
mhpRp1,0.3333333333333333,2,2,AGCAAAACTGGAGGCAAAAG,0,2449589
mhpRp1,0.3333333333333333,2,2,AGATTTCGCATAGTTATTTT,0,2459387
mhpRp1,0.3333333333333333,2,2,AGATTTACAAGAGTCTATGC,0,2473928
mhpRp1,0.3333333333333333,2,2,AGATTCTGGCTGACGAGAGA,0,2469232
mhpRp1,0.3333333333333333,2,2,AGATGGTGTTTTACGGGAGA,0,2425578
mhpRp1,0.3333333333333333,2,2,AGATGGGCTTTCACAGGTCA,0,2429217
mhpRp1,0.3333333333333333,2,2,AGATCGCTGTGCTGTATGGA,0,2478758
mhpRp1,0.3333333333333333,2,2,AGATCCTTAACGGCTTTCTT,0,2477807
mhpRp1,0.3333333333333333,2,2,AGAGGCCAACCGAGCAGGTT,0,2445006
mhpRp1,0.3333333333333333,2,2,AGAGGAATGATGGCATCCAT,0,2453292
mhpRp1,0.3333333333333333,2,2,AGAGCTTGGCTGGGGGATAT,0,2468321
mhpRp1,0.3333333333333333,2,2,AGAGCTTACCACCGTGACCG,0,2434825
mhpRp1,0.3333333333333333,2,2,AGAGAGGGAGTCTTGACAAT,0,2432689
mhpRp1,0.3333333333333333,2,2,AGAGAGCTAACGCAACCACC,0,2459601
mhpRp1,0.3333333333333333,2,2,AGAGAAAACGTTTTGATAGC,0,2478736
mhpRp1,0.3333333333333333,2,2,AGACTGCCACACACAACGAG,0,2458038
mhpRp1,0.3333333333333333,2,2,AGACTGCAGAGAGTCCTCGG,0,2451088
mhpRp1,0.3333333333333333,2,2,AGACGATGAGCTCGCGCATT,0,2469811
mhpRp1,0.3333333333333333,2,2,AGACGAGTTTGACGTAAGCT,0,2473230
mhpRp1,0.3333333333333333,2,2,AGACCTGCATTCCGTGAGTA,0,2462228
mhpRp1,0.3333333333333333,2,2,AGACCGCATTGTTGGGAGAA,0,2434478
mhpRp1,0.3333333333333333,2,2,AGACATTCGAAATTCTGTTC,0,2443631
mhpRp1,0.3333333333333333,2,2,AGACATGGTAGAGTATACCT,0,2430869
mhpRp1,0.3333333333333333,2,2,AGACATCCTAGCATGAGGAC,0,2467005
mhpRp1,0.3333333333333333,2,2,AGAATTATCATCCGTACGAG,0,2441303
mhpRp1,0.3333333333333333,2,2,AGAATGGTAGGTGTAATGAA,0,2446607
mhpRp1,0.3333333333333333,2,2,AGAAATTGGGAGGAGTGATT,0,2457845
mhpRp1,0.3333333333333333,2,2,AGAAAGGGAAGGTATACGAA,0,2477493
mhpRp1,0.3333333333333333,2,2,ACTTTTAATTCCTCATGTTG,0,2428980
mhpRp1,0.3333333333333333,2,2,ACTTTGAGGTATGGAGCCGG,0,2462003
mhpRp1,0.3333333333333333,2,2,ACTTTGAAAAGCTCTTTGTC,0,2442729
mhpRp1,0.3333333333333333,2,2,ACTTGTCAGCACTGGAAACG,0,2430633
mhpRp1,0.3333333333333333,2,2,ACTTGGGCACGGGACCAGGA,0,2460912
mhpRp1,0.3333333333333333,2,2,ACTTGATGGGATGCGGATGC,0,2424034
mhpRp1,0.3333333333333333,2,2,ACTTGAACACTTTGGTGGTT,0,2425115
mhpRp1,0.3333333333333333,2,2,ACTTCCACACGGTACTGTGA,0,2436074
mhpRp1,0.3333333333333333,2,2,ACTTATGCTTCAGGTGAGGA,0,2435156
mhpRp1,0.3333333333333333,2,2,ACTTATGAGTACGGGTGCAA,0,2467920
mhpRp1,0.3333333333333333,2,2,ACTGTTACTCGCGTGCATTA,0,2475503
mhpRp1,0.3333333333333333,2,2,ACTGTCACTACGATCCTATA,0,2433199
mhpRp1,0.3333333333333333,2,2,ACTGTAAAGTTAGGGGTGGT,0,2465777
mhpRp1,0.3333333333333333,2,2,ACTGCTGTTACGCTCATGTT,0,2426196
mhpRp1,0.3333333333333333,2,2,ACTGCGGTCGAACTAGCTTA,0,2429158
mhpRp1,0.3333333333333333,2,2,ACTGATTAGGGCACCGCTGT,0,2454318
mhpRp1,0.3333333333333333,2,2,ACTGAGTTCGTATACGGAAT,0,2457821
mhpRp1,0.3333333333333333,2,2,ACTGAGCCGTTATAAAGAAA,0,2475354
mhpRp1,0.3333333333333333,2,2,ACTGAATGGACAACTGTGTA,0,2449420
mhpRp1,0.3333333333333333,2,2,ACTCGACCAGATTTGTGAAT,0,2460749
mhpRp1,0.3333333333333333,2,2,ACTCCACCGCCTAACATACT,0,2452420
mhpRp1,0.3333333333333333,2,2,ACTCCAAAACCCGCAAACGA,0,2463425
mhpRp1,0.3333333333333333,2,2,ACTCATACTAAAAGTTGTTT,0,2454682
mhpRp1,0.3333333333333333,2,2,ACTCAGTCGATCGGGACTAT,0,2440914
mhpRp1,0.3333333333333333,2,2,ACTCAGCTTTCGGTGGATAT,0,2451140
mhpRp1,0.3333333333333333,2,2,ACTATTCGACCAAATGGAAG,0,2453638
mhpRp1,0.3333333333333333,2,2,ACTATGGAATTGGGTAATAA,0,2470848
mhpRp1,0.3333333333333333,2,2,ACTATCATCTACTGTGACGC,0,2450957
mhpRp1,0.3333333333333333,2,2,ACTATAACCGCACGTAGACA,0,2463505
mhpRp1,0.3333333333333333,2,2,ACTAGCGTAATCTCGATTTG,0,2458979
mhpRp1,0.3333333333333333,2,2,ACTACGAAAGCTGAGGGCTC,0,2455303
mhpRp1,0.3333333333333333,2,2,ACTACCCAAAATTCGTTGAA,0,2434904
mhpRp1,0.3333333333333333,2,2,ACGTTTCACGCTTTGTATGA,0,2461491
mhpRp1,0.3333333333333333,2,2,ACGTTGGTATGGCTAAAGTG,0,2443046
mhpRp1,0.3333333333333333,2,2,ACGTTGATATAAATCTCGTA,0,2466621
mhpRp1,0.3333333333333333,2,2,ACGTGTTCAGGGCTATTACT,0,2461557
mhpRp1,0.3333333333333333,2,2,ACGTGGACGTCAGACCTTTA,0,2435794
mhpRp1,0.3333333333333333,2,2,ACGTCTTTCCTGTGCGGCGA,0,2476428
mhpRp1,0.3333333333333333,2,2,ACGTCGCTTGGGTAGAGTAG,0,2428868
mhpRp1,0.3333333333333333,2,2,ACGTCGCGGTCATTAGTTAG,0,2425422
mhpRp1,0.3333333333333333,2,2,ACGTCCCATTGGTCATTTCC,0,2432841
mhpRp1,0.3333333333333333,2,2,ACGGGTACCTATGTCAAGAG,0,2445790
mhpRp1,0.3333333333333333,2,2,ACGGGGGACCGTCGGGAGAA,0,2474648
mhpRp1,0.3333333333333333,2,2,ACGGCTGCTATGCATCCAGT,0,2424406
mhpRp1,0.3333333333333333,2,2,ACGGCGGATCACAGCACTCC,0,2464611
mhpRp1,0.3333333333333333,2,2,ACGGCCTTTCGTCTGGGTTC,0,2441496
mhpRp1,0.3333333333333333,2,2,ACGGCCGGATAGGGACTTTC,0,2432442
mhpRp1,0.3333333333333333,2,2,ACGGAGCCGCTCTGCTAGTG,0,2434630
mhpRp1,0.3333333333333333,2,2,ACGGACCTTCATCTATTGCA,0,2475603
mhpRp1,0.3333333333333333,2,2,ACGCTTTCCACGAAACTTAT,0,2459823
mhpRp1,0.3333333333333333,2,2,ACGCTTGCAGCGGCCATATA,0,2437416
mhpRp1,0.3333333333333333,2,2,ACGCTCGAAGAGTCGCATGT,0,2455897
mhpRp1,0.3333333333333333,2,2,ACGCGTCGGAGGGGTTTTGC,0,2447015
mhpRp1,0.3333333333333333,2,2,ACGCGATCCTTATAGACCAA,0,2438841
mhpRp1,0.3333333333333333,2,2,ACGCGAGAGTTGGGTGCAGG,0,2441464
mhpRp1,0.3333333333333333,2,2,ACGCCTATCTAAGTTCCTGT,0,2454595
mhpRp1,0.3333333333333333,2,2,ACGCCATTACGTAGACATCA,0,2439201
mhpRp1,0.3333333333333333,2,2,ACGCCATCAAACAAAATAGT,0,2438358
mhpRp1,0.3333333333333333,2,2,ACGCATCTTGACAAATGATG,0,2433072
mhpRp1,0.3333333333333333,2,2,ACGCACCGGTGATCGGGCTC,0,2465686
mhpRp1,0.3333333333333333,2,2,ACGATTCCTTACACAGGACC,0,2474973
mhpRp1,0.3333333333333333,2,2,ACGATCTCTCTACAGACACA,0,2428499
mhpRp1,0.3333333333333333,2,2,ACGAGCAATGACTGCTCCTT,0,2459748
mhpRp1,0.3333333333333333,2,2,ACGAGCAAAGAGTAGTCTTA,0,2425315
mhpRp1,0.3333333333333333,2,2,ACGACTGGGAGCTGCTAAAA,0,2445671
mhpRp1,0.3333333333333333,2,2,ACGACCCGTCTCGGCCACTG,0,2442153
mhpRp1,0.3333333333333333,2,2,ACGACCATCGTTAGCGCTGC,0,2460535
mhpRp1,0.3333333333333333,2,2,ACGAAAGATTGCAGGCGCTA,0,2449219
mhpRp1,0.3333333333333333,2,2,ACCTGTGAATGGATGGTACG,0,2424357
mhpRp1,0.3333333333333333,2,2,ACCTGATCCGAACTGAATAC,0,2452918
mhpRp1,0.3333333333333333,2,2,ACCTAGCGGCTTAATATTAA,0,2466385
mhpRp1,0.3333333333333333,2,2,ACCGTTTGCGTGGGTGTTGA,0,2430758
mhpRp1,0.3333333333333333,2,2,ACCGTCCTCCCGGACTGGAA,0,2467240
mhpRp1,0.3333333333333333,2,2,ACCGTAACAGGGCCGGGTGC,0,2435488
mhpRp1,0.3333333333333333,2,2,ACCGGGCCTAATAGGTACTG,0,2454578
mhpRp1,0.3333333333333333,2,2,ACCGATCTACGAAAAGACCC,0,2423827
mhpRp1,0.3333333333333333,2,2,ACCGAGTGGCCTCCGCTTTA,0,2442475
mhpRp1,0.3333333333333333,2,2,ACCGACCCACACCAACGAGT,0,2460538
mhpRp1,0.3333333333333333,2,2,ACCCTCAGTCCCCGCACACC,0,2429148
mhpRp1,0.3333333333333333,2,2,ACCCTCACTAGACGATACAC,0,2439431
mhpRp1,0.3333333333333333,2,2,ACCCGAAGGTAAGAACAATG,0,2431038
mhpRp1,0.3333333333333333,2,2,ACCCCTATGTGGGACGCTCG,0,2432959
mhpRp1,0.3333333333333333,2,2,ACCCCCTCAGGCGAGGGAGG,0,2430993
mhpRp1,0.3333333333333333,2,2,ACCCATACCATCTATATTTA,0,2431341
mhpRp1,0.3333333333333333,2,2,ACCCAGGTTTCGTAGGTGCC,0,2442928
mhpRp1,0.3333333333333333,2,2,ACCCAAGGGATGGTTACCAC,0,2470438
mhpRp1,0.3333333333333333,2,2,ACCCAAACTGCAGCTCTTAA,0,2468543
mhpRp1,0.3333333333333333,2,2,ACCATTTGCGACGGCGCCAA,0,2446359
mhpRp1,0.3333333333333333,2,2,ACCAGAACGGCGGTTAGCGG,0,2450849
mhpRp1,0.3333333333333333,2,2,ACCACTCATTGAGGACATTG,0,2465961
mhpRp1,0.3333333333333333,2,2,ACCAAACCTTAGCTAGCAGT,0,2439827
mhpRp1,0.3333333333333333,2,2,ACATTTAAACACCTCTAATA,0,2438970
mhpRp1,0.3333333333333333,2,2,ACATGTGCTCATGGCTTCCA,0,2457100
mhpRp1,0.3333333333333333,2,2,ACATCTTCGAACAGGATTGC,0,2446649
mhpRp1,0.3333333333333333,2,2,ACATCGGGAGAGTCCAAAGG,0,2438833
mhpRp1,0.3333333333333333,2,2,ACATCGACAGAATAATCGAG,0,2453847
mhpRp1,0.3333333333333333,2,2,ACAGTGTTCTTATGTGCAAT,0,2443507
mhpRp1,0.3333333333333333,2,2,ACAGTAGAAGCCGAGGGCTG,0,2470546
mhpRp1,0.3333333333333333,2,2,ACAGGGGCAATAATCTCAAG,0,2426440
mhpRp1,0.3333333333333333,2,2,ACAGGGAAATCCGAGCAACT,0,2473417
mhpRp1,0.3333333333333333,2,2,ACAGGACACGATAGCTTTAA,0,2440424
mhpRp1,0.3333333333333333,2,2,ACACTGGGTCGCACCGCTGC,0,2455876
mhpRp1,0.3333333333333333,2,2,ACACTGAGCAGCTGTCATTG,0,2453623
mhpRp1,0.3333333333333333,2,2,ACACTATTGATGGCGCTATT,0,2465744
mhpRp1,0.3333333333333333,2,2,ACACGACGCGAATAAACAGT,0,2440093
mhpRp1,0.3333333333333333,2,2,ACACCTTACGACCTTAATGA,0,2475417
mhpRp1,0.3333333333333333,2,2,ACACCTGGGCATGTGGGTGA,0,2438289
mhpRp1,0.3333333333333333,2,2,ACACCCGGAACAGTCCTCTT,0,2455725
mhpRp1,0.3333333333333333,2,2,ACACCCAAATGAACATTCTG,0,2475359
mhpRp1,0.3333333333333333,2,2,ACAATGTAAATCGGAACTGT,0,2428625
mhpRp1,0.3333333333333333,2,2,ACAATGCGTAAGCTTCTAGC,0,2473225
mhpRp1,0.3333333333333333,2,2,ACAAGCGTGGCATGAGGCTG,0,2467272
mhpRp1,0.3333333333333333,2,2,ACAAACTACCTGTCTTGGTA,0,2472173
mhpRp1,0.3333333333333333,2,2,AATTGTGAATTTATACCCGA,0,2455134
mhpRp1,0.3333333333333333,2,2,AATTGCGTGCCTATCGGAGG,0,2458071
mhpRp1,0.3333333333333333,2,2,AATTCCCCGAGATTGCGGAG,0,2437526
mhpRp1,0.3333333333333333,2,2,AATTCCAGATGTAACGTACA,0,2450300
mhpRp1,0.3333333333333333,2,2,AATTATGCACCGCCCCGTAC,0,2456714
mhpRp1,0.3333333333333333,2,2,AATTAGGTTCTTACCCATTT,0,2432232
mhpRp1,0.3333333333333333,2,2,AATTAGGAGCTCAGTAGACA,0,2462107
mhpRp1,0.3333333333333333,2,2,AATGTCGGGAGCCCCCCGAG,0,2427958
mhpRp1,0.3333333333333333,2,2,AATGTAGGCCCTCAGACCTT,0,2425112
mhpRp1,0.3333333333333333,2,2,AATGGAAGGGTATTCTTGGT,0,2461252
mhpRp1,0.3333333333333333,2,2,AATGCGACGTCTCAAATGTA,0,2475180
mhpRp1,0.3333333333333333,2,2,AATGATAGGTAATCAGATAC,0,2442960
mhpRp1,0.3333333333333333,2,2,AATGACAGGATGATATTTAC,0,2440029
mhpRp1,0.3333333333333333,2,2,AATCGTCAGGCGTCGGCATA,0,2458573
mhpRp1,0.3333333333333333,2,2,AATCGGTCGGAATGCCCCCC,0,2452601
mhpRp1,0.3333333333333333,2,2,AATCGCGCAATTCGACAAGA,0,2473993
mhpRp1,0.3333333333333333,2,2,AATCGCAATCGCAGGATACT,0,2465536
mhpRp1,0.3333333333333333,2,2,AATCCCGGACTCCGACCGGT,0,2459240
mhpRp1,0.3333333333333333,2,2,AATCAGATTCGAGGCTTGTT,0,2473325
mhpRp1,0.3333333333333333,2,2,AATCAGAATTGATCCTGCGC,0,2435507
mhpRp1,0.3333333333333333,2,2,AATCACACTATATGAGTTAT,0,2439883
mhpRp1,0.3333333333333333,2,2,AATCACACAGCCGACAGTTA,0,2442227
mhpRp1,0.3333333333333333,2,2,AATATGGGATCACAAGACCC,0,2432064
mhpRp1,0.3333333333333333,2,2,AATATCGGGGACGTAGAGAC,0,2462008
mhpRp1,0.3333333333333333,2,2,AATAGGTTAGGTTATTATTC,0,2440930
mhpRp1,0.3333333333333333,2,2,AATAGATAATCAGTAGCATC,0,2443125
mhpRp1,0.3333333333333333,2,2,AATACTCCCGCGACCAAATT,0,2452905
mhpRp1,0.3333333333333333,2,2,AATACATTGGTGGAGGCAAA,0,2443592
mhpRp1,0.3333333333333333,2,2,AATACATCTTGATGGAGGTC,0,2446472
mhpRp1,0.3333333333333333,2,2,AATAACTTACCTGCCGACCT,0,2436205
mhpRp1,0.3333333333333333,2,2,AAGTTTATTCGGCAACGTGC,0,2469952
mhpRp1,0.3333333333333333,2,2,AAGTTCAAGCTATTCTGCAC,0,2434275
mhpRp1,0.3333333333333333,2,2,AAGTCTGTCGCACTCCCCGC,0,2476282
mhpRp1,0.3333333333333333,2,2,AAGTCTATCGGCCTGTCACA,0,2444060
mhpRp1,0.3333333333333333,2,2,AAGTCGAGTGAGTTAAGCCT,0,2444649
mhpRp1,0.3333333333333333,2,2,AAGTAGGGTATCCCACTCGC,0,2467506
mhpRp1,0.3333333333333333,2,2,AAGGTCGGTTATTACTTGGT,0,2444502
mhpRp1,0.3333333333333333,2,2,AAGGTATTCGGTAACTGTCA,0,2442215
mhpRp1,0.3333333333333333,2,2,AAGGGGGGTACAGTACAGTT,0,2462426
mhpRp1,0.3333333333333333,2,2,AAGGGACAATCGCGTCGGTG,0,2466604
mhpRp1,0.3333333333333333,2,2,AAGGCTCTCTGGTCTTGCAT,0,2430592
mhpRp1,0.3333333333333333,2,2,AAGGCCAAGTGCTATGAGGT,0,2454761
mhpRp1,0.3333333333333333,2,2,AAGGATAACGCAATGGAACT,0,2433764
mhpRp1,0.3333333333333333,2,2,AAGCTGGTAAGGAAGTGTTA,0,2435066
mhpRp1,0.3333333333333333,2,2,AAGCGTACTTCCACCACCAG,0,2459448
mhpRp1,0.3333333333333333,2,2,AAGCGGTGTTATCCCCGATC,0,2469421
mhpRp1,0.3333333333333333,2,2,AAGCGCGAGTCCTCGAAAAG,0,2424159
mhpRp1,0.3333333333333333,2,2,AAGCCTAAGATCCTGACTGT,0,2437549
mhpRp1,0.3333333333333333,2,2,AAGCCCTATTTCCGGCCAGG,0,2454774
mhpRp1,0.3333333333333333,2,2,AAGCATGTCGGTAGAGATTA,0,2452307
mhpRp1,0.3333333333333333,2,2,AAGCAGAGTATACAAGAGCC,0,2462224
mhpRp1,0.3333333333333333,2,2,AAGCACACTACGCATAGGTG,0,2458239
mhpRp1,0.3333333333333333,2,2,AAGAGCGCGGATACCTATTG,0,2453215
mhpRp1,0.3333333333333333,2,2,AAGAGATAGTGGTAACCCGG,0,2477933
mhpRp1,0.3333333333333333,2,2,AAGACGAGTTAACTGGTTTA,0,2460797
mhpRp1,0.3333333333333333,2,2,AAGAAGAGAGCATTCATAAT,0,2439277
mhpRp1,0.3333333333333333,2,2,AACTGCTTTCCGCCACGGAC,0,2446063
mhpRp1,0.3333333333333333,2,2,AACTGCTATCACACAACGTC,0,2460744
mhpRp1,0.3333333333333333,2,2,AACTGACCAAGGTTTTGATC,0,2462561
mhpRp1,0.3333333333333333,2,2,AACTCGACGTGACGCATAAG,0,2448890
mhpRp1,0.3333333333333333,2,2,AACTATCAAGTTACGGCGCT,0,2468713
mhpRp1,0.3333333333333333,2,2,AACTAAGTCGCGTGCGGATG,0,2464950
mhpRp1,0.3333333333333333,2,2,AACTAAACAAGACTCAGCAT,0,2476175
mhpRp1,0.3333333333333333,2,2,AACGTGAATGAGCTGTGAGA,0,2453088
mhpRp1,0.3333333333333333,2,2,AACGTCGGCGAAAGGCTAGT,0,2472952
mhpRp1,0.3333333333333333,2,2,AACGTAGCAGTAGCTAGCGC,0,2431501
mhpRp1,0.3333333333333333,2,2,AACGGCATTTTTTCAGGCTA,0,2462607
mhpRp1,0.3333333333333333,2,2,AACGCTGGTCGGCGTATCAA,0,2432787
mhpRp1,0.3333333333333333,2,2,AACGAGCAACCTTATGCCGT,0,2457349
mhpRp1,0.3333333333333333,2,2,AACGAAACGTGATCGCTAAT,0,2433864
mhpRp1,0.3333333333333333,2,2,AACATGCGCAGCAAAGTCGG,0,2474336
mhpRp1,0.3333333333333333,2,2,AACATATGGCGTCACGGCCG,0,2468983
mhpRp1,0.3333333333333333,2,2,AACAGTAACTTGGTATCGAT,0,2441335
mhpRp1,0.3333333333333333,2,2,AACACAGAGATGGAGTCGGG,0,2425587
mhpRp1,0.3333333333333333,2,2,AACAAAAATGCTCGGGAATA,0,2450084
mhpRp1,0.3333333333333333,2,2,AAATTTAGGAGTGCTCATGT,0,2461375
mhpRp1,0.3333333333333333,2,2,AAATTGTGTGGTCTCCGCCA,0,2427851
mhpRp1,0.3333333333333333,2,2,AAATTGACTTTCCAATGCAT,0,2438531
mhpRp1,0.3333333333333333,2,2,AAATTCGATGCCCTTCTGCG,0,2454548
mhpRp1,0.3333333333333333,2,2,AAATTAACCTTAAGAGTGAG,0,2443413
mhpRp1,0.3333333333333333,2,2,AAATGTTTAGATTTCGTGGG,0,2432821
mhpRp1,0.3333333333333333,2,2,AAATCGGACAACATATAGTG,0,2444405
mhpRp1,0.3333333333333333,2,2,AAATATTTGCCTGAAAAGAG,0,2446488
mhpRp1,0.3333333333333333,2,2,AAATACGAAGATTACAAGCA,0,2464572
mhpRp1,0.3333333333333333,2,2,AAAGTTACTGACCTTGGCAA,0,2445959
mhpRp1,0.3333333333333333,2,2,AAAGTCTTATGAAGTTAATA,0,2455743
mhpRp1,0.3333333333333333,2,2,AAAGTCTGAGTCCGTGGACA,0,2464739
mhpRp1,0.3333333333333333,2,2,AAAGTAGCGCTCCGACTCTC,0,2424124
mhpRp1,0.3333333333333333,2,2,AAAGGATGCTTCTGTCACTG,0,2477128
mhpRp1,0.3333333333333333,2,2,AAAGCTTGATCTTTCTCGGC,0,2437192
mhpRp1,0.3333333333333333,2,2,AAAGCTCTCACATCTTTGAA,0,2457599
mhpRp1,0.3333333333333333,2,2,AAAGCTCAAGCGCTTAGTAT,0,2438124
mhpRp1,0.3333333333333333,2,2,AAAGCGTGATGTCTAGCCAT,0,2451553
mhpRp1,0.3333333333333333,2,2,AAAGCGAGGTCCGGCGGTTG,0,2470494
mhpRp1,0.3333333333333333,2,2,AAACGTGAACAAAACGCTGC,0,2448682
mhpRp1,0.3333333333333333,2,2,AAACGTCTGATTGAAGCCCT,0,2463908
mhpRp1,0.3333333333333333,2,2,AAACACCGAACACGTATCTC,0,2444740
mhpRp1,0.3333333333333333,2,2,AAAATGGAAGGGGTAGAGCT,0,2454731
mhpRp1,0.3333333333333333,2,2,AAAATCGGTTGAACCATGTT,0,2449945
mhpRp1,0.3333333333333333,2,2,AAAATAGGGGCATTGGTTAA,0,2434013
mhpRp1,0.3333333333333333,2,2,AAAAGCGTATGCGAGGATTG,0,2476295
mhpRp1,0.3333333333333333,2,2,AAAACTTTGTAGCCTGCAAG,0,2478785
mhpRp1,0.3333333333333333,2,2,AAAACACGCGGCACTGGAAA,0,2478821
mhpRp1,0.3333333333333333,2,2,AAAAATCTCAGTGTGGATAC,0,2431241
mhpRp1,0.5,1,1,TTTTTCAACTAGCCAAAGGA,0,2429357
mhpRp1,0.5,1,1,TTTTTATTAGATCCGGGCAT,0,2437893
mhpRp1,0.5,1,1,TTTTGTGGTTATCTCCGGTT,0,2470604
mhpRp1,0.5,1,1,TTTTCGTTACAGCATAGCAA,0,2442121
mhpRp1,0.5,1,1,TTTTCGCGATCCAGAGCTGT,0,2455166
mhpRp1,0.5,1,1,TTTTATGGGGGCTCAATCAT,0,2461948
mhpRp1,0.5,1,1,TTTGTGGGCATTAGAGCAAC,0,2477197
mhpRp1,0.5,1,1,TTTGTACTAGGGTGTGAGGG,0,2442347
mhpRp1,0.5,1,1,TTTGTAAATATTGAAACCTT,0,2470486
mhpRp1,0.5,1,1,TTTGGGGGGTTCTTGCGAGA,0,2450734
mhpRp1,0.5,1,1,TTTGCTTGTTCTACCTAACT,0,2431194
mhpRp1,0.5,1,1,TTTGCTCTGTTACGCAAGTT,0,2471549
mhpRp1,0.5,1,1,TTTGCTATCGCTTGACGATA,0,2448517
mhpRp1,0.5,1,1,TTTGCGTACCAACTTAGTCT,0,2468820
mhpRp1,0.5,1,1,TTTGCGAGCGAGGAAAAAGA,0,2444931
mhpRp1,0.5,1,1,TTTGCCGTCAACTAAGGAAT,0,2456897
mhpRp1,0.5,1,1,TTTCTTACGAGCTCATATGT,0,2459769
mhpRp1,0.5,1,1,TTTCTGGATGCTACTATTGG,0,2431596
mhpRp1,0.5,1,1,TTTCGTGTCAACTTCCGATT,0,2473808
mhpRp1,0.5,1,1,TTTCGTGGACCCGCTACCGT,0,2442300
mhpRp1,0.5,1,1,TTTCGGGTCGATGCGCCCTT,0,2456026
mhpRp1,0.5,1,1,TTTCGCCCTAAATCACTGTC,0,2470747
mhpRp1,0.5,1,1,TTTCCCTACTTTCGCGGCGT,0,2427599
mhpRp1,0.5,1,1,TTTCCCAGGGTTCTGGCCTA,0,2474391
mhpRp1,0.5,1,1,TTTCCAGTACGCCTGAACTT,0,2452982
mhpRp1,0.5,1,1,TTTCATTTATTACACAGTAC,0,2473167
mhpRp1,0.5,1,1,TTTCATCCGGCTGCCGGACA,0,2453245
mhpRp1,0.5,1,1,TTTCACCCATTCTTACACTG,0,2458666
mhpRp1,0.5,1,1,TTTCAACAGCAGCGCGGCTG,0,2454194
mhpRp1,0.5,1,1,TTTAGCGTCCGAGATTCAAG,0,2440619
mhpRp1,0.5,1,1,TTTAGCAGATTTCGTACGTA,0,2475013
mhpRp1,0.5,1,1,TTTACCTGCTACTGTGGATA,0,2441882
mhpRp1,0.5,1,1,TTGTTTCATCCCTCAGTTTT,0,2449823
mhpRp1,0.5,1,1,TTGTTTAGTCCTGGTAGCTA,0,2475685
mhpRp1,0.5,1,1,TTGTGTCCGTGTCGAGGAAC,0,2453712
mhpRp1,0.5,1,1,TTGTGACGGCGGACTGACAC,0,2440397
mhpRp1,0.5,1,1,TTGTCTTATGGGGATCCATC,0,2458333
mhpRp1,0.5,1,1,TTGTAAGAATTCGGTACACT,0,2446541
mhpRp1,0.5,1,1,TTGGTTTCAATCGGTTACGG,0,2439820
mhpRp1,0.5,1,1,TTGGTTAATAGACCCGTAGA,0,2470805
mhpRp1,0.5,1,1,TTGGTGCGTTCCCCGTTGGT,0,2476447
mhpRp1,0.5,1,1,TTGGTGATAGCCGGCGTCCA,0,2427649
mhpRp1,0.5,1,1,TTGGGAGGTTACAAAGTCGC,0,2448561
mhpRp1,0.5,1,1,TTGGCGCCAAGGCTCTCTGC,0,2448254
mhpRp1,0.5,1,1,TTGGATCGAACAGCCGACCG,0,2464399
mhpRp1,0.5,1,1,TTGGAGTTTTGGGAGTACGA,0,2463410
mhpRp1,0.5,1,1,TTGGAGCATGACCTACACCA,0,2452845
mhpRp1,0.5,1,1,TTGGAAAAACGCTTTCACAG,0,2479112
mhpRp1,0.5,1,1,TTGCTTGCTAATTGCGTTGA,0,2454412
mhpRp1,0.5,1,1,TTGCTTAGCGCAAGGCAGGG,0,2435867
mhpRp1,0.5,1,1,TTGCTCCCAAGTTCCTAATT,0,2429052
mhpRp1,0.5,1,1,TTGCTAGCACCGAACAAGGT,0,2478479
mhpRp1,0.5,1,1,TTGCGTTCGTGCACACAGAG,0,2442584
mhpRp1,0.5,1,1,TTGCGTGGCATTTTATTCGT,0,2462029
mhpRp1,0.5,1,1,TTGCCTGGGAACGGCTTTAG,0,2469117
mhpRp1,0.5,1,1,TTGCCACTCATGTCTTGTCG,0,2469499
mhpRp1,0.5,1,1,TTGCAGCGGCACTTAGAGAG,0,2470965
mhpRp1,0.5,1,1,TTGCAGCCCGGATCCCTTAA,0,2442626
mhpRp1,0.5,1,1,TTGCACGAATGAGTCCACGA,0,2447420
mhpRp1,0.5,1,1,TTGATGCTATCGGTAACAGT,0,2458562
mhpRp1,0.5,1,1,TTGAGGTAATTCCAACCACA,0,2456463
mhpRp1,0.5,1,1,TTGACGTGTTAGCTGAAAAG,0,2441413
mhpRp1,0.5,1,1,TTGACCTCCGAGCCCATAGA,0,2466557
mhpRp1,0.5,1,1,TTGACAGATGGCGTGATCTT,0,2427313
mhpRp1,0.5,1,1,TTGACACCGACGAGCGACAT,0,2429372
mhpRp1,0.5,1,1,TTGAAGCCTAAGCAGTACAG,0,2442082
mhpRp1,0.5,1,1,TTGAAGATCAATGCACGGCG,0,2424186
mhpRp1,0.5,1,1,TTGAACGGAGAAACTATTTC,0,2435560
mhpRp1,0.5,1,1,TTGAACAGCTTGGTATGAAG,0,2455316
mhpRp1,0.5,1,1,TTGAAACATCCAGTCGGAAT,0,2450918
mhpRp1,0.5,1,1,TTGAAAATAACTGCGCGGCA,0,2443059
mhpRp1,0.5,1,1,TTCTTCGCAACATGAAAACT,0,2426749
mhpRp1,0.5,1,1,TTCTTACACGAAACAATGGC,0,2426490
mhpRp1,0.5,1,1,TTCTGTGGGATTCTAGGAGA,0,2428681
mhpRp1,0.5,1,1,TTCTGGTAACATGATCGGGG,0,2477850
mhpRp1,0.5,1,1,TTCTGGCTCCGCCAAAGCTC,0,2461170
mhpRp1,0.5,1,1,TTCTGCGTGGTGGCCATCAA,0,2457767
mhpRp1,0.5,1,1,TTCTGAAGAGGTCCTTATAG,0,2453007
mhpRp1,0.5,1,1,TTCTCCGTGATTGGCGTTCA,0,2430788
mhpRp1,0.5,1,1,TTCTCCAGAGTAGAGCGTGG,0,2448968
mhpRp1,0.5,1,1,TTCTATTAACATACAGTCCT,0,2436110
mhpRp1,0.5,1,1,TTCTATGTTTCATCGAGAAC,0,2431875
mhpRp1,0.5,1,1,TTCGTGTGTCACGGTGAGAG,0,2465828
mhpRp1,0.5,1,1,TTCGTAAACGTTCGGTAGCC,0,2443854
mhpRp1,0.5,1,1,TTCGGTCTTATGCACAAGAT,0,2474490
mhpRp1,0.5,1,1,TTCGGCGCTCGGATACTGGG,0,2476824
mhpRp1,0.5,1,1,TTCGGACAATTCTGGATGGC,0,2471404
mhpRp1,0.5,1,1,TTCGCGGCAAGGAACAGAAC,0,2430144
mhpRp1,0.5,1,1,TTCGCGAGCTTGATCCGTTT,0,2437182
mhpRp1,0.5,1,1,TTCGAACGTTTGCATCGGAG,0,2439151
mhpRp1,0.5,1,1,TTCCTTCCACATGGAAGGAG,0,2457353
mhpRp1,0.5,1,1,TTCCTGGGCAAAAGGTTTAT,0,2458867
mhpRp1,0.5,1,1,TTCCTGGCTGCCATAAAACG,0,2452599
mhpRp1,0.5,1,1,TTCCGCCGGGGCCGGCTTCC,0,2425822
mhpRp1,0.5,1,1,TTCCCGGCGCGGAGGTACTT,0,2458365
mhpRp1,0.5,1,1,TTCCCATATACATTGGGTTC,0,2429230
mhpRp1,0.5,1,1,TTCCAGCGGAGTTGGTTAAA,0,2455732
mhpRp1,0.5,1,1,TTCCACCGCCTTCGGAATGA,0,2458618
mhpRp1,0.5,1,1,TTCATTCGGTGGTCCGACAT,0,2453630
mhpRp1,0.5,1,1,TTCATTCAGGTTATTGAACT,0,2453635
mhpRp1,0.5,1,1,TTCATGGTTTTGGAAATGGA,0,2464122
mhpRp1,0.5,1,1,TTCAGTTCTGTGGATGGCCG,0,2429263
mhpRp1,0.5,1,1,TTCAGTACAAGCTATCGGGT,0,2455832
mhpRp1,0.5,1,1,TTCAGGTGGAATCTCTTGTA,0,2447055
mhpRp1,0.5,1,1,TTCAGCAGCTATCTAGACGG,0,2464793
mhpRp1,0.5,1,1,TTCACGAAGATGAGTAACTT,0,2452842
mhpRp1,0.5,1,1,TTCAATGTGGCGCCATAACG,0,2470801
mhpRp1,0.5,1,1,TTCAAATTGGGTTCCGTTAA,0,2429309
mhpRp1,0.5,1,1,TTATTAGGTAGTACAGGTCA,0,2447186
mhpRp1,0.5,1,1,TTATCACATCAAGGTGTTAT,0,2461340
mhpRp1,0.5,1,1,TTATATTCGCACATGTGGCT,0,2426517
mhpRp1,0.5,1,1,TTATATCCAGACCGGACGAC,0,2441295
mhpRp1,0.5,1,1,TTATACCTGTGTGACTCTCC,0,2456203
mhpRp1,0.5,1,1,TTAGTTCTCTGAGTCCGGGG,0,2457813
mhpRp1,0.5,1,1,TTAGTTCAGCCTGGTACTGG,0,2426321
mhpRp1,0.5,1,1,TTAGTTATTCGGGACCACCC,0,2473396
mhpRp1,0.5,1,1,TTAGTGCTGTGGTTGACTGA,0,2443087
mhpRp1,0.5,1,1,TTAGGTGTAGTCGTTGACGA,0,2469634
mhpRp1,0.5,1,1,TTAGGGGCTTTGACTTTTGA,0,2432253
mhpRp1,0.5,1,1,TTAGCCCCGTAGCATGGTAG,0,2440832
mhpRp1,0.5,1,1,TTAGAGCGCTAAGCATGCTT,0,2465055
mhpRp1,0.5,1,1,TTACTATCCGCGGATTGGCA,0,2429919
mhpRp1,0.5,1,1,TTACGTCGTACCTAAACTTG,0,2469382
mhpRp1,0.5,1,1,TTACGACCGATGTGCGGGGG,0,2438215
mhpRp1,0.5,1,1,TTACCATGGCTGCAATGGAG,0,2477785
mhpRp1,0.5,1,1,TTACCATATCCGATCGTTCA,0,2440855
mhpRp1,0.5,1,1,TTACCACGGTTATACGAAGC,0,2437387
mhpRp1,0.5,1,1,TTAATGTACGAGGTTTATAA,0,2437719
mhpRp1,0.5,1,1,TTAATCGCGATTCTGAGTTA,0,2466810
mhpRp1,0.5,1,1,TTAAGCTCCGGGTCCCATTG,0,2445603
mhpRp1,0.5,1,1,TTAAGCAGACACTTCCGGAT,0,2453717
mhpRp1,0.5,1,1,TTAAGAAATTCAGATAAAAA,0,2437846
mhpRp1,0.5,1,1,TTAACTTTTTTTGTGGATAC,0,2465833
mhpRp1,0.5,1,1,TTAACTAAGGAACCTAGCAA,0,2432323
mhpRp1,0.5,1,1,TTAACGGCAGAGGTAACGGA,0,2423785
mhpRp1,0.5,1,1,TTAAAGTGTTAAGGAATATA,0,2472211
mhpRp1,0.5,1,1,TTAAACCTGAACTTGAGGTC,0,2476105
mhpRp1,0.5,1,1,TTAAACCGAATGTCACGTCA,0,2467590
mhpRp1,0.5,1,1,TTAAACAACCCTGTTTGACT,0,2470033
mhpRp1,0.5,1,1,TGTTTGCTGGGTTGGCACAT,0,2456137
mhpRp1,0.5,1,1,TGTTGAAATCGGGCGTCACA,0,2439927
mhpRp1,0.5,1,1,TGTTCTAGATACGTGGTCAC,0,2428201
mhpRp1,0.5,1,1,TGTTCCCACGGTAACTTCGC,0,2431915
mhpRp1,0.5,1,1,TGTTATACATTATAAACGAT,0,2476567
mhpRp1,0.5,1,1,TGTTACTCCAAGCGTGAATG,0,2437850
mhpRp1,0.5,1,1,TGTTACATAAAGACGTGCTT,0,2475303
mhpRp1,0.5,1,1,TGTTAATCCACACTCTTGAA,0,2469913
mhpRp1,0.5,1,1,TGTGTTTAATAATGTACTTA,0,2479342
mhpRp1,0.5,1,1,TGTGTCAAAGACAGTACACA,0,2454351
mhpRp1,0.5,1,1,TGTGTATGAGGCAGCTTAAG,0,2439562
mhpRp1,0.5,1,1,TGTGGTGTTAGGCCTACAAC,0,2430009
mhpRp1,0.5,1,1,TGTGGTGCTAAGGTTGATCC,0,2442756
mhpRp1,0.5,1,1,TGTGGTAAGGCCCGCAGTGG,0,2434605
mhpRp1,0.5,1,1,TGTGGCGCAAGACTCCGAAG,0,2434896
mhpRp1,0.5,1,1,TGTGGATCGTATACCGAAGT,0,2452708
mhpRp1,0.5,1,1,TGTGCTGGATAGATGGGCAA,0,2441253
mhpRp1,0.5,1,1,TGTGCTCATACGCGAACGGA,0,2462869
mhpRp1,0.5,1,1,TGTGCAGGCGGTTCATACCG,0,2424304
mhpRp1,0.5,1,1,TGTGAGCAGTAACCCGCGGT,0,2449972
mhpRp1,0.5,1,1,TGTCTGCTACCCTCGTCACT,0,2458361
mhpRp1,0.5,1,1,TGTCTCGAACGTCTGTACCT,0,2476700
mhpRp1,0.5,1,1,TGTCGTCCATGCGCTAGCAT,0,2439002
mhpRp1,0.5,1,1,TGTCGGTCAACGCAGCCCCG,0,2455563
mhpRp1,0.5,1,1,TGTCGAACCTCCCATGGCGA,0,2446068
mhpRp1,0.5,1,1,TGTCCGTTGCAACGTAAATC,0,2442867
mhpRp1,0.5,1,1,TGTCCGGATTGTTCGCACCG,0,2431157
mhpRp1,0.5,1,1,TGTCATAAAAAGAGCTATCC,0,2473428
mhpRp1,0.5,1,1,TGTCAATCGCAGAAGGCTAA,0,2437213
mhpRp1,0.5,1,1,TGTAGCGAATCAATGATTGT,0,2466523
mhpRp1,0.5,1,1,TGTAGCCGTCTGTCCGGCAG,0,2477302
mhpRp1,0.5,1,1,TGTAGATTTGGTCGTACTGA,0,2442991
mhpRp1,0.5,1,1,TGTACCCCGTACTACAAGGC,0,2427328
mhpRp1,0.5,1,1,TGTACAGTGTTTCGAAATAC,0,2439881
mhpRp1,0.5,1,1,TGGTTGAGTGAAGCGTTAGT,0,2469569
mhpRp1,0.5,1,1,TGGTTCTATGTTTGTGACAC,0,2439392
mhpRp1,0.5,1,1,TGGTTCTAAACATAGGCACT,0,2435493
mhpRp1,0.5,1,1,TGGTTAAATGAAGTGCTAAC,0,2437490
mhpRp1,0.5,1,1,TGGTGAAGCCCTTTGTCCGC,0,2474670
mhpRp1,0.5,1,1,TGGTCTTACTTCGGGCAGGG,0,2457983
mhpRp1,0.5,1,1,TGGTCCACTCCGGTAAGGGT,0,2431318
mhpRp1,0.5,1,1,TGGTATCTGGGCTCGGATGT,0,2446650
mhpRp1,0.5,1,1,TGGTACGCCCGGATGACTTA,0,2429706
mhpRp1,0.5,1,1,TGGGTTCTCGCGGTTTATAA,0,2448909
mhpRp1,0.5,1,1,TGGGTGAAGGATTTCCCGCG,0,2471029
mhpRp1,0.5,1,1,TGGGTAGAGACAACATACGC,0,2432246
mhpRp1,0.5,1,1,TGGGGTCGGGTGTTCGGGGA,0,2455884
mhpRp1,0.5,1,1,TGGGGTCCGCCGATTCAGAG,0,2438217
mhpRp1,0.5,1,1,TGGGGGTAGCCTTAATTGAA,0,2439920
mhpRp1,0.5,1,1,TGGGGCGGGCGAGCCCCATC,0,2465364
mhpRp1,0.5,1,1,TGGGCGGGTTGCCGTATTAG,0,2434039
mhpRp1,0.5,1,1,TGGGCGATATGCGTTTAACA,0,2448053
mhpRp1,0.5,1,1,TGGGCCAGCACGTTCTTAAG,0,2438251
mhpRp1,0.5,1,1,TGGGCACATCTCAGCAACTG,0,2465316
mhpRp1,0.5,1,1,TGGCTCTTAACTACCATGTT,0,2466953
mhpRp1,0.5,1,1,TGGCGCACTACACATTTGCC,0,2442018
mhpRp1,0.5,1,1,TGGCGAGTGTATAGAGCGGT,0,2429980
mhpRp1,0.5,1,1,TGGCATTGGATTCAGGAACG,0,2478389
mhpRp1,0.5,1,1,TGGATGTGGTAATATGTCAT,0,2433734
mhpRp1,0.5,1,1,TGGATACAGCGATAGTGGCA,0,2461960
mhpRp1,0.5,1,1,TGGAGTTCGCAGCTTGATTA,0,2465697
mhpRp1,0.5,1,1,TGGAGTCGATTCATCGGAAG,0,2443992
mhpRp1,0.5,1,1,TGGAGACATAAATGGCTTTA,0,2461120
mhpRp1,0.5,1,1,TGGACTGTGCAGTGCCGAAG,0,2461560
mhpRp1,0.5,1,1,TGGACTCATGCTTTTCATAT,0,2446831
mhpRp1,0.5,1,1,TGGACGAATGTGTCAAAGGA,0,2473997
mhpRp1,0.5,1,1,TGGAACAACAAAACTAACCA,0,2427394
mhpRp1,0.5,1,1,TGCTTTTCACAAGGTTGAGA,0,2464571
mhpRp1,0.5,1,1,TGCTTGCTTTTTCAACGACG,0,2464951
mhpRp1,0.5,1,1,TGCTTCTTATTGGTGAGCAT,0,2463727
mhpRp1,0.5,1,1,TGCTTCGGGCGCGCTGAGGC,0,2454517
mhpRp1,0.5,1,1,TGCTTATTCTATGGAAACCG,0,2478219
mhpRp1,0.5,1,1,TGCTTAACGTTTTCTACTGT,0,2444630
mhpRp1,0.5,1,1,TGCTGCTATTAAGACTTCCT,0,2454672
mhpRp1,0.5,1,1,TGCTGCGGGTACCACTCTTG,0,2469787
mhpRp1,0.5,1,1,TGCTGCGCGGCCCAGCAACC,0,2467491
mhpRp1,0.5,1,1,TGCTGCGCCATTAATACTGC,0,2447757
mhpRp1,0.5,1,1,TGCTGATTGTCCGTGTGCTA,0,2439937
mhpRp1,0.5,1,1,TGCTGAATGGTAATTCCCCC,0,2424285
mhpRp1,0.5,1,1,TGCTCGTACACGATGAACTT,0,2428015
mhpRp1,0.5,1,1,TGCTCGGAAGCAGACCCGGT,0,2431669
mhpRp1,0.5,1,1,TGCTCGCTTTTAACTCATCC,0,2467860
mhpRp1,0.5,1,1,TGCTAGTCCAATTGACAGTT,0,2461079
mhpRp1,0.5,1,1,TGCTAGTCAGATAGATCCAC,0,2479387
mhpRp1,0.5,1,1,TGCGTGGCATTAAACCAGGT,0,2464779
mhpRp1,0.5,1,1,TGCGGACAAGATTGGAAAGT,0,2446246
mhpRp1,0.5,1,1,TGCGCGATAATGGGAGTACT,0,2441145
mhpRp1,0.5,1,1,TGCGCGAACGTCTAGTTAAG,0,2470435
mhpRp1,0.5,1,1,TGCGCCTGATACTCAATCCA,0,2461626
mhpRp1,0.5,1,1,TGCGCATAGTCCCTGGCGGT,0,2440445
mhpRp1,0.5,1,1,TGCGAGATGGTTGGAAGGCA,0,2429292
mhpRp1,0.5,1,1,TGCGACCAATGAGAAAATAT,0,2441263
mhpRp1,0.5,1,1,TGCGAACTGTGGCTCTAACG,0,2466622
mhpRp1,0.5,1,1,TGCGAAATTAGCCCAAGTAG,0,2473866
mhpRp1,0.5,1,1,TGCCTTAGCCAGTACCATTC,0,2450237
mhpRp1,0.5,1,1,TGCCGTCCCCATACCAGTGG,0,2441978
mhpRp1,0.5,1,1,TGCCGCGAGTCACCGCGTTA,0,2428186
mhpRp1,0.5,1,1,TGCCCTAGCGTATAACGCTC,0,2445839
mhpRp1,0.5,1,1,TGCCCCCTTTTCTACTCACT,0,2448182
mhpRp1,0.5,1,1,TGCCAAAGACCAGGCAATTT,0,2448142
mhpRp1,0.5,1,1,TGCATGCTGAGGTATGTACG,0,2440777
mhpRp1,0.5,1,1,TGCATCTTTGAATGGCACGA,0,2430238
mhpRp1,0.5,1,1,TGCATACCAATTTGAAGCTA,0,2433267
mhpRp1,0.5,1,1,TGCATAACCGGGTAATCATG,0,2461829
mhpRp1,0.5,1,1,TGCATAAATAAGTGGCGGCC,0,2424525
mhpRp1,0.5,1,1,TGCAGAGCATGTACCGGTAG,0,2454791
mhpRp1,0.5,1,1,TGCAGACGGATACGATAAGT,0,2470348
mhpRp1,0.5,1,1,TGCAACGATGTCAAAACCGT,0,2428263
mhpRp1,0.5,1,1,TGCAACCGTACGTAGCAACT,0,2479333
mhpRp1,0.5,1,1,TGATTCATAAACTGGAATGC,0,2475851
mhpRp1,0.5,1,1,TGATTAACCTCACTCTTTCG,0,2469898
mhpRp1,0.5,1,1,TGATCCTCCCATTGATTATT,0,2470034
mhpRp1,0.5,1,1,TGATAGGGAAGAGTCAGGCT,0,2441110
mhpRp1,0.5,1,1,TGATAATCTATATGAACACC,0,2424206
mhpRp1,0.5,1,1,TGAGTTCCACGATGTTGTTA,0,2463988
mhpRp1,0.5,1,1,TGAGTTAAGTCACTGAACGG,0,2472230
mhpRp1,0.5,1,1,TGAGGCGTCGGGCTGACATC,0,2477888
mhpRp1,0.5,1,1,TGAGCTAAAAATTCTAGATC,0,2452455
mhpRp1,0.5,1,1,TGAGCGATTTGTGCTAGTCA,0,2423814
mhpRp1,0.5,1,1,TGAGATACAGGTCCGATATT,0,2471401
mhpRp1,0.5,1,1,TGAGACTAGAAGATGGTGAT,0,2434652
mhpRp1,0.5,1,1,TGAGACGGACTACGAGGATA,0,2442439
mhpRp1,0.5,1,1,TGACTACGGGGGTCAGTCCA,0,2439362
mhpRp1,0.5,1,1,TGACGGTTTGTTCTGACCCA,0,2442114
mhpRp1,0.5,1,1,TGACCTGAAAAGGGATACAT,0,2471927
mhpRp1,0.5,1,1,TGACATGTGAAGTCAATGAA,0,2461639
mhpRp1,0.5,1,1,TGACAATATTAGTTGGCGTC,0,2477053
mhpRp1,0.5,1,1,TGACAAGCTAAATCAGCTAA,0,2463527
mhpRp1,0.5,1,1,TGAATGTCCGCATCTATGGC,0,2427142
mhpRp1,0.5,1,1,TGAATGCGCTGGGAACTCAG,0,2445307
mhpRp1,0.5,1,1,TGAATCAGGTACCCCATGCG,0,2441424
mhpRp1,0.5,1,1,TGAATATTTTATGAAGTTAG,0,2444454
mhpRp1,0.5,1,1,TGAATATTAATAAGGCAAGC,0,2461437
mhpRp1,0.5,1,1,TGAAGGATAGGGGATATCAG,0,2441012
mhpRp1,0.5,1,1,TGAAGACCACTTTCGAACTA,0,2429271
mhpRp1,0.5,1,1,TGAACGCCATTCATCTAGAT,0,2446665
mhpRp1,0.5,1,1,TGAAATATTCCGTTGGGCCA,0,2454205
mhpRp1,0.5,1,1,TGAAAGGCTTATGCCCTCTG,0,2434776
mhpRp1,0.5,1,1,TGAAAATGAATCGGTGTAGA,0,2462156
mhpRp1,0.5,1,1,TGAAAAGACTACGCAATTGC,0,2469679
mhpRp1,0.5,1,1,TCTTTTGCTCCGGTTGGCGT,0,2431454
mhpRp1,0.5,1,1,TCTTGGGCCGACGTTGGTAT,0,2441200
mhpRp1,0.5,1,1,TCTTGGCCAGTTTAACATCA,0,2456114
mhpRp1,0.5,1,1,TCTTCTGTTCACATACGATC,0,2463873
mhpRp1,0.5,1,1,TCTTCACTGGGGCTCGCACG,0,2459036
mhpRp1,0.5,1,1,TCTTAGAGACCGCCACGGTC,0,2450874
mhpRp1,0.5,1,1,TCTTAGACGAGTAACCACAA,0,2431456
mhpRp1,0.5,1,1,TCTTAACGGGAAACATCTTT,0,2430685
mhpRp1,0.5,1,1,TCTGTCAGTTTTCTAGCGTC,0,2472913
mhpRp1,0.5,1,1,TCTGTAATAAGCACAACGGT,0,2462016
mhpRp1,0.5,1,1,TCTGGGGCAAAGCAATGGTG,0,2477675
mhpRp1,0.5,1,1,TCTGGGAGCACTCACTAATG,0,2445489
mhpRp1,0.5,1,1,TCTGGCATGGAGCAGCATCA,0,2473742
mhpRp1,0.5,1,1,TCTGCTCTGAAGGAAGCACG,0,2470024
mhpRp1,0.5,1,1,TCTGCCAACCGTACGGACCC,0,2449051
mhpRp1,0.5,1,1,TCTGCACGTTGTGCAGATAG,0,2446591
mhpRp1,0.5,1,1,TCTGATGTCATGTGCGGTAG,0,2434077
mhpRp1,0.5,1,1,TCTGAGCCAGAGTTATGCGT,0,2434628
mhpRp1,0.5,1,1,TCTGAAGAGTTACAATTCTT,0,2437849
mhpRp1,0.5,1,1,TCTGAACTGTAGTTTGCTTC,0,2453991
mhpRp1,0.5,1,1,TCTGAAAGTGAGGAGCGAAC,0,2452960
mhpRp1,0.5,1,1,TCTCGAAAGTGGCGTGCTCC,0,2444665
mhpRp1,0.5,1,1,TCTCCGACCACGGGTAGAAA,0,2468115
mhpRp1,0.5,1,1,TCTATACGTCTAAGAGAAGT,0,2440969
mhpRp1,0.5,1,1,TCTAGTGGTCGGGGTACCAT,0,2431893
mhpRp1,0.5,1,1,TCTACTAAGCGGTGATGACA,0,2478829
mhpRp1,0.5,1,1,TCTACGGAGTCCTGCTGAGC,0,2431215
mhpRp1,0.5,1,1,TCTAATTCGAGACGTAACAA,0,2434972
mhpRp1,0.5,1,1,TCGTTGCCCAACCCGCGGTA,0,2478917
mhpRp1,0.5,1,1,TCGTTCGTGGTTTTGTATAT,0,2434933
mhpRp1,0.5,1,1,TCGTTCGCTTGCATGGATGA,0,2444599
mhpRp1,0.5,1,1,TCGTTAGCGTACACCGTGTT,0,2469575
mhpRp1,0.5,1,1,TCGTTAAAAACCTCGTGTCG,0,2469087
mhpRp1,0.5,1,1,TCGTCTGCTGACTAGGTAAC,0,2424039
mhpRp1,0.5,1,1,TCGTCCATATCTCCTAAACG,0,2437194
mhpRp1,0.5,1,1,TCGTAGAATATGGTTAATTT,0,2449167
mhpRp1,0.5,1,1,TCGTACTCAGTGAAAGGGAT,0,2446437
mhpRp1,0.5,1,1,TCGTAAATTCTGTAGTATAT,0,2460569
mhpRp1,0.5,1,1,TCGGTTTTCCTGGATACCTT,0,2470055
mhpRp1,0.5,1,1,TCGGGGTATTTGCCACCCTC,0,2452725
mhpRp1,0.5,1,1,TCGGGGTATCTCATCTGCAA,0,2442166
mhpRp1,0.5,1,1,TCGGGCATCCCAGCTAGGCA,0,2449509
mhpRp1,0.5,1,1,TCGGGATCCGCTAGCAAGGC,0,2472014
mhpRp1,0.5,1,1,TCGGGAGGTGACAGCATCTG,0,2477938
mhpRp1,0.5,1,1,TCGGGAAAGAAAGTCAACTG,0,2460169
mhpRp1,0.5,1,1,TCGGCCTCTTACGTCATTAA,0,2425870
mhpRp1,0.5,1,1,TCGGCCGGGCAGAAAACGTC,0,2455708
mhpRp1,0.5,1,1,TCGGAGTTCTAACGCCTTAT,0,2433247
mhpRp1,0.5,1,1,TCGGAGGGGTCGTGCAGGTT,0,2469255
mhpRp1,0.5,1,1,TCGGACGCTAACCAGTCGAA,0,2444001
mhpRp1,0.5,1,1,TCGGACCTCGAACATTCTCT,0,2472623
mhpRp1,0.5,1,1,TCGGAATAACACTGTTCGAA,0,2478825
mhpRp1,0.5,1,1,TCGGAAAGGTTCCATATGGT,0,2440436
mhpRp1,0.5,1,1,TCGCGGGTAACCCGCCCTAT,0,2440441
mhpRp1,0.5,1,1,TCGCGCGTGTGTCACATTTC,0,2475063
mhpRp1,0.5,1,1,TCGCGACGAGCCAGAGGAGA,0,2448145
mhpRp1,0.5,1,1,TCGCAGTTTTACTGTCTACA,0,2434427
mhpRp1,0.5,1,1,TCGCAGTGAATGAGCCCACC,0,2448640
mhpRp1,0.5,1,1,TCGATAGACCTGCATGATTT,0,2462802
mhpRp1,0.5,1,1,TCGAGCGCGCCCATCCTGAA,0,2478751
mhpRp1,0.5,1,1,TCGAGCCGGATCTCGGGCAA,0,2466369
mhpRp1,0.5,1,1,TCGAAACATTGAGTGCGTAT,0,2476851
mhpRp1,0.5,1,1,TCCTTGGATGCTTTAACAGT,0,2460004
mhpRp1,0.5,1,1,TCCTGGTCCTGATGTCGTCC,0,2430115
mhpRp1,0.5,1,1,TCCTGCTTGTTCATGTTCAA,0,2430668
mhpRp1,0.5,1,1,TCCTCTTTGTTGCTACCATC,0,2431279
mhpRp1,0.5,1,1,TCCTCGTACATCGTTCGACA,0,2471695
mhpRp1,0.5,1,1,TCCTCCCTAGGGCAGATCGG,0,2438527
mhpRp1,0.5,1,1,TCCTCATAAGCGGATCAGGC,0,2465302
mhpRp1,0.5,1,1,TCCTATCGGTGTGAGTAAAT,0,2469525
mhpRp1,0.5,1,1,TCCTAGAGACATAGTGTGAC,0,2464962
mhpRp1,0.5,1,1,TCCGTGCACTATTGCGCAAC,0,2478393
mhpRp1,0.5,1,1,TCCGGTACGCACGGATGATC,0,2478097
mhpRp1,0.5,1,1,TCCGGGGGCTACATTCAGAG,0,2462099
mhpRp1,0.5,1,1,TCCGAATAGGTCGGCGTTCA,0,2425782
mhpRp1,0.5,1,1,TCCCTATTCTCACTCATTTC,0,2460183
mhpRp1,0.5,1,1,TCCCGCACCGAGTCACAGTT,0,2436721
mhpRp1,0.5,1,1,TCCCCTGAGTACCCCCGGCT,0,2472086
mhpRp1,0.5,1,1,TCCCAGTAAACGTTCACTAC,0,2428583
mhpRp1,0.5,1,1,TCCCAGCGGTAAAAGGTTGC,0,2440879
mhpRp1,0.5,1,1,TCCCACGCGGTGGCGACAGG,0,2427165
mhpRp1,0.5,1,1,TCCCACGAGGGGGGTTCATC,0,2444605
mhpRp1,0.5,1,1,TCCATCTGCATACCGGAAGG,0,2475894
mhpRp1,0.5,1,1,TCCAGGCTACGCGTGCTTCC,0,2478406
mhpRp1,0.5,1,1,TCCAGGACGTCGCTCCTTAA,0,2448186
mhpRp1,0.5,1,1,TCCACGTCAACGGCCTTTCT,0,2450885
mhpRp1,0.5,1,1,TCCACGGGTAGCGGAGGGTG,0,2466226
mhpRp1,0.5,1,1,TCCACAGGGTAGCACGAGTT,0,2424182
mhpRp1,0.5,1,1,TCCAACAGATATGTCGGGTA,0,2450625
mhpRp1,0.5,1,1,TCCAAAATCCAGAATGAGTC,0,2464212
mhpRp1,0.5,1,1,TCATTAAACTTTCACGAGTA,0,2451718
mhpRp1,0.5,1,1,TCATGGGGCACATTGGTCAC,0,2470835
mhpRp1,0.5,1,1,TCATGGCCACTTCTGGCGCT,0,2431092
mhpRp1,0.5,1,1,TCATGCTTGAATCATCGAAT,0,2448451
mhpRp1,0.5,1,1,TCATGAAGCGTTTACAGGGT,0,2434565
mhpRp1,0.5,1,1,TCATCTCGCCATTATCCGTT,0,2471476
mhpRp1,0.5,1,1,TCATCGCATCCTCGTTGCCG,0,2438276
mhpRp1,0.5,1,1,TCATCAACTTCAGGTGCAAA,0,2472998
mhpRp1,0.5,1,1,TCATATGCATTTCCGTTTTG,0,2455873
mhpRp1,0.5,1,1,TCATACAATTTTCTGTTCGC,0,2446137
mhpRp1,0.5,1,1,TCATAAGGAGTAGTGGCAAA,0,2461492
mhpRp1,0.5,1,1,TCAGTTTCGCGAGACGTATT,0,2427583
mhpRp1,0.5,1,1,TCAGTAGCTTATTCATCAGT,0,2452015
mhpRp1,0.5,1,1,TCAGGGATAAAGAAACCGTT,0,2452551
mhpRp1,0.5,1,1,TCAGCTTCGAGCCGTGTGCT,0,2452999
mhpRp1,0.5,1,1,TCAGATACGGAAGGAATGCA,0,2463572
mhpRp1,0.5,1,1,TCAGAGCCTCCGTCATTCGG,0,2457392
mhpRp1,0.5,1,1,TCACTGAGGTTAGGACGTAT,0,2430568
mhpRp1,0.5,1,1,TCACTCCGCGCTCAGGACGT,0,2460132
mhpRp1,0.5,1,1,TCACGTCCCTAGCCAACGCG,0,2468017
mhpRp1,0.5,1,1,TCACGGGGTTACACATGTAA,0,2448462
mhpRp1,0.5,1,1,TCACGCGCCAGGCCCTCACG,0,2426958
mhpRp1,0.5,1,1,TCACATAAAGTCTGGCCGGG,0,2471999
mhpRp1,0.5,1,1,TCACAGAACAGACAGTCTAT,0,2427580
mhpRp1,0.5,1,1,TCACACTAAGATGAGTGCGT,0,2442999
mhpRp1,0.5,1,1,TCACACAGTGCTCATCGATG,0,2429511
mhpRp1,0.5,1,1,TCAATTAGCAAGCGCGGTAC,0,2446402
mhpRp1,0.5,1,1,TCAATCGGAGTTACACGTAT,0,2474644
mhpRp1,0.5,1,1,TCAATCGCGCACTGGTCGCT,0,2431298
mhpRp1,0.5,1,1,TCAATAGGCAGGTTTTGGAT,0,2443138
mhpRp1,0.5,1,1,TCAACAAGGCGTATGGCTGG,0,2434874
mhpRp1,0.5,1,1,TCAAATGAAAGCGGTACCAA,0,2452560
mhpRp1,0.5,1,1,TCAAAGACTACATGTGTCAC,0,2469490
mhpRp1,0.5,1,1,TATTTTGTGCGATTTTGCTA,0,2438178
mhpRp1,0.5,1,1,TATTTTCCTCAGGGCTACCG,0,2440133
mhpRp1,0.5,1,1,TATTTTAGTTGGTAGGTTTA,0,2457374
mhpRp1,0.5,1,1,TATTTCTAGATTGGGGTGCC,0,2427725
mhpRp1,0.5,1,1,TATTTCCCTACATGTAGTCA,0,2436688
mhpRp1,0.5,1,1,TATTGTTCGTTTATTGATCA,0,2445103
mhpRp1,0.5,1,1,TATTGAAGTAACAGCCATTA,0,2461563
mhpRp1,0.5,1,1,TATTCTTTTTAGGGGCGTTG,0,2454996
mhpRp1,0.5,1,1,TATTCTTAGTTACTCGCGGT,0,2432555
mhpRp1,0.5,1,1,TATTCTGCTCGACAATGCTG,0,2438179
mhpRp1,0.5,1,1,TATTCGGGGGTACCTGGTGT,0,2450689
mhpRp1,0.5,1,1,TATTAGTCGCACACCCGATG,0,2424880
mhpRp1,0.5,1,1,TATTAGGCAGCGTGGTCTCT,0,2447166
mhpRp1,0.5,1,1,TATTACTGAAACCGGTAGGA,0,2428561
mhpRp1,0.5,1,1,TATTAAAAGAGTCAGCACAT,0,2470988
mhpRp1,0.5,1,1,TATGTGGCATATTGATGATT,0,2460817
mhpRp1,0.5,1,1,TATGTCACTCTAATGCCCCG,0,2467418
mhpRp1,0.5,1,1,TATGTACACCCACGCGGAAA,0,2430800
mhpRp1,0.5,1,1,TATGGCGCTTAATCTGACAT,0,2474447
mhpRp1,0.5,1,1,TATGCCTCCTGATACTCCGA,0,2474828
mhpRp1,0.5,1,1,TATGCAGGGGGGTCGATAAT,0,2426484
mhpRp1,0.5,1,1,TATGACCTTTAAATTTTAAA,0,2440313
mhpRp1,0.5,1,1,TATCTCTAATTCAGAACCAG,0,2424741
mhpRp1,0.5,1,1,TATCTCACGCGCGAAAAATT,0,2445647
mhpRp1,0.5,1,1,TATCTAGCAGCGCCTATCAA,0,2427856
mhpRp1,0.5,1,1,TATCGTCCGGAGCTTTCTGT,0,2434563
mhpRp1,0.5,1,1,TATCGCTCATTGGACGGACA,0,2449316
mhpRp1,0.5,1,1,TATCGACAACGCAGCAAAGT,0,2425162
mhpRp1,0.5,1,1,TATCACTGGGCGGATGGCAC,0,2433468
mhpRp1,0.5,1,1,TATCAAATGCAGGGGCATCA,0,2476228
mhpRp1,0.5,1,1,TATATTGAGGGGTGCTGCAG,0,2426318
mhpRp1,0.5,1,1,TATATCCGGCTCGGTCGTTA,0,2440471
mhpRp1,0.5,1,1,TATATCCGCTGCAAGCACTT,0,2470189
mhpRp1,0.5,1,1,TATAGGCGTTAGGGAGATTG,0,2448129
mhpRp1,0.5,1,1,TATAGAGGAGGGGTACACTG,0,2472972
mhpRp1,0.5,1,1,TATACCTTGAACGGGCTCTG,0,2476949
mhpRp1,0.5,1,1,TATACCTCGCGACTTGTGAT,0,2442502
mhpRp1,0.5,1,1,TATAATCGGGCAGCTCTCCC,0,2445305
mhpRp1,0.5,1,1,TATAAATCGCAGTAACTCTA,0,2442892
mhpRp1,0.5,1,1,TATAAAGAGTCCGGCGTCGT,0,2467136
mhpRp1,0.5,1,1,TAGTGTTAATTTTGGAATGC,0,2435076
mhpRp1,0.5,1,1,TAGTGCCTGGTACCCGAAAG,0,2461440
mhpRp1,0.5,1,1,TAGGTTTGCGCCTACGATAA,0,2473202
mhpRp1,0.5,1,1,TAGGTTCCTTCTTGGTGGGA,0,2472613
mhpRp1,0.5,1,1,TAGGTGTCAGCTCCGAATGC,0,2427669
mhpRp1,0.5,1,1,TAGGTACGATTTGCGTAGCA,0,2463528
mhpRp1,0.5,1,1,TAGGCTTGGCGCAGTAGTGG,0,2433443
mhpRp1,0.5,1,1,TAGGCGGCGCGGCGATCATA,0,2437025
mhpRp1,0.5,1,1,TAGGCCTATCTCTTCGCCGA,0,2432199
mhpRp1,0.5,1,1,TAGGCCAAGTTCTTAGCGCT,0,2448717
mhpRp1,0.5,1,1,TAGGCAGACCTTCGATACTA,0,2461732
mhpRp1,0.5,1,1,TAGGAGCCCTCAGTTCATGT,0,2474565
mhpRp1,0.5,1,1,TAGGAGCAGAAACGGCAGTG,0,2441558
mhpRp1,0.5,1,1,TAGGACGCATAAATCAGGAA,0,2455422
mhpRp1,0.5,1,1,TAGCGGACACGATAGGGTAA,0,2473165
mhpRp1,0.5,1,1,TAGCGATACCGATTAACGGA,0,2455353
mhpRp1,0.5,1,1,TAGCGAGATTTAGCCCCCAG,0,2459160
mhpRp1,0.5,1,1,TAGCGAATGTCTGAGAACTT,0,2463903
mhpRp1,0.5,1,1,TAGCCAGTGTATACGACGCC,0,2449311
mhpRp1,0.5,1,1,TAGCATTTCGAGCCCGAAAA,0,2454559
mhpRp1,0.5,1,1,TAGCATCGGATGGGCCTGCA,0,2459589
mhpRp1,0.5,1,1,TAGCAGTTCCTGTTTCAGCA,0,2453910
mhpRp1,0.5,1,1,TAGATTATTAAGTAACTCCT,0,2469027
mhpRp1,0.5,1,1,TAGAGACTGTCTGTCCTGGC,0,2436845
mhpRp1,0.5,1,1,TAGACGAAGATCAACAGTCC,0,2463144
mhpRp1,0.5,1,1,TAGACCGTATGCGTAAGGCC,0,2428817
mhpRp1,0.5,1,1,TAGAAAACCGAATGTTTTTG,0,2425210
mhpRp1,0.5,1,1,TACTTGAAGCAGGGTATCAG,0,2440720
mhpRp1,0.5,1,1,TACTGTGCATCATAGAGCTT,0,2449681
mhpRp1,0.5,1,1,TACTGTCGGGGTCTCCAGAT,0,2455199
mhpRp1,0.5,1,1,TACTGGTCGGGCGAGCGCTG,0,2446614
mhpRp1,0.5,1,1,TACTGGAAATGCAAACTATC,0,2449107
mhpRp1,0.5,1,1,TACTCAATGCGCTCTCTGAG,0,2442971
mhpRp1,0.5,1,1,TACTACGGCTATAGTCTAGT,0,2465619
mhpRp1,0.5,1,1,TACGTGTGCCTCGCGGTGCG,0,2436993
mhpRp1,0.5,1,1,TACGTCCTGAACAGAAGGAC,0,2438481
mhpRp1,0.5,1,1,TACGGCGAAGTCGGAGTTGA,0,2467373
mhpRp1,0.5,1,1,TACGCTAGATTAGGGTCTGC,0,2441272
mhpRp1,0.5,1,1,TACGCTACATTTACTGACAG,0,2442463
mhpRp1,0.5,1,1,TACGATACCCGGGACCAACT,0,2440988
mhpRp1,0.5,1,1,TACGACTCTCAGACGCTCAA,0,2437252
mhpRp1,0.5,1,1,TACGAAGGCCTACAATCCCG,0,2466005
mhpRp1,0.5,1,1,TACCTGTTAATCTACCTTTG,0,2449425
mhpRp1,0.5,1,1,TACCGTGAGAGGGGACACGT,0,2472436
mhpRp1,0.5,1,1,TACCGATTGGTAGCAGTAAG,0,2474786
mhpRp1,0.5,1,1,TACCCACCTGTTAGTTGTGC,0,2453838
mhpRp1,0.5,1,1,TACCAGGAGCCATTACTCGC,0,2439641
mhpRp1,0.5,1,1,TACATTTGGTGTCGATGGTA,0,2476015
mhpRp1,0.5,1,1,TACAGGCTTACTGTAGCCTT,0,2470797
mhpRp1,0.5,1,1,TACAATGACAGGTTAAACTT,0,2477836
mhpRp1,0.5,1,1,TACAACATTGGTAAGGAATA,0,2471132
mhpRp1,0.5,1,1,TAATTATTAGACACCTCTGC,0,2442022
mhpRp1,0.5,1,1,TAATTAAATTATAGTCTTAT,0,2426695
mhpRp1,0.5,1,1,TAATCCATCCGCCCCACGAT,0,2425897
mhpRp1,0.5,1,1,TAATCCACCTTGACCGAAGG,0,2444585
mhpRp1,0.5,1,1,TAATATAGAAGATCCAGCTG,0,2461785
mhpRp1,0.5,1,1,TAATACGCGAGGTGACGAAA,0,2430967
mhpRp1,0.5,1,1,TAAGTTGGTGTTGGCCCTCA,0,2456556
mhpRp1,0.5,1,1,TAAGTTCTGTGGCATGCTTG,0,2432195
mhpRp1,0.5,1,1,TAAGTCGCGATTTAAAACAT,0,2449119
mhpRp1,0.5,1,1,TAAGGCCACTGTGAACACAC,0,2478032
mhpRp1,0.5,1,1,TAAGCGGACATTCTATTTCA,0,2467640
mhpRp1,0.5,1,1,TAAGAACTCGCGTTCTTAAA,0,2458218
mhpRp1,0.5,1,1,TAAGAAACGCGCCCCGGATC,0,2460039
mhpRp1,0.5,1,1,TAACTTAGTACTAGAAGGGG,0,2436355
mhpRp1,0.5,1,1,TAACTCGCATAATACCCGGG,0,2459685
mhpRp1,0.5,1,1,TAACTCGATACAGTCTTGCC,0,2446445
mhpRp1,0.5,1,1,TAACTAATGCAGCCGGACTC,0,2433241
mhpRp1,0.5,1,1,TAACGTGTCTTCAGTACGGC,0,2440848
mhpRp1,0.5,1,1,TAACGCTTGAGTCTGATTTG,0,2478314
mhpRp1,0.5,1,1,TAACCCCCGAATTTTTCTCT,0,2435284
mhpRp1,0.5,1,1,TAACATCGAAAAAGCTTTCA,0,2440400
mhpRp1,0.5,1,1,TAAATCTGCTCTCGCACTGC,0,2437130
mhpRp1,0.5,1,1,TAAATCCGTATGAGGTCCGA,0,2443289
mhpRp1,0.5,1,1,TAAAGTCAGACCACCGGTCT,0,2437996
mhpRp1,0.5,1,1,TAAAGCTAGGGTCGTCTTAT,0,2452916
mhpRp1,0.5,1,1,TAAAGAGGTCTCCCGACCCT,0,2469333
mhpRp1,0.5,1,1,TAAACTACTAGGACATCACT,0,2465478
mhpRp1,0.5,1,1,TAAAACTTAATTTAGTTACC,0,2430521
mhpRp1,0.5,1,1,TAAAACACGGCCGGTCCCAC,0,2453988
mhpRp1,0.5,1,1,TAAAAAAGTTTACTTTCCGC,0,2424003
mhpRp1,0.5,1,1,GTTTTATTTGTTGTTTCCCC,0,2441025
mhpRp1,0.5,1,1,GTTTTATGCTACATTCTATA,0,2450010
mhpRp1,0.5,1,1,GTTTGTCTCAGATTACAGAT,0,2459870
mhpRp1,0.5,1,1,GTTTGGCTTAGGGCCAACCT,0,2430366
mhpRp1,0.5,1,1,GTTTGATCGTAATATTTGAA,0,2460446
mhpRp1,0.5,1,1,GTTTGAATGGTTAGCTTTGG,0,2461565
mhpRp1,0.5,1,1,GTTTCTGAGTTGTCGAGTAC,0,2429689
mhpRp1,0.5,1,1,GTTGTCTTCCGGGATGCCTG,0,2435986
mhpRp1,0.5,1,1,GTTGTCGCCCCTCACCTTCG,0,2452709
mhpRp1,0.5,1,1,GTTGGTTAATCACCGCAGAG,0,2437186
mhpRp1,0.5,1,1,GTTGGCGAGGTCTCCAGCTC,0,2451611
mhpRp1,0.5,1,1,GTTGGACCAATTAGGTTCTC,0,2464086
mhpRp1,0.5,1,1,GTTGGAAGTACATCAATATA,0,2445080
mhpRp1,0.5,1,1,GTTGCGTAGCCATGGGGCGT,0,2478731
mhpRp1,0.5,1,1,GTTGCCGGCGCAAAGAGATC,0,2437196
mhpRp1,0.5,1,1,GTTGCATTGCAAACCGTCGC,0,2477237
mhpRp1,0.5,1,1,GTTGAGGGGGGTGGGCATCC,0,2473293
mhpRp1,0.5,1,1,GTTGAGCGGACCCCCTGTAG,0,2458154
mhpRp1,0.5,1,1,GTTGAAACGACTTAGATGTT,0,2440828
mhpRp1,0.5,1,1,GTTCTCTCTGGGATACGTCG,0,2469034
mhpRp1,0.5,1,1,GTTCTCCGTGGAGTCTCCGT,0,2448370
mhpRp1,0.5,1,1,GTTCTATAGGGAAATGGAGT,0,2426604
mhpRp1,0.5,1,1,GTTCGTCTAACTTGGAGTTT,0,2471560
mhpRp1,0.5,1,1,GTTCGGGGCGAGAGGTATAT,0,2455310
mhpRp1,0.5,1,1,GTTCGACCTTCAGCGGTTAT,0,2454430
mhpRp1,0.5,1,1,GTTCGACAGGCCCTTGTGGA,0,2452178
mhpRp1,0.5,1,1,GTTCCCCCTATATTTGATCA,0,2453928
mhpRp1,0.5,1,1,GTTCACGGGCACGGCACCCA,0,2475948
mhpRp1,0.5,1,1,GTTAGTCCCAGGACGAGTGC,0,2470376
mhpRp1,0.5,1,1,GTTAGGAGGGGGTTTTGGTG,0,2452695
mhpRp1,0.5,1,1,GTTAGCAGGTTCTGGTATTA,0,2462015
mhpRp1,0.5,1,1,GTTACTGTCACCGGATCATC,0,2434713
mhpRp1,0.5,1,1,GTTACGTATGTCCAAGGCAT,0,2438899
mhpRp1,0.5,1,1,GTTACCGTCTAAACTCTGTT,0,2467364
mhpRp1,0.5,1,1,GTTACATAAAGCGTTCGCGC,0,2426493
mhpRp1,0.5,1,1,GTTACACCCCCGGGAGACTG,0,2470803
mhpRp1,0.5,1,1,GTTAATTTCTTATACCGTTT,0,2458694
mhpRp1,0.5,1,1,GTTAATACCGCATGAAGTGG,0,2440553
mhpRp1,0.5,1,1,GTTAACTTGGCGGGATGACC,0,2452730
mhpRp1,0.5,1,1,GTTAACGCCCTCTTGGCGTT,0,2475413
mhpRp1,0.5,1,1,GTGTTCTTTTCCATGATATG,0,2460182
mhpRp1,0.5,1,1,GTGTTAATAGATGGGATTTC,0,2443917
mhpRp1,0.5,1,1,GTGTGCTCTTTTGGCGCTTA,0,2464894
mhpRp1,0.5,1,1,GTGTCGTGACTCCGCCATAC,0,2450799
mhpRp1,0.5,1,1,GTGTAGCTCCGGTGTTGAAT,0,2463279
mhpRp1,0.5,1,1,GTGTAACCCCATGGGTTCTG,0,2449400
mhpRp1,0.5,1,1,GTGGTTTGCAAGTCCGGAAA,0,2433446
mhpRp1,0.5,1,1,GTGGGGATAGCATCATGTGA,0,2476232
mhpRp1,0.5,1,1,GTGGGCTAAGTAGTCTAGGC,0,2443457
mhpRp1,0.5,1,1,GTGGATTTAGCACGGTCTGT,0,2432736
mhpRp1,0.5,1,1,GTGCTTTCATGTCACGGGGG,0,2427985
mhpRp1,0.5,1,1,GTGCTGCCGTTATCTTGGTT,0,2476644
mhpRp1,0.5,1,1,GTGCTACGGGCTGCCTCATC,0,2453951
mhpRp1,0.5,1,1,GTGCGGTCGTCAAGTACTTC,0,2430333
mhpRp1,0.5,1,1,GTGCCTCCCGTGCTCTAGAG,0,2474474
mhpRp1,0.5,1,1,GTGCCTACACGAAATGGACG,0,2469026
mhpRp1,0.5,1,1,GTGCCGAATCTAATGGAAAG,0,2452667
mhpRp1,0.5,1,1,GTGCATCCCAAGATATAATC,0,2477716
mhpRp1,0.5,1,1,GTGCAGGCATTCGCAGTGCA,0,2434738
mhpRp1,0.5,1,1,GTGCAAAAGTGTTGTCATTC,0,2424750
mhpRp1,0.5,1,1,GTGATGAGGGTTGTTGGTCT,0,2441647
mhpRp1,0.5,1,1,GTGATCATCGTACGCGGGAA,0,2429085
mhpRp1,0.5,1,1,GTGAGTACCCAATATGGTAC,0,2459042
mhpRp1,0.5,1,1,GTGAGCGGGGGCCTCCAGCA,0,2446142
mhpRp1,0.5,1,1,GTGACAATTCGCAGTCAGTG,0,2433430
mhpRp1,0.5,1,1,GTGAATGAGTGGAGCACTAG,0,2428971
mhpRp1,0.5,1,1,GTGAATCTGGGTTCTCCAGT,0,2462282
mhpRp1,0.5,1,1,GTGAAGTCCCCTCAAGTCTC,0,2440937
mhpRp1,0.5,1,1,GTGAAGGAGAGCTCGGCGGT,0,2452453
mhpRp1,0.5,1,1,GTGAAAGGCTGTCTAGCTGA,0,2469070
mhpRp1,0.5,1,1,GTGAAACATGATTGGTATAT,0,2423946
mhpRp1,0.5,1,1,GTCTTGGGCGTGGGTGGCTT,0,2459358
mhpRp1,0.5,1,1,GTCTTGAGTGCATAGTAACA,0,2446702
mhpRp1,0.5,1,1,GTCTTCTAGTGCATTATAGC,0,2425579
mhpRp1,0.5,1,1,GTCTGTCGTGCTGTACTTCG,0,2435496
mhpRp1,0.5,1,1,GTCTCTTCACAATCCTCAAG,0,2437347
mhpRp1,0.5,1,1,GTCTCGTCTTTCGCGCGAGG,0,2436292
mhpRp1,0.5,1,1,GTCTCGATGTCTCGCCATCG,0,2441074
mhpRp1,0.5,1,1,GTCTCGACTGTACGGTCACT,0,2477239
mhpRp1,0.5,1,1,GTCTCCTTGGTGAATTCGTC,0,2450077
mhpRp1,0.5,1,1,GTCTACCAGCTACTCCCCTG,0,2442717
mhpRp1,0.5,1,1,GTCTACACGGTACCGACAAC,0,2441664
mhpRp1,0.5,1,1,GTCGTTGTGTTTTCTACTGC,0,2424952
mhpRp1,0.5,1,1,GTCGTTGGGCATTAATGCCA,0,2458455
mhpRp1,0.5,1,1,GTCGTACTATCATAGGCGGC,0,2450153
mhpRp1,0.5,1,1,GTCGGCGAGTAATATTTGCC,0,2454302
mhpRp1,0.5,1,1,GTCCTTGGCGTTGATTGTAA,0,2425530
mhpRp1,0.5,1,1,GTCCTGGAAGAGGGCATTCA,0,2462794
mhpRp1,0.5,1,1,GTCCGTCAAGCAGTCGAGGT,0,2472694
mhpRp1,0.5,1,1,GTCCGCCTAAGAGGGCGAGA,0,2448582
mhpRp1,0.5,1,1,GTCCGAAAAGACTAAATCCA,0,2432075
mhpRp1,0.5,1,1,GTCCCTAGAGCAGGTAGTAC,0,2436442
mhpRp1,0.5,1,1,GTCCCCGGTTGCGCACCGGA,0,2443564
mhpRp1,0.5,1,1,GTCCCAGCCGAAAGCGTTCC,0,2476026
mhpRp1,0.5,1,1,GTCCATGTCCTTCCCAGGGT,0,2431952
mhpRp1,0.5,1,1,GTCCACCTTGTAGGGTCCAT,0,2441133
mhpRp1,0.5,1,1,GTCCAACACTCTGCTGGCCT,0,2423949
mhpRp1,0.5,1,1,GTCATGCGACTTGGGTGACA,0,2451565
mhpRp1,0.5,1,1,GTCATATGGGCATGCATGCC,0,2455910
mhpRp1,0.5,1,1,GTCAGATGAATAAAGAGGGT,0,2441359
mhpRp1,0.5,1,1,GTCAGATCCAACAGATGCTG,0,2430498
mhpRp1,0.5,1,1,GTCACTTCAGTAGCCATTTT,0,2454004
mhpRp1,0.5,1,1,GTCACTCACCTCACTTGTTA,0,2468355
mhpRp1,0.5,1,1,GTCACCTCGCGGTTCACGAT,0,2455238
mhpRp1,0.5,1,1,GTATTTTTACGCAAAGACTT,0,2452230
mhpRp1,0.5,1,1,GTATTTTTAAACCATGTGGA,0,2472165
mhpRp1,0.5,1,1,GTATTGTTATCCGATCGATC,0,2464574
mhpRp1,0.5,1,1,GTATTCAGCCTATGGTTATA,0,2434667
mhpRp1,0.5,1,1,GTATGCTACCCCCTCCAAGG,0,2423971
mhpRp1,0.5,1,1,GTATGCCGATTGAGGCATTG,0,2456129
mhpRp1,0.5,1,1,GTATCCGGGCTTTAGGGTAA,0,2425924
mhpRp1,0.5,1,1,GTATCCCCATACTTCGGGTA,0,2442585
mhpRp1,0.5,1,1,GTATCATGATTACCCGTAGA,0,2479137
mhpRp1,0.5,1,1,GTATCAGAGAAAACGATAAA,0,2431369
mhpRp1,0.5,1,1,GTATATATCCCCGCTTGGGG,0,2447860
mhpRp1,0.5,1,1,GTATACAGGATATTCTTCAG,0,2428172
mhpRp1,0.5,1,1,GTAGTGTAACACCGGTGGTG,0,2478564
mhpRp1,0.5,1,1,GTAGTAAGTCTAGGCTCAAC,0,2463896
mhpRp1,0.5,1,1,GTAGGGGCGATTGGCGAAGC,0,2463657
mhpRp1,0.5,1,1,GTAGGCGACGGGGACGCTTG,0,2426610
mhpRp1,0.5,1,1,GTAGGACTTTACATCGCCAG,0,2469652
mhpRp1,0.5,1,1,GTAGCATATACTTTCGCTCA,0,2457472
mhpRp1,0.5,1,1,GTACTTGGGTGCATACTTTG,0,2430407
mhpRp1,0.5,1,1,GTACTTGAAGTAACCACCCC,0,2454078
mhpRp1,0.5,1,1,GTACGGGTCACATCGACGCA,0,2428729
mhpRp1,0.5,1,1,GTACGGAGCACTCGCTTCGA,0,2428267
mhpRp1,0.5,1,1,GTACGCGGGGTATTGGGACA,0,2455676
mhpRp1,0.5,1,1,GTACGCGCCCGCCCCACCTT,0,2437397
mhpRp1,0.5,1,1,GTACGAGTAGGGGTAACAGT,0,2469038
mhpRp1,0.5,1,1,GTACCGTGGGCGCAATAGGT,0,2436760
mhpRp1,0.5,1,1,GTACATTTTATTCCTGCATA,0,2473887
mhpRp1,0.5,1,1,GTACATAGTTTCGGGTCTGT,0,2448840
mhpRp1,0.5,1,1,GTACATACGGTAACGTCAAT,0,2436389
mhpRp1,0.5,1,1,GTACAGGAGAGGTTCTTCCT,0,2441135
mhpRp1,0.5,1,1,GTAAGCTAGATCTCCGGGTG,0,2442677
mhpRp1,0.5,1,1,GTAAGCGGGACGGCAATTCC,0,2472452
mhpRp1,0.5,1,1,GTAAGCATGACGGTTTAGGG,0,2442529
mhpRp1,0.5,1,1,GTAAGCAACGCGTCCCCAGC,0,2452750
mhpRp1,0.5,1,1,GTAACTCCTGGCTGGCAAAG,0,2444984
mhpRp1,0.5,1,1,GTAAATTTCCGCGTATCAAT,0,2474260
mhpRp1,0.5,1,1,GTAAACCACTTCTCGCCGTC,0,2434964
mhpRp1,0.5,1,1,GTAAAAACTGAATAAGATTC,0,2433114
mhpRp1,0.5,1,1,GGTTTTGACGGCACGTTCGC,0,2440399
mhpRp1,0.5,1,1,GGTTTTCGCGAATTGAACCA,0,2444381
mhpRp1,0.5,1,1,GGTTTTAAGTCTCGTCTAAG,0,2463902
mhpRp1,0.5,1,1,GGTTTGCCGTCTTGTACAGT,0,2424686
mhpRp1,0.5,1,1,GGTTTCCTACGTTTTTCAGA,0,2440282
mhpRp1,0.5,1,1,GGTTTAACGCCTGACGTACG,0,2477244
mhpRp1,0.5,1,1,GGTTGTAAACTCAGTCCTGT,0,2464751
mhpRp1,0.5,1,1,GGTTGCGTACCTCAAACCAG,0,2440281
mhpRp1,0.5,1,1,GGTTGACGTGTTAGGATCAA,0,2463918
mhpRp1,0.5,1,1,GGTTGACGAGATAATGACTG,0,2424471
mhpRp1,0.5,1,1,GGTTAATATTACTTCTGCTG,0,2467289
mhpRp1,0.5,1,1,GGTTAAACTCTAATACCTAA,0,2466232
mhpRp1,0.5,1,1,GGTGTGTGATGGTGATGGAC,0,2464007
mhpRp1,0.5,1,1,GGTGTGCATCCTTCCGCCTT,0,2452903
mhpRp1,0.5,1,1,GGTGGGAAAGCCAGAATAAG,0,2471523
mhpRp1,0.5,1,1,GGTGGGAAAACTCGCGTCTT,0,2439705
mhpRp1,0.5,1,1,GGTGCTTTAGGAGGCAAGAG,0,2459686
mhpRp1,0.5,1,1,GGTGCTCCAGGACTGGCGAT,0,2425434
mhpRp1,0.5,1,1,GGTGCGTGTCGACCCTGCTT,0,2441688
mhpRp1,0.5,1,1,GGTGCAGAACGCCAGAATTT,0,2427826
mhpRp1,0.5,1,1,GGTGACGAGGTTACTGGCGG,0,2445693
mhpRp1,0.5,1,1,GGTGACAAGACTTCCAATAT,0,2447854
mhpRp1,0.5,1,1,GGTGAATCTCTCAATTGTGC,0,2431184
mhpRp1,0.5,1,1,GGTCTGTATGAACGGGCCAA,0,2474543
mhpRp1,0.5,1,1,GGTCTCCCAAAATAATGTAT,0,2432230
mhpRp1,0.5,1,1,GGTCGGCGTACTTGGTCCAA,0,2443217
mhpRp1,0.5,1,1,GGTCGCTCGGAAATCGCCTA,0,2455665
mhpRp1,0.5,1,1,GGTCGCGTGATAGGACGTGG,0,2451708
mhpRp1,0.5,1,1,GGTCGCCCGACTAGGCCAGC,0,2429864
mhpRp1,0.5,1,1,GGTCCGCACCCGCTCGCCAG,0,2424780
mhpRp1,0.5,1,1,GGTCAAAGTTCGGGTATGCA,0,2428195
mhpRp1,0.5,1,1,GGTATCAAGTCTGATCGGGT,0,2462947
mhpRp1,0.5,1,1,GGTATATTAAGGAACAATTC,0,2478787
mhpRp1,0.5,1,1,GGTAGGCACGCAGTCCTGGT,0,2458900
mhpRp1,0.5,1,1,GGGTTTTCATTGCTATTGTA,0,2427240
mhpRp1,0.5,1,1,GGGTTTTAGCATCGTAGCGT,0,2455594
mhpRp1,0.5,1,1,GGGTTCTATGAGCGCAACTA,0,2448603
mhpRp1,0.5,1,1,GGGTTCGCGGTTCATTCTCG,0,2458047
mhpRp1,0.5,1,1,GGGTGCTCATTAGAAAATTA,0,2473985
mhpRp1,0.5,1,1,GGGTAATTAATGTCGAAGAT,0,2427101
mhpRp1,0.5,1,1,GGGGTTTGAGGCTTCTAGAG,0,2451765
mhpRp1,0.5,1,1,GGGGTAAGCCGGTCGCTGAG,0,2453842
mhpRp1,0.5,1,1,GGGGGTGGTGGAGGTCCTGA,0,2458439
mhpRp1,0.5,1,1,GGGGGTCCTTGACCGACTAC,0,2453956
mhpRp1,0.5,1,1,GGGGGTCCATCCTGTGGCGC,0,2448147
mhpRp1,0.5,1,1,GGGGGGAGGAGTCCGCCAAG,0,2437059
mhpRp1,0.5,1,1,GGGGGCAAACATAGTTATGT,0,2451409
mhpRp1,0.5,1,1,GGGGGATGTAAGGGAGGCAT,0,2436779
mhpRp1,0.5,1,1,GGGGATATATAGGCACTTGA,0,2438070
mhpRp1,0.5,1,1,GGGGAAGGGTAAAGTGGGTG,0,2431992
mhpRp1,0.5,1,1,GGGCTATGTTGAGGACACTC,0,2456506
mhpRp1,0.5,1,1,GGGCATCCTCGTTGCACAAG,0,2478250
mhpRp1,0.5,1,1,GGGCAAGGTTTCACTGGGCG,0,2453629
mhpRp1,0.5,1,1,GGGCAAGGGTTTCCTCACCC,0,2435891
mhpRp1,0.5,1,1,GGGCAAGCCGTGAATATTCG,0,2440285
mhpRp1,0.5,1,1,GGGCAAAAATACGGAGTACA,0,2472148
mhpRp1,0.5,1,1,GGGATCTTTGGCCGTCTGGT,0,2444969
mhpRp1,0.5,1,1,GGGATAGCAAAACCTTAGAC,0,2475424
mhpRp1,0.5,1,1,GGGATAAGTCGGTACTCTTA,0,2460693
mhpRp1,0.5,1,1,GGGAGCGATGCTTGGGCAAC,0,2424889
mhpRp1,0.5,1,1,GGGACTATGTCGGACGAGGA,0,2475368
mhpRp1,0.5,1,1,GGGACCCTCGAGTGAGCGGG,0,2428886
mhpRp1,0.5,1,1,GGCTTTGCAGCAGCGTTTGA,0,2478952
mhpRp1,0.5,1,1,GGCTTTCACTATGCAACACG,0,2461711
mhpRp1,0.5,1,1,GGCTTATACATCCGGATCAA,0,2454887
mhpRp1,0.5,1,1,GGCTGGTGAGCTCTGATGCC,0,2455613
mhpRp1,0.5,1,1,GGCTGGGCAATTGAGACTTA,0,2425508
mhpRp1,0.5,1,1,GGCTGGAAAGCCTTGGACTA,0,2435968
mhpRp1,0.5,1,1,GGCTCATGGCAGCAGTGGAC,0,2457880
mhpRp1,0.5,1,1,GGCTATCTTAAATCCATTTT,0,2462502
mhpRp1,0.5,1,1,GGCGTTTTTCAGTGTGTAGG,0,2451693
mhpRp1,0.5,1,1,GGCGTGGGGTTCTGCAAGGT,0,2462922
mhpRp1,0.5,1,1,GGCGTCCCTTACAATAAGCA,0,2447188
mhpRp1,0.5,1,1,GGCGGTGCCTTCGGATATCG,0,2449318
mhpRp1,0.5,1,1,GGCGGCAGGACAACTTAACT,0,2427389
mhpRp1,0.5,1,1,GGCGCTGACGGGGGAGGAGG,0,2428579
mhpRp1,0.5,1,1,GGCGACACTACCGCGCAAGA,0,2476260
mhpRp1,0.5,1,1,GGCCTTTCTAGGTCGACTTT,0,2478431
mhpRp1,0.5,1,1,GGCCTTCCGCGGTGCCATGC,0,2432124
mhpRp1,0.5,1,1,GGCCTGGGACCCGCGGATCT,0,2472798
mhpRp1,0.5,1,1,GGCCTGAGATCCAGGCCCTG,0,2425026
mhpRp1,0.5,1,1,GGCCTCTCATTCCGCGGTAA,0,2427340
mhpRp1,0.5,1,1,GGCCTATTAAATTTCGTGGT,0,2462350
mhpRp1,0.5,1,1,GGCCCGGGGGCACGGCAAAT,0,2449777
mhpRp1,0.5,1,1,GGCCCATCGGATAAGGATCA,0,2457751
mhpRp1,0.5,1,1,GGCCAGACAAAAGACGCGGG,0,2472582
mhpRp1,0.5,1,1,GGCATTTTATGCTCGACTGC,0,2469884
mhpRp1,0.5,1,1,GGCATGACGGGCGGCTCATT,0,2456584
mhpRp1,0.5,1,1,GGCAGTAGTATGTCGTGGTC,0,2426048
mhpRp1,0.5,1,1,GGCAACCACGTTCGCGGCGT,0,2452643
mhpRp1,0.5,1,1,GGCAAATTGGCGGCCGAATG,0,2441319
mhpRp1,0.5,1,1,GGCAAATACCCGGGTGTAGC,0,2444641
mhpRp1,0.5,1,1,GGATTTAGATTACGGCTCAC,0,2476484
mhpRp1,0.5,1,1,GGATTGTAGGTTTCGGGACC,0,2436014
mhpRp1,0.5,1,1,GGATTCACGAGTTCCGGACT,0,2451263
mhpRp1,0.5,1,1,GGATGTAAGGAACGGAATTA,0,2467526
mhpRp1,0.5,1,1,GGATGGTCTAGTCTACGGGT,0,2427018
mhpRp1,0.5,1,1,GGATCTTTATTCCAAGGCCA,0,2455160
mhpRp1,0.5,1,1,GGATCGGAGATTAGGCGACT,0,2455201
mhpRp1,0.5,1,1,GGATCGAGCAGCACCGCGCA,0,2442634
mhpRp1,0.5,1,1,GGATCATTAGTATCCCCTCG,0,2463170
mhpRp1,0.5,1,1,GGATCAAGTACGGTTATAGA,0,2468109
mhpRp1,0.5,1,1,GGAGTTCCATGTAATCACTT,0,2425264
mhpRp1,0.5,1,1,GGAGTGTTCACATGACGGCG,0,2440763
mhpRp1,0.5,1,1,GGAGTCCTCAGAGGATTGAG,0,2441779
mhpRp1,0.5,1,1,GGAGTAGTCCGATACCGAGT,0,2452499
mhpRp1,0.5,1,1,GGAGTAGAGACCATGAGAAG,0,2439464
mhpRp1,0.5,1,1,GGAGGGCTAGTACATTAGAC,0,2437016
mhpRp1,0.5,1,1,GGAGGAGCAACTATGTGCGG,0,2468038
mhpRp1,0.5,1,1,GGAGCCAGATAGGATATGTG,0,2433813
mhpRp1,0.5,1,1,GGAGATCATCTGGAGCCAAC,0,2459619
mhpRp1,0.5,1,1,GGAGACAGGATAGCCTGAAA,0,2431844
mhpRp1,0.5,1,1,GGAGAAAACGAATTTATTCG,0,2461490
mhpRp1,0.5,1,1,GGACGCCAGCAGTAACTCCC,0,2429151
mhpRp1,0.5,1,1,GGACCTTAGAACTCGCGTCC,0,2478483
mhpRp1,0.5,1,1,GGACCCTTCTGGACCCGTGT,0,2438592
mhpRp1,0.5,1,1,GGACCCATCGCATACAGCCA,0,2472657
mhpRp1,0.5,1,1,GGACAGACAGTGTTTCAGCG,0,2461575
mhpRp1,0.5,1,1,GGAATGGGGAGAAGAACCTC,0,2464190
mhpRp1,0.5,1,1,GGAATGACCTTCCCAATAGG,0,2438607
mhpRp1,0.5,1,1,GGAAGTCCCTTGCTAGACTA,0,2470712
mhpRp1,0.5,1,1,GGAAGTAACCCGAGCACGTC,0,2426057
mhpRp1,0.5,1,1,GGAACTTGTAGAGCTGCTTC,0,2449774
mhpRp1,0.5,1,1,GGAACGCATCACTGCCCTCA,0,2430393
mhpRp1,0.5,1,1,GGAAATTCGGAAATCCGCCA,0,2427949
mhpRp1,0.5,1,1,GGAAATGCTATCACTTTGAG,0,2472259
mhpRp1,0.5,1,1,GGAAAGGGAGAGTTAGAGTC,0,2477815
mhpRp1,0.5,1,1,GCTTTCTATAGAATTGTATC,0,2427561
mhpRp1,0.5,1,1,GCTTTCCATTGGGGAGTGGT,0,2470810
mhpRp1,0.5,1,1,GCTTGTCTAATATTTCACTC,0,2426264
mhpRp1,0.5,1,1,GCTTGCGAAAGTGTTTAAAT,0,2451074
mhpRp1,0.5,1,1,GCTTGAGTTGGTTCGGCCAA,0,2454984
mhpRp1,0.5,1,1,GCTTGACATATACATCATTC,0,2433007
mhpRp1,0.5,1,1,GCTTCTTGCCAGACGGTACG,0,2468500
mhpRp1,0.5,1,1,GCTTCGGATTATAACCTTAA,0,2472001
mhpRp1,0.5,1,1,GCTTATGTCAGGGCATTCAG,0,2431363
mhpRp1,0.5,1,1,GCTTAACACGCGAGCGGCCA,0,2447954
mhpRp1,0.5,1,1,GCTGTCGCGACACATGCCTG,0,2432721
mhpRp1,0.5,1,1,GCTGTCAGGGGCGTCGGAGC,0,2456141
mhpRp1,0.5,1,1,GCTGGTCTGTAGCTGATTGG,0,2435851
mhpRp1,0.5,1,1,GCTGGTCGCTCCAAGTCAAT,0,2464762
mhpRp1,0.5,1,1,GCTGGGTGGATGTGATAGTG,0,2450686
mhpRp1,0.5,1,1,GCTGGAGGGTCTTAGACGGT,0,2466760
mhpRp1,0.5,1,1,GCTGCGCGACAGAAACAATG,0,2454893
mhpRp1,0.5,1,1,GCTGCGCACTAACAGGGGCA,0,2470992
mhpRp1,0.5,1,1,GCTGATATAGCACGCCTAAT,0,2446794
mhpRp1,0.5,1,1,GCTGAAAGCGAAGCTGGTAA,0,2465714
mhpRp1,0.5,1,1,GCTCTCATAACAGTTCAGCT,0,2471121
mhpRp1,0.5,1,1,GCTCTAAGGTGACCAGACCA,0,2462900
mhpRp1,0.5,1,1,GCTCGGCCAAACTCGGATAG,0,2459494
mhpRp1,0.5,1,1,GCTCGCAGACTACCGTGGTT,0,2436339
mhpRp1,0.5,1,1,GCTCGATGTCCTTGATATAA,0,2431564
mhpRp1,0.5,1,1,GCTCCGAGCGTTTGAACCTC,0,2455449
mhpRp1,0.5,1,1,GCTCCGAGCATTAAGGAAAC,0,2436932
mhpRp1,0.5,1,1,GCTCCAAGCCCCATCTATGG,0,2446061
mhpRp1,0.5,1,1,GCTATTCTGGCATTGCACCA,0,2468642
mhpRp1,0.5,1,1,GCTAGTGTGGGGGTCTTGTA,0,2474531
mhpRp1,0.5,1,1,GCTAGGTTTTGGGCAGGTGA,0,2458116
mhpRp1,0.5,1,1,GCTAGGAGCTTCTACCTTAA,0,2435729
mhpRp1,0.5,1,1,GCTAAGTCTGACCATAATAT,0,2454593
mhpRp1,0.5,1,1,GCTAAGCTGGTGATGGAACA,0,2463980
mhpRp1,0.5,1,1,GCGTTTCAGGTTCATGTTCA,0,2441827
mhpRp1,0.5,1,1,GCGTTCAATGCTCTTTGACG,0,2462285
mhpRp1,0.5,1,1,GCGTTAAGTCCTCTCACTCA,0,2467812
mhpRp1,0.5,1,1,GCGTGCGACAATCGTGTCTA,0,2433909
mhpRp1,0.5,1,1,GCGTGACGGCAGGGGAAGAT,0,2449885
mhpRp1,0.5,1,1,GCGTCGATTAGAATGATTAC,0,2436520
mhpRp1,0.5,1,1,GCGTCCGTAGGGACTCTACT,0,2434891
mhpRp1,0.5,1,1,GCGGTCTGTGACGTCGTCAT,0,2424152
mhpRp1,0.5,1,1,GCGGTCGATTTCTTGTCTTA,0,2453175
mhpRp1,0.5,1,1,GCGGTCAGTCTAATGCGTCG,0,2434156
mhpRp1,0.5,1,1,GCGGCTTCGCAGGGGTTAGC,0,2427511
mhpRp1,0.5,1,1,GCGGCGTGGTTGGTGTACGG,0,2479519
mhpRp1,0.5,1,1,GCGGCCGGGTGAGCGAGACC,0,2455319
mhpRp1,0.5,1,1,GCGGCAGGATCCGCTTCGCG,0,2460433
mhpRp1,0.5,1,1,GCGGAAGCTCAGGCAAGTTG,0,2427642
mhpRp1,0.5,1,1,GCGCTGCTAACTCTCTCCTT,0,2466815
mhpRp1,0.5,1,1,GCGCTGCACTCTCTATAGGT,0,2471828
mhpRp1,0.5,1,1,GCGCTACATAACCACGGCTT,0,2450795
mhpRp1,0.5,1,1,GCGCGCGTATGCTACCAGAA,0,2439356
mhpRp1,0.5,1,1,GCGCCATAACTGCGGTTAGC,0,2473142
mhpRp1,0.5,1,1,GCGCACACCTATCTGTCTGC,0,2437773
mhpRp1,0.5,1,1,GCGATCACATACCAGTCACT,0,2424982
mhpRp1,0.5,1,1,GCGACGTCTGGAACTGGAGT,0,2464248
mhpRp1,0.5,1,1,GCGACGGGCGAATTCCAGGA,0,2464923
mhpRp1,0.5,1,1,GCGACGGCTGTCATAATCAC,0,2472568
mhpRp1,0.5,1,1,GCGACCGGTTTAGTCTCGTA,0,2454471
mhpRp1,0.5,1,1,GCGACATTTGCAACGTTGGA,0,2449929
mhpRp1,0.5,1,1,GCGAACCGATAGCAGACATT,0,2466979
mhpRp1,0.5,1,1,GCCTTTTCGATGTGACTTGA,0,2470099
mhpRp1,0.5,1,1,GCCTTCTGGTTATATGACGT,0,2479085
mhpRp1,0.5,1,1,GCCTTACAGCATGGCATCAC,0,2473739
mhpRp1,0.5,1,1,GCCTTAACCTAGTTTCTCAA,0,2445528
mhpRp1,0.5,1,1,GCCTGTGATGGCAAATCCCG,0,2468757
mhpRp1,0.5,1,1,GCCTGTCTATTAATTGACTA,0,2478756
mhpRp1,0.5,1,1,GCCTGATCTGCGGTCGTATG,0,2479514
mhpRp1,0.5,1,1,GCCTCCAGAGCTTGTATGGG,0,2473148
mhpRp1,0.5,1,1,GCCTAGTGGCGGTTTCAGGC,0,2471493
mhpRp1,0.5,1,1,GCCTACAACTTTTCTCGGCC,0,2437083
mhpRp1,0.5,1,1,GCCTAATCACCGCAGATGAA,0,2477029
mhpRp1,0.5,1,1,GCCGTTACGTATTCGCTAAC,0,2450676
mhpRp1,0.5,1,1,GCCGCTGGCAATGCCAAACA,0,2476977
mhpRp1,0.5,1,1,GCCGCGGATCACTCTATGGC,0,2462694
mhpRp1,0.5,1,1,GCCGCCTATCCCTTCTAGCC,0,2424772
mhpRp1,0.5,1,1,GCCGCCTAGGACTAGGCCTT,0,2439925
mhpRp1,0.5,1,1,GCCGCCAGTAGGCAAGAGTA,0,2470277
mhpRp1,0.5,1,1,GCCGAGATGGCTAGGGGTTA,0,2456142
mhpRp1,0.5,1,1,GCCGAAATTCCAGTAAGGCG,0,2440472
mhpRp1,0.5,1,1,GCCCTGTGGGTTCATGCATC,0,2453968
mhpRp1,0.5,1,1,GCCCGGCACACTGCTACGGC,0,2445021
mhpRp1,0.5,1,1,GCCCCAAGTTGTAGGACTGA,0,2473725
mhpRp1,0.5,1,1,GCCCATTCAGTAGGGAAATG,0,2435472
mhpRp1,0.5,1,1,GCCCAGATGGGTAGCGTAGT,0,2450529
mhpRp1,0.5,1,1,GCCATCTATGCAATTGTAAG,0,2425216
mhpRp1,0.5,1,1,GCCATACAGGGATTTAGGGC,0,2437183
mhpRp1,0.5,1,1,GCCAGTCGGGGGGGGGTGAC,0,2444546
mhpRp1,0.5,1,1,GCCAGGAACCGGCTGATATT,0,2431059
mhpRp1,0.5,1,1,GCCAGCACCTCTCCGCCAGA,0,2446882
mhpRp1,0.5,1,1,GCCAGACCCCAATTTTTACA,0,2460762
mhpRp1,0.5,1,1,GCCACTCGTACGCGACTTGG,0,2464083
mhpRp1,0.5,1,1,GCCACGCCATCCGCAACAAA,0,2448845
mhpRp1,0.5,1,1,GCATTGAGTCGTTGCGCTTT,0,2475350
mhpRp1,0.5,1,1,GCATGCGTCGGACATATTGC,0,2473471
mhpRp1,0.5,1,1,GCATCTTCAAACACTTCGCG,0,2477135
mhpRp1,0.5,1,1,GCATCCCTCCATTTCGGGTG,0,2465820
mhpRp1,0.5,1,1,GCATCAATGTGGGGGAATGT,0,2476708
mhpRp1,0.5,1,1,GCAGTTTTGTCGTTTCGTAA,0,2451950
mhpRp1,0.5,1,1,GCAGTGTGGCGCCACCTCGA,0,2427622
mhpRp1,0.5,1,1,GCAGTCACATCAGATCCGAA,0,2425727
mhpRp1,0.5,1,1,GCAGGTCTTTATGTGTCCTT,0,2443514
mhpRp1,0.5,1,1,GCAGGTCTTATTAGTTCACA,0,2459931
mhpRp1,0.5,1,1,GCAGGGGGACAACTAGAAAT,0,2475443
mhpRp1,0.5,1,1,GCAGGGATACTGACATCGCA,0,2457068
mhpRp1,0.5,1,1,GCAGCGCAACTATCATTTCC,0,2434412
mhpRp1,0.5,1,1,GCAGCATGACGAAGATGCTT,0,2458479
mhpRp1,0.5,1,1,GCAGACTAGGTATGACACGC,0,2478681
mhpRp1,0.5,1,1,GCAGAACTCCCGCCCGGGAT,0,2466524
mhpRp1,0.5,1,1,GCACTAACGGATTGCCTCTC,0,2432652
mhpRp1,0.5,1,1,GCACGCCCTCATTGCAAGCA,0,2454974
mhpRp1,0.5,1,1,GCACGCACGGACATATCTTC,0,2463898
mhpRp1,0.5,1,1,GCACACGTTCTTTCGATAAA,0,2475639
mhpRp1,0.5,1,1,GCACACCACGACTGAAGAGG,0,2430172
mhpRp1,0.5,1,1,GCAATCGCCCCCCAGAGGAA,0,2455368
mhpRp1,0.5,1,1,GCAAGGTCTGTCTGCTCGAA,0,2473271
mhpRp1,0.5,1,1,GCAAGGGCGTCGCCATTGAT,0,2423825
mhpRp1,0.5,1,1,GCAAGATTCAAACCCTTGGA,0,2476725
mhpRp1,0.5,1,1,GCAACATCTAGGTGTGCTTT,0,2436193
mhpRp1,0.5,1,1,GCAAATTGTTCAGGCCGTGC,0,2451577
mhpRp1,0.5,1,1,GCAAACCAGAAACCGGGGAA,0,2474729
mhpRp1,0.5,1,1,GCAAACAGTCACCGCATGGG,0,2449696
mhpRp1,0.5,1,1,GCAAAAATAACCCTGGATTC,0,2437305
mhpRp1,0.5,1,1,GATTTATGAGAGGCTACTGA,0,2459637
mhpRp1,0.5,1,1,GATTTAGGGCACTAAAGCTT,0,2471379
mhpRp1,0.5,1,1,GATTTAAAGGCAGGGCGTAA,0,2456837
mhpRp1,0.5,1,1,GATTGGTATGACGGACAAGG,0,2438176
mhpRp1,0.5,1,1,GATTGCTGTAGAGCGACAGC,0,2452460
mhpRp1,0.5,1,1,GATTCTCGAGCCAATATATT,0,2429399
mhpRp1,0.5,1,1,GATTCGATTTCATCTTTTTT,0,2473279
mhpRp1,0.5,1,1,GATTATAAATCGGGTTATTC,0,2452045
mhpRp1,0.5,1,1,GATTAGTACTTTTGTTCTAC,0,2470180
mhpRp1,0.5,1,1,GATGTTGGCAGAGCAGGGTG,0,2463730
mhpRp1,0.5,1,1,GATGTGTTACGACGGCGATG,0,2430440
mhpRp1,0.5,1,1,GATGTCCGTCGCGATGTCTT,0,2430024
mhpRp1,0.5,1,1,GATGTAGCAGACTTCAAAAG,0,2438964
mhpRp1,0.5,1,1,GATGGTGATCGCATGGGTCC,0,2471558
mhpRp1,0.5,1,1,GATGGGCTAGTTAAAAAGCC,0,2441832
mhpRp1,0.5,1,1,GATGGCCAGTGGACTTCCGT,0,2454188
mhpRp1,0.5,1,1,GATGACGGTTTCCACTCCAA,0,2447922
mhpRp1,0.5,1,1,GATCTTAGGGGAAACAGAGC,0,2450315
mhpRp1,0.5,1,1,GATCGTTGTAACAGCCCGAG,0,2464442
mhpRp1,0.5,1,1,GATCGCGTTCACTGCCGTTT,0,2441342
mhpRp1,0.5,1,1,GATCGCCCTAAAATAAGAAC,0,2439195
mhpRp1,0.5,1,1,GATCGCCCCTCTCGTGTCAG,0,2478177
mhpRp1,0.5,1,1,GATCCCTAGCCTCGTTCCCT,0,2458341
mhpRp1,0.5,1,1,GATATTCGCAAACTAACGGC,0,2469640
mhpRp1,0.5,1,1,GATATACGCAGACTTACAAT,0,2437739
mhpRp1,0.5,1,1,GATAGTTGGTTGGGCAGCGG,0,2429777
mhpRp1,0.5,1,1,GATAATAACTTTCCTTTAAC,0,2428362
mhpRp1,0.5,1,1,GATAAATACACCGACAAAAT,0,2456031
mhpRp1,0.5,1,1,GAGTTGGTGTTATCAATCGT,0,2437129
mhpRp1,0.5,1,1,GAGTTATTAATGCTGCGAGT,0,2452401
mhpRp1,0.5,1,1,GAGTGTGCACTGGTTAGCAT,0,2431490
mhpRp1,0.5,1,1,GAGTGTAGGTCCAGGGTTAT,0,2470930
mhpRp1,0.5,1,1,GAGTGTAACGATATCATCAT,0,2471652
mhpRp1,0.5,1,1,GAGTCTCCGGAAAATGACGG,0,2443325
mhpRp1,0.5,1,1,GAGTCGTGTAAACTCCAATC,0,2425177
mhpRp1,0.5,1,1,GAGTACTGCCCAGCGTAGGC,0,2467466
mhpRp1,0.5,1,1,GAGGTCGCTTGAGGTGAACA,0,2449177
mhpRp1,0.5,1,1,GAGGTAGTCATAAATGCGGA,0,2437903
mhpRp1,0.5,1,1,GAGGGGCGAAGCCTTAGCAG,0,2460948
mhpRp1,0.5,1,1,GAGGCTGCACCACTGATCGT,0,2456861
mhpRp1,0.5,1,1,GAGGCTGAGGTGATATGTTG,0,2427546
mhpRp1,0.5,1,1,GAGGCAGTCCTGCAAGAGAT,0,2463027
mhpRp1,0.5,1,1,GAGGAGCCTGATCGTTTAGG,0,2439710
mhpRp1,0.5,1,1,GAGGACTCTTCTTAAACGAG,0,2444066
mhpRp1,0.5,1,1,GAGCTAGAGATTTGACGATT,0,2455602
mhpRp1,0.5,1,1,GAGCTACAAGTCCGTAAGCT,0,2445212
mhpRp1,0.5,1,1,GAGCGTGGACCTCTCATTGA,0,2446597
mhpRp1,0.5,1,1,GAGCCCGATGAGGTTCGGCC,0,2466623
mhpRp1,0.5,1,1,GAGCCCATAACCAGGAGTGC,0,2476029
mhpRp1,0.5,1,1,GAGCCCAGTCTACATGCGAC,0,2459697
mhpRp1,0.5,1,1,GAGCATTGAGGCGGTTCGAA,0,2467041
mhpRp1,0.5,1,1,GAGCACTACAGAAAGGCCGG,0,2460304
mhpRp1,0.5,1,1,GAGCACGCTTGATCCACCGG,0,2444399
mhpRp1,0.5,1,1,GAGCAATACCTCCAAGGGTA,0,2427595
mhpRp1,0.5,1,1,GAGATTTAAACACTGAAGGT,0,2424362
mhpRp1,0.5,1,1,GAGATTAGCCAATAGTGGAT,0,2426938
mhpRp1,0.5,1,1,GAGATTAAGTATCTATTAGG,0,2462850
mhpRp1,0.5,1,1,GAGATCACGGGGTGTGGATG,0,2473965
mhpRp1,0.5,1,1,GAGATAACGGCAGCACGTGC,0,2473441
mhpRp1,0.5,1,1,GAGAGTATATCAATGTAGCT,0,2450746
mhpRp1,0.5,1,1,GAGACTGTTCCGCGGGTGCA,0,2478609
mhpRp1,0.5,1,1,GAGAAGGCCTATCATACACG,0,2443058
mhpRp1,0.5,1,1,GAGAAAGCGCATTCTCTGTA,0,2446924
mhpRp1,0.5,1,1,GACTTTGGTTTTACGGTTCC,0,2432722
mhpRp1,0.5,1,1,GACTCCGGTAACCTACATTT,0,2447396
mhpRp1,0.5,1,1,GACTCCAAGCATCATGGAAC,0,2424953
mhpRp1,0.5,1,1,GACTACAGAGCACACATCCC,0,2462559
mhpRp1,0.5,1,1,GACGTCAGATTTCTCAAGTA,0,2462784
mhpRp1,0.5,1,1,GACGTACAAATTGAGTGTGG,0,2457583
mhpRp1,0.5,1,1,GACGGCCGGGCCGCGCCCCG,0,2426288
mhpRp1,0.5,1,1,GACGGCCCAACTCCTCTATT,0,2470403
mhpRp1,0.5,1,1,GACGGATTTAGCATGCGAAA,0,2479541
mhpRp1,0.5,1,1,GACGCGGTCAATCCCGCTTA,0,2479453
mhpRp1,0.5,1,1,GACGCAGTAGATCATGCGTC,0,2471073
mhpRp1,0.5,1,1,GACGAACCCGGACCCACAAT,0,2456918
mhpRp1,0.5,1,1,GACCTGGGAACAATGTCGTT,0,2445228
mhpRp1,0.5,1,1,GACCTCTAACAGGCATAGAT,0,2432562
mhpRp1,0.5,1,1,GACCTAAGCCTACACAAATT,0,2441238
mhpRp1,0.5,1,1,GACCGGTGATGGAAATATAA,0,2473856
mhpRp1,0.5,1,1,GACCGAAGTGCCACTGTATA,0,2432910
mhpRp1,0.5,1,1,GACCATCATTCTGAAATCTG,0,2466967
mhpRp1,0.5,1,1,GACATGGCGGTGACCGTGCC,0,2454946
mhpRp1,0.5,1,1,GACATCGAATTCAGATAGGT,0,2470174
mhpRp1,0.5,1,1,GACATCATTGTGACACGGGA,0,2437479
mhpRp1,0.5,1,1,GACAGGTATATTAGAGTAGA,0,2426875
mhpRp1,0.5,1,1,GACAGGATCCAACCCCAACT,0,2448727
mhpRp1,0.5,1,1,GACAGCGTGAATCCGATTCG,0,2432081
mhpRp1,0.5,1,1,GACAGAGAACTGGAATTGGT,0,2469142
mhpRp1,0.5,1,1,GACACTGTGGGTTCGCAACC,0,2437163
mhpRp1,0.5,1,1,GACACGCCCTGTGTGTAACA,0,2435791
mhpRp1,0.5,1,1,GACACGACAAACTATTAGTA,0,2442135
mhpRp1,0.5,1,1,GACACAGTGTATAGCTTCGA,0,2465377
mhpRp1,0.5,1,1,GACACAACTGTGAAGTCGGA,0,2436326
mhpRp1,0.5,1,1,GACAATCGACCCCCGTACGA,0,2471007
mhpRp1,0.5,1,1,GACAAGGGTTCGTGGTCGGC,0,2436850
mhpRp1,0.5,1,1,GACAAGCTAAGCTTGTTGCG,0,2442865
mhpRp1,0.5,1,1,GACAAGCCCGACGGGGTAAG,0,2467592
mhpRp1,0.5,1,1,GACAAAGTTTTATTCGGCTG,0,2458975
mhpRp1,0.5,1,1,GAATTCATCAGTCGGACACT,0,2458323
mhpRp1,0.5,1,1,GAATTACGACTGCTATAACT,0,2456399
mhpRp1,0.5,1,1,GAATGTTCGCTTCTGTGGTA,0,2432874
mhpRp1,0.5,1,1,GAATGGGGTTTGTAAGAAGC,0,2425400
mhpRp1,0.5,1,1,GAATCGAGCCTAATTCCACA,0,2450651
mhpRp1,0.5,1,1,GAATCCCGGAAATCGTTCCT,0,2425262
mhpRp1,0.5,1,1,GAATCATCGAAGGGTATCAG,0,2439232
mhpRp1,0.5,1,1,GAATAGAGAGGGTCCTTGAT,0,2475551
mhpRp1,0.5,1,1,GAAGTCCAACTTTAGCTGGA,0,2454553
mhpRp1,0.5,1,1,GAAGGTAATAACAGCAGAAT,0,2459133
mhpRp1,0.5,1,1,GAAGGGCGCTGCCGATCTGT,0,2458950
mhpRp1,0.5,1,1,GAAGGGCATGAGTTTGACCC,0,2457337
mhpRp1,0.5,1,1,GAAGCGGGGGCCTTCAATTG,0,2424138
mhpRp1,0.5,1,1,GAAGAGATGGCTGGCAAGGC,0,2446875
mhpRp1,0.5,1,1,GAACGTAGAGCATAACAGCA,0,2472875
mhpRp1,0.5,1,1,GAACGGCGTTGCAATGCACA,0,2441537
mhpRp1,0.5,1,1,GAACGAGCGAGAACAACAAC,0,2456900
mhpRp1,0.5,1,1,GAACCGTGATGGGCAGGGCG,0,2453560
mhpRp1,0.5,1,1,GAACCCACACGATCGAGATG,0,2450214
mhpRp1,0.5,1,1,GAACCACGCAGTAGCAATTG,0,2438110
mhpRp1,0.5,1,1,GAACCACAAAAGTGGATTAG,0,2441101
mhpRp1,0.5,1,1,GAACAGCTCATCAGGATGAT,0,2474588
mhpRp1,0.5,1,1,GAAATTTTTCTTTCTAGTTC,0,2440554
mhpRp1,0.5,1,1,GAAATTGGTCGAGATTTAAA,0,2444379
mhpRp1,0.5,1,1,GAAAGGGAAAGGAGGTCTGC,0,2457043
mhpRp1,0.5,1,1,GAAACCTAAAATAAAATCTA,0,2430789
mhpRp1,0.5,1,1,CTTTTTCGCGTAGAGTTGTC,0,2452190
mhpRp1,0.5,1,1,CTTTTGTGACCGATCGTTAT,0,2451995
mhpRp1,0.5,1,1,CTTTGTTATGGCCGATGCGT,0,2435603
mhpRp1,0.5,1,1,CTTTGTGAAAGGGCACAAAG,0,2442963
mhpRp1,0.5,1,1,CTTTGTCGTGACGGAATCTT,0,2443967
mhpRp1,0.5,1,1,CTTTGCCTACGAGTTTTGAC,0,2428840
mhpRp1,0.5,1,1,CTTTCGGCCTAGCTGCAACA,0,2453989
mhpRp1,0.5,1,1,CTTTCCCACTAGCTCGATTA,0,2460814
mhpRp1,0.5,1,1,CTTTCAGTCGTTCCCAGATG,0,2429038
mhpRp1,0.5,1,1,CTTTCAGCCCAAATAAGAGG,0,2439508
mhpRp1,0.5,1,1,CTTTATGGAATGGTGGGCTA,0,2427755
mhpRp1,0.5,1,1,CTTTATCCCCGTTTTGGATC,0,2461024
mhpRp1,0.5,1,1,CTTTAAGTAAGAGAGTGGGG,0,2445449
mhpRp1,0.5,1,1,CTTGTTGTGAACGTCGAACT,0,2465436
mhpRp1,0.5,1,1,CTTGTATACGCGCTGCCTAG,0,2472569
mhpRp1,0.5,1,1,CTTGGTCGGGTACCGGGCTC,0,2453024
mhpRp1,0.5,1,1,CTTGCTGTCCGGGGGTGTAG,0,2458610
mhpRp1,0.5,1,1,CTTGCTCGCATTGATCTGTG,0,2449625
mhpRp1,0.5,1,1,CTTGAGGTAGATAGCGGATA,0,2467856
mhpRp1,0.5,1,1,CTTGACCATTCCCAAGGCAG,0,2426831
mhpRp1,0.5,1,1,CTTGACAAGAAGTGGAACAC,0,2433498
mhpRp1,0.5,1,1,CTTCTGTTGGGGCTCATCAG,0,2437736
mhpRp1,0.5,1,1,CTTCTAACAGACAGTGTAAT,0,2438962
mhpRp1,0.5,1,1,CTTCGTGACACCGCGTTTCA,0,2456920
mhpRp1,0.5,1,1,CTTCGGCGACGCAGACACAC,0,2456176
mhpRp1,0.5,1,1,CTTCGCTTGGGTACCTGCGG,0,2436432
mhpRp1,0.5,1,1,CTTCATTAATAAGTGTGAAG,0,2429594
mhpRp1,0.5,1,1,CTTCAATTAGCACGCCGCCT,0,2475522
mhpRp1,0.5,1,1,CTTATTTATACGACATTAAA,0,2438812
mhpRp1,0.5,1,1,CTTATCTTCACAGGCCATCA,0,2477577
mhpRp1,0.5,1,1,CTTAGTTGATAGTACATGAT,0,2429795
mhpRp1,0.5,1,1,CTTAGACTCAGGAAGTGAGA,0,2431677
mhpRp1,0.5,1,1,CTTACTGCATTGCCATCGTA,0,2471499
mhpRp1,0.5,1,1,CTTACCATGGCCCGTCCATC,0,2465328
mhpRp1,0.5,1,1,CTTAACTTAGGTCGTGCTAT,0,2439678
mhpRp1,0.5,1,1,CTGTTCTATGACTGCGCGAG,0,2442313
mhpRp1,0.5,1,1,CTGTGTGTCCTTATTGTACA,0,2459215
mhpRp1,0.5,1,1,CTGTCGGGCGCCAGACGTAG,0,2437899
mhpRp1,0.5,1,1,CTGTCCTCTCGATTCCTTCA,0,2427917
mhpRp1,0.5,1,1,CTGTCAGGGTCAGGTATTGG,0,2432416
mhpRp1,0.5,1,1,CTGTAGTTCACACCGTCCTC,0,2444247
mhpRp1,0.5,1,1,CTGGTGGTGCGGCCGAACGT,0,2425426
mhpRp1,0.5,1,1,CTGGGTCTACCGGTAACAAT,0,2451146
mhpRp1,0.5,1,1,CTGGGGACAGCTGCACTTCG,0,2445289
mhpRp1,0.5,1,1,CTGGGCTCCCACGAAGGAAT,0,2462141
mhpRp1,0.5,1,1,CTGGGAGTGCTATGTCAACT,0,2433188
mhpRp1,0.5,1,1,CTGGAACGGGTTCTACTCGA,0,2473056
mhpRp1,0.5,1,1,CTGCTTTAGTGGATGGCAGT,0,2424995
mhpRp1,0.5,1,1,CTGCTTGCAACATATCATAG,0,2456202
mhpRp1,0.5,1,1,CTGCGGTCTCCAATCCTCGG,0,2476180
mhpRp1,0.5,1,1,CTGCGAAACCCTGTGGGCAT,0,2471368
mhpRp1,0.5,1,1,CTGCCCATCCCGGAGGATTT,0,2462169
mhpRp1,0.5,1,1,CTGCATCGATTGTAATAAAG,0,2424096
mhpRp1,0.5,1,1,CTGCACTTCCGATGCTATTT,0,2443425
mhpRp1,0.5,1,1,CTGCAAGCATGGCAGTTGCG,0,2468291
mhpRp1,0.5,1,1,CTGATGTCTGGATGATTCTC,0,2437843
mhpRp1,0.5,1,1,CTGAGGAGCCCGTAGTCATG,0,2425852
mhpRp1,0.5,1,1,CTGACGTGACGACCCATAGA,0,2424583
mhpRp1,0.5,1,1,CTGACGCTTCGCCCTAAAAT,0,2427574
mhpRp1,0.5,1,1,CTGACGAAACTTCTATTCCA,0,2426160
mhpRp1,0.5,1,1,CTGACCGCGCTACCACAGGC,0,2458183
mhpRp1,0.5,1,1,CTGACCATAGTACACTCAAT,0,2473980
mhpRp1,0.5,1,1,CTCTTCTTCGTAGCATACAA,0,2450550
mhpRp1,0.5,1,1,CTCTTAGGGTGTACGCCCTG,0,2431918
mhpRp1,0.5,1,1,CTCTGTAATCGTTGTGTGCG,0,2456667
mhpRp1,0.5,1,1,CTCTGCGGCTGCGGAGCTTA,0,2472387
mhpRp1,0.5,1,1,CTCTCGTGACATTCATCTCT,0,2428145
mhpRp1,0.5,1,1,CTCTCAGCGGTCTAGGAGTC,0,2462052
mhpRp1,0.5,1,1,CTCTAGGGTATGACGGAGGC,0,2440110
mhpRp1,0.5,1,1,CTCGTCGTAGATCCCCACTT,0,2444819
mhpRp1,0.5,1,1,CTCGGTGGCAGATGCGTTTG,0,2434384
mhpRp1,0.5,1,1,CTCGGAATAACCACAATATA,0,2427691
mhpRp1,0.5,1,1,CTCGAAAAGTGTGAATTCGG,0,2447472
mhpRp1,0.5,1,1,CTCCGCGTCAAGGGCGTCGG,0,2440992
mhpRp1,0.5,1,1,CTCCGCATGGTAGCAACACG,0,2427927
mhpRp1,0.5,1,1,CTCCATACGTAGTTTAGATT,0,2461091
mhpRp1,0.5,1,1,CTCCAGAAGGGGGGCCTAGT,0,2464059
mhpRp1,0.5,1,1,CTCATGCTGCTCCCCATATA,0,2449645
mhpRp1,0.5,1,1,CTCATCAATCGTCCTTATTC,0,2461064
mhpRp1,0.5,1,1,CTCAGTCCGCCCAACATGCT,0,2439711
mhpRp1,0.5,1,1,CTCAGAATGTGGGTTCCGTG,0,2453533
mhpRp1,0.5,1,1,CTCACGTATTGGGTGCCTCG,0,2472508
mhpRp1,0.5,1,1,CTCACCTAAGAGCTCAGACT,0,2461945
mhpRp1,0.5,1,1,CTCAATCCGCAGGGAAGGTA,0,2449731
mhpRp1,0.5,1,1,CTCAAAGACGGCGCCTCTTT,0,2438111
mhpRp1,0.5,1,1,CTATTTCAAAGATATTTTGT,0,2465499
mhpRp1,0.5,1,1,CTATTGCGTAGCTCTCTTCA,0,2473850
mhpRp1,0.5,1,1,CTATTGAATCTCGAAAGGTC,0,2460212
mhpRp1,0.5,1,1,CTATTACCCTATCTCAGTAA,0,2478003
mhpRp1,0.5,1,1,CTATGGTGTGCTGGAGATGA,0,2445812
mhpRp1,0.5,1,1,CTATGGTCACGATAAAGCAA,0,2462521
mhpRp1,0.5,1,1,CTATCCTCATGGTAGAGCAT,0,2467532
mhpRp1,0.5,1,1,CTATAGACCTGTGAGGATTG,0,2425951
mhpRp1,0.5,1,1,CTAGTGGTTGTCTGAAGACC,0,2425389
mhpRp1,0.5,1,1,CTAGTCTTCACGGCGTAAAC,0,2426469
mhpRp1,0.5,1,1,CTAGTCATCGCAAATGGTCG,0,2461379
mhpRp1,0.5,1,1,CTAGTAGTTTGTCTCGGCTT,0,2469303
mhpRp1,0.5,1,1,CTAGGTGTCCACTGAATCCC,0,2423844
mhpRp1,0.5,1,1,CTAGGAGGCGATGTTGTAAG,0,2455418
mhpRp1,0.5,1,1,CTAGCCTATGGGCTAAGAGA,0,2447560
mhpRp1,0.5,1,1,CTAGCCCCTTGTATCACCTC,0,2456060
mhpRp1,0.5,1,1,CTAGCAAGAGTTTTCTTCAA,0,2432646
mhpRp1,0.5,1,1,CTAGATTGCTTTCGATCGCG,0,2425236
mhpRp1,0.5,1,1,CTAGATCCCCGTAACAAGTC,0,2457503
mhpRp1,0.5,1,1,CTAGATATTTCATTAACCTG,0,2476093
mhpRp1,0.5,1,1,CTAGAAGCGACCTTAGGAAA,0,2429506
mhpRp1,0.5,1,1,CTAGAAAGGGCGATGCGCTC,0,2426186
mhpRp1,0.5,1,1,CTACTGCTTTGAAATCACCC,0,2474352
mhpRp1,0.5,1,1,CTACGGTCTTTCTCTGAACC,0,2431776
mhpRp1,0.5,1,1,CTACCCGGTGCAAAGGATCG,0,2469808
mhpRp1,0.5,1,1,CTAATTTATGTAATATATCT,0,2450951
mhpRp1,0.5,1,1,CTAATCTGGTGCGCAAGAAT,0,2475395
mhpRp1,0.5,1,1,CTAATAGGAACTTCACTGGG,0,2425783
mhpRp1,0.5,1,1,CTAAGCCAGTAAAGTGTCCT,0,2439600
mhpRp1,0.5,1,1,CTAAGACACTCGGTGCCCCA,0,2475304
mhpRp1,0.5,1,1,CTAACATGACAAGCACCTGG,0,2437636
mhpRp1,0.5,1,1,CTAAACAACTCCACGCCGGA,0,2458529
mhpRp1,0.5,1,1,CGTTTGTCGGCGACCGCCTC,0,2463113
mhpRp1,0.5,1,1,CGTTTCGGGGCTCAGCCGGC,0,2426454
mhpRp1,0.5,1,1,CGTTTCAATGTATGGCGGCT,0,2436443
mhpRp1,0.5,1,1,CGTTATATAGGGCCTTAGGC,0,2464704
mhpRp1,0.5,1,1,CGTGTGGTGCAGGGTCAGAA,0,2429759
mhpRp1,0.5,1,1,CGTGTCATAGTCATGTCCTT,0,2439851
mhpRp1,0.5,1,1,CGTGGGGTATCGGCTGGTTG,0,2427435
mhpRp1,0.5,1,1,CGTGGGGCTTAAAATTGGAG,0,2445729
mhpRp1,0.5,1,1,CGTGCATCACGGCCACTATT,0,2445965
mhpRp1,0.5,1,1,CGTGAGACGCTATAGTCGCG,0,2462078
mhpRp1,0.5,1,1,CGTGACCTAGAATCAGAGGG,0,2459851
mhpRp1,0.5,1,1,CGTGAAAATGGCGGAAGGAC,0,2440352
mhpRp1,0.5,1,1,CGTCGAGGGCTGCCACCCCT,0,2473071
mhpRp1,0.5,1,1,CGTCCAGGTCAATCGATTAC,0,2451407
mhpRp1,0.5,1,1,CGTCAGGTACTATGTTGCCG,0,2425250
mhpRp1,0.5,1,1,CGTCACACGTTTTGCTGACA,0,2464256
mhpRp1,0.5,1,1,CGTCAACGTGGCCCCCTTTT,0,2434446
mhpRp1,0.5,1,1,CGTCAACGGGTAGGCACTGT,0,2472552
mhpRp1,0.5,1,1,CGTATTGGGTGTCGTCATGT,0,2467028
mhpRp1,0.5,1,1,CGTATGTCGGCTCAGTGTTA,0,2466400
mhpRp1,0.5,1,1,CGTATGACACCCCCTTCATG,0,2456624
mhpRp1,0.5,1,1,CGTATCAGTGATCAGAGGAC,0,2467538
mhpRp1,0.5,1,1,CGTATACTCGTCTGGTCTTA,0,2479134
mhpRp1,0.5,1,1,CGTAGTCCTGCCTTGACGTG,0,2458040
mhpRp1,0.5,1,1,CGTACTGGGTAACTGTGTAT,0,2426907
mhpRp1,0.5,1,1,CGTACGTGTACATCGGTAGT,0,2425731
mhpRp1,0.5,1,1,CGTAAATAGCCGCGTACTCT,0,2440162
mhpRp1,0.5,1,1,CGTAAAGCTTATTAGAATAC,0,2439700
mhpRp1,0.5,1,1,CGTAAACGGCGAAAGTGGGT,0,2467541
mhpRp1,0.5,1,1,CGGTTCGCCCGATTACTATT,0,2473153
mhpRp1,0.5,1,1,CGGTGTGGTGCTTACGACAG,0,2460620
mhpRp1,0.5,1,1,CGGTGTACCTGAGGTAGCTG,0,2468384
mhpRp1,0.5,1,1,CGGTGGGTCTGTCACTCACT,0,2425260
mhpRp1,0.5,1,1,CGGTGGCTGGAGTCCGTCCT,0,2440175
mhpRp1,0.5,1,1,CGGTGCGTTTTATTTTACGG,0,2438349
mhpRp1,0.5,1,1,CGGTCTGGAATCCGCACGCG,0,2475070
mhpRp1,0.5,1,1,CGGTAATAATCTCGGCTTCT,0,2441018
mhpRp1,0.5,1,1,CGGGTTTTATGCCCAGTAAT,0,2462117
mhpRp1,0.5,1,1,CGGGTTTGTATACCATTTGT,0,2478323
mhpRp1,0.5,1,1,CGGGTCGCGAGAAAAGGGAG,0,2445002
mhpRp1,0.5,1,1,CGGGGGCCATCGGTAAGTAT,0,2471650
mhpRp1,0.5,1,1,CGGGGCTTTCCAGATAATTT,0,2459916
mhpRp1,0.5,1,1,CGGGGCTTGCTTCAGGATGT,0,2457066
mhpRp1,0.5,1,1,CGGGGAGCAGGATGGAGAAC,0,2437084
mhpRp1,0.5,1,1,CGGGCGATTTCGGGGAGTCT,0,2434616
mhpRp1,0.5,1,1,CGGGCAGCGGGATACGTATA,0,2452711
mhpRp1,0.5,1,1,CGGGAGGCGCTTTGCACCAG,0,2470815
mhpRp1,0.5,1,1,CGGGACCCATGCAAGAGCCA,0,2446551
mhpRp1,0.5,1,1,CGGGACAGTTTCAGAAGGAT,0,2472848
mhpRp1,0.5,1,1,CGGGAAGTGATTTCCGATAT,0,2455666
mhpRp1,0.5,1,1,CGGGAAACTGCTAAGTCGCC,0,2461026
mhpRp1,0.5,1,1,CGGCTGCCGTTGACACCCCC,0,2472770
mhpRp1,0.5,1,1,CGGCTCAATTCCTTTCCAGC,0,2437126
mhpRp1,0.5,1,1,CGGCTATGAACCAGCACCCT,0,2433551
mhpRp1,0.5,1,1,CGGCCTCGATACGCTATTGT,0,2454228
mhpRp1,0.5,1,1,CGGCCGTCGCCGCCACGTAG,0,2439504
mhpRp1,0.5,1,1,CGGCCGCAAGTGGACAGTGC,0,2464418
mhpRp1,0.5,1,1,CGGCCCCTACCTCCCGAGGT,0,2439518
mhpRp1,0.5,1,1,CGGCCAATATTGCGTCAATC,0,2457326
mhpRp1,0.5,1,1,CGGCATTGGGGGCCGCAGCG,0,2433012
mhpRp1,0.5,1,1,CGGCATGGGTTCATCAATGC,0,2436094
mhpRp1,0.5,1,1,CGGCATAGCGTCTAGAAGAG,0,2473386
mhpRp1,0.5,1,1,CGGCAGGGATGAATGGCGGT,0,2460068
mhpRp1,0.5,1,1,CGGATTGGGCCTGGCCATGC,0,2443248
mhpRp1,0.5,1,1,CGGAGGTAGAGTCGGCCACC,0,2476906
mhpRp1,0.5,1,1,CGGAGCAGATGGCGGGGGCA,0,2455834
mhpRp1,0.5,1,1,CGGAATTGGAGGTCTAGACT,0,2467430
mhpRp1,0.5,1,1,CGGAATAAAACCTCAGTATC,0,2425249
mhpRp1,0.5,1,1,CGCTTGAGAACCAGATAGAT,0,2427676
mhpRp1,0.5,1,1,CGCTGTACAATAAACTGATA,0,2444988
mhpRp1,0.5,1,1,CGCTGCGTTTAGTAGGGAGT,0,2456179
mhpRp1,0.5,1,1,CGCTGATTTCTCTCGTAGAG,0,2476101
mhpRp1,0.5,1,1,CGCTCGGTAAGAAGGTAGCA,0,2467486
mhpRp1,0.5,1,1,CGCTCGAGCGTAGAAAGTAT,0,2452267
mhpRp1,0.5,1,1,CGCTCCGCACATGAGTTTGT,0,2448591
mhpRp1,0.5,1,1,CGCTATAAAGCTCTGCCCTA,0,2428479
mhpRp1,0.5,1,1,CGCGTGCGTCTATCGGGCGC,0,2439066
mhpRp1,0.5,1,1,CGCGTCCAAATTTGGTCGCA,0,2442268
mhpRp1,0.5,1,1,CGCGGTTTCCTGGTCAGACG,0,2478165
mhpRp1,0.5,1,1,CGCGCGGCATCTTTAAAATA,0,2426187
mhpRp1,0.5,1,1,CGCGATCCTACCGGAAGCCA,0,2452358
mhpRp1,0.5,1,1,CGCGATAGTATTTTAAAAAT,0,2431686
mhpRp1,0.5,1,1,CGCCTTTTATCGGGATCTGC,0,2459717
mhpRp1,0.5,1,1,CGCCTTAGAACTGGTGGAGA,0,2443605
mhpRp1,0.5,1,1,CGCCTGTGACCCTGTCACCT,0,2439926
mhpRp1,0.5,1,1,CGCCTGACAGGTGCTCTCTC,0,2478981
mhpRp1,0.5,1,1,CGCCGCTTGCAAACCTGGGA,0,2456416
mhpRp1,0.5,1,1,CGCCGACTATTAGAGAGGAC,0,2446099
mhpRp1,0.5,1,1,CGCCCCTCGTGGGTCCACGA,0,2471133
mhpRp1,0.5,1,1,CGCCATAGCGATGAAGGATG,0,2433949
mhpRp1,0.5,1,1,CGCCAAGCATGAGCCGTGCT,0,2465494
mhpRp1,0.5,1,1,CGCATTTCCTACAGGAGGAT,0,2473507
mhpRp1,0.5,1,1,CGCATCCGGCTACTAGGGAT,0,2444018
mhpRp1,0.5,1,1,CGCAGTCCCACCGTAAGAAG,0,2460536
mhpRp1,0.5,1,1,CGCAGGTACCCTGCCCACCC,0,2426234
mhpRp1,0.5,1,1,CGCAGCAGTTTGGCGTTCGG,0,2466547
mhpRp1,0.5,1,1,CGCAAGATACTCAACATCGA,0,2479098
mhpRp1,0.5,1,1,CGCAACAAAGGGTTCTGCCA,0,2464017
mhpRp1,0.5,1,1,CGATTTTAGGTGGCAATCGT,0,2469037
mhpRp1,0.5,1,1,CGATTGCGGTTGACCGCATC,0,2474858
mhpRp1,0.5,1,1,CGATTATGGGGATTTCCCCC,0,2432395
mhpRp1,0.5,1,1,CGATTACCGCGGAAGAGCGG,0,2447374
mhpRp1,0.5,1,1,CGATCGGAGCAGTAATACTA,0,2465463
mhpRp1,0.5,1,1,CGATAAATTCGATGCCCGAG,0,2468352
mhpRp1,0.5,1,1,CGAGTCCCTGCACAATAGGG,0,2436841
mhpRp1,0.5,1,1,CGAGGGTTCGTGTATACGTG,0,2477338
mhpRp1,0.5,1,1,CGAGCTACAATCGACTTACA,0,2461112
mhpRp1,0.5,1,1,CGAGAAGGCGGGCGTCGTCA,0,2453679
mhpRp1,0.5,1,1,CGACTCGAACGTGAGTTAGG,0,2478898
mhpRp1,0.5,1,1,CGACTACGGGTTGTCCATAC,0,2450954
mhpRp1,0.5,1,1,CGACTACCCTAGTATTGAAT,0,2471551
mhpRp1,0.5,1,1,CGACCCCATGTGGGCACATT,0,2470449
mhpRp1,0.5,1,1,CGACCCACACCGTGTGAGGA,0,2426060
mhpRp1,0.5,1,1,CGACCAGCCCGGCCCGGGGG,0,2469022
mhpRp1,0.5,1,1,CGAATATGACGCCCCGAGCT,0,2479111
mhpRp1,0.5,1,1,CGAAGGGAACATGTATTAAT,0,2443796
mhpRp1,0.5,1,1,CGAACTCCGAACGTCGTAAC,0,2436179
mhpRp1,0.5,1,1,CGAAATCCGTTTCATGAAAC,0,2436431
mhpRp1,0.5,1,1,CGAAAGTCTGAATCCTTGGA,0,2441856
mhpRp1,0.5,1,1,CGAAAGGTAACTTGCAGGGG,0,2439972
mhpRp1,0.5,1,1,CGAAAGGATTCCGAGTCAGA,0,2478208
mhpRp1,0.5,1,1,CCTTTCCCCCGGCCAAGGTT,0,2453911
mhpRp1,0.5,1,1,CCTTTCATTAGAAAAACCAA,0,2430341
mhpRp1,0.5,1,1,CCTTGTTTTGCTAAAGCCAT,0,2455195
mhpRp1,0.5,1,1,CCTTCTCGCACGGAATTCTT,0,2427774
mhpRp1,0.5,1,1,CCTTCTCCGTCTCGTTGGAC,0,2428497
mhpRp1,0.5,1,1,CCTTCTACGTTGTCAGAGCT,0,2461028
mhpRp1,0.5,1,1,CCTTCTACCCAGCAGGTTGT,0,2463801
mhpRp1,0.5,1,1,CCTTATTTTACATTGACCAG,0,2465011
mhpRp1,0.5,1,1,CCTTATCGGGTTCGGCGTAT,0,2473797
mhpRp1,0.5,1,1,CCTTAACGGCCTCGCGGGAA,0,2446791
mhpRp1,0.5,1,1,CCTGTAGCGCAACCTAACCT,0,2444666
mhpRp1,0.5,1,1,CCTGGTCATAGCGGCCACTC,0,2442895
mhpRp1,0.5,1,1,CCTGGGCTGCCGTCTAGAGC,0,2428726
mhpRp1,0.5,1,1,CCTGGCGCGGCCTGCCCGCA,0,2457245
mhpRp1,0.5,1,1,CCTGGAGTTAAAATTGCTGT,0,2439935
mhpRp1,0.5,1,1,CCTGCCAGAAATAACTGGCT,0,2474808
mhpRp1,0.5,1,1,CCTGATAAGTACAAGAAAGT,0,2441246
mhpRp1,0.5,1,1,CCTCTTTCGCCTTTGGCGCA,0,2443487
mhpRp1,0.5,1,1,CCTCGAAAACGTCTTCGCGG,0,2475690
mhpRp1,0.5,1,1,CCTCCGGGGTCTAAGAGCGT,0,2472828
mhpRp1,0.5,1,1,CCTCCCGTTTCATCCACCTA,0,2434608
mhpRp1,0.5,1,1,CCTCCCGTACATCATCGAGT,0,2478287
mhpRp1,0.5,1,1,CCTCCCCTTTGGCGGGCTCA,0,2448685
mhpRp1,0.5,1,1,CCTCACCGTGAGAAAGGTAA,0,2437073
mhpRp1,0.5,1,1,CCTCAACTCTAACTAGCACT,0,2449237
mhpRp1,0.5,1,1,CCTCAACGTGGTGTCGGTAC,0,2432632
mhpRp1,0.5,1,1,CCTATTGAGGTTGCCGTGTG,0,2452559
mhpRp1,0.5,1,1,CCTATGCGTTCATCGAAACG,0,2474633
mhpRp1,0.5,1,1,CCTATAGTTGCCGCGGACGG,0,2467396
mhpRp1,0.5,1,1,CCTAGTTCCTATCAGGGACC,0,2425503
mhpRp1,0.5,1,1,CCTACCGTTTGGTAGACGCT,0,2473286
mhpRp1,0.5,1,1,CCTACATAAGACGGCCTCTT,0,2448972
mhpRp1,0.5,1,1,CCTAAGGTCAGGCGTTTCGG,0,2465428
mhpRp1,0.5,1,1,CCTAACTGTATGTATGTCCG,0,2468404
mhpRp1,0.5,1,1,CCTAACGATATGTGCCCTAT,0,2446390
mhpRp1,0.5,1,1,CCGTTGGATCGCGAGCAAAC,0,2459262
mhpRp1,0.5,1,1,CCGTTATGATCTGGTCAGTG,0,2467883
mhpRp1,0.5,1,1,CCGTGTAATCGGGCTCGCTG,0,2445012
mhpRp1,0.5,1,1,CCGTGCGTTCAGACACGCGA,0,2477415
mhpRp1,0.5,1,1,CCGTGCACAGCTCGACGCAG,0,2424803
mhpRp1,0.5,1,1,CCGTCTTTAGGTCGTGTAGC,0,2454602
mhpRp1,0.5,1,1,CCGTCGCTGGACGCCGGTTC,0,2462249
mhpRp1,0.5,1,1,CCGTAGCAACACAGGCTAAC,0,2451423
mhpRp1,0.5,1,1,CCGGTTTTTAAGGTAAGTTC,0,2468786
mhpRp1,0.5,1,1,CCGGTTAATTTTACGGGGGA,0,2447240
mhpRp1,0.5,1,1,CCGGGTTAGATTGCAGTAAC,0,2475634
mhpRp1,0.5,1,1,CCGGCTCGTCCCCGGTATGG,0,2479276
mhpRp1,0.5,1,1,CCGGCTCGACTGAGGAGGAC,0,2466278
mhpRp1,0.5,1,1,CCGGCTACTCTGGGGCGTCA,0,2440299
mhpRp1,0.5,1,1,CCGGCGAATGTCTAGCTCCG,0,2472220
mhpRp1,0.5,1,1,CCGGCCTAAATTTAAGCCTT,0,2425219
mhpRp1,0.5,1,1,CCGGCATACTGGACACCGGT,0,2467304
mhpRp1,0.5,1,1,CCGGAACCGAACATAGACTA,0,2466730
mhpRp1,0.5,1,1,CCGCTGGCGCCAGGAGCAAT,0,2459212
mhpRp1,0.5,1,1,CCGCTCATTCGGGAATTAGG,0,2463813
mhpRp1,0.5,1,1,CCGCGTAGCAAGCGCTGCAG,0,2461566
mhpRp1,0.5,1,1,CCGCGGGGAATAATCACCGA,0,2477347
mhpRp1,0.5,1,1,CCGCGGCTGTCTCGTTTGTC,0,2445985
mhpRp1,0.5,1,1,CCGCCTCAAAGTTTAATTTG,0,2472707
mhpRp1,0.5,1,1,CCGCCAATGATGGCTTGTAC,0,2431061
mhpRp1,0.5,1,1,CCGCATAACTTCGAATTGGT,0,2454095
mhpRp1,0.5,1,1,CCGATTTGCGCAAACCTAAC,0,2443542
mhpRp1,0.5,1,1,CCGATATAGCAGGGCCGGTA,0,2440874
mhpRp1,0.5,1,1,CCGAGCTGAATATTCTGGGA,0,2441401
mhpRp1,0.5,1,1,CCGACTTGGGACGGAGGGTT,0,2477708
mhpRp1,0.5,1,1,CCGACGGCCAAGAATTTAAC,0,2456793
mhpRp1,0.5,1,1,CCGAATTCATCTTGAAGTCC,0,2432962
mhpRp1,0.5,1,1,CCGAACCTGGAATGGTGATA,0,2458448
mhpRp1,0.5,1,1,CCCTTAACGACAGTGCTAGA,0,2443361
mhpRp1,0.5,1,1,CCCTGCTCGACCGGCCGCTT,0,2478246
mhpRp1,0.5,1,1,CCCTGCATGTACACCTGCAG,0,2428449
mhpRp1,0.5,1,1,CCCTCGTGGCTTGTCCTCAA,0,2452932
mhpRp1,0.5,1,1,CCCTCCGCCCAAGCCTGCGT,0,2478492
mhpRp1,0.5,1,1,CCCTAGTTACGACCATTTGC,0,2454633
mhpRp1,0.5,1,1,CCCGTGGTTATACCCTCCAT,0,2460658
mhpRp1,0.5,1,1,CCCGTGGCGCGTAAGCCCAA,0,2423828
mhpRp1,0.5,1,1,CCCGTCCGCAGACGACCACA,0,2434513
mhpRp1,0.5,1,1,CCCGGGCACCTAGGTGCAGT,0,2472390
mhpRp1,0.5,1,1,CCCGGGACCACAATCAGTTC,0,2475530
mhpRp1,0.5,1,1,CCCGGCCCCACTGGGTACCT,0,2477368
mhpRp1,0.5,1,1,CCCGGCATTTACTTGCCTCA,0,2460892
mhpRp1,0.5,1,1,CCCGGCAGTAAATGTCTCAA,0,2474065
mhpRp1,0.5,1,1,CCCGCGTTATATCCCTACAC,0,2465045
mhpRp1,0.5,1,1,CCCGCGCGTATGACTAACTT,0,2475917
mhpRp1,0.5,1,1,CCCGCGCGCTGATAATCTTC,0,2465214
mhpRp1,0.5,1,1,CCCGCAGATTTATCCAGCTG,0,2442821
mhpRp1,0.5,1,1,CCCGAGCCCCAGTGGTAGTT,0,2451108
mhpRp1,0.5,1,1,CCCGACTGGTGCCCCGAAGA,0,2455654
mhpRp1,0.5,1,1,CCCGACCCCACATAACGGGG,0,2434095
mhpRp1,0.5,1,1,CCCCTTGAGCCTATTTTCTG,0,2475498
mhpRp1,0.5,1,1,CCCCGCATGCGGGATCAGTT,0,2468074
mhpRp1,0.5,1,1,CCCCGCACCTGTGGGACTCG,0,2470267
mhpRp1,0.5,1,1,CCCCGAGCTTTCCCAGGAGT,0,2424061
mhpRp1,0.5,1,1,CCCCGACCAGGTGAGGGCAT,0,2453505
mhpRp1,0.5,1,1,CCCCATATGGACGAGTGTGA,0,2438921
mhpRp1,0.5,1,1,CCCAGTTCCACCGGAGCCCT,0,2475923
mhpRp1,0.5,1,1,CCCAGTGTTCAAACAGTGGA,0,2439226
mhpRp1,0.5,1,1,CCCACGAGTAGTGGATATTG,0,2479068
mhpRp1,0.5,1,1,CCCACCGGGCAGCACCAAGA,0,2460745
mhpRp1,0.5,1,1,CCCAAGTGGTGCTTTCAACA,0,2459220
mhpRp1,0.5,1,1,CCATTGGGCAAAGTCCGCTC,0,2427593
mhpRp1,0.5,1,1,CCATTCGTTCAAGCATATCA,0,2461395
mhpRp1,0.5,1,1,CCATGGTTTGTTGATCCCAC,0,2467102
mhpRp1,0.5,1,1,CCATGGCCTAGCCCTTAATG,0,2448373
mhpRp1,0.5,1,1,CCATCGTATCATTCGAGGGA,0,2431999
mhpRp1,0.5,1,1,CCATACGGGGTGAAACAAAT,0,2446711
mhpRp1,0.5,1,1,CCAGTGTTTAGGCTGGGTAC,0,2449721
mhpRp1,0.5,1,1,CCAGTCACGTTCGTAATCAC,0,2449941
mhpRp1,0.5,1,1,CCAGGTTACCACTGTAAATA,0,2443455
mhpRp1,0.5,1,1,CCAGGTCGCGATCCCGCTCA,0,2437936
mhpRp1,0.5,1,1,CCAGGCCTGGTACCTTGCAA,0,2460189
mhpRp1,0.5,1,1,CCAGACCGATTCCGCAACGT,0,2449229
mhpRp1,0.5,1,1,CCACTGAGAATTCTTCACCA,0,2453690
mhpRp1,0.5,1,1,CCACTACTATATCCAAGCAG,0,2439864
mhpRp1,0.5,1,1,CCACGTCTAGGTCGAAAAAA,0,2470980
mhpRp1,0.5,1,1,CCACGCGCGTTTCATCCGTC,0,2452923
mhpRp1,0.5,1,1,CCACCCGGAATTCATTTGGG,0,2445527
mhpRp1,0.5,1,1,CCACATCCCAGGGCTGCCCA,0,2463243
mhpRp1,0.5,1,1,CCAATTAAGAGCGCTATCGT,0,2428086
mhpRp1,0.5,1,1,CCAATCCCCCCATCGCTGTG,0,2430733
mhpRp1,0.5,1,1,CCAAGGTTAGCTGGTCTCGA,0,2427730
mhpRp1,0.5,1,1,CCAAGGCTCGTTCGCGCCAG,0,2466105
mhpRp1,0.5,1,1,CCAAGCGCGATTAGCAGGAT,0,2429555
mhpRp1,0.5,1,1,CCAAGCATCCAGTCTCTGAA,0,2474327
mhpRp1,0.5,1,1,CCAACAACGAGCCTTCAGCC,0,2452973
mhpRp1,0.5,1,1,CCAAAGCTAGACACTTCAGG,0,2425833
mhpRp1,0.5,1,1,CATTTTTCTCAAGGCCACGT,0,2434175
mhpRp1,0.5,1,1,CATTTGTCCAGGAGAGCCTG,0,2439856
mhpRp1,0.5,1,1,CATTTAGGCTGGGGCCTAAT,0,2449632
mhpRp1,0.5,1,1,CATTGCACAACGCCAAGACA,0,2460314
mhpRp1,0.5,1,1,CATTCGTCCTGGCACCAGGA,0,2444008
mhpRp1,0.5,1,1,CATTCCACCTACAGTCTGGT,0,2455628
mhpRp1,0.5,1,1,CATTCATTGGAATAGCGATA,0,2439385
mhpRp1,0.5,1,1,CATTAGTGTTGATTTGGGTA,0,2423903
mhpRp1,0.5,1,1,CATTACATACGGACTTCCTT,0,2460954
mhpRp1,0.5,1,1,CATGTGAAACTGCATCGGTA,0,2452200
mhpRp1,0.5,1,1,CATGTCCCCTATACGATCTT,0,2449889
mhpRp1,0.5,1,1,CATGTAAAAACCCCCCTTGG,0,2457069
mhpRp1,0.5,1,1,CATGGTTTCTCGCCACATGT,0,2461697
mhpRp1,0.5,1,1,CATGGTCAATACATGCTGCG,0,2455678
mhpRp1,0.5,1,1,CATGGATTCATCGGCTTATA,0,2459312
mhpRp1,0.5,1,1,CATGCGAGGCACTCACCTGT,0,2462373
mhpRp1,0.5,1,1,CATGCAACAGCGTTCTGCCA,0,2479259
mhpRp1,0.5,1,1,CATGAATATCTTGCGGGGTT,0,2479181
mhpRp1,0.5,1,1,CATCTTCTGCTCTTATCGAA,0,2451442
mhpRp1,0.5,1,1,CATCTTCGGCCACCGAACAA,0,2431629
mhpRp1,0.5,1,1,CATCTCTGCGGTTGTCGTCT,0,2451116
mhpRp1,0.5,1,1,CATCGTGCGTTGCTTCACGG,0,2472864
mhpRp1,0.5,1,1,CATCCGAATTGCCAGGTATT,0,2446200
mhpRp1,0.5,1,1,CATCCAATTCAAAATTGATC,0,2477581
mhpRp1,0.5,1,1,CATCATGATTATATTACCAG,0,2453651
mhpRp1,0.5,1,1,CATCAGGGTGCGAATTGGAA,0,2477742
mhpRp1,0.5,1,1,CATCAGAGATACAGGAACGT,0,2463857
mhpRp1,0.5,1,1,CATCACATTCTATTAACGGT,0,2438788
mhpRp1,0.5,1,1,CATCAAGTCCATGAAGTGCC,0,2459562
mhpRp1,0.5,1,1,CATCAAGTATAGTCAGCGAA,0,2467290
mhpRp1,0.5,1,1,CATATTCGCCGCTCGCATGC,0,2425094
mhpRp1,0.5,1,1,CATATAGACTATATTAATTG,0,2461956
mhpRp1,0.5,1,1,CATAGTACAACCCCCTACTA,0,2456639
mhpRp1,0.5,1,1,CATAGCCCGTGATCGAATTA,0,2467979
mhpRp1,0.5,1,1,CATACGGGGGTGCCGGTGTG,0,2445732
mhpRp1,0.5,1,1,CATACAGGGATGCTTGACTT,0,2474408
mhpRp1,0.5,1,1,CATAATCCCCAGTGTTTGGT,0,2448006
mhpRp1,0.5,1,1,CATAACTGCATGCCTGCATG,0,2445825
mhpRp1,0.5,1,1,CATAAATCTATCTGAGAAAG,0,2478576
mhpRp1,0.5,1,1,CAGTTTTTTAATAGGGTGGT,0,2450907
mhpRp1,0.5,1,1,CAGTTTTCGGTTCTCAGCTG,0,2428996
mhpRp1,0.5,1,1,CAGTTCGCCGGCGGACCCAG,0,2456692
mhpRp1,0.5,1,1,CAGTCCTGGAAACATAGTAC,0,2455344
mhpRp1,0.5,1,1,CAGTCAGCTGGTCTGGCATG,0,2466388
mhpRp1,0.5,1,1,CAGTATAGATATTACCTTCA,0,2431762
mhpRp1,0.5,1,1,CAGTACGGCCGACGATGGTC,0,2439266
mhpRp1,0.5,1,1,CAGGTTCCCTTCATCTTAGG,0,2472795
mhpRp1,0.5,1,1,CAGGTCGGATAACCGCACCA,0,2464815
mhpRp1,0.5,1,1,CAGGTCCATCGCCCAACATT,0,2462538
mhpRp1,0.5,1,1,CAGGTAGGGCTGGTTGGGAA,0,2433030
mhpRp1,0.5,1,1,CAGGGCACGCGCGAATCCGT,0,2465390
mhpRp1,0.5,1,1,CAGGCTCCGGATCGCGGGCA,0,2471967
mhpRp1,0.5,1,1,CAGGCGATCACAGCACGACT,0,2425466
mhpRp1,0.5,1,1,CAGGCCTGTAAGTCCATATA,0,2442476
mhpRp1,0.5,1,1,CAGGCCAGCGTAAGGTTAGA,0,2452608
mhpRp1,0.5,1,1,CAGGCACGCGTTGTTAGTGT,0,2471845
mhpRp1,0.5,1,1,CAGGATTGCGTGGTCTGCCC,0,2437576
mhpRp1,0.5,1,1,CAGGATGGGAATCCATTACA,0,2473333
mhpRp1,0.5,1,1,CAGGAATATGTGAAGGACAA,0,2465558
mhpRp1,0.5,1,1,CAGCTCTAGTCATGTCACAC,0,2460374
mhpRp1,0.5,1,1,CAGCTCAACCAATAATCTCA,0,2467497
mhpRp1,0.5,1,1,CAGCGCCGCATGCAATGGAG,0,2473566
mhpRp1,0.5,1,1,CAGCGAGGGACGGCACCACA,0,2454406
mhpRp1,0.5,1,1,CAGCCGAGCGGTACAAAAAA,0,2425693
mhpRp1,0.5,1,1,CAGCATGGCGAGATTCAGTT,0,2451873
mhpRp1,0.5,1,1,CAGACCATGTCCTAGAGGAT,0,2455944
mhpRp1,0.5,1,1,CAGAAGCGCTCCTCTCGGGA,0,2473421
mhpRp1,0.5,1,1,CAGAAGCATATTTGTCAAGG,0,2475614
mhpRp1,0.5,1,1,CAGAAACCAGGCTTTTTATA,0,2438741
mhpRp1,0.5,1,1,CACTTTGTCCCGGCGTTAGT,0,2474907
mhpRp1,0.5,1,1,CACTTCGAATACCCACGCCT,0,2475905
mhpRp1,0.5,1,1,CACTGTACATTCCGGTTAAT,0,2428126
mhpRp1,0.5,1,1,CACTGCATGTGTTCCCCGGC,0,2440915
mhpRp1,0.5,1,1,CACTCTCATAGAAGTAATAC,0,2435303
mhpRp1,0.5,1,1,CACTCCGACAGCGCACAGAG,0,2467582
mhpRp1,0.5,1,1,CACTATGGCGCGGGCAATGG,0,2479058
mhpRp1,0.5,1,1,CACTAAAGGTGTTACTGCAT,0,2464502
mhpRp1,0.5,1,1,CACGTTCCGGTGCATGGACT,0,2442092
mhpRp1,0.5,1,1,CACGTCTTTCCACGAAAAAC,0,2468523
mhpRp1,0.5,1,1,CACGTCATACATTATCACGG,0,2464958
mhpRp1,0.5,1,1,CACGTCAATTGCAACGGATT,0,2468450
mhpRp1,0.5,1,1,CACGGCCATTCCGAACACGT,0,2466023
mhpRp1,0.5,1,1,CACCTTTCATGACACATCGT,0,2448097
mhpRp1,0.5,1,1,CACCTGAAATTTCACCGAGT,0,2477592
mhpRp1,0.5,1,1,CACCTCGTCTCGTTGGGATT,0,2446236
mhpRp1,0.5,1,1,CACCGGTGCAATCAAAGACA,0,2469786
mhpRp1,0.5,1,1,CACCGGATTTGATAACGATC,0,2427633
mhpRp1,0.5,1,1,CACCCTTGCCATCACAAGCA,0,2429050
mhpRp1,0.5,1,1,CACCAGCCGTCGGTGTACAA,0,2448495
mhpRp1,0.5,1,1,CACCACGTTCCGAGTTAGGA,0,2472605
mhpRp1,0.5,1,1,CACATTGCATCCGCTAACGC,0,2470013
mhpRp1,0.5,1,1,CACATAAGAAACCATTGTAG,0,2474462
mhpRp1,0.5,1,1,CACAGCAATGTAAGGTTGTT,0,2468481
mhpRp1,0.5,1,1,CACAGACAGATACGGGAGGG,0,2449032
mhpRp1,0.5,1,1,CACACACACATAGCAATCAA,0,2442410
mhpRp1,0.5,1,1,CACACAAGATTTGGGGAATT,0,2476982
mhpRp1,0.5,1,1,CACAAGTGTGCGCGCCCGGA,0,2460674
mhpRp1,0.5,1,1,CAATTCACAACGTACCCATG,0,2458855
mhpRp1,0.5,1,1,CAATTATCGTCTGGGGCACC,0,2459182
mhpRp1,0.5,1,1,CAATGTAGGAGACCGGAGGA,0,2456264
mhpRp1,0.5,1,1,CAATGATCATTATAGGGAGG,0,2433678
mhpRp1,0.5,1,1,CAATGAGGTGGCTGCGGTTC,0,2475258
mhpRp1,0.5,1,1,CAATCGACTAACATGGACAT,0,2440476
mhpRp1,0.5,1,1,CAATCCTCTCCGGGGTCCCA,0,2439308
mhpRp1,0.5,1,1,CAATATTTCTACGTGTCCTA,0,2463003
mhpRp1,0.5,1,1,CAATATCGTCGGCCAAACGT,0,2463552
mhpRp1,0.5,1,1,CAATATATGACCTGGTCGGA,0,2439983
mhpRp1,0.5,1,1,CAATACAACTAATTCCTGCT,0,2473350
mhpRp1,0.5,1,1,CAATAAGGTAGCTTACAGTA,0,2446701
mhpRp1,0.5,1,1,CAAGTTATTAGTCCCGGGAG,0,2472615
mhpRp1,0.5,1,1,CAAGTGTACAGCCGGACCAA,0,2428592
mhpRp1,0.5,1,1,CAAGTGAGGCCTGCCTATGT,0,2438352
mhpRp1,0.5,1,1,CAAGGTGTAGGCCACTCGGG,0,2455913
mhpRp1,0.5,1,1,CAAGGTACTCTGTGCTCGGA,0,2464818
mhpRp1,0.5,1,1,CAAGGGGGTGGGGACCTCGA,0,2478487
mhpRp1,0.5,1,1,CAAGGCTAGGAGACAGTCCA,0,2429841
mhpRp1,0.5,1,1,CAAGGCGGAATACGCGATTC,0,2424122
mhpRp1,0.5,1,1,CAAGGATACTTATAAGGAAG,0,2444992
mhpRp1,0.5,1,1,CAAGGAGGACCATAGTGTCC,0,2471351
mhpRp1,0.5,1,1,CAAGGAACTGCTCATCTGGG,0,2444279
mhpRp1,0.5,1,1,CAAGCCTCGATAAGAACTTC,0,2457073
mhpRp1,0.5,1,1,CAAGCCAGCAAATGCTCGAA,0,2446394
mhpRp1,0.5,1,1,CAACTTAGTCCCAAATCAGG,0,2463328
mhpRp1,0.5,1,1,CAACGTCAAGTGCGCAAGGA,0,2455998
mhpRp1,0.5,1,1,CAACGCTTATTTAACGATTC,0,2430168
mhpRp1,0.5,1,1,CAACCTAGGGCCTCCAGTTC,0,2426981
mhpRp1,0.5,1,1,CAACCGTGCCACTTGAGATT,0,2425698
mhpRp1,0.5,1,1,CAACCCCGCCGTCGTTTCAT,0,2470765
mhpRp1,0.5,1,1,CAACATTTATTTCACTCCGG,0,2438143
mhpRp1,0.5,1,1,CAACATGTGGGCTCCCTAGG,0,2461863
mhpRp1,0.5,1,1,CAACAGCAACACGCACTCGG,0,2476066
mhpRp1,0.5,1,1,CAACAGATGAGAAACTCATG,0,2479062
mhpRp1,0.5,1,1,CAACACTTGCTATAGAACGG,0,2470493
mhpRp1,0.5,1,1,CAAATGGGTGTTAACCAAAT,0,2427410
mhpRp1,0.5,1,1,CAAATGGCATTCCATACGGA,0,2444342
mhpRp1,0.5,1,1,CAAATATACGACGGGCCAGT,0,2428115
mhpRp1,0.5,1,1,CAAATAATGCAGTCACAAGG,0,2472711
mhpRp1,0.5,1,1,CAAAGTGCTGAGTGCCACAC,0,2445623
mhpRp1,0.5,1,1,CAAACCAGATAAAAATTGTG,0,2441322
mhpRp1,0.5,1,1,CAAAATGGTGTAGAATAGAG,0,2472584
mhpRp1,0.5,1,1,CAAAATAATGCGAGTATGGG,0,2452396
mhpRp1,0.5,1,1,CAAAAGTCACACATGACCGA,0,2445411
mhpRp1,0.5,1,1,CAAAAGGCATCGTTCAAATG,0,2473511
mhpRp1,0.5,1,1,ATTTTATCCTCACTGTCTAT,0,2443249
mhpRp1,0.5,1,1,ATTTGCGGGGAGAGGGTGAA,0,2427688
mhpRp1,0.5,1,1,ATTTCATTGTCCTCCGGTGT,0,2452974
mhpRp1,0.5,1,1,ATTTATTCCGGACGGTAAGT,0,2444671
mhpRp1,0.5,1,1,ATTTATCTCGGTCCACGACG,0,2449247
mhpRp1,0.5,1,1,ATTTAGGCACGCTGCAGCCG,0,2446606
mhpRp1,0.5,1,1,ATTTACAGACAAGTTATCTC,0,2455867
mhpRp1,0.5,1,1,ATTTAAGTGGATACAACATT,0,2425133
mhpRp1,0.5,1,1,ATTGTAGGCTTGCGACGCAG,0,2432423
mhpRp1,0.5,1,1,ATTGTACTTCGGATCGGAAT,0,2442900
mhpRp1,0.5,1,1,ATTGGGATCGAGCCGTCCTG,0,2476072
mhpRp1,0.5,1,1,ATTGCAGAGGTACCTGGGTA,0,2472953
mhpRp1,0.5,1,1,ATTGCACAAGATGGGAATTA,0,2462264
mhpRp1,0.5,1,1,ATTGATAATTAATAGGTGGT,0,2424382
mhpRp1,0.5,1,1,ATTCTTAACTTGACGTAAGT,0,2468463
mhpRp1,0.5,1,1,ATTCTCTAACTTGTCACCAT,0,2444257
mhpRp1,0.5,1,1,ATTCGGAAGTTATAATGTTG,0,2469251
mhpRp1,0.5,1,1,ATTCCTCAAGACCCTCAATG,0,2434684
mhpRp1,0.5,1,1,ATTCATGCAAGGACGACCTA,0,2474305
mhpRp1,0.5,1,1,ATTCAATGCTTTCCCCACGA,0,2475036
mhpRp1,0.5,1,1,ATTATTGCATTATATTGCAG,0,2461605
mhpRp1,0.5,1,1,ATTATGTTGAGACGTTAGAG,0,2462159
mhpRp1,0.5,1,1,ATTATGCTACTCCCAGGTCT,0,2459961
mhpRp1,0.5,1,1,ATTATCTGGTCTTTCCAAGC,0,2446793
mhpRp1,0.5,1,1,ATTATCAGTAAGGCATAGGG,0,2435972
mhpRp1,0.5,1,1,ATTAGGCTGCGACACGATTG,0,2448348
mhpRp1,0.5,1,1,ATTAGATTGAAGTAATTACG,0,2436363
mhpRp1,0.5,1,1,ATTAGAAACAGCGATTTCGT,0,2444987
mhpRp1,0.5,1,1,ATTACTTAAGATGTGCGGCT,0,2448216
mhpRp1,0.5,1,1,ATTAATCGATCAAGGAACGG,0,2473248
mhpRp1,0.5,1,1,ATTAAGGCGATCATTAGCTA,0,2467749
mhpRp1,0.5,1,1,ATTAAGGCCTGGAGCTGTCA,0,2462638
mhpRp1,0.5,1,1,ATGTTTTCCTTGGTCACGCT,0,2425609
mhpRp1,0.5,1,1,ATGTGTCGAGGCGTGAAAAT,0,2465144
mhpRp1,0.5,1,1,ATGTGCGTAGTTGACCACTT,0,2472093
mhpRp1,0.5,1,1,ATGTCTGGGACATAGGGTTA,0,2440878
mhpRp1,0.5,1,1,ATGTCTAAGTCGTCCCCTCT,0,2468011
mhpRp1,0.5,1,1,ATGTCGTCATCGGTCAGTCG,0,2478654
mhpRp1,0.5,1,1,ATGTCGCATATTATTCTTAG,0,2431414
mhpRp1,0.5,1,1,ATGTCAGCTGTCTTCCGAGG,0,2464534
mhpRp1,0.5,1,1,ATGTAGCTATTAAAGATGCA,0,2449005
mhpRp1,0.5,1,1,ATGTAAATAAGATACATGGG,0,2430419
mhpRp1,0.5,1,1,ATGGTTTTCAGTCGAGGTGA,0,2473173
mhpRp1,0.5,1,1,ATGGTTGCTAGAGTGTAATC,0,2465823
mhpRp1,0.5,1,1,ATGGTAACATCTATAAACCA,0,2427602
mhpRp1,0.5,1,1,ATGGGTTACATTCTGCGTCT,0,2473011
mhpRp1,0.5,1,1,ATGGGGGGCACTGTATACGT,0,2441974
mhpRp1,0.5,1,1,ATGGGATCGATCTAACCCTT,0,2448480
mhpRp1,0.5,1,1,ATGGCGCCCATAATTCTGGT,0,2453992
mhpRp1,0.5,1,1,ATGGCCACGTTGGTCGTTGG,0,2471596
mhpRp1,0.5,1,1,ATGGCCACAATCGGGTCCGT,0,2458836
mhpRp1,0.5,1,1,ATGGCAGTAAACATGGCACA,0,2466928
mhpRp1,0.5,1,1,ATGGATGCCCGGATCCGATT,0,2447804
mhpRp1,0.5,1,1,ATGGAGTTGTGGTTATACGC,0,2443189
mhpRp1,0.5,1,1,ATGGAGAAAATGGTTGGTCT,0,2440277
mhpRp1,0.5,1,1,ATGCTGTTTAATCGAAATGA,0,2462162
mhpRp1,0.5,1,1,ATGCTGTAACGATTTTTGGT,0,2473936
mhpRp1,0.5,1,1,ATGCTGGTGACACTGCCCCT,0,2457624
mhpRp1,0.5,1,1,ATGCTGAAGTTCTGAATACA,0,2463121
mhpRp1,0.5,1,1,ATGCGGACGCCTTATTAGTT,0,2455974
mhpRp1,0.5,1,1,ATGCCGTCGGAGAAGCACAG,0,2477238
mhpRp1,0.5,1,1,ATGCCCCTTGCGCATACAAG,0,2426154
mhpRp1,0.5,1,1,ATGCAGTTGAGGCAAAAGTT,0,2447402
mhpRp1,0.5,1,1,ATGCAGCAAGTTCTAGCGAT,0,2455991
mhpRp1,0.5,1,1,ATGCACAACGCGTGCTGCCC,0,2448752
mhpRp1,0.5,1,1,ATGATGTGTGCGTCATCCAG,0,2451758
mhpRp1,0.5,1,1,ATGATCCATGTGTTTCTCAC,0,2454983
mhpRp1,0.5,1,1,ATGATCAACAGACGCTCCGT,0,2448804
mhpRp1,0.5,1,1,ATGAGAACATGCGCTACCCA,0,2468392
mhpRp1,0.5,1,1,ATCTTTTCACGAGTAACTGC,0,2456915
mhpRp1,0.5,1,1,ATCTTCAACAGGCCACTGTA,0,2461374
mhpRp1,0.5,1,1,ATCTCCATTACATCACAGGG,0,2475200
mhpRp1,0.5,1,1,ATCTCCAGGACCCCGTGTCT,0,2444417
mhpRp1,0.5,1,1,ATCTAGGCTCGAGACAGATA,0,2452096
mhpRp1,0.5,1,1,ATCTAAGATCAAGTAGGCTG,0,2460766
mhpRp1,0.5,1,1,ATCTAAATACGTAGGCTATA,0,2457643
mhpRp1,0.5,1,1,ATCGGAGATGAGACTATACC,0,2477755
mhpRp1,0.5,1,1,ATCGATAATGACAAACAGAG,0,2463728
mhpRp1,0.5,1,1,ATCGAGTTTGTACCATATAT,0,2473043
mhpRp1,0.5,1,1,ATCGAGTGCTCGGCCGTCTG,0,2440733
mhpRp1,0.5,1,1,ATCGAGAAAGGACGCCGCGA,0,2443952
mhpRp1,0.5,1,1,ATCGACCTACGCAAAGGTAC,0,2445372
mhpRp1,0.5,1,1,ATCCTACATCGATGCCACCT,0,2461387
mhpRp1,0.5,1,1,ATCCCTTCCCACCAAAATTC,0,2441024
mhpRp1,0.5,1,1,ATCCCCTTAACCACCTTAGG,0,2465677
mhpRp1,0.5,1,1,ATCATTATCTTTCGGACGTT,0,2450978
mhpRp1,0.5,1,1,ATCATGCGGCGACTCATCGG,0,2445051
mhpRp1,0.5,1,1,ATCATCGTAACAATGGTTGG,0,2449456
mhpRp1,0.5,1,1,ATCATCGGGCGTGAGCTGTG,0,2427234
mhpRp1,0.5,1,1,ATCATCCCGCGATTTCACCA,0,2471446
mhpRp1,0.5,1,1,ATCACGTCACGCTGCCGCTG,0,2456721
mhpRp1,0.5,1,1,ATCAATCCCTCGAACAGCCG,0,2433588
mhpRp1,0.5,1,1,ATATTTATACATCTCTGGTC,0,2446177
mhpRp1,0.5,1,1,ATATTTACCGGATGGGCCTC,0,2478012
mhpRp1,0.5,1,1,ATATTCAGCCAACGTTCAGG,0,2471528
mhpRp1,0.5,1,1,ATATTACAGAAGGGCTGGGA,0,2432906
mhpRp1,0.5,1,1,ATATGGCTAATTGCGGACCA,0,2472188
mhpRp1,0.5,1,1,ATATGCTGGAACCTGATTTT,0,2436801
mhpRp1,0.5,1,1,ATATGAAAAACACGATTCGG,0,2456993
mhpRp1,0.5,1,1,ATATCTTTACCCAGTTTGAA,0,2448011
mhpRp1,0.5,1,1,ATATCTCCGGGATGCGCTCC,0,2442323
mhpRp1,0.5,1,1,ATATCACCGTTCTCGGTTTG,0,2463354
mhpRp1,0.5,1,1,ATATACTACATACGATCAAT,0,2465889
mhpRp1,0.5,1,1,ATATAACTGGGTTTGGGATA,0,2425049
mhpRp1,0.5,1,1,ATATAAAGCATACCGGGGAT,0,2450353
mhpRp1,0.5,1,1,ATAGCTTTCGTATCGTACAG,0,2451976
mhpRp1,0.5,1,1,ATAGCTTGCTTTCTTTCGTT,0,2437388
mhpRp1,0.5,1,1,ATAGCGACAACATATAATTT,0,2473786
mhpRp1,0.5,1,1,ATAGCAGAGGTGCTACCATC,0,2466107
mhpRp1,0.5,1,1,ATAGAGTAACCACGGGGGAA,0,2438701
mhpRp1,0.5,1,1,ATAGAAAAAGGTCAAGCTAT,0,2471118
mhpRp1,0.5,1,1,ATACTTTCGATCCCTTGTTG,0,2466252
mhpRp1,0.5,1,1,ATACTATGCCCGTGCAGGGA,0,2430203
mhpRp1,0.5,1,1,ATACGATCGCCACGACCATC,0,2426047
mhpRp1,0.5,1,1,ATACGACTACCCCCCTAGTT,0,2449082
mhpRp1,0.5,1,1,ATACCGAGTACGCCTGTTGG,0,2451965
mhpRp1,0.5,1,1,ATACACTGGATCGCCTCCGA,0,2478988
mhpRp1,0.5,1,1,ATACACAAGAAACCTGAGGA,0,2476249
mhpRp1,0.5,1,1,ATAATTTTAGTGTTAGAATC,0,2424454
mhpRp1,0.5,1,1,ATAATGCTGCCCAAAGCTGC,0,2470064
mhpRp1,0.5,1,1,ATAATGATATCGTTAACTAT,0,2450150
mhpRp1,0.5,1,1,ATAATAAGCGATGGCTTCAA,0,2457642
mhpRp1,0.5,1,1,ATAACTCGGCGTCCGCAGCA,0,2467454
mhpRp1,0.5,1,1,ATAACAGTGCGGGATGAATC,0,2464786
mhpRp1,0.5,1,1,ATAACAAACACTGCGTAAGG,0,2478019
mhpRp1,0.5,1,1,AGTTTTGCATGCCCTAGGTC,0,2461607
mhpRp1,0.5,1,1,AGTTTTCTTGGAACAATTAA,0,2437037
mhpRp1,0.5,1,1,AGTTTCGTTACAGGCCTTCG,0,2453843
mhpRp1,0.5,1,1,AGTTTAAGACCTTTTCCATC,0,2435089
mhpRp1,0.5,1,1,AGTTGGTCACTCTCCCTTAC,0,2449603
mhpRp1,0.5,1,1,AGTTGAGTACTACAACTTTT,0,2463790
mhpRp1,0.5,1,1,AGTTGAACTATCCGCAGATT,0,2460695
mhpRp1,0.5,1,1,AGTTCATGGCTTGCAACCAT,0,2448085
mhpRp1,0.5,1,1,AGTTCATCTTCAGCGCTATT,0,2436497
mhpRp1,0.5,1,1,AGTTCAACTGACACCGGTAT,0,2465523
mhpRp1,0.5,1,1,AGTTAGAACAAGGGGGTGTT,0,2462351
mhpRp1,0.5,1,1,AGTTACTCGACATCCCTTCG,0,2462899
mhpRp1,0.5,1,1,AGTTAACAGAATGAAGGTGT,0,2476384
mhpRp1,0.5,1,1,AGTGTTTAGCGCCTCCAGAG,0,2453316
mhpRp1,0.5,1,1,AGTGGTTAGGGACTGCGTGG,0,2428273
mhpRp1,0.5,1,1,AGTGGCTTCGTTGGGTACCG,0,2431062
mhpRp1,0.5,1,1,AGTGGCCATGCTGGGCGACT,0,2465660
mhpRp1,0.5,1,1,AGTGCTTCCCCAAACTTTTT,0,2426669
mhpRp1,0.5,1,1,AGTGCTTAAGCTCATTAAAT,0,2452634
mhpRp1,0.5,1,1,AGTGCTCGATCTGTTATTCA,0,2438522
mhpRp1,0.5,1,1,AGTGCTATCCGTCAAAGAGC,0,2425399
mhpRp1,0.5,1,1,AGTGCGATATCCACCTCAAT,0,2463038
mhpRp1,0.5,1,1,AGTGCACCAGTAAGGGCCAA,0,2429755
mhpRp1,0.5,1,1,AGTGAAGGAAGAGATTCGGT,0,2468012
mhpRp1,0.5,1,1,AGTCTTCCAGTCTCTGGTGT,0,2439833
mhpRp1,0.5,1,1,AGTCTAATTAAGTTGGAGTC,0,2475632
mhpRp1,0.5,1,1,AGTCGTCAGGGTGTTCAATA,0,2453675
mhpRp1,0.5,1,1,AGTCGCTGCCTAGCGATAGT,0,2458831
mhpRp1,0.5,1,1,AGTCGCCGATGCAGTGGCGC,0,2457607
mhpRp1,0.5,1,1,AGTCCGCCGTTGCTTTCGGA,0,2453879
mhpRp1,0.5,1,1,AGTCAACTTTGCATTCCTGG,0,2444757
mhpRp1,0.5,1,1,AGTATCAGGAGTACTACATG,0,2454647
mhpRp1,0.5,1,1,AGTAATTACTCGCAAGTGCC,0,2433781
mhpRp1,0.5,1,1,AGTAATGGTTAGAGATCACA,0,2465881
mhpRp1,0.5,1,1,AGTAAGGCTTATGACCCTCC,0,2477636
mhpRp1,0.5,1,1,AGTAACAGGACACCGGACGT,0,2464552
mhpRp1,0.5,1,1,AGGTTTTTACATTAGCGATA,0,2427211
mhpRp1,0.5,1,1,AGGTTTCCCTTAGTCAATCA,0,2465113
mhpRp1,0.5,1,1,AGGTTCGATGCGTTTTCCTT,0,2439606
mhpRp1,0.5,1,1,AGGTTAGCCAATGTGATTCT,0,2478347
mhpRp1,0.5,1,1,AGGTGTGCCTTGAGTAATGT,0,2439706
mhpRp1,0.5,1,1,AGGTGTCGAGTAAATGGTGT,0,2474947
mhpRp1,0.5,1,1,AGGTGGAGCGACCTACGAAA,0,2470386
mhpRp1,0.5,1,1,AGGTCTGTCAAACGTCACCC,0,2430324
mhpRp1,0.5,1,1,AGGTCGTCCGGCTTCACCAT,0,2472915
mhpRp1,0.5,1,1,AGGTCGGTGAGTATACTCTG,0,2427141
mhpRp1,0.5,1,1,AGGTAATGTATTCGGCCATA,0,2430741
mhpRp1,0.5,1,1,AGGGTGTTGATAATAACCGT,0,2463536
mhpRp1,0.5,1,1,AGGGTCCTAGCAGCCTCCGT,0,2428940
mhpRp1,0.5,1,1,AGGGTACCAGTTACGTATGG,0,2426437
mhpRp1,0.5,1,1,AGGGCCGAGCGGAAGCAGAC,0,2440172
mhpRp1,0.5,1,1,AGGGCAATCTTAAGTTCAAC,0,2434096
mhpRp1,0.5,1,1,AGGGATATCTATAACCCTGA,0,2437862
mhpRp1,0.5,1,1,AGGGAGTATAGATGGTGCTA,0,2470807
mhpRp1,0.5,1,1,AGGGAACCGTGGCGGGTGTC,0,2471347
mhpRp1,0.5,1,1,AGGCTGTCGCTACTGCGGCT,0,2427183
mhpRp1,0.5,1,1,AGGCTGACCAAAGGTACACT,0,2476590
mhpRp1,0.5,1,1,AGGCTAGTGTTAGTTGCATC,0,2476115
mhpRp1,0.5,1,1,AGGCGGATCGGTATGATGTG,0,2467904
mhpRp1,0.5,1,1,AGGCCTTTTATACTTGAACA,0,2476669
mhpRp1,0.5,1,1,AGGCCTATACATTTCTCGGG,0,2431244
mhpRp1,0.5,1,1,AGGCCCCTCTAGGTCCGGAC,0,2434387
mhpRp1,0.5,1,1,AGGATTACAACATTGGGCTA,0,2462600
mhpRp1,0.5,1,1,AGGATATACATAATTGCGCA,0,2466661
mhpRp1,0.5,1,1,AGGAGTCTACAGCTAGATCA,0,2453423
mhpRp1,0.5,1,1,AGGAGTCAATTCGCGTTGGC,0,2464347
mhpRp1,0.5,1,1,AGGAGGTTCTCACACCAAGG,0,2469632
mhpRp1,0.5,1,1,AGGAGGGTAAGCGTTGGCGA,0,2441981
mhpRp1,0.5,1,1,AGGAGCGCCACTCTCCGGTC,0,2446537
mhpRp1,0.5,1,1,AGGAGCCTAAGCGTATCCTC,0,2434260
mhpRp1,0.5,1,1,AGGACACTTGCGACAGCTGT,0,2465127
mhpRp1,0.5,1,1,AGGAACCGTAGCCTTATGAA,0,2464493
mhpRp1,0.5,1,1,AGGAAAGCCATCCTTTGCAC,0,2461083
mhpRp1,0.5,1,1,AGCTTCAGTGAAGGGGTCTT,0,2443756
mhpRp1,0.5,1,1,AGCTTAATCAAGGATTCCAT,0,2445070
mhpRp1,0.5,1,1,AGCTGCTTCGCTCAGCTGTC,0,2461072
mhpRp1,0.5,1,1,AGCTGACGAGCGGGCTTAGA,0,2440451
mhpRp1,0.5,1,1,AGCTCATCTGCCTTAGAAAC,0,2464949
mhpRp1,0.5,1,1,AGCGTTCAGGATAGCCGCCG,0,2476335
mhpRp1,0.5,1,1,AGCGTCTACGATATAGGCTT,0,2472874
mhpRp1,0.5,1,1,AGCGTCGGCCGAAGGGAGTA,0,2438800
mhpRp1,0.5,1,1,AGCGTATAATATTATTATAT,0,2451916
mhpRp1,0.5,1,1,AGCGGCAACACTCCTCCTAA,0,2463502
mhpRp1,0.5,1,1,AGCGCGGCCTCAATATGGGA,0,2462425
mhpRp1,0.5,1,1,AGCGCCAACGAATTAATCAA,0,2462988
mhpRp1,0.5,1,1,AGCGCAAATAGCTGTCCTGC,0,2425981
mhpRp1,0.5,1,1,AGCGAATACCACATCCTGCA,0,2449944
mhpRp1,0.5,1,1,AGCGAAGACAAGGTGATTAT,0,2467680
mhpRp1,0.5,1,1,AGCCTTTCTCGGTTTGGTCA,0,2432716
mhpRp1,0.5,1,1,AGCCTGAAGAACATCTGCGC,0,2470356
mhpRp1,0.5,1,1,AGCCTACAGCCATGCGCTTT,0,2428870
mhpRp1,0.5,1,1,AGCCGGTAAGCGCCGCTTTA,0,2443640
mhpRp1,0.5,1,1,AGCCGGGGGTAGACGAGCCT,0,2463036
mhpRp1,0.5,1,1,AGCCGGGCAATTCACTGTAT,0,2445436
mhpRp1,0.5,1,1,AGCCGCGAGCGTAAACCCTT,0,2454518
mhpRp1,0.5,1,1,AGCCGCCTGTCGCGTTCAAT,0,2479521
mhpRp1,0.5,1,1,AGCCGAATCTTTCGACAACC,0,2428554
mhpRp1,0.5,1,1,AGCCCTTAGATCAGGGATGG,0,2467884
mhpRp1,0.5,1,1,AGCATCCGGCAAGTGATCAC,0,2475042
mhpRp1,0.5,1,1,AGCAGCGCTTGTTTAAGAGA,0,2426707
mhpRp1,0.5,1,1,AGCACGTTCTACGGTCGTTA,0,2471275
mhpRp1,0.5,1,1,AGCACGGATAGCCGGTAAAT,0,2444860
mhpRp1,0.5,1,1,AGCACCCCCCCTAACTAGGC,0,2442086
mhpRp1,0.5,1,1,AGCACCCACTGCTTTCTTGT,0,2467691
mhpRp1,0.5,1,1,AGCAATGACCACGTTAGTAT,0,2472189
mhpRp1,0.5,1,1,AGCAAATAGGATAATTTCTA,0,2444820
mhpRp1,0.5,1,1,AGCAAACGTGGCGCACGGTT,0,2445915
mhpRp1,0.5,1,1,AGCAAAACGGGGCAGCAAAT,0,2471258
mhpRp1,0.5,1,1,AGATTGCGCAAGTGGTGAAG,0,2441171
mhpRp1,0.5,1,1,AGATTATTGGTGGATGGACA,0,2441712
mhpRp1,0.5,1,1,AGATTAGTATGTCATCCACT,0,2455669
mhpRp1,0.5,1,1,AGATCGCTCTACTGACATCG,0,2465526
mhpRp1,0.5,1,1,AGATCCGTATATTCTGTAAT,0,2459620
mhpRp1,0.5,1,1,AGATCCCATGGGTACTTCGG,0,2473373
mhpRp1,0.5,1,1,AGATATTCCACCGTGCAAAT,0,2461592
mhpRp1,0.5,1,1,AGATACTTGCTTGCTGGAAG,0,2458760
mhpRp1,0.5,1,1,AGAGTTTTAGGGGCATTCAG,0,2467400
mhpRp1,0.5,1,1,AGAGTTTGTTAGACTAAAAT,0,2429209
mhpRp1,0.5,1,1,AGAGTTCTAACGCCACCGTA,0,2457103
mhpRp1,0.5,1,1,AGAGTATGCTTAAATATCCT,0,2468296
mhpRp1,0.5,1,1,AGAGGCCGACTACATAAAAA,0,2447030
mhpRp1,0.5,1,1,AGAGCTTCACGGCGCCCCGA,0,2463981
mhpRp1,0.5,1,1,AGAGCGGGGGAACCTCATGA,0,2445690
mhpRp1,0.5,1,1,AGAGCGCGAACCGAGGGTCG,0,2432533
mhpRp1,0.5,1,1,AGAGATAATACATCCCCGGT,0,2451866
mhpRp1,0.5,1,1,AGACGGCGAGCGACGTCATA,0,2437232
mhpRp1,0.5,1,1,AGACCTTTACAAACTCAGAC,0,2466149
mhpRp1,0.5,1,1,AGACCACTCATAGGAGAACT,0,2430937
mhpRp1,0.5,1,1,AGACAGGGTTAGGTCACAAC,0,2475101
mhpRp1,0.5,1,1,AGACACCTGGACTCGGGTGC,0,2466915
mhpRp1,0.5,1,1,AGACAATATTGGCGTGCAAC,0,2424311
mhpRp1,0.5,1,1,AGAAGTTTATGCCGCAGTAT,0,2427557
mhpRp1,0.5,1,1,AGAAGTATCAGTATCCGTTT,0,2428050
mhpRp1,0.5,1,1,AGAAGGTCACATTACTACGA,0,2460611
mhpRp1,0.5,1,1,AGAAGAGGGGCCATATGGAA,0,2444489
mhpRp1,0.5,1,1,AGAAGAATACGATTCTGTCA,0,2446295
mhpRp1,0.5,1,1,AGAAATCTTTACCTGAATCG,0,2441139
mhpRp1,0.5,1,1,AGAAAGATTAACTTATAAAT,0,2453391
mhpRp1,0.5,1,1,AGAAAGAAAGGTACGCCGGC,0,2432595
mhpRp1,0.5,1,1,AGAAACACACATTCAGACGA,0,2425194
mhpRp1,0.5,1,1,ACTTGGATCAATGTCGTTTA,0,2444707
mhpRp1,0.5,1,1,ACTTCTTGTGTGGGTGGATA,0,2449958
mhpRp1,0.5,1,1,ACTTCTAGTTAAAAAACCAG,0,2461686
mhpRp1,0.5,1,1,ACTTATAACTCATCCTAGTT,0,2472228
mhpRp1,0.5,1,1,ACTTACTCCCAAATCATGGC,0,2433675
mhpRp1,0.5,1,1,ACTTACGGGAGTCCTAGTAT,0,2450270
mhpRp1,0.5,1,1,ACTTAATGGCACAGCAACGA,0,2475681
mhpRp1,0.5,1,1,ACTTAAGCCGGCGACACCAG,0,2428967
mhpRp1,0.5,1,1,ACTGTCTTAGGTTGTTCTTT,0,2429997
mhpRp1,0.5,1,1,ACTGTCGTAGATGACGATTA,0,2447738
mhpRp1,0.5,1,1,ACTGGTGGAACAGCGACTTG,0,2439111
mhpRp1,0.5,1,1,ACTGGATTATTTATCCTCCT,0,2454268
mhpRp1,0.5,1,1,ACTGGACGTTATTGATAAAC,0,2461769
mhpRp1,0.5,1,1,ACTGCGCCATAGTGTAGGTA,0,2461567
mhpRp1,0.5,1,1,ACTGCCAACGAGAAGGAGGA,0,2476402
mhpRp1,0.5,1,1,ACTGCAGAGTACGGGGTTAT,0,2452628
mhpRp1,0.5,1,1,ACTGATGAGATAGGTTAAAG,0,2462108
mhpRp1,0.5,1,1,ACTGACATGTCAGCAAGGCA,0,2473469
mhpRp1,0.5,1,1,ACTGAAGTCATATCCTGGCA,0,2472319
mhpRp1,0.5,1,1,ACTCTATCGAGACGTCCTAA,0,2458953
mhpRp1,0.5,1,1,ACTCTACCTAGTCAGATTCG,0,2473635
mhpRp1,0.5,1,1,ACTCGGTACGAGGGGGAATC,0,2428260
mhpRp1,0.5,1,1,ACTCGGCTGGTCACTTGTGG,0,2460999
mhpRp1,0.5,1,1,ACTATTTGTCGAGTTTCACT,0,2459699
mhpRp1,0.5,1,1,ACTAGGGTGGAGCGATCCGG,0,2438339
mhpRp1,0.5,1,1,ACTAGGCGCCCTGACGTGAA,0,2434772
mhpRp1,0.5,1,1,ACTACCGTGTGGCGAGTCAT,0,2439483
mhpRp1,0.5,1,1,ACTAAGGGGAATGGCGGCGG,0,2434281
mhpRp1,0.5,1,1,ACTAAGAGTTAAACGCTCGC,0,2427289
mhpRp1,0.5,1,1,ACGTTGTAGAAGTTGATAAA,0,2458761
mhpRp1,0.5,1,1,ACGTTGGCGCCGCGGTTTAT,0,2433760
mhpRp1,0.5,1,1,ACGTTGAATATCTCCACTAC,0,2438219
mhpRp1,0.5,1,1,ACGTTAAATTCCATGCGCTC,0,2450582
mhpRp1,0.5,1,1,ACGTCCAAGCCTAACAATAC,0,2457040
mhpRp1,0.5,1,1,ACGTCATCATAAGCCGGTCA,0,2453168
mhpRp1,0.5,1,1,ACGTATCCAGAGATATCACA,0,2430147
mhpRp1,0.5,1,1,ACGTAGTCTATGCGGATAGT,0,2451656
mhpRp1,0.5,1,1,ACGTAGAGTGTTTAATCTCA,0,2424078
mhpRp1,0.5,1,1,ACGGCACAATGTTACGCAAA,0,2424129
mhpRp1,0.5,1,1,ACGGATAAAAAAACTTGTGT,0,2434938
mhpRp1,0.5,1,1,ACGGAGGAATGGCTTTAATA,0,2444783
mhpRp1,0.5,1,1,ACGCTTGGAGAGCGCCCGGA,0,2443224
mhpRp1,0.5,1,1,ACGCGTGGACGACTTTTGTT,0,2474805
mhpRp1,0.5,1,1,ACGCGGCAACCACTGTGTCA,0,2446485
mhpRp1,0.5,1,1,ACGCGCCAGTCAGATATCGA,0,2460113
mhpRp1,0.5,1,1,ACGCATCCATGAAGACCTTA,0,2436895
mhpRp1,0.5,1,1,ACGATGCAATGAAGATAATA,0,2440794
mhpRp1,0.5,1,1,ACGAGGTCTCATCATAGTAC,0,2458177
mhpRp1,0.5,1,1,ACGAGGGATAGACAAGAGCT,0,2439299
mhpRp1,0.5,1,1,ACGAGCACACCTGGCATATA,0,2440204
mhpRp1,0.5,1,1,ACGAGAGTCCCGAGATTATT,0,2446679
mhpRp1,0.5,1,1,ACGACCTAATATTATGGCTC,0,2425925
mhpRp1,0.5,1,1,ACGAATATCGGTTGGATACT,0,2454721
mhpRp1,0.5,1,1,ACCTTCCTGCGTACGCTCTA,0,2469242
mhpRp1,0.5,1,1,ACCTGGTCTTATACGAGTCT,0,2440492
mhpRp1,0.5,1,1,ACCTCTCGTTGTTGGAAAGT,0,2465387
mhpRp1,0.5,1,1,ACCTCAGCCTATTGACCATT,0,2464475
mhpRp1,0.5,1,1,ACCTCAGAGCCCTGGCAGGA,0,2466106
mhpRp1,0.5,1,1,ACCGTCTACCTACCCGTCAG,0,2463939
mhpRp1,0.5,1,1,ACCGGTCAGAGGACCATCCA,0,2449034
mhpRp1,0.5,1,1,ACCGGCCTTGCATGGGGGAA,0,2427951
mhpRp1,0.5,1,1,ACCGCTTTGCCAGTTTAGGA,0,2431021
mhpRp1,0.5,1,1,ACCGCTCACTCAGGATTATA,0,2427393
mhpRp1,0.5,1,1,ACCGCTAAGGTCTGTTTTGT,0,2447614
mhpRp1,0.5,1,1,ACCGCCTGGGCTAATTGAGC,0,2466540
mhpRp1,0.5,1,1,ACCGAGACCGCATTCTCGCA,0,2467901
mhpRp1,0.5,1,1,ACCCTGTCTACCTGGAAAGG,0,2425170
mhpRp1,0.5,1,1,ACCCTCAGGAGAGATTTCGG,0,2430970
mhpRp1,0.5,1,1,ACCCTAGGAATGTCTAGGCC,0,2458187
mhpRp1,0.5,1,1,ACCCCGTCGTGGCGGGCCAT,0,2437774
mhpRp1,0.5,1,1,ACCCCAGAGACAACCCCCTT,0,2443583
mhpRp1,0.5,1,1,ACCCATTCCTCATATCACGA,0,2440407
mhpRp1,0.5,1,1,ACCCATAGGGAAAGGGTTTT,0,2434733
mhpRp1,0.5,1,1,ACCCACAGCCAACAGTTTAC,0,2455312
mhpRp1,0.5,1,1,ACCCAAACGGGCACATATGT,0,2447384
mhpRp1,0.5,1,1,ACCAACTACGGATCGATGCT,0,2465617
mhpRp1,0.5,1,1,ACCAAAATCGTGAACGCGAT,0,2456512
mhpRp1,0.5,1,1,ACATGTCTACAGAATGTAGT,0,2425644
mhpRp1,0.5,1,1,ACATGATATGCGTAATGCAA,0,2439974
mhpRp1,0.5,1,1,ACATCGACTCCCAGGATGTG,0,2459308
mhpRp1,0.5,1,1,ACATCAGGCTCCGTCAAGGA,0,2440709
mhpRp1,0.5,1,1,ACATAGGGGGGGTACGTCAC,0,2470872
mhpRp1,0.5,1,1,ACAGTGCCAGCTAGGGGGAC,0,2432514
mhpRp1,0.5,1,1,ACAGTCACGCGTCCCTGTGT,0,2473515
mhpRp1,0.5,1,1,ACAGGTGAGCTGTAATAGCC,0,2472105
mhpRp1,0.5,1,1,ACAGGCAGATCTCGGTTTGT,0,2430667
mhpRp1,0.5,1,1,ACAGCTAGCACGCTGTTCCA,0,2424444
mhpRp1,0.5,1,1,ACAGCGTTATGTATCGTCGC,0,2424321
mhpRp1,0.5,1,1,ACAGATCAAGCATATCGAGA,0,2479159
mhpRp1,0.5,1,1,ACACGTTCTGGGCGCCGCAG,0,2446403
mhpRp1,0.5,1,1,ACACGGTAGCGTGCCCGGTG,0,2465389
mhpRp1,0.5,1,1,ACACGGGAGCGAGAAGACAG,0,2473787
mhpRp1,0.5,1,1,ACACGCGTTTTCCCGTGCCG,0,2464569
mhpRp1,0.5,1,1,ACACGCCCGACTCGGAGGTG,0,2478200
mhpRp1,0.5,1,1,ACACGAATCAATCCTGCTAT,0,2462365
mhpRp1,0.5,1,1,ACACGAAGTCGCTGATGTTA,0,2475563
mhpRp1,0.5,1,1,ACACCTAGTAGGAAATTAAT,0,2470430
mhpRp1,0.5,1,1,ACACCGTGCGCATTAGGAGA,0,2438360
mhpRp1,0.5,1,1,ACACATTTGAATTGTGTTTT,0,2477054
mhpRp1,0.5,1,1,ACACATCGGGATCCCCCTGG,0,2476881
mhpRp1,0.5,1,1,ACAATTCTAAGGCTAGAGAC,0,2432070
mhpRp1,0.5,1,1,ACAATGTCGCGACCCGTGCG,0,2441058
mhpRp1,0.5,1,1,ACAATGGAACGTCATCGGCG,0,2461199
mhpRp1,0.5,1,1,ACAATCGGCTAGCTACCGAT,0,2459740
mhpRp1,0.5,1,1,ACAATCGGACGTGGGGCCTT,0,2451049
mhpRp1,0.5,1,1,ACAAGTCGTGCTCGCCGAAT,0,2472554
mhpRp1,0.5,1,1,ACAAGCGAAGAGTCATTCGT,0,2469922
mhpRp1,0.5,1,1,ACAAGCCGCAGGCTGGCTCC,0,2466219
mhpRp1,0.5,1,1,ACAACTAAACATCTTGTAGT,0,2435798
mhpRp1,0.5,1,1,ACAAAGTACTGGTAACCACA,0,2445624
mhpRp1,0.5,1,1,ACAAACTCGGATCCTAGTGG,0,2471244
mhpRp1,0.5,1,1,ACAAACCAAGGGCGCAAAGA,0,2471862
mhpRp1,0.5,1,1,AATTTCGACTTGACGTGGCG,0,2476568
mhpRp1,0.5,1,1,AATTTACATGACCCACGAAT,0,2451617
mhpRp1,0.5,1,1,AATTTAAGTTGTACTTCGTG,0,2443041
mhpRp1,0.5,1,1,AATTCTTAAATTTCCAGAAA,0,2438223
mhpRp1,0.5,1,1,AATTCAGAAATGGGACCGCT,0,2458617
mhpRp1,0.5,1,1,AATTATTTGCGTTTCAAGGT,0,2438539
mhpRp1,0.5,1,1,AATTATTCCGTGCGCCCGTC,0,2479257
mhpRp1,0.5,1,1,AATGTCACGTGACTGTTGGG,0,2432260
mhpRp1,0.5,1,1,AATGTACAATTTTGTGACAG,0,2425629
mhpRp1,0.5,1,1,AATGTAAGGGTGACGGCTAC,0,2472041
mhpRp1,0.5,1,1,AATGGTTGTGTTTATATTCA,0,2458220
mhpRp1,0.5,1,1,AATGGTGATCCGTGAAGACT,0,2458192
mhpRp1,0.5,1,1,AATGGCTACTCAATGACGGC,0,2457619
mhpRp1,0.5,1,1,AATCTGGTCGAGCCACTATG,0,2465202
mhpRp1,0.5,1,1,AATCTCGTGACGCTAGAACT,0,2439196
mhpRp1,0.5,1,1,AATCTATATCGGTAGTTGGG,0,2460688
mhpRp1,0.5,1,1,AATCGTGCGGTGGTACACCG,0,2468238
mhpRp1,0.5,1,1,AATCACGCGGCACCTATCTG,0,2479011
mhpRp1,0.5,1,1,AATCAAATTCTGCCAGGCTA,0,2465304
mhpRp1,0.5,1,1,AATATTCGCCGGAAAAGAAG,0,2433350
mhpRp1,0.5,1,1,AATATGGTCGCTCATAAACT,0,2466834
mhpRp1,0.5,1,1,AATATAGATCTTGTGACTGT,0,2462301
mhpRp1,0.5,1,1,AATAGTTAGAGGGCGTCGTG,0,2460174
mhpRp1,0.5,1,1,AATACTTGTTCCACTGAAGA,0,2476599
mhpRp1,0.5,1,1,AATACTCACGCCGCGTTGCG,0,2424575
mhpRp1,0.5,1,1,AATACTAGAATAAAGGTTAG,0,2476303
mhpRp1,0.5,1,1,AATACCGTGCACTAGGGTGC,0,2438125
mhpRp1,0.5,1,1,AATACATAACTCCACCTATC,0,2437024
mhpRp1,0.5,1,1,AATACAGCGACGTTAATGCA,0,2434431
mhpRp1,0.5,1,1,AATAAGTTGGCATGTGCGGA,0,2430584
mhpRp1,0.5,1,1,AATAAGCACAGGCAGTACGT,0,2466658
mhpRp1,0.5,1,1,AATAACACGCATGACCCCCT,0,2431494
mhpRp1,0.5,1,1,AAGTTTTATCTGCGCGATGA,0,2438972
mhpRp1,0.5,1,1,AAGTTTGATAGTATAGCGAA,0,2470492
mhpRp1,0.5,1,1,AAGTTGTCGTCTTGCTTGGG,0,2457840
mhpRp1,0.5,1,1,AAGTTCTACGTTCGCGTCCT,0,2473551
mhpRp1,0.5,1,1,AAGTGTGCCCTCATGGCGTT,0,2476414
mhpRp1,0.5,1,1,AAGTGGACGAAAAAACCTCA,0,2438695
mhpRp1,0.5,1,1,AAGTGCGCTCTGCCTCTGCA,0,2461590
mhpRp1,0.5,1,1,AAGTCGCTTTGCATCTTCAC,0,2469870
mhpRp1,0.5,1,1,AAGGTGACTGATAGAAGGTC,0,2443813
mhpRp1,0.5,1,1,AAGGTCTCGCAGCAGCGGGG,0,2434237
mhpRp1,0.5,1,1,AAGGTACTATCCTTCGGGTA,0,2429415
mhpRp1,0.5,1,1,AAGGGTGATATAGTAGCGCA,0,2433381
mhpRp1,0.5,1,1,AAGGGTATCCTTAGAACGGG,0,2436098
mhpRp1,0.5,1,1,AAGGGGGGCATGGTGAATCG,0,2448841
mhpRp1,0.5,1,1,AAGGGATGAAGTACCGGCCT,0,2437647
mhpRp1,0.5,1,1,AAGGGAATCTCTCACGAATT,0,2448397
mhpRp1,0.5,1,1,AAGGCTGAGCTCTCCACGCT,0,2457422
mhpRp1,0.5,1,1,AAGGATGAAGCCTAATTGGT,0,2433548
mhpRp1,0.5,1,1,AAGGAGCTCTACCCCACCCT,0,2424137
mhpRp1,0.5,1,1,AAGGAGCCACTGGCTGACGA,0,2442725
mhpRp1,0.5,1,1,AAGCCTTCAGCTTTAAGTGA,0,2473617
mhpRp1,0.5,1,1,AAGCAATTGCAGTTGGTCCT,0,2469093
mhpRp1,0.5,1,1,AAGCAATAGTCTAGACCGTC,0,2448023
mhpRp1,0.5,1,1,AAGCAAGTCCTTACACACTG,0,2432310
mhpRp1,0.5,1,1,AAGATTCATGCCGAACCGGT,0,2445659
mhpRp1,0.5,1,1,AAGATCACTTGGCGTTAGTC,0,2460289
mhpRp1,0.5,1,1,AAGATAACCTTTCGATTGGG,0,2475188
mhpRp1,0.5,1,1,AAGAGTGTTTGTCTAGCGTT,0,2441938
mhpRp1,0.5,1,1,AAGAGCGTATCTTCGAGGTA,0,2438934
mhpRp1,0.5,1,1,AAGAGAGCACTGTCCGGACA,0,2465075
mhpRp1,0.5,1,1,AAGACAACGCCAGGGGACCT,0,2468034
mhpRp1,0.5,1,1,AAGAATCATACATTTAAAGG,0,2475588
mhpRp1,0.5,1,1,AAGAATAGCCTCATAGGCTC,0,2448648
mhpRp1,0.5,1,1,AAGAAGTGTACGTTGGGAGA,0,2458012
mhpRp1,0.5,1,1,AAGAAGGTCCCCGCTGGGTT,0,2436019
mhpRp1,0.5,1,1,AAGAAGGGACATGCTTCGCC,0,2474609
mhpRp1,0.5,1,1,AAGAAAGCATCTAGGTACTT,0,2460713
mhpRp1,0.5,1,1,AACTTACAGCAATGTTATCT,0,2423922
mhpRp1,0.5,1,1,AACTCTACCCCAAGGCACTA,0,2477706
mhpRp1,0.5,1,1,AACTACCTCCGAGTGACGTG,0,2460067
mhpRp1,0.5,1,1,AACGTTGGTGATGGGATTCA,0,2443949
mhpRp1,0.5,1,1,AACGTGTGCATACTTGAGCG,0,2455562
mhpRp1,0.5,1,1,AACGTGCAGGAGACTACCAG,0,2443822
mhpRp1,0.5,1,1,AACGTCAATCACTGACAGCA,0,2424500
mhpRp1,0.5,1,1,AACGGTGTAGCGACTTCTTA,0,2452007
mhpRp1,0.5,1,1,AACGGGACTCGCTATTCAGA,0,2471085
mhpRp1,0.5,1,1,AACGGCTCAGGGATAGGAAG,0,2468718
mhpRp1,0.5,1,1,AACGCCTCCCGTTCAGATAT,0,2427158
mhpRp1,0.5,1,1,AACGCCCAATATTAAAAGAC,0,2450287
mhpRp1,0.5,1,1,AACGCCCAAGGGCGAGTGAC,0,2470285
mhpRp1,0.5,1,1,AACGCATGCAATCACCAGCC,0,2458169
mhpRp1,0.5,1,1,AACGATGCCACTCTGATTTA,0,2428557
mhpRp1,0.5,1,1,AACGAGGGCCGTTACGGTTG,0,2446466
mhpRp1,0.5,1,1,AACCTCCTCTTTGCAATACC,0,2431685
mhpRp1,0.5,1,1,AACCGTCGCATTTAACCCCT,0,2436209
mhpRp1,0.5,1,1,AACCCGGTAATCGTCTTGGA,0,2454645
mhpRp1,0.5,1,1,AACCCGATAGGATACGTGGG,0,2451571
mhpRp1,0.5,1,1,AACCCCGATCACGATGGTTG,0,2431211
mhpRp1,0.5,1,1,AACCCCCTTCTTCATGCTGT,0,2473886
mhpRp1,0.5,1,1,AACCACAGGTGACGGATTTG,0,2424773
mhpRp1,0.5,1,1,AACCAACCTGTCGGCACAAG,0,2426383
mhpRp1,0.5,1,1,AACAGTCCGTCCACGTCGCC,0,2428706
mhpRp1,0.5,1,1,AACAGTAAGCCACCAAACTA,0,2478868
mhpRp1,0.5,1,1,AACAGCATTCGTACTAGGTA,0,2467895
mhpRp1,0.5,1,1,AACAAGCGGGTGAGAGAAAT,0,2436011
mhpRp1,0.5,1,1,AACAAGCCGCTGAGGTCGTC,0,2463458
mhpRp1,0.5,1,1,AACAAAGAAAATAGCAGGCA,0,2440137
mhpRp1,0.5,1,1,AAATTTTATTGGAACTTTCT,0,2447131
mhpRp1,0.5,1,1,AAATGCGTCCCGATGCGCCT,0,2450738
mhpRp1,0.5,1,1,AAATACCAACGCGGGTTCGG,0,2473237
mhpRp1,0.5,1,1,AAATAACACTAGGTTGCAGT,0,2427244
mhpRp1,0.5,1,1,AAAGTTGTGGCAAAAAATGG,0,2450533
mhpRp1,0.5,1,1,AAAGTCGTGTCATGAACTTA,0,2433636
mhpRp1,0.5,1,1,AAAGTCGTACGGCAGGTGGG,0,2459801
mhpRp1,0.5,1,1,AAAGTAAAATTATAAGTGCA,0,2466496
mhpRp1,0.5,1,1,AAAGGTGTCATTCTGACCTG,0,2476142
mhpRp1,0.5,1,1,AAAGGCTTGGCCATCCCTAC,0,2474064
mhpRp1,0.5,1,1,AAAGGCCCACCCGGATAATC,0,2424564
mhpRp1,0.5,1,1,AAAGGATGCTTTTCACAATA,0,2440917
mhpRp1,0.5,1,1,AAAGGAGGGTCTGCGATTAG,0,2426450
mhpRp1,0.5,1,1,AAAGCTAGAGAATTCATTTT,0,2428511
mhpRp1,0.5,1,1,AAAGCGTTATATCCTCAAAT,0,2438340
mhpRp1,0.5,1,1,AAAGCGGGGCAACCGAGCAT,0,2464861
mhpRp1,0.5,1,1,AAAGAGGACACGGGCGCCTA,0,2443388
mhpRp1,0.5,1,1,AAACTGTCACGATTTGCGTC,0,2472048
mhpRp1,0.5,1,1,AAACTACTGCTGCTTACAGT,0,2445539
mhpRp1,0.5,1,1,AAACGATTGAGATTACCAGA,0,2429865
mhpRp1,0.5,1,1,AAACGAGGTGGCATCTTGAG,0,2440263
mhpRp1,0.5,1,1,AAACGAGAGAGGGCTTTGAT,0,2464314
mhpRp1,0.5,1,1,AAACCTTCTATACTATAGCC,0,2455231
mhpRp1,0.5,1,1,AAACAGTACGTTGCAAGAAC,0,2457528
mhpRp1,0.5,1,1,AAACACGGCGGAAACTGCAC,0,2474559
mhpRp1,0.5,1,1,AAACACCCATACGATGGATC,0,2429437
mhpRp1,0.5,1,1,AAACAAAGCTATGTCAAAAT,0,2471008
mhpRp1,0.5,1,1,AAAATGCCCCAAAAAGAGAT,0,2442822
mhpRp1,0.5,1,1,AAAATCCTTGCGCGGGGAAA,0,2463238
mhpRp1,0.5,1,1,AAAAGGAATTGGGACCCGCT,0,2430519
mhpRp1,0.5,1,1,AAAAGCCCGTGGCACTCCTA,0,2448892
mhpRp1,0.5,1,1,AAAAGAACATTGTTGCTTTT,0,2451178
mhpRp1,0.5,1,1,AAAAATCGGTCTAGGATGAC,0,2468403
mhpRp1,0.5,1,1,AAAAATATGTATGAAGCCCC,0,2456787
mhpRp1,0.5,1,1,AAAAACTCAGTAGGAACTCC,0,2429805
mhpRp1,0.5,1,1,AAAAAACGAATCGGTCATGT,0,2428243
mhpRp1,135.0,134,0,GATCCAATTCAATCCAAGTA,134,2477507
mhpRp1,86.0,85,0,CCTCATGTGCTCGCAGCACT,85,2471626
mhpRp1,72.0,71,0,CTTATAGACCGTCAACTGAT,71,2471434
mhpRp1,68.0,67,0,ACCAGGACCACAGGTTTTTG,67,2434912
mhpRp1,67.0,66,0,AAATCCCGCGAAACGCGATA,66,2436939
mhpRp1,66.0,65,0,GCGCGAATTAAAATGAGCAT,65,2445505
mhpRp1,62.0,61,0,CCTGTTCATGTCGAAAGAAC,61,2448473
mhpRp1,60.0,59,0,CGGGGCGGGGTCCCGGCGCA,59,2464695
mhpRp1,60.0,59,0,AAGGGTCGGTATCAATAGAG,59,2454033
mhpRp1,59.0,58,0,TTGCATACTCCTCTGTCGAT,58,2452034
mhpRp1,57.0,56,0,GCGGAGTTTCAGAGAGTCCC,56,2475846
mhpRp1,57.0,56,0,ACCCAACGCGGGGTCACGGG,56,2443724
mhpRp1,56.0,55,0,CAAGACGAGAGGGAAGAAGG,55,2457110
mhpRp1,55.0,54,0,GACGCCTTACCTCTGAATAC,54,2433149
mhpRp1,55.0,54,0,ATGATTGGACTACTTTCATA,54,2457104
mhpRp1,54.0,53,0,TGTGGCCCTGGTTATATGGT,53,2468834
mhpRp1,53.0,52,0,TGTTGTACCGGTGCTCTCAG,52,2449844
mhpRp1,53.0,52,0,TCGGTGATGCTAATGTCTTG,52,2477175
mhpRp1,53.0,52,0,TATGAAGGCATCTCGTAAAT,52,2471113
mhpRp1,53.0,52,0,ATTGCTTGCGGTGGCGATAC,52,2460657
mhpRp1,52.0,51,0,TCGGCTGTGGCATTGCGGCG,51,2449884
mhpRp1,52.0,51,0,CATCTAAATACAATCCAAGA,51,2470881
mhpRp1,51.0,50,0,TAAAGTGCTGTGGTCCTTTG,50,2434246
mhpRp1,50.0,49,0,GAGTATGGTATATAATGTAA,49,2460213
mhpRp1,50.0,49,0,CCTACAATGAACCGTTACAT,49,2476202
mhpRp1,49.0,48,0,ACTGGCATCCTCCGACATCA,48,2453337
mhpRp1,48.0,47,0,TTGATAAAAGCACTCCCATG,47,2432816
mhpRp1,48.0,47,0,TCAGGATTCCTACCATTGTC,47,2467330
mhpRp1,47.0,46,0,GTTCTTTGACGCATCAGTGT,46,2445767
mhpRp1,47.0,46,0,ACCCGCTTGTCTTAGTCAAG,46,2476112
mhpRp1,46.0,45,0,TTGCTCTTTCATATCCTTTA,45,2479116
mhpRp1,46.0,45,0,CGTTTTTCCGAAGTCAACGG,45,2459306
mhpRp1,45.0,44,0,TTTCGCTTGAGATACTCGTA,44,2478755
mhpRp1,45.0,44,0,GGCTCATATCCATTGGGTGT,44,2439239
mhpRp1,45.0,44,0,AATTTGGGATTGGCAACGCG,44,2445849
mhpRp1,44.0,43,0,TTCTTCCAGTTGGCATGTCG,43,2479166
mhpRp1,44.0,43,0,TGCCACATCTGCAATGAGGA,43,2426738
mhpRp1,44.0,43,0,TGATTGTTACAGAATCATAG,43,2427294
mhpRp1,44.0,43,0,TAGCTTGACCGCTATGATTT,43,2440035
mhpRp1,44.0,43,0,GGTATGGCTGATTGTGTCGT,43,2436586
mhpRp1,43.0,42,0,ACTGGCCAGTCCGGGGCCAA,42,2461836
mhpRp1,42.0,41,0,TGGGACGCCCCTATCACTTG,41,2452505
mhpRp1,42.0,41,0,GCAGAACATGAGGCTCGTGG,41,2454051
mhpRp1,42.0,41,0,ATTGCTCTTTTTCGACTATT,41,2445181
mhpRp1,41.0,40,0,GTCTATGGAACTATGGTGAA,40,2470606
mhpRp1,41.0,40,0,ACCTGTTAAATGGTATCCCT,40,2478102
mhpRp1,41.0,40,0,AACACGACACTTTTGATATG,40,2434254
mhpRp1,40.0,39,0,GGACCTAGTCACCCCCGGAA,39,2478028
mhpRp1,40.0,39,0,CCAGGCCACAAGACTCGTTA,39,2468090
mhpRp1,39.0,38,0,TTAAAGCAATAAAAACAGTC,38,2427059
mhpRp1,39.0,38,0,TGTCAAGGCCACCACGGATC,38,2467002
mhpRp1,39.0,38,0,GTTTCGGTTGTCCGCCTAAC,38,2471686
mhpRp1,39.0,38,0,GTATGAGACAAGGCTAACTA,38,2452520
mhpRp1,39.0,38,0,GGCACGGTTTCGCCGCAGAT,38,2452904
mhpRp1,39.0,38,0,CGCGGATTAACAGCTTACAG,38,2457325
mhpRp1,39.0,38,0,ATGGGCATGTTTAGTACCCC,38,2469293
mhpRp1,38.0,37,0,GACTGCATGTTGAGTGGGCT,37,2455121
mhpRp1,37.0,36,0,CCACCGTGCGAAGGTTGCCA,36,2450308
mhpRp1,36.0,35,0,CGGAAGTACATACTTCGAAT,35,2454043
mhpRp1,36.0,35,0,AACGATTCCAATTTGGCTCT,35,2456309
mhpRp1,36.0,35,0,AACCCAGTCCCAAAGGCTTG,35,2471064
mhpRp1,35.0,34,0,TTGGGGTAATCCTTCAGGCG,34,2472495
mhpRp1,35.0,34,0,CGTCGAGTTAGTGGTCTACT,34,2471639
mhpRp1,35.0,34,0,CGCTTTATAAGGCCAATAAG,34,2451333
mhpRp1,35.0,34,0,ATGCAAACCTAGACGGGGTA,34,2438730
mhpRp1,34.0,33,0,TGGGACAACTGACGCAAGTG,33,2468218
mhpRp1,34.0,33,0,CTGCTGATTAACGTCACGCT,33,2445264
mhpRp1,34.0,33,0,CATGTTTCCTGACATTGACG,33,2438434
mhpRp1,34.0,33,0,AGTAAGGGTGATCCCTGGTT,33,2431759
mhpRp1,33.0,32,0,TGCGGCATTCATTAAGAGGA,32,2450688
mhpRp1,33.0,32,0,CCAAATTGATCAGCTCAGAA,32,2474624
mhpRp1,33.0,32,0,AGCACAGATTAGCGAGCGCC,32,2430682
mhpRp1,33.0,32,0,ACACAAAGGTATCGGACTGG,32,2429184
mhpRp1,32.0,31,0,TTCGCTGTCACCGCCACTTC,31,2456168
mhpRp1,32.0,31,0,TTACGCGGACGACGCGCAGC,31,2470814
mhpRp1,32.0,31,0,CGTCTTGTAATACAAATTCT,31,2470866
mhpRp1,32.0,31,0,CCTCGTACCTTGAACCACCC,31,2438939
mhpRp1,31.0,30,0,TTTAATGCGTTTCCACGTGT,30,2440244
mhpRp1,31.0,30,0,GTTATGGGCTGAAAGAGTAG,30,2468174
mhpRp1,31.0,30,0,GTCACTCCTATGAGTACACA,30,2449006
mhpRp1,31.0,30,0,GCGCGATCACGACTTATATC,30,2464421
mhpRp1,31.0,30,0,CGTGATTTTGCATATAGACC,30,2435695
mhpRp1,31.0,30,0,CGGAGAATTTCCTCAAGAAC,30,2470146
mhpRp1,31.0,30,0,AAGGTCTCCCTGATGGCGTA,30,2428349
mhpRp1,30.0,29,0,TGAACCCGGATTAGTTTTAA,29,2467135
mhpRp1,30.0,29,0,TAATTCACTGATATCCACCT,29,2447436
mhpRp1,30.0,29,0,GGCGCTGATACTCGGAATAT,29,2449131
mhpRp1,30.0,29,0,GCCTAACCCGAGAGGGCCGT,29,2432909
mhpRp1,30.0,29,0,GAGTCTTGTAATTACCAAAG,29,2442980
mhpRp1,30.0,29,0,GAAAATTTACCTGCTAAAAT,29,2442824
mhpRp1,30.0,29,0,AGATTGATTTACTACTGAGA,29,2476657
mhpRp1,30.0,29,0,AGAGTTTTGACGAGCTCAAG,29,2426399
mhpRp1,29.0,28,0,AAGCTTAGCATGTAGACAGC,28,2443848
mhpRp1,28.0,27,0,GTGGTAGCCAGTGTTACTTC,27,2424044
mhpRp1,28.0,27,0,GGTATCCCGTCCATTTTCAA,27,2441003
mhpRp1,28.0,27,0,GGAGACGCTCTCATGCCCTC,27,2429537
mhpRp1,28.0,27,0,CGAGTGAAATTCCCAAGCGA,27,2426603
mhpRp1,28.0,27,0,CCCGAGGTTGGGTTTTGGAT,27,2451924
mhpRp1,28.0,27,0,ATAACCGTCAGTGTCAATCC,27,2450661
mhpRp1,27.0,26,0,TATACTTCCATGCATCAAAG,26,2459894
mhpRp1,27.0,26,0,AGTATGCCATCTGTATGTCT,26,2456664
mhpRp1,27.0,26,0,ACCCGCCGCAGTGCGTCTAG,26,2473609
mhpRp1,26.0,25,0,TCACACATCGACCCGGATTT,25,2446886
mhpRp1,26.0,25,0,GTCCCACTTCGAAAATTTTT,25,2441723
mhpRp1,26.0,25,0,GGCCTGGCCAGGCCAAGCCA,25,2472202
mhpRp1,26.0,25,0,GCTAACGGCCGCGTCAGCTT,25,2439084
mhpRp1,26.0,25,0,GATAAAGGATCCGGTCGGTG,25,2467537
mhpRp1,26.0,25,0,GACCCATTCCCAGTTCACGC,25,2454982
mhpRp1,26.0,25,0,CTACGCAGAACTCTTGAAGG,25,2473012
mhpRp1,26.0,25,0,CCCGCATGAAAACCGACTCT,25,2475816
mhpRp1,25.0,24,0,TTTCTAATATTCAAGCTGAA,24,2448799
mhpRp1,25.0,24,0,TGTTCAATCTAGCTATGGTA,24,2438893
mhpRp1,25.0,24,0,TCCGGAATGTGGCTGTCGGA,24,2460951
mhpRp1,25.0,24,0,GAGTGCGGTAGGGGGGTTCT,24,2432086
mhpRp1,25.0,24,0,ATTAGTAGTTTTGGAATGCA,24,2451304
mhpRp1,24.0,23,0,TTTTGCCCATATGTTCGCTG,23,2437803
mhpRp1,24.0,23,0,TTGTACAGGGCTACCGACGT,23,2445540
mhpRp1,24.0,23,0,GGGCAAATATATGGTTCACG,23,2434816
mhpRp1,24.0,23,0,CTAACGCTATCGTTCACCCT,23,2432998
mhpRp1,24.0,23,0,CCGAATGTGCGCTGTAGCCC,23,2451269
mhpRp1,24.0,23,0,ATACAATCGAGCATGGTATA,23,2476845
mhpRp1,24.0,23,0,AGAGACACTCTCTCGCAATC,23,2433957
mhpRp1,23.0,22,0,TGTTAGGGACCTGGCCTATC,22,2447900
mhpRp1,23.0,22,0,TGAGGCCTTGGAGCCACGTC,22,2462122
mhpRp1,23.0,22,0,TGACAGAAAAGGAACCTTTA,22,2479353
mhpRp1,23.0,22,0,CGTCATCTACCGCATCGACA,22,2452398
mhpRp1,23.0,22,0,CGGTCCTCTCTTGGCGGACT,22,2449626
mhpRp1,23.0,22,0,CCGACGTCAACGGGCAAGTC,22,2475301
mhpRp1,23.0,22,0,AAGTCTTGCGTCAGGGATAT,22,2457684
mhpRp1,22.0,21,0,TGACGTATTAGCCTTAGGTA,21,2443026
mhpRp1,22.0,21,0,CTGTATGGGCCTGTCGGTGA,21,2454047
mhpRp1,22.0,21,0,CCGCTATTCAAAGAGGGGCT,21,2474530
mhpRp1,22.0,21,0,CAGGGGGCATTCGGCAGGGA,21,2470490
mhpRp1,22.0,21,0,AGCCTGGGGATGGTCAAGTG,21,2449169
mhpRp1,21.0,20,0,GGCGCTACCAATAGCATTGC,20,2438957
mhpRp1,21.0,20,0,GAGCTTGACCAAAACGCGCT,20,2475163
mhpRp1,21.0,20,0,CTTGTACTTTCCAGACTCAC,20,2441757
mhpRp1,20.0,19,0,TACTGCTTATATAAATAAAC,19,2452106
mhpRp1,20.0,19,0,TACCGTTTCGGGGCAGATCA,19,2453625
mhpRp1,20.0,19,0,GTTAGGGAAGTAATTGTCAT,19,2463319
mhpRp1,20.0,19,0,GGGGTCATCCAACCTTGGGC,19,2471020
mhpRp1,20.0,19,0,CTCTCAGGTCTACGACACTA,19,2468436
mhpRp1,20.0,19,0,ATACTCCGTATGGGGGACCT,19,2460017
mhpRp1,19.0,18,0,TATTCAATTCTATGCTCGCT,18,2424881
mhpRp1,19.0,18,0,GTATAGCATCCATCATCATC,18,2469123
mhpRp1,19.0,18,0,GGCGCTAGGTCGGACAGACA,18,2465305
mhpRp1,19.0,18,0,GCCGTTGAGCCGAACAGAGA,18,2445508
mhpRp1,19.0,18,0,CCCCGCTATTTTTTCGTTGT,18,2473733
mhpRp1,19.0,18,0,ATCAATAGGATATCACGGGG,18,2448408
mhpRp1,19.0,18,0,AGAAAGGTATGGTAATTATG,18,2427092
mhpRp1,18.0,17,0,TTTTAGTATCTAGGTAAAAC,17,2462166
mhpRp1,18.0,17,0,TTTGCGACCATGCTCGGTTG,17,2426184
mhpRp1,18.0,17,0,TGAACAGATTCCCTGTGGTA,17,2477150
mhpRp1,18.0,17,0,GTTTCCCCTACGTCCGTCAT,17,2456025
mhpRp1,18.0,17,0,CAGGGCTCTACATTCATCCT,17,2439082
mhpRp1,17.0,16,0,GTTGCATGGCTAAGCAGTTC,16,2468252
mhpRp1,17.0,16,0,CGCAAATCACCTACGAAGAT,16,2477076
mhpRp1,17.0,16,0,CCGGAACCCGTTCAACCCAT,16,2435934
mhpRp1,17.0,16,0,ATTAAGTGCTTCATTAATAT,16,2460106
mhpRp1,17.0,16,0,AATTGTGTGCCTATGCGCCG,16,2428026
mhpRp1,16.0,15,0,TGAATGTCGAGTTAATTCGG,15,2457656
mhpRp1,16.0,15,0,TCATAAATAAGTAAGCTAAA,15,2428177
mhpRp1,16.0,15,0,CCGTTGGTGCACTACTGGAT,15,2477673
mhpRp1,16.0,15,0,CAGGTACTCCCGGGCTCCGA,15,2454603
mhpRp1,15.0,14,0,TCGCGCCAATAGTCTGATTG,14,2473821
mhpRp1,15.0,14,0,CGGTGTGAGGCATCTTGATA,14,2453582
mhpRp1,14.0,13,0,TTAGATAGTTCGTGGCGTCA,13,2467104
mhpRp1,14.0,13,0,TGCGGATGAGGAGCCAGGCT,13,2432277
mhpRp1,14.0,13,0,TAACCTGGTCTACGGCCGGG,13,2437353
mhpRp1,14.0,13,0,GGTCCCGGCATCGACGTGAC,13,2441976
mhpRp1,14.0,13,0,CTAACAATGGCGTAATAGTG,13,2436038
mhpRp1,14.0,13,0,CCGGTATTATTATCATTTAA,13,2467327
mhpRp1,14.0,13,0,ATCCAACTCTATAAATACAG,13,2428144
mhpRp1,14.0,13,0,AAGCATCTGACGTACCCCCA,13,2425631
mhpRp1,13.0,12,0,TGGTTTGATTCAACCGATTA,12,2451119
mhpRp1,13.0,12,0,GTGGAGAACTCCCCCGCCCT,12,2467555
mhpRp1,13.0,12,0,GCCAGAATCGGAGCATGTAA,12,2455726
mhpRp1,13.0,12,0,GACTACATTCGCAATACTCT,12,2442150
mhpRp1,13.0,12,0,CGCCAAGGTTCTAACACACA,12,2428347
mhpRp1,13.0,12,0,ATCCTAGTATGGATTGAACA,12,2448867
mhpRp1,13.0,12,0,ATCCGGTTAATTGCAAACAC,12,2447766
mhpRp1,13.0,12,0,AATTTTGTATCTAATCTACC,12,2431275
mhpRp1,12.0,11,0,TATCGTCGGGGAGCTGTACA,11,2468886
mhpRp1,12.0,11,0,TAAAAGGTTCACGTTTCACT,11,2427108
mhpRp1,12.0,11,0,GCAGTGAAAGTCCTGCTCCT,11,2456643
mhpRp1,12.0,11,0,CTTCAGCTATTACAATAAAT,11,2438651
mhpRp1,12.0,11,0,CTATGTTTAACGTGTGACGC,11,2431050
mhpRp1,11.0,10,0,TTTGATGGGGTCAGTTATAT,10,2457980
mhpRp1,11.0,10,0,TCTCAAGTCTCCCTGGGTCC,10,2436067
mhpRp1,11.0,10,0,TATCAATTATGTAAGAGTAC,10,2425738
mhpRp1,11.0,10,0,AGCTCGGCAGGGTATGAGCC,10,2448544
mhpRp1,10.0,9,0,TGGGGTACCTCGAGACACGC,9,2446697
mhpRp1,10.0,9,0,GCGGCATCTTGCTGCTGAAC,9,2453504
mhpRp1,10.0,9,0,GAAGCTACCAGATAGCAACC,9,2426922
mhpRp1,10.0,9,0,GAACATCGATGCCGATGTTT,9,2461523
mhpRp1,10.0,9,0,CTAGGCGGACAGTTGAGTGG,9,2450547
mhpRp1,10.0,9,0,CCTTCCATAATCTGTGGTTT,9,2464859
mhpRp1,10.0,9,0,CCGCTTGGGATGTGGCAAAC,9,2467924
mhpRp1,9.0,8,0,TGTTCAACAACGCCGGAGTC,8,2446450
mhpRp1,9.0,8,0,TGACGATCGCGCGCCAGGAG,8,2473360
mhpRp1,9.0,8,0,GGTACAATAGGCCTCTCTCT,8,2451608
mhpRp1,9.0,8,0,GATCCATATCGCCGATGACC,8,2452554
mhpRp1,9.0,8,0,CGATCTTTGACTACTCGGCC,8,2479477
mhpRp1,9.0,8,0,CATATATCCAGAACACATCA,8,2469601
mhpRp1,9.0,8,0,ATATCGCGGTATCGGTACCT,8,2466082
mhpRp1,9.0,8,0,AGGTAGGTACGACGCATATA,8,2457177
mhpRp1,9.0,8,0,ACGACTGAGCGGGCTCCTCT,8,2456312
mhpRp1,8.0,7,0,TGTGACGGACTCGGGACGGG,7,2470742
mhpRp1,8.0,7,0,GTGCGCCCCGATTAGATCCC,7,2431722
mhpRp1,8.0,7,0,GATTACTGAACCCCAATAAG,7,2443147
mhpRp1,8.0,7,0,CGGGTCAATGATTCCCAGGG,7,2464948
mhpRp1,8.0,7,0,CCCAAGGAGTTTTCGCAAGC,7,2428315
mhpRp1,8.0,7,0,AGAAAAGGACCAAGGTCTTG,7,2427390
mhpRp1,8.0,7,0,ACCGGACCAAGAGTTAAGGT,7,2468719
mhpRp1,8.0,7,0,AAAATATAAGCTACGATCCA,7,2457665
mhpRp1,7.0,6,0,TAACTGTCTAAATCCCCCGA,6,2429478
mhpRp1,7.0,6,0,GCAGCTAGTAATTTCAACCA,6,2468107
mhpRp1,7.0,6,0,GAGATGTCACACACTGACGT,6,2454386
mhpRp1,7.0,6,0,CGTCGCAATGGCACTACTTC,6,2449495
mhpRp1,7.0,6,0,CCCACGTTGCATTCCTCTCT,6,2429171
mhpRp1,7.0,6,0,ATTACGGCTCCCATGCGAGA,6,2456786
mhpRp1,7.0,6,0,ACTGATTTCTTAGGGGGGTC,6,2437999
mhpRp1,7.0,6,0,AACCCGAGCAGACGTTAGGC,6,2455335
mhpRp1,6.0,5,0,TTGGACTTAGGGCATGGTAT,5,2440864
mhpRp1,6.0,5,0,TGTGAACAATCAGGAGCCAT,5,2449255
mhpRp1,6.0,5,0,TCGTTGAGATAGTAGGTCAT,5,2434932
mhpRp1,6.0,5,0,TAGCCACTGCACATTAGTCC,5,2443385
mhpRp1,6.0,5,0,GTTATCCTGTAAAGTTAAAA,5,2435492
mhpRp1,6.0,5,0,GGGTAGCGAAAGAACACGCC,5,2455490
mhpRp1,6.0,5,0,GCAGCTTGATATGGCCCGGC,5,2475141
mhpRp1,6.0,5,0,GAGAAGGAGCTTGTCGAGGT,5,2477041
mhpRp1,6.0,5,0,CCGCGGGACGGTCCTTGAAG,5,2465524
mhpRp1,6.0,5,0,CCACAGCAATGCACCCATTA,5,2454241
mhpRp1,6.0,5,0,CAACTGTTTTTCCAGCAAGG,5,2457275
mhpRp1,6.0,5,0,ACTTCAGCCCTCCTACTTCT,5,2477256
mhpRp1,6.0,5,0,ACTCATACGTCGTTTTAAAT,5,2451990
mhpRp1,6.0,5,0,ACGAGCGCCCGGAATTGTCC,5,2427488
mhpRp1,5.0,4,0,TCATCAAGGAGGTCCCGCGG,4,2438774
mhpRp1,5.0,4,0,GCCTCCAACTCACGGAGAGT,4,2425933
mhpRp1,5.0,4,0,GAATTGACAGTTCAAGACGC,4,2429426
mhpRp1,5.0,4,0,GAACACGACCGTCAGTTGCT,4,2477061
mhpRp1,5.0,4,0,GAAAGATTGATGGTTAAGTG,4,2443115
mhpRp1,5.0,4,0,GAAAAGTGTTCAAAGCGGGT,4,2472758
mhpRp1,5.0,4,0,CGCCTAGATAACATCGTCAT,4,2476498
mhpRp1,5.0,4,0,CAGTAACAGTAACCCTCCCT,4,2455197
mhpRp1,5.0,4,0,ATTAGACACTATGCTCGAGA,4,2465489
mhpRp1,5.0,4,0,ATCCAGACTTTGCCGGTGAG,4,2425601
mhpRp1,5.0,4,0,AAGTCATCGTGCCGTATCTG,4,2435238
mhpRp1,5.0,4,0,AACTTGCGAGCATCGTCCCT,4,2445291
mhpRp1,5.0,4,0,AACCCGTATTGCTGCACCAA,4,2459368
mhpRp1,5.0,4,0,AACAGCGGGCATTATTGCCA,4,2445497
mhpRp1,4.0,3,0,TTCTCAGTCTGCAACGGGGC,3,2437124
mhpRp1,4.0,3,0,TACCACACTGGCCAGTAAGG,3,2439116
mhpRp1,4.0,3,0,TAATGTCTGATATTGTTCAG,3,2477025
mhpRp1,4.0,3,0,TAACGTGGCGCTCCCCTAAT,3,2477226
mhpRp1,4.0,3,0,GAGGCTTTTTGCGGCTTAGC,3,2460873
mhpRp1,4.0,3,0,CCTGCTTCACGTTTAGCAGT,3,2445115
mhpRp1,4.0,3,0,CCGAGATGCACGATAGACAG,3,2456318
mhpRp1,4.0,3,0,CCCGCCGATGATCGTGCAAC,3,2425779
mhpRp1,4.0,3,0,CAGCATGAGAAAAGTTCTCC,3,2435330
mhpRp1,4.0,3,0,AGACACTTTGACCAAGGTGT,3,2467509
mhpRp1,3.0,2,0,TTCGTATTTGGTGCTGACCT,2,2434908
mhpRp1,3.0,2,0,TTAGCATTTTCACATACGAG,2,2454167
mhpRp1,3.0,2,0,TATCGCCGTTAGTCTAAGGA,2,2468787
mhpRp1,3.0,2,0,GTGATCCCCTCCAGGGACTC,2,2467463
mhpRp1,3.0,2,0,CTGCAAAACACGTACCAGTC,2,2454030
mhpRp1,3.0,2,0,AGGAAGATCCGCTTGATTTG,2,2479467
mhpRp1,3.0,2,0,AATATGGTGGTTCAGGTGGA,2,2451388
mhpRp1,2.0,1,0,TTGCTGGGTTATCAATCGAA,1,2429413
mhpRp1,2.0,1,0,TTCTCCTCTTATCCTTCAGG,1,2450540
mhpRp1,2.0,1,0,TTCAATAAATGGGAATATGC,1,2474160
mhpRp1,2.0,1,0,TTATACCGGGTGTGGCACTG,1,2468717
mhpRp1,2.0,1,0,TGTGAAAGCTGTCAATATGT,1,2439158
mhpRp1,2.0,1,0,TGGTTTACCGTACGGATGTT,1,2438369
mhpRp1,2.0,1,0,TGATTCCTTTGGGTTCGTAT,1,2471448
mhpRp1,2.0,1,0,TGAGCTTTACGGGGGGTTAT,1,2454151
mhpRp1,2.0,1,0,TGAATTACGATACTTTCCCC,1,2443857
mhpRp1,2.0,1,0,TCGGTGCACTTCCTCATCTC,1,2433370
mhpRp1,2.0,1,0,TCCTGAACTGAGGCAGACGG,1,2470185
mhpRp1,2.0,1,0,TCCTCGGTCCTCCTAGGTTG,1,2464836
mhpRp1,2.0,1,0,TCCGGGCTTGCATATATGTC,1,2448188
mhpRp1,2.0,1,0,TACCGGAACCGGGCCGAATC,1,2442490
mhpRp1,2.0,1,0,TAACGACATTCGCATTCGCC,1,2460263
mhpRp1,2.0,1,0,TAAATTAATTTGTACAGCAC,1,2446746
mhpRp1,2.0,1,0,GTCGCCCAAGGACAGGGTAC,1,2474899
mhpRp1,2.0,1,0,GTCGATGCGTACGGAATGGA,1,2474544
mhpRp1,2.0,1,0,GGTGATAGCCCCGGCGCAGG,1,2455417
mhpRp1,2.0,1,0,GGGGAGACGTCGTAGTAAAC,1,2461515
mhpRp1,2.0,1,0,GCTTGCCCCGCCAATAGCGA,1,2462986
mhpRp1,2.0,1,0,GCGCCTCGGGGTCACGTTTT,1,2457383
mhpRp1,2.0,1,0,GCATTTCTTGATCACACTCA,1,2476061
mhpRp1,2.0,1,0,GCAGCAACTCTGCTTGAGAA,1,2427777
mhpRp1,2.0,1,0,GATGTAGCTGAGGGGGTCAC,1,2463574
mhpRp1,2.0,1,0,GAGCATTTAATACAAAAGGG,1,2438106
mhpRp1,2.0,1,0,GACTGGGTAGCGGGTCCTTT,1,2440965
mhpRp1,2.0,1,0,GAATATTTATTGTGTGAACC,1,2453021
mhpRp1,2.0,1,0,CTTCACGTGTACGAGTGTCA,1,2433286
mhpRp1,2.0,1,0,CTGCTCTTATTGGGGGCCAC,1,2472047
mhpRp1,2.0,1,0,CTGCATGGGCTCTTGTTACA,1,2470876
mhpRp1,2.0,1,0,CTCCCCTTCAGTTTAAGTAA,1,2467879
mhpRp1,2.0,1,0,CTATAGCTTATGGATTGGTC,1,2425658
mhpRp1,2.0,1,0,CTAAGTTAGAAATGTCCACA,1,2454549
mhpRp1,2.0,1,0,CGTGATTAATTGCCTAGTGA,1,2433912
mhpRp1,2.0,1,0,CGGTGGCATGTAATTTTTAT,1,2451768
mhpRp1,2.0,1,0,CGGCTTCATATGGCCTAAGG,1,2456689
mhpRp1,2.0,1,0,CGAATATTGGGGCAAGCCGG,1,2438211
mhpRp1,2.0,1,0,CCATAGTACCGCTGTGGGGT,1,2451566
mhpRp1,2.0,1,0,CAGCTGTGTCATCGGATGTC,1,2441068
mhpRp1,2.0,1,0,CACTGTGGTCTCTCCCCTCA,1,2439153
mhpRp1,2.0,1,0,CAACTGCCGCTCTAATTCCT,1,2434556
mhpRp1,2.0,1,0,ATGCCATGGCGATAGAATGC,1,2431644
mhpRp1,2.0,1,0,ATGATTTAATTCCGAATAAA,1,2438374
mhpRp1,2.0,1,0,ATAGGTCAGGGATGGTTCGC,1,2443139
mhpRp1,2.0,1,0,ATACGCATCAGGCTGAACGG,1,2446119
mhpRp1,2.0,1,0,ATAAGCCGGTAGCAGGTTTG,1,2460656
mhpRp1,2.0,1,0,AGTGTTGCCGGGTGGGCTAG,1,2463654
mhpRp1,2.0,1,0,AGTCTAGCTATGGAACCCTG,1,2425746
mhpRp1,2.0,1,0,AGTCAGCGATTGGCGTTCCC,1,2435401
mhpRp1,2.0,1,0,AAGCTCATGGGGAGATAGGT,1,2450673
mhpRp1,2.0,1,0,AAATAGCACGTTAATAGCAT,1,2429349
