name,relative_counts,ct,ct_0,barcode,ct_1,barcode_ind
dgoRp,0.6121495327102804,343,213,AGATAATAAGATTTCCTCTA,130,841414
dgoRp,0.01904761904761905,105,104,TGTGCGACCTTAAGCAGAGA,1,851783
dgoRp,1.58,256,99,CTGTGCATGAGACCTTACCC,157,843476
dgoRp,1.22,220,99,ACGTTTGGGAGATTTAACAC,121,835992
dgoRp,0.3877551020408163,134,97,TGGAAAGACGGGAAGTCCTG,37,857334
dgoRp,0.020618556701030927,97,96,GGGGAAACTCCTGAAAGATA,1,847663
dgoRp,0.8111111111111111,161,89,CATGGTCGCGTAATGCGGCA,72,837137
dgoRp,10.102272727272727,975,87,CCAGGAGGGGGCGTGAAACA,888,836117
dgoRp,0.627906976744186,138,85,CTGCGCAAGCGGAGGCTGAA,53,860233
dgoRp,0.3253012048192771,108,82,CGATCATACTGAATTACGTA,26,843866
dgoRp,0.0375,81,79,CACGTCAATAGAAAGGAGTT,2,836686
dgoRp,1.0649350649350648,157,76,AAGGGCATCGGAGTCGTGAT,81,845652
dgoRp,0.09333333333333334,80,74,CGAGATAATATCCACGGTTC,6,836872
dgoRp,1.3783783783783783,174,73,ATAGTCGTTTGTGATCGCGC,101,836326
dgoRp,1.3013698630136987,166,72,GCGTTTCTCTGCCTAATTAT,94,857928
dgoRp,1.0,140,70,CACTCAGAATGCGAGTACTC,70,859915
dgoRp,1.5072463768115942,171,68,CTCTATAGTGCGCTCCTCGC,103,838187
dgoRp,0.6764705882352942,112,67,AATGGGTAACGGATGTGATG,45,835885
dgoRp,7.985074626865671,600,66,AGGCCACTTAATTCTCGAAT,534,836118
dgoRp,1.123076923076923,136,64,GAGCAGGTGACCTCAATGAG,72,835809
dgoRp,0.5873015873015873,98,62,TACAAGTCATATATCTTAGG,36,835940
dgoRp,0.4918032786885246,89,60,TATGCAACAAGTCCTGCGCA,29,842801
dgoRp,0.6721311475409836,100,60,TACTGGACGGTGTTGGTCGG,40,838624
dgoRp,0.639344262295082,98,60,GGGACACACAGTTGGTATAT,38,843124
dgoRp,0.5409836065573771,92,60,AAGCTGGAAGTTTGGATCGA,32,861292
dgoRp,0.7,100,59,TCCCGCCGATAACCCCGGTC,41,852935
dgoRp,2.5833333333333335,213,59,GGTAACGACTCGGTTTCTTA,154,838691
dgoRp,0.03333333333333333,60,59,AGTGCCCTTGACTTAACTGT,1,846321
dgoRp,0.03389830508474576,59,58,TGCATTTAAAACCGAGTATA,1,847912
dgoRp,0.034482758620689655,58,57,TCAATGTTCCGGTTAGATCA,1,836533
dgoRp,0.8793103448275862,107,57,CCCACAATCGTAAATTTCGC,50,857655
dgoRp,0.03508771929824561,57,56,GGGGCGATGGGTTTAATGAC,1,867176
dgoRp,1.5,138,55,TGGAAGCCCATTAAGTGAGT,83,836292
dgoRp,1.4107142857142858,133,55,CACTTTGTAACCATTTTTAA,78,848891
dgoRp,0.9090909090909091,103,54,GTGCCGGGGAAACTTCGGTT,49,859246
dgoRp,0.6666666666666666,88,53,GTCTCCCGACGATGGCAGTC,35,836056
dgoRp,0.7222222222222222,91,53,GGCCGTATCTCTTTGCGCAT,38,841612
dgoRp,0.2962962962962963,68,53,AGCATGAATAGTTAAGGAAT,15,863814
dgoRp,2.5,187,53,AAAGGCTGAATCCAACTCAA,134,845242
dgoRp,0.03773584905660377,53,52,GATTCTAAGGTATTGTGCAA,1,839233
dgoRp,2.4615384615384617,178,51,CTCCCGGAGTCGTTTGTCAC,127,846915
dgoRp,4.403846153846154,279,51,CCTTTCAGTATTCCTGAGTA,228,867255
dgoRp,1.8235294117647058,142,50,GGCCGAATAAACGAGTTTGG,92,854222
dgoRp,1.0196078431372548,101,50,GAATAAATGGGTCAATCGGA,51,853632
dgoRp,0.0784313725490196,53,50,CGCTTGGGGACTCCCTCGAA,3,840213
dgoRp,0.04,50,49,CGGTAGAGCAGGTCTGGACC,1,854453
dgoRp,0.92,94,49,CCATTCTAGGAACCTCGGAC,45,836098
dgoRp,1.0204081632653061,97,48,TCTTAAACTCACACATTGGG,49,842099
dgoRp,0.2857142857142857,61,48,CGGAAGACCTAGCCAGGAGC,13,855049
dgoRp,0.10204081632653061,52,48,CCCAGCAGCGGTCGTTTGTC,4,837895
dgoRp,0.5714285714285714,75,48,CCATGTCGGAATCCTTCACT,27,837866
dgoRp,3.2653061224489797,207,48,ACGCTCGTAGACGCCGTTAG,159,838828
dgoRp,0.5510204081632653,74,48,AAAGAAAATAAGGTAATTCT,26,837079
dgoRp,0.5208333333333334,71,47,TAATATTTGGGTAGTCTGGT,24,835836
dgoRp,1.7083333333333333,128,47,CCATACTTCCATATAAAGTT,81,845607
dgoRp,0.0425531914893617,47,46,CTAACCGAATCGACTAAATG,1,840085
dgoRp,1.5957446808510638,120,46,CGGGCTGACCTTAGGAGTGG,74,860808
dgoRp,3.1956521739130435,191,45,TTCTATTTCCCCGCACCTAT,146,838595
dgoRp,0.6086956521739131,72,45,TGGGTGGTCAGTATCGCTCA,27,836833
dgoRp,0.5434782608695652,69,45,GTGCCCCCTCAAAGCCCGTG,24,842995
dgoRp,1.3695652173913044,107,45,GACCCCATTCTTTGTGGTCG,62,838170
dgoRp,3.260869565217391,194,45,CGGAGGGTAAGTGGCTTGGA,149,836119
dgoRp,0.8888888888888888,83,44,TTTCAAGGGAGCACGTCGTT,39,861594
dgoRp,1.0666666666666667,91,44,TGACATGGGTAGTGTGTGAC,47,838219
dgoRp,1.4,106,44,TAATGGTACCTGCGAGGTCA,62,844345
dgoRp,0.6666666666666666,73,44,GACTCGTCCAGGTTTGCCGA,29,848545
dgoRp,0.26666666666666666,55,44,CTGGGGAGACCCACGCGTTC,11,841838
dgoRp,0.5909090909090909,68,43,TGTGGATTGCATCCACTTTC,25,845394
dgoRp,1.75,119,43,TGCGTCTAACGCAGAATCTT,76,849710
dgoRp,0.7727272727272727,76,43,TACGTTGACTAGCAATGGAA,33,836360
dgoRp,0.8636363636363636,80,43,CATGTAGATGGGGTAGATCA,37,848577
dgoRp,0.7727272727272727,76,43,CATAACCCCATGTTACAGAT,33,835968
dgoRp,0.6363636363636364,70,43,ATCCATATCCTCTGTTGATT,27,845643
dgoRp,0.5,64,43,AAATTACGGCGAGTGGGATA,21,865056
dgoRp,1.558139534883721,108,42,TACCGTCGCTTTCGGTGCAT,66,854608
dgoRp,0.18604651162790697,49,42,CGTCTACAGATCCAGCGTAG,7,835945
dgoRp,0.06976744186046512,44,42,CCGATCTAAAAAACATGGTG,2,842963
dgoRp,0.8372093023255814,77,42,CAACCTAAGATACATGCTAT,35,859449
dgoRp,4.0,213,42,ACGCGCAGAGGCTACCCTAT,171,857834
dgoRp,2.255813953488372,138,42,AATACCTGTCTCGAAGTCAG,96,858858
dgoRp,1.1428571428571428,88,41,TTACGCTCGTTCAATAAATC,47,839388
dgoRp,0.16666666666666666,47,41,TGGACGGTCGTGGACTAATG,6,853772
dgoRp,0.7619047619047619,72,41,GGGTTTGGTCGTGAAGTTTA,31,841591
dgoRp,1.0714285714285714,85,41,GGCAGTTTTCAAACCCTATA,44,840212
dgoRp,0.9285714285714286,79,41,CTCTACCGCATCTGAAGCGT,38,861091
dgoRp,0.23809523809523808,50,41,CCGGCGTGGCCACTTACCGA,9,836937
dgoRp,0.9285714285714286,79,41,CCCACGCAGACCAGGGTGAT,38,838576
dgoRp,0.047619047619047616,42,41,AGTCGGCTTGTGCAACTATT,1,841690
dgoRp,0.047619047619047616,42,41,ACATCGAGTTCTGAGTTACA,1,844598
dgoRp,0.6904761904761905,69,41,AATTCTGCTGCACGGTCTTC,28,836972
dgoRp,0.04878048780487805,41,40,TCTGCGAGGTATAAACATAT,1,850174
dgoRp,1.1951219512195121,88,40,TCCTGCTCCCGTTATCTAAT,48,841931
dgoRp,0.12195121951219512,44,40,TACATCCTGTGCCTTGGGGT,4,849060
dgoRp,0.2682926829268293,50,40,GATGATGCAGCGGCTAGATG,10,838452
dgoRp,0.7560975609756098,70,40,GATCGACCCGCGTTAAGCTA,30,840707
dgoRp,0.04878048780487805,41,40,GACGCTGTGACTATCCATCA,1,853805
dgoRp,1.2439024390243902,90,40,CTGTGCTTCTCGGGCACCGT,50,840402
dgoRp,0.926829268292683,77,40,CTGTATCGGATCAAGGCGTC,37,839886
dgoRp,2.4634146341463414,140,40,CCGTGAGCCCTCCTATTTGA,100,857904
dgoRp,0.9512195121951219,78,40,AGCTGTTGGAAGCATCTTGT,38,850985
dgoRp,0.34146341463414637,53,40,AATCCCGATGGGTCTCCCAA,13,864061
dgoRp,2.1219512195121952,126,40,AAACCTCATAGGAAACGTAT,86,843306
dgoRp,0.75,68,39,TTCGAAACTGCCACGTACGA,29,850618
dgoRp,0.85,72,39,TCTTGGAAAAGAGTCTCTGT,33,846108
dgoRp,0.95,76,39,TCCCAGGGAGGCTTGCCCAA,37,848777
dgoRp,2.2,126,39,CTCCATTCGACGTTGCATGT,87,850809
dgoRp,1.15,84,39,AAACCCTGTCCTTTACACGG,45,836268
dgoRp,0.05128205128205128,39,38,TTCGAAACTTACGGCTGTAG,1,855952
dgoRp,5.128205128205129,237,38,GCGTGCGTGGCGGATATAAT,199,843986
dgoRp,1.435897435897436,93,38,GCCAATCGATAGGCAGGGGG,55,840846
dgoRp,3.58974358974359,177,38,CGGTAAAACTCTTCAACAGG,139,837212
dgoRp,0.10256410256410256,41,38,CCTTAGAAAGACTAGACCGA,3,845441
dgoRp,0.5641025641025641,59,38,CCGTACCTTCGTAAGCCCTT,21,835993
dgoRp,1.6153846153846154,100,38,CACGAGTATTGCACACGGCA,62,862292
dgoRp,0.9210526315789473,71,37,TTAGGCAGCCCGTGCCCGTA,34,837921
dgoRp,1.868421052631579,107,37,TGACTGATATTTAATCGCCT,70,836858
dgoRp,0.42105263157894735,52,37,TCTACCGTATGATTCGTCTG,15,856086
dgoRp,2.9210526315789473,147,37,TCCCCACTTAGGTAAGCGTA,110,840656
dgoRp,0.868421052631579,69,37,TACCGTGCATCGGCCCACAG,32,850820
dgoRp,0.07894736842105263,39,37,CTTATAACCGCTTTTAACAT,2,840476
dgoRp,1.263157894736842,84,37,CGGCAGGGCAGCTTAGGGTA,47,843068
dgoRp,2.5789473684210527,134,37,CATATCCCCGAGGCCGACAC,97,838053
dgoRp,1.0526315789473684,76,37,ACTTTGCCTGGAACAAAGAA,39,836470
dgoRp,1.3513513513513513,85,36,TCGGTGGTTGCGCACTTTTG,49,845899
dgoRp,2.4054054054054053,124,36,TATGGAGATTCGGTTAGTTA,88,842482
dgoRp,2.72972972972973,136,36,TACTTCACACGGCAAGAGTG,100,836751
dgoRp,1.5405405405405406,92,36,GGGAGAACACTCTCTAATGA,56,850696
dgoRp,0.10810810810810811,39,36,CGGAAGCTGTTAGAATGGTA,3,842057
dgoRp,0.05405405405405406,37,36,ACATATAGTTTTGAGCGTAA,1,841455
dgoRp,0.05405405405405406,37,36,ACAAGGGTTTTACCTTTTTG,1,840400
dgoRp,0.05405405405405406,37,36,AACCGGAAAGCGAGGCACGC,1,865378
dgoRp,0.05405405405405406,37,36,AAATACTGACCCGTGACTTT,1,843962
dgoRp,1.0,72,36,AAAGTGGCCTCGACGTAGAT,36,850742
dgoRp,0.05555555555555555,36,35,TTGTTCCGGATCGTGGAATG,1,837308
dgoRp,0.08333333333333333,37,35,TTGCACGAGTGTTAGCGTTT,2,841571
dgoRp,0.5277777777777778,53,35,TGAGGAGCCACTCATGCACA,18,862709
dgoRp,1.0555555555555556,72,35,TCATATTCGCTGTACCGATC,37,865276
dgoRp,1.7777777777777777,98,35,TAGCTCCTCTGTTGCAGGCA,63,841126
dgoRp,2.138888888888889,111,35,GGGAGCAAGCCCAGTGATCG,76,851704
dgoRp,0.05555555555555555,36,35,GCGTGGATCCATTCTTAAAC,1,836873
dgoRp,1.1111111111111112,74,35,GCGAGTCGTACACCCCCCTA,39,837398
dgoRp,1.1944444444444444,77,35,CTCGCGCGGGCTTAGGAAAG,42,840619
dgoRp,0.3333333333333333,46,35,CCTTGCATATGGATAGGTCG,11,861378
dgoRp,0.8611111111111112,65,35,CCCTCACCTATGTATGCCTT,30,840639
dgoRp,1.6666666666666667,94,35,CATGTGTTACAGGAGCAATG,59,847408
dgoRp,1.7777777777777777,98,35,CAAGCCCTCTATGCGGTTAG,63,841552
dgoRp,2.861111111111111,137,35,ATCGAAGAACCGTAGTTCTC,102,848419
dgoRp,1.3888888888888888,84,35,ATCCTGATGCCGCCAGACGA,49,855126
dgoRp,0.05555555555555555,36,35,AGGGCCATGTCTTGGCGTAG,1,839890
dgoRp,0.05555555555555555,36,35,AGCTATTGCGCGATACTTGT,1,844687
dgoRp,0.05555555555555555,36,35,AACACAGCCTAGCATGGAAG,1,841420
dgoRp,1.8285714285714285,97,34,TGTTGGTAAGCGAGTGATGC,63,861968
dgoRp,2.3142857142857145,114,34,TGATCCCTCCCGTGTGACAT,80,859269
dgoRp,2.4571428571428573,119,34,TCCCAAATTGAGTACCGTCG,85,859142
dgoRp,0.9714285714285714,67,34,TATGGTGCTTGGACCGGTTT,33,840401
dgoRp,0.05714285714285714,35,34,GTTAAGGAGCAGGCACGCTC,1,849822
dgoRp,3.2285714285714286,146,34,GAACCTTTCCACCGAAATTT,112,838926
dgoRp,0.05714285714285714,35,34,CGTTACACCTAGAGAACCAT,1,843468
dgoRp,6.828571428571428,272,34,CGCGCAAGCGGCATCTGGCT,238,858138
dgoRp,0.05714285714285714,35,34,CCGCATTTTCCGCCTTACAT,1,849639
dgoRp,0.05714285714285714,35,34,ATAACATAATTTCTTAAGAT,1,838034
dgoRp,1.542857142857143,87,34,ACCTCAAGTCGTCTGGCCCA,53,845172
dgoRp,0.8857142857142857,64,34,AAACCGACGCATAAATATTA,30,852353
dgoRp,1.5,83,33,GTCGGTCATCCGTTGTCGGA,50,863748
dgoRp,2.8529411764705883,129,33,GCGGGGCGGTCGGCGAAATG,96,853399
dgoRp,0.058823529411764705,34,33,GCCGCGAGCCGCGTGTGCCA,1,839726
dgoRp,0.058823529411764705,34,33,CGTTTTAGGCCGCGTAGCTA,1,847504
dgoRp,1.411764705882353,80,33,CGCTTTGTGGGTTGCGGCCA,47,853638
dgoRp,0.17647058823529413,38,33,CGAGTTCACCGGAATGCGGA,5,849631
dgoRp,0.6176470588235294,53,33,CAGTCAACATACATCAAAAG,20,849397
dgoRp,0.058823529411764705,34,33,ATAAAAGTGCCCGGTCACGC,1,837946
dgoRp,2.088235294117647,103,33,AGACCACTGGGCGTGAAACG,70,848057
dgoRp,0.11764705882352941,36,33,AAGTTCTGACGCCACAGGGA,3,840865
dgoRp,0.06060606060606061,33,32,TTATATCGTCAGGTCATCAA,1,841538
dgoRp,1.4545454545454546,79,32,TGTCCTGACCCCCTATCGCA,47,838716
dgoRp,0.9393939393939394,62,32,TATGATACCCAGACACGCAT,30,845613
dgoRp,1.696969696969697,87,32,TAGCATAGGTTGGTCCTGGG,55,856995
dgoRp,1.2424242424242424,72,32,TACGCATAAAAGATTGACAA,40,849134
dgoRp,2.9393939393939394,128,32,GTGATGCATAGTGCCCTGAC,96,842258
dgoRp,0.30303030303030304,41,32,GGACCTCAATGCTTCTATCC,9,846167
dgoRp,0.06060606060606061,33,32,CTAGGATCCTATTAGAACGC,1,842478
dgoRp,0.06060606060606061,33,32,CGCTAACCGTAAACTCAGCC,1,842704
dgoRp,2.212121212121212,104,32,CATCTGCAGGGTACGGTCAT,72,844193
dgoRp,1.3636363636363635,76,32,ATCTCACCCAATGCTCGAAC,44,836418
dgoRp,1.0909090909090908,67,32,ATACGCGGGTACGATCGCTT,35,861662
dgoRp,0.06060606060606061,33,32,AATCGAAATCCATACATTGT,1,865662
dgoRp,0.9090909090909091,61,32,AAGTCACTGACTTGCCGGCG,29,859789
dgoRp,2.757575757575758,122,32,AAAGTGCGGAGTTGAGCAGA,90,863205
dgoRp,0.0625,32,31,TTAGTTCTGCACGGCCGGAG,1,857621
dgoRp,0.0625,32,31,TCGTCTTGAGAGGCGTTTGT,1,854586
dgoRp,1.21875,69,31,TCCCACAACCCTCTCCCTAT,38,839086
dgoRp,0.0625,32,31,GTGCTAGTTTGAGAGAACCG,1,853585
dgoRp,0.0625,32,31,GGTTATTCCTAAATCGCACA,1,855533
dgoRp,1.21875,69,31,GAAGGGCGTTATCGCGCGGA,38,840741
dgoRp,3.25,134,31,CTCGTACTAACGAATTATCA,103,838706
dgoRp,1.1875,68,31,CTCGGTCATCTCTGTCGTAC,37,854766
dgoRp,0.875,58,31,CGGTGCAGCGCGCACAACGC,27,836072
dgoRp,1.875,90,31,CGGCCGGTGACTCTATGCTA,59,866579
dgoRp,2.78125,119,31,CGGCCCGTTACAGCGGTATT,88,837594
dgoRp,1.375,74,31,CCGTCGGCGGGGGCAAATCA,43,836448
dgoRp,1.125,66,31,CACCCCACAATATTCAGTGG,35,840604
dgoRp,4.78125,183,31,CACCCAAGGCAGTACCCCCC,152,852002
dgoRp,0.0625,32,31,CAAGTCTACAAGATCAGATA,1,841841
dgoRp,0.8125,56,31,AGGGTAGACAGCAACAATAA,25,851611
dgoRp,1.9375,92,31,AATACGCTTCATAGGCAACC,61,849352
dgoRp,1.84375,89,31,AAGTCTGTGAGCGAGAGCGA,58,853247
dgoRp,1.2580645161290323,68,30,TTGCAGGTTCGATTCAAATA,38,841636
dgoRp,2.5806451612903225,109,30,TTAACACCTTAACTCCATTC,79,850714
dgoRp,1.7419354838709677,83,30,TGCATGATATGCCAATACCG,53,838454
dgoRp,1.8064516129032258,85,30,TGAGATGTGTAAGCATGCGA,55,858888
dgoRp,1.096774193548387,63,30,TCCGATGTCCGTCGGGCGAG,33,840473
dgoRp,0.25806451612903225,37,30,TAGCGGCTGATGGCTATAAT,7,839084
dgoRp,1.4516129032258065,74,30,GCCAATGTTATGGGAACGAT,44,850852
dgoRp,0.12903225806451613,33,30,CTGTGTTGTTCTCAGGTGTG,3,844698
dgoRp,2.774193548387097,115,30,CTGGCGCCCCGCGTTCATTG,85,864101
dgoRp,0.967741935483871,59,30,CGTGATCCCTCTTGGGTGTA,29,836050
dgoRp,1.6774193548387097,81,30,CGCTTTTAGCTTATTTAGTA,51,857626
dgoRp,2.3225806451612905,101,30,CGAGTCAGTGACCCCCGGGG,71,843864
dgoRp,7.612903225806452,265,30,CGAGCGGTTCACTTTCGTAG,235,841439
dgoRp,1.1612903225806452,65,30,CGAAATTGCGTCTGGCATAC,35,861637
dgoRp,0.967741935483871,59,30,CGAAAAACGGCAAATTACAG,29,850294
dgoRp,1.032258064516129,61,30,ATTGTGACCTCCAGCGGGTT,31,856969
dgoRp,0.9354838709677419,58,30,ATCGCTCCGCGAGAGGACCA,28,837081
dgoRp,0.06451612903225806,31,30,AGTGTGTTTGACGGTGTCGT,1,850490
dgoRp,13.32258064516129,442,30,ACAGACAGGCCCAACACACC,412,860616
dgoRp,0.8333333333333334,53,29,TTGGAGCAGACCCGTTTCTG,24,854084
dgoRp,1.1666666666666667,63,29,TCGTTTGCCGCGGATATTGG,34,847293
dgoRp,0.1,31,29,TCCAAAAGTACGTGAGGAAC,2,859290
dgoRp,2.2333333333333334,95,29,TCAATCTAAGGGACATGAGT,66,860243
dgoRp,0.5333333333333333,44,29,TACTATAGTGTATCAGACTG,15,859066
dgoRp,3.1333333333333333,122,29,TAACAGTGGACAACTAGGTT,93,855320
dgoRp,0.7666666666666667,51,29,GGGATCTATAAGCAGATACT,22,857541
dgoRp,2.066666666666667,90,29,GCTGGGTTTCCGATCGCAAG,61,853073
dgoRp,3.6666666666666665,138,29,GCAAGAGTTCCAGCTCAAAG,109,842897
dgoRp,0.06666666666666667,30,29,CTGCTGAGTCGCGACTACTT,1,849098
dgoRp,1.2,64,29,CTAGGGGCCGATTGGTATTA,35,858139
dgoRp,0.6333333333333333,47,29,CTACATACGATTGACCGGAG,18,857961
dgoRp,1.4,70,29,CACCTTCCTATCTGGTTTCT,41,839699
dgoRp,3.933333333333333,146,29,CACACCTGAACTGAAGCTCG,117,841012
dgoRp,3.1333333333333333,122,29,ATAATATAATCATAACAGTA,93,841514
dgoRp,0.06666666666666667,30,29,ACGCGCGCTACTATGGGATT,1,837377
dgoRp,0.06666666666666667,30,29,AACATAGGATCTGCACATTT,1,853677
dgoRp,0.06896551724137931,29,28,TGTTCGCTGGCACGAGTGTC,1,841689
dgoRp,0.10344827586206896,30,28,TGTGGGCTCATAGATCGTGC,2,850087
dgoRp,5.241379310344827,179,28,TGCTGCGTGTTATAAGCCCT,151,851302
dgoRp,1.2413793103448276,63,28,TCGGTCAAGCGAGCTTTATG,35,845721
dgoRp,2.4827586206896552,99,28,TCGCACATTCCGCTTATGGT,71,858996
dgoRp,0.06896551724137931,29,28,TACTAGAGTAAGATCACCTG,1,842818
dgoRp,0.13793103448275862,31,28,TAAGGCCGGCGCGCAATCAG,3,865412
dgoRp,3.6551724137931036,133,28,GTGCGTCGTGATGAGTCCTT,105,838290
dgoRp,0.06896551724137931,29,28,GGTGTGCTGCTCGGGACCCT,1,846600
dgoRp,1.4137931034482758,68,28,CGGAAGTTAAAGAACCGGTT,40,836452
dgoRp,1.793103448275862,79,28,CGCGAATCTTGGCATCCGAA,51,838671
dgoRp,0.10344827586206896,30,28,ATGGGAATCCACTGAAGCCT,2,852964
dgoRp,0.06896551724137931,29,28,AGGTCCTTTTCCGGAACAAA,1,840183
dgoRp,0.06896551724137931,29,28,ACCTAAAGCGTGCCTCAAGA,1,841687
dgoRp,1.6551724137931034,75,28,ACCAGATCTGAGGGTAGGTT,47,837365
dgoRp,1.5862068965517242,73,28,AACAGAAGGCTTAAGCTAAG,45,857989
dgoRp,2.642857142857143,100,27,TTGTACCACGCTAGAGTGTT,73,843475
dgoRp,2.7857142857142856,104,27,TGTTAAACCCATCGATCGTT,77,844124
dgoRp,1.75,75,27,TGGATCTAAAACAGCATGTA,48,850484
dgoRp,1.3214285714285714,63,27,TGCGTAAAAGTGCGTACTTA,36,839562
dgoRp,1.4285714285714286,66,27,TCTCCGTATTCGAATCCGTA,39,852490
dgoRp,1.7142857142857142,74,27,TATTATCTCACTGCCTGTGG,47,850266
dgoRp,2.6785714285714284,101,27,TAGGGGTTATGCTTTTAGAA,74,854519
dgoRp,0.07142857142857142,28,27,GGCTCCGGCACACATTTAAC,1,846234
dgoRp,0.07142857142857142,28,27,GAGAAAGCCTCAACATGTTC,1,849022
dgoRp,0.07142857142857142,28,27,CTAAATGGCGGGCTGGTCCT,1,840597
dgoRp,0.14285714285714285,30,27,CGTTTGCCCGGTTATCTCTT,3,848039
dgoRp,1.3928571428571428,65,27,CCGTCGTATAAGAGGCACTG,38,840498
dgoRp,0.35714285714285715,36,27,CAGACTCTAGGCGTCCGGTC,9,849768
dgoRp,0.07142857142857142,28,27,ATTTGGGTACATGGATGACA,1,846280
dgoRp,0.10714285714285714,29,27,ATCTGTGAAGACCAGCCAAA,2,841380
dgoRp,0.7857142857142857,48,27,ATCAAAGCAGAAAGGTATGG,21,859511
dgoRp,7.071428571428571,224,27,ATATAACATACGCTAGTGAT,197,864228
dgoRp,0.07142857142857142,28,27,ATACATGCACATTGAAACCA,1,839980
dgoRp,0.5357142857142857,41,27,ACAGATATGCGGGCTAAGGT,14,842152
dgoRp,0.37037037037037035,35,26,TTCAGAGCCGGGTGGGAGAC,9,837159
dgoRp,1.6296296296296295,69,26,TATCTCATTCCGAACTCATA,43,848390
dgoRp,0.5555555555555556,40,26,TACCCTTCTCCACCTTGCCA,14,856429
dgoRp,1.962962962962963,78,26,TAAATTACTACCGTCAAGGT,52,840456
dgoRp,1.8518518518518519,75,26,GTGAGTCTCCTTTAGCATGA,49,849185
dgoRp,2.7777777777777777,100,26,GGCAATTAGAACACAATTAT,74,838804
dgoRp,1.4814814814814814,65,26,CTATTCTGTATAAAAAGGCT,39,841275
dgoRp,1.1851851851851851,57,26,CCACAATGAGCAGTAGGTCA,31,838956
dgoRp,1.962962962962963,78,26,CAGCTAGGGGAGTTTCTAAA,52,847058
dgoRp,1.2962962962962963,60,26,CACATAGGTGCAATATGCAG,34,854131
dgoRp,1.7777777777777777,73,26,ATTTATTCTTGATACTCCGA,47,856981
dgoRp,1.0,52,26,ATTAATATAATTTCCAACTA,26,838544
dgoRp,0.1111111111111111,28,26,ATGCCCGCGATCCTTCCCGG,2,866945
dgoRp,1.0,52,26,AGGCGGGTTCGGGCGTCTTA,26,851012
dgoRp,1.037037037037037,53,26,AGCAGGATTGAACGCTCGTT,27,843578
dgoRp,0.07407407407407407,27,26,ACGGGTCGCTCCAATGAGTA,1,861885
dgoRp,0.07407407407407407,27,26,AATGGATAGTACTGCCAGTA,1,839366
dgoRp,1.7307692307692308,69,25,TTTATCAGTAGTACATCCCA,44,854867
dgoRp,1.2692307692307692,57,25,TCCCAGGGACGAACATCCGA,32,844317
dgoRp,1.1923076923076923,55,25,TATGGCACCGGCAGCGCGCG,30,854869
dgoRp,1.6923076923076923,68,25,TAACGACCGGTGTCTCCACA,43,863996
dgoRp,0.6923076923076923,42,25,GGGGGGGTGTCCTCACCATA,17,861935
dgoRp,5.0,154,25,GCCCAGGTCTAGAGCTAAGA,129,838830
dgoRp,0.07692307692307693,26,25,GACTTAAGTAAGTATTGAGA,1,854948
dgoRp,0.07692307692307693,26,25,GACACAACGCAACTAAGCAG,1,856081
dgoRp,2.576923076923077,91,25,CGATGGTCAAGATCCGGCGG,66,841553
dgoRp,1.9615384615384615,75,25,CATGCCCCGAGTAGGAAAAC,50,835862
dgoRp,0.9615384615384616,49,25,CACTTTGACACGGCTTCCCG,24,860376
dgoRp,1.6923076923076923,68,25,CACATTCACGCGCTCAAATG,43,840305
dgoRp,2.8076923076923075,97,25,ATTGGTTCTGGAGGCGTTCA,72,856554
dgoRp,3.5,115,25,AGGAATGTATCGCACCTAAT,90,851669
dgoRp,3.3461538461538463,111,25,ACGGTTCTGGGGACTTAGGT,86,866871
dgoRp,0.07692307692307693,26,25,AAGTCCATCATTTAGGCGTA,1,843830
dgoRp,1.4230769230769231,61,25,AAGGCCACCGATACCCCTAG,36,854282
dgoRp,1.48,60,24,TTCGAGATTTGAAAACACTA,36,836999
dgoRp,1.6,63,24,TGGGGAACAATGCGAGTTTG,39,850861
dgoRp,0.08,25,24,TGCCGGCTCACGCGGGTGCC,1,849848
dgoRp,1.72,66,24,TGATTGGATCGATGTGCTTA,42,842261
dgoRp,2.32,81,24,TCTCCAGGGTTGTGGAACCT,57,840992
dgoRp,0.2,28,24,TAGATAAGCCCCGCACAAGC,4,840054
dgoRp,1.8,68,24,GTGTCCTGCTCTTGTGCTTG,44,845256
dgoRp,1.04,49,24,GTGGAGGTAGCGACAGTTGC,25,848018
dgoRp,0.76,42,24,GGCCCCATACCCGATCGTGG,18,838254
dgoRp,3.88,120,24,GCTTGTCATAAGTCTGTCAA,96,849129
dgoRp,1.4,58,24,GCTGACTAGAGTAACCTTGT,34,861604
dgoRp,4.68,140,24,GCTCTAACGCCGCGCAGATA,116,857742
dgoRp,2.72,91,24,GCGCACTAAAACATCTCTAG,67,845542
dgoRp,1.56,62,24,GCCGTCTTTATCGTGACTGA,38,839159
dgoRp,0.92,46,24,GAGTTGGAAGTGTGAACCTG,22,851904
dgoRp,0.12,26,24,GAGTCTTCCCTGTAAATTAG,2,836201
dgoRp,0.72,41,24,GAAGTTCCACTCCGTGGGTA,17,858544
dgoRp,0.08,25,24,CTCTGTCATTCTCTGGATCA,1,855181
dgoRp,0.72,41,24,CGCATGAGTGTGTTCTCATT,17,842173
dgoRp,3.12,101,24,CGATTTATAGGTATAGAGTT,77,838878
dgoRp,1.6,63,24,CCTCGTAATATAAGCTGAAC,39,860295
dgoRp,2.0,73,24,CCTATGTCTACCAAGCTTCA,49,843700
dgoRp,2.36,82,24,CCGGCACAAGGGGTCTCATG,58,840827
dgoRp,1.52,61,24,CCGGAAAAGAGTAGAATTAG,37,856105
dgoRp,1.92,71,24,CCAAGTTGATACGCTCAATT,47,858971
dgoRp,1.16,52,24,AGAACCGTACAGTCCCGTGC,28,856367
dgoRp,1.12,51,24,ACTCCTCTCAGCTAATCTGC,27,849037
dgoRp,2.0,73,24,ACCAGAACAAACCGTTGTGG,49,842343
dgoRp,0.08,25,24,AAGTCCCAAGCACCTGTCAG,1,854260
dgoRp,6.76,192,24,AAGATACAGAGTGCCACAAA,168,845544
dgoRp,4.0,123,24,AAAGCCTTGCGACGCTTATC,99,839337
dgoRp,3.125,97,23,TTGGATAAGTTCTAGAGTAC,74,856924
dgoRp,0.08333333333333333,24,23,TTCTGACCTAAGGCGAGGCT,1,850280
dgoRp,0.08333333333333333,24,23,TTCATGCCGTGGGCTGAGGG,1,846352
dgoRp,0.08333333333333333,24,23,TGTAGTTGGTGCTGAACTTT,1,854646
dgoRp,4.958333333333333,141,23,TGCTGGGGAGGCACTAGCGC,118,861576
dgoRp,1.625,61,23,TGACTGAGGGTCACCGGGAA,38,851657
dgoRp,1.8333333333333333,66,23,TCGATCATGTGTTTTTAAGA,43,838522
dgoRp,0.08333333333333333,24,23,TCCAGTCAAAGAGGGTCTTG,1,841398
dgoRp,1.9166666666666667,68,23,TAGGAAACCCTTACCTCCCG,45,852924
dgoRp,2.0833333333333335,72,23,TAAATACGCGGGCACTCTGG,49,852556
dgoRp,4.5,130,23,GTTCAGTGACATACAACCTG,107,858845
dgoRp,0.8333333333333334,42,23,GTACAAGTGACAGAACCTAT,19,838173
dgoRp,1.7083333333333333,63,23,GTAAAGAAGACGTCGAACGA,40,860775
dgoRp,1.8333333333333333,66,23,GATTACGCGGGTGTCATGTG,43,849288
dgoRp,0.08333333333333333,24,23,CTATTTGCGTGGGTTTATGG,1,864786
dgoRp,0.08333333333333333,24,23,CGCGAACTTTAGAAAGGGTT,1,836439
dgoRp,3.4166666666666665,104,23,CGCATCACGATGAGGACGTT,81,844492
dgoRp,2.0,70,23,CCATGCAAGGTACGATGCTG,47,844637
dgoRp,1.1666666666666667,50,23,CATTTACAATTACTCTTGTG,27,844584
dgoRp,2.0,70,23,CACCATAGTACGTTGAGACT,47,845335
dgoRp,1.0833333333333333,48,23,ATGGGTCTGTGTTTTATACC,25,840764
dgoRp,0.08333333333333333,24,23,ATCCATTGCTGGCTCCCTTA,1,860580
dgoRp,1.5416666666666667,59,23,ATAGAGAAGCCATCTCTGTG,36,846769
dgoRp,2.2083333333333335,75,23,AGTTAGAATCGGGAGAATAT,52,840067
dgoRp,0.08333333333333333,24,23,AGCGTCCATATCCTCCAAGG,1,848576
dgoRp,0.9166666666666666,44,23,AGAGGATTCGTACGGTCCGT,21,853679
dgoRp,2.4166666666666665,80,23,AGAGACAGCAACTCACCCGC,57,838707
dgoRp,1.0833333333333333,48,23,ACTCGGGTTCTCTTCATATT,25,849695
dgoRp,1.6666666666666667,62,23,ACCGCGAGGCTTTTACGAGG,39,867367
dgoRp,2.4583333333333335,81,23,AAGGCATTGCCAAGAGTATC,58,861229
dgoRp,0.08333333333333333,24,23,AAGCACAAGGAGTGCAACAT,1,857713
dgoRp,1.9583333333333333,69,23,AACAAACCCAAAATAAGGAA,46,840131
dgoRp,0.5217391304347826,33,22,TTTTCATTGGTATCAAGTGC,11,838882
dgoRp,3.0869565217391304,92,22,TTCGGCTGGTGAGACGGTTT,70,839927
dgoRp,1.6956521739130435,60,22,TTACTACGGGCTCTACGGCA,38,860352
dgoRp,0.08695652173913043,23,22,TGCGCATTTTTTCTGAGTAA,1,861912
dgoRp,1.2608695652173914,50,22,TAAGCCGGGACATTGTCCCT,28,837229
dgoRp,2.391304347826087,76,22,GTCGATATTTCTTAAACAGA,54,849083
dgoRp,1.391304347826087,53,22,GGGTACTGCTGGTGATTTCA,31,846778
dgoRp,2.0434782608695654,68,22,GGGACCTGTCAAAGGTGATG,46,864177
dgoRp,0.08695652173913043,23,22,GGAGTCCCATGACCCGGCTT,1,840766
dgoRp,2.5217391304347827,79,22,GCCGCATGTAGCACCATTCA,57,841846
dgoRp,1.2173913043478262,49,22,GAGAAGCGACTTATGGCTGA,27,865371
dgoRp,0.34782608695652173,29,22,GACACCACAGACGAAGTCGT,7,842195
dgoRp,1.3478260869565217,52,22,CTTCACCTAGTACATATGCA,30,857818
dgoRp,0.08695652173913043,23,22,CGTTTAGGCATACGGTTGAA,1,863435
dgoRp,9.826086956521738,247,22,CCTACGGAGTTGGACACTTA,225,859620
dgoRp,0.08695652173913043,23,22,CCAGATAAGGCAACAGTGGT,1,860617
dgoRp,1.434782608695652,54,22,CCAGACGGGAACACGTGCAT,32,866729
dgoRp,1.6521739130434783,59,22,CATAAATTTAAGGTCCTCTT,37,860134
dgoRp,1.0434782608695652,45,22,ATAAGCGTCAGGGCGGAACA,23,857357
dgoRp,7.217391304347826,187,22,AGGTTGCGACACCGTGGCTG,165,859711
dgoRp,0.21739130434782608,26,22,AGCAGGCACCTTTGTTAGCA,4,850694
dgoRp,0.08695652173913043,23,22,ACGTATTCAGGCAGAGTACC,1,838238
dgoRp,0.09090909090909091,22,21,TTGGCCTCGGGGTTGAGGTA,1,839128
dgoRp,0.09090909090909091,22,21,TGTGTTATTTAATAACTCGG,1,839734
dgoRp,0.09090909090909091,22,21,TGGCTAATCTTGTATCACCT,1,851151
dgoRp,0.7272727272727273,36,21,TGCAGGCCACCGGTTCCGAT,15,849154
dgoRp,0.09090909090909091,22,21,TGAGGTTACAAGGTAAAACC,1,856519
dgoRp,2.0,64,21,TCTATGATCCGTACTAAAAA,43,860904
dgoRp,0.18181818181818182,24,21,TCGTCCGCGCAATTGAACAA,3,835838
dgoRp,1.9090909090909092,62,21,TCAAAGCCAGACCTTTCAGA,41,839638
dgoRp,1.9090909090909092,62,21,TACGCGAACAGCAACGGGAG,41,860393
dgoRp,0.09090909090909091,22,21,TACGCAGCAAGACTCCTTAG,1,862068
dgoRp,3.3636363636363638,94,21,TACGACGTGCGTATGCCTAA,73,850088
dgoRp,4.136363636363637,111,21,TACCTTTCGATGGATACTAT,90,855634
dgoRp,0.09090909090909091,22,21,TACAAGGCTGTACATTTGCG,1,849024
dgoRp,0.5909090909090909,33,21,GTGTAGCCGCATTGTGAGTC,12,840782
dgoRp,0.09090909090909091,22,21,GTCAGGGTGACCATGACAGT,1,843531
dgoRp,1.4545454545454546,52,21,GGTAGTTACCGTCCGAGCAG,31,850393
dgoRp,0.13636363636363635,23,21,GGCTCTGCTTTACGTAAAAG,2,838580
dgoRp,1.2727272727272727,48,21,GGCGTTAAGAGGCCCCCACA,27,851035
dgoRp,1.5,53,21,GCTCCCAAAAAGGCGAGCAG,32,866430
dgoRp,0.09090909090909091,22,21,GCACTGTCCATAGGAGAGTC,1,837163
dgoRp,1.5,53,21,GCACCTCTTGAGATTGAAAA,32,863179
dgoRp,2.3181818181818183,71,21,GATTATGGCATCACAACTAC,50,851770
dgoRp,0.9545454545454546,41,21,GATGACGGGCCTTGGTGGTC,20,860827
dgoRp,0.5454545454545454,32,21,GATAGGTCTTAAAATGAGCA,11,838175
dgoRp,1.9545454545454546,63,21,GAATCCCTTTGAGTCACTGT,42,841880
dgoRp,0.09090909090909091,22,21,GAACCGATTCTATGATGACA,1,839769
dgoRp,0.09090909090909091,22,21,CGAAGGCTATCGAGAAAGCA,1,844606
dgoRp,1.6363636363636365,56,21,CCGGGATCCAAGTTTTCAAA,35,836797
dgoRp,0.09090909090909091,22,21,CCGGGAGCTTTATGACGGAT,1,855000
dgoRp,0.09090909090909091,22,21,CCGAGTACAGGCACATCCTC,1,839498
dgoRp,1.9090909090909092,62,21,CCATGTCAATCCCGAACCGA,41,847995
dgoRp,3.3181818181818183,93,21,CCACCCATGACTGGTAGGCT,72,864014
dgoRp,1.6363636363636365,56,21,CCAACGTGATTCCGGGTATT,35,864994
dgoRp,0.09090909090909091,22,21,CAGGAGCGACCTGCTTCTTG,1,856902
dgoRp,0.13636363636363635,23,21,CACTGAAAAAGGGCTACTAC,2,852997
dgoRp,2.0454545454545454,65,21,CAATAGAGTCCTCGACAGTG,44,848854
dgoRp,2.772727272727273,81,21,ATTAAGTTTCGGATTCCAAA,60,843299
dgoRp,2.227272727272727,69,21,ATCTCGTGCAGGCCCTCATT,48,837370
dgoRp,0.09090909090909091,22,21,AGTCCTTTTCCCGCCCAGAG,1,839369
dgoRp,1.5,53,21,AGATAGGAAAGGCCCAGATA,32,866328
dgoRp,2.6818181818181817,79,21,ACGGAATCCGGACTAGCTTT,58,855770
dgoRp,1.3181818181818181,49,21,AATATTTGTCTATCCGAGTT,28,867114
dgoRp,1.5454545454545454,54,21,AAACATAGGTGGCCTCCAAT,33,845825
dgoRp,2.0952380952380953,63,20,TTTTGACAGGGCGGGGCAGT,43,837476
dgoRp,6.571428571428571,157,20,TTTCGTTTGAATAGTCCTGC,137,847194
dgoRp,1.4285714285714286,49,20,TTCACCGCTCGGATACTGTG,29,852234
dgoRp,2.0952380952380953,63,20,TGGTGTGGCCGCTGCATCCT,43,859336
dgoRp,1.0476190476190477,41,20,TCTATTTGCCCTGTACGTAT,21,842588
dgoRp,0.09523809523809523,21,20,TCCTGGGACTCAGATTGATT,1,853153
dgoRp,4.238095238095238,108,20,TCCTAGTTCACCCTTATGCT,88,840089
dgoRp,1.4285714285714286,49,20,TCCACAGCCGATCAGGCACT,29,863681
dgoRp,0.6666666666666666,33,20,TAGAGATTTACGTTTGGTAA,13,837120
dgoRp,1.7142857142857142,55,20,TAAAGTTATTTCGATTATCT,35,863544
dgoRp,5.380952380952381,132,20,GTGGCAATGAGCAGTCAACC,112,842743
dgoRp,0.09523809523809523,21,20,GGCTATTGATATTACATCTG,1,848510
dgoRp,0.09523809523809523,21,20,GGAAAGTCGGAAATGACAAC,1,862981
dgoRp,0.09523809523809523,21,20,GCAGTGCCACGCAGTGCCTC,1,845073
dgoRp,2.0476190476190474,62,20,GAGGCGGTACCGTAACTTCG,42,847841
dgoRp,0.09523809523809523,21,20,GAATGAGGATCATGATCACT,1,837896
dgoRp,1.0,40,20,CTGTTGGGATCCACTAGCAA,20,839588
dgoRp,0.09523809523809523,21,20,CGTTTATCGTTGGTGAACGG,1,864122
dgoRp,1.9523809523809523,60,20,CCGGTTGCGCAGTAGACTCT,40,843967
dgoRp,0.09523809523809523,21,20,ATCTGCAACTTCGGTACCCT,1,841656
dgoRp,0.09523809523809523,21,20,ATCTATGGGACTTCCGGCAA,1,854321
dgoRp,1.9523809523809523,60,20,ATCCGCACGGGCAGATGAAT,40,844982
dgoRp,2.142857142857143,64,20,AGTCATCTATGGGCCGCGAC,44,845759
dgoRp,4.904761904761905,122,20,AGTCACCCCGTCGCTTACGC,102,844896
dgoRp,4.857142857142857,121,20,AGCATCCGGGCTCTAAGTTG,101,851055
dgoRp,0.14285714285714285,22,20,AGAGGCACTGAATCCTCCGT,2,837680
dgoRp,0.09523809523809523,21,20,ACTAGCCCGCAGACTGTCCC,1,840898
dgoRp,3.3333333333333335,89,20,ACGCGTTGGACGTCATAAGT,69,852474
dgoRp,2.238095238095238,66,20,AAGGACGGGACTCTGTTTTT,46,862522
dgoRp,1.8571428571428572,58,20,AAGACTATTAAACTTAGCAA,38,841366
dgoRp,1.8095238095238095,57,20,AACTACTGGCGGTGCATATC,37,842961
dgoRp,2.05,59,19,TTGTATAATACCTCCGTCGT,40,860601
dgoRp,4.15,101,19,TTGACCTTGCAAGTTATACA,82,842179
dgoRp,4.7,112,19,TTCGGTAGATTGCTCTACCA,93,844447
dgoRp,1.75,53,19,TGGGATATCCGCGGTGGTGG,34,865479
dgoRp,1.7,52,19,TCGTTTCGCGTCTCTAAGCC,33,861831
dgoRp,3.8,94,19,TCGGCTCGAGCAGTAATTGC,75,839760
dgoRp,0.1,20,19,TAGGTCAGTTAAGGGAGGGT,1,847395
dgoRp,0.15,21,19,TAGATTGGCGTTATTTACCG,2,835972
dgoRp,0.1,20,19,GTTTACGAGAATAGCCTACA,1,839639
dgoRp,4.2,102,19,GTCTTGCGGTAGAGTGACCT,83,863574
dgoRp,1.05,39,19,GTATTAACGGGAAGTTTCAG,20,839153
dgoRp,3.15,81,19,GGAGGAATCGTCCGAAGGCG,62,845644
dgoRp,1.2,42,19,GCAATGAATGGGTCAGAATA,23,865564
dgoRp,1.15,41,19,GACCTTCAGCGTTTCGCATC,22,839479
dgoRp,1.2,42,19,CTGCAAGCTCTTTCACAGGA,23,863081
dgoRp,1.7,52,19,CTCCTTCTGTCATAAGGTAA,33,836938
dgoRp,2.3,64,19,CGGCCGGACAGGTATGGGCT,45,857290
dgoRp,1.0,38,19,CGCCACTAGCCATGCGGAAG,19,864780
dgoRp,2.75,73,19,CCAGAACCTAGACACCTCAA,54,840914
dgoRp,1.4,46,19,CCAAATCCCAGTAGTATCGA,27,859101
dgoRp,2.45,67,19,CAGCACCTTCGCTCGCCTAC,48,844984
dgoRp,2.15,61,19,CAACGCCAGAAATGATGCGA,42,865145
dgoRp,0.1,20,19,ATTTGTCGTACGTAGCGCTA,1,854390
dgoRp,2.0,58,19,ATCAGCGGTCCCGCACTCAC,39,854783
dgoRp,2.8,74,19,AGGTGTCCGGTTGGAAGATA,55,852356
dgoRp,2.85,75,19,AGGGGAGCGGTCGCAGCTGT,56,843471
dgoRp,0.1,20,19,AGGGCATTAAGATGAATCGC,1,843163
dgoRp,0.45,27,19,ACAGTCGTTATTTTTCCGGC,8,858840
dgoRp,0.4,26,19,AACTTCGGCCAATGGGATTG,7,859883
dgoRp,2.736842105263158,69,18,TTAGGCGGCGCTTTTAACAA,51,854865
dgoRp,0.10526315789473684,19,18,TGTGACTAGCTCTACTCTAA,1,843072
dgoRp,2.1052631578947367,57,18,TGTCGTCCGAGTGACCCGAA,39,840895
dgoRp,0.21052631578947367,21,18,TGTATCGGGCCATTAGTCTA,3,842233
dgoRp,2.526315789473684,65,18,TGGTATCCCCAAGTGTTCTT,47,863880
dgoRp,2.263157894736842,60,18,TGAGGCATGGTTTATCAGGT,42,841874
dgoRp,3.0526315789473686,75,18,TCTGAACAATGCGGCGCGAG,57,843088
dgoRp,1.3157894736842106,42,18,TCTCCGCCGGCCCTAACCAT,24,841984
dgoRp,0.15789473684210525,20,18,TAGAAAAAAGGGTGATGGGA,2,852752
dgoRp,0.10526315789473684,19,18,TAACGCGAACCACATTGTTA,1,850615
dgoRp,7.105263157894737,152,18,TAACCAGGCGAGACGGGGAC,134,839354
dgoRp,2.4210526315789473,63,18,GTTCAGTTTACTCCGCTATA,45,839455
dgoRp,0.15789473684210525,20,18,GTGCAAGATGACCCCGGGTA,2,862524
dgoRp,3.473684210526316,83,18,GTCCCCTAGTGTATCAGGAC,65,847959
dgoRp,4.842105263157895,109,18,GTATTACTTATGTAATTTAT,91,855406
dgoRp,0.10526315789473684,19,18,GGTGCCGGCCTTACAGCGAA,1,857182
dgoRp,1.3157894736842106,42,18,GGCGGTGATGTTCATTATAA,24,839393
dgoRp,0.8947368421052632,34,18,GCCGTTGGGATGCACGGCAA,16,866622
dgoRp,1.6842105263157894,49,18,GCATTAACCCGAGGGTCTAC,31,860520
dgoRp,2.263157894736842,60,18,GACATTAGTGAGATGTCTAG,42,862584
dgoRp,1.5263157894736843,46,18,GAAGCCTCATATTAACATTT,28,839266
dgoRp,3.0526315789473686,75,18,CTTCGGGTTAGAGTATCTAT,57,853429
dgoRp,0.8421052631578947,33,18,CGGTACAAAGGAACAGCAAC,15,841521
dgoRp,5.105263157894737,114,18,CGGATCCGCCGGGCTTTCGA,96,863103
dgoRp,0.15789473684210525,20,18,CGATAGTTTGAGAACTCGTC,2,850055
dgoRp,1.1578947368421053,39,18,CCCCGCGATAGGATCCAGCC,21,841512
dgoRp,2.0,55,18,CCAGGTTGTGCGCCTACCAA,37,858897
dgoRp,3.210526315789474,78,18,CATGTATCAGAGGTGACAGA,60,864724
dgoRp,0.10526315789473684,19,18,CATGGCCTCTCACGGAACAA,1,840090
dgoRp,0.10526315789473684,19,18,CATGATGTGTAGCCTGCGTA,1,853304
dgoRp,1.9473684210526316,54,18,CACAGTGATACGCCCGCAAT,36,847893
dgoRp,2.210526315789474,59,18,CAACGTAAGAGGAGAGGCTT,41,836859
dgoRp,1.0526315789473684,37,18,ATTGTGTTATGTTCATAAAG,19,850122
dgoRp,2.5789473684210527,66,18,AGGGTTTGAGACAGGTAAAG,48,850988
dgoRp,0.10526315789473684,19,18,AGCCCGTAGGTCACGCCGCA,1,849867
dgoRp,0.10526315789473684,19,18,ACTTCGACAATTGCAAGACG,1,845798
dgoRp,2.473684210526316,64,18,ACTCCGGGGCGTCTCCGCGC,46,844010
dgoRp,2.0526315789473686,56,18,AATGAAAACCCTTCTACCGA,38,861286
dgoRp,2.0,55,18,AACTTCTGGTGGCGGGTCAA,37,861565
dgoRp,2.111111111111111,54,17,TTCATCCCTTTTTCGGCTAC,37,840635
dgoRp,0.1111111111111111,18,17,TTCAAGTACCCACTGCCGGC,1,858871
dgoRp,0.1111111111111111,18,17,TGACCGCGTTCACCTCGGTA,1,843884
dgoRp,0.1111111111111111,18,17,TATGCCTTACTGAAAATGTT,1,840985
dgoRp,2.111111111111111,54,17,TAAGTGGCCGGTATTTTCGG,37,838492
dgoRp,2.0,52,17,GTGGGTCAAATTGCTCCATA,35,837399
dgoRp,0.1111111111111111,18,17,GTCAGGAACGGAAATCCTGC,1,845412
dgoRp,2.0555555555555554,53,17,GGGGCGCCGGTATCTTACAG,36,859431
dgoRp,0.3333333333333333,22,17,GGGATCGCATCGTTCAGGGA,5,857864
dgoRp,2.0,52,17,GCGCGCGCATATTTCTAAGA,35,853674
dgoRp,5.0,106,17,GCCCTACTTCCAGTGCATGC,89,857748
dgoRp,2.2777777777777777,57,17,GCAGACGGCACATTTGTCGC,40,850244
dgoRp,3.2222222222222223,74,17,GATTAGGATTCGAGCATGAC,57,848513
dgoRp,0.1111111111111111,18,17,GACGTCTGCGTCAGCCCGCT,1,853265
dgoRp,0.1111111111111111,18,17,GAAATTTATAGGCAACCGGC,1,858855
dgoRp,2.1666666666666665,55,17,CTGATCCTCTGTTGACACCT,38,835865
dgoRp,5.833333333333333,121,17,CTCCCTTAGAGGACATGAAG,104,854153
dgoRp,2.5555555555555554,62,17,CTAGACGAGTAGCGCGACAA,45,850539
dgoRp,0.1111111111111111,18,17,CGTTTATGTTAGGGGAAGAA,1,857131
dgoRp,0.7222222222222222,29,17,CGCTGGGTAAATTCCTGTCC,12,839525
dgoRp,5.277777777777778,111,17,CGATCGTGATTCTTTGTTGT,94,857467
dgoRp,0.1111111111111111,18,17,CGATCGGGGCATTATGAATT,1,861017
dgoRp,2.7777777777777777,66,17,CCTTTAAATGCTGCAATAAA,49,860163
dgoRp,2.888888888888889,68,17,CCTGTCATGCGCATGCCGTA,51,865119
dgoRp,1.8888888888888888,50,17,CCGAGAGACTGATTCGCAGT,33,838991
dgoRp,0.1111111111111111,18,17,CCATACAGAAGCCAAGAAGT,1,866773
dgoRp,2.611111111111111,63,17,CAGTTACTCGCTGTGATAGG,46,865982
dgoRp,2.7777777777777777,66,17,CAGGTTACTTGCCCTGTGTT,49,848924
dgoRp,0.6111111111111112,27,17,CAGATTTCAGAACTTTTGTC,10,842263
dgoRp,0.16666666666666666,19,17,CAATCTAGTCGGAGCTTTTG,2,839963
dgoRp,0.1111111111111111,18,17,ATGTCACCAGAGGATGACAG,1,863272
dgoRp,1.6111111111111112,45,17,ATGCTACTCTGCACGAGTGT,28,858809
dgoRp,2.388888888888889,59,17,ATCGCTGGGGCTAGAGATAG,42,857602
dgoRp,2.3333333333333335,58,17,ATCCAGTTTTGAGGAGGATA,41,857862
dgoRp,1.5,43,17,ATCAGGGCCAAGATAATTCA,26,863993
dgoRp,2.4444444444444446,60,17,AGCGCTTAGTGAAGGACTGC,43,850207
dgoRp,0.1111111111111111,18,17,AGACGGCGACACAGAGGATT,1,856673
dgoRp,1.7222222222222223,47,17,ACGGTTCATTGAGCGCACGC,30,851705
dgoRp,2.1666666666666665,55,17,ACCGCAAACCGGTACTATCT,38,860562
dgoRp,2.5555555555555554,62,17,ACCCCGAATGGGCCAGGCAT,45,862101
dgoRp,0.1111111111111111,18,17,ACCATTGGACACCAGAAGAG,1,837213
dgoRp,1.4444444444444444,42,17,ACATGCATACCGCAGTCCTA,25,861838
dgoRp,2.5555555555555554,62,17,AATGTATGGCTTTGTGTGCA,45,846184
dgoRp,0.16666666666666666,19,17,AACTGGGATATTGCGGAATT,2,853319
dgoRp,0.35294117647058826,21,16,TTTTGACTCTATTATCGGAT,5,851434
dgoRp,1.7647058823529411,45,16,TTACGCGTCAGCAAATCATT,29,848210
dgoRp,0.11764705882352941,17,16,TGGCAAAAACGTTGGGTTTT,1,837643
dgoRp,0.23529411764705882,19,16,TGCGCTGACGTGGGGGGTCT,3,852845
dgoRp,2.0,49,16,TGACGTCACTTTTCGTTAAT,33,864743
dgoRp,2.5294117647058822,58,16,TCTTTGCTTACAAAGCGCAG,42,859255
dgoRp,0.11764705882352941,17,16,TCTCTGCAGGTGTGTCTTGT,1,847294
dgoRp,0.11764705882352941,17,16,TCGGGTATGCGCCAAGTATT,1,837503
dgoRp,1.4705882352941178,40,16,TCCCCCAGTTTATGCCGGTT,24,848741
dgoRp,0.7058823529411765,27,16,TCATGTCATCTAAGACGGGT,11,865483
dgoRp,7.705882352941177,146,16,TCAATTGCCCTTCATTAAAA,130,857700
dgoRp,1.6470588235294117,43,16,TCAACGTAAAGTTGAAGAGG,27,840243
dgoRp,3.0588235294117645,67,16,TATTTCTAGGTTAGAGAGCG,51,842979
dgoRp,0.35294117647058826,21,16,TATCCCCACTATGTAGGATA,5,862897
dgoRp,2.764705882352941,62,16,TAGGTCATTCGTACTTAAGT,46,861454
dgoRp,2.0588235294117645,50,16,TAGCAGCGAGGAAGATGTAA,34,855028
dgoRp,2.6470588235294117,60,16,GTGTTATTGACTCGAAGCGC,44,846425
dgoRp,3.235294117647059,70,16,GTCTCACTCGACTTCGTAGG,54,861573
dgoRp,2.0588235294117645,50,16,GTCCGATTCTAATAAGACGT,34,862610
dgoRp,0.11764705882352941,17,16,GGGCACCGTACTCTACACAA,1,845059
dgoRp,11.882352941176471,217,16,GCTTGTAGCCTTTGATGGAA,201,859124
dgoRp,0.17647058823529413,18,16,GCCAGCCCGAGACGGAGCGA,2,843297
dgoRp,0.11764705882352941,17,16,GAGGCCACGCAAAGACTTCT,1,858904
dgoRp,4.764705882352941,96,16,GAGAGGCCTCCATGTTTTTT,80,865015
dgoRp,0.11764705882352941,17,16,CTGGGCGCGGCGGCAGTCTG,1,837473
dgoRp,0.11764705882352941,17,16,CTGGATAACCTGTCATGAAG,1,862951
dgoRp,0.11764705882352941,17,16,CTGCCGGGTGTGGTCTTGTG,1,836163
dgoRp,0.11764705882352941,17,16,CTACGACGCTAGTATTCTTC,1,837859
dgoRp,1.3529411764705883,38,16,CGCCTCCGAGCAATTTGAAT,22,847445
dgoRp,0.11764705882352941,17,16,CGCCACTTGTTTGTAGAAGA,1,858574
dgoRp,0.17647058823529413,18,16,CATTTCGGAGCGTGTACGTC,2,856809
dgoRp,0.11764705882352941,17,16,CAGAGTCCAAGACAAGCGCT,1,864543
dgoRp,7.529411764705882,143,16,ATTCCGGAACCCTAGAGCTT,127,852537
dgoRp,0.11764705882352941,17,16,ATTAGTTTCACGTATCCAAT,1,853591
dgoRp,1.9411764705882353,48,16,ATGTAGACAGCCGGTGTCCT,32,851322
dgoRp,2.823529411764706,63,16,AGTTGGTGAAGTTATTCGGG,47,839636
dgoRp,2.1176470588235294,51,16,AGCATCATTCCATGTAATCA,35,866920
dgoRp,0.17647058823529413,18,16,AGCACGGAGTACAGGTAGCA,2,860681
dgoRp,3.588235294117647,76,16,AGACACGAGTTAGACTAGAG,60,845143
dgoRp,2.9411764705882355,65,16,ACTATATCGGAGGGTATTAA,49,836489
dgoRp,0.17647058823529413,18,16,AATGTCTGTCAGTGGGCACA,2,844940
dgoRp,5.0,100,16,AAGTTGGGCCACAATGGTAG,84,838160
dgoRp,2.0,49,16,AAGAGGCCCTTACTAATATG,33,843304
dgoRp,1.6470588235294117,43,16,AAGAATATCAGATCGTCTAG,27,857358
dgoRp,0.11764705882352941,17,16,AACGCTGTCCATCGGCTATA,1,841516
dgoRp,2.2941176470588234,54,16,AAAGAGGAACCAATAGCTAA,38,856242
dgoRp,2.235294117647059,53,16,AAAAATCCTCCAAGAGCATA,37,851281
dgoRp,7.125,128,15,TTTCCATCCTGGCGGCAGCG,113,836455
dgoRp,1.5625,39,15,TTAGTTCGGACAGTTTAACT,24,855018
dgoRp,3.625,72,15,TGGGCCTGCCCAGAAAACAG,57,843683
dgoRp,3.375,68,15,TCGCAAGTTTCGCACCGAAG,53,846450
dgoRp,2.0625,47,15,TCCACATTTGTGTTTCACAA,32,845183
dgoRp,0.125,16,15,TATTTGCAGGTTTTTTGAAA,1,855142
dgoRp,1.3125,35,15,TAGAGATTGTTGATTTTTTA,20,846982
dgoRp,3.4375,69,15,TAACGCAGGCGAAGACCGCG,54,856218
dgoRp,0.125,16,15,GTTGAGTCATCATCTTGATA,1,861311
dgoRp,0.4375,21,15,GTCCCTGTTCACGTTCAGGT,6,861534
dgoRp,1.8125,43,15,GTAAGCGTGCAAGCTACTAG,28,860855
dgoRp,1.9375,45,15,GGTCGTTGGAATGCAGGAAT,30,855797
dgoRp,0.125,16,15,GGGGATAGGCGCCAAGTAGA,1,843988
dgoRp,2.4375,53,15,GGCGTGTGACGCTGGTCCCT,38,858436
dgoRp,2.25,50,15,GGCGGTCGTAGAGCAGTTTT,35,855913
dgoRp,0.125,16,15,GGATAATTGAAAACAACCAT,1,845367
dgoRp,1.8125,43,15,GGACGCCCGAACTTAGGCAG,28,847011
dgoRp,2.25,50,15,GCTTCCTTAAGCCCATTGGC,35,863994
dgoRp,0.75,26,15,GCTATAAAAAAAGTTACTTT,11,842209
dgoRp,0.125,16,15,GCGGATGAGTTATCACCTCA,1,864348
dgoRp,5.5,102,15,GAAGCACCCATTTCAGCGTA,87,839076
dgoRp,4.8125,91,15,GAACAATAAGGCTTTCGTCC,76,867216
dgoRp,15.25,258,15,CTTTCGTCCCATAGCACATT,243,846221
dgoRp,1.75,42,15,CTCCACTCGACAGAAACGCA,27,848710
dgoRp,2.125,48,15,CTATGGTGGTAGGCCAGGTA,33,848514
dgoRp,0.125,16,15,CTAGTGAGATTGCTTGCACT,1,839982
dgoRp,0.1875,17,15,CGTTGGGGCTCACGTCTTCG,2,854107
dgoRp,4.125,80,15,CGTATCGTTTGGAGCTTCAT,65,841155
dgoRp,3.375,68,15,CGGCTAACAACGACACATGT,53,841334
dgoRp,3.25,66,15,CGGATTGCGTTGTGGATCAA,51,843279
dgoRp,0.125,16,15,CGGAGTTTGTGGTATAATCC,1,851413
dgoRp,0.75,26,15,CGCGTCTGTGCGTATCCGAT,11,845758
dgoRp,0.125,16,15,CGCCGGGGGACAATGGCGGA,1,835982
dgoRp,6.0625,111,15,CGCCAATGGTACTGCGGGTT,96,864253
dgoRp,2.25,50,15,CGACACAGACGCATTGTCGT,35,853778
dgoRp,0.625,24,15,CCGGTTCAATGTGGAATCAG,9,845010
dgoRp,1.625,40,15,CCGGCTCTGACGCACTCTAT,25,838574
dgoRp,1.0,30,15,CCACTTCACATCCAAGAGCA,15,843038
dgoRp,2.8125,59,15,CATCCGGTGGTTATGTGCCC,44,848559
dgoRp,0.125,16,15,CATACATAGGCTCGGTGGCA,1,865904
dgoRp,1.75,42,15,CAGACTGCTGGTATACGCTG,27,860237
dgoRp,5.625,104,15,CACGTTTAAACCGGGTGTGA,89,864808
dgoRp,7.125,128,15,CACAGATATTCGTTCCACGA,113,841083
dgoRp,0.1875,17,15,CAAGAACTGTGGTTACACAT,2,841784
dgoRp,2.1875,49,15,ATTTGGCCGGTTTATTGAAC,34,841754
dgoRp,1.5,38,15,ATTAATCCAACCTGCTCGGC,23,852352
dgoRp,0.125,16,15,ATGTCCAGGAGTAGAGGTAT,1,848694
dgoRp,5.875,108,15,ATGAGCTCCTGGCTAGACAA,93,850123
dgoRp,3.4375,69,15,ATATCGCTTATGTTTCAACT,54,852958
dgoRp,3.5625,71,15,ATAGCCGATAAGTACGAATT,56,852327
dgoRp,2.3125,51,15,AGTTGCCTCACAGTTCAACC,36,853002
dgoRp,8.0625,143,15,AGTATGGGTCAGGTGCATGT,128,840357
dgoRp,1.8125,43,15,ACTTGCTGCATCGGAATAAG,28,861046
dgoRp,0.625,24,15,ACTTCAGTCTTTGGGTGTAG,9,841802
dgoRp,1.1875,33,15,ACTCCTGACACAGACGGGAC,18,851684
dgoRp,0.125,16,15,AATTCAGCATGGGATTTTCC,1,861316
dgoRp,4.1875,81,15,AAGTAGGATCGCCAGATGAA,66,838435
dgoRp,3.3125,67,15,AAGGGGCTTTTCTGGGCTAG,52,858635
dgoRp,0.125,16,15,AAACGCGTAGCCCCAGGTCG,1,865244
dgoRp,2.5,54,15,AAAAACTGATAGAAATTTGT,39,847413
dgoRp,4.533333333333333,81,14,TTGATAGGTGCAGCCGGGTC,67,856999
dgoRp,0.13333333333333333,15,14,TGGTCGCAGTAGGCGCTCAG,1,853259
dgoRp,1.1333333333333333,30,14,TGGCGATCACCCGACATTTA,16,845548
dgoRp,2.3333333333333335,48,14,TGAACGTGGGGGGCCTATAT,34,862471
dgoRp,0.13333333333333333,15,14,TCTGCTTGTGGCACATATCA,1,843071
dgoRp,3.933333333333333,72,14,TCCCTAGTGTACCCAATTAT,58,841106
dgoRp,3.4,64,14,GTTAGGCCTTCCGTACGAAG,50,837214
dgoRp,5.133333333333334,90,14,GTGGGTTTGCACGAGAATAT,76,860423
dgoRp,0.8,25,14,GTCCTCGTACTTATACCATC,11,852276
dgoRp,2.2,46,14,GTAGTGTGCTCGATGGGCTT,32,857225
dgoRp,0.13333333333333333,15,14,GGTGTAGTCCTTTGGCGGTA,1,840118
dgoRp,5.6,97,14,GGTCAGTTACCGCAACATAT,83,854049
dgoRp,0.13333333333333333,15,14,GGGTGAAAACGGAAGGCCAT,1,861915
dgoRp,1.4,34,14,GGGGGACGTAAAGCGGGGTA,20,851102
dgoRp,2.933333333333333,57,14,GGCACGGAACGTTTGTCTCT,43,854151
dgoRp,5.266666666666667,92,14,GGAGTCGGAAATATGCGCGG,78,847088
dgoRp,0.13333333333333333,15,14,GGACCAACCATTACACTCAC,1,848215
dgoRp,1.2666666666666666,32,14,GCATTTCTCGATCCTCATGA,18,844385
dgoRp,2.1333333333333333,45,14,GAGGCAAAAGAACTGGGCTA,31,854190
dgoRp,0.13333333333333333,15,14,CTGTCTGCTTTTCTCGGGGG,1,845458
dgoRp,0.13333333333333333,15,14,CTGCAGTGCCCCGGGCCAGG,1,838715
dgoRp,0.13333333333333333,15,14,CTAGTAGGGCTAGACACTTA,1,839313
dgoRp,0.13333333333333333,15,14,CGGTCGGCACGGTTACGTAA,1,851152
dgoRp,0.13333333333333333,15,14,CCTCTTCCAGTAACATCGTT,1,853797
dgoRp,9.666666666666666,158,14,CCGGCAATGTTACGGGCGTA,144,856711
dgoRp,1.9333333333333333,42,14,CCACGAATTTCCGGGAGGCT,28,843987
dgoRp,2.8,55,14,CCACAACGGGGGCCAGACCT,41,862291
dgoRp,0.13333333333333333,15,14,CATGGGGACGCAGGCTTCGA,1,845460
dgoRp,2.6,52,14,CACAGCTATGTTAAAGCAGC,38,857643
dgoRp,0.13333333333333333,15,14,ATGACAGGATCCGCCACATA,1,849884
dgoRp,3.3333333333333335,63,14,AGTCAACCTCGTAGAACGAT,49,857245
dgoRp,2.466666666666667,50,14,AGATAGCGGGAGGCTATGGG,36,844690
dgoRp,0.13333333333333333,15,14,AGATAGATTAAGAAGCAAAA,1,855269
dgoRp,2.2666666666666666,47,14,AGAGATTACGGACAGACAAT,33,839367
dgoRp,2.2666666666666666,47,14,ACGTATCTATCCGCGCAGAG,33,841572
dgoRp,3.0,58,14,ACGGAACATAATGCAGCTAC,44,865683
dgoRp,5.733333333333333,99,14,AATTCTCTGGCAAAACATGA,85,855125
dgoRp,0.13333333333333333,15,14,AATGGGCAAGCATTGCGTCA,1,851617
dgoRp,2.6666666666666665,53,14,AAGTTCCTTGTTGCTGACGT,39,839389
dgoRp,6.4,109,14,AAGTAAGGATCGGACCAGCA,95,859181
dgoRp,3.2,61,14,AAGACGCAGAGTACGCGATA,47,851964
dgoRp,2.933333333333333,57,14,AACGCCCCGGCCAAGCGTTC,43,858933
dgoRp,1.6666666666666667,38,14,AACCGTTTTTGTTAATACCA,24,844455
dgoRp,2.2857142857142856,44,13,TGTGGACCTGTTCGAACGAA,31,847380
dgoRp,2.9285714285714284,53,13,TGCGCCCAGTTAACCTAGTC,40,851402
dgoRp,2.4285714285714284,46,13,TCCGGCTTGTGTTCTTACCA,33,843774
dgoRp,5.0,82,13,TCCCGCTTAAGATACTATGG,69,860488
dgoRp,5.071428571428571,83,13,TATAGGATGAGTCTAAAGGA,70,842883
dgoRp,2.7142857142857144,50,13,TAACGCCAGTGTGGCGTCTC,37,854278
dgoRp,0.14285714285714285,14,13,GTCTCCGATCAGTACGGCTA,1,860527
dgoRp,0.14285714285714285,14,13,GGTGATAGATCTTCTCCGAA,1,864792
dgoRp,0.35714285714285715,17,13,GGGGCCTGCTTCCTTCGTCA,4,844681
dgoRp,11.357142857142858,171,13,GGCATCATATAGGTCAGAGG,158,846741
dgoRp,0.14285714285714285,14,13,GGCACTTCGCAATTGTAACA,1,843367
dgoRp,9.785714285714286,149,13,GGAGGGAAGTCGATCCAGGC,136,842097
dgoRp,3.0,54,13,GCTCCGTAATATAGCGGCCT,41,857554
dgoRp,2.4285714285714284,46,13,GCAGGCTTCGGGCCGCATAC,33,851298
dgoRp,0.14285714285714285,14,13,GCACCTTTTCAAAAGCTTGA,1,854589
dgoRp,3.357142857142857,59,13,GAGGCGTAACGTAGTGCACA,46,844826
dgoRp,1.7857142857142858,37,13,GACTCCAGCCTTCGTGAACT,24,856125
dgoRp,2.2142857142857144,43,13,GACAGTATCGTTGTTTCATA,30,866448
dgoRp,2.7142857142857144,50,13,GAATATGGTTAAATGTTCCA,37,846973
dgoRp,0.2857142857142857,16,13,CTGTATTTACTCGTGGGGGG,3,860218
dgoRp,3.7142857142857144,64,13,CTAGGCCGGTTTGGTGCCAA,51,857553
dgoRp,2.7857142857142856,51,13,CGGCATCAACGTCATAAGCG,38,849492
dgoRp,0.21428571428571427,15,13,CGCGAAAGGGGCTCGCACGG,2,847447
dgoRp,0.14285714285714285,14,13,CGCATCTCTATGTTAGTCGT,1,863968
dgoRp,8.214285714285714,127,13,CGACCGTTACTCGTCCTCCA,114,836879
dgoRp,2.2142857142857144,43,13,CCTATCAACAAGCTCCTGTT,30,866447
dgoRp,0.14285714285714285,14,13,CCGGACAGGCCTCCGTAACC,1,857339
dgoRp,0.14285714285714285,14,13,CCGCGCTGAGTGACCCGTCT,1,857999
dgoRp,2.7857142857142856,51,13,CCCGTGGGCGGATAGGATTA,38,836276
dgoRp,6.785714285714286,107,13,CCAGAAGTCTGCACAGCCCG,94,866722
dgoRp,6.5,103,13,CAGTCGAGGTCCGGCCGGGA,90,862575
dgoRp,0.14285714285714285,14,13,CACATCTCGGTTGGCTCAAT,1,846996
dgoRp,2.0714285714285716,41,13,CAAGCTAGACTCGCGCTGAC,28,848515
dgoRp,1.6428571428571428,35,13,CAAATACGTGTGAAGTATCT,22,839745
dgoRp,2.2142857142857144,43,13,ATTCATGCAAGTAACCTGTG,30,845581
dgoRp,2.5,47,13,ATGTGCCTGGGGCTTGTTCA,34,861197
dgoRp,2.9285714285714284,53,13,ATCCGTTAAACACAGCATAT,40,852273
dgoRp,5.571428571428571,90,13,AGTCTGCGTCGGCACTATTG,77,839527
dgoRp,2.0714285714285716,41,13,AGGGCTAATACAGCCAATGG,28,845876
dgoRp,3.2857142857142856,58,13,AGCCAAGCTAAGTAGTCTTT,45,852329
dgoRp,0.14285714285714285,14,13,AGAGTCATATGGACTTCAAG,1,853945
dgoRp,2.0714285714285716,41,13,AACCGTAGGGTGGGAGAATT,28,853382
dgoRp,0.14285714285714285,14,13,AACCAGAGTTCAAGGATTGG,1,852377
dgoRp,1.9285714285714286,39,13,AACATGAACCTAACATTGGA,26,839135
dgoRp,2.857142857142857,52,13,AAACGGTACGTGCTGTTGCA,39,848676
dgoRp,6.153846153846154,91,12,TTTCGTCCGTGCGACGTCGC,79,861344
dgoRp,3.6153846153846154,58,12,TTGGGTCTAGCCGACGCGAT,46,849779
dgoRp,4.384615384615385,68,12,TTGCTGTACGCCGACCGGAA,56,859560
dgoRp,2.3076923076923075,41,12,TTCGCCTGAACATCCCCGGT,29,849677
dgoRp,0.15384615384615385,13,12,TGCTTATCTGACGGGCGCAA,1,859492
dgoRp,2.8461538461538463,48,12,TGACAGCAGCGGGGTCCTTT,36,855408
dgoRp,1.9230769230769231,36,12,TGAATGCGCTTCCTCGAGGG,24,854165
dgoRp,1.8461538461538463,35,12,TCTTTTTATGAATTAACATT,23,850692
dgoRp,2.6153846153846154,45,12,TCGGCGTGCAACCCGAATGG,33,837549
dgoRp,0.7692307692307693,21,12,TCGACGTCGGCTTGTCAAAG,9,858615
dgoRp,0.23076923076923078,14,12,TCCAACATTTGGGGGCATTA,2,852866
dgoRp,2.5384615384615383,44,12,TCACAGGCGTACCGTAGTAG,32,841785
dgoRp,0.15384615384615385,13,12,TAGCCGTGTCAACGCATCCG,1,854011
dgoRp,17.153846153846153,234,12,TAACGTTAACGTGGGTCTGA,222,836120
dgoRp,0.15384615384615385,13,12,GTTTCATTGCTCATGTAAAA,1,844156
dgoRp,1.8461538461538463,35,12,GTTCATGCAATACTAGCGTT,23,844056
dgoRp,1.3846153846153846,29,12,GGTTAAAGCAGGTCCAAGAC,17,853987
dgoRp,0.3076923076923077,15,12,GGTGAGCTTCCCACGAATTA,3,855163
dgoRp,2.0,37,12,GGTCTCAGGGTCTAGTATTC,25,858507
dgoRp,4.153846153846154,65,12,GGTCGCTTATAGGAAGGCTA,53,865472
dgoRp,2.6923076923076925,46,12,GGGTCAACAGTCGGACCCCC,34,863865
dgoRp,2.6923076923076925,46,12,GATTGTATCGAACCCTCCGA,34,852246
dgoRp,0.15384615384615385,13,12,GAGTCAGGCATAAGAAAGTG,1,856695
dgoRp,0.15384615384615385,13,12,GAGACGGTGGACCGTGTCTA,1,860041
dgoRp,4.230769230769231,66,12,CTTGTACACAGACCTTGTCC,54,840139
dgoRp,0.15384615384615385,13,12,CTGTGACGGGACCGCGCAGA,1,844194
dgoRp,3.5384615384615383,57,12,CGTCACGCGGGCCAGAGGAT,45,849906
dgoRp,0.23076923076923078,14,12,CGGTGTACATGATCCACATA,2,849870
dgoRp,2.076923076923077,38,12,CGGGTGATGCGAAGCGTGAA,26,841242
dgoRp,7.076923076923077,103,12,CGCTGCAACAGCGTGAGCCA,91,837441
dgoRp,2.230769230769231,40,12,CGACCCGTCCGACGGGGCCA,28,848817
dgoRp,2.6153846153846154,45,12,CCTCTCAGTCGGGGTGTTTA,33,854901
dgoRp,3.4615384615384617,56,12,CCTCATTCGGCGCGCGAGCA,44,856127
dgoRp,5.615384615384615,84,12,CCAGTGAGTAAGCCAGATTA,72,865439
dgoRp,2.076923076923077,38,12,CACTTAAAGTGGCGGGCTTG,26,838432
dgoRp,6.538461538461538,96,12,CAATTAATCATCGCGTGACT,84,848493
dgoRp,3.0,50,12,ATTGATTCCCTTGGTCAAAG,38,842236
dgoRp,3.769230769230769,60,12,ATTACGTCCAGACATCGGGA,48,840230
dgoRp,3.769230769230769,60,12,ATGTCGAGTAAGGTGATCGT,48,860552
dgoRp,2.3076923076923075,41,12,ATGTACGGCATACCTCAGTG,29,861056
dgoRp,0.15384615384615385,13,12,ATCTTACTCTTTGATTTCCA,1,859898
dgoRp,4.384615384615385,68,12,ATCGTAACAGCCCGTTGGCA,56,849506
dgoRp,5.0,76,12,ATCCGGGGTCCCCCCACGTT,64,867261
dgoRp,4.538461538461538,70,12,ATCACGTGAAAGCCTGCTCG,58,837614
dgoRp,5.6923076923076925,85,12,ATACCACCCACTGGATTGTG,73,863710
dgoRp,1.4615384615384615,30,12,ACTTAGATCCTTAATGCGAG,18,843681
dgoRp,3.3076923076923075,54,12,ACTCCCTAAACACTTTCTAA,42,837236
dgoRp,0.15384615384615385,13,12,ACGGTATCGGTGGGCTTGGT,1,846335
dgoRp,1.0769230769230769,25,12,ACCTTTCAGCTACTCATTGG,13,864566
dgoRp,0.3076923076923077,15,12,ACCGGGGTTTTTGTTCCCCA,3,839295
dgoRp,4.3076923076923075,67,12,ACCCATATCTGGCGAACGAT,55,865574
dgoRp,4.6923076923076925,72,12,ACATTGGGAACCCTTGAAGG,60,854130
dgoRp,4.0,63,12,ACATCCGCGTCTGGAGGCAT,51,847727
dgoRp,2.3846153846153846,42,12,ACAGGCCTTCGTGAACGCAG,30,843301
dgoRp,7.076923076923077,103,12,ACACGTATCGTCAGCGTATG,91,862205
dgoRp,2.1538461538461537,39,12,ACAAAGAGCCTCTATGGGCT,27,841932
dgoRp,0.23076923076923078,14,12,AATCAGTAGTTCGATTTAGT,2,839483
dgoRp,11.538461538461538,161,12,AATACGCCTACAAGAAAACC,149,857561
dgoRp,4.153846153846154,65,12,AATACCGGCTGTGCATTCGG,53,858311
dgoRp,2.6153846153846154,45,12,AACCTTCTCAACAAAGGACC,33,857106
dgoRp,0.15384615384615385,13,12,AACAGCATCAGGGGGGAACG,1,855020
dgoRp,5.153846153846154,78,12,AACACGTGCGAACTCATAAT,66,852471
dgoRp,0.16666666666666666,12,11,TTTTACGTTCCGGAAGTCGT,1,866206
dgoRp,0.3333333333333333,14,11,TTGTGCGTGAGTAGCACTTA,3,866445
dgoRp,4.75,67,11,TTGCTCGTTCCAGATTTTAG,56,867415
dgoRp,3.25,49,11,TTCTATGTAAACTGCAGAGA,38,851814
dgoRp,0.16666666666666666,12,11,TTCGAGTAAATATCTAGTCC,1,863165
dgoRp,3.5833333333333335,53,11,TTACTTCTGCCGATTAACAA,42,840593
dgoRp,13.666666666666666,174,11,TTAAGGATAGCAAATGTCAC,163,857560
dgoRp,0.5833333333333334,17,11,TGTCAACGCCAAACGATCCT,6,840075
dgoRp,3.5,52,11,TGGGGAGAGTAGGACATCAG,41,856177
dgoRp,0.25,13,11,TGGACAGATTGGCAGTTGGA,2,844646
dgoRp,1.9166666666666667,33,11,TGAGGCCCGACACGAACAAT,22,853116
dgoRp,0.25,13,11,TGAATTCTTCTCCATTCGGT,2,862518
dgoRp,2.25,37,11,TCTTGGAACTACCCCCCATT,26,856201
dgoRp,2.9166666666666665,45,11,TCGGACGGCGGGTAAGAACA,34,852101
dgoRp,4.583333333333333,65,11,TCCCGAGCGAGCCATCTATG,54,837568
dgoRp,4.166666666666667,60,11,TCCCCGCTTAAGTAAGTGGT,49,844122
dgoRp,5.833333333333333,80,11,TAGGGGGATTCCAGTGGTTC,69,839933
dgoRp,1.1666666666666667,24,11,TAGCTAGTCAATACCCCTCT,13,845047
dgoRp,2.5833333333333335,41,11,TACGAGCTATAGAACTAGAA,30,862821
dgoRp,2.5,40,11,TACGAATTTTTTCATTGGGG,29,864107
dgoRp,4.083333333333333,59,11,TAATTACTTGTTATTTGAGA,48,837443
dgoRp,0.75,19,11,TAATAAAATGCATCCCTCGA,8,852757
dgoRp,5.5,76,11,GTTTGTAGTGCAGGGTGGCG,65,861649
dgoRp,1.8333333333333333,32,11,GTGGCCCCACCGTCCTTTAC,21,837297
dgoRp,6.0,82,11,GTCCCGTTTTACCGCGCTAC,71,854653
dgoRp,3.5833333333333335,53,11,GTATGGATATCAGTGGTAGG,42,859098
dgoRp,2.75,43,11,GTAGTCGCATAACCTAGCGA,32,845679
dgoRp,0.16666666666666666,12,11,GTAACAGAATAGCGAGGTGA,1,860789
dgoRp,3.3333333333333335,50,11,GGGTGTCTGCTGACAGATCG,39,857193
dgoRp,4.833333333333333,68,11,GGCCCGCACTCGCGGCTAGG,57,849749
dgoRp,0.16666666666666666,12,11,GCTCAAGAAAACTCCGAACG,1,844750
dgoRp,0.16666666666666666,12,11,GCCAAGCAAAATATGTACCA,1,859997
dgoRp,4.333333333333333,62,11,GCAATGCACGCTTGAAGAAT,51,851894
dgoRp,4.833333333333333,68,11,GATAAAGCCGTTTGCTGACA,57,859644
dgoRp,2.3333333333333335,38,11,GAGTCCTGTAAGTATAGAAA,27,847523
dgoRp,4.5,64,11,GAGAAGATGGCAGCTTTCAT,53,839749
dgoRp,0.16666666666666666,12,11,GACTCTGCTTGTGCTCCGAA,1,838075
dgoRp,2.3333333333333335,38,11,GACTAATATATGGAGAGTTC,27,842784
dgoRp,7.666666666666667,102,11,GACCTTCGGAAGATCGCCTA,91,852326
dgoRp,4.0,58,11,GAATTCGAAGATGGATATGT,47,858262
dgoRp,0.25,13,11,CTTTCCTTATGGGTGACGAT,2,841050
dgoRp,0.16666666666666666,12,11,CTTGAAGTAGTGGTACGAAT,1,865075
dgoRp,3.9166666666666665,57,11,CTGACGAGTGAGATGGGGCT,46,856343
dgoRp,1.25,25,11,CTCGTCCAGCCTTTCCTCAC,14,843298
dgoRp,7.75,103,11,CTCCAAATTTTTTACATACG,92,852831
dgoRp,3.0833333333333335,47,11,CGTTCCGGCCTTGTAAGCAC,36,840369
dgoRp,0.16666666666666666,12,11,CGGTTGGAGACTAAGATTGA,1,860192
dgoRp,0.16666666666666666,12,11,CGGAACAGCCTCGCTTGTAC,1,843192
dgoRp,0.16666666666666666,12,11,CGCCTTTCAAAAGCTCATGC,1,851217
dgoRp,3.5833333333333335,53,11,CCTTCCAGCTAGAACAGCGA,42,858349
dgoRp,0.16666666666666666,12,11,CCGTCTTACTGCACTGGTGA,1,851044
dgoRp,4.416666666666667,63,11,CCGGAATTCATGGGCCACCT,52,837296
dgoRp,5.916666666666667,81,11,CCCGGTGCAATGACGCACTT,70,843329
dgoRp,0.25,13,11,CAGAATTATTAGGCGCTGAT,2,859484
dgoRp,7.666666666666667,102,11,CACATTGGCTTAGGGTGTTA,91,839357
dgoRp,3.5,52,11,CACATTAACCGCGGACCGGC,41,841139
dgoRp,4.75,67,11,CAATTTCGGACGTTGTTCTA,56,853807
dgoRp,4.083333333333333,59,11,CAAATTACGCTTGTTAAAAC,48,857512
dgoRp,4.166666666666667,60,11,ATTGACTTGGGTATGCCAGA,49,862721
dgoRp,0.16666666666666666,12,11,ATGCTATCATCTACGCTTAA,1,866840
dgoRp,2.75,43,11,ATCTCGTACCATGGTGGGAT,32,846598
dgoRp,3.9166666666666665,57,11,AGTACACACGGACAGGAATT,46,865731
dgoRp,3.5,52,11,AGCATGGTCAAGCTTGTCGC,41,865258
dgoRp,2.5,40,11,AGATTGCGCCGCACGATAAG,29,836020
dgoRp,3.5,52,11,ACTTCGCACCGGTGATTGAT,41,845905
dgoRp,2.5,40,11,ACTATAGTGGGTCCGCTTAC,29,843431
dgoRp,3.0,46,11,ACGTTTAATTTTAAACATTA,35,865352
dgoRp,3.6666666666666665,54,11,ACGGTGTGACGGGCCTATCT,43,862012
dgoRp,3.1666666666666665,48,11,ACGAAAAATAACTCCAAGAT,37,852281
dgoRp,2.75,43,11,ACATCGTAAGTCGTCAGAGG,32,861766
dgoRp,0.25,13,11,ACAAGCGCTTAGAAAATTAA,2,851925
dgoRp,3.25,49,11,AAGTCGCATGGCCTTAAAAA,38,840832
dgoRp,3.0833333333333335,47,11,AAACTATTGATCACAGGCAA,36,855981
dgoRp,2.8333333333333335,44,11,AAAACGAAAGGTCAACCTGG,33,854877
dgoRp,13.545454545454545,158,10,TTTTGCCCGGCAGGGTTTGT,148,837483
dgoRp,0.18181818181818182,11,10,TTTTGATCAGCTTGATCGTT,1,856770
dgoRp,3.0,42,10,TTTGCGCCTAGTGATAATGA,32,866273
dgoRp,0.18181818181818182,11,10,TTTCACCGGACGTGGAGTTA,1,856511
dgoRp,0.2727272727272727,12,10,TTTATTGCGCCTTAAAGAGA,2,847806
dgoRp,3.5454545454545454,48,10,TTTAGCAATTATATGGGCAG,38,851969
dgoRp,3.4545454545454546,47,10,TTGCGCCGAATATTCGTGAA,37,848650
dgoRp,4.7272727272727275,61,10,TTGATGACCGTGGCCTTGAA,51,855771
dgoRp,0.18181818181818182,11,10,TTACAATAGGACAAACTACT,1,854422
dgoRp,1.7272727272727273,28,10,TGGCTGTCTTATACGACGTA,18,851337
dgoRp,3.727272727272727,50,10,TGCGACCGGGATACCATGGG,40,856687
dgoRp,6.181818181818182,77,10,TCTATGGGACTTAGACAGTT,67,859756
dgoRp,5.363636363636363,68,10,TCGGTCAGCTGAGTAGCGCT,58,836229
dgoRp,2.909090909090909,41,10,TCGCGGTAAAAAACGACATA,31,851034
dgoRp,0.18181818181818182,11,10,TCGCCTGCACTTACTCGCCA,1,848117
dgoRp,1.0909090909090908,21,10,TAGGATTTGGCCGGGCCACA,11,855274
dgoRp,1.3636363636363635,24,10,TACGCAAATGCCACACATAG,14,853716
dgoRp,6.0,75,10,TACATATGCCAACGTGTTTA,65,841152
dgoRp,1.7272727272727273,28,10,TACAGGTATCTCCTTTGCGT,18,839358
dgoRp,2.8181818181818183,40,10,GTTCCTCCGAATTGCGTCGT,30,851371
dgoRp,9.727272727272727,116,10,GTCGAAGTATGGTTGGGAGT,106,857821
dgoRp,3.1818181818181817,44,10,GTCCTGTCTTCGGCCTTTAA,34,844972
dgoRp,0.18181818181818182,11,10,GTACTGTAGTGACGGATCTT,1,852970
dgoRp,3.4545454545454546,47,10,GGTATCGCCGACCAGGGGGG,37,854002
dgoRp,2.5454545454545454,37,10,GGGGTATACAAGGTGTGATG,27,847276
dgoRp,0.36363636363636365,13,10,GGGGATAGGATATTTGAGTA,3,838811
dgoRp,6.7272727272727275,83,10,GGGCGAACACGTTCTCTTCA,73,863297
dgoRp,5.181818181818182,66,10,GGCGAAGCATGACTGACTAA,56,838738
dgoRp,0.18181818181818182,11,10,GCGGGGCCAGAATCCGAGTA,1,864790
dgoRp,2.090909090909091,32,10,GCGCGCATCACGAGACCAAG,22,865700
dgoRp,0.9090909090909091,19,10,GCACTGGAACCTCGTCTGAG,9,858394
dgoRp,4.545454545454546,59,10,GCACAAGAAGATCGTCGGTA,49,838958
dgoRp,0.36363636363636365,13,10,GATCAGCATCGCGGTGGTAT,3,837751
dgoRp,0.18181818181818182,11,10,GATACACAGATACCATTTCA,1,837667
dgoRp,4.7272727272727275,61,10,GAGGCAGGTATTGTTAGTTG,51,845728
dgoRp,3.727272727272727,50,10,GAGCGAACGCGTTTTCCAGC,40,850162
dgoRp,1.5454545454545454,26,10,GAGAAATTGCGTGTACGCTA,16,838062
dgoRp,0.9090909090909091,19,10,CTTTCTGGTTTGGCATGTAT,9,847911
dgoRp,4.545454545454546,59,10,CTTCCACGAGTAACCGAATT,49,836695
dgoRp,4.2727272727272725,56,10,CTGGCGTTGATCGTTGCATT,46,860167
dgoRp,0.18181818181818182,11,10,CTGCGAGAATATGTATATGA,1,862226
dgoRp,4.636363636363637,60,10,CTATCTACGCTGGGACTCGG,50,847799
dgoRp,2.6363636363636362,38,10,CGTTTATATGGAGCTTAAAT,28,862997
dgoRp,3.3636363636363638,46,10,CGTTGGGCGCAATCTTATAG,36,837543
dgoRp,5.090909090909091,65,10,CGTCCAAGCGATTAAGTCAC,55,837870
dgoRp,4.7272727272727275,61,10,CGGGAGCCCCTGTCCAACGT,51,845770
dgoRp,3.727272727272727,50,10,CCGGCGACCAACGTTGTTCA,40,864735
dgoRp,3.272727272727273,45,10,CCACGTGGCCAACGTGATGC,35,864332
dgoRp,3.090909090909091,43,10,CATGTTCTAACGATTCTAAG,33,843818
dgoRp,9.090909090909092,109,10,CAGAAGCGCGACTGGCGTAG,99,836333
dgoRp,0.18181818181818182,11,10,ATTATGGGGTTAAGCACATT,1,860813
dgoRp,0.18181818181818182,11,10,ATTAATCGTGACAATTGCAT,1,849240
dgoRp,0.18181818181818182,11,10,ATGGGGTCCAGATAGGAGCT,1,853908
dgoRp,0.18181818181818182,11,10,ATCGTTCACCCAATGCCCCA,1,848690
dgoRp,9.727272727272727,116,10,ATCCCGTAAAGGCCACAGTT,106,856117
dgoRp,3.727272727272727,50,10,ATCAAGAGCGGTTAAGACTT,40,844508
dgoRp,0.18181818181818182,11,10,ATATGTGCCTGCCGCGCACC,1,854162
dgoRp,3.5454545454545454,48,10,ATACAGGATCGTGCTAGGGT,38,848023
dgoRp,1.0909090909090908,21,10,ATAAGGGAGAGGTTTTTTAT,11,846781
dgoRp,5.0,64,10,AGTCCTAACTAGGTCTAGTC,54,844717
dgoRp,0.18181818181818182,11,10,ACTATGGTTCGCGGGGTCAC,1,858097
dgoRp,10.090909090909092,120,10,ACTACAGGACGAGGGAGCGC,110,866146
dgoRp,0.18181818181818182,11,10,ACGGTTGTAAGGCTGTGTTT,1,855284
dgoRp,2.8181818181818183,40,10,ACGATTTCCATGTTAAGGGA,30,843321
dgoRp,0.18181818181818182,11,10,ACCGCTTTTGATTTTCGTAC,1,852095
dgoRp,4.454545454545454,58,10,AAGTGTGAGCCCCAGTAAAC,48,843961
dgoRp,0.18181818181818182,11,10,AACCGATTGTGAACTAGCCA,1,837512
dgoRp,0.2727272727272727,12,10,AACCACCTTGTACTTAGCAG,2,864773
dgoRp,0.2,10,9,TTTTAAATGCGACAATCTGT,1,855099
dgoRp,3.5,43,9,TTGCCTCTGTTTTGGCGGAA,34,846875
dgoRp,0.2,10,9,TTCTTATCAGAAGGTCATAA,1,839372
dgoRp,0.6,14,9,TTCAGGAAAACTTTCGGAGC,5,866520
dgoRp,0.2,10,9,TGTGTGTCAGCCGCTTACCA,1,860881
dgoRp,5.8,66,9,TGGCCTAACTTCTCGATTTT,57,861868
dgoRp,3.0,38,9,TGGATTAACTATTCTCCATC,29,838965
dgoRp,5.4,62,9,TGCACAAAGCAGGAGTACTA,53,852743
dgoRp,10.7,115,9,TCTCGGGCCAAGGGTCGTAC,106,843676
dgoRp,0.2,10,9,TCGTATAATCGAACAAGTCC,1,847559
dgoRp,5.2,60,9,TCGGATTTTGGCAATGAATT,51,839894
dgoRp,4.5,53,9,TCGACACGAACTCCGGAGAA,44,862848
dgoRp,5.4,62,9,TCCGTTCCACCAACTTCGTC,53,838193
dgoRp,8.7,95,9,TAGGTGGAAGCACTGGGAGG,86,840360
dgoRp,4.4,52,9,TAGAGTGCCCAAACGTTTCG,43,855668
dgoRp,3.7,45,9,TACGCGATTAAATATTGATC,36,851100
dgoRp,5.0,58,9,GTTTACTCTTATGAGTCGGA,49,862351
dgoRp,0.2,10,9,GTTCCATACACTCGCAATAG,1,853343
dgoRp,4.2,50,9,GTTATGGCCCGCCTAGGTTA,41,837480
dgoRp,0.3,11,9,GTTAGTTGAAACTTCGTATG,2,843098
dgoRp,4.4,52,9,GTCTCCCGGCGCACAGAATG,43,841983
dgoRp,0.2,10,9,GTATACGGTCTAATAACGCT,1,841855
dgoRp,3.4,42,9,GGGCGGAAAGCGTCGCCGGG,33,843607
dgoRp,0.2,10,9,GGCACAAGCATGAATTTCGT,1,863499
dgoRp,0.2,10,9,GGAGTAATGATGTTACATAA,1,850763
dgoRp,3.0,38,9,GGAATAGCCGGTAATGGCTT,29,852310
dgoRp,3.2,40,9,GCTGTTCCACCAACGCCAAA,31,841153
dgoRp,0.2,10,9,GCTCCTCCCGGCAACGATCA,1,866031
dgoRp,4.3,51,9,GCTCCATACTACGCCACTAG,42,844712
dgoRp,0.3,11,9,GCGGTTATCGACCGGACAAT,2,836950
dgoRp,0.2,10,9,GCGCAACGCTGGCGTGACTG,1,857141
dgoRp,25.9,267,9,GCCTAATGGCTTGGGTGTTT,258,843202
dgoRp,4.1,49,9,GAGTTCTCGGTTCGGGGATA,40,840842
dgoRp,3.1,39,9,GACTAGGATAATGTCTTGGC,30,845234
dgoRp,5.2,60,9,GACAGTAGATATGTTGCGAT,51,866617
dgoRp,6.4,72,9,GAATTCTAAGGATAAATGTG,63,850628
dgoRp,1.1,19,9,GAAGTGCCGGTGAGCGAAAA,10,845737
dgoRp,0.2,10,9,CTAGCATTCTCGGCTTGAAT,1,860351
dgoRp,4.0,48,9,CTAACCATGACCTATGCGCC,39,837389
dgoRp,5.7,65,9,CGTTCAGCGGGAGCCGTAAC,56,841598
dgoRp,3.3,41,9,CGGGGCCGACGATGGCCGCT,32,847746
dgoRp,2.1,29,9,CGGGGAAAGAGTCACGTAGC,20,862568
dgoRp,1.6,24,9,CGCAAATCCTACAGTGGCTT,15,850687
dgoRp,2.9,37,9,CGAGGAGGTCTAAGTCTCAG,28,843091
dgoRp,3.6,44,9,CGAAAGCATCGATGAGCCAT,35,840931
dgoRp,6.7,75,9,CCTTAATAAGCGTTCGGGAG,66,846738
dgoRp,8.7,95,9,CCTGGGGCCGAGACCGATCA,86,838881
dgoRp,0.2,10,9,CCCCCTCCACCACTATGGGA,1,855927
dgoRp,7.8,86,9,CCCCCCGGAGTTCATTTCGG,77,867081
dgoRp,3.0,38,9,CCATCTCGCATTGAGGAGTT,29,838139
dgoRp,0.2,10,9,CCAGTAAGGGACCCAAGCTA,1,837218
dgoRp,5.3,61,9,CCAGAAGGCGTACGTCAGGA,52,844652
dgoRp,0.2,10,9,CATTTCCAAGAGCGCCGTTT,1,859514
dgoRp,8.2,90,9,CATCCGACTAATCTCTCACG,81,851503
dgoRp,0.2,10,9,CAGCTTTGTAGTCCGATACT,1,847181
dgoRp,3.4,42,9,CACGGCTAACTATAGATACT,33,847070
dgoRp,5.1,59,9,CACACCCGGATAGTTACTCT,50,848901
dgoRp,0.2,10,9,AGGATTTACCATAGCCAGCC,1,864471
dgoRp,4.8,56,9,AGGATTCATTGTCTCCCTGA,47,841819
dgoRp,4.0,48,9,AGAGCGTGGAAAAGAAAAGA,39,861497
dgoRp,4.0,48,9,AGACCGTTTCACCCCCAGCC,39,867020
dgoRp,1.0,18,9,ACTTGTCGCAGGGCCATCAT,9,837096
dgoRp,4.2,50,9,ACCGTTTAAGCCTTCAACCC,41,845266
dgoRp,3.9,47,9,ACCGCTTTTAAAAATCACTT,38,853090
dgoRp,0.2,10,9,ACAGTAACAACGCAGATCTT,1,858427
dgoRp,0.2,10,9,AATGATCAGCGCGGGTCCTC,1,842612
dgoRp,0.2,10,9,AAGGTTTCATAATGATTTAT,1,842331
dgoRp,0.2,10,9,AACGACTGACCAAGGTTAAG,1,854450
dgoRp,0.2222222222222222,9,8,TTTACGAGTGGATCTTATTT,1,864976
dgoRp,5.555555555555555,57,8,TTGCCGTGTAGCTCATTCGC,49,845272
dgoRp,4.777777777777778,50,8,TTCGTCATCTTACCTATGCA,42,837252
dgoRp,2.111111111111111,26,8,TTCCGCGAAATCTCCCGCTC,18,861730
dgoRp,3.6666666666666665,40,8,TTAGAGCTGTCTCCTGTGGT,32,836273
dgoRp,0.4444444444444444,11,8,TTAGACGCTACCGTGCGGCA,3,854624
dgoRp,5.333333333333333,55,8,TTAATGTATCCTCCGTGCTG,47,861486
dgoRp,5.0,52,8,TGTGGTAACGGGCAGCCCAA,44,859941
dgoRp,0.2222222222222222,9,8,TGCTGAGACACATACGGCAA,1,859464
dgoRp,0.2222222222222222,9,8,TGAGGCGTATTTGTCTGATC,1,852153
dgoRp,7.666666666666667,76,8,TGACTACTACTCGGGTAGCA,68,845922
dgoRp,3.7777777777777777,41,8,TCTTATGCCCTCTTGCCAAC,33,843737
dgoRp,6.111111111111111,62,8,TCTCGAAAGGTTTAATCTGT,54,839244
dgoRp,4.777777777777778,50,8,TCGTTAGGGGGTTCTCTACT,42,850868
dgoRp,6.777777777777778,68,8,TCCTTAATATATGCGGATAC,60,841949
dgoRp,4.555555555555555,48,8,TCCAAATAACCTATTTTTTA,40,859875
dgoRp,3.3333333333333335,37,8,TCAATGGACATCACGTTGAT,29,842707
dgoRp,0.7777777777777778,14,8,TCAACGATTCACCTCTGCGG,6,852258
dgoRp,10.333333333333334,100,8,TATTGACCGACACCAATACT,92,855002
dgoRp,0.2222222222222222,9,8,TATGGCCGCCGTACCGAAGA,1,840304
dgoRp,4.222222222222222,45,8,TAAGTGATTTTTCGGGGCGG,37,841196
dgoRp,3.7777777777777777,41,8,GTTTAGCATCTCCCGGAACC,33,837781
dgoRp,0.2222222222222222,9,8,GTATCTTCGTACGCTTTAGT,1,836690
dgoRp,0.2222222222222222,9,8,GGTCTGCAGGCCGTCACTAT,1,847137
dgoRp,4.777777777777778,50,8,GGCGTCGTGCGCGTTTAGGA,42,854700
dgoRp,0.4444444444444444,11,8,GGCCCTCGGCCATTTTTTAA,3,864992
dgoRp,6.777777777777778,68,8,GGACGAGGTCTTTAGTCGCG,60,865206
dgoRp,3.7777777777777777,41,8,GGACCCATGGTTCGAGTGTT,33,865745
dgoRp,4.0,43,8,GCTATGATAATCATCTAAGA,35,835907
dgoRp,0.2222222222222222,9,8,GCTACAAGTGCGCGTTTGTC,1,836307
dgoRp,7.888888888888889,78,8,GCCGAATAGGCCTCTAGGAG,70,841156
dgoRp,7.111111111111111,71,8,GCCCCCCTTATGCCCCACGC,63,844198
dgoRp,9.666666666666666,94,8,GCACCCCCCAAAACGAGTGA,86,860099
dgoRp,7.555555555555555,75,8,GAGATCCGTTTGCTCGTAAC,67,857746
dgoRp,2.5555555555555554,30,8,GAGAGGAGATCGATGAACGG,22,843794
dgoRp,4.0,43,8,GACTCAAACGGATGCGCCCA,35,854051
dgoRp,0.2222222222222222,9,8,CGTAGCAAATGTACAATATC,1,837658
dgoRp,0.2222222222222222,9,8,CGGTGCATAACTTCGTTCGG,1,852417
dgoRp,0.2222222222222222,9,8,CCTTCTGGGGATCCCTTCTC,1,854792
dgoRp,3.111111111111111,35,8,CCTGGACCCGATACGGTATG,27,838634
dgoRp,2.4444444444444446,29,8,CCTCGTATTATGCATTACTC,21,847737
dgoRp,2.888888888888889,33,8,CCCGATACGCGATGCTTAAC,25,856574
dgoRp,5.777777777777778,59,8,CCCCTTCCTTCTACGACTAA,51,836494
dgoRp,1.7777777777777777,23,8,CCATAACTCGTCCACAGGGA,15,840513
dgoRp,6.888888888888889,69,8,CCAGGGTCAATTCGCTCAGC,61,854227
dgoRp,2.6666666666666665,31,8,CCAGGCCATCTATTATTATC,23,846475
dgoRp,0.2222222222222222,9,8,CCAGCTTGCTCTGCCCCGGT,1,849274
dgoRp,0.3333333333333333,10,8,CCACGACAATTTAGATGGTA,2,851341
dgoRp,0.2222222222222222,9,8,CCACCTCTTTACAATCCAAC,1,864645
dgoRp,4.777777777777778,50,8,CCACCGATGAGATGTGCCCT,42,845624
dgoRp,9.444444444444445,92,8,CAGGGCGAGATAGTACATAG,84,840715
dgoRp,3.111111111111111,35,8,CAGCTCTCTGAATGCCGCTA,27,856018
dgoRp,4.888888888888889,51,8,CAGCGAGAAAGACGAGCGAT,43,844552
dgoRp,0.2222222222222222,9,8,CACACACAGTAAGACAGGAG,1,846897
dgoRp,4.444444444444445,47,8,CAAATGTATTGGATTCAGGT,39,839442
dgoRp,0.2222222222222222,9,8,CAAATGTATTCATGGTAAAA,1,858317
dgoRp,5.111111111111111,53,8,ATTGATCCCCCTGAGCACAG,45,845957
dgoRp,5.111111111111111,53,8,ATTCACACAGAGTGACGGAT,45,860272
dgoRp,4.0,43,8,ATGTAATATCTTGTCTTATG,35,853208
dgoRp,3.3333333333333335,37,8,ATGGGCGGGTTAAATTCGTC,29,863276
dgoRp,9.0,88,8,ATACTCAAACCTGTTCCCGC,80,860551
dgoRp,0.2222222222222222,9,8,AGTTGTTTTCGGTTTGTTTG,1,857888
dgoRp,5.0,52,8,AGGTGGAAGTGGAGCTCATC,44,866875
dgoRp,0.2222222222222222,9,8,AGGGGAGCCGAGACGCGGGG,1,840105
dgoRp,0.2222222222222222,9,8,ACTGTGCGACATGGTGTTGT,1,845437
dgoRp,2.2222222222222223,27,8,ACTCAGCGTGATTCACTATC,19,856621
dgoRp,0.4444444444444444,11,8,ACAAATCAATGTGTCACCAC,3,835924
dgoRp,0.2222222222222222,9,8,AATGATCTGTCAGAGGTTTA,1,841417
dgoRp,0.2222222222222222,9,8,AATAAATTTTGTTAAGCTAC,1,857886
dgoRp,0.8888888888888888,15,8,AAGACAAAACTTTTATAATT,7,849584
dgoRp,0.2222222222222222,9,8,AACCGTTGGCACCTCTCACG,1,851059
dgoRp,4.75,44,7,TTTTGGTTCCGACAGTTTAC,37,850221
dgoRp,6.5,58,7,TTTCCGCGACGACCGAAGCT,51,861319
dgoRp,0.25,8,7,TTTCAGATCAGATCCTAATG,1,850297
dgoRp,8.625,75,7,TTGCCCTGCCATACGGAAAC,68,841812
dgoRp,11.125,95,7,TTATGCCCGACCCTGAGTCC,88,839862
dgoRp,3.0,30,7,TTATCACAATAGTGGTCGGT,23,854690
dgoRp,8.625,75,7,TGTTGTATTCGGGACGCAGG,68,841456
dgoRp,2.0,22,7,TGTGGGTCAACGCTATCACT,15,845118
dgoRp,9.5,82,7,TGGTTGTATAGGAGACGTCG,75,866870
dgoRp,0.25,8,7,TGCCTCAATTCAATTTCCGG,1,845092
dgoRp,2.75,28,7,TGACATATTCCCCTTGGTGA,21,867235
dgoRp,0.25,8,7,TCCTTTAAGTTGCCTGTAAG,1,842631
dgoRp,5.75,52,7,TCCTCACGAGCCATCCCCAT,45,849516
dgoRp,7.5,66,7,TCCAGCCGGGCTGCTCCCTG,59,850227
dgoRp,0.25,8,7,TATGTAATCATTGAGAAAAA,1,849834
dgoRp,0.25,8,7,TATGCAAAGACTCTGTCTCG,1,849151
dgoRp,1.75,20,7,TATAAGCTAATAGCTCCGGT,13,851911
dgoRp,9.25,80,7,TAGAGCCAAGGCCTAAATAA,73,847033
dgoRp,3.625,35,7,TACATTTGTTTATCTACTCC,28,843632
dgoRp,2.375,25,7,GTTTACAAATTTATGGTTCC,18,852063
dgoRp,6.625,59,7,GTCTCTCTTGAAGTCGCCAA,52,850950
dgoRp,0.25,8,7,GTCTATTCAGTACATACTCA,1,849028
dgoRp,8.5,74,7,GTCATGTCCGGCGTGAAAAT,67,853477
dgoRp,8.75,76,7,GTAAATGAGCTTTCTAAGGA,69,846743
dgoRp,3.75,36,7,GGTAGTGTACATCCAGACTA,29,843319
dgoRp,5.125,47,7,GGCTGCGTAGTAGGTGCTCA,40,857074
dgoRp,12.5,106,7,GGCTAACCGTTTTAATTCCT,99,865760
dgoRp,4.25,40,7,GGCGGTATTCAGGGAGGACC,33,841360
dgoRp,0.25,8,7,GGCCTTCCCGTAGATTATAA,1,864325
dgoRp,5.75,52,7,GGATAGGGTCTTTCGTACGT,45,863651
dgoRp,0.25,8,7,GCTTATAATCAAGGCGCCAC,1,855334
dgoRp,0.25,8,7,GCTGGTGAAGAGCCCCAATT,1,847105
dgoRp,6.75,60,7,GCGTGCCCCTGACATACGTA,53,848417
dgoRp,6.0,54,7,GCGAGGGCTGAGCCACGCGG,47,838602
dgoRp,5.0,46,7,GCCCATCTGACACTCTTCTA,39,865882
dgoRp,0.25,8,7,GCATTCTACGGTGAAGGAGT,1,850198
dgoRp,3.375,33,7,GCAGTAGTGTGACCACTGTA,26,855791
dgoRp,3.75,36,7,GCAGGAATGTCATATAATAT,29,847633
dgoRp,0.25,8,7,GAACCCTCTCCTGTTGAGAC,1,841227
dgoRp,0.25,8,7,GAACACCGAAATGGCAAAAC,1,861385
dgoRp,7.5,66,7,GAAAATGCCATAAGCTGACA,59,867435
dgoRp,0.25,8,7,CTTTGGTATAGTGGAGATAA,1,844305
dgoRp,6.25,56,7,CTGTCGAGAGCCGATTTGGA,49,860579
dgoRp,5.625,51,7,CTACTCCTTTTGATGTATGT,44,864995
dgoRp,0.25,8,7,CTACTCCGGCTATCTCGTTC,1,849160
dgoRp,6.25,56,7,CTACGCAAATATACATCCTC,49,851810
dgoRp,5.375,49,7,CGTCGTAGTGACGGCTAAGC,42,860607
dgoRp,5.125,47,7,CGGTGTGTGATATAGTCCTG,40,836393
dgoRp,7.0,62,7,CGGCTGTCTTTTCTGGGATG,55,841207
dgoRp,3.875,37,7,CGGAGAACTCTGACATTATG,30,865575
dgoRp,3.875,37,7,CGCGTGCTTGCGCACACCCG,30,857559
dgoRp,0.25,8,7,CGAGTAGACATAGCTTGCCC,1,852279
dgoRp,0.25,8,7,CCTGGCAGGGCGGTGATTAT,1,847571
dgoRp,0.25,8,7,CCGGCGGTATCCTGGACTCG,1,844686
dgoRp,6.0,54,7,CCATGGTTGTCAGCCAAGGA,47,845442
dgoRp,2.5,26,7,CCATGGCCTTTTGCATCTCT,19,857884
dgoRp,4.625,43,7,CCAATTACAACAACCTTGTA,36,837922
dgoRp,8.375,73,7,CCAATGACATGCATTGTTAA,66,856118
dgoRp,0.25,8,7,CATGTTGTCCTATAAGGTAT,1,865519
dgoRp,2.125,23,7,CATCATTCGTAGGGAAACGT,16,852383
dgoRp,0.25,8,7,CAGATGTTTATGCCCCCGCG,1,854314
dgoRp,8.625,75,7,CACTAGCTAGCCATTCGTAA,68,842201
dgoRp,20.375,169,7,CAAAAGGTCTTGGGATGTAT,162,845705
dgoRp,5.0,46,7,ATTTCCAGGGGAGTGGGTCC,39,846279
dgoRp,4.0,38,7,ATTAGACTCTCTGCTACGTA,31,861266
dgoRp,0.25,8,7,ATCCGTCTAATGCCTCTACT,1,850532
dgoRp,0.25,8,7,ATATGTATGTTTCACGGGCT,1,842807
dgoRp,5.75,52,7,ATATGGATTATGACGCATTT,45,859947
dgoRp,16.0,134,7,ATACTTGGACGAAGCTGGCG,127,837909
dgoRp,0.25,8,7,ATACAATACTGGCGTTGAAG,1,840672
dgoRp,3.75,36,7,ATAATTGGTGAACATAGTCT,29,844309
dgoRp,12.625,107,7,AGTTGAAAAACGCCGAGGCA,100,845269
dgoRp,0.25,8,7,AGTTCCTAATCTAGGCTTTT,1,864307
dgoRp,0.375,9,7,AGTGATTTATGTGCGGGAGG,2,855548
dgoRp,7.625,67,7,AGTCCTGAACTACGTGGAGT,60,840920
dgoRp,5.25,48,7,AGTATGGTATGGACAGCTGT,41,860599
dgoRp,4.0,38,7,AGGAGTAATGTAAACAGAAA,31,848837
dgoRp,5.25,48,7,AGCCCGCTCATACGAACGAT,41,855144
dgoRp,4.75,44,7,AGCACGGGAGATCGATATCA,37,854464
dgoRp,0.25,8,7,AGATGCATGAAACCTAACAT,1,850606
dgoRp,0.25,8,7,AGAGGTAAACGTCGCGGGTT,1,843652
dgoRp,12.25,104,7,ACTGTGGCTAAGGAACTAAA,97,851903
dgoRp,5.5,50,7,ACTGTACCTTGCTCCCACAC,43,844775
dgoRp,0.25,8,7,ACCCTAGCAAGGCTAACTAT,1,842783
dgoRp,4.25,40,7,ACCCGACTGCGAATCACGCC,33,846219
dgoRp,3.25,32,7,ACACGTTGAAGAGCAGACAG,25,838487
dgoRp,5.25,48,7,AAGTAAACAAGCGCGTCATC,41,842708
dgoRp,0.25,8,7,AAGGGCCTAATATCGCCGTA,1,866056
dgoRp,6.0,54,7,AACTGGCGCCGCAAATACCC,47,852786
dgoRp,1.125,15,7,AACGGTGCCAGCGACGCCGT,8,858088
dgoRp,6.0,47,6,TTTTGATCATTAGATCAAGA,41,839891
dgoRp,1.8571428571428572,18,6,TTTGATTTGGGGCTTTAAAG,12,854342
dgoRp,13.714285714285714,101,6,TTGGAAGGCAGTATGTTTAA,95,851495
dgoRp,2.5714285714285716,23,6,TTCAACCGAGTGCTCACTGT,17,862245
dgoRp,0.2857142857142857,7,6,TGTACATGATACTCGCAGTA,1,840897
dgoRp,7.0,54,6,TGGTCGCGAGATGTGACTCA,48,844941
dgoRp,12.142857142857142,90,6,TGGTACTATGTTATCCGTTA,84,838461
dgoRp,0.2857142857142857,7,6,TGCTCCAAATGTATTAGTCT,1,840657
dgoRp,8.142857142857142,62,6,TGCGAGAGCACGAAGCTTTA,56,850715
dgoRp,6.285714285714286,49,6,TGCATATAACGTGCCTGTGT,43,854680
dgoRp,6.571428571428571,51,6,TGAGGACCCTGTCAAGACTG,45,865010
dgoRp,0.2857142857142857,7,6,TGACACCCCTACGCAAGACT,1,849513
dgoRp,0.42857142857142855,8,6,TGAAGCTCAGTGTGAGAGCG,2,862082
dgoRp,0.2857142857142857,7,6,TCTTATTGTTCACCGTCGTT,1,866621
dgoRp,3.0,26,6,TCCTTCTATTATTTCATTAG,20,850131
dgoRp,4.714285714285714,38,6,TATCAGATGCATAAATGATA,32,847095
dgoRp,4.571428571428571,37,6,TAGGGGCTGCAACGCTATTA,31,863481
dgoRp,0.42857142857142855,8,6,TAATATAGTTATACGGGTGA,2,854949
dgoRp,11.0,82,6,TAAGCGGCGGAAGATCCGTC,76,835823
dgoRp,16.142857142857142,118,6,TAAGCGCACGTTTCTCCAGA,112,839136
dgoRp,5.714285714285714,45,6,GTGTACCGCAGCTCGCATAC,39,840836
dgoRp,2.2857142857142856,21,6,GTCTGAAGCGCGCTCCGGAA,15,850764
dgoRp,4.857142857142857,39,6,GTATGATCTTGTACTAAGCT,33,855151
dgoRp,7.571428571428571,58,6,GTACTAATCGACGGGAGTCG,52,847575
dgoRp,0.42857142857142855,8,6,GTACGAAGAGTGACAATCTG,2,843524
dgoRp,7.0,54,6,GGTTCGGGTAAGGCGCGTAT,48,851562
dgoRp,15.142857142857142,111,6,GGTATATACACAGCGAACAT,105,836124
dgoRp,1.5714285714285714,16,6,GGTAACTATCGGTTGACGGG,10,863685
dgoRp,3.5714285714285716,30,6,GGGCGGTAAAGGCGTCGTTC,24,845749
dgoRp,9.428571428571429,71,6,GGGAGACTTCAACCGTACTT,65,858709
dgoRp,0.5714285714285714,9,6,GGATGAGCAGCTATGTTACG,3,859772
dgoRp,5.428571428571429,43,6,GGAAACACTGAGAGGTTTCA,37,837625
dgoRp,1.7142857142857142,17,6,GCTATATTAACAGTTAGACC,11,843461
dgoRp,3.5714285714285716,30,6,GCGTGTTCAGCATCGCGGGT,24,852827
dgoRp,0.2857142857142857,7,6,GCGCGCTCAATTGTTTGACT,1,847708
dgoRp,4.142857142857143,34,6,GCCCTTCGCTGTGGACTACG,28,854420
dgoRp,0.2857142857142857,7,6,GATTCCAGCTGCGTGGTTGC,1,842770
dgoRp,0.2857142857142857,7,6,GAGACACGCCTATACGATAT,1,866862
dgoRp,0.2857142857142857,7,6,GAGAACATGGGCTAAACGAA,1,861734
dgoRp,6.0,47,6,CTTCCCGAATCTATGGCCTC,41,837635
dgoRp,3.142857142857143,27,6,CTTACCCACCGTAATCTTGG,21,850504
dgoRp,0.2857142857142857,7,6,CTGTTCGAGTCTATTCGAGA,1,862500
dgoRp,7.142857142857143,55,6,CTGGTACTCTCGCATTTTGT,49,853582
dgoRp,16.571428571428573,121,6,CTGGGCCGACGATCAACGTT,115,839746
dgoRp,1.1428571428571428,13,6,CTCTTGTGCCTAGCTAAGCG,7,849551
dgoRp,6.0,47,6,CTCGTCTTGTCCCAACGATG,41,865014
dgoRp,0.8571428571428571,11,6,CTAGCATACATGCACTATAA,5,852017
dgoRp,0.8571428571428571,11,6,CTACTATAATCTAAGATAGG,5,855767
dgoRp,7.0,54,6,CTAATCCACTTTTATATGAG,48,850075
dgoRp,5.0,40,6,CTAACAGTTATCCTCTTTCT,34,862376
dgoRp,6.571428571428571,51,6,CGTTACCAACCAGAGGCCCT,45,867260
dgoRp,1.7142857142857142,17,6,CGGTGGTTACCAACGCGGGC,11,866072
dgoRp,0.2857142857142857,7,6,CGGCAGACCCCAGGCCTTAG,1,858310
dgoRp,0.2857142857142857,7,6,CGGATACAAAAGGGCGGTTA,1,854132
dgoRp,0.2857142857142857,7,6,CGATGTTCTAGGCATCGAAC,1,856247
dgoRp,5.571428571428571,44,6,CGAGCGTAAACTTAGTATAC,38,847486
dgoRp,0.2857142857142857,7,6,CCTCTAAACGCGGTCTGTGA,1,861281
dgoRp,0.2857142857142857,7,6,CCCCTGGGCTGCGTCGCAGA,1,838306
dgoRp,5.428571428571429,43,6,CCACACCACTTCGAAATCAC,37,837595
dgoRp,6.428571428571429,50,6,CATGTGTCTAACATCAAGGG,44,856116
dgoRp,6.428571428571429,50,6,CATATCTCCAATGCCACTGA,44,857296
dgoRp,8.571428571428571,65,6,CATACACGCCACGTCGGGGT,59,862875
dgoRp,0.5714285714285714,9,6,CAGGCTTGAATGGTATTGAA,3,844715
dgoRp,0.2857142857142857,7,6,CAGGACGTTCATACGATATG,1,843477
dgoRp,6.142857142857143,48,6,CAGCTCAACGAGAGGGGTGA,42,853621
dgoRp,3.7142857142857144,31,6,CAGCATCCACAGATTGGGGT,25,843103
dgoRp,5.857142857142857,46,6,CACGCGTGTTCGGCCCTGGA,40,853567
dgoRp,4.857142857142857,39,6,CAATCGGCTTACGGGAGAGC,33,844693
dgoRp,0.2857142857142857,7,6,CAATCATGTAAGCCCCGCTA,1,839036
dgoRp,0.2857142857142857,7,6,CAAGGCCAGGGCCAGTCGAC,1,836380
dgoRp,4.285714285714286,35,6,ATGGCCGCATGAGGCCGAGC,29,836893
dgoRp,3.142857142857143,27,6,ATGGAAGACGCAGAGCTGCG,21,851721
dgoRp,28.142857142857142,202,6,ATGAAACCTTGCTTTTCGTC,196,848899
dgoRp,7.571428571428571,58,6,ATCTGACTCCGGTCCATCGT,52,863611
dgoRp,4.428571428571429,36,6,ATCCGAAGGCGTTACATCTG,30,852679
dgoRp,4.285714285714286,35,6,ATCATAGCACGCCGTCATGG,29,859162
dgoRp,1.8571428571428572,18,6,ATATGTCGTTTTGCCAGGTG,12,856409
dgoRp,4.857142857142857,39,6,ATAGTTCCCAACCATACGGG,33,850482
dgoRp,3.5714285714285716,30,6,ATAACAATAGATAAATTTTG,24,855811
dgoRp,6.142857142857143,48,6,AGGGTTTGAGCTCTGCTACT,42,847326
dgoRp,1.5714285714285714,16,6,AGGAGAGAATACTAAGCGGG,10,838609
dgoRp,0.2857142857142857,7,6,AGACTAGCGCGAACTATGGC,1,836535
dgoRp,0.42857142857142855,8,6,ACGTGCCCCCCTTCCTAGTA,2,855689
dgoRp,0.2857142857142857,7,6,ACGGCACTGCGACGCATACA,1,843584
dgoRp,4.285714285714286,35,6,ACCGTATCGTCCACATTCAC,29,852865
dgoRp,4.714285714285714,38,6,ACCAGTATGTAGTTGATAGC,32,856614
dgoRp,3.857142857142857,32,6,ACCAAGAGTGTGGCCATCTG,26,852135
dgoRp,9.857142857142858,74,6,ACATCAGGCTCTCGAGGCTG,68,853814
dgoRp,20.428571428571427,148,6,AATTCGCTGCCTATCGTGAT,142,848919
dgoRp,6.0,47,6,AAGAGGGCACATGCCCCGTT,41,840843
dgoRp,3.142857142857143,27,6,AACTAGGAGCATATATCCAT,21,859272
dgoRp,3.5714285714285716,30,6,AAATCATTTAGATGAGGCGG,24,857414
dgoRp,5.0,40,6,AAAGAAGACGTATCGAACAT,34,840787
dgoRp,6.833333333333333,45,5,TTTTGTTCTTCGCCTTCACA,40,857555
dgoRp,10.0,64,5,TTTTCGCGTTAGTGAATGGT,59,856080
dgoRp,0.3333333333333333,6,5,TTTTAGTTTATGAAACGATG,1,866094
dgoRp,1.0,10,5,TTGCGGCTACCAAGTATGAC,5,854434
dgoRp,4.333333333333333,30,5,TTGATCGAATCATATTGGTT,25,847089
dgoRp,5.333333333333333,36,5,TTGAATGCACTTTGGGGCTA,31,862010
dgoRp,0.3333333333333333,6,5,TTCTCTCTAACTGTCCACCT,1,853978
dgoRp,5.666666666666667,38,5,TTCCCACAGTACGAGAGAAG,33,839919
dgoRp,9.333333333333334,60,5,TTCAAAAAAGGGCTACATAC,55,859157
dgoRp,9.166666666666666,59,5,TTAAATGGGTACGCACTAAG,54,862789
dgoRp,0.3333333333333333,6,5,TGCTTTCGGGTCTAGCGCAA,1,849578
dgoRp,2.8333333333333335,21,5,TGCCAGTGATGCGCACATAA,16,857791
dgoRp,7.166666666666667,47,5,TCGACACTAAAAGTCGCGGC,42,855416
dgoRp,0.3333333333333333,6,5,TCCTGTTTCAGATCCGTCTG,1,842660
dgoRp,0.3333333333333333,6,5,TCCCTAGTTCTCCCCAGTAG,1,853660
dgoRp,7.166666666666667,47,5,TCAGATAGCATCACATCATC,42,846737
dgoRp,4.5,31,5,TATACAAGTAACGCCCTCCC,26,848679
dgoRp,0.3333333333333333,6,5,TAGAAGTACGCGTTAATAAC,1,850178
dgoRp,7.0,46,5,TAATTCGAAGTCATTGGGCG,41,846145
dgoRp,0.5,7,5,TAATGGGTACATGGATTTCG,2,844852
dgoRp,2.1666666666666665,17,5,TAAATCCCATAACCCCTTCG,12,856737
dgoRp,2.6666666666666665,20,5,GTTGGAGTGGCGTAATACAT,15,861306
dgoRp,3.0,22,5,GTGCAGGCGATCCCCATCTT,17,861732
dgoRp,6.166666666666667,41,5,GTGAAATTCGTGACTCGGAT,36,863208
dgoRp,5.333333333333333,36,5,GTCTCGGTGACCGGTCGTTT,31,851663
dgoRp,4.5,31,5,GTCGGTCGCTCACTCTTATT,26,852910
dgoRp,2.3333333333333335,18,5,GTATTAAAGATCGAGCTTAG,13,862030
dgoRp,7.0,46,5,GTAGTCACTCCGAAACGAGA,41,855834
dgoRp,1.8333333333333333,15,5,GGTTTACTGGTGTTTCGTAC,10,849005
dgoRp,7.833333333333333,51,5,GGTTCAACTTTGCGGTCGGT,46,859186
dgoRp,11.166666666666666,71,5,GGTTATCGCGACAACGGGTT,66,839099
dgoRp,6.5,43,5,GGGAGGTAATTACAGCTCTC,38,864904
dgoRp,0.3333333333333333,6,5,GGGAGCTCACACAAGTGTCT,1,847143
dgoRp,5.0,34,5,GCTGCCCGACCGGGCCGTCT,29,853092
dgoRp,7.5,49,5,GCGCCTCATGAATATTTGCT,44,857065
dgoRp,4.333333333333333,30,5,GCCGACGGACGCTTAGAACC,25,850111
dgoRp,0.3333333333333333,6,5,GCCAGTATCGACCATACGTA,1,851708
dgoRp,0.3333333333333333,6,5,GCACCGGCGGGGTTCATTAA,1,863236
dgoRp,7.166666666666667,47,5,GATTTATCTTATGGCGGACT,42,843453
dgoRp,11.5,73,5,GATGGTTCATATGCACCCTT,68,862199
dgoRp,6.333333333333333,42,5,GATGGATACCGATCTTTTGA,37,844245
dgoRp,7.5,49,5,GATATTGGTGCTACGTGAGA,44,864990
dgoRp,5.666666666666667,38,5,GACTAATGCGTTATAAGCTG,33,839240
dgoRp,8.833333333333334,57,5,GACCTAGTATGAGGCAACAA,52,862988
dgoRp,4.333333333333333,30,5,GACAAAACCCGTAGGTCGGC,25,862739
dgoRp,4.333333333333333,30,5,GAAGTTTGCACCCGGCGAGG,25,838955
dgoRp,7.833333333333333,51,5,GAACGAAGACAGTTAGACAG,46,844665
dgoRp,8.166666666666666,53,5,GAAACGGTTTAAATCTGATT,48,837747
dgoRp,0.3333333333333333,6,5,CTTTAAAATGCTCATGTAAA,1,855008
dgoRp,0.3333333333333333,6,5,CTGGCCGTATTTTGCTCACT,1,862952
dgoRp,0.3333333333333333,6,5,CTCGCTGGCGGGGATCACCA,1,841104
dgoRp,5.0,34,5,CTAAGTCCTCTGCAACTGTA,29,866761
dgoRp,5.0,34,5,CGTTGTCATTTCTGGAACCG,29,859805
dgoRp,9.333333333333334,60,5,CGGTCGCAAGTGTGCTGTTA,55,845788
dgoRp,9.166666666666666,59,5,CGCCCCTGCGTGCCCTAAAT,54,861112
dgoRp,4.833333333333333,33,5,CGCCCCCGGGAGCGTTAGCC,28,837475
dgoRp,7.166666666666667,47,5,CGATTAAGACCCGATGATTA,42,854796
dgoRp,5.5,37,5,CCTGCGGGCATTGCGCCCGC,32,842787
dgoRp,3.0,22,5,CCGGTTCATGCTACCCACCC,17,847891
dgoRp,7.166666666666667,47,5,CCGGAGAGGGTTGCTTAAGT,42,845268
dgoRp,0.3333333333333333,6,5,CCGGACATGAGACAGAGGAT,1,844414
dgoRp,4.5,31,5,CAGCTTGTAGAAGAGGAGCC,26,846283
dgoRp,4.666666666666667,32,5,CAGATTCTTTAGTCGGAGTG,27,838299
dgoRp,0.3333333333333333,6,5,CACAGGGGGATCCTGCTGTA,1,837058
dgoRp,12.333333333333334,78,5,CACACAATCTATTAGAGTAT,73,844155
dgoRp,0.6666666666666666,8,5,CAATAACGGCCGGTCTGTTA,3,842727
dgoRp,1.8333333333333333,15,5,CAAAGAGATAGTGCATAAAT,10,855942
dgoRp,0.8333333333333334,9,5,ATTATAAGGGGTTTAACCCT,4,843158
dgoRp,6.833333333333333,45,5,ATGCTCTGGGGATGGCCTGC,40,842297
dgoRp,7.833333333333333,51,5,ATGCCCTTATTAGATGTGTG,46,844798
dgoRp,8.666666666666666,56,5,ATCTAACGGTTGTCTTCGGG,51,849289
dgoRp,6.5,43,5,ATCCATCGTACCTTATTGCG,38,866412
dgoRp,2.8333333333333335,21,5,ATATTGAAGACGGTCGGCGT,16,845081
dgoRp,4.0,28,5,ATATAAGGGGCATATCCATT,23,860546
dgoRp,8.166666666666666,53,5,ATAGCAGTATTCCGAATGCA,48,848027
dgoRp,8.0,52,5,ATACACTATAGGCGCATTCT,47,838399
dgoRp,9.166666666666666,59,5,AGTGCGTGCAGATATTTGTG,54,857102
dgoRp,5.5,37,5,AGTCTTGCAATTCAAGGCCT,32,836062
dgoRp,0.3333333333333333,6,5,AGTAGCGTCGTAGTGATCGT,1,850938
dgoRp,5.5,37,5,AGTAACTATCCGGCTGATCT,32,848935
dgoRp,9.0,58,5,AGGTTTCCGAGCACTACTCT,53,865369
dgoRp,7.166666666666667,47,5,AGGCAACTACCGTCTGCTCG,42,841193
dgoRp,3.0,22,5,AGGATATCATGTTTGGAGGG,17,861926
dgoRp,3.6666666666666665,26,5,AGCTGCAGACTACCTCCACA,21,843194
dgoRp,9.666666666666666,62,5,ACTGGAGGACCAGACATTCA,57,865958
dgoRp,5.333333333333333,36,5,ACTCGAACACGTCGCAGTTC,31,844542
dgoRp,0.3333333333333333,6,5,ACTACGGTGTTGTATGTACA,1,838460
dgoRp,7.333333333333333,48,5,ACGTGAATCGAAAAGAGGTT,43,836813
dgoRp,6.5,43,5,ACCGTCACTTGAGCAGGTCA,38,854065
dgoRp,3.1666666666666665,23,5,ACCGTATGGAATATGATGGT,18,838140
dgoRp,5.833333333333333,39,5,ACATTTGCGCATTTTAGTAT,34,845793
dgoRp,14.166666666666666,89,5,AATATAAGCTAGATCTTAGG,84,838960
dgoRp,2.6666666666666665,20,5,AAGTTAATATCGGGAAATCA,15,865649
dgoRp,6.0,40,5,AAGATCGGCTGGGTCAGTCG,35,840892
dgoRp,4.833333333333333,33,5,AACCCCGCTCGCAGCTAAGA,28,843223
dgoRp,6.0,40,5,AAATGGGGTGCTTCGCGCGA,35,844658
dgoRp,0.4,5,4,TTATTTTGATGGAGCCTTAT,1,841025
dgoRp,0.4,5,4,TTATTGATCCTAGCAGAAAA,1,849556
dgoRp,8.4,45,4,TTAGTGCCAGTGAGACGGTA,41,857960
dgoRp,0.4,5,4,TTACACCACGCTTAGTGTAT,1,851685
dgoRp,5.0,28,4,TTAATGCTGGACAACATGAG,24,843421
dgoRp,0.8,7,4,TGTGTCGCAATGGACTCCCT,3,837378
dgoRp,0.4,5,4,TGTGGGCGCCCTGTTTCACT,1,842793
dgoRp,0.4,5,4,TGTAGTGGAGAACCCTCAAT,1,839861
dgoRp,12.4,65,4,TGTAGCTGGTCTAAGCGCGG,61,862223
dgoRp,0.4,5,4,TGGGTTGCATTGCTTTCGAT,1,849679
dgoRp,11.2,59,4,TGGGCCTTATCAACGGCTCA,55,848015
dgoRp,0.6,6,4,TGGCACGACCGTGCCATGCC,2,840783
dgoRp,18.8,97,4,TGGACCGGTTCGCGGGGCTA,93,846230
dgoRp,6.0,33,4,TGCGATGCCTCGACCCCAGC,29,851522
dgoRp,0.4,5,4,TGCCAGGTTGATTAGTAGGC,1,847768
dgoRp,4.2,24,4,TGCAGTGCCTACCGTAAGAA,20,843070
dgoRp,0.4,5,4,TGATGTTTAGATACTAAAAA,1,840973
dgoRp,20.0,103,4,TGACCCAAGAACGTGAGGCA,99,866136
dgoRp,0.4,5,4,TCTGGCCCGTGACCCTATTA,1,848783
dgoRp,7.0,38,4,TCTCGTTGTGGTGCACTGTA,34,842599
dgoRp,6.2,34,4,TCGTCCCGGGGGCACAGGGC,30,858782
dgoRp,4.4,25,4,TCGCTTGACGACGCACTCAC,21,854478
dgoRp,7.4,40,4,TCGCGCTATTGTGCGAGTCT,36,864705
dgoRp,8.6,46,4,TCGATTTTATCGACCGTTGG,42,837531
dgoRp,0.6,6,4,TCACTTTTGTCTATGTACGT,2,861174
dgoRp,5.8,32,4,TATTTCGCCGTGAAACGAAT,28,856495
dgoRp,16.2,84,4,TACCCTCGCTCCAGTGTCGT,80,859812
dgoRp,0.4,5,4,TAAGCGATATTGAGACGTAG,1,839087
dgoRp,0.4,5,4,GTTCAGGACGGTGACCTCTG,1,838204
dgoRp,6.4,35,4,GTGGGAGGCGTCGTCCTATG,31,844452
dgoRp,0.4,5,4,GTCTACTGAAATAGGATCAA,1,844012
dgoRp,0.8,7,4,GGTGTACTATCACCCTGGCT,3,866954
dgoRp,6.2,34,4,GGTGTAACCTGATCTAATTA,30,862995
dgoRp,0.4,5,4,GGTGCGCCAATGCACCTCAA,1,865408
dgoRp,8.0,43,4,GGTAGCTTTTGTGTTGAGAT,39,857556
dgoRp,8.6,46,4,GGGGTTTGCGGCATAAAGGC,42,865336
dgoRp,8.8,47,4,GGGGTCCATGTTGTTTATGT,43,864869
dgoRp,12.2,64,4,GGGGGTAGGGTCCTTGCAGC,60,841129
dgoRp,3.4,20,4,GGCTTGCCAGGCAGTTACTT,16,859874
dgoRp,13.0,68,4,GGAGGTCGCTTGCCTATGTG,64,850850
dgoRp,5.6,31,4,GGAGACATCGGTCGTACGAA,27,841204
dgoRp,20.4,105,4,GGACGCAGTTCAGTCCCTGC,101,840893
dgoRp,8.0,43,4,GGACCGTAACACGTGACACG,39,857134
dgoRp,1.0,8,4,GCCTCACAGAACCCGAATCT,4,851907
dgoRp,4.0,23,4,GCCGTTCAGGGATCGACCTA,19,843885
dgoRp,5.2,29,4,GCCAGGATTGGTGTGCAGTG,25,865847
dgoRp,11.2,59,4,GAGGGTGAAGCCGTGAACTC,55,863506
dgoRp,7.2,39,4,GAGCTAGGCTGCGGCAGGAG,35,865656
dgoRp,10.4,55,4,GAACATGTGTGGCTATCATT,51,836283
dgoRp,7.4,40,4,CTTATAGGGGCAGGAGCCAG,36,840719
dgoRp,0.4,5,4,CTGGATTGATATGTTGATTT,1,864302
dgoRp,7.4,40,4,CTCACGTAGACCACCTACGT,36,854845
dgoRp,4.2,24,4,CTACCGATCGCCTATAGAGT,20,845651
dgoRp,5.6,31,4,CTAATTGGGTATCTGAACCC,27,839836
dgoRp,0.4,5,4,CGTTCTTACCGATAGAAGGT,1,835827
dgoRp,3.2,19,4,CGCGCCTCAGTGACGACACC,15,852929
dgoRp,3.0,18,4,CGCAATCGTGCACCTCGTAC,14,847437
dgoRp,10.4,55,4,CGAGGGCTTGTAGACAAAGA,51,856816
dgoRp,8.4,45,4,CCTATCAGGGTGGGTCCGAA,41,858141
dgoRp,4.2,24,4,CCGGGGACATGCCGCTTCCC,20,854063
dgoRp,9.2,49,4,CCGACATAATTTCGAAAATG,45,864342
dgoRp,6.6,36,4,CCCTCAGAGGGGTCCTCGGT,32,851521
dgoRp,12.0,63,4,CCCCAACCCAGAGCTTCGGA,59,849748
dgoRp,3.8,22,4,CCAGGGCTGCTGAGGTGTGT,18,841947
dgoRp,0.4,5,4,CCAGGAAGGCCCGCCCCACC,1,838037
dgoRp,0.4,5,4,CCAAACCTGGCTGACGAAAG,1,836059
dgoRp,11.6,61,4,CATCATTAGGCGGCGCTACC,57,842867
dgoRp,7.8,42,4,CAGCGCTGACAAATGTACAA,38,864704
dgoRp,0.6,6,4,CAGAGTCCTATAAGTGTTAA,2,846606
dgoRp,7.8,42,4,CACTGTCCGCATTGTTCCTG,38,857499
dgoRp,7.2,39,4,CACGGTTGATCGACGATGAT,35,860548
dgoRp,1.6,11,4,CACCTTTCGATGTAGGTAAT,7,842299
dgoRp,7.0,38,4,CACCGGCATGGGTTGACCAT,34,852210
dgoRp,8.2,44,4,CACAGTAGCGAAGAGATATT,40,853157
dgoRp,6.0,33,4,CAATAAAGCCGAGGGACCAA,29,867178
dgoRp,10.0,53,4,CAAGTCGGTATATAATCAGT,49,837092
dgoRp,24.0,123,4,ATTTGCGAGACATTAATCGC,119,865734
dgoRp,16.8,87,4,ATTATTGTGATTCCCAGGCT,83,858140
dgoRp,9.2,49,4,ATGTGCTGAAGGCAAAGCCG,45,841786
dgoRp,8.0,43,4,ATCGGTCCTAAATTATTGGA,39,842766
dgoRp,5.2,29,4,ATCCGGCATATAAGTACCTA,25,862670
dgoRp,0.4,5,4,ATCCCCCTCGGTACCAGAGT,1,862826
dgoRp,7.8,42,4,ATCAGAGCGAACCAAGTTCA,38,865340
dgoRp,6.8,37,4,ATATCTTCAATCGACCATAT,33,851436
dgoRp,41.6,211,4,ATACCCGTTTTTGTCAGGTA,207,858612
dgoRp,4.2,24,4,ATAAATGCAGTGCTCCGGGG,20,865235
dgoRp,7.6,41,4,AGTGGGACTCTCCATGAGTT,37,851154
dgoRp,0.4,5,4,AGGCGATGCCGGGCCAGTTG,1,856555
dgoRp,9.8,52,4,AGCCCATTGTTCTGTGAACA,48,859375
dgoRp,11.4,60,4,AGATGGCGGAAGCGGGAGGT,56,848219
dgoRp,7.2,39,4,AGACAACAAATGCGTTGTCA,35,856549
dgoRp,0.4,5,4,ACTCCGTGGCCGAACACAGG,1,849982
dgoRp,0.4,5,4,ACGGTCGGACGAAAGACTTA,1,835997
dgoRp,13.8,72,4,ACGATACCTGCGATCTAGCT,68,850909
dgoRp,14.8,77,4,ACGACGTGTTCACATGCTAC,73,852468
dgoRp,0.6,6,4,ACCGGCTTGGGTCACTTTCT,2,846246
dgoRp,3.6,21,4,ACCGGAGCTGAGGGCTGCGT,17,844711
dgoRp,0.4,5,4,ACCCTGCAAGTGTGGAAGTA,1,854650
dgoRp,5.8,32,4,ACCCTAAAAGTGTAGATCGA,28,866323
dgoRp,0.4,5,4,ACAGGGATATTGGTAACGCC,1,845261
dgoRp,0.4,5,4,AATACAGATGTGGTGAGCCT,1,841752
dgoRp,0.6,6,4,AAGTCATCCTTGCAAGTGAT,2,857046
dgoRp,8.0,43,4,AAGAGATACCGAGCATGGAT,39,844127
dgoRp,10.2,54,4,AAGACGTCCCGGCTTCAAGT,50,845580
dgoRp,4.6,26,4,AACTGAATGCCTCCATGATT,22,854442
dgoRp,11.75,49,3,TTTGTCGTGGGTTCTGGGAA,46,867409
dgoRp,0.5,4,3,TTTGGTGGCTGTCTTTCGTC,1,843625
dgoRp,0.5,4,3,TTGTCCACCCGTGAAGTGTG,1,839767
dgoRp,2.25,11,3,TTGGCGCCATGACTCCTCTT,8,863827
dgoRp,0.75,5,3,TTCGAATACTGATTTGGAAA,2,850212
dgoRp,0.75,5,3,TTAGGTTAACTTCTTTGTAA,2,852777
dgoRp,9.25,39,3,TTAGGCTGGTTGTTGGTGAG,36,838484
dgoRp,0.5,4,3,TTACGTTAATGCGAGACTTC,1,847343
dgoRp,0.5,4,3,TGTCCATCCCGACCGGCTGT,1,855620
dgoRp,8.75,37,3,TGGTACTGATCTAAGGAGCA,34,855822
dgoRp,7.25,31,3,TGAGGAAGACTGAACAAATA,28,862746
dgoRp,0.5,4,3,TCTATGGCGAGACTTAGCTG,1,857436
dgoRp,6.25,27,3,TCGAAAGGTAAAGCAAGAAC,24,861116
dgoRp,0.5,4,3,TCCTCCCAGGAAGGAGCTAC,1,857044
dgoRp,12.25,51,3,TCCGGACTATTGATCTATAC,48,851561
dgoRp,13.25,55,3,TCCCGTGATTCTGGAATCTA,52,863146
dgoRp,11.0,46,3,TCATTACAGCAGGGGACAAA,43,848763
dgoRp,13.75,57,3,TCAAAAACTTTAGTTGCAGC,54,849459
dgoRp,0.5,4,3,TATGAGTTGCCCGTGATCTC,1,857293
dgoRp,12.25,51,3,TATATCGTATAGGGTGGCCC,48,838928
dgoRp,0.75,5,3,TAGAAACCGTGATCGTAGCG,2,851707
dgoRp,0.5,4,3,TAATGACTCATAGCTAGCAA,1,848583
dgoRp,10.0,42,3,TAAGTATGACCGCCACAAAG,39,845270
dgoRp,1.0,6,3,TAAGGGCGTCGTAGTTCGTA,3,851325
dgoRp,20.5,84,3,GTTCGAGTCGGAATGGAGTA,81,861607
dgoRp,0.5,4,3,GTGTGCCAGGGGAGGTATTC,1,843227
dgoRp,3.0,14,3,GTGGCTCGCGGATACGACTA,11,852751
dgoRp,10.0,42,3,GTGCGATGCGGAGAGCAAAG,39,847102
dgoRp,13.0,54,3,GTCGCACTAAGGGTCGTGTT,51,861904
dgoRp,20.0,82,3,GTCGAGCTTAGAGTGACCTC,79,841803
dgoRp,0.5,4,3,GTATCGGATATAATGTCAAG,1,849810
dgoRp,5.75,25,3,GTAGTTAAGTCACGGTTTCA,22,855945
dgoRp,13.5,56,3,GGTTATTCCAGGCTTGCCAG,53,861579
dgoRp,0.5,4,3,GGTCGGAATCGCGAGCTTAT,1,841904
dgoRp,0.5,4,3,GGTCCTCAGGGCGATTACGT,1,837952
dgoRp,0.75,5,3,GGTCCTATAGAGAGTCTCAT,2,866534
dgoRp,12.25,51,3,GGTCAGGGTTTAGTCACGGT,48,846347
dgoRp,11.5,48,3,GGGGCTACCGTGTTTGCCAG,45,861937
dgoRp,9.0,38,3,GGCTGCCTCCTCAAACTCTC,35,858389
dgoRp,4.5,20,3,GGCATCATTCGCCCACTACA,17,839594
dgoRp,0.5,4,3,GGCATCAAGGAAGACTTTAT,1,850949
dgoRp,6.5,28,3,GGCAGCGTAGCCAATATGTA,25,851744
dgoRp,9.75,41,3,GGCAGCACACTTGGCGTCTG,38,845267
dgoRp,8.0,34,3,GGATGTACACGAGACATACT,31,849806
dgoRp,8.25,35,3,GGACTGAAATCGCTCTTCTG,32,852452
dgoRp,36.5,148,3,GCGTCTTACGGGTGGGAATA,145,862445
dgoRp,9.5,40,3,GCGTCTCGGATACCAGAATG,37,867368
dgoRp,9.5,40,3,GCATCCTATCTACTATACTA,37,838841
dgoRp,0.5,4,3,GCACCTATGCCCATACCCCG,1,843583
dgoRp,0.5,4,3,GATTCTCCCGAGCTATCGAC,1,856859
dgoRp,7.0,30,3,GATGAGGGCCTTAGGAATAC,27,840738
dgoRp,6.25,27,3,GAGTACGTACGGTATGGCTA,24,847130
dgoRp,4.25,19,3,GACGATCTAAAGCTCGTTTT,16,848764
dgoRp,0.5,4,3,GACCAGCGAGGCTCGCACTG,1,842639
dgoRp,0.5,4,3,GAATGCCATATCAATTCGTC,1,846670
dgoRp,11.75,49,3,GAAATTGATCAGCCGACAGA,46,851577
dgoRp,28.25,115,3,CTTACTCGTGGAGGCGAGAA,112,850115
dgoRp,11.75,49,3,CTGCGGCCCTCCCGATTATT,46,837225
dgoRp,21.75,89,3,CTGAGAATTATCAAATGTCT,86,846455
dgoRp,8.5,36,3,CTGAATTGTCAGGTGACATA,33,865326
dgoRp,0.5,4,3,CTCACACTGGGATTTCACCC,1,836177
dgoRp,1.25,7,3,CTAGTATTAGAGATGGATTT,4,859016
dgoRp,13.25,55,3,CTAGGTGCAGCACCTATGGA,52,865584
dgoRp,0.5,4,3,CGGTACTTCGTAGAGTATTG,1,848943
dgoRp,37.25,151,3,CGGCAATAGTCTCAGTTATC,148,846217
dgoRp,12.0,50,3,CGCGTTCGACGCGTCTCTAG,47,851620
dgoRp,7.75,33,3,CGCGTCTTCAACATAATTAA,30,837520
dgoRp,9.25,39,3,CGCGCATTACAAAGAGAGTG,36,837933
dgoRp,0.75,5,3,CGCACGTGGTTCGCGCACCT,2,839210
dgoRp,17.0,70,3,CGCACGGGACCACGGTCGCT,67,835962
dgoRp,6.25,27,3,CGCAAAATTCGCGGAAATTT,24,863320
dgoRp,9.5,40,3,CGATCTACTTATCCCGGAGA,37,863900
dgoRp,0.5,4,3,CGACTATCGTGGGGGACTGG,1,863387
dgoRp,3.5,16,3,CCTCGATGCTTGCGCTTTGC,13,844097
dgoRp,11.25,47,3,CCTAGGAGGACGCTGACCCG,44,865989
dgoRp,9.75,41,3,CCGCAGGGTCGGGAGGACAC,38,841043
dgoRp,0.5,4,3,CCATTTTATAGATGGGTTTA,1,861774
dgoRp,4.5,20,3,CCAGCGCTTGTGGGTGTTTT,17,852969
dgoRp,7.25,31,3,CATTCTTTGTGTCATATAAG,28,846607
dgoRp,0.5,4,3,CATTCTGTCCTGGCCCGACC,1,843381
dgoRp,7.25,31,3,CATGGTGGTGAAACCCCTAT,28,865812
dgoRp,1.0,6,3,CATACTAACGTCGCGAAAAC,3,850815
dgoRp,17.0,70,3,CACGTGTCCCAACCTAGCGG,67,837481
dgoRp,3.5,16,3,CACGCAATTATCTTGAAAAA,13,836121
dgoRp,0.5,4,3,CACACAGTGATCTACCGCAG,1,842962
dgoRp,9.25,39,3,CAAACACGACTATGTTAGCA,36,866272
dgoRp,7.75,33,3,ATTTGCACGTATTCACAATG,30,865002
dgoRp,0.75,5,3,ATTTCGAGCCTTTCCATCCA,2,854697
dgoRp,6.25,27,3,ATTGGACTGTGCACTCGGCA,24,843291
dgoRp,0.5,4,3,ATTGAGGTAGGGTCAATACG,1,836939
dgoRp,6.75,29,3,ATGTCTATGACAATTCAATC,26,867251
dgoRp,21.0,86,3,ATCTTAGACAAAGCGCGCCT,83,850717
dgoRp,1.5,8,3,ATCTCAGAGACCACCCGACA,5,857384
dgoRp,0.5,4,3,ATCTCAACGCTATCTTCTTC,1,859606
dgoRp,0.5,4,3,ATCATATCCTTTAGGATGAA,1,845514
dgoRp,5.5,24,3,ATAAGGGTCACTCCATCCTT,21,861322
dgoRp,0.5,4,3,AGTCTATGCGGAGTCAGGAA,1,848682
dgoRp,0.5,4,3,AGTCACACACCCTCCGGCAG,1,853335
dgoRp,9.5,40,3,AGGTAACATCTAGATACGGT,37,865687
dgoRp,0.5,4,3,AGGCTTAAGAGTGAGATCAT,1,846495
dgoRp,0.5,4,3,AGCGCTATCTCATAACTGGC,1,849736
dgoRp,19.75,81,3,AGCCCAGTATCGATCCTGTA,78,858616
dgoRp,0.5,4,3,AGCAAACAGGGAGACGGTTT,1,854950
dgoRp,6.75,29,3,ACTTGAGTTATCACTCCCGA,26,856749
dgoRp,11.25,47,3,ACGGTGGGAGCTTTCGACTA,44,865482
dgoRp,4.25,19,3,ACGGTACCACGAAAAGTAGA,16,839017
dgoRp,7.0,30,3,AATTCTCAATCTGAGAATCA,27,843698
dgoRp,0.75,5,3,AAGATGTGGAAGCATGGCCC,2,839309
dgoRp,7.0,30,3,AAAGGTGTCATCGTAACCTA,27,864921
dgoRp,9.75,41,3,AAAACCTTCGCCCACTTAGT,38,857566
dgoRp,0.6666666666666666,3,2,TTTCCTGTGACAGACACGAA,1,848653
dgoRp,0.6666666666666666,3,2,TTGTGCACTAAAGCAATAAA,1,838911
dgoRp,21.0,64,2,TTGGTCACTGTAGTGGGTCT,62,854057
dgoRp,8.666666666666666,27,2,TTGCTCTGAAGTGTCCATTT,25,842309
dgoRp,0.6666666666666666,3,2,TTGAAAGCGCGAGGCGTCTT,1,843465
dgoRp,8.666666666666666,27,2,TTCTCCGGGCCTCCTTTTTG,25,854875
dgoRp,0.6666666666666666,3,2,TTACGTGTTGGAGTCGTTGT,1,846576
dgoRp,0.6666666666666666,3,2,TTACCGCCGAATGCTCCAAC,1,863504
dgoRp,0.6666666666666666,3,2,TGTATACCCGGGAAGACATG,1,859167
dgoRp,9.666666666666666,30,2,TGGGCTACGAGAATGGGCGT,28,839966
dgoRp,0.6666666666666666,3,2,TGCAATCAGTTATTAGGGGG,1,862298
dgoRp,10.666666666666666,33,2,TCTTACAAGATTTGCCGTTT,31,842110
dgoRp,15.666666666666666,48,2,TCTAGCCGAGGACCAGATCT,46,837619
dgoRp,0.6666666666666666,3,2,TCTACGTCTCTCCGACCTCC,1,836074
dgoRp,14.0,43,2,TCGGCTCGTAACATACGATC,41,837098
dgoRp,1.0,4,2,TCGGACCTTAACCCGCAATG,2,858193
dgoRp,14.666666666666666,45,2,TCGCTGAGCGTCGAAAGGTT,43,843547
dgoRp,0.6666666666666666,3,2,TCGCCGTCCCTCCCGACGTA,1,848983
dgoRp,12.333333333333334,38,2,TCCTCTGTGAACTCTACTTT,36,864150
dgoRp,0.6666666666666666,3,2,TCACACAGAGATGGTACCGA,1,859919
dgoRp,27.0,82,2,TATGTGGGTCCTCATCCGCG,80,845823
dgoRp,19.333333333333332,59,2,TATACACGTAGAGGTACTAC,57,859199
dgoRp,6.333333333333333,20,2,TACTCGTCCATATTGTAGTG,18,866243
dgoRp,14.0,43,2,TACGGTTGCGATTTATCTAT,41,863835
dgoRp,6.0,19,2,TAAGTTCTCTCAATCTAATA,17,854323
dgoRp,28.666666666666668,87,2,TAAGTTATATCACATGAATT,85,838476
dgoRp,19.333333333333332,59,2,GTTACTCCGCTATCACTTGA,57,844203
dgoRp,17.333333333333332,53,2,GTCCGTCCAATGACAGGCTC,51,866200
dgoRp,20.0,61,2,GTAGCCTATGGGGTAGTCAC,59,842830
dgoRp,6.333333333333333,20,2,GTACAAGCGGCGCTGGTTAA,18,859193
dgoRp,16.666666666666668,51,2,GTAAACAGGAGGCAGCGTTT,49,858474
dgoRp,10.333333333333334,32,2,GGTATACGCGTGTCGGAAGA,30,860926
dgoRp,4.0,13,2,GGGTACTGTTATTTTAGACA,11,859148
dgoRp,0.6666666666666666,3,2,GGGAATGATACGGCTGGCGT,1,842974
dgoRp,13.666666666666666,42,2,GGCCGAGATGGGTAAGATGA,40,853562
dgoRp,13.666666666666666,42,2,GGCCCGCAAGGCTAGGTTCC,40,863801
dgoRp,11.333333333333334,35,2,GGAGGACTTTTAATCGATTC,33,847352
dgoRp,7.0,22,2,GCGTTAACGAACCAACGAGT,20,857658
dgoRp,13.666666666666666,42,2,GCGTCGGATTGCCATTCTGG,40,849770
dgoRp,7.0,22,2,GCGGGGCAACAGTGGCTATA,20,866788
dgoRp,13.333333333333334,41,2,GCCAGGACGGGAAACGCGAA,39,847473
dgoRp,13.0,40,2,GCCAAAGGGTAGATCTCCGA,38,861487
dgoRp,3.3333333333333335,11,2,GATCAAACAGTAGGCTCTTT,9,866762
dgoRp,10.333333333333334,32,2,GACTAGCCTATTTGAACAGA,30,862990
dgoRp,16.0,49,2,GACCTGATAGTGCGGGGGAA,47,865163
dgoRp,5.666666666666667,18,2,GACCACGTTTCACTTCAAAG,16,858376
dgoRp,2.0,7,2,GAACAATAAATTATATTCTT,5,858857
dgoRp,0.6666666666666666,3,2,GAAAACCGCTGAGACTTCTG,1,857036
dgoRp,0.6666666666666666,3,2,CTTTTGTCCAACCCAGCCCC,1,858930
dgoRp,0.6666666666666666,3,2,CTTGTGACACATACGTGCGA,1,849909
dgoRp,17.333333333333332,53,2,CTTGTCAACGCAGGTTTTTC,51,844159
dgoRp,0.6666666666666666,3,2,CTTGATCAACCTTCGTCTCA,1,843849
dgoRp,0.6666666666666666,3,2,CTCCTTCGCTGGCACCGCAA,1,857618
dgoRp,24.333333333333332,74,2,CTATTGGACAACCGAACAGT,72,836126
dgoRp,45.666666666666664,138,2,CGTCAGGCCTGGCCAGTCGT,136,858613
dgoRp,3.3333333333333335,11,2,CGAGCATTCGACAGACACTC,9,855338
dgoRp,0.6666666666666666,3,2,CGAGACGCTCTTAACTGCTC,1,852564
dgoRp,0.6666666666666666,3,2,CCTATTAATAATGAAAGCGT,1,852127
dgoRp,2.0,7,2,CCGGTACATCCATTCAACAA,5,846794
dgoRp,0.6666666666666666,3,2,CCGCGGATAGCCGCCGGTAG,1,853322
dgoRp,0.6666666666666666,3,2,CCGCCAAACCAAGGGGCTAC,1,862396
dgoRp,1.0,4,2,CCCGGAGGGACAACCCGAGT,2,860853
dgoRp,0.6666666666666666,3,2,CCCATTAAGCGTTCAAGTAA,1,856628
dgoRp,3.6666666666666665,12,2,CCATGCACTCGTCCGGGATT,10,861093
dgoRp,0.6666666666666666,3,2,CCAAAGTTTTGTGTAGCCCT,1,866389
dgoRp,0.6666666666666666,3,2,CATGTTCCCCGACCTTATGG,1,843240
dgoRp,12.333333333333334,38,2,CAGAGGAGTGATTTAAACAG,36,852363
dgoRp,8.0,25,2,CAGACGGCCGACATCAGCAT,23,865763
dgoRp,39.666666666666664,120,2,CACTTTTGCACGTCGGCTTA,118,857743
dgoRp,15.666666666666666,48,2,ATGGATAGGGAGCCTACCCA,46,841674
dgoRp,9.333333333333334,29,2,ATGCGGAAGCTCCGAAGGAA,27,864270
dgoRp,14.333333333333334,44,2,AGTAATGTAAGCCCCCTTTT,42,860769
dgoRp,15.666666666666666,48,2,AGGGATCCGATAAAGGCAAA,46,836462
dgoRp,15.0,46,2,AGGCGTCTAAATTTTTTACT,44,850327
dgoRp,11.0,34,2,AGGACCTCAGAAGAAAACCA,32,861368
dgoRp,15.0,46,2,ACGTCTTGCAAGAGCTGGTA,44,850183
dgoRp,8.0,25,2,ACGTCGTCGATGTTTCACCC,23,847156
dgoRp,17.333333333333332,53,2,ACCGACTTCGACTTCTAGAT,51,866332
dgoRp,23.0,70,2,ACCCAAGGTGCGATCGTAGT,68,848713
dgoRp,6.333333333333333,20,2,ACCACGCATCGACGGGAGCC,18,839009
dgoRp,13.333333333333334,41,2,ACACGACGGCGCGACTACCG,39,849173
dgoRp,13.333333333333334,41,2,AATAGTTAGAAGAGTCTTCC,39,844099
dgoRp,52.333333333333336,158,2,AAGTCGTGTCTTAACGAGTC,156,863905
dgoRp,24.0,73,2,AACTAAGGCGTCTAGTGTAG,71,854909
dgoRp,0.6666666666666666,3,2,AACGACTAGCCCTGAACGCC,1,839148
dgoRp,1.0,4,2,AACAGCAAGAGACTCTCAGC,2,845071
dgoRp,1.6666666666666667,6,2,AAATTTTTAGGGTGCATACA,4,862152
dgoRp,13.333333333333334,41,2,AAACTAAGTGTGGTATGTAA,39,844009
dgoRp,17.5,35,1,TTTCTCCGCTAAGTGCAAAA,34,859977
dgoRp,4.5,9,1,TTTCCTTACATTAATGGCGT,8,860470
dgoRp,15.0,30,1,TTGGTTCTGGTAGGATTTAA,29,858174
dgoRp,21.0,42,1,TTGCACTTGGTGAGGCAGTC,41,846216
dgoRp,17.0,34,1,TTGCACAAAACCTGATTCAA,33,859323
dgoRp,1.0,2,1,TTCCAACTAAGAGATCGGGA,1,847673
dgoRp,20.5,41,1,TTCAGTCGCGGACCCTACGT,40,857764
dgoRp,18.0,36,1,TTCAGAGCGGCATGGAGGGG,35,839761
dgoRp,1.0,2,1,TTCAACAGGAATACATTCCC,1,849030
dgoRp,27.0,54,1,TTCAAACCACTCTCCAGATG,53,844100
dgoRp,16.0,32,1,TTATTCTGTGGGGTGCGAAT,31,865604
dgoRp,16.0,32,1,TGTTCACTGTCAGTCCTAGG,31,843125
dgoRp,29.0,58,1,TGTCAATTCCACTATGTGTG,57,856243
dgoRp,20.0,40,1,TGTAACGGCCACAAGTATGC,39,853184
dgoRp,1.0,2,1,TGATGGTGCTGCCCCCGTAG,1,862768
dgoRp,26.5,53,1,TGAATTACTCACAACCTATC,52,853628
dgoRp,1.0,2,1,TCTGCGAATGTAGCCGGCCT,1,836693
dgoRp,28.5,57,1,TCGGTGCGTAGAACCGCTAC,56,844689
dgoRp,10.5,21,1,TCGGGTATCGCCTTCCATCT,20,859469
dgoRp,1.0,2,1,TCCATTTGTGTGGGTCCAGT,1,862734
dgoRp,42.5,85,1,TCATTGGACATAATCAGATC,84,863749
dgoRp,7.5,15,1,TCATCGAAAGTTTCGGGGTG,14,840366
dgoRp,1.0,2,1,TCAGCATTGCCGACAGTGAG,1,839101
dgoRp,1.0,2,1,TATTCTCCGTGCGTACAGTT,1,850361
dgoRp,12.5,25,1,TATCACAGTCCTTACTCAAA,24,852337
dgoRp,27.0,54,1,TATATTGTAGCCAAGTGTAT,53,844239
dgoRp,123.5,247,1,TACTGTCCCGGAGTGAGCGG,246,866134
dgoRp,13.5,27,1,TACCAGAACCTGTTGGAGAC,26,848282
dgoRp,49.5,99,1,TACAGCTCGTAACGTCTTCC,98,848270
dgoRp,15.0,30,1,TACAAAATGGCCTTTGAAGT,29,862497
dgoRp,10.5,21,1,TAAAATAAGCGGATTAGCGC,20,864292
dgoRp,1.0,2,1,GTTGTGGTTCGTGCACAGTA,1,854751
dgoRp,9.5,19,1,GTTACCTTTGTTTTGAATTT,18,864074
dgoRp,14.0,28,1,GTCAGAGAGCTTTCGAATCC,27,865263
dgoRp,22.0,44,1,GTACCGCGTTAGGTAATTGT,43,858142
dgoRp,1.0,2,1,GGTTTGGCGAGACTTTGCGT,1,853375
dgoRp,20.0,40,1,GGTTCTTGCTTAGTTCCCCC,39,864510
dgoRp,50.5,101,1,GGTCTGTTACAGTTAGCCGT,100,837750
dgoRp,22.5,45,1,GGTATGTAACCAGAAAACTG,44,844529
dgoRp,24.0,48,1,GGTACCAAATAGGGAATAAA,47,865113
dgoRp,24.0,48,1,GGGCAGGACGGTACCACCAC,47,863016
dgoRp,14.5,29,1,GGCTTCTGTAGATGGGACTC,28,853336
dgoRp,23.5,47,1,GGCACCGTCTGCAGAAAATT,46,866485
dgoRp,1.0,2,1,GGATTCCGACTTTCGAGCAA,1,865021
dgoRp,1.0,2,1,GGATTCCCCTCCTCACCCCT,1,847069
dgoRp,1.0,2,1,GGAATTGGATGCGCGAGATC,1,865303
dgoRp,61.5,123,1,GCTTGTCTTCACGATGCGCA,122,846225
dgoRp,28.5,57,1,GCTTGGGAATTAGATACATA,56,858150
dgoRp,63.5,127,1,GCTCCGCTCTAGATTTCTAG,126,860045
dgoRp,12.5,25,1,GCGGCAACATGTCATTCGAG,24,852736
dgoRp,3.5,7,1,GCCCACAGAATCTATAAGGA,6,837686
dgoRp,13.5,27,1,GATTTCCATGCGGTAAACGT,26,861629
dgoRp,1.0,2,1,GATGCCAGCTACTGGTCACT,1,860350
dgoRp,4.5,9,1,GATAGCGATTGCTTACTGTT,8,858062
dgoRp,16.0,32,1,GAGCGCTATGAGCCGACCGT,31,851066
dgoRp,1.0,2,1,GACTACGTAAACGTCCACCA,1,847904
dgoRp,23.5,47,1,CTGTCTGCCTTCGGAAATCG,46,867256
dgoRp,83.0,166,1,CTGTCTATGGAAAGGTAGAA,165,847090
dgoRp,29.0,58,1,CGTTTTCACTATCGGCAAAT,57,843369
dgoRp,13.0,26,1,CGTGGCTATCGGGATGTTGT,25,845952
dgoRp,1.0,2,1,CGTATTACAGTGGCGTCCGA,1,852050
dgoRp,20.5,41,1,CGGTGCCTCGCCTACCCGGT,40,857604
dgoRp,1.0,2,1,CGGGGCAAAGTATAGGAAAA,1,866504
dgoRp,25.5,51,1,CGCGGGAGATGTATTATACA,50,858932
dgoRp,18.5,37,1,CGCATTCAGGGGCACTCAAA,36,843722
dgoRp,1.5,3,1,CGATTCCCCTGTACACGATT,2,863781
dgoRp,1.0,2,1,CGAGTTCACATTCGATTCGC,1,840857
dgoRp,11.0,22,1,CCTTTTTCAGCCGAGATTCT,21,843638
dgoRp,1.0,2,1,CCTATCTTTGTTGCGGTTGA,1,838861
dgoRp,28.5,57,1,CCGTTGCTTGTCAATGTACA,56,839065
dgoRp,2.0,4,1,CCGTTACTTTAGGCCCCTCC,3,852692
dgoRp,34.0,68,1,CCCGCTGGTCTTTAGGCACA,67,850120
dgoRp,19.5,39,1,CCCACAAAATTGGCCCCGGA,38,840123
dgoRp,1.0,2,1,CATTTACCGCTGGATGCTAG,1,839323
dgoRp,1.0,2,1,CATGCGCACGAGGACCCCAC,1,840407
dgoRp,1.0,2,1,CAGTCGAGCGAGTGACATCC,1,860377
dgoRp,1.0,2,1,CAGACCTGATCAATGCGAGT,1,847996
dgoRp,1.0,2,1,CACTTGGTTCTCACCACAAG,1,842750
dgoRp,1.0,2,1,CACGGTTAGGCGGGTAGTTA,1,848528
dgoRp,23.5,47,1,CACGAAGTGAGATAAGGGTA,46,842187
dgoRp,32.5,65,1,CAACATTTGCCGCACATTTA,64,843673
dgoRp,22.5,45,1,CAAACGCACACGGCCCTTCG,44,859353
dgoRp,15.5,31,1,ATTTGTTGTTACGGCGACCT,30,852360
dgoRp,23.0,46,1,ATGTGGTAAACAGGGGTCAA,45,847035
dgoRp,5.0,10,1,ATAGGTCACCAGCACACTAT,9,841224
dgoRp,28.5,57,1,AGTAGCTGCCACGCACTATG,56,858602
dgoRp,17.0,34,1,AGGTGTAATTGCCCCCATTT,33,861625
dgoRp,1.0,2,1,AGCTTAGCATGATGCTGGGA,1,853789
dgoRp,14.5,29,1,AGCTCGCTAGTACTAAACTT,28,835942
dgoRp,15.5,31,1,AGCTATTACGGATTTGGGGA,30,857751
dgoRp,34.5,69,1,AGCGGTTCCCAGCGCTCGAA,68,850034
dgoRp,15.5,31,1,AGATTTTTTCTTTGAGCCAG,30,845259
dgoRp,3.0,6,1,AGATACCCGTATTGCTCACC,5,839093
dgoRp,11.0,22,1,AGACTTAATGTTCAGGCTCG,21,864838
dgoRp,22.0,44,1,AGACTATACCGGGTGGATTT,43,847213
dgoRp,7.5,15,1,ACTCTGTACGGAAGTCAGTA,14,856512
dgoRp,1.0,2,1,ACTCATAGAGGACGGCTGAA,1,862799
dgoRp,18.0,36,1,ACGTTAGAAGGCGTGCGTCT,35,860293
dgoRp,15.5,31,1,ACGCTTGAGAACATGTACCT,30,855558
dgoRp,16.5,33,1,ACATGCCCATTTACGCGCAT,32,844459
dgoRp,14.5,29,1,ACAGAAGCTGTACGTGCTAG,28,838434
dgoRp,22.0,44,1,ACACCTCTGATTTGTCATTA,43,839566
dgoRp,29.5,59,1,ACAAATGGAGTCTGGAAATA,58,838200
dgoRp,16.0,32,1,AAGGCGTCTACAGTCTCTGG,31,858158
dgoRp,7.0,14,1,AAGCACTGCATCATCTCTTT,13,857844
dgoRp,25.5,51,1,AACATCGCTGATCCTGGAGA,50,858328
dgoRp,0.010752688172043012,92,92,CGATCCCAGGCGTTGGCCAT,0,864691
dgoRp,0.011764705882352941,84,84,GATCCGTTATCAGGCAGCAA,0,851931
dgoRp,0.012345679012345678,80,80,TGTCAAGGGGTAACACTGGT,0,850279
dgoRp,0.013157894736842105,75,75,GAGGCTCTTCTGTTCTAATT,0,856273
dgoRp,0.013513513513513514,73,73,CACGTGGGGGGTTGGTAAAG,0,851032
dgoRp,0.014084507042253521,70,70,AGGGAAGAGCCATACAAACA,0,849381
dgoRp,0.014492753623188406,68,68,TGTCCTTCGGCCGGGGTAGT,0,844927
dgoRp,0.014705882352941176,67,67,ACCGTGGCCGTACATTGGAG,0,838357
dgoRp,0.015625,63,63,TTTGCCACCGGGCACAGATC,0,845220
dgoRp,0.015873015873015872,62,62,TATAAGTACATACTCGTCCG,0,851543
dgoRp,0.01639344262295082,60,60,TTTCTTCTCATCCGGGACCC,0,859209
dgoRp,0.01639344262295082,60,60,CCAACCGGGCTCATTGCTGG,0,846420
dgoRp,0.016666666666666666,59,59,GAGCACCAAAAGGTATTTAG,0,838543
dgoRp,0.016666666666666666,59,59,CTGGAGGGAACACGAACAAA,0,845381
dgoRp,0.017241379310344827,57,57,AGCGTATTTTATCTGCGGGT,0,837803
dgoRp,0.017543859649122806,56,56,TACTCCGTCTATTCATAGAA,0,836419
dgoRp,0.01818181818181818,54,54,GGCTGCTTTATAGGCGCAGT,0,838805
dgoRp,0.01818181818181818,54,54,CAGTATCTTCACCACGGATT,0,836998
dgoRp,0.01818181818181818,54,54,AGGGCTTAGATCATCTTTGT,0,844286
dgoRp,0.01818181818181818,54,54,AAAGGCTCATGCGAAAATAT,0,859728
dgoRp,0.018518518518518517,53,53,GACGACGAATGCGCTGGATC,0,846656
dgoRp,0.0196078431372549,50,50,TAAGCATTTCCGCGCTTTCA,0,839500
dgoRp,0.0196078431372549,50,50,AGGACTAACATTCAACAGTG,0,836218
dgoRp,0.02040816326530612,48,48,GGCCCAGTAGTTGTAACTTA,0,858487
dgoRp,0.020833333333333332,47,47,CGTATCAGGAGATTCGGATT,0,862305
dgoRp,0.020833333333333332,47,47,CGGCTATGTAACGAGGCAAC,0,844446
dgoRp,0.02127659574468085,46,46,TTTGAGGCGAGCTCGATTGT,0,863889
dgoRp,0.02127659574468085,46,46,TGTTCAGGCCTCGCTTTGCA,0,846497
dgoRp,0.02127659574468085,46,46,TACATGACTTGAGTTGGCTA,0,848243
dgoRp,0.02127659574468085,46,46,CAGCAGGGATATCATAGGTC,0,854490
dgoRp,0.02127659574468085,46,46,ATACGCCATGAGTTCTCGAT,0,844944
dgoRp,0.021739130434782608,45,45,TTACACGGAGTGTCGCGGAC,0,836694
dgoRp,0.022222222222222223,44,44,TTAGAATATTACTCTAGATA,0,860858
dgoRp,0.022222222222222223,44,44,CACAGCGCCCTCTCGTGGGT,0,838134
dgoRp,0.022222222222222223,44,44,AGGCTAGGATAATACTTCTT,0,852297
dgoRp,0.022222222222222223,44,44,ACGTTTGGAACTCACTATTG,0,837582
dgoRp,0.022727272727272728,43,43,GACGGGGCCACGGTCGCTGA,0,838667
dgoRp,0.022727272727272728,43,43,ATCGTTCTGTGTAGAGAGAT,0,850024
dgoRp,0.022727272727272728,43,43,ATCGTTACAGATCGGTGTGT,0,847295
dgoRp,0.022727272727272728,43,43,ACGTAGTTTAGTGCGAGGCA,0,839115
dgoRp,0.023255813953488372,42,42,TGGCGTAGTCGCATTTCTAT,0,836291
dgoRp,0.023255813953488372,42,42,GAAGAACAACCCAGGTTTGT,0,844172
dgoRp,0.023809523809523808,41,41,GGACAGAAGCGACCTCACAA,0,841125
dgoRp,0.023809523809523808,41,41,GAGTCCACCTTATTCGTAGT,0,840566
dgoRp,0.023809523809523808,41,41,GAAGAGGCTAACTGTCTCCA,0,852196
dgoRp,0.023809523809523808,41,41,AAAGCGAGCTAGGCGGTAAC,0,860695
dgoRp,0.024390243902439025,40,40,TTCCTTGGGAACTTCGGAAA,0,845719
dgoRp,0.024390243902439025,40,40,GCTCTCCCGTAATTGGAAGG,0,838642
dgoRp,0.024390243902439025,40,40,GAAGAAAGAACCGAGTCCTG,0,856006
dgoRp,0.024390243902439025,40,40,CAGGACTCGGCTTAATTATT,0,838289
dgoRp,0.024390243902439025,40,40,ACCCGTTCAAAGAGCCTTGT,0,858755
dgoRp,0.025,39,39,TGTTCCAGCCTCAGCGAATC,0,840301
dgoRp,0.025,39,39,TGCCAGTTGCGCGCTGGACA,0,853804
dgoRp,0.025,39,39,GTTTGTGCGTCATTGATCGA,0,843366
dgoRp,0.025,39,39,GGGGGGGCGATGTTCAAGAG,0,856376
dgoRp,0.025,39,39,CTCGGGGATCATTCAGGGAT,0,848469
dgoRp,0.025,39,39,CCAGTCCTGCCAGAACGGCT,0,853545
dgoRp,0.025,39,39,AGAGTTGTAGCCTCTGTGCA,0,840300
dgoRp,0.025,39,39,AGAGCCGGACTCGTACCGAA,0,847978
dgoRp,0.02564102564102564,38,38,TTTGTTGGGGGCACCACGGA,0,836593
dgoRp,0.02564102564102564,38,38,TGGCGGCATAGACGCTCGGT,0,846901
dgoRp,0.02564102564102564,38,38,TCAACCACTGGACACCTCTC,0,838376
dgoRp,0.02564102564102564,38,38,GCAGTACTCCATGTCCGGCG,0,848294
dgoRp,0.02564102564102564,38,38,CTTTGGCCAGTCATGCAAAA,0,842610
dgoRp,0.02564102564102564,38,38,CATAAACTTTGCTCAGGAAG,0,843802
dgoRp,0.02564102564102564,38,38,AGCAACTGCAGATCTTCCCG,0,856171
dgoRp,0.02631578947368421,37,37,GAGATGTGCTGCTCTATCAG,0,836834
dgoRp,0.02631578947368421,37,37,GACCTTGTTCTCGGAAATCC,0,837030
dgoRp,0.02631578947368421,37,37,CGGTACAATGACGAAGTCAG,0,848022
dgoRp,0.02631578947368421,37,37,ATACATCAACAGACGGTGTA,0,864305
dgoRp,0.02631578947368421,37,37,AATACCGTAACCTGGTGCGA,0,851659
dgoRp,0.02702702702702703,36,36,TTACGAAGGGTAAACCTTCT,0,836293
dgoRp,0.02702702702702703,36,36,TGTTACGGTATGAATGGCCG,0,852565
dgoRp,0.02702702702702703,36,36,TCATCTGGTCAACGGCACTC,0,839765
dgoRp,0.02702702702702703,36,36,TCACAATGGTCTTAGTAGGT,0,836275
dgoRp,0.02702702702702703,36,36,GTCCGGGTATTAGAGCAATT,0,837994
dgoRp,0.02702702702702703,36,36,GTACTTCCAGTTGAAGTCAT,0,850061
dgoRp,0.02702702702702703,36,36,GGGACGATCTCAGTTTGGTA,0,846786
dgoRp,0.02702702702702703,36,36,GGCGGGTCAGCGGTGATCGG,0,842375
dgoRp,0.02702702702702703,36,36,ATTGGGCACAGAAAACCCGG,0,845666
dgoRp,0.02702702702702703,36,36,ATTCGGTTTATCATTTGACT,0,865129
dgoRp,0.02702702702702703,36,36,AGGGTAACCTCCGGTGGATC,0,855217
dgoRp,0.02702702702702703,36,36,AAATCAATCCCCGGTACGAT,0,839701
dgoRp,0.027777777777777776,35,35,TTGAACATGGTAAGGTTTGA,0,857485
dgoRp,0.027777777777777776,35,35,TGGGCTGGTCCTCCCGCTCC,0,848525
dgoRp,0.027777777777777776,35,35,TGCTCAGGTACAGGGCAGGA,0,861729
dgoRp,0.027777777777777776,35,35,GTGTGCGTTAGCGCTGCTAC,0,850352
dgoRp,0.027777777777777776,35,35,CGGAATGTCCTGTATGACGC,0,835967
dgoRp,0.027777777777777776,35,35,ATGAGGCGCACGAGGTCAAT,0,839310
dgoRp,0.027777777777777776,35,35,AGAGGTGCAGACTTACTTGT,0,849171
dgoRp,0.027777777777777776,35,35,ACTTGCTCAAGGCTCTGTTC,0,856636
dgoRp,0.027777777777777776,35,35,ACTCTATGTGTTAGCGGTGG,0,855651
dgoRp,0.02857142857142857,34,34,TCTCTCAGAGAGCTGTGTAC,0,847849
dgoRp,0.02857142857142857,34,34,TCTCGCACCTGTCCTGGACA,0,854925
dgoRp,0.02857142857142857,34,34,GTTACACTCTTGTAAGAACA,0,841969
dgoRp,0.02857142857142857,34,34,GCGGTCCACTATTTGGTTTA,0,857423
dgoRp,0.02857142857142857,34,34,GAGGCGTGGCATTCTATCGC,0,847857
dgoRp,0.02857142857142857,34,34,GACAATACGCGCCAGCGGGA,0,865194
dgoRp,0.02857142857142857,34,34,CAGGCGTTAATAGGCGCTGC,0,850086
dgoRp,0.02857142857142857,34,34,CACATGCATAGTTGTAAGGA,0,836689
dgoRp,0.02857142857142857,34,34,CAATTATGATGGTCGGTGCG,0,856569
dgoRp,0.02857142857142857,34,34,AATGGCCAGTTTACGATTCG,0,858989
dgoRp,0.029411764705882353,33,33,TACTCTTGCGCCACGATCAT,0,855250
dgoRp,0.029411764705882353,33,33,TAAAGTTGCTAAGGTAATTA,0,851033
dgoRp,0.029411764705882353,33,33,GTCAACCCCGCAGCGGGATT,0,836263
dgoRp,0.029411764705882353,33,33,GGGCGTTTGCGTTGTCTTTA,0,859660
dgoRp,0.029411764705882353,33,33,GCGAAGCAGGATAGTCGCAT,0,845435
dgoRp,0.029411764705882353,33,33,GAGGTCGGCACAGCCTGTTT,0,862695
dgoRp,0.029411764705882353,33,33,CTGTCATAGGGTCGGAGATG,0,846187
dgoRp,0.029411764705882353,33,33,CTATCGCATATTACCTGAAT,0,858464
dgoRp,0.029411764705882353,33,33,CGTGAAGCTTCCCTAGCCAC,0,853946
dgoRp,0.029411764705882353,33,33,CACCCTCATCGCTACATATG,0,845438
dgoRp,0.029411764705882353,33,33,ATGTGCAGTCTCGACATGAA,0,836490
dgoRp,0.029411764705882353,33,33,ATAGATGAGTTTTTGGTCTT,0,837027
dgoRp,0.029411764705882353,33,33,AACAGGATTCCAATAGTACG,0,841933
dgoRp,0.030303030303030304,32,32,TTTACCCCTTCGCGGAAGAG,0,856871
dgoRp,0.030303030303030304,32,32,TTCCAATGTATCTTAGGGAC,0,861802
dgoRp,0.030303030303030304,32,32,GGAACTGTGCGCATCGAGTT,0,851674
dgoRp,0.030303030303030304,32,32,CTAACGCGTCCCGGTAGAGA,0,838668
dgoRp,0.030303030303030304,32,32,CCTTCGCAATCATTTTTTTA,0,847736
dgoRp,0.030303030303030304,32,32,ATAAGCAAGTCATATTACGC,0,849315
dgoRp,0.030303030303030304,32,32,AGATACATACGTCCGCGGCA,0,846599
dgoRp,0.030303030303030304,32,32,AAGGTACTTACGTACGTGCA,0,843254
dgoRp,0.03125,31,31,TTCCTCTGGTAGGCCGACGT,0,848898
dgoRp,0.03125,31,31,TTCATAGATACTCCCACATC,0,843087
dgoRp,0.03125,31,31,TCCGCAAGTTCATTTCACAT,0,841363
dgoRp,0.03125,31,31,TATGAGGGGGTGAATCGAAT,0,851886
dgoRp,0.03125,31,31,GGGTGTCCCAGCAGCATTCA,0,837949
dgoRp,0.03125,31,31,GCTTCCGGACTTGCACTTGT,0,846171
dgoRp,0.03125,31,31,CTTATATCTAACGGGTGGCG,0,849099
dgoRp,0.03125,31,31,CCTAGACGCCAATAGTTTAG,0,866653
dgoRp,0.03125,31,31,AGGCTGGGAGTTAAGTACCA,0,851157
dgoRp,0.03125,31,31,ACGGAGGGGACACTCCACCT,0,853741
dgoRp,0.03125,31,31,ACCACGTGCCTCGGGACTAT,0,844217
dgoRp,0.03125,31,31,AATTCCAGTTCGACGAGTTT,0,862168
dgoRp,0.03225806451612903,30,30,TTGGGTGTAGACACCCTCAC,0,838929
dgoRp,0.03225806451612903,30,30,TTCAGCCCGCTCTCGGGCCA,0,856803
dgoRp,0.03225806451612903,30,30,GTAATCAGCCTATAAATTGA,0,862516
dgoRp,0.03225806451612903,30,30,GGCCCTGAGTCCTGGCCGGA,0,841231
dgoRp,0.03225806451612903,30,30,GACTTAGGTTTGATTGATAA,0,835923
dgoRp,0.03225806451612903,30,30,CTTGCTTGCCAGAGCCATAC,0,836500
dgoRp,0.03225806451612903,30,30,CTTGACCATAAGTCTTGTTA,0,845235
dgoRp,0.03225806451612903,30,30,CGGTTAGCACATCGTGTGGA,0,864317
dgoRp,0.03225806451612903,30,30,CGACTCTAGACGATCGCCTA,0,836274
dgoRp,0.03225806451612903,30,30,ACTTACACTCGGAAGTGCGC,0,861994
dgoRp,0.03225806451612903,30,30,ACCAGCTTGCGGGCAAGGAG,0,865260
dgoRp,0.03225806451612903,30,30,AAGATGTGGTGTTGGACACA,0,850730
dgoRp,0.03333333333333333,29,29,TTAACGGGGAGTCCAATGAA,0,863150
dgoRp,0.03333333333333333,29,29,TGTTTTAGATGAGGCCGTGT,0,862735
dgoRp,0.03333333333333333,29,29,TGTGAGACGGTTATAGTGGC,0,845558
dgoRp,0.03333333333333333,29,29,TGGTGCCTAGAACAAGCTTT,0,842609
dgoRp,0.03333333333333333,29,29,TGGTAGTTTGTCCGTCCTAC,0,848789
dgoRp,0.03333333333333333,29,29,TCTTCTCAAGATGCACAGCA,0,845501
dgoRp,0.03333333333333333,29,29,TCGTCGCATTGAAACTTTGT,0,840794
dgoRp,0.03333333333333333,29,29,TCGACGTGTTCGCCACCCTA,0,857047
dgoRp,0.03333333333333333,29,29,TATTGTAACCTCCGAGTCCA,0,866454
dgoRp,0.03333333333333333,29,29,GTTATAGCGCTCAGACAAAA,0,857234
dgoRp,0.03333333333333333,29,29,GTCCCTTATTTTAGTCGGAA,0,853699
dgoRp,0.03333333333333333,29,29,GGCTAATGGCCGGCTGTGGA,0,849572
dgoRp,0.03333333333333333,29,29,GCTGGGGGATCCGACATTTA,0,845909
dgoRp,0.03333333333333333,29,29,GCTCATGCTGTATACCAAGA,0,838320
dgoRp,0.03333333333333333,29,29,GCGATATCCGAACTCTGATG,0,846518
dgoRp,0.03333333333333333,29,29,GCCGCGTATCGGACTTACGT,0,841840
dgoRp,0.03333333333333333,29,29,GATGCCACGTGTGGCCGATC,0,842022
dgoRp,0.03333333333333333,29,29,CGGAGGCGCCTTCATCCAGA,0,838255
dgoRp,0.03333333333333333,29,29,CGGACGGAGCGTCACAGCTG,0,856195
dgoRp,0.03333333333333333,29,29,CCGACTGAAGTCAGGGGCGG,0,838002
dgoRp,0.03333333333333333,29,29,CATCCTACGGGTGTTAGGAA,0,861315
dgoRp,0.03333333333333333,29,29,CACGTGCCCCACCTGGACCT,0,863986
dgoRp,0.03333333333333333,29,29,CACATGCCTGGGTCAATAGC,0,838890
dgoRp,0.03333333333333333,29,29,ATTGCCAACCTGGGGACCAA,0,845500
dgoRp,0.03333333333333333,29,29,ATACTTGTTGATGGACCATT,0,862924
dgoRp,0.03333333333333333,29,29,AGGCGGCATGACCATAGTTA,0,853129
dgoRp,0.03333333333333333,29,29,AAGGCGACGAGTCACTTCTG,0,863411
dgoRp,0.034482758620689655,28,28,TTTCAGGTACCCTCGGCAGA,0,854192
dgoRp,0.034482758620689655,28,28,TTGTTCAAAAGTTTCAATTA,0,843392
dgoRp,0.034482758620689655,28,28,TTACGGTGCGACACGTCATG,0,839062
dgoRp,0.034482758620689655,28,28,TCGGCGGCACTATGAGTTTG,0,847603
dgoRp,0.034482758620689655,28,28,TAACTGGCTAGCGACATAAG,0,856917
dgoRp,0.034482758620689655,28,28,GTTTGGTTCACGACGGGTGA,0,839549
dgoRp,0.034482758620689655,28,28,GGGTCAGCAAATTGTCCAAG,0,840287
dgoRp,0.034482758620689655,28,28,GGCCCGCGGGCAGAGACGAA,0,843069
dgoRp,0.034482758620689655,28,28,GCGGGAGAGAGCAAGCGATC,0,853152
dgoRp,0.034482758620689655,28,28,GATTTAGGAGGGCTATGGCA,0,849342
dgoRp,0.034482758620689655,28,28,GAGACCTCGCGGTGTGGTGG,0,846177
dgoRp,0.034482758620689655,28,28,CGTGAGAATGTGCTGGATGA,0,862403
dgoRp,0.034482758620689655,28,28,CGTAGTCCACGGAGGAGGCC,0,839336
dgoRp,0.034482758620689655,28,28,CGCAGACGTGCGTTTGCCAG,0,852035
dgoRp,0.034482758620689655,28,28,CCCGACTTAACGCCCCTTTC,0,849824
dgoRp,0.034482758620689655,28,28,CCAGAGTAAGTACTGATTCT,0,846144
dgoRp,0.034482758620689655,28,28,CATGTGGCTGGAGTAGGGCG,0,855105
dgoRp,0.034482758620689655,28,28,CAAGTAAGGACGGCTAGCAG,0,857417
dgoRp,0.034482758620689655,28,28,AGAAGCTTAGAGGGCAATAA,0,857829
dgoRp,0.034482758620689655,28,28,AGAACACTGCATCCTCCGTC,0,856659
dgoRp,0.034482758620689655,28,28,ACGATCACGCCTTTGAGTCA,0,866718
dgoRp,0.034482758620689655,28,28,AACGTGCTGAGGGAACGGCC,0,852257
dgoRp,0.03571428571428571,27,27,TTCAATATATTAATGGTTCC,0,848471
dgoRp,0.03571428571428571,27,27,TGTGGGGAACATTTACATTC,0,855711
dgoRp,0.03571428571428571,27,27,TGCGCGGAATTAGACTACTT,0,863525
dgoRp,0.03571428571428571,27,27,TCTTTTTACACTGTTCAGAA,0,845382
dgoRp,0.03571428571428571,27,27,TCTCAGTAAGCTGTTCAGAA,0,851710
dgoRp,0.03571428571428571,27,27,TAAATGCGATTTATCGGTGA,0,860211
dgoRp,0.03571428571428571,27,27,GTTCTACGTTGTCTATCAAG,0,847890
dgoRp,0.03571428571428571,27,27,GTGGTAAACACCTAAATCGA,0,846056
dgoRp,0.03571428571428571,27,27,GTAGTAGTCGAGATCGACAG,0,847279
dgoRp,0.03571428571428571,27,27,GGCCGGGGTAACAGTTCAAG,0,839868
dgoRp,0.03571428571428571,27,27,GCCTGGAAACCCGTCAGGTA,0,847609
dgoRp,0.03571428571428571,27,27,CTTTCCACCTGACAATGGGT,0,838817
dgoRp,0.03571428571428571,27,27,CTGCACCGCCTGGTCAGTTT,0,856672
dgoRp,0.03571428571428571,27,27,CTAAATATTAAGTCCCGGTC,0,842257
dgoRp,0.03571428571428571,27,27,CTAAAAGGATCCGGCACTGC,0,857415
dgoRp,0.03571428571428571,27,27,CGCCTTGACGAGAGGCTGAT,0,850505
dgoRp,0.03571428571428571,27,27,CCTCACTACTGCCATCCTTA,0,847878
dgoRp,0.03571428571428571,27,27,CCTACCGCTCCCAAAACTTT,0,846969
dgoRp,0.03571428571428571,27,27,CCGCTTTATGTCGGGCGCCT,0,859007
dgoRp,0.03571428571428571,27,27,CATCGCATGGAGCGGCAGAT,0,849925
dgoRp,0.03571428571428571,27,27,CACCCCTCTCGGACTACGGC,0,857517
dgoRp,0.03571428571428571,27,27,ATAGAGATGGCGGTTACGTT,0,835843
dgoRp,0.03571428571428571,27,27,ATACGCCCTGACGTTTTGGC,0,844643
dgoRp,0.03571428571428571,27,27,AGGTTTGTTGCCACAGGAAC,0,851241
dgoRp,0.03571428571428571,27,27,AGCGTTAACCGAAGCATTTT,0,845956
dgoRp,0.03571428571428571,27,27,AGCATCTAGGCCCTCCCTTG,0,849210
dgoRp,0.03571428571428571,27,27,ACCTTCAAGAGCCCGTAAAT,0,855885
dgoRp,0.037037037037037035,26,26,TTAACCATCCGCACGCCGGA,0,856542
dgoRp,0.037037037037037035,26,26,TGGAACGGTAAGGGAGGATG,0,856929
dgoRp,0.037037037037037035,26,26,TGAGACAGTATCGAGGGTTC,0,858106
dgoRp,0.037037037037037035,26,26,TCGGCATATCACACATTTGA,0,841640
dgoRp,0.037037037037037035,26,26,TATCCCTAGGCATTCTCCGG,0,853422
dgoRp,0.037037037037037035,26,26,TAGCATCCTCTGGGGAGTAT,0,848992
dgoRp,0.037037037037037035,26,26,GTTACTTGCACACCGCATCT,0,841870
dgoRp,0.037037037037037035,26,26,GTCTGCTGGGGCGGTTAATT,0,866046
dgoRp,0.037037037037037035,26,26,GGTCAGGCGCCTCAGCTTGT,0,849063
dgoRp,0.037037037037037035,26,26,GGCGTAGCCCACTATCACGT,0,841731
dgoRp,0.037037037037037035,26,26,GCTTTTTCCAAATTGGCTCA,0,848743
dgoRp,0.037037037037037035,26,26,GAGTGTTACGGATACACTAA,0,845794
dgoRp,0.037037037037037035,26,26,GAATTTACATACCTGAACGG,0,840570
dgoRp,0.037037037037037035,26,26,CTGTAGTGTTAAAAGTAACT,0,842068
dgoRp,0.037037037037037035,26,26,CCGTAAGTCCGGATGTAGCA,0,849734
dgoRp,0.037037037037037035,26,26,CAGTGACTGTCGAGGGCCTA,0,843717
dgoRp,0.037037037037037035,26,26,CAGGAAAATAACCTCGTAGA,0,861107
dgoRp,0.037037037037037035,26,26,CAAATAAATAATACTCGGTT,0,842325
dgoRp,0.037037037037037035,26,26,ATTGGTTTGTACAAACACCA,0,846468
dgoRp,0.037037037037037035,26,26,ATGGAGCGTAGCTCTGCACA,0,844623
dgoRp,0.037037037037037035,26,26,ACGTTGTCGTAGTCCGTGGT,0,861428
dgoRp,0.037037037037037035,26,26,ACCGGGACCGACTTGTCACC,0,842628
dgoRp,0.037037037037037035,26,26,AATGTGTTCGCTCTTTTGAA,0,840786
dgoRp,0.037037037037037035,26,26,AACGTGGTTGCTGGCATTAC,0,860109
dgoRp,0.037037037037037035,26,26,AACGATATCGTGAAATTCTT,0,861672
dgoRp,0.038461538461538464,25,25,TTGCGAGTTGGACGGAGGCA,0,865872
dgoRp,0.038461538461538464,25,25,TCGTGAGGGTCAGTGATAGA,0,857164
dgoRp,0.038461538461538464,25,25,GTTCACAACCCTTGAGTTTA,0,850138
dgoRp,0.038461538461538464,25,25,GTCACTTGACCGGCCAACGC,0,849224
dgoRp,0.038461538461538464,25,25,GGGGGTAGTTAACACTTGGT,0,836374
dgoRp,0.038461538461538464,25,25,GGCAAAATGGCGGTCTTATA,0,844851
dgoRp,0.038461538461538464,25,25,GCGCCGCTATGCGGTTCAAT,0,838721
dgoRp,0.038461538461538464,25,25,GACTGGAGGTACCTCGTGTT,0,842197
dgoRp,0.038461538461538464,25,25,GAAAGAATAATAGCCTAAGC,0,852330
dgoRp,0.038461538461538464,25,25,CTAGTTAGGTCAATGTCGCA,0,846931
dgoRp,0.038461538461538464,25,25,CTAATAAATGCCATGTACGG,0,856634
dgoRp,0.038461538461538464,25,25,CTAAGCAGTCCCATCACCCC,0,843714
dgoRp,0.038461538461538464,25,25,CTAACGTTGTGGCCGACCCT,0,865586
dgoRp,0.038461538461538464,25,25,CGTACGCAGCGAGACTTCTA,0,840314
dgoRp,0.038461538461538464,25,25,CCCCTGCGATCGTGCATTGT,0,837106
dgoRp,0.038461538461538464,25,25,CCCACCTCCACGCCGCCACA,0,851058
dgoRp,0.038461538461538464,25,25,CATCTAAGAGCCCAAAAGTC,0,844631
dgoRp,0.038461538461538464,25,25,CATCAGAAAGACGACGTCTA,0,855764
dgoRp,0.038461538461538464,25,25,CAGCAATTGAAGGTGGATTA,0,864625
dgoRp,0.038461538461538464,25,25,ATAGTTCTTCTGGTGTATGT,0,853842
dgoRp,0.038461538461538464,25,25,AGGTTCCAATGTTTCCTGGT,0,850499
dgoRp,0.038461538461538464,25,25,ACGCGGCCCGAATTGTTGAT,0,849433
dgoRp,0.04,24,24,TGTTCATGAGTACATCCTGC,0,851162
dgoRp,0.04,24,24,TCGTCTATTGTTACTATAAA,0,842852
dgoRp,0.04,24,24,TCACACGCGGCACATTATGA,0,864318
dgoRp,0.04,24,24,TAGCGATGATCGACTCGAAC,0,846888
dgoRp,0.04,24,24,TACATGAAGTTGTGGTATCT,0,838596
dgoRp,0.04,24,24,TAAGTTGGGGTTAAGCCGAT,0,840717
dgoRp,0.04,24,24,GTTGGTTGAGTAGAAGATAA,0,842608
dgoRp,0.04,24,24,GTTGGAAATACTGGAAGAGA,0,847744
dgoRp,0.04,24,24,GTCACCCCTGTCTGGACCAA,0,866215
dgoRp,0.04,24,24,GGGTTAAATTTTGGAGGCTG,0,838510
dgoRp,0.04,24,24,GGCCAATCCTGCTCGTGCGA,0,857659
dgoRp,0.04,24,24,GGCATACTATAAACATACAC,0,855615
dgoRp,0.04,24,24,GGATACATTACGAGTGTTCG,0,840894
dgoRp,0.04,24,24,GGAGAATGAATTCATGTTCA,0,851769
dgoRp,0.04,24,24,GATAGGTCTAATGTCATAAC,0,848942
dgoRp,0.04,24,24,GATAGAGCTAGATGGGTCCC,0,838717
dgoRp,0.04,24,24,CTAGCGTATCAGGCTACGCA,0,860133
dgoRp,0.04,24,24,CTAAGGCCGACATTTAGGCC,0,856008
dgoRp,0.04,24,24,CGGGTCTCCTACATTGACTT,0,845498
dgoRp,0.04,24,24,CGCCTTGAAATAACAAAGTG,0,845287
dgoRp,0.04,24,24,CCGGGACATCCCTCCACCTG,0,848794
dgoRp,0.04,24,24,CCGGCCGGCACCGGGGTTCT,0,843022
dgoRp,0.04,24,24,CAGATCAGGTCAGTTAACCC,0,843791
dgoRp,0.04,24,24,CACATCGCTGAAGCCGCCGA,0,864761
dgoRp,0.04,24,24,ATGTGGGATTGTAGGTTCTT,0,851342
dgoRp,0.04,24,24,AGTCACCTGCAAGTTAAAGA,0,862833
dgoRp,0.04,24,24,AGGCGTTAATACGAATGTAT,0,858788
dgoRp,0.04,24,24,AGGCGATACGCTGGCATCTT,0,862722
dgoRp,0.04,24,24,ACGTTCGTTGCTGCATCGTA,0,864022
dgoRp,0.041666666666666664,23,23,TTGTCATACAGCGTGGACAT,0,849829
dgoRp,0.041666666666666664,23,23,TTACTCAGCCACAGCTCAGC,0,857926
dgoRp,0.041666666666666664,23,23,TGCTCGGTACCCTCGAATCA,0,839893
dgoRp,0.041666666666666664,23,23,TCTGATGGTTAACGACATCT,0,846155
dgoRp,0.041666666666666664,23,23,TCTAGTGCGCTCCTCCCTAA,0,837765
dgoRp,0.041666666666666664,23,23,TCGGGCGTGAATGAACCGAA,0,864346
dgoRp,0.041666666666666664,23,23,TCGACGGCTTTCCAGGCGAT,0,854417
dgoRp,0.041666666666666664,23,23,TCCTGGCGACTACACCAGGA,0,853846
dgoRp,0.041666666666666664,23,23,TCCAGGTATGGTGTGGTCAT,0,845446
dgoRp,0.041666666666666664,23,23,TAACCTATTAGGCTACGAAT,0,841356
dgoRp,0.041666666666666664,23,23,GTTTTGTGATACACATCGCA,0,854156
dgoRp,0.041666666666666664,23,23,GTTTCGTGTCTTCAGGTGAT,0,860323
dgoRp,0.041666666666666664,23,23,GTTCGGAAGAATTGCGAGAG,0,851242
dgoRp,0.041666666666666664,23,23,GTGCCTGCTCTAAGTAATAC,0,849665
dgoRp,0.041666666666666664,23,23,GGCTTTCCCTCACCACTGGA,0,847563
dgoRp,0.041666666666666664,23,23,GGCGGGTCGTTTATTGGGAG,0,852613
dgoRp,0.041666666666666664,23,23,GGCAAGGGTCTACTAAACTA,0,845361
dgoRp,0.041666666666666664,23,23,GCGGGGGTAACTCAAAGGAC,0,846423
dgoRp,0.041666666666666664,23,23,GAGGGTTTACTTTCAGGAGA,0,849043
dgoRp,0.041666666666666664,23,23,CTGGACGTTCGGACGGCACC,0,851404
dgoRp,0.041666666666666664,23,23,CTGCTCGGTATGCTCTTTAT,0,840069
dgoRp,0.041666666666666664,23,23,CGGTCCCGCCACACGAGGCG,0,849985
dgoRp,0.041666666666666664,23,23,CGCTCCAAAAGAAGGTGGAC,0,847953
dgoRp,0.041666666666666664,23,23,CCTGTGAGCAGGGTTGGTTA,0,859058
dgoRp,0.041666666666666664,23,23,CCTGTAGAAAGAGAGAAATG,0,864923
dgoRp,0.041666666666666664,23,23,CCTCAGCACCAGTAGAGTAC,0,863728
dgoRp,0.041666666666666664,23,23,CATTACGTCGTAGGTAGTAG,0,854189
dgoRp,0.041666666666666664,23,23,CAGCAAGCACAGAGGAGGTG,0,839012
dgoRp,0.041666666666666664,23,23,ATTTTCTCAGCATTCGTCTG,0,843770
dgoRp,0.041666666666666664,23,23,ATGCGATGTGATCCCAATTT,0,854395
dgoRp,0.041666666666666664,23,23,ATCTGAACTCGACCTACGAT,0,850399
dgoRp,0.041666666666666664,23,23,ATACATCACAGATTAAGGGT,0,849940
dgoRp,0.041666666666666664,23,23,AGTGGGGAGCCATCCTAGCT,0,851183
dgoRp,0.041666666666666664,23,23,AGATCCGTTATTTCTACAGG,0,837898
dgoRp,0.041666666666666664,23,23,ACTCTCCGATTGTGGGTCGT,0,856098
dgoRp,0.041666666666666664,23,23,ACTATCGTTAAGGAATAAGA,0,835855
dgoRp,0.041666666666666664,23,23,ACGAGTCGTCATCATACTAA,0,844909
dgoRp,0.041666666666666664,23,23,ACCTCACTGGCGGGTTAGGC,0,859836
dgoRp,0.041666666666666664,23,23,ACAAAACAGGTGATGTCCGA,0,838666
dgoRp,0.043478260869565216,22,22,TTGTCCTAGACATTTTGGAT,0,850853
dgoRp,0.043478260869565216,22,22,TTGGAAGGCATTCGCGGGTT,0,846873
dgoRp,0.043478260869565216,22,22,TTGCAGCTAACATTCATTGG,0,837251
dgoRp,0.043478260869565216,22,22,TTCCAAGTAACTCATTCTAG,0,841261
dgoRp,0.043478260869565216,22,22,TTAGAGGACACAGAGTTACA,0,836247
dgoRp,0.043478260869565216,22,22,TGGTTCTTGGCAGGGTTTAG,0,836249
dgoRp,0.043478260869565216,22,22,TGCGTGATTCGTCCTCTACT,0,856182
dgoRp,0.043478260869565216,22,22,TGATGCTCGACTGTTTGCCT,0,836222
dgoRp,0.043478260869565216,22,22,TGAGTGTTCTCACCTGGGCA,0,848963
dgoRp,0.043478260869565216,22,22,TCCTTGTACGCGTGAGTGGT,0,864067
dgoRp,0.043478260869565216,22,22,TCCTCCCCAACAGCTGCTTC,0,854825
dgoRp,0.043478260869565216,22,22,TCCTAACACAACTACGTCTT,0,840636
dgoRp,0.043478260869565216,22,22,TCCACTTGCTTCGGGAGGAG,0,863408
dgoRp,0.043478260869565216,22,22,TAACATTCTGAGCGAATCCT,0,848249
dgoRp,0.043478260869565216,22,22,GTGTCCGAGTACCTGCTATC,0,837333
dgoRp,0.043478260869565216,22,22,GTGGAGGAGAATATTGGGGT,0,852825
dgoRp,0.043478260869565216,22,22,GTCGAAGGCCCGGTCCTCTT,0,853457
dgoRp,0.043478260869565216,22,22,GTAGTGGGGTGCTCCGACAG,0,862932
dgoRp,0.043478260869565216,22,22,GGTCTTAAGCGCCTGCTTAT,0,839064
dgoRp,0.043478260869565216,22,22,GGGCAGGGGGATCGGCAAAA,0,838983
dgoRp,0.043478260869565216,22,22,GGCATTGACCAAAGTCAAGT,0,845330
dgoRp,0.043478260869565216,22,22,GGAACCCGACTCTACCGAGG,0,862984
dgoRp,0.043478260869565216,22,22,GCTCTCTGAAGGCTCTTGTG,0,845177
dgoRp,0.043478260869565216,22,22,GCGGTGGCCATAAGTTGATA,0,862653
dgoRp,0.043478260869565216,22,22,GCCCTTAGTACGATAAGGAA,0,838381
dgoRp,0.043478260869565216,22,22,GCAGGTGACGTTTCATTAGG,0,845459
dgoRp,0.043478260869565216,22,22,GCAATGGACTGCACCCGGGA,0,859285
dgoRp,0.043478260869565216,22,22,GATCGTCATATACTGTTGGA,0,847017
dgoRp,0.043478260869565216,22,22,GACTCTTCGCTGTATCAGTT,0,840658
dgoRp,0.043478260869565216,22,22,CTGATTGATTGCAGCGTTCT,0,860140
dgoRp,0.043478260869565216,22,22,CTCAATGGCATTCGCTCTGG,0,839254
dgoRp,0.043478260869565216,22,22,CTAGAGCAATCTACCTCATG,0,846142
dgoRp,0.043478260869565216,22,22,CGGTCAATCATAGAGCAAAC,0,854552
dgoRp,0.043478260869565216,22,22,CCTCTCTGAGCAAAAGAGAG,0,851706
dgoRp,0.043478260869565216,22,22,CCTAGCAGAGAACTCAGCTT,0,848967
dgoRp,0.043478260869565216,22,22,CCGAAAGGGTCTGGAACTCT,0,852152
dgoRp,0.043478260869565216,22,22,CCCGCTGCCCCCAGTTCTGG,0,859081
dgoRp,0.043478260869565216,22,22,CATCTGCTCCGGAGGGATAA,0,848154
dgoRp,0.043478260869565216,22,22,CATCGTGAGGGGACTCCGTT,0,836162
dgoRp,0.043478260869565216,22,22,CACGCCCCGTATGTCCCTCG,0,856137
dgoRp,0.043478260869565216,22,22,ATTGTTGTTAGTGTGTACGA,0,865533
dgoRp,0.043478260869565216,22,22,ATTGGTCCAGCTTGCGGGAA,0,855292
dgoRp,0.043478260869565216,22,22,ATTGGAGCTGTCACACTACA,0,839398
dgoRp,0.043478260869565216,22,22,ATGACTCCAGTACAACTTTG,0,861267
dgoRp,0.043478260869565216,22,22,ATCTTGTCCGTCACCTGATA,0,860136
dgoRp,0.043478260869565216,22,22,ATAAGCGAAAAGTAGCACCT,0,845543
dgoRp,0.043478260869565216,22,22,AGTTAGGGTAACAGTAGGCA,0,836012
dgoRp,0.043478260869565216,22,22,AGCTCTACCTAAAGACTCAG,0,837841
dgoRp,0.043478260869565216,22,22,AGCTAATTAAGGCTTCGAAC,0,844264
dgoRp,0.043478260869565216,22,22,ACTCAAATTAAGGGCGTTAA,0,857180
dgoRp,0.043478260869565216,22,22,ACGGACTTTCTGTATGTGTC,0,847296
dgoRp,0.043478260869565216,22,22,ACCAACTTACGAGTGTTCAT,0,844383
dgoRp,0.043478260869565216,22,22,AATTCTGACAAGAGGAGACA,0,862457
dgoRp,0.043478260869565216,22,22,AAGTGATTAGGAAGGTGGCG,0,848657
dgoRp,0.043478260869565216,22,22,AAGAACAGCCGGGCAACAGC,0,837249
dgoRp,0.043478260869565216,22,22,AAGAACAAAAGTGTGTATTC,0,850972
dgoRp,0.043478260869565216,22,22,AACCCGCGCCTTTATAGACA,0,851926
dgoRp,0.043478260869565216,22,22,AAACTGTTATCGGTGTACGG,0,842726
dgoRp,0.043478260869565216,22,22,AAACGCGTCTCAACACGGTT,0,848037
dgoRp,0.045454545454545456,21,21,TTTTGGGGAAGGTCGCGGTA,0,849595
dgoRp,0.045454545454545456,21,21,TTACGCGTGGAGGCTGGCTT,0,847844
dgoRp,0.045454545454545456,21,21,TGTAGGCTGAAGCTTACATT,0,843090
dgoRp,0.045454545454545456,21,21,TGGGCCAGAGGGCGCTTCCA,0,857114
dgoRp,0.045454545454545456,21,21,TGCAAAGTCAGTTTGGACCT,0,848007
dgoRp,0.045454545454545456,21,21,TGAACTGCACTGGTACCTAT,0,838598
dgoRp,0.045454545454545456,21,21,TATTAGCGGCGGCATTGTGA,0,860113
dgoRp,0.045454545454545456,21,21,GTCCATTTAAAACTTGAGAA,0,837869
dgoRp,0.045454545454545456,21,21,GTATCGATTCGTTAGGCAAC,0,838264
dgoRp,0.045454545454545456,21,21,GTACACGGGGAGTAGATGCA,0,848600
dgoRp,0.045454545454545456,21,21,GGTTCCGGACGGGCGCGGGT,0,839876
dgoRp,0.045454545454545456,21,21,GGCCTCCATGTTTAGCGCGC,0,855866
dgoRp,0.045454545454545456,21,21,GCGTTCACGAGGAAACAGTT,0,858288
dgoRp,0.045454545454545456,21,21,GCGTACGGCGGTGGGGTGCT,0,861946
dgoRp,0.045454545454545456,21,21,GCGGTGTAATCTTTCTCTTC,0,860187
dgoRp,0.045454545454545456,21,21,GCGAGCTTGGCCGAAAAGAT,0,857306
dgoRp,0.045454545454545456,21,21,GCCTCCAATGGTCTCAGATG,0,837265
dgoRp,0.045454545454545456,21,21,GCCACGTGATACGCCGTGAT,0,838864
dgoRp,0.045454545454545456,21,21,GATCGTGGTCTTATAGGCCA,0,836842
dgoRp,0.045454545454545456,21,21,GATCACGGGGCACCGATGTA,0,837576
dgoRp,0.045454545454545456,21,21,CTTACAGCACCCTACCTGCT,0,857208
dgoRp,0.045454545454545456,21,21,CTGACCGTTCCCTCTCTCGT,0,839570
dgoRp,0.045454545454545456,21,21,CTCAAAGGCATCACTCGCAT,0,859426
dgoRp,0.045454545454545456,21,21,CTAATAGACTAAGACCAACA,0,844170
dgoRp,0.045454545454545456,21,21,CGTTGGCTGGATGCCCGACT,0,863951
dgoRp,0.045454545454545456,21,21,CGGTGAGGCTGGCTGTTCCA,0,846458
dgoRp,0.045454545454545456,21,21,CGGGACAGATCACTTGTCTT,0,849186
dgoRp,0.045454545454545456,21,21,CGAGGGGAAAGAATTTAGCC,0,861705
dgoRp,0.045454545454545456,21,21,CCATGTCCGGGGGAGTGAAT,0,847146
dgoRp,0.045454545454545456,21,21,CCATCATGTCCTGGGTTTTT,0,856340
dgoRp,0.045454545454545456,21,21,CATACTTCTATGGAGATAAT,0,860862
dgoRp,0.045454545454545456,21,21,CATAAGATTGTAGCTCGTGT,0,848934
dgoRp,0.045454545454545456,21,21,CACGAAGGACGGAAGCGTTA,0,856036
dgoRp,0.045454545454545456,21,21,CAATATATACACAACCAGGG,0,866488
dgoRp,0.045454545454545456,21,21,CAATAGAGCTCGGTCATGGA,0,852998
dgoRp,0.045454545454545456,21,21,ATTTCAGATACGGTTGTTTA,0,837165
dgoRp,0.045454545454545456,21,21,ATTGTCGGGCAATCCAGTAA,0,863204
dgoRp,0.045454545454545456,21,21,ATGTCCGGCAAATTTGCGGT,0,852680
dgoRp,0.045454545454545456,21,21,ATAATGTGGTTTCATCACGT,0,855624
dgoRp,0.045454545454545456,21,21,AGATTGGGGGCCACTTCGGA,0,849025
dgoRp,0.045454545454545456,21,21,ACTCGCCTCAATGAACCGGC,0,858421
dgoRp,0.045454545454545456,21,21,ACTAACGTGGATTTGAAAAG,0,855944
dgoRp,0.045454545454545456,21,21,ACCGCGGGGTTAGGAGTAGA,0,862277
dgoRp,0.045454545454545456,21,21,ACCGACGAGAAAGCTGCATT,0,849391
dgoRp,0.045454545454545456,21,21,ACATCAACGCGTCCTTGTAA,0,839548
dgoRp,0.047619047619047616,20,20,TTGATAAAGGATGTGACTTA,0,844085
dgoRp,0.047619047619047616,20,20,TTCCCTCGTCACACGTCAAC,0,850655
dgoRp,0.047619047619047616,20,20,TTAGCAGATCTACGCCGCTA,0,862636
dgoRp,0.047619047619047616,20,20,TGTGCGTTGTGATACATAGT,0,865748
dgoRp,0.047619047619047616,20,20,TGTCTTCCCTTTGTGAGTTA,0,859201
dgoRp,0.047619047619047616,20,20,TGGTCTCCTGAAGACTATCG,0,853091
dgoRp,0.047619047619047616,20,20,TCTTGGCTGATTGGCGGACG,0,861674
dgoRp,0.047619047619047616,20,20,TCTAGTTACGCACTCAAGAA,0,842805
dgoRp,0.047619047619047616,20,20,TCGTCCTTTTGTCCATGGAT,0,860160
dgoRp,0.047619047619047616,20,20,TCCTTCAGACCTACGTCGTG,0,860296
dgoRp,0.047619047619047616,20,20,TCCAGACGCCTCTTATTAAA,0,852410
dgoRp,0.047619047619047616,20,20,TAGCCGCAAAATTGAAGATC,0,844692
dgoRp,0.047619047619047616,20,20,TACAGATTAATCAAGGTGTC,0,841773
dgoRp,0.047619047619047616,20,20,TAATGTCGTGCGAGCACCAC,0,844235
dgoRp,0.047619047619047616,20,20,GTTTGGCGCACTCTGGTTGT,0,848633
dgoRp,0.047619047619047616,20,20,GTGGTCCCACAACCGCAGGT,0,851702
dgoRp,0.047619047619047616,20,20,GTGGGGATTAGGATCGACTG,0,851208
dgoRp,0.047619047619047616,20,20,GTCTTCGGTCAGGTTTGGGA,0,838962
dgoRp,0.047619047619047616,20,20,GTCGGGATCCGATGATCCTC,0,853374
dgoRp,0.047619047619047616,20,20,GTAGTACAGTCCTTGGTTCG,0,860773
dgoRp,0.047619047619047616,20,20,GGTCAGCCCCGTTGGGAAAT,0,841294
dgoRp,0.047619047619047616,20,20,GGGGATGGACCTACCGTGAG,0,840134
dgoRp,0.047619047619047616,20,20,GGAGAGAGTGCCAGCGCGTC,0,859912
dgoRp,0.047619047619047616,20,20,GCGGGGAATTAAGTCTCGTA,0,850862
dgoRp,0.047619047619047616,20,20,GCGATTCGGTGAGCTGCGGT,0,838925
dgoRp,0.047619047619047616,20,20,GCCTGAGCAATTACGTCATG,0,864737
dgoRp,0.047619047619047616,20,20,GCCAGATGATCGAAGGTGTT,0,865394
dgoRp,0.047619047619047616,20,20,GCATGCGGTCCCTGACTAAA,0,836100
dgoRp,0.047619047619047616,20,20,GCATCTTGCCACGCCTATAA,0,840896
dgoRp,0.047619047619047616,20,20,GATCCCTTATGGTAACGCTG,0,842994
dgoRp,0.047619047619047616,20,20,GATCAGTCGCGATATCTATT,0,853732
dgoRp,0.047619047619047616,20,20,GAGTACAGTGCCCCTATGGG,0,858395
dgoRp,0.047619047619047616,20,20,CGCAGTAGGTTCCTGTTGCG,0,842055
dgoRp,0.047619047619047616,20,20,CGAATTCACTTACATTGTTA,0,856120
dgoRp,0.047619047619047616,20,20,CCGTCTGGCGCAGCCCAGAG,0,839287
dgoRp,0.047619047619047616,20,20,CCGGCGCCGGCCAGGATATT,0,845418
dgoRp,0.047619047619047616,20,20,CCATTCTTTCTTAGTACTGG,0,837453
dgoRp,0.047619047619047616,20,20,CAGTCAGTTCTATGGAACAG,0,843480
dgoRp,0.047619047619047616,20,20,CAGCTTAGGGTAAAGGTGGG,0,855926
dgoRp,0.047619047619047616,20,20,CACTGTCGTTCCGATTGGGG,0,860907
dgoRp,0.047619047619047616,20,20,CACGATATCCGATGAGGATC,0,846770
dgoRp,0.047619047619047616,20,20,CACCGTAAGAGTGTGTAGAT,0,851655
dgoRp,0.047619047619047616,20,20,ATTAGATCGTCCGGCCAAAG,0,840923
dgoRp,0.047619047619047616,20,20,ATGAGGGGATCTCAGTGGCC,0,851703
dgoRp,0.047619047619047616,20,20,ATATTGGGCTTACAAAGGAA,0,838226
dgoRp,0.047619047619047616,20,20,ATATTAACGTCGTGAGTATG,0,845504
dgoRp,0.047619047619047616,20,20,ATAATCAAACAATCTACACA,0,855104
dgoRp,0.047619047619047616,20,20,AGTTCCATTGTACAGGGCTA,0,839591
dgoRp,0.047619047619047616,20,20,AGTAATGTTTTCCATTAAAC,0,845200
dgoRp,0.047619047619047616,20,20,AGCTGAGTGAAATTCCTTAC,0,841700
dgoRp,0.047619047619047616,20,20,AGATCTTGACCGCTCAAGTA,0,845419
dgoRp,0.047619047619047616,20,20,ACTTAACCAAGCTCAGACCA,0,843155
dgoRp,0.047619047619047616,20,20,ACTACGCACATTGTAAATAG,0,837427
dgoRp,0.047619047619047616,20,20,ACGACATTTAAAGCTCAATA,0,837745
dgoRp,0.047619047619047616,20,20,ACGAAAGGAGTAAGGTTCCG,0,850620
dgoRp,0.047619047619047616,20,20,ACATATTAGGGGCGACTTAC,0,866624
dgoRp,0.047619047619047616,20,20,ACAGTGGGACTTGGATAGAA,0,864668
dgoRp,0.047619047619047616,20,20,AAGGACTCCCTAGAAATAAT,0,840739
dgoRp,0.047619047619047616,20,20,AAGCCGCGAGATTCCCCGTT,0,848326
dgoRp,0.047619047619047616,20,20,AAAAAATAGACGTAAGAAGC,0,858715
dgoRp,0.05,19,19,TTTCATGTTTGAAGACTCGT,0,858627
dgoRp,0.05,19,19,TTGAGTCCGCGAACTAGAAA,0,856909
dgoRp,0.05,19,19,TTCACGAAGGTTTAGTCTTG,0,841617
dgoRp,0.05,19,19,TTAACGTTGTTTTGTTGTAG,0,842914
dgoRp,0.05,19,19,TGTTGTATGAATACCTCGAG,0,857391
dgoRp,0.05,19,19,TGTTACTATATAGAAAGTCT,0,851676
dgoRp,0.05,19,19,TGGCTGCGAATAGTCCATCT,0,837739
dgoRp,0.05,19,19,TGCCCGGAGGGATTGCGCTT,0,853543
dgoRp,0.05,19,19,TGCAGGGCGCGATAGACTTG,0,837744
dgoRp,0.05,19,19,TGACTGTATAAATCGGGCCA,0,857578
dgoRp,0.05,19,19,TCTCACAGCGGTATCTCGTA,0,859143
dgoRp,0.05,19,19,TCGAGATGCGTCGAGAAGTG,0,839010
dgoRp,0.05,19,19,TCCGCCACCAGAGGTCTGTA,0,836752
dgoRp,0.05,19,19,TCACCAAATAACGCGTTCCT,0,866783
dgoRp,0.05,19,19,TATAGTTTTGGAGACGTTGA,0,859230
dgoRp,0.05,19,19,GTGTCACCATTTGGATCTAT,0,839021
dgoRp,0.05,19,19,GTGGTCATCCACGTTGAGCA,0,838578
dgoRp,0.05,19,19,GTCGATTCATCTAATGCCCA,0,845103
dgoRp,0.05,19,19,GTCCCGGACAGTCCCGGCTC,0,844527
dgoRp,0.05,19,19,GTCCATCACCCTCAAAGCCG,0,844078
dgoRp,0.05,19,19,GTATTTCTTACCAACTTTGT,0,841584
dgoRp,0.05,19,19,GGTATAGACACATGGCCATT,0,840189
dgoRp,0.05,19,19,GGGGTCTCGTCTCTCCGAGC,0,864441
dgoRp,0.05,19,19,GGGGGGCATCCTTGATTCAA,0,862461
dgoRp,0.05,19,19,GGATCTGGGGGGCGCACCTC,0,841557
dgoRp,0.05,19,19,GCCGACACCGCGGTTCTTAA,0,848607
dgoRp,0.05,19,19,GCCAATGACGTAAAAGCAGT,0,865514
dgoRp,0.05,19,19,GCAGCTAGGCGTTGAGCCTA,0,840187
dgoRp,0.05,19,19,GCAAAAGTCTATCAGCTCTT,0,860291
dgoRp,0.05,19,19,GATTCCAATAAAATTAATAG,0,854784
dgoRp,0.05,19,19,GATCAAGGTGAGCCGGCTTT,0,857537
dgoRp,0.05,19,19,GATAGGGAACATACGACCGG,0,841877
dgoRp,0.05,19,19,GAGCTCCATATAAGTCGGGT,0,846075
dgoRp,0.05,19,19,GAGCCAGCTACTACGTGGGA,0,853721
dgoRp,0.05,19,19,GAGCAAGACTGGGACCAAGT,0,859036
dgoRp,0.05,19,19,GAGAGGGCAAGTCCTGTAAG,0,851866
dgoRp,0.05,19,19,CTCGGCGAATAAAAAGCTAC,0,840404
dgoRp,0.05,19,19,CTCCCATCCGAGGGTGAAAA,0,837138
dgoRp,0.05,19,19,CTAGGCTGCAATCATAGGCA,0,838545
dgoRp,0.05,19,19,CTAGAGCCATATAAAACTTC,0,853782
dgoRp,0.05,19,19,CTACATCTGAAAGACCAAAT,0,837758
dgoRp,0.05,19,19,CTAATACAGTAAAGCTAGTA,0,849204
dgoRp,0.05,19,19,CGGAGACGCTACAACCCTTG,0,865871
dgoRp,0.05,19,19,CGGACGGAGATTCAGACGCA,0,850574
dgoRp,0.05,19,19,CGACTAGGACAATTGTAAGG,0,837741
dgoRp,0.05,19,19,CCCCTCTGATAGAGGGAAGA,0,866253
dgoRp,0.05,19,19,CCATTCGTATCAGTAGGCTT,0,853287
dgoRp,0.05,19,19,CCAGTAAATTCACGCATGCA,0,858335
dgoRp,0.05,19,19,CATGACGTGAGTTCCTCGGT,0,842223
dgoRp,0.05,19,19,CAGTACACGTTTGACTAGAA,0,855273
dgoRp,0.05,19,19,CAGCGATTATTTGTGAGCAA,0,853698
dgoRp,0.05,19,19,CAACACTTCGGCTGACAAGA,0,846706
dgoRp,0.05,19,19,ATCGAATAGTTTCTCAATAT,0,866387
dgoRp,0.05,19,19,ATAGTCTCAACACAGCACCT,0,862220
dgoRp,0.05,19,19,ATAGCGTTGTGATCGTCGGT,0,867090
dgoRp,0.05,19,19,ATAAGCCAAAATATCCCCGT,0,861132
dgoRp,0.05,19,19,AGGTTGACGGGGATATCGCT,0,858374
dgoRp,0.05,19,19,AGGTTCTCTCTCTGCCTTAG,0,855051
dgoRp,0.05,19,19,AGGTGTGACGTGATCTAGCC,0,861144
dgoRp,0.05,19,19,AGGGTTAGAAGGTCGCCGCT,0,850966
dgoRp,0.05,19,19,AGAGAGTAGCTACGTATATT,0,849467
dgoRp,0.05,19,19,AGAGAGCCCTCGGTGAATTA,0,855441
dgoRp,0.05,19,19,ACTTGATCCGTACACCTATG,0,857068
dgoRp,0.05,19,19,ACGTTGTAGAGTAGGGCATT,0,863226
dgoRp,0.05,19,19,ACGGATGTTTAGTATTGAAA,0,836264
dgoRp,0.05,19,19,ACCTTTAGAGTGTATATCTT,0,840743
dgoRp,0.05,19,19,ACCGATTCGGTCCACGATAG,0,853676
dgoRp,0.05,19,19,ACCCGACGCAAGTATCCGGC,0,863382
dgoRp,0.05,19,19,ACAGTCCCCCTATGTCAATA,0,843755
dgoRp,0.05,19,19,ACAGAGTTGAGGTCAGACGT,0,841168
dgoRp,0.05,19,19,ACACAAGCCGTGCAATCTTG,0,865542
dgoRp,0.05,19,19,ACACAACCATGAATAGCGTC,0,847980
dgoRp,0.05,19,19,AACAAGGCCCCCGTTTTATA,0,841200
dgoRp,0.05263157894736842,18,18,TTTGGGCCTATGCGTGGATA,0,843850
dgoRp,0.05263157894736842,18,18,TTTCGCCGGCGGAGCCGAAT,0,859591
dgoRp,0.05263157894736842,18,18,TTTACCCGGGATCCAACGTG,0,849954
dgoRp,0.05263157894736842,18,18,TTGTACATATTAAATACGCA,0,853673
dgoRp,0.05263157894736842,18,18,TTCCCTGTAGAGTACGGATA,0,845499
dgoRp,0.05263157894736842,18,18,TTATATCGGGACGAGCGAAA,0,850187
dgoRp,0.05263157894736842,18,18,TGTCATGGGTAGTGATGGCA,0,851573
dgoRp,0.05263157894736842,18,18,TGGCGTCCAGCTTTCGCCCT,0,847591
dgoRp,0.05263157894736842,18,18,TGCTCACGTGGGTGTTCGTC,0,850413
dgoRp,0.05263157894736842,18,18,TGCGCGACTTTAAGGCTCGT,0,847506
dgoRp,0.05263157894736842,18,18,TGATTCCTTGAGAGAGTATT,0,856361
dgoRp,0.05263157894736842,18,18,TGAAATGCAGTCACCTCGGT,0,855491
dgoRp,0.05263157894736842,18,18,TCTGTATAAAGCTCGCCATA,0,848636
dgoRp,0.05263157894736842,18,18,TCTATGCGTGGCATTCGCTT,0,864162
dgoRp,0.05263157894736842,18,18,TCCTTTACGTCTGTACTGTG,0,842497
dgoRp,0.05263157894736842,18,18,TCCTAAAAGTGGGACAAAGA,0,850306
dgoRp,0.05263157894736842,18,18,TCAGGCGGGAATTGACGAAA,0,839561
dgoRp,0.05263157894736842,18,18,TCACAGAGGATGACAAGGCA,0,839705
dgoRp,0.05263157894736842,18,18,TATGCTTCCCTCGCTCATAT,0,853496
dgoRp,0.05263157894736842,18,18,TAGAATCGTATCGGATTGGG,0,847349
dgoRp,0.05263157894736842,18,18,TAAGCAACCTTAACGGCCTG,0,836063
dgoRp,0.05263157894736842,18,18,TAAACGGTCATTCATATCTG,0,836510
dgoRp,0.05263157894736842,18,18,GTTTGGGAGTCCGTAGCCAC,0,851825
dgoRp,0.05263157894736842,18,18,GGTGCCGTGGAGACCCCGAT,0,852283
dgoRp,0.05263157894736842,18,18,GGGGTTCTCATAGCATGAAC,0,858454
dgoRp,0.05263157894736842,18,18,GGGAGTTTATAATGTCGTAA,0,848292
dgoRp,0.05263157894736842,18,18,GGCAGCATTTCAACTTTTGA,0,860456
dgoRp,0.05263157894736842,18,18,GGCACGCACCGAAGGCCCAA,0,841871
dgoRp,0.05263157894736842,18,18,GCTTATTGAATTTCGTGTGG,0,865079
dgoRp,0.05263157894736842,18,18,GCGATTGGCACTCTAGGCCG,0,842630
dgoRp,0.05263157894736842,18,18,GCCGGCGCTGGTTCCTTGTA,0,861163
dgoRp,0.05263157894736842,18,18,GCATCAGATCGGGCGCGTAG,0,838410
dgoRp,0.05263157894736842,18,18,GATTGCTGCAGCCGCGAGTG,0,842840
dgoRp,0.05263157894736842,18,18,GATGGTGCAGCTCTTCCATT,0,866774
dgoRp,0.05263157894736842,18,18,GATGAGTTCAATGCAGTGAA,0,836746
dgoRp,0.05263157894736842,18,18,GATCGTCAGCAAGTCGAAGT,0,839987
dgoRp,0.05263157894736842,18,18,GATATGAGATTCACATTCAT,0,858393
dgoRp,0.05263157894736842,18,18,GAGTTTACTTCGCGGTTCTG,0,845039
dgoRp,0.05263157894736842,18,18,GAGGGACGATAGGCACACTA,0,853369
dgoRp,0.05263157894736842,18,18,CTGCGTCGTCCGTGCCCCAC,0,845434
dgoRp,0.05263157894736842,18,18,CTACCGAATGCTTCCGGAGT,0,844501
dgoRp,0.05263157894736842,18,18,CGTGGGAGCAGCGGAGGAAT,0,842069
dgoRp,0.05263157894736842,18,18,CGTACTGCCTTCCAGAAGTT,0,840829
dgoRp,0.05263157894736842,18,18,CGGTACATTAAGTTTGTCAT,0,861513
dgoRp,0.05263157894736842,18,18,CGGCACGGTGCAATTGTTAC,0,853828
dgoRp,0.05263157894736842,18,18,CGCGAGGCGAAGGTCACGCA,0,861624
dgoRp,0.05263157894736842,18,18,CGCCAGTAATTGCGCGCTGT,0,850278
dgoRp,0.05263157894736842,18,18,CGAATTCGGCAGTGATTAAC,0,864851
dgoRp,0.05263157894736842,18,18,CCTGTAGCGCGACTTAAGGG,0,839889
dgoRp,0.05263157894736842,18,18,CCTGAAGTCAAGCGGCATTT,0,848055
dgoRp,0.05263157894736842,18,18,CCTCGGGTAGCAGAAGGTGG,0,836379
dgoRp,0.05263157894736842,18,18,CCGGTCTCACCATGTTACGA,0,838281
dgoRp,0.05263157894736842,18,18,CCGCGGCTTAAGGCATGGCT,0,851896
dgoRp,0.05263157894736842,18,18,CCCCAATGTCCTGCGTCGAT,0,845609
dgoRp,0.05263157894736842,18,18,CCATGCGAAGTGACCAGGAG,0,860238
dgoRp,0.05263157894736842,18,18,CCATCTAGGAGATACTGGTG,0,839524
dgoRp,0.05263157894736842,18,18,CATTTGCGTATAAGAATTCT,0,852587
dgoRp,0.05263157894736842,18,18,CATCCGAAGTAAACCGTCAA,0,862545
dgoRp,0.05263157894736842,18,18,CAGAGACTTTGGCGAGTCTA,0,861871
dgoRp,0.05263157894736842,18,18,CAGAAGCGCACCCACGGTAG,0,842723
dgoRp,0.05263157894736842,18,18,CACCCTACCTGGGTTACAAA,0,850161
dgoRp,0.05263157894736842,18,18,CAAGGTTGCGGTTCTTTTTC,0,843425
dgoRp,0.05263157894736842,18,18,ATTGGTTCGGGATTCTGTTG,0,842822
dgoRp,0.05263157894736842,18,18,ATTCTCACAACCTTTTGTCA,0,836013
dgoRp,0.05263157894736842,18,18,ATTACGGCAGGGCCGGGATC,0,840214
dgoRp,0.05263157894736842,18,18,ATAAGCTCAACTGTGCTACA,0,836912
dgoRp,0.05263157894736842,18,18,AGTCACATACCTGAGTACTA,0,844262
dgoRp,0.05263157894736842,18,18,AGGCTGCCGTTATACAGTTT,0,838535
dgoRp,0.05263157894736842,18,18,AGGCCTCTAACGATTCCTAC,0,844220
dgoRp,0.05263157894736842,18,18,AGAGAACAGGCCCTGAATAT,0,849825
dgoRp,0.05263157894736842,18,18,ACGTCTGGGCTCCCTGGTCT,0,845650
dgoRp,0.05263157894736842,18,18,ACGTCATCAGCAGATTACCG,0,845751
dgoRp,0.05263157894736842,18,18,ACCGACGTGCCCGTGGTGAA,0,859372
dgoRp,0.05263157894736842,18,18,ACAGCTGCGCGTTTCTCTAT,0,847876
dgoRp,0.05263157894736842,18,18,ACAGATAGGCTCGCGCCCCT,0,851461
dgoRp,0.05263157894736842,18,18,AATTGCGCGATGTTCCTATA,0,862598
dgoRp,0.05263157894736842,18,18,AATCAACTCGAAAGGTAATT,0,852376
dgoRp,0.05263157894736842,18,18,AAGGGTCGCGCCGGATGGCG,0,853702
dgoRp,0.05263157894736842,18,18,AACGCGCTTGGTCCTTAAAT,0,857793
dgoRp,0.05263157894736842,18,18,AACCCAACTGCCAAGGGATG,0,861675
dgoRp,0.05555555555555555,17,17,TTTCACAGATTGAATTGTTG,0,844659
dgoRp,0.05555555555555555,17,17,TTCGTCCAAAGAGGGTCAGC,0,837342
dgoRp,0.05555555555555555,17,17,TTCGCAAGCACTTTAAGGTC,0,836876
dgoRp,0.05555555555555555,17,17,TTCCCCGAGCGTGGCGTACC,0,856918
dgoRp,0.05555555555555555,17,17,TTCCAAATGGAGCTCGCTCT,0,861808
dgoRp,0.05555555555555555,17,17,TTAGTTAGCCTATGTGCTAA,0,838171
dgoRp,0.05555555555555555,17,17,TTACCGAGTCAGGAAATACC,0,856694
dgoRp,0.05555555555555555,17,17,TGTGCTGCGGCGGCTGGAGA,0,845699
dgoRp,0.05555555555555555,17,17,TGCTTCCCCCGCTGTTAATT,0,844560
dgoRp,0.05555555555555555,17,17,TGCCCAGGGAGGGTCCTACG,0,855039
dgoRp,0.05555555555555555,17,17,TGCCCACCCAGTCTACCGCA,0,837681
dgoRp,0.05555555555555555,17,17,TGATGCGGTTCGTTAGCTAG,0,838927
dgoRp,0.05555555555555555,17,17,TGAGGTGAACGTTGAGTTTA,0,847515
dgoRp,0.05555555555555555,17,17,TGAATCAAGGATTCCACCAA,0,858773
dgoRp,0.05555555555555555,17,17,TCTGTCGCTCAGCGCTAGTA,0,852559
dgoRp,0.05555555555555555,17,17,TCTCTACTATTCCCGTGCTA,0,836361
dgoRp,0.05555555555555555,17,17,TCCTGGGGTCCTATTCTACG,0,844789
dgoRp,0.05555555555555555,17,17,TAGCTTGGTGCTCGACCTTG,0,867379
dgoRp,0.05555555555555555,17,17,TAGCTCCTGATGGACACAAC,0,850906
dgoRp,0.05555555555555555,17,17,TACGTCGTCTCCGGCAATTT,0,839817
dgoRp,0.05555555555555555,17,17,TACGAGTAGTGATAATGAGT,0,850485
dgoRp,0.05555555555555555,17,17,TACCGGAAAGACGGTGATAG,0,848674
dgoRp,0.05555555555555555,17,17,TAAATAAGCAAAGCTCACAT,0,865966
dgoRp,0.05555555555555555,17,17,GTTTCGCATACTCTAGATGC,0,864966
dgoRp,0.05555555555555555,17,17,GTTCGCGGGATTGGACCGGC,0,854196
dgoRp,0.05555555555555555,17,17,GGTTATGCAGGGGGTATTAC,0,855974
dgoRp,0.05555555555555555,17,17,GGGGGACAATGATGAAGGGA,0,863312
dgoRp,0.05555555555555555,17,17,GGGAGGCTTCCTCCTACACA,0,852966
dgoRp,0.05555555555555555,17,17,GGCTAGTTTCACCCTTAGAC,0,850702
dgoRp,0.05555555555555555,17,17,GGCGATAGAAGACGCCCCCG,0,858052
dgoRp,0.05555555555555555,17,17,GGCAAGGTTGCCTGTATCGT,0,857071
dgoRp,0.05555555555555555,17,17,GCTTGGGGCCTCGGGGGCTT,0,841772
dgoRp,0.05555555555555555,17,17,GCTGGTTTAACGCTATGAAT,0,855164
dgoRp,0.05555555555555555,17,17,GCTGCAACTCGTATCCAGCT,0,849975
dgoRp,0.05555555555555555,17,17,GCGTTTTACATGACACCAAA,0,836372
dgoRp,0.05555555555555555,17,17,GCGTTGACGTTAAAAGTTTT,0,862098
dgoRp,0.05555555555555555,17,17,GCGTTATTGCACAAAAGGCC,0,843947
dgoRp,0.05555555555555555,17,17,GCCACCGGCCATCGTCGGCA,0,850353
dgoRp,0.05555555555555555,17,17,GCATTCAGACTGGCATTAGT,0,853540
dgoRp,0.05555555555555555,17,17,GCATGGGCTGGCGCGGAATG,0,861939
dgoRp,0.05555555555555555,17,17,GCAGCCTCTGCGCGCTGCCA,0,853024
dgoRp,0.05555555555555555,17,17,GCAATCAAGGAAAGATTTTC,0,848661
dgoRp,0.05555555555555555,17,17,GCAATAAGCCGTTCGAACGG,0,849503
dgoRp,0.05555555555555555,17,17,GATTCGCAAGGAGCTGTGCT,0,863027
dgoRp,0.05555555555555555,17,17,GATGCTTCTCATCCTACCGA,0,847518
dgoRp,0.05555555555555555,17,17,GATCGGCTGAGCACGTTAAC,0,865873
dgoRp,0.05555555555555555,17,17,GATACCGTTATAAGCTGACT,0,863071
dgoRp,0.05555555555555555,17,17,GAGGGTTCCCCCAGAACAAT,0,866467
dgoRp,0.05555555555555555,17,17,GACTCGACGGGATCCCGTAT,0,855077
dgoRp,0.05555555555555555,17,17,GACGTCTCTGGCCTTTGCAA,0,849732
dgoRp,0.05555555555555555,17,17,CTTTTGCGATGGGCAAATGC,0,838860
dgoRp,0.05555555555555555,17,17,CTTAGCTACGAAGAATTAAC,0,838401
dgoRp,0.05555555555555555,17,17,CTGTTGCGGGCTGTATCTAC,0,837544
dgoRp,0.05555555555555555,17,17,CTCACACCAAACTCAATCAG,0,848394
dgoRp,0.05555555555555555,17,17,CGTTCACGGGAATCCTTGGA,0,860989
dgoRp,0.05555555555555555,17,17,CGGATGTCTTGTGTTCGGTA,0,861842
dgoRp,0.05555555555555555,17,17,CGCGTTTCACTCTCTCCGGT,0,841641
dgoRp,0.05555555555555555,17,17,CGCCTCATCCGGCTTTGAGC,0,841419
dgoRp,0.05555555555555555,17,17,CGCAAACCGAAGTAGTGCCT,0,864665
dgoRp,0.05555555555555555,17,17,CGAAATCTATTTGGCGTACG,0,840516
dgoRp,0.05555555555555555,17,17,CGAAATAATTCAGCTGGGAA,0,855145
dgoRp,0.05555555555555555,17,17,CCTCGATAAGGTTGCATTGT,0,848305
dgoRp,0.05555555555555555,17,17,CCGGCCTTCAACAAGAATTA,0,857070
dgoRp,0.05555555555555555,17,17,CCGCACATCCCGCCCGTAGA,0,839931
dgoRp,0.05555555555555555,17,17,CCAGCGGGTCACCTTAGGAT,0,841457
dgoRp,0.05555555555555555,17,17,CCAAGATCGAGAGCTTTTCC,0,851784
dgoRp,0.05555555555555555,17,17,CATCGAGTTAAGACTGACTC,0,839239
dgoRp,0.05555555555555555,17,17,CAGGGCGTTCGACAACTGCG,0,840535
dgoRp,0.05555555555555555,17,17,CAGATCAGATCTCTCAATAC,0,859979
dgoRp,0.05555555555555555,17,17,CAGATCAATGTGGACCAGAG,0,836705
dgoRp,0.05555555555555555,17,17,CAGACGACCAGGATTCGAAC,0,851585
dgoRp,0.05555555555555555,17,17,CACAGGGAGTACGGTCCCGT,0,842131
dgoRp,0.05555555555555555,17,17,CAATGTCTAATGGGGCGGCC,0,860529
dgoRp,0.05555555555555555,17,17,ATTATAAACGCGTTCCAGAC,0,842643
dgoRp,0.05555555555555555,17,17,ATTAGCGGATCATTTAAGAC,0,860284
dgoRp,0.05555555555555555,17,17,ATGACCGGAACACCTTGGAC,0,849717
dgoRp,0.05555555555555555,17,17,ATCTTTAGTGTCCCTCTTCT,0,852750
dgoRp,0.05555555555555555,17,17,ATCTAAACGGGACTCCTTTA,0,855616
dgoRp,0.05555555555555555,17,17,ATCGCACCTGTGTAATAAGT,0,857107
dgoRp,0.05555555555555555,17,17,ATATCAGTGCGACGCCAACT,0,844954
dgoRp,0.05555555555555555,17,17,ATACGGTTGGGGAGCAACCA,0,838038
dgoRp,0.05555555555555555,17,17,AGTTAGGTACTCATGTGAAG,0,860231
dgoRp,0.05555555555555555,17,17,AGGGTTGTTGTGAGAGGCTT,0,843861
dgoRp,0.05555555555555555,17,17,AGCAGTCAAAGGTGCTGCTT,0,853261
dgoRp,0.05555555555555555,17,17,ACGTAAGATCGGGCAATTTA,0,844522
dgoRp,0.05555555555555555,17,17,ACGGGTTGTCACGTATTTGT,0,852612
dgoRp,0.05555555555555555,17,17,ACGATCAACACCGCGAGCCG,0,839897
dgoRp,0.05555555555555555,17,17,ACATTAAAGCCAATCTATCT,0,853491
dgoRp,0.05555555555555555,17,17,AACGCACCCAATGGGAGTGG,0,854645
dgoRp,0.05555555555555555,17,17,AACAGTTCTGTAATCATTTA,0,837151
dgoRp,0.058823529411764705,16,16,TTTTCAGTATATAACGCCAA,0,847580
dgoRp,0.058823529411764705,16,16,TTGTGTGCGAGTATAAGTGC,0,843790
dgoRp,0.058823529411764705,16,16,TTGTGCGGTGCATCTAGTCG,0,836775
dgoRp,0.058823529411764705,16,16,TTGAATCTCCCTCGTTGGCA,0,849507
dgoRp,0.058823529411764705,16,16,TTACGGAGACCCTACGTTTT,0,863815
dgoRp,0.058823529411764705,16,16,TGCTCGCGGGTGGCTTTGGA,0,843494
dgoRp,0.058823529411764705,16,16,TGCGAGCCATCTTGGGGCTG,0,856996
dgoRp,0.058823529411764705,16,16,TGCAGATAAAAAGGACTAAT,0,861667
dgoRp,0.058823529411764705,16,16,TCTTGGTTCACCTACGGTAT,0,866248
dgoRp,0.058823529411764705,16,16,TCTTACCTTTCGGCCAAAGA,0,845176
dgoRp,0.058823529411764705,16,16,TCGTGTGACGGGCGAATACA,0,857458
dgoRp,0.058823529411764705,16,16,TCGTGGCCGGAATCAAGAAC,0,858746
dgoRp,0.058823529411764705,16,16,TCGGCGGCATAGGGTCGTAC,0,839501
dgoRp,0.058823529411764705,16,16,TCCTGATCCCTCTCAAGTCT,0,861128
dgoRp,0.058823529411764705,16,16,TCCCCTGTTAATCTGGTATA,0,849708
dgoRp,0.058823529411764705,16,16,TCCAGTATAAGAAAAATAAA,0,839243
dgoRp,0.058823529411764705,16,16,TCACGAAGATGGTGTCAACA,0,853220
dgoRp,0.058823529411764705,16,16,TATTTGTGGGAGTGGAACCA,0,850999
dgoRp,0.058823529411764705,16,16,TAGGACGGACTTCAGAGGAG,0,847800
dgoRp,0.058823529411764705,16,16,TAGCGTTAAGTTAGATGTGG,0,851569
dgoRp,0.058823529411764705,16,16,TACGTCCTTGTGGTGGTATA,0,856056
dgoRp,0.058823529411764705,16,16,TAAGCAACGTATATCTTAAT,0,843083
dgoRp,0.058823529411764705,16,16,TAAGACATGGTACCGTGACC,0,854435
dgoRp,0.058823529411764705,16,16,TAAATAAAAGCACCAAATAG,0,847382
dgoRp,0.058823529411764705,16,16,TAAAGACCCAGCAACAGAAG,0,854175
dgoRp,0.058823529411764705,16,16,GTTGGGAGGACAGTACAACT,0,842843
dgoRp,0.058823529411764705,16,16,GTTGCGACTCAGTTTGTTAT,0,850321
dgoRp,0.058823529411764705,16,16,GTTCACTGACATCCTGGATC,0,842618
dgoRp,0.058823529411764705,16,16,GTGTGGCACGGTAAGTTCTG,0,856248
dgoRp,0.058823529411764705,16,16,GTGTCCGCAGCCTAGCCCTA,0,854952
dgoRp,0.058823529411764705,16,16,GTGGGATAGAAATATCCAGC,0,842694
dgoRp,0.058823529411764705,16,16,GTCAGAAAGGATCAAGAGGA,0,839391
dgoRp,0.058823529411764705,16,16,GTAATTACTGGCCATGCAGT,0,848811
dgoRp,0.058823529411764705,16,16,GGGCGGCCACTAGGCTTGCT,0,843671
dgoRp,0.058823529411764705,16,16,GGGAGTGTCATGGCATCTAA,0,848999
dgoRp,0.058823529411764705,16,16,GGGAGCGATCGTTCCTTAGA,0,853490
dgoRp,0.058823529411764705,16,16,GGCCGTGAAAGTTTCTATTA,0,851196
dgoRp,0.058823529411764705,16,16,GGAGGTCTCCACGAACGAGA,0,867328
dgoRp,0.058823529411764705,16,16,GGAAGAGAGCCGGCCCGTGT,0,855618
dgoRp,0.058823529411764705,16,16,GGAAAGGGGCCTTCGTACTT,0,845439
dgoRp,0.058823529411764705,16,16,GCGTCAATGGAGCCTCTGCA,0,858189
dgoRp,0.058823529411764705,16,16,GCCCGTTAGAATCGTGGATG,0,859686
dgoRp,0.058823529411764705,16,16,GCAGATCGAGCTGCATAGGC,0,858925
dgoRp,0.058823529411764705,16,16,GCAAAATCGTGGCTTCTCGG,0,840132
dgoRp,0.058823529411764705,16,16,GATTTTCCCGCGAGCCAGTC,0,837275
dgoRp,0.058823529411764705,16,16,GATGGCCAGATAATCGATCT,0,860121
dgoRp,0.058823529411764705,16,16,GATCTCTCCTTCTACGGAAC,0,848213
dgoRp,0.058823529411764705,16,16,GATACAACTTAGGGCTACCA,0,849640
dgoRp,0.058823529411764705,16,16,GAGTGAAGTCACCCGACTAT,0,845512
dgoRp,0.058823529411764705,16,16,GAGCCCAGGGGTCGTTCTTC,0,846451
dgoRp,0.058823529411764705,16,16,GACGGTTCCGCTGGGACCTA,0,849573
dgoRp,0.058823529411764705,16,16,GAATGCAGTGCAACTGATTC,0,846672
dgoRp,0.058823529411764705,16,16,GAATAAAGTTCAGTCACTTA,0,847910
dgoRp,0.058823529411764705,16,16,CTTTTTCTAAAGGCTCAACA,0,843167
dgoRp,0.058823529411764705,16,16,CTTCGCATTGAGGTGGGCGC,0,843451
dgoRp,0.058823529411764705,16,16,CTCCTTGTTAGAGCGCGCGA,0,865275
dgoRp,0.058823529411764705,16,16,CTCCATGCGTAGACCTCGAC,0,865693
dgoRp,0.058823529411764705,16,16,CTCAGATTAGACTTCGGGTT,0,843256
dgoRp,0.058823529411764705,16,16,CTAGTTCGTGGAAGTATCTA,0,866410
dgoRp,0.058823529411764705,16,16,CGTTGATCGCTTTAAATGCT,0,846659
dgoRp,0.058823529411764705,16,16,CGTGCTTAGTACTAAACGAG,0,840993
dgoRp,0.058823529411764705,16,16,CGTGACTAGGCTGGCAGGGT,0,844292
dgoRp,0.058823529411764705,16,16,CGTGAAGAATGTCGCATAAG,0,840595
dgoRp,0.058823529411764705,16,16,CGGGGGCTATATATGTGACT,0,841887
dgoRp,0.058823529411764705,16,16,CGGCACGTGCTTAACTCCAT,0,845023
dgoRp,0.058823529411764705,16,16,CGCGTTCCGGGGTGGCATAT,0,837615
dgoRp,0.058823529411764705,16,16,CGCACGTGGACGCCAAGGTA,0,854019
dgoRp,0.058823529411764705,16,16,CGATAGTGGCTGCGAGATCT,0,853350
dgoRp,0.058823529411764705,16,16,CGAGTTGATCATCGAGACCC,0,857130
dgoRp,0.058823529411764705,16,16,CGAATGGGGATACATGACAC,0,836947
dgoRp,0.058823529411764705,16,16,CCTTCTAACGACTCCCCCGG,0,844740
dgoRp,0.058823529411764705,16,16,CCTATTGCGTCGTCTCAGGT,0,853963
dgoRp,0.058823529411764705,16,16,CCGTTGTGTGCAAGGAAGGG,0,857051
dgoRp,0.058823529411764705,16,16,CCGGTTAGTCCGTACAGCGC,0,849533
dgoRp,0.058823529411764705,16,16,CCGAATGTTGCACCAGCGCA,0,846506
dgoRp,0.058823529411764705,16,16,CCGAATAGGTAATGCAGAGA,0,846976
dgoRp,0.058823529411764705,16,16,CCCCTGGGTATGACACCGCT,0,855321
dgoRp,0.058823529411764705,16,16,CCAGAACTTCTTGTAGCATC,0,849128
dgoRp,0.058823529411764705,16,16,CCAACGCCTTTCCTCATGGC,0,851167
dgoRp,0.058823529411764705,16,16,CAGGCGACTGGAACCTTCCA,0,854998
dgoRp,0.058823529411764705,16,16,CAGATCACGACTGGGTAGAT,0,841618
dgoRp,0.058823529411764705,16,16,CACCAGCCAGTCCTACGGAA,0,862534
dgoRp,0.058823529411764705,16,16,CAATCCACACAGGGCCGATA,0,837937
dgoRp,0.058823529411764705,16,16,CAATACTATTATGACCCTCT,0,839216
dgoRp,0.058823529411764705,16,16,ATTTCACAAGCGTTGGGTCA,0,862539
dgoRp,0.058823529411764705,16,16,ATTCCGTTGTTAGTCGATGC,0,841981
dgoRp,0.058823529411764705,16,16,ATAACACCAATTACGGAGAT,0,856272
dgoRp,0.058823529411764705,16,16,AGTGTATTTGGGCCAAGTGG,0,857075
dgoRp,0.058823529411764705,16,16,AGTAGTGATGAGGACTGAGA,0,838111
dgoRp,0.058823529411764705,16,16,AGGTCTTGACCGCGATAGTT,0,839837
dgoRp,0.058823529411764705,16,16,AGGTAGTAGTTTTTGGTAAT,0,839288
dgoRp,0.058823529411764705,16,16,AGGGTCAATTATGGATGATT,0,846203
dgoRp,0.058823529411764705,16,16,AGGCAGCGAAGTAGCTGGTG,0,863200
dgoRp,0.058823529411764705,16,16,AGCGGAACATCACTAGGCAT,0,845588
dgoRp,0.058823529411764705,16,16,AGCCATACTCGTATTATTTC,0,862431
dgoRp,0.058823529411764705,16,16,AGCCAACCAGTACCCGATTA,0,851408
dgoRp,0.058823529411764705,16,16,AGCACGCCCGACAGCGTGAT,0,848366
dgoRp,0.058823529411764705,16,16,AGAGCCGCTGCCTTCGGCCC,0,839948
dgoRp,0.058823529411764705,16,16,ACTGGCCCGTTCACTTTATG,0,854066
dgoRp,0.058823529411764705,16,16,ACTCGGATATTGCCTGTCTC,0,847548
dgoRp,0.058823529411764705,16,16,ACTCGCAAGCGCCAGTCTCT,0,843877
dgoRp,0.058823529411764705,16,16,ACTCGATACTCTCAGTGACT,0,849642
dgoRp,0.058823529411764705,16,16,ACGGGGGTCCAAACATACGG,0,851851
dgoRp,0.058823529411764705,16,16,ACGGGCTCAGTGCCATGCGC,0,852689
dgoRp,0.058823529411764705,16,16,ACGCTGAGATCGTCTCACCG,0,862521
dgoRp,0.058823529411764705,16,16,ACGCACATGCTATAGAACGT,0,839331
dgoRp,0.058823529411764705,16,16,ACCATTACGAGTATGGGGGA,0,846135
dgoRp,0.058823529411764705,16,16,ACAGTTAACTAACGATTTCG,0,842024
dgoRp,0.058823529411764705,16,16,ACACAGGTCAGGCATCGGTG,0,854293
dgoRp,0.058823529411764705,16,16,ACAAAAGGGGCACATAGCGG,0,847260
dgoRp,0.058823529411764705,16,16,AAGGCTGCGTGCCGCGGCAA,0,858313
dgoRp,0.058823529411764705,16,16,AACGTGTAAGGTCGTCTACA,0,851211
dgoRp,0.058823529411764705,16,16,AACGCCCAGTAAAAAAATTT,0,856121
dgoRp,0.058823529411764705,16,16,AAAATGGCCACAGCAGCACG,0,853263
dgoRp,0.058823529411764705,16,16,AAAAAGAAACAGTCTGCTTA,0,862044
dgoRp,0.0625,15,15,TTTTTGGGGCCTACGTGATC,0,847695
dgoRp,0.0625,15,15,TTGTGCCGCGCCTGGATTAC,0,863558
dgoRp,0.0625,15,15,TTGCGATGCGGTCAACTGTT,0,848006
dgoRp,0.0625,15,15,TTCCTTCGGGCTTTCAAATG,0,852285
dgoRp,0.0625,15,15,TTCCCGTTAAAATTTCTCGC,0,847161
dgoRp,0.0625,15,15,TTCAGGACAACGACTGCCGT,0,839840
dgoRp,0.0625,15,15,TTCACCTGATGTACTAGCAT,0,838993
dgoRp,0.0625,15,15,TTATGGTGTCGTACTTTGGC,0,853154
dgoRp,0.0625,15,15,TTAGGCCCGTTATGGTAGGT,0,844748
dgoRp,0.0625,15,15,TGTGGGAAGCAGGTGTAACA,0,856727
dgoRp,0.0625,15,15,TGTATGGGTCTTCTGCAGAA,0,853832
dgoRp,0.0625,15,15,TGTAGATGATCATATAACCT,0,837440
dgoRp,0.0625,15,15,TGGGGTTTCCCGCTCGGAAT,0,845380
dgoRp,0.0625,15,15,TGCCGTAATTTTGATGTCCG,0,851906
dgoRp,0.0625,15,15,TGCCGCAAACTTTCAGGCAG,0,844200
dgoRp,0.0625,15,15,TGACTTCTTTTTAATTTCAC,0,856100
dgoRp,0.0625,15,15,TGACGAGTTATTTACAAGTA,0,846078
dgoRp,0.0625,15,15,TCTGCCAGACCTCTGCAACC,0,855130
dgoRp,0.0625,15,15,TCTCGCATAACGTTCCAGTT,0,839439
dgoRp,0.0625,15,15,TCTAGTATCTTATAGAGATT,0,841642
dgoRp,0.0625,15,15,TCGTCGTGATTTGTCGTAAG,0,847297
dgoRp,0.0625,15,15,TCGGACTACATACTTGGACT,0,837840
dgoRp,0.0625,15,15,TCGATGAAAATTAAGCTCAG,0,855540
dgoRp,0.0625,15,15,TCCCCTGTCGTTTGCACCAC,0,840302
dgoRp,0.0625,15,15,TCACACCGTAGACTAGCTAC,0,846182
dgoRp,0.0625,15,15,TCAACTGAATTGTCTGTGGT,0,862850
dgoRp,0.0625,15,15,TCAACACACGCGTGGTCGTC,0,853004
dgoRp,0.0625,15,15,TATGCTGACACTCGACGCAT,0,837787
dgoRp,0.0625,15,15,TATGAGTGTGCTGACTGTAA,0,848569
dgoRp,0.0625,15,15,TAGGCTGTCTCAGGCAGCGC,0,847951
dgoRp,0.0625,15,15,TACTTCTCATCGCGATGTTC,0,860138
dgoRp,0.0625,15,15,TAATAGAATGTTGCTGAGAG,0,843259
dgoRp,0.0625,15,15,TAAGAGCTCGTACAAGAAAC,0,836066
dgoRp,0.0625,15,15,TAAATGAGTTACAGGATGAA,0,855602
dgoRp,0.0625,15,15,GTTGACATACTTACTCCAAA,0,839991
dgoRp,0.0625,15,15,GTTCCCTCGTGTGAGATCAG,0,849435
dgoRp,0.0625,15,15,GTGGTGGTTGGAGTAGGCTC,0,861950
dgoRp,0.0625,15,15,GTGCGCGAAGCAGATTTTGG,0,837088
dgoRp,0.0625,15,15,GTGAATATATATGTCGTGAT,0,859461
dgoRp,0.0625,15,15,GTATGGACTTGTCTGTTAAC,0,853892
dgoRp,0.0625,15,15,GTAGTCAGTTACCTCCGCTC,0,851101
dgoRp,0.0625,15,15,GGTTTACGTAAGATTCCATC,0,836776
dgoRp,0.0625,15,15,GGTGGGCCGCGTTTAGGTGA,0,839704
dgoRp,0.0625,15,15,GGTCCAGCGGGGGGAAACAT,0,850099
dgoRp,0.0625,15,15,GGGTGGGGCGGTGAAGCCGA,0,860526
dgoRp,0.0625,15,15,GGGCGGCAACGGTGGTGCAC,0,861656
dgoRp,0.0625,15,15,GGGCCGGACTCCATACGGGG,0,847196
dgoRp,0.0625,15,15,GGGAGGTTGCCATACCAAAG,0,859978
dgoRp,0.0625,15,15,GGCTGGGACATGACCATGAG,0,853099
dgoRp,0.0625,15,15,GGCGATTTCTATTCTTTCTA,0,856584
dgoRp,0.0625,15,15,GGATTGAGAGACCCAAGAAA,0,855478
dgoRp,0.0625,15,15,GGATTAATACAAACATTAGT,0,847023
dgoRp,0.0625,15,15,GCGGGGGGGCGCTTACGAGG,0,846900
dgoRp,0.0625,15,15,GCATCCTCTGTATCGGTTTC,0,853773
dgoRp,0.0625,15,15,GATGGAATGGAACGAGCCCC,0,842527
dgoRp,0.0625,15,15,GATAGTCGAGTGCTTCGCTA,0,862859
dgoRp,0.0625,15,15,GATAGGCCTGCCATAGCCTT,0,843168
dgoRp,0.0625,15,15,GATAAAGTGACAGTAATGTT,0,852450
dgoRp,0.0625,15,15,GAGTCACTCAAGCATGGGAG,0,864617
dgoRp,0.0625,15,15,GAGGTCGCGATGTTGACCCA,0,844799
dgoRp,0.0625,15,15,GAGCCCTTAGCCGCGCGAAG,0,847541
dgoRp,0.0625,15,15,GAGATAGCATCATCCTATGC,0,846968
dgoRp,0.0625,15,15,GACTTTGATCAGATGCTACT,0,862225
dgoRp,0.0625,15,15,GACGTGTCCCGGCCTCAGAT,0,851601
dgoRp,0.0625,15,15,GAAGTCCTTTATGATTTTGG,0,850545
dgoRp,0.0625,15,15,GAACTCTCTGGCACGTCAAC,0,864259
dgoRp,0.0625,15,15,CTTACGAGAGCGCGTAGCAG,0,837451
dgoRp,0.0625,15,15,CTGTATACATCATTGAGACA,0,863225
dgoRp,0.0625,15,15,CTCTTAAAGTACCCTATCTA,0,841015
dgoRp,0.0625,15,15,CTCTGGTTTCGCGGATAGGA,0,848861
dgoRp,0.0625,15,15,CTCAGCCGGCACTCCCGTGG,0,837642
dgoRp,0.0625,15,15,CTACGTTTATCAAGTTGCGC,0,850890
dgoRp,0.0625,15,15,CGTCGGACGTACATTAGTCG,0,863492
dgoRp,0.0625,15,15,CGGTTGGGGTTGAATGTGGG,0,862482
dgoRp,0.0625,15,15,CGGTCTCTAAGAGGTAGGAA,0,856994
dgoRp,0.0625,15,15,CGGGTACTAATGTTGTACGA,0,844587
dgoRp,0.0625,15,15,CGGGGTAAGACTTGAATGCA,0,862592
dgoRp,0.0625,15,15,CGGGGCCTGCTTGGGGTATA,0,842180
dgoRp,0.0625,15,15,CGGCCTCTTCGCAGGCAGTG,0,855199
dgoRp,0.0625,15,15,CGACTTTCACGCCGTATAGG,0,855714
dgoRp,0.0625,15,15,CGACAGGGTTTGAACCTTAA,0,866254
dgoRp,0.0625,15,15,CCTGTCCCTCTTAATCAGCT,0,856219
dgoRp,0.0625,15,15,CCGGACGGCTGAAAACGGTT,0,839448
dgoRp,0.0625,15,15,CCGCGTCCGATGGGTGGGAC,0,837450
dgoRp,0.0625,15,15,CCGAATGGGGTCACCGCAGA,0,849823
dgoRp,0.0625,15,15,CCGAAGGGAGCATCAAGTTG,0,857240
dgoRp,0.0625,15,15,CCATGGAAGATCCGCCCCTA,0,851958
dgoRp,0.0625,15,15,CATATAAGAACATCGATCTT,0,864757
dgoRp,0.0625,15,15,CAGTAGTACCAGCGATGCGG,0,843589
dgoRp,0.0625,15,15,CAGGCCCTTATAATGTAGTT,0,866013
dgoRp,0.0625,15,15,CAGCAGGATTTTCGCCACGA,0,852719
dgoRp,0.0625,15,15,CACTATCCTAACTGGAAGCA,0,865115
dgoRp,0.0625,15,15,CACCCCCGGTCTAGCCATTA,0,854024
dgoRp,0.0625,15,15,CAATGGAAGTCGCTTCCCAC,0,836099
dgoRp,0.0625,15,15,CAAGCGTCTGAATTATGCGC,0,844668
dgoRp,0.0625,15,15,CAACAAAATCGGGCAGTGCG,0,851788
dgoRp,0.0625,15,15,ATTCGCCCCCTGCCATCAAT,0,862125
dgoRp,0.0625,15,15,ATGCCCGGGTACACATGTCA,0,856202
dgoRp,0.0625,15,15,ATGCCCAACAACTGACGCAT,0,842296
dgoRp,0.0625,15,15,ATCATGCCAGGGCAGAACAG,0,853383
dgoRp,0.0625,15,15,ATCAGGTCTGACCCCAGATG,0,841688
dgoRp,0.0625,15,15,ATATCATCGCTTCGCTATCT,0,854584
dgoRp,0.0625,15,15,ATAGATTGGAATCGTGCACG,0,865407
dgoRp,0.0625,15,15,ATAAAGGACGAGGTCGGGGT,0,838509
dgoRp,0.0625,15,15,AGTTTATCTGAGGAGCAAGC,0,856544
dgoRp,0.0625,15,15,AGGGTTGAGGTCATTGTCGG,0,849462
dgoRp,0.0625,15,15,AGCTGTAGTTTCGCTGATAC,0,862480
dgoRp,0.0625,15,15,AGCATTTAGGGCGGAGGTAA,0,848468
dgoRp,0.0625,15,15,AGATCCTTCACGCGGTAAAT,0,842193
dgoRp,0.0625,15,15,AGAGGACCTGGTCTATTCAT,0,848948
dgoRp,0.0625,15,15,ACGTATCGTTCGGAGGATTA,0,836602
dgoRp,0.0625,15,15,ACGATTTCCAATTTGACGCG,0,843368
dgoRp,0.0625,15,15,ACCCTCTCGCAAATGACCCT,0,850818
dgoRp,0.0625,15,15,ACAAGCGTATCGGATTAGCA,0,842038
dgoRp,0.0625,15,15,AATCTATCAATCAGAAACAA,0,847106
dgoRp,0.0625,15,15,AATCGCTCGTCGTGGTCAAG,0,850158
dgoRp,0.0625,15,15,AATCCCGACTTGAATGAAAC,0,842907
dgoRp,0.0625,15,15,AATAGGCTCGAAATAGCAGA,0,862221
dgoRp,0.0625,15,15,AAGTGCCTGGTAGAGTGACA,0,840344
dgoRp,0.0625,15,15,AAGTCTAGGGTGGGCAGGGA,0,836277
dgoRp,0.0625,15,15,AAGGGTTAAGAGGATTGGCG,0,849534
dgoRp,0.0625,15,15,AAGCGGGTTCGACTTTCGTC,0,862791
dgoRp,0.0625,15,15,AAGCAACGGCTCTGAAAGCG,0,855270
dgoRp,0.0625,15,15,AAGAGCCCACCTCACATATT,0,861031
dgoRp,0.0625,15,15,AACTGACAATGGGTGGCTGT,0,835887
dgoRp,0.0625,15,15,AACACAAGCTGGATAACTCA,0,844167
dgoRp,0.0625,15,15,AAAAGGCTGCGAAGACAGTT,0,838278
dgoRp,0.06666666666666667,14,14,TTTTCTCTAGTCAGACCTGA,0,852688
dgoRp,0.06666666666666667,14,14,TTTCTAGAGCAGGACGGACA,0,851468
dgoRp,0.06666666666666667,14,14,TTGTTTGCTGCCCTCGGCTG,0,837871
dgoRp,0.06666666666666667,14,14,TTGTGGCACGGTGTATACCA,0,867004
dgoRp,0.06666666666666667,14,14,TTGTAAGATCCTCCCTACTA,0,861697
dgoRp,0.06666666666666667,14,14,TTGGCTAGTTCCGTACTGTT,0,856547
dgoRp,0.06666666666666667,14,14,TTGACATCTCCGGTCCTGAC,0,860471
dgoRp,0.06666666666666667,14,14,TTCGGTCACGTTGGACGCAT,0,837759
dgoRp,0.06666666666666667,14,14,TTAGGGTGCTCTTCCCATCA,0,858321
dgoRp,0.06666666666666667,14,14,TTAGAACGAGCTCCACTCCC,0,862867
dgoRp,0.06666666666666667,14,14,TTACATAGTAAACTCTATCA,0,857067
dgoRp,0.06666666666666667,14,14,TGTTCACACCGCGCAGATCG,0,850501
dgoRp,0.06666666666666667,14,14,TGCCGTAGTCTCTTTTAAAT,0,842328
dgoRp,0.06666666666666667,14,14,TGCATTTGACGCGTGCACTT,0,838135
dgoRp,0.06666666666666667,14,14,TGCAACGTAGCCGCTGTTTA,0,839261
dgoRp,0.06666666666666667,14,14,TGAGAATGCTTCATGACCAG,0,854035
dgoRp,0.06666666666666667,14,14,TGAATGGGGAGGACCTTGGT,0,848356
dgoRp,0.06666666666666667,14,14,TCGTTCCCATGATACGGAAC,0,842005
dgoRp,0.06666666666666667,14,14,TCGCGTTCGATGGAACGGTA,0,855873
dgoRp,0.06666666666666667,14,14,TCCTGCGGTGTGCTATTGTT,0,848153
dgoRp,0.06666666666666667,14,14,TCCCAGGAACTTGGAAGTGA,0,858957
dgoRp,0.06666666666666667,14,14,TCCATATTAGCGCAGCGAGC,0,858398
dgoRp,0.06666666666666667,14,14,TCCACATAGAATCTCGACGC,0,851462
dgoRp,0.06666666666666667,14,14,TCATAGAGCCTGGGCCGTGT,0,859646
dgoRp,0.06666666666666667,14,14,TCAGAATCTAACACGTGGGC,0,861517
dgoRp,0.06666666666666667,14,14,TCACTCAGCTAACCGGCGAA,0,848116
dgoRp,0.06666666666666667,14,14,TATTGGTGCTACTTTCGTAT,0,861712
dgoRp,0.06666666666666667,14,14,TATTCAAGGTACGAGAGCGT,0,858900
dgoRp,0.06666666666666667,14,14,TATGGTCGGCAGAGGGCGGA,0,866882
dgoRp,0.06666666666666667,14,14,TATCGGCCAAAGTGCGTCTT,0,838314
dgoRp,0.06666666666666667,14,14,TAGGCCTAGTCCACCAGACC,0,842980
dgoRp,0.06666666666666667,14,14,TAAACCCTGCTACTCGAATT,0,854537
dgoRp,0.06666666666666667,14,14,GTTTGTGCGAACAAAGCTAT,0,846138
dgoRp,0.06666666666666667,14,14,GTTTCGTGTTTTGCGGGATG,0,846762
dgoRp,0.06666666666666667,14,14,GTTGCAAGAAGAGGGTCCGT,0,854073
dgoRp,0.06666666666666667,14,14,GTTCTGAGGATCAACGGCAT,0,863754
dgoRp,0.06666666666666667,14,14,GTGGCTGGACCGTGTGTAAC,0,859619
dgoRp,0.06666666666666667,14,14,GTGCGTACCACGTCATGTCT,0,860344
dgoRp,0.06666666666666667,14,14,GTGCGGGGCTCTACAGTGTT,0,847188
dgoRp,0.06666666666666667,14,14,GTGCACCTCTTTTGATATCT,0,852749
dgoRp,0.06666666666666667,14,14,GTGAGAGGGCGTACGGGGAC,0,845511
dgoRp,0.06666666666666667,14,14,GTCTAAGCTAGCAATAACCT,0,841575
dgoRp,0.06666666666666667,14,14,GTCCTTTAAGCACAAATACA,0,853049
dgoRp,0.06666666666666667,14,14,GTCCTCTTAGTCGAGGTAAT,0,843871
dgoRp,0.06666666666666667,14,14,GTCCGCAGACCACTTTGGGA,0,859813
dgoRp,0.06666666666666667,14,14,GTCCACCCCGAGGCATTAGA,0,850209
dgoRp,0.06666666666666667,14,14,GTCATGCGGCCGAGTTAGCA,0,844566
dgoRp,0.06666666666666667,14,14,GTAGACTGATTGCACCGAAG,0,866591
dgoRp,0.06666666666666667,14,14,GTACTCTTCAGATGTGGGCT,0,840098
dgoRp,0.06666666666666667,14,14,GGTGCTGACGACAGGCTTCT,0,848448
dgoRp,0.06666666666666667,14,14,GGGAAACCATGCTCCGCCTA,0,864497
dgoRp,0.06666666666666667,14,14,GGCGTGGTGGAGGGCTCCTC,0,866594
dgoRp,0.06666666666666667,14,14,GGACAATAAACCCTACCCCC,0,856103
dgoRp,0.06666666666666667,14,14,GGAACCTTTGTGTGTCCGGA,0,840798
dgoRp,0.06666666666666667,14,14,GCTTTGAGTATCAGAGAAAA,0,853603
dgoRp,0.06666666666666667,14,14,GCTTGCCATGTAATTGCGCA,0,841592
dgoRp,0.06666666666666667,14,14,GCTGTGTTCTATCAGAGGAA,0,849979
dgoRp,0.06666666666666667,14,14,GCTCGACCTGATCAACTACT,0,843414
dgoRp,0.06666666666666667,14,14,GCGATGTTCGGTCATTTTAT,0,858128
dgoRp,0.06666666666666667,14,14,GCGATGCACGCGGTCGCCCT,0,856388
dgoRp,0.06666666666666667,14,14,GCGAGGATGAAGGAAAACAA,0,858859
dgoRp,0.06666666666666667,14,14,GCCTTCGGCAAGCAGGATAT,0,850323
dgoRp,0.06666666666666667,14,14,GCCGTAAAGAACGTGCTCCC,0,861773
dgoRp,0.06666666666666667,14,14,GCACCGATGCGAACACTTGT,0,845646
dgoRp,0.06666666666666667,14,14,GCAAACCATTCGAAGATGAA,0,841175
dgoRp,0.06666666666666667,14,14,GATGCGGGTTGTCCAGGATT,0,839623
dgoRp,0.06666666666666667,14,14,GATCATACAGAAAACGCAGC,0,842495
dgoRp,0.06666666666666667,14,14,GATATAGAAAACCGTTGATG,0,860362
dgoRp,0.06666666666666667,14,14,GAGTATGTCTCCGAGTCGGA,0,837956
dgoRp,0.06666666666666667,14,14,GAGCTCACCTCTGCTCAATT,0,859727
dgoRp,0.06666666666666667,14,14,GAGATATCGATCAAAGCGAC,0,854651
dgoRp,0.06666666666666667,14,14,GACTCCGGGCGTGCACCGGC,0,859063
dgoRp,0.06666666666666667,14,14,GACTAAAGTCCGTGTGAATT,0,863172
dgoRp,0.06666666666666667,14,14,GACCAAACTTGGAGAGGTCC,0,843123
dgoRp,0.06666666666666667,14,14,GACAAAGGGAGAGACTAGAT,0,851843
dgoRp,0.06666666666666667,14,14,CTTCTAGTGCCGGGGTAGCA,0,862573
dgoRp,0.06666666666666667,14,14,CTTAGTGTTAATTTGCTCAG,0,851380
dgoRp,0.06666666666666667,14,14,CTGTTTATCTGCACTACGAT,0,844518
dgoRp,0.06666666666666667,14,14,CTGCGTGCATGCCTAATGAC,0,844739
dgoRp,0.06666666666666667,14,14,CTGCCGGCGCACTCAATCAA,0,846338
dgoRp,0.06666666666666667,14,14,CTGAGGGCACTCCTCGCGAT,0,854957
dgoRp,0.06666666666666667,14,14,CTACGTGGGTATCGTCCGGG,0,864236
dgoRp,0.06666666666666667,14,14,CTACAGCGATTACTAACGGC,0,852372
dgoRp,0.06666666666666667,14,14,CGTTTAGTGTAGTTATTATA,0,856900
dgoRp,0.06666666666666667,14,14,CGTGTAGTTAGGAGGTGGTT,0,855243
dgoRp,0.06666666666666667,14,14,CGTGGGTATCCGAGGCCGTG,0,836953
dgoRp,0.06666666666666667,14,14,CGTGCGTTTTCCGGGCTGTT,0,845142
dgoRp,0.06666666666666667,14,14,CGTGCGGAATTAGGCACGGA,0,849190
dgoRp,0.06666666666666667,14,14,CGGTGTCGTGGGGTCCACGC,0,851504
dgoRp,0.06666666666666667,14,14,CGGAGAGGCATGCGTGGGAC,0,857557
dgoRp,0.06666666666666667,14,14,CGGACCGGTCTGCGCGCCAA,0,851129
dgoRp,0.06666666666666667,14,14,CGGAAGGCTTCGATTCTTTG,0,856972
dgoRp,0.06666666666666667,14,14,CGCGCAACGTCCGACGTGTC,0,866571
dgoRp,0.06666666666666667,14,14,CGCGATGCCAAGGTATAGGC,0,857055
dgoRp,0.06666666666666667,14,14,CGATATCGCCCCTTACCCGC,0,855806
dgoRp,0.06666666666666667,14,14,CGAATATAGATAATAGCGGT,0,862146
dgoRp,0.06666666666666667,14,14,CGAAAGTCATGTGTATATAA,0,857364
dgoRp,0.06666666666666667,14,14,CCTGCTCCGTCGTGCACCCA,0,854585
dgoRp,0.06666666666666667,14,14,CCGTGTGTTAGGTGTCAGGC,0,853396
dgoRp,0.06666666666666667,14,14,CCGTGCAACGTGGTCCGTCG,0,853678
dgoRp,0.06666666666666667,14,14,CCGGGTCGAAAGTAATAGGA,0,861131
dgoRp,0.06666666666666667,14,14,CCGCGGATTTTTGTATTTAA,0,856964
dgoRp,0.06666666666666667,14,14,CCGATTATTGCAATGCACGT,0,844152
dgoRp,0.06666666666666667,14,14,CCCTGGGGCGAGTACCATAA,0,842077
dgoRp,0.06666666666666667,14,14,CCCGAAAATCCTAGGTACAA,0,850731
dgoRp,0.06666666666666667,14,14,CCCCCGTCCGTTGTTTACCT,0,840155
dgoRp,0.06666666666666667,14,14,CCCATCAACGCAATTGGTGT,0,860147
dgoRp,0.06666666666666667,14,14,CCCAAATACATCTTTTGATG,0,838162
dgoRp,0.06666666666666667,14,14,CCATTCCCGCTATAGGGGAC,0,852519
dgoRp,0.06666666666666667,14,14,CCACGGGCAATAGGCAGTTC,0,837762
dgoRp,0.06666666666666667,14,14,CCAAACCACACTACCAGTGT,0,863652
dgoRp,0.06666666666666667,14,14,CATGTGTTTTCCCACGCATT,0,849317
dgoRp,0.06666666666666667,14,14,CAGCAGCTGTCAAACCTGCC,0,854524
dgoRp,0.06666666666666667,14,14,CAGATAAGGCGCAACAAGTC,0,847896
dgoRp,0.06666666666666667,14,14,CAGAACAAGGTTTACTATTA,0,848346
dgoRp,0.06666666666666667,14,14,CACTATTCGAGTTTCCAAAG,0,864807
dgoRp,0.06666666666666667,14,14,CACGAGCGTGTCTATAGATA,0,854742
dgoRp,0.06666666666666667,14,14,CACATCCCACTAAATACTAA,0,852930
dgoRp,0.06666666666666667,14,14,CAATGGATCGGGTTTCTTGC,0,863067
dgoRp,0.06666666666666667,14,14,CAAGCTTTGAAATCGTCCTG,0,836069
dgoRp,0.06666666666666667,14,14,CAAGCGGATCACCTGGAAAA,0,863248
dgoRp,0.06666666666666667,14,14,CAACCTCCTCCTCCCTACGG,0,842621
dgoRp,0.06666666666666667,14,14,ATGGGATTTTTGGTGAGCTT,0,836217
dgoRp,0.06666666666666667,14,14,ATGGCAATGGTGTTGAAGCT,0,841195
dgoRp,0.06666666666666667,14,14,ATGCCACGTTACACCGGTTG,0,865231
dgoRp,0.06666666666666667,14,14,ATGCATACATCCTCGTCCCT,0,850831
dgoRp,0.06666666666666667,14,14,ATGCAGATCTGGAGGCTTCA,0,837216
dgoRp,0.06666666666666667,14,14,ATCCGTGGGCATCGAGATGA,0,836883
dgoRp,0.06666666666666667,14,14,ATATCGCGACACCCGTAATT,0,856256
dgoRp,0.06666666666666667,14,14,ATAGGAGTGTAGAGACAGCA,0,862164
dgoRp,0.06666666666666667,14,14,ATAGAAACTGGATCTTGACT,0,837179
dgoRp,0.06666666666666667,14,14,ATACGAAGCGTATACGGAGT,0,858568
dgoRp,0.06666666666666667,14,14,AGTGTCTACGCCGGAAGACA,0,862140
dgoRp,0.06666666666666667,14,14,AGTGCGAAGAGACGAGCTAA,0,865462
dgoRp,0.06666666666666667,14,14,AGGTGCTATTTAGTCTGGTA,0,842986
dgoRp,0.06666666666666667,14,14,AGGGAAAAGAGTCGGTTCTG,0,857624
dgoRp,0.06666666666666667,14,14,AGGCGGCCATGCTGGACCGC,0,859856
dgoRp,0.06666666666666667,14,14,AGGACAGACCCGGACAGTTG,0,837442
dgoRp,0.06666666666666667,14,14,AGCGTAAATTCTGCGGTTTA,0,857053
dgoRp,0.06666666666666667,14,14,AGATCATGGGATACGAACGA,0,849429
dgoRp,0.06666666666666667,14,14,AGAAGAACGTCCATGTCTCA,0,864601
dgoRp,0.06666666666666667,14,14,AGAAAAGCTGGTAACAGCCC,0,858953
dgoRp,0.06666666666666667,14,14,ACTGATGCTTCTGGCCGATC,0,850328
dgoRp,0.06666666666666667,14,14,ACTCTAGGGGGACTATAAAC,0,842544
dgoRp,0.06666666666666667,14,14,ACGTTAGCAGGTTGCTAGGA,0,844774
dgoRp,0.06666666666666667,14,14,ACCTACAGGTTGGCGCTGCA,0,842329
dgoRp,0.06666666666666667,14,14,ACCCATATTATTACACTCCA,0,847068
dgoRp,0.06666666666666667,14,14,ACCATGAGAAGTCTCAGGCG,0,836771
dgoRp,0.06666666666666667,14,14,ACCATATCTAGAGGTGTTAA,0,859533
dgoRp,0.06666666666666667,14,14,ACATGGGTGTGCCTGGAGTA,0,858970
dgoRp,0.06666666666666667,14,14,ACACGATCATTTCAGGTCTA,0,844926
dgoRp,0.06666666666666667,14,14,AATTAGCAAGGAGCTTTGGA,0,840752
dgoRp,0.06666666666666667,14,14,AATGATCACTTAGCGCTTTG,0,850296
dgoRp,0.06666666666666667,14,14,AAGTGTGTTTCCGTTGGGTT,0,861993
dgoRp,0.06666666666666667,14,14,AAGCACCATTGGGGTTTATA,0,857644
dgoRp,0.06666666666666667,14,14,AAGCAAACGAATCGTTGTAG,0,839452
dgoRp,0.06666666666666667,14,14,AACCAAGGTACGCGACCCTC,0,854611
dgoRp,0.06666666666666667,14,14,AACACGTTACGGATTACGCG,0,850412
dgoRp,0.06666666666666667,14,14,AAATCTCATCGTTCTAATTA,0,867006
dgoRp,0.06666666666666667,14,14,AAAGGGCAAGGCACACCGGT,0,847681
dgoRp,0.06666666666666667,14,14,AAACCTTTTGTTAGTTTGCT,0,864831
dgoRp,0.06666666666666667,14,14,AAAACTGCAAAACCGCTGTT,0,843255
dgoRp,0.07142857142857142,13,13,TTTTGAGTGACACTTGCTCC,0,866631
dgoRp,0.07142857142857142,13,13,TTTTCAGGTATAAGTGTCCT,0,849335
dgoRp,0.07142857142857142,13,13,TTTGTATAGCGGAGCGGGGT,0,864951
dgoRp,0.07142857142857142,13,13,TTTCGCATCTAGCGACTCAA,0,851786
dgoRp,0.07142857142857142,13,13,TTTAGCCTGTGACAGGTGAG,0,838297
dgoRp,0.07142857142857142,13,13,TTTAGCAGGATCCGGAACGA,0,838016
dgoRp,0.07142857142857142,13,13,TTTAATATCTAGACTAGCGG,0,855319
dgoRp,0.07142857142857142,13,13,TTGTGGAGGCTCTCCCGCAT,0,855096
dgoRp,0.07142857142857142,13,13,TTGTGCAAGAGTAATTCAGA,0,849742
dgoRp,0.07142857142857142,13,13,TTGCAGGAGGCTTTCTCTTC,0,847075
dgoRp,0.07142857142857142,13,13,TTGATATTATTGTGTCATGA,0,858737
dgoRp,0.07142857142857142,13,13,TTCTGGTCGGAAAGCTAGGT,0,856978
dgoRp,0.07142857142857142,13,13,TTCTGACTGAAGCCCACATG,0,849628
dgoRp,0.07142857142857142,13,13,TTCGATGCGCAGACAATACT,0,862096
dgoRp,0.07142857142857142,13,13,TTCCCATGGCTCCATGTCAT,0,841692
dgoRp,0.07142857142857142,13,13,TTATGACGAGTATCTGCCTC,0,855859
dgoRp,0.07142857142857142,13,13,TTATAGGGTAATACATTCTC,0,858087
dgoRp,0.07142857142857142,13,13,TTAACGGGACGTTACACCGG,0,847582
dgoRp,0.07142857142857142,13,13,TGTGGGGGGGGAGTTTTAAA,0,841471
dgoRp,0.07142857142857142,13,13,TGTGGCGCGTGGTGTCTCAG,0,843618
dgoRp,0.07142857142857142,13,13,TGGTAACGGCACCGAGTTTA,0,842043
dgoRp,0.07142857142857142,13,13,TGGGCAGCGTCGAAAGCCAT,0,839984
dgoRp,0.07142857142857142,13,13,TGCTGCACCCACGCATTACT,0,850940
dgoRp,0.07142857142857142,13,13,TGCGAAAATCTGCTGCGGTT,0,838613
dgoRp,0.07142857142857142,13,13,TGACAGTTCTGGGTAGAATC,0,844232
dgoRp,0.07142857142857142,13,13,TCGTGGTCCGTAATCGAAAT,0,854618
dgoRp,0.07142857142857142,13,13,TCGCTCCTGGAAGAGAGCTA,0,841757
dgoRp,0.07142857142857142,13,13,TCGCAGCGATGCCAGAGGCA,0,846375
dgoRp,0.07142857142857142,13,13,TCGAAGGCCTGTGTGGGCGC,0,841635
dgoRp,0.07142857142857142,13,13,TCATCACATGAACGGGCGGG,0,852555
dgoRp,0.07142857142857142,13,13,TATTGTAGACTTAGGCACAT,0,861457
dgoRp,0.07142857142857142,13,13,TATGTCATGTCCGAATTATT,0,865947
dgoRp,0.07142857142857142,13,13,TATCATACCCACAGGCCCTG,0,842276
dgoRp,0.07142857142857142,13,13,TAGGCCGGTCTGCACCTTTC,0,858863
dgoRp,0.07142857142857142,13,13,TAGAGCTAGCATTAGTACTA,0,860953
dgoRp,0.07142857142857142,13,13,TACGGACAGTTTGTCGAAAG,0,856632
dgoRp,0.07142857142857142,13,13,TACCTCAGAAAACGCCCCTA,0,846879
dgoRp,0.07142857142857142,13,13,TAAAGTTGACGTCATAGGCA,0,862185
dgoRp,0.07142857142857142,13,13,GTTGGACTCTCTTGATCGAC,0,852864
dgoRp,0.07142857142857142,13,13,GTTGAATCGATGCCTAGCCT,0,844371
dgoRp,0.07142857142857142,13,13,GTTCTCCCTGGAAGCTCAAT,0,859867
dgoRp,0.07142857142857142,13,13,GTGGTTTTTCAGACGCTTGA,0,859296
dgoRp,0.07142857142857142,13,13,GTGGTGAAAGTAGTTGTGAT,0,837740
dgoRp,0.07142857142857142,13,13,GTGGGGGCTAGGATGTCTGA,0,859271
dgoRp,0.07142857142857142,13,13,GTGACAGAACATAAGATAAG,0,837656
dgoRp,0.07142857142857142,13,13,GTCTGACGTTCCCCTTGTCT,0,853542
dgoRp,0.07142857142857142,13,13,GTCTATAATGTGTGCAGGCC,0,847025
dgoRp,0.07142857142857142,13,13,GTATATCAATCCCTAGTCAA,0,845102
dgoRp,0.07142857142857142,13,13,GTATAACGGAGCTTAACATA,0,852336
dgoRp,0.07142857142857142,13,13,GTAGCACGCGGGAACTAGGT,0,849438
dgoRp,0.07142857142857142,13,13,GTAACTAGGCAGTTACCGAG,0,848495
dgoRp,0.07142857142857142,13,13,GGTTGGGCCGAGTTTTTAGG,0,850577
dgoRp,0.07142857142857142,13,13,GGTGAGCCGTGCCAGGTCTT,0,867042
dgoRp,0.07142857142857142,13,13,GGTCAGACTTACGTAACGTC,0,848547
dgoRp,0.07142857142857142,13,13,GGTAAAGGCGTCTCCGGATT,0,854609
dgoRp,0.07142857142857142,13,13,GGGTTTTTGCTCAAGAAACA,0,857646
dgoRp,0.07142857142857142,13,13,GGGTAGCTCTACTGTCCTGC,0,845829
dgoRp,0.07142857142857142,13,13,GGGGGGTTCATATTGCATTC,0,852603
dgoRp,0.07142857142857142,13,13,GGGCCTTACTTTCAGGACAC,0,841759
dgoRp,0.07142857142857142,13,13,GGGACTCCCAATTGTGGGTG,0,846657
dgoRp,0.07142857142857142,13,13,GGCTTGAGGAGATCGAAAAC,0,862688
dgoRp,0.07142857142857142,13,13,GGCGACATAAAGCCGGGGTG,0,850971
dgoRp,0.07142857142857142,13,13,GGCCGCCTTTCTCGTTGGGG,0,854694
dgoRp,0.07142857142857142,13,13,GGCCAAGCGGAAACTGCCTA,0,848477
dgoRp,0.07142857142857142,13,13,GGCATAGCACACGCCTGTAC,0,859595
dgoRp,0.07142857142857142,13,13,GGCACGGTCAAAGAAAATGA,0,859671
dgoRp,0.07142857142857142,13,13,GGAGAATTATTGCCCAACAA,0,863084
dgoRp,0.07142857142857142,13,13,GGAACGGCAAAACCGATTCC,0,867207
dgoRp,0.07142857142857142,13,13,GCTGGATGTGGATGTAAAAT,0,855112
dgoRp,0.07142857142857142,13,13,GCTGAGGGCGACCTACCTCA,0,863180
dgoRp,0.07142857142857142,13,13,GCTATCTGTGACGTGTAATC,0,856058
dgoRp,0.07142857142857142,13,13,GCGTGCTATGGCTAGCGATG,0,860142
dgoRp,0.07142857142857142,13,13,GCGGTAAAGAGGTCTCAACA,0,843570
dgoRp,0.07142857142857142,13,13,GCGCTGATCGAGGAAAGTGC,0,856705
dgoRp,0.07142857142857142,13,13,GCGACATTGGTGCAGTTACC,0,850951
dgoRp,0.07142857142857142,13,13,GCCATATTTTTTCAGGGTCT,0,839234
dgoRp,0.07142857142857142,13,13,GCCAGTACACAGAATTGTTA,0,852088
dgoRp,0.07142857142857142,13,13,GCATCACGCTTACATAGGCA,0,863148
dgoRp,0.07142857142857142,13,13,GCAGGACTGGGCTTCGCAGA,0,849936
dgoRp,0.07142857142857142,13,13,GCAGATCCAGATACCAACAT,0,845509
dgoRp,0.07142857142857142,13,13,GCAATTCTATTTTGTAACTA,0,866552
dgoRp,0.07142857142857142,13,13,GATTTTCAAATGTTGTCGAG,0,858697
dgoRp,0.07142857142857142,13,13,GATTTACGAGTATGTTCGTC,0,849705
dgoRp,0.07142857142857142,13,13,GATAAAACGCAATACACCAT,0,856798
dgoRp,0.07142857142857142,13,13,GATAAAACCCCGGACCGTCA,0,837621
dgoRp,0.07142857142857142,13,13,GAGTCTGGCACCTTTTTGGC,0,849782
dgoRp,0.07142857142857142,13,13,GAGTACTTTAGGGCAGGGGG,0,850273
dgoRp,0.07142857142857142,13,13,GAGGCGGGTGGTTGAGCGTG,0,841638
dgoRp,0.07142857142857142,13,13,GAGGACATGTGTTATTACAG,0,846193
dgoRp,0.07142857142857142,13,13,GAGCGCTCAACTGTTGGTAA,0,842259
dgoRp,0.07142857142857142,13,13,GACTATCTTCGGGAAGTAAT,0,847565
dgoRp,0.07142857142857142,13,13,GACGCCATCAAAGGTTGAAA,0,836910
dgoRp,0.07142857142857142,13,13,GAACCTGACCTTATAAAGGC,0,858735
dgoRp,0.07142857142857142,13,13,GAACAACCATTTCTTACTCA,0,857017
dgoRp,0.07142857142857142,13,13,CTTTGTTTGACGGAGTCTAT,0,850036
dgoRp,0.07142857142857142,13,13,CTTGTACGTAATTGCGTCTG,0,847787
dgoRp,0.07142857142857142,13,13,CTTATTGCTCAGTCGGTGTA,0,859975
dgoRp,0.07142857142857142,13,13,CTTACGGAGGAAAATTGTCA,0,857693
dgoRp,0.07142857142857142,13,13,CTGCTGAACGGCTGTTGATA,0,838261
dgoRp,0.07142857142857142,13,13,CTGAGGGATGCAGGTTAGCT,0,844614
dgoRp,0.07142857142857142,13,13,CTCTCAATCTTTCGACGCAG,0,842225
dgoRp,0.07142857142857142,13,13,CTCTCAAGCCGTCTGTATAT,0,842885
dgoRp,0.07142857142857142,13,13,CTCGGGTTTGATTTAAAATT,0,864265
dgoRp,0.07142857142857142,13,13,CTACACATGTTACGGTCTAC,0,839315
dgoRp,0.07142857142857142,13,13,CGTGTCGCAACCCCTTGGCA,0,864856
dgoRp,0.07142857142857142,13,13,CGGGTCCGAGCGCGGAACCT,0,845733
dgoRp,0.07142857142857142,13,13,CGGCCAAATCAGCGCATTGC,0,858964
dgoRp,0.07142857142857142,13,13,CGGCACACCACGGGGTCCCC,0,865406
dgoRp,0.07142857142857142,13,13,CGCACATGTCGGATTAGTTG,0,842627
dgoRp,0.07142857142857142,13,13,CGAGGAAGCGGTCACCGCTG,0,850483
dgoRp,0.07142857142857142,13,13,CGAGCAGTAAATTTTCCGTT,0,846543
dgoRp,0.07142857142857142,13,13,CGAGAGTTGATTGTTAGAGT,0,855532
dgoRp,0.07142857142857142,13,13,CGACTAGTGTGCGTGTCTCA,0,848344
dgoRp,0.07142857142857142,13,13,CGACGCTATGGCTAAGTGTT,0,852286
dgoRp,0.07142857142857142,13,13,CCTGGATCTCAGGGGGTGTT,0,849338
dgoRp,0.07142857142857142,13,13,CCTGCTAGCAACTTTGTATA,0,844238
dgoRp,0.07142857142857142,13,13,CCTGCAACCTACAAAGGCCT,0,858330
dgoRp,0.07142857142857142,13,13,CCTAGGCTGTCATTAGCGGT,0,840068
dgoRp,0.07142857142857142,13,13,CCGCGATGAGCGAGGGTCAT,0,862491
dgoRp,0.07142857142857142,13,13,CCCCGAGGAGATTTGGATAC,0,838293
dgoRp,0.07142857142857142,13,13,CCCAAAGCCCCATCTCGCTG,0,859844
dgoRp,0.07142857142857142,13,13,CCATTCTGTGAGGAGGCTGA,0,847255
dgoRp,0.07142857142857142,13,13,CCACATTCACCGAATCGCAG,0,841777
dgoRp,0.07142857142857142,13,13,CCAACGATGTTACAAAGGAT,0,838880
dgoRp,0.07142857142857142,13,13,CATGCGCCTCAACCACGATG,0,864561
dgoRp,0.07142857142857142,13,13,CAGTCAATTACACAGGTTCC,0,857773
dgoRp,0.07142857142857142,13,13,CAGGCCTGTAACCGCGACAG,0,839401
dgoRp,0.07142857142857142,13,13,CAGGCAGTTGCAATGAGTAG,0,861422
dgoRp,0.07142857142857142,13,13,CAGCAGGCCACAGGGAGATT,0,854279
dgoRp,0.07142857142857142,13,13,CAGAAAGATTCAACTCAAGT,0,856099
dgoRp,0.07142857142857142,13,13,CACAATGGACCCGTACCCGT,0,847206
dgoRp,0.07142857142857142,13,13,CAACCACCCCAAAACGCGCA,0,863073
dgoRp,0.07142857142857142,13,13,ATTTAGGACCAGTTGATGAA,0,859283
dgoRp,0.07142857142857142,13,13,ATTGGATGAAGCCCGCAATA,0,853845
dgoRp,0.07142857142857142,13,13,ATGTCTCCAACAGCCTTTGG,0,861053
dgoRp,0.07142857142857142,13,13,ATGTAAGCACGGGGCCTCTC,0,865715
dgoRp,0.07142857142857142,13,13,ATGGGGCGTACGATAAGCAA,0,855619
dgoRp,0.07142857142857142,13,13,ATCTTCATAGTCGTTAGTCA,0,840781
dgoRp,0.07142857142857142,13,13,ATCGGTACATGTGATAGGTA,0,840018
dgoRp,0.07142857142857142,13,13,ATCGCAAATACGCGCTGTAC,0,866921
dgoRp,0.07142857142857142,13,13,ATCATGTGAGTGTCCAATTT,0,858754
dgoRp,0.07142857142857142,13,13,ATCATCGGATGCTCAACCCG,0,844993
dgoRp,0.07142857142857142,13,13,ATCAACCTAGACTGGGCAAT,0,853622
dgoRp,0.07142857142857142,13,13,ATATATATTTGGGGCGTCCA,0,849543
dgoRp,0.07142857142857142,13,13,ATAGTTCAGCCTCAAGTGAA,0,866330
dgoRp,0.07142857142857142,13,13,ATACAAAAGTGACAATCTTG,0,851997
dgoRp,0.07142857142857142,13,13,ATAAGAATTCTCCACCAGTC,0,846499
dgoRp,0.07142857142857142,13,13,AGTTGGGAACCGGAACATTC,0,860643
dgoRp,0.07142857142857142,13,13,AGTTCCATGCCATCGAATCT,0,844644
dgoRp,0.07142857142857142,13,13,AGTGGAGCATCGTCGCTTTC,0,855712
dgoRp,0.07142857142857142,13,13,AGTCGTCTCGTATTTAGTTG,0,865907
dgoRp,0.07142857142857142,13,13,AGTCCTAGATGTAAGCTTGC,0,859684
dgoRp,0.07142857142857142,13,13,AGTAGTCCGCTCACTCCCAC,0,841524
dgoRp,0.07142857142857142,13,13,AGGTATGGTCTTCGGTACAG,0,843971
dgoRp,0.07142857142857142,13,13,AGATAGCATTATCTCAGCAT,0,841192
dgoRp,0.07142857142857142,13,13,ACTTTTGTTATACGGAGCAT,0,861821
dgoRp,0.07142857142857142,13,13,ACTTGCCGGTAAAAACCTGT,0,860962
dgoRp,0.07142857142857142,13,13,ACTCTCCACGATGAGGCTTG,0,860089
dgoRp,0.07142857142857142,13,13,ACTCGAATACGACGAAGGCG,0,841234
dgoRp,0.07142857142857142,13,13,ACCCGAACCCTGGCATAACA,0,843756
dgoRp,0.07142857142857142,13,13,ACCATGAACCACTCGACTCT,0,845139
dgoRp,0.07142857142857142,13,13,ACACGGGGCGTCTCAACAAT,0,851400
dgoRp,0.07142857142857142,13,13,AATCGATGCCAAAGTCGCCT,0,864038
dgoRp,0.07142857142857142,13,13,AAGTGGGTGTTATTGAAGGA,0,861677
dgoRp,0.07142857142857142,13,13,AAGGTGTAAACTCGCATGCG,0,836708
dgoRp,0.07142857142857142,13,13,AAGGTCTGATCTATTAAAGG,0,844639
dgoRp,0.07142857142857142,13,13,AAGGGAATGCGACCCTGCAG,0,858457
dgoRp,0.07142857142857142,13,13,AAGCTCTAAAAAGAAGTAGG,0,867068
dgoRp,0.07142857142857142,13,13,AAGATCTGAATGGCCTTTAG,0,854663
dgoRp,0.07142857142857142,13,13,AACGCGAAAAATGTCATGGA,0,839680
dgoRp,0.07142857142857142,13,13,AACCCGGCCGCGGATCTGCC,0,849226
dgoRp,0.07142857142857142,13,13,AACCACGAGATATGATTCGA,0,853071
dgoRp,0.07142857142857142,13,13,AAATTGGTTGAGTTGAGAAT,0,847306
dgoRp,0.07142857142857142,13,13,AAACATTTAGGGGGTACGCT,0,848795
dgoRp,0.07692307692307693,12,12,TTTTGCTGCCCCCTCCTCTG,0,841093
dgoRp,0.07692307692307693,12,12,TTTTCGTCACTATGGAGTGA,0,843696
dgoRp,0.07692307692307693,12,12,TTTCTGGTCGCTTCATGAAA,0,854644
dgoRp,0.07692307692307693,12,12,TTGCTCGGATTTGACGTTTA,0,865751
dgoRp,0.07692307692307693,12,12,TTGCGACCTGTCATCAGCCC,0,852610
dgoRp,0.07692307692307693,12,12,TTGATAACAGTTCGAAGATA,0,840148
dgoRp,0.07692307692307693,12,12,TTGATAAAAATAGCTGAAGC,0,841513
dgoRp,0.07692307692307693,12,12,TTCCGCCGTTTTGGTGGTCG,0,854300
dgoRp,0.07692307692307693,12,12,TTCATTGAGGTGGATGTGTC,0,853192
dgoRp,0.07692307692307693,12,12,TTATGTTTCAGCGGTAGGCG,0,856682
dgoRp,0.07692307692307693,12,12,TGTTGGTTACCGGGATAAAT,0,848452
dgoRp,0.07692307692307693,12,12,TGTTGAGTTTTACGAGGAGA,0,857217
dgoRp,0.07692307692307693,12,12,TGTGGGAGGACCCGTGGTTG,0,842765
dgoRp,0.07692307692307693,12,12,TGTACTCACACAGGTAGCTA,0,837382
dgoRp,0.07692307692307693,12,12,TGGTTACTCATACATCCGTG,0,865484
dgoRp,0.07692307692307693,12,12,TGGTCTCCGGAAGTCCAGAT,0,850954
dgoRp,0.07692307692307693,12,12,TGCACGCCTCAGATCACCAG,0,859409
dgoRp,0.07692307692307693,12,12,TGATCGAGAGGCGGGTATGC,0,860871
dgoRp,0.07692307692307693,12,12,TGACCTTGGATCCTCTGGAA,0,839395
dgoRp,0.07692307692307693,12,12,TGAATGGAGCTGAAACACCG,0,851140
dgoRp,0.07692307692307693,12,12,TGAATCATAATCCAAAAAAC,0,848894
dgoRp,0.07692307692307693,12,12,TCTTCAAAAGTGGGAATAAG,0,857971
dgoRp,0.07692307692307693,12,12,TCTGGGTGGGATGAGTCTTT,0,857466
dgoRp,0.07692307692307693,12,12,TCTACGTCATTAGTTGACTG,0,842341
dgoRp,0.07692307692307693,12,12,TCGGCTACTGGCCGAGTGCT,0,863614
dgoRp,0.07692307692307693,12,12,TCGCTATCAGAGATCACGAT,0,844744
dgoRp,0.07692307692307693,12,12,TCCTGCGTGGTATATGGGAT,0,853046
dgoRp,0.07692307692307693,12,12,TCCTCTTCTACCCTCTCCAC,0,850661
dgoRp,0.07692307692307693,12,12,TCCCAGAATTGGAGGGGAGT,0,863082
dgoRp,0.07692307692307693,12,12,TCATGGATCGTCTCATAAGT,0,855004
dgoRp,0.07692307692307693,12,12,TCACGCGTACTACTACCTAG,0,835977
dgoRp,0.07692307692307693,12,12,TATCACTTCCGATAAGGGGG,0,857790
dgoRp,0.07692307692307693,12,12,TATACCCTGCACCTCTCTGC,0,861304
dgoRp,0.07692307692307693,12,12,TAGGTGTCGAAGGCTCGGCC,0,846466
dgoRp,0.07692307692307693,12,12,TAGCCTGTGGTGGGTTACAA,0,860297
dgoRp,0.07692307692307693,12,12,TACCGCTAATACTCAGTCAG,0,850754
dgoRp,0.07692307692307693,12,12,TACCAAAGCCGGTATTTAAT,0,839071
dgoRp,0.07692307692307693,12,12,TAAGGGATGGCGGAACGGAC,0,855552
dgoRp,0.07692307692307693,12,12,TAACGGTTACATTAGGGTAC,0,838629
dgoRp,0.07692307692307693,12,12,TAAAATCCGCTTTTCGAGGC,0,855500
dgoRp,0.07692307692307693,12,12,TAAAACCCACGTGACCGGCT,0,836058
dgoRp,0.07692307692307693,12,12,GTTTTCGAAGCGGCGTCCGA,0,841657
dgoRp,0.07692307692307693,12,12,GTTCTGTTTGGGTCAGATTT,0,841162
dgoRp,0.07692307692307693,12,12,GTTCGGGATAATTTTATAAG,0,844493
dgoRp,0.07692307692307693,12,12,GTTATCCGCTAAGCCCAAGA,0,864707
dgoRp,0.07692307692307693,12,12,GTGTTCGCGTCTTAAAGTTT,0,846053
dgoRp,0.07692307692307693,12,12,GTCTCATTGCGTTCCGCAGA,0,848599
dgoRp,0.07692307692307693,12,12,GTCCGGGTCATTACACTGCA,0,836710
dgoRp,0.07692307692307693,12,12,GTCCCCGTTTATCGACTAGA,0,855655
dgoRp,0.07692307692307693,12,12,GTACCGTATACCTATCTCGG,0,845181
dgoRp,0.07692307692307693,12,12,GTAATGAACCGGGTCAGCGT,0,855625
dgoRp,0.07692307692307693,12,12,GGTTTGTCTTTCTTGTTAGA,0,848220
dgoRp,0.07692307692307693,12,12,GGTTCTATTCTGTGTCGCAT,0,846705
dgoRp,0.07692307692307693,12,12,GGTTAGAGGCTGGTCCATCC,0,864000
dgoRp,0.07692307692307693,12,12,GGTGGCCACGTGCAGAACCT,0,850027
dgoRp,0.07692307692307693,12,12,GGTCAGGGACCAGGGACACA,0,836897
dgoRp,0.07692307692307693,12,12,GGGGAGGCCAGAGTGTGTTC,0,842623
dgoRp,0.07692307692307693,12,12,GGGGACTATGTCTCGGGCAT,0,856987
dgoRp,0.07692307692307693,12,12,GGGACGATACTTCGACTAAT,0,849436
dgoRp,0.07692307692307693,12,12,GGCTCCGTACATCCCCCTCG,0,848478
dgoRp,0.07692307692307693,12,12,GGATTGTAACCGAAATACTA,0,853107
dgoRp,0.07692307692307693,12,12,GGATGGCGCCCAAGGTGGTT,0,844270
dgoRp,0.07692307692307693,12,12,GGAGTGCAGATTCAGTAGTG,0,849109
dgoRp,0.07692307692307693,12,12,GGAATTCGTACCTCGCACCA,0,846504
dgoRp,0.07692307692307693,12,12,GCTGCATATACCTCGCGCAA,0,842231
dgoRp,0.07692307692307693,12,12,GCCGTAGAGCTGCCAGATAT,0,853318
dgoRp,0.07692307692307693,12,12,GCCGGTCAGAACGCCACCAT,0,839387
dgoRp,0.07692307692307693,12,12,GCCGCCGGCTCTTCAAGCGT,0,841248
dgoRp,0.07692307692307693,12,12,GCCGCAACCACTTCTGGGCG,0,845654
dgoRp,0.07692307692307693,12,12,GCCCTCTTCGTATTTCGGAT,0,864261
dgoRp,0.07692307692307693,12,12,GCATTGACGGTAAGGGGCAA,0,867401
dgoRp,0.07692307692307693,12,12,GCATGCGATGACTGTACAGT,0,846058
dgoRp,0.07692307692307693,12,12,GCATCTCATGGCCCCAGGGT,0,838571
dgoRp,0.07692307692307693,12,12,GCACTGCAGCCATCACACTT,0,837337
dgoRp,0.07692307692307693,12,12,GATTCGTATCCGGGAGTGCA,0,839265
dgoRp,0.07692307692307693,12,12,GATCGGATACGCGGCCAGCC,0,860207
dgoRp,0.07692307692307693,12,12,GATAACGGGAAATTAACAGA,0,840362
dgoRp,0.07692307692307693,12,12,GAGTACGCACTGCTCTAGGC,0,853502
dgoRp,0.07692307692307693,12,12,GAGGCACACGACATTCGGTT,0,848223
dgoRp,0.07692307692307693,12,12,GAATTTTCGAACCCACTTGT,0,839787
dgoRp,0.07692307692307693,12,12,GAATCTGATCAGACATCATC,0,837616
dgoRp,0.07692307692307693,12,12,GAACTCGTCAGGGCTCATGA,0,863813
dgoRp,0.07692307692307693,12,12,GAAATTACGGTTCGCTGCGT,0,845470
dgoRp,0.07692307692307693,12,12,GAAATCTCCTAGCCCTTACT,0,849065
dgoRp,0.07692307692307693,12,12,CTTCCGCTTGAAGCAGGTAT,0,838945
dgoRp,0.07692307692307693,12,12,CTTCAGAATCCAACTGCCCC,0,847803
dgoRp,0.07692307692307693,12,12,CTTAGTTTAGAGTAAAGGAA,0,854294
dgoRp,0.07692307692307693,12,12,CTGCTCAACTAACTGTGCTT,0,858991
dgoRp,0.07692307692307693,12,12,CTCTTAAGTCTGCTATCTTG,0,846516
dgoRp,0.07692307692307693,12,12,CTCGTTGAGCCCGACTGACG,0,866347
dgoRp,0.07692307692307693,12,12,CTCGTCAGGGGTGCGGCCAG,0,862672
dgoRp,0.07692307692307693,12,12,CTCGACGGGATAAGGCTCCG,0,855706
dgoRp,0.07692307692307693,12,12,CTAGTCTTAAATACGCAGAG,0,853743
dgoRp,0.07692307692307693,12,12,CTAGCACTTATCGTCATACG,0,851467
dgoRp,0.07692307692307693,12,12,CGGGGCCGTGCGGGACGGCT,0,864460
dgoRp,0.07692307692307693,12,12,CGCTATCAGCTCTTCAGCGT,0,849187
dgoRp,0.07692307692307693,12,12,CGCCTGGCGAGTTAACTAAG,0,866604
dgoRp,0.07692307692307693,12,12,CGCCGGGTTAGTAATTAATT,0,838063
dgoRp,0.07692307692307693,12,12,CGCATAGATTTCGGAAACTG,0,845147
dgoRp,0.07692307692307693,12,12,CGCACCGCCACAATTTGAAG,0,841264
dgoRp,0.07692307692307693,12,12,CGAGGGGACAGGATCAGGCC,0,846139
dgoRp,0.07692307692307693,12,12,CGAATTACATATACATGTTA,0,855818
dgoRp,0.07692307692307693,12,12,CGAAGTCTGTCTAGCACTAA,0,846818
dgoRp,0.07692307692307693,12,12,CCTTGGCATATTCCCTCTGT,0,848224
dgoRp,0.07692307692307693,12,12,CCTTATTTCACTGCGGCATC,0,846519
dgoRp,0.07692307692307693,12,12,CCTGTTGGTCACTGACGATA,0,842983
dgoRp,0.07692307692307693,12,12,CCTGAGTTTGTATAATCGAA,0,856678
dgoRp,0.07692307692307693,12,12,CCTAGCCTGGCTGTGCAATC,0,847263
dgoRp,0.07692307692307693,12,12,CCGTTGTGCACGAAGATTTG,0,852167
dgoRp,0.07692307692307693,12,12,CCGGGAGAGGGACGCTACAT,0,858047
dgoRp,0.07692307692307693,12,12,CCGGCGCGGAGCAAGTTCAG,0,847066
dgoRp,0.07692307692307693,12,12,CCGCTAGGTGTTACCGAGGT,0,842866
dgoRp,0.07692307692307693,12,12,CCGCATCACTATCGGATTTG,0,860677
dgoRp,0.07692307692307693,12,12,CCGATACAAGCCGGCGAGCT,0,864215
dgoRp,0.07692307692307693,12,12,CCAGGCCCAGTACACTAATT,0,850240
dgoRp,0.07692307692307693,12,12,CCAACCTGTCCAATGTCGTC,0,839237
dgoRp,0.07692307692307693,12,12,CCAAATATGGTGCTGCTGCG,0,850908
dgoRp,0.07692307692307693,12,12,CATGTAAACAGAAGGCATCT,0,855067
dgoRp,0.07692307692307693,12,12,CATATTCGGCCTCCCAGTGC,0,846272
dgoRp,0.07692307692307693,12,12,CAGTGGGGTAATCTGCCTCA,0,864755
dgoRp,0.07692307692307693,12,12,CAGGTCGTTTTGTAAAGAAG,0,850531
dgoRp,0.07692307692307693,12,12,CACTGGTTGATCGGATCAGC,0,843021
dgoRp,0.07692307692307693,12,12,CACTCGGAAACTGGCCTACC,0,839116
dgoRp,0.07692307692307693,12,12,CACCGCTTCCGGGCACTGTA,0,847157
dgoRp,0.07692307692307693,12,12,CACATTTATGTTAGAGCCAG,0,864827
dgoRp,0.07692307692307693,12,12,CACATGTGTATGGTATACCC,0,848639
dgoRp,0.07692307692307693,12,12,CAAGTGTATTCTCGGTAAAG,0,858927
dgoRp,0.07692307692307693,12,12,CAAGGCAGTTTAGGCAAAAG,0,865160
dgoRp,0.07692307692307693,12,12,ATTTATTCCTACTACCACAT,0,837495
dgoRp,0.07692307692307693,12,12,ATTCGAGAACACGTTGAATT,0,851062
dgoRp,0.07692307692307693,12,12,ATTAACCAGAGCTGGTTGTC,0,850388
dgoRp,0.07692307692307693,12,12,ATTAAACAGGTTCGAGGGAA,0,842214
dgoRp,0.07692307692307693,12,12,ATGTGTTGGCCGGAATTTCT,0,845999
dgoRp,0.07692307692307693,12,12,ATGTGCCAGGTACATTCCGT,0,840713
dgoRp,0.07692307692307693,12,12,ATGTCCTTCGGAGAATCGTT,0,845383
dgoRp,0.07692307692307693,12,12,ATGTAGCGAACATTAATCGC,0,854263
dgoRp,0.07692307692307693,12,12,ATGCTCCACAGTAACTGATC,0,847720
dgoRp,0.07692307692307693,12,12,ATGCGGCTATTGTTTTCTAG,0,837661
dgoRp,0.07692307692307693,12,12,ATGCGAAACGTTTTTGCTGC,0,856944
dgoRp,0.07692307692307693,12,12,ATGCCCCCACTCCCGGTCTA,0,849398
dgoRp,0.07692307692307693,12,12,ATGCAGTGAGAGAACACTCT,0,860816
dgoRp,0.07692307692307693,12,12,ATCTTTCACTGTTGTGTCCT,0,837379
dgoRp,0.07692307692307693,12,12,ATCTAGGGTGATACGTCAAG,0,853568
dgoRp,0.07692307692307693,12,12,ATATTCCCACATCGGGTCCT,0,843462
dgoRp,0.07692307692307693,12,12,ATATGAGGCTTTATATGACC,0,862733
dgoRp,0.07692307692307693,12,12,AGTTACCCATTATACTCGAA,0,843397
dgoRp,0.07692307692307693,12,12,AGTGGGTGTATATTCCGAGG,0,866018
dgoRp,0.07692307692307693,12,12,AGGCGGCCCACAACCGGAAG,0,853942
dgoRp,0.07692307692307693,12,12,AGCTCTGGTTTGTAACAAAG,0,836266
dgoRp,0.07692307692307693,12,12,AGCGACTGACATTATTGCGC,0,849254
dgoRp,0.07692307692307693,12,12,AGATACACCGTGATACATAC,0,864922
dgoRp,0.07692307692307693,12,12,AGAGTGATTCCGAATGTATT,0,866759
dgoRp,0.07692307692307693,12,12,AGAGGTAAATGTCGCGTGTC,0,837682
dgoRp,0.07692307692307693,12,12,AGAATGGCTGATACCAAAGT,0,845852
dgoRp,0.07692307692307693,12,12,ACTTGGTATGATGGTGCACC,0,850411
dgoRp,0.07692307692307693,12,12,ACTTACGCGCGCACTCGTGA,0,854429
dgoRp,0.07692307692307693,12,12,ACGTAATGCCAGGAGCGGGG,0,863102
dgoRp,0.07692307692307693,12,12,ACGGCCCCAGTCCTGCAAAG,0,842277
dgoRp,0.07692307692307693,12,12,ACGCTTACGGACGCATCAAG,0,838489
dgoRp,0.07692307692307693,12,12,ACGCCCAGTCTTGAGAAAGA,0,841733
dgoRp,0.07692307692307693,12,12,ACGCATCTTCAAACGCAGAC,0,855845
dgoRp,0.07692307692307693,12,12,ACCGTATTCCTCGATTATAG,0,865189
dgoRp,0.07692307692307693,12,12,ACCGCACTTTCCTGTAGACT,0,867482
dgoRp,0.07692307692307693,12,12,ACCCCCCAGCCATAAGCAAT,0,841427
dgoRp,0.07692307692307693,12,12,ACCCCCAAGAGGCCGAGTAT,0,836441
dgoRp,0.07692307692307693,12,12,ACCACGCGCCAAAAGTTTCA,0,853029
dgoRp,0.07692307692307693,12,12,ACATAAGTGGAGCCGTCAGC,0,863005
dgoRp,0.07692307692307693,12,12,ACAACGTGCAAAGTGACAAT,0,837352
dgoRp,0.07692307692307693,12,12,ACAAATGTGAGGCTACATAG,0,849131
dgoRp,0.07692307692307693,12,12,AATACCTCGATTACTCCAGG,0,839067
dgoRp,0.07692307692307693,12,12,AAGCTAATCTGTGGGCGCTT,0,841495
dgoRp,0.07692307692307693,12,12,AAGCAAACTCGCGTAGGGGC,0,861857
dgoRp,0.07692307692307693,12,12,AACTGCGATTCAGTCCGTAT,0,862293
dgoRp,0.07692307692307693,12,12,AACTCCTTGGCGACACGTTG,0,849020
dgoRp,0.07692307692307693,12,12,AACCTCGGCACCCCAACTGC,0,842677
dgoRp,0.07692307692307693,12,12,AACCGTGTCAACAACCTTTG,0,856970
dgoRp,0.07692307692307693,12,12,AACCACCGCACGGCACCAGC,0,859174
dgoRp,0.07692307692307693,12,12,AAATCCAGCGGTCTGTGGAA,0,852617
dgoRp,0.07692307692307693,12,12,AAATAATCTGTCAGCACATA,0,858000
dgoRp,0.07692307692307693,12,12,AAATAAAAGCTGTGTTTAAG,0,856751
dgoRp,0.07692307692307693,12,12,AAACTGCCCGCTATGTCAAG,0,848654
dgoRp,0.07692307692307693,12,12,AAACCCTACACAACCGATTT,0,857890
dgoRp,0.07692307692307693,12,12,AAACAGTTCTTAATCGGTGG,0,856452
dgoRp,0.08333333333333333,11,11,TTTTCTTCAGCTGATCTGTA,0,866539
dgoRp,0.08333333333333333,11,11,TTTGCGAAGCACTGTCTCGT,0,848734
dgoRp,0.08333333333333333,11,11,TTTGAGTTCACACGGTATAG,0,849159
dgoRp,0.08333333333333333,11,11,TTTACTAGTGGCTCCGTATT,0,852972
dgoRp,0.08333333333333333,11,11,TTGTGTTAGACTCACGTCTA,0,850134
dgoRp,0.08333333333333333,11,11,TTGGGGCACGTACAGTCATC,0,867094
dgoRp,0.08333333333333333,11,11,TTGCTTGGGTTGATATCTAC,0,845520
dgoRp,0.08333333333333333,11,11,TTCGTTCCGCTGATAAGATT,0,859565
dgoRp,0.08333333333333333,11,11,TTCAAGATTCTGGATACTAC,0,857638
dgoRp,0.08333333333333333,11,11,TTATGCCTAGGATCTCCCTG,0,846168
dgoRp,0.08333333333333333,11,11,TTAAACTAACTGAATTGAGA,0,836101
dgoRp,0.08333333333333333,11,11,TGTGGAGCCACTGAGCGTCG,0,840335
dgoRp,0.08333333333333333,11,11,TGTGCTCTTCGGGGAGCAGC,0,866654
dgoRp,0.08333333333333333,11,11,TGTGACAAAGTTACAGCACG,0,837089
dgoRp,0.08333333333333333,11,11,TGGACCGGCGCTGTGTGTTG,0,844585
dgoRp,0.08333333333333333,11,11,TGCCGGCGGACGTCGGCAGC,0,854419
dgoRp,0.08333333333333333,11,11,TGCCGATGGATTCATGTCGG,0,856795
dgoRp,0.08333333333333333,11,11,TGCCGACTGCTGCTTACCAC,0,848573
dgoRp,0.08333333333333333,11,11,TGCCAGGCTGTTCCGGGCCG,0,852867
dgoRp,0.08333333333333333,11,11,TGCAGCGTCGGAGACGGACA,0,855389
dgoRp,0.08333333333333333,11,11,TGATTTTCATGAGGCCGGTC,0,844588
dgoRp,0.08333333333333333,11,11,TGATTTAGAAGGGAAGGGAC,0,841358
dgoRp,0.08333333333333333,11,11,TGAGTAGGGATTTGCCTCAG,0,861270
dgoRp,0.08333333333333333,11,11,TGAACGTTGTGGGCCGCCAA,0,850686
dgoRp,0.08333333333333333,11,11,TGAACAGTTGGATTGCCCTC,0,843635
dgoRp,0.08333333333333333,11,11,TCTTGCAAGAACTTCAATAC,0,838463
dgoRp,0.08333333333333333,11,11,TCTGCGTGAGTAAGATGTAG,0,845590
dgoRp,0.08333333333333333,11,11,TCTCTCAAAGAAATGGTGAT,0,845649
dgoRp,0.08333333333333333,11,11,TCTCAGTGCGCGACCCCTAT,0,848759
dgoRp,0.08333333333333333,11,11,TCGTTTATACCATGTCCTAT,0,852923
dgoRp,0.08333333333333333,11,11,TCGGAGCTTATTTTGATCGA,0,858580
dgoRp,0.08333333333333333,11,11,TCGCCTTGGTTCCATTCGAT,0,863550
dgoRp,0.08333333333333333,11,11,TCGCCCGGGCCGTCATAATC,0,866417
dgoRp,0.08333333333333333,11,11,TCCTACAGGGCGCTGTGACA,0,839895
dgoRp,0.08333333333333333,11,11,TCACCGAGAAGAATAGTAAA,0,851446
dgoRp,0.08333333333333333,11,11,TCACATCAATGAGAGTGAAG,0,848118
dgoRp,0.08333333333333333,11,11,TCAAGGGTATCAGGCCTCGG,0,863034
dgoRp,0.08333333333333333,11,11,TATTTGGCGCGTTGTACTCG,0,858420
dgoRp,0.08333333333333333,11,11,TATTACTTACTAACTCTGTG,0,837416
dgoRp,0.08333333333333333,11,11,TATCTACCCCGACCATCTTT,0,846367
dgoRp,0.08333333333333333,11,11,TAGCCTTTCAATCGCTCAAG,0,855040
dgoRp,0.08333333333333333,11,11,TACCATTTTCAATCTTCAGG,0,856346
dgoRp,0.08333333333333333,11,11,TACAGCGAGTACCGCAAGTG,0,843775
dgoRp,0.08333333333333333,11,11,TAATCCTTCTAGTTTTACAC,0,839564
dgoRp,0.08333333333333333,11,11,TAAGCTCTACGCACTCGTAT,0,846369
dgoRp,0.08333333333333333,11,11,TAAGCGTTCGATATTGGGTG,0,844625
dgoRp,0.08333333333333333,11,11,TAACGTGGCGGCGAACAGAT,0,859435
dgoRp,0.08333333333333333,11,11,TAACCCACTAATACTGCTGG,0,860603
dgoRp,0.08333333333333333,11,11,TAACAGCAAGCCTCCACCGT,0,845368
dgoRp,0.08333333333333333,11,11,GTTGCGAGCCCCGGAATCAC,0,866856
dgoRp,0.08333333333333333,11,11,GTTCAAGCGCTAACCACATC,0,851715
dgoRp,0.08333333333333333,11,11,GTTAAAATAAAGCTAGAGAG,0,862596
dgoRp,0.08333333333333333,11,11,GTGGTACCTCACTATTAGCA,0,860602
dgoRp,0.08333333333333333,11,11,GTGGCCCAGCGCACACTGGA,0,846181
dgoRp,0.08333333333333333,11,11,GTGGACAGTTTTCGGTGAAC,0,838735
dgoRp,0.08333333333333333,11,11,GTGCGGAGACTGTAGCACGA,0,837220
dgoRp,0.08333333333333333,11,11,GTGCCGTTCAATTCGGGCGA,0,846473
dgoRp,0.08333333333333333,11,11,GTGATTAAGTTAGACCCATT,0,861271
dgoRp,0.08333333333333333,11,11,GTGAAAAAGTGCCCCGCAGA,0,848345
dgoRp,0.08333333333333333,11,11,GTCTGACCTTTCAACGCTGC,0,849225
dgoRp,0.08333333333333333,11,11,GTCTCGAGCGACCGTGGCAA,0,852432
dgoRp,0.08333333333333333,11,11,GTCGCGCATCGGAGGATATG,0,839228
dgoRp,0.08333333333333333,11,11,GTCCTAGGTACGCGAAGAGA,0,850626
dgoRp,0.08333333333333333,11,11,GTCCCGGTGAAATTCAAGGG,0,856677
dgoRp,0.08333333333333333,11,11,GTCCCGGGTGGATTAGTGGT,0,854919
dgoRp,0.08333333333333333,11,11,GTCCCCCTCGTTGGGGCGGC,0,863547
dgoRp,0.08333333333333333,11,11,GTCACTTTGAAGTGGGGACA,0,842686
dgoRp,0.08333333333333333,11,11,GTATGGCCGCTGACCGCATC,0,851277
dgoRp,0.08333333333333333,11,11,GTATGCACCATCGCGCAACA,0,843965
dgoRp,0.08333333333333333,11,11,GTATACTAATAGGATGGTGG,0,861562
dgoRp,0.08333333333333333,11,11,GTAAGCGCGTGAACGGGTCA,0,866080
dgoRp,0.08333333333333333,11,11,GGTTGTGCATATGATGGCGG,0,842100
dgoRp,0.08333333333333333,11,11,GGTTCTGCTGTAGAGTTCCT,0,838719
dgoRp,0.08333333333333333,11,11,GGTTACATCGACGAAGGTTG,0,853357
dgoRp,0.08333333333333333,11,11,GGTGGTGGGATACTTACACA,0,848677
dgoRp,0.08333333333333333,11,11,GGTGGACTTATGTAGCGTCA,0,854732
dgoRp,0.08333333333333333,11,11,GGTCGAGTACTGGTCTCCCA,0,860325
dgoRp,0.08333333333333333,11,11,GGTCATTCAGGCCGTACAAA,0,848807
dgoRp,0.08333333333333333,11,11,GGTATGAAGGCCCTTCCACT,0,836458
dgoRp,0.08333333333333333,11,11,GGGTTCTGCTAAGTTAAGTG,0,857905
dgoRp,0.08333333333333333,11,11,GGGTGCTGATCACACGGTAT,0,848021
dgoRp,0.08333333333333333,11,11,GGGTCGTTCGTCAATTGTCT,0,860957
dgoRp,0.08333333333333333,11,11,GGGTCGCGCGTCAATTTTAT,0,862525
dgoRp,0.08333333333333333,11,11,GGGTAAATTGATCCAGCTTA,0,851757
dgoRp,0.08333333333333333,11,11,GGGGTATGTAGAGGCATGAG,0,852066
dgoRp,0.08333333333333333,11,11,GGGACTCCTTTGTGGACGAG,0,839230
dgoRp,0.08333333333333333,11,11,GGCTTAGGTATGGTATGACG,0,857682
dgoRp,0.08333333333333333,11,11,GGCGGAAGGCTTACAGGAAG,0,849324
dgoRp,0.08333333333333333,11,11,GGCCCCAAGGATCAATGCAT,0,849638
dgoRp,0.08333333333333333,11,11,GGCATGGTAGGAAGCAATTG,0,838652
dgoRp,0.08333333333333333,11,11,GGCACTCGCACGGAGTCTGC,0,864468
dgoRp,0.08333333333333333,11,11,GGATGTAGGGACTTAAAAAA,0,855367
dgoRp,0.08333333333333333,11,11,GGATCGTCCTAAAGAAGCAT,0,844558
dgoRp,0.08333333333333333,11,11,GGATCGGATAAGCAAAGCAG,0,855790
dgoRp,0.08333333333333333,11,11,GGATCCCCCGCTCCTTCGGC,0,843901
dgoRp,0.08333333333333333,11,11,GGAGGGTTAATACGATAGTA,0,844263
dgoRp,0.08333333333333333,11,11,GGACATAGCACCAGTTGCTG,0,845097
dgoRp,0.08333333333333333,11,11,GGAATGAGTGCTCCATGACG,0,859456
dgoRp,0.08333333333333333,11,11,GGAAGCCTCACAAGCAAGTT,0,855165
dgoRp,0.08333333333333333,11,11,GGAACTAGCAGCTTTTGTTC,0,857301
dgoRp,0.08333333333333333,11,11,GCTGGGCACAGCATTCATAC,0,841402
dgoRp,0.08333333333333333,11,11,GCTCACGCCTAGTATGTTAC,0,846944
dgoRp,0.08333333333333333,11,11,GCTCACAGAGACAACCCTAT,0,849737
dgoRp,0.08333333333333333,11,11,GCGTGTCTTCCATACGTACA,0,857178
dgoRp,0.08333333333333333,11,11,GCGTCTCCGACGTATAGTCA,0,859418
dgoRp,0.08333333333333333,11,11,GCGGTGTTACCGGGTCGGGA,0,842882
dgoRp,0.08333333333333333,11,11,GCGGGTAGCTATAAGAGGCG,0,850481
dgoRp,0.08333333333333333,11,11,GCCGTCGGACCTAGGCTCGC,0,856276
dgoRp,0.08333333333333333,11,11,GCCCGTGTGAGTATTATCTG,0,837444
dgoRp,0.08333333333333333,11,11,GCCCCTTAGCAACGGGTGCG,0,852694
dgoRp,0.08333333333333333,11,11,GCCACATGATGGACTCTTGC,0,857580
dgoRp,0.08333333333333333,11,11,GCATTGTCTTCTTGACCCGG,0,863353
dgoRp,0.08333333333333333,11,11,GCATGTCGGATAAAGAGTCA,0,854740
dgoRp,0.08333333333333333,11,11,GCATCCGAGAACAACCTTCA,0,839744
dgoRp,0.08333333333333333,11,11,GCAGTCCTATCCGGAAGTCT,0,859091
dgoRp,0.08333333333333333,11,11,GCAGCCTGGGGCAGGTTCAT,0,849082
dgoRp,0.08333333333333333,11,11,GCACTGCTCTACCGCACAAC,0,863631
dgoRp,0.08333333333333333,11,11,GCAACAACTTGGGCCAAGAG,0,850548
dgoRp,0.08333333333333333,11,11,GATTCACATCGCAAGAATGC,0,840915
dgoRp,0.08333333333333333,11,11,GATCTTCGTAATTCGGTCTA,0,838239
dgoRp,0.08333333333333333,11,11,GATCGGATAAGTAAGGGCTT,0,837657
dgoRp,0.08333333333333333,11,11,GATAAGGTTGGTTACCGGTC,0,839236
dgoRp,0.08333333333333333,11,11,GAGTCCGGCTCGTGGTAACT,0,838547
dgoRp,0.08333333333333333,11,11,GAGACTCCATGTATATAGGC,0,855132
dgoRp,0.08333333333333333,11,11,GACTTTTCCCCCAGATTCTT,0,837334
dgoRp,0.08333333333333333,11,11,GACTTCGCTAGTGAAGCTCT,0,847838
dgoRp,0.08333333333333333,11,11,GACGGGAGACACCGGCGAGT,0,857969
dgoRp,0.08333333333333333,11,11,GACGCAGCCCTCTCCAAGTA,0,855188
dgoRp,0.08333333333333333,11,11,GACCGTCCAGTTAGGCTCTT,0,859414
dgoRp,0.08333333333333333,11,11,GACCCGAATCCACACTAAGC,0,859123
dgoRp,0.08333333333333333,11,11,GACAAAAACGAAAAGCTATG,0,851515
dgoRp,0.08333333333333333,11,11,GAATGCGCTGCGCACCCTTT,0,840040
dgoRp,0.08333333333333333,11,11,GAATGATTACTTAACCGGGA,0,845667
dgoRp,0.08333333333333333,11,11,GAACGGCATCGGAATGCGGT,0,846322
dgoRp,0.08333333333333333,11,11,GAAATATCGCATTAAGCATT,0,845363
dgoRp,0.08333333333333333,11,11,CTTCCTCCAAGCTGACGCGA,0,865057
dgoRp,0.08333333333333333,11,11,CTTAATACTCGGCAGCAGCA,0,865983
dgoRp,0.08333333333333333,11,11,CTGTGCGTCCGGCGGAACGT,0,866286
dgoRp,0.08333333333333333,11,11,CTGGTGTTTGGAGCACCATC,0,856313
dgoRp,0.08333333333333333,11,11,CTGGTGGGTAATGGCAAACT,0,860740
dgoRp,0.08333333333333333,11,11,CTGGGAGCCACCACTATGAA,0,865880
dgoRp,0.08333333333333333,11,11,CTGCCGGCATGTGTGTGCAT,0,846521
dgoRp,0.08333333333333333,11,11,CTGCCAGTTTAGCGAGGATG,0,839217
dgoRp,0.08333333333333333,11,11,CTCGTTCACGCAGGGGCAGC,0,857882
dgoRp,0.08333333333333333,11,11,CTCGCTTATGCTTCAAAATG,0,860320
dgoRp,0.08333333333333333,11,11,CTCCTACGATCCTAAGACTA,0,865673
dgoRp,0.08333333333333333,11,11,CTCCGAGCCGATTGTTAGTG,0,845710
dgoRp,0.08333333333333333,11,11,CTCATCGGGTAAAACGGGAG,0,859868
dgoRp,0.08333333333333333,11,11,CTCATCCCCGGGTGTTCTGT,0,837948
dgoRp,0.08333333333333333,11,11,CTAAAACTGCAGGATCAAAG,0,853269
dgoRp,0.08333333333333333,11,11,CGTTCAGCACCCGCAGTTTG,0,844515
dgoRp,0.08333333333333333,11,11,CGTGGTACGGGTCGGTGTAT,0,838166
dgoRp,0.08333333333333333,11,11,CGTCTTCCGTCACGCCTACT,0,843808
dgoRp,0.08333333333333333,11,11,CGTCCGTGAGCCGTGACAAC,0,837439
dgoRp,0.08333333333333333,11,11,CGTCACGTGAACGGTTTGGA,0,850697
dgoRp,0.08333333333333333,11,11,CGGGGGGTAATTCCTTAGAA,0,854411
dgoRp,0.08333333333333333,11,11,CGGGGACAGGGGGTGCGTCA,0,836753
dgoRp,0.08333333333333333,11,11,CGGGCTCGCTATCGGGCGAC,0,859379
dgoRp,0.08333333333333333,11,11,CGGAGATTGCTACGCATGCC,0,841233
dgoRp,0.08333333333333333,11,11,CGATCGTTGACAACTAGCGT,0,858714
dgoRp,0.08333333333333333,11,11,CGAGTTAGTTGAGGCAATAT,0,846327
dgoRp,0.08333333333333333,11,11,CGAGGTCGGTTTACTAACAA,0,846250
dgoRp,0.08333333333333333,11,11,CGAGGTCCAGAAACGGTTAC,0,838483
dgoRp,0.08333333333333333,11,11,CGAGAGTGTCCCAATTCATG,0,852240
dgoRp,0.08333333333333333,11,11,CGAGAGAAGAGGAACGCGTG,0,865548
dgoRp,0.08333333333333333,11,11,CGACCTGACTCAGTCAGTCA,0,851366
dgoRp,0.08333333333333333,11,11,CGACCGTCATGTAGGTCGGA,0,859020
dgoRp,0.08333333333333333,11,11,CGACCGCCTGTTCAAATGCT,0,865629
dgoRp,0.08333333333333333,11,11,CGAATGCGGGAAGACGCGCT,0,852111
dgoRp,0.08333333333333333,11,11,CCTCAACCAAAATCGCCGTT,0,846980
dgoRp,0.08333333333333333,11,11,CCTACACCGCGGACGGGGAA,0,849174
dgoRp,0.08333333333333333,11,11,CCGTCTCGCTATCGGTATTC,0,843305
dgoRp,0.08333333333333333,11,11,CCGTCATACCAATACAACTG,0,862408
dgoRp,0.08333333333333333,11,11,CCGGTGTTTACGTGCGTACT,0,843561
dgoRp,0.08333333333333333,11,11,CCGGCGCGTAGGAGACCAGA,0,838360
dgoRp,0.08333333333333333,11,11,CCCCCTCAGAGATATTGCAA,0,837760
dgoRp,0.08333333333333333,11,11,CCCATTCAATTAACTCTCCA,0,861676
dgoRp,0.08333333333333333,11,11,CCCAAGTAGGCCAAGAGTGT,0,843285
dgoRp,0.08333333333333333,11,11,CCATTCTTCGGCCCTTCGGC,0,854276
dgoRp,0.08333333333333333,11,11,CCATCCTGAAGGCTCCGGAG,0,861655
dgoRp,0.08333333333333333,11,11,CCATCAACCCTCCTTCCGGT,0,846027
dgoRp,0.08333333333333333,11,11,CCAGGGGAGTGCGTGAACCA,0,856489
dgoRp,0.08333333333333333,11,11,CATTAGAGCAAGCAACGAGC,0,857171
dgoRp,0.08333333333333333,11,11,CATTACATACTCGCCTAACT,0,840571
dgoRp,0.08333333333333333,11,11,CATATCAGACGGTCAGCAGT,0,866228
dgoRp,0.08333333333333333,11,11,CATAAGTTTATGGAATACTT,0,861654
dgoRp,0.08333333333333333,11,11,CAGGAGGATTCATCGTGAGC,0,843659
dgoRp,0.08333333333333333,11,11,CAGGAAAGCCCGTGACCTAC,0,863505
dgoRp,0.08333333333333333,11,11,CAGCAGGTAATATATCAAAT,0,856613
dgoRp,0.08333333333333333,11,11,CAGATGCAAGAACTGAGTGA,0,858295
dgoRp,0.08333333333333333,11,11,CAGAAGGAACCAATTCCAGC,0,851982
dgoRp,0.08333333333333333,11,11,CACGTTCGAAGAGGGCACAA,0,858334
dgoRp,0.08333333333333333,11,11,CACGCTGACGTGCTGCTTGA,0,841107
dgoRp,0.08333333333333333,11,11,CACCTTAGCGATCGATCGAA,0,841135
dgoRp,0.08333333333333333,11,11,CAAGGAAGGTACGCCCTTGA,0,844559
dgoRp,0.08333333333333333,11,11,CAACCGCGACAGGCACACGC,0,836420
dgoRp,0.08333333333333333,11,11,ATTTGCAACGTGAGGGTAAG,0,865547
dgoRp,0.08333333333333333,11,11,ATTGTACCGCATGATATACA,0,851439
dgoRp,0.08333333333333333,11,11,ATGGCCAGGTTGTGCCGTTA,0,841661
dgoRp,0.08333333333333333,11,11,ATGCGTCATTAGGCGGGGAA,0,861312
dgoRp,0.08333333333333333,11,11,ATCTCGCAGTGCAAAAGGTT,0,858239
dgoRp,0.08333333333333333,11,11,ATACTTTATAGCACGTTCTC,0,859474
dgoRp,0.08333333333333333,11,11,ATAAGTATGGGTGAATACAT,0,841620
dgoRp,0.08333333333333333,11,11,AGTGCGTCCGTAGGGCCTGT,0,856375
dgoRp,0.08333333333333333,11,11,AGGTCAGTTCGCTCTATAGT,0,840912
dgoRp,0.08333333333333333,11,11,AGGTAAATACGGGTCCCTCT,0,841934
dgoRp,0.08333333333333333,11,11,AGGGTACTGAGTGGTCGGAC,0,850945
dgoRp,0.08333333333333333,11,11,AGGAAACTGAAAAATTCTCG,0,866944
dgoRp,0.08333333333333333,11,11,AGGAAAAGGTGCTAATGGGG,0,858082
dgoRp,0.08333333333333333,11,11,AGCCCGGCCAAAGCGATGCA,0,854225
dgoRp,0.08333333333333333,11,11,AGATTTGTTAGGCGGTAAAG,0,854505
dgoRp,0.08333333333333333,11,11,AGATTTGGGTCGGATGCAGT,0,855456
dgoRp,0.08333333333333333,11,11,AGATCGGTCCTAAAAGAGTT,0,848629
dgoRp,0.08333333333333333,11,11,AGATCCGATCCTACACGAAT,0,849105
dgoRp,0.08333333333333333,11,11,AGACTGGGCTGATTAAAGAC,0,844849
dgoRp,0.08333333333333333,11,11,ACTGGGGTATTGTAGCTCAC,0,864754
dgoRp,0.08333333333333333,11,11,ACTGGGGATGCATTGACTGT,0,848598
dgoRp,0.08333333333333333,11,11,ACTCTCAGGCTGTTCACACC,0,841421
dgoRp,0.08333333333333333,11,11,ACTCGCCGGTCCGGTGGATG,0,840104
dgoRp,0.08333333333333333,11,11,ACTATAAGGACATGTGTGGT,0,853919
dgoRp,0.08333333333333333,11,11,ACGGGTTTTTCCTGGGCTGT,0,861296
dgoRp,0.08333333333333333,11,11,ACGGCCCGCTAGAATTCAGC,0,849549
dgoRp,0.08333333333333333,11,11,ACCGCTAGGCAAGTGCGTTA,0,836257
dgoRp,0.08333333333333333,11,11,ACCGCACCTGCTATGTGTAA,0,844413
dgoRp,0.08333333333333333,11,11,ACCCTAAGAGAGTACCGTAA,0,856280
dgoRp,0.08333333333333333,11,11,ACCCGTCTCGTTGCAGCCTT,0,858467
dgoRp,0.08333333333333333,11,11,ACCACCGTCAGTCTTGGGGG,0,865845
dgoRp,0.08333333333333333,11,11,ACCACCGGTCAACTTGCTCC,0,865917
dgoRp,0.08333333333333333,11,11,ACATTGGTGCTGTAGTGTTT,0,839063
dgoRp,0.08333333333333333,11,11,ACAGTATTAACCTGAGGTAC,0,855614
dgoRp,0.08333333333333333,11,11,ACACGTGATGATTTTTGAGT,0,843496
dgoRp,0.08333333333333333,11,11,AATTCGCGCTCGCGAACGTA,0,856348
dgoRp,0.08333333333333333,11,11,AATGGTGCTTCAATATTTTT,0,851090
dgoRp,0.08333333333333333,11,11,AATGCGTACTTCCATATCGC,0,861162
dgoRp,0.08333333333333333,11,11,AATGCCTTTCGTTCGGTTTC,0,846469
dgoRp,0.08333333333333333,11,11,AATATTATGTGAAGGCGTTA,0,851079
dgoRp,0.08333333333333333,11,11,AAGTGGGTCAGCATGGTCTT,0,850804
dgoRp,0.08333333333333333,11,11,AAGGTTTCATGACGACGAGT,0,859032
dgoRp,0.08333333333333333,11,11,AAGGGGCTCTCCAGTCTGGT,0,838035
dgoRp,0.08333333333333333,11,11,AAGGCTTTCAGTGTGGTCCA,0,866686
dgoRp,0.08333333333333333,11,11,AAGCAATCATAGCTAACGAA,0,843008
dgoRp,0.08333333333333333,11,11,AAGAGATAACGCATCGACAT,0,848418
dgoRp,0.08333333333333333,11,11,AAGACATGCCCGAGATCCTT,0,839365
dgoRp,0.08333333333333333,11,11,AACGGAGGAGTTACACGCGC,0,859555
dgoRp,0.08333333333333333,11,11,AACCTACCAACCACTCTAGG,0,852977
dgoRp,0.08333333333333333,11,11,AACCCACCGTTCGTGTAGTT,0,866092
dgoRp,0.08333333333333333,11,11,AAATTGAGGATGCCTGTTGA,0,853824
dgoRp,0.08333333333333333,11,11,AAATTAGCCTTGTTTGACCT,0,843486
dgoRp,0.08333333333333333,11,11,AAAGTTGGCTTCGACGCGAC,0,840904
dgoRp,0.09090909090909091,10,10,TTTTCTGTGCCGTCAAGAAC,0,860326
dgoRp,0.09090909090909091,10,10,TTTGTTGGTGACGCAGGTAT,0,865970
dgoRp,0.09090909090909091,10,10,TTTGCAATTCATTAGCTATG,0,848238
dgoRp,0.09090909090909091,10,10,TTTCTGCAACAGTTGTCACT,0,852212
dgoRp,0.09090909090909091,10,10,TTTCGGTCCATAAATCTCGT,0,861631
dgoRp,0.09090909090909091,10,10,TTTCAAGTTAGGGGGGGGAA,0,852280
dgoRp,0.09090909090909091,10,10,TTTATATGGTTCGGTAGAGG,0,837108
dgoRp,0.09090909090909091,10,10,TTTACTTTCTACAGGTGGTT,0,839962
dgoRp,0.09090909090909091,10,10,TTGGCACGGGTGTAACCAAG,0,865102
dgoRp,0.09090909090909091,10,10,TTCGTTGTCTGACTCAGTGG,0,836976
dgoRp,0.09090909090909091,10,10,TTCGTTCGAGGGTTACAACT,0,863018
dgoRp,0.09090909090909091,10,10,TTCCACACAGCTAAAGTGCT,0,860042
dgoRp,0.09090909090909091,10,10,TTCATCTAGGATATATGTGT,0,848143
dgoRp,0.09090909090909091,10,10,TTATTTTGAGTCGGCGAGGT,0,854972
dgoRp,0.09090909090909091,10,10,TTATGCACGTGGAGCGGCTC,0,838669
dgoRp,0.09090909090909091,10,10,TTATACGAAGTAAAGAGAAG,0,856011
dgoRp,0.09090909090909091,10,10,TTAGGCTCGAGTGGATAGAA,0,844240
dgoRp,0.09090909090909091,10,10,TTACTATGGGACGAACAATA,0,836231
dgoRp,0.09090909090909091,10,10,TTAAGCTTGTACTGGAGATA,0,855848
dgoRp,0.09090909090909091,10,10,TGTTTAAAAGCCCCTATCCA,0,845173
dgoRp,0.09090909090909091,10,10,TGTTGTAGGGAACATTCTCG,0,863495
dgoRp,0.09090909090909091,10,10,TGTGCTGACAATATGGCTAG,0,843300
dgoRp,0.09090909090909091,10,10,TGTGAGCATCATGGGAGTCT,0,843679
dgoRp,0.09090909090909091,10,10,TGGTGCTCTATCCGTCCGCG,0,858922
dgoRp,0.09090909090909091,10,10,TGGACCGGCTTGTAAGCCAA,0,835902
dgoRp,0.09090909090909091,10,10,TGGACAAACGACTATACGTC,0,842058
dgoRp,0.09090909090909091,10,10,TGCTCCGAATATCAAAAACT,0,841364
dgoRp,0.09090909090909091,10,10,TGCATTTTTTTGTGAATAAT,0,858942
dgoRp,0.09090909090909091,10,10,TGATGGGTTTGCCTCGGTCA,0,841847
dgoRp,0.09090909090909091,10,10,TGATAAAACATGCTCCTACT,0,850022
dgoRp,0.09090909090909091,10,10,TGAGCCCGCTGTAACCTCAA,0,851285
dgoRp,0.09090909090909091,10,10,TCTTGACAGGCCGATAGGAA,0,846703
dgoRp,0.09090909090909091,10,10,TCTTCATCCTCGCTTGTCCA,0,853048
dgoRp,0.09090909090909091,10,10,TCTTATCTCTAAAGCAGGGT,0,859621
dgoRp,0.09090909090909091,10,10,TCTGTTACGTTCGGGAGTGC,0,845389
dgoRp,0.09090909090909091,10,10,TCTGAAGGCTTCTTAACTGA,0,839220
dgoRp,0.09090909090909091,10,10,TCGTTGCTACCTCCTTTCGG,0,866149
dgoRp,0.09090909090909091,10,10,TCGGGGAGACTAGACGTCTG,0,838359
dgoRp,0.09090909090909091,10,10,TCGGACTGTAACTCGCATCG,0,839938
dgoRp,0.09090909090909091,10,10,TCGAGTTTATGAGAGATGAT,0,850362
dgoRp,0.09090909090909091,10,10,TCCTTCCTGCTTGTTGGTAA,0,860040
dgoRp,0.09090909090909091,10,10,TCCTTCCTATGTAGCCGTTT,0,863313
dgoRp,0.09090909090909091,10,10,TCCGTAGGTAGAACCGATTC,0,851962
dgoRp,0.09090909090909091,10,10,TCCGGCCAACCCCTTCGAGT,0,854100
dgoRp,0.09090909090909091,10,10,TCAGGTGAATCCGGGGCGTT,0,854217
dgoRp,0.09090909090909091,10,10,TCAGGGCGTATTGGGTAATG,0,836140
dgoRp,0.09090909090909091,10,10,TCAATTGGCACCGCTCGGAC,0,852715
dgoRp,0.09090909090909091,10,10,TATTCCCGCCTCAGGTTGTT,0,836800
dgoRp,0.09090909090909091,10,10,TATTATAGATTAGGAACCGC,0,849472
dgoRp,0.09090909090909091,10,10,TATAGGATATCAGCTCCTGG,0,854340
dgoRp,0.09090909090909091,10,10,TAGGGAATGAGGGTTTCAAG,0,866235
dgoRp,0.09090909090909091,10,10,TAGACACGGTTCGCCCGGAG,0,856796
dgoRp,0.09090909090909091,10,10,TACTTTTGGACGGTTTACCA,0,835812
dgoRp,0.09090909090909091,10,10,TACCTACCTATAAGCGTGTG,0,848762
dgoRp,0.09090909090909091,10,10,TACCGTGTACAAATAGACAA,0,850041
dgoRp,0.09090909090909091,10,10,TAATGGGATGCGAATGCTGA,0,845830
dgoRp,0.09090909090909091,10,10,TAAGTGCGGGTAAAGTAGCA,0,848244
dgoRp,0.09090909090909091,10,10,TAACGAATTGGGCTTTTCAA,0,865388
dgoRp,0.09090909090909091,10,10,TAAAGTAGTTAGGAGAAGTT,0,863138
dgoRp,0.09090909090909091,10,10,TAAAGCGGGATTCCGCGCAA,0,861975
dgoRp,0.09090909090909091,10,10,GTTCGGTAGCCACTACCACT,0,837995
dgoRp,0.09090909090909091,10,10,GTTACTCTCGTGCGTGGTGC,0,851993
dgoRp,0.09090909090909091,10,10,GTGCCTTCTGTATACGATAC,0,838546
dgoRp,0.09090909090909091,10,10,GTGATTATGTAAACCGATCA,0,856079
dgoRp,0.09090909090909091,10,10,GTGAGAGTGCGCTAATGCGA,0,846508
dgoRp,0.09090909090909091,10,10,GTCTACTCAGAACGGCAATT,0,855569
dgoRp,0.09090909090909091,10,10,GTCTAACTGAAGTGGGGATT,0,847757
dgoRp,0.09090909090909091,10,10,GTCGCGGAAAAGAGAAGCTA,0,838198
dgoRp,0.09090909090909091,10,10,GTCCTTACCGGCTCTGTACA,0,857778
dgoRp,0.09090909090909091,10,10,GTCCTGAACTAGGCTTCCAG,0,853347
dgoRp,0.09090909090909091,10,10,GTCCTCTTCCTCCCAGTGGT,0,842877
dgoRp,0.09090909090909091,10,10,GTCATCGCGAAAAAGGTGCC,0,836537
dgoRp,0.09090909090909091,10,10,GTATGAACGGTTTAGGGCTA,0,847860
dgoRp,0.09090909090909091,10,10,GTAGATCCAAAGTTGTTTTG,0,864539
dgoRp,0.09090909090909091,10,10,GTACCTGAGTTTGATTCGGG,0,859552
dgoRp,0.09090909090909091,10,10,GTAATCCAGCGGTGTTGCGT,0,857292
dgoRp,0.09090909090909091,10,10,GTAAAATGGCAAAACCGTTT,0,865359
dgoRp,0.09090909090909091,10,10,GGTTTCACCCTGGGGCATGG,0,856589
dgoRp,0.09090909090909091,10,10,GGTTGAGCGCAACCATGGGG,0,843554
dgoRp,0.09090909090909091,10,10,GGTTAAGGTTCTAGTAAATT,0,863057
dgoRp,0.09090909090909091,10,10,GGTGGATCATAGCGGCCTTG,0,857411
dgoRp,0.09090909090909091,10,10,GGTGGAGCGAGAGCGATACG,0,849541
dgoRp,0.09090909090909091,10,10,GGTCTTTCTAACGAAGGTTT,0,842615
dgoRp,0.09090909090909091,10,10,GGTCGGCAACAGTTTTCCCA,0,849085
dgoRp,0.09090909090909091,10,10,GGGTTTGGATCGGATTTTCA,0,860882
dgoRp,0.09090909090909091,10,10,GGGTTGCGTGAGCTACACAT,0,858786
dgoRp,0.09090909090909091,10,10,GGGTTAGACGCAAAAAAGGG,0,840115
dgoRp,0.09090909090909091,10,10,GGGGGATGTAGATCCCTACA,0,866067
dgoRp,0.09090909090909091,10,10,GGGCGTCGGGTTCACGTCTT,0,849298
dgoRp,0.09090909090909091,10,10,GGGCGCTGGTCGAAGTGTCT,0,861225
dgoRp,0.09090909090909091,10,10,GGGCCTGATGCGAGCGCTCG,0,854072
dgoRp,0.09090909090909091,10,10,GGGCAATAGGGCGGGTTGAT,0,849301
dgoRp,0.09090909090909091,10,10,GGGATGGCTGCGCCCGCTTA,0,843089
dgoRp,0.09090909090909091,10,10,GGGAGGTCATGATGAGTTCA,0,848829
dgoRp,0.09090909090909091,10,10,GGCCCGAACAACGGGATAAT,0,841350
dgoRp,0.09090909090909091,10,10,GGCAGCAGGCGATAATGTAT,0,841558
dgoRp,0.09090909090909091,10,10,GGATTGTACACTGGGTGGGT,0,839160
dgoRp,0.09090909090909091,10,10,GGATTCGAAGTTGGTAGATA,0,839847
dgoRp,0.09090909090909091,10,10,GGAGGCGACCTAAGTTATGT,0,865551
dgoRp,0.09090909090909091,10,10,GGAATGCCGATCCGCTTAGG,0,837581
dgoRp,0.09090909090909091,10,10,GCTTTGAGTGTTTCCGTCGT,0,848933
dgoRp,0.09090909090909091,10,10,GCTGGTACAGCGGATCTCGA,0,865227
dgoRp,0.09090909090909091,10,10,GCTGGATATCCTGCTATGCT,0,853626
dgoRp,0.09090909090909091,10,10,GCGGAATCCATGACCATAAC,0,851189
dgoRp,0.09090909090909091,10,10,GCGATCTTTCTACGACGTTT,0,859102
dgoRp,0.09090909090909091,10,10,GCGAGGTTGTACAGAGTAGG,0,844201
dgoRp,0.09090909090909091,10,10,GCCAGCATTTGCATAGTGAG,0,844191
dgoRp,0.09090909090909091,10,10,GCCACACCAGCGAGCATGCA,0,850217
dgoRp,0.09090909090909091,10,10,GCAGCGGTTTGCAGGGAAGT,0,863459
dgoRp,0.09090909090909091,10,10,GCAGAAACGGCCGCTGAATC,0,838172
dgoRp,0.09090909090909091,10,10,GCACTGACATATCCAACGGT,0,862637
dgoRp,0.09090909090909091,10,10,GCACGCCGGGACGATGCACG,0,850443
dgoRp,0.09090909090909091,10,10,GATTTAACGGACCTAGTAAT,0,848532
dgoRp,0.09090909090909091,10,10,GATACGGACAGTATGCATGA,0,848584
dgoRp,0.09090909090909091,10,10,GAGGGCAGGTTGCTGCACCT,0,843180
dgoRp,0.09090909090909091,10,10,GAGCCTGTAGGAAGCGCCAC,0,844109
dgoRp,0.09090909090909091,10,10,GAGCCAACAATCTCTATAAT,0,850630
dgoRp,0.09090909090909091,10,10,GACTTTGTGCAATCGAGTCT,0,858108
dgoRp,0.09090909090909091,10,10,GACTAGGTTTCCTGGCAGAA,0,859383
dgoRp,0.09090909090909091,10,10,GACGCACCGTATTTCAATAA,0,837026
dgoRp,0.09090909090909091,10,10,GACCCTAACGTAACCTACCA,0,841985
dgoRp,0.09090909090909091,10,10,GACATTTGCACACACGTCAT,0,853286
dgoRp,0.09090909090909091,10,10,GAACTCCCACAATAAATTCA,0,836926
dgoRp,0.09090909090909091,10,10,GAACGGGCCGCACACTCAAT,0,846296
dgoRp,0.09090909090909091,10,10,CTTTGGGTGTAGCGTAATAA,0,853025
dgoRp,0.09090909090909091,10,10,CTTTAAACTACTAGCACGCT,0,855001
dgoRp,0.09090909090909091,10,10,CTTGGAAAATTGCTTACGGC,0,861820
dgoRp,0.09090909090909091,10,10,CTTCTTGGACCAGACCTGTT,0,842473
dgoRp,0.09090909090909091,10,10,CTGTTGTGGGGAGCAAGGAA,0,854447
dgoRp,0.09090909090909091,10,10,CTCTATCATGAAGGGTTTGC,0,838494
dgoRp,0.09090909090909091,10,10,CTCGTAATGACTTGCCAGCG,0,847072
dgoRp,0.09090909090909091,10,10,CTATATCATTTTCTCGGTCA,0,839273
dgoRp,0.09090909090909091,10,10,CTAGTGGCTTGATCCCAGCG,0,842912
dgoRp,0.09090909090909091,10,10,CTACAGATATTATTGCGCAA,0,862671
dgoRp,0.09090909090909091,10,10,CGTTAGAACCTGACAGTTTG,0,860894
dgoRp,0.09090909090909091,10,10,CGTGGTGTGGGGCGCGGTAA,0,853378
dgoRp,0.09090909090909091,10,10,CGTAGTACTCCATATTGTAG,0,839134
dgoRp,0.09090909090909091,10,10,CGTAATGTCTCACATTTTAT,0,840502
dgoRp,0.09090909090909091,10,10,CGGTTAGTGCTCGGACACGT,0,862037
dgoRp,0.09090909090909091,10,10,CGGTGGTAGACCGTGGCGAG,0,859173
dgoRp,0.09090909090909091,10,10,CGGGGGGCCTGTATGTAGTA,0,846183
dgoRp,0.09090909090909091,10,10,CGGGCACGAGCGAGACCACG,0,839312
dgoRp,0.09090909090909091,10,10,CGGCAGCGCTGCCCCCGAGT,0,856681
dgoRp,0.09090909090909091,10,10,CGCTCTGGGGGGCTCAAGCC,0,858186
dgoRp,0.09090909090909091,10,10,CGCGAGCGTTGCGACTATAG,0,852649
dgoRp,0.09090909090909091,10,10,CGAGTTGCTAACTCAGATTC,0,864200
dgoRp,0.09090909090909091,10,10,CGACAGTAAGCGTATCCCAA,0,852164
dgoRp,0.09090909090909091,10,10,CGAAACCTCAACCTGGGTCC,0,856962
dgoRp,0.09090909090909091,10,10,CCTGTTCTATTCCGTATCCA,0,855305
dgoRp,0.09090909090909091,10,10,CCTGCGAAGGAGTCCAAGAC,0,846880
dgoRp,0.09090909090909091,10,10,CCTCCATCAGGCGCGCCAAT,0,836454
dgoRp,0.09090909090909091,10,10,CCTCAATCCGGACTCGATTC,0,861222
dgoRp,0.09090909090909091,10,10,CCGTGTGGTCCGGTCCCGGC,0,854164
dgoRp,0.09090909090909091,10,10,CCGTGGGAGTAGTCTTTTAC,0,847165
dgoRp,0.09090909090909091,10,10,CCGCTGTAGATGCCCAGGCA,0,844829
dgoRp,0.09090909090909091,10,10,CCGATTTGCTCAGGATCCAC,0,850062
dgoRp,0.09090909090909091,10,10,CCGAAAAGTACATGCGCGCG,0,859482
dgoRp,0.09090909090909091,10,10,CCCTTTTGTTTTCGGAAGAG,0,852191
dgoRp,0.09090909090909091,10,10,CCCTTAGAGCCGCATTCAGT,0,840801
dgoRp,0.09090909090909091,10,10,CCCGTGCCCCCGGAGCCTGT,0,843641
dgoRp,0.09090909090909091,10,10,CCCGCTACGTTGGCTGCCCC,0,843896
dgoRp,0.09090909090909091,10,10,CCATTCGGTATGATATGAAA,0,858988
dgoRp,0.09090909090909091,10,10,CCAGCAACATCTCACGAGAG,0,865937
dgoRp,0.09090909090909091,10,10,CCACGGCCTAAACAAAGGAC,0,864974
dgoRp,0.09090909090909091,10,10,CATGGCGTTAGCTAATCTGC,0,848470
dgoRp,0.09090909090909091,10,10,CAGTTTTGCGAAGCTTATCA,0,839481
dgoRp,0.09090909090909091,10,10,CAGGCAAAGGCTCTAAGTTT,0,866216
dgoRp,0.09090909090909091,10,10,CAGGATCCAGGTCTCTCGAC,0,849709
dgoRp,0.09090909090909091,10,10,CAGGAGTGAGTACCTGCAAG,0,838259
dgoRp,0.09090909090909091,10,10,CAGCCGCAATCCTAAGAATA,0,848778
dgoRp,0.09090909090909091,10,10,CAGCACCGTAGCGCAGCGAT,0,845732
dgoRp,0.09090909090909091,10,10,CAGAATAAAGGGTGGGGTCC,0,839268
dgoRp,0.09090909090909091,10,10,CACGATATCGTTGGCTCTTA,0,845692
dgoRp,0.09090909090909091,10,10,CACAGAAGTTGTCGAGACGC,0,863702
dgoRp,0.09090909090909091,10,10,CACAGAACTACAAGATAAAC,0,845966
dgoRp,0.09090909090909091,10,10,CAATGGCTGGCGTGGATGCA,0,866227
dgoRp,0.09090909090909091,10,10,CAAAGGATAACCTAATCGAT,0,846602
dgoRp,0.09090909090909091,10,10,ATTTTAGGCTCGATCCGCGC,0,842181
dgoRp,0.09090909090909091,10,10,ATTGGATGGCTAACGAACGG,0,848046
dgoRp,0.09090909090909091,10,10,ATTCGCCCATAATCCATTCA,0,847557
dgoRp,0.09090909090909091,10,10,ATTCCTGGCTTATTCGCCTG,0,854275
dgoRp,0.09090909090909091,10,10,ATGTCATTGGATATCGAGGG,0,846336
dgoRp,0.09090909090909091,10,10,ATGTATTTTTTGGAGCTAGG,0,858037
dgoRp,0.09090909090909091,10,10,ATGAAGTTGTACTCCGGCTC,0,836574
dgoRp,0.09090909090909091,10,10,ATCGTAATATGGGAATCATA,0,861786
dgoRp,0.09090909090909091,10,10,ATCGACAAACGCATAGCGAA,0,846629
dgoRp,0.09090909090909091,10,10,ATCCACACCGATCACGCGGT,0,863922
dgoRp,0.09090909090909091,10,10,ATCAGATCTGGGTAACATTC,0,856805
dgoRp,0.09090909090909091,10,10,ATATCTTTTAAGAGGACACA,0,861634
dgoRp,0.09090909090909091,10,10,ATAATTTAATTACATCTCGC,0,862483
dgoRp,0.09090909090909091,10,10,AGTTCTGGCGAGGTGCATCT,0,837057
dgoRp,0.09090909090909091,10,10,AGTGGCCTCCTGATATATAA,0,849505
dgoRp,0.09090909090909091,10,10,AGTGCTCGCAGGTTAGGGAA,0,859650
dgoRp,0.09090909090909091,10,10,AGTGCGAACCATGACACTGT,0,838727
dgoRp,0.09090909090909091,10,10,AGTCTGCCATTGCCGATTAC,0,850440
dgoRp,0.09090909090909091,10,10,AGTCGGTCATCAGCCCAGGT,0,864919
dgoRp,0.09090909090909091,10,10,AGTCCCCAAACGGTCAGGAG,0,839008
dgoRp,0.09090909090909091,10,10,AGGTTTGCCAAAGGGCTAGG,0,841658
dgoRp,0.09090909090909091,10,10,AGGTAAATGGTTCTATAATG,0,836225
dgoRp,0.09090909090909091,10,10,AGGGTGAGCTATAAATAGGA,0,848343
dgoRp,0.09090909090909091,10,10,AGGGGCTCCGTACCGTTCGC,0,858004
dgoRp,0.09090909090909091,10,10,AGGAAGGAAGCCGATAACGA,0,847934
dgoRp,0.09090909090909091,10,10,AGCGACCTTTCGAATTTTCG,0,858071
dgoRp,0.09090909090909091,10,10,AGCATGACGGTAGAATCCCG,0,837148
dgoRp,0.09090909090909091,10,10,AGCAGCCTCACCAGGGGTAA,0,847977
dgoRp,0.09090909090909091,10,10,AGATTGGCACATCCACGGTT,0,843365
dgoRp,0.09090909090909091,10,10,AGAGTAAAGAATTGGTTGGC,0,843604
dgoRp,0.09090909090909091,10,10,AGAGACGCAGGCACCTGCAG,0,866635
dgoRp,0.09090909090909091,10,10,AGACATGAGGGGAGTCTTTA,0,841795
dgoRp,0.09090909090909091,10,10,AGACACGACAGTCAGCCCAT,0,856305
dgoRp,0.09090909090909091,10,10,AGAAGTCAGGCCGCTTAATG,0,847439
dgoRp,0.09090909090909091,10,10,AGAACTTCCGTTTAGGCTCA,0,842819
dgoRp,0.09090909090909091,10,10,ACTTCACCGGTTGCTGATCC,0,838930
dgoRp,0.09090909090909091,10,10,ACTGTCATTTGCTCTAGTAT,0,857677
dgoRp,0.09090909090909091,10,10,ACTGAGGTCCCAAGGATCCA,0,846783
dgoRp,0.09090909090909091,10,10,ACTCTCCCACTGCGGGACGG,0,844835
dgoRp,0.09090909090909091,10,10,ACTCGTGGATCTGCGTAATG,0,842507
dgoRp,0.09090909090909091,10,10,ACTATCACTCCATCCGCATA,0,857533
dgoRp,0.09090909090909091,10,10,ACTAGATCACCATATCCTGA,0,845576
dgoRp,0.09090909090909091,10,10,ACGTGCACCTGTGATACCAA,0,862243
dgoRp,0.09090909090909091,10,10,ACGTAGGACTTTACGACTTT,0,839048
dgoRp,0.09090909090909091,10,10,ACCTGGTTCTTCAGGGGGTC,0,846199
dgoRp,0.09090909090909091,10,10,ACCCAAAGTGGGCGACTACC,0,845760
dgoRp,0.09090909090909091,10,10,ACCATACACAGAAGTTGTGT,0,861810
dgoRp,0.09090909090909091,10,10,ACATCAGAAGGAAATGAGAC,0,855324
dgoRp,0.09090909090909091,10,10,ACAGTTACCCCTGACTGGTA,0,836156
dgoRp,0.09090909090909091,10,10,ACACGGGCTCCCAGAGGTAG,0,845524
dgoRp,0.09090909090909091,10,10,AATTTGAACCCATCCCAAGT,0,843889
dgoRp,0.09090909090909091,10,10,AATTGCGCGAAACGCTCCAT,0,847030
dgoRp,0.09090909090909091,10,10,AATTAGCTCAGGTAAGGCTC,0,861442
dgoRp,0.09090909090909091,10,10,AATGGACCATTTACTTCGTA,0,844893
dgoRp,0.09090909090909091,10,10,AATACGTCCACTTGATTAAT,0,855205
dgoRp,0.09090909090909091,10,10,AATACGATCCTGTGATGCGT,0,864339
dgoRp,0.09090909090909091,10,10,AATACATTTGCTATCTATAT,0,838893
dgoRp,0.09090909090909091,10,10,AAGTGGGTTAACCTCCCGTG,0,858006
dgoRp,0.09090909090909091,10,10,AAGGTAGCGTAAAAGGGGGT,0,860704
dgoRp,0.09090909090909091,10,10,AAGCCCGTTCTGAGACGTTT,0,857706
dgoRp,0.09090909090909091,10,10,AAGAGCTTCTCTAAATTTAA,0,855280
dgoRp,0.09090909090909091,10,10,AACTCGCTCGTAAGTTCCTG,0,846745
dgoRp,0.09090909090909091,10,10,AACTCGAACTCTTCAGACAG,0,853606
dgoRp,0.09090909090909091,10,10,AACAGATGTGCGTCAGCAGG,0,866948
dgoRp,0.09090909090909091,10,10,AAATTGATTTGCCAAGGCAT,0,837617
dgoRp,0.09090909090909091,10,10,AAAGGGTAAATGACGGGAGA,0,852892
dgoRp,0.09090909090909091,10,10,AAAGACGTTTAACCAGCGAC,0,855328
dgoRp,0.1,9,9,TTTTCAATCCATCTTCTGTT,0,844502
dgoRp,0.1,9,9,TTTGTATCACACGAATGACT,0,855629
dgoRp,0.1,9,9,TTTCGCTGGATTTTTCATTC,0,849384
dgoRp,0.1,9,9,TTTCCTGGCCCGACACATCT,0,853464
dgoRp,0.1,9,9,TTTCATAAATGTTTGAGCCT,0,853530
dgoRp,0.1,9,9,TTGTTGAACAACATGGCGCG,0,861917
dgoRp,0.1,9,9,TTGTCGTTCCTAGATTTGAT,0,845659
dgoRp,0.1,9,9,TTGTCCCAACGGCAGATAGA,0,843288
dgoRp,0.1,9,9,TTGATCGTGAGCGCAAGGTG,0,850957
dgoRp,0.1,9,9,TTGAATGTAAATATTTCGGA,0,857108
dgoRp,0.1,9,9,TTCTCTTTACCGGAAATCTG,0,843156
dgoRp,0.1,9,9,TTCGGGTCAAATAAACCGTA,0,840529
dgoRp,0.1,9,9,TTCGCTTATTGCCGCATTTG,0,849901
dgoRp,0.1,9,9,TTCGATAGTCGAACATAGAT,0,851193
dgoRp,0.1,9,9,TTATTAGTATCACTATGGGA,0,853555
dgoRp,0.1,9,9,TTAGAAGTCTCTGGTGTTTA,0,856181
dgoRp,0.1,9,9,TTACTTAGCCTATAAAAAAA,0,850441
dgoRp,0.1,9,9,TTACGTTCAGTACGGCACCT,0,839846
dgoRp,0.1,9,9,TTAAGGGGATAAAATCTACG,0,858083
dgoRp,0.1,9,9,TTAAGCTCCGACCAAATGCG,0,853307
dgoRp,0.1,9,9,TGTTGGGGGAGGAGCTCTTC,0,843002
dgoRp,0.1,9,9,TGTCCTGGGAATCCGAGGGG,0,852401
dgoRp,0.1,9,9,TGTAGCAACCTGACGTTCCA,0,855455
dgoRp,0.1,9,9,TGTACCCCGCGCTTATATTG,0,842353
dgoRp,0.1,9,9,TGTAACCAATAAGGGTAATT,0,839269
dgoRp,0.1,9,9,TGGGTCAAAGTCAAACTTCA,0,848566
dgoRp,0.1,9,9,TGGGCGGCATTAACTATAGT,0,841556
dgoRp,0.1,9,9,TGGATCAGCCTTAATGTGCC,0,858552
dgoRp,0.1,9,9,TGCTGAAGAGACAGGTAAAC,0,844602
dgoRp,0.1,9,9,TGCGTCATGCGCAATGTAGG,0,842449
dgoRp,0.1,9,9,TGCATCCGCCATTCTTGAGC,0,863441
dgoRp,0.1,9,9,TGCAGGCCAAATTTCCGTGA,0,845859
dgoRp,0.1,9,9,TGCACAAGTTGACGGCATGT,0,845070
dgoRp,0.1,9,9,TGATTGGGTTATAGTATCTG,0,851407
dgoRp,0.1,9,9,TGATTCTCTGGGGGTGGACG,0,855875
dgoRp,0.1,9,9,TGAGGCGGGCGGCTTTAAGT,0,847278
dgoRp,0.1,9,9,TGAGCACATATCTATTGGTC,0,851091
dgoRp,0.1,9,9,TGACTGTCCCCTTAGACCCG,0,848349
dgoRp,0.1,9,9,TGACACTTGATCAGGGCAGA,0,839930
dgoRp,0.1,9,9,TGACAAAGCGTGTCGTGATT,0,836882
dgoRp,0.1,9,9,TGAAACTCTGTCAACTGTTA,0,845178
dgoRp,0.1,9,9,TGAAACGCCCGGACGGGCTA,0,844397
dgoRp,0.1,9,9,TCTTTTTTTCTGGGAAGGGG,0,856227
dgoRp,0.1,9,9,TCTGTGGTACGTAGACCATC,0,852713
dgoRp,0.1,9,9,TCTGCGTTCGGCGCTATCTA,0,837406
dgoRp,0.1,9,9,TCGTATTTAACCCTAGTAAA,0,848209
dgoRp,0.1,9,9,TCGTATGCTATCATGCGGCC,0,843046
dgoRp,0.1,9,9,TCGGGAATACTTAGGAATAA,0,839637
dgoRp,0.1,9,9,TCGGCACGATGATTGTCGCG,0,845048
dgoRp,0.1,9,9,TCGCCATCTTGAAGTTATTC,0,847148
dgoRp,0.1,9,9,TCGCAACAATCGGTGCGTTT,0,837319
dgoRp,0.1,9,9,TCGACATTCGTTTATTCCTT,0,864687
dgoRp,0.1,9,9,TCCATCAGACCGTACTAGGA,0,849983
dgoRp,0.1,9,9,TCCAGAAGAACTGCGGATTT,0,852203
dgoRp,0.1,9,9,TCATGGGGAAGCTCGGCAGT,0,843244
dgoRp,0.1,9,9,TCATGGCGAACCTCCGAGAT,0,835953
dgoRp,0.1,9,9,TCATGAGTTCAAGGATCTCA,0,842668
dgoRp,0.1,9,9,TCAGTTGTGGTTTCCCACAC,0,839124
dgoRp,0.1,9,9,TCAGCTGGTGGCTGCTGGGA,0,842448
dgoRp,0.1,9,9,TCACAACTCGTTAAGGCTCC,0,838203
dgoRp,0.1,9,9,TCAAAAAAGGCCATCCATGA,0,841058
dgoRp,0.1,9,9,TATGTTCGTTTCGGCGATTG,0,843074
dgoRp,0.1,9,9,TATGCAATTGAATGCAGAAT,0,863925
dgoRp,0.1,9,9,TATCGTCTCTCCGAAATTGG,0,838456
dgoRp,0.1,9,9,TATAGGTCGAGTAAGGGGTC,0,860741
dgoRp,0.1,9,9,TAGGTGTTGATATTGGCCGA,0,852790
dgoRp,0.1,9,9,TAGGTAGGATGTCGCCCTAC,0,849691
dgoRp,0.1,9,9,TAGGGGTCGGAGTCCCAAAT,0,840833
dgoRp,0.1,9,9,TAGCTACTTTCTCAGAAACA,0,849951
dgoRp,0.1,9,9,TAGCAGCCTGGGACTCCGGT,0,844963
dgoRp,0.1,9,9,TAGATGTCCTTTGGCATCCG,0,851046
dgoRp,0.1,9,9,TAGACTCGGGTGAGTGAGAC,0,846134
dgoRp,0.1,9,9,TACTGTATTGGTTTCATAAT,0,845006
dgoRp,0.1,9,9,TACGTACGTCTTGGTGCATT,0,850991
dgoRp,0.1,9,9,TACATAGAATCGCTAACCCT,0,865977
dgoRp,0.1,9,9,TACACGTTGTCGCACATGCC,0,861195
dgoRp,0.1,9,9,TAACTTTTGGTGATTGCGCT,0,856135
dgoRp,0.1,9,9,TAACGTCCAGCCGGTCTTGA,0,850547
dgoRp,0.1,9,9,TAAACGGTGGATATGGCTTG,0,867195
dgoRp,0.1,9,9,GTTGGGTGGGACTAGCTGTG,0,851580
dgoRp,0.1,9,9,GTTGCTAAGAGAATGGTTAA,0,848303
dgoRp,0.1,9,9,GTTGAGTGTCATGTTTGACT,0,865360
dgoRp,0.1,9,9,GTTCTGCATCCATGTTTGCA,0,837872
dgoRp,0.1,9,9,GTTCGCTACTCGTCTATGCA,0,858929
dgoRp,0.1,9,9,GTTCCTGGGGTGGGTTGAGA,0,864166
dgoRp,0.1,9,9,GTGGCACGCTGGGGCCATAA,0,844946
dgoRp,0.1,9,9,GTGCTTTCATGCTAGTGGCC,0,839480
dgoRp,0.1,9,9,GTGCAATTGCACGTTCGATG,0,849318
dgoRp,0.1,9,9,GTCTTTGCGATTAGTAGGAA,0,850051
dgoRp,0.1,9,9,GTCTCTCTTGTGTTACCCGC,0,858912
dgoRp,0.1,9,9,GTCTCGTCTCGGCCATAGGT,0,857462
dgoRp,0.1,9,9,GTCTAGTAGGCTGGCAAGGC,0,852873
dgoRp,0.1,9,9,GTCGTTCGGGCGTAATAAAG,0,849300
dgoRp,0.1,9,9,GTCGGGTTCGTATACAGGCT,0,863023
dgoRp,0.1,9,9,GTCGGGGGTATGTAAGCTAT,0,860116
dgoRp,0.1,9,9,GTCGCGGATGAAGACTTCTC,0,836138
dgoRp,0.1,9,9,GTCGAGGACTAGCACAGGAA,0,840594
dgoRp,0.1,9,9,GTCCTCTGTCACGTACAAAA,0,847318
dgoRp,0.1,9,9,GTCATATAGCTGGCTGGTTC,0,841703
dgoRp,0.1,9,9,GTCAATCGAGCAGCAGATTT,0,859512
dgoRp,0.1,9,9,GTATATTTAGGCCTTTCTAG,0,863337
dgoRp,0.1,9,9,GTAGAACCCCTTGGGCTTAA,0,862165
dgoRp,0.1,9,9,GTACGGGCTGTACATAGCGG,0,850755
dgoRp,0.1,9,9,GTACCACGCCGGCGGACCAG,0,862640
dgoRp,0.1,9,9,GTACAGGTCCCGAGGCGTCA,0,857505
dgoRp,0.1,9,9,GGTCTGTTTAGCTACGTTCC,0,857801
dgoRp,0.1,9,9,GGTCTACCTCCGTAACCGTT,0,855332
dgoRp,0.1,9,9,GGGTTTGGCCACGCGTGAGA,0,838395
dgoRp,0.1,9,9,GGGTATCAGTAGCCTGGAGA,0,862413
dgoRp,0.1,9,9,GGGTACTCACATCATCCTCA,0,848737
dgoRp,0.1,9,9,GGGGTCGTGAGCAAAGCCCT,0,842953
dgoRp,0.1,9,9,GGGGAAGCGCCAAGAGAGGA,0,844928
dgoRp,0.1,9,9,GGGATACAGTCAGAGCATAT,0,854045
dgoRp,0.1,9,9,GGGACGCCTGACGGACAAAC,0,848572
dgoRp,0.1,9,9,GGCTGATTAGGGGGTAGAAA,0,847470
dgoRp,0.1,9,9,GGCGTCATCTGGTCCTGTTC,0,836935
dgoRp,0.1,9,9,GGCCGGTGTAACAGGAGGAA,0,863584
dgoRp,0.1,9,9,GGCCGGGTCAACACTGGGTC,0,863319
dgoRp,0.1,9,9,GGCCATATCATAGAAGTGCT,0,857030
dgoRp,0.1,9,9,GGATTTGATATAAGATATTG,0,839892
dgoRp,0.1,9,9,GGATGTTGTAGAAAGGCTTC,0,867456
dgoRp,0.1,9,9,GGATATAGGAGTTGCGGTCG,0,858815
dgoRp,0.1,9,9,GGAGCCCCCTAGGGAGGGAG,0,838643
dgoRp,0.1,9,9,GGAGACTGGGCCTATCGCTA,0,842494
dgoRp,0.1,9,9,GGAACGTCCTTTTCTGTCAC,0,857297
dgoRp,0.1,9,9,GGAACGACAATCGCAGATCC,0,835817
dgoRp,0.1,9,9,GGAACCCGGCACGGGTGTTT,0,843875
dgoRp,0.1,9,9,GGAACACGCTGCGTGGCCGT,0,852005
dgoRp,0.1,9,9,GCTTATTACGGATTAGTTTT,0,847780
dgoRp,0.1,9,9,GCTTAGCTCATAGCCTCGGA,0,856982
dgoRp,0.1,9,9,GCTGGATCGCTGTAGTCTGT,0,841804
dgoRp,0.1,9,9,GCTACGTCCTGATTGCGGCA,0,844875
dgoRp,0.1,9,9,GCGTTTGTGCATAATCGTGG,0,865259
dgoRp,0.1,9,9,GCGTTATGCCAGCTCTCACA,0,854953
dgoRp,0.1,9,9,GCGTCAAATACCGCGATTCA,0,843929
dgoRp,0.1,9,9,GCGGGAACTGTGTTGGAAGT,0,858040
dgoRp,0.1,9,9,GCGGCTGCAAAGCTCCTCGT,0,843182
dgoRp,0.1,9,9,GCGCGTGGCAGGCTAAATAT,0,865392
dgoRp,0.1,9,9,GCGCCATCGACTGCACGAGG,0,840799
dgoRp,0.1,9,9,GCCTGACCAAAATCGCGAAT,0,849031
dgoRp,0.1,9,9,GCATGTCCAAGCGGACAAGG,0,861914
dgoRp,0.1,9,9,GCATGACGCCAGCAATGAGT,0,855669
dgoRp,0.1,9,9,GCATATTAGCGTTAGTACGC,0,842229
dgoRp,0.1,9,9,GCATAGACAACTGGATACCC,0,861967
dgoRp,0.1,9,9,GCAGCGCACTGGAAATAGCA,0,836242
dgoRp,0.1,9,9,GCAGCATCTTGGCATCGTCA,0,842186
dgoRp,0.1,9,9,GCACATCATCCTAACGGTTC,0,867341
dgoRp,0.1,9,9,GCAATGGGGATAACGACGAC,0,855821
dgoRp,0.1,9,9,GCAAATAACTGGGCGGGCAG,0,854218
dgoRp,0.1,9,9,GATTAAGGGGATAGGTAGTA,0,852331
dgoRp,0.1,9,9,GATGACTGGTGGAACTGATT,0,864977
dgoRp,0.1,9,9,GAGTTCGAACCAATCGCGCT,0,866055
dgoRp,0.1,9,9,GAGTCCCTGGGCCATGGACT,0,857215
dgoRp,0.1,9,9,GAGTAACTTTGCGCGCGCAC,0,854520
dgoRp,0.1,9,9,GAGCGCATTCGGAGGGGATG,0,852793
dgoRp,0.1,9,9,GAGCATCTGGACCACAGACA,0,858890
dgoRp,0.1,9,9,GAGCACCTTACACAGTATAG,0,839133
dgoRp,0.1,9,9,GACATCCATTATCGTGTGTG,0,847107
dgoRp,0.1,9,9,GACAATTATACGAGCGCTGC,0,838212
dgoRp,0.1,9,9,GAATTAAAACCGGAGTACAG,0,856925
dgoRp,0.1,9,9,GAATGAGGAGTGCAGTTGAT,0,843754
dgoRp,0.1,9,9,GAAGACGGTAAGAGCACATT,0,861175
dgoRp,0.1,9,9,CTTTCTAGTAGCACATCGAT,0,864521
dgoRp,0.1,9,9,CTTTCTACACGATATTCCTT,0,863612
dgoRp,0.1,9,9,CTTCTTGACGTGGAAATGCC,0,850182
dgoRp,0.1,9,9,CTTATGGATAAAAGTTAAAA,0,838144
dgoRp,0.1,9,9,CTTAATTTTACTCAGTCCCG,0,863841
dgoRp,0.1,9,9,CTTAACAAGATAACCCCCGT,0,860261
dgoRp,0.1,9,9,CTGTGTAGGGTTTTGCTATG,0,863111
dgoRp,0.1,9,9,CTGACAGCGCTTCCGAGAAT,0,845954
dgoRp,0.1,9,9,CTGAACAAGCATTGTTGCTT,0,856857
dgoRp,0.1,9,9,CTCTCTCGATATATATAGGC,0,858880
dgoRp,0.1,9,9,CTCTCAAGCAACGTATAGTT,0,854977
dgoRp,0.1,9,9,CTCTAATGAACAGATCGTAC,0,862309
dgoRp,0.1,9,9,CTCCTCAATCTCAGTCTGAG,0,855921
dgoRp,0.1,9,9,CTATCGCGGGTTTATTCTCA,0,847847
dgoRp,0.1,9,9,CTATAAGATCTTCTCTAGTT,0,843838
dgoRp,0.1,9,9,CTAGACCGCCTGTTAACAAA,0,861601
dgoRp,0.1,9,9,CTAATTCTTTGCCATAGTTA,0,864633
dgoRp,0.1,9,9,CGTTTCTTAGCGCTGGGCTC,0,836874
dgoRp,0.1,9,9,CGTTGTGGGATGTGAACGTG,0,862874
dgoRp,0.1,9,9,CGTTGAGCAGTGCAGTGCTT,0,855417
dgoRp,0.1,9,9,CGTTATTCACATAAAAACGT,0,863203
dgoRp,0.1,9,9,CGTGACTGCGTCACCAGGTG,0,858336
dgoRp,0.1,9,9,CGTCAGTTGGGGGCCTGGAA,0,851565
dgoRp,0.1,9,9,CGTCAAACTTCTGGTTATTA,0,845155
dgoRp,0.1,9,9,CGTAGCTGGAGGTACGGAGC,0,845302
dgoRp,0.1,9,9,CGTAACGAGATGGCGCGCCG,0,847150
dgoRp,0.1,9,9,CGGTGTCTTAGGTCATTACG,0,854052
dgoRp,0.1,9,9,CGGTCGGGGGAAGTTGCCCC,0,849577
dgoRp,0.1,9,9,CGGGATTCCATATGGCCCGA,0,836019
dgoRp,0.1,9,9,CGGGAGACGGTCCCTGGTAC,0,866284
dgoRp,0.1,9,9,CGGCAGTTGAGTGCGGAGCT,0,860417
dgoRp,0.1,9,9,CGGAAAATTGAGGTTCTAAG,0,839489
dgoRp,0.1,9,9,CGCTGAGAATACATCTGTAC,0,864788
dgoRp,0.1,9,9,CGCCATGGCATACTATATGT,0,855012
dgoRp,0.1,9,9,CGCATACACGGGCTCGTGTC,0,850623
dgoRp,0.1,9,9,CGATGGATGCATGGAGGTGC,0,856620
dgoRp,0.1,9,9,CGAGGGTGCCACCGTACCAA,0,841359
dgoRp,0.1,9,9,CGACTTTGTGATATCGCTGG,0,853715
dgoRp,0.1,9,9,CGAATGGATGGTGCGAGCCT,0,851766
dgoRp,0.1,9,9,CGAATATGGTGTAGTGACCC,0,841775
dgoRp,0.1,9,9,CGAACTTACTCAAAGCGCGC,0,863331
dgoRp,0.1,9,9,CCTCGGGGCATTCGGTTAAG,0,863163
dgoRp,0.1,9,9,CCTATGCGTAATGAACGTCA,0,843950
dgoRp,0.1,9,9,CCTACACTACACTGAGGACG,0,860242
dgoRp,0.1,9,9,CCGCTCCCTTGGTCGGCCTG,0,839028
dgoRp,0.1,9,9,CCCTGAAGTCCTAAGGCCGG,0,852398
dgoRp,0.1,9,9,CCCTATCCTTTTCGCTGCTA,0,864884
dgoRp,0.1,9,9,CCCCGCCAAGACCCCTCGCA,0,839913
dgoRp,0.1,9,9,CCCATTCAGAGCAGCCTACT,0,853398
dgoRp,0.1,9,9,CCCAGTCATCATGTTCTCAC,0,859141
dgoRp,0.1,9,9,CCATCTTTCGATAGCTTAGC,0,857986
dgoRp,0.1,9,9,CCATCGGCATGGAAACTCGT,0,860755
dgoRp,0.1,9,9,CCAGGAGCGCAAAGAAATGG,0,858107
dgoRp,0.1,9,9,CCACCGTTTCATCGTCCAGC,0,853260
dgoRp,0.1,9,9,CCACCGCCCTCAATTCTGTC,0,857990
dgoRp,0.1,9,9,CCAAGGACGTGGAGCACCGT,0,847198
dgoRp,0.1,9,9,CATTGTAAGTATAGCAACCC,0,840250
dgoRp,0.1,9,9,CATGTATCCGTGCTCGCGTT,0,838247
dgoRp,0.1,9,9,CATGATATAAAGCAAAGCAA,0,854929
dgoRp,0.1,9,9,CATCCAAGAAGGTTTATCGA,0,835996
dgoRp,0.1,9,9,CATATGACAAGATTCTGGGT,0,843773
dgoRp,0.1,9,9,CATACGCAACCAGCCGGCGG,0,853050
dgoRp,0.1,9,9,CAGTAGGCTCAGAGCTCGCG,0,846903
dgoRp,0.1,9,9,CAGGTTAGACCCTAACAGGA,0,835891
dgoRp,0.1,9,9,CAGGCTCGCATTCCTCTCCA,0,859911
dgoRp,0.1,9,9,CAGGACCCAACTTGTCCCGC,0,836595
dgoRp,0.1,9,9,CAGCGCGGGGATGCAGCGGT,0,862191
dgoRp,0.1,9,9,CAGCCACAACGTCGGGTAAA,0,846945
dgoRp,0.1,9,9,CAGATGCACATGCTACTCTA,0,864025
dgoRp,0.1,9,9,CAGAGGTGATTTAATCGGAG,0,843792
dgoRp,0.1,9,9,CAGACGTTCCAGCCAATGGT,0,845878
dgoRp,0.1,9,9,CAGAATCCTCAGCACGCGGC,0,850873
dgoRp,0.1,9,9,CACTAGCTTTGCCTGAAGGG,0,854718
dgoRp,0.1,9,9,CACGCCGTTCGTCGCTGGAG,0,856062
dgoRp,0.1,9,9,CACCTGTGATTGTGTAGTGC,0,860863
dgoRp,0.1,9,9,CAATGTGGCGTAATCGGGAG,0,862348
dgoRp,0.1,9,9,CAAGTCTCGCGAACACACAT,0,853503
dgoRp,0.1,9,9,CAAGGTCCTAGTGCAGATTG,0,838553
dgoRp,0.1,9,9,CAACGTCGGGAACTGACGAT,0,841301
dgoRp,0.1,9,9,ATTTAAAGTTCAAAAGGCAA,0,863527
dgoRp,0.1,9,9,ATTGAAAACCGCCTTAGGAA,0,837947
dgoRp,0.1,9,9,ATTAACTTATGTCGAAACAT,0,841693
dgoRp,0.1,9,9,ATGTCTCAGAACGATATGAA,0,859491
dgoRp,0.1,9,9,ATGGGCCTGGGTCTGCCCCC,0,843907
dgoRp,0.1,9,9,ATGAGACTCGGTGGATACTC,0,863947
dgoRp,0.1,9,9,ATCTGTAGAGTGCTTTACAG,0,851213
dgoRp,0.1,9,9,ATCGTCCATGGCTGGGTAGT,0,838060
dgoRp,0.1,9,9,ATCGGGTGGTCCCAATCAAT,0,866757
dgoRp,0.1,9,9,ATCGACTGGGTCGGGTATCT,0,850638
dgoRp,0.1,9,9,ATCGACTATAATCAACTTGA,0,848370
dgoRp,0.1,9,9,ATCCAAATGGTGTTCAACTT,0,852944
dgoRp,0.1,9,9,ATCATTGCTGCGCCTTAGCC,0,845967
dgoRp,0.1,9,9,ATATCTTACTTATTCCCCGC,0,848994
dgoRp,0.1,9,9,ATATAGCGTAGTCTCAACCT,0,851509
dgoRp,0.1,9,9,ATACTGAGAAGATGAGACAT,0,854874
dgoRp,0.1,9,9,ATAATTCTAGCGGAATCCGA,0,838457
dgoRp,0.1,9,9,ATAATCTCTTCCGTCTGGTC,0,836294
dgoRp,0.1,9,9,ATAACAGCGTACCGGTGGCT,0,863028
dgoRp,0.1,9,9,ATAAATCTCGAAATCTTCAC,0,863998
dgoRp,0.1,9,9,AGTTATTTGCAGACTAACGG,0,859661
dgoRp,0.1,9,9,AGTGTATATATCCCGGTTTT,0,856274
dgoRp,0.1,9,9,AGTCTTGTATTTCTGGGTCA,0,861955
dgoRp,0.1,9,9,AGTATCGGGACGAAATAGGC,0,843139
dgoRp,0.1,9,9,AGTACCGATTAGAAGTTGCA,0,867416
dgoRp,0.1,9,9,AGGGGGGCGTTACGCGAACG,0,854277
dgoRp,0.1,9,9,AGGGGCCGCTTAGAATACGG,0,862508
dgoRp,0.1,9,9,AGGCTTTAGGTTGTTTGCGT,0,848216
dgoRp,0.1,9,9,AGGCAATCGAGGGCTGATGC,0,865423
dgoRp,0.1,9,9,AGCGGCACGAGCACGCACCA,0,848139
dgoRp,0.1,9,9,AGCCATCATACCTACAGGCG,0,848842
dgoRp,0.1,9,9,AGCATTTTGTCACGCGACCT,0,865374
dgoRp,0.1,9,9,AGCATCGGTGATCTCTTAGA,0,842084
dgoRp,0.1,9,9,AGCAGAACTCGCTGTCCGTG,0,837364
dgoRp,0.1,9,9,AGCACCGCGGACCTATGGAT,0,863924
dgoRp,0.1,9,9,AGAGGTTTTTAACGGTGTAT,0,866697
dgoRp,0.1,9,9,AGAGAGCGGCGGCTAGTGTA,0,854005
dgoRp,0.1,9,9,AGAAACGAGTCCTCCTGCAG,0,856683
dgoRp,0.1,9,9,ACTTTCCCAAGAACGGCACA,0,859360
dgoRp,0.1,9,9,ACTGTGTCAAAATACTTTGT,0,838703
dgoRp,0.1,9,9,ACTCACGCGGCGACAAAGCT,0,863362
dgoRp,0.1,9,9,ACTATGGGGGGTAGCGCATC,0,843303
dgoRp,0.1,9,9,ACTAGGCGACCTGCGCGAAC,0,855283
dgoRp,0.1,9,9,ACTACCCTACTCGATGCTTT,0,865850
dgoRp,0.1,9,9,ACTACCATAGTTAATCACCT,0,855124
dgoRp,0.1,9,9,ACGTTTAAAATGTCATACTA,0,855407
dgoRp,0.1,9,9,ACGGGTTTTGCACGACCCTC,0,838274
dgoRp,0.1,9,9,ACGGCGCGTCAGCCTCCCCA,0,865886
dgoRp,0.1,9,9,ACGCAGCAGTGTGCGCGGCC,0,855198
dgoRp,0.1,9,9,ACGAGACCCGGGCTAAGGTA,0,852986
dgoRp,0.1,9,9,ACGAGAAGCTCAGTGATGTA,0,865417
dgoRp,0.1,9,9,ACCTCGCGGCGTCAACTGGA,0,854471
dgoRp,0.1,9,9,ACCCTTGTGAATAGGTCAAC,0,865951
dgoRp,0.1,9,9,ACCCTCTAGGGCAGCGAGGT,0,856226
dgoRp,0.1,9,9,ACATCACTGACACACGATTA,0,849413
dgoRp,0.1,9,9,ACAGACACCTCAGGGCGTTC,0,846810
dgoRp,0.1,9,9,ACAGAAGGGTGGCGTTTGTG,0,846093
dgoRp,0.1,9,9,ACACCACGTGGGTGCGCCTC,0,851305
dgoRp,0.1,9,9,AATTAGCACCACCTATTGAT,0,854879
dgoRp,0.1,9,9,AATATTATCATGGGGATCGA,0,836788
dgoRp,0.1,9,9,AATACTGTCGTCACGCGTCG,0,864528
dgoRp,0.1,9,9,AAGTCCAAAGGTAATCACCC,0,863442
dgoRp,0.1,9,9,AAGGGGGATGGGCATCTTCA,0,841074
dgoRp,0.1,9,9,AAGACGGATATATTTGCTAC,0,835813
dgoRp,0.1,9,9,AACCTATAGATAGCATGGAC,0,845289
dgoRp,0.1,9,9,AACCACATCCCTGTCGGAGA,0,855829
dgoRp,0.1,9,9,AACATCCTTCAGAAGACGGG,0,866492
dgoRp,0.1,9,9,AAATCGATACCAGTCGGCTC,0,836491
dgoRp,0.1,9,9,AAATAGAAGCTTAGACACCA,0,846658
dgoRp,0.1,9,9,AAAGGTTTATGGCGTCGGGG,0,861055
dgoRp,0.1,9,9,AAAGGGAGTCAAAATCGTAA,0,866287
dgoRp,0.1111111111111111,8,8,TTTTTGACTCTTGGCATCTA,0,855837
dgoRp,0.1111111111111111,8,8,TTTTGCCACTACCATCTTCT,0,861340
dgoRp,0.1111111111111111,8,8,TTTCGTCATTAAGAAACTTT,0,852290
dgoRp,0.1111111111111111,8,8,TTTCGCGCCAGTATTCACTT,0,856764
dgoRp,0.1111111111111111,8,8,TTTATTTTCCGAGCGATGTT,0,862906
dgoRp,0.1111111111111111,8,8,TTGTTACGTCACTGTCGGGT,0,839285
dgoRp,0.1111111111111111,8,8,TTGGGGACAATCGCGAACTG,0,864081
dgoRp,0.1111111111111111,8,8,TTGCGACACGAAGCGAGACT,0,858258
dgoRp,0.1111111111111111,8,8,TTGATCCGGGCGATAGGGCT,0,847200
dgoRp,0.1111111111111111,8,8,TTGATATATCTAGCGCCCGG,0,847862
dgoRp,0.1111111111111111,8,8,TTCTCCGGAATCCATCCCCC,0,840418
dgoRp,0.1111111111111111,8,8,TTCTAGTTGGAGCAGAACAT,0,842900
dgoRp,0.1111111111111111,8,8,TTCGTACACTTACCGTCAGT,0,854854
dgoRp,0.1111111111111111,8,8,TTCGTACACGTTGCATACGA,0,856541
dgoRp,0.1111111111111111,8,8,TTCGGAGGCTCGTTTAGACC,0,867317
dgoRp,0.1111111111111111,8,8,TTCATGGCCATTCAGTAACA,0,864762
dgoRp,0.1111111111111111,8,8,TTCAGCGCGGCTCAGTGAGT,0,842039
dgoRp,0.1111111111111111,8,8,TTCAGACGTCATACCTGGCT,0,855666
dgoRp,0.1111111111111111,8,8,TTATGGGTAATATCTGGCCA,0,840616
dgoRp,0.1111111111111111,8,8,TTATGCCCTGATACCTGTGA,0,859905
dgoRp,0.1111111111111111,8,8,TTAGGAATTGCGCTAGCTCG,0,841749
dgoRp,0.1111111111111111,8,8,TTAGAACCTTCGGGAATCAG,0,857611
dgoRp,0.1111111111111111,8,8,TTACCTGTCGCAAACCCGGT,0,839482
dgoRp,0.1111111111111111,8,8,TTAAACGATGGGTGATAATG,0,845185
dgoRp,0.1111111111111111,8,8,TGTTGCAGGGTGGGGATCCT,0,839499
dgoRp,0.1111111111111111,8,8,TGTGTTCGCTATATACAACT,0,849635
dgoRp,0.1111111111111111,8,8,TGTATATGTGCTATATGCCA,0,845198
dgoRp,0.1111111111111111,8,8,TGTACGCGCCACAAAGAAAC,0,848838
dgoRp,0.1111111111111111,8,8,TGGTTGCACCTATGTCGGGT,0,853668
dgoRp,0.1111111111111111,8,8,TGGGACCCATTTCCGGATCA,0,844233
dgoRp,0.1111111111111111,8,8,TGGGACAGTAAACCTGAACG,0,842786
dgoRp,0.1111111111111111,8,8,TGGCGGGGTGATCAACGGCT,0,855391
dgoRp,0.1111111111111111,8,8,TGGATATGCGAACTCACGGG,0,862536
dgoRp,0.1111111111111111,8,8,TGGAAACGGGCTATCAAGTT,0,845179
dgoRp,0.1111111111111111,8,8,TGCCCAGATCGAATGGCAAC,0,850302
dgoRp,0.1111111111111111,8,8,TGCAACAATGACGTCAACGA,0,844421
dgoRp,0.1111111111111111,8,8,TGATGCTTGGGTGACTTAAG,0,838189
dgoRp,0.1111111111111111,8,8,TGAGGCCCAGTGTCTTGGTT,0,853935
dgoRp,0.1111111111111111,8,8,TGAACCAATTCAGAGTTTTA,0,860864
dgoRp,0.1111111111111111,8,8,TCTGTGTCAGGGCCGTTAAT,0,857394
dgoRp,0.1111111111111111,8,8,TCTCTTGTGTTTCTCTGGAG,0,864327
dgoRp,0.1111111111111111,8,8,TCTAAGAGACCTCTAAAGCC,0,854722
dgoRp,0.1111111111111111,8,8,TCGTTCTTGTATGTAACGAA,0,861733
dgoRp,0.1111111111111111,8,8,TCGCGGTAAATCGTCCTTGC,0,861863
dgoRp,0.1111111111111111,8,8,TCGCAGCGCTTCTGGCACTG,0,853196
dgoRp,0.1111111111111111,8,8,TCGAATGAGAAATCATCTGG,0,840971
dgoRp,0.1111111111111111,8,8,TCCGATTAACCTCTTGACAA,0,853222
dgoRp,0.1111111111111111,8,8,TCCCTAAAAATAGCCGACAT,0,845995
dgoRp,0.1111111111111111,8,8,TCCCCAAGGTTGTCTCATCC,0,861409
dgoRp,0.1111111111111111,8,8,TCCAGCCACGAGGGTATACG,0,850242
dgoRp,0.1111111111111111,8,8,TCCACGTGAATAGCATCTTG,0,855819
dgoRp,0.1111111111111111,8,8,TCCAAAGGCAGTCCTTTCAT,0,845583
dgoRp,0.1111111111111111,8,8,TCATTTTCTTTAAAATATTA,0,860949
dgoRp,0.1111111111111111,8,8,TCATGTCCTCCCAGCAGTAA,0,863361
dgoRp,0.1111111111111111,8,8,TCATGCTACCGTAGGTAAAA,0,836363
dgoRp,0.1111111111111111,8,8,TCAGGTGGCACCCAGAGTGC,0,861892
dgoRp,0.1111111111111111,8,8,TCAATTGGTCTTCACCGGCA,0,853962
dgoRp,0.1111111111111111,8,8,TATTTGGCCTTGCGGTAACG,0,843245
dgoRp,0.1111111111111111,8,8,TATTCTGGCTTGGCCCCGAT,0,847524
dgoRp,0.1111111111111111,8,8,TATGGCGTATCTACAACGAT,0,838895
dgoRp,0.1111111111111111,8,8,TATCTCCACTGAAGCCTGAA,0,843266
dgoRp,0.1111111111111111,8,8,TAGGTAATCATTAGAGATGA,0,859829
dgoRp,0.1111111111111111,8,8,TAGGCAATGCAGGGATGCTC,0,854324
dgoRp,0.1111111111111111,8,8,TAGCAAATCCAGACCGTTAA,0,851713
dgoRp,0.1111111111111111,8,8,TAGAGCTACTTCAGACGCAC,0,854648
dgoRp,0.1111111111111111,8,8,TAGAATGAATGGTACGGTGT,0,866021
dgoRp,0.1111111111111111,8,8,TACTTGCGGTAAGAAATTAA,0,841825
dgoRp,0.1111111111111111,8,8,TACTTCCGGTCCGGTTGGTG,0,861996
dgoRp,0.1111111111111111,8,8,TACTGTGGCATTAAATAAGG,0,855460
dgoRp,0.1111111111111111,8,8,TACTCATCCAGGCAACTTAA,0,848648
dgoRp,0.1111111111111111,8,8,TACGGCTACCTCTGAACATC,0,850065
dgoRp,0.1111111111111111,8,8,TACGCCGAGACAAGTTCTAA,0,849440
dgoRp,0.1111111111111111,8,8,TACCATTGTGGTTATTACGA,0,847032
dgoRp,0.1111111111111111,8,8,TAATGCAAATGAGTTAAACT,0,850030
dgoRp,0.1111111111111111,8,8,TAAGGGCTTGTGCTTGGCAG,0,841659
dgoRp,0.1111111111111111,8,8,TAAGGATAGCTGACCGCCAA,0,848255
dgoRp,0.1111111111111111,8,8,TAAGAGATCCGGCTTGGAGG,0,844553
dgoRp,0.1111111111111111,8,8,TAACTATTTTCAACAAGGCG,0,839371
dgoRp,0.1111111111111111,8,8,GTTTCCTTTTGAAAACCCCG,0,846863
dgoRp,0.1111111111111111,8,8,GTTTAAAAATGATCCCCCGG,0,837815
dgoRp,0.1111111111111111,8,8,GTTGGCCATCATACTCCTAA,0,857965
dgoRp,0.1111111111111111,8,8,GTTCCAAGTCTAGCAGGAGG,0,854696
dgoRp,0.1111111111111111,8,8,GTTAGTTACGTCCTAAGGGT,0,862339
dgoRp,0.1111111111111111,8,8,GTTAGGTTACATTGAATTAT,0,847988
dgoRp,0.1111111111111111,8,8,GTGTGTAGGAGCGGTGTTGG,0,842504
dgoRp,0.1111111111111111,8,8,GTGTCATATGAATGTCCGGC,0,842453
dgoRp,0.1111111111111111,8,8,GTGGTACGCATATTAGCCAA,0,847802
dgoRp,0.1111111111111111,8,8,GTGGGACAGCCACACGCAGA,0,848757
dgoRp,0.1111111111111111,8,8,GTGGCCTGACAGAGCCGGCA,0,858679
dgoRp,0.1111111111111111,8,8,GTGCGACGTGAGGGTAACCA,0,861460
dgoRp,0.1111111111111111,8,8,GTGATAGATTACGTTACATG,0,838316
dgoRp,0.1111111111111111,8,8,GTGAGGGGGCATACGATGTG,0,844986
dgoRp,0.1111111111111111,8,8,GTCTTGTCCCCGTGCAAACC,0,836001
dgoRp,0.1111111111111111,8,8,GTCTTGTCAGGCTTCGGCAA,0,858800
dgoRp,0.1111111111111111,8,8,GTCTAGGTCATACACTAGGG,0,851665
dgoRp,0.1111111111111111,8,8,GTCGTTTGTGTGTATGTGTA,0,858543
dgoRp,0.1111111111111111,8,8,GTCCCGGCGTCGTGTTGCAA,0,857320
dgoRp,0.1111111111111111,8,8,GTCCAGCATATCAAGATTCT,0,859945
dgoRp,0.1111111111111111,8,8,GTCAACATTACATACTGTCT,0,842172
dgoRp,0.1111111111111111,8,8,GTATCGTGGCTCGTAGTCAT,0,848381
dgoRp,0.1111111111111111,8,8,GTATCCCGCCGCCCCAAACC,0,841318
dgoRp,0.1111111111111111,8,8,GTAGCACTTGAGCGACCGTG,0,850924
dgoRp,0.1111111111111111,8,8,GTACCGGTTAACGTCATCAA,0,846682
dgoRp,0.1111111111111111,8,8,GGTTTTCGGCTGTTCGGGTG,0,839162
dgoRp,0.1111111111111111,8,8,GGTTCAGTAAGGAGTAGTAT,0,849172
dgoRp,0.1111111111111111,8,8,GGTCGGTTTCTATCAGTTTT,0,838312
dgoRp,0.1111111111111111,8,8,GGTACTGCTATGAGCCTTCT,0,857830
dgoRp,0.1111111111111111,8,8,GGTACGTCCGCTGGGTCTTA,0,841418
dgoRp,0.1111111111111111,8,8,GGGGTCTCAGGGGGGACATG,0,854416
dgoRp,0.1111111111111111,8,8,GGGGTCTAATCATGTGGGAT,0,851248
dgoRp,0.1111111111111111,8,8,GGGGCGAGTCTATCTTCGTT,0,864562
dgoRp,0.1111111111111111,8,8,GGGGCATAAACTTCTAATCG,0,850213
dgoRp,0.1111111111111111,8,8,GGGGCACAAAGTCTCCTACC,0,837820
dgoRp,0.1111111111111111,8,8,GGGCTGGTAGAGCAGTGTGA,0,848751
dgoRp,0.1111111111111111,8,8,GGGCGTGCGGCATGCATAGT,0,860687
dgoRp,0.1111111111111111,8,8,GGGCGGAACGTCAAATCCGC,0,846079
dgoRp,0.1111111111111111,8,8,GGGACGTTCTTAAATGCTAG,0,861646
dgoRp,0.1111111111111111,8,8,GGGACGGAACTCATCCAGGG,0,836265
dgoRp,0.1111111111111111,8,8,GGCTGAGCATATAGAACAAG,0,845827
dgoRp,0.1111111111111111,8,8,GGCGGGGGCGTCAACCCTGG,0,855718
dgoRp,0.1111111111111111,8,8,GGCCGCAATTCCACCACGCC,0,842851
dgoRp,0.1111111111111111,8,8,GGCCCTTAAAGCCTATGTAC,0,838496
dgoRp,0.1111111111111111,8,8,GGCAGTCTCTATGCGATTTG,0,865682
dgoRp,0.1111111111111111,8,8,GGATACGATACTTGGGCTTC,0,858287
dgoRp,0.1111111111111111,8,8,GGAAACAGTTTCAACGCATC,0,847707
dgoRp,0.1111111111111111,8,8,GGAAAATTCTTTGTAAGGGG,0,865205
dgoRp,0.1111111111111111,8,8,GCTTTAAATGTAATACCGTG,0,860398
dgoRp,0.1111111111111111,8,8,GCTTGCCCCTATCACCGTCG,0,850255
dgoRp,0.1111111111111111,8,8,GCTTCCGCATTTTTAGCTAC,0,848474
dgoRp,0.1111111111111111,8,8,GCTGGTCGGTTAGTCCCACC,0,866838
dgoRp,0.1111111111111111,8,8,GCTCCTGGTCTGATCGGACA,0,845903
dgoRp,0.1111111111111111,8,8,GCTCCCGAAGTTAAGTCGTA,0,852405
dgoRp,0.1111111111111111,8,8,GCTATCGTAATCGGTGATTA,0,853779
dgoRp,0.1111111111111111,8,8,GCGTAAGTGCCAATATGTAG,0,857564
dgoRp,0.1111111111111111,8,8,GCGGAATAAGATACCCATTG,0,852925
dgoRp,0.1111111111111111,8,8,GCGAATTGCTCACTGCTCTG,0,858276
dgoRp,0.1111111111111111,8,8,GCCCTACAGGGACTTATATT,0,859843
dgoRp,0.1111111111111111,8,8,GCCATTCCGCAATGACAGCT,0,848111
dgoRp,0.1111111111111111,8,8,GCCACATAACCCTAAAAAAA,0,849375
dgoRp,0.1111111111111111,8,8,GCATTGCTTTTCCCTTTTTG,0,860087
dgoRp,0.1111111111111111,8,8,GCATGTCATAGGGAGTCTGC,0,853905
dgoRp,0.1111111111111111,8,8,GCAGTTAGGTACATTACAAA,0,838275
dgoRp,0.1111111111111111,8,8,GCACATTCCGATACACTTCG,0,865611
dgoRp,0.1111111111111111,8,8,GCAAGTCAGTGAGTTCCGCG,0,842687
dgoRp,0.1111111111111111,8,8,GATTTAAATTTTATGTATTA,0,844872
dgoRp,0.1111111111111111,8,8,GATGGCCACAGAATATCAAA,0,847053
dgoRp,0.1111111111111111,8,8,GATCCCCCTTTCTCAAACAT,0,856351
dgoRp,0.1111111111111111,8,8,GAGTTCTTCTTCTATGCGGG,0,859432
dgoRp,0.1111111111111111,8,8,GAGTGATATTGTCTCAATGG,0,855823
dgoRp,0.1111111111111111,8,8,GAGTCACCTCCGACTTTGTC,0,840642
dgoRp,0.1111111111111111,8,8,GAGCTTGCATCGTGTCGCAT,0,843966
dgoRp,0.1111111111111111,8,8,GAGCCTACGAGATTAATCTA,0,842703
dgoRp,0.1111111111111111,8,8,GAGCCCTAATCCCCGGAGAG,0,865351
dgoRp,0.1111111111111111,8,8,GAGATACCTCGGTTGGTCCA,0,846949
dgoRp,0.1111111111111111,8,8,GACTTCAGATTACCGCGTGC,0,860913
dgoRp,0.1111111111111111,8,8,GACTCGTCACATCCGATATG,0,857892
dgoRp,0.1111111111111111,8,8,GACGTTAAATAGTCAACTGC,0,849502
dgoRp,0.1111111111111111,8,8,GACGGATATAAATTCGATCG,0,852003
dgoRp,0.1111111111111111,8,8,GACGAATTAGTGCACAGGTT,0,854235
dgoRp,0.1111111111111111,8,8,GACGAATACATGTGTCTTCA,0,866376
dgoRp,0.1111111111111111,8,8,GAATAGACCCAAGTTCCTCC,0,842063
dgoRp,0.1111111111111111,8,8,GAAGCGCCCTGTGACGGATA,0,854918
dgoRp,0.1111111111111111,8,8,GAAAAGGTCAACCTAGTGAG,0,848760
dgoRp,0.1111111111111111,8,8,CTTTTGACGAGTCGGCATTC,0,856515
dgoRp,0.1111111111111111,8,8,CTTCAGGAGATAGAGTGCCT,0,845850
dgoRp,0.1111111111111111,8,8,CTTATGCCATTGAATAGAAC,0,862272
dgoRp,0.1111111111111111,8,8,CTTATAGTGCTTTGGTCAAT,0,845305
dgoRp,0.1111111111111111,8,8,CTGCGTGTGCTTAAGCGCGA,0,843523
dgoRp,0.1111111111111111,8,8,CTGCCGCTACCCTTCAGACA,0,863648
dgoRp,0.1111111111111111,8,8,CTGATTTTGTGCCCAGATAC,0,863726
dgoRp,0.1111111111111111,8,8,CTGATGTTCCTTCGGCTCGC,0,851844
dgoRp,0.1111111111111111,8,8,CTCTGAGCAACCGGTCAAGA,0,853844
dgoRp,0.1111111111111111,8,8,CTCGTTGAAGGTATTATGTC,0,865912
dgoRp,0.1111111111111111,8,8,CTCCTGCAGACAGGGGGTTG,0,835897
dgoRp,0.1111111111111111,8,8,CTCCCGAGTTAGGAACGCAA,0,855094
dgoRp,0.1111111111111111,8,8,CTCCACCCTATTCACCATGA,0,848575
dgoRp,0.1111111111111111,8,8,CTATCAAGAACTCCAGCTTG,0,855288
dgoRp,0.1111111111111111,8,8,CTATATTTTCGTGACCCAAC,0,844377
dgoRp,0.1111111111111111,8,8,CTACACGGGCACAGGCAGAA,0,863868
dgoRp,0.1111111111111111,8,8,CTAAACTCTTTAGATTGACT,0,841160
dgoRp,0.1111111111111111,8,8,CGTTTATAATTTTCTCTCAT,0,839291
dgoRp,0.1111111111111111,8,8,CGTTGCGAAACACTTCTGAT,0,853445
dgoRp,0.1111111111111111,8,8,CGTTCTGACACCTTACTAAA,0,856034
dgoRp,0.1111111111111111,8,8,CGTTCCGCGTACCCTCAAAG,0,862686
dgoRp,0.1111111111111111,8,8,CGTCCGTTCTGGCTGATTAG,0,837685
dgoRp,0.1111111111111111,8,8,CGTACTTAGTGTGCGCAGTA,0,848347
dgoRp,0.1111111111111111,8,8,CGTAAGTCCGTGCAAAAAGC,0,861952
dgoRp,0.1111111111111111,8,8,CGTAAGAACCTTTAACCTAA,0,851607
dgoRp,0.1111111111111111,8,8,CGGTGCGGGCGCACAATTTC,0,848675
dgoRp,0.1111111111111111,8,8,CGGTGAGCAGACCGCTTGCG,0,837818
dgoRp,0.1111111111111111,8,8,CGGTCTAGATGGGTCACACT,0,850513
dgoRp,0.1111111111111111,8,8,CGGTCAGAACGGTTGGGCTG,0,836338
dgoRp,0.1111111111111111,8,8,CGGGCCTTTACACTACAGTA,0,863613
dgoRp,0.1111111111111111,8,8,CGGGCATCTAAAGAACTGAA,0,858275
dgoRp,0.1111111111111111,8,8,CGGAGCCACCATCATGGGAA,0,844640
dgoRp,0.1111111111111111,8,8,CGGACATTAGCTAGAAAAGC,0,862937
dgoRp,0.1111111111111111,8,8,CGCTCGCCAAGGCGGATGAT,0,847336
dgoRp,0.1111111111111111,8,8,CGCGGAGAGTCCGGGTCCTT,0,848365
dgoRp,0.1111111111111111,8,8,CGCCACATGAAGATAAGGTT,0,850401
dgoRp,0.1111111111111111,8,8,CGATGGAACATTATCGGGAA,0,857709
dgoRp,0.1111111111111111,8,8,CGACCTCGACAGGTTACTCG,0,841094
dgoRp,0.1111111111111111,8,8,CGACATTTAAACCTAGCTGT,0,848398
dgoRp,0.1111111111111111,8,8,CGAAATTAGGATCAGCTAAC,0,843249
dgoRp,0.1111111111111111,8,8,CGAAAGGTTTTTAGTATTGG,0,840666
dgoRp,0.1111111111111111,8,8,CCTTTACATATAGGCGCAAA,0,856983
dgoRp,0.1111111111111111,8,8,CCTGTGAAACCTTTGTAGTT,0,846470
dgoRp,0.1111111111111111,8,8,CCTGGCAGAGGGGACTCGGT,0,853934
dgoRp,0.1111111111111111,8,8,CCTGAGCAGATCCAGTTTTT,0,842419
dgoRp,0.1111111111111111,8,8,CCTCGTGTGTTCGCATTTTC,0,842826
dgoRp,0.1111111111111111,8,8,CCTCCGGAGGAACCACCGGA,0,844308
dgoRp,0.1111111111111111,8,8,CCGTTCTAATAAGGCATTAC,0,863101
dgoRp,0.1111111111111111,8,8,CCGTGTAGTGAGTTTGGCGA,0,846120
dgoRp,0.1111111111111111,8,8,CCGTGAAAAGTGGTTCAAGT,0,860728
dgoRp,0.1111111111111111,8,8,CCGTCTTAGGATTGCGTAAA,0,849493
dgoRp,0.1111111111111111,8,8,CCGTAACATTTACCCCCGCG,0,840140
dgoRp,0.1111111111111111,8,8,CCGGTTCCTCGACAATCGAC,0,862917
dgoRp,0.1111111111111111,8,8,CCGCAGAAAGAGTAGTCTGA,0,861622
dgoRp,0.1111111111111111,8,8,CCGCAACTTGGAGGGGTCTG,0,842561
dgoRp,0.1111111111111111,8,8,CCGAGGGCTCCCATCTCTAC,0,851717
dgoRp,0.1111111111111111,8,8,CCGAATGCTTAGTACGCGAT,0,857929
dgoRp,0.1111111111111111,8,8,CCGAACGCACCCGATGTCAG,0,838505
dgoRp,0.1111111111111111,8,8,CCCTTTGGTTAACGACACGA,0,854096
dgoRp,0.1111111111111111,8,8,CCCTCCTCATCCGCACCCAA,0,844742
dgoRp,0.1111111111111111,8,8,CCCGCGTTAGGGTAGAAAAA,0,858221
dgoRp,0.1111111111111111,8,8,CCCCGATATTTGGTCCCAGA,0,838632
dgoRp,0.1111111111111111,8,8,CCCAGGAGCTTCAAGCATTC,0,848659
dgoRp,0.1111111111111111,8,8,CCCAGGAATTAACCTCGCCT,0,858495
dgoRp,0.1111111111111111,8,8,CCCACGTGCTAAATTTTTTC,0,863139
dgoRp,0.1111111111111111,8,8,CCATATGGGCGCTGTTTAAC,0,844071
dgoRp,0.1111111111111111,8,8,CCAGCTATAAGTAGCACGTC,0,860758
dgoRp,0.1111111111111111,8,8,CCACGATAATGGCCGTCCTT,0,849102
dgoRp,0.1111111111111111,8,8,CCAATAAGGTAAAGGTTTCA,0,846054
dgoRp,0.1111111111111111,8,8,CCAAGTTAGGGCAGATGCAG,0,836284
dgoRp,0.1111111111111111,8,8,CCAAGTCGTCATATATTGAG,0,852848
dgoRp,0.1111111111111111,8,8,CATTCCAGCATCACTCCTGT,0,837248
dgoRp,0.1111111111111111,8,8,CATTCAACGCGTCGGACCTG,0,845009
dgoRp,0.1111111111111111,8,8,CATGTGCGCCCCACATAGCA,0,852328
dgoRp,0.1111111111111111,8,8,CATCTAGTTCTTCCCGTCCG,0,864584
dgoRp,0.1111111111111111,8,8,CATCGACTGTCAGTCCGCCA,0,845366
dgoRp,0.1111111111111111,8,8,CATAAGACCAATCGTCACAG,0,847843
dgoRp,0.1111111111111111,8,8,CAGTGTACAGGAACCCGAAT,0,858684
dgoRp,0.1111111111111111,8,8,CAGTATATGCCATATAACTA,0,862067
dgoRp,0.1111111111111111,8,8,CAGGTGCAGTATAGTGTCGT,0,866952
dgoRp,0.1111111111111111,8,8,CAGCCTCGTAGAAGGCGATT,0,835994
dgoRp,0.1111111111111111,8,8,CAGCACTCATGACGAGCAAT,0,859042
dgoRp,0.1111111111111111,8,8,CAGCACCAGCCACAGTTTAT,0,842524
dgoRp,0.1111111111111111,8,8,CAGCAATCTTATGTGAATAG,0,843837
dgoRp,0.1111111111111111,8,8,CAGATTGTTAGCCCGCATAT,0,837005
dgoRp,0.1111111111111111,8,8,CAGACTAGCCGGTAACCCAG,0,844072
dgoRp,0.1111111111111111,8,8,CACGTCAGGACTGTCCCAAC,0,864837
dgoRp,0.1111111111111111,8,8,CACGCCCATGCTAGGTGAAT,0,840505
dgoRp,0.1111111111111111,8,8,CACCAATCGAGTTAAATAGG,0,863302
dgoRp,0.1111111111111111,8,8,CACAAACGATGCTACAGAAC,0,853158
dgoRp,0.1111111111111111,8,8,CAATGCGGCTCACGGAAAGG,0,861735
dgoRp,0.1111111111111111,8,8,CAATACGGTATTGTGGCCCA,0,867192
dgoRp,0.1111111111111111,8,8,CAAGCATGTAAGTAACTGCG,0,841905
dgoRp,0.1111111111111111,8,8,CAACCGAAACAATCCGGGCA,0,864782
dgoRp,0.1111111111111111,8,8,CAACACTAAGGGCCGGACGA,0,840471
dgoRp,0.1111111111111111,8,8,CAAAAACCGTAAAGTTACTG,0,840055
dgoRp,0.1111111111111111,8,8,ATTTGGTGCTGGGATAACGA,0,854587
dgoRp,0.1111111111111111,8,8,ATTTAGACACAAGAAGATCG,0,853841
dgoRp,0.1111111111111111,8,8,ATTGCCGTTAAGTGCCACAG,0,846477
dgoRp,0.1111111111111111,8,8,ATTGCAAGGGCTAGATAAAA,0,859185
dgoRp,0.1111111111111111,8,8,ATTCTAGTTGCTTATTCCAT,0,850189
dgoRp,0.1111111111111111,8,8,ATTACTATTGGGGTAGGTTC,0,857681
dgoRp,0.1111111111111111,8,8,ATGTCCCTCATGACCCCAAA,0,860812
dgoRp,0.1111111111111111,8,8,ATGGGCGGAACCAGTTGCTC,0,857482
dgoRp,0.1111111111111111,8,8,ATCGATCCGTTGGAGGTGTT,0,855044
dgoRp,0.1111111111111111,8,8,ATCATGTATGATAGTGGGCA,0,856543
dgoRp,0.1111111111111111,8,8,ATCACGTTGCGACAATTTAC,0,852301
dgoRp,0.1111111111111111,8,8,ATCACCACAGGCATCCTAAA,0,842067
dgoRp,0.1111111111111111,8,8,ATCAACTGGGGCCCCGCGGA,0,846028
dgoRp,0.1111111111111111,8,8,ATACTTATCCGTTCGTGTAA,0,852304
dgoRp,0.1111111111111111,8,8,ATACGTTAGTGTGCCCATCT,0,854415
dgoRp,0.1111111111111111,8,8,ATACGGAGAGTCGAGAGGTC,0,846890
dgoRp,0.1111111111111111,8,8,ATACCAAGCCTCGAGCTCGC,0,863372
dgoRp,0.1111111111111111,8,8,ATAAGATACTCGGCCCCACT,0,865463
dgoRp,0.1111111111111111,8,8,ATAACGATCCGCATAGGGGT,0,856923
dgoRp,0.1111111111111111,8,8,ATAACAATGGCTGGTTAAGT,0,851040
dgoRp,0.1111111111111111,8,8,AGTTTGGCGTGATTCCTTCT,0,837926
dgoRp,0.1111111111111111,8,8,AGGGAGACTGGGTGGGCCGG,0,842269
dgoRp,0.1111111111111111,8,8,AGGCGTACGGACTTGGGTAA,0,867086
dgoRp,0.1111111111111111,8,8,AGGAGTAGGGGTCTACCGGT,0,846622
dgoRp,0.1111111111111111,8,8,AGCTTGGAGTCCCCAACCCT,0,863610
dgoRp,0.1111111111111111,8,8,AGCAATGAGTCTCGGACAAC,0,845121
dgoRp,0.1111111111111111,8,8,AGATAGATATAACGGACGGA,0,857365
dgoRp,0.1111111111111111,8,8,AGAGGAATAGGAAAGGAGTG,0,862249
dgoRp,0.1111111111111111,8,8,AGAGCTTGATCCCTGAACGT,0,838268
dgoRp,0.1111111111111111,8,8,AGACTAGGTTCGAGGCAATT,0,843695
dgoRp,0.1111111111111111,8,8,AGACAATCGCCAAGCACTAG,0,861177
dgoRp,0.1111111111111111,8,8,AGAACAGCCTTTGTGGTTCG,0,858719
dgoRp,0.1111111111111111,8,8,ACTTAGCACGTTCTGGTAGC,0,856385
dgoRp,0.1111111111111111,8,8,ACTCTGAACAACACGGTAGG,0,864311
dgoRp,0.1111111111111111,8,8,ACTCTCGGTCCCACTGCCCA,0,854224
dgoRp,0.1111111111111111,8,8,ACTACATCTCATAGGTGTGT,0,856284
dgoRp,0.1111111111111111,8,8,ACTACAAGGCGAATAGTCAT,0,852055
dgoRp,0.1111111111111111,8,8,ACTAAGCGATACCATGTGTT,0,855421
dgoRp,0.1111111111111111,8,8,ACGTGCCCATCGCGCGAACA,0,865981
dgoRp,0.1111111111111111,8,8,ACGTCTCGCGGAGCAACACT,0,859424
dgoRp,0.1111111111111111,8,8,ACGTCGTAGGCGTATTCCTT,0,854215
dgoRp,0.1111111111111111,8,8,ACGCTGAGAGCGTCGGCTCC,0,866728
dgoRp,0.1111111111111111,8,8,ACGATGGACATTAGGGGCGT,0,866354
dgoRp,0.1111111111111111,8,8,ACCTTTGGTAAGAGTCTATT,0,851326
dgoRp,0.1111111111111111,8,8,ACCTTCAATATGCCAATTAC,0,856464
dgoRp,0.1111111111111111,8,8,ACCGTACTGATGTATGTGGT,0,844745
dgoRp,0.1111111111111111,8,8,ACCGGCGCAACCCGTCGCCC,0,845900
dgoRp,0.1111111111111111,8,8,ACCCAGGGTTGAGGTCAATA,0,858787
dgoRp,0.1111111111111111,8,8,ACCAGCGTTCTATGTCTGCG,0,852776
dgoRp,0.1111111111111111,8,8,ACCACCGTACCCCGGAGATA,0,838744
dgoRp,0.1111111111111111,8,8,ACATTCCGCGGCCTGATGGA,0,843538
dgoRp,0.1111111111111111,8,8,AATTCTGCTACCCATAAATT,0,836152
dgoRp,0.1111111111111111,8,8,AATTAGTTGAAATGTAAAGT,0,845805
dgoRp,0.1111111111111111,8,8,AATTAAACAGCTATGTAGAC,0,849469
dgoRp,0.1111111111111111,8,8,AATCCCTGTGTGAACAGGTC,0,846905
dgoRp,0.1111111111111111,8,8,AAGTGGAAAAATCTGCTCGT,0,850069
dgoRp,0.1111111111111111,8,8,AAGTGCAGCCGAAGTGGTCT,0,859335
dgoRp,0.1111111111111111,8,8,AAGTAAGGCACTCACCGCAA,0,837295
dgoRp,0.1111111111111111,8,8,AAGCTATATTGGGGTTATCA,0,863910
dgoRp,0.1111111111111111,8,8,AACTTATGCAAACGTGAGCT,0,862966
dgoRp,0.1111111111111111,8,8,AACTTAACGAAAAGGGTTTA,0,845029
dgoRp,0.1111111111111111,8,8,AACTGTAGGACAGGGAGGAG,0,837000
dgoRp,0.1111111111111111,8,8,AACTGTACCACAAGATTCCG,0,855613
dgoRp,0.1111111111111111,8,8,AACTAACGAAGGGGCATTCA,0,839728
dgoRp,0.1111111111111111,8,8,AACGAACTTATACACCCATA,0,864871
dgoRp,0.1111111111111111,8,8,AACCTGACCGTCTGCAATTA,0,843376
dgoRp,0.1111111111111111,8,8,AAATCTGCAACGGTGGTCCG,0,864417
dgoRp,0.1111111111111111,8,8,AAATAAAGGCCAGTTAGTTA,0,852161
dgoRp,0.1111111111111111,8,8,AAAGGGCTGGCAAGTGAAGT,0,859754
dgoRp,0.1111111111111111,8,8,AAACGAGTTGTATTTAGGGA,0,853874
dgoRp,0.1111111111111111,8,8,AAACCCAATTTTAGTGTGCC,0,850070
dgoRp,0.1111111111111111,8,8,AAACAGGATTCAAGCGGAGG,0,840916
dgoRp,0.1111111111111111,8,8,AAAATGGTCAAGAGCATTGC,0,861606
dgoRp,0.1111111111111111,8,8,AAAACCGCCTGGCAATACGG,0,859663
dgoRp,0.1111111111111111,8,8,AAAAAACATCTGGCCCTTAC,0,857616
dgoRp,0.125,7,7,TTTTAGGTTTGAGAAATTCA,0,836760
dgoRp,0.125,7,7,TTTTAAGGGAACACTTTTGG,0,839245
dgoRp,0.125,7,7,TTTATTCAAGCTTCGATGTT,0,841461
dgoRp,0.125,7,7,TTTAGGGACTCGGAGCTCGC,0,862704
dgoRp,0.125,7,7,TTTAGGGAACCACGGCGCGG,0,857210
dgoRp,0.125,7,7,TTTACGTCTGGGGTTCGATA,0,853826
dgoRp,0.125,7,7,TTTAATATCTGCCGATGGGA,0,861796
dgoRp,0.125,7,7,TTTAAAGGCCGCACTGACAG,0,865101
dgoRp,0.125,7,7,TTGTCACCGTAAAGCTGGCC,0,859554
dgoRp,0.125,7,7,TTGTACGGGCTCACTTTGAC,0,859315
dgoRp,0.125,7,7,TTGGGGACATCCAAGTGTCA,0,849137
dgoRp,0.125,7,7,TTGCTTCAGTCTAAACAATG,0,857269
dgoRp,0.125,7,7,TTGCCGTGGCATTGTGCAAG,0,855894
dgoRp,0.125,7,7,TTGAAAGTGCGAGATCGTCC,0,841343
dgoRp,0.125,7,7,TTCGATTATGAACGTATCCC,0,843858
dgoRp,0.125,7,7,TTCATCATGGTACTTGCTCT,0,864420
dgoRp,0.125,7,7,TTCATACGTTCTGACGGTTC,0,856088
dgoRp,0.125,7,7,TTCAGTTCCTACGGGGGAGA,0,856119
dgoRp,0.125,7,7,TTCAAGTGTTGCTCGTTTGG,0,840408
dgoRp,0.125,7,7,TTATAACCCCAAAAGTTTGT,0,861379
dgoRp,0.125,7,7,TTAGTACCAGTTCGAGCATT,0,842006
dgoRp,0.125,7,7,TTAGGACGCTGTCTGCAATG,0,862147
dgoRp,0.125,7,7,TTAGCTCAGCACCGAACAAC,0,841851
dgoRp,0.125,7,7,TTAGAGGTTGTTTGTAATTG,0,858825
dgoRp,0.125,7,7,TTACGGGCTATTCACGATAT,0,865591
dgoRp,0.125,7,7,TTACGATGCCTCGTATGGTT,0,856691
dgoRp,0.125,7,7,TTACCCTTCAGTAGGATCGG,0,853843
dgoRp,0.125,7,7,TTAATCTTGCATCATATCAT,0,849290
dgoRp,0.125,7,7,TTAATCTATCCATATACGGC,0,855912
dgoRp,0.125,7,7,TGTTGAGACACAATTGATAG,0,845727
dgoRp,0.125,7,7,TGTTCTTGGTAACTAAGGAG,0,841098
dgoRp,0.125,7,7,TGTCGGTCAAGCATACCCTA,0,842946
dgoRp,0.125,7,7,TGTCATGCCCTCCTGGACAA,0,840727
dgoRp,0.125,7,7,TGTAATTGGGCGGCTTGCCG,0,853816
dgoRp,0.125,7,7,TGGGAGCAGGCTGCGGCCAT,0,836518
dgoRp,0.125,7,7,TGGGACGCTGTAAACAAGCC,0,849461
dgoRp,0.125,7,7,TGGCTCGCCGTACACTATCA,0,842139
dgoRp,0.125,7,7,TGGCAGTCAAGACGTTCGAA,0,856876
dgoRp,0.125,7,7,TGGCAGGCGTTGCTCTATTC,0,853288
dgoRp,0.125,7,7,TGGAATGGACATTCGCACTA,0,841203
dgoRp,0.125,7,7,TGGAAGTGGGCAGAAGGCCA,0,845076
dgoRp,0.125,7,7,TGCTTGATCGGCTTGATTGA,0,857063
dgoRp,0.125,7,7,TGCCGATGGTCATAATATAT,0,861224
dgoRp,0.125,7,7,TGAGCGAGAGCTAGCGGCCG,0,863804
dgoRp,0.125,7,7,TGACGTCGGCAGCACAAGTT,0,859419
dgoRp,0.125,7,7,TGACGAATGAGTTAGAAACG,0,865674
dgoRp,0.125,7,7,TGACACTTCCGTGGTCCAAT,0,855520
dgoRp,0.125,7,7,TGACAAAAGCACTACAACCC,0,845885
dgoRp,0.125,7,7,TGAATGAAGTAATCAGCCTT,0,857691
dgoRp,0.125,7,7,TGAAGCGACGCTAACTAACG,0,838429
dgoRp,0.125,7,7,TGAAAGATCGGTGTTCCAGA,0,859916
dgoRp,0.125,7,7,TGAAAAATGGACGGTCGTAA,0,857268
dgoRp,0.125,7,7,TCTTCCGATGCGCTCACAGT,0,836394
dgoRp,0.125,7,7,TCTTCAGAAGGTCGGTATTG,0,853218
dgoRp,0.125,7,7,TCTGTTTAAAAGCTATTTAA,0,861969
dgoRp,0.125,7,7,TCTAGCCCACAGAATCATGC,0,850308
dgoRp,0.125,7,7,TCTACAGTTACTTTGGCAGC,0,835971
dgoRp,0.125,7,7,TCGTTTCCGTAATCTTACAG,0,858738
dgoRp,0.125,7,7,TCGTTATAACTGGTCTCGCG,0,851749
dgoRp,0.125,7,7,TCGGGGTCCCGTGGATCCGA,0,844052
dgoRp,0.125,7,7,TCGCCTCCACTGATTTTGAG,0,867161
dgoRp,0.125,7,7,TCGCCTAGGAACCCAGCTGT,0,861326
dgoRp,0.125,7,7,TCGCAGGGGATAAATGTGCA,0,848431
dgoRp,0.125,7,7,TCGATTCATTGATACAGGGG,0,860646
dgoRp,0.125,7,7,TCGAGCACGGTATGTCACCG,0,863686
dgoRp,0.125,7,7,TCCTGTCGAAGGGAATGAAA,0,855849
dgoRp,0.125,7,7,TCCCAATCCGGGTTCGCGGT,0,841467
dgoRp,0.125,7,7,TCATTGGCGCAATGTGTTAT,0,864343
dgoRp,0.125,7,7,TCATCCACGCGGCTCGATGA,0,846814
dgoRp,0.125,7,7,TCAGCAGCAAACGATATACT,0,839539
dgoRp,0.125,7,7,TCAATGCAAGGAAAATGAGT,0,856366
dgoRp,0.125,7,7,TCAATAAACAACTGTCCAGT,0,840464
dgoRp,0.125,7,7,TCAAGGAGAATCATAGAAGT,0,840144
dgoRp,0.125,7,7,TCAAAATTCGCAAAACGAGT,0,836880
dgoRp,0.125,7,7,TATTTATAAGTTCCCTGCAG,0,846936
dgoRp,0.125,7,7,TATAGTATGGCGTCTATTCA,0,847828
dgoRp,0.125,7,7,TAGGCTCGCCGTGCTTCTGG,0,860608
dgoRp,0.125,7,7,TAGGCGTCAGGATCAACTCA,0,839863
dgoRp,0.125,7,7,TAGGACGGTCAACAGCCAAC,0,846930
dgoRp,0.125,7,7,TAGCGGGACTGCGAGTGCGA,0,863490
dgoRp,0.125,7,7,TAGCCTCGAGGTCCCCAGTT,0,839218
dgoRp,0.125,7,7,TAGCCCAATGGCCTTCATGA,0,845369
dgoRp,0.125,7,7,TAGCATTGCATAGAGATGTG,0,857795
dgoRp,0.125,7,7,TAGATAGGTTTCATAATCTT,0,853717
dgoRp,0.125,7,7,TACTGCGGGTTCGGAGGGTA,0,862949
dgoRp,0.125,7,7,TACGGTATTTATCTCTCGTG,0,861920
dgoRp,0.125,7,7,TACGATCAAGCTTTTAAGTT,0,865535
dgoRp,0.125,7,7,TACAGTCTGAGGTTTGATCT,0,844034
dgoRp,0.125,7,7,TACACACGACCGGCTTATCT,0,849323
dgoRp,0.125,7,7,TACAACATAAATGCGTCCTC,0,854507
dgoRp,0.125,7,7,TAATAGGTGCTCTACGGAGA,0,840506
dgoRp,0.125,7,7,TAATACGTTTGAGGCAACAT,0,853228
dgoRp,0.125,7,7,TAATACCGGGGCGGCGCACG,0,842148
dgoRp,0.125,7,7,TAAGACTGTGGAGACTTCAT,0,841774
dgoRp,0.125,7,7,TAAAGTAGACTTCCTTACAT,0,859076
dgoRp,0.125,7,7,GTTTAGGGCTCATCTAGCAA,0,865635
dgoRp,0.125,7,7,GTTCGCCACCGTATTAAGCT,0,859668
dgoRp,0.125,7,7,GTTCCGGGATTTCCGACAAG,0,838036
dgoRp,0.125,7,7,GTTCATGCCCCACAATGCAA,0,852647
dgoRp,0.125,7,7,GTTCACGACCGGAAACCTTA,0,851930
dgoRp,0.125,7,7,GTTAGTTGTTTCGACGTCTA,0,849484
dgoRp,0.125,7,7,GTTAGGTTACCGTCCCCGTC,0,864892
dgoRp,0.125,7,7,GTGTGTAAATCAACGAGTAG,0,861161
dgoRp,0.125,7,7,GTGTCCGCAGCCTAGCGCTA,0,854970
dgoRp,0.125,7,7,GTGTCACGGGTGTGCACAGC,0,839675
dgoRp,0.125,7,7,GTGATAAAGCATTGGGTATT,0,844834
dgoRp,0.125,7,7,GTCTTTGCGTCAAACAGCCT,0,845386
dgoRp,0.125,7,7,GTCGTACGCTCGGATGCGCA,0,863725
dgoRp,0.125,7,7,GTCCTTAATTATGTCAGTTC,0,858042
dgoRp,0.125,7,7,GTCCTCCGTTATGCGAAGAG,0,859653
dgoRp,0.125,7,7,GTCCGGCGTCACGCATGTAG,0,858682
dgoRp,0.125,7,7,GTCATGTATTGAGTCCCGAA,0,857104
dgoRp,0.125,7,7,GTCAAATCCGAAGTAGCTAA,0,852561
dgoRp,0.125,7,7,GTAGCAGTCTTCCGGTCACT,0,861788
dgoRp,0.125,7,7,GTACTAAAATAATGCTTTCG,0,850927
dgoRp,0.125,7,7,GTACGTCCGTGATATAAGAT,0,859040
dgoRp,0.125,7,7,GTACACGCCCACGCGTGAAA,0,842817
dgoRp,0.125,7,7,GGTTAAGTCAAGTGGGACGT,0,865965
dgoRp,0.125,7,7,GGTGTCGATATGTTTCTAAT,0,858600
dgoRp,0.125,7,7,GGTGATCATTATCTAGCTTC,0,839011
dgoRp,0.125,7,7,GGTCCCATATCTCGCTAAGC,0,846109
dgoRp,0.125,7,7,GGTATCCGTTCTACCGTAAA,0,835985
dgoRp,0.125,7,7,GGTACCAAATCAAATACGGT,0,855438
dgoRp,0.125,7,7,GGGTGCTGCTCATGGCGAGT,0,842633
dgoRp,0.125,7,7,GGGTCATTCTCGGAAATCGA,0,847994
dgoRp,0.125,7,7,GGGGCCAAGACCGCGATTGA,0,857341
dgoRp,0.125,7,7,GGGCGCTGCTACAGTACACA,0,853229
dgoRp,0.125,7,7,GGGCCAAAAATACCCCACGC,0,841818
dgoRp,0.125,7,7,GGGATCGGTCCGGCGGCCCA,0,855688
dgoRp,0.125,7,7,GGGAGTCGTTTACTCATGTG,0,849029
dgoRp,0.125,7,7,GGGAAGTAAGTGACTAGGCA,0,847869
dgoRp,0.125,7,7,GGCTGACATTCAATAAGACG,0,848016
dgoRp,0.125,7,7,GGCTACCCGCTCCATCCACA,0,858378
dgoRp,0.125,7,7,GGCGTCCATTGGTCTTCATA,0,861628
dgoRp,0.125,7,7,GGCGTATTTCACTCTTAGGC,0,853817
dgoRp,0.125,7,7,GGCGCGTCGTTCACCCACGA,0,839658
dgoRp,0.125,7,7,GGCCTTCCGGCGTGGGTATT,0,864664
dgoRp,0.125,7,7,GGCCTGTTCGTCGCAAGGCT,0,862247
dgoRp,0.125,7,7,GGCATGCAAGGGTTCATTTG,0,866926
dgoRp,0.125,7,7,GGATGCTCCCGGGACTTGCC,0,840088
dgoRp,0.125,7,7,GGATGCGGAGCGGATAGAAT,0,839646
dgoRp,0.125,7,7,GGATGCGATTTATTTATATT,0,846101
dgoRp,0.125,7,7,GGATCTGCTGTTCAATCCTC,0,860144
dgoRp,0.125,7,7,GGAGTGGACCGCTATGGGTG,0,850163
dgoRp,0.125,7,7,GGAGGTGCGCAGGGGGGACT,0,860756
dgoRp,0.125,7,7,GGAGCTTTTATTAGGCCCGC,0,836928
dgoRp,0.125,7,7,GGAGACTACCAAGGGTTTAG,0,852799
dgoRp,0.125,7,7,GGAAATGTCAGATACCCCTT,0,848121
dgoRp,0.125,7,7,GGAAATCGTGGAACATCCGA,0,844289
dgoRp,0.125,7,7,GCTTTGCTCGGGGTGAGTCT,0,856005
dgoRp,0.125,7,7,GCTCCAGCGGAGCTCGACTA,0,857705
dgoRp,0.125,7,7,GCTCAAGACAAAATGTCATA,0,837587
dgoRp,0.125,7,7,GCTATTCTCAGCTGGTAGTA,0,846431
dgoRp,0.125,7,7,GCTAAGGGTTGTAACTGCTT,0,857584
dgoRp,0.125,7,7,GCGTTTTGAGTGGAAAGTGT,0,860683
dgoRp,0.125,7,7,GCGCTAGTTACGAGAGTGAT,0,836038
dgoRp,0.125,7,7,GCGCATCTTCATTGTACCTT,0,853489
dgoRp,0.125,7,7,GCGAAGGTCGCTGGACGCTC,0,852666
dgoRp,0.125,7,7,GCCTTCGACCACCGGGGCTC,0,835995
dgoRp,0.125,7,7,GCCTTAGGTGGGGGAAAGGA,0,853774
dgoRp,0.125,7,7,GCCTGGTAAACTAGCACAAC,0,839970
dgoRp,0.125,7,7,GCCGTGAAAGCCTTAAATTC,0,851441
dgoRp,0.125,7,7,GCCCCGCCTGTAGAACTTCA,0,852416
dgoRp,0.125,7,7,GCCATCAAGCATCGAGAGCA,0,841806
dgoRp,0.125,7,7,GCATTTGAATGTGCTCGCAA,0,866423
dgoRp,0.125,7,7,GCATGCTGCCTTACAAACCA,0,866513
dgoRp,0.125,7,7,GCATCGGGACAAGTTTAACA,0,856901
dgoRp,0.125,7,7,GCATCCTTCAAGTTAAGAAC,0,859251
dgoRp,0.125,7,7,GCATCCATGCCTGGTTCTCT,0,848176
dgoRp,0.125,7,7,GCAAGATTTCTGTAAACCCG,0,853823
dgoRp,0.125,7,7,GCAAATCAGAGGGTACTGTT,0,867199
dgoRp,0.125,7,7,GATTTAAAGTCTCCATACTA,0,861332
dgoRp,0.125,7,7,GATTGGGGCAATTTCGAAAA,0,844524
dgoRp,0.125,7,7,GATGTTCCCAATTTCTCCTG,0,842808
dgoRp,0.125,7,7,GATGCCCCCATCCCTATATA,0,840233
dgoRp,0.125,7,7,GATCTGGCGAGTGTCCGTAT,0,860895
dgoRp,0.125,7,7,GATCGGGGACAGCCGTCCGC,0,848736
dgoRp,0.125,7,7,GATCAGGAAGGGCATCACAA,0,858541
dgoRp,0.125,7,7,GATCACTGCGGATCATACCG,0,845320
dgoRp,0.125,7,7,GATATGACGGACAGGAGTTA,0,844082
dgoRp,0.125,7,7,GATACGTATGCCCGTGCACA,0,866457
dgoRp,0.125,7,7,GAGTTTTGGAAGGTGGCCTG,0,848296
dgoRp,0.125,7,7,GAGGGACGAGGCGCACGCGT,0,864826
dgoRp,0.125,7,7,GAGGCCAGACGTTGCGGAGA,0,860271
dgoRp,0.125,7,7,GACGAAGCTGGCAGTCCTTA,0,857887
dgoRp,0.125,7,7,GACCGCAAGGTCGTTTCCTT,0,855858
dgoRp,0.125,7,7,GACCCTATCGGCCACGGAGT,0,848293
dgoRp,0.125,7,7,GACATAAAGGGTGTAGAGTA,0,853918
dgoRp,0.125,7,7,GACAGCGACCGGTTTTTCGG,0,863061
dgoRp,0.125,7,7,GACAGATATGATATGTAGCT,0,844977
dgoRp,0.125,7,7,GAATTTAGGCGCTGCACGCA,0,840136
dgoRp,0.125,7,7,GAATTACCACTGATAAATGG,0,854166
dgoRp,0.125,7,7,GAATGTTCTACCAATAAGGG,0,842365
dgoRp,0.125,7,7,GAAGTAATCTGCTGCCGCAG,0,867167
dgoRp,0.125,7,7,GAACCTCCGTGGACGTCAAT,0,859647
dgoRp,0.125,7,7,GAAAGAATCCCCAGAATTTG,0,853111
dgoRp,0.125,7,7,CTTTTAATACAACACTCCGG,0,839788
dgoRp,0.125,7,7,CTTTGGGATCGAGCTAACCT,0,843840
dgoRp,0.125,7,7,CTTCCGGTGTATAGAACCGC,0,863354
dgoRp,0.125,7,7,CTTAGGTAAAAGCGTCCTTC,0,856724
dgoRp,0.125,7,7,CTTACGTTCTGTGCGCTGCA,0,866760
dgoRp,0.125,7,7,CTGTCTTTTATATTCTCTAG,0,838550
dgoRp,0.125,7,7,CTGTATGGGAGGGTCTAACT,0,859334
dgoRp,0.125,7,7,CTGGTCTGAACTTTAACAGG,0,864954
dgoRp,0.125,7,7,CTGGACACTAAAGATAGTTT,0,851967
dgoRp,0.125,7,7,CTGCGGTTGGTATGGATGAA,0,852211
dgoRp,0.125,7,7,CTGCGAATCCGGTGCCCTAT,0,839464
dgoRp,0.125,7,7,CTGCATCGGGGCGCAAGGAT,0,861456
dgoRp,0.125,7,7,CTCTTGAGAGAGCTCGCTAC,0,845700
dgoRp,0.125,7,7,CTCTCTCAGAGCAAACAACT,0,858117
dgoRp,0.125,7,7,CTCTCGATCACAGCGCTTTT,0,861277
dgoRp,0.125,7,7,CTCTATCCGAGATCCAATTC,0,856249
dgoRp,0.125,7,7,CTCCTCGTGTGGACAGGACC,0,847353
dgoRp,0.125,7,7,CTCATAGGCGCAGGTCTTGG,0,864217
dgoRp,0.125,7,7,CTCAGGGTTCGGGGGTTACT,0,866537
dgoRp,0.125,7,7,CTCAGCTGTCACCCACTAAG,0,837504
dgoRp,0.125,7,7,CTATGCGAGAGTTAAATTAT,0,861218
dgoRp,0.125,7,7,CTATAGTCCGAGAAACTCGA,0,854025
dgoRp,0.125,7,7,CTAGGGTGTCCACCGCACTA,0,849316
dgoRp,0.125,7,7,CTAGCGGGGACAAGAAACCA,0,838408
dgoRp,0.125,7,7,CTACGCTGCTCTTATGCAAA,0,840835
dgoRp,0.125,7,7,CTACGCTAAGTTACGAGTAG,0,852238
dgoRp,0.125,7,7,CTACCTAAATAACGTTCTGA,0,852375
dgoRp,0.125,7,7,CTACACTACGGCGTTTATAA,0,845013
dgoRp,0.125,7,7,CTAATATTCCAGGTCTGCCC,0,866716
dgoRp,0.125,7,7,CTAATAATTGGCTCTCAACT,0,858147
dgoRp,0.125,7,7,CTAAATTCCGGTCGATCATC,0,843528
dgoRp,0.125,7,7,CTAAATGCTTTGCTTATGTT,0,845160
dgoRp,0.125,7,7,CTAAAACTAGACGCGTTTCA,0,836983
dgoRp,0.125,7,7,CGTTTGGTGATTGGGCTTAA,0,846564
dgoRp,0.125,7,7,CGTTGTTAGCGGAGGGCAGT,0,867139
dgoRp,0.125,7,7,CGTGTCTTCAAACTAAAAGG,0,859674
dgoRp,0.125,7,7,CGTGCGGGGCGTATATGTGC,0,840504
dgoRp,0.125,7,7,CGTCCTATTTAAGATTCTGT,0,860404
dgoRp,0.125,7,7,CGTCCTAGGTCCAGCACCTG,0,842529
dgoRp,0.125,7,7,CGTATAGCATAGCGGATACC,0,861178
dgoRp,0.125,7,7,CGGGGTGGAGTGAGAGACGA,0,846500
dgoRp,0.125,7,7,CGGGGATTAGTACGTGCTTC,0,859516
dgoRp,0.125,7,7,CGGGCGTTTTTTTTAGATGT,0,849039
dgoRp,0.125,7,7,CGGCGTTTGCACGGGCAGTG,0,865580
dgoRp,0.125,7,7,CGGCGCAATATTGCATCATG,0,837494
dgoRp,0.125,7,7,CGGCCCGGGTAAGTTTCTGC,0,845774
dgoRp,0.125,7,7,CGGATCCCACACTGCGTCAT,0,842948
dgoRp,0.125,7,7,CGGATCAATGAGTGGGCGCT,0,850990
dgoRp,0.125,7,7,CGCTTTGTCCGTTGGTATGC,0,846208
dgoRp,0.125,7,7,CGCGGAAAGCGAGGGCAAAA,0,837951
dgoRp,0.125,7,7,CGCAACTCTACGGTTATATG,0,841109
dgoRp,0.125,7,7,CGAGCGTAAGGCTGCAAACG,0,847581
dgoRp,0.125,7,7,CGACGTTATAATTTCTGCAT,0,862993
dgoRp,0.125,7,7,CGAAGTTGAATCAGTTTGAT,0,848184
dgoRp,0.125,7,7,CGAAGCAGCCGGGGCATCAT,0,862079
dgoRp,0.125,7,7,CGAAGAGAACGTCTGACGTG,0,852778
dgoRp,0.125,7,7,CCTTTACGCTTCTGTCGGAT,0,839965
dgoRp,0.125,7,7,CCTTCGTAATTATTTAACTG,0,844426
dgoRp,0.125,7,7,CCTGGTAATACCAATTCGTC,0,857360
dgoRp,0.125,7,7,CCTGGACACCTGAGTTCCGG,0,845053
dgoRp,0.125,7,7,CCTGCACGGGGTGCGGGCTT,0,839841
dgoRp,0.125,7,7,CCGTTGCCACAGTAGAATGC,0,862242
dgoRp,0.125,7,7,CCGTACCTTGCTCTCGAATC,0,837785
dgoRp,0.125,7,7,CCGCCTTTGCGGCTTGGTAG,0,857861
dgoRp,0.125,7,7,CCGATGATTCCAACAACTAA,0,840678
dgoRp,0.125,7,7,CCGAGGGGATCTTGACGAGC,0,862124
dgoRp,0.125,7,7,CCGAATCGCTTACCCGACCT,0,850716
dgoRp,0.125,7,7,CCCTATAACAAAGACGGAAA,0,850385
dgoRp,0.125,7,7,CCCGTCAAGGTCGGACACAT,0,850506
dgoRp,0.125,7,7,CCCGGTATCGCGGATTTACG,0,855034
dgoRp,0.125,7,7,CCCGGGATAGTCGCAGCATG,0,850867
dgoRp,0.125,7,7,CCCGCCATCAATAAAGCATT,0,848601
dgoRp,0.125,7,7,CCCCCGGGACTAAAGCCAAA,0,862198
dgoRp,0.125,7,7,CCCCAATTCCGGGCAGCACG,0,856061
dgoRp,0.125,7,7,CCCATGCGCGGTATTATCAG,0,848234
dgoRp,0.125,7,7,CCCACTGAAGGTTACCTCAA,0,848855
dgoRp,0.125,7,7,CCATCCGCGGTGTGACGTAG,0,850231
dgoRp,0.125,7,7,CCATCAACACTTACTGATGG,0,847573
dgoRp,0.125,7,7,CCACAAACCTTATTTGTGCT,0,850274
dgoRp,0.125,7,7,CCAATGTAGGCAGTCCTACT,0,863258
dgoRp,0.125,7,7,CCAATGGCCGCAGTTCTAGA,0,858212
dgoRp,0.125,7,7,CCAAGTTGGAACCTGCGAAC,0,850775
dgoRp,0.125,7,7,CATTTTCACCTCCGTCTTCT,0,835874
dgoRp,0.125,7,7,CATTGAGGAAGGCCACACGT,0,838710
dgoRp,0.125,7,7,CATCATGTCAAAGTTAGCTC,0,839563
dgoRp,0.125,7,7,CATAGTGGGCACTGATAAGA,0,857532
dgoRp,0.125,7,7,CATACGCTAAGGCGCATGTT,0,839634
dgoRp,0.125,7,7,CAGTCCAATACGACGAAACT,0,865796
dgoRp,0.125,7,7,CAGGTTCACGGATCGGTAGT,0,836327
dgoRp,0.125,7,7,CAGGATAGAGGAGCCACACA,0,847040
dgoRp,0.125,7,7,CAGCGTCTGCTCTCATGGCA,0,850690
dgoRp,0.125,7,7,CAGCGGGGAGCTAGGCAGGC,0,856122
dgoRp,0.125,7,7,CAGCCTCTAAGGATATTCCT,0,839197
dgoRp,0.125,7,7,CACTTTGTGCGTCCGCAACG,0,859925
dgoRp,0.125,7,7,CACTCCGATCGGTTTCTGTG,0,858590
dgoRp,0.125,7,7,CACGGAAACACCAGCCAATC,0,851262
dgoRp,0.125,7,7,CACGCAAACCTTAGTTCGCA,0,837162
dgoRp,0.125,7,7,CACCTTAACCCATTCTCGGT,0,839154
dgoRp,0.125,7,7,CACCGACAGAATGCGTTTTC,0,848479
dgoRp,0.125,7,7,CACCGAACGTTGTAGGCGCC,0,856905
dgoRp,0.125,7,7,CAATTCAGCGCAACGGACAT,0,863650
dgoRp,0.125,7,7,CAAGTACATTGCATTCAATA,0,860522
dgoRp,0.125,7,7,CAAGCTACCAGGCATCTTTG,0,836456
dgoRp,0.125,7,7,CAAGATTGCTTCTCCGCGGA,0,859649
dgoRp,0.125,7,7,CAACATGTACACTGTGATGA,0,866150
dgoRp,0.125,7,7,ATTTGTGCACTGTAACCGGG,0,858668
dgoRp,0.125,7,7,ATTTGCGCACGCGACGTGAA,0,864351
dgoRp,0.125,7,7,ATTTCAATGACCGGCAACAA,0,840284
dgoRp,0.125,7,7,ATTCTAGAACATTTATGCGA,0,851225
dgoRp,0.125,7,7,ATTCGTCGGTCTGCTGTGCT,0,838194
dgoRp,0.125,7,7,ATTCGGCTCGATTGTGATCA,0,862982
dgoRp,0.125,7,7,ATTAGAACAAAGTTATGCAG,0,837923
dgoRp,0.125,7,7,ATTAAGGTGCAACGTGGCTC,0,847594
dgoRp,0.125,7,7,ATGTTCAACGAGAGCACCTC,0,848140
dgoRp,0.125,7,7,ATGTTAGTTACAGGGGCTAG,0,838190
dgoRp,0.125,7,7,ATGTAAAGGTTCGCTCGGTT,0,862790
dgoRp,0.125,7,7,ATGGGCTAAGTTCCGAATAG,0,844434
dgoRp,0.125,7,7,ATGCTCTGTAGCACATACCA,0,838646
dgoRp,0.125,7,7,ATGCCCTCCAAATGGCCCAA,0,838427
dgoRp,0.125,7,7,ATGAATAGCTGTTTAGATTA,0,849002
dgoRp,0.125,7,7,ATGAACAGCGGCCCCCCCTT,0,836057
dgoRp,0.125,7,7,ATCTTTCGTAATGAGCTGCG,0,839937
dgoRp,0.125,7,7,ATCTACAATTGGGGGGTTAA,0,858793
dgoRp,0.125,7,7,ATCCGATGTGGATATCACCA,0,846233
dgoRp,0.125,7,7,ATCCCGACGGCAATGCGATT,0,849460
dgoRp,0.125,7,7,ATCCATATCAGTTGACTCTA,0,839993
dgoRp,0.125,7,7,ATCAGGCATACTTTCACTTC,0,844431
dgoRp,0.125,7,7,ATCAGCGTGTTATACGTGAC,0,863654
dgoRp,0.125,7,7,ATCACACCCAGGTAGTCTAC,0,844098
dgoRp,0.125,7,7,ATATTCTAAGGCATGACGTA,0,866208
dgoRp,0.125,7,7,ATATTCAGGCGTAAATGCGT,0,840561
dgoRp,0.125,7,7,ATATGTACAGCTACACGCGT,0,843920
dgoRp,0.125,7,7,ATACCACTCTGCTACGCTGA,0,841639
dgoRp,0.125,7,7,ATACACGACTGGAGCAAGCA,0,855523
dgoRp,0.125,7,7,ATAATCCGAGTCACAAAGCT,0,859841
dgoRp,0.125,7,7,ATAAAGTCTCCTAGATATGC,0,847164
dgoRp,0.125,7,7,AGTGCTTCCTGGACGGCGGC,0,845436
dgoRp,0.125,7,7,AGTCCCGAGGGCTTTCTGGC,0,852580
dgoRp,0.125,7,7,AGTAGATAGGCGTCACGTCT,0,859316
dgoRp,0.125,7,7,AGTAATGCCGGTATACGAAA,0,839418
dgoRp,0.125,7,7,AGGTTTGTTGGAGAGAGGTA,0,838384
dgoRp,0.125,7,7,AGGTCAAGCAAGATTCTACA,0,835864
dgoRp,0.125,7,7,AGGGTCCGGCATTTTATGTC,0,858401
dgoRp,0.125,7,7,AGGCGTGCCGTTGCAAGGTT,0,839640
dgoRp,0.125,7,7,AGGATAAGGCGTGCGCTCAT,0,855531
dgoRp,0.125,7,7,AGGAGCATCAAAAATCATAA,0,851263
dgoRp,0.125,7,7,AGGACATTAGCGCTAACGCA,0,865364
dgoRp,0.125,7,7,AGGACATCTCTTATTAATTA,0,849104
dgoRp,0.125,7,7,AGCTTTGGCACTCCGATTCT,0,859688
dgoRp,0.125,7,7,AGCGGTTTAGCTTCTAGGGG,0,853271
dgoRp,0.125,7,7,AGCCTACACTAATGTGGAAT,0,851499
dgoRp,0.125,7,7,AGCCGCAAAGATATTCGACG,0,857993
dgoRp,0.125,7,7,AGCCCGAGTGGTTACAATCA,0,841194
dgoRp,0.125,7,7,AGCCCCTCAACTCCTATAGC,0,847927
dgoRp,0.125,7,7,AGCAGGGTTTATGATTGTCA,0,845570
dgoRp,0.125,7,7,AGCAAGAGAAGCCGATTCCC,0,858110
dgoRp,0.125,7,7,AGCAAAGTTGGATTGGTAAT,0,841935
dgoRp,0.125,7,7,AGATTGACGACGAGCACCGC,0,842964
dgoRp,0.125,7,7,AGATGTCTGATGCAGGTCGG,0,860605
dgoRp,0.125,7,7,AGAGTAGGGTTCGGGATTTC,0,849177
dgoRp,0.125,7,7,AGAGATGGCGTTCAAGGACG,0,858680
dgoRp,0.125,7,7,AGAAGAACCTTCGGGACACT,0,840457
dgoRp,0.125,7,7,ACTTAGAGGCAACATCAGCG,0,861929
dgoRp,0.125,7,7,ACTGACTATTAATGATCTCT,0,858814
dgoRp,0.125,7,7,ACTGAATATTGTCTTCCTCT,0,845619
dgoRp,0.125,7,7,ACTCGTTAGCTGCTACACTA,0,842744
dgoRp,0.125,7,7,ACTCCTTAGATGATGGATCC,0,859158
dgoRp,0.125,7,7,ACTCCAGAGCCTGATGGCCA,0,843744
dgoRp,0.125,7,7,ACTAACCTCGGTAGCCGAAG,0,852953
dgoRp,0.125,7,7,ACGTATCGCTTCTAGAGAGG,0,849463
dgoRp,0.125,7,7,ACGTACTCCCTAAATAACGA,0,851487
dgoRp,0.125,7,7,ACGCAAATTCCGCCGCACCA,0,843867
dgoRp,0.125,7,7,ACGATATGTATGCACAAGGC,0,839132
dgoRp,0.125,7,7,ACGATAGGGAGCGCCCTCGA,0,862047
dgoRp,0.125,7,7,ACGACTCTGTCCCGGCCGTG,0,867300
dgoRp,0.125,7,7,ACGACAGCTGTGCACTTCAC,0,845502
dgoRp,0.125,7,7,ACCTTCAGGGCCGTCACTCA,0,845402
dgoRp,0.125,7,7,ACCGAATGTGTCAGAACAAC,0,847858
dgoRp,0.125,7,7,ACCCGTCACCATTAGCTACA,0,850582
dgoRp,0.125,7,7,ACCCCCACATACTAACGGTA,0,842780
dgoRp,0.125,7,7,ACCCCAGACAGACTCGGCCC,0,863774
dgoRp,0.125,7,7,ACCCCACCACGATACCGATA,0,845803
dgoRp,0.125,7,7,ACCACAGCATGGGGGTACGG,0,836223
dgoRp,0.125,7,7,ACCAATATACTAGCAGATGT,0,859773
dgoRp,0.125,7,7,ACATGTAACGCATCGGGTCA,0,852380
dgoRp,0.125,7,7,ACAGGCGATCAGGCTGGCCC,0,850984
dgoRp,0.125,7,7,ACACCAGTATCCTTGGCACG,0,860004
dgoRp,0.125,7,7,ACAACGGAGACTCCTCAAGT,0,846773
dgoRp,0.125,7,7,AATTGATGGGATTAACAGTG,0,857300
dgoRp,0.125,7,7,AATTGAGCCGTATGACAGAA,0,840020
dgoRp,0.125,7,7,AATGGGCATCAAGTTTCGAC,0,855946
dgoRp,0.125,7,7,AATATTGCGAGCCGTCATCA,0,839547
dgoRp,0.125,7,7,AAGTGTAGGTAGCGTACCCA,0,848793
dgoRp,0.125,7,7,AAGTGTAAATAGATAACGAC,0,845125
dgoRp,0.125,7,7,AAGGTTTCTCAAGTTTCAAA,0,851005
dgoRp,0.125,7,7,AAGGAGATGGCCCCTGATGA,0,846240
dgoRp,0.125,7,7,AAGCCGTGTGTTTTGCTTGA,0,839409
dgoRp,0.125,7,7,AAGATGCCGTAGGTAACCTA,0,860509
dgoRp,0.125,7,7,AACGGCGATGCTATAGGCAA,0,856712
dgoRp,0.125,7,7,AACGCTGAGAGGATTGAATG,0,843623
dgoRp,0.125,7,7,AACGACTGCAAAAAGTACGA,0,836075
dgoRp,0.125,7,7,AACCCTGGATGTAACGCTCA,0,848886
dgoRp,0.125,7,7,AACCACAGAGCGCGCCCGCG,0,836248
dgoRp,0.125,7,7,AAATAGAATGCGAGATATTC,0,860854
dgoRp,0.125,7,7,AAAGCTCGTTATCAATCTGT,0,848683
dgoRp,0.125,7,7,AAACGGTGTCTCATCAGGTT,0,859332
dgoRp,0.125,7,7,AAACGGGCGCAACTCCATTA,0,838049
dgoRp,0.125,7,7,AAACGGCTCGTCACGCAGCA,0,838866
dgoRp,0.125,7,7,AAAAAGAGTTGATGAACGGA,0,860710
dgoRp,0.14285714285714285,6,6,TTTTCCTGTCAGCAAGACTC,0,865934
dgoRp,0.14285714285714285,6,6,TTTGCAGCGGCATTGTAATA,0,838006
dgoRp,0.14285714285714285,6,6,TTTCATTTGATCCATATAAG,0,854456
dgoRp,0.14285714285714285,6,6,TTTATAGCCAATGGACGAAG,0,842264
dgoRp,0.14285714285714285,6,6,TTTAGCTACGCGCAACTATA,0,859535
dgoRp,0.14285714285714285,6,6,TTGTGCACATTTGCCCTATT,0,844123
dgoRp,0.14285714285714285,6,6,TTGTATGTGCTGCTCGTGGA,0,841111
dgoRp,0.14285714285714285,6,6,TTGTACAAACATCCCGGGCA,0,843432
dgoRp,0.14285714285714285,6,6,TTGGTGGCATTGGGGGAGAC,0,848230
dgoRp,0.14285714285714285,6,6,TTGGCTTATGATAGGCACTT,0,857894
dgoRp,0.14285714285714285,6,6,TTGGCCGATAGGCATAACTG,0,851921
dgoRp,0.14285714285714285,6,6,TTGGAGCTTACTAAACACCC,0,841613
dgoRp,0.14285714285714285,6,6,TTGCGTGAAGGCATGTGCAT,0,858111
dgoRp,0.14285714285714285,6,6,TTGCCTACACCTCTGTTCGA,0,854481
dgoRp,0.14285714285714285,6,6,TTGCCATCCTGCGACTACCC,0,839832
dgoRp,0.14285714285714285,6,6,TTGCAAAGCATTCTTTACGA,0,840499
dgoRp,0.14285714285714285,6,6,TTGAAGAGACTCATATGTTC,0,845824
dgoRp,0.14285714285714285,6,6,TTCTGACCATATATGCCTCC,0,836269
dgoRp,0.14285714285714285,6,6,TTCGCTGAAGGACGGTCTGT,0,862778
dgoRp,0.14285714285714285,6,6,TTCCTAATTGGGACGAATAA,0,845720
dgoRp,0.14285714285714285,6,6,TTCACAGACGTGGTCCCCGA,0,853887
dgoRp,0.14285714285714285,6,6,TTATCGACAAAGCTTAGTTA,0,855792
dgoRp,0.14285714285714285,6,6,TTAGGTCAGGGGTCCCATGA,0,850415
dgoRp,0.14285714285714285,6,6,TTAGAAATATTGACATACCA,0,856588
dgoRp,0.14285714285714285,6,6,TTACCTGACGTAATTAAGAT,0,860729
dgoRp,0.14285714285714285,6,6,TTAACGACATATTAAATCCT,0,864589
dgoRp,0.14285714285714285,6,6,TGTTTCTTGGGAGTGTCCGC,0,859476
dgoRp,0.14285714285714285,6,6,TGTCATAGCGAGGCAGTCTT,0,837477
dgoRp,0.14285714285714285,6,6,TGTACGGCTATGAAACCGTA,0,847688
dgoRp,0.14285714285714285,6,6,TGGTTGTTAGGGGTCAATGC,0,860656
dgoRp,0.14285714285714285,6,6,TGGTATCTGTGCCCATGGAG,0,843045
dgoRp,0.14285714285714285,6,6,TGGGGGCGGTTCCGCTGGTA,0,838525
dgoRp,0.14285714285714285,6,6,TGGGGATCACCGAGAGAAGT,0,836887
dgoRp,0.14285714285714285,6,6,TGGGGAGTGTATACTGTAGT,0,854102
dgoRp,0.14285714285714285,6,6,TGGGCAGGTGGAAGTAAAAA,0,857042
dgoRp,0.14285714285714285,6,6,TGGGATGCCTTCAGTATGCA,0,851990
dgoRp,0.14285714285714285,6,6,TGGCACAAAACTACAGTTCG,0,861337
dgoRp,0.14285714285714285,6,6,TGCTGTACGCGCTCGCCAGT,0,861134
dgoRp,0.14285714285714285,6,6,TGCTGCACACCGCACGACCT,0,855890
dgoRp,0.14285714285714285,6,6,TGCTCAACCGAACAGACGTA,0,835925
dgoRp,0.14285714285714285,6,6,TGCTAACGCCTGAAGTGAGG,0,839311
dgoRp,0.14285714285714285,6,6,TGCGGGATCCCTACAAGGCC,0,862391
dgoRp,0.14285714285714285,6,6,TGCGCTCCCTCCTGGCGTAC,0,862244
dgoRp,0.14285714285714285,6,6,TGCGCAGACCACTAATACCC,0,854439
dgoRp,0.14285714285714285,6,6,TGCCAGGGGTAAAAGGTCGC,0,849404
dgoRp,0.14285714285714285,6,6,TGCAACTTCAACAGGGCAAA,0,844738
dgoRp,0.14285714285714285,6,6,TGATTCTGCACAATACATGT,0,861201
dgoRp,0.14285714285714285,6,6,TGAGGTACATAGGCTCTGAC,0,863771
dgoRp,0.14285714285714285,6,6,TGAGATAGTCAGTTTTATAC,0,850830
dgoRp,0.14285714285714285,6,6,TGACTTCTCGAACCTCAGAT,0,856674
dgoRp,0.14285714285714285,6,6,TGACCCCCCACCCGTTCGTG,0,852792
dgoRp,0.14285714285714285,6,6,TCTTTCACATCTTCAGAGAA,0,846864
dgoRp,0.14285714285714285,6,6,TCTTGTTATATCTGGCTTTA,0,862817
dgoRp,0.14285714285714285,6,6,TCTATACTGCGAGCTAATGC,0,864088
dgoRp,0.14285714285714285,6,6,TCGGTTCCGTCTTTTGGGCG,0,849080
dgoRp,0.14285714285714285,6,6,TCGGTGAATCAGCGGGCCAA,0,836900
dgoRp,0.14285714285714285,6,6,TCGGTATCATGGGCGCTGGG,0,847731
dgoRp,0.14285714285714285,6,6,TCGGCTTCATTGCTCTGATA,0,854870
dgoRp,0.14285714285714285,6,6,TCGGAACTGGAACGTTGTGT,0,841278
dgoRp,0.14285714285714285,6,6,TCGATCCGCCTGTTACTTCC,0,845569
dgoRp,0.14285714285714285,6,6,TCCTTGCCCTTAGCTTCGTA,0,852235
dgoRp,0.14285714285714285,6,6,TCCTAGGTGTGGTGATAACG,0,845647
dgoRp,0.14285714285714285,6,6,TCCCTTGTTACAACCGGTGA,0,864560
dgoRp,0.14285714285714285,6,6,TCCACTTCGGTTAGGCTTGC,0,861410
dgoRp,0.14285714285714285,6,6,TCCAAGGTTCCCATGGCAGC,0,861047
dgoRp,0.14285714285714285,6,6,TCATTTGTATGTCGGACCCA,0,860492
dgoRp,0.14285714285714285,6,6,TCATTTACAGGAAGACAAGG,0,845617
dgoRp,0.14285714285714285,6,6,TCATTAGGCTGAAGCTCCAT,0,864575
dgoRp,0.14285714285714285,6,6,TCAGTTTGGAAATTTCGCTC,0,851163
dgoRp,0.14285714285714285,6,6,TCAGACGGGAGGCGCCTTCA,0,847920
dgoRp,0.14285714285714285,6,6,TCACTATCGGCGGGTTCCTT,0,843094
dgoRp,0.14285714285714285,6,6,TCAATTAGCGATTGGTTTAC,0,843427
dgoRp,0.14285714285714285,6,6,TCAATATCCTAGTTATGCTT,0,856150
dgoRp,0.14285714285714285,6,6,TCAACGCTGGTACCGATGCC,0,853312
dgoRp,0.14285714285714285,6,6,TATTAGGCCACGATATTATA,0,849781
dgoRp,0.14285714285714285,6,6,TATGTGCATTCGTTCACCAG,0,855058
dgoRp,0.14285714285714285,6,6,TATGGATCTTGTAGCCTGTT,0,836425
dgoRp,0.14285714285714285,6,6,TATGCTAATATACCACAGGC,0,865311
dgoRp,0.14285714285714285,6,6,TATCGAATCTACTCGCAACC,0,846830
dgoRp,0.14285714285714285,6,6,TATAATCTCTCACATAATTC,0,850658
dgoRp,0.14285714285714285,6,6,TAGGCTCGGGAGCCCGTGGT,0,848152
dgoRp,0.14285714285714285,6,6,TAGGACCGAAAAAGGCGACT,0,841750
dgoRp,0.14285714285714285,6,6,TAGCTCGAGGCCGGTGCCAC,0,847726
dgoRp,0.14285714285714285,6,6,TAGCGAGTATCATCTAGATT,0,850276
dgoRp,0.14285714285714285,6,6,TAGCATAACTCGAAATTAGA,0,851988
dgoRp,0.14285714285714285,6,6,TAGCAATAATTACAATTATG,0,859821
dgoRp,0.14285714285714285,6,6,TAGAAGCACTAATATATAAT,0,854823
dgoRp,0.14285714285714285,6,6,TACTGCGCAAATTAGCGTTA,0,841354
dgoRp,0.14285714285714285,6,6,TACTCGCGACACGAAATGCA,0,839390
dgoRp,0.14285714285714285,6,6,TACGGCTCATGTCCCTCTCC,0,854460
dgoRp,0.14285714285714285,6,6,TACCTTAGGGTAATAGGAGG,0,844449
dgoRp,0.14285714285714285,6,6,TACATTCCTGGACAGATATG,0,854115
dgoRp,0.14285714285714285,6,6,TACAGAAGTCGTGGATCCCG,0,839568
dgoRp,0.14285714285714285,6,6,TACAAAGCCGGCCGGGAAGC,0,847665
dgoRp,0.14285714285714285,6,6,TAATGACCTTCTAAAGTCAT,0,850067
dgoRp,0.14285714285714285,6,6,TAAGTCCGCGTCGCACAGGC,0,865147
dgoRp,0.14285714285714285,6,6,TAAGTAGCACGGAAATCTTA,0,845362
dgoRp,0.14285714285714285,6,6,TAAGAGAAGAGGCCGGCCAA,0,848174
dgoRp,0.14285714285714285,6,6,TAACTTCAGTCAATTATGCA,0,856661
dgoRp,0.14285714285714285,6,6,TAACTAGGACTCTGTTCATA,0,865615
dgoRp,0.14285714285714285,6,6,TAACGCTTGCATTGGCACTC,0,845144
dgoRp,0.14285714285714285,6,6,TAAATCGACGAAACTACTCG,0,864239
dgoRp,0.14285714285714285,6,6,GTTTTCGCAATTAAGATCTG,0,844699
dgoRp,0.14285714285714285,6,6,GTTCTTGGTGTGACCTCTTA,0,844519
dgoRp,0.14285714285714285,6,6,GTTCTATAGTAAGGGGATAG,0,855435
dgoRp,0.14285714285714285,6,6,GTTCCGGTAACTCCCTACTT,0,861728
dgoRp,0.14285714285714285,6,6,GTTCCCGACTTCGGCCTGGT,0,861468
dgoRp,0.14285714285714285,6,6,GTTCAGTCGGCTTTGCTACA,0,864254
dgoRp,0.14285714285714285,6,6,GTTATCACTGCAGCAAGGTA,0,853113
dgoRp,0.14285714285714285,6,6,GTTAAACCTAGGGTGCAAGT,0,842114
dgoRp,0.14285714285714285,6,6,GTGTGTAAGGAGTGTTTCCT,0,860348
dgoRp,0.14285714285714285,6,6,GTGTGATGCACATGTGTAAT,0,851398
dgoRp,0.14285714285714285,6,6,GTGTCAGTCCGGCTGGGCGG,0,840584
dgoRp,0.14285714285714285,6,6,GTGTAAGGGTTGGCCGAACT,0,850728
dgoRp,0.14285714285714285,6,6,GTGGTACGTTCTGCCGTCGG,0,848354
dgoRp,0.14285714285714285,6,6,GTGCAGCCAGTGTGTGTGTC,0,863964
dgoRp,0.14285714285714285,6,6,GTCTCTGCCGTAATCAGAGT,0,842241
dgoRp,0.14285714285714285,6,6,GTCTATAACACCTACCAGGG,0,842928
dgoRp,0.14285714285714285,6,6,GTCGCATAACCATAAGTCAC,0,849952
dgoRp,0.14285714285714285,6,6,GTCCCGACGGTCGGTTGATC,0,836449
dgoRp,0.14285714285714285,6,6,GTATAATGCTTTAGCCGATC,0,849913
dgoRp,0.14285714285714285,6,6,GTAGTCGATTCGTAAGGCGC,0,865116
dgoRp,0.14285714285714285,6,6,GTAGTCACATGATTTGAACG,0,853712
dgoRp,0.14285714285714285,6,6,GTAGGTGTGGGAAAAGTCTA,0,857987
dgoRp,0.14285714285714285,6,6,GTAGGGGCATATCTTGTCAG,0,858597
dgoRp,0.14285714285714285,6,6,GTAGCTTATCGGTGTGAGAC,0,847219
dgoRp,0.14285714285714285,6,6,GTAGCCCTAGCAGAAGGTCT,0,843841
dgoRp,0.14285714285714285,6,6,GTAGAATTAGAGTTCTCGTT,0,845547
dgoRp,0.14285714285714285,6,6,GTACCATGTATACTGGCGCA,0,855173
dgoRp,0.14285714285714285,6,6,GTACATGACCGGGATCTACC,0,846000
dgoRp,0.14285714285714285,6,6,GTAAAATGTTACCGACCGCT,0,847747
dgoRp,0.14285714285714285,6,6,GGTTATGAGCCCTTGAGTAT,0,836812
dgoRp,0.14285714285714285,6,6,GGTGGGTGTAGCAAGAAGCA,0,847301
dgoRp,0.14285714285714285,6,6,GGTGGGAAGCTTTTTGGTGA,0,846471
dgoRp,0.14285714285714285,6,6,GGTGCCTTTACAATCAAAAT,0,841710
dgoRp,0.14285714285714285,6,6,GGTGAGCATAGAACCGGCTC,0,844618
dgoRp,0.14285714285714285,6,6,GGTCCTATTAGGTACTACGT,0,855979
dgoRp,0.14285714285714285,6,6,GGTATCCCTGACTAAATGGA,0,848579
dgoRp,0.14285714285714285,6,6,GGTAGTGGCCACAGGGAACA,0,856567
dgoRp,0.14285714285714285,6,6,GGTACATTGAATTCACGGGA,0,858185
dgoRp,0.14285714285714285,6,6,GGTAAGGTATCTCTACCCAA,0,854112
dgoRp,0.14285714285714285,6,6,GGGTAGTCCACCGCAATGGT,0,841479
dgoRp,0.14285714285714285,6,6,GGGGTGTTCTCCTTGTGAGA,0,858701
dgoRp,0.14285714285714285,6,6,GGGGGTTCGCTACGAAGGTG,0,855068
dgoRp,0.14285714285714285,6,6,GGGCCTTTTCGTATGTTCAC,0,850762
dgoRp,0.14285714285714285,6,6,GGGCCACCCTGACACTGGAA,0,857906
dgoRp,0.14285714285714285,6,6,GGGCAGCCTATCGAGGGTGA,0,853400
dgoRp,0.14285714285714285,6,6,GGGAATAGGTCTGCTGGAGT,0,850689
dgoRp,0.14285714285714285,6,6,GGGAAGGTGGCGAAGATACT,0,862127
dgoRp,0.14285714285714285,6,6,GGCTGTGTGACGCAGTCCTC,0,841597
dgoRp,0.14285714285714285,6,6,GGCTAGGAGAAGCTCGTTAT,0,851582
dgoRp,0.14285714285714285,6,6,GGCTAGGACTGCTCATCATT,0,843399
dgoRp,0.14285714285714285,6,6,GGCGTTCTTCGGGATGTATA,0,861143
dgoRp,0.14285714285714285,6,6,GGCCGTCCATCAGGCCTGCA,0,838400
dgoRp,0.14285714285714285,6,6,GGCACAAGAGGGTGAAGTCA,0,842294
dgoRp,0.14285714285714285,6,6,GGAGAGTTGTAGCCATCATC,0,836108
dgoRp,0.14285714285714285,6,6,GGAACGGTCACAGCCCGGAT,0,854763
dgoRp,0.14285714285714285,6,6,GGAAACACTCTTAACGGACC,0,866526
dgoRp,0.14285714285714285,6,6,GCTTTTAAAACACCTACGTT,0,861417
dgoRp,0.14285714285714285,6,6,GCTTAGCTCAACTAATGTCT,0,856077
dgoRp,0.14285714285714285,6,6,GCTGCTGACAGTCCTAGCTG,0,839340
dgoRp,0.14285714285714285,6,6,GCTGATGCTTGGTAGCGTTA,0,838390
dgoRp,0.14285714285714285,6,6,GCTGACGTCAAACTTTTCGA,0,848938
dgoRp,0.14285714285714285,6,6,GCTCTACTCCATTCGCGGGG,0,862962
dgoRp,0.14285714285714285,6,6,GCTCCTCGTACTTGGCGTGA,0,852542
dgoRp,0.14285714285714285,6,6,GCTATGCATTCGTTCTGGGC,0,846590
dgoRp,0.14285714285714285,6,6,GCGTTGAGACAAAAACTGTT,0,843869
dgoRp,0.14285714285714285,6,6,GCGTCCCTTTGCCGTTTCTA,0,858508
dgoRp,0.14285714285714285,6,6,GCGTCATAGAGAATTGGCTA,0,836025
dgoRp,0.14285714285714285,6,6,GCCTTAAAGATAACCCAGAG,0,857912
dgoRp,0.14285714285714285,6,6,GCCGTTTAATCCGCCTGAGT,0,846049
dgoRp,0.14285714285714285,6,6,GCCGAAGCAGCATATTATCG,0,862058
dgoRp,0.14285714285714285,6,6,GCCCTGCCGGCTAATCTGCG,0,838631
dgoRp,0.14285714285714285,6,6,GCCCTCTCCACACGGTTCGC,0,837583
dgoRp,0.14285714285714285,6,6,GCCCTAACGGCTTGGGATAA,0,858919
dgoRp,0.14285714285714285,6,6,GCCCGCTGACGGAGAGAGAA,0,859440
dgoRp,0.14285714285714285,6,6,GCCCCAACGTAGTGGTTCAG,0,842546
dgoRp,0.14285714285714285,6,6,GCCCAATTCACCCGTTAGGT,0,851614
dgoRp,0.14285714285714285,6,6,GCATGCAGTTTGTATCCCGT,0,845910
dgoRp,0.14285714285714285,6,6,GCATCACACAGGATCGGACG,0,863666
dgoRp,0.14285714285714285,6,6,GCAGTTGCGAAAGTTCCTGG,0,843694
dgoRp,0.14285714285714285,6,6,GCAGCTGGTCTCTGAATCCA,0,861050
dgoRp,0.14285714285714285,6,6,GCACTTGGCAGAGTTACGAT,0,848544
dgoRp,0.14285714285714285,6,6,GCAAGCATCTACACTGGATG,0,861771
dgoRp,0.14285714285714285,6,6,GCAACATTAGACAACCTTTG,0,844572
dgoRp,0.14285714285714285,6,6,GATTTTGACTGGCGCACGTG,0,845387
dgoRp,0.14285714285714285,6,6,GATTTCACTTATGTTGATGT,0,838948
dgoRp,0.14285714285714285,6,6,GATTGTGCATTGTGCCGGCT,0,859093
dgoRp,0.14285714285714285,6,6,GATTACGGGCCAACCTGACT,0,852787
dgoRp,0.14285714285714285,6,6,GATGTATAAGTGCCTCTTGT,0,844845
dgoRp,0.14285714285714285,6,6,GATCGAATGGCGGGTTGGAC,0,843697
dgoRp,0.14285714285714285,6,6,GATCCTCGGTCGGCGGCGAG,0,837826
dgoRp,0.14285714285714285,6,6,GATAGAGCTCTAATACTCGG,0,857832
dgoRp,0.14285714285714285,6,6,GAGGGCGGGGAAGCGGCGTG,0,862547
dgoRp,0.14285714285714285,6,6,GAGCTTTTGAAGTCAGGGCT,0,851210
dgoRp,0.14285714285714285,6,6,GAGCGGCGAAATTACCAGCC,0,844874
dgoRp,0.14285714285714285,6,6,GAGCCAATCTGGCGTGTTAG,0,841955
dgoRp,0.14285714285714285,6,6,GAGATTGAACGTTTTCACGA,0,861679
dgoRp,0.14285714285714285,6,6,GAGAGCCGTAACGTTGGAAT,0,864725
dgoRp,0.14285714285714285,6,6,GAGACACATGCGGGCCTCGT,0,840086
dgoRp,0.14285714285714285,6,6,GAGAAGCACATAGCAAAGGA,0,847957
dgoRp,0.14285714285714285,6,6,GAGAAACATTATCCAGGGAA,0,856304
dgoRp,0.14285714285714285,6,6,GACTCTGAACTTCAATGGGT,0,862684
dgoRp,0.14285714285714285,6,6,GACTCGCGCGCCTGGAACTC,0,844794
dgoRp,0.14285714285714285,6,6,GACCTTACGGCCCGCAGACG,0,836424
dgoRp,0.14285714285714285,6,6,GAATTCGTGGATACCTCGAT,0,847440
dgoRp,0.14285714285714285,6,6,GAATGGTGAAATAAACGGAT,0,845138
dgoRp,0.14285714285714285,6,6,GAATCGCAACGGGCGTGCGC,0,846702
dgoRp,0.14285714285714285,6,6,GAATACCTAATATAACGGGA,0,836980
dgoRp,0.14285714285714285,6,6,GAACGTGGAGGATTACTTTC,0,855831
dgoRp,0.14285714285714285,6,6,GAACGGATCATGCATAGGTT,0,844173
dgoRp,0.14285714285714285,6,6,CTTTGGGTGGCCCAAATTCG,0,849144
dgoRp,0.14285714285714285,6,6,CTTTGCGTCCTCGCCGCAAC,0,857848
dgoRp,0.14285714285714285,6,6,CTTGAATTTTCGCTTGTAGG,0,855452
dgoRp,0.14285714285714285,6,6,CTTCGCGCTTGTGGGTGAAC,0,864404
dgoRp,0.14285714285714285,6,6,CTTATAGAGGCGTATTAAAG,0,837171
dgoRp,0.14285714285714285,6,6,CTTACGGTAATCTTCGGCGC,0,837804
dgoRp,0.14285714285714285,6,6,CTTACATGGCATGAGAGACA,0,852574
dgoRp,0.14285714285714285,6,6,CTTAATGCAAAATCGTCCTT,0,841675
dgoRp,0.14285714285714285,6,6,CTTAAGAATGATTTTTCAAT,0,839910
dgoRp,0.14285714285714285,6,6,CTTAAAGCACATTAAGGTGA,0,861845
dgoRp,0.14285714285714285,6,6,CTGGGGTGATGACCAGGGAA,0,864844
dgoRp,0.14285714285714285,6,6,CTGCCGATCGAGAGGTATCA,0,858190
dgoRp,0.14285714285714285,6,6,CTGATCTGATTACCCGCGGG,0,850023
dgoRp,0.14285714285714285,6,6,CTGACGTGAACTTCGGATAA,0,848652
dgoRp,0.14285714285714285,6,6,CTGACGTCAGTAGTATACGA,0,847801
dgoRp,0.14285714285714285,6,6,CTCTTTTTTACTAACCTGCC,0,865162
dgoRp,0.14285714285714285,6,6,CTCGTCGAAAGACGGTTTGC,0,852789
dgoRp,0.14285714285714285,6,6,CTCGCTGGACGTGCTCGCAG,0,851212
dgoRp,0.14285714285714285,6,6,CTCGCACCAACTAGCGGTTA,0,856174
dgoRp,0.14285714285714285,6,6,CTCCGTTTCAGGACGGCCCT,0,862650
dgoRp,0.14285714285714285,6,6,CTCCCCGGTGCGGAAGCCGC,0,843247
dgoRp,0.14285714285714285,6,6,CTACGTTTGTCCCGCGTTTG,0,858977
dgoRp,0.14285714285714285,6,6,CTACCCCGCGTGCTTTTTTT,0,847961
dgoRp,0.14285714285714285,6,6,CTACAGGATCGGGCTTATTC,0,854329
dgoRp,0.14285714285714285,6,6,CTAACTTTGTCATCAGGTTC,0,838191
dgoRp,0.14285714285714285,6,6,CGTTTGACTTAGGGGACCAC,0,847166
dgoRp,0.14285714285714285,6,6,CGTGGGAGGAACTGAGTTTC,0,848689
dgoRp,0.14285714285714285,6,6,CGTGCACAGCGGCGGAACTT,0,853776
dgoRp,0.14285714285714285,6,6,CGTCTGTATTGAGGGATTGT,0,842844
dgoRp,0.14285714285714285,6,6,CGTCACATTGAAGCTCCGAT,0,837608
dgoRp,0.14285714285714285,6,6,CGGTCCGAAATGTGAGCACT,0,851206
dgoRp,0.14285714285714285,6,6,CGGTAACGCCCGACCGGGAT,0,843162
dgoRp,0.14285714285714285,6,6,CGGGTCATCCTCAAGTTCTC,0,839130
dgoRp,0.14285714285714285,6,6,CGGGACCGTGAACGAGACTC,0,854266
dgoRp,0.14285714285714285,6,6,CGGCTGTGTAATCACGCGTC,0,846824
dgoRp,0.14285714285714285,6,6,CGGCAGGTGTAATAGGGCTG,0,845468
dgoRp,0.14285714285714285,6,6,CGGACTCGTAGTACGAATCT,0,865032
dgoRp,0.14285714285714285,6,6,CGCGTTATGACTGCATAGGA,0,865506
dgoRp,0.14285714285714285,6,6,CGCGCCGTGTAGTGGCTGGC,0,858792
dgoRp,0.14285714285714285,6,6,CGCGCCGGTTAAATTTCTTA,0,862509
dgoRp,0.14285714285714285,6,6,CGCGAGTCGCTTGCCCCCAT,0,851016
dgoRp,0.14285714285714285,6,6,CGCCCATAGAGAACTGATAT,0,850766
dgoRp,0.14285714285714285,6,6,CGCCAACAGAACTACCACAA,0,858864
dgoRp,0.14285714285714285,6,6,CGCAGTGGCGGCAATTACTT,0,839882
dgoRp,0.14285714285714285,6,6,CGCAGCTACTCATAAAACTC,0,854436
dgoRp,0.14285714285714285,6,6,CGCAGACTGCAAAATTCGCG,0,850438
dgoRp,0.14285714285714285,6,6,CGCACTCGCTTAATGGGTGT,0,845158
dgoRp,0.14285714285714285,6,6,CGATTCTAACTCGGGTGGAA,0,859420
dgoRp,0.14285714285714285,6,6,CGATAATTGACTGGTACCCA,0,851745
dgoRp,0.14285714285714285,6,6,CGAGTTCTATCCTGTGGCAT,0,850660
dgoRp,0.14285714285714285,6,6,CGACTTACTACAGAGCGAGG,0,849684
dgoRp,0.14285714285714285,6,6,CGAAGGCAGAATGGCTGGGG,0,838244
dgoRp,0.14285714285714285,6,6,CCTTGCCGCATCCAATGAAA,0,861191
dgoRp,0.14285714285714285,6,6,CCTTCGCGCACCGCGGACTA,0,853731
dgoRp,0.14285714285714285,6,6,CCTGTTCCTAATCACAAGCG,0,861837
dgoRp,0.14285714285714285,6,6,CCTGGCTCCCACGCCGAATT,0,865727
dgoRp,0.14285714285714285,6,6,CCTGGCCCCCAACGTCTCAA,0,858824
dgoRp,0.14285714285714285,6,6,CCTGAGTCAAGTAGGCCCGA,0,862669
dgoRp,0.14285714285714285,6,6,CCTCTCAGGTAGCACGGGGT,0,841158
dgoRp,0.14285714285714285,6,6,CCTCCTGGCTCCAACCATTG,0,852871
dgoRp,0.14285714285714285,6,6,CCTCAAGGTACCGCGACCCG,0,848871
dgoRp,0.14285714285714285,6,6,CCTCAAGCGGATATATTTTA,0,840423
dgoRp,0.14285714285714285,6,6,CCTAGCACCGTTACTGACGG,0,856382
dgoRp,0.14285714285714285,6,6,CCTAACTTATCGGTCAAATC,0,858838
dgoRp,0.14285714285714285,6,6,CCGTGGTCCAGACTGAATTT,0,865120
dgoRp,0.14285714285714285,6,6,CCGTGAAGTGCGGATTATCG,0,854873
dgoRp,0.14285714285714285,6,6,CCGTACTTCCGCTGGGAAGC,0,860952
dgoRp,0.14285714285714285,6,6,CCGTAACCGAATTAGCACCT,0,862020
dgoRp,0.14285714285714285,6,6,CCGGTGGATATCTGGCCAGA,0,857811
dgoRp,0.14285714285714285,6,6,CCGGGGTACGTCCTAGACTC,0,838477
dgoRp,0.14285714285714285,6,6,CCGGGCCATCGAATTGCGGA,0,843674
dgoRp,0.14285714285714285,6,6,CCGCAAGTTTATGAAACACG,0,853625
dgoRp,0.14285714285714285,6,6,CCGAGTTCCATGACTCCTTA,0,863209
dgoRp,0.14285714285714285,6,6,CCGACGGCCCGAGCGTCATG,0,863672
dgoRp,0.14285714285714285,6,6,CCCTGTACGGGGCAAGATTC,0,843396
dgoRp,0.14285714285714285,6,6,CCCTCGTGAGCGAGGGACTG,0,840460
dgoRp,0.14285714285714285,6,6,CCCGCCATTACGGCGATGAA,0,841988
dgoRp,0.14285714285714285,6,6,CCCGCCACGCTGTAAAGGCC,0,843779
dgoRp,0.14285714285714285,6,6,CCCAGCACTGGCCCACAGGT,0,845333
dgoRp,0.14285714285714285,6,6,CCAGTTGATGTCAACCAATG,0,863978
dgoRp,0.14285714285714285,6,6,CCAGGTTCTGGGCGAAGCGA,0,864525
dgoRp,0.14285714285714285,6,6,CCAACGGCCTCGTCATCATA,0,842587
dgoRp,0.14285714285714285,6,6,CCAAAAGAACGATGACCGGC,0,850616
dgoRp,0.14285714285714285,6,6,CATTTGCACCCAAGTGAGGG,0,863691
dgoRp,0.14285714285714285,6,6,CATGTCAAAAAAGTACTTCT,0,853852
dgoRp,0.14285714285714285,6,6,CATGGTGCGGCCACCAAAGT,0,851037
dgoRp,0.14285714285714285,6,6,CATGAAAATTGGAAGAGCGA,0,844279
dgoRp,0.14285714285714285,6,6,CATCGTCCGCTTCCAGCGAT,0,849299
dgoRp,0.14285714285714285,6,6,CATCCCAATGGGAAAGCGTC,0,858813
dgoRp,0.14285714285714285,6,6,CATCAGTAGCGTTGCGTTAT,0,838630
dgoRp,0.14285714285714285,6,6,CATCACATCAATGTAACGTG,0,837753
dgoRp,0.14285714285714285,6,6,CATATTGAGATCGGATCTAT,0,858554
dgoRp,0.14285714285714285,6,6,CATAGCACGTTAATCGGACG,0,862900
dgoRp,0.14285714285714285,6,6,CAGTTAAAAGGGAGTGGCCT,0,856592
dgoRp,0.14285714285714285,6,6,CAGTGCTCTCGGGTTCGGAT,0,842709
dgoRp,0.14285714285714285,6,6,CAGGGCGTTCTTCATAATGA,0,842661
dgoRp,0.14285714285714285,6,6,CAGGGCGCGCTGGAATAGAC,0,863310
dgoRp,0.14285714285714285,6,6,CAGGCCGCCATTGGCTTCTT,0,838018
dgoRp,0.14285714285714285,6,6,CAGCGAGTAACTAGAGGAGT,0,861130
dgoRp,0.14285714285714285,6,6,CAGCCAACAGAACTCGCCGT,0,848969
dgoRp,0.14285714285714285,6,6,CAGCATTCCTACCGGCGCGT,0,836781
dgoRp,0.14285714285714285,6,6,CAGCACGTGGCGCTCATTGA,0,859890
dgoRp,0.14285714285714285,6,6,CAGAGTAGAGAACGGTTCAT,0,866039
dgoRp,0.14285714285714285,6,6,CAGACCGGGCTCTGTGGCAG,0,843380
dgoRp,0.14285714285714285,6,6,CACTCAGACGTCCGAAGGGG,0,836955
dgoRp,0.14285714285714285,6,6,CACGGGAATCCCAGACGTTC,0,849227
dgoRp,0.14285714285714285,6,6,CACGAGTCAATCGACCAAAT,0,853986
dgoRp,0.14285714285714285,6,6,CACCTTCACCTGTCTTGCAA,0,866715
dgoRp,0.14285714285714285,6,6,CACCAGTACGCTATAACAGT,0,848782
dgoRp,0.14285714285714285,6,6,CACCACGCAACCAGCAATGA,0,862591
dgoRp,0.14285714285714285,6,6,CACATAGAGGTCATACAGGA,0,855293
dgoRp,0.14285714285714285,6,6,CACAAGGGACCGATCTTCGC,0,847014
dgoRp,0.14285714285714285,6,6,CAATGGCCCAGCCCGCTGGC,0,846970
dgoRp,0.14285714285714285,6,6,CAATACTCCAAACGGAGATT,0,864149
dgoRp,0.14285714285714285,6,6,CAAGACGCCCATACCACTTT,0,840744
dgoRp,0.14285714285714285,6,6,CAACATTCGTAGCTACAACA,0,849953
dgoRp,0.14285714285714285,6,6,CAAAGTTTCCCGCGGGTGGT,0,852364
dgoRp,0.14285714285714285,6,6,ATTTGCGAAGCATCGTGTAC,0,856043
dgoRp,0.14285714285714285,6,6,ATTTCGGATGTGCTTGATAT,0,845708
dgoRp,0.14285714285714285,6,6,ATTTCCACATATGAATAGGT,0,852096
dgoRp,0.14285714285714285,6,6,ATTTAGAGGAATGTCAGCCA,0,845447
dgoRp,0.14285714285714285,6,6,ATTGGACTTGTACCTCCGTT,0,847544
dgoRp,0.14285714285714285,6,6,ATTCTCTATGATGACGCACC,0,843283
dgoRp,0.14285714285714285,6,6,ATTCAATCGTCCCAGAGATA,0,838718
dgoRp,0.14285714285714285,6,6,ATGGTTCAGTATGGGAGAAC,0,859229
dgoRp,0.14285714285714285,6,6,ATGGTCAAGACGGATCTGGC,0,859338
dgoRp,0.14285714285714285,6,6,ATGGGTGATACAAAGGGTTT,0,854305
dgoRp,0.14285714285714285,6,6,ATGGGCGCTACGTTAGATTG,0,865396
dgoRp,0.14285714285714285,6,6,ATGGGAAATGGCGCGAGGAG,0,854754
dgoRp,0.14285714285714285,6,6,ATGGAAACCTCCTTTAGGAC,0,842455
dgoRp,0.14285714285714285,6,6,ATGCCAGGGTTAATGTAGGT,0,853030
dgoRp,0.14285714285714285,6,6,ATGCAGTGACTATCTGTCAT,0,861054
dgoRp,0.14285714285714285,6,6,ATGCAATGTGATGCGTTTGA,0,857048
dgoRp,0.14285714285714285,6,6,ATGAGTATTGTACTGAGTTA,0,858601
dgoRp,0.14285714285714285,6,6,ATGAGATACTTAGACTGCCA,0,843940
dgoRp,0.14285714285714285,6,6,ATGAAGCGCGCGGCTAAAAT,0,835876
dgoRp,0.14285714285714285,6,6,ATCTCCATCTTAATGCAATC,0,843281
dgoRp,0.14285714285714285,6,6,ATCGTATATGCTTAAGGTAA,0,859171
dgoRp,0.14285714285714285,6,6,ATCGGCACAATGACCCTACT,0,843919
dgoRp,0.14285714285714285,6,6,ATCAGCGGTCAGACCAGGAA,0,850847
dgoRp,0.14285714285714285,6,6,ATATTGTAGTGTCACTCGTG,0,850580
dgoRp,0.14285714285714285,6,6,ATATGTCATAAACCAAAGTA,0,867166
dgoRp,0.14285714285714285,6,6,ATATGCGCAGTAAACAGTTA,0,845080
dgoRp,0.14285714285714285,6,6,ATATGCCCGACAAATGACGA,0,855504
dgoRp,0.14285714285714285,6,6,ATATCTGTGAGAACATGTGT,0,844448
dgoRp,0.14285714285714285,6,6,ATAGTTCAGGTGGCTAGATG,0,844272
dgoRp,0.14285714285714285,6,6,ATAGCGTTGCCGAAAGAAGT,0,845693
dgoRp,0.14285714285714285,6,6,ATAGAGGGTTGAACATAAGC,0,860170
dgoRp,0.14285714285714285,6,6,ATACCTCCGGGGTTACTGCT,0,850509
dgoRp,0.14285714285714285,6,6,ATACATGTAACATACGGTTA,0,848522
dgoRp,0.14285714285714285,6,6,ATACAGCGAGTAATCGTATC,0,839983
dgoRp,0.14285714285714285,6,6,ATAATCTGGGGTTATCCCCA,0,836105
dgoRp,0.14285714285714285,6,6,ATAACAAGCATAGTCTTCTC,0,858994
dgoRp,0.14285714285714285,6,6,AGTTTATTTAAGTTCGAACG,0,848991
dgoRp,0.14285714285714285,6,6,AGTTCTATACGCAGCCGGAG,0,862211
dgoRp,0.14285714285714285,6,6,AGTTCCCTCAGTACGTCTCA,0,852907
dgoRp,0.14285714285714285,6,6,AGTGCGGAAGCTGTCTAAGT,0,846456
dgoRp,0.14285714285714285,6,6,AGTGCGCCGAGAATACCTAA,0,841664
dgoRp,0.14285714285714285,6,6,AGTCTAGTTCTAGGGGTTAC,0,861198
dgoRp,0.14285714285714285,6,6,AGTCCTTGCTAGTGCAACGA,0,848981
dgoRp,0.14285714285714285,6,6,AGTCATAATCCTGCTACATC,0,845422
dgoRp,0.14285714285714285,6,6,AGTAGTCTATACTTACGTTC,0,865779
dgoRp,0.14285714285714285,6,6,AGTAGATGCGCGCCCTTGAA,0,837592
dgoRp,0.14285714285714285,6,6,AGGTTGGGTTCCCCCAAATG,0,845090
dgoRp,0.14285714285714285,6,6,AGGTTCTTCCCTATTGATCC,0,841437
dgoRp,0.14285714285714285,6,6,AGGTAATCTAAGTAGTCGCA,0,859971
dgoRp,0.14285714285714285,6,6,AGGGTGGACTAACCTCGTCC,0,860205
dgoRp,0.14285714285714285,6,6,AGGGTATAATACACCATCGT,0,847942
dgoRp,0.14285714285714285,6,6,AGGGGTTCTCGTGTATCGCA,0,863273
dgoRp,0.14285714285714285,6,6,AGGGGCGAGCTAATACATGG,0,841088
dgoRp,0.14285714285714285,6,6,AGGGGACAATCGCGTGGAGT,0,846190
dgoRp,0.14285714285714285,6,6,AGGGACGGTCTATTGGCAGA,0,840252
dgoRp,0.14285714285714285,6,6,AGGCTGTGTGGATAGCTACT,0,855147
dgoRp,0.14285714285714285,6,6,AGGCAGCTTGCCAATTATGA,0,837936
dgoRp,0.14285714285714285,6,6,AGGAGTATTTATCTATGGAC,0,861291
dgoRp,0.14285714285714285,6,6,AGGACTATGTCACGCGACAA,0,840339
dgoRp,0.14285714285714285,6,6,AGGAAGTCCGAAGGTGGCTC,0,854418
dgoRp,0.14285714285714285,6,6,AGCTTTGGCTAGTCAGCGAG,0,851251
dgoRp,0.14285714285714285,6,6,AGCTGAATTGATTACGGCTA,0,859690
dgoRp,0.14285714285714285,6,6,AGCTACCCTTGGTTCGCCAT,0,855436
dgoRp,0.14285714285714285,6,6,AGCTACAGGCCGAGATAGTG,0,838458
dgoRp,0.14285714285714285,6,6,AGCCACTGGTGGTACTAGCT,0,859678
dgoRp,0.14285714285714285,6,6,AGCAGTGTGCAATTGCTGGG,0,842576
dgoRp,0.14285714285714285,6,6,AGCAACTTCCGTTTCCGGTG,0,853989
dgoRp,0.14285714285714285,6,6,AGCAACGGCGTCAACGCACA,0,836141
dgoRp,0.14285714285714285,6,6,AGATCTAATATAACGATTAT,0,837784
dgoRp,0.14285714285714285,6,6,AGAGTTTTCTCAGGCGACCT,0,859528
dgoRp,0.14285714285714285,6,6,AGAGGGGGACAAGTAATGGC,0,837918
dgoRp,0.14285714285714285,6,6,AGAAGTGCAGTCCACAATCG,0,858713
dgoRp,0.14285714285714285,6,6,AGAACCGCCCGGAAAGTCCT,0,847280
dgoRp,0.14285714285714285,6,6,AGAACATCAAAGTGTGTCAG,0,862304
dgoRp,0.14285714285714285,6,6,ACTTGTAATCCTCTATGCCG,0,866746
dgoRp,0.14285714285714285,6,6,ACTTCGAAAGGTAAATGTTG,0,850369
dgoRp,0.14285714285714285,6,6,ACTGGTTGTCATGGTCCTGG,0,845755
dgoRp,0.14285714285714285,6,6,ACTATGTTCCACATACGAAG,0,836011
dgoRp,0.14285714285714285,6,6,ACGTGGGCAACTACCTAGTC,0,858779
dgoRp,0.14285714285714285,6,6,ACGTCTACGCCAATCCAGTG,0,842154
dgoRp,0.14285714285714285,6,6,ACGTCGCCACGCGGATGCTA,0,847209
dgoRp,0.14285714285714285,6,6,ACGTAAGTTAGAGCCAGCAA,0,857251
dgoRp,0.14285714285714285,6,6,ACGGTGCACCCGTTCTGAAC,0,865167
dgoRp,0.14285714285714285,6,6,ACGGCCGTTGTCCGATAGTT,0,837448
dgoRp,0.14285714285714285,6,6,ACGCTTTAATCGCTTAGGGT,0,854339
dgoRp,0.14285714285714285,6,6,ACGCGGGCACGGGGCTAGCC,0,867343
dgoRp,0.14285714285714285,6,6,ACGATGCCCTCGAACCTAGC,0,853875
dgoRp,0.14285714285714285,6,6,ACGATATAAGCTCGACAAGA,0,854483
dgoRp,0.14285714285714285,6,6,ACGAGGTAGGGATAATACTG,0,849434
dgoRp,0.14285714285714285,6,6,ACGACGGTTGTGTGATTGTT,0,866700
dgoRp,0.14285714285714285,6,6,ACCTTGAAGTAATTGGATTC,0,838909
dgoRp,0.14285714285714285,6,6,ACCGTACGTGCTGAAGAGCT,0,852720
dgoRp,0.14285714285714285,6,6,ACCGTAACTTTCCGTCATAA,0,848993
dgoRp,0.14285714285714285,6,6,ACCGCACGTGGAGTGACGTG,0,841890
dgoRp,0.14285714285714285,6,6,ACCCGGCCCTGAATCTTCTA,0,836235
dgoRp,0.14285714285714285,6,6,ACCACAACGGGCCATATCAT,0,854486
dgoRp,0.14285714285714285,6,6,ACATTATAAACTTCATACCG,0,837402
dgoRp,0.14285714285714285,6,6,ACATCTGAGACAGGTATGTG,0,865849
dgoRp,0.14285714285714285,6,6,ACATCGAGCGTGTAAACTGA,0,837999
dgoRp,0.14285714285714285,6,6,ACAGGTGCTAGGTGATGGGA,0,840130
dgoRp,0.14285714285714285,6,6,ACACTTGGCGGTTGTCTATT,0,847837
dgoRp,0.14285714285714285,6,6,ACACTGCGGGTACACCATCG,0,848179
dgoRp,0.14285714285714285,6,6,ACAATCTAGCGTACCCGGGT,0,855423
dgoRp,0.14285714285714285,6,6,ACAAAGACCTTGCGTCAAGC,0,840087
dgoRp,0.14285714285714285,6,6,AATTTGGCCGCTGTTGGATC,0,846331
dgoRp,0.14285714285714285,6,6,AATTTGAATGGCTGCTTACA,0,852181
dgoRp,0.14285714285714285,6,6,AATTGATTCTACGGGAAAGG,0,854027
dgoRp,0.14285714285714285,6,6,AATGAATGCTCACCAGTTTC,0,865860
dgoRp,0.14285714285714285,6,6,AATGAATAACCTATGTCCCA,0,862933
dgoRp,0.14285714285714285,6,6,AATCCGCCGGTGGGTCTGTT,0,852319
dgoRp,0.14285714285714285,6,6,AATAGCGTGGCTAGTAGGAG,0,839325
dgoRp,0.14285714285714285,6,6,AAGTATTGGGAATCGTACGA,0,843899
dgoRp,0.14285714285714285,6,6,AAGGAATTCAACTGTGCTGC,0,864550
dgoRp,0.14285714285714285,6,6,AAGCGGAGTTGGTCTCGCCT,0,863931
dgoRp,0.14285714285714285,6,6,AAGCGCTCCAACTACCACTG,0,851224
dgoRp,0.14285714285714285,6,6,AAGATTGAATACACACTTTC,0,836002
dgoRp,0.14285714285714285,6,6,AAGAAGTCAGGTGGCCAAGT,0,838276
dgoRp,0.14285714285714285,6,6,AACTGATATTAACAGTCCAA,0,862507
dgoRp,0.14285714285714285,6,6,AACCATTAAGATCCATTTTC,0,863510
dgoRp,0.14285714285714285,6,6,AACAATTGTTACCAGTGGTG,0,845800
dgoRp,0.14285714285714285,6,6,AAATTGCACACGGCATATCA,0,853215
dgoRp,0.14285714285714285,6,6,AAACCTGTCTGCTTTTGAAA,0,847786
dgoRp,0.14285714285714285,6,6,AAACAGTATATAGTCTTCTC,0,864356
dgoRp,0.14285714285714285,6,6,AAAAGCACATACTAGAGGCT,0,847692
dgoRp,0.16666666666666666,5,5,TTTTTAGGCCCCAGAGAAAT,0,852665
dgoRp,0.16666666666666666,5,5,TTTTCGGCCTTGCCCTAATC,0,852275
dgoRp,0.16666666666666666,5,5,TTTTAGATGTATAAAACCAT,0,862561
dgoRp,0.16666666666666666,5,5,TTTGGGGGTGGAAACACTGA,0,855152
dgoRp,0.16666666666666666,5,5,TTTGGACCCGCGACGCTTGC,0,837738
dgoRp,0.16666666666666666,5,5,TTTATGATGTTCGGGCATTA,0,853750
dgoRp,0.16666666666666666,5,5,TTTAGGAGAACGACCTACAT,0,842834
dgoRp,0.16666666666666666,5,5,TTTAGCGCGCTTGGGTATTG,0,846541
dgoRp,0.16666666666666666,5,5,TTTACCACCACACACAAACT,0,848180
dgoRp,0.16666666666666666,5,5,TTTACAGACTACGGCTTAGT,0,856101
dgoRp,0.16666666666666666,5,5,TTTAACCAGACTAGGTTGGG,0,861702
dgoRp,0.16666666666666666,5,5,TTGTCACGGAGCAAGACTTT,0,836929
dgoRp,0.16666666666666666,5,5,TTGTCAAGGGGTGCAAATGC,0,850439
dgoRp,0.16666666666666666,5,5,TTGTCAAGACGCCCTGAGAG,0,851367
dgoRp,0.16666666666666666,5,5,TTGCATGACTATCCTAAAAT,0,866037
dgoRp,0.16666666666666666,5,5,TTGCATAAAGCAGGTCCGCA,0,865414
dgoRp,0.16666666666666666,5,5,TTCTGTGGGGTGCCTGGTTA,0,844494
dgoRp,0.16666666666666666,5,5,TTCGCGATGGGTGTGCGACA,0,852741
dgoRp,0.16666666666666666,5,5,TTCGAGGTCATTATGTATCG,0,843784
dgoRp,0.16666666666666666,5,5,TTCAGCGGCCCGTGCGGTGC,0,857020
dgoRp,0.16666666666666666,5,5,TTCACCGTTAGGAAGCTACA,0,840981
dgoRp,0.16666666666666666,5,5,TTCACCCTTGAGGTCGGGAT,0,843406
dgoRp,0.16666666666666666,5,5,TTATTTCCCCCTTCCCAATA,0,848217
dgoRp,0.16666666666666666,5,5,TTATTGTCGAAACATACACT,0,857206
dgoRp,0.16666666666666666,5,5,TTACTAACACTGGTTGCCCT,0,842799
dgoRp,0.16666666666666666,5,5,TTAATGTCTCATCCATGATT,0,846239
dgoRp,0.16666666666666666,5,5,TTAACTCAGGGTGTGGCATT,0,864251
dgoRp,0.16666666666666666,5,5,TGTTTCGCAATAAGGACCAT,0,836451
dgoRp,0.16666666666666666,5,5,TGTTGGCTGCGTCATTCGGA,0,850320
dgoRp,0.16666666666666666,5,5,TGTTGGATTTATAACCAGAG,0,861549
dgoRp,0.16666666666666666,5,5,TGTTATCGTTCCGCGCGGTG,0,852277
dgoRp,0.16666666666666666,5,5,TGTGTTGCAACTACTACCTA,0,858702
dgoRp,0.16666666666666666,5,5,TGTGTAATTGTGCCCCGCGG,0,838195
dgoRp,0.16666666666666666,5,5,TGTGGGGGCTTTGAAACTGC,0,845396
dgoRp,0.16666666666666666,5,5,TGTCGAGGCAATTTTCGCTT,0,857228
dgoRp,0.16666666666666666,5,5,TGTCCATCATTCAGTGCAAC,0,854821
dgoRp,0.16666666666666666,5,5,TGTATCATTCCCCATTGGAG,0,844866
dgoRp,0.16666666666666666,5,5,TGTAGAACCGCTGCTAGTTA,0,851218
dgoRp,0.16666666666666666,5,5,TGTAATGTTTTTTCGGCTGG,0,854351
dgoRp,0.16666666666666666,5,5,TGTAATGTTGCTGTTCTGCA,0,842595
dgoRp,0.16666666666666666,5,5,TGTAATACAAGGTATAGATA,0,842947
dgoRp,0.16666666666666666,5,5,TGGTGGGGCAATCGGGCTCT,0,839879
dgoRp,0.16666666666666666,5,5,TGGTCTGGGTTAGGTGACAG,0,848882
dgoRp,0.16666666666666666,5,5,TGGTCTAATTATACTCAGCT,0,853659
dgoRp,0.16666666666666666,5,5,TGGTCGCGAGGTACGGGGTC,0,864178
dgoRp,0.16666666666666666,5,5,TGGGGGGGAATCACTTTTGG,0,845557
dgoRp,0.16666666666666666,5,5,TGGCTCAGTAGTTTGATAGT,0,842540
dgoRp,0.16666666666666666,5,5,TGGATTGAAGTCTACAGGCA,0,865443
dgoRp,0.16666666666666666,5,5,TGGATATGTTGCAAGAATGG,0,846530
dgoRp,0.16666666666666666,5,5,TGCTACGGATTCTTTATCCT,0,858576
dgoRp,0.16666666666666666,5,5,TGCGTGGGTCCTATTCCCTG,0,844121
dgoRp,0.16666666666666666,5,5,TGCGGTACCGGAGGCGTTGG,0,857050
dgoRp,0.16666666666666666,5,5,TGCGGGGACGTCCAGATCAG,0,849064
dgoRp,0.16666666666666666,5,5,TGCGGACGATCGCTTTCGTG,0,840989
dgoRp,0.16666666666666666,5,5,TGCATCACCGGTCATTCCTT,0,844887
dgoRp,0.16666666666666666,5,5,TGCATAAGACGAGAATCTTG,0,863598
dgoRp,0.16666666666666666,5,5,TGCAGCCAGTTTAGGGTTAA,0,836088
dgoRp,0.16666666666666666,5,5,TGATTTGCTACAGCTAATCT,0,840203
dgoRp,0.16666666666666666,5,5,TGATGTACGGATATCTGGAC,0,862683
dgoRp,0.16666666666666666,5,5,TGATCCGGGCGAGCCATAGA,0,852462
dgoRp,0.16666666666666666,5,5,TGATCATGACCACACATATG,0,856395
dgoRp,0.16666666666666666,5,5,TGATATTGACCTTTGCGGCA,0,839241
dgoRp,0.16666666666666666,5,5,TGAGCCCTAAAGTGGAAAGA,0,858115
dgoRp,0.16666666666666666,5,5,TGAGAGTATGGGTGCCCGGG,0,857917
dgoRp,0.16666666666666666,5,5,TGACCCCCTCTTGTGTGTCG,0,857307
dgoRp,0.16666666666666666,5,5,TGAAGGCCGAGTACTCCTCG,0,847728
dgoRp,0.16666666666666666,5,5,TGAACTGAGGTCCAGGTAAA,0,861633
dgoRp,0.16666666666666666,5,5,TCTTTGGTTCCACATAGTAA,0,867028
dgoRp,0.16666666666666666,5,5,TCTTGCTTGTACTACACTTC,0,867354
dgoRp,0.16666666666666666,5,5,TCTTGAATACTGATCGATCT,0,843712
dgoRp,0.16666666666666666,5,5,TCTCTTGTCCTTGTGTCGCA,0,858575
dgoRp,0.16666666666666666,5,5,TCTAGTTCGGGCAACTATTC,0,859205
dgoRp,0.16666666666666666,5,5,TCTAGGCAGACTCCGTGTCT,0,848114
dgoRp,0.16666666666666666,5,5,TCTAATATCCAGCACTGCAG,0,837988
dgoRp,0.16666666666666666,5,5,TCGTTCCCAAGTTAGCACGG,0,838032
dgoRp,0.16666666666666666,5,5,TCGTTAATTGCCTTTGGATA,0,840640
dgoRp,0.16666666666666666,5,5,TCGTACGAAGACAATTAGGA,0,867008
dgoRp,0.16666666666666666,5,5,TCGGAAGTTCGGTACCCACA,0,866636
dgoRp,0.16666666666666666,5,5,TCGCTCCAAATAAATAACGT,0,860046
dgoRp,0.16666666666666666,5,5,TCGCGTGTAATAATGAGTCA,0,855776
dgoRp,0.16666666666666666,5,5,TCGCGGATGGACTGCAGATT,0,856849
dgoRp,0.16666666666666666,5,5,TCGATGGGTCTCCGCACCCT,0,854767
dgoRp,0.16666666666666666,5,5,TCGATATTCTTTATGCTCTC,0,843984
dgoRp,0.16666666666666666,5,5,TCGACGATCAATGATATTCA,0,860761
dgoRp,0.16666666666666666,5,5,TCGAATCACTGGATGATTTA,0,852402
dgoRp,0.16666666666666666,5,5,TCGAAAAGTGTGAGAGTACA,0,847259
dgoRp,0.16666666666666666,5,5,TCCTTAGAGATTCCGGTGCT,0,866562
dgoRp,0.16666666666666666,5,5,TCCTGGAGACAAGTAATCGC,0,837807
dgoRp,0.16666666666666666,5,5,TCCGTTTTCCAATCAGTCCT,0,843446
dgoRp,0.16666666666666666,5,5,TCCCTGTGCACCTCCAGTTT,0,864627
dgoRp,0.16666666666666666,5,5,TCCCTAGGCCTATTGATTTG,0,852198
dgoRp,0.16666666666666666,5,5,TCCCGGATTATATGATTACC,0,836478
dgoRp,0.16666666666666666,5,5,TCCCCTGCTCATTACCTTGC,0,853611
dgoRp,0.16666666666666666,5,5,TCCAACATCATGAAGGACCG,0,849328
dgoRp,0.16666666666666666,5,5,TCATGTGACGGAACTGGGGT,0,844697
dgoRp,0.16666666666666666,5,5,TCATATCTAGGAGTTCAAGA,0,837141
dgoRp,0.16666666666666666,5,5,TCAGTTTCCTTATCCCAAAC,0,841805
dgoRp,0.16666666666666666,5,5,TCAGCGCGAGGTCTCTGAGT,0,849147
dgoRp,0.16666666666666666,5,5,TCAGACACTAGAGAATGATG,0,841361
dgoRp,0.16666666666666666,5,5,TCACCAGTCTCCAAAGCAAT,0,864064
dgoRp,0.16666666666666666,5,5,TCAAGTTAGAGCGACGTGGA,0,840942
dgoRp,0.16666666666666666,5,5,TCAACGGCGGTGCGAACCAT,0,854739
dgoRp,0.16666666666666666,5,5,TATTGGACTTTAGCTAGGTT,0,866293
dgoRp,0.16666666666666666,5,5,TATTATATGTCTATCAAATT,0,859318
dgoRp,0.16666666666666666,5,5,TATGCAGGAACACACCTGTC,0,838246
dgoRp,0.16666666666666666,5,5,TATCGGTTCTGCCCGTCCTG,0,856319
dgoRp,0.16666666666666666,5,5,TATCAGAAAGTTGCTCTATT,0,856748
dgoRp,0.16666666666666666,5,5,TATATGCTATGGTGCATGGA,0,852800
dgoRp,0.16666666666666666,5,5,TATAAGGTGATGGTACAATT,0,864710
dgoRp,0.16666666666666666,5,5,TAGATATACCAACTCTTTAG,0,856813
dgoRp,0.16666666666666666,5,5,TACTTTGTTCAATTCTCGAT,0,864817
dgoRp,0.16666666666666666,5,5,TACTCTTGGCTAACTTTACC,0,838526
dgoRp,0.16666666666666666,5,5,TACGGTATCACAATTTGTCC,0,855930
dgoRp,0.16666666666666666,5,5,TACGGGTGCGCAGATCTGAA,0,856400
dgoRp,0.16666666666666666,5,5,TACGCTCAGAGTGTAATTCA,0,867292
dgoRp,0.16666666666666666,5,5,TACGCGACAGTCAGACGAAG,0,864405
dgoRp,0.16666666666666666,5,5,TACGATAGTTTGATAACACT,0,852609
dgoRp,0.16666666666666666,5,5,TACGACTACTCGGCGGATGA,0,850538
dgoRp,0.16666666666666666,5,5,TACCTGGCTTGTACAGAAAG,0,860582
dgoRp,0.16666666666666666,5,5,TACCTAGGAGACATTATAAG,0,865448
dgoRp,0.16666666666666666,5,5,TACCGATGCCGTGGTGTGGT,0,842106
dgoRp,0.16666666666666666,5,5,TACATGCCTTGGATTGGGAA,0,860427
dgoRp,0.16666666666666666,5,5,TACACTAGCCAGCGTCTAGG,0,836843
dgoRp,0.16666666666666666,5,5,TACACGTCGGTGCAAGAAGC,0,837215
dgoRp,0.16666666666666666,5,5,TACAATGTGGAGTACCCGCA,0,851944
dgoRp,0.16666666666666666,5,5,TAAGGAGAATAGAGCTTGAA,0,857501
dgoRp,0.16666666666666666,5,5,TAAGGAGAAAGTGTTGAATA,0,853761
dgoRp,0.16666666666666666,5,5,TAACTTTCCAAGATCGTAAG,0,843023
dgoRp,0.16666666666666666,5,5,TAACGTATCTTCGATTGAAC,0,861436
dgoRp,0.16666666666666666,5,5,TAACGCGAATGAATGTTGTT,0,845681
dgoRp,0.16666666666666666,5,5,TAAACACGCCACGTGACCGT,0,866674
dgoRp,0.16666666666666666,5,5,GTTGAGGCTCGCGAGTATTT,0,839405
dgoRp,0.16666666666666666,5,5,GTTCTAAGGGGCAAATGATT,0,862676
dgoRp,0.16666666666666666,5,5,GTTCCTGGCATCCACCGTGC,0,841810
dgoRp,0.16666666666666666,5,5,GTTAGCTCCGTCAGGGCGTG,0,862338
dgoRp,0.16666666666666666,5,5,GTGTTGCGCCTACACCATTT,0,862914
dgoRp,0.16666666666666666,5,5,GTGTACGTGGTAATCGATGT,0,859861
dgoRp,0.16666666666666666,5,5,GTGTAACCCCTCACACACAG,0,847530
dgoRp,0.16666666666666666,5,5,GTGGTGCCTGGCTCGTTCAC,0,863763
dgoRp,0.16666666666666666,5,5,GTGGGAACAACGTCAAAAAA,0,837567
dgoRp,0.16666666666666666,5,5,GTGGCTGACACAGGGATTCC,0,854750
dgoRp,0.16666666666666666,5,5,GTGCTGTCCACCATTGAATC,0,853890
dgoRp,0.16666666666666666,5,5,GTGCGTGTCAGTCTGTCCTC,0,838997
dgoRp,0.16666666666666666,5,5,GTGCATTCGATCGTGATTAG,0,839411
dgoRp,0.16666666666666666,5,5,GTGAGTGCTATACGAACTGC,0,838957
dgoRp,0.16666666666666666,5,5,GTCTTCTATTTCCTGTATAT,0,858673
dgoRp,0.16666666666666666,5,5,GTCTGGGAGGGTTGTAACCC,0,843054
dgoRp,0.16666666666666666,5,5,GTCTCTCGGAGCCAGCGAAC,0,861414
dgoRp,0.16666666666666666,5,5,GTCTACATGACCGCGGTAAG,0,865837
dgoRp,0.16666666666666666,5,5,GTCGTTAGAATCTACGTTAG,0,855295
dgoRp,0.16666666666666666,5,5,GTCGCCCCGGGACTACGCCA,0,866962
dgoRp,0.16666666666666666,5,5,GTCGAAAATTCAGGCCCATG,0,862563
dgoRp,0.16666666666666666,5,5,GTATTTACCTGCGGATGGAG,0,853326
dgoRp,0.16666666666666666,5,5,GTATGCTAGACCTCCACGGT,0,865709
dgoRp,0.16666666666666666,5,5,GTATACCCACGCTTGTCTCC,0,840184
dgoRp,0.16666666666666666,5,5,GTACGTGTGGATCTAACGTC,0,846704
dgoRp,0.16666666666666666,5,5,GTACATGTAATAATACACAC,0,842865
dgoRp,0.16666666666666666,5,5,GTACATGGCAATATACGCGT,0,852846
dgoRp,0.16666666666666666,5,5,GTAATAATTCGTAATTTCTA,0,855394
dgoRp,0.16666666666666666,5,5,GGTTGCGATAACACCCATAA,0,863533
dgoRp,0.16666666666666666,5,5,GGTTCTGACCGCGAATTTCC,0,856406
dgoRp,0.16666666666666666,5,5,GGTTAGAGACGGTATCCCCA,0,858051
dgoRp,0.16666666666666666,5,5,GGTGTTATCCGGAGAAAAAG,0,838071
dgoRp,0.16666666666666666,5,5,GGTGTGCCCGGTCGGGTCTA,0,864179
dgoRp,0.16666666666666666,5,5,GGTGTCTACATTCGGGAATG,0,866638
dgoRp,0.16666666666666666,5,5,GGTGGTCATCTAAGACTCAA,0,864042
dgoRp,0.16666666666666666,5,5,GGTGGGTGGGCCGGTAGTAA,0,853175
dgoRp,0.16666666666666666,5,5,GGTCACTCGAAGGTGGTAAA,0,859765
dgoRp,0.16666666666666666,5,5,GGTCACGCCCCCTGATGGGG,0,836581
dgoRp,0.16666666666666666,5,5,GGTATTGGTTGGGTATCATC,0,835909
dgoRp,0.16666666666666666,5,5,GGTAGGCCGCCGGGATTTTA,0,854786
dgoRp,0.16666666666666666,5,5,GGTAAGGATCATATGGGTCT,0,863825
dgoRp,0.16666666666666666,5,5,GGTAAACACCCGTGACTGTC,0,863238
dgoRp,0.16666666666666666,5,5,GGGTGAAGGCAAAGGTGAGC,0,856259
dgoRp,0.16666666666666666,5,5,GGGTCTCCTCGCAGCGTACT,0,848879
dgoRp,0.16666666666666666,5,5,GGGTAGCTTCCAAATAAGAG,0,857469
dgoRp,0.16666666666666666,5,5,GGGGTCGCTGAGGTTCAGTC,0,865969
dgoRp,0.16666666666666666,5,5,GGGGGTCTCAGTCTAGGGGA,0,843809
dgoRp,0.16666666666666666,5,5,GGGGGGAAAGAACGGTGAGA,0,838490
dgoRp,0.16666666666666666,5,5,GGGCTGGGCCGGGTCTGGGA,0,861792
dgoRp,0.16666666666666666,5,5,GGGCGTGCACTTCGGGTCTT,0,865184
dgoRp,0.16666666666666666,5,5,GGGCGGCGTTTAATGCATCG,0,841943
dgoRp,0.16666666666666666,5,5,GGGCGCGGAACGTGGGCAGA,0,851817
dgoRp,0.16666666666666666,5,5,GGGCCTGAGGTCCTCATAAT,0,862544
dgoRp,0.16666666666666666,5,5,GGGCACTGAAGCTTTTTCTC,0,840010
dgoRp,0.16666666666666666,5,5,GGGAACACGGCAATCAAGTA,0,840121
dgoRp,0.16666666666666666,5,5,GGCTGGCAGATTAGGGTCTA,0,862557
dgoRp,0.16666666666666666,5,5,GGCTGCGGGGTTTAGCAGCA,0,844204
dgoRp,0.16666666666666666,5,5,GGCGTCATAGACCCATGGTA,0,842070
dgoRp,0.16666666666666666,5,5,GGCGGTGAGCGTCTCCGGCC,0,866739
dgoRp,0.16666666666666666,5,5,GGCAGTGTAGTACAAAGTCT,0,857120
dgoRp,0.16666666666666666,5,5,GGCACGGGAGGGGTTCTATG,0,842219
dgoRp,0.16666666666666666,5,5,GGATACGTCCTTATCGGCCC,0,849784
dgoRp,0.16666666666666666,5,5,GGATACAGCATGGGTAGTGT,0,848880
dgoRp,0.16666666666666666,5,5,GGAGTAATCTATAATGGTTG,0,862935
dgoRp,0.16666666666666666,5,5,GGACCTCGGGAATATCTCCA,0,865660
dgoRp,0.16666666666666666,5,5,GGACATTCCATAAACTTCCG,0,851440
dgoRp,0.16666666666666666,5,5,GGAATTATTTGGCGTTACGG,0,840807
dgoRp,0.16666666666666666,5,5,GCTTTGGGAATCCCTGGGAG,0,855685
dgoRp,0.16666666666666666,5,5,GCTTGTGGAGCAAGTGTTGA,0,849590
dgoRp,0.16666666666666666,5,5,GCTGCAGCACGAATCACTAT,0,861051
dgoRp,0.16666666666666666,5,5,GCTCTGGATTTAATTAGGTA,0,840976
dgoRp,0.16666666666666666,5,5,GCGTGGGTGAGCAGGTTAAT,0,853108
dgoRp,0.16666666666666666,5,5,GCGGCTCGAGAATTAGCAAT,0,846378
dgoRp,0.16666666666666666,5,5,GCGAGCTAAGGTATGCAATT,0,854951
dgoRp,0.16666666666666666,5,5,GCGACACTCGACTATCTGCC,0,850261
dgoRp,0.16666666666666666,5,5,GCCTTGATTTCGGGAAATAG,0,836426
dgoRp,0.16666666666666666,5,5,GCCCTGACTATATAAGGATC,0,848082
dgoRp,0.16666666666666666,5,5,GCCCAAATAATCCATGCCCC,0,863831
dgoRp,0.16666666666666666,5,5,GCCAGACACTGTTGATGTAG,0,867157
dgoRp,0.16666666666666666,5,5,GCCACAATAAAAGTTCGCGC,0,865705
dgoRp,0.16666666666666666,5,5,GCCAACAGTATATCGCGGCG,0,867234
dgoRp,0.16666666666666666,5,5,GCATTGTGTACGCGAACCAC,0,850322
dgoRp,0.16666666666666666,5,5,GCATGCATAGGAGGACTTGA,0,840363
dgoRp,0.16666666666666666,5,5,GCATCTGCTAGTAGCAAATA,0,844599
dgoRp,0.16666666666666666,5,5,GCATAGTACTCTACCAAGGT,0,864373
dgoRp,0.16666666666666666,5,5,GCATAGGGTTTGCCCCGCCA,0,854071
dgoRp,0.16666666666666666,5,5,GCAGTACGTATAGGTATGTA,0,840620
dgoRp,0.16666666666666666,5,5,GCACGCGTTCATACGGGTAA,0,846461
dgoRp,0.16666666666666666,5,5,GCACCTATTCGTACGATGTT,0,846868
dgoRp,0.16666666666666666,5,5,GCAATAACGTTCAATCAGCG,0,843772
dgoRp,0.16666666666666666,5,5,GCAAGTGGCTGCACTGCCGT,0,863936
dgoRp,0.16666666666666666,5,5,GATTCACTATCTGTGTAGGC,0,847036
dgoRp,0.16666666666666666,5,5,GATGAGTAAGCGACCATATT,0,843028
dgoRp,0.16666666666666666,5,5,GATCGTGTCGCAGTAATTGA,0,846069
dgoRp,0.16666666666666666,5,5,GATCGGGCACGTCGCTAAAT,0,838004
dgoRp,0.16666666666666666,5,5,GATCCGCCAACGCGAATTAG,0,853783
dgoRp,0.16666666666666666,5,5,GATATTCTGGATATTTTCTG,0,849422
dgoRp,0.16666666666666666,5,5,GATATATTCGGCGTTGTGTG,0,847578
dgoRp,0.16666666666666666,5,5,GATAGGACGGGACCCATCGT,0,862570
dgoRp,0.16666666666666666,5,5,GATAACTCACATCAGCGCTT,0,855682
dgoRp,0.16666666666666666,5,5,GAGTGTCAGTAGACACAGGT,0,862807
dgoRp,0.16666666666666666,5,5,GAGTCGTTTGTCTAGATCAG,0,837327
dgoRp,0.16666666666666666,5,5,GAGTCCCTGTTGCGGCGCGC,0,846358
dgoRp,0.16666666666666666,5,5,GAGTAAAACGAACGTCTAGG,0,848285
dgoRp,0.16666666666666666,5,5,GAGGCCAGAACTGCTTTCGA,0,837761
dgoRp,0.16666666666666666,5,5,GAGGATAGGAACCAGTTGCC,0,838377
dgoRp,0.16666666666666666,5,5,GAGGAGAATTTACACGAGGT,0,864595
dgoRp,0.16666666666666666,5,5,GAGGAATTGGGATATGTGTT,0,839235
dgoRp,0.16666666666666666,5,5,GAGCTGGGGCGCTCGGAGTA,0,854692
dgoRp,0.16666666666666666,5,5,GAGCGTCAAACCACGCAAGG,0,844022
dgoRp,0.16666666666666666,5,5,GAGATCGATCAGGCGTTTGT,0,837786
dgoRp,0.16666666666666666,5,5,GAGACTGTGCGTTGCTTCGC,0,836801
dgoRp,0.16666666666666666,5,5,GACTGTCCCGTGAGCCGTGT,0,837355
dgoRp,0.16666666666666666,5,5,GACTGGGTCAATATGGTACC,0,852024
dgoRp,0.16666666666666666,5,5,GACTCGGTCCTTTTTTTGCA,0,844471
dgoRp,0.16666666666666666,5,5,GACTAAAACTAGAGCTTATG,0,861498
dgoRp,0.16666666666666666,5,5,GACGCGACGTACTATAACTA,0,863237
dgoRp,0.16666666666666666,5,5,GACCGAGGAGTTCCCACGTA,0,866767
dgoRp,0.16666666666666666,5,5,GACCATGTTTCGCCCACCAG,0,839343
dgoRp,0.16666666666666666,5,5,GACATCTCCTATGCTCATTT,0,856529
dgoRp,0.16666666666666666,5,5,GACAGGATGTGGGTTATTCC,0,863196
dgoRp,0.16666666666666666,5,5,GACAGCGAGCGGATCCTAAG,0,863291
dgoRp,0.16666666666666666,5,5,GACAGCAGCATGGGACCTAA,0,837418
dgoRp,0.16666666666666666,5,5,GACACGTAACAATAACGGTA,0,858400
dgoRp,0.16666666666666666,5,5,GACAATCTCAAAGCGATATA,0,845309
dgoRp,0.16666666666666666,5,5,GACAAATGGGGTGTGGGTGT,0,842622
dgoRp,0.16666666666666666,5,5,GAATTTGTGGTAGCCTTAAC,0,841425
dgoRp,0.16666666666666666,5,5,GAATACCTAAGTTTACCAGA,0,840080
dgoRp,0.16666666666666666,5,5,GAACTATGAAATTGCGCCAT,0,867262
dgoRp,0.16666666666666666,5,5,GAACGTCATCGACTTGCTAG,0,853662
dgoRp,0.16666666666666666,5,5,GAACCGCATGCCGCGCGGTA,0,846372
dgoRp,0.16666666666666666,5,5,GAAAGGCGCGAGGCCAGACT,0,838599
dgoRp,0.16666666666666666,5,5,GAAAATCTCTAGGGACCCTC,0,844347
dgoRp,0.16666666666666666,5,5,GAAAAGATTGTAACGTGTGG,0,850821
dgoRp,0.16666666666666666,5,5,CTTTGTGGCTGAATCAAATA,0,855066
dgoRp,0.16666666666666666,5,5,CTTTCTGACCTGCGAAAGTT,0,852557
dgoRp,0.16666666666666666,5,5,CTTGTGGCCAACCGGTCGTA,0,867490
dgoRp,0.16666666666666666,5,5,CTTGGTGGAGAAGCATCCAT,0,851437
dgoRp,0.16666666666666666,5,5,CTTAGCTTGCAAAACTTGTG,0,838600
dgoRp,0.16666666666666666,5,5,CTTAGAAACTTGAGTAGAGT,0,861884
dgoRp,0.16666666666666666,5,5,CTTACTTTCCGATGACGGCC,0,845074
dgoRp,0.16666666666666666,5,5,CTGTCCACCGCCTGTTCCAG,0,859877
dgoRp,0.16666666666666666,5,5,CTGTAGTTCAATTTGGCGTA,0,843317
dgoRp,0.16666666666666666,5,5,CTGGAACTGGTCGGGCAGGG,0,858061
dgoRp,0.16666666666666666,5,5,CTGGAACAGGGGAATAGAAT,0,848863
dgoRp,0.16666666666666666,5,5,CTGCGTGAAATCCTGTGTAT,0,859564
dgoRp,0.16666666666666666,5,5,CTGCAATAGTTCGTAAAAGT,0,857617
dgoRp,0.16666666666666666,5,5,CTGAGATCGAAGAACACGGC,0,852093
dgoRp,0.16666666666666666,5,5,CTGACACGGCGTGAGGTGAG,0,856494
dgoRp,0.16666666666666666,5,5,CTGAAGCTACCACATGCTCT,0,848054
dgoRp,0.16666666666666666,5,5,CTCTTCCCGCCTGCCCGAAG,0,860888
dgoRp,0.16666666666666666,5,5,CTCTGGCTAGGAAGAAGTAA,0,855344
dgoRp,0.16666666666666666,5,5,CTCTGGAGAGGGGCTCCATT,0,866758
dgoRp,0.16666666666666666,5,5,CTCTGAGACTCGGAGGGCTG,0,856487
dgoRp,0.16666666666666666,5,5,CTCTCTGAACCCATGAGATC,0,852311
dgoRp,0.16666666666666666,5,5,CTCTCACGCGAAACGGGTCT,0,861077
dgoRp,0.16666666666666666,5,5,CTCTACCAGGCAGTAACCTT,0,855237
dgoRp,0.16666666666666666,5,5,CTCGTTATACGAGAGTTAAA,0,852745
dgoRp,0.16666666666666666,5,5,CTCGGCGGTGGGAGAAAGGG,0,861030
dgoRp,0.16666666666666666,5,5,CTCCGGAATACGGGTTCGGT,0,856444
dgoRp,0.16666666666666666,5,5,CTCACCCGACAGCTGCCGGA,0,865295
dgoRp,0.16666666666666666,5,5,CTCAAAGGAACGTTAACAAT,0,842578
dgoRp,0.16666666666666666,5,5,CTATGTACTTGCGTCAGGCT,0,858689
dgoRp,0.16666666666666666,5,5,CTATCTATTAGTTGCGGCGT,0,847587
dgoRp,0.16666666666666666,5,5,CTATCCTAGATATATAAAAG,0,845187
dgoRp,0.16666666666666666,5,5,CTATCAGTCACCTCTGAGTG,0,839573
dgoRp,0.16666666666666666,5,5,CTAGGGCGACAAAGGCTCAA,0,855073
dgoRp,0.16666666666666666,5,5,CTAGCACACCTATTCGTAAA,0,858267
dgoRp,0.16666666666666666,5,5,CTAGATTCCCTCTACCGACC,0,860885
dgoRp,0.16666666666666666,5,5,CTACTTGCGCGTGTTCATTT,0,860220
dgoRp,0.16666666666666666,5,5,CTACGGCATGCGAGGGAATT,0,856215
dgoRp,0.16666666666666666,5,5,CTACGCCAGCCAGATCGGTA,0,840411
dgoRp,0.16666666666666666,5,5,CTACGACTACGCATCCAAGA,0,852909
dgoRp,0.16666666666666666,5,5,CTACCTGCGCTTGCATACTG,0,855889
dgoRp,0.16666666666666666,5,5,CTACCTGATTTGGACGCTGC,0,839292
dgoRp,0.16666666666666666,5,5,CTAATCCCGGATCCAGGCCA,0,846092
dgoRp,0.16666666666666666,5,5,CGTTTTACAGCGTGGGTGGT,0,846946
dgoRp,0.16666666666666666,5,5,CGTTGCTACTTTCATACGAA,0,862290
dgoRp,0.16666666666666666,5,5,CGTGTTAAGAGCCTGCCTGA,0,854140
dgoRp,0.16666666666666666,5,5,CGTGGGGTACCTGATCAGCT,0,865699
dgoRp,0.16666666666666666,5,5,CGTGGCTTGATCGTGGCCGT,0,841815
dgoRp,0.16666666666666666,5,5,CGTGCCAAGCTGTAAACAAT,0,845318
dgoRp,0.16666666666666666,5,5,CGTGACTTCGAGCTCTCCGT,0,852766
dgoRp,0.16666666666666666,5,5,CGTCTCGCAGAGAAACTACA,0,845127
dgoRp,0.16666666666666666,5,5,CGTAGCATCCCGCTGGTTGT,0,841938
dgoRp,0.16666666666666666,5,5,CGGTCGGTATACTGATCAGA,0,845045
dgoRp,0.16666666666666666,5,5,CGGTATTGCGGTGATGATAA,0,846828
dgoRp,0.16666666666666666,5,5,CGGGTTTAACAGATGGACAA,0,856664
dgoRp,0.16666666666666666,5,5,CGGGGCCAGAAGAGGCGTGT,0,854534
dgoRp,0.16666666666666666,5,5,CGGGGCAACGACTTTCCAAA,0,850880
dgoRp,0.16666666666666666,5,5,CGGGATCCAAGGACCTAATC,0,838386
dgoRp,0.16666666666666666,5,5,CGGATTTTACGTACGAAGTT,0,860402
dgoRp,0.16666666666666666,5,5,CGCGTCGCAGTACGCACGTT,0,856546
dgoRp,0.16666666666666666,5,5,CGCGCACCCCTTTATAGTTT,0,857359
dgoRp,0.16666666666666666,5,5,CGCGATATTCGGTAACAACG,0,864891
dgoRp,0.16666666666666666,5,5,CGCCTTACAAGTTTGGGCCT,0,838618
dgoRp,0.16666666666666666,5,5,CGCCGATGGGCGGACACTTA,0,845998
dgoRp,0.16666666666666666,5,5,CGCCAGCTCAAATCACATCC,0,852484
dgoRp,0.16666666666666666,5,5,CGCCAATTGGGAATTTTATA,0,844384
dgoRp,0.16666666666666666,5,5,CGCATTCACTGCTCCGAAGA,0,857885
dgoRp,0.16666666666666666,5,5,CGCAGTAAAAGACGGCGATA,0,860652
dgoRp,0.16666666666666666,5,5,CGATTCCGTGCTGGACTCAT,0,848568
dgoRp,0.16666666666666666,5,5,CGAGGCCAGCGTCAAATCCT,0,856337
dgoRp,0.16666666666666666,5,5,CGAGCATCCAGTACGTGGTA,0,850386
dgoRp,0.16666666666666666,5,5,CGAGATTGCTGTGTTTTGAC,0,837178
dgoRp,0.16666666666666666,5,5,CGACGTCACGTATAGAATTT,0,839864
dgoRp,0.16666666666666666,5,5,CGACGGGTGGTAGGTAGGCT,0,837117
dgoRp,0.16666666666666666,5,5,CGACGGGAACGTACGGCTAG,0,860563
dgoRp,0.16666666666666666,5,5,CGACGGCGTTCGGACAAATC,0,863158
dgoRp,0.16666666666666666,5,5,CGACAGTACGAGGCAGACGA,0,838737
dgoRp,0.16666666666666666,5,5,CGAATTTCGAGGGAGGGACC,0,861508
dgoRp,0.16666666666666666,5,5,CGAATCCGCTGTGCGGTCTC,0,858706
dgoRp,0.16666666666666666,5,5,CGAACTCCCCTAGGGGATGG,0,853609
dgoRp,0.16666666666666666,5,5,CGAACGAAACTTTGGCCGTG,0,853421
dgoRp,0.16666666666666666,5,5,CCTTTGCAATATGCATGCAA,0,843535
dgoRp,0.16666666666666666,5,5,CCTGGACGCTTGCGGACCTT,0,847495
dgoRp,0.16666666666666666,5,5,CCTGCGTTGTGCACTGCGCA,0,856858
dgoRp,0.16666666666666666,5,5,CCTCGAGAAAGGTGAACCCA,0,840625
dgoRp,0.16666666666666666,5,5,CCTATGGTTTGCGTCAACGC,0,844349
dgoRp,0.16666666666666666,5,5,CCTAGGTGCGGGGGGTATAG,0,853859
dgoRp,0.16666666666666666,5,5,CCTAGACTATGCACCGAACA,0,863045
dgoRp,0.16666666666666666,5,5,CCTAAAGAAGCCGGCAAAAA,0,865863
dgoRp,0.16666666666666666,5,5,CCGTGGAAGTAGGGGGTCAG,0,851959
dgoRp,0.16666666666666666,5,5,CCGTCAAGCGGCTGCGTCAT,0,867136
dgoRp,0.16666666666666666,5,5,CCGTAGGTCGAGCACAGTCA,0,848693
dgoRp,0.16666666666666666,5,5,CCGGGTGACCTGCGCCCAGG,0,864840
dgoRp,0.16666666666666666,5,5,CCGGGCTACGCGTCTTAATA,0,866054
dgoRp,0.16666666666666666,5,5,CCGGCTAAAAACGCGTCGCT,0,856447
dgoRp,0.16666666666666666,5,5,CCGGCGGGGAGTAAGTCGAG,0,847319
dgoRp,0.16666666666666666,5,5,CCGCCCTCGCGCAGGGCTGT,0,856885
dgoRp,0.16666666666666666,5,5,CCGCCATCGTGGTTGCTCAC,0,853160
dgoRp,0.16666666666666666,5,5,CCGACAATCGAGGTTTGCAA,0,849209
dgoRp,0.16666666666666666,5,5,CCGAATAAGTCATGCCTAAG,0,841277
dgoRp,0.16666666666666666,5,5,CCCTGGCAACGGGCGAGGGG,0,859284
dgoRp,0.16666666666666666,5,5,CCCTGCCTTCATCCGCCACA,0,838577
dgoRp,0.16666666666666666,5,5,CCCCTGCCTGACCTCAGGCC,0,866418
dgoRp,0.16666666666666666,5,5,CCCCTCGTGTGAGAACGCGG,0,851244
dgoRp,0.16666666666666666,5,5,CCCATGTGGTCAGTTGGTGT,0,860644
dgoRp,0.16666666666666666,5,5,CCCAGGGGACACCATTCCGG,0,857487
dgoRp,0.16666666666666666,5,5,CCATTTTCGGGTATGCACTA,0,857327
dgoRp,0.16666666666666666,5,5,CCAGTGGGCGCGGACACGGA,0,839873
dgoRp,0.16666666666666666,5,5,CCAGGCGCTCGAATGTCATT,0,844070
dgoRp,0.16666666666666666,5,5,CCAGGATCGGGCCGAGCTAG,0,846855
dgoRp,0.16666666666666666,5,5,CCAGCCTCCTCAGCTGAAAA,0,866198
dgoRp,0.16666666666666666,5,5,CCACGTTGGACACTGCGACC,0,839155
dgoRp,0.16666666666666666,5,5,CCACCGTGCCCATGGACATG,0,856836
dgoRp,0.16666666666666666,5,5,CATTTACCACCTTCCCCTAC,0,862495
dgoRp,0.16666666666666666,5,5,CATTTAAATGAGCATCCCCA,0,845947
dgoRp,0.16666666666666666,5,5,CATTGATTGACCACCGCCGC,0,853135
dgoRp,0.16666666666666666,5,5,CATTATTGGATCCGGCAATA,0,860141
dgoRp,0.16666666666666666,5,5,CATTAGATATTCCATCTTCC,0,841541
dgoRp,0.16666666666666666,5,5,CATGCACCGCCATTTCGTTC,0,860444
dgoRp,0.16666666666666666,5,5,CATGAAATTTGATCTCGCGT,0,837301
dgoRp,0.16666666666666666,5,5,CATCGTTGTGTTAAGCAGGC,0,836224
dgoRp,0.16666666666666666,5,5,CATCGAAGCAGGCCTAATAG,0,861530
dgoRp,0.16666666666666666,5,5,CATCCTAGTCCCCTACTTGC,0,855680
dgoRp,0.16666666666666666,5,5,CATAGTGCCTGCTGAGCGGA,0,854216
dgoRp,0.16666666666666666,5,5,CATAGAAGGAAGTAATGAGA,0,859459
dgoRp,0.16666666666666666,5,5,CAGTTTGATGGGAGATCTTC,0,849006
dgoRp,0.16666666666666666,5,5,CAGTGAGTTAACCTCCACAT,0,855097
dgoRp,0.16666666666666666,5,5,CAGTAAGTGGTGGTAGCCTA,0,861627
dgoRp,0.16666666666666666,5,5,CAGTAAGTCGGGCTACAGTC,0,850891
dgoRp,0.16666666666666666,5,5,CAGGTTGACGAAATCTGTGC,0,846730
dgoRp,0.16666666666666666,5,5,CAGGGATCCTACAAAAACCC,0,842678
dgoRp,0.16666666666666666,5,5,CAGGACGACGAGAGCTCCTT,0,851848
dgoRp,0.16666666666666666,5,5,CAGCCCTCAGCCATGCGTAA,0,836841
dgoRp,0.16666666666666666,5,5,CAGCCCCCGGTCTCTGGTTA,0,863007
dgoRp,0.16666666666666666,5,5,CAGCCAAATCATGCACCCAA,0,866113
dgoRp,0.16666666666666666,5,5,CAGATATGGGGGGCTGTTGG,0,839508
dgoRp,0.16666666666666666,5,5,CAGAGTCGTCCGGCTGTAGT,0,837552
dgoRp,0.16666666666666666,5,5,CAGAGACCAAAGGTAGCTTA,0,850918
dgoRp,0.16666666666666666,5,5,CACTTGCGCCGTTAGACCGG,0,857771
dgoRp,0.16666666666666666,5,5,CACTCGAATTAGGGCAGTAA,0,845571
dgoRp,0.16666666666666666,5,5,CACGCGGAGCATGGGATAAA,0,852395
dgoRp,0.16666666666666666,5,5,CACGCCATCCACCTTTCCTG,0,851472
dgoRp,0.16666666666666666,5,5,CACGATTTCTCCTGAATTAA,0,850575
dgoRp,0.16666666666666666,5,5,CACGAATCAGTGCGCGTCCA,0,840110
dgoRp,0.16666666666666666,5,5,CACAGCGGTCCAGAGATGTC,0,855003
dgoRp,0.16666666666666666,5,5,CACAGATGCTACTAATGCCT,0,836794
dgoRp,0.16666666666666666,5,5,CAATTAAAGCTAGCGTACAC,0,849221
dgoRp,0.16666666666666666,5,5,CAATGGGATGAACCTATATA,0,859293
dgoRp,0.16666666666666666,5,5,CAATCGGCTGAGTAGACCAT,0,838394
dgoRp,0.16666666666666666,5,5,CAATCCGCTTCGTACAATCA,0,866320
dgoRp,0.16666666666666666,5,5,CAAGCGAGGAAGGAGGTCTG,0,851324
dgoRp,0.16666666666666666,5,5,CAACTGCCCTACTGTACCAA,0,852097
dgoRp,0.16666666666666666,5,5,CAACGACAGTCATCCCTGTA,0,854430
dgoRp,0.16666666666666666,5,5,CAACATTTCCATTGGAAGAA,0,864416
dgoRp,0.16666666666666666,5,5,CAAACTCTACTCCGAGGACC,0,848306
dgoRp,0.16666666666666666,5,5,CAAAATCTGGAACCGGTGAG,0,849542
dgoRp,0.16666666666666666,5,5,ATTTAGTGAAACAGGAACGT,0,858917
dgoRp,0.16666666666666666,5,5,ATTTAAGCATTCTCCAAGGT,0,861519
dgoRp,0.16666666666666666,5,5,ATTTAAAGATGGGCTGACTA,0,839150
dgoRp,0.16666666666666666,5,5,ATTGGTAGTGGCTAGTTATT,0,864991
dgoRp,0.16666666666666666,5,5,ATTGCAGGACTCCACATTTG,0,837924
dgoRp,0.16666666666666666,5,5,ATTGAGGTACTTTACGCCCT,0,852068
dgoRp,0.16666666666666666,5,5,ATTCCACGAGTCATTTAGTG,0,859848
dgoRp,0.16666666666666666,5,5,ATTCCACCCTGTTTACCAGG,0,849987
dgoRp,0.16666666666666666,5,5,ATTCATTCGACCGCCTGGGC,0,838896
dgoRp,0.16666666666666666,5,5,ATTCAGTTGTATCCTGAAGG,0,836318
dgoRp,0.16666666666666666,5,5,ATTATGTTGAGGTACCCTCA,0,848574
dgoRp,0.16666666666666666,5,5,ATTAAATCGAGGTCCCAATT,0,854643
dgoRp,0.16666666666666666,5,5,ATGTCACGTATATCAGGCGT,0,865681
dgoRp,0.16666666666666666,5,5,ATGTCACCCGCTTTCTGACT,0,837788
dgoRp,0.16666666666666666,5,5,ATGTATTCCTAACCTCATAG,0,848135
dgoRp,0.16666666666666666,5,5,ATGGTGCAGTTCACTTCTGC,0,844636
dgoRp,0.16666666666666666,5,5,ATGGCCGTGGATGAATCCTC,0,862502
dgoRp,0.16666666666666666,5,5,ATGCTAAATAGACTGTCGGT,0,865875
dgoRp,0.16666666666666666,5,5,ATGCGGGTCGCTCTAGCAGG,0,866632
dgoRp,0.16666666666666666,5,5,ATGCCTAGTCTATCATATGC,0,850621
dgoRp,0.16666666666666666,5,5,ATGATGGGCGTACGTCACTT,0,845424
dgoRp,0.16666666666666666,5,5,ATCTCCCGCACATGGGGCTG,0,840863
dgoRp,0.16666666666666666,5,5,ATCGTAATAGTCCGCTTTAT,0,850300
dgoRp,0.16666666666666666,5,5,ATCGGCCCGGTCAAAGGGTT,0,847866
dgoRp,0.16666666666666666,5,5,ATCCGCTTGCCGGCGTTAAA,0,843313
dgoRp,0.16666666666666666,5,5,ATCCACGTGCGAGTCCCCCA,0,849284
dgoRp,0.16666666666666666,5,5,ATCAGAGGCGGATCATGGGT,0,837548
dgoRp,0.16666666666666666,5,5,ATCACGCTTCCAGATCTCTT,0,851319
dgoRp,0.16666666666666666,5,5,ATCAAGAAAGTAGAACCGCT,0,859726
dgoRp,0.16666666666666666,5,5,ATATTGACAGGGCATCTATG,0,837768
dgoRp,0.16666666666666666,5,5,ATATCTATATAGGCTCTTTT,0,863409
dgoRp,0.16666666666666666,5,5,ATATCTATAACTCGCGACGA,0,849733
dgoRp,0.16666666666666666,5,5,ATATCCGACTGTAGTACACC,0,855027
dgoRp,0.16666666666666666,5,5,ATAGGCTTGGAGGGCGCAGA,0,856126
dgoRp,0.16666666666666666,5,5,ATAGCGGTTTTTCCACACTC,0,845005
dgoRp,0.16666666666666666,5,5,ATACTTCAACGAAGGCCATT,0,836472
dgoRp,0.16666666666666666,5,5,ATACTCTGCTACCTAGCTCA,0,840309
dgoRp,0.16666666666666666,5,5,ATACGAACGCACGTATTGAC,0,847709
dgoRp,0.16666666666666666,5,5,ATAATTTATGAACTATAGCA,0,865576
dgoRp,0.16666666666666666,5,5,ATAAGTTCCATGTAGGGGAT,0,859434
dgoRp,0.16666666666666666,5,5,AGTTTTACACCTCGGGGATT,0,850290
dgoRp,0.16666666666666666,5,5,AGTTTCGCTCGGTAGACTGT,0,856211
dgoRp,0.16666666666666666,5,5,AGTTTAACTCCTAGGTAAGT,0,853214
dgoRp,0.16666666666666666,5,5,AGTTGTATAAGTCGTGTCGG,0,851570
dgoRp,0.16666666666666666,5,5,AGTTCCTTTCCTAGCGATCT,0,867278
dgoRp,0.16666666666666666,5,5,AGTTATCTCCTCCTCCCACC,0,850635
dgoRp,0.16666666666666666,5,5,AGTGGCCGCGATGTTCAAGG,0,863432
dgoRp,0.16666666666666666,5,5,AGTCAGGCTTGTTGCATTAC,0,839140
dgoRp,0.16666666666666666,5,5,AGTCAACGAAAGCTCCGCAA,0,862953
dgoRp,0.16666666666666666,5,5,AGTAGTCGGTACCTCTTAAA,0,854565
dgoRp,0.16666666666666666,5,5,AGTAACCATGTCGCATCCCG,0,857190
dgoRp,0.16666666666666666,5,5,AGGTGTAAGAGGCAAGAAAT,0,844206
dgoRp,0.16666666666666666,5,5,AGGGTTTGGACCATCTGCCC,0,853974
dgoRp,0.16666666666666666,5,5,AGGGTTAATGATACAATCCT,0,841615
dgoRp,0.16666666666666666,5,5,AGGGTATTGATAGAGGGCTT,0,862276
dgoRp,0.16666666666666666,5,5,AGGGTACTCATATTATAAAT,0,864418
dgoRp,0.16666666666666666,5,5,AGGGGGTACGTTTGTTCGGT,0,865733
dgoRp,0.16666666666666666,5,5,AGGGGCCTTGACATGCCCCC,0,839345
dgoRp,0.16666666666666666,5,5,AGGCTACCGCTCAGGGTTAC,0,846373
dgoRp,0.16666666666666666,5,5,AGGCGGCTGAACCCTAAGGG,0,860787
dgoRp,0.16666666666666666,5,5,AGGCCTGGGCCGAACGCCTG,0,856808
dgoRp,0.16666666666666666,5,5,AGGATCGCATAACACCGGAT,0,862455
dgoRp,0.16666666666666666,5,5,AGGAGAGATTGGAACGCCCT,0,849425
dgoRp,0.16666666666666666,5,5,AGGACAAATGGTCGCGTGAA,0,844325
dgoRp,0.16666666666666666,5,5,AGCTAATCCTACTGAAAGGT,0,839898
dgoRp,0.16666666666666666,5,5,AGCGTTGAATTTCGGGGACG,0,851927
dgoRp,0.16666666666666666,5,5,AGCGCTATCCATCCTTCCGT,0,866606
dgoRp,0.16666666666666666,5,5,AGCCTAGTTAGACATTATCT,0,855379
dgoRp,0.16666666666666666,5,5,AGCATTTCCGTTGCCCGCCC,0,861160
dgoRp,0.16666666666666666,5,5,AGCAGGGGGGTGAGGAAGAG,0,857544
dgoRp,0.16666666666666666,5,5,AGCAACCATTACCGTGCTCC,0,861740
dgoRp,0.16666666666666666,5,5,AGAGTTGACCCGCACGATAT,0,841884
dgoRp,0.16666666666666666,5,5,AGAGGGAAGGAAGGGGATCA,0,838409
dgoRp,0.16666666666666666,5,5,AGAGATTGCAAGGGGCACAT,0,838723
dgoRp,0.16666666666666666,5,5,AGAGATTCACGTTTAATATT,0,850241
dgoRp,0.16666666666666666,5,5,AGACGAATTTCTCCACAACT,0,851161
dgoRp,0.16666666666666666,5,5,AGACCTCTACGCCGTAACTT,0,839781
dgoRp,0.16666666666666666,5,5,AGACCTACCGTCGCGTTAGG,0,838056
dgoRp,0.16666666666666666,5,5,AGACAATTCCACATCAACCT,0,850814
dgoRp,0.16666666666666666,5,5,AGAATTTCTATTATCACGTG,0,862777
dgoRp,0.16666666666666666,5,5,AGAACGTGGCTTGTACGTAT,0,836962
dgoRp,0.16666666666666666,5,5,AGAACGTGAAAACGCTGCAA,0,861382
dgoRp,0.16666666666666666,5,5,ACTTGCCGCGTAGCGACGAA,0,838989
dgoRp,0.16666666666666666,5,5,ACTGGCGCCAGGATATTTAT,0,844113
dgoRp,0.16666666666666666,5,5,ACTCAAAGCTTGCGTCAGGT,0,842746
dgoRp,0.16666666666666666,5,5,ACGTTGGCGGCTTCGAGAAA,0,861979
dgoRp,0.16666666666666666,5,5,ACGTCGCCTTGTCCATAGGC,0,845463
dgoRp,0.16666666666666666,5,5,ACGTCACGGTATCAGCTGGC,0,844747
dgoRp,0.16666666666666666,5,5,ACGTAACTTTGGCACGTTTT,0,841310
dgoRp,0.16666666666666666,5,5,ACGGGGTTCGCAGATCTGTA,0,846042
dgoRp,0.16666666666666666,5,5,ACGGCATCAGACGCCGTCTT,0,844586
dgoRp,0.16666666666666666,5,5,ACGGACATTAGCTACCCGTT,0,861321
dgoRp,0.16666666666666666,5,5,ACGCATACAATAGTGATTAA,0,863955
dgoRp,0.16666666666666666,5,5,ACGATGATTCCGAGGCGACA,0,853096
dgoRp,0.16666666666666666,5,5,ACGAGACCTGCTTGGGAAGG,0,846515
dgoRp,0.16666666666666666,5,5,ACGAAGCGGCCGAACATACC,0,859137
dgoRp,0.16666666666666666,5,5,ACCTTGGCCGATCGAGAATG,0,845017
dgoRp,0.16666666666666666,5,5,ACCGTCGCGTCCGCTCATGG,0,845614
dgoRp,0.16666666666666666,5,5,ACCGGACAACATGTCTACCC,0,859553
dgoRp,0.16666666666666666,5,5,ACCAGTGCCTAATCAGATAC,0,858762
dgoRp,0.16666666666666666,5,5,ACCAGGCGTACTCCGCTCCA,0,863552
dgoRp,0.16666666666666666,5,5,ACCAGGAATGTAACGTCTCG,0,849608
dgoRp,0.16666666666666666,5,5,ACCAGCGAGGGAAGATCCTC,0,844429
dgoRp,0.16666666666666666,5,5,ACCACGATCAACGCGATTAA,0,840430
dgoRp,0.16666666666666666,5,5,ACCACAGCTCCAATGATCTT,0,844973
dgoRp,0.16666666666666666,5,5,ACATTCCGGAGACCACCCTT,0,865695
dgoRp,0.16666666666666666,5,5,ACATTATTTCGTCGCGGAAA,0,857397
dgoRp,0.16666666666666666,5,5,ACATCAGTACTAGCTAGGAC,0,853161
dgoRp,0.16666666666666666,5,5,ACAGATCAGATACGAGTGAT,0,850701
dgoRp,0.16666666666666666,5,5,ACACGACATCGTGCTAGTAT,0,843101
dgoRp,0.16666666666666666,5,5,ACACCGGGATCTCTTTCTCC,0,851974
dgoRp,0.16666666666666666,5,5,ACAAGCACCAAGTAAAAAAT,0,837637
dgoRp,0.16666666666666666,5,5,ACAAATCCACGGTCGCTCCA,0,847583
dgoRp,0.16666666666666666,5,5,ACAAAAGAAGCCTGTCGTCT,0,845388
dgoRp,0.16666666666666666,5,5,AATTGTAGATGCCGGACAGT,0,840232
dgoRp,0.16666666666666666,5,5,AATGTTAGGTCTATTTTTCA,0,858872
dgoRp,0.16666666666666666,5,5,AATGTCGGGTAAATAAAACG,0,852619
dgoRp,0.16666666666666666,5,5,AATGGCAGCCAGGAACTACG,0,844983
dgoRp,0.16666666666666666,5,5,AATGGAGGTTACTTCTGCTT,0,849804
dgoRp,0.16666666666666666,5,5,AATCTTGATCGGGTTTCGGA,0,852628
dgoRp,0.16666666666666666,5,5,AATCTAGCATTGCGATATGA,0,864231
dgoRp,0.16666666666666666,5,5,AATCGAGACCCTAGACCGAG,0,841730
dgoRp,0.16666666666666666,5,5,AATCCTGGGCTAAGTTTTCC,0,855723
dgoRp,0.16666666666666666,5,5,AATCAATTTGTAGCAGCAGC,0,858606
dgoRp,0.16666666666666666,5,5,AATATTTTAGGCCAAATTGT,0,858805
dgoRp,0.16666666666666666,5,5,AATATATTCAAAGAACGTTG,0,861978
dgoRp,0.16666666666666666,5,5,AATAGGATTATACCCTTGCA,0,856769
dgoRp,0.16666666666666666,5,5,AATACTGCGTACCTAATCGG,0,846276
dgoRp,0.16666666666666666,5,5,AATACAGTCTAAGGCCTACG,0,844901
dgoRp,0.16666666666666666,5,5,AAGTTGCACCAGCTAAGGGG,0,865527
dgoRp,0.16666666666666666,5,5,AAGTGCTGTGGTGCGTCACC,0,861233
dgoRp,0.16666666666666666,5,5,AAGTGAGAAACACTAACTAA,0,859206
dgoRp,0.16666666666666666,5,5,AAGTCTTGAATCACCGGAAG,0,854672
dgoRp,0.16666666666666666,5,5,AAGTCGCGGGAACTTAGCAG,0,858177
dgoRp,0.16666666666666666,5,5,AAGTAGGACATTTAGAATTT,0,842418
dgoRp,0.16666666666666666,5,5,AAGTAATCAAATAGGCCGCG,0,858591
dgoRp,0.16666666666666666,5,5,AAGGAACCTAGGTCCCCAAG,0,845948
dgoRp,0.16666666666666666,5,5,AAGCTGTGGAATAATCGTCA,0,849634
dgoRp,0.16666666666666666,5,5,AAGCGCACTTACGGGATGCT,0,866406
dgoRp,0.16666666666666666,5,5,AAGAATCAATTACGGGCGTC,0,839670
dgoRp,0.16666666666666666,5,5,AACTCTCATCACATACGTTC,0,867079
dgoRp,0.16666666666666666,5,5,AACTCCAGCGGGTGCAGGTC,0,854308
dgoRp,0.16666666666666666,5,5,AACGGTTAAACGAATTCCGC,0,843274
dgoRp,0.16666666666666666,5,5,AACGGCTGAAACTCATATGT,0,862412
dgoRp,0.16666666666666666,5,5,AACGATAGTCAAGGGTACAC,0,837219
dgoRp,0.16666666666666666,5,5,AACATCGATGCGGCATGGAC,0,865988
dgoRp,0.16666666666666666,5,5,AACAGCGCCTCGGGAATTGC,0,844268
dgoRp,0.16666666666666666,5,5,AACACCACGCAATCATGGCT,0,852729
dgoRp,0.16666666666666666,5,5,AACAACCCGACCATCGATCT,0,844749
dgoRp,0.16666666666666666,5,5,AAATGCTATATGCGTAACTC,0,849966
dgoRp,0.16666666666666666,5,5,AAATATACAAGTTTAAGGCA,0,852298
dgoRp,0.16666666666666666,5,5,AAATACCTACAGCATCGAAT,0,843602
dgoRp,0.16666666666666666,5,5,AAAGTTCGTACAGCCGCTGT,0,856879
dgoRp,0.16666666666666666,5,5,AAAGGTACAAGAAATGACAT,0,862193
dgoRp,0.16666666666666666,5,5,AAAGCCGGCTCAATTGGATA,0,837752
dgoRp,0.2,4,4,TTTTATAGTTTCACAACACA,0,837413
dgoRp,0.2,4,4,TTTGGACACATTTTTTGGAT,0,855735
dgoRp,0.2,4,4,TTTAATCACTCGGCCGCTCT,0,852535
dgoRp,0.2,4,4,TTTAACCAGTTCAGAAATAT,0,847184
dgoRp,0.2,4,4,TTGTTGGCTGGTGTGGAGCT,0,836466
dgoRp,0.2,4,4,TTGTGGGCAATCCGGGCTGT,0,858530
dgoRp,0.2,4,4,TTGTGGACAGCGTTCCAATG,0,841954
dgoRp,0.2,4,4,TTGTCCTTCACGGAGCCGAG,0,852434
dgoRp,0.2,4,4,TTGTATAGTTTCTAAACGAT,0,859233
dgoRp,0.2,4,4,TTGTAACAGCCAGGCCAACT,0,848990
dgoRp,0.2,4,4,TTGGTCATATACGCTTGATT,0,859061
dgoRp,0.2,4,4,TTGGCTTTGCCTCATTACCT,0,850140
dgoRp,0.2,4,4,TTGGAATTCCAAAGTGACCA,0,843948
dgoRp,0.2,4,4,TTGCTTGCGCGTTCCTCTGG,0,848779
dgoRp,0.2,4,4,TTGCCTGGCTGGTTTATGTA,0,843488
dgoRp,0.2,4,4,TTGCCAGCTGACAGTCAAAT,0,842470
dgoRp,0.2,4,4,TTGATCTCCATTCTCCAGGT,0,839046
dgoRp,0.2,4,4,TTGAGGCCGAGCTTGCGAAT,0,855369
dgoRp,0.2,4,4,TTGAGATCGACGCAGCAAAC,0,842271
dgoRp,0.2,4,4,TTGAGAAAAGGCCGGGTCCC,0,846110
dgoRp,0.2,4,4,TTGAACTTGTGCCAGGTAAT,0,864243
dgoRp,0.2,4,4,TTCTTGCATCTTTACGTAAC,0,864945
dgoRp,0.2,4,4,TTCTGCCCTCTAAAAGGAGA,0,862528
dgoRp,0.2,4,4,TTCTCGAAGAATCGACAGGA,0,862899
dgoRp,0.2,4,4,TTCTCATAGAGCCCCGTCAA,0,859204
dgoRp,0.2,4,4,TTCCTATCGGTTCCCAAGAA,0,861220
dgoRp,0.2,4,4,TTCCCCGACTCGTGTATTAA,0,836979
dgoRp,0.2,4,4,TTATAGAATCCGCAAGTGTC,0,844837
dgoRp,0.2,4,4,TTAGGGCGTTAAAAGCGATG,0,862468
dgoRp,0.2,4,4,TTAGCTCCATGGAAGAGGTT,0,838363
dgoRp,0.2,4,4,TTAGCCACCTACCATTTAGT,0,853348
dgoRp,0.2,4,4,TTAGAAGCCATCCACGCTGG,0,844540
dgoRp,0.2,4,4,TTACTTACCGGCCACTAATG,0,844061
dgoRp,0.2,4,4,TTACGGGTGAGCAAAAGCTT,0,859981
dgoRp,0.2,4,4,TTAATTGAGTCTGATCTATT,0,851323
dgoRp,0.2,4,4,TTAACGACAGACTGTGAATC,0,839364
dgoRp,0.2,4,4,TGTTTGGGCCACGTGGGTTA,0,858545
dgoRp,0.2,4,4,TGTTCCCCATTAGGAGGGTC,0,865029
dgoRp,0.2,4,4,TGTTATTGCGTTTAAAGTCA,0,855993
dgoRp,0.2,4,4,TGTTACGAAAAGAGCTATAG,0,848019
dgoRp,0.2,4,4,TGTGCTATCCTGTTCAGGCT,0,856012
dgoRp,0.2,4,4,TGTCGGAGGAATCAGGTTGC,0,855113
dgoRp,0.2,4,4,TGTATGACGACCGGTAGGAG,0,866880
dgoRp,0.2,4,4,TGTACAAGTCTTATGGACAT,0,860196
dgoRp,0.2,4,4,TGGGTTAAATTGCGGCATAA,0,864950
dgoRp,0.2,4,4,TGGGATCTAAAAAACGGCCC,0,838549
dgoRp,0.2,4,4,TGGGATACGGAGTCCACACT,0,864609
dgoRp,0.2,4,4,TGGCAATTCTGCTATAGGCT,0,854789
dgoRp,0.2,4,4,TGGAGTTGTGGGACAGGTAG,0,856591
dgoRp,0.2,4,4,TGGAGTTAATCCTCTGAAAT,0,838502
dgoRp,0.2,4,4,TGGACCTTCTTTCGCACTGA,0,839797
dgoRp,0.2,4,4,TGCTAGAAGTTAGCCAAAAA,0,840934
dgoRp,0.2,4,4,TGCGCCCCTGACGGTGTGAC,0,845113
dgoRp,0.2,4,4,TGCCCTCCACGCAAGCCGAA,0,847185
dgoRp,0.2,4,4,TGCCCATTAACGTAGGGCTG,0,852272
dgoRp,0.2,4,4,TGATTTGGCAACCGTAGTAA,0,857167
dgoRp,0.2,4,4,TGATGCATAGTTGGGCTACT,0,846140
dgoRp,0.2,4,4,TGAGGGTAAGCTTTTCGCCA,0,843582
dgoRp,0.2,4,4,TGAGAGTCGCCTCCATATGT,0,843187
dgoRp,0.2,4,4,TGAATATCGGGGGTGAGAGA,0,867388
dgoRp,0.2,4,4,TGAACTCTTGACCACTTACA,0,864103
dgoRp,0.2,4,4,TGAAAGCCACGAAGGTTCTC,0,837222
dgoRp,0.2,4,4,TGAAAAAGGGTGCTGACGGT,0,849603
dgoRp,0.2,4,4,TCTTTTAATAAAGAGCAAGC,0,836371
dgoRp,0.2,4,4,TCTTACGTGCTCGAATCTTA,0,851889
dgoRp,0.2,4,4,TCTGCTGCAGGTGCCTTCAT,0,864998
dgoRp,0.2,4,4,TCTCGATAACTTGGGTTACA,0,856393
dgoRp,0.2,4,4,TCTCCAGTGCAGGGGTTGAT,0,854506
dgoRp,0.2,4,4,TCTCATCGGAGGCTTCGACA,0,846198
dgoRp,0.2,4,4,TCTCAGCTCCTATCTAAAGA,0,851955
dgoRp,0.2,4,4,TCGTATTAAAGCGAAAGCTC,0,843416
dgoRp,0.2,4,4,TCGTAACCATGCGCTTTTAC,0,850822
dgoRp,0.2,4,4,TCGCTGACGTACTGGGCCAG,0,865749
dgoRp,0.2,4,4,TCGCTGAATTGAATAATACT,0,861938
dgoRp,0.2,4,4,TCGCTATTACTAGGATCTAG,0,849518
dgoRp,0.2,4,4,TCGATTAGCACCGCGCCTGA,0,850090
dgoRp,0.2,4,4,TCGAGCCGTATAGGACGTGT,0,863088
dgoRp,0.2,4,4,TCGACGCGTCTGAACGGCAG,0,843525
dgoRp,0.2,4,4,TCCTTTCGCGGTCCTGAGCG,0,855874
dgoRp,0.2,4,4,TCCTGTGTTGATCGCCGGAA,0,840995
dgoRp,0.2,4,4,TCCGTTCGCGTGTGACGTCC,0,849591
dgoRp,0.2,4,4,TCCGGAGTAAATGGTGGCCG,0,844318
dgoRp,0.2,4,4,TCCCTTAGCGGCGACATCTT,0,847748
dgoRp,0.2,4,4,TCCCTGGTTCGGTTGGGTCG,0,842483
dgoRp,0.2,4,4,TCCCGTCACATAGCCGATGC,0,844324
dgoRp,0.2,4,4,TCCCATGAGTACATATCACA,0,866830
dgoRp,0.2,4,4,TCCCATCATCCGTGCGGGAG,0,857539
dgoRp,0.2,4,4,TCCAAGATACGTCTCTCTAG,0,836540
dgoRp,0.2,4,4,TCATTTTGTTGGATGTGGCT,0,846200
dgoRp,0.2,4,4,TCATTCTTGGAATTATCGCT,0,836750
dgoRp,0.2,4,4,TCATGCTTCACGTATGTAAA,0,843382
dgoRp,0.2,4,4,TCACGTGGTAGCATAATCTA,0,854141
dgoRp,0.2,4,4,TCACCATATAGTCTTGCACA,0,858827
dgoRp,0.2,4,4,TCAAGTAGGCTCAGCATGGT,0,850706
dgoRp,0.2,4,4,TCAAGATTAGTAGACTATAC,0,849735
dgoRp,0.2,4,4,TCAACTTGGTTACCGAACCA,0,861696
dgoRp,0.2,4,4,TATTTAACCGGAACATAGGT,0,849594
dgoRp,0.2,4,4,TATTGTGCCGGTCTCCGCGT,0,854194
dgoRp,0.2,4,4,TATTGAGAATCTGTCACCCG,0,836860
dgoRp,0.2,4,4,TATTCACCGTCGCGTCATCT,0,845606
dgoRp,0.2,4,4,TATGGTGATGTCAGCGCTGT,0,855907
dgoRp,0.2,4,4,TATGCAAGACCCCGGAAATA,0,857968
dgoRp,0.2,4,4,TATCGGGCAGGGCGAACACG,0,864972
dgoRp,0.2,4,4,TATCGCAATGTAACCCCGTC,0,840675
dgoRp,0.2,4,4,TATCCGTGCAGAGGTCTGGC,0,852282
dgoRp,0.2,4,4,TATCACTGAAATTTTGTCGC,0,851887
dgoRp,0.2,4,4,TATATTAGCGATGGTCCGTG,0,838223
dgoRp,0.2,4,4,TATAGCCCAGGTCTCCCTGG,0,853045
dgoRp,0.2,4,4,TAGGGATTTTGAGGCGATCG,0,865639
dgoRp,0.2,4,4,TAGGATTCGGCGATCTGGAT,0,848214
dgoRp,0.2,4,4,TAGCGTTGTTACGCCAGTAA,0,842364
dgoRp,0.2,4,4,TAGCCGAGACCGACAAATAT,0,848051
dgoRp,0.2,4,4,TAGCAAGGCTCTTTAGGGAA,0,859558
dgoRp,0.2,4,4,TACTTCCTCAACAATGGTTC,0,844902
dgoRp,0.2,4,4,TACTGGTTTATCGTTTGACA,0,855940
dgoRp,0.2,4,4,TACGGGATATGGCGTCTGTA,0,867419
dgoRp,0.2,4,4,TACGGAGAGACAAAGCCCTA,0,855263
dgoRp,0.2,4,4,TACGAATTTATTGAGAATAT,0,857558
dgoRp,0.2,4,4,TACCTGTCAAACAGATAGCC,0,841087
dgoRp,0.2,4,4,TACCCGCACATCGACGCAAA,0,850141
dgoRp,0.2,4,4,TACCCGAATACGCCATTAAC,0,860407
dgoRp,0.2,4,4,TACCAAGTAGCAAAATTAGT,0,856146
dgoRp,0.2,4,4,TACAGCGATTACCGGCTTTT,0,855007
dgoRp,0.2,4,4,TACAGCCTCTGGCGTAAGCT,0,840190
dgoRp,0.2,4,4,TACACATGTGCAACCAGCAT,0,859731
dgoRp,0.2,4,4,TAATGACTGGGTGTGAATAC,0,855547
dgoRp,0.2,4,4,TAATAGATCGAATGACCTTG,0,843131
dgoRp,0.2,4,4,TAATACATGTAACTCCTGTC,0,844470
dgoRp,0.2,4,4,TAAGTGAATAGGATTACTTA,0,864266
dgoRp,0.2,4,4,TAAGTCTCTTTTGCGGCGGC,0,855765
dgoRp,0.2,4,4,TAAGGTAAGACCGTAGATGA,0,851134
dgoRp,0.2,4,4,TAAGACCATGCCCTTCCTTA,0,859317
dgoRp,0.2,4,4,TAACGGGCATCCCGGCACAT,0,847618
dgoRp,0.2,4,4,TAAAGTGTCCATAAGACGCC,0,850946
dgoRp,0.2,4,4,TAAACATCAGCGTGTCGTGG,0,855553
dgoRp,0.2,4,4,TAAAAATGGAATGTAAAGCT,0,846811
dgoRp,0.2,4,4,TAAAAAGTAACACGCAATAC,0,858469
dgoRp,0.2,4,4,GTTTTTAGCCTTCGCGCCCA,0,856450
dgoRp,0.2,4,4,GTTTCTGCGGTACATCATAG,0,849846
dgoRp,0.2,4,4,GTTTCTCGGATTTTGCAGTG,0,853109
dgoRp,0.2,4,4,GTTTCGTCCCAGTAGTGAGA,0,842570
dgoRp,0.2,4,4,GTTGTCCCGCAGCGTGTATG,0,852693
dgoRp,0.2,4,4,GTTGTCAGCTTACCTCTAGG,0,855928
dgoRp,0.2,4,4,GTTGGTCCAAAGCCCAAACC,0,836271
dgoRp,0.2,4,4,GTTGGCGTGTAACGTCCAAC,0,840364
dgoRp,0.2,4,4,GTTGGAGTTCCTAATATCTC,0,856904
dgoRp,0.2,4,4,GTTCGCGCTTCGGTAGCTGT,0,838610
dgoRp,0.2,4,4,GTTCCAGCACTCGCGTTAGA,0,848226
dgoRp,0.2,4,4,GTTATTTATGTGTTAGTTGT,0,857336
dgoRp,0.2,4,4,GTTAGCTACTCATCCGTGAA,0,835998
dgoRp,0.2,4,4,GTTAAAAGCATCATGGTCTT,0,849686
dgoRp,0.2,4,4,GTGTTCATTCGTCTCGTGTT,0,853469
dgoRp,0.2,4,4,GTGTCGAGAGTCCGAATGAG,0,843502
dgoRp,0.2,4,4,GTGTAGTATTCGCTCCTTCA,0,836600
dgoRp,0.2,4,4,GTGTACATCTGGGTGATCAA,0,851389
dgoRp,0.2,4,4,GTGGTTAAGACGAGTGTAGA,0,855519
dgoRp,0.2,4,4,GTGGACGGTAGAACGAGACT,0,861722
dgoRp,0.2,4,4,GTGGACGCTGCACGCTGAAC,0,857116
dgoRp,0.2,4,4,GTGCCTTTGGATCAGTTAAA,0,862831
dgoRp,0.2,4,4,GTGCCGTTCGGGCATAAAGA,0,859312
dgoRp,0.2,4,4,GTGCCGAGGGTTGTCTTTCT,0,839348
dgoRp,0.2,4,4,GTGCAACGACTGAGGTCACG,0,861761
dgoRp,0.2,4,4,GTGATCCGGTGCAGCTGGAC,0,863567
dgoRp,0.2,4,4,GTCGGCGCAGGACACAAGGC,0,849744
dgoRp,0.2,4,4,GTCGAATAGTTTTGGGCCTG,0,843097
dgoRp,0.2,4,4,GTCCGCCTGCGTGACGTCCG,0,853321
dgoRp,0.2,4,4,GTCCGATGATTCGCAATTAA,0,838000
dgoRp,0.2,4,4,GTCCCAGAACAGTCGGTCTA,0,836314
dgoRp,0.2,4,4,GTCATGCGTCTCGGCACAGT,0,862132
dgoRp,0.2,4,4,GTCATAGAATCCGACAGGAC,0,850923
dgoRp,0.2,4,4,GTCAGTTCTTCTCTTTCCCG,0,853447
dgoRp,0.2,4,4,GTCAGGTTAGCAAATACCTG,0,849888
dgoRp,0.2,4,4,GTATGGGCTCCGACATCACG,0,841373
dgoRp,0.2,4,4,GTATCAAAAAGGCTGCGTCC,0,843721
dgoRp,0.2,4,4,GTAGCGGCGGATATCAATCA,0,866297
dgoRp,0.2,4,4,GTAGACCGTTGTGGACTAGA,0,838163
dgoRp,0.2,4,4,GTAGAAAGTTGGGGATCATC,0,839397
dgoRp,0.2,4,4,GTACGACGCGCAGTGAGCAT,0,862227
dgoRp,0.2,4,4,GTACACAGCGTCCTCTGTTT,0,838055
dgoRp,0.2,4,4,GTACACAATATACGATTTTG,0,849517
dgoRp,0.2,4,4,GTAAGAAGACGACTGACTAA,0,847091
dgoRp,0.2,4,4,GTAACGGCCGTACGGGGTCG,0,861647
dgoRp,0.2,4,4,GGTTTTGACGACTTGCGTCC,0,852629
dgoRp,0.2,4,4,GGTGTCGTTTGCAGCTCAAT,0,842268
dgoRp,0.2,4,4,GGTGGGTAGGAATTGTGCTG,0,852332
dgoRp,0.2,4,4,GGTGGACATCCCTCGCAGAT,0,866106
dgoRp,0.2,4,4,GGTGACATCCGCAGGAAGCT,0,849023
dgoRp,0.2,4,4,GGTCGCTCGTTGAGAACCTC,0,865955
dgoRp,0.2,4,4,GGTCCTTATATCCCCTGCCA,0,837445
dgoRp,0.2,4,4,GGTAATTCGCGCAGTAGCAT,0,856308
dgoRp,0.2,4,4,GGGTTCTTGCTGTGCACAGT,0,859918
dgoRp,0.2,4,4,GGGTCCTATAGAGGGCCTCC,0,862184
dgoRp,0.2,4,4,GGGGTAAGACCAGATAAGGC,0,859677
dgoRp,0.2,4,4,GGGGGTCTGATTGGAAATAG,0,862442
dgoRp,0.2,4,4,GGGGGCACAGTCTCTCCACT,0,864109
dgoRp,0.2,4,4,GGGCTTGTCAATCAACCGGG,0,865898
dgoRp,0.2,4,4,GGGCAATTTCTAACAATGGG,0,843797
dgoRp,0.2,4,4,GGGATTCAACCTTTCTGACA,0,854069
dgoRp,0.2,4,4,GGGATGGGTGCAGGGCGCTT,0,856908
dgoRp,0.2,4,4,GGGAGGGAGGACAAATGCTT,0,852156
dgoRp,0.2,4,4,GGGAAAGCCGCGTATCCTCG,0,840263
dgoRp,0.2,4,4,GGCTCGGGAGACGGACTTCG,0,839550
dgoRp,0.2,4,4,GGCTCCTCAGATCCTCTTAA,0,843666
dgoRp,0.2,4,4,GGCTAGATAAGGGCGTCGAT,0,863811
dgoRp,0.2,4,4,GGCTACATTATCGCGGTGCC,0,864541
dgoRp,0.2,4,4,GGCGGGTCACGTCAGACCTA,0,863457
dgoRp,0.2,4,4,GGCGGATAGCCAGTAGAGCG,0,859909
dgoRp,0.2,4,4,GGCGCGACCTCGCCTCCCAA,0,849445
dgoRp,0.2,4,4,GGCGCACCCTTCGCCTTCGT,0,843946
dgoRp,0.2,4,4,GGCGAGTAGTTTAAATGACT,0,865438
dgoRp,0.2,4,4,GGCGACCCCCCGCGATGGAT,0,837817
dgoRp,0.2,4,4,GGCCGGCAGATATCCATTTG,0,853292
dgoRp,0.2,4,4,GGCCGCGGCCAAGGGCCGCG,0,861742
dgoRp,0.2,4,4,GGCATCTACCAGTATATCCA,0,859056
dgoRp,0.2,4,4,GGCAGTGGAACGAGATCGTT,0,865511
dgoRp,0.2,4,4,GGCAATACAAGCGACCATAT,0,840859
dgoRp,0.2,4,4,GGATCGTGGAATCGCGTGTT,0,840856
dgoRp,0.2,4,4,GGAGAGTAGCAAAGGTGAGT,0,837545
dgoRp,0.2,4,4,GGACTGAAGTTTAGTGGATT,0,841413
dgoRp,0.2,4,4,GGACGTCCGTGTGGGTTACA,0,836997
dgoRp,0.2,4,4,GGACCGTATCCCTAGGAATG,0,840038
dgoRp,0.2,4,4,GGACCGTACGATATGGCTTA,0,854753
dgoRp,0.2,4,4,GGACCCTGTACGTAGAATTT,0,848236
dgoRp,0.2,4,4,GGACATTTTTTAACCACATG,0,864953
dgoRp,0.2,4,4,GGACAGTTATCATGTTCAGA,0,859480
dgoRp,0.2,4,4,GGACAATGTACATGGCGGCA,0,850587
dgoRp,0.2,4,4,GGAAAGGCATCATACAGACA,0,836005
dgoRp,0.2,4,4,GCTTTCAGGGTCCTTAATCA,0,850340
dgoRp,0.2,4,4,GCTGCCAATGAGGGTATCAA,0,841727
dgoRp,0.2,4,4,GCTGAGGGCTAACATTTCTA,0,851372
dgoRp,0.2,4,4,GCTGACATATAAAAAGAGTT,0,857209
dgoRp,0.2,4,4,GCTCGGTGATCCGTACGTAG,0,836728
dgoRp,0.2,4,4,GCTCGGAGTCCATGATGTAA,0,866022
dgoRp,0.2,4,4,GCTCGCATCTAGTCGCTTGC,0,836179
dgoRp,0.2,4,4,GCTCCATGGCAATGAACAAC,0,840621
dgoRp,0.2,4,4,GCTCCAGCTTCGCTGACTAC,0,846856
dgoRp,0.2,4,4,GCTAGTTCGCCCACTCATAG,0,844149
dgoRp,0.2,4,4,GCTAGCGTCTGAACGGTGGC,0,848423
dgoRp,0.2,4,4,GCTAAGTAGCGGAAGTATGC,0,858012
dgoRp,0.2,4,4,GCGGGTCTCGTGGCTGATGG,0,859049
dgoRp,0.2,4,4,GCGGGCGGTGGCTATCTGAC,0,863549
dgoRp,0.2,4,4,GCGGATAAGTCTGCTCAAGC,0,842949
dgoRp,0.2,4,4,GCGCTGCCCTGCCTTATGAC,0,857883
dgoRp,0.2,4,4,GCGCTCACGTGCACGCATAG,0,839339
dgoRp,0.2,4,4,GCGCCTTCGGTTGGTGAGGT,0,837809
dgoRp,0.2,4,4,GCGCAAAAGGGCCGACAGGT,0,862217
dgoRp,0.2,4,4,GCGATCCTTGAATACTGTAG,0,837860
dgoRp,0.2,4,4,GCGAGTGCGTGGTGGAATCG,0,851812
dgoRp,0.2,4,4,GCGAGGTGCTCCGACACTTT,0,854204
dgoRp,0.2,4,4,GCGACGTTTGGGGACGCGAC,0,839461
dgoRp,0.2,4,4,GCGACGCTTATTTTCGTTAT,0,864141
dgoRp,0.2,4,4,GCGACCCCTTGCGATTTAGC,0,845221
dgoRp,0.2,4,4,GCCTGTACGGGGAGAGTAGT,0,840395
dgoRp,0.2,4,4,GCCTGGCTACAAACTCTGAG,0,848041
dgoRp,0.2,4,4,GCCTACCCGGCCATATCCCC,0,844965
dgoRp,0.2,4,4,GCCGTTTCCGTGGAGTGATA,0,837669
dgoRp,0.2,4,4,GCCGTCAAATGCCGCTCTGG,0,856573
dgoRp,0.2,4,4,GCCGATAATAGCTATAGTCT,0,862312
dgoRp,0.2,4,4,GCCGAGTGCTTTTGGGTCAA,0,860927
dgoRp,0.2,4,4,GCCCCTGGTTCGGGCAAGAA,0,851350
dgoRp,0.2,4,4,GCCATGTAGCCGCTCATGAT,0,837557
dgoRp,0.2,4,4,GCCAGATCGCGTTGACATTC,0,853630
dgoRp,0.2,4,4,GCATGTCTTCGTTCTCCCTG,0,838670
dgoRp,0.2,4,4,GCATGAGCAAAGCGAACGCC,0,854121
dgoRp,0.2,4,4,GCAGATACCGGTAGACCTCG,0,854921
dgoRp,0.2,4,4,GCAGAGCGTAGGAAAAATTG,0,860790
dgoRp,0.2,4,4,GATTCTACTTTTAGCTTACG,0,859596
dgoRp,0.2,4,4,GATTATCTTAGCGGTGCTCT,0,856633
dgoRp,0.2,4,4,GATTAGTTCGATGCAATGTC,0,837277
dgoRp,0.2,4,4,GATTACAGACGGTATGTGCA,0,836219
dgoRp,0.2,4,4,GATTAATGGAGCCTCGAGCT,0,864158
dgoRp,0.2,4,4,GATGGTCTTTGTAATAACGT,0,864159
dgoRp,0.2,4,4,GATGACATATAGTTGAAAAT,0,860212
dgoRp,0.2,4,4,GATCTAGCCTCACTGCCGTA,0,843153
dgoRp,0.2,4,4,GATCGGATATTCTGGCTCTG,0,839994
dgoRp,0.2,4,4,GATCAACGGGAGGCGCAATC,0,851956
dgoRp,0.2,4,4,GATATGAGCTCAACTCTGGG,0,838542
dgoRp,0.2,4,4,GATATCCCCAGAAGAGTTCG,0,855138
dgoRp,0.2,4,4,GATAATTATCCACGACGGTA,0,853142
dgoRp,0.2,4,4,GATAACGGATATAAAGCATT,0,857590
dgoRp,0.2,4,4,GATAACACATACCCAATAGG,0,861387
dgoRp,0.2,4,4,GAGTTCTGTCCACGAGAAGT,0,845175
dgoRp,0.2,4,4,GAGTGGCAGCCACATCGCAT,0,862720
dgoRp,0.2,4,4,GAGTCATAGGATAGAATTGG,0,859588
dgoRp,0.2,4,4,GAGGTTGTCTTCTGAGGGTA,0,841305
dgoRp,0.2,4,4,GAGGTGGCGCGTAAGTCAAC,0,859017
dgoRp,0.2,4,4,GAGGTAATTGGGCCTTGGAA,0,865474
dgoRp,0.2,4,4,GAGGTAAGGAGTCTCCGCTA,0,860719
dgoRp,0.2,4,4,GAGCCGCTACGAGACGGAGG,0,862540
dgoRp,0.2,4,4,GAGCATCCAGGCTTCCACAT,0,860074
dgoRp,0.2,4,4,GAGAAGGTAACTCACAGATT,0,846274
dgoRp,0.2,4,4,GACTGGGGTACATGGCCTAG,0,838832
dgoRp,0.2,4,4,GACTAGGGAGTTAAAGGATG,0,856330
dgoRp,0.2,4,4,GACTACGGCTCCGTCTTTTA,0,855010
dgoRp,0.2,4,4,GACGCTAGAAGTTCCGGTCA,0,839454
dgoRp,0.2,4,4,GACGACTAATAGAGGTGTGA,0,858195
dgoRp,0.2,4,4,GACCGGTCAAGCTACAAGCA,0,842955
dgoRp,0.2,4,4,GACCAGACCTAACTTGAGAC,0,862395
dgoRp,0.2,4,4,GACCAATTTGACAGTTCGCG,0,860204
dgoRp,0.2,4,4,GACAGATGAGCGTTAAGACT,0,838001
dgoRp,0.2,4,4,GACACGCTTTCGACGCTCCT,0,842782
dgoRp,0.2,4,4,GACACATATTTAATCCTCCA,0,861626
dgoRp,0.2,4,4,GACACATACGAACCGGATGA,0,850642
dgoRp,0.2,4,4,GACAATGGCCCTACATAAAA,0,865555
dgoRp,0.2,4,4,GACAAGGACATGTACCACTT,0,841409
dgoRp,0.2,4,4,GAATTGCCAGTGCAAGAGAG,0,845901
dgoRp,0.2,4,4,GAATCCCAAGTGTGGCGACT,0,858899
dgoRp,0.2,4,4,GAAGTGTGCACAGTGCATCT,0,851823
dgoRp,0.2,4,4,GAAGGTTCACTTTGTCAACC,0,853551
dgoRp,0.2,4,4,GAAGGCCTTCTCAGAGTCGT,0,856324
dgoRp,0.2,4,4,GAAGAGGGCTGTTCGAGTAA,0,856425
dgoRp,0.2,4,4,GAACTTGTCTCAGCCGGCTA,0,866854
dgoRp,0.2,4,4,GAACGTTCATCAGAAGAAAC,0,837306
dgoRp,0.2,4,4,GAACCCTTTTAAAGTGGCTG,0,853534
dgoRp,0.2,4,4,GAAATAACGCCGCTAGCGAG,0,855082
dgoRp,0.2,4,4,GAAACTGACCCCAGATAGCT,0,859362
dgoRp,0.2,4,4,GAAAATTTTGAGTCACCCTC,0,865583
dgoRp,0.2,4,4,CTTTTCTCCGCATTAGCCTG,0,844417
dgoRp,0.2,4,4,CTTTCTGCATTCACTATTAA,0,849956
dgoRp,0.2,4,4,CTTGTTGTTAGGGAGCACAT,0,839595
dgoRp,0.2,4,4,CTTGTTGAGGTGTGACCTAC,0,846649
dgoRp,0.2,4,4,CTTGTCGGTAATTTGTTCCA,0,839200
dgoRp,0.2,4,4,CTTGTCGCTAAAAATCACCG,0,846621
dgoRp,0.2,4,4,CTTGCGGGGGTAGAAACTTA,0,838524
dgoRp,0.2,4,4,CTTGAATCCTTTGACAAATC,0,853446
dgoRp,0.2,4,4,CTTCCTGGGTAACGGGAAAT,0,845334
dgoRp,0.2,4,4,CTTCCCACACTTCCGCACAG,0,859275
dgoRp,0.2,4,4,CTTATCATTCGGTTATGCAG,0,844741
dgoRp,0.2,4,4,CTTAGTTAAAAATCGCGCGC,0,851845
dgoRp,0.2,4,4,CTTAGGAAGCTCATGCGGCC,0,853212
dgoRp,0.2,4,4,CTTAATCACTGCACGTTAAT,0,862294
dgoRp,0.2,4,4,CTGGCTGTGCACCAATATCA,0,861527
dgoRp,0.2,4,4,CTGGAACCGCCACTTCGTTT,0,847443
dgoRp,0.2,4,4,CTGCATTGATCTTCCTGAAG,0,858447
dgoRp,0.2,4,4,CTGCATTGAAACCCGCCCTT,0,842909
dgoRp,0.2,4,4,CTGAACCCGTGACTCACTGC,0,839341
dgoRp,0.2,4,4,CTCTTACACCGACAAATATG,0,867041
dgoRp,0.2,4,4,CTCTGTCAACATCACTGCGC,0,859951
dgoRp,0.2,4,4,CTCTCATGGTAGCGTTCAGT,0,855472
dgoRp,0.2,4,4,CTCGTTCAGAAAAGCTTTCT,0,866817
dgoRp,0.2,4,4,CTCGTGTCCTATACCCGAAG,0,845427
dgoRp,0.2,4,4,CTCGAGCTCTAACAATGACC,0,839909
dgoRp,0.2,4,4,CTCGAAAGATCTCAGTCCAC,0,855747
dgoRp,0.2,4,4,CTCCCTGACGTGCAGAGTTC,0,866496
dgoRp,0.2,4,4,CTCCCGCGGGGAGAATAAGG,0,836362
dgoRp,0.2,4,4,CTCCCGATCGCCACAATCTG,0,856600
dgoRp,0.2,4,4,CTCCAACCGCGCCAGTGTTA,0,865153
dgoRp,0.2,4,4,CTCCAAAGTGAGCGCTTTGT,0,859942
dgoRp,0.2,4,4,CTCATGAAGTGAGGGACGGC,0,857275
dgoRp,0.2,4,4,CTCATCTAAGCGCAAGGATC,0,865776
dgoRp,0.2,4,4,CTCAGTATTTGTAGGTGGAT,0,839681
dgoRp,0.2,4,4,CTCACGCCGGTCCCGGACAT,0,844914
dgoRp,0.2,4,4,CTATTGGGTCTTAGATCGGG,0,853510
dgoRp,0.2,4,4,CTATGCTGTCGCATGGAGTA,0,865487
dgoRp,0.2,4,4,CTAGTCCCAAGCTCATCAAT,0,845573
dgoRp,0.2,4,4,CTAGGGAATTGGACGAGTGT,0,861363
dgoRp,0.2,4,4,CTAGCTACTCGCTTTGGAGT,0,848136
dgoRp,0.2,4,4,CTAGAACGTCACACCTCCGT,0,841432
dgoRp,0.2,4,4,CTACCCTGGAAGTCTGCGTT,0,838984
dgoRp,0.2,4,4,CTACCACAGCAGACCTGTCC,0,858211
dgoRp,0.2,4,4,CTACACAAGTGAAGGCTGTT,0,842910
dgoRp,0.2,4,4,CTAATCAGGCGGTTATATCA,0,853661
dgoRp,0.2,4,4,CTAAGGTAAGCATCGTCGCC,0,850599
dgoRp,0.2,4,4,CTAAGAGGATATGAGTACGG,0,838065
dgoRp,0.2,4,4,CGTTTGAATAACGACACACA,0,847120
dgoRp,0.2,4,4,CGTTGGTTACAACGCGCGAA,0,861241
dgoRp,0.2,4,4,CGTTCCTCGAACAGGGTGAA,0,854472
dgoRp,0.2,4,4,CGTTACCAAAGGGCAGGACA,0,853325
dgoRp,0.2,4,4,CGTGGGTAGACCGGGTTAGG,0,849267
dgoRp,0.2,4,4,CGTGGAAGTCCACGCCGATT,0,846618
dgoRp,0.2,4,4,CGTGCTAGCACGTGATGATA,0,853470
dgoRp,0.2,4,4,CGTGATATGTAAATAGGACA,0,861585
dgoRp,0.2,4,4,CGTCTGGCTACTGATACAAC,0,856941
dgoRp,0.2,4,4,CGTATATCGGATCACCATTT,0,847144
dgoRp,0.2,4,4,CGGTTCCTATAGTGACCCGA,0,849773
dgoRp,0.2,4,4,CGGTGCCATGCGGGTTGCCA,0,861185
dgoRp,0.2,4,4,CGGTCCCTAAGGAAATCGAT,0,855717
dgoRp,0.2,4,4,CGGGGGAGCCCGACCGCGGG,0,844841
dgoRp,0.2,4,4,CGGCGGGGCTTTCGTGGGGA,0,837260
dgoRp,0.2,4,4,CGGCCGGCGCGAAAGCTACA,0,842620
dgoRp,0.2,4,4,CGGCCCCCTCTGGGGTGGAA,0,837299
dgoRp,0.2,4,4,CGGCCCATAGGAAGGTCAGT,0,837460
dgoRp,0.2,4,4,CGGAGCCCACCGACCTTTGG,0,859411
dgoRp,0.2,4,4,CGGAATCCGCACTTGATGGA,0,837659
dgoRp,0.2,4,4,CGCTTTTTAGCGAGCGATGG,0,865245
dgoRp,0.2,4,4,CGCTACCTGTCGTGCCCCGG,0,839554
dgoRp,0.2,4,4,CGCGCTATTATCAACCTGGT,0,863709
dgoRp,0.2,4,4,CGCGCGGGAAACACGTAACT,0,852811
dgoRp,0.2,4,4,CGCCTCGCGAAGGCGGCGCT,0,835934
dgoRp,0.2,4,4,CGCCTCGACGGTGGCAGTAC,0,850603
dgoRp,0.2,4,4,CGCCCGCGGGGTTCTGTCAA,0,850536
dgoRp,0.2,4,4,CGCCCAGCCCTCTCGAACCT,0,857858
dgoRp,0.2,4,4,CGCACCAGCTCTGTCGTATA,0,863278
dgoRp,0.2,4,4,CGATTCCGTCGAACTAATTT,0,848637
dgoRp,0.2,4,4,CGATGTTCTTGTCCTACCGG,0,850986
dgoRp,0.2,4,4,CGATGGCAGCGCAGACGATC,0,856616
dgoRp,0.2,4,4,CGATGATGCAATCTCGCCCT,0,854366
dgoRp,0.2,4,4,CGATCAAGATCTCTGCGGAC,0,839936
dgoRp,0.2,4,4,CGAGCTTGAGACACTGCTGG,0,842060
dgoRp,0.2,4,4,CGACGACCCCTACTTTGCTG,0,846601
dgoRp,0.2,4,4,CGACAGCGATGGTAGACTCT,0,847154
dgoRp,0.2,4,4,CGACAACAGGAAACATAGCC,0,840215
dgoRp,0.2,4,4,CGAAGGGCTTATGGGCGGGA,0,854744
dgoRp,0.2,4,4,CCTTTCCACGGTGGAGGCTC,0,845245
dgoRp,0.2,4,4,CCTTTATTCTAGAGAAGGGC,0,847204
dgoRp,0.2,4,4,CCTTGTCCTACGCCTCGGAT,0,837638
dgoRp,0.2,4,4,CCTGTGAGCGTGGACGTCCC,0,863029
dgoRp,0.2,4,4,CCTGCTAGTGCCTACGTAGA,0,852435
dgoRp,0.2,4,4,CCTGCGTCCTGTCTCAGGAG,0,859314
dgoRp,0.2,4,4,CCTCGAAAGCCATGGCCTAG,0,864836
dgoRp,0.2,4,4,CCTCCCCCTGTGACTGTACA,0,862808
dgoRp,0.2,4,4,CCTAGATCAACCACCGCTAA,0,859914
dgoRp,0.2,4,4,CCTAGAACGGCGATGCACAT,0,841463
dgoRp,0.2,4,4,CCTAAACCGTATCTCGCGGA,0,864111
dgoRp,0.2,4,4,CCGTAGCGAAAAATAAATGT,0,857519
dgoRp,0.2,4,4,CCGGCGTACAACGAGACTCA,0,861817
dgoRp,0.2,4,4,CCGGATCATAGAGTTTAAGT,0,842467
dgoRp,0.2,4,4,CCGGACATGGGAGGGCACGG,0,860118
dgoRp,0.2,4,4,CCGCTATCATTATCTGACTT,0,865534
dgoRp,0.2,4,4,CCGCGGGGGCGGGACTATGG,0,846169
dgoRp,0.2,4,4,CCGCGAGCGAAAGTTAGACT,0,840623
dgoRp,0.2,4,4,CCGACGGAGTGGAAGTGGTC,0,848273
dgoRp,0.2,4,4,CCCTGGAGAGTGTTGTGCTG,0,837056
dgoRp,0.2,4,4,CCCGCATAATGTTGCTGCAG,0,864957
dgoRp,0.2,4,4,CCCCAGACCATACTCGATGT,0,855732
dgoRp,0.2,4,4,CCCACCAAGGGAAGAGCGAT,0,846523
dgoRp,0.2,4,4,CCATTTTATGAAGGGCCTCG,0,844030
dgoRp,0.2,4,4,CCATACGAGGCCGCGAGGAA,0,863529
dgoRp,0.2,4,4,CCAGGTCCCGGTAACAAAAC,0,844514
dgoRp,0.2,4,4,CCAGCTAGCAACCTTCGGAT,0,846115
dgoRp,0.2,4,4,CCAGATCGCAGACAGGTCCG,0,848818
dgoRp,0.2,4,4,CCAACAACGGGTATGTAAAA,0,857958
dgoRp,0.2,4,4,CATTCTGTGTAATAACTGCA,0,843893
dgoRp,0.2,4,4,CATTATCCCGATATTATGGG,0,836252
dgoRp,0.2,4,4,CATTACGTGTTAATGAGCAG,0,852259
dgoRp,0.2,4,4,CATGGAAAGGACATCTAGGC,0,852516
dgoRp,0.2,4,4,CATGCTGACCAGATTTTCAA,0,857390
dgoRp,0.2,4,4,CATGAGTCAGGGGACCTTCA,0,843804
dgoRp,0.2,4,4,CATATTTCTCCGCATCATAA,0,836054
dgoRp,0.2,4,4,CATATCACGGGCGATTCGCT,0,847741
dgoRp,0.2,4,4,CATACACGGCATACCTGACT,0,860110
dgoRp,0.2,4,4,CATAAGATGAATAACGACAC,0,864538
dgoRp,0.2,4,4,CAGTTTTGACGCGTCCCCCC,0,853904
dgoRp,0.2,4,4,CAGTTGCGATTCATGTTTAT,0,860810
dgoRp,0.2,4,4,CAGTGATCAGCGTGGTGGGA,0,863796
dgoRp,0.2,4,4,CAGTCGTGGCACGGGGACCG,0,864980
dgoRp,0.2,4,4,CAGTCCTCCCTGCTTTACGT,0,840303
dgoRp,0.2,4,4,CAGTCACATGTGACGCCCCA,0,852655
dgoRp,0.2,4,4,CAGGTCCGACGTGGTGCATT,0,850911
dgoRp,0.2,4,4,CAGGGGTATCACCCTGAGGG,0,849504
dgoRp,0.2,4,4,CAGGGCTGATTGTGCACATA,0,841960
dgoRp,0.2,4,4,CAGGGCTCCAGTTACTTCGT,0,852137
dgoRp,0.2,4,4,CAGGCTCTCGGTATGTCACG,0,850486
dgoRp,0.2,4,4,CAGGACCAACGTTTTGCAGG,0,853448
dgoRp,0.2,4,4,CAGCTGGCACGCGGCTTCCA,0,841883
dgoRp,0.2,4,4,CAGCTACTTGCGCAGCCGTA,0,851215
dgoRp,0.2,4,4,CAGCGGCTTATAAGGGATCT,0,866477
dgoRp,0.2,4,4,CAGCGCTCCCCCACCTGGTT,0,843093
dgoRp,0.2,4,4,CAGCCTATACGATTGCCTAT,0,866482
dgoRp,0.2,4,4,CAGCAGACCTCGGAGAATTT,0,856082
dgoRp,0.2,4,4,CAGATAGCTATAGGGAGGTG,0,862567
dgoRp,0.2,4,4,CAGAAAGTTGGTATCGCGCG,0,853248
dgoRp,0.2,4,4,CACTTTTGGAGAGCGACGGT,0,852625
dgoRp,0.2,4,4,CACTGGCGAGCTAAGCACGG,0,841253
dgoRp,0.2,4,4,CACGATGTATAAAGTTTTGA,0,840047
dgoRp,0.2,4,4,CACGAATACTCAGCGTGCAG,0,858049
dgoRp,0.2,4,4,CACCGTTGGAGTCGGCCCCA,0,860466
dgoRp,0.2,4,4,CACCACTTTCACCTCAACAT,0,866675
dgoRp,0.2,4,4,CACAGGGTACGAGGGAACTA,0,848142
dgoRp,0.2,4,4,CACACTACCGCTACTGCAAC,0,840409
dgoRp,0.2,4,4,CACAAGTACGCTGTGTCTCA,0,854809
dgoRp,0.2,4,4,CAATATTGTAATCGGGGGAA,0,864360
dgoRp,0.2,4,4,CAATAGTACAATAGGAGACA,0,858243
dgoRp,0.2,4,4,CAAGTCGTCGGAAGTTAAAG,0,852620
dgoRp,0.2,4,4,CAAGTCACCGACGAGGAACA,0,857356
dgoRp,0.2,4,4,CAAGGTGAGGATGGTTCACT,0,862646
dgoRp,0.2,4,4,CAAGGGGTCGTAGGTAGTTG,0,838229
dgoRp,0.2,4,4,CAAGCGGAATGTCTCGGAAC,0,865778
dgoRp,0.2,4,4,CAAGCCGCCTACAACCCCGA,0,857135
dgoRp,0.2,4,4,CAAGAAGGCCTGACGACCTT,0,857322
dgoRp,0.2,4,4,CAACGTTGATGTTAAGGCTT,0,847332
dgoRp,0.2,4,4,CAACCTTTCATGCGACCCCG,0,850048
dgoRp,0.2,4,4,CAACCGAACCGCCGAACCCA,0,852006
dgoRp,0.2,4,4,CAAATTGCCGCCAGGCTTGG,0,863794
dgoRp,0.2,4,4,CAAAGTGCGTCAGTTCATCT,0,838740
dgoRp,0.2,4,4,CAAAGATGAGTGCGCGCATG,0,838645
dgoRp,0.2,4,4,CAAACCTCTATTCGCACATT,0,866184
dgoRp,0.2,4,4,CAAAAAAGGACACTCTTCAA,0,859099
dgoRp,0.2,4,4,ATTTTGCCGAATGGTCCCGT,0,840285
dgoRp,0.2,4,4,ATTTTAGGGAATATAGGGTC,0,840244
dgoRp,0.2,4,4,ATTGTCTATAAACCAACCCA,0,845671
dgoRp,0.2,4,4,ATTGGATTTGCGCAGGCACC,0,835888
dgoRp,0.2,4,4,ATTGCGTCACACAGAGCGGC,0,864749
dgoRp,0.2,4,4,ATTGCCACAGCGAGAACAGG,0,843296
dgoRp,0.2,4,4,ATTGACATCCTCAGTCATGG,0,835927
dgoRp,0.2,4,4,ATTGAAGTCTGAATCTAAGC,0,844517
dgoRp,0.2,4,4,ATTCTTGTTCACCAATGTCT,0,854719
dgoRp,0.2,4,4,ATTCTCTAGCAATCGTGTAC,0,856671
dgoRp,0.2,4,4,ATTCTCCACACCGAAGTGGG,0,851746
dgoRp,0.2,4,4,ATTCAAACCCGCTCTAGTTT,0,860043
dgoRp,0.2,4,4,ATTAGTCGGTTCCTGGGACG,0,856726
dgoRp,0.2,4,4,ATTAGGAGCACCGGGTACAT,0,847811
dgoRp,0.2,4,4,ATGTGGTTAAAGTACTAGAT,0,840961
dgoRp,0.2,4,4,ATGGGCGAGAAATCTACGGC,0,844151
dgoRp,0.2,4,4,ATGGGCATTCTCGACTTGCG,0,839703
dgoRp,0.2,4,4,ATGGGCACATTGAATGGCAG,0,845457
dgoRp,0.2,4,4,ATGCTTGGTCATCCAGTTAC,0,852982
dgoRp,0.2,4,4,ATGCTGTGCCTGGCGGCGGG,0,861609
dgoRp,0.2,4,4,ATGCGACTCGTATCCCCGAA,0,861032
dgoRp,0.2,4,4,ATGCAGTGAAACAGCTCAGA,0,860188
dgoRp,0.2,4,4,ATGCAGGGGGTACTAGCTCA,0,840518
dgoRp,0.2,4,4,ATGATCAAGTATTTCATGAA,0,841646
dgoRp,0.2,4,4,ATGAGGGCAAAGTTCCGGCA,0,846679
dgoRp,0.2,4,4,ATGAGGCCGCTGTTTGTGAA,0,849598
dgoRp,0.2,4,4,ATGAAGGATAGAGTCTCGGG,0,848666
dgoRp,0.2,4,4,ATCTTTTAAATGTACTTTAT,0,837037
dgoRp,0.2,4,4,ATCTTCGCTGCGCTCCAACA,0,855275
dgoRp,0.2,4,4,ATCGTGCTCTCAGGATCAGT,0,843195
dgoRp,0.2,4,4,ATCGGACAGTTTATTTTTTA,0,859200
dgoRp,0.2,4,4,ATCCCTCCCGAGTCTACAAT,0,836767
dgoRp,0.2,4,4,ATCAGATGCAAGCTTGCCAC,0,865098
dgoRp,0.2,4,4,ATCAAGCGATCGAAGGGAAA,0,863427
dgoRp,0.2,4,4,ATATACGGCGGGAACCTCTT,0,847543
dgoRp,0.2,4,4,ATAGGATCCCGGAACTTACC,0,861768
dgoRp,0.2,4,4,ATAGCGCGTAGGACCACTTA,0,855459
dgoRp,0.2,4,4,ATAGCGACGCAAAGTCCCAG,0,839702
dgoRp,0.2,4,4,ATAGCCATGACGCATTTAGA,0,865094
dgoRp,0.2,4,4,ATACCCCGACCCCTACCTGC,0,865554
dgoRp,0.2,4,4,ATACATTTGATATTTCTCCT,0,859992
dgoRp,0.2,4,4,ATACAGCCAAGACTGTCGAG,0,858029
dgoRp,0.2,4,4,ATAATGTGAACGCTCGGTTA,0,846064
dgoRp,0.2,4,4,ATAACGGGGGTCGTTATTAC,0,839299
dgoRp,0.2,4,4,AGTTGTATCGTCATAGCTTT,0,858960
dgoRp,0.2,4,4,AGTTGATCAGATCTGCTTAA,0,845292
dgoRp,0.2,4,4,AGTTCCGAAGCGCGGAGACG,0,842085
dgoRp,0.2,4,4,AGTTAGCGCTTCCTCTAGTT,0,856443
dgoRp,0.2,4,4,AGTGCGACCGGGTTACACTA,0,860067
dgoRp,0.2,4,4,AGTCGAGTAAAAAAGTAGAT,0,844903
dgoRp,0.2,4,4,AGTCCTCCTCTGGACTGATC,0,860496
dgoRp,0.2,4,4,AGTCCCTCGAGGACCCGTCG,0,857843
dgoRp,0.2,4,4,AGTCCCTCGAGACACAATGG,0,856679
dgoRp,0.2,4,4,AGTCCCAAAGTTATTTGGAT,0,839918
dgoRp,0.2,4,4,AGTCAATTATCTCGTACGCC,0,862767
dgoRp,0.2,4,4,AGTAGTCAACCTATGATGGC,0,839590
dgoRp,0.2,4,4,AGTACCTGGAGCCCTGACCC,0,843941
dgoRp,0.2,4,4,AGTACCCTGGACGCAAAACT,0,849847
dgoRp,0.2,4,4,AGGTGTAGGAGCGAAGGCAG,0,842759
dgoRp,0.2,4,4,AGGTCTCTGTTTGCGGGATT,0,864960
dgoRp,0.2,4,4,AGGTCGTGGCCCAACGCACC,0,847491
dgoRp,0.2,4,4,AGGGGTAACTTTAGTTCCCT,0,856716
dgoRp,0.2,4,4,AGGGGGGCTATAGCCGGCCA,0,855939
dgoRp,0.2,4,4,AGGGGGCCTTGAAAGATTGG,0,866614
dgoRp,0.2,4,4,AGGGGCAGGGCTGTTGGTGC,0,840135
dgoRp,0.2,4,4,AGGGCCTTAAGGATGAATTT,0,864023
dgoRp,0.2,4,4,AGGCAGCTTCACAATTTATC,0,847772
dgoRp,0.2,4,4,AGGACGTACAGGGTCGAAAA,0,865491
dgoRp,0.2,4,4,AGGACAGATCTAAGGAGAAG,0,838251
dgoRp,0.2,4,4,AGCTCGACATACGACCATAA,0,843435
dgoRp,0.2,4,4,AGCTACGGACCATATACATT,0,857998
dgoRp,0.2,4,4,AGCTAACTTGCGTTTGGGGG,0,857111
dgoRp,0.2,4,4,AGCTAAACCATGGTGCACCA,0,845916
dgoRp,0.2,4,4,AGCGTTGATTCCTTGGTGAC,0,866344
dgoRp,0.2,4,4,AGCGTGTCCCCCCTTCCACC,0,847254
dgoRp,0.2,4,4,AGCGCACGGGACCTATTAGT,0,841067
dgoRp,0.2,4,4,AGCCGTCCTCGGGGCTCACA,0,855638
dgoRp,0.2,4,4,AGCAGTTCTGCAAGGCTCGG,0,846154
dgoRp,0.2,4,4,AGATGTGGGACGTGAGAATC,0,859374
dgoRp,0.2,4,4,AGATATACCAGCCTGTAGCC,0,861029
dgoRp,0.2,4,4,AGAGGCAGGTTAGGATTCTT,0,842217
dgoRp,0.2,4,4,AGAGCGGGACGCAGAGCCGA,0,848187
dgoRp,0.2,4,4,AGACTACGCCTTTAGGCAGC,0,839403
dgoRp,0.2,4,4,AGAAGCCTTGAGCCTACTAC,0,839688
dgoRp,0.2,4,4,AGAAGACCCAGACAGATCAT,0,837369
dgoRp,0.2,4,4,AGAAAGTTTGCTGAAAGCTC,0,849291
dgoRp,0.2,4,4,ACTTAACACCGCGCGCCTAC,0,845385
dgoRp,0.2,4,4,ACTTAAAATTCTAATGTGAG,0,840281
dgoRp,0.2,4,4,ACTGTCACCGGCATGTGTCG,0,861078
dgoRp,0.2,4,4,ACTGCATGGTGCCGAAGCTT,0,854553
dgoRp,0.2,4,4,ACTGAGATTGGCCTAATTAT,0,839867
dgoRp,0.2,4,4,ACTGAGAATGCATCCTACGT,0,854155
dgoRp,0.2,4,4,ACTGACACCTAGAGCCCTAC,0,862864
dgoRp,0.2,4,4,ACTCTAACCGTTCGTCCGGA,0,841621
dgoRp,0.2,4,4,ACTCGCAGGGAAGAATACTA,0,859935
dgoRp,0.2,4,4,ACTCCCTCATGTCCGCAAAT,0,853573
dgoRp,0.2,4,4,ACTCACACGTTGCGTCACCA,0,864191
dgoRp,0.2,4,4,ACTAATGGAGGACCCGAAAA,0,847935
dgoRp,0.2,4,4,ACGTTGAGTGGGGTTAGCCG,0,867274
dgoRp,0.2,4,4,ACGTGTTACCGCACACCGAT,0,844057
dgoRp,0.2,4,4,ACGTGTACATCGTGATCGTA,0,860459
dgoRp,0.2,4,4,ACGTGAGCCCTGGCGCATTA,0,838258
dgoRp,0.2,4,4,ACGTCAAACGTGCTCTTTTC,0,853082
dgoRp,0.2,4,4,ACGGGTTGGCATAGTTACCG,0,863060
dgoRp,0.2,4,4,ACGGGTAACGGTCCACAGAT,0,836648
dgoRp,0.2,4,4,ACGCCGGGCCGTGTAACCTG,0,846439
dgoRp,0.2,4,4,ACGATCTGTGGACCTGTATA,0,850338
dgoRp,0.2,4,4,ACGAGCGCGTAGCGGACTAG,0,839085
dgoRp,0.2,4,4,ACGACGTAGCTGTGCCTCCC,0,867005
dgoRp,0.2,4,4,ACGACCCCCACCTGCCGATG,0,849497
dgoRp,0.2,4,4,ACCTTGGTGTCATACACGCA,0,841698
dgoRp,0.2,4,4,ACCTCGAAACTAGCGATAAT,0,850828
dgoRp,0.2,4,4,ACCTCCGTAGGCATTCTTCC,0,867271
dgoRp,0.2,4,4,ACCGGTGGAGTAGGTATCCC,0,835886
dgoRp,0.2,4,4,ACCGGAGTGGCAGTTAGGAG,0,846325
dgoRp,0.2,4,4,ACCGCCCTACCCAAACAGGA,0,846424
dgoRp,0.2,4,4,ACCGCATTCTTGGTACTTTG,0,844855
dgoRp,0.2,4,4,ACCCTTGGTCGCTCTCGGGG,0,840800
dgoRp,0.2,4,4,ACCCTTAGACGGTGGGTGAT,0,844330
dgoRp,0.2,4,4,ACCCTACGTACGGGGAAGGT,0,840094
dgoRp,0.2,4,4,ACCCAGTACTCATTACCCCA,0,848964
dgoRp,0.2,4,4,ACCCAGGTTCAACATAGCAA,0,842064
dgoRp,0.2,4,4,ACCCACCGCAACAGTTGATA,0,839344
dgoRp,0.2,4,4,ACCCAATCCTTGATCATGGA,0,844132
dgoRp,0.2,4,4,ACCAGTTCCCTAAAGACAGG,0,866478
dgoRp,0.2,4,4,ACCACTGTATAGGATTAATT,0,849532
dgoRp,0.2,4,4,ACCAATACGGGAGAGGGGGT,0,844350
dgoRp,0.2,4,4,ACATTCGCCAGGAATGGCTG,0,859321
dgoRp,0.2,4,4,ACATTCACCGCTTCTTCTCA,0,858312
dgoRp,0.2,4,4,ACATTAGAAATACGCAAGTT,0,842054
dgoRp,0.2,4,4,ACATCTATGCCCGGTGTTCG,0,852143
dgoRp,0.2,4,4,ACATAGACATCAACGGATCA,0,847071
dgoRp,0.2,4,4,ACATACTGTCGATACCCGAC,0,861411
dgoRp,0.2,4,4,ACAGTGCTTGATGCGTTCTA,0,854424
dgoRp,0.2,4,4,ACAGTATTTCGGGTTGAGAG,0,861793
dgoRp,0.2,4,4,ACAGTAATCCATCTATTGAG,0,845461
dgoRp,0.2,4,4,ACAGAGTCAAGGCGGACATT,0,861367
dgoRp,0.2,4,4,ACACGCAGCGATAGATTCGT,0,861308
dgoRp,0.2,4,4,ACACCTGCAAATTCAGTTAA,0,857812
dgoRp,0.2,4,4,ACACCCAAATCTGGGCCATA,0,845030
dgoRp,0.2,4,4,ACAATTACCTCAGGCCTAAG,0,844288
dgoRp,0.2,4,4,ACAAGCTTTGCCTACAAGCG,0,854907
dgoRp,0.2,4,4,AATTTGTGCCTCCGGGCTGA,0,842138
dgoRp,0.2,4,4,AATGTGGAATATCTCTGACT,0,853704
dgoRp,0.2,4,4,AATGTGAAGTGAAATGTAAC,0,838300
dgoRp,0.2,4,4,AATGCTACTTCGACACTATA,0,867455
dgoRp,0.2,4,4,AATCGAGACTTTCAGTCTAC,0,862961
dgoRp,0.2,4,4,AATCCGCGTGTCCCGACTCT,0,849344
dgoRp,0.2,4,4,AATAGTATTAGACGGAGAGT,0,840709
dgoRp,0.2,4,4,AAGTCACCCAAGGTGGTAAG,0,858103
dgoRp,0.2,4,4,AAGGGTCCCATGTAGAATAC,0,840749
dgoRp,0.2,4,4,AAGGATAGACCCACCAGGGA,0,857996
dgoRp,0.2,4,4,AAGCGCTTGAGGCACACCGA,0,858192
dgoRp,0.2,4,4,AAGAGGATTCGGTAATCTAA,0,845731
dgoRp,0.2,4,4,AAGACGGATTAGCTAACTAT,0,863197
dgoRp,0.2,4,4,AAGAAGTTACGCCCCGCTCC,0,851141
dgoRp,0.2,4,4,AACTCGTACTGTCCATTGAA,0,845648
dgoRp,0.2,4,4,AACTAAAACTTTCTTGACAA,0,839997
dgoRp,0.2,4,4,AACGTCGCTCCGACGAAGTC,0,854757
dgoRp,0.2,4,4,AACGGCGCACCTCGGCTCAC,0,858598
dgoRp,0.2,4,4,AACGGAGACCTGGAACATGT,0,866639
dgoRp,0.2,4,4,AACGGAATGGTCAGGCGCGC,0,851209
dgoRp,0.2,4,4,AACGCTCTCTGACGATCTCT,0,866846
dgoRp,0.2,4,4,AACGCGATGGCTCTTTCGTC,0,836459
dgoRp,0.2,4,4,AACGATGGCCCTCTCCCGAG,0,842245
dgoRp,0.2,4,4,AACGAGGGCACGGGGCACGC,0,851714
dgoRp,0.2,4,4,AACCCTATGGAGAGTCCTGT,0,844791
dgoRp,0.2,4,4,AACAACAACCTCTGATGCTA,0,838256
dgoRp,0.2,4,4,AAATTGTTTTTACCACCGGA,0,857591
dgoRp,0.2,4,4,AAATGTTCTGGTTCACCTTC,0,861582
dgoRp,0.2,4,4,AAATGAATTGGCGCTTTGAC,0,855719
dgoRp,0.2,4,4,AAATCTATGAGTGAGTATAG,0,853094
dgoRp,0.2,4,4,AAAGTGCGGGAACGGATACA,0,844795
dgoRp,0.2,4,4,AAAGTCGCGGCTACATTACG,0,856342
dgoRp,0.2,4,4,AAAGCTCAGCAATTGTCATG,0,861242
dgoRp,0.2,4,4,AAAGCGTCGGGCAGTTTGCT,0,854554
dgoRp,0.2,4,4,AAACGTGTAGGCGGAAACAT,0,849599
dgoRp,0.2,4,4,AAACGCCGAAGTAATGCGTG,0,853631
dgoRp,0.2,4,4,AAACATGAGCGGTCCGGCTA,0,858878
dgoRp,0.2,4,4,AAAATACTCGCTCTATAATA,0,848649
dgoRp,0.2,4,4,AAAACACGCTGATTCGCAAA,0,839059
dgoRp,0.25,3,3,TTTTTCTGAACTTGAGCCCT,0,851269
dgoRp,0.25,3,3,TTTTGTTAGTAACGCGGAGA,0,844885
dgoRp,0.25,3,3,TTTTGTAGGCTCAACTCCGA,0,839838
dgoRp,0.25,3,3,TTTTGGTCATGGGGCCACCA,0,859417
dgoRp,0.25,3,3,TTTTCCCTCACATTCCGGGC,0,859969
dgoRp,0.25,3,3,TTTGTCCCCGTTACAATATT,0,852479
dgoRp,0.25,3,3,TTTGCCTCTCCGTCCGGAAC,0,849805
dgoRp,0.25,3,3,TTTATTGTCCGTACTAAGCC,0,836046
dgoRp,0.25,3,3,TTTACATTGACCCTAACAAT,0,851166
dgoRp,0.25,3,3,TTTACAACCAGGCCACACCT,0,862065
dgoRp,0.25,3,3,TTGTTACCGGGGGGATGAGA,0,859593
dgoRp,0.25,3,3,TTGTGGAGCAACCAACGTAA,0,847551
dgoRp,0.25,3,3,TTGTGATTCTCGATTCTGGT,0,850337
dgoRp,0.25,3,3,TTGGTAAGTCTGCGTTCGAC,0,860610
dgoRp,0.25,3,3,TTGGGAGACAGTTCACATTG,0,850191
dgoRp,0.25,3,3,TTGGAACGGTGGCCGCCATG,0,857582
dgoRp,0.25,3,3,TTGGAACCCATAGGGAGAAC,0,861341
dgoRp,0.25,3,3,TTGCGTCTTTCCTACGGAAC,0,858908
dgoRp,0.25,3,3,TTGCGGGATGAAAGGAGTTC,0,837634
dgoRp,0.25,3,3,TTGCGAGCTCCTCGAATAGT,0,836567
dgoRp,0.25,3,3,TTCTCTGGCCGCATACGCGT,0,865513
dgoRp,0.25,3,3,TTCGGGTAGGGCGAGTGTAC,0,863881
dgoRp,0.25,3,3,TTCGATGGCTCCGGTCGTGG,0,865097
dgoRp,0.25,3,3,TTCGACTCCCCTCACCCTCG,0,837205
dgoRp,0.25,3,3,TTCCCCGTCTTAGGATGGTT,0,847074
dgoRp,0.25,3,3,TTCAGGCGTGCTTCTGCTGA,0,846146
dgoRp,0.25,3,3,TTCAGCGAAATTATTAATCT,0,866049
dgoRp,0.25,3,3,TTATACTTACGGAAGGACAA,0,840081
dgoRp,0.25,3,3,TTAGTAACTGGGAAATGTTT,0,849401
dgoRp,0.25,3,3,TTAGCGCACAGCCTCTACTT,0,842846
dgoRp,0.25,3,3,TTACCACTTGTCTACGCGTG,0,857967
dgoRp,0.25,3,3,TTAAGAGACGTGCGGGCGCG,0,857340
dgoRp,0.25,3,3,TGTTTTCTTGGACTTCTTGA,0,865256
dgoRp,0.25,3,3,TGTTCATTAATTTCGCTCTT,0,845694
dgoRp,0.25,3,3,TGTGTTTGAAGACAAATCTA,0,845902
dgoRp,0.25,3,3,TGTGCCGGTTGCAGAGGGAA,0,850596
dgoRp,0.25,3,3,TGTGACGAAGGTGGGGACAA,0,842713
dgoRp,0.25,3,3,TGTCTCATGAGCGGCTGGCG,0,855977
dgoRp,0.25,3,3,TGTCGTCTAAATATCCTAAA,0,852303
dgoRp,0.25,3,3,TGTCGCTCAAATCAGCGCAT,0,864514
dgoRp,0.25,3,3,TGTATTGCGACCCCGACTAT,0,866721
dgoRp,0.25,3,3,TGTATGGGGGCAGACTTGTG,0,863264
dgoRp,0.25,3,3,TGTACATCATGGAAACTCCT,0,837086
dgoRp,0.25,3,3,TGGTTTGGAGTGCATGGCCT,0,867046
dgoRp,0.25,3,3,TGGTTACTGGAAAGGCCGAC,0,839929
dgoRp,0.25,3,3,TGGTTAATCACGCTCTAACA,0,846699
dgoRp,0.25,3,3,TGGGTTGCTTAATGGAACTA,0,859060
dgoRp,0.25,3,3,TGGGTGGAGGGTACGTAACT,0,862045
dgoRp,0.25,3,3,TGGGTCCGGAAGGAGGGACT,0,855722
dgoRp,0.25,3,3,TGGGCAGAACTCGACAAGAC,0,866118
dgoRp,0.25,3,3,TGGGACATTAATTCATTAAC,0,863604
dgoRp,0.25,3,3,TGGCGTGATCGAGTCGAAAG,0,852454
dgoRp,0.25,3,3,TGGCGCCGCAAAAGGTAAAC,0,843903
dgoRp,0.25,3,3,TGGCCGAGCTGGTGGTGATA,0,852494
dgoRp,0.25,3,3,TGGCCCCTGGAAAATAACTC,0,865632
dgoRp,0.25,3,3,TGGCCAGTAGAGATGGTACA,0,846007
dgoRp,0.25,3,3,TGGATCAACTACGGTGGTTG,0,838844
dgoRp,0.25,3,3,TGGAGGCTATCCACCGTTGA,0,836722
dgoRp,0.25,3,3,TGGAGCTACCGTCGCTAGTA,0,858828
dgoRp,0.25,3,3,TGGACTCGTGGCGCACTCAC,0,865553
dgoRp,0.25,3,3,TGGACATTCAGAGGAGACCA,0,863824
dgoRp,0.25,3,3,TGGAATTATTATCTTCGGAG,0,839949
dgoRp,0.25,3,3,TGGAATATTCTGGGCAATGT,0,841820
dgoRp,0.25,3,3,TGCTGATCCACAACCTGGCT,0,850330
dgoRp,0.25,3,3,TGCTGACTGCCTCAGTATCC,0,843263
dgoRp,0.25,3,3,TGCTCTGTGATCCTCGCGGA,0,841280
dgoRp,0.25,3,3,TGCTATCTCTTCTCTTATAG,0,844662
dgoRp,0.25,3,3,TGCTAAGGATGACTCCTTTA,0,837070
dgoRp,0.25,3,3,TGCGTGTCGCCGTGGGGCTA,0,862014
dgoRp,0.25,3,3,TGCGTGATATGGGATGCAAC,0,861272
dgoRp,0.25,3,3,TGCGGCGGGATGGAGAGTCA,0,845007
dgoRp,0.25,3,3,TGCGCCGGTTTTCGGGACCT,0,843460
dgoRp,0.25,3,3,TGCCTTCTACAACATTTTAA,0,852575
dgoRp,0.25,3,3,TGCCTTACTCATTAGGTCGC,0,843331
dgoRp,0.25,3,3,TGCCTCCCCCCTGGGGCACT,0,847713
dgoRp,0.25,3,3,TGCCGCATTTTACCCGGGGT,0,850035
dgoRp,0.25,3,3,TGCCCGTGGATTCTCGTAGG,0,850064
dgoRp,0.25,3,3,TGCATGACATCAAGGACTGG,0,850025
dgoRp,0.25,3,3,TGCACGAACTTGGATAAGTT,0,867459
dgoRp,0.25,3,3,TGCAAAGAAGCACATTGTCA,0,859115
dgoRp,0.25,3,3,TGATGGGTTGTGTGGGGCTC,0,842098
dgoRp,0.25,3,3,TGATCAATGAGCAGTATCCA,0,837400
dgoRp,0.25,3,3,TGACAGCGGTCAAATCGGTT,0,842208
dgoRp,0.25,3,3,TGAATGGGATCGACCGGGCA,0,841903
dgoRp,0.25,3,3,TGAAGTACGCCGGGATCCGA,0,836232
dgoRp,0.25,3,3,TGAACTTTCGCTTAAACTCA,0,861806
dgoRp,0.25,3,3,TGAAAACGCAAATTACTGAT,0,864926
dgoRp,0.25,3,3,TCTTTTGAATGTATCGGTTC,0,854348
dgoRp,0.25,3,3,TCTTTGCGGCCGTAGGTCCG,0,856176
dgoRp,0.25,3,3,TCTTCATAGCGTTCCGTTCA,0,845296
dgoRp,0.25,3,3,TCTTATTTTACAATATCGAA,0,864803
dgoRp,0.25,3,3,TCTGTATAGTGCATTTGACT,0,846935
dgoRp,0.25,3,3,TCTCTGTTTATTTTCCCCGT,0,844500
dgoRp,0.25,3,3,TCTATTGCAATTTACTCCAG,0,865568
dgoRp,0.25,3,3,TCTATCCCCTGCTGGCCGCG,0,849633
dgoRp,0.25,3,3,TCTAGTTAGTTTTGGCGCTA,0,836789
dgoRp,0.25,3,3,TCGTTTGATCTGCCTGCGAA,0,858084
dgoRp,0.25,3,3,TCGTTCACACCCCCCGGGCC,0,845051
dgoRp,0.25,3,3,TCGTCTTGACCGGTACAGAT,0,864720
dgoRp,0.25,3,3,TCGTCAGTCTTGATAACCCT,0,865350
dgoRp,0.25,3,3,TCGTATCGTAAGAAAGTCAG,0,846809
dgoRp,0.25,3,3,TCGGTTGATCACCAGGAATG,0,844563
dgoRp,0.25,3,3,TCGGCATTCGGGATATAGAC,0,844411
dgoRp,0.25,3,3,TCGGCAGACAAGCCGGGGTC,0,854994
dgoRp,0.25,3,3,TCGAGTTTAAGGTTGATGTT,0,843540
dgoRp,0.25,3,3,TCGAGGGGCAGTCGGTAACA,0,854108
dgoRp,0.25,3,3,TCGACTTGGTCGGTGAATAC,0,856961
dgoRp,0.25,3,3,TCCTGGGCTTCAAAGATTAG,0,843385
dgoRp,0.25,3,3,TCCGTTTCTCGCTTAGGACC,0,846191
dgoRp,0.25,3,3,TCCGTAGTAATGGACCATGC,0,851460
dgoRp,0.25,3,3,TCCCTCAATGGTCACGCCAT,0,855277
dgoRp,0.25,3,3,TCCCGTTTTTCTGGCCCTGG,0,836723
dgoRp,0.25,3,3,TCCCGTGAGTGAAGGTCAAA,0,859328
dgoRp,0.25,3,3,TCCCGGTTCGCTCGCTCCGA,0,851195
dgoRp,0.25,3,3,TCCCGCAAACGAGCGGATGT,0,850691
dgoRp,0.25,3,3,TCCAGGTCTCCCCGGGTCCG,0,861140
dgoRp,0.25,3,3,TCCAGCATTCATCACTTAGC,0,837160
dgoRp,0.25,3,3,TCCACAGGCACTTACCGAAG,0,840669
dgoRp,0.25,3,3,TCATTGTATGCAATAGTCGT,0,856767
dgoRp,0.25,3,3,TCATTATAATCTGGATTCAA,0,844673
dgoRp,0.25,3,3,TCATCGTTGCGGTCAACCAA,0,839785
dgoRp,0.25,3,3,TCATCCCCGGGTTTCCTTTG,0,850047
dgoRp,0.25,3,3,TCATACGGGATTACGCTCCT,0,852668
dgoRp,0.25,3,3,TCATAAGTCAGACGAGACTG,0,843051
dgoRp,0.25,3,3,TCACTTGGCACGGCCTCATC,0,864881
dgoRp,0.25,3,3,TCACGGGACCGTCATTAGTC,0,844171
dgoRp,0.25,3,3,TCAATTCGGGAGCAAGCGTT,0,840024
dgoRp,0.25,3,3,TCAAGGAAAATTAAAGCAGT,0,856228
dgoRp,0.25,3,3,TCAACTAATAGCTAGCGTAA,0,861794
dgoRp,0.25,3,3,TCAACCTCTCGTACGTGACT,0,843184
dgoRp,0.25,3,3,TATTGTGGCAGGTGGCAGAA,0,840850
dgoRp,0.25,3,3,TATTATGTGTAATTTCTACG,0,849718
dgoRp,0.25,3,3,TATTACGGGAAAAAAAGTTT,0,857367
dgoRp,0.25,3,3,TATGCGGACGCTACCCCTTC,0,853467
dgoRp,0.25,3,3,TATGCAAAATCGATACGGTC,0,844352
dgoRp,0.25,3,3,TATGACTGGCCGAAGAGGTT,0,848529
dgoRp,0.25,3,3,TATCTCGGACGGTAAGGAGG,0,857656
dgoRp,0.25,3,3,TATCATAGCTCTCGTTACAG,0,844660
dgoRp,0.25,3,3,TATCAGACCGAACTGTGGCA,0,847730
dgoRp,0.25,3,3,TATCACGATAAAAATTAGTA,0,836773
dgoRp,0.25,3,3,TAGGTGCTAGTCCATGATTA,0,844483
dgoRp,0.25,3,3,TAGGCCGGCCGTCGTGACGC,0,851312
dgoRp,0.25,3,3,TAGGAGAGCCCTAGAAGTCA,0,856013
dgoRp,0.25,3,3,TAGGAAGCGGGATAGAGGCT,0,866964
dgoRp,0.25,3,3,TAGCTGGTCTGGTAAATGAA,0,857931
dgoRp,0.25,3,3,TAGCCTCGTGGGGATATCCT,0,839945
dgoRp,0.25,3,3,TAGATCGTCTGTCCCCCCTT,0,859755
dgoRp,0.25,3,3,TAGATCACATCGAAATAGCC,0,847454
dgoRp,0.25,3,3,TAGATATCGGGTAGCGCCAA,0,864358
dgoRp,0.25,3,3,TAGATATAATTGAGCGTCAT,0,858646
dgoRp,0.25,3,3,TAGAGCTATAGGGCTTGTTC,0,844091
dgoRp,0.25,3,3,TAGACGGTTCTATCGCAAGA,0,865610
dgoRp,0.25,3,3,TACTGGTCTTGTAGTACTAT,0,835944
dgoRp,0.25,3,3,TACTGGGGCATACTGACGTT,0,838437
dgoRp,0.25,3,3,TACGGCGGAGCGCACACACT,0,840531
dgoRp,0.25,3,3,TACGGAGGCGTCGAAACGGT,0,861829
dgoRp,0.25,3,3,TACGGACGTGTCCTCTAGTG,0,839427
dgoRp,0.25,3,3,TACCTCTGTGGAACCTGGCG,0,863444
dgoRp,0.25,3,3,TACCTCTCGTATGCATTACT,0,838883
dgoRp,0.25,3,3,TACCCTCCGGGTTCTCCATG,0,862554
dgoRp,0.25,3,3,TACCCGAGTAGCTTGTGTAA,0,836759
dgoRp,0.25,3,3,TACATTTAAGGATGCCCAAA,0,860554
dgoRp,0.25,3,3,TACAGAACACCGTTAAAATT,0,845673
dgoRp,0.25,3,3,TACACAGAGGTGCAGTTCAT,0,846972
dgoRp,0.25,3,3,TACAACCGGTACGCCGACTC,0,847696
dgoRp,0.25,3,3,TAATCTCCACCGTTTACGGT,0,847863
dgoRp,0.25,3,3,TAAGTGATTAGTCAGATCTT,0,863599
dgoRp,0.25,3,3,TAAGTAAAGGTTTGGTTAAT,0,851072
dgoRp,0.25,3,3,TAAGATTTTACTCCTCGCCT,0,845186
dgoRp,0.25,3,3,TAAGAATTCAGAGATCTGAC,0,862523
dgoRp,0.25,3,3,TAACGACAGTCACTGTAGCT,0,859940
dgoRp,0.25,3,3,TAACCCGGCCCAAGACCAAC,0,839127
dgoRp,0.25,3,3,TAAATTCGGTAATATACACG,0,855768
dgoRp,0.25,3,3,TAAACAGGTGTGTACAAAAT,0,848791
dgoRp,0.25,3,3,GTTTGTCCTGACATTAAGAC,0,856344
dgoRp,0.25,3,3,GTTTCTTTTGCCGACATGCC,0,859515
dgoRp,0.25,3,3,GTTTAAAGGCAAGTTTCAAA,0,836351
dgoRp,0.25,3,3,GTTGCTTCTAGGGCGTGCGC,0,858681
dgoRp,0.25,3,3,GTTGAATCGGCAATCTACGA,0,845294
dgoRp,0.25,3,3,GTTCTGGAACCTTGGTAGGT,0,853126
dgoRp,0.25,3,3,GTGGTGGTGGCACTCCTGCA,0,860111
dgoRp,0.25,3,3,GTGGGTGCCGTAGAACAGCA,0,848912
dgoRp,0.25,3,3,GTGGCGTCTTTGCCTATTAG,0,850208
dgoRp,0.25,3,3,GTGGCCGGGCAAATGAAAGC,0,842013
dgoRp,0.25,3,3,GTGGAGGATTATCCTCGGCC,0,849981
dgoRp,0.25,3,3,GTGCTTCGTAGAATTATAGC,0,860950
dgoRp,0.25,3,3,GTGCCTGCACGTAAGCTGTT,0,861247
dgoRp,0.25,3,3,GTGCCATACTATTAGAAGAC,0,854482
dgoRp,0.25,3,3,GTGCAAGTTACATGCGACAA,0,853001
dgoRp,0.25,3,3,GTGATTAAAGTATTATCAGC,0,852902
dgoRp,0.25,3,3,GTGAGAGCCCGCCACAAGTG,0,838425
dgoRp,0.25,3,3,GTCTGAAAAGGACCTGTCGC,0,861459
dgoRp,0.25,3,3,GTCTCTGTGCATTTGAGTGA,0,839783
dgoRp,0.25,3,3,GTCTATATAGTATACACGGG,0,852049
dgoRp,0.25,3,3,GTCTAATCGTAGCGCTTCAT,0,846677
dgoRp,0.25,3,3,GTCGAGTTAATCTATTCCAT,0,858187
dgoRp,0.25,3,3,GTCGAGGCGAAGGGGCCGAT,0,861067
dgoRp,0.25,3,3,GTCCTTCCCAGTAAGCGCCC,0,850282
dgoRp,0.25,3,3,GTCCTATTAGCCGTGTCCAA,0,847913
dgoRp,0.25,3,3,GTCCGGCCATGACCAAGGCA,0,853596
dgoRp,0.25,3,3,GTCCCTTGGCTACCAAGGGG,0,853125
dgoRp,0.25,3,3,GTCCACTCTCCGCCAAGGGA,0,858551
dgoRp,0.25,3,3,GTCATGCCCAGGCCGGTGGC,0,849780
dgoRp,0.25,3,3,GTCACATTCTGTGGACTGAA,0,846874
dgoRp,0.25,3,3,GTATTCACCCTGTTGTCGGA,0,840005
dgoRp,0.25,3,3,GTATCTCATGCGAAAGAATG,0,842598
dgoRp,0.25,3,3,GTAGGGGAAGTATTTGTAAC,0,845288
dgoRp,0.25,3,3,GTAGCTCCTATACTATAGTT,0,856139
dgoRp,0.25,3,3,GTAGCGTGGTAGGATGCTGT,0,864167
dgoRp,0.25,3,3,GTACAACGCTATGTGGAGAG,0,842913
dgoRp,0.25,3,3,GTAACGGGGGACAGTCATAT,0,854746
dgoRp,0.25,3,3,GGTTGGATATAGGAAGAAAG,0,866114
dgoRp,0.25,3,3,GGTTAAGTATGATAATAAGT,0,836720
dgoRp,0.25,3,3,GGTGTTGTTGTGAGATCTAA,0,845345
dgoRp,0.25,3,3,GGTGGACTGTCCTTTGGAGA,0,847351
dgoRp,0.25,3,3,GGTGAGGAAGCGGGTTCACA,0,851991
dgoRp,0.25,3,3,GGTGAACTTAGAGTTGAGGT,0,861088
dgoRp,0.25,3,3,GGTCGGTTTAAAATCCGAGT,0,848422
dgoRp,0.25,3,3,GGTCGCAACACCCCGCTCGA,0,862876
dgoRp,0.25,3,3,GGTCGAGATATAGCAGTAAG,0,861293
dgoRp,0.25,3,3,GGTCCAGGTTTCGTACACGA,0,859760
dgoRp,0.25,3,3,GGTCCACCCACCGGCATGCA,0,855481
dgoRp,0.25,3,3,GGTAGTCCAGTATTGGTACC,0,858962
dgoRp,0.25,3,3,GGTAGGGAGAAAATTCTGAC,0,856534
dgoRp,0.25,3,3,GGGTGTCTTCGCGCGTCCGT,0,844648
dgoRp,0.25,3,3,GGGTATTTCACCGTGTACAG,0,853868
dgoRp,0.25,3,3,GGGGTTCCCCAGTCATGCGT,0,847113
dgoRp,0.25,3,3,GGGGTACCAAGTGCGTACGT,0,856919
dgoRp,0.25,3,3,GGGGACCATTGCGTCGTAGT,0,852917
dgoRp,0.25,3,3,GGGCAGTAAGGATGGTATTT,0,857569
dgoRp,0.25,3,3,GGGCACTCGCGGAGTCCCTG,0,853554
dgoRp,0.25,3,3,GGGCACGATTAACCGATATC,0,862456
dgoRp,0.25,3,3,GGGCAAAGGCGCTCGGTTTT,0,850032
dgoRp,0.25,3,3,GGCTTCAGTACCCGGGAGTG,0,840767
dgoRp,0.25,3,3,GGCTGTTGGAGTAGTAAATG,0,846509
dgoRp,0.25,3,3,GGCTGTGCCCTGGAAGGCTT,0,858419
dgoRp,0.25,3,3,GGCGTCGTTGGGCTCAGGAT,0,861560
dgoRp,0.25,3,3,GGCGTCCGTGGAATCCACAG,0,837116
dgoRp,0.25,3,3,GGCGCGCTGGGATCGCTACC,0,850449
dgoRp,0.25,3,3,GGCGAGGGACATTACATTAG,0,847498
dgoRp,0.25,3,3,GGCCGTAGTGTTCTGCACGC,0,852041
dgoRp,0.25,3,3,GGCCCCTTCAACAGAGGTCT,0,858903
dgoRp,0.25,3,3,GGCCATATCCCAATTTCCAA,0,856453
dgoRp,0.25,3,3,GGCCACGGACGCTAAGCTGG,0,857072
dgoRp,0.25,3,3,GGCATTTCAGGACCCCCAAT,0,861991
dgoRp,0.25,3,3,GGCATGGCGCCAAACCACAT,0,865297
dgoRp,0.25,3,3,GGCACCTTATAAGAATTATA,0,848173
dgoRp,0.25,3,3,GGCACAGACTCCCGGACGCG,0,848968
dgoRp,0.25,3,3,GGCACAAACCCATCAACTTC,0,849949
dgoRp,0.25,3,3,GGATGGGTTTCTTATATATC,0,845012
dgoRp,0.25,3,3,GGATGCAAATACGTACTCCA,0,851957
dgoRp,0.25,3,3,GGATCCTAGAACTGCGAGTC,0,855300
dgoRp,0.25,3,3,GGAGTAATGTTGTGTCCTAT,0,837514
dgoRp,0.25,3,3,GGAGAAGCTCGGCAGCGTCA,0,859493
dgoRp,0.25,3,3,GGACGAGCACTGTGACTTAG,0,858466
dgoRp,0.25,3,3,GGACCCGCCGGGACCCCAGT,0,854815
dgoRp,0.25,3,3,GGACATTGCCGAGTGCTTAG,0,851060
dgoRp,0.25,3,3,GGACACCTTATGGGACTCAT,0,842326
dgoRp,0.25,3,3,GGACAAGGAGTATACTCAGG,0,846729
dgoRp,0.25,3,3,GGACAACAAAGCGGTTATAA,0,864100
dgoRp,0.25,3,3,GGAATCACCCGGTCGGGTAT,0,840019
dgoRp,0.25,3,3,GCTGTCGTTGTATAAAGGAC,0,866850
dgoRp,0.25,3,3,GCTGGTGCACTGCTATTAGC,0,846627
dgoRp,0.25,3,3,GCTGATCACAAAAACAATTT,0,850230
dgoRp,0.25,3,3,GCTCGTTTCCGCTAGTGAAT,0,859976
dgoRp,0.25,3,3,GCTCAATCGGATGTGATTCC,0,862868
dgoRp,0.25,3,3,GCTAGAGGAGGGAATGATGT,0,838439
dgoRp,0.25,3,3,GCGTGGATACAATCTGCTTT,0,858459
dgoRp,0.25,3,3,GCGTATATCTGAAGCCAATC,0,845290
dgoRp,0.25,3,3,GCGGGTATAAAGAGGCGAAG,0,848178
dgoRp,0.25,3,3,GCGGGCTCCAGGTTGCAGGC,0,853333
dgoRp,0.25,3,3,GCGGAGCATCCGGTTGTCGA,0,860930
dgoRp,0.25,3,3,GCGCTTTGAGGTCTCTGCAG,0,842135
dgoRp,0.25,3,3,GCGCTAACGCCGTCATGTCA,0,845618
dgoRp,0.25,3,3,GCGCGGGAATGACAAGGCGC,0,854375
dgoRp,0.25,3,3,GCGCGCCCATTTGATGTAAA,0,862354
dgoRp,0.25,3,3,GCGCCAGAGAGTGCTCGATT,0,856212
dgoRp,0.25,3,3,GCGCAAGCTTAATCAACGAC,0,854521
dgoRp,0.25,3,3,GCCTACGTGCTTGCTCCCCC,0,852840
dgoRp,0.25,3,3,GCCGTCAATTTTTAAGTTGA,0,836086
dgoRp,0.25,3,3,GCCCGGGGGCGACACAAGGT,0,854922
dgoRp,0.25,3,3,GCCCCCGGAGAGCCTCAGAC,0,848190
dgoRp,0.25,3,3,GCCCACGCAAACGAGTGAGA,0,839592
dgoRp,0.25,3,3,GCCATCTCTAAACCCTTGAA,0,837231
dgoRp,0.25,3,3,GCCATCAGGCTTGTGTCTGG,0,843982
dgoRp,0.25,3,3,GCCAGTCCGTGATGGGGGCA,0,863984
dgoRp,0.25,3,3,GCATGAGGCTGGTAACAAAA,0,838674
dgoRp,0.25,3,3,GCATCCTCGGTAGTGTGTAG,0,849803
dgoRp,0.25,3,3,GCATCCCTGTTAGGTTTGAT,0,838412
dgoRp,0.25,3,3,GCATCAGCGGACCGCACATG,0,838402
dgoRp,0.25,3,3,GCAGGGTTGGAATAGCGGAT,0,860491
dgoRp,0.25,3,3,GCAGCGAGCACCGCTCCGAC,0,850913
dgoRp,0.25,3,3,GCAGATACGCGGAACCATCG,0,836974
dgoRp,0.25,3,3,GCACTGGGCCTTAAGTAAGC,0,842447
dgoRp,0.25,3,3,GCACGACCACTATATCGCTA,0,852305
dgoRp,0.25,3,3,GCACCTTAATTTTGGAGCGC,0,842872
dgoRp,0.25,3,3,GCACACACCGGGCTAAATGC,0,855159
dgoRp,0.25,3,3,GCAATTTCTATGCCGCAGTA,0,836977
dgoRp,0.25,3,3,GCAATGCATCTAAGGATTTT,0,862418
dgoRp,0.25,3,3,GCAATCCAGTACATCCCGAA,0,861183
dgoRp,0.25,3,3,GCAACGGATCCGCCGTTGTA,0,851905
dgoRp,0.25,3,3,GATTTAAACCTGGGGTACCC,0,856971
dgoRp,0.25,3,3,GATTCTAGGTTCTGCCCCTG,0,864410
dgoRp,0.25,3,3,GATTATAGGGCGGCGTGAGT,0,866183
dgoRp,0.25,3,3,GATTAGTCAGTGCATCAAAA,0,864632
dgoRp,0.25,3,3,GATGTGGGAGTAGGCCGTCG,0,864519
dgoRp,0.25,3,3,GATGCAAATATCCTACTCGA,0,866432
dgoRp,0.25,3,3,GATCGTATTCGTCGGCTGGG,0,865228
dgoRp,0.25,3,3,GATCGAGCGGCATAGTCGTA,0,861659
dgoRp,0.25,3,3,GATCCTATTAGACGTGAACC,0,861314
dgoRp,0.25,3,3,GAGTGGTATAATCATTCAAT,0,856311
dgoRp,0.25,3,3,GAGTCATTGCTACGAATGTC,0,861164
dgoRp,0.25,3,3,GAGTATCGGAAACGGCCTCA,0,860821
dgoRp,0.25,3,3,GAGTAGTGCAAGCGCGGACA,0,856663
dgoRp,0.25,3,3,GAGTAGTCGTGGTTGTCACT,0,846947
dgoRp,0.25,3,3,GAGGGAACTTCTTGGTGGCC,0,853379
dgoRp,0.25,3,3,GAGAGTAAACCCATGTAACC,0,837035
dgoRp,0.25,3,3,GAGAGATGCAGCCCAGTCGT,0,849524
dgoRp,0.25,3,3,GACTGTAGCATGCTAAATCC,0,866242
dgoRp,0.25,3,3,GACGCACCAACACACCGGTA,0,843708
dgoRp,0.25,3,3,GACCTGTGACCTGAGTGGAA,0,860346
dgoRp,0.25,3,3,GACCTATTCCAACGAGCTTT,0,851545
dgoRp,0.25,3,3,GACCACGGCAATAACTGACT,0,838862
dgoRp,0.25,3,3,GAATTCTGTAACATTTTATA,0,842184
dgoRp,0.25,3,3,GAAGGGCTGATCTCTGCTTC,0,855932
dgoRp,0.25,3,3,GAAGCTAGTAGGAAGATAAA,0,836077
dgoRp,0.25,3,3,GAACTCACTACAGGCTTTAC,0,850947
dgoRp,0.25,3,3,GAACAGACGTTCGCTTAGCC,0,860959
dgoRp,0.25,3,3,GAAAGTTACCACGGAGGTGC,0,849188
dgoRp,0.25,3,3,GAAAATCTGCACTGGCGCGG,0,864660
dgoRp,0.25,3,3,GAAAACTTTAAGCCTAGCCT,0,848947
dgoRp,0.25,3,3,GAAAACTTGAATGCTTGTTC,0,856899
dgoRp,0.25,3,3,GAAAAAACGGAAGTGAATCC,0,848594
dgoRp,0.25,3,3,CTTTTCCCGACTTGCAAACC,0,851038
dgoRp,0.25,3,3,CTTTGTTATTTGGTCTTCGT,0,852042
dgoRp,0.25,3,3,CTTTACCCATCCGGGGAGTT,0,859825
dgoRp,0.25,3,3,CTTTAATGTGTACGAGCGAT,0,860771
dgoRp,0.25,3,3,CTTGGGTCTGCAAGCAGGTG,0,844374
dgoRp,0.25,3,3,CTTGGCGAAAGCCATTACGC,0,865261
dgoRp,0.25,3,3,CTTGGCCGTACCTAGGCGCA,0,862356
dgoRp,0.25,3,3,CTTCGAATATATATTCCTTA,0,852299
dgoRp,0.25,3,3,CTTATGCATCACCCAAAGAT,0,861275
dgoRp,0.25,3,3,CTTAGTTAGTCGGAGATACG,0,836940
dgoRp,0.25,3,3,CTTAGCAAATCCGCTATGGT,0,836838
dgoRp,0.25,3,3,CTTACTTGACTCTTTGCGGT,0,860432
dgoRp,0.25,3,3,CTTAATCACCCGGCGCCTCA,0,864063
dgoRp,0.25,3,3,CTTAACCCCTTATTCGGTTC,0,853940
dgoRp,0.25,3,3,CTTAACAGTCCCGTTTGGTT,0,847972
dgoRp,0.25,3,3,CTGTTCCGGGCTGCACTAGA,0,841866
dgoRp,0.25,3,3,CTGTGGAGCACATGGTAGAC,0,858712
dgoRp,0.25,3,3,CTGGTCAATTAACAGCTAGA,0,841911
dgoRp,0.25,3,3,CTGGCAAACTCTAGAGCTAG,0,865819
dgoRp,0.25,3,3,CTGGATGATACATGCGTAAG,0,859896
dgoRp,0.25,3,3,CTGGACGTACGGAAAAGTTA,0,861512
dgoRp,0.25,3,3,CTGCGACGGGAATGCGGCAA,0,854982
dgoRp,0.25,3,3,CTGATTGCACTCGATAAGTC,0,839146
dgoRp,0.25,3,3,CTGATCCGGAATAAGAGGAA,0,837454
dgoRp,0.25,3,3,CTGAGCGCTTTGGTGACGTT,0,861945
dgoRp,0.25,3,3,CTGACAGGGCAATACTTAGT,0,837412
dgoRp,0.25,3,3,CTCTTATCAGCGTTGCACAC,0,857675
dgoRp,0.25,3,3,CTCTTAGGATGCAGTGCCCA,0,845949
dgoRp,0.25,3,3,CTCTATCCTGGGTGTCATTT,0,855846
dgoRp,0.25,3,3,CTCGTAAGGTTGTATTCTCA,0,836711
dgoRp,0.25,3,3,CTCGATCACCGTGCCGGGGT,0,843371
dgoRp,0.25,3,3,CTCGACGGTAGCACTCCGCG,0,849596
dgoRp,0.25,3,3,CTCCTAGCACGGGTGGGGCA,0,861738
dgoRp,0.25,3,3,CTCCTAAATCGGGCGGGCAT,0,845114
dgoRp,0.25,3,3,CTCCGACAGAGAGACACTGT,0,839018
dgoRp,0.25,3,3,CTCCCAGCCAGTCAGTGCGG,0,857603
dgoRp,0.25,3,3,CTCCAGCTTGGGAATTGGTC,0,846784
dgoRp,0.25,3,3,CTCCAGATCTGGGTACCTCT,0,855644
dgoRp,0.25,3,3,CTCAAAAACAGGGGTTATCT,0,858869
dgoRp,0.25,3,3,CTATTGGGATCATTTATGGT,0,864147
dgoRp,0.25,3,3,CTATTATAAATTTATTGTTG,0,854391
dgoRp,0.25,3,3,CTATATATAATGGCTACGGG,0,847630
dgoRp,0.25,3,3,CTAGACGGTAAACCTGGCGG,0,837510
dgoRp,0.25,3,3,CTACATTGGACTAGCCACAC,0,866826
dgoRp,0.25,3,3,CTACATAGCGAGCCTGAAGC,0,852264
dgoRp,0.25,3,3,CTAAAAGCACTAGCGGGTAA,0,861941
dgoRp,0.25,3,3,CGTTTGGATCATGGTACTGA,0,863995
dgoRp,0.25,3,3,CGTTCGCGACCCGTCGATGA,0,845244
dgoRp,0.25,3,3,CGTTATGGGATAGCACCAAA,0,863485
dgoRp,0.25,3,3,CGTGTGATCGTATCTCTGAT,0,842037
dgoRp,0.25,3,3,CGTGGTCAGTACAATGACAA,0,862121
dgoRp,0.25,3,3,CGTGGGTGCAGAGCAATGTC,0,862730
dgoRp,0.25,3,3,CGTGATGTTGCTCTTCTTTA,0,863497
dgoRp,0.25,3,3,CGTGATATTGTGATTAATGT,0,836651
dgoRp,0.25,3,3,CGTCTTAATCATACAGAGAT,0,840847
dgoRp,0.25,3,3,CGTCTGTTGCAGCAGTGTTT,0,848744
dgoRp,0.25,3,3,CGTCTGGTGTAGCCGCGGTT,0,851174
dgoRp,0.25,3,3,CGTCGATTCACAGCTCGTCG,0,839352
dgoRp,0.25,3,3,CGTCGAGGACTATTACCGAT,0,863592
dgoRp,0.25,3,3,CGTATTAACATACTTGCAGA,0,845677
dgoRp,0.25,3,3,CGTATAGAAAGCGCAGTGTT,0,858019
dgoRp,0.25,3,3,CGTACTCCGGTAGTGTAGAG,0,847900
dgoRp,0.25,3,3,CGTAATTTCTACGGAACTTT,0,858200
dgoRp,0.25,3,3,CGGTTAGGAAACAATATCGG,0,857881
dgoRp,0.25,3,3,CGGTGGGTGCTACCGTTAGT,0,843073
dgoRp,0.25,3,3,CGGTGGACTCAGTCTCATGT,0,845293
dgoRp,0.25,3,3,CGGTCTCGATCGAACAGTGT,0,855462
dgoRp,0.25,3,3,CGGTAGGATTGGCTAGTCTG,0,836799
dgoRp,0.25,3,3,CGGTACAGGATGTACGCAAA,0,849157
dgoRp,0.25,3,3,CGGTAACGACCAATCTAACT,0,846907
dgoRp,0.25,3,3,CGGGTGTACCGCGCGTGGTA,0,840725
dgoRp,0.25,3,3,CGGGTGCTAGACGATCCCTC,0,837966
dgoRp,0.25,3,3,CGGGATACGCAAACGTCGGG,0,840483
dgoRp,0.25,3,3,CGGGAGAAATATCGATCTAT,0,855795
dgoRp,0.25,3,3,CGGGAACAGGTATCTGTATC,0,839672
dgoRp,0.25,3,3,CGGCTATGGGATAGATCTGA,0,863228
dgoRp,0.25,3,3,CGGCATAGTCACCCGCGTAG,0,853131
dgoRp,0.25,3,3,CGGCACGCAGCGTGGAAATC,0,864590
dgoRp,0.25,3,3,CGGATTTAGGCATTGGGGGA,0,844589
dgoRp,0.25,3,3,CGGATGTTTGCACACCTGGG,0,847923
dgoRp,0.25,3,3,CGGAGATCAGTACCTCGGCA,0,861896
dgoRp,0.25,3,3,CGGACCCAACTAGGATTGAG,0,852187
dgoRp,0.25,3,3,CGGACAACGCTAATAGTGGC,0,863160
dgoRp,0.25,3,3,CGGAATTTGGCTTGCACCCC,0,848122
dgoRp,0.25,3,3,CGCTGAGTAGACCATTTTCA,0,856922
dgoRp,0.25,3,3,CGCTATCTGTGACGTTTGGC,0,855833
dgoRp,0.25,3,3,CGCGTTAGCTGGTGGCTCAT,0,836113
dgoRp,0.25,3,3,CGCGTCTGTGGTGGGCTATG,0,867076
dgoRp,0.25,3,3,CGCGGGGGCATTGGGTAAAA,0,848553
dgoRp,0.25,3,3,CGCGACGAGGCCAACGTCCC,0,845960
dgoRp,0.25,3,3,CGCCGGACTATTAGGACGTC,0,848288
dgoRp,0.25,3,3,CGCACGCTACTCCACCAGAG,0,849945
dgoRp,0.25,3,3,CGCAAAAGACCTGGCTGGGC,0,856134
dgoRp,0.25,3,3,CGATTTGTCCATTGTAAAGT,0,848402
dgoRp,0.25,3,3,CGATCGAGGGTGTCGTATGT,0,865149
dgoRp,0.25,3,3,CGATCCACTCTAGTCTGTTC,0,858885
dgoRp,0.25,3,3,CGATATCACGGAGGCCGAGC,0,842451
dgoRp,0.25,3,3,CGAGGGTCAACTGTGTAATT,0,865848
dgoRp,0.25,3,3,CGAGACTAAGTAAGGATACC,0,847217
dgoRp,0.25,3,3,CGACGATCAAGCCTGGCATC,0,850437
dgoRp,0.25,3,3,CGAATCCGGTCGAACTTCTA,0,836061
dgoRp,0.25,3,3,CGAAGATTGAAATTCCCTCA,0,836304
dgoRp,0.25,3,3,CGAACGGTCCTAGCGACTCT,0,863901
dgoRp,0.25,3,3,CCTTTGCGACAGACAGGCGG,0,845761
dgoRp,0.25,3,3,CCTTTGAACTAACCGCGCGT,0,840023
dgoRp,0.25,3,3,CCTTGGGATACAGCAAAATT,0,861438
dgoRp,0.25,3,3,CCTTGGCTTCGCCCGGCTCT,0,847954
dgoRp,0.25,3,3,CCTTGCAGAGTCGAAGGGCA,0,849292
dgoRp,0.25,3,3,CCTGTTACGTGAAGGCTAGC,0,839741
dgoRp,0.25,3,3,CCTGTGGACGAGCTTCATGT,0,866263
dgoRp,0.25,3,3,CCTGGTTTGTTAAGGCATGC,0,859311
dgoRp,0.25,3,3,CCTGCTTTATATTGAAACAC,0,850941
dgoRp,0.25,3,3,CCTCAGCGTCACCATGTGTA,0,836103
dgoRp,0.25,3,3,CCTCAGCATTCATTGGTCTT,0,844310
dgoRp,0.25,3,3,CCTAGTAGGTCAGGCGAGCA,0,838886
dgoRp,0.25,3,3,CCTAGCAGTAATGTACTGTA,0,842335
dgoRp,0.25,3,3,CCGTTTTGTTTGCCGACGGG,0,853936
dgoRp,0.25,3,3,CCGTGGGAAATTTAGGTTAC,0,846578
dgoRp,0.25,3,3,CCGTGGCTTTATCATCATAG,0,841950
dgoRp,0.25,3,3,CCGTGGCTGGACTCAAGCCT,0,850365
dgoRp,0.25,3,3,CCGTGAAGGCACTCGCCCAC,0,865427
dgoRp,0.25,3,3,CCGTACTACAAGACGGGCGT,0,855370
dgoRp,0.25,3,3,CCGGTCGCTCTTCTCCTGGT,0,841365
dgoRp,0.25,3,3,CCGGTAAGAAATGCTCCTAT,0,861846
dgoRp,0.25,3,3,CCGGCACCCACCCAGTGCCG,0,859361
dgoRp,0.25,3,3,CCGGCACATACTCTCGCCGA,0,843559
dgoRp,0.25,3,3,CCGGAGTAAGATGGCTATGT,0,852927
dgoRp,0.25,3,3,CCGGAGATGGTAGTTAGCGA,0,855950
dgoRp,0.25,3,3,CCGATACGCTCCGGAGCCCT,0,849559
dgoRp,0.25,3,3,CCGAAAAACTTGTGTGCCCA,0,844520
dgoRp,0.25,3,3,CCCTCTGGTCCATATCCAGG,0,866782
dgoRp,0.25,3,3,CCCGTTTTTCACCTACGTAC,0,849743
dgoRp,0.25,3,3,CCCGTCGTAACGAGTGTAAT,0,847389
dgoRp,0.25,3,3,CCCGATAACCAACCCCGCAA,0,865441
dgoRp,0.25,3,3,CCCGAGAAATTTCGCGTAGT,0,841648
dgoRp,0.25,3,3,CCCGACAAGGTTTCGGTGTT,0,849251
dgoRp,0.25,3,3,CCCCTGGGTCCCGACCATCC,0,847381
dgoRp,0.25,3,3,CCCCGCTAGGTAGGGTGCTA,0,851354
dgoRp,0.25,3,3,CCCAAATTAAATATGCCTGT,0,853906
dgoRp,0.25,3,3,CCATTCTTCTCGGTACCATC,0,849487
dgoRp,0.25,3,3,CCATTCCATGCACCCCAGGG,0,862865
dgoRp,0.25,3,3,CCATGTATCCCTCATTATCC,0,842640
dgoRp,0.25,3,3,CCATCCCGTATTTAGCACAG,0,852582
dgoRp,0.25,3,3,CCAGTGGGCTCAGCATTTGA,0,865270
dgoRp,0.25,3,3,CCAGTGGGCGTGCGCATGGG,0,849296
dgoRp,0.25,3,3,CCAGCTTCAAACGATATGCA,0,863591
dgoRp,0.25,3,3,CCAGCCATGACCTTCCAGTA,0,862026
dgoRp,0.25,3,3,CCAGATGCTTGTTATCCTGG,0,846775
dgoRp,0.25,3,3,CCACGTCAGGAGGTATGCTG,0,837863
dgoRp,0.25,3,3,CCACAAGCCACGACTTCATA,0,854213
dgoRp,0.25,3,3,CCAATCTGTCCCCCGACCCA,0,847929
dgoRp,0.25,3,3,CCAAGGCGTTACTACTTCTT,0,863952
dgoRp,0.25,3,3,CCAACCCCCTTGCCGTGCGA,0,846644
dgoRp,0.25,3,3,CATTTTGCCCTGCGGGTCTG,0,838548
dgoRp,0.25,3,3,CATTGGTGCCCTTAGCTATA,0,851240
dgoRp,0.25,3,3,CATTCCGTGTGACCCTATTG,0,848546
dgoRp,0.25,3,3,CATGGTAATTGACGGAAGAG,0,863514
dgoRp,0.25,3,3,CATGCCGTAGTGAGTCACGT,0,851409
dgoRp,0.25,3,3,CATCACATAGACCTGCTCCG,0,843164
dgoRp,0.25,3,3,CATACTAAACGGGAGTGCAT,0,845223
dgoRp,0.25,3,3,CATACGTACAATGTATATCA,0,848079
dgoRp,0.25,3,3,CATAAGGGGATTAACATGCT,0,866311
dgoRp,0.25,3,3,CATAAAAGGCGGGTGCCGGG,0,841643
dgoRp,0.25,3,3,CAGTTCCGTGGATCCATCGG,0,838045
dgoRp,0.25,3,3,CAGGTCTTATGATGGTCCAT,0,848733
dgoRp,0.25,3,3,CAGGTCCCCGTTAATCTAAT,0,845263
dgoRp,0.25,3,3,CAGGTAGCAATGTGTGATAA,0,840217
dgoRp,0.25,3,3,CAGGGTTTTCACATGTGCCT,0,839730
dgoRp,0.25,3,3,CAGGGGCCAGGGAAGCACAT,0,840935
dgoRp,0.25,3,3,CAGGGAAAAGCCGGACCCCC,0,856568
dgoRp,0.25,3,3,CAGGCGTTCTTCCGGGCCAC,0,838201
dgoRp,0.25,3,3,CAGGCGAAATACTAATGATA,0,854006
dgoRp,0.25,3,3,CAGGAGGAGCTGTGCTAAGT,0,861600
dgoRp,0.25,3,3,CAGGAGAGCCTTGTGCGCCT,0,837725
dgoRp,0.25,3,3,CAGCTACGCTTAGTTGATCC,0,840249
dgoRp,0.25,3,3,CAGCGGGACAATGACCGACG,0,842781
dgoRp,0.25,3,3,CAGCCCGGTCGGCCAGGTCA,0,844451
dgoRp,0.25,3,3,CAGCATAACAACCCCGGGGC,0,856557
dgoRp,0.25,3,3,CAGATTTTATACTGTAATGT,0,853885
dgoRp,0.25,3,3,CAGAGTATCCGAGGTCAGAT,0,850643
dgoRp,0.25,3,3,CACTGGTGTCTCTTCTTGTA,0,862758
dgoRp,0.25,3,3,CACGATAGTAATCGGGAAAA,0,856147
dgoRp,0.25,3,3,CACGACCCAACCCGGTCGGT,0,861345
dgoRp,0.25,3,3,CACCTTTGCGAATTCAGGTG,0,838138
dgoRp,0.25,3,3,CACCTTGTGATAAGTCGGTA,0,854860
dgoRp,0.25,3,3,CACAAGATCACGTAGTTGAC,0,865150
dgoRp,0.25,3,3,CAATTTTTGTCCACGGTTCT,0,845611
dgoRp,0.25,3,3,CAATTGGCGGCGGAGGTGTA,0,859256
dgoRp,0.25,3,3,CAATTCATCTAGTGCTTGTA,0,851435
dgoRp,0.25,3,3,CAATGCGGATTTCACATCTA,0,843430
dgoRp,0.25,3,3,CAAGAATAGGGCTATGGTTA,0,857717
dgoRp,0.25,3,3,CAACCGAGAATAGGACATTT,0,843776
dgoRp,0.25,3,3,CAAACGACTTTGTAGGACAG,0,844796
dgoRp,0.25,3,3,CAAACATTTTTACTGGCGAC,0,852037
dgoRp,0.25,3,3,CAAAACAGTTATGGCCGGTT,0,837806
dgoRp,0.25,3,3,ATTTGGTTTCGAGGGCAAAG,0,835900
dgoRp,0.25,3,3,ATTTGCTAATCCTTAGCTAC,0,850072
dgoRp,0.25,3,3,ATTTGAATTGGGACAATGGG,0,863618
dgoRp,0.25,3,3,ATTTCGCTCGAGATCAGAAC,0,857536
dgoRp,0.25,3,3,ATTTCAAGGTATGCGAGTCC,0,842742
dgoRp,0.25,3,3,ATTGTTAGGTCTAGAAGACA,0,850662
dgoRp,0.25,3,3,ATTGGGGCACATTGACTGGC,0,858286
dgoRp,0.25,3,3,ATTGGAAGAGCCGACGCGCC,0,845384
dgoRp,0.25,3,3,ATTCTCGAACTGGCGCGTTC,0,844985
dgoRp,0.25,3,3,ATTCGCAGGTTGGAAGTCCA,0,858555
dgoRp,0.25,3,3,ATTCCAGCTGTAGCAGAGTG,0,841881
dgoRp,0.25,3,3,ATTCATACGGTTCATTTTTC,0,851568
dgoRp,0.25,3,3,ATTATCTGTCCGGATGCATG,0,839776
dgoRp,0.25,3,3,ATTAGGGCACCACGTTCTCT,0,846613
dgoRp,0.25,3,3,ATTAGAGAAGCCATGGTTCC,0,862049
dgoRp,0.25,3,3,ATTACATAGGATTTGTTGGA,0,855892
dgoRp,0.25,3,3,ATTAACAGGCGCTCACGATC,0,860475
dgoRp,0.25,3,3,ATGTATGAACGGGAAAAGCC,0,852278
dgoRp,0.25,3,3,ATGTAGACCCCTGACCTACA,0,862397
dgoRp,0.25,3,3,ATGGTATTTGTTCAGTGCGC,0,862579
dgoRp,0.25,3,3,ATGGGGTTGGGTACAGAAGT,0,851314
dgoRp,0.25,3,3,ATGGGAATGCCGACAATACA,0,843727
dgoRp,0.25,3,3,ATGGCGGGTCGAAAGTACAA,0,841293
dgoRp,0.25,3,3,ATGGCCTTCGTAAAATAATC,0,865550
dgoRp,0.25,3,3,ATGCAGGAATTTGTCTCAAT,0,851383
dgoRp,0.25,3,3,ATGCACGTCGTAATCACGTT,0,841086
dgoRp,0.25,3,3,ATGACGCGAGCCCATACGTA,0,855303
dgoRp,0.25,3,3,ATCTGTTGAGCGTCAGTTGC,0,835969
dgoRp,0.25,3,3,ATCTCATCCAGAAGTCAGGA,0,851343
dgoRp,0.25,3,3,ATCTATTGGCCACTCGACAG,0,855336
dgoRp,0.25,3,3,ATCGTTCCGCAATAGCGGCC,0,862551
dgoRp,0.25,3,3,ATCGTGCGAGAGTGATTGTC,0,862116
dgoRp,0.25,3,3,ATCGGTAACATTTTCGACTA,0,852217
dgoRp,0.25,3,3,ATCGGAGATTGGTACAATCA,0,856090
dgoRp,0.25,3,3,ATCGAGTGTCAGTGATTAGA,0,853886
dgoRp,0.25,3,3,ATCCCTTCATCTTGCCGTAA,0,841839
dgoRp,0.25,3,3,ATCCATGGCCAAGGGGTGCT,0,863568
dgoRp,0.25,3,3,ATCATGGTCGATCTCAGGTA,0,864463
dgoRp,0.25,3,3,ATCAGCTGTAGTACGTAGTA,0,842541
dgoRp,0.25,3,3,ATCACCAACTTTACCTGAGT,0,849406
dgoRp,0.25,3,3,ATATGGGAATTGACACTGCT,0,847877
dgoRp,0.25,3,3,ATATCTCTGTGCAGATGACC,0,856968
dgoRp,0.25,3,3,ATATCACTTTCCAAGTTCCG,0,839989
dgoRp,0.25,3,3,ATAGTCAGGTCACGGATAAA,0,847176
dgoRp,0.25,3,3,ATAGGTTGGGTGTAGCCCCA,0,838042
dgoRp,0.25,3,3,ATAGGATCGCTTTGCGGGTA,0,844816
dgoRp,0.25,3,3,ATAGATGAAACGTCAATTAT,0,851675
dgoRp,0.25,3,3,ATACCTTACACATAGCCGCT,0,865391
dgoRp,0.25,3,3,ATAATCTGGCATCTTGTTTT,0,846474
dgoRp,0.25,3,3,ATAATAGTATTTTCTGCACA,0,841235
dgoRp,0.25,3,3,ATAACTGATGGATTAGTGTA,0,860961
dgoRp,0.25,3,3,ATAACCACGGTCAAGGTTTC,0,845209
dgoRp,0.25,3,3,AGTTCAGACTTCCCTGGCGT,0,854832
dgoRp,0.25,3,3,AGTTAAGCATCTTCGAAGGA,0,849442
dgoRp,0.25,3,3,AGTGCTCATATGCCTACGAC,0,851065
dgoRp,0.25,3,3,AGTGCGACTGGTCACTTCTG,0,855772
dgoRp,0.25,3,3,AGTGAGGGCTAAGGCACGGT,0,837368
dgoRp,0.25,3,3,AGTCTCGACAATTTGGGGGT,0,860539
dgoRp,0.25,3,3,AGTCTCCATATGTTTATGCT,0,850179
dgoRp,0.25,3,3,AGTCGGCGGAATAAACCTTA,0,866634
dgoRp,0.25,3,3,AGTCATAACTCTTAAATCTA,0,862612
dgoRp,0.25,3,3,AGTATACAACCAATGACGAT,0,841312
dgoRp,0.25,3,3,AGGTTACGGCTATCAGGCCC,0,865085
dgoRp,0.25,3,3,AGGTGCCTAATGCCACAGGC,0,836497
dgoRp,0.25,3,3,AGGTAGAGGTGGAAGAAAAT,0,848945
dgoRp,0.25,3,3,AGGGTGTTGATGGTGCAAGG,0,859125
dgoRp,0.25,3,3,AGGGTGACTACAACCTTCAC,0,841915
dgoRp,0.25,3,3,AGGGCTCGTAAACTTGCAAG,0,842665
dgoRp,0.25,3,3,AGGGCCTCCAACGTTGCATG,0,864647
dgoRp,0.25,3,3,AGGGACCGCTTGAGTCTCCG,0,858468
dgoRp,0.25,3,3,AGGCTAGTAGGTAACAAAAC,0,852178
dgoRp,0.25,3,3,AGGCGAGAAAGTGCATGGCC,0,845789
dgoRp,0.25,3,3,AGGAGCGGGCGGTGGACCGG,0,840511
dgoRp,0.25,3,3,AGGACTTAACTTAGTTGAAC,0,862432
dgoRp,0.25,3,3,AGGACTACGATAGTTGAGCA,0,849536
dgoRp,0.25,3,3,AGGAACTCGATAACTATCCA,0,845623
dgoRp,0.25,3,3,AGCTTCACAATGCTGGCCTG,0,854283
dgoRp,0.25,3,3,AGCTCTTCGGGCCACCGGCG,0,846241
dgoRp,0.25,3,3,AGCTCCACATCCTCTTTGCG,0,858677
dgoRp,0.25,3,3,AGCTAGCTCTCAAGGCCACC,0,865710
dgoRp,0.25,3,3,AGCGGCGTCGCGATCCAGCA,0,865919
dgoRp,0.25,3,3,AGCGACCGGCACTCAATCTT,0,844051
dgoRp,0.25,3,3,AGCGAAATTCTGAGGCAGAT,0,857025
dgoRp,0.25,3,3,AGCCTGAATGTTAAAACACT,0,837180
dgoRp,0.25,3,3,AGCCTCCGATCCGACTGTAA,0,855896
dgoRp,0.25,3,3,AGCCCCGACACTCTCAGGAC,0,851900
dgoRp,0.25,3,3,AGCACGTGCTAGTAACCTCG,0,864569
dgoRp,0.25,3,3,AGCAAGTCATTTACTGTACT,0,836065
dgoRp,0.25,3,3,AGCAACTAACAAGCATGGCG,0,848511
dgoRp,0.25,3,3,AGCAAAAAGTACGACCTTGT,0,862991
dgoRp,0.25,3,3,AGATTGTCCCAAGTTGATGA,0,847992
dgoRp,0.25,3,3,AGAGTACACAACCTCCCGTA,0,839416
dgoRp,0.25,3,3,AGAGGTTCGACATTCTAGTC,0,850718
dgoRp,0.25,3,3,AGAGAGGGTGTGTTTATTAA,0,843135
dgoRp,0.25,3,3,AGAGACGCTCAACGTCTGTA,0,856596
dgoRp,0.25,3,3,AGACCGGGACTTCGTGGGGG,0,865916
dgoRp,0.25,3,3,AGACAGTGGTGAACGTTATT,0,844306
dgoRp,0.25,3,3,AGAAGGGATGGCATGTCCAG,0,849853
dgoRp,0.25,3,3,AGAAGCGGGATACATTGATG,0,855729
dgoRp,0.25,3,3,AGAACATAGGTCGTCTTAGT,0,850944
dgoRp,0.25,3,3,AGAAACTTAAGAATTCATGG,0,837060
dgoRp,0.25,3,3,ACTTTCACTCAAGAGTGTAG,0,850434
dgoRp,0.25,3,3,ACTGTAAGATAACCGGTACT,0,864778
dgoRp,0.25,3,3,ACTGGCGTCCAAGGGGTCCC,0,849067
dgoRp,0.25,3,3,ACTGAGTGCCCGGGTGCACT,0,841131
dgoRp,0.25,3,3,ACTCGGCATTTCTGGCTGGT,0,839351
dgoRp,0.25,3,3,ACTCGCAGATCCATCGCCTC,0,843831
dgoRp,0.25,3,3,ACTCCGTCCGACGTATGGCT,0,860322
dgoRp,0.25,3,3,ACTATACTGGTTAATGTTCG,0,844764
dgoRp,0.25,3,3,ACTAGACGGGTGATATTGGC,0,866214
dgoRp,0.25,3,3,ACTACGGGCACGCTAAAATT,0,836440
dgoRp,0.25,3,3,ACTAAATGTACAGAGACCCG,0,851286
dgoRp,0.25,3,3,ACGTTGCGTACATACTAGGG,0,837085
dgoRp,0.25,3,3,ACGGTCGCGGTTCGGGCCTT,0,842159
dgoRp,0.25,3,3,ACGCGGTATCCAGTTGTCTC,0,856285
dgoRp,0.25,3,3,ACGCAGCATTCGGTTGTATA,0,852833
dgoRp,0.25,3,3,ACGACTCTTGAGCCTTCCTT,0,853541
dgoRp,0.25,3,3,ACGAATGTTTGTTAGGGGAA,0,858315
dgoRp,0.25,3,3,ACGAAAGCCAGCTCAAAATT,0,835928
dgoRp,0.25,3,3,ACCTTGACCCCGGATAAATG,0,848275
dgoRp,0.25,3,3,ACCTGGATGTCACGCACGGG,0,851438
dgoRp,0.25,3,3,ACCGTAGCACTGCCCAGAAG,0,838692
dgoRp,0.25,3,3,ACCGGCCGAGCATCCCCGAA,0,861146
dgoRp,0.25,3,3,ACCGCCAGACCTGTTCAGCA,0,844815
dgoRp,0.25,3,3,ACCGCACTAGACAGATGGCG,0,836320
dgoRp,0.25,3,3,ACCGATGCTACCAGCTCCTT,0,849868
dgoRp,0.25,3,3,ACCCTTCTATGTATAACGGT,0,858043
dgoRp,0.25,3,3,ACCCTGTGATTACTAACGTA,0,848065
dgoRp,0.25,3,3,ACCCTGGATTCACGTTAGGG,0,841064
dgoRp,0.25,3,3,ACCCGGCTGTAAAGATCACT,0,859243
dgoRp,0.25,3,3,ACCCGCCGCGTTTCGTCCAC,0,853654
dgoRp,0.25,3,3,ACCCCACTCTTCTCCCTTGA,0,835911
dgoRp,0.25,3,3,ACCACTTAGCAAACATATGA,0,850114
dgoRp,0.25,3,3,ACCAATGGAAGCAAATGCTT,0,865878
dgoRp,0.25,3,3,ACCAAAACTGGTGAAAACCA,0,842107
dgoRp,0.25,3,3,ACATTCTCGCCTCCGCTCAG,0,851470
dgoRp,0.25,3,3,ACAACGGCCTAGCTCGCACG,0,853858
dgoRp,0.25,3,3,ACAAAAAACCCTTGCGTGGA,0,857870
dgoRp,0.25,3,3,AATTTAGTGCATTGATTTAG,0,847960
dgoRp,0.25,3,3,AATTGTTCTGCAGCCCTGTC,0,839872
dgoRp,0.25,3,3,AATTAGGGTGCAGCTAACTC,0,841484
dgoRp,0.25,3,3,AATTAATTTTGCCGCAATAT,0,849706
dgoRp,0.25,3,3,AATGTACTGACGCTTGTAGG,0,855131
dgoRp,0.25,3,3,AATGGGCGATGCCTGGTTTG,0,836868
dgoRp,0.25,3,3,AATGGAACTGACTGAGGTTT,0,858114
dgoRp,0.25,3,3,AATGAGGTGTGTAGGCTGGA,0,841993
dgoRp,0.25,3,3,AATGAAGGATCCGCGGTGGA,0,838225
dgoRp,0.25,3,3,AATCTTCGCCACTACTGCGT,0,858339
dgoRp,0.25,3,3,AATCGGGTGCTCCAGAATAA,0,837107
dgoRp,0.25,3,3,AATCACCTTTTCTACACTTG,0,842982
dgoRp,0.25,3,3,AATCAATACGTGGAATTCCC,0,835952
dgoRp,0.25,3,3,AATATTACGACCCGCCATAA,0,863405
dgoRp,0.25,3,3,AATATTACAGTGTGGGCAGT,0,846831
dgoRp,0.25,3,3,AATATCCTCTTAGAAGAACC,0,842745
dgoRp,0.25,3,3,AATAGGTGGGCGACTTCGGG,0,837518
dgoRp,0.25,3,3,AATACGGGCATCGCTAAATT,0,862313
dgoRp,0.25,3,3,AAGTTTGTTGGTTAAGTCCA,0,847739
dgoRp,0.25,3,3,AAGTTCTTCCCCCTCAAGTT,0,855931
dgoRp,0.25,3,3,AAGTTAATTGGAGGCCACTG,0,848595
dgoRp,0.25,3,3,AAGTTAAAAGCCACTTGCAG,0,837493
dgoRp,0.25,3,3,AAGTGTTAAACATTGCGACC,0,862548
dgoRp,0.25,3,3,AAGTGGTAGTTGCAGCTTGT,0,856426
dgoRp,0.25,3,3,AAGTGCGAGGTGGTATGCCC,0,844832
dgoRp,0.25,3,3,AAGTGACTTGCGGTATTGTT,0,861196
dgoRp,0.25,3,3,AAGTCGTCCGGCCGTGTAGC,0,849869
dgoRp,0.25,3,3,AAGTCCTCCTTCCAACGAAC,0,850963
dgoRp,0.25,3,3,AAGTCAGAGAAAAAAGCGAC,0,848207
dgoRp,0.25,3,3,AAGTATGGGTAATCCCTTGA,0,847220
dgoRp,0.25,3,3,AAGTATGCTAGAAGCATTAG,0,841765
dgoRp,0.25,3,3,AAGTACGGCCTAGTCAGGCG,0,859187
dgoRp,0.25,3,3,AAGGTTTCTGTATTAGGAAC,0,853509
dgoRp,0.25,3,3,AAGGGGTAGATATTCCCCTT,0,837414
dgoRp,0.25,3,3,AAGGCGCAGTGCTTTCTTGC,0,844338
dgoRp,0.25,3,3,AAGGATAAGACGCTTCGCGT,0,841282
dgoRp,0.25,3,3,AAGGAGCGAACGGATGCCCT,0,844125
dgoRp,0.25,3,3,AAGCCAGCGCCTCACCCATC,0,848602
dgoRp,0.25,3,3,AAGCACTCATGAGCCACTCG,0,848453
dgoRp,0.25,3,3,AAGATGACCGAGCAACATTC,0,841295
dgoRp,0.25,3,3,AAGAAGTACGGCTAACCTTC,0,850169
dgoRp,0.25,3,3,AACTGTGGTTGTACACCTCC,0,842424
dgoRp,0.25,3,3,AACTAATGAATCTTAATGCC,0,863022
dgoRp,0.25,3,3,AACGCGTGCCCTCGGCAGGG,0,852219
dgoRp,0.25,3,3,AACCTTGTGGGGCATTGTAC,0,848668
dgoRp,0.25,3,3,AACCGGGCAGCTCATATCAC,0,853279
dgoRp,0.25,3,3,AACAATGATTGACTTGGTAC,0,845762
dgoRp,0.25,3,3,AAATGTTTTAATATCGATTA,0,855128
dgoRp,0.25,3,3,AAATGAGTGCCACCCCAGCT,0,861383
dgoRp,0.25,3,3,AAAGGGGGGACAGGTAACAT,0,861753
dgoRp,0.25,3,3,AAAGGGGATGGGCAAGGATA,0,848158
dgoRp,0.25,3,3,AAAGCCTTTTTAGGGTGGCG,0,840718
dgoRp,0.25,3,3,AAACTCGAGATACTGAAGAC,0,849491
dgoRp,0.25,3,3,AAACCAGCTCAGGCCAGTAG,0,854032
dgoRp,0.25,3,3,AAACACGGCTACAGGTGATC,0,845264
dgoRp,0.25,3,3,AAACACACGAGTCGAAGGGG,0,854769
dgoRp,0.25,3,3,AAAATGCTCTGAGAAGACGC,0,856172
dgoRp,0.25,3,3,AAAATGCGAATTCTTCTAGC,0,851419
dgoRp,0.25,3,3,AAAAATTAGCTAATTTGACA,0,854362
dgoRp,0.3333333333333333,2,2,TTTTGAGATCTTTTGTACAG,0,858659
dgoRp,0.3333333333333333,2,2,TTTTGAATCCGTCGTCCGAT,0,853226
dgoRp,0.3333333333333333,2,2,TTTTCATGTGGATTACATGT,0,864504
dgoRp,0.3333333333333333,2,2,TTTTCAGTGGGCATGATGGA,0,850896
dgoRp,0.3333333333333333,2,2,TTTTCAAAAAGGTAGCAGTT,0,847067
dgoRp,0.3333333333333333,2,2,TTTGTCATATATGCGAGGAG,0,856618
dgoRp,0.3333333333333333,2,2,TTTGTAATACGTTATACTGT,0,860523
dgoRp,0.3333333333333333,2,2,TTTGGCTTACTATTACGAAA,0,857518
dgoRp,0.3333333333333333,2,2,TTTCTCTCTAGCCGGCTTGA,0,856397
dgoRp,0.3333333333333333,2,2,TTTCGTGTGCCGGGTTCTGG,0,845589
dgoRp,0.3333333333333333,2,2,TTTCGAGTGGGACGAAACGT,0,848851
dgoRp,0.3333333333333333,2,2,TTTCCAGTTCAGTCCCGGGC,0,862915
dgoRp,0.3333333333333333,2,2,TTTCCACCAGTGGAGGTTGA,0,863015
dgoRp,0.3333333333333333,2,2,TTTCCAAGTTTAGCCCCTTA,0,865215
dgoRp,0.3333333333333333,2,2,TTTCAAGCCCCGGAGGTATG,0,848913
dgoRp,0.3333333333333333,2,2,TTTATGAGGTTTGTGTTCAT,0,864607
dgoRp,0.3333333333333333,2,2,TTTATCGGCCCTGTAGGAGG,0,838575
dgoRp,0.3333333333333333,2,2,TTTATAAATGTATGTCACAT,0,846030
dgoRp,0.3333333333333333,2,2,TTGTCTGTAAACAGCTATTA,0,842089
dgoRp,0.3333333333333333,2,2,TTGTCCTCGCACAATGCATG,0,867382
dgoRp,0.3333333333333333,2,2,TTGGTGGAGTGGTGACCAGA,0,843409
dgoRp,0.3333333333333333,2,2,TTGGGGACCTAGTTTTCTTT,0,857235
dgoRp,0.3333333333333333,2,2,TTGCTGGCGAGCCGCGCGGG,0,854261
dgoRp,0.3333333333333333,2,2,TTGCCTGTTACATGTAGGGT,0,859376
dgoRp,0.3333333333333333,2,2,TTGCCTGCGGATGACTGAGA,0,838205
dgoRp,0.3333333333333333,2,2,TTGCAGTCTCAACGTTGTCA,0,859210
dgoRp,0.3333333333333333,2,2,TTGCAAAAGAGAATCGACCA,0,861805
dgoRp,0.3333333333333333,2,2,TTCTCAGCAGAGTTCTTAAG,0,837663
dgoRp,0.3333333333333333,2,2,TTCGTATCTTAGTTTTACAG,0,852584
dgoRp,0.3333333333333333,2,2,TTCGCCCCGCCGCGTACAAC,0,843318
dgoRp,0.3333333333333333,2,2,TTCGAAAACAAAATGTAAGG,0,853546
dgoRp,0.3333333333333333,2,2,TTCCTGACATCTCGTCCCTT,0,839103
dgoRp,0.3333333333333333,2,2,TTCCGTGGGGTATATCGGGT,0,851813
dgoRp,0.3333333333333333,2,2,TTCCAGACTGGCTACCTAAA,0,839912
dgoRp,0.3333333333333333,2,2,TTCCAAAATCTATGCAACTG,0,844129
dgoRp,0.3333333333333333,2,2,TTCATTACGGTCGATTTGCT,0,853112
dgoRp,0.3333333333333333,2,2,TTCACTATTGGTTAGTGATG,0,839171
dgoRp,0.3333333333333333,2,2,TTCAAGCCCGCGAGCGTCCA,0,842916
dgoRp,0.3333333333333333,2,2,TTCAAGACACGTTGTATTCT,0,854138
dgoRp,0.3333333333333333,2,2,TTATTGCCTTATTATCGTGT,0,857262
dgoRp,0.3333333333333333,2,2,TTATTCGGTTGCGACAATGT,0,861999
dgoRp,0.3333333333333333,2,2,TTATGGTACGTCGGTTCGAG,0,864868
dgoRp,0.3333333333333333,2,2,TTATGCACCAGTCCGCCCCC,0,849574
dgoRp,0.3333333333333333,2,2,TTATCCGAAGCGGATATACG,0,851417
dgoRp,0.3333333333333333,2,2,TTATAACTACAGGCAAACAA,0,860421
dgoRp,0.3333333333333333,2,2,TTAGTTTGTTAACTAAACGC,0,839174
dgoRp,0.3333333333333333,2,2,TTAGTAGGTAAGATCAATCT,0,861283
dgoRp,0.3333333333333333,2,2,TTAGGAGTATGCCGACCCCA,0,835903
dgoRp,0.3333333333333333,2,2,TTACGCTACAAAAAGTGCCT,0,866186
dgoRp,0.3333333333333333,2,2,TTACGCCATCCAGTGGAACT,0,858771
dgoRp,0.3333333333333333,2,2,TTAATCCGAAACATGTGCGC,0,860606
dgoRp,0.3333333333333333,2,2,TTAAGCCGAGGTCCGTTTCA,0,862918
dgoRp,0.3333333333333333,2,2,TTAAAATACGTGCAGTATTA,0,863929
dgoRp,0.3333333333333333,2,2,TGTTGGCTGCGAGCGTTCAA,0,846114
dgoRp,0.3333333333333333,2,2,TGTTGGCACATAGGTCGCCT,0,843598
dgoRp,0.3333333333333333,2,2,TGTTCACCTGTTCGGGACGC,0,859796
dgoRp,0.3333333333333333,2,2,TGTTATCATGTTAGGATTTT,0,860047
dgoRp,0.3333333333333333,2,2,TGTGTGGCAGACATGTACAC,0,858382
dgoRp,0.3333333333333333,2,2,TGTGGGTGATTGAACCTCGG,0,836151
dgoRp,0.3333333333333333,2,2,TGTGAACCGTATCCGTAGTA,0,851410
dgoRp,0.3333333333333333,2,2,TGTCATAGTGTTACAGGTGA,0,863933
dgoRp,0.3333333333333333,2,2,TGTCACCGATGTAGCGCGAA,0,860612
dgoRp,0.3333333333333333,2,2,TGTAGGAGTACGGACACAAT,0,836572
dgoRp,0.3333333333333333,2,2,TGTAGGACGGGATAATTGGG,0,865764
dgoRp,0.3333333333333333,2,2,TGTACCTTGAGTTTCACCGT,0,862158
dgoRp,0.3333333333333333,2,2,TGGTTATCTACTTGGCCCAT,0,837628
dgoRp,0.3333333333333333,2,2,TGGTCGTCTCGCGTAAAATA,0,848494
dgoRp,0.3333333333333333,2,2,TGGTCACGCTTGTAATCAGG,0,866126
dgoRp,0.3333333333333333,2,2,TGGGTTTCGAGAAGAAGGCA,0,836085
dgoRp,0.3333333333333333,2,2,TGGGGTAAAATAGTCTCGAG,0,858289
dgoRp,0.3333333333333333,2,2,TGGGGACAACACAGAATAAC,0,843925
dgoRp,0.3333333333333333,2,2,TGGGCAGTAGTTAAGCGCAT,0,858471
dgoRp,0.3333333333333333,2,2,TGGGATCATACTCGTCGCCT,0,836221
dgoRp,0.3333333333333333,2,2,TGGCGTATATCAGGCAACAT,0,867200
dgoRp,0.3333333333333333,2,2,TGGCGGTTGTCAGACATTCA,0,836718
dgoRp,0.3333333333333333,2,2,TGGCGCTATCAGTGTTCCTA,0,842503
dgoRp,0.3333333333333333,2,2,TGGCATGCTCAGGATGAAAA,0,857846
dgoRp,0.3333333333333333,2,2,TGGACTAGGCTAAGACGGCC,0,860294
dgoRp,0.3333333333333333,2,2,TGGACACGGTGAGTTCCATA,0,848643
dgoRp,0.3333333333333333,2,2,TGGAAGTGCGGCGGCGCACC,0,867308
dgoRp,0.3333333333333333,2,2,TGCTTGACGCTTGCCTTTGG,0,842381
dgoRp,0.3333333333333333,2,2,TGCTTCCACGGTTTGTTAGA,0,836534
dgoRp,0.3333333333333333,2,2,TGCTCCCTATCAAGCGGGGG,0,856728
dgoRp,0.3333333333333333,2,2,TGCTAACGGCCGACAAGTAT,0,841316
dgoRp,0.3333333333333333,2,2,TGCGATCGCCAAAGACTCGG,0,839137
dgoRp,0.3333333333333333,2,2,TGCGAGCCCGATTTTTACCG,0,846714
dgoRp,0.3333333333333333,2,2,TGCCTTACTTAATCGATTCA,0,867082
dgoRp,0.3333333333333333,2,2,TGCCTGCGTGCCTTAAAGGT,0,840227
dgoRp,0.3333333333333333,2,2,TGCCTACCCGAGTAATTGGC,0,846238
dgoRp,0.3333333333333333,2,2,TGCCGGATCCCAGTGCTGAT,0,842008
dgoRp,0.3333333333333333,2,2,TGCCGCTCGCGATTTATCTT,0,837564
dgoRp,0.3333333333333333,2,2,TGCCCCGGGTAAGAGGGTAC,0,858456
dgoRp,0.3333333333333333,2,2,TGCATGAATCCGGGCTACCA,0,863828
dgoRp,0.3333333333333333,2,2,TGCATCCCGTGTTCATCTAT,0,860696
dgoRp,0.3333333333333333,2,2,TGCAACTGTCGGCAGACTGA,0,865212
dgoRp,0.3333333333333333,2,2,TGATAGTTGGTACAAGGCTT,0,842736
dgoRp,0.3333333333333333,2,2,TGAGTTCCCAAATGCTCCAT,0,864888
dgoRp,0.3333333333333333,2,2,TGAGGTTGATAGCCACGGCC,0,845523
dgoRp,0.3333333333333333,2,2,TGAGGCACTTAGGGGAACAT,0,856945
dgoRp,0.3333333333333333,2,2,TGAGGACGTACACTCTCACA,0,866369
dgoRp,0.3333333333333333,2,2,TGACTAGGCGTTGAACTCTA,0,867468
dgoRp,0.3333333333333333,2,2,TGACGTGGACATCCCGATCG,0,840670
dgoRp,0.3333333333333333,2,2,TGACAGCAAGGTTGTCTCCC,0,854924
dgoRp,0.3333333333333333,2,2,TGAATAGTATACGCGGAAGT,0,857418
dgoRp,0.3333333333333333,2,2,TCTTGGCTGTCGCTCCTAGT,0,849437
dgoRp,0.3333333333333333,2,2,TCTTGATGTAAATGGATGTT,0,835816
dgoRp,0.3333333333333333,2,2,TCTTCTTCGCTTTGAGGGAA,0,862587
dgoRp,0.3333333333333333,2,2,TCTTCCTCGATATAGATACG,0,860061
dgoRp,0.3333333333333333,2,2,TCTTCAGGCCTTTTCGGAAT,0,861452
dgoRp,0.3333333333333333,2,2,TCTGTTCCCAAGAGGCCGCC,0,858548
dgoRp,0.3333333333333333,2,2,TCTGTGCTATACCAGGATTA,0,856688
dgoRp,0.3333333333333333,2,2,TCTGGTGCGGGTCACTATGT,0,847777
dgoRp,0.3333333333333333,2,2,TCTGGATGGCATGCTTTCTT,0,861881
dgoRp,0.3333333333333333,2,2,TCTCTATGTTGGTCTGAGAA,0,850350
dgoRp,0.3333333333333333,2,2,TCTCGCATCCGTGCCATGGT,0,849036
dgoRp,0.3333333333333333,2,2,TCTATGCACTGGGGCTGATC,0,861065
dgoRp,0.3333333333333333,2,2,TCTATCGAATGGAATTGGGC,0,852158
dgoRp,0.3333333333333333,2,2,TCTAGTTCCCGGCCAGTTAT,0,865106
dgoRp,0.3333333333333333,2,2,TCTAGGTACCCGAGTAGCGT,0,848785
dgoRp,0.3333333333333333,2,2,TCTAGAGCGTCTGGTCGCTG,0,865910
dgoRp,0.3333333333333333,2,2,TCTACATCGTTCTAACATGC,0,866984
dgoRp,0.3333333333333333,2,2,TCTAACGCCCTGGCACTAAA,0,840218
dgoRp,0.3333333333333333,2,2,TCGTTATTCTAGAGGGTCGT,0,849535
dgoRp,0.3333333333333333,2,2,TCGTTATGCGCCGTCGTTCG,0,845194
dgoRp,0.3333333333333333,2,2,TCGTATACTTAGATACCTGG,0,844653
dgoRp,0.3333333333333333,2,2,TCGGTCTGGGTAAAGCACAG,0,841198
dgoRp,0.3333333333333333,2,2,TCGGCCACCAAAAACAGGTG,0,851860
dgoRp,0.3333333333333333,2,2,TCGGCAAGCTGGCTAGCTCC,0,838649
dgoRp,0.3333333333333333,2,2,TCGGAACATATATTTCCCTA,0,846688
dgoRp,0.3333333333333333,2,2,TCGCATATCATGCTAGCTTT,0,841941
dgoRp,0.3333333333333333,2,2,TCGACAAGCAAGGGGTATGG,0,862766
dgoRp,0.3333333333333333,2,2,TCCTTTGCTCTCGAGCTGGT,0,845192
dgoRp,0.3333333333333333,2,2,TCCTGCACGTCCCGATATCC,0,839511
dgoRp,0.3333333333333333,2,2,TCCTCAGGGCGGCCCCGATC,0,842434
dgoRp,0.3333333333333333,2,2,TCCTCAATCAAGCATGAGCG,0,852614
dgoRp,0.3333333333333333,2,2,TCCGGTGAAAAGGCTGTGGT,0,854229
dgoRp,0.3333333333333333,2,2,TCCGGTAGGGTACTCGAAAC,0,844079
dgoRp,0.3333333333333333,2,2,TCCGCCTCAGCTTGGGGGTC,0,853552
dgoRp,0.3333333333333333,2,2,TCCGACTATATGAAGTCGCC,0,864886
dgoRp,0.3333333333333333,2,2,TCCCTTGTTGGCCGGAGCAT,0,854699
dgoRp,0.3333333333333333,2,2,TCCCTTGGTGCGGACCTCTT,0,846836
dgoRp,0.3333333333333333,2,2,TCCCGGTATTGAACATTAGG,0,846719
dgoRp,0.3333333333333333,2,2,TCCAGTGGAGATTTTGGAGT,0,851260
dgoRp,0.3333333333333333,2,2,TCCAGTCCATTTATGCAAAG,0,857524
dgoRp,0.3333333333333333,2,2,TCCACCTCGCGTTGCCACTG,0,843377
dgoRp,0.3333333333333333,2,2,TCCAAATGTCAGTGCCAATC,0,863110
dgoRp,0.3333333333333333,2,2,TCATGCACTTAATGATTGTC,0,867486
dgoRp,0.3333333333333333,2,2,TCAGTACGATGTTTAAACCA,0,848166
dgoRp,0.3333333333333333,2,2,TCAGGTGCCAACGCACCGCT,0,856455
dgoRp,0.3333333333333333,2,2,TCAGGTCTACAAGCCGCACA,0,838736
dgoRp,0.3333333333333333,2,2,TCAGGGTAGTTCTCAGAAAA,0,850234
dgoRp,0.3333333333333333,2,2,TCAGCAAGGAATATTTCCCA,0,843307
dgoRp,0.3333333333333333,2,2,TCAGACGCTCGTGTAGGTCT,0,853707
dgoRp,0.3333333333333333,2,2,TCACTTGCAATCCTGCCGCA,0,840822
dgoRp,0.3333333333333333,2,2,TCACTCGCTCGGGTTCCGTA,0,860265
dgoRp,0.3333333333333333,2,2,TCACCCGGGGGAACCTTAGT,0,865724
dgoRp,0.3333333333333333,2,2,TCACATTCTTGGTAACGAGT,0,864216
dgoRp,0.3333333333333333,2,2,TCACAGTGAGCTGTTTTGTT,0,865510
dgoRp,0.3333333333333333,2,2,TCACAAGGGACCTACCAACT,0,843654
dgoRp,0.3333333333333333,2,2,TCAATGCGCCTCGCCATCAA,0,846673
dgoRp,0.3333333333333333,2,2,TCAATCGACCTATACTACAG,0,857265
dgoRp,0.3333333333333333,2,2,TCAATAAGCTCGGTGAGTGC,0,852221
dgoRp,0.3333333333333333,2,2,TCAAGGTTTTGCTCTCGTGG,0,853813
dgoRp,0.3333333333333333,2,2,TCAACGGGGACTGCCTGGAA,0,858573
dgoRp,0.3333333333333333,2,2,TCAAAACCATAACGGCAAAC,0,848252
dgoRp,0.3333333333333333,2,2,TATTGGTCCACTATGATTCC,0,862869
dgoRp,0.3333333333333333,2,2,TATTGGGGATTACTTTAAGG,0,839587
dgoRp,0.3333333333333333,2,2,TATTGCAGCGTATTTAGTGC,0,846651
dgoRp,0.3333333333333333,2,2,TATTGATCTATCGGACTAAT,0,850749
dgoRp,0.3333333333333333,2,2,TATTCATGCCTGGTTAAAGA,0,858640
dgoRp,0.3333333333333333,2,2,TATTATCATCGGAGGGCCGG,0,852025
dgoRp,0.3333333333333333,2,2,TATGTAAGTGGGAGAGTAAG,0,854701
dgoRp,0.3333333333333333,2,2,TATGCCGTGGATTCAGGAAA,0,862929
dgoRp,0.3333333333333333,2,2,TATGCATGATTGTAGCTCTA,0,849337
dgoRp,0.3333333333333333,2,2,TATGATTTCTGAGGCCAGGG,0,846077
dgoRp,0.3333333333333333,2,2,TATCCTTTCGATGATGCCAC,0,840414
dgoRp,0.3333333333333333,2,2,TATCCTAGGGCTCCTCACTG,0,847816
dgoRp,0.3333333333333333,2,2,TATCCGAGAAATGACGGGAC,0,852908
dgoRp,0.3333333333333333,2,2,TATATGAGTGGAGAGATTCG,0,849362
dgoRp,0.3333333333333333,2,2,TATACGTAAATCATCAGCCT,0,843832
dgoRp,0.3333333333333333,2,2,TATACGAATAGACTTAAACT,0,852237
dgoRp,0.3333333333333333,2,2,TATAATTCCATCCATTGTAC,0,853337
dgoRp,0.3333333333333333,2,2,TAGTCAAGTTTATTTTAGCC,0,855813
dgoRp,0.3333333333333333,2,2,TAGGTTTCAGGAGGACCCAG,0,855009
dgoRp,0.3333333333333333,2,2,TAGGCGGGCCATGATCACTA,0,853466
dgoRp,0.3333333333333333,2,2,TAGCGAGTCAAACCGCGGTC,0,852333
dgoRp,0.3333333333333333,2,2,TAGCACCTCATGCGGTGCCT,0,848488
dgoRp,0.3333333333333333,2,2,TAGATTTATCGACGCAACTC,0,867105
dgoRp,0.3333333333333333,2,2,TAGATGGTGATATAGGTGTT,0,861258
dgoRp,0.3333333333333333,2,2,TAGAGGAGACATTCCTCTGG,0,844126
dgoRp,0.3333333333333333,2,2,TAGAGCGCATAACATTAGTA,0,863252
dgoRp,0.3333333333333333,2,2,TAGACGTTGAAGGCGAGAAT,0,865657
dgoRp,0.3333333333333333,2,2,TAGACCTACTGTGCCATCGC,0,843733
dgoRp,0.3333333333333333,2,2,TAGAAGCATGTGGTCCGCCC,0,847331
dgoRp,0.3333333333333333,2,2,TACTTGGAGCCTTCCCGTAG,0,860923
dgoRp,0.3333333333333333,2,2,TACTTATGGACACAGACAGG,0,855684
dgoRp,0.3333333333333333,2,2,TACTGCGCTAAACAGTGATT,0,845943
dgoRp,0.3333333333333333,2,2,TACTCTGATAGAGAATGGTG,0,848228
dgoRp,0.3333333333333333,2,2,TACTCATCTGTCAACCTGGA,0,863013
dgoRp,0.3333333333333333,2,2,TACGTTGGAACGGTAGCCCA,0,867110
dgoRp,0.3333333333333333,2,2,TACGTTGCCTGCTCAATGCT,0,854014
dgoRp,0.3333333333333333,2,2,TACGTCGAAGCATTGCATAG,0,838074
dgoRp,0.3333333333333333,2,2,TACGGCATCGAGGTGCGGCT,0,865701
dgoRp,0.3333333333333333,2,2,TACGCGCGCGAAGGGGTACA,0,859450
dgoRp,0.3333333333333333,2,2,TACCGCGGACTAGCACCTAA,0,840830
dgoRp,0.3333333333333333,2,2,TACCGCCCTGTTACCCACTG,0,862224
dgoRp,0.3333333333333333,2,2,TACCCGGCGGGCTCCATCTG,0,842160
dgoRp,0.3333333333333333,2,2,TACCCCTACTTGATTCAGTA,0,840828
dgoRp,0.3333333333333333,2,2,TACAGGACCCATTGAGGTGA,0,859518
dgoRp,0.3333333333333333,2,2,TACACGGATAACGAAACGAA,0,841487
dgoRp,0.3333333333333333,2,2,TAATTGTGGTCGCGGCATAT,0,854831
dgoRp,0.3333333333333333,2,2,TAATGAGCGTTCGGTGGCGG,0,866258
dgoRp,0.3333333333333333,2,2,TAATAAAGTGCTAAGGGGGT,0,843076
dgoRp,0.3333333333333333,2,2,TAAGGGGATTAATTTTTATA,0,857918
dgoRp,0.3333333333333333,2,2,TAAGCGTATAGTGGGCGTCC,0,863812
dgoRp,0.3333333333333333,2,2,TAAGCATACAATGTCTAGTC,0,854791
dgoRp,0.3333333333333333,2,2,TAAGATCAACTCGTCCATTT,0,863153
dgoRp,0.3333333333333333,2,2,TAACTTTTCACAAACCCGGA,0,845104
dgoRp,0.3333333333333333,2,2,TAACTTGCTCGCCATCCTAG,0,857242
dgoRp,0.3333333333333333,2,2,TAACCCGCCTCAAGCGGTTG,0,850263
dgoRp,0.3333333333333333,2,2,TAACAGGCCTGTCTAATGAG,0,854088
dgoRp,0.3333333333333333,2,2,TAAAGCGAATACGTCGGCAT,0,863438
dgoRp,0.3333333333333333,2,2,GTTTTTGGCCCGGCAGGCTA,0,845914
dgoRp,0.3333333333333333,2,2,GTTTTACAATGACGGTGTGT,0,841341
dgoRp,0.3333333333333333,2,2,GTTGTTTAGCTTCTCTGCCG,0,836335
dgoRp,0.3333333333333333,2,2,GTTGTAAGAAGCATTTGAGG,0,836329
dgoRp,0.3333333333333333,2,2,GTTGCACGATTCAGAGGCAA,0,848299
dgoRp,0.3333333333333333,2,2,GTTGATGAGATTCCCATTCC,0,837006
dgoRp,0.3333333333333333,2,2,GTTGAATCCTGACACACGGT,0,864608
dgoRp,0.3333333333333333,2,2,GTTCTCTCAACGTTTCATGC,0,849554
dgoRp,0.3333333333333333,2,2,GTTCCTTCCGGTGTTCAGAT,0,839334
dgoRp,0.3333333333333333,2,2,GTTCAGATACGCCCGTCCAC,0,842028
dgoRp,0.3333333333333333,2,2,GTTAACACAGGGTGGTTTCT,0,852515
dgoRp,0.3333333333333333,2,2,GTTAAAAAGTTACTTAATTA,0,857623
dgoRp,0.3333333333333333,2,2,GTGTTGGACGGACCCAATTA,0,865946
dgoRp,0.3333333333333333,2,2,GTGTCGGCACCAGCTGGCGT,0,858581
dgoRp,0.3333333333333333,2,2,GTGTATCGCAGAACAAGAAT,0,848351
dgoRp,0.3333333333333333,2,2,GTGGTGGATGCACTTGATTG,0,841274
dgoRp,0.3333333333333333,2,2,GTGGTCCTACAGTAGTTCTG,0,848634
dgoRp,0.3333333333333333,2,2,GTGGCATTAGACGTTCATAT,0,863551
dgoRp,0.3333333333333333,2,2,GTGCCGGGACAGTGTCACAC,0,839462
dgoRp,0.3333333333333333,2,2,GTGCCCCATGAATAGTAGAT,0,850377
dgoRp,0.3333333333333333,2,2,GTGCCCATGCGGCGTGTTCA,0,848157
dgoRp,0.3333333333333333,2,2,GTGCCCACGTAAAGGCGCGT,0,851488
dgoRp,0.3333333333333333,2,2,GTGATGGTGACCGGAGTCGT,0,865000
dgoRp,0.3333333333333333,2,2,GTGATATCGAAGTCCCTAGA,0,859537
dgoRp,0.3333333333333333,2,2,GTGACCGATGCTAGTAGCGA,0,855581
dgoRp,0.3333333333333333,2,2,GTGACCCTTACCCGAGTGAG,0,844326
dgoRp,0.3333333333333333,2,2,GTCTGTGTCGGCTTGAGTAA,0,855514
dgoRp,0.3333333333333333,2,2,GTCTAATCAATCACATCTCA,0,851406
dgoRp,0.3333333333333333,2,2,GTCGGGAGGGTCGTTCACTT,0,866925
dgoRp,0.3333333333333333,2,2,GTCGCTTAGCTCAAACGTTA,0,836279
dgoRp,0.3333333333333333,2,2,GTCGATGAACAAGAGGGTCA,0,860591
dgoRp,0.3333333333333333,2,2,GTCGAGCTAAAGGGTAATAT,0,846859
dgoRp,0.3333333333333333,2,2,GTCGAAGCACAGCGCCCGCC,0,857814
dgoRp,0.3333333333333333,2,2,GTCCTGTCCCGTTGCAAGCC,0,858064
dgoRp,0.3333333333333333,2,2,GTCCGTGTGGGCGCCAAGTC,0,864341
dgoRp,0.3333333333333333,2,2,GTCCCTAAGCCTACTCTTAG,0,864667
dgoRp,0.3333333333333333,2,2,GTCACGCCCGGGCGACGTTC,0,847013
dgoRp,0.3333333333333333,2,2,GTCAAGCAGAATATTGTACT,0,842821
dgoRp,0.3333333333333333,2,2,GTATTGCCTTGTATGTGTTA,0,842728
dgoRp,0.3333333333333333,2,2,GTATAGGACTACGATCTAGT,0,866647
dgoRp,0.3333333333333333,2,2,GTATACCGAGAGTAGGTCCA,0,838501
dgoRp,0.3333333333333333,2,2,GTAGCATACTCCAAACGTGC,0,859085
dgoRp,0.3333333333333333,2,2,GTAGAGCTCTTGATGCTAGG,0,863531
dgoRp,0.3333333333333333,2,2,GTACTTAACTGTTTTGCCCA,0,852748
dgoRp,0.3333333333333333,2,2,GTACGGATATTGTGCCGGCT,0,841644
dgoRp,0.3333333333333333,2,2,GTACCGGGCAACAAAGGAAC,0,840392
dgoRp,0.3333333333333333,2,2,GTACATGCTGCGAATTTGTA,0,843463
dgoRp,0.3333333333333333,2,2,GTACACATGATCGTTACTGA,0,845616
dgoRp,0.3333333333333333,2,2,GTACAATGCACTCTAGTCAT,0,842370
dgoRp,0.3333333333333333,2,2,GTACAAGTAACATATGGGAA,0,842163
dgoRp,0.3333333333333333,2,2,GTAATTGCGAGGGATTGCAT,0,839535
dgoRp,0.3333333333333333,2,2,GTAATTCGTTGCATCATTCC,0,853328
dgoRp,0.3333333333333333,2,2,GTAATGATCACACAGTCTGA,0,842987
dgoRp,0.3333333333333333,2,2,GTAAGTTATTTCAACTGCCG,0,845248
dgoRp,0.3333333333333333,2,2,GTAAGGAGCCAGGGCTTAAG,0,838808
dgoRp,0.3333333333333333,2,2,GTAAGATGAAGCAGTGAGTT,0,859165
dgoRp,0.3333333333333333,2,2,GGTGGTGAGTTCTGCACGGT,0,861531
dgoRp,0.3333333333333333,2,2,GGTGGAATAGCTTGGAATAA,0,864174
dgoRp,0.3333333333333333,2,2,GGTGCCCGCGAGTGCCCACT,0,840568
dgoRp,0.3333333333333333,2,2,GGTCGTCCGTTTGTCTTTTG,0,850636
dgoRp,0.3333333333333333,2,2,GGTCGAAGTCTCTAGTGGAT,0,851514
dgoRp,0.3333333333333333,2,2,GGTCCGGACCCAGCTCGTGT,0,848684
dgoRp,0.3333333333333333,2,2,GGTCACTTGACTGAGAGAAG,0,848225
dgoRp,0.3333333333333333,2,2,GGTACTTTTTCGTATAGCCG,0,856175
dgoRp,0.3333333333333333,2,2,GGTACCGTCCTAGAAACCCT,0,853775
dgoRp,0.3333333333333333,2,2,GGTACCCTCCGCATTCTCCC,0,836155
dgoRp,0.3333333333333333,2,2,GGGTTATCCCATTAAAACGT,0,839567
dgoRp,0.3333333333333333,2,2,GGGTGCCAGAGGCTGGCGCA,0,849656
dgoRp,0.3333333333333333,2,2,GGGTGAGTGTCAGTAGGGAA,0,856140
dgoRp,0.3333333333333333,2,2,GGGTATCTGATAGTACATTT,0,838318
dgoRp,0.3333333333333333,2,2,GGGGTGGCCCAGCAGTTCAG,0,845996
dgoRp,0.3333333333333333,2,2,GGGGTCGGCGTCCGCCATTA,0,840779
dgoRp,0.3333333333333333,2,2,GGGGTAGCAAACTAGGCGCC,0,859227
dgoRp,0.3333333333333333,2,2,GGGGGATTAGGGTACATCTG,0,859264
dgoRp,0.3333333333333333,2,2,GGGGACCGAAGTCTCAGTGT,0,863683
dgoRp,0.3333333333333333,2,2,GGGGACACGGTCCCTCGGAC,0,862332
dgoRp,0.3333333333333333,2,2,GGGCTTCGGAGCACGTTGTC,0,840078
dgoRp,0.3333333333333333,2,2,GGGCTGAAAAATCGTCTTAA,0,864557
dgoRp,0.3333333333333333,2,2,GGGCGAACAGTGTGGCAAAG,0,840017
dgoRp,0.3333333333333333,2,2,GGGCCACCACCTAAAAGTGA,0,837074
dgoRp,0.3333333333333333,2,2,GGGATAACCGGCATAGACGA,0,843030
dgoRp,0.3333333333333333,2,2,GGGAGATACGCCAGTGGCTA,0,856470
dgoRp,0.3333333333333333,2,2,GGGAGAAGTTATCGGCTTCC,0,866439
dgoRp,0.3333333333333333,2,2,GGGACGGGGTATAGCTATGG,0,863751
dgoRp,0.3333333333333333,2,2,GGGAATACTGGGGACGCCCG,0,838879
dgoRp,0.3333333333333333,2,2,GGCTTGGGTGTAATAACGAC,0,837868
dgoRp,0.3333333333333333,2,2,GGCTTCGTGATGTAGGTTTA,0,850688
dgoRp,0.3333333333333333,2,2,GGCTCAGGCAGTGCCAGTGG,0,846370
dgoRp,0.3333333333333333,2,2,GGCGCCGCGAGTTTAGTAGT,0,862857
dgoRp,0.3333333333333333,2,2,GGCGACCCCCTGAACTGTGT,0,839599
dgoRp,0.3333333333333333,2,2,GGCCTGTGGCGCGGCCAAAG,0,866026
dgoRp,0.3333333333333333,2,2,GGCCATTGAATCTGAAGCAG,0,866350
dgoRp,0.3333333333333333,2,2,GGCACGTTGTTTCTGTAAAC,0,842036
dgoRp,0.3333333333333333,2,2,GGCAATGGCAAGTGTCCAAA,0,864858
dgoRp,0.3333333333333333,2,2,GGATTTGGCATACAGAGCTG,0,858894
dgoRp,0.3333333333333333,2,2,GGATTGGTTCTTAGGGCGAT,0,859013
dgoRp,0.3333333333333333,2,2,GGATGGGTAATTCCATGTCA,0,862723
dgoRp,0.3333333333333333,2,2,GGATGGGGCTGATAAGGCAT,0,864234
dgoRp,0.3333333333333333,2,2,GGATGCGTACTGCGTTGCAA,0,854908
dgoRp,0.3333333333333333,2,2,GGATGATTTATGCTCATAAT,0,849341
dgoRp,0.3333333333333333,2,2,GGAGGTGTTCCTTTGATGTC,0,838137
dgoRp,0.3333333333333333,2,2,GGAGATCATCGATTGCCGGT,0,849576
dgoRp,0.3333333333333333,2,2,GGAATGGGGTCAAATATCCC,0,859454
dgoRp,0.3333333333333333,2,2,GGAAGTCTCAGGGCATCGCC,0,859313
dgoRp,0.3333333333333333,2,2,GGAACATAGTTGTGTTCTGT,0,846671
dgoRp,0.3333333333333333,2,2,GGAAATCAGCCATGTGACCA,0,860453
dgoRp,0.3333333333333333,2,2,GGAAACCATGCCAGATCACT,0,845415
dgoRp,0.3333333333333333,2,2,GCTTTTGTTGAGTTCATACA,0,849018
dgoRp,0.3333333333333333,2,2,GCTTTCGATTCATCACCCGG,0,856316
dgoRp,0.3333333333333333,2,2,GCTTTAACGGAACTCATCAC,0,849646
dgoRp,0.3333333333333333,2,2,GCTGTAACTCGGGTGGTATA,0,845465
dgoRp,0.3333333333333333,2,2,GCTGGTAATATACTGTCTGT,0,855564
dgoRp,0.3333333333333333,2,2,GCTGGGTCATATCCGTGCTT,0,840955
dgoRp,0.3333333333333333,2,2,GCTGGCACGGGGGATTGTTC,0,862648
dgoRp,0.3333333333333333,2,2,GCTGCTTCCTTGTTGCGTAA,0,858320
dgoRp,0.3333333333333333,2,2,GCTGATTTCGGTTGACCTAC,0,852955
dgoRp,0.3333333333333333,2,2,GCTCGACATATGTCGATGGA,0,858892
dgoRp,0.3333333333333333,2,2,GCTCGAAAATCTCAGGGAAC,0,854771
dgoRp,0.3333333333333333,2,2,GCTATCCCGGGACTAGGGAC,0,854376
dgoRp,0.3333333333333333,2,2,GCTATATCTTGAGCACGATT,0,858695
dgoRp,0.3333333333333333,2,2,GCTAGGCTTGCGAGGAATAT,0,864870
dgoRp,0.3333333333333333,2,2,GCTACCGGCAACTCTATTGC,0,842026
dgoRp,0.3333333333333333,2,2,GCTACACACCTGTGGAGAAC,0,862016
dgoRp,0.3333333333333333,2,2,GCTAAACCCGGCGCGGGGGA,0,850175
dgoRp,0.3333333333333333,2,2,GCGTCTAGTCAAGAGTCCTT,0,842869
dgoRp,0.3333333333333333,2,2,GCGTAGCCGTTCAGTAGTAC,0,861869
dgoRp,0.3333333333333333,2,2,GCGTACAGCTATGTAGAGCT,0,858992
dgoRp,0.3333333333333333,2,2,GCGGACCATCTTTTCGAGTG,0,847570
dgoRp,0.3333333333333333,2,2,GCGCTAAAGCAGACTATGAT,0,866514
dgoRp,0.3333333333333333,2,2,GCGCGCTTTTATTTCTTTGG,0,841734
dgoRp,0.3333333333333333,2,2,GCGCGCATCGGATATAGTGA,0,854555
dgoRp,0.3333333333333333,2,2,GCGCCTCATGTTGTCTTGCA,0,857029
dgoRp,0.3333333333333333,2,2,GCGATGTATGTCCTTGAGTA,0,847187
dgoRp,0.3333333333333333,2,2,GCGATCCGACAGGGCGCCTC,0,863566
dgoRp,0.3333333333333333,2,2,GCGACTGTTGTGATTGGTTG,0,856875
dgoRp,0.3333333333333333,2,2,GCGACTGGTCAATCAAGGTC,0,863474
dgoRp,0.3333333333333333,2,2,GCGAATACGGCTAGTTGGTA,0,838083
dgoRp,0.3333333333333333,2,2,GCGAAGGAACGCCGGTGTTC,0,850275
dgoRp,0.3333333333333333,2,2,GCCTTTCTCCTGCCGTAAGT,0,857035
dgoRp,0.3333333333333333,2,2,GCCTTCTGCCAGTGGGGCGT,0,865595
dgoRp,0.3333333333333333,2,2,GCCTGGCCCCTTATTGTTAC,0,855825
dgoRp,0.3333333333333333,2,2,GCCTCACGTATACAGGCCGG,0,838114
dgoRp,0.3333333333333333,2,2,GCCTAAGGGGGGTAGGTCCC,0,859118
dgoRp,0.3333333333333333,2,2,GCCGTCCGAAATGACATTGA,0,840340
dgoRp,0.3333333333333333,2,2,GCCGGCCTACACGTTCGTTG,0,841362
dgoRp,0.3333333333333333,2,2,GCCGGAGTGGTTATACAGCG,0,854169
dgoRp,0.3333333333333333,2,2,GCCGCTAGGCGTACATGCTC,0,856662
dgoRp,0.3333333333333333,2,2,GCCGCGGCGTATTCGAGCTA,0,851041
dgoRp,0.3333333333333333,2,2,GCCGAGGCCTGGCACCCTTA,0,857413
dgoRp,0.3333333333333333,2,2,GCCCTGGGAAGTATTGGGGT,0,835873
dgoRp,0.3333333333333333,2,2,GCCCTATTCGTAAGTAACAG,0,846170
dgoRp,0.3333333333333333,2,2,GCCCGCTTCGCGATCATTAT,0,843566
dgoRp,0.3333333333333333,2,2,GCCCCCTCTGCTATTTGCTT,0,844228
dgoRp,0.3333333333333333,2,2,GCCCATTGGGAAAACCTTGC,0,840802
dgoRp,0.3333333333333333,2,2,GCCAGAGCTGCCCCGCGTGG,0,863715
dgoRp,0.3333333333333333,2,2,GCATATCACGGAAATTATCA,0,849854
dgoRp,0.3333333333333333,2,2,GCATAGGTGAACTACATAGA,0,861007
dgoRp,0.3333333333333333,2,2,GCAGGAGCGGATTTCGGGTC,0,859466
dgoRp,0.3333333333333333,2,2,GCAGCTTGCTGGGGTGCGGG,0,865179
dgoRp,0.3333333333333333,2,2,GCAGCGAGCGTACAACTAGA,0,849753
dgoRp,0.3333333333333333,2,2,GCAGCCCTGTAGATGCTTGG,0,839015
dgoRp,0.3333333333333333,2,2,GCACGGTCCGATGGTTGGTC,0,854174
dgoRp,0.3333333333333333,2,2,GCACGATAGCAGCCTCGAAT,0,843362
dgoRp,0.3333333333333333,2,2,GCACCCTGTGAGTGTCGATG,0,838266
dgoRp,0.3333333333333333,2,2,GCACCCGCACGATGCTGGTA,0,836946
dgoRp,0.3333333333333333,2,2,GCACATTCGCTGCAACAGCC,0,857620
dgoRp,0.3333333333333333,2,2,GCACATGCCCGGTATCATGA,0,865428
dgoRp,0.3333333333333333,2,2,GCAATTTCGTAAAACGCACA,0,866095
dgoRp,0.3333333333333333,2,2,GCAACAACTCTAACCGAGTA,0,838317
dgoRp,0.3333333333333333,2,2,GATTGGTCAATTAAATGGAC,0,845769
dgoRp,0.3333333333333333,2,2,GATTGGGCCTAAGCTCGCCT,0,840540
dgoRp,0.3333333333333333,2,2,GATTCTCCTTTGAAGTACTG,0,841522
dgoRp,0.3333333333333333,2,2,GATTACACTACACTTCCTGC,0,862050
dgoRp,0.3333333333333333,2,2,GATGGATTGCGGCAGTACGA,0,856877
dgoRp,0.3333333333333333,2,2,GATGAGCCACTTCCATTCGA,0,859780
dgoRp,0.3333333333333333,2,2,GATGAGACGGCGGTTATAAA,0,865444
dgoRp,0.3333333333333333,2,2,GATCGAGTGCTCCGGTTTGT,0,862321
dgoRp,0.3333333333333333,2,2,GATCCAACACCCGCTCGAAC,0,856279
dgoRp,0.3333333333333333,2,2,GATAGCTGGAATCCACAGAA,0,857452
dgoRp,0.3333333333333333,2,2,GATAGAGGGTACGCAAAAGT,0,846360
dgoRp,0.3333333333333333,2,2,GATACTCGCTACAGTTCTAA,0,860195
dgoRp,0.3333333333333333,2,2,GATAACTTTGTATTACTGGG,0,849797
dgoRp,0.3333333333333333,2,2,GAGTTTTTGCTCGCGGTGAA,0,839900
dgoRp,0.3333333333333333,2,2,GAGTCCATTGCGAATCACGA,0,856776
dgoRp,0.3333333333333333,2,2,GAGTAGCGGCGGACATCTGT,0,844196
dgoRp,0.3333333333333333,2,2,GAGGTCATTCGTCCGTCTAG,0,837348
dgoRp,0.3333333333333333,2,2,GAGGTCATGCATCTCAGAGG,0,859121
dgoRp,0.3333333333333333,2,2,GAGGTAGTCCCCAGTGGTAC,0,852159
dgoRp,0.3333333333333333,2,2,GAGGTACTCGTCTGTCGCTC,0,843900
dgoRp,0.3333333333333333,2,2,GAGGGGGGTTGAGGAATACA,0,861537
dgoRp,0.3333333333333333,2,2,GAGCTTCAAAGTGTTCATTT,0,855915
dgoRp,0.3333333333333333,2,2,GAGCTCAGGGCTCCCCATCG,0,848504
dgoRp,0.3333333333333333,2,2,GAGCGAGAGCTTACTTAAAA,0,849637
dgoRp,0.3333333333333333,2,2,GAGCAGTTGATGTAAAACAT,0,836142
dgoRp,0.3333333333333333,2,2,GAGCAGGATGGCTGAGTGTG,0,844077
dgoRp,0.3333333333333333,2,2,GAGATTGTCACCTAGTATCC,0,836228
dgoRp,0.3333333333333333,2,2,GAGATGCCTCGCGGGGATAA,0,845141
dgoRp,0.3333333333333333,2,2,GAGATCATGTGTGTTAGGTA,0,840936
dgoRp,0.3333333333333333,2,2,GAGAGGCAGCGGAGCCCCTG,0,848441
dgoRp,0.3333333333333333,2,2,GAGACGCGTCGCAATCGAAC,0,863493
dgoRp,0.3333333333333333,2,2,GACTATGCATTTTGACAGTT,0,862066
dgoRp,0.3333333333333333,2,2,GACGGTGAGGTATTGTGGAT,0,859249
dgoRp,0.3333333333333333,2,2,GACGCTCTGTTCAATCAGCA,0,839493
dgoRp,0.3333333333333333,2,2,GACCTGAGTTCAGGTCTGAA,0,838284
dgoRp,0.3333333333333333,2,2,GACCTAGCTAGGCGTGTAAG,0,846287
dgoRp,0.3333333333333333,2,2,GACCGCCCTAGATTTGCTCC,0,863776
dgoRp,0.3333333333333333,2,2,GACATTCGGTTAAAGACCAA,0,856442
dgoRp,0.3333333333333333,2,2,GACAGCGCACGTGACCGGAA,0,836181
dgoRp,0.3333333333333333,2,2,GACAACCGCCAGTATTCGTA,0,853341
dgoRp,0.3333333333333333,2,2,GAATCTCCAACGCTCGGTCT,0,849575
dgoRp,0.3333333333333333,2,2,GAATCAAATCCAATCAGAAT,0,858676
dgoRp,0.3333333333333333,2,2,GAATAGTGAACGGTCAGCAA,0,843975
dgoRp,0.3333333333333333,2,2,GAATACTCCATCACACTTCA,0,842363
dgoRp,0.3333333333333333,2,2,GAATAACCATACTTCCAAAA,0,839616
dgoRp,0.3333333333333333,2,2,GAAGTGGTCGCACGCTTCCC,0,850589
dgoRp,0.3333333333333333,2,2,GAAGTGACAGGTAGCATCCT,0,864648
dgoRp,0.3333333333333333,2,2,GAAGGCTTCCCCCATTATCC,0,856838
dgoRp,0.3333333333333333,2,2,GAAGGACCCAATCTAGTCCA,0,864531
dgoRp,0.3333333333333333,2,2,GAACTCAAGGACTGCGGGAC,0,843181
dgoRp,0.3333333333333333,2,2,GAACGGCTACGATGTTGCGT,0,847776
dgoRp,0.3333333333333333,2,2,GAACAAATCACTACTCAAGG,0,854299
dgoRp,0.3333333333333333,2,2,GAAATGCGGATATGGATGTC,0,848186
dgoRp,0.3333333333333333,2,2,GAAATAAATCCAAGCATATG,0,839270
dgoRp,0.3333333333333333,2,2,GAAACGAACGGCTGAACCTA,0,857479
dgoRp,0.3333333333333333,2,2,GAAAAGCGTCTACCCTGCAG,0,866348
dgoRp,0.3333333333333333,2,2,GAAAACAGTGCATACGATGT,0,836060
dgoRp,0.3333333333333333,2,2,CTTTGTAAGTCGAAGTTCGT,0,851025
dgoRp,0.3333333333333333,2,2,CTTTGAAGGCTGGCTCTTCG,0,852323
dgoRp,0.3333333333333333,2,2,CTTTAGCCAATGAACCAAGC,0,840202
dgoRp,0.3333333333333333,2,2,CTTGTGGCCTGGTAACTGGA,0,855404
dgoRp,0.3333333333333333,2,2,CTTGGTTACTACCATCCCGT,0,837435
dgoRp,0.3333333333333333,2,2,CTTGGGGAACCGTCATGACT,0,842027
dgoRp,0.3333333333333333,2,2,CTTGGGAAATTGAGGTAATA,0,847057
dgoRp,0.3333333333333333,2,2,CTTGCGTGAACCTTATTTCA,0,864973
dgoRp,0.3333333333333333,2,2,CTTGCGAGCTAACACTAATC,0,866518
dgoRp,0.3333333333333333,2,2,CTTGCGAACAAGAATTATAT,0,866501
dgoRp,0.3333333333333333,2,2,CTTGCAAAGTCAGAGTCAAC,0,861509
dgoRp,0.3333333333333333,2,2,CTTCGGTTAGGACGGCTTCG,0,845477
dgoRp,0.3333333333333333,2,2,CTTCGGGCGCAGGCGGAAAA,0,849510
dgoRp,0.3333333333333333,2,2,CTTCCAGTGAAAACTCTATC,0,855065
dgoRp,0.3333333333333333,2,2,CTTCAGCAGTCTCTAGCACA,0,862181
dgoRp,0.3333333333333333,2,2,CTTCAGAAACATCTATCGAA,0,845112
dgoRp,0.3333333333333333,2,2,CTTCAATTCATGACGGGTTC,0,835983
dgoRp,0.3333333333333333,2,2,CTTAGGTTACATCCAGACGG,0,842635
dgoRp,0.3333333333333333,2,2,CTTACATGTTAGTGATACCA,0,854015
dgoRp,0.3333333333333333,2,2,CTGTTCGGTAATAGGCCTAG,0,844184
dgoRp,0.3333333333333333,2,2,CTGTGTGTTGGGAGCTTGAG,0,836122
dgoRp,0.3333333333333333,2,2,CTGTGAGACTTCTGTTATGG,0,850530
dgoRp,0.3333333333333333,2,2,CTGTCGGGCAGAAGCTAGGA,0,859983
dgoRp,0.3333333333333333,2,2,CTGTACGGCTAACGTCGCCG,0,857026
dgoRp,0.3333333333333333,2,2,CTGGGGGGAGCGTTGCCAGC,0,844787
dgoRp,0.3333333333333333,2,2,CTGGCATCCGGGCTTCTCTA,0,864224
dgoRp,0.3333333333333333,2,2,CTGCGCTCACTTCGGACCGA,0,857703
dgoRp,0.3333333333333333,2,2,CTGCACACTTTGAGCCAAAA,0,854971
dgoRp,0.3333333333333333,2,2,CTGATGGAAGTAGTACCGAA,0,839818
dgoRp,0.3333333333333333,2,2,CTGATGACCTCGCTGATAGA,0,845763
dgoRp,0.3333333333333333,2,2,CTGACGTAAGCTGGATCATT,0,856445
dgoRp,0.3333333333333333,2,2,CTGACCGCCGCTGTCCTGCA,0,844737
dgoRp,0.3333333333333333,2,2,CTGAAACAGTCTAGGCGTGT,0,863634
dgoRp,0.3333333333333333,2,2,CTCTTTACGCAGATGGGAAT,0,863156
dgoRp,0.3333333333333333,2,2,CTCTTGGAACGAAATAATGT,0,849135
dgoRp,0.3333333333333333,2,2,CTCTGCCGCAAGTATTGTTT,0,837746
dgoRp,0.3333333333333333,2,2,CTCTCCTGAGAATAATGGAT,0,842944
dgoRp,0.3333333333333333,2,2,CTCGTATAGGTCCCATAGAT,0,858901
dgoRp,0.3333333333333333,2,2,CTCGCATCTTTGGGGTAGTT,0,851842
dgoRp,0.3333333333333333,2,2,CTCGCACTTCTTCTCACCAT,0,864309
dgoRp,0.3333333333333333,2,2,CTCGATTTGTTAAACTGTCC,0,856403
dgoRp,0.3333333333333333,2,2,CTCGAATGCCTTATACCCAA,0,847636
dgoRp,0.3333333333333333,2,2,CTCCTTAATCAGGGAAGAAT,0,847771
dgoRp,0.3333333333333333,2,2,CTCCTCGTCTGACACTGAGC,0,843865
dgoRp,0.3333333333333333,2,2,CTCCCAGTAGCGTTGGACGC,0,861841
dgoRp,0.3333333333333333,2,2,CTCATAAGCAATGTGGCTTG,0,854480
dgoRp,0.3333333333333333,2,2,CTCACCATAACGACTTCAGG,0,850029
dgoRp,0.3333333333333333,2,2,CTCACAAGCCGCTCGTCTAG,0,854691
dgoRp,0.3333333333333333,2,2,CTATGTAGGGAGTGGCCTTA,0,861568
dgoRp,0.3333333333333333,2,2,CTATCTTGTCGAAACCTAGA,0,848593
dgoRp,0.3333333333333333,2,2,CTAGTCTCGCTGGTACGTGG,0,845323
dgoRp,0.3333333333333333,2,2,CTAGCTGTGCCCATGCGTGT,0,844415
dgoRp,0.3333333333333333,2,2,CTAGCGACTGTGCGTAGGGG,0,853311
dgoRp,0.3333333333333333,2,2,CTAGCCTAAATGACCGGTGG,0,860809
dgoRp,0.3333333333333333,2,2,CTAGCCCATAATTTTCTGTT,0,866260
dgoRp,0.3333333333333333,2,2,CTAGCAACTGTGCGATCAAA,0,847804
dgoRp,0.3333333333333333,2,2,CTACTATGGGATCAGGCCGC,0,839141
dgoRp,0.3333333333333333,2,2,CTAACCACGAATTGACGTAA,0,852048
dgoRp,0.3333333333333333,2,2,CTAAACGGTTTGTTGTCAGT,0,864028
dgoRp,0.3333333333333333,2,2,CGTTATATCCTGTGGCAGGG,0,852032
dgoRp,0.3333333333333333,2,2,CGTGTCCCCGACCCACCCGC,0,863799
dgoRp,0.3333333333333333,2,2,CGTGTCCATGGACCCTGGTA,0,846860
dgoRp,0.3333333333333333,2,2,CGTGGTTGATAAGGGCCACG,0,847971
dgoRp,0.3333333333333333,2,2,CGTGGGAATCCAGTCACGAA,0,850602
dgoRp,0.3333333333333333,2,2,CGTGGATGTCGCAGGCACAC,0,845730
dgoRp,0.3333333333333333,2,2,CGTGCGGTAGGTGATCAACT,0,845304
dgoRp,0.3333333333333333,2,2,CGTGAGTACGAATCCGTCCA,0,844179
dgoRp,0.3333333333333333,2,2,CGTGAAGCTAATACTACGAA,0,858791
dgoRp,0.3333333333333333,2,2,CGTCTGTGTATGATTATTGA,0,842132
dgoRp,0.3333333333333333,2,2,CGTCGTACCCAAATCAGTGG,0,855925
dgoRp,0.3333333333333333,2,2,CGTCGGAAAGTCTGAGGGCG,0,851344
dgoRp,0.3333333333333333,2,2,CGTCCATCCGGAAGATTGAC,0,844294
dgoRp,0.3333333333333333,2,2,CGTATAAACCGTACACTCAC,0,857236
dgoRp,0.3333333333333333,2,2,CGTAGAAAGGAAAGATAATT,0,861535
dgoRp,0.3333333333333333,2,2,CGTACGTAAACTCGCCGCCA,0,857889
dgoRp,0.3333333333333333,2,2,CGTAATATTTAAAGCTCAGG,0,860860
dgoRp,0.3333333333333333,2,2,CGGTAGAATATCCATCCGGT,0,845735
dgoRp,0.3333333333333333,2,2,CGGTACTGCCAAAATTGGGT,0,863971
dgoRp,0.3333333333333333,2,2,CGGTACCATAAGTACGTCCA,0,858565
dgoRp,0.3333333333333333,2,2,CGGGTTCTCTGTTGTACTAA,0,843183
dgoRp,0.3333333333333333,2,2,CGGGGGCAGTCGGGCAACCT,0,851051
dgoRp,0.3333333333333333,2,2,CGGGAACGGCACGGGCTGTC,0,855405
dgoRp,0.3333333333333333,2,2,CGGCTTGCATAAGGAATTAT,0,855641
dgoRp,0.3333333333333333,2,2,CGGCCATTCTCGCGTGCCCT,0,854693
dgoRp,0.3333333333333333,2,2,CGGCAACTAGCACTGCATTG,0,845881
dgoRp,0.3333333333333333,2,2,CGGCAACGATACCTGCGTGC,0,857165
dgoRp,0.3333333333333333,2,2,CGGATGCCGCTAGTAGGGCT,0,857237
dgoRp,0.3333333333333333,2,2,CGGATAGGGGGTAAAAGCAT,0,857311
dgoRp,0.3333333333333333,2,2,CGGAGTAGCGCATATATCGC,0,846452
dgoRp,0.3333333333333333,2,2,CGGAGGATAAATTCTATCGA,0,839149
dgoRp,0.3333333333333333,2,2,CGGACGTCGCCAGAATAACA,0,859260
dgoRp,0.3333333333333333,2,2,CGCTTACTTTCCAAGGGATG,0,857031
dgoRp,0.3333333333333333,2,2,CGCTGTAGATTTCCGGAAGT,0,860146
dgoRp,0.3333333333333333,2,2,CGCTGGACAGCACTCTGAAA,0,860244
dgoRp,0.3333333333333333,2,2,CGCTCGATCTGGCCCTTCAC,0,848455
dgoRp,0.3333333333333333,2,2,CGCTAATCGACAGTAAACAG,0,850445
dgoRp,0.3333333333333333,2,2,CGCGTCGTCTCGTTGAACCA,0,861977
dgoRp,0.3333333333333333,2,2,CGCGGTGTCGAATTTACGCG,0,838146
dgoRp,0.3333333333333333,2,2,CGCGGTGGACATAGAGATAG,0,864229
dgoRp,0.3333333333333333,2,2,CGCGCTAGGTTCTGCGAGTT,0,840858
dgoRp,0.3333333333333333,2,2,CGCGCGAAAGAGGGTGTTTA,0,853693
dgoRp,0.3333333333333333,2,2,CGCCCACCTTATTCCGCGGT,0,839298
dgoRp,0.3333333333333333,2,2,CGCCACGGGTACCCAAACAC,0,862103
dgoRp,0.3333333333333333,2,2,CGCAGTGATATTACCAAATC,0,853458
dgoRp,0.3333333333333333,2,2,CGCAATGTATAGCTCACGAC,0,841845
dgoRp,0.3333333333333333,2,2,CGCAATATCGCCGGTGTCTA,0,846650
dgoRp,0.3333333333333333,2,2,CGATTCCGTTGACCCGCTCC,0,840415
dgoRp,0.3333333333333333,2,2,CGATGTAAACGGGAGGTTCG,0,867397
dgoRp,0.3333333333333333,2,2,CGATGCGCAAGTTTAACCTT,0,838944
dgoRp,0.3333333333333333,2,2,CGATGCCTAGCGGTCATCCT,0,842397
dgoRp,0.3333333333333333,2,2,CGATGACCTGTGCAGTTTTC,0,836407
dgoRp,0.3333333333333333,2,2,CGATCTGGCTGCATGCAGTC,0,838292
dgoRp,0.3333333333333333,2,2,CGATCTCCGGTATTAATAGT,0,843968
dgoRp,0.3333333333333333,2,2,CGATAGGAACCCTGGCTAAG,0,863761
dgoRp,0.3333333333333333,2,2,CGAGTCCCTTGCAGGTTCTT,0,842739
dgoRp,0.3333333333333333,2,2,CGAGGCATAGGAAACGGTCG,0,862033
dgoRp,0.3333333333333333,2,2,CGAGCGTGAATTTTAAGCAG,0,838230
dgoRp,0.3333333333333333,2,2,CGAGCGACCTTGGACCCAGT,0,852292
dgoRp,0.3333333333333333,2,2,CGAGAATCATTAATAGAGGG,0,855419
dgoRp,0.3333333333333333,2,2,CGAGAACAGACGACTTGCAA,0,840478
dgoRp,0.3333333333333333,2,2,CGACGTTAAACGACGCAATA,0,853334
dgoRp,0.3333333333333333,2,2,CGACGGGCTAGGCAGGGACT,0,851396
dgoRp,0.3333333333333333,2,2,CGACGAGCCTTGTCGCCACA,0,860564
dgoRp,0.3333333333333333,2,2,CGACCGGCGGGACTCTGAGC,0,842267
dgoRp,0.3333333333333333,2,2,CGAATTTATCAGAGCCAGAA,0,852483
dgoRp,0.3333333333333333,2,2,CGAATAGCATGAGGCCCAAC,0,862071
dgoRp,0.3333333333333333,2,2,CGAAGTCAAATTCCCGCAAA,0,860485
dgoRp,0.3333333333333333,2,2,CGAAGGTATCTCTTACATCG,0,855788
dgoRp,0.3333333333333333,2,2,CGAACTCCCCCGCAGGATGA,0,841281
dgoRp,0.3333333333333333,2,2,CGAACATGGTTATGTGTAGG,0,863298
dgoRp,0.3333333333333333,2,2,CCTTTATATACGGGAGGTCC,0,848009
dgoRp,0.3333333333333333,2,2,CCTTCCCCCACCTTGAGACT,0,856154
dgoRp,0.3333333333333333,2,2,CCTGTCTCGTAGGATGATGT,0,858259
dgoRp,0.3333333333333333,2,2,CCTGCTGTGCACGATTACGT,0,855172
dgoRp,0.3333333333333333,2,2,CCTGCCCGACCAACAGAACG,0,861575
dgoRp,0.3333333333333333,2,2,CCTGAGGTCCCTTACAACCA,0,851908
dgoRp,0.3333333333333333,2,2,CCTCAGGTGAAGAATTAGCA,0,864485
dgoRp,0.3333333333333333,2,2,CCTAGTCGCGTTGTCCTTGA,0,858009
dgoRp,0.3333333333333333,2,2,CCTAGAGGTTTATCGCCCAG,0,848012
dgoRp,0.3333333333333333,2,2,CCTAGAGACAGAAGTAACGT,0,865638
dgoRp,0.3333333333333333,2,2,CCTACAAACTCTGCGCCCTA,0,860090
dgoRp,0.3333333333333333,2,2,CCTAACGCCTTCGAATACAT,0,856148
dgoRp,0.3333333333333333,2,2,CCTAAATTTAAGGTCAGCCC,0,841062
dgoRp,0.3333333333333333,2,2,CCGTTCTAGTTCTCTCCGTA,0,841262
dgoRp,0.3333333333333333,2,2,CCGTGTCAAGCTAGGACCCA,0,847342
dgoRp,0.3333333333333333,2,2,CCGTCAACTAGCTACAGTAC,0,855715
dgoRp,0.3333333333333333,2,2,CCGTATCGTCAAATCACCCC,0,866566
dgoRp,0.3333333333333333,2,2,CCGGTGGGTATTTTCCGTTC,0,865148
dgoRp,0.3333333333333333,2,2,CCGGGTGGCGACCGCGGGGC,0,862714
dgoRp,0.3333333333333333,2,2,CCGGGAATGCGGTTCCAATT,0,856208
dgoRp,0.3333333333333333,2,2,CCGCTTTATATATTGCAAGC,0,863982
dgoRp,0.3333333333333333,2,2,CCGCGGCGGCGTCACGCTCA,0,847734
dgoRp,0.3333333333333333,2,2,CCGCGGAATCTAGTTCCGAT,0,843348
dgoRp,0.3333333333333333,2,2,CCGCCCAATAGCTACGTAAT,0,863044
dgoRp,0.3333333333333333,2,2,CCGCCAACAACAAGGTAAGA,0,861079
dgoRp,0.3333333333333333,2,2,CCGCAGGTTCGCGGAGTCAT,0,846081
dgoRp,0.3333333333333333,2,2,CCGACTAGACCTTCATGCCA,0,847001
dgoRp,0.3333333333333333,2,2,CCGACCACAACGGTACAAAA,0,848995
dgoRp,0.3333333333333333,2,2,CCCTTGCACAACAAAGGGGG,0,842690
dgoRp,0.3333333333333333,2,2,CCCTTCACTCACGGGAACGC,0,851572
dgoRp,0.3333333333333333,2,2,CCCTCGGGTGCCCTCCAGCC,0,845913
dgoRp,0.3333333333333333,2,2,CCCGGTGGAACGATGTATGT,0,855257
dgoRp,0.3333333333333333,2,2,CCCGGTGCTAAAGCCGGGTC,0,867326
dgoRp,0.3333333333333333,2,2,CCCCGTTCTAACCATAACAA,0,859605
dgoRp,0.3333333333333333,2,2,CCCCGTCTCAATGCTAGAGT,0,848208
dgoRp,0.3333333333333333,2,2,CCCCCCAGTGATGTACATCT,0,849993
dgoRp,0.3333333333333333,2,2,CCCCAGGGCGAGTTAGCAAC,0,861145
dgoRp,0.3333333333333333,2,2,CCCATTGAAGTCTTAGGCAA,0,865684
dgoRp,0.3333333333333333,2,2,CCCATCTTAAACGGTGTGTT,0,848194
dgoRp,0.3333333333333333,2,2,CCCATATCGTCGAAGCGTCA,0,845201
dgoRp,0.3333333333333333,2,2,CCCAGCTCTACCTAAGATGC,0,837199
dgoRp,0.3333333333333333,2,2,CCCACGTTGCCCGCAAGGTC,0,846550
dgoRp,0.3333333333333333,2,2,CCCACGTAGACCTATAGGCT,0,854976
dgoRp,0.3333333333333333,2,2,CCCAACGGGTTAGGCTTAGT,0,839531
dgoRp,0.3333333333333333,2,2,CCCAACGAGATTGTTATACC,0,847104
dgoRp,0.3333333333333333,2,2,CCATTGCATGGAAATGTTCA,0,835921
dgoRp,0.3333333333333333,2,2,CCATGCTGCGGCGGTAGGCA,0,859481
dgoRp,0.3333333333333333,2,2,CCATCTTAGAAGCCAGAATC,0,852173
dgoRp,0.3333333333333333,2,2,CCATAAGTCCAAAGCAGAGG,0,844150
dgoRp,0.3333333333333333,2,2,CCAGTTAGGCGCCTTCCAAA,0,848712
dgoRp,0.3333333333333333,2,2,CCAGGAAGACGCGCGTAGCT,0,860726
dgoRp,0.3333333333333333,2,2,CCACGTGAAAAAGACTGGAC,0,836064
dgoRp,0.3333333333333333,2,2,CCACGGATGATATGTTGGGC,0,848113
dgoRp,0.3333333333333333,2,2,CCAATAACCCTAGCTAATTA,0,850408
dgoRp,0.3333333333333333,2,2,CCAACCGTGCTCTACGTGAA,0,844303
dgoRp,0.3333333333333333,2,2,CATTTCTATCGGCCTCCCGA,0,855549
dgoRp,0.3333333333333333,2,2,CATTGTCGAATTGCTCACGT,0,854259
dgoRp,0.3333333333333333,2,2,CATTCAACGAGCGTAAGGCA,0,837267
dgoRp,0.3333333333333333,2,2,CATGTCTCTCAGGTAAGGAT,0,850746
dgoRp,0.3333333333333333,2,2,CATGCTCATGATTGACGATT,0,857872
dgoRp,0.3333333333333333,2,2,CATCGATCAACTTCCAACGA,0,856864
dgoRp,0.3333333333333333,2,2,CATCCTTAATATACTATTTT,0,844248
dgoRp,0.3333333333333333,2,2,CATCAGAGTTTAGGAAGCGC,0,863054
dgoRp,0.3333333333333333,2,2,CATCAAATCGAATATGCTCC,0,859203
dgoRp,0.3333333333333333,2,2,CATATGGATGCTAGTGCTGC,0,840768
dgoRp,0.3333333333333333,2,2,CATAGGGACCCGCTTGTAGC,0,841694
dgoRp,0.3333333333333333,2,2,CATACAAACGTGCGTCGACT,0,845826
dgoRp,0.3333333333333333,2,2,CAGTGTGGTCACTTAGTCCC,0,849198
dgoRp,0.3333333333333333,2,2,CAGTGGTGAAGAGATGTAAT,0,858299
dgoRp,0.3333333333333333,2,2,CAGTCTTGAGGACCCAGGCT,0,866213
dgoRp,0.3333333333333333,2,2,CAGTCATGTTCCCAGGTACG,0,836568
dgoRp,0.3333333333333333,2,2,CAGTACTAAACGCTTAGAAT,0,847062
dgoRp,0.3333333333333333,2,2,CAGGGGAATTTCGCGCCGAT,0,856750
dgoRp,0.3333333333333333,2,2,CAGGAAAATTTGTCCCAAGA,0,846624
dgoRp,0.3333333333333333,2,2,CAGCGGGGCCTGACGATTCA,0,861791
dgoRp,0.3333333333333333,2,2,CAGCCGATCGGCGCGATCCC,0,861338
dgoRp,0.3333333333333333,2,2,CAGCCATTTCCGACGCGCGC,0,843302
dgoRp,0.3333333333333333,2,2,CAGCCAAGGAGGCATTCAGA,0,864052
dgoRp,0.3333333333333333,2,2,CAGCAACGTAAGAGGGCAAA,0,853917
dgoRp,0.3333333333333333,2,2,CAGAAACGCCTGTATCTGAA,0,857483
dgoRp,0.3333333333333333,2,2,CACTGGGGACTTCTCTCGAG,0,857484
dgoRp,0.3333333333333333,2,2,CACTGACATTTATAGAGACG,0,850973
dgoRp,0.3333333333333333,2,2,CACTCCGATGGCATAGTCCT,0,855253
dgoRp,0.3333333333333333,2,2,CACGTGGATTGCATCGCACT,0,867279
dgoRp,0.3333333333333333,2,2,CACGTATCAGCGCTGTTAAG,0,854846
dgoRp,0.3333333333333333,2,2,CACGGAGATTCCCCCTAGAG,0,837960
dgoRp,0.3333333333333333,2,2,CACGCTCCGTCTTGACAATA,0,844526
dgoRp,0.3333333333333333,2,2,CACGCGCAGAGTCGCAGAAC,0,866792
dgoRp,0.3333333333333333,2,2,CACCGCGCTCAAAACGTTCA,0,837487
dgoRp,0.3333333333333333,2,2,CACCCCTTCCATACAGAGTT,0,846141
dgoRp,0.3333333333333333,2,2,CACATGTTTGTACCTTGGGG,0,837438
dgoRp,0.3333333333333333,2,2,CACATAGGGATGTCGAGGCG,0,837366
dgoRp,0.3333333333333333,2,2,CACACCTTCATCTTGGGAAT,0,863948
dgoRp,0.3333333333333333,2,2,CACACATGGATGAAACATAA,0,860974
dgoRp,0.3333333333333333,2,2,CACAAATGATCAGCGGGAAT,0,859662
dgoRp,0.3333333333333333,2,2,CACAAAATGGCAAGCATTTC,0,844168
dgoRp,0.3333333333333333,2,2,CAATTCGCCATCATGTGGGA,0,862626
dgoRp,0.3333333333333333,2,2,CAATGACCAGCCATCAATTG,0,842575
dgoRp,0.3333333333333333,2,2,CAATCTCTCCGAACCAATAG,0,846390
dgoRp,0.3333333333333333,2,2,CAATCGATCAGGTGAACTTA,0,854923
dgoRp,0.3333333333333333,2,2,CAATAAGTCTCCTTAAGTAT,0,861650
dgoRp,0.3333333333333333,2,2,CAAGTAGGTCACCGGTGAAG,0,852306
dgoRp,0.3333333333333333,2,2,CAAGGCAGTGGGAAGCTTGT,0,856459
dgoRp,0.3333333333333333,2,2,CAAGGCAACGTTGATGAATC,0,865930
dgoRp,0.3333333333333333,2,2,CAAGCCGTTAGTTGAAGGAG,0,861843
dgoRp,0.3333333333333333,2,2,CAACCAGGTGATGATCCTTC,0,841405
dgoRp,0.3333333333333333,2,2,CAACATGGTGTGAGAGCCCT,0,863116
dgoRp,0.3333333333333333,2,2,CAAATGAAAGAGTTCAGGAG,0,858528
dgoRp,0.3333333333333333,2,2,CAAAGAATACAGGTGCAGCC,0,858337
dgoRp,0.3333333333333333,2,2,CAAAGAACAGCCATGCCCTC,0,862515
dgoRp,0.3333333333333333,2,2,CAAACCCAATGGACACAGCA,0,839025
dgoRp,0.3333333333333333,2,2,CAAACAGGCGACAGGGTTCA,0,859576
dgoRp,0.3333333333333333,2,2,CAAAACCGGGGGTTCCAAGG,0,843911
dgoRp,0.3333333333333333,2,2,ATTTTTGGGCACCGGCCTAA,0,866801
dgoRp,0.3333333333333333,2,2,ATTTTGGCTTGCTGCAGCTT,0,856374
dgoRp,0.3333333333333333,2,2,ATTTTAGAGGTTGCAAATTC,0,854118
dgoRp,0.3333333333333333,2,2,ATTTGGACAATAGGAGCGGG,0,844008
dgoRp,0.3333333333333333,2,2,ATTTCGTTGGTGAACTCATA,0,866979
dgoRp,0.3333333333333333,2,2,ATTTCAGGCCGGACAATTAG,0,860452
dgoRp,0.3333333333333333,2,2,ATTGTTTCAGACGGCGGACC,0,839110
dgoRp,0.3333333333333333,2,2,ATTGTTGGTAGGATAACTGT,0,866857
dgoRp,0.3333333333333333,2,2,ATTGGCCGAATGTCAAATGG,0,851932
dgoRp,0.3333333333333333,2,2,ATTGGAAGCCAACATGTAGG,0,854253
dgoRp,0.3333333333333333,2,2,ATTCGTGGATCTTGCGTGAT,0,860664
dgoRp,0.3333333333333333,2,2,ATTCATTGAAGTAAACGCAT,0,852052
dgoRp,0.3333333333333333,2,2,ATTCACAATCCGTGACCTAA,0,867333
dgoRp,0.3333333333333333,2,2,ATTATGGTAATGTTGCACCG,0,844353
dgoRp,0.3333333333333333,2,2,ATTAGTTCCCCTGGTAGTGA,0,865208
dgoRp,0.3333333333333333,2,2,ATTAGTCAGTGCGTAAACGG,0,850435
dgoRp,0.3333333333333333,2,2,ATTAGGATATCTTCACAGAG,0,847805
dgoRp,0.3333333333333333,2,2,ATTACTGTGTACTGTCTAAC,0,860347
dgoRp,0.3333333333333333,2,2,ATTAATATCTCGTGCGGTGT,0,867302
dgoRp,0.3333333333333333,2,2,ATGTTTAAGCTAGGTAATTA,0,858816
dgoRp,0.3333333333333333,2,2,ATGTTCAGGGATGATTAGCA,0,840365
dgoRp,0.3333333333333333,2,2,ATGTTAAATCTGCTCATGCC,0,865168
dgoRp,0.3333333333333333,2,2,ATGTAAAGGGACAGTGAAGC,0,836761
dgoRp,0.3333333333333333,2,2,ATGGTTTGATGTTTCAATGA,0,842120
dgoRp,0.3333333333333333,2,2,ATGGTGAGATCAGTGGTAGT,0,837742
dgoRp,0.3333333333333333,2,2,ATGGTAACTGTGGCGCTGGT,0,851164
dgoRp,0.3333333333333333,2,2,ATGGGGCGTTTCGACCCGCA,0,861692
dgoRp,0.3333333333333333,2,2,ATGCGGTTCGCCTCATCGAG,0,856741
dgoRp,0.3333333333333333,2,2,ATGCCTATCTTTCAGAATGG,0,851654
dgoRp,0.3333333333333333,2,2,ATGATCAACGAATGCGGACG,0,860505
dgoRp,0.3333333333333333,2,2,ATGAGTATTATGAGCGAAGT,0,850866
dgoRp,0.3333333333333333,2,2,ATGACCTTATCGACCGGACT,0,865914
dgoRp,0.3333333333333333,2,2,ATCTCACACGGCGCCGTAGT,0,847317
dgoRp,0.3333333333333333,2,2,ATCGTACGTGTTAGGCGCTG,0,861302
dgoRp,0.3333333333333333,2,2,ATCGTACATGTGCTCATATG,0,844743
dgoRp,0.3333333333333333,2,2,ATCGGCGGGGGTACTAGCAA,0,855127
dgoRp,0.3333333333333333,2,2,ATCGCGCGCTAAGCCTGAGA,0,841440
dgoRp,0.3333333333333333,2,2,ATCCTCAGCATGCGCCTAGT,0,837524
dgoRp,0.3333333333333333,2,2,ATCCGTACGGCCTAGGTTTT,0,838315
dgoRp,0.3333333333333333,2,2,ATCCCCACTGATCCCTTCGC,0,867186
dgoRp,0.3333333333333333,2,2,ATCCAGTACTCGCGTCAGGG,0,861205
dgoRp,0.3333333333333333,2,2,ATCCACTGGTGCCTCGGTAT,0,841021
dgoRp,0.3333333333333333,2,2,ATCAGTGTTGTTGTGAGGGT,0,843553
dgoRp,0.3333333333333333,2,2,ATCAGCCATTCAGCAGGTAT,0,849003
dgoRp,0.3333333333333333,2,2,ATCAGCAGGTAACCATATAC,0,850823
dgoRp,0.3333333333333333,2,2,ATCAACATTTCTCTCGAAGT,0,841596
dgoRp,0.3333333333333333,2,2,ATATTTGTAATAGAGTTAGT,0,841132
dgoRp,0.3333333333333333,2,2,ATATTGGCAGTACCTTGATG,0,858144
dgoRp,0.3333333333333333,2,2,ATATGTGAACGTGTCACTCG,0,853461
dgoRp,0.3333333333333333,2,2,ATATCAGGCGTGTGGCGGGA,0,844762
dgoRp,0.3333333333333333,2,2,ATATACATGCCTTGTGATGT,0,865602
dgoRp,0.3333333333333333,2,2,ATAGTGATCCGCGATGTTTC,0,858579
dgoRp,0.3333333333333333,2,2,ATAGGCGTTAACTCAAATTC,0,843395
dgoRp,0.3333333333333333,2,2,ATAGCTGCTAATGACGTTGT,0,847712
dgoRp,0.3333333333333333,2,2,ATAGCAACATGTTAGAGCGG,0,861859
dgoRp,0.3333333333333333,2,2,ATACGTGCCAAAGTGTGCTG,0,864349
dgoRp,0.3333333333333333,2,2,ATACGGCACCTTGTTGCCAA,0,866777
dgoRp,0.3333333333333333,2,2,ATACGAGTCGGTTCGTTATT,0,861819
dgoRp,0.3333333333333333,2,2,ATACCATAACTCAGTGGAAA,0,836070
dgoRp,0.3333333333333333,2,2,ATAAGTCTAACTGGGGTCGC,0,854569
dgoRp,0.3333333333333333,2,2,ATAACCCCTTAATAGGGCAT,0,850656
dgoRp,0.3333333333333333,2,2,ATAAAAAGACGAGAGTATCC,0,836754
dgoRp,0.3333333333333333,2,2,AGTTTCCTGAATATAAAGGT,0,844410
dgoRp,0.3333333333333333,2,2,AGTTGTATATGTGCGTACGG,0,859557
dgoRp,0.3333333333333333,2,2,AGTTGCGTTTGACCCAGAGT,0,839947
dgoRp,0.3333333333333333,2,2,AGTTGATTCTTCACGACATA,0,857404
dgoRp,0.3333333333333333,2,2,AGTTCTCATCAGCACGTGCG,0,840146
dgoRp,0.3333333333333333,2,2,AGTTATTCACCGTTAAGTCC,0,866078
dgoRp,0.3333333333333333,2,2,AGTGGCGTCTACGGAATTCC,0,865582
dgoRp,0.3333333333333333,2,2,AGTGCTTAGTATGATCCGTT,0,854888
dgoRp,0.3333333333333333,2,2,AGTGCCAGGCGCGCATCCCA,0,836967
dgoRp,0.3333333333333333,2,2,AGTCTGTCAAGTTCGGGCTA,0,844265
dgoRp,0.3333333333333333,2,2,AGTCCAAAACAAGTCGGCGT,0,842558
dgoRp,0.3333333333333333,2,2,AGTATCGTGATGCATTATCG,0,844894
dgoRp,0.3333333333333333,2,2,AGTACATTGGGCGTATTATG,0,855182
dgoRp,0.3333333333333333,2,2,AGTAATCCTAGTACGCCAGG,0,837845
dgoRp,0.3333333333333333,2,2,AGTAAACTTCTTGCATAGCA,0,853486
dgoRp,0.3333333333333333,2,2,AGGTTCTCGTAGGCGCTTGA,0,854734
dgoRp,0.3333333333333333,2,2,AGGTCTTGCTGCTTTAGTGC,0,838693
dgoRp,0.3333333333333333,2,2,AGGTAGGGCCTATACCGAGT,0,860100
dgoRp,0.3333333333333333,2,2,AGGGTTAGTTAGCGGTGATT,0,863202
dgoRp,0.3333333333333333,2,2,AGGGTTAAAACGTCGAGGAT,0,865784
dgoRp,0.3333333333333333,2,2,AGGGGCCTAGGATAGGACTT,0,851519
dgoRp,0.3333333333333333,2,2,AGGGGAGGGGGTCACGAAGA,0,847889
dgoRp,0.3333333333333333,2,2,AGGGAGACTCTAGGGGTCCT,0,860371
dgoRp,0.3333333333333333,2,2,AGGGAAGGTTGCATGCTCTT,0,846878
dgoRp,0.3333333333333333,2,2,AGGCTATGCATATTGCTATC,0,859182
dgoRp,0.3333333333333333,2,2,AGGCGGCAGTCGTCGGGCAG,0,838570
dgoRp,0.3333333333333333,2,2,AGGCGAGCAGGAGTCAGCAT,0,852718
dgoRp,0.3333333333333333,2,2,AGGCAGTGAGACAATGAAAA,0,859827
dgoRp,0.3333333333333333,2,2,AGGCACACTGGACCTATCCT,0,863512
dgoRp,0.3333333333333333,2,2,AGGATCGACTCAAAATCGGC,0,842322
dgoRp,0.3333333333333333,2,2,AGGAGTGGCTAAGTGCTTCT,0,846459
dgoRp,0.3333333333333333,2,2,AGGAGTGGCACTGGGCTACT,0,856870
dgoRp,0.3333333333333333,2,2,AGGACGTACCGTATCCAGGG,0,846962
dgoRp,0.3333333333333333,2,2,AGGACGCAACCCGGCAATCT,0,839293
dgoRp,0.3333333333333333,2,2,AGGAATCTTCCTTACCAGCG,0,857109
dgoRp,0.3333333333333333,2,2,AGCTGGCGCCATATCCTAAT,0,840041
dgoRp,0.3333333333333333,2,2,AGCTGATCCAGTTCATGGCC,0,864321
dgoRp,0.3333333333333333,2,2,AGCTCACCCAGGCTGCGGAG,0,837688
dgoRp,0.3333333333333333,2,2,AGCGTCTTATCTATATACGA,0,856499
dgoRp,0.3333333333333333,2,2,AGCGTCCAAAGCTCCCGCGG,0,856624
dgoRp,0.3333333333333333,2,2,AGCGTAATGCGAAGAGTTAA,0,858426
dgoRp,0.3333333333333333,2,2,AGCGGTATATGTGTTGGGGT,0,845932
dgoRp,0.3333333333333333,2,2,AGCGGCTCCGACAAAGTAAG,0,853587
dgoRp,0.3333333333333333,2,2,AGCGCCCGGGTGACAACATG,0,852090
dgoRp,0.3333333333333333,2,2,AGCCGTCTGTACTTAGGTTA,0,855738
dgoRp,0.3333333333333333,2,2,AGCCGCCACTTAGTGATAGA,0,854009
dgoRp,0.3333333333333333,2,2,AGCCCTTACAAGGCGATGGT,0,856639
dgoRp,0.3333333333333333,2,2,AGCCCTCTGGGGCCATGCTC,0,836316
dgoRp,0.3333333333333333,2,2,AGCCCGTTTATAGCAACTGG,0,854560
dgoRp,0.3333333333333333,2,2,AGCCATTTTTCGGAACAACA,0,847762
dgoRp,0.3333333333333333,2,2,AGCCATCGTACGGGGCAAAT,0,845994
dgoRp,0.3333333333333333,2,2,AGCATGTAATTCCAACCTCG,0,866585
dgoRp,0.3333333333333333,2,2,AGCAGCTTCTTGGATTGACC,0,863011
dgoRp,0.3333333333333333,2,2,AGCAAGGGAGACTAAGTCAC,0,854813
dgoRp,0.3333333333333333,2,2,AGATTCTGGTCGTCGGCGAC,0,836949
dgoRp,0.3333333333333333,2,2,AGATTAGGTATGAGAGGGTT,0,854413
dgoRp,0.3333333333333333,2,2,AGATGTGATGGGATACCGTG,0,851039
dgoRp,0.3333333333333333,2,2,AGATGCGGAAAAGTCACTCG,0,835892
dgoRp,0.3333333333333333,2,2,AGATGAGCGCAGCGAGCTGC,0,845054
dgoRp,0.3333333333333333,2,2,AGATCCATCTGAGCCTAGCC,0,862692
dgoRp,0.3333333333333333,2,2,AGAGCTTGTCGGCTCCCGGT,0,851071
dgoRp,0.3333333333333333,2,2,AGACGATAGGACACCGTGGG,0,858113
dgoRp,0.3333333333333333,2,2,AGACACAATGTAGTACTTCA,0,851320
dgoRp,0.3333333333333333,2,2,AGACAAAGTGGACAAACTCT,0,838383
dgoRp,0.3333333333333333,2,2,ACTTCGGCGGGGGGGGTCCT,0,845452
dgoRp,0.3333333333333333,2,2,ACTGTTTACGTATTCGAAAT,0,859814
dgoRp,0.3333333333333333,2,2,ACTGCGACGTTGGTTCTGTT,0,838714
dgoRp,0.3333333333333333,2,2,ACTCTCCATGCCTTATTCAT,0,841044
dgoRp,0.3333333333333333,2,2,ACTCGCGGCTGTTGCCGAAG,0,858476
dgoRp,0.3333333333333333,2,2,ACTCGAGCTTCCAATATTAT,0,857531
dgoRp,0.3333333333333333,2,2,ACTAGGTGGCGTGGGGCCCT,0,853211
dgoRp,0.3333333333333333,2,2,ACTACTATACGTGCAGGAAG,0,854111
dgoRp,0.3333333333333333,2,2,ACTAAACACTGGCAGACACC,0,837555
dgoRp,0.3333333333333333,2,2,ACTAAACACAAGGGCGTTGG,0,847173
dgoRp,0.3333333333333333,2,2,ACGTTTTACTAAGATTTTCG,0,854344
dgoRp,0.3333333333333333,2,2,ACGTTGTCTACACCTCAGGT,0,847775
dgoRp,0.3333333333333333,2,2,ACGTTCATCAGCACTCCGCC,0,853163
dgoRp,0.3333333333333333,2,2,ACGTTACGTACTCCGGATCG,0,840095
dgoRp,0.3333333333333333,2,2,ACGTGTATTATATTAGCAGG,0,859759
dgoRp,0.3333333333333333,2,2,ACGTGGGAGAGGAACAGGAA,0,850876
dgoRp,0.3333333333333333,2,2,ACGTGGCACTTCCCGACCCC,0,850391
dgoRp,0.3333333333333333,2,2,ACGTGCAAACAATGGCGTGT,0,842460
dgoRp,0.3333333333333333,2,2,ACGGTTTGAGGTTCGTACTA,0,866972
dgoRp,0.3333333333333333,2,2,ACGGTCTAACGCTCTGCCCC,0,857019
dgoRp,0.3333333333333333,2,2,ACGGGCTCCCAAAAGACCAC,0,846492
dgoRp,0.3333333333333333,2,2,ACGGGACGTAAAGGTGTCGT,0,866730
dgoRp,0.3333333333333333,2,2,ACGGCGCGTTCGTTAGTTTT,0,862118
dgoRp,0.3333333333333333,2,2,ACGGCGCGCCCCGCGGTAGC,0,852653
dgoRp,0.3333333333333333,2,2,ACGGCCCTCCCCGACAGGGA,0,853624
dgoRp,0.3333333333333333,2,2,ACGCGGGACTGGTTTTAGAT,0,842931
dgoRp,0.3333333333333333,2,2,ACGCCTACTTGTCTGGTTGT,0,842682
dgoRp,0.3333333333333333,2,2,ACGCAAGTTTGGTTCTGTCG,0,842724
dgoRp,0.3333333333333333,2,2,ACGATCCAGGCGAGTTCCCC,0,855681
dgoRp,0.3333333333333333,2,2,ACGAGTTAATCTTAGAAGTT,0,842177
dgoRp,0.3333333333333333,2,2,ACCTTATACGAATGGGGAGT,0,843260
dgoRp,0.3333333333333333,2,2,ACCTTAATGGCCTCTCAGAC,0,836496
dgoRp,0.3333333333333333,2,2,ACCTGTACGAGAGTTACAGG,0,847277
dgoRp,0.3333333333333333,2,2,ACCTGGGTGGAACTGCTGAA,0,853780
dgoRp,0.3333333333333333,2,2,ACCTGGGATGCAACTTACTT,0,846503
dgoRp,0.3333333333333333,2,2,ACCTCCTTGGCGTATTGTTA,0,862675
dgoRp,0.3333333333333333,2,2,ACCTCAAAGGTAGGGGCACG,0,860064
dgoRp,0.3333333333333333,2,2,ACCGTTGACTCTAATCTGCG,0,855463
dgoRp,0.3333333333333333,2,2,ACCGTGAGGCTCTGTTGACG,0,864591
dgoRp,0.3333333333333333,2,2,ACCGGCAAATTAATAAGTTG,0,845665
dgoRp,0.3333333333333333,2,2,ACCGCATCCAGAGATACGCT,0,848820
dgoRp,0.3333333333333333,2,2,ACCGAGAGCCCACGCCGAGT,0,843024
dgoRp,0.3333333333333333,2,2,ACCCTCGTTTACCATACAAC,0,842563
dgoRp,0.3333333333333333,2,2,ACCCGTCTTCATATCATAAG,0,853822
dgoRp,0.3333333333333333,2,2,ACCCGTCAATCGTGAGTCTA,0,841371
dgoRp,0.3333333333333333,2,2,ACCCCCCCAGATAGGGGGCG,0,862574
dgoRp,0.3333333333333333,2,2,ACCATGTGACATCCAAGTGA,0,856354
dgoRp,0.3333333333333333,2,2,ACCATCTGATTCACAAAAAG,0,839520
dgoRp,0.3333333333333333,2,2,ACCAGTATTTCCCTGCGGTA,0,857069
dgoRp,0.3333333333333333,2,2,ACCAGAGTGGCCATCCGAAT,0,861715
dgoRp,0.3333333333333333,2,2,ACCAATATAGCGGGCTTGGA,0,843847
dgoRp,0.3333333333333333,2,2,ACATTTCAGAATTCTACGGC,0,862829
dgoRp,0.3333333333333333,2,2,ACATAAGGCTTCATAGCAAT,0,857500
dgoRp,0.3333333333333333,2,2,ACAGTGCGAATTTCGCCAGG,0,847384
dgoRp,0.3333333333333333,2,2,ACACTTATAAGGGTTCGTTA,0,851759
dgoRp,0.3333333333333333,2,2,ACACTGGGCCTTAGAGATGT,0,849963
dgoRp,0.3333333333333333,2,2,ACACCCGGGAGGGGGGACCA,0,857676
dgoRp,0.3333333333333333,2,2,ACAATTCGACCACGGGAATT,0,837769
dgoRp,0.3333333333333333,2,2,ACAAACGCATCCGCGTAGGA,0,866160
dgoRp,0.3333333333333333,2,2,AATTAGACATGGTAGCAGGG,0,858002
dgoRp,0.3333333333333333,2,2,AATTAAGATTCACTAGATAT,0,838389
dgoRp,0.3333333333333333,2,2,AATGTTTGGTGGTCAACAAT,0,843928
dgoRp,0.3333333333333333,2,2,AATGTTGGCCGCTAAGGGCA,0,860119
dgoRp,0.3333333333333333,2,2,AATGTATGTGGAAATGGGTA,0,846067
dgoRp,0.3333333333333333,2,2,AATGGGACCTTTCAACAACT,0,852577
dgoRp,0.3333333333333333,2,2,AATGGCATCTAAGCGTCGTA,0,841401
dgoRp,0.3333333333333333,2,2,AATGGCACATCAGTGCCGTA,0,847625
dgoRp,0.3333333333333333,2,2,AATCTGCTCTTGCAGAGAAA,0,862946
dgoRp,0.3333333333333333,2,2,AATCCTGTCACTGCTTGAGA,0,856310
dgoRp,0.3333333333333333,2,2,AATATAGTGCCGGTTTGATG,0,857457
dgoRp,0.3333333333333333,2,2,AATAGTTAGCACTGATCGAG,0,854484
dgoRp,0.3333333333333333,2,2,AATAGTGTCGTACTAAGACG,0,849212
dgoRp,0.3333333333333333,2,2,AATACCGGTATAAATATAGA,0,853700
dgoRp,0.3333333333333333,2,2,AATAAATCCAGTGCCGGCGC,0,860005
dgoRp,0.3333333333333333,2,2,AAGTTGGGGTGCATCTTTAG,0,837961
dgoRp,0.3333333333333333,2,2,AAGTATTATCAATTGGAATC,0,851232
dgoRp,0.3333333333333333,2,2,AAGGTTGACTCTTCGTGAAC,0,866515
dgoRp,0.3333333333333333,2,2,AAGGTGACCTCTTGCATAAT,0,861200
dgoRp,0.3333333333333333,2,2,AAGGGTGGGCATAGCGCCCT,0,842617
dgoRp,0.3333333333333333,2,2,AAGGGGGAGGAACTGGGGAG,0,864363
dgoRp,0.3333333333333333,2,2,AAGGGCGGTCTAGCATAGAA,0,855631
dgoRp,0.3333333333333333,2,2,AAGGGCCTGTGCAGGGTGAA,0,849366
dgoRp,0.3333333333333333,2,2,AAGCTGCACTAGATGGGTGA,0,860263
dgoRp,0.3333333333333333,2,2,AAGCGGCAATCAGTATCGTG,0,851933
dgoRp,0.3333333333333333,2,2,AAGCGCGTAGGGGGTAACGT,0,846128
dgoRp,0.3333333333333333,2,2,AAGACTCCCTCACCAAACGC,0,861827
dgoRp,0.3333333333333333,2,2,AAGACACCCCTTCGGTTCTA,0,849111
dgoRp,0.3333333333333333,2,2,AACTGCTGTCGCCACCCTTA,0,854670
dgoRp,0.3333333333333333,2,2,AACGGGTTAGATGTCTGAAA,0,840410
dgoRp,0.3333333333333333,2,2,AACGCTCGCAACCGGATCTT,0,859946
dgoRp,0.3333333333333333,2,2,AACCTTCGGTAAAAAATTAA,0,854848
dgoRp,0.3333333333333333,2,2,AACCTCGATGGAAAATAGAG,0,839615
dgoRp,0.3333333333333333,2,2,AACATTGTGTTCGGAAGTAT,0,854509
dgoRp,0.3333333333333333,2,2,AACATAACCTGCATTTATGC,0,860193
dgoRp,0.3333333333333333,2,2,AACAGTATCATAGCGTTCAT,0,842543
dgoRp,0.3333333333333333,2,2,AACAGAGGGACTGTTTGCCC,0,844966
dgoRp,0.3333333333333333,2,2,AACAATCCGCTCACGCGCAG,0,863921
dgoRp,0.3333333333333333,2,2,AAATTTAAGGTATTTTGTTA,0,867240
dgoRp,0.3333333333333333,2,2,AAATTGAATCCCGTATTTGT,0,858100
dgoRp,0.3333333333333333,2,2,AAATTCTGGTGTGAGAAGGC,0,854451
dgoRp,0.3333333333333333,2,2,AAATGTGCTGAGTGCCGTTG,0,841103
dgoRp,0.3333333333333333,2,2,AAATGTGAGCAAGGTAGTTA,0,862034
dgoRp,0.3333333333333333,2,2,AAATCTGTCAAACTCTAAGT,0,864713
dgoRp,0.3333333333333333,2,2,AAATAAGATCACATGATCAC,0,862424
dgoRp,0.3333333333333333,2,2,AAAGCTGCAAGGAGAACATA,0,865900
dgoRp,0.3333333333333333,2,2,AAACTTTAGGTAGCACTGGC,0,855264
dgoRp,0.3333333333333333,2,2,AAACTCATGCGGTACACTGT,0,866935
dgoRp,0.3333333333333333,2,2,AAACCAGTATTCGGATGAGG,0,846526
dgoRp,0.3333333333333333,2,2,AAAAATTTTGTCAATCGCAG,0,849232
dgoRp,0.5,1,1,TTTTTTAATTTGGATTAAAC,0,842960
dgoRp,0.5,1,1,TTTTTCGAAATTAGTTACAA,0,857891
dgoRp,0.5,1,1,TTTTGCGCTGTGATAGCGGG,0,859166
dgoRp,0.5,1,1,TTTTCTTGAAAATTCTATTA,0,850109
dgoRp,0.5,1,1,TTTTCGTCTGGTTGACCACC,0,843320
dgoRp,0.5,1,1,TTTTCACTCAGCGCCCTTGT,0,859189
dgoRp,0.5,1,1,TTTTACTACATTGGGTCAGA,0,865718
dgoRp,0.5,1,1,TTTTAATATCTAATATGAGT,0,857516
dgoRp,0.5,1,1,TTTGTACGAGGTTAGTTAGT,0,843056
dgoRp,0.5,1,1,TTTGGGCCTCTGCGCTCTTT,0,842833
dgoRp,0.5,1,1,TTTCTCTTGACGCGTCTTAT,0,856309
dgoRp,0.5,1,1,TTTCTCCACAGGTCGAGTTT,0,860768
dgoRp,0.5,1,1,TTTCGGCGGCACCGGCAAAC,0,845101
dgoRp,0.5,1,1,TTTCCTTGTAAACGGATTGT,0,850648
dgoRp,0.5,1,1,TTTCAGTACCACATTCATTT,0,839738
dgoRp,0.5,1,1,TTTCACGCCGACTTGGTTAT,0,847320
dgoRp,0.5,1,1,TTTATTACGAAGTCTTCAAC,0,863708
dgoRp,0.5,1,1,TTTATTAATTTGAATAGGAT,0,853156
dgoRp,0.5,1,1,TTTATGTGTGCGTTTTATGC,0,858182
dgoRp,0.5,1,1,TTTATCAGTGATAGAGTCTC,0,849852
dgoRp,0.5,1,1,TTTATAACAGAGGTGTTGTT,0,840127
dgoRp,0.5,1,1,TTTAGTATTTCAGGGTAGCA,0,842664
dgoRp,0.5,1,1,TTTAATCATAAAAGGTGCAT,0,853801
dgoRp,0.5,1,1,TTGTTCGTACAGGGATCACA,0,862983
dgoRp,0.5,1,1,TTGTTACGTAGGTACCACAC,0,861365
dgoRp,0.5,1,1,TTGTGATGCGTCAATCCGCT,0,856200
dgoRp,0.5,1,1,TTGTCCGCTGCACCCGACAT,0,842311
dgoRp,0.5,1,1,TTGTCAAACTACTGCCCGTA,0,856345
dgoRp,0.5,1,1,TTGGTGATACTTCGAGAGGT,0,856802
dgoRp,0.5,1,1,TTGGTCTAGATATGGGGCAA,0,842047
dgoRp,0.5,1,1,TTGGGGCATGCGGCGTTCGC,0,853809
dgoRp,0.5,1,1,TTGGGCGAAGGTCTATAGGG,0,846147
dgoRp,0.5,1,1,TTGGCGCGAGGAGAAGTTAA,0,855048
dgoRp,0.5,1,1,TTGGAGCCGCCGAATATTCA,0,845515
dgoRp,0.5,1,1,TTGGACTTGGTGAGGAATAA,0,856421
dgoRp,0.5,1,1,TTGGACATAAACCGTTTCGT,0,838907
dgoRp,0.5,1,1,TTGCTTCTGCAATCCTATTC,0,863083
dgoRp,0.5,1,1,TTGCTTACATGTTCGACCCA,0,857962
dgoRp,0.5,1,1,TTGCTGTGGAGGCCTTACGT,0,855709
dgoRp,0.5,1,1,TTGCGGAACTTTCTGACTGA,0,849336
dgoRp,0.5,1,1,TTGATCCGTTCATCAGTATC,0,848740
dgoRp,0.5,1,1,TTGAGCGCAGATCGAACCGC,0,837967
dgoRp,0.5,1,1,TTGAACCAGTGTGCACGGCA,0,849547
dgoRp,0.5,1,1,TTCTGTAATAGACTCGTCTT,0,853877
dgoRp,0.5,1,1,TTCTCTTTCAGGGTACTGAC,0,843882
dgoRp,0.5,1,1,TTCTCTGTCAGGCTGCTCAT,0,861294
dgoRp,0.5,1,1,TTCGTGTCAGCACCCTTTCT,0,846037
dgoRp,0.5,1,1,TTCGTAAAAGAAGATTTACA,0,848774
dgoRp,0.5,1,1,TTCGGATTTCTCACAACCTG,0,856261
dgoRp,0.5,1,1,TTCGGACCCAGCTCGTGGGA,0,839603
dgoRp,0.5,1,1,TTCGCGATTCGGAGGTAGTG,0,858510
dgoRp,0.5,1,1,TTCCGCTCGCACAGGATTCC,0,850433
dgoRp,0.5,1,1,TTCCCGGACAAAGGAGGTAA,0,855670
dgoRp,0.5,1,1,TTCCCAATCCCGTCTGTTGA,0,862685
dgoRp,0.5,1,1,TTCATAGCGTTGCTCTCGCG,0,865747
dgoRp,0.5,1,1,TTCAGGCATTCACTCGTTAA,0,860541
dgoRp,0.5,1,1,TTCACGTGTATCCGCCACGG,0,846805
dgoRp,0.5,1,1,TTATTGTCAGTTTTGTGTTA,0,861652
dgoRp,0.5,1,1,TTATGTATTGTGGCTACTTT,0,850905
dgoRp,0.5,1,1,TTATCTGGTTCGGCACTCTT,0,839665
dgoRp,0.5,1,1,TTATACTTACGAGGCTACAA,0,845795
dgoRp,0.5,1,1,TTAGTCCTCAGTTACGACCT,0,841342
dgoRp,0.5,1,1,TTAGGCGCCAGGGGGTTCGG,0,848010
dgoRp,0.5,1,1,TTAGCTCCTGCATGGGGATG,0,849062
dgoRp,0.5,1,1,TTAGCGAACGAAGCACCTAC,0,864823
dgoRp,0.5,1,1,TTAGCACGAGAGGCACCCCT,0,851423
dgoRp,0.5,1,1,TTAGATAGTTTCGTTAGAGG,0,848530
dgoRp,0.5,1,1,TTACGTGGGTACCAGGACGA,0,848965
dgoRp,0.5,1,1,TTACGTCACTATATCCCCAG,0,842182
dgoRp,0.5,1,1,TTACGCGGGGAGAGCCATGC,0,846111
dgoRp,0.5,1,1,TTACGATAAAATGTTCGATG,0,846933
dgoRp,0.5,1,1,TTACGAAAACCCCGTCCATT,0,857581
dgoRp,0.5,1,1,TTACAACGACATCGGGTATG,0,866953
dgoRp,0.5,1,1,TTAATGCGCGCCCGTAATAC,0,842841
dgoRp,0.5,1,1,TTAAGCGTGGAGCAAAGGCT,0,862908
dgoRp,0.5,1,1,TTAAGACGCACCTTCTGAGG,0,861303
dgoRp,0.5,1,1,TTAAACGGCCGTCCTGACTC,0,842969
dgoRp,0.5,1,1,TTAAAATGTTTATCGTTCGA,0,842086
dgoRp,0.5,1,1,TTAAAACTCGGGATCAAATG,0,838838
dgoRp,0.5,1,1,TGTTTTCGAACGCGTATTGG,0,835941
dgoRp,0.5,1,1,TGTGTCACCGAGCAGTAACT,0,836539
dgoRp,0.5,1,1,TGTGGTATTAATTGGGACAG,0,862019
dgoRp,0.5,1,1,TGTGGTACACTAAGTGCGAG,0,837702
dgoRp,0.5,1,1,TGTGCAGCTCATGCACCCCA,0,846816
dgoRp,0.5,1,1,TGTCTGCGTTTCGGGGACAA,0,855410
dgoRp,0.5,1,1,TGTCCCTGGAATCTCGCAAC,0,837140
dgoRp,0.5,1,1,TGTCCATATTGAGCCAGAAA,0,863192
dgoRp,0.5,1,1,TGTCAGATTAGTGCTGTATC,0,851067
dgoRp,0.5,1,1,TGTCACGCATTCTAGGAGGA,0,860247
dgoRp,0.5,1,1,TGTCACCCGGGTACAGACCA,0,860886
dgoRp,0.5,1,1,TGTATTGTGTGGCAGGCCCC,0,859634
dgoRp,0.5,1,1,TGTATCCGCGACATTCTGCT,0,859599
dgoRp,0.5,1,1,TGTATCAAGTCGGGATTGGT,0,837274
dgoRp,0.5,1,1,TGTAGGGATGTCCGCTCGTC,0,852022
dgoRp,0.5,1,1,TGTAGGCCGTTTCAGTCCCC,0,847892
dgoRp,0.5,1,1,TGTACATAGGGGGTACGTAC,0,852855
dgoRp,0.5,1,1,TGTAATTTGTAAGTCGAAAG,0,859384
dgoRp,0.5,1,1,TGGTTGCTGAAGATCAGGGA,0,848780
dgoRp,0.5,1,1,TGGTTATCCGTTGCCAGACA,0,865176
dgoRp,0.5,1,1,TGGTGTGTTCGGGCCTGATA,0,837281
dgoRp,0.5,1,1,TGGTGAGAAAGCAGGTCTTC,0,854380
dgoRp,0.5,1,1,TGGTCGCTCCTGCGATCTAC,0,862122
dgoRp,0.5,1,1,TGGTATCTCTTGCGACGGCT,0,843586
dgoRp,0.5,1,1,TGGTATAGTCGGACATATTA,0,857991
dgoRp,0.5,1,1,TGGGTTTAATTAGAAAACAT,0,855778
dgoRp,0.5,1,1,TGGGGACTCCGGCTGCAAGG,0,866203
dgoRp,0.5,1,1,TGGGGACGTCTTTTAGGTCC,0,846019
dgoRp,0.5,1,1,TGGGACCTTGGTCCTTTGCA,0,842571
dgoRp,0.5,1,1,TGGCAGTACGTGGGTTCCTT,0,859920
dgoRp,0.5,1,1,TGGACCGCGCGTTATGGTCT,0,864939
dgoRp,0.5,1,1,TGGAAGTGGTCTGAATTAGG,0,856396
dgoRp,0.5,1,1,TGGAAGTGCTTTGTGCCATC,0,842308
dgoRp,0.5,1,1,TGCTTGATACCGGACACTCC,0,859696
dgoRp,0.5,1,1,TGCTGAGTCCATCGGGCACG,0,844897
dgoRp,0.5,1,1,TGCTAAGAAAATTCTTGTTC,0,851661
dgoRp,0.5,1,1,TGCGTCTCCTTTCTACCCCT,0,845535
dgoRp,0.5,1,1,TGCGTACATACAAAGGGTGA,0,857988
dgoRp,0.5,1,1,TGCGCGTCGAGAGCTTAACG,0,852129
dgoRp,0.5,1,1,TGCCTGCTGTGAGCGCGCTT,0,858801
dgoRp,0.5,1,1,TGCCTCTGGGCGCAGCCTAT,0,835880
dgoRp,0.5,1,1,TGCCCTCTCACCTGAGGCCC,0,839589
dgoRp,0.5,1,1,TGCCCCAGGGACTTGGCAAT,0,864462
dgoRp,0.5,1,1,TGCACTGGGACATGTTAACT,0,845849
dgoRp,0.5,1,1,TGCACGCGATTCGCGCATTA,0,866329
dgoRp,0.5,1,1,TGATTCTGAATCAAAAGCCC,0,841042
dgoRp,0.5,1,1,TGATTATGTAGGCCCTCATT,0,854617
dgoRp,0.5,1,1,TGATGCATATTTCTGCGGTT,0,837498
dgoRp,0.5,1,1,TGATGATCATTCTTATTCAT,0,841241
dgoRp,0.5,1,1,TGATCTCCACTACTACTCAA,0,861155
dgoRp,0.5,1,1,TGATCGGCCGTCAGTAGCTT,0,840774
dgoRp,0.5,1,1,TGATAGTGCGGCTGTATGAC,0,847199
dgoRp,0.5,1,1,TGATAATATCTCAGTCTTAG,0,841157
dgoRp,0.5,1,1,TGAGTCCTGGAGTGGAGGGA,0,846921
dgoRp,0.5,1,1,TGAGGTACAAGGTGTAGTTA,0,860070
dgoRp,0.5,1,1,TGAGGGACCTAAGCTTATAT,0,845631
dgoRp,0.5,1,1,TGAGGAGAGTCATTCCAATG,0,843876
dgoRp,0.5,1,1,TGAGCCTTTTTGCACTGCTT,0,851482
dgoRp,0.5,1,1,TGACGGATACTACGTTGAGC,0,861636
dgoRp,0.5,1,1,TGACGCTCAACTTCGGCCTG,0,861243
dgoRp,0.5,1,1,TGACCAGCGCGAAGCAAATT,0,853847
dgoRp,0.5,1,1,TGACATAGTTTTGGAGGTAA,0,864614
dgoRp,0.5,1,1,TGACAGTGATGCTAGATAGT,0,836945
dgoRp,0.5,1,1,TGAATTGCCCTTAAGGTGCC,0,841127
dgoRp,0.5,1,1,TGAAGGTACAATAGAAAGGC,0,858269
dgoRp,0.5,1,1,TGAAGCTTTCACCACATGGT,0,841554
dgoRp,0.5,1,1,TGAAGCTCCGGATTTGATGA,0,848473
dgoRp,0.5,1,1,TGAACACACCTCATGCCCGA,0,841873
dgoRp,0.5,1,1,TCTTTTATCAGCGACGCGCA,0,859944
dgoRp,0.5,1,1,TCTGTGCATTCAAGGGAGAT,0,848622
dgoRp,0.5,1,1,TCTGATTACTCAAGGAAGGA,0,844287
dgoRp,0.5,1,1,TCTCTGCGCATTTATTACGA,0,836375
dgoRp,0.5,1,1,TCTCTAAATGGCATGTTTGC,0,861861
dgoRp,0.5,1,1,TCTCACAGGACATGCGGCGG,0,838262
dgoRp,0.5,1,1,TCTCAACCTAGTCCGGTTGT,0,838508
dgoRp,0.5,1,1,TCTCAAAGTATAGGATGACG,0,851929
dgoRp,0.5,1,1,TCTATTAGTGCGCTCTCGAC,0,848032
dgoRp,0.5,1,1,TCTATAACTTAGATTCCGCT,0,848227
dgoRp,0.5,1,1,TCTAGGCTCGAGCGCACTCG,0,846326
dgoRp,0.5,1,1,TCTAGCGAGTTTGAGGACAT,0,844876
dgoRp,0.5,1,1,TCGTTTGTATGTCATGTTTG,0,850996
dgoRp,0.5,1,1,TCGTCATTGTGTTCCCGGCC,0,857000
dgoRp,0.5,1,1,TCGTATGTCAATGCTACCGG,0,859084
dgoRp,0.5,1,1,TCGGGGAATTTTCGCAGCGG,0,840370
dgoRp,0.5,1,1,TCGGCAGGAAGCGGCACGCA,0,853075
dgoRp,0.5,1,1,TCGGAGTACGGTGCGTCGTA,0,853666
dgoRp,0.5,1,1,TCGGACCGTGGGCGGAAGCG,0,853367
dgoRp,0.5,1,1,TCGGAAGCATATAGTTCCGT,0,858829
dgoRp,0.5,1,1,TCGCTTCCTATGGTCAGAAG,0,841995
dgoRp,0.5,1,1,TCGCTCGATCTAAACAGCCC,0,848852
dgoRp,0.5,1,1,TCGCTCCCGCACTCCTTTGA,0,847080
dgoRp,0.5,1,1,TCGCGTTAATAGGGTTAATA,0,856465
dgoRp,0.5,1,1,TCGCCATCGCCGCTACTGAT,0,841466
dgoRp,0.5,1,1,TCGCAGGCGCGAGACTACTT,0,838840
dgoRp,0.5,1,1,TCGCAGGCCCGTGAGAAAAG,0,841386
dgoRp,0.5,1,1,TCGCAATCCACTATCTCCGC,0,840245
dgoRp,0.5,1,1,TCGACTCTAATGCCTGCTTG,0,861553
dgoRp,0.5,1,1,TCGACATTGTGAGATATGCG,0,859712
dgoRp,0.5,1,1,TCGACAAGTTACACTACATT,0,847135
dgoRp,0.5,1,1,TCCTGTTACTCCTCCAGGAT,0,844674
dgoRp,0.5,1,1,TCCTGCTGGTTGGTCTGATG,0,842874
dgoRp,0.5,1,1,TCCTGAGCCGAGTTCGTATT,0,837764
dgoRp,0.5,1,1,TCCTCTTTTGCTTAGGCCGC,0,850619
dgoRp,0.5,1,1,TCCTCGGCCTTATGGCAGGG,0,856669
dgoRp,0.5,1,1,TCCTCGCCCTCTGGGGCCAG,0,858526
dgoRp,0.5,1,1,TCCGTGGTAAGGTGCTTGTG,0,864148
dgoRp,0.5,1,1,TCCGTACGTTTCGCCATTTT,0,836853
dgoRp,0.5,1,1,TCCGGGCACTTACGAATCTA,0,858626
dgoRp,0.5,1,1,TCCGATAGCGTGGATTCAAT,0,860765
dgoRp,0.5,1,1,TCCCTGTAGAGAGGAAAGTA,0,836952
dgoRp,0.5,1,1,TCCCGGGTGTATTACACTAG,0,864825
dgoRp,0.5,1,1,TCCCAGGCCAAAGTATCTAG,0,863184
dgoRp,0.5,1,1,TCCATTGGGGAAGGCTGCTC,0,856372
dgoRp,0.5,1,1,TCCATTATTCCCTGGTGTCT,0,857678
dgoRp,0.5,1,1,TCCATGCGTTGTCCGAGATG,0,841468
dgoRp,0.5,1,1,TCCACCGACTATTCGCGGGC,0,838903
dgoRp,0.5,1,1,TCCAATCCCCTTGGGAAACG,0,854838
dgoRp,0.5,1,1,TCATTAGCTCTAAATTCAAC,0,864968
dgoRp,0.5,1,1,TCATGCCTATTGCAGCAAAG,0,862861
dgoRp,0.5,1,1,TCATCCGCAGCGGGTGAGCC,0,861673
dgoRp,0.5,1,1,TCATATTACCCCAACACGGC,0,866234
dgoRp,0.5,1,1,TCAGTGGGCGGTGGAACCCA,0,852455
dgoRp,0.5,1,1,TCAGGCTTAGGATGATCGCC,0,867077
dgoRp,0.5,1,1,TCAGACGGGGACGCCAATCG,0,852449
dgoRp,0.5,1,1,TCACTGCCGGGTCTTACACA,0,848375
dgoRp,0.5,1,1,TCACTCTTTACTTTCTGACT,0,854824
dgoRp,0.5,1,1,TCACGGTGGCGGGCCTGGCG,0,848790
dgoRp,0.5,1,1,TCACCGACCACGTGGCACTA,0,857345
dgoRp,0.5,1,1,TCACCAGACTGTCCCGGACC,0,842169
dgoRp,0.5,1,1,TCAAGTCGCCTACTGGACTC,0,836975
dgoRp,0.5,1,1,TCAAATCGCACCGTTACAAC,0,841023
dgoRp,0.5,1,1,TCAAACGCTCGGGATGCTGG,0,862138
dgoRp,0.5,1,1,TATTTTTTATAGTTTCGTTT,0,839718
dgoRp,0.5,1,1,TATTTCAGCAACAAACATTG,0,861899
dgoRp,0.5,1,1,TATTGGCCCTTCAAGCCGAC,0,843048
dgoRp,0.5,1,1,TATTCTGACGGCTCTTCGGG,0,843872
dgoRp,0.5,1,1,TATTCGTGACCCGAGTATAG,0,854508
dgoRp,0.5,1,1,TATTCGTCCGGTGCATCTAG,0,862273
dgoRp,0.5,1,1,TATGTTGGGACGAAACGTGA,0,862269
dgoRp,0.5,1,1,TATGTTAAAGTCTTTAATCC,0,852079
dgoRp,0.5,1,1,TATGTGATGAGCTGTTATAT,0,847168
dgoRp,0.5,1,1,TATGTCTCGTTACATCCGCG,0,854708
dgoRp,0.5,1,1,TATGTATGAAGTGTGGCACC,0,865478
dgoRp,0.5,1,1,TATGCCGGGATGAAAAGACT,0,858764
dgoRp,0.5,1,1,TATGCCATTGACTGTTCATA,0,860230
dgoRp,0.5,1,1,TATGCATCACCTACACCTAA,0,840845
dgoRp,0.5,1,1,TATCGTTAGCCGCCCCTGGC,0,859694
dgoRp,0.5,1,1,TATCGATGGTTCGCTCAGCG,0,852626
dgoRp,0.5,1,1,TATATGCTGAAAATCCGCAG,0,860684
dgoRp,0.5,1,1,TATATATGAGTGTGGATTTG,0,863340
dgoRp,0.5,1,1,TATAAGGGATTCCTTCTTAG,0,848277
dgoRp,0.5,1,1,TATAAGAAAGGGCATGGCCT,0,854499
dgoRp,0.5,1,1,TAGGTTTGGTCTCCTTCAAT,0,836368
dgoRp,0.5,1,1,TAGGGCTGCACCATCCAAAC,0,853938
dgoRp,0.5,1,1,TAGGCTGAATAGGGATGACC,0,867104
dgoRp,0.5,1,1,TAGGATTATCAGGTTATGCT,0,837692
dgoRp,0.5,1,1,TAGCTTGCGATTTTACCCGA,0,854770
dgoRp,0.5,1,1,TAGCTTAGTGACTTCCTGCA,0,861221
dgoRp,0.5,1,1,TAGCGATCGTTGCTAGTAGC,0,866096
dgoRp,0.5,1,1,TAGATACCCTTAACTTAGCT,0,849565
dgoRp,0.5,1,1,TAGAGCCTATTAAAGTCTCA,0,848784
dgoRp,0.5,1,1,TAGACTTAGCGGGGCACTGT,0,851723
dgoRp,0.5,1,1,TACTTTCGAAAAAATTGTTA,0,863461
dgoRp,0.5,1,1,TACTAAGGCTTTACATCGCC,0,862682
dgoRp,0.5,1,1,TACGCTCTCTCAGTCCAATT,0,865318
dgoRp,0.5,1,1,TACCGTGTCGCAGTTCGAAG,0,839139
dgoRp,0.5,1,1,TACCGTGATTTAAGGTTGAA,0,842803
dgoRp,0.5,1,1,TACCGGACCATCAGTTCATC,0,854610
dgoRp,0.5,1,1,TACCGATAGAAGGCGTATAA,0,866809
dgoRp,0.5,1,1,TACAATCTTGTTGAGAGCCC,0,837783
dgoRp,0.5,1,1,TACAAGTAGTGTAGTCTCCT,0,851020
dgoRp,0.5,1,1,TAATTGACGGGAATGCGTTC,0,866664
dgoRp,0.5,1,1,TAATTCTTACATAGAGGGTA,0,841712
dgoRp,0.5,1,1,TAATGACTATTGACCTGGTC,0,850939
dgoRp,0.5,1,1,TAATCCACGTAGAATATCGC,0,853937
dgoRp,0.5,1,1,TAATATCTAGCCCAGCTAGG,0,848527
dgoRp,0.5,1,1,TAATAGCGCCATGTTACATA,0,839747
dgoRp,0.5,1,1,TAAGTATCGGAAAAAGCGAA,0,859467
dgoRp,0.5,1,1,TAAGATTTAGAATACTCGAT,0,849189
dgoRp,0.5,1,1,TAAGATCCTCCTCTCGGCCG,0,842342
dgoRp,0.5,1,1,TAACGGTCATTGTTATCCAA,0,858377
dgoRp,0.5,1,1,TAAATTAAGCATACGGCCAA,0,857970
dgoRp,0.5,1,1,TAAATCGTTATTGTCCTCAT,0,841320
dgoRp,0.5,1,1,TAAATCACATCGCTCGGGCG,0,838302
dgoRp,0.5,1,1,TAAAGAGGCCAAGTCATTGG,0,862738
dgoRp,0.5,1,1,TAAAATGTCTTTATTCTCCA,0,854208
dgoRp,0.5,1,1,TAAAAAAGGGCAGCTGAAGT,0,857963
dgoRp,0.5,1,1,GTTTTCTTATCTGCCGGTAG,0,863850
dgoRp,0.5,1,1,GTTTGGGTTCTATAAGAGTA,0,853081
dgoRp,0.5,1,1,GTTTGCGCGTTGCCTGGAGA,0,849364
dgoRp,0.5,1,1,GTTTGCCACTTGTATTTACG,0,857563
dgoRp,0.5,1,1,GTTTGACCAGGATGGCTGTC,0,838136
dgoRp,0.5,1,1,GTTTCTCGCGAATTCACCGG,0,848735
dgoRp,0.5,1,1,GTTTCTCCCTGAGTGGGTAT,0,864947
dgoRp,0.5,1,1,GTTTATGATCTTGCACACTC,0,842456
dgoRp,0.5,1,1,GTTTAAAGCACCTTGGCCGC,0,844060
dgoRp,0.5,1,1,GTTTAAAAGGGGCACACTGG,0,844753
dgoRp,0.5,1,1,GTTGTTTCCGGATATCGGTG,0,840598
dgoRp,0.5,1,1,GTTGTTCTGCCAGTTTATGT,0,837517
dgoRp,0.5,1,1,GTTGTGGTCGTGCGTTCACT,0,843479
dgoRp,0.5,1,1,GTTGCAACCCATCAGGGCTG,0,858184
dgoRp,0.5,1,1,GTTGAGGGTGATCCAATTTC,0,862141
dgoRp,0.5,1,1,GTTGAGCGGCGCGGATCCCG,0,852067
dgoRp,0.5,1,1,GTTCTGCACATACCTCACTT,0,863939
dgoRp,0.5,1,1,GTTCCTAGCGGTTGATAGGA,0,849885
dgoRp,0.5,1,1,GTTCCGAAGTTTGCTGCTTC,0,849275
dgoRp,0.5,1,1,GTTCACATCATAACTACAAC,0,851673
dgoRp,0.5,1,1,GTGTTGGCGATTGTGGCGGA,0,867289
dgoRp,0.5,1,1,GTGTTCGAACGCGGTATACT,0,839779
dgoRp,0.5,1,1,GTGTGCTACGATACCTGTGT,0,845865
dgoRp,0.5,1,1,GTGTCCTGAACCTAGCCCAC,0,835950
dgoRp,0.5,1,1,GTGTCATCAAATGCCAGGCA,0,840231
dgoRp,0.5,1,1,GTGTAATCAATCAGGTAAGA,0,842893
dgoRp,0.5,1,1,GTGGCTGCACCGTTTTGTGC,0,858586
dgoRp,0.5,1,1,GTGGCATATTCAGGAGCTAG,0,856963
dgoRp,0.5,1,1,GTGGAGTTGGCGCGCAGGCG,0,858698
dgoRp,0.5,1,1,GTGGAGTTCTGCCATCAGCG,0,845046
dgoRp,0.5,1,1,GTGGAGTCGGGCGATGGTAA,0,848497
dgoRp,0.5,1,1,GTGCTTCGGGCGCTCTGTAC,0,858651
dgoRp,0.5,1,1,GTGCTGGTGGGGATACATGG,0,849644
dgoRp,0.5,1,1,GTGCTGCTCGTGCCAAGCCA,0,866551
dgoRp,0.5,1,1,GTGATGATCGATGACCCTCG,0,838279
dgoRp,0.5,1,1,GTCTGTGGGTTCAAGATCTA,0,855106
dgoRp,0.5,1,1,GTCTCGCACCTCTTAGTCAG,0,838145
dgoRp,0.5,1,1,GTCTCGATTCGGCGGCACGC,0,849597
dgoRp,0.5,1,1,GTCGTGGAAGTTGTCCGTGC,0,853653
dgoRp,0.5,1,1,GTCGTCGTAAACCCTTAGAG,0,844647
dgoRp,0.5,1,1,GTCGTAGGGGAGGAACACAT,0,840711
dgoRp,0.5,1,1,GTCGGGGAATCAGAGTAAGT,0,854695
dgoRp,0.5,1,1,GTCCTTTTGGCTTTACATGA,0,861698
dgoRp,0.5,1,1,GTCCACATTACTCTACGTCC,0,837303
dgoRp,0.5,1,1,GTCCACATGAGACGATTTGT,0,836111
dgoRp,0.5,1,1,GTCATGTTGTTAGGCTGAAA,0,860202
dgoRp,0.5,1,1,GTCATAGACTACCCGGACTC,0,839849
dgoRp,0.5,1,1,GTCACCACTGAACAACGGGA,0,840001
dgoRp,0.5,1,1,GTATGGCTATGTTTATGGCA,0,839396
dgoRp,0.5,1,1,GTATCGGTATGAGTGTCCAG,0,838743
dgoRp,0.5,1,1,GTAGTGCCGATCTAGTCATC,0,863734
dgoRp,0.5,1,1,GTAGTCAGTGGGCGTCTACG,0,848443
dgoRp,0.5,1,1,GTAGGGCGGGATCGTGACTT,0,850492
dgoRp,0.5,1,1,GTAGCTTAATACCAGTCGTA,0,865023
dgoRp,0.5,1,1,GTACTTTATTGTACATGCGT,0,858375
dgoRp,0.5,1,1,GTACTAGACTTCACTCTGGA,0,864736
dgoRp,0.5,1,1,GTACGTCAACATCGTAGATG,0,851727
dgoRp,0.5,1,1,GTACGAATGAATGGCGTCTC,0,851492
dgoRp,0.5,1,1,GTACCTGGTATCCGCCCATA,0,836875
dgoRp,0.5,1,1,GTACCGGTCGGACGGAGGAG,0,841595
dgoRp,0.5,1,1,GTAATGAGCACCGCCTTAGG,0,849230
dgoRp,0.5,1,1,GTAATGAATACGTGAGCAGG,0,858523
dgoRp,0.5,1,1,GTAATCATGATGGGTGCATG,0,837724
dgoRp,0.5,1,1,GTAATAGCTAGAAGTAGTCA,0,845857
dgoRp,0.5,1,1,GTAAGCTCGTAAATGGAAAT,0,840042
dgoRp,0.5,1,1,GTAAGCCGGCAGTGTAACGC,0,857184
dgoRp,0.5,1,1,GTAACGTTGGGGTACGCTGA,0,840745
dgoRp,0.5,1,1,GTAACCTAATGTTACGCGTA,0,839632
dgoRp,0.5,1,1,GTAACACATCTGCCGCGCTA,0,858811
dgoRp,0.5,1,1,GTAAATTAGCAACAGAGCCA,0,853117
dgoRp,0.5,1,1,GTAAAGCGGTCGGCAATGGA,0,863649
dgoRp,0.5,1,1,GTAAAGATACCGTACGTCTA,0,865855
dgoRp,0.5,1,1,GGTTTGGCAAAGTTCCGCGC,0,862535
dgoRp,0.5,1,1,GGTTTGAATTCTTGCTTCCT,0,845572
dgoRp,0.5,1,1,GGTTGATAGATTATTACAGC,0,862847
dgoRp,0.5,1,1,GGTTCCTGAACACGATTGAT,0,847672
dgoRp,0.5,1,1,GGTTAGCATTACAGATGGCC,0,844930
dgoRp,0.5,1,1,GGTGTTCACGGACGTGTACT,0,843450
dgoRp,0.5,1,1,GGTGGAGGATATTTCTTCCC,0,838936
dgoRp,0.5,1,1,GGTGATTCAGGCCTAAATTC,0,858972
dgoRp,0.5,1,1,GGTGACAAGAGCGGAACAAG,0,852596
dgoRp,0.5,1,1,GGTCTGCCGGCTGTAGTGTA,0,840987
dgoRp,0.5,1,1,GGTCAGGGCTGCTGTTCTAT,0,859069
dgoRp,0.5,1,1,GGTCAGGCATCAATGCAGGC,0,842025
dgoRp,0.5,1,1,GGTATCCCTGGAATGTAATC,0,839663
dgoRp,0.5,1,1,GGTAGGTATGAAGGTGCTAT,0,844970
dgoRp,0.5,1,1,GGTAGGGTTTAACAATCGCT,0,862770
dgoRp,0.5,1,1,GGTAGCTTTCTCATTCTGAC,0,842741
dgoRp,0.5,1,1,GGTAGCGTCAGGCTTATGGG,0,848860
dgoRp,0.5,1,1,GGTACGTGCTGTGTCCTCGG,0,842632
dgoRp,0.5,1,1,GGTACCTCATTAGGATCGTA,0,845596
dgoRp,0.5,1,1,GGTAACAGACTCTATGGCGT,0,867078
dgoRp,0.5,1,1,GGTAACAATAGTTCTGCACC,0,839394
dgoRp,0.5,1,1,GGTAAACCGGAACCTCGGCC,0,848781
dgoRp,0.5,1,1,GGGTTCTGCTACACTATCGG,0,839410
dgoRp,0.5,1,1,GGGTTAGTCTTACGTGATGA,0,856427
dgoRp,0.5,1,1,GGGTGTTAAAAAGGACCAAT,0,858802
dgoRp,0.5,1,1,GGGTGTCACCAGCCGAGCAA,0,847202
dgoRp,0.5,1,1,GGGTATTTCCTTTGAAGACA,0,836956
dgoRp,0.5,1,1,GGGTATTGGCTTTGAGGGAG,0,844782
dgoRp,0.5,1,1,GGGTAGGTCGAAGAAATAGT,0,840860
dgoRp,0.5,1,1,GGGTACTCTATATCGTTGTA,0,835929
dgoRp,0.5,1,1,GGGGTCCCGAAGATTCTCTC,0,857543
dgoRp,0.5,1,1,GGGGATTTCCGATGCCAGAC,0,852239
dgoRp,0.5,1,1,GGGGAGCAGAGCTCGTTCGA,0,841150
dgoRp,0.5,1,1,GGGCTCGCAAATTAGACGGA,0,862496
dgoRp,0.5,1,1,GGGCTAGATTGTGAGACGGA,0,865099
dgoRp,0.5,1,1,GGGCGTTGTATGGTCCGGAC,0,851171
dgoRp,0.5,1,1,GGGCCGGCAAGACACATATA,0,853227
dgoRp,0.5,1,1,GGGCCAATCCCACATCCTTC,0,855623
dgoRp,0.5,1,1,GGGCACGGCGCGTCTCCAAC,0,850299
dgoRp,0.5,1,1,GGGCACAGTTTTGTAAGCTT,0,865587
dgoRp,0.5,1,1,GGGATCTGATATTAATCGTC,0,839013
dgoRp,0.5,1,1,GGGATATCTAGGCTAGATTT,0,841491
dgoRp,0.5,1,1,GGGAGTCCCGAGAGTACTAG,0,839470
dgoRp,0.5,1,1,GGGAGCTATGATGGGGACGG,0,860455
dgoRp,0.5,1,1,GGGAGATCTTGGGTTGCAAC,0,836507
dgoRp,0.5,1,1,GGGACCGGTTGAGATCATCT,0,860988
dgoRp,0.5,1,1,GGGACATCCTCCAAACTATG,0,863314
dgoRp,0.5,1,1,GGCTTTGGCCAAAATCATTC,0,861171
dgoRp,0.5,1,1,GGCTTATGGTCGTCAACAAC,0,842230
dgoRp,0.5,1,1,GGCTCTCGATGGGCCGCTCC,0,849061
dgoRp,0.5,1,1,GGCTCATGAGTAACTAAAAG,0,838720
dgoRp,0.5,1,1,GGCGTTTCACGTTATTTAAA,0,847474
dgoRp,0.5,1,1,GGCGTCCGGCAATACGTAAT,0,854458
dgoRp,0.5,1,1,GGCGCGGAACAGCTGAATAG,0,842367
dgoRp,0.5,1,1,GGCGAAGTGGACACAGGCGG,0,842273
dgoRp,0.5,1,1,GGCCCTGTATCGGCAGGTTT,0,861384
dgoRp,0.5,1,1,GGCCCGGCAGAGCGCGGCAT,0,861094
dgoRp,0.5,1,1,GGCCAGCACCATTATTTCCA,0,863240
dgoRp,0.5,1,1,GGCAAGTCGATAGAGCATAT,0,838059
dgoRp,0.5,1,1,GGATTCGTACCAAATCCGGA,0,836942
dgoRp,0.5,1,1,GGATTACGCTGGGGCTTCAA,0,856424
dgoRp,0.5,1,1,GGATTACCTGGAGTGTAGTG,0,835847
dgoRp,0.5,1,1,GGATGGAACCGGGCAGACGT,0,844290
dgoRp,0.5,1,1,GGATCACTGGAATTGCATCT,0,854476
dgoRp,0.5,1,1,GGATCACGGTTATCCTATGT,0,843335
dgoRp,0.5,1,1,GGAGTTGGGTGGTCTAGATC,0,862644
dgoRp,0.5,1,1,GGAGTGTCTCATTCTCCACT,0,850038
dgoRp,0.5,1,1,GGAGGGGCGGAAAACGTCAA,0,848181
dgoRp,0.5,1,1,GGAGCTGACCTGAGGTTGGG,0,858151
dgoRp,0.5,1,1,GGAATTCTCTCGTCTCCAAG,0,841340
dgoRp,0.5,1,1,GGAAGCCTACAGTCTCCCAG,0,860168
dgoRp,0.5,1,1,GGAACCCTCTCAGTATGTTT,0,858183
dgoRp,0.5,1,1,GGAAAGTATGAGTGGCACGA,0,844578
dgoRp,0.5,1,1,GCTTGTTAGAGAGTGCCGGT,0,864518
dgoRp,0.5,1,1,GCTTCTATTGATCGGAACGT,0,837407
dgoRp,0.5,1,1,GCTTCATGCAGTACCTTTAC,0,844019
dgoRp,0.5,1,1,GCTTAATGCCACATGATGAT,0,859859
dgoRp,0.5,1,1,GCTGTTTGCTACAAAGGCGA,0,862950
dgoRp,0.5,1,1,GCTGGCGTCCTGAAAGTGCA,0,848371
dgoRp,0.5,1,1,GCTGATGTGCAGCGATTCAA,0,845391
dgoRp,0.5,1,1,GCTCGCGGGGGGATCCCCTT,0,844192
dgoRp,0.5,1,1,GCTCACATAAGAATCAAGAG,0,836043
dgoRp,0.5,1,1,GCTATTGGGCCAGTGTTTCA,0,856474
dgoRp,0.5,1,1,GCTATACACAGGCTCAACCT,0,836089
dgoRp,0.5,1,1,GCTAGGTGTTGTGACTTCAT,0,849719
dgoRp,0.5,1,1,GCTACTTCCGCCTCGGACGT,0,850066
dgoRp,0.5,1,1,GCTACATATCGAGAAGAGAT,0,848746
dgoRp,0.5,1,1,GCTACAGCATGAGACAGTCA,0,863021
dgoRp,0.5,1,1,GCTAATCTAGCATAACGTCG,0,837917
dgoRp,0.5,1,1,GCTAACGCACATTTGCTGCC,0,864832
dgoRp,0.5,1,1,GCTAACAGAATATGTCAGAG,0,863164
dgoRp,0.5,1,1,GCGTCAGGTGGACTATCACG,0,847842
dgoRp,0.5,1,1,GCGGTTCATACCTATGACCA,0,865936
dgoRp,0.5,1,1,GCGGTTAAATGATCACGCGA,0,855536
dgoRp,0.5,1,1,GCGGTCCATATTATGTGCCA,0,863346
dgoRp,0.5,1,1,GCGGGGATCCCCTATATGAA,0,855565
dgoRp,0.5,1,1,GCGGGCAGCTATAAGATGAT,0,845238
dgoRp,0.5,1,1,GCGGCCGATCGGACCCGCCA,0,859462
dgoRp,0.5,1,1,GCGGAACTACACCCACTGCG,0,851076
dgoRp,0.5,1,1,GCGCTTGCTTTTAGGTTAGG,0,850811
dgoRp,0.5,1,1,GCGCTCCGGCTGAATCTCCG,0,839505
dgoRp,0.5,1,1,GCGCACTTTGGGGCATTCCT,0,854993
dgoRp,0.5,1,1,GCGATTAACGGTACATGCAA,0,840949
dgoRp,0.5,1,1,GCGATGTTTGGGTCTATTGT,0,862740
dgoRp,0.5,1,1,GCGATGCGATCTAAGATCCA,0,855734
dgoRp,0.5,1,1,GCGAGTTTAGTCATCCGGGT,0,846376
dgoRp,0.5,1,1,GCGACTTGATTGACCGTTGC,0,843379
dgoRp,0.5,1,1,GCGACGTGGGTTGTTGCAAC,0,848596
dgoRp,0.5,1,1,GCGACGAGAGATCGAGGGCA,0,858708
dgoRp,0.5,1,1,GCGACACGACAAGCCATTGC,0,867191
dgoRp,0.5,1,1,GCCTGGAACATCGGTCCATG,0,853694
dgoRp,0.5,1,1,GCCGTCATCACATCGAAGGG,0,852081
dgoRp,0.5,1,1,GCCGCGAGGGAGAGCAACGA,0,850680
dgoRp,0.5,1,1,GCCGCATTCGAACGATCGAA,0,858790
dgoRp,0.5,1,1,GCCCTTTCATAACAATGCGT,0,857464
dgoRp,0.5,1,1,GCCCTGGCCGGACATATAAC,0,856357
dgoRp,0.5,1,1,GCCCGGTCTGATAGGGTAAG,0,861900
dgoRp,0.5,1,1,GCCATAATTCTTACTTATGA,0,859252
dgoRp,0.5,1,1,GCCAGTGCATCTCGTTTAGG,0,851567
dgoRp,0.5,1,1,GCCAGGTATACGAGGATCTC,0,846076
dgoRp,0.5,1,1,GCCACGCCGTACGTTTTGTA,0,843345
dgoRp,0.5,1,1,GCCAATTCCGCGACATGAGA,0,841739
dgoRp,0.5,1,1,GCCAAATACACGGGGTTCAC,0,841376
dgoRp,0.5,1,1,GCATTGCTCAAATACTCTCC,0,848066
dgoRp,0.5,1,1,GCATAGTTCGCTTCGGCTTA,0,837847
dgoRp,0.5,1,1,GCATACCAGGGACTATTTGT,0,838523
dgoRp,0.5,1,1,GCATACAGTCTTTTACAGTC,0,865605
dgoRp,0.5,1,1,GCATACAGTCTATAGCATTC,0,838711
dgoRp,0.5,1,1,GCAGTATGGAATAGGGGGCT,0,859824
dgoRp,0.5,1,1,GCAGGACACAGACAAACAGT,0,851184
dgoRp,0.5,1,1,GCAGCCCATCTCTGACTAGA,0,837674
dgoRp,0.5,1,1,GCAGAACGTGGGGTAACAAG,0,860884
dgoRp,0.5,1,1,GCACGTAACATTTCCGGTGC,0,841357
dgoRp,0.5,1,1,GCACCCCTCATTCAGATTAG,0,862172
dgoRp,0.5,1,1,GCACCCCAACCCAATGGGGA,0,864138
dgoRp,0.5,1,1,GCAAATCATACAAAATGGCA,0,836713
dgoRp,0.5,1,1,GCAAACAGAAGCGGTATCGG,0,846635
dgoRp,0.5,1,1,GATTCCCCAATAGCGGAGGA,0,854370
dgoRp,0.5,1,1,GATGTCGGGGTGTAAGCACC,0,864176
dgoRp,0.5,1,1,GATGGTACTTGTGTGGGTTC,0,848721
dgoRp,0.5,1,1,GATGGAGATTTCCCACAGAG,0,839731
dgoRp,0.5,1,1,GATGGAAGGCGTAATTTTTG,0,848026
dgoRp,0.5,1,1,GATCTTGCCTGGTGCTCGAA,0,864262
dgoRp,0.5,1,1,GATCTGATCTTTCCCTCACA,0,866988
dgoRp,0.5,1,1,GATCCGTGTGAGCGTTGTTG,0,850601
dgoRp,0.5,1,1,GATCAGCATGGATGTGCTTT,0,842908
dgoRp,0.5,1,1,GATATTTGAGGGAGGCCGCG,0,858768
dgoRp,0.5,1,1,GATATTAGGTAGAGGTATTA,0,839967
dgoRp,0.5,1,1,GATATGCGTTACGGATTAGG,0,836161
dgoRp,0.5,1,1,GATACTGGGAACGCTTAAAT,0,859169
dgoRp,0.5,1,1,GATACCGGGCGGATCCCAGC,0,856149
dgoRp,0.5,1,1,GATAACTTAGCGGAAAATGT,0,845678
dgoRp,0.5,1,1,GATAACCGTATACCTAATCT,0,851464
dgoRp,0.5,1,1,GATAAATCCCGTTGGTCTAG,0,837851
dgoRp,0.5,1,1,GAGTTTGATTTCCGATTCCT,0,837187
dgoRp,0.5,1,1,GAGTTCTACAAGGGATCTAG,0,839289
dgoRp,0.5,1,1,GAGTCTACCCAGGGTGGGAA,0,855600
dgoRp,0.5,1,1,GAGTCGTCATGGGGTGTTGA,0,852103
dgoRp,0.5,1,1,GAGTCGGCCGTACCTTTAAA,0,865063
dgoRp,0.5,1,1,GAGTCCGTGGAGGTGTAGGA,0,859973
dgoRp,0.5,1,1,GAGTATTAATGTCTCATCAA,0,858388
dgoRp,0.5,1,1,GAGTATCTGTCCCGTTGATC,0,860951
dgoRp,0.5,1,1,GAGGCTCCGGCTCAATCACA,0,855168
dgoRp,0.5,1,1,GAGGCGGAACTTGCACCATC,0,857863
dgoRp,0.5,1,1,GAGGACTACGTTTAATATGG,0,858329
dgoRp,0.5,1,1,GAGATATCATCCACGGCCTT,0,854504
dgoRp,0.5,1,1,GAGAATCCGTGGTTTTTCTA,0,838698
dgoRp,0.5,1,1,GACTTGTCAGTCACACGGGC,0,849175
dgoRp,0.5,1,1,GACTGTACAGATCACCCCCC,0,841729
dgoRp,0.5,1,1,GACTGCATGTTGATATCGAG,0,852889
dgoRp,0.5,1,1,GACTGAGAGGTTAGTTATCC,0,864395
dgoRp,0.5,1,1,GACTACTGTTGCTTTTGCTT,0,862219
dgoRp,0.5,1,1,GACGTATGCAAAATGCGTTG,0,855029
dgoRp,0.5,1,1,GACGCCAGGAAATACCCCTC,0,864232
dgoRp,0.5,1,1,GACCTTTGTCACCTCCCTGT,0,837185
dgoRp,0.5,1,1,GACCACCGTCATGTTTAGGA,0,853080
dgoRp,0.5,1,1,GACAGTGAGCATCGGTTGAA,0,849357
dgoRp,0.5,1,1,GACAGTAACCCCAACTTTGC,0,842922
dgoRp,0.5,1,1,GACAGATTGCGTAAGCGTGG,0,841660
dgoRp,0.5,1,1,GACACATTACACGATGCGGG,0,841711
dgoRp,0.5,1,1,GAATTCTCTGGGTCCCGATA,0,862254
dgoRp,0.5,1,1,GAATGAATAGAGTTGTTGTA,0,841403
dgoRp,0.5,1,1,GAATCTAGGGGATGATACAA,0,850646
dgoRp,0.5,1,1,GAATCGAGCCGAGGCCGGTA,0,840840
dgoRp,0.5,1,1,GAATCACACGAACCAGATCG,0,841559
dgoRp,0.5,1,1,GAATAGTTATTGAACTACTA,0,840143
dgoRp,0.5,1,1,GAAGGTAGCCTGAACCGTTG,0,842892
dgoRp,0.5,1,1,GAAGGCAGTATATATAGATT,0,845828
dgoRp,0.5,1,1,GAAGCAATACATCTATAATA,0,854304
dgoRp,0.5,1,1,GAACTCGTTTCTACCGCACA,0,848108
dgoRp,0.5,1,1,GAACTCCCTGACATCCGGGG,0,857304
dgoRp,0.5,1,1,GAACGCGGATCTCCTTAAAA,0,851385
dgoRp,0.5,1,1,GAACGCAACCGGGGTATTAT,0,843669
dgoRp,0.5,1,1,GAACCGTGACCTGTAGGTAA,0,843931
dgoRp,0.5,1,1,GAACCGGTGCGGGAAACAAT,0,850243
dgoRp,0.5,1,1,GAACCACAAGCACACCCGAC,0,853209
dgoRp,0.5,1,1,CTTTGAGACGGTGGGCCGAT,0,842459
dgoRp,0.5,1,1,CTTTCCGCACGCGTATACAG,0,843140
dgoRp,0.5,1,1,CTTTCAGCGCTAATCCATAG,0,859860
dgoRp,0.5,1,1,CTTTAAATCCAATCATCTCT,0,861919
dgoRp,0.5,1,1,CTTGTTTAAGGGAGCTAACG,0,846136
dgoRp,0.5,1,1,CTTGTGTCACGATCAGAAGC,0,861770
dgoRp,0.5,1,1,CTTGTGAAGGAGTCGGTGTT,0,862793
dgoRp,0.5,1,1,CTTGATCAACTATGTAACGT,0,855425
dgoRp,0.5,1,1,CTTCTCTGGTGGCATGACTT,0,864260
dgoRp,0.5,1,1,CTTCGGATTCGTGAGGGCTG,0,848873
dgoRp,0.5,1,1,CTTCACGTTCATCTCAACAA,0,857145
dgoRp,0.5,1,1,CTTATGCATTATGAGAAGAA,0,859119
dgoRp,0.5,1,1,CTTAACAAAATTGGCCGGGA,0,837242
dgoRp,0.5,1,1,CTGTTGTTCCTTAACCCACC,0,846716
dgoRp,0.5,1,1,CTGTTGAGTAGGGGCGAGAG,0,858435
dgoRp,0.5,1,1,CTGTTAAGCTACAAACTTGT,0,849117
dgoRp,0.5,1,1,CTGTGGTGGGGCGTACGACA,0,864686
dgoRp,0.5,1,1,CTGTCCACCAGATATATGTG,0,861260
dgoRp,0.5,1,1,CTGTATGGGGGATCTTCGTC,0,847108
dgoRp,0.5,1,1,CTGGATTAAGCAGACAAGAT,0,838378
dgoRp,0.5,1,1,CTGCTCTTATCATCTACTCT,0,843394
dgoRp,0.5,1,1,CTGCGTTGCGCGGAAGCCGG,0,838846
dgoRp,0.5,1,1,CTGCGGGGCTGCCGGCCCCA,0,841478
dgoRp,0.5,1,1,CTGCCGGTAGAAGTTAAATA,0,848246
dgoRp,0.5,1,1,CTGCCCATAACACTTTGAGA,0,863305
dgoRp,0.5,1,1,CTGCCCACGTTGCCAATTCA,0,841473
dgoRp,0.5,1,1,CTGCATTCTTCCCATTCACA,0,848077
dgoRp,0.5,1,1,CTGAATGTCTTGCGAGTCCT,0,851946
dgoRp,0.5,1,1,CTGAATCGGGGGGTTCTAAA,0,842896
dgoRp,0.5,1,1,CTGAATCAGGTGGAAGGTGG,0,850339
dgoRp,0.5,1,1,CTCTATATTTGATCTCGCTT,0,843921
dgoRp,0.5,1,1,CTCGCGGATACCCACATTCG,0,838695
dgoRp,0.5,1,1,CTCCTCGGGGGGGGCATCAA,0,866819
dgoRp,0.5,1,1,CTCCGTGCAATGGCTGTGCT,0,852581
dgoRp,0.5,1,1,CTCCCATAATGTGCTTTAGC,0,844605
dgoRp,0.5,1,1,CTCCAGTTTCTAGTGGACAA,0,841006
dgoRp,0.5,1,1,CTCATTGCGGTCCTCTCTTC,0,838433
dgoRp,0.5,1,1,CTCAGTATTGTTAACTCTTC,0,857529
dgoRp,0.5,1,1,CTCACGGCTCCCACCGGGCA,0,861822
dgoRp,0.5,1,1,CTCAATGAAACTGGACATAC,0,839956
dgoRp,0.5,1,1,CTCAATACGCGGAAACAAGG,0,855047
dgoRp,0.5,1,1,CTCAAGGTTTTGACTCTAAC,0,855627
dgoRp,0.5,1,1,CTCAAGAAGGCGATTACTCA,0,852216
dgoRp,0.5,1,1,CTCAACAATGACGAGCAGGG,0,865565
dgoRp,0.5,1,1,CTATTTTGCGCATCAAACAG,0,855471
dgoRp,0.5,1,1,CTATTGCGCAACTAATACTT,0,851318
dgoRp,0.5,1,1,CTATTGCAAAGGATCCCCAG,0,867063
dgoRp,0.5,1,1,CTATTATCAGTCCCGCGATC,0,837186
dgoRp,0.5,1,1,CTATGTTAACGACGCCAGCA,0,837284
dgoRp,0.5,1,1,CTATGGTAGGTACCGTATAC,0,839502
dgoRp,0.5,1,1,CTATGGGGTCGAGCAGTAGC,0,844219
dgoRp,0.5,1,1,CTATCTTCATTGGATCTCCA,0,860922
dgoRp,0.5,1,1,CTATCTGGGACCGGCGCTAC,0,847820
dgoRp,0.5,1,1,CTATCTGGCTGCAATACGAC,0,841651
dgoRp,0.5,1,1,CTATCTGGCTAGGTATAGTA,0,853249
dgoRp,0.5,1,1,CTATCTACATTTTATGCGAT,0,867121
dgoRp,0.5,1,1,CTATCGTGTCTACGGCATTC,0,843579
dgoRp,0.5,1,1,CTATCCTCAGGGTGGCAGTT,0,839946
dgoRp,0.5,1,1,CTATCCCGAGCGAGTCAGGA,0,847807
dgoRp,0.5,1,1,CTATATTGCTAGGTCCTAGA,0,847149
dgoRp,0.5,1,1,CTAGTTCTCGCATCATACTT,0,863946
dgoRp,0.5,1,1,CTAGTGTTAATCTTCATTGG,0,836758
dgoRp,0.5,1,1,CTAGCAGACGGACTGGCATG,0,842950
dgoRp,0.5,1,1,CTAGAGGATATGCGCTCGAT,0,842688
dgoRp,0.5,1,1,CTAGAACCGGTTCCAGGGGT,0,836964
dgoRp,0.5,1,1,CTACTGTATCGTCTCCAGCG,0,854947
dgoRp,0.5,1,1,CTACTCAAGCCGAGATGCGC,0,864436
dgoRp,0.5,1,1,CTACGTTTTTTATAAGGACG,0,839700
dgoRp,0.5,1,1,CTACGGGACGGGCTACATGG,0,855563
dgoRp,0.5,1,1,CTACGACAACAGTTATACTA,0,867096
dgoRp,0.5,1,1,CTACACCGAAGTTTTGCTAC,0,855746
dgoRp,0.5,1,1,CTAAAGAAACGCTAGCGTCG,0,835850
dgoRp,0.5,1,1,CGTTCCATCCAACCCGATTC,0,858742
dgoRp,0.5,1,1,CGTGTTCTTGAGGGTCCCAT,0,849235
dgoRp,0.5,1,1,CGTGTTACGGGCGCCTTGGT,0,840740
dgoRp,0.5,1,1,CGTGTAGCCTTATCCACAAA,0,864219
dgoRp,0.5,1,1,CGTGGGCAGCGGAGCTCCGC,0,846001
dgoRp,0.5,1,1,CGTGCTCTCGGCACGAACGC,0,842666
dgoRp,0.5,1,1,CGTCGGTGCAGTGTCGCGGA,0,847009
dgoRp,0.5,1,1,CGTCGCCCTACTGTATACCA,0,843404
dgoRp,0.5,1,1,CGTCCTTTTCCTCAACGTAG,0,848450
dgoRp,0.5,1,1,CGTCCTTGGCGTTTGAGCCT,0,841426
dgoRp,0.5,1,1,CGTCCATCCTGATTACAGGC,0,859039
dgoRp,0.5,1,1,CGTCATGTACAACACGTAAA,0,845790
dgoRp,0.5,1,1,CGTCACGAAAAGTAATCTCC,0,845906
dgoRp,0.5,1,1,CGTAGTAATCCCGGAGAGTT,0,865033
dgoRp,0.5,1,1,CGTAGCGATTTACTGCGCTT,0,841307
dgoRp,0.5,1,1,CGTACGCCTGCAATTTCCCT,0,838446
dgoRp,0.5,1,1,CGTACATTCTACTATTAATG,0,837139
dgoRp,0.5,1,1,CGTACACGTCTGTGAGTTTG,0,835895
dgoRp,0.5,1,1,CGGTTTCTGCCAGCATACTC,0,864443
dgoRp,0.5,1,1,CGGTTCGCGATTTGGTTAAG,0,851531
dgoRp,0.5,1,1,CGGTTAAAGTGCTGGATCCC,0,861840
dgoRp,0.5,1,1,CGGTGTCAATTTCCTTGCTA,0,852023
dgoRp,0.5,1,1,CGGGGGCTGCCTGTAGTGTT,0,848060
dgoRp,0.5,1,1,CGGGGGAATCCACGACGAAT,0,840722
dgoRp,0.5,1,1,CGGCTAGCAGGGTCACGCGG,0,840607
dgoRp,0.5,1,1,CGGCGTTGGTTTGATAAGTA,0,860397
dgoRp,0.5,1,1,CGGCGCCTGTTGTTCTTTAA,0,852995
dgoRp,0.5,1,1,CGGCATTTCAACAGCATCCG,0,855063
dgoRp,0.5,1,1,CGGCAGAACAGTCGATTCAG,0,852136
dgoRp,0.5,1,1,CGGCAATTCCTAGATGTTGC,0,865165
dgoRp,0.5,1,1,CGGATTTCGGTGACTGTGTT,0,856170
dgoRp,0.5,1,1,CGGAGTTTTAATAAACCCGA,0,839768
dgoRp,0.5,1,1,CGGAGGGGAGCTTACGAATC,0,851666
dgoRp,0.5,1,1,CGGAGGGAGCCCTCTGATCC,0,864576
dgoRp,0.5,1,1,CGGACTCCTACGGGCGGTCA,0,860575
dgoRp,0.5,1,1,CGGACAACCATCGACCCAGG,0,850177
dgoRp,0.5,1,1,CGGAACGTGGTCAGCACATA,0,844657
dgoRp,0.5,1,1,CGCGTGGCACTGACCGATGC,0,842118
dgoRp,0.5,1,1,CGCGTAAACCTCAGGGATAT,0,862743
dgoRp,0.5,1,1,CGCGCGGGGGCTAATATTTC,0,859913
dgoRp,0.5,1,1,CGCGCCACCACTGCGGGAAG,0,864267
dgoRp,0.5,1,1,CGCGCAGAGGGGGGAAGTCC,0,852798
dgoRp,0.5,1,1,CGCGAACTCTTGTACTTTCT,0,856605
dgoRp,0.5,1,1,CGCCGGATTGTACGTATCTA,0,850528
dgoRp,0.5,1,1,CGCCGGAACAGCAGAAAGTT,0,858629
dgoRp,0.5,1,1,CGCCCCGGCATTAGACAGCT,0,848970
dgoRp,0.5,1,1,CGCCCACGAGAATCAAAGCT,0,841199
dgoRp,0.5,1,1,CGCCCAAGCGCCGTAGTCTT,0,837232
dgoRp,0.5,1,1,CGCATCAGCTCCGACATGGA,0,836021
dgoRp,0.5,1,1,CGCAGTTACCCTTGTGCGAT,0,853655
dgoRp,0.5,1,1,CGCAGGGGACGGGAAAGGCT,0,837958
dgoRp,0.5,1,1,CGCAGGCAAACTGTCTGCAA,0,853083
dgoRp,0.5,1,1,CGCAAACAAAAGTGGGTTTA,0,855468
dgoRp,0.5,1,1,CGATCGCTATCAGGACAGTA,0,860171
dgoRp,0.5,1,1,CGATAGGATCGGATGATCCT,0,857697
dgoRp,0.5,1,1,CGATAAGCCTTCTGTAGCCA,0,838405
dgoRp,0.5,1,1,CGAGGTCCACATCAGTCATA,0,858294
dgoRp,0.5,1,1,CGAGGTAACCCGATTTCGAT,0,851799
dgoRp,0.5,1,1,CGAGGGCAGTGTTCCCTGGA,0,866735
dgoRp,0.5,1,1,CGAGGCAGCTGGCCCCTCCG,0,855487
dgoRp,0.5,1,1,CGAGGAGTCGGGTACGGGAG,0,860530
dgoRp,0.5,1,1,CGAGCACCATTACATCAACC,0,841279
dgoRp,0.5,1,1,CGACTTCGATACCAAATTTG,0,867003
dgoRp,0.5,1,1,CGACTGAATAGGTTTACTGC,0,855667
dgoRp,0.5,1,1,CGACGGCCCGATCCAGCCTA,0,841667
dgoRp,0.5,1,1,CGACCCTTGTTCAGACGGGG,0,837546
dgoRp,0.5,1,1,CGAATGGAATTAGACATACC,0,837805
dgoRp,0.5,1,1,CGAATCGTGGCCTACTAAAA,0,864564
dgoRp,0.5,1,1,CGAATCGGTCATATGCAGGT,0,858090
dgoRp,0.5,1,1,CGAAGCGCAAGAGTACTCGA,0,852307
dgoRp,0.5,1,1,CGAAGACAAACTGCTGACTA,0,846641
dgoRp,0.5,1,1,CGAACGCGTGGAATATGGGT,0,864199
dgoRp,0.5,1,1,CCTTTGATATCACGCTCTGG,0,839417
dgoRp,0.5,1,1,CCTTTCGCCCCGTAGCGTGC,0,860065
dgoRp,0.5,1,1,CCTTCCAAGGGTGAATTAGT,0,862986
dgoRp,0.5,1,1,CCTTAGAGGGTTACAAGATG,0,841377
dgoRp,0.5,1,1,CCTTACGTCCTACGGAAAGA,0,863212
dgoRp,0.5,1,1,CCTGGTTAGAAGATAGGAAG,0,849630
dgoRp,0.5,1,1,CCTGGTCCCAAACGAGGCTG,0,848766
dgoRp,0.5,1,1,CCTGCGAGGAATTAAATGAG,0,853130
dgoRp,0.5,1,1,CCTGATTCGATCAGTGTCTG,0,858830
dgoRp,0.5,1,1,CCTGAGAGGGATATTACGGG,0,847542
dgoRp,0.5,1,1,CCTCTACACGCGAAATTCCG,0,843501
dgoRp,0.5,1,1,CCTCGTGGCGAGGTGCATGT,0,846955
dgoRp,0.5,1,1,CCTCGGGGATCAAGGGACCA,0,850387
dgoRp,0.5,1,1,CCTCCTGTCAGAGCGGCTGT,0,839521
dgoRp,0.5,1,1,CCTCCCGCTCCCAGGCGTTC,0,851824
dgoRp,0.5,1,1,CCTCCCGCGGGCAGACTTTT,0,850416
dgoRp,0.5,1,1,CCTATGTAAATCGGCAAGCT,0,853451
dgoRp,0.5,1,1,CCTATGGTCCGCACGGTGAA,0,848724
dgoRp,0.5,1,1,CCTATCAAAGGCCGGAATAT,0,852697
dgoRp,0.5,1,1,CCTACTGCATGATCGAGGAT,0,845169
dgoRp,0.5,1,1,CCTACTCTTAGCTGTACTTA,0,856281
dgoRp,0.5,1,1,CCTAATGGTAACGGATCCAT,0,837372
dgoRp,0.5,1,1,CCGTTCATTCGAACTTCTTT,0,841769
dgoRp,0.5,1,1,CCGTGTTAGGCCAATACCTT,0,848133
dgoRp,0.5,1,1,CCGTGCGAGGGCCCGACTTA,0,838986
dgoRp,0.5,1,1,CCGTCGGGAGAGCAACCACT,0,842235
dgoRp,0.5,1,1,CCGTATGAAGGGTTTCTATG,0,862517
dgoRp,0.5,1,1,CCGTAGGTCGCCCTCAAGAG,0,844302
dgoRp,0.5,1,1,CCGTAGCCCTTAATTTCTTC,0,857966
dgoRp,0.5,1,1,CCGTACTAATCGTAAATTTC,0,851536
dgoRp,0.5,1,1,CCGGGAGCCGTCCCGGGATG,0,858756
dgoRp,0.5,1,1,CCGGGACCAAAGATTCCCAG,0,850645
dgoRp,0.5,1,1,CCGGGAAATCGGGACTGGCA,0,839973
dgoRp,0.5,1,1,CCGGCAACAGCCGAAGGACG,0,866116
dgoRp,0.5,1,1,CCGGAATTGGAGTGCCGCAG,0,842809
dgoRp,0.5,1,1,CCGCTGCGAGCCGCTTAGAG,0,854773
dgoRp,0.5,1,1,CCGCGGACAAGGGCAATTTT,0,862328
dgoRp,0.5,1,1,CCGCGACATGGGTCTCAAAC,0,852155
dgoRp,0.5,1,1,CCGCCTCGGGGCTTGTCTTT,0,861718
dgoRp,0.5,1,1,CCGCCAACCACACAAGTTCC,0,847155
dgoRp,0.5,1,1,CCGCACGGGTCGCGATTTCC,0,837415
dgoRp,0.5,1,1,CCGACTGCCGGGCGGCAAGG,0,859494
dgoRp,0.5,1,1,CCGACACTGCTGGTTGGCAT,0,864429
dgoRp,0.5,1,1,CCGAACAACCGAGCGCGTCA,0,840196
dgoRp,0.5,1,1,CCCTTGGGCATCCTCGGAGT,0,859262
dgoRp,0.5,1,1,CCCTTGGCGCCAATGCCTAT,0,838196
dgoRp,0.5,1,1,CCCTTAGAGAGAGCCACTCT,0,863588
dgoRp,0.5,1,1,CCCTGGGCAAAGAGTCAGAA,0,865232
dgoRp,0.5,1,1,CCCTATGGGCAAAATATATG,0,853110
dgoRp,0.5,1,1,CCCTACCGAAGGCCCTGGCT,0,854463
dgoRp,0.5,1,1,CCCTAAACCTCGACGCCGAG,0,836300
dgoRp,0.5,1,1,CCCGTGCGATCTTTGTTGTG,0,838894
dgoRp,0.5,1,1,CCCCTTCTTTTGTCAGAATC,0,841276
dgoRp,0.5,1,1,CCCCTGAGTTCGTGTTCAAA,0,861173
dgoRp,0.5,1,1,CCCCTCGACATAAGGAGGGA,0,852065
dgoRp,0.5,1,1,CCCCGTTAGGAGGTTGGCCA,0,838221
dgoRp,0.5,1,1,CCCCGCTGATGTGTACTATC,0,846883
dgoRp,0.5,1,1,CCCCGACAATCGGATCATTA,0,848520
dgoRp,0.5,1,1,CCCCATTCGCAAGTGTTAAG,0,857535
dgoRp,0.5,1,1,CCCCAGGAATAGGGAGGATC,0,847012
dgoRp,0.5,1,1,CCCATCGCCCACGTGTGACT,0,859090
dgoRp,0.5,1,1,CCCATCGCACTTAAGTGGAT,0,862353
dgoRp,0.5,1,1,CCCATAACCCGTATCGCGAA,0,844281
dgoRp,0.5,1,1,CCCAGGCCAAATCGAATGAC,0,838603
dgoRp,0.5,1,1,CCCACAGGCGGTGTAGCACG,0,861463
dgoRp,0.5,1,1,CCATTCTGACGGTGCCGCAT,0,839037
dgoRp,0.5,1,1,CCATTAAGTAAGAGAAAAGT,0,857601
dgoRp,0.5,1,1,CCATGTGCAATCGAAACAAT,0,843536
dgoRp,0.5,1,1,CCATAGGGGCGTCTCAGCAG,0,843504
dgoRp,0.5,1,1,CCATAAACAGTCCTGCGCCA,0,859536
dgoRp,0.5,1,1,CCAGGGCCAAGGCTTCGGTA,0,836149
dgoRp,0.5,1,1,CCACTGGCGAGTAAATTCTT,0,857284
dgoRp,0.5,1,1,CCACTAATGCTCTAGGTTTT,0,838739
dgoRp,0.5,1,1,CCACGCGCAGCCGGCTCAAA,0,863055
dgoRp,0.5,1,1,CCACGAAATAATTCCTTTCG,0,842109
dgoRp,0.5,1,1,CCACCCTGTAAACCGGGAGA,0,838220
dgoRp,0.5,1,1,CCACCAGAGGCAGGATAGGC,0,854270
dgoRp,0.5,1,1,CCAAGTGCCTACGAACATTC,0,837848
dgoRp,0.5,1,1,CATTTACTGCAATCCTAGGG,0,865051
dgoRp,0.5,1,1,CATTGTCGGGCAGATGGTCT,0,863328
dgoRp,0.5,1,1,CATTGGTGTCTCGTACGTGG,0,858862
dgoRp,0.5,1,1,CATTGGGGCAGCACGTTTCA,0,859517
dgoRp,0.5,1,1,CATTCTCTGGTGGGGCACGT,0,841676
dgoRp,0.5,1,1,CATGTTTGAGTAACCTTGGT,0,839845
dgoRp,0.5,1,1,CATGCACTAGGCGGTGGGTA,0,859753
dgoRp,0.5,1,1,CATGATTGGGCTAGCTCTAA,0,852080
dgoRp,0.5,1,1,CATGAGCGGCGTATTAGGGT,0,840808
dgoRp,0.5,1,1,CATGACTACTAGCGTTGGAA,0,836517
dgoRp,0.5,1,1,CATCTCGGCTTCGTGGTTGG,0,843337
dgoRp,0.5,1,1,CATCTATTCAACAAATTAGC,0,863736
dgoRp,0.5,1,1,CATCGCACCTTCCCTGGGAC,0,858589
dgoRp,0.5,1,1,CATCATAGAAGCAACCGACG,0,858633
dgoRp,0.5,1,1,CATCAGTTGTTAAACTGTAC,0,865309
dgoRp,0.5,1,1,CATATGGCCTTTGGCACCAT,0,858547
dgoRp,0.5,1,1,CATATCTGTACGTTGTGGGT,0,856492
dgoRp,0.5,1,1,CATAGAGCTCTACAGCATCA,0,852339
dgoRp,0.5,1,1,CATAATGAAGATTTGAGCAT,0,858492
dgoRp,0.5,1,1,CAGTTTCCGCTGGGCCTTAG,0,862566
dgoRp,0.5,1,1,CAGTTATCGGGACTCCACCG,0,842496
dgoRp,0.5,1,1,CAGTCTTTTAGGCGGGGCGC,0,863934
dgoRp,0.5,1,1,CAGTCCTAAACATCGTGGCA,0,861386
dgoRp,0.5,1,1,CAGTCAGCCAGAAGCCCGGA,0,837683
dgoRp,0.5,1,1,CAGGTTGAGTCTGAAGCTTA,0,845413
dgoRp,0.5,1,1,CAGGTCGAACAGTGGCTATG,0,858861
dgoRp,0.5,1,1,CAGGTCAGCGCTAAGTTCGG,0,852957
dgoRp,0.5,1,1,CAGGGGCCAATGCAATTCTT,0,847879
dgoRp,0.5,1,1,CAGCGGGCGAAGCTGCAGAT,0,855546
dgoRp,0.5,1,1,CAGCGGCCATACGATCGCTT,0,857702
dgoRp,0.5,1,1,CAGCGACCTACTCTTGAGCC,0,847283
dgoRp,0.5,1,1,CAGCCGCCGGAATAGAAATG,0,838619
dgoRp,0.5,1,1,CAGATGGCGGTAGCTGGCCC,0,843009
dgoRp,0.5,1,1,CAGAGTTCGGGCCAAAGCTA,0,865319
dgoRp,0.5,1,1,CAGAGTATGGCGCGGTATGA,0,865750
dgoRp,0.5,1,1,CAGACGAGTATCGTACTACC,0,849690
dgoRp,0.5,1,1,CAGAATGGATAACACATCGA,0,840186
dgoRp,0.5,1,1,CAGAATGAATAGGCTTGGTG,0,851490
dgoRp,0.5,1,1,CAGAAAAAAGTGCCGCAAGG,0,853901
dgoRp,0.5,1,1,CACTTTGAAACGTACTCTCT,0,843112
dgoRp,0.5,1,1,CACTTGTACCTAGCTCGAGC,0,857266
dgoRp,0.5,1,1,CACTGTGACCGTTTCAATAC,0,864211
dgoRp,0.5,1,1,CACTGCGGTAGCCTCTCGGG,0,839673
dgoRp,0.5,1,1,CACTCGAGGGAAAATCCGAT,0,839055
dgoRp,0.5,1,1,CACTCCTCTCGGACGTATAT,0,866544
dgoRp,0.5,1,1,CACGTGTATCATTCGTGAAA,0,847883
dgoRp,0.5,1,1,CACGTGGTGCAAAGCTTGTT,0,841650
dgoRp,0.5,1,1,CACGGACATTCTTGTACGCG,0,840655
dgoRp,0.5,1,1,CACGAAGTTGAGAGGTGCTC,0,837854
dgoRp,0.5,1,1,CACGAAGATCCCTAACCCAC,0,841868
dgoRp,0.5,1,1,CACCTCGGATCCTTGATGCG,0,838829
dgoRp,0.5,1,1,CACCTATTTTTGATTAAGAT,0,858902
dgoRp,0.5,1,1,CACCTAGGAAAGCGCGGAGG,0,843429
dgoRp,0.5,1,1,CACCCACTGGTCATTGGCGT,0,843918
dgoRp,0.5,1,1,CACCATACTGCGCTGGATCA,0,855278
dgoRp,0.5,1,1,CACCAGGTTTTAGACCCCGA,0,845473
dgoRp,0.5,1,1,CACATCCGTCGCGCATACCC,0,856781
dgoRp,0.5,1,1,CACATAGGATCAACGCTGGA,0,854026
dgoRp,0.5,1,1,CACAATGCTAATTTCCCGAC,0,859291
dgoRp,0.5,1,1,CAATTTCGATTATGAGAATA,0,847546
dgoRp,0.5,1,1,CAATTGTGAGAAGGTTGTTC,0,843777
dgoRp,0.5,1,1,CAATGAACCACCGCGTATGA,0,852385
dgoRp,0.5,1,1,CAATCCGCTTGACACGCTAT,0,852343
dgoRp,0.5,1,1,CAATCAGGATGGTGGTTAAT,0,850037
dgoRp,0.5,1,1,CAATATTATCTGGAGGACCC,0,861856
dgoRp,0.5,1,1,CAATAACGCATACATTGAGT,0,859352
dgoRp,0.5,1,1,CAAGTTATGGACGTGAAGCC,0,853162
dgoRp,0.5,1,1,CAAGTACTACCTACGTTTTG,0,855976
dgoRp,0.5,1,1,CAAGGGAGTGACCGGTAATT,0,855596
dgoRp,0.5,1,1,CAAGCCACGGAGATAAATCC,0,843185
dgoRp,0.5,1,1,CAAGCAGCTCGACTGGTGTG,0,849860
dgoRp,0.5,1,1,CAAGAGGAATCATGATGAAA,0,847333
dgoRp,0.5,1,1,CAAGAAGTGAAGGTGGTGCT,0,837722
dgoRp,0.5,1,1,CAACCGCTTTAATAAGGTTC,0,838888
dgoRp,0.5,1,1,CAACCCACTCTGTGTGCCCA,0,864719
dgoRp,0.5,1,1,CAACCATCGAGTAGGAACGG,0,850081
dgoRp,0.5,1,1,CAAATGAGCAGAGTCCTAAG,0,855161
dgoRp,0.5,1,1,CAAATCACTCTAATACGTGA,0,839503
dgoRp,0.5,1,1,CAAAGGCGCACGGTTTTTAG,0,853010
dgoRp,0.5,1,1,CAAACGCCGAAAACGGGTTT,0,863433
dgoRp,0.5,1,1,CAAACATTTACGCACACGGT,0,863323
dgoRp,0.5,1,1,CAAACAAAGGTATGGCACGC,0,836202
dgoRp,0.5,1,1,ATTTTTGGACTATACCAGCG,0,842629
dgoRp,0.5,1,1,ATTTTTAAACTGATCCAGCG,0,844373
dgoRp,0.5,1,1,ATTTGCAGGTATTTCTCTGG,0,850333
dgoRp,0.5,1,1,ATTGTTACCCTGTTGGCATC,0,843937
dgoRp,0.5,1,1,ATTGTCTGGGGTGCTCACAT,0,838885
dgoRp,0.5,1,1,ATTGTCCTTTCCTTGGTCAC,0,836576
dgoRp,0.5,1,1,ATTGGTGCTGACTCTTCCTT,0,865874
dgoRp,0.5,1,1,ATTGCGCGACAGAACCGTGT,0,848177
dgoRp,0.5,1,1,ATTCTTGTGAATAGGCAAAG,0,843309
dgoRp,0.5,1,1,ATTCGTATTGGCACCGCGTT,0,836392
dgoRp,0.5,1,1,ATTCGGCGGGTATCCCTCCT,0,862307
dgoRp,0.5,1,1,ATTCGGACTGAATGATTGCA,0,844768
dgoRp,0.5,1,1,ATTATTTCTGTCTACAAGGT,0,862828
dgoRp,0.5,1,1,ATTATAGATGGATAACTGCA,0,841926
dgoRp,0.5,1,1,ATTAGTACGAGGTCATCATC,0,856349
dgoRp,0.5,1,1,ATTACAAGTCTCATCCATAC,0,860073
dgoRp,0.5,1,1,ATTAAGTTGCATCTTGTTAA,0,844664
dgoRp,0.5,1,1,ATGTAAACTATTGTCGGGAC,0,865409
dgoRp,0.5,1,1,ATGGTTCCCTGCGTGACTTA,0,850617
dgoRp,0.5,1,1,ATGGTGAAAGGCATCCAGCC,0,847880
dgoRp,0.5,1,1,ATGGTATAGGAAACGGACGA,0,852027
dgoRp,0.5,1,1,ATGGGGAACCACTGGTTTCA,0,859876
dgoRp,0.5,1,1,ATGGCGGTACGCATTAGCAA,0,842868
dgoRp,0.5,1,1,ATGGATTCAGGTACCCTTTC,0,836158
dgoRp,0.5,1,1,ATGGATGGTCCACTTTTGGC,0,844136
dgoRp,0.5,1,1,ATGGATCAAGTTGGATTTGG,0,847808
dgoRp,0.5,1,1,ATGGAACTGCGCTCGGTGCT,0,849034
dgoRp,0.5,1,1,ATGCTTTGCAATTGCGGGCG,0,848521
dgoRp,0.5,1,1,ATGCTAATCTACACGATGAC,0,853544
dgoRp,0.5,1,1,ATGCGAAAGCTTGGCGCGAG,0,846517
dgoRp,0.5,1,1,ATGCCTGTGATTGATCCACA,0,838188
dgoRp,0.5,1,1,ATGCCGGTTGAACCCGTATT,0,839368
dgoRp,0.5,1,1,ATGCAGCGAAAGATTTACGC,0,838358
dgoRp,0.5,1,1,ATGCACAAGCAAGGTGGCCA,0,836709
dgoRp,0.5,1,1,ATGATCTTGGGGATGTGATT,0,859212
dgoRp,0.5,1,1,ATGATCCGCTTAAATGCCCA,0,859163
dgoRp,0.5,1,1,ATGATATATGTGAAACTATG,0,852073
dgoRp,0.5,1,1,ATGATAGATCGCCATTTGTT,0,844755
dgoRp,0.5,1,1,ATCTTCGCACTCAGCGTGGA,0,836341
dgoRp,0.5,1,1,ATCTGCGTAAAGACTGCAAG,0,846044
dgoRp,0.5,1,1,ATCTGCCAGTTTATTAGTTC,0,862349
dgoRp,0.5,1,1,ATCTGCACACCGTTCTCCCG,0,861169
dgoRp,0.5,1,1,ATCTCTCTGAACGCGTTCAT,0,847282
dgoRp,0.5,1,1,ATCTCAAGCGGTGACAAGAT,0,841144
dgoRp,0.5,1,1,ATCTATACAATTCCTTTTGA,0,840710
dgoRp,0.5,1,1,ATCGTGTCACTTGGGCTTAT,0,857957
dgoRp,0.5,1,1,ATCGGGATCGAAGATTGTCT,0,841574
dgoRp,0.5,1,1,ATCGCCCCATCCGATTAGAT,0,836809
dgoRp,0.5,1,1,ATCCTCCGGTTCGGGTTCCA,0,846489
dgoRp,0.5,1,1,ATCCGCTCAGGCTCCTGCCC,0,858525
dgoRp,0.5,1,1,ATCCACGGATCGCGAGACAT,0,856473
dgoRp,0.5,1,1,ATCCAAATGCAGTAATCCCT,0,862589
dgoRp,0.5,1,1,ATCAGTTTATTTTCTTTTAC,0,850277
dgoRp,0.5,1,1,ATCACGCGTCTTACGAGGGT,0,853657
dgoRp,0.5,1,1,ATCACCGCTGAAGCCTGCGC,0,852243
dgoRp,0.5,1,1,ATCACAAAACTGGGGATGTT,0,844023
dgoRp,0.5,1,1,ATATTAGGTTTGACCATCAA,0,853982
dgoRp,0.5,1,1,ATATGGTTGGGCGGTAACTG,0,847335
dgoRp,0.5,1,1,ATATGCTACGTGTTCCATCC,0,867348
dgoRp,0.5,1,1,ATATATCGTGTCCGACAAGC,0,839151
dgoRp,0.5,1,1,ATATAGAATCGTAAGTCACA,0,866681
dgoRp,0.5,1,1,ATATACCTGCTGATGATGTT,0,850832
dgoRp,0.5,1,1,ATAGCTAAGCACGCAGGTGA,0,855782
dgoRp,0.5,1,1,ATACTTGCGCCGCGCCGAAT,0,856466
dgoRp,0.5,1,1,ATACCTCAGCGCGGATATGA,0,853462
dgoRp,0.5,1,1,ATACAGACGTGCCGTTAGGT,0,836716
dgoRp,0.5,1,1,ATAATAGTTGATTCTAACTA,0,850994
dgoRp,0.5,1,1,ATAAGATACTGATGCCACGA,0,851094
dgoRp,0.5,1,1,ATAACTTATCTGTTAAATTC,0,854615
dgoRp,0.5,1,1,ATAACGGAGTGTCCTGTGGT,0,851664
dgoRp,0.5,1,1,ATAACGACGCGCGCTCGTAC,0,840338
dgoRp,0.5,1,1,ATAACCCATTAAGTGATGAT,0,859579
dgoRp,0.5,1,1,ATAAATTGCCTTTCGGTTTA,0,845401
dgoRp,0.5,1,1,ATAAAGCTGATGACAGAAAT,0,849214
dgoRp,0.5,1,1,AGTTGTCGCTGCTTTTCAAG,0,861298
dgoRp,0.5,1,1,AGTTCCTTGGCATCCCATGA,0,852092
dgoRp,0.5,1,1,AGTTAATCTCTTTACCGCGC,0,857654
dgoRp,0.5,1,1,AGTGTTACAACTGACGGCTT,0,842613
dgoRp,0.5,1,1,AGTGGTTAGTAATGGCAGCG,0,839178
dgoRp,0.5,1,1,AGTGCAACTGTCGTACGTTT,0,848014
dgoRp,0.5,1,1,AGTGAGCCAAATCAAAACTA,0,851748
dgoRp,0.5,1,1,AGTATTAGACACGTTCGGTA,0,856874
dgoRp,0.5,1,1,AGTATGGTTTATATAACATC,0,849787
dgoRp,0.5,1,1,AGTATGGGCCAGAATACACA,0,840044
dgoRp,0.5,1,1,AGTATGGATAATGAAGTATA,0,848372
dgoRp,0.5,1,1,AGTATGACCTCAGATCGTAT,0,864672
dgoRp,0.5,1,1,AGTAGGATTGGGTAATCGGC,0,852036
dgoRp,0.5,1,1,AGTAGAGGCCCACGTGATGA,0,853423
dgoRp,0.5,1,1,AGTAATTGCTGCGCAACCCA,0,836227
dgoRp,0.5,1,1,AGTAAGTCTATCCGTGGATA,0,857264
dgoRp,0.5,1,1,AGTAACATAGGACGCCGGTG,0,856730
dgoRp,0.5,1,1,AGTAACACGGCCGGGGTCAT,0,853148
dgoRp,0.5,1,1,AGGTTTTGGTAGTATGGGCT,0,856951
dgoRp,0.5,1,1,AGGTTTCTGCATGTTCTAAC,0,867009
dgoRp,0.5,1,1,AGGTTATGTGTTTCCGACAC,0,845907
dgoRp,0.5,1,1,AGGTGTGCAGTTGGGACATC,0,849346
dgoRp,0.5,1,1,AGGTGCCCTCTTTATTTGTT,0,840780
dgoRp,0.5,1,1,AGGTATAGGGCTGGCCTCGA,0,867472
dgoRp,0.5,1,1,AGGGTTTTTTGTCGTCCACT,0,852868
dgoRp,0.5,1,1,AGGGTGGACAGCTGGGAGAT,0,860665
dgoRp,0.5,1,1,AGGGTGCAACTGCGCATAAG,0,847585
dgoRp,0.5,1,1,AGGGGCCACCTCGACGATCG,0,865046
dgoRp,0.5,1,1,AGGGGATCAAGTGTGGAATC,0,847928
dgoRp,0.5,1,1,AGGGCGTGCCAGCTGAGTGG,0,859208
dgoRp,0.5,1,1,AGGGCGTAAGTTGGGTGGTA,0,866110
dgoRp,0.5,1,1,AGGGCAAGACGGGTACGGGA,0,858430
dgoRp,0.5,1,1,AGGGAATAGTATCGATTATT,0,865213
dgoRp,0.5,1,1,AGGCTGAGAGTCTTAGTCAC,0,856373
dgoRp,0.5,1,1,AGGATCCATCCACGGTGTTG,0,866776
dgoRp,0.5,1,1,AGGAGGCTACTGAAGCAGAA,0,839526
dgoRp,0.5,1,1,AGGACGACCCCCCTCAGTTT,0,863887
dgoRp,0.5,1,1,AGGACAGTATCCGCAAGGAC,0,850251
dgoRp,0.5,1,1,AGGACAATCTTGAACTACCC,0,855258
dgoRp,0.5,1,1,AGGAAGCTGTCGAAAATACT,0,859943
dgoRp,0.5,1,1,AGGAAATGATCACTTCTAAG,0,861971
dgoRp,0.5,1,1,AGCTCCCCCTGCGGAAATGC,0,856352
dgoRp,0.5,1,1,AGCTCAATCACGCATAGGTA,0,847745
dgoRp,0.5,1,1,AGCTAGCCGCAGTGGTATTG,0,857959
dgoRp,0.5,1,1,AGCGTCCCACACACTGAGTA,0,848847
dgoRp,0.5,1,1,AGCGTAAGCCTCAAACCCTA,0,853183
dgoRp,0.5,1,1,AGCGGGTTTGAGACCCATTC,0,837689
dgoRp,0.5,1,1,AGCGGGTGTTGTCAGGGGGA,0,846324
dgoRp,0.5,1,1,AGCGGGGGCCGGTTTTAGTT,0,861395
dgoRp,0.5,1,1,AGCGGACACAACGCCTCTGA,0,851873
dgoRp,0.5,1,1,AGCGAGTTATGCAGAGGGTT,0,848424
dgoRp,0.5,1,1,AGCGAGGGGTGCAGATCTAT,0,838051
dgoRp,0.5,1,1,AGCGACGCGCCCATAATTCT,0,853465
dgoRp,0.5,1,1,AGCCTCTTTAGCATTACCGT,0,867305
dgoRp,0.5,1,1,AGCCGAATCGACGTGACAAA,0,860130
dgoRp,0.5,1,1,AGCCCTCCGAGCGCGGCAGC,0,839716
dgoRp,0.5,1,1,AGCCCGACGAATTATGGGGG,0,866349
dgoRp,0.5,1,1,AGCCATGCTGTAGCGACGGT,0,843346
dgoRp,0.5,1,1,AGCCATATTTTAAAACGTTC,0,849715
dgoRp,0.5,1,1,AGCACGATTGTAAGGGGGTA,0,862470
dgoRp,0.5,1,1,AGCACCGGGACTGTGGCACA,0,842842
dgoRp,0.5,1,1,AGCAATTTGGAGTTTGAGGG,0,862250
dgoRp,0.5,1,1,AGATTCTGATGCCAGCGAGG,0,846270
dgoRp,0.5,1,1,AGATGTCCACGCAAAAGTCT,0,861801
dgoRp,0.5,1,1,AGATCAAGACAACGTCCGGC,0,848655
dgoRp,0.5,1,1,AGAGTTCGTTCTTGCTCCTG,0,866296
dgoRp,0.5,1,1,AGAGTGGGAGCAGTCTAGCA,0,858939
dgoRp,0.5,1,1,AGAGTCTTGAAACCTACCTC,0,846779
dgoRp,0.5,1,1,AGAGGGGCAGGTCCAACGGT,0,852890
dgoRp,0.5,1,1,AGAGCCATCTCCAAGTTAAA,0,852473
dgoRp,0.5,1,1,AGAGCCAGACACGGACGTCT,0,845448
dgoRp,0.5,1,1,AGAGCCACCCAAGGGTAAAC,0,852242
dgoRp,0.5,1,1,AGACTTTTCCACGCCTCTTC,0,866032
dgoRp,0.5,1,1,AGAATATAAATTTGATGCGA,0,851753
dgoRp,0.5,1,1,AGAAGTGGATGAAGAAACTT,0,836373
dgoRp,0.5,1,1,AGAAGTGCTTAAGTAGCCAT,0,847205
dgoRp,0.5,1,1,AGAACTTAATTCGTGAGTTT,0,862107
dgoRp,0.5,1,1,AGAACCACCAGGAGAAGGAC,0,862434
dgoRp,0.5,1,1,AGAAAGCGTGCATTCCCAGC,0,867165
dgoRp,0.5,1,1,ACTTTCGCGATGGAAGTGTG,0,858245
dgoRp,0.5,1,1,ACTTCGCTGAGAGAACCTGT,0,839204
dgoRp,0.5,1,1,ACTGTTTAAAGTCCCCACAG,0,859842
dgoRp,0.5,1,1,ACTGTCGCATTGGTGCCGCG,0,854822
dgoRp,0.5,1,1,ACTGTACTGTACAAAGTGTT,0,838123
dgoRp,0.5,1,1,ACTGGATACGCGTCGGGATC,0,848392
dgoRp,0.5,1,1,ACTGGAAGGGTGCTGGTGGC,0,846579
dgoRp,0.5,1,1,ACTGAATCTATTTCGCCTTT,0,837790
dgoRp,0.5,1,1,ACTCTTTTGTGGTAGTCAGG,0,836073
dgoRp,0.5,1,1,ACTCTACAAAGGAACCACTG,0,859623
dgoRp,0.5,1,1,ACTCGTCGATCTCAGCCCAG,0,864766
dgoRp,0.5,1,1,ACTCGTCAGTCATAGTGTTA,0,841352
dgoRp,0.5,1,1,ACTCCGTCGATCGCTACCTC,0,843092
dgoRp,0.5,1,1,ACTCCCCTCAAGTCTTTGTG,0,865859
dgoRp,0.5,1,1,ACTAGGTGATATCGGTGGAT,0,865495
dgoRp,0.5,1,1,ACTAGCTCCAACCCTAGGTC,0,844821
dgoRp,0.5,1,1,ACTAGCCTTACCAGTGAAAA,0,856162
dgoRp,0.5,1,1,ACTAGATTAACATCGCCAGC,0,861432
dgoRp,0.5,1,1,ACTACGCTGCCAGGGCGCTC,0,863940
dgoRp,0.5,1,1,ACTAAGCGCAGACTTGGCAC,0,836802
dgoRp,0.5,1,1,ACGTGTCGAGGGAATTAGCA,0,837627
dgoRp,0.5,1,1,ACGTGTATGCTCCGCGAGTA,0,853100
dgoRp,0.5,1,1,ACGTGGGTGGAGATTACACA,0,848262
dgoRp,0.5,1,1,ACGTGATGACCGTGATAAGG,0,857907
dgoRp,0.5,1,1,ACGTATGGGTATTCCACCAG,0,837754
dgoRp,0.5,1,1,ACGTACGGCCCGCATCTATG,0,838361
dgoRp,0.5,1,1,ACGTAACGTGTCGATACGCA,0,845669
dgoRp,0.5,1,1,ACGGTGTGCTTGGATGTATG,0,854070
dgoRp,0.5,1,1,ACGGGAGCTAAACCCACACC,0,844169
dgoRp,0.5,1,1,ACGGGACCGCCGTGGGCAAA,0,848256
dgoRp,0.5,1,1,ACGGCGGTCGAGTCGGAACT,0,861635
dgoRp,0.5,1,1,ACGGAGCCAGCACGCTCTTA,0,838192
dgoRp,0.5,1,1,ACGCTTTGTGAGCGCCCTGG,0,866244
dgoRp,0.5,1,1,ACGCTCGGATTAAGTTCATT,0,842596
dgoRp,0.5,1,1,ACGCGATGAGGCCGGGTATA,0,836364
dgoRp,0.5,1,1,ACGCCGGTGCCTGACGTGTA,0,865332
dgoRp,0.5,1,1,ACGCAGGTCTAGGTGTTTTT,0,843188
dgoRp,0.5,1,1,ACGATCGCCTCGGCAGTTAA,0,854830
dgoRp,0.5,1,1,ACGATAGGGATCTTGCACAG,0,859823
dgoRp,0.5,1,1,ACCTTTTCCGAGCGGAATAG,0,853742
dgoRp,0.5,1,1,ACCTTCGGTCCCGGGAAGAA,0,857248
dgoRp,0.5,1,1,ACCTTAATTTAGGGTCGTTG,0,849643
dgoRp,0.5,1,1,ACCTGTCTTGACTCTGCGAT,0,846605
dgoRp,0.5,1,1,ACCTGGCAGCAGGATTGCAT,0,861071
dgoRp,0.5,1,1,ACCTCGATGTTATGCCGATG,0,848787
dgoRp,0.5,1,1,ACCTCGAGTGAAGAGTCTCA,0,863829
dgoRp,0.5,1,1,ACCTACGCCTCCCCAGGTAA,0,845035
dgoRp,0.5,1,1,ACCGTACTGGAATTTCGAGG,0,853413
dgoRp,0.5,1,1,ACCGGGGTATGATCGCATAT,0,843739
dgoRp,0.5,1,1,ACCGAGTCTGGATCCCCCGG,0,838818
dgoRp,0.5,1,1,ACCCGTGTTACTAGCGGACC,0,859822
dgoRp,0.5,1,1,ACCCGATTCCCATTTATTCA,0,844788
dgoRp,0.5,1,1,ACCCCGCTTAATATTTCTGG,0,838039
dgoRp,0.5,1,1,ACCCAGCGTTTACTCGCGAG,0,835943
dgoRp,0.5,1,1,ACCCACCCGTTGGCCCAACG,0,849675
dgoRp,0.5,1,1,ACCAGTTGCTGGAGTTATTT,0,845341
dgoRp,0.5,1,1,ACCAGTAATCCTAAGTTATC,0,843590
dgoRp,0.5,1,1,ACCACGGCGAGACCGAAGCT,0,837700
dgoRp,0.5,1,1,ACCAATCTTTATACACACGG,0,845130
dgoRp,0.5,1,1,ACCAACGTCTTCATACCCGC,0,864549
dgoRp,0.5,1,1,ACATTAGTCATTAAATGTCT,0,837230
dgoRp,0.5,1,1,ACATGTGGCGGTCCTTCCGC,0,841202
dgoRp,0.5,1,1,ACATGATCTTTTGTTTTGTA,0,846498
dgoRp,0.5,1,1,ACATCCGCCTTCGGGTAAAC,0,845196
dgoRp,0.5,1,1,ACATCCATATTAAGTTGTAT,0,842376
dgoRp,0.5,1,1,ACAGGTGAGCCCATAGAACA,0,841894
dgoRp,0.5,1,1,ACAGGGGGTCCAAAGGTCCC,0,837115
dgoRp,0.5,1,1,ACAGCGTTGAGGAATGAACG,0,841459
dgoRp,0.5,1,1,ACAGATTGACTCCCATAAGT,0,844779
dgoRp,0.5,1,1,ACAGAGCTAAATAAGTCGGC,0,846290
dgoRp,0.5,1,1,ACACTCTGGCAACTTAACTA,0,858075
dgoRp,0.5,1,1,ACACACCAGCCAGAGCCGGC,0,853289
dgoRp,0.5,1,1,ACACAAGGAAAAGAAGTTGG,0,851349
dgoRp,0.5,1,1,ACAATTTAATACAGCTATTA,0,853210
dgoRp,0.5,1,1,ACAATCTGAATGCTTGCGGC,0,851368
dgoRp,0.5,1,1,ACAAGGTATGCCCTGACCGC,0,849086
dgoRp,0.5,1,1,ACAAGGGCACATACCAGCGT,0,866201
dgoRp,0.5,1,1,ACAACCAATCAGTCGAATGA,0,836986
dgoRp,0.5,1,1,AATTGTTTTTGTAACTGTCA,0,864511
dgoRp,0.5,1,1,AATTACAGGTGTCTGTCTGT,0,848850
dgoRp,0.5,1,1,AATGTGCGAGGCGAAACCCT,0,850316
dgoRp,0.5,1,1,AATGCTTCCTGCAAACGAGT,0,860239
dgoRp,0.5,1,1,AATGCTGAACATTTTACAGT,0,845904
dgoRp,0.5,1,1,AATGAATGGCGGAAATAAGT,0,863446
dgoRp,0.5,1,1,AATCTCGTTACGTTGTCGAT,0,861334
dgoRp,0.5,1,1,AATCTAGGGCAAATATCTCC,0,855692
dgoRp,0.5,1,1,AATCGTGTTCATAGGTGCAG,0,859168
dgoRp,0.5,1,1,AATCCTAAGTCGATCGTGGT,0,843778
dgoRp,0.5,1,1,AATCATGGGGAGTACCTCAA,0,862100
dgoRp,0.5,1,1,AATAGCTTAACTATCGCGCT,0,845313
dgoRp,0.5,1,1,AATACGATCTTAACAACCCC,0,861716
dgoRp,0.5,1,1,AATAATACCCGTTTTGTTTG,0,850507
dgoRp,0.5,1,1,AATAAAAGCCTCTTTTTGTC,0,846747
dgoRp,0.5,1,1,AAGTGCGGGTCATTCATGTA,0,837459
dgoRp,0.5,1,1,AAGTCGTATGATTTCGGAAC,0,862641
dgoRp,0.5,1,1,AAGGTTTTTTCCTGCGTATT,0,858634
dgoRp,0.5,1,1,AAGGTGGGGGACAGCGACAT,0,838064
dgoRp,0.5,1,1,AAGGTATGCGATCTGCGGAT,0,844322
dgoRp,0.5,1,1,AAGGTAGTGCTGTCCGGTTA,0,851450
dgoRp,0.5,1,1,AAGGGTTGGGTTAAAGGGCG,0,863603
dgoRp,0.5,1,1,AAGGGAAATTACATGTGTAG,0,850803
dgoRp,0.5,1,1,AAGGCTCTAGTCCCTTGGAG,0,859957
dgoRp,0.5,1,1,AAGGCTCGTGCTGCAGGGCT,0,865489
dgoRp,0.5,1,1,AAGGCCCGCCCTCGCCGCTG,0,849218
dgoRp,0.5,1,1,AAGGCCCAGCTTTCACGAGG,0,846832
dgoRp,0.5,1,1,AAGCCACAGATTTATTGTAT,0,837059
dgoRp,0.5,1,1,AAGCAGCAATTAAAATGGTG,0,850059
dgoRp,0.5,1,1,AAGCAGAGCGCGAGGCAGCC,0,852946
dgoRp,0.5,1,1,AAGCACAGCGTCTACGTCTC,0,863385
dgoRp,0.5,1,1,AAGCAACGTATAACATGTTT,0,836387
dgoRp,0.5,1,1,AAGATTCGCAGTATTCGGGA,0,851401
dgoRp,0.5,1,1,AAGATAGTGTAGGGCGATAC,0,862088
dgoRp,0.5,1,1,AAGAGAACCTGGGGTGCTTG,0,851847
dgoRp,0.5,1,1,AAGACTTATCAGGGGTTTGT,0,855413
dgoRp,0.5,1,1,AAGACCAACACTCACTCCTG,0,839192
dgoRp,0.5,1,1,AAGACATCTTGGCCTAAATG,0,840520
dgoRp,0.5,1,1,AAGAATGGTTCAGCCGGGCA,0,864175
dgoRp,0.5,1,1,AAGAACTACCGCATGCGTGT,0,841518
dgoRp,0.5,1,1,AAGAAAAATCAGTGGGATTG,0,857852
dgoRp,0.5,1,1,AACTTGAGGTCGGACCTGCT,0,865121
dgoRp,0.5,1,1,AACTGTGAAGATTGCTCTTT,0,852903
dgoRp,0.5,1,1,AACTGATCCTCGACATGCGG,0,853947
dgoRp,0.5,1,1,AACTGAGGTGCGATGTTAGG,0,851120
dgoRp,0.5,1,1,AACTAATTCAAATTGTCGAA,0,850817
dgoRp,0.5,1,1,AACGTAGGCGCCTAGTTCTA,0,848565
dgoRp,0.5,1,1,AACGTACACCACAGCGTGTA,0,844277
dgoRp,0.5,1,1,AACGCCCCTAGCGCTTTTGC,0,862393
dgoRp,0.5,1,1,AACCTTCTACTTCATGGTGG,0,858494
dgoRp,0.5,1,1,AACCTGTTAGACCGAACGGA,0,850512
dgoRp,0.5,1,1,AACCGTTTGGGGTCACGTAG,0,857815
dgoRp,0.5,1,1,AACCGGTAGTTAACTTCGTC,0,850893
dgoRp,0.5,1,1,AACCCTGCGCCATACTCCGG,0,848853
dgoRp,0.5,1,1,AACCATTCGATGCCGGGACC,0,839661
dgoRp,0.5,1,1,AACCATATTTCTAGTTGGGA,0,858685
dgoRp,0.5,1,1,AACCAGCGTATCATCTCGGG,0,855418
dgoRp,0.5,1,1,AACCAGCGTAGCGCGCCACA,0,835975
dgoRp,0.5,1,1,AACACTGTAGCGTGCATAAC,0,841297
dgoRp,0.5,1,1,AAATTTCGATCGTGATTGAA,0,853688
dgoRp,0.5,1,1,AAATTGCAATACGCTTGACT,0,854193
dgoRp,0.5,1,1,AAATTATCTCTAGTCTACTT,0,840201
dgoRp,0.5,1,1,AAATCTGGCAACTTTCTCTG,0,842591
dgoRp,0.5,1,1,AAATCGGTGGACTTTCTCAG,0,856670
dgoRp,0.5,1,1,AAATAGAACAGAATTATTCC,0,848364
dgoRp,0.5,1,1,AAAGTTTAACGGTCAATGAC,0,862504
dgoRp,0.5,1,1,AAAGGGCACCAAGATGGGGA,0,864993
dgoRp,0.5,1,1,AAAGGATCCGACGCTGGAAC,0,843467
dgoRp,0.5,1,1,AAAGCGCCGCTACGGCTGGT,0,863879
dgoRp,0.5,1,1,AAAGCCGACTTCCCCGTCTC,0,844131
dgoRp,0.5,1,1,AAAGACGGTAATGTGGAAGT,0,847864
dgoRp,0.5,1,1,AAACTGCTCGTCCGAGGCGA,0,857810
dgoRp,0.5,1,1,AAACTCGATTCGTACGCAAC,0,857612
dgoRp,0.5,1,1,AAACGTTTGCTGATCAGTTC,0,850168
dgoRp,0.5,1,1,AAACGGAGGCGGCGTCAAGG,0,855551
dgoRp,0.5,1,1,AAAATTGTTGCTATGAGCTA,0,838722
dgoRp,0.5,1,1,AAAATTAGTCCTCCCAGTAC,0,863498
dgoRp,0.5,1,1,AAAATGTTCAAAGTACGAGT,0,847789
dgoRp,0.5,1,1,AAAATGGGCCTGAACAGCTT,0,849799
dgoRp,0.5,1,1,AAAATGGCGGATCGTCCCCT,0,864274
dgoRp,0.5,1,1,AAAATCTGAGTATCAAGGAG,0,845791
dgoRp,0.5,1,1,AAAATATACTAAGGCACCGG,0,849927
dgoRp,0.5,1,1,AAAAGATCATCACATGAGCT,0,853386
dgoRp,0.5,1,1,AAAAGAAGCTGTTTCAGTGA,0,863688
dgoRp,0.5,1,1,AAAACCGGGTGACATGGCCC,0,852233
dgoRp,0.5,1,1,AAAACAGCTCAAGGTGATAC,0,864488
dgoRp,165.0,164,0,TAGAGCAGATCTCTTCATCA,164,858611
dgoRp,143.0,142,0,ACTGCGAACATTGGAGAGTG,142,845020
dgoRp,85.0,84,0,GCCGTTGAGCCCACGTGGGT,84,852019
dgoRp,84.0,83,0,CCTCATGTTGTCTACACGCT,83,845277
dgoRp,75.0,74,0,TTTTAAAAGACCGGATTTTG,74,848925
dgoRp,74.0,73,0,TTTGATCTTATGCTGCACAG,73,864189
dgoRp,74.0,73,0,GCTCGGAGAACGCGGTAAAC,73,844990
dgoRp,67.0,66,0,ACCGTGGGCTCCTGGCACGT,66,862446
dgoRp,64.0,63,0,GGCCATTTTAGCATCATCCT,63,851615
dgoRp,61.0,60,0,GGATGCTTGCCGGAGTTGTC,60,843339
dgoRp,60.0,59,0,AACGTGCGGGACCAGATCAA,59,859604
dgoRp,59.0,58,0,GTGGCAACTATACACGTGAC,58,843343
dgoRp,57.0,56,0,CCTCCGATCACATTATCTCC,56,849011
dgoRp,54.0,53,0,GATGTATAGTTAGCAAAGCA,53,852186
dgoRp,53.0,52,0,GGGTAAGCGCGTTGATCATG,52,858603
dgoRp,52.0,51,0,ACCTATCATGTGATAACAGC,51,852802
dgoRp,49.0,48,0,CTGTGCTCTGCAACGCTCAT,48,865357
dgoRp,48.0,47,0,TCACCAATTGCAGACAAAGA,47,853853
dgoRp,48.0,47,0,TACATAGTCCGCGATGCTCC,47,843308
dgoRp,46.0,45,0,TAGGGGTACGGTGCTCTGAG,45,848822
dgoRp,46.0,45,0,GTTAGCCTGGCTTTAATATA,45,862231
dgoRp,46.0,45,0,GTAACGCAAGGGATCTGTAA,45,846226
dgoRp,46.0,45,0,ACTCCCGATAGTCACATCTA,45,856205
dgoRp,45.0,44,0,TCATTGTACAAATAGTGCCT,44,848257
dgoRp,45.0,44,0,GTTAAGGTTTATATATTCGC,44,847589
dgoRp,45.0,44,0,ACGAATCAAGCCTTGGACTG,44,865685
dgoRp,45.0,44,0,AATTCATACATCAGCCCTGA,44,853784
dgoRp,44.0,43,0,TTGTGGATCGAATAATCGCT,43,842123
dgoRp,44.0,43,0,GCAAAACGGCGACTATGTAG,43,843680
dgoRp,44.0,43,0,CGGGGTGCCGTTACGCAGGC,43,860828
dgoRp,44.0,43,0,CCGTTGGGCATTAAGGGCAA,43,842579
dgoRp,41.0,40,0,GAGCAATCGTAGTCTCGAAT,40,860364
dgoRp,41.0,40,0,CTTGTCGTCAATGTCGGACT,40,863384
dgoRp,41.0,40,0,AGCAGTTGAGTGTCACCCAA,40,866491
dgoRp,41.0,40,0,ACTAGGTAGTTAGGCTTCCT,40,851463
dgoRp,40.0,39,0,GGTACGTATGGGTTACACCC,39,845579
dgoRp,40.0,39,0,CGCGAGAGGCCCGCGGTTAA,39,860832
dgoRp,40.0,39,0,CAGTATAACCGGTCGAAGAA,39,838054
dgoRp,40.0,39,0,CAACTGGGCATGCGTCTCGG,39,851870
dgoRp,39.0,38,0,GCGAACGTGTTCCTTAGCCG,38,865538
dgoRp,39.0,38,0,CCTATCGCTTGCCTAGTCCC,38,844565
dgoRp,39.0,38,0,CATGAGAACGCTCCGAGTGT,38,841691
dgoRp,39.0,38,0,ATGTTCTATATAGAAAACTA,38,848845
dgoRp,38.0,37,0,GGGGGACAAAACCGTATATG,37,848911
dgoRp,37.0,36,0,GTTCTCAATGAGGGGGCGGT,36,844054
dgoRp,35.0,34,0,GTCACGGATGGAATTTATAC,34,856615
dgoRp,35.0,34,0,AGCCAGATTAGCGCAAATGG,34,845188
dgoRp,35.0,34,0,AACTGTGGGGTCCTTCCGTT,34,847449
dgoRp,35.0,34,0,AAACGTCCTTGGGCAGACCC,34,859534
dgoRp,34.0,33,0,TTATAACGGACTCGCTGAGC,33,838712
dgoRp,33.0,32,0,CGTCCCACTTAATCACCACC,32,863535
dgoRp,32.0,31,0,CTAGGCCGGAGCCAAGAGGC,31,859716
dgoRp,31.0,30,0,TTATTCCCATTACAAGACAT,30,862022
dgoRp,31.0,30,0,TAGGCACCTAACATAGGGGG,30,858718
dgoRp,30.0,29,0,GTTATACCTCCCGGTTCCGT,29,858531
dgoRp,30.0,29,0,GCACCGAGTTGTCCGTTCAC,29,862498
dgoRp,30.0,29,0,CCATATAGACCCAAGGTTAA,29,848050
dgoRp,29.0,28,0,GTGGGGAGGGGTCAGCATAA,28,860545
dgoRp,28.0,27,0,CGTCTTTAGTAATTTAGAAA,27,857754
dgoRp,26.0,25,0,AGCTTGGGCGGATCTTCCAG,25,846307
dgoRp,25.0,24,0,TAAGATATCTCTCTGTATAC,24,857393
dgoRp,24.0,23,0,GTCACCCCCTTTGCCTCGAG,23,864742
dgoRp,23.0,22,0,TGTCCTATAAGTGTAAAAGG,22,849567
dgoRp,23.0,22,0,CCTGACGGCGTGTCGTTTTT,22,864083
dgoRp,22.0,21,0,TTGGCCCTGGTGTCTTCTGA,21,857205
dgoRp,22.0,21,0,GCGGCCACCTAGCCCCAATT,21,862327
dgoRp,22.0,21,0,AGGAACCATGTGGTAACCGT,21,846036
dgoRp,18.0,17,0,GGACTCGGTAACCAGGGGAT,17,859717
dgoRp,17.0,16,0,GCCTCGTAGAACGTCTCCCT,16,860909
dgoRp,17.0,16,0,CCGGGGCACCCGGATTGGTA,16,843218
dgoRp,17.0,16,0,AGTTGTGATCCGGGAGGAAC,16,853425
dgoRp,17.0,16,0,AAAGTTTCGCACTCGCTCTC,16,858016
dgoRp,16.0,15,0,ACATGTAATCTCCCGGAGGC,15,846746
dgoRp,16.0,15,0,AAGCGAGGTTAGTGCCCCCC,15,866640
dgoRp,15.0,14,0,GTGACCCCGCGAGGCGTTAA,14,850074
dgoRp,13.0,12,0,TAGTGGAGCAGTTGGTACTG,12,849519
dgoRp,12.0,11,0,AGAACCGGCAACCACACGAG,11,838644
dgoRp,11.0,10,0,CAGACAGGGCGCGGTTTCGT,10,841582
dgoRp,10.0,9,0,GGGAATACCTCACCTCCTTT,9,836104
dgoRp,9.0,8,0,GCATCCGGGCTTACTCACCT,8,862478
dgoRp,8.0,7,0,CTTAGAATAACTATAACGGA,7,853308
dgoRp,7.0,6,0,GATCTCGTGACCGCTCATCT,6,841337
dgoRp,5.0,4,0,TGCCCGATCTTCAATCGACG,4,860274
dgoRp,5.0,4,0,GGTATTGTCGTTTGGTGTCG,4,841817
dgoRp,4.0,3,0,CATGTGGATGCTTGTAGGTA,3,853014
dgoRp,4.0,3,0,AAGGAGTATGAATCGAGGCC,3,854588
dgoRp,3.0,2,0,TTCTTCGAACTGATGATACA,2,861520
dgoRp,3.0,2,0,TGCGAGAAACGGGGCTGATA,2,841258
dgoRp,3.0,2,0,TCTGTTGATGTTTCAATATG,2,864329
dgoRp,3.0,2,0,GTGGACAGCGGGTCGAATGG,2,852941
dgoRp,3.0,2,0,GGTGAACGAAGTATCGTTTT,2,841991
dgoRp,2.0,1,0,TTTAGCTAGTATTCACGGTC,1,846951
dgoRp,2.0,1,0,TTCTATATGTTCCTAGGATG,1,856014
dgoRp,2.0,1,0,TGCCCGTGTTAGTCCACATC,1,838676
dgoRp,2.0,1,0,TGAACTTCTTTACTCGAACT,1,850119
dgoRp,2.0,1,0,TCTAAGTCCCTTGTCTGTAA,1,860096
dgoRp,2.0,1,0,TCGAGGGCTTTACTTCCCTA,1,855339
dgoRp,2.0,1,0,TACTCGATTAGCATAAGAAG,1,865664
dgoRp,2.0,1,0,TACGCCCATGTATGACAATC,1,861346
dgoRp,2.0,1,0,GTTGGTTTGTGTTGGAATAG,1,856289
dgoRp,2.0,1,0,GTGCCGAAAGTATAATTCTA,1,866109
dgoRp,2.0,1,0,GTCTAGCATGATCTCGCATC,1,851271
dgoRp,2.0,1,0,GTAGGCGCGAGTTAAGATTG,1,851871
dgoRp,2.0,1,0,GGTGTTAATGAGCGACTATA,1,852456
dgoRp,2.0,1,0,GGCTAGTTAGCGTGTTACAT,1,867144
dgoRp,2.0,1,0,GGCGTGAACTTGAACACATT,1,838096
dgoRp,2.0,1,0,GGATCTGATTATAGTGTAGT,1,861908
dgoRp,2.0,1,0,GGAGTTGTGCGCGGGTTAAT,1,840239
dgoRp,2.0,1,0,GCTGGTCGAGGTCCCATCTT,1,846275
dgoRp,2.0,1,0,GCGTGCATTCGAAGGTAATT,1,865780
dgoRp,2.0,1,0,GCGCTCGGTATATTTAGTTC,1,847690
dgoRp,2.0,1,0,GCGAAACTGATCACCACGAC,1,853965
dgoRp,2.0,1,0,GCATCGATGTCCGATGCGTA,1,857686
dgoRp,2.0,1,0,GCAACAACATAGTCAGAGGT,1,864873
dgoRp,2.0,1,0,GATGATTTTCGGTCGTTTTC,1,837597
dgoRp,2.0,1,0,GAGTGGCAACAAGGTCCAGT,1,865739
dgoRp,2.0,1,0,GAATATAGTATCTAAAGGCG,1,852652
dgoRp,2.0,1,0,GAACGTAGGAACGCTTATCA,1,838836
dgoRp,2.0,1,0,GAACCCTGGGACATTTATTG,1,857747
dgoRp,2.0,1,0,CTTTGAAACCGAACGAGGAT,1,857927
dgoRp,2.0,1,0,CTTCGTCCGGCGGAGCCGGT,1,859497
dgoRp,2.0,1,0,CGCGTCAATTTGGCGCTCGG,1,840866
dgoRp,2.0,1,0,CGCGGTAGCCAAACGCGACT,1,838842
dgoRp,2.0,1,0,CGATGCAAGATAGTACGAGA,1,856070
dgoRp,2.0,1,0,CACTTCGATCCAGCCGCAGT,1,841944
dgoRp,2.0,1,0,ATTAATAGAGGCTATATTTT,1,837385
dgoRp,2.0,1,0,ATCCTCTGTCAGAAAGTCGC,1,838491
dgoRp,2.0,1,0,AGCCAAGTGTTCGCCTGGAT,1,861361
dgoRp,2.0,1,0,AGAACGCAGCACAGCTGCGG,1,842589
dgoRp,2.0,1,0,ACAGGTGGTTATGAGTGAGC,1,857845
dgoRp,2.0,1,0,AATCATGGGGATTATACGCG,1,862520
dgoRp,2.0,1,0,AAGCACTTGGAAGGTGGGAC,1,850447
dgoRp,2.0,1,0,AACACGGACAAAATGCGGAA,1,844333
