name,relative_counts,ct,ct_0,barcode,ct_1,barcode_ind
yacCp,0.1568627450980392,175,152,TCTGCGTACGAGTTATGGTT,23,4094736
yacCp,0.4418604651162791,184,128,GGTGCATAGTCGGTCAGGTA,56,4078921
yacCp,0.6046511627906976,205,128,CCGTCGGCAGCTGCTGTACA,77,4090608
yacCp,0.7372881355932204,203,117,CGGCGCATTCTACGCTTAGT,86,4078531
yacCp,0.02727272727272727,111,109,GTAGAGGATACTCATTATAA,2,4095246
yacCp,0.5462962962962963,165,107,CTAAGGTAATACTGTATTAT,58,4078405
yacCp,0.7386363636363636,151,87,GCCATAGAGTCTGCGAGTAC,64,4086869
yacCp,1.7976190476190477,233,83,GCACCTGTTTCTCTAAGCAA,150,4080248
yacCp,0.13580246913580246,90,80,TCGCTTGTGCGCAATGGCGG,10,4079608
yacCp,1.0864197530864197,167,80,AATAAAAGAAAGAGCAACCT,87,4111010
yacCp,1.3625,187,79,TGCACACTTCCCGCTGGTAA,108,4080511
yacCp,0.5384615384615384,118,77,CCGGAAATCTGCTACGCGGT,41,4086229
yacCp,0.37662337662337664,104,76,ACTCGACCTCGGCTAGGTCA,28,4082572
yacCp,0.2236842105263158,91,75,ACCACTGAGTGGCACTACCG,16,4105648
yacCp,0.13333333333333333,83,74,CTTAATCTTACGGTCTGAAG,9,4078989
yacCp,1.4933333333333334,185,74,CTCCTTTACACGCAGCTGGA,111,4078371
yacCp,0.3783783783783784,100,73,ATTGCTTAAGTTGCACTGAA,27,4082110
yacCp,0.08571428571428572,74,69,TGTTCGGGGAACTGCACGGT,5,4085542
yacCp,0.028985507246376812,69,68,GAAACTCGGGTATGCAATAT,1,4082543
yacCp,0.7681159420289855,120,68,AACCTCTGGTCACCGCTCCA,52,4079621
yacCp,0.11764705882352941,74,67,CTAGGAGTTGGTCCTTTGTA,7,4097148
yacCp,0.31343283582089554,86,66,TAGAGAAGAGAGCGCTGCAA,20,4087402
yacCp,0.30303030303030304,84,65,GGCGCCAACAACTCCGGATT,19,4085927
yacCp,0.3076923076923077,83,64,TGACTCGCTGCCATGCTCCA,19,4086293
yacCp,0.27692307692307694,81,64,ATTACAAACGGGGATTTAGG,17,4106514
yacCp,0.5846153846153846,101,64,ATAAGGTGGAGTCCTGCCCA,37,4079085
yacCp,0.453125,91,63,TCCTTTTCCATGTCTGGACC,28,4109333
yacCp,0.46875,92,63,GCGCGACGGTAAGGCAACGC,29,4100195
yacCp,1.921875,185,63,CATCGCGCACATGTTTGGGT,122,4101849
yacCp,0.2222222222222222,75,62,GCAGCGGAGGGCGTAGTTAA,13,4091924
yacCp,0.19047619047619047,73,62,CGGAAACCATAGTCCACTAA,11,4091806
yacCp,0.7903225806451613,109,61,GAGTATTTCGGGGCGGGTTT,48,4078778
yacCp,0.25806451612903225,76,61,CCCCCGTTTATGTCGGGAAG,15,4087339
yacCp,0.3114754098360656,78,60,CCACCGAGTCTCTTCGAGGT,18,4095456
yacCp,0.5573770491803278,93,60,CAAGTCTCAGCCGGGTGAAA,33,4089269
yacCp,0.39344262295081966,83,60,AATCTACTATCCAACGACAG,23,4104209
yacCp,1.0,118,59,TTCCATTTATTGACCCGTCA,59,4078777
yacCp,1.1166666666666667,125,59,GCGTAGGCTACCTTCATACA,66,4080509
yacCp,0.21666666666666667,71,59,GCAGTAAACTATTCAAGAAA,12,4099558
yacCp,0.35,79,59,ATTCTGTAGACATAGAACAG,20,4095248
yacCp,0.21666666666666667,71,59,ATTAGACACTGCGCTGATTT,12,4079324
yacCp,0.03333333333333333,60,59,AGATTGGTATGTAATTGGGT,1,4096152
yacCp,0.11864406779661017,64,58,TGCCAGTTAGGCCAAGCCGT,6,4084552
yacCp,0.3050847457627119,75,58,TCTTGGCCCCGGGATGGAAG,17,4093783
yacCp,0.6101694915254238,93,58,CTAGAAAGGGCGCTGGGTGT,35,4084396
yacCp,0.2711864406779661,73,58,CGTTCGTTAGAGTACGAACA,15,4112102
yacCp,0.1864406779661017,68,58,CCTTCGGGTCGCTAATTGCC,10,4079436
yacCp,0.2542372881355932,72,58,AATAATTTTGAGTGTCAACT,14,4092320
yacCp,0.6896551724137931,96,57,TAGCTGGCACCATGCGGGGT,39,4093626
yacCp,0.4827586206896552,84,57,GTTATTGGTACACCCGGGTG,27,4093292
yacCp,0.5344827586206896,87,57,GGACGCCCAACAGGATATCG,30,4080714
yacCp,0.034482758620689655,58,57,CTATGTGGTTTTGTGCAGAT,1,4086264
yacCp,0.7931034482758621,102,57,CGAATGACTATGCTGGAAAC,45,4090296
yacCp,0.6724137931034483,95,57,ATATAGTAAACCCAAGCTTA,38,4092842
yacCp,0.06896551724137931,60,57,ACGTAGGAGTTGCGTTGTTG,3,4106795
yacCp,0.5263157894736842,85,56,AATGTTTATCGCAATCGAGT,29,4090560
yacCp,0.75,96,55,GCGTTACTCCCTGCAATATA,41,4100287
yacCp,0.44642857142857145,79,55,CATGGTTCTTTAAGGTGGGT,24,4094533
yacCp,1.2321428571428572,123,55,CAGCCTACCGATCCGACGTG,68,4081466
yacCp,0.05357142857142857,57,55,CAGACATCATAGTTAAAATA,2,4095081
yacCp,0.36363636363636365,73,54,TTCCGTCTTTCTATACGGTC,19,4082503
yacCp,1.0545454545454545,111,54,GTCGTCCTAGTCATAAACAA,57,4099522
yacCp,0.23636363636363636,66,54,CTCCCATTTTGTTACCCCCA,12,4086103
yacCp,0.03636363636363636,55,54,CCCAAACAGCACCTGGTGAC,1,4094308
yacCp,0.12727272727272726,60,54,CACGGGCCACCCCTCTTCAA,6,4080012
yacCp,0.3148148148148148,69,53,TGGCTTGATTACCGGAGTAG,16,4085665
yacCp,0.16666666666666666,61,53,TCTACGACGGGACTAATGCT,8,4100926
yacCp,0.05555555555555555,55,53,GTCCGTCTGAAGGAGAATGC,2,4087462
yacCp,1.0555555555555556,109,53,CTGCGTAATGCCTCGTAGGT,56,4088378
yacCp,0.4074074074074074,74,53,CACTTGCCAATCAGCGAGTA,21,4092348
yacCp,0.42592592592592593,75,53,ATCTCGTCCGGTGTCGTTAT,22,4083748
yacCp,0.7169811320754716,89,52,CCACAGACTCCATCCAAAAC,37,4090064
yacCp,0.4339622641509434,74,52,ATCATTCGTCCCCCATGTCG,22,4102866
yacCp,0.40384615384615385,71,51,CCCCGTACGAGGGGACATTT,20,4078663
yacCp,0.5961538461538461,81,51,CAGTGAACGCGTGTTATTAA,30,4080425
yacCp,0.6153846153846154,82,51,ATTTTTAGGTGAGTGTCATG,31,4088225
yacCp,0.057692307692307696,53,51,ATGCCATCAGGTGTCTGGGG,2,4093018
yacCp,0.4807692307692308,75,51,ACTTATAAGAAATGGCGTAG,24,4094962
yacCp,0.23529411764705882,61,50,GGCTAATTGATTTAGGCGGG,11,4107052
yacCp,0.6666666666666666,83,50,GAAGGGTGCAAATCGGGCGC,33,4081000
yacCp,0.48,72,49,TCAGCAGCATAACAGGGCGA,23,4089190
yacCp,0.34,65,49,GCGAATGTGTCGCGGGATGG,16,4096604
yacCp,0.48,72,49,CCACTTACTACAACTATTGT,23,4088564
yacCp,1.0408163265306123,98,48,TCATTCGCTACAGTGTTATG,50,4083146
yacCp,0.9795918367346939,95,48,TAACTCACCTAAGGGTGAAT,47,4078838
yacCp,0.14285714285714285,54,48,CATAAGCGTCCATGTGGTAG,6,4102315
yacCp,0.04081632653061224,49,48,ACTGAGGATCCCGCGCTTAA,1,4087386
yacCp,0.14583333333333334,53,47,GGGTTTGTGGATGCGGTCAT,6,4098073
yacCp,0.3333333333333333,62,47,GCCGTCAGATGATCGCGTAC,15,4087362
yacCp,0.6875,79,47,GACATGCACTAAGGTTTAGT,32,4089532
yacCp,0.2708333333333333,59,47,CCAACTCCATTATCAATGGG,12,4092217
yacCp,0.5625,73,47,ATTGCCCCCCAAGCATCCGC,26,4079050
yacCp,0.041666666666666664,48,47,AGTAATGGCGCCGGGCCAAG,1,4094441
yacCp,0.3333333333333333,62,47,AGCCTGGAGTCAGGGGAGTG,15,4080608
yacCp,0.6666666666666666,78,47,ACGCGCTCAGCCCGGTGTCT,31,4097834
yacCp,0.3617021276595745,62,46,TTAAGCCGTGGTATGGGTAA,16,4092353
yacCp,0.0425531914893617,47,46,TCAACGTATCGGGCGAAACA,1,4097508
yacCp,0.14893617021276595,52,46,GTTTCGTTTCGCGGTATCGG,6,4083977
yacCp,0.425531914893617,65,46,GGTATCATAGGGTACGCGTT,19,4099270
yacCp,0.5319148936170213,70,46,CGTGCCACACAGCGTCGCCA,24,4092294
yacCp,0.3829787234042553,63,46,CCTCATTGTCCTCGATGTCT,17,4084171
yacCp,0.0425531914893617,47,46,ATACGGACGGTCCACTCAGC,1,4078350
yacCp,0.3191489361702128,60,46,AAGAAACTCTTGTCGTAGAT,14,4084010
yacCp,0.3191489361702128,60,46,AAATCAGAGACCTGCTTACG,14,4084446
yacCp,3.1914893617021276,195,46,AAAAACCCGGCGATAAGCTA,149,4093053
yacCp,0.043478260869565216,46,45,TGTTAGAATAGAGTTAATAA,1,4084604
yacCp,0.6956521739130435,76,45,TCTAAACGCATCAAGACAAT,31,4083970
yacCp,0.7391304347826086,78,45,GGAATAATACATAGGGATAA,33,4079169
yacCp,0.3695652173913043,61,45,GCTTCCTCTCTTGTAGAATT,16,4090591
yacCp,0.13043478260869565,50,45,GAAGGGCTGCACCGTGCCCT,5,4078707
yacCp,0.17391304347826086,52,45,CGTTCGTCATGGTCCGCTCA,7,4079302
yacCp,0.5652173913043478,70,45,ATGTAACTGAATGCGTTGCA,25,4081361
yacCp,0.6521739130434783,74,45,ATACCTCACAGAGCACCTCA,29,4080300
yacCp,1.1521739130434783,97,45,AGCATTTCCTCGAGGACTCA,52,4086624
yacCp,0.30434782608695654,58,45,AGAGCTTCGGTTGCAGGGTC,13,4091569
yacCp,0.7777777777777778,78,44,TTCTGGGAGATTCAGGTTGA,34,4089271
yacCp,0.5333333333333333,67,44,TTCACCGTTTAGGTACGCAT,23,4101409
yacCp,0.4888888888888889,65,44,TGTATCTTGGTTTGCCGCAG,21,4097794
yacCp,0.4666666666666667,64,44,TCCAAACGGTTTCACTACCG,20,4079254
yacCp,0.26666666666666666,55,44,TCAAACGTAGAGCGAACCTC,11,4089032
yacCp,0.5333333333333333,67,44,GTCTCTCCTTCGTAGGGGCA,23,4087535
yacCp,0.7111111111111111,75,44,CTGTTGAGTTGCTAAAACGT,31,4084720
yacCp,0.37777777777777777,60,44,CATCAGAACGGTAGTCGGTT,16,4096595
yacCp,0.1111111111111111,48,44,CAGCTACGGTAGTTTTATGG,4,4103688
yacCp,0.1111111111111111,48,44,AAGGATTGGGTTGCCCCTGC,4,4087531
yacCp,0.5681818181818182,67,43,TCGTTGTTGGAATTAGCGTA,24,4107328
yacCp,0.5,64,43,TAACGAATCAAAAGCTTCTT,21,4088483
yacCp,0.5227272727272727,65,43,GGTGTACAATGAATACCGAG,22,4101497
yacCp,0.045454545454545456,44,43,GGTCTAGAGGACCAGGTCAG,1,4080436
yacCp,0.045454545454545456,44,43,GCTGTTCAACTCACCCACGA,1,4111000
yacCp,0.4772727272727273,63,43,CGCCTCCGTTACGTCGTCAT,20,4100982
yacCp,0.36363636363636365,58,43,CCGCCGGCCATACGGGGACC,15,4105649
yacCp,1.2272727272727273,96,43,CCAAAGAACAGGACGAACTC,53,4089252
yacCp,0.20454545454545456,51,43,CAAGGGGATCCGTGCTAATT,8,4089132
yacCp,0.06818181818181818,45,43,AGCCACGCTTAGGAGTCTAC,2,4089531
yacCp,0.4883720930232558,62,42,TTCCTTGTATCAACCACGTC,20,4088385
yacCp,0.37209302325581395,57,42,TGTGCCTCAGCATTGACACC,15,4085229
yacCp,0.20930232558139536,50,42,TCGCGTCTCGCTCATGGTAA,8,4088809
yacCp,0.06976744186046512,44,42,GTAATGTGCGGGAACGAGAT,2,4096627
yacCp,0.5348837209302325,64,42,GGTGGCATCTCCTCAGGACA,22,4099818
yacCp,0.4883720930232558,62,42,GGGAGCAACACACCTGCGAG,20,4105002
yacCp,0.046511627906976744,43,42,GGCGGAGTATCGTAGTCCTT,1,4083844
yacCp,2.2093023255813953,136,42,GGCCCTAAGGGTTGCCCTAG,94,4093312
yacCp,0.7441860465116279,73,42,GCTTGTGACATCTACATTAA,31,4088329
yacCp,0.5348837209302325,64,42,GACTCCCTGTCCCATTCTTA,22,4081741
yacCp,0.06976744186046512,44,42,CGGGTCAGGGCCACGGTCAT,2,4080319
yacCp,0.046511627906976744,43,42,CGGATTAGGGAAGGCGTTAA,1,4095469
yacCp,0.8837209302325582,79,42,CCATACGTCTCAGGATTCTA,37,4082743
yacCp,0.3333333333333333,54,41,TCGACGAAGGCCGTCGTGTT,13,4106760
yacCp,0.11904761904761904,45,41,TATGATAGCGAACACAGGAC,4,4093772
yacCp,0.42857142857142855,58,41,TACGATAGCTCCGTGAGACC,17,4097368
yacCp,0.21428571428571427,49,41,GCTTGGGCGCGTTCTGGCGG,8,4087018
yacCp,0.5952380952380952,65,41,GATCGAAATCGCCAGCGGAT,24,4099396
yacCp,0.09523809523809523,44,41,GATCAAACCGAATTCATCCT,3,4103194
yacCp,0.19047619047619047,48,41,CTAGGCATTCCCGGAGGCAT,7,4090384
yacCp,0.8333333333333334,75,41,CCGTGTAAGATGCGTGGGCG,34,4085068
yacCp,0.5476190476190477,63,41,CCCATTCTTGTAGAGCACTA,22,4087718
yacCp,0.5,61,41,CACGGTCTGTGGATCTGATT,20,4100901
yacCp,0.14285714285714285,46,41,AATTCTCAATCTGAAAATTA,5,4084712
yacCp,1.2682926829268293,91,40,TTTCCTGTGTTCCTTTTCCA,51,4102864
yacCp,0.6097560975609756,64,40,TTGAATAACAAGGACGTAGA,24,4108713
yacCp,0.7317073170731707,69,40,TTCATAGTCCTGCTCATCGT,29,4108959
yacCp,5.975609756097561,284,40,TGTGCGCCCAAGCTCGCACG,244,4104203
yacCp,0.4634146341463415,58,40,TATCATCTCGCAGGCCGTAT,18,4090982
yacCp,0.04878048780487805,41,40,TAGCCAAGGCTCCGATTTAG,1,4094892
yacCp,0.24390243902439024,49,40,TACCGCATCTGCTAAACTTA,9,4098377
yacCp,3.024390243902439,163,40,TAAGTAGGACGCAAATTAAC,123,4107637
yacCp,0.0975609756097561,43,40,GTGTACCGAACGATTGAATA,3,4100583
yacCp,0.43902439024390244,57,40,GTGCATTAGCTTGCTTCCGA,17,4089714
yacCp,0.9512195121951219,78,40,GGAAGAAGCGGGTCTTAGAT,38,4094267
yacCp,0.6829268292682927,67,40,GATTGCACGAACTTTGTCTC,27,4109505
yacCp,0.04878048780487805,41,40,GAGCCCCACCACGGCCCCTG,1,4080073
yacCp,0.2682926829268293,50,40,GAATGTGGAGAATCCTTTTA,10,4091896
yacCp,0.4146341463414634,56,40,CTTGCGTCCGCGGTAACAAT,16,4079486
yacCp,1.4634146341463414,99,40,CTGGGAACCCTTTGTCAGTT,59,4083237
yacCp,0.6097560975609756,64,40,CGGGCTTAATCTTGATATAT,24,4103553
yacCp,0.36585365853658536,54,40,CATGTGCAGCGGAGCCGGGT,14,4080096
yacCp,0.6097560975609756,64,40,ACTTGCAGTGACAAGCCTTT,24,4081915
yacCp,0.5365853658536586,61,40,AATATACCCGCCAGATGAGA,21,4086453
yacCp,0.6585365853658537,66,40,AATACAACTGCATATCGGAT,26,4090500
yacCp,0.21951219512195122,48,40,AAATCCCTAACTGCGCTGGC,8,4099607
yacCp,1.25,88,39,TAACCTGCGGGAGTGCGCAG,49,4096332
yacCp,0.325,51,39,GGTGGACTACAAAATTGGGA,12,4084326
yacCp,1.275,89,39,GGGAAGGTCGTGTACAGCGG,50,4091459
yacCp,2.875,153,39,GGATTAGGTAGCTAGCGTAT,114,4078926
yacCp,0.05,40,39,GGAGATGAGCTGTCATCAGT,1,4105991
yacCp,1.45,96,39,CTGTAGGCGACCGCAACGCA,57,4094692
yacCp,0.975,77,39,CTAGTATGGACTTCAAAAGT,38,4107189
yacCp,1.375,93,39,CGATCAACGCCGTCATTGGT,54,4110297
yacCp,0.375,53,39,CGATAAGTCGCTACTCTAAC,14,4078509
yacCp,0.05,40,39,CGACTCAGTGTCGCAGAAGC,1,4090149
yacCp,6.625,303,39,CACCAAAGCGGCAAGTCCAT,264,4087797
yacCp,0.425,55,39,ATCGATCTGAATGAACTTAC,16,4091703
yacCp,0.725,67,39,ATATACCCTCGGGCCATGAT,28,4083617
yacCp,0.23076923076923078,46,38,TTGACGTCATACGGTTTTTA,8,4083299
yacCp,0.05128205128205128,39,38,TCTCTCAACGGGTCCGTTAT,1,4086036
yacCp,0.7692307692307693,67,38,TCGCGGACGATTGAATCGGA,29,4099530
yacCp,0.8461538461538461,70,38,TACTCCCCCGTTACGCACTG,32,4101542
yacCp,0.7948717948717948,68,38,GCTGGCAGTTCCATATCCGT,30,4087706
yacCp,0.41025641025641024,53,38,GATGGCTAAAACTCAAACAG,15,4089221
yacCp,0.9743589743589743,75,38,GAGAGGACCGTTTCTACCGT,37,4086064
yacCp,0.38461538461538464,52,38,GAATCTGTCAATATATCCAG,14,4094761
yacCp,0.15384615384615385,43,38,CTGCCGTACATCATTTTTCT,5,4090220
yacCp,0.05128205128205128,39,38,CGAGGTCAATAGCCCTGCGC,1,4093368
yacCp,0.8461538461538461,70,38,CCCGGGGCGCTGATTCTTCT,32,4091159
yacCp,0.5897435897435898,60,38,CAGTGGCTACCAGAGACGGG,22,4107745
yacCp,0.3333333333333333,50,38,AGTGGATAAAATGGGGCTGG,12,4080706
yacCp,0.2564102564102564,47,38,AGGGGCGTCTAAGGGTATAT,9,4093027
yacCp,0.3076923076923077,49,38,ACAGCAGATCGAATGAGGCT,11,4087203
yacCp,1.5526315789473684,95,37,TTCCCCATGAAACGTCTTTT,58,4080970
yacCp,0.39473684210526316,51,37,TACTGAATTAATAATCGGTA,14,4107793
yacCp,1.368421052631579,88,37,GTGTTCCCCACATCTTTATG,51,4097010
yacCp,0.15789473684210525,42,37,GGTAATTATATCACCCCATA,5,4106069
yacCp,0.9210526315789473,71,37,GGGAAAAAAGGCTCCGAACT,34,4089189
yacCp,0.15789473684210525,42,37,GAGTACATATTGTGCACCAC,5,4102062
yacCp,0.2894736842105263,47,37,CGACAGCTCACACCGGTATT,10,4106613
yacCp,0.39473684210526316,51,37,CCAGCGTCAAAACCTCCTAG,14,4093889
yacCp,0.21052631578947367,44,37,ACCCGGACTTAACTTGCTTA,7,4104171
yacCp,0.4594594594594595,52,36,TGTGCCTTGTGGAGCGACGT,16,4101420
yacCp,0.13513513513513514,40,36,TGTGAGTCAGAGTGACCCGC,4,4088984
yacCp,0.4864864864864865,53,36,TGTCAACTTTCGCCGAGTTT,17,4104215
yacCp,0.13513513513513514,40,36,TCTCACGAGCGTTCTTTTGA,4,4089233
yacCp,0.40540540540540543,50,36,TAGAACCGTCCGCGGGATGG,14,4078447
yacCp,0.10810810810810811,39,36,GTTACAGCATGTCAAAACGA,3,4091163
yacCp,0.7837837837837838,64,36,GTCCGAACGGAGTGGTCTGT,28,4102138
yacCp,0.4594594594594595,52,36,GAGTAGAGACGGAGGAGACA,16,4089250
yacCp,0.5945945945945946,57,36,CGGTATGTCAGTAACTCGGT,21,4085710
yacCp,0.21621621621621623,43,36,CCTTAATTTGCGAACACCAA,7,4094791
yacCp,0.16216216216216217,41,36,CAGTTGTCAGGCGGCCGCAT,5,4081717
yacCp,0.10810810810810811,39,36,ATCTCAAAAAGTGGCTACTA,3,4081099
yacCp,0.7027027027027027,61,36,AACCCTTCAGGATTACGATC,25,4108375
yacCp,0.08333333333333333,37,35,TTTTGATGTAGGAAAACTTA,2,4093492
yacCp,0.5,52,35,TTTTCTGCTTCATCAACACT,17,4089655
yacCp,0.3888888888888889,48,35,GATGGTTTTGGAGGATCGGT,13,4084421
yacCp,0.9166666666666666,67,35,CTCGTGGTCTCGTAAGTGCG,32,4087274
yacCp,0.7777777777777778,62,35,CGGTGCCCTTTTCCTTAGAC,27,4094402
yacCp,0.05555555555555555,36,35,CGATAGCAGTCGCTGAGGAC,1,4110175
yacCp,1.0277777777777777,71,35,CCGAGCTATGCGATCATGCT,36,4106334
yacCp,0.4444444444444444,50,35,ATCCCTTCTCAGATCTAATT,15,4101695
yacCp,0.25,43,35,ATATAGTTTGGTAACAGAGA,8,4090754
yacCp,0.4722222222222222,51,35,AGTTTCCTGAACCCTACTTT,16,4080357
yacCp,1.4722222222222223,87,35,AGTGGTCCCGTGCAGAGTAT,52,4089750
yacCp,0.4722222222222222,51,35,ACGGGGGTTTGACGCTCGGT,16,4093021
yacCp,0.5,52,35,ACCCCTAGCATGAACCTTTT,17,4100434
yacCp,1.4444444444444444,86,35,AAAGGGGCGGTACGCGGCTA,51,4087685
yacCp,0.14285714285714285,38,34,TTGGTTCTTTTACGACTGAG,4,4080430
yacCp,0.14285714285714285,38,34,TTAATTGGTCCAATACCACC,4,4109192
yacCp,0.45714285714285713,49,34,TGCTCTATTGGGCACCCCAG,15,4101693
yacCp,0.17142857142857143,39,34,TGATACTCCAGATCCCAGCA,5,4090578
yacCp,0.6,54,34,TAGTTTGACGCTAGGCACCT,20,4091883
yacCp,0.42857142857142855,48,34,GTCTAGCAACGCTGACGAAC,14,4096303
yacCp,0.9714285714285714,67,34,GCCACAGGCAGTAACCGGCC,33,4088264
yacCp,0.7142857142857143,58,34,GATTCCCTCCCGAGCTATAT,24,4087338
yacCp,0.6,54,34,GATCTCGTAACTAAACTCTA,20,4085458
yacCp,0.37142857142857144,46,34,GAGAAGTGCTTAAGCCGCCG,12,4078799
yacCp,0.2,40,34,CGCCGCTAGTATCACGTAGG,6,4078474
yacCp,0.22857142857142856,41,34,CCTTAGGGCCTGACAGACAG,7,4094374
yacCp,0.17142857142857143,39,34,CCTCGAAATACTAGATATCT,5,4111310
yacCp,0.08571428571428572,36,34,CCGTAGCTCAATTCCATACA,2,4086638
yacCp,0.9142857142857143,65,34,CCGAAAGCCTTAAGGTCTCG,31,4087218
yacCp,0.4857142857142857,50,34,ATTGTATTCGGGACTTAACT,16,4104991
yacCp,1.2571428571428571,77,34,ATGAGAATGTTATAGCCCCT,43,4098659
yacCp,1.0857142857142856,71,34,ATAGTCCTCCAGGGCAGAAT,37,4079328
yacCp,0.42857142857142855,48,34,AGTCACCGTTTTGAGGTTTC,14,4085868
yacCp,1.1142857142857143,72,34,AAGCGAAGTATAAAAGGAAT,38,4103405
yacCp,0.17142857142857143,39,34,AAAGGGCATCCGCGGGGATT,5,4098379
yacCp,0.4117647058823529,46,33,TGTTTGTACAGGATAAATAA,13,4084319
yacCp,0.5588235294117647,51,33,TGTTGGTAAACCGGTCGCAT,18,4092555
yacCp,0.08823529411764706,35,33,TGATCTGGGCGGCATGTTGT,2,4103605
yacCp,0.5588235294117647,51,33,TCTTGCGGTATTTCCTCGTT,18,4088808
yacCp,0.6176470588235294,53,33,TCTGCAATCCTAAGCTGCTT,20,4088326
yacCp,1.5,83,33,TCGAAATCGAGCCGTGCCAA,50,4102493
yacCp,0.29411764705882354,42,33,GGCTTTGGTGGTCTCGTGCT,9,4085640
yacCp,0.8235294117647058,60,33,GGCTAGGCCAAGGTCTAGTG,27,4078949
yacCp,0.2647058823529412,41,33,GCCGCAAAGCCACTGCTCTC,8,4098331
yacCp,0.058823529411764705,34,33,GCCAAAGAGAGAACGATATA,1,4095104
yacCp,0.058823529411764705,34,33,GAATTGCGCCAGCACTCGGA,1,4086887
yacCp,2.0294117647058822,101,33,CTTTCGACGCTCTGCCTTAT,68,4079243
yacCp,0.9117647058823529,63,33,CGGTTCCGGGAGGGGAGGTA,30,4096706
yacCp,0.6470588235294118,54,33,CCGTGCCTTTTCCGCGGCAT,21,4103887
yacCp,0.11764705882352941,36,33,CAAGGTGACACTCTTATATG,3,4088402
yacCp,0.35294117647058826,44,33,ACGGGTTCAGAGTTCAGGCT,11,4093025
yacCp,0.058823529411764705,34,33,AAGGGCTAAAGCGCCTAATA,1,4089382
yacCp,0.5151515151515151,48,32,TTCCCATTGCACACGTGAAG,16,4112573
yacCp,0.06060606060606061,33,32,TTCAACAAAGGAACGATCGA,1,4079975
yacCp,0.8181818181818182,58,32,TTAAGAGCCATCAATTCCGT,26,4090571
yacCp,0.21212121212121213,38,32,TGAGATGTGAATAGCATCGT,6,4099163
yacCp,0.9393939393939394,62,32,TCTCGAGACCCGCAACATCA,30,4098619
yacCp,0.15151515151515152,36,32,TCCTAGTCCAGCCCAAAATC,4,4094686
yacCp,0.8484848484848485,59,32,TAGAGAATCTTCATAGCCGG,27,4078688
yacCp,0.9393939393939394,62,32,GTTCACCGACTCTAGAGTGA,30,4088450
yacCp,0.7575757575757576,56,32,GGTCCACGTGACATCTCAGG,24,4095337
yacCp,0.06060606060606061,33,32,GCGTGGCCGGCAATTAAATC,1,4106362
yacCp,1.121212121212121,68,32,GAGACTTCTAGAATTATAAT,36,4084993
yacCp,1.9696969696969697,96,32,GACCGTTTAGCGTCTTGCCC,64,4099891
yacCp,0.09090909090909091,34,32,CTGAGTATTAAGGGCGGGAT,2,4080209
yacCp,0.06060606060606061,33,32,CGGGCGACTTACTCGGGTGC,1,4079414
yacCp,0.8484848484848485,59,32,CGAAGGGCATCCCAAGCCTC,27,4097895
yacCp,0.5151515151515151,48,32,CAGCTAAACCATCAGGTAAG,16,4082504
yacCp,0.45454545454545453,46,32,ATTAGCTACGACCATCATGG,14,4083048
yacCp,0.06060606060606061,33,32,ATGAAGGGCTGCTCGGGATC,1,4080924
yacCp,1.4545454545454546,79,32,ATATACATACCCGCGACAGA,47,4088542
yacCp,1.9090909090909092,94,32,AGGTTGGCATCCAGACACTA,62,4086970
yacCp,1.2727272727272727,73,32,AGGTACCGTGGCCAAGGGGA,41,4086723
yacCp,1.7575757575757576,89,32,AGAAGGATCCTCGGCAGGCA,57,4109304
yacCp,0.3939393939393939,44,32,ACAGATCGAGAGACGTGCTA,12,4081350
yacCp,0.42424242424242425,45,32,ACACTATTGTGGACAAGTAC,13,4088478
yacCp,0.09090909090909091,34,32,AAGATCAATGAGGTTCGGGG,2,4109308
yacCp,0.28125,39,31,TTCGGGGCTGATGGGCAGGT,8,4110382
yacCp,0.0625,32,31,TTAGAAAACCTAGGTCGCAT,1,4105887
yacCp,2.96875,125,31,TGTATACTAATCTCCTATGA,94,4091534
yacCp,1.40625,75,31,TACTTAGCTGTATAGTAAGG,44,4082030
yacCp,0.40625,43,31,TACATTCAAAGCATGTAAAT,12,4110505
yacCp,0.28125,39,31,GTCTATCTATCATCGTGTTG,8,4099005
yacCp,0.53125,47,31,GGGATAAACACGGGTCATTG,16,4095349
yacCp,0.15625,35,31,GGGACCCCTTCATGGGCAGG,4,4081353
yacCp,0.375,42,31,GGCGGTCTATCGTGAAGCGG,11,4091570
yacCp,0.3125,40,31,CTTTAGCAGTGGCTGAGGTA,9,4079257
yacCp,0.625,50,31,CTTCGTCACTGGCTGTATCA,19,4087514
yacCp,2.15625,99,31,CTATTTCCCGTTTTGGACGT,68,4089097
yacCp,0.09375,33,31,CGCTACATCTATTTTGTATA,2,4082675
yacCp,0.84375,57,31,CGCCTCCTGTTCCAAAACTG,26,4105198
yacCp,0.28125,39,31,CCTGTAGCTGTTCTTTTGGT,8,4088903
yacCp,0.28125,39,31,CCATTTTCGGACCTATAGCG,8,4099404
yacCp,0.34375,41,31,CAAATGTAGAATGTTGTACA,10,4092168
yacCp,0.28125,39,31,ATTCGGGCAAGTCTAAGCCT,8,4109443
yacCp,0.6875,52,31,ATGCGGGAGAGTGTTTCATA,21,4081687
yacCp,0.71875,53,31,ATCTTCGTACCCAGTCTTGT,22,4111127
yacCp,1.03125,63,31,ATATTATGGATTTGCCTCGT,32,4086987
yacCp,0.09375,33,31,AGGGCTAGTTTGCTGTACTT,2,4089379
yacCp,0.4375,44,31,AGGCGGTATTTAGAGGGCTT,13,4099848
yacCp,0.6875,52,31,ACTTGGATGTCTAATTGTCT,21,4100499
yacCp,0.46875,45,31,ACGTTCGCGGGTTATGTTCT,14,4103092
yacCp,0.125,34,31,ACCAAGGTAAGGTTGCGCGC,3,4092791
yacCp,1.03125,63,31,AATACGACCGAGCCTGCATG,32,4081102
yacCp,1.21875,69,31,AAGCCAGTGTAACTCAAAGA,38,4097469
yacCp,1.064516129032258,62,30,TTTTGTTTGCAGGGTTAAAA,32,4078928
yacCp,0.6451612903225806,49,30,TTGTGGGTTTAGACCAGCCT,19,4085367
yacCp,2.129032258064516,95,30,TGTCTAAGGTTCGTGTACCT,65,4111610
yacCp,1.2580645161290323,68,30,TGGGTTGACGCGTCTGTGTC,38,4100280
yacCp,0.3548387096774194,40,30,TGGCAATCCATCTGGGGTTT,10,4095729
yacCp,10.0,339,30,TGAGTGGGGGCTTAATTGCG,309,4095331
yacCp,0.1935483870967742,35,30,GTTGTGGCGGACGTAGAGGT,5,4086057
yacCp,0.5161290322580645,45,30,GTGAGGGCCAATTACATCCC,15,4103017
yacCp,1.032258064516129,61,30,GTGAGCTGTAACTTACCTAC,31,4112892
yacCp,0.4838709677419355,44,30,GTCGATACACTTTCTCGAAG,14,4082776
yacCp,0.25806451612903225,37,30,GTATACATGACGGGATAACG,7,4106644
yacCp,0.7096774193548387,51,30,GGGCCTGGCCCCGCGCATCT,21,4102803
yacCp,1.6129032258064515,79,30,CTGTTGTAGCTTGATTTGAA,49,4107536
yacCp,0.3870967741935484,41,30,CGTGCACCGCTTGGGAAGAA,11,4109963
yacCp,0.8387096774193549,55,30,CGCTGGTCCGATCCGTTTAC,25,4104366
yacCp,0.45161290322580644,43,30,CGAGTCGCTGGTTTTGGTTA,13,4096271
yacCp,0.45161290322580644,43,30,CCCAAGCCACTGTCCGCGTG,13,4097247
yacCp,1.1612903225806452,65,30,CCAAGATAAAAGCTCTGACT,35,4090540
yacCp,0.8709677419354839,56,30,ATGGACTTAAACCAATATCT,26,4092481
yacCp,0.8709677419354839,56,30,ATGAGTTTTGTCACGTCTTA,26,4097158
yacCp,0.45161290322580644,43,30,AGACCACGTGCTCTAACATA,13,4097922
yacCp,0.7419354838709677,52,30,AGAATTGGCGCGATGTAAGT,22,4095779
yacCp,0.7741935483870968,53,30,ACAGAAACGGTTCCGGGTGC,23,4091401
yacCp,0.7096774193548387,51,30,ACAATAATGGTAGTGCGTAT,21,4080556
yacCp,0.5483870967741935,46,30,AATCCTCAGCCCACTCCTAG,16,4084255
yacCp,0.4838709677419355,44,30,AATAAGTCTTATCTCGATGA,14,4091241
yacCp,2.4,100,29,TTGGAGTCGGTCGGTATCGG,71,4083586
yacCp,1.2666666666666666,66,29,TGGGCTAGAAATACTAAACA,37,4093113
yacCp,0.8333333333333334,53,29,TGGAAAACGTTATAGCATTA,24,4082280
yacCp,0.3333333333333333,38,29,TAGAAAATGATGTCAAAACC,9,4088934
yacCp,1.0333333333333334,59,29,TACGTGTACCTTAGGAACGT,30,4082225
yacCp,0.13333333333333333,32,29,GTCCCGAAAACTTTCGTGCC,3,4085811
yacCp,0.7666666666666667,51,29,GGTCGAGCGTTTGGCCAAAG,22,4090104
yacCp,0.8666666666666667,54,29,GGGCATCAAGAGCAGGTCAA,25,4085429
yacCp,1.6,76,29,GGCTCTAATGCCTAATGTAT,47,4090780
yacCp,1.3,67,29,GGCCCTTAGGCCTGTACGTA,38,4087998
yacCp,2.9,115,29,GAGGCGACGGCCGAAATACG,86,4091294
yacCp,0.6,46,29,GAAGTGTCCATCGGCTCACC,17,4111914
yacCp,1.9,85,29,CTGTTCTGCGCTGTCGCACA,56,4102216
yacCp,0.1,31,29,CTGGGGCGGCCATATTACCC,2,4089916
yacCp,0.9666666666666667,57,29,CGTTAGGAATCACGCCTCGA,28,4087082
yacCp,0.13333333333333333,32,29,CGGTTATAGATGGTTTGAAA,3,4108581
yacCp,0.16666666666666666,33,29,CGGTCGGGAGCGAAGGGGCA,4,4094403
yacCp,0.06666666666666667,30,29,CGCATCGAACCGGGGGTCTA,1,4086011
yacCp,2.3,97,29,CCTGCAATGTATCAGTGATT,68,4102079
yacCp,1.7,79,29,CCCTTGGCCACTCGGTTTTG,50,4109660
yacCp,1.5666666666666667,75,29,CATTTCGCCGGTGTGGACGG,46,4085110
yacCp,0.8,52,29,CAGGCGGGGGCAGCACGCAG,23,4097150
yacCp,0.06666666666666667,30,29,CACAGTCTATGTTGAACTGT,1,4086989
yacCp,0.36666666666666664,39,29,ATTTACCTGGTGTTAGCCCT,10,4087027
yacCp,1.2,64,29,ATTGCGTTGGGTCTTTACCT,35,4102505
yacCp,0.6,46,29,ATGCTTTTCACCGGTCAGTC,17,4111005
yacCp,0.13333333333333333,32,29,ATGAGCCCGTGGGCACCCAC,3,4088188
yacCp,0.3333333333333333,38,29,ATATTTTGAATAGCCTCAGG,9,4099672
yacCp,0.8666666666666667,54,29,AGTGTGTTCATCTAGCGGGA,25,4099453
yacCp,0.3,37,29,AGTCGTCACGTCAGTAGGCA,8,4082261
yacCp,0.8,52,29,AGGGGCTACTATTCCCGGAT,23,4079914
yacCp,0.36666666666666664,39,29,AGGCTCGAAAGTACTATGGG,10,4101812
yacCp,0.7333333333333333,50,29,AATTGCGATCACTGGGATGT,21,4091327
yacCp,2.7,109,29,AATAGTCACTCTGCAGGAAC,80,4111373
yacCp,2.6666666666666665,108,29,AAATTACGCCTACCGCCTTA,79,4083017
yacCp,1.3666666666666667,69,29,AAACCGGATCGGGATTTTTG,40,4106672
yacCp,0.3793103448275862,38,28,TTGCTAAAGGTTCGAACCCA,10,4092588
yacCp,0.5172413793103449,42,28,TTGATCCTACGTCTCCCCTA,14,4111440
yacCp,4.379310344827586,154,28,TTCCATGGGGTGACCGACGT,126,4083147
yacCp,0.3793103448275862,38,28,TTACTGTGAGAGGATTTGGT,10,4082126
yacCp,0.5517241379310345,43,28,TTACTCGGCCTACAACTTTG,15,4083486
yacCp,0.9310344827586207,54,28,TGTTATTGCTTAACCTATAC,26,4088065
yacCp,3.2758620689655173,122,28,TGTCGGGCGTGCGTCCGGCA,94,4079004
yacCp,0.20689655172413793,33,28,TGGCAAGCGGCGGCCCCTCT,5,4094285
yacCp,0.5862068965517241,44,28,TACTTCGTTTCCGTTACCAT,16,4096979
yacCp,0.2413793103448276,34,28,TACGTTAGGTGGCATCAAGG,6,4085929
yacCp,1.8275862068965518,80,28,GTTGGACCGAGCTCTGAACA,52,4083888
yacCp,0.20689655172413793,33,28,GTGTCTCAATTAGAAAAAAT,5,4099375
yacCp,0.1724137931034483,32,28,GTGAAATCTTGATCGGTGTA,4,4083818
yacCp,0.13793103448275862,31,28,GTCAGGGAATCCCTCGGCTT,3,4087033
yacCp,0.1724137931034483,32,28,GGGCCTCCAGGATCGCTCCT,4,4087620
yacCp,0.5517241379310345,43,28,GCTTGTGTCCAAAGCTCGTT,15,4101068
yacCp,0.06896551724137931,29,28,GCATGTAGTGCTGGTGCATT,1,4094932
yacCp,0.3103448275862069,36,28,GCACAGCAACCATCAAATGA,8,4109079
yacCp,0.06896551724137931,29,28,GATAGTTTTCTGTTCTTTAC,1,4094603
yacCp,1.5172413793103448,71,28,CGTTGCCTAAACTGAGCCAT,43,4088285
yacCp,0.27586206896551724,35,28,CGGCCAGATATGGCGTACGT,7,4099503
yacCp,0.8620689655172413,52,28,CGAGATGCGGCCCCTGGCCG,24,4111388
yacCp,0.9310344827586207,54,28,CCTAGGCACGGTCGGCGGTT,26,4081564
yacCp,0.7931034482758621,50,28,CCGAGCTGTGTTAATCAGGG,22,4095857
yacCp,0.06896551724137931,29,28,CCCACTTACATCCGTGCACG,1,4087650
yacCp,1.2758620689655173,64,28,CCATAGCCTGTATACAGGCG,36,4104637
yacCp,0.06896551724137931,29,28,CCAAGAGCGCTACATGGTTG,1,4111611
yacCp,1.1724137931034482,61,28,CAGGACTAAGAGTCTAAAGG,33,4100781
yacCp,2.1379310344827585,89,28,ATTCTATATAGGTAATATTA,61,4111526
yacCp,0.10344827586206896,30,28,ATCTCCTAGCTTGTCGTTGA,2,4107958
yacCp,0.7586206896551724,49,28,ATAGTCAAGACTAATCCGCA,21,4089165
yacCp,0.2413793103448276,34,28,AGTTCGCTCACGTGTGGAAA,6,4097854
yacCp,0.41379310344827586,39,28,AGGCGCAGGGTCACAGATGG,11,4090089
yacCp,0.20689655172413793,33,28,AGATGCCTGTTTTCCGTAAT,5,4079808
yacCp,0.06896551724137931,29,28,ACTCCAACGGAAGGTTATCT,1,4082072
yacCp,0.06896551724137931,29,28,ACAGCCTGTTTGGTGTAATT,1,4091730
yacCp,0.06896551724137931,29,28,ACACACGGGCGGAGTAAACA,1,4094059
yacCp,0.10344827586206896,30,28,AATCGAGCAATCCACCCGAG,2,4079209
yacCp,0.06896551724137931,29,28,AAGCATCTGTTGGCATACTA,1,4089081
yacCp,0.9285714285714286,52,27,TTGCATATCAGCGGAATATG,25,4097989
yacCp,1.7857142857142858,76,27,TTCCTTAGTTCGTAACCGAA,49,4094830
yacCp,0.9642857142857143,53,27,TTAGGCGGGGAAAATGAGGC,26,4080424
yacCp,0.7857142857142857,48,27,TGGGTGTATGTTCTGGTATA,21,4100266
yacCp,1.1785714285714286,59,27,TCTTCACTGGCGTCACCGGC,32,4081172
yacCp,0.35714285714285715,36,27,TCATGGAGGACATTACTAAA,9,4079956
yacCp,0.39285714285714285,37,27,TCATCCGTGCGATAGCTTCC,10,4092117
yacCp,1.0357142857142858,55,27,TCAGTGTCACAATAGGGATT,28,4084008
yacCp,0.07142857142857142,28,27,TATTGGCCGGTTAAGTGGGA,1,4090174
yacCp,0.07142857142857142,28,27,TAGTAGTACAAGTGAGTGCC,1,4084861
yacCp,0.8214285714285714,49,27,TACCGCATCTGGTCTCATGT,22,4097009
yacCp,0.07142857142857142,28,27,GTGACCAGTTATGGTCCCAT,1,4093404
yacCp,3.6785714285714284,129,27,GTAGGATTCGGCCCATTACA,102,4109428
yacCp,1.1071428571428572,57,27,GGTTTTCGGCTAAGCTAAGT,30,4101097
yacCp,0.8928571428571429,51,27,GGTACTCCCCTCCGTGGCAA,24,4094400
yacCp,0.6785714285714286,45,27,GGTACCAATGCCCCGCTAGA,18,4087264
yacCp,0.07142857142857142,28,27,GGGTCTTGTCGCGCAACTTA,1,4090332
yacCp,2.107142857142857,85,27,GGGGGTAAAGCGTGTCCGGT,58,4090263
yacCp,1.6785714285714286,73,27,GGCCTCCGAATTAATATAAT,46,4095641
yacCp,0.5,40,27,GCTTGGATTGCTATTAGTGC,13,4078787
yacCp,0.07142857142857142,28,27,GAGCAGGCATACACTCATGT,1,4090843
yacCp,0.07142857142857142,28,27,CTTATTGCAAACAAGCTCTC,1,4096690
yacCp,0.07142857142857142,28,27,CTGTTTACCTGTGGTTAATG,1,4090984
yacCp,1.3571428571428572,64,27,CTAGAGACACGTGTATTAAT,37,4088679
yacCp,4.0,138,27,CGTAAGTACCGCGATGCCGT,111,4083036
yacCp,0.8928571428571429,51,27,CGCTACGCATTCGTAGCAGC,24,4089474
yacCp,0.9285714285714286,52,27,CCGTGAAGATTCCAAGTTGA,25,4090502
yacCp,0.07142857142857142,28,27,CCACCTGTGTACGACGCCAG,1,4106241
yacCp,0.21428571428571427,32,27,CCACCCTGAGCATAGGTCTT,5,4089984
yacCp,1.3214285714285714,63,27,CAGCACTTCTCGAAAAGTCT,36,4097502
yacCp,0.5,40,27,CACATTGCCGACGTTTTTCT,13,4096428
yacCp,0.39285714285714285,37,27,CACACTTGATTTAGTAAGTA,10,4100276
yacCp,0.5357142857142857,41,27,CAACCAGCGCACGGGCGACA,14,4101322
yacCp,1.3214285714285714,63,27,ATTCCCTTTTGGCCTCGATC,36,4111374
yacCp,0.42857142857142855,38,27,ATGCCATGAGATAAGTACCT,11,4090963
yacCp,0.5357142857142857,41,27,ATCTGGCAAAGAAAACAACT,14,4102701
yacCp,0.5714285714285714,42,27,ATCTACTAGAGCTGTGAGCT,15,4085723
yacCp,1.3214285714285714,63,27,AGCTCTCTCCGGGTTGGTAA,36,4086538
yacCp,0.8571428571428571,50,27,AGAGGAATGAAGCCGCGACA,23,4096568
yacCp,0.2857142857142857,34,27,ACGGTTAGGAACACGCATAG,7,4090221
yacCp,0.5357142857142857,41,27,AACATTACCGTCTTCTCCTG,14,4078930
yacCp,0.6785714285714286,45,27,AAAGAGCCATCGAACAGCTT,18,4082653
yacCp,0.8214285714285714,49,27,AAAACACCACCGCATAGACA,22,4088247
yacCp,0.8888888888888888,49,26,TTGGCCCATGCCCTAGAGGT,23,4107448
yacCp,1.3333333333333333,61,26,TTCGACGACCGTACGTCATT,35,4083015
yacCp,1.8148148148148149,74,26,TTATTTTATAACCAGACCTC,48,4100783
yacCp,0.7777777777777778,46,26,TGTATTGAACAGGTAAGTCT,20,4096567
yacCp,0.07407407407407407,27,26,TGCTATGGATCCGTGGCCTA,1,4090789
yacCp,0.7407407407407407,45,26,TGATAAATGTAAGCAAGACC,19,4089303
yacCp,0.18518518518518517,30,26,TCTGCCGCTTTTAGCTAACT,4,4080555
yacCp,2.4074074074074074,90,26,TCACGAAGCTATTCTACTGT,64,4104643
yacCp,0.5185185185185185,39,26,TAGATAACCTACGGAGGGCA,13,4088128
yacCp,0.6296296296296297,42,26,TAGACGGGGACCGACGATAT,16,4092817
yacCp,0.8888888888888888,49,26,TACCATAGATTTTCGTTAGT,23,4091520
yacCp,1.3703703703703705,62,26,TAACCGGGTCGATAATCTAT,36,4102491
yacCp,2.2962962962962963,87,26,TAACCAATCGCTCTAAGGGA,61,4106422
yacCp,0.3333333333333333,34,26,GCTTTCTAAGAATCGGCAGT,8,4087367
yacCp,0.1111111111111111,28,26,GCATTAGGGGTTACAATGGT,2,4078798
yacCp,0.1111111111111111,28,26,GCAGAAGCTGTAGTACAACA,2,4104766
yacCp,0.8148148148148148,47,26,GATTCGCGATTTGCCATATC,21,4083913
yacCp,0.14814814814814814,29,26,GAACTGCTTTAAGTTACAAT,3,4083665
yacCp,0.07407407407407407,27,26,CTCTCGGGAACGGGAGCCAT,1,4082612
yacCp,0.25925925925925924,32,26,CTCAGAAGAACCGGCAATGG,6,4080494
yacCp,1.4814814814814814,65,26,CGCTGTAGGCTTGTTATGCA,39,4105423
yacCp,0.3333333333333333,34,26,CGAGCATGCGGCATGGAAGC,8,4099729
yacCp,0.18518518518518517,30,26,CGACGGGACGATGTATTCGC,4,4095513
yacCp,0.1111111111111111,28,26,CCTCGTGTTGCGAGGAGGCT,2,4087050
yacCp,1.2962962962962963,60,26,CCAGCGACATTGTCGTAGTC,34,4078991
yacCp,0.07407407407407407,27,26,CAGGCTTCATAGCCAACTTA,1,4096915
yacCp,0.6666666666666666,43,26,CAGGAGTTACTCTGTCATCT,17,4111784
yacCp,0.07407407407407407,27,26,CAGAAAGGAGGCAGTGAGAG,1,4084815
yacCp,0.7037037037037037,44,26,ATCGCAAAGAAAATAAAAGT,18,4084513
yacCp,0.8888888888888888,49,26,ATCGATCAGATCTAATACCA,23,4096542
yacCp,0.37037037037037035,35,26,ATATGCGTCGCCTGAGTACG,9,4083955
yacCp,0.6296296296296297,42,26,AGTGGGGCGACAAGGTTCCA,16,4079678
yacCp,0.5555555555555556,40,26,AGGGTATTCTAAGGAGTATT,14,4079283
yacCp,0.07407407407407407,27,26,AGGATAGACAGGGGAACTAA,1,4079870
yacCp,1.4074074074074074,63,26,AGCGGCTTTCAGCGTGATAC,37,4109458
yacCp,0.1111111111111111,28,26,ACTTAGACTTGATTCAGTGT,2,4109134
yacCp,0.8518518518518519,48,26,ACTCGGCCATAGCAAGGAAC,22,4078476
yacCp,0.07407407407407407,27,26,ACTAACAAAAGTATATGTAA,1,4110031
yacCp,0.18518518518518517,30,26,ACGTGCTAAGCGAGATCATA,4,4081073
yacCp,2.185185185185185,84,26,ACGGCAAAGATTCGATGCAA,58,4102566
yacCp,0.07407407407407407,27,26,ACGATAATCCAAATGGCATG,1,4104211
yacCp,0.07407407407407407,27,26,AATGGTCATTATGCGGTGCT,1,4085058
yacCp,2.814814814814815,101,26,AAGCGAGGTAATATCACCTA,75,4096374
yacCp,0.37037037037037035,35,26,AAGCCCTCCGCACCATTTCA,9,4095300
yacCp,1.1538461538461537,54,25,TTTCAGGGCTATCAGGCTCG,29,4094169
yacCp,0.7307692307692307,43,25,TTGTGGCGCCTCCAGGACCT,18,4098563
yacCp,0.11538461538461539,27,25,TTGGAATGACGCGAAATTCC,2,4079303
yacCp,0.11538461538461539,27,25,TTACACGGAGCGATTATCGA,2,4091121
yacCp,2.076923076923077,78,25,TGGACATGAGTGTCACAGGT,53,4083014
yacCp,0.6923076923076923,42,25,TGACAACATTGTCGGGCGCA,17,4107594
yacCp,0.07692307692307693,26,25,TCGGACCGAACGGGTGAGAT,1,4087254
yacCp,1.8076923076923077,71,25,TCACTCAACCGTTACTTATA,46,4078666
yacCp,0.8461538461538461,46,25,TAGATTGCTAGACAGTGTAA,21,4101774
yacCp,0.07692307692307693,26,25,TAGAAAGGGTCTTCTGGGAG,1,4092445
yacCp,0.7307692307692307,43,25,GTTGTATTGAGTTCGTAAGC,18,4095645
yacCp,1.2307692307692308,56,25,GGTGCAGCCGCGTAAAGCGA,31,4079172
yacCp,0.38461538461538464,34,25,GGAATTTCAACTCAAGAGGT,9,4090827
yacCp,0.38461538461538464,34,25,GCGGATTCGGCGACCTGCAG,9,4101141
yacCp,3.4615384615384617,114,25,GATAATATTCTACCCCCCTT,89,4079720
yacCp,0.4230769230769231,35,25,GAGTCACAGTGGTTCTGCGT,10,4093219
yacCp,3.0,102,25,GACCCGGGTCGTAGGCTTCA,77,4103551
yacCp,1.3461538461538463,59,25,CTTCGGCAACATCTTGTCTA,34,4091897
yacCp,0.07692307692307693,26,25,CTGGAGTCTGAACAGCGAAA,1,4083259
yacCp,1.1153846153846154,53,25,CGCGCTTATGCGGATCGCGT,28,4091851
yacCp,0.19230769230769232,29,25,CGAAATAGAACAAAGCTTGT,4,4082599
yacCp,0.5769230769230769,39,25,CCGTTGAAAGCTGGCTCCCA,14,4098226
yacCp,0.4230769230769231,35,25,CCATCGTTGAGTAGCTAATG,10,4092025
yacCp,0.6538461538461539,41,25,CAGGTCGGCTCGCGGAAGAC,16,4100698
yacCp,0.8461538461538461,46,25,CACGATCAACCAAGCTTAAC,21,4090349
yacCp,0.07692307692307693,26,25,ATTTACGTACGTACGAACTC,1,4081004
yacCp,0.9230769230769231,48,25,ATGTCCGGGCGCTAGGTACA,23,4096155
yacCp,0.4230769230769231,35,25,ATCTGGTTGCTTATAATGCT,10,4081138
yacCp,2.0384615384615383,77,25,ATCGGACCTCCCAGCGCCAA,52,4091077
yacCp,0.07692307692307693,26,25,ATAGGTGGCCATTACTCCAC,1,4106589
yacCp,0.07692307692307693,26,25,AGTAGGATATTTGGAGGAAC,1,4089339
yacCp,0.2692307692307692,31,25,AGCTTCAAGAACTACGGTGA,6,4103193
yacCp,0.7692307692307693,44,25,ACACCACTTACCTGACGGTC,19,4098291
yacCp,0.19230769230769232,29,25,AAGCTACTTAGGCTGAATGT,4,4080395
yacCp,1.48,60,24,TTTTTAGGTGTGTAGTGCGT,36,4103283
yacCp,0.36,32,24,TTGGTAATACAGAAAGATTA,8,4085065
yacCp,1.08,50,24,TTGCGTCTTAGCGAGCTTCA,26,4092219
yacCp,0.68,40,24,TTACGGGTTATCTAGGTACT,16,4090575
yacCp,1.04,49,24,TGGGCGTGCGCTCGTAATGT,25,4107038
yacCp,0.64,39,24,TGATCCAATAAGGGTGCGCG,15,4094669
yacCp,0.56,37,24,TCTTTCGTTCATACAGAACA,13,4097120
yacCp,1.56,62,24,TCTTTATCTCATATGACGAT,38,4093524
yacCp,0.68,40,24,TCTGAGAAGGACTCAGGGCT,16,4080971
yacCp,0.88,45,24,TCTCCCGCGGATGGTAAAAA,21,4088621
yacCp,0.12,26,24,TCACGGGTACAAATGATATA,2,4104675
yacCp,0.52,36,24,TAGCAGCCTCCTCAATTCAA,12,4090930
yacCp,1.08,50,24,GTGGTCTCCCGGGACAAGGT,26,4080206
yacCp,0.32,31,24,GTCCAGTGTCGAATCTTAAA,7,4079660
yacCp,0.08,25,24,GGTTTTGCCCCGAGGTTGAA,1,4108932
yacCp,0.16,27,24,GGGTGTAAATCGAGTCAGTA,3,4088386
yacCp,0.88,45,24,GCGAATATCCACGGTTGTAC,21,4089790
yacCp,0.88,45,24,GCCCTAACATCTGTTAAGTT,21,4102429
yacCp,0.72,41,24,GACGGTCTTGCATGGGAATA,17,4081370
yacCp,0.32,31,24,GAATCCGGGTGTGGCGTAAA,7,4108293
yacCp,1.48,60,24,CTAAGAATTATGATAATGCC,36,4088309
yacCp,0.08,25,24,CGGGATGCATTGAAATCGCG,1,4084240
yacCp,2.6,88,24,CGGATTTAGGGTGTTGATAT,64,4102296
yacCp,0.32,31,24,CGGACGCACTCAGGAACCAT,7,4098194
yacCp,1.12,51,24,CGATTTACCATGCTTGGAAA,27,4102593
yacCp,2.4,83,24,CGAAGATCGAGCGCCGGAGA,59,4096928
yacCp,1.44,59,24,CCTGTTGGGTCATCCCTAGG,35,4089718
yacCp,1.16,52,24,CCAGGACCTTAAAAAGGAAT,28,4110146
yacCp,1.84,69,24,CCACACACCGCACGGGTTCA,45,4080517
yacCp,0.52,36,24,CAGTACGTATCTTAGTAACA,12,4093808
yacCp,0.32,31,24,CAATTCGTTCGAGATGGGTA,7,4099915
yacCp,0.12,26,24,CAAAAACCATCCGATGGGCT,2,4090380
yacCp,1.28,55,24,ATTCACTTCGCCAGCAATTT,31,4105520
yacCp,1.48,60,24,ATGATGGATTCTATACGTAT,36,4080068
yacCp,1.12,51,24,ATCGGTGTACACTGATTGGA,27,4097098
yacCp,1.36,57,24,ATCAAGTGACGCCCGTTCCT,33,4092129
yacCp,0.08,25,24,ATACACAGGTTACATCTCTG,1,4080293
yacCp,0.4,33,24,AGAATAGTACGCTCACGTTC,9,4087952
yacCp,0.4,33,24,ACATCCCGTAGGGGCCGCTG,9,4102665
yacCp,2.0,73,24,AAAAGACATGCGCATTACAG,49,4101915
yacCp,0.08333333333333333,24,23,TTTTGATCCCGGACTACATA,1,4084713
yacCp,1.6666666666666667,62,23,TTTGTCGGGGGCTGTTCTGA,39,4103154
yacCp,0.75,40,23,TTGGGCAAATCGAACCGAGT,17,4108651
yacCp,0.4583333333333333,33,23,TGTGCCCGCTTAGCCATGTG,10,4087342
yacCp,0.3333333333333333,30,23,TGTCGGCCAGTGAAGAGCAT,7,4090136
yacCp,1.0,46,23,TGTAGTGATGGAATAAACCT,23,4110108
yacCp,1.375,55,23,TGATGATGGCTCCCCCGAAT,32,4091017
yacCp,0.5833333333333334,36,23,TGAGTCGGTTTTGACGGCCT,13,4096406
yacCp,1.125,49,23,TGAGCAGTGCGTACGCGCTT,26,4089434
yacCp,1.5,58,23,TCTTGGTGCGGCCTTTGAAA,35,4078895
yacCp,0.4166666666666667,32,23,TCTAAGGGACATGTAGTATG,9,4093548
yacCp,0.4583333333333333,33,23,TCCGTGTCTATCTTCGCGGG,10,4086007
yacCp,0.875,43,23,TATGGGAGGTATAGCCTCCC,20,4079797
yacCp,1.2083333333333333,51,23,TACAACAATAACCGTCAGGC,28,4098694
yacCp,0.625,37,23,TAAGCCATAAAACTCGTATC,14,4090168
yacCp,1.1666666666666667,50,23,GTTCCACCCGCAAACGACTA,27,4087753
yacCp,0.125,25,23,GTGTGACTGCCGAGGAGTGT,2,4091886
yacCp,0.2916666666666667,29,23,GTGCCTGCGAGTCGCCCTGA,6,4087984
yacCp,0.5,34,23,GGGCGTGGGCCACTCTTGAT,11,4096806
yacCp,0.5833333333333334,36,23,GGGATGAGCGAATAGTAGGA,13,4093077
yacCp,0.7083333333333334,39,23,GGCTTGCTGGGACATTTCTT,16,4106764
yacCp,1.75,64,23,GGCGCGCTCGTCGTAAAGGG,41,4089130
yacCp,0.4583333333333333,33,23,GGATATCACCTCTTCGGACC,10,4104069
yacCp,0.16666666666666666,26,23,GGACTCCTGATGGTCAGATT,3,4080061
yacCp,0.6666666666666666,38,23,GCTGGGGACTTACTCCAACT,15,4104325
yacCp,0.16666666666666666,26,23,GCGGCAGTGGAAGTACTGGA,3,4108768
yacCp,0.08333333333333333,24,23,GCGCTTCTAGGAACGAAGGT,1,4081349
yacCp,0.7083333333333334,39,23,GCGCCACTCAGACCCATCTC,16,4089730
yacCp,0.4583333333333333,33,23,GCAAGATGGCAGCTATCCGA,10,4096018
yacCp,0.08333333333333333,24,23,GATACATCTTGAACATTGCA,1,4096161
yacCp,0.16666666666666666,26,23,GAAGCACTCTACAGTAACAC,3,4095841
yacCp,3.7916666666666665,113,23,CTTTTTTTACTGTCCGATCT,90,4088069
yacCp,0.7916666666666666,41,23,CTGTTCAGCTACACCGATCT,18,4095882
yacCp,0.6666666666666666,38,23,CTGGTCTACGCGCCAGTTGT,15,4087349
yacCp,0.375,31,23,CTGCGCCATAGCTCCACAAT,8,4105957
yacCp,1.625,61,23,CTGCACATAACGCTTCCCAT,38,4080267
yacCp,0.125,25,23,CTCTCGCCGCCTAGGTATTT,2,4088291
yacCp,2.6666666666666665,86,23,CGGCAAAAAGTTTTGTTCGC,63,4102226
yacCp,2.7083333333333335,87,23,CGCAATCCAAGCTCTACAAT,64,4100384
yacCp,1.0,46,23,CGACGCAAACTCCGCGTTCA,23,4101515
yacCp,0.875,43,23,CCTCAGGCGTCTTCTTTTAG,20,4093628
yacCp,1.25,52,23,CCTAACGTTGGCTCTAGACA,29,4097792
yacCp,0.08333333333333333,24,23,CCAGATAAACGTGAAACAAT,1,4105149
yacCp,0.9166666666666666,44,23,CATACCGTACTAATTTTCAT,21,4106407
yacCp,0.5416666666666666,35,23,CAATTGCCAGAAACAGAGAG,12,4083484
yacCp,0.8333333333333334,42,23,ATATGATTATGGTTTTATTT,19,4088570
yacCp,0.3333333333333333,30,23,ATACGTAATGCTGCAATCCC,7,4085784
yacCp,0.5833333333333334,36,23,AGTCTGATTCTATAAAGCGG,13,4108173
yacCp,1.3333333333333333,54,23,AGTAAAATCAGCGTCTGCAA,31,4083616
yacCp,0.6666666666666666,38,23,AGGAGCCGGCACCTCAAGCT,15,4103604
yacCp,1.0833333333333333,48,23,AGACGAAGGCATCGCCCACG,25,4100556
yacCp,1.0,46,23,ACTCAGGGAATAGAGCACGC,23,4107983
yacCp,1.375,55,23,ACGGGTCGATTGATTCTGAA,32,4081971
yacCp,0.4166666666666667,32,23,ACCTGCTATCCCTCGCCGGA,9,4079679
yacCp,1.4166666666666667,56,23,ACAGTTGATTTTTGATAACT,33,4104514
yacCp,0.6666666666666666,38,23,ACACCGGGGATATTTACGAC,15,4109181
yacCp,0.625,37,23,AATGGGTCCAAGTCTGACCA,14,4086026
yacCp,1.2916666666666667,53,23,AAGCGGAACGCTTGGAAAGG,30,4081686
yacCp,0.13043478260869565,24,22,TTTTGTTGCTAGGGATGTAA,2,4089198
yacCp,0.13043478260869565,24,22,TTTCCGGACATTGGGCATAA,2,4093923
yacCp,0.2608695652173913,27,22,TTTAATAATGCCAGGCCACT,5,4082949
yacCp,0.5652173913043478,34,22,TTCTCACCTCAGGCAGACGT,12,4110437
yacCp,0.43478260869565216,31,22,TTCCAATGCGAGCTTCTAAG,9,4088203
yacCp,0.08695652173913043,23,22,TGGATTCGTGGCTACAGTAT,1,4103960
yacCp,0.13043478260869565,24,22,TGCTGATGTCGGCTCATTAG,2,4081120
yacCp,0.391304347826087,30,22,TGCGGGGGGACTCGATTGAT,8,4102731
yacCp,2.652173913043478,82,22,TCGTCAAAGGCGAGTCTCTG,60,4081968
yacCp,0.6521739130434783,36,22,TCGGAGCGGCTTCAGAACTT,14,4085785
yacCp,0.6521739130434783,36,22,TCCTGAAAGCGCCCATAGTG,14,4078950
yacCp,0.6086956521739131,35,22,TCACGGGGCTGAGGTGTGCG,13,4093962
yacCp,0.9565217391304348,43,22,TAGACGGGAGTATTGGGAGA,21,4097064
yacCp,0.8695652173913043,41,22,GTGTTACGCTCCCTAGGATG,19,4085469
yacCp,0.13043478260869565,24,22,GTCAATGGCACTTTTTGTCA,2,4088671
yacCp,0.30434782608695654,28,22,GTATAATCGTGTCTTGTGGC,6,4099886
yacCp,0.30434782608695654,28,22,GTACGTCAGCTCGCGGGGAA,6,4096359
yacCp,0.6086956521739131,35,22,GTAACCCGTCACCTCGTAGA,13,4105098
yacCp,1.3043478260869565,51,22,GGTTCTGCTGTCGCATCTAC,29,4103849
yacCp,0.391304347826087,30,22,GGTCGGCTGGAAGTCCGGCT,8,4103303
yacCp,0.391304347826087,30,22,GGTACCAGCCCCCCGGGCAG,8,4083096
yacCp,0.9130434782608695,42,22,GGGTGCTCCTTACGAGAAGC,20,4091850
yacCp,1.3043478260869565,51,22,GGGTAATGCACCTGTTCGAA,29,4093917
yacCp,1.3043478260869565,51,22,GGGGGCGTTGGACGGAACAC,29,4099037
yacCp,1.7826086956521738,62,22,GGCGTATCGAACCTGTCTGC,40,4107114
yacCp,1.391304347826087,53,22,GGCGAAATTTGGAATCGCAA,31,4079770
yacCp,0.08695652173913043,23,22,GGCCAAGTGCATTGGCATAG,1,4110548
yacCp,0.8695652173913043,41,22,GGATGATAACCAGTATCAGG,19,4112943
yacCp,0.17391304347826086,25,22,GCTAATCCTGGCCGAAATGT,3,4093631
yacCp,0.4782608695652174,32,22,GCGTCGAGTGTGGTTCAGGG,10,4091898
yacCp,9.391304347826088,237,22,GCCAAGCAGTGGAAATCGAC,215,4087799
yacCp,0.5652173913043478,34,22,GCATTTGGTGTTGATACCTT,12,4086456
yacCp,0.8260869565217391,40,22,GCACACGGGCTTAATTTGGT,18,4085666
yacCp,0.6521739130434783,36,22,GACCCCGTAATCTGTCTCGC,14,4111375
yacCp,0.8260869565217391,40,22,GACATTAGGCGTGGCTAACG,18,4086307
yacCp,0.782608695652174,39,22,GAAGCCTCGCACAGAGCCCG,17,4080761
yacCp,0.21739130434782608,26,22,CTCCTTTCCATAGACTGAAA,4,4107977
yacCp,1.7826086956521738,62,22,CTCAGTTTGCGAACAAAGAA,40,4088052
yacCp,2.5217391304347827,79,22,CTCAAGATTGAAGTTATCCT,57,4089955
yacCp,1.2173913043478262,49,22,CTAGGTGCCTGCCTCACACA,27,4089807
yacCp,0.08695652173913043,23,22,CTAATGCATTCGTTTACTCC,1,4090546
yacCp,0.08695652173913043,23,22,CGTATAAGATCGGTTAAACA,1,4086725
yacCp,0.391304347826087,30,22,CGTACATCAGCGTGGCAAAC,8,4086889
yacCp,2.1739130434782608,71,22,CGGAGTGTTACAGTAAACCT,49,4087710
yacCp,0.08695652173913043,23,22,CGCCACAAGGAGTAGTTGCA,1,4090225
yacCp,1.9565217391304348,66,22,CGAAGTGTAACAGCCGCCGA,44,4088932
yacCp,0.782608695652174,39,22,CCTTCGCATGGGTGTCATTA,17,4081246
yacCp,0.08695652173913043,23,22,CCGGAATGGTGGAGCTCTGG,1,4084271
yacCp,4.869565217391305,133,22,CCGATATATTTGGAAGGAGA,111,4080159
yacCp,0.6086956521739131,35,22,CCCGTCAGTCGAAGCACCAT,13,4087564
yacCp,0.6521739130434783,36,22,CCCGTACCATTGGGTTACGA,14,4110332
yacCp,0.34782608695652173,29,22,CCCGACGATAGGGGTTAGAC,7,4098929
yacCp,3.391304347826087,99,22,CAGGGCTCAGGTGTCCCTCC,77,4097182
yacCp,0.21739130434782608,26,22,CAGGCAGCACCCGGAACAAT,4,4088431
yacCp,1.3043478260869565,51,22,CACATGTGAAGGCAGGCAAG,29,4094933
yacCp,0.34782608695652173,29,22,CACATCGCATAAGGACTCAC,7,4108069
yacCp,1.0,44,22,ATGTGATTCACATATATCCC,22,4107253
yacCp,0.34782608695652173,29,22,ATGCGCGCGCACGCCTGAGT,7,4099428
yacCp,0.13043478260869565,24,22,ATCTCATCCGCAATGCGAGT,2,4087876
yacCp,2.217391304347826,72,22,ATCTATCGTTGCGGTTTATC,50,4112609
yacCp,1.391304347826087,53,22,ATATATCGCGGGGGGGTAAT,31,4099956
yacCp,0.08695652173913043,23,22,AGTTAGAATCTATGACCTCA,1,4090298
yacCp,0.4782608695652174,32,22,AGTAGTTTAAACAAGGAAGC,10,4096375
yacCp,0.08695652173913043,23,22,AGCCGTTGTGGGTTGCACTA,1,4086497
yacCp,0.9130434782608695,42,22,AGCCGGTCCTAACTAGATTT,20,4082154
yacCp,0.08695652173913043,23,22,AGACTCAACAAACCGTTGAC,1,4090356
yacCp,1.0,44,22,AGAAGACTTCCGTGTAGGCT,22,4103979
yacCp,1.173913043478261,48,22,ACGACCCGGAATACGTGATG,26,4079387
yacCp,8.521739130434783,217,22,ACCTGACACTCAGGGGATTG,195,4092511
yacCp,3.9130434782608696,111,22,ACAGACCACTACAGGGATTG,89,4105322
yacCp,0.08695652173913043,23,22,AATTTACTGTTAGTTACACA,1,4100822
yacCp,1.6521739130434783,59,22,AATGTCCTAATCTTGGTGGG,37,4112252
yacCp,0.08695652173913043,23,22,AAGAGATCTACTACTCATGG,1,4110006
yacCp,0.6363636363636364,34,21,TTTGAATCTTTAGGCAGCGC,13,4091175
yacCp,0.09090909090909091,22,21,TTTAGGTGCACAGGTCTCTG,1,4086207
yacCp,0.18181818181818182,24,21,TTGAAGTGCCCTATATTTCT,3,4099430
yacCp,1.1363636363636365,45,21,TGTGTGTCATTCTCCCGTGA,24,4096684
yacCp,45.40909090909091,1019,21,TGTCTAACTCGAAGGGAGAA,998,4109794
yacCp,0.09090909090909091,22,21,TGGTCATCGACTTCTACAAT,1,4094298
yacCp,1.0,42,21,TGCGGTTCATGTATGCATTG,21,4101201
yacCp,1.7727272727272727,59,21,TGCGGCGTCTCTCCTGGCAG,38,4079973
yacCp,1.2272727272727273,47,21,TGACAGGACGTGCGTAGGGG,26,4082602
yacCp,0.13636363636363635,23,21,TCTTCGGGCTGCCCTCCGTT,2,4095133
yacCp,1.3181818181818181,49,21,TCTAGCGCGACCACGGAGAT,28,4106156
yacCp,0.09090909090909091,22,21,TCGGTCGGCGATAATGGAAT,1,4093869
yacCp,0.09090909090909091,22,21,TCATCAGTGAACATAGCGTC,1,4085742
yacCp,0.09090909090909091,22,21,TCAGGTATGACGATCCCGCG,1,4093491
yacCp,0.09090909090909091,22,21,TCAGAGTTTAACAACAATGG,1,4084820
yacCp,0.45454545454545453,30,21,TCAAACTGGCTCCATTGTGG,9,4105774
yacCp,0.09090909090909091,22,21,TATTGGGGAAAGAATCTCAT,1,4095453
yacCp,2.772727272727273,81,21,TAACGATCTGACAGCAGGGA,60,4078779
yacCp,1.0,42,21,TAAAACCCCGCAGACCTACG,21,4089098
yacCp,1.1818181818181819,46,21,GTCCACGTATGTTTCATTTT,25,4084011
yacCp,0.09090909090909091,22,21,GTACAACGACGGGCCAGTAG,1,4085428
yacCp,1.3636363636363635,50,21,GGTCCCGCGTCCTTATGGTA,29,4080955
yacCp,0.2727272727272727,26,21,GGACGGAAAGGTAGGCTGAC,5,4094931
yacCp,0.5454545454545454,32,21,GGAACGTTCACAGCTGCGGA,11,4088584
yacCp,0.5,31,21,GCTGAGGCGCTTTTTGGTAA,10,4084706
yacCp,0.5909090909090909,33,21,GCGTCATAGAAGCAGATAGT,12,4086262
yacCp,0.8181818181818182,38,21,GCCATACCGGTAGGGATTCC,17,4106989
yacCp,0.6818181818181818,35,21,GCCAGCTTCCTTACGAGTGC,14,4087885
yacCp,0.09090909090909091,22,21,GCCACGCAGTCAAATGTATT,1,4079531
yacCp,0.9545454545454546,41,21,GCAGTCTACCTAGGAAATAG,20,4111871
yacCp,0.09090909090909091,22,21,GACTTGCTAGGCCCATGGCT,1,4082004
yacCp,0.9545454545454546,41,21,GACTCCGATGATTGGACCAA,20,4106634
yacCp,0.22727272727272727,25,21,CTTGTCACCTAAATTGTCCA,4,4095521
yacCp,2.1818181818181817,68,21,CTGCAATGTACTTCTTGCTC,47,4109497
yacCp,0.9090909090909091,40,21,CTCTTTAAAAGAGTCCGTCA,19,4093005
yacCp,0.5,31,21,CTATCTGTCGTCTCACACAA,10,4095134
yacCp,0.09090909090909091,22,21,CGTACAGCAGCAGAATAGAG,1,4110056
yacCp,0.09090909090909091,22,21,CGGTCGGTATCACGATTTGA,1,4101001
yacCp,0.6818181818181818,35,21,CGGCAAAGGACCGAGTGGAC,14,4091115
yacCp,0.3181818181818182,27,21,CGCTAGAAAACTAAGCAGTT,6,4081202
yacCp,1.4545454545454546,52,21,CGCGGGCGATTGGAGAAATG,31,4081706
yacCp,1.6363636363636365,56,21,CGACCGTTCCCGGCTCTGAA,35,4096029
yacCp,0.09090909090909091,22,21,CCTCACGGGGACTGTATCAG,1,4110441
yacCp,0.3181818181818182,27,21,CCTATGAGCGTACAGTCAAG,6,4105466
yacCp,0.45454545454545453,30,21,CCTATACACTGATCAAAGAG,9,4093547
yacCp,1.2727272727272727,48,21,CCGTTACAATCATGGTGAGC,27,4094253
yacCp,0.45454545454545453,30,21,CCGGTTCCAATTAGCAGCAG,9,4086065
yacCp,2.1363636363636362,67,21,CCCCAGAATGAATGTATACA,46,4109174
yacCp,0.4090909090909091,29,21,CCATTTGCTGTGCCACAACC,8,4106124
yacCp,0.5454545454545454,32,21,CCAAGATATTGTCGTCTCCT,11,4093229
yacCp,1.7272727272727273,58,21,CACGGCTAGAAGGAACGGTT,37,4097917
yacCp,0.09090909090909091,22,21,CACAGCCGGTTACGTTTAAA,1,4081742
yacCp,1.0,42,21,ATTCCCTAGCTGGCAAAACG,21,4102869
yacCp,1.8181818181818181,60,21,ATTAGGAATGTCCAGAAAAG,39,4087669
yacCp,1.3636363636363635,50,21,ATCGCAAAGGCAAGGTCACA,29,4080756
yacCp,0.18181818181818182,24,21,ATCCTGGTACTACGTACCCT,3,4084267
yacCp,1.6363636363636365,56,21,ATCAATAGGATTGAGCTGTG,35,4088282
yacCp,1.2727272727272727,48,21,ATAGTTTTGCGCAGTTCGCA,27,4084607
yacCp,0.7727272727272727,37,21,AGTTACGGGAAACGAAGAAA,16,4079564
yacCp,1.1363636363636365,45,21,AGTGTACGACTCAAGCTAAG,24,4110934
yacCp,0.4090909090909091,29,21,ACTTCCAAGGTCTCCTACAC,8,4102250
yacCp,0.2727272727272727,26,21,AATCCGTAATTTTCGCAACA,5,4095826
yacCp,0.5909090909090909,33,21,AATCAGGCCTAGACCAGGTC,12,4085203
yacCp,1.8636363636363635,61,21,AAGAGGTGCTATCGGGGGAA,40,4081649
yacCp,0.2727272727272727,26,21,AACGGGTTCCGCCTTCCGGA,5,4095495
yacCp,2.1818181818181817,68,21,AAATGTTACATCTGCATATT,47,4109940
yacCp,0.6818181818181818,35,21,AAAATTTGCTCTAACAGTGT,14,4085159
yacCp,1.2727272727272727,48,21,AAAAACAATCCGTTAAGAGA,27,4093830
yacCp,0.14285714285714285,22,20,TTTGGTTAGCGCGGGTCACT,2,4085264
yacCp,0.3333333333333333,26,20,TTTGCAGACAGTGAAGGACG,6,4081911
yacCp,1.380952380952381,48,20,TTGGTGCGGGCACTGACGAA,28,4084009
yacCp,0.9047619047619048,38,20,TGTCCGAAGTTAACCTGTAT,18,4109469
yacCp,1.9523809523809523,60,20,TGTACCATCGATAACGACAT,40,4083476
yacCp,0.14285714285714285,22,20,TGGCACGTTGGTCATGTAAA,2,4105550
yacCp,1.2380952380952381,45,20,TGCGTAGTTTGCGGTCACGG,25,4093529
yacCp,0.8095238095238095,36,20,TGATAGTAAGAACAGCCAGG,16,4095962
yacCp,0.6190476190476191,32,20,TCGATGCCGGCAGCATGTAG,12,4107258
yacCp,0.14285714285714285,22,20,TCAGCAGCACGGCTCAGAGT,2,4111982
yacCp,0.5714285714285714,31,20,TACCCAAGGCTGTTCCTGGT,11,4091627
yacCp,0.14285714285714285,22,20,GTGGGGCTGACGACAAGGGG,2,4097584
yacCp,0.47619047619047616,29,20,GTGGCGTCAGGGGGTAAACG,9,4086395
yacCp,0.09523809523809523,21,20,GTGATCTGTGGTGTCGGTTG,1,4104746
yacCp,0.09523809523809523,21,20,GTGAAAGTGATGCTTGGATT,1,4104678
yacCp,0.14285714285714285,22,20,GTCGCGGATCCATGCTTGAT,2,4084320
yacCp,0.19047619047619047,23,20,GTCCATGCTGCTGTCTTGGG,3,4098759
yacCp,0.7619047619047619,35,20,GGTTTTTAGCATAGAAGCTA,15,4092611
yacCp,0.23809523809523808,24,20,GGTCTGAAATGGTTTTGTAA,4,4091253
yacCp,0.7619047619047619,35,20,GGGTGCGTGTGTCTTCCCTA,15,4081114
yacCp,1.2857142857142858,46,20,GGGCGAGGTCTCTCATGTAG,26,4083489
yacCp,0.09523809523809523,21,20,GGATGTGTGCATGGTATTCT,1,4091088
yacCp,0.42857142857142855,28,20,GGAGCACGACAACGGATATG,8,4089413
yacCp,0.42857142857142855,28,20,GGAAGGTCGGTCCTGCACAT,8,4106005
yacCp,0.5714285714285714,31,20,GCTAATGCTCCGCTTAAGCG,11,4086018
yacCp,0.5238095238095238,30,20,GCGACAAAACCGTGGGGGCA,10,4090797
yacCp,0.5238095238095238,30,20,GATGTTAACGGTCAAGGCTT,10,4080064
yacCp,0.38095238095238093,27,20,GATAATGAGGGGTACTTTTA,7,4110417
yacCp,0.42857142857142855,28,20,GACTTACGCAGCTGCGACTT,8,4079326
yacCp,2.4761904761904763,71,20,GACTCATAGCCGACCTCGAA,51,4084986
yacCp,1.5714285714285714,52,20,GAACGCAAATCTGACCTAAA,32,4088358
yacCp,1.0,40,20,CTTCGTGAGGACGTTCTCCG,20,4089529
yacCp,0.09523809523809523,21,20,CTGCCCACGCTCCTTGCTCT,1,4105110
yacCp,0.09523809523809523,21,20,CGTGAGTAGGGTTGGAACTC,1,4082885
yacCp,0.7619047619047619,35,20,CGGCATACAAGACGACACAG,15,4104834
yacCp,0.09523809523809523,21,20,CGCGTGTGCTGCAGGCCTTA,1,4106779
yacCp,1.0952380952380953,42,20,CCGTCAACTGCCGGTGATAG,22,4097330
yacCp,0.09523809523809523,21,20,CCGACATGAGAGTGGCTTGT,1,4080081
yacCp,0.47619047619047616,29,20,CCATCGCTACGTCGCGACTC,9,4082566
yacCp,0.5714285714285714,31,20,CATGGAGTTCCTTAACCTGT,11,4085622
yacCp,1.9047619047619047,59,20,CATATCTAGGCACTCCCATT,39,4092804
yacCp,2.619047619047619,74,20,CAGTGTATTCCATTCTTTTC,54,4101712
yacCp,0.47619047619047616,29,20,CAGGGGAAACCCTAGGGGTA,9,4101831
yacCp,0.5238095238095238,30,20,CAGCAGCCGAATGTAACGTC,10,4084015
yacCp,3.9523809523809526,102,20,CACGAGTCGATGTCTTGCTA,82,4109763
yacCp,2.2857142857142856,67,20,ATTTGCGACCTCGCCGGCAT,47,4111688
yacCp,0.47619047619047616,29,20,ATGCCTCGGTTACTCAGCTG,9,4110218
yacCp,0.09523809523809523,21,20,ATACTAGTAGCTACACATAG,1,4106283
yacCp,0.3333333333333333,26,20,ATACGAGTGCTAGTGGAAAT,6,4090127
yacCp,0.5238095238095238,30,20,AGGTTGATAGTGTATCTACG,10,4080856
yacCp,0.3333333333333333,26,20,AGGCCGTAGTCCTGTTGATG,6,4109977
yacCp,0.9523809523809523,39,20,AGGATCAGGTATAATGGGCA,19,4095995
yacCp,0.09523809523809523,21,20,AGGAGGATGGTCTGTGCCCG,1,4106501
yacCp,0.3333333333333333,26,20,AGCTCGTCCGACGAGGTGTA,6,4106859
yacCp,1.4285714285714286,49,20,AGACATGACCCTACAAGCCA,29,4085554
yacCp,0.19047619047619047,23,20,ACCTGAGGGTCTGCTACTCC,3,4084205
yacCp,0.47619047619047616,29,20,AATTCAAACTCCGCGGGAAC,9,4082340
yacCp,0.2857142857142857,25,20,AAGTAAGAACATGCGGTCTG,5,4108176
yacCp,1.0,40,20,AAGAGTCCGCACGCGTAGTT,20,4084711
yacCp,1.0476190476190477,41,20,AAAGTAACACGGATTAGATA,21,4093827
yacCp,0.65,31,19,TTTTCGGTACTGTGTGTATG,12,4094443
yacCp,0.1,20,19,TTGTGCAGAGTTCCAGGCCT,1,4078351
yacCp,0.95,37,19,TTGCTCATTTCTGGGAGCCT,18,4085815
yacCp,2.2,62,19,TTATTGCTTCCGAATAGGTA,43,4079802
yacCp,1.05,39,19,TTACCTGCATTATCGTCCGA,20,4110822
yacCp,2.15,61,19,TTACATGACGACAACGTGCA,42,4093804
yacCp,0.1,20,19,TTAACCTTGCCTTTCAAGTC,1,4088683
yacCp,0.1,20,19,TGCTAAAGGAGCGTCCTAAT,1,4091244
yacCp,0.15,21,19,TGCGCTCTCGAAACGGTTAG,2,4094240
yacCp,0.5,28,19,TCTGGCATATAGATTCTCCT,9,4087154
yacCp,4.7,112,19,TCTCTGGTCTCGGTCTCGCC,93,4083026
yacCp,0.5,28,19,TCTACGCCGGTATCCGATGT,9,4104835
yacCp,0.1,20,19,TCGACCGTACGGCTCGGGGA,1,4085644
yacCp,1.3,44,19,TCCCTGCTCCTGCTTCGCAT,25,4111059
yacCp,0.65,31,19,TCCACACCCCAAGTCCACTC,12,4101911
yacCp,1.5,48,19,TCATGGGAATCTTTCCACCT,29,4089340
yacCp,0.65,31,19,TCACTGGCTCTGGTGTAGTG,12,4107694
yacCp,1.2,42,19,TAGGGGCTGACCACACCGGT,23,4107827
yacCp,0.3,24,19,TACAAGATGATGGGCATACA,5,4079456
yacCp,2.9,76,19,TAATTGTTGCCTATTCTGAA,57,4092321
yacCp,1.65,51,19,TAAAATCCGCCATAGGCGAA,32,4089128
yacCp,1.95,57,19,GTTTGGGGCTTGTGTGTAAT,38,4088060
yacCp,0.1,20,19,GTTGGTAGTGTTTAAGACTA,1,4110244
yacCp,0.25,23,19,GTTCTTATAAGTTAATCCAT,4,4085197
yacCp,1.8,54,19,GTCCAGGAGATTGTGAGGAC,35,4108170
yacCp,1.7,52,19,GTAACCGACGAAGCCAGGAT,33,4093522
yacCp,1.7,52,19,GGTGTTGGGCTCTTGTGTAA,33,4099552
yacCp,0.85,35,19,GGGGGTGTCGATACAACGCT,16,4107741
yacCp,0.55,29,19,GGGAACCTGACCAATCAAGA,10,4083195
yacCp,0.6,30,19,GGCTTGGCAATCTGTGACTG,11,4109373
yacCp,0.75,33,19,GGCTGCTTTGAGCAGTGGTT,14,4082214
yacCp,0.6,30,19,GCTAAGTGCATGATCACCGC,11,4101347
yacCp,0.7,32,19,GCGTGGTAGGGGGTAGTGAG,13,4098843
yacCp,0.35,25,19,GCGATTCAATAGAAGCGGAC,6,4104696
yacCp,0.15,21,19,GCCCCAAAAAGGGGTTGGGA,2,4084988
yacCp,0.4,26,19,GCACTACGCTATATTAGAAC,7,4083300
yacCp,0.4,26,19,GATGAACCGCGGTCCGAACT,7,4111043
yacCp,1.3,44,19,GAGTCATTCTTGGTAGCATA,25,4104410
yacCp,0.75,33,19,GAGCCATACGACAATCATTT,14,4086211
yacCp,1.95,57,19,GAGAAATTAAGTACAGACCC,38,4091758
yacCp,2.6,70,19,GACCTCAGGGGCCCCCCATA,51,4106458
yacCp,0.25,23,19,GACCCGGCTTACAAAGCAAC,4,4088504
yacCp,0.85,35,19,GAAGCACACCGCTCATCTAG,16,4107048
yacCp,0.15,21,19,CTCAAATGGCTAGCCCCGAC,2,4083606
yacCp,0.15,21,19,CGCGCCGCCTCACACGTACT,2,4097360
yacCp,2.9,76,19,CGAGACGTTTAAACGTTGAT,57,4083601
yacCp,1.55,49,19,CCTTCAACTCTTTCACTGAT,30,4089479
yacCp,0.9,36,19,CCTAGGTCCCGGCCAGTACG,17,4106807
yacCp,3.7,92,19,CCGGTTTTAATAGCGGAGCT,73,4100900
yacCp,0.4,26,19,CCGCTGATCTTTAACCGCCC,7,4099407
yacCp,0.85,35,19,CCGCTCCTATGCGGACGTGA,16,4083098
yacCp,0.1,20,19,CCCACCCGATTAAGACATAT,1,4091079
yacCp,0.75,33,19,CCAGGGGGTAAACCGTGTCC,14,4088553
yacCp,0.55,29,19,CCAGGGACTCTGCACGATGG,10,4085931
yacCp,1.8,54,19,CCAATCGGATAGTCTGCGTG,35,4092226
yacCp,1.1,40,19,CATATGGGACCCGGCAGACT,21,4085054
yacCp,6.35,145,19,CAGGTTCGAAGGGGAGAAGG,126,4111207
yacCp,0.75,33,19,CAGGACCTTGTAAGAAATTG,14,4084473
yacCp,0.95,37,19,CACAAATGGAGCCAACCTGC,18,4105819
yacCp,0.55,29,19,CAAAACATGTTGAAATACGT,10,4107254
yacCp,0.15,21,19,ATTTTTAAGAGTCTAGTCAG,2,4090667
yacCp,1.1,40,19,ATGTGCTGGTTCTTGAGCTT,21,4087461
yacCp,0.7,32,19,ATGGGCAGCATTCATCTCGA,13,4098964
yacCp,1.65,51,19,ATGCTTAGTAGTGGCTCGTG,32,4109353
yacCp,0.15,21,19,ATGCGTTAAATGTACAGTAG,2,4083777
yacCp,0.1,20,19,ATCAGCAATATGGGACATAC,1,4094659
yacCp,0.1,20,19,ATCAAATAATAGGATCCGCA,1,4081416
yacCp,0.1,20,19,AGTGCTTGACTATCGAGACA,1,4085528
yacCp,2.85,75,19,AGTCGGGGCGAGAATTATGT,56,4099825
yacCp,1.5,48,19,AGGTTTTGACTGTGGTTCCC,29,4079113
yacCp,0.1,20,19,AGGGTGATCCGTACAGATCT,1,4092352
yacCp,0.1,20,19,AGCTCACTGGCGAGTTCAGA,1,4095832
yacCp,3.1,80,19,ACTGTACACCCCTAGTCTGG,61,4088429
yacCp,0.1,20,19,ACGCCTTCGGGTGAGGGTCA,1,4095118
yacCp,1.05,39,19,AATCCGGCCTCCTGTGTTCT,20,4110290
yacCp,0.1,20,19,AATAGTTTGCAAACCCAGCG,1,4098944
yacCp,0.6,30,19,AATACTGAGGATCCATATGG,11,4096469
yacCp,0.15789473684210525,20,18,TTTCTTTTACAGAGCGATAT,2,4100004
yacCp,0.42105263157894735,25,18,TTGTTCCCGGTGCCGGCTTT,7,4103001
yacCp,1.0,36,18,TTGGCTTAGTGTGGTGCTGT,18,4105525
yacCp,1.5789473684210527,47,18,TTCGCGTAGGCACATTGTTA,29,4085650
yacCp,0.42105263157894735,25,18,TTCCGGGGGTACAGCCGAGC,7,4085289
yacCp,0.5789473684210527,28,18,TTATGATTAATTCAATTGAA,10,4102185
yacCp,0.7894736842105263,32,18,TTAGGAGCAACGTTCCGAGA,14,4097308
yacCp,1.9473684210526316,54,18,TGTTGTGCAAACCCCAGCGT,36,4090140
yacCp,0.3157894736842105,23,18,TGTCGAGATGCGTACACGGA,5,4084816
yacCp,1.8421052631578947,52,18,TGGTAGATTTGAAACCGAAG,34,4089341
yacCp,1.6842105263157894,49,18,TGGAGATCGTTTACAAATTA,31,4112856
yacCp,0.5789473684210527,28,18,TGGACCACAATTAGTGCGCA,10,4103745
yacCp,1.2105263157894737,40,18,TCTTGGCGGCCCCTACGAAT,22,4088572
yacCp,0.15789473684210525,20,18,TCTGTACCCGATAATTAGTC,2,4079841
yacCp,0.9473684210526315,35,18,TCTCCTACGTGCACCATGGT,17,4112521
yacCp,0.7368421052631579,31,18,TCGTCGCCCGAGCAGCAGAA,13,4078354
yacCp,0.15789473684210525,20,18,TATTATCCCGTGCGTAACAA,2,4082506
yacCp,1.105263157894737,38,18,TACGGGACACAGGTTGTTGT,20,4087405
yacCp,3.1578947368421053,77,18,TACCAATGGATTCTTAGCTT,59,4105909
yacCp,3.5789473684210527,85,18,TACAGGACGGTCGTTACCCC,67,4104004
yacCp,0.2631578947368421,22,18,GTTTTACCGGTGGGAGGGCT,4,4097112
yacCp,0.8947368421052632,34,18,GTCATACTTTGGGGGCTCCA,16,4084127
yacCp,0.10526315789473684,19,18,GGTTAGGATCAAAGGGGCAT,1,4107913
yacCp,1.4210526315789473,44,18,GGTTACGGTGGCATTCTAAA,26,4083315
yacCp,0.5263157894736842,27,18,GGTCTGCCTTTGCGCGGGGC,9,4084670
yacCp,7.315789473684211,156,18,GGTCCAAGGCGGGACCACAT,138,4108092
yacCp,4.421052631578948,101,18,GGTATAGTTCCAGCTCGCAT,83,4084049
yacCp,0.10526315789473684,19,18,GGTACATAGTGGTATGTGAC,1,4083123
yacCp,0.7368421052631579,31,18,GGGGGACGATGCAGTACCTG,13,4101289
yacCp,2.1052631578947367,57,18,GGGGATGTGTGGTTATTCGT,39,4078481
yacCp,1.0,36,18,GGGCCGGACATAATAGGTTA,18,4109369
yacCp,0.10526315789473684,19,18,GGCTAAGGAAGGTTGCCATC,1,4110285
yacCp,0.10526315789473684,19,18,GGACGTCGAGGATCCGGACG,1,4091628
yacCp,0.2631578947368421,22,18,GGAATTACTATATGCGTGGC,4,4085294
yacCp,0.10526315789473684,19,18,GGAACCCTAGGCGGTGCCCA,1,4084385
yacCp,1.2105263157894737,40,18,GCTGCTATTATGGTCAATGT,22,4092653
yacCp,1.6842105263157894,49,18,GCGTCCCGTGTTGGAGGAGT,31,4101345
yacCp,0.42105263157894735,25,18,GCGGGTCGGGCGATGTGTAG,7,4090264
yacCp,0.5263157894736842,27,18,GCCGGCCAGCCACCATTAGG,9,4084257
yacCp,1.1578947368421053,39,18,GCCCTCCTAAATGCACTCCA,21,4101836
yacCp,1.4210526315789473,44,18,GCCCCCGGTAGTCTCTGCAA,26,4105694
yacCp,0.10526315789473684,19,18,GATTTATTGTCGATACAAGG,1,4094431
yacCp,0.7894736842105263,32,18,GATACTGGCTATAAACCGTT,14,4079384
yacCp,0.9473684210526315,35,18,GAGGTGTAACGATACCCTCT,17,4094266
yacCp,0.21052631578947367,21,18,GACCACGGTTCGGTACCGAG,3,4083268
yacCp,3.210526315789474,78,18,GAATGCTTTTTCTTGCCGGT,60,4079624
yacCp,0.7368421052631579,31,18,CTTTAATTCGGAACGTTTGG,13,4087839
yacCp,1.631578947368421,48,18,CTTCGCACAATAATTAACTC,30,4087729
yacCp,1.2105263157894737,40,18,CTGTGACTCCAATCCGCGGG,22,4087939
yacCp,0.2631578947368421,22,18,CTGTACACAGTGTCACAGTA,4,4088197
yacCp,0.42105263157894735,25,18,CTAGCAATGGCTGGACATCC,7,4082029
yacCp,0.3684210526315789,24,18,CTACGTGACACGGGAATGCA,6,4097535
yacCp,0.10526315789473684,19,18,CTACCTCTGCTTGATCTCTA,1,4100462
yacCp,0.21052631578947367,21,18,CTAACTGCACGATTCTCCAA,3,4107299
yacCp,2.0,55,18,CGTATAAATTTCTATAATAC,37,4097678
yacCp,0.8421052631578947,33,18,CGGTAGGATTGTATGGACGC,15,4095127
yacCp,1.0,36,18,CGGCAATGGGGCATCAGAAT,18,4086503
yacCp,0.10526315789473684,19,18,CGCCATCGACTGACGCCAGC,1,4088455
yacCp,0.8947368421052632,34,18,CGACTGAACTGGACGGGTCG,16,4100563
yacCp,0.10526315789473684,19,18,CGACTAGATATACCTAGTTT,1,4087341
yacCp,0.5789473684210527,28,18,CGACGACTGGAAGGGGCATG,10,4080575
yacCp,0.10526315789473684,19,18,CGAACATCCCTTGAGTTGTT,1,4104920
yacCp,0.10526315789473684,19,18,CCTGACATAGAGCCCTTATA,1,4088615
yacCp,1.5789473684210527,47,18,CCGTCAAAATAGTTACGAGA,29,4097423
yacCp,0.2631578947368421,22,18,CCCGGGATGTGCTTACCTGA,4,4079220
yacCp,3.1052631578947367,76,18,CATTTTCACCAGGTTTTCCC,58,4101883
yacCp,0.8421052631578947,33,18,CATACTGCGTTGCATAGTCT,15,4110750
yacCp,0.21052631578947367,21,18,CATACGAATTGAGATCGATC,3,4092914
yacCp,0.15789473684210525,20,18,CAGTCACCTGATTATGTTAC,2,4101239
yacCp,2.473684210526316,64,18,CAATACGTACTTTCATCTGA,46,4093801
yacCp,0.7368421052631579,31,18,ATGGCCGGTCTTTCCAGACA,13,4090483
yacCp,0.21052631578947367,21,18,ATCGGGCGACTATCGTTATT,3,4096202
yacCp,2.210526315789474,59,18,ATAACTAAAGGTATTCGCGT,41,4093321
yacCp,0.8421052631578947,33,18,ATAAACCGGAGTTCCTTGGT,15,4098532
yacCp,0.10526315789473684,19,18,AGTCACACAAGGGCGCCCTT,1,4082240
yacCp,1.263157894736842,41,18,AGCAGTGAAGGAAGCTTCTT,23,4100404
yacCp,1.3157894736842106,42,18,AGAGCGACAAACGGTTATGC,24,4112491
yacCp,0.15789473684210525,20,18,AGAGCAGTCGCATTAAGTCA,2,4101832
yacCp,0.631578947368421,29,18,AGACGCTTCCTTTCGCATAG,11,4096226
yacCp,0.47368421052631576,26,18,ACTTTGATGGGACCCCGGAG,8,4101560
yacCp,1.631578947368421,48,18,ACGGTGTAATTACAACCGCC,30,4112485
yacCp,0.631578947368421,29,18,ACGGGCGCTATCTGGTGGCT,11,4096135
yacCp,1.263157894736842,41,18,AATCGGTATGTATCCAGGCC,23,4091899
yacCp,0.8947368421052632,34,18,AATCAGCAACTACCCGTAGA,16,4080276
yacCp,2.1052631578947367,57,18,AACATGTGAGCGTCACGACC,39,4084699
yacCp,0.2222222222222222,20,17,TTGGACTATATGTATCACGT,3,4083701
yacCp,1.2222222222222223,38,17,TTGCCAAAGTAACAAGCGCT,21,4087473
yacCp,0.8888888888888888,32,17,TTGACGGCGGGTTTTTGCCC,15,4105421
yacCp,0.1111111111111111,18,17,TTATTAGAGGATTTCAACGT,1,4081987
yacCp,2.5555555555555554,62,17,TTATGCGGCATCGGTGCCCA,45,4090938
yacCp,2.111111111111111,54,17,TTACGAAGGACGGGGTGAAA,37,4099038
yacCp,0.7777777777777778,30,17,TGTTTCAATTGGAGTTCCCT,13,4103136
yacCp,1.0,34,17,TGTACAGGCTTCGTTACCGA,17,4099301
yacCp,1.0555555555555556,35,17,TGGTAACGAACAGTTTTCGC,18,4093166
yacCp,1.3888888888888888,41,17,TGGGTTGGAGACCGGGGGTA,24,4098565
yacCp,0.2777777777777778,21,17,TGGCTCGAGGCGAGAAGAGA,4,4091580
yacCp,1.4444444444444444,42,17,TGGCCCGAAGTATTCTGGCA,25,4101512
yacCp,0.5,25,17,TGCTGTCGCCGCTAGTACAG,8,4092351
yacCp,0.16666666666666666,19,17,TGCCCCGAGTAAGGGATCTT,2,4089243
yacCp,0.7777777777777778,30,17,TGAGTGCGAACGCACCGACG,13,4088655
yacCp,0.1111111111111111,18,17,TCTGCAGGTAGTGTATCATA,1,4087596
yacCp,0.5555555555555556,26,17,TCTCGTAGAGAAGGGATGGC,9,4101222
yacCp,1.0555555555555556,35,17,TCCGCACGGTGTTAAGTGGG,18,4096112
yacCp,0.6111111111111112,27,17,TCCCACACGCAGTCCTTTCT,10,4092096
yacCp,0.1111111111111111,18,17,TCCAGAGGGTTGAATCGTTT,1,4098990
yacCp,1.9444444444444444,51,17,TCACACCGGGTACCCTACAT,34,4095249
yacCp,1.1111111111111112,36,17,TATTGCAGATGTTCTACAAT,19,4103424
yacCp,0.9444444444444444,33,17,TATCGGATGGTAGCCTCGCT,16,4079923
yacCp,0.3888888888888889,23,17,TAGCATAGCGTAATCGGATC,6,4102123
yacCp,0.1111111111111111,18,17,TACCAACTGCGGAACCATGC,1,4085541
yacCp,0.1111111111111111,18,17,TAACTTCGAAAAAAGTATTA,1,4084672
yacCp,0.9444444444444444,33,17,GTTTGTCCTCGGCCCATTGA,16,4079304
yacCp,3.111111111111111,72,17,GTTTGCTAGACAAACCATAG,55,4093202
yacCp,1.2777777777777777,39,17,GTTGGGGTCTCCGATTCTCC,22,4092648
yacCp,0.1111111111111111,18,17,GTTCGTGACGACGCCCGCGC,1,4088717
yacCp,0.1111111111111111,18,17,GTGAACGTATGAGGTATATT,1,4088736
yacCp,0.16666666666666666,19,17,GTCTTTCTGTCTTTTCACTG,2,4084152
yacCp,0.1111111111111111,18,17,GTATTCAAAGAGATGGACTT,1,4091085
yacCp,0.5,25,17,GTAGCACCACATTGCTGGAA,8,4089191
yacCp,0.8888888888888888,32,17,GGTTGCACAATCGCCAAGCA,15,4091918
yacCp,0.1111111111111111,18,17,GGGTCCAGTGCGCATTCTGT,1,4084226
yacCp,1.0555555555555556,35,17,GGGGAACTTTGTTCATGTGG,18,4086721
yacCp,0.3888888888888889,23,17,GGGCTTTTTAGTTTTGCTGA,6,4087232
yacCp,1.2777777777777777,39,17,GGCGCGGACTACGTAACGAT,22,4078407
yacCp,1.6111111111111112,45,17,GGATAGTTGATGGGACAGAC,28,4081969
yacCp,1.3333333333333333,40,17,GGAAGGCTCAGTACGCCAGT,23,4090771
yacCp,0.9444444444444444,33,17,GCGGCTGCGCACGCACACCC,16,4100998
yacCp,1.3333333333333333,40,17,GCATGCCGAGGCAATCAGCG,23,4093818
yacCp,0.4444444444444444,24,17,GATTTGGACCACAATTCGAA,7,4101635
yacCp,1.0555555555555556,35,17,GATTGGATTAACTTTGTAGC,18,4112195
yacCp,0.6666666666666666,28,17,GATGTAGGATGGATTAAGTA,11,4095668
yacCp,1.9444444444444444,51,17,GAGGCAGCCACGATTGGACC,34,4092608
yacCp,0.4444444444444444,24,17,GAGCTCATAGAACCGCTCCT,7,4092642
yacCp,1.6111111111111112,45,17,GACCCTAAGTGCTGAAAGAG,28,4093550
yacCp,5.388888888888889,113,17,GAAGCGCATACCAAGCGCGG,96,4112641
yacCp,1.5555555555555556,44,17,GAACATGCTATGAGCGTAAT,27,4107645
yacCp,1.5555555555555556,44,17,CTCCCAACTTCTTTTGTCAC,27,4096938
yacCp,0.2777777777777778,21,17,CTAGTCGAGGTGTCCTAAAC,4,4087103
yacCp,0.16666666666666666,19,17,CTAGCTACTGTCGGGCTCCC,2,4082673
yacCp,0.1111111111111111,18,17,CGTCTAAGGAGCCCTTCCGG,1,4102114
yacCp,0.16666666666666666,19,17,CGGGCTTTCGATAAACACGT,2,4085500
yacCp,2.0555555555555554,53,17,CGGAGCCTCTAGCCGTGGCC,36,4104373
yacCp,0.3333333333333333,22,17,CGCTGCAGCGCCGTGCTTAA,5,4094988
yacCp,0.1111111111111111,18,17,CGCGTATCCACCAGTGAGAA,1,4099334
yacCp,0.2777777777777778,21,17,CCTAGAAACGGGCTGCTCCT,4,4094960
yacCp,0.4444444444444444,24,17,CCGTTCCGCGAAAAGTTTCC,7,4081818
yacCp,1.0,34,17,CCGACTTGGTACCCCGTCTG,17,4086002
yacCp,3.388888888888889,77,17,CCCCTATCAGGGTACTTGGA,60,4092670
yacCp,1.2777777777777777,39,17,CATAGTGTTGGCGTTTGCTT,22,4101091
yacCp,1.0,34,17,CATAGAACGATCCACGCGCA,17,4100588
yacCp,1.2777777777777777,39,17,CAGGCAGATGCTAGTAAGAT,22,4091677
yacCp,0.8333333333333334,31,17,ATGGTACGTGCAATATCGAC,14,4112479
yacCp,0.6111111111111112,27,17,ATGCCGATATTGATGAAAGG,10,4088001
yacCp,1.0,34,17,ATCCTTTCGGACGAACAGTA,17,4106967
yacCp,3.9444444444444446,87,17,ATATCCACCTCCCAGTGCGT,70,4096067
yacCp,0.6111111111111112,27,17,ATACACTGGGGCTAGGCGGA,10,4081488
yacCp,0.1111111111111111,18,17,AGGACGAGCAGCCGTTGCCT,1,4094856
yacCp,0.16666666666666666,19,17,ACTGATTACTCGAAGCCGAG,2,4096410
yacCp,0.1111111111111111,18,17,ACGTCTCCTGACCGTGCAAC,1,4091387
yacCp,0.1111111111111111,18,17,ACGCGGGGTCGTAGAAAGGT,1,4081213
yacCp,1.9444444444444444,51,17,ACGCCAGTAAGTACGTCAAC,34,4096392
yacCp,0.1111111111111111,18,17,ACGAAACTCAATCTCTTGCT,1,4093658
yacCp,0.1111111111111111,18,17,ACATCGACGGGCTGAGGCGC,1,4096523
yacCp,4.166666666666667,91,17,ACACCTCTCTAATCGCGTTG,74,4105477
yacCp,0.16666666666666666,19,17,ACAATATTACTGCGCGCGTA,2,4081269
yacCp,0.16666666666666666,19,17,AATCACTGATTAGGATGTCA,2,4088103
yacCp,4.777777777777778,102,17,AAGTATTCGGTTATTAAAAA,85,4085365
yacCp,0.5,25,17,AAGGTCTCCGGCCTTGAGGA,8,4085174
yacCp,0.16666666666666666,19,17,AAGGACGTAACGATAGCATA,2,4109374
yacCp,0.5,25,17,AACCGTACTTGAAGTGTTAC,8,4105784
yacCp,0.2777777777777778,21,17,AACAACTTGGACTCTAGCGG,4,4112807
yacCp,0.1111111111111111,18,17,AAATGTCGCCCTTGTCACAT,1,4091970
yacCp,0.7777777777777778,30,17,AAATGCACGCCTTAGCCCCC,13,4094567
yacCp,1.0588235294117647,33,16,TTTGGGCTGCTTAGTTACGT,17,4101254
yacCp,0.35294117647058826,21,16,TTGCGCAGTGATACGGCTTC,5,4108062
yacCp,0.29411764705882354,20,16,TTGATTGCCCAATAGAACGT,4,4098592
yacCp,0.11764705882352941,17,16,TTCTCATGAGCAGTACCGTT,1,4111442
yacCp,1.7647058823529411,45,16,TTAGAATCCGTTGACCCAGG,29,4080974
yacCp,0.4117647058823529,22,16,TGTATGTGCCAAGTTTACTT,6,4087654
yacCp,2.0588235294117645,50,16,TGGGACGAAAATACGACGAA,34,4079976
yacCp,0.47058823529411764,23,16,TGACTGATAGCGGCTCGCAA,7,4088890
yacCp,0.5294117647058824,24,16,TGACCGGTTTTACGAACATA,8,4082725
yacCp,0.17647058823529413,18,16,TGACATGAGGATCATAGCGA,2,4082006
yacCp,1.2352941176470589,36,16,TCTGGCGTGGATGCCGCCTT,20,4088575
yacCp,1.6470588235294117,43,16,TCGTGGTATGCGGATGGGTC,27,4085820
yacCp,0.5882352941176471,25,16,TCGTCATACTCTTCATCATG,9,4090577
yacCp,0.11764705882352941,17,16,TCGGGTTTGTGTGCCTAAAT,1,4106500
yacCp,0.8235294117647058,29,16,TCGAGAATTCTCGCAGCGGA,13,4101596
yacCp,0.4117647058823529,22,16,TCATGTACGGGACAGGTATC,6,4085137
yacCp,2.5294117647058822,58,16,TCATGCATATCCTGGGAACC,42,4103661
yacCp,1.2352941176470589,36,16,TCACAGTCTCCTAGGGGTGT,20,4078449
yacCp,1.2352941176470589,36,16,TACTTGACTTTCGTTACGTG,20,4101418
yacCp,0.17647058823529413,18,16,TAACAAACGTAGTTATTGCA,2,4086333
yacCp,0.11764705882352941,17,16,GTTTTATTGATTGAAGAAGC,1,4082546
yacCp,1.7058823529411764,44,16,GTTTATTCTCCGCGTTGGAT,28,4112808
yacCp,2.823529411764706,63,16,GTTGGACGGCTACGGTACAC,47,4112551
yacCp,0.29411764705882354,20,16,GTTGATCGCCTCAGCCAAAT,4,4091756
yacCp,0.7647058823529411,28,16,GTTCGAGTTTCACCGGGACT,12,4092551
yacCp,3.588235294117647,76,16,GTGCTGACTATTGGTACCGC,60,4084047
yacCp,1.0,32,16,GTAGTATTATAGGCGTTGCC,16,4079659
yacCp,1.9411764705882353,48,16,GTACCGGGGCCAAGAACGTG,32,4086541
yacCp,0.35294117647058826,21,16,GGGTTTACTCACGGATATCC,5,4099600
yacCp,1.2941176470588236,37,16,GGGGGAGTGTTAGGTATATC,21,4082108
yacCp,0.47058823529411764,23,16,GGGGATCCGGGTAGTCCACT,7,4091076
yacCp,2.6470588235294117,60,16,GGCTAACTGGTACGTCGGGC,44,4095033
yacCp,0.11764705882352941,17,16,GGCAGGCATGGTCTATAAAA,1,4082805
yacCp,0.17647058823529413,18,16,GGAGGTCCGCAGTTCGAAGA,2,4091256
yacCp,0.8235294117647058,29,16,GGAAATTTTAGATACAGAAG,13,4094877
yacCp,0.6470588235294118,26,16,GCTTCTTCGAGTACCTTGGA,10,4094912
yacCp,0.7647058823529411,28,16,GCTTAGCGTGTGATCGCACT,12,4091686
yacCp,0.8235294117647058,29,16,GCTGTGAAGACGATCACGAG,13,4105993
yacCp,2.588235294117647,59,16,GCTACGTTCTGAGAGAGAGG,43,4095651
yacCp,1.3529411764705883,38,16,GCCAGGGGTAACGCTGATTT,22,4099681
yacCp,0.11764705882352941,17,16,GATAGGGTGGTTGCAGTTGG,1,4089135
yacCp,0.17647058823529413,18,16,GATAGGACCCCCGGCCGGTT,2,4087708
yacCp,0.11764705882352941,17,16,GATAACACAATTCGGAAATT,1,4108870
yacCp,1.7647058823529411,45,16,GAGTACGGTCATATATGCTG,29,4091205
yacCp,0.29411764705882354,20,16,GAGCCAAGGTGGGTCTTGAA,4,4093568
yacCp,0.11764705882352941,17,16,GACGCGCTCAGCTCCGGGCA,1,4099683
yacCp,0.6470588235294118,26,16,GACAACATGGGATTGAGTAT,10,4092565
yacCp,1.0588235294117647,33,16,GAACTCATACTTCACCGACG,17,4085149
yacCp,0.8235294117647058,29,16,GAAAGCTGCACTTGATCCAT,13,4100189
yacCp,2.8823529411764706,64,16,GAAACACAGCTGCGAAATGA,48,4082218
yacCp,0.11764705882352941,17,16,CTTTGCCGGTTACTCAAAGA,1,4086235
yacCp,1.2941176470588236,37,16,CTTGGCGGTGGGCCTACGCG,21,4107732
yacCp,3.5294117647058822,75,16,CTTCCTGCGACCGATTAACG,59,4093582
yacCp,2.0,49,16,CTTAAGGTAAAGTATTGTTG,33,4100419
yacCp,0.23529411764705882,19,16,CTGGCAACGAACTCGTATGC,3,4104467
yacCp,1.8823529411764706,47,16,CTAAAAGCGGTTTCAGTGTA,31,4088653
yacCp,1.0588235294117647,33,16,CGTCTAACATATGGTTTGTT,17,4089929
yacCp,1.4705882352941178,40,16,CGTATTGCGCGGAGACAGAT,24,4092698
yacCp,0.7058823529411765,27,16,CGGGGAGCTTTAATTTAACA,11,4095237
yacCp,0.11764705882352941,17,16,CGCTTGGCTCAGCTTTATTA,1,4081481
yacCp,1.3529411764705883,38,16,CGCTTGAACGGGACTCGCCC,22,4085930
yacCp,0.11764705882352941,17,16,CGACTGGACTCGCCCGGTGT,1,4085727
yacCp,0.47058823529411764,23,16,CGAAACAATCGGAGCTTCAG,7,4083399
yacCp,1.2352941176470589,36,16,CCTGGGTCACTTTTCCGCTC,20,4099501
yacCp,0.7647058823529411,28,16,CCCTTATATCGGCAAAGACG,12,4088857
yacCp,15.941176470588236,286,16,CATGGGGGCATGGATAAATG,270,4109793
yacCp,0.11764705882352941,17,16,CATCATAGCCAAGATACACA,1,4107831
yacCp,0.11764705882352941,17,16,CAGTGGACATCCTCCGCACG,1,4092733
yacCp,1.4705882352941178,40,16,CAGTCGCTCCTACATCTCCC,24,4080186
yacCp,0.8235294117647058,29,16,CAGCACATCTACTCATGGCA,13,4087597
yacCp,2.411764705882353,56,16,CACATTACGACCCCCATAAC,40,4112340
yacCp,0.29411764705882354,20,16,ATTTTAGCTCACGTGTATCC,4,4101955
yacCp,0.17647058823529413,18,16,ATTATCGGAAAGGTATCGTA,2,4082402
yacCp,6.764705882352941,130,16,ATGTTGATCTCGCACGTATC,114,4106938
yacCp,1.1176470588235294,34,16,ATGATTTTATGTAATCCATT,18,4081007
yacCp,0.17647058823529413,18,16,ATCATGACTAAGAACGATGC,2,4089765
yacCp,0.7647058823529411,28,16,ATCAGAACGTGATGGGGCGT,12,4089726
yacCp,0.7647058823529411,28,16,ATACAGTGGTTGCGACCAAT,12,4098732
yacCp,4.470588235294118,91,16,ATAAACAAAGCATCATCATT,75,4086067
yacCp,0.11764705882352941,17,16,AGTCGGCATCTCATCTGTTA,1,4107520
yacCp,1.1176470588235294,34,16,AGGAGGCTTTCGGTCCTCAG,18,4085729
yacCp,0.11764705882352941,17,16,AGGACACCCCAACTCAAGGT,1,4093051
yacCp,2.5294117647058822,58,16,AGCACCATAGCGTGACGTGA,42,4091539
yacCp,1.0588235294117647,33,16,AGAGCGTTTATTACGGATAC,17,4097453
yacCp,0.23529411764705882,19,16,AGACTTAAGTGTACCACGTT,3,4079490
yacCp,10.411764705882353,192,16,ACTTTAGGTTAGGACTAGCA,176,4110147
yacCp,0.23529411764705882,19,16,ACTTGAGTCCATAGTCACTT,3,4100897
yacCp,0.5882352941176471,25,16,ACTCCAAGGCTTGACCTGAC,9,4093164
yacCp,2.7058823529411766,61,16,ACTAAAAGTTCCAACGAACA,45,4085194
yacCp,0.11764705882352941,17,16,ACCGCAATCTGGGAAGCCCA,1,4098660
yacCp,0.4117647058823529,22,16,ACATACAGACGCCATAAAAT,6,4098564
yacCp,0.5882352941176471,25,16,AATGCAATTACCTCGGAAGT,9,4092291
yacCp,1.7058823529411764,44,16,AACTCGAGTCCAGGGTCGCA,28,4110863
yacCp,1.1764705882352942,35,16,AACCTACCATGCTCGGATAC,19,4113077
yacCp,0.125,16,15,TTTGGCATAGCCCTTGGCGA,1,4086866
yacCp,0.3125,19,15,TTCGGTACTCATTTCGTAGC,4,4106195
yacCp,2.0625,47,15,TTCGGGACTTGAGGTCGTGT,32,4079369
yacCp,1.0625,31,15,TTCCTCGCTGGAGTGAGGCC,16,4081355
yacCp,1.6875,41,15,TTCCGTGCACAGCGGAGCGG,26,4092691
yacCp,0.9375,29,15,TTATAATCAAACCAAGACCA,14,4088868
yacCp,2.0,46,15,TGTTACGACACAGACAGTGC,31,4091155
yacCp,1.0625,31,15,TGTGCTCCCGTAAAAACCAC,16,4103171
yacCp,0.125,16,15,TGTCACTCGTTACAAAGATC,1,4082550
yacCp,0.75,26,15,TGCATCGGCGAATTTTGAAA,11,4089218
yacCp,0.5,22,15,TCTTGTACCACGCCAATCAG,7,4098114
yacCp,1.0,30,15,TCTATCATTGATGCACAACT,15,4100505
yacCp,1.0625,31,15,TCCCGACCGTACGGTGGGCC,16,4087063
yacCp,1.0625,31,15,TCACGACACTTGCCGCCCCT,16,4081607
yacCp,1.6875,41,15,TCAATAAGACCTGATTTTGG,26,4103930
yacCp,0.125,16,15,TCAAGCACACCGTGGTCAGA,1,4103003
yacCp,1.3125,35,15,TAGCTCTGCTTAGAAGGCGG,20,4086158
yacCp,1.0625,31,15,TAGACGAGGACTGAGGACTG,16,4091269
yacCp,1.5625,39,15,TACCAGACTAAGCGGCCTGT,24,4105196
yacCp,1.5,38,15,TACATCGAAAAGGTTTCTAC,23,4079786
yacCp,1.25,34,15,GTTTGAGCGGTGGTTAGGAA,19,4090251
yacCp,1.125,32,15,GTTCAGTCAATTGCTCCGGT,17,4096227
yacCp,0.1875,17,15,GTGGGGTCAAGTATTTCGTA,2,4098939
yacCp,0.875,28,15,GTCGAGTTGCGTAGAGGTGT,13,4101072
yacCp,0.6875,25,15,GTCAGGACGTTTGCTATTTA,10,4091571
yacCp,0.6875,25,15,GTATATTCGCCCAGGTAATG,10,4101017
yacCp,0.25,18,15,GTACGGAAACGTCTAAGTTG,3,4080932
yacCp,3.5625,71,15,GGTGAAGGGGCCATTCAGTA,56,4091579
yacCp,1.1875,33,15,GGTCTCTAGCGCTGCCGCAA,18,4084956
yacCp,1.3125,35,15,GGTATACAAGGTAATCCCTA,20,4081040
yacCp,0.1875,17,15,GGGGGGTTCAATTAACGTGC,2,4102944
yacCp,0.125,16,15,GGCCTGTATGAACGTTGGGG,1,4085625
yacCp,1.6875,41,15,GGCACTGAGGATCTTTAGTA,26,4110917
yacCp,0.9375,29,15,GGCAACTACTCTAGTGGAGT,14,4089552
yacCp,0.125,16,15,GGAGTCCGCCTATCCTGAAA,1,4111173
yacCp,0.125,16,15,GGACTATTCAGCGACATTTG,1,4092931
yacCp,1.0,30,15,GGAATTGCACTACAACTGAT,15,4086499
yacCp,0.9375,29,15,GCTATAGATGTCGTTTGGGT,14,4088862
yacCp,3.4375,69,15,GCTAGAAGCTGGTTTTTGAT,54,4107733
yacCp,0.3125,19,15,GCGTAGGAAGTATGTCACCG,4,4088231
yacCp,0.25,18,15,GCGGCACGAGGCATCCCCGG,3,4094709
yacCp,0.25,18,15,GCAGGTCCCGCCACGTGGTT,3,4090842
yacCp,1.5,38,15,GCAACGGCGCTGACGGGCAT,23,4089661
yacCp,0.625,24,15,GCAACCGTCGTCCGTAATGA,9,4095960
yacCp,1.0625,31,15,GAGATGTACCTTAAGCTGAA,16,4082807
yacCp,5.1875,97,15,GACTACTCATTCGCCTTCCT,82,4097216
yacCp,0.25,18,15,CTGGTTTATTGTATCGAAGG,3,4109890
yacCp,3.5625,71,15,CTGCGTCTCTGTTGAACGGG,56,4088766
yacCp,0.1875,17,15,CTCATGCATGGAGCATTATC,2,4087350
yacCp,0.25,18,15,CTCATAGGATGGAATCCGGT,3,4086331
yacCp,0.1875,17,15,CTACCAAATGGATCCTCCGA,2,4083444
yacCp,0.125,16,15,CTAAAGTGAGGGTCACCTGA,1,4078519
yacCp,0.1875,17,15,CGTCTGGTTTGGTGGAATGA,2,4099447
yacCp,0.6875,25,15,CGGGGCATTTGGGCGCAATG,10,4107801
yacCp,1.125,32,15,CGCCATGGGGCTGCTACATG,17,4091080
yacCp,0.125,16,15,CGCATTTCCAGGGAGGACGA,1,4085753
yacCp,0.25,18,15,CCTTGGTCTTGTGTCACGGC,3,4084291
yacCp,0.125,16,15,CCTCCGGGGCGTGTTCATCT,1,4085438
yacCp,0.125,16,15,CCGTGCCGGTGAGTTACTGG,1,4097479
yacCp,1.375,36,15,CATGTTGGATGGAGAAGTTG,21,4087260
yacCp,1.6875,41,15,CATAGAATATTCGGCTCCTG,26,4097119
yacCp,0.875,28,15,CACTTTCGAAAATATATTGA,13,4099291
yacCp,0.6875,25,15,CACTGTCACCTCGGAGAATT,10,4103555
yacCp,2.4375,53,15,CACGGCCTAATGAAAGTGAA,38,4095799
yacCp,0.75,26,15,CAATGCCAGGACGCCGCAAT,11,4105074
yacCp,0.4375,21,15,CAAGTTCCCTTGCTCCTGCA,6,4106298
yacCp,0.375,20,15,ATTCCCCCGTTGACATCCAC,5,4083193
yacCp,1.25,34,15,ATTCAGAATCCTCAGTCTCG,19,4092607
yacCp,0.5,22,15,ATGTAGGGTTAGCGGGCCGT,7,4112613
yacCp,0.5625,23,15,ATGAAGTGGAAATCCCCTAA,8,4105311
yacCp,0.3125,19,15,ATCTTAGATAGGCAATATTT,4,4087586
yacCp,0.125,16,15,ATCCACCGAGATATGAAGGT,1,4082944
yacCp,1.8125,43,15,ATATCCTAGATCAGGGCTAT,28,4100284
yacCp,4.8125,91,15,ATATCCCTCTGGCATTTGCA,76,4111454
yacCp,0.4375,21,15,ATAACCTTCCGATCGGGTAG,6,4094987
yacCp,0.375,20,15,AGTCCTGGACACCCCAGTGA,5,4104656
yacCp,0.1875,17,15,AGTATCACATGATCGCTGCA,2,4111105
yacCp,0.125,16,15,AGGTTCTTCGGTGTACAGGC,1,4097790
yacCp,1.5625,39,15,AGCCTGGAAGCAGAACGGTT,24,4095716
yacCp,3.75,74,15,ACTTCTGAGAAGGCATAGCC,59,4103354
yacCp,0.125,16,15,ACTGTGCGTGTTCTCGGTCT,1,4085347
yacCp,9.9375,173,15,ACGTAAGCCAGAGAACCCTT,158,4113015
yacCp,0.6875,25,15,ACGACCGCTCGACACGATAA,10,4105815
yacCp,1.0,30,15,ACCATCAACGTAGACCGCGG,15,4104107
yacCp,0.4375,21,15,AATTGTTCCGCAAGCAGATC,6,4101739
yacCp,0.1875,17,15,AATGAAGAGTGTTGAACGTA,2,4110264
yacCp,0.8125,27,15,AATAGGGATCTACTGTAGAC,12,4101954
yacCp,0.125,16,15,AAGCGCCCGTATTTGTAATG,1,4083001
yacCp,0.8125,27,15,AACTGTCGCGGCAGCGGGAT,12,4112605
yacCp,0.625,24,15,AAACGCTGAGCCACCGACAC,9,4104062
yacCp,1.9333333333333333,42,14,TTTGCTGGGCCAGGGATTCC,28,4087471
yacCp,0.5333333333333333,21,14,TTTCTGCACGTTACCGCGCT,7,4087970
yacCp,0.13333333333333333,15,14,TTGCCAACCGCATGTGAGTG,1,4110070
yacCp,1.4,34,14,TTGATGGAAATGGGGGGCGG,20,4104432
yacCp,0.5333333333333333,21,14,TTCTTATTGTTCCACGATGT,7,4093745
yacCp,1.2666666666666666,32,14,TTCTAGCCCGGCATTAGATT,18,4097223
yacCp,0.6,22,14,TTCCTCAGTATTCCCTAGCT,8,4080637
yacCp,0.8666666666666667,26,14,TTAGGGTTAAGTTTCTGGCT,12,4090079
yacCp,0.2,16,14,TTACCTGGGTCGCCCGTGAT,2,4082645
yacCp,0.8,25,14,TGTTTGTAACACCCATGCAT,11,4080360
yacCp,1.0666666666666667,29,14,TGGATTTTCAGCATGTCACT,15,4105519
yacCp,0.7333333333333333,24,14,TGGAATAAGATACTTTTGTG,10,4092742
yacCp,0.2,16,14,TGCGCCCAAAGGACCCATTG,2,4104556
yacCp,0.13333333333333333,15,14,TGCAGAGGGGGTAAGTCAGT,1,4094757
yacCp,1.1333333333333333,30,14,TGAAAAATCCCTGGCTTAAG,16,4111287
yacCp,2.0,43,14,TCTTTCTATGCCGGCAGTAC,29,4103505
yacCp,1.0,28,14,TCTTCCGCGAAGTTGAGCAT,14,4093216
yacCp,0.6666666666666666,23,14,TCTGCTATGAGAGTAGCCAG,9,4084582
yacCp,1.1333333333333333,30,14,TCTAGGATCATCCCGGCCGC,16,4111620
yacCp,0.4,19,14,TCTAGATCATCAAATCTGCC,5,4089699
yacCp,0.9333333333333333,27,14,TCTAGAGTCAAACTATCAGC,13,4083897
yacCp,1.2,31,14,TCCCACTCGTGGGTCCTCTT,17,4097341
yacCp,9.6,157,14,TCAGGTTACCAACCTAGTTG,143,4084702
yacCp,1.0,28,14,TCACGCGCCTTGGTATAATG,14,4085474
yacCp,2.2666666666666666,47,14,TCAATACGTCCCAAGGTCTG,33,4096811
yacCp,0.13333333333333333,15,14,TATCATCTTAAAGGGGGTTA,1,4089688
yacCp,1.2666666666666666,32,14,TAGGATGACTCCAAGCTAAA,18,4092748
yacCp,1.2666666666666666,32,14,TAGCCGGCAGCGGTTCAGCG,18,4083290
yacCp,1.8,40,14,TAGCCACTGGTTTGGAGGAC,26,4112361
yacCp,1.2,31,14,TAACCGTCCGCGTGATGTAT,17,4096749
yacCp,0.3333333333333333,18,14,GTTTAGCTCGACCATATGTG,4,4099846
yacCp,2.0,43,14,GTGTTCTAGCACGGCGTATG,29,4095628
yacCp,1.8666666666666667,41,14,GTGTTAACCAGTGTATAGAG,27,4085897
yacCp,1.3333333333333333,33,14,GTGGTTCGAACGTATTTCCA,19,4111800
yacCp,0.9333333333333333,27,14,GTGGGGGGCGAGCTCCCAGA,13,4084852
yacCp,0.13333333333333333,15,14,GTCGCGGCAACTAATGGATA,1,4082921
yacCp,1.5333333333333334,36,14,GTAAATAATTATGGCCCATG,22,4102140
yacCp,0.13333333333333333,15,14,GGTGAGGACGGTAGAATATA,1,4081211
yacCp,0.5333333333333333,21,14,GGTGAAGTTAAGGGGAAGGA,7,4102195
yacCp,0.7333333333333333,24,14,GGGGGCAACATGTTTGGAAG,10,4110281
yacCp,0.2,16,14,GGCGTGGGAATAGATGTCTT,2,4084521
yacCp,0.6,22,14,GGCGATATTTCCTAACGCGA,8,4109553
yacCp,0.26666666666666666,17,14,GGAACTGCTTTACGGCAGGC,3,4105689
yacCp,2.2,46,14,GGAAATGAGCAATTTATCCT,32,4101689
yacCp,0.13333333333333333,15,14,GCTGCCCAACCGTCGGTTAT,1,4078640
yacCp,2.066666666666667,44,14,GCGTACCTGAGAGGCACTCT,30,4093495
yacCp,0.7333333333333333,24,14,GCCTTCCGTCATTGGCCTGA,10,4101615
yacCp,3.2666666666666666,62,14,GCCTCCAGGATGCGTACGCT,48,4081574
yacCp,0.6,22,14,GCATTACCAATAGTGGCGAT,8,4095798
yacCp,0.26666666666666666,17,14,GCAGGACCGAATTGGTCCGA,3,4101643
yacCp,1.2,31,14,GCAATCCACGTCTCGTGGGT,17,4094767
yacCp,0.13333333333333333,15,14,GCAATCATGGCACTCTATAT,1,4104715
yacCp,1.6,37,14,GATGAGGTCGTCATAATCGA,23,4103662
yacCp,0.13333333333333333,15,14,GAGAGTTGCATGGGCATGCT,1,4080579
yacCp,0.9333333333333333,27,14,GAAGGTCATACTTTCGACAT,13,4086683
yacCp,3.0,58,14,CTGCGTCGATAGGTTGCCCA,44,4102979
yacCp,0.13333333333333333,15,14,CGTATCATAAGTGAAAGTGA,1,4082342
yacCp,1.0,28,14,CGCTTGAGCGTATAAGCTAT,14,4099092
yacCp,0.8,25,14,CGCCAGATACTCCACAAAGG,11,4097680
yacCp,0.13333333333333333,15,14,CGAGGGAACGACCTAATCGC,1,4080301
yacCp,0.9333333333333333,27,14,CCTCTGCCAGCATGGTACTT,13,4086197
yacCp,0.13333333333333333,15,14,CCGGGACTTAGTGGTCGTTC,1,4091240
yacCp,0.13333333333333333,15,14,CCGGACATCAGCATCATTAA,1,4099127
yacCp,0.3333333333333333,18,14,CCGCTTTTAGCTTGCGGATC,4,4094860
yacCp,0.4666666666666667,20,14,CCGCGGACTTGGTAACTCCA,6,4085109
yacCp,0.4666666666666667,20,14,CCGCGGACTAGCCTGGATCA,6,4104464
yacCp,1.6,37,14,CCGCCCGCGAGGTCCCCTTT,23,4088586
yacCp,3.2666666666666666,62,14,CCCCTTGGGTTTCCAATTAT,48,4111405
yacCp,0.6666666666666666,23,14,CCCCTGAGGGTTTGCCAGCT,9,4104037
yacCp,0.9333333333333333,27,14,CCCAAGGATGAGAGGCATTA,13,4105163
yacCp,0.13333333333333333,15,14,CCAGGCCGTAGGGAGCTTTT,1,4106676
yacCp,0.7333333333333333,24,14,CCACCTGTAGGGAGCCCCAA,10,4100054
yacCp,0.6,22,14,CATTGGAGTCAGGTGATATG,8,4079799
yacCp,0.13333333333333333,15,14,CATCCGGGGGACAATGGTGT,1,4101337
yacCp,0.4666666666666667,20,14,CATCAAGTACGGAGATAGCG,6,4101424
yacCp,0.9333333333333333,27,14,CAGTTGGAAAGGTATCGGTC,13,4089558
yacCp,0.3333333333333333,18,14,CAGTATAGCCTCGGCCCATC,4,4102808
yacCp,0.8,25,14,CACTGCATCCCAAGCGAGCG,11,4080426
yacCp,1.2,31,14,CAAGGCGATCATCTAGTAGT,17,4091799
yacCp,0.9333333333333333,27,14,CAACATTGCCAACGATAGTT,13,4094381
yacCp,0.13333333333333333,15,14,CAAATAAACGTGAGTTTGTC,1,4080198
yacCp,0.13333333333333333,15,14,ATTGTAGTGCGAAGATATTA,1,4079313
yacCp,2.0,43,14,ATTGCGTGACACGAAAACAG,29,4088657
yacCp,0.7333333333333333,24,14,ATTATGTTTGCGGTTGTGCC,10,4101595
yacCp,1.2666666666666666,32,14,ATGTAATAATGTCTCGGGCA,18,4106152
yacCp,0.4666666666666667,20,14,ATCCAAGTCAATAACAGATC,6,4095736
yacCp,0.13333333333333333,15,14,ATAATATAACGAATTAAATT,1,4092240
yacCp,2.2666666666666666,47,14,AGGTTGTGCAATCAAGTCTG,33,4084318
yacCp,0.8,25,14,AGGGAAACCTGGTCTTGAAA,11,4101966
yacCp,1.1333333333333333,30,14,AGGACTGTGCGTATAGTGTT,16,4108625
yacCp,0.4,19,14,AGCTGGACTACGAGCACAGT,5,4104465
yacCp,1.9333333333333333,42,14,AGCGTTAGAATGATACATGA,28,4111216
yacCp,2.066666666666667,44,14,AGCGAATTAGTTTGATCGTA,30,4082998
yacCp,0.13333333333333333,15,14,AGCATCTACTTGGCTCATCC,1,4095497
yacCp,2.0,43,14,AGCAGTAAAGATCTGGGCGT,29,4085462
yacCp,0.7333333333333333,24,14,AGCACATCGGGGCATCGGCA,10,4080390
yacCp,1.4,34,14,AGATATCCAGGTATAACACG,20,4096068
yacCp,1.6,37,14,AGACCTACGAAGTGTTCTCT,23,4082708
yacCp,3.933333333333333,72,14,AGACCGGACATGTGGGCGTC,58,4084050
yacCp,0.4,19,14,ACTTTCATACGGGCATACTC,5,4105077
yacCp,0.8,25,14,ACTTAGCAGTGTACGAATTG,11,4107859
yacCp,0.7333333333333333,24,14,ACTGATAGGTCTGTGCTGAA,10,4097454
yacCp,0.8,25,14,ACTCGTCAATCGTGAGCCGG,11,4083570
yacCp,0.2,16,14,ACGGAGGACGTGGGTGTCAG,2,4101489
yacCp,0.8,25,14,ACGCCTTACTCGGTGACCAC,11,4103829
yacCp,0.2,16,14,AACATGAAAGAGTCAGGGGA,2,4090792
yacCp,4.6,82,14,AACAGATTATGGCTCATGTG,68,4097208
yacCp,0.6666666666666666,23,14,AAATGGTCGGAAGAGGCGAA,9,4099639
yacCp,1.5333333333333334,36,14,AAAACTAGGTCTGGAATGGT,22,4092194
yacCp,4.428571428571429,74,13,TTTGTTTGTTAAGTGGGTCT,61,4094935
yacCp,1.0,26,13,TTTATTGATTGTGAGTCACA,13,4082456
yacCp,0.2857142857142857,16,13,TTGTTACAGTTTGGTAATCG,3,4112175
yacCp,1.9285714285714286,39,13,TTGTAACCAGATCAAGGATA,26,4102655
yacCp,2.0,40,13,TTGGTTTACGTCTCGGGCCT,27,4109655
yacCp,1.0,26,13,TTGCAGTATCTTTCATGAGT,13,4080872
yacCp,0.42857142857142855,18,13,TTCGTGGACTCCTTTTACCT,5,4105616
yacCp,0.42857142857142855,18,13,TTCGCGTTTACAGTATACGT,5,4097503
yacCp,2.142857142857143,42,13,TTCGCGGTTAAGGGATGTCG,29,4080827
yacCp,4.714285714285714,78,13,TTCCTACATTTAACCTCCAG,65,4085134
yacCp,5.714285714285714,92,13,TGTAGCGCCGAGGTTGCCGT,79,4091519
yacCp,0.21428571428571427,15,13,TGGGTCCAGGAGTCGTACAC,2,4100981
yacCp,0.7142857142857143,22,13,TGGGGTATTCAAGCACGCAA,9,4079429
yacCp,0.7857142857142857,23,13,TGGCGATATCGATTGGGCGT,10,4087840
yacCp,0.42857142857142855,18,13,TGGAGTCAAGCGAGTACGGT,5,4087259
yacCp,0.21428571428571427,15,13,TGCTCGCTGCCTCGGACGAG,2,4081203
yacCp,1.4285714285714286,32,13,TGCGGAATATGTGGCAAAAA,19,4108024
yacCp,2.857142857142857,52,13,TGCATCGGTTATTCATTGTA,39,4103314
yacCp,1.7857142857142858,37,13,TGCAGTGACACGCATATCAA,24,4092664
yacCp,1.7857142857142858,37,13,TGCAAGGAGGTAAACATGAT,24,4087755
yacCp,6.071428571428571,97,13,TGATAATTTATTGATAATAG,84,4092792
yacCp,0.14285714285714285,14,13,TGAGATTATGTTGGGAACCT,1,4082062
yacCp,0.21428571428571427,15,13,TGACTTGTCTAAGGGAACCA,2,4094800
yacCp,1.1428571428571428,28,13,TCTTGGGGAGAAAAAAAGCG,15,4096119
yacCp,0.14285714285714285,14,13,TCGTGACACGTAAAATGTCT,1,4085135
yacCp,1.0714285714285714,27,13,TCGGTGCTGGAACTGGTGGC,14,4081409
yacCp,0.9285714285714286,25,13,TCGCCGGCCTAAACCCGGTA,12,4101488
yacCp,0.14285714285714285,14,13,TCGCAGAGTGCGGCCGTATC,1,4105422
yacCp,0.7142857142857143,22,13,TCGAAGCTTGTACCTACTCA,9,4103246
yacCp,2.5714285714285716,48,13,TCCTGCATATTAGATAACCT,35,4108764
yacCp,0.14285714285714285,14,13,TCCGGCCGAGTGCGAGCGTA,1,4096554
yacCp,0.21428571428571427,15,13,TCCATGCATGATGTTAAGAG,2,4090068
yacCp,0.14285714285714285,14,13,TATGGAGGTCGGACTGCTGT,1,4103830
yacCp,0.5,19,13,TATGACAGACGGGCAGCGCT,6,4104170
yacCp,2.0,40,13,TATAACTCCTGTTCAGGGTC,27,4079171
yacCp,2.857142857142857,52,13,TATAAAATTCTATGAGATCG,39,4084060
yacCp,1.6428571428571428,35,13,TAGGCGCCCTTCGTAGCTTA,22,4082604
yacCp,0.14285714285714285,14,13,TAGATCTTTCTTCCAATTTA,1,4085510
yacCp,1.7142857142857142,36,13,TAGAAGTCGCTGGATTGTCT,23,4108669
yacCp,1.9285714285714286,39,13,TACTATCTTAGGACCTGTAA,26,4093147
yacCp,0.42857142857142855,18,13,GTTACAAACGTTACTCACCA,5,4089169
yacCp,0.14285714285714285,14,13,GTGGTGGACCGGCGCCCCTA,1,4089555
yacCp,0.2857142857142857,16,13,GTGGCCGTCAGTTCCAAATA,3,4089720
yacCp,0.5,19,13,GTGACCCGTCGTATCACCTG,6,4092767
yacCp,2.2142857142857144,43,13,GTCATAAAAGTGGTCTCGAG,30,4083461
yacCp,6.785714285714286,107,13,GTCACAGTTCGAAAGTCCGT,94,4088104
yacCp,2.142857142857143,42,13,GTATTTTGGCACGGTAACTA,29,4083340
yacCp,0.9285714285714286,25,13,GTACCCGAGCGCCCAGCCAG,12,4108645
yacCp,0.6428571428571429,21,13,GTACCAGAGTGAATATGACT,8,4089277
yacCp,2.2857142857142856,44,13,GGTGAAGCATCGGCCTGCAG,31,4095561
yacCp,0.14285714285714285,14,13,GGTAGCAAATGTGAGCACAG,1,4085911
yacCp,0.42857142857142855,18,13,GGGTTCACGGCATGTTGGTC,5,4107283
yacCp,9.5,145,13,GGGCTGTCCTACAAGATGAG,132,4109449
yacCp,0.2857142857142857,16,13,GGCCCCCGTATGGTAGGAGA,3,4085552
yacCp,0.8571428571428571,24,13,GGCCCCCAGCGGCGCCAATC,11,4095964
yacCp,0.6428571428571429,21,13,GGCCAATCATTCCCTCAGGT,8,4108518
yacCp,1.5714285714285714,34,13,GGATGCGCATGCCTTACCAC,21,4097599
yacCp,0.42857142857142855,18,13,GCTAGGTTCATTTCCGTTAA,5,4104219
yacCp,0.35714285714285715,17,13,GCTAGAGAACCTTTAACTGT,4,4079527
yacCp,1.6428571428571428,35,13,GCGGGGGAGCCTGGCAGCGA,22,4110740
yacCp,0.42857142857142855,18,13,GCCCTCTACAAGTACCAGAC,5,4092857
yacCp,1.9285714285714286,39,13,GCCCATCGGTGTCGTAATGG,26,4089454
yacCp,2.0714285714285716,41,13,GCCCAGTGAATAGGGGCCGA,28,4092569
yacCp,5.857142857142857,94,13,GCAAAAGTCGGGTAATCTAT,81,4112314
yacCp,0.35714285714285715,17,13,GATCGACACGTGACGCAAAC,4,4085581
yacCp,0.5714285714285714,20,13,GAGCGATACAAGGTCATGTG,7,4087220
yacCp,0.21428571428571427,15,13,GAGAGAGTAGGGCCGCCCTT,2,4111353
yacCp,0.14285714285714285,14,13,GACGCAGTGCATTGAATGGA,1,4080596
yacCp,1.6428571428571428,35,13,GACGATCAAGGTTGCGTGGA,22,4098946
yacCp,1.2142857142857142,29,13,GAACTTCTGAGGATACAAAA,16,4086504
yacCp,0.7142857142857143,22,13,GAAATACAACGCATCATCGT,9,4099035
yacCp,0.5,19,13,CTTTCTCGGGCGTCAATATC,6,4083308
yacCp,8.0,124,13,CTGGTTATTGGGAGAACGAG,111,4110132
yacCp,1.2857142857142858,30,13,CTGCATAAGTATTATGGTCT,17,4103610
yacCp,2.4285714285714284,46,13,CTCCTTACCTACTATATGAT,33,4109786
yacCp,0.14285714285714285,14,13,CTATTCGCGAACGTCGGGCT,1,4105266
yacCp,2.857142857142857,52,13,CGGGGCCTTAAGGATTATCG,39,4107083
yacCp,0.5,19,13,CGGGACACCGATTATATCTC,6,4101292
yacCp,0.6428571428571429,21,13,CGGACTCTAAGATACGCGTA,8,4088760
yacCp,0.2857142857142857,16,13,CGCAAGCTATAAAAGTTTAT,3,4080861
yacCp,0.8571428571428571,24,13,CGATGCATCAAGGGGGAGGT,11,4085263
yacCp,2.5714285714285716,48,13,CGAGCGGCCTAGAAGGCCAA,35,4112764
yacCp,2.7857142857142856,51,13,CCTGATCCGTCATACATCAT,38,4083518
yacCp,0.14285714285714285,14,13,CCGTATTGCAGCCTCCGCTG,1,4085840
yacCp,0.5,19,13,CCGGGTTAACGCTCGATGAT,6,4103333
yacCp,2.0714285714285716,41,13,CCGCGTGGCACACCTATACT,28,4089763
yacCp,1.9285714285714286,39,13,CCCTCTGAGCTCACGCGTGA,26,4094479
yacCp,1.0714285714285714,27,13,CCCGCAGGGTATTTCGGTCA,14,4103103
yacCp,0.14285714285714285,14,13,CCCGAGTTCAACCGATAACT,1,4099006
yacCp,0.2857142857142857,16,13,CCCAAGATGGAACGTTTATC,3,4101593
yacCp,5.214285714285714,85,13,CCACCGGTCTAGCAGAGGCA,72,4111401
yacCp,0.21428571428571427,15,13,CCACCCAGTCTTCAATCGGG,2,4099582
yacCp,4.857142857142857,80,13,CCAAATGGGGTACTTATCCA,67,4106971
yacCp,1.2142857142857142,29,13,CATTGCTAACTGTGGCGCGA,16,4086814
yacCp,1.4285714285714286,32,13,CATTGATATGAAATCGTTAA,19,4106724
yacCp,1.5714285714285714,34,13,CATTAAAAACCATTATCTAA,21,4099450
yacCp,1.4285714285714286,32,13,CATCCTCGGTTATTCACGAG,19,4108400
yacCp,0.14285714285714285,14,13,CATAGAGCCGAGGCGATTAA,1,4109048
yacCp,9.928571428571429,151,13,CATAATACCCCAGGTCATAA,138,4111817
yacCp,0.21428571428571427,15,13,CAGCAGGGAAAGCGCACCAG,2,4091858
yacCp,1.1428571428571428,28,13,CACTAATCCATTCTCATCTT,15,4095047
yacCp,0.21428571428571427,15,13,CACGGGCCGGTGGTTCAGAA,2,4087277
yacCp,0.42857142857142855,18,13,CACCTCAGGATATTGCGCAT,5,4088946
yacCp,2.642857142857143,49,13,CACATGGCAAAGGTCGGTAG,36,4102009
yacCp,0.21428571428571427,15,13,CAAGAGGGCAGACGCCCTAG,2,4096234
yacCp,2.4285714285714284,46,13,CAACTACGCTCGCATATAAT,33,4110436
yacCp,0.5,19,13,CAAAGACACGGGACGTGGAT,6,4082322
yacCp,1.3571428571428572,31,13,CAAAATGAAGGGGCATAACT,18,4106405
yacCp,1.5,33,13,ATTGTATTTCTTCCACACGA,20,4089082
yacCp,0.7857142857142857,23,13,ATTGCAGCTAACGTCAGCCG,10,4111743
yacCp,0.7142857142857143,22,13,ATTGATGGTGCGACCGCATC,9,4080308
yacCp,2.7857142857142856,51,13,ATTCCGTTGTAGAGGCCTGC,38,4090617
yacCp,1.9285714285714286,39,13,ATTCAGGCTCTAAACCGCAG,26,4087006
yacCp,1.3571428571428572,31,13,ATTCAGACTTAAGCCTTGCC,18,4107333
yacCp,1.1428571428571428,28,13,ATGTTCAGCCTGCTAATCTG,15,4089728
yacCp,0.14285714285714285,14,13,ATCTGCGCACGGACGCAACT,1,4087987
yacCp,1.7142857142857142,36,13,ATCCCGGCCGACCCACCCTT,23,4096427
yacCp,0.21428571428571427,15,13,ATAGAACGATTTCGATCCGC,2,4087956
yacCp,1.2857142857142858,30,13,ATAATTCATTACCGCAATAC,17,4080800
yacCp,0.14285714285714285,14,13,AGGTTTTTTGCATAACACGT,1,4084395
yacCp,0.14285714285714285,14,13,AGGTAGCATCAACAGTAAAA,1,4083403
yacCp,0.2857142857142857,16,13,AGGGGCAAGCCACTCCCCCG,3,4105737
yacCp,1.3571428571428572,31,13,AGGACAGAGGGGATGAATAC,18,4102015
yacCp,0.5,19,13,AGCTCTGTGCTCGATGGAAT,6,4093407
yacCp,4.642857142857143,77,13,AGCCGGATCTGAGGGATCCC,64,4080164
yacCp,1.2142857142857142,29,13,AGAGTTCGGAGGTGATTCTC,16,4091809
yacCp,1.1428571428571428,28,13,AGAGACGCAACTAGGGACAG,15,4081605
yacCp,1.2142857142857142,29,13,AGAAACCGCATGGAATAGGC,16,4083729
yacCp,0.2857142857142857,16,13,ACTCTGTCAGCGGGGCCGTA,3,4111918
yacCp,0.7857142857142857,23,13,ACGTCTACGAGTTACGATGC,10,4092181
yacCp,0.2857142857142857,16,13,ACGGCTGGTCAGGGTTTTCA,3,4095064
yacCp,2.5714285714285716,48,13,ACAGCAAATTTGCACCCCTT,35,4110902
yacCp,0.14285714285714285,14,13,ACAGATACGGCAACTTCACT,1,4096165
yacCp,1.2857142857142858,30,13,ACAAATCTAGGTGATACCAG,17,4080823
yacCp,0.7142857142857143,22,13,AATGTGGTCCGGGCGTAGGA,9,4089108
yacCp,0.35714285714285715,17,13,AATCGTTTCGATCTCTTTTT,4,4101336
yacCp,6.285714285714286,100,13,AATCGTCATGGGCTGTTGGA,87,4110469
yacCp,0.5,19,13,AATCATGCGCGCATTAGATG,6,4091575
yacCp,3.0,54,13,AATAGCTATACCTCATATGG,41,4108091
yacCp,0.9285714285714286,25,13,AAGGTTGTTCGGAATTGAAA,12,4078680
yacCp,0.6428571428571429,21,13,AAGCGGGTCCGACTGCGTGT,8,4111209
yacCp,0.8571428571428571,24,13,AAGATAATTATCACTTACTG,11,4085286
yacCp,0.5714285714285714,20,13,AAGAGAGTGCCCTGCGAACC,7,4106002
yacCp,0.14285714285714285,14,13,AACGGTGTGCCAACCCAGTC,1,4101750
yacCp,0.5714285714285714,20,13,AACATAACGTGGGGGTCACA,7,4085336
yacCp,1.0714285714285714,27,13,AAAGACTCCGATTTGCACTT,14,4108936
yacCp,5.769230769230769,86,12,TTTGTTCTGGGTATCTTGTT,74,4110799
yacCp,3.1538461538461537,52,12,TTTGATACAACATTAGATAT,40,4098642
yacCp,0.15384615384615385,13,12,TTTCCACGCGTCAAGGTCGG,1,4091403
yacCp,3.923076923076923,62,12,TTGTCGCGGGTAGGCAATTA,50,4091295
yacCp,0.23076923076923078,14,12,TTGTAGTCCCGCTAAACAGG,2,4109389
yacCp,1.7692307692307692,34,12,TTGGTACCAACTCTGAAATT,22,4105410
yacCp,0.7692307692307693,21,12,TTGCTTGAATCGATCGACGC,9,4086455
yacCp,1.3846153846153846,29,12,TTGACACTGACCAGATTCAA,17,4103125
yacCp,0.5384615384615384,18,12,TTCCAACTATGCTTCCTGTT,6,4089625
yacCp,0.15384615384615385,13,12,TTACTCACAGGTATCAGAAT,1,4090070
yacCp,0.23076923076923078,14,12,TTACATCTCCCGGACACTTA,2,4100406
yacCp,0.8461538461538461,22,12,TGTTTGTCCAGCCACTGGTG,10,4090305
yacCp,0.15384615384615385,13,12,TGTACCCCTGTTCATATTTC,1,4080922
yacCp,1.1538461538461537,26,12,TGGTGCACGAATCGTCTTCA,14,4091672
yacCp,0.23076923076923078,14,12,TGCTACTAGATATAGTACAC,2,4081006
yacCp,2.0,37,12,TGCGCCTTTGCGTAACATCT,25,4084554
yacCp,0.23076923076923078,14,12,TGCCGGCCTCCTGTGGTGCC,2,4108410
yacCp,0.23076923076923078,14,12,TGCATTACTGAGACTATAGC,2,4100899
yacCp,0.6923076923076923,20,12,TGAATGCACCCAAGTACAAG,8,4102687
yacCp,0.15384615384615385,13,12,TCTTACGAAGACGCATTTTG,1,4104572
yacCp,0.15384615384615385,13,12,TCTATGGCGACTCTTCGGTG,1,4090889
yacCp,2.0,37,12,TCGTCAATAAATACCACTAG,25,4091151
yacCp,1.1538461538461537,26,12,TCGCTGCTAACACGCCTATG,14,4081641
yacCp,0.8461538461538461,22,12,TCCTTCTTGGGCAGACTCGA,10,4101323
yacCp,0.15384615384615385,13,12,TCCGAACTGTGGGTAACTTG,1,4107466
yacCp,1.0769230769230769,25,12,TCAGCGGCTCGCGTGAAAAA,13,4085543
yacCp,4.923076923076923,75,12,TCACCGCCCATTACCCCAGG,63,4085366
yacCp,1.4615384615384615,30,12,TAGGCCGAATCGGGTGGCAA,18,4097471
yacCp,1.3846153846153846,29,12,TACTGTCCCACAAGACTCTG,17,4091328
yacCp,0.7692307692307693,21,12,TACGGCTGGACTCAGTTGGG,9,4082294
yacCp,0.3076923076923077,15,12,TACCTCCTGCTTTAGCCGGG,3,4110011
yacCp,0.23076923076923078,14,12,TACCGTGTGTAGAGTGAGAA,2,4100286
yacCp,1.7692307692307692,34,12,TACCACTAATGCACAGCTCA,22,4109589
yacCp,0.9230769230769231,23,12,TACATGGCGCCGTGTAGCAT,11,4079561
yacCp,0.15384615384615385,13,12,TACACACTAATAGAAGGTCA,1,4089344
yacCp,0.3076923076923077,15,12,TAACACTCCTTTATCTTCGT,3,4092490
yacCp,1.1538461538461537,26,12,GTTGTTTAGTGCCGTGGATA,14,4093695
yacCp,2.6923076923076925,46,12,GTTGGACTGCGCCTGCCGTA,34,4084314
yacCp,1.2307692307692308,27,12,GTTCAGTACGAGTCCGTAGG,15,4103593
yacCp,0.23076923076923078,14,12,GTTCAGCAAGCCTAGAGAAG,2,4079529
yacCp,0.23076923076923078,14,12,GTTAATTTATCCATGTAGCG,2,4101111
yacCp,2.3076923076923075,41,12,GTGTCTAGTAGTGGTGGTAC,29,4112149
yacCp,1.0,24,12,GTCCTGTCTACGCGAGGGAG,12,4080489
yacCp,0.15384615384615385,13,12,GTCCGGAGCACGTTGACTTA,1,4081356
yacCp,1.7692307692307692,34,12,GTCAGTAACGTGACGTGGTA,22,4104337
yacCp,3.4615384615384617,56,12,GTATCCAGCAAAGGCATTAT,44,4110201
yacCp,0.15384615384615385,13,12,GTAGTGTCATTTTACATGAT,1,4082421
yacCp,1.6153846153846154,32,12,GTAAGACGTCCGTGTGCGAT,20,4100268
yacCp,0.15384615384615385,13,12,GGTGCACGATTAATTTTTCC,1,4100270
yacCp,5.461538461538462,82,12,GGTAAATGGTGTAAGCCTAG,70,4112758
yacCp,0.6923076923076923,20,12,GGGGGCCAGCCAGAGACTTC,8,4110124
yacCp,1.2307692307692308,27,12,GGGGGCAGACTAACCCTCGA,15,4090663
yacCp,1.9230769230769231,36,12,GGGCCGGACCGCTAGTCGGG,24,4103562
yacCp,0.15384615384615385,13,12,GGGATGTATGGCTGCTGGCC,1,4098711
yacCp,0.3076923076923077,15,12,GGCTTTTCAGGAGGCACCCA,3,4095128
yacCp,1.2307692307692308,27,12,GGCGGGTCCCATATAGTAGA,15,4079005
yacCp,8.307692307692308,119,12,GCGTAGAAGATGCCCTGTAT,107,4079394
yacCp,2.0,37,12,GCCGGTAGCGTCTGGCCGAT,25,4078844
yacCp,0.8461538461538461,22,12,GCCGGTACAAGAAAATTCGA,10,4094857
yacCp,0.6153846153846154,19,12,GCCCGAAACAAGCCTGGAAG,7,4084676
yacCp,2.8461538461538463,48,12,GCATAATTAAAAATTTGGCT,36,4080045
yacCp,2.0,37,12,GATTTTGCGGGGTACGATTG,25,4085408
yacCp,0.15384615384615385,13,12,GATTGCGCATAAAAGTGTCA,1,4089139
yacCp,0.3076923076923077,15,12,GAGCTAGGGGGCTATAATGA,3,4100134
yacCp,0.6153846153846154,19,12,GACTAGCGTGTTTGTGTCAA,7,4083672
yacCp,0.15384615384615385,13,12,GAATCGCATGCAGTTCCCAA,1,4094640
yacCp,1.3076923076923077,28,12,GAATATCATCAGATCCTCGG,16,4098447
yacCp,0.38461538461538464,16,12,GAAGGGACGCATTCGCCGAC,4,4097066
yacCp,2.1538461538461537,39,12,CTTTAATGGGGCTGCTAGTA,27,4109692
yacCp,1.0,24,12,CTTGTATATAGGGATTCTTG,12,4086597
yacCp,2.5384615384615383,44,12,CTTCCACACTTTGCTGACAG,32,4095718
yacCp,0.7692307692307693,21,12,CTTAGAGATTAATGGGCGCG,9,4085327
yacCp,2.3846153846153846,42,12,CTGTCCCAATTGTCATTATA,30,4103909
yacCp,2.230769230769231,40,12,CTGCTGTCAAGGCTCGAATA,28,4103877
yacCp,1.2307692307692308,27,12,CTGCGCTCGTCGTGCGGTGA,15,4086302
yacCp,2.3076923076923075,41,12,CTGCCCCCCTCGCGTGTTCG,29,4097946
yacCp,0.5384615384615384,18,12,CTGACATTGTAATTGAGATG,6,4093259
yacCp,0.15384615384615385,13,12,CTCTCTCTCGCTATCGGTGG,1,4089695
yacCp,3.923076923076923,62,12,CTCGATCACACTAAAACATC,50,4096409
yacCp,0.15384615384615385,13,12,CTCCCCCATGCAATTCCACC,1,4095267
yacCp,1.0,24,12,CTATTCTTTTCTTGAGAAAC,12,4084921
yacCp,0.6923076923076923,20,12,CTATTCAACCACCACTAAGC,8,4084668
yacCp,0.23076923076923078,14,12,CTAGAGTGCTGATGACACTC,2,4105022
yacCp,1.0769230769230769,25,12,CTAAGGTTTTGCTTCCCACA,13,4091644
yacCp,1.7692307692307692,34,12,CGGCGCGGCCCGGACACCCT,22,4099574
yacCp,0.15384615384615385,13,12,CGGAAGTCAGCACGCACGGG,1,4101555
yacCp,0.15384615384615385,13,12,CGCGTATGAAGTTACTTTTG,1,4079051
yacCp,0.6923076923076923,20,12,CGATGATCCCCTTCTGAAAG,8,4081801
yacCp,1.0,24,12,CGATCAATACGGATGTGAAA,12,4094445
yacCp,0.38461538461538464,16,12,CGAGGTACGAGAAAGTACGT,4,4083609
yacCp,1.2307692307692308,27,12,CGAATTATTATAAAACAGAT,15,4108977
yacCp,1.9230769230769231,36,12,CCTTCGGAAACAGAACGACC,24,4102628
yacCp,0.6923076923076923,20,12,CCGTGTTGCATCCGATGAGC,8,4094372
yacCp,1.0769230769230769,25,12,CCCTTACGATTATAATGAGA,13,4112123
yacCp,0.15384615384615385,13,12,CCCACGGCAGGATTGTAACC,1,4101083
yacCp,0.8461538461538461,22,12,CCACGAAGAATACGCATTAT,10,4093918
yacCp,0.15384615384615385,13,12,CCAATCCCAGTCAACGGCTG,1,4104963
yacCp,0.15384615384615385,13,12,CCAAGTTGGTCGGGTGTCAT,1,4081693
yacCp,0.46153846153846156,17,12,CATCGGCGACGACTAGGTGG,5,4095862
yacCp,0.15384615384615385,13,12,CATCATAGCCGCTTTCACGT,1,4092813
yacCp,1.7692307692307692,34,12,CAGCTCCCGGGTTAGACATG,22,4101646
yacCp,0.15384615384615385,13,12,CAGATATACAGGGTTCTGTG,1,4104553
yacCp,1.1538461538461537,26,12,CACTTTTAGGCTCACGAGTG,14,4088724
yacCp,0.46153846153846156,17,12,CACTATTGTGGAAATATGTT,5,4082804
yacCp,1.7692307692307692,34,12,CACGTTTGCTGTACTCCTGA,22,4093663
yacCp,0.15384615384615385,13,12,ATTTGCACTTCACGGGGATT,1,4093207
yacCp,5.0,76,12,ATTGGCTTCGATAAGTCCTA,64,4110075
yacCp,1.9230769230769231,36,12,ATTCGCGTACCGGCTGGATC,24,4086861
yacCp,0.15384615384615385,13,12,ATGGCTCCACTTGTCCGATA,1,4081623
yacCp,1.3846153846153846,29,12,ATAGAGGACTACGGGTCCAA,17,4080937
yacCp,0.7692307692307693,21,12,ATACTCTCGATATGGGGCTC,9,4111106
yacCp,0.3076923076923077,15,12,ATAATAGCTCGGAGTGTCGT,3,4104649
yacCp,1.2307692307692308,27,12,AGTGTATGAGGTCGGTTAGA,15,4097035
yacCp,0.38461538461538464,16,12,AGCAGAGACGTTATCATGCT,4,4085499
yacCp,0.9230769230769231,23,12,ACTGGATCAAGAGCTACGTA,11,4078378
yacCp,1.6153846153846154,32,12,ACGTAAGATCTTTGTCGGAG,20,4109225
yacCp,0.7692307692307693,21,12,ACCTCATCAAATATCTACGG,9,4107247
yacCp,2.3846153846153846,42,12,ACCTACCATGACGCACGTTA,30,4111970
yacCp,1.6923076923076923,33,12,ACCCTTAAACCCCACGCAAA,21,4108452
yacCp,1.2307692307692308,27,12,ACCAGGTGGACTTTTCGCTG,15,4095144
yacCp,4.538461538461538,70,12,ACAATATAACCAGCTCTAGT,58,4108268
yacCp,1.0,24,12,ACAAGTTCTGCAATGACGCC,12,4092246
yacCp,0.23076923076923078,14,12,ACAAGCCCGGGGCAGTTATT,2,4106610
yacCp,0.23076923076923078,14,12,AATCGGATGACCCCTATCGG,2,4089632
yacCp,0.15384615384615385,13,12,AAGCGCCGGGATAAGATTCG,1,4101179
yacCp,0.6923076923076923,20,12,AACGTCATTTGTGGTGCAAC,8,4107149
yacCp,1.9230769230769231,36,12,AAACATTGTCACGGTTTGTT,24,4085870
yacCp,2.5,40,11,TTTTCTTGATCCTCTGATTC,29,4091321
yacCp,0.5,16,11,TTTCTGCAGCAAGAGAGTGT,5,4109195
yacCp,1.9166666666666667,33,11,TTGTGAGGCAGTGTGTATGA,22,4089051
yacCp,3.5833333333333335,53,11,TTGGTGTACGTATTAGTTTT,42,4108459
yacCp,0.3333333333333333,14,11,TTGGTCTATGAACTGAACAA,3,4084730
yacCp,0.16666666666666666,12,11,TTACTGTGTGACCTAGCGCA,1,4104902
yacCp,2.0833333333333335,35,11,TGTTAATTAGACGAAGACTC,24,4105741
yacCp,2.25,37,11,TGTCTGCAGGGGGGAAGGCC,26,4107633
yacCp,0.16666666666666666,12,11,TGTCCTCTATGTGTTTCTGC,1,4092088
yacCp,2.5,40,11,TGGGTGGAGGCCTTCTTCCA,29,4094476
yacCp,1.0833333333333333,23,11,TGGGCGCACCGCGTAATCTG,12,4092085
yacCp,1.25,25,11,TGGCCCATGGGGGTATGAAT,14,4091718
yacCp,0.16666666666666666,12,11,TGCGTGAGTGTTCTTGCAGA,1,4097164
yacCp,0.8333333333333334,20,11,TGCATAGGTGTGGGGCGAGA,9,4088314
yacCp,0.5833333333333334,17,11,TGAGCATATACGCGTTCCGA,6,4094940
yacCp,3.1666666666666665,48,11,TGACTCTGAGTAAAACGAAA,37,4092677
yacCp,1.0833333333333333,23,11,TGAACTATATATGTGCGTTA,12,4078942
yacCp,0.8333333333333334,20,11,TGAACCCATTTCAAATCGAC,9,4078508
yacCp,3.75,55,11,TCTTGGCAGATGTTATGTGT,44,4105856
yacCp,1.3333333333333333,26,11,TCTTAACCTCGGCCGAGAAG,15,4083124
yacCp,0.75,19,11,TCTCATTGTTCGAAGAAACT,8,4090171
yacCp,3.5833333333333335,53,11,TCTAACCTCCCGTTCTTTAT,42,4080819
yacCp,0.3333333333333333,14,11,TCGTGGAATCTACCGTCACT,3,4093659
yacCp,0.16666666666666666,12,11,TCGTCTGGACCGCGGTACGA,1,4100050
yacCp,0.16666666666666666,12,11,TCGGGTCGTCTGACAAGCCG,1,4079629
yacCp,0.5833333333333334,17,11,TCGGCTTACGTCCTCGTACC,6,4078563
yacCp,6.166666666666667,84,11,TCGCTTTGGATAACTGCGAT,73,4109695
yacCp,0.16666666666666666,12,11,TCCTTATCCAGGTGCTTAGT,1,4105336
yacCp,1.6666666666666667,30,11,TCCCAATAGCGTTGTTTTGA,19,4081783
yacCp,0.5,16,11,TCCATTCTAGAGCCCGTTGA,5,4081806
yacCp,3.4166666666666665,51,11,TCATGCTCTAATTGAGAGTT,40,4080498
yacCp,1.0833333333333333,23,11,TCACGTCAGGCGGCCTATTA,12,4100327
yacCp,0.16666666666666666,12,11,TCAATAAGCCGACGTTGCAT,1,4084605
yacCp,1.1666666666666667,24,11,TATCTTTTGCTGGTCAGTCC,13,4102927
yacCp,1.5,28,11,TATCCCTTGGGATGTTTCTG,17,4106841
yacCp,0.75,19,11,TAATGGCAAGTAAGGCTGTC,8,4095301
yacCp,0.3333333333333333,14,11,GTTTCCCGCAGTGTGCGGAC,3,4083829
yacCp,0.75,19,11,GTTAACTAGCGTGGGGTCAT,8,4084667
yacCp,0.16666666666666666,12,11,GTGCGCAAGGGACACAGCTT,1,4096962
yacCp,0.25,13,11,GTGCAAGAGGGTCCGCTACT,2,4096290
yacCp,6.833333333333333,92,11,GTAGGGGAGGCCGCGCGGTT,81,4091523
yacCp,0.75,19,11,GTAGCGCGTGAACGGGGTCT,8,4096429
yacCp,0.25,13,11,GTACGGTCAGCCGGAGAAAT,2,4084298
yacCp,0.16666666666666666,12,11,GTAACAGGAGATAAGGGGCG,1,4107897
yacCp,0.16666666666666666,12,11,GGTTTCTCAGCGCATCGCGG,1,4082950
yacCp,2.8333333333333335,44,11,GGTCTATTACGCAGCTACCT,33,4086641
yacCp,0.8333333333333334,20,11,GGGTGAGGGGAATGTGTGGC,9,4103131
yacCp,0.5,16,11,GGGTCTTGCATTACGGGCCG,5,4081136
yacCp,3.75,55,11,GGGCCGAGATGAAACCTGCA,44,4087827
yacCp,2.1666666666666665,36,11,GGCTTACTTATTTATTCGAG,25,4092407
yacCp,0.3333333333333333,14,11,GGCTATATGTGCTCAGCCCG,3,4108994
yacCp,1.0,22,11,GGCTAAAAACGAGATCGGAA,11,4079329
yacCp,0.8333333333333334,20,11,GGCGACTGCGTGGCTCAAGT,9,4111875
yacCp,0.3333333333333333,14,11,GGCCCAGAACATCGCTGAGT,3,4089237
yacCp,1.3333333333333333,26,11,GGCAGGACGAGTTATGCATA,15,4111727
yacCp,3.4166666666666665,51,11,GGAATTTGTGGGAATACACA,40,4078935
yacCp,1.4166666666666667,27,11,GCTTATAACCTCGACAGTTT,16,4107578
yacCp,0.9166666666666666,21,11,GCTCAACTACTGCAAGTGCT,10,4107336
yacCp,3.0833333333333335,47,11,GCGGTTGGTGGAAGCCGTGG,36,4106374
yacCp,0.3333333333333333,14,11,GCGAAGGCCAGGGAACGCAG,3,4080796
yacCp,0.3333333333333333,14,11,GCCTCAGTTCGGAATTTGGG,3,4096837
yacCp,0.3333333333333333,14,11,GCCAACCTGGGCTGGACGAG,3,4100049
yacCp,0.25,13,11,GCATGCCCAACCCAAGATAA,2,4103740
yacCp,0.8333333333333334,20,11,GAGTTTACTCCAAAGTCCCT,9,4094214
yacCp,0.16666666666666666,12,11,GACGATCTGTACCAGCCTTC,1,4111786
yacCp,2.1666666666666665,36,11,GAAAGTCCGTAAGGCACGCA,25,4102928
yacCp,0.5,16,11,CTTGATCACTTTGTGTACTC,5,4108607
yacCp,0.16666666666666666,12,11,CTTGACCTCAGGGAACCCTG,1,4082517
yacCp,1.25,25,11,CTGTTGGATCATATATGACC,14,4089481
yacCp,0.6666666666666666,18,11,CTGGCTAAGTCTGATCCGTC,7,4082008
yacCp,0.16666666666666666,12,11,CTCTTTACGGTAAGAAGATG,1,4078380
yacCp,0.16666666666666666,12,11,CTCTGGATAGTCGCCCTCGT,1,4104442
yacCp,0.16666666666666666,12,11,CTCTCAAGTGCACTGAAATA,1,4081917
yacCp,4.416666666666667,63,11,CTCGTTTGACTCGTGGCAAT,52,4085869
yacCp,0.5833333333333334,17,11,CTCGGTCGTCTGTAAACATG,6,4104952
yacCp,0.3333333333333333,14,11,CTCCGGCGTGTTTCTATTAT,3,4096661
yacCp,0.16666666666666666,12,11,CGTGTTGATTGGATGAGGAC,1,4081174
yacCp,0.16666666666666666,12,11,CGTGGAAATAGGGATTCAGT,1,4106704
yacCp,0.3333333333333333,14,11,CGTCTTTGTTTTGTTCTTCT,3,4083574
yacCp,1.6666666666666667,30,11,CGTCATAAGCGTTGTCTCCA,19,4105687
yacCp,4.083333333333333,59,11,CGTCAATCGTAATGGCTTCA,48,4100635
yacCp,0.8333333333333334,20,11,CGGTAGCGGAGCGATCCTGT,9,4098663
yacCp,0.25,13,11,CGGCGAAACCTGGTGACTCG,2,4098333
yacCp,1.4166666666666667,27,11,CGGCCAAGTCTCTCAGCCAC,16,4082512
yacCp,0.16666666666666666,12,11,CGGCACTTGCTGCTTTTGCG,1,4105767
yacCp,3.9166666666666665,57,11,CGGAGGTGTGCCGCGGTCTA,46,4101185
yacCp,0.5,16,11,CGCGTTGCTAATTGCCTCAT,5,4095262
yacCp,0.75,19,11,CGCAAGCCAAGGTGTCCGAA,8,4112146
yacCp,1.3333333333333333,26,11,CGACACCCAAGGGCACGTAC,15,4080158
yacCp,1.5833333333333333,29,11,CCTTCACAATCCGTTGCCCT,18,4098702
yacCp,3.75,55,11,CCTGGCCCATGCAGGTACGT,44,4078889
yacCp,0.16666666666666666,12,11,CCTCCCATGTGCAGTTTTTC,1,4102435
yacCp,0.16666666666666666,12,11,CCGTAGAACGTTCCATTAGT,1,4099708
yacCp,1.5833333333333333,29,11,CCGGGGACAGCGCGCACAGC,18,4102620
yacCp,0.16666666666666666,12,11,CCCTCATTGCTAGCCCTAGT,1,4109135
yacCp,3.5,52,11,CCCCCTCTAACAATAAGCGC,41,4091118
yacCp,3.4166666666666665,51,11,CCCAAATTGATTTAGGCAAC,40,4088373
yacCp,0.16666666666666666,12,11,CCAAATAGTCCCCGCACTTT,1,4096752
yacCp,5.166666666666667,72,11,CATTGCAGGCCCTAGGTCAA,61,4080797
yacCp,1.5833333333333333,29,11,CATGCCATCTACGCCACCTT,18,4105152
yacCp,1.5,28,11,CAGGGATAGCGTATGAGTAG,17,4094019
yacCp,2.1666666666666665,36,11,CACGGTGCCTGGCCCCCTTA,25,4111027
yacCp,1.0833333333333333,23,11,CACCTTTGCAGACTCACGAC,12,4078830
yacCp,0.8333333333333334,20,11,CACCTGCGGAGCGCTGTCAC,9,4086540
yacCp,1.3333333333333333,26,11,CAATCATCAACACACAGTTC,15,4083596
yacCp,0.16666666666666666,12,11,CAAGGAAAAATATGGCCCTG,1,4079009
yacCp,2.75,43,11,ATTTGTTGTACGATGCCGCA,32,4079731
yacCp,0.16666666666666666,12,11,ATTTATCGGTAAGATTATAG,1,4101462
yacCp,1.6666666666666667,30,11,ATGTATTTCTCGCCGGATTG,19,4099917
yacCp,1.75,31,11,ATGGTTAAACTGAATGCAAA,20,4091475
yacCp,0.25,13,11,ATCGCTTTGGCCAGGATCGT,2,4081970
yacCp,5.25,73,11,ATCAGGCAATCGAGACTAAA,62,4110467
yacCp,0.4166666666666667,15,11,ATAATAATCCAATGAAAAGT,4,4082683
yacCp,0.4166666666666667,15,11,AGTCGCCCGTCGAGAACGTT,4,4088523
yacCp,1.75,31,11,AGGTGAGTTGTTTATGTAGT,20,4079980
yacCp,0.16666666666666666,12,11,AGGTAAGGCATGCTAGATCA,1,4094569
yacCp,1.3333333333333333,26,11,AGGCTGCTGCGCTAACGTTT,15,4100859
yacCp,1.5833333333333333,29,11,AGGCCATCCGCGTTATCTCC,18,4091252
yacCp,1.4166666666666667,27,11,AGGCAATCCGATCTGGTATC,16,4084724
yacCp,0.16666666666666666,12,11,AGGATTTTGGATCGCTAAAG,1,4103863
yacCp,2.75,43,11,AGCTTATTAGCAAGATTTAC,32,4093326
yacCp,0.4166666666666667,15,11,AGCTAGGACCTGCCGGTGGG,4,4090426
yacCp,0.16666666666666666,12,11,AGCGCCAATTAATAGACCAT,1,4095519
yacCp,1.1666666666666667,24,11,AGCCCTAACGTCACGTGAGT,13,4079893
yacCp,4.666666666666667,66,11,AGATTTAACTTCGTTGTTGT,55,4092542
yacCp,1.5833333333333333,29,11,AGATGTGTTGGGTTCTCCGA,18,4082702
yacCp,0.9166666666666666,21,11,AGACACAGGAACATCGAGGG,10,4090142
yacCp,2.0833333333333335,35,11,ACTTGGTCCGCGGAAGGGGA,24,4082573
yacCp,2.4166666666666665,39,11,ACTCCATACAGACGTCTGCT,28,4079065
yacCp,3.5,52,11,ACTATATTTGAGTGCATCCT,41,4097538
yacCp,1.0,22,11,ACTAAATTCATAGGACACCT,11,4095304
yacCp,1.8333333333333333,32,11,ACGCACTTCCGTTATTGGCA,21,4084022
yacCp,1.0,22,11,ACCGCTCGACGTGCCCTCAG,11,4108995
yacCp,0.16666666666666666,12,11,ACATTAGCCGGAACTATCTT,1,4104002
yacCp,3.1666666666666665,48,11,ACAGTGCCCTAGAGAGGACT,37,4107874
yacCp,2.25,37,11,AATTCTTCGCTATGCCTAAA,26,4093743
yacCp,0.4166666666666667,15,11,AATCGCAGGGTGGGGCAAGG,4,4112523
yacCp,0.16666666666666666,12,11,AATAGTCCTACGCATATTCA,1,4078565
yacCp,0.16666666666666666,12,11,AAGGACGTTAGCGCTCTTAA,1,4094893
yacCp,0.8333333333333334,20,11,AAGAGGTTATTTAGGATCCG,9,4104512
yacCp,0.16666666666666666,12,11,AAGAGACGTAGAAATTCATT,1,4102125
yacCp,0.6666666666666666,18,11,AAGAAAGATCTTGGGCTCTC,7,4089010
yacCp,1.3333333333333333,26,11,AACATTTAGACGGATAATAT,15,4089001
yacCp,1.7272727272727273,28,10,TTTTACCAGGAGGGCCACTG,18,4083396
yacCp,0.2727272727272727,12,10,TTTCAGTGTAGATTTTAGTC,2,4082256
yacCp,0.9090909090909091,19,10,TTGTAGCCCGTCGTTGACCA,9,4112061
yacCp,0.6363636363636364,16,10,TTGTACCGGGAAGATCTAGA,6,4084775
yacCp,0.2727272727272727,12,10,TTGGGGTTGTGTGAGATGAC,2,4100047
yacCp,0.18181818181818182,11,10,TTGCGAACGAACCATGGGGT,1,4112037
yacCp,0.18181818181818182,11,10,TTCTTAATGGATGTCAAGGG,1,4083135
yacCp,0.18181818181818182,11,10,TTCAATTAGAAGGTGTGGGG,1,4092659
yacCp,0.2727272727272727,12,10,TTAAGGTTGTAGGTGATCTT,2,4081979
yacCp,4.454545454545454,58,10,TGTCCGAAATAGGAGAACTG,48,4102061
yacCp,5.454545454545454,69,10,TGGGTTGGGATGCTCGCGGA,59,4081666
yacCp,0.18181818181818182,11,10,TGGGAAACAAGTACCCTGGC,1,4089943
yacCp,0.18181818181818182,11,10,TGGCTACAACGGCACGACAT,1,4110925
yacCp,0.9090909090909091,19,10,TGGCGGAAGGCCGGATGACA,9,4085117
yacCp,0.18181818181818182,11,10,TGGAAAAACGTTAGTAGTTC,1,4098629
yacCp,0.5454545454545454,15,10,TCGTACGGTAGCTGAGATAA,5,4099802
yacCp,2.272727272727273,34,10,TCCGTCAGGCACTGTAGAAA,24,4100625
yacCp,0.2727272727272727,12,10,TCCCCGGAGTGTTGAGCTGA,2,4092394
yacCp,1.4545454545454546,25,10,TCATCTGTGTCGTGGAGAAC,15,4089855
yacCp,0.18181818181818182,11,10,TCACCTTAGAGTTCTGACTA,1,4103710
yacCp,2.909090909090909,41,10,TATATGGTCCGGTATAGAGA,31,4095327
yacCp,2.272727272727273,34,10,TACGTGGTGGACCGTCCTCG,24,4098905
yacCp,1.1818181818181819,22,10,TAAGAGTGGACACCCAAAGG,12,4084920
yacCp,1.1818181818181819,22,10,TAACCCTTGGAGGAAATTTC,12,4107635
yacCp,3.6363636363636362,49,10,GTTTACTCATAGGCACCACA,39,4101556
yacCp,3.3636363636363638,46,10,GTTCTGGTCGCGCAGTTGAT,36,4083035
yacCp,0.5454545454545454,15,10,GTTACTAAAGATGACTGTCA,5,4110624
yacCp,0.18181818181818182,11,10,GTGTCGCTCCAAGAGAAGTT,1,4111133
yacCp,3.4545454545454546,47,10,GTGTCAACGAACGTTCACTC,37,4106693
yacCp,1.0,20,10,GTGCCCGTGGCTATGGAGCT,10,4095130
yacCp,0.18181818181818182,11,10,GTCCTGGACGCGTCAACTTG,1,4088784
yacCp,2.1818181818181817,33,10,GTCCGGCTAAGGGACGAATC,23,4091951
yacCp,0.18181818181818182,11,10,GTCATTTCACTGTGCCAGAT,1,4101318
yacCp,3.1818181818181817,44,10,GTATTAGGCTCATTCCCTTT,34,4082705
yacCp,0.6363636363636364,16,10,GTATCTGAAAAGGTGGTGTA,6,4089039
yacCp,0.6363636363636364,16,10,GTAGAGGGCGTTGTGCGCAG,6,4096658
yacCp,0.45454545454545453,14,10,GGTCTATCAGACTTCGAATT,4,4086362
yacCp,0.36363636363636365,13,10,GGGGGCGTGTTGACATTGGT,3,4081089
yacCp,0.7272727272727273,17,10,GGGCGCGGGTGCCTTTAGGC,7,4110804
yacCp,0.18181818181818182,11,10,GGGAGTTACTTCGCATCATC,1,4103617
yacCp,2.090909090909091,32,10,GGCTGGTCTTCGTACTTAAC,22,4108119
yacCp,0.8181818181818182,18,10,GGCTCGAATGTAACGAGACG,8,4079998
yacCp,1.0909090909090908,21,10,GGCTAAGTTACTTTTTGATA,11,4097367
yacCp,1.0909090909090908,21,10,GGCGTGAAAAGTGAGGCGGC,11,4107597
yacCp,0.2727272727272727,12,10,GGCGCCATGTGTATTGGTCT,2,4109012
yacCp,2.0,31,10,GGCCGTAGACAGGGGCGTGT,21,4079632
yacCp,2.0,31,10,GGCCAAATACAAAATGCGAA,21,4093003
yacCp,2.0,31,10,GGACTTAGTTGCACATCTAT,21,4103713
yacCp,0.2727272727272727,12,10,GGACCCACTTGGGACCAGGA,2,4086589
yacCp,2.0,31,10,GGAAACATGTGCAGTTCCAT,21,4090272
yacCp,1.5454545454545454,26,10,GCGAAACCAACTTGCTTCTC,16,4085871
yacCp,1.4545454545454546,25,10,GCCTTCTCCAAACGGTGTAA,15,4100942
yacCp,2.8181818181818183,40,10,GCCCGGAAATTACCTATGGT,30,4089167
yacCp,1.4545454545454546,25,10,GCCCCCATAGGATCTCAGCT,15,4097372
yacCp,1.7272727272727273,28,10,GCATATGGGCTAGTTATAGT,18,4108846
yacCp,4.818181818181818,62,10,GCAGAGATGCGTGCCTGATC,52,4102294
yacCp,6.181818181818182,77,10,GATTTCCTCCGCGGATTCTC,67,4112250
yacCp,2.090909090909091,32,10,GATTAATGCGCAATTATTTC,22,4102686
yacCp,0.18181818181818182,11,10,GATCATAGTGTCTCATTGCG,1,4081438
yacCp,2.0,31,10,GATAAGTGTTGGCGTACGGC,21,4098836
yacCp,1.6363636363636365,27,10,GAGTTCTTCGGAAGCATACA,17,4101994
yacCp,4.363636363636363,57,10,GAGTAAGAGGGCGCCTCCAT,47,4090966
yacCp,0.7272727272727273,17,10,GAGGTTCGGGTTTTACGCAA,7,4096455
yacCp,0.18181818181818182,11,10,GAAGCCACGTCACAGAACTC,1,4084854
yacCp,0.18181818181818182,11,10,GAAACTGCGATATGCCGACT,1,4087627
yacCp,1.3636363636363635,24,10,CTTTTTGGACGGACATACTC,14,4110442
yacCp,4.909090909090909,63,10,CTTGTCAAAGCTAAATTATC,53,4109212
yacCp,2.272727272727273,34,10,CTTGCTAAACGTTGAAGGGA,24,4107488
yacCp,0.36363636363636365,13,10,CTTAGAACCCAAGGAGGTCA,3,4111605
yacCp,0.2727272727272727,12,10,CTGTTCGATCTCTAATTATA,2,4102624
yacCp,2.8181818181818183,40,10,CTGTAGGTACGTTTTATAGT,30,4097605
yacCp,0.18181818181818182,11,10,CTCGGTGTGGCATGGAGATT,1,4096263
yacCp,3.909090909090909,52,10,CTCACTACATAATCGGGGAG,42,4078579
yacCp,1.9090909090909092,30,10,CTCAACATCTTCTGTCTCCT,20,4112580
yacCp,3.090909090909091,43,10,CTATTCTAGGACAGTGGGAG,33,4082575
yacCp,0.18181818181818182,11,10,CTAGTAGAAGGTATGTCAGT,1,4094274
yacCp,0.6363636363636364,16,10,CTAGAGGAAAAACTGGTCGC,6,4094474
yacCp,2.0,31,10,CTACAAGTAAACCTGAAGGA,21,4100837
yacCp,2.727272727272727,39,10,CGTTATCTGGAATCGTTTCA,29,4101113
yacCp,1.6363636363636365,27,10,CGTGACGTACAGAGCTCGCA,17,4088518
yacCp,0.7272727272727273,17,10,CGTAACTTACGGAAGTGGAT,7,4097804
yacCp,0.36363636363636365,13,10,CGGTTAGCTTCTAATCGAAC,3,4106498
yacCp,1.3636363636363635,24,10,CGCTGTGGAGCCATCTGGCC,14,4084054
yacCp,0.18181818181818182,11,10,CGCATCTCGATACGTTATGT,1,4085689
yacCp,0.6363636363636364,16,10,CGATGGAGTTCGCGATGCCC,6,4102031
yacCp,0.2727272727272727,12,10,CGATAGAACACCGAGAGGGT,2,4100304
yacCp,4.0,53,10,CGACTCCTTTCATACAGGCC,43,4106956
yacCp,1.3636363636363635,24,10,CGACATTTAGTGTCCCAGTT,14,4080188
yacCp,0.18181818181818182,11,10,CCTGGATAGCACGTATCGGG,1,4085030
yacCp,1.0,20,10,CCTGAGACTGTCATGAGTCG,10,4109993
yacCp,1.5454545454545454,26,10,CCGTATTTTTTCAGGACAAG,16,4107331
yacCp,0.18181818181818182,11,10,CCGGTGCTACAGCATCGAAA,1,4079175
yacCp,2.727272727272727,39,10,CCGGCTCATTCACAGGTCTC,29,4094475
yacCp,4.2727272727272725,56,10,CCGGACTACATTCCATGACC,46,4094504
yacCp,1.6363636363636365,27,10,CCGCTTCACCAGCATGGCTC,17,4094561
yacCp,2.090909090909091,32,10,CCCTGTCAAACTAGAGCAAT,22,4093056
yacCp,0.2727272727272727,12,10,CCCTGGGATCGTTTCGCATA,2,4085328
yacCp,0.18181818181818182,11,10,CCCTCATCAGCAATTCCCTG,1,4094825
yacCp,1.2727272727272727,23,10,CCCGTAGTCCAGTCGCCCGC,13,4084412
yacCp,2.3636363636363638,35,10,CCCGATTGTAATGGGAGGTA,25,4109026
yacCp,0.8181818181818182,18,10,CCCATCGTCGTGTTACACCT,8,4111016
yacCp,1.8181818181818181,29,10,CCAGCTATGGTGGTCCGATG,19,4086051
yacCp,1.4545454545454546,25,10,CATTTAAACCATCGTGGTTC,15,4097944
yacCp,3.272727272727273,45,10,CATGACTCCCGCCGCTAAGA,35,4100731
yacCp,1.9090909090909092,30,10,CATCCCCCGCAAGAACACAG,20,4092242
yacCp,0.9090909090909091,19,10,CATATTTTTGCGGTAGTCAT,9,4100149
yacCp,0.18181818181818182,11,10,CAGTGGTCTCGATGCTGTTA,1,4102518
yacCp,1.0,20,10,CAGTGACTGTTACTTCCATG,10,4089853
yacCp,0.45454545454545453,14,10,CAGTAGAATAGCCAATTCTC,4,4096808
yacCp,1.3636363636363635,24,10,CACGTTAGATTAGTAAAACA,14,4088235
yacCp,2.1818181818181817,33,10,CACAAAATATGTCTGTTCGA,23,4093936
yacCp,0.6363636363636364,16,10,CAATCCCGTTACGTTCCCCA,6,4105711
yacCp,0.45454545454545453,14,10,CAATATCCGAATGAGCCATA,4,4093617
yacCp,10.272727272727273,122,10,CAACGCCGGTGAACGGAATG,112,4083022
yacCp,0.2727272727272727,12,10,CAAAGTCACTAGGTATTCTC,2,4099957
yacCp,8.363636363636363,101,10,ATGTGTTGTATTAGGAGATT,91,4081973
yacCp,1.3636363636363635,24,10,ATGTGGGCGCCCGTTGGAAC,14,4093315
yacCp,0.18181818181818182,11,10,ATGGTCAGGGTTATCATAAC,1,4094867
yacCp,0.18181818181818182,11,10,ATGCCCAGCATAGGCCCATT,1,4104413
yacCp,0.36363636363636365,13,10,ATATGAATTGTCCCGATTGA,3,4080236
yacCp,0.18181818181818182,11,10,ATAGATGAAAGGATTAGCAG,1,4097637
yacCp,0.2727272727272727,12,10,ATACGGATGCTCATCCAATG,2,4085905
yacCp,0.6363636363636364,16,10,AGGTTACTACTTACCTTATC,6,4099677
yacCp,3.909090909090909,52,10,AGGGGTTTTACGCTCGACGG,42,4112788
yacCp,0.18181818181818182,11,10,AGGCCTAGGATGCTACTATT,1,4106839
yacCp,1.1818181818181819,22,10,AGCCAGACCAGGTACGGCGA,12,4096927
yacCp,1.1818181818181819,22,10,AGCCACCATGGGTTCAAGGG,12,4111930
yacCp,1.6363636363636365,27,10,AGCAGACCGACCTAAGTGTT,17,4097624
yacCp,2.5454545454545454,37,10,AGCAGAAGACGTCGCGCGAG,27,4086355
yacCp,1.1818181818181819,22,10,AGCACAAATTAATAGAGATT,12,4089127
yacCp,0.9090909090909091,19,10,AGAGTGGTGAGGTCCGTGAA,9,4096952
yacCp,2.272727272727273,34,10,AGACATCCGGGACCCTTCTT,24,4103623
yacCp,1.7272727272727273,28,10,AGAAAGGCACGAGAAACCTA,18,4104269
yacCp,1.9090909090909092,30,10,ACGTGACGTTCTCTCAGAGA,20,4097183
yacCp,2.8181818181818183,40,10,ACGGTCGATTTGCTACCCAA,30,4082895
yacCp,0.45454545454545453,14,10,ACGGGCCATTTAGGCAGACA,4,4080764
yacCp,0.7272727272727273,17,10,ACGGCATGGAAATAATAGTC,7,4095384
yacCp,3.3636363636363638,46,10,ACGGAGCCTCTGAACAAGTA,36,4088516
yacCp,0.2727272727272727,12,10,ACGCACGCGTCCTGCAATAC,2,4079587
yacCp,0.18181818181818182,11,10,ACGAAATTGTAGGTTCAGTT,1,4095934
yacCp,3.909090909090909,52,10,ACAGCGCTAAAACAATAGTT,42,4086407
yacCp,0.18181818181818182,11,10,ACAATTTAACCCGCGGACTC,1,4100862
yacCp,1.0,20,10,AATTGGCTCGACATCTATGC,10,4090128
yacCp,1.5454545454545454,26,10,AATTGGACGAGAACGAATCT,16,4110190
yacCp,0.18181818181818182,11,10,AACAAAGGCTGTCTCCGCGT,1,4110128
yacCp,0.18181818181818182,11,10,AAACCGGAAGTATTATAGCC,1,4092984
yacCp,2.1,29,9,TTTTAAGGTGCCCCCCTTAA,20,4079306
yacCp,0.2,10,9,TTTCTACGCGCATCACCAAC,1,4080825
yacCp,0.6,14,9,TTTAGCTTGTGTGCGAGTTT,5,4083939
yacCp,1.4,22,9,TTGCGCTTCAATGACGTACG,13,4112877
yacCp,1.2,20,9,TTGCCGCGCGTATTGCCCCC,11,4091435
yacCp,2.0,28,9,TTCGCTGTCCCGGTCTCACC,19,4085326
yacCp,1.1,19,9,TTATCTAAACCTGTCCGAAT,10,4095691
yacCp,0.2,10,9,TTAGGGGGCTTGAGCGGGGC,1,4082115
yacCp,2.8,36,9,TTAAGCGCCAGCCCGCTCGA,27,4090310
yacCp,0.6,14,9,TTAAACCACACAAGCCAAGT,5,4100738
yacCp,2.2,30,9,TGTTCGACGCTTGTGCATAC,21,4110856
yacCp,5.8,66,9,TGTCCCAGATTACTGGATCT,57,4100755
yacCp,0.4,12,9,TGGGGAAGGTCCTCATCAGA,3,4107984
yacCp,1.4,22,9,TGGCCCAGCGATGTAATCCC,13,4088796
yacCp,1.8,26,9,TGGAGGGGTCGCACAATGAG,17,4112972
yacCp,0.4,12,9,TGCCTCTCGGGTCATCTACA,3,4086795
yacCp,0.2,10,9,TGAGTCCCCTCCGTGAATAG,1,4098205
yacCp,1.2,20,9,TCTGGCCAGTGTGCATACAG,11,4081150
yacCp,2.0,28,9,TCGTACTGGTCCAAAGGGGC,19,4092459
yacCp,0.2,10,9,TCGGGGATTACCATCGCATC,1,4112675
yacCp,2.5,33,9,TCGGGACTACTTCCGGAATC,24,4081143
yacCp,3.1,39,9,TCCTTCCCTTGCGCTGCGGA,30,4102897
yacCp,4.9,57,9,TCATGCGGGTGCTGGGACGT,48,4089593
yacCp,0.2,10,9,TCAGTCGGTAGGAAGTCTGA,1,4103441
yacCp,2.9,37,9,TATGTTGGGTTCACGACGCT,28,4092369
yacCp,0.3,11,9,TATGGGCTGCTACGACATTT,2,4109778
yacCp,0.2,10,9,TATATATTCTCCAATCGCAG,1,4088838
yacCp,5.1,59,9,TATACTTTTCCGTGGAACGA,50,4101824
yacCp,1.3,21,9,TATACCTCGTCCACCGTGTA,12,4099185
yacCp,9.2,100,9,TAGGGAACGATACACAGGTC,91,4103335
yacCp,1.7,25,9,TAGATCGCACGTCTATGTAG,16,4088175
yacCp,4.9,57,9,TACACTGGCGTTGGCATATA,48,4088105
yacCp,0.2,10,9,TAACTTCGATTCGCGTTCCA,1,4108675
yacCp,1.8,26,9,GTTGTTAAATAAAAGTCTAA,17,4110249
yacCp,1.3,21,9,GTTGTGGACCTATACGCCTC,12,4096111
yacCp,1.7,25,9,GTTCGTGTAATACTCTTCGT,16,4110402
yacCp,1.0,18,9,GTTCCTTTTAGTCATAGCTT,9,4108491
yacCp,2.7,35,9,GTGGCGGGGCCATTTACCGT,26,4105156
yacCp,2.2,30,9,GTGGCCACATTAAAAAAAAT,21,4086205
yacCp,2.1,29,9,GTGCTTAAAGTGCATAAATA,20,4083093
yacCp,1.0,18,9,GTGCGTTTGGATCGCGGGCA,9,4095803
yacCp,0.2,10,9,GTCTGCGTGGTGAGGATCCA,1,4112632
yacCp,2.0,28,9,GTCCGCTACCGTCACTTGCA,19,4110448
yacCp,1.5,23,9,GTATTGGATTTATACGTGAA,14,4095648
yacCp,2.6,34,9,GTACGCCAGGCGTAAGAGCA,25,4087763
yacCp,0.9,17,9,GTACGACGGTTGACGGACGA,8,4079142
yacCp,0.4,12,9,GTAACCCAACGCAAGCGGAA,3,4094152
yacCp,1.7,25,9,GGTATATTAGCAATGTGCGT,16,4080365
yacCp,0.2,10,9,GGTAGCATGTTCGCGGACAC,1,4091464
yacCp,0.2,10,9,GGGAGGGCATCGCCCTGGTC,1,4088996
yacCp,2.6,34,9,GGCAGCTGGCAACAAACACG,25,4108766
yacCp,2.3,31,9,GCTCAGTGGGTGCTAAACTC,22,4099637
yacCp,2.2,30,9,GCGTGTGGGCGGAATAGGAC,21,4103975
yacCp,0.2,10,9,GCGGATCTTGGGACTATTGA,1,4083181
yacCp,0.9,17,9,GCGCTAGGTTTCACGTATTC,8,4095680
yacCp,0.2,10,9,GCGATGGACCAGCAGTAGTG,1,4102313
yacCp,0.5,13,9,GCGATAAACTGCTTCAATGG,4,4087803
yacCp,0.2,10,9,GCCCCCGCAATAAGGTATTT,1,4093114
yacCp,1.0,18,9,GCCACCGAGGAATCGAAGTA,9,4107356
yacCp,1.0,18,9,GCACGATGAGTTCATTAAGC,9,4080826
yacCp,1.4,22,9,GCAAGGACTCGTATCGAGCC,13,4106806
yacCp,2.4,32,9,GATGTACTCAGCTTTGTGAC,23,4079542
yacCp,1.9,27,9,GATGCCCGGGGACCGAGGTA,18,4101913
yacCp,0.2,10,9,GATCCTAAGGGCAGCTTATT,1,4099612
yacCp,2.7,35,9,GATCCGCGGAGTTACCGTGT,26,4081707
yacCp,0.2,10,9,GATCAAAGCATTTGAATCGA,1,4087844
yacCp,1.7,25,9,GATATGTAGGTGGAGGACGT,16,4108457
yacCp,1.4,22,9,GAGGTTTCGCGCCTGATACT,13,4091274
yacCp,1.1,19,9,GAGCTCGTTTGGTGCTCGGC,10,4101796
yacCp,1.4,22,9,GACTTCGGAAAGACACAATT,13,4084159
yacCp,1.8,26,9,GAATTACAAAATGGTGACTA,17,4106319
yacCp,0.2,10,9,GAATGCAATCCATAATTTGA,1,4088702
yacCp,0.6,14,9,GAATACTTTTAAAGAACCAA,5,4085705
yacCp,2.3,31,9,CTTCACAGGGACGAGGCCCA,22,4106398
yacCp,3.2,40,9,CTTATAGTAGATAGGCAAAG,31,4083019
yacCp,0.2,10,9,CTTACCAGGATTAGTACCAT,1,4096014
yacCp,0.2,10,9,CTGGCCGGAGCGAGCTGCGA,1,4093570
yacCp,1.0,18,9,CTGCGTTATGGCCCGACTCG,9,4110453
yacCp,0.2,10,9,CTCTCGGTTGTGTCATGTAT,1,4109259
yacCp,3.6,44,9,CTCGGCCTTGCGTTCCTTCA,35,4080179
yacCp,1.4,22,9,CTCGCACACGGAAGCGATCT,13,4091576
yacCp,0.5,13,9,CTCGACCGCGCTGCTAGGAT,4,4112695
yacCp,0.4,12,9,CTCAATTTTCGAAAGCGATT,3,4100177
yacCp,5.3,61,9,CTATATAGTCAGTGAGATGG,52,4105426
yacCp,0.2,10,9,CTAGTTGCTTGGCCGTTTAT,1,4099097
yacCp,0.2,10,9,CTAGTCGATGCGCGTAGGCA,1,4104743
yacCp,1.2,20,9,CGTTTTGCATTCTGATCGTA,11,4097422
yacCp,0.6,14,9,CGTCTTGCGTATCAATGGGA,5,4097266
yacCp,0.6,14,9,CGTATTCGTTGCTGATTTGA,5,4091430
yacCp,1.8,26,9,CGTAGCTTAATCCGGCCGTT,17,4095140
yacCp,0.5,13,9,CGGGGTCGCGCCATTAGGTA,4,4084710
yacCp,0.7,15,9,CGGGGGTCGATTTCCGAGTG,6,4084618
yacCp,0.4,12,9,CGGACCACCCACTTTACGAG,3,4081821
yacCp,1.3,21,9,CGCGGTGGGGGGCGGCACGC,12,4083797
yacCp,0.5,13,9,CGCGAGGTTAGATCATATCG,4,4089794
yacCp,1.2,20,9,CGACGCATCTTAGGGGCAAT,11,4099036
yacCp,1.6,24,9,CGAATAATTTATTTAATCTA,15,4085886
yacCp,1.8,26,9,CCTTGGCCGACTCACGGCTT,17,4100821
yacCp,0.7,15,9,CCTGAAGAGAAACAAAGCTG,6,4092121
yacCp,1.3,21,9,CCGGGTTTTTCTTGATGCCC,12,4102834
yacCp,0.2,10,9,CCGGGTATAGCTGTGCTTTG,1,4090005
yacCp,1.5,23,9,CCGAGTGTCGTCGCGTTGTT,14,4098902
yacCp,7.7,85,9,CCGAGCCATGATACGGGCGA,76,4108981
yacCp,0.4,12,9,CCCTAGAGTCTGTCGCCCTA,3,4098537
yacCp,1.0,18,9,CCCTAACAAGTTGCCACGTG,9,4099340
yacCp,1.4,22,9,CCCAGTCTGAGTCCTGGGGC,13,4090659
yacCp,0.2,10,9,CCACACATGTTCCTTCTACG,1,4087542
yacCp,0.2,10,9,CAGTTACCGAGACTGCAGGC,1,4099838
yacCp,1.0,18,9,CAGACGCCCGCTTTCCTGGA,9,4096319
yacCp,2.7,35,9,CAATGAAAAACTACGTATCG,26,4085178
yacCp,3.7,45,9,CAACAGTCGGGCTCACGTAT,36,4093314
yacCp,1.2,20,9,CAACAAATACTTATGAAGAT,11,4110186
yacCp,0.9,17,9,ATTGGATCCCCCTCGTAAAG,8,4082332
yacCp,2.7,35,9,ATTGCACGCCACCTAAGTGT,26,4094822
yacCp,0.2,10,9,ATTGATCAACCCCGACCCTG,1,4087500
yacCp,3.0,38,9,ATTCGCGTTATGAAACAGAT,29,4105612
yacCp,0.2,10,9,ATTACTAATTTTTCGTTCCT,1,4092836
yacCp,9.5,103,9,ATGTTCGGGAGCCCGTGTAT,94,4102618
yacCp,0.2,10,9,ATGTCGTGTGCTAGCGCCAT,1,4083568
yacCp,0.2,10,9,ATGGATACGCGCCTTTTCGA,1,4086174
yacCp,1.3,21,9,ATGCATGGCTCCCGAGCTCC,12,4108729
yacCp,2.6,34,9,ATGAATTAAATATCCGAAAA,25,4103425
yacCp,1.1,19,9,ATCTTCTATGGGCCTGTCTG,10,4088112
yacCp,0.4,12,9,ATCCGCATAGTGTGTAAGTG,3,4081545
yacCp,0.6,14,9,ATCATGTCGAGCCGTCGTTT,5,4105467
yacCp,0.2,10,9,ATCATATTAAATATGCACGA,1,4088485
yacCp,0.2,10,9,ATATAGTTGACGGTAACGCC,1,4089805
yacCp,0.2,10,9,ATATACTACGTGGTGAAGGT,1,4090030
yacCp,0.2,10,9,ATAAACTGTACCCCTTAGTT,1,4090301
yacCp,0.2,10,9,AGTGCAGACGGATACGAAGA,1,4080218
yacCp,0.6,14,9,AGTCTCGGGCGCGTACAGTC,5,4087236
yacCp,1.4,22,9,AGGCCACTACAGCTGGCCTG,13,4099541
yacCp,0.8,16,9,AGGAATATATAATTCCGGCC,7,4102361
yacCp,0.2,10,9,AGGAATAGCTGGAACTAATC,1,4087752
yacCp,3.0,38,9,AGCTTGCTCTTATGGAGGCT,29,4107893
yacCp,1.7,25,9,AGCGTTGCCCCGGTGTCTGG,16,4085736
yacCp,1.1,19,9,AGCAGCGAAAGGTAGGTGGA,10,4080166
yacCp,0.2,10,9,AGAGCCCAAGTACAAGTCAT,1,4084460
yacCp,0.3,11,9,AGACTGTCGCATTCCCATTA,2,4108083
yacCp,0.3,11,9,ACTTGTAGCCGGTGTGGGAG,2,4083883
yacCp,0.9,17,9,ACTTGCTCTCCGCGATCACT,8,4101341
yacCp,1.8,26,9,ACTTCGAAAGACTGTCAGTG,17,4098140
yacCp,2.1,29,9,ACTCGGGGGATATGACGTCT,20,4112204
yacCp,0.8,16,9,ACTCCGCAGTGCTACCGTAC,7,4081944
yacCp,1.5,23,9,ACGGGGCGGAAACCTAAAAG,14,4111099
yacCp,1.2,20,9,ACGAGGGCGGTCCTACAGCA,11,4104905
yacCp,1.4,22,9,ACATCATGGATGAACGGTTC,13,4083363
yacCp,4.5,53,9,ACAGAGGGTACTGCCGCTCG,44,4092757
yacCp,2.9,37,9,ACACTTGCATTGCTCGTGTT,28,4085799
yacCp,1.6,24,9,AATTTTACTTACAGTGCGAA,15,4083027
yacCp,0.4,12,9,AATTCCCTCTGGAGTGCAAA,3,4095172
yacCp,0.7,15,9,AATGGACGCGCCTGCCACTC,6,4092116
yacCp,0.6,14,9,AATGCTTAAGCACCGCCACT,5,4083914
yacCp,0.2,10,9,AAGTGCCCTTCTCGGGAGGC,1,4101243
yacCp,2.6,34,9,AAGGTCAATACTGGCCGTGT,25,4107802
yacCp,0.2,10,9,AAGCAACGAAGGGAACGTAA,1,4096083
yacCp,0.8,16,9,AACAGGAGCAGGGAGGTCCC,7,4094480
yacCp,0.2,10,9,AACAAGCGTATCCCGAAGGA,1,4105197
yacCp,2.0,28,9,AAAGCGCCAGCGCATGGAAA,19,4080169
yacCp,0.3,11,9,AAACGGGTACGTGAGGGCTT,2,4097918
yacCp,1.8,26,9,AAACATAATCCCCCTCGATT,17,4086562
yacCp,0.2222222222222222,9,8,TTTTGCAGCTGCCCACACGT,1,4093661
yacCp,0.2222222222222222,9,8,TTTCCGATCCGACGGGTAGG,1,4078718
yacCp,0.2222222222222222,9,8,TTGTTCGAAGGGTGCTTCTT,1,4095408
yacCp,0.5555555555555556,12,8,TTGTAGAATATGTAGGGCGG,4,4098124
yacCp,0.8888888888888888,15,8,TTGAACAACACCGCGAGCTC,7,4088674
yacCp,1.6666666666666667,22,8,TTCTGGCACGATCCACTGGC,14,4108291
yacCp,0.6666666666666666,13,8,TTCTCGCGGCTGGCACCGTA,5,4086332
yacCp,2.888888888888889,33,8,TTCTACACGTCTCAAACACC,25,4086003
yacCp,1.8888888888888888,24,8,TTCCCTCCTTGAGTGTTAAA,16,4110606
yacCp,0.2222222222222222,9,8,TTCCCATAGATTGGGCACCA,1,4089841
yacCp,1.8888888888888888,24,8,TTATAAGGAATCCGTTAAAT,16,4103847
yacCp,2.0,25,8,TTAGCTTGAATGGTTAAGAA,17,4103984
yacCp,0.2222222222222222,9,8,TTACGTACCATTCTGGCCGG,1,4092133
yacCp,1.8888888888888888,24,8,TTAATCTCTTTAGTATTAGG,16,4101694
yacCp,2.2222222222222223,27,8,TGTGTTCGCTCGATAGGGAC,19,4089301
yacCp,0.2222222222222222,9,8,TGTCACCGGGTCTTCTATCC,1,4083841
yacCp,0.2222222222222222,9,8,TGGTTGAGGTAATAAACAAA,1,4094568
yacCp,1.5555555555555556,21,8,TGGTCGTCTGAGAGTGTACG,13,4106081
yacCp,2.7777777777777777,32,8,TGGTCCAGCATTGGTCCAGG,24,4093926
yacCp,2.0,25,8,TGGCATATCGCGGAGTCTGC,17,4098798
yacCp,0.5555555555555556,12,8,TGCGCGAGTAACGTCTGAGT,4,4088232
yacCp,0.2222222222222222,9,8,TGCACATAATTTCCGCACGA,1,4081222
yacCp,2.111111111111111,26,8,TGCAATTATAGCTACGATCA,18,4083180
yacCp,1.0,16,8,TGATACAGAAGTTTGTGTTC,8,4096931
yacCp,0.4444444444444444,11,8,TGACGTGGGGACGAGAATAC,3,4105621
yacCp,2.888888888888889,33,8,TGACCCATAATGTTCATCGA,25,4104347
yacCp,15.222222222222221,144,8,TGAACCTGTCCGACTAATGT,136,4082460
yacCp,3.6666666666666665,40,8,TCTGTGTAACGCGCTCCCAG,32,4111466
yacCp,3.5555555555555554,39,8,TCTGCCGGGGTAAACGCGAC,31,4084559
yacCp,2.7777777777777777,32,8,TCTCGGTGAGGTGGACCGCC,24,4108492
yacCp,1.0,16,8,TCTATCGGCATCCAAACAGA,8,4103607
yacCp,1.6666666666666667,22,8,TCATGTGACACAGAGCTGTC,14,4103933
yacCp,0.4444444444444444,11,8,TCAGTTTTCACACGCTGTGC,3,4084129
yacCp,7.222222222222222,72,8,TCACGTTGAACTATTTCCTC,64,4101100
yacCp,0.4444444444444444,11,8,TCACCGTTGTATAAGCTTTA,3,4086180
yacCp,0.4444444444444444,11,8,TATTACAGTAGTTTCCTGGT,3,4093294
yacCp,3.888888888888889,42,8,TATGAACTGTAGAGCCAGGC,34,4112293
yacCp,2.2222222222222223,27,8,TAGGGATCCCCCGTCTTGAA,19,4080099
yacCp,0.2222222222222222,9,8,TAGCAGGACGATGGTCTACA,1,4086707
yacCp,0.7777777777777778,14,8,TACTTACGTCAATGACGAGA,6,4078608
yacCp,0.2222222222222222,9,8,TAATGTTATACGCTGCCGAA,1,4093632
yacCp,0.8888888888888888,15,8,TAAGGGGTTTGTGCTTCCGT,7,4100555
yacCp,5.222222222222222,54,8,TAACCAGTTTGGTTTGCGGC,46,4087608
yacCp,0.2222222222222222,9,8,TAAAGCAGATCGTGGCTTTG,1,4082112
yacCp,4.111111111111111,44,8,TAAAAGGGCATTTAGGTGAT,36,4108014
yacCp,0.2222222222222222,9,8,GTTTTCACTCCCATTGAGAC,1,4078560
yacCp,0.7777777777777778,14,8,GTTAGCGTGACTTGCAAATT,6,4087909
yacCp,0.3333333333333333,10,8,GTGTGGCACCCTTGTACGCC,2,4098706
yacCp,1.8888888888888888,24,8,GTGGAAAAACTGCCCACAGA,16,4108975
yacCp,1.0,16,8,GTGCTTTCCACCGATGTGCC,8,4099778
yacCp,1.5555555555555556,21,8,GTGCGGGTAGTGTCGTCATC,13,4087788
yacCp,1.5555555555555556,21,8,GTGCGCAGTAATGATTTTTT,13,4085120
yacCp,1.0,16,8,GTCCGTATCTTGAAAAGCTA,8,4082782
yacCp,1.2222222222222223,18,8,GTCCGGGGCTTGTCTCATGT,10,4086266
yacCp,3.0,34,8,GTATAAGCCAATGTGATGCA,26,4092406
yacCp,1.2222222222222223,18,8,GTAGTCCATGCTACGCTAAA,10,4104651
yacCp,4.666666666666667,49,8,GTAGCCAACAGGCATATTTC,41,4101238
yacCp,3.6666666666666665,40,8,GGTATATCTCTTAGATGGGT,32,4093807
yacCp,0.4444444444444444,11,8,GGGCGCAACCGGAATTCTAA,3,4084953
yacCp,4.888888888888889,51,8,GGCCTGACCATTGATTTGTC,43,4079918
yacCp,15.88888888888889,150,8,GCTAGCAAACGAGTCCCCCA,142,4106960
yacCp,1.1111111111111112,17,8,GCGAGCATTTTTTAATCCTA,9,4080774
yacCp,0.2222222222222222,9,8,GCGAAGTGCTGATCAGTTGG,1,4094456
yacCp,1.3333333333333333,19,8,GCCGTCAGATTTCGGTGGCA,11,4090141
yacCp,2.888888888888889,33,8,GCCCTCTTGCAAGAAGGATA,25,4104606
yacCp,0.2222222222222222,9,8,GCAGGCGGACCATGGGGTTA,1,4104224
yacCp,1.3333333333333333,19,8,GCACAGCTTTAGAAGTGCTC,11,4102108
yacCp,0.2222222222222222,9,8,GATCTCAATGTCAGGTTAAC,1,4097984
yacCp,0.2222222222222222,9,8,GATACGGTGGTGATAAATTG,1,4081852
yacCp,0.2222222222222222,9,8,GAGTTTAGGGCACAGCCTAT,1,4095311
yacCp,3.7777777777777777,41,8,GAGTCATAAGATCTGCCGTG,33,4096033
yacCp,1.8888888888888888,24,8,GAGACCGTAGCTTGAACGGT,16,4078867
yacCp,1.5555555555555556,21,8,GAGAATAGTTTACTGACGTA,13,4095562
yacCp,2.111111111111111,26,8,GACTTTGATGCGTGCATTTG,18,4109427
yacCp,0.2222222222222222,9,8,GACGGGATGCGCAGACACGT,1,4088858
yacCp,3.5555555555555554,39,8,GACCAGGAGCGCTCGTGTGA,31,4100751
yacCp,0.3333333333333333,10,8,GACCACACCAGTCGCCTCGG,2,4111583
yacCp,2.4444444444444446,29,8,GAACTGCCTAGGAGCTAGTT,21,4110556
yacCp,3.5555555555555554,39,8,GAACATGTTCGAACAGTCAC,31,4107761
yacCp,0.3333333333333333,10,8,GAACAAGTAGCGTTTCTGTA,2,4089225
yacCp,1.3333333333333333,19,8,GAAACAGGCCGCATCGCAGC,11,4086049
yacCp,2.0,25,8,CTTGCAGACCACGTTCACGT,17,4085409
yacCp,4.666666666666667,49,8,CTTGACGAATTTGCAGGCCC,41,4090595
yacCp,1.6666666666666667,22,8,CTCGTAACTATTGTATCGGA,14,4086971
yacCp,2.0,25,8,CTCACGGATTCCGAGTTCAA,17,4092540
yacCp,0.2222222222222222,9,8,CTATCTGTGGGGGACGTTTG,1,4082275
yacCp,1.1111111111111112,17,8,CTAAGCCCAGAGAAGTTTGC,9,4102030
yacCp,0.3333333333333333,10,8,CGTTGGTTACTGCACGAAGG,2,4087387
yacCp,1.0,16,8,CGTTATCTGTCTGCGATCTT,8,4086274
yacCp,0.2222222222222222,9,8,CGTCAATTCTCACTTTTTAT,1,4089901
yacCp,1.0,16,8,CGGCCAGTCGGGGTAGAGAA,8,4097868
yacCp,1.8888888888888888,24,8,CGCTGGTTCCACGATTGAAC,16,4096066
yacCp,6.333333333333333,64,8,CGAGATTTGTCCGGCGGCCC,56,4096377
yacCp,1.3333333333333333,19,8,CGACCGGCGTTGGAAGCTAA,11,4108670
yacCp,2.5555555555555554,30,8,CGACAGATGGGTATCCTTGC,22,4088905
yacCp,1.2222222222222223,18,8,CCTTACCTCTAATACATACA,10,4080693
yacCp,2.0,25,8,CCTGGATGAGGAAGAGTGCT,17,4092932
yacCp,3.6666666666666665,40,8,CCTCTTTGACGTCACACGGA,32,4081720
yacCp,5.333333333333333,55,8,CCTCTTGCGAGGGCAGTGGC,47,4079007
yacCp,1.5555555555555556,21,8,CCTCAACCCCATTTAGTCAA,13,4103858
yacCp,1.0,16,8,CCTATCTGCCAACCGTTGTA,8,4090250
yacCp,1.3333333333333333,19,8,CCTAGGTTACTTCGTCAATC,11,4096852
yacCp,0.2222222222222222,9,8,CCTAATATGGCTGTCGAATT,1,4092702
yacCp,0.2222222222222222,9,8,CCGGTCAACTTATGGCATAC,1,4095744
yacCp,0.2222222222222222,9,8,CCGGCATGTAACTTAGCCCT,1,4079059
yacCp,2.3333333333333335,28,8,CCGGAACAATCTGGCAGGCC,20,4095335
yacCp,3.111111111111111,35,8,CCGCGCGCGAGACAATGAAT,27,4083049
yacCp,3.5555555555555554,39,8,CCGCCTTGGAGTGCTTTACA,31,4106685
yacCp,0.2222222222222222,9,8,CCGATCGTCAGCCTCAATGA,1,4100215
yacCp,1.3333333333333333,19,8,CCCTTACCATGTGTCAACTT,11,4103726
yacCp,2.3333333333333335,28,8,CCCACAGTCAGGGGTGTCTG,20,4110221
yacCp,0.2222222222222222,9,8,CCATTGCCGAGTAGGTCTAA,1,4107825
yacCp,2.0,25,8,CCACGGAGTATCAGTTAAGT,17,4081643
yacCp,1.5555555555555556,21,8,CCAATACCGCCAATCCGCCA,13,4112565
yacCp,0.2222222222222222,9,8,CATTGGACCAGATATTCATT,1,4088555
yacCp,3.4444444444444446,38,8,CATTAGAATATAACAGAATG,30,4095141
yacCp,1.8888888888888888,24,8,CATTAATTCGGTCACTTTGC,16,4091297
yacCp,0.4444444444444444,11,8,CATGCACTATGAAACCCTAG,3,4109123
yacCp,1.6666666666666667,22,8,CATCGTCTAAAATGGGACGC,14,4086857
yacCp,2.3333333333333335,28,8,CAGTGCAGCTCACCGAAGTA,20,4104396
yacCp,0.2222222222222222,9,8,CAGTACGACAAAGATTCGGG,1,4086367
yacCp,3.7777777777777777,41,8,CAGGGCTGGCATCCGTCGGA,33,4093167
yacCp,0.3333333333333333,10,8,CAGCATACGTTCTCACTGGT,2,4084194
yacCp,0.6666666666666666,13,8,CAGAGGCACATAGGGCTACA,5,4078646
yacCp,0.8888888888888888,15,8,CACTTAAGCTAGGGCATACC,7,4106217
yacCp,0.7777777777777778,14,8,CACCCTGTCTTGGTCTTGGG,6,4093190
yacCp,0.2222222222222222,9,8,CAAGGGCGGATAACAACGTC,1,4079457
yacCp,0.2222222222222222,9,8,CAACAGTTGTCAAATCAACA,1,4105195
yacCp,2.2222222222222223,27,8,ATTCCCCCGGTTCTCCGACA,19,4094444
yacCp,2.6666666666666665,31,8,ATGTCGCTGTGTATTCCCCA,23,4086868
yacCp,0.2222222222222222,9,8,ATGTAGAAATCTTCTGCCGG,1,4089414
yacCp,1.7777777777777777,23,8,ATGGTAAGTATTTTCTTCAT,15,4082571
yacCp,1.3333333333333333,19,8,ATGCTCCCGGTATAAGCAAG,11,4102224
yacCp,0.4444444444444444,11,8,ATGCCCTTTGTTCTCTGATA,3,4078381
yacCp,0.2222222222222222,9,8,ATGAAGTAGAATTATGAGGA,1,4096081
yacCp,0.5555555555555556,12,8,ATCTACCTCTTTTCCGACAT,4,4078484
yacCp,0.4444444444444444,11,8,ATCGCCACCTGAGCATAGGG,3,4085613
yacCp,0.2222222222222222,9,8,ATATTGCCGTGCACCCATAT,1,4103288
yacCp,0.6666666666666666,13,8,ATAGGATGACAAAGGTCAGA,5,4092109
yacCp,0.2222222222222222,9,8,ATAATGATTAAAGCATAACT,1,4111473
yacCp,3.2222222222222223,36,8,AGTTGGCTTTGAGGAGTCCA,28,4097268
yacCp,3.0,34,8,AGTTGACGGGTGTTCTGATG,26,4101686
yacCp,1.2222222222222223,18,8,AGTAAATTTGAGCCGGACAG,10,4078532
yacCp,0.2222222222222222,9,8,AGGTCCAGAATTACGATTCA,1,4094574
yacCp,5.0,52,8,AGCGCTAGGTTACCGTGTAG,44,4083155
yacCp,0.5555555555555556,12,8,AGCCGGCCGTACTTGTCAGC,4,4091043
yacCp,1.0,16,8,ACTGTAAAACGGCGTCTTAT,8,4111161
yacCp,4.111111111111111,44,8,ACGTTGGCGTACGTACATCG,36,4106670
yacCp,0.3333333333333333,10,8,ACGGTCACCGACATAATTTT,2,4111987
yacCp,0.4444444444444444,11,8,ACGATCTAATTTTATTTCAA,3,4109540
yacCp,1.7777777777777777,23,8,ACCTCGCTTAGAATTCCAGG,15,4088031
yacCp,1.6666666666666667,22,8,ACAGTACGTTGCTACTTCTG,14,4109498
yacCp,1.4444444444444444,20,8,ACACTTGTATCGGTCGGAAC,12,4085465
yacCp,1.0,16,8,AATCTGAAGTCTGTGCAGTT,8,4078535
yacCp,0.6666666666666666,13,8,AATCAGAGGGGGAAGAGCTC,5,4088959
yacCp,0.8888888888888888,15,8,AATCAATCATCTGCTTATAT,7,4090427
yacCp,0.4444444444444444,11,8,AAGTAATGCTCGACGGTTAA,3,4105178
yacCp,4.111111111111111,44,8,AAGCCAGGGCATAGGACGAT,36,4102631
yacCp,2.111111111111111,26,8,AACTGCGAAATAGTATGAAA,18,4091349
yacCp,0.5555555555555556,12,8,AACTCTCATACTTCCCGGTA,4,4083382
yacCp,1.5555555555555556,21,8,AACGTTTCTCTCATTAGCTT,13,4110557
yacCp,0.2222222222222222,9,8,AACCGTTAGTGTCATACGAC,1,4101126
yacCp,4.333333333333333,46,8,AACCCCATCCTCTACTCCTT,38,4092180
yacCp,1.8888888888888888,24,8,AACCACCACTCGGCATTTTA,16,4088788
yacCp,0.2222222222222222,9,8,AACATAGGGGGGTTGTTACT,1,4103961
yacCp,2.0,25,8,AACACTTGCATGCGATGCGC,17,4093589
yacCp,1.7777777777777777,23,8,AAATCTTGGTATCCATTGAA,15,4108973
yacCp,0.4444444444444444,11,8,AAAGGTACCGAGAAAGTTTA,3,4100564
yacCp,0.2222222222222222,9,8,AAACTTTACTAGAGAAAGTT,1,4106406
yacCp,0.5555555555555556,12,8,AAAAGGCGTTGCAAAGAGGC,4,4108311
yacCp,0.25,8,7,TTTTGCCCTACGGCTTCAGG,1,4081844
yacCp,0.375,9,7,TTTGTTCTAGCTCTACCGCT,2,4096362
yacCp,2.625,27,7,TTTGGCTGGACTACTCCCGG,20,4105703
yacCp,2.125,23,7,TTTCACAGCAGCCTTCGGGA,16,4102418
yacCp,0.375,9,7,TTGTCTAAATAGCCCTACAA,2,4106766
yacCp,0.25,8,7,TTGTCGTGGGGTGGAAAGTT,1,4112542
yacCp,3.375,33,7,TTGGAGTTCATAGAGTGTCT,26,4106538
yacCp,0.25,8,7,TTGATCGATAACTTTGAAGT,1,4106105
yacCp,2.125,23,7,TTCTCTCTGGGGGTCTTGGA,16,4088965
yacCp,1.875,21,7,TTCGAGGTGGGTAAAAGCTT,14,4086510
yacCp,4.75,44,7,TTAGTGTCACAGTAAGTGAC,37,4086400
yacCp,1.25,16,7,TTAGACCCGATTTGGAAGCA,9,4083983
yacCp,0.25,8,7,TTACCTACCTTCTTAACCGC,1,4097976
yacCp,1.5,18,7,TTACCAACTCGCGCCTGGTT,11,4084665
yacCp,0.875,13,7,TGTTAATGGCGCGTATCGGC,6,4100647
yacCp,0.625,11,7,TGTGTGGCAATTGAATTCCT,4,4085410
yacCp,1.875,21,7,TGGTGAAGTTTAAGAAAAGT,14,4110063
yacCp,1.375,17,7,TGGGGTACCTGCTAAAAGCC,10,4082228
yacCp,2.125,23,7,TGGCAGCAGGGGATCATACA,16,4111683
yacCp,2.625,27,7,TGGAATTTTGCGGCATTTAA,20,4098630
yacCp,0.875,13,7,TGCCCGTCGCAAGGTTACAA,6,4105021
yacCp,2.5,26,7,TGCCACGTTTCCATGCCTTT,19,4104331
yacCp,3.125,31,7,TGCAGTTTCCTGGAGCCAAA,24,4086206
yacCp,2.75,28,7,TGAGTTCATCCGTCGAAGCC,21,4110948
yacCp,0.875,13,7,TGAACATTAGATCAAGTGCA,6,4086871
yacCp,2.125,23,7,TGAACATCAGGTATCTAAAG,16,4096912
yacCp,0.25,8,7,TCTTAGTGAGATCCCGGCTA,1,4110323
yacCp,3.875,37,7,TCTAGGACATGAAAGCATTG,30,4092210
yacCp,2.375,25,7,TCTACATCATCCAAGCGGCA,18,4100963
yacCp,0.375,9,7,TCGTTATAATTGCTCCACTA,2,4100429
yacCp,2.25,24,7,TCGTGATCCCGAGCTACGCG,17,4106275
yacCp,0.25,8,7,TCGATGGATATGCTGAGAAA,1,4109142
yacCp,0.875,13,7,TCGATAATGGCCACACAGGA,6,4098399
yacCp,1.125,15,7,TCGAGCTGCGAAGATCTACA,8,4081332
yacCp,1.0,14,7,TCCGGTCGTTCTACACCATT,7,4109406
yacCp,2.375,25,7,TCATTTGCCAGTGCGGCCTC,18,4088694
yacCp,0.25,8,7,TCAGTTTAGGCCGGGTCACG,1,4086104
yacCp,0.875,13,7,TCAAGCTGATACAATTTCCG,6,4087202
yacCp,3.0,30,7,TATTTTGCTAAGGTCTCTAA,23,4091476
yacCp,1.25,16,7,TATTAACAGTTGAGATATTT,9,4078673
yacCp,1.75,20,7,TATCCGTGGTTCACGTAACT,13,4091406
yacCp,3.5,34,7,TATATAAGCAGATTTTGGGG,27,4112190
yacCp,1.25,16,7,TATAGGAATCGGAGGTCTCA,9,4090090
yacCp,0.25,8,7,TATAGCAATGACGCAGACTG,1,4105558
yacCp,0.375,9,7,TAGGCCAATGGGATTAGCGA,2,4102442
yacCp,2.125,23,7,TAGCGCAAGCACGTGCTACC,16,4092843
yacCp,0.75,12,7,TAGATCCTGATATATTAATG,5,4097581
yacCp,0.25,8,7,TAGAGAGTGCCTGCTTCCGA,1,4082136
yacCp,0.625,11,7,TACTATCCGTTTTCATCGAT,4,4104738
yacCp,1.75,20,7,TACCTGTTGTTGGTACCAGA,13,4082814
yacCp,0.5,10,7,TAAGCGCCACCGCGGCCGGG,3,4079391
yacCp,2.25,24,7,TAAAGAAGCGACAGACGCGG,17,4098316
yacCp,1.0,14,7,GTTGCCCGGGTTATGAGTCA,7,4107370
yacCp,2.75,28,7,GTTAGACGCCATCAGCGCCG,21,4086273
yacCp,2.0,22,7,GTGAGGGCTAGAGTTGCGAG,15,4091352
yacCp,1.0,14,7,GTGACTTTGCTCTCTTATTC,7,4098589
yacCp,1.0,14,7,GTCTCTGAGAAAATTTTACT,7,4083341
yacCp,0.375,9,7,GTCTCAGAGGGTATCCCGGA,2,4093149
yacCp,2.0,22,7,GTCTATATTGCTTTAACCTC,15,4083508
yacCp,2.625,27,7,GTCCGCTAACTCGCGTTGTG,20,4080708
yacCp,2.625,27,7,GTCCGCGGAGAGACGATACG,20,4089864
yacCp,1.75,20,7,GTCCACTTAAAGGTCACTAG,13,4103600
yacCp,1.75,20,7,GTCAATTCTACCCGGCCAAA,13,4079917
yacCp,0.25,8,7,GTATGAAGCATTACGGGACA,1,4087428
yacCp,3.125,31,7,GTATCCGTGTCGCGTTGTGC,24,4087017
yacCp,1.625,19,7,GTAATACTTTCCACGCCGTA,12,4102952
yacCp,0.75,12,7,GGTTTCCTCTCGATATTTTA,5,4093746
yacCp,2.75,28,7,GGTCTCTAGAGATAATACAG,21,4093523
yacCp,2.125,23,7,GGTCTCGCAGAACGTGTTAC,16,4095859
yacCp,0.25,8,7,GGGCTCTACACGGATCCCTG,1,4088672
yacCp,3.5,34,7,GGGCCTTCGAAATTAATTAA,27,4091304
yacCp,0.25,8,7,GGATATGACTCCGCCACCAC,1,4099095
yacCp,1.625,19,7,GGAGTTGCATAAGGGTTACA,12,4083168
yacCp,1.5,18,7,GGAGGCCCCGGATCTCTTGT,11,4079154
yacCp,0.25,8,7,GGACTGAATTAGTTTTGGAT,1,4111198
yacCp,1.875,21,7,GGACGCGTGAGTGAAAGTCT,14,4097425
yacCp,5.625,51,7,GGACGATGTTTAATTGTTCG,44,4109656
yacCp,1.75,20,7,GCTTGTTGCTAGCATTGATT,13,4093466
yacCp,0.75,12,7,GCTCAAACCGACCAATGTTC,5,4106697
yacCp,0.25,8,7,GCGTGCAGTTTGCCGTCCGA,1,4099093
yacCp,1.25,16,7,GCGCACTCGGCCAATAAGGA,9,4082516
yacCp,0.25,8,7,GCCGGTCCAAGATTTTTTGT,1,4098844
yacCp,0.375,9,7,GCATCCTGAGATACGCTGCT,2,4094024
yacCp,4.75,44,7,GCATACATTCCTTATCCAGA,37,4107718
yacCp,1.0,14,7,GCAAGGTCTTCGCGCAAGGT,7,4097992
yacCp,0.375,9,7,GATTTAGATATCGCCTTCTG,2,4095092
yacCp,1.25,16,7,GATTTACCCAGAGGGACATC,9,4092241
yacCp,0.25,8,7,GATGCGTCATAGGAGGATGC,1,4088710
yacCp,4.125,39,7,GATGCAGGTCCGTGTACTGT,32,4108753
yacCp,3.625,35,7,GATGCAATGTTTTCTCTGAG,28,4096705
yacCp,0.25,8,7,GATCGGGTGCTAAACGCGCT,1,4106763
yacCp,7.125,63,7,GATATCCTGCCCTCCCTTGC,56,4103739
yacCp,3.0,30,7,GATAGACGGAGAAGTTTTCG,23,4080467
yacCp,5.125,47,7,GAGGTCACGCTACAAATTTC,40,4083150
yacCp,1.0,14,7,GAGGCAAAATTTCGCCTTAG,7,4091680
yacCp,0.25,8,7,GACGCCGGGAATCGCGTTTA,1,4098402
yacCp,1.25,16,7,GACCTACAACCGATACGGAA,9,4103111
yacCp,1.375,17,7,GACAAAGCGCGCTGTCGTCG,10,4096545
yacCp,0.25,8,7,GAAGCCGCGAAGTGCACGAG,1,4096734
yacCp,3.625,35,7,GAAGAGTATGTTAGCTCCCA,28,4093156
yacCp,4.0,38,7,GAACGGGGGTCAAACAATCA,31,4106423
yacCp,3.75,36,7,CTTGAGCTACGTGTAGCGCG,29,4109464
yacCp,0.25,8,7,CTTCGCCATGCTGTACCCGA,1,4084567
yacCp,1.625,19,7,CTTCCTAGCTAACGTATTTG,12,4099239
yacCp,0.25,8,7,CTTAGTCCTAGTGTCAGACA,1,4085906
yacCp,4.25,40,7,CTGGTTAGGATGATCCCGAG,33,4097299
yacCp,0.25,8,7,CTCTTTCAGCGCCCGCTTAC,1,4087525
yacCp,0.625,11,7,CTCCGGCTCGCATCAACCGG,4,4100279
yacCp,2.25,24,7,CTCCATCGCACAACAAGCTC,17,4096059
yacCp,2.25,24,7,CTATCTAGCAGTTCTTACGG,17,4108501
yacCp,7.875,69,7,CTATCCGTACGTATGACGAA,62,4097451
yacCp,2.125,23,7,CTAGTGCTCGCAAGACGTAC,16,4081061
yacCp,2.25,24,7,CTAACTTCATATAACCGGCA,17,4100910
yacCp,1.125,15,7,CGGCCCCGGCAGGGGTGGAG,8,4104571
yacCp,1.875,21,7,CGGCCATGTATCTTCCCATG,14,4093419
yacCp,1.375,17,7,CGGCAACTGGACCCCTCTTT,10,4091671
yacCp,0.375,9,7,CGGAGTATCATCTAAGGCTC,2,4084858
yacCp,1.625,19,7,CGGACGCCGTTATTAGGGGG,12,4096639
yacCp,0.25,8,7,CGGAAGAGCGTCTCAGTTTC,1,4100621
yacCp,1.875,21,7,CGCTTCGATTTTAGGATTAG,14,4083940
yacCp,3.375,33,7,CGCCGTTGACAACGCTTAGC,26,4078745
yacCp,3.125,31,7,CGCCACAGCATCTCATACAT,24,4107742
yacCp,1.375,17,7,CGATTCGCTTTTTAAGTCCT,10,4079221
yacCp,3.0,30,7,CGATCGTCGAGTTGGCGTGT,23,4098085
yacCp,1.375,17,7,CGAGGCGTGCTAGTCCGACA,10,4083432
yacCp,3.875,37,7,CGACCCGAAGGCAAAAAGAC,30,4111662
yacCp,0.375,9,7,CGAAATAGTGAGGGTCTGCA,2,4096113
yacCp,1.5,18,7,CCTTACAGGATATCTGAGTA,11,4086676
yacCp,0.25,8,7,CCTGGATGGAGTCACTGCCA,1,4088654
yacCp,2.25,24,7,CCTCTAATACTGCCTGAAAG,17,4096200
yacCp,0.25,8,7,CCTCGGGGTTTTGTAACGGG,1,4086994
yacCp,0.25,8,7,CCTCGCCCTAACCGCGACAT,1,4092361
yacCp,0.25,8,7,CCGTAAGTGTTGACATCATA,1,4090688
yacCp,4.375,41,7,CCGCACAGCATGTGCACGAG,34,4106348
yacCp,1.25,16,7,CCCCACCAACACTGGTGGTG,9,4088563
yacCp,0.75,12,7,CCCACCGTTGGGTTGATTCA,5,4087906
yacCp,1.5,18,7,CCATGGTGCTAATTATATAC,11,4112473
yacCp,0.75,12,7,CCACTTATTGCAATACGATG,5,4096500
yacCp,1.5,18,7,CCACTCTACATGGTTGTAAA,11,4084148
yacCp,0.25,8,7,CCAAAGGAAGCAGAGTGACG,1,4091900
yacCp,1.25,16,7,CATGTCGAAAATTTTAGAAG,9,4092840
yacCp,1.375,17,7,CATATTCCTTTCTACATGGA,10,4095227
yacCp,0.25,8,7,CATATGCGCCAACCTTACAG,1,4080392
yacCp,0.25,8,7,CAGTGTGTGCTCGTACTGTC,1,4083956
yacCp,1.375,17,7,CAGGGCGGGGGGGCGGCTCG,10,4098146
yacCp,0.25,8,7,CAGAGATCCACCCCGCCTTG,1,4108924
yacCp,3.125,31,7,CACCTCCTGGCGGGTGTCAC,24,4088227
yacCp,2.625,27,7,CAACCCTGGCTCGGATGTTA,20,4079938
yacCp,0.375,9,7,CAAAGGAATCAACTCAGGCG,2,4112279
yacCp,2.75,28,7,ATTGGCTTATTGATGCGCCT,21,4106191
yacCp,0.25,8,7,ATTGACTGCACTCGGGGGCT,1,4107266
yacCp,1.125,15,7,ATGACTTGCGGACACACCTT,8,4080432
yacCp,0.25,8,7,ATGAAGTGCGAGCTACCTCT,1,4103510
yacCp,0.375,9,7,ATCTCTTTATAACTTTTTAG,2,4111060
yacCp,1.375,17,7,ATCGCGGAGCCAGGACCTAA,10,4081786
yacCp,1.625,19,7,ATCCACAGTTAATAACATTC,12,4087913
yacCp,0.875,13,7,ATATCGACAGAGCAGGATAA,6,4081210
yacCp,1.625,19,7,ATACTCATACCGAACCTCGA,12,4092422
yacCp,12.25,104,7,AGTTATCCGTGCCTTGTTAG,97,4101360
yacCp,5.75,52,7,AGTGGCCTGTTCGGTGTCCA,45,4087133
yacCp,0.25,8,7,AGTAGGGGGCTGCTGGCTTA,1,4099098
yacCp,4.125,39,7,AGGTGCAAGATCGGCCTATC,32,4079866
yacCp,0.25,8,7,AGGTCTGATCTCGATGGCAT,1,4101853
yacCp,5.125,47,7,AGGTAATGCCTGGCCCACAG,40,4089824
yacCp,0.5,10,7,AGGCTACGCGGTAGGGTTGA,3,4087575
yacCp,2.875,29,7,AGGATTTCCATTGCCCATCT,22,4107128
yacCp,2.5,26,7,AGCGTACTGGGGTGCACCGG,19,4107532
yacCp,1.5,18,7,AGCCTCTATTCGGGTCCAAA,11,4091306
yacCp,4.375,41,7,AGCCGATAATCGCACCTGCG,34,4083190
yacCp,0.75,12,7,AGCAGTGCGGTTGTGGACGT,5,4082831
yacCp,1.125,15,7,AGCAAAGCTCTTTGACACCT,8,4088234
yacCp,12.375,105,7,AGATGAGACCCGTTTGAACA,98,4096228
yacCp,1.5,18,7,AGAATAAATCGATGAAGGTG,11,4105964
yacCp,1.375,17,7,AGAAGTTCCCATCCATTAAC,10,4094989
yacCp,0.25,8,7,AGAACTGGCTATCTAGGCGT,1,4091661
yacCp,0.25,8,7,ACTTTTCGCGCCCCCTAAGA,1,4100959
yacCp,2.625,27,7,ACTTGGTCCGGAGTATTCGC,20,4101829
yacCp,3.125,31,7,ACTCTATTTTGTGCACCTAG,24,4106304
yacCp,0.25,8,7,ACGTTGGGTGGCCATATCGT,1,4080399
yacCp,1.25,16,7,ACGTTGGCGGTAGTTGACTC,9,4102619
yacCp,0.25,8,7,ACGTTATATTCACTACCGAT,1,4094276
yacCp,0.25,8,7,ACGTCTTGATCGATTGGTTA,1,4094218
yacCp,3.0,30,7,ACGTCGCTGAGTAGCGGGGG,23,4098553
yacCp,3.375,33,7,ACGGTTTCATGTCTGGCTAT,26,4092845
yacCp,0.25,8,7,ACGGCTAATCCGTTATTTAT,1,4083305
yacCp,1.5,18,7,ACGACGGCTAAGTATGGGTT,11,4090554
yacCp,0.25,8,7,ACGACCACGTAACTGGCTGG,1,4112658
yacCp,0.25,8,7,ACGAATTCCGCTGCACTCGT,1,4084990
yacCp,0.875,13,7,ACCGGTGTAGTTGTTATTTG,6,4095649
yacCp,1.5,18,7,ACCAATAAATGAGATGGTAA,11,4084817
yacCp,0.25,8,7,ACAGATGGATAGAGCTCGAT,1,4086860
yacCp,1.5,18,7,ACACAGCGGTACGTTCGGCT,11,4091237
yacCp,0.5,10,7,ACAAGCTCAGCCCGGGTATA,3,4105922
yacCp,4.875,45,7,AAGGTCCCGGTCAGACCGCA,38,4108102
yacCp,0.75,12,7,AAGCAATTATTACGGTCTTA,5,4102042
yacCp,1.875,21,7,AAGAGTACGCATCATCTACC,14,4103581
yacCp,0.625,11,7,AACTTTCAGAGGACTGCAGA,4,4110969
yacCp,1.875,21,7,AACCTGTTGCGTCAAGGGGA,14,4098718
yacCp,1.875,21,7,AAAGCATTCGGCGTCTTGCG,14,4093637
yacCp,4.75,44,7,AAACTGCCGAAGTGCAAAGC,37,4101288
yacCp,0.375,9,7,AAACTAGGCACTACTGCAAA,2,4103560
yacCp,2.0,19,6,TTTTTTCGCTTCTACGGTTT,13,4083257
yacCp,0.2857142857142857,7,6,TTTGAGCTCTGAGGAATTGA,1,4083700
yacCp,2.0,19,6,TTGTACGCAGAGGTGTGTTT,13,4095759
yacCp,1.7142857142857142,17,6,TTCGACTTTCAGCAAACACA,11,4097432
yacCp,2.7142857142857144,24,6,TTAGTATACCACTTGGAGAG,18,4093776
yacCp,2.4285714285714284,22,6,TGTTCCCGGGTCGGGGGGCA,16,4111764
yacCp,0.42857142857142855,8,6,TGTCATGAGCGTTCCGAACA,2,4098147
yacCp,2.4285714285714284,22,6,TGTAGGATTGTTTACGTACA,16,4096941
yacCp,1.2857142857142858,14,6,TGTAGATGGGGCGGCAGAAA,8,4079727
yacCp,0.2857142857142857,7,6,TGGGCTTAGGCGTTATTATG,1,4079459
yacCp,0.2857142857142857,7,6,TGCTTGTTGCAGAGGGAGGA,1,4092578
yacCp,0.2857142857142857,7,6,TGCTTATCTAAAGTTCAGGA,1,4103249
yacCp,2.0,19,6,TGCTTACTTCAAATGACGTG,13,4112771
yacCp,0.2857142857142857,7,6,TGCAACTGTGGAACCCAGGT,1,4079118
yacCp,0.2857142857142857,7,6,TGAGAATCCTCAACTTTAGC,1,4092161
yacCp,2.0,19,6,TCTGGGTAGGCAGTATGTGA,13,4084564
yacCp,7.285714285714286,56,6,TCTGCAACCTTAGTTGAATG,50,4095080
yacCp,0.2857142857142857,7,6,TCTCGAGGTATCGTGGTTGA,1,4088601
yacCp,1.7142857142857142,17,6,TCTAGTAACCATTGTTCAGA,11,4099458
yacCp,6.142857142857143,48,6,TCTACATCATTTCGCAATGT,42,4086187
yacCp,1.0,12,6,TCGTGGGTGAAACGGGCTCA,6,4108849
yacCp,2.142857142857143,20,6,TCCGCGATTCCATGTGAATT,14,4103753
yacCp,1.4285714285714286,15,6,TCCCTGTTTCGTAAAGCCGT,9,4089752
yacCp,1.8571428571428572,18,6,TCCCCCTACTTCCCCAAGTT,12,4100570
yacCp,2.0,19,6,TCCATCACATAAAGGATATT,13,4080634
yacCp,0.5714285714285714,9,6,TCATTAGTCGCGACTCATGT,3,4091116
yacCp,0.2857142857142857,7,6,TCACGTGAAAGACTTCGAAG,1,4085290
yacCp,1.7142857142857142,17,6,TATTTTCGTGCTCCCGTACT,11,4087104
yacCp,2.5714285714285716,23,6,TATGGACCGGAAAGGTGGTA,17,4089256
yacCp,1.7142857142857142,17,6,TAGTGCACAGAGCGGTGTGC,11,4081846
yacCp,1.5714285714285714,16,6,TAGGGTGGTTCCGCTTTTAC,10,4082574
yacCp,0.2857142857142857,7,6,TAGCTCCCCTCCATGATGGG,1,4103411
yacCp,4.0,33,6,TACTACTGCTTTGAAGTCCT,27,4092606
yacCp,1.0,12,6,TACATCTGGTTAGAGCGCGC,6,4078392
yacCp,2.7142857142857144,24,6,TAATTCCCGGTTCATGGTCC,18,4085978
yacCp,0.2857142857142857,7,6,TAATGTTCTGTCATTCCTGT,1,4101194
yacCp,2.7142857142857144,24,6,TAATCGAAGTTTAAGGTAAC,18,4106826
yacCp,2.142857142857143,20,6,TAAGTCTCTGGAACACTAAT,14,4102903
yacCp,2.5714285714285716,23,6,TAAGGGTTTACACGTCCGCG,17,4089764
yacCp,0.2857142857142857,7,6,TAACAGCCGGTTTCGAAACA,1,4085274
yacCp,0.2857142857142857,7,6,GTTTTTAGTCGTTGGATTAA,1,4094063
yacCp,1.0,12,6,GTTGGAACAGGTCAGCACCA,6,4085873
yacCp,2.4285714285714284,22,6,GTTGCTTTTGATCTCAAGCA,16,4096981
yacCp,6.428571428571429,50,6,GTTGCATTTAATTACCATTC,44,4100317
yacCp,1.7142857142857142,17,6,GTTATGAGCCATATAAAGAC,11,4104087
yacCp,2.142857142857143,20,6,GTGCTTTCTCTTGGATTGTG,14,4102254
yacCp,3.4285714285714284,29,6,GTGAGAGGTTGACCTCGTTG,23,4083271
yacCp,0.42857142857142855,8,6,GTCTCGCAAATTAACGAGAC,2,4103595
yacCp,1.0,12,6,GTATTGCATCCGTGCCACCA,6,4095834
yacCp,1.2857142857142858,14,6,GTATCGGTCTAGTCAGAACA,8,4106357
yacCp,0.42857142857142855,8,6,GTAGTTGTTGGGGAGTAGGT,2,4085976
yacCp,1.0,12,6,GTAGAAAGAGTACTCCTAGA,6,4101354
yacCp,3.5714285714285716,30,6,GTACTAGCGGTTTTTACCCT,24,4099689
yacCp,1.0,12,6,GGTTCTGTGGGGTGAGTAAT,6,4104912
yacCp,2.2857142857142856,21,6,GGTTCAGCGTTCCAATCCAC,15,4083848
yacCp,10.0,75,6,GGTTACTTGTTCTGGACAGC,69,4105839
yacCp,0.7142857142857143,10,6,GGTTAAAGTTTCTCATGCGT,4,4078842
yacCp,1.5714285714285714,16,6,GGGATCAACGCCTAACTTAG,10,4083594
yacCp,4.0,33,6,GGCGGTGCGGTAGCACCGTA,27,4099579
yacCp,3.857142857142857,32,6,GGCGCAAGAGTGGCAATCTC,26,4082117
yacCp,0.5714285714285714,9,6,GGCATTGCGCAGAATTGTCA,3,4083771
yacCp,1.4285714285714286,15,6,GGATGCGGGTCGGTTGTAGG,9,4095894
yacCp,0.7142857142857143,10,6,GGATCGGACATCTCAAAACT,4,4104114
yacCp,0.2857142857142857,7,6,GGAGTTCAACCTCGCCACTA,1,4098296
yacCp,0.5714285714285714,9,6,GCTGAAAAGTCCAGGAACAG,3,4091419
yacCp,0.2857142857142857,7,6,GCTATTCACCGCGCTATGAT,1,4106367
yacCp,4.0,33,6,GCGTATGTGAGCGGTCAGTG,27,4104214
yacCp,0.2857142857142857,7,6,GCCTTACGAGTGGGCTATAT,1,4086108
yacCp,0.2857142857142857,7,6,GCCTCAAATATGTAGTTCCC,1,4099204
yacCp,2.2857142857142856,21,6,GCCGATGGCGTATGTGCTCA,15,4083152
yacCp,0.42857142857142855,8,6,GCCCACCGAGTGTCCTGGCC,2,4091967
yacCp,1.2857142857142858,14,6,GCCATGGTGTCAGGGCCTCT,8,4082033
yacCp,2.142857142857143,20,6,GCCATGAAAATCTGTTATGA,14,4106536
yacCp,6.571428571428571,51,6,GCATATCATATCGCAATTCT,45,4098984
yacCp,2.857142857142857,25,6,GCACGACGGTGATCGTTGTG,19,4089216
yacCp,1.1428571428571428,13,6,GCAAGTATGCGCTACCGAAG,7,4099561
yacCp,2.2857142857142856,21,6,GATTATCCGCAAAGTTGTAT,15,4108001
yacCp,2.2857142857142856,21,6,GATGCCCTTCTGCAACCCCC,15,4106149
yacCp,8.285714285714286,63,6,GATAGCCTGTTCCGACACCT,57,4103650
yacCp,2.4285714285714284,22,6,GATACGTACCATGTAACAAT,16,4090065
yacCp,0.2857142857142857,7,6,GAGTTATCGCTACGCACTAC,1,4097545
yacCp,4.142857142857143,34,6,GAGGACCACTCACAGAGCCC,28,4093773
yacCp,3.4285714285714284,29,6,GACTGGGCCTCACAGCAGAA,23,4100506
yacCp,0.5714285714285714,9,6,GACGGCGGCAGCCATGGAAT,3,4098867
yacCp,0.42857142857142855,8,6,GACGCGGTTCCTACCTCGCG,2,4090620
yacCp,2.7142857142857144,24,6,GACCCCTACGTGTTGGCGGA,18,4096123
yacCp,2.4285714285714284,22,6,GAATTCACCTGGGTACAAAA,16,4087515
yacCp,4.0,33,6,GAATCCGTACAAAACAGTTG,27,4083615
yacCp,1.0,12,6,GAATCCATCATAGTTCCTGC,6,4109434
yacCp,0.2857142857142857,7,6,GAACGGTAATACGTGCGCGA,1,4085010
yacCp,3.142857142857143,27,6,GAAAGGTCCGTTCAATCCCT,21,4085596
yacCp,1.2857142857142858,14,6,CTTTTGTAGTAAGAAGGCCT,8,4098952
yacCp,1.8571428571428572,18,6,CTTCGTCCCGTCTCGCACAG,12,4103002
yacCp,3.0,26,6,CTTCCAAGCTATTATTACCT,20,4084818
yacCp,0.7142857142857143,10,6,CTGTTTTTTCCTTTATCATT,4,4104350
yacCp,4.0,33,6,CTGGAGCATGACTGGTATCA,27,4089900
yacCp,0.2857142857142857,7,6,CTGCGATTTGCACGTTGTCC,1,4095168
yacCp,1.0,12,6,CTGCAGATTTGCCGTGGGGA,6,4107105
yacCp,2.142857142857143,20,6,CTCGACGGTGACGGTCGCTA,14,4102194
yacCp,2.2857142857142856,21,6,CTCGAACCATGAAATATACA,15,4088307
yacCp,0.2857142857142857,7,6,CTCAAGGTATGCTTTCGACG,1,4083134
yacCp,2.857142857142857,25,6,CTATGAGTATATCGGAATGC,19,4091990
yacCp,0.2857142857142857,7,6,CTATAATGTAGCAGCACCCA,1,4088428
yacCp,0.2857142857142857,7,6,CTAGAATTCTGGGTCACCAT,1,4099850
yacCp,3.857142857142857,32,6,CTAAACGGCTCGGGCGCCGT,26,4102337
yacCp,0.8571428571428571,11,6,CGTTCTTTGTTCAGGAGCTA,5,4102771
yacCp,1.5714285714285714,16,6,CGTCGTTCTTGTTAAAACAT,10,4095622
yacCp,3.0,26,6,CGTAATGGGGCAGCGATGTG,20,4089500
yacCp,2.0,19,6,CGTAACGCCCACAGCTGTAC,13,4095430
yacCp,0.2857142857142857,7,6,CGGTTCTAGCGTGCAGATAC,1,4106698
yacCp,4.714285714285714,38,6,CGGCTATTATATTCTGGCGG,32,4087769
yacCp,2.2857142857142856,21,6,CGGCGCGAGCTACTACCCCG,15,4085378
yacCp,0.2857142857142857,7,6,CGCGCGACGGCATGAGCCAA,1,4104918
yacCp,3.857142857142857,32,6,CGCCTCTCCTCCAATACGTC,26,4096866
yacCp,4.0,33,6,CGCCGTGGTGGCGGAGGTCA,27,4093502
yacCp,3.0,26,6,CGATGATTTGTGTCCGGAAA,20,4111397
yacCp,0.2857142857142857,7,6,CCTTGGTCCCTAGATGCCCA,1,4097243
yacCp,2.0,19,6,CCTTCAGTGATGAGACCTGG,13,4111674
yacCp,1.1428571428571428,13,6,CCTCGCAATTGCCTCCAGGC,7,4087838
yacCp,5.285714285714286,42,6,CCTCAACCACCAACTGGAAT,36,4106056
yacCp,0.5714285714285714,9,6,CCGCCAATTTGTTTGCTCCA,3,4109590
yacCp,0.5714285714285714,9,6,CCGATAGGCTGCAGGCCGAT,3,4110829
yacCp,6.0,47,6,CCGAAGTCGGTATAGTCCAA,41,4097061
yacCp,2.142857142857143,20,6,CCATGACGTACGGATTCTTC,14,4090931
yacCp,1.1428571428571428,13,6,CATCTGGATCAGCGAGAAAA,7,4110598
yacCp,0.42857142857142855,8,6,CAGGGCGAAGCGGCCTCGGT,2,4100748
yacCp,0.8571428571428571,11,6,CAGGCACCGACGTTATCCAG,5,4095410
yacCp,1.2857142857142858,14,6,CAGCCGGAGCATTAACATTG,8,4101850
yacCp,0.42857142857142855,8,6,CAGACCGCCACTCATATCGT,2,4096270
yacCp,0.2857142857142857,7,6,CACTTATCTCGCTTGCCGAG,1,4088448
yacCp,0.2857142857142857,7,6,CACGCGCAATATCCTACACG,1,4111089
yacCp,1.7142857142857142,17,6,CAATAACGTTGGGCCAACGA,11,4083715
yacCp,0.2857142857142857,7,6,CAAGGGATAAAGGTGCCTGC,1,4092094
yacCp,4.428571428571429,36,6,CAAGCCGGCTCCGAAACTCT,30,4095994
yacCp,2.142857142857143,20,6,CAACTGAAGCTAATAAGCTC,14,4081570
yacCp,0.2857142857142857,7,6,CAACGTGGCCGAGTGGGATC,1,4091697
yacCp,1.8571428571428572,18,6,CAAAGTTGAGTTCTGGGATC,12,4106335
yacCp,4.0,33,6,ATTTTGGGCTCTCCGAACAA,27,4087740
yacCp,0.2857142857142857,7,6,ATTTCGGGAGTCCTATGGTT,1,4081169
yacCp,5.714285714285714,45,6,ATTTATTGCTCATACGTTCC,39,4083787
yacCp,5.142857142857143,41,6,ATTTACACTCCTCACGACCT,35,4101342
yacCp,0.42857142857142855,8,6,ATTCCTATGGGGCTCGACGC,2,4111404
yacCp,1.7142857142857142,17,6,ATGTTCAACCGCAGTTCTAT,11,4108983
yacCp,1.1428571428571428,13,6,ATGCTGTACAGGACGTAATG,7,4099433
yacCp,0.5714285714285714,9,6,ATGCTAGGTGTTATCCTTGA,3,4078450
yacCp,0.5714285714285714,9,6,ATGATTGTAATGTGTCTTAA,3,4089712
yacCp,3.4285714285714284,29,6,ATGACAACATGCACTCAAGA,23,4103375
yacCp,5.714285714285714,45,6,ATCGGATACCGGCTTAGTTA,39,4094281
yacCp,1.8571428571428572,18,6,ATCGCAATTAAGTGCTCGCG,12,4081001
yacCp,0.42857142857142855,8,6,ATCAATGAAGTGACACAGAT,2,4088009
yacCp,6.285714285714286,49,6,ATAGAGCGACAGGACCACGG,43,4091881
yacCp,0.7142857142857143,10,6,ATAACGGTATTTCCCTTGTA,4,4098812
yacCp,0.2857142857142857,7,6,AGTTGGCATTGCTGGTCCTA,1,4078900
yacCp,4.0,33,6,AGTGTGGAGATAAGCGAATA,27,4096016
yacCp,3.142857142857143,27,6,AGTCACTTACTAAACTGTGG,21,4083504
yacCp,2.4285714285714284,22,6,AGTAGTCATTAACACTAGCG,16,4089883
yacCp,2.142857142857143,20,6,AGGCTTAAGACAAAGCATCC,14,4108711
yacCp,1.0,12,6,AGGATGATAAAGCATCTCTC,6,4079020
yacCp,3.4285714285714284,29,6,AGCTATTTCTATGATACGTC,23,4099478
yacCp,3.857142857142857,32,6,AGCTAAAGTCCACTGATGCG,26,4103701
yacCp,17.857142857142858,130,6,AGCGCCGGATCGGACGATTA,124,4092521
yacCp,2.4285714285714284,22,6,AGCCTTTTTTAACATCTGCA,16,4108555
yacCp,4.285714285714286,35,6,AGCCGGGCTGCCACACCGCT,29,4089037
yacCp,1.1428571428571428,13,6,AGCCGCGGTGCCCCGGCTCC,7,4106408
yacCp,0.2857142857142857,7,6,AGCCCATGTTTCAAATCGGT,1,4109078
yacCp,2.142857142857143,20,6,AGAGTAGTCACCTAGTTCCT,14,4078464
yacCp,0.2857142857142857,7,6,AGACCGAAGACCCACCATGT,1,4082044
yacCp,0.7142857142857143,10,6,AGACCCAGTACTGTTGGTTT,4,4082633
yacCp,3.5714285714285716,30,6,AGACCAGTTTAGTACAGCCC,24,4078906
yacCp,3.7142857142857144,31,6,AGACACTAGAGGTTGAAACT,25,4107960
yacCp,1.1428571428571428,13,6,ACTTAGGACGAACCTAATAG,7,4106950
yacCp,5.142857142857143,41,6,ACTGGTCCGGGCAGCTGACT,35,4101825
yacCp,7.571428571428571,58,6,ACTCCGCAGCTCTATCGCAT,52,4081549
yacCp,0.2857142857142857,7,6,ACGTCTGGAGCACTTTTAGT,1,4083243
yacCp,0.2857142857142857,7,6,ACGGTTGCTTGATGCCATGA,1,4094352
yacCp,1.7142857142857142,17,6,ACCTGATAGACCAATAGGTG,11,4083311
yacCp,1.8571428571428572,18,6,ACATTTTGTTACAGGCTATG,12,4092386
yacCp,0.2857142857142857,7,6,ACATTTATCATTTACACTTA,1,4107715
yacCp,4.428571428571429,36,6,ACATGGGCTACAAAGGTAAC,30,4093318
yacCp,0.8571428571428571,11,6,ACATCAAGAGCGTTCAGAGT,5,4110310
yacCp,1.4285714285714286,15,6,ACACGTTCCACTCTTCATCG,9,4095996
yacCp,2.4285714285714284,22,6,AATTGTTAGTCTCGTGATTT,16,4100648
yacCp,0.2857142857142857,7,6,AATCGCGGTTGCTAGGATGG,1,4080253
yacCp,0.2857142857142857,7,6,AATATAATGCTGGTTAGCGT,1,4085701
yacCp,0.2857142857142857,7,6,AAGCTGGTAGCGAACGGCTA,1,4112226
yacCp,2.857142857142857,25,6,AAGCTACCTATCATGTGGTG,19,4089052
yacCp,0.2857142857142857,7,6,AACTTCAGGGGGGCCAGCGG,1,4081758
yacCp,1.0,12,6,AACGGATGACCAGCTCATGG,6,4078470
yacCp,0.2857142857142857,7,6,AACCTCGCCACGCATTGGCA,1,4093071
yacCp,1.4285714285714286,15,6,AACAACCTCAGCGGTGATAT,9,4100385
yacCp,4.714285714285714,38,6,AAACGTTTTACCACTTATCT,32,4088070
yacCp,2.3333333333333335,18,5,TTTTTATGGGGCTACCCTAG,13,4079130
yacCp,0.6666666666666666,8,5,TTGTCTGGCAACTCTGAAAC,3,4111338
yacCp,0.5,7,5,TTGTCTCCCCCAGACTCTGG,2,4109287
yacCp,0.3333333333333333,6,5,TTGGTTAGTGACATTTGTGA,1,4106916
yacCp,0.5,7,5,TTGGAGGTGAGATGCTTGTA,2,4099685
yacCp,2.3333333333333335,18,5,TTATATCTAGGGTCTTCTAG,13,4104686
yacCp,6.333333333333333,42,5,TTACGGCTGTATGCTTCCAT,37,4083632
yacCp,1.1666666666666667,11,5,TTAACCTGTCAATCCAACCA,6,4085726
yacCp,7.666666666666667,50,5,TGTTTGGTTCTGACGCTCCT,45,4101583
yacCp,1.6666666666666667,14,5,TGTCAAGATTTGAGCTAGGA,9,4110366
yacCp,0.3333333333333333,6,5,TGTATTGTGAGGCAATGTTC,1,4086896
yacCp,2.3333333333333335,18,5,TGTAGCACCTGGACCGACAT,13,4098335
yacCp,3.3333333333333335,24,5,TGTAGATATGGCCGTACCCG,19,4103647
yacCp,11.5,73,5,TGGGATGTTTTGAGTCGCTC,68,4111272
yacCp,1.8333333333333333,15,5,TGGGATGCGCACCTAAATTA,10,4102117
yacCp,3.5,25,5,TGGCCCATACGTGCGGCCTT,20,4081193
yacCp,0.3333333333333333,6,5,TGGCAGCTCTGCTCGAATAA,1,4102383
yacCp,4.666666666666667,32,5,TGGATCTACCCATCGAGGCC,27,4084788
yacCp,3.1666666666666665,23,5,TGCGCCAGCCAGAAATGGGT,18,4081155
yacCp,0.3333333333333333,6,5,TGCCACCTGCTTACATGGAC,1,4082999
yacCp,2.8333333333333335,21,5,TGCAGTCATGCCCTAGCATT,16,4106006
yacCp,0.3333333333333333,6,5,TGAGAGCATCCCTTCAACAC,1,4093146
yacCp,0.3333333333333333,6,5,TGACGCAGGTCACAGTGATC,1,4091251
yacCp,2.0,16,5,TGAAGCCACGCGTAAGATTA,11,4102466
yacCp,1.0,10,5,TGAAATTCAATTGGATCAAC,5,4099200
yacCp,2.0,16,5,TCTAGTAGTGGTTGCCAGCA,11,4093888
yacCp,3.0,22,5,TCGTCTGAACCAATAACCTT,17,4111669
yacCp,0.8333333333333334,9,5,TCGGGAAGGGATCACAGGAC,4,4094091
yacCp,0.8333333333333334,9,5,TCGGCAGGCTCGCGGGAATC,4,4112039
yacCp,1.6666666666666667,14,5,TCGAACTAGGGTTTATGATT,9,4107081
yacCp,2.5,19,5,TCCTTGGTTCAGGCCTGCAT,14,4107313
yacCp,0.3333333333333333,6,5,TCAAGTCCTAGGGTAGTCGT,1,4097890
yacCp,0.3333333333333333,6,5,TATTTCGTCCATTTCACGTG,1,4101114
yacCp,5.333333333333333,36,5,TATTGGGGTGTGCTATTAAT,31,4103860
yacCp,2.3333333333333335,18,5,TATCTGTGCGGCGGTTGTGA,13,4089391
yacCp,2.8333333333333335,21,5,TAGAAGTGAGCTCTTTAGCC,16,4111061
yacCp,0.8333333333333334,9,5,TAATTACACTCCGGCAGGTA,4,4099049
yacCp,2.3333333333333335,18,5,TAAGGTTTCAGAATCCAAAC,13,4107187
yacCp,0.3333333333333333,6,5,TAAGGAAAAAGTGACCAAAA,1,4100513
yacCp,0.3333333333333333,6,5,TAAGCGAGGGGGCTAAGAAG,1,4099307
yacCp,0.6666666666666666,8,5,TAAGCCTGGCGGAGCCACTC,3,4090282
yacCp,1.3333333333333333,12,5,GTTACCCCTCTGCATAAACA,7,4097594
yacCp,0.8333333333333334,9,5,GTGTTGGTGTCTCTTTTTGA,4,4084885
yacCp,4.666666666666667,32,5,GTGGGCTCCGTTTGGGGTAT,27,4102660
yacCp,1.1666666666666667,11,5,GTGCTAGCTAAATTCTGAGT,6,4092646
yacCp,1.3333333333333333,12,5,GTCTCCATACGAGGTGGATG,7,4087761
yacCp,0.3333333333333333,6,5,GTCTATGAAGCAATTCCCTG,1,4082439
yacCp,4.833333333333333,33,5,GTCCAGCTCCTGTCTGCAAC,28,4109537
yacCp,2.0,16,5,GTATCTTCCGTGTACATAGA,11,4082712
yacCp,1.1666666666666667,11,5,GTAGTGTACCACAAATGACT,6,4085330
yacCp,4.166666666666667,29,5,GTACTCTTATCGATTTCCCT,24,4085310
yacCp,0.3333333333333333,6,5,GGTTTAGCAGCAGGATTGTA,1,4104734
yacCp,0.8333333333333334,9,5,GGTGGTAGGGGAAAATCTAA,4,4086753
yacCp,0.8333333333333334,9,5,GGTGAAATCTTTGAACGATA,4,4088036
yacCp,1.1666666666666667,11,5,GGTCTTAGATAGTTTAATCT,6,4110946
yacCp,2.8333333333333335,21,5,GGTCCCGAGATTGCCCAAGT,16,4101040
yacCp,2.6666666666666665,20,5,GGGTTGAAATTCGATACGCA,15,4091964
yacCp,2.0,16,5,GGGTGTTATTAGTCGTGTAA,11,4089859
yacCp,2.0,16,5,GGGTGGTGGTTCGTATCCGG,11,4086127
yacCp,4.5,31,5,GGGAAGAGCCCGGCGCTTCG,26,4095560
yacCp,2.1666666666666665,17,5,GGCTGGGAGCCCACAACCAT,12,4112259
yacCp,46.166666666666664,281,5,GGATGGAATGTTTCTATGGA,276,4080160
yacCp,0.8333333333333334,9,5,GGACTTTAGCACTCTGGGGG,4,4098274
yacCp,2.6666666666666665,20,5,GGACATTTACCTGGGGGTCC,15,4080001
yacCp,1.3333333333333333,12,5,GGAATTCTCCTTGAATGGTA,7,4095909
yacCp,0.5,7,5,GCTGATTTGAGTGTGGTGAT,2,4079950
yacCp,2.1666666666666665,17,5,GCTAGTGACGGCGTTGGGTT,12,4092634
yacCp,1.8333333333333333,15,5,GCTACCCGGTGGTGTAAATT,10,4095653
yacCp,0.3333333333333333,6,5,GCGCGAGGGGAGAACGCGAA,1,4109462
yacCp,2.8333333333333335,21,5,GCCTACAAGGTGCCCCGGTC,16,4107489
yacCp,1.8333333333333333,15,5,GCCGGCATTACTTGAACCGA,10,4095276
yacCp,0.3333333333333333,6,5,GCCCGGCCCTAACTCAAACA,1,4081415
yacCp,3.8333333333333335,27,5,GCATGACGGGGTACACTAGA,22,4105155
yacCp,2.1666666666666665,17,5,GCATCAAAACAACTCACCTA,12,4110868
yacCp,2.8333333333333335,21,5,GCAAACTCTACTTGCCAGCA,16,4109962
yacCp,2.8333333333333335,21,5,GCAAAAAGTGAGGTATAGGT,16,4111760
yacCp,2.3333333333333335,18,5,GATTCAGTAAGGAACTAGAT,13,4089769
yacCp,0.3333333333333333,6,5,GAGGCTCCGACTACTCTCGA,1,4098499
yacCp,1.6666666666666667,14,5,GAGGATCTTGATGGGGCCCT,9,4089202
yacCp,3.1666666666666665,23,5,GAGATTCCTGATCAATATCA,18,4086545
yacCp,1.5,13,5,GAGATACTGCCGGCCAATAC,8,4085128
yacCp,3.5,25,5,GACTGGCGATTAGTTGGGGA,20,4084900
yacCp,3.6666666666666665,26,5,GACCCCTGTGCCATTCGAGT,21,4084839
yacCp,0.3333333333333333,6,5,GACAGGTGGCATATTTCATG,1,4108329
yacCp,0.3333333333333333,6,5,GAATTGTCGCGGGGTAAAAT,1,4102656
yacCp,2.6666666666666665,20,5,GAATGCGGTCTCCAACTGCT,15,4101290
yacCp,4.5,31,5,GAATATCGTGGAGAGATGCG,26,4106964
yacCp,5.833333333333333,39,5,GAAAAGATATATGCGGCATT,34,4110381
yacCp,4.166666666666667,29,5,CTTGTGACGGCCTGTGACGA,24,4081533
yacCp,2.3333333333333335,18,5,CTGTTGATATCCGGCTGGCT,13,4083169
yacCp,0.6666666666666666,8,5,CTGTGTCCTCTCGAGTTTTG,3,4104007
yacCp,0.8333333333333334,9,5,CTGTAACACGAGGGGTTCTA,4,4088875
yacCp,1.6666666666666667,14,5,CTGGTGCTGTACCCAATAGT,9,4094829
yacCp,3.0,22,5,CTGGAATGCTCGCCTCACAT,17,4086561
yacCp,0.6666666666666666,8,5,CTGCTGTGCAATCCTCAAGC,3,4098837
yacCp,0.6666666666666666,8,5,CTGACAAAGACCCTGACCAT,3,4081417
yacCp,6.666666666666667,44,5,CTCGTGCTAGCCTGATCATT,39,4110465
yacCp,4.333333333333333,30,5,CTCGGGGTCTATCGACACAT,25,4097861
yacCp,0.3333333333333333,6,5,CTATTTGTTGTACAAGAATC,1,4094017
yacCp,1.5,13,5,CTATCAACTACATACGACAT,8,4100405
yacCp,2.6666666666666665,20,5,CTAGAGACGTCGAGCTCGAA,15,4087770
yacCp,0.3333333333333333,6,5,CTAGACAATATTGGATGCCT,1,4092986
yacCp,1.8333333333333333,15,5,CGTTTCATAGGATTGGTCAA,10,4082638
yacCp,2.1666666666666665,17,5,CGTGCGGCTGGCAATAAGCT,12,4089881
yacCp,0.3333333333333333,6,5,CGTCATAATGTAAACGGGTA,1,4102292
yacCp,0.6666666666666666,8,5,CGGGTGTTGATGCCCTCCTA,3,4108618
yacCp,0.3333333333333333,6,5,CGGAACCCCACCAGGGTAAG,1,4087534
yacCp,1.6666666666666667,14,5,CGGAACATACAAAACACTCT,9,4082364
yacCp,0.3333333333333333,6,5,CGCTGTCTCTATTTTCACTA,1,4079212
yacCp,0.3333333333333333,6,5,CGCTCTATGCACAGGTACCC,1,4106741
yacCp,0.5,7,5,CGCCGCCTACATATCCGTAT,2,4111183
yacCp,27.833333333333332,171,5,CGCCCGGCGCTTCAGTGGGT,166,4092514
yacCp,1.0,10,5,CGAGCGCCCTTTGCGTAGTG,5,4112819
yacCp,3.6666666666666665,26,5,CCGTCCCGGCCCCGATATGA,21,4079777
yacCp,0.6666666666666666,8,5,CCGTCAGGAGAGCACTGCTT,3,4109414
yacCp,2.1666666666666665,17,5,CCGGTAGGGGTTCACGGTTT,12,4095907
yacCp,3.3333333333333335,24,5,CCGGCCTCTAGGCGAATCAC,19,4089203
yacCp,1.8333333333333333,15,5,CCGGCAAGCGTTCTCCCTGT,10,4108643
yacCp,1.5,13,5,CCGGATGCGTGCCGATCTAA,8,4088321
yacCp,3.1666666666666665,23,5,CCGCAGCACGGCTTTATATC,18,4110007
yacCp,3.6666666666666665,26,5,CCCTGCGACACAAAGTACCT,21,4080095
yacCp,3.5,25,5,CCCTCCACGTGAGCGGTATC,20,4110149
yacCp,4.333333333333333,30,5,CCCGATGGTACATGATCCTT,25,4093442
yacCp,6.0,40,5,CCATCACGGCAGTTATCTTG,35,4109483
yacCp,3.1666666666666665,23,5,CCAGTGACTGCTGCGCACAG,18,4079767
yacCp,0.3333333333333333,6,5,CCAAGCTGTCCCATGGCCCT,1,4090363
yacCp,0.8333333333333334,9,5,CATGTGCTCATTTCACGTGG,4,4108294
yacCp,4.0,28,5,CATGTAACACTAGCTTCGGA,23,4097835
yacCp,0.3333333333333333,6,5,CATCCTAATTGCGCACTAAC,1,4111566
yacCp,1.1666666666666667,11,5,CAGTGAGTCGGTAACGCTGG,6,4081336
yacCp,2.0,16,5,CAGCTTCTTAACGGATCGTT,11,4102715
yacCp,12.0,76,5,CAGCTTCCAGTGAATCTCCT,71,4096397
yacCp,0.3333333333333333,6,5,CAGCACTTCTGACCTCTAAC,1,4103700
yacCp,3.0,22,5,CACGGAGTTATCGAGCTAGG,17,4110345
yacCp,0.3333333333333333,6,5,CACCGTTTGTCTATCAGCCT,1,4104847
yacCp,3.0,22,5,CAAGAAATTCGGCTGGTCCA,17,4085300
yacCp,1.3333333333333333,12,5,ATTTTAGAATACAGCTAATG,7,4098393
yacCp,0.3333333333333333,6,5,ATTTACGGTGTTAGGTGTCC,1,4090092
yacCp,2.0,16,5,ATTGTGAGGCTCCTTCCTGA,11,4079327
yacCp,0.3333333333333333,6,5,ATTGTCAGTGAAAGTACCAC,1,4088916
yacCp,1.0,10,5,ATTCTTACTTCCTGAGTGAC,5,4106812
yacCp,0.6666666666666666,8,5,ATTCATTCAAGGCAGTTAAG,3,4096225
yacCp,2.0,16,5,ATGTTATCTTGCACTGGGCA,11,4110047
yacCp,0.8333333333333334,9,5,ATGGGTTATTTGCAGCTTTG,4,4107352
yacCp,0.3333333333333333,6,5,ATGGGCCGAGATGAGGCTAT,1,4089947
yacCp,0.3333333333333333,6,5,ATATAGGACCTCCCGACACC,1,4107890
yacCp,0.5,7,5,ATACCTAATTCCACAAAAAA,2,4092345
yacCp,1.5,13,5,ATAATGACCAGGTTTATATT,8,4091631
yacCp,1.0,10,5,AGTTTCTAACTAAAATTACG,5,4107067
yacCp,2.5,19,5,AGTTTAGATCAAGGGACGTT,14,4109883
yacCp,0.3333333333333333,6,5,AGTTAGCTGACTCGTATAGA,1,4091633
yacCp,0.8333333333333334,9,5,AGTGAAACCTGAAGACTGAT,4,4098845
yacCp,16.833333333333332,105,5,AGGAACGCTTCTTGTCCTTG,100,4087801
yacCp,2.8333333333333335,21,5,AGCTCTGAATAGCAGCGGTC,16,4083871
yacCp,0.5,7,5,AGCTCATAAGGGATGAGTAC,2,4085593
yacCp,1.5,13,5,AGCATACGCACTAATATTGT,8,4082263
yacCp,4.166666666666667,29,5,AGAGAGTGAAGCGTTGGGGG,24,4098157
yacCp,3.3333333333333335,24,5,AGAGAATCTCTACCTAGCTC,19,4103395
yacCp,0.6666666666666666,8,5,AGAACAATAGCAAAGCCTTA,3,4093895
yacCp,2.5,19,5,ACTGTGGTGAGATCCCCTGT,14,4095029
yacCp,9.833333333333334,63,5,ACGTACCAAACTCGATCAGC,58,4111417
yacCp,2.5,19,5,ACGCAGTATGATCGGGGTGT,14,4094036
yacCp,3.5,25,5,ACGCACAGGAGTCGTGGAGT,20,4106905
yacCp,3.5,25,5,ACGATGAGTGGGTTCGGCGT,20,4100453
yacCp,0.6666666666666666,8,5,ACCTGAACGGTCTATATGAA,3,4107173
yacCp,3.1666666666666665,23,5,ACCGCGGTCGCGTAGTCCAC,18,4093436
yacCp,0.3333333333333333,6,5,ACCCCTGGTGTACTGAACTC,1,4100466
yacCp,2.3333333333333335,18,5,ACCCCACTGCCAGCTGGAGA,13,4111960
yacCp,4.5,31,5,ACAGGTCTGGTCATAATGGC,26,4078489
yacCp,9.166666666666666,59,5,ACAGGCGAGGGGTTGTCATG,54,4110360
yacCp,0.5,7,5,ACAGATAATTGAGCCGTTTT,2,4099678
yacCp,1.3333333333333333,12,5,ACACTGGCGCTTGGACTGAC,7,4107572
yacCp,3.8333333333333335,27,5,ACAATCGGTCTATGACGGAT,22,4089806
yacCp,2.8333333333333335,21,5,AATTTCGTATCGTGGCAAAA,16,4106688
yacCp,2.5,19,5,AATGGGTACCAACGCATGTC,14,4103664
yacCp,2.0,16,5,AATATAGTTCTTTGACGGGT,11,4100398
yacCp,7.0,46,5,AAGTTGTGATTCCTTCAAAC,41,4112506
yacCp,1.3333333333333333,12,5,AAGATGAAAACTGTGTACAT,7,4095041
yacCp,2.5,19,5,AAGAGGGAAGATTGCTATAG,14,4096880
yacCp,1.0,10,5,AAGAACTCCGTCAAGTACAC,5,4110731
yacCp,7.0,46,5,AACTAGATAGGGTATGCAAT,41,4087711
yacCp,0.3333333333333333,6,5,AACGAGCGATGGTGTGGGAG,1,4095062
yacCp,1.1666666666666667,11,5,AACGACTTCGAGTCGTGTAC,6,4098916
yacCp,0.3333333333333333,6,5,AAAGACCTGGAGTGTCACAA,1,4111347
yacCp,10.333333333333334,66,5,AAACCTTAACGGGACAGTCG,61,4091789
yacCp,2.0,13,4,TTTTCTCGCAACTGTAAATA,9,4097185
yacCp,3.8,22,4,TTTTACTAAGTATCGGGTCG,18,4100661
yacCp,2.8,17,4,TTTCTTGCAGGACAGTTCTC,13,4106751
yacCp,0.4,5,4,TTTCGTAAAATAACAACCCT,1,4095756
yacCp,13.8,72,4,TTTCAACGCAATACTCAGGT,68,4093330
yacCp,0.4,5,4,TTTAAGGCTCCTTCCCCGTT,1,4092570
yacCp,6.0,33,4,TTGGTTTAGTGGTGGCCAGG,29,4104900
yacCp,4.2,24,4,TTGGCCAGCGCCTAGTTTCA,20,4082036
yacCp,0.4,5,4,TTGCTTCGAAATGTAGTGCA,1,4090327
yacCp,3.0,18,4,TTGCTATGGCCATGAGCCGT,14,4083349
yacCp,2.0,13,4,TTGCGGTGCAGTACCTAAAC,9,4082188
yacCp,1.0,8,4,TTGAAAGATCCGAAGAAAGA,4,4082719
yacCp,1.2,9,4,TTCCTTCGAATTGATGTGGG,5,4097190
yacCp,0.4,5,4,TTCCATCTTAGGGGTGATAT,1,4110644
yacCp,0.6,6,4,TTCAAAGACTGTGGGGCACC,2,4083796
yacCp,0.4,5,4,TTATGTATTAGCTCCTAGTG,1,4084992
yacCp,0.4,5,4,TGGTCGTTTTGCTTCTTCTA,1,4107372
yacCp,0.4,5,4,TGGTAAAGCAGCGAAGGCTG,1,4101547
yacCp,0.4,5,4,TGGGTACATGCTCTTCGGGA,1,4094774
yacCp,2.4,15,4,TGGGAATAATAAGTGTCGTT,11,4087506
yacCp,0.6,6,4,TGGCTCTCTGAATTACGCCT,2,4083856
yacCp,3.0,18,4,TGCTTGGCCTCGGATTGGGA,14,4100561
yacCp,0.4,5,4,TGCTGTATAGCTAAGCATGG,1,4095880
yacCp,2.2,14,4,TGCTAACAATGGGGCTGTAC,10,4091958
yacCp,0.4,5,4,TGCGGGTCGGACATTTAATA,1,4078377
yacCp,0.4,5,4,TGCGGCGAGTCTCTGGGCTT,1,4108761
yacCp,1.8,12,4,TGCCAGGGAGCATTAATGTA,8,4082809
yacCp,2.4,15,4,TGCATACGTATGGTCGAGCA,11,4107438
yacCp,0.8,7,4,TGCACGCGGAGTGGTCACGG,3,4083051
yacCp,3.6,21,4,TGCAATCAGGATTCTATGAG,17,4100423
yacCp,2.4,15,4,TGACTCGACTTAGTACAGTA,11,4105046
yacCp,5.4,30,4,TGAACTTGACCTTCGTAGTG,26,4102596
yacCp,0.4,5,4,TCTTGTGAGCACAATCGGGT,1,4085227
yacCp,6.8,37,4,TCTGGATCCGGATGGAGGAA,33,4109354
yacCp,0.4,5,4,TCTCTTGTTTGCATCAATTT,1,4094056
yacCp,2.0,13,4,TCTCTGCGCAACCGTGGGAC,9,4080000
yacCp,2.2,14,4,TCTAGCCGCTTTTGGATGGA,10,4084218
yacCp,0.4,5,4,TCTACGAGTGAAGCTTAGTA,1,4085012
yacCp,0.4,5,4,TCGGTTTAAATCCCGCTTAG,1,4085623
yacCp,4.6,26,4,TCGGGCAGTATCCTCTCGGT,22,4104011
yacCp,5.2,29,4,TCGCGGTAGACTAGGGTGCA,25,4110497
yacCp,0.6,6,4,TCGACTCCCTGAAAGTATTA,2,4097470
yacCp,1.4,10,4,TCCGTTTATAGAATTCAGCG,6,4109506
yacCp,0.4,5,4,TCCCTGGAGTATTCATTTGA,1,4096696
yacCp,0.4,5,4,TCAGATTGGTTCTTGGCCCT,1,4093870
yacCp,14.0,73,4,TATGTCGATGCATCGCTGCA,69,4090462
yacCp,0.8,7,4,TATCTGTAATTAAGCATGAT,3,4090236
yacCp,3.2,19,4,TATATCCCAAGGACTCCCCG,15,4097105
yacCp,2.6,16,4,TAGGGGAGTTACCGAGAAAA,12,4098917
yacCp,4.0,23,4,TAGATTAGGCTGGCGCGAGC,19,4102847
yacCp,1.6,11,4,TACCTGCGTATCAGGTTCCT,7,4086277
yacCp,3.0,18,4,TACCCTTACAGATTCCTTAG,14,4110293
yacCp,1.2,9,4,TACAAGGCAGAATTGGCCCC,5,4103225
yacCp,1.2,9,4,TAAGAAGGGTGCGCCTATGA,5,4091957
yacCp,2.2,14,4,TAACCGGGACTTGCATAGTC,10,4097749
yacCp,0.6,6,4,TAAAAGGTTCAGTGGGATTT,2,4107737
yacCp,2.0,13,4,TAAAACGTTTTTACGTAGAC,9,4092157
yacCp,0.4,5,4,GTTTCCCGGTCCTCATCCTA,1,4085460
yacCp,5.6,31,4,GTTGTCTCGCAAACTTGTGA,27,4080538
yacCp,0.4,5,4,GTTACCTTGCGTGAGGTCCG,1,4085765
yacCp,2.0,13,4,GTGTTGCAAGCGATGAGTGA,9,4109514
yacCp,1.8,12,4,GTGGTCTAGACGGGGACACA,8,4093153
yacCp,0.4,5,4,GTGCAGCAGTGATGCAAGGC,1,4096826
yacCp,1.8,12,4,GTCTCACGTTCTCGTGCTCA,8,4105895
yacCp,4.6,26,4,GTCGGGGGACTAGCCGGCAA,22,4100838
yacCp,0.4,5,4,GTCCTCCATCCTCCTGTACG,1,4093169
yacCp,2.6,16,4,GGTGCACGGACCGGCTTTCT,12,4079856
yacCp,3.2,19,4,GGTCCTTCCTTAGGAAACTT,15,4112634
yacCp,3.2,19,4,GGTCCTACGGATCTAGTGCC,15,4101529
yacCp,0.4,5,4,GGTCCATCTCCGAGCACAAA,1,4081679
yacCp,0.4,5,4,GGTCACCGAGTGAATTGTAT,1,4098028
yacCp,5.4,30,4,GGTATGAGTATCAGTAATAG,26,4104035
yacCp,1.4,10,4,GGGTATATATCAGTGGGCTT,6,4100817
yacCp,0.4,5,4,GGGGACATTGCTGAAACTGA,1,4085416
yacCp,2.0,13,4,GGGCTGACATCTGCAAAGAC,9,4086501
yacCp,0.6,6,4,GGGCGCCAGTGAAGAATCTC,2,4099736
yacCp,0.4,5,4,GGCTCACACGGTTGAAAGGG,1,4091651
yacCp,3.4,20,4,GGCCTTGCATTAAAGGGTCA,16,4087020
yacCp,1.2,9,4,GGCCAATCCGTTCTTTTGGT,5,4078373
yacCp,1.0,8,4,GGATGCTCTCTACGGCGCTT,4,4112343
yacCp,1.8,12,4,GGATCTGGACTTGATCTCTC,8,4104781
yacCp,2.4,15,4,GGATAACACACGATGTATAC,11,4086774
yacCp,2.8,17,4,GGAACCGCATTAAACAAAAG,13,4082710
yacCp,1.8,12,4,GCTTGTTATAACCTCCCGCA,8,4111888
yacCp,0.4,5,4,GCTATAAGATAGCCTCTCCT,1,4106327
yacCp,3.4,20,4,GCTAAGGAGGCATCATTGCT,16,4102305
yacCp,1.4,10,4,GCGTAATGTCGGCTTGTGTT,6,4095657
yacCp,0.4,5,4,GCGGACCTGAATGTCTATGG,1,4083776
yacCp,2.0,13,4,GCCTTGTAACTTCTCACGTG,9,4102221
yacCp,2.2,14,4,GCCCACGATACGCAAAAGAG,10,4087738
yacCp,3.6,21,4,GCAGCCAACTCTTCGTCCAC,17,4099918
yacCp,1.4,10,4,GCACTTTTGTAGCTAGAAGC,6,4088675
yacCp,2.2,14,4,GCACGCGTAATCGTATGGGA,10,4110664
yacCp,3.2,19,4,GATTTGCCAGCGCACTTAGG,15,4100891
yacCp,2.2,14,4,GATTTCCAGTAGGGACCAGA,10,4095746
yacCp,0.4,5,4,GATTGATCCCAATCAGGATG,1,4104676
yacCp,2.8,17,4,GATCTGTCCGTGTAGTCTAA,13,4100291
yacCp,3.0,18,4,GATCCCGGACTCGTCAGTGA,14,4082273
yacCp,6.8,37,4,GAGTCGCCTAAATCCCTTTG,33,4095035
yacCp,2.8,17,4,GAGTATTTATGTCACGGAAA,13,4099303
yacCp,2.0,13,4,GAGGTCCCCCAGGTTAAAGC,9,4090269
yacCp,0.6,6,4,GAGGTCATAAGAAAATATCT,2,4112040
yacCp,3.0,18,4,GAGGCACCGGGAGTGCCGAG,14,4107813
yacCp,0.4,5,4,GAGCGGCAAACGGTATCGTT,1,4110308
yacCp,3.2,19,4,GAGCGAGGTCAGACGTTCGG,15,4086601
yacCp,1.4,10,4,GACTCAAGATGCGGCCATTT,6,4107659
yacCp,0.4,5,4,GACGTTGCTTGGGATACTTG,1,4109095
yacCp,3.4,20,4,GACGGTGGATCGTGATAAGG,16,4111437
yacCp,7.2,39,4,GACGGGCTTCTGTACGCGTT,35,4110949
yacCp,2.4,15,4,GAAGTGTTTAGGCTCCTACT,11,4079952
yacCp,4.0,23,4,GAAGTCGTAGCCGATAATAT,19,4091208
yacCp,6.2,34,4,GAAGGGTTTAGCTGATCGCC,30,4085449
yacCp,2.2,14,4,GAACACTGCTGAATGTACTC,10,4083313
yacCp,5.0,28,4,GAAATCTTTGGGAGGGCCAA,24,4086939
yacCp,6.4,35,4,CTTTTCACGGGTTTGTGACG,31,4103878
yacCp,0.4,5,4,CTTGGGTCGGTCCGGTGTTA,1,4085866
yacCp,0.4,5,4,CTTGCGAATCCGGGGCTTGA,1,4103101
yacCp,5.6,31,4,CTGAGGAGTTTCGGATTCTA,27,4102081
yacCp,0.4,5,4,CTCTGTTCAGAACGCGGTGC,1,4096781
yacCp,2.0,13,4,CTCTGCCTACCGTATCAGAC,9,4089823
yacCp,2.6,16,4,CTCTGATAGAGGCCCAAGGA,12,4085196
yacCp,4.6,26,4,CTCGTTTAGTGTGTCACACA,22,4082988
yacCp,8.2,44,4,CTCGTTGAAGCCCAAGCTCC,40,4101916
yacCp,1.0,8,4,CTCGCTGCTTACTAATTACT,4,4080542
yacCp,2.0,13,4,CTCCGTAAGGACCGCTTATT,9,4110165
yacCp,6.8,37,4,CTCATCGGGCTCACGCACCT,33,4092412
yacCp,2.6,16,4,CTCAGTCCATTACCCTAGTT,12,4103281
yacCp,2.8,17,4,CTCACTACGTCGCTCGCTGA,13,4084180
yacCp,3.6,21,4,CTATCGCACCATCGCCGTCA,17,4097780
yacCp,3.4,20,4,CTATAGGTCCCTATACTTTA,16,4088192
yacCp,2.6,16,4,CTACGGTGCGTCAGTATCGG,12,4102430
yacCp,2.6,16,4,CTACCGGCTCCATTTCCCCA,12,4086424
yacCp,1.4,10,4,CTAAGCACAATGGGGCTTCT,6,4108843
yacCp,0.4,5,4,CGTATGCCCCGGTAACTTGT,1,4098635
yacCp,1.8,12,4,CGTAACAGAGTATGGCTGAA,8,4105493
yacCp,0.4,5,4,CGGTGTGACGTGGAGACTGG,1,4080044
yacCp,2.6,16,4,CGGTAGAGTATTCGACTAAA,12,4087390
yacCp,0.4,5,4,CGGGTGAAGGGATTCAAGTG,1,4093198
yacCp,4.4,25,4,CGGGCAAAGTCGCGATATTA,21,4089615
yacCp,12.0,63,4,CGGCCTACACCATGTCATGG,59,4082436
yacCp,8.0,43,4,CGGAGAGAGCTGACCCGGTA,39,4109928
yacCp,1.8,12,4,CGCTTTTTCCAGCCTTAAGT,8,4111085
yacCp,0.6,6,4,CGCTCGTAGCTTTGCGTTGC,2,4092816
yacCp,1.2,9,4,CGCCGTACGCATTCCGGGAG,5,4102984
yacCp,3.6,21,4,CGCCGATGAGAGATATCGTA,17,4109797
yacCp,3.4,20,4,CGCCCTGAACGAACCACGCT,16,4085170
yacCp,1.6,11,4,CGCCAGCATATAATTCAGCC,7,4104034
yacCp,0.8,7,4,CGCAGAACCCCACTTGGAAT,3,4102376
yacCp,11.8,62,4,CGATGCATGAAGGAGTGCCG,58,4111814
yacCp,2.6,16,4,CGACTTCTGAATCACCCTCA,12,4096015
yacCp,1.6,11,4,CCTTAGCAGAATCTCAAGGC,7,4101188
yacCp,3.4,20,4,CCGTGAGCGGTAGTACATTC,16,4109929
yacCp,2.4,15,4,CCGGGCTTACCCCAGCAGGC,11,4088696
yacCp,1.6,11,4,CCGCTTTTCCGAAAGTTATA,7,4083633
yacCp,0.6,6,4,CCGCTACTCACTGCACTAGG,2,4097661
yacCp,0.4,5,4,CCCCTTGGCGAACTTTTTAC,1,4095333
yacCp,0.8,7,4,CCCCCGCTAAAAAATAACCC,3,4085266
yacCp,2.6,16,4,CCCCCGACAGGAACAAGCTA,12,4095451
yacCp,0.8,7,4,CCATACGGCCGCTTACATCA,3,4087630
yacCp,4.0,23,4,CCATAATGAGCTAGCGCGAT,19,4106553
yacCp,2.0,13,4,CATGTTTCAGACGTATAGAG,9,4090208
yacCp,0.4,5,4,CATCCATGGGTTACAATCAA,1,4089076
yacCp,1.4,10,4,CATAACGTAGGGAAGGTAGT,6,4092285
yacCp,2.6,16,4,CAGCGGGTGCGGCTATAGGC,12,4099855
yacCp,1.2,9,4,CAGAAAAACATGCAACGTCA,5,4091525
yacCp,0.4,5,4,CACTGCGAGCGGATTGGAAG,1,4109457
yacCp,0.4,5,4,CACGTTTTGTGTAGAAATAG,1,4107892
yacCp,1.4,10,4,CACCGTGGACCCTCGGTAAA,6,4090153
yacCp,0.4,5,4,CACATCTCTTGAGATAGGTG,1,4087570
yacCp,2.2,14,4,CACACTGCAAGCAAACGGTG,10,4081803
yacCp,2.0,13,4,CACAAAGAATGCTGTTTGAA,9,4102541
yacCp,6.6,36,4,CAACACTCCTAGAATTCCCA,32,4091355
yacCp,11.8,62,4,ATTTGTGACCAGTCTTGAGA,58,4091527
yacCp,17.2,89,4,ATTTCCAAATTGCCAACTTA,85,4098661
yacCp,2.4,15,4,ATTCATACTGTGACTGTCTC,11,4081354
yacCp,2.2,14,4,ATTAGTCTGTCTGGCCGAGT,10,4079803
yacCp,2.2,14,4,ATTACACCACCGGGTGAGAC,10,4080191
yacCp,2.2,14,4,ATGTTCCTTACGCTACGCGC,10,4100928
yacCp,0.4,5,4,ATGGAACCTCACCGGACAAC,1,4110374
yacCp,5.2,29,4,ATCTTCTTGGCGGTTATGCG,25,4089484
yacCp,2.0,13,4,ATCGGAGCTCAAACAGGGAT,9,4085407
yacCp,4.2,24,4,ATCCAACGGCCACTTCCTAA,20,4104579
yacCp,0.4,5,4,ATATCGCCGTACGGCCACGT,1,4080472
yacCp,0.4,5,4,ATATACCTGCCTCGTGGAGG,1,4106103
yacCp,2.6,16,4,ATATAAGGGGATCGAAGCCC,12,4087644
yacCp,3.4,20,4,ATACTGCATTCGCGTGTAGA,16,4110960
yacCp,0.4,5,4,ATACGGGAAAGAACACTGTT,1,4107573
yacCp,2.6,16,4,ATACATTCTCCCAGCGGGTA,12,4089630
yacCp,0.6,6,4,ATACATACAGATTCCGATCA,2,4111467
yacCp,3.6,21,4,ATAAGTTCAACACAATCTTA,17,4079385
yacCp,4.8,27,4,ATAACGGCCGTCAAAAGACC,23,4084927
yacCp,0.6,6,4,ATAACATGCATTGTCACTTT,2,4104904
yacCp,5.2,29,4,ATAAAAGAATATTGGGTAAA,25,4092888
yacCp,1.2,9,4,AGTCTTACGTATGTCGAGCC,5,4089226
yacCp,3.2,19,4,AGTCTGGTACATTAAAGCTC,15,4090665
yacCp,1.8,12,4,AGTAAGTATGGCAGTAAGGC,8,4080215
yacCp,2.2,14,4,AGGAGTCGTTGTCTAAGCAT,10,4092379
yacCp,0.4,5,4,AGCTTGTAGGCCGATATTGC,1,4112103
yacCp,0.4,5,4,AGCTAGAGGTTCATCCAGCC,1,4103036
yacCp,1.2,9,4,AGCAAACCTTGGCAGTGGGA,5,4106530
yacCp,5.6,31,4,AGATGTTACTCAGTTTTGGG,27,4081945
yacCp,3.0,18,4,AGAGGTCGCGCGCCCCAGCA,14,4100042
yacCp,3.8,22,4,AGACGAAGCGCGGAACCAGC,18,4086733
yacCp,4.6,26,4,AGAACAAGATGGATTCTTTA,22,4083023
yacCp,5.2,29,4,AGAAATGCGCGGCGAGTTCA,25,4083675
yacCp,4.0,23,4,ACTTGCTGATACGAAACCTT,19,4079367
yacCp,0.4,5,4,ACTTCCTCTTAGAACCGTAC,1,4099706
yacCp,0.4,5,4,ACTCCCCCCGAGTCACGGCC,1,4088237
yacCp,6.6,36,4,ACTATCTGCCACACTAAACT,32,4079787
yacCp,0.6,6,4,ACTAGAGGCCCGATAGGAGG,2,4084387
yacCp,0.4,5,4,ACGTTATTTGTTCCTGTTGT,1,4093694
yacCp,3.4,20,4,ACGTCTGCATATCATGGCCT,16,4111637
yacCp,1.0,8,4,ACCGTGCATCTGACCACTAT,4,4078847
yacCp,2.8,17,4,ACCCACAAAAGGGGCAAAGC,13,4096085
yacCp,1.6,11,4,ACCAACGTTCTGATAGCGCT,7,4090021
yacCp,1.6,11,4,ACATGGTCGGAACGAAACCC,7,4109175
yacCp,0.4,5,4,ACACGTTCTCAATATGACGC,1,4092356
yacCp,0.4,5,4,ACACGGAGTGCGCTTTTCAG,1,4085192
yacCp,0.4,5,4,ACAAAACGTAAACATCGCCA,1,4107060
yacCp,3.2,19,4,AATTCGCTGTAGATCAGTAG,15,4099562
yacCp,3.2,19,4,AATTCCAACCTTGTTAATGT,15,4104292
yacCp,1.4,10,4,AATCCTCCGACATCCACGTA,6,4100083
yacCp,1.2,9,4,AATCATGGGGTATGTCACTA,5,4105534
yacCp,5.6,31,4,AATCATACCGGAAGGTAACC,27,4111948
yacCp,3.4,20,4,AATCACAAGACCTAATATAA,16,4084317
yacCp,1.4,10,4,AAGCTCCCATGATTTAGTAT,6,4087717
yacCp,3.8,22,4,AAGATCTCCTCGGACGCGGG,18,4112162
yacCp,3.6,21,4,AACGGCGGAAGGCGGGAATT,17,4083503
yacCp,0.4,5,4,AACGACATCATGCTCTAAAA,1,4112036
yacCp,1.4,10,4,AACCGTCCATCTGACAAGCT,6,4108158
yacCp,0.4,5,4,AACCGACCGATCAGGGTGGA,1,4103087
yacCp,1.4,10,4,AACAAACAAAAAAGAGCCAA,6,4111652
yacCp,1.4,10,4,AAACTTACATGCAAACGTCT,6,4102578
yacCp,1.2,9,4,AAAACTGATCAAGTGCGCCA,5,4085954
yacCp,1.5,8,3,TTTTGCTGGCCAGTCGGTCA,5,4079095
yacCp,2.0,10,3,TTTGTTTAGTCGAATAGGCT,7,4094087
yacCp,5.25,23,3,TTTGTATTCTGTGTCGGCGG,20,4110246
yacCp,0.5,4,3,TTTCAACATTGTCTGCGGTC,1,4084813
yacCp,3.75,17,3,TTGGTTCACACATGTCTGTG,14,4087004
yacCp,4.5,20,3,TTGGGGTACCTGGATTCTCG,17,4109564
yacCp,15.75,65,3,TTGGGCTGTCTTGGAACCTG,62,4089856
yacCp,0.5,4,3,TTGGGCCGTTGTTAGAGTAT,1,4079881
yacCp,2.25,11,3,TTGGCGAATGGTACTAGCAG,8,4081980
yacCp,1.25,7,3,TTGGAGGGGGACCGAGTGTT,4,4109305
yacCp,3.0,14,3,TTGCTATCCACAGCTCGTGC,11,4100523
yacCp,2.0,10,3,TTGCGGCGGTTCGAAGGCCC,7,4096625
yacCp,0.5,4,3,TTGCACAGCTAATTCATAGC,1,4079285
yacCp,6.5,28,3,TTCTACGAGTAAAGTTTGGA,25,4084488
yacCp,4.25,19,3,TTCGTGCGAGTAGGTACCAG,16,4102324
yacCp,1.5,8,3,TTCGCTTTTGAAGGCGTAGA,5,4112522
yacCp,0.5,4,3,TTCCTAAAGCGCTTCGGGTG,1,4104504
yacCp,9.5,40,3,TTCCGTGACCCTAGTACAAA,37,4097862
yacCp,34.0,138,3,TTCACATCCGTACGGCAGGA,135,4082842
yacCp,14.0,58,3,TTATCCTTCATAGACACATC,55,4111869
yacCp,2.0,10,3,TTAGATTCTTCCATGTACCC,7,4091529
yacCp,1.5,8,3,TTACTGGCCCTACGGCGCAG,5,4103746
yacCp,6.0,26,3,TTACAACGCACTACCTCCCG,23,4085431
yacCp,4.75,21,3,TGTGTACGAGCGCTGCTCTG,18,4098639
yacCp,5.25,23,3,TGGTAGTTGGATAAACACCA,20,4111872
yacCp,0.5,4,3,TGGCTCATCAAACACTCCCT,1,4093997
yacCp,8.0,34,3,TGGAAGTGTACCGGGCTTTC,31,4084515
yacCp,4.0,18,3,TGCTGGACCACGGGCGCGAA,15,4100759
yacCp,5.75,25,3,TGCTCCTTCATCATATTGGT,22,4084929
yacCp,9.25,39,3,TGCAGGAGAGGGGGTTACGT,36,4091231
yacCp,5.5,24,3,TGATGGGTCGCATGAATTCG,21,4087309
yacCp,0.5,4,3,TGATCGCACCACGTACGACG,1,4104402
yacCp,6.5,28,3,TGATACGTTCTCCTAATTAC,25,4080374
yacCp,40.75,165,3,TGACATGACCAGTCAAAATC,162,4112989
yacCp,0.5,4,3,TGAATATGAGAAGTGTGAGA,1,4108929
yacCp,0.5,4,3,TGAACAAGCGGGTTAAGGCG,1,4108007
yacCp,2.0,10,3,TCTTTAAATTCACTAGACTC,7,4109999
yacCp,0.5,4,3,TCTTGGGATCACTAAGTGTG,1,4078668
yacCp,1.75,9,3,TCTATGAGGTCTTACTGTCC,6,4110013
yacCp,0.5,4,3,TCGGGGACCGGTGGACCATC,1,4110745
yacCp,4.0,18,3,TCGGCTCTGGATGAATAGGT,15,4111443
yacCp,1.25,7,3,TCGCGAGCTTCGCGCGAGGG,4,4101584
yacCp,4.0,18,3,TCGACGCGGGCCGGTGAAGA,15,4103736
yacCp,0.5,4,3,TCGAACGATTACCACAGCCA,1,4085679
yacCp,0.75,5,3,TCGAACAGGGCAGCTGTTTA,2,4110292
yacCp,2.0,10,3,TCCGGTGACATGTGGCTATA,7,4111273
yacCp,3.0,14,3,TCCATTGAGTTGGTTACAAT,11,4102959
yacCp,4.0,18,3,TCATTTGAACATCAAGGCCT,15,4103905
yacCp,0.75,5,3,TCATCAAACCTGGTAAACGT,2,4082205
yacCp,4.0,18,3,TCACGTGCTCTAGATGACAC,15,4089903
yacCp,4.5,20,3,TCACCCCGAATCCATTATAT,17,4083301
yacCp,0.5,4,3,TATGGATCGCACGGTGCATT,1,4084910
yacCp,4.0,18,3,TATCTTATAGGTAATGTGCG,15,4088155
yacCp,1.25,7,3,TATCTTAGGCACGGGGGGCG,4,4094605
yacCp,2.0,10,3,TATCTAGTGTCAAAATCACG,7,4109388
yacCp,2.75,13,3,TATCGCGTCTGCGCCCTGCG,10,4100743
yacCp,0.75,5,3,TAGGTCATTTGGATAAACGT,2,4081140
yacCp,3.0,14,3,TACTTTTTCGGGGCCTTGGA,11,4083092
yacCp,0.5,4,3,TACGTTTCAGAGTTGAGCGA,1,4108068
yacCp,1.25,7,3,TACCGCCAACAGACTGAGGG,4,4095034
yacCp,3.25,15,3,TACCGACGCCTAGCACCATC,12,4088936
yacCp,0.5,4,3,TAATCTCTCCTAGGGACCAC,1,4109891
yacCp,2.0,10,3,TAAGTGATATGTCTTCGACG,7,4084586
yacCp,0.5,4,3,TAAGATTATCCTTGTATTTA,1,4096672
yacCp,2.25,11,3,TAAGAGAAGCTTGAACCGGT,8,4102473
yacCp,3.0,14,3,GTTTGTGTTGCGGCTGAGTG,11,4087205
yacCp,1.25,7,3,GTTCTCGGACCTGGCCAACT,4,4090887
yacCp,4.75,21,3,GTTCAAAGATGACTAAGGTG,18,4084735
yacCp,3.25,15,3,GTTAGCTACAGTTCTGCGAC,12,4105251
yacCp,0.5,4,3,GTGGCAAAAACATATTATCC,1,4089040
yacCp,27.0,110,3,GTCTCAGCAATCCTGGTTTT,107,4102595
yacCp,3.0,14,3,GTCACCGTCGATTCCCGGTA,11,4095531
yacCp,8.0,34,3,GTAGTTTGCCACATGCACGA,31,4112060
yacCp,2.75,13,3,GTAGGCATATTCCCTGCAGT,10,4086173
yacCp,7.25,31,3,GTACTACGTAGGCTTGCGCT,28,4112122
yacCp,4.25,19,3,GTAAGTCGGTTAGATGTGGG,16,4089854
yacCp,0.5,4,3,GTAACCTTTTTCGGTTAAGT,1,4093394
yacCp,5.25,23,3,GGTGTTTGAACTTGGCCGAG,20,4088100
yacCp,4.0,18,3,GGTGGCGCTCTTCCGTGTGG,15,4095906
yacCp,4.25,19,3,GGTCGTGAGCAGGGATTTTT,16,4087388
yacCp,10.0,42,3,GGTACTTCATGCACACCTAT,39,4096932
yacCp,3.5,16,3,GGTACGAGATAATCGATTTA,13,4101359
yacCp,1.25,7,3,GGGGTCCGTTAAAATGGTGG,4,4092906
yacCp,1.25,7,3,GGGGGTCCTTAAGTTACCTA,4,4080338
yacCp,2.25,11,3,GGGGCCGTTTAGCCAATAGA,8,4095445
yacCp,10.0,42,3,GGGGCACATTCCACTTTGCG,39,4088094
yacCp,2.75,13,3,GGGAGTCCACTACGTGTGAC,10,4112511
yacCp,5.5,24,3,GGCGACCCGATATCACGGCA,21,4099939
yacCp,1.0,6,3,GGCCTCTAAGCGCTCTAACT,3,4093559
yacCp,0.5,4,3,GGCCGGTACATGCAATTTAA,1,4099481
yacCp,0.75,5,3,GGCACGTGTACGGTCGGGAG,2,4107670
yacCp,1.75,9,3,GGAGTTACGCTTAGATATGC,6,4096063
yacCp,3.0,14,3,GGAAGTCATCTCGGGTAGAA,11,4091211
yacCp,0.5,4,3,GCTTGGCTTTCTGCCTCGGG,1,4085652
yacCp,0.5,4,3,GCGTGGCTCTAAAAGTCCTC,1,4100865
yacCp,3.75,17,3,GCGTCGGATTGGGTGACGAC,14,4108439
yacCp,0.5,4,3,GCCTGGTAAGCCTCCCTTCT,1,4089526
yacCp,9.25,39,3,GCCTAGTCCGTAGCATGTGG,36,4093822
yacCp,4.5,20,3,GCCCTGTTGATTTATTTGTC,17,4112098
yacCp,0.5,4,3,GCCCTCGAATGGGCGCATCC,1,4103938
yacCp,2.75,13,3,GCCACACCATAGCCACCCGA,10,4090549
yacCp,0.5,4,3,GCCAACAAGTAAAAAGGGTC,1,4112028
yacCp,0.5,4,3,GCAGACGATTGCTATCATAC,1,4098391
yacCp,3.0,14,3,GCACTGTCAATCGCTAGATT,11,4112950
yacCp,0.5,4,3,GCAATTCATCCTTCTACTTG,1,4090709
yacCp,3.25,15,3,GCAATGGTATACGTCCCAAT,12,4092863
yacCp,0.5,4,3,GAGAATCAAGGGAAATTAGA,1,4085483
yacCp,1.5,8,3,GACGGCGAGGAACAGCCCAT,5,4081746
yacCp,0.5,4,3,GACGCTTGGAGCACCCCCTG,1,4108111
yacCp,1.0,6,3,GACCAGGCTTCCGTGAGTAG,3,4095800
yacCp,2.25,11,3,GAATTTTTTACTGAGCCACT,8,4101889
yacCp,1.5,8,3,GAATGCCCAGTACGGATGTT,5,4104091
yacCp,0.5,4,3,GAAGGCGAATAATAGGTTCC,1,4082486
yacCp,3.0,14,3,GAAGGAAGGGAAGCTATCCG,11,4098380
yacCp,0.5,4,3,CTTCGACCTCGAAAACGGCA,1,4079995
yacCp,6.5,28,3,CTTCCGTGTCATTCCTGCAG,25,4110021
yacCp,4.75,21,3,CTGGCAAGGGCAGAACTGAT,18,4089560
yacCp,6.0,26,3,CTGGATCTCCGCTCTGTCCC,23,4088678
yacCp,1.0,6,3,CTCTCTACATGTCCCACCTA,3,4101417
yacCp,0.5,4,3,CTCTCGGCATCGTTAGTGTG,1,4081038
yacCp,2.5,12,3,CTCGTGGGGCAAATATGTTT,9,4088123
yacCp,1.75,9,3,CTCCTGGAAAAAATTCGGCA,6,4090504
yacCp,7.0,30,3,CTCCCGCAGTCCAAACTTGT,27,4107583
yacCp,0.5,4,3,CTCAGAATATATTCAAACCC,1,4088812
yacCp,2.25,11,3,CTAGTGCCTGGCTCTTTACT,8,4081569
yacCp,1.5,8,3,CGTTCTCTAGCGGAACTACA,5,4095037
yacCp,3.5,16,3,CGTGAGGAGGTAATCACTAA,13,4105239
yacCp,3.25,15,3,CGTCCCATGATCGAAGGCAA,12,4110883
yacCp,1.75,9,3,CGTCATCCAAGGCTCCACCA,6,4092491
yacCp,3.25,15,3,CGTCATAATCAGACTCCAGT,12,4081360
yacCp,0.75,5,3,CGGTTCAGGGAACACCACGG,2,4090385
yacCp,3.5,16,3,CGGTGCCCCGGTTCGGGGGG,13,4098313
yacCp,58.0,234,3,CGGTCCTGACTATAGGCCTA,231,4082464
yacCp,0.5,4,3,CGGGTGCTTGAAAATCTGCA,1,4103066
yacCp,3.0,14,3,CGGATTCCAGTTAATTCTCC,11,4081710
yacCp,3.75,17,3,CGCCCGTATGCGCACAATTT,14,4090431
yacCp,4.75,21,3,CGACCCTTTCAAGGCGAGAG,18,4086388
yacCp,2.75,13,3,CGACCCCGTCCTATAGATAT,10,4098781
yacCp,0.5,4,3,CCTGTTAGCCCTGCATTTTA,1,4112054
yacCp,4.0,18,3,CCTGCTGATTGCTAGCGTTG,15,4078488
yacCp,3.25,15,3,CCTCTACCGTTCTATCAGGT,12,4101161
yacCp,0.5,4,3,CCTCCGTCGATCGCGTTCTT,1,4103866
yacCp,0.5,4,3,CCTCATCATCATACGTGAAG,1,4088914
yacCp,3.25,15,3,CCTATCTGCGAATAAGTGGA,12,4103493
yacCp,2.75,13,3,CCGTGAAAGGCCCGCATTGA,10,4107486
yacCp,0.5,4,3,CCGGCCAACGCTACGACAGA,1,4079945
yacCp,1.25,7,3,CCGCCAATAACCACTGCTTG,4,4109441
yacCp,2.75,13,3,CCGACGGTTACTCCATGACA,10,4081734
yacCp,0.75,5,3,CCGAATAGGTCAAACTAGCT,2,4111345
yacCp,4.0,18,3,CCCCGATCAACCAGAGGGTA,15,4109364
yacCp,0.75,5,3,CCATGCTGGATAATGCACTA,2,4083149
yacCp,4.75,21,3,CCACTCCGAGTTTAATGGAA,18,4106054
yacCp,3.75,17,3,CCAAGAAGAGATAGTGTACA,14,4089838
yacCp,1.0,6,3,CATGCGATTCCTTACGTTTG,3,4085085
yacCp,6.75,29,3,CATATGTAAGTATCCGGCGG,26,4102574
yacCp,0.5,4,3,CAGGTGGACCCAAGGGCATG,1,4106814
yacCp,0.5,4,3,CAGGGTTTATGGGTACGGAC,1,4103712
yacCp,7.25,31,3,CACTGGGCGAAGGCTACCTT,28,4080621
yacCp,4.0,18,3,CACTCTTGAGGAGACTATGT,15,4081673
yacCp,0.5,4,3,CACAATTCTAAGGCCTCCTA,1,4110792
yacCp,4.25,19,3,CAACATTTTATGTGAAGACT,16,4103531
yacCp,6.75,29,3,ATTTCATGCGAAACCCCTCC,26,4090817
yacCp,0.5,4,3,ATGTCGGGCTATACTAACGA,1,4081348
yacCp,0.5,4,3,ATGGTTTTAATTCCTTAACT,1,4090607
yacCp,3.0,14,3,ATGGTCGAGATCCGGCCCCC,11,4104137
yacCp,3.5,16,3,ATCTTGTGAATCCGACTCGT,13,4112228
yacCp,3.25,15,3,ATCGTGTTGCTTCACCACTT,12,4112184
yacCp,3.5,16,3,ATCCTGGTAGGTCTTATCTG,13,4102817
yacCp,0.5,4,3,ATCCACGCGTGGGCTAGAGT,1,4107577
yacCp,0.5,4,3,ATACGCACCACAGTCGCATA,1,4106222
yacCp,0.5,4,3,ATACCCTGGCCCGGGGTACT,1,4087208
yacCp,5.75,25,3,AGTGTCAGGAGTGCAGTATT,22,4099362
yacCp,3.25,15,3,AGTGGGCAGACGTGCCGATC,12,4108814
yacCp,5.75,25,3,AGTGACGTTCCCTGGACACA,22,4098476
yacCp,13.75,57,3,AGGTTGTATGTCTGAAACCC,54,4106974
yacCp,0.5,4,3,AGGGGTTGTCCAGGATAACG,1,4079626
yacCp,0.5,4,3,AGGGGATCTCATCGTGTTAC,1,4096980
yacCp,0.5,4,3,AGGCTCGTTCTGGGTGGATA,1,4083065
yacCp,0.5,4,3,AGCCATTTTAACCGGTACAT,1,4106681
yacCp,1.0,6,3,AGCAATCAGGCACAAGGCCT,3,4091369
yacCp,5.25,23,3,AGATTTGCCAGATGTTATGA,20,4106459
yacCp,2.0,10,3,AGATTTCGTACATGAAGTTA,7,4088611
yacCp,1.5,8,3,AGATTCCGGTGAACATGTCA,5,4080140
yacCp,0.5,4,3,AGATAATCGGGTGCACGTTA,1,4104447
yacCp,2.5,12,3,AGATAAGCAACCTGGGCGCA,9,4100361
yacCp,3.25,15,3,AGACTCCTAGGTGCTATTTT,12,4083044
yacCp,0.75,5,3,AGACTAGATACCGTAGTGAA,2,4111064
yacCp,4.25,19,3,AGAATCTATCGTCAAATATC,16,4109736
yacCp,5.25,23,3,AGAATCTAGGGCAAATAGGG,20,4080631
yacCp,5.0,22,3,AGAACCGCTTTTCGAGTGCC,19,4089447
yacCp,0.5,4,3,ACTCGGTTCTAGACCGGCCA,1,4110359
yacCp,3.5,16,3,ACTCAGAGAGGTATATCGGC,13,4101152
yacCp,9.25,39,3,ACTAATAAGAATGAGCCAGT,36,4086176
yacCp,3.0,14,3,ACTAAGGTTCTTTTCCCTTT,11,4081910
yacCp,5.75,25,3,ACGTGTGATTCAAGAGAAGC,22,4106680
yacCp,4.25,19,3,ACGTGCTCTGGTAGCTACCG,16,4099679
yacCp,2.5,12,3,ACGTGCATCAGAAAGTCGGT,9,4102899
yacCp,1.25,7,3,ACGCCGGCACACGATCCAGA,4,4090643
yacCp,0.5,4,3,ACGAGAATTGGCTTTACCCG,1,4089592
yacCp,0.5,4,3,ACGACTCTTGTAACAGTTTA,1,4081421
yacCp,2.0,10,3,ACCTAGCTAGGTACTAGACC,7,4082656
yacCp,1.0,6,3,ACCGACCGCACAACGACATG,3,4102326
yacCp,0.5,4,3,ACCCTAGACCCCATCCTGTA,1,4087943
yacCp,4.0,18,3,ACATTGTGGACTATGGCATC,15,4111693
yacCp,0.5,4,3,ACACTAGCCTAAAGCAACGT,1,4084262
yacCp,4.0,18,3,ACAACGTTAATTTGTCAAAG,15,4112325
yacCp,3.5,16,3,AATATATCATCCCGAAATTC,13,4111831
yacCp,1.25,7,3,AATACCCGCTAATATTCCCT,4,4101381
yacCp,0.5,4,3,AAGTTTCGTTACTCGATGAA,1,4100829
yacCp,3.75,17,3,AAGTGTCGGCAATGACAGCG,14,4095086
yacCp,3.0,14,3,AAGGGTTTAACGCCTTATAG,11,4093779
yacCp,4.0,18,3,AAGGAACGGACTGCGAGCCC,15,4088576
yacCp,2.25,11,3,AAGATGCGAGCGCCTTATAA,8,4110527
yacCp,0.5,4,3,AACTGGTCCTAGGCACGATC,1,4078662
yacCp,8.5,36,3,AACTGGGTCATCCGAGACAT,33,4106683
yacCp,8.75,37,3,AACTAGGCCACGTTTGGAGT,34,4099343
yacCp,0.5,4,3,AACGATAGATATCCGGTGTC,1,4082868
yacCp,1.0,4,2,TTTTCGTGTCACAATGAGGT,2,4080766
yacCp,3.6666666666666665,12,2,TTTGTACTCAGTGAAGGTGT,10,4082608
yacCp,0.6666666666666666,3,2,TTTGGAAAGGACGTCGTTTA,1,4098983
yacCp,13.666666666666666,42,2,TTTCGGTATTCCGAGACATA,40,4101919
yacCp,1.0,4,2,TTTAAAAGACGCGACGCTCT,2,4105238
yacCp,6.0,19,2,TTGTAACCCAAATGACTTTT,17,4105850
yacCp,2.3333333333333335,8,2,TTGGAATTCCACTCTCTGGA,6,4089576
yacCp,3.6666666666666665,12,2,TTGCGCACATACCTAGCTAC,10,4088407
yacCp,21.333333333333332,65,2,TTGCATTGTAGTCTTGCTCC,63,4101094
yacCp,2.0,7,2,TTCTTGCCAAAAAAAACCGT,5,4091962
yacCp,2.3333333333333335,8,2,TTCCAGGTATTGGTCTATGT,6,4108828
yacCp,1.0,4,2,TTAGTATACTCTCGACGAGA,2,4106088
yacCp,4.0,13,2,TTAAGCTGTGTGTGTTGGCC,11,4086642
yacCp,3.0,10,2,TGTTGCCGGCATCAAGATGT,8,4085217
yacCp,2.3333333333333335,8,2,TGTGGCGCAAAACTGTCTTG,6,4102365
yacCp,16.0,49,2,TGTCTCGTTTAGACCCGGTA,47,4100585
yacCp,0.6666666666666666,3,2,TGGTTTGAACCCCTTAGGGG,1,4110560
yacCp,0.6666666666666666,3,2,TGGGTTCCGCGAGCGACTAA,1,4093081
yacCp,13.0,40,2,TGGCGTCGGGGCTACAACGC,38,4081330
yacCp,2.6666666666666665,9,2,TGGCATGCTCCTAGGGACCT,7,4103635
yacCp,3.3333333333333335,11,2,TGGAACACCGGACCCCCTTA,9,4083901
yacCp,3.0,10,2,TGCGTGCCAGTCCTACATCC,8,4089727
yacCp,7.666666666666667,24,2,TGCGGAAAGCTACGGTTCAA,22,4098924
yacCp,0.6666666666666666,3,2,TGCATATCCCCGCCAGAAAC,1,4089574
yacCp,3.6666666666666665,12,2,TGACATTCGAAAACTGTTTT,10,4093372
yacCp,9.0,28,2,TGAAGCATTATCGGCTCTAA,26,4108767
yacCp,7.333333333333333,23,2,TGAAATCCGAGGAGTCAAAA,21,4106961
yacCp,0.6666666666666666,3,2,TCTAGAATGTTTCCACGCGC,1,4103089
yacCp,5.333333333333333,17,2,TCTACAGGTCTGGTTTGAGG,15,4094254
yacCp,15.0,46,2,TCTAATGAGTCGTCAGGAGC,44,4103337
yacCp,1.6666666666666667,6,2,TCGTGACTTAGTAGTCGTTG,4,4109586
yacCp,4.0,13,2,TCGTAGATTGAATTAACCTT,11,4112187
yacCp,0.6666666666666666,3,2,TCGGTGGAGTGATCAATCTG,1,4093806
yacCp,1.6666666666666667,6,2,TCGGTAGCGAGCTGTAGTAA,4,4106479
yacCp,5.666666666666667,18,2,TCGAGTGCTATTTTTAAAGA,16,4100704
yacCp,8.0,25,2,TCCTTGCGATCGCTGCCTTA,23,4105429
yacCp,0.6666666666666666,3,2,TCCTACCGCGAAGGTCGGTA,1,4093078
yacCp,4.333333333333333,14,2,TCCGAATACAGTCAGAAGCA,12,4099017
yacCp,7.666666666666667,24,2,TCCCCTTTATTGGCGAAGGT,22,4104392
yacCp,3.3333333333333335,11,2,TCACAGGTGGGATGATTAAT,9,4085484
yacCp,1.0,4,2,TCAATATTAGGGTTATTGCC,2,4105890
yacCp,0.6666666666666666,3,2,TCAATAATGTTGTTGGCTAC,1,4094770
yacCp,1.3333333333333333,5,2,TCAAGATCGTCTGACCTTCT,3,4099018
yacCp,0.6666666666666666,3,2,TATGCAACGAAGCGGGCAAA,1,4092645
yacCp,6.0,19,2,TACGTACCGTGGCCACGCTA,17,4081976
yacCp,0.6666666666666666,3,2,TACCACTGTCCGTACAACTG,1,4098292
yacCp,0.6666666666666666,3,2,TAAGAGGCGGTTCATGCGTC,1,4099534
yacCp,0.6666666666666666,3,2,TAACTTTATAGACCCGACCC,1,4087114
yacCp,3.3333333333333335,11,2,GTTGGCAATAGTTTGTACAA,9,4104683
yacCp,4.333333333333333,14,2,GTTCCCCACGGCATGGCATA,12,4083942
yacCp,0.6666666666666666,3,2,GTTAGCCGGTATGACGTTAG,1,4085412
yacCp,6.666666666666667,21,2,GTGTGAACGCCACCGAAGAT,19,4100739
yacCp,3.6666666666666665,12,2,GTGTACTGCCGCACAACTAA,10,4094714
yacCp,6.333333333333333,20,2,GTGAGAAGTATAGCTTGTCA,18,4090228
yacCp,6.0,19,2,GTCTCTTGACCTTCGTGACT,17,4093883
yacCp,7.666666666666667,24,2,GTCGCTGAAACTTTCTGATA,22,4101912
yacCp,1.0,4,2,GTCCCATTAATCAGAACGCG,2,4084082
yacCp,4.0,13,2,GTCAAAACGAGGTACGGGTG,11,4084865
yacCp,0.6666666666666666,3,2,GTAGGGCAGAAGAAACTGCA,1,4111938
yacCp,3.3333333333333335,11,2,GTACTGATTTGACAGGCAGG,9,4101830
yacCp,1.0,4,2,GTACCTATGGTAACATGCAT,2,4105925
yacCp,4.0,13,2,GTAAACCCTCTCGGGAGGCT,11,4085553
yacCp,5.666666666666667,18,2,GGTTTAACCCGGCGATTCCC,16,4087363
yacCp,17.666666666666668,54,2,GGTTCGCCGTCTTTAGGGCT,52,4091647
yacCp,4.333333333333333,14,2,GGTTATAAAGTATCAGAGTG,12,4107574
yacCp,0.6666666666666666,3,2,GGTCGCCGTTTAGTGGCCTA,1,4106624
yacCp,2.6666666666666665,9,2,GGTAGTAGACAGTTGCAGCT,7,4106082
yacCp,4.0,13,2,GGGGTTCGTAATGGCCCCGG,11,4106991
yacCp,0.6666666666666666,3,2,GGGCGCCACACAGTTACTTG,1,4104863
yacCp,0.6666666666666666,3,2,GGGAGGCGCAGACACATGAA,1,4081941
yacCp,0.6666666666666666,3,2,GGGACCAGGAGCAGAATGTT,1,4105211
yacCp,2.3333333333333335,8,2,GGCCCCCGCCTAGCCGTCTA,6,4109251
yacCp,11.333333333333334,35,2,GGCAGAAGCTGGAACAACGT,33,4092126
yacCp,3.6666666666666665,12,2,GGATACCCAACCGATTTGGC,10,4111832
yacCp,3.0,10,2,GGACTGAAACCGCACTCCTG,8,4079290
yacCp,9.666666666666666,30,2,GGACGTAATACGTAATTTGT,28,4106604
yacCp,3.0,10,2,GGACGGCTAGTGGCATATCT,8,4099661
yacCp,7.333333333333333,23,2,GGAACACTCAGACGCCTATT,21,4104793
yacCp,3.6666666666666665,12,2,GCTTGCTGCTTCACCAACTT,10,4092454
yacCp,3.3333333333333335,11,2,GCTTGATGTACGGCCGATGT,9,4106750
yacCp,3.0,10,2,GCTTAGAATCGGGAGCGTGT,8,4090475
yacCp,2.6666666666666665,9,2,GCTCAAGATATAGGTGGATC,7,4084311
yacCp,0.6666666666666666,3,2,GCTCAAACATCGTGACTTCT,1,4094340
yacCp,0.6666666666666666,3,2,GCGGGCGTGTCCACTTCTTT,1,4103592
yacCp,16.666666666666668,51,2,GCGGCGAGGGTATGATGAGT,49,4088769
yacCp,3.3333333333333335,11,2,GCGGATCCAACGCTGCATTA,9,4112509
yacCp,2.3333333333333335,8,2,GCGCCGTGCAGGAGTCGCAG,6,4112176
yacCp,7.666666666666667,24,2,GCGATAGGATTACACGAAGA,22,4108848
yacCp,0.6666666666666666,3,2,GCCCGTTGCTATAACCGTGG,1,4102576
yacCp,8.333333333333334,26,2,GCCCCCATTGAACAAACCAC,24,4085291
yacCp,26.333333333333332,80,2,GCAGGATTATGTCTGAAACG,78,4112269
yacCp,5.666666666666667,18,2,GCACCGACCCTGGCGGGTGG,16,4106963
yacCp,0.6666666666666666,3,2,GCACCCCCACATCTTCACCT,1,4086625
yacCp,2.6666666666666665,9,2,GATTCTCTGTTCGCAGTTGT,7,4112535
yacCp,2.6666666666666665,9,2,GATGTCATGCGGGCTTTTTG,7,4079680
yacCp,1.3333333333333333,5,2,GATCATAAATTATGTTTACT,3,4112006
yacCp,1.6666666666666667,6,2,GATCAGGATTTTTGGCATCC,4,4110570
yacCp,2.0,7,2,GAGAATCACGATTGGTTGAG,5,4080676
yacCp,7.333333333333333,23,2,GAGAAGGCATTGTTAAGGGG,21,4097799
yacCp,7.0,22,2,GACTGGGTGTTTCATACCCC,20,4078923
yacCp,4.0,13,2,GACGCCACAGGCGTAATCCA,11,4078744
yacCp,0.6666666666666666,3,2,GACCGCTTCCACACTTACTG,1,4103674
yacCp,4.333333333333333,14,2,GACCGCGGCTATTTTTGGAT,12,4111804
yacCp,11.0,34,2,GACCGCAAGACTTCCCACGT,32,4082463
yacCp,36.333333333333336,110,2,GAATTCGTCCAATAGTGCTC,108,4112959
yacCp,1.6666666666666667,6,2,GAACGCTCATGAAAGTCAGG,4,4091790
yacCp,1.0,4,2,CTTTATGCTTAGCTTGAACT,2,4111639
yacCp,5.0,16,2,CTTGGCCACCGTAACATTCT,14,4109595
yacCp,10.0,31,2,CTTATCTGTAAAGCCTACGT,29,4101789
yacCp,5.333333333333333,17,2,CTTATATTGGGCTAATCTTC,15,4091497
yacCp,10.666666666666666,33,2,CTTACTGCGTCGCGAGAGAT,31,4085382
yacCp,0.6666666666666666,3,2,CTTACCTATGTCGATACCGA,1,4110131
yacCp,2.3333333333333335,8,2,CTTAACGCCACTGCGTCCAT,6,4089239
yacCp,4.0,13,2,CTGTTGAATCGTTCTGCACT,11,4108118
yacCp,6.0,19,2,CTGTAACATTGCCTACCGAG,17,4090442
yacCp,3.0,10,2,CTGGAGTGGTTTACACCTAA,8,4101652
yacCp,7.666666666666667,24,2,CTGGACGTAGCGCCAAGTAC,22,4091323
yacCp,12.666666666666666,39,2,CTGACGTACGAGGGGGGGTT,37,4109647
yacCp,0.6666666666666666,3,2,CTCTCTATCAGCCTGGTGCT,1,4099686
yacCp,25.0,76,2,CTCTCAGCGCGAAAACTATT,74,4106966
yacCp,3.6666666666666665,12,2,CTCCTCAAATCGAATGTTAT,10,4080611
yacCp,1.0,4,2,CTCATGCCGTGAGACCCGAC,2,4097720
yacCp,8.666666666666666,27,2,CTCAGGTTTGAAGTTCTGTG,25,4110719
yacCp,9.666666666666666,30,2,CTCACCTGCTCCATTCTCTT,28,4079895
yacCp,7.0,22,2,CTATAAGTGCAGTTTTCGAT,20,4103195
yacCp,3.0,10,2,CTAGCATGTAGACAGTTAGT,8,4106052
yacCp,0.6666666666666666,3,2,CTACGCTCCTAATTCAGCAT,1,4097015
yacCp,4.333333333333333,14,2,CGTTGATCTGAGTTAATTAC,12,4078967
yacCp,3.3333333333333335,11,2,CGTGGTTTTAGAATTAGGAA,9,4082440
yacCp,1.3333333333333333,5,2,CGGGTTGCAAACCATTGTTG,3,4109283
yacCp,3.3333333333333335,11,2,CGGGCCTCAAGAGTCTTCTT,9,4108226
yacCp,0.6666666666666666,3,2,CGGGAGGGGAGGCTTCCACT,1,4093504
yacCp,3.6666666666666665,12,2,CGCGCGCCGGACCGATGTTG,10,4087476
yacCp,2.0,7,2,CGCATATATAGAAAGGCGTG,5,4093821
yacCp,6.0,19,2,CGAACGCTGGAAGTTACCGG,17,4094287
yacCp,2.6666666666666665,9,2,CCTGGAGTATAATCCCGAAG,7,4081756
yacCp,5.666666666666667,18,2,CCTCCCACCAGCTTGCCTTC,16,4090434
yacCp,2.0,7,2,CCGTTTCTCCAGATTTACGG,5,4102718
yacCp,5.0,16,2,CCGGTTAGGAAAGCACATTC,14,4088835
yacCp,0.6666666666666666,3,2,CCGACCGCCCCGATCGAATT,1,4091533
yacCp,1.6666666666666667,6,2,CCCTCTTCTACTGTCGTGAC,4,4082891
yacCp,4.666666666666667,15,2,CCCGCCCATTACAGATCAGC,13,4093549
yacCp,1.0,4,2,CCATCTGGCACATAGATACT,2,4095193
yacCp,4.0,13,2,CCACATGCCACAGAGAGCAA,11,4091034
yacCp,4.333333333333333,14,2,CATGGATGCGACTCCAGCCA,12,4112755
yacCp,14.666666666666666,45,2,CAGTGCTATGCCCGATCGAC,43,4083319
yacCp,2.3333333333333335,8,2,CAGTATCGCGTTGTCTTCAA,6,4086109
yacCp,0.6666666666666666,3,2,CAGTACCGGTCACGCACCAT,1,4112196
yacCp,5.333333333333333,17,2,CAGCTCTAGATAGAGCCCTT,15,4101923
yacCp,9.333333333333334,29,2,CACTCGGTCAAAGATGGCGC,27,4099979
yacCp,5.333333333333333,17,2,CACGTCAACTGCATCCCGAG,15,4084619
yacCp,12.333333333333334,38,2,CACGCGCCAGTGACGGTAAT,36,4108401
yacCp,3.6666666666666665,12,2,CACAGCTCGGGAGCTTTACT,10,4083320
yacCp,5.666666666666667,18,2,CACAGAGCCTTCTGTAGTGT,16,4103962
yacCp,8.333333333333334,26,2,CAATCAGCCGGTATCGACTG,24,4097777
yacCp,1.0,4,2,CAAGGATATTTGGATACGGG,2,4084324
yacCp,3.6666666666666665,12,2,CAAAGGGGTCTTATGTGTTT,10,4097619
yacCp,3.3333333333333335,11,2,CAAACGGAAGTCAGGAACGT,9,4107832
yacCp,4.333333333333333,14,2,ATTGTGGTTCATTTGGGAGT,12,4084250
yacCp,0.6666666666666666,3,2,ATTAGTAAATCTGGGTTTTA,1,4086570
yacCp,0.6666666666666666,3,2,ATTAGGGGGGCGTCGAAAAG,1,4104300
yacCp,0.6666666666666666,3,2,ATTAATGGGAATGTAGTCCA,1,4102137
yacCp,0.6666666666666666,3,2,ATGGCTTATCCAACCAGCCA,1,4089429
yacCp,3.3333333333333335,11,2,ATGACGGAGACGCAGGTCGA,9,4088630
yacCp,3.6666666666666665,12,2,ATCTGTCTATCGGAAACGCT,10,4094758
yacCp,0.6666666666666666,3,2,ATCTAATACTGCGTGTGAGG,1,4104151
yacCp,1.0,4,2,ATCCGAGCGCACCCCGCTCT,2,4087932
yacCp,1.3333333333333333,5,2,AGTTAGGAGCGCTCTATTCA,3,4092887
yacCp,0.6666666666666666,3,2,AGTGCCCAATATATTGTGGA,1,4087518
yacCp,5.666666666666667,18,2,AGTCCGAGACACAGTGATCT,16,4105538
yacCp,0.6666666666666666,3,2,AGTATTGGAGCCTGCGTATA,1,4106792
yacCp,0.6666666666666666,3,2,AGGGTGGCTCGATGTCCTCA,1,4102621
yacCp,14.666666666666666,45,2,AGGCAGGGTGCAGCCATGAG,43,4078372
yacCp,2.3333333333333335,8,2,AGGACTCTGTAACCCAGTCG,6,4087368
yacCp,0.6666666666666666,3,2,AGCCGGCTTGCGGTATTGGA,1,4094773
yacCp,0.6666666666666666,3,2,AGCCCGGCAGAAGGTTGCCC,1,4104876
yacCp,1.6666666666666667,6,2,AGCAGCACACCTAGGGGTAT,4,4080939
yacCp,9.0,28,2,AGAGTGGGTGAGTGGCCATT,26,4096216
yacCp,10.0,31,2,AGAGTAGCGAGCGACTGGCA,29,4095129
yacCp,0.6666666666666666,3,2,AGAGGCATTTCACTGCGCAT,1,4089192
yacCp,1.6666666666666667,6,2,AGAGATAATGAATAAACTAC,4,4104914
yacCp,2.3333333333333335,8,2,ACTTACTAGACCCGTTGAAG,6,4084442
yacCp,4.0,13,2,ACTGTGGGGCCATTCGAGGT,11,4105202
yacCp,1.3333333333333333,5,2,ACGCGCCATTGCGGGGCGGT,3,4096807
yacCp,1.6666666666666667,6,2,ACGCATTATTCGTTCGATTG,4,4099554
yacCp,6.0,19,2,ACCTGAACCACAACACGTGG,17,4085459
yacCp,11.0,34,2,ACCGAGAGTCGGACTGACCT,32,4111246
yacCp,4.666666666666667,15,2,ACATCATTGTCACTTACAAT,13,4085646
yacCp,0.6666666666666666,3,2,ACATACCCCTCTGGAATTAA,1,4109722
yacCp,0.6666666666666666,3,2,ACAGTACATGACCACAGACT,1,4095404
yacCp,0.6666666666666666,3,2,ACAGGCCCTCATTGTATAGT,1,4086631
yacCp,18.666666666666668,57,2,ACACGCCCGCGTCGTGTGTT,55,4111868
yacCp,8.666666666666666,27,2,ACAACGCGGTGGTCGTTCAC,25,4089770
yacCp,21.666666666666668,66,2,AATCGTTGGTGAGTAATATC,64,4086775
yacCp,4.666666666666667,15,2,AATATAGAACAGCGATCCTA,13,4109046
yacCp,2.0,7,2,AATAAAATTCGAGTAGGCGA,5,4098785
yacCp,22.0,67,2,AAGGCGAACGCATCTACTAG,65,4096080
yacCp,0.6666666666666666,3,2,AACTGACCTTGACATAAGAC,1,4095470
yacCp,6.0,19,2,AACTCTCGACGCAACCGCCC,17,4097059
yacCp,2.3333333333333335,8,2,AACTATCGGATTAGACTCAA,6,4100272
yacCp,3.6666666666666665,12,2,AACGTTTTCGCTTGGTTTGT,10,4083628
yacCp,5.333333333333333,17,2,AACCGGCGTCAAATTCTTGG,15,4105532
yacCp,5.333333333333333,17,2,AACACTACCTGGTGCCCTAT,15,4087692
yacCp,7.666666666666667,24,2,AAATCGCTTGGCTCTCACTT,22,4106436
yacCp,7.0,22,2,AAACCTAGCACGGATAACAT,20,4090509
yacCp,1.5,3,1,TTTCGAGTGCAATAGAGTTC,2,4094861
yacCp,1.5,3,1,TTTAGTTGAGTTAGAGTTGC,2,4083376
yacCp,2.5,5,1,TTGGGCGCTCCCAGTCTCGC,4,4083228
yacCp,1.0,2,1,TTGGAGGTTGCCGATAATTA,1,4099245
yacCp,28.5,57,1,TTCTTGTTGCTGTACGATAA,56,4093781
yacCp,7.0,14,1,TTCTAACCACCACGGCGGAT,13,4101082
yacCp,7.0,14,1,TTCGTAGAATGCAGGGACAG,13,4101843
yacCp,10.5,21,1,TTCGGTTAAATAAAGTCAAA,20,4096884
yacCp,6.0,12,1,TTCGGTAGGGGCCTCGCACC,11,4088673
yacCp,3.5,7,1,TTCAGCTTGCCGCCATTGAT,6,4112731
yacCp,4.0,8,1,TTATCCTTATTCAAATAGAT,7,4083464
yacCp,1.0,2,1,TTAGTCGGGTATAGCAGTGG,1,4096364
yacCp,2.0,4,1,TTACTAGGCTTTTGAAAACC,3,4104006
yacCp,5.5,11,1,TGTTTGTACACGGGCCTACG,10,4099860
yacCp,8.0,16,1,TGTGCACGCTCTACGCTGCG,15,4080960
yacCp,9.0,18,1,TGTCTTTACCTTTCAGAATC,17,4098238
yacCp,1.0,2,1,TGTCGTGGCGGGAGCCCAGC,1,4091725
yacCp,1.0,2,1,TGTATGTGTTGGTGCAATAG,1,4083634
yacCp,5.0,10,1,TGGTGATTCTGGATGACATT,9,4108926
yacCp,5.0,10,1,TGCTCCTAGGCGCAGCCAAT,9,4081747
yacCp,7.0,14,1,TGCGTCCTATGTAGAACACT,13,4088571
yacCp,7.5,15,1,TGCGGGACCCCCGAGTCCGG,14,4083697
yacCp,1.0,2,1,TGCCTTCCGAATTGTATTGT,1,4094710
yacCp,2.5,5,1,TGCCGACTGGAGGTCATGTC,4,4099948
yacCp,7.0,14,1,TGCCCGTATACGGACACGCC,13,4103273
yacCp,1.0,2,1,TGCAGCTGGCACTGCGTACT,1,4094157
yacCp,10.5,21,1,TGCAGCTGAACAGATAGTGA,20,4108567
yacCp,6.5,13,1,TGATGTGACCTAAGAAAAGC,12,4101242
yacCp,2.5,5,1,TGATGCAGAAATCTTGTCCT,4,4107942
yacCp,1.0,2,1,TGACGGGGGCCGATTACACA,1,4096989
yacCp,1.0,2,1,TGACAACAATGATGCGTGTG,1,4103570
yacCp,6.5,13,1,TGAAGAGTAGGCAGTGCGAC,12,4094827
yacCp,5.0,10,1,TCTTTTGAGGGTTACCTTAT,9,4088113
yacCp,8.0,16,1,TCTCAATCCATAACCACTCT,15,4082579
yacCp,2.0,4,1,TCGTGGGTACCCGCTCGGCA,3,4078518
yacCp,4.0,8,1,TCGTCTTTCGCACCCGCCTG,7,4108478
yacCp,9.0,18,1,TCGGTTTCGCGACCTATACA,17,4093410
yacCp,1.0,2,1,TCGCTTTAGCTCACTAGAGG,1,4080272
yacCp,5.5,11,1,TCATTATCATCAGTGGTTAA,10,4104931
yacCp,3.0,6,1,TCAGGTACACTAAGCGTGAA,5,4101095
yacCp,2.5,5,1,TCACGGGAAATACGAACCGT,4,4084874
yacCp,7.0,14,1,TATTGCTCTCGTTAATATGC,13,4092520
yacCp,10.5,21,1,TAGGTGTCGTGGCGGTACCA,20,4088319
yacCp,9.5,19,1,TAGCCTACACTCGCGTGTGT,18,4082468
yacCp,10.0,20,1,TACCTGGATGTGCCATGCTG,19,4101962
yacCp,1.0,2,1,TACAATCCCAGTCGAGGCCT,1,4092935
yacCp,4.5,9,1,TAATGGCCGATATAGTATGA,8,4089938
yacCp,1.0,2,1,TAAGTAAGGACTGTTCAACG,1,4091648
yacCp,4.5,9,1,TAAGGCGTTCTATTGCCTAT,8,4085368
yacCp,2.0,4,1,TAAGACCTGAGGTAGGTCTT,3,4099484
yacCp,1.0,2,1,GTTTTTTGCCGGCCTTTATT,1,4094292
yacCp,4.0,8,1,GTTTGAAGGCTATCTGTAGT,7,4100961
yacCp,10.5,21,1,GTTCAAAGCCGCGGCCACAG,20,4103407
yacCp,2.0,4,1,GTGCGTAAGGCCTACTCCCC,3,4078841
yacCp,5.0,10,1,GTCTACCACTGCGTCAATCT,9,4098306
yacCp,1.0,2,1,GTATTGGAGGAAGTATTATA,1,4108287
yacCp,18.5,37,1,GTATAGCATTGTATTAGATT,36,4097189
yacCp,4.0,8,1,GTATACGCTCACCCGACCTA,7,4093356
yacCp,8.5,17,1,GTAGGTGCTCGGCAGCGACG,16,4109359
yacCp,6.5,13,1,GGTTCTTGCAGTTTGATCAG,12,4092214
yacCp,20.5,41,1,GGTGCATCAGGCAAGCGGAA,40,4098947
yacCp,5.0,10,1,GGTAGTTCAGATTTATACTA,9,4093333
yacCp,7.0,14,1,GGTAATAGATGTCTTACTCG,13,4093405
yacCp,11.0,22,1,GGTAACATTGTCCGCGGACA,21,4110847
yacCp,7.5,15,1,GGGTTCAGGACTTGGTAAGA,14,4084793
yacCp,10.5,21,1,GGGTACGCCCAACAGCATCA,20,4104141
yacCp,1.0,2,1,GGGGTCTGGCCGGCAACAAT,1,4101036
yacCp,5.5,11,1,GGGGATTATATACTACGGAC,10,4083400
yacCp,44.0,88,1,GGGACACATGTGAAAAGTCA,87,4113044
yacCp,1.0,2,1,GGCTTCGAGAAAAGACGGAT,1,4108341
yacCp,5.0,10,1,GGCTGGGATTAAAGGTTGTA,9,4102688
yacCp,1.0,2,1,GGCTGAACCTTTTGTCAGAT,1,4106439
yacCp,21.0,42,1,GGCGTATTTTGGCTGGTTCG,41,4106443
yacCp,1.5,3,1,GGCCACGCTCCTGATACCCC,2,4109709
yacCp,4.0,8,1,GGATAGTTATCGGATACACG,7,4083541
yacCp,1.0,2,1,GGAAGTACTAGCAGGCCCGT,1,4094708
yacCp,11.0,22,1,GGAACTCGACAAATCCCATA,21,4110800
yacCp,4.5,9,1,GCTCAGTCAGGAATTTGTGT,8,4096372
yacCp,12.0,24,1,GCTAAGGCACGTCCGGCGCA,23,4113016
yacCp,1.5,3,1,GCTAACCGCATGCGTATGGT,2,4079187
yacCp,7.5,15,1,GCGCTTCTCAAGTACCACAA,14,4098077
yacCp,3.5,7,1,GCGATGGATAAGATACTTCC,6,4108244
yacCp,21.5,43,1,GCCATTGAGTTTACTGTTCA,42,4102632
yacCp,1.0,2,1,GCACGTGTCAAGTCCCGGGA,1,4106345
yacCp,1.0,2,1,GCACCATCCAGATCGGCTAA,1,4083973
yacCp,2.0,4,1,GCAACCCACCTGGCAGGTGG,3,4096594
yacCp,1.0,2,1,GATTTTACGGGCCGTATCTA,1,4112624
yacCp,6.5,13,1,GATTTAAGCCTATATTAGTT,12,4095670
yacCp,1.0,2,1,GATTCGCAAACTTCTACGGT,1,4087217
yacCp,6.0,12,1,GATCTACTTTGGATGGTAAT,11,4102797
yacCp,2.5,5,1,GAGTTAAGGCGGGCCTCGTG,4,4090481
yacCp,11.0,22,1,GAGTATATGTTCATCTAGGG,21,4088536
yacCp,8.5,17,1,GACTCTTGAGCGTTGTTTCA,16,4085397
yacCp,1.0,2,1,GACTATTAACGTGAGCAGGA,1,4104989
yacCp,10.5,21,1,GACGGGGTATTGCGTAGTAA,20,4104997
yacCp,8.5,17,1,GACGAGCGCGGCCGTGCAGG,16,4097036
yacCp,2.0,4,1,GACCTGAGGGTAGATAACAG,3,4105876
yacCp,11.5,23,1,GACCCGCGGTCTACGGAGAG,22,4101225
yacCp,16.5,33,1,GAATTACACGGTTTCAGAGT,32,4095804
yacCp,4.0,8,1,GAACGAACAGACGAAGGTGA,7,4081744
yacCp,8.0,16,1,GAAACCAATAGATTCTTTCT,15,4099642
yacCp,1.0,2,1,CTTTGCTGGAATGCAGAAAA,1,4081796
yacCp,23.0,46,1,CTTTCCTACAACTTCCATTC,45,4104896
yacCp,1.0,2,1,CTTGTCTTACCATGGATTTT,1,4086615
yacCp,2.5,5,1,CTTGTCCTCATCCAGTTGCC,4,4082195
yacCp,13.0,26,1,CTTAGGCACACGCTCTCAAG,25,4102029
yacCp,15.5,31,1,CTGTTTTCTCAACGGCATAG,30,4097193
yacCp,1.5,3,1,CTGTACGCGATACGTTTGAG,2,4111288
yacCp,5.0,10,1,CTGGGCTAGTCTCTCGCATA,9,4080369
yacCp,13.0,26,1,CTGGACCGCGGAATCTCAAA,25,4102419
yacCp,8.5,17,1,CTGCTTTGGCAACCCTGCAG,16,4107624
yacCp,6.0,12,1,CTGACTCTAGCTGGGAGTGC,11,4100767
yacCp,2.0,4,1,CTCGTCTATGGATTTGATTT,3,4082206
yacCp,7.5,15,1,CTCATGGCGTCGCGCTAGTC,14,4078649
yacCp,2.0,4,1,CGTTCCCACATATCGGGCTA,3,4095829
yacCp,1.0,2,1,CGTCTTGGGACTGAATCAGA,1,4100440
yacCp,1.0,2,1,CGTCATATGGAGAGAAGGGC,1,4095883
yacCp,4.0,8,1,CGGTTACATCCCAGCTAAGC,7,4112213
yacCp,8.5,17,1,CGGCATGTAATATAAATTTA,16,4104545
yacCp,5.5,11,1,CGGCACACGTGCTTACTCGT,10,4083127
yacCp,7.5,15,1,CGCCTTGTACAACTCTCTTC,14,4098042
yacCp,1.0,2,1,CGCCTTCTTGGGTCAGAGCC,1,4102835
yacCp,9.5,19,1,CGCCGCGACCAACAGCAACG,18,4090293
yacCp,38.5,77,1,CGCCGACGACTCCTAGCTGG,76,4111682
yacCp,1.0,2,1,CGCAGGTGTCCGTAAGCACT,1,4112763
yacCp,4.5,9,1,CGCAGGATTCGGTGCTGCAT,8,4099750
yacCp,14.5,29,1,CGAGAATCAGTACCGTGCCC,28,4104967
yacCp,1.0,2,1,CGACAGGGTAGCAATACTGA,1,4105553
yacCp,1.0,2,1,CCTTACCGCTCATAGAGATA,1,4110577
yacCp,1.0,2,1,CCTGACAGACGTTAGACACC,1,4094525
yacCp,5.5,11,1,CCTCGGTTGCACATTCAGCA,10,4082564
yacCp,2.0,4,1,CCTCCCGCAAGGATTGATCA,3,4100186
yacCp,10.0,20,1,CCTAATCTCGGGGCACAATT,19,4100032
yacCp,3.5,7,1,CCGTGGGCTCATTCACCCTC,6,4088522
yacCp,5.5,11,1,CCGGTCGGTGAAGCAAGTAT,10,4100869
yacCp,4.5,9,1,CCGCTGTTCTAAGGTGGATC,8,4083657
yacCp,1.0,2,1,CCGCTAGAAGTCTAGCGCCA,1,4108976
yacCp,11.5,23,1,CCGCCTTTACGGCGGTAGGA,22,4093311
yacCp,6.0,12,1,CCCTATTCGATCACAGCGCC,11,4080361
yacCp,1.0,2,1,CCCGCTCAGTTCCTCGGGAA,1,4088361
yacCp,2.5,5,1,CCCCTCTGGCTATAGCACGC,4,4102554
yacCp,10.5,21,1,CCCCGGGTGCCGAAGGCGTT,20,4091904
yacCp,1.0,2,1,CCATTCTCCATACTCCGCTT,1,4106427
yacCp,3.0,6,1,CCATTACGCGGGTGGTGGTC,5,4106375
yacCp,5.5,11,1,CCATACTTATGTAATAGCAT,10,4096435
yacCp,13.0,26,1,CCATACGACATGGGGACTAC,25,4107517
yacCp,6.5,13,1,CCACCGGACCTGATTGCATG,12,4112476
yacCp,1.0,2,1,CCACCCCTGCTATCTCGCTT,1,4093802
yacCp,1.0,2,1,CATGCAAATTCCTGTTTGAA,1,4099290
yacCp,25.0,50,1,CATAGGTCGTGTTAAACGCT,49,4109491
yacCp,1.0,2,1,CAGGTTAGCGCCGCAACAGC,1,4090432
yacCp,1.0,2,1,CACGACTCCAGGGGGTGGGT,1,4096576
yacCp,7.0,14,1,CACCGTAGCACCTTCATATA,13,4092989
yacCp,3.0,6,1,CACATAGTCCAGATGGATAG,5,4095435
yacCp,1.0,2,1,CACATACCCTCGGGATCGTT,1,4085307
yacCp,1.0,2,1,CACACTATGTTTGACACAAT,1,4083569
yacCp,19.0,38,1,CACACGGGGGCCAACAAAAG,37,4093062
yacCp,17.0,34,1,CAATTCGCCCTTCCCTAGAC,33,4097188
yacCp,1.0,2,1,CAATGTATTGTTTTGGGCTT,1,4089220
yacCp,7.0,14,1,CAATCGGAATAGCGAGATCA,13,4079373
yacCp,6.0,12,1,CAAGGCGTTAGATGGTACAC,11,4099655
yacCp,5.5,11,1,ATTTCTGACTAGAACAATAA,10,4087806
yacCp,5.0,10,1,ATTGACAATGGAGTCGTCGA,9,4101346
yacCp,3.0,6,1,ATTGAAAGGTGACCTGACCC,5,4092643
yacCp,4.5,9,1,ATTCGCGACCCATGTTGTAC,8,4109922
yacCp,1.0,2,1,ATTCCGTGTCGAGTAGGCGT,1,4106588
yacCp,1.0,2,1,ATTAAAGAGGTTGTCTTACC,1,4092885
yacCp,22.5,45,1,ATGTAAGTATCTCATATAAC,44,4083061
yacCp,3.0,6,1,ATGGTAGGGTGGACGTTGAA,5,4097977
yacCp,3.5,7,1,ATCTTGGAACAACTTTCAGG,6,4086467
yacCp,5.5,11,1,ATCTCTAAATCTGTCATTAG,10,4079764
yacCp,1.5,3,1,ATCTATCAACACAAAATCAC,2,4082750
yacCp,12.0,24,1,ATCGCCTTTTAGTACCACTT,23,4084535
yacCp,7.0,14,1,ATCGAAAGCCTAGAACCGTT,13,4099829
yacCp,3.0,6,1,ATATGGTGGAGGTTCTCGTA,5,4108179
yacCp,10.5,21,1,ATACCCTCGTCCATCCGTTG,20,4090506
yacCp,1.5,3,1,ATACCCGTGACAGCTTGCTA,2,4098438
yacCp,5.5,11,1,ATAATTCCGCTGGTATGTGA,10,4087793
yacCp,2.5,5,1,ATAAGCCTCTTCCCGTATCC,4,4110645
yacCp,4.0,8,1,AGTTTCCACGGCGTTTGTCT,7,4085209
yacCp,1.0,2,1,AGTTGCGCCTGGGTGACTAT,1,4096020
yacCp,5.0,10,1,AGTTCTCAACAACCTTTCTG,9,4087170
yacCp,7.5,15,1,AGTCTAGGAATTATTGTTTC,14,4105253
yacCp,11.5,23,1,AGTCGAACTACATTTATTGG,22,4105073
yacCp,10.5,21,1,AGTACGAAATCGAAAGGTGA,20,4087222
yacCp,1.0,2,1,AGTACAAACTCGTGATGAGG,1,4091807
yacCp,1.0,2,1,AGGGTGGTCGCCTTCGCGGA,1,4102838
yacCp,1.0,2,1,AGGGTGGGTTCTATATTCTA,1,4087975
yacCp,3.0,6,1,AGGGTAGATTGTCCCTCTGG,5,4085844
yacCp,5.5,11,1,AGGGGCCGTTCACTCAATTA,10,4096209
yacCp,4.0,8,1,AGGAAGAGGATAACTTCATG,7,4084931
yacCp,5.5,11,1,AGCTGTTTGTTGTTATGTTC,10,4093974
yacCp,6.0,12,1,AGCGTTAGGCTAACAGCCGT,11,4089768
yacCp,7.5,15,1,AGCGTGTTACATTGTTAGTA,14,4103565
yacCp,1.0,2,1,AGCCCTATATCAGGTATGGG,1,4094027
yacCp,3.5,7,1,AGCCCCCTCAAGGCACGACA,6,4085142
yacCp,13.5,27,1,AGCCAGCCTACCATGATAGG,26,4082465
yacCp,1.5,3,1,AGCAATGGTACTGCTGGTAC,2,4090252
yacCp,6.5,13,1,AGAGGTGGAGTGGGATACGT,12,4105420
yacCp,1.0,2,1,AGACCGGATTCTCACCATAT,1,4088190
yacCp,6.5,13,1,AGAAATGAGCTCACTACATT,12,4110774
yacCp,2.5,5,1,ACTTTTGGATTGCAGTTCTC,4,4096378
yacCp,1.0,2,1,ACTTGCCTTAGTGGATATTG,1,4091478
yacCp,11.5,23,1,ACTGGGCAGAGGACCCTAGA,22,4081030
yacCp,1.0,2,1,ACGAGTGACAATAGGTAGGG,1,4106886
yacCp,5.0,10,1,ACGAGACGCTTGAGAATCTA,9,4111734
yacCp,5.0,10,1,ACGAAGTTAAACCGCATCAC,9,4081152
yacCp,1.5,3,1,ACGAAGCGGGGATAGTAACT,2,4094796
yacCp,1.0,2,1,ACCGTTGCCTACATGTAATA,1,4110918
yacCp,7.5,15,1,ACCCTATACATGCTCGTCAA,14,4109626
yacCp,6.0,12,1,ACCACCGGTGGGAACAATCC,11,4095817
yacCp,3.0,6,1,ACAGGTCCGATACCTCTTTT,5,4091867
yacCp,4.5,9,1,ACAGATTAAGCCGAACATAT,8,4089766
yacCp,3.5,7,1,ACACGTTACCCGCATTACAC,6,4090751
yacCp,19.5,39,1,AATCCATTGGTGCTTTCACA,38,4097192
yacCp,9.5,19,1,AAGTACATGTTGAACACAGG,18,4107943
yacCp,3.0,6,1,AAGCCTGGATGCATATAGAT,5,4104268
yacCp,12.5,25,1,AACGTTGTCAAATACGTCCC,24,4110478
yacCp,1.0,2,1,AACGTGTTCTTATTACATTG,1,4083217
yacCp,4.5,9,1,AACGCCCGTCCGTCATTCGG,8,4089690
yacCp,10.5,21,1,AACGAGGTCAGCACTGACAA,20,4098738
yacCp,1.5,3,1,AACATCCTAGATCCGTACGA,2,4083544
yacCp,1.0,2,1,AAATGTTAAAACTCCTCCTG,1,4112101
yacCp,1.5,3,1,AAAGGGACATGGCGAAGTTT,2,4092624
yacCp,10.0,20,1,AAAGCGATTACTTTGTGTTA,19,4083846
yacCp,3.5,7,1,AAAAGTTGTACATCAAAATT,6,4096990
yacCp,0.014285714285714285,69,69,GGAAAGTTTATCCGAGTGCA,0,4094851
yacCp,0.014705882352941176,67,67,TGAGATGCTACGTGAATTCT,0,4094522
yacCp,0.01639344262295082,60,60,TGGGGATCCCTAGCAGAATG,0,4082375
yacCp,0.017543859649122806,56,56,ACTTTTACCGACCCATTCAC,0,4079861
yacCp,0.018518518518518517,53,53,GCGGACGGAACTCCACAGGA,0,4079428
yacCp,0.018867924528301886,52,52,GTTGAAGGTGTTGATCCAGC,0,4081297
yacCp,0.0196078431372549,50,50,GTGTTTTCTCCCAACGGATA,0,4099363
yacCp,0.0196078431372549,50,50,AGGTGGTGAGACCCAACATG,0,4083837
yacCp,0.02,49,49,TAATGAGATGGGACTTTAGT,0,4103687
yacCp,0.02,49,49,TAAGCCCAGGGAGCTAGACT,0,4083463
yacCp,0.020833333333333332,47,47,TATCCAGACCTTTACTCCGC,0,4088159
yacCp,0.022222222222222223,44,44,TGGACACGTAGTCCTTTTGA,0,4093225
yacCp,0.022727272727272728,43,43,CTTTTCGTTGCTTATCTACA,0,4109224
yacCp,0.022727272727272728,43,43,ATTGAATCTCAATGCCATGT,0,4091095
yacCp,0.022727272727272728,43,43,AAAATCCCTCTTTAGGTTAG,0,4108585
yacCp,0.023255813953488372,42,42,CCTCCACCTACATTTCTTTT,0,4082699
yacCp,0.023809523809523808,41,41,GGGAGTTTTCTGCGACTTAA,0,4093948
yacCp,0.023809523809523808,41,41,GCGTTCGATTAGGTAAACGA,0,4085064
yacCp,0.023809523809523808,41,41,CTGCAGCGCCTACCCCTGTG,0,4098474
yacCp,0.024390243902439025,40,40,CTCTTCTTGGGGCGCAAGAT,0,4080574
yacCp,0.024390243902439025,40,40,CACTGAAAGTGTTCCGTATG,0,4090294
yacCp,0.024390243902439025,40,40,ATCATGAGGAAGTGGGACTT,0,4101611
yacCp,0.025,39,39,TTTGCACCTAGGGGCCGTGC,0,4079325
yacCp,0.025,39,39,TTACTGTGTCTGAGTCGTAT,0,4103151
yacCp,0.025,39,39,TCTGGTGCTGTGCTCCCCGG,0,4079233
yacCp,0.025,39,39,TACCCGAAAAGGATTAGGCT,0,4092855
yacCp,0.025,39,39,CGGAGATACAATCCAGGAAC,0,4110679
yacCp,0.025,39,39,CGGAAGGCTACGGGTAGGAT,0,4091678
yacCp,0.025,39,39,CGCCCGTAGCGAGCGCCTAT,0,4103240
yacCp,0.025,39,39,CCGGCATGGGATGCACGGCC,0,4083567
yacCp,0.02564102564102564,38,38,ACTGGGCGAGCGTGGGTGTT,0,4099184
yacCp,0.02631578947368421,37,37,TTCACGAAGTAGTACTATTA,0,4108893
yacCp,0.02631578947368421,37,37,GTGAGATCGATTTGCTTTCG,0,4099711
yacCp,0.02631578947368421,37,37,CTTGGCCAGCTCCCGGGACA,0,4096654
yacCp,0.02631578947368421,37,37,CTCCCTTATTCTGCACAGTA,0,4099349
yacCp,0.02631578947368421,37,37,CGGTACGCGTAACGCGCAAG,0,4079812
yacCp,0.02702702702702703,36,36,TCACGGATGAGGTGGTCAGC,0,4079941
yacCp,0.02702702702702703,36,36,GTACCATATTCTTATGTCAT,0,4088700
yacCp,0.02702702702702703,36,36,GCCATACCCAGAAGGAGAGA,0,4097765
yacCp,0.02702702702702703,36,36,CCACCTCGCGTAGATACCTG,0,4097814
yacCp,0.02702702702702703,36,36,CACCACGGTAAGGTGTCGCA,0,4085084
yacCp,0.027777777777777776,35,35,GTGTAGCGGGGAGAGGCATG,0,4080890
yacCp,0.027777777777777776,35,35,GTCGTGGGCAGCACCTTCAC,0,4089299
yacCp,0.027777777777777776,35,35,GGGGCTAGACGCCTTACTCA,0,4087890
yacCp,0.027777777777777776,35,35,CGATTTCTTAGTGACCTTAT,0,4092186
yacCp,0.02857142857142857,34,34,GTGACGGCATCCGCGGGCCT,0,4094734
yacCp,0.02857142857142857,34,34,GCAGGAACGAGCCGAGAACG,0,4096495
yacCp,0.02857142857142857,34,34,ACTACTACGCATGTTGTCAT,0,4085214
yacCp,0.029411764705882353,33,33,TGAGGCGTACGGGATCCCCA,0,4099254
yacCp,0.029411764705882353,33,33,GGTAGCTAGATCGTGTCAGT,0,4082917
yacCp,0.029411764705882353,33,33,GAGAAAAAAGCTCGCAGCTT,0,4093465
yacCp,0.029411764705882353,33,33,CTTTCCTTCACATTTATGGA,0,4099965
yacCp,0.029411764705882353,33,33,CCGCGGGCGAGAGTAGGCTT,0,4092655
yacCp,0.029411764705882353,33,33,CATAGCAGTGTCAGTCCCGT,0,4088502
yacCp,0.029411764705882353,33,33,AACACTAGTCACTAAATCCA,0,4083091
yacCp,0.030303030303030304,32,32,TTTATTGCTGAAGTATCTAC,0,4098121
yacCp,0.030303030303030304,32,32,GTCAAGTGCACAAGGCGACG,0,4095001
yacCp,0.030303030303030304,32,32,GGGGTCGCTTCGTGGTAGCA,0,4092403
yacCp,0.030303030303030304,32,32,CAACTGTAGGGACAGAATTG,0,4084786
yacCp,0.030303030303030304,32,32,AACTCGGCAGGCGGTTCTCA,0,4083870
yacCp,0.03125,31,31,TTTGTTTCATATCAGGTATC,0,4099887
yacCp,0.03125,31,31,GTAGGCCTCATGGAAGACTT,0,4104412
yacCp,0.03125,31,31,CTGCGAAGAACAGATCTGGT,0,4084378
yacCp,0.03125,31,31,ACTGTAATAGGTTTCCCCGA,0,4102492
yacCp,0.03125,31,31,AACTCCACCGTTCGGAGTCG,0,4090576
yacCp,0.03225806451612903,30,30,TGACCCTCCGTGTATTTCAG,0,4086083
yacCp,0.03225806451612903,30,30,TAACACGATCAACTGGACCC,0,4087929
yacCp,0.03225806451612903,30,30,GGCAAAGTAAAGTACCCAAT,0,4102181
yacCp,0.03225806451612903,30,30,GCACAGAAGTCCTGATTCGT,0,4100318
yacCp,0.03225806451612903,30,30,CACCTTTTACTCGCCCGGAG,0,4094064
yacCp,0.03225806451612903,30,30,CACCCCTGTCCCAAGCCTCG,0,4080760
yacCp,0.03225806451612903,30,30,ATCCGACCAATAGTCTGGGT,0,4092751
yacCp,0.03225806451612903,30,30,ATCAAGGGGACTGAGTCACT,0,4093464
yacCp,0.03225806451612903,30,30,AGTGCCCCGCGGAAGAATTA,0,4084007
yacCp,0.03225806451612903,30,30,AGGAATCCACCGGCTCTTGA,0,4095061
yacCp,0.03225806451612903,30,30,AGATAGTAAATCTCGGGTGG,0,4098089
yacCp,0.03333333333333333,29,29,TTCACGGTGCCAGGAATTAA,0,4085810
yacCp,0.03333333333333333,29,29,TCGTCGGAATAAATCGCCAG,0,4100925
yacCp,0.03333333333333333,29,29,TAAACGTTAAGCTCGTGAAG,0,4092933
yacCp,0.03333333333333333,29,29,GTTAAGGAAATGCCGAGTGT,0,4101000
yacCp,0.03333333333333333,29,29,GGGATTGAATCACTAAGCAA,0,4104684
yacCp,0.03333333333333333,29,29,GGCCGCCCGGTTAGAAATTG,0,4099859
yacCp,0.03333333333333333,29,29,GGAAGCCTTAACTTATTTCG,0,4097310
yacCp,0.03333333333333333,29,29,ATTGTTGCAGGCTAGGCTTA,0,4098614
yacCp,0.03333333333333333,29,29,ATTGGCCTAGCTCTGCGTGA,0,4085786
yacCp,0.03333333333333333,29,29,ATTCCAAGTGCCCGTCACGT,0,4100791
yacCp,0.03333333333333333,29,29,AGTGCAGACAGTAGAAATTG,0,4088595
yacCp,0.03333333333333333,29,29,ACCCTCGTCTGTAATGGCTG,0,4099916
yacCp,0.03333333333333333,29,29,ACCAGACGACGTGTGCATGA,0,4078805
yacCp,0.03333333333333333,29,29,AATTGACTTTTCAGGACTCA,0,4100530
yacCp,0.03333333333333333,29,29,AAAGTCAGCAAAAACTTAAC,0,4093630
yacCp,0.034482758620689655,28,28,TGTTATAGCCAGCATTGCGT,0,4090965
yacCp,0.034482758620689655,28,28,TGATGGTGCGAGCATAGATA,0,4109023
yacCp,0.034482758620689655,28,28,TCTGGGGCAGGGTAGGCCTA,0,4087448
yacCp,0.034482758620689655,28,28,TAGTATGTGGAACGGCGGAT,0,4088029
yacCp,0.034482758620689655,28,28,TAGCATCAGGGCCTTCCGGT,0,4111305
yacCp,0.034482758620689655,28,28,GTTGTAACGACTTTAACGAT,0,4084553
yacCp,0.034482758620689655,28,28,GTGTAAATGCAGCGTGAGAA,0,4105753
yacCp,0.034482758620689655,28,28,GTGGCACTGCTAAATACAGT,0,4088194
yacCp,0.034482758620689655,28,28,GTAGTGCTACCGTTCAAAAC,0,4089573
yacCp,0.034482758620689655,28,28,CGTGTATGGACGTCTCTGTA,0,4079758
yacCp,0.034482758620689655,28,28,CGCTTTTGTTGTAACGCGAC,0,4087883
yacCp,0.034482758620689655,28,28,ATTCGTCAGGTCAAGAAGAC,0,4082915
yacCp,0.034482758620689655,28,28,AGTTGCGGACGTATGCCTAA,0,4082059
yacCp,0.034482758620689655,28,28,AGCCGGTCACCTCGCTTTGA,0,4090038
yacCp,0.03571428571428571,27,27,TATTCTAAGCGCCTTCTACT,0,4096626
yacCp,0.03571428571428571,27,27,GTGTGTACGTGACATTGAAC,0,4089872
yacCp,0.03571428571428571,27,27,GGCTTCATCACCTTCGACAC,0,4094314
yacCp,0.03571428571428571,27,27,GAGACCGCGAGGTAAGATTG,0,4108342
yacCp,0.03571428571428571,27,27,CTGATTGATCAGTGTTAGCG,0,4089472
yacCp,0.03571428571428571,27,27,CGTTCTATGAGGTTTCCTGA,0,4111915
yacCp,0.03571428571428571,27,27,AGGTGGTGAACTTATGCACG,0,4096292
yacCp,0.03571428571428571,27,27,AGATTTGTCAAGAAAACAGG,0,4084213
yacCp,0.03571428571428571,27,27,ACCTGCGTCGGGAGGCAGGC,0,4105132
yacCp,0.03571428571428571,27,27,AATGGACACATCACTGTTAG,0,4096297
yacCp,0.03571428571428571,27,27,AATCATGGCCACATTGAGAA,0,4103439
yacCp,0.03571428571428571,27,27,AAGACGGCGTTTAAAGCAGC,0,4088122
yacCp,0.037037037037037035,26,26,TGGTGAAAGCCCTGGGGGTG,0,4081076
yacCp,0.037037037037037035,26,26,TGAAAAGTCTGCTGACTGAG,0,4092281
yacCp,0.037037037037037035,26,26,TATTAGCGCTTTCAATTAGA,0,4085414
yacCp,0.037037037037037035,26,26,TAATCAACTTGAGCCTGAGT,0,4104130
yacCp,0.037037037037037035,26,26,GAGACCGGGCCGTGGGGGAA,0,4087785
yacCp,0.037037037037037035,26,26,GAAACTGTGCCATCGCCGGA,0,4094663
yacCp,0.037037037037037035,26,26,CGTTCAATACGCCCTGAGCA,0,4082870
yacCp,0.037037037037037035,26,26,CGTACCAAGGAGAGAGAGTA,0,4080674
yacCp,0.037037037037037035,26,26,CGCTCACCCGAGCTCACTAA,0,4098016
yacCp,0.037037037037037035,26,26,CGCACCACCAGCACCTGTCC,0,4110687
yacCp,0.037037037037037035,26,26,CCGCGGAACACAGACAAGTC,0,4098797
yacCp,0.037037037037037035,26,26,CCAGCTTGCTTCCTCGCTCC,0,4080235
yacCp,0.037037037037037035,26,26,CACCATTCTTTAAGTTTACT,0,4080836
yacCp,0.037037037037037035,26,26,CAATCACGTTGTAGCAGCGC,0,4091674
yacCp,0.037037037037037035,26,26,ATCAGTCTCTATGGGACTTC,0,4105788
yacCp,0.037037037037037035,26,26,AAATGAGGCCCAGTTGGTTT,0,4079210
yacCp,0.038461538461538464,25,25,TTGGCACCGCCAAGCGATGC,0,4081851
yacCp,0.038461538461538464,25,25,TATTAGCGCGTCGCAGAGTA,0,4088559
yacCp,0.038461538461538464,25,25,TAGCGGCAATCAGCAGCTTA,0,4101773
yacCp,0.038461538461538464,25,25,TAAAACCTTTGATGGGAGCT,0,4105366
yacCp,0.038461538461538464,25,25,GTTTTCATGGAATAAGATGT,0,4107502
yacCp,0.038461538461538464,25,25,GTGCCTCCTTGCGGAGATTT,0,4090547
yacCp,0.038461538461538464,25,25,GTCCACGGTCTTTTGAGCGC,0,4109620
yacCp,0.038461538461538464,25,25,GTAATGAAATTGCTTTCTTA,0,4084293
yacCp,0.038461538461538464,25,25,GGGAAATAGCTACTGATGTC,0,4080427
yacCp,0.038461538461538464,25,25,GGCATCCCCGAGTTAGCATG,0,4102464
yacCp,0.038461538461538464,25,25,GGACTTGATGGAGCTGATAA,0,4111251
yacCp,0.038461538461538464,25,25,GCTCTCGCGGGGTAGCACCA,0,4101808
yacCp,0.038461538461538464,25,25,GACTTCCCGCTTCGAGATTC,0,4104355
yacCp,0.038461538461538464,25,25,GACGAAAACACGAACCGGCT,0,4079953
yacCp,0.038461538461538464,25,25,GACCAGCGAATTACAACATG,0,4093099
yacCp,0.038461538461538464,25,25,CTTGTTGTGTAGGATTCAGT,0,4097591
yacCp,0.038461538461538464,25,25,CTTATCTGCGATAGTCCCGA,0,4101688
yacCp,0.038461538461538464,25,25,CCGAGCACTCTAGTGCCTAT,0,4102772
yacCp,0.038461538461538464,25,25,ATCAAATCGAACTCTACCGT,0,4112046
yacCp,0.038461538461538464,25,25,AGTGACAGATTGTACATTGC,0,4086451
yacCp,0.038461538461538464,25,25,ACTGGGACTCTGTGGCAGTC,0,4090650
yacCp,0.038461538461538464,25,25,ACTCGTTCGGGTCAGTCAGT,0,4102251
yacCp,0.038461538461538464,25,25,ACAATTAACTTTGATCTCAT,0,4086830
yacCp,0.038461538461538464,25,25,AATGACTGGTAACAAGCGCA,0,4102197
yacCp,0.038461538461538464,25,25,AAACCGTAAAATCTGTTCGT,0,4084471
yacCp,0.038461538461538464,25,25,AAACAAAGAATCCGATGTCT,0,4098988
yacCp,0.04,24,24,TTAGCTGTTTGGATTGTCAA,0,4089433
yacCp,0.04,24,24,TGTGGTGCGCAGTTCCTTAC,0,4087578
yacCp,0.04,24,24,TACTAGATGCCAGCACAGCT,0,4082728
yacCp,0.04,24,24,GGAGTTCAGGGCCTGTAGCG,0,4097757
yacCp,0.04,24,24,GCTATTGGCCGCACGGTAAA,0,4106314
yacCp,0.04,24,24,GCGTGTGATGCGGCCAAGCG,0,4098172
yacCp,0.04,24,24,GCATTGTGCGCTGTACGTCA,0,4091364
yacCp,0.04,24,24,GAAGTTCTTACTGCAAGTAT,0,4083397
yacCp,0.04,24,24,CGCTCCAATGCTCTGGCAAC,0,4108115
yacCp,0.04,24,24,CGAGTTGTATCAAAAGGATG,0,4101133
yacCp,0.04,24,24,CAGCAACTAAGTTATTTTAT,0,4079458
yacCp,0.04,24,24,ATTGATATGACACGTTATGT,0,4084716
yacCp,0.04,24,24,ATCAGCGCTCGCTGGTAACT,0,4085176
yacCp,0.04,24,24,AGTTTAAATTCGCGATTGGG,0,4078946
yacCp,0.04,24,24,AGCGTCGGGTGCAGCACGTG,0,4084603
yacCp,0.04,24,24,ACTACTAAGTGCAGTGGCGT,0,4087990
yacCp,0.04,24,24,ACCACGCCGCAGCCCAATCG,0,4086390
yacCp,0.04,24,24,AAGGAGCACAAGAGTCGGAG,0,4095858
yacCp,0.041666666666666664,23,23,TTGATCCATCTCGACTCTGC,0,4096865
yacCp,0.041666666666666664,23,23,TTGACCCTAATTGCTGTGAA,0,4088596
yacCp,0.041666666666666664,23,23,TGTTGTATCTTGGACGAGAA,0,4102453
yacCp,0.041666666666666664,23,23,TGTTAAGAACTTCTCTCGTA,0,4109697
yacCp,0.041666666666666664,23,23,TGGGGTGTCAAAAAAGTTTA,0,4099812
yacCp,0.041666666666666664,23,23,TGATCACCCAGCGAGATCGA,0,4099896
yacCp,0.041666666666666664,23,23,GTCAGGAGACCTATACTCAC,0,4097391
yacCp,0.041666666666666664,23,23,GGTGATCGCGCTGTCCCACT,0,4088288
yacCp,0.041666666666666664,23,23,GGGTTCTATGCCTCCAGGGT,0,4089343
yacCp,0.041666666666666664,23,23,GCATCCCGGGCTATAACGGC,0,4109092
yacCp,0.041666666666666664,23,23,GACGTAGCGCGAAAGCAACT,0,4103447
yacCp,0.041666666666666664,23,23,GACATATGCTCAGTCCCCAC,0,4110649
yacCp,0.041666666666666664,23,23,GAACCACTGGCCCTTAGTAG,0,4087574
yacCp,0.041666666666666664,23,23,CTATTGTCTCTTCGATTCAT,0,4082388
yacCp,0.041666666666666664,23,23,CGTTTTATCTTTCCGTCCTT,0,4087158
yacCp,0.041666666666666664,23,23,CGCCTGCTAGCGAATCTAGT,0,4078711
yacCp,0.041666666666666664,23,23,CCTCTAATTATTCGATGTGG,0,4110940
yacCp,0.041666666666666664,23,23,CCGTTGAGCTTGCAATGAAG,0,4107857
yacCp,0.041666666666666664,23,23,CATTAGATTGCAGACGGACG,0,4110161
yacCp,0.041666666666666664,23,23,CACCCGCCACTGTCATCTTA,0,4086876
yacCp,0.041666666666666664,23,23,AGTTAGTAGGGAAACTTGCA,0,4080586
yacCp,0.041666666666666664,23,23,AGCCCAACGCCACAAAGGGT,0,4112005
yacCp,0.041666666666666664,23,23,AGCAATTTAGACTGGTGGAT,0,4084721
yacCp,0.041666666666666664,23,23,AGAAGTCATAGCTTTATATC,0,4078510
yacCp,0.041666666666666664,23,23,ACGAATAAGTCAGGGTTTCC,0,4101219
yacCp,0.041666666666666664,23,23,AACTTTACTAACTTGCGGTT,0,4088242
yacCp,0.043478260869565216,22,22,TTTGGTCTCACGTCTTAGTC,0,4097722
yacCp,0.043478260869565216,22,22,TTGGATTGGGTCCTGTTTCA,0,4108172
yacCp,0.043478260869565216,22,22,TTGGAATATAATCAGGCTCA,0,4090085
yacCp,0.043478260869565216,22,22,TTCTACAAATCGTGGCGGGG,0,4094643
yacCp,0.043478260869565216,22,22,TGAGTGCGCCGGATAGGACT,0,4106363
yacCp,0.043478260869565216,22,22,TCTTCATTGCGGTAGATGGT,0,4109693
yacCp,0.043478260869565216,22,22,TATTGTATAGTCTGCAGTGA,0,4082210
yacCp,0.043478260869565216,22,22,TAGCTAGATCTTTGAATCCG,0,4094514
yacCp,0.043478260869565216,22,22,TAGACGCAGGTTTCATTCAA,0,4084494
yacCp,0.043478260869565216,22,22,TAGAAACCCCTAGGCTCTAT,0,4106840
yacCp,0.043478260869565216,22,22,GTCTGGTACTAGAGGTTGTT,0,4111496
yacCp,0.043478260869565216,22,22,GGATCAGGAAGAGGTCTACT,0,4105962
yacCp,0.043478260869565216,22,22,GGAGGCGTTTCGTTTTGTAG,0,4095008
yacCp,0.043478260869565216,22,22,GCCATTGGGGAGCGTTAAGT,0,4109995
yacCp,0.043478260869565216,22,22,GCAGGTCCGAGGTGTGGATA,0,4081807
yacCp,0.043478260869565216,22,22,GAGGTGCTCCTTGACTGATC,0,4083979
yacCp,0.043478260869565216,22,22,GAATAAATCAATTTTCTGAG,0,4106070
yacCp,0.043478260869565216,22,22,GAAGGGATGGGATCGCAAGT,0,4107834
yacCp,0.043478260869565216,22,22,GAAAAAATCCCTGCGCGTTC,0,4097434
yacCp,0.043478260869565216,22,22,CTAGTACCTGCTGCACTAGG,0,4104933
yacCp,0.043478260869565216,22,22,CGGGTAATCGTACGGCGCAG,0,4099488
yacCp,0.043478260869565216,22,22,CGAGTGCCACCCTGTTAGCC,0,4082119
yacCp,0.043478260869565216,22,22,CGACCGCTGGTAAAACTCAT,0,4081762
yacCp,0.043478260869565216,22,22,CCGGGATAATGGCCAAACCT,0,4082732
yacCp,0.043478260869565216,22,22,CCGGAGGGGTCGGGCTCTAT,0,4092500
yacCp,0.043478260869565216,22,22,CACTCGCAATTGACACTCAT,0,4078409
yacCp,0.043478260869565216,22,22,CACCCCTAGTGCCACTGCCG,0,4087673
yacCp,0.043478260869565216,22,22,CAATAAAACGTTTTTGACTC,0,4092183
yacCp,0.043478260869565216,22,22,ATGGCTTATACCTGTAGAGA,0,4108928
yacCp,0.043478260869565216,22,22,ATGAAATGCGGGTGCGACAA,0,4098260
yacCp,0.043478260869565216,22,22,ATCTGCGATAGGCTCTGTGG,0,4099141
yacCp,0.043478260869565216,22,22,AGTAGTCAATGTTTGACACG,0,4102170
yacCp,0.043478260869565216,22,22,AGTAAGCGTCGGGAATCGAT,0,4108693
yacCp,0.043478260869565216,22,22,AGGCAGAACCCGCACTGCTG,0,4082588
yacCp,0.043478260869565216,22,22,AGAAAGGATATGGCGTGTGG,0,4102217
yacCp,0.043478260869565216,22,22,ACGCTATGTTTCCCCAATGA,0,4088632
yacCp,0.045454545454545456,21,21,TTTGCAGAGGGCATATGCTA,0,4092135
yacCp,0.045454545454545456,21,21,TTTGCACGGATCCGTCGGAG,0,4094311
yacCp,0.045454545454545456,21,21,TTTCATGGTATGAGTAACGA,0,4088985
yacCp,0.045454545454545456,21,21,TTTCAATTTGGTGTGAATAT,0,4109627
yacCp,0.045454545454545456,21,21,TTGTATACATATTAAGGGGG,0,4112549
yacCp,0.045454545454545456,21,21,TTGGGTTGGGATTTTACTGA,0,4086025
yacCp,0.045454545454545456,21,21,TTACGCATGACCTGCAATAC,0,4089716
yacCp,0.045454545454545456,21,21,TTACCCCGCCTATTGTTTAT,0,4084296
yacCp,0.045454545454545456,21,21,TGTACGTCTATTCTCTACAT,0,4102862
yacCp,0.045454545454545456,21,21,TGGCTCGGCCCAGAATCTGG,0,4084717
yacCp,0.045454545454545456,21,21,TGGAGATTCCATCAGCTGTG,0,4098367
yacCp,0.045454545454545456,21,21,TGCCAGGACTCCCCAGTATA,0,4106556
yacCp,0.045454545454545456,21,21,TGCCAACTAGCGTCCTGGAA,0,4087423
yacCp,0.045454545454545456,21,21,TGAAAAGCGCTCATGGCGGA,0,4084640
yacCp,0.045454545454545456,21,21,TCATGTGGTTCAGTCTGCTT,0,4094487
yacCp,0.045454545454545456,21,21,TCAGCGTTTCCAGTTGGCGA,0,4105867
yacCp,0.045454545454545456,21,21,TATCAAAGAGAACGGGGGAC,0,4082276
yacCp,0.045454545454545456,21,21,TAGATGTGTCAGAGGCAATC,0,4091673
yacCp,0.045454545454545456,21,21,TAACAGACAGTCAGGCCAGG,0,4090395
yacCp,0.045454545454545456,21,21,GTCTTTCGGTACTACCGATT,0,4085241
yacCp,0.045454545454545456,21,21,GTCAAGTTTCCCTGAAGGTT,0,4092026
yacCp,0.045454545454545456,21,21,GGGGCATCGGGTACAATGAA,0,4082058
yacCp,0.045454545454545456,21,21,GGGCCTCAGAAGATGGCGTC,0,4085769
yacCp,0.045454545454545456,21,21,GGAAGGGCTACCAAGCCGAC,0,4084458
yacCp,0.045454545454545456,21,21,GCGCGAGCGCGTCTCTGGAC,0,4103145
yacCp,0.045454545454545456,21,21,GCGCAAAGGCATTCGTCTGG,0,4100234
yacCp,0.045454545454545456,21,21,GCCTGCTGTCGTAGGGACGA,0,4086816
yacCp,0.045454545454545456,21,21,GCCCAGGAGGTCTTGGGCCA,0,4085594
yacCp,0.045454545454545456,21,21,GCCATTCACTCATGGGTTCA,0,4084145
yacCp,0.045454545454545456,21,21,GATAAGATAATCACTCCATT,0,4081856
yacCp,0.045454545454545456,21,21,CTCCCCAACCCTCCAAGTGA,0,4106115
yacCp,0.045454545454545456,21,21,CGTGAAGCAGGCTAAGAGTG,0,4086870
yacCp,0.045454545454545456,21,21,CGGTTGTCTCACAATGACAA,0,4096599
yacCp,0.045454545454545456,21,21,CGGGAGTGCGCTCTCCGGTG,0,4082924
yacCp,0.045454545454545456,21,21,CGCAGAGCTAGACGGTTGGC,0,4084814
yacCp,0.045454545454545456,21,21,CGAATGCGGCGGGTCGTGAT,0,4081951
yacCp,0.045454545454545456,21,21,CCGGAGGTGATCTAATTGGA,0,4096544
yacCp,0.045454545454545456,21,21,CCGCGGCAAGCGGACCATTT,0,4080755
yacCp,0.045454545454545456,21,21,CCCATGGGCGCATGGAGCGT,0,4099353
yacCp,0.045454545454545456,21,21,CCCAACTACTCATCGTTGAC,0,4082542
yacCp,0.045454545454545456,21,21,CCACATCGTCCCAGCGGGCT,0,4083263
yacCp,0.045454545454545456,21,21,CATCTCTAAGATTCATATCG,0,4100861
yacCp,0.045454545454545456,21,21,CAGCCCCGTGTTCGCGGGCA,0,4087343
yacCp,0.045454545454545456,21,21,CACACAGCTGGCTATGGAGC,0,4087169
yacCp,0.045454545454545456,21,21,CAAGATAGCAACGGAGCGGG,0,4083200
yacCp,0.045454545454545456,21,21,ATGCATGTTGTTGATTAATC,0,4107296
yacCp,0.045454545454545456,21,21,ATACTTTACTTTCCGAGACA,0,4112611
yacCp,0.045454545454545456,21,21,AGTATCCTGGCCTACAGGTG,0,4093673
yacCp,0.045454545454545456,21,21,AGGGTACAGTTCCGCATAGA,0,4078952
yacCp,0.045454545454545456,21,21,AGCAATCAAGGTAATGGCCA,0,4106767
yacCp,0.045454545454545456,21,21,AGAATCTAGTCCGCCGTAAA,0,4089258
yacCp,0.045454545454545456,21,21,ACTTTCGATGCGCCATATTC,0,4086005
yacCp,0.045454545454545456,21,21,ACGAAATATACCTATTTCGT,0,4099073
yacCp,0.045454545454545456,21,21,ACCTCCACCCTCTGCAATAG,0,4100662
yacCp,0.045454545454545456,21,21,AAGTTAAATTTGCGATCTGT,0,4096529
yacCp,0.045454545454545456,21,21,AACAATATTTTCAGTCGGCG,0,4080792
yacCp,0.047619047619047616,20,20,TTCTTATATGGCCGAAGTCC,0,4107235
yacCp,0.047619047619047616,20,20,TTCCTAACCATAACGTGGAG,0,4084400
yacCp,0.047619047619047616,20,20,TGTAGCGATCACAGGGATTT,0,4096903
yacCp,0.047619047619047616,20,20,TCTTTGGGTGTGGCAGTTTC,0,4095542
yacCp,0.047619047619047616,20,20,TCTGTATTGGCGGCTGTCAG,0,4085435
yacCp,0.047619047619047616,20,20,TCGGTGCCCTAGGCTAAATA,0,4081389
yacCp,0.047619047619047616,20,20,TCCTCTGGCCAGTCTTTTGG,0,4110669
yacCp,0.047619047619047616,20,20,TCCTCGGCCGTTCAACGATA,0,4091649
yacCp,0.047619047619047616,20,20,TCCGCGGATTATAGTGGGAC,0,4101752
yacCp,0.047619047619047616,20,20,TATGACAATTTTGAAAAGAG,0,4082363
yacCp,0.047619047619047616,20,20,GTTAAATCACACCTTGTGAT,0,4103192
yacCp,0.047619047619047616,20,20,GTAAGATTTGATAGAAAGGG,0,4088983
yacCp,0.047619047619047616,20,20,GTAAAATTATGCGGACACGT,0,4087253
yacCp,0.047619047619047616,20,20,GGTATATGTCACCCATCGTT,0,4105171
yacCp,0.047619047619047616,20,20,GGCTAAGGGTTAATAATACC,0,4100605
yacCp,0.047619047619047616,20,20,GCGTGTCCCTAAGAAGCAAG,0,4078533
yacCp,0.047619047619047616,20,20,GCGCGCATTAGACAGAAGCT,0,4088306
yacCp,0.047619047619047616,20,20,GCGATCGGAAGAAGCTTTCA,0,4085699
yacCp,0.047619047619047616,20,20,GCATACCCCAGGCATGAGTT,0,4080576
yacCp,0.047619047619047616,20,20,GCAGTCTTCGGTATTCGTCA,0,4098734
yacCp,0.047619047619047616,20,20,GATCACGGCCCTGGGGACAA,0,4078453
yacCp,0.047619047619047616,20,20,GAGACATGCGGTTATATAGT,0,4080515
yacCp,0.047619047619047616,20,20,GAATATTGCTGTTGCTTCTT,0,4084470
yacCp,0.047619047619047616,20,20,CTTAAGACAGCTGAAAAGAT,0,4109896
yacCp,0.047619047619047616,20,20,CGTCGGACAGGACATAGACT,0,4102642
yacCp,0.047619047619047616,20,20,CCTTGGCGATCGCGCTCCTA,0,4093260
yacCp,0.047619047619047616,20,20,CACTTTGCCGTCAATGCGCG,0,4088865
yacCp,0.047619047619047616,20,20,CACGCGCCCGCATCCGACCT,0,4085686
yacCp,0.047619047619047616,20,20,CAAGGTGACCCTCGACTGTA,0,4099020
yacCp,0.047619047619047616,20,20,ATTCCTATCACGCAGCGTCC,0,4084012
yacCp,0.047619047619047616,20,20,ATGCTAGGCGATCATCCTGG,0,4085839
yacCp,0.047619047619047616,20,20,ATGACCGTGGCGGCGGCTAC,0,4092001
yacCp,0.047619047619047616,20,20,ATCCGGCCGTGCCTGTCCTA,0,4084783
yacCp,0.047619047619047616,20,20,ATAGGCGCTATCAGCCTAGC,0,4096871
yacCp,0.047619047619047616,20,20,AGGCACCAACGTTCACCAAG,0,4084750
yacCp,0.047619047619047616,20,20,AGAACCACCTGGCCACCTCA,0,4081176
yacCp,0.047619047619047616,20,20,ACTTTCTGTGGTCACACTTT,0,4106765
yacCp,0.047619047619047616,20,20,ACGACATGCTGATAACCCCC,0,4090175
yacCp,0.047619047619047616,20,20,AAGGGGCAAACAGCAGGACC,0,4082152
yacCp,0.047619047619047616,20,20,AAATTCTCTCTCGTAGCAGC,0,4087160
yacCp,0.05,19,19,TTCTTCCTATGCAGGGGGGA,0,4105953
yacCp,0.05,19,19,TTACACCTGCGCTGGAAAGT,0,4083094
yacCp,0.05,19,19,TGTCCAGCTATTCGAACGGC,0,4094866
yacCp,0.05,19,19,TGGGATCGCCCGGGTCACTT,0,4085576
yacCp,0.05,19,19,TGGCTGCGAAAGCGTCATGT,0,4102003
yacCp,0.05,19,19,TGGATCTCATGGGCTCCCTT,0,4096704
yacCp,0.05,19,19,TGGATAGTTGAGCATTTATT,0,4093082
yacCp,0.05,19,19,TCTAAAGATAGACTTCCTAT,0,4083395
yacCp,0.05,19,19,TCGTTAGAGTTTGGAGCCAC,0,4092814
yacCp,0.05,19,19,TCGCTAGCAAGGTACTATTT,0,4080757
yacCp,0.05,19,19,TAGAGCCATCGACTACTGCA,0,4086481
yacCp,0.05,19,19,TACGAATACGATCAGCCTGG,0,4090352
yacCp,0.05,19,19,GTTTCTAACAGTGTGGGAAC,0,4105428
yacCp,0.05,19,19,GTCGAGGGGAACTACACATC,0,4095211
yacCp,0.05,19,19,GTATTGGCAGTGGGCTTTTC,0,4084125
yacCp,0.05,19,19,GTATATGAACCACACCCGTT,0,4079842
yacCp,0.05,19,19,GGTGGTCATCCGTCTGACGG,0,4092492
yacCp,0.05,19,19,GGTCAAAAGCCTAGTTCTCG,0,4079755
yacCp,0.05,19,19,GGGGGAGCACGTCACAGGGG,0,4087964
yacCp,0.05,19,19,GGGCTCCGAATGTGCAGTTA,0,4106281
yacCp,0.05,19,19,GGCGTCCAGCTCGGAACAGT,0,4098458
yacCp,0.05,19,19,GGCCTGCTTCGTGCACCGTA,0,4105651
yacCp,0.05,19,19,GGAGGGGCGATTGTGTACAG,0,4090886
yacCp,0.05,19,19,GCTGGGTTTGTCGATCTTTA,0,4097468
yacCp,0.05,19,19,GCAGCGGCCTTGTTTTAAGG,0,4112890
yacCp,0.05,19,19,GATTGTTCAACGGCTGTTAC,0,4092975
yacCp,0.05,19,19,GAACTAAAAGACTCATAGAG,0,4084602
yacCp,0.05,19,19,CTTCAGAGCAGTCTGTGCAA,0,4093196
yacCp,0.05,19,19,CTAATAGTAGATGCAGAGGA,0,4083157
yacCp,0.05,19,19,CGGGCTGAATTAGCGGGAAG,0,4093148
yacCp,0.05,19,19,CGCCGATATCGTCGTACGTT,0,4103646
yacCp,0.05,19,19,CCGTTTCCTCTATATAGATC,0,4099847
yacCp,0.05,19,19,CCATGGTTAAAATCGACAGT,0,4108494
yacCp,0.05,19,19,CCAGAGGATTCACTATGCAA,0,4088503
yacCp,0.05,19,19,CCAAGCTTTGGAAACTACGT,0,4098492
yacCp,0.05,19,19,CATACACATATAGAGGTGCA,0,4085314
yacCp,0.05,19,19,CAACGCTCGGGCGCTGCTTA,0,4104955
yacCp,0.05,19,19,ATCAATCGTGGCCGGTAGAT,0,4083104
yacCp,0.05,19,19,ATACAGGGGGAGAAGATTCG,0,4098960
yacCp,0.05,19,19,AGCTTGCGTGCCGCAGCTCT,0,4109409
yacCp,0.05,19,19,ACCCATTCGGGTCATCGCCA,0,4101685
yacCp,0.05,19,19,AATGATTATAGGTGTCAGTC,0,4101896
yacCp,0.05,19,19,AAGCGAACCCAGCTTAATAC,0,4078961
yacCp,0.05,19,19,AACAGCGTGTTGAAAGCTGC,0,4096316
yacCp,0.05,19,19,AAACAGACGAGCGCGCATCC,0,4084080
yacCp,0.05263157894736842,18,18,TTTTAAGTCGGTAGGTACAC,0,4090032
yacCp,0.05263157894736842,18,18,TTGCGTTCATGTACGTGTGC,0,4104677
yacCp,0.05263157894736842,18,18,TTCACCGATTCGAACGGTGG,0,4095220
yacCp,0.05263157894736842,18,18,TTAAACCGCGATATCTGCCG,0,4091311
yacCp,0.05263157894736842,18,18,TTAAACAGTGCCCGTAAGCA,0,4101135
yacCp,0.05263157894736842,18,18,TGTCAATTAAGATACCGGTC,0,4092768
yacCp,0.05263157894736842,18,18,TCTACCTGCTTTACGGTAGC,0,4090985
yacCp,0.05263157894736842,18,18,TCGAATCCGTTCAGGGTGAA,0,4102362
yacCp,0.05263157894736842,18,18,TCGAAGTGGAATAAGATCGG,0,4094765
yacCp,0.05263157894736842,18,18,TCCCCCAGTCTGGGGTCTCC,0,4094928
yacCp,0.05263157894736842,18,18,TCCAACGACGACGATAGGCA,0,4093452
yacCp,0.05263157894736842,18,18,TAGACCCGAAGACACAGTGT,0,4090574
yacCp,0.05263157894736842,18,18,TAATGGCGTTGGAGGCGCCC,0,4098174
yacCp,0.05263157894736842,18,18,TAAACGTCGAGGTCCGTCAT,0,4094294
yacCp,0.05263157894736842,18,18,GTTTTCAAATCGCGGGAAAG,0,4082125
yacCp,0.05263157894736842,18,18,GTGCGCGAGAAGTTCAATGA,0,4099094
yacCp,0.05263157894736842,18,18,GTGAGCGGTCACACGCTCAG,0,4108867
yacCp,0.05263157894736842,18,18,GGTATTGGCGTAACTGCCGG,0,4103913
yacCp,0.05263157894736842,18,18,GGGTGAACAGCTTTACAAAT,0,4089687
yacCp,0.05263157894736842,18,18,GGGCCGAAAAGCTAAAGCGG,0,4104550
yacCp,0.05263157894736842,18,18,GGCTGCCCCTACGCTATGGT,0,4086123
yacCp,0.05263157894736842,18,18,GGCGGAACATTTTGTAAGGT,0,4090382
yacCp,0.05263157894736842,18,18,GCGGAACTCCTTCAACTGGG,0,4085140
yacCp,0.05263157894736842,18,18,GCCCGCAGTTCATGTTTTCG,0,4101745
yacCp,0.05263157894736842,18,18,GCAGACCGCCAGTGGGCACC,0,4088002
yacCp,0.05263157894736842,18,18,GCAAGTAATCTGGCAAACGA,0,4096426
yacCp,0.05263157894736842,18,18,GACGTAGGAAAAACTGAGTC,0,4109617
yacCp,0.05263157894736842,18,18,GACCGTATTAGGGTCAACCT,0,4109015
yacCp,0.05263157894736842,18,18,GAAGTCCTACTATTAGGCTG,0,4099749
yacCp,0.05263157894736842,18,18,CTTCGAGGGCGGATTGTTTA,0,4093957
yacCp,0.05263157894736842,18,18,CTCTACGAGGCTTGGCGCGG,0,4107946
yacCp,0.05263157894736842,18,18,CTATCTCTTAACTTCTGGAC,0,4096043
yacCp,0.05263157894736842,18,18,CTACCTCTGAGGGAAACCGG,0,4101795
yacCp,0.05263157894736842,18,18,CGTCTATGGCCAGGCCGAAC,0,4086004
yacCp,0.05263157894736842,18,18,CGCGTGTAAAGGTGCCCCAT,0,4084086
yacCp,0.05263157894736842,18,18,CGCCAATAGTATCGTGAAAG,0,4094894
yacCp,0.05263157894736842,18,18,CGATGAAGCTCGCCCGGCGA,0,4103612
yacCp,0.05263157894736842,18,18,CCATCGTAGCTTTCCCCCTA,0,4101171
yacCp,0.05263157894736842,18,18,CACGGAATGGTTATTACGCT,0,4091158
yacCp,0.05263157894736842,18,18,CAAGGTCTGATCAGGTTTCA,0,4086680
yacCp,0.05263157894736842,18,18,CAACCTTGTCCGTGACGGCA,0,4079666
yacCp,0.05263157894736842,18,18,ATCACACCTAGCGCGTGGGT,0,4079622
yacCp,0.05263157894736842,18,18,AGGTTACACAGGTGCCTTAT,0,4078636
yacCp,0.05263157894736842,18,18,AGGTCGAACCAAGCGCCCTA,0,4087255
yacCp,0.05263157894736842,18,18,AGGGACCGCTCAATTGGGAT,0,4103983
yacCp,0.05263157894736842,18,18,AGGAGTATGTGTGCTTAGGT,0,4110648
yacCp,0.05263157894736842,18,18,AGATTCACATCCGGACGCTT,0,4112211
yacCp,0.05263157894736842,18,18,AGATCTATCCCCACGGCTAC,0,4094769
yacCp,0.05263157894736842,18,18,AGAAGAGTTATAGTCATAAC,0,4084386
yacCp,0.05263157894736842,18,18,ACCGCTGCCGTGATTAGCAG,0,4084961
yacCp,0.05263157894736842,18,18,AATTTAGTAGCGGATTGCAT,0,4095278
yacCp,0.05263157894736842,18,18,AAGGTATAGACCGATCGAAC,0,4096217
yacCp,0.05263157894736842,18,18,AAGATAAGACACAGCCGTTC,0,4087424
yacCp,0.05263157894736842,18,18,AAGAACGGATCATCGCAGTT,0,4097122
yacCp,0.05263157894736842,18,18,AACTACTTATGCCCTTAAAG,0,4088384
yacCp,0.05263157894736842,18,18,AACGCCTGTACGTTTGTACC,0,4111439
yacCp,0.05555555555555555,17,17,TTTTTAGGGTTATGGAAAAT,0,4096124
yacCp,0.05555555555555555,17,17,TTTAGCAGCGGCAACCTGTC,0,4091465
yacCp,0.05555555555555555,17,17,TTGTAAAGGGAGGATCTAAA,0,4111110
yacCp,0.05555555555555555,17,17,TGATCCATGAAGCGACACTC,0,4098083
yacCp,0.05555555555555555,17,17,TGAACTTGACCCTTCGATTA,0,4108874
yacCp,0.05555555555555555,17,17,TCTTACGATTGGCCGAGGTG,0,4106089
yacCp,0.05555555555555555,17,17,TCCGATGCGTTATCACCGCG,0,4096031
yacCp,0.05555555555555555,17,17,TATTAGGGTTTTTGGGGCAT,0,4092910
yacCp,0.05555555555555555,17,17,TATGAGGTCCGAGCGCCCGA,0,4083373
yacCp,0.05555555555555555,17,17,TAGGCACCACTGTGACCAGG,0,4087969
yacCp,0.05555555555555555,17,17,TAGCATTTCAAGGCCATTGG,0,4085342
yacCp,0.05555555555555555,17,17,TAATTACTGAGACGTTACCC,0,4087267
yacCp,0.05555555555555555,17,17,TAACAGATTAATTGCAGGCA,0,4092289
yacCp,0.05555555555555555,17,17,GTTGTGTATCCTGCAGAGCT,0,4094610
yacCp,0.05555555555555555,17,17,GTTGTCGTCATGTTACCGAA,0,4104140
yacCp,0.05555555555555555,17,17,GTGGTCTTCTACTCCTATTA,0,4092091
yacCp,0.05555555555555555,17,17,GTGCATTGCATCTGCTGCAA,0,4108825
yacCp,0.05555555555555555,17,17,GTCTACGTCCCTCAAGTGTT,0,4095776
yacCp,0.05555555555555555,17,17,GTACCGATCTTCCGTAGAGA,0,4080580
yacCp,0.05555555555555555,17,17,GTAATAGTGTAGGAAACTGA,0,4083614
yacCp,0.05555555555555555,17,17,GGTGATAAAAGTTCCCAGAG,0,4087595
yacCp,0.05555555555555555,17,17,GGGAGCCCTTCGCATCGTAG,0,4105402
yacCp,0.05555555555555555,17,17,GGCCAAATGTTGATGGCGGT,0,4109904
yacCp,0.05555555555555555,17,17,GGCAAATGTCACGAAGGATG,0,4103820
yacCp,0.05555555555555555,17,17,GCCCATGCTGACCTAAGTGG,0,4091402
yacCp,0.05555555555555555,17,17,GCATCATATGCTATCACCCA,0,4084689
yacCp,0.05555555555555555,17,17,GCAGGTTCGAAAAGGCCAAA,0,4096258
yacCp,0.05555555555555555,17,17,GATTAACCTTTATAGAGCCT,0,4087030
yacCp,0.05555555555555555,17,17,GATAGACAAGGCGGGAAATC,0,4107146
yacCp,0.05555555555555555,17,17,GAGAAGTATTTCCATATCTG,0,4079146
yacCp,0.05555555555555555,17,17,GAATGAGGTCACGCATGTAT,0,4089345
yacCp,0.05555555555555555,17,17,GAAACCTGCGTCATAGGGAA,0,4104370
yacCp,0.05555555555555555,17,17,CTGCTAGTCTTAACACTGGA,0,4083258
yacCp,0.05555555555555555,17,17,CTCCAAGGGAAATATCTAGG,0,4101744
yacCp,0.05555555555555555,17,17,CGTTTTGTGTGTCCCGAAAT,0,4105411
yacCp,0.05555555555555555,17,17,CGTGGTGAAACTGTGTGCTA,0,4096662
yacCp,0.05555555555555555,17,17,CGTGCTAGAAATAATGCGCC,0,4110028
yacCp,0.05555555555555555,17,17,CGCTTCAAAAGCTTTACTAA,0,4093774
yacCp,0.05555555555555555,17,17,CGCGATTCAGGGAATCATAA,0,4095514
yacCp,0.05555555555555555,17,17,CGCCATCGTGTGACTTCTAC,0,4088387
yacCp,0.05555555555555555,17,17,CCTATGACAAAGGTCTAGAT,0,4081754
yacCp,0.05555555555555555,17,17,CCGTCCGAACCTCGGGAAAT,0,4081825
yacCp,0.05555555555555555,17,17,CATGTAAGAGTCCACTCCGT,0,4097687
yacCp,0.05555555555555555,17,17,CAGAAAGGGTGCGAGTTTTT,0,4097313
yacCp,0.05555555555555555,17,17,CACGGGTAAAGCGCAGCCTA,0,4078637
yacCp,0.05555555555555555,17,17,CAAGTCGCGCGTGCTTTAGT,0,4097571
yacCp,0.05555555555555555,17,17,ATTTCGGTAAGCAAGACCCA,0,4091001
yacCp,0.05555555555555555,17,17,ATTGTAGAGTGATGTTAATT,0,4092319
yacCp,0.05555555555555555,17,17,ATTCGGCCGTTTCCGGTCAG,0,4098251
yacCp,0.05555555555555555,17,17,ATTACAAGGCATTCGCATTG,0,4091345
yacCp,0.05555555555555555,17,17,ATGTTATGTACGACGCGTGA,0,4083613
yacCp,0.05555555555555555,17,17,ATCGTGCCGTTCTTCGTAAT,0,4083731
yacCp,0.05555555555555555,17,17,ATCGGGCGTTCATCCTTGCG,0,4109101
yacCp,0.05555555555555555,17,17,ATATGGCATGTGCGAGCCTC,0,4080737
yacCp,0.05555555555555555,17,17,AGGGCTAAGGTGCGTGATAT,0,4104061
yacCp,0.05555555555555555,17,17,AGGGAGAGCGCCAGTGGCTT,0,4104484
yacCp,0.05555555555555555,17,17,AGATAACGAGGCGAGCGATG,0,4086385
yacCp,0.05555555555555555,17,17,ACCCTGGACCGGAATCTATT,0,4093076
yacCp,0.05555555555555555,17,17,ACATTAGGTGTAGCCGGAAC,0,4079070
yacCp,0.05555555555555555,17,17,AAGGGTATCGCGCAGACATA,0,4105293
yacCp,0.05555555555555555,17,17,AACCCTAATAGATGCGGCTC,0,4091365
yacCp,0.058823529411764705,16,16,TTTCGTGGTGGGTGTACAAT,0,4111471
yacCp,0.058823529411764705,16,16,TTGTCACTTCAGCAGCGTGA,0,4107698
yacCp,0.058823529411764705,16,16,TTGCTCGAGGTGGTGGTGTA,0,4093112
yacCp,0.058823529411764705,16,16,TTCGCAGCTCGGTATCACAG,0,4107814
yacCp,0.058823529411764705,16,16,TGTCATGGGACGTAGGAACC,0,4085119
yacCp,0.058823529411764705,16,16,TGGGTTGTTAGTCGCTCTGT,0,4095885
yacCp,0.058823529411764705,16,16,TGGGCAGGCTAGCGAAGTGG,0,4086358
yacCp,0.058823529411764705,16,16,TGGGATGACCGACCCTTAAA,0,4087945
yacCp,0.058823529411764705,16,16,TGCGCGGTTAAATATGGTAA,0,4109986
yacCp,0.058823529411764705,16,16,TGCCGGCCGCGTGGACAACG,0,4095956
yacCp,0.058823529411764705,16,16,TCCGTACCCCTCACTGGGCA,0,4098039
yacCp,0.058823529411764705,16,16,TCAGACTGCAGCCTAAGCTC,0,4090630
yacCp,0.058823529411764705,16,16,TACTGCTACATGTCCTTGTA,0,4103857
yacCp,0.058823529411764705,16,16,TACCAGCTGTGCACGATAGC,0,4103885
yacCp,0.058823529411764705,16,16,TAAGGTGTACAACCCATTCT,0,4088328
yacCp,0.058823529411764705,16,16,TAAGCGTCATTTTTCAGACC,0,4102400
yacCp,0.058823529411764705,16,16,GTTTGGCAGTAGCGAGCCTC,0,4087600
yacCp,0.058823529411764705,16,16,GTTCTCCATGTACAAATGCA,0,4081482
yacCp,0.058823529411764705,16,16,GTTAGCAAGCGCGCTTTACC,0,4082945
yacCp,0.058823529411764705,16,16,GTGGTGCACTAGTGGGCTTT,0,4102321
yacCp,0.058823529411764705,16,16,GTGCTAAACGGTTTCAACGT,0,4098084
yacCp,0.058823529411764705,16,16,GTCATTTCGAGACTCACATG,0,4110840
yacCp,0.058823529411764705,16,16,GTATTTGTCTATGGAAATTA,0,4083798
yacCp,0.058823529411764705,16,16,GGTTTAAGGGCCAGGGTTTT,0,4097841
yacCp,0.058823529411764705,16,16,GGTCGCGTTAGCTGGAGCGG,0,4078526
yacCp,0.058823529411764705,16,16,GGGCTTAAGGAAAGAAGAAA,0,4092090
yacCp,0.058823529411764705,16,16,GGATCCCAGGATGTTTTGCA,0,4099302
yacCp,0.058823529411764705,16,16,GGATAACTTCGCGAGCAACC,0,4091587
yacCp,0.058823529411764705,16,16,GCTGAAGAGGCAGTTACGGC,0,4102978
yacCp,0.058823529411764705,16,16,GCCGCGAGCCGACAACTTTT,0,4097405
yacCp,0.058823529411764705,16,16,GCCGATCCGCTGGCGATTCA,0,4090008
yacCp,0.058823529411764705,16,16,GCATCTCGTGGGACTGTTCG,0,4093665
yacCp,0.058823529411764705,16,16,GCATACACTCGGTGTATTCA,0,4089624
yacCp,0.058823529411764705,16,16,GACACGCTACGAGGATTGCA,0,4087571
yacCp,0.058823529411764705,16,16,GAACGATTTATCCTCGGTTT,0,4088357
yacCp,0.058823529411764705,16,16,GAAAAGCGGGAGGAAGACCT,0,4084622
yacCp,0.058823529411764705,16,16,CTTTGACTCCATGCCTATGT,0,4106557
yacCp,0.058823529411764705,16,16,CTTTCCGCGGCATATAATCG,0,4083736
yacCp,0.058823529411764705,16,16,CTTGTTGAACCGGAACGCTG,0,4105677
yacCp,0.058823529411764705,16,16,CTTGGAAGTAATCAGGGATA,0,4107725
yacCp,0.058823529411764705,16,16,CTATGGATGGAGCGCGTACT,0,4096355
yacCp,0.058823529411764705,16,16,CTATGCAAATCCACCGTATG,0,4109030
yacCp,0.058823529411764705,16,16,CTAGTGTGGTCAATGGGTCA,0,4106110
yacCp,0.058823529411764705,16,16,CGCGACCGCAACCTCTCTTG,0,4082780
yacCp,0.058823529411764705,16,16,CGCCACGGGGAGGCCGAGAT,0,4102714
yacCp,0.058823529411764705,16,16,CGATTAACAACAGGGAAATA,0,4088139
yacCp,0.058823529411764705,16,16,CGAGATTGCCGCAGGCAGAT,0,4098987
yacCp,0.058823529411764705,16,16,CGACACAACACCCCTCTGTC,0,4107982
yacCp,0.058823529411764705,16,16,CCTTGGGGGTGAGTATGTAT,0,4088860
yacCp,0.058823529411764705,16,16,CCGGGTGTAAAAGGATCCGT,0,4102440
yacCp,0.058823529411764705,16,16,CCGAGCGCTCGCCATGAATC,0,4101267
yacCp,0.058823529411764705,16,16,CCATCCGTACGAAATGATCG,0,4098070
yacCp,0.058823529411764705,16,16,CCAGGTCAGGTTTGATGGCA,0,4096707
yacCp,0.058823529411764705,16,16,CCAGGCAGTCATGATCTTCC,0,4088487
yacCp,0.058823529411764705,16,16,CACGTACCGTAAAACAAGGA,0,4106524
yacCp,0.058823529411764705,16,16,CACGCTAGCAGCTCGAAAGC,0,4083978
yacCp,0.058823529411764705,16,16,CACACAGTACGACACATGAC,0,4098269
yacCp,0.058823529411764705,16,16,ATTCATGGTGTTGGCCAGGA,0,4103050
yacCp,0.058823529411764705,16,16,ATGATAAGGGCGTGAGTAAA,0,4109190
yacCp,0.058823529411764705,16,16,ATCGCACTTTAGTGGGGTGG,0,4080713
yacCp,0.058823529411764705,16,16,ATCGACAAGGAAAGTTGGTA,0,4078717
yacCp,0.058823529411764705,16,16,ATATGTCCGACCAGTGGAGG,0,4090279
yacCp,0.058823529411764705,16,16,AGGTTTTGTCCACTGTGGTA,0,4081554
yacCp,0.058823529411764705,16,16,AGGACAGCGGGGTGTCTATA,0,4111155
yacCp,0.058823529411764705,16,16,AGAGATTTAATGTGTGCTGG,0,4096289
yacCp,0.058823529411764705,16,16,AGAAGTGACTTCGTTTGTCC,0,4079222
yacCp,0.058823529411764705,16,16,ACTCAGGTTGTCATACAAAT,0,4108921
yacCp,0.058823529411764705,16,16,ACGTGGGTTACACCGCGTAC,0,4081942
yacCp,0.058823529411764705,16,16,ACACGATCAGGACTATCCCG,0,4102753
yacCp,0.058823529411764705,16,16,ACACCAGGCTTCGCCGTCTC,0,4088506
yacCp,0.058823529411764705,16,16,ACACATTTGAGCGCAGAGGT,0,4079560
yacCp,0.058823529411764705,16,16,ACAAGGGATAAGCAACTTAC,0,4084146
yacCp,0.058823529411764705,16,16,AATTTCCCGACTAACGTCGT,0,4085627
yacCp,0.058823529411764705,16,16,AATCATTGCCATCCGGGGAT,0,4102690
yacCp,0.058823529411764705,16,16,AATAATTAATTGAAGGACGC,0,4089521
yacCp,0.058823529411764705,16,16,AAGCTTTTGCCTAGCTGAGT,0,4098394
yacCp,0.058823529411764705,16,16,AAACTAGCAACGGCCGGCTA,0,4089657
yacCp,0.058823529411764705,16,16,AAACCTCTACTGGGCCATAG,0,4096777
yacCp,0.0625,15,15,TTATACGTCTCTGTGAACTC,0,4082487
yacCp,0.0625,15,15,TTATAACATTAGGCATAAAT,0,4102441
yacCp,0.0625,15,15,TGTAGGTAAAATAAGTGTAC,0,4098013
yacCp,0.0625,15,15,TGGTTAGCGGACCACCACCA,0,4110555
yacCp,0.0625,15,15,TGGAGGATAGGGGAGGGTAT,0,4098672
yacCp,0.0625,15,15,TGCTTCGTTCTTAGTAAGCT,0,4108184
yacCp,0.0625,15,15,TCTTTCAGTTCGCTTGGTGG,0,4093039
yacCp,0.0625,15,15,TCTTCGTCAGACCCGACATT,0,4079807
yacCp,0.0625,15,15,TCGTTTACAACCCGAGTACA,0,4088368
yacCp,0.0625,15,15,TCGCTAAGCTGCCGGGACAT,0,4084126
yacCp,0.0625,15,15,TCCTCTTTTAAAATATGCAG,0,4084796
yacCp,0.0625,15,15,TCCAGTTTCCCCTCGGATTC,0,4112669
yacCp,0.0625,15,15,TCAAGTTTATCGTAGAGCGA,0,4097384
yacCp,0.0625,15,15,TATAGTCTAGACGAATGCGC,0,4104411
yacCp,0.0625,15,15,TAATTATATTGTAACGGGGA,0,4079315
yacCp,0.0625,15,15,TAAGCTACGTCCGCATGGTA,0,4082674
yacCp,0.0625,15,15,TAAACAGGATAAATACCAGT,0,4099198
yacCp,0.0625,15,15,GTTTATGAAGTAATCGTTAA,0,4109328
yacCp,0.0625,15,15,GTTAGATGAGGGCATTGTCG,0,4094222
yacCp,0.0625,15,15,GTGGATATGGTGGTTAACAT,0,4104312
yacCp,0.0625,15,15,GTGAACTCGACGAGTCCCAT,0,4088283
yacCp,0.0625,15,15,GTCCGGTTGCTGGAGATTAA,0,4094399
yacCp,0.0625,15,15,GTATACCCCGGCCGCGGGTT,0,4098509
yacCp,0.0625,15,15,GTAATAGTTTGCTTGGCTGT,0,4096489
yacCp,0.0625,15,15,GGTCGAAGCGTGCATTCCCA,0,4113026
yacCp,0.0625,15,15,GGGTTTCTGTCTGTCCGTAA,0,4081208
yacCp,0.0625,15,15,GGGGTCAATCCCAGGATCAT,0,4089013
yacCp,0.0625,15,15,GGGCAGGCGGCACCGGATGT,0,4088802
yacCp,0.0625,15,15,GGGAGGTTTGCACTCACTGT,0,4078803
yacCp,0.0625,15,15,GGGACCCACAGAGGATTATC,0,4093118
yacCp,0.0625,15,15,GCTGGATCAACTTACCCCGT,0,4078693
yacCp,0.0625,15,15,GCGGTAAGGTACGACCCAGG,0,4103122
yacCp,0.0625,15,15,GCCTAGATGAATTAACTGAG,0,4104474
yacCp,0.0625,15,15,GCATTGGCAGGTATTTCGTT,0,4087504
yacCp,0.0625,15,15,GATTGGCCAGACGGTTGGAG,0,4101465
yacCp,0.0625,15,15,GAGCCGGTCAGGAGGAACTC,0,4084701
yacCp,0.0625,15,15,GACCCATCCTTTCTGGACAC,0,4103037
yacCp,0.0625,15,15,GAAGACAACGTCCCCAGGTC,0,4092750
yacCp,0.0625,15,15,GAACGTTCAAGTGTCATAAG,0,4101810
yacCp,0.0625,15,15,GAACACCTAAGAGAAAGGGC,0,4084198
yacCp,0.0625,15,15,CTTACGGTCGTTACGCTCGT,0,4106356
yacCp,0.0625,15,15,CTTAATTCTTGTCGGGGAAT,0,4106722
yacCp,0.0625,15,15,CTTAATCAAATGATTGTCCT,0,4079086
yacCp,0.0625,15,15,CTGTTCTAGTGTCTGGAGGT,0,4085827
yacCp,0.0625,15,15,CTCCATTTTCCCCATGGTGT,0,4094625
yacCp,0.0625,15,15,CTCCACCCCACGCCTTTCCT,0,4101516
yacCp,0.0625,15,15,CTATAGTGGTTCTACCGAGT,0,4084611
yacCp,0.0625,15,15,CTAGTGCGTGCCTATTTGTA,0,4099576
yacCp,0.0625,15,15,CTAGGGATGTAGTTCCGCGT,0,4110245
yacCp,0.0625,15,15,CGTAGAGAGACCTAATGTCA,0,4112056
yacCp,0.0625,15,15,CGTAACCCAGTAGCCTTTGC,0,4098284
yacCp,0.0625,15,15,CGGGGATCGACGACTGCGTT,0,4096247
yacCp,0.0625,15,15,CGGCGTTCCATGGGCAGAGA,0,4107590
yacCp,0.0625,15,15,CGGCCACACTGACACTGAGC,0,4083360
yacCp,0.0625,15,15,CGCCTGACTGTATGACATTT,0,4090058
yacCp,0.0625,15,15,CGCCGTTCGGCTTCAGGTCA,0,4096976
yacCp,0.0625,15,15,CCTTTCGTAGCGGGGAAACC,0,4104687
yacCp,0.0625,15,15,CCGACTGGTCGTTCCATCGT,0,4094358
yacCp,0.0625,15,15,CCATTGACGGAGGTCGGGGT,0,4088638
yacCp,0.0625,15,15,CATTATATATAGATGTCAAG,0,4085847
yacCp,0.0625,15,15,CATCGAACTAGCGCTGTCCT,0,4089665
yacCp,0.0625,15,15,CAGGTGTCACGTTCTGATCC,0,4088480
yacCp,0.0625,15,15,CACTTTATTGCGCTCCTCAC,0,4089415
yacCp,0.0625,15,15,CAATGTTCGTGCACGTGACG,0,4080237
yacCp,0.0625,15,15,ATGGGATTAAAACGCGGTGA,0,4091044
yacCp,0.0625,15,15,ATGCGCGGACGCGTGATCAA,0,4083487
yacCp,0.0625,15,15,ATCCGAAGGTTCTCGAAGCG,0,4081420
yacCp,0.0625,15,15,ATAACGTAAGGGGTCTGCTC,0,4111705
yacCp,0.0625,15,15,AGCTTAGCAGGACAGGGCGA,0,4087156
yacCp,0.0625,15,15,AGCAGGGCTGGTACGGGACA,0,4110420
yacCp,0.0625,15,15,AGCAGCAGCAATACTGGAAG,0,4082987
yacCp,0.0625,15,15,AGCACCGGCGTTAGGGCACA,0,4102201
yacCp,0.0625,15,15,AGATACGACAAAACAATGTT,0,4103143
yacCp,0.0625,15,15,AGAATTACGCGGCTCTACAC,0,4089915
yacCp,0.0625,15,15,ACTGAGTGACATTGGAGTCT,0,4083066
yacCp,0.0625,15,15,ACCCAGATGAACTGCTCAGG,0,4084290
yacCp,0.0625,15,15,AAGGGAAAACAGCTTATACG,0,4095574
yacCp,0.0625,15,15,AAGGAAAGGTTAAGGCGCAA,0,4083763
yacCp,0.0625,15,15,AAATTCCGAACGAGTCTCAC,0,4090791
yacCp,0.0625,15,15,AAACAGTAATGTCGGAGGCA,0,4106554
yacCp,0.0625,15,15,AAAACTAAAAAGAGACATCT,0,4079991
yacCp,0.06666666666666667,14,14,TTTTCTGTAACAACGTTTAT,0,4098494
yacCp,0.06666666666666667,14,14,TTTTATTGGAAGGCATGTTT,0,4107497
yacCp,0.06666666666666667,14,14,TTTCAGAGCAAGGTATCGAA,0,4088938
yacCp,0.06666666666666667,14,14,TTTCAGAAAGGCGAAGCGAC,0,4096682
yacCp,0.06666666666666667,14,14,TTGCAGAGTTCCTGAAACTA,0,4079571
yacCp,0.06666666666666667,14,14,TTCTAGATATCCGTAATAGG,0,4098439
yacCp,0.06666666666666667,14,14,TTCGTAATTTTCCTCAGGGA,0,4086787
yacCp,0.06666666666666667,14,14,TGTGCACAAATACACCGACG,0,4093618
yacCp,0.06666666666666667,14,14,TGTACTATCTGGATGTTTAA,0,4096883
yacCp,0.06666666666666667,14,14,TGCCTGGGCGAGAGCCGCAT,0,4083355
yacCp,0.06666666666666667,14,14,TGCCATGGGTTCGGTAAAGA,0,4095501
yacCp,0.06666666666666667,14,14,TGCACGGTGATGTGGATATT,0,4079809
yacCp,0.06666666666666667,14,14,TGATTCACTTTTCTTTTCTG,0,4086934
yacCp,0.06666666666666667,14,14,TGATCTTCAGGGCGCCCGGC,0,4106411
yacCp,0.06666666666666667,14,14,TGATAGCAACATCGCCTAGC,0,4109153
yacCp,0.06666666666666667,14,14,TCTGAGCCTAATTTATCAAG,0,4078553
yacCp,0.06666666666666667,14,14,TCTGACACGCCCCTAAGGGC,0,4100364
yacCp,0.06666666666666667,14,14,TCGTCTTTCTCAAGAAGTTT,0,4091068
yacCp,0.06666666666666667,14,14,TCGTCAGGACCGGGCAAAAA,0,4105353
yacCp,0.06666666666666667,14,14,TCGTAAATTACGGGCTTGGG,0,4103935
yacCp,0.06666666666666667,14,14,TCGAGCGGTAAATGACACCA,0,4085288
yacCp,0.06666666666666667,14,14,TCATTGGGCAGCCTATCAAG,0,4111983
yacCp,0.06666666666666667,14,14,TCAGTTGAATATCTGTGTAA,0,4104008
yacCp,0.06666666666666667,14,14,TCAGGTTTGACAGCCACGAC,0,4085899
yacCp,0.06666666666666667,14,14,TATGGCCCAGCCGGCCTAAC,0,4083733
yacCp,0.06666666666666667,14,14,TATGGACTAATTAGAGACGA,0,4085413
yacCp,0.06666666666666667,14,14,TATGCCGGGTCTATAGGGGA,0,4093090
yacCp,0.06666666666666667,14,14,TATACCCAAATCTTACTCGC,0,4087783
yacCp,0.06666666666666667,14,14,TAGCCAGACTTCAGCGGGAT,0,4111517
yacCp,0.06666666666666667,14,14,TAGACTAGACTATTACGCGA,0,4104712
yacCp,0.06666666666666667,14,14,TACGCGCAACCGGCGGAAGT,0,4090662
yacCp,0.06666666666666667,14,14,TACACGGACCAAGCGAACTT,0,4086784
yacCp,0.06666666666666667,14,14,TACAACTCTGATGTGACAGG,0,4096293
yacCp,0.06666666666666667,14,14,TAAGCAGATATGTGTATTAC,0,4099748
yacCp,0.06666666666666667,14,14,TAACGAACCTGACCTGCCTC,0,4112406
yacCp,0.06666666666666667,14,14,GTTTCGGCGTCAGCCTTCGA,0,4094328
yacCp,0.06666666666666667,14,14,GTTCGGTGGAGAATGATTGC,0,4104415
yacCp,0.06666666666666667,14,14,GTGTCGTCCACGATGCACTA,0,4108003
yacCp,0.06666666666666667,14,14,GTGCCGCAGGAGACCAATTT,0,4081009
yacCp,0.06666666666666667,14,14,GTGAACCTCGCTGATGCTGT,0,4111171
yacCp,0.06666666666666667,14,14,GTCTAGCATCTGTTTCCGGT,0,4105522
yacCp,0.06666666666666667,14,14,GTCGGGATTTTACAACTCAG,0,4106725
yacCp,0.06666666666666667,14,14,GTCGCGCGTCCCACCCGTAT,0,4099357
yacCp,0.06666666666666667,14,14,GTCCGATTGCCTAGCCAGTA,0,4091889
yacCp,0.06666666666666667,14,14,GTCACTCGACAGGAAAGGAT,0,4095263
yacCp,0.06666666666666667,14,14,GGTTAGGGGGTTCGCATCTC,0,4104046
yacCp,0.06666666666666667,14,14,GGGGTTGAGAAAATTCCCAT,0,4098957
yacCp,0.06666666666666667,14,14,GGGAACTCCTATAAGTGTGT,0,4081212
yacCp,0.06666666666666667,14,14,GGATCCGGTTTGCCATTTCA,0,4112086
yacCp,0.06666666666666667,14,14,GGACTTAGGGTTAACTACAT,0,4095833
yacCp,0.06666666666666667,14,14,GGACCGTTTTATACCTTGCC,0,4093897
yacCp,0.06666666666666667,14,14,GGACCAGAAGGTTGCGGAAA,0,4091230
yacCp,0.06666666666666667,14,14,GCTAAATTTAAGTCGTTAGA,0,4094332
yacCp,0.06666666666666667,14,14,GCGGGCAGAGCGGGGGCACT,0,4099090
yacCp,0.06666666666666667,14,14,GCGGGAGCTAAATAATTGCT,0,4093610
yacCp,0.06666666666666667,14,14,GCGCGCTTTCCGCAGCCTAG,0,4081814
yacCp,0.06666666666666667,14,14,GCGACTAGAACCTTAGCTAA,0,4081107
yacCp,0.06666666666666667,14,14,GCCATATGGAAGAGTTTTAG,0,4110202
yacCp,0.06666666666666667,14,14,GCCAGACCAGGATTTTGACA,0,4090084
yacCp,0.06666666666666667,14,14,GCATGGAGCAGTAAAGTCAT,0,4093074
yacCp,0.06666666666666667,14,14,GCAGGTTTTCCGCTTTTTGA,0,4103063
yacCp,0.06666666666666667,14,14,GCACGGACTAGCGGGGGATA,0,4089400
yacCp,0.06666666666666667,14,14,GATTAGATACCCAAGGCTAT,0,4091925
yacCp,0.06666666666666667,14,14,GATGGTTTGGCAGTGACTAA,0,4089822
yacCp,0.06666666666666667,14,14,GATGGCGCACCCTCCCACAA,0,4104483
yacCp,0.06666666666666667,14,14,GATGACGTGTCTAACTCGGC,0,4088600
yacCp,0.06666666666666667,14,14,GATATTAATGCCACAGCCAC,0,4099566
yacCp,0.06666666666666667,14,14,GACTTGCAACGGGTCACGAT,0,4084201
yacCp,0.06666666666666667,14,14,GACAAAAGGGTGGCCATCAG,0,4080249
yacCp,0.06666666666666667,14,14,CTTTAGAAGCGTGCAAGAGC,0,4088873
yacCp,0.06666666666666667,14,14,CTTGGTGTCGGTGTAAGCCC,0,4094937
yacCp,0.06666666666666667,14,14,CTGGTTGTAGTCTTAAGGTC,0,4104693
yacCp,0.06666666666666667,14,14,CTGCTTCACGTCTGGTATCT,0,4104667
yacCp,0.06666666666666667,14,14,CTAAGATCATCTAACCTTAT,0,4109329
yacCp,0.06666666666666667,14,14,CGGACTACTCGGGCAACTTA,0,4088308
yacCp,0.06666666666666667,14,14,CGCTGGTAAGAAGAAGCCCT,0,4088707
yacCp,0.06666666666666667,14,14,CGCCTTTAGTAAAAGCTTAG,0,4082127
yacCp,0.06666666666666667,14,14,CGCAAATTAGCCACATACAA,0,4099714
yacCp,0.06666666666666667,14,14,CCTTTAAGTGCTGTCAGTTC,0,4091016
yacCp,0.06666666666666667,14,14,CCTAGACGTTATTCTCGTTC,0,4110311
yacCp,0.06666666666666667,14,14,CCCTCACTCCGAGAAGTATT,0,4087643
yacCp,0.06666666666666667,14,14,CCCGTGTCGGGTATTGAAAT,0,4089590
yacCp,0.06666666666666667,14,14,CCCGTAGTCAACTCACCAAC,0,4110090
yacCp,0.06666666666666667,14,14,CCCATGACACGTGACGTCTG,0,4083696
yacCp,0.06666666666666667,14,14,CCATAAGGGGGGGCGGATTC,0,4079487
yacCp,0.06666666666666667,14,14,CAGGAAAAATTATACAATGT,0,4107589
yacCp,0.06666666666666667,14,14,CACCCTTAGCGTGTTGTGTA,0,4105436
yacCp,0.06666666666666667,14,14,CACACTTTGGTCGTTCCATT,0,4103311
yacCp,0.06666666666666667,14,14,CAATCACGGGACGGCATTCA,0,4110627
yacCp,0.06666666666666667,14,14,CAATATTATGTTGGTGTGAT,0,4098863
yacCp,0.06666666666666667,14,14,ATTCTAAACCCGGACTAGAG,0,4079395
yacCp,0.06666666666666667,14,14,ATTAGCCGCATCAGCCATGT,0,4078876
yacCp,0.06666666666666667,14,14,ATTAAGCTCTGACCAAGATT,0,4099067
yacCp,0.06666666666666667,14,14,ATGCGAGCAGCCCGTCGATA,0,4089476
yacCp,0.06666666666666667,14,14,ATCATATGAGTGTCGTTTGA,0,4078898
yacCp,0.06666666666666667,14,14,ATAAACGGTCGGGAAAAAAA,0,4081275
yacCp,0.06666666666666667,14,14,AGTTATACTACTCGCTGTTC,0,4086682
yacCp,0.06666666666666667,14,14,AGGTACTAATGGCCATACCG,0,4088967
yacCp,0.06666666666666667,14,14,AGCTAGTTTCGGAGTTGTCG,0,4085780
yacCp,0.06666666666666667,14,14,ACTTTCGCGAATGTGCCCCC,0,4111470
yacCp,0.06666666666666667,14,14,ACTATCCGGGCTTCCAGTAC,0,4099110
yacCp,0.06666666666666667,14,14,ACGCCCGTCGGCCCGGGCAA,0,4088698
yacCp,0.06666666666666667,14,14,ACATGATGCTATAGTCAGAC,0,4101610
yacCp,0.06666666666666667,14,14,ACACGATAACGGTGCTGATG,0,4111450
yacCp,0.06666666666666667,14,14,ACAAAAGCCAGCTATGCCTC,0,4099557
yacCp,0.06666666666666667,14,14,AATATGTGGACTTATTTGAA,0,4110995
yacCp,0.06666666666666667,14,14,AAGGGCACACCCTTTCAGTT,0,4101460
yacCp,0.06666666666666667,14,14,AACATGTGAGCAGGTATAGC,0,4108022
yacCp,0.06666666666666667,14,14,AAATAGATCCCATTTTTCGT,0,4087599
yacCp,0.06666666666666667,14,14,AAAGGTACTTGTTGCTAGTG,0,4097797
yacCp,0.06666666666666667,14,14,AAAAGAAAACACGTTGTTCC,0,4092959
yacCp,0.07142857142857142,13,13,TTTCTCTGCTTGGGGTCGCT,0,4108869
yacCp,0.07142857142857142,13,13,TTGTACGGTTATACCGGGTG,0,4085317
yacCp,0.07142857142857142,13,13,TTGAACGCCTGAGTGTCCTT,0,4087021
yacCp,0.07142857142857142,13,13,TTCTCCGGATGAAAGTGCTG,0,4107966
yacCp,0.07142857142857142,13,13,TTCGTAGTGTAGACATAAAT,0,4097613
yacCp,0.07142857142857142,13,13,TTAGGCATATTGGGCGGACC,0,4087064
yacCp,0.07142857142857142,13,13,TTAAGCGTGCGGGGACGAGG,0,4103778
yacCp,0.07142857142857142,13,13,TGGTCTTAGCGAAAGATGAT,0,4082872
yacCp,0.07142857142857142,13,13,TGGCTCCTTCTATCGACTTC,0,4106024
yacCp,0.07142857142857142,13,13,TGGATCCGCTCACTTTGTCC,0,4094895
yacCp,0.07142857142857142,13,13,TGGAGGCCATACAGTGAACT,0,4091344
yacCp,0.07142857142857142,13,13,TGCTGAACGCTGAACTGGAC,0,4110421
yacCp,0.07142857142857142,13,13,TGCGGGTCTTGTCGGCATGA,0,4088366
yacCp,0.07142857142857142,13,13,TGCGCTCCGATCAGGATTCA,0,4103241
yacCp,0.07142857142857142,13,13,TGCAATATAGAATGGACATC,0,4081148
yacCp,0.07142857142857142,13,13,TGCAACACCGTTATCGAGTT,0,4094969
yacCp,0.07142857142857142,13,13,TGAGGTGAGTTGTTCATACA,0,4084532
yacCp,0.07142857142857142,13,13,TGAAAGTTACCTCGGTTCGG,0,4088535
yacCp,0.07142857142857142,13,13,TCTTGCTGTCAACCCGAGCT,0,4100267
yacCp,0.07142857142857142,13,13,TCACCCAGAGTTTACTCCTG,0,4094697
yacCp,0.07142857142857142,13,13,TCAAAAACCTAAAAAGACAT,0,4078881
yacCp,0.07142857142857142,13,13,TATGCAGAAAGCTTTGACCG,0,4098246
yacCp,0.07142857142857142,13,13,TAGCGTGGTCCAGAATTATA,0,4105209
yacCp,0.07142857142857142,13,13,TAACTCCATTTGCCAAACGG,0,4091404
yacCp,0.07142857142857142,13,13,GTTGTTTTATTTTTACTACA,0,4095515
yacCp,0.07142857142857142,13,13,GTTCGCCTAAAACAGCGAAA,0,4081037
yacCp,0.07142857142857142,13,13,GTTCCTGAGGACTAAAGACA,0,4104487
yacCp,0.07142857142857142,13,13,GTGTGAGCATACTAGGCGTC,0,4099581
yacCp,0.07142857142857142,13,13,GTGGATTGGGTAACGCTGAG,0,4085704
yacCp,0.07142857142857142,13,13,GTGCTATTAGTAAGGTTTGT,0,4093139
yacCp,0.07142857142857142,13,13,GTCCGTCCGTCTTCCAATAT,0,4079661
yacCp,0.07142857142857142,13,13,GTCCGCCTCCTACGCGGTTG,0,4094612
yacCp,0.07142857142857142,13,13,GTCACAACGTTTCAAAGTTC,0,4098462
yacCp,0.07142857142857142,13,13,GTACAGTCGTCGGAATCCAA,0,4087852
yacCp,0.07142857142857142,13,13,GGTATCACCACGTTTCTTCT,0,4100196
yacCp,0.07142857142857142,13,13,GGGGTCGTATTATGCGACAT,0,4083735
yacCp,0.07142857142857142,13,13,GGCTCGGTATTTGGACTTCA,0,4100080
yacCp,0.07142857142857142,13,13,GGCTACGCGATCGTGTCACG,0,4083756
yacCp,0.07142857142857142,13,13,GGATGTATTAGTTACTATGG,0,4090541
yacCp,0.07142857142857142,13,13,GGAACAGGTGTTTTAGCATC,0,4087468
yacCp,0.07142857142857142,13,13,GCTACTCAGACCATCACGAC,0,4104407
yacCp,0.07142857142857142,13,13,GCTACACCTACGTAATTGGA,0,4089670
yacCp,0.07142857142857142,13,13,GCGGGTCCTAGCTTCTGTAT,0,4082341
yacCp,0.07142857142857142,13,13,GCCTTCGCTCGCTGTTAAAA,0,4108377
yacCp,0.07142857142857142,13,13,GCCACCCGATTCCACAAGCA,0,4085687
yacCp,0.07142857142857142,13,13,GCATGTTCGTAAAATAACGT,0,4086298
yacCp,0.07142857142857142,13,13,GATGATGTCAGGATGCTCTG,0,4088270
yacCp,0.07142857142857142,13,13,GAGCCTGCCGGATAGTTTAA,0,4094821
yacCp,0.07142857142857142,13,13,GACCTAGAGACTCATTTATG,0,4084245
yacCp,0.07142857142857142,13,13,GAACTCGGCCGTTCGGCCAA,0,4079087
yacCp,0.07142857142857142,13,13,CTTCGTGGCGAAATGGGATC,0,4096984
yacCp,0.07142857142857142,13,13,CTTCCAATCATAAGTCGCCT,0,4105755
yacCp,0.07142857142857142,13,13,CTGGTTTGAAGGTTTTGGGG,0,4094680
yacCp,0.07142857142857142,13,13,CTGGGTACGGTGTGATGTAC,0,4105652
yacCp,0.07142857142857142,13,13,CTGGCCAGTATATGTTTCTC,0,4092507
yacCp,0.07142857142857142,13,13,CTGATCACCCGGCGATGATT,0,4102173
yacCp,0.07142857142857142,13,13,CTCCCACGGCTTCCAAAAGT,0,4093293
yacCp,0.07142857142857142,13,13,CTAGAAGTGGAATGGCTAGA,0,4078974
yacCp,0.07142857142857142,13,13,CTACCCGGGTAAGCAATACG,0,4101383
yacCp,0.07142857142857142,13,13,CGTGTAGATGTTAGGAGCCG,0,4085495
yacCp,0.07142857142857142,13,13,CGGTTTATCACACTGATACA,0,4107999
yacCp,0.07142857142857142,13,13,CGGCGAGGCCGGAACCTGCT,0,4079027
yacCp,0.07142857142857142,13,13,CGCCTCAGGCCCTAGCTGTC,0,4082393
yacCp,0.07142857142857142,13,13,CGAGCCGACACCGGTTTATG,0,4103817
yacCp,0.07142857142857142,13,13,CGAGAACACGGCCACTTTAC,0,4095348
yacCp,0.07142857142857142,13,13,CGACCACTGTCAGTCTGGAG,0,4089222
yacCp,0.07142857142857142,13,13,CGAATCTGACGCGTGAACAT,0,4085549
yacCp,0.07142857142857142,13,13,CCTCACGTTCAAACGATCTT,0,4096964
yacCp,0.07142857142857142,13,13,CCGTAATGTTAGAACTCTCA,0,4094609
yacCp,0.07142857142857142,13,13,CCGGCCTTCGGCGGCGGCAG,0,4099390
yacCp,0.07142857142857142,13,13,CCGATAAAAGGTATTAACAG,0,4081761
yacCp,0.07142857142857142,13,13,CCCGCCGAGTTATGGTACTC,0,4086113
yacCp,0.07142857142857142,13,13,CCCAGTCACACTTGGTTATC,0,4107054
yacCp,0.07142857142857142,13,13,CCAGTTGGTGATTTGCTCTA,0,4093973
yacCp,0.07142857142857142,13,13,CCACAGCTCGGGTATGGAGT,0,4092683
yacCp,0.07142857142857142,13,13,CCACAAAATCTACAGTCAAG,0,4094170
yacCp,0.07142857142857142,13,13,CCAACAAAGTGAACGAGTCC,0,4089475
yacCp,0.07142857142857142,13,13,CATTTACAAGCGGTCGTAAG,0,4081696
yacCp,0.07142857142857142,13,13,CATTGGTTCCAGGATTGAAG,0,4090678
yacCp,0.07142857142857142,13,13,CAGATTGGCTGCTAGACGGG,0,4091749
yacCp,0.07142857142857142,13,13,CAGAAGGTAGTAAATAGCTA,0,4080770
yacCp,0.07142857142857142,13,13,CACTCGGCGAGTCCGCTTAA,0,4103367
yacCp,0.07142857142857142,13,13,CACGACCTAGGTTTTCATGT,0,4107104
yacCp,0.07142857142857142,13,13,CACATAGGTGATCTTTCGGT,0,4082037
yacCp,0.07142857142857142,13,13,CAACGTCCGGGTCTACGGGG,0,4079752
yacCp,0.07142857142857142,13,13,ATTTCGTCGTGCGGAGATTA,0,4087545
yacCp,0.07142857142857142,13,13,ATGTTTAATCTCAATGACGA,0,4092027
yacCp,0.07142857142857142,13,13,ATGGCTAGTACAAGAAATTA,0,4087915
yacCp,0.07142857142857142,13,13,ATGCTGAACCGCGTCGACCC,0,4088279
yacCp,0.07142857142857142,13,13,ATGACGAGTGGATAGGTTGC,0,4079634
yacCp,0.07142857142857142,13,13,ATCGGGGGTAGAGCTCCAAA,0,4081914
yacCp,0.07142857142857142,13,13,ATCACTCAAGGAACTTAGCT,0,4099560
yacCp,0.07142857142857142,13,13,ATACCAAGGACCAGGCTCGC,0,4102807
yacCp,0.07142857142857142,13,13,AGTTATTACATTCTTGCATT,0,4078954
yacCp,0.07142857142857142,13,13,AGTGCCGGCAGTATAATATA,0,4110237
yacCp,0.07142857142857142,13,13,AGTCTAAGTACTACCATCGA,0,4086401
yacCp,0.07142857142857142,13,13,AGGTAGCACAGTGAAGGATC,0,4092256
yacCp,0.07142857142857142,13,13,AGGTACCGCGCCTCTCGCGA,0,4084089
yacCp,0.07142857142857142,13,13,AGGGGCATTGGTCTGCGTGT,0,4094404
yacCp,0.07142857142857142,13,13,AGCCTTCTGTCGAACCTCTG,0,4086591
yacCp,0.07142857142857142,13,13,AGATGCCAGACGCATTCGTA,0,4097055
yacCp,0.07142857142857142,13,13,ACTTGCAAATATTTACATAC,0,4078731
yacCp,0.07142857142857142,13,13,ACTGACCATCTTCCGACGAA,0,4104803
yacCp,0.07142857142857142,13,13,ACTGACCATAACCCACCGGA,0,4096273
yacCp,0.07142857142857142,13,13,ACTCGGGTCCAGGGTTTGGA,0,4092464
yacCp,0.07142857142857142,13,13,ACGTGTCCACCAAGTGAGGG,0,4092907
yacCp,0.07142857142857142,13,13,ACCATCTCTGTGTCGTGCTT,0,4101408
yacCp,0.07142857142857142,13,13,AATTACCAAGTGTCTGCGAT,0,4083862
yacCp,0.07142857142857142,13,13,AATGTATAATCAGCTATGTG,0,4079214
yacCp,0.07142857142857142,13,13,AATGGCTGGATCGACGGCAT,0,4082745
yacCp,0.07142857142857142,13,13,AATGGAGAGAACCTCTTGCG,0,4097151
yacCp,0.07142857142857142,13,13,AATCCGGCCAGGGGCCTAGT,0,4097522
yacCp,0.07142857142857142,13,13,AAGGGGCGAAGCGGTGAGCA,0,4089392
yacCp,0.07142857142857142,13,13,AAGCGTTAATTGCCAAGCGT,0,4111917
yacCp,0.07142857142857142,13,13,AACTGGCAAAACCAGCAAAA,0,4085768
yacCp,0.07142857142857142,13,13,AAATTTATACGGTAAAGGAA,0,4097897
yacCp,0.07142857142857142,13,13,AAAGAGCCCAGTTCACGTGG,0,4108582
yacCp,0.07142857142857142,13,13,AAAGACGGTCACGACTTGTG,0,4100078
yacCp,0.07142857142857142,13,13,AAACTATGTTGGGTTTAGGG,0,4094119
yacCp,0.07142857142857142,13,13,AAACATTGCTAACGAGTAAG,0,4082752
yacCp,0.07692307692307693,12,12,TTTGCCGTCGCAGATTCGTT,0,4092008
yacCp,0.07692307692307693,12,12,TTTCGATGGAATTAGGTAAC,0,4100133
yacCp,0.07692307692307693,12,12,TTTACCGGGGCAAACGCGTG,0,4083744
yacCp,0.07692307692307693,12,12,TTGGGGCCTTTTGGCACCAG,0,4098330
yacCp,0.07692307692307693,12,12,TTGGGACCTGAAAATCAGAT,0,4093428
yacCp,0.07692307692307693,12,12,TTGCGCGTGGTCGTGCCTGA,0,4094701
yacCp,0.07692307692307693,12,12,TTCGGTCGGGGGCCAGTGGA,0,4096760
yacCp,0.07692307692307693,12,12,TTCATACCTTTTTAGACTCC,0,4082396
yacCp,0.07692307692307693,12,12,TGGTGAATCTGGCCTAGACT,0,4109545
yacCp,0.07692307692307693,12,12,TGGAAATAGGCATGGTCGGC,0,4102544
yacCp,0.07692307692307693,12,12,TGCTGTTAGGCTCACGAGGT,0,4087786
yacCp,0.07692307692307693,12,12,TGCGTTTCACATCCACCGGC,0,4105624
yacCp,0.07692307692307693,12,12,TGCGCCCTTCCAGGTCGAGC,0,4081733
yacCp,0.07692307692307693,12,12,TGCAAACGGTGACCCCGGGT,0,4094113
yacCp,0.07692307692307693,12,12,TCTTAGTTGTCATGTAATTA,0,4082535
yacCp,0.07692307692307693,12,12,TCTCAAGGGCTCGTGGTGAA,0,4111919
yacCp,0.07692307692307693,12,12,TCGTATTTCTCGCCTTTAGT,0,4091950
yacCp,0.07692307692307693,12,12,TCGGCGCCGGTCTAAGATCC,0,4106531
yacCp,0.07692307692307693,12,12,TCGATACACCTGGGGCAAAT,0,4082113
yacCp,0.07692307692307693,12,12,TCACCAATACTATTATATTA,0,4097325
yacCp,0.07692307692307693,12,12,TAGTTGGGATCTTACCTGTG,0,4097062
yacCp,0.07692307692307693,12,12,TAGACATCTCGGCACGGGCA,0,4105929
yacCp,0.07692307692307693,12,12,TAAGGTAGATATTACAGTGT,0,4080758
yacCp,0.07692307692307693,12,12,TAACCTCGTCTAGAAAGTCA,0,4109691
yacCp,0.07692307692307693,12,12,GTGTACATTAGATTGGTAGG,0,4096977
yacCp,0.07692307692307693,12,12,GTGGGGGGACCGGCAATACG,0,4093813
yacCp,0.07692307692307693,12,12,GTCTGGTGTGTATAACCTTG,0,4089692
yacCp,0.07692307692307693,12,12,GTCGCCTCGTTGGAGTGTGG,0,4089442
yacCp,0.07692307692307693,12,12,GTATTTACACGGCTTGCTTT,0,4102956
yacCp,0.07692307692307693,12,12,GTATCGGCAAACGTCAACAC,0,4107851
yacCp,0.07692307692307693,12,12,GTAGCATCTGTTCGCCACCA,0,4093800
yacCp,0.07692307692307693,12,12,GTACATCTTCGTTGCCAGTC,0,4085309
yacCp,0.07692307692307693,12,12,GGGGGAACTCAGCTTAGTGG,0,4107427
yacCp,0.07692307692307693,12,12,GGGCTAAATGTCGCCCGTAC,0,4083671
yacCp,0.07692307692307693,12,12,GGCCTGATGATGTTCCATAC,0,4097118
yacCp,0.07692307692307693,12,12,GGATATATCGAATGGTGATA,0,4107107
yacCp,0.07692307692307693,12,12,GGACAGAAGTGTTTCCGGTC,0,4101258
yacCp,0.07692307692307693,12,12,GCTAAGAATGGAGGCCAGTT,0,4100465
yacCp,0.07692307692307693,12,12,GCGTTGTTCATTTGAGGAAT,0,4108583
yacCp,0.07692307692307693,12,12,GCGGCGCGTTGGGTTGGCGA,0,4093859
yacCp,0.07692307692307693,12,12,GCGCAGTGGTTTTAGAGAGC,0,4090001
yacCp,0.07692307692307693,12,12,GCCTGGATAGTTTACTTAAA,0,4083244
yacCp,0.07692307692307693,12,12,GCCGCAAATTCGACGGCTGA,0,4105521
yacCp,0.07692307692307693,12,12,GCCATGAGTAGTGCTGGGCG,0,4102339
yacCp,0.07692307692307693,12,12,GCAGACACCAAAGAAGCCTC,0,4079451
yacCp,0.07692307692307693,12,12,GCAATCGTAATCCAGCAGAA,0,4088228
yacCp,0.07692307692307693,12,12,GATTGTCTGCATACAAATAT,0,4105278
yacCp,0.07692307692307693,12,12,GAGCCACCAGCTCGTGAACA,0,4096809
yacCp,0.07692307692307693,12,12,GAGCAGAATGCTCGGCCTTA,0,4088447
yacCp,0.07692307692307693,12,12,GACTCTGAGAGCCGTATCAG,0,4111740
yacCp,0.07692307692307693,12,12,GACGAATTAATTCTCTGAGA,0,4105280
yacCp,0.07692307692307693,12,12,GACCAGCTCAAAGCTAGGAT,0,4085312
yacCp,0.07692307692307693,12,12,GAATTGTCCGCTAAACGTAC,0,4112021
yacCp,0.07692307692307693,12,12,GAATGGTCTACCGATGACAG,0,4085838
yacCp,0.07692307692307693,12,12,GAAGATTAGCTCTGTGGTAG,0,4079983
yacCp,0.07692307692307693,12,12,CTTCGCGTTAGTGGAGGGTA,0,4112142
yacCp,0.07692307692307693,12,12,CTTATATATGGTACGCAAAC,0,4080888
yacCp,0.07692307692307693,12,12,CTTAATGCAGGCATAGTAGT,0,4087068
yacCp,0.07692307692307693,12,12,CTGGTGCCAAGGGAATGGAA,0,4085761
yacCp,0.07692307692307693,12,12,CTGGGCTGGAACTGCGCTCA,0,4092905
yacCp,0.07692307692307693,12,12,CTCCTTGAGCATACAGTGGT,0,4088372
yacCp,0.07692307692307693,12,12,CTCCGTATAAGGCGAATAAA,0,4081033
yacCp,0.07692307692307693,12,12,CGTAACCGCTTTAGTTTAGG,0,4099128
yacCp,0.07692307692307693,12,12,CGGGCAGGCACGGAGCGGAA,0,4097351
yacCp,0.07692307692307693,12,12,CGGGAAAACTAGGCACCCTC,0,4098768
yacCp,0.07692307692307693,12,12,CGGCCACCTCGCATAGCCTC,0,4102417
yacCp,0.07692307692307693,12,12,CGGATTAAGGTGTCATGGCT,0,4090552
yacCp,0.07692307692307693,12,12,CGCGCAAGACTAATCATATA,0,4086559
yacCp,0.07692307692307693,12,12,CGCGATTCTAAATATACGGA,0,4107766
yacCp,0.07692307692307693,12,12,CGCGACCACTTCTAATGAAT,0,4110305
yacCp,0.07692307692307693,12,12,CGCCCAGGGAGCCATTGCAA,0,4108373
yacCp,0.07692307692307693,12,12,CGCAATACCGAACCACCCAG,0,4108420
yacCp,0.07692307692307693,12,12,CGAGGCCCGAAGTGAGGAGC,0,4095961
yacCp,0.07692307692307693,12,12,CGAGATCCGGTTGTGGTGCC,0,4096151
yacCp,0.07692307692307693,12,12,CGAACAGTCTTCCCCCGAAT,0,4095000
yacCp,0.07692307692307693,12,12,CCTCTCTTCGGGTTAGTCCC,0,4092252
yacCp,0.07692307692307693,12,12,CCTCGGTGTACCACTCCTTC,0,4107800
yacCp,0.07692307692307693,12,12,CCGGGTGCGAACTTGGTAGG,0,4112425
yacCp,0.07692307692307693,12,12,CCGGCTCTAGAGCAGTAACT,0,4089173
yacCp,0.07692307692307693,12,12,CCGCCCTAAAGGATCATCCC,0,4105567
yacCp,0.07692307692307693,12,12,CCGCACGGACAAAATTCCTT,0,4104076
yacCp,0.07692307692307693,12,12,CCCTCAATCCGGCCGTTATA,0,4110796
yacCp,0.07692307692307693,12,12,CCCGGCCGATGGCAGCATCA,0,4092110
yacCp,0.07692307692307693,12,12,CATGTTTCCGATCTCGTGCA,0,4089830
yacCp,0.07692307692307693,12,12,CATCAGGTCCTGTTCTATTT,0,4103774
yacCp,0.07692307692307693,12,12,CATACTAGGGGCAGCTCCGT,0,4089825
yacCp,0.07692307692307693,12,12,CACGAGACGAGCCCGACAAT,0,4087954
yacCp,0.07692307692307693,12,12,CACCAAGAAGAACTAGACGG,0,4101640
yacCp,0.07692307692307693,12,12,CACATTCCACGATGGGCGAA,0,4080512
yacCp,0.07692307692307693,12,12,CAAGTCGTGATCCGGCATAC,0,4093431
yacCp,0.07692307692307693,12,12,ATTTCTGGCAACGGGCCTTA,0,4085712
yacCp,0.07692307692307693,12,12,ATTTACAGTCAAGGAGCTTT,0,4112240
yacCp,0.07692307692307693,12,12,ATTCAGAGGGATTGGATTTA,0,4111615
yacCp,0.07692307692307693,12,12,ATGCTTCACCCCGGCTGGTT,0,4100200
yacCp,0.07692307692307693,12,12,ATGACTTAGTCCCGCAGGGT,0,4089946
yacCp,0.07692307692307693,12,12,ATCGGTGCTTTCGAACGGAG,0,4078599
yacCp,0.07692307692307693,12,12,ATATAGAGTTAGCTTACTTG,0,4080132
yacCp,0.07692307692307693,12,12,ATACGCTTCGCGCCTGGTTG,0,4098473
yacCp,0.07692307692307693,12,12,AGTGGAGCATGTCTAGATGT,0,4096904
yacCp,0.07692307692307693,12,12,AGTGAAAGCGCGTCGCAATG,0,4107010
yacCp,0.07692307692307693,12,12,AGTCTAAATTGAAGCTCGAA,0,4110771
yacCp,0.07692307692307693,12,12,AGGTTGTCAAAACCTTCATA,0,4098615
yacCp,0.07692307692307693,12,12,AGCTTGGAAAGACTGGGCGT,0,4082966
yacCp,0.07692307692307693,12,12,AGCTTCGATAGAGGAACGGG,0,4080391
yacCp,0.07692307692307693,12,12,AGCTTACGAATCGATTATAC,0,4080065
yacCp,0.07692307692307693,12,12,AGCTATCTACGATTCGTGAC,0,4101636
yacCp,0.07692307692307693,12,12,AGCCCATGAGGGGAGGCGCT,0,4093226
yacCp,0.07692307692307693,12,12,AGAGTAGTTATCCCCGGTTG,0,4098425
yacCp,0.07692307692307693,12,12,ACTGGGATATGGTTATATTC,0,4101520
yacCp,0.07692307692307693,12,12,ACGCGCCTGAGAACCGTCCT,0,4093594
yacCp,0.07692307692307693,12,12,ACCTCGTCACTTCGCTAAGA,0,4107262
yacCp,0.07692307692307693,12,12,ACCGATCGTGCGCTTGAGTC,0,4097046
yacCp,0.07692307692307693,12,12,ACCCCTGAGCCGAGGCAGAG,0,4081974
yacCp,0.07692307692307693,12,12,ACCCAAATATTGAAGGTTAG,0,4106445
yacCp,0.07692307692307693,12,12,ACCATTGACGGTCTAAAAGC,0,4106774
yacCp,0.07692307692307693,12,12,ACACTGCCGGCTCTGATTTG,0,4088058
yacCp,0.07692307692307693,12,12,ACAATACGTCAAAGACGATA,0,4093999
yacCp,0.07692307692307693,12,12,AATTCACGGGGCACGGTTTA,0,4105371
yacCp,0.07692307692307693,12,12,AATGAAATAACCTCATAGGA,0,4080063
yacCp,0.07692307692307693,12,12,AAGGGAACTCTAGGATCGAA,0,4109961
yacCp,0.07692307692307693,12,12,AACTAGCTAGTCGATGATAG,0,4109294
yacCp,0.07692307692307693,12,12,AACTAATATGACAGGGTTGA,0,4087875
yacCp,0.07692307692307693,12,12,AAAGCCTGCGATCAATGCTG,0,4099448
yacCp,0.07692307692307693,12,12,AAACCTTAGCGCAGATGATT,0,4085103
yacCp,0.08333333333333333,11,11,TTTTTCGGCGCCATTTTTAA,0,4111299
yacCp,0.08333333333333333,11,11,TTTTTCCGGGGGATGGAGAG,0,4110307
yacCp,0.08333333333333333,11,11,TTTGTCGTTGCCGGGACGAG,0,4110504
yacCp,0.08333333333333333,11,11,TTTGCCGTGGTGAGAGAAAC,0,4083926
yacCp,0.08333333333333333,11,11,TTCGGTTTCTAGGAGCGTAA,0,4100051
yacCp,0.08333333333333333,11,11,TTCAGTGCCGGTAAATTCCA,0,4090248
yacCp,0.08333333333333333,11,11,TGTCAGAATTAATTCGTTCA,0,4098115
yacCp,0.08333333333333333,11,11,TGGCCGGTGGGAGCGGTGCG,0,4091277
yacCp,0.08333333333333333,11,11,TGGAGAGACTGTGGAGCTCG,0,4081003
yacCp,0.08333333333333333,11,11,TGCGGGAGCTAGCTTAATGT,0,4079423
yacCp,0.08333333333333333,11,11,TGCCAGAACTACAGTTCCCA,0,4103326
yacCp,0.08333333333333333,11,11,TGAATCATCAAGGAGTGTAC,0,4091188
yacCp,0.08333333333333333,11,11,TCTCTCCACTTGAGGGCAAT,0,4099654
yacCp,0.08333333333333333,11,11,TCGTAGCTAATGAGTCCTGG,0,4102567
yacCp,0.08333333333333333,11,11,TCCTCGGTCAGGTCTGTGAT,0,4087153
yacCp,0.08333333333333333,11,11,TCCAGTTTACTGGCTTCTAG,0,4082370
yacCp,0.08333333333333333,11,11,TCATGCTTGCTTTCCGCCAA,0,4089131
yacCp,0.08333333333333333,11,11,TCATCACGGGCAATATCCCA,0,4084031
yacCp,0.08333333333333333,11,11,TCACAAAGGGGGGTCTGACC,0,4096030
yacCp,0.08333333333333333,11,11,TATCGCCACCAGCGGCGCGT,0,4093022
yacCp,0.08333333333333333,11,11,TACTTGGAACCGCCGCATGA,0,4093127
yacCp,0.08333333333333333,11,11,TACGCCAGTCGGCCCCAGTA,0,4102980
yacCp,0.08333333333333333,11,11,TACCATATAGGATGATGTTA,0,4091820
yacCp,0.08333333333333333,11,11,TAATGGTGAATCTACCAGCA,0,4090151
yacCp,0.08333333333333333,11,11,TAAGGCATTAGTTCGTGCAG,0,4101428
yacCp,0.08333333333333333,11,11,GTTTCGTCTGAGTGCTAAAA,0,4094626
yacCp,0.08333333333333333,11,11,GTTTCCAAGAACCAACATTT,0,4108023
yacCp,0.08333333333333333,11,11,GTTAACAGTTAGTTCTGACG,0,4089372
yacCp,0.08333333333333333,11,11,GTGCACTTTAGCTTTTCATG,0,4103977
yacCp,0.08333333333333333,11,11,GTGATGGGACTAGGTGTTGG,0,4104365
yacCp,0.08333333333333333,11,11,GTGAATGCCCGAGATGCCGT,0,4106817
yacCp,0.08333333333333333,11,11,GTCTCTACGTTGATCGTGAG,0,4083767
yacCp,0.08333333333333333,11,11,GTCGCCCAATGTTAAGCACA,0,4088641
yacCp,0.08333333333333333,11,11,GTCCGGGGTAATCATCAGAG,0,4090885
yacCp,0.08333333333333333,11,11,GTATTCCCGTGATGCGGAAA,0,4098551
yacCp,0.08333333333333333,11,11,GGTTCACCAGCGAGTTATTC,0,4083101
yacCp,0.08333333333333333,11,11,GGTAATAATGGTCCTCAGGT,0,4089462
yacCp,0.08333333333333333,11,11,GGGTTCTGCCGCCTAGGTGG,0,4109289
yacCp,0.08333333333333333,11,11,GGGGGGCCTGTGCGTTCAAT,0,4107562
yacCp,0.08333333333333333,11,11,GGGGGCTCGAGACTTCGCGT,0,4111553
yacCp,0.08333333333333333,11,11,GGGGGAAAGCAGCAAGTATA,0,4089366
yacCp,0.08333333333333333,11,11,GGGCTAACCCTCAATTCGGA,0,4105307
yacCp,0.08333333333333333,11,11,GGGATTTTGAGCTCTCTTCA,0,4082822
yacCp,0.08333333333333333,11,11,GGGATGCGGGACGAATCGGT,0,4098955
yacCp,0.08333333333333333,11,11,GGCTTTGTGATGAACGAGGG,0,4083749
yacCp,0.08333333333333333,11,11,GGCTTAAGGTGTCCCTAGAG,0,4082947
yacCp,0.08333333333333333,11,11,GGCTGGACACATGGAAGCGA,0,4099777
yacCp,0.08333333333333333,11,11,GGACGAAGAAATGTCCACAG,0,4079170
yacCp,0.08333333333333333,11,11,GGAAGGGCAATACCGACTAA,0,4085974
yacCp,0.08333333333333333,11,11,GCTCACTCGTAGCTCGGACT,0,4094494
yacCp,0.08333333333333333,11,11,GCTATTGGATTCTTCGTAGC,0,4110376
yacCp,0.08333333333333333,11,11,GCGTTATTATTAGGGGTGTA,0,4099740
yacCp,0.08333333333333333,11,11,GCGTCGAAGCATCCGGGCTC,0,4086457
yacCp,0.08333333333333333,11,11,GCGCTAGCAAGTGGAAAGAC,0,4100492
yacCp,0.08333333333333333,11,11,GCGCGTGTTAGGCCAAGGCG,0,4078643
yacCp,0.08333333333333333,11,11,GCGAGTGCAGATTAGCGACG,0,4078690
yacCp,0.08333333333333333,11,11,GCCTTGACATCAACACAGGA,0,4102178
yacCp,0.08333333333333333,11,11,GCAGCGCTGGGGGTAGCACT,0,4088960
yacCp,0.08333333333333333,11,11,GCACGTCAAGTGACACTGTA,0,4084951
yacCp,0.08333333333333333,11,11,GCACGCCGTAGGTTCGGACT,0,4090267
yacCp,0.08333333333333333,11,11,GATTATTATTTTAGCCTCAT,0,4087582
yacCp,0.08333333333333333,11,11,GATCGATGGGTTAGTAACGG,0,4097152
yacCp,0.08333333333333333,11,11,GATCACTTAGCAGAGGCCCC,0,4108070
yacCp,0.08333333333333333,11,11,GATAGCAACCAGTGGAGCCT,0,4082377
yacCp,0.08333333333333333,11,11,GAGTGAGTAGTATTAGATCG,0,4096069
yacCp,0.08333333333333333,11,11,GAGGATACCAATGGGGCGGC,0,4085754
yacCp,0.08333333333333333,11,11,GAGAAAGCAATGTAATGCAG,0,4090169
yacCp,0.08333333333333333,11,11,GACTGGTGCTCACTAGCGTG,0,4091601
yacCp,0.08333333333333333,11,11,GACTGCTCAGTAAATGCTCA,0,4104095
yacCp,0.08333333333333333,11,11,GACTATTCATAAGGAAGGGG,0,4110406
yacCp,0.08333333333333333,11,11,GAATTCACCCGATTCGCGAG,0,4106462
yacCp,0.08333333333333333,11,11,CTTACGGGCAAATCCAGGCT,0,4092341
yacCp,0.08333333333333333,11,11,CTTACACCGACCGTGGAGAT,0,4088742
yacCp,0.08333333333333333,11,11,CTGTTTGTTTGCCTGGACCA,0,4098131
yacCp,0.08333333333333333,11,11,CTGGACAACTCGCCACCATC,0,4110999
yacCp,0.08333333333333333,11,11,CTGCTCTGGAATTAGCGAGA,0,4096724
yacCp,0.08333333333333333,11,11,CTGAATGTTTGTTAAGTGCA,0,4081749
yacCp,0.08333333333333333,11,11,CTCTGATCAGGAAGCCAGTA,0,4084703
yacCp,0.08333333333333333,11,11,CTCACGGTTGGCTGCGAAAT,0,4082086
yacCp,0.08333333333333333,11,11,CTCAAGAGGAGCTTCCGATA,0,4086270
yacCp,0.08333333333333333,11,11,CGTTATTAATCGGGATTGGT,0,4102503
yacCp,0.08333333333333333,11,11,CGGCGGGGAGTTAAGGGTTA,0,4080573
yacCp,0.08333333333333333,11,11,CGGCAATGGACTACTCATAT,0,4099575
yacCp,0.08333333333333333,11,11,CGAGTTAGGCTGTATTATAG,0,4082394
yacCp,0.08333333333333333,11,11,CGACAGCACATCCCGTGGAA,0,4102613
yacCp,0.08333333333333333,11,11,CGAAGCTGCTTGGCAGGTTA,0,4098809
yacCp,0.08333333333333333,11,11,CCTCTGGGAACAGTACGTTT,0,4085223
yacCp,0.08333333333333333,11,11,CCTCGGGATGCTACAAGCCT,0,4082791
yacCp,0.08333333333333333,11,11,CCTACGGCCGTCTCGTGGCG,0,4109014
yacCp,0.08333333333333333,11,11,CCTAAGTCGGAGGTAAGGAC,0,4090837
yacCp,0.08333333333333333,11,11,CCGTCCGCAAATCGAAGACT,0,4094477
yacCp,0.08333333333333333,11,11,CCGGACATGCTGATATGGTG,0,4097802
yacCp,0.08333333333333333,11,11,CCGGAACGGTGCGTCGGAAC,0,4094239
yacCp,0.08333333333333333,11,11,CCGCGACAGCATAAAAGCGA,0,4088360
yacCp,0.08333333333333333,11,11,CCGCCCCGTACCGAACCTGA,0,4098339
yacCp,0.08333333333333333,11,11,CCGATTACCTTGCTGGTAAG,0,4084623
yacCp,0.08333333333333333,11,11,CCGATATAATGTGCTTTACC,0,4107125
yacCp,0.08333333333333333,11,11,CCGACGACCGGTAAGTAGAC,0,4095518
yacCp,0.08333333333333333,11,11,CCAACTTGTATAGGATAAGT,0,4093882
yacCp,0.08333333333333333,11,11,CATGGGGAAGTAGAGTGCTA,0,4084558
yacCp,0.08333333333333333,11,11,CATCAGGCCGCCGGCCGTCA,0,4090470
yacCp,0.08333333333333333,11,11,CATATGAACCGACCACACGT,0,4104367
yacCp,0.08333333333333333,11,11,CACGAGAGTGTTCATAAGGG,0,4088891
yacCp,0.08333333333333333,11,11,CACAAGGACGCGCCGGATGA,0,4111976
yacCp,0.08333333333333333,11,11,ATTAAACGTCTGTTCCAACT,0,4080683
yacCp,0.08333333333333333,11,11,ATGCTCTATTTGGCTATGTT,0,4098049
yacCp,0.08333333333333333,11,11,ATCGGGCCTGTCGAACTGAT,0,4082946
yacCp,0.08333333333333333,11,11,ATCCTTTAAGGCAAGGAACA,0,4085036
yacCp,0.08333333333333333,11,11,ATCCACCCTGTTTGCTTGCT,0,4088468
yacCp,0.08333333333333333,11,11,ATCACCGCTTAATAGAGGCG,0,4086640
yacCp,0.08333333333333333,11,11,ATAGCACTTAACTGGTTCTG,0,4084149
yacCp,0.08333333333333333,11,11,ATAGAGCTCTGCGGTTAGTA,0,4078396
yacCp,0.08333333333333333,11,11,ATACCATAATGGAAGGTATT,0,4089721
yacCp,0.08333333333333333,11,11,AGTTGTTGTGTCGGCCAGAC,0,4092322
yacCp,0.08333333333333333,11,11,AGTGCTGCCCAATCTATATA,0,4084316
yacCp,0.08333333333333333,11,11,AGGGTTGGGATTAGTTATGA,0,4082507
yacCp,0.08333333333333333,11,11,AGGGTGGGCTGGTATACCTT,0,4100130
yacCp,0.08333333333333333,11,11,AGGCAGCCCTCCCGAGCTTT,0,4110611
yacCp,0.08333333333333333,11,11,AGCTTATTCTGAGTGCCTCG,0,4105939
yacCp,0.08333333333333333,11,11,AGAGGGAAATTTGGTAGAGC,0,4083599
yacCp,0.08333333333333333,11,11,AGACCAGGGCCAGAACATAA,0,4098295
yacCp,0.08333333333333333,11,11,ACTTGTCTGTGACCACAGGT,0,4081216
yacCp,0.08333333333333333,11,11,ACGTGCTATGCAGACAAATT,0,4097686
yacCp,0.08333333333333333,11,11,ACGGGATTCTCCAGTGACGG,0,4079495
yacCp,0.08333333333333333,11,11,ACGGGAGAAGTTCCCGTTCT,0,4107223
yacCp,0.08333333333333333,11,11,ACGCTGACTACTAGCATGTG,0,4079128
yacCp,0.08333333333333333,11,11,ACGAGTAGTTATCAGGCACA,0,4089949
yacCp,0.08333333333333333,11,11,ACCCTGGCATTCGGCGCCCA,0,4081708
yacCp,0.08333333333333333,11,11,AATTTTCACGCTACCCGTTA,0,4101775
yacCp,0.08333333333333333,11,11,AATGGCGGTGGCGACACCGG,0,4101586
yacCp,0.08333333333333333,11,11,AATGAAACTGATCTATGCCT,0,4100604
yacCp,0.08333333333333333,11,11,AATCCTGAATTGCACAAACA,0,4092960
yacCp,0.08333333333333333,11,11,AAGTGACCGTAGCACCCTGT,0,4101259
yacCp,0.08333333333333333,11,11,AAGCCTCCGGGTAACTCGCT,0,4092562
yacCp,0.08333333333333333,11,11,AAGCATCTTCTGTCTATATT,0,4112120
yacCp,0.08333333333333333,11,11,AAGATAGGTGGTACGGCGAT,0,4079464
yacCp,0.08333333333333333,11,11,AAGAGGGCGTAAAACAAAGG,0,4100210
yacCp,0.08333333333333333,11,11,AAGAGAATTGCATTTGACAA,0,4105142
yacCp,0.08333333333333333,11,11,AAGACCAGCGTTGCTTGTAT,0,4081270
yacCp,0.08333333333333333,11,11,AAGAACTCCAGTCAGGATTA,0,4091506
yacCp,0.08333333333333333,11,11,AACGCCTACCACACTAACAT,0,4079052
yacCp,0.08333333333333333,11,11,AACGAGCCAGCCAATGGAGA,0,4087003
yacCp,0.08333333333333333,11,11,AACCGATAGCCGAAAAACAT,0,4102320
yacCp,0.08333333333333333,11,11,AACATTTAGACATGGGCTGA,0,4096250
yacCp,0.08333333333333333,11,11,AAACTCGTACCCTTAATAGT,0,4086267
yacCp,0.09090909090909091,10,10,TTTTGTACGGTGTATCCAGT,0,4108196
yacCp,0.09090909090909091,10,10,TTTCCGTCTTGCTCTTGGGT,0,4078379
yacCp,0.09090909090909091,10,10,TTGTGTGGGCGTAAAATATT,0,4098982
yacCp,0.09090909090909091,10,10,TTGATCACACGTAAGGGGTG,0,4105610
yacCp,0.09090909090909091,10,10,TTGAGTGTTTATGTATGCTA,0,4091361
yacCp,0.09090909090909091,10,10,TTGAAAGACATCACGCCTTA,0,4110029
yacCp,0.09090909090909091,10,10,TTCTTCTCCAAGCTCGTTAG,0,4086386
yacCp,0.09090909090909091,10,10,TTCGACTGTTCCGGCTTATT,0,4095836
yacCp,0.09090909090909091,10,10,TTCCAGGACCGGACTAGGAC,0,4110980
yacCp,0.09090909090909091,10,10,TTCCACATTGAGCCTTGGCC,0,4097373
yacCp,0.09090909090909091,10,10,TTATGTGAGCACGGGATTTT,0,4082326
yacCp,0.09090909090909091,10,10,TTATACCAAGCGAAATCAAC,0,4099235
yacCp,0.09090909090909091,10,10,TTACCGATTTAACGACAACT,0,4085941
yacCp,0.09090909090909091,10,10,TTACAGCTACGCGAGATAGT,0,4109826
yacCp,0.09090909090909091,10,10,TGTTAGCGGGTTTGCAACAT,0,4089129
yacCp,0.09090909090909091,10,10,TGTAACGGCTTTTTAACGCT,0,4097727
yacCp,0.09090909090909091,10,10,TGGGCTTATGTAAACTAACC,0,4088792
yacCp,0.09090909090909091,10,10,TGGGCCCGCAAAGCTATTGT,0,4089100
yacCp,0.09090909090909091,10,10,TGGCTGCCACCCGACTTAAG,0,4102785
yacCp,0.09090909090909091,10,10,TGGCCTGACCGTCATCGCGG,0,4100129
yacCp,0.09090909090909091,10,10,TGGAAGGGAGCCGAGTGGAT,0,4099583
yacCp,0.09090909090909091,10,10,TGCTGTAGCCCAACGACCAA,0,4090018
yacCp,0.09090909090909091,10,10,TGCCCCTGCCGACATAGTCA,0,4080469
yacCp,0.09090909090909091,10,10,TGAGACTATATATAGCTGAT,0,4101361
yacCp,0.09090909090909091,10,10,TCGTTATTGCGCACTCTGGG,0,4087037
yacCp,0.09090909090909091,10,10,TCGTTATATTAACCCGCAAC,0,4091065
yacCp,0.09090909090909091,10,10,TCGGTATAAAGTGAACTGCT,0,4090548
yacCp,0.09090909090909091,10,10,TCGCAACCAAAGTGGAACAT,0,4097859
yacCp,0.09090909090909091,10,10,TCCTACCATACGGCCGTCCA,0,4086440
yacCp,0.09090909090909091,10,10,TCCGGTTAACAACGACCGGA,0,4109723
yacCp,0.09090909090909091,10,10,TCCGGTGGTTAGTTCCGGAT,0,4095640
yacCp,0.09090909090909091,10,10,TCCCGTGGGACAGCGAGACC,0,4103413
yacCp,0.09090909090909091,10,10,TCCCCTTTAACGGATGCATA,0,4093545
yacCp,0.09090909090909091,10,10,TCAGTAGTCCCCGGTGGGTA,0,4105430
yacCp,0.09090909090909091,10,10,TCAGGCTTTCGGCTACCCGT,0,4096565
yacCp,0.09090909090909091,10,10,TCAGCGCTAAAGACAACCCA,0,4105443
yacCp,0.09090909090909091,10,10,TCAGCAATTACGTACGTTTA,0,4104431
yacCp,0.09090909090909091,10,10,TCACCTGCATGTATCACTCA,0,4108049
yacCp,0.09090909090909091,10,10,TCACAACGGCGCTGTTAGCA,0,4086569
yacCp,0.09090909090909091,10,10,TCAAAACAGATTGCATGTAG,0,4082321
yacCp,0.09090909090909091,10,10,TATAGCACGAGTCACTGCTG,0,4082544
yacCp,0.09090909090909091,10,10,TACTGCTGGGGTCCCAATAG,0,4083894
yacCp,0.09090909090909091,10,10,TACGCCCTTGTTTCCACAAG,0,4108797
yacCp,0.09090909090909091,10,10,TACGACTTGGGTCATAAACC,0,4091332
yacCp,0.09090909090909091,10,10,TAAAGCATGACTTGCCGTTA,0,4081108
yacCp,0.09090909090909091,10,10,GTTTTGCGGCCAGTGTAAAG,0,4108855
yacCp,0.09090909090909091,10,10,GTTTTAGCGGACACGGAGAT,0,4082744
yacCp,0.09090909090909091,10,10,GTTGGGGTACCCTTCCCCGG,0,4088475
yacCp,0.09090909090909091,10,10,GTTCAAGTGACTGGATCGCA,0,4102367
yacCp,0.09090909090909091,10,10,GTTATTTAACAATAGACAAT,0,4095965
yacCp,0.09090909090909091,10,10,GTGTCGTTCAGGTGGCAGTG,0,4091719
yacCp,0.09090909090909091,10,10,GTGAGCCATAGGCGTATTGT,0,4105656
yacCp,0.09090909090909091,10,10,GTCGATAATTTCCGGTCCGG,0,4084405
yacCp,0.09090909090909091,10,10,GTCGAGGGCCATAATAGCAG,0,4100978
yacCp,0.09090909090909091,10,10,GTATGACTGGAAAGAATCGT,0,4103867
yacCp,0.09090909090909091,10,10,GTAGTTCATCCGAACACATG,0,4084200
yacCp,0.09090909090909091,10,10,GTAATTGCGAGGGCTACCGA,0,4102198
yacCp,0.09090909090909091,10,10,GTAACGTGTCCTTAGGAAGC,0,4100342
yacCp,0.09090909090909091,10,10,GGTCACGAAGGCCATTTTGA,0,4093851
yacCp,0.09090909090909091,10,10,GGTAGAATGTGGCTCCATAC,0,4096764
yacCp,0.09090909090909091,10,10,GGGATCAATCGAGGACTGCT,0,4098314
yacCp,0.09090909090909091,10,10,GGCACTCCGTTGGGTAGCAA,0,4102196
yacCp,0.09090909090909091,10,10,GGAATTCAGATTTCCGGTGT,0,4086462
yacCp,0.09090909090909091,10,10,GCTGGTGACCCAAAGAGTTT,0,4096571
yacCp,0.09090909090909091,10,10,GCTGGGGGAACAGTAGCATC,0,4081546
yacCp,0.09090909090909091,10,10,GCTGAGTCGTTCGAGGTATG,0,4106489
yacCp,0.09090909090909091,10,10,GCGTTACTACCACTTCTCTT,0,4081433
yacCp,0.09090909090909091,10,10,GCGTCTTGCGCACGCTCCCA,0,4087157
yacCp,0.09090909090909091,10,10,GCGGGCAAGTAATAGAATAA,0,4088263
yacCp,0.09090909090909091,10,10,GCGCGATCATAGGCCTTAAC,0,4100931
yacCp,0.09090909090909091,10,10,GCGCCGGTAGACTGAAGCAA,0,4082283
yacCp,0.09090909090909091,10,10,GCGCCCCCCCGATCTGGAGC,0,4085031
yacCp,0.09090909090909091,10,10,GCCGTCTTAAATCCCGCTGA,0,4091167
yacCp,0.09090909090909091,10,10,GCCGCATAGTCATGTGTAGT,0,4101753
yacCp,0.09090909090909091,10,10,GCCCGGCGGATTCTAGCAGG,0,4106169
yacCp,0.09090909090909091,10,10,GCCCGGCGATTCCTTTCGAT,0,4103226
yacCp,0.09090909090909091,10,10,GCCACCCCGGAACTAAATAA,0,4103929
yacCp,0.09090909090909091,10,10,GCATATGAAATGAACGGACT,0,4090798
yacCp,0.09090909090909091,10,10,GCAGTGATGTGAGGCGGGGC,0,4078665
yacCp,0.09090909090909091,10,10,GCAGCATGAGCACTATACAA,0,4098144
yacCp,0.09090909090909091,10,10,GCACCTGTACGGGCAGTCGC,0,4092349
yacCp,0.09090909090909091,10,10,GCAAAAAGTCCCATAGTTGC,0,4110924
yacCp,0.09090909090909091,10,10,GATGGCGCCACTAGATGTGA,0,4100967
yacCp,0.09090909090909091,10,10,GATCGCTGCTCGACAAAACT,0,4110828
yacCp,0.09090909090909091,10,10,GATCGAAGCCAGTCTCACTA,0,4103120
yacCp,0.09090909090909091,10,10,GATCCAGGGAGCTGCCACCT,0,4092712
yacCp,0.09090909090909091,10,10,GAGTGCTAATACGCGCTATT,0,4099164
yacCp,0.09090909090909091,10,10,GAGGATCGCAGACCTGGTCG,0,4079419
yacCp,0.09090909090909091,10,10,GAGCTGGGGGTCTCTAAAGG,0,4099924
yacCp,0.09090909090909091,10,10,GAGCCAGTGCGTGGTCAAAC,0,4101571
yacCp,0.09090909090909091,10,10,GAGAACTCCTGGAATCAGTA,0,4104233
yacCp,0.09090909090909091,10,10,GACTTCGCGAGGACGTGGAA,0,4110338
yacCp,0.09090909090909091,10,10,GACGTTGAGCTCTCCAGGAA,0,4110620
yacCp,0.09090909090909091,10,10,GACCTTGTTCGAAATTGCGG,0,4086105
yacCp,0.09090909090909091,10,10,GACACATTGGGTACTGAAGC,0,4079114
yacCp,0.09090909090909091,10,10,CTTTACCTTCCACTATTGAA,0,4105583
yacCp,0.09090909090909091,10,10,CTGTTGCCAACAGTAAGGGG,0,4109485
yacCp,0.09090909090909091,10,10,CTGCCTCTACTAATGGAATG,0,4079924
yacCp,0.09090909090909091,10,10,CTGAATTTTTTAGGGCTGCA,0,4087460
yacCp,0.09090909090909091,10,10,CTGAAAAGCAACTTAGGCTT,0,4083511
yacCp,0.09090909090909091,10,10,CTCTCTACGTACCTAGCAGT,0,4105907
yacCp,0.09090909090909091,10,10,CTATTTAAAGAGACTTTGAG,0,4092571
yacCp,0.09090909090909091,10,10,CTATTAGTTACCCGAGTAGC,0,4096005
yacCp,0.09090909090909091,10,10,CGTTTCTTATGCAAATGTGT,0,4082709
yacCp,0.09090909090909091,10,10,CGTACAGGGGCCTACAGGAC,0,4098554
yacCp,0.09090909090909091,10,10,CGGAAAGCGACGCTCAGCGT,0,4094880
yacCp,0.09090909090909091,10,10,CGCTCCGAAATACGGAGGCT,0,4105510
yacCp,0.09090909090909091,10,10,CGCTAGTTAATTAGTCTTAG,0,4105744
yacCp,0.09090909090909091,10,10,CGCACTTGTCAGAGCAAGGC,0,4092803
yacCp,0.09090909090909091,10,10,CGAAGGGCGTATGCGCGTTT,0,4103795
yacCp,0.09090909090909091,10,10,CGAACTTATGGAGAATATGG,0,4106797
yacCp,0.09090909090909091,10,10,CCTTTCACGATGTGTCGCAG,0,4105299
yacCp,0.09090909090909091,10,10,CCGTTAAGGACGCACATTCA,0,4099010
yacCp,0.09090909090909091,10,10,CCGGTTGCATGTTATAAGTC,0,4079892
yacCp,0.09090909090909091,10,10,CCGGAAGAACGCAATCGCGT,0,4100430
yacCp,0.09090909090909091,10,10,CCCTTGTAGTGGCAACCAAA,0,4108709
yacCp,0.09090909090909091,10,10,CCCCTCTCGAATCGGCACGA,0,4098301
yacCp,0.09090909090909091,10,10,CCCCCCCTATAATGGCCCCA,0,4084557
yacCp,0.09090909090909091,10,10,CCAGTACAGTGAGCCGTATA,0,4085161
yacCp,0.09090909090909091,10,10,CATTTCGCTACATTTTGGGT,0,4087655
yacCp,0.09090909090909091,10,10,CATGTGGCGTGACTTATCAA,0,4088782
yacCp,0.09090909090909091,10,10,CATGGATCGTACTTAACTTT,0,4103221
yacCp,0.09090909090909091,10,10,CAGGACGCGTTGCCGGCATT,0,4087043
yacCp,0.09090909090909091,10,10,CAGCGTCGAGAGTAAAGTAT,0,4083171
yacCp,0.09090909090909091,10,10,CAGACGCGGCCTTTCTCCTA,0,4089627
yacCp,0.09090909090909091,10,10,CAGAAGGTCAGTGAGTCCAT,0,4087304
yacCp,0.09090909090909091,10,10,CACGGATTTAGTCTCTACAA,0,4096656
yacCp,0.09090909090909091,10,10,CACAAGAGCCTCTCAACCCC,0,4084212
yacCp,0.09090909090909091,10,10,CAATTTAGGGGGATTCGCTC,0,4083986
yacCp,0.09090909090909091,10,10,CAAGGATTGGCTTTCACTGT,0,4096681
yacCp,0.09090909090909091,10,10,CAACTTACGCCACATGCGCT,0,4093609
yacCp,0.09090909090909091,10,10,CAACAGTAATGCCTATAATG,0,4100707
yacCp,0.09090909090909091,10,10,ATTTACTTTTAAATGCTTGT,0,4103196
yacCp,0.09090909090909091,10,10,ATTGCCTGTCTTTTACGTGC,0,4107773
yacCp,0.09090909090909091,10,10,ATTCTGCCCTCGTTGAAGCA,0,4082209
yacCp,0.09090909090909091,10,10,ATTCAAAGCCAAGTGCGACT,0,4101968
yacCp,0.09090909090909091,10,10,ATTAGGGCTGTCAGTTACTC,0,4096050
yacCp,0.09090909090909091,10,10,ATGTCGTACCGCATGTGGGG,0,4086730
yacCp,0.09090909090909091,10,10,ATGACTAGCTTAGCAAGGGG,0,4108955
yacCp,0.09090909090909091,10,10,ATAGTAGGGCTACGTTGCGA,0,4111951
yacCp,0.09090909090909091,10,10,ATACTAACCTTACTACCATG,0,4084199
yacCp,0.09090909090909091,10,10,ATACCCAGAAAGTGCCAGAG,0,4090699
yacCp,0.09090909090909091,10,10,AGTGATTAGAAAAAGGGCGT,0,4081757
yacCp,0.09090909090909091,10,10,AGTAGCACGTCCGTCAGAGA,0,4082509
yacCp,0.09090909090909091,10,10,AGGGCTTGGCCGTGATTCTA,0,4094115
yacCp,0.09090909090909091,10,10,AGGGAGAGGGATTGCTCCAC,0,4109880
yacCp,0.09090909090909091,10,10,AGGCCCCGTATCGACGCCCT,0,4094086
yacCp,0.09090909090909091,10,10,AGGAGGGGAACGCCCTTGTA,0,4102787
yacCp,0.09090909090909091,10,10,AGCGTGGACCAATTAGGAGG,0,4084626
yacCp,0.09090909090909091,10,10,AGCGACTCTAGAGGTGTGAC,0,4095828
yacCp,0.09090909090909091,10,10,AGCCCAACGGTAATAGTTCC,0,4111453
yacCp,0.09090909090909091,10,10,AGCACATTTCCAACGAGGCA,0,4102450
yacCp,0.09090909090909091,10,10,AGATCTAGCTGGCCATTAAG,0,4106686
yacCp,0.09090909090909091,10,10,AGATCGCGCACTATGCACTA,0,4111528
yacCp,0.09090909090909091,10,10,ACTTTTGTGATAAGTTCACA,0,4104187
yacCp,0.09090909090909091,10,10,ACGTCGTTGTTCTATTAATA,0,4078708
yacCp,0.09090909090909091,10,10,ACGTCGTAAGACCCGCACAC,0,4095772
yacCp,0.09090909090909091,10,10,ACGGCCACATGTCGGCTGGA,0,4091695
yacCp,0.09090909090909091,10,10,ACGGCAAATCTGACCCGATA,0,4090230
yacCp,0.09090909090909091,10,10,ACGGAGACTTTCTCCAAGGC,0,4100326
yacCp,0.09090909090909091,10,10,ACGAAAGGTCGTTGTTGGAC,0,4097710
yacCp,0.09090909090909091,10,10,ACCTTGAATAGAAGGACGCA,0,4085498
yacCp,0.09090909090909091,10,10,ACCTAAAATGATGTATATTT,0,4111516
yacCp,0.09090909090909091,10,10,ACCGGACGGTTGCTACGGGT,0,4108442
yacCp,0.09090909090909091,10,10,ACAGGATCACTAGCATGGCT,0,4095541
yacCp,0.09090909090909091,10,10,ACAAGGCCCATTCCATGTGG,0,4099129
yacCp,0.09090909090909091,10,10,AATGCTCTTGGTAGTATGAG,0,4097306
yacCp,0.09090909090909091,10,10,AAGTATTGTGTTGGCGTAGT,0,4093583
yacCp,0.09090909090909091,10,10,AAGTAGAGAATCGCGCGGCA,0,4101874
yacCp,0.09090909090909091,10,10,AAGGGTCGCTCTTGTCCTGG,0,4085138
yacCp,0.09090909090909091,10,10,AAGCTTTTTGAAGCATTTTG,0,4098346
yacCp,0.09090909090909091,10,10,AACTATCTCTGGCCACTGCA,0,4084190
yacCp,0.09090909090909091,10,10,AACGACAAAGCCTAATGATA,0,4096659
yacCp,0.09090909090909091,10,10,AAAGTGTATTTAAACACTTA,0,4087721
yacCp,0.09090909090909091,10,10,AAACGTTGCCCGTCCGGTCC,0,4112672
yacCp,0.09090909090909091,10,10,AAACAGCATAAGGTAGGGGG,0,4111826
yacCp,0.09090909090909091,10,10,AAAAGGGACTTAGTGTGTTT,0,4083383
yacCp,0.1,9,9,TTTTGACTGTCATGGTTACA,0,4090351
yacCp,0.1,9,9,TTTTCAAAGTGTAGGGACGT,0,4099703
yacCp,0.1,9,9,TTTGTTTAAAGTTATGCTTA,0,4111146
yacCp,0.1,9,9,TTTGCACCGGAGGCGGCAGC,0,4105138
yacCp,0.1,9,9,TTTCATATAAATTGGGTAAG,0,4103690
yacCp,0.1,9,9,TTTATCACCCTAGATTCAGA,0,4103282
yacCp,0.1,9,9,TTTAGATTACACGGCGTAAG,0,4099388
yacCp,0.1,9,9,TTGTACTACTTAGTCTCAGA,0,4091659
yacCp,0.1,9,9,TTGCTCAAATAACTCGTCTA,0,4088327
yacCp,0.1,9,9,TTATCCGTTCGTACCCGGGG,0,4107599
yacCp,0.1,9,9,TTATCCAGAGTTTGAATAAT,0,4111996
yacCp,0.1,9,9,TTACGGCTTGGCATCGCACT,0,4099446
yacCp,0.1,9,9,TGTTCGCAGCACTTGTGCGC,0,4105613
yacCp,0.1,9,9,TGTTCAAAACGTATTCCATT,0,4106710
yacCp,0.1,9,9,TGTGGCCTCTTGTGGATTCC,0,4087507
yacCp,0.1,9,9,TGTGCGCAAGCCTCCAACCT,0,4078406
yacCp,0.1,9,9,TGTGATGCCAAGCCAGGTCA,0,4087714
yacCp,0.1,9,9,TGTCGTTGTTGGGATAGGTG,0,4081077
yacCp,0.1,9,9,TGTAGGCGGCTTATACTAGC,0,4081105
yacCp,0.1,9,9,TGGTTTGATGACTGTCTGGT,0,4101434
yacCp,0.1,9,9,TGGTTGCTAGTCCGTGGAGT,0,4093949
yacCp,0.1,9,9,TGGTCCGTGTAAACGCACGA,0,4086829
yacCp,0.1,9,9,TGGGAGTAGGGCAACAAATA,0,4093611
yacCp,0.1,9,9,TGGGAGGGTCCTATTACACT,0,4085969
yacCp,0.1,9,9,TGCTATCAGCAACGATACGA,0,4098573
yacCp,0.1,9,9,TGCGCCTCGCTTAGCGAACG,0,4103163
yacCp,0.1,9,9,TGCGAGCCCACCTGAAAGCC,0,4089438
yacCp,0.1,9,9,TGCCCTTCGCTGGTGTCGCC,0,4109621
yacCp,0.1,9,9,TGCCCTGCAGTGACTGTAGA,0,4100536
yacCp,0.1,9,9,TGCCCGGAAGCTACCAATCT,0,4100652
yacCp,0.1,9,9,TGCCCCCTCTCTGCCCGTGA,0,4110926
yacCp,0.1,9,9,TGCAGGTCTCGAATTCGCCC,0,4089033
yacCp,0.1,9,9,TGATGGCAAGCAGAAAGTTC,0,4088871
yacCp,0.1,9,9,TGATGACGATGTGACCGCTT,0,4081377
yacCp,0.1,9,9,TGAAAAGGGACACAAGTCCC,0,4098876
yacCp,0.1,9,9,TCTTGTTGCCTGCTACCTTG,0,4085855
yacCp,0.1,9,9,TCTGTTCGCGTGTTCAACGG,0,4088359
yacCp,0.1,9,9,TCTGCTACGATAGTCAGTGT,0,4082186
yacCp,0.1,9,9,TCTGCCATTATCCGTCGGGA,0,4080640
yacCp,0.1,9,9,TCTGATAGCTTAGTTACGGT,0,4090022
yacCp,0.1,9,9,TCTCGCGTCCCGTTTCGCAG,0,4083802
yacCp,0.1,9,9,TCTAACCACTGGGTGTTAAA,0,4102297
yacCp,0.1,9,9,TCGTTCGTTTAAACTTATGA,0,4108624
yacCp,0.1,9,9,TCGTCTAGGACTCAACCGGA,0,4078412
yacCp,0.1,9,9,TCGAACTTGTTGGACTATGG,0,4081797
yacCp,0.1,9,9,TCCGTACGGCTAAGTTAAAG,0,4081798
yacCp,0.1,9,9,TCCGGCACCAACCCAGGCCA,0,4089697
yacCp,0.1,9,9,TCCAAGATTGGTCCAGCAAC,0,4111128
yacCp,0.1,9,9,TCATGGACGAAGACACTGCT,0,4080707
yacCp,0.1,9,9,TCATCCAGTGATGTAGATTA,0,4083554
yacCp,0.1,9,9,TCAGATTCCATTATGGCAAG,0,4091197
yacCp,0.1,9,9,TCACGACAGCGGAGGTCCGA,0,4100999
yacCp,0.1,9,9,TATTTATAGTAGTTCCTGAC,0,4106507
yacCp,0.1,9,9,TATCAGAGCGCCGCTGGAGA,0,4098769
yacCp,0.1,9,9,TATATTACATATAACACAGA,0,4111977
yacCp,0.1,9,9,TATAGTAGGCAGGATGGACG,0,4100941
yacCp,0.1,9,9,TATAAGGCCGTCCAGGAGAT,0,4103178
yacCp,0.1,9,9,TAGGCAGTCTGCTGATTGTA,0,4083509
yacCp,0.1,9,9,TAGACGTAGTCGAAGCACCT,0,4083266
yacCp,0.1,9,9,TAGAAATGCAGATATTCTAC,0,4103802
yacCp,0.1,9,9,TACGGTCCACTAGCAAAGAG,0,4078937
yacCp,0.1,9,9,TACGGGTACGAAGTGATGTA,0,4087548
yacCp,0.1,9,9,TACATGTAGATTATGATTGC,0,4107263
yacCp,0.1,9,9,TACAAGCGGCTCGCATTCAT,0,4100205
yacCp,0.1,9,9,TAATAGGGTACATCGGTGTT,0,4111350
yacCp,0.1,9,9,TAAGGTGCCACGGCTAGTAA,0,4087022
yacCp,0.1,9,9,GTTTGAAGCGGTCCAACAGG,0,4085575
yacCp,0.1,9,9,GTTTCCGGCATAACATACGC,0,4110974
yacCp,0.1,9,9,GTTTAGCTTTCGTAGTGTTC,0,4109935
yacCp,0.1,9,9,GTTGGGGTCCATAATTTGCG,0,4083890
yacCp,0.1,9,9,GTTCGTGGAGGTTTATCTGG,0,4107717
yacCp,0.1,9,9,GTTCCTTCGGGTACGCAGTG,0,4108621
yacCp,0.1,9,9,GTTAGGCTAGTATGAGTACG,0,4086505
yacCp,0.1,9,9,GTGGAACCCTCCTTCTGGAC,0,4082390
yacCp,0.1,9,9,GTGAACAAGGAACGCCCTGG,0,4099171
yacCp,0.1,9,9,GTCTTATCTGTTAAGTTTAA,0,4082554
yacCp,0.1,9,9,GTCTCGATGACAATCGGGAG,0,4082426
yacCp,0.1,9,9,GTCTCACATACCACACAGAA,0,4093747
yacCp,0.1,9,9,GTCCGCTTTCTAAGGAGTAG,0,4112689
yacCp,0.1,9,9,GTATGTGAGTCCTCAGGTTG,0,4101563
yacCp,0.1,9,9,GTATGACCGGTTGGTAATAC,0,4086300
yacCp,0.1,9,9,GTAGCCAATGGTCCGATCCA,0,4089188
yacCp,0.1,9,9,GGTTCGCGCAGACCACTGTT,0,4087155
yacCp,0.1,9,9,GGTTAGTTCGGCAGTAGAAA,0,4101594
yacCp,0.1,9,9,GGTGCCTGACACCTCTGGTC,0,4103106
yacCp,0.1,9,9,GGTCCAAACAAGATTCATTC,0,4086687
yacCp,0.1,9,9,GGGGGGCTCATACATGGGAT,0,4089834
yacCp,0.1,9,9,GGGAGGCGATCAGTTTTAAG,0,4108044
yacCp,0.1,9,9,GGGACAAGTGGAGTAGTTGG,0,4100703
yacCp,0.1,9,9,GGCGCTCAAGGGATCGTTAC,0,4094999
yacCp,0.1,9,9,GGCCGATTTGGAACCTAGCA,0,4090760
yacCp,0.1,9,9,GGCAGCTTAATCATAGTTGG,0,4083819
yacCp,0.1,9,9,GGATCTTTATTTGAGAACAA,0,4080772
yacCp,0.1,9,9,GGATAAAAGCTTATTCCTAA,0,4108127
yacCp,0.1,9,9,GGACCAGCGGTGCGCCACCC,0,4099253
yacCp,0.1,9,9,GCTGCTATAACGGGTGTAAA,0,4102828
yacCp,0.1,9,9,GCTGCGTTATTTGTTGATGA,0,4103276
yacCp,0.1,9,9,GCTATGGAGGGAATATGCTA,0,4107571
yacCp,0.1,9,9,GCGTTTAGAAGTCCAGGGAC,0,4085602
yacCp,0.1,9,9,GCGGATCGGCGTATCTCACT,0,4087105
yacCp,0.1,9,9,GCGCCTGAGGAGGTCAAACT,0,4082751
yacCp,0.1,9,9,GCGATGTGGACACGAGTGTC,0,4079215
yacCp,0.1,9,9,GCATCAACAAAATTTAATAG,0,4109470
yacCp,0.1,9,9,GCAGTCAGCATTACTCTGCC,0,4093961
yacCp,0.1,9,9,GCACGCCGACCGGACCGCCC,0,4108480
yacCp,0.1,9,9,GCACAATCTAAATCGCGTCT,0,4108513
yacCp,0.1,9,9,GATTGTTGAATGTAGGACTG,0,4090227
yacCp,0.1,9,9,GATTCCCACATAGTCCATGT,0,4090002
yacCp,0.1,9,9,GATGGGCAGCCTCGCACACG,0,4087052
yacCp,0.1,9,9,GATGATGACATCGAACTGGT,0,4091026
yacCp,0.1,9,9,GATCAGTTGAAACCCTGATT,0,4102571
yacCp,0.1,9,9,GAGTATAGAGATTATGCTAC,0,4078896
yacCp,0.1,9,9,GAGAACCGATGTATCATCGT,0,4110337
yacCp,0.1,9,9,GACATCACGAGAGTCTCTCA,0,4080666
yacCp,0.1,9,9,GACACTGTGACGCGTTGCGC,0,4096716
yacCp,0.1,9,9,GAAGGTTGGGAACCCGCCGT,0,4099622
yacCp,0.1,9,9,CTTGATTCATCAGCATTTGA,0,4096634
yacCp,0.1,9,9,CTTCTTTACCGTATTGACCA,0,4078813
yacCp,0.1,9,9,CTGTTCTGATGGGCATTACT,0,4085028
yacCp,0.1,9,9,CTGTCCGCAGCCGCTTCCCA,0,4106862
yacCp,0.1,9,9,CTGCGAACCTTTACCACGAA,0,4109042
yacCp,0.1,9,9,CTCGTGCCAATAATGTGTCC,0,4080670
yacCp,0.1,9,9,CTCGGATGCCGGGTGGGCTT,0,4090983
yacCp,0.1,9,9,CTCCAGTCACAGGTTTTGGT,0,4093525
yacCp,0.1,9,9,CTCAAGCCTTAATCTCGATG,0,4095496
yacCp,0.1,9,9,CTATTACGGACCAGCGTTGA,0,4098862
yacCp,0.1,9,9,CTATATGCTAAGATATTCCC,0,4097570
yacCp,0.1,9,9,CTATACTGTAGGCAGCGGAG,0,4092766
yacCp,0.1,9,9,CTAGAGTGAATTTACCGTGT,0,4082636
yacCp,0.1,9,9,CTACCGGTGGAAGGCCCCAT,0,4084464
yacCp,0.1,9,9,CTAAGGCATTAGTCACTACT,0,4084902
yacCp,0.1,9,9,CTAAATACAAATCTCACGCA,0,4100197
yacCp,0.1,9,9,CGGTCCGCGCTTGCGGGGTT,0,4098180
yacCp,0.1,9,9,CGGGCACATTGCGGATTATT,0,4112009
yacCp,0.1,9,9,CGGGATAAGCATATGATCTT,0,4094335
yacCp,0.1,9,9,CGGAAGTTTGCCTCATACGA,0,4110016
yacCp,0.1,9,9,CGCGTGCTGGAGTTTCCTTC,0,4104810
yacCp,0.1,9,9,CGCCAAATGCGCCTGCGGAT,0,4083622
yacCp,0.1,9,9,CGCATATACCGGGGCTTATC,0,4089367
yacCp,0.1,9,9,CGATTGAGTTCTTTAGGATA,0,4104042
yacCp,0.1,9,9,CGATCCTGGTTCCACTTTTC,0,4099766
yacCp,0.1,9,9,CGACGAGGCCACGGTAGTGA,0,4082376
yacCp,0.1,9,9,CGACCCAGAATCGGATACAC,0,4088558
yacCp,0.1,9,9,CGACCAAGCGGATTTATAGC,0,4082591
yacCp,0.1,9,9,CGAACTGTTGTTGACTTCAG,0,4092457
yacCp,0.1,9,9,CCTTTTTTCAGCGCTTACTT,0,4094760
yacCp,0.1,9,9,CCTTCAGAGATAGGGCCTCT,0,4112428
yacCp,0.1,9,9,CCTTCAGAAGTACAAATTAG,0,4107981
yacCp,0.1,9,9,CCTTACCCACCTCGGTACCC,0,4081306
yacCp,0.1,9,9,CCTGGGGCTCGTCATTGAGC,0,4106700
yacCp,0.1,9,9,CCTCCTCCACTCTGGATTGC,0,4087498
yacCp,0.1,9,9,CCGTTAATGTTGAAAACGGG,0,4109557
yacCp,0.1,9,9,CCGGTCCCATTTTACTTAAT,0,4100325
yacCp,0.1,9,9,CCGGGTTCATCTGGTTAGAG,0,4082148
yacCp,0.1,9,9,CCGATCCCCGACGAAAACGT,0,4081445
yacCp,0.1,9,9,CCGATAAGCGCGGTCCCTAT,0,4102304
yacCp,0.1,9,9,CCCATAAGGCTGGTATCGTC,0,4110081
yacCp,0.1,9,9,CCAGTACATTCAATTAAGGG,0,4094061
yacCp,0.1,9,9,CCACTGTGATGCGCTCCGGA,0,4084484
yacCp,0.1,9,9,CCAAAACTCGACCGGTTTCC,0,4109463
yacCp,0.1,9,9,CATTTCATGTCACCCCTTCA,0,4093521
yacCp,0.1,9,9,CATTGATAATGTAAGCAGAT,0,4087683
yacCp,0.1,9,9,CATTCACGTATCACAGTGAC,0,4080278
yacCp,0.1,9,9,CATGCACGCATCGCCCGCCA,0,4080397
yacCp,0.1,9,9,CATGATCGCCTCTCTACCTA,0,4099888
yacCp,0.1,9,9,CATCGGAGAGTTGCGTATTT,0,4106148
yacCp,0.1,9,9,CATCCCGGTCGGCAAGGCCT,0,4107870
yacCp,0.1,9,9,CATATTCAGCGTGCCGTGTA,0,4096635
yacCp,0.1,9,9,CATAGCGAAGCTAAGGCTAG,0,4103191
yacCp,0.1,9,9,CAGGCGGTGCCCATGATATA,0,4090355
yacCp,0.1,9,9,CACTGTAAGTAACGGCTTAG,0,4108554
yacCp,0.1,9,9,CAATTTCTATCGGAATTTCG,0,4108135
yacCp,0.1,9,9,CAATTAGGCAGAGGTCTCAA,0,4086771
yacCp,0.1,9,9,CAATCGCGTCTAGCGGCGGC,0,4095313
yacCp,0.1,9,9,CAATACAGTACAACGCCGTC,0,4083835
yacCp,0.1,9,9,CAAGGTGCACCTGTAGGCAA,0,4085829
yacCp,0.1,9,9,CAAATAACCATTTAGGGATT,0,4101898
yacCp,0.1,9,9,ATTTTGAGTCATATCATCAG,0,4085790
yacCp,0.1,9,9,ATTTAGCATCGGCAGAATGA,0,4087437
yacCp,0.1,9,9,ATTTAGACCTTCATAAATGT,0,4087226
yacCp,0.1,9,9,ATTGTGGGGGACGATACGGT,0,4084333
yacCp,0.1,9,9,ATTCCCTGCGGTACGAGTTA,0,4107710
yacCp,0.1,9,9,ATGTTTCGGGGGTTGCTGAG,0,4087266
yacCp,0.1,9,9,ATGTGTCCCTCGCATATAGC,0,4108564
yacCp,0.1,9,9,ATGGTGCGGGAACCACGCAA,0,4099205
yacCp,0.1,9,9,ATGGGTGAGGTATCAATATG,0,4099890
yacCp,0.1,9,9,ATGGGGAAGATCATTACTAA,0,4090902
yacCp,0.1,9,9,ATGCGTCAGGCTCGGTGCAT,0,4081233
yacCp,0.1,9,9,ATGACTCCGTAACGGTAAGG,0,4080566
yacCp,0.1,9,9,ATGAATCCAGAGGCACGTTA,0,4097248
yacCp,0.1,9,9,ATGAAGAGACAGGGAGGCTG,0,4090259
yacCp,0.1,9,9,ATCTGCTCCGCGCGTGACAT,0,4102876
yacCp,0.1,9,9,ATCCTACTAGCGCAGGTAAC,0,4085491
yacCp,0.1,9,9,ATCCCAATTAGAGCTGTAAA,0,4111119
yacCp,0.1,9,9,ATCACGCTTAAAACCGCTTC,0,4088705
yacCp,0.1,9,9,ATATCCTCCGCGTAGCCTAC,0,4082649
yacCp,0.1,9,9,ATACATTTTTTAAGGGGGGG,0,4104339
yacCp,0.1,9,9,AGTTTTTCCGTTTGTGTTTA,0,4081692
yacCp,0.1,9,9,AGTTCGCTAAGGCTTGCCAC,0,4096473
yacCp,0.1,9,9,AGTTCATGGGGCAAGGTTTG,0,4105183
yacCp,0.1,9,9,AGTCTATACCTTCGCGGACA,0,4097912
yacCp,0.1,9,9,AGTAGCCTCGCACGGGCTGC,0,4100526
yacCp,0.1,9,9,AGGCTCGGCCTTAATAGCAT,0,4104611
yacCp,0.1,9,9,AGGCAGGACGATGCCCCTTA,0,4089104
yacCp,0.1,9,9,AGGCAAAGTGTTGTTGCATA,0,4102291
yacCp,0.1,9,9,AGGATTACGGTCGCATAAGT,0,4099664
yacCp,0.1,9,9,AGGATGGGAAAAAGTGATGT,0,4096867
yacCp,0.1,9,9,AGGAGTACGCTTCAAGGATA,0,4100182
yacCp,0.1,9,9,AGCTTGTCGGATTTTACTTG,0,4104506
yacCp,0.1,9,9,AGCTCGTCGTCCGCGGATTG,0,4091780
yacCp,0.1,9,9,AGCTCCTGGTTAAATTGGAT,0,4108580
yacCp,0.1,9,9,AGCGGCTTCGGCGAGCGTCA,0,4102717
yacCp,0.1,9,9,AGCCACGCGTAAACCGGATT,0,4082980
yacCp,0.1,9,9,AGCACCCTGCCAGAGCTTAA,0,4105889
yacCp,0.1,9,9,AGATAGGCGGTTGGCAAGCG,0,4093828
yacCp,0.1,9,9,AGAGTTGTTAGCAACGCATT,0,4098529
yacCp,0.1,9,9,ACTTGTTAAGTCTCCTTTGT,0,4096197
yacCp,0.1,9,9,ACTTCTCCAACAGCTCGCCC,0,4091015
yacCp,0.1,9,9,ACTTAGTACGGCGACCGGGG,0,4084256
yacCp,0.1,9,9,ACTGTGTTCACAATGGACTT,0,4097091
yacCp,0.1,9,9,ACTGGCCGCTCTGCGCACCG,0,4081366
yacCp,0.1,9,9,ACTCTCGACTGGGGCCTATG,0,4091233
yacCp,0.1,9,9,ACTACTATAGCTCATCGCCC,0,4082826
yacCp,0.1,9,9,ACGTTGTGTGCCGAATCTTC,0,4104088
yacCp,0.1,9,9,ACGTACGAGCCGGTTGAGTG,0,4090755
yacCp,0.1,9,9,ACGGGCTCTTCCTTGTGTAC,0,4082698
yacCp,0.1,9,9,ACGGATTCTAAAAGACCCAC,0,4105480
yacCp,0.1,9,9,ACGGAAGGGTGGGGCAGTTA,0,4107591
yacCp,0.1,9,9,ACGCCTCACGCCGAAGCTTA,0,4083951
yacCp,0.1,9,9,ACGACCACCTTGGTGGGGGA,0,4084715
yacCp,0.1,9,9,ACCCGGACTCGACCGATACT,0,4087281
yacCp,0.1,9,9,AATGCACAACACTGCCGCTT,0,4086973
yacCp,0.1,9,9,AATACCTTGAACTGGCCGGT,0,4078556
yacCp,0.1,9,9,AAGGCAGTTGCGGTCCGCGG,0,4105901
yacCp,0.1,9,9,AAGATTCTATTAGTTCTACG,0,4098708
yacCp,0.1,9,9,AAGAACAGTCTTTAATCTTG,0,4100996
yacCp,0.1,9,9,AACCCAAGGACACGCTATTT,0,4079115
yacCp,0.1,9,9,AAATTCAGAACTAATTAGGT,0,4100174
yacCp,0.1,9,9,AAATCCGATCAGACTACTAT,0,4110092
yacCp,0.1,9,9,AAATAATGATAGATTGGTCT,0,4091838
yacCp,0.1,9,9,AAAGGTAGTTTCCACTAATA,0,4092288
yacCp,0.1,9,9,AAAGCAATCCATATATGGGT,0,4083419
yacCp,0.1,9,9,AAAGAGGGCCGATTGTTGGT,0,4087159
yacCp,0.1,9,9,AAACGGTCTAAGCTAGTATG,0,4084538
yacCp,0.1,9,9,AAAATCAGAAAAAACAATGC,0,4088464
yacCp,0.1,9,9,AAAAAACCTGGAATTTAGCT,0,4087499
yacCp,0.1111111111111111,8,8,TTTGTCTTTGGATCGACCGA,0,4093657
yacCp,0.1111111111111111,8,8,TTTGCCCGTCTCATTTGACC,0,4101074
yacCp,0.1111111111111111,8,8,TTTCGTCATAGGATGGCTAG,0,4095728
yacCp,0.1111111111111111,8,8,TTTCAGGCAGATACACCTGT,0,4108738
yacCp,0.1111111111111111,8,8,TTTAGATAAGGGGATCAGAA,0,4085938
yacCp,0.1111111111111111,8,8,TTGTGCGACGAGGAGTTCGT,0,4096957
yacCp,0.1111111111111111,8,8,TTGGTCGGGAACCATGCGTA,0,4087601
yacCp,0.1111111111111111,8,8,TTGGAATGGGGTGTCTCTAT,0,4095257
yacCp,0.1111111111111111,8,8,TTGCGTTATTCGAATATGCG,0,4090910
yacCp,0.1111111111111111,8,8,TTGATTTTTGAAGGCCGGAT,0,4086818
yacCp,0.1111111111111111,8,8,TTGAGCTATGTGACACTTGT,0,4083545
yacCp,0.1111111111111111,8,8,TTCTTTCAAGGGTCGTAGTT,0,4082012
yacCp,0.1111111111111111,8,8,TTCGAAAACGCTCCCCAGTG,0,4091581
yacCp,0.1111111111111111,8,8,TTCCGTTCGGTAAGTCTATT,0,4094793
yacCp,0.1111111111111111,8,8,TTAGATCGAAGGGAAAAAAT,0,4083906
yacCp,0.1111111111111111,8,8,TTACTTGCGGCGCGCGCGAA,0,4112837
yacCp,0.1111111111111111,8,8,TTACTCTCATGACATGGATG,0,4106816
yacCp,0.1111111111111111,8,8,TTACGTTAGTTACGACATGG,0,4092771
yacCp,0.1111111111111111,8,8,TGTTAATGGCGATTGAACCC,0,4100204
yacCp,0.1111111111111111,8,8,TGTCTAAATTTCGTCACGGC,0,4111943
yacCp,0.1111111111111111,8,8,TGTCCGTCGGCAAATCCCAA,0,4092370
yacCp,0.1111111111111111,8,8,TGTCAAGACGGTATTATACA,0,4102172
yacCp,0.1111111111111111,8,8,TGGTATCGTACACGCTTATT,0,4090764
yacCp,0.1111111111111111,8,8,TGGCGCTATTTCGGGGCCTG,0,4101395
yacCp,0.1111111111111111,8,8,TGGCCCTAATCCTCGTAGGT,0,4093262
yacCp,0.1111111111111111,8,8,TGGCCAATCGCATTCGAACA,0,4104782
yacCp,0.1111111111111111,8,8,TGGAGTGCACTAAGTGAATA,0,4086592
yacCp,0.1111111111111111,8,8,TGGAGGGTTTGGTTGCTTTC,0,4101205
yacCp,0.1111111111111111,8,8,TGCTCCCCCGCGCATTTGTG,0,4101638
yacCp,0.1111111111111111,8,8,TGCCGAACGTTTTATTACTT,0,4085857
yacCp,0.1111111111111111,8,8,TGCCAAATCAAATCACCTCA,0,4107739
yacCp,0.1111111111111111,8,8,TGCATTGTATTGACATACAG,0,4094799
yacCp,0.1111111111111111,8,8,TGAGGGTTGTGACAGTAGGT,0,4105175
yacCp,0.1111111111111111,8,8,TGAGGGTCCGACTGTGCAAG,0,4104163
yacCp,0.1111111111111111,8,8,TGAGCAGGATGATGAACATT,0,4107259
yacCp,0.1111111111111111,8,8,TGACCTTAGTTATTAGGTGC,0,4107130
yacCp,0.1111111111111111,8,8,TGAAAATGGAAACTAAAGGG,0,4094642
yacCp,0.1111111111111111,8,8,TCTTTTGAGTTGGTTAGTTG,0,4094794
yacCp,0.1111111111111111,8,8,TCGCCAGACCAGTGACTAAT,0,4092566
yacCp,0.1111111111111111,8,8,TCGAGTTACAGAGACATCTG,0,4091351
yacCp,0.1111111111111111,8,8,TCCGGGCTACAAGATAGTAC,0,4086596
yacCp,0.1111111111111111,8,8,TCCCAAATGGATGGCCCGAT,0,4106108
yacCp,0.1111111111111111,8,8,TCCATAATTGAAGCCACGTA,0,4087221
yacCp,0.1111111111111111,8,8,TCCAGCGGCTGCGCCTGATT,0,4087695
yacCp,0.1111111111111111,8,8,TCATTTAGGCATCCACCGAT,0,4078387
yacCp,0.1111111111111111,8,8,TCATCAACAAAGGTAAATTG,0,4101343
yacCp,0.1111111111111111,8,8,TCAGTAGGAGAACTGCTCAT,0,4090066
yacCp,0.1111111111111111,8,8,TCACGGTTAGTTTCATGGGC,0,4090467
yacCp,0.1111111111111111,8,8,TCACAAACAGTCAGCTGGAC,0,4080857
yacCp,0.1111111111111111,8,8,TCAAGATCAAATGACCTGCA,0,4079099
yacCp,0.1111111111111111,8,8,TCAACAGGACCATTGAGCTG,0,4102532
yacCp,0.1111111111111111,8,8,TATTCAACATCGAATGCGCG,0,4104150
yacCp,0.1111111111111111,8,8,TATCACGAGGCCGATGGTTA,0,4092567
yacCp,0.1111111111111111,8,8,TACTCCCCCGCACGCGTCGG,0,4086234
yacCp,0.1111111111111111,8,8,TACGGCGTTCCAGCTATGGA,0,4079623
yacCp,0.1111111111111111,8,8,TACAGGATTTCCATCTGTCC,0,4095911
yacCp,0.1111111111111111,8,8,TACAGCATAAGGAAACCGAG,0,4102043
yacCp,0.1111111111111111,8,8,TACAGAACAGGTCAACCACA,0,4112628
yacCp,0.1111111111111111,8,8,TACACCATACTCCAGAACTT,0,4110296
yacCp,0.1111111111111111,8,8,TAATGAGGGTTGATTATATG,0,4102568
yacCp,0.1111111111111111,8,8,TAACGTCCACTCTAATACAG,0,4111096
yacCp,0.1111111111111111,8,8,TAACAGACATGCCCATGTTA,0,4085599
yacCp,0.1111111111111111,8,8,TAAACACTGCAGTTATGAAT,0,4108298
yacCp,0.1111111111111111,8,8,GTTGGCTGTATGCAGTAGTG,0,4090316
yacCp,0.1111111111111111,8,8,GTTGGAAGTGGAAGACCTTT,0,4102447
yacCp,0.1111111111111111,8,8,GTTGCTCAAGCAGTAATCGG,0,4092912
yacCp,0.1111111111111111,8,8,GTTCAATACGGATGTTTGAG,0,4107844
yacCp,0.1111111111111111,8,8,GTTAATGACTATTGCTGTTC,0,4101776
yacCp,0.1111111111111111,8,8,GTGTGTTGAGGCGCATCCAA,0,4081273
yacCp,0.1111111111111111,8,8,GTCGCCATCCTATGTTAGCT,0,4098707
yacCp,0.1111111111111111,8,8,GTATTTGGACTGGATATTGT,0,4082937
yacCp,0.1111111111111111,8,8,GTACGATGTGTCAAACCCAT,0,4088178
yacCp,0.1111111111111111,8,8,GTAAGGCTGGGTGGCGGCTA,0,4100031
yacCp,0.1111111111111111,8,8,GGTGCTATGATCGAGGGGAT,0,4112239
yacCp,0.1111111111111111,8,8,GGTGAAGAGCTGATCCTCCC,0,4089621
yacCp,0.1111111111111111,8,8,GGTCGTTGAAGGATTTGGCA,0,4082094
yacCp,0.1111111111111111,8,8,GGTATATCTCGAAGCCGATC,0,4082634
yacCp,0.1111111111111111,8,8,GGTACGTTGCCTGTTTAGCC,0,4108801
yacCp,0.1111111111111111,8,8,GGGGAGACCTGTACTGGTTA,0,4104375
yacCp,0.1111111111111111,8,8,GGGCTCACTGTGGGCACGTC,0,4110857
yacCp,0.1111111111111111,8,8,GGGATCTATGTAAAGACGTG,0,4110990
yacCp,0.1111111111111111,8,8,GGGATAGTTCAGCTACGGGA,0,4105798
yacCp,0.1111111111111111,8,8,GGCTCGGACACCAGTGACAG,0,4100278
yacCp,0.1111111111111111,8,8,GGCATATCGCCCGTCTAGGC,0,4084671
yacCp,0.1111111111111111,8,8,GGCAATTATTGTGGCTACTA,0,4089547
yacCp,0.1111111111111111,8,8,GGATGGGATAAGGTTAAGTC,0,4087470
yacCp,0.1111111111111111,8,8,GGATATCATAATAGCGTTGA,0,4093886
yacCp,0.1111111111111111,8,8,GGAAAATAATGGGTCTGGCG,0,4101588
yacCp,0.1111111111111111,8,8,GCTTTGAACACTTGACACAA,0,4093760
yacCp,0.1111111111111111,8,8,GCTTGTATAAGGAGACTGAC,0,4107050
yacCp,0.1111111111111111,8,8,GCTTAGTTCTTGATGCTATA,0,4109237
yacCp,0.1111111111111111,8,8,GCTGTCTTGGTCGCAGTGGA,0,4111701
yacCp,0.1111111111111111,8,8,GCTCTGTTACCCACTGGGCT,0,4094868
yacCp,0.1111111111111111,8,8,GCTAGATGATCGTTTTAATA,0,4099276
yacCp,0.1111111111111111,8,8,GCGTCGAAATCGCGTTGGGG,0,4099452
yacCp,0.1111111111111111,8,8,GCGGGATAACCACCTGGATT,0,4110676
yacCp,0.1111111111111111,8,8,GCGATTTAGCTGCGCTCTGC,0,4107707
yacCp,0.1111111111111111,8,8,GCGAGTTCGGCTTTATCTTT,0,4103340
yacCp,0.1111111111111111,8,8,GCGAGCCGGTGGACCAGCCA,0,4104917
yacCp,0.1111111111111111,8,8,GCGACGAATCCAGGGAAGCG,0,4102119
yacCp,0.1111111111111111,8,8,GCCGGTCCTGTCTTTCCATG,0,4111175
yacCp,0.1111111111111111,8,8,GCCGGCATCCGTCAGTTAAA,0,4086838
yacCp,0.1111111111111111,8,8,GCCCGTGTTTACATCAGATG,0,4090071
yacCp,0.1111111111111111,8,8,GCCCGGAACACACTTATGAG,0,4079721
yacCp,0.1111111111111111,8,8,GCCATATAAGGAGCGCACTG,0,4078585
yacCp,0.1111111111111111,8,8,GCACAGGTAAGCTGAGGGCC,0,4089473
yacCp,0.1111111111111111,8,8,GCACAAGCTAGCTGCCTCTT,0,4098666
yacCp,0.1111111111111111,8,8,GCAACTGGTTGATGTGAAGC,0,4079570
yacCp,0.1111111111111111,8,8,GCAACCCACGGCTTATTGCT,0,4088994
yacCp,0.1111111111111111,8,8,GATTGGAGGCTCGCTCGCCA,0,4099704
yacCp,0.1111111111111111,8,8,GATCGCCGCCGTTGCTCGAG,0,4112022
yacCp,0.1111111111111111,8,8,GAGTTGAAAGTCGCACGAGA,0,4083915
yacCp,0.1111111111111111,8,8,GAGTGAGCGTGGCGGAATAT,0,4099568
yacCp,0.1111111111111111,8,8,GAGTAGTTTTATTCCTTAAG,0,4089988
yacCp,0.1111111111111111,8,8,GAGTAGTTCCATGGCACCTT,0,4091022
yacCp,0.1111111111111111,8,8,GAGTAGTATATATTGGGTAG,0,4112674
yacCp,0.1111111111111111,8,8,GAGCGTCATCCCAGAGGGAC,0,4104557
yacCp,0.1111111111111111,8,8,GAGAAATCCCGAGAGACGGG,0,4087331
yacCp,0.1111111111111111,8,8,GACTCTAGTCGGATCTACGT,0,4105507
yacCp,0.1111111111111111,8,8,GACTCATGGGTAGATCGAAC,0,4084373
yacCp,0.1111111111111111,8,8,GACGGCTGTTACGCCTTCTA,0,4078664
yacCp,0.1111111111111111,8,8,GACGCGCTCCGGTTATTGGT,0,4097896
yacCp,0.1111111111111111,8,8,GACCGCACCCAGCTGCAGTC,0,4090119
yacCp,0.1111111111111111,8,8,GAATTCCGTTGGGCTTTGAC,0,4111474
yacCp,0.1111111111111111,8,8,GAATAAGCTTGGGAACAGGT,0,4095426
yacCp,0.1111111111111111,8,8,GAAGTGCCATATTGTCATCA,0,4112698
yacCp,0.1111111111111111,8,8,GAAGGGATAAAGCGACTGTC,0,4082696
yacCp,0.1111111111111111,8,8,GAAAGAGTGCTCTTTGAAGC,0,4097250
yacCp,0.1111111111111111,8,8,GAAAGACTGGCAGTCCAGAA,0,4111629
yacCp,0.1111111111111111,8,8,CTTTTAAATAATTCGCAAGT,0,4103793
yacCp,0.1111111111111111,8,8,CTTTGCTTCGGCACCCGTAT,0,4104173
yacCp,0.1111111111111111,8,8,CTTTGCCTTCGGAACCGTAG,0,4101827
yacCp,0.1111111111111111,8,8,CTTGTTCTTGAAGGCGTTCA,0,4101089
yacCp,0.1111111111111111,8,8,CTTCCTATGGCGCATCAAGC,0,4106808
yacCp,0.1111111111111111,8,8,CTTCCACCCAAGGCCCACAG,0,4084890
yacCp,0.1111111111111111,8,8,CTTCAGGGTTCACGTGCCTA,0,4088541
yacCp,0.1111111111111111,8,8,CTGTGCTACCCGATGAGGAT,0,4111264
yacCp,0.1111111111111111,8,8,CTGGTGACGCTCTGGCCTCA,0,4108369
yacCp,0.1111111111111111,8,8,CTGATGGACATATGGGCGTG,0,4110772
yacCp,0.1111111111111111,8,8,CTGATCACCGTCGCGTGGTC,0,4094338
yacCp,0.1111111111111111,8,8,CTGAGGACCTCTCAGTGAAA,0,4085641
yacCp,0.1111111111111111,8,8,CTCGTTCGTAAGAGGAGATA,0,4106495
yacCp,0.1111111111111111,8,8,CTCGAATACGTCATAGTGCA,0,4100203
yacCp,0.1111111111111111,8,8,CTCAGGGGCCTCCCGCATCA,0,4096747
yacCp,0.1111111111111111,8,8,CTATTACCAGTGGCGACGCT,0,4083303
yacCp,0.1111111111111111,8,8,CTATACCAACCATCTACATC,0,4085856
yacCp,0.1111111111111111,8,8,CTAGACACGAGATATGTCCA,0,4090404
yacCp,0.1111111111111111,8,8,CTACATCCGCGCTTCGGGGA,0,4085702
yacCp,0.1111111111111111,8,8,CTAAGATTCTGCTAATAGAG,0,4081912
yacCp,0.1111111111111111,8,8,CGTTCGACAGTCCGGACTAT,0,4086710
yacCp,0.1111111111111111,8,8,CGTGGCAGCCGGGTTAGAAT,0,4082869
yacCp,0.1111111111111111,8,8,CGTGATCGTTACTGTCGGCG,0,4100659
yacCp,0.1111111111111111,8,8,CGTCTGGTGGTAGAACAGAG,0,4079117
yacCp,0.1111111111111111,8,8,CGGTGATTCCTGACTCTAGC,0,4084259
yacCp,0.1111111111111111,8,8,CGGGGCGGACACTTTCTCCA,0,4106516
yacCp,0.1111111111111111,8,8,CGGGCCGCGCTCATTCCAAA,0,4091165
yacCp,0.1111111111111111,8,8,CGGCTTAGTTCAGCAATACT,0,4098841
yacCp,0.1111111111111111,8,8,CGGCCACACTTTAGCTCATC,0,4097900
yacCp,0.1111111111111111,8,8,CGGATGTCGCCCCTCCGCCT,0,4104507
yacCp,0.1111111111111111,8,8,CGGAACTTGAGTGAGGTGTG,0,4098329
yacCp,0.1111111111111111,8,8,CGCGTGTATCTACTATTTGC,0,4080806
yacCp,0.1111111111111111,8,8,CGCGAGCTCCGACGAACGCA,0,4084727
yacCp,0.1111111111111111,8,8,CGCCAGCGGACCCACCCGGA,0,4109037
yacCp,0.1111111111111111,8,8,CGCACTCTACGTGGGGATTA,0,4108721
yacCp,0.1111111111111111,8,8,CGCACCAGTCAGTATGCCAA,0,4111822
yacCp,0.1111111111111111,8,8,CGCAATTTCCCAGATCTGAA,0,4079754
yacCp,0.1111111111111111,8,8,CGATCATCGCTTGTAATCGT,0,4095283
yacCp,0.1111111111111111,8,8,CGAGCTCTGTATGCCGCTAA,0,4078768
yacCp,0.1111111111111111,8,8,CGACCGCCCAGAAAAACTTG,0,4094957
yacCp,0.1111111111111111,8,8,CGACCAACACAGGGAATCGT,0,4100879
yacCp,0.1111111111111111,8,8,CCTTACATGGGAGCACCCTC,0,4083538
yacCp,0.1111111111111111,8,8,CCTGGCAAACACTCGTTTCA,0,4086387
yacCp,0.1111111111111111,8,8,CCTGAATCTACTCGGTTCGG,0,4086498
yacCp,0.1111111111111111,8,8,CCTCCGCAAAAGACCAGTTT,0,4102199
yacCp,0.1111111111111111,8,8,CCTATTATGCAAGAGTCACT,0,4108322
yacCp,0.1111111111111111,8,8,CCTACTCACAAAGGTATCGG,0,4107579
yacCp,0.1111111111111111,8,8,CCGTCTCTAGGATAGCCAAG,0,4094057
yacCp,0.1111111111111111,8,8,CCGCTCTGCGGAATACCAGC,0,4082785
yacCp,0.1111111111111111,8,8,CCGCGAGCTGGTGCCGACAG,0,4086392
yacCp,0.1111111111111111,8,8,CCGCCATTCCGTCGAACGAA,0,4108488
yacCp,0.1111111111111111,8,8,CCGAATGGTAGGACGCAGCG,0,4109269
yacCp,0.1111111111111111,8,8,CCCTGTAACGGCGTACTCTG,0,4105084
yacCp,0.1111111111111111,8,8,CCCTAATGAGGTCTCGTAGG,0,4089525
yacCp,0.1111111111111111,8,8,CCCGTAGACAGGCGGAGTAC,0,4109534
yacCp,0.1111111111111111,8,8,CCCCGTGTTTATACCCGAGA,0,4106442
yacCp,0.1111111111111111,8,8,CCCCGATACTCGCTTTGCAC,0,4085843
yacCp,0.1111111111111111,8,8,CCCCACATGTGTCCGTCAGT,0,4093629
yacCp,0.1111111111111111,8,8,CCCAGTTCCAGCGTGCCGCA,0,4083350
yacCp,0.1111111111111111,8,8,CCAGCAACAAGTAAGGGTTG,0,4088030
yacCp,0.1111111111111111,8,8,CCACTTGTGTGAGCACAATG,0,4094329
yacCp,0.1111111111111111,8,8,CATTCAGTCATTTAGTTCTG,0,4109741
yacCp,0.1111111111111111,8,8,CATGCTATCTTAGATATAGA,0,4112212
yacCp,0.1111111111111111,8,8,CATAATATATTATGAACTAG,0,4110164
yacCp,0.1111111111111111,8,8,CATAACACGAACGGCAATGT,0,4080133
yacCp,0.1111111111111111,8,8,CAGTGTTTGTTTAATAGCTT,0,4083759
yacCp,0.1111111111111111,8,8,CAGGGTTCTCCCGTTATCAC,0,4104705
yacCp,0.1111111111111111,8,8,CAGGAATACAACCACTACGT,0,4101716
yacCp,0.1111111111111111,8,8,CAGATGCAGCGATGACATTA,0,4107126
yacCp,0.1111111111111111,8,8,CACTTCACACACAGTGTTTG,0,4107658
yacCp,0.1111111111111111,8,8,CACTCGCGATTGTATAGAGT,0,4080466
yacCp,0.1111111111111111,8,8,CACGAAAAGACGCAGAGTGC,0,4096566
yacCp,0.1111111111111111,8,8,CACAGTGGGACGGAGCGCGT,0,4110547
yacCp,0.1111111111111111,8,8,CAAGATCATCAGGGCTCAGA,0,4098735
yacCp,0.1111111111111111,8,8,CAAGACTGCTGCCGGCAGGT,0,4110150
yacCp,0.1111111111111111,8,8,CAAGACGGGATTACGGAAAC,0,4096769
yacCp,0.1111111111111111,8,8,CAAATGTTCGAAGCTTCGAC,0,4092553
yacCp,0.1111111111111111,8,8,CAAAATCGGAAAACGCCTAT,0,4097261
yacCp,0.1111111111111111,8,8,ATTGTGCCTATCTGGCTAAT,0,4094662
yacCp,0.1111111111111111,8,8,ATTGATCATTCCCGACCACA,0,4112569
yacCp,0.1111111111111111,8,8,ATTCTTCGTGCGGGCGTAAA,0,4101047
yacCp,0.1111111111111111,8,8,ATTCACGTTTCCCTCTTGCC,0,4100682
yacCp,0.1111111111111111,8,8,ATTAGGACTCCCTTTTGTTG,0,4106235
yacCp,0.1111111111111111,8,8,ATGTAGTTAGACGACGCGTT,0,4105140
yacCp,0.1111111111111111,8,8,ATGTAGTAAAAGGGATTGAA,0,4086626
yacCp,0.1111111111111111,8,8,ATGTAAACCGCGTCACATTT,0,4091386
yacCp,0.1111111111111111,8,8,ATGGATGTGATCCGACCTAG,0,4108002
yacCp,0.1111111111111111,8,8,ATGCTCGCTTGGTCGAGGGT,0,4081847
yacCp,0.1111111111111111,8,8,ATGATGGGTGCGGTTAGTCG,0,4095452
yacCp,0.1111111111111111,8,8,ATGAGTAGGACCTGCAAATC,0,4094174
yacCp,0.1111111111111111,8,8,ATCTTTCCTCAAATCCGAGT,0,4111568
yacCp,0.1111111111111111,8,8,ATCTGCACTCCAGAGCATGT,0,4101023
yacCp,0.1111111111111111,8,8,ATCCTCGCGATGGCGTACTC,0,4098930
yacCp,0.1111111111111111,8,8,ATCCAGTGTTGGGGCAAAAC,0,4089114
yacCp,0.1111111111111111,8,8,ATATGATACATTGTTCGTGA,0,4110962
yacCp,0.1111111111111111,8,8,ATATGACACCCTCATAAAGG,0,4087880
yacCp,0.1111111111111111,8,8,ATATACGCACGATACGATTC,0,4095613
yacCp,0.1111111111111111,8,8,ATAGTTATTCGCCCCTAGGG,0,4088451
yacCp,0.1111111111111111,8,8,ATAGTATGCCATGTATCCCC,0,4108240
yacCp,0.1111111111111111,8,8,ATAGGCCCGTATAGGGCCGT,0,4110748
yacCp,0.1111111111111111,8,8,ATAGCTGAACACCACGAGGT,0,4101050
yacCp,0.1111111111111111,8,8,ATAGCCTCCACACTCGAACA,0,4102511
yacCp,0.1111111111111111,8,8,ATACCGCAGCTGATGACAAG,0,4085837
yacCp,0.1111111111111111,8,8,ATACCCAAAGGTGTGGTATG,0,4110625
yacCp,0.1111111111111111,8,8,AGTGTCAACTTTGGGTAGGG,0,4082412
yacCp,0.1111111111111111,8,8,AGTGATCGTTCGGGTATCTT,0,4094337
yacCp,0.1111111111111111,8,8,AGTATTTGGTTGTAGCGCCG,0,4081881
yacCp,0.1111111111111111,8,8,AGTACCCAGGGCTCCTCCAA,0,4095442
yacCp,0.1111111111111111,8,8,AGTAACAGTGAACGTAATTC,0,4087288
yacCp,0.1111111111111111,8,8,AGGTCAGGTCGCGTGGTCAG,0,4101902
yacCp,0.1111111111111111,8,8,AGGGGGTTTTATCTGATAAT,0,4094541
yacCp,0.1111111111111111,8,8,AGGGCGTGAACAGGATCGAT,0,4090510
yacCp,0.1111111111111111,8,8,AGGGCCTGTTAAATCGGCAA,0,4107916
yacCp,0.1111111111111111,8,8,AGGATTAAGGGCTTTCGTTT,0,4106701
yacCp,0.1111111111111111,8,8,AGGAAAACAGTTGTTTAAGT,0,4100111
yacCp,0.1111111111111111,8,8,AGCCATTTAGCACCAATGGC,0,4088879
yacCp,0.1111111111111111,8,8,AGATTTGTAAAGTGCTCTAA,0,4098347
yacCp,0.1111111111111111,8,8,AGATGCTATCCTTAAAGATT,0,4094629
yacCp,0.1111111111111111,8,8,AGAAATTTCGGAAGTCATGT,0,4102560
yacCp,0.1111111111111111,8,8,ACTGTCAAGCGTCGCGCAAT,0,4089723
yacCp,0.1111111111111111,8,8,ACTGAGATGCACGGCCTTGT,0,4108063
yacCp,0.1111111111111111,8,8,ACTATGCTTTATCGCCACAA,0,4092715
yacCp,0.1111111111111111,8,8,ACGTACGCATTGAAACTGGC,0,4099405
yacCp,0.1111111111111111,8,8,ACGGTGGCCACTGAGTTTTA,0,4079974
yacCp,0.1111111111111111,8,8,ACGGTAATGTCTGATGAAAT,0,4100256
yacCp,0.1111111111111111,8,8,ACGCTCATTAACAATCTAAA,0,4085595
yacCp,0.1111111111111111,8,8,ACGCTAGTCCGCGCTGAGTC,0,4084465
yacCp,0.1111111111111111,8,8,ACCGGACTCTTGCATAGTTA,0,4097312
yacCp,0.1111111111111111,8,8,ACCCAATGCCGTGACCTTCC,0,4079067
yacCp,0.1111111111111111,8,8,ACCATATAATCAGCCCACTA,0,4093919
yacCp,0.1111111111111111,8,8,ACCAATATTTGCATTCCGAA,0,4079645
yacCp,0.1111111111111111,8,8,ACAGTGCCCACGTCTGGGTT,0,4107332
yacCp,0.1111111111111111,8,8,ACAGGGGTTCAACGCGGTAT,0,4090672
yacCp,0.1111111111111111,8,8,ACACTCATATAGGTTTGGAC,0,4080521
yacCp,0.1111111111111111,8,8,ACACCCTAGTTCCTTCTCGG,0,4085165
yacCp,0.1111111111111111,8,8,ACACCAGGCCCGTACGAAGA,0,4108470
yacCp,0.1111111111111111,8,8,ACAAAGGGACGAGAGCAACA,0,4100103
yacCp,0.1111111111111111,8,8,AATTAGGGTCGATAGCGTCT,0,4087355
yacCp,0.1111111111111111,8,8,AATGTGGCTAATGACCCTTT,0,4103206
yacCp,0.1111111111111111,8,8,AATGGCGTGGATACTAATTG,0,4112422
yacCp,0.1111111111111111,8,8,AATGCGGGCGGACGCTTATA,0,4106873
yacCp,0.1111111111111111,8,8,AATGCCCAACGTTGAGTGCC,0,4107872
yacCp,0.1111111111111111,8,8,AAGTGAATATAGTTAACGTC,0,4103448
yacCp,0.1111111111111111,8,8,AAGTCTCTTGAGAAGCTGCT,0,4087999
yacCp,0.1111111111111111,8,8,AAGCTAAGAGTCTCTCGGAT,0,4084264
yacCp,0.1111111111111111,8,8,AAGATTCGTCAAACCGGTCA,0,4090543
yacCp,0.1111111111111111,8,8,AAGACCTCACCAATCGCGAG,0,4086275
yacCp,0.1111111111111111,8,8,AAGAAGCGAAATACACGGGA,0,4085813
yacCp,0.1111111111111111,8,8,AACTTCAGGCGTGCTTCGAT,0,4085411
yacCp,0.1111111111111111,8,8,AACCTCTGGGCATACCTCAA,0,4097982
yacCp,0.1111111111111111,8,8,AACCCACAATATTTTCAATG,0,4096864
yacCp,0.1111111111111111,8,8,AACAAAACGCTCCCATCGGT,0,4110773
yacCp,0.1111111111111111,8,8,AAATCGTCAGTTGCATTGGT,0,4100360
yacCp,0.1111111111111111,8,8,AAAGTATCTCCAGACCATTT,0,4104916
yacCp,0.1111111111111111,8,8,AAAGTATAGTTTGTTCTCAA,0,4102133
yacCp,0.1111111111111111,8,8,AAACCAGACGGAAGCACCGC,0,4109998
yacCp,0.1111111111111111,8,8,AAAATCGGTGAAGTCAGAGG,0,4091270
yacCp,0.125,7,7,TTTGCGGAACGTAGGGTATA,0,4112495
yacCp,0.125,7,7,TTTCCGCTCCCGGTAGCGCT,0,4092621
yacCp,0.125,7,7,TTTACTTAGGATGTTCGCAA,0,4110358
yacCp,0.125,7,7,TTTACTACATGCCAGGGAAT,0,4108676
yacCp,0.125,7,7,TTGGGAGAAGACAAATAGTA,0,4103992
yacCp,0.125,7,7,TTGGAACCGTCGTGTTCTAA,0,4106219
yacCp,0.125,7,7,TTGATACTTCAGTCCTCTGC,0,4082085
yacCp,0.125,7,7,TTCCGTCAAGGCGAGCCGTG,0,4088509
yacCp,0.125,7,7,TTATGGTCTCCGTGGTACCG,0,4085983
yacCp,0.125,7,7,TTATATCTACATCGGTCGTG,0,4078802
yacCp,0.125,7,7,TTATAAAGGTAGCCCGTGGA,0,4094840
yacCp,0.125,7,7,TTACGCATTCTCACGATTAT,0,4091634
yacCp,0.125,7,7,TTACCGATCAATCATGTTTG,0,4104855
yacCp,0.125,7,7,TTACCCAACTGCAATATATA,0,4107974
yacCp,0.125,7,7,TTACATGGTCTAACTTCGCC,0,4089753
yacCp,0.125,7,7,TTAAGAGGCCCTGGATTTAA,0,4097803
yacCp,0.125,7,7,TGTTTCTCCGCTGGAGGTTG,0,4081179
yacCp,0.125,7,7,TGTTCATCAATCGTGGTTTG,0,4093666
yacCp,0.125,7,7,TGTTAAGGCCTGGCGGCAGG,0,4082781
yacCp,0.125,7,7,TGTTAACGTATGCGGTTACT,0,4111324
yacCp,0.125,7,7,TGTATGTCCGAAGACGACCT,0,4108157
yacCp,0.125,7,7,TGTAGCGGGTTAATGTTGCA,0,4102743
yacCp,0.125,7,7,TGTAGAATAATGAGTACTTC,0,4089254
yacCp,0.125,7,7,TGGTTATTCAAAGAAGTCCC,0,4092958
yacCp,0.125,7,7,TGGTGAGCTTTAAAAACAGG,0,4085578
yacCp,0.125,7,7,TGGTCACTGTAAAGAATAAG,0,4110551
yacCp,0.125,7,7,TGGTAGCAGCGGTGTGTCGG,0,4105886
yacCp,0.125,7,7,TGGGGCGACTAAAATGATGA,0,4082662
yacCp,0.125,7,7,TGGGAAGGAACACGAGGTGA,0,4110696
yacCp,0.125,7,7,TGGGAAATGCCACCAAAACC,0,4089575
yacCp,0.125,7,7,TGGCGTCAGGTGCGTTTTAC,0,4096436
yacCp,0.125,7,7,TGGCCATCGGCAGTCTTTAA,0,4102454
yacCp,0.125,7,7,TGGAGAGCACATTGGCGCTA,0,4110046
yacCp,0.125,7,7,TGCTATGGCGCCTCGTTCGA,0,4096431
yacCp,0.125,7,7,TGCGTCCTCTAGCCATATCT,0,4099069
yacCp,0.125,7,7,TGCGGGTGGTTCAAGAAAAA,0,4107891
yacCp,0.125,7,7,TGCGACACGCAATAGATCCA,0,4080495
yacCp,0.125,7,7,TGCCCCCAAAGACTTGTGAC,0,4079088
yacCp,0.125,7,7,TGCCAGGTTTCGCTTAGGCC,0,4094678
yacCp,0.125,7,7,TGCATGTAATAAGAGCCTGC,0,4098495
yacCp,0.125,7,7,TGATCCTAGTAAGCGGCCAC,0,4109302
yacCp,0.125,7,7,TGATCCACGCAATCACGGTC,0,4086923
yacCp,0.125,7,7,TCTTTTAACGCTTATGAGTG,0,4100036
yacCp,0.125,7,7,TCTGTGCATGTCAAGGTATC,0,4095565
yacCp,0.125,7,7,TCTGGTCCGGCGCCGAATAG,0,4080026
yacCp,0.125,7,7,TCTCTGGGTCAATATGTTTG,0,4093110
yacCp,0.125,7,7,TCTAGCAGCATCCCTCTTTA,0,4105843
yacCp,0.125,7,7,TCGTCTAGTCTCTCTCGCAT,0,4096065
yacCp,0.125,7,7,TCGAAGGGCTTAATGTTTCC,0,4085433
yacCp,0.125,7,7,TCCTACAAGACGTGACTGGT,0,4078671
yacCp,0.125,7,7,TCCGTACAATTCTGCCGAAC,0,4096725
yacCp,0.125,7,7,TCCAGTGCTAATGAGGAGCC,0,4087359
yacCp,0.125,7,7,TCCAGCTATTCCGCAGGAAC,0,4088376
yacCp,0.125,7,7,TCAGCTGATGAAAAGATCAG,0,4098363
yacCp,0.125,7,7,TCAGCAAAACGACAGCCTGC,0,4088561
yacCp,0.125,7,7,TCACTGTACCCCACAAGTTT,0,4093901
yacCp,0.125,7,7,TCAAAACCGCACCTTGCGTC,0,4098566
yacCp,0.125,7,7,TATTTAAGTTGACTTGGCCT,0,4095394
yacCp,0.125,7,7,TATTATTATTGAGGTATATG,0,4104607
yacCp,0.125,7,7,TATGCTCGCCAGGAACCGAC,0,4082226
yacCp,0.125,7,7,TATCGCCTAACGGCAATTTT,0,4112030
yacCp,0.125,7,7,TATAGGCGGGCGTCGCCTGG,0,4082129
yacCp,0.125,7,7,TAGGTAGATCGCTGAGAGAC,0,4104333
yacCp,0.125,7,7,TAGCGTTTGGTCGGATTTTG,0,4092824
yacCp,0.125,7,7,TAGCGTTCCCTTATTCATAT,0,4087186
yacCp,0.125,7,7,TAGCCCCAAAGCGTTAAAAG,0,4090609
yacCp,0.125,7,7,TAGATAAGGCTTGCTACCGT,0,4093175
yacCp,0.125,7,7,TACTCCCTAGGTTCGAGATG,0,4078849
yacCp,0.125,7,7,TACGCGAGGAGTAGTATTTG,0,4083887
yacCp,0.125,7,7,TACGCCGAGATATATCCAGG,0,4100178
yacCp,0.125,7,7,TACCGTAAGCTCGGAAAGTA,0,4081045
yacCp,0.125,7,7,TACATGCTCAGCATGGATTG,0,4092137
yacCp,0.125,7,7,TAAGCACGACGCCATCTTTG,0,4092018
yacCp,0.125,7,7,TAACAATACGTGTTGAATAT,0,4101244
yacCp,0.125,7,7,GTTTGGTAAGGACCTTTGAA,0,4102514
yacCp,0.125,7,7,GTTTGCTACCATGCGTACAA,0,4107919
yacCp,0.125,7,7,GTTGACCACTTAAGAATGCA,0,4087658
yacCp,0.125,7,7,GTTCCCGCCGGATTACTGCT,0,4090219
yacCp,0.125,7,7,GTTCACCCTGTTCTAAGCGC,0,4107147
yacCp,0.125,7,7,GTTCAAACCGAAGGACAAGA,0,4090773
yacCp,0.125,7,7,GTGTTACAGAGGCTCATGTC,0,4099368
yacCp,0.125,7,7,GTGTGGTTGGGCTTGCTCCC,0,4087549
yacCp,0.125,7,7,GTGATAATGCTGAACCGCGG,0,4084096
yacCp,0.125,7,7,GTCTTGCGAGAATATAATAG,0,4078712
yacCp,0.125,7,7,GTCTAGCTTAAAAGAATGTA,0,4111738
yacCp,0.125,7,7,GTCCGCGGCTCCACCACGTA,0,4078780
yacCp,0.125,7,7,GTCCAGAGCGGGTGGCAGGA,0,4103763
yacCp,0.125,7,7,GTCATACGCCCTCGACGACA,0,4079978
yacCp,0.125,7,7,GTATTGAATCTCAGCGCATG,0,4081130
yacCp,0.125,7,7,GTATAAAACCGACGCACCAG,0,4095721
yacCp,0.125,7,7,GTAGCGGCGGGACACCTACT,0,4106913
yacCp,0.125,7,7,GTAAGACATGCAGAAGATCT,0,4094282
yacCp,0.125,7,7,GGTTCGATTGGGATCCGCAT,0,4086593
yacCp,0.125,7,7,GGTGTTGCTGACCCCTGGCG,0,4086209
yacCp,0.125,7,7,GGTGGGGATCGTCATACTGG,0,4082083
yacCp,0.125,7,7,GGTGATAGAGCTGCGATTAG,0,4085053
yacCp,0.125,7,7,GGTCTGCACGGCAGATGGTC,0,4103408
yacCp,0.125,7,7,GGTATCCTGGTGGCGGGGTC,0,4089975
yacCp,0.125,7,7,GGGCGGGTCACGTGCCGCGC,0,4088882
yacCp,0.125,7,7,GGGCCTTCTCTGAAGTCGTC,0,4108549
yacCp,0.125,7,7,GGGCATCGATGTCTAGAAAT,0,4112558
yacCp,0.125,7,7,GGGATAATTACAAAAGTCTT,0,4102064
yacCp,0.125,7,7,GGGAGCACTCTTCCCAAGTT,0,4097698
yacCp,0.125,7,7,GGGAGAGCTGGTCTAGGCCT,0,4083925
yacCp,0.125,7,7,GGCGGTTCTGGTAAAAGTAA,0,4079069
yacCp,0.125,7,7,GGCAACAAATGTAGGCGGAA,0,4103302
yacCp,0.125,7,7,GGATCGTGCTTCCAGGGGAT,0,4108000
yacCp,0.125,7,7,GGATAAGCTCGCGATTCCGC,0,4094607
yacCp,0.125,7,7,GGAGATAAATTGCGTTCTAA,0,4100763
yacCp,0.125,7,7,GGACAGGGTTGCCGGGATTA,0,4092017
yacCp,0.125,7,7,GGAATCGTATTAACCGTTCG,0,4109658
yacCp,0.125,7,7,GGAAGCGTCGGAGCGGACGA,0,4099011
yacCp,0.125,7,7,GCTTAGTGAAATTGCCGAGC,0,4088434
yacCp,0.125,7,7,GCTCGGGAGTCATAAACTGA,0,4109630
yacCp,0.125,7,7,GCTCACTAGGGTGACGTATA,0,4081512
yacCp,0.125,7,7,GCTCAATTTGATTAAGGACT,0,4099145
yacCp,0.125,7,7,GCTATAAACATGGTGACCGA,0,4101639
yacCp,0.125,7,7,GCGTCTTTATATTGTGTCTG,0,4104713
yacCp,0.125,7,7,GCGTCCAGGGGGCCAACTAC,0,4111220
yacCp,0.125,7,7,GCGTAACCCCTCAAGGGCGT,0,4082658
yacCp,0.125,7,7,GCGGGGACCCGACTGGCTTT,0,4110274
yacCp,0.125,7,7,GCGGGATGTGGTGCCAATGT,0,4105531
yacCp,0.125,7,7,GCGATCACGGCGACTGTTCC,0,4082161
yacCp,0.125,7,7,GCCTGGGGCACATACCTTTT,0,4108122
yacCp,0.125,7,7,GCCGTTAGTTTCCAGGCTCA,0,4081889
yacCp,0.125,7,7,GCCCTGGGGCGATGAGTACT,0,4111591
yacCp,0.125,7,7,GCCCGCATGCTTCTGCCGGG,0,4086028
yacCp,0.125,7,7,GCCCATAGAAGAGAAAACGC,0,4088162
yacCp,0.125,7,7,GCCATTAGTGAGCCAAATGA,0,4088749
yacCp,0.125,7,7,GCCAGGCGGTAAGCCGGACT,0,4081115
yacCp,0.125,7,7,GCCAAGCCCCCTAACCACTG,0,4096262
yacCp,0.125,7,7,GCATAAAGACACCACTGGGT,0,4082616
yacCp,0.125,7,7,GATTGATGTTAGAGGATAGG,0,4110230
yacCp,0.125,7,7,GATTCAATTAGCAAAGGAAA,0,4080496
yacCp,0.125,7,7,GATGGCATGCGGAGGGAGAA,0,4109382
yacCp,0.125,7,7,GATCTGCATGAGTGTGTTGT,0,4079692
yacCp,0.125,7,7,GATAGTTCCCATCAATCTCC,0,4080104
yacCp,0.125,7,7,GATAAAACTTAATTGGTTTC,0,4100214
yacCp,0.125,7,7,GAGTTGACTATGCCTGGACG,0,4105594
yacCp,0.125,7,7,GAGGTAGAATTGCAATTCGG,0,4078839
yacCp,0.125,7,7,GAGGGAGCGACCGTAGTACT,0,4109408
yacCp,0.125,7,7,GAGGGAACTTGATGAGTAAC,0,4099023
yacCp,0.125,7,7,GAGGCTCGGCCGTAATGCTT,0,4096830
yacCp,0.125,7,7,GAGCTATTTGTGGACCGTTC,0,4095861
yacCp,0.125,7,7,GAGCAGCCTTCGATGTCGCC,0,4109820
yacCp,0.125,7,7,GACTCCCAATGCGACCACCC,0,4107279
yacCp,0.125,7,7,GACCGTTGCAAATACCCGAT,0,4104293
yacCp,0.125,7,7,GACCCAAGTCTCGACGGAGT,0,4081146
yacCp,0.125,7,7,GAAGTAGATAGTGGGAACTC,0,4101139
yacCp,0.125,7,7,GAACAGCATCTATGCGATTA,0,4081598
yacCp,0.125,7,7,GAAACCTTCCAGGAGGGCTG,0,4106129
yacCp,0.125,7,7,CTTGTATAAGAACCATCTAT,0,4086671
yacCp,0.125,7,7,CTTGCTGGCCACGATCGACC,0,4104915
yacCp,0.125,7,7,CTTCAGAAGTAGGCTCACAT,0,4096551
yacCp,0.125,7,7,CTTCACTCCCGGAACTCTAG,0,4105588
yacCp,0.125,7,7,CTGGCGAGAAGAACGCCGAT,0,4102881
yacCp,0.125,7,7,CTCTCTCCTTAAACAGTCAC,0,4109725
yacCp,0.125,7,7,CTCTCCATCAGGTAGGGCAG,0,4104699
yacCp,0.125,7,7,CTACCTGAAAATATATCGGA,0,4110386
yacCp,0.125,7,7,CTAACCAGGCATATCTCTTT,0,4086432
yacCp,0.125,7,7,CGTTACCTTACCGGCTCCCC,0,4111125
yacCp,0.125,7,7,CGTGTGTCGTATCTGGCCAT,0,4086587
yacCp,0.125,7,7,CGTCGAGCTTATATGGGTAT,0,4101897
yacCp,0.125,7,7,CGTCCTGGATCGCTATTTAC,0,4092411
yacCp,0.125,7,7,CGTCCAGACGGGACCTCGGA,0,4097207
yacCp,0.125,7,7,CGTAGTTCTGGCAAGCTGTA,0,4108697
yacCp,0.125,7,7,CGGTTATCGGGCGGGCGCAT,0,4108363
yacCp,0.125,7,7,CGGTGCCAAAGCAGAGTGCG,0,4094355
yacCp,0.125,7,7,CGGTCCGGTTTATGGAGCTC,0,4100232
yacCp,0.125,7,7,CGGGTACTGCCCTCACCGGT,0,4093052
yacCp,0.125,7,7,CGGGGGTCCCTAGTTGAATA,0,4081181
yacCp,0.125,7,7,CGGGGCGGGAGCATTCCCAC,0,4107303
yacCp,0.125,7,7,CGGGATTATGCGAAGTCCAC,0,4093006
yacCp,0.125,7,7,CGGACGGTTTCCCATTCATG,0,4093093
yacCp,0.125,7,7,CGGAAAGCGTCAAATCGGCT,0,4107889
yacCp,0.125,7,7,CGCTGATACCGTCAACACAT,0,4098861
yacCp,0.125,7,7,CGCTATACAGGCCAACGCTT,0,4102802
yacCp,0.125,7,7,CGCGGGGGATCCCGATTAAA,0,4094128
yacCp,0.125,7,7,CGCGGGCGAATAGCTGCATA,0,4098001
yacCp,0.125,7,7,CGCCCAACCTTCATTTGTTG,0,4100702
yacCp,0.125,7,7,CGCATTCCGTGTCGCATGAA,0,4081296
yacCp,0.125,7,7,CGCATCCGCTTGCACCCGAG,0,4096114
yacCp,0.125,7,7,CGAGTCACACCCTAACTACT,0,4079338
yacCp,0.125,7,7,CGAGTAATCCTGGAGCCGAA,0,4094920
yacCp,0.125,7,7,CGAGGGAGATCTGCCGGTCA,0,4095592
yacCp,0.125,7,7,CGAGATCCCCTCACGCTGAT,0,4095596
yacCp,0.125,7,7,CGAATGGCTTGGTCTTCATA,0,4095886
yacCp,0.125,7,7,CGAAATTCCTATTTACCCTT,0,4102968
yacCp,0.125,7,7,CCTTTATTTCGATTAAAGCG,0,4087065
yacCp,0.125,7,7,CCTGGCTACCCGCCAGAGGC,0,4086752
yacCp,0.125,7,7,CCTCTTCGCGAGGGCTTGTA,0,4109828
yacCp,0.125,7,7,CCTCCGAAAGGGCTAAAATG,0,4081187
yacCp,0.125,7,7,CCTACCCTAGCGCTTAGGAC,0,4091953
yacCp,0.125,7,7,CCGTTGCCGTTTGTCAGCCA,0,4109947
yacCp,0.125,7,7,CCGTTCTGTGTTTTGCCGTA,0,4102725
yacCp,0.125,7,7,CCGACCCATCGCAGGTCACG,0,4094998
yacCp,0.125,7,7,CCCGACTGGCCACTTCTATG,0,4111286
yacCp,0.125,7,7,CCCACAGCCTGGGCCATCAG,0,4097348
yacCp,0.125,7,7,CCATTATCGGTAACTGCCCT,0,4084083
yacCp,0.125,7,7,CCACACCCGTGCTTTGAGTC,0,4082005
yacCp,0.125,7,7,CCAACTTTATTAGTGTACAG,0,4104371
yacCp,0.125,7,7,CATTTTAAACTGCCTGACAT,0,4094241
yacCp,0.125,7,7,CATGAGCTAAACGGGACTGA,0,4111992
yacCp,0.125,7,7,CATCGTGGTACATTCTAAAG,0,4087584
yacCp,0.125,7,7,CATCAGTACGGCATCCAGTT,0,4088610
yacCp,0.125,7,7,CATACTCTTTCGGTGCCAGG,0,4097551
yacCp,0.125,7,7,CATAATTTCAGTCCGCGCGA,0,4083187
yacCp,0.125,7,7,CATAAGTTGGTGATGCAGTA,0,4109669
yacCp,0.125,7,7,CAGGGGGCATTCCCCTAACA,0,4101019
yacCp,0.125,7,7,CAGGGCAGGAAATCGTCTCG,0,4081494
yacCp,0.125,7,7,CAGCTGCGGGATGCTCGTAT,0,4098120
yacCp,0.125,7,7,CAGCGCGTCCAGAGTGGCTA,0,4094558
yacCp,0.125,7,7,CAGATACAGGGTTTCCGCCT,0,4095111
yacCp,0.125,7,7,CAGACTGGAGGAGCCGCAAT,0,4081116
yacCp,0.125,7,7,CACGTGGACAAACTGGGACG,0,4109838
yacCp,0.125,7,7,CACGTCTCGTTCTACAACCC,0,4101924
yacCp,0.125,7,7,CACGATGGCCTGGTACACAT,0,4080859
yacCp,0.125,7,7,CACCCCTACGTAACTTACGG,0,4103773
yacCp,0.125,7,7,CAATCAAAACGAGTGAATAT,0,4101003
yacCp,0.125,7,7,CAACGTCATATGCTGTGGCT,0,4099665
yacCp,0.125,7,7,ATTGTTAAATTCTGGCGTGC,0,4100709
yacCp,0.125,7,7,ATTGCGATACAAGGAGCGCC,0,4088951
yacCp,0.125,7,7,ATTCCTGCCTCGTACCCTCG,0,4081322
yacCp,0.125,7,7,ATTCACGGCATTACTTGTGT,0,4095933
yacCp,0.125,7,7,ATTAAACCGGCGGTTTAGCT,0,4110759
yacCp,0.125,7,7,ATGATTCATCGTTTGCGGTT,0,4100411
yacCp,0.125,7,7,ATGACTGTCATACTGGAGGT,0,4086081
yacCp,0.125,7,7,ATGACGATAGAGAGCCCTCT,0,4110377
yacCp,0.125,7,7,ATCTGTAGATAATGCCGTCG,0,4100244
yacCp,0.125,7,7,ATCTGGCCGGGGGACCTCGA,0,4089205
yacCp,0.125,7,7,ATCTGAGACTGGCTGTGAGA,0,4108640
yacCp,0.125,7,7,ATCTCACACCGCGGCAGCAT,0,4101037
yacCp,0.125,7,7,ATCGCAGGCCTCAGGGCTGA,0,4106225
yacCp,0.125,7,7,ATCATCGCGCGCGACGCTTA,0,4090942
yacCp,0.125,7,7,ATCACATTTCAGAAATATCT,0,4106599
yacCp,0.125,7,7,ATACTGTTTCTGTATCTGAG,0,4100275
yacCp,0.125,7,7,AGTTTTTGATGCGCTGTACT,0,4089456
yacCp,0.125,7,7,AGTTCTTGTTCTCGGCATGC,0,4098673
yacCp,0.125,7,7,AGTGCCCAACACGCGATCTT,0,4087323
yacCp,0.125,7,7,AGTCTAGGGACTATGGGCAA,0,4091384
yacCp,0.125,7,7,AGTCAACCTGGACGTCTGGC,0,4110291
yacCp,0.125,7,7,AGGTCGTATTATGGATCGAA,0,4084609
yacCp,0.125,7,7,AGGTCATAGACAAAGTGTGT,0,4088267
yacCp,0.125,7,7,AGGGTCGCCGTGCCAATTGG,0,4097013
yacCp,0.125,7,7,AGGGACCGGGTGCTCAGAAG,0,4091091
yacCp,0.125,7,7,AGGCTGTACAGCTTCCCGGT,0,4092233
yacCp,0.125,7,7,AGGATGAAACACAGACGGAA,0,4092729
yacCp,0.125,7,7,AGCGTTCTATTCGCATAGTC,0,4102902
yacCp,0.125,7,7,AGCGTTCAACAGGAGGATCG,0,4079751
yacCp,0.125,7,7,AGCGGCCACGCGGGCCACTT,0,4108558
yacCp,0.125,7,7,AGCGCGAACAGTTAGTTACG,0,4082787
yacCp,0.125,7,7,AGCGAAAGTGCGTTCTCCAC,0,4092673
yacCp,0.125,7,7,AGCCCTCGGAATCGAATCTC,0,4088479
yacCp,0.125,7,7,AGATTTCGACGATCTGGGGT,0,4110632
yacCp,0.125,7,7,AGATGGTTGTAATATTCTAC,0,4084357
yacCp,0.125,7,7,AGATGAGCTCCGGGACGGCT,0,4080818
yacCp,0.125,7,7,AGATGAAGGATGCCATGGGA,0,4109696
yacCp,0.125,7,7,AGATCTTAACAGGGTAAAGA,0,4093130
yacCp,0.125,7,7,AGATCTGCAGCGGGTACGGT,0,4084812
yacCp,0.125,7,7,AGATAGGGTCGCCGTGAGAC,0,4107623
yacCp,0.125,7,7,AGAGCGATGGCAATTAGCTG,0,4084763
yacCp,0.125,7,7,AGAGACTTATCCGAGCTGAA,0,4105434
yacCp,0.125,7,7,AGAGAAGTGACCCAAGCTGA,0,4097620
yacCp,0.125,7,7,AGACAATGTTTGAGGCGGTG,0,4106062
yacCp,0.125,7,7,AGACAATATACCCGACCGGT,0,4112464
yacCp,0.125,7,7,AGAATCATACGACCAGATCG,0,4102777
yacCp,0.125,7,7,AGAAAGCCACTGTTCTTGGG,0,4100984
yacCp,0.125,7,7,ACTTTAGCGAGCTCGTCCTA,0,4108136
yacCp,0.125,7,7,ACTTGCTCTGACGTACGGCG,0,4081410
yacCp,0.125,7,7,ACTGTCGCGCATTCGTAAAA,0,4080454
yacCp,0.125,7,7,ACTGTATTACGTGGCAGGAA,0,4088491
yacCp,0.125,7,7,ACTATCTACGACGAATCAGA,0,4092833
yacCp,0.125,7,7,ACTAACACTTCCTAGTTCCA,0,4090087
yacCp,0.125,7,7,ACGTTGCGAAGGTTGTTAGT,0,4111916
yacCp,0.125,7,7,ACGTGTACGGTTACTAGGCA,0,4089105
yacCp,0.125,7,7,ACGTGGCAACAATGCGGTAT,0,4102877
yacCp,0.125,7,7,ACGGTGGATAATTAGGGTGT,0,4111021
yacCp,0.125,7,7,ACGGGCGTTGTGGATCCTGA,0,4104244
yacCp,0.125,7,7,ACGGCCGGCCATTTCAGCCT,0,4112029
yacCp,0.125,7,7,ACGCTTTTTCCTCCGCACAG,0,4111290
yacCp,0.125,7,7,ACGCGCACATCTACGCCTTA,0,4099070
yacCp,0.125,7,7,ACGCCTCTATTCCCCGAACG,0,4089150
yacCp,0.125,7,7,ACGATCCAGTCAAAATATGA,0,4103821
yacCp,0.125,7,7,ACGAAGCAGTAAATAATCAA,0,4091779
yacCp,0.125,7,7,ACGAACGAGCGCATTTCGCA,0,4100514
yacCp,0.125,7,7,ACCCTGCGGAAGCACACCTT,0,4104238
yacCp,0.125,7,7,ACCCTCATGCCAGCCCATTT,0,4090381
yacCp,0.125,7,7,ACCCAAGGAGAGATTATTAT,0,4104228
yacCp,0.125,7,7,ACATTATCGCCAGCACTTAA,0,4099666
yacCp,0.125,7,7,ACATGCAGTGAGTCTTCGAG,0,4097031
yacCp,0.125,7,7,ACAGGGGCCAAAGACCTGTT,0,4087709
yacCp,0.125,7,7,ACAGGCCCCATTTATTTATA,0,4105236
yacCp,0.125,7,7,ACAGACACTCGACGGTAGAT,0,4104040
yacCp,0.125,7,7,ACACTCTGTAGAGCCCGCGT,0,4092774
yacCp,0.125,7,7,ACACGTTTGGAAGCCAAGGA,0,4097297
yacCp,0.125,7,7,ACAAGTGGTCTGGGCCGAGG,0,4081129
yacCp,0.125,7,7,ACAAGATATAACAGGGCCTC,0,4095467
yacCp,0.125,7,7,ACAACCTAACGCATCCGTCC,0,4086170
yacCp,0.125,7,7,AATGCGCCTGCACCTAGGCG,0,4095550
yacCp,0.125,7,7,AATATATTGGGACCGTAACA,0,4104939
yacCp,0.125,7,7,AATAATGAAAAGGGTGGCAT,0,4099807
yacCp,0.125,7,7,AAGTGTGGCCTCAGCTATCA,0,4110125
yacCp,0.125,7,7,AAGTGGTATCGGTAAGCTAC,0,4087016
yacCp,0.125,7,7,AAGTCTAGTCAGGGTTTCCT,0,4090888
yacCp,0.125,7,7,AAGTAGGCCTGCGATCTTTA,0,4089669
yacCp,0.125,7,7,AAGGAATGGCGGGTAGGGAG,0,4101738
yacCp,0.125,7,7,AAGAGGAGCGGGGGGAGAGG,0,4100006
yacCp,0.125,7,7,AAGACAGTACATCTTGGTAT,0,4079092
yacCp,0.125,7,7,AACTTACGCACGGCTCTCCA,0,4088933
yacCp,0.125,7,7,AACTGGTGGTCTGCCTGGAG,0,4109642
yacCp,0.125,7,7,AACTAGCAAAATGGTACTTC,0,4110508
yacCp,0.125,7,7,AACGTATGCGCGGTTATGAT,0,4107610
yacCp,0.125,7,7,AACGCTCGGGCATACAGGTG,0,4089034
yacCp,0.125,7,7,AACGCGGATTGTTTCAGATG,0,4083578
yacCp,0.125,7,7,AACCGCCCGGAAGTAACTCT,0,4094742
yacCp,0.125,7,7,AAATTTCTGCATTAACGGGA,0,4086509
yacCp,0.125,7,7,AAAGGAGCGTCCGTTTAGTA,0,4102314
yacCp,0.125,7,7,AAACTCGCACATCGAATTGT,0,4081205
yacCp,0.125,7,7,AAACGCGTGTCCACCATGCG,0,4094413
yacCp,0.125,7,7,AAAATGAGGTTAGGCCGCTC,0,4099636
yacCp,0.14285714285714285,6,6,TTTTATACAACGGTGTCTCC,0,4112017
yacCp,0.14285714285714285,6,6,TTTGTCCTACGCGAGGGGCA,0,4106811
yacCp,0.14285714285714285,6,6,TTTGCGGAGCCTGCTTACAA,0,4097147
yacCp,0.14285714285714285,6,6,TTTGCGATATTCAACTCAGT,0,4108477
yacCp,0.14285714285714285,6,6,TTTAGAGCACGTTGGACGAT,0,4099535
yacCp,0.14285714285714285,6,6,TTTAACGGTATTTTGACTAC,0,4090968
yacCp,0.14285714285714285,6,6,TTGTAGGCGGGTATCCAGTG,0,4097684
yacCp,0.14285714285714285,6,6,TTGGCCTCTTTGCACTGAAC,0,4096601
yacCp,0.14285714285714285,6,6,TTGGCCGACACGTACGGTCT,0,4095251
yacCp,0.14285714285714285,6,6,TTGGAGACGGGGTGTCTTCC,0,4089011
yacCp,0.14285714285714285,6,6,TTGCGGCCTAACAACGGTGT,0,4082286
yacCp,0.14285714285714285,6,6,TTGCCCGCGGATGCAACGAA,0,4092749
yacCp,0.14285714285714285,6,6,TTGCAAAGGAGACTTTTAAA,0,4099210
yacCp,0.14285714285714285,6,6,TTGAAATTTGACACGTGTCT,0,4096458
yacCp,0.14285714285714285,6,6,TTCTGGTGGGTCAAAAGAAA,0,4107192
yacCp,0.14285714285714285,6,6,TTCTGAGCACAGGGACACCT,0,4094971
yacCp,0.14285714285714285,6,6,TTCTCGCTGTCATTGGGTGT,0,4108151
yacCp,0.14285714285714285,6,6,TTCTAGTGTAAGTGTAGCAA,0,4090033
yacCp,0.14285714285714285,6,6,TTCGGATTTAGACACCTGTT,0,4111406
yacCp,0.14285714285714285,6,6,TTCGAAGTACCATCAGGCCT,0,4099365
yacCp,0.14285714285714285,6,6,TTCCGTGTCGATGGGGCCGA,0,4108992
yacCp,0.14285714285714285,6,6,TTCCGGACCGGGGATTCAAG,0,4108997
yacCp,0.14285714285714285,6,6,TTCCGAAAGCCAGGCACTGC,0,4091632
yacCp,0.14285714285714285,6,6,TTATTTTGGTCAAATTACCA,0,4108534
yacCp,0.14285714285714285,6,6,TTAGGAACAGGAACCTACTC,0,4089976
yacCp,0.14285714285714285,6,6,TTACTCTATATCGCAAGGCT,0,4099416
yacCp,0.14285714285714285,6,6,TTACAGACTTGGCAGGCTTC,0,4104970
yacCp,0.14285714285714285,6,6,TTAATGCAGGCTGTTAAACA,0,4095377
yacCp,0.14285714285714285,6,6,TTAAATTCTAGAGACAATAG,0,4093367
yacCp,0.14285714285714285,6,6,TGTTAGTAATATCTCCCGGG,0,4112701
yacCp,0.14285714285714285,6,6,TGTGGGGATGGAAACATAGA,0,4096982
yacCp,0.14285714285714285,6,6,TGTCTACGGAGGACGTGATG,0,4107405
yacCp,0.14285714285714285,6,6,TGTACGCTTTAATTTTTCGT,0,4111581
yacCp,0.14285714285714285,6,6,TGGTTTCCCCAACCTGATCG,0,4111298
yacCp,0.14285714285714285,6,6,TGGTTCTTCAGGCTGAGAAG,0,4092568
yacCp,0.14285714285714285,6,6,TGGTCTCAGCTGTATTAGTT,0,4081843
yacCp,0.14285714285714285,6,6,TGGTAGCCTATTGATCGGTA,0,4088597
yacCp,0.14285714285714285,6,6,TGGTACCAAAGGCCGTTGAA,0,4098907
yacCp,0.14285714285714285,6,6,TGGGTATATCTTTCGACGCT,0,4098493
yacCp,0.14285714285714285,6,6,TGGGTAAATGCATTAGAGAG,0,4081378
yacCp,0.14285714285714285,6,6,TGGGCGAAAATAGTATGGTC,0,4112223
yacCp,0.14285714285714285,6,6,TGGCTACATTTAAAACCTAT,0,4102175
yacCp,0.14285714285714285,6,6,TGGCGGTTTGCCTCAGGTAG,0,4081339
yacCp,0.14285714285714285,6,6,TGGCCGGCGGCCGAAGAACG,0,4091618
yacCp,0.14285714285714285,6,6,TGGACGGAGGTAGGTTGGTC,0,4110114
yacCp,0.14285714285714285,6,6,TGGACGCCCGGAGTGGGGTG,0,4101582
yacCp,0.14285714285714285,6,6,TGCTTATCCACCTCGTTGGT,0,4100509
yacCp,0.14285714285714285,6,6,TGCGGGAACAACCTCTCGTG,0,4079453
yacCp,0.14285714285714285,6,6,TGCGCTAGCGCCGAGATCCA,0,4102039
yacCp,0.14285714285714285,6,6,TGCCATTGAGTAATCGCGTT,0,4110199
yacCp,0.14285714285714285,6,6,TGCATCTGGAGCACCTATCT,0,4090997
yacCp,0.14285714285714285,6,6,TGCAGTGAATGCGCCATTGA,0,4095667
yacCp,0.14285714285714285,6,6,TGCACGGCCGCCGCGGCGAG,0,4111438
yacCp,0.14285714285714285,6,6,TGATGGAGCCGCAGAGATTG,0,4102239
yacCp,0.14285714285714285,6,6,TGATAAGGCCCGATGGTCCA,0,4088016
yacCp,0.14285714285714285,6,6,TGAGGCTTTAAACTGGTGAT,0,4111599
yacCp,0.14285714285714285,6,6,TGACTATGTAAATTCGGTAT,0,4095701
yacCp,0.14285714285714285,6,6,TGAATGGCTTGAATGGGCAA,0,4100408
yacCp,0.14285714285714285,6,6,TCTTCTGATAACTGGATGGA,0,4104294
yacCp,0.14285714285714285,6,6,TCTGTATCCCATAGCAGCCA,0,4109272
yacCp,0.14285714285714285,6,6,TCTCGCGGGGCAAATCACAA,0,4102439
yacCp,0.14285714285714285,6,6,TCTAAAGCCCAAATTTACGA,0,4097431
yacCp,0.14285714285714285,6,6,TCGTGTCCGGCCAGGTCCTG,0,4089395
yacCp,0.14285714285714285,6,6,TCGGTGGGAACCAAGAGCTT,0,4083148
yacCp,0.14285714285714285,6,6,TCGGACCTGGGGTAGGGCGT,0,4105106
yacCp,0.14285714285714285,6,6,TCGGAATCTGTGTACATGGT,0,4094679
yacCp,0.14285714285714285,6,6,TCGCGTGTCGGTCGCATTAT,0,4083099
yacCp,0.14285714285714285,6,6,TCGCGATAGAAAGAGAAACA,0,4102422
yacCp,0.14285714285714285,6,6,TCGCATAGATAGGCGCCCGT,0,4091370
yacCp,0.14285714285714285,6,6,TCCGCTCATAAGGTCCGCCG,0,4107225
yacCp,0.14285714285714285,6,6,TCCGCCTAAGACCCAGTATT,0,4095083
yacCp,0.14285714285714285,6,6,TCCGCAAGTTGGGTGCGACT,0,4099096
yacCp,0.14285714285714285,6,6,TCCCCAAAACTTCAGAATAT,0,4098283
yacCp,0.14285714285714285,6,6,TCCACCTGAGTAAGTTATCG,0,4090471
yacCp,0.14285714285714285,6,6,TATTCATGTGGCTCGTTGTG,0,4111961
yacCp,0.14285714285714285,6,6,TATGGGCCTGGGATATTACG,0,4081698
yacCp,0.14285714285714285,6,6,TATCGGATGAGTGCGTGAGG,0,4107194
yacCp,0.14285714285714285,6,6,TATAGGCCACCCGCCTGATG,0,4088167
yacCp,0.14285714285714285,6,6,TATAAAAAAGGTGCCAGAGT,0,4097507
yacCp,0.14285714285714285,6,6,TAGGTTAGGTGGCTAGTGCG,0,4099938
yacCp,0.14285714285714285,6,6,TAGGGGCCGAGGGGTCGACC,0,4079434
yacCp,0.14285714285714285,6,6,TAGCTGTGAGCGACAAATTA,0,4095173
yacCp,0.14285714285714285,6,6,TAGCTAGACTCATAAGTGCA,0,4087867
yacCp,0.14285714285714285,6,6,TAGCGGTTATAGCGGACCAC,0,4100055
yacCp,0.14285714285714285,6,6,TAGAGGACCACTGATAGACG,0,4098502
yacCp,0.14285714285714285,6,6,TACTGCGCGGTCACTTTCGG,0,4084971
yacCp,0.14285714285714285,6,6,TACTCGGTAATTCATGCAAA,0,4078478
yacCp,0.14285714285714285,6,6,TACGGACCCTTTCCCTAACT,0,4093295
yacCp,0.14285714285714285,6,6,TACCTTTTTGTCTGGAATGG,0,4109321
yacCp,0.14285714285714285,6,6,TACCGTGACGCCTCAGTATC,0,4100903
yacCp,0.14285714285714285,6,6,TACCAAGGAACCACCCCTTC,0,4087508
yacCp,0.14285714285714285,6,6,TACATTCACAAAACGTACCA,0,4090727
yacCp,0.14285714285714285,6,6,TACATAATCTTAGGTATGTT,0,4094650
yacCp,0.14285714285714285,6,6,TACAGCTAGAGATCAGTTGA,0,4080729
yacCp,0.14285714285714285,6,6,TACACTGAGAATCTAACCAG,0,4106125
yacCp,0.14285714285714285,6,6,TACAAGTTTTAAGTACGAAA,0,4094604
yacCp,0.14285714285714285,6,6,TAATGGGGGGGTAGCCTCGC,0,4086248
yacCp,0.14285714285714285,6,6,TAATAGTGTCTTGGCCTTCG,0,4090980
yacCp,0.14285714285714285,6,6,TAAGGCGTTGCATACCACCC,0,4083623
yacCp,0.14285714285714285,6,6,TAACTACCGGCTTGGCATGA,0,4102078
yacCp,0.14285714285714285,6,6,TAAAGCAGTCTAGGGAGCCA,0,4082208
yacCp,0.14285714285714285,6,6,GTTTGGTAGTCCCCCCCGGT,0,4079756
yacCp,0.14285714285714285,6,6,GTTTCTGACAGTCCAAGTGA,0,4106199
yacCp,0.14285714285714285,6,6,GTTTAGAAGTACGCTATGGT,0,4107990
yacCp,0.14285714285714285,6,6,GTTGTCCCGCCCATACGAAT,0,4088239
yacCp,0.14285714285714285,6,6,GTTCTCATCGCGCACCGGTA,0,4087884
yacCp,0.14285714285714285,6,6,GTTATAATAGGATCTTGGCG,0,4079593
yacCp,0.14285714285714285,6,6,GTGTTTTAATCATGGTCGAG,0,4091046
yacCp,0.14285714285714285,6,6,GTGTGCGCTCTCGGTTCTGT,0,4087602
yacCp,0.14285714285714285,6,6,GTGTATCTCTCATTACTTAC,0,4105441
yacCp,0.14285714285714285,6,6,GTGGTCAGGATGACCTAACC,0,4085647
yacCp,0.14285714285714285,6,6,GTGGGTTAGATGCAGCTCGT,0,4093195
yacCp,0.14285714285714285,6,6,GTGCTGGAGCCAGGGAGGTG,0,4112659
yacCp,0.14285714285714285,6,6,GTGCCCAAGTCGCGATATCG,0,4094832
yacCp,0.14285714285714285,6,6,GTGAAGTAGCTTTCTATTTC,0,4081520
yacCp,0.14285714285714285,6,6,GTCTCCAGGTGTTCTGGGCG,0,4082731
yacCp,0.14285714285714285,6,6,GTCTCATCCCACGAAGAACG,0,4098807
yacCp,0.14285714285714285,6,6,GTCTACCGTGCTACAAGGAC,0,4079131
yacCp,0.14285714285714285,6,6,GTCTACACGCAGAACACTCA,0,4094806
yacCp,0.14285714285714285,6,6,GTCGTCCTGGTCGAGACCAT,0,4112757
yacCp,0.14285714285714285,6,6,GTCGCGACAGTGACAATAGA,0,4096750
yacCp,0.14285714285714285,6,6,GTATTTGTGGGCGCGGCGGA,0,4085759
yacCp,0.14285714285714285,6,6,GTATAGAACACGTATGCTCT,0,4080993
yacCp,0.14285714285714285,6,6,GTAGTTCACCGACATCGCGA,0,4102301
yacCp,0.14285714285714285,6,6,GTAGGGTGCCGGCCTCCTAT,0,4111681
yacCp,0.14285714285714285,6,6,GTAGCGAACATTTCTGATTG,0,4104790
yacCp,0.14285714285714285,6,6,GTAACGCATCGCCACGATTT,0,4099234
yacCp,0.14285714285714285,6,6,GTAACGATAGGATGGTACCA,0,4084575
yacCp,0.14285714285714285,6,6,GGTTTATCGCAGGACGTACA,0,4106072
yacCp,0.14285714285714285,6,6,GGTGTATGTTCCAGTAAATC,0,4082541
yacCp,0.14285714285714285,6,6,GGTGGATCCCTACCTCTGGC,0,4080207
yacCp,0.14285714285714285,6,6,GGTCCAGTTGACTCTATACG,0,4096127
yacCp,0.14285714285714285,6,6,GGTCAGGGTTAGCAAACCCA,0,4104929
yacCp,0.14285714285714285,6,6,GGGTGCATCAATTGAATAAA,0,4090745
yacCp,0.14285714285714285,6,6,GGGTCTACCATGTACACTGT,0,4091060
yacCp,0.14285714285714285,6,6,GGGTAGTGGTTTCTGCGAAC,0,4096508
yacCp,0.14285714285714285,6,6,GGGGGCACTCGGTGATCGCA,0,4079725
yacCp,0.14285714285714285,6,6,GGGGCCTAATAGGTAGGTGG,0,4104296
yacCp,0.14285714285714285,6,6,GGGGCCAAAGAAATCTCGGG,0,4087887
yacCp,0.14285714285714285,6,6,GGGGATTTCAAGCGCGCGAA,0,4080891
yacCp,0.14285714285714285,6,6,GGGGATGTGTGGATGCAATG,0,4106008
yacCp,0.14285714285714285,6,6,GGGATCAAGACCATGAAGAA,0,4086514
yacCp,0.14285714285714285,6,6,GGCTTGATCACCATGAGCGA,0,4109663
yacCp,0.14285714285714285,6,6,GGCTCCCTCGGTAATCCGAA,0,4078972
yacCp,0.14285714285714285,6,6,GGCTACGACGTCATACGATA,0,4094216
yacCp,0.14285714285714285,6,6,GGCGTTCCGGTCACGCTTTT,0,4111138
yacCp,0.14285714285714285,6,6,GGCGGATCTGCATTGGTTGT,0,4085755
yacCp,0.14285714285714285,6,6,GGCGCAGTAATACAGCCTCG,0,4092967
yacCp,0.14285714285714285,6,6,GGCGAGCATATGTACACCTC,0,4106561
yacCp,0.14285714285714285,6,6,GGCGAAGGAGCGGGTTATTA,0,4112567
yacCp,0.14285714285714285,6,6,GGCCTCCTATCCAAAAGTGT,0,4098866
yacCp,0.14285714285714285,6,6,GGCCGGGCCGCCCATTCGCT,0,4089134
yacCp,0.14285714285714285,6,6,GGCAGACCGACGGCCCCATT,0,4091461
yacCp,0.14285714285714285,6,6,GGATGAGGCAGGGAAGCCGT,0,4095431
yacCp,0.14285714285714285,6,6,GGATAGATCATTTCGCGATG,0,4109080
yacCp,0.14285714285714285,6,6,GGAGGGCCACCCAGGAACAG,0,4109206
yacCp,0.14285714285714285,6,6,GGAATCTCCCTGGGGGGCTG,0,4100726
yacCp,0.14285714285714285,6,6,GGAAGGGACCACAAAAACTC,0,4106377
yacCp,0.14285714285714285,6,6,GGAACGATATATCGTTCCCA,0,4080895
yacCp,0.14285714285714285,6,6,GCTTCCATCTAGAACATTTC,0,4094967
yacCp,0.14285714285714285,6,6,GCTCGCTCTTGTTGTATTCA,0,4103718
yacCp,0.14285714285714285,6,6,GCTCCAGTACGTATAATTAA,0,4097300
yacCp,0.14285714285714285,6,6,GCGTCTCTGGCACGTCCAAT,0,4095973
yacCp,0.14285714285714285,6,6,GCGTACAGTATCAGTGAGAA,0,4109050
yacCp,0.14285714285714285,6,6,GCGCTCACTACGTTTGCCAG,0,4097229
yacCp,0.14285714285714285,6,6,GCGATACGTGTTCGACCAGT,0,4108551
yacCp,0.14285714285714285,6,6,GCCTTGTCGGGCAGCTTCGT,0,4091712
yacCp,0.14285714285714285,6,6,GCCGCGCGAACCGTGTCCCG,0,4095887
yacCp,0.14285714285714285,6,6,GCCGAAGCTCGTTTGCATCC,0,4086817
yacCp,0.14285714285714285,6,6,GCCCTGGAAACGCCAGCGAC,0,4097693
yacCp,0.14285714285714285,6,6,GCCCGCACGATCGATTTTAG,0,4082502
yacCp,0.14285714285714285,6,6,GCATGCGACGGGGGAAGAAC,0,4107768
yacCp,0.14285714285714285,6,6,GCATCAAGTGGTAGCCCTAA,0,4079965
yacCp,0.14285714285714285,6,6,GCATAAGTTGAATGTAAATA,0,4107061
yacCp,0.14285714285714285,6,6,GCAATGTGTTGCATATTTCC,0,4101136
yacCp,0.14285714285714285,6,6,GATTGTGCGGACGGTGGTCT,0,4108299
yacCp,0.14285714285714285,6,6,GATGTGTGAAGACGTGGGAG,0,4088490
yacCp,0.14285714285714285,6,6,GATCACTTTGTCTAAGGGCT,0,4098675
yacCp,0.14285714285714285,6,6,GATCAAGTCCAAACTTGTTG,0,4112546
yacCp,0.14285714285714285,6,6,GATAGTTGTGTTGCGCAGAG,0,4104987
yacCp,0.14285714285714285,6,6,GAGTATTCACCGTATTCACA,0,4100929
yacCp,0.14285714285714285,6,6,GAGGCTCATAGATACTTGGC,0,4091998
yacCp,0.14285714285714285,6,6,GAGAACCGCAAAGTTAGTGA,0,4099009
yacCp,0.14285714285714285,6,6,GACTGACTGAGTACGGAATT,0,4106059
yacCp,0.14285714285714285,6,6,GACTCCTTCACGTTCGTGCT,0,4083774
yacCp,0.14285714285714285,6,6,GACTCATTGAGCCAGTTAGC,0,4093261
yacCp,0.14285714285714285,6,6,GAAGCGGCGACGATTTCGGG,0,4103199
yacCp,0.14285714285714285,6,6,GAAGAATAGGTTCGCATAGT,0,4084597
yacCp,0.14285714285714285,6,6,GAAATTACTTTGTGGACCTT,0,4099247
yacCp,0.14285714285714285,6,6,CTTCGGCCTACTAGCCTTGC,0,4079668
yacCp,0.14285714285714285,6,6,CTTCGGCAGCATTACTGCAA,0,4098938
yacCp,0.14285714285714285,6,6,CTTCAGACGCGTAGGATGTT,0,4103616
yacCp,0.14285714285714285,6,6,CTTATCGCTGATGCGGACGA,0,4079563
yacCp,0.14285714285714285,6,6,CTGTATGAGGACTTTCCACA,0,4090865
yacCp,0.14285714285714285,6,6,CTGGGTGCGGGCGACTGTAG,0,4094964
yacCp,0.14285714285714285,6,6,CTGGACCTTGAGAGCTCGTC,0,4090572
yacCp,0.14285714285714285,6,6,CTGCGAGTATACAGTCGTCT,0,4108453
yacCp,0.14285714285714285,6,6,CTGCGACGTATAGTGGGCTG,0,4110991
yacCp,0.14285714285714285,6,6,CTGCCGGCATCCATTGTGGG,0,4090072
yacCp,0.14285714285714285,6,6,CTGAGGGCCTTCTAGCGATC,0,4104875
yacCp,0.14285714285714285,6,6,CTGACGGTGCCAGAGATACT,0,4090007
yacCp,0.14285714285714285,6,6,CTGAATACTCTCTCAGGATC,0,4109028
yacCp,0.14285714285714285,6,6,CTCTGGATGTGCCTGGAGGT,0,4094909
yacCp,0.14285714285714285,6,6,CTCTCTTCAACTGAATGCTA,0,4098714
yacCp,0.14285714285714285,6,6,CTCGGGTCAGGACTAGCAAG,0,4079452
yacCp,0.14285714285714285,6,6,CTAGTATGATAATCATGAAT,0,4093191
yacCp,0.14285714285714285,6,6,CTAGCGCGTACCCGTTCGCA,0,4092476
yacCp,0.14285714285714285,6,6,CTAGATTTGATTCAGTCGCG,0,4088583
yacCp,0.14285714285714285,6,6,CTACACTTACGATTTCTCCA,0,4094801
yacCp,0.14285714285714285,6,6,CTAATACTATTTCACAGGTA,0,4102719
yacCp,0.14285714285714285,6,6,CGTTCATTAATACCGGGGTA,0,4083058
yacCp,0.14285714285714285,6,6,CGTTAAGCTTACTCGGAATA,0,4080681
yacCp,0.14285714285714285,6,6,CGTGCGGGAGAACCAAGTTA,0,4100274
yacCp,0.14285714285714285,6,6,CGTGAAGCAGAGGGGGGAGC,0,4106860
yacCp,0.14285714285714285,6,6,CGTCTATGAGAACCTTAAGT,0,4107115
yacCp,0.14285714285714285,6,6,CGTCCCGCACGGCCATCCGG,0,4096204
yacCp,0.14285714285714285,6,6,CGTCACGTGGTCGGCCGGCA,0,4083893
yacCp,0.14285714285714285,6,6,CGTCACGGATCGATGTTAGT,0,4101224
yacCp,0.14285714285714285,6,6,CGTAGTCAGATCGAAGTTCT,0,4099429
yacCp,0.14285714285714285,6,6,CGGGCTGAGCCAAAGGATAG,0,4109667
yacCp,0.14285714285714285,6,6,CGGAGCACTATGCCACGTGT,0,4081955
yacCp,0.14285714285714285,6,6,CGGACAGGCCAAGAGGTCCA,0,4105587
yacCp,0.14285714285714285,6,6,CGCTTGATGCTAATTACACC,0,4091723
yacCp,0.14285714285714285,6,6,CGCAACACCTGGCCTTAGTT,0,4096805
yacCp,0.14285714285714285,6,6,CGATGGGGGCTCGCCTCAGT,0,4091778
yacCp,0.14285714285714285,6,6,CGATGCTAACCGGGCGTAGC,0,4100156
yacCp,0.14285714285714285,6,6,CGATCTGTGGTAGGTAATCA,0,4108938
yacCp,0.14285714285714285,6,6,CGATCCGACCATAAAATCTG,0,4100501
yacCp,0.14285714285714285,6,6,CGATATCGGCCATCCACAGT,0,4090622
yacCp,0.14285714285714285,6,6,CGATAGAAGTGTGTACACTC,0,4090179
yacCp,0.14285714285714285,6,6,CGAGTTCGTTCTTCGCTTAG,0,4082647
yacCp,0.14285714285714285,6,6,CGAGATCAGTTATTTACTAG,0,4101974
yacCp,0.14285714285714285,6,6,CGACACCTCTACGCGAGAGA,0,4081571
yacCp,0.14285714285714285,6,6,CGAATGTGTTTTTGTAATTG,0,4095702
yacCp,0.14285714285714285,6,6,CGAAGGCCCCGATGACTGCA,0,4096042
yacCp,0.14285714285714285,6,6,CGAAGGATCGCCTTTGGAGA,0,4095477
yacCp,0.14285714285714285,6,6,CGAACCAGGTCTCGACTTCT,0,4103336
yacCp,0.14285714285714285,6,6,CGAAAAACAATGTAGTATGG,0,4079364
yacCp,0.14285714285714285,6,6,CCTGAGATGTCCTCGGATAA,0,4091574
yacCp,0.14285714285714285,6,6,CCGTTTGGCTCCAGGGAGAG,0,4100654
yacCp,0.14285714285714285,6,6,CCGTGCTGCGGCGAACGGGA,0,4095825
yacCp,0.14285714285714285,6,6,CCGGGCTTCGAGTAGCCTAT,0,4092964
yacCp,0.14285714285714285,6,6,CCGGGATCCGCCGTAAGCTC,0,4097307
yacCp,0.14285714285714285,6,6,CCGGAGCAATCCATATGTCA,0,4108935
yacCp,0.14285714285714285,6,6,CCGCTTGCCGCATGCGTCAA,0,4102507
yacCp,0.14285714285714285,6,6,CCGCAGATACAGATGTTTCT,0,4083310
yacCp,0.14285714285714285,6,6,CCGAACGGTACACAGGCACT,0,4095931
yacCp,0.14285714285714285,6,6,CCCGTGCAAAGTTAACAACG,0,4112447
yacCp,0.14285714285714285,6,6,CCCCGGTCAGTAGAGCTATA,0,4081351
yacCp,0.14285714285714285,6,6,CCCCCGGGGTAATGGTCAAT,0,4109319
yacCp,0.14285714285714285,6,6,CCCCAATCTCGTGAGCACCA,0,4103064
yacCp,0.14285714285714285,6,6,CCCAAATGTCAAAAGGTGCC,0,4083858
yacCp,0.14285714285714285,6,6,CCATTCACCTTAATATGCTC,0,4079535
yacCp,0.14285714285714285,6,6,CCATGGAATAAAAGCCGTCT,0,4110668
yacCp,0.14285714285714285,6,6,CCATAGCAGCCCAAAATTAA,0,4086082
yacCp,0.14285714285714285,6,6,CCAGACGATACGTATGCTCG,0,4087624
yacCp,0.14285714285714285,6,6,CCACGCGCTAGGTTGTTGCT,0,4109096
yacCp,0.14285714285714285,6,6,CCAAAGCCGTCCTGCCAGAA,0,4108081
yacCp,0.14285714285714285,6,6,CATTAATCGTTTCGGGGGAG,0,4109236
yacCp,0.14285714285714285,6,6,CATGAGACCTTTTTATGGCA,0,4090045
yacCp,0.14285714285714285,6,6,CATCCCGTCTAATGTCCCTT,0,4107300
yacCp,0.14285714285714285,6,6,CATAAGCAATAGGGGACAGT,0,4089798
yacCp,0.14285714285714285,6,6,CAGTGAGTTAATACCATTCT,0,4107873
yacCp,0.14285714285714285,6,6,CAGTAGTGGATTGCATGCAT,0,4082349
yacCp,0.14285714285714285,6,6,CAGTAAGCCAATTAAATTAG,0,4100496
yacCp,0.14285714285714285,6,6,CAGCGTCCCAGAAACACGCA,0,4084028
yacCp,0.14285714285714285,6,6,CACTCTAACGTTCCCATTTT,0,4100341
yacCp,0.14285714285714285,6,6,CACTATTATGTTTCCGAAGC,0,4088003
yacCp,0.14285714285714285,6,6,CACGTTGGGCATTACATTCC,0,4085318
yacCp,0.14285714285714285,6,6,CACGGCGTTCTGGGTACGTT,0,4099955
yacCp,0.14285714285714285,6,6,CACGAACGGCGCCATCGGGT,0,4105243
yacCp,0.14285714285714285,6,6,CACGAAAGAATATACACCCT,0,4087340
yacCp,0.14285714285714285,6,6,CACGAAAACGTGCTGTAATG,0,4096668
yacCp,0.14285714285714285,6,6,CACACCTGTAGGCACTCACA,0,4081785
yacCp,0.14285714285714285,6,6,CAATGGGGGAGAAGTTATGG,0,4097840
yacCp,0.14285714285714285,6,6,CAATCACCAGCCACCTTACC,0,4084485
yacCp,0.14285714285714285,6,6,CAAGCGCATTAACCGTGCGT,0,4108593
yacCp,0.14285714285714285,6,6,CAACACTCTTGGGTTGCCAT,0,4079906
yacCp,0.14285714285714285,6,6,CAACAATAGGATCGAGGCAT,0,4102028
yacCp,0.14285714285714285,6,6,ATTTGTCATCGAGCCGCGCA,0,4098583
yacCp,0.14285714285714285,6,6,ATTTCAGGGGTACCGGGTAA,0,4099980
yacCp,0.14285714285714285,6,6,ATTCGATATGTGCATGGCTA,0,4109106
yacCp,0.14285714285714285,6,6,ATGTCTATCGCTGCTGTTGT,0,4109958
yacCp,0.14285714285714285,6,6,ATGTCGCCCCTTTAAAAATT,0,4104090
yacCp,0.14285714285714285,6,6,ATGTACCTGCTCCAGTGTGA,0,4096995
yacCp,0.14285714285714285,6,6,ATGGTTACCTCAGGGGGGCT,0,4100136
yacCp,0.14285714285714285,6,6,ATGGTGTAAGGCATACAAGG,0,4108872
yacCp,0.14285714285714285,6,6,ATGGTATGCCCCCATTACCT,0,4099853
yacCp,0.14285714285714285,6,6,ATGGCTACTGCTTTTCGCTT,0,4084330
yacCp,0.14285714285714285,6,6,ATGGCCCTTGCCAGAAGGAG,0,4105797
yacCp,0.14285714285714285,6,6,ATGGACAGTTGCGGCAGAGG,0,4103317
yacCp,0.14285714285714285,6,6,ATGCTTCCGTTTGGCGAACG,0,4094280
yacCp,0.14285714285714285,6,6,ATGCTGACGAAACCAGGCCA,0,4079008
yacCp,0.14285714285714285,6,6,ATGCATTTTCTCCGACGTTC,0,4104039
yacCp,0.14285714285714285,6,6,ATGCAGGGGCCACCGGGAGA,0,4106505
yacCp,0.14285714285714285,6,6,ATGATCCCCAGCATGCTCAG,0,4082325
yacCp,0.14285714285714285,6,6,ATGAGCGCCACCGGTATAGG,0,4099795
yacCp,0.14285714285714285,6,6,ATCTTGAGACTACTGTAATT,0,4101423
yacCp,0.14285714285714285,6,6,ATCGGCGTCGATCGAGGTGT,0,4095904
yacCp,0.14285714285714285,6,6,ATCGATTGATACTCAGGAAG,0,4087674
yacCp,0.14285714285714285,6,6,ATCCATTTTAGACTGGGAGT,0,4083467
yacCp,0.14285714285714285,6,6,ATCCATGCATCCACTGATAG,0,4100012
yacCp,0.14285714285714285,6,6,ATATTCCCTCATGCCACAAC,0,4097966
yacCp,0.14285714285714285,6,6,ATAGTCTATAGTTTGATCCG,0,4101005
yacCp,0.14285714285714285,6,6,ATAGCTTAGCTTTAGGCAAC,0,4099335
yacCp,0.14285714285714285,6,6,AGTTGCAGCGCTAAAAGGGA,0,4092819
yacCp,0.14285714285714285,6,6,AGTGAAGAAGTTGGCCCACG,0,4099804
yacCp,0.14285714285714285,6,6,AGTCTTGTGAAAGTCCTATG,0,4083220
yacCp,0.14285714285714285,6,6,AGTCGGCCATGATGCCTATG,0,4085507
yacCp,0.14285714285714285,6,6,AGTCGGCAAGGGTACGGGGT,0,4092187
yacCp,0.14285714285714285,6,6,AGTCATACTCAAGTCATACA,0,4084241
yacCp,0.14285714285714285,6,6,AGGTAGGAAGCTTGGGAGTT,0,4108212
yacCp,0.14285714285714285,6,6,AGGGGTCATTAAGTAGGTTT,0,4110275
yacCp,0.14285714285714285,6,6,AGGGGGTAATTGCAATTTTA,0,4106189
yacCp,0.14285714285714285,6,6,AGGGACTCACGGGCCGGCCT,0,4090242
yacCp,0.14285714285714285,6,6,AGGGACATCGAGGTGCGGAG,0,4098838
yacCp,0.14285714285714285,6,6,AGGGAAAGTTTGTACGTGTG,0,4081430
yacCp,0.14285714285714285,6,6,AGGCTGCGCTGGCCCGCAGT,0,4091995
yacCp,0.14285714285714285,6,6,AGGCGTTGCACGCGAAAAGA,0,4110319
yacCp,0.14285714285714285,6,6,AGCTTCTTGGTGATGGATAT,0,4110295
yacCp,0.14285714285714285,6,6,AGCGGGCCGGTTCATGTCTA,0,4083513
yacCp,0.14285714285714285,6,6,AGCGCGTCTCGATACGGGGG,0,4087841
yacCp,0.14285714285714285,6,6,AGCGACTGTTCGAGTATTGT,0,4095966
yacCp,0.14285714285714285,6,6,AGCCGGTAACGTGTAAAGTA,0,4106943
yacCp,0.14285714285714285,6,6,AGCATCGCTACCCTACTATC,0,4082252
yacCp,0.14285714285714285,6,6,AGAGCAACAAGGCTGTTGTG,0,4087164
yacCp,0.14285714285714285,6,6,AGACGCTCCAGTACGACTAG,0,4110961
yacCp,0.14285714285714285,6,6,AGAATACACTGCATTAGCGA,0,4103920
yacCp,0.14285714285714285,6,6,AGAAAAGAGACCAGTCGCGC,0,4080782
yacCp,0.14285714285714285,6,6,ACTTTAGTTCTTGCGTCATA,0,4080612
yacCp,0.14285714285714285,6,6,ACTTGGCGTCGTACAACACA,0,4098524
yacCp,0.14285714285714285,6,6,ACTGGGTAGGGGCTGCGTTC,0,4109384
yacCp,0.14285714285714285,6,6,ACTGGCGTTCCGTCTTCTCT,0,4091840
yacCp,0.14285714285714285,6,6,ACTCTACGAGGTGTTAATAA,0,4084997
yacCp,0.14285714285714285,6,6,ACTCGTTGTCCGAGAGTGCA,0,4085268
yacCp,0.14285714285714285,6,6,ACTCCCCACATTGGTACTAC,0,4098859
yacCp,0.14285714285714285,6,6,ACGTGACACCTGTTACCTAG,0,4101025
yacCp,0.14285714285714285,6,6,ACGGTTATCCGTTCATTCGT,0,4096253
yacCp,0.14285714285714285,6,6,ACGGTCCACCCTATTTTCAA,0,4090747
yacCp,0.14285714285714285,6,6,ACGGGGCAGTTTGCTATACA,0,4097058
yacCp,0.14285714285714285,6,6,ACGGAAATAACGGCCCTTCT,0,4101505
yacCp,0.14285714285714285,6,6,ACGCATTCCTGGGTAGTACT,0,4107723
yacCp,0.14285714285714285,6,6,ACGCAACTTGGATCTGTCTA,0,4093635
yacCp,0.14285714285714285,6,6,ACGATACTGACCGCGCTTAT,0,4097060
yacCp,0.14285714285714285,6,6,ACGAATGTCTGTCAGGACAA,0,4109435
yacCp,0.14285714285714285,6,6,ACCTGGGCGTCCTCCGCGCG,0,4105870
yacCp,0.14285714285714285,6,6,ACCTGCGGTTAGTAAGATCG,0,4080689
yacCp,0.14285714285714285,6,6,ACCGCGGATACAAGAGACGT,0,4081012
yacCp,0.14285714285714285,6,6,ACCCGGCCACAGTTGAGTCT,0,4108804
yacCp,0.14285714285714285,6,6,ACCCCTACAAGGCCGTTAAG,0,4096907
yacCp,0.14285714285714285,6,6,ACCCAGCCTGATGTCAAACC,0,4102626
yacCp,0.14285714285714285,6,6,ACCATCCTAGAGGTGGGACT,0,4084364
yacCp,0.14285714285714285,6,6,ACATGTGTCGTCAGATTCAT,0,4109413
yacCp,0.14285714285714285,6,6,ACAGAACCGATCGTGTGTGA,0,4107421
yacCp,0.14285714285714285,6,6,ACACATCAGTACCGTTCGCT,0,4093900
yacCp,0.14285714285714285,6,6,ACACAGGGAGTTCATCATTG,0,4107782
yacCp,0.14285714285714285,6,6,ACAACTTGGCGTCTGTAATT,0,4110501
yacCp,0.14285714285714285,6,6,ACAACATGATTTCCTAGCGA,0,4104689
yacCp,0.14285714285714285,6,6,AATTTTACTATTAGCTGTTG,0,4090520
yacCp,0.14285714285714285,6,6,AATTGGGCTGCCGTATACTT,0,4096198
yacCp,0.14285714285714285,6,6,AATGTTTGTTACCTAGAAAA,0,4098164
yacCp,0.14285714285714285,6,6,AATGTGAGGATCCCGTCCTT,0,4093621
yacCp,0.14285714285714285,6,6,AATCCTGATCGAAGTCAGGA,0,4083666
yacCp,0.14285714285714285,6,6,AATATCGAGTAGATGTTTGA,0,4105099
yacCp,0.14285714285714285,6,6,AAGTTGCAGGTGTGAGCTAA,0,4082131
yacCp,0.14285714285714285,6,6,AAGGTCTTCATTTTCAGGCC,0,4089599
yacCp,0.14285714285714285,6,6,AAGGGCTTGTACGTACCTGT,0,4091739
yacCp,0.14285714285714285,6,6,AAGCGATTCATCTCTCCCGT,0,4108117
yacCp,0.14285714285714285,6,6,AAGACGCATACAGCAACTTG,0,4096120
yacCp,0.14285714285714285,6,6,AAGAATCCCATTTTCCGGCA,0,4079722
yacCp,0.14285714285714285,6,6,AACTGAGCTCACGAAAGCTT,0,4103386
yacCp,0.14285714285714285,6,6,AACGTACCCATTTGATAGCA,0,4108557
yacCp,0.14285714285714285,6,6,AACGGATGCCGACACCTAGG,0,4104510
yacCp,0.14285714285714285,6,6,AACCATTTTCATTAATAGGC,0,4088963
yacCp,0.14285714285714285,6,6,AACATTTGTACTGTGTCAGA,0,4105131
yacCp,0.14285714285714285,6,6,AACAATTGATGGGAGGCACA,0,4079774
yacCp,0.14285714285714285,6,6,AACAACCAACCGGTGTGGCC,0,4098616
yacCp,0.14285714285714285,6,6,AAATTGTAGTGGTCTCACTT,0,4091383
yacCp,0.14285714285714285,6,6,AAATCCGGACAGACATTTTC,0,4082216
yacCp,0.14285714285714285,6,6,AAAGGACTCTGAGTGCGTCC,0,4081743
yacCp,0.14285714285714285,6,6,AAAAGGAGTTCGTGGAGGCA,0,4079662
yacCp,0.14285714285714285,6,6,AAAACATGCCCTTCAAATCA,0,4112809
yacCp,0.14285714285714285,6,6,AAAAATCATGGCGCAATCAT,0,4090224
yacCp,0.14285714285714285,6,6,AAAAAGTACTATATCATCGT,0,4084896
yacCp,0.16666666666666666,5,5,TTTTTTATGCGTACATTGAG,0,4078763
yacCp,0.16666666666666666,5,5,TTTTTATGATACTGTGATTG,0,4082034
yacCp,0.16666666666666666,5,5,TTTTGCTGGACTCATAGGCT,0,4079125
yacCp,0.16666666666666666,5,5,TTTTACTAAATACGAGCAGT,0,4091863
yacCp,0.16666666666666666,5,5,TTTCGCTGTTAAAGAGAAAT,0,4103630
yacCp,0.16666666666666666,5,5,TTTCAAGACAAATTGTTCTT,0,4107329
yacCp,0.16666666666666666,5,5,TTTACAACCGTAGACGACAC,0,4103508
yacCp,0.16666666666666666,5,5,TTTAAACCAGTAGGTTTAGC,0,4086953
yacCp,0.16666666666666666,5,5,TTGTAGTACTGAAAAGACCA,0,4092346
yacCp,0.16666666666666666,5,5,TTGGTCCAATAAAGGATGAA,0,4080869
yacCp,0.16666666666666666,5,5,TTGGCTAACGCTTGATCAGA,0,4088568
yacCp,0.16666666666666666,5,5,TTGGACCCACTCCGTCTTGG,0,4095174
yacCp,0.16666666666666666,5,5,TTGCGTCTAGGCATCCGGTA,0,4111896
yacCp,0.16666666666666666,5,5,TTGCGGGATGGGTAGACCGT,0,4096456
yacCp,0.16666666666666666,5,5,TTGCCTGTTCACGTGTGCGA,0,4104393
yacCp,0.16666666666666666,5,5,TTGAGCTTAGGGTTGTGACC,0,4092043
yacCp,0.16666666666666666,5,5,TTGACATCGCGGTGTACCCT,0,4084329
yacCp,0.16666666666666666,5,5,TTCGGTCGTGGTTTTTCTGG,0,4097246
yacCp,0.16666666666666666,5,5,TTCCGCTAGAGCCGGCACCA,0,4092099
yacCp,0.16666666666666666,5,5,TTCAGGGCAGCACAGTGTGT,0,4097776
yacCp,0.16666666666666666,5,5,TTATGTAGAGAGTACAGGGG,0,4087901
yacCp,0.16666666666666666,5,5,TTATAGCCACAGAACCACGT,0,4081689
yacCp,0.16666666666666666,5,5,TTAGCAATAGCGCACGATTC,0,4109330
yacCp,0.16666666666666666,5,5,TTACTACAGGGGGTAAAATA,0,4091524
yacCp,0.16666666666666666,5,5,TTACAGCAAGTGGTATCTTA,0,4092711
yacCp,0.16666666666666666,5,5,TTAATGGTGACAGAAGGCAT,0,4090099
yacCp,0.16666666666666666,5,5,TTAATACGGGTTCCTTCCTG,0,4111015
yacCp,0.16666666666666666,5,5,TTAAAAGATGCGCGTCGCCC,0,4105354
yacCp,0.16666666666666666,5,5,TGTTTGGTTGCCAATTTGAA,0,4112117
yacCp,0.16666666666666666,5,5,TGTTAGAATGCGATAGACTA,0,4086477
yacCp,0.16666666666666666,5,5,TGTGAAAATCCTAGTGCAAT,0,4090826
yacCp,0.16666666666666666,5,5,TGTCTTGTACGTTCAATTTT,0,4110877
yacCp,0.16666666666666666,5,5,TGTATGTTCCTGTGTTCAGC,0,4103775
yacCp,0.16666666666666666,5,5,TGGTCAAGTTAACGCACACC,0,4095499
yacCp,0.16666666666666666,5,5,TGGTAATAAACCTTCTACTC,0,4078783
yacCp,0.16666666666666666,5,5,TGGGGGTTCAGTGCCACGTT,0,4092559
yacCp,0.16666666666666666,5,5,TGCTAGGTACTATATGGCGT,0,4081474
yacCp,0.16666666666666666,5,5,TGCGGTAATCTCGCGCTATC,0,4099278
yacCp,0.16666666666666666,5,5,TGCGGAGGCTGGAATCAGAG,0,4080809
yacCp,0.16666666666666666,5,5,TGCCTTCGGTAACCGGCTCT,0,4098811
yacCp,0.16666666666666666,5,5,TGCATGCTCGTAATCTCGTC,0,4085683
yacCp,0.16666666666666666,5,5,TGCAGAAAGGTGGCTCAATG,0,4084499
yacCp,0.16666666666666666,5,5,TGCACCCAAAATATGAATCG,0,4093505
yacCp,0.16666666666666666,5,5,TGATCACATAGCTTAGACAT,0,4078764
yacCp,0.16666666666666666,5,5,TGAGGTTGTCGTGACACGAG,0,4104653
yacCp,0.16666666666666666,5,5,TGAGACGCTTAGTAAGCTGT,0,4099494
yacCp,0.16666666666666666,5,5,TCTTGAGTCATGTACTATGG,0,4107004
yacCp,0.16666666666666666,5,5,TCTTATTTTGCGAAGGTTTT,0,4081849
yacCp,0.16666666666666666,5,5,TCTTAGTGCTTGTTGAGTGT,0,4107636
yacCp,0.16666666666666666,5,5,TCTTAAAGCCCCACTCATCA,0,4086452
yacCp,0.16666666666666666,5,5,TCTGGCTTTGGGGATGGGGG,0,4111894
yacCp,0.16666666666666666,5,5,TCTGGCCTGGGGTCCGATCT,0,4090977
yacCp,0.16666666666666666,5,5,TCTCAGAGGATTGAGGGTGT,0,4102032
yacCp,0.16666666666666666,5,5,TCTAGGATCCACGCGAATAC,0,4100502
yacCp,0.16666666666666666,5,5,TCGTTGGTGGGAAGAGGAGT,0,4090741
yacCp,0.16666666666666666,5,5,TCGTATCAACATTTATGTCA,0,4079946
yacCp,0.16666666666666666,5,5,TCGGTCGTTGACTATATATT,0,4104063
yacCp,0.16666666666666666,5,5,TCGGCAGACGTTCAGCTGAC,0,4096713
yacCp,0.16666666666666666,5,5,TCGCAAGCGTTTTCCTTAAT,0,4093451
yacCp,0.16666666666666666,5,5,TCGATCTTGGATGGTTCAGA,0,4106101
yacCp,0.16666666666666666,5,5,TCGATCATATGCTACCGCGC,0,4106612
yacCp,0.16666666666666666,5,5,TCCTGGCATTGTTGTGCCTT,0,4104625
yacCp,0.16666666666666666,5,5,TCCTACTGGCCATTGTATAG,0,4108898
yacCp,0.16666666666666666,5,5,TCCGCACTATGGTGCTGGAT,0,4091853
yacCp,0.16666666666666666,5,5,TCCAAAAAAGGCAGCCCGTA,0,4095132
yacCp,0.16666666666666666,5,5,TCAGTTTCTCCCGCATTGCA,0,4099119
yacCp,0.16666666666666666,5,5,TCACGGCGTGATCGTCTCGT,0,4088018
yacCp,0.16666666666666666,5,5,TCACGCGACTCGATTAATAC,0,4105523
yacCp,0.16666666666666666,5,5,TCAATTTGCCTCAGGCTGGT,0,4078962
yacCp,0.16666666666666666,5,5,TCAACCAGAACAGGCAGTAA,0,4102366
yacCp,0.16666666666666666,5,5,TATTGTGTATGATTCCCGTT,0,4103980
yacCp,0.16666666666666666,5,5,TATGTGTGGGATTTATCAGT,0,4099563
yacCp,0.16666666666666666,5,5,TATGGAACAGAGTGTACCAT,0,4085473
yacCp,0.16666666666666666,5,5,TATCGTTATAATGGTCTCAC,0,4107797
yacCp,0.16666666666666666,5,5,TATATTTCCCAGGCCAGTAA,0,4102623
yacCp,0.16666666666666666,5,5,TATAGTCAATCTCGCATGGT,0,4089432
yacCp,0.16666666666666666,5,5,TATAGGTTTTCACCTCCCGC,0,4090850
yacCp,0.16666666666666666,5,5,TATAAGGCTTCCCCAACCCC,0,4104681
yacCp,0.16666666666666666,5,5,TAGGGGTCGGAGTCTCCCGA,0,4088389
yacCp,0.16666666666666666,5,5,TAGCCAGTCTTCGCTGTACT,0,4096550
yacCp,0.16666666666666666,5,5,TAGCACGAAATCCCACACGT,0,4083967
yacCp,0.16666666666666666,5,5,TAGATGCATGCTCGTTTTTG,0,4096408
yacCp,0.16666666666666666,5,5,TAGAAAACCGTTCTTCATAC,0,4103999
yacCp,0.16666666666666666,5,5,TACGTGCGACCTCCAGGGTA,0,4104775
yacCp,0.16666666666666666,5,5,TACGGTAGCGATTCGTCAGA,0,4096419
yacCp,0.16666666666666666,5,5,TACATGGGAGTTGCCACATA,0,4098528
yacCp,0.16666666666666666,5,5,TACACGTTTTGTTTCGTTGC,0,4098935
yacCp,0.16666666666666666,5,5,TAATGAACCGCATCGAATGG,0,4086836
yacCp,0.16666666666666666,5,5,TAATCGCACATCCCAGGGAG,0,4106899
yacCp,0.16666666666666666,5,5,TAATCCTGGGGACTTCCCCA,0,4084094
yacCp,0.16666666666666666,5,5,TAAAACGCGTTTATGGAGAG,0,4101656
yacCp,0.16666666666666666,5,5,GTTTTTCACGCCGGGCAACA,0,4086169
yacCp,0.16666666666666666,5,5,GTTTGGATTGGGTCCCTACC,0,4094223
yacCp,0.16666666666666666,5,5,GTTTGATTCAGCCCCGAAAC,0,4084580
yacCp,0.16666666666666666,5,5,GTTTAAGTGCCAATTGTGGA,0,4090075
yacCp,0.16666666666666666,5,5,GTTTAAAATTTCCTAAGTGT,0,4095856
yacCp,0.16666666666666666,5,5,GTTGCTGCGTGATCGGAGCA,0,4096922
yacCp,0.16666666666666666,5,5,GTTGCGGCTGTCCTACGTAT,0,4092796
yacCp,0.16666666666666666,5,5,GTTGAGCGTAATTTGGAGAG,0,4105529
yacCp,0.16666666666666666,5,5,GTTCTATGACTTACTGGTCG,0,4086154
yacCp,0.16666666666666666,5,5,GTTCGTAGTTATCTGAAGAC,0,4107007
yacCp,0.16666666666666666,5,5,GTTCCATAGAAGACCTTTTA,0,4084263
yacCp,0.16666666666666666,5,5,GTGTGTGCGGTGGTCTGCGT,0,4103474
yacCp,0.16666666666666666,5,5,GTGGCTTCTAACCTGCGGGC,0,4087015
yacCp,0.16666666666666666,5,5,GTGGCGCGCATGCGGCCACC,0,4108532
yacCp,0.16666666666666666,5,5,GTGCTTAACACACGAGAAAG,0,4085932
yacCp,0.16666666666666666,5,5,GTGCCACGATTCCGCTAAAT,0,4109411
yacCp,0.16666666666666666,5,5,GTGCAGCCGGTCTCCACATT,0,4096044
yacCp,0.16666666666666666,5,5,GTGATCAAATGGTCCCGGCA,0,4089522
yacCp,0.16666666666666666,5,5,GTCTAATCGCAAGCGCCAGA,0,4090137
yacCp,0.16666666666666666,5,5,GTCGCATAGGCACGGGCCTG,0,4103797
yacCp,0.16666666666666666,5,5,GTCGACTACACCACCGATTT,0,4105432
yacCp,0.16666666666666666,5,5,GTCCTCTAGTAGTTGGACAC,0,4099082
yacCp,0.16666666666666666,5,5,GTCCAGTTGCATCTTTGTCA,0,4080398
yacCp,0.16666666666666666,5,5,GTCCACAGGGGATGGGAGTA,0,4102946
yacCp,0.16666666666666666,5,5,GTATTGTTGCACTATAGCTT,0,4089660
yacCp,0.16666666666666666,5,5,GTAGCTGATGGGAACAGTAT,0,4112266
yacCp,0.16666666666666666,5,5,GTAACGCGATGCGGAAGCTC,0,4110909
yacCp,0.16666666666666666,5,5,GGTTTACCACTCTGAGAGCT,0,4082378
yacCp,0.16666666666666666,5,5,GGTTCGGAGGGTAAGGAGTT,0,4102930
yacCp,0.16666666666666666,5,5,GGTTCACGCGGACCCGGGGG,0,4078513
yacCp,0.16666666666666666,5,5,GGTTATTCTGCGCCATGCGG,0,4093123
yacCp,0.16666666666666666,5,5,GGTTAAACTCTGGTGTAGTC,0,4090069
yacCp,0.16666666666666666,5,5,GGTGGTGACTAGCTGATAGC,0,4089176
yacCp,0.16666666666666666,5,5,GGTCCCTTCTGAATGAATAT,0,4096003
yacCp,0.16666666666666666,5,5,GGTATCTGGGCGACAGGGTA,0,4109117
yacCp,0.16666666666666666,5,5,GGTAATATAAGCTATCATGA,0,4107418
yacCp,0.16666666666666666,5,5,GGGTGCTAACGGCGGTCGAT,0,4078801
yacCp,0.16666666666666666,5,5,GGGTCTCGTCATGTGCCTAG,0,4105708
yacCp,0.16666666666666666,5,5,GGGGGTAGCTCGTGGAATTA,0,4112844
yacCp,0.16666666666666666,5,5,GGGGGAATCATTACGGCGCT,0,4083646
yacCp,0.16666666666666666,5,5,GGGCTTAAAGACTCGGAGCA,0,4082313
yacCp,0.16666666666666666,5,5,GGGCTCCGCTTCGACCAGTT,0,4088157
yacCp,0.16666666666666666,5,5,GGGCGTACAGGCATTGAAAT,0,4080408
yacCp,0.16666666666666666,5,5,GGGCATCTCTTCCTCGCAAC,0,4109989
yacCp,0.16666666666666666,5,5,GGGACCGTGCGTCTTGCTCA,0,4078897
yacCp,0.16666666666666666,5,5,GGGAATGTCTACAGCTAAGA,0,4084424
yacCp,0.16666666666666666,5,5,GGCTTCATTCCATGAGGAAC,0,4078976
yacCp,0.16666666666666666,5,5,GGCAATCCTACTACGCTTAA,0,4099531
yacCp,0.16666666666666666,5,5,GGATCCACAGAACCAGATTG,0,4090937
yacCp,0.16666666666666666,5,5,GGATAGAATCGTGGCAGTAT,0,4078723
yacCp,0.16666666666666666,5,5,GGAGGCTCCGAATTTGGGAA,0,4104247
yacCp,0.16666666666666666,5,5,GGAGGCGCGGGTAAATGGGT,0,4082237
yacCp,0.16666666666666666,5,5,GGAGCAATCAGCACCTGGGG,0,4086993
yacCp,0.16666666666666666,5,5,GGAGAGGATAGCTCAATGTT,0,4085746
yacCp,0.16666666666666666,5,5,GGAGAATCGAAGCACCGTAT,0,4099569
yacCp,0.16666666666666666,5,5,GGACTACTTCACCGTCAGCA,0,4089773
yacCp,0.16666666666666666,5,5,GGACGGTTACCTTTTCGACT,0,4111706
yacCp,0.16666666666666666,5,5,GGACGGATGCTCCCGGTAGT,0,4102745
yacCp,0.16666666666666666,5,5,GGACGGACCCTTCGAGCACA,0,4111947
yacCp,0.16666666666666666,5,5,GGACGATACGCTGCACTTTT,0,4087511
yacCp,0.16666666666666666,5,5,GGAATTAGTGCCGCTCATTG,0,4088410
yacCp,0.16666666666666666,5,5,GGAACAAGAAGGCGCCCTTT,0,4092909
yacCp,0.16666666666666666,5,5,GGAAACCACGATGTCCATTC,0,4111381
yacCp,0.16666666666666666,5,5,GCTTTTCTCTCAACCATGTG,0,4088108
yacCp,0.16666666666666666,5,5,GCTGAGGGCAAGGTACTTTC,0,4084939
yacCp,0.16666666666666666,5,5,GCTCTCGGACTAGCGTGGTT,0,4081414
yacCp,0.16666666666666666,5,5,GCTATTGTACGGACGTTGGA,0,4100806
yacCp,0.16666666666666666,5,5,GCTAGTTCGGATGCACATGT,0,4111521
yacCp,0.16666666666666666,5,5,GCTACGTTCGCAGGATTTAA,0,4086786
yacCp,0.16666666666666666,5,5,GCGTGGCGATCCGGCACCCC,0,4098770
yacCp,0.16666666666666666,5,5,GCGTATGAACTCGGGGTTTC,0,4082652
yacCp,0.16666666666666666,5,5,GCGTACAATAGCCATGGAAT,0,4106027
yacCp,0.16666666666666666,5,5,GCGGTGACCTGGTCATCGGA,0,4102316
yacCp,0.16666666666666666,5,5,GCGGCTTAGGGGCCTAGGTC,0,4094092
yacCp,0.16666666666666666,5,5,GCGGCCTTTGCCCAGGATCG,0,4089524
yacCp,0.16666666666666666,5,5,GCGAGCGAAATCCAAAAGAA,0,4087053
yacCp,0.16666666666666666,5,5,GCGACGATATAGCACGCATG,0,4080307
yacCp,0.16666666666666666,5,5,GCCTCCTGAATGCAGCGGAA,0,4108219
yacCp,0.16666666666666666,5,5,GCCTCCGTGATGGATCCTAA,0,4082759
yacCp,0.16666666666666666,5,5,GCCTAACCCCGGGTCCATGG,0,4101811
yacCp,0.16666666666666666,5,5,GCCCTAGTCACTCAGACTTT,0,4091481
yacCp,0.16666666666666666,5,5,GCCCGTTAGGAGCAATTCTT,0,4086394
yacCp,0.16666666666666666,5,5,GCCAGTCGCATCGGAGAACA,0,4084382
yacCp,0.16666666666666666,5,5,GCCACCGTAACTCGCCGCGA,0,4102806
yacCp,0.16666666666666666,5,5,GCCACCGAGTTCGACAAGGC,0,4100233
yacCp,0.16666666666666666,5,5,GCATTCGCCGCCGGAAAGGA,0,4094720
yacCp,0.16666666666666666,5,5,GCAGGAAAGCCGTAATTGGT,0,4110185
yacCp,0.16666666666666666,5,5,GCACCCCGAACCCTGACATG,0,4098298
yacCp,0.16666666666666666,5,5,GATTTCATGCGTGCGGCGAA,0,4086506
yacCp,0.16666666666666666,5,5,GATTCGTTGGTGGGATACTG,0,4087751
yacCp,0.16666666666666666,5,5,GATGGGTAGGACACGCAAAG,0,4112466
yacCp,0.16666666666666666,5,5,GATGCTACGCGCGTTCTTAA,0,4092940
yacCp,0.16666666666666666,5,5,GATCGCTGTCCAAGTATCCC,0,4098145
yacCp,0.16666666666666666,5,5,GATCAGTGGCTTTACTGCGG,0,4087577
yacCp,0.16666666666666666,5,5,GAGTGGGGGGTAATTTGAAG,0,4085313
yacCp,0.16666666666666666,5,5,GAGGGCGTACTAGCGCACTG,0,4107846
yacCp,0.16666666666666666,5,5,GAGGCGCATGCAGCGTGGTA,0,4079565
yacCp,0.16666666666666666,5,5,GAGCACAAAGATGAATCAGA,0,4093677
yacCp,0.16666666666666666,5,5,GAGACTGGCCCCCCTCCACC,0,4081948
yacCp,0.16666666666666666,5,5,GACTGCGACGTCAGTATTTG,0,4094915
yacCp,0.16666666666666666,5,5,GACTGACCTGTGTTATGTGC,0,4090162
yacCp,0.16666666666666666,5,5,GACTCTTAAGCCTCCCTAAA,0,4081586
yacCp,0.16666666666666666,5,5,GACGGACATCGAGGTATAGC,0,4098601
yacCp,0.16666666666666666,5,5,GACGACATACAGAGGGGGTG,0,4097374
yacCp,0.16666666666666666,5,5,GACCGCGGTAGACTTACATC,0,4110255
yacCp,0.16666666666666666,5,5,GACCATGTCCGCGATCACCA,0,4081885
yacCp,0.16666666666666666,5,5,GACATCCCCGTGCAGGACCT,0,4089232
yacCp,0.16666666666666666,5,5,GACAGCTTGTTGGCGGATGC,0,4078864
yacCp,0.16666666666666666,5,5,GAATGCCTAACACCGGCCGC,0,4105169
yacCp,0.16666666666666666,5,5,GAATCTATCAGTTTTTTGGT,0,4111782
yacCp,0.16666666666666666,5,5,GAATCACCCGAGGCTGCCAG,0,4100794
yacCp,0.16666666666666666,5,5,GAAGCTACACTTAGTATGAT,0,4093963
yacCp,0.16666666666666666,5,5,GAAACAAACAGAGTAACATG,0,4092769
yacCp,0.16666666666666666,5,5,GAAAAGTATGTTAAACGCTA,0,4079316
yacCp,0.16666666666666666,5,5,GAAAAATCAATACCCTCTCC,0,4090799
yacCp,0.16666666666666666,5,5,CTTTTGTCCCCCCAGAACGA,0,4089815
yacCp,0.16666666666666666,5,5,CTTTTCTGCAGTCATTCTGC,0,4104711
yacCp,0.16666666666666666,5,5,CTTTCAACTCTGCCATCAGT,0,4103754
yacCp,0.16666666666666666,5,5,CTTGCCCGGGTGATTGAAAC,0,4099086
yacCp,0.16666666666666666,5,5,CTTCTGTCCTATCCGCGGTT,0,4079455
yacCp,0.16666666666666666,5,5,CTTCTCCTATACCGTGTCCC,0,4096629
yacCp,0.16666666666666666,5,5,CTGTTCCCCAGCTTCCTTTG,0,4088662
yacCp,0.16666666666666666,5,5,CTGTTAATCCAGGAGGTAAT,0,4084789
yacCp,0.16666666666666666,5,5,CTGTGTCCCGAGGATGGTTT,0,4112598
yacCp,0.16666666666666666,5,5,CTGCGTATTTTCCCTGAGGA,0,4105457
yacCp,0.16666666666666666,5,5,CTGCGGTTACTCCAGCACTC,0,4092942
yacCp,0.16666666666666666,5,5,CTCTTTGTTTGAGCGCTAGT,0,4087409
yacCp,0.16666666666666666,5,5,CTCGGAACCAGGTACTTGTG,0,4105614
yacCp,0.16666666666666666,5,5,CTCGCGGGAACTTTCTATGT,0,4089204
yacCp,0.16666666666666666,5,5,CTCGCATACCAGGCTCCTTT,0,4096294
yacCp,0.16666666666666666,5,5,CTCCGACCTAGACTTCAACA,0,4105446
yacCp,0.16666666666666666,5,5,CTCAGTTCAGTACCATCCTC,0,4088470
yacCp,0.16666666666666666,5,5,CTATTCCAGGATCAAGGTTG,0,4103494
yacCp,0.16666666666666666,5,5,CTACCGGTGGGTCAGCACAT,0,4083103
yacCp,0.16666666666666666,5,5,CTACAATCTCATTGGGAACA,0,4095181
yacCp,0.16666666666666666,5,5,CTAACTAGGATTTTATCAGT,0,4106053
yacCp,0.16666666666666666,5,5,CTAACGCGGCGCAGCGGCCT,0,4107042
yacCp,0.16666666666666666,5,5,CTAAACGAGGTTCCGACGTA,0,4095354
yacCp,0.16666666666666666,5,5,CGTTTTGCACACGTACCGGG,0,4096509
yacCp,0.16666666666666666,5,5,CGTTTCGCGGGGACTTTAGC,0,4105769
yacCp,0.16666666666666666,5,5,CGTTCCCACCAAAAGGGCTA,0,4083732
yacCp,0.16666666666666666,5,5,CGTTCCAGTATAGAATTCCC,0,4097750
yacCp,0.16666666666666666,5,5,CGTTCAGTTTTCTTAGCCAT,0,4080651
yacCp,0.16666666666666666,5,5,CGTGAGGCGGAAGTCCGTGT,0,4105905
yacCp,0.16666666666666666,5,5,CGTGAAAGGTGCCCATCACC,0,4101279
yacCp,0.16666666666666666,5,5,CGTCGGTCTATGGTTAGAGG,0,4088520
yacCp,0.16666666666666666,5,5,CGTCGGAAACAGCGATAGGG,0,4105706
yacCp,0.16666666666666666,5,5,CGTATGGCCTTGGATCGTGC,0,4110378
yacCp,0.16666666666666666,5,5,CGTATCGGGGCGTTTTCGAT,0,4110610
yacCp,0.16666666666666666,5,5,CGTACGTGTCAGTCCGAGCT,0,4083097
yacCp,0.16666666666666666,5,5,CGGTGTGACTCGCTAATGCT,0,4103157
yacCp,0.16666666666666666,5,5,CGGGTCGGTTAAATTTGGGC,0,4089914
yacCp,0.16666666666666666,5,5,CGGCGTGATTTCAATACCGC,0,4085828
yacCp,0.16666666666666666,5,5,CGGCGCAGTGCGTTCTGTCC,0,4109173
yacCp,0.16666666666666666,5,5,CGGCCCATAATAAACGAAAC,0,4102121
yacCp,0.16666666666666666,5,5,CGGATATTAGGTCGAGCGTG,0,4092534
yacCp,0.16666666666666666,5,5,CGGAAGGATGCCGCCTGCCA,0,4106753
yacCp,0.16666666666666666,5,5,CGCTTCTCTGTCATTAGAAT,0,4080976
yacCp,0.16666666666666666,5,5,CGCGTGTCGATACGACTGGG,0,4108045
yacCp,0.16666666666666666,5,5,CGCGTGACAACGGGTTGGGC,0,4092139
yacCp,0.16666666666666666,5,5,CGCGTCCCCTTATTGGCTCA,0,4079646
yacCp,0.16666666666666666,5,5,CGCGGGTCGGTCTAGAGGCA,0,4109664
yacCp,0.16666666666666666,5,5,CGCGCTTGGGAGCCAGCTTG,0,4098448
yacCp,0.16666666666666666,5,5,CGCGATCTTAGCGGCCTTTT,0,4089882
yacCp,0.16666666666666666,5,5,CGAGTTTAGACCAAGCCGCC,0,4105653
yacCp,0.16666666666666666,5,5,CGAGGCATGCATTCTCCTAC,0,4084173
yacCp,0.16666666666666666,5,5,CGAAGAGGGATGTCCTTCCT,0,4107963
yacCp,0.16666666666666666,5,5,CGAAAAGCATGGTTTCGATG,0,4087603
yacCp,0.16666666666666666,5,5,CCTTTTTCGGAAGGACATCG,0,4083626
yacCp,0.16666666666666666,5,5,CCTTCTAGGCATGGCAGTTC,0,4079650
yacCp,0.16666666666666666,5,5,CCTTCCGGGCGTGCGCAGCC,0,4103951
yacCp,0.16666666666666666,5,5,CCTCGAATCCATGATGATGC,0,4083595
yacCp,0.16666666666666666,5,5,CCTAGAATCACCGCCATATT,0,4100708
yacCp,0.16666666666666666,5,5,CCGTTCAAGTTCTCGGGTAA,0,4088889
yacCp,0.16666666666666666,5,5,CCGTCCGCAACGACCCATTC,0,4089509
yacCp,0.16666666666666666,5,5,CCGGGCTGTAGCGTCCGAAA,0,4078554
yacCp,0.16666666666666666,5,5,CCGGCGTGATGAGGTTATCA,0,4087552
yacCp,0.16666666666666666,5,5,CCGGAGTTAATCAAGACAAA,0,4105586
yacCp,0.16666666666666666,5,5,CCGCGCACGTCCTTCTCATT,0,4088834
yacCp,0.16666666666666666,5,5,CCGCCTGTCTGCGGGAGAAA,0,4098281
yacCp,0.16666666666666666,5,5,CCGACCGGCGTGTGCGTGGG,0,4099889
yacCp,0.16666666666666666,5,5,CCCTTAGTAACTCGACTAAG,0,4078990
yacCp,0.16666666666666666,5,5,CCCTCGTGATGTAGTTGAAG,0,4112020
yacCp,0.16666666666666666,5,5,CCCTCGGACCGGTCTAAGAC,0,4094529
yacCp,0.16666666666666666,5,5,CCCTCCCCGTCAGCTTGGGG,0,4110964
yacCp,0.16666666666666666,5,5,CCCTAAGTGTTCAACAGGTA,0,4099656
yacCp,0.16666666666666666,5,5,CCCGCCAATTGACGGCAGGT,0,4102579
yacCp,0.16666666666666666,5,5,CCCCTCGCTCATACGCCGTG,0,4092495
yacCp,0.16666666666666666,5,5,CCCCTCCTACTACCCTAGTT,0,4081691
yacCp,0.16666666666666666,5,5,CCCCGCAAGGATTTCCGATT,0,4083840
yacCp,0.16666666666666666,5,5,CCCAGTCAAGGAGGCGCCTC,0,4080303
yacCp,0.16666666666666666,5,5,CCCAGCATTAATACCACGTT,0,4108413
yacCp,0.16666666666666666,5,5,CCCAGCAGCTGTAAGTCAAC,0,4091795
yacCp,0.16666666666666666,5,5,CCCACCTTTCAGATTATACA,0,4091014
yacCp,0.16666666666666666,5,5,CCCACCTCTGAGGACGAGGG,0,4088486
yacCp,0.16666666666666666,5,5,CCCAATCAGAGAGTTTCGAT,0,4091599
yacCp,0.16666666666666666,5,5,CCAGTGTCATTTAAGCGATA,0,4094110
yacCp,0.16666666666666666,5,5,CCAGCTACGGAGGTGCCGAA,0,4099657
yacCp,0.16666666666666666,5,5,CCAGCGTCCGTGACATGGCC,0,4098543
yacCp,0.16666666666666666,5,5,CCAATGTGTTCACAAAAACC,0,4105600
yacCp,0.16666666666666666,5,5,CCAACGTTCTTGCTTGGGCA,0,4087544
yacCp,0.16666666666666666,5,5,CATTACACACCTCGAGAAGT,0,4099670
yacCp,0.16666666666666666,5,5,CATGTCAGGTGCTAAAGGGA,0,4079681
yacCp,0.16666666666666666,5,5,CATGCGACCTATCCCGCAAT,0,4089099
yacCp,0.16666666666666666,5,5,CATGACGCTATGTTGCACGC,0,4083769
yacCp,0.16666666666666666,5,5,CATGAAGGTTGGTGGGCGGG,0,4084322
yacCp,0.16666666666666666,5,5,CATCGTCAGCAGGCCGCTAA,0,4095656
yacCp,0.16666666666666666,5,5,CATCCGTAACGAAAAATGTC,0,4103986
yacCp,0.16666666666666666,5,5,CATCAAAGTTCCTGACGGAA,0,4101871
yacCp,0.16666666666666666,5,5,CATATCTTGTTAACAGGTAA,0,4085709
yacCp,0.16666666666666666,5,5,CATAGGTGCAGGACTCGGCT,0,4110334
yacCp,0.16666666666666666,5,5,CATAGGGAAGTTCGGGAAGA,0,4108953
yacCp,0.16666666666666666,5,5,CATAAGCAAAGGCGTTTTTT,0,4091353
yacCp,0.16666666666666666,5,5,CAGTGGCACATCGGTGAACT,0,4089743
yacCp,0.16666666666666666,5,5,CAGCTTTGGGATCCTTGTAG,0,4082324
yacCp,0.16666666666666666,5,5,CAGCACTTTTGATCATCGGG,0,4089443
yacCp,0.16666666666666666,5,5,CAGATCGAAATTAGATAACC,0,4107232
yacCp,0.16666666666666666,5,5,CACTATTTTTACGGTCAATT,0,4086762
yacCp,0.16666666666666666,5,5,CACTACTCCGGTAAGGAGAG,0,4090358
yacCp,0.16666666666666666,5,5,CACGGTTGCGTTATCATGGT,0,4092983
yacCp,0.16666666666666666,5,5,CACGCAGGTGAGTGGGAACG,0,4094837
yacCp,0.16666666666666666,5,5,CACGACCAAGAGTTTGATGT,0,4101687
yacCp,0.16666666666666666,5,5,CACCCGGCGTTTGTGATAGA,0,4084897
yacCp,0.16666666666666666,5,5,CAATTGGTTTTCCTCACTTG,0,4112225
yacCp,0.16666666666666666,5,5,CAATGTTGATGAAATATGGA,0,4089581
yacCp,0.16666666666666666,5,5,CAAGGCACCGGAACTCGTAA,0,4087543
yacCp,0.16666666666666666,5,5,CAAGCTGCAATGGCATAGGG,0,4100237
yacCp,0.16666666666666666,5,5,CAAGCGTCCGGCAGTACCCA,0,4085812
yacCp,0.16666666666666666,5,5,CAAGCCGAGGCTAATGCTAA,0,4097600
yacCp,0.16666666666666666,5,5,CAAGACTAGGGGTGTATCAC,0,4086427
yacCp,0.16666666666666666,5,5,CAAGACGTCGGCCACAACAG,0,4085139
yacCp,0.16666666666666666,5,5,CAAGACGGAGTACATAAACT,0,4112087
yacCp,0.16666666666666666,5,5,CAACTGGTCGAGGTCAAAGA,0,4101045
yacCp,0.16666666666666666,5,5,CAACATAACACCTTCTTTCA,0,4096868
yacCp,0.16666666666666666,5,5,CAAATCTGGGTCACATCACT,0,4101559
yacCp,0.16666666666666666,5,5,CAAACGAGCGTCGGGATTCG,0,4106294
yacCp,0.16666666666666666,5,5,ATTTTCTTTTTACTGTAAGG,0,4086924
yacCp,0.16666666666666666,5,5,ATTTGACTACATTTTCCCCA,0,4087850
yacCp,0.16666666666666666,5,5,ATTGTGTATCAGATGCTCCA,0,4103828
yacCp,0.16666666666666666,5,5,ATTGTATGAAGCTACAAGGC,0,4106776
yacCp,0.16666666666666666,5,5,ATTCAGCGTTGTATATCCTG,0,4094641
yacCp,0.16666666666666666,5,5,ATTCAACGAGAAATTAGGTG,0,4105235
yacCp,0.16666666666666666,5,5,ATTAGCCGCGGGCAACAGTT,0,4112321
yacCp,0.16666666666666666,5,5,ATGTTCTGTGGTGACAGCTG,0,4089902
yacCp,0.16666666666666666,5,5,ATGTGGGAAGCGAGATAACC,0,4089393
yacCp,0.16666666666666666,5,5,ATGGTCAAAAGGGAGTGGTG,0,4093434
yacCp,0.16666666666666666,5,5,ATGGGTTAGATTGCCTTTTT,0,4089371
yacCp,0.16666666666666666,5,5,ATGGGGTTACAGTAGAGGAA,0,4102455
yacCp,0.16666666666666666,5,5,ATGGCCGTTCAGCCGGTATA,0,4082926
yacCp,0.16666666666666666,5,5,ATGGATAAGTAAAACTTGAG,0,4107558
yacCp,0.16666666666666666,5,5,ATGCATCAGCCCGCTCTACA,0,4080100
yacCp,0.16666666666666666,5,5,ATGAGCTGATTCGATCTTCG,0,4110922
yacCp,0.16666666666666666,5,5,ATCTTTAGTCATGGGCAGAG,0,4078863
yacCp,0.16666666666666666,5,5,ATCTTACTCTGATTTTTGTG,0,4109888
yacCp,0.16666666666666666,5,5,ATCGTTGAAATACTTACTGA,0,4106885
yacCp,0.16666666666666666,5,5,ATCGTAGACAGCTTATGGGC,0,4091354
yacCp,0.16666666666666666,5,5,ATCGCTTGCCTTGACCCAGT,0,4084954
yacCp,0.16666666666666666,5,5,ATCGATGTCCATGGTGTCTT,0,4089517
yacCp,0.16666666666666666,5,5,ATCCGGAGGGGACACTTTGC,0,4102232
yacCp,0.16666666666666666,5,5,ATCACGCGTAAAGGTCTTGG,0,4080210
yacCp,0.16666666666666666,5,5,ATCAATCGAGCGAAACTAAA,0,4106207
yacCp,0.16666666666666666,5,5,ATATTTGGGACTAGCCACCC,0,4111356
yacCp,0.16666666666666666,5,5,ATATGTCGGAGCGTACGAGT,0,4084768
yacCp,0.16666666666666666,5,5,ATATCGTGTTAAGCATCAGC,0,4094560
yacCp,0.16666666666666666,5,5,ATATACTTATACGCCGTTAA,0,4098771
yacCp,0.16666666666666666,5,5,ATAAGTGGGAATCCTCGCGA,0,4087822
yacCp,0.16666666666666666,5,5,AGTTAGGCCCGTCTCCCCAC,0,4100866
yacCp,0.16666666666666666,5,5,AGTGTTGGCATACTAACGGT,0,4088350
yacCp,0.16666666666666666,5,5,AGTGTATAGCGTGACTGAGG,0,4081653
yacCp,0.16666666666666666,5,5,AGTGGCTCGCGGGTGGTATT,0,4081214
yacCp,0.16666666666666666,5,5,AGTGCACACACACGTACCTG,0,4095700
yacCp,0.16666666666666666,5,5,AGTCTCAGACGTGCATATGG,0,4094521
yacCp,0.16666666666666666,5,5,AGTCGGCCTCCGTGGTATTA,0,4109978
yacCp,0.16666666666666666,5,5,AGTCGCCCTGCGGTCTCGCT,0,4085814
yacCp,0.16666666666666666,5,5,AGTACCGGTATTAAGTTGAG,0,4100131
yacCp,0.16666666666666666,5,5,AGTAAGATGTATGAGTTAGC,0,4098533
yacCp,0.16666666666666666,5,5,AGGTTCCGTTACAGGGTACG,0,4086015
yacCp,0.16666666666666666,5,5,AGGTTAAACCAATGCACAAT,0,4086685
yacCp,0.16666666666666666,5,5,AGGGTAGCGTGTACGTGCTC,0,4108747
yacCp,0.16666666666666666,5,5,AGGGAATCGGAGTAGATTCT,0,4111958
yacCp,0.16666666666666666,5,5,AGGCTAGCTTGCTGCGTAAC,0,4084853
yacCp,0.16666666666666666,5,5,AGGCGATATCAACCGCAGCA,0,4085218
yacCp,0.16666666666666666,5,5,AGGACGCACATAATCGGTCA,0,4094202
yacCp,0.16666666666666666,5,5,AGCTCAAATTTGCACTGGAT,0,4096628
yacCp,0.16666666666666666,5,5,AGCGGAGGTTCTGTTCAGCT,0,4107584
yacCp,0.16666666666666666,5,5,AGCCTTATAATCATAGAAGG,0,4087739
yacCp,0.16666666666666666,5,5,AGCCCACTGGCAGTCCATCC,0,4109901
yacCp,0.16666666666666666,5,5,AGCATGCTATGTGAGATTGC,0,4085055
yacCp,0.16666666666666666,5,5,AGCACTGGTTACCTTGGAAT,0,4089533
yacCp,0.16666666666666666,5,5,AGCAACCCGACGCTACGGAG,0,4087967
yacCp,0.16666666666666666,5,5,AGATTTGAGTCGAGCAAAAA,0,4090190
yacCp,0.16666666666666666,5,5,AGATTATTAATCGCGCATTT,0,4100040
yacCp,0.16666666666666666,5,5,AGATCCTGTATGCATTTAAA,0,4095178
yacCp,0.16666666666666666,5,5,AGAGGCAATCCAACAGTCCA,0,4105438
yacCp,0.16666666666666666,5,5,AGACACTGCCGTTGGGGCTC,0,4098080
yacCp,0.16666666666666666,5,5,AGAAGCTTTAGCATGGCGAT,0,4104250
yacCp,0.16666666666666666,5,5,ACTTGTCACGATCTCAGAAC,0,4108104
yacCp,0.16666666666666666,5,5,ACTGGAAAGTAAATGGCATT,0,4104199
yacCp,0.16666666666666666,5,5,ACTAGCTCTCCGTTAAGCAT,0,4087171
yacCp,0.16666666666666666,5,5,ACGTGCTAACATCGGGTGGT,0,4090762
yacCp,0.16666666666666666,5,5,ACGTCTTGCACCAACTACGG,0,4078808
yacCp,0.16666666666666666,5,5,ACGGCAGTCTTTATACGAAT,0,4089148
yacCp,0.16666666666666666,5,5,ACGCGATTCCGGACGATTTC,0,4079468
yacCp,0.16666666666666666,5,5,ACGAGCGTAGCACAAGACAT,0,4090523
yacCp,0.16666666666666666,5,5,ACGACAACTAACGGCAGTTC,0,4109313
yacCp,0.16666666666666666,5,5,ACGAATAGTTCGGGTTGAGG,0,4110309
yacCp,0.16666666666666666,5,5,ACCGTCGTAGGCCACTGCGT,0,4104642
yacCp,0.16666666666666666,5,5,ACCGTATGTTCTTGGTACGC,0,4096665
yacCp,0.16666666666666666,5,5,ACCGGGGGCATCTTGGTAAT,0,4080101
yacCp,0.16666666666666666,5,5,ACCGCAGGAGGTCGGTCGAT,0,4093965
yacCp,0.16666666666666666,5,5,ACCCTCTACCTGGTAAAGGC,0,4086550
yacCp,0.16666666666666666,5,5,ACCACTTCTCTCATTCGCAA,0,4102662
yacCp,0.16666666666666666,5,5,ACATGTTACAGCCTTCACAC,0,4080211
yacCp,0.16666666666666666,5,5,ACATCCCATGAAATGAACCT,0,4105130
yacCp,0.16666666666666666,5,5,ACACGTGAATTGTTAAGAGT,0,4096596
yacCp,0.16666666666666666,5,5,ACACACAGGGCGGCCTTTAA,0,4090098
yacCp,0.16666666666666666,5,5,AATTTCCACCAAGACTCATC,0,4112353
yacCp,0.16666666666666666,5,5,AATTGCTGAGGTCTGAATCT,0,4091122
yacCp,0.16666666666666666,5,5,AATTGAGACCCATCCCGTTT,0,4092831
yacCp,0.16666666666666666,5,5,AATGTAATACGTGGGCAGAG,0,4094564
yacCp,0.16666666666666666,5,5,AATCGCTATAATTGCGTAGA,0,4101463
yacCp,0.16666666666666666,5,5,AATCGCAAGTTGACTAAGAG,0,4104804
yacCp,0.16666666666666666,5,5,AATCAAATCGGAACCCAGTC,0,4102374
yacCp,0.16666666666666666,5,5,AATAGTCGATCGGACCTGGT,0,4089461
yacCp,0.16666666666666666,5,5,AAGGGTTAATGCTGCAGTTC,0,4088004
yacCp,0.16666666666666666,5,5,AAGGGGCTGTAGGCCGCGTC,0,4105713
yacCp,0.16666666666666666,5,5,AAGGACAAGGTAGTGATCAT,0,4084489
yacCp,0.16666666666666666,5,5,AAGCTACTCGGTGGTTGTCA,0,4103608
yacCp,0.16666666666666666,5,5,AAGCTAACGGGCCAGAGCCA,0,4079347
yacCp,0.16666666666666666,5,5,AAGCGCCGACGTAAGAAAGC,0,4098691
yacCp,0.16666666666666666,5,5,AAGATCGAGTGACTGCTAAT,0,4108154
yacCp,0.16666666666666666,5,5,AAGATAATTTAAAGTGATTA,0,4086673
yacCp,0.16666666666666666,5,5,AACTAGAAACCACCCTTCAT,0,4110418
yacCp,0.16666666666666666,5,5,AACGTATGAGCAAACTATCA,0,4111045
yacCp,0.16666666666666666,5,5,AACCTTTGTGAGACGAACCC,0,4096453
yacCp,0.16666666666666666,5,5,AACAATACATCAGAGAGCTA,0,4105065
yacCp,0.16666666666666666,5,5,AACAAGCCGAGTGGACACGA,0,4103256
yacCp,0.16666666666666666,5,5,AAACCTTGAAGGTGACTGAC,0,4109919
yacCp,0.16666666666666666,5,5,AAACCTTCGACCACCGCTTA,0,4098840
yacCp,0.16666666666666666,5,5,AAAAGGGCCTTTTGACATTC,0,4092696
yacCp,0.16666666666666666,5,5,AAAACTGGATACAGGATTGT,0,4078576
yacCp,0.2,4,4,TTTTTTACAATTAACGCAGT,0,4095302
yacCp,0.2,4,4,TTTTTGTCAATCAGTACTCG,0,4104881
yacCp,0.2,4,4,TTTTTACGGTACAGGAACCA,0,4087130
yacCp,0.2,4,4,TTTTGGGGCTGAAAACTTTG,0,4082635
yacCp,0.2,4,4,TTTTAGTTTTTGCCTCCAGG,0,4094320
yacCp,0.2,4,4,TTTTACTCTTGCGTATGGCA,0,4095937
yacCp,0.2,4,4,TTTTAAGTTCTTCCCAATCT,0,4094293
yacCp,0.2,4,4,TTTGTAAATGTTAAAAGAAT,0,4084560
yacCp,0.2,4,4,TTTGCTGTAGTCTTTCTATC,0,4105079
yacCp,0.2,4,4,TTTGCTAGGGTAATGTAATC,0,4084926
yacCp,0.2,4,4,TTTGAGGGCCAAGTCGTATT,0,4109056
yacCp,0.2,4,4,TTTCTCCGGGTCGGGCAGTA,0,4090297
yacCp,0.2,4,4,TTTCTATTAGTCCCCACTAA,0,4088367
yacCp,0.2,4,4,TTGTTCACGTAGCGGGCTTT,0,4081929
yacCp,0.2,4,4,TTGTGATCGTTTCAGGCAAC,0,4099319
yacCp,0.2,4,4,TTGTATTCTCCTAGAGACCC,0,4100102
yacCp,0.2,4,4,TTGTAGGGGTGCCACGGATT,0,4102283
yacCp,0.2,4,4,TTGGCGCCTTCCCCGAGTAA,0,4106617
yacCp,0.2,4,4,TTGCTGCTCAAGACTGTTTG,0,4080635
yacCp,0.2,4,4,TTGCTGCGTGATTCTTGGGA,0,4100437
yacCp,0.2,4,4,TTGCTCACTCTAGCAATCAA,0,4102075
yacCp,0.2,4,4,TTGCACCTTTAACGCGGGCT,0,4087886
yacCp,0.2,4,4,TTGATTCAAGGGTCGGTTGA,0,4109394
yacCp,0.2,4,4,TTGATGCGGGTAGGCAAGAG,0,4101499
yacCp,0.2,4,4,TTGATACTGACAACCCAGTA,0,4095838
yacCp,0.2,4,4,TTGACTTAGGGACAGTACTT,0,4081204
yacCp,0.2,4,4,TTCTTTACTCGGTACAGCTG,0,4095157
yacCp,0.2,4,4,TTCTGCGAACCACGCGCAGT,0,4108247
yacCp,0.2,4,4,TTCTATGCCGCGTGCGGCCT,0,4104921
yacCp,0.2,4,4,TTCGTTCCAGGGTGCTTTTA,0,4097005
yacCp,0.2,4,4,TTCCCACCATGCCCATTCCT,0,4110690
yacCp,0.2,4,4,TTCATAGACCATGCATCTCT,0,4106168
yacCp,0.2,4,4,TTCAGTAATGCCCGCGGATA,0,4084214
yacCp,0.2,4,4,TTCAGCGGGGAGACCCGCGA,0,4082075
yacCp,0.2,4,4,TTATCGAGTGGTTCCCGCAT,0,4085823
yacCp,0.2,4,4,TTATATCACAGCTAGGGGGG,0,4080817
yacCp,0.2,4,4,TTAGTTTTGCTTAATCAGAG,0,4112344
yacCp,0.2,4,4,TTAGGACGCCCTAATATAGT,0,4102794
yacCp,0.2,4,4,TTACTAGCCGGGACCATAAT,0,4094175
yacCp,0.2,4,4,TTACAAGTAACAGCGACGGT,0,4110876
yacCp,0.2,4,4,TTAATAACCGGTCGCGGAGC,0,4080678
yacCp,0.2,4,4,TTAATAAATGGGAGACTCGC,0,4087728
yacCp,0.2,4,4,TTAAACTGGGAAGGGCGAAA,0,4081787
yacCp,0.2,4,4,TGTTTTGCCTTTTTAGTTTA,0,4099427
yacCp,0.2,4,4,TGTTTTATCGCCAATAATCT,0,4105864
yacCp,0.2,4,4,TGTTGAGCCTACGAATTTAA,0,4078534
yacCp,0.2,4,4,TGTGGGCTGAGTTGGGGCAA,0,4082173
yacCp,0.2,4,4,TGTGGCGGGTCGCGACTTGC,0,4085547
yacCp,0.2,4,4,TGTCGAATCAAAGACGCTAA,0,4079219
yacCp,0.2,4,4,TGTATATACAGCGGCGGCTC,0,4095591
yacCp,0.2,4,4,TGTAGGTAGAGCAAAATGAC,0,4089151
yacCp,0.2,4,4,TGGTTTGACGTTGATATGCG,0,4099100
yacCp,0.2,4,4,TGGTTGTTAACTGGCCTTTA,0,4096692
yacCp,0.2,4,4,TGGTGATTCATTTCACGTGC,0,4101034
yacCp,0.2,4,4,TGGTCAGATCAGTATCGTTA,0,4080434
yacCp,0.2,4,4,TGGTACCTCTTCCTGACCGT,0,4103259
yacCp,0.2,4,4,TGGGTCTATTTGAGGCCGCT,0,4096153
yacCp,0.2,4,4,TGGGTCCATCGAGACTCTCA,0,4100269
yacCp,0.2,4,4,TGGGAAGAAGGTGCTTTCTC,0,4079687
yacCp,0.2,4,4,TGGCGTTTCCGGAAAACTCT,0,4090641
yacCp,0.2,4,4,TGGCCGGACATGGGGTTGGT,0,4095709
yacCp,0.2,4,4,TGGAGGAGACGCTACGATGA,0,4104785
yacCp,0.2,4,4,TGGAAACGGGCTCGGGCGTA,0,4095167
yacCp,0.2,4,4,TGCTGGCATCCTATGACCTC,0,4089685
yacCp,0.2,4,4,TGCGGTTGGAGCTACGAACT,0,4105258
yacCp,0.2,4,4,TGCGCATAGGACGTCTCGCT,0,4108892
yacCp,0.2,4,4,TGCCTTCTCCACACAGGGGA,0,4101265
yacCp,0.2,4,4,TGCCGTCTGGCTCCGCCGAA,0,4085667
yacCp,0.2,4,4,TGCCCACGTCTGAGCCAGAC,0,4100061
yacCp,0.2,4,4,TGCCAACGCTAGCGAATGAA,0,4083975
yacCp,0.2,4,4,TGCAGGTTTTACTGATATTC,0,4105518
yacCp,0.2,4,4,TGCACGTGGTGTTAGCCCCC,0,4112467
yacCp,0.2,4,4,TGATTATAGCGTCTACCTCA,0,4084987
yacCp,0.2,4,4,TGATTAGGAGGTAGAGGGTT,0,4095614
yacCp,0.2,4,4,TGAGTGATCCTGGAGTCCAG,0,4109857
yacCp,0.2,4,4,TGAGCAGGCCCATACTGTGC,0,4089350
yacCp,0.2,4,4,TGACTCCACGTATCTGGATT,0,4108295
yacCp,0.2,4,4,TGACACGCCGGCCGCGTAAA,0,4091050
yacCp,0.2,4,4,TGAAGACCAATCGTGAGCTA,0,4106502
yacCp,0.2,4,4,TGAACTGTGGGTTAACCAGA,0,4085984
yacCp,0.2,4,4,TGAACATTGATCGGGAGAGG,0,4089482
yacCp,0.2,4,4,TGAAAAGGTAGTGCACGAGA,0,4092807
yacCp,0.2,4,4,TCTTTCGGGATCTGTAGTGC,0,4093026
yacCp,0.2,4,4,TCTTTCGGATTTTACAATAA,0,4096158
yacCp,0.2,4,4,TCTTAGGGCTTGGTGCCTCC,0,4106707
yacCp,0.2,4,4,TCGTTGCCCGATCCGATAAT,0,4100033
yacCp,0.2,4,4,TCGTTCATCACTACTCAATT,0,4108830
yacCp,0.2,4,4,TCGTCTGGTAATGGTTTCAA,0,4085725
yacCp,0.2,4,4,TCGTCTCCTGCTGCTCGTCG,0,4082233
yacCp,0.2,4,4,TCGGTACGGTTAATCGTAAG,0,4095287
yacCp,0.2,4,4,TCGGACTATCGCGGGTGTAC,0,4097375
yacCp,0.2,4,4,TCGCTGTGTCTTCCGCAATC,0,4111430
yacCp,0.2,4,4,TCGCTCGGACGCCCCAGATC,0,4095639
yacCp,0.2,4,4,TCGCCGCCCTGACGACCAGC,0,4108528
yacCp,0.2,4,4,TCCTTGAATCGGGTCACTTC,0,4104809
yacCp,0.2,4,4,TCCTCACGCTCTGCACGCAT,0,4092393
yacCp,0.2,4,4,TCCTACCAGAATGTGCGGTG,0,4089952
yacCp,0.2,4,4,TCCGGCACCGGGTTTCTCCC,0,4104319
yacCp,0.2,4,4,TCCGAAAGCCGGTGAAAGTT,0,4081498
yacCp,0.2,4,4,TCCCCTGATAAAAGTGCGCC,0,4087712
yacCp,0.2,4,4,TCCATTAGTATACCACGTTC,0,4102113
yacCp,0.2,4,4,TCCATGAAAACTCGGCCCTA,0,4098593
yacCp,0.2,4,4,TCCAGTGGCAGTGTCAAATG,0,4091356
yacCp,0.2,4,4,TCCACCTCTAGCACAATCAC,0,4086313
yacCp,0.2,4,4,TCCAACAGAAGCCCACGGTG,0,4103097
yacCp,0.2,4,4,TCAGATAAAACTTCTGTGCC,0,4104369
yacCp,0.2,4,4,TCACTCGGTACGACCTACTT,0,4090240
yacCp,0.2,4,4,TCACGTACATTCACTCTTAA,0,4109447
yacCp,0.2,4,4,TCAATGGTGGATTTGTCGAG,0,4097949
yacCp,0.2,4,4,TCAACCTTTCATCGGATTTG,0,4087647
yacCp,0.2,4,4,TCAAAGTAGCGGTGATAGAC,0,4084018
yacCp,0.2,4,4,TATTTTGTTAGAACCTCGAA,0,4092041
yacCp,0.2,4,4,TATTGTTGGCTTTAAGGTAA,0,4104394
yacCp,0.2,4,4,TATTCCAAGCTAATTGATAC,0,4078638
yacCp,0.2,4,4,TATTCAAGGCTCTAAGCGTA,0,4097662
yacCp,0.2,4,4,TATTCAAACCGCGCTGATCC,0,4112478
yacCp,0.2,4,4,TATTAATAAGTGCTGCAGAT,0,4101223
yacCp,0.2,4,4,TATGTAATACTTATACTACG,0,4085147
yacCp,0.2,4,4,TATGCTTACAATGTCAACTT,0,4083436
yacCp,0.2,4,4,TATGAGCCATTACCGGGACA,0,4092435
yacCp,0.2,4,4,TAGTAGTAATGGGCTAAACT,0,4108163
yacCp,0.2,4,4,TAGGTGGGTACTTACATACG,0,4094790
yacCp,0.2,4,4,TAGGTCGTCGGGTAGGCGTC,0,4087517
yacCp,0.2,4,4,TAGGTCGCCTCGCAGGGGGA,0,4079641
yacCp,0.2,4,4,TAGGGCCAGGATCGCGCCCA,0,4092329
yacCp,0.2,4,4,TAGGCGGTTCTTCTAAATGG,0,4094124
yacCp,0.2,4,4,TAGCGATATGATGGAATGCA,0,4106796
yacCp,0.2,4,4,TAGCCATTCGCTTGCTGGGA,0,4090444
yacCp,0.2,4,4,TAGACCATCGCGGTCGTTTT,0,4097521
yacCp,0.2,4,4,TAGAATCACTCGATGTCCTT,0,4089436
yacCp,0.2,4,4,TACTTTCCAACCAGTCATGA,0,4097380
yacCp,0.2,4,4,TACTGGCCGGCCTGTCCGAA,0,4092797
yacCp,0.2,4,4,TACGATTCCGGCCACAGCGC,0,4079271
yacCp,0.2,4,4,TACGAGTCTCACTTGCGTGT,0,4093482
yacCp,0.2,4,4,TACCTAAACAGGGTATATAG,0,4091049
yacCp,0.2,4,4,TACCGGGCACTTAACGCCCA,0,4093976
yacCp,0.2,4,4,TACAGGTCTGCAGTTCATGT,0,4103444
yacCp,0.2,4,4,TAATTGAGGGATTATCCCAG,0,4105394
yacCp,0.2,4,4,TAATGACGGATAGGCTTACA,0,4095912
yacCp,0.2,4,4,TAATCACCCTGTGGGCAGAG,0,4085766
yacCp,0.2,4,4,TAATAGGTGTGGACACATAG,0,4103372
yacCp,0.2,4,4,TAAGGCTGGGGGGTAGCATG,0,4100433
yacCp,0.2,4,4,TAAGCAATGGGTGGCCGTGG,0,4085756
yacCp,0.2,4,4,TAAATGCAAAATTTTCTGCA,0,4091772
yacCp,0.2,4,4,GTTTGCAAGCAATTCTTTCA,0,4105246
yacCp,0.2,4,4,GTTTCCCGTATGGACGCCAC,0,4087653
yacCp,0.2,4,4,GTTGTTCGCTTACTTGGAGT,0,4100126
yacCp,0.2,4,4,GTTGTGCATATGCGTCAGAT,0,4087707
yacCp,0.2,4,4,GTTCACAACTTTGTTAATCT,0,4093264
yacCp,0.2,4,4,GTTCAATGCGGCTAGGTCAA,0,4095019
yacCp,0.2,4,4,GTTATGCCGTTAATCGTAGT,0,4094030
yacCp,0.2,4,4,GTTAGCGAGAGAGTGCAAGG,0,4086132
yacCp,0.2,4,4,GTGTGCCACATCACTGATTG,0,4081505
yacCp,0.2,4,4,GTGTAGGTATGGGCGATCCT,0,4091901
yacCp,0.2,4,4,GTGGCTCTCTGGGTCAGTGG,0,4082747
yacCp,0.2,4,4,GTGGCACAGGTTCAATTTAA,0,4107835
yacCp,0.2,4,4,GTGGAGTAGTAGCTCAGGGG,0,4100153
yacCp,0.2,4,4,GTGGAGCGTCTTCACTTACG,0,4104601
yacCp,0.2,4,4,GTGCTCACGCAATTAAGCAT,0,4086208
yacCp,0.2,4,4,GTGCGTATATAAGACTATAG,0,4095526
yacCp,0.2,4,4,GTGCCTCACAATTACACTCA,0,4096472
yacCp,0.2,4,4,GTGCCAAGGGAAGCAACAAC,0,4078603
yacCp,0.2,4,4,GTGATCGGTATCTGTGCGCT,0,4103765
yacCp,0.2,4,4,GTGACATAAGGTCTATCCTT,0,4091722
yacCp,0.2,4,4,GTGACAACAGGTTTGGTATG,0,4085419
yacCp,0.2,4,4,GTGAATAAATAAAGTGGTCG,0,4079265
yacCp,0.2,4,4,GTCTATAGGTGCCTCCTTGT,0,4110368
yacCp,0.2,4,4,GTCGTGAACCGGGATGAGAC,0,4096434
yacCp,0.2,4,4,GTCGGAGTAGCAGTCAGGTC,0,4100132
yacCp,0.2,4,4,GTCGCTAGCGCGGACCGTAG,0,4084646
yacCp,0.2,4,4,GTCGAGGCCAGGCAAAGTTC,0,4082624
yacCp,0.2,4,4,GTCCCCCGTCTTGGCTAGCG,0,4079365
yacCp,0.2,4,4,GTATGGTAAACACGACATCG,0,4091760
yacCp,0.2,4,4,GTATGCGGTAGCTAGGGCAA,0,4085977
yacCp,0.2,4,4,GTAGTCCAATTTCATGCTTT,0,4092881
yacCp,0.2,4,4,GTACGCAACATTGCACCGAT,0,4106246
yacCp,0.2,4,4,GTACAATGTTAATAACAACA,0,4098496
yacCp,0.2,4,4,GTACAAATACACCCACATTG,0,4082153
yacCp,0.2,4,4,GTAATGGGCCAAGTTTATGC,0,4106028
yacCp,0.2,4,4,GTAATGCTTGACTTTCTGTT,0,4084681
yacCp,0.2,4,4,GTAATAAGGACCTCGTTAGA,0,4082269
yacCp,0.2,4,4,GTAAAGTTAAACAATGGACT,0,4097838
yacCp,0.2,4,4,GGTTTAGCAACTGCGCTTTG,0,4099426
yacCp,0.2,4,4,GGTGTCGTTTGGCAGTTCTC,0,4099305
yacCp,0.2,4,4,GGTGCGTATCTACATAGGCT,0,4086155
yacCp,0.2,4,4,GGTGCGAGATAGAGACCAGC,0,4090302
yacCp,0.2,4,4,GGTGCCCGCGAACGTTGGGA,0,4111851
yacCp,0.2,4,4,GGTCTCTGTTTTTCATTTGC,0,4088465
yacCp,0.2,4,4,GGTATCAAGGCATGGGCTAC,0,4086468
yacCp,0.2,4,4,GGTAGCTGCTTGTGGGATAC,0,4092343
yacCp,0.2,4,4,GGTAAAGCGTGAGGTACGCT,0,4079705
yacCp,0.2,4,4,GGGTTGAAACAGGTTCAACG,0,4083265
yacCp,0.2,4,4,GGGTAGTGTGGCGAGGAATA,0,4094208
yacCp,0.2,4,4,GGGTAGGATAAGCTTAATAT,0,4101478
yacCp,0.2,4,4,GGGCGTGGACGCTTGCGTTA,0,4104704
yacCp,0.2,4,4,GGGCGGCCTACAAAGCAGGG,0,4094903
yacCp,0.2,4,4,GGGCAAGCGTCAACCCCGCA,0,4081751
yacCp,0.2,4,4,GGGCAAAGGAGGTTCTTCAC,0,4082253
yacCp,0.2,4,4,GGGAGCATGTTGGGTTAGCG,0,4096955
yacCp,0.2,4,4,GGGACCCGAGAGAGTTACCC,0,4091879
yacCp,0.2,4,4,GGGACAGTGTCGTCCTGCCT,0,4081005
yacCp,0.2,4,4,GGGAATTGAACCTGTGGCTG,0,4094309
yacCp,0.2,4,4,GGCTCCTGTTATCATAGGGG,0,4098365
yacCp,0.2,4,4,GGCGCATAGAGAGAATGATA,0,4085990
yacCp,0.2,4,4,GGCGATGCCCTTCATCGATC,0,4089155
yacCp,0.2,4,4,GGCCTCTCCGAACGGTGTAA,0,4107208
yacCp,0.2,4,4,GGCAGTTCAACATTTAACTG,0,4106457
yacCp,0.2,4,4,GGCAGGGCGCAACTTCTAAC,0,4095663
yacCp,0.2,4,4,GGCACGTGGGACGTGAGGCA,0,4111360
yacCp,0.2,4,4,GGATGGGTTGCCGCGGTGGC,0,4086161
yacCp,0.2,4,4,GGATACCCTCTTCCCATGCA,0,4099318
yacCp,0.2,4,4,GGAGTGTGAATATAACTTTA,0,4107150
yacCp,0.2,4,4,GGACTCCTCATCTGCCGCGG,0,4080460
yacCp,0.2,4,4,GGACGTGAGTACTCCCACAG,0,4078512
yacCp,0.2,4,4,GGACCCTGGGAACCATTAAC,0,4099618
yacCp,0.2,4,4,GGAATTTACATGGAGAGAAG,0,4110905
yacCp,0.2,4,4,GGAATCGTCATCGGGGATAG,0,4089803
yacCp,0.2,4,4,GGAATCATCTACTAGGGTGT,0,4096154
yacCp,0.2,4,4,GGAAGGTATCGGTCTCCGTA,0,4098034
yacCp,0.2,4,4,GGAACTGGATACCTCTTGAA,0,4110652
yacCp,0.2,4,4,GGAAAGGGGTAGCGAGGTTC,0,4102425
yacCp,0.2,4,4,GGAAAGGCTAAGTCCACTGA,0,4084822
yacCp,0.2,4,4,GCTTTTTGTAAGAGCGTGCA,0,4079331
yacCp,0.2,4,4,GCTTCTTGCTGTGAGACGTC,0,4101991
yacCp,0.2,4,4,GCTTATCCCAAGCGGTATTT,0,4081860
yacCp,0.2,4,4,GCTGGAGAGGTACCATGAGC,0,4094597
yacCp,0.2,4,4,GCTGCTATTTCTGGAGGTTG,0,4080251
yacCp,0.2,4,4,GCTCCGGTTTTGATAGGACA,0,4078687
yacCp,0.2,4,4,GCTCCCACTTGGTGTGGCAA,0,4112494
yacCp,0.2,4,4,GCTCAGTTTTAATTGGAATC,0,4090894
yacCp,0.2,4,4,GCGTACGGGGGCTGAGATTA,0,4083174
yacCp,0.2,4,4,GCGTAAATTTTTCCAGACAC,0,4096827
yacCp,0.2,4,4,GCGGGCTGGCGGTGGACAAG,0,4092264
yacCp,0.2,4,4,GCGGCGCACACCGGGCCGTG,0,4094524
yacCp,0.2,4,4,GCGCGGTGTGAGTGAAACAA,0,4096451
yacCp,0.2,4,4,GCGCCGAACTAAGCAATGAC,0,4104966
yacCp,0.2,4,4,GCGACTCATATAACGAGCCC,0,4109594
yacCp,0.2,4,4,GCCTTTCGGCCATGAACGTC,0,4089208
yacCp,0.2,4,4,GCCTGGCCGTGGACCACCCT,0,4080239
yacCp,0.2,4,4,GCCTCTCATTGGTATCCCTG,0,4101053
yacCp,0.2,4,4,GCCTCGAGACAGCGTGTGCA,0,4102716
yacCp,0.2,4,4,GCCTCGAAGATCATTCGTAC,0,4104334
yacCp,0.2,4,4,GCCTCAGGGCTATGAATGCT,0,4096732
yacCp,0.2,4,4,GCCTACCGAAGCAAAATAGC,0,4108741
yacCp,0.2,4,4,GCCGGGAGAAAATTAGTGGT,0,4085875
yacCp,0.2,4,4,GCCCTAAATTTGTGGCGGCC,0,4095040
yacCp,0.2,4,4,GCCCGGAGCTAGAAGGTGCA,0,4088864
yacCp,0.2,4,4,GCCCATTTTGTATTATGCAG,0,4081532
yacCp,0.2,4,4,GCCCAAGGTTGTATTTGGCA,0,4085270
yacCp,0.2,4,4,GCCATGCCAGCTCACAAATT,0,4093867
yacCp,0.2,4,4,GCATACATAATGACAAGAAT,0,4095974
yacCp,0.2,4,4,GCAGGAGCCAATTTGCTCGA,0,4111316
yacCp,0.2,4,4,GCAGCGCAGAACGCCCTCGG,0,4092535
yacCp,0.2,4,4,GCAGACGTCGCGGTCCTCCG,0,4106413
yacCp,0.2,4,4,GCACTAGGTAGCTGCCGCTG,0,4086842
yacCp,0.2,4,4,GCACGTGAGAAACAATTTTT,0,4106645
yacCp,0.2,4,4,GCACGGACTCTGCTCCGAGT,0,4088072
yacCp,0.2,4,4,GCAACCCATACTCACTGATA,0,4089662
yacCp,0.2,4,4,GATTGAATTCATTCCCAGCT,0,4105004
yacCp,0.2,4,4,GATTCCAAACGGTGGCGGGT,0,4088612
yacCp,0.2,4,4,GATTATGCAATCAAGTACTT,0,4112457
yacCp,0.2,4,4,GATGGTAGCTACGTGGAGGA,0,4109176
yacCp,0.2,4,4,GATGGGTCAAGGGATGACCA,0,4092425
yacCp,0.2,4,4,GATGCCCTTAAGGTGACTGA,0,4102827
yacCp,0.2,4,4,GATGATCATCGTATCGAAAG,0,4110928
yacCp,0.2,4,4,GATCTTTGTGTGTATACGGT,0,4108236
yacCp,0.2,4,4,GATATCCGCCTGGTCTTTCT,0,4102476
yacCp,0.2,4,4,GATAATTTTGACATTATGAG,0,4081419
yacCp,0.2,4,4,GATAAGCGGCATGTTCACAG,0,4106107
yacCp,0.2,4,4,GAGTTGCGAAGAGCCTTCGT,0,4106769
yacCp,0.2,4,4,GAGTCCCTGATGACATTTAT,0,4092703
yacCp,0.2,4,4,GAGTAGCCGGAATTAGGGGT,0,4096395
yacCp,0.2,4,4,GAGGGCGTGTACCCAGCGGC,0,4105780
yacCp,0.2,4,4,GAGCACAAAGCCTCCTAATT,0,4112717
yacCp,0.2,4,4,GAGCAAGCATAAGCTAAATT,0,4091213
yacCp,0.2,4,4,GAGATTGTAGGTCGTCCCTG,0,4107691
yacCp,0.2,4,4,GAGATCGGGTGGTCGCGGGT,0,4089042
yacCp,0.2,4,4,GAGACTCGTTCGCCTCTTTG,0,4111638
yacCp,0.2,4,4,GAGACTCATCAGATACTCGA,0,4097920
yacCp,0.2,4,4,GAGACGGCGGAATGTAGTCC,0,4103257
yacCp,0.2,4,4,GAGACCTCCTAGTGGCCATA,0,4104893
yacCp,0.2,4,4,GACTTTACCCAATACCGGCG,0,4100313
yacCp,0.2,4,4,GACTGCCCTTGAAAGGTAAC,0,4097430
yacCp,0.2,4,4,GACGGAGGTCAAACTGGTCG,0,4104534
yacCp,0.2,4,4,GACGATAGTTTAAAACTGGC,0,4092455
yacCp,0.2,4,4,GACCGAAGGACGTGCGGTGA,0,4102839
yacCp,0.2,4,4,GACCCCCGCGGATCAGAGCA,0,4111895
yacCp,0.2,4,4,GACAGCACGTGTGTGTCAAT,0,4089015
yacCp,0.2,4,4,GACACTTTTTATACATTGCT,0,4091232
yacCp,0.2,4,4,GAATTTGCTCTAGAGCGCAG,0,4096439
yacCp,0.2,4,4,GAATTACGAGTAAAAGACCT,0,4101722
yacCp,0.2,4,4,GAATCGCATTTTCCAGTGTC,0,4110554
yacCp,0.2,4,4,GAATCCTAGGGTGTCATACT,0,4096510
yacCp,0.2,4,4,GAATACCTACACTTGACGGA,0,4082929
yacCp,0.2,4,4,GAACTGTCAGGCCTACCTAG,0,4111667
yacCp,0.2,4,4,GAAAATTGATGAAGACATTA,0,4110328
yacCp,0.2,4,4,CTTTTCCCATGAATAAACGT,0,4109613
yacCp,0.2,4,4,CTTGTCAGATTCCGTCCGTA,0,4088711
yacCp,0.2,4,4,CTTGGTCGTACCTTCCGGTC,0,4095427
yacCp,0.2,4,4,CTTGGCGCGAAACGAGACAT,0,4112188
yacCp,0.2,4,4,CTTGCTGCCCCATGCGGAAG,0,4081184
yacCp,0.2,4,4,CTTGAAAATGGGGGAATTAC,0,4089182
yacCp,0.2,4,4,CTTCATTGGAAAGTTGTGTC,0,4105858
yacCp,0.2,4,4,CTTCAATGAACCATTCCGTA,0,4092395
yacCp,0.2,4,4,CTTCAAAAGCAAGGCCAAGA,0,4106183
yacCp,0.2,4,4,CTTAGCGCCGCTAAGTATGA,0,4083262
yacCp,0.2,4,4,CTTAAGATCGGACTTCTGAA,0,4079761
yacCp,0.2,4,4,CTTAAGAAGTAGAACCAGTT,0,4097088
yacCp,0.2,4,4,CTGGTCCCTCTAGTTTTTGT,0,4107702
yacCp,0.2,4,4,CTGGGGGGTAAGCGAGATAA,0,4090528
yacCp,0.2,4,4,CTGGGCGCATAAAGCACCTA,0,4106551
yacCp,0.2,4,4,CTGCCACCCTGTTCAGCGCC,0,4107534
yacCp,0.2,4,4,CTGCACGGTAAATGCTAGAA,0,4097038
yacCp,0.2,4,4,CTGCAAACAGGGCGAACAAA,0,4106265
yacCp,0.2,4,4,CTGATGGCAAATACAAAATC,0,4106278
yacCp,0.2,4,4,CTGAGCGTGGTGCGCGCGAT,0,4099651
yacCp,0.2,4,4,CTGAATATGCAGTTTGCAGT,0,4086247
yacCp,0.2,4,4,CTCGCCATTTTCCCCGGAGA,0,4088537
yacCp,0.2,4,4,CTCGCCAGGGCCCTCGTAAT,0,4085334
yacCp,0.2,4,4,CTCAGCTCGATCCAGCGGGG,0,4111014
yacCp,0.2,4,4,CTCAATTCTATGCAGCCACT,0,4107848
yacCp,0.2,4,4,CTCAACTATGTAAACGGCGG,0,4099435
yacCp,0.2,4,4,CTCAAACGCGCCACCGATGT,0,4092225
yacCp,0.2,4,4,CTATTGGGAACTTAGCCCGG,0,4086055
yacCp,0.2,4,4,CTATTGCGCTTCAATGTCTC,0,4101295
yacCp,0.2,4,4,CTATGATCGCTGGCGCACCT,0,4099921
yacCp,0.2,4,4,CTAGGCTAAAGGATCCAGTG,0,4100681
yacCp,0.2,4,4,CTACTTACCTCGGCAGTAGA,0,4092586
yacCp,0.2,4,4,CTACGATAGATGGTAACGGA,0,4079184
yacCp,0.2,4,4,CTAATTAAATTGACATCGTG,0,4083161
yacCp,0.2,4,4,CTAATGACAGATTCTTTTCT,0,4107519
yacCp,0.2,4,4,CTAAGTAGACGTCCGCGGAC,0,4106340
yacCp,0.2,4,4,CGTTTGTAGTGAAGAAACAC,0,4105543
yacCp,0.2,4,4,CGTTTCGAGCCGGGTCGCAT,0,4112490
yacCp,0.2,4,4,CGTGTTGGCTGGGTATGTAT,0,4085628
yacCp,0.2,4,4,CGTGTACGGCCCTTGTGCGT,0,4085219
yacCp,0.2,4,4,CGTGGAGGGTCCAATTCGGT,0,4103792
yacCp,0.2,4,4,CGTGATTGCGCTTACTGGAG,0,4079317
yacCp,0.2,4,4,CGTCGCCCGCTCGACTACGT,0,4100531
yacCp,0.2,4,4,CGTCGATCTACAATGGCGGC,0,4085971
yacCp,0.2,4,4,CGTATGGCAGATTCATGATC,0,4091625
yacCp,0.2,4,4,CGTAGGGGGCAACGAACTGG,0,4089478
yacCp,0.2,4,4,CGTACGTCTGTACGAGCTTA,0,4085661
yacCp,0.2,4,4,CGGTCCCCGTATGGAATGGC,0,4097528
yacCp,0.2,4,4,CGGTCACATATAGCGCCGGT,0,4106527
yacCp,0.2,4,4,CGGTATGGCCAGCCCCAGGC,0,4096380
yacCp,0.2,4,4,CGGTAGTTCAGCTGCCGGAC,0,4094334
yacCp,0.2,4,4,CGGTAATGGTGCGTCGTCTA,0,4090972
yacCp,0.2,4,4,CGGTAAGTTGGCGGGATATT,0,4101169
yacCp,0.2,4,4,CGGGCCTCCCACCATTCGGT,0,4101125
yacCp,0.2,4,4,CGGCTGTAGCGTTCTCACAG,0,4108586
yacCp,0.2,4,4,CGGCGGTACGGGCCGCCGAA,0,4083460
yacCp,0.2,4,4,CGGAGTCCTGCCCGTATGGC,0,4083398
yacCp,0.2,4,4,CGCTTTAACGTAACGAATTG,0,4083741
yacCp,0.2,4,4,CGCTGACGGGATCTGCGAAT,0,4105357
yacCp,0.2,4,4,CGCGTGATCCAGACCGCGTG,0,4094797
yacCp,0.2,4,4,CGCATACATTTAGGAAAAAC,0,4084893
yacCp,0.2,4,4,CGCACCACCCAGGTCTTGTT,0,4104936
yacCp,0.2,4,4,CGCAAGGCGGTCCCGTCAGA,0,4091584
yacCp,0.2,4,4,CGATTAACTAGCAGGGAATC,0,4098617
yacCp,0.2,4,4,CGATCTTTTAGGTCGGTTTA,0,4108526
yacCp,0.2,4,4,CGAGTGCTAGGTCGGGGTGA,0,4085032
yacCp,0.2,4,4,CGAGGTCCACTAGAACGTAC,0,4086090
yacCp,0.2,4,4,CGAGGGAGCATACGCATATA,0,4104213
yacCp,0.2,4,4,CGAGCTAGGGGACTCGCGAT,0,4098387
yacCp,0.2,4,4,CGACCTCCCGGGGGATTAGG,0,4094897
yacCp,0.2,4,4,CGAACTTGCTAGCATCAACG,0,4101002
yacCp,0.2,4,4,CCTTGAGACGAATACCTGAC,0,4108541
yacCp,0.2,4,4,CCTTCGACGTCCTCGAGAGC,0,4098860
yacCp,0.2,4,4,CCTTCCGCAAAGGTGCACTC,0,4092701
yacCp,0.2,4,4,CCTTATTTTGGGGCTCAGAT,0,4110672
yacCp,0.2,4,4,CCTCTATAGAAATCCCGGTA,0,4080264
yacCp,0.2,4,4,CCTACAGGGGTACGTATTAT,0,4111495
yacCp,0.2,4,4,CCTAAGACCGTTACTAACCG,0,4085849
yacCp,0.2,4,4,CCGTAACTTTTACATTAGTA,0,4093496
yacCp,0.2,4,4,CCGTAACCGCTATAGGAATT,0,4081600
yacCp,0.2,4,4,CCGGTTCTTCAGTACGCTGC,0,4105136
yacCp,0.2,4,4,CCGGTGAGTAATCGTGTTAA,0,4102539
yacCp,0.2,4,4,CCGGGCTGCACCTAATGAAA,0,4103621
yacCp,0.2,4,4,CCGGCGTACCTCGTGTTATG,0,4092000
yacCp,0.2,4,4,CCGGAAGAGGGCCTACAACT,0,4096013
yacCp,0.2,4,4,CCGCTTCCGACCAGCCGTTC,0,4109291
yacCp,0.2,4,4,CCGCTACCTCTTCACCCCGA,0,4098919
yacCp,0.2,4,4,CCGCAATTGCCGCTTTCGGC,0,4084989
yacCp,0.2,4,4,CCGCAAACCATCCTGAATAA,0,4102929
yacCp,0.2,4,4,CCGAACTTGAGACAGGTTTG,0,4102483
yacCp,0.2,4,4,CCGAACGCCCCTCAGGCGGT,0,4089035
yacCp,0.2,4,4,CCCTCCGTAAATCAACGATG,0,4106141
yacCp,0.2,4,4,CCCTACTACATGACCGAGGC,0,4081715
yacCp,0.2,4,4,CCCGGAGTAAACGTCGGACG,0,4082400
yacCp,0.2,4,4,CCCGCGAAGTCGCGCAGAAA,0,4108672
yacCp,0.2,4,4,CCCCTGGGGTAGTCACAACT,0,4080146
yacCp,0.2,4,4,CCCCACCCTTAGTACGAATC,0,4109827
yacCp,0.2,4,4,CCCATTTAAAATAGGAAAAC,0,4084638
yacCp,0.2,4,4,CCCAATCCGAGAGGTAGTAA,0,4085708
yacCp,0.2,4,4,CCATGTTGCCAAATACAGGA,0,4105257
yacCp,0.2,4,4,CCATCTAATGGGTTCTTTAG,0,4104922
yacCp,0.2,4,4,CCATCAGCCAAACGCTCATT,0,4108332
yacCp,0.2,4,4,CCAGTGTCCGGTAGTTACAG,0,4086126
yacCp,0.2,4,4,CCAGCTAGGGCTGCGATCAA,0,4112291
yacCp,0.2,4,4,CCAGCACGCATTCACTTCTT,0,4083742
yacCp,0.2,4,4,CCACTGGGCATACGTGCCTC,0,4101735
yacCp,0.2,4,4,CCACTGCTAAGCACAGTAAT,0,4097218
yacCp,0.2,4,4,CCACGGGACAGCCCTACTAA,0,4092327
yacCp,0.2,4,4,CCACCCTTGATTTGTTTCTG,0,4105071
yacCp,0.2,4,4,CCACCCCTGCTGCTAACGTG,0,4104263
yacCp,0.2,4,4,CCACAGTGACACTCAAGACA,0,4083411
yacCp,0.2,4,4,CCAATATCATTTTGCTCGAA,0,4112571
yacCp,0.2,4,4,CCAACAATAACCTAGTCAGA,0,4088738
yacCp,0.2,4,4,CATTGTGTTTCGAGACTCTG,0,4096506
yacCp,0.2,4,4,CATTCGTTTATCATAAAGTT,0,4095185
yacCp,0.2,4,4,CATGATGGTGTCTCGGGGCG,0,4100322
yacCp,0.2,4,4,CATCCTAATGAAGCACCCCG,0,4092793
yacCp,0.2,4,4,CATCCATTGGCCACTGTTTC,0,4096854
yacCp,0.2,4,4,CATATCAGTGATTTCGGAAA,0,4097632
yacCp,0.2,4,4,CATAGCCAAATGTGGGGTGG,0,4078495
yacCp,0.2,4,4,CAGTCACCATCTCCACCAAT,0,4090027
yacCp,0.2,4,4,CAGCGCGACTACTCCGAACA,0,4086295
yacCp,0.2,4,4,CAGATCCAACTGGCGCCGCG,0,4104670
yacCp,0.2,4,4,CAGACATCACGCATAAGGGA,0,4090545
yacCp,0.2,4,4,CACTTACCTACTGGGACCGT,0,4083555
yacCp,0.2,4,4,CACGCGGGGTGGTTTTATCC,0,4090583
yacCp,0.2,4,4,CACGCGCCCGTAAAGAAGCT,0,4105817
yacCp,0.2,4,4,CACGCGACTGTCCACTAGAC,0,4086330
yacCp,0.2,4,4,CACCGGCATAGCAGGCTCTA,0,4098525
yacCp,0.2,4,4,CACCGGAGATTTTTTGTCTT,0,4105562
yacCp,0.2,4,4,CACATCCATTTACAGTCCTA,0,4096870
yacCp,0.2,4,4,CACACGCGTAGGCTAGTCGG,0,4107634
yacCp,0.2,4,4,CAATGGTGTCGTGTTCTTTA,0,4082559
yacCp,0.2,4,4,CAAGCGGGCGTAATTGTAAC,0,4103823
yacCp,0.2,4,4,CAACTTGTCCCAGCGGGCCG,0,4100567
yacCp,0.2,4,4,CAAATGTGCCGGGCCGCTAG,0,4106353
yacCp,0.2,4,4,ATTTACAAGTCCAGCAAACC,0,4080846
yacCp,0.2,4,4,ATTGGACACAACTTCGATAG,0,4082893
yacCp,0.2,4,4,ATTCTTGCGACGTTCGAGCA,0,4104503
yacCp,0.2,4,4,ATTCACCATCCTATGGTGCG,0,4104814
yacCp,0.2,4,4,ATTAGTTGCTGTAGTGAGTT,0,4088362
yacCp,0.2,4,4,ATTAGTATCGGTCTCTCCTA,0,4096390
yacCp,0.2,4,4,ATTAGGCCAAAGTTTTATTT,0,4103383
yacCp,0.2,4,4,ATTAGCAAGTACGAGGAAGG,0,4081657
yacCp,0.2,4,4,ATTAACATCATTGCCCGGTA,0,4109848
yacCp,0.2,4,4,ATGTTGGATGCATTGAGCGT,0,4108030
yacCp,0.2,4,4,ATGTTACGGGTTGGGATTGG,0,4085574
yacCp,0.2,4,4,ATGGTCCGTCTTCCGCCCGA,0,4099360
yacCp,0.2,4,4,ATGGCCCCTTAGCCTTCCTT,0,4096471
yacCp,0.2,4,4,ATGGCAAGCCAAATACGGAT,0,4112437
yacCp,0.2,4,4,ATGGACCGTATACCGCGACA,0,4081764
yacCp,0.2,4,4,ATGCCTTCTTAGGGTACGAA,0,4103094
yacCp,0.2,4,4,ATGCCTCTATTGTGGGGCGA,0,4097344
yacCp,0.2,4,4,ATGCACCGGTCTCATAGTCG,0,4104536
yacCp,0.2,4,4,ATCTCTCGATCAGGCGACTT,0,4079894
yacCp,0.2,4,4,ATCTCACGATGTGCCCCGCA,0,4102203
yacCp,0.2,4,4,ATCTATTGGGATAGCGGCGG,0,4090698
yacCp,0.2,4,4,ATCTACTCCTTGAGATGTGC,0,4097393
yacCp,0.2,4,4,ATCTAAGGCCATCGTGTAGT,0,4104561
yacCp,0.2,4,4,ATCGGCCTGACACCGCGGGT,0,4089504
yacCp,0.2,4,4,ATCCTTACCCTGGCAGGCTG,0,4093584
yacCp,0.2,4,4,ATCCTGTAGGCGCTTGAGAG,0,4104033
yacCp,0.2,4,4,ATCCCCTACCTTAGCACTCA,0,4101493
yacCp,0.2,4,4,ATCAGGTGAGGACCGTGGAG,0,4090645
yacCp,0.2,4,4,ATCAGCGTTGCATCGTCCGT,0,4084172
yacCp,0.2,4,4,ATCACTCGGCCGAGCCCGGT,0,4103506
yacCp,0.2,4,4,ATCACCGCCCCCCGTCCCGT,0,4091916
yacCp,0.2,4,4,ATCAAATCTGTTCGGGCAAT,0,4082976
yacCp,0.2,4,4,ATATTGTTAATCCCGACCAT,0,4081300
yacCp,0.2,4,4,ATAGGGAGTGGGGAATCCTA,0,4109303
yacCp,0.2,4,4,ATACTGTGATCCATCCCATA,0,4083496
yacCp,0.2,4,4,ATACATGGATGAAGGAATTC,0,4091593
yacCp,0.2,4,4,ATACATGATAAAGGAAACAA,0,4105584
yacCp,0.2,4,4,ATACAGTAGCGGCTATTTGC,0,4102410
yacCp,0.2,4,4,ATACAGACATGCTACTTTTT,0,4109103
yacCp,0.2,4,4,ATAATAGGACGTAACTATAG,0,4108231
yacCp,0.2,4,4,ATAAATCAATTCACATTGCA,0,4096335
yacCp,0.2,4,4,AGTGTTAAGTGTTTGTGTTT,0,4100872
yacCp,0.2,4,4,AGTGCAGCGTTGGATGAGCC,0,4106243
yacCp,0.2,4,4,AGTGAATAAAGACAAGTTTG,0,4112362
yacCp,0.2,4,4,AGTCGTCAGCGGCTTAGCGG,0,4089349
yacCp,0.2,4,4,AGTCGATTGACAGGAACACT,0,4094729
yacCp,0.2,4,4,AGTCGAGAGTCTGAGAAGAG,0,4098015
yacCp,0.2,4,4,AGTCATACTAACTTTCAGAG,0,4091047
yacCp,0.2,4,4,AGTAGTTCTAGGATGTCAAT,0,4089147
yacCp,0.2,4,4,AGTAGTAACTGTCTAATAGT,0,4101797
yacCp,0.2,4,4,AGGTAGGCTGTCACCTCAGC,0,4096667
yacCp,0.2,4,4,AGGGTGCTCACCTGGACCGA,0,4081497
yacCp,0.2,4,4,AGGGTCACTCGGCTACATTC,0,4099337
yacCp,0.2,4,4,AGGGGAAGAAGAACTTCCTT,0,4103418
yacCp,0.2,4,4,AGGCTGGAAACCTCAGCCGT,0,4092926
yacCp,0.2,4,4,AGGCCAGAAATGTTGCGGCA,0,4110258
yacCp,0.2,4,4,AGGCAATCTCATGACTCAGA,0,4103682
yacCp,0.2,4,4,AGGAGGATCCGGGCACACCC,0,4085526
yacCp,0.2,4,4,AGCTTAAGATTAAGGAGCTA,0,4085860
yacCp,0.2,4,4,AGCTGTATCAGGAGACCTAA,0,4094865
yacCp,0.2,4,4,AGCTGCCTGAAAATCCACGG,0,4086320
yacCp,0.2,4,4,AGCGACCGTAGATAAAGGCA,0,4081335
yacCp,0.2,4,4,AGCAACGGACAGACAATAGA,0,4104122
yacCp,0.2,4,4,AGATATTGGCGGTCGTCGCC,0,4108084
yacCp,0.2,4,4,AGATACGTCGTATTCTTTCA,0,4095478
yacCp,0.2,4,4,AGAGTCAACGAGTTTCCGTT,0,4088660
yacCp,0.2,4,4,AGACTGATACCAGGCACAGT,0,4095773
yacCp,0.2,4,4,AGACGGGTGGTATTTGTGCG,0,4097876
yacCp,0.2,4,4,AGACGAGGGTACACTGGTAC,0,4111984
yacCp,0.2,4,4,AGACGAGCCTGTACGGACTG,0,4095633
yacCp,0.2,4,4,AGACAACCTGTCATGTTGGC,0,4080435
yacCp,0.2,4,4,AGAAAGCCGGTCCCGATCTT,0,4086920
yacCp,0.2,4,4,ACTGCTGCCGATCACTTTGG,0,4106480
yacCp,0.2,4,4,ACTCAGAGCTCAGTAGATAT,0,4103083
yacCp,0.2,4,4,ACTAGGGCTCTCCCCGAAGG,0,4091917
yacCp,0.2,4,4,ACTAGCCTTGACTGATAGTT,0,4095475
yacCp,0.2,4,4,ACGTTTCGCAGTGCTGCTAA,0,4093205
yacCp,0.2,4,4,ACGTTATCATTGCCTAAGTA,0,4105126
yacCp,0.2,4,4,ACGTCCTTATACCCGGCCTT,0,4109673
yacCp,0.2,4,4,ACGTCACAAAAGTTAGAGTA,0,4092107
yacCp,0.2,4,4,ACGTACGCGACTCAGCTGAG,0,4096748
yacCp,0.2,4,4,ACGGTGGTCTTCGTGTTACA,0,4097352
yacCp,0.2,4,4,ACGGTCTGTCAAACCGCGTT,0,4089210
yacCp,0.2,4,4,ACGGGCGTGAGCAAGACATA,0,4111378
yacCp,0.2,4,4,ACGAGGTAGGTCCCGGGATT,0,4106821
yacCp,0.2,4,4,ACGACTGAGTTAACCTAGGC,0,4086037
yacCp,0.2,4,4,ACGACGGCCCAAAGCAGCTA,0,4090610
yacCp,0.2,4,4,ACCTTACTTAGTCTTAGGAA,0,4105413
yacCp,0.2,4,4,ACCGCACCTGGTGCCTGACG,0,4086980
yacCp,0.2,4,4,ACCGAGTGTCAGAAGTCCAC,0,4091585
yacCp,0.2,4,4,ACCCCTAAGGTACAAACTAC,0,4084034
yacCp,0.2,4,4,ACCACGGACGGTGGCTTTAT,0,4080873
yacCp,0.2,4,4,ACATTTGACATGAATCAGAA,0,4086068
yacCp,0.2,4,4,ACATGTCTAGTTAGGTGACC,0,4087580
yacCp,0.2,4,4,ACATCACCAGTTCTAGTTCG,0,4102531
yacCp,0.2,4,4,ACAGTCTAAATGGGGGCAAC,0,4105863
yacCp,0.2,4,4,ACAGGGGTAGGGCCTTGAGC,0,4081403
yacCp,0.2,4,4,ACAGGCTCTCTCTAATGCAT,0,4093857
yacCp,0.2,4,4,ACAGCAGAAAGGGAGCGCGT,0,4094496
yacCp,0.2,4,4,ACAGAGTCAATAATACTGTG,0,4092882
yacCp,0.2,4,4,ACACGATTCGGTCTGTGTCC,0,4079890
yacCp,0.2,4,4,ACACATACTGAGGACGAGTG,0,4103393
yacCp,0.2,4,4,ACAAGGCGTGTGTTCTGACT,0,4104780
yacCp,0.2,4,4,ACAACTTCCTACGTACTCCG,0,4089193
yacCp,0.2,4,4,AATTTATAAAGGAAACAGGC,0,4080189
yacCp,0.2,4,4,AATTGGGCGATCGGCTGCAG,0,4093460
yacCp,0.2,4,4,AATTGGCTGTAAACCTCAGA,0,4092374
yacCp,0.2,4,4,AATTGCTGATACAGACCGAG,0,4101181
yacCp,0.2,4,4,AATTCTCAAACATGAGAATG,0,4105154
yacCp,0.2,4,4,AATTACGTGAATTGCCAGGG,0,4088409
yacCp,0.2,4,4,AATTAACGCGCATCGGGTCG,0,4084962
yacCp,0.2,4,4,AATGCGTACAGTCCAAAGCT,0,4087940
yacCp,0.2,4,4,AATAGTAGTCTTGAGGGATT,0,4083559
yacCp,0.2,4,4,AATAGACCGTCATGGGGTAT,0,4085332
yacCp,0.2,4,4,AATACGGTATGTGGTTCCTA,0,4107655
yacCp,0.2,4,4,AAGTGTTTGTCCTAGTCGTA,0,4095761
yacCp,0.2,4,4,AAGTGGTAAGACAGTGATGA,0,4089293
yacCp,0.2,4,4,AAGGTGGGGGACCCGCGAAC,0,4082707
yacCp,0.2,4,4,AAGGATGGACAAGAAACCTG,0,4108748
yacCp,0.2,4,4,AAGGAAGACGTTTCTACCTA,0,4078735
yacCp,0.2,4,4,AAGCGTGGCAGGGCTACGAG,0,4108742
yacCp,0.2,4,4,AAGCCCTCGAGAGGTGGACT,0,4083707
yacCp,0.2,4,4,AAGATCCACACTGCCACGGC,0,4092995
yacCp,0.2,4,4,AACTTGACGCAGGACAAGGC,0,4103414
yacCp,0.2,4,4,AACTTCGTGGGTGGGGCTTG,0,4108923
yacCp,0.2,4,4,AACTTCCCCCAGGAACGCAT,0,4095839
yacCp,0.2,4,4,AACGGTTCACCACGCTGACG,0,4098182
yacCp,0.2,4,4,AACGAATGTCTCGACAAATG,0,4090476
yacCp,0.2,4,4,AACGAACGGCATCTTTATGC,0,4094941
yacCp,0.2,4,4,AACCGTCATGTCTCTGAGGG,0,4093955
yacCp,0.2,4,4,AACAAGCTAAGAAGTAAATA,0,4085228
yacCp,0.2,4,4,AACAAAGCAGTCCGTGCCCA,0,4084955
yacCp,0.2,4,4,AAATAAGAGATGCTAATTCG,0,4084938
yacCp,0.2,4,4,AAAGGGACGGAAGATATGCA,0,4107841
yacCp,0.2,4,4,AAAGACTGAAATTGTAGCGC,0,4082551
yacCp,0.2,4,4,AAACATTACTCAGCCGAATG,0,4102126
yacCp,0.2,4,4,AAAAGGATAGCTTGACCTAC,0,4089717
yacCp,0.2,4,4,AAAACCGTCCCCGAACATTG,0,4084039
yacCp,0.25,3,3,TTTTGGATACGTAAGAGATA,0,4086698
yacCp,0.25,3,3,TTTTGAGTAGTCCTGAACGT,0,4085113
yacCp,0.25,3,3,TTTTGACTAGGTCGTTTCAG,0,4102728
yacCp,0.25,3,3,TTTTAAGTGAACCGCAATCG,0,4086151
yacCp,0.25,3,3,TTTGATTTCATAGGAAAACG,0,4103278
yacCp,0.25,3,3,TTTATCGCGCCTGCTAGAGC,0,4092849
yacCp,0.25,3,3,TTGTATGTGTCATCACCTGC,0,4109517
yacCp,0.25,3,3,TTGGTCCGTTACAGTGCCAG,0,4107207
yacCp,0.25,3,3,TTGGCGAGTCAGATTGAAGT,0,4098884
yacCp,0.25,3,3,TTGGAAAGCGACGTCACCGG,0,4080465
yacCp,0.25,3,3,TTGCGTCGGAGTAGGAGATG,0,4090590
yacCp,0.25,3,3,TTGAGCATCCCTGACCTAGA,0,4108475
yacCp,0.25,3,3,TTGACTGAAATGTGGTCGTT,0,4087108
yacCp,0.25,3,3,TTGAAGGCCATAGTACCACC,0,4099413
yacCp,0.25,3,3,TTCTTGGCTTAGCTTCTTTG,0,4112411
yacCp,0.25,3,3,TTCGGAAGGAGGCGCCCTTT,0,4082257
yacCp,0.25,3,3,TTCGCTATAAACTATATTTT,0,4080630
yacCp,0.25,3,3,TTCGCGATTTTGCAACGTAC,0,4084643
yacCp,0.25,3,3,TTCGCCGGATCGGCGGACTC,0,4080117
yacCp,0.25,3,3,TTCCTCCCAGGGTTCGTCGC,0,4086233
yacCp,0.25,3,3,TTCCGCGTTCATCATAAATC,0,4110689
yacCp,0.25,3,3,TTCCCGTTGAGACTTCTCAT,0,4090596
yacCp,0.25,3,3,TTCCCATGGTGGGTATAGAT,0,4090077
yacCp,0.25,3,3,TTCCCATATTGTTAAGTATT,0,4111435
yacCp,0.25,3,3,TTCCCAGGACGACTCACACA,0,4097065
yacCp,0.25,3,3,TTCATGGGTACGGAGTTGTG,0,4087407
yacCp,0.25,3,3,TTCATGGGAATAGGGTGCAC,0,4107795
yacCp,0.25,3,3,TTCATCACAGAAAATTAACT,0,4104632
yacCp,0.25,3,3,TTCAGTATGCGTATTGGGAC,0,4106829
yacCp,0.25,3,3,TTCAGGCCGGGTACCTTGGT,0,4094268
yacCp,0.25,3,3,TTCAAGACATTCTACTCAGT,0,4084105
yacCp,0.25,3,3,TTATTGCCGGTGACGAAAAT,0,4080036
yacCp,0.25,3,3,TTAGTTAGTTGTTATGTCTG,0,4093566
yacCp,0.25,3,3,TTAGCGTTTTTGTGGACCAT,0,4109777
yacCp,0.25,3,3,TTAGATCCCTGGTGGATTCA,0,4088331
yacCp,0.25,3,3,TTACTTAGATGTCACGAATG,0,4089324
yacCp,0.25,3,3,TTACGCGCCTAGAGGGCTAA,0,4094838
yacCp,0.25,3,3,TTAACAACTGTAACCGGGGG,0,4103416
yacCp,0.25,3,3,TTAAATGATGGTCTGGGTAA,0,4091284
yacCp,0.25,3,3,TGTTCTTTTTGACTTATGTG,0,4087228
yacCp,0.25,3,3,TGTGGTAAGGTATTACATGC,0,4082501
yacCp,0.25,3,3,TGTGACTGTAAGTATAATTT,0,4079985
yacCp,0.25,3,3,TGTCGCTAATCTCCCCACGG,0,4108407
yacCp,0.25,3,3,TGTCCTAAGAGTTGATCTTA,0,4105281
yacCp,0.25,3,3,TGTCCCTACGTCTATCCGCC,0,4112193
yacCp,0.25,3,3,TGTCCCAGGATATCAGTGTG,0,4098116
yacCp,0.25,3,3,TGTCCAAATATTGTCCGTAC,0,4090390
yacCp,0.25,3,3,TGTCAATAGCTTGCCACGAA,0,4088062
yacCp,0.25,3,3,TGTATGACCTTTGCAGTCAA,0,4100908
yacCp,0.25,3,3,TGGTGTTCGCCTCACTACCT,0,4081109
yacCp,0.25,3,3,TGGTCGGAGCCAATCCATTC,0,4092512
yacCp,0.25,3,3,TGGGTTGCGGGCATGACACT,0,4085970
yacCp,0.25,3,3,TGGGTTGACTTGGACAAGAT,0,4108205
yacCp,0.25,3,3,TGGGGCCTCCACGGGAAATA,0,4087224
yacCp,0.25,3,3,TGGGGAGCTTTTAGTCTCAT,0,4080362
yacCp,0.25,3,3,TGGGCTTGTTAAAAAACCCT,0,4088127
yacCp,0.25,3,3,TGGCTGAGCTTTGTACACCT,0,4085090
yacCp,0.25,3,3,TGGCACTTATTAACGGAAAG,0,4103229
yacCp,0.25,3,3,TGGATGGAACTAAGCGCTTT,0,4090903
yacCp,0.25,3,3,TGGATACATCTGGTTTCCCT,0,4083745
yacCp,0.25,3,3,TGGAAATGGGTGTCCTAGTA,0,4097264
yacCp,0.25,3,3,TGCTTTTCCGGTGTCAGTTA,0,4079667
yacCp,0.25,3,3,TGCTGCGGGGTTCCCCCATT,0,4079284
yacCp,0.25,3,3,TGCTGCCATGAGATGCTTTG,0,4091788
yacCp,0.25,3,3,TGCTGCAAACAACTTGATCC,0,4078758
yacCp,0.25,3,3,TGCTCACGGACACAAGACAT,0,4087951
yacCp,0.25,3,3,TGCCTGGACTCGCAGGGGCT,0,4104326
yacCp,0.25,3,3,TGCCGGGGATTAGGTGGCCG,0,4102406
yacCp,0.25,3,3,TGCCGGCAAGCTGCGACCTA,0,4098378
yacCp,0.25,3,3,TGCCCGTGTCTTCCTGTATA,0,4079640
yacCp,0.25,3,3,TGCCCGGCGAGATGAGCAGG,0,4079345
yacCp,0.25,3,3,TGCAGCACCTGATATCGCTT,0,4094702
yacCp,0.25,3,3,TGCAAGTCTCGACCCCGGCT,0,4097953
yacCp,0.25,3,3,TGCAAACCTGTGTGAGGTAG,0,4110206
yacCp,0.25,3,3,TGAGTTTTCATCCGAACACG,0,4095222
yacCp,0.25,3,3,TGAGGTGTCAAGGGTACGGG,0,4103170
yacCp,0.25,3,3,TGACTACGTGACTTACAGAT,0,4102664
yacCp,0.25,3,3,TGACGTGCCAGCACAATTAT,0,4099660
yacCp,0.25,3,3,TGACGCAACCCAATCCTGTT,0,4095905
yacCp,0.25,3,3,TGACAACGCGTCGAGGCGAT,0,4100538
yacCp,0.25,3,3,TGAAGTATGGTGCAACCCGA,0,4094215
yacCp,0.25,3,3,TCTTGCGAAAGTACCTGACA,0,4091363
yacCp,0.25,3,3,TCTTAAAGAGTTCCTACAAC,0,4087986
yacCp,0.25,3,3,TCTGGGTTTAGAATTCATGA,0,4087481
yacCp,0.25,3,3,TCTCTACATGCTCTACCTGA,0,4085821
yacCp,0.25,3,3,TCTCCCTGTGGTTTCCCTCA,0,4080771
yacCp,0.25,3,3,TCTAGGGACATCTAACAAGC,0,4086232
yacCp,0.25,3,3,TCGTGCGTTAAGCATCGCAG,0,4105137
yacCp,0.25,3,3,TCGTCCTGCTAAGCAAAAAC,0,4080486
yacCp,0.25,3,3,TCGCCGATTGACATTTGCCA,0,4112064
yacCp,0.25,3,3,TCGCAGTTTTGTTGACGGAG,0,4106220
yacCp,0.25,3,3,TCGATGCAATGTAGACCGAT,0,4097962
yacCp,0.25,3,3,TCGACGTTGGCCAACTCTTG,0,4081384
yacCp,0.25,3,3,TCGACCAGACTGCTGTTGGT,0,4101166
yacCp,0.25,3,3,TCCTTGTAATCTCATAGGGG,0,4108701
yacCp,0.25,3,3,TCCTAGGCCTGGTCGCCGAA,0,4090732
yacCp,0.25,3,3,TCCTACAGCCTTTGTAATGA,0,4084526
yacCp,0.25,3,3,TCCGTCTCGTGTGAGACTCT,0,4087181
yacCp,0.25,3,3,TCCGCGAGACAATGCGTAAC,0,4083126
yacCp,0.25,3,3,TCCCGCAGCAGGGACTGCGG,0,4094668
yacCp,0.25,3,3,TCCCCTTTAGTCTCGTTAGG,0,4081602
yacCp,0.25,3,3,TCCAGCCGAAAACTTGCTAA,0,4092182
yacCp,0.25,3,3,TCCAATGTTCTGTTAAGGCG,0,4101426
yacCp,0.25,3,3,TCCAAAGAGCGACACGTGCA,0,4078835
yacCp,0.25,3,3,TCATAATAGCGAGGGGCAGT,0,4095180
yacCp,0.25,3,3,TCACGGGTTTATTAATTATG,0,4083556
yacCp,0.25,3,3,TCACAGTGATTTTGCTACGT,0,4081595
yacCp,0.25,3,3,TCAACGCAAGGGTGAGTTGG,0,4101469
yacCp,0.25,3,3,TCAAACAGAGATTGCACGGA,0,4105885
yacCp,0.25,3,3,TATTGTGACCAACCGCGACA,0,4096002
yacCp,0.25,3,3,TATTGCGTTAATGCACTATC,0,4090178
yacCp,0.25,3,3,TATGGCTGTCTCTAAGGTAT,0,4103691
yacCp,0.25,3,3,TATCGATTTTGTTATATCGT,0,4079217
yacCp,0.25,3,3,TATCCAGGAGAACTAACAGC,0,4094531
yacCp,0.25,3,3,TATCATCTGGCACCGACGGA,0,4106349
yacCp,0.25,3,3,TATAGATCTTATTTAATGAC,0,4098810
yacCp,0.25,3,3,TATACCAGCAAGCGCCCGGC,0,4094785
yacCp,0.25,3,3,TAGGGACGGCTTACTGTTTA,0,4081380
yacCp,0.25,3,3,TAGGCAAGCTATAGCCTTAA,0,4096756
yacCp,0.25,3,3,TAGGATTAATCTGTCATTGA,0,4105409
yacCp,0.25,3,3,TAGGACGTCAGTGCTCGGTT,0,4097484
yacCp,0.25,3,3,TAGGAAGGTGAGAGGCGAAA,0,4090522
yacCp,0.25,3,3,TAGCTGGTACACTAACAAAC,0,4096156
yacCp,0.25,3,3,TAGCATGATTACGGCACGTT,0,4096590
yacCp,0.25,3,3,TACGTCCAGGGCTCCTCTTT,0,4110072
yacCp,0.25,3,3,TACGGTAGCCGAAACAGACA,0,4091239
yacCp,0.25,3,3,TACGGAGTAGATGGAAAGAG,0,4079261
yacCp,0.25,3,3,TACCCGGATACGGTAACGAT,0,4102273
yacCp,0.25,3,3,TACATTTTGGTCAGAAAACA,0,4101933
yacCp,0.25,3,3,TACATTGAGCAACGAGGCCA,0,4096049
yacCp,0.25,3,3,TACATCCCATGACATGAGTA,0,4111213
yacCp,0.25,3,3,TACACAGAGGTAATACAGGA,0,4080711
yacCp,0.25,3,3,TACAATGGGGAGCATCACGT,0,4086915
yacCp,0.25,3,3,TAATGCGTCCACAACTATTT,0,4112477
yacCp,0.25,3,3,TAATGCAATAGCGGGCGGTG,0,4109822
yacCp,0.25,3,3,TAAGTCCGTGTTACCAGTGG,0,4088840
yacCp,0.25,3,3,TAAGTCAAGTCTGACCCTAC,0,4088311
yacCp,0.25,3,3,TAAGCTTCGAGAACCCGCGG,0,4079776
yacCp,0.25,3,3,TAAGCTGCTATCAGAGAACG,0,4092173
yacCp,0.25,3,3,TAAACTGCCCGGCCACTGGT,0,4094907
yacCp,0.25,3,3,GTTTTTATCAGTAGAGTAGA,0,4093953
yacCp,0.25,3,3,GTTTGTTTAGACCGATCTAC,0,4082583
yacCp,0.25,3,3,GTTTCCCAACTAACTAGAAT,0,4079061
yacCp,0.25,3,3,GTTGTGTGAAAATTAGCGTG,0,4110533
yacCp,0.25,3,3,GTTGTGAATAGCATTCAGTA,0,4095790
yacCp,0.25,3,3,GTTCTTCTGCCATCGGACTA,0,4096236
yacCp,0.25,3,3,GTTCTCTGCATTGCGAGTTC,0,4095473
yacCp,0.25,3,3,GTTCTCAAATTGGCATGTGA,0,4109592
yacCp,0.25,3,3,GTTCTATTGGGTTTGGTCTC,0,4084536
yacCp,0.25,3,3,GTTATACAAACAGATCGGCA,0,4078477
yacCp,0.25,3,3,GTTAGGAACAACAGCAGATC,0,4103976
yacCp,0.25,3,3,GTTACGGCTAAACGACCTGG,0,4083924
yacCp,0.25,3,3,GTTAAAACGGATTGCACTTA,0,4084940
yacCp,0.25,3,3,GTGTTTGGGCAGGAGGCTTG,0,4085907
yacCp,0.25,3,3,GTGTTGTCCCTCTCGGTATG,0,4100169
yacCp,0.25,3,3,GTGTACAATACGACTGTCAG,0,4107213
yacCp,0.25,3,3,GTGTAATGCGCCAATAGATG,0,4099273
yacCp,0.25,3,3,GTGTAAGTCGAGACAGGCAA,0,4079615
yacCp,0.25,3,3,GTGGTTTGCGTAGTTAAGGG,0,4090133
yacCp,0.25,3,3,GTGGTCGTCGTGAGCTTGGA,0,4081989
yacCp,0.25,3,3,GTGGCTAGAGACACTCTGTT,0,4103925
yacCp,0.25,3,3,GTGGCCATGGGTAGATAAGT,0,4111481
yacCp,0.25,3,3,GTGCCCCGATACGAGATAAT,0,4109318
yacCp,0.25,3,3,GTGCATCCCCTTCTCGAGAA,0,4111691
yacCp,0.25,3,3,GTGCATAACTTACGAAGGAA,0,4087209
yacCp,0.25,3,3,GTGATCCGTATACCTAGTTC,0,4093172
yacCp,0.25,3,3,GTGAGCGTAAACGGCTCATT,0,4082039
yacCp,0.25,3,3,GTGAACTTAACACATCATAT,0,4085112
yacCp,0.25,3,3,GTCTTCGTACCGTGGACCCA,0,4105795
yacCp,0.25,3,3,GTCTTATCTGCGTTTGACGT,0,4109278
yacCp,0.25,3,3,GTCTCCCGCGTATTAACACT,0,4078959
yacCp,0.25,3,3,GTCGTATAAAAACGGTGATA,0,4104297
yacCp,0.25,3,3,GTCCATACGAACTGGGGCCA,0,4110608
yacCp,0.25,3,3,GTCCAAGAGTTCGACCAGTT,0,4081748
yacCp,0.25,3,3,GTCATGAATCCCTTACCGTC,0,4080288
yacCp,0.25,3,3,GTCATCTAAACGAATCGAGA,0,4104753
yacCp,0.25,3,3,GTATTGTCTCAGCACCCGTG,0,4084669
yacCp,0.25,3,3,GTATCTAGAGCCTGGTTTTT,0,4104838
yacCp,0.25,3,3,GTATATGCTTCGCAGCCTGG,0,4086737
yacCp,0.25,3,3,GTACTGCGCTAGCTGATTAG,0,4094481
yacCp,0.25,3,3,GTACACTCTAGTTGTCAGCC,0,4091319
yacCp,0.25,3,3,GTAAGGAGAGAGGAAGTCTG,0,4098478
yacCp,0.25,3,3,GTAACTTTGCTGCCGAGCCT,0,4102426
yacCp,0.25,3,3,GGTTAGATGTCCGTCATCCA,0,4111343
yacCp,0.25,3,3,GGTGTGAGGCCAATATCCGG,0,4083278
yacCp,0.25,3,3,GGTGTATTCTCGCATGTTTC,0,4082853
yacCp,0.25,3,3,GGTGTAGGTGGCTCTGTTAG,0,4103051
yacCp,0.25,3,3,GGTGCCACTGAGAGCTTGGT,0,4101006
yacCp,0.25,3,3,GGTCTCCTCCACCGACTTTC,0,4085461
yacCp,0.25,3,3,GGTCTCAGCGTGGTCCGTTC,0,4084268
yacCp,0.25,3,3,GGTACTGTCTAGAACTTAAT,0,4083974
yacCp,0.25,3,3,GGTACTGTACCAACCTTTTA,0,4110678
yacCp,0.25,3,3,GGTAATCGGCTTCTGATGCC,0,4084952
yacCp,0.25,3,3,GGTAAAGATGCGCGCGCGGT,0,4082041
yacCp,0.25,3,3,GGGTGTTAGGGGGACAACGC,0,4093409
yacCp,0.25,3,3,GGGTATCATGTAGAAGTCTT,0,4083409
yacCp,0.25,3,3,GGGGGTACGTGTTCAATCTT,0,4099401
yacCp,0.25,3,3,GGGGGGATTCAGCTGCGTTA,0,4106218
yacCp,0.25,3,3,GGGGGCGTGTCAACCATAGT,0,4086938
yacCp,0.25,3,3,GGGGCTACCTGATCATACTA,0,4109081
yacCp,0.25,3,3,GGGGATAGGCACCAAGCGAG,0,4093439
yacCp,0.25,3,3,GGGGACCGTAGCAACCCAGC,0,4086630
yacCp,0.25,3,3,GGGCGCGGGTCTACTTGGGC,0,4080583
yacCp,0.25,3,3,GGGCCGCGTTCTATTAAGCA,0,4084100
yacCp,0.25,3,3,GGGCAAACCGCCACTACTAC,0,4108925
yacCp,0.25,3,3,GGGAAATGCGGTGTGAGAGT,0,4103115
yacCp,0.25,3,3,GGCTGGCAATATCGTGTTTG,0,4109143
yacCp,0.25,3,3,GGCTGCGATAAGGATCCTTA,0,4100312
yacCp,0.25,3,3,GGCTATTCAGGATGAATAGG,0,4084923
yacCp,0.25,3,3,GGCTAACGAAAACCGTCTCT,0,4087329
yacCp,0.25,3,3,GGCGGAGTATCCTAAGAATC,0,4089031
yacCp,0.25,3,3,GGCCCTAGTATCTCCCCAGC,0,4082948
yacCp,0.25,3,3,GGCCACGGTCTGGTCTAATA,0,4111084
yacCp,0.25,3,3,GGCAGGCATAGGCTGTCCAA,0,4091055
yacCp,0.25,3,3,GGCAAACTCTGAGAGGGGAC,0,4080014
yacCp,0.25,3,3,GGATCTACCACCTGTTGGAA,0,4096646
yacCp,0.25,3,3,GGATCCTACGGCTGGTACAC,0,4106842
yacCp,0.25,3,3,GGATCAATGATGTCCAGCTC,0,4093194
yacCp,0.25,3,3,GGATAGATACAGTGCTGTGC,0,4094079
yacCp,0.25,3,3,GGAGGTCTCAAGTTAAGATG,0,4081568
yacCp,0.25,3,3,GGAGCCCCTCCCCGCCCTTT,0,4099168
yacCp,0.25,3,3,GGAGAGGATGTACTCCTGGA,0,4084930
yacCp,0.25,3,3,GGACATACTCCATTCATGGA,0,4089369
yacCp,0.25,3,3,GGAAAGCAGACTCATCCGGG,0,4101932
yacCp,0.25,3,3,GCTTGTAACTGTGCGAAAAC,0,4107274
yacCp,0.25,3,3,GCTTGATGATCCCAACCCGA,0,4113073
yacCp,0.25,3,3,GCTTCGAGAGCTTGTAAGTA,0,4096905
yacCp,0.25,3,3,GCTTCAGAAGGTCTCACATT,0,4102420
yacCp,0.25,3,3,GCTTAAGATGAGCATCGTCA,0,4085939
yacCp,0.25,3,3,GCTGTGAACACACGCGGAGT,0,4086598
yacCp,0.25,3,3,GCTGGAGAGTCCTAGTAAAA,0,4112038
yacCp,0.25,3,3,GCTGCCGAGTAGTTAATGTA,0,4102983
yacCp,0.25,3,3,GCTGAATTTGTGTAAGCCGG,0,4107917
yacCp,0.25,3,3,GCTCAGCCACTGGGCCGACA,0,4084821
yacCp,0.25,3,3,GCTATTCCACCGCACTACCA,0,4108835
yacCp,0.25,3,3,GCTAGATCTGTGGCAGGAAG,0,4090172
yacCp,0.25,3,3,GCTACAGTTATATAGGCGTA,0,4097180
yacCp,0.25,3,3,GCTAAGTAATCCGCCTACGG,0,4093463
yacCp,0.25,3,3,GCTAAAGTTTAACTCTAACA,0,4080822
yacCp,0.25,3,3,GCGTTTTGGTAGTGCAAGGA,0,4101396
yacCp,0.25,3,3,GCGTCTATATATTGCGAGGC,0,4082124
yacCp,0.25,3,3,GCGTCGGGAGCACGCCTTCC,0,4092184
yacCp,0.25,3,3,GCGGTGGGGAGCTAGTGAGT,0,4089304
yacCp,0.25,3,3,GCGGGAGACTGGAGAGGAGC,0,4104309
yacCp,0.25,3,3,GCGGACTCAGATCTAGTGAG,0,4087049
yacCp,0.25,3,3,GCGGAATGGTGTGCTGGACA,0,4094488
yacCp,0.25,3,3,GCGCTAGACCTCATGGGGAT,0,4095055
yacCp,0.25,3,3,GCGCCTGGAATCTCAAGGTT,0,4084469
yacCp,0.25,3,3,GCGCAGGGATTGGTCAATCT,0,4109405
yacCp,0.25,3,3,GCGCAGGATGGCTACATAGG,0,4107255
yacCp,0.25,3,3,GCGCAGCAAGGATCCAGAAT,0,4093209
yacCp,0.25,3,3,GCGATCGGTGCATTTCGATG,0,4103850
yacCp,0.25,3,3,GCGAAATCAGATAACCAGTC,0,4099580
yacCp,0.25,3,3,GCCTTTTTACCAGGGATGAC,0,4096773
yacCp,0.25,3,3,GCCTTGGGTGAGGATAAATA,0,4082245
yacCp,0.25,3,3,GCCTGGAACAGTTGTGATTG,0,4078427
yacCp,0.25,3,3,GCCTGATAACGAGCGGTACA,0,4107449
yacCp,0.25,3,3,GCCTGAAGCTGAATAAACCT,0,4082923
yacCp,0.25,3,3,GCCGGAGCCTCTACCGCATT,0,4095135
yacCp,0.25,3,3,GCCCGACCATTGCTGCTTGG,0,4107337
yacCp,0.25,3,3,GCCAGTCGTCTACGTAAACT,0,4087161
yacCp,0.25,3,3,GCCACGCAGATAGCCCGGAA,0,4092825
yacCp,0.25,3,3,GCAGTGACTATGCGTAGGCT,0,4088935
yacCp,0.25,3,3,GCAGGAGTACTTGGCAGATG,0,4091607
yacCp,0.25,3,3,GCAGCGGGAGCATAAAGCTT,0,4106029
yacCp,0.25,3,3,GCAGCCTAAAGAGAATTAGG,0,4080047
yacCp,0.25,3,3,GCACGGCTATCGCCGTTGAT,0,4079642
yacCp,0.25,3,3,GCACGGCCCTTTCCCTCGAT,0,4088830
yacCp,0.25,3,3,GCACGCCCTACAGCCGCATG,0,4112109
yacCp,0.25,3,3,GCAAGTAACGTGCATGAATC,0,4106525
yacCp,0.25,3,3,GCAAGAACAGAAGGTCTTCA,0,4085230
yacCp,0.25,3,3,GCAACTATACGCGCGAGCGA,0,4106347
yacCp,0.25,3,3,GCAACCGATTGTGTAGTAAC,0,4079477
yacCp,0.25,3,3,GCAAAACGGGAGCGGCCCTG,0,4107380
yacCp,0.25,3,3,GATTCTTGGCGCAAGCAGTT,0,4083825
yacCp,0.25,3,3,GATTCTATGGAGTGTACGGG,0,4080034
yacCp,0.25,3,3,GATTATGTATATAAAGCAGT,0,4086692
yacCp,0.25,3,3,GATGTAGGGTTTGCTATATG,0,4083739
yacCp,0.25,3,3,GATGTAATAGAAGAGTATGC,0,4104953
yacCp,0.25,3,3,GATGGTACGTAGACGGTGGA,0,4078982
yacCp,0.25,3,3,GATGCTATGAGACGCAATTT,0,4080279
yacCp,0.25,3,3,GATCGTACAATCGCCCGTTG,0,4090207
yacCp,0.25,3,3,GATAAAAGGTGACAGCGAGC,0,4101192
yacCp,0.25,3,3,GAGTTACGTGGACTCTTAGT,0,4079540
yacCp,0.25,3,3,GAGTGGGGAATGAGGGTACA,0,4084360
yacCp,0.25,3,3,GAGTCTGGAGAGACAGATAA,0,4086110
yacCp,0.25,3,3,GAGTCCTGTTGCTCTAGCAT,0,4108200
yacCp,0.25,3,3,GAGGTTCTAGGCGTGGCGTT,0,4094229
yacCp,0.25,3,3,GAGGAGAAGCAAGGGGGGGT,0,4087891
yacCp,0.25,3,3,GAGCGTTGAACGGCCGCTTC,0,4106303
yacCp,0.25,3,3,GAGCGGTAGGTCTGCGCTAT,0,4102050
yacCp,0.25,3,3,GAGCCTCATATGGCGCGTTG,0,4078885
yacCp,0.25,3,3,GAGCCAGGACATTGTAAGTT,0,4081100
yacCp,0.25,3,3,GAGCAGATGCATTCCGTCCT,0,4086566
yacCp,0.25,3,3,GAGAGCTTTTCCCTCAGTTT,0,4096318
yacCp,0.25,3,3,GAGAACTTATACTCATCTCG,0,4082470
yacCp,0.25,3,3,GACTTGTGATTACAGGAAGC,0,4103589
yacCp,0.25,3,3,GACTTGTATAAGGTCCCACT,0,4089179
yacCp,0.25,3,3,GACTCGGCGAGCTTGTTCGC,0,4104060
yacCp,0.25,3,3,GACCTTGGTTTGGATGGTCC,0,4098038
yacCp,0.25,3,3,GACCTTCTTTTGCGGCGTCG,0,4087204
yacCp,0.25,3,3,GACCTCTGGATAAGCAGAAC,0,4082048
yacCp,0.25,3,3,GACCCAAATAGTCGCGCGTT,0,4081790
yacCp,0.25,3,3,GACCACGAGTATCGGCGCTT,0,4108573
yacCp,0.25,3,3,GAATAATTGTCCTTCGCCTT,0,4109634
yacCp,0.25,3,3,GAAGTATCACCCGACGAAGG,0,4099945
yacCp,0.25,3,3,GAAGTAAACACTAAGATGTA,0,4084641
yacCp,0.25,3,3,GAAGGGGTGCGCTGCACGTC,0,4100412
yacCp,0.25,3,3,GAAGGAGGATGAGTTACTGG,0,4091736
yacCp,0.25,3,3,GAAGCTGGAAACGTTCCTTA,0,4083183
yacCp,0.25,3,3,GAAGCGGGCACGTTACACTG,0,4101464
yacCp,0.25,3,3,GAACTTCTACGCACATAAAG,0,4086903
yacCp,0.25,3,3,CTTGTTTTTTGATTCGGAAG,0,4104741
yacCp,0.25,3,3,CTTGTTGGTTGTTCCAGGGT,0,4097340
yacCp,0.25,3,3,CTTGGGGTGAAACGCGCAAT,0,4099050
yacCp,0.25,3,3,CTTCGCAGCTCCGTTCTTTC,0,4090056
yacCp,0.25,3,3,CTTCAACGCATAAGCCTAAA,0,4112118
yacCp,0.25,3,3,CTTATGCCGGATAGCCAATA,0,4094021
yacCp,0.25,3,3,CTTAAGGGAGCCAAGCTATA,0,4094176
yacCp,0.25,3,3,CTGTTTTGACAATGCCGCAC,0,4081271
yacCp,0.25,3,3,CTGTTAGGACGCTTGCAAGG,0,4110500
yacCp,0.25,3,3,CTGTGCGCATATAAATGCAA,0,4083158
yacCp,0.25,3,3,CTGTACCCCGGACCAGTAGC,0,4101920
yacCp,0.25,3,3,CTGGTTATACCGACCAGTGC,0,4080695
yacCp,0.25,3,3,CTGGGGGACAGAGCCTTCAT,0,4099616
yacCp,0.25,3,3,CTGCGGTTATGAGTTCATCA,0,4085267
yacCp,0.25,3,3,CTCTTACCCTAAGTGGGGTG,0,4097723
yacCp,0.25,3,3,CTCTGCCAACATCACGGGTT,0,4089136
yacCp,0.25,3,3,CTCGTGCTACTACTCGCAAA,0,4099940
yacCp,0.25,3,3,CTCGGAGGGGTGCTGTCATA,0,4110724
yacCp,0.25,3,3,CTCCCGTTTTTGTACGCGTA,0,4084177
yacCp,0.25,3,3,CTCCCAGGCCGGTGGCCGAC,0,4102993
yacCp,0.25,3,3,CTCATTTTAAATCCGCACAA,0,4106799
yacCp,0.25,3,3,CTCAGGATTGATCGATTTTG,0,4091842
yacCp,0.25,3,3,CTATTCCCGCTTCCTGTGCA,0,4097542
yacCp,0.25,3,3,CTATCTTATGGTTATTGGAA,0,4107041
yacCp,0.25,3,3,CTATCTAAAGACTAAACTGG,0,4096876
yacCp,0.25,3,3,CTAGGTGGTTATGTGTCCAA,0,4079298
yacCp,0.25,3,3,CTAGCTATCGCATTAGGGTA,0,4081565
yacCp,0.25,3,3,CTACGGACAGTTCTGTTAAA,0,4080709
yacCp,0.25,3,3,CTAAAACAATCAGAACTCGT,0,4104852
yacCp,0.25,3,3,CGTTTATCACTTAGAGCGTA,0,4083515
yacCp,0.25,3,3,CGTGTTATATCGCCAGCAGA,0,4088433
yacCp,0.25,3,3,CGTGTCGGATATCTGTAAAA,0,4080659
yacCp,0.25,3,3,CGTGCTCTGAATATAGAGCA,0,4110921
yacCp,0.25,3,3,CGTGCGGGTATTCTATAGAT,0,4105040
yacCp,0.25,3,3,CGTGCCCTAAAGAATGCCTC,0,4087971
yacCp,0.25,3,3,CGTGAGATGAGTGCCTTTAA,0,4087233
yacCp,0.25,3,3,CGTCGTTGATGGTTGCAGCG,0,4101790
yacCp,0.25,3,3,CGTCGGCTCTGTCGTGCCGG,0,4085095
yacCp,0.25,3,3,CGTAGAATCTGCAACCCGCA,0,4088035
yacCp,0.25,3,3,CGTACCAGCTTCACTTCGCG,0,4087256
yacCp,0.25,3,3,CGGTTCTCCTTGAGTCCGAG,0,4090628
yacCp,0.25,3,3,CGGTCAACCGTCACTATATA,0,4098594
yacCp,0.25,3,3,CGGTAAATGGGGTAAATGAT,0,4099267
yacCp,0.25,3,3,CGGCCGTCAAACTGCGTAGG,0,4104328
yacCp,0.25,3,3,CGGCCAGAGTAAGCAGACGC,0,4107465
yacCp,0.25,3,3,CGGCATATTGTGTAACGCTG,0,4106190
yacCp,0.25,3,3,CGGCAATTACGTCAAACTCA,0,4106151
yacCp,0.25,3,3,CGGAGACCATGCGCCCCCAT,0,4108064
yacCp,0.25,3,3,CGGACTGCAGCTCACGTCTG,0,4107233
yacCp,0.25,3,3,CGGAAGTGGTATCCGTCGAC,0,4081697
yacCp,0.25,3,3,CGGAAACTGAACAGATCTCG,0,4081331
yacCp,0.25,3,3,CGCTTTTTCGTCAATGTTGC,0,4081688
yacCp,0.25,3,3,CGCTGTTGCTTGTAGCAGTG,0,4107696
yacCp,0.25,3,3,CGCTGCTAACTAACTTGCAT,0,4091185
yacCp,0.25,3,3,CGCTGCCACTTACGCAGCCA,0,4080926
yacCp,0.25,3,3,CGCTCGCCAGAGACCTCATT,0,4087690
yacCp,0.25,3,3,CGCTCAGGAGATCCAACAAT,0,4111006
yacCp,0.25,3,3,CGCTAGTCTTGTTGTGTGCA,0,4087503
yacCp,0.25,3,3,CGCGTAGCATAACTCGTTGT,0,4111319
yacCp,0.25,3,3,CGCGGTTGTATGGACACTTA,0,4093305
yacCp,0.25,3,3,CGCCCCCTTCGGGTAATCCT,0,4083055
yacCp,0.25,3,3,CGCAGATGCGAACGTCGTTT,0,4107472
yacCp,0.25,3,3,CGCAATCCCGTTTCGATTCA,0,4097155
yacCp,0.25,3,3,CGCAAACCGTGTGCGAAGAT,0,4095402
yacCp,0.25,3,3,CGATTTTGTGTTTAACCGAA,0,4093947
yacCp,0.25,3,3,CGATGTGAAAAGTCGCAGTT,0,4083962
yacCp,0.25,3,3,CGATCTGCGTATCAACAACC,0,4086672
yacCp,0.25,3,3,CGAGGGCGGGGAGCGCAGAG,0,4092113
yacCp,0.25,3,3,CGAGCCTCGGCAAGACTCTA,0,4097510
yacCp,0.25,3,3,CGAGATTGTGTTGGCCGCTG,0,4087306
yacCp,0.25,3,3,CGACGGGTGGTTGCCACCTG,0,4105880
yacCp,0.25,3,3,CGACATCATCTTGGGGAGTA,0,4105847
yacCp,0.25,3,3,CGAAGGCACGTGCCGGTATG,0,4080018
yacCp,0.25,3,3,CGAACCATGGCTTCGGGCGA,0,4096631
yacCp,0.25,3,3,CGAAATCGAACGAGAAAAGA,0,4090895
yacCp,0.25,3,3,CCTTTCAGTCATTGCGAAAT,0,4079031
yacCp,0.25,3,3,CCTTTACACACGGACCTATA,0,4107665
yacCp,0.25,3,3,CCTGCCAACGAGATGACATC,0,4089342
yacCp,0.25,3,3,CCTCGCTTGTCTACGCTAAC,0,4084130
yacCp,0.25,3,3,CCTCGACGCCGAGTTCTCGT,0,4108458
yacCp,0.25,3,3,CCTCGAACTTTATGCTGTTT,0,4111628
yacCp,0.25,3,3,CCTCAGCGCATCTAACCGGA,0,4083976
yacCp,0.25,3,3,CCTAGCCTCACACACTTTGT,0,4084608
yacCp,0.25,3,3,CCGTCGATCATTCTCCGGCG,0,4103846
yacCp,0.25,3,3,CCGGTTACGAGCGTTGATAG,0,4086508
yacCp,0.25,3,3,CCGGGCCTCAGCCGAGGGGT,0,4079449
yacCp,0.25,3,3,CCGCGGCACTGGTATGTGTT,0,4105464
yacCp,0.25,3,3,CCGCCCCGAGCCAGGTTTCC,0,4098142
yacCp,0.25,3,3,CCGATTCCCCAGAACCGACC,0,4097628
yacCp,0.25,3,3,CCCGGCCACCCTCGTTGCAA,0,4086859
yacCp,0.25,3,3,CCCGCCGCAAGTTAGTAGGA,0,4108134
yacCp,0.25,3,3,CCCGAGCGACCCACTGCTTT,0,4087720
yacCp,0.25,3,3,CCCCCTAAGCACTTCCACTC,0,4098716
yacCp,0.25,3,3,CCCCATCTGTCTGCGAGGGA,0,4080070
yacCp,0.25,3,3,CCCCATACGACGACTAAGTT,0,4099104
yacCp,0.25,3,3,CCCCAATTAAGCCCCGGCAT,0,4096387
yacCp,0.25,3,3,CCCATGGATCCGTTTTTCTC,0,4082595
yacCp,0.25,3,3,CCATTGGTACCGCATCTTGT,0,4092722
yacCp,0.25,3,3,CCATCTGAGCCCAGAGCGAC,0,4083842
yacCp,0.25,3,3,CCATACTGATGTGCGTTACA,0,4102382
yacCp,0.25,3,3,CCAGTCTATTCTGCCCTTTT,0,4107252
yacCp,0.25,3,3,CCAGGCAGTGCATCGTTTAC,0,4091991
yacCp,0.25,3,3,CCAGCGGGCGGTTTCTATTT,0,4111580
yacCp,0.25,3,3,CCAGCATTGAATCCACGCCG,0,4080422
yacCp,0.25,3,3,CCAGAGCACGCAGCAATGAC,0,4090969
yacCp,0.25,3,3,CCAGAGAGTATTCCGATCTT,0,4084700
yacCp,0.25,3,3,CCAGAAGACCGAACGAGACC,0,4094853
yacCp,0.25,3,3,CCACCACGCCGACCATCGCG,0,4088056
yacCp,0.25,3,3,CCAATTTCAAATGACACTAT,0,4082230
yacCp,0.25,3,3,CCAAGTGCGTGGCGGAATGT,0,4107803
yacCp,0.25,3,3,CCAAATGTGACTATCATGGC,0,4097801
yacCp,0.25,3,3,CATTTAAGTTCCGATGCGGG,0,4106354
yacCp,0.25,3,3,CATTATTTCCATGTCTTTTA,0,4079010
yacCp,0.25,3,3,CATGTTCACTCGGATAAACG,0,4096814
yacCp,0.25,3,3,CATGCCACCGGCGCAGGGCG,0,4099201
yacCp,0.25,3,3,CATGACCGGCACCGGCGTAG,0,4078960
yacCp,0.25,3,3,CATGAAACTACGGTAGGAGG,0,4105999
yacCp,0.25,3,3,CATCTTGCAGATTAAACTGA,0,4104971
yacCp,0.25,3,3,CATCGTTCGGGTGCTACGTT,0,4095563
yacCp,0.25,3,3,CATCGTAGGTAAAAAATCAT,0,4110756
yacCp,0.25,3,3,CATCGAGCCAGTTGAACACT,0,4092424
yacCp,0.25,3,3,CATCATAGTCTCTGACTATG,0,4103348
yacCp,0.25,3,3,CATATCCGTCCGGAGCATGA,0,4085606
yacCp,0.25,3,3,CATATCCGGGAATCTTGTAA,0,4081882
yacCp,0.25,3,3,CAGTGCCTTCGCGCGACAAG,0,4081547
yacCp,0.25,3,3,CAGTATTAAACGAACCCGCG,0,4078964
yacCp,0.25,3,3,CAGGTGCGTCAATATATTAC,0,4109488
yacCp,0.25,3,3,CAGGGTGTCACAATCGAGGT,0,4083563
yacCp,0.25,3,3,CAGGGTCTGTTAATGCTTAC,0,4102471
yacCp,0.25,3,3,CAGGCGGTATACAATAGGTC,0,4090532
yacCp,0.25,3,3,CAGGCCGTAGGACATGTTGT,0,4085555
yacCp,0.25,3,3,CAGGACAAATGCTGGTAGGT,0,4093742
yacCp,0.25,3,3,CAGGAAGGCGGGGCGGGAGA,0,4104271
yacCp,0.25,3,3,CAGGAACTTAACTAAACCTC,0,4111282
yacCp,0.25,3,3,CAGCTCAGCTGGCTCTTTGC,0,4111452
yacCp,0.25,3,3,CAGACGTTTAGGCGAGTTAT,0,4103800
yacCp,0.25,3,3,CAGACCTAGTTACTGCCATA,0,4107286
yacCp,0.25,3,3,CACTTAATGGGAATGTCTAA,0,4081946
yacCp,0.25,3,3,CACTGGACTTTAGGCAGCGA,0,4105772
yacCp,0.25,3,3,CACTGCGATATGGCCAGTGC,0,4087864
yacCp,0.25,3,3,CACGTAGATGTCCCGAGTCT,0,4079055
yacCp,0.25,3,3,CACGGTCCCAGGAAGCGTGT,0,4093382
yacCp,0.25,3,3,CACGGCTTCAGCGGGGATTT,0,4095918
yacCp,0.25,3,3,CACCGTTAGGGTCGTCTCCC,0,4084937
yacCp,0.25,3,3,CACCGCCACAACCCTGAGTC,0,4112287
yacCp,0.25,3,3,CACCCTCGTCGGCTTGCCAG,0,4094608
yacCp,0.25,3,3,CACCCAGTGATCCGCTGCTG,0,4098463
yacCp,0.25,3,3,CACCCAGGGACAGTTTCTGT,0,4109549
yacCp,0.25,3,3,CACCATCAGTTGAACCAGTG,0,4103558
yacCp,0.25,3,3,CACAACGGGAATGCGGCAGA,0,4086618
yacCp,0.25,3,3,CAATTTGGCAGCCTTCCAAT,0,4097504
yacCp,0.25,3,3,CAATTGCGATACGGCTCCTG,0,4100389
yacCp,0.25,3,3,CAATCTTGAAATAGTGCTGG,0,4089724
yacCp,0.25,3,3,CAATCCCGGCAGTTAATTAA,0,4080069
yacCp,0.25,3,3,CAAGTATGGGACAAGCCTAC,0,4088811
yacCp,0.25,3,3,CAAGGACGACATAAAGCGTC,0,4111001
yacCp,0.25,3,3,CAAGCGTTTGAGAAACGAGA,0,4109559
yacCp,0.25,3,3,CAACAGGCGGTTTATTAGGA,0,4089948
yacCp,0.25,3,3,CAACAACCAACGCGGCAAAG,0,4109226
yacCp,0.25,3,3,CAAACGTTGCATTACGCGGT,0,4090708
yacCp,0.25,3,3,CAAACAATTAGGCGTACGCT,0,4108059
yacCp,0.25,3,3,CAAAATTCCTGCGGAGACCG,0,4083772
yacCp,0.25,3,3,ATTTTAGGGGTTGGATGTAA,0,4080193
yacCp,0.25,3,3,ATTTGGTAAGAGCTTCGAAA,0,4100084
yacCp,0.25,3,3,ATTTGAGGCTTATTACGGTC,0,4103301
yacCp,0.25,3,3,ATTGGCTCGTGAGACCCAGC,0,4110635
yacCp,0.25,3,3,ATTGGAGGTCAAGAATTATT,0,4080259
yacCp,0.25,3,3,ATTGCCAGTTCTTGTCCAGT,0,4085582
yacCp,0.25,3,3,ATTGACACGGTAATGACCGT,0,4093316
yacCp,0.25,3,3,ATTATGGATTTCCTGATAGT,0,4099251
yacCp,0.25,3,3,ATTACTTGTTTGTTCCGTGG,0,4087113
yacCp,0.25,3,3,ATTACTGAACCTGGAGGAGG,0,4088230
yacCp,0.25,3,3,ATTAATATGGGGAAGGTATT,0,4083309
yacCp,0.25,3,3,ATGTGGTACCGTCTACCCTT,0,4090473
yacCp,0.25,3,3,ATGTGGCGGCGTCCTTCAGA,0,4106936
yacCp,0.25,3,3,ATGTGCATCTCACGATTATC,0,4107014
yacCp,0.25,3,3,ATGTCAAGCAGGGCGCGACT,0,4082491
yacCp,0.25,3,3,ATGCAAACAATACCAATCGT,0,4095957
yacCp,0.25,3,3,ATGAACCGTGCGTCTACACT,0,4107215
yacCp,0.25,3,3,ATCTGCGCCCTCCCAGGGAA,0,4103238
yacCp,0.25,3,3,ATCGGCGCCAGCCCGGGGAA,0,4090108
yacCp,0.25,3,3,ATCCTTGGTCTGAAGCCTAG,0,4110749
yacCp,0.25,3,3,ATCCGCTTCCTAATCCCCGC,0,4078955
yacCp,0.25,3,3,ATCACTCTAAGCGTCCTCGC,0,4089734
yacCp,0.25,3,3,ATCAATGCTTCGCAGCCCCT,0,4095379
yacCp,0.25,3,3,ATCAAAATAAATTGTCGGTC,0,4109094
yacCp,0.25,3,3,ATCAAAAGGGTTCAGCCGTG,0,4103410
yacCp,0.25,3,3,ATATGCAGGCATAATCACTG,0,4104468
yacCp,0.25,3,3,ATAGATGTCAGAGGTAAGAC,0,4085816
yacCp,0.25,3,3,ATAAGTTAGGTTACTACTCT,0,4084203
yacCp,0.25,3,3,ATAACTGCGGCACCGCGGAC,0,4110227
yacCp,0.25,3,3,AGTTTCAGGTGGGAATCTTT,0,4091787
yacCp,0.25,3,3,AGTTGTTGTCTGGTGTTTGA,0,4078765
yacCp,0.25,3,3,AGTTGTGTGAGGGATTGAGG,0,4099378
yacCp,0.25,3,3,AGTTGTAAGATTCCGTAGAT,0,4082077
yacCp,0.25,3,3,AGTTATAGCCCAGGAAATCT,0,4103400
yacCp,0.25,3,3,AGTGTGAGAACCAATTGGTC,0,4079691
yacCp,0.25,3,3,AGTCTCTACAAATTGACCCT,0,4111488
yacCp,0.25,3,3,AGTCCGTCATGATAGAGTCA,0,4081112
yacCp,0.25,3,3,AGTCCATTTCCTAGACGCTT,0,4078750
yacCp,0.25,3,3,AGTATTTGTAAAAATGAGGG,0,4099203
yacCp,0.25,3,3,AGTAAGGTGCAGTGATGGTC,0,4097252
yacCp,0.25,3,3,AGGTTCGTATGCGTGGTCTG,0,4089793
yacCp,0.25,3,3,AGGTGGAACAGGGCCTCCAC,0,4080022
yacCp,0.25,3,3,AGGTAGCCTCCCGATCACAC,0,4083348
yacCp,0.25,3,3,AGGTAGCACTCTCTAGAAGC,0,4079763
yacCp,0.25,3,3,AGGGTTACCTGCAATCTGAA,0,4097057
yacCp,0.25,3,3,AGGGGTCCAATGCGTAATTC,0,4091045
yacCp,0.25,3,3,AGGCCATTCTACAAAAGACA,0,4096614
yacCp,0.25,3,3,AGGCACGGCATTTTTTTGTC,0,4084514
yacCp,0.25,3,3,AGGATAGCTATCATACCGTG,0,4105866
yacCp,0.25,3,3,AGGAGTTAGGATGAGGGTAT,0,4101587
yacCp,0.25,3,3,AGGACGCGCTCTGCTCATTG,0,4085818
yacCp,0.25,3,3,AGGAAAGTATGTCTGTAATA,0,4085224
yacCp,0.25,3,3,AGCTTGCCATTCAGGGCAGA,0,4081723
yacCp,0.25,3,3,AGCTAAAACATCAGAGGTGT,0,4083251
yacCp,0.25,3,3,AGCGTCCCGCAGACCTCAGT,0,4105181
yacCp,0.25,3,3,AGCGGTTTCGCCGTAGTTAT,0,4097721
yacCp,0.25,3,3,AGCGGTAGGAGTGGGCAGCG,0,4082032
yacCp,0.25,3,3,AGCGGGTAGGCTCGTAACTT,0,4094968
yacCp,0.25,3,3,AGCCGTACTGGTAGCGGACG,0,4082598
yacCp,0.25,3,3,AGCAGTCAGAACGCAACCGA,0,4110272
yacCp,0.25,3,3,AGACGTATGCCATAAAGCGT,0,4079090
yacCp,0.25,3,3,AGACGAAACGACCGGAATTT,0,4112352
yacCp,0.25,3,3,AGAATGATGATTGAGGGTCG,0,4111560
yacCp,0.25,3,3,AGAACCATCTAACATATGCC,0,4104154
yacCp,0.25,3,3,ACTTTGGTACCGGTAATGGG,0,4079753
yacCp,0.25,3,3,ACTTGAAACAAATTACTAAC,0,4088894
yacCp,0.25,3,3,ACTTATCCAAGTAACGAGTT,0,4095939
yacCp,0.25,3,3,ACTTAATGATGTTAAAATTG,0,4084872
yacCp,0.25,3,3,ACTGGGCACTGGTCCATCAG,0,4091316
yacCp,0.25,3,3,ACTGGCGGCTCGAGCTCCCA,0,4110408
yacCp,0.25,3,3,ACTGATCAAGAAGTTGCTTG,0,4090304
yacCp,0.25,3,3,ACTCTTCTAATAGGGTTAGA,0,4085854
yacCp,0.25,3,3,ACTCCAAGCAGTTTAACTTG,0,4096354
yacCp,0.25,3,3,ACTATGGTTCAGCCTCTTAC,0,4111971
yacCp,0.25,3,3,ACTAGGTCTTACGCTCCGCC,0,4093952
yacCp,0.25,3,3,ACGTCTGGCTGGCGCTGCAA,0,4086832
yacCp,0.25,3,3,ACGGTTGGGTTGGGGGGAAA,0,4090976
yacCp,0.25,3,3,ACGGTGGTGGTTAGTATTTC,0,4093391
yacCp,0.25,3,3,ACGGTCGTGAACTCCGACAC,0,4092612
yacCp,0.25,3,3,ACGGCTACGTTTGTGTTCTC,0,4102953
yacCp,0.25,3,3,ACGCTGGGATAGCGTGGCAG,0,4086464
yacCp,0.25,3,3,ACGCGCGGGGTCGCCTCTCT,0,4107505
yacCp,0.25,3,3,ACGCGCAACTGGAACAATGA,0,4110362
yacCp,0.25,3,3,ACGCGAGACCCGCAGTAGTG,0,4105992
yacCp,0.25,3,3,ACGCATCTGGTCGGAATCAA,0,4093972
yacCp,0.25,3,3,ACGCAGCAAATCCAAATGAG,0,4081072
yacCp,0.25,3,3,ACGATTTCGTCCACACGGAC,0,4101431
yacCp,0.25,3,3,ACGACCAGCTTAGGTATTTA,0,4080763
yacCp,0.25,3,3,ACCTCTGTTGCAAAAGAAGC,0,4089638
yacCp,0.25,3,3,ACCTCGAGTCTACTCAGGGA,0,4111348
yacCp,0.25,3,3,ACCTCAAAGAAGACATCGTG,0,4100611
yacCp,0.25,3,3,ACCTACCTATAGACAATTAA,0,4093881
yacCp,0.25,3,3,ACCTAATACCGGTTTCCAGA,0,4111028
yacCp,0.25,3,3,ACCGTTGTCATCAGTTGATA,0,4109584
yacCp,0.25,3,3,ACCGGCGGCGATCCCTCGGC,0,4100557
yacCp,0.25,3,3,ACCGGCGACGTAAAGACATC,0,4107395
yacCp,0.25,3,3,ACCGCGATCGCTTTCACTCA,0,4083854
yacCp,0.25,3,3,ACCGAATTGCGCCGCTGTCT,0,4080314
yacCp,0.25,3,3,ACCCACGATCTCCGACGTGT,0,4083773
yacCp,0.25,3,3,ACCCAAAACGTGGCTCGACA,0,4096546
yacCp,0.25,3,3,ACCATCAGCATCTGGGGGTT,0,4103034
yacCp,0.25,3,3,ACAGTAAAAGGGTCTGGATC,0,4100150
yacCp,0.25,3,3,ACAGGCAGAGGCATTAGTCG,0,4097505
yacCp,0.25,3,3,ACAGCAAAGTCCTGTCAAGC,0,4108380
yacCp,0.25,3,3,ACACCGGGAAGGACCCGTCA,0,4095146
yacCp,0.25,3,3,AATTCCGCGGCACGTAATAG,0,4085346
yacCp,0.25,3,3,AATGGGACCGCTCTTGCCAG,0,4079305
yacCp,0.25,3,3,AATATGCTTTGTTAACGAGG,0,4109223
yacCp,0.25,3,3,AATAGGATGTAATTGAGGGA,0,4111384
yacCp,0.25,3,3,AATAGCGCTCACAACGGTTC,0,4094751
yacCp,0.25,3,3,AATACTATAGCTATTAGGGC,0,4106687
yacCp,0.25,3,3,AATACGATCTCAATATATGA,0,4093518
yacCp,0.25,3,3,AATAAGTCATCCTTTAGGTG,0,4105339
yacCp,0.25,3,3,AATAACCTCAAGGTAAGTTG,0,4106417
yacCp,0.25,3,3,AAGTTTGGGCGGGACGAGGC,0,4097037
yacCp,0.25,3,3,AAGTTCTGTTTGCCTGGAAC,0,4106740
yacCp,0.25,3,3,AAGTGAATTTTTAGGTCAGT,0,4097573
yacCp,0.25,3,3,AAGTGAATAAAGGTGACGCA,0,4081727
yacCp,0.25,3,3,AAGTCTTCGAACGGCTCATT,0,4102359
yacCp,0.25,3,3,AAGTCACCTATATGATCAGC,0,4103609
yacCp,0.25,3,3,AAGGTGGTAGCACACGGTCG,0,4090841
yacCp,0.25,3,3,AAGGGTTGAGATTCCGGCGA,0,4085805
yacCp,0.25,3,3,AAGGCCGTGTCCGTCTAATC,0,4107899
yacCp,0.25,3,3,AAGCTGTGATAAGGTTTGAT,0,4092573
yacCp,0.25,3,3,AAGCTAATCGTTCGTAAATG,0,4081503
yacCp,0.25,3,3,AAGCGTTAGTGGGGGGGAAT,0,4101727
yacCp,0.25,3,3,AAGAGTGGTTATGAGACGAC,0,4081357
yacCp,0.25,3,3,AAGAGGTCAAAACTAGATAT,0,4105481
yacCp,0.25,3,3,AAGACTCGGTATAGGTCAAT,0,4111238
yacCp,0.25,3,3,AAGACGGTGAGGTAAGAATG,0,4102911
yacCp,0.25,3,3,AAGAAAACGATTGTTAGCGA,0,4092965
yacCp,0.25,3,3,AACTGATGACTAAAATCAGT,0,4098932
yacCp,0.25,3,3,AACTCGGATCACATGCCGTC,0,4083167
yacCp,0.25,3,3,AACTATCTCGGCGTTTGGGG,0,4104994
yacCp,0.25,3,3,AACGGGATGCCTACCTCGAT,0,4079228
yacCp,0.25,3,3,AACGGCCTATCTCGTGTCGC,0,4101901
yacCp,0.25,3,3,AACGGATGCCGGTAACGTTG,0,4088310
yacCp,0.25,3,3,AACGCGCATTAGGGTAGGCC,0,4108964
yacCp,0.25,3,3,AACGCCTTGGTCGGTTCGTG,0,4111556
yacCp,0.25,3,3,AACGATGAACGGCAGTAAGA,0,4108745
yacCp,0.25,3,3,AACGACCGGTGCTCGGTCTC,0,4099852
yacCp,0.25,3,3,AACCCGCTCTTCTGTTGCTT,0,4103738
yacCp,0.25,3,3,AACATTGCCCACGAATCTTT,0,4084698
yacCp,0.25,3,3,AACAGCATACGACGACAAGT,0,4081387
yacCp,0.25,3,3,AACACATGTCGGCGTCTGTA,0,4095289
yacCp,0.25,3,3,AAATTATCCCGTACTTTGAA,0,4090366
yacCp,0.25,3,3,AAATCTGATGTGGTTGCATA,0,4093270
yacCp,0.25,3,3,AAATAGTCTAAAGTTATCGT,0,4091094
yacCp,0.25,3,3,AAAGCCCCACGGCATTTACC,0,4102331
yacCp,0.25,3,3,AAAGATTAAAGACCTACACA,0,4084610
yacCp,0.25,3,3,AAAGAGTTAGATGGGGAGGT,0,4106749
yacCp,0.25,3,3,AAACTTACTTCTCAGACGAA,0,4080410
yacCp,0.25,3,3,AAACTATATCCGCCGGAAAA,0,4091432
yacCp,0.25,3,3,AAACGGATTGTCGGCCCGCA,0,4086952
yacCp,0.25,3,3,AAAATTCAGATGCGGTTATG,0,4110428
yacCp,0.25,3,3,AAAAAGACTGTTGCACGAAT,0,4089668
yacCp,0.3333333333333333,2,2,TTTTTGCATAGAAGACGGGC,0,4105913
yacCp,0.3333333333333333,2,2,TTTTGGTATCCAATAAGGAT,0,4103655
yacCp,0.3333333333333333,2,2,TTTTGGGAGGGTCGGGTATA,0,4107706
yacCp,0.3333333333333333,2,2,TTTTGCTAAGAAACCGGTCC,0,4112179
yacCp,0.3333333333333333,2,2,TTTTCAACCAAGCGGCTGGC,0,4092331
yacCp,0.3333333333333333,2,2,TTTGAAGCGCCCATAAATTA,0,4108388
yacCp,0.3333333333333333,2,2,TTTCGGGCAACCAGGCCGAT,0,4080798
yacCp,0.3333333333333333,2,2,TTTCCTTCCTTGCCCTGCTA,0,4085605
yacCp,0.3333333333333333,2,2,TTTATTTTCACTCTAGACCT,0,4095775
yacCp,0.3333333333333333,2,2,TTTAGGGTAATCAAATTTCT,0,4091888
yacCp,0.3333333333333333,2,2,TTTAAGCAACACTCACGACC,0,4084337
yacCp,0.3333333333333333,2,2,TTGTTTGCTGGTGGCCGTGG,0,4078809
yacCp,0.3333333333333333,2,2,TTGTTGTTGGCGCTCCCGGT,0,4105254
yacCp,0.3333333333333333,2,2,TTGTGTAGTTTGGAGGTTTG,0,4080977
yacCp,0.3333333333333333,2,2,TTGTGCTAGGCACGCGATCG,0,4096597
yacCp,0.3333333333333333,2,2,TTGTGAGAGGCAAAGAGTCA,0,4079223
yacCp,0.3333333333333333,2,2,TTGGTTACAAGGCTGAATGT,0,4081209
yacCp,0.3333333333333333,2,2,TTGGTGTTAAGCAGGGGATC,0,4094018
yacCp,0.3333333333333333,2,2,TTGGCTCAATTTACAGCATA,0,4096507
yacCp,0.3333333333333333,2,2,TTGGCCTCCTAGGATAGAGG,0,4096751
yacCp,0.3333333333333333,2,2,TTGCCTTTGTGCAAGTGTGT,0,4109286
yacCp,0.3333333333333333,2,2,TTGCATATGGGCCAATTTAC,0,4111065
yacCp,0.3333333333333333,2,2,TTGCAGCAAGCGCACAGCTT,0,4098801
yacCp,0.3333333333333333,2,2,TTGATTTAAGAAGCGAGAAG,0,4103042
yacCp,0.3333333333333333,2,2,TTGACGTACAGTCCCCAAGC,0,4094869
yacCp,0.3333333333333333,2,2,TTCGGGCCTCCGAAAGTTCA,0,4079432
yacCp,0.3333333333333333,2,2,TTCGAGCAGACTCGGCAGCG,0,4091340
yacCp,0.3333333333333333,2,2,TTCGAGAAAGTGATTTTCAG,0,4085081
yacCp,0.3333333333333333,2,2,TTCCGTTTATTACTAGGCTT,0,4079682
yacCp,0.3333333333333333,2,2,TTCCCAATGGAATTTAAATA,0,4080404
yacCp,0.3333333333333333,2,2,TTCATGATATAGTACTAATT,0,4079811
yacCp,0.3333333333333333,2,2,TTCACATGTACCGCAGGGGG,0,4101461
yacCp,0.3333333333333333,2,2,TTATGCAGAGTTGTGATGTG,0,4098715
yacCp,0.3333333333333333,2,2,TTATATTGTCCCATTCGCTA,0,4084587
yacCp,0.3333333333333333,2,2,TTAGTGTTTGGAGGCTCCTT,0,4109984
yacCp,0.3333333333333333,2,2,TTAGTATAAGCGTTAGGTTA,0,4085150
yacCp,0.3333333333333333,2,2,TTAGGGCTCGTTCTTCATTG,0,4100871
yacCp,0.3333333333333333,2,2,TTACGAGTTTTCGTTCGGTT,0,4086416
yacCp,0.3333333333333333,2,2,TTACCAAGGTGCTGCGGGCA,0,4097728
yacCp,0.3333333333333333,2,2,TTAAAAGTTTAGCTTAGTTA,0,4092377
yacCp,0.3333333333333333,2,2,TGTTTACGAATCTCATGAAG,0,4095757
yacCp,0.3333333333333333,2,2,TGTTTAATGGAAACAGTAAG,0,4101256
yacCp,0.3333333333333333,2,2,TGTGGTCTGACAGCAAGCTG,0,4109454
yacCp,0.3333333333333333,2,2,TGTGCTGATGTTTGCCGCAG,0,4108181
yacCp,0.3333333333333333,2,2,TGTGCCTTTCCGGACAACAT,0,4087112
yacCp,0.3333333333333333,2,2,TGTCCGGGTACTCGTGTAGA,0,4097347
yacCp,0.3333333333333333,2,2,TGTCAATAGAACGTACGGTT,0,4087663
yacCp,0.3333333333333333,2,2,TGGTGTAACAAGGGGACTAA,0,4093341
yacCp,0.3333333333333333,2,2,TGGTCACGTTAATGGCGTAC,0,4098413
yacCp,0.3333333333333333,2,2,TGGGTGGAGTTTCGACCACA,0,4090901
yacCp,0.3333333333333333,2,2,TGGGGTCACTTTGAATGAAG,0,4107110
yacCp,0.3333333333333333,2,2,TGGGATGTTCGGCCACAGAT,0,4084093
yacCp,0.3333333333333333,2,2,TGGGAAAGTTTACGTTAGCT,0,4104377
yacCp,0.3333333333333333,2,2,TGGCAGGTCTGGCGCCACAA,0,4098358
yacCp,0.3333333333333333,2,2,TGGATGGTATGTGGATGTGG,0,4092142
yacCp,0.3333333333333333,2,2,TGGACCGCCCGTAAGGCGCG,0,4098141
yacCp,0.3333333333333333,2,2,TGGAACACCGTCGGGCGTGT,0,4090409
yacCp,0.3333333333333333,2,2,TGCTTGGTAATGGCTAAAAG,0,4093371
yacCp,0.3333333333333333,2,2,TGCTTGGGCTGGGAGGCTGA,0,4108671
yacCp,0.3333333333333333,2,2,TGCTCCAGCTGTATCACCTG,0,4086114
yacCp,0.3333333333333333,2,2,TGCGCTCTGCCTGTAATGAA,0,4090737
yacCp,0.3333333333333333,2,2,TGCATTCACTTACACTTGGC,0,4079562
yacCp,0.3333333333333333,2,2,TGCATAGCCATGATACTTTG,0,4096386
yacCp,0.3333333333333333,2,2,TGATTCGTCCACAGAGGCCC,0,4096524
yacCp,0.3333333333333333,2,2,TGAGTGTTCTAGAAACAAAT,0,4092650
yacCp,0.3333333333333333,2,2,TGAGTCGCTTCTCTGTAGGT,0,4084132
yacCp,0.3333333333333333,2,2,TGAGGTTTAAGCGGGCGGAG,0,4090361
yacCp,0.3333333333333333,2,2,TGACGACTTCTGGATAAAGT,0,4081298
yacCp,0.3333333333333333,2,2,TCTTTTCCGGTGTGGTACTT,0,4091434
yacCp,0.3333333333333333,2,2,TCTTTCGCCGATAAGGTGAA,0,4104615
yacCp,0.3333333333333333,2,2,TCTTCTAAAGATGTTGGCTG,0,4088404
yacCp,0.3333333333333333,2,2,TCTGGATCAAGCGCAAGCCC,0,4111546
yacCp,0.3333333333333333,2,2,TCTCTCAGACTCAGATCACC,0,4094592
yacCp,0.3333333333333333,2,2,TCTCTAAGCGGTGTTCCAAG,0,4091522
yacCp,0.3333333333333333,2,2,TCTCATAACCTATCATTGGG,0,4084204
yacCp,0.3333333333333333,2,2,TCTACTTAGTAGAAAATTAG,0,4086357
yacCp,0.3333333333333333,2,2,TCTAAGGCAGCGCTCTAGAG,0,4102695
yacCp,0.3333333333333333,2,2,TCGTGGTTAGCGGGGGGGCA,0,4095768
yacCp,0.3333333333333333,2,2,TCGTGGATTACGAGTAAATC,0,4090117
yacCp,0.3333333333333333,2,2,TCGTGCCATGTACTGCGCCA,0,4101813
yacCp,0.3333333333333333,2,2,TCGTGAAGGGCCAAGGCTGG,0,4087905
yacCp,0.3333333333333333,2,2,TCGTCCGCTGCGGCCTAAAT,0,4097018
yacCp,0.3333333333333333,2,2,TCGTAGCTACATGTCTTTTT,0,4095505
yacCp,0.3333333333333333,2,2,TCGGTCCCTTAGAATGCTGT,0,4080845
yacCp,0.3333333333333333,2,2,TCGGTATATGGGTTGGTTAG,0,4088067
yacCp,0.3333333333333333,2,2,TCGGGGAGCATACTGAGCTG,0,4111325
yacCp,0.3333333333333333,2,2,TCGGCTACGGTAAACCGTGC,0,4098504
yacCp,0.3333333333333333,2,2,TCGGCAGGATTCGCACGGCA,0,4086231
yacCp,0.3333333333333333,2,2,TCGCGTTCCCGGATGTAAGA,0,4080948
yacCp,0.3333333333333333,2,2,TCGCGAGAGTATAGCAAGGA,0,4089219
yacCp,0.3333333333333333,2,2,TCGAGGCGGGCAAATAGAGG,0,4080475
yacCp,0.3333333333333333,2,2,TCGAGAGGCAGACGACCGAG,0,4081848
yacCp,0.3333333333333333,2,2,TCGACTTGCGGCCGGTGCGC,0,4105707
yacCp,0.3333333333333333,2,2,TCGACTAGCACGTATACGAT,0,4095884
yacCp,0.3333333333333333,2,2,TCGACGGTATAACGACTCAC,0,4107828
yacCp,0.3333333333333333,2,2,TCGACAACAAGCGAACGTTA,0,4099954
yacCp,0.3333333333333333,2,2,TCCTGAGGTGGGATTTAGAA,0,4086294
yacCp,0.3333333333333333,2,2,TCCGCGGCGTCATTTCCGCG,0,4107330
yacCp,0.3333333333333333,2,2,TCCCGCTAAGACTGTTCGCG,0,4096503
yacCp,0.3333333333333333,2,2,TCCCGAGCAAGATACATTCC,0,4092446
yacCp,0.3333333333333333,2,2,TCCCACACTAACTTGTAAAA,0,4102736
yacCp,0.3333333333333333,2,2,TCCACTCTTAAGTCCGAGGT,0,4078408
yacCp,0.3333333333333333,2,2,TCCAAAGGTAGGAATGCGAT,0,4088953
yacCp,0.3333333333333333,2,2,TCATTACCCAAATCATAATA,0,4098620
yacCp,0.3333333333333333,2,2,TCATGCAGGAAGGCTGTGCC,0,4089295
yacCp,0.3333333333333333,2,2,TCAGTGCCGATGGCCGGGGT,0,4086366
yacCp,0.3333333333333333,2,2,TCAGGGTAAATTGGACGTAG,0,4081173
yacCp,0.3333333333333333,2,2,TCAGGCCGGAGTGATGCAAA,0,4091484
yacCp,0.3333333333333333,2,2,TCAGCAAGGCAGTCATTTCA,0,4104849
yacCp,0.3333333333333333,2,2,TCAGACGGTCCCCACGTCCA,0,4109205
yacCp,0.3333333333333333,2,2,TCAAGGTAAGAGTCAATCCA,0,4098904
yacCp,0.3333333333333333,2,2,TCAAATGGGCATACGCAATT,0,4102700
yacCp,0.3333333333333333,2,2,TATTTGGGTCGCTGCGTGGT,0,4088837
yacCp,0.3333333333333333,2,2,TATTAGTTCCAGTTTCCAGA,0,4102371
yacCp,0.3333333333333333,2,2,TATGCTGATCTCAGTACACA,0,4107506
yacCp,0.3333333333333333,2,2,TATCTCTCGATGTACCATCC,0,4086502
yacCp,0.3333333333333333,2,2,TATATTCGCGTAGGCCCTTA,0,4087626
yacCp,0.3333333333333333,2,2,TATAGCGGTGCGGGGACTTT,0,4109453
yacCp,0.3333333333333333,2,2,TATACTCGACATGATCGCAT,0,4079813
yacCp,0.3333333333333333,2,2,TATAATTCTTCTTTAGCTCG,0,4097755
yacCp,0.3333333333333333,2,2,TATAATAATCAGGATCGCAT,0,4101490
yacCp,0.3333333333333333,2,2,TAGGTTGTTATACACATGAT,0,4093467
yacCp,0.3333333333333333,2,2,TAGGTCATGGGCGTGGTACA,0,4090666
yacCp,0.3333333333333333,2,2,TAGGGCCTTCTGGCCTGTCT,0,4078971
yacCp,0.3333333333333333,2,2,TAGCTGTTGAGTGGACGTAC,0,4081496
yacCp,0.3333333333333333,2,2,TAGCGACTCCCTTGGTTAAC,0,4084447
yacCp,0.3333333333333333,2,2,TAGAAAAGCGGGTGCTCGGG,0,4081888
yacCp,0.3333333333333333,2,2,TACTGTTTCGTGCGAACTCA,0,4091066
yacCp,0.3333333333333333,2,2,TACTGCGAACGGCTGCACTG,0,4082711
yacCp,0.3333333333333333,2,2,TACTATGGTAGGATGCAACC,0,4089077
yacCp,0.3333333333333333,2,2,TACGGGACTGTGGTAGCATC,0,4084561
yacCp,0.3333333333333333,2,2,TACGCTCACTAAGTTTCATT,0,4093765
yacCp,0.3333333333333333,2,2,TACGCTACTTGATATTACTG,0,4078682
yacCp,0.3333333333333333,2,2,TACCTACAGGGCACACAATC,0,4107541
yacCp,0.3333333333333333,2,2,TACCGTCGGTATCACCAGAG,0,4098531
yacCp,0.3333333333333333,2,2,TACCGCATCCTACGTAAGCA,0,4102776
yacCp,0.3333333333333333,2,2,TACCGATTGCAAAGAGTGGC,0,4095009
yacCp,0.3333333333333333,2,2,TACCCAAAGAACGGTGTGGG,0,4090697
yacCp,0.3333333333333333,2,2,TACCAGCTGGAGACAGTCAG,0,4095210
yacCp,0.3333333333333333,2,2,TACCACTGAGGTTCCTGTGC,0,4081492
yacCp,0.3333333333333333,2,2,TACATTCGGTCTACTGTCTT,0,4099358
yacCp,0.3333333333333333,2,2,TACAGAGCTGGCTGTTCGGA,0,4104563
yacCp,0.3333333333333333,2,2,TACAAGATCAGCGACGCGCC,0,4108883
yacCp,0.3333333333333333,2,2,TAATTGGAGTATTGCCAATT,0,4092651
yacCp,0.3333333333333333,2,2,TAATCTCTGGCACACTAATG,0,4080050
yacCp,0.3333333333333333,2,2,TAATCCAGGACGAGTATTCG,0,4104051
yacCp,0.3333333333333333,2,2,TAAGTATGTCCGCGATTTTC,0,4084577
yacCp,0.3333333333333333,2,2,TAAGTAGCGACCCGCTCGCG,0,4099739
yacCp,0.3333333333333333,2,2,TAAGGGGAACAACCAACCTA,0,4090733
yacCp,0.3333333333333333,2,2,TAAGGATGTTGCCTACGAAC,0,4108099
yacCp,0.3333333333333333,2,2,TAAGAGCGTTCTTTGAGCAC,0,4098062
yacCp,0.3333333333333333,2,2,TAACGATACCCCATGGATGC,0,4093519
yacCp,0.3333333333333333,2,2,TAACATTAGCGAGTGCGGTA,0,4104765
yacCp,0.3333333333333333,2,2,TAAAAGATTTGTAGAGTTTG,0,4097138
yacCp,0.3333333333333333,2,2,GTTTGAGGTATGTCTGGCTG,0,4109698
yacCp,0.3333333333333333,2,2,GTTTCTTTAATCGTTTTGTA,0,4112024
yacCp,0.3333333333333333,2,2,GTTTCTATATGAGGATTAGG,0,4095533
yacCp,0.3333333333333333,2,2,GTTTCTACATATGAAAAGGT,0,4090828
yacCp,0.3333333333333333,2,2,GTTTAACGGAAGAGCTCATT,0,4098933
yacCp,0.3333333333333333,2,2,GTTGGTTCCCCGTGACCCTC,0,4087754
yacCp,0.3333333333333333,2,2,GTTGGGTGCCTACATACGTG,0,4093753
yacCp,0.3333333333333333,2,2,GTTGGGAGGCTTCGAACACG,0,4096735
yacCp,0.3333333333333333,2,2,GTTGCAACACGATTATGCTC,0,4091501
yacCp,0.3333333333333333,2,2,GTTCTGCCAAACTTTGGATT,0,4094763
yacCp,0.3333333333333333,2,2,GTTCCTGTGACAACTATGAA,0,4094246
yacCp,0.3333333333333333,2,2,GTTATTAGTACGAATACGAG,0,4092251
yacCp,0.3333333333333333,2,2,GTTATGGCAGATATAATGCT,0,4096496
yacCp,0.3333333333333333,2,2,GTTAGCCAAATATGCAGGCT,0,4110975
yacCp,0.3333333333333333,2,2,GTTACAACGGACAACCATTA,0,4085691
yacCp,0.3333333333333333,2,2,GTTAAGAGATCTATATGTAC,0,4085896
yacCp,0.3333333333333333,2,2,GTGTCGCATTTCAAGAATAT,0,4091626
yacCp,0.3333333333333333,2,2,GTGGTTCTTGTCCGCTTTGA,0,4078581
yacCp,0.3333333333333333,2,2,GTGGTGCATCAACAGAGTAT,0,4091728
yacCp,0.3333333333333333,2,2,GTGGTGACGATCTTCTAACC,0,4094386
yacCp,0.3333333333333333,2,2,GTGGTCTGTAGTGTTTCTGC,0,4095615
yacCp,0.3333333333333333,2,2,GTGGGTGAAGACGGGTTCTG,0,4088336
yacCp,0.3333333333333333,2,2,GTGGCCCCCCGGGGCAGGCG,0,4089799
yacCp,0.3333333333333333,2,2,GTGGCACCGCGCCGGAAGCA,0,4097756
yacCp,0.3333333333333333,2,2,GTGGAGCTCAGGTGCAGGCC,0,4081887
yacCp,0.3333333333333333,2,2,GTGGAACCGGTTGTGTTAAC,0,4092283
yacCp,0.3333333333333333,2,2,GTGCTCATGTTTGCTTTGTG,0,4099605
yacCp,0.3333333333333333,2,2,GTGCTACTCTGGATTCGCGA,0,4086183
yacCp,0.3333333333333333,2,2,GTGCCGGGAATCAGAAGTTA,0,4105511
yacCp,0.3333333333333333,2,2,GTGAAGGAAACAAACAGAAT,0,4080610
yacCp,0.3333333333333333,2,2,GTCTGTCATGAGCGCTTATC,0,4083547
yacCp,0.3333333333333333,2,2,GTCTCTGGACCCGACGCCTC,0,4086981
yacCp,0.3333333333333333,2,2,GTCTCTGATTCGTGGACGGC,0,4086040
yacCp,0.3333333333333333,2,2,GTCTCTGAGGGACCTAGACC,0,4093413
yacCp,0.3333333333333333,2,2,GTCTCGAGGTTATTCCGAGA,0,4088413
yacCp,0.3333333333333333,2,2,GTCTCAACAGGACTCCGTTA,0,4080641
yacCp,0.3333333333333333,2,2,GTCTATATATCCGTCCTCTT,0,4105231
yacCp,0.3333333333333333,2,2,GTCGGGCCGTGGCCTGGGCC,0,4085903
yacCp,0.3333333333333333,2,2,GTCGGACATTCGCCGCCTAG,0,4092408
yacCp,0.3333333333333333,2,2,GTCGCAAACGCACATTCAAG,0,4092136
yacCp,0.3333333333333333,2,2,GTCGAGCCGTCGGTCCCCAT,0,4080897
yacCp,0.3333333333333333,2,2,GTCCCGCAATTGAATTCGTC,0,4103068
yacCp,0.3333333333333333,2,2,GTCCAAGAGAACAAAGCCCA,0,4101965
yacCp,0.3333333333333333,2,2,GTCAGTGTACTGAGGGGATG,0,4089133
yacCp,0.3333333333333333,2,2,GTCAGGCGTGGTTTTAACGG,0,4087934
yacCp,0.3333333333333333,2,2,GTCAGGCGGGAAGTAGGCAG,0,4087936
yacCp,0.3333333333333333,2,2,GTCACCGAGCCGCGCCCAGT,0,4096988
yacCp,0.3333333333333333,2,2,GTCACATAAGGAGCGTTTGA,0,4110444
yacCp,0.3333333333333333,2,2,GTCAAACCAATCACTCTATT,0,4107496
yacCp,0.3333333333333333,2,2,GTATTGCGAGCAAGCTGTGA,0,4090317
yacCp,0.3333333333333333,2,2,GTATCGCAGCGGATTCACGT,0,4084690
yacCp,0.3333333333333333,2,2,GTATATTCCCCGCATTATAC,0,4101751
yacCp,0.3333333333333333,2,2,GTATATATCGCCGGAGCGGA,0,4084673
yacCp,0.3333333333333333,2,2,GTAGGGATAACTTGACGCCT,0,4093824
yacCp,0.3333333333333333,2,2,GTAGGAGATTAGGCTTATTT,0,4084994
yacCp,0.3333333333333333,2,2,GTAGCTCAGGGTGTTGTCGT,0,4111308
yacCp,0.3333333333333333,2,2,GTAGCTACAGGCTGGCCCGA,0,4087524
yacCp,0.3333333333333333,2,2,GTAGCCGCGCCCTATCGGTT,0,4110191
yacCp,0.3333333333333333,2,2,GTAGAAGCCGTAAGCGCAGT,0,4107693
yacCp,0.3333333333333333,2,2,GTAACTGATGCTGTTTGGCA,0,4086568
yacCp,0.3333333333333333,2,2,GTAAAATAGAGATGTTTTAT,0,4097168
yacCp,0.3333333333333333,2,2,GGTTCGTACTTAGTAGATGG,0,4098214
yacCp,0.3333333333333333,2,2,GGTTCGTACGCTGCCCACAA,0,4085091
yacCp,0.3333333333333333,2,2,GGTTAAAATTTACACTTATG,0,4097149
yacCp,0.3333333333333333,2,2,GGTGTTTATTTTTCTGAGTT,0,4089628
yacCp,0.3333333333333333,2,2,GGTGGACCGAAAACCCGGGC,0,4083132
yacCp,0.3333333333333333,2,2,GGTCTCTCGTTGTTAAGGTT,0,4087756
yacCp,0.3333333333333333,2,2,GGTCCGAATTAGAGTACCCG,0,4083784
yacCp,0.3333333333333333,2,2,GGTCCACTCACAGACGGGTG,0,4089585
yacCp,0.3333333333333333,2,2,GGTATCGATCCATCGTCACT,0,4108550
yacCp,0.3333333333333333,2,2,GGTAAATTATTTTCGACGTG,0,4088406
yacCp,0.3333333333333333,2,2,GGGTTACGGCCAGAGATCCA,0,4105358
yacCp,0.3333333333333333,2,2,GGGTATATACAGGTCATAAT,0,4109372
yacCp,0.3333333333333333,2,2,GGGGTGAGGGTTCAGTGCGA,0,4106874
yacCp,0.3333333333333333,2,2,GGGGAAAGTCCGCCGAAACC,0,4100637
yacCp,0.3333333333333333,2,2,GGGCTAGGCGACAGTCCTTT,0,4108106
yacCp,0.3333333333333333,2,2,GGGCGTTACAGAACTGGGGA,0,4082379
yacCp,0.3333333333333333,2,2,GGGCGGCACGAGTTGAGGAG,0,4082959
yacCp,0.3333333333333333,2,2,GGGCGCGTGAGTCCGCTTGC,0,4097113
yacCp,0.3333333333333333,2,2,GGGAGCCAGGTCTATGAAGA,0,4087091
yacCp,0.3333333333333333,2,2,GGGACGACGCTGCCTAGGTT,0,4091176
yacCp,0.3333333333333333,2,2,GGGACAAATCTCATGTATGA,0,4089186
yacCp,0.3333333333333333,2,2,GGGAATGGCGTTGCAACACT,0,4081493
yacCp,0.3333333333333333,2,2,GGCTTATGGGTTGGTGGTTT,0,4111912
yacCp,0.3333333333333333,2,2,GGCTCTTGTACCTGGAGTGT,0,4087345
yacCp,0.3333333333333333,2,2,GGCTCATCTAATCGCGCCTT,0,4089906
yacCp,0.3333333333333333,2,2,GGCTCACCGGAACCAACGCA,0,4108367
yacCp,0.3333333333333333,2,2,GGCGAAGCCAGGTGCAGGGT,0,4088593
yacCp,0.3333333333333333,2,2,GGCCGGGGAGCACTTTCTCA,0,4083107
yacCp,0.3333333333333333,2,2,GGCCACTCACGGCCTCTCTA,0,4082511
yacCp,0.3333333333333333,2,2,GGCAGATCTTAGCCCATGAT,0,4082801
yacCp,0.3333333333333333,2,2,GGCACCGCGGCCGTTATCGA,0,4103848
yacCp,0.3333333333333333,2,2,GGCAATTAATTCACGCTCCG,0,4087992
yacCp,0.3333333333333333,2,2,GGCAATACCGGCCATAGTTA,0,4106918
yacCp,0.3333333333333333,2,2,GGATTTAGTGAGAGTGGAAG,0,4080585
yacCp,0.3333333333333333,2,2,GGATCTTTTGGGGGATCGGT,0,4094939
yacCp,0.3333333333333333,2,2,GGAGGTGCATTTGACCTCCC,0,4102769
yacCp,0.3333333333333333,2,2,GGAGGGCCGACAAATTCCTT,0,4110718
yacCp,0.3333333333333333,2,2,GGAGGCTGTCGGCGTCGGGT,0,4095535
yacCp,0.3333333333333333,2,2,GGAGCTACTTTCCGGCGTAT,0,4082403
yacCp,0.3333333333333333,2,2,GGAGCAGCTCAGTTAACAGA,0,4088876
yacCp,0.3333333333333333,2,2,GGACTTTTGAGCCTTAGCGC,0,4109214
yacCp,0.3333333333333333,2,2,GGACCTGCTAGTAGGCGTAT,0,4107709
yacCp,0.3333333333333333,2,2,GGACACGACACTATTACCCT,0,4098710
yacCp,0.3333333333333333,2,2,GGACAACAAGGTGCTAGCAT,0,4107929
yacCp,0.3333333333333333,2,2,GGAAGTTTTGCGCGGACGAA,0,4090592
yacCp,0.3333333333333333,2,2,GCTTTGTTTATCGGAAGTAT,0,4111783
yacCp,0.3333333333333333,2,2,GCTTGCGGGCTGTATAACGG,0,4109004
yacCp,0.3333333333333333,2,2,GCTTATGGATGACCGTAGGG,0,4092904
yacCp,0.3333333333333333,2,2,GCTTACGGGCCTCACCGAAG,0,4111304
yacCp,0.3333333333333333,2,2,GCTGTCGAAGTCATTCTGCC,0,4109189
yacCp,0.3333333333333333,2,2,GCTCGTAATGGGTGTCGGGT,0,4108639
yacCp,0.3333333333333333,2,2,GCTCCATTTAGCACGCTGAG,0,4082111
yacCp,0.3333333333333333,2,2,GCTCACCAGAATCCATGGTA,0,4103264
yacCp,0.3333333333333333,2,2,GCTATCTGCGTTGTTTAGTA,0,4109047
yacCp,0.3333333333333333,2,2,GCTAGATCTGTCCAAGCCCC,0,4090465
yacCp,0.3333333333333333,2,2,GCGGGTGACCATCAGAGACA,0,4079022
yacCp,0.3333333333333333,2,2,GCGGACGCCAGGAAAAACGT,0,4089606
yacCp,0.3333333333333333,2,2,GCGCCCGGGGTGTTAGAGGA,0,4079993
yacCp,0.3333333333333333,2,2,GCGATCTGCCGCGCTACTCA,0,4098468
yacCp,0.3333333333333333,2,2,GCGATAGCGACGGTTTAGAT,0,4096789
yacCp,0.3333333333333333,2,2,GCGAAGGGGAAGAACTGGCA,0,4103492
yacCp,0.3333333333333333,2,2,GCGAACGTATAAACCGTCAT,0,4100875
yacCp,0.3333333333333333,2,2,GCCTATCTTTAGCCGCTCTA,0,4106025
yacCp,0.3333333333333333,2,2,GCCGTTTTCTTTTCCAATGA,0,4098199
yacCp,0.3333333333333333,2,2,GCCGCGGCAGGGAGACACAG,0,4110257
yacCp,0.3333333333333333,2,2,GCCGCGGATAGGAAGAACGG,0,4108611
yacCp,0.3333333333333333,2,2,GCCGCGCCCCCGATCTCGCG,0,4096229
yacCp,0.3333333333333333,2,2,GCCGCCGCCGAACGTCACAG,0,4092582
yacCp,0.3333333333333333,2,2,GCCGAGTTGTGGACAGGCGG,0,4102100
yacCp,0.3333333333333333,2,2,GCCGAGACATGCTACGTACC,0,4101567
yacCp,0.3333333333333333,2,2,GCCCTTAAGCGAAAGGGTAC,0,4104490
yacCp,0.3333333333333333,2,2,GCCCTCTATGGAGCGTTTCA,0,4082389
yacCp,0.3333333333333333,2,2,GCCCTAAGACACGGATTCGA,0,4088244
yacCp,0.3333333333333333,2,2,GCCCCCGCGCACTGCTTCCT,0,4100048
yacCp,0.3333333333333333,2,2,GCCATCCGGTGGATGCCATC,0,4088577
yacCp,0.3333333333333333,2,2,GCCAGATATTCATAGCTTGC,0,4092391
yacCp,0.3333333333333333,2,2,GCCAAGGTAACCCACGCACA,0,4100030
yacCp,0.3333333333333333,2,2,GCAGGTTTGAAAATTCAAGT,0,4086045
yacCp,0.3333333333333333,2,2,GCAGATCATTAGGCGGACCC,0,4081913
yacCp,0.3333333333333333,2,2,GCACAAGGAGTTTAGGTCTG,0,4102395
yacCp,0.3333333333333333,2,2,GCAATGGGAGCTTTTTGCCG,0,4089161
yacCp,0.3333333333333333,2,2,GCAAGGCCAGCACATCTCGT,0,4078788
yacCp,0.3333333333333333,2,2,GCAAGAACGCACATAGGGAG,0,4089986
yacCp,0.3333333333333333,2,2,GCAACAAAAGAGTGTTGATC,0,4088008
yacCp,0.3333333333333333,2,2,GCAAACTGGGGCCGAACTAT,0,4095626
yacCp,0.3333333333333333,2,2,GATTTATGCCAGAGTACTTA,0,4084408
yacCp,0.3333333333333333,2,2,GATTGGGTGGGTTGTTCGAA,0,4088061
yacCp,0.3333333333333333,2,2,GATTCTGAGGCATAGTTCCG,0,4089927
yacCp,0.3333333333333333,2,2,GATTCTGACAATGCCAGGTC,0,4094412
yacCp,0.3333333333333333,2,2,GATGGTGAGAGGCTAGCGCG,0,4083861
yacCp,0.3333333333333333,2,2,GATGCTCCCGCGTACGGAGC,0,4078781
yacCp,0.3333333333333333,2,2,GATCTTCCTCAACATAGTGC,0,4085546
yacCp,0.3333333333333333,2,2,GATCCGTTAAACCGTACTGC,0,4110895
yacCp,0.3333333333333333,2,2,GATCATTTGGTTCCGCAATT,0,4099012
yacCp,0.3333333333333333,2,2,GATATCGGGTTTGGTTTGTT,0,4088028
yacCp,0.3333333333333333,2,2,GATAATTCAAAACCGTCATA,0,4108538
yacCp,0.3333333333333333,2,2,GATAACGGGGCCTACAGAAT,0,4084614
yacCp,0.3333333333333333,2,2,GAGTCCGTTACCTTTGGGCT,0,4106793
yacCp,0.3333333333333333,2,2,GAGGTAGCCGGGGGGGGCTC,0,4090652
yacCp,0.3333333333333333,2,2,GAGGGTAATTACATTGGCTG,0,4096963
yacCp,0.3333333333333333,2,2,GAGGGAGAATGCGCGCACAT,0,4096901
yacCp,0.3333333333333333,2,2,GAGGACCATCCTTTAGTCCT,0,4082500
yacCp,0.3333333333333333,2,2,GAGCTCTAATTGCATGGGTA,0,4100687
yacCp,0.3333333333333333,2,2,GAGCGATATCTCACATTCGG,0,4094418
yacCp,0.3333333333333333,2,2,GAGAGCTCGCATTACCCCCG,0,4096257
yacCp,0.3333333333333333,2,2,GAGAAGCCCCAACACCTCTG,0,4092713
yacCp,0.3333333333333333,2,2,GACTTTAGCTTCTCGTATCT,0,4101410
yacCp,0.3333333333333333,2,2,GACTTGCTACCTGATGAGAT,0,4097379
yacCp,0.3333333333333333,2,2,GACTCCGGGAATCCTACGGA,0,4087843
yacCp,0.3333333333333333,2,2,GACGGCGCCAAGTGTTTAAC,0,4088986
yacCp,0.3333333333333333,2,2,GACCTCTCGCCAAACGTACA,0,4102577
yacCp,0.3333333333333333,2,2,GACCCGGCCCGCCAAAAAGG,0,4102329
yacCp,0.3333333333333333,2,2,GACCCAAGGTGTTGCGGCTT,0,4101700
yacCp,0.3333333333333333,2,2,GACCATTACCTCAATTAGCA,0,4097294
yacCp,0.3333333333333333,2,2,GACCAGATCGAATATGGTAC,0,4103039
yacCp,0.3333333333333333,2,2,GACAAGTGAGGGCAGAAAGA,0,4083344
yacCp,0.3333333333333333,2,2,GAATTTCTATGAAACCGGAG,0,4094076
yacCp,0.3333333333333333,2,2,GAATTACGCCTAACTTGACT,0,4085315
yacCp,0.3333333333333333,2,2,GAATGTGGTATACGCGAGCT,0,4093778
yacCp,0.3333333333333333,2,2,GAATCTCTCTTATGCCCTAT,0,4101159
yacCp,0.3333333333333333,2,2,GAAGGTGCCGCCTCGATGTG,0,4095693
yacCp,0.3333333333333333,2,2,GAAGGGGGAAATAATATGGT,0,4078823
yacCp,0.3333333333333333,2,2,GAAGGGGACTACATCGCACT,0,4095568
yacCp,0.3333333333333333,2,2,GAACGCAACATTTCCGAGCC,0,4092149
yacCp,0.3333333333333333,2,2,GAACAGCGAGAGAGGAGTAA,0,4099126
yacCp,0.3333333333333333,2,2,GAAAGCAACGTATAGCTTAG,0,4096839
yacCp,0.3333333333333333,2,2,GAAACGTAGGCGGGAGGACT,0,4101922
yacCp,0.3333333333333333,2,2,GAAACATACTTCCATTACTC,0,4080710
yacCp,0.3333333333333333,2,2,CTTTTAGTCCGGTCACCGCA,0,4089663
yacCp,0.3333333333333333,2,2,CTTTCCAACTCGAGCATAAA,0,4081119
yacCp,0.3333333333333333,2,2,CTTTACATAATTACCTCTTG,0,4095733
yacCp,0.3333333333333333,2,2,CTTGTGTGACGATTTGACAA,0,4097866
yacCp,0.3333333333333333,2,2,CTTGGAAAGCAGACTTTTCG,0,4103771
yacCp,0.3333333333333333,2,2,CTTGCGAATAGCAGTTCGAT,0,4090342
yacCp,0.3333333333333333,2,2,CTTGAGTACGCTTCTGAGCC,0,4101245
yacCp,0.3333333333333333,2,2,CTTCTCAGTCCCGGTGGGTT,0,4110030
yacCp,0.3333333333333333,2,2,CTTCGTTGCTACGGTCTGCC,0,4082746
yacCp,0.3333333333333333,2,2,CTTCCTCTCATTCCAGGCGG,0,4086711
yacCp,0.3333333333333333,2,2,CTTCATTAATGGGTCAGCCG,0,4091305
yacCp,0.3333333333333333,2,2,CTTCATCATTAACTGGTCAA,0,4091429
yacCp,0.3333333333333333,2,2,CTTCAGGGTATCATTCTGGT,0,4098311
yacCp,0.3333333333333333,2,2,CTTCAACAAACCGGAATTGG,0,4080896
yacCp,0.3333333333333333,2,2,CTTACTACACATAGTCGGGA,0,4111597
yacCp,0.3333333333333333,2,2,CTTACGCCCGTCCTTTAAGA,0,4109679
yacCp,0.3333333333333333,2,2,CTGTGTGTCTCTCTCAAACC,0,4084864
yacCp,0.3333333333333333,2,2,CTGTGATTTTTAATTAGGTG,0,4081467
yacCp,0.3333333333333333,2,2,CTGGGAGGGACTAGCTAGGA,0,4097658
yacCp,0.3333333333333333,2,2,CTGGCTGAGCCACGTCGGTG,0,4086153
yacCp,0.3333333333333333,2,2,CTGGCTATCAGGGCCGATAT,0,4081485
yacCp,0.3333333333333333,2,2,CTGCGTATCTCAGGGCACTC,0,4078475
yacCp,0.3333333333333333,2,2,CTGCGATTTATACTATGTTC,0,4108866
yacCp,0.3333333333333333,2,2,CTGCCTATGCCTTCCGTAAC,0,4106503
yacCp,0.3333333333333333,2,2,CTGCACAAGGTAATTAGGAG,0,4099242
yacCp,0.3333333333333333,2,2,CTGAGACAAGTTGGTAAGCT,0,4079897
yacCp,0.3333333333333333,2,2,CTCTGCGGGATGCTGTCCCC,0,4090278
yacCp,0.3333333333333333,2,2,CTCGTAACCCCGTGAGAGTT,0,4104878
yacCp,0.3333333333333333,2,2,CTCGGATGCCGTGCCGTGAC,0,4096454
yacCp,0.3333333333333333,2,2,CTCCGGAGGTTACTTGGTGT,0,4085100
yacCp,0.3333333333333333,2,2,CTCCCGCCCCCGACATTTAA,0,4104751
yacCp,0.3333333333333333,2,2,CTCCCACGACAGCCGTGTCC,0,4110181
yacCp,0.3333333333333333,2,2,CTCACGGAGGGGATAACCTC,0,4093092
yacCp,0.3333333333333333,2,2,CTCACCTATGTGCCACTTTC,0,4095692
yacCp,0.3333333333333333,2,2,CTATTCCAAATTGTACGTGA,0,4087352
yacCp,0.3333333333333333,2,2,CTATAGCGATTCTCTGCCCC,0,4080282
yacCp,0.3333333333333333,2,2,CTAGTAATTAAGCGGATTAA,0,4089314
yacCp,0.3333333333333333,2,2,CTAGGCGCTTCTTTCTAATA,0,4100497
yacCp,0.3333333333333333,2,2,CTACGAATCTGGACTGCTCT,0,4086097
yacCp,0.3333333333333333,2,2,CTAAATAGAGTTATTTTGGG,0,4109029
yacCp,0.3333333333333333,2,2,CGTTGTGGAGCGGAGTAACG,0,4111741
yacCp,0.3333333333333333,2,2,CGTTGGTAACGGGGGATAAA,0,4099336
yacCp,0.3333333333333333,2,2,CGTTGGCGCCTTGTGCTCGA,0,4085677
yacCp,0.3333333333333333,2,2,CGTGTCGGCTGTGGGCTTGG,0,4087911
yacCp,0.3333333333333333,2,2,CGTGGGAAAACCTTCTTCTA,0,4078975
yacCp,0.3333333333333333,2,2,CGTGACCCTCAAGGCGTTGG,0,4102657
yacCp,0.3333333333333333,2,2,CGTGACAGCATATCAATAAG,0,4110849
yacCp,0.3333333333333333,2,2,CGTCTACTGTAAGGGGCTTT,0,4088304
yacCp,0.3333333333333333,2,2,CGTCCGCCGTAAGTTTTTTG,0,4102977
yacCp,0.3333333333333333,2,2,CGTACCGTTTACTACTCCGA,0,4095860
yacCp,0.3333333333333333,2,2,CGTACCAAGTCTAACATTGA,0,4092558
yacCp,0.3333333333333333,2,2,CGGTTTACCCGGCTTAGCTC,0,4098976
yacCp,0.3333333333333333,2,2,CGGTGGACCGCAATGTGATG,0,4098351
yacCp,0.3333333333333333,2,2,CGGTGCTTTTCGTCCGGCGG,0,4096470
yacCp,0.3333333333333333,2,2,CGGTGAATAAGGTTAATCTG,0,4092358
yacCp,0.3333333333333333,2,2,CGGTCTGATGGAGGGTGCTG,0,4107101
yacCp,0.3333333333333333,2,2,CGGTATCTATTCTTTCACCG,0,4108941
yacCp,0.3333333333333333,2,2,CGGGGAGCTCTCGACCCGTC,0,4092812
yacCp,0.3333333333333333,2,2,CGGCCGCGACATCCGGCGCG,0,4104240
yacCp,0.3333333333333333,2,2,CGGCAATTTTCAGTGGCTTA,0,4095536
yacCp,0.3333333333333333,2,2,CGGATCGGGTAACGGTACCT,0,4086567
yacCp,0.3333333333333333,2,2,CGGATCACGAGACGCCGTAG,0,4089664
yacCp,0.3333333333333333,2,2,CGGACTCAATGAAGCCAAAC,0,4085934
yacCp,0.3333333333333333,2,2,CGGACGTAAAAATCGGGTCG,0,4082700
yacCp,0.3333333333333333,2,2,CGGACGGACCGCGTGCATGG,0,4080257
yacCp,0.3333333333333333,2,2,CGGAAACGCGCCGTAATTTT,0,4111190
yacCp,0.3333333333333333,2,2,CGCTTAACGTCGGTATCCTC,0,4082897
yacCp,0.3333333333333333,2,2,CGCTCCATCCGTTCCGGAAC,0,4090573
yacCp,0.3333333333333333,2,2,CGCGTTGTACATCTGAAGTA,0,4089446
yacCp,0.3333333333333333,2,2,CGCGGACTGTATGTGACTTC,0,4104774
yacCp,0.3333333333333333,2,2,CGCGGAAGGCTACCAAGTGC,0,4085199
yacCp,0.3333333333333333,2,2,CGCGATATGTATGATCACGT,0,4084221
yacCp,0.3333333333333333,2,2,CGCCGAAGCGAAGCGTATTA,0,4105259
yacCp,0.3333333333333333,2,2,CGCCCGCACGTATGGTAGTC,0,4112699
yacCp,0.3333333333333333,2,2,CGCCAACCCGCAGACATCTC,0,4106026
yacCp,0.3333333333333333,2,2,CGCACCGTTCCAAGGTAGAG,0,4091792
yacCp,0.3333333333333333,2,2,CGATTTCCAAGTTCCGGTCT,0,4099272
yacCp,0.3333333333333333,2,2,CGATGCGCACAACCATCTGC,0,4101865
yacCp,0.3333333333333333,2,2,CGAGTATCCTTCGATGCTGT,0,4090010
yacCp,0.3333333333333333,2,2,CGAGGAGGTAACTTCTAGAC,0,4112553
yacCp,0.3333333333333333,2,2,CGAGGACGTGACCAGAGGTG,0,4087973
yacCp,0.3333333333333333,2,2,CGACTGGGGTTGATGGAGCC,0,4099441
yacCp,0.3333333333333333,2,2,CGACTCCGGTTAGAGCGGTA,0,4088180
yacCp,0.3333333333333333,2,2,CGACGGTTGTCTGGCGACGC,0,4112814
yacCp,0.3333333333333333,2,2,CGACATTTTCCGATGCCCAT,0,4084160
yacCp,0.3333333333333333,2,2,CGAAGTGCCGGGGAAGGCTA,0,4107181
yacCp,0.3333333333333333,2,2,CGAAGGTTGACTCTGCTCGG,0,4080671
yacCp,0.3333333333333333,2,2,CGAAACGTTCCTGCATAGTT,0,4084661
yacCp,0.3333333333333333,2,2,CCTTTTTGTCGCGCCACGCA,0,4096502
yacCp,0.3333333333333333,2,2,CCTGGCGGAAGGGGAAGCGG,0,4095731
yacCp,0.3333333333333333,2,2,CCTGAACGGAAACCGGTGGT,0,4093324
yacCp,0.3333333333333333,2,2,CCTCTGTATATCGAGTGCGG,0,4090362
yacCp,0.3333333333333333,2,2,CCTCTAAACTGATAAAACAG,0,4110251
yacCp,0.3333333333333333,2,2,CCTCGCTTACCGAGCTCGTT,0,4097647
yacCp,0.3333333333333333,2,2,CCTCGCTCACATAGAGTAAT,0,4080946
yacCp,0.3333333333333333,2,2,CCTCACATTTTATGCGCAAG,0,4108066
yacCp,0.3333333333333333,2,2,CCTATTCCAGTTATCTCCAG,0,4080464
yacCp,0.3333333333333333,2,2,CCTAATGTTTCTTCGGTTGT,0,4106315
yacCp,0.3333333333333333,2,2,CCGTTGTCTGGTTCCAACTT,0,4078667
yacCp,0.3333333333333333,2,2,CCGTTCTGTCATATTGCGGT,0,4109387
yacCp,0.3333333333333333,2,2,CCGTCCATTTCCAACTTCTT,0,4101698
yacCp,0.3333333333333333,2,2,CCGGGTGTCTGGACAGGCTA,0,4079819
yacCp,0.3333333333333333,2,2,CCGGGAAGATAGTTCATGGC,0,4093435
yacCp,0.3333333333333333,2,2,CCGGCTATCGGGGAACAGGG,0,4087207
yacCp,0.3333333333333333,2,2,CCGGAAAGAAATTAACGTTC,0,4104284
yacCp,0.3333333333333333,2,2,CCGCTAGAGTCCATGAACGT,0,4082545
yacCp,0.3333333333333333,2,2,CCGCGTTTTGCGGACGTTTA,0,4103239
yacCp,0.3333333333333333,2,2,CCGCGGCCTTACAAAAGGCT,0,4095913
yacCp,0.3333333333333333,2,2,CCGCGCTTTCGATAGCGGCG,0,4080701
yacCp,0.3333333333333333,2,2,CCGCATCCGGTGCTTCTGAT,0,4110078
yacCp,0.3333333333333333,2,2,CCGCACATCTAGGGTACGCA,0,4087583
yacCp,0.3333333333333333,2,2,CCGACAAATTCAAGGCATGC,0,4078557
yacCp,0.3333333333333333,2,2,CCCTTGTGCCTTCAATTGTC,0,4088166
yacCp,0.3333333333333333,2,2,CCCTGAAATAGCCTCAGCCA,0,4107931
yacCp,0.3333333333333333,2,2,CCCTAAGCGATTTAGTTCCA,0,4112487
yacCp,0.3333333333333333,2,2,CCCGTAAGGGCTACGCTCCA,0,4095830
yacCp,0.3333333333333333,2,2,CCCGGTTTAATGTCCGCCCT,0,4098687
yacCp,0.3333333333333333,2,2,CCCCTGAGCTCTCAGAGTTG,0,4109833
yacCp,0.3333333333333333,2,2,CCCCTACACAGCAGATTTCA,0,4082515
yacCp,0.3333333333333333,2,2,CCCCAGAGCATTCCTCCTAT,0,4088676
yacCp,0.3333333333333333,2,2,CCCCACACGACTTCAAGATT,0,4109003
yacCp,0.3333333333333333,2,2,CCCATGTTACAGAGAAGCGG,0,4096683
yacCp,0.3333333333333333,2,2,CCCAGTTGCCACGGAAGTTG,0,4094371
yacCp,0.3333333333333333,2,2,CCCACTATGGGGGGGCGATT,0,4081902
yacCp,0.3333333333333333,2,2,CCCACGCTGCAGTTTGCCAG,0,4111576
yacCp,0.3333333333333333,2,2,CCCAAAGGGCTGATGGCAGA,0,4086236
yacCp,0.3333333333333333,2,2,CCATCCAATTAGGGTATAAG,0,4100527
yacCp,0.3333333333333333,2,2,CCAGTGGGGCCTGCTTAGGT,0,4099415
yacCp,0.3333333333333333,2,2,CCAGGCCCATAATCAGCTAG,0,4088944
yacCp,0.3333333333333333,2,2,CCAGATCCCACCTTTCAGGG,0,4097269
yacCp,0.3333333333333333,2,2,CCAGAAACACAATCCCGGCA,0,4084299
yacCp,0.3333333333333333,2,2,CCACTGTGCCCTAGGTGAAG,0,4110520
yacCp,0.3333333333333333,2,2,CCACTCGGAGCCCCCTGTCC,0,4096425
yacCp,0.3333333333333333,2,2,CCAAGGAAAAGTGGAATTAC,0,4108300
yacCp,0.3333333333333333,2,2,CCAAGACACTAACTCTATTC,0,4096612
yacCp,0.3333333333333333,2,2,CATTCGTAAAGATGAAGAAA,0,4106658
yacCp,0.3333333333333333,2,2,CATTCGGTGAATTGTCGGTG,0,4100475
yacCp,0.3333333333333333,2,2,CATTCGAACAAGACCAGAGG,0,4089012
yacCp,0.3333333333333333,2,2,CATTCCCTAAGAAATTAGAG,0,4100105
yacCp,0.3333333333333333,2,2,CATTACGCGTGACTTAAGAG,0,4107113
yacCp,0.3333333333333333,2,2,CATGTTGTTGCGCGCAGCGT,0,4097994
yacCp,0.3333333333333333,2,2,CATGCTACGGTCAATGGCTA,0,4098207
yacCp,0.3333333333333333,2,2,CATGCCTATTTATTATATCA,0,4103931
yacCp,0.3333333333333333,2,2,CATATGGCGACAATCTCTCC,0,4103883
yacCp,0.3333333333333333,2,2,CATAGTCAGTTGGATCGGGT,0,4087942
yacCp,0.3333333333333333,2,2,CATAAACAATAGTAGGGCGG,0,4101022
yacCp,0.3333333333333333,2,2,CAGTTCAGATATTAGATTTT,0,4087024
yacCp,0.3333333333333333,2,2,CAGTAGTAATAATATTTTAC,0,4111949
yacCp,0.3333333333333333,2,2,CAGTACCTAGTTAATCCCAC,0,4086119
yacCp,0.3333333333333333,2,2,CAGGTTCTATTTGGGGAGCA,0,4111130
yacCp,0.3333333333333333,2,2,CAGGTTCGCACCATCACAAT,0,4103198
yacCp,0.3333333333333333,2,2,CAGGTGGCATCCTAGTTACG,0,4087572
yacCp,0.3333333333333333,2,2,CAGGTGCATTGGGGGTTTTG,0,4103406
yacCp,0.3333333333333333,2,2,CAGGTCGCGCACTTCAGCGA,0,4106651
yacCp,0.3333333333333333,2,2,CAGGTCCCGCAGTACGATAT,0,4106611
yacCp,0.3333333333333333,2,2,CAGGGGACTATATAAACAGT,0,4101340
yacCp,0.3333333333333333,2,2,CAGGCGCCAAGTAGGAACTA,0,4082114
yacCp,0.3333333333333333,2,2,CAGGAGAGCTAGACCGCAGG,0,4100438
yacCp,0.3333333333333333,2,2,CAGCGTTGCTCTAGTGTGGT,0,4110404
yacCp,0.3333333333333333,2,2,CAGCGCGGACTCTCATAAGA,0,4098103
yacCp,0.3333333333333333,2,2,CAGCATTTTCCACTGAGCTC,0,4112550
yacCp,0.3333333333333333,2,2,CAGATCGACCCACCGAAAAA,0,4098332
yacCp,0.3333333333333333,2,2,CAGAGCCTCTCCACCGAAGT,0,4079644
yacCp,0.3333333333333333,2,2,CACTTGTAGTGGCGCGTTGA,0,4094934
yacCp,0.3333333333333333,2,2,CACTGCGGGCGGTCACTAGA,0,4089536
yacCp,0.3333333333333333,2,2,CACTCGTTCGTTACGGGGAC,0,4100053
yacCp,0.3333333333333333,2,2,CACTACTTCTTGAAGAGGGA,0,4101666
yacCp,0.3333333333333333,2,2,CACGGGTTGGCAAATCTAAC,0,4111047
yacCp,0.3333333333333333,2,2,CACGCGACGCCAGGGTCTTT,0,4108419
yacCp,0.3333333333333333,2,2,CACCCAGCGCGAGCCCCATA,0,4083070
yacCp,0.3333333333333333,2,2,CACCCAGAGGTGCCTGACTT,0,4087404
yacCp,0.3333333333333333,2,2,CACCACGGGGGGCTAGGTCG,0,4111403
yacCp,0.3333333333333333,2,2,CACATGATCCCGCCGTAAAG,0,4089102
yacCp,0.3333333333333333,2,2,CACAGGTAGAACTGGTGATA,0,4081422
yacCp,0.3333333333333333,2,2,CACAGGGTCAAAACTAATCC,0,4092718
yacCp,0.3333333333333333,2,2,CACACGTCTCTACAACATGC,0,4095039
yacCp,0.3333333333333333,2,2,CACAAAATGACACCGTAGTA,0,4102594
yacCp,0.3333333333333333,2,2,CAAGTTCTTTGACAAAGAAA,0,4111787
yacCp,0.3333333333333333,2,2,CAAGTGATACCCTTCATCTA,0,4087828
yacCp,0.3333333333333333,2,2,CAAGGCCAAAATAACACACG,0,4103575
yacCp,0.3333333333333333,2,2,CAAACTTTGGGACCATAATA,0,4103870
yacCp,0.3333333333333333,2,2,CAAACCGGGGACGAGGATGA,0,4087947
yacCp,0.3333333333333333,2,2,CAAACCACCCCAGGTAAAAA,0,4079155
yacCp,0.3333333333333333,2,2,CAAAAAACTGTTTATATTCG,0,4085254
yacCp,0.3333333333333333,2,2,ATTTTTGAGCACGTTCCTTA,0,4094635
yacCp,0.3333333333333333,2,2,ATTTCAACCCCCAATGGGTA,0,4093612
yacCp,0.3333333333333333,2,2,ATTGTGTTTGCGAACAAGGC,0,4103197
yacCp,0.3333333333333333,2,2,ATTGGGACTTCTACTCCTGT,0,4083919
yacCp,0.3333333333333333,2,2,ATTGCAATAGTGCAATCTAA,0,4084161
yacCp,0.3333333333333333,2,2,ATTGACGATTTAGGGGATCA,0,4098980
yacCp,0.3333333333333333,2,2,ATTCTCAATACCATAGACAG,0,4079663
yacCp,0.3333333333333333,2,2,ATTCATGGATAACAGACGCG,0,4079724
yacCp,0.3333333333333333,2,2,ATTAGCGGGGAGTTAAAATG,0,4104089
yacCp,0.3333333333333333,2,2,ATTACGCTAGAGTAAACTAC,0,4110609
yacCp,0.3333333333333333,2,2,ATGTTGGGAGAGACTCCGGT,0,4111823
yacCp,0.3333333333333333,2,2,ATGTTCGGTCACGGGTGTAA,0,4092987
yacCp,0.3333333333333333,2,2,ATGTACGTCATCTTACCTAG,0,4092284
yacCp,0.3333333333333333,2,2,ATGGCCAGTCCAGCAGTATT,0,4091394
yacCp,0.3333333333333333,2,2,ATGCTTATGCTCTACGTGGC,0,4099269
yacCp,0.3333333333333333,2,2,ATGCTGGCAGCTCCACAGGC,0,4091054
yacCp,0.3333333333333333,2,2,ATGCTGCCTCCCATCACGTT,0,4089641
yacCp,0.3333333333333333,2,2,ATGCGGTCGTCCTGTATTTG,0,4112105
yacCp,0.3333333333333333,2,2,ATGCGGCTCACTAGGGAAGC,0,4079766
yacCp,0.3333333333333333,2,2,ATGCATCACAATCACTCGGG,0,4085037
yacCp,0.3333333333333333,2,2,ATGCAGTCGGCATCACTCTT,0,4102218
yacCp,0.3333333333333333,2,2,ATGAACCGGATTCCTAAGCT,0,4112889
yacCp,0.3333333333333333,2,2,ATCTGGAGTTTAGCCCGAGC,0,4086904
yacCp,0.3333333333333333,2,2,ATCTGCGCAAGGGTGACTTA,0,4112174
yacCp,0.3333333333333333,2,2,ATCTCTGTTCAACCAGTCAG,0,4110992
yacCp,0.3333333333333333,2,2,ATCTAGTGAGATGGTACCCA,0,4084615
yacCp,0.3333333333333333,2,2,ATCTAGTATACCAAAACAGA,0,4094363
yacCp,0.3333333333333333,2,2,ATCTAAACGCGTTCGCAAAT,0,4094660
yacCp,0.3333333333333333,2,2,ATCGTGTCCTGCATCTTCAC,0,4083921
yacCp,0.3333333333333333,2,2,ATCGTAAACGCGTGGAACGT,0,4097339
yacCp,0.3333333333333333,2,2,ATCGGCGAACTGGAACGCCA,0,4078865
yacCp,0.3333333333333333,2,2,ATCCGGGAACTGGATACCCA,0,4093908
yacCp,0.3333333333333333,2,2,ATCCCATGGCTGCGCGTTCC,0,4098643
yacCp,0.3333333333333333,2,2,ATCCAGGTAACTATATGCTT,0,4094674
yacCp,0.3333333333333333,2,2,ATCATAAGGACGCCGCCAGT,0,4105662
yacCp,0.3333333333333333,2,2,ATCAGCCGGCGGTCCGATTG,0,4096379
yacCp,0.3333333333333333,2,2,ATCAATTTTAGTCCTAGGCA,0,4095102
yacCp,0.3333333333333333,2,2,ATATTGTAGGGGCTAGAAAT,0,4086495
yacCp,0.3333333333333333,2,2,ATATTATAGTCGCCTTCATC,0,4105027
yacCp,0.3333333333333333,2,2,ATATGGCGCATGCCATTTCC,0,4103086
yacCp,0.3333333333333333,2,2,ATATGAGCCTACACCTCGGC,0,4092371
yacCp,0.3333333333333333,2,2,ATATATGCGGGGGCTAGCAT,0,4089556
yacCp,0.3333333333333333,2,2,ATAGGTTCATTGAGCCTTTC,0,4088715
yacCp,0.3333333333333333,2,2,ATAGGCAACAGGGCGGGCCT,0,4108897
yacCp,0.3333333333333333,2,2,ATAGATCCAAGATACCACGC,0,4082548
yacCp,0.3333333333333333,2,2,ATACGTCAGGTAATGCAACC,0,4102306
yacCp,0.3333333333333333,2,2,ATACGCTGCGTTTTGGTAAG,0,4109678
yacCp,0.3333333333333333,2,2,ATACCTGTGTAAGCGTCATT,0,4106003
yacCp,0.3333333333333333,2,2,ATACATTGCTCCACAGGTGC,0,4088737
yacCp,0.3333333333333333,2,2,ATACATTACATTAATTAAGC,0,4082284
yacCp,0.3333333333333333,2,2,ATACATCAATGATGTATGCA,0,4096001
yacCp,0.3333333333333333,2,2,ATACATACGATATTGCGAAT,0,4081573
yacCp,0.3333333333333333,2,2,ATAACTTCGCTCAAATTGCT,0,4082128
yacCp,0.3333333333333333,2,2,ATAACACTCGGCCGCAGCCT,0,4084448
yacCp,0.3333333333333333,2,2,AGTTTGAAAGGTCTTTCCAA,0,4106043
yacCp,0.3333333333333333,2,2,AGTTCATTAACTAGCGAAGA,0,4109055
yacCp,0.3333333333333333,2,2,AGTTAGGTCTGTACATGGAG,0,4095972
yacCp,0.3333333333333333,2,2,AGTTACGTTTCGCTTTGATT,0,4110357
yacCp,0.3333333333333333,2,2,AGTGTTCTGCTAGCCGAAGA,0,4105205
yacCp,0.3333333333333333,2,2,AGTGTGTGGATCTCCTCCAA,0,4107204
yacCp,0.3333333333333333,2,2,AGTGGGCTCTGGATGGATCA,0,4107926
yacCp,0.3333333333333333,2,2,AGTGAACGGTCTTCGTGAGG,0,4099961
yacCp,0.3333333333333333,2,2,AGTCTGATTGAGACATTGAT,0,4088053
yacCp,0.3333333333333333,2,2,AGTCCAAACCACTGTGCGAC,0,4100863
yacCp,0.3333333333333333,2,2,AGTCAGGCATGCTTGATCTG,0,4089347
yacCp,0.3333333333333333,2,2,AGTAGCAACAGGTTCAAAGT,0,4108269
yacCp,0.3333333333333333,2,2,AGTAGAGGTGAGGAAGGTGA,0,4089168
yacCp,0.3333333333333333,2,2,AGTAATAACTAACCTCGGTC,0,4112229
yacCp,0.3333333333333333,2,2,AGGTTGGGTTCCCGCAAACC,0,4106595
yacCp,0.3333333333333333,2,2,AGGTCATCAGCGGCATTGTT,0,4109102
yacCp,0.3333333333333333,2,2,AGGTCAGCCGACAGCAGACA,0,4104805
yacCp,0.3333333333333333,2,2,AGGTAAAGTCGTAGGTTGTT,0,4102868
yacCp,0.3333333333333333,2,2,AGGGTTTTGCGACTTGATGC,0,4095734
yacCp,0.3333333333333333,2,2,AGGGTGTACCCGGTCCTTTG,0,4086337
yacCp,0.3333333333333333,2,2,AGGGTCCGGTCCGATAAGAT,0,4109982
yacCp,0.3333333333333333,2,2,AGGGTCAAGGAAGAGCCTTT,0,4082911
yacCp,0.3333333333333333,2,2,AGGGGTCTCGTAGGGTATGC,0,4086480
yacCp,0.3333333333333333,2,2,AGGGGGTTCGTAGTGATCCA,0,4087609
yacCp,0.3333333333333333,2,2,AGGGGGTTACGTTATGCGGC,0,4091835
yacCp,0.3333333333333333,2,2,AGGGCCTGCTTAGACCTAGT,0,4086536
yacCp,0.3333333333333333,2,2,AGGGATCGCCGCCAATTGAC,0,4094876
yacCp,0.3333333333333333,2,2,AGGCTTCGCCTTAAGTCTCG,0,4084292
yacCp,0.3333333333333333,2,2,AGGCTAACCTCGTTGCTGCT,0,4091503
yacCp,0.3333333333333333,2,2,AGGCGAAGATGACTTGTCTC,0,4108162
yacCp,0.3333333333333333,2,2,AGGCATTTTGTTCCTGAGTT,0,4108548
yacCp,0.3333333333333333,2,2,AGGCAGGGTTAAGGTACTGG,0,4107895
yacCp,0.3333333333333333,2,2,AGGCAGGGTGCATACATTAA,0,4102935
yacCp,0.3333333333333333,2,2,AGGATCCAGATGGGTCTCTA,0,4110502
yacCp,0.3333333333333333,2,2,AGGATAGACTCATAAACCCT,0,4088693
yacCp,0.3333333333333333,2,2,AGGAGTGGTCATCACGTGCT,0,4091100
yacCp,0.3333333333333333,2,2,AGGACAATCATGTAAGGGCC,0,4109892
yacCp,0.3333333333333333,2,2,AGGAAAGCATGCTGACCCAA,0,4088332
yacCp,0.3333333333333333,2,2,AGCTCTACATTGCTGCCTTT,0,4089554
yacCp,0.3333333333333333,2,2,AGCTCCGAAAACGATTATGT,0,4107554
yacCp,0.3333333333333333,2,2,AGCTACGAGGGTCCGGATCT,0,4109676
yacCp,0.3333333333333333,2,2,AGCGTGGCGACCAACTATAC,0,4099553
yacCp,0.3333333333333333,2,2,AGCGTGCAGATGACTCGTAT,0,4084655
yacCp,0.3333333333333333,2,2,AGCGTGATTGTTACGACTTG,0,4079845
yacCp,0.3333333333333333,2,2,AGCGTCTAGCAGGTCGGGCG,0,4107051
yacCp,0.3333333333333333,2,2,AGCGACATTGTTGAAAAGAA,0,4083004
yacCp,0.3333333333333333,2,2,AGCCTGTATTCCCTGTTGGA,0,4081880
yacCp,0.3333333333333333,2,2,AGCCTAGTCTAGCGTCGCGG,0,4089683
yacCp,0.3333333333333333,2,2,AGCATTGGTTATCTCATCCG,0,4107617
yacCp,0.3333333333333333,2,2,AGCAGCTACTTCCAGCCTTA,0,4102396
yacCp,0.3333333333333333,2,2,AGCACAGGGAGACCGGAATC,0,4091757
yacCp,0.3333333333333333,2,2,AGCAATAAATACTACACGGT,0,4084534
yacCp,0.3333333333333333,2,2,AGCAAGGATGGAGTGATCGA,0,4081101
yacCp,0.3333333333333333,2,2,AGCAAAATGCTTGAGTTTGC,0,4078771
yacCp,0.3333333333333333,2,2,AGATTGAGTCACCTTGAGAA,0,4112094
yacCp,0.3333333333333333,2,2,AGATCATACCTCTGATTGTC,0,4098421
yacCp,0.3333333333333333,2,2,AGATCAGATCTTGGTTCGCA,0,4086797
yacCp,0.3333333333333333,2,2,AGATAGACTTTTGGCCACAT,0,4094033
yacCp,0.3333333333333333,2,2,AGAGTGAGGATAAATGTCGT,0,4111493
yacCp,0.3333333333333333,2,2,AGAGTGAAGGTTCAAGCAGG,0,4105868
yacCp,0.3333333333333333,2,2,AGAGGCATGATACAACTTGG,0,4099480
yacCp,0.3333333333333333,2,2,AGAGAGGACAATCCTGCTAC,0,4088370
yacCp,0.3333333333333333,2,2,AGACGGGGACCAGGGAGCTC,0,4090170
yacCp,0.3333333333333333,2,2,AGACCTTCAATATACAAATT,0,4087201
yacCp,0.3333333333333333,2,2,AGACACTTTGGGCTCGAAAA,0,4086310
yacCp,0.3333333333333333,2,2,AGAATATAAGCGGTCCTGCT,0,4112559
yacCp,0.3333333333333333,2,2,AGAAGCGACAGGAAGACACT,0,4088484
yacCp,0.3333333333333333,2,2,AGAAATGAGTTCAAGTAAGG,0,4098534
yacCp,0.3333333333333333,2,2,ACTTAGTTATTGTAATACAT,0,4101977
yacCp,0.3333333333333333,2,2,ACTGCGGAGCTCGTATACCT,0,4097442
yacCp,0.3333333333333333,2,2,ACTGCGCTCACGATCCAATT,0,4108423
yacCp,0.3333333333333333,2,2,ACTGCGATATGGTCTGCTTA,0,4079949
yacCp,0.3333333333333333,2,2,ACTCGTTTGATGCCATCCGC,0,4079920
yacCp,0.3333333333333333,2,2,ACTCAAATGCGGTTGGAGAC,0,4100413
yacCp,0.3333333333333333,2,2,ACTATGTTAATGTTATTCGT,0,4100008
yacCp,0.3333333333333333,2,2,ACTATCGGGACGGCAACACA,0,4098539
yacCp,0.3333333333333333,2,2,ACTAGAACGAAATGTCTAAG,0,4109862
yacCp,0.3333333333333333,2,2,ACGTTGGGGATAAATAGGAG,0,4107535
yacCp,0.3333333333333333,2,2,ACGTCATGCGTCTCGCAATC,0,4082676
yacCp,0.3333333333333333,2,2,ACGTATTACACCGGAGTCAT,0,4092853
yacCp,0.3333333333333333,2,2,ACGGTGTCTGTCACTCCCAC,0,4082508
yacCp,0.3333333333333333,2,2,ACGGCAGAGGACTCGGTCGG,0,4110370
yacCp,0.3333333333333333,2,2,ACGCTCCTGGGAAATAGCTG,0,4087135
yacCp,0.3333333333333333,2,2,ACGCTATCGCCCCTCTTGTA,0,4100534
yacCp,0.3333333333333333,2,2,ACGCTACGTGTTAAATTATT,0,4079916
yacCp,0.3333333333333333,2,2,ACGCGCCATAATAGGGCTGC,0,4084463
yacCp,0.3333333333333333,2,2,ACGCCCCGTACATAAACAGT,0,4105816
yacCp,0.3333333333333333,2,2,ACGCACCCATGCCTGCACCA,0,4088923
yacCp,0.3333333333333333,2,2,ACGATGCATTTGCAAGATGA,0,4082639
yacCp,0.3333333333333333,2,2,ACCTTTTGACAGTTCTTAGT,0,4090971
yacCp,0.3333333333333333,2,2,ACCTGTGAACGCGACTGCGT,0,4111289
yacCp,0.3333333333333333,2,2,ACCTGGCATTCTGATAGGTT,0,4110260
yacCp,0.3333333333333333,2,2,ACCTGCACGGCAGAAGAGGA,0,4100281
yacCp,0.3333333333333333,2,2,ACCTCGAAATAGTAACTGTG,0,4085909
yacCp,0.3333333333333333,2,2,ACCTATACGAAGACTGTTTC,0,4093117
yacCp,0.3333333333333333,2,2,ACCGATCGTTATCAGACGGA,0,4084645
yacCp,0.3333333333333333,2,2,ACCGAAAGTGTATTGAAAGG,0,4101007
yacCp,0.3333333333333333,2,2,ACCCTAATTATCCCTCATTA,0,4097725
yacCp,0.3333333333333333,2,2,ACCCCGCTAGTTGATGCGAT,0,4096166
yacCp,0.3333333333333333,2,2,ACCCACGCAAAATTAGGACG,0,4109823
yacCp,0.3333333333333333,2,2,ACCACTACGTTGAGAGCCGG,0,4084459
yacCp,0.3333333333333333,2,2,ACCACGGGAATATACTGCTA,0,4088287
yacCp,0.3333333333333333,2,2,ACCAAGGGTTGCGACTGATC,0,4099555
yacCp,0.3333333333333333,2,2,ACCAAGACAGCTCACCGTAC,0,4093656
yacCp,0.3333333333333333,2,2,ACATTCAGCCGTGGGGTGGA,0,4080842
yacCp,0.3333333333333333,2,2,ACATCCGAAGCTTCCTTCAG,0,4104070
yacCp,0.3333333333333333,2,2,ACATAGGTTGACCCCTATAG,0,4097747
yacCp,0.3333333333333333,2,2,ACAGTTCCCGCTGGGAGGCT,0,4078739
yacCp,0.3333333333333333,2,2,ACAGTACAAACATCATAAAC,0,4081795
yacCp,0.3333333333333333,2,2,ACAGGTTTGTGACGGGTTCG,0,4111068
yacCp,0.3333333333333333,2,2,ACAGGCAACCTTGACAAGAT,0,4090845
yacCp,0.3333333333333333,2,2,ACACGTGCTATAGCACGTAC,0,4088833
yacCp,0.3333333333333333,2,2,ACACGCCGACGGCAAAGCAG,0,4081500
yacCp,0.3333333333333333,2,2,ACACCGCAGCGCCCAGTTCT,0,4082701
yacCp,0.3333333333333333,2,2,ACACACTGTTGGATTAGCCA,0,4087742
yacCp,0.3333333333333333,2,2,ACAATGATAGAAGTGCAATA,0,4098400
yacCp,0.3333333333333333,2,2,AATTTCGTTAACCCTATCTT,0,4080991
yacCp,0.3333333333333333,2,2,AATTTACGATACATACCAAA,0,4104050
yacCp,0.3333333333333333,2,2,AATTTAATGGTGATTAGGGC,0,4096240
yacCp,0.3333333333333333,2,2,AATTCACTCATATCAGAGAA,0,4105064
yacCp,0.3333333333333333,2,2,AATTATTGTACCGCGATTTA,0,4090516
yacCp,0.3333333333333333,2,2,AATGGAAAAGATGCACCTTC,0,4088126
yacCp,0.3333333333333333,2,2,AATGATGTCCCGCGTACCTT,0,4105090
yacCp,0.3333333333333333,2,2,AATGACTGCTCGGCGGTCTA,0,4081535
yacCp,0.3333333333333333,2,2,AATGAAAATAGGGAGATGCG,0,4109391
yacCp,0.3333333333333333,2,2,AATCTCCTACAGGACGGGTC,0,4078843
yacCp,0.3333333333333333,2,2,AATCCTACGGTTCCCTCAGC,0,4103798
yacCp,0.3333333333333333,2,2,AATCACTCGCAAAGCTGAGC,0,4101759
yacCp,0.3333333333333333,2,2,AATCACGAAATTGTCTAAGA,0,4109562
yacCp,0.3333333333333333,2,2,AATAGCCACGATTTACGTAG,0,4093670
yacCp,0.3333333333333333,2,2,AAGTGGCACCGGATCAATTA,0,4098323
yacCp,0.3333333333333333,2,2,AAGTCCCCCAAGGCTTTACT,0,4097334
yacCp,0.3333333333333333,2,2,AAGGTTAATGTCATTCTTCA,0,4090530
yacCp,0.3333333333333333,2,2,AAGGGGCTTTTTCGATTCCC,0,4083287
yacCp,0.3333333333333333,2,2,AAGGGGCGGATGCCAGACGT,0,4091800
yacCp,0.3333333333333333,2,2,AAGGCCAGTACTGTGCAAGC,0,4105859
yacCp,0.3333333333333333,2,2,AAGGATTCGACCGCGTCGGT,0,4088952
yacCp,0.3333333333333333,2,2,AAGGACCTGGGTGGAAGGGT,0,4086145
yacCp,0.3333333333333333,2,2,AAGCCTCGGCGGTACAGTTA,0,4091726
yacCp,0.3333333333333333,2,2,AAGCACTGGTATAGTCTATG,0,4099455
yacCp,0.3333333333333333,2,2,AAGATTCTGACACAGGCTGC,0,4093116
yacCp,0.3333333333333333,2,2,AAGATGTATTCGTTAGAGTA,0,4107315
yacCp,0.3333333333333333,2,2,AAGAGATTCTAGAACGGGTC,0,4088132
yacCp,0.3333333333333333,2,2,AAGAAGTTACTGGAACGGTG,0,4092410
yacCp,0.3333333333333333,2,2,AAGAAGTGATAGGGTCGTTC,0,4079213
yacCp,0.3333333333333333,2,2,AAGAAAGACCGCGGAGTAAA,0,4101298
yacCp,0.3333333333333333,2,2,AAGAAAGAAAGACCATTCGG,0,4111241
yacCp,0.3333333333333333,2,2,AACGTAGACCACAGGAGGAG,0,4085586
yacCp,0.3333333333333333,2,2,AACGCGGGGCTCCATGCTCC,0,4079012
yacCp,0.3333333333333333,2,2,AACGCCTAAATAGTCTGCTA,0,4099178
yacCp,0.3333333333333333,2,2,AACCTCACTAGGAATAAACA,0,4110978
yacCp,0.3333333333333333,2,2,AACCGACGCCACAACGCATC,0,4082606
yacCp,0.3333333333333333,2,2,AACCCTAAGAGTATACATGG,0,4092376
yacCp,0.3333333333333333,2,2,AACATATCTCGGGGGTTGAA,0,4084175
yacCp,0.3333333333333333,2,2,AACACCATTGGTTATAAAAA,0,4108545
yacCp,0.3333333333333333,2,2,AACAAGGTGGGGCGGAGAAA,0,4098806
yacCp,0.3333333333333333,2,2,AAATGTAAAGGTGACACTTG,0,4080669
yacCp,0.3333333333333333,2,2,AAAGGGACGGATCGGGAGTT,0,4094699
yacCp,0.3333333333333333,2,2,AAAGCCTTTATTGATCGGGG,0,4078947
yacCp,0.3333333333333333,2,2,AAAGCACTATCTCGGCCATT,0,4105237
yacCp,0.3333333333333333,2,2,AAAGATTGCACTTCTAAATA,0,4083052
yacCp,0.3333333333333333,2,2,AAAGAGGCACATGGACCAAT,0,4106911
yacCp,0.3333333333333333,2,2,AAAGAGACTTGGATCACTCT,0,4084565
yacCp,0.3333333333333333,2,2,AAAGAATATGCAATTACGTA,0,4109332
yacCp,0.3333333333333333,2,2,AAAGAATATATGCTGCTACA,0,4093412
yacCp,0.3333333333333333,2,2,AAACTTTGGCTATTTTAGAT,0,4089857
yacCp,0.3333333333333333,2,2,AAACGTCCAGAGCGTCAGGG,0,4109486
yacCp,0.3333333333333333,2,2,AAACGAACATGGATGCGCCT,0,4111548
yacCp,0.3333333333333333,2,2,AAACCAGCCACGCTTTCTGT,0,4106244
yacCp,0.3333333333333333,2,2,AAACACCCTGGCGGGGCACC,0,4082552
yacCp,0.3333333333333333,2,2,AAAACAATAGAATCGCCACG,0,4079977
yacCp,0.3333333333333333,2,2,AAAAAATAGTCAGGTTCTGT,0,4084371
yacCp,0.5,1,1,TTTTTAAGAGATCGGAAAAT,0,4080728
yacCp,0.5,1,1,TTTTGGGGCAGCTGTAACGC,0,4101414
yacCp,0.5,1,1,TTTTCCAATTGAAACCTTCG,0,4095664
yacCp,0.5,1,1,TTTTCCAACTTTCGTATAGT,0,4090239
yacCp,0.5,1,1,TTTTCACGTCGTTACCGGGT,0,4080311
yacCp,0.5,1,1,TTTTAAAGTAGGTCAGTGTA,0,4104509
yacCp,0.5,1,1,TTTGGCATGTACGTGGACCC,0,4094627
yacCp,0.5,1,1,TTTGCATGTAGCCCCGTACT,0,4082777
yacCp,0.5,1,1,TTTGATCCGTATTTAGACGG,0,4081487
yacCp,0.5,1,1,TTTGAGGATCGCGAGAGGTA,0,4105295
yacCp,0.5,1,1,TTTCGTTACTTGACCACGCC,0,4084784
yacCp,0.5,1,1,TTTCGTCCGCTTCGCACGGT,0,4105590
yacCp,0.5,1,1,TTTCCGTGCCAATACCGAAG,0,4085434
yacCp,0.5,1,1,TTTCCGCATCAACCATGTTC,0,4108490
yacCp,0.5,1,1,TTTCATGAACCGGTGGTTCC,0,4095268
yacCp,0.5,1,1,TTTATAGTTTCATTTCAATA,0,4080530
yacCp,0.5,1,1,TTTACGCGGGCAAGGGTGTA,0,4088863
yacCp,0.5,1,1,TTGTCCTATAATACCTGAAT,0,4110346
yacCp,0.5,1,1,TTGTAGGGCATCAAGAATGC,0,4092838
yacCp,0.5,1,1,TTGGGCTTGTCGGATTTTGA,0,4088567
yacCp,0.5,1,1,TTGGGAATACCGTAGTAAAC,0,4079773
yacCp,0.5,1,1,TTGGCTAGTGCCCCACAGAT,0,4110499
yacCp,0.5,1,1,TTGCTCCAGTGGTCATAAGC,0,4088554
yacCp,0.5,1,1,TTGCCTATATAACGCGCTGT,0,4102071
yacCp,0.5,1,1,TTGCCAGACTTCGAGCTGGC,0,4098336
yacCp,0.5,1,1,TTGCATTAAGCTGTCAGACC,0,4087347
yacCp,0.5,1,1,TTGCAGCGTGCAGCATTAGG,0,4103897
yacCp,0.5,1,1,TTGATACGTGTAAGCCCCAG,0,4096415
yacCp,0.5,1,1,TTGAGCTTCGTGAATCGAAG,0,4096079
yacCp,0.5,1,1,TTGAGCTGCAAGCGGCTTGG,0,4091808
yacCp,0.5,1,1,TTGAGACCAGCGTGGGTAGC,0,4093265
yacCp,0.5,1,1,TTGAATATGCCGAAAATGCG,0,4078561
yacCp,0.5,1,1,TTGAACCATGGCCGAATATT,0,4087646
yacCp,0.5,1,1,TTCTTTGCTTACGCGTTATA,0,4098315
yacCp,0.5,1,1,TTCTCTGCGGCTATGGAGAT,0,4086107
yacCp,0.5,1,1,TTCTCGCCGACCCGCCCTAA,0,4092897
yacCp,0.5,1,1,TTCTCCTGGGTCAGGTATGG,0,4101492
yacCp,0.5,1,1,TTCGTGCGGTGCAGGCGGTA,0,4097049
yacCp,0.5,1,1,TTCGGGAATATGTCGTACTT,0,4092884
yacCp,0.5,1,1,TTCCGTTAACTGTCCCTACG,0,4099504
yacCp,0.5,1,1,TTCCCATATAAGCCCCGTCT,0,4111897
yacCp,0.5,1,1,TTCCATATATCAGGCACAGA,0,4109666
yacCp,0.5,1,1,TTCATTTTCTATGCGCGTAA,0,4103557
yacCp,0.5,1,1,TTCATTCCCGTTCCAGTTGT,0,4110682
yacCp,0.5,1,1,TTCATGAAATTGAATTCCCT,0,4085904
yacCp,0.5,1,1,TTCATCAGCGCGAACGTATT,0,4100572
yacCp,0.5,1,1,TTCATAATATTCACGCGGCA,0,4109438
yacCp,0.5,1,1,TTCATAAGACGTGGATTCTG,0,4088125
yacCp,0.5,1,1,TTCATAAACTCACAATATTT,0,4109288
yacCp,0.5,1,1,TTCAACACTGCGGAAAAGCC,0,4090825
yacCp,0.5,1,1,TTATCCTAATCAGCTATTGT,0,4108303
yacCp,0.5,1,1,TTATCATGTCACCTTCAGAA,0,4110411
yacCp,0.5,1,1,TTATACTCACATTTAAGGGT,0,4081447
yacCp,0.5,1,1,TTAGTGTTTATGTGGAACAA,0,4109243
yacCp,0.5,1,1,TTAGTGGAAATGCTAACCTA,0,4105544
yacCp,0.5,1,1,TTAGGTCCGTCCACTTGGAA,0,4079683
yacCp,0.5,1,1,TTAGGGTTCTCGAGGTGCCC,0,4110807
yacCp,0.5,1,1,TTAGAGCTTGGCGTTGGCTA,0,4078760
yacCp,0.5,1,1,TTACGTTAAGATAAACTATA,0,4084593
yacCp,0.5,1,1,TTACGCCTAACAGTCATCAT,0,4099133
yacCp,0.5,1,1,TTACGATATTCGTAACACTC,0,4087431
yacCp,0.5,1,1,TTAATGAAATAAGTTGCTCC,0,4100827
yacCp,0.5,1,1,TTAAACAAGGGGGGCAGACA,0,4101633
yacCp,0.5,1,1,TGTTTTTGCCATAGTCAACA,0,4102947
yacCp,0.5,1,1,TGTTCTAATACATTAGGACT,0,4080783
yacCp,0.5,1,1,TGTTCCTAGTATGGTAACGG,0,4109825
yacCp,0.5,1,1,TGTTCACAGAGAGCGTTGAA,0,4094357
yacCp,0.5,1,1,TGTTATGAGGTCCGCAGACA,0,4111779
yacCp,0.5,1,1,TGTCTTCCGTTGGATTGGTC,0,4091235
yacCp,0.5,1,1,TGTCGAACCTACATACTCTA,0,4100701
yacCp,0.5,1,1,TGTATCCTGTTATCCACTGA,0,4080103
yacCp,0.5,1,1,TGTAGATTGATGGCCGGGAG,0,4095043
yacCp,0.5,1,1,TGTAGAGCTTCTTGCATCGT,0,4078648
yacCp,0.5,1,1,TGTACTGTTCAACATAGGAT,0,4094131
yacCp,0.5,1,1,TGGTTGTGGAGCCACGCCAA,0,4096115
yacCp,0.5,1,1,TGGTGCATCGCTTGAAGCAC,0,4086713
yacCp,0.5,1,1,TGGTGAAGTACTCATCATGA,0,4083462
yacCp,0.5,1,1,TGGTGAACGAGCACCGAAAT,0,4104422
yacCp,0.5,1,1,TGGTCGCTGATTATACTAGG,0,4084891
yacCp,0.5,1,1,TGGTATGATATCACGGAGGG,0,4079526
yacCp,0.5,1,1,TGGTATAACATGTGAACGTG,0,4080448
yacCp,0.5,1,1,TGGTACGCGCGGGCCGTAGC,0,4111154
yacCp,0.5,1,1,TGGTAAGCTCCAGTCCCGGA,0,4089534
yacCp,0.5,1,1,TGGGCCGATGTATTGCAAAA,0,4094559
yacCp,0.5,1,1,TGGGCATCCTCGTTATCAGA,0,4111177
yacCp,0.5,1,1,TGGGATCGCCGGGAGAACCT,0,4085788
yacCp,0.5,1,1,TGGGAGTGTAAATACTGATT,0,4079528
yacCp,0.5,1,1,TGGCTCCACTGAACGGGGAC,0,4083332
yacCp,0.5,1,1,TGGCTCAACAGAGAAAAGAA,0,4106785
yacCp,0.5,1,1,TGGCCGTGTAAGGTTAAGAG,0,4112050
yacCp,0.5,1,1,TGGATTTCGGGTCAGCGACT,0,4084404
yacCp,0.5,1,1,TGGATATTATCAATCTGGGC,0,4085688
yacCp,0.5,1,1,TGGAGGCTGGCCTAGTCCTT,0,4109665
yacCp,0.5,1,1,TGCTTTGACACATGCACAAC,0,4112232
yacCp,0.5,1,1,TGCTTCTGCGACGTCCAGAG,0,4096281
yacCp,0.5,1,1,TGCTCTAGCTTACGCTTGCA,0,4106744
yacCp,0.5,1,1,TGCGGCTTATGCCCCCGCTT,0,4087631
yacCp,0.5,1,1,TGCGCGAGGGCTCGGCGTCA,0,4100870
yacCp,0.5,1,1,TGCGCCGGCTACCATCTTGA,0,4108204
yacCp,0.5,1,1,TGCGATCGAAGTGGCCTCTA,0,4088692
yacCp,0.5,1,1,TGCCGCCGTAGAGCACATCA,0,4097773
yacCp,0.5,1,1,TGCCGACGGGATCATGTTGC,0,4081103
yacCp,0.5,1,1,TGCCCTGGGCAACAGAACTT,0,4106560
yacCp,0.5,1,1,TGCCATGTGTCGATGGGTAC,0,4104737
yacCp,0.5,1,1,TGCCACGGGCTGACGTCCTG,0,4096772
yacCp,0.5,1,1,TGCATGTGTTACTTGTATCC,0,4103801
yacCp,0.5,1,1,TGCAGCCGTCAGAATGGTTA,0,4098286
yacCp,0.5,1,1,TGCACAATGCCTCTGTGGCT,0,4108844
yacCp,0.5,1,1,TGCAATCGGGTTGGGCGGTT,0,4096474
yacCp,0.5,1,1,TGCAACTAAATTCAGGAAGG,0,4104500
yacCp,0.5,1,1,TGATGTCGTTTTGGACATGA,0,4096312
yacCp,0.5,1,1,TGATGAATTCTAACGCCAGA,0,4082908
yacCp,0.5,1,1,TGATCGGGCACCTTCGTGAT,0,4095683
yacCp,0.5,1,1,TGAGGGAGCTAGAGATCAAC,0,4103758
yacCp,0.5,1,1,TGACTAGGCGAACAATCAAC,0,4089394
yacCp,0.5,1,1,TGACCTCACCTCCGTAGTTT,0,4079489
yacCp,0.5,1,1,TGACAGAATACCAAGCGGCT,0,4090118
yacCp,0.5,1,1,TGAATCTTTAGAGTGAGTTC,0,4113007
yacCp,0.5,1,1,TGAACACCCCGAGGGGTGCT,0,4082843
yacCp,0.5,1,1,TGAAATGAGTAAAGTTGCCA,0,4103507
yacCp,0.5,1,1,TGAAATATCAGTTCCTGAAC,0,4091437
yacCp,0.5,1,1,TGAAACCGGCAAGTGACGAT,0,4082806
yacCp,0.5,1,1,TCTTTTTTACAGATTTTGTT,0,4109775
yacCp,0.5,1,1,TCTTTTAGGAGCTATGGTAT,0,4104175
yacCp,0.5,1,1,TCTTTGATTTTCGGGACCCA,0,4100285
yacCp,0.5,1,1,TCTTCCACTCTCTACGTCAT,0,4097831
yacCp,0.5,1,1,TCTGTTTTTGGACCTACTGT,0,4093709
yacCp,0.5,1,1,TCTGGGGCGAACGTAACCTA,0,4096688
yacCp,0.5,1,1,TCTGAGGTCTCCTCCCATAG,0,4083822
yacCp,0.5,1,1,TCTCGTCCATCCCGTTCAAG,0,4107085
yacCp,0.5,1,1,TCTCGGCAAGGGCGGTATCC,0,4102268
yacCp,0.5,1,1,TCTCAGTCAGAATTTAATGC,0,4106887
yacCp,0.5,1,1,TCTATAATACGTCTCGATTC,0,4089451
yacCp,0.5,1,1,TCTAGGTCTAATAGCCTAAC,0,4094823
yacCp,0.5,1,1,TCTAGGAAGAGACGCTTGAC,0,4096863
yacCp,0.5,1,1,TCTAGAGTTTGCCCGAATCG,0,4103491
yacCp,0.5,1,1,TCTACTCTGTTTAGTCCGCA,0,4093652
yacCp,0.5,1,1,TCGTTTGAAGCTCGCCTCAA,0,4105775
yacCp,0.5,1,1,TCGTTAACACGACGTTTCAC,0,4102693
yacCp,0.5,1,1,TCGTACGACGGATGACTGCT,0,4085182
yacCp,0.5,1,1,TCGGTTGATACACACAGGAC,0,4086445
yacCp,0.5,1,1,TCGGTGGCGCAGGCTGGCAT,0,4086356
yacCp,0.5,1,1,TCGGCGTTTGACGTTCTGGT,0,4101748
yacCp,0.5,1,1,TCGCGCTGCCGGACGCAGGG,0,4103619
yacCp,0.5,1,1,TCGCCGGAGATGGCCCAAGT,0,4088955
yacCp,0.5,1,1,TCGCCAGGTCCCAAAATCTT,0,4096997
yacCp,0.5,1,1,TCGCAGTGACTATCGAGGAT,0,4106934
yacCp,0.5,1,1,TCGATCGGCCCTGGTGTAAA,0,4094788
yacCp,0.5,1,1,TCGATCCGGGCTACAGATTC,0,4110793
yacCp,0.5,1,1,TCGAGTGCGGGAGTACGCGA,0,4106320
yacCp,0.5,1,1,TCGACTGTCGCTACCCATCA,0,4084209
yacCp,0.5,1,1,TCCTGGGCTTTCATGTGCTT,0,4098198
yacCp,0.5,1,1,TCCTCCTTCACAATTAGCCC,0,4096832
yacCp,0.5,1,1,TCCTAGGTGGCCGATCACGA,0,4083891
yacCp,0.5,1,1,TCCGTTTGGGAACGCTCGGA,0,4099638
yacCp,0.5,1,1,TCCGACATTGCCTACTCGAA,0,4089093
yacCp,0.5,1,1,TCCCCAAAATTACCTGGTGA,0,4092134
yacCp,0.5,1,1,TCCCACCATCCTAGCTGTTT,0,4103511
yacCp,0.5,1,1,TCCAAGTATGCTAACCCAAA,0,4090790
yacCp,0.5,1,1,TCATGTGGGGGGGGATCTCA,0,4087321
yacCp,0.5,1,1,TCATGATATTCCGAGCTACG,0,4083981
yacCp,0.5,1,1,TCATCAGAGTCTTTTGTACG,0,4102542
yacCp,0.5,1,1,TCAGTAACTGTGAGACCCAG,0,4082155
yacCp,0.5,1,1,TCAGGGTCGGCCGTGTAGGA,0,4097121
yacCp,0.5,1,1,TCACGGCAACGCACGCACAT,0,4082184
yacCp,0.5,1,1,TCACCCGGCTGTGAAAATGT,0,4088339
yacCp,0.5,1,1,TCAAGAACATGATAGTGGCC,0,4085703
yacCp,0.5,1,1,TATTTAGTTATATAGGCATT,0,4081106
yacCp,0.5,1,1,TATTGCGCGCCAATTACACT,0,4079310
yacCp,0.5,1,1,TATGTTTAACCGCGTTCTTT,0,4094486
yacCp,0.5,1,1,TATGGGGGAACTGCCGATTT,0,4108227
yacCp,0.5,1,1,TATGGCAACGCTCCGTCGAG,0,4081660
yacCp,0.5,1,1,TATGGACCACTACGCGAATG,0,4090557
yacCp,0.5,1,1,TATGCTAGCTATAATCGATT,0,4095877
yacCp,0.5,1,1,TATGCGTGTGGAGTAAGAAC,0,4091359
yacCp,0.5,1,1,TATGCGGTATAGACCGATAT,0,4097154
yacCp,0.5,1,1,TATCTTAATCGTCTGTGGCC,0,4096416
yacCp,0.5,1,1,TATCTGCAATCGCTTTTCGA,0,4101925
yacCp,0.5,1,1,TATCTCAGTCAATCATAACG,0,4102822
yacCp,0.5,1,1,TATCCTAGGTCATCAGCATA,0,4097311
yacCp,0.5,1,1,TATCCGGCTCGCGGACCAGT,0,4101291
yacCp,0.5,1,1,TATCAGGGGATCCAGACATG,0,4093693
yacCp,0.5,1,1,TAGTCGGAATGGACAAGTTG,0,4095428
yacCp,0.5,1,1,TAGGTGGGGGATTCATTATC,0,4081017
yacCp,0.5,1,1,TAGGGGGCACACACCTGTAC,0,4108171
yacCp,0.5,1,1,TAGGGGCTAATTAATATCGG,0,4108292
yacCp,0.5,1,1,TAGGGCTGCAGGAGCGATCT,0,4093855
yacCp,0.5,1,1,TAGGCTTGGTGTCGCCCCAT,0,4109136
yacCp,0.5,1,1,TAGGATTTGGTCTATCTGCA,0,4087425
yacCp,0.5,1,1,TAGCTGTAGGCAAAAAGGAC,0,4111113
yacCp,0.5,1,1,TAGCCGATCTAAGCGAATCT,0,4092404
yacCp,0.5,1,1,TAGACTGACGCAAATAAACT,0,4097449
yacCp,0.5,1,1,TAGACGTATGCGGGTTGAAG,0,4092835
yacCp,0.5,1,1,TAGACCGCATTGAGTTAGGC,0,4100618
yacCp,0.5,1,1,TAGAATGGGTGTTTTGTACA,0,4109335
yacCp,0.5,1,1,TACTCGCCTTGTCAGTAGAG,0,4099170
yacCp,0.5,1,1,TACTCAATGCCTAAGGAGTA,0,4108516
yacCp,0.5,1,1,TACGCTTAAGAGGTGCTAAC,0,4088659
yacCp,0.5,1,1,TACGCAACACATGACACCTT,0,4095071
yacCp,0.5,1,1,TACGAAAGTGCGGCAGGTTA,0,4094149
yacCp,0.5,1,1,TACCTCGGGCTCACTCCCGG,0,4093299
yacCp,0.5,1,1,TACCGAGTCGTGCCTATGTG,0,4086368
yacCp,0.5,1,1,TACCGAGCGGTCCGCATCAC,0,4094155
yacCp,0.5,1,1,TACCCCATCGAAGAGAATCA,0,4094359
yacCp,0.5,1,1,TACCAGGTTAGTCGCGTTAC,0,4098415
yacCp,0.5,1,1,TACACCAGGCAAGTAAGGAT,0,4086666
yacCp,0.5,1,1,TACAAGTTCACAGACGGCAT,0,4092218
yacCp,0.5,1,1,TAATGCTTTTTAAATGTCCT,0,4102638
yacCp,0.5,1,1,TAATGCGTTGATCTGTACGT,0,4083755
yacCp,0.5,1,1,TAATATAAGAGGGTCGCCAA,0,4091693
yacCp,0.5,1,1,TAAGTCGGGGCCTGTCCAGT,0,4087648
yacCp,0.5,1,1,TAAGGGATGTCTGCAGGGAC,0,4103936
yacCp,0.5,1,1,TAAGGAAAGTTGTTAACTCA,0,4086271
yacCp,0.5,1,1,TAAGCGAAAAAATGTTAGGA,0,4091978
yacCp,0.5,1,1,TAAGATGCTGCCACCAGTAC,0,4105047
yacCp,0.5,1,1,TAACTCTCGGCAAGACCTGG,0,4079903
yacCp,0.5,1,1,TAACGCGCTATCATCACGTG,0,4098008
yacCp,0.5,1,1,TAACCTCACTGATTTCGGGT,0,4090651
yacCp,0.5,1,1,TAAATTCGGTGTCAGGCCCT,0,4107043
yacCp,0.5,1,1,TAAAGCTCGCTGGACAAGCT,0,4110179
yacCp,0.5,1,1,TAAAGAGGGTGACGGTGTGC,0,4101308
yacCp,0.5,1,1,TAAACCCAGGGAGCACCCGC,0,4081139
yacCp,0.5,1,1,TAAAACATCAACCGACAGGC,0,4082889
yacCp,0.5,1,1,GTTTTTCGAATATAGGAGTG,0,4096874
yacCp,0.5,1,1,GTTTTTAGATATCCAGAGAT,0,4098637
yacCp,0.5,1,1,GTTTTGGCTTGAAGCGTCTC,0,4080578
yacCp,0.5,1,1,GTTTCTAATCAAAAATTTTG,0,4103305
yacCp,0.5,1,1,GTTGCTTTTCAACGTCGATC,0,4094271
yacCp,0.5,1,1,GTTGCTTCCCCGACAAGGAC,0,4109093
yacCp,0.5,1,1,GTTGCCAATGGGACGGGGCA,0,4090353
yacCp,0.5,1,1,GTTCGGATGTGTAGGCATTT,0,4083216
yacCp,0.5,1,1,GTTCGCTGGCACCGGGTACT,0,4095788
yacCp,0.5,1,1,GTTCGCCTTCCAGGGTGAGC,0,4080599
yacCp,0.5,1,1,GTTATCTTCTCGATCCGGTC,0,4107049
yacCp,0.5,1,1,GTTAGGTTAAACGAGGAGGA,0,4079551
yacCp,0.5,1,1,GTTAGCCTACACTGGCATCG,0,4103994
yacCp,0.5,1,1,GTTAGCACTTTATTGGCTCT,0,4080746
yacCp,0.5,1,1,GTTACGCAACATATATCGTC,0,4101124
yacCp,0.5,1,1,GTGTTGGTGGGAATTCTAGA,0,4093481
yacCp,0.5,1,1,GTGTGTAGACGGGCGTACAT,0,4096583
yacCp,0.5,1,1,GTGTCGGCTCCTTTTTCGAT,0,4106912
yacCp,0.5,1,1,GTGGGTTGCAACAAGCAATC,0,4082160
yacCp,0.5,1,1,GTGGATTCTGCATAGGAATC,0,4107462
yacCp,0.5,1,1,GTGGACCCAAGCTATGGACC,0,4082217
yacCp,0.5,1,1,GTGCTCAGCGGATGTAAACT,0,4078499
yacCp,0.5,1,1,GTGCGGGCCAATCTGATGTT,0,4094354
yacCp,0.5,1,1,GTGCCAATGCCTCGACTCAT,0,4090674
yacCp,0.5,1,1,GTGCACAGAAGCGTGGTCAG,0,4106067
yacCp,0.5,1,1,GTGATTGTCCTCGTCGGGGT,0,4106471
yacCp,0.5,1,1,GTGAGACGTGCCATACTCTG,0,4078993
yacCp,0.5,1,1,GTGACTCTCTATGATCGGAA,0,4103906
yacCp,0.5,1,1,GTGAAGGGCGGGTAAGTAGC,0,4091895
yacCp,0.5,1,1,GTGAAGACATGACCGATTAG,0,4109914
yacCp,0.5,1,1,GTGAACTTCAGCTACTGACT,0,4093429
yacCp,0.5,1,1,GTGAACTCTACACTAACTTA,0,4095067
yacCp,0.5,1,1,GTGAACACAACGGGAACGGT,0,4101558
yacCp,0.5,1,1,GTCTGTGCTCTCCTCCTGGG,0,4108348
yacCp,0.5,1,1,GTCTGGACTGGCTGCACTGA,0,4096159
yacCp,0.5,1,1,GTCTGGAAGCAAACGGTAGT,0,4091109
yacCp,0.5,1,1,GTCTCAGGGCTTAGGAGCTA,0,4097358
yacCp,0.5,1,1,GTCGGCAAGTCGTAAAGCCA,0,4093231
yacCp,0.5,1,1,GTCGCATAAGAGCTCTCCTC,0,4111226
yacCp,0.5,1,1,GTCCTTGTAAAAACCAGGTG,0,4094037
yacCp,0.5,1,1,GTCCTTCTGCGTGGGATACG,0,4105049
yacCp,0.5,1,1,GTCCGCTGGTACTATATGAT,0,4110123
yacCp,0.5,1,1,GTCCCTGGTAAGGCTTCTGA,0,4089140
yacCp,0.5,1,1,GTCATCTAAGACCGTACCAG,0,4079609
yacCp,0.5,1,1,GTCATAGTGTGTAGGCTGCA,0,4087938
yacCp,0.5,1,1,GTCAGCGCATGCTGTGCAAA,0,4088956
yacCp,0.5,1,1,GTCAGATAATTTCGACCGTT,0,4080520
yacCp,0.5,1,1,GTCACCTAGTTCAAACGTTA,0,4087912
yacCp,0.5,1,1,GTCAATCTGTTGCGCAGGGA,0,4099381
yacCp,0.5,1,1,GTCAAGGCTCGGGGGCTTCA,0,4088861
yacCp,0.5,1,1,GTAGTCATCGTTCCCGTGAT,0,4094203
yacCp,0.5,1,1,GTAGTATGGTCCCTGAACAT,0,4081521
yacCp,0.5,1,1,GTAGTACTGCCAAAAGAGAC,0,4087629
yacCp,0.5,1,1,GTAGGTATGGTCCATATGGC,0,4095506
yacCp,0.5,1,1,GTAGGGGGGGTCTTCAGGGG,0,4091797
yacCp,0.5,1,1,GTAGCGTAGGCATGACGACG,0,4082802
yacCp,0.5,1,1,GTAGACACTGGAACAGTCAT,0,4089249
yacCp,0.5,1,1,GTACGTGTGTAATTCGGTCT,0,4079312
yacCp,0.5,1,1,GTACACTAAGCAAACCGTGC,0,4094826
yacCp,0.5,1,1,GTACAAAGGCTCTTCATTTT,0,4097898
yacCp,0.5,1,1,GTAACTCTGATCAATAATTC,0,4083418
yacCp,0.5,1,1,GTAACCCGGACCACCGATTC,0,4108297
yacCp,0.5,1,1,GTAAATTTTACGGCAACCCT,0,4108720
yacCp,0.5,1,1,GTAAAGAGCTTCTCACTCGA,0,4105020
yacCp,0.5,1,1,GTAAAATAGGAATGGGGGAA,0,4098956
yacCp,0.5,1,1,GGTTTGGGCGCAACGAGTAC,0,4101312
yacCp,0.5,1,1,GGTTGCGGTGATCCGAGCTC,0,4085472
yacCp,0.5,1,1,GGTTCATTTGTCATCGACAT,0,4098209
yacCp,0.5,1,1,GGTTACACTGTTGCAAGGGA,0,4081654
yacCp,0.5,1,1,GGTGCTCCTAGACAACATGT,0,4086520
yacCp,0.5,1,1,GGTGATACGGGTCCAAGGTT,0,4112420
yacCp,0.5,1,1,GGTGAGAGGTCACCGTTATA,0,4095486
yacCp,0.5,1,1,GGTCTTCCTTATGACTTCAT,0,4084479
yacCp,0.5,1,1,GGTCTGAGACACGTACTGCA,0,4107475
yacCp,0.5,1,1,GGTCGCTGGGGGGGTCCTTA,0,4103985
yacCp,0.5,1,1,GGTCGCGTGTTTTAGTCAGT,0,4085887
yacCp,0.5,1,1,GGTCCCCCGTAACCGTCAAA,0,4095780
yacCp,0.5,1,1,GGTATGTTATGTCATGTGTG,0,4082183
yacCp,0.5,1,1,GGTATGTCAGGACCAGGCAG,0,4109114
yacCp,0.5,1,1,GGTATGGAACACGAGGACTT,0,4098648
yacCp,0.5,1,1,GGTAGTAGCGCACGGCTTTA,0,4082685
yacCp,0.5,1,1,GGTAGCTGAGGCCCGCCTCT,0,4082783
yacCp,0.5,1,1,GGTAGCGCTCGAATTAGGCT,0,4111333
yacCp,0.5,1,1,GGTACCACCGCTGCGCCGAA,0,4084294
yacCp,0.5,1,1,GGTAATTCTAGCTCCCACGA,0,4079664
yacCp,0.5,1,1,GGGTTACATATTAATTTTGA,0,4110116
yacCp,0.5,1,1,GGGTGTATGTGTTGCCTATA,0,4098979
yacCp,0.5,1,1,GGGTGGTCGCGAAAGGGCGG,0,4078358
yacCp,0.5,1,1,GGGTGGCGCAACGGTAAGGC,0,4101857
yacCp,0.5,1,1,GGGTGCCAGGTTCGAAGATT,0,4081483
yacCp,0.5,1,1,GGGTCTTGTCATCTTTGATC,0,4104430
yacCp,0.5,1,1,GGGTCTTAGTTTGCCTGTCT,0,4085822
yacCp,0.5,1,1,GGGTCGTTATGTGACTTGGT,0,4094449
yacCp,0.5,1,1,GGGGTTAATCTCTGTTGTGG,0,4107944
yacCp,0.5,1,1,GGGGTGCCCGTGTCAAGGGT,0,4092436
yacCp,0.5,1,1,GGGGCCACTTTCTCGAACTC,0,4097087
yacCp,0.5,1,1,GGGGATCCTCCCGCCAACTA,0,4094478
yacCp,0.5,1,1,GGGGAGTTTGCATCCTCGTC,0,4097543
yacCp,0.5,1,1,GGGCTATCGGCGCAAGTACT,0,4109749
yacCp,0.5,1,1,GGGCTAATGCCAATGGTAGG,0,4087269
yacCp,0.5,1,1,GGGCGTTAACCAGTCATCAC,0,4102766
yacCp,0.5,1,1,GGGCGCCTTTCCGTCCTTGA,0,4108674
yacCp,0.5,1,1,GGGCCTGATTGACTGTCCTT,0,4089839
yacCp,0.5,1,1,GGGCCATCCTCTTGTAATAT,0,4094171
yacCp,0.5,1,1,GGGCATAGATGTAGGACATC,0,4085955
yacCp,0.5,1,1,GGGCAGCCGTTGGTGAATTT,0,4104306
yacCp,0.5,1,1,GGGCAGACGGGCTCTTAACG,0,4112214
yacCp,0.5,1,1,GGGCAATCGGCCACTAACCT,0,4090379
yacCp,0.5,1,1,GGGACTAAATCTACACAGAT,0,4109830
yacCp,0.5,1,1,GGGAAGGTTTCGGACTAATT,0,4111323
yacCp,0.5,1,1,GGGAAAAGGCCTCGCTCGGA,0,4097291
yacCp,0.5,1,1,GGCTTGGATGAGAGCGACGG,0,4083549
yacCp,0.5,1,1,GGCTTGAAGAGGATTAATAA,0,4083830
yacCp,0.5,1,1,GGCTGTCTACGGCATAATCC,0,4091486
yacCp,0.5,1,1,GGCTGGTTTATAGCCAGGGG,0,4099713
yacCp,0.5,1,1,GGCTGAAGCGCTGACAGGTA,0,4100560
yacCp,0.5,1,1,GGCTATCTCGTTTTTGTCGA,0,4085501
yacCp,0.5,1,1,GGCGTGGATAATCTATTCGT,0,4107145
yacCp,0.5,1,1,GGCGGATACCACCGCCCATA,0,4107280
yacCp,0.5,1,1,GGCGCTGGCTGGTCAGAGGT,0,4084767
yacCp,0.5,1,1,GGCGAATAAGTGGTTAAGCA,0,4082238
yacCp,0.5,1,1,GGCATCAAGAGGCGCGTTCC,0,4092049
yacCp,0.5,1,1,GGCATAATAGATCGCACGCT,0,4080216
yacCp,0.5,1,1,GGCAGCATTCGATGAATCAA,0,4095846
yacCp,0.5,1,1,GGATTGGTGATCTGGAGGGT,0,4104541
yacCp,0.5,1,1,GGATTGCGCAAAAGAAGTGC,0,4102124
yacCp,0.5,1,1,GGATCTAACTCATCCCCAGT,0,4104218
yacCp,0.5,1,1,GGATCACATTGTAGCCCGTA,0,4102405
yacCp,0.5,1,1,GGAGTGTACTGAATCTCCTT,0,4085802
yacCp,0.5,1,1,GGAGTGATCGTTAAGGGGGT,0,4111326
yacCp,0.5,1,1,GGAGTATATTCATACACGGC,0,4084682
yacCp,0.5,1,1,GGAGTAGGGCGCGGCCGCAG,0,4087109
yacCp,0.5,1,1,GGAGGCCTAATCGTAGGTAT,0,4093128
yacCp,0.5,1,1,GGAGATTAATAGTCCACTTC,0,4085038
yacCp,0.5,1,1,GGAGAGCTTTAATCCTCAAT,0,4087760
yacCp,0.5,1,1,GGACTTTCTGCGCACGAATT,0,4101250
yacCp,0.5,1,1,GGACCCATGCTTACACTCAG,0,4079709
yacCp,0.5,1,1,GGAATCGAAGCTGGGTGTTG,0,4107794
yacCp,0.5,1,1,GGAAGAGATGTGCCTATATG,0,4098079
yacCp,0.5,1,1,GCTTTAATAGCACACGGGTG,0,4093649
yacCp,0.5,1,1,GCTTCGAACACCCTTCGAGT,0,4101851
yacCp,0.5,1,1,GCTTCCCTAGGAAGTTAGTT,0,4095401
yacCp,0.5,1,1,GCTTATATATCAAGAAAAAC,0,4082565
yacCp,0.5,1,1,GCTGGGTTAGCGTATCATCA,0,4094500
yacCp,0.5,1,1,GCTGGAATGCGCAACCTGAG,0,4085046
yacCp,0.5,1,1,GCTGCTGCCTAGCGAGCAAT,0,4086084
yacCp,0.5,1,1,GCTGCTCGTGGGCTAATCCG,0,4090721
yacCp,0.5,1,1,GCTGCCGCTCGAGCCTCAGA,0,4097080
yacCp,0.5,1,1,GCTGCCACATCGATTGTGGT,0,4085321
yacCp,0.5,1,1,GCTGCAATTCCGGGACAACT,0,4104818
yacCp,0.5,1,1,GCTGAGTAAGACCCAGTTTA,0,4106064
yacCp,0.5,1,1,GCTCCCCGGACTTCTCCCCC,0,4098937
yacCp,0.5,1,1,GCTACGTATTTCATATCGGA,0,4086768
yacCp,0.5,1,1,GCGTTTACACTAGCCGGGGC,0,4106504
yacCp,0.5,1,1,GCGTCCCGGAAAGATGATCG,0,4112475
yacCp,0.5,1,1,GCGTCCACATCGTCATTGCC,0,4106682
yacCp,0.5,1,1,GCGGGGCAGAATTGAAACCA,0,4100363
yacCp,0.5,1,1,GCGGGCCTCGGTATGATGCT,0,4101269
yacCp,0.5,1,1,GCGGGAAGTTGAACTGGTAT,0,4106483
yacCp,0.5,1,1,GCGGCATTATCGATTTGGCA,0,4088340
yacCp,0.5,1,1,GCGCTTTAGAAAATCGGACG,0,4104621
yacCp,0.5,1,1,GCGCGCACATGGAATAGAGT,0,4111975
yacCp,0.5,1,1,GCGCCGCACTTGCTCGGAAG,0,4100932
yacCp,0.5,1,1,GCGACGCTGGCATAGCATGG,0,4080043
yacCp,0.5,1,1,GCGACGAACAGAGTGTCACT,0,4090646
yacCp,0.5,1,1,GCGACATTTGGGGCATAGTG,0,4110167
yacCp,0.5,1,1,GCGAAGATATAGATTCATAA,0,4110844
yacCp,0.5,1,1,GCGAAATGGTACAAATGAGG,0,4092921
yacCp,0.5,1,1,GCCTGCGTCCGGCGTTGCTA,0,4085793
yacCp,0.5,1,1,GCCTGCCTCGGTCGGAATAA,0,4084486
yacCp,0.5,1,1,GCCTGATGTTAAGAGGCGTC,0,4079108
yacCp,0.5,1,1,GCCTGAGGTTGTGGTATCTG,0,4097818
yacCp,0.5,1,1,GCCTACTGCATATAGGAATA,0,4087869
yacCp,0.5,1,1,GCCTACCTAGAAAGTGAAGT,0,4096714
yacCp,0.5,1,1,GCCGTGACGGACATTTCGAG,0,4092392
yacCp,0.5,1,1,GCCGGTTGGTCAGTAATGTT,0,4082090
yacCp,0.5,1,1,GCCGGGAAGCGAGGTTCTCC,0,4078811
yacCp,0.5,1,1,GCCGGCCTAAACTGCCGTGA,0,4105284
yacCp,0.5,1,1,GCCGCGAACGGGTCTAGAGG,0,4102748
yacCp,0.5,1,1,GCCGCCAGATAACCAAAAGG,0,4090501
yacCp,0.5,1,1,GCCGAGACTACGAATATTGT,0,4111002
yacCp,0.5,1,1,GCCGAACAAAGGGCGGGGGC,0,4111825
yacCp,0.5,1,1,GCCCGTGGTATGCCATCTAC,0,4079864
yacCp,0.5,1,1,GCCCACCCTTTCCTCGCAGT,0,4083993
yacCp,0.5,1,1,GCCCAATAAGCGGTAAACTA,0,4082960
yacCp,0.5,1,1,GCCATCCCATTTTCATTTAG,0,4096201
yacCp,0.5,1,1,GCCAATTAAGTCCAGCCGAG,0,4099438
yacCp,0.5,1,1,GCCAAATGAGTATCTATCCA,0,4096272
yacCp,0.5,1,1,GCCAAATACGCTCGCTTTTC,0,4103299
yacCp,0.5,1,1,GCCAAATAATTATAGGGCCT,0,4096143
yacCp,0.5,1,1,GCATGGTTCCTCCGGTAGAT,0,4084683
yacCp,0.5,1,1,GCATGGGGTTTATGAGAGAA,0,4088115
yacCp,0.5,1,1,GCATCGGGCGGGGGCGTCCT,0,4079937
yacCp,0.5,1,1,GCATCGCGCTGCCTGTTGCA,0,4089907
yacCp,0.5,1,1,GCATCGATTCCTGCTAGGGT,0,4104654
yacCp,0.5,1,1,GCATATAGAAATTATTCAGG,0,4085221
yacCp,0.5,1,1,GCATAGGTGTATTGAGGACT,0,4094863
yacCp,0.5,1,1,GCATAGGAAGACTGTCCAGC,0,4098649
yacCp,0.5,1,1,GCAGGACCCAATACCGGACT,0,4081475
yacCp,0.5,1,1,GCAGATGGTTATATGAGCGG,0,4099101
yacCp,0.5,1,1,GCAGAGGAAATGCCTCCGGG,0,4099266
yacCp,0.5,1,1,GCACTGCAGGTGCCCTTGGG,0,4108010
yacCp,0.5,1,1,GCACTATGCCGAGTTATCAG,0,4099608
yacCp,0.5,1,1,GCACGGGAAATGATCTGTCC,0,4107186
yacCp,0.5,1,1,GCACGGCATGGCTCTCCGGG,0,4108658
yacCp,0.5,1,1,GCACGCATGATAGGTGCCAG,0,4106609
yacCp,0.5,1,1,GCACGACTGCATATCGAAAA,0,4106865
yacCp,0.5,1,1,GCACGAAATATAATTCTTCA,0,4085226
yacCp,0.5,1,1,GCACAAGAGCGTGTTGTGCA,0,4083781
yacCp,0.5,1,1,GCAATCCTCACAATAGCCTG,0,4084691
yacCp,0.5,1,1,GCAAGATCCCCGGTATATCT,0,4080860
yacCp,0.5,1,1,GCAAGAATAGAAGATTCAAT,0,4096280
yacCp,0.5,1,1,GCAAAGCATAGCTACTTCCA,0,4109465
yacCp,0.5,1,1,GCAAACTGCCATTAGCAATG,0,4086066
yacCp,0.5,1,1,GATTGCGGTCGTATTACATC,0,4090809
yacCp,0.5,1,1,GATTCTGGATATTCTGGGAG,0,4110989
yacCp,0.5,1,1,GATTCCTCGAATCATCGGGA,0,4085908
yacCp,0.5,1,1,GATGTTCGTATAACGACGTT,0,4099943
yacCp,0.5,1,1,GATGGGGTCGCTTCTCTGGC,0,4079461
yacCp,0.5,1,1,GATGCGGCGTCGGTGAATAG,0,4097382
yacCp,0.5,1,1,GATGAGTGTTTCCTTTTTAG,0,4097275
yacCp,0.5,1,1,GATGAGCCATGATCCCCTTA,0,4086463
yacCp,0.5,1,1,GATCTGATTAGTGGTAGTTC,0,4109578
yacCp,0.5,1,1,GATCTCAGCTAACTTCCGAT,0,4089561
yacCp,0.5,1,1,GATCCGGCCGTCGGGCGAGC,0,4112173
yacCp,0.5,1,1,GATCACAACCAATAATATGA,0,4102488
yacCp,0.5,1,1,GATAGGGGAAAAGCAGTGGA,0,4107148
yacCp,0.5,1,1,GATACCGCGCGATTAACAAA,0,4104299
yacCp,0.5,1,1,GAGTTCAGGGGCTCAAGTAC,0,4108067
yacCp,0.5,1,1,GAGTGTGGGTTAGGGCCATT,0,4101164
yacCp,0.5,1,1,GAGTCAGGAACGATATTTTT,0,4084258
yacCp,0.5,1,1,GAGTAGTGTCTGCTGATTTA,0,4104608
yacCp,0.5,1,1,GAGTACGAATGAATACTGGA,0,4085928
yacCp,0.5,1,1,GAGGTTGGTAACATAGGCTA,0,4105479
yacCp,0.5,1,1,GAGGTTCTACGCTCATGGCA,0,4085643
yacCp,0.5,1,1,GAGGGTTGCCACCGCAAAGG,0,4092347
yacCp,0.5,1,1,GAGGGTAACAAGCGCTGTAT,0,4079516
yacCp,0.5,1,1,GAGGATTCACTCATACTATG,0,4108243
yacCp,0.5,1,1,GAGGACTCCATGTTTCGACA,0,4083551
yacCp,0.5,1,1,GAGCTAAGACCCTTGTCGTT,0,4104121
yacCp,0.5,1,1,GAGCCTGCGGTCTCACGGAT,0,4102832
yacCp,0.5,1,1,GAGCAGGGGGCTAGGTGCTA,0,4086749
yacCp,0.5,1,1,GAGATGGCATAATTAGGGGA,0,4094232
yacCp,0.5,1,1,GAGAGCCAAGGGCGCCGCAT,0,4111923
yacCp,0.5,1,1,GAGAGATTTGCCAAGTGCTA,0,4086747
yacCp,0.5,1,1,GAGAGAGCTGCCTAACAACA,0,4090403
yacCp,0.5,1,1,GAGACAGGCTGGGGAGCCGT,0,4103300
yacCp,0.5,1,1,GAGAAATCGGAGTGCAGTGC,0,4092719
yacCp,0.5,1,1,GACTCGCACACTCTGTTTAA,0,4083980
yacCp,0.5,1,1,GACTCCGCCCGAACCAATTA,0,4106383
yacCp,0.5,1,1,GACTCATTCGATACCAGCGG,0,4088915
yacCp,0.5,1,1,GACGTCCACCGTAGATCCAA,0,4103093
yacCp,0.5,1,1,GACCTCGATCGAGCTTGTGA,0,4096291
yacCp,0.5,1,1,GACCGAAAACAGTAGTGCAG,0,4108440
yacCp,0.5,1,1,GACAAGGCATCATTTAACAG,0,4098414
yacCp,0.5,1,1,GACAAAGGGGCGACGTGGCG,0,4096071
yacCp,0.5,1,1,GAATTTTCCATGGAGCACGG,0,4081919
yacCp,0.5,1,1,GAATTTAGAGGGGTGTTTCC,0,4084825
yacCp,0.5,1,1,GAATGAGGGTTCAGATAGGA,0,4106237
yacCp,0.5,1,1,GAATCCAGCTTATGTCGAGG,0,4088743
yacCp,0.5,1,1,GAATCATGTGCCGAAAACGT,0,4103580
yacCp,0.5,1,1,GAATATCTGTACCCTTATTG,0,4109077
yacCp,0.5,1,1,GAATAGGCGGCATAGCTGAG,0,4109418
yacCp,0.5,1,1,GAAGGGTGCCTAGCTGCTTC,0,4085936
yacCp,0.5,1,1,GAAGGGAATACCCTGTCGCG,0,4104234
yacCp,0.5,1,1,GAAGCTCATCGTCTGGACAT,0,4107576
yacCp,0.5,1,1,GAACTGGACCCCAGTGCCCA,0,4102848
yacCp,0.5,1,1,GAACTCACTACGAATAGTAA,0,4090181
yacCp,0.5,1,1,GAACTCAAATTGCACGACGA,0,4095543
yacCp,0.5,1,1,GAACTACAACAATATCCGGA,0,4095414
yacCp,0.5,1,1,GAACGCTAATCCCAGTAGTG,0,4104776
yacCp,0.5,1,1,GAAATTGGTTAGTCAAAATG,0,4089544
yacCp,0.5,1,1,GAAAGACGTGACATCCATCG,0,4078493
yacCp,0.5,1,1,GAAAATACTGAGCACTGATG,0,4111934
yacCp,0.5,1,1,CTTTTGGTACACCAGATCGG,0,4087045
yacCp,0.5,1,1,CTTTTGGGCTACCGGGTCTG,0,4083539
yacCp,0.5,1,1,CTTTTAGCGGATTTAGTTTG,0,4101642
yacCp,0.5,1,1,CTTTTACCTGAAACCAAGAG,0,4101641
yacCp,0.5,1,1,CTTTGGTTGCTGTCGTTAAG,0,4100211
yacCp,0.5,1,1,CTTTGATCTAGCCATTAGAT,0,4080850
yacCp,0.5,1,1,CTTTGAACGGCCAGCATAGA,0,4090246
yacCp,0.5,1,1,CTTTCTTGCAATCGTCCCTT,0,4100231
yacCp,0.5,1,1,CTTTCACACGGGGGCGAGCT,0,4078352
yacCp,0.5,1,1,CTTGTATATCAGCGGTCTAG,0,4097760
yacCp,0.5,1,1,CTTGCTACGTGACAAACGCT,0,4093470
yacCp,0.5,1,1,CTTCTACAGTCCACGGTGAT,0,4107550
yacCp,0.5,1,1,CTTCGTTCCTGCCAAACCGA,0,4080618
yacCp,0.5,1,1,CTTCCCTGTCGGAACAAAAT,0,4104138
yacCp,0.5,1,1,CTTCACATATATTATGCCAC,0,4103327
yacCp,0.5,1,1,CTTCACACTAAGATGGTATT,0,4081799
yacCp,0.5,1,1,CTTATTGCACGTTGGTCATA,0,4106678
yacCp,0.5,1,1,CTTAGTTATTCTCTGTCGAA,0,4110552
yacCp,0.5,1,1,CTTAGGCCGCTGAGCTCAAG,0,4098101
yacCp,0.5,1,1,CTTACCCCGAGTCGGCTGGA,0,4109879
yacCp,0.5,1,1,CTGTTTATCGAACTGGAGGA,0,4102756
yacCp,0.5,1,1,CTGTGTTGCTGAAAGAACAC,0,4087151
yacCp,0.5,1,1,CTGTGTTGAGGAGTAGGACC,0,4111107
yacCp,0.5,1,1,CTGTATCCAGTTCCACGTGG,0,4108527
yacCp,0.5,1,1,CTGTACGCCGGGCTAATGAC,0,4105015
yacCp,0.5,1,1,CTGGCTGTTGGCGAGCCCAC,0,4102330
yacCp,0.5,1,1,CTGGACGCCGCGTACTCTCC,0,4081690
yacCp,0.5,1,1,CTGATCTAGTTAGGAGTGCA,0,4089792
yacCp,0.5,1,1,CTGAGTTGTCTATGCTGGTC,0,4085598
yacCp,0.5,1,1,CTGACCACGGCCGACCTAGT,0,4085167
yacCp,0.5,1,1,CTCTTTACAGCGCCACGCCA,0,4084995
yacCp,0.5,1,1,CTCTGTCTGAGGAGCTGCGA,0,4110957
yacCp,0.5,1,1,CTCTCGACTAACGGCGACAG,0,4087846
yacCp,0.5,1,1,CTCTCACGGCCAAGAGGATC,0,4111478
yacCp,0.5,1,1,CTCGGTGAGAAAGATCGGCA,0,4112604
yacCp,0.5,1,1,CTCGCTTTTTGTCTGGGTGA,0,4105860
yacCp,0.5,1,1,CTCGAGAGCCCGTCTACTGT,0,4094333
yacCp,0.5,1,1,CTCCTGGCCGAATGTGACTG,0,4088245
yacCp,0.5,1,1,CTCCCGACCCGGCCCGTTGC,0,4091315
yacCp,0.5,1,1,CTCCATACTGATTGAACGGC,0,4107260
yacCp,0.5,1,1,CTCAAGGGTATTCCCGCCAC,0,4097836
yacCp,0.5,1,1,CTCAACGTCCTGTCCGTTTT,0,4097541
yacCp,0.5,1,1,CTATTATCGGCCTAAAACAT,0,4096388
yacCp,0.5,1,1,CTATGGTCCGACGTTAATAG,0,4105342
yacCp,0.5,1,1,CTATGAGGGACCTTAATTGC,0,4082803
yacCp,0.5,1,1,CTATCTAGCGGGGCAGCCGT,0,4108627
yacCp,0.5,1,1,CTATCGATCCGACCGTTATC,0,4083346
yacCp,0.5,1,1,CTATCCTTCATTGGGGGCCT,0,4105804
yacCp,0.5,1,1,CTAGTGATTCGATGGTATCT,0,4108933
yacCp,0.5,1,1,CTAGGGCCTCCCGAAATTGT,0,4107736
yacCp,0.5,1,1,CTAGATCTCGGGAGTCTGCT,0,4084903
yacCp,0.5,1,1,CTAGACCGCCCATAGCTGAA,0,4084516
yacCp,0.5,1,1,CTACTAGCATCCGGATGACT,0,4109063
yacCp,0.5,1,1,CTACCAACCGCACCTCTAGG,0,4087606
yacCp,0.5,1,1,CTACAGTCCGGCTGCCTTTC,0,4095958
yacCp,0.5,1,1,CTACAGATGATTTTGGCTCA,0,4104690
yacCp,0.5,1,1,CTAATTAAAATGGTAGTTAT,0,4100311
yacCp,0.5,1,1,CTAATGTACGTGCGGGCAGC,0,4103146
yacCp,0.5,1,1,CTAATACATGTCGCTGCCTT,0,4110717
yacCp,0.5,1,1,CTAAACAACAGGGCTGATGC,0,4082339
yacCp,0.5,1,1,CGTTTACGGTAGGGAGTATG,0,4090853
yacCp,0.5,1,1,CGTTGAAATTTACACATACA,0,4096391
yacCp,0.5,1,1,CGTTATACTCAACCGCATAA,0,4106742
yacCp,0.5,1,1,CGTGGGGACATGTCTTCATA,0,4097837
yacCp,0.5,1,1,CGTGGATGCGGTAGACGGTC,0,4106933
yacCp,0.5,1,1,CGTCTCATATGTGCCGTCTC,0,4092190
yacCp,0.5,1,1,CGTATTGCGGACGCACCTCT,0,4083057
yacCp,0.5,1,1,CGTACACGCAGAAGCGACCA,0,4089487
yacCp,0.5,1,1,CGTAAACACGGGCAGATCAT,0,4108273
yacCp,0.5,1,1,CGGTTAGGAAGGTACTAATC,0,4105405
yacCp,0.5,1,1,CGGTTAAACGGTGACTTCCT,0,4085141
yacCp,0.5,1,1,CGGTCGGGAGCTTATTGATG,0,4091734
yacCp,0.5,1,1,CGGTCCGGACTTATACGAAC,0,4109964
yacCp,0.5,1,1,CGGGTTATGTTGAACGACGC,0,4102908
yacCp,0.5,1,1,CGGGGCTCACTTCAGCGGTA,0,4080875
yacCp,0.5,1,1,CGGGCCGGTCTGCGTCGCGG,0,4085375
yacCp,0.5,1,1,CGGGCATAATGGAGCAGTCT,0,4109183
yacCp,0.5,1,1,CGGGATCGGTCAAGGTCCGT,0,4103018
yacCp,0.5,1,1,CGGGAATGACTCGAGAGGTC,0,4103318
yacCp,0.5,1,1,CGGCGGTTTCAAATTTTTTA,0,4095503
yacCp,0.5,1,1,CGGCCTATTTGGTTCTAAGA,0,4091744
yacCp,0.5,1,1,CGGCCGCCGGAATTCTCCTT,0,4083520
yacCp,0.5,1,1,CGGCAATCGGTCTTGCACGG,0,4103205
yacCp,0.5,1,1,CGGATTTGACTGGCACTCAA,0,4098161
yacCp,0.5,1,1,CGGATGAACAATTCTAGACC,0,4097040
yacCp,0.5,1,1,CGGAGTTTCCCACGCCTTGA,0,4105761
yacCp,0.5,1,1,CGGAGCTGAGTGACGCCTAC,0,4094565
yacCp,0.5,1,1,CGGAGCGCTCATTTTGCCAC,0,4111009
yacCp,0.5,1,1,CGGACTGGCTTTAATGAACA,0,4105739
yacCp,0.5,1,1,CGGACTCAGCGGCGTTAAAA,0,4097829
yacCp,0.5,1,1,CGCTTATTAGGCCCTTGATT,0,4089437
yacCp,0.5,1,1,CGCTGGATAAACGGTTTGAA,0,4084084
yacCp,0.5,1,1,CGCTCATAAAACAAATCCAA,0,4096021
yacCp,0.5,1,1,CGCGTCTCGAGGGTAACGGT,0,4090173
yacCp,0.5,1,1,CGCGTAAACTAAACACAGCG,0,4092574
yacCp,0.5,1,1,CGCGGTAAACAGGACCAATA,0,4082042
yacCp,0.5,1,1,CGCGGAAAACATGCTCTACT,0,4104583
yacCp,0.5,1,1,CGCGAGACATGGCTGTTAGG,0,4101411
yacCp,0.5,1,1,CGCGAACATGAACCCACATT,0,4099944
yacCp,0.5,1,1,CGCCTTTCTTTGAGTAATCC,0,4111245
yacCp,0.5,1,1,CGCCGGGGCGTTCTCCGGGT,0,4101860
yacCp,0.5,1,1,CGCCGATTTCACTATTTATA,0,4082778
yacCp,0.5,1,1,CGCCGAACACAATGGCCTTG,0,4102118
yacCp,0.5,1,1,CGCCCGCAAATTGATGACGT,0,4101160
yacCp,0.5,1,1,CGCCCCCAAATAGCATGTCT,0,4105424
yacCp,0.5,1,1,CGCCAGGGCTTCGCGCAGTA,0,4105485
yacCp,0.5,1,1,CGCAATCCCGATGTAAGATC,0,4109235
yacCp,0.5,1,1,CGCAACACTGTAAGTCGCAT,0,4084340
yacCp,0.5,1,1,CGCAAAACGGAATATGCTAT,0,4092783
yacCp,0.5,1,1,CGATTAGCGTAGAAACCTAG,0,4094570
yacCp,0.5,1,1,CGATCATCTATTGACCCGGA,0,4105066
yacCp,0.5,1,1,CGAGAGGCACTCTAGTGCCA,0,4107551
yacCp,0.5,1,1,CGAGAGCCATGTATTCGTCG,0,4079979
yacCp,0.5,1,1,CGACTGTCGAAGGCTAGAGG,0,4082736
yacCp,0.5,1,1,CGACTACTGCGTGAGCACCA,0,4087263
yacCp,0.5,1,1,CGAATATTCAAAGAATGAAA,0,4107423
yacCp,0.5,1,1,CGAATAATTGGATCGTGCGA,0,4080989
yacCp,0.5,1,1,CGAACACAAGATGGATAGAT,0,4078600
yacCp,0.5,1,1,CGAACACAACGTTGTTCTTT,0,4095532
yacCp,0.5,1,1,CCTTTTTGGACCGTGAGCTC,0,4109946
yacCp,0.5,1,1,CCTTTGACCCTCGTCCGGGA,0,4103430
yacCp,0.5,1,1,CCTTTCGGGCGGAAGTGCGG,0,4082547
yacCp,0.5,1,1,CCTTCTGCGTTGCCGTGACC,0,4084361
yacCp,0.5,1,1,CCTTCTCACGGCATTACTAT,0,4092924
yacCp,0.5,1,1,CCTTCAGCAGTAAGAAGAGG,0,4080102
yacCp,0.5,1,1,CCTTATAAGAGCAGACGTTA,0,4086610
yacCp,0.5,1,1,CCTGAGGCCTACATTTAGCA,0,4084738
yacCp,0.5,1,1,CCTCTACTCAACGACGAGAA,0,4083528
yacCp,0.5,1,1,CCTCGCGGACAGATACGACC,0,4102122
yacCp,0.5,1,1,CCTCAGGAGCGCCTCAACGC,0,4112711
yacCp,0.5,1,1,CCTATGAGCAATGCTTGAAA,0,4082637
yacCp,0.5,1,1,CCTATATGTTTTCTGGTCGT,0,4080894
yacCp,0.5,1,1,CCTATATCCTACGAGTAAAA,0,4095888
yacCp,0.5,1,1,CCTACGCTAGCGGCACTTTT,0,4088507
yacCp,0.5,1,1,CCTAAATACTGCTTAGCCTC,0,4083492
yacCp,0.5,1,1,CCGTTAGCAAGGGTGGGATC,0,4096317
yacCp,0.5,1,1,CCGTCTATAAGTTTTGGCTT,0,4081284
yacCp,0.5,1,1,CCGGTCCCGGACGATGGAGG,0,4108195
yacCp,0.5,1,1,CCGGCATCCCCCTGCTGCGA,0,4087521
yacCp,0.5,1,1,CCGGACATAAAGGGGGCAAG,0,4086703
yacCp,0.5,1,1,CCGCTGTCCCGAAATGCATG,0,4084265
yacCp,0.5,1,1,CCGCGGTGACTCGTAGAGTT,0,4086639
yacCp,0.5,1,1,CCGCGCCGACGTAGCAAGCT,0,4084090
yacCp,0.5,1,1,CCGCATGACTCGCGGGACTT,0,4109876
yacCp,0.5,1,1,CCGATTAGGCCGTGCGCTCA,0,4111327
yacCp,0.5,1,1,CCGATGGGGCCGGAGCGAAA,0,4091641
yacCp,0.5,1,1,CCGATCCACCAGCGGCGTGG,0,4103316
yacCp,0.5,1,1,CCGAGATCCAGGCACATCTG,0,4080925
yacCp,0.5,1,1,CCCTTTAATTCCAGCCCTAG,0,4081656
yacCp,0.5,1,1,CCCTGACGGCGGTCAGGGCT,0,4080201
yacCp,0.5,1,1,CCCTCTTACGACGCGTTTCC,0,4086428
yacCp,0.5,1,1,CCCTCATTAGGACAACTGGT,0,4110628
yacCp,0.5,1,1,CCCTACGCGTTTGACGCTAG,0,4084202
yacCp,0.5,1,1,CCCTACCCGTGATTGATGGT,0,4089236
yacCp,0.5,1,1,CCCGCATATGTACAGATTGA,0,4082697
yacCp,0.5,1,1,CCCCTGTGCTTTTGCCTGTT,0,4079904
yacCp,0.5,1,1,CCCCTCGCCGGATTCATATG,0,4098029
yacCp,0.5,1,1,CCCCCGGTTGGATGTGCTGT,0,4107663
yacCp,0.5,1,1,CCCCAGCATCTGCACGATAA,0,4087623
yacCp,0.5,1,1,CCCCAGCAACCTCCCAGCAA,0,4090389
yacCp,0.5,1,1,CCCATGCTAATTACGAGACA,0,4083343
yacCp,0.5,1,1,CCCAGGCGTCATGCAAAAAC,0,4098417
yacCp,0.5,1,1,CCCAGAAGATCCCGTTGTTA,0,4102095
yacCp,0.5,1,1,CCCACTCGGTATTCGGTAAT,0,4099166
yacCp,0.5,1,1,CCATTACTTTCTGTGATAGC,0,4102836
yacCp,0.5,1,1,CCATGATTCCCCCTAGTAAG,0,4107770
yacCp,0.5,1,1,CCATATGAAGTGTCTTCAGG,0,4096440
yacCp,0.5,1,1,CCAGTCCTTCAGTCGAAGAG,0,4082849
yacCp,0.5,1,1,CCAGGAGGCATCGACCATAT,0,4105177
yacCp,0.5,1,1,CCAGAAATCCGTAAGTTGTA,0,4101511
yacCp,0.5,1,1,CCACCCCCCACCTAGCGCTG,0,4094410
yacCp,0.5,1,1,CCACCATGATTTGGCCATAA,0,4111501
yacCp,0.5,1,1,CCACACCACTTTTCATGAAT,0,4086758
yacCp,0.5,1,1,CCAATGAAGATCAGTTGAAG,0,4088262
yacCp,0.5,1,1,CCAAGTATATTTTCGACGGC,0,4100241
yacCp,0.5,1,1,CCAAGATCGTCAACACTCTG,0,4087861
yacCp,0.5,1,1,CCAACGAGGACACCGTTAAT,0,4079475
yacCp,0.5,1,1,CCAACGACCTGTTCCAGGCT,0,4087434
yacCp,0.5,1,1,CCAACCTAAATGGGCCTTGC,0,4093916
yacCp,0.5,1,1,CCAAACCGGTGGACTCATCT,0,4101055
yacCp,0.5,1,1,CCAAAATGTGCCAAGAGGGG,0,4088677
yacCp,0.5,1,1,CATTTGGGGTGGACTCGTAA,0,4102829
yacCp,0.5,1,1,CATTTCAGTAAAGTATGGGT,0,4096754
yacCp,0.5,1,1,CATTGGGAGCCTGGGGCACA,0,4105403
yacCp,0.5,1,1,CATTCGACGAGATCTTGAAA,0,4092420
yacCp,0.5,1,1,CATTACACCTCCGGACTTGC,0,4112396
yacCp,0.5,1,1,CATGCCCAGCCTTACGCATA,0,4097324
yacCp,0.5,1,1,CATCAATCATCGTGGATGGA,0,4089287
yacCp,0.5,1,1,CATATGTAAAACCGCACATG,0,4109614
yacCp,0.5,1,1,CATATCACCCTTTCGGCGTC,0,4107847
yacCp,0.5,1,1,CATAGCCGAATCATTCAGGA,0,4096045
yacCp,0.5,1,1,CATACCTAGGTTCAGTTTCG,0,4104111
yacCp,0.5,1,1,CATACACTTACCCCAGCACG,0,4084138
yacCp,0.5,1,1,CATAAGATTAATCCAGGGTA,0,4098162
yacCp,0.5,1,1,CATAAAAGTCTGCGCCAATA,0,4105283
yacCp,0.5,1,1,CAGTGTCGATTCCATGTTCC,0,4101180
yacCp,0.5,1,1,CAGTCACCCCCTAGAGGTGC,0,4109473
yacCp,0.5,1,1,CAGGTGTGGCAATGTCTGGG,0,4110015
yacCp,0.5,1,1,CAGGGGTTTAAGGAGACATG,0,4081025
yacCp,0.5,1,1,CAGGGCTAGGCGAACTCCAC,0,4098119
yacCp,0.5,1,1,CAGGGCCTGGGGCAACCATG,0,4083170
yacCp,0.5,1,1,CAGGGAGGCTTTCCGGTGTT,0,4109290
yacCp,0.5,1,1,CAGGGAAAGGATTCCAGAAC,0,4105218
yacCp,0.5,1,1,CAGGAGGTTTCGCAGGTCAG,0,4090839
yacCp,0.5,1,1,CAGGAAATGTTTCCTATGGT,0,4100000
yacCp,0.5,1,1,CAGCTTAGTAGCAGAATTCA,0,4108150
yacCp,0.5,1,1,CAGCCTATTGTAGGGTACCC,0,4102027
yacCp,0.5,1,1,CAGCCTATAATTAGCACTGG,0,4097007
yacCp,0.5,1,1,CAGCAGTTCCTTGCAGCAGG,0,4101550
yacCp,0.5,1,1,CAGATTGCAACGCCACATAG,0,4092365
yacCp,0.5,1,1,CACTGAACGTTGGGAATCTA,0,4079388
yacCp,0.5,1,1,CACGTAATGTCGTGGAGGAC,0,4100288
yacCp,0.5,1,1,CACGGGATGTGTTATTCAGA,0,4100936
yacCp,0.5,1,1,CACGACTAACTAATTGCTCC,0,4107856
yacCp,0.5,1,1,CACGAACCTAGCTGCGAAAC,0,4102299
yacCp,0.5,1,1,CACCGATTGCCCGAACCGGT,0,4083351
yacCp,0.5,1,1,CACACCCACCTAGACCGGGG,0,4079759
yacCp,0.5,1,1,CACAACTGCCAGCACAAAAC,0,4082592
yacCp,0.5,1,1,CAATTGTAGTGGTAGGATTT,0,4094060
yacCp,0.5,1,1,CAATTAAACTCTGACATATC,0,4108344
yacCp,0.5,1,1,CAATATTCCAAGCCCCGCTT,0,4081408
yacCp,0.5,1,1,CAATACGACGGCTGTTTCCG,0,4097540
yacCp,0.5,1,1,CAATAAGTATGGTCTGGGAT,0,4095575
yacCp,0.5,1,1,CAACTCCAGGTTACCCTCCG,0,4078644
yacCp,0.5,1,1,CAACGTATGGATCAAGGTAC,0,4080929
yacCp,0.5,1,1,CAACCGGTTATAGATGACAC,0,4103805
yacCp,0.5,1,1,CAACAACTAAGGGGGATGAA,0,4107310
yacCp,0.5,1,1,CAAATGTTCGTATTTCGTCC,0,4087922
yacCp,0.5,1,1,CAAATGAAAGATTGGTATTA,0,4090896
yacCp,0.5,1,1,CAAAGGGAGTAACAAAACAT,0,4100344
yacCp,0.5,1,1,ATTTGATGTGTCAAGTGAGG,0,4081223
yacCp,0.5,1,1,ATTCTAGGTACCAAGCGAAA,0,4100818
yacCp,0.5,1,1,ATTCTACGGAAGGAAATCGG,0,4101644
yacCp,0.5,1,1,ATTCGAACGGAGCAACTCGT,0,4095231
yacCp,0.5,1,1,ATTCCGGGGTCCTGGGTTAA,0,4079319
yacCp,0.5,1,1,ATTCACCAATAATGTCAACC,0,4101854
yacCp,0.5,1,1,ATTATGCGTAGTGGAACTAG,0,4110380
yacCp,0.5,1,1,ATTATGAATGAAGCGAATAG,0,4108502
yacCp,0.5,1,1,ATTATCCAGCAGAAGCTTCT,0,4104662
yacCp,0.5,1,1,ATTACGTGCGTGGGCGGCTC,0,4090803
yacCp,0.5,1,1,ATTACCCAGTTCTAATGCCT,0,4085493
yacCp,0.5,1,1,ATGTTTCCGTAAACGTCATC,0,4083469
yacCp,0.5,1,1,ATGTTATAATGTCATATGGA,0,4095105
yacCp,0.5,1,1,ATGTGGTATTCGTCACCAGT,0,4082232
yacCp,0.5,1,1,ATGTGGTAATGGTAATGGTA,0,4080510
yacCp,0.5,1,1,ATGTCTTGACGATCCACCGG,0,4087028
yacCp,0.5,1,1,ATGTCTATGAAGAGTCGGGT,0,4079815
yacCp,0.5,1,1,ATGTCAAATAAATAGGCAGA,0,4090995
yacCp,0.5,1,1,ATGGTGGAGGCGGTGCCTAG,0,4099640
yacCp,0.5,1,1,ATGGTCTGGGCTGGTCAGAT,0,4104178
yacCp,0.5,1,1,ATGGTCGTGTATTGGGGTCT,0,4111176
yacCp,0.5,1,1,ATGGGTGCTTTGGCATCATT,0,4082549
yacCp,0.5,1,1,ATGGCTCCTCCTGTGCCGTC,0,4097549
yacCp,0.5,1,1,ATGGCCTGGGTCCTCTCATA,0,4101412
yacCp,0.5,1,1,ATGGCCTAGTCGAAAGATTT,0,4107012
yacCp,0.5,1,1,ATGGCATTTAGGGTTCATTT,0,4084739
yacCp,0.5,1,1,ATGGCATGAGTGACTCAAAG,0,4098244
yacCp,0.5,1,1,ATGGCACTATAGTTGTCTCG,0,4110256
yacCp,0.5,1,1,ATGCTAGTCACCACGTGCCC,0,4096130
yacCp,0.5,1,1,ATGCCGGACCACTCTGCAAT,0,4099077
yacCp,0.5,1,1,ATGCAGGTTTGGTTTCTGGC,0,4092087
yacCp,0.5,1,1,ATGCAAAATGAGCACTCGAT,0,4089813
yacCp,0.5,1,1,ATGATGACTGGGTATGAGAG,0,4083899
yacCp,0.5,1,1,ATGACTACATTAGACCAGCT,0,4100930
yacCp,0.5,1,1,ATGAATTAAGCTCCTAACAT,0,4086551
yacCp,0.5,1,1,ATGAATGATGCGAGTCAGAG,0,4089396
yacCp,0.5,1,1,ATGAAATTTGATCCAAATCG,0,4097555
yacCp,0.5,1,1,ATCTTTGCTGTATTCCTAAA,0,4081870
yacCp,0.5,1,1,ATCTTCTTGCACGTTTGAAT,0,4089977
yacCp,0.5,1,1,ATCTCTCCCAATCGGGTGGC,0,4091257
yacCp,0.5,1,1,ATCTATAGACAAGGATTTCC,0,4080463
yacCp,0.5,1,1,ATCTAGCTCGGGTCTTTCCC,0,4090499
yacCp,0.5,1,1,ATCTACGTGATACGCCAACA,0,4106466
yacCp,0.5,1,1,ATCGGTTGGCTTCCGTTGCT,0,4082718
yacCp,0.5,1,1,ATCGGATGTGTCATTAAGTT,0,4084088
yacCp,0.5,1,1,ATCGATTACTCAGCTTTTTA,0,4081621
yacCp,0.5,1,1,ATCCTTCAACCGGCCTGAAG,0,4094946
yacCp,0.5,1,1,ATCCGTATATTCGCCTTGGG,0,4109779
yacCp,0.5,1,1,ATCCGAACTGTACACCTTGT,0,4103460
yacCp,0.5,1,1,ATCCCGTAATGGCGTCAGCA,0,4088298
yacCp,0.5,1,1,ATCCCGGGCCGGCAAGCATC,0,4080973
yacCp,0.5,1,1,ATCCCACAGAACTAAGTTAA,0,4106809
yacCp,0.5,1,1,ATCCAGCGTACCACGCATAA,0,4106647
yacCp,0.5,1,1,ATCATACATCGGAACCTAGG,0,4086171
yacCp,0.5,1,1,ATCAGGGTTGGAAGATGGGT,0,4099244
yacCp,0.5,1,1,ATCACATTAAGAGTCATTCG,0,4102826
yacCp,0.5,1,1,ATCAATAGATACGGCGTGGA,0,4085851
yacCp,0.5,1,1,ATCAAAGTTGTATTCTTGTC,0,4079337
yacCp,0.5,1,1,ATATCGTATCAAAAGGGGAC,0,4105263
yacCp,0.5,1,1,ATAGTCAGCACTGGCCCCGA,0,4087716
yacCp,0.5,1,1,ATAGGAACTCTGTGAGTACA,0,4079619
yacCp,0.5,1,1,ATAGCAGTAACAAAGTAGCT,0,4101975
yacCp,0.5,1,1,ATAGAACCTGTAGTCTTGTT,0,4095971
yacCp,0.5,1,1,ATAGAAACAACGGGTAGTGA,0,4111407
yacCp,0.5,1,1,ATACTTAGGATGGGCGTCAA,0,4107853
yacCp,0.5,1,1,ATACTCTCGTAGATACCAAA,0,4103517
yacCp,0.5,1,1,ATACCCTTCTCGAGACTACT,0,4093028
yacCp,0.5,1,1,ATACCAGTTTCTGGGTCCGA,0,4104478
yacCp,0.5,1,1,ATACATAGTTTAGACGGCGT,0,4105045
yacCp,0.5,1,1,ATAATGTGGACAGCAAGATT,0,4090725
yacCp,0.5,1,1,ATAATAGAAGAGCCCATACG,0,4095425
yacCp,0.5,1,1,ATAAGATCGGGTCACTTACC,0,4087165
yacCp,0.5,1,1,ATAACTCCCCGGGGTCTAAG,0,4083593
yacCp,0.5,1,1,ATAACGTGCGTGGGCACCCT,0,4088158
yacCp,0.5,1,1,ATAAATCCACATAGCCCAGA,0,4095444
yacCp,0.5,1,1,ATAAAGAGCAATATAACTTG,0,4111248
yacCp,0.5,1,1,AGTTTTGTTGGACACTGAGT,0,4080934
yacCp,0.5,1,1,AGTTCCAGAGGGCAGGATGG,0,4080598
yacCp,0.5,1,1,AGTTAGGCCCGTCTCCCCCC,0,4100882
yacCp,0.5,1,1,AGTGATACGGTCTCATTTGT,0,4098202
yacCp,0.5,1,1,AGTGACGGAGTCGGCTTCAC,0,4079262
yacCp,0.5,1,1,AGTCTTCTATGGCTCCGCCG,0,4099175
yacCp,0.5,1,1,AGTCTAACATAATATATAGG,0,4088377
yacCp,0.5,1,1,AGTCGGCTAGGTGGTATGAT,0,4112492
yacCp,0.5,1,1,AGTCAGTTAGGAAGGGATCA,0,4112207
yacCp,0.5,1,1,AGTCACGCTTATGAACATTG,0,4084856
yacCp,0.5,1,1,AGTATTGCAAGCTTTATGGC,0,4099502
yacCp,0.5,1,1,AGTATCATCTACCCCAGACA,0,4078541
yacCp,0.5,1,1,AGTATCAGCTCGACATTCTC,0,4083306
yacCp,0.5,1,1,AGTACAGCGCTACTAGCCAG,0,4089248
yacCp,0.5,1,1,AGTAACTGCATATGAAATTT,0,4107833
yacCp,0.5,1,1,AGGTGCGTTTTCCCCGTAGA,0,4080031
yacCp,0.5,1,1,AGGTCGCCGATAGGTGAAAC,0,4088631
yacCp,0.5,1,1,AGGTATAGATTGAATCCAAT,0,4104308
yacCp,0.5,1,1,AGGTAGCGCGATCAGAGATG,0,4078420
yacCp,0.5,1,1,AGGTAGACTACAATGGCCTG,0,4090020
yacCp,0.5,1,1,AGGTACAGGCTGCGCGCAGG,0,4094852
yacCp,0.5,1,1,AGGGGTTAGGGGCTAATGAT,0,4088617
yacCp,0.5,1,1,AGGGGCGGCGGTGGACGAAT,0,4111184
yacCp,0.5,1,1,AGGGGACAGGTAGATGGCCA,0,4079426
yacCp,0.5,1,1,AGGGCCTCCGAATTTACGAC,0,4103144
yacCp,0.5,1,1,AGGGATCATCCGTACTGAGA,0,4098790
yacCp,0.5,1,1,AGGCTTTAGATCAATACCAG,0,4106709
yacCp,0.5,1,1,AGGCTGTGATCAACACAAGG,0,4080336
yacCp,0.5,1,1,AGGCGCTACACCCCTTAGCC,0,4103442
yacCp,0.5,1,1,AGGCCTGGCTATCCTCTGTG,0,4096128
yacCp,0.5,1,1,AGGCCCGCCGGCAACATATA,0,4111778
yacCp,0.5,1,1,AGGAGTACTGTTCATAAAAA,0,4092922
yacCp,0.5,1,1,AGGAAATTAAGGAGTCCCCG,0,4094613
yacCp,0.5,1,1,AGGAAAGTCCCTATCCTAGT,0,4094277
yacCp,0.5,1,1,AGCTGGGATGTTTTCCGGGT,0,4108461
yacCp,0.5,1,1,AGCTGCTAGTAAGCTCCATT,0,4078915
yacCp,0.5,1,1,AGCTGCGACACTGCCCCAAC,0,4086437
yacCp,0.5,1,1,AGCGTCTAGAAAGATGTTAG,0,4106771
yacCp,0.5,1,1,AGCGGTTATTACAAAGGGAA,0,4110064
yacCp,0.5,1,1,AGCGGGGGGATAATGCCATC,0,4093497
yacCp,0.5,1,1,AGCGCTTGTAGATCTCACGG,0,4086738
yacCp,0.5,1,1,AGCGCGACCCCACATTCTCG,0,4112215
yacCp,0.5,1,1,AGCGCCTGCTGGCCGGGTAT,0,4095684
yacCp,0.5,1,1,AGCGCCGGTATGCCCACAGT,0,4100052
yacCp,0.5,1,1,AGCCGTTCGCGTCAATGGTT,0,4083276
yacCp,0.5,1,1,AGCCGTATGCCTCACACCGA,0,4103972
yacCp,0.5,1,1,AGCCGAGCATAGACTGTCGT,0,4086613
yacCp,0.5,1,1,AGCCCCGTTTCTCTTATTAT,0,4094406
yacCp,0.5,1,1,AGCCCAATGACCTCCTACCA,0,4111058
yacCp,0.5,1,1,AGCCACACGCTGATCGTACA,0,4101167
yacCp,0.5,1,1,AGCCAAAAAATGAATTATGT,0,4078834
yacCp,0.5,1,1,AGCATGTCGGTTGACATAGT,0,4104143
yacCp,0.5,1,1,AGCATCCGGGGGTATACTTT,0,4111460
yacCp,0.5,1,1,AGCAGGACTCCGGAGGGCCG,0,4092009
yacCp,0.5,1,1,AGCAGCCGTCATTATGCGTC,0,4105561
yacCp,0.5,1,1,AGCAGATCGTGATACGTGCC,0,4107775
yacCp,0.5,1,1,AGCAAGAACGGAATCCGAAC,0,4094127
yacCp,0.5,1,1,AGCAACAAAATGTGCTAATT,0,4095171
yacCp,0.5,1,1,AGATGGCCATGCCTACCAAA,0,4105954
yacCp,0.5,1,1,AGATCTAGCTGCAGTAGGTG,0,4109045
yacCp,0.5,1,1,AGAGTTGCATCACCCCACTT,0,4084718
yacCp,0.5,1,1,AGAGGCTTCCATCTTAGGGA,0,4096543
yacCp,0.5,1,1,AGACTCCTTTCTAGGCCGCT,0,4100840
yacCp,0.5,1,1,AGACGGCTGGGATCACTAAA,0,4102322
yacCp,0.5,1,1,AGACGAGGGGCAGTGTATGT,0,4102261
yacCp,0.5,1,1,AGACGAGCTGGTCGCGTGGC,0,4078580
yacCp,0.5,1,1,AGACCTCCCGGCCCCACCAC,0,4106040
yacCp,0.5,1,1,AGACCTCAATATAAAAGCTT,0,4097448
yacCp,0.5,1,1,AGACAAGCAACTTGATCCAC,0,4107174
yacCp,0.5,1,1,AGAATCAATTTTTTCTAAGC,0,4095660
yacCp,0.5,1,1,AGAAGGCTCATGACCGTAGA,0,4080110
yacCp,0.5,1,1,AGAACTGCCGGGTCTTTTCT,0,4094639
yacCp,0.5,1,1,AGAACCTTTCTATCGGGACG,0,4083264
yacCp,0.5,1,1,AGAAATGGCTCTCCTTAGGG,0,4080049
yacCp,0.5,1,1,AGAAACACGTTGAAGTACGA,0,4100725
yacCp,0.5,1,1,AGAAAAGACTTTGACGTAAG,0,4101707
yacCp,0.5,1,1,ACTTTGTCTACAACCTTGCT,0,4109829
yacCp,0.5,1,1,ACTTTCTCCGATTCCTAGGG,0,4093230
yacCp,0.5,1,1,ACTTTCCCGATCGCGCCCGC,0,4098690
yacCp,0.5,1,1,ACTTTATACGCTCTCGTCCT,0,4089494
yacCp,0.5,1,1,ACTTGGTGATATTCACGTAT,0,4107507
yacCp,0.5,1,1,ACTTGCATATTCGACGCTTC,0,4097622
yacCp,0.5,1,1,ACTTATAATGAAGTGCAAGA,0,4094578
yacCp,0.5,1,1,ACTTAGAGGTGATTTCTTCA,0,4108584
yacCp,0.5,1,1,ACTGAATATATCTGCTCTGA,0,4083470
yacCp,0.5,1,1,ACTCTCATTTGGTAACGCCT,0,4103463
yacCp,0.5,1,1,ACTCTAGGAAACCCAAGCCA,0,4099578
yacCp,0.5,1,1,ACTCCTTGAGTGTGTCGAAC,0,4102751
yacCp,0.5,1,1,ACTCCGCGATTATACAGGGC,0,4096205
yacCp,0.5,1,1,ACTATAATTAATGCAGGAGC,0,4094896
yacCp,0.5,1,1,ACTAGGATGTATTAACGATG,0,4088238
yacCp,0.5,1,1,ACTACTCGACTTCGCATCGA,0,4097873
yacCp,0.5,1,1,ACTACAGTACGCGCTGTAAC,0,4103251
yacCp,0.5,1,1,ACGTGAACCGTGTGTTGGCT,0,4092199
yacCp,0.5,1,1,ACGTCGGGGGTATGCGATTG,0,4107454
yacCp,0.5,1,1,ACGTCCAATTCCGGGACGCC,0,4107556
yacCp,0.5,1,1,ACGTCATCCGGGGGATCGCC,0,4079244
yacCp,0.5,1,1,ACGTCACGACCGTGTATCTC,0,4086996
yacCp,0.5,1,1,ACGGTTTCTACCACCTCCAA,0,4103785
yacCp,0.5,1,1,ACGGTGGAACATACCGATCC,0,4111112
yacCp,0.5,1,1,ACGGTCGTGTCTCTCGATCG,0,4082753
yacCp,0.5,1,1,ACGGTCCGGGGGGGTTTTAG,0,4098149
yacCp,0.5,1,1,ACGGTAAAGTTTAGGGAGTA,0,4085052
yacCp,0.5,1,1,ACGGGTTTTAAATTGGGCCA,0,4103119
yacCp,0.5,1,1,ACGGGAATAGGTTCGAGATT,0,4101661
yacCp,0.5,1,1,ACGGAGCGTATGGACACGCC,0,4081486
yacCp,0.5,1,1,ACGCTTGTCAAGCGCACAGT,0,4105783
yacCp,0.5,1,1,ACGCGTATAGTAATGTTGTT,0,4086999
yacCp,0.5,1,1,ACGCAGTCAACACGTTGGGG,0,4100464
yacCp,0.5,1,1,ACGATTTATCTCTAGGTGTA,0,4084714
yacCp,0.5,1,1,ACGAGTGGCATCATAATTTC,0,4111980
yacCp,0.5,1,1,ACGAGGCTCCCCATTTAGAG,0,4094762
yacCp,0.5,1,1,ACGAGAGGAAAGCATGGATC,0,4081154
yacCp,0.5,1,1,ACGAATGAGCGACCTGGGAA,0,4087670
yacCp,0.5,1,1,ACGAATAGCCCAATGTGGCC,0,4108556
yacCp,0.5,1,1,ACCTTCTCCGGCTCCAGGAA,0,4087931
yacCp,0.5,1,1,ACCTTATATTTGTTCTCTCG,0,4108717
yacCp,0.5,1,1,ACCTGGCAGGTCACGCCCTC,0,4080396
yacCp,0.5,1,1,ACCGTTAGTGTATGGTAAAT,0,4088810
yacCp,0.5,1,1,ACCGTGTACAGTATCCAGCC,0,4096636
yacCp,0.5,1,1,ACCGTAGGTTATGAAGTGCG,0,4084021
yacCp,0.5,1,1,ACCGGGTTATCGACGTGTAA,0,4104278
yacCp,0.5,1,1,ACCGCTCTAATGCGGACCGA,0,4104988
yacCp,0.5,1,1,ACCGACATATGCGTCTCTGG,0,4081376
yacCp,0.5,1,1,ACCCCTTGCAAGTAGCACCC,0,4078444
yacCp,0.5,1,1,ACCATTGGAGAATCCGGTGG,0,4099973
yacCp,0.5,1,1,ACCATACGAAGTGTCGTCGT,0,4103588
yacCp,0.5,1,1,ACCATAATGTTGGATACAAC,0,4090840
yacCp,0.5,1,1,ACCATAAAGGCTCTTGGGCG,0,4091117
yacCp,0.5,1,1,ACCAACCTGCGACGTGACGG,0,4098459
yacCp,0.5,1,1,ACATGTATAAGGGTTGCCTT,0,4108370
yacCp,0.5,1,1,ACATGATACTGCTGGTGATT,0,4112899
yacCp,0.5,1,1,ACATACATCGAGTTGCATGG,0,4102234
yacCp,0.5,1,1,ACATAAACATGCGTTCGGGA,0,4082817
yacCp,0.5,1,1,ACAGTTCCTTAACCAACTTG,0,4092438
yacCp,0.5,1,1,ACAGGGTGGTGGCTGCGCGA,0,4093402
yacCp,0.5,1,1,ACAGGACGATGATCATACCG,0,4107537
yacCp,0.5,1,1,ACAGCTAGTTGCTATCGGAC,0,4109840
yacCp,0.5,1,1,ACACTGAGTTGATCCGGAAA,0,4094383
yacCp,0.5,1,1,ACACGGGGACGATAAATGAT,0,4092384
yacCp,0.5,1,1,ACACGCGGTACGTCCTGAAC,0,4093503
yacCp,0.5,1,1,ACACCTCCCGCTCGGTTGCA,0,4104048
yacCp,0.5,1,1,ACACCGGAAATTCCGAATGC,0,4100108
yacCp,0.5,1,1,ACAATCACGTGCATGTGTTG,0,4110612
yacCp,0.5,1,1,ACAAGAACGCGAGCTAAGAA,0,4085604
yacCp,0.5,1,1,ACAACAGTGGGCTTTTGTAA,0,4109923
yacCp,0.5,1,1,ACAAATAGTTGTGTTCGACT,0,4102961
yacCp,0.5,1,1,AATTTGGGCTGGTGCAGCGA,0,4105717
yacCp,0.5,1,1,AATTTGAGTGCGACTAGGTG,0,4091992
yacCp,0.5,1,1,AATTGCAGGAGGAATATGTT,0,4108878
yacCp,0.5,1,1,AATGTGCTATCCATAGCAAC,0,4080017
yacCp,0.5,1,1,AATGTATGGGACTACGTTCA,0,4109624
yacCp,0.5,1,1,AATGCCTGGACGAAGGTGGT,0,4101629
yacCp,0.5,1,1,AATGCCACTTTTGGCGCAAC,0,4095769
yacCp,0.5,1,1,AATGCACTATAGTAGTGGAA,0,4080828
yacCp,0.5,1,1,AATCTTCAGTGGCTGTTGTG,0,4087310
yacCp,0.5,1,1,AATCGTCTTTGTATGGCGGG,0,4104298
yacCp,0.5,1,1,AATCACACTGATATCTGTAC,0,4095831
yacCp,0.5,1,1,AATATGTAGCTAGTTAGGCG,0,4079853
yacCp,0.5,1,1,AATAGGTGATTAACTTGGCT,0,4079533
yacCp,0.5,1,1,AATACCGGGCAAGAGCTCCC,0,4079798
yacCp,0.5,1,1,AATAATAAATATTGGCATCT,0,4099380
yacCp,0.5,1,1,AAGGGCACCATCATAGATCC,0,4106823
yacCp,0.5,1,1,AAGGCCGCGGCCAAGATTGC,0,4094151
yacCp,0.5,1,1,AAGGATGAGGAGTGAACGAG,0,4112870
yacCp,0.5,1,1,AAGGAGGTCAACTCTAAGTG,0,4079793
yacCp,0.5,1,1,AAGCTCCGGTATCAACAATG,0,4100650
yacCp,0.5,1,1,AAGCTATGCGCGCGCTCGAA,0,4102302
yacCp,0.5,1,1,AAGCGGACTGAGCGGAAGGA,0,4097985
yacCp,0.5,1,1,AAGCGAATTTATGAAGAGCT,0,4088286
yacCp,0.5,1,1,AAGCCATTGCAATGAGATCA,0,4084695
yacCp,0.5,1,1,AAGATGTGCACAAGGTTTAT,0,4087262
yacCp,0.5,1,1,AAGATATATACGAAGCTCCG,0,4095264
yacCp,0.5,1,1,AAGACATCGGGCCAATAAAA,0,4093569
yacCp,0.5,1,1,AAGAACGGCTGACTGGCGTA,0,4100524
yacCp,0.5,1,1,AAGAAAGTGTAATGGTTTTG,0,4102538
yacCp,0.5,1,1,AACTGTATCCTGCGGCTGGC,0,4104450
yacCp,0.5,1,1,AACGTTCTTTCACTCAGTGG,0,4082291
yacCp,0.5,1,1,AACGACACATTTGTTCGAAT,0,4110898
yacCp,0.5,1,1,AACGAATCTAGAGATATCTG,0,4094737
yacCp,0.5,1,1,AACGAAGTGTGCTATTCGAC,0,4086129
yacCp,0.5,1,1,AACCGCTTTGTAGGGTTCTG,0,4104848
yacCp,0.5,1,1,AACATAAAGTCTTAGGCTGT,0,4086761
yacCp,0.5,1,1,AACAGTGGCGCTGGGCATGC,0,4097376
yacCp,0.5,1,1,AACACGTCGAACATTACCGC,0,4091817
yacCp,0.5,1,1,AAATTAGGCCAGTTTCGGAT,0,4099801
yacCp,0.5,1,1,AAATGCCCGGCTCTGTATAG,0,4080835
yacCp,0.5,1,1,AAATCATAGGCACAGCAATC,0,4101988
yacCp,0.5,1,1,AAATCACATTCCTTTCCCCT,0,4083404
yacCp,0.5,1,1,AAATAGGAGGTAGTTCTCGT,0,4087640
yacCp,0.5,1,1,AAAGTCCTCAGTGGAAGGCC,0,4100017
yacCp,0.5,1,1,AAAGGGGCGTCGCGTGGTCA,0,4109377
yacCp,0.5,1,1,AAAGGGATTCCGTGAAATGT,0,4106775
yacCp,0.5,1,1,AAAGCTGCGAACGAGGCGTC,0,4084537
yacCp,0.5,1,1,AAAGCATTTTCAAGTTTTTG,0,4086106
yacCp,0.5,1,1,AAACATAGTTGAGTCGCGGT,0,4089538
yacCp,0.5,1,1,AAAACTCGCTGCGGATGTCA,0,4111920
yacCp,0.5,1,1,AAAAACGCTCAAACTAATTC,0,4097402
yacCp,69.0,68,0,GGCAGTAGACGCTGGGATGA,68,4087820
yacCp,59.0,58,0,GTATTGCTGAACACGTCGAA,58,4112372
yacCp,55.0,54,0,GACTTGGTGTATGATAACCT,54,4091037
yacCp,54.0,53,0,CGCAAGGACTCTGCGAAACA,53,4080139
yacCp,52.0,51,0,GAATTTTCATGCTGGCACTC,51,4112949
yacCp,47.0,46,0,TATTGACGCGAACGTTACTG,46,4109587
yacCp,46.0,45,0,GGTCTCACAGGCCCATGAAA,45,4097196
yacCp,46.0,45,0,CTTAGTACGACGTATGCGGC,45,4094275
yacCp,46.0,45,0,AAGAACAGACTTGGATCGCT,45,4096929
yacCp,42.0,41,0,ATCGGGGTAGCCCAAAACAT,41,4093057
yacCp,41.0,40,0,TCTGGCGATTTCGGGTTGAC,40,4112366
yacCp,41.0,40,0,CTATTATGCGTCTCTGGTTT,40,4085338
yacCp,40.0,39,0,AAGCTCTGTGCCGGGCGTTA,39,4095147
yacCp,36.0,35,0,TTTAGCACGTTATCTATCTA,35,4096251
yacCp,36.0,35,0,TAAGGTAAGACCACATATAA,35,4084052
yacCp,34.0,33,0,TCTCATTCCAACAATGATCT,33,4109504
yacCp,33.0,32,0,TTTCGAAGCGAGCGTACGCG,32,4112926
yacCp,33.0,32,0,GCGGTGCCATTAGCAATTTA,32,4085129
yacCp,33.0,32,0,GAGTCTAGGAGCAGAGGGGG,32,4110472
yacCp,32.0,31,0,TTCTTAAGATACACTTTCCC,31,4096580
yacCp,32.0,31,0,GTCCAAGATGCCTGAATTTG,31,4085370
yacCp,32.0,31,0,ATGCTATGCCTTCATCCTTG,31,4103160
yacCp,32.0,31,0,ATACGAGCATCAACCGTGTG,31,4102044
yacCp,31.0,30,0,TAAAGCCATCATTGTCACCT,30,4098212
yacCp,31.0,30,0,CCTCTTGCGGAACCAAGATT,30,4111866
yacCp,30.0,29,0,GGGCTTAGAAGATACATTAA,29,4107980
yacCp,30.0,29,0,CTGCAACCTATAACTTGTAG,29,4109836
yacCp,30.0,29,0,ATTGCAGTCCCTGCCCATCT,29,4091214
yacCp,30.0,29,0,AGAGTGTATCGAACCACTTC,29,4108319
yacCp,30.0,29,0,ACTCTAGGGCAATAACAAGG,29,4108978
yacCp,29.0,28,0,TAGGTCACCCCAGTAAGAAA,28,4103385
yacCp,29.0,28,0,CTGAGGCCGCTTACACCGCT,28,4106549
yacCp,29.0,28,0,CTCATACGGGGTGTGCGGGT,28,4111754
yacCp,28.0,27,0,ACATGGTGACCCCTATTCCC,27,4105408
yacCp,27.0,26,0,TTTTCGGTTTGCGAGGTCTA,26,4083952
yacCp,27.0,26,0,TACGGGTACGATACCTGCCA,26,4099014
yacCp,26.0,25,0,TGTTGCGCGACACGTCCTCA,25,4078953
yacCp,26.0,25,0,CTTCACTGTCTATGAACTTC,25,4087772
yacCp,25.0,24,0,CACTGTAATATTATCCTGCA,24,4111419
yacCp,24.0,23,0,TGTAACACGCCTACAAACGA,23,4099758
yacCp,24.0,23,0,GTGGCTGCTCGATAGGGCCG,23,4090325
yacCp,23.0,22,0,TTAGGCACAGCGATTCAAAA,22,4086484
yacCp,23.0,22,0,TCGGGAGAATTTCCTTTTGG,22,4081646
yacCp,23.0,22,0,TCGGCATGGATAGGTAGGAG,22,4111842
yacCp,23.0,22,0,GTGGTTCCCTGAGCGAGAAC,22,4091645
yacCp,23.0,22,0,GAAACGAACTCAAATTCTGC,22,4096376
yacCp,23.0,22,0,CCTAGGAATTATATGGGATT,22,4093325
yacCp,23.0,22,0,CCGCATCGGGATCTCAGCAA,22,4112168
yacCp,23.0,22,0,CATTCGTGCGGTCTGGGTGG,22,4085379
yacCp,23.0,22,0,AGTTCGCACGATCACCACCG,22,4103357
yacCp,23.0,22,0,ACTGCTTCTAAAGGCAAAAA,22,4102691
yacCp,23.0,22,0,AAAGGGGACGCTTTCGATGG,22,4101099
yacCp,22.0,21,0,TAGATAGGAGGACACCGTTG,21,4088005
yacCp,22.0,21,0,CTTTTATTCGCCAATTAGCC,21,4107111
yacCp,21.0,20,0,GGCTTGAATCGGCGAGCCTG,20,4083823
yacCp,21.0,20,0,GCATTGAACAAGCGTAGTCT,20,4080535
yacCp,21.0,20,0,CATGTAGTGGTCTAGTGTTT,20,4085078
yacCp,20.0,19,0,TTGGCTACTCCCTAACCCGG,19,4092138
yacCp,20.0,19,0,TCCATGATATAATTCGAATG,19,4083686
yacCp,20.0,19,0,GTTGGGCTCAAATTACACCA,19,4098574
yacCp,20.0,19,0,GGGTGTTGCCGTTCAGAGGG,19,4109430
yacCp,20.0,19,0,GCGGATCGCTTCCTAGTAAC,19,4112552
yacCp,20.0,19,0,GACTGTCGTCAACCGTGCAG,19,4095247
yacCp,20.0,19,0,ATGTAAGTTAGCCTCGACGA,19,4108718
yacCp,20.0,19,0,AGGCAGTCTGAAATCACTGC,19,4094313
yacCp,20.0,19,0,ACGAATCCATTGGACGTGCG,19,4089860
yacCp,20.0,19,0,ACAAATTCCGGAGATCTGGT,19,4112646
yacCp,20.0,19,0,AAGAGTGAGGGGGTCAAGAA,19,4100944
yacCp,19.0,18,0,TTTTTTCTTGAGAATGGATC,18,4095266
yacCp,19.0,18,0,CATTGACAGCAAGGTCACAT,18,4096487
yacCp,19.0,18,0,ATACACGACCCCGAGGCGCT,18,4100749
yacCp,19.0,18,0,AACACAATCCTGTGGATTAT,18,4098576
yacCp,18.0,17,0,TTAAGGGTCCCGATAGTTGC,17,4105709
yacCp,18.0,17,0,TTAACAAGCCTAGCTCCTAT,17,4093528
yacCp,18.0,17,0,TGCAAGCCACGGGTATATAC,17,4095910
yacCp,18.0,17,0,TCTAACAACCCGCATGTATC,17,4092614
yacCp,18.0,17,0,CGTTTTACGATTTTCAGGTG,17,4113065
yacCp,18.0,17,0,CGTCTTACATTCTAATGGCT,17,4087888
yacCp,18.0,17,0,CGAAAATAGATTAATCGAGG,17,4083706
yacCp,18.0,17,0,ATCATAGCACAGCTCGCTGC,17,4111215
yacCp,17.0,16,0,TCGTAGTGTAAAGGCCGAAT,16,4110071
yacCp,17.0,16,0,TCGTAGCCGGTAGCGTTTGC,16,4086259
yacCp,17.0,16,0,TATGGGGCCTGGCCCGGACC,16,4106906
yacCp,17.0,16,0,GAGGCTCCATTGTGATACTA,16,4090911
yacCp,17.0,16,0,AGGTGGCGCGATCATTCGTA,16,4112746
yacCp,17.0,16,0,AGGTCTATATCGCTTGAACC,16,4105873
yacCp,16.0,15,0,TGGCAATCGTTGTTAACGGT,15,4109277
yacCp,16.0,15,0,GCTTTCCCTTTGCTTAAATT,15,4091540
yacCp,16.0,15,0,GCAGATGATTTTTATCCATG,15,4088510
yacCp,16.0,15,0,GCACAGCGCTACTACTGGAC,15,4085503
yacCp,16.0,15,0,CCAGGCGGATTAACTGAAAG,15,4106296
yacCp,16.0,15,0,CATGCTGTCCAGTATCAAGA,15,4084675
yacCp,16.0,15,0,AGTGGAGACACTATCCGAGA,15,4100607
yacCp,16.0,15,0,AGGTACGTTCTAGGTACCCA,15,4092626
yacCp,16.0,15,0,AGATTACGCTCTCTCTGTAT,15,4097104
yacCp,16.0,15,0,ACCACTCGGGACTACATACC,15,4081439
yacCp,16.0,15,0,ACACACTTGATGCCACCCCG,15,4103451
yacCp,15.0,14,0,TTAATCCGAACAGGCCTATC,14,4085206
yacCp,15.0,14,0,TGGAAATTAGGCTAGGCATC,14,4112712
yacCp,15.0,14,0,TGATGACGTCCGAGAGGACA,14,4095463
yacCp,15.0,14,0,TCCTCACTCTAGTTCGGTGG,14,4080665
yacCp,15.0,14,0,TATGGGGCCAGTACTTAGAT,14,4094020
yacCp,15.0,14,0,GTGTATCCAGGATCGACAGC,14,4095681
yacCp,15.0,14,0,GCCCTCTACCCGACTACCTT,14,4079016
yacCp,15.0,14,0,CTGTTGCTAAATTTGCAAAG,14,4105069
yacCp,15.0,14,0,ATAACCCGTTAGACACGTTC,14,4096182
yacCp,15.0,14,0,ATAAAGGAAGGATCTGCGGG,14,4110855
yacCp,15.0,14,0,AAGACCTCCCTAACATGCTA,14,4078670
yacCp,15.0,14,0,AACGGAGTTACATTAGCAGA,14,4091793
yacCp,14.0,13,0,TTCACATCTGGTCACACAAT,13,4078742
yacCp,14.0,13,0,TCACTGTCCGCATTGCCACT,13,4101134
yacCp,14.0,13,0,GTTCAATAATTGGGTCCCTT,13,4097296
yacCp,14.0,13,0,GTATACCTAACGTGCTACTT,13,4111751
yacCp,14.0,13,0,CTGCATAGGCAGATCGACAC,13,4112391
yacCp,14.0,13,0,AATATAATAAAGCGAGTTTC,13,4083491
yacCp,13.0,12,0,TGCACAGGCCAGGATTTCAC,12,4088574
yacCp,13.0,12,0,TATTTTAATCGTTTTATTCA,12,4091532
yacCp,13.0,12,0,TACCGAGAGTGGCAAGTACT,12,4082576
yacCp,13.0,12,0,GTCCGATTCCGTCGCACGTA,12,4082447
yacCp,13.0,12,0,GACGATGAACCATGAGGTAA,12,4087098
yacCp,13.0,12,0,CTAATTTGATAGAAGGGGAC,12,4098386
yacCp,13.0,12,0,CCATCTCAGCGCCGCATGGG,12,4113011
yacCp,13.0,12,0,CAGGACTCACAGGTCGGCGG,12,4111380
yacCp,13.0,12,0,ATCATACGGACCTCCCCAGT,12,4108813
yacCp,13.0,12,0,AGCGAATCTGCCGACTTTCG,12,4095046
yacCp,13.0,12,0,AGATTCGTCCGATTGGACGC,12,4109863
yacCp,12.0,11,0,TTTGAAGACCTGTGCGAGGA,11,4091275
yacCp,12.0,11,0,TTGTGTAGAAGGGCGGGTAT,11,4108260
yacCp,12.0,11,0,TTCCCTCCATAAGGCCAGGC,11,4089427
yacCp,12.0,11,0,TGACACGGGACAGCTCGAAG,11,4104436
yacCp,12.0,11,0,TAGAGGGACGTTACTCTCGG,11,4112124
yacCp,12.0,11,0,GTATGGCGAAGGCTTCCTTC,11,4106673
yacCp,12.0,11,0,GGATGCTTACTTGGTCCTGA,11,4105313
yacCp,12.0,11,0,GCATGCAAGTCCGACGATTT,11,4080429
yacCp,12.0,11,0,GAATTTCGGCCCGAACAAGC,11,4103744
yacCp,12.0,11,0,GAATATCGCGGAGGTAACTT,11,4078393
yacCp,12.0,11,0,CCACGATACTATTGCTGCGC,11,4092656
yacCp,12.0,11,0,CACCCAACCCACGGCTGGAT,11,4106932
yacCp,12.0,11,0,ACGGTACCGCAGCAACTAAC,11,4108909
yacCp,12.0,11,0,ACCTCGCCGTAGAGGCTTCA,11,4112503
yacCp,12.0,11,0,AAGCACGCATCCATCAAAAT,11,4098466
yacCp,12.0,11,0,AACTGATTGCGTGTCTTGCT,11,4091643
yacCp,11.0,10,0,TCTGGAAATGGCCCGGAAAA,10,4098656
yacCp,11.0,10,0,TCCCTCAATCCGCATGTCTG,10,4106574
yacCp,11.0,10,0,TCAGTGCCTTAATCTGGCGT,10,4097899
yacCp,11.0,10,0,TACGCAGCTAAGCAAGGCTT,10,4100289
yacCp,11.0,10,0,GCTGGAGTGCTATGACCTTA,10,4085706
yacCp,11.0,10,0,GCCTCCCTTACATGCAAGCA,10,4105492
yacCp,11.0,10,0,GCACGTCTTATACCGGGAAC,10,4110066
yacCp,11.0,10,0,GAGATTGTAGGTACGTAGTG,10,4083302
yacCp,11.0,10,0,AGGTATCAGATCATGACATT,10,4110466
yacCp,11.0,10,0,AGCTGAAAAGTAATTTAGTC,10,4078933
yacCp,11.0,10,0,AAGCCGACGATAAGATGTCC,10,4082679
yacCp,10.0,9,0,TGGAATCCTCTAGCGGTGCC,9,4103944
yacCp,10.0,9,0,GTTGGAACGGCTGGTAACGG,9,4111634
yacCp,10.0,9,0,GGCTTTATATAATCATACCT,9,4105114
yacCp,10.0,9,0,GCAACCCCCTGGCCACAGCT,9,4082862
yacCp,10.0,9,0,CTTTTGGTATTCTTGCCTGC,9,4108971
yacCp,10.0,9,0,CGGAAACTTTCCGTAATCTC,9,4100403
yacCp,10.0,9,0,CCCCAAGGTCTCAACTGGTT,9,4085789
yacCp,10.0,9,0,ATTGAAGTTTCACACTCAGA,9,4089891
yacCp,10.0,9,0,ATCTGTCGCACGCCAAAAGG,9,4103465
yacCp,10.0,9,0,AGGTCCGGGTTCAGACTAAA,9,4108495
yacCp,10.0,9,0,AGCAGGAAATGATAGTAAGG,9,4095328
yacCp,10.0,9,0,AAACCCTACCTTCGACGGTA,9,4091720
yacCp,9.0,8,0,TTATGGCACGTTCCCTCCAC,8,4104438
yacCp,9.0,8,0,TATTGTGTATGTTGGCCCTC,8,4110963
yacCp,9.0,8,0,GTAAACACTTAAATTTGAAG,8,4089725
yacCp,9.0,8,0,GATCGACTCCAGTCCACACT,8,4085056
yacCp,9.0,8,0,GAGGCTAGGCTCGCGATCCA,8,4108642
yacCp,9.0,8,0,CGGCCATCCGGTTACTATTC,8,4081441
yacCp,9.0,8,0,ACAAAAGAGGAGTGCACTAC,8,4084068
yacCp,9.0,8,0,AACGGCAAGTACATCGACAA,8,4092794
yacCp,8.0,7,0,TTTTCCACCCTATACGTCTT,7,4093319
yacCp,8.0,7,0,TTTAAGTGTTATTTAGCCCA,7,4097175
yacCp,8.0,7,0,GGTTCCGTTTCACCAATGGC,7,4105940
yacCp,8.0,7,0,GGAGGCGGGCCTGAGTCGCC,7,4094126
yacCp,8.0,7,0,CTCCTTGCTACGTCTACAGC,7,4109412
yacCp,8.0,7,0,CGCGTACGTTCCAATGTTGT,7,4111818
yacCp,8.0,7,0,CCAGTGGCGAATTCTAGGTG,7,4096046
yacCp,8.0,7,0,ATGGTAAGTTAGTTCGAGAC,7,4109606
yacCp,8.0,7,0,ACGGTATTCTGCCTGAAACG,7,4082056
yacCp,7.0,6,0,TTTAAATAGGTAGCAGGGTC,6,4101772
yacCp,7.0,6,0,TAAAAGGTACACCCCCCACT,6,4104612
yacCp,7.0,6,0,GTTATTCAACGATTTCTAAA,6,4082561
yacCp,7.0,6,0,GTAAGACCCCCCTGAGTCGG,6,4080359
yacCp,7.0,6,0,GCCAGGATCATTGCTTAGAC,6,4081251
yacCp,7.0,6,0,CTTCTGATAGCGTTACGACA,6,4088076
yacCp,7.0,6,0,AGGAGTTCTTTCCAAAAGAA,6,4093995
yacCp,7.0,6,0,AGATTGAGATTAAAGCTAGT,6,4094538
yacCp,7.0,6,0,ACGCACATGGATTTCTGAAA,6,4088962
yacCp,7.0,6,0,AAACGGGCTAAATTGTAGTT,6,4110947
yacCp,6.0,5,0,TTTACGTTCACCGTTTTGAG,5,4101815
yacCp,6.0,5,0,TCATTTGGTCCACTGACCCT,5,4080522
yacCp,6.0,5,0,TATGGGCATCAGAGCAGATG,5,4103378
yacCp,6.0,5,0,TAATGTAAATCGCAGTCCCA,5,4100741
yacCp,6.0,5,0,GGTTATATCATACGCTCACC,5,4101914
yacCp,6.0,5,0,GGTAATAAGGATATCTTTAG,5,4094537
yacCp,6.0,5,0,GGGAATCCAACTCTCCCGCT,5,4112507
yacCp,6.0,5,0,GCTGTATGGGGAAGCCAATT,5,4086643
yacCp,6.0,5,0,GATGTGTTGACCGTGCAAGC,5,4091855
yacCp,6.0,5,0,GATATTCACTTCAAGTGGGA,5,4106060
yacCp,6.0,5,0,CTGTCATGTCGGTCAGTGCA,5,4099513
yacCp,6.0,5,0,CGTGCTCGTGCTTCGGACAA,5,4095209
yacCp,5.0,4,0,TTTCCAAGCATGCGTTGAGC,4,4090155
yacCp,5.0,4,0,TTAATGACGCATTCAATGTT,4,4097383
yacCp,5.0,4,0,TGCCCGAGTGGGCTCTGTGC,4,4093100
yacCp,5.0,4,0,TCGCGGGAATGCGTTCTCAC,4,4092372
yacCp,5.0,4,0,GAACGAGGTTAGAGTGCAAT,4,4095655
yacCp,5.0,4,0,CTGTTTTGCGGGACTTGAAC,4,4079669
yacCp,5.0,4,0,CCTATATTGGTGTTGCATTT,4,4088268
yacCp,5.0,4,0,ATTTAACTATCTGATCGGAG,4,4081039
yacCp,5.0,4,0,ATTCGGGGTGTGGGACAGTG,4,4111018
yacCp,5.0,4,0,AGCGAGAAACGGATGCCAGT,4,4091972
yacCp,5.0,4,0,AACTCCATTCTCTGAGTGAT,4,4081274
yacCp,4.0,3,0,TGTTTTCGCAGCGTAAGGCA,3,4092029
yacCp,4.0,3,0,TGAAGTTAGACAGTGCGTGC,3,4108920
yacCp,4.0,3,0,GCCGGGTAGTGAAGAATTAG,3,4086166
yacCp,4.0,3,0,GCACACAAATTCACTCTCCG,3,4098772
yacCp,4.0,3,0,GATTAAAATGAATCCAGGAC,3,4086681
yacCp,4.0,3,0,GAGCCGCCCATCACATGTTT,3,4080867
yacCp,4.0,3,0,GACCGTAACCGACGTGAGAG,3,4110447
yacCp,4.0,3,0,CTAGGGCACTAAGGTCACGA,3,4094523
yacCp,4.0,3,0,CAGCGCCGTTTAAGGAGAGA,3,4091849
yacCp,4.0,3,0,ATGTAGAAAGTAGATAACTT,3,4109459
yacCp,3.0,2,0,TGTTTCAGATGTGCCACATC,2,4078410
yacCp,3.0,2,0,TGCCGAGAAAGCGAACTGTT,2,4112530
yacCp,3.0,2,0,TGATTCGTCTCATACGGATA,2,4086990
yacCp,3.0,2,0,TCGGCGGCGCTTTTTCCTGT,2,4087621
yacCp,3.0,2,0,TCCCTGCGGTGATGTTTGTT,2,4104901
yacCp,3.0,2,0,TATAACCCACCGGCTTCCTT,2,4094259
yacCp,3.0,2,0,GTTGAGCCGTCGCGATCCGA,2,4086847
yacCp,3.0,2,0,GGCCGGTCACCTTACCTTGT,2,4082088
yacCp,3.0,2,0,GCTACCATGTGCTGAATGTA,2,4104025
yacCp,3.0,2,0,GAACAGTCTAAGCGTTATGG,2,4109201
yacCp,3.0,2,0,CTGGAGAGACGGCTTTATAT,2,4096459
yacCp,3.0,2,0,CGACCTGCACGGCGTTATTC,2,4106990
yacCp,3.0,2,0,ATATCGACATCATCCGTGTC,2,4110468
yacCp,3.0,2,0,ATAGGCCAGCTGGGAGAAGG,2,4106087
yacCp,3.0,2,0,ACGAGTGAGCTGTAGACTGT,2,4099431
yacCp,3.0,2,0,ACAGGATTCCCCCCTTCAAG,2,4105161
yacCp,2.0,1,0,TTTTGCCTTTATTAACGGAC,1,4081650
yacCp,2.0,1,0,TTTTATCCGGGCAAGAAGCG,1,4081892
yacCp,2.0,1,0,TTTAGAGACGAATCTCCTTG,1,4111846
yacCp,2.0,1,0,TTTAACCGATATGCGCAAAC,1,4112664
yacCp,2.0,1,0,TTGCGTAGATGTTCAGGGCA,1,4108498
yacCp,2.0,1,0,TTCTGGTACCTCATTGGTTG,1,4080440
yacCp,2.0,1,0,TTCTGATCATCCGTGAGTTG,1,4085649
yacCp,2.0,1,0,TTATGTCAAGGAAACACCCT,1,4104899
yacCp,2.0,1,0,TTACGTGCCCATTATACTTT,1,4089471
yacCp,2.0,1,0,TGTTGCATTCTTAGAACTCA,1,4112904
yacCp,2.0,1,0,TGTGTGAGGATGTAATTGTT,1,4110659
yacCp,2.0,1,0,TGGACGCCAGACCGAAGTAA,1,4095579
yacCp,2.0,1,0,TGCCGGGCCTATAAGCCGAT,1,4093328
yacCp,2.0,1,0,TGAGGCAGGATTATTCGGAA,1,4100784
yacCp,2.0,1,0,TCTACTGAGTGGCTTCAACT,1,4092301
yacCp,2.0,1,0,TCGGCCACTTAGGACACTTC,1,4102641
yacCp,2.0,1,0,TCGATGTTGTCATCTACAAC,1,4106361
yacCp,2.0,1,0,TCATCCAGAGGTCAAATAGA,1,4109641
yacCp,2.0,1,0,TAGCGGTCTGCTTCATGCGT,1,4091367
yacCp,2.0,1,0,TAATGCCGGGCCGCTGACGA,1,4085609
yacCp,2.0,1,0,GTTGCGCTGATGCGGAGGAT,1,4092222
yacCp,2.0,1,0,GTTGAGGCTTATACCGGGCA,1,4087372
yacCp,2.0,1,0,GTTCTACCATAGGTTTAATG,1,4107799
yacCp,2.0,1,0,GTTATCCTTAGGTTACACCG,1,4104135
yacCp,2.0,1,0,GTTAGATAAACCACTCGAAA,1,4103776
yacCp,2.0,1,0,GTGGTGCTGCTGGAACCGTA,1,4103831
yacCp,2.0,1,0,GTGATTGTATTGTCGTGACC,1,4111400
yacCp,2.0,1,0,GTCTAATGCCCGGGAAAAAC,1,4108958
yacCp,2.0,1,0,GTCCATCTGGACAGAAATAC,1,4103804
yacCp,2.0,1,0,GTAGCCGCGGGTGTTCTGGC,1,4109100
yacCp,2.0,1,0,GTACAACACAGTACTCGGTA,1,4084207
yacCp,2.0,1,0,GGTTCCTCTCTTGTAGAATT,1,4090597
yacCp,2.0,1,0,GGAGATTTATTATTAAGGGT,1,4086921
yacCp,2.0,1,0,GGAAGATCGGGCCGTAGGGG,1,4111761
yacCp,2.0,1,0,GCTGTTACGGCCACTTATAT,1,4112505
yacCp,2.0,1,0,GCTAAGTCTTACGACCCGCC,1,4095436
yacCp,2.0,1,0,GCGTCCGAATCCTAGGTTTT,1,4092538
yacCp,2.0,1,0,GCAATTCAGAAGCGGTCAAA,1,4091717
yacCp,2.0,1,0,GACGGGCGCTCTTTAGATCT,1,4097679
yacCp,2.0,1,0,GACCACAACGGCATGTGTAT,1,4080162
yacCp,2.0,1,0,GAACTTGAGCAACTAGCACG,1,4108993
yacCp,2.0,1,0,CTGTATCACATGGGTAGTTT,1,4079030
yacCp,2.0,1,0,CTCTGCTTCTGACACGCTGG,1,4110654
yacCp,2.0,1,0,CTACCTTTGCTGGTAGTTCC,1,4097409
yacCp,2.0,1,0,CTAAGAACGTCAACCGCGTG,1,4078456
yacCp,2.0,1,0,CGTTGCCCCGCGGGCAGCGT,1,4099309
yacCp,2.0,1,0,CGTAAGTCCCCTTGGACTCC,1,4107845
yacCp,2.0,1,0,CGGTGGCCTTCTATCAAGGC,1,4110550
yacCp,2.0,1,0,CGGAGAATCTACGAATGGTG,1,4099722
yacCp,2.0,1,0,CGAGGTCCCTCGTTTACCAC,1,4096460
yacCp,2.0,1,0,CCTGGGGCAGAGATTAATCC,1,4086429
yacCp,2.0,1,0,CCTAATATGTATGAACAGTA,1,4100316
yacCp,2.0,1,0,CCGGGCTTCAGGCCGCCTCT,1,4079789
yacCp,2.0,1,0,CCCTTACAACGCTCACCCTT,1,4108864
yacCp,2.0,1,0,CCCTAGTCAACTAGACCCCG,1,4081552
yacCp,2.0,1,0,CATTATGTTTAAAAGTTCCC,1,4095115
yacCp,2.0,1,0,CATTACACATTCTAAGCCTC,1,4090456
yacCp,2.0,1,0,CAGGCCTAACCCATAACTCG,1,4095203
yacCp,2.0,1,0,CAGACTCAAACGGTCGGTTG,1,4081501
yacCp,2.0,1,0,CACTCGGGAACACTAGAGTG,1,4098195
yacCp,2.0,1,0,CACGTGGGGGGTCTAGGCCT,1,4094611
yacCp,2.0,1,0,CACAGAGGGTCTTCCGGGCT,1,4110093
yacCp,2.0,1,0,CAATGTCTGTACGAAGCTAC,1,4084680
yacCp,2.0,1,0,CAACTGACCCCGCGAGCGGT,1,4102370
yacCp,2.0,1,0,ATTAGGTAGGCCAGTCCCTA,1,4078846
yacCp,2.0,1,0,ATGCTATCTTGGCTGGGCAT,1,4112275
yacCp,2.0,1,0,ATAGTCTTGAAAGTTGCGAC,1,4109789
yacCp,2.0,1,0,ATAGTAGGCTTACGACGTCA,1,4084184
yacCp,2.0,1,0,ATACCGTGGCATATTTTGTA,1,4097478
yacCp,2.0,1,0,AGTTACAGAGTGAATAAATT,1,4098361
yacCp,2.0,1,0,AGTATGAATGACGCATCATC,1,4093968
yacCp,2.0,1,0,AGGTATCTCATCGCAAGGCA,1,4080112
yacCp,2.0,1,0,AGCTGGAACAAAACGCCATC,1,4095643
yacCp,2.0,1,0,AGCATTATCAACTCCTAAGC,1,4101552
yacCp,2.0,1,0,AGAGATGGCACATCTAAGGC,1,4107152
yacCp,2.0,1,0,AGAATAATGCTAACGATGAC,1,4078753
yacCp,2.0,1,0,AGAAGATCGCGTCGCCAGCT,1,4106430
yacCp,2.0,1,0,ACGAATCAAGACACGGATAG,1,4098805
yacCp,2.0,1,0,ACCTCGCGTGGAATCAGATA,1,4105273
yacCp,2.0,1,0,ACCGTTTAAGGTCTCTAAAG,1,4092239
yacCp,2.0,1,0,ACATTCGCTTGGTACCAAAA,1,4105469
yacCp,2.0,1,0,ACAGCTGGTGCCTACCGGAT,1,4083194
yacCp,2.0,1,0,ACACAAGGGCCCTCAAGGCG,1,4089085
yacCp,2.0,1,0,AAGGATTCGCGTGAGAGATT,1,4106431
yacCp,2.0,1,0,AACTTTGAATACTGCTTTAT,1,4105172
yacCp,2.0,1,0,AACAATGCGTCACTACCCCC,1,4091021
yacCp,2.0,1,0,AAATCATATCGTCGCGCAAA,1,4086874
yacCp,2.0,1,0,AAAGCAAAACTTTCGCCGTA,1,4103791
