name,relative_counts,ct,ct_0,barcode,ct_1,barcode_ind
mhpRp2,2.3030037272527952,15063,4560,GTCAGGCTGTAAGGTCTTAA,10503,2504140
mhpRp2,0.5483870967741935,622,402,TCCTGGGTGCCATGCCATCC,220,2487244
mhpRp2,0.3496932515337423,438,325,AGTCAACGTAGTCGCGTAAG,113,2530635
mhpRp2,0.14847161572052403,261,228,TCGCACGCCAGTGCCAGAAT,33,2480757
mhpRp2,0.046153846153846156,202,194,GAAATACGCCCTCGAAATAT,8,2498817
mhpRp2,1.7513513513513514,507,184,GACTTCTCTGCAGGGTGTAA,323,2533333
mhpRp2,0.4315068493150685,207,145,GGGAATTGCTGAGTCACAAA,62,2483195
mhpRp2,0.02097902097902098,144,142,TCAGCCGCTAGGTATTTCCT,2,2481855
mhpRp2,1.5,348,139,TCAGCTAGTAGTCGTGCTCT,209,2528651
mhpRp2,1.2116788321167884,301,136,ACCCTTTTCAGCGTGGCGTT,165,2509862
mhpRp2,2.287878787878788,432,131,GATCCGGGAACGTCTTGGTT,301,2527051
mhpRp2,0.022900763358778626,132,130,CGGCCTGTACAAATTTCGAT,2,2481494
mhpRp2,0.45528455284552843,177,122,GCGCCACCGTGACAGCACCC,55,2501871
mhpRp2,0.21951219512195122,148,122,CGGAATCTTTCGCCAAAAGT,26,2479890
mhpRp2,0.7083333333333334,203,119,CGTCCATAGAGTCGGGCTGA,84,2479889
mhpRp2,1.1779661016949152,255,117,TGTCATTGCGAGTACGACCT,138,2484988
mhpRp2,0.452991452991453,168,116,ACTCGTGAGAGGCCGCGGCT,52,2481451
mhpRp2,3.0517241379310347,468,115,TATTGTGCCTGATGTCTGGA,353,2480402
mhpRp2,1.0862068965517242,240,115,GTACGCGTTCAGAATAGAGT,125,2480545
mhpRp2,3.3363636363636364,475,109,GAGGGTATCAGAAAGATCGT,366,2483704
mhpRp2,1.3981481481481481,257,107,TCAGTCCGGCACTAAGGTCA,150,2480163
mhpRp2,0.7920792079207921,179,100,AATGCTTTTCGAGCACAAAG,79,2480292
mhpRp2,2.36,334,99,ACAATTTATGTAAAACCCCT,235,2484852
mhpRp2,2.272727272727273,322,98,ACTCTCCTGACACGGTGGTG,224,2480544
mhpRp2,1.336734693877551,227,97,ACTAAATGTGGGGCATAGCA,130,2504109
mhpRp2,1.4123711340206186,232,96,CGTGCAGCGTCCGCGACATT,136,2483392
mhpRp2,3.0416666666666665,386,95,TTCGAGGTAACTCGTCGAAC,291,2499916
mhpRp2,1.4421052631578948,230,94,ACGGATATTGGTAAGGGTTC,136,2502422
mhpRp2,0.5473684210526316,145,94,AATCCTGAGGTCAGTGAGTT,51,2489473
mhpRp2,1.297872340425532,214,93,GGAAGACAAGGGTCACCTGC,121,2512002
mhpRp2,0.4574468085106383,135,93,AAGCGCTTTGTAGGGGCAAC,42,2516981
mhpRp2,0.6703296703296703,150,90,TAGGAGGAGACGTACCAACA,60,2524901
mhpRp2,3.208791208791209,381,90,AGACTAAGTTGTCTCCGGAC,291,2487781
mhpRp2,1.9101123595505618,257,88,TGGGCAGGGCTTAATAGAAA,169,2492696
mhpRp2,0.033707865168539325,90,88,GGGGACAGCATAATCGCCGT,2,2490332
mhpRp2,1.0919540229885059,180,86,CATCGTTCTAGTCTTGCCAT,94,2489023
mhpRp2,0.6705882352941176,140,84,TCGTCCACAGCCGACTATAT,56,2486429
mhpRp2,0.023529411764705882,85,84,CTGCCAAAGCCGAACGACTA,1,2507211
mhpRp2,0.8333333333333334,152,83,TCAACCGCCTTCACCAGCAT,69,2498226
mhpRp2,0.6547619047619048,137,83,CGCCGATGTGGTACACAGGA,54,2484575
mhpRp2,0.6626506024096386,136,82,TAGTGCCTCAGGTGTGACAT,54,2520797
mhpRp2,1.4024390243902438,195,81,TCCTTGCATCTTTAGACCGT,114,2528359
mhpRp2,1.728395061728395,219,80,CTTTGCCAATGTGCATATAT,139,2527807
mhpRp2,1.6329113924050633,206,78,CGTGGTTCCAGAGACATGGG,128,2498376
mhpRp2,1.2658227848101267,177,78,CACAGGCGTGGAGGGGGAGT,99,2495015
mhpRp2,1.7820512820512822,215,77,CGGCCCGCAAAGTCCGTCCC,138,2480112
mhpRp2,0.782051282051282,137,77,CCCTTTTTCGCGATATATAG,60,2501362
mhpRp2,2.6233766233766236,277,76,TGGCCGGTTGCTGACCACCT,201,2482045
mhpRp2,2.0,229,76,CACTTAGGAGGCGGGCGAAA,153,2488536
mhpRp2,1.6842105263157894,202,75,ACGCCCTCCGCAATCTGAGA,127,2482448
mhpRp2,0.8266666666666667,135,74,TCCTTCATACACGAGTGTAG,61,2493173
mhpRp2,0.9324324324324325,141,73,CGTATCGGACCACTGGTCCG,68,2484853
mhpRp2,5.3108108108108105,465,73,CCATAGTAGACTCTGCTTGT,392,2515297
mhpRp2,0.918918918918919,140,73,CAAACCTTTAGGGTGTCGCA,67,2484258
mhpRp2,1.0555555555555556,146,71,TGCACGACGTATCTACGTAC,75,2531664
mhpRp2,0.027777777777777776,72,71,CTTGTTGATCTATAACCGAT,1,2508443
mhpRp2,2.4305555555555554,245,71,AGGCGCCAAAAACCGGTTCG,174,2499627
mhpRp2,0.02857142857142857,70,69,TCCAACCAAGTTGTCACTTC,1,2491505
mhpRp2,0.02857142857142857,70,69,GCGTCTGCCGCTTCTAGGGA,1,2503523
mhpRp2,1.463768115942029,168,68,TCACAACCCGAAGCCGCACG,100,2486189
mhpRp2,0.9710144927536232,134,68,CTCTCCTAGCATATCTTATA,66,2479697
mhpRp2,2.8260869565217392,262,68,CATAAAGGCCTGAAGGTCCG,194,2517055
mhpRp2,1.4057971014492754,164,68,AGAGGAACTCAGCGTGTTTA,96,2480455
mhpRp2,4.579710144927536,383,68,ACTATCAACACAGGCTTCGC,315,2522780
mhpRp2,1.838235294117647,191,67,TGAAAAGCATGCTGGTGAGG,124,2492053
mhpRp2,0.058823529411764705,70,67,TCGGGAAGATATCAGCATAA,3,2493771
mhpRp2,0.9411764705882353,130,67,GGGTAATGGTCAGGATATTG,63,2508589
mhpRp2,0.75,117,67,GAAAAAGGGTGGTAGCCCGA,50,2539390
mhpRp2,0.9850746268656716,131,66,CGTACCCACTTTGCTGTCTT,65,2527726
mhpRp2,1.0909090909090908,136,65,TTTTACTATCAGTACCAGGG,71,2496440
mhpRp2,0.030303030303030304,66,65,CTCTAGAAAATAAAATATAT,1,2511925
mhpRp2,1.5606060606060606,167,65,AGAGAAGACGCAAGCCCGGG,102,2483070
mhpRp2,4.661538461538462,366,64,TTCCCATAATTAAGGTCTTA,302,2529939
mhpRp2,2.4461538461538463,222,64,TCGGTTACCTGTTGTTAAAG,158,2518551
mhpRp2,2.4615384615384617,223,64,CACGCCCTCCCAGAGCCGTG,159,2520318
mhpRp2,1.140625,135,63,TCAAACCCAACGTTAGTGTA,72,2482620
mhpRp2,0.03125,64,63,CATGCCAGTTCTGTGAGGTG,1,2482134
mhpRp2,1.6666666666666667,166,62,TTGTGGCAGCGGAAAGGGAT,104,2486345
mhpRp2,0.031746031746031744,63,62,CTCGCAGATTCCCCCGCTGG,1,2487107
mhpRp2,0.031746031746031744,63,62,CAGGAGGCGGTTTTCAATAT,1,2505629
mhpRp2,1.0952380952380953,130,62,AGCACTTCGGTGTGTCAATA,68,2528960
mhpRp2,0.9032258064516129,116,61,TGAGCGCCCTGACTTACGAT,55,2519540
mhpRp2,1.0,122,61,TCGGGAGCGACGGTGTTTAG,61,2498469
mhpRp2,1.4838709677419355,152,61,TACAATGACTTGTAGGACAC,91,2500468
mhpRp2,0.9354838709677419,118,61,GTGTTAAATACGTAGCGCGT,57,2541075
mhpRp2,0.7096774193548387,104,61,GCAGTGAGTACCCAACCCCA,43,2495519
mhpRp2,0.7096774193548387,104,61,CTCCATAACGCCACAACGAA,43,2481097
mhpRp2,3.5483870967741935,280,61,CGTCATGTTGCAGGAGTTTG,219,2539632
mhpRp2,0.03225806451612903,62,61,CCGGTGACAATTCCTTATAG,1,2498610
mhpRp2,1.3387096774193548,143,61,AGCATACGCCACCTGATGTT,82,2527056
mhpRp2,0.03278688524590164,61,60,GGCTAACAGGGAAAAGCTGT,1,2491066
mhpRp2,0.7049180327868853,102,60,GGCAGCTACGTAACTAGAGG,42,2503222
mhpRp2,0.03278688524590164,61,60,GCCCCTGCGTAAGGTCTCAA,1,2503449
mhpRp2,0.03278688524590164,61,60,CATATGGGTGATCCCGACCA,1,2487582
mhpRp2,1.1475409836065573,129,60,AGTCAACACTTAATCGTTGT,69,2491820
mhpRp2,5.566666666666666,392,59,TTTTCGGGCCAAAGCCGTAA,333,2491720
mhpRp2,2.933333333333333,234,59,GATGAAGTGCTGCATGACGG,175,2480716
mhpRp2,1.8333333333333333,168,59,GACAATTCTGCATTCGTCCT,109,2498167
mhpRp2,1.1694915254237288,126,58,TTGATATGAATTCCCGGTAA,68,2492136
mhpRp2,0.7627118644067796,102,58,TGGCTGAGTATCGGCCAGTT,44,2501037
mhpRp2,1.0508474576271187,119,58,TGCAATGACGCTATTACTGC,61,2485694
mhpRp2,1.305084745762712,134,58,TACGAGTTACAGAGCTATGA,76,2479556
mhpRp2,2.542372881355932,207,58,GCTTTGCTGCTTCAACCTTA,149,2481924
mhpRp2,0.39655172413793105,79,57,TTGCAACGTTCCGACGATTG,22,2518051
mhpRp2,0.034482758620689655,58,57,GGCGGCGTACGGCGATTCAT,1,2481781
mhpRp2,2.0517241379310347,175,57,CTTGTAGGGCAATAGAGGGA,118,2483659
mhpRp2,0.034482758620689655,58,57,CTGTAGGCCTTCCACGCCAT,1,2491219
mhpRp2,1.3620689655172413,135,57,AAGCCGTTCAAACGATGATA,78,2525498
mhpRp2,0.03508771929824561,57,56,TCTGTAGAGAGCTCACCTCG,1,2490862
mhpRp2,1.736842105263158,154,56,GGCCGGGGTCACCGCGGACT,98,2483762
mhpRp2,0.03508771929824561,57,56,GGCCCGCGGGGACACATCGT,1,2508595
mhpRp2,1.2105263157894737,124,56,GGAACCTGCTTACTGTGTTG,68,2489330
mhpRp2,0.03508771929824561,57,56,AGAAAGAACAGAAAATGGCT,1,2493524
mhpRp2,0.49122807017543857,83,56,AATTGTATGGAAATGCAGGC,27,2507778
mhpRp2,1.0714285714285714,114,55,CCATCCATTTTAGATTCTTT,59,2513168
mhpRp2,1.3571428571428572,130,55,AATGCGTACTAGCAACCAGA,75,2520168
mhpRp2,2.1636363636363636,172,54,TTTATCCAGTAACGGTTCTT,118,2510198
mhpRp2,0.9090909090909091,103,54,TATTTTGGGTACTCCAGGCG,49,2514943
mhpRp2,3.309090909090909,235,54,GTATAGCTCTGAGTGGGTGC,181,2514667
mhpRp2,2.2363636363636363,176,54,GAAACATTCAAATGACCAAA,122,2535151
mhpRp2,1.1636363636363636,117,54,CGTCCAGAGCAATTATCATA,63,2486344
mhpRp2,1.2,119,54,CGCTGTCCCTAAACTCATGT,65,2483662
mhpRp2,3.618181818181818,252,54,CAGATCATTTTCGCCATATG,198,2483763
mhpRp2,4.036363636363636,275,54,ATCCGTCGATGGGATACTGA,221,2526757
mhpRp2,0.03636363636363636,55,54,ACCCGGTTAAAGTATAGGTT,1,2527961
mhpRp2,1.5,133,53,TGGGCGCATCTGTAACGGCT,80,2539528
mhpRp2,1.1296296296296295,113,53,TATCGCCTTGATACTACTTA,60,2494772
mhpRp2,1.4074074074074074,128,53,TAGGCCCACGCATGTTAGCA,75,2508156
mhpRp2,1.0185185185185186,107,53,GTAAGATGTCGCACGTCGGA,54,2490433
mhpRp2,2.574074074074074,191,53,CTATTCATGCAAGACAATAT,138,2499265
mhpRp2,1.1111111111111112,112,53,CGGGAGCTAGGCCAAAAGTG,59,2492392
mhpRp2,0.8888888888888888,100,53,CGACTTTTTGCTCTGTTTAG,47,2481763
mhpRp2,1.4814814814814814,132,53,CGACTTGCGGACACTAATAA,79,2483768
mhpRp2,0.8703703703703703,99,53,CACTGTGGCACTAAAGGTAT,46,2528080
mhpRp2,0.037037037037037035,54,53,CACTCGTTTTTATTAAGATA,1,2513954
mhpRp2,1.5,133,53,ATAATACTAAAACGCATACT,80,2510792
mhpRp2,1.0925925925925926,111,53,AATAACGCGGCTAGGTACAC,58,2490801
mhpRp2,4.037037037037037,270,53,AACCATCACCAGAGAGCATA,217,2518259
mhpRp2,0.03773584905660377,53,52,TGCGATGTGAAGGCTTGTTA,1,2503691
mhpRp2,0.8679245283018868,97,52,GTATACAGCGTCGGGCTCTC,45,2534611
mhpRp2,2.849056603773585,202,52,CGCGAACAACTGCAGTCGAA,150,2498608
mhpRp2,1.6415094339622642,138,52,ATTAAACGTCTTCTGAGCGC,86,2485766
mhpRp2,0.038461538461538464,52,51,TGCTGGGGACGGCGCCTTGT,1,2531654
mhpRp2,1.0384615384615385,104,51,TGCGCCTAAGCGGGAGCCCT,53,2518962
mhpRp2,1.7692307692307692,142,51,TCTGCCAGCTATAGTGAACA,91,2495126
mhpRp2,1.4423076923076923,125,51,TAGATAATATGAAGGTTCCG,74,2479628
mhpRp2,0.038461538461538464,52,51,GTTCTGTCCAGCGCTGTATT,1,2516582
mhpRp2,7.115384615384615,420,51,GTGATTGTGAAGACCGGAGA,369,2479833
mhpRp2,2.423076923076923,176,51,GGTTCAAGTGCGGTATCAAC,125,2482043
mhpRp2,3.576923076923077,236,51,GCACAGAACTCCGAATATCG,185,2479937
mhpRp2,1.1153846153846154,108,51,AGTACCAGGCTGCGGTCCAA,57,2486188
mhpRp2,1.2884615384615385,117,51,ACCCCAAGGTCTCCCTCTGT,66,2494842
mhpRp2,1.8269230769230769,145,51,ACAGAATAAGCTGATTCGAG,94,2500993
mhpRp2,4.865384615384615,303,51,AAATACGTGCGTGGGACCGT,252,2479748
mhpRp2,0.0392156862745098,51,50,TACCGCGTCGGCTGGGAGGG,1,2493666
mhpRp2,0.9411764705882353,97,50,TACACGACCTCACTGGGTTA,47,2529035
mhpRp2,1.2156862745098038,111,50,GGGGACCCGTAAAAAATCCT,61,2501313
mhpRp2,2.156862745098039,159,50,GGGCAAATAGAGATAGGCAT,109,2495184
mhpRp2,1.0196078431372548,101,50,GGCGGTGCGCCCCCGGAGGT,51,2528308
mhpRp2,2.1372549019607843,158,50,GGAACTGGCAACACCAGTCA,108,2483429
mhpRp2,2.3529411764705883,169,50,CTTTGTTCACCATTTCTTTT,119,2482678
mhpRp2,0.0392156862745098,51,50,AGCATGAGGCATTTAAGTTA,1,2491920
mhpRp2,0.9803921568627451,99,50,AGCAATGCGCTGCCAGTCAT,49,2525650
mhpRp2,0.0392156862745098,51,50,ACGGACAAGGTCTACCGTGC,1,2497569
mhpRp2,0.6862745098039216,84,50,ACCAGAAGGAGGGCTAGGAC,34,2494843
mhpRp2,2.3333333333333335,168,50,ACAACGGATTAATTAAGACT,118,2525207
mhpRp2,2.6862745098039214,186,50,AATCTTCGTCCTTCCAATGG,136,2500404
mhpRp2,1.9019607843137254,146,50,AAGGACGCTTGCTTGGGTGA,96,2496909
mhpRp2,2.823529411764706,193,50,AAACATCGGCTTACTCATCA,143,2544263
mhpRp2,5.86,341,49,TTTTAAATTTTGCCTCTGCT,292,2494288
mhpRp2,2.94,195,49,TCTGTAATCGAGAAGTCGAG,146,2496844
mhpRp2,0.04,50,49,TATTTGCCTATCTCAGGTAT,1,2483215
mhpRp2,1.2,108,49,TAACTCGGGCTATGAAGGTG,59,2483859
mhpRp2,2.02,149,49,GTTACTCGGGTCAGAGCCAA,100,2495922
mhpRp2,0.96,96,49,GTGTCTAGCGAGACCGTGGA,47,2520753
mhpRp2,1.52,124,49,GGGGGAGAAAGCATGGCACA,75,2502288
mhpRp2,2.84,190,49,GGGGCTACATCGGCCACGAT,141,2494210
mhpRp2,2.22,159,49,GGCTGCGGACGATGATTCCA,110,2496377
mhpRp2,2.16,156,49,GGATCTGGGAAGAGATTATT,107,2493451
mhpRp2,0.1,53,49,GGAGGCGATACAACTCCTTA,4,2532410
mhpRp2,1.1,103,49,GCTGGCCAAATGTAGCGTAA,54,2479734
mhpRp2,1.28,112,49,GAGCGCCACGGTCGGCCATA,63,2485388
mhpRp2,1.14,105,49,CTAACTCGGCTGCCCTTCCA,56,2482449
mhpRp2,2.06,151,49,CGCTCTGAGTCTGCCTCCAT,102,2529581
mhpRp2,0.86,91,49,CCGATCGCGCAGCCTATAAA,42,2531036
mhpRp2,1.18,107,49,CATTAGTCTCACGCGGAAAA,58,2537215
mhpRp2,0.04,50,49,CAAGCATACGCCGCAGACTA,1,2533811
mhpRp2,2.78,187,49,AGAGCTAAATCCTGCACGAT,138,2489975
mhpRp2,1.1428571428571428,103,48,TTGCAACTGGTAGAGCTCAC,55,2521127
mhpRp2,3.183673469387755,203,48,TTATTCTGGGTGGTGCCAGT,155,2498290
mhpRp2,3.979591836734694,242,48,TTAATTATTAAACCATAACG,194,2535504
mhpRp2,0.04081632653061224,49,48,TGCTTGAGTTCTTCGTGGCT,1,2503565
mhpRp2,0.9183673469387755,92,48,TCTAATAAACCGAGGACGGC,44,2485503
mhpRp2,0.04081632653061224,49,48,GCAACTGATGACGTCCGACG,1,2504030
mhpRp2,0.32653061224489793,63,48,CTTCGTACCTCACAGTCTAA,15,2509552
mhpRp2,0.9183673469387755,92,48,CCGAGCCGACTCAAATCAAC,44,2502384
mhpRp2,1.163265306122449,104,48,CAGAAAGATGTATTCGCTGC,56,2530317
mhpRp2,2.183673469387755,154,48,CAACTGCGAGGGCACAGCCA,106,2499988
mhpRp2,3.5510204081632653,221,48,ATCGGACACTGTTGACCAAG,173,2507292
mhpRp2,4.040816326530612,245,48,AGTTGTGTCGGGGACTCGTG,197,2506088
mhpRp2,0.9591836734693877,94,48,AGGCAGTACAGCGTACGTGA,46,2503448
mhpRp2,0.8979591836734694,91,48,ACTGGTCAGTCGAAGAACTC,43,2481580
mhpRp2,0.041666666666666664,48,47,TGTCCGTTCTCTGGGAGCCG,1,2541530
mhpRp2,4.791666666666667,276,47,TCAGTTGGTAATAAGCTACA,229,2494881
mhpRp2,0.041666666666666664,48,47,TCAAAGAAGCCTTTGAAGGA,1,2541669
mhpRp2,3.0,190,47,TAGCTGAGGACTAGGCAAGA,143,2495626
mhpRp2,1.4375,115,47,GTTACTAGAGGGCTCGGATG,68,2531993
mhpRp2,2.8958333333333335,185,47,GTGCCGAAACGTCCATTACC,138,2529508
mhpRp2,1.75,130,47,GTACTCATATAGAGAGTCCA,83,2511180
mhpRp2,4.375,256,47,GAGCTTGACCGAACGCACTT,209,2484131
mhpRp2,1.9375,139,47,CGGATCTAGGCGGGAGAATG,92,2509026
mhpRp2,3.5416666666666665,216,47,CATAGGTATTCTGATACAAA,169,2495485
mhpRp2,2.4375,163,47,ATCTAGTCTTCCCCCAACGT,116,2520752
mhpRp2,1.5625,121,47,AGAAGTTCCTAAGTGCTATA,74,2514274
mhpRp2,0.0625,49,47,ACAGGTGAAAATGCAGAAAC,2,2540677
mhpRp2,8.25531914893617,433,46,TTTCACAGGGTTGCTTCTAA,387,2495669
mhpRp2,0.06382978723404255,48,46,TGAGGCATGAGTCTTCGCGT,2,2492540
mhpRp2,2.723404255319149,173,46,GTACAGAGGCCGCTTATTTG,127,2515142
mhpRp2,0.0425531914893617,47,46,GCGGTGGGGAGTCATACATT,1,2533762
mhpRp2,1.0,92,46,GAGGCGCGGTTCCCGGAATG,46,2492971
mhpRp2,0.0425531914893617,47,46,CTAAAAGTAGTTTCACTGTA,1,2481461
mhpRp2,1.3404255319148937,108,46,CGTTAATTTGCAGGTATGGA,62,2503062
mhpRp2,1.3829787234042554,110,46,CGACGACGTGAAAGATTTGC,64,2530155
mhpRp2,2.8297872340425534,178,46,CGAAGATAAGTACCTCTATA,132,2492388
mhpRp2,1.2553191489361701,104,46,CCTGTGCACTTACAGGATTT,58,2487153
mhpRp2,1.1914893617021276,101,46,CCCTTAACCAAGGTAATGCA,55,2494844
mhpRp2,0.0425531914893617,47,46,ACGTATAATTTTTACCGCGG,1,2515336
mhpRp2,0.0425531914893617,47,46,AATCAACCACGATTTACGTT,1,2485724
mhpRp2,0.043478260869565216,46,45,TGGGCTAACAACAATGTGGT,1,2498907
mhpRp2,1.5434782608695652,115,45,TGCAATCGCGACTACGACTC,70,2489163
mhpRp2,1.2391304347826086,101,45,TCTGATAGGTCTCCGCCCGA,56,2502728
mhpRp2,1.0217391304347827,91,45,TATTCGTATCAGGCATGCCC,46,2489677
mhpRp2,1.565217391304348,116,45,TAGCTAGCACGACTCAGCCC,71,2496601
mhpRp2,0.043478260869565216,46,45,TACAGATGTTCAGTGAAACA,1,2487636
mhpRp2,1.6304347826086956,119,45,GTTCATATAATGCATTACGA,74,2516367
mhpRp2,1.1304347826086956,96,45,GCGGTCGAGTGGCTCCATTA,51,2513517
mhpRp2,1.4565217391304348,111,45,GCGCGGGGTCAGCCCATTCT,66,2520620
mhpRp2,1.391304347826087,108,45,GCCTAAGTCTCGGAGCACCA,63,2498349
mhpRp2,0.7608695652173914,79,45,GCCCTCCTGGGCTTCATTAT,34,2517540
mhpRp2,1.1956521739130435,99,45,GATTGTTGACTACCTAAACT,54,2512425
mhpRp2,2.0434782608695654,138,45,GAATGCCTGGGTAGCTAGAT,93,2523409
mhpRp2,1.4782608695652173,112,45,CGTGGAAGCACGAACCGTTT,67,2482677
mhpRp2,2.739130434782609,170,45,CGGAGTGCGTAACTATGGGA,125,2538426
mhpRp2,0.043478260869565216,46,45,CCTAGCTTACATGCAAAGTA,1,2540478
mhpRp2,0.5434782608695652,69,45,CCGCGAGGCGTTGAGTAGGG,24,2501951
mhpRp2,0.043478260869565216,46,45,CAGAGCGAGGGCAGAACTTT,1,2510552
mhpRp2,1.6521739130434783,120,45,ATGCGGTTAACTGCTTTATT,75,2485960
mhpRp2,0.9777777777777777,87,44,TTGTCATACTGACGATGATG,43,2494247
mhpRp2,0.044444444444444446,45,44,GGTGAATGCAAGGCGCCCAC,1,2536599
mhpRp2,5.111111111111111,273,44,GGATCGCTTCTGGTTCTACA,229,2536382
mhpRp2,1.3555555555555556,104,44,GCGTATTACCAACCGAGCTC,60,2493556
mhpRp2,2.311111111111111,147,44,GCCATGTAGCCGCCTAGTAT,103,2490434
mhpRp2,6.177777777777778,321,44,CTGAGCTGTGAGCCGTGACT,277,2494134
mhpRp2,1.6444444444444444,117,44,CCTAGTCACGTACTACCGGG,73,2528839
mhpRp2,2.933333333333333,175,44,ATGAGAACACAACCCGGGTA,131,2482150
mhpRp2,1.2,97,44,AGTGTTTAGAGGTTGCGAGG,53,2543908
mhpRp2,1.488888888888889,110,44,ACCAGATTTACACTACCATT,66,2485406
mhpRp2,0.044444444444444446,45,44,AATGCCCGACTCCAGGCGTG,1,2521230
mhpRp2,0.06666666666666667,46,44,AATAAGACGGTCTAGTATGT,2,2510451
mhpRp2,1.1136363636363635,91,43,TTTTGTTCTGTTCCACGAGC,48,2521554
mhpRp2,0.6590909090909091,71,43,TTGTTTACGCGACGCGAACA,28,2505576
mhpRp2,0.045454545454545456,44,43,TTATCTGCATCAGAAATCCA,1,2500580
mhpRp2,3.090909090909091,178,43,TCATAATCTGCACGTTGCGT,135,2483765
mhpRp2,1.1136363636363635,91,43,GGGCGTCGTCGCTGCTACGT,48,2498377
mhpRp2,1.5909090909090908,112,43,GCGCACTTCTTACAGTTAGG,69,2534129
mhpRp2,1.4545454545454546,106,43,GAATACTATTCATACGCAGT,63,2489732
mhpRp2,0.045454545454545456,44,43,GAAGGTTGGATTACAAAGTT,1,2502289
mhpRp2,1.1818181818181819,94,43,CTCTGATCAGAGATGTGGAC,51,2499118
mhpRp2,0.045454545454545456,44,43,CTCATGCGTGCTGGTGAAGA,1,2503876
mhpRp2,2.75,163,43,ATGCGTCCCAACTCATAGCC,120,2486773
mhpRp2,4.068181818181818,221,43,ACTGAACGTTATTGGCACGT,178,2488918
mhpRp2,1.25,97,43,AATTGCATGCTAGTCGTCAC,54,2511958
mhpRp2,2.2093023255813953,136,42,TGATGTTTTTTTTCTGGCCT,94,2524873
mhpRp2,1.558139534883721,108,42,TCAGTCTATGTACGCGACAT,66,2528178
mhpRp2,1.6744186046511629,113,42,TATCTCTGGTCCCTGCTCGA,71,2486011
mhpRp2,1.7906976744186047,118,42,TACTAGCTGTTATAAAGAAA,76,2493053
mhpRp2,2.6511627906976742,155,42,TAAACCACATTGTGGCAAAA,113,2533199
mhpRp2,1.813953488372093,119,42,GTGGTTTTACAGTTAAGGAT,77,2508301
mhpRp2,1.372093023255814,100,42,GTGGGGTTGAAGGTGGGCCT,58,2487700
mhpRp2,1.1627906976744187,91,42,GGCATTGGAGCCGGAAATAT,49,2493323
mhpRp2,1.6744186046511629,113,42,GGATGACTGTCGTCTGCTAA,71,2515203
mhpRp2,0.046511627906976744,43,42,GAATCGAGAGTTAACCACTA,1,2510905
mhpRp2,0.046511627906976744,43,42,CTTAAAGACGGCAGCCTTAC,1,2487888
mhpRp2,1.3255813953488371,98,42,CGGCCTGCATTGATTCGACT,56,2493522
mhpRp2,0.18604651162790697,49,42,CGAACTATGAGTTATGAACA,7,2539854
mhpRp2,2.604651162790698,153,42,CCATGGTAAGGGGGTTCGAG,111,2512364
mhpRp2,1.2325581395348837,94,42,CACTTTGTTAGGGGACCAAT,52,2490118
mhpRp2,0.046511627906976744,43,42,CAAGACGGCAAACGAAGGCT,1,2515193
mhpRp2,1.3255813953488371,98,42,ATTATGTAATGACCAAACGC,56,2489379
mhpRp2,1.302325581395349,97,42,AGACGGCTAAGCGGGGGCAC,55,2489127
mhpRp2,0.046511627906976744,43,42,ACGTCTCAATCGATCCATCT,1,2485145
mhpRp2,1.8372093023255813,120,42,AACGAGCCATCCTTATCGAC,78,2491220
mhpRp2,1.7142857142857142,112,41,TCGTGATGGGGGCTTACATA,71,2486915
mhpRp2,0.7857142857142857,73,41,TCGCCGCGGGGTGCTCCACA,32,2498935
mhpRp2,0.7857142857142857,73,41,TAGGGCACACCTAAAACGCA,32,2487172
mhpRp2,1.0238095238095237,83,41,GTTGCAACGCATGCGCAGAT,42,2482234
mhpRp2,2.5238095238095237,146,41,GTCACTTTATTCCGCAGGCA,105,2495479
mhpRp2,1.0238095238095237,83,41,GTATCTGCGATTCATGGTGA,42,2513438
mhpRp2,1.5,103,41,GCGCAGTGCTTTTAACACCA,62,2523657
mhpRp2,2.642857142857143,151,41,GATGTATGGCAGGGGCCAAT,110,2540912
mhpRp2,0.047619047619047616,42,41,GATCTAAACGGCAATAAGAG,1,2502419
mhpRp2,0.047619047619047616,42,41,CTCTCCGGTCGTCTCAGCTG,1,2529915
mhpRp2,0.8095238095238095,74,41,CGTTCGTCCGCCTGTGCTCC,33,2487790
mhpRp2,1.5476190476190477,105,41,CGTGCTTGATGATTCGCATG,64,2489590
mhpRp2,3.3333333333333335,180,41,CGGACTCATGACCCTATTCT,139,2540395
mhpRp2,1.3095238095238095,95,41,CGATGGGATGTGTGTGCGCG,54,2515616
mhpRp2,1.5,103,41,ATACACCTCGCTCGCATCAT,62,2481191
mhpRp2,0.8095238095238095,74,41,AGCGATTCATAACAGCTGTT,33,2517512
mhpRp2,1.380952380952381,98,41,AATAAGGTCGTGTCGGAGAT,57,2485490
mhpRp2,0.3902439024390244,55,40,TTCTGATAGCTGGTCTGGCT,15,2491301
mhpRp2,1.5121951219512195,101,40,TTCCTGCTTCAAGATATCAC,61,2490217
mhpRp2,2.707317073170732,150,40,TGGCATCCCGCAGATGTTTA,110,2541393
mhpRp2,1.6829268292682926,108,40,TGAGTATTGACAATACGTTA,68,2495182
mhpRp2,4.2682926829268295,214,40,TCGGACCTGGATAAGGCCCT,174,2508695
mhpRp2,1.5853658536585367,104,40,TCCTCACGTTAATACCATTT,64,2491875
mhpRp2,1.5609756097560976,103,40,TATCACTGTGGAGGTAAAAC,63,2541356
mhpRp2,3.2439024390243905,172,40,GTTTACGATGGCGAAAGAAC,132,2531526
mhpRp2,1.5853658536585367,104,40,GTCCAGCTTTTATTGAATTA,64,2539520
mhpRp2,1.170731707317073,87,40,GGTGTCCTATAACCCGCTCC,47,2486875
mhpRp2,1.146341463414634,86,40,GGGATTCATCCGGGTTATAA,46,2543767
mhpRp2,1.1951219512195121,88,40,GACAGTTATCGGTCCCTCTC,48,2510926
mhpRp2,1.170731707317073,87,40,GACAGGATCGGCCTATGTCT,47,2485210
mhpRp2,2.658536585365854,148,40,ATTCTCGGTCCCTAGAGTCT,108,2485670
mhpRp2,2.048780487804878,123,40,AGATTATTCGGCGGGTGGAC,83,2498474
mhpRp2,3.4878048780487805,182,40,AAGTATCTCAAGGTGTCTGT,142,2536419
mhpRp2,1.275,89,39,TTGAAATCAAAGGGGCTGGC,50,2535510
mhpRp2,1.525,99,39,TCCCATCTTGTGGAGGATGT,60,2492765
mhpRp2,0.075,41,39,TCCAGGTCACATGTTAAAAT,2,2523492
mhpRp2,1.375,93,39,GTTACGTAGCCAGCGAGGTG,54,2512896
mhpRp2,1.3,90,39,GTGTTGAACCCATCCCATTT,51,2497601
mhpRp2,1.425,95,39,GGTGTTGCGAGTATCGACGC,56,2485959
mhpRp2,3.6,182,39,GCGATTTCACAAGTCAGTAG,143,2507780
mhpRp2,1.35,92,39,GCATGTAGGGGATGTGAGTA,53,2526131
mhpRp2,1.675,105,39,GCATGCGTAATGGCATACAC,66,2489295
mhpRp2,3.775,189,39,GACGTACGACGAGACTGGGA,150,2510000
mhpRp2,3.0,158,39,CTCCCGGCCTGCGTGCGGTT,119,2501913
mhpRp2,1.725,107,39,CACTGACTGATGGAATCGGT,68,2519121
mhpRp2,4.475,217,39,CACAGTGTGGACATTACTGC,178,2538249
mhpRp2,0.05,40,39,ATGCTGAGGGTGACACACTT,1,2481089
mhpRp2,1.5,98,39,AGCCGCCAGGTTGTAGGGTA,59,2514474
mhpRp2,1.5,98,39,ACGTGAACGTGATAGGTGTA,59,2542604
mhpRp2,2.225,127,39,ACGAGGGGGTAAAGCGGTCT,88,2535098
mhpRp2,2.975,157,39,ACAATTCGGCCAAGTCACCA,118,2479845
mhpRp2,4.7,226,39,AATCTCATACAGTTACAGGG,187,2507342
mhpRp2,3.9743589743589745,192,38,TTCACCGACCCCGCAATGAC,154,2507165
mhpRp2,1.5128205128205128,96,38,TGGTATAGCAATGTGCATTT,58,2494670
mhpRp2,0.05128205128205128,39,38,TGGCAGACTCTGGGCACTGG,1,2494195
mhpRp2,1.6666666666666667,102,38,TGGAAGGTGGAATTGAGCAG,64,2481545
mhpRp2,1.0769230769230769,79,38,GGGTACAATTTTATTCAAAT,41,2524627
mhpRp2,2.948717948717949,152,38,GGACAGTAGAAGCAAGACTT,114,2491006
mhpRp2,1.205128205128205,84,38,GAGATGTCCAGCAGGGGCAT,46,2542234
mhpRp2,1.2307692307692308,85,38,GAACAGTAACCGTTTTTCTG,47,2519662
mhpRp2,0.05128205128205128,39,38,CTCTAGCGTCTTATCACCAA,1,2508733
mhpRp2,2.230769230769231,124,38,CGCTCTGCGTTGTCCTATGT,86,2545196
mhpRp2,1.4871794871794872,95,38,CCGCGGGGCTTCGAGCAGTC,57,2544885
mhpRp2,1.3333333333333333,89,38,CCGACGCTACACAGATAATC,51,2507705
mhpRp2,1.4102564102564104,92,38,CCCTACGCGACTACAGACTT,54,2521412
mhpRp2,2.8205128205128207,147,38,CCCATACTGATACAATGTTA,109,2489555
mhpRp2,1.0256410256410255,77,38,ATTCGCCCCCTTTTTGTCAA,39,2480893
mhpRp2,0.05128205128205128,39,38,ATACATCCTCCTCTATGGGT,1,2491462
mhpRp2,1.5384615384615385,97,38,ACTCGCCCCCGGTTACATCC,59,2481132
mhpRp2,2.871794871794872,149,38,ACGGTGACGGACCTGGCAGC,111,2498087
mhpRp2,0.05128205128205128,39,38,ACCACATTACAGCATGCATT,1,2504365
mhpRp2,2.1538461538461537,121,38,ACACGAATATCGGGAGGTCA,83,2500125
mhpRp2,1.605263157894737,97,37,TTTGACTTCGATCACGCTCT,60,2514591
mhpRp2,0.7368421052631579,64,37,TGGCCTTCGGGGGATCATCA,27,2502814
mhpRp2,1.5,93,37,TGACGCTCGCGGGAGGGCAA,56,2492836
mhpRp2,4.394736842105263,203,37,GTTGTACGCATGGGTTGACA,166,2495686
mhpRp2,1.1578947368421053,80,37,GGTCCGGAGCAACGGATCAT,43,2480630
mhpRp2,1.368421052631579,88,37,GGGTTGGCCGGTCCTGGCTG,51,2499182
mhpRp2,3.3421052631578947,163,37,GGATACGCTCATTTTGACTA,126,2487390
mhpRp2,2.6578947368421053,137,37,GGAGGGCTGGTTCCTCCCAA,100,2540607
mhpRp2,1.8421052631578947,106,37,GCATGTGTTGTTAATAGCAA,69,2511812
mhpRp2,3.4473684210526314,167,37,CTTGCATCGATTTCAGTACT,130,2505275
mhpRp2,1.394736842105263,89,37,CGGCACCCTCATCACGAGCT,52,2508165
mhpRp2,1.7105263157894737,101,37,CCTGAGCCTCCTCATAGGAA,64,2506139
mhpRp2,0.05263157894736842,38,37,CATTTACTTCTAGCAGTTAT,1,2538472
mhpRp2,1.368421052631579,88,37,CAGGTAGAGGCCATTGATGG,51,2510798
mhpRp2,1.631578947368421,98,37,ATCAATACCAATAAGAGTGG,61,2528711
mhpRp2,0.05263157894736842,38,37,ACGCGTTGCGGAACTCGTTA,1,2511276
mhpRp2,1.394736842105263,89,37,ACCGCCGATTGTTTGTCGGA,52,2500071
mhpRp2,1.7894736842105263,104,37,AAGTCGGCTGAAGGACAATT,67,2523706
mhpRp2,2.5789473684210527,134,37,AAGCTTTCGTATACGTCTCT,97,2487294
mhpRp2,1.8157894736842106,105,37,AACTGTAGTAAACCGAGGTA,68,2522830
mhpRp2,0.07894736842105263,39,37,AACGGAGGTGTAGTAGTTCG,2,2545410
mhpRp2,2.1578947368421053,118,37,AAACAAGAGGCGCCACGTAT,81,2543553
mhpRp2,1.4054054054054055,87,36,TTGGCCGCTTTGATCGCCCA,51,2518000
mhpRp2,0.05405405405405406,37,36,TTCGCGTGGGAACTTAGGAA,1,2544679
mhpRp2,1.4324324324324325,88,36,TGCGCTAGGTCAACAACCCG,52,2541852
mhpRp2,1.7837837837837838,101,36,TGACTGCGGTAGACAGCCTG,65,2501778
mhpRp2,0.972972972972973,71,36,TGACTCTTTTTCCTGAAGTG,35,2520621
mhpRp2,5.27027027027027,230,36,TAAGCCTGAAATAGGTTAGA,194,2543916
mhpRp2,1.4864864864864864,90,36,GTTTAGGGACGTGGTATGAT,54,2496910
mhpRp2,0.05405405405405406,37,36,GTCGTGAGCTCGCAGTCGCT,1,2505185
mhpRp2,0.08108108108108109,38,36,GGGAGAGTTGGTCGGGTGTA,2,2519079
mhpRp2,1.6756756756756757,97,36,GGCAGGAAAGCGGAAGACCA,61,2487113
mhpRp2,1.6756756756756757,97,36,GGAATGATGGGACCCTGTTC,61,2522434
mhpRp2,1.1081081081081081,76,36,GCCCTTACACATCTATCAAC,40,2492697
mhpRp2,2.1621621621621623,115,36,GCAGGAGAGATCACCTTGGT,79,2545820
mhpRp2,1.3783783783783783,86,36,GAGATAGGGTCGAATAGGTT,50,2497390
mhpRp2,2.027027027027027,110,36,CGTAGTACCTTAGCGTACTT,74,2503142
mhpRp2,1.6486486486486487,96,36,CCACTATCCTTGCGCTGGCA,60,2517508
mhpRp2,1.6216216216216217,95,36,CATTGGTCCTCCTCGCACGC,59,2485004
mhpRp2,2.054054054054054,111,36,CACCGAATGCATGACCGGAC,75,2539892
mhpRp2,2.810810810810811,139,36,ATTCGGCGAACTGTGCATCG,103,2492393
mhpRp2,0.9459459459459459,70,36,AGTGAGAATGACAAGCTTCA,34,2543145
mhpRp2,1.2162162162162162,80,36,AGCGTCGGAAACCTATACCA,44,2516608
mhpRp2,1.135135135135135,77,36,AGCCAACGACGTTACGGTTG,41,2490510
mhpRp2,0.05405405405405406,37,36,AGCATTAATGAGCCTAGCGT,1,2484544
mhpRp2,0.05405405405405406,37,36,AGAGGGTATACTCATTGTGT,1,2503938
mhpRp2,0.05405405405405406,37,36,ACTGGGCAAAAGTAGGTCAA,1,2541759
mhpRp2,1.054054054054054,74,36,ACCTACGGGGCTTCTGATGC,38,2481340
mhpRp2,0.8378378378378378,66,36,AACGATGTCCTCCCATTTTA,30,2487140
mhpRp2,1.1944444444444444,77,35,TTTCACTTGGCAGGCCTCAG,42,2482450
mhpRp2,2.5277777777777777,125,35,TTCCTATTCCGTATATACGT,90,2485964
mhpRp2,1.6388888888888888,93,35,TGTTCCGGTCTCATAGAGGA,58,2517529
mhpRp2,0.05555555555555555,36,35,TGCAAGTAGTCAAATATACA,1,2504264
mhpRp2,3.5,160,35,TCCTGCTGCCATAATATCAC,125,2495344
mhpRp2,1.6666666666666667,94,35,TATGTGAATACTACAACTGC,59,2539010
mhpRp2,1.5,88,35,TAGATCAGTCCTTCAGAAGT,53,2533245
mhpRp2,1.5555555555555556,90,35,GTCTCTCTGCGCGCCAGTCA,55,2518773
mhpRp2,3.9444444444444446,176,35,GTCTCTAATCTCTGTTAGTG,141,2490518
mhpRp2,2.861111111111111,137,35,GTATGTGATGGTCGGTCAAT,102,2507708
mhpRp2,3.7777777777777777,170,35,GGTCATGTTAGAAGACTCAT,135,2495671
mhpRp2,4.027777777777778,179,35,GGGTAGATTATCAGACACAT,144,2513748
mhpRp2,1.2222222222222223,78,35,GGAGGGCGGGTGCCGATAGG,43,2523442
mhpRp2,1.1111111111111112,74,35,GGACAGAACTCCTCCAATAC,39,2506662
mhpRp2,1.5833333333333333,91,35,GCTATGCATGATTAGGTCAT,56,2512008
mhpRp2,1.5277777777777777,89,35,GCGTGCGGCATTCAATGTAT,54,2485320
mhpRp2,1.7777777777777777,98,35,GCAGCACAAGCTGGAACAGT,63,2497311
mhpRp2,2.111111111111111,110,35,GCAGACACGCCGCGTAAGGT,75,2489981
mhpRp2,1.9722222222222223,105,35,GATCCTGAGTGCTGTCAGTA,70,2515356
mhpRp2,0.05555555555555555,36,35,GACACGCAAACATGTCGCTT,1,2481975
mhpRp2,1.9166666666666667,103,35,CTCATCGTCCCGTTGTTCAC,68,2481661
mhpRp2,0.05555555555555555,36,35,CGACATGCATGCTGACCCTG,1,2495867
mhpRp2,1.3333333333333333,82,35,CCTCCGTTGGCACCTACAAT,47,2494568
mhpRp2,1.0555555555555556,72,35,CCGCATGGGCTGGTGATCAA,37,2489543
mhpRp2,1.3333333333333333,82,35,CCAGGCGTCTCTTATTACAA,47,2514762
mhpRp2,3.1666666666666665,148,35,CAGCCGTTAATCAGTCACTT,113,2502643
mhpRp2,5.916666666666667,247,35,CACTTTATACTAATCACGGT,212,2506348
mhpRp2,1.75,97,35,ATCTGTTCTCGATATTTCAG,62,2496607
mhpRp2,2.2777777777777777,116,35,AGTCTATAACCCAGTTAATT,81,2502803
mhpRp2,1.4,82,34,TTTCGCTGAAACCGAAGATA,48,2489227
mhpRp2,1.1714285714285715,74,34,TTCAATGTTGGACATTCATT,40,2505632
mhpRp2,4.085714285714285,176,34,TTATCCACCAGAGCTGGAAG,142,2500845
mhpRp2,4.228571428571429,181,34,TTATACAAGGATTGAAGGTT,147,2519086
mhpRp2,1.4857142857142858,85,34,TGGAATGTTGCTTTCCTGAA,51,2480353
mhpRp2,1.0857142857142856,71,34,TCTTGTGAGTAGCAGCAGTC,37,2503035
mhpRp2,4.114285714285714,177,34,TCTCTAGGATCATTGCATTT,143,2483132
mhpRp2,1.7142857142857142,93,34,TCCTTCGCAACAACTACCAC,59,2506323
mhpRp2,1.6,89,34,TCATCCTACCCGCTCGGGCG,55,2492979
mhpRp2,0.05714285714285714,35,34,TCACTCAGGGTTCGATCCCA,1,2527992
mhpRp2,2.057142857142857,105,34,TATTCTATGTAGCAACCTGT,71,2527538
mhpRp2,5.371428571428571,221,34,TATATCTCAGTATCATGTGT,187,2502550
mhpRp2,1.2571428571428571,77,34,TAGCTTCTCGGTCATGATCC,43,2493041
mhpRp2,1.7142857142857142,93,34,TACACCGCAATACTCAATAG,59,2486864
mhpRp2,1.5714285714285714,88,34,GTCCACCGCCATACTCGGCC,54,2485396
mhpRp2,1.7142857142857142,93,34,GGTTATCTTAAGGCGTCGCT,59,2524629
mhpRp2,0.08571428571428572,36,34,GGTTATATTGGTTCGAGTTA,2,2488470
mhpRp2,1.4,82,34,GAACCCGGCAGCCGAGGACT,48,2519080
mhpRp2,1.2571428571428571,77,34,CTACCGTATCCAATGTCAAC,43,2481386
mhpRp2,1.8,96,34,CTACCCAGTGTCGAACGTGC,62,2505631
mhpRp2,1.457142857142857,84,34,CGCGAAAAACGTTATCAGTT,50,2509374
mhpRp2,1.3714285714285714,81,34,CGAGCGGACGTGCTTTTGGG,47,2489405
mhpRp2,3.3714285714285714,151,34,CGACATTTTGACCATTCAAC,117,2534160
mhpRp2,0.7428571428571429,59,34,CCCCAGTGTTTTCAGGTTGT,25,2531682
mhpRp2,1.7714285714285714,95,34,CCAAGATACTGACACCTCGT,61,2485389
mhpRp2,0.05714285714285714,35,34,CAAGGCTTTCAGAGACTATT,1,2496752
mhpRp2,2.8,131,34,CAAGAGACATCGAGACTCCA,97,2522402
mhpRp2,1.9428571428571428,101,34,ATCACCGCTGGCACGTCGTG,67,2530349
mhpRp2,6.914285714285715,275,34,AGTAGCCCACGGTTGCATGA,241,2536385
mhpRp2,1.7428571428571429,94,34,AGATGTACCTTTTGGTCGAA,60,2492300
mhpRp2,2.3714285714285714,116,34,ACTATCAATATAGCTTGCAA,82,2495518
mhpRp2,3.0285714285714285,139,34,ACCCTCTGAGCGGCAGCGAA,105,2493508
mhpRp2,4.142857142857143,178,34,AATGTTTCGGGACGAGCAGG,144,2488538
mhpRp2,1.7058823529411764,90,33,TTTAACCTTCGTTTACTAGA,57,2492389
mhpRp2,1.2058823529411764,73,33,TTGGGAGCGTAGTGTGGTAG,40,2481369
mhpRp2,3.0588235294117645,136,33,TTACGTTGTCGAAGCTGCGT,103,2487835
mhpRp2,4.647058823529412,190,33,TGATAGATCGATGTTACCAC,157,2524142
mhpRp2,0.9705882352941176,65,33,TGACCGGGTACATCCCCCCA,32,2486775
mhpRp2,5.205882352941177,209,33,TCACTATAAGGTCACCCAAG,176,2485148
mhpRp2,2.264705882352941,109,33,TATCGGACATTGCTGACCGA,76,2508802
mhpRp2,1.2647058823529411,75,33,TATATTCCCGTCACATATAT,42,2489126
mhpRp2,1.6470588235294117,88,33,GTTACGGCGTTCGATAGTGA,55,2535585
mhpRp2,3.8529411764705883,163,33,GTGGCGTCGTTAGATGAATA,130,2534207
mhpRp2,0.058823529411764705,34,33,GTATGGCTGTGCGCCTATGC,1,2509906
mhpRp2,1.3235294117647058,77,33,GCTCGGCATTAACCCGTATT,44,2531022
mhpRp2,1.4411764705882353,81,33,GCGGTTCTAGTCCCTGATGG,48,2535660
mhpRp2,2.6176470588235294,121,33,GCGCTCATATGTTCTGGTCT,88,2509886
mhpRp2,1.8529411764705883,95,33,GCCGTACGGTGCCACACGAT,62,2482900
mhpRp2,1.588235294117647,86,33,GCACTGTAGCCCCGCTTATT,53,2534348
mhpRp2,1.5294117647058822,84,33,GACTAGTCAGGAAAGATTGC,51,2545417
mhpRp2,0.4411764705882353,47,33,GACCAATCTTTATTGCCCAA,14,2531213
mhpRp2,0.058823529411764705,34,33,CTGAGAGGCAGAGCCAACTC,1,2540846
mhpRp2,3.411764705882353,148,33,CGTGCACTGTCAGTCAGTCA,115,2489161
mhpRp2,0.058823529411764705,34,33,CGTCTCACGCACTAGGGCTT,1,2502340
mhpRp2,1.9705882352941178,99,33,CGCTGCACCAAGCCATGAAC,66,2531270
mhpRp2,1.8529411764705883,95,33,CCCTACATTCGGGTCCCAAG,62,2493842
mhpRp2,1.8529411764705883,95,33,CAACAATTGAGAGATTACAT,62,2508076
mhpRp2,0.058823529411764705,34,33,CAAAGCGATTGAGTGTGGGA,1,2483767
mhpRp2,0.8529411764705882,61,33,ATGATTCTCTTCCGCCGCGA,28,2499761
mhpRp2,1.3235294117647058,77,33,AGTACACTTGGTCAAATGAG,44,2495127
mhpRp2,1.411764705882353,80,33,AGGCCTTTTTGCCAGTCGGA,47,2486608
mhpRp2,1.911764705882353,97,33,AGCAATCGCTATCGCCAAGT,64,2517413
mhpRp2,3.4411764705882355,149,33,ACCCAACTGGGTGAATGCGA,116,2496427
mhpRp2,1.6764705882352942,89,33,ACAATTGCGAACTCTGCTAC,56,2522076
mhpRp2,1.7352941176470589,91,33,ACAAGAATACCTCCGTAGGA,58,2517533
mhpRp2,1.7647058823529411,92,33,AAAGGGTGTGCGACTCCGGA,59,2481534
mhpRp2,0.058823529411764705,34,33,AAACTGACCGGACCGACAGG,1,2515007
mhpRp2,3.4242424242424243,144,32,TTTCCGCGGAGTGCCCACCC,112,2495174
mhpRp2,5.878787878787879,225,32,TTAGTTGTTTGTTGCCTCAT,193,2530676
mhpRp2,0.06060606060606061,33,32,TGTCCCATCGATGGTGTTCT,1,2480464
mhpRp2,0.15151515151515152,36,32,TGGTGTTCGGAGTCGCGAAG,4,2512749
mhpRp2,1.5151515151515151,81,32,TGCTGCCGTACGACTCGCAT,49,2520672
mhpRp2,2.303030303030303,107,32,TGACATCTTACAGCAGAGAT,75,2506615
mhpRp2,1.4242424242424243,78,32,TCGACTCCGGTGAGACCAAC,46,2519943
mhpRp2,1.3333333333333333,75,32,TCCAAAGCTGGGAGGTCGGC,43,2494137
mhpRp2,3.484848484848485,146,32,TAGCTCCTCTTGCTCTCCGT,114,2506696
mhpRp2,3.3636363636363638,142,32,TACTCCTTCTTTGGCGCGTG,110,2484493
mhpRp2,3.3333333333333335,141,32,TAATGTCTAGGCGGCGGGCT,109,2537095
mhpRp2,1.606060606060606,84,32,GTTTATCCAAGTTGTAGTAT,52,2485146
mhpRp2,0.06060606060606061,33,32,GTGCTTGGTCGGGCAGTTTT,1,2485347
mhpRp2,0.06060606060606061,33,32,GTGAATCATTATGTTTCAAG,1,2517538
mhpRp2,0.06060606060606061,33,32,GTCAATCTGTACTAACGGCC,1,2539983
mhpRp2,2.0606060606060606,99,32,GGCGCCTTCTCTGGATGGCA,67,2544384
mhpRp2,3.212121212121212,137,32,GCAGCCAAGCAACTTGTGGT,105,2498737
mhpRp2,2.1818181818181817,103,32,GCACTAACCTCGGAGTTGCC,71,2491433
mhpRp2,2.878787878787879,126,32,GATAAAAGGGGCGTTATCAT,94,2530671
mhpRp2,0.5757575757575758,50,32,GACGGCCCAAAGGCGCCCCG,18,2519176
mhpRp2,1.2424242424242424,72,32,GACCGAGCGCGGCCGCCAAT,40,2499418
mhpRp2,0.06060606060606061,33,32,GAATAGCCCGCGTCTCGCCC,1,2483779
mhpRp2,1.0606060606060606,66,32,CTTTTAGGCATGCCTGCCCA,34,2500108
mhpRp2,1.4848484848484849,80,32,CTGCTCCTTCACGGCTAGCA,48,2511964
mhpRp2,2.272727272727273,106,32,CTATGTGCCGTTAGGGCCAG,74,2523974
mhpRp2,1.5454545454545454,82,32,CTAGAAGTCTGTCTCCAATC,50,2524209
mhpRp2,1.9696969696969697,96,32,CGTTTTGCTATCTTCTACAA,64,2509690
mhpRp2,2.484848484848485,113,32,CCTATCGTAGACGAAATGCT,81,2507290
mhpRp2,0.06060606060606061,33,32,CCGTTGGTAGATGAGCTAGC,1,2484817
mhpRp2,1.4848484848484849,80,32,CCGGGAACACGGAGGCATCT,48,2495580
mhpRp2,0.7575757575757576,56,32,CACTGGTCTCCCGATAGAGG,24,2481731
mhpRp2,2.727272727272727,121,32,CACTACTGCCGGTGGCGCCT,89,2506522
mhpRp2,2.757575757575758,122,32,CACACTTGCCTCTAATTTTG,90,2495790
mhpRp2,1.2121212121212122,71,32,ATTTGCCTGGCCAGATTGGA,39,2480766
mhpRp2,0.06060606060606061,33,32,ATTGCAAGCTTGCATTCAAA,1,2494718
mhpRp2,1.5454545454545454,82,32,ATGTCATCTGCCTTCTCGGG,50,2488365
mhpRp2,2.484848484848485,113,32,ATATCATAGTCTTAAGCAGC,81,2484038
mhpRp2,2.0606060606060606,99,32,AGTTGCTGCGACAACGCTAG,67,2494526
mhpRp2,2.0606060606060606,99,32,AGTGTTCACGCACTTATGGG,67,2487392
mhpRp2,0.06060606060606061,33,32,AGGGTTAGGTGACATTAGCC,1,2484414
mhpRp2,0.06060606060606061,33,32,AGCGTGGGACCAGCCGGAAA,1,2483434
mhpRp2,3.5757575757575757,149,32,AGATGGTAGTCTTATAAGTT,117,2537033
mhpRp2,0.06060606060606061,33,32,AGAGGCACGGAGGGTGGCTT,1,2494522
mhpRp2,1.2121212121212122,71,32,AGAGCATTTCGTGGGAATCC,39,2521948
mhpRp2,2.0303030303030303,98,32,AGACACGTAGCGAGATAGGA,66,2479941
mhpRp2,1.7878787878787878,90,32,ACGGTTACGCTCCCCTTCAC,58,2499912
mhpRp2,1.9696969696969697,96,32,ACGGTGCGTCCGAGGGCCAT,64,2528704
mhpRp2,0.06060606060606061,33,32,ACCCTATTGCATATATTGTG,1,2497258
mhpRp2,8.696969696969697,318,32,ACATTTCATATCGAGCACAA,286,2504142
mhpRp2,2.1515151515151514,102,32,ACACAGTTTACTCCCTTGGG,70,2482090
mhpRp2,1.9696969696969697,96,32,AATAGCCGAGTGTGGACGTT,64,2540394
mhpRp2,0.06060606060606061,33,32,AACACTCCACTCGATTTGGG,1,2537171
mhpRp2,1.7575757575757576,89,32,AAACACGAAGCAGGACGGCA,57,2485144
mhpRp2,0.7575757575757576,56,32,AAAATCTTCAGGTTTACTCG,24,2512716
mhpRp2,1.71875,85,31,TTTAGAGCCCTTCCTAAGCT,54,2480024
mhpRp2,4.15625,163,31,TTAAGGCTATACGTATGATG,132,2495668
mhpRp2,1.5,78,31,TGGGACAGCGTAAAAAGATT,47,2526407
mhpRp2,3.46875,141,31,TGCATATGACCGTCGGCGTT,110,2526338
mhpRp2,0.0625,32,31,TCTGATGTAACTACGGAATG,1,2528589
mhpRp2,1.78125,87,31,TCGGGATTTCAGACGCCCGT,56,2539006
mhpRp2,1.96875,93,31,TCCTTCAAATGAGGTCGCCA,62,2505371
mhpRp2,1.3125,72,31,TCATCCGTAGATGCGCCTTA,41,2492893
mhpRp2,4.1875,164,31,GTGTTCTAAAGTTACACACC,133,2481184
mhpRp2,0.0625,32,31,GGTACGTTAGGGCTTCACTA,1,2523117
mhpRp2,0.09375,33,31,GGCTCAGTTGGGGAGTACTA,2,2498170
mhpRp2,0.0625,32,31,GGATCTGGAAAGGACAGGCG,1,2542033
mhpRp2,1.5,78,31,GGATCGCGCACCTGGGTAGT,47,2513710
mhpRp2,2.0625,96,31,GCGTTATCCCAAATAGTCCA,65,2507163
mhpRp2,0.0625,32,31,GAAGGATAGAGATGTGGAGC,1,2512613
mhpRp2,3.65625,147,31,CTTGAAATGCGGCATGTTTC,116,2479584
mhpRp2,0.0625,32,31,CTCAAACGACTAGCACTTCA,1,2521947
mhpRp2,1.53125,79,31,CTATTATGATTACCCCGCGT,48,2493545
mhpRp2,7.90625,283,31,CTAACTTGGTCTCCTAGCGC,252,2485069
mhpRp2,0.0625,32,31,CGGACGCCCTGGTTACGCCC,1,2525495
mhpRp2,0.0625,32,31,CCGAACGCAGCGCTACGAAT,1,2491727
mhpRp2,1.28125,71,31,CCATATAAAAGACTCGGATA,40,2506954
mhpRp2,1.875,90,31,CAGGACCCCGGTCCAGCATC,59,2492472
mhpRp2,0.0625,32,31,ATTGTGCTTATCAAAAGTAA,1,2482335
mhpRp2,4.8125,184,31,ATCGAAGAGTCAGCACTCTT,153,2515118
mhpRp2,0.0625,32,31,AGGTTCTTGGGATCTCAGCT,1,2500093
mhpRp2,0.09375,33,31,AGGTCGTGATTTTATTGAGA,2,2529550
mhpRp2,2.28125,103,31,AGGTAGCGTGCTACCGTCTA,72,2501041
mhpRp2,1.90625,91,31,AGGCCCCCTCTCAGTAAAAT,60,2494876
mhpRp2,1.8125,88,31,AGGCCCACGAGGTTGTGCAT,57,2495723
mhpRp2,1.1875,68,31,AGACGTTCACTTAAAGCAGG,37,2525959
mhpRp2,2.75,118,31,ACTTCATGAAACCCTCGTTT,87,2520018
mhpRp2,0.0625,32,31,ACTTAGCGTATCGTGATGAG,1,2492364
mhpRp2,2.71875,117,31,ACTGTTAGGACATCGGTACC,86,2494372
mhpRp2,2.625,114,31,ACGTATTCTATTTTTTCCTA,83,2481583
mhpRp2,0.0625,32,31,AATAGCACCCATAAGCATCA,1,2483430
mhpRp2,2.40625,107,31,AAGTGAGTTCCAGGAGGAAC,76,2481925
mhpRp2,1.0,62,31,AACGCTCGCCGGAAATCCTT,31,2506077
mhpRp2,0.09375,33,31,AACCGACAATACCGCGTAAG,2,2515140
mhpRp2,3.78125,151,31,AACAAGGCCGTATGTATGCG,120,2527277
mhpRp2,1.903225806451613,88,30,TTATGTTTTAACCCAACATC,58,2520031
mhpRp2,0.06451612903225806,31,30,TTAGTCCTGTGAGGTCACTT,1,2482942
mhpRp2,1.6129032258064515,79,30,TTACTTGGTTGGCTCATCAT,49,2492046
mhpRp2,3.7096774193548385,144,30,TGTTAAGCAGATCATGCGCA,114,2530390
mhpRp2,3.032258064516129,123,30,TGTGGTCACTCGTCTACGGG,93,2520262
mhpRp2,2.0,91,30,TGTCTAAGCTAGCTTCCGCC,61,2535475
mhpRp2,1.4838709677419355,75,30,TGCTGACCTTCGACAAAGCT,45,2483664
mhpRp2,3.2580645161290325,130,30,TGCGGCGCGTAAATCACATG,100,2525575
mhpRp2,3.0,122,30,TGATGCTCAAGATGGGAACA,92,2520622
mhpRp2,0.06451612903225806,31,30,TCTCCTCCGATGCGACGAAT,1,2481047
mhpRp2,2.0,91,30,TCGATTGCCCGTTATACCGG,61,2491706
mhpRp2,0.06451612903225806,31,30,TCCGAGGCCAATGCGAAATG,1,2521650
mhpRp2,2.967741935483871,121,30,TCCATCTATGAGAAGCAATC,91,2487302
mhpRp2,5.225806451612903,191,30,GTTGCATTAAGGCGTTACGT,161,2497659
mhpRp2,8.774193548387096,301,30,GTTAGTTTAAATCACATAAC,271,2514236
mhpRp2,1.032258064516129,61,30,GGTACCTCGACGCCAGGCAA,31,2518392
mhpRp2,1.5806451612903225,78,30,GGGCAGGGTTAGGCTCGCGC,48,2502521
mhpRp2,4.129032258064516,157,30,GGCAGATAGACACTATAGCA,127,2533483
mhpRp2,0.06451612903225806,31,30,GGAAATATGGAATCATAGGC,1,2538864
mhpRp2,0.8064516129032258,54,30,GCTACGGCGAGGCTCGGACT,24,2510101
mhpRp2,1.4838709677419355,75,30,GCCGCCGTTGCGCGTGCCCA,45,2518135
mhpRp2,4.387096774193548,165,30,GCATATGGAGCCTTTGTAAA,135,2497743
mhpRp2,1.6451612903225807,80,30,GAGCTCAGGCCACGCAGCCA,50,2540676
mhpRp2,2.193548387096774,97,30,GACGTACGAGGGAAGTACGT,67,2499799
mhpRp2,2.161290322580645,96,30,GAAGAGTCTGTCTGTGTACG,66,2513248
mhpRp2,1.8709677419354838,87,30,GAACGTGGCCTTTATTTTAC,57,2524374
mhpRp2,0.9032258064516129,57,30,CTGCTGCCCAAGCGGTGGAC,27,2520795
mhpRp2,2.032258064516129,92,30,CTGCGTTTCTTAAAGCCTGT,62,2502693
mhpRp2,1.7419354838709677,83,30,CTGCGTACGATCAACTTCCA,53,2492967
mhpRp2,0.967741935483871,59,30,CGCCAGGACAGATTCAAAGA,29,2506229
mhpRp2,1.5161290322580645,76,30,CGCAGTTGCACGCCCAACCC,46,2481927
mhpRp2,0.06451612903225806,31,30,CCCCAGAGCTTATCTCGGGT,1,2491722
mhpRp2,0.06451612903225806,31,30,CCAGGTGTATCTGCGACTCA,1,2499843
mhpRp2,2.5161290322580645,107,30,CAGTATGCTAAGGCCGAGAT,77,2524731
mhpRp2,4.806451612903226,178,30,CAGACGACTTGGTGCCGGCA,148,2537885
mhpRp2,4.161290322580645,158,30,CACAATAGAACACGGCGAGA,128,2527912
mhpRp2,0.0967741935483871,32,30,ATTCGATAGATCAGGTTTAT,2,2539424
mhpRp2,0.06451612903225806,31,30,ATGAGAGGAGGGCAAGGCGT,1,2495406
mhpRp2,1.4193548387096775,73,30,ATAGACACTGTAAGCGACGT,43,2508605
mhpRp2,1.2258064516129032,67,30,AGAAACCTCAGACTCTCGAG,37,2513412
mhpRp2,2.225806451612903,98,30,ACGTCGTGGAGCCGCCTTCA,68,2482093
mhpRp2,5.67741935483871,205,30,ACCCCACGTTGAGTCTTTCC,175,2503671
mhpRp2,0.06451612903225806,31,30,ACAGCTTCTTTATCCAAATT,1,2494521
mhpRp2,4.354838709677419,164,30,AATGCAATTGCGCCCACCTT,134,2519789
mhpRp2,0.06451612903225806,31,30,AAGAGTTGGCTACCCAATAT,1,2507776
mhpRp2,2.5483870967741935,108,30,AACCGCTATAAATGTTTGAC,78,2488145
mhpRp2,2.2903225806451615,100,30,AACATTTGACATCACGGAGA,70,2495183
mhpRp2,1.1935483870967742,66,30,AAAGTTCGATGATTCGGCTA,36,2487844
mhpRp2,3.096774193548387,125,30,AAAGGTCCTGTGGACTACTC,95,2522062
mhpRp2,2.066666666666667,90,29,TTTCGCCGCTGCCAAATCAA,61,2513822
mhpRp2,3.7666666666666666,141,29,TTGTGTTTTCCTGACACGGA,112,2535437
mhpRp2,0.06666666666666667,30,29,TTCTGGAACCCATGGCTTCA,1,2513017
mhpRp2,7.733333333333333,260,29,TGTACCGAACGATAGAGTTA,231,2530388
mhpRp2,1.6333333333333333,77,29,TCGTTCTTCCCTTCGCCGCA,48,2514192
mhpRp2,1.9666666666666666,87,29,TCGATATTATAGTGGGGGTT,58,2491878
mhpRp2,9.233333333333333,305,29,TCGACTTAGATATATAGGTA,276,2544858
mhpRp2,1.7333333333333334,80,29,TCCGGCGAACCCACCGAGTC,51,2490923
mhpRp2,1.7666666666666666,81,29,TCAATCATCAGTTGCTGGGG,52,2521296
mhpRp2,10.966666666666667,357,29,TACGTACCATACGGGTTCTA,328,2490620
mhpRp2,2.0,88,29,GGTAGAGAAGGGGATCCATC,59,2535029
mhpRp2,1.7,79,29,GCCAGGCGCCTATTACAGCT,50,2500079
mhpRp2,1.4666666666666666,72,29,GCATAGCACGCGTCTCTGTA,43,2497524
mhpRp2,1.7,79,29,GCAAGCTGCTCACTGTTCAT,50,2484715
mhpRp2,4.866666666666666,174,29,GATTACTTTTTCCGATTTTA,145,2523281
mhpRp2,1.8333333333333333,83,29,GAGACAGGGCGGTTTTTCGC,54,2530457
mhpRp2,0.06666666666666667,30,29,CTTTCCTTTAGACGCCCCCA,1,2498511
mhpRp2,1.4666666666666666,72,29,CTTTACAGGCTGTGACCCCA,43,2542945
mhpRp2,1.8666666666666667,84,29,CTACAGGTTGTCCCGTGGTC,55,2495125
mhpRp2,0.1,31,29,CTAAGGACAGAAGCCCTTAT,2,2496439
mhpRp2,0.06666666666666667,30,29,CGGATGGTGTTGCGCCACGA,1,2503699
mhpRp2,0.06666666666666667,30,29,CGATCAGCTTAGATTTATCT,1,2512699
mhpRp2,0.06666666666666667,30,29,CGAGCCGGGATAATCATTGA,1,2499701
mhpRp2,0.06666666666666667,30,29,CGAACCAGAGAGCTATCTCG,1,2539050
mhpRp2,0.06666666666666667,30,29,CATCTTGAGCCTCGTCTGAT,1,2492002
mhpRp2,0.06666666666666667,30,29,CAGTTGCAATGGCTATTCAA,1,2517458
mhpRp2,7.433333333333334,251,29,CAATTGTTCTCTACCTGCAG,222,2490917
mhpRp2,2.3333333333333335,98,29,ATGATGGCAGTTACGCATAT,69,2502996
mhpRp2,3.033333333333333,119,29,ATGATACCGGAGATTGCATA,90,2519411
mhpRp2,1.8333333333333333,83,29,ATAGTTGTTTGGTGAACGGC,54,2544405
mhpRp2,3.6666666666666665,138,29,ATACTCGCGGTGCGGGATCA,109,2522726
mhpRp2,0.06666666666666667,30,29,AGACGCCCCCGTCACCAGCA,1,2524014
mhpRp2,2.6333333333333333,107,29,AAGGGAGTCTATTCTCCTGT,78,2497742
mhpRp2,6.6,226,29,AACTGGTAGGTAGTTTGCAT,197,2499013
mhpRp2,2.7666666666666666,111,29,AACCTAAACTTCCAAGGTCA,82,2480635
mhpRp2,0.06666666666666667,30,29,AAACTTCCTCACGCGTTTCA,1,2539596
mhpRp2,2.6206896551724137,103,28,TTCGTAGTGAGGATTCAGCA,75,2515867
mhpRp2,1.793103448275862,79,28,TGCGAATTCTAGAGTTGGGG,51,2494878
mhpRp2,0.06896551724137931,29,28,TGACCTTGAGTTATCGACAA,1,2530152
mhpRp2,3.1379310344827585,118,28,TCCTCCGATGCTTCTAGTGT,90,2513813
mhpRp2,4.103448275862069,146,28,TCCTACTCCGTATATTGTGA,118,2508049
mhpRp2,3.2758620689655173,122,28,TCCGCCAATCGGCGGCACTT,94,2506333
mhpRp2,3.3793103448275863,125,28,TCAGGATAAAGAGAGATGAG,97,2485397
mhpRp2,2.1724137931034484,90,28,TATTTGGTCCCTAAGACTTG,62,2482212
mhpRp2,2.4827586206896552,99,28,TATAGAATGCGCTAGTGCCC,71,2497322
mhpRp2,2.2413793103448274,92,28,TAGTCTATGGCATCGGCTAC,64,2479557
mhpRp2,0.06896551724137931,29,28,TACGCCAGTAGGAGCTAGAT,1,2505187
mhpRp2,5.103448275862069,175,28,GTTTTCAGGCCAGCGAAACC,147,2501245
mhpRp2,0.06896551724137931,29,28,GGCATGATTGCTGTAACAGT,1,2518008
mhpRp2,3.896551724137931,140,28,GCGTTAAGATCCGACGAGCT,112,2500996
mhpRp2,1.4482758620689655,69,28,GCGGGTATTAGAGGCTCATG,41,2488588
mhpRp2,2.4827586206896552,99,28,GATGTTAAGAAAAGTCACTA,71,2489216
mhpRp2,1.8620689655172413,81,28,GATCCTAGGCTATTACATTC,53,2486921
mhpRp2,2.3793103448275863,96,28,GAGCCGGATGTTGTAGATAG,68,2503237
mhpRp2,2.3793103448275863,96,28,GAGAATATGTTGAGGAAATG,68,2486836
mhpRp2,1.4827586206896552,70,28,CTTGGTATCGTTCCTGAATG,42,2533383
mhpRp2,1.2413793103448276,63,28,CTTCACGAACTGAGACACGT,35,2510201
mhpRp2,2.310344827586207,94,28,CTCCAAGTATGGTCTCAGTG,66,2514188
mhpRp2,0.06896551724137931,29,28,CGGTGGAACGAGTTCCCTAT,1,2504468
mhpRp2,2.4482758620689653,98,28,CGGTCACATGGACGAGCGTA,70,2535460
mhpRp2,2.103448275862069,88,28,CGATGCCGGCTAAGTTAAGG,60,2524315
mhpRp2,2.0,85,28,CGAGGTAACATCAACGTCTT,57,2489070
mhpRp2,3.0344827586206895,115,28,CGAGGAAGCCTGAAGCGGAA,87,2517998
mhpRp2,0.06896551724137931,29,28,CCTGCGAACAGCCGTACGAG,1,2486779
mhpRp2,0.06896551724137931,29,28,CACGATTTGACGACCTTCGG,1,2500207
mhpRp2,2.206896551724138,91,28,CAATTATCAATACACACTGT,63,2518642
mhpRp2,0.06896551724137931,29,28,CAATTAAGTGATCAACTCGG,1,2504139
mhpRp2,2.0,85,28,ATTCGGGCGACGAGGGCCTG,57,2489884
mhpRp2,0.10344827586206896,30,28,ATGTCCTCAACGGTGTAACT,2,2483478
mhpRp2,0.06896551724137931,29,28,ATGGGAATGCTGCTCCAGCT,1,2534572
mhpRp2,0.06896551724137931,29,28,ATGGCGCGCCGGCCTTGCAA,1,2515453
mhpRp2,0.06896551724137931,29,28,ATCTGATAAGTGCCTCGACA,1,2522694
mhpRp2,6.517241379310345,216,28,AGGTTCATCGTACAAAACAC,188,2527055
mhpRp2,1.6551724137931034,75,28,AGGTACTTCTGGATGTGTGG,47,2537516
mhpRp2,2.3448275862068964,95,28,AGGGCTTTATCAATGACTAT,67,2495522
mhpRp2,3.2758620689655173,122,28,AGCGTCACAGGTATGCCAAT,94,2493099
mhpRp2,0.06896551724137931,29,28,AGCGCCGGTCCGTACAACGT,1,2502383
mhpRp2,2.9310344827586206,112,28,ACTTTGCGTCAGAGTCTTGC,84,2506230
mhpRp2,0.06896551724137931,29,28,ACTACCGGGGAAATACGTAG,1,2525949
mhpRp2,1.9655172413793103,84,28,ACCATATTAAGGGCCTGCGC,56,2512114
mhpRp2,4.586206896551724,160,28,ACCAATAATCTGCCACCGAT,132,2531441
mhpRp2,5.758620689655173,194,28,ACATTAGACGCCTTGGGCGC,166,2524871
mhpRp2,2.3448275862068964,95,28,AAGCAGTATCTGGCTCGGCT,67,2502937
mhpRp2,3.413793103448276,126,28,AACTGAATAGGTCATACTCT,98,2543146
mhpRp2,2.1724137931034484,90,28,AACGACTAAGAGTTGTCCGG,62,2522203
mhpRp2,1.9310344827586208,83,28,AAATCCGTATATGACTAACT,55,2525208
mhpRp2,2.4642857142857144,95,27,TTTTGGCTATAGGTAAAGAG,68,2536748
mhpRp2,0.07142857142857142,28,27,TTTAGCATCTCCGGCGTAAC,1,2484157
mhpRp2,2.0357142857142856,83,27,TTTACCATGGTTCTTGCGCT,56,2527083
mhpRp2,0.7142857142857143,46,27,TTGGTAGTACATCGTCGGCT,19,2483094
mhpRp2,1.9642857142857142,81,27,TTGCCTTCTAATTGGCGGTT,54,2521075
mhpRp2,4.678571428571429,157,27,TTAGATCCTCCGTGTAAGCA,130,2484953
mhpRp2,0.07142857142857142,28,27,TGGCGAAATCGCAGGGCTAG,1,2514589
mhpRp2,1.9642857142857142,81,27,TCTCTACCACAGGCCGCGAA,54,2480471
mhpRp2,0.07142857142857142,28,27,TCGTGCGCTGTTAGGCCCAT,1,2525277
mhpRp2,2.2857142857142856,90,27,TCGAAAGGGGGCCTCTGAAC,63,2506793
mhpRp2,2.392857142857143,93,27,TAATGCCAGCAAGGTCCACT,66,2513109
mhpRp2,2.857142857142857,106,27,TAAGGTCAGGCGCCCTTATG,79,2538504
mhpRp2,2.357142857142857,92,27,GTTATACTAGGGGGCTTGGA,65,2487418
mhpRp2,0.07142857142857142,28,27,GGGCACACTCATCATGGTGC,1,2492931
mhpRp2,0.07142857142857142,28,27,GGCCGGAAAGGATACTTTAG,1,2528414
mhpRp2,1.7142857142857142,74,27,GCTTGGTTCATTTAGATTTC,47,2493839
mhpRp2,1.5357142857142858,69,27,GCGAGCAGCTGTACTCAGAG,42,2499016
mhpRp2,0.07142857142857142,28,27,GCCTTGGGCACACGATCACT,1,2505324
mhpRp2,0.07142857142857142,28,27,GCCCATTGGTATGACTGTGA,1,2534405
mhpRp2,1.7142857142857142,74,27,GCATGAACCCCCTCTCGTAT,47,2501189
mhpRp2,2.3214285714285716,91,27,GAGCTTGATGAAAGATGCAG,64,2505813
mhpRp2,4.464285714285714,151,27,GAGAATCGCCAAAACGGACA,124,2534837
mhpRp2,2.25,89,27,CTGGCAACTTATGCGATTCG,62,2483772
mhpRp2,2.0,82,27,CTGGAGCTGGACTGTAGGCC,55,2533381
mhpRp2,2.0357142857142856,83,27,CTCGCGGGTAATTAAACAGT,56,2542227
mhpRp2,5.357142857142857,176,27,CTCCGTAAAGAGTTTAAAGC,149,2499901
mhpRp2,1.8928571428571428,79,27,CTACTTCGATTTAGTCGGAT,52,2532155
mhpRp2,0.6428571428571429,44,27,CGGTCTGGACACATTGTCCA,17,2521808
mhpRp2,2.4285714285714284,94,27,CGGCTGAAACTTACTATCAA,67,2520666
mhpRp2,3.0,110,27,CGGCATCCCAGAACCTGCAG,83,2538526
mhpRp2,2.107142857142857,85,27,CCGTCGCTCGGAGTATTCTA,58,2498740
mhpRp2,2.607142857142857,99,27,CCCGGCGTCTTACCCTGCAG,72,2506360
mhpRp2,2.3214285714285716,91,27,CCAATCGCGGTAGTGGATAC,64,2522335
mhpRp2,2.107142857142857,85,27,CATCAGGCATTGGGAGATGA,58,2495172
mhpRp2,0.07142857142857142,28,27,CATAACCCGTAAACCCAGGT,1,2488469
mhpRp2,2.392857142857143,93,27,ATGCACATACATATGCGCTA,66,2502041
mhpRp2,0.10714285714285714,29,27,ATGATTTACAGCTCGGACTG,2,2540465
mhpRp2,0.07142857142857142,28,27,ATAGGGTTCTCGTGGAGAAG,1,2494421
mhpRp2,2.2142857142857144,88,27,AGGGCTGCGTCGGTTGTGCA,61,2492282
mhpRp2,2.2142857142857144,88,27,AGGCCTCACAGTCCAATCTT,61,2543659
mhpRp2,2.4285714285714284,94,27,AGCGATCTTTTAGGGGATTA,67,2517407
mhpRp2,1.75,75,27,ACTACTGAGCCAGTTGGCTC,48,2524207
mhpRp2,2.4285714285714284,94,27,ACACCGTCACAGCCAAAATG,67,2483991
mhpRp2,3.142857142857143,114,27,AATGGATTATGGGCATAATT,87,2503275
mhpRp2,0.8571428571428571,50,27,AAGTTGCGTTGGGCGAATAT,23,2490935
mhpRp2,1.7142857142857142,74,27,AACTGCTGACGCCAGGAAAG,47,2518393
mhpRp2,2.0,82,27,AAATCCGTGATCGGTTAAAC,55,2491550
mhpRp2,0.07407407407407407,27,26,TTTGATCTGTTCAGCAAGTT,1,2517827
mhpRp2,7.37037037037037,224,26,TGTCCTAGACCTTATTCCGA,198,2519798
mhpRp2,2.185185185185185,84,26,TGGCATAATACATGACGTCA,58,2514571
mhpRp2,2.8518518518518516,102,26,TGGAACGTTAAACAAGTGTT,76,2493052
mhpRp2,0.07407407407407407,27,26,TGACTGCTCTTGTAGCGTCC,1,2484541
mhpRp2,1.6296296296296295,69,26,TGAATCTGATTGCGAAGCAA,43,2515920
mhpRp2,3.888888888888889,130,26,TCTGTAATATTTGTCTTCCC,104,2483069
mhpRp2,0.8888888888888888,49,26,TCTGAGACCCAATAGTTTTG,23,2481395
mhpRp2,1.8888888888888888,76,26,TCGGGTTAACCGCCGGCAAG,50,2531994
mhpRp2,5.333333333333333,169,26,TCGCATAGTGAAACGGTTAG,143,2532009
mhpRp2,0.07407407407407407,27,26,TAGGGCAAATAGGCAATGGT,1,2516346
mhpRp2,6.666666666666667,205,26,TACCGAATACAGGACACAAA,179,2544357
mhpRp2,0.07407407407407407,27,26,TACCACTTTCATAGCCCTTA,1,2506553
mhpRp2,3.3703703703703702,116,26,GTCAGCCCCTAGACAGTCAT,90,2507209
mhpRp2,1.962962962962963,78,26,GGTCTGACCAATCCAGTTCA,52,2512633
mhpRp2,2.1481481481481484,83,26,GGTCTATCGCCCCGTTCACA,57,2490880
mhpRp2,2.1481481481481484,83,26,GGTCCTTAGCTGTATGGCGC,57,2485113
mhpRp2,3.7037037037037037,125,26,GGAGGAGCAGCCAACGGCAA,99,2514315
mhpRp2,2.5925925925925926,95,26,GCTCATCGAAAAGATGGCAA,69,2528361
mhpRp2,2.0,79,26,GCGTCAAGCCGCAAGTAACA,53,2480546
mhpRp2,1.7037037037037037,71,26,GCCACGTAGGTCTGACCGCG,45,2497108
mhpRp2,2.259259259259259,86,26,GCATGGCATAGAAGTGGATG,60,2485721
mhpRp2,2.4074074074074074,90,26,GATCCAACTACCGAAAACTT,64,2542367
mhpRp2,1.6296296296296295,69,26,CTCTATGAGGCTCGGGGACA,43,2521087
mhpRp2,2.4074074074074074,90,26,CTACTCTAACGCACGTTATT,64,2539219
mhpRp2,0.07407407407407407,27,26,CGGTTGGCGTTTCCTCCCGC,1,2503036
mhpRp2,0.07407407407407407,27,26,CGGGGAGTAAATCCTTAAGC,1,2541969
mhpRp2,11.703703703703704,341,26,CGCTTCTGGGTCCTTAACAA,315,2539273
mhpRp2,4.925925925925926,158,26,CGCTCCTAAGCCGTTCGGCT,132,2518085
mhpRp2,4.296296296296297,141,26,CGCTATCGAGCACGTCAAGA,115,2527727
mhpRp2,0.8888888888888888,49,26,CCGGGGCTCGCTCCATACGA,23,2520532
mhpRp2,2.259259259259259,86,26,CCCTAGCCGACTCAAGCAGA,60,2490465
mhpRp2,5.333333333333333,169,26,CAAATTTCAATAGTCCTTGC,143,2537825
mhpRp2,0.07407407407407407,27,26,ATTTTTCATTCAAGCTTACC,1,2534455
mhpRp2,0.07407407407407407,27,26,ATGGATGTGAGGTTGTGTAG,1,2509707
mhpRp2,3.185185185185185,111,26,ATCTAGAAGGTTACCTAAAC,85,2530569
mhpRp2,0.07407407407407407,27,26,ATCGGGGAATGGCTATTCGT,1,2519828
mhpRp2,2.5555555555555554,94,26,ATCCTTAGCCGCGAAATGGA,68,2513647
mhpRp2,0.07407407407407407,27,26,AGTGCCCATGTGCTCGCTTG,1,2521072
mhpRp2,3.074074074074074,108,26,AGGTTCGTATCACCATCCCT,82,2501186
mhpRp2,0.1111111111111111,28,26,ACCTCCTGGATGATACAAAA,2,2487243
mhpRp2,0.07407407407407407,27,26,ACATTACGGCATGGCCTATG,1,2533880
mhpRp2,4.888888888888889,157,26,ACATAGTGGCCACTCATGGA,131,2526025
mhpRp2,0.07407407407407407,27,26,ACAGTATAGTGCTATCGAAC,1,2491420
mhpRp2,3.4074074074074074,117,26,ACAATTCTCATGAAATGCCA,91,2539126
mhpRp2,3.0,106,26,ACAACGGACTACGGAGTCAA,80,2518928
mhpRp2,2.3333333333333335,88,26,ACAAATAGAGTCCCAGGTTG,62,2489680
mhpRp2,0.07692307692307693,26,25,TTGCGAACAACCATTATAAG,1,2482817
mhpRp2,1.8846153846153846,73,25,TTACCACAGTTAGAACGCTG,48,2502056
mhpRp2,1.5769230769230769,65,25,TGCCGTACTCGGCTAGCGCT,40,2511418
mhpRp2,0.07692307692307693,26,25,TCTGCTATCTCCCACGTAGG,1,2533446
mhpRp2,3.769230769230769,122,25,TCTCCAGCCTAGTCCACTGT,97,2505999
mhpRp2,3.3076923076923075,110,25,TCCCTAGTGGATCTACTTCT,85,2541049
mhpRp2,5.730769230769231,173,25,TATCCGGTCAATTACATTAG,148,2545022
mhpRp2,0.07692307692307693,26,25,TAGCGCACATGCAAACTATT,1,2518853
mhpRp2,4.038461538461538,129,25,TACTACGAGACCGCGGCTCT,104,2511052
mhpRp2,1.5769230769230769,65,25,TACGACCGGGTGGAACGCGC,40,2483717
mhpRp2,4.538461538461538,142,25,GTCTGATTGTGGATTTCTCT,117,2511556
mhpRp2,0.15384615384615385,28,25,GTATTTATAGTTGACATCAA,3,2495924
mhpRp2,1.6538461538461537,67,25,GGTGAGCCACACGCTTCGGC,42,2508557
mhpRp2,2.769230769230769,96,25,GGTCGGTCGTCCTCGCGATG,71,2485318
mhpRp2,0.07692307692307693,26,25,GGTATTTATCATCTCGGCTG,1,2517946
mhpRp2,2.1923076923076925,81,25,GGGGTGGCTGCTTATGCAAT,56,2521234
mhpRp2,2.3076923076923075,84,25,GGGCGCTAAGCGTTGGGTAT,59,2524995
mhpRp2,2.3846153846153846,86,25,GGGCACCAGGATGCTCAGTT,61,2544400
mhpRp2,0.8461538461538461,46,25,GCTTTACCGAGATGGACATA,21,2501641
mhpRp2,1.3076923076923077,58,25,GCGTGAGCGTGGAGGGTTCT,33,2522287
mhpRp2,2.1923076923076925,81,25,GCATAACAAGTCTGACCATT,56,2516547
mhpRp2,2.1538461538461537,80,25,GCAGACCGCGTTGTTCACGA,55,2522982
mhpRp2,1.9615384615384615,75,25,GATCGAGTGAGTAAGGATAT,50,2513902
mhpRp2,4.153846153846154,132,25,GAACCGACCGCAGACGCGAA,107,2535341
mhpRp2,2.0,76,25,CTCAATGTCCGCAACCTGCT,51,2537285
mhpRp2,5.6923076923076925,172,25,CGAATTGGCAGAACAGAGGT,147,2507643
mhpRp2,6.538461538461538,194,25,CCTCTGGATCTCGCTCGTTA,169,2480629
mhpRp2,4.730769230769231,147,25,CCGATCCATATCGTCCAGTT,122,2494075
mhpRp2,3.9615384615384617,127,25,CCCATAAGCATGCAGCATGT,102,2493933
mhpRp2,1.8846153846153846,73,25,CCATTAACGTGATAGTTGAA,48,2506363
mhpRp2,2.8461538461538463,98,25,CCAGTCATTTGTCCTAACCG,73,2508157
mhpRp2,0.07692307692307693,26,25,CCAGTATGCGTGATCGAGGA,1,2503921
mhpRp2,2.269230769230769,83,25,CATAAGACTGCTGGTGCCGT,58,2498294
mhpRp2,2.269230769230769,83,25,CAGTCATGAGCGGCATAGAT,58,2491928
mhpRp2,2.6153846153846154,92,25,CAGCTCACCAAAGGTATATT,67,2540401
mhpRp2,13.576923076923077,377,25,CAGATGGTTCATTTAAGGCT,352,2510680
mhpRp2,0.23076923076923078,30,25,CACTTTCGGACTCACCTTCT,5,2497993
mhpRp2,1.2692307692307692,57,25,CACTTCAACATTCACGATCA,32,2495129
mhpRp2,0.07692307692307693,26,25,CACATAAGTTTGGGGTCCGT,1,2497431
mhpRp2,2.6153846153846154,92,25,CAAGTAGCACCTTTTAGGTA,67,2530959
mhpRp2,2.0,76,25,ATTTGGACCTATTCCGCCAC,51,2479763
mhpRp2,2.269230769230769,83,25,ATTCTGCGTGGCTATAAGGA,58,2488414
mhpRp2,3.923076923076923,126,25,ATGGGTCAGGCAGTGAACAT,101,2481139
mhpRp2,0.07692307692307693,26,25,ATCGACGTAACATGCTTTAT,1,2517905
mhpRp2,1.5384615384615385,64,25,ATAAATACGTGTGTGACGGG,39,2481288
mhpRp2,2.269230769230769,83,25,AGTTAGAACTGGATACGCCG,58,2527492
mhpRp2,2.3461538461538463,85,25,AGTAAACCCACGATACGGTG,60,2512358
mhpRp2,3.576923076923077,117,25,AGAGATGCCGTGGCTTCGCA,92,2503228
mhpRp2,2.076923076923077,78,25,ACTCCTCCATCGCTGGATTA,53,2539420
mhpRp2,1.7692307692307692,70,25,ACGGCGGCCATTGCGCCAGG,45,2519231
mhpRp2,0.07692307692307693,26,25,ACCGGGTGTGCACCAGTAAA,1,2507070
mhpRp2,0.07692307692307693,26,25,ACCAATACTTGAGCGAGAAA,1,2493356
mhpRp2,0.07692307692307693,26,25,AATTGCGGTTCAGCTTGTTG,1,2493093
mhpRp2,0.07692307692307693,26,25,AATGTTGAGCCCACAATTCA,1,2511384
mhpRp2,1.0,48,24,TTTTGACCTTTTCAAGCAGT,24,2535664
mhpRp2,3.08,100,24,TTTCTCGGTACTGTCCTGCT,76,2514316
mhpRp2,2.24,79,24,TTGCTAACTGAGTTGAGTGG,55,2494894
mhpRp2,1.6,63,24,TTAGCGGTAATCACAACGAG,39,2542720
mhpRp2,1.8,68,24,TTAATCTAGCGGGGGAGGCT,44,2481588
mhpRp2,2.88,95,24,TGTTCCCACGAGGCCATGGA,71,2519372
mhpRp2,0.92,46,24,TGTCATGTTGCATGGCAGCA,22,2539419
mhpRp2,7.84,219,24,TGGCATACTCAAACAATCCT,195,2526344
mhpRp2,2.8,93,24,TCTGGGAATATATACCGCAT,69,2499233
mhpRp2,1.96,72,24,TCGGCGACACAGCGCCGTAC,48,2495877
mhpRp2,5.4,158,24,TCCGGTTTACTGCAACTAGA,134,2536703
mhpRp2,0.12,26,24,TCCGGAAATAGAAAACAGCT,2,2510355
mhpRp2,1.8,68,24,TCACTTCGCGTCTTTAGAAC,44,2544568
mhpRp2,2.72,91,24,TCACTCTGGCCATTGTGCAG,67,2498423
mhpRp2,2.24,79,24,TCACTACTTTTCTAACAGAG,55,2533649
mhpRp2,2.72,91,24,TATGACGTTCAAATCTCGTA,67,2488857
mhpRp2,0.08,25,24,TAGAAATCAGCCGTAAAAGG,1,2487929
mhpRp2,3.72,116,24,TACCAAATCTTAAATTGTCT,92,2503186
mhpRp2,4.4,133,24,TAAGGGGATCAGCGTTTCTG,109,2494359
mhpRp2,2.64,89,24,GTTATCGGAGGGTCAAAGCC,65,2480706
mhpRp2,2.84,94,24,GTTACCTAAGTCACTCAGCA,70,2511864
mhpRp2,4.28,130,24,GTGGGCGGCTTCGCCCCGCG,106,2490197
mhpRp2,3.6,113,24,GTAGAAATCCGGAGAGTAAA,89,2482856
mhpRp2,0.88,45,24,GGTCTATCAGACGGGGGTCA,21,2495582
mhpRp2,5.84,169,24,GGGCGAGGTCTCTTGCTCTT,145,2486830
mhpRp2,0.08,25,24,GGAAATCCGACGGCGTGTCT,1,2544761
mhpRp2,0.08,25,24,GCGGTAGAACGCGTTAAGAC,1,2501199
mhpRp2,3.56,112,24,GCGCCCGATCCCCCATGCCT,88,2539985
mhpRp2,2.0,73,24,GCCGTCCAGCTGGCTTGAAC,49,2494154
mhpRp2,0.08,25,24,GCATTGGCGTATCTCCGACT,1,2518029
mhpRp2,0.12,26,24,GATCGGACTCTAGTGGGCAT,2,2541731
mhpRp2,4.12,126,24,GACTTTACGGCGACAGCGGC,102,2496213
mhpRp2,1.68,65,24,GACGTCAGGGGCGCCGTTAA,41,2526417
mhpRp2,3.8,118,24,GAATGCCCTCACCACGGTTG,94,2539039
mhpRp2,11.44,309,24,CTTCGTTACTCGATCGCGGG,285,2545006
mhpRp2,2.76,92,24,CTGTTTGTCAGCGGTAGCGG,68,2507168
mhpRp2,4.56,137,24,CTGGGCGCGTAAGAATCCTA,113,2540233
mhpRp2,3.04,99,24,CTATGCCAATATAGTACGAA,75,2492975
mhpRp2,0.08,25,24,CTAGGCCGTAAGAACGGAGC,1,2520605
mhpRp2,5.24,154,24,CGCGTCAAACGTGGTTAAAC,130,2528177
mhpRp2,1.56,62,24,CGCATGCGGGTCAACAAGTC,38,2489678
mhpRp2,0.08,25,24,CGAGATGAAATCATCCATAT,1,2490435
mhpRp2,2.24,79,24,CGAATGTCCTACATGTGTGA,55,2528485
mhpRp2,1.72,66,24,CCTCAACGCCAATCCGCATG,42,2532320
mhpRp2,3.04,99,24,CCTAGAGATGTGTTAAAATC,75,2499357
mhpRp2,1.72,66,24,CCGTTAGGACGTTGCGTCTC,42,2536775
mhpRp2,2.72,91,24,CCCTACAGCTATTTGCGAGA,67,2496093
mhpRp2,2.24,79,24,CCCGCCACACTTTTACGTGT,55,2515414
mhpRp2,0.08,25,24,CATTACGTCCTCGGGCCTTC,1,2536026
mhpRp2,2.72,91,24,CACCAACTGACAGCCACACA,67,2519386
mhpRp2,2.24,79,24,ATGTGAAGCCGGTCGGTAAT,55,2502795
mhpRp2,2.52,86,24,ATCCTAACCTGAGCATAGGT,62,2498961
mhpRp2,0.08,25,24,AGCTATGCCGGCCAAGACTG,1,2543684
mhpRp2,0.08,25,24,AGCCTTATACCACCAGGTAC,1,2539045
mhpRp2,0.08,25,24,AGAGCTTTTAAGAATGCCTT,1,2498986
mhpRp2,3.56,112,24,ACTTCAGGCCCGTAAAATAG,88,2480296
mhpRp2,2.36,82,24,ACCGGGTCTTCCATCCCGAA,58,2519815
mhpRp2,3.24,104,24,AATTAGACCCGATACGTATC,80,2493840
mhpRp2,2.52,86,24,AATGGATCTACTAGATGGTC,62,2483091
mhpRp2,0.08,25,24,AAGTCAAGATCCGAAGTAGT,1,2533545
mhpRp2,0.08,25,24,AAACAGGGGCACGGCGCATA,1,2522004
mhpRp2,0.08333333333333333,24,23,TTGCATATCACCGACGGGGA,1,2532488
mhpRp2,0.08333333333333333,24,23,TTCCTTCCGCCGCTAGGCCG,1,2524237
mhpRp2,2.0833333333333335,72,23,TTCCTCGCGGCATCGTAGAT,49,2486772
mhpRp2,2.9583333333333335,93,23,TTATGGATCAAAGGCTCACG,70,2526300
mhpRp2,0.08333333333333333,24,23,TTAACGGCCGGATCTCATGA,1,2542161
mhpRp2,2.2083333333333335,75,23,TGGGCAGATCGTAAGCGGTA,52,2523874
mhpRp2,6.791666666666667,185,23,TGCACGGTGAATTTAAAGAG,162,2530384
mhpRp2,5.25,148,23,TGATCCTCTGGTAGGTTGGT,125,2514085
mhpRp2,0.08333333333333333,24,23,TGACTGGTTTGCAGACCACT,1,2487199
mhpRp2,0.125,25,23,TGACCACAGCGCAACGAGTA,2,2522359
mhpRp2,2.9583333333333335,93,23,TCCTCGGTGAGATCTCCATA,70,2509521
mhpRp2,1.4166666666666667,56,23,TATAGTCGGGCCTTCAATAA,33,2545736
mhpRp2,0.08333333333333333,24,23,TAGCGTAAAGGAGTTCTTAG,1,2506797
mhpRp2,0.08333333333333333,24,23,TACGGTAGGGCCGCGTTTCA,1,2482282
mhpRp2,5.666666666666667,158,23,TAAGGCAGGCTCTTTACCGA,135,2529938
mhpRp2,2.9583333333333335,93,23,TAACATCGCGTGTTCTCCAG,70,2519466
mhpRp2,0.08333333333333333,24,23,GTTCTTAATCACGGGGACAG,1,2517353
mhpRp2,2.5,82,23,GTTCCGAAAAGTGTCTCTTC,59,2544746
mhpRp2,0.125,25,23,GTTAGGTGCGGCCCGAGACT,2,2484155
mhpRp2,1.8333333333333333,66,23,GTATAGGCGGGTTATCAGCA,43,2489217
mhpRp2,2.375,79,23,GTAAGCGACTATATATAAGT,56,2544121
mhpRp2,3.4583333333333335,105,23,GGTAGGAACCCAGTTTATAG,82,2510051
mhpRp2,3.2083333333333335,99,23,GGGACATCATTAACACTTAA,76,2514161
mhpRp2,0.08333333333333333,24,23,GGCCGCCAGGTCCCGACGAT,1,2493465
mhpRp2,2.6666666666666665,86,23,GGCCCATAGACAATATGGTA,63,2530293
mhpRp2,1.125,49,23,GGACGAAGGCTGGACGCAAG,26,2505604
mhpRp2,2.5833333333333335,84,23,GCTCGGGGACCCGACCGGCC,61,2510052
mhpRp2,3.0833333333333335,96,23,GCTCCGGTCCACACTCCCTT,73,2489165
mhpRp2,2.1666666666666665,74,23,GCGCGTAGATCGATTGGAGA,51,2503802
mhpRp2,2.1666666666666665,74,23,GCGATGTCAAACTGTGTAAG,51,2524058
mhpRp2,5.208333333333333,147,23,GCCGTCCGCTTCAGAACGTA,124,2544569
mhpRp2,3.25,100,23,GCCCTATGTGTAGCAATGGG,77,2542902
mhpRp2,2.9583333333333335,93,23,GCAACCATTCGTCATCACTT,70,2512363
mhpRp2,2.75,88,23,GATTTTACGTCCCTACACTA,65,2480436
mhpRp2,2.0,70,23,GATGCACGTACTGCTGTTCG,47,2483776
mhpRp2,1.75,64,23,GAGAATCGCTGAGCGCAGAC,41,2482327
mhpRp2,2.3333333333333335,78,23,GAAGGTTTAAACATCGCCGT,55,2491921
mhpRp2,3.0,94,23,GAACTAAAAAGTGACTGGTC,71,2529150
mhpRp2,0.08333333333333333,24,23,CTTCGAATCGAAAAGTATAA,1,2500219
mhpRp2,0.08333333333333333,24,23,CTGTTGTTCCGTGCCTAAGT,1,2498480
mhpRp2,0.75,40,23,CGTCAACCAGTTCACGGCCG,17,2506726
mhpRp2,0.08333333333333333,24,23,CGCAGGGACGACACTCAAAC,1,2517999
mhpRp2,3.2083333333333335,99,23,CGATGTCTCCAGGAGAACCG,76,2519370
mhpRp2,2.625,85,23,CCGCAGCTATGTGGGGGTAA,62,2531487
mhpRp2,2.3333333333333335,78,23,CCATCAACATTGCTCAGTAG,55,2523388
mhpRp2,2.2916666666666665,77,23,CCACAAGCGTCGGGTCTCCA,54,2491627
mhpRp2,1.8333333333333333,66,23,CCAACTGGTCGGGAAGCAAT,43,2486785
mhpRp2,2.4583333333333335,81,23,CCAAATACCTAATATGGCGC,58,2481622
mhpRp2,1.75,64,23,CATATCCGGTCATGTGCGGA,41,2529058
mhpRp2,2.75,88,23,CAGCGTTTATGCGGGAACGA,65,2499285
mhpRp2,2.125,73,23,CAGCCAATTTCATCGTAAAC,50,2482216
mhpRp2,4.708333333333333,135,23,CAGATTCGATCACGAGGCCG,112,2494044
mhpRp2,5.0,142,23,CACATGATCACGGGGAAAAG,119,2535885
mhpRp2,3.0,94,23,ATTTAAGTTCCAGCATTATA,71,2519111
mhpRp2,3.2916666666666665,101,23,ATTGTTCTGGTCTCGTATCT,78,2537892
mhpRp2,0.08333333333333333,24,23,ATTGCTGCGAAAAAAAATGC,1,2520003
mhpRp2,1.0,46,23,ATGATTGTAATTTCCCCGAA,23,2506736
mhpRp2,0.125,25,23,ATCGTGGATTGAATCAATAC,2,2488328
mhpRp2,2.4166666666666665,80,23,AGTACCTCGTGGGATTATGG,57,2489231
mhpRp2,0.125,25,23,AGGCAAGAAGTGGTCACTCA,2,2530057
mhpRp2,5.041666666666667,143,23,AGCGACCATAATGCGTTGGT,120,2518780
mhpRp2,2.9583333333333335,93,23,ACTTGGGTAACCCAGTAGAA,70,2521931
mhpRp2,1.7916666666666667,65,23,ACGTCAGTGCCTGTCCGGTC,42,2492763
mhpRp2,3.1666666666666665,98,23,ACCTTGCTGCATAACGTGAC,75,2496343
mhpRp2,2.5,82,23,ACCATTCTTTAGTGCCGCTA,59,2497622
mhpRp2,1.9583333333333333,69,23,AATCGCTGGCACCGCCTAAC,46,2539825
mhpRp2,0.08333333333333333,24,23,AAGTGGCACCTTAAAACTTT,1,2487585
mhpRp2,3.375,103,23,AAAGGTGGTATACGCACATA,80,2521694
mhpRp2,0.08333333333333333,24,23,AAAAACACTCCACTGCCAAG,1,2545803
mhpRp2,2.6956521739130435,83,22,TTTAGGTTATGCGCTCTATG,61,2496090
mhpRp2,10.608695652173912,265,22,TTGTGTGATAGCGCCGGTCT,243,2530767
mhpRp2,5.434782608695652,146,22,TTGAGAAACGTCCCTTCAAT,124,2522396
mhpRp2,0.08695652173913043,23,22,TTACGGCGTTAGTCGCCATA,1,2492650
mhpRp2,1.391304347826087,53,22,TGTCATCACTAAGTCACCTG,31,2507484
mhpRp2,2.347826086956522,75,22,TGGGTCCAGGCTGTCACGTT,53,2540837
mhpRp2,0.08695652173913043,23,22,TGGATCTTCGTCATGGAGAT,1,2529574
mhpRp2,4.826086956521739,132,22,TGGATCACTACATCGCTGTT,110,2481495
mhpRp2,3.0434782608695654,91,22,TGCTTACAATTAAGCCAGGT,69,2527909
mhpRp2,0.9130434782608695,42,22,TGCATACACGAACCTCTGGC,20,2517473
mhpRp2,8.0,205,22,TGAGATCAGTCATGGATGGG,183,2496004
mhpRp2,2.1739130434782608,71,22,TCCTCTAGTCGGCAAAAACT,49,2499763
mhpRp2,0.08695652173913043,23,22,TCAGTCGGGTTCTTAGATTC,1,2543056
mhpRp2,0.08695652173913043,23,22,TCACTCACCCTCGGCGCGTT,1,2497298
mhpRp2,2.5217391304347827,79,22,TCACAGGGACGGAATTAGCA,57,2489843
mhpRp2,2.869565217391304,87,22,TATCTCCCCTGTAACGGGTT,65,2498256
mhpRp2,2.391304347826087,76,22,TATCGCCCTCGGGTTACCCA,54,2497129
mhpRp2,0.08695652173913043,23,22,TATAAATCCCGATTCCTCGC,1,2497660
mhpRp2,2.391304347826087,76,22,TAGGAGCCGTCTAGCGCAGT,54,2541992
mhpRp2,3.347826086956522,98,22,TAGAATACTCCTGCTACCCC,76,2533254
mhpRp2,0.08695652173913043,23,22,TACATATCTCTCTTAATGCC,1,2483000
mhpRp2,3.0,90,22,GTTTGCAATACGTCCGCAGC,68,2538647
mhpRp2,0.13043478260869565,24,22,GTCTCGATGTCACGCAACGT,2,2521957
mhpRp2,0.08695652173913043,23,22,GTCCGAGCTGGGGTGAGGTG,1,2505803
mhpRp2,2.9130434782608696,88,22,GTATCAAGACCTGATATGCG,66,2503911
mhpRp2,12.956521739130435,319,22,GTAGTAGAGATTGACGTGTT,297,2511877
mhpRp2,5.043478260869565,137,22,GGTTATAAGAATAAAGCCTA,115,2526010
mhpRp2,1.3043478260869565,51,22,GGTGGATATCCGTATCTGGG,29,2482881
mhpRp2,1.2608695652173914,50,22,GGGTCATTGACCTCGTGTGG,28,2531629
mhpRp2,0.08695652173913043,23,22,GGGGGTACTATCGACCATCC,1,2486827
mhpRp2,2.0434782608695654,68,22,GGCTTGCATTCTCAAATACA,46,2525493
mhpRp2,3.391304347826087,99,22,GGACGAGACTTCCAGTAATT,77,2494900
mhpRp2,0.08695652173913043,23,22,GCTCGTGGAGTCTGCCGATT,1,2494104
mhpRp2,0.13043478260869565,24,22,GCTCATCAGATCGAACTCAT,2,2525464
mhpRp2,2.0869565217391304,69,22,GCAATCCGTGATACGGCATC,47,2544735
mhpRp2,3.130434782608696,93,22,GCAACGTCCCTCAAGCATGC,71,2487136
mhpRp2,0.08695652173913043,23,22,GAGGTGGCGGAAGCCCATGT,1,2485085
mhpRp2,3.347826086956522,98,22,GAGACTTCGTGTCAAACCGT,76,2534496
mhpRp2,2.739130434782609,84,22,GACTCTGAGCCGACAAAGAG,62,2495027
mhpRp2,2.347826086956522,75,22,GAATAACTATGTTTTCCAGA,53,2493621
mhpRp2,9.826086956521738,247,22,GAACTGAAGAACACTGGTGG,225,2489221
mhpRp2,0.08695652173913043,23,22,GAACGGCCACGTATTGGATC,1,2507038
mhpRp2,0.08695652173913043,23,22,CTTTTTGCAGCACGCTGGGA,1,2483031
mhpRp2,6.565217391304348,172,22,CTGTTGGGTTGTACAGAGCT,150,2502645
mhpRp2,0.08695652173913043,23,22,CTGAGGATTGGCGACTAAGA,1,2482941
mhpRp2,2.3043478260869565,74,22,CTCTGCTTATTGATCAAGAG,52,2521663
mhpRp2,2.8260869565217392,86,22,CTATCGATCAAAATCACGGG,64,2484071
mhpRp2,1.9130434782608696,65,22,CGTCAGAACTTCTCAGAGAC,43,2523927
mhpRp2,5.739130434782608,153,22,CGGTTGCTTTATGCCTATTA,131,2536472
mhpRp2,1.2173913043478262,49,22,CGGGGTATGAACGGATGCGT,27,2531442
mhpRp2,2.1739130434782608,71,22,CGGATGCGAGCGCGGTAATA,49,2544109
mhpRp2,3.782608695652174,108,22,CGGATACGACTTCAAAAGAC,86,2493565
mhpRp2,3.3043478260869565,97,22,CGGAGGAGTCAGAACAGGTC,75,2512296
mhpRp2,2.6956521739130435,83,22,CGCGCAAACTTGAGCGGGCT,61,2493978
mhpRp2,3.260869565217391,96,22,CGATTATACCTACATCACGG,74,2520138
mhpRp2,2.5652173913043477,80,22,CGAAAACCAACCGTTCGAAC,58,2505914
mhpRp2,5.260869565217392,142,22,CCTTGCCTTGATAACTGTCT,120,2497804
mhpRp2,10.565217391304348,264,22,CCGAATGCGAGGGCTGTCAG,242,2531990
mhpRp2,0.08695652173913043,23,22,CCCGGAGCGTCGCTGGCTCG,1,2483916
mhpRp2,2.608695652173913,81,22,CCCAGTCAACGGCTGGACAT,59,2508861
mhpRp2,2.1739130434782608,71,22,CCAGCTCGTCAATGGGCAAG,49,2480718
mhpRp2,2.9130434782608696,88,22,CATTCCTCTTTGATTATAAT,66,2530674
mhpRp2,2.347826086956522,75,22,CATTCAGCAGTCAGCGGTGT,53,2530473
mhpRp2,0.8695652173913043,41,22,CATTAGAATTGAGACCGGTA,19,2510764
mhpRp2,2.391304347826087,76,22,CAGCTCAGACTCGTAGAACT,54,2508784
mhpRp2,0.13043478260869565,24,22,CACGCTAGGACGTATGCACT,2,2494480
mhpRp2,5.869565217391305,156,22,CAAGAATCGGAATAAAAATC,134,2518634
mhpRp2,6.260869565217392,165,22,CAACTCCATAACCGGCAAAG,143,2496055
mhpRp2,2.6956521739130435,83,22,CAAACGAAGGGGTCCGGAGC,61,2493967
mhpRp2,6.782608695652174,177,22,ATTTAGGATTGTGCGATCTC,155,2500509
mhpRp2,2.130434782608696,70,22,ATGTTCAGCCGCCAGGATTT,48,2494850
mhpRp2,4.913043478260869,134,22,ATGTGTTCGGCTGCAATGGC,112,2523931
mhpRp2,2.739130434782609,84,22,ATGTGCTGAGTGGTGAGGTA,62,2521367
mhpRp2,0.08695652173913043,23,22,ATGCTTCGCATAGACTGGAG,1,2520623
mhpRp2,2.6956521739130435,83,22,ATGACATCGTAACTGCTGCG,61,2506346
mhpRp2,3.5652173913043477,103,22,ATGAATAGCAGTGCAGTAAA,81,2510618
mhpRp2,3.4782608695652173,101,22,ATCTTAAACGTCAGAAGTAT,79,2525958
mhpRp2,4.565217391304348,126,22,ATCTACGAGACGGAAACTGT,104,2499011
mhpRp2,2.739130434782609,84,22,ATCAGAACTGATGCGGATCG,62,2537008
mhpRp2,3.217391304347826,95,22,ATCAATGATAAAGGGTTCCT,73,2538697
mhpRp2,2.0434782608695654,68,22,ATCAAGGGGAGCCATGGATT,46,2538915
mhpRp2,3.260869565217391,96,22,ATATATAAGCGACTGGGTAA,74,2525300
mhpRp2,5.956521739130435,158,22,ATAAAATTACCCAATACTCA,136,2536802
mhpRp2,4.565217391304348,126,22,AGTTTGCCTACCCTAGCCTG,104,2500271
mhpRp2,0.08695652173913043,23,22,AGTCTAACAGATAATAGAAG,1,2513443
mhpRp2,0.08695652173913043,23,22,AGTCATCGATGGACACAGAA,1,2489743
mhpRp2,2.1739130434782608,71,22,AGGTTACCCAATGGAAGCTC,49,2499167
mhpRp2,3.347826086956522,98,22,AGGAGTCCGAGCTAATGGAA,76,2513012
mhpRp2,2.3043478260869565,74,22,AGGAAAGCCGGAGAAGATCT,52,2513653
mhpRp2,3.391304347826087,99,22,AGAGTTACTGTCTCTAATAA,77,2535587
mhpRp2,5.6521739130434785,151,22,AGACTATGATCCTCAGTTAA,129,2505864
mhpRp2,0.9565217391304348,43,22,ACTTAGGATCTGGCCGCCCG,21,2541171
mhpRp2,4.173913043478261,117,22,ACTCGCCGCTTGTCATAAGT,95,2535466
mhpRp2,2.782608695652174,85,22,ACGTAAAGGACACGTTCTTA,63,2488594
mhpRp2,2.8260869565217392,86,22,ACGATATTGGCTGACACTTC,64,2485658
mhpRp2,2.3043478260869565,74,22,ACCGTTGGTTCAACGTATGT,52,2525946
mhpRp2,0.08695652173913043,23,22,AATTACAGGCTGGGAGGGCT,1,2516741
mhpRp2,0.08695652173913043,23,22,AATGGAACTTCAGCGTATCG,1,2531574
mhpRp2,2.1739130434782608,71,22,AAGAACCGGGGTCTGTGTTA,49,2531447
mhpRp2,2.391304347826087,76,22,AAAGTCTTTTTTCCACGAAG,54,2519706
mhpRp2,2.5652173913043477,80,22,AAAATAAGTCCATCTATTCG,58,2511620
mhpRp2,2.8636363636363638,83,21,TTTATAAAATTCATGCATGC,62,2539975
mhpRp2,0.09090909090909091,22,21,TTGTCCATCGGTCATCCATG,1,2483666
mhpRp2,4.090909090909091,110,21,TTGCTAAGTGACCTTGTTCA,89,2499209
mhpRp2,5.636363636363637,144,21,TTGCGCAAAAGGAGGGGCGC,123,2513315
mhpRp2,3.272727272727273,92,21,TTGCCTGGGTTTAATTCGAG,71,2496098
mhpRp2,0.09090909090909091,22,21,TGTTTAGCTCCTACTACCCC,1,2482899
mhpRp2,2.3636363636363638,72,21,TGGGAGGCTAAATGTTAGGG,51,2505641
mhpRp2,0.09090909090909091,22,21,TGGCTATATTCTAGTACGGT,1,2500846
mhpRp2,0.09090909090909091,22,21,TGGCGCAGGATATGGTCACA,1,2535032
mhpRp2,2.909090909090909,84,21,TCGCGGCGGGTGTTGCGCCT,63,2535149
mhpRp2,2.3636363636363638,72,21,TCCGTGAGGGTGTAATAGTG,51,2538053
mhpRp2,2.8636363636363638,83,21,TCACACGCGAAATCTCGATA,62,2498652
mhpRp2,3.272727272727273,92,21,TATCTTGCACACAGCTCATG,71,2536895
mhpRp2,0.09090909090909091,22,21,TAGATGCCGCGCTTGTACAC,1,2518931
mhpRp2,0.09090909090909091,22,21,GTTAAGCCTGTGCCTTGTAG,1,2516343
mhpRp2,1.0,42,21,GTGATCCACTCCTGTGACAT,21,2501250
mhpRp2,3.3636363636363638,94,21,GTGACACGGTAGTGGATTCA,73,2488034
mhpRp2,0.09090909090909091,22,21,GTCTCAGGATGCCCGACGCT,1,2495196
mhpRp2,2.4545454545454546,74,21,GTCCTATAAGCTGGCAGGAT,53,2509999
mhpRp2,3.0454545454545454,87,21,GTCATATAAGCCGATGGCTA,66,2500217
mhpRp2,4.318181818181818,115,21,GGTCATGCCGAGAGATTTTG,94,2485174
mhpRp2,3.272727272727273,92,21,GGGAAGGGAATGGAATACAA,71,2497664
mhpRp2,0.09090909090909091,22,21,GGGAACTGCGTTCTAATATG,1,2514492
mhpRp2,2.8181818181818183,82,21,GGCAGAATCCTGTAACGATC,61,2483079
mhpRp2,2.6818181818181817,79,21,GGCACATGCCAGAAACGTTA,58,2488318
mhpRp2,12.818181818181818,302,21,GGCACAGGCGGTGCTTAACC,281,2486331
mhpRp2,3.409090909090909,95,21,GCGACACTATGCGCCCCCAG,74,2494482
mhpRp2,0.09090909090909091,22,21,GATAGACAAAAGTGGACACT,1,2503328
mhpRp2,2.1363636363636362,67,21,GATAACGACAGTCTGGGCTT,46,2500411
mhpRp2,2.1818181818181817,68,21,GACGAATGTGACTAGAGATC,47,2497717
mhpRp2,2.0,64,21,GACAGAATCGGCTGAATTGG,43,2509967
mhpRp2,1.5,53,21,GACACCCCCAGCGTTTACCT,32,2517784
mhpRp2,8.318181818181818,203,21,GAATGTGCAAATGTGTATTA,182,2527222
mhpRp2,2.5454545454545454,76,21,CTTAAACCCGTAAGACTCAC,55,2517429
mhpRp2,0.09090909090909091,22,21,CTGCCGATACTTAAATAGTG,1,2504522
mhpRp2,0.09090909090909091,22,21,CTGCCCGGGGGTCATCGTAA,1,2513962
mhpRp2,3.0,86,21,CTAGGCTTCAGGACACCTCT,65,2537662
mhpRp2,2.0454545454545454,65,21,CGTTGCGCCTTTGACTTTCT,44,2488535
mhpRp2,9.409090909090908,227,21,CGTGTTAATACGTTGAAATT,206,2491760
mhpRp2,3.6363636363636362,100,21,CGGTTGAAATAACAAGAGAC,79,2501228
mhpRp2,0.09090909090909091,22,21,CGGCATCCGCGTGATTTGAA,1,2540094
mhpRp2,3.0,86,21,CGGATGTTTGCGACCGGGCA,65,2517585
mhpRp2,2.590909090909091,77,21,CGGATGCCGATTGCCACTGA,56,2513157
mhpRp2,8.818181818181818,214,21,CGCTGTAATGTGATGTGACC,193,2513611
mhpRp2,2.409090909090909,73,21,CGCTCCATTTACGAAATTAA,52,2539979
mhpRp2,2.090909090909091,66,21,CGCGGGGTCGATCAGGGCTT,45,2495724
mhpRp2,3.227272727272727,91,21,CGATTTGGGCAGTGTGTTAT,70,2523762
mhpRp2,1.3636363636363635,50,21,CGATATCTGAACAATTCACC,29,2517034
mhpRp2,1.7727272727272727,59,21,CGAGTCGCGCTTAATTGTCG,38,2488143
mhpRp2,0.09090909090909091,22,21,CGAGCCTCATTTAGGTTGGG,1,2490383
mhpRp2,2.409090909090909,73,21,CGAGAGGCGTAACGGACCTG,52,2526835
mhpRp2,2.5454545454545454,76,21,CGAGACGATCCGATTGGTGA,55,2512030
mhpRp2,2.227272727272727,69,21,CCATAGCTGAGGCCACGTAG,48,2508003
mhpRp2,2.909090909090909,84,21,CCAGGATCATAACGGCTCGT,63,2521217
mhpRp2,3.4545454545454546,96,21,CATGGCTACGAACAGTCTGG,75,2492541
mhpRp2,8.318181818181818,203,21,CATCAGCAGGCATAGAGCGA,182,2479896
mhpRp2,2.772727272727273,81,21,CACTTGGCCGCGTTGGACTA,60,2507491
mhpRp2,2.8181818181818183,82,21,CACGCCGTCGGCCGTGAGAA,61,2533174
mhpRp2,4.409090909090909,117,21,CAATTTTCCTTGTGCTGGGA,96,2538546
mhpRp2,3.6363636363636362,100,21,CAATAGACGTTACTTTTACA,79,2543319
mhpRp2,3.3181818181818183,93,21,CAACATGAATGGCACAGGCA,72,2526074
mhpRp2,4.136363636363637,111,21,ATTATACCAATCAAGCCTAT,90,2529940
mhpRp2,2.227272727272727,69,21,ATGAGATTTAAGACCGGTCT,48,2532413
mhpRp2,0.09090909090909091,22,21,ATCCGATTGATCGGGAGCGG,1,2515583
mhpRp2,8.045454545454545,197,21,AGTGGGTATGATACAAGAAT,176,2495584
mhpRp2,2.727272727272727,80,21,AGTATATGATTATAGCTCCG,59,2530763
mhpRp2,3.1363636363636362,89,21,AGGACTGGAATCACTATCGT,68,2521865
mhpRp2,3.1363636363636362,89,21,AGGAATTTGGTCAACCGGAA,68,2510250
mhpRp2,2.409090909090909,73,21,AGCTAGGAAATTCGAGGCAA,52,2503443
mhpRp2,1.9545454545454546,63,21,AGCGCGGTTGGCTTTGTTTT,42,2481658
mhpRp2,5.7272727272727275,146,21,AGAATGTAGGTTGAACTTAT,125,2498818
mhpRp2,3.3636363636363638,94,21,ACTATGGTGGACCAGGAGTC,73,2515347
mhpRp2,2.090909090909091,66,21,ACGCACTACTTCGGGTGGAG,45,2525404
mhpRp2,2.090909090909091,66,21,ACCTCGTCTATGGAGCGGAG,45,2531305
mhpRp2,2.4545454545454546,74,21,ACCGCGCTAGCCCCCTATTA,53,2485151
mhpRp2,0.09090909090909091,22,21,ACCCGGGCGGTTTACTGCCT,1,2494197
mhpRp2,6.0,152,21,ACCAAGTACTGAACGCGGCT,131,2503199
mhpRp2,2.272727272727273,70,21,ACAGCAGCCAGGATCCAGTT,49,2506404
mhpRp2,4.909090909090909,128,21,ACAGAATGAACGCTCGTGGT,107,2519221
mhpRp2,0.09090909090909091,22,21,AATGACTAAATCACGTTGGA,1,2491643
mhpRp2,3.409090909090909,95,21,AATATTCTGGCTGAACACAA,74,2518115
mhpRp2,11.636363636363637,276,21,AATAGTATGTGTTTTGTGGG,255,2511862
mhpRp2,5.181818181818182,134,21,AAGATGCGGCCGAGTAACTT,113,2544588
mhpRp2,1.9545454545454546,63,21,AACAGACGGAGCCTCAGGCG,42,2504249
mhpRp2,2.1363636363636362,67,21,AAAGTAAAGGGTACACCGTA,46,2512365
mhpRp2,2.380952380952381,69,20,TTTTTATGAATGCCACTCAC,49,2530150
mhpRp2,0.09523809523809523,21,20,TTTCGGTTTAGGGCTGCCCG,1,2534037
mhpRp2,2.142857142857143,64,20,TTGTATCGAGGTTCGGGGTT,44,2540824
mhpRp2,3.7142857142857144,97,20,TTCCCGAGAAGAGCAATGGT,77,2506798
mhpRp2,17.142857142857142,379,20,TTAAGCTAATCCCGTAGTCC,359,2540397
mhpRp2,1.9523809523809523,60,20,TGTCCGGCCTTACTTTAGTT,40,2489028
mhpRp2,3.0476190476190474,83,20,TGTAACATGGCGTCACAACA,63,2489477
mhpRp2,0.14285714285714285,22,20,TGGCCGGCGCCTCCTAAACG,2,2490333
mhpRp2,0.09523809523809523,21,20,TGGAGCTTAGCATAACCCAT,1,2541230
mhpRp2,2.2857142857142856,67,20,TGATTTCTGATTCTGTCTGG,47,2492390
mhpRp2,2.8095238095238093,78,20,TCTCCGGATGTGGGTTTCGT,58,2514444
mhpRp2,3.1904761904761907,86,20,TCGGACGATAGGCACAGAGG,66,2498007
mhpRp2,3.380952380952381,90,20,TCGCCGTAGTTTACTTGACT,70,2516713
mhpRp2,3.857142857142857,100,20,TCCCTCCTGATCCGTCCGTT,80,2479611
mhpRp2,3.1904761904761907,86,20,TCCACATACATCGTGTATGA,66,2483486
mhpRp2,0.09523809523809523,21,20,TACAAAACTCTTGCTATGAC,1,2507291
mhpRp2,2.9047619047619047,80,20,TAAGCGCCATACGGTCTATA,60,2494300
mhpRp2,3.6666666666666665,96,20,GTTTTCATTCAGTATGTAGC,76,2529592
mhpRp2,2.7142857142857144,76,20,GTTTAGTGTCCGGCCGTGAC,56,2539482
mhpRp2,2.619047619047619,74,20,GTTTACGGAAACGACCCTGA,54,2487198
mhpRp2,0.09523809523809523,21,20,GTCTAAAGGTTAGAGGAGCA,1,2537790
mhpRp2,2.761904761904762,77,20,GTCGAGTGGCCCCCGAGTCA,57,2506741
mhpRp2,2.619047619047619,74,20,GGTCAAGGATGGGAGGGAGT,54,2524053
mhpRp2,0.09523809523809523,21,20,GGGGGTCAATTGGTTGGATA,1,2525688
mhpRp2,3.8095238095238093,99,20,GGCTCGCGAAGCATTCCTTT,79,2516737
mhpRp2,2.4285714285714284,70,20,GGCCTTTTATTTGAAGTCAG,50,2510249
mhpRp2,3.238095238095238,87,20,GGATCCTTATTCTAACATCA,67,2521339
mhpRp2,2.380952380952381,69,20,GGACTAGGTGCCAGTCGATT,49,2530760
mhpRp2,4.9523809523809526,123,20,GGACTACTCTCTGGATTGCG,103,2537432
mhpRp2,0.09523809523809523,21,20,GCCAATACAGAGGGTTTGAG,1,2504368
mhpRp2,3.9047619047619047,101,20,GCATCACTCTCAGAGGGGGC,81,2525894
mhpRp2,5.238095238095238,129,20,GCAGTAACGCTGGAGTCATT,109,2491658
mhpRp2,3.0,82,20,GAGTGACCGCTCAGGTTCTT,62,2492985
mhpRp2,3.0952380952380953,84,20,GACCGGCAAAGCGGAGTCGT,64,2535755
mhpRp2,2.857142857142857,79,20,GAAGGGATCGCCCTAGCGGG,59,2498567
mhpRp2,3.0476190476190474,83,20,GAACCAGCACAAATACACAT,63,2510554
mhpRp2,4.190476190476191,107,20,CTTTCCACGACCAACATACT,87,2489738
mhpRp2,0.09523809523809523,21,20,CTTGTTTTTGTCCTGGAAGT,1,2524762
mhpRp2,3.0476190476190474,83,20,CTTGAGGTTCGACACGCTCT,63,2542857
mhpRp2,2.761904761904762,77,20,CTTAAAACCAGTACGTGGGA,57,2499342
mhpRp2,5.476190476190476,134,20,CTGGCACATAATTTTCTGAA,114,2545735
mhpRp2,3.9047619047619047,101,20,CTATTTCCCGCTGCACCGCT,81,2504295
mhpRp2,2.0952380952380953,63,20,CTACGGGCTTATGTCTACCT,43,2484662
mhpRp2,3.0476190476190474,83,20,CGTTCCATGTTCTTGCCGTG,63,2513259
mhpRp2,2.761904761904762,77,20,CGGGTTTGATAACGCGTAAA,57,2480932
mhpRp2,2.4285714285714284,70,20,CGCCTTTCGACGTTAGGCTT,50,2511044
mhpRp2,2.380952380952381,69,20,CGATCCGACATGGGCAAACG,49,2543850
mhpRp2,1.9047619047619047,59,20,CCGTACGCAGGGCATCATGA,39,2482116
mhpRp2,6.857142857142857,163,20,CCGATTGAATGGCCTTATAT,143,2503937
mhpRp2,7.0,166,20,CCCATCTTAGCTCTCAGTTT,146,2528593
mhpRp2,3.7142857142857144,97,20,CCAGGTAACCATAACGTAAA,77,2537584
mhpRp2,2.4285714285714284,70,20,CCAGCGTGGGCACTAAATCT,50,2515309
mhpRp2,8.142857142857142,190,20,CCAGATCCCACAAAGGAATG,170,2534928
mhpRp2,0.09523809523809523,21,20,CACTTCAGCGGTCTGAGATG,1,2540608
mhpRp2,2.8095238095238093,78,20,CACGACCGACAAATGCGTTC,58,2524583
mhpRp2,2.9047619047619047,80,20,CAAAACAAGGGGTACATCAT,60,2535911
mhpRp2,2.2857142857142856,67,20,ATCCTGGGTGGGACCCAATT,47,2525452
mhpRp2,4.142857142857143,106,20,ATCATAAGACGAGTCGATTG,86,2536386
mhpRp2,3.2857142857142856,88,20,ATACCGTCTTCCTTGATGCT,68,2505081
mhpRp2,0.09523809523809523,21,20,AGTCTCTTGAACGATTATGA,1,2543367
mhpRp2,1.0476190476190477,41,20,AGGGCAATGCAGACTGAGAG,21,2504465
mhpRp2,0.09523809523809523,21,20,AGGCCACTTTCGCGCTGCAG,1,2533484
mhpRp2,3.5238095238095237,93,20,AGGAGGTAGGGACGGCACCA,73,2500299
mhpRp2,2.857142857142857,79,20,AGATAAAAATTTGCGGAACT,59,2513280
mhpRp2,3.5238095238095237,93,20,AGAAAGGACATTCAATAAAC,73,2489310
mhpRp2,3.8095238095238093,99,20,ACGTGACGGGGATCAGCAAC,79,2484633
mhpRp2,1.619047619047619,53,20,ACGAGTCCCGTGCCGAGCGC,33,2484053
mhpRp2,2.9047619047619047,80,20,ACCTGGTTGCGGGGAACCTA,60,2528647
mhpRp2,3.4761904761904763,92,20,ACCAACCTCAACAGGGTATT,72,2520566
mhpRp2,4.0,103,20,ACCAAATCGTGACCCACATA,83,2495452
mhpRp2,3.142857142857143,85,20,ACAAGCAGCATATCGGTAAT,65,2483705
mhpRp2,0.09523809523809523,21,20,ACAACGATGTCCAATGCTAC,1,2542370
mhpRp2,2.2857142857142856,67,20,AATTGGCGTAGCGATCGGCA,47,2541001
mhpRp2,4.238095238095238,108,20,AATGTACGGCCCGGCGCCAG,88,2495990
mhpRp2,5.761904761904762,140,20,AATCTCATACAACACGCGAG,120,2489823
mhpRp2,1.0,40,20,AATCCACGGCTGGCACCCCT,20,2544123
mhpRp2,2.4285714285714284,70,20,AAGTTGGCATTTTATTTTGT,50,2510026
mhpRp2,2.5238095238095237,72,20,AAGTAGTCTAGCGTGACATT,52,2523590
mhpRp2,0.09523809523809523,21,20,AACGCTTTAAGAGGTAGACA,1,2516094
mhpRp2,2.5,68,19,TGTTGACGGCTTAGCCCGGT,49,2487519
mhpRp2,5.4,126,19,TGTCGGACATTCAGCGGGGT,107,2497151
mhpRp2,3.75,93,19,TGGTAATTTGCAGTAGACAA,74,2485336
mhpRp2,7.15,161,19,TGCGTTACCACCATCTACTA,142,2532583
mhpRp2,2.2,62,19,TGCGCCAGAGTTCGCCACAG,43,2524488
mhpRp2,0.45,27,19,TGATCACATACCTACCGTAT,8,2524576
mhpRp2,0.1,20,19,TGAGAGATGGGAGAGTGTAG,1,2504563
mhpRp2,3.25,83,19,TGACTGCGGAAGCGGAACTC,64,2516317
mhpRp2,2.4,66,19,TCTACATGCAGCGTAGCGGG,47,2484505
mhpRp2,3.15,81,19,TCGTTAGGTGAGGCCCTCAT,62,2533005
mhpRp2,3.6,90,19,TCGCGAAATCTTCAAATCTA,71,2542074
mhpRp2,3.1,80,19,TCGCATTCGTGACCCATCCA,61,2544161
mhpRp2,0.1,20,19,TCGCACCATGGCCCCCGACG,1,2533830
mhpRp2,0.1,20,19,TCCGGGGCACTGGCCCTTAA,1,2484052
mhpRp2,0.15,21,19,TCCCCTGCCCCAGGTCACGT,2,2504337
mhpRp2,3.6,90,19,TAGGCTAGGTGGTAGGAGAA,71,2527116
mhpRp2,2.75,73,19,TAGCATCCAATCGCAGTCTG,54,2506746
mhpRp2,3.7,92,19,TAAGGGGATACTGCGTCATT,73,2536118
mhpRp2,0.1,20,19,GTTTCGGAGTATTTACAGAA,1,2520667
mhpRp2,0.1,20,19,GTTCGCACACGCAACGCAAG,1,2509103
mhpRp2,2.05,59,19,GTTCCAACCAAAAACGCTTG,40,2540136
mhpRp2,2.55,69,19,GTGAGGATCCCCACGGTCCC,50,2522766
mhpRp2,2.35,65,19,GTGAACACTGCGGCAATCAG,46,2500176
mhpRp2,5.95,137,19,GTCATATAGCGAAGCAAGCG,118,2499110
mhpRp2,7.55,169,19,GTAAGTTCGGGACAAGAGCT,150,2522773
mhpRp2,0.1,20,19,GGTGTTTGGCAATCATCCTG,1,2494854
mhpRp2,3.1,80,19,GGTGGCGGTAAACTACGCGG,61,2539377
mhpRp2,3.1,80,19,GGTAACAGGACGCCGGTGTC,61,2531389
mhpRp2,3.7,92,19,GGGCTTATGTGTCGGTGGTG,73,2486118
mhpRp2,3.45,87,19,GGGCATTCAATGTTTGCCCC,68,2499741
mhpRp2,0.85,35,19,GGGACAGTCACTCAAAGGGG,16,2523778
mhpRp2,2.25,63,19,GGACAGATCGACTGCTCTGG,44,2532152
mhpRp2,0.1,20,19,GCTAAACTTGGTACTGAAGT,1,2533094
mhpRp2,7.45,167,19,GCGTGGTGTGTGATTAGCGG,148,2483695
mhpRp2,0.1,20,19,GCGGTTGAGGACTCACACAG,1,2502171
mhpRp2,0.1,20,19,GCGCAACAGTACTAAAAGCG,1,2521594
mhpRp2,3.3,84,19,GCCTATTGACAAAAGCCGGG,65,2495352
mhpRp2,1.9,56,19,GCCGTGTTGCTAGCAGTGCT,37,2492544
mhpRp2,0.1,20,19,GCCACGCAAAGAGGGAGTTT,1,2491169
mhpRp2,3.0,78,19,GATGTCGGTCGGCGTTCTGT,59,2504941
mhpRp2,4.75,113,19,GAGGCGGTATGTGGTTGACG,94,2513347
mhpRp2,2.05,59,19,GAGAGCTTCCAGGGCGGCTG,40,2528181
mhpRp2,2.45,67,19,GACTGGTGCCCGATACACAC,48,2522768
mhpRp2,2.5,68,19,GAACGGAATTCGACGAGCCG,49,2507480
mhpRp2,3.35,85,19,GAACAGTATCAGAAAAGCTT,66,2523628
mhpRp2,2.75,73,19,CTTTCGTCTAGTAACGGAAA,54,2520443
mhpRp2,3.2,82,19,CTTGGGAACATGGGCTGCGA,63,2540836
mhpRp2,2.4,66,19,CTGCCTCAACTGTGCCAAGT,47,2541394
mhpRp2,5.6,130,19,CTGCCACGCCTCGCTAACAG,111,2541263
mhpRp2,2.25,63,19,CTGACGAGCCCCCCGACAGG,44,2542854
mhpRp2,3.05,79,19,CTCTGCGTGGCAAGAACGCA,60,2524793
mhpRp2,3.2,82,19,CTAAATAACCAGAAATTTAT,63,2526896
mhpRp2,3.7,92,19,CGTTATCACTAAGAGATGTC,73,2521915
mhpRp2,0.1,20,19,CGTTACGGTTTAAGATCCTA,1,2512394
mhpRp2,3.1,80,19,CGTGAGGGAATTCAGTCGTC,61,2488366
mhpRp2,2.45,67,19,CGGTCTCGGGAGTACGATTA,48,2537207
mhpRp2,0.1,20,19,CGCTTTGATTTCAAGACACC,1,2528998
mhpRp2,2.9,76,19,CGCTGAGCCCTGCTCACCCG,57,2505971
mhpRp2,2.65,71,19,CGAGGGGTAATCCGTACATA,52,2487695
mhpRp2,2.8,74,19,CGAGATAACCCGTGGGACAG,55,2537914
mhpRp2,3.9,96,19,CGAGAGTCGAGCCCCTGGGA,77,2483668
mhpRp2,7.45,167,19,CCTCGCTGTGCGCCGGAAAT,148,2544231
mhpRp2,2.15,61,19,CCGGTTTTACTGTCCATTCA,42,2544894
mhpRp2,10.35,225,19,CCCGGAGGATTCCATGCATG,206,2522053
mhpRp2,0.15,21,19,CCCATATAGGTCACCATAGG,2,2486081
mhpRp2,0.55,29,19,CCACTAGATCCGTCTTTCCT,10,2503325
mhpRp2,1.25,43,19,CATGTACAATAGGTGAGGTA,24,2499643
mhpRp2,15.6,330,19,CATCCACTGATGGGTTCTTA,311,2497155
mhpRp2,2.9,76,19,CAGTTCGTGTCTTTTGACGC,57,2518127
mhpRp2,0.35,25,19,CAGGGCTGCTAAACGTCAAA,6,2505002
mhpRp2,5.55,129,19,CAGAGTGATCCGCCATTCGT,110,2502549
mhpRp2,4.35,105,19,ATTTTGGGTCTACGCTTGCA,86,2500405
mhpRp2,4.75,113,19,ATTTGAATACCTGCCTGGAG,94,2489406
mhpRp2,0.1,20,19,ATTCAAATTCCCGGATAGAT,1,2492273
mhpRp2,2.5,68,19,ATCTAGCGCGCACGTAAGCT,49,2503111
mhpRp2,8.7,192,19,ATCTACTTGGTGTCAATTAC,173,2535064
mhpRp2,0.1,20,19,ATCGAGATGCGCAGACAGCA,1,2509152
mhpRp2,5.8,134,19,ATACCTGTAGGACTCTTTGT,115,2500850
mhpRp2,0.1,20,19,AGCTTCCAAGAAGGGGGCTT,1,2540540
mhpRp2,3.4,86,19,AGCTAGTTTCGTCCGTGCAG,67,2502808
mhpRp2,6.35,145,19,AGCCAAATACAACTTGAAAA,126,2484686
mhpRp2,7.5,168,19,AGCATGTGAGGGTTATCTGA,149,2525862
mhpRp2,5.05,119,19,ACTTACAATAATGGCCCCAA,100,2513615
mhpRp2,6.7,152,19,ACGTCTGAGTAAAATCCACA,133,2532757
mhpRp2,0.8,34,19,ACCCTGAAGCTGCTCCAATG,15,2489810
mhpRp2,2.2,62,19,ACATTCCATCCCGTTCCCTC,43,2540765
mhpRp2,3.4,86,19,ACAGCAGAAGCCTGTATCAG,67,2493845
mhpRp2,5.6,130,19,ACAAGGATGGCGCCGAAAGC,111,2534211
mhpRp2,4.3,104,19,ACAAGGACTAATAAGCATCT,85,2500369
mhpRp2,6.05,139,19,ACAAAAATCCATCCATGACT,120,2513466
mhpRp2,0.7,32,19,AATTTGGTATGGAACGGTCA,13,2494098
mhpRp2,0.1,20,19,AATCGCATCGTCGATTGCTT,1,2504716
mhpRp2,2.5,68,19,AATCGAGCGGGCACTCGGAT,49,2520466
mhpRp2,3.35,85,19,AAGGTACCTCCACTAAACCT,66,2536337
mhpRp2,0.7,32,19,AAGGAGAGGTTCACCGTTAG,13,2507663
mhpRp2,0.1,20,19,AAGGACACGTGAAGGGGACT,1,2493665
mhpRp2,2.55,69,19,AAGACGCGGATGTCATTGTA,50,2519603
mhpRp2,2.15,61,19,AACGCTAGGCAACGGCCCAG,42,2522944
mhpRp2,1.45,47,19,AAAGCCTTGTGCTTGGGTTG,28,2514947
mhpRp2,3.0,78,19,AAACGGAGTTATGGGCCAGC,59,2501525
mhpRp2,4.421052631578948,101,18,TTTGCCATGGAGGTTTGGTC,83,2484665
mhpRp2,3.0526315789473686,75,18,TTGGTTTAGCTGCGGTTGCA,57,2491764
mhpRp2,0.10526315789473684,19,18,TTGCCTTTCGTGAACCCCGA,1,2521040
mhpRp2,3.6315789473684212,86,18,TTGACGAAACGCATTTTAGT,68,2526178
mhpRp2,0.10526315789473684,19,18,TTGAAATTCAGCGGCTCGTT,1,2496792
mhpRp2,0.10526315789473684,19,18,TTCACTGTACCGCTCTAAAT,1,2483006
mhpRp2,0.8947368421052632,34,18,TTATGGCAAGATAACTGGAG,16,2535513
mhpRp2,4.684210526315789,106,18,TTAATGCGGTTAATAGCACG,88,2523284
mhpRp2,1.0,36,18,TGGGGCGACCCCATTCGTCA,18,2521225
mhpRp2,4.894736842105263,110,18,TGGATTCGCCAGTCGTATCC,92,2490863
mhpRp2,3.789473684210526,89,18,TGCGTAACGCGAAGAACGTA,71,2533699
mhpRp2,2.526315789473684,65,18,TGACAGACAGAATTCCAGCA,47,2530463
mhpRp2,3.0526315789473686,75,18,TGAAAGCAAAGATGTTCGTA,57,2508344
mhpRp2,3.0526315789473686,75,18,TCTGATCGGGGTCGTGGAAG,57,2527978
mhpRp2,4.526315789473684,103,18,TCGGTGCTACGATGGTTGCC,85,2538937
mhpRp2,0.10526315789473684,19,18,TCGGACGTTCTGAGACACGG,1,2519506
mhpRp2,6.315789473684211,137,18,TCGCTCTATTAGTTAAGCTT,119,2511855
mhpRp2,2.3157894736842106,61,18,TCGCAGTGGACTTGGCGTCT,43,2507296
mhpRp2,0.10526315789473684,19,18,TCGAGCTAAGCTATTCGTGT,1,2519702
mhpRp2,0.10526315789473684,19,18,TCGAGACCAAAGAAGTTACG,1,2523271
mhpRp2,2.736842105263158,69,18,TCCTGTGCAGGAGTGCAATT,51,2479760
mhpRp2,0.10526315789473684,19,18,TCCGGTTGCTCGGGCTAGTA,1,2507108
mhpRp2,3.9473684210526314,92,18,TCCAACGATTTAAGCGTGCG,74,2488913
mhpRp2,0.10526315789473684,19,18,TCATCCCGATGGCCACAAAT,1,2530871
mhpRp2,2.8947368421052633,72,18,TATTCGGTAAATGGACTAGC,54,2509741
mhpRp2,3.8421052631578947,90,18,TATTATGAGTACGCTGGGAC,72,2506821
mhpRp2,2.5789473684210527,66,18,TATCACCACCCAAACAGCGA,48,2540361
mhpRp2,1.736842105263158,50,18,TATAATCCGGCAAGTAGACA,32,2491837
mhpRp2,3.210526315789474,78,18,TAACGGGGGCCGCTATAGTT,60,2481192
mhpRp2,1.3157894736842106,42,18,TAAAGCCCGCCTCTCGCTTT,24,2483607
mhpRp2,3.526315789473684,84,18,GTGCCTCTGGTACGGAAGGA,66,2499762
mhpRp2,3.1052631578947367,76,18,GTGAACCTGCCTCTCACAAC,58,2523161
mhpRp2,0.10526315789473684,19,18,GTCCGACATTCCGATCTTGT,1,2512743
mhpRp2,5.2105263157894735,116,18,GTATTTCCGACGTCGAAGCT,98,2494607
mhpRp2,2.473684210526316,64,18,GGGGTACCTGGGTATTTTGT,46,2501035
mhpRp2,5.2105263157894735,116,18,GGGGGGCAAAACTACGCGGT,98,2514941
mhpRp2,0.10526315789473684,19,18,GGCTTAGAGGTTTAAGACTG,1,2517098
mhpRp2,2.3157894736842106,61,18,GGATGCGCTGGGGTAGTCCA,43,2524405
mhpRp2,3.4210526315789473,82,18,GCTCCATGAGATACCCAACA,64,2506688
mhpRp2,11.052631578947368,227,18,GCGGACCAATCAGGAACGAT,209,2522765
mhpRp2,2.5789473684210527,66,18,GCGCATACATGCGCGTCCGT,48,2518458
mhpRp2,4.105263157894737,95,18,GCGATTACTCAATCCTGTTT,77,2523981
mhpRp2,0.10526315789473684,19,18,GCGAGTCCCGTCTATGGTAG,1,2490695
mhpRp2,10.210526315789474,211,18,GCGACACACTAGCCTCGTAC,193,2530971
mhpRp2,6.0,131,18,GCCGGTAGGTTTACTGTAGG,113,2493974
mhpRp2,2.3684210526315788,62,18,GCATTTGCAGATCCACTTTT,44,2501200
mhpRp2,2.789473684210526,70,18,GCATCAGAGTTTGACAGCAA,52,2522530
mhpRp2,2.526315789473684,65,18,GATTCGAAGGGCCTGGGTTG,47,2508091
mhpRp2,3.6842105263157894,87,18,GATTAAAGGGTACAGCACTG,69,2506416
mhpRp2,2.6315789473684212,67,18,GATATCCTCAAATTGGGTCA,49,2522395
mhpRp2,0.10526315789473684,19,18,GAGAGCTAAATGTACTCGTC,1,2495825
mhpRp2,3.736842105263158,88,18,GAGACGGCGCTGAGCACCAT,70,2510881
mhpRp2,2.8421052631578947,71,18,GACCTTGGATAGGGTCAGGT,53,2502797
mhpRp2,3.6842105263157894,87,18,GACCGCTGCGTCAACCCTGT,69,2493148
mhpRp2,0.10526315789473684,19,18,GACCGCCCGGGAACCCCTCA,1,2511491
mhpRp2,0.10526315789473684,19,18,GACATGTACACACGTACAGC,1,2484365
mhpRp2,0.10526315789473684,19,18,CTGATAAGTGGTTCTCAGTC,1,2506351
mhpRp2,5.578947368421052,123,18,CTCCTCAGCGAGCCCCGGTG,105,2529017
mhpRp2,3.6842105263157894,87,18,CTCCCAAACATAATCCAGTT,69,2525088
mhpRp2,3.1052631578947367,76,18,CTACTTGTTCTTTGGCCCGA,58,2524164
mhpRp2,2.6842105263157894,68,18,CGGTTTAGAAGGGAGAGAAG,50,2525137
mhpRp2,2.210526315789474,59,18,CGGGCATTTCTGTCCCCGGA,41,2544913
mhpRp2,0.5263157894736842,27,18,CGCCCATGATTGAAGAGCTA,9,2542862
mhpRp2,3.526315789473684,84,18,CGAGTACTACCAATGGCAAA,66,2500040
mhpRp2,0.10526315789473684,19,18,CCTCGCTAACTCGGGAAAGA,1,2506636
mhpRp2,2.736842105263158,69,18,CCCAGCAGTCGTGCCCCAGT,51,2527972
mhpRp2,5.7894736842105265,127,18,CATAGGCCGTACGAAACCTA,109,2501823
mhpRp2,5.7894736842105265,127,18,CATACTGCGACGGGACTAAG,109,2539758
mhpRp2,0.10526315789473684,19,18,CAGTAGTCCTCGATCCACTC,1,2527155
mhpRp2,2.5789473684210527,66,18,CAGAAAGGCTTCAGTGTCGG,48,2527332
mhpRp2,0.10526315789473684,19,18,CACTGTCCGGTCTGGATGAA,1,2493609
mhpRp2,2.9473684210526314,73,18,CAATAGTTGTTCCTCCCCGA,55,2508909
mhpRp2,9.68421052631579,201,18,CAACATACGAATACCTCGGA,183,2479747
mhpRp2,0.10526315789473684,19,18,ATTTGCTCTACTAGATCTAA,1,2523398
mhpRp2,5.7894736842105265,127,18,ATTGATTTCAGCCCAGTTTT,109,2517543
mhpRp2,4.473684210526316,102,18,ATTCTATTAGTATATATTCG,84,2490250
mhpRp2,2.8421052631578947,71,18,ATTCTAGATCATATAGGGCG,53,2512400
mhpRp2,3.0,74,18,ATGTCCTGCGTGGTAGAGAG,56,2540089
mhpRp2,2.9473684210526314,73,18,ATATTATCGTTGCTTCACGT,55,2522037
mhpRp2,9.789473684210526,203,18,ATATGGTCTTGCGGAAAGGA,185,2508125
mhpRp2,1.1578947368421053,39,18,ATACGCTAATCTCGCAGGAC,21,2525630
mhpRp2,3.0526315789473686,75,18,AGTTGCACTTGACTAGATCG,57,2508085
mhpRp2,4.2631578947368425,98,18,AGGGAGATCTAGGTGGTAGA,80,2517537
mhpRp2,2.5789473684210527,66,18,AGGCATGTGCAGCCCTGGAG,48,2515256
mhpRp2,6.315789473684211,137,18,AGCTAAAGGGGTCGCCGCAA,119,2511863
mhpRp2,3.1578947368421053,77,18,AGCGAGGCCATATCGCGGAA,59,2509070
mhpRp2,2.789473684210526,70,18,AGCGAGCTGGGCGTTGGGTA,52,2517826
mhpRp2,0.10526315789473684,19,18,AGAGATGGAAACCCAGCAAC,1,2500628
mhpRp2,3.6315789473684212,86,18,ACGGATAGTTGACACGGTGA,68,2480334
mhpRp2,3.1578947368421053,77,18,ACGCTGAAGCAGGGTGGCCT,59,2487782
mhpRp2,4.2105263157894735,97,18,ACGATCATCTAGTACTGAAG,79,2491218
mhpRp2,2.6315789473684212,67,18,ACCGCTGGACCAATAGCAGC,49,2524276
mhpRp2,0.10526315789473684,19,18,ACCCAACGAGTGTCTAATTG,1,2544266
mhpRp2,5.684210526315789,125,18,ACATCTGAACGGTCACGCGT,107,2544572
mhpRp2,7.0,150,18,ACATCTAGGGAAGGGACAGC,132,2512654
mhpRp2,0.10526315789473684,19,18,AATGGTGGTCAATCGGTTTG,1,2513554
mhpRp2,5.157894736842105,115,18,AACGAGCTTAGACGGGCAGA,97,2497802
mhpRp2,1.368421052631579,43,18,AAAGTGGAAGGTCTCGCATT,25,2510996
mhpRp2,3.6666666666666665,82,17,TTTTTACCAACATACTAAGC,65,2483432
mhpRp2,3.4444444444444446,78,17,TTTATGACACTCATTAGCCC,61,2540317
mhpRp2,3.111111111111111,72,17,TTGCAGCTTTATGCCTAGCT,55,2517220
mhpRp2,3.388888888888889,77,17,TTCTATTCGATGTTTCGAGA,60,2538306
mhpRp2,0.1111111111111111,18,17,TTCACCAGGGAGGAGAGGGG,1,2499344
mhpRp2,3.2777777777777777,75,17,TGTCTGGTTCTCCTTGTCGT,58,2501281
mhpRp2,2.7222222222222223,65,17,TGTCCAACAGTTTGCTGTTC,48,2489067
mhpRp2,3.388888888888889,77,17,TGGGCAGCCGAATGCAACAA,60,2510407
mhpRp2,2.0,52,17,TGCTTGGGGTAGCCCACCGT,35,2501140
mhpRp2,4.111111111111111,90,17,TGAGTGTTCATACAGGGGTT,73,2544953
mhpRp2,0.1111111111111111,18,17,TGAGCTGTATTCTTGAGTGG,1,2482325
mhpRp2,2.611111111111111,63,17,TGACTTCATGGTCACGTCCC,46,2521283
mhpRp2,3.2222222222222223,74,17,TGAATGTGGTCGAACATGCA,57,2511196
mhpRp2,12.055555555555555,233,17,TCTTGGCCGCCAAGATGCCT,216,2479754
mhpRp2,0.1111111111111111,18,17,TCTCTGTGACCTGAGGGTAG,1,2532722
mhpRp2,6.0,124,17,TCGTGATTCAAAGGGGGGTG,107,2506232
mhpRp2,3.388888888888889,77,17,TCGGTATGAGATCTGAGTGA,60,2505973
mhpRp2,6.666666666666667,136,17,TCGGGCAAAAGCTGGGCGAC,119,2540314
mhpRp2,17.833333333333332,337,17,TCGACAGTTAGTAGCAGATT,320,2514954
mhpRp2,2.5555555555555554,62,17,TCCGTCAACCTTTTGCTAGT,45,2502695
mhpRp2,0.1111111111111111,18,17,TCCCTAACATCACTAAATCG,1,2531118
mhpRp2,2.0,52,17,TCATTGGAAACAAATATGCA,35,2487652
mhpRp2,3.111111111111111,72,17,TCACCGCAGCTCACGTGTTC,55,2533876
mhpRp2,4.388888888888889,95,17,TATTAGCTAGGTGACACGCA,78,2524474
mhpRp2,6.0,124,17,TATTACTAACCCGGCGTTAT,107,2490261
mhpRp2,0.1111111111111111,18,17,TATTAACGTACGGGGCTCGG,1,2524249
mhpRp2,4.388888888888889,95,17,TATGGGGGATAATCAAGGTA,78,2511455
mhpRp2,4.166666666666667,91,17,TATAATACTTAGTTTTTTGT,74,2516316
mhpRp2,0.1111111111111111,18,17,TAATTTACTCCTGGAGATTA,1,2527684
mhpRp2,4.055555555555555,89,17,TAACCTAAGAGCCCTCATAT,72,2487428
mhpRp2,3.1666666666666665,73,17,GTTGTTTCGGACATCTGAGT,56,2498122
mhpRp2,3.5555555555555554,80,17,GTTGTACATGCGCCCTTGTC,63,2505134
mhpRp2,0.1111111111111111,18,17,GTTGGAGTTGTCTAAATCGA,1,2520398
mhpRp2,3.611111111111111,81,17,GTTGATCGCCCGGCTAGGAC,64,2496873
mhpRp2,3.3333333333333335,76,17,GTGAGTAAGCCCGCATCCGC,59,2543182
mhpRp2,0.1111111111111111,18,17,GTCTGATATCTCCCTGGTTT,1,2511122
mhpRp2,6.777777777777778,138,17,GTATCATGCTTGCGCGATAT,121,2481538
mhpRp2,0.1111111111111111,18,17,GGTGCGCAATTACATGAGCT,1,2503502
mhpRp2,1.7222222222222223,47,17,GGGTTCCAACATACGGAATA,30,2523699
mhpRp2,4.944444444444445,105,17,GGGGCTTTTGTGTCGATTGT,88,2535209
mhpRp2,0.1111111111111111,18,17,GGCACAGTCGTGCCTTGCCA,1,2534936
mhpRp2,2.6666666666666665,64,17,GGATTCTGTCGCGGGCTATT,47,2495676
mhpRp2,2.5,61,17,GCCCCCGAGTAGCAACCAGT,44,2496780
mhpRp2,3.8333333333333335,85,17,GATTGGAGGATAACGATTTC,68,2519419
mhpRp2,0.1111111111111111,18,17,GAGTGTGACCATAATGAATG,1,2491239
mhpRp2,0.1111111111111111,18,17,GAGCTCTCAGTAAGGACTTA,1,2485014
mhpRp2,3.6666666666666665,82,17,GACGTCAGATGGTGCCCGAG,65,2545106
mhpRp2,3.7222222222222223,83,17,GACAGGTTTCGCCGTATAGG,66,2508340
mhpRp2,8.055555555555555,161,17,GAATAAACCATTCATCGCGG,144,2519923
mhpRp2,1.0,34,17,GAACAAGGGCTGGTTAACGA,17,2524636
mhpRp2,9.277777777777779,183,17,GAAACGGTTCGGATTCAATG,166,2486515
mhpRp2,0.1111111111111111,18,17,CTTCCTGGAAGCGGCCGATA,1,2490806
mhpRp2,0.16666666666666666,19,17,CTCTTCTTCCCGCGGTCCCC,2,2491316
mhpRp2,3.888888888888889,86,17,CTCAATTCAGCCTCTGGGAT,69,2529509
mhpRp2,6.888888888888889,140,17,CTATCTCTCGAACTTCCAAA,123,2488982
mhpRp2,6.777777777777778,138,17,CTAACTGTGCTTATGGTAAG,121,2495581
mhpRp2,3.8333333333333335,85,17,CGTATTTCAATTGATGTGGT,68,2486732
mhpRp2,3.8333333333333335,85,17,CGTACCTTGGTAATATATTC,68,2537495
mhpRp2,0.1111111111111111,18,17,CGGCATCAATGGCTCGCGTT,1,2533715
mhpRp2,7.0,142,17,CGAGTCTATAGACCACCCAA,125,2540974
mhpRp2,1.2777777777777777,39,17,CGACTTTATATCCCCTCTTT,22,2520080
mhpRp2,4.388888888888889,95,17,CCTTTGCTATCAAATTACAT,78,2521083
mhpRp2,0.1111111111111111,18,17,CCTTAGTCTAGTTAAGATAG,1,2518868
mhpRp2,0.1111111111111111,18,17,CCTCCTAATACTTTGTCAAA,1,2501206
mhpRp2,0.1111111111111111,18,17,CCGTACACCACCCCAGGGCA,1,2532204
mhpRp2,4.055555555555555,89,17,CCCGACTTTCAGACTTCAGT,72,2542464
mhpRp2,3.6666666666666665,82,17,CCCAATGAATTCATTGGCCT,65,2529959
mhpRp2,1.6111111111111112,45,17,CCAAGACGTTGGTATTGGAC,28,2510107
mhpRp2,2.4444444444444446,60,17,CATTGGTTCCTCGCTGATTC,43,2518859
mhpRp2,0.1111111111111111,18,17,CATTGAAGGCTTTATCGGTT,1,2498394
mhpRp2,0.1111111111111111,18,17,CATGGGCTCAAGGAAAGATC,1,2488306
mhpRp2,2.8333333333333335,67,17,CAGCAAATACGTTGCGCTTT,50,2534208
mhpRp2,0.1111111111111111,18,17,CAGACACTGGAGTTTCAAGG,1,2524010
mhpRp2,3.8333333333333335,85,17,CAATTACTTTAGAGGCTCTA,68,2526179
mhpRp2,6.0,124,17,CAATAGAATTCTGGTGTTGT,107,2505476
mhpRp2,3.2777777777777777,75,17,CAACGCTCATGTGTTTATCA,58,2539999
mhpRp2,3.0,70,17,ATTGTAATAGTGAATGCCAG,53,2489199
mhpRp2,4.166666666666667,91,17,ATGGGCCCTGGCTCAAAGAC,74,2530404
mhpRp2,4.444444444444445,96,17,ATGATCGGGAGTCGCCATCG,79,2485885
mhpRp2,1.6666666666666667,46,17,ATGATAAAACTGTCATTTAA,29,2501958
mhpRp2,3.5555555555555554,80,17,ATCGAGGGTAGCACGTGCGT,63,2521078
mhpRp2,4.055555555555555,89,17,AGTTTCTCTTTGTCTCAGAA,72,2535214
mhpRp2,2.888888888888889,68,17,AGGTACCTGCAGAGGAAAAA,51,2510870
mhpRp2,2.7222222222222223,65,17,AGCTTTTGCTGTCTTGTTGA,48,2501316
mhpRp2,0.1111111111111111,18,17,AGCGTGGTGGTGTATAAGTG,1,2527136
mhpRp2,3.111111111111111,72,17,AGCCTCACTCCTTCCATATT,55,2513245
mhpRp2,2.1666666666666665,55,17,AGACCAGAGGTAGTTCCCCT,38,2506142
mhpRp2,0.1111111111111111,18,17,AGACATGGGCGCTTCGAAGT,1,2485261
mhpRp2,1.8333333333333333,49,17,ACTGGCGGTCGTCAGCCTCA,32,2524316
mhpRp2,13.777777777777779,264,17,ACGTAGACGGATGTGAAGAT,247,2494984
mhpRp2,0.1111111111111111,18,17,ACGGTGTTTAGTAGAAGGGG,1,2502584
mhpRp2,3.7777777777777777,84,17,ACGGTCCAGGAAGCGGGCCT,67,2513339
mhpRp2,0.1111111111111111,18,17,ACGGACTAATTGAACTTTGG,1,2491375
mhpRp2,2.7777777777777777,66,17,ACGACGCAGGGAAGTCTAAC,49,2520054
mhpRp2,1.8333333333333333,49,17,ACCTACCTACCTTGATAGAT,32,2511092
mhpRp2,4.5,97,17,AATTTGGTTTCGAGAAGTGT,80,2488969
mhpRp2,0.1111111111111111,18,17,AATGCAAATCCACCGTACGT,1,2480608
mhpRp2,3.3333333333333335,76,17,AATGAGCGGGATACACTGAA,59,2510927
mhpRp2,8.222222222222221,164,17,AAGATGCATACCTGTATGTT,147,2522443
mhpRp2,12.666666666666666,244,17,AAGAGACAGTGTAAACCTTT,227,2530764
mhpRp2,0.1111111111111111,18,17,AACTACGGCTTTGGGGTCAA,1,2543300
mhpRp2,2.6666666666666665,64,17,AACGCACTGAAGCTTGCATT,47,2510511
mhpRp2,4.944444444444445,105,17,AACCATGTTTAGTTTACGTT,88,2515664
mhpRp2,0.1111111111111111,18,17,AACATAAAAGAGGCAAGGTA,1,2508253
mhpRp2,6.944444444444445,141,17,AAAGTAATTTCAAAGTGGAG,124,2479838
mhpRp2,0.11764705882352941,17,16,TTTTCATCCTAGATTCATAT,1,2486486
mhpRp2,10.294117647058824,190,16,TTTAGATGCCCAGTCCCGCA,174,2505679
mhpRp2,3.0,66,16,TTGTCGCAACGGCATACGCG,50,2542603
mhpRp2,3.0588235294117645,67,16,TTGGGACTGTGGTCTTGCCA,51,2523399
mhpRp2,2.1176470588235294,51,16,TTGCTTCACCCCTGCGGTTA,35,2543336
mhpRp2,3.764705882352941,79,16,TTGAAATTCAGGGGGTTTAA,63,2485971
mhpRp2,3.0,66,16,TTCTAATCCATGGCTTTCAC,50,2517838
mhpRp2,0.11764705882352941,17,16,TTCAGCCGCATGCCTCCTGT,1,2526186
mhpRp2,0.11764705882352941,17,16,TTCAGAACTTATGACCGATG,1,2525944
mhpRp2,4.9411764705882355,99,16,TTAAGTAGTTCTATACCCGT,83,2524733
mhpRp2,3.176470588235294,69,16,TGGAGCCTCTCCGGGCGTGA,53,2494600
mhpRp2,1.7647058823529411,45,16,TGCCTATCTCGGCAAATGTA,29,2540658
mhpRp2,0.11764705882352941,17,16,TGCCATAGATTTACGCTGTC,1,2482618
mhpRp2,0.11764705882352941,17,16,TGATGATTATGAGTATGCAT,1,2479630
mhpRp2,1.588235294117647,42,16,TGAAAGTGCCCGTGGGCTTT,26,2483937
mhpRp2,3.176470588235294,69,16,TCGACTGGCCGGCATGGGAC,53,2493328
mhpRp2,0.23529411764705882,19,16,TCCGGTTTTCGACTTCGCTA,3,2533775
mhpRp2,4.411764705882353,90,16,TATGCATCAAGGAGATGAAC,74,2501276
mhpRp2,8.529411764705882,160,16,TAGGTTGCTCTCTCCTGAAA,144,2535810
mhpRp2,8.470588235294118,159,16,TAGGCATTTGCAGAGTGTGC,143,2518124
mhpRp2,0.11764705882352941,17,16,TAGACTTTTGCATCTGGTCG,1,2507047
mhpRp2,0.11764705882352941,17,16,TACTTTGCTCCAGTCTAGGT,1,2526311
mhpRp2,2.588235294117647,59,16,TACGTTGGTTCCAGGACCCC,43,2513445
mhpRp2,3.823529411764706,80,16,TACAGTGATCTCCTGACTTA,64,2532128
mhpRp2,4.0,83,16,GTTTATATACGAGTATGAGA,67,2538817
mhpRp2,0.11764705882352941,17,16,GTACTAGCGATAGGGCGGCT,1,2509538
mhpRp2,4.294117647058823,88,16,GGGGACGCGTTATCCACGTA,72,2496389
mhpRp2,3.235294117647059,70,16,GGCTTTGATTGATACACATG,54,2510048
mhpRp2,3.764705882352941,79,16,GGCGTGGCGCTGGCGAGACG,63,2480551
mhpRp2,0.11764705882352941,17,16,GGCCCATACTGGGGTCTTCT,1,2529293
mhpRp2,3.823529411764706,80,16,GGCAGGTTTAGCGGTTTTAG,64,2541083
mhpRp2,0.11764705882352941,17,16,GGCACTGCAAAGTCCAGGGC,1,2525218
mhpRp2,5.823529411764706,114,16,GCTTCAGTGTCGTTCCTTTA,98,2504990
mhpRp2,3.3529411764705883,72,16,GCTCAAGTGTGGGTGGCGAC,56,2488001
mhpRp2,3.8823529411764706,81,16,GCGTTAAGCACATGGTGCGT,65,2504421
mhpRp2,2.0588235294117645,50,16,GCCCGTCGCCTTGAATCTAG,34,2545750
mhpRp2,1.8235294117647058,46,16,GCCATGAACTCCGACTATAA,30,2530385
mhpRp2,3.7058823529411766,78,16,GCAACAGTACGTTGCCAAAA,62,2486310
mhpRp2,3.3529411764705883,72,16,GATTGGTGGGAACGACTCTG,56,2490989
mhpRp2,1.2352941176470589,36,16,GATGGCCCGCCGCATTAAAT,20,2525045
mhpRp2,1.0,32,16,GAGTCAACAAAATTGCCCAT,16,2519297
mhpRp2,0.11764705882352941,17,16,GAGGTATTGCCCAGGTTCAC,1,2499884
mhpRp2,0.11764705882352941,17,16,GACTTGAAAACGGCAGAATT,1,2486832
mhpRp2,2.9411764705882355,65,16,GACGCGGTCTATCTGTTCGG,49,2484712
mhpRp2,6.117647058823529,119,16,GAAGTTATGGGTGATCCGTT,103,2492989
mhpRp2,2.235294117647059,53,16,CTTGCGGTACATTAGAACGC,37,2495732
mhpRp2,8.941176470588236,167,16,CTTCTAATATTCAAGATGTG,151,2507375
mhpRp2,0.11764705882352941,17,16,CTTCCTGGCTGGATATCGTT,1,2526467
mhpRp2,3.588235294117647,76,16,CTTACGAGGAATTGTGTGGA,60,2528360
mhpRp2,2.5294117647058822,58,16,CTGCGGAACGTCTTCCCCCG,42,2524195
mhpRp2,0.8823529411764706,30,16,CTGCGAGGGGGTGTGTTTTC,14,2527390
mhpRp2,3.1176470588235294,68,16,CTGCCTACTGCTAAGGGGAT,52,2545615
mhpRp2,4.0588235294117645,84,16,CTGACTGTTTTTGGTGGAGC,68,2518545
mhpRp2,4.294117647058823,88,16,CTCCAGGTAGTCCTTCTCGA,72,2524966
mhpRp2,3.6470588235294117,77,16,CTCCAATTTACTTTGTCGTC,61,2484338
mhpRp2,4.764705882352941,96,16,CTACCTCATAGTTGTCTAAA,80,2484382
mhpRp2,2.6470588235294117,60,16,CGTCCTTGTGAACCGGATAC,44,2510930
mhpRp2,3.1176470588235294,68,16,CGTCATTTCGTTAGGCCTTC,52,2485158
mhpRp2,0.11764705882352941,17,16,CGGGGTGCATATCCTTGGCA,1,2494948
mhpRp2,0.11764705882352941,17,16,CGGCGAAAGTGATCCTTACC,1,2496539
mhpRp2,9.411764705882353,175,16,CGGCAGAGAACGGAATATAA,159,2541701
mhpRp2,8.588235294117647,161,16,CGGAGTATGGTTCTAGAAAG,145,2542287
mhpRp2,2.2941176470588234,54,16,CGCAGCCGGGTGGCGAATAT,38,2520801
mhpRp2,1.1176470588235294,34,16,CGCAATCCCCTAGACGCGAA,18,2486295
mhpRp2,3.235294117647059,70,16,CCTTTACCTCGACATCTCCC,54,2494383
mhpRp2,6.235294117647059,121,16,CCTCGTGGCACGGGCACTTA,105,2522891
mhpRp2,5.705882352941177,112,16,CCAAAGGGCAGGGACCAATA,96,2528410
mhpRp2,5.0588235294117645,101,16,CATTCGTGCTTCATAGATGT,85,2538083
mhpRp2,4.411764705882353,90,16,CATGAGATAATCATGGTAGT,74,2533346
mhpRp2,2.764705882352941,62,16,CATAGAATCTGAGGGGTCTC,46,2501259
mhpRp2,0.11764705882352941,17,16,CAGGTTCAAAGTTCGTTCTT,1,2513856
mhpRp2,3.0,66,16,CAGCCTCCAATTCTGTGACA,50,2481929
mhpRp2,4.882352941176471,98,16,CAGCAGACATGCTGCACAAG,82,2531948
mhpRp2,3.3529411764705883,72,16,CACGTCACCTTATGAAGCAT,56,2480842
mhpRp2,3.9411764705882355,82,16,CACAGTGGTGGAGTGTTATG,66,2529047
mhpRp2,4.0,83,16,CAAGACGGCAATTACGGCTC,67,2503184
mhpRp2,2.6470588235294117,60,16,ATTTTGTGCGGGGTTTGTTG,44,2483958
mhpRp2,0.17647058823529413,18,16,ATTTGTTGCTTCCTCATTTA,2,2507005
mhpRp2,0.11764705882352941,17,16,ATTAAGGACGTAGGGAGGGG,1,2530768
mhpRp2,4.411764705882353,90,16,ATTAAAGGTGGGACTCGCGC,74,2525866
mhpRp2,3.3529411764705883,72,16,ATCACCATTCGACATTCGAT,56,2523397
mhpRp2,3.9411764705882355,82,16,ATACATCGTGAAAAATTATA,66,2542273
mhpRp2,2.764705882352941,62,16,ATAAGGTTTGAATTTTACTT,46,2514950
mhpRp2,3.1176470588235294,68,16,ATAAGCGCTTAAATCACATG,52,2529036
mhpRp2,3.6470588235294117,77,16,AGCTGAGTATCCCGGTCATG,61,2501187
mhpRp2,3.764705882352941,79,16,AGCGGTTCAGGTTATAGCGT,63,2503761
mhpRp2,0.35294117647058826,21,16,AGCGAGTCAGGGCGGAGTTA,5,2502294
mhpRp2,4.0,83,16,AGCCGTGTACAGTCACGGAA,67,2506315
mhpRp2,5.411764705882353,107,16,AGATGTAGAGGCCGGAGGTA,91,2542932
mhpRp2,3.9411764705882355,82,16,AGACGAAGGCCCGCATCGTT,66,2508338
mhpRp2,4.411764705882353,90,16,ACTTAAAGGACAGAGTGTGT,74,2494904
mhpRp2,9.470588235294118,176,16,ACCGCTTCGGCGTTGTCAAC,160,2482091
mhpRp2,4.823529411764706,97,16,ACCGCACACTTCAGCGAGCA,81,2499592
mhpRp2,2.9411764705882355,65,16,ACATTGAAGTTACCCACTAA,49,2533765
mhpRp2,8.117647058823529,153,16,ACAGTCACGTTAGACATCAT,137,2513602
mhpRp2,3.4705882352941178,74,16,ACACACTTCAGGAGCGGGGA,58,2497428
mhpRp2,5.0,100,16,AATGTTTATGTCCGCGACCT,84,2519214
mhpRp2,2.2941176470588234,54,16,AATGACGACTCAGATTAATG,38,2544283
mhpRp2,0.11764705882352941,17,16,AATCGAGGGAGCATGTTCCA,1,2507872
mhpRp2,9.764705882352942,181,16,AAGTTCGGAGATGACAGCGG,165,2541721
mhpRp2,2.3529411764705883,55,16,AAGTGCACACCTTGTATTGC,39,2519567
mhpRp2,3.3529411764705883,72,16,AAGCAACGGTAGGACACGTG,56,2487851
mhpRp2,3.7058823529411766,78,16,AACGCTGCAGCGTAATGAGT,62,2491225
mhpRp2,4.0,83,16,AAAGTAGTTTTGCGGAGATA,67,2525581
mhpRp2,2.823529411764706,63,16,AAAGGAAAACAAGTCCGGAC,47,2540518
mhpRp2,1.8823529411764706,47,16,AAAATCCAGACGATTGCAGG,31,2480234
mhpRp2,3.875,76,15,TTGTCCCGTCCAACCATTTA,61,2484494
mhpRp2,0.125,16,15,TTGGGAATGATGGTTCCTAT,1,2544387
mhpRp2,0.125,16,15,TTGAGCGTTGTGCTTGACAC,1,2528446
mhpRp2,0.1875,17,15,TTATTCTCTGTCTTTGCAGT,2,2509697
mhpRp2,4.0625,79,15,TTAAGCTCGCGCTCTGCCAT,64,2538155
mhpRp2,3.25,66,15,TGTCCGGCACTGGCCAGCTT,51,2518635
mhpRp2,4.125,80,15,TGGTGCTTAGCGGAGATAAA,65,2531486
mhpRp2,3.4375,69,15,TGGCGCTTGCCGAACTGCGT,54,2485901
mhpRp2,3.625,72,15,TGCGCCAGCCGCTCCAAGTG,57,2482334
mhpRp2,3.75,74,15,TGCAGCCAGGGTAATCTACA,59,2520331
mhpRp2,12.9375,221,15,TGAAGACATTTGATTATCCT,206,2502942
mhpRp2,0.125,16,15,TCTTGTCTCCCTGTAAACTT,1,2496386
mhpRp2,4.0625,79,15,TCTTCCTCCGAGGGTAGTTC,64,2486534
mhpRp2,0.125,16,15,TCTCGAATGTTCAGCCAATG,1,2504417
mhpRp2,4.875,92,15,TCTAAAATTGCCTAGGGTAG,77,2486911
mhpRp2,4.4375,85,15,TCGGACCAGCGATTCTGGGC,70,2481189
mhpRp2,0.125,16,15,TCCGTGAGCACAGGGAGTTT,1,2519002
mhpRp2,0.125,16,15,TCCGGTAGTCCATATTTGTT,1,2485319
mhpRp2,11.0625,191,15,TCCCCACTGAATAGCTGTAG,176,2494077
mhpRp2,2.5625,55,15,TCACGAACGCGTGGGCCGAG,40,2504473
mhpRp2,2.25,50,15,TCACAAAGTGGAAATTAAAC,35,2495486
mhpRp2,4.875,92,15,TAGACGTTAGAAGCTAGACG,77,2533703
mhpRp2,0.125,16,15,TAGACGGTTCTAAGCGGCTG,1,2542499
mhpRp2,0.125,16,15,TAGAACCGGATCCTCCAATC,1,2497087
mhpRp2,4.0625,79,15,TACCTGGGAAACCTAGGGGT,64,2494295
mhpRp2,2.0,46,15,GTTGACTAAGAGGTTAGGCT,31,2489800
mhpRp2,4.8125,91,15,GTGTGGGGCAGCGCAGCGAC,76,2488756
mhpRp2,0.125,16,15,GTCTCCTAAGTTTACACAGT,1,2514718
mhpRp2,3.25,66,15,GTCGCTATACACCCAGCGTC,51,2522796
mhpRp2,3.25,66,15,GTCCGCGATGATGCAACTCT,51,2544577
mhpRp2,3.0625,63,15,GTCCCGCCGACTTTTATCTG,48,2480974
mhpRp2,0.125,16,15,GTCCAAAGCCAAATTTCAGC,1,2519228
mhpRp2,3.9375,77,15,GGTTCGCAAAGAGGGTGTGG,62,2519938
mhpRp2,0.125,16,15,GGTTCAACGATGCGCCAGCT,1,2513451
mhpRp2,7.1875,129,15,GGTGAATGCAGCGGGGAGAT,114,2531363
mhpRp2,3.125,64,15,GGTCGCGTTCGGGAGGCTAA,49,2544879
mhpRp2,1.875,44,15,GGTATCAGCCGAAGATACCC,29,2530632
mhpRp2,3.75,74,15,GGTACCATAGGGGTTGAAAG,59,2504995
mhpRp2,3.1875,65,15,GGCTTGGTGGTTGGCAGGAT,50,2498298
mhpRp2,2.8125,59,15,GGCTCATCTTAACTATGTTG,44,2480171
mhpRp2,3.875,76,15,GGCGAGAAGTATAGTAGTCT,61,2484597
mhpRp2,3.0,62,15,GGCCGTCAATGGCAGGGCTT,47,2540096
mhpRp2,3.5,70,15,GGCAATCCCACGTGGGACCC,55,2502471
mhpRp2,3.0625,63,15,GGAGATCGGTACTGCCGAAC,48,2519817
mhpRp2,2.4375,53,15,GGAACGTGTTCTAGGGCGCT,38,2500114
mhpRp2,0.125,16,15,GCTCCCCGAAGTGGGTAGAT,1,2490582
mhpRp2,1.0,30,15,GCTATCAGGGTACTACTCAA,15,2495883
mhpRp2,0.125,16,15,GCGTTGCTACATTAATTTCG,1,2514596
mhpRp2,3.4375,69,15,GCGCATACCGGGAACTGGAA,54,2484620
mhpRp2,6.75,122,15,GCGATCGTCCGTAGGTGATA,107,2500693
mhpRp2,3.5625,71,15,GCCTAACGTTTGAACCATCT,56,2535441
mhpRp2,4.0625,79,15,GCCACAGATCTGCTGGAAGT,64,2532720
mhpRp2,2.3125,51,15,GCAGTCTTAAACGTATAATT,36,2499812
mhpRp2,3.6875,73,15,GCAGGTAGGGGTCCTTTCAA,58,2506711
mhpRp2,9.5625,167,15,GATTGCCATAGGGTCCCATT,152,2545373
mhpRp2,2.625,56,15,GATCTGACGGGACCCCTCAT,41,2523849
mhpRp2,17.125,288,15,GATCCCTCATCTGATGCATT,273,2518488
mhpRp2,0.125,16,15,GAGTCCCTCTAACCTGTGAA,1,2488850
mhpRp2,4.25,82,15,GAGGGCGTTCAAAGGCTTCT,67,2490177
mhpRp2,3.6875,73,15,GAGACCGCTTCTGGATATGG,58,2518870
mhpRp2,3.25,66,15,GAATTAAACGTGTCGCTTTA,51,2506664
mhpRp2,1.6875,41,15,GAATCTACGGATAGACTCCT,26,2480181
mhpRp2,4.75,90,15,GAAAGCATACGCCAAAGACC,75,2524648
mhpRp2,0.125,16,15,GAAACTTGGGATCGCTTCGT,1,2537022
mhpRp2,6.4375,117,15,CTTTTCTCACTTCATAAACA,102,2491649
mhpRp2,3.4375,69,15,CTTGGGCCGTCTTCAGTGAT,54,2504885
mhpRp2,0.1875,17,15,CTTATGGGACAAGGGGTCAA,2,2486771
mhpRp2,0.125,16,15,CTGACTTACTATCCAGATCA,1,2530841
mhpRp2,2.6875,57,15,CTCTGTGGGTTTTAATTTTA,42,2495985
mhpRp2,0.125,16,15,CTCTGCGGATAATCTCACTT,1,2514093
mhpRp2,9.9375,173,15,CTCGGGAAAGGTGATGGGGT,158,2488556
mhpRp2,3.6875,73,15,CTCACTTTATGAAACATGGG,58,2537458
mhpRp2,2.875,60,15,CTCAAGACTTCGGAGCGACA,45,2498746
mhpRp2,2.875,60,15,CTAAGGTACCTGATGGCGTG,45,2494322
mhpRp2,7.375,132,15,CGTTGAGCACTTCCGGAACT,117,2494198
mhpRp2,2.4375,53,15,CGTGCCAGGTAAGCTATGAT,38,2533878
mhpRp2,3.375,68,15,CGGCGGTTATGCCACCTGTG,53,2480317
mhpRp2,3.25,66,15,CGGCGGTTAGGTGCCTAATC,51,2515102
mhpRp2,6.1875,113,15,CGGCATTCAGACTTAGAACA,98,2518019
mhpRp2,3.8125,75,15,CGCGGGGTCGCGACCCGTTT,60,2493855
mhpRp2,3.25,66,15,CGAGGAAACAAGTCAGCACA,51,2486125
mhpRp2,5.8125,107,15,CCTGGGCGGCGGCTTCATTA,92,2520320
mhpRp2,4.8125,91,15,CCTGGCAGCGGATGACTAGA,76,2483836
mhpRp2,2.5,54,15,CCTGCACCCAGTCTCGCCGA,39,2525309
mhpRp2,2.4375,53,15,CCTCGAGCTACCATAGCGCA,38,2494602
mhpRp2,4.125,80,15,CCGCGTATCGGACACCCTCA,65,2541097
mhpRp2,2.5,54,15,CCGATAAACTGCGACCCTCA,39,2509033
mhpRp2,0.125,16,15,CCCTTCTAGTAAATCATATG,1,2494256
mhpRp2,6.0,110,15,CCCTGTCCCACAACAACTGC,95,2516116
mhpRp2,3.625,72,15,CCCTGGGTCAACGACAGTAT,57,2516991
mhpRp2,3.5625,71,15,CCCACCAATAGCGCCGTTCC,56,2503529
mhpRp2,1.875,44,15,CCACTAAATAAAGAACGTTA,29,2512614
mhpRp2,0.1875,17,15,CACTATCTGGGGCTACCCCC,2,2484858
mhpRp2,0.125,16,15,CACAGAGTCCTCGTGACTTT,1,2529328
mhpRp2,0.125,16,15,CAAGGAATAAGCCCTTCTGA,1,2495348
mhpRp2,4.3125,83,15,ATTCTCCATGGAGTAGTTGG,68,2524860
mhpRp2,6.6875,121,15,ATGGTCGCTTAGCCAGGGTC,106,2491959
mhpRp2,3.8125,75,15,ATCCAGATCTTCGGTGGCAA,60,2523843
mhpRp2,7.3125,131,15,ATCATTTGCCGACCAGTAAT,116,2534210
mhpRp2,3.0625,63,15,AGTCCTGGCCCTCCGTGATG,48,2496544
mhpRp2,4.375,84,15,AGTCATCGACTCTAGGACAT,69,2519260
mhpRp2,0.125,16,15,AGGCGCTTCTATATAAATGC,1,2539902
mhpRp2,0.125,16,15,AGGAAATATAGTTCTTTCGA,1,2490493
mhpRp2,3.9375,77,15,AGCCCCTTTCGACGGATGGT,62,2525399
mhpRp2,0.125,16,15,AGATGCCACCAAGCGCCAAT,1,2523969
mhpRp2,2.75,58,15,ACTTTGGATGCCGGATTTTC,43,2540404
mhpRp2,3.25,66,15,ACTGTAAGCCGCTCAATAAG,51,2494725
mhpRp2,2.3125,51,15,ACTACGTCAGCACCGGTCGA,36,2489069
mhpRp2,3.75,74,15,ACGTACCAAGCATAGCGAGG,59,2539272
mhpRp2,3.5,70,15,ACGGGCCAGCCAGAAAGGCA,55,2518007
mhpRp2,10.0,174,15,ACCCACTGACAAATCTAAGC,159,2514440
mhpRp2,1.625,40,15,AATCGATCCATGGCGAATTC,25,2480780
mhpRp2,3.6875,73,15,AAGTTACTACATTTTTTAAG,58,2535129
mhpRp2,2.5625,55,15,AAGGGCTGATTGCGCCTCAA,40,2495502
mhpRp2,4.6875,89,15,AAGATACTCTCGCTAAGCTT,74,2542012
mhpRp2,0.125,16,15,AAATTACAGGTCGTGCGGCA,1,2542670
mhpRp2,2.4,49,14,TTTCCGGCAGCGAACCACCT,35,2521750
mhpRp2,16.333333333333332,258,14,TTGTACAGATAGTACCTATC,244,2542881
mhpRp2,4.466666666666667,80,14,TTGGCACCCCAGTGAGCGTC,66,2536227
mhpRp2,3.933333333333333,72,14,TTGATTTCGTGGTTCATACG,58,2491662
mhpRp2,3.8,70,14,TTCCAGTACGAGCAACGCTG,56,2485783
mhpRp2,4.6,82,14,TTAAGTTAGGCTCAACTTCT,68,2510057
mhpRp2,1.8,40,14,TTAAGCCCAAGCGGAGTATG,26,2517213
mhpRp2,3.3333333333333335,63,14,TGTTTGTGCACCGCCGTTTT,49,2527603
mhpRp2,3.6,67,14,TGTACTCGGTCGATCAGTCT,53,2530122
mhpRp2,0.13333333333333333,15,14,TGTACCACGGACCGCGCAGG,1,2515089
mhpRp2,2.933333333333333,57,14,TGGGGCTTTTCTACGGCGAC,43,2480814
mhpRp2,2.1333333333333333,45,14,TGGAGGCTTGTGGAAATCTG,31,2515532
mhpRp2,7.4,124,14,TGGAAACCACCATCTAGCAT,110,2538421
mhpRp2,1.9333333333333333,42,14,TGCGACAGGCATTGAACTTA,28,2543839
mhpRp2,0.13333333333333333,15,14,TCGGTGCTCCATACATCGGA,1,2484865
mhpRp2,3.0,58,14,TCCGTGCTCTGCAGCGATTC,44,2517976
mhpRp2,3.2666666666666666,62,14,TCCGTCTAAGGAGGCGACCC,48,2537436
mhpRp2,4.0,73,14,TCACCTTAGTCATTAAGCTT,59,2493056
mhpRp2,3.8,70,14,TCACAGGGAGCCTCGCTCGC,56,2484204
mhpRp2,7.2,121,14,TCAACGTTGTGACTGGTTAG,107,2515143
mhpRp2,0.13333333333333333,15,14,TATGGGAGGAACCAGACACA,1,2517944
mhpRp2,9.866666666666667,161,14,TATAGGTGATGGTAGCTTCC,147,2501453
mhpRp2,3.6,67,14,TAGGGGCCACCCGGATGTGG,53,2535814
mhpRp2,2.8666666666666667,56,14,TAGGCGATTTCTGGAGTCTG,42,2505272
mhpRp2,2.8666666666666667,56,14,TAGCGCCGATCTAGGTATGA,42,2515093
mhpRp2,4.133333333333334,75,14,TAGCGAGTGTGGTGGCTAAT,61,2529254
mhpRp2,3.6666666666666665,68,14,TACATCTGGCTCTCGGTGCT,54,2524641
mhpRp2,3.8666666666666667,71,14,TAAATGAATAGTGTGCCGAA,57,2522943
mhpRp2,2.8666666666666667,56,14,GTTTCGGGTTTACCGGTGCT,42,2488923
mhpRp2,0.13333333333333333,15,14,GTTCATATTTACCAACCGGT,1,2515938
mhpRp2,3.533333333333333,66,14,GTTACACTGACCCTTCACAC,52,2507356
mhpRp2,7.666666666666667,128,14,GTGGTGAGACCCTTTATTAA,114,2481659
mhpRp2,0.13333333333333333,15,14,GTGGCTTCCAGTAAACAAGA,1,2495051
mhpRp2,6.266666666666667,107,14,GTGGCGGGGTTTATCCCGAC,93,2522458
mhpRp2,0.13333333333333333,15,14,GTGCGGAATAGATGGGAGCG,1,2512540
mhpRp2,3.3333333333333335,63,14,GTGCCATTAGTGCCCCGCCG,49,2533651
mhpRp2,4.333333333333333,78,14,GTCTCGCAGTCGGGCCTGGT,64,2541332
mhpRp2,5.266666666666667,92,14,GTCTAGCGATTCTCAAACAG,78,2540184
mhpRp2,0.13333333333333333,15,14,GTCGTACGTCTGTGAGTGGA,1,2513907
mhpRp2,4.0,73,14,GTCCCGGCATTCCCGTAGGG,59,2543557
mhpRp2,0.13333333333333333,15,14,GTCAAATTACGACATTTCAT,1,2515569
mhpRp2,5.533333333333333,96,14,GTATCAGAAGAACCGGACAT,82,2518272
mhpRp2,2.466666666666667,50,14,GTAGAAACGGTCCCGTGTAC,36,2483470
mhpRp2,3.7333333333333334,69,14,GTACCAGAACGTTTATAGAC,55,2486786
mhpRp2,4.4,79,14,GGTTAGGGTGTCACCAGGCA,65,2545288
mhpRp2,6.466666666666667,110,14,GGTCTTCAATTTTAGGTTGT,96,2480919
mhpRp2,8.6,142,14,GGTCAAAACGGCCTAGCTAG,128,2525719
mhpRp2,4.4,79,14,GGGTAGCCGACGCGCCGAAT,65,2490950
mhpRp2,0.13333333333333333,15,14,GGGGAAAGGTGTGGGACCCT,1,2492444
mhpRp2,4.0,73,14,GGCTGGGGAAGTCAGTGTTA,59,2498875
mhpRp2,0.13333333333333333,15,14,GGCGTACTGCAATGCATCTC,1,2496266
mhpRp2,4.933333333333334,87,14,GGACGTAATGGAAAATTACA,73,2541351
mhpRp2,9.066666666666666,149,14,GCTTGCTCATCCGGCCCGAA,135,2488720
mhpRp2,3.8,70,14,GCGGTGCCAGTTACTATGAG,56,2533397
mhpRp2,3.8,70,14,GCAGTTACACTTAATCCAAT,56,2503231
mhpRp2,7.133333333333334,120,14,GATTTATAGCCGGGGGTGTA,106,2518960
mhpRp2,4.2,76,14,GATTGGCCTAAGGTTTAGGT,62,2480438
mhpRp2,3.933333333333333,72,14,GATTCCCAGTTCTGGTATCA,58,2541259
mhpRp2,5.6,97,14,GATTAGGTTATGTTAGATGC,83,2525164
mhpRp2,4.866666666666666,86,14,GAGTCGTAGGTCTGACATAA,72,2542895
mhpRp2,7.266666666666667,122,14,GAGGCCGCCCCATCGCGTAG,108,2511928
mhpRp2,3.1333333333333333,60,14,GAGAGGCCACATCGGCCAAC,46,2489709
mhpRp2,7.0,118,14,GACTCGGACTTAAAATAAAG,104,2534746
mhpRp2,0.13333333333333333,15,14,GAATGAAAGTCCCATTGACA,1,2515794
mhpRp2,5.933333333333334,102,14,GAACGGAGGTATAAGATAAA,88,2491476
mhpRp2,14.0,223,14,CTTGCTTATTCTTATACTAT,209,2510687
mhpRp2,6.6,112,14,CTGTGAGGGCGGATTTTGTA,98,2536305
mhpRp2,0.13333333333333333,15,14,CTGGGGCCATGTTCGCCTTC,1,2492072
mhpRp2,5.266666666666667,92,14,CTGCCTTCGTCAGAGTGCTA,78,2525454
mhpRp2,4.066666666666666,74,14,CTGCCGCTGTTGACTCCCCT,60,2519480
mhpRp2,3.3333333333333335,63,14,CTGCAGATGTACGCTATCGT,49,2537322
mhpRp2,7.866666666666666,131,14,CTCTGGAACTTGTGCGCGAT,117,2522776
mhpRp2,5.866666666666666,101,14,CTCTGACTAATAAACTGTTT,87,2527295
mhpRp2,3.8,70,14,CTATATGGTGGTGTTGCTCA,56,2509110
mhpRp2,0.13333333333333333,15,14,CTAGGACACGGATCCAATTT,1,2485768
mhpRp2,3.1333333333333333,60,14,CTACGTTATTGGCTTTCCTG,46,2514716
mhpRp2,3.6666666666666665,68,14,CGTGGTATCACCGCTGAGCA,54,2545117
mhpRp2,0.13333333333333333,15,14,CGTGGAGATATGTAGCGTAT,1,2527737
mhpRp2,0.13333333333333333,15,14,CGTAATTGGTGAGTTTCCGT,1,2492590
mhpRp2,0.13333333333333333,15,14,CGCTTCCGGAGTCTGTTACT,1,2490086
mhpRp2,3.466666666666667,65,14,CGCAGACGCAAGCGTCCCAT,51,2488317
mhpRp2,2.7333333333333334,54,14,CGCACCCTCATTTCCGCGTA,40,2506458
mhpRp2,1.8,40,14,CGAGTTAGGTTAGGGCTAGT,26,2506073
mhpRp2,9.0,148,14,CCTAAACTCAGATGCTGTTA,134,2531072
mhpRp2,3.466666666666667,65,14,CCGTTCAGCCCACGTGCCTT,51,2520537
mhpRp2,11.666666666666666,188,14,CCGGTCCGAATCACAGTGTT,174,2482539
mhpRp2,3.7333333333333334,69,14,CCGGGGGTACCTTAGGTTCT,55,2496071
mhpRp2,4.733333333333333,84,14,CCGCTTAGGTTCAACGTAAG,70,2495672
mhpRp2,3.933333333333333,72,14,CCGCGTCCCAAGAGTCTTAT,58,2501306
mhpRp2,0.13333333333333333,15,14,CCGATGCGTTGCATTCTGGA,1,2492539
mhpRp2,8.4,139,14,CCCGTATCTTGGTGCAATAG,125,2503638
mhpRp2,5.066666666666666,89,14,CCACATGATTTTCGATGCTA,75,2520462
mhpRp2,7.4,124,14,CCAAGCACTTAGGCGACCGC,110,2531742
mhpRp2,4.6,82,14,CATGCCGATCTAGCTCAAGG,68,2537888
mhpRp2,9.6,157,14,CATCCCTGTGTTGCGCTCAG,143,2510795
mhpRp2,0.13333333333333333,15,14,CAGAAAATGCCAGCTCAGGT,1,2499147
mhpRp2,4.533333333333333,81,14,CACATGTAACATGTTTATAC,67,2524343
mhpRp2,3.4,64,14,CAAGCGTTGACGTTGCTCGC,50,2533007
mhpRp2,0.13333333333333333,15,14,ATTTCCCGAGAGCGTTAGGC,1,2532245
mhpRp2,3.6666666666666665,68,14,ATGTGGACCAGAACATTCGC,54,2485898
mhpRp2,0.13333333333333333,15,14,ATGTCTATTCGCTGGCTCTT,1,2498670
mhpRp2,3.2,61,14,ATGGTTCGCGGGTATGCGTA,47,2505898
mhpRp2,18.2,286,14,ATGGCCTTCTCTCACCATTC,272,2513299
mhpRp2,8.466666666666667,140,14,ATCGTTTACCCGATAAATCA,126,2486517
mhpRp2,3.533333333333333,66,14,ATCCAGAAACGGGTAACGAC,52,2518816
mhpRp2,0.13333333333333333,15,14,ATCAAATAATACTTAAATCA,1,2516872
mhpRp2,4.4,79,14,ATACGTATGAAATGTAGACA,65,2497695
mhpRp2,5.133333333333334,90,14,ATAACTGTAATTTACTCATA,76,2493778
mhpRp2,3.3333333333333335,63,14,AGTCGGCCAAACCGGGACAC,49,2507522
mhpRp2,3.6666666666666665,68,14,AGTCCTGACAGCGAGTAAGG,54,2509526
mhpRp2,4.933333333333334,87,14,AGGTGCATGCGAACAACTGT,73,2487276
mhpRp2,0.13333333333333333,15,14,AGGACGTCCCGACCGCTACA,1,2498967
mhpRp2,3.7333333333333334,69,14,AGCGGTGCTAACTGTGATTT,55,2486733
mhpRp2,0.13333333333333333,15,14,AGCCTGGTATTGCCCCGGTA,1,2529066
mhpRp2,0.2,16,14,AGCCTCGGTCTTACGGATAA,2,2493781
mhpRp2,3.6,67,14,AGCACGGTGGCTTCTCGGAT,53,2508450
mhpRp2,0.13333333333333333,15,14,AGAGACCGACACAAACATGA,1,2484418
mhpRp2,12.466666666666667,200,14,ACTGTAGGAAACACTAACAA,186,2535820
mhpRp2,6.666666666666667,113,14,ACTCACTGACCCCTTTTTTC,99,2527939
mhpRp2,12.266666666666667,197,14,ACTCACAGAGTAGTGAGAAC,183,2519137
mhpRp2,3.0,58,14,ACGGGCAGCCCTGACACAGG,44,2501422
mhpRp2,8.333333333333334,138,14,ACGCGCGCTTTCATCTATTA,124,2497924
mhpRp2,3.8,70,14,ACCCGACCAGTATGCTACTA,56,2501265
mhpRp2,1.8666666666666667,41,14,ACATTGTAGTATCTGTCCGC,27,2502133
mhpRp2,3.6,67,14,ACAGAGTCCGTGGCGAAGTA,53,2528182
mhpRp2,4.0,73,14,AATCGTATCAGTGTTCTGGG,59,2493185
mhpRp2,6.333333333333333,108,14,AATAGCTATGTTATGTAACG,94,2485333
mhpRp2,4.066666666666666,74,14,AATAATCTTCCTAACCGCGA,60,2492067
mhpRp2,3.6666666666666665,68,14,AAGTCTCTGATGTCATGTGC,54,2520101
mhpRp2,3.6,67,14,AAGCAAGTAACGGCGGGTGT,53,2518641
mhpRp2,8.2,136,14,AACTCTGTCGGAGCAGATCG,122,2519216
mhpRp2,7.2,121,14,AACGGTAGGTATCAATAGCA,107,2527604
mhpRp2,4.133333333333334,75,14,AACAGGGTCAGGGCACTGGC,61,2516744
mhpRp2,10.266666666666667,167,14,AACACATTAGGAGTACAGTA,153,2510113
mhpRp2,3.2666666666666666,62,14,AACACATGGCCCTCTGAGAA,48,2530774
mhpRp2,0.4,19,14,AACAAGCGAGTATATGTAGG,5,2500427
mhpRp2,3.6666666666666665,68,14,AAATACAGCTGACTTTACGG,54,2479559
mhpRp2,11.333333333333334,183,14,AAAGCTAACTGTTAGAATTC,169,2511635
mhpRp2,1.7142857142857142,36,13,TTTCATACTCCGGCACTAGA,23,2490019
mhpRp2,0.21428571428571427,15,13,TTTACTACGGTAAGACGCAA,2,2506406
mhpRp2,3.142857142857143,56,13,TTGTTCAGACATGGAGTATT,43,2507505
mhpRp2,5.571428571428571,90,13,TGTCAGACGTCTGATGGGAC,77,2486922
mhpRp2,4.428571428571429,74,13,TGGTGTGTTGGTTGGTAAGA,61,2504737
mhpRp2,3.4285714285714284,60,13,TGGGAGGCTTTTTTTTGTCC,47,2491966
mhpRp2,4.857142857142857,80,13,TGCTAGCAGTGAGGTGATAA,67,2510291
mhpRp2,11.428571428571429,172,13,TGCCGAAACTTATCCCGAGC,159,2544849
mhpRp2,4.571428571428571,76,13,TGCCACAGGTGGGACTAAGG,63,2485408
mhpRp2,5.142857142857143,84,13,TGCCAAAATAAGGTAAGCGT,71,2483097
mhpRp2,5.5,89,13,TGAGCGAGTGCGACATATCT,76,2539648
mhpRp2,16.214285714285715,239,13,TCTGCTAATCTGCATTAGAT,226,2492445
mhpRp2,13.357142857142858,199,13,TCTGACTTGATGTTCATTCG,186,2510046
mhpRp2,7.5,117,13,TCTCTTCGCTTGTCTAGTAC,104,2503644
mhpRp2,4.5,75,13,TCTAGTTAAGTTTTGCATCT,62,2494485
mhpRp2,7.285714285714286,114,13,TCGTTTACCCAAGCGAGAAT,101,2531999
mhpRp2,4.428571428571429,74,13,TCGCCAAGTGGTGTACTCGA,61,2489723
mhpRp2,4.714285714285714,78,13,TCCCGAGATCTGAATTCTAG,65,2483957
mhpRp2,7.785714285714286,121,13,TCACAGGCAACAGGGGAGAA,108,2543588
mhpRp2,3.7142857142857144,64,13,TCAACGACGCTCGATAGCAA,51,2511330
mhpRp2,6.214285714285714,99,13,TATCTACTACGGAGTGCAAT,86,2490193
mhpRp2,5.071428571428571,83,13,TAGAAAAAATAGTTCTAGCA,70,2508399
mhpRp2,5.285714285714286,86,13,TACTCTGTTAGACTGTCTCA,73,2501832
mhpRp2,3.857142857142857,66,13,TAAGATGGAGTCGCCCTGGC,53,2537741
mhpRp2,0.14285714285714285,14,13,TAAAATCGATATGGATGGAG,1,2505634
mhpRp2,2.0,40,13,GTTTATAAAATTGGACGCCT,27,2505638
mhpRp2,0.14285714285714285,14,13,GTTGGGAGGGATGCTTTTGC,1,2518082
mhpRp2,0.14285714285714285,14,13,GTTCAAACGGTTTCAAGGGG,1,2503594
mhpRp2,4.428571428571429,74,13,GTGGCTATTATTCTCTTTGC,61,2511490
mhpRp2,3.5,61,13,GTGGAAGTGTAGGGCACTTG,48,2533546
mhpRp2,0.14285714285714285,14,13,GTGCTAGGTAATTGACCAGG,1,2494971
mhpRp2,0.14285714285714285,14,13,GTGCACACAAATGGTGGGTG,1,2515770
mhpRp2,3.4285714285714284,60,13,GTCTGACTTACTGCCCTAGT,47,2505265
mhpRp2,5.428571428571429,88,13,GTCATCACGTTGTTCTTCGT,75,2515430
mhpRp2,0.14285714285714285,14,13,GTCACGACTGATTAGCAACA,1,2509424
mhpRp2,3.357142857142857,59,13,GTCAACACTAACTTCGATGG,46,2489228
mhpRp2,3.857142857142857,66,13,GTAAAAATCGAATGATAAAC,53,2533382
mhpRp2,2.857142857142857,52,13,GGTGGGACGATAGGGACGCT,39,2491319
mhpRp2,2.7857142857142856,51,13,GGTGGAACAACCCCTTTCAA,38,2509293
mhpRp2,2.9285714285714284,53,13,GGGCTCATGGGGGTTATCCA,40,2498789
mhpRp2,2.142857142857143,42,13,GGGCCGGGTGTCTGTTTGGA,29,2515152
mhpRp2,0.14285714285714285,14,13,GGCTCGCAGCTATCGTAGAG,1,2514495
mhpRp2,0.14285714285714285,14,13,GGCCAGGTGGATGCTTGGCT,1,2507240
mhpRp2,4.214285714285714,71,13,GGCCAATTCTAAGCCGCTGT,58,2512742
mhpRp2,3.0,54,13,GGAGCCTCTAGACCGCGTTA,41,2491068
mhpRp2,2.7857142857142856,51,13,GGACGCGAACAGGATCATGA,38,2518831
mhpRp2,4.428571428571429,74,13,GGACCGAGAAGGCACCAGTG,61,2510920
mhpRp2,4.642857142857143,77,13,GCTTGAGGCTCGGCCTACGT,64,2521652
mhpRp2,17.285714285714285,254,13,GCTTCTGTTTGACATCATTG,241,2479750
mhpRp2,3.7142857142857144,64,13,GCGACGAAAGGGCCGTTACC,51,2487041
mhpRp2,3.7857142857142856,65,13,GCCCCATGGGCGAATACCGG,52,2515837
mhpRp2,0.14285714285714285,14,13,GCCAACTTCATTTCATTGGA,1,2536852
mhpRp2,4.857142857142857,80,13,GCATTAGACACCTGTAATGC,67,2495891
mhpRp2,3.2857142857142856,58,13,GATTTTCTGGCATTCATTAC,45,2479944
mhpRp2,0.14285714285714285,14,13,GATGTGTTAGAAAATGCAAT,1,2526618
mhpRp2,4.642857142857143,77,13,GATCCTGGCTTGAGATTTAT,64,2504770
mhpRp2,3.357142857142857,59,13,GAGCGGTTCTGGCACGCGTG,46,2486054
mhpRp2,0.14285714285714285,14,13,GAGCGGAATACTCTAGTAAG,1,2515332
mhpRp2,1.8571428571428572,38,13,GACCCGTCAGAGCGATTCTT,25,2525748
mhpRp2,5.285714285714286,86,13,GAAGATCACACCCTTTGTTG,73,2522230
mhpRp2,4.928571428571429,81,13,CTTTACTAAGGCGCGTACAC,68,2533921
mhpRp2,4.5,75,13,CTTCAGCGTAGAACGTCACA,62,2542913
mhpRp2,5.714285714285714,92,13,CTTATAGTATCTTACGGAGA,79,2508567
mhpRp2,3.2857142857142856,58,13,CTGCGAATCCAATAGGATAT,45,2498703
mhpRp2,3.2857142857142856,58,13,CTGCCCAATGTAAGGTCGCG,45,2511966
mhpRp2,2.357142857142857,45,13,CTCTTTGGTTCTAGTACCGG,32,2487811
mhpRp2,0.14285714285714285,14,13,CTCCACGACCAAGACCCTAT,1,2481608
mhpRp2,4.5,75,13,CTATCTCCGAGTCCAACCCC,62,2481002
mhpRp2,4.214285714285714,71,13,CTAGGTGTTGAATGATACTT,58,2512109
mhpRp2,2.9285714285714284,53,13,CTAGGTGCCTTGCCGCGAAA,40,2527963
mhpRp2,4.357142857142857,73,13,CTAAATCTTGACCGGGGGTG,60,2544329
mhpRp2,4.0,68,13,CGTCTCTTTAGACCTCTTGT,55,2481585
mhpRp2,4.5,75,13,CGGTTAGGTCCGTCACCCGT,62,2500147
mhpRp2,4.285714285714286,72,13,CGGCGAGATGTAACGCCTCC,59,2534111
mhpRp2,3.5,61,13,CGCGCCTAATCACTAGACCC,48,2524905
mhpRp2,4.5,75,13,CGATCGACATAGGGTATGGC,62,2511823
mhpRp2,0.14285714285714285,14,13,CGAGTATGTAAAGAAACACT,1,2507702
mhpRp2,3.7857142857142856,65,13,CGAGCGGCCCAATAAATTAA,52,2491609
mhpRp2,1.6428571428571428,35,13,CGACAGGATGCACTTATTTG,22,2530761
mhpRp2,5.5,89,13,CCTTAGACTTAACACAGAAG,76,2524019
mhpRp2,10.642857142857142,161,13,CCTGTGATAGGCTAGGCCCT,148,2501767
mhpRp2,0.14285714285714285,14,13,CCTGGCCGCGATCGAGACAA,1,2487651
mhpRp2,3.7142857142857144,64,13,CCTCTCGAGCCTCACTCGCT,51,2508498
mhpRp2,3.7857142857142856,65,13,CCGTGATGTAAGGTCCAGTC,52,2531680
mhpRp2,8.0,124,13,CCGTATAAGTAATGGAGGTA,111,2522956
mhpRp2,3.7142857142857144,64,13,CCGGTCGGGAGCATGCTAAT,51,2531278
mhpRp2,3.9285714285714284,67,13,CCGCGTAAGTCGTATGAGCG,54,2490873
mhpRp2,3.642857142857143,63,13,CCGCATCGTTTGGCACGGTG,50,2505895
mhpRp2,3.5714285714285716,62,13,CCCTCGGTAGCAGCTTTGTT,49,2499629
mhpRp2,1.1428571428571428,28,13,CCCCTGACTCATCTTCCCCT,15,2528185
mhpRp2,5.071428571428571,83,13,CCAGCTTCCCATTAATCTAT,70,2517522
mhpRp2,4.5,75,13,CCACCGCAAAGAGTGCAGTA,62,2506024
mhpRp2,1.7857142857142858,37,13,CCAAGTTGGCTCCCCTCCCC,24,2511647
mhpRp2,6.357142857142857,101,13,CCAACAAGGTATCAACCAGA,88,2514820
mhpRp2,1.6428571428571428,35,13,CATGTAGTCCGTTACTCCCT,22,2485968
mhpRp2,7.785714285714286,121,13,CATGGCTCCACGATCATGCT,108,2529624
mhpRp2,5.285714285714286,86,13,CATATAGGTCGTCCGTGCCG,73,2486057
mhpRp2,4.214285714285714,71,13,CAGGTCAAACCTACGGTATA,58,2509337
mhpRp2,0.14285714285714285,14,13,CACTTGCACGGTGGGCAAGA,1,2509045
mhpRp2,0.14285714285714285,14,13,CACTTACAGAACTAGCAGTC,1,2525807
mhpRp2,0.14285714285714285,14,13,CACTGGAAGTGAAAAGCTCA,1,2511868
mhpRp2,0.14285714285714285,14,13,CACTGACGCTCGCTGACCCA,1,2501968
mhpRp2,12.5,187,13,CACTATGTGAACCTAAAATA,174,2513284
mhpRp2,3.7142857142857144,64,13,CACTATGTAGTGGGGACTTT,51,2534312
mhpRp2,4.5,75,13,CAAGGTTCGCAAAGAACTTA,62,2493464
mhpRp2,3.5,61,13,CAAGCGCGCCAGTCATGGAT,48,2486939
mhpRp2,4.714285714285714,78,13,CAAACTACTGCAGTTCTTAT,65,2526981
mhpRp2,3.4285714285714284,60,13,ATTGTCCAACCTAACCTAGT,47,2520057
mhpRp2,5.5,89,13,ATTCGGTGGCTGATAACCTA,76,2531378
mhpRp2,5.642857142857143,91,13,ATTCCCTCCGTAGGTGAAAT,78,2502596
mhpRp2,8.357142857142858,129,13,ATCTGCGATTGTCAGGCATA,116,2486192
mhpRp2,0.14285714285714285,14,13,ATCGTAGCCGAGATGTTGAG,1,2526791
mhpRp2,0.14285714285714285,14,13,ATCGGGCGGCCTTGGCCACG,1,2489804
mhpRp2,17.571428571428573,258,13,ATAATCGAAGAGAAAGGCTA,245,2499599
mhpRp2,11.5,173,13,AGTTTATGATTACTCAGATA,160,2539480
mhpRp2,1.5,33,13,AGTGTAATCGGTGCGGGTAT,20,2520838
mhpRp2,4.642857142857143,77,13,AGTCGCCTAAAACGCGGTCA,64,2519482
mhpRp2,3.7142857142857144,64,13,AGTACCATCTTCCGGACCGT,51,2508836
mhpRp2,4.142857142857143,70,13,AGGGCGGGGGCATCTATCCC,57,2532265
mhpRp2,0.14285714285714285,14,13,AGGAAGACGGCGAACAGCGA,1,2498966
mhpRp2,0.14285714285714285,14,13,AGCTGGGACGGGAGAATTGG,1,2533660
mhpRp2,3.5,61,13,AGCTCCCGTGAGAGCTCGTA,48,2491252
mhpRp2,0.14285714285714285,14,13,AGATTCCACGGATCGTGAGT,1,2526284
mhpRp2,4.071428571428571,69,13,AGAGCATTATAGTAGTGGCA,56,2508907
mhpRp2,9.214285714285714,141,13,AGAGATGGTCCGAGGTCATA,128,2515398
mhpRp2,3.7857142857142856,65,13,AGAACTCCGGGGAGTCCGAA,52,2544847
mhpRp2,5.214285714285714,85,13,ACTTTCCCCCCCACACAATT,72,2530827
mhpRp2,4.071428571428571,69,13,ACTGCGGTTCGTTGTTGACG,56,2485218
mhpRp2,3.357142857142857,59,13,ACGGTTGCTGATTCCGGCTG,46,2524028
mhpRp2,2.7857142857142856,51,13,ACGGAGCCGCCGCCAGCGCG,38,2544265
mhpRp2,1.8571428571428572,38,13,ACGCTCTTTTCGCTTCAACG,25,2538670
mhpRp2,0.14285714285714285,14,13,ACCTACCGATGTATCCCCAC,1,2537099
mhpRp2,0.5,19,13,ACCGTACCATGCCACGCGGG,6,2513826
mhpRp2,4.214285714285714,71,13,ACCACTTCAGGGTGTCCCAC,58,2490252
mhpRp2,4.642857142857143,77,13,ACCAATGAAGTGTTCGTTAG,64,2491671
mhpRp2,5.285714285714286,86,13,ACATGGTTACATTATCACTC,73,2492427
mhpRp2,3.9285714285714284,67,13,ACATGCTTCGGGCGGGCCGT,54,2541873
mhpRp2,4.857142857142857,80,13,ACAGGTATTGTCTCGGATAA,67,2530708
mhpRp2,7.142857142857143,112,13,ACAATCAGAGCACCTACGTA,99,2500058
mhpRp2,3.7142857142857144,64,13,ACAAGAGGATACGGACACTG,51,2540215
mhpRp2,5.714285714285714,92,13,ACAACGGTACGATGCCTCTC,79,2490577
mhpRp2,2.857142857142857,52,13,ACAAAACATTGATACCAATG,39,2535065
mhpRp2,4.142857142857143,70,13,AATTGGTTCGCCTAGAGGCA,57,2533257
mhpRp2,3.5,61,13,AATGGGTAAGTGGTCAATCT,48,2519787
mhpRp2,0.14285714285714285,14,13,AATCGGACCTTGTAAGATCA,1,2528048
mhpRp2,0.14285714285714285,14,13,AATCAGACAGGCTTGTAACG,1,2545041
mhpRp2,1.8571428571428572,38,13,AATATAAATCCCTATGAAAG,25,2524357
mhpRp2,4.428571428571429,74,13,AAGTTGAGACATACGTGTAC,61,2499416
mhpRp2,5.214285714285714,85,13,AAGAAGTGGTTAGGATACCT,72,2537740
mhpRp2,5.214285714285714,85,13,AACGGCGTAACTCTGTATTA,72,2490123
mhpRp2,2.2857142857142856,44,13,AACGAGGGCACCGCCCATTC,31,2509937
mhpRp2,5.928571428571429,95,13,AACCCGCTTCTTATGCGGAA,82,2487873
mhpRp2,10.285714285714286,156,13,AAAGTGTCCTACTCTAGAAA,143,2482534
mhpRp2,3.642857142857143,63,13,AAACTCATAATCAATGGAAA,50,2534174
mhpRp2,0.14285714285714285,14,13,AAAATCTTGAAAGATATCGA,1,2484764
mhpRp2,4.461538461538462,69,12,TTTAGGCATTCGGGAACCTA,57,2485150
mhpRp2,15.307692307692308,210,12,TTGAGGAAATTCTGCGGGTA,198,2525460
mhpRp2,4.0,63,12,TTCGCCGAGGTAAGCTTCGT,51,2537062
mhpRp2,1.3076923076923077,28,12,TTCCCTCTAGTGTCGGTCAA,16,2495979
mhpRp2,0.15384615384615385,13,12,TTCATTGCCGAATGACACAA,1,2529974
mhpRp2,0.15384615384615385,13,12,TTCACGATATGTCAAGTCCA,1,2521863
mhpRp2,0.15384615384615385,13,12,TTAGAGAGGTCACGTCGCAA,1,2502805
mhpRp2,4.3076923076923075,67,12,TGGAATTTGCCCGGAATGGC,55,2520324
mhpRp2,5.230769230769231,79,12,TGAGCTCTCACCAGTTTATT,67,2543617
mhpRp2,1.3076923076923077,28,12,TGACGGCCGACGAGCCCCTA,16,2528138
mhpRp2,0.15384615384615385,13,12,TGAACCGGCGGGCAATAGTA,1,2494942
mhpRp2,4.6923076923076925,72,12,TGAACCCTGTATCGGCTTCG,60,2528364
mhpRp2,3.3846153846153846,55,12,TCGCGGAGACCTGCGTGTTA,43,2537459
mhpRp2,3.1538461538461537,52,12,TCCGACGTAAGTTGTAAGTC,40,2525844
mhpRp2,9.23076923076923,131,12,TCCAAGGTTGACACACGGCA,119,2526128
mhpRp2,6.230769230769231,92,12,TCATTCAGTAAATTCGCTCA,80,2512083
mhpRp2,9.615384615384615,136,12,TCAGGGGTACTGAATCGACT,124,2498777
mhpRp2,0.15384615384615385,13,12,TATGAAGGGTCAGTAATCCC,1,2482210
mhpRp2,8.846153846153847,126,12,TATCTCTAGCTCCCGCAGAT,114,2540466
mhpRp2,3.4615384615384617,56,12,TATCGCAAATGCGGACGCTA,44,2535287
mhpRp2,8.0,115,12,TACACTACCCACATCTAGCT,103,2500297
mhpRp2,7.230769230769231,105,12,TAATTAGCAGATGGGCTTAC,93,2522479
mhpRp2,4.461538461538462,69,12,TAAGTTTTCCTGGGGGGGTG,57,2483771
mhpRp2,7.230769230769231,105,12,TAACTAACTGTGACTTGTTT,93,2500470
mhpRp2,6.6923076923076925,98,12,GTTTAGTTTACGAGCGGACA,86,2541253
mhpRp2,3.3076923076923075,54,12,GTTTAAAATTACTAGGGCTT,42,2511963
mhpRp2,4.230769230769231,66,12,GTTCTGCCTAGCGGCAGCTG,54,2484664
mhpRp2,1.1538461538461537,26,12,GTTAAATCCCCGCTAGAGGC,14,2538969
mhpRp2,2.4615384615384617,43,12,GTGCTTATAGTACATCTTAT,31,2499151
mhpRp2,22.923076923076923,309,12,GTGAACTTCATTGAGTGAAG,297,2530357
mhpRp2,1.9230769230769231,36,12,GTCTTTTGCACTAGGTGTGG,24,2499596
mhpRp2,4.230769230769231,66,12,GTCTTTGTGATCAGTGAAGT,54,2515919
mhpRp2,0.15384615384615385,13,12,GTCGAGTTGTTCAAAAATCT,1,2480683
mhpRp2,10.0,141,12,GTATTTTAACTTCCATTTTT,129,2518697
mhpRp2,9.461538461538462,134,12,GTACTGCCCACTATGTACGG,122,2487796
mhpRp2,0.15384615384615385,13,12,GTACTCAAAGAGGGCGATTT,1,2498800
mhpRp2,2.076923076923077,38,12,GGTTGCGCGCTCGCAGTATC,26,2532432
mhpRp2,7.769230769230769,112,12,GGTCAGTCACATCGCCTTAA,100,2539379
mhpRp2,4.615384615384615,71,12,GGTACGTAATCAGTCCGACT,59,2506811
mhpRp2,4.6923076923076925,72,12,GGCTGGTCAGGTCCCGACTT,60,2511057
mhpRp2,0.15384615384615385,13,12,GGCTCCCCTCGGCATTTGTG,1,2481786
mhpRp2,4.6923076923076925,72,12,GGCAAGAGATTACACACCCA,60,2517652
mhpRp2,0.15384615384615385,13,12,GGAGAAACTTCCTACCCGAA,1,2487357
mhpRp2,5.538461538461538,83,12,GGACTCCAAGCGACATTCTC,71,2492450
mhpRp2,8.615384615384615,123,12,GCTGATGTGATGCAGGGGCG,111,2508499
mhpRp2,0.15384615384615385,13,12,GCTATACACAGCTGGCCATA,1,2496857
mhpRp2,4.0,63,12,GCTACTGCGGTGAGTTGAGA,51,2542824
mhpRp2,6.230769230769231,92,12,GCGTCAATCGCTCCCGCTCC,80,2493363
mhpRp2,0.15384615384615385,13,12,GCGTAACCTGAGACTCGGAT,1,2499975
mhpRp2,3.8461538461538463,61,12,GCGGCCAATAAGCACCGCCT,49,2522599
mhpRp2,4.538461538461538,70,12,GCGCCACTCTTCCGTTATTT,58,2489068
mhpRp2,5.153846153846154,78,12,GCGATAATAAATACCATGAT,66,2480447
mhpRp2,8.307692307692308,119,12,GCGAGCGACCCAGCTCAGGT,107,2483820
mhpRp2,3.230769230769231,53,12,GCGACGGGACTCCAGGTGTA,41,2510542
mhpRp2,0.15384615384615385,13,12,GCGACCTGTATGGGCACAAG,1,2510420
mhpRp2,4.384615384615385,68,12,GCCGGGTATTTAGTACATTT,56,2483815
mhpRp2,4.230769230769231,66,12,GCCCCAATGTTACCTAATGA,54,2520513
mhpRp2,7.153846153846154,104,12,GCCAACTACGAACTCGGTCA,92,2516548
mhpRp2,9.153846153846153,130,12,GCACTAGACGAGGATGCTCA,118,2521959
mhpRp2,3.076923076923077,51,12,GCAAGGGGTTCGCATCCGCC,39,2530837
mhpRp2,0.15384615384615385,13,12,GATGTTCCTTCTTAGTCAAC,1,2539860
mhpRp2,4.461538461538462,69,12,GAGGTAAGCTCGTTGCCCAA,57,2534161
mhpRp2,2.6153846153846154,45,12,GAGGCACCGACCAGGGGTCC,33,2515960
mhpRp2,4.384615384615385,68,12,GAGCTTTCTTCCGGCCGAGT,56,2527634
mhpRp2,3.8461538461538463,61,12,GAGAGTTGCGCCTTCGCTCG,49,2509483
mhpRp2,8.153846153846153,117,12,GAGAGCTTCGGAACTCAAAG,105,2520400
mhpRp2,0.5384615384615384,18,12,GACTACGACTCCAAGAACAT,6,2527590
mhpRp2,2.1538461538461537,39,12,GACCGTCAAATCTGACTAAG,27,2534657
mhpRp2,9.538461538461538,135,12,GAAAATTGAGACAGTTCCGT,123,2522772
mhpRp2,5.615384615384615,84,12,CTTATTTATATTACAACACA,72,2505854
mhpRp2,5.538461538461538,83,12,CTGCCAATATGCTTCAAGCA,71,2538873
mhpRp2,0.15384615384615385,13,12,CTGATGGTAACACTTGGTTT,1,2544055
mhpRp2,3.5384615384615383,57,12,CTCTCAAGTATATCTGATCT,45,2510005
mhpRp2,11.153846153846153,156,12,CTCGTTTACCTAACAAAGGC,144,2527271
mhpRp2,4.769230769230769,73,12,CTCGCGTCCTAGTAATACGA,61,2506231
mhpRp2,0.15384615384615385,13,12,CTCGCACCCATGATCCCTCG,1,2543035
mhpRp2,5.230769230769231,79,12,CTCGAGTGTTATTTCTCCGT,67,2514190
mhpRp2,0.15384615384615385,13,12,CTCCTCATCCGTCTCCCTAC,1,2504141
mhpRp2,5.461538461538462,82,12,CTCATCCTTACAGTTAACCT,70,2500586
mhpRp2,3.0,50,12,CTATGGAAATGCGCCTTTGG,38,2523336
mhpRp2,3.1538461538461537,52,12,CTAAAACAAAGATGGCTGGT,40,2530607
mhpRp2,4.384615384615385,68,12,CGTTTTGTTCCCATCACAGA,56,2500780
mhpRp2,1.0,24,12,CGTGTCCCATGTACCCGTGG,12,2511042
mhpRp2,4.153846153846154,65,12,CGTGTAGCTGAGACTCTCTT,53,2519898
mhpRp2,7.076923076923077,103,12,CGTACGACATTTCGTTCCGT,91,2535924
mhpRp2,3.6923076923076925,59,12,CGGGGCTAGTAAAGGAATTT,47,2503044
mhpRp2,0.15384615384615385,13,12,CGGGCCAGTAAATAATTTGT,1,2523708
mhpRp2,9.615384615384615,136,12,CGGGAGGCCAGGACAGTTTG,124,2541840
mhpRp2,4.0,63,12,CGGACTTTCGATGCGCAGTC,51,2479774
mhpRp2,5.461538461538462,82,12,CGCAACCTATCGGCCTATTA,70,2506200
mhpRp2,3.6923076923076925,59,12,CGATATCACCACACGTTCAG,47,2481955
mhpRp2,5.076923076923077,77,12,CGAAGATAGATGAAAGTCAA,65,2527677
mhpRp2,0.15384615384615385,13,12,CGAAAACGTCAAACAATGTA,1,2496821
mhpRp2,0.15384615384615385,13,12,CCTTTACGGCAAGTGTCCTA,1,2519635
mhpRp2,4.3076923076923075,67,12,CCTCTACGCGGAGTATGCCG,55,2526662
mhpRp2,2.6153846153846154,45,12,CCGGGGGACCACGAACGGTA,33,2518401
mhpRp2,5.3076923076923075,80,12,CCCGCTGAGTTCGTCACTTG,68,2480868
mhpRp2,5.0,76,12,CCCACCGAACGCGCACTGTA,64,2490701
mhpRp2,4.769230769230769,73,12,CCAGGCTTTCCAACGACGCG,61,2518941
mhpRp2,4.615384615384615,71,12,CATGGGCCTCACGGACTAAG,59,2521077
mhpRp2,3.6923076923076925,59,12,CACCAAATGCCGAGCACAAA,47,2518699
mhpRp2,4.3076923076923075,67,12,CAATGGATTGTTCTCAGGCT,55,2543395
mhpRp2,10.153846153846153,143,12,CAAGATCCGTTAGTTCTTAA,131,2533818
mhpRp2,4.3076923076923075,67,12,CAAACCCTGCACGTCTAACA,55,2491107
mhpRp2,2.230769230769231,40,12,ATTTTAACGCGTGGTTTCCA,28,2506905
mhpRp2,4.153846153846154,65,12,ATTGAAGCGCGTATGTGATG,53,2480927
mhpRp2,3.076923076923077,51,12,ATTAAGTAGGCACACTTCGC,39,2514864
mhpRp2,5.3076923076923075,80,12,ATGTCATCAAACAACGCGGC,68,2529334
mhpRp2,9.23076923076923,131,12,ATGCCCGGGGGCTAGAAATT,119,2496146
mhpRp2,5.153846153846154,78,12,ATGAGCCGACCGGAACACAA,66,2516803
mhpRp2,6.384615384615385,94,12,ATCTTGCTCATAGTAGTAAT,82,2510796
mhpRp2,0.15384615384615385,13,12,ATCTGTTGCAGGGACGGAGT,1,2514243
mhpRp2,0.23076923076923078,14,12,ATCGGACGCCCGCCACGTGA,2,2507871
mhpRp2,3.3846153846153846,55,12,ATCCGTGTTAGATTACCAGG,43,2542590
mhpRp2,0.15384615384615385,13,12,ATCAGCATGTGGCGGATCAA,1,2495776
mhpRp2,9.692307692307692,137,12,ATAGGGTACGTGTCGGTATA,125,2479768
mhpRp2,5.3076923076923075,80,12,ATAGGGGATGACCGGCGTTT,68,2517375
mhpRp2,5.076923076923077,77,12,ATAATACTCTTTTTAGAACA,65,2534919
mhpRp2,5.230769230769231,79,12,ATAAGATCACTCCACTTGTT,67,2489830
mhpRp2,4.230769230769231,66,12,AGTTCCCCCTCATAACCGGA,54,2490551
mhpRp2,0.15384615384615385,13,12,AGTGTGGGCTTACCAGTGTC,1,2522081
mhpRp2,9.76923076923077,138,12,AGTGAACATCACATTAGTTT,126,2534753
mhpRp2,5.076923076923077,77,12,AGTCCCTTCTCGTCGCAGTG,65,2507475
mhpRp2,0.15384615384615385,13,12,AGTACGGAGGAACTAGGACT,1,2530375
mhpRp2,5.0,76,12,AGCATCCGCGCAAACACTAC,64,2510253
mhpRp2,0.23076923076923078,14,12,AGATGTCGGCAAAATAGCGA,2,2534008
mhpRp2,6.769230769230769,99,12,ACTGGCATGCTGGAGTCTAT,87,2480178
mhpRp2,5.461538461538462,82,12,ACTACGCGCATCATCCCCTG,70,2511546
mhpRp2,3.923076923076923,62,12,ACGTGCCGTGCGTGGGTAAG,50,2480852
mhpRp2,3.6923076923076925,59,12,ACCTGGTACCCTCGACTCAC,47,2507587
mhpRp2,0.15384615384615385,13,12,ACCCCCACATTCGCCCCTGT,1,2531958
mhpRp2,5.384615384615385,81,12,ACATTACACTGGGGACATGA,69,2529821
mhpRp2,0.15384615384615385,13,12,ACATGAGAGCACTCGACGAA,1,2518781
mhpRp2,3.3846153846153846,55,12,ACAAACCACCCTCTCTATTA,43,2506010
mhpRp2,8.153846153846153,117,12,AATTCGCTGTCTCGGGTGCC,105,2484377
mhpRp2,5.153846153846154,78,12,AAGGTCGATAAAGCGTGTCG,66,2489549
mhpRp2,0.15384615384615385,13,12,AACGTCGGTTGAGGAGCCCA,1,2533874
mhpRp2,3.1538461538461537,52,12,AACCGCATTCAGGTGCCTGA,40,2510868
mhpRp2,4.846153846153846,74,12,AAATTTTCCTAATTTGAGTT,62,2483206
mhpRp2,1.7692307692307692,34,12,AAATTCCGCCTCATAATCTT,22,2537474
mhpRp2,4.6923076923076925,72,12,AAAGTATCATATGGTGCGAA,60,2501249
mhpRp2,0.5,16,11,TTTTTCTGATACAGTACATA,5,2510248
mhpRp2,0.16666666666666666,12,11,TTTTTCGGAAAAAGGGCAAG,1,2484427
mhpRp2,4.166666666666667,60,11,TTTGAGATTTTTTAAGGAAT,49,2527709
mhpRp2,2.8333333333333335,44,11,TTTCTAAGGACTCGGGCAGC,33,2482623
mhpRp2,3.5,52,11,TTTACCTGGTTGCTACCGCT,41,2539625
mhpRp2,8.416666666666666,111,11,TTGTAGCACAAACGAACACT,100,2532969
mhpRp2,2.8333333333333335,44,11,TTCTCTCGGAAAGCCTGGTG,33,2491351
mhpRp2,5.333333333333333,74,11,TTCGTCCGTTTGGGCTTAGC,63,2483830
mhpRp2,1.75,31,11,TTCGCACAATTGAGATTATC,20,2499714
mhpRp2,4.916666666666667,69,11,TTCACCATTTGTGCCGTTGG,58,2537168
mhpRp2,4.416666666666667,63,11,TTACTTCGTTTCACCGCGGT,52,2486199
mhpRp2,3.9166666666666665,57,11,TTACCGGGTCTCGGCCTCCA,46,2502518
mhpRp2,0.16666666666666666,12,11,TGTGACTGGATGTCTGAGTT,1,2526458
mhpRp2,0.16666666666666666,12,11,TGTCTTTTATTCATACAGAC,1,2499521
mhpRp2,0.16666666666666666,12,11,TGTACGCAGCACAAGCTGGG,1,2509689
mhpRp2,3.5833333333333335,53,11,TGGCCCTAAGCTGTCATAAG,42,2543690
mhpRp2,0.16666666666666666,12,11,TGGCAATGCTCGTCTGCACT,1,2536234
mhpRp2,1.25,25,11,TGCTTCTGGTTAGTAAATCG,14,2486618
mhpRp2,4.666666666666667,66,11,TGCGATCTTTGGCCAGGCAA,55,2538507
mhpRp2,6.416666666666667,87,11,TGCGAGTGGGGTTATGGTTG,76,2510583
mhpRp2,0.16666666666666666,12,11,TGCCGTGCCGGTTGCTCATC,1,2531732
mhpRp2,3.3333333333333335,50,11,TGATTCGATGGTGGCATGAA,39,2520998
mhpRp2,4.083333333333333,59,11,TGAGTCGCGAGTTTCAAATT,48,2496302
mhpRp2,8.083333333333334,107,11,TGACGTCATAACGAGTGTAT,96,2508788
mhpRp2,4.833333333333333,68,11,TCTGTGTCGTTCGATTCGTT,57,2486232
mhpRp2,0.16666666666666666,12,11,TCTAAACGCGGGAATGGGTA,1,2502417
mhpRp2,2.4166666666666665,39,11,TCGTCATCGGTGTTACAGCA,28,2542810
mhpRp2,0.16666666666666666,12,11,TCGGTATGACCAAGGAAGTA,1,2530926
mhpRp2,0.16666666666666666,12,11,TCGGAGAGCATACTCTACAT,1,2488976
mhpRp2,2.3333333333333335,38,11,TCCGGAACAGTGACGATTTG,27,2503509
mhpRp2,5.583333333333333,77,11,TCCGGAAACGTCGTCTGGTT,66,2510690
mhpRp2,1.0833333333333333,23,11,TCCCCCCCACTCACGCCCCT,12,2497377
mhpRp2,5.666666666666667,78,11,TCCACACGTGTATCTGTGGA,67,2529623
mhpRp2,25.75,319,11,TCACTGATTTCATGACCTTT,308,2545740
mhpRp2,0.16666666666666666,12,11,TAGGTTTTGACGAGAGTCAA,1,2481280
mhpRp2,0.16666666666666666,12,11,TAGCCAAATGTATGCTGAGT,1,2531338
mhpRp2,6.166666666666667,84,11,TACGATAATAGAGTGGTTGA,73,2539284
mhpRp2,2.0833333333333335,35,11,TAAGTTTCTACGCCATATGC,24,2494305
mhpRp2,3.8333333333333335,56,11,TAAACGCCAGCTGGTTGTCC,45,2481008
mhpRp2,10.083333333333334,131,11,GTTCTATGAATCGCCTCACT,120,2498243
mhpRp2,0.16666666666666666,12,11,GTTCACGCATATGGAACGAT,1,2500068
mhpRp2,6.083333333333333,83,11,GTGGGAACCACACCACTAAT,72,2531316
mhpRp2,5.333333333333333,74,11,GTCCACTAGAGCTTTCCGTT,63,2537824
mhpRp2,4.333333333333333,62,11,GTCATAGGCACTTTACATGA,51,2524125
mhpRp2,5.75,79,11,GTATTAAATATTGGGACATT,68,2501198
mhpRp2,0.16666666666666666,12,11,GTATGTCGTAGCTTGTACGG,1,2487078
mhpRp2,5.166666666666667,72,11,GGTTGGGCAACGCCCTCGAA,61,2520964
mhpRp2,1.6666666666666667,30,11,GGTTCAAACCTTGCCGATGG,19,2483084
mhpRp2,7.333333333333333,98,11,GGGTGTTCCTGCAGACTATC,87,2540970
mhpRp2,4.916666666666667,69,11,GGGTGGTCAGAAGCCTGCAT,58,2506693
mhpRp2,3.1666666666666665,48,11,GGGTAGTTCCTTACGAAGAC,37,2493549
mhpRp2,5.416666666666667,75,11,GGGCCAGAGCTGTACGTAAT,64,2536954
mhpRp2,3.6666666666666665,54,11,GGCGTCTATTGAGGATCATT,43,2535703
mhpRp2,5.0,70,11,GGCGGTAAAGAGCAAAGACG,59,2526192
mhpRp2,6.083333333333333,83,11,GGATTCGCAAGGTGGCTCAA,72,2505818
mhpRp2,4.333333333333333,62,11,GGAGTCGGGACGGTTGAGAC,51,2518702
mhpRp2,5.0,70,11,GGACAGCGCCTGGGAAACGA,59,2494594
mhpRp2,3.6666666666666665,54,11,GGAAGCCTCGTTTGACTTTT,43,2521749
mhpRp2,5.916666666666667,81,11,GCTGGCGTCCCCCCAGGGTC,70,2483473
mhpRp2,4.666666666666667,66,11,GCGTCTAAGGGGCGAACACA,55,2492579
mhpRp2,0.3333333333333333,14,11,GCGTATCATATCTCGGGTAT,3,2525165
mhpRp2,4.333333333333333,62,11,GCGGGGGTATACTCCTTTAT,51,2510985
mhpRp2,0.9166666666666666,21,11,GCGCTTTGCCCCCAGATTTA,10,2510363
mhpRp2,0.5833333333333334,17,11,GCGCTCACAACCGATTCCCC,6,2544738
mhpRp2,9.0,118,11,GCGAACACGCTTGTCCACCA,107,2498382
mhpRp2,9.583333333333334,125,11,GCCTCTAGCGCGGTGCGAGG,114,2543667
mhpRp2,3.4166666666666665,51,11,GCCTAGTGTCCCGCAGTAAG,40,2490599
mhpRp2,0.16666666666666666,12,11,GCCTAGTCATAAATTGGTCT,1,2526831
mhpRp2,3.9166666666666665,57,11,GCCCAATGTAACGTCCAACG,46,2494203
mhpRp2,5.0,70,11,GCCAGGTATGTTCGGACGCA,59,2485166
mhpRp2,4.5,64,11,GCATCGATAGGAGTGGATTC,53,2512995
mhpRp2,1.0833333333333333,23,11,GCAGCAGCATCCCAATATAC,12,2515215
mhpRp2,5.166666666666667,72,11,GCACCGATCTATGTGGAGCA,61,2508400
mhpRp2,6.083333333333333,83,11,GCACAGGAAAACATCGCTAA,72,2511883
mhpRp2,4.666666666666667,66,11,GATTTTGCACTCGCGGCCTT,55,2542996
mhpRp2,1.1666666666666667,24,11,GATTTTAAGCGAGGGTGTGT,13,2488936
mhpRp2,0.16666666666666666,12,11,GAGTTAGCCTAACGTTCACC,1,2541482
mhpRp2,0.16666666666666666,12,11,GAGTGACATCTGATGACGAG,1,2518119
mhpRp2,4.916666666666667,69,11,GAGGTGAACTCTTGGCTGAA,58,2539640
mhpRp2,11.25,145,11,GAGCTCGTCTTGGCACAACG,134,2510422
mhpRp2,3.0833333333333335,47,11,GACGGCGGCTTGCAAATGAA,36,2501587
mhpRp2,5.5,76,11,GACCCCATGACGTCGCTCCA,65,2534305
mhpRp2,5.75,79,11,GACATTGGTCTCTTCTTTGA,68,2507115
mhpRp2,4.666666666666667,66,11,CTTTCATGGTCTAAAGTATA,55,2504732
mhpRp2,4.5,64,11,CTTGGAAACAGCCCGATTAT,53,2543642
mhpRp2,5.916666666666667,81,11,CTTCCGTTCGTAGACGGTTA,70,2529952
mhpRp2,2.5,40,11,CTTCCCCTGCTTACCCAAAA,29,2527343
mhpRp2,1.75,31,11,CTGTTATTGTGTCTTACTAT,20,2512845
mhpRp2,0.16666666666666666,12,11,CTGGCGGCAGTAGATTCTTA,1,2501844
mhpRp2,2.6666666666666665,42,11,CTGCCAGGCACGTGGGCGTC,31,2530188
mhpRp2,5.583333333333333,77,11,CTGATGCCTGTTCATGCCGA,66,2534292
mhpRp2,0.16666666666666666,12,11,CTCTCACTCTAGGTTGAAGA,1,2498475
mhpRp2,5.0,70,11,CTCAAATTTGGGATATCGCA,59,2522200
mhpRp2,7.25,97,11,CTACCGTCTCGCTGATGTTA,86,2506933
mhpRp2,0.16666666666666666,12,11,CGTGGTGCGAACAATGGTAT,1,2512111
mhpRp2,5.083333333333333,71,11,CGTCGTCGAGTAAGGACTTA,60,2542246
mhpRp2,3.9166666666666665,57,11,CGGTTGTTGGGGACGAGCAT,46,2520181
mhpRp2,5.916666666666667,81,11,CGGTTGGCAATGGAGTCATG,70,2525211
mhpRp2,4.25,61,11,CGGTGCGGTCACCTGACAGT,50,2531218
mhpRp2,3.1666666666666665,48,11,CGGTCCTGGTACATAAGGCA,37,2539593
mhpRp2,8.583333333333334,113,11,CGCTGCACGCTTTAATGGTT,102,2541848
mhpRp2,4.5,64,11,CGCGATTTGCTGCCAGGAAT,53,2488477
mhpRp2,2.3333333333333335,38,11,CGCCAGCGCGGGCTGATCCT,27,2532840
mhpRp2,2.0,34,11,CGCATCGTAGTCATCCTAGA,23,2485609
mhpRp2,4.833333333333333,68,11,CCTGTCATTGGTCCTTCGTG,57,2505927
mhpRp2,0.16666666666666666,12,11,CCTGTATTCAAGAATGCGTG,1,2484162
mhpRp2,7.083333333333333,95,11,CCGTCAAAGTGATTCTGAGT,84,2488061
mhpRp2,4.5,64,11,CCGTACCGCGTCTTCACACG,53,2482760
mhpRp2,4.75,67,11,CCGGACAGTAAGTGTTTCAT,56,2489790
mhpRp2,4.833333333333333,68,11,CCGGACACGCACTCGGACTT,57,2503815
mhpRp2,5.916666666666667,81,11,CCGCAAGTTCCGGAATGGCT,70,2487007
mhpRp2,5.916666666666667,81,11,CCGACCGACGTTCGCAAAGT,70,2490523
mhpRp2,6.166666666666667,84,11,CCCTGTGCTGTAAAAACCTC,73,2520351
mhpRp2,4.166666666666667,60,11,CCCGGTGTCTTCGAGCATCC,49,2522074
mhpRp2,4.833333333333333,68,11,CCCGAGTTACGAGTGCCAAC,57,2538919
mhpRp2,6.5,88,11,CCCGAGGACGCAAGTAGTCT,77,2490052
mhpRp2,0.16666666666666666,12,11,CCCATTGGGGGGGGTGGCGA,1,2539433
mhpRp2,4.583333333333333,65,11,CCACGACAGTTTACATCAAA,54,2506702
mhpRp2,0.16666666666666666,12,11,CCACAGGTGTTAGCACAATT,1,2484861
mhpRp2,16.583333333333332,209,11,CATTCCCGACGTATAACGAA,198,2534214
mhpRp2,4.75,67,11,CATGCCGGTAGTGGCTACAG,56,2533200
mhpRp2,6.666666666666667,90,11,CAGGACACAGAAATCTATCC,79,2481333
mhpRp2,2.75,43,11,CAGGAAGAACTTTACTTGAA,32,2511365
mhpRp2,0.75,19,11,CACCGGCTTTCCACGGGAAT,8,2520824
mhpRp2,4.166666666666667,60,11,CACATCGTGGTCTAGAACGA,49,2527441
mhpRp2,3.75,55,11,CAATGTATATGGAATCGGGG,44,2541576
mhpRp2,5.0,70,11,CAACCTGGACGGTAATGCTT,59,2518494
mhpRp2,4.166666666666667,60,11,ATTTGCGATGCTTAGCTTGC,49,2528941
mhpRp2,12.333333333333334,158,11,ATTTAAAATTCGTATTAATG,147,2497528
mhpRp2,3.75,55,11,ATTCACCTCTGCAGCTGCCG,44,2509328
mhpRp2,0.16666666666666666,12,11,ATTACATTCCGAAGCAGCTA,1,2483902
mhpRp2,0.16666666666666666,12,11,ATTAATATGATATTAGACAG,1,2538998
mhpRp2,4.5,64,11,ATGGCCAGATATTATCACAA,53,2534964
mhpRp2,0.16666666666666666,12,11,ATGCACGCTCACAGGTTAGG,1,2542778
mhpRp2,18.833333333333332,236,11,ATCGTAAGGATATTGTTCTA,225,2509785
mhpRp2,6.416666666666667,87,11,ATCGATGAGCACTTGCCCAG,76,2509743
mhpRp2,0.16666666666666666,12,11,ATCACTAGGAATTTATAAAC,1,2505089
mhpRp2,10.416666666666666,135,11,ATATGCAAAAGGAGGGGGAG,124,2487478
mhpRp2,4.75,67,11,ATAGCAAGTCTGGGAACATA,56,2510943
mhpRp2,0.16666666666666666,12,11,ATACCGTCCAAGGGCACCCG,1,2519613
mhpRp2,5.416666666666667,75,11,ATAATCCCTGCTCGTATAAT,64,2525064
mhpRp2,4.666666666666667,66,11,AGTTCCACACCAATGCCATA,55,2531741
mhpRp2,11.0,142,11,AGTTACGTCTGTTGATACCA,131,2486209
mhpRp2,9.5,124,11,AGTGAGGATTTTACAAGTAT,113,2537467
mhpRp2,4.083333333333333,59,11,AGTATCTTGGTCCGATTTGA,48,2491657
mhpRp2,5.916666666666667,81,11,AGGTTACGCGACCCCAGCAA,70,2527759
mhpRp2,5.583333333333333,77,11,AGGCTTTTTAAATGCCCCCA,66,2480116
mhpRp2,0.16666666666666666,12,11,AGGCGATCGTGATGCCGTGT,1,2491105
mhpRp2,0.16666666666666666,12,11,AGCTCAGACACGGCGACCCT,1,2523759
mhpRp2,18.333333333333332,230,11,AGATCCGAGGTCTGTTCGTG,219,2519790
mhpRp2,5.916666666666667,81,11,AGACTGCTCTAGTGTCTCCG,70,2491765
mhpRp2,0.16666666666666666,12,11,ACTTTTAACGACAGCATGTG,1,2500479
mhpRp2,6.75,91,11,ACTTCACTCTATCGACTGTA,80,2512158
mhpRp2,4.916666666666667,69,11,ACTGCACACTGAAAGTACAC,58,2494777
mhpRp2,4.583333333333333,65,11,ACTGATATAGAGTGGGTCAC,54,2491826
mhpRp2,6.25,85,11,ACTCTGTAGCCGTAAGTAAT,74,2530400
mhpRp2,4.916666666666667,69,11,ACGCACGCCATCCGCGTAAT,58,2505611
mhpRp2,3.25,49,11,ACGACCCGGAGGCCGAGACG,38,2517621
mhpRp2,6.666666666666667,90,11,ACCTCTCCAGTGGCCTAATA,79,2491507
mhpRp2,5.583333333333333,77,11,ACCTCCACTATCCGGTATCC,66,2494683
mhpRp2,4.833333333333333,68,11,ACCGGTAGGATGGTTCGTCG,57,2492555
mhpRp2,4.666666666666667,66,11,ACCATATCTCTCATCGTCTT,55,2495529
mhpRp2,5.916666666666667,81,11,ACATGTGGGTGTTTCCTTTT,70,2522774
mhpRp2,5.5,76,11,ACAGCTTGCGGCCGCCTAGG,65,2524280
mhpRp2,0.16666666666666666,12,11,ACAGAGGGGTACACTTTCTG,1,2526194
mhpRp2,0.16666666666666666,12,11,AATTACGTGCCGGGTCTGTA,1,2529640
mhpRp2,11.583333333333334,149,11,AATCGCCTTACCTAGAAAAG,138,2512609
mhpRp2,0.16666666666666666,12,11,AATAAGGAGAGGTATCTTAG,1,2495347
mhpRp2,4.5,64,11,AAGATTGAAGGCAACATAGA,53,2492140
mhpRp2,5.25,73,11,AACTTGATACTTGGTCGAAC,62,2531420
mhpRp2,3.9166666666666665,57,11,AACTCGCACGTTGGCCTGAA,46,2492909
mhpRp2,0.16666666666666666,12,11,AACTCGAAATCAGTAAGTAG,1,2506431
mhpRp2,5.166666666666667,72,11,AACTATCGGCCTTAACCATG,61,2511444
mhpRp2,4.083333333333333,59,11,AACTAGCCTAAGGTACTCCC,48,2505986
mhpRp2,5.75,79,11,AACGGGTCTGGAGGATTTTG,68,2481083
mhpRp2,4.666666666666667,66,11,AACCTTGTCCTGAGGATCCA,55,2506665
mhpRp2,4.25,61,11,AACCTGGCTGGAGATTTTAG,50,2545488
mhpRp2,5.5,76,11,AACCAACGATTCCTTTATTG,65,2503803
mhpRp2,6.25,85,11,AACAGCAACCGAGTCTAAAG,74,2495984
mhpRp2,0.16666666666666666,12,11,AAAGGAAAGCTTTATATAAT,1,2517238
mhpRp2,6.0,82,11,AAACTATCGGCACTTCGGTT,71,2531847
mhpRp2,0.16666666666666666,12,11,AAACAGTAAGGTATTTTCAT,1,2540475
mhpRp2,0.16666666666666666,12,11,AAAAACTCATGCACGTGACT,1,2540759
mhpRp2,3.5833333333333335,53,11,AAAAAAATGGTGTCAACTAA,42,2540859
mhpRp2,3.8181818181818183,51,10,TTTTGCTACATAGGCGATGA,41,2498671
mhpRp2,6.181818181818182,77,10,TTTTCGATAATGACAGCCCA,67,2541533
mhpRp2,0.18181818181818182,11,10,TTTCAGTTTCTATGAGGAAA,1,2523210
mhpRp2,4.545454545454546,59,10,TTGGCTTCGCCGTCTCAGTG,49,2495480
mhpRp2,4.363636363636363,57,10,TTGGCAGGCAGGCAAGCTCG,47,2505036
mhpRp2,4.090909090909091,54,10,TTGGACTTTCGCCCCATTGC,44,2503110
mhpRp2,3.4545454545454546,47,10,TTGCCAGTTATGCTTCACTA,37,2498441
mhpRp2,3.727272727272727,50,10,TTCTGGATGGTACCGTGCCC,40,2486195
mhpRp2,4.909090909090909,63,10,TTCGATTCCTCGCGCGAGAG,53,2523193
mhpRp2,6.090909090909091,76,10,TTATGGATCCTAGCCACGCA,66,2543780
mhpRp2,2.5454545454545454,37,10,TTAGTGTAATGGGGCGAGGA,27,2545108
mhpRp2,0.18181818181818182,11,10,TTACCTTGGCAAACTAAAGG,1,2534493
mhpRp2,6.7272727272727275,83,10,TGTTCTAGCATGCCTCACTT,73,2538357
mhpRp2,3.8181818181818183,51,10,TGTGGCGGCCGTATGGACCT,41,2532524
mhpRp2,10.818181818181818,128,10,TGTAGCACTTGCCAGGAATA,118,2482903
mhpRp2,4.181818181818182,55,10,TGGTAGATACATCGACCCCG,45,2519286
mhpRp2,5.636363636363637,71,10,TGGGTAATAGTTGGGGGTCA,61,2499711
mhpRp2,16.545454545454547,191,10,TGGGGCTGCGCGGTGGTAGT,181,2497441
mhpRp2,5.363636363636363,68,10,TGCAGTCGCAAGAACCACCT,58,2536406
mhpRp2,0.18181818181818182,11,10,TGAATCGGGCGGTCCGGTCA,1,2495763
mhpRp2,3.5454545454545454,48,10,TCTCCAACCCCTAGAGGTCA,38,2543907
mhpRp2,11.363636363636363,134,10,TCGTTTGTGGTGAAGCGCAA,124,2501953
mhpRp2,0.18181818181818182,11,10,TCGGTGCAGTCGAGCGATGG,1,2509024
mhpRp2,5.545454545454546,70,10,TCGAAGGGAAGCTAACCAAA,60,2539656
mhpRp2,4.454545454545454,58,10,TCCCTAAAATTTAGCAAAAG,48,2536809
mhpRp2,3.6363636363636362,49,10,TCACTCTGGACTTTGCTAAA,39,2500937
mhpRp2,0.18181818181818182,11,10,TCAACTTTTCGTATATAAAT,1,2524471
mhpRp2,3.6363636363636362,49,10,TATTATTGGAGTGCCTCCAT,39,2530434
mhpRp2,38.18181818181818,429,10,TATCCAGGGGAGGAGTTTAT,419,2509750
mhpRp2,6.545454545454546,81,10,TATAGCCTACCACTTCGGTG,71,2482680
mhpRp2,6.090909090909091,76,10,TAGGGCCGTCTTGGTAGGAA,66,2543317
mhpRp2,6.181818181818182,77,10,TAGCGACGGTTAGGGGGCGC,67,2482873
mhpRp2,0.18181818181818182,11,10,TAGCAATGGTGTAGATCTGA,1,2532378
mhpRp2,5.545454545454546,70,10,TACTTTCGGAAAACTTGCGG,60,2512019
mhpRp2,3.727272727272727,50,10,TACATGTGTGGTCCTGCTCG,40,2483438
mhpRp2,7.363636363636363,90,10,TACAGTATCCTTGTCAAGAC,80,2506544
mhpRp2,5.636363636363637,71,10,TAATGCTAGACCGGAGGGCT,61,2533225
mhpRp2,0.18181818181818182,11,10,TAATGAGCTCACTTTGCTAG,1,2523944
mhpRp2,7.454545454545454,91,10,TAAATTAGGATTGAGGTTAT,81,2511971
mhpRp2,6.636363636363637,82,10,GTTAATATACTGCCGATCAC,72,2517225
mhpRp2,6.0,75,10,GTGCCATGTAGTGCGCCCGT,65,2517362
mhpRp2,0.18181818181818182,11,10,GTCCGGCTTTAATTATCAAC,1,2533083
mhpRp2,0.18181818181818182,11,10,GGTTATATAGAGCCTCGCTG,1,2520278
mhpRp2,1.6363636363636365,27,10,GGTCATTTCGTTAGGCCTTC,17,2485197
mhpRp2,5.909090909090909,74,10,GGGGCTGGTTTAACACACCT,64,2527817
mhpRp2,8.636363636363637,104,10,GGCTTTGAGAGGTCATGTTA,94,2500225
mhpRp2,5.818181818181818,73,10,GGCGTGAAGACGAATGGGTT,63,2540699
mhpRp2,0.2727272727272727,12,10,GGCGGATAGCTGTTAGGTTG,2,2518817
mhpRp2,3.6363636363636362,49,10,GGCCATTTAATGCATCATCT,39,2532625
mhpRp2,7.2727272727272725,89,10,GGATCCAGGTGCCCGGCAAT,79,2538707
mhpRp2,4.818181818181818,62,10,GCTGGGTGACGTCGCGCTGT,52,2518023
mhpRp2,3.909090909090909,52,10,GCTGCCGACGCCAAATCTGG,42,2494337
mhpRp2,0.18181818181818182,11,10,GCTCACAGTTAGTACACGGT,1,2479718
mhpRp2,3.090909090909091,43,10,GCTACGGTCGAAGAAAGGGG,33,2484368
mhpRp2,0.18181818181818182,11,10,GCGTTTGCCTATAGGCAGAG,1,2484963
mhpRp2,5.090909090909091,65,10,GCGTTCCCATCAGGTTGTCA,55,2527818
mhpRp2,0.18181818181818182,11,10,GCGCGTAGTGAAGCCCAGAA,1,2510473
mhpRp2,1.9090909090909092,30,10,GCGAGTCCAAGACGTCCTCA,20,2480922
mhpRp2,0.18181818181818182,11,10,GCCCTAGTGCGTAAACGACA,1,2528254
mhpRp2,9.090909090909092,109,10,GCATGATGTCAGGAAGATCT,99,2501411
mhpRp2,4.2727272727272725,56,10,GCAGGCCTCACAACGTCAGA,46,2525408
mhpRp2,5.454545454545454,69,10,GCAATAGTTGGACGAGTAGC,59,2479794
mhpRp2,5.636363636363637,71,10,GATGCGCTCTTGGACCATCT,61,2492298
mhpRp2,5.090909090909091,65,10,GATCCTTGGGAAGCGGAAAA,55,2498870
mhpRp2,5.909090909090909,74,10,GATAGATGCCTAAAGCATGG,64,2504740
mhpRp2,0.18181818181818182,11,10,GAGGACCCTACGCTTCCCGG,1,2495961
mhpRp2,0.18181818181818182,11,10,GAGCTTATCTCGCACTACGA,1,2515443
mhpRp2,3.909090909090909,52,10,GAGCGAGATACATCCGGTCA,42,2491421
mhpRp2,4.0,53,10,GAGACGTACGAGCAACGGAC,43,2506233
mhpRp2,4.909090909090909,63,10,GACTCATGAGCCTCGCTAGT,53,2538354
mhpRp2,0.36363636363636365,13,10,GACGAAGAATGTGGGATCGT,3,2545813
mhpRp2,4.7272727272727275,61,10,GAATGTGTCCCTAGACTATT,51,2540396
mhpRp2,5.909090909090909,74,10,GAATACCCCCTAAAGCTACG,64,2493733
mhpRp2,0.18181818181818182,11,10,GAAAGCAGCTTTGTTATGTA,1,2537184
mhpRp2,10.363636363636363,123,10,CTTGAACCTTTTCACGGCCC,113,2509881
mhpRp2,5.0,64,10,CTTCTCCGGCTCCCATTTAA,54,2510946
mhpRp2,9.727272727272727,116,10,CTTCAGTCACTCATCCTGTG,106,2499351
mhpRp2,0.18181818181818182,11,10,CTTAATCCAGGTCGCTTTCA,1,2481931
mhpRp2,4.363636363636363,57,10,CTCGCGTCAACAACATGTTA,47,2497468
mhpRp2,0.18181818181818182,11,10,CTACGAGAAGAACGATTTAC,1,2514601
mhpRp2,5.454545454545454,69,10,CTACAATCGGCCGCTAATAA,59,2481353
mhpRp2,16.272727272727273,188,10,CTAACCACGTCCCGGTACAC,178,2516613
mhpRp2,5.0,64,10,CGTGAACCACCGGGTGATGT,54,2492080
mhpRp2,7.090909090909091,87,10,CGTCTTATGTAAGTGATCCT,77,2506760
mhpRp2,6.0,75,10,CGGTCTTATCGAATCTACCA,65,2519300
mhpRp2,2.0,31,10,CGGGCAGCGCACCTTGTTGA,21,2494367
mhpRp2,5.2727272727272725,67,10,CGCTATTTTAAGTCCATTGG,57,2514087
mhpRp2,1.4545454545454546,25,10,CGCGGCGTGAGAGATTTGCT,15,2502810
mhpRp2,6.545454545454546,81,10,CGATTATTAGTAAAACAACA,71,2479912
mhpRp2,6.909090909090909,85,10,CCTCAAGGCAACATCAACAA,75,2522239
mhpRp2,4.181818181818182,55,10,CCGTTAGGCGCGGTTACCCC,45,2535770
mhpRp2,5.7272727272727275,72,10,CCGTCCAGCTATGTGAGGGT,62,2486559
mhpRp2,2.4545454545454546,36,10,CCGTAAGAGGTGTACGAAAT,26,2545621
mhpRp2,4.818181818181818,62,10,CCGGAGCTTCAGCTTCGGTA,52,2541851
mhpRp2,4.636363636363637,60,10,CCGCATACCTTGCGGAGAAA,50,2524049
mhpRp2,4.454545454545454,58,10,CCGAGTGTCCTAAGCAATTA,48,2479758
mhpRp2,0.18181818181818182,11,10,CCCCAGTGTGGCAAGCAGTA,1,2513314
mhpRp2,5.545454545454546,70,10,CCCAGTCGTCCCGAATCTGA,60,2490397
mhpRp2,0.18181818181818182,11,10,CCCAGCAAGGCGGGACACAA,1,2480256
mhpRp2,5.2727272727272725,67,10,CCATTGTATTAGGTGTCATG,57,2521290
mhpRp2,5.636363636363637,71,10,CCACAATGGTGCCAAAGGCT,61,2517301
mhpRp2,3.909090909090909,52,10,CCAATTGCCTCAACGACGCT,42,2486635
mhpRp2,5.181818181818182,66,10,CCAAGCACTAGCAGTAGACG,56,2510006
mhpRp2,5.181818181818182,66,10,CATCTACCCACTGCTCGATA,56,2533017
mhpRp2,13.0,152,10,CATCACTACTCACCGTGTTC,142,2479749
mhpRp2,3.4545454545454546,47,10,CAGTGTCCCGCACTTTATGA,37,2526814
mhpRp2,0.18181818181818182,11,10,CAGCGCACAAACTCGTCTAC,1,2502516
mhpRp2,2.5454545454545454,37,10,CAAGGATACTTTCGTCATCT,27,2494377
mhpRp2,13.181818181818182,154,10,CAACGGTGGTGATTAGAACA,144,2535678
mhpRp2,5.636363636363637,71,10,ATTGTCTTGTTTCTATTCCC,61,2493584
mhpRp2,4.636363636363637,60,10,ATGTGGGCTGGCGTATCCAG,50,2514515
mhpRp2,6.181818181818182,77,10,ATGGTAAGAAGAGACTGTCC,67,2528643
mhpRp2,0.18181818181818182,11,10,ATGCAGCCTCAGTGAGGACA,1,2525863
mhpRp2,7.0,86,10,ATGACCATTTGCTAGAGACA,76,2536355
mhpRp2,4.363636363636363,57,10,ATCGCTTAAACGAGGATGCG,47,2515296
mhpRp2,11.181818181818182,132,10,ATCCTCTCGTGGTGCAAAGC,122,2494524
mhpRp2,6.545454545454546,81,10,ATCCGTTCGGTCACCGTTCA,71,2499367
mhpRp2,3.727272727272727,50,10,ATCCAGAACCGGTTTATTTT,40,2511117
mhpRp2,8.181818181818182,99,10,ATATGACCTGTACTATCAAA,89,2501304
mhpRp2,4.363636363636363,57,10,ATAGGCGAGTCTCATGGGCG,47,2512964
mhpRp2,0.18181818181818182,11,10,ATAGAGGTCGGCTAGGGCAA,1,2497982
mhpRp2,3.5454545454545454,48,10,ATACACTTCACCGCCTCTCT,38,2482159
mhpRp2,8.181818181818182,99,10,ATAATATCAGTCTTTAGCAG,89,2519099
mhpRp2,0.2727272727272727,12,10,ATAATAGTAATGTCAGTCGG,2,2533627
mhpRp2,5.363636363636363,68,10,AGTTTCCAGGATTGGGCTTT,58,2533399
mhpRp2,4.909090909090909,63,10,AGTGTTGGTCAAGAGCTTAG,53,2544792
mhpRp2,6.909090909090909,85,10,AGTGGTACAGAAGTACGCCA,75,2496344
mhpRp2,4.7272727272727275,61,10,AGTCAGCGCGGGTTATTAGT,51,2486349
mhpRp2,4.454545454545454,58,10,AGGTGACCAAGGCCGAAGTT,48,2510811
mhpRp2,2.272727272727273,34,10,AGGGGTGTACACTCGTCGCT,24,2545613
mhpRp2,5.181818181818182,66,10,AGCCTTTAAGTTGATCTCTC,56,2529968
mhpRp2,6.636363636363637,82,10,AGCACTAGCACCATACTGGA,72,2486141
mhpRp2,0.18181818181818182,11,10,AGAAAATTGATGAAGGATCG,1,2487356
mhpRp2,4.636363636363637,60,10,ACTGGGCCAGTTCTTCATGC,50,2511929
mhpRp2,5.090909090909091,65,10,ACTGGAGGCCTTAGGGAGAT,55,2485157
mhpRp2,0.18181818181818182,11,10,ACTCCACTAGGACTCATTAT,1,2506053
mhpRp2,0.18181818181818182,11,10,ACGTTTTATGATTCGGAGCC,1,2484047
mhpRp2,0.45454545454545453,14,10,ACGTCTAAGCAATCGAGATA,4,2501971
mhpRp2,5.545454545454546,70,10,ACGGACCATGTGCCTCTTGA,60,2487250
mhpRp2,7.090909090909091,87,10,ACGACTCAGGTTCCGCCTAT,77,2499113
mhpRp2,0.18181818181818182,11,10,ACGACGATGCGAGGCATTAC,1,2509303
mhpRp2,4.818181818181818,62,10,ACCTTTGTGGTCCGCACGGC,52,2503495
mhpRp2,3.272727272727273,45,10,ACCGGGTCGAAACGCTGGAC,35,2490945
mhpRp2,2.0,31,10,ACCGACAGAGGTCCATTGCT,21,2501003
mhpRp2,4.909090909090909,63,10,ACCAGCATATTGTGTGCTGA,53,2513015
mhpRp2,6.363636363636363,79,10,ACAGACCAAAAAATAAGATC,69,2525723
mhpRp2,6.545454545454546,81,10,ACACTTACATAATCTTCTTT,71,2533258
mhpRp2,5.0,64,10,ACACGGCCCCCAAGAAACTG,54,2528405
mhpRp2,5.2727272727272725,67,10,ACACAACCACATTCCGAATC,57,2497566
mhpRp2,0.18181818181818182,11,10,AATTCGACTCGTTGTCTCCC,1,2539557
mhpRp2,6.454545454545454,80,10,AATTAACGGCACTTACGAGG,70,2545181
mhpRp2,0.6363636363636364,16,10,AAGTGACACTCCACTCCGAT,6,2506857
mhpRp2,0.36363636363636365,13,10,AAGTCCTAGAACCGAGCACA,3,2490588
mhpRp2,10.181818181818182,121,10,AAGGTGGGGGAGGTTCTGAT,111,2540402
mhpRp2,6.545454545454546,81,10,AAGATGTTCCAATGGTGTAA,71,2538097
mhpRp2,19.363636363636363,222,10,AACGAGTGTACTTCAAGGCT,212,2501650
mhpRp2,5.363636363636363,68,10,AAAGGCTAATATGCAACAAT,58,2528778
mhpRp2,18.90909090909091,217,10,AAAACTAGTCTCGCCCTTAT,207,2487296
mhpRp2,4.5,53,9,TTTGCTCTAATAATACGAAG,44,2506697
mhpRp2,3.4,42,9,TTTAGTTTCGTCGTTTGGAC,33,2507307
mhpRp2,3.1,39,9,TTGGATTATGTGCGCCGCAA,30,2544580
mhpRp2,0.2,10,9,TTCTGGGCGAAACCCGATTC,1,2510263
mhpRp2,0.2,10,9,TTCGGTGGAGTAATTTTATA,1,2507046
mhpRp2,7.6,84,9,TTCGGTACTCCTTGTAGCTC,75,2542750
mhpRp2,0.2,10,9,TTCCCTGAAGGCAAAGTGAT,1,2525050
mhpRp2,7.5,83,9,TTCCATGTAGTTACGGATGA,74,2545654
mhpRp2,5.0,58,9,TTCAAGTTGCGGATTGTTAT,49,2516456
mhpRp2,6.4,72,9,TTATTGGGCACCGCACGGTG,63,2499871
mhpRp2,7.8,86,9,TTATTCCATATTATGCAGCT,77,2520195
mhpRp2,0.2,10,9,TTATAGTATTGGTACATATA,1,2517305
mhpRp2,4.5,53,9,TTAAATGCATAAGGCCTGCG,44,2506365
mhpRp2,4.5,53,9,TGTTTACGAGAAACGGCCCT,44,2497930
mhpRp2,5.4,62,9,TGTTGTGTCCGACGCTTTCC,53,2535459
mhpRp2,5.9,67,9,TGTTCTGCTTCTGTAGTAGC,58,2507173
mhpRp2,4.6,54,9,TGTCTGTCGCTTAAGATCTA,45,2534960
mhpRp2,5.8,66,9,TGTCCAAGGCTTCACAAGTA,57,2523279
mhpRp2,12.0,128,9,TGTCATCGGGGTTTATGGAA,119,2483165
mhpRp2,0.2,10,9,TGGGGTTCCCGGCGGTGATC,1,2520079
mhpRp2,5.3,61,9,TGGCCGGTTTATGTGGTGTT,52,2509520
mhpRp2,0.2,10,9,TGCTCCCTGTACCTCACATA,1,2509919
mhpRp2,6.8,76,9,TGCGTCCCTCTTTAGCGCTG,67,2481166
mhpRp2,6.0,68,9,TGCGTACGAAACCTCAAGAT,59,2527607
mhpRp2,7.6,84,9,TGCGGCACTGCAACTCCGTA,75,2505502
mhpRp2,12.5,133,9,TGCCGCGGCGGCGGAGTCGT,124,2522819
mhpRp2,2.5,33,9,TGCCACTGCAAGTAGTTATC,24,2482841
mhpRp2,6.6,74,9,TGAGTATTGAAGATTTTTAG,65,2519863
mhpRp2,8.5,93,9,TGAGGACTTGGTTCTCATTC,84,2521414
mhpRp2,5.1,59,9,TGACTATTCGATATATATCA,50,2518072
mhpRp2,13.4,142,9,TCTCCAGGGGAGGAATCTGA,133,2506675
mhpRp2,7.9,87,9,TCCTGTGTTCGAGCACCACA,78,2500629
mhpRp2,5.0,58,9,TCCCTGCTACACCGTCCGAA,49,2534047
mhpRp2,7.5,83,9,TCCAAGTACTCTGGCCCCAT,74,2535177
mhpRp2,12.4,132,9,TCCAAGAGAATAGGAATGTG,123,2502487
mhpRp2,6.2,70,9,TATGTAGGCTATCTGCAAAG,61,2543905
mhpRp2,6.2,70,9,TATGATGTGCAAGCGCCTCG,61,2484495
mhpRp2,6.0,68,9,TATCGAAATGACGGTCCAAA,59,2502559
mhpRp2,0.2,10,9,TATCCGTAGTTCCAAAGCAT,1,2522243
mhpRp2,0.2,10,9,TAGGCCGATCCAAGAACGCA,1,2506349
mhpRp2,3.7,45,9,TAGGCAATTAGAAACGCGCA,36,2488510
mhpRp2,5.1,59,9,TAGGAGAACGCCAGACATGT,50,2491929
mhpRp2,7.1,79,9,TAGAAGGCTGTTTCAAAGGT,70,2500296
mhpRp2,5.5,63,9,TACTTTATCGTACACGTTCC,54,2512962
mhpRp2,7.0,78,9,TACGTCAAGAGACGCTCTTC,69,2533584
mhpRp2,4.8,56,9,TACGCGAGGATGTTGGTTGA,47,2505383
mhpRp2,6.0,68,9,TACCATATCCCGGCAGTCCA,59,2489501
mhpRp2,0.2,10,9,TAAGCTGAGGTCTTGTACAA,1,2483849
mhpRp2,27.6,284,9,TAAATGCATATACGCAAGTA,275,2499594
mhpRp2,6.9,77,9,TAAAAGGTAGGATGGGCTCA,68,2539310
mhpRp2,4.1,49,9,GTTGTTCAGGACTAGCAGTG,40,2537353
mhpRp2,5.7,65,9,GTTGTGCACGCGCTGCTGAT,56,2479981
mhpRp2,0.2,10,9,GTGTTGACGATCTCGAGGGT,1,2510872
mhpRp2,10.6,114,9,GTCGCGTTCGATCATTGCGA,105,2539275
mhpRp2,6.2,70,9,GTCCAGATATCGCTTACTTT,61,2508889
mhpRp2,6.2,70,9,GTCAGCTGATCTCACGCTGG,61,2541126
mhpRp2,4.0,48,9,GTCAGAGTCTGGCTCTGTTG,39,2542469
mhpRp2,7.6,84,9,GTAAGTGGGTGATCCGTACA,75,2480176
mhpRp2,5.5,63,9,GTAAGATATAAGAGCAAAAA,54,2531992
mhpRp2,6.9,77,9,GGTTCATAGTAGACGACGAA,68,2519538
mhpRp2,6.4,72,9,GGTCTAGGCCTCGATCTAGT,63,2515200
mhpRp2,5.3,61,9,GGGATTCATCGGGCCATGAA,52,2508116
mhpRp2,0.2,10,9,GGCTGGCAACGACAGACGTG,1,2479667
mhpRp2,6.4,72,9,GGCGGTACGCGTCCCCCAAA,63,2480388
mhpRp2,11.0,118,9,GGCGATTTGATTGCAGCTAG,109,2500901
mhpRp2,3.5,43,9,GGATCATGTAAAGCGACTCG,34,2517822
mhpRp2,4.9,57,9,GCTTCCTACCACCGACCCCT,48,2491350
mhpRp2,3.9,47,9,GCTGTTCTGAGAACCTGTGG,38,2512173
mhpRp2,11.7,125,9,GCTGCAACCCAGACCGTAAA,116,2479784
mhpRp2,6.8,76,9,GCTCTTACTGCATGTGCAAA,67,2486890
mhpRp2,0.2,10,9,GCCGTAGCGCTCACGATGCA,1,2516666
mhpRp2,0.2,10,9,GCCGAGCCGGACAGACAAAT,1,2530183
mhpRp2,3.0,38,9,GCCAATCTGCGTGATTGGCT,29,2541578
mhpRp2,5.0,58,9,GCATCCAGCCACTCTAGTGG,49,2515267
mhpRp2,7.3,81,9,GATCAAATAGCGGCATGCAG,72,2497806
mhpRp2,8.9,97,9,GAGTGGGAATACAATGTCTA,88,2514242
mhpRp2,8.5,93,9,GAGTACTATTCACGGTAGAT,84,2532225
mhpRp2,4.6,54,9,GAGGCGGTTCCACGGACTGT,45,2532164
mhpRp2,6.6,74,9,GAGGATAGGATTTCGTAGTA,65,2487968
mhpRp2,11.6,124,9,GAGCGAAACTAAGGAATATG,115,2527689
mhpRp2,5.1,59,9,GAGATGTGAGAGTTTGGTCT,50,2527354
mhpRp2,16.2,170,9,GACCAGCTGTTACTAAGCGA,161,2517237
mhpRp2,0.2,10,9,GAACGCAGCGACGTAGATTT,1,2483964
mhpRp2,5.1,59,9,GAACCCTGCAGTTGGAGCTC,50,2500957
mhpRp2,6.7,75,9,GAAACTTAGTCGCAACAGTT,66,2539941
mhpRp2,7.1,79,9,GAAACGGCGCCTTGTTACAA,70,2537587
mhpRp2,5.7,65,9,GAAAAGGTCAACCGCCGCGT,56,2522147
mhpRp2,9.9,107,9,CTTACAACTGTAATTTACGA,98,2482158
mhpRp2,5.7,65,9,CTCCGTGCGCGCAGATCAGT,56,2542941
mhpRp2,7.0,78,9,CTCATTGTAGAAATATGTTT,69,2510326
mhpRp2,5.3,61,9,CTATGTCGCAAGCGCATCCT,52,2484376
mhpRp2,3.4,42,9,CTATAAACGCTGGGGTCGCG,33,2529552
mhpRp2,0.2,10,9,CTACCGGGTGATATTTAGGT,1,2490447
mhpRp2,5.0,58,9,CTAAGGGGCCTGATCGCAGG,49,2544740
mhpRp2,5.3,61,9,CTAACTCCCGTTGTGGTCCT,52,2524640
mhpRp2,0.2,10,9,CGTTCGCCAAAAGTCTCTTA,1,2482066
mhpRp2,5.9,67,9,CGTGGCTTTATTGACGAGAT,58,2514974
mhpRp2,7.5,83,9,CGTATGTCGGGTTCGTCTCT,74,2542807
mhpRp2,6.7,75,9,CGGGCCCGAACAGCCGGCAT,66,2512644
mhpRp2,5.9,67,9,CGGCTATGGATCGGCTGTCC,58,2492412
mhpRp2,0.2,10,9,CGCCAGTGGGATGCAGAGAG,1,2522120
mhpRp2,8.0,88,9,CGAGAGTTTAAGTCCCTTCG,79,2481355
mhpRp2,5.0,58,9,CCTTAACTCAGCAGTCCTTA,49,2498733
mhpRp2,6.9,77,9,CCTGCAATTATTACACCTTA,68,2531077
mhpRp2,19.9,207,9,CCTCTGCTTCAAGTAACATG,198,2520167
mhpRp2,0.2,10,9,CCTACACCACTCTGGTCCAC,1,2492787
mhpRp2,6.1,69,9,CCTAAACGGTCCATTTGTGA,60,2527108
mhpRp2,0.2,10,9,CCGTGCTATCTCACAGGTCC,1,2507590
mhpRp2,4.5,53,9,CCGCATTCAAAATGCGGTAA,44,2524719
mhpRp2,11.9,127,9,CCGACGAGAAGAGTTCACGT,118,2502495
mhpRp2,9.2,100,9,CCGAACTATAACGAACAGAG,91,2507129
mhpRp2,0.2,10,9,CCCTTAGCAGCTCATTTGAG,1,2492934
mhpRp2,7.5,83,9,CCCGATATATGTATAAAGTT,74,2494674
mhpRp2,4.1,49,9,CCAGAGTTAAACCCGAAGTT,40,2544694
mhpRp2,7.1,79,9,CCAATGACCCAACAGTATGC,70,2531209
mhpRp2,4.5,53,9,CATTGGGGGAGGGTCGCATA,44,2509147
mhpRp2,6.9,77,9,CATCCTGAAGATCAGACCTC,68,2509876
mhpRp2,9.6,104,9,CATAGTTGTGTTCGTAATAT,95,2484673
mhpRp2,6.2,70,9,CAGTAAGTATTTCGGAATTT,61,2506671
mhpRp2,6.2,70,9,CAGGTCGAGTGGCGTCGGCA,61,2497665
mhpRp2,11.9,127,9,CAGCGACCAGTGTTTGCCTT,118,2537102
mhpRp2,7.9,87,9,CACACAGGCCTAAATACAAC,78,2503900
mhpRp2,10.1,109,9,CAATAGCCGACCACCATTGC,100,2535062
mhpRp2,12.5,133,9,CAACAAGCATTTTAGTCAGA,124,2517219
mhpRp2,0.2,10,9,CAACAAATAGCGTATAGACG,1,2532273
mhpRp2,5.7,65,9,ATTTTGATACGCCCTGTGGC,56,2494733
mhpRp2,6.5,73,9,ATTTGCAGGCAAGCGGCTTC,64,2500969
mhpRp2,8.2,90,9,ATTCATACTCAGGAAGCCTT,81,2507698
mhpRp2,5.7,65,9,ATTATCTATTCAACTACGGG,56,2530350
mhpRp2,35.5,363,9,ATTACAATACTCGTATCCCC,354,2505411
mhpRp2,9.2,100,9,ATGTTATGAGGAGAAGGAGA,91,2533482
mhpRp2,6.9,77,9,ATGGGCCGTTCAGTAACTTA,68,2518370
mhpRp2,4.6,54,9,ATCTAGCGCCGCTCCGGCCT,45,2509654
mhpRp2,9.5,103,9,ATCCGCGGTGTAGCCGTCTC,94,2540822
mhpRp2,11.3,121,9,ATCCCGCAAAGTGCTCACGG,112,2491721
mhpRp2,0.2,10,9,ATAATATTGGGTATAAAATG,1,2494561
mhpRp2,11.8,126,9,AGTTGGACTCGTTTGCACGA,117,2513599
mhpRp2,6.2,70,9,AGTGTCACTCTCGCAGGTAT,61,2525887
mhpRp2,4.8,56,9,AGTCCCATTGAGATGTGGCA,47,2529515
mhpRp2,7.1,79,9,AGTAGTACCGGTGAAAACGT,70,2497571
mhpRp2,3.5,43,9,AGGTGCTGCAACGCATCTTA,34,2541756
mhpRp2,6.2,70,9,AGGGCATTGGCACGGGCTCG,61,2542075
mhpRp2,10.8,116,9,AGGGAGTTACGCTTTAAAGT,107,2533712
mhpRp2,5.9,67,9,AGGCCGGTGCTAAACATGCA,58,2510947
mhpRp2,3.9,47,9,AGGCAGGGGAGGAGCAGGCT,38,2496092
mhpRp2,4.3,51,9,AGGCACTTGTCGTTGGTAGG,42,2493247
mhpRp2,6.3,71,9,AGCGTGCGAGGTGCGACAGG,62,2494326
mhpRp2,6.1,69,9,AGCCTTTAGTAAGGCAATGA,60,2531796
mhpRp2,0.5,13,9,AGCCCGGAAGACTTGTAAGA,4,2485403
mhpRp2,5.7,65,9,AGAATGGTCGTTAGTGACGG,56,2503531
mhpRp2,5.2,60,9,AGAATGCACTTGATCGCAGT,51,2529233
mhpRp2,14.4,152,9,AGAAGGTTCTTTACCAGTCC,143,2520803
mhpRp2,5.5,63,9,ACTGGGCTAAAGTTCGTTCC,54,2501906
mhpRp2,0.4,12,9,ACTGCGGGGAAGACTATTGA,3,2485991
mhpRp2,2.1,29,9,ACTATCTGTCTTTTAACAAA,20,2510681
mhpRp2,5.8,66,9,ACGGTAATATTGATAGCCAA,57,2524520
mhpRp2,0.2,10,9,ACGCCCCATAAGGAGTGGCA,1,2494124
mhpRp2,7.4,82,9,ACGCCCACATCGCGTGAAAT,73,2501648
mhpRp2,7.6,84,9,ACGATGGTACATTGTAGTCA,75,2488920
mhpRp2,0.2,10,9,ACGAATTGGTGAGACAATGT,1,2490870
mhpRp2,8.0,88,9,ACCGCGATTCAATGGTGGTA,79,2508561
mhpRp2,17.4,182,9,ACCCAACGAGTCGTAACGTC,173,2503196
mhpRp2,8.6,94,9,ACCAGATGCGTGCGAACCTA,85,2488681
mhpRp2,18.7,195,9,ACAGTCCTCAGATGGAAATA,186,2495980
mhpRp2,4.2,50,9,ACAGAAGGGAAGAACGCATT,41,2511396
mhpRp2,0.2,10,9,ACAATTAGCATAGCGTAGTC,1,2515369
mhpRp2,31.5,323,9,AATTCGGGCTTAAGCCTAGG,314,2483818
mhpRp2,5.6,64,9,AATGGGCGGTGGAGAACGTC,55,2531119
mhpRp2,5.0,58,9,AATCGCCCTATGGAGGGCCC,49,2537037
mhpRp2,1.4,22,9,AATACCATGTAGTGCGTGTA,13,2501584
mhpRp2,0.2,10,9,AATAATGTCCTGGGGGGCAA,1,2526190
mhpRp2,9.3,101,9,AAGTCTTCGAGAGGTGTCGC,92,2490164
mhpRp2,6.7,75,9,AACTTCAACCCGTCTTCATC,66,2507169
mhpRp2,6.5,73,9,AACGATCACGCGACTAATTG,64,2507584
mhpRp2,5.3,61,9,AACACGTAGGGCTTTGTGAA,52,2519697
mhpRp2,8.0,88,9,AAATGTCACCTTTCGTCTTG,79,2535137
mhpRp2,5.3,61,9,AAAACCACGGGTAGCATAGC,52,2513149
mhpRp2,7.555555555555555,75,8,TTTGTACCCTCAGCTATCCA,67,2535940
mhpRp2,7.222222222222222,72,8,TTTGGTCCCAGTAGCACAGT,64,2484308
mhpRp2,2.2222222222222223,27,8,TTTGCAGCAGGGAGGGGGGA,19,2520952
mhpRp2,6.777777777777778,68,8,TTTATCACTCAAGGTGTGCA,60,2538642
mhpRp2,5.777777777777778,59,8,TTGTGTAAACGCCCTGTCGT,51,2498518
mhpRp2,5.666666666666667,58,8,TTGCTAATACAACCGGCTAG,50,2511776
mhpRp2,6.666666666666667,67,8,TTGCGGAATTCGGACCGGCT,59,2508615
mhpRp2,8.0,79,8,TTGCACATCAATGTGAGACA,71,2537831
mhpRp2,10.222222222222221,99,8,TTCTGTGCTTCCGTAGACTT,91,2537451
mhpRp2,7.0,70,8,TTCTACCTCTCGCACCGTTT,62,2484649
mhpRp2,7.0,70,8,TTATATTCAGACGTTGATTT,62,2517234
mhpRp2,5.444444444444445,56,8,TTAGTGTTCGGGTGCATTAG,48,2544470
mhpRp2,9.444444444444445,92,8,TTACGAATATCATTTACCAT,84,2488836
mhpRp2,5.888888888888889,60,8,TTAATGCACGGGAACGATAG,52,2502012
mhpRp2,17.333333333333332,163,8,TGTTACAAAACTGCTTATAA,155,2525602
mhpRp2,7.666666666666667,76,8,TGGCGGAGTTCAATACTTAT,68,2506160
mhpRp2,11.444444444444445,110,8,TGCTCTACCTACATTGCGGA,102,2523070
mhpRp2,3.888888888888889,42,8,TGCGTGGTCGTCATCACCCT,34,2513334
mhpRp2,0.2222222222222222,9,8,TGCGGGATTGAGAGCCTCGA,1,2508704
mhpRp2,0.2222222222222222,9,8,TGCCACGCCAAGCCCAGCTT,1,2500888
mhpRp2,3.5555555555555554,39,8,TGCAAGTGTAATCCGAGTGA,31,2500711
mhpRp2,12.88888888888889,123,8,TGATTCATCGTGAGGCTAAG,115,2506311
mhpRp2,9.666666666666666,94,8,TGATGTTGTTGCTCGTTAAA,86,2498668
mhpRp2,6.444444444444445,65,8,TGATACATCACGGTCTTGTC,57,2486708
mhpRp2,6.777777777777778,68,8,TGAGCAAGCTCAAGTGGGTT,60,2513756
mhpRp2,9.333333333333334,91,8,TGACTCTAGTAGAATACTGA,83,2502445
mhpRp2,6.111111111111111,62,8,TCTGGGCTAGTGACGGCTAT,54,2505369
mhpRp2,0.2222222222222222,9,8,TCTCTGAACGCGATGAGTGT,1,2508447
mhpRp2,7.333333333333333,73,8,TCGTAAATAGGTGAAATACA,65,2483435
mhpRp2,5.444444444444445,56,8,TCGCATTGCGAAACATCTCA,48,2506487
mhpRp2,8.666666666666666,85,8,TCCCTTTGATCATCTTTGAG,77,2523845
mhpRp2,0.2222222222222222,9,8,TCCCGGGGATCACTCGGACA,1,2525804
mhpRp2,1.2222222222222223,18,8,TCACAGATTACCCGCTCTGT,10,2516436
mhpRp2,7.444444444444445,74,8,TATTGTAGATTTTATCGTAA,66,2510683
mhpRp2,10.777777777777779,104,8,TATCGATGGAGGTTATTTCT,96,2510077
mhpRp2,0.2222222222222222,9,8,TATAACCCCTAGAGCTGTAT,1,2506410
mhpRp2,0.2222222222222222,9,8,TAGCTACATCCATCCACTCC,1,2507154
mhpRp2,0.2222222222222222,9,8,TAGACGGAACTGTGACTCTA,1,2489825
mhpRp2,0.2222222222222222,9,8,TACGGTCGCACACAAACCCC,1,2525573
mhpRp2,1.0,16,8,TACGACGAAGTCCAGTCCCA,8,2543287
mhpRp2,43.44444444444444,398,8,TAATAGCAGAATGGCGTGTG,390,2540318
mhpRp2,7.666666666666667,76,8,TAAGTCATCCGGGTAAGTCA,68,2537471
mhpRp2,14.222222222222221,135,8,TAAGCGATCGATCCCTCATT,127,2510045
mhpRp2,4.555555555555555,48,8,TAACTCGTCAGAATAGACTA,40,2520076
mhpRp2,0.2222222222222222,9,8,GTTTGATGCCGGCTGTAACT,1,2502658
mhpRp2,0.2222222222222222,9,8,GTTTCTAAGTGCCCGCTAAC,1,2529637
mhpRp2,14.222222222222221,135,8,GTGTTCTGGTCATGCTGTCA,127,2518148
mhpRp2,0.2222222222222222,9,8,GTGTCACAAACAATACGGCC,1,2499957
mhpRp2,0.2222222222222222,9,8,GTGACACCGTTTTTCCTACC,1,2537493
mhpRp2,5.777777777777778,59,8,GTGAACAGTAGGAGTCACGG,51,2482558
mhpRp2,0.2222222222222222,9,8,GTCTGGCGATCAGGGAGCAG,1,2493985
mhpRp2,4.0,43,8,GTCGGGGGTCGGCAAGTCGT,35,2531997
mhpRp2,4.888888888888889,51,8,GTCAAACCCGTACGAGACGG,43,2487584
mhpRp2,7.777777777777778,77,8,GTATATTCGTGATTCTCTTC,69,2510416
mhpRp2,6.111111111111111,62,8,GTACCGAAACCTGGATTTCC,54,2514944
mhpRp2,9.222222222222221,90,8,GTAATTCGCCCACAAGTGAT,82,2488542
mhpRp2,7.444444444444445,74,8,GGTGGTAAAGTAAGGTAATC,66,2512007
mhpRp2,5.777777777777778,59,8,GGTATACCCTATTCCCGTGA,51,2517890
mhpRp2,0.2222222222222222,9,8,GGTAAACTTATGGGGATCGT,1,2497160
mhpRp2,2.5555555555555554,30,8,GGGTTCGAAGATAGTTTAGC,22,2484082
mhpRp2,6.111111111111111,62,8,GGGTGGTGTGTACTGTTTGT,54,2492928
mhpRp2,2.5555555555555554,30,8,GGGTAGCTCAGACCTTGCTG,22,2479938
mhpRp2,6.777777777777778,68,8,GGGCACTGTCTATATGATGA,60,2516551
mhpRp2,5.666666666666667,58,8,GGCTGCTACTCACACGAAAT,50,2540340
mhpRp2,5.333333333333333,55,8,GGCGTTTGAGCAACAATTGA,47,2517783
mhpRp2,0.2222222222222222,9,8,GGCGGTGCAGCTCAGACCAC,1,2531685
mhpRp2,5.555555555555555,57,8,GGCGCAATCGGTCGCGAAAG,49,2490056
mhpRp2,10.333333333333334,100,8,GGCCCTGTTGCTACGATAGT,92,2532749
mhpRp2,0.2222222222222222,9,8,GGATTTAGACTGGCCTCGGT,1,2543244
mhpRp2,7.777777777777778,77,8,GGAAGGAGGGAATTGGGGTC,69,2529961
mhpRp2,7.111111111111111,71,8,GGAACCATCCGCTGATTTGT,63,2524427
mhpRp2,5.777777777777778,59,8,GCTCTATAATGCGTTGGAAG,51,2505268
mhpRp2,4.0,43,8,GCTCTACGATCCATAAGTGT,35,2527693
mhpRp2,12.11111111111111,116,8,GCTCCTGCACCCGAATGTAC,108,2495554
mhpRp2,5.444444444444445,56,8,GCTCACATGTCCAAGATCCG,48,2537433
mhpRp2,4.111111111111111,44,8,GCGTCCTAAAGTCGCGTGGC,36,2490120
mhpRp2,6.666666666666667,67,8,GCGCGGATCAAGCAATCGTA,59,2503817
mhpRp2,4.222222222222222,45,8,GCCGCACTTTTCTACCTCGG,37,2482588
mhpRp2,5.666666666666667,58,8,GCCCGTCAAGAAGCATATAG,50,2528783
mhpRp2,0.3333333333333333,10,8,GCCACGCAATGACGCTGTTA,2,2536958
mhpRp2,11.555555555555555,111,8,GCCACCGTTGCTGCCACCTA,103,2545032
mhpRp2,4.0,43,8,GCAGGCCGAGTGGAAAATGG,35,2511155
mhpRp2,6.444444444444445,65,8,GCAGACTGCCCAGCTTCACT,57,2482044
mhpRp2,0.2222222222222222,9,8,GATGGGTGCCAGCAGAGATA,1,2492429
mhpRp2,6.333333333333333,64,8,GATAGCCTCATCCAAATCCA,56,2493195
mhpRp2,4.444444444444445,47,8,GATACCCCGAATGGTGCCCA,39,2525904
mhpRp2,0.2222222222222222,9,8,GAGTGATCGCGTAACGGGGG,1,2490699
mhpRp2,5.333333333333333,55,8,GAGTCCAGGCTTGGCAACGC,47,2520304
mhpRp2,7.555555555555555,75,8,GAGTCAGCAATGACTTAAAT,67,2497243
mhpRp2,6.0,61,8,GAGGACGATTCGATCCATGA,53,2522140
mhpRp2,6.666666666666667,67,8,GACCTCCCAGGAACCGACGA,59,2491927
mhpRp2,8.333333333333334,82,8,GACCTCAGAGGAAAGGATCT,74,2500228
mhpRp2,8.777777777777779,86,8,GACAGCCACCATATATTAAT,78,2517498
mhpRp2,11.0,106,8,GAAAGTGTTGCGCATTTGTA,98,2496091
mhpRp2,8.777777777777779,86,8,CTTTGACTGAGTTTCCTGAG,78,2526393
mhpRp2,9.0,88,8,CTTGCTGTAAGGATTGTTTC,80,2540077
mhpRp2,0.2222222222222222,9,8,CTTGACGCTGTGACGAAGCG,1,2535478
mhpRp2,5.888888888888889,60,8,CTGTCGCCGCGGTAGGTAGG,52,2525366
mhpRp2,31.0,286,8,CTGTAGGTTGGCCAGGGTAT,278,2517228
mhpRp2,6.777777777777778,68,8,CTGACCAACCCTACGAGGAG,60,2485147
mhpRp2,5.555555555555555,57,8,CTCGCCTACCCTCAAGTCTT,49,2482178
mhpRp2,8.222222222222221,81,8,CTACTGATTTTCGGGCGCAG,73,2535882
mhpRp2,4.666666666666667,49,8,CTACAAATCCAGGACATAAG,41,2479843
mhpRp2,8.11111111111111,80,8,CGTCCACCTCGTTAGAAACA,72,2516620
mhpRp2,5.222222222222222,54,8,CGTATGGGAACCGTCAACCA,46,2505190
mhpRp2,5.666666666666667,58,8,CGTAATACATCGCGGCCTCT,50,2516138
mhpRp2,0.3333333333333333,10,8,CGGGCGTGCGATTGCTTGTT,2,2535789
mhpRp2,0.2222222222222222,9,8,CGGCTATCGTTTATTACTCT,1,2515926
mhpRp2,3.6666666666666665,40,8,CGGCGGGCGAATGAATTCGC,32,2513507
mhpRp2,8.0,79,8,CGGAGTGAAAGGTGGGCAGA,71,2541389
mhpRp2,3.6666666666666665,40,8,CCTGGTCCCTGAAACCTGAT,32,2539624
mhpRp2,7.777777777777778,77,8,CCGTCTCCAGACTAACTTGG,69,2511279
mhpRp2,0.2222222222222222,9,8,CCGTAAGCTTGATACCGCGG,1,2515107
mhpRp2,0.2222222222222222,9,8,CCGGTCTCACGGGTGCTCTA,1,2530053
mhpRp2,5.777777777777778,59,8,CCGGTATCGGATCTGCCTGA,51,2519708
mhpRp2,7.444444444444445,74,8,CCGCCACATATTGCCAGTGG,66,2530157
mhpRp2,10.11111111111111,98,8,CCCTGGGGACCGGGATGCAA,90,2534088
mhpRp2,8.444444444444445,83,8,CCCTAGACGTTAATTGAGTA,75,2542095
mhpRp2,5.777777777777778,59,8,CCCCTGGCGCCTGGGCTCAA,51,2480645
mhpRp2,5.888888888888889,60,8,CCCCGGTGCAGTGAACGTTC,52,2538008
mhpRp2,6.333333333333333,64,8,CCATGCCACCCGATCCGTCG,56,2514172
mhpRp2,20.0,187,8,CATTCTATCCTAAAATAGAG,179,2480591
mhpRp2,0.2222222222222222,9,8,CATCGGTAAGGGACTGGAGG,1,2487966
mhpRp2,6.0,61,8,CATCCCGGCGTACGGGCGCA,53,2518348
mhpRp2,0.2222222222222222,9,8,CATAGTTCAGTCCAACTTTA,1,2493643
mhpRp2,3.3333333333333335,37,8,CATAGTGTACGTGGCCAGCT,29,2533379
mhpRp2,7.555555555555555,75,8,CATAGCATGAGGGCACACCA,67,2513956
mhpRp2,6.333333333333333,64,8,CATAAGAATTGACTAAACTG,56,2495179
mhpRp2,13.0,124,8,CAGTTGATCTAGTTGTTATA,116,2487396
mhpRp2,5.888888888888889,60,8,CAGCCAGAAATACTCTCGCT,52,2481150
mhpRp2,7.666666666666667,76,8,CACTGCCACATCGTGATACA,68,2527697
mhpRp2,11.444444444444445,110,8,CACGGTCAGTATCCCCCACA,102,2531743
mhpRp2,7.0,70,8,CACGATGCGTGAATGTACAC,62,2514639
mhpRp2,4.444444444444445,47,8,CACGAACTCGATTAGTGATC,39,2481195
mhpRp2,10.666666666666666,103,8,CACACTGGCAGTCCTCAGAA,95,2512299
mhpRp2,8.88888888888889,87,8,CAAGGTACGGCCTGCGAGGC,79,2507981
mhpRp2,3.111111111111111,35,8,ATTCGCGACTCGTGGTAAGG,27,2535012
mhpRp2,2.7777777777777777,32,8,ATTATGGTGCCGCTACACTA,24,2511466
mhpRp2,7.666666666666667,76,8,ATTACTAGGAAGGTGTAAAA,68,2531597
mhpRp2,4.888888888888889,51,8,ATTACGTTGCCGATTCGGAG,43,2527649
mhpRp2,6.444444444444445,65,8,ATTACAGGGTAGTATTCCGT,57,2535807
mhpRp2,3.3333333333333335,37,8,ATGTGGTTCGGGATGGTTCC,29,2543475
mhpRp2,7.222222222222222,72,8,ATGGATCTGATATGTGGCCA,64,2514132
mhpRp2,0.2222222222222222,9,8,ATGAACCCATGGTGTTGCTC,1,2480294
mhpRp2,0.2222222222222222,9,8,ATGAAACGGGCCGTAATGAC,1,2523727
mhpRp2,5.0,52,8,ATCACCGACCTCTCAGACGT,44,2488492
mhpRp2,8.0,79,8,ATCACATACTAAGTATGTTG,71,2516133
mhpRp2,5.888888888888889,60,8,ATCAACCTTGATTTCACTGT,52,2540966
mhpRp2,6.666666666666667,67,8,ATAATAATGGTATGGAGGAT,59,2510318
mhpRp2,0.3333333333333333,10,8,AGTTTGAGTACTCGTCTCGA,2,2519507
mhpRp2,0.2222222222222222,9,8,AGTTCCCGCGATATGGGGCG,1,2521746
mhpRp2,9.222222222222221,90,8,AGTTATGCATGGCAGAAGAG,82,2490146
mhpRp2,8.333333333333334,82,8,AGTGGAGGAATACTAGAAGC,74,2514827
mhpRp2,7.111111111111111,71,8,AGTCACCATGTCACGTTATG,63,2537886
mhpRp2,8.777777777777779,86,8,AGGTGATGCGTCTAGCGGGA,78,2505990
mhpRp2,0.3333333333333333,10,8,AGGGGTTTGTTTCAGCTTGA,2,2534373
mhpRp2,13.333333333333334,127,8,AGCTACATTCCGAGGTCTTT,119,2538973
mhpRp2,17.666666666666668,166,8,AGCTAACAAGTCAGGTGGAT,158,2517226
mhpRp2,4.888888888888889,51,8,AGATGGCCAGATCGTACTCA,43,2501883
mhpRp2,7.111111111111111,71,8,ACTGACGCAGGAATGCCACG,63,2511786
mhpRp2,6.444444444444445,65,8,ACTCCGTATCAAGGTCCACA,57,2501553
mhpRp2,0.2222222222222222,9,8,ACTAAGGAACTACCACGTGA,1,2512136
mhpRp2,7.666666666666667,76,8,ACGGGTATCTAGGGACGCAA,68,2496858
mhpRp2,6.222222222222222,63,8,ACGGGCATGGGTAAGCCGCG,55,2504863
mhpRp2,6.555555555555555,66,8,ACGGCATGGCATGGGCTTGA,58,2505561
mhpRp2,5.333333333333333,55,8,ACCGCTCATAAGACATGAGT,47,2493837
mhpRp2,6.333333333333333,64,8,ACCCTTTCCCCAGGGTTATT,56,2494976
mhpRp2,13.88888888888889,132,8,ACATCTGTTATAGATAACGA,124,2526723
mhpRp2,13.444444444444445,128,8,ACAGTGAGATCGGCCTGCTC,120,2496683
mhpRp2,9.777777777777779,95,8,ACAATCTCTACTCGGACGAC,87,2509781
mhpRp2,0.2222222222222222,9,8,AATGGTAGCCGGCTGATCCC,1,2520464
mhpRp2,0.2222222222222222,9,8,AATCCTTTGATAGTTAGAGG,1,2487962
mhpRp2,10.555555555555555,102,8,AAGTCCGTCGTCAAAGGCCC,94,2529120
mhpRp2,7.888888888888889,78,8,AAGTAGGCAATCGCAAGTAT,70,2504759
mhpRp2,3.2222222222222223,36,8,AAGGAGTTCCGTTGAAATGT,28,2514449
mhpRp2,0.2222222222222222,9,8,AAGATGGCGTCAGCCGGATA,1,2527814
mhpRp2,0.2222222222222222,9,8,AACTTGTTTTTGGTAGAGGA,1,2482508
mhpRp2,8.222222222222221,81,8,AACTGCCCAGTTCACTGAGT,73,2491666
mhpRp2,6.111111111111111,62,8,AAAGCGGTATAAACAGGCAT,54,2514005
mhpRp2,17.88888888888889,168,8,AAACGTATTTCTATCCTACA,160,2514988
mhpRp2,6.222222222222222,63,8,AAAAGGACGGTAACGTGGAC,55,2500078
mhpRp2,5.111111111111111,53,8,AAAAGACAGCACTATCTATT,45,2488582
mhpRp2,20.22222222222222,189,8,AAAACGGTGTGCACCCTACA,181,2494974
mhpRp2,0.25,8,7,TTTTGTTGAGAAGAGGTCAC,1,2541327
mhpRp2,0.375,9,7,TTTGTCGATTTTTTGTGTCG,2,2540681
mhpRp2,0.25,8,7,TTTGGACCTGGAAAATACCC,1,2489491
mhpRp2,8.375,73,7,TTTGATAAGCGCAAATCTAC,66,2513817
mhpRp2,6.625,59,7,TTTACCATGGCGTTGCAAGA,52,2500419
mhpRp2,10.625,91,7,TTGGTGATATACAGGCAGTA,84,2533585
mhpRp2,7.0,62,7,TTGGCTGGACAGGTTATAAC,55,2483367
mhpRp2,0.25,8,7,TTGGACTGTGATGGACGTGT,1,2507641
mhpRp2,7.5,66,7,TTGCTAGACGCCAACCAGAT,59,2510213
mhpRp2,9.125,79,7,TTCTAGTCCAAGCTGCTAGC,72,2505636
mhpRp2,8.5,74,7,TTATGTTTTGAGAGGGTGTC,67,2481187
mhpRp2,7.75,68,7,TTATATTAGAGTATCTATTG,61,2512017
mhpRp2,7.375,65,7,TTAAAAGGACAGAACGATGG,58,2521657
mhpRp2,4.125,39,7,TGTTATCAGAGGTAGGCCCC,32,2517788
mhpRp2,6.5,58,7,TGTGGCGATTCAAGCAGCTC,51,2496341
mhpRp2,12.875,109,7,TGGTGGATGTTATGGAACGG,102,2491430
mhpRp2,6.875,61,7,TGCGATTGCCCAAGGGTTAG,54,2545835
mhpRp2,5.125,47,7,TGCGAGGCACAACCACTTAT,40,2488551
mhpRp2,8.875,77,7,TGATGCGCTTGTACAAATGG,70,2527991
mhpRp2,19.75,164,7,TCTTGCTAGTGCCGTGGCAT,157,2525771
mhpRp2,16.875,141,7,TCTTCAGAGTCTGGGAACTG,134,2481149
mhpRp2,6.875,61,7,TCTTCAACCCCAGTAGGATG,54,2483959
mhpRp2,6.125,55,7,TCTAGGTGCGGTACCGCGTG,48,2496765
mhpRp2,8.625,75,7,TCTAGACACGTACCGACCTC,68,2485107
mhpRp2,0.25,8,7,TCGTTGTAAGTCCGTATGAA,1,2507099
mhpRp2,16.625,139,7,TCGTATCCGGACTGAAATAG,132,2523890
mhpRp2,0.25,8,7,TCGCGTTCGCAGTTTGCCCT,1,2484713
mhpRp2,3.5,34,7,TCCTTGATGTGTTCGAATGG,27,2540349
mhpRp2,17.75,148,7,TCCTCCTTGTGAGATGTAAG,141,2511485
mhpRp2,0.375,9,7,TCCACCTGTCGGTACTGTAA,2,2520832
mhpRp2,11.25,96,7,TCCAAAACACAACTCCACTA,89,2545105
mhpRp2,8.0,70,7,TCATTGCATAATCGTTGCTA,63,2522617
mhpRp2,0.375,9,7,TCACAGGTTAGAGTTTCCAC,2,2487987
mhpRp2,0.25,8,7,TCAAAGCTGACTTTGCGTGT,1,2513577
mhpRp2,5.75,52,7,TATTGCGAACTCTGCTGTCC,45,2500212
mhpRp2,7.75,68,7,TATGTGCCCAAGAGTATCCA,61,2479979
mhpRp2,7.125,63,7,TATACCGGAGCCATCACACT,56,2516442
mhpRp2,0.5,10,7,TAGCACAGCGTGTGGAACAT,3,2529844
mhpRp2,8.375,73,7,TAGAGTTGTTGTGAGTGTTC,66,2489564
mhpRp2,9.125,79,7,TACTTGGCTGTCACTTGGAT,72,2526720
mhpRp2,0.25,8,7,TACGATCGTTCTGTGGCAGT,1,2530322
mhpRp2,16.125,135,7,TACCCAATGCCGATTTGGCT,128,2517539
mhpRp2,0.25,8,7,TACATGGGGCAGAGAAATAG,1,2507261
mhpRp2,4.625,43,7,TACATATATGAACGTAATAT,36,2533262
mhpRp2,8.875,77,7,TACACCGTCTATCGCTGCTG,70,2536701
mhpRp2,11.0,94,7,TAATGAGTCACTTAGCTCGC,87,2536240
mhpRp2,0.375,9,7,GTTGTGATGTGTATAATTTT,2,2481029
mhpRp2,7.875,69,7,GTTCACTACTTCAATCTGTT,62,2485159
mhpRp2,0.25,8,7,GTTAGCTCGTCGCTTGTTTG,1,2521235
mhpRp2,7.875,69,7,GTGTTTTCGGGCCGCGTAAG,62,2485752
mhpRp2,20.25,168,7,GTGGTGCGACCATCCGTTGG,161,2525864
mhpRp2,3.5,34,7,GTGGGGATACTCAATTTGCA,27,2495496
mhpRp2,8.75,76,7,GTGCGACCTAATGACTAGAA,69,2534701
mhpRp2,7.125,63,7,GTGAACGAATCCGACTAACT,56,2485224
mhpRp2,5.625,51,7,GTCGGACTTGATATGGGACA,44,2521874
mhpRp2,2.5,26,7,GTCATGGTAACTCAGCCCAA,19,2514199
mhpRp2,5.875,53,7,GTCACTACGGCCTGGAGTTT,46,2526084
mhpRp2,4.125,39,7,GTCACCGTGTGGATACGTAG,32,2540418
mhpRp2,0.25,8,7,GTAGTCTACTGCATCTTATT,1,2543911
mhpRp2,6.25,56,7,GTAAGTCTATGGAATCACTA,49,2496396
mhpRp2,7.125,63,7,GGTCACAAGGTTTATTAGTA,56,2527898
mhpRp2,0.25,8,7,GGGGGCCTGATCGAGCTGAT,1,2521656
mhpRp2,0.375,9,7,GGGCCGACCGGAGAGCGCAA,2,2521080
mhpRp2,1.875,21,7,GGCATCTCTCAATTGGGGTA,14,2486870
mhpRp2,5.875,53,7,GGAATCGCCGGAAGGGATAG,46,2521282
mhpRp2,0.25,8,7,GCTTGTGTAGATGGTGGCCC,1,2489544
mhpRp2,10.5,90,7,GCTTACGCCTCAGGAGGATC,83,2480197
mhpRp2,5.5,50,7,GCTCTGGTATTGGAGGTGTC,43,2520231
mhpRp2,8.5,74,7,GCTAGGCAGCCTCCTGAATA,67,2494648
mhpRp2,0.25,8,7,GCTACCATGTAAAGCCCCTT,1,2497323
mhpRp2,5.75,52,7,GCGTGACTCAGATTCCCTTA,45,2500718
mhpRp2,8.625,75,7,GCGCGAGTCCAAGGAGGGAC,68,2516459
mhpRp2,11.125,95,7,GCGAATCGGGGAAATACAAC,88,2545737
mhpRp2,4.5,42,7,GCGAAACAGCGGGGCACATC,35,2517829
mhpRp2,0.25,8,7,GCCCCGACGTGTTAGCGGCA,1,2486248
mhpRp2,9.25,80,7,GCCCAGTTAGTTTATCCCTG,73,2518819
mhpRp2,6.625,59,7,GCAGGGAGTGACGTCGCAGG,52,2505460
mhpRp2,2.75,28,7,GCAGCTGAGGACCATCGCGA,21,2503367
mhpRp2,6.25,56,7,GCAAACAGGATCCGACAAGG,49,2481788
mhpRp2,17.5,146,7,GATTGGAGTCCCGCTTAAGT,139,2536826
mhpRp2,7.625,67,7,GATTGACTTTGACATGACGT,60,2543232
mhpRp2,4.875,45,7,GATCCGGACTTCGTGACGAT,38,2537017
mhpRp2,7.625,67,7,GATCATGGTATGGCAAAACT,60,2514951
mhpRp2,10.125,87,7,GAGTCATGTTAGGACAAGCC,80,2485266
mhpRp2,5.375,49,7,GAGGCAATTTTCCCATCGTG,42,2512270
mhpRp2,7.875,69,7,GAGAGCCAAGTTAGGCATAT,62,2499412
mhpRp2,5.75,52,7,GAGACCGTGCAACGTTTATA,45,2481933
mhpRp2,6.0,54,7,GACGGGGCGGTGCGGAATTG,47,2527918
mhpRp2,9.375,81,7,GACGCCATCCTATCGGTCCA,74,2544998
mhpRp2,4.5,42,7,GACCGGATCGCCAAATCGGA,35,2516445
mhpRp2,9.375,81,7,GAAGTCTACATACGGACTCT,74,2537485
mhpRp2,0.25,8,7,GAACTGCGCGTGACGCTTTA,1,2494430
mhpRp2,7.125,63,7,CTTGATCTAGGGTGTTCGTG,56,2495374
mhpRp2,7.75,68,7,CTGGTTCGTCGGTGATATGA,61,2489745
mhpRp2,8.375,73,7,CTGGTTATTTCGTTGCTGTG,66,2500074
mhpRp2,8.75,76,7,CTGGCTACGTTCTAGGATAG,69,2491622
mhpRp2,6.125,55,7,CTGCATCACCGGTATAAGGG,48,2514447
mhpRp2,0.25,8,7,CTCTCCGAACAGCATTTTCC,1,2537180
mhpRp2,5.0,46,7,CTCTATGCATAGGTGGCGAA,39,2483074
mhpRp2,6.875,61,7,CTCGCTCTCAGTGAGCAGGT,54,2533332
mhpRp2,28.5,234,7,CTCCGCATTTTGATTCCTTA,227,2507670
mhpRp2,6.0,54,7,CTCAGTCGAAAGTGCTCTGG,47,2494309
mhpRp2,0.25,8,7,CTAGGTAAAGCGCACTGTCG,1,2537221
mhpRp2,7.25,64,7,CGTTAAAGCCAAGAAGAGTT,57,2511795
mhpRp2,5.375,49,7,CGTGATAACAAGCTGCCCCA,42,2479670
mhpRp2,0.25,8,7,CGTGACGCCATGGTCCACCA,1,2495054
mhpRp2,0.25,8,7,CGTCAGTACCCCTGTAATAC,1,2497458
mhpRp2,14.375,121,7,CGGGCTCTGTGCGTGGACTG,114,2517218
mhpRp2,17.0,142,7,CGGATCAGTTAGTGTAGACG,135,2531749
mhpRp2,6.0,54,7,CGCTCGGCAAACGCAAGGCT,47,2538253
mhpRp2,0.25,8,7,CGCGGCAATATTACAATCCT,1,2539976
mhpRp2,4.875,45,7,CGCGGACACGGATGTAAGTG,38,2486468
mhpRp2,7.125,63,7,CGATATTGGCCATATATTTA,56,2492983
mhpRp2,0.5,10,7,CGACTCAGCCTAATGGAATG,3,2479567
mhpRp2,11.0,94,7,CCTGAAGAGAAGACTGAATA,87,2517114
mhpRp2,8.75,76,7,CCTCGGTACACTATTCGCTG,69,2515313
mhpRp2,7.875,69,7,CCTCGGCCTTTTGGAGCTTC,62,2533287
mhpRp2,7.875,69,7,CCTCGCCACAGCAAGTTCTG,62,2498766
mhpRp2,6.375,57,7,CCCCGAGTTTTCTTGAGAAG,50,2512321
mhpRp2,0.25,8,7,CCCATTCAAAGTTGCCACTT,1,2521798
mhpRp2,7.125,63,7,CCATTGAATCTGGTGTTCAA,56,2510771
mhpRp2,6.875,61,7,CCAAGTCACAACGATTCCTC,54,2522022
mhpRp2,11.75,100,7,CATTTCATACGCCGCCCTGC,93,2533490
mhpRp2,0.25,8,7,CATTGGCCGCCTTGATATGT,1,2511476
mhpRp2,0.75,12,7,CATTCGTTGGATCGTCGTTG,5,2542939
mhpRp2,0.25,8,7,CATACTGCGGCTATAGTTTT,1,2527175
mhpRp2,5.875,53,7,CATAATCATCGCCACGGCGG,46,2514695
mhpRp2,0.25,8,7,CAGTCTGAGGGGCATTTTAG,1,2529443
mhpRp2,7.0,62,7,CAGCTAAATCCGGTCAGCAA,55,2521591
mhpRp2,4.25,40,7,CAGCAGATAGTGTCCAAGTA,33,2498629
mhpRp2,0.25,8,7,CAGAGTGGTATTCCACGACA,1,2523453
mhpRp2,7.25,64,7,CAATGTGGTGAACGAAGTTA,57,2496220
mhpRp2,7.125,63,7,CAATGGTACCTGATTTGTTC,56,2515667
mhpRp2,7.25,64,7,CAATCTAGCGATAATTGGAG,57,2486200
mhpRp2,0.25,8,7,CAAGGGACTCATCAGACTAT,1,2519855
mhpRp2,0.25,8,7,CAACGCAAGGACGGCAAAAA,1,2512028
mhpRp2,7.375,65,7,ATTGCTACGGGTTCTGGCAT,58,2495673
mhpRp2,0.25,8,7,ATTCAAAATTAGAGGCGAAG,1,2513287
mhpRp2,10.75,92,7,ATTAATACTTATCAACATAA,85,2515784
mhpRp2,8.375,73,7,ATTAAAATCTATTGTATTGC,66,2487017
mhpRp2,11.625,99,7,ATGTGAGATGTATTGTTCAA,92,2488989
mhpRp2,7.375,65,7,ATGTCACTTTCCTTGCTGGT,58,2509917
mhpRp2,0.25,8,7,ATGCCAATTCTGCCAAGAGC,1,2525778
mhpRp2,8.125,71,7,ATCAGGAACGATAATTGGTT,64,2501888
mhpRp2,6.75,60,7,ATAGGCGGACAGATATCGCG,53,2524481
mhpRp2,17.0,142,7,ATAGCATATGTGGTCGATGT,135,2508118
mhpRp2,15.0,126,7,AGGGGCCATGTACCGGGGAC,119,2513103
mhpRp2,8.75,76,7,AGGAGCTTCCCGCCGGTCTG,69,2486514
mhpRp2,4.5,42,7,AGCGCCGTGCCCGCCCACCC,35,2502438
mhpRp2,6.625,59,7,AGATTCTGTCAGCAGAAATT,52,2503657
mhpRp2,11.5,98,7,AGAGATAGAAGTTTACGTAA,91,2500066
mhpRp2,5.25,48,7,AGAACGGTAGAGCCGGCGAA,41,2489506
mhpRp2,13.0,110,7,AGAACGAGACATATCGTGTA,103,2481194
mhpRp2,2.875,29,7,ACTTATAGCCTTAACACAGG,22,2536750
mhpRp2,0.25,8,7,ACTTAGACTCTTCTCACTTT,1,2504782
mhpRp2,18.5,154,7,ACTCTCGGCTTTATTTGACA,147,2506350
mhpRp2,6.875,61,7,ACGTTGCCTCGTGCAGCGCT,54,2525009
mhpRp2,8.375,73,7,ACGCGGAAGGCTCCAGTGGT,66,2525839
mhpRp2,2.25,24,7,ACGATGTCCTTAAGATGTGG,17,2521430
mhpRp2,6.75,60,7,ACGAAGCTGCACTCACCTAT,53,2502187
mhpRp2,3.625,35,7,ACCTGCGAATGTCTGCACAC,28,2514191
mhpRp2,5.75,52,7,ACCGGCACCCATTAATCAAT,45,2495306
mhpRp2,6.25,56,7,ACCGCACCAGGCAATTGGCA,49,2516901
mhpRp2,8.625,75,7,ACCGAACTAGGCAGATAGTT,68,2529677
mhpRp2,12.875,109,7,ACCCGCGTCCAGGTAACCTC,102,2496068
mhpRp2,6.375,57,7,ACCCCGTGGCTGCGACGCTT,50,2520329
mhpRp2,12.625,107,7,ACCATGTTCCAAGGCCGGGT,100,2499595
mhpRp2,0.25,8,7,ACAGGATTTGAGGTTGATAC,1,2514230
mhpRp2,5.875,53,7,AATCGCTACTTAACCGATTC,46,2484714
mhpRp2,8.375,73,7,AATATAGTTAATGCCTTAAT,66,2527682
mhpRp2,16.375,137,7,AAGCCATACGGAGGCTGTAA,130,2480168
mhpRp2,7.75,68,7,AACGTTTTATAGTTCAGATT,61,2489240
mhpRp2,3.25,32,7,AACGTGTCAACCGCTGCTTG,25,2507682
mhpRp2,0.25,8,7,AACCACGACGGGGCGTTGGA,1,2486370
mhpRp2,0.25,8,7,AACAGCGCGCCTTCCTGGCC,1,2533175
mhpRp2,13.875,117,7,AAAATGTGAGAAGGTGCATG,110,2497729
mhpRp2,6.0,47,6,TTTTGTCTGCGCATAGCAGT,41,2512712
mhpRp2,8.285714285714286,63,6,TTTGTCGTCCCGTGGCTGTA,57,2539221
mhpRp2,10.142857142857142,76,6,TTTACTGCAGTTGTCCGTTC,70,2486872
mhpRp2,0.2857142857142857,7,6,TTGGTGAGTGATAAAGATAT,1,2532011
mhpRp2,6.857142857142857,53,6,TTGCTCTCACTGCTTGATCG,47,2544762
mhpRp2,8.285714285714286,63,6,TTGACCTCAGGATCAAAGTC,57,2509486
mhpRp2,0.42857142857142855,8,6,TTCGTGCAACTGTGGCATTC,2,2534534
mhpRp2,9.0,68,6,TTCGACATGTGTTGAGTACT,62,2486311
mhpRp2,17.0,124,6,TTCCCGAAACGCTGGGGTTC,118,2537439
mhpRp2,8.857142857142858,67,6,TTCAGTTCTGCCTCTAGATG,61,2496113
mhpRp2,6.714285714285714,52,6,TTCACCCTCCTCGACCCGGA,46,2519495
mhpRp2,10.142857142857142,76,6,TTCAACGCGTTAAACCCTAT,70,2544274
mhpRp2,6.0,47,6,TTACTACAATTGTGCAGAAC,41,2513661
mhpRp2,8.714285714285714,66,6,TTAAGCGCGCTCCTAAGAGG,60,2520895
mhpRp2,7.428571428571429,57,6,TGTCTTGAACTCTAGAGTCA,51,2538312
mhpRp2,8.0,61,6,TGTACGGTGGTCCGGTTCTC,55,2496660
mhpRp2,9.571428571428571,72,6,TGTAACCACATTGGCAATTC,66,2515657
mhpRp2,1.4285714285714286,15,6,TGGCCGAGAAGCTAGCGTCC,9,2504037
mhpRp2,8.714285714285714,66,6,TGCTACCAAGGCGTACAACC,60,2482304
mhpRp2,8.714285714285714,66,6,TGCACAAAAGGGTCAATATT,60,2537390
mhpRp2,0.2857142857142857,7,6,TGATGTTTGATGCAGCTTAT,1,2486739
mhpRp2,8.142857142857142,62,6,TGAGAACTCACGTGGGTGGT,56,2525953
mhpRp2,0.2857142857142857,7,6,TCTTTACCCGCTGAGAGCCT,1,2489588
mhpRp2,0.2857142857142857,7,6,TCTAGCGGTGCAGCGACTGT,1,2499119
mhpRp2,13.714285714285714,101,6,TCTACTGTTGCACAGGATCG,95,2480643
mhpRp2,17.285714285714285,126,6,TCGTACGATGCTTTGATGGG,120,2522811
mhpRp2,4.0,33,6,TCGGGTGGGAACTCTATGGA,27,2517705
mhpRp2,7.714285714285714,59,6,TCGCTGCATTGGCAACGATG,53,2513373
mhpRp2,10.0,75,6,TCCTTACGTAGTGGAGTTAC,69,2533457
mhpRp2,6.571428571428571,51,6,TCCTCTACCCCCCCATCTGC,45,2509652
mhpRp2,6.428571428571429,50,6,TCCTCCTGGGGACGGTTACT,44,2520243
mhpRp2,5.142857142857143,41,6,TCCATGTCTCGCAGGCCCAT,35,2495982
mhpRp2,9.571428571428571,72,6,TCATCATAGTAAAAGTGAAT,66,2535038
mhpRp2,7.714285714285714,59,6,TCACATCGCTGTGATTGGAT,53,2541581
mhpRp2,7.285714285714286,56,6,TCACAGGTGGTTGACCCCAC,50,2496659
mhpRp2,7.857142857142857,60,6,TATTCCAGAGACCTGACGGC,54,2492569
mhpRp2,6.428571428571429,50,6,TATGCGTGCCTGGCCCCGAT,44,2480631
mhpRp2,10.714285714285714,80,6,TATAGCTATGCGAAGCGAGG,74,2537245
mhpRp2,0.2857142857142857,7,6,TAGGCAAAGTTTACATTACT,1,2545411
mhpRp2,11.428571428571429,85,6,TAGCATAGGAATTCGACGAT,79,2534454
mhpRp2,28.0,201,6,TACGATCTGATAGTCAACGA,195,2486300
mhpRp2,7.428571428571429,57,6,TACCTTCACATGTAATCTGA,51,2542756
mhpRp2,9.857142857142858,74,6,TAATCTCGATCAGGTGTATA,68,2511705
mhpRp2,7.142857142857143,55,6,TAAGGGGTACGGATTTCCTC,49,2482211
mhpRp2,0.2857142857142857,7,6,TAACTCCTAAAGTCAGAATA,1,2494297
mhpRp2,6.714285714285714,52,6,GTTTATGTGACCGCGAACGT,46,2540844
mhpRp2,9.0,68,6,GTTTACTTCTGCCGTGACGT,62,2506703
mhpRp2,8.428571428571429,64,6,GTTCTCAGGAATGCCTATAA,58,2492487
mhpRp2,17.428571428571427,127,6,GTTCACGGCGATTCAGAAAC,121,2526339
mhpRp2,0.2857142857142857,7,6,GTTATTAGGCTTACGATGAG,1,2525227
mhpRp2,8.857142857142858,67,6,GTGGGGGCGTAGTTTAGTTA,61,2481206
mhpRp2,12.285714285714286,91,6,GTGGGAACATTAACTCATGG,85,2528942
mhpRp2,0.42857142857142855,8,6,GTGATTTACTCACCTCTTGA,2,2493456
mhpRp2,7.142857142857143,55,6,GTGACTCGGTGTTTTTGCAG,49,2488927
mhpRp2,7.571428571428571,58,6,GTCTTACCGGTGCTGATCAC,52,2494200
mhpRp2,7.0,54,6,GTCGGACAGAAGACTTTTGT,48,2509889
mhpRp2,3.857142857142857,32,6,GTCAGGCCACTGGTGCTGAG,26,2522405
mhpRp2,0.2857142857142857,7,6,GTATACGCGGGCTAAACTCG,1,2527269
mhpRp2,8.0,61,6,GGTTTTTCGACTGAATGGTC,55,2499699
mhpRp2,9.0,68,6,GGTTATTTGGCGGGGCTGAT,62,2484366
mhpRp2,7.571428571428571,58,6,GGTGGGGCAGTGGAAATGGC,52,2494072
mhpRp2,4.428571428571429,36,6,GGTGATCGTCGATCTTCCTT,30,2513932
mhpRp2,16.285714285714285,119,6,GGTCCTAGTTCAGCTCAACT,113,2504984
mhpRp2,8.428571428571429,64,6,GGTCCCTGCGCAAGTACTGG,58,2499967
mhpRp2,7.0,54,6,GGTCCCCTATGCGATTGTCG,48,2515174
mhpRp2,7.285714285714286,56,6,GGTCCATTATGGGGTTCCTT,50,2514916
mhpRp2,0.2857142857142857,7,6,GGGTACCAAGTCGCTAAGGC,1,2528266
mhpRp2,7.142857142857143,55,6,GGGGTTGCCTTCAGCAAGCA,49,2539709
mhpRp2,8.285714285714286,63,6,GGGCTAATGACGGCCTGCCT,57,2544848
mhpRp2,21.571428571428573,156,6,GGCGGCCCAATGAGTAGCCT,150,2530786
mhpRp2,6.0,47,6,GGCCTCTAAGGTTGATGCAG,41,2542931
mhpRp2,8.714285714285714,66,6,GGCATGGTGAAAGAGTCTAA,60,2508865
mhpRp2,9.571428571428571,72,6,GGATTATTCGTCCGTTCTAT,66,2536467
mhpRp2,23.142857142857142,167,6,GGATGGCACGTCGCTCCGTG,161,2499612
mhpRp2,0.2857142857142857,7,6,GGAATCTGGCGTCTCATACA,1,2489380
mhpRp2,11.714285714285714,87,6,GGAACTCTGTTCAGAGTTGA,81,2522954
mhpRp2,5.857142857142857,46,6,GCTTTCTAGCAAACAGCGCA,40,2532328
mhpRp2,0.2857142857142857,7,6,GCTCGTGCATCTATTAAAAT,1,2505280
mhpRp2,0.2857142857142857,7,6,GCTCACGACCGTCTGAATCC,1,2481375
mhpRp2,10.428571428571429,78,6,GCGCCTAGGGAGGTCCCTTG,72,2519154
mhpRp2,4.285714285714286,35,6,GCGCACCTCGCAAGTTAGGC,29,2532040
mhpRp2,8.571428571428571,65,6,GCCTGGGTCCACCGCCCGCA,59,2491877
mhpRp2,7.142857142857143,55,6,GCCTAGGCGCGACGGGTAAC,49,2482250
mhpRp2,9.571428571428571,72,6,GCCACGTGCCCTTTTGTATG,66,2497210
mhpRp2,8.857142857142858,67,6,GATTCAGGAAATTTCCTCTT,61,2529439
mhpRp2,2.0,19,6,GATAGGTCTTGGACATCCCC,13,2541395
mhpRp2,8.714285714285714,66,6,GATACGGGGATGATAGAGTT,60,2515025
mhpRp2,11.285714285714286,84,6,GATAACGCAACAATGCTACA,78,2540104
mhpRp2,15.142857142857142,111,6,GAGTTACTATGTAAATATCA,105,2545035
mhpRp2,6.857142857142857,53,6,GAGGTCGCCTCGCCGAGTGA,47,2481198
mhpRp2,0.2857142857142857,7,6,GAGATCAATTTCACTAACAG,1,2510824
mhpRp2,7.428571428571429,57,6,GACTGAGACCCTAACCATGG,51,2528940
mhpRp2,0.2857142857142857,7,6,GACGTAGAGAGGGTCGCTGG,1,2502568
mhpRp2,0.2857142857142857,7,6,GACAGAGATTTATGTTAGCA,1,2501459
mhpRp2,2.0,19,6,GAACTCCAAAATGTAGATGC,13,2500214
mhpRp2,9.0,68,6,GAACATTGCACTGTCCGATG,62,2515840
mhpRp2,6.571428571428571,51,6,CTTGCTGCGCGTATCAATTT,45,2526483
mhpRp2,7.428571428571429,57,6,CTTCGTCCGGCCTCCGTGGG,51,2509555
mhpRp2,8.714285714285714,66,6,CTTCGCTTTATTTTACTGCA,60,2538686
mhpRp2,18.285714285714285,133,6,CTTATTTCGTGTGCTGTACT,127,2522068
mhpRp2,0.2857142857142857,7,6,CTGTCGTAGTAAGCAAAGCA,1,2500965
mhpRp2,9.285714285714286,70,6,CTGGGCTCCAGAACGACCAA,64,2522833
mhpRp2,8.571428571428571,65,6,CTGGCAGCTCTTAAGTCATC,59,2498435
mhpRp2,7.714285714285714,59,6,CTGCATAATTGACAGCAGAG,53,2510102
mhpRp2,8.571428571428571,65,6,CTGCACAAGGTAGCGGTGCA,59,2540996
mhpRp2,11.142857142857142,83,6,CTGAAGTTCACGGGTCAGAG,77,2540831
mhpRp2,7.0,54,6,CTCTTTAACAGGCATTGCGT,48,2543664
mhpRp2,0.2857142857142857,7,6,CTCTATTCGGCTCTCGTAGA,1,2541397
mhpRp2,8.714285714285714,66,6,CTCGTGGTGCATAAATATAT,60,2482241
mhpRp2,11.571428571428571,86,6,CTCGTGATTTTCAACGCTCT,80,2491670
mhpRp2,12.714285714285714,94,6,CTCGAAATCCCAAGTTAACA,88,2537042
mhpRp2,6.285714285714286,49,6,CTCCGAACCTCCGCGCATCG,43,2496922
mhpRp2,7.428571428571429,57,6,CTCCATTCTGGAATTTGAAT,51,2530362
mhpRp2,11.285714285714286,84,6,CTATTAGACAGAACTGGTGC,78,2500118
mhpRp2,10.714285714285714,80,6,CTACTCCGTCGTCTCTGTTC,74,2485652
mhpRp2,0.2857142857142857,7,6,CTACCAATCAGCGCTGGAGT,1,2487049
mhpRp2,29.714285714285715,213,6,CGTGTGACCCATAAGCTCCA,207,2527463
mhpRp2,7.142857142857143,55,6,CGGGGTCAGTTTCTGTCCAT,49,2522996
mhpRp2,0.2857142857142857,7,6,CGCTCGTGCCTATTCAGTCT,1,2529925
mhpRp2,0.2857142857142857,7,6,CGCCTTTCATGGCTTGCCTC,1,2526873
mhpRp2,5.857142857142857,46,6,CGCCCCCTAAGATTGCGCGG,40,2510691
mhpRp2,7.0,54,6,CGCCAACCCCTGGCTTCCCC,48,2517431
mhpRp2,0.2857142857142857,7,6,CGCAACCCGTCTGCCGGGGA,1,2542893
mhpRp2,0.7142857142857143,10,6,CGAGTTCGTCTTTCCGACTA,4,2508485
mhpRp2,21.428571428571427,155,6,CGAGGGCTGACGTCTGTCGG,149,2495674
mhpRp2,3.5714285714285716,30,6,CGACGTAGGAACATCTTGAG,24,2483614
mhpRp2,9.285714285714286,70,6,CGACCAAATTAGTACCGTTT,64,2498296
mhpRp2,6.142857142857143,48,6,CGAAGGGCTCCGACTGGCTT,42,2502555
mhpRp2,8.714285714285714,66,6,CCGCCATGTCGATACGTCCT,60,2512036
mhpRp2,8.571428571428571,65,6,CCCTATTTATACGACAAAAA,59,2519406
mhpRp2,0.2857142857142857,7,6,CCCACCGGACTGGGTGAATA,1,2489785
mhpRp2,9.714285714285714,73,6,CCAGACGCCGTTACGTCGAC,67,2481668
mhpRp2,6.571428571428571,51,6,CATTGGACGTAAGGTTTTAC,45,2501283
mhpRp2,8.285714285714286,63,6,CATTGCCCAAGGTAAAGGTC,57,2538363
mhpRp2,8.0,61,6,CATTAGGCACCCGTCCACGA,55,2522122
mhpRp2,0.2857142857142857,7,6,CATATAGACGTCTCGTAAGC,1,2495102
mhpRp2,12.714285714285714,94,6,CAGTACTTACGCCCGATAGT,88,2495367
mhpRp2,8.714285714285714,66,6,CAGGTGATTCCGCACCCGGA,60,2491364
mhpRp2,0.2857142857142857,7,6,CAGCCCTGGCGGAGCCTCGT,1,2537605
mhpRp2,8.857142857142858,67,6,CAGATTTGTCGCCAACAAAT,61,2486435
mhpRp2,8.0,61,6,CAGATCCGGGAAGTCACGCA,55,2538548
mhpRp2,3.142857142857143,27,6,CAGAGTAGAGCGTGTTTCTT,21,2502595
mhpRp2,7.428571428571429,57,6,CACTGGGCTACTTACGCATT,51,2518848
mhpRp2,10.285714285714286,77,6,CACAGCAAACGTGACCACGA,71,2529949
mhpRp2,0.2857142857142857,7,6,CAATCACGTCCCCCCAGCGC,1,2510268
mhpRp2,6.571428571428571,51,6,CAAGACACCGAACCTTGTTC,45,2539189
mhpRp2,9.0,68,6,CAACTAGCGAATTTCGCAAA,62,2533823
mhpRp2,6.857142857142857,53,6,CAACAGTGGAATTGAGGCCC,47,2545159
mhpRp2,5.571428571428571,44,6,ATTTTACCTCTCCGAATTTG,38,2501867
mhpRp2,2.2857142857142856,21,6,ATTCCCAACACCCTTTGCGT,15,2503457
mhpRp2,0.2857142857142857,7,6,ATGCGCAACTGCCATGCCAG,1,2530485
mhpRp2,0.2857142857142857,7,6,ATGCAGGAATGGACAAGTGG,1,2502403
mhpRp2,7.0,54,6,ATGAGTTTTGCGTGGGTGGC,48,2501970
mhpRp2,8.428571428571429,64,6,ATGACCATTTGAGGGAGGCA,58,2519765
mhpRp2,10.714285714285714,80,6,ATCGGAACCGCTCGAGAAGT,74,2481388
mhpRp2,11.285714285714286,84,6,ATCCGGTAAACTCCAAGTGC,78,2511769
mhpRp2,8.714285714285714,66,6,ATATGCATGGCCTAAAATTC,60,2484718
mhpRp2,11.857142857142858,88,6,ATATATGTAGCGGTCGTTGT,82,2532624
mhpRp2,0.2857142857142857,7,6,ATACTGACTCCGTTATGCTT,1,2537608
mhpRp2,6.857142857142857,53,6,ATACGACCAGCGAACACGGT,47,2501315
mhpRp2,11.142857142857142,83,6,AGTCGAACGACCGGTTGCTT,77,2491224
mhpRp2,8.0,61,6,AGTCCGGCACCAATGTCGGC,55,2513304
mhpRp2,10.428571428571429,78,6,AGGATACTCGGAAACAACTT,72,2494145
mhpRp2,10.714285714285714,80,6,AGGAACAGGGGCGCTGGGTA,74,2514137
mhpRp2,5.714285714285714,45,6,AGCGTCATGGATGAGCAACA,39,2494986
mhpRp2,13.714285714285714,101,6,AGCAAGAGAGGTTCACACAT,95,2523973
mhpRp2,2.4285714285714284,22,6,AGCAAAGGGTATAAGTAAGT,16,2494136
mhpRp2,0.2857142857142857,7,6,AGATGTCAAATAGGATTACT,1,2540152
mhpRp2,6.857142857142857,53,6,AGATGGTCCGACAGCTAGGG,47,2495823
mhpRp2,11.857142857142858,88,6,AGATATAGGTCGAACTCCTA,82,2531854
mhpRp2,9.142857142857142,69,6,AGACGGCTTTGATTACTTTT,63,2536842
mhpRp2,7.571428571428571,58,6,ACTTTAGGCCTCATGGAACA,52,2512078
mhpRp2,11.857142857142858,88,6,ACGGGTATGGGCACCGGATT,82,2484318
mhpRp2,9.428571428571429,71,6,ACGGAAAGTCAGTAGGCAGG,65,2484313
mhpRp2,8.857142857142858,67,6,ACGCTGGGTGTTCGGCCTAG,61,2534268
mhpRp2,9.714285714285714,73,6,ACCTGGCTGGAATCGTTCAT,67,2497618
mhpRp2,8.714285714285714,66,6,ACCCCGTGTGGATAATCATA,60,2525890
mhpRp2,8.0,61,6,ACCCCCCTCTCGTGATGTAT,55,2519328
mhpRp2,9.428571428571429,71,6,ACCAAGCGTGTACATCAGTT,65,2508883
mhpRp2,6.571428571428571,51,6,ACAGTTGCCTGCCAGAATGG,45,2527352
mhpRp2,27.142857142857142,195,6,ACAGTGAAGCTCCCGCGTGT,189,2496929
mhpRp2,10.571428571428571,79,6,ACAGTCAGGAAGAAGTTCGA,73,2491746
mhpRp2,11.428571428571429,85,6,ACAGCAGCGAAGCATCAGGG,79,2524993
mhpRp2,9.285714285714286,70,6,AATGTCACGGACACTGCCTT,64,2489094
mhpRp2,6.857142857142857,53,6,AATGACCTGTGCATGCCTCG,47,2539532
mhpRp2,0.2857142857142857,7,6,AATACTCTTATCTGTATCAG,1,2520091
mhpRp2,7.0,54,6,AATACCTTCTGGCCGAACAT,48,2522841
mhpRp2,0.2857142857142857,7,6,AAGTATGTTTGACAGCCTTC,1,2530856
mhpRp2,7.428571428571429,57,6,AAGAACATGTGCGGTATGTC,51,2513854
mhpRp2,22.857142857142858,165,6,AACTCACTGGGGTAGTAGAT,159,2500858
mhpRp2,11.714285714285714,87,6,AACTATGCAAAGTGTTTCGT,81,2517584
mhpRp2,10.571428571428571,79,6,AACCAGTTCGTGGAAATCCA,73,2481498
mhpRp2,0.2857142857142857,7,6,AACATCGCTCGGCTTTTCGC,1,2493367
mhpRp2,5.0,34,5,TTTTACCGGGACGCATCGTG,29,2545788
mhpRp2,12.0,76,5,TTTGGCAAGCCAAGCCTCTT,71,2480430
mhpRp2,0.3333333333333333,6,5,TTTGCCCGGACGCGATACCC,1,2544514
mhpRp2,0.3333333333333333,6,5,TTTATCTCACTAAGAACAAC,1,2499764
mhpRp2,2.5,19,5,TTGGGGTCGTCTTATGACTC,14,2490452
mhpRp2,8.833333333333334,57,5,TTGGATCTTCTGCACTCCAG,52,2505016
mhpRp2,10.0,64,5,TTGCTCCGGCTATGTGGTTA,59,2511574
mhpRp2,11.833333333333334,75,5,TTGATAGGGAGTTATGTCCT,70,2532814
mhpRp2,10.166666666666666,65,5,TTGAGCCATTTTGGTTATAC,60,2495893
mhpRp2,9.166666666666666,59,5,TTCTCCTGAGGGTAGGGATG,54,2536952
mhpRp2,9.666666666666666,62,5,TTCATGGAGCTTTTAGGGCT,57,2524639
mhpRp2,0.3333333333333333,6,5,TTCAGCCCAGATCCCAGCAT,1,2531537
mhpRp2,11.666666666666666,74,5,TTATCGCGAATAAGCGAGGA,69,2516556
mhpRp2,12.333333333333334,78,5,TTATAGTTTATGAGGGAAGA,73,2491423
mhpRp2,5.833333333333333,39,5,TGTCTCTATCCGGCCATAAG,34,2494606
mhpRp2,14.166666666666666,89,5,TGTCCGAACGGCACTCTGAC,84,2516358
mhpRp2,20.5,127,5,TGTATCGTAAGGCAGCTCCT,122,2505331
mhpRp2,11.0,70,5,TGTAAGCGCTTACGAAGCCT,65,2497415
mhpRp2,12.166666666666666,77,5,TGGGTTACAGCATTTCGGTG,72,2493731
mhpRp2,0.3333333333333333,6,5,TGGACATGCAGGGTCCGGCT,1,2499818
mhpRp2,11.166666666666666,71,5,TGCGTAGATTGAGCAAAGAA,66,2500713
mhpRp2,8.5,55,5,TGCGCGGGGATCGTGCCTTT,50,2494336
mhpRp2,0.3333333333333333,6,5,TGCCGCTAGCAGTCGCGGAC,1,2483184
mhpRp2,0.3333333333333333,6,5,TGCCCCGGCTTCATAGAAAT,1,2530269
mhpRp2,0.3333333333333333,6,5,TGAGTTATCAGGACCCAAAT,1,2493507
mhpRp2,12.666666666666666,80,5,TGAGGTAGTTTCGTGGTTTT,75,2526457
mhpRp2,18.166666666666668,113,5,TGACAACTTCCGCTGAGGTT,108,2491509
mhpRp2,24.0,148,5,TGAATATAAGGCTCTGCGGG,143,2519499
mhpRp2,4.333333333333333,30,5,TCTTAGTGGTTTGGATTCCA,25,2517412
mhpRp2,6.5,43,5,TCTACGGATCCCGTGGCCGG,38,2511353
mhpRp2,18.166666666666668,113,5,TCTAACGGAGAGGAGCCGGC,108,2537577
mhpRp2,0.3333333333333333,6,5,TCGAGACCACAGTGTAGGAC,1,2479704
mhpRp2,2.5,19,5,TCGACAGGTAGTAATTCAAT,14,2531872
mhpRp2,17.333333333333332,108,5,TCCTGGTGGGGTTCCCGGGT,103,2528315
mhpRp2,16.5,103,5,TCCTCAAGGCTCTGGTAACG,98,2485156
mhpRp2,9.166666666666666,59,5,TCCCTTTAATAGATTTCTTG,54,2534789
mhpRp2,0.3333333333333333,6,5,TCATCGGCGTTTTGTGGCCG,1,2532890
mhpRp2,0.6666666666666666,8,5,TCACTATGTCAATCGGACTG,3,2509050
mhpRp2,12.333333333333334,78,5,TAGTAAATAGTTATCTTGGA,73,2529958
mhpRp2,13.0,82,5,TAGGAACATATAGGGGGGAT,77,2513819
mhpRp2,11.833333333333334,75,5,TAGCTTGATTAGTCTTTCCA,70,2523010
mhpRp2,14.0,88,5,TAGATTACGGATGGGACATC,83,2544710
mhpRp2,14.5,91,5,TACCATGACCACTTGTTAGT,86,2483624
mhpRp2,0.3333333333333333,6,5,TACACCGAGGAGTAAGCCCT,1,2496384
mhpRp2,11.5,73,5,TAATTAGGTTGCCTCATTTG,68,2499945
mhpRp2,10.0,64,5,GTTGCAACCCGGCGCCCTGA,59,2533767
mhpRp2,16.833333333333332,105,5,GTTACGTTCCGGTCGCAGGG,100,2519793
mhpRp2,8.666666666666666,56,5,GTGTTACTTAACAGGACTGG,51,2497150
mhpRp2,0.3333333333333333,6,5,GTGGTATGAACAATATGAAG,1,2501114
mhpRp2,6.0,40,5,GTGCAACTGGCTCGATGGTC,35,2525433
mhpRp2,8.5,55,5,GTCCGATGCTACGGGACCTT,50,2493332
mhpRp2,7.166666666666667,47,5,GTATTGTGAGGCCCACCTTC,42,2484320
mhpRp2,11.166666666666666,71,5,GTATCCCGATTCCTATGCCT,66,2510067
mhpRp2,0.3333333333333333,6,5,GTAAGGTCAGTTGCTTATTA,1,2508646
mhpRp2,10.5,67,5,GTAACAGCACATGGGATCCC,62,2508673
mhpRp2,11.0,70,5,GGTATTTCCCTCGAATAAAA,65,2519343
mhpRp2,0.3333333333333333,6,5,GGTATGCACGCGGCACGAGA,1,2536236
mhpRp2,10.666666666666666,68,5,GGTAGGACATCTTTGGGGAA,63,2511737
mhpRp2,0.3333333333333333,6,5,GGTAAGATCAGCTCCCTAAG,1,2493246
mhpRp2,12.0,76,5,GGGGTAATACTAGATGCGGG,71,2543058
mhpRp2,0.3333333333333333,6,5,GGGGCCGCGACTCTTGCGCT,1,2527611
mhpRp2,9.333333333333334,60,5,GGGCTAAGGTAACATGAACG,55,2534445
mhpRp2,12.666666666666666,80,5,GGGCAAAGACTGTTAGCATC,75,2498662
mhpRp2,12.333333333333334,78,5,GGGAGTTAAAGCATGCAGGC,73,2530391
mhpRp2,6.166666666666667,41,5,GGGAGTCGAGCGAGAGTTGA,36,2511898
mhpRp2,13.166666666666666,83,5,GGGAGAGTAGCCTTCTGCGG,78,2480550
mhpRp2,0.3333333333333333,6,5,GGCGGTAAAAGGTAGCAGAT,1,2544680
mhpRp2,14.833333333333334,93,5,GGCCTGCGGCCATCTTGTGA,88,2496865
mhpRp2,2.1666666666666665,17,5,GGCCGCCAGGTGTTCGATCC,12,2531924
mhpRp2,8.333333333333334,54,5,GGACTTACGGCAACGGCAGG,49,2527236
mhpRp2,4.833333333333333,33,5,GCTACCAAACTGGACAGAAG,28,2487620
mhpRp2,10.0,64,5,GCGCGGTAATCTGGTGGAAC,59,2491406
mhpRp2,0.3333333333333333,6,5,GCGACTCTTATTTCACGTGC,1,2521466
mhpRp2,16.833333333333332,105,5,GCCATGCGAACCCAGGGGCG,100,2491419
mhpRp2,11.5,73,5,GCCACTTTGCCACGGCTAGG,68,2496147
mhpRp2,8.0,52,5,GCATAAATGGCTAGCGTATC,47,2521145
mhpRp2,8.0,52,5,GCAGGTAAGTGCTCATATCG,47,2514945
mhpRp2,10.666666666666666,68,5,GCAGACCCGTAGCTTGACTA,63,2520821
mhpRp2,4.333333333333333,30,5,GATTTACAGGGTAGCTATAT,25,2521081
mhpRp2,0.3333333333333333,6,5,GATGTGGTGATTGGAGACTA,1,2521173
mhpRp2,9.333333333333334,60,5,GATGGTTAGCCTGGGCTAAT,55,2515851
mhpRp2,18.833333333333332,117,5,GATATCCAAAGTTCGGGGGC,112,2510204
mhpRp2,9.333333333333334,60,5,GATAACGCATCGTTTCGCCC,55,2496355
mhpRp2,11.833333333333334,75,5,GAGTCCCTGTTGATGTAAAC,70,2497183
mhpRp2,0.3333333333333333,6,5,GAGGTGTACCATTGCAAATC,1,2517929
mhpRp2,12.833333333333334,81,5,GAGGCCCACATACGTAGTAT,76,2493046
mhpRp2,14.0,88,5,GAGCACGCTAATCAGCAAAG,83,2513880
mhpRp2,9.333333333333334,60,5,GACGCTAATTGTCAGTAGCA,55,2522084
mhpRp2,3.1666666666666665,23,5,GACACATACGGTCGTCGACC,18,2544080
mhpRp2,9.0,58,5,GAATATCGAGGGTTCGGGAG,53,2494757
mhpRp2,14.5,91,5,GAAGGTATACATTCATAATC,86,2520041
mhpRp2,9.166666666666666,59,5,GAAGGGTCGTTCAAGGCATT,54,2538848
mhpRp2,7.5,49,5,GAAACCCCGCTAAACGGCTA,44,2490538
mhpRp2,9.166666666666666,59,5,CTTGGAAAGATTGGAGAACC,54,2527057
mhpRp2,9.833333333333334,63,5,CTGTCTGAGGACGGCTCAAT,58,2482268
mhpRp2,0.3333333333333333,6,5,CTGGCACGGAAAGCTACGTT,1,2511107
mhpRp2,10.166666666666666,65,5,CTGGAAGATGATCTCCGTGC,60,2540892
mhpRp2,8.833333333333334,57,5,CTGCTTGATCCTTGTAGGAT,52,2500999
mhpRp2,0.3333333333333333,6,5,CTGCGAGTCCGCAGAAGTCA,1,2537039
mhpRp2,8.5,55,5,CTGACACTCACGAAGATGAC,50,2481098
mhpRp2,11.5,73,5,CTCTGCGCGTAGATTGAAGA,68,2535997
mhpRp2,7.833333333333333,51,5,CTCTGCAATAGTTGTATCGT,46,2531232
mhpRp2,16.833333333333332,105,5,CTCGTCGCACGTTGTATAGT,100,2539290
mhpRp2,10.833333333333334,69,5,CTCGCAGGACTTATGACGAC,64,2523477
mhpRp2,0.3333333333333333,6,5,CTCCAATGGACGTCAGCCGA,1,2494972
mhpRp2,0.3333333333333333,6,5,CTATATCGAGGAAAATAGAC,1,2542341
mhpRp2,5.833333333333333,39,5,CTAGTTACTACAGTCCAAGA,34,2543097
mhpRp2,3.3333333333333335,24,5,CGTTGCACCGTGATAGCCAG,19,2488967
mhpRp2,8.666666666666666,56,5,CGTTGAATCAGATTAAGGAT,51,2525058
mhpRp2,9.666666666666666,62,5,CGGTCTCCATGCACAAACAA,57,2492565
mhpRp2,11.5,73,5,CGGCCGTCAAGCAAATATTG,68,2504682
mhpRp2,0.3333333333333333,6,5,CGGAGTGGGCTCCGCATCTT,1,2500499
mhpRp2,10.5,67,5,CGATGCTGAAATGCATAAGG,62,2495444
mhpRp2,5.333333333333333,36,5,CGATCGGAGGTTGGGCGTGT,31,2511604
mhpRp2,9.666666666666666,62,5,CGAGAAGTCATCCACAAGTC,57,2513888
mhpRp2,9.833333333333334,63,5,CGACCTATGAAATCCGCTTT,58,2521704
mhpRp2,17.0,106,5,CGACACCCCCACGCGAAAGT,101,2502249
mhpRp2,8.5,55,5,CCGCCAGGGAATTGGCAACG,50,2479796
mhpRp2,9.5,61,5,CCAGGGGGGCTCCTCGTAAC,56,2501582
mhpRp2,10.666666666666666,68,5,CCACTATGAATGATTAAGAA,63,2534514
mhpRp2,10.166666666666666,65,5,CATCAGCTTCGATAGAAAGA,60,2537636
mhpRp2,12.666666666666666,80,5,CATACCAAATAGGTGGTTAG,75,2497568
mhpRp2,10.833333333333334,69,5,CATAATGACGCGTACGGAAG,64,2485098
mhpRp2,14.833333333333334,93,5,CAGTCAACTCTTCCAGCTAT,88,2502962
mhpRp2,0.3333333333333333,6,5,CAGCGGCAATAGTCAGGTGT,1,2539526
mhpRp2,0.3333333333333333,6,5,CAGCCCACGGTTTTCACTTC,1,2527284
mhpRp2,12.333333333333334,78,5,CAGAACAAAAACGCACTAAG,73,2519308
mhpRp2,17.333333333333332,108,5,CACTGGAACCGAAGAGCGCC,103,2523394
mhpRp2,7.0,46,5,CACCTCCAGAGGGCTCGGCT,41,2532119
mhpRp2,0.3333333333333333,6,5,CACACACCAGCAGTTGAGTC,1,2537578
mhpRp2,9.333333333333334,60,5,CAACCTCGTTTAGTGTGGAT,55,2513172
mhpRp2,13.0,82,5,ATGGGATGTAGACGTTGTGT,77,2522729
mhpRp2,9.333333333333334,60,5,ATGGCTATGGTCGCAAAAAA,55,2539631
mhpRp2,7.333333333333333,48,5,ATGCTTGTGACCAGGCTAGT,43,2494752
mhpRp2,11.333333333333334,72,5,ATGCTACCAACTTAACTCTG,67,2487171
mhpRp2,14.666666666666666,92,5,ATGCACTATCATGTATAAGC,87,2538252
mhpRp2,12.5,79,5,ATGAAGTTCTATTGGGAATT,74,2501922
mhpRp2,9.833333333333334,63,5,ATCGCATTCGAAGATGAAAT,58,2493709
mhpRp2,28.5,175,5,ATCGACGGCCACTAACTACC,170,2499598
mhpRp2,7.666666666666667,50,5,ATCAAGGTAGGGGGGTAACT,45,2481199
mhpRp2,12.0,76,5,ATAGGTGCCGCTGGAGAGCG,71,2543677
mhpRp2,10.0,64,5,ATAGGACCCACAGGGAACGT,59,2505977
mhpRp2,0.3333333333333333,6,5,ATAGCATCGGGGCATAATCT,1,2527145
mhpRp2,9.0,58,5,AGTTGTGACATCGAGTTCGA,53,2506666
mhpRp2,8.666666666666666,56,5,AGTACGTTGTCGCCCCGATC,51,2499819
mhpRp2,9.0,58,5,AGGTCCTGGGCCAACCACTA,53,2497173
mhpRp2,0.3333333333333333,6,5,AGGGACACTGACGCCCGGAT,1,2522371
mhpRp2,13.166666666666666,83,5,AGGGAATCTAGAGACCATAG,78,2503340
mhpRp2,10.333333333333334,66,5,AGGCTCTAGTCTACGTTGTT,61,2512322
mhpRp2,7.166666666666667,47,5,AGGCTCGTTTCGTGGAATCA,42,2492244
mhpRp2,0.3333333333333333,6,5,AGGCAGGACTAGACTTGATC,1,2505445
mhpRp2,13.833333333333334,87,5,AGGCAATGTACGTTATGGCT,82,2501635
mhpRp2,0.3333333333333333,6,5,AGGAAGGTGATTTGCATAAA,1,2479709
mhpRp2,3.6666666666666665,26,5,AGCTAGAGTTGCTGGCGGAC,21,2487977
mhpRp2,0.3333333333333333,6,5,AGCGGCTGCAGTAAGCCAAA,1,2528006
mhpRp2,3.8333333333333335,27,5,AGCAAAAGGATAGCGCGTAT,22,2545374
mhpRp2,9.333333333333334,60,5,AGATGGCCTCTGGATGATCT,55,2507310
mhpRp2,8.5,55,5,AGATAAGTGGGTCTGGCTCG,50,2535778
mhpRp2,0.3333333333333333,6,5,AGACTGCCAGACTGAGTTAT,1,2523361
mhpRp2,9.166666666666666,59,5,AGAATTGGCGGTTCAAATGC,54,2500602
mhpRp2,11.666666666666666,74,5,AGAAATGGTGTCATTTCTCT,69,2540477
mhpRp2,0.8333333333333334,9,5,ACTTTAGTATGATTGACTAC,4,2505320
mhpRp2,32.833333333333336,201,5,ACTGAAGCGCATAGAATGTC,196,2496868
mhpRp2,2.8333333333333335,21,5,ACGTTCACAAACAGTGTGAC,16,2481086
mhpRp2,0.3333333333333333,6,5,ACGTGCTAAGGCAGTCAATC,1,2506451
mhpRp2,4.333333333333333,30,5,ACGTCTCACACAAATAAGAT,25,2487448
mhpRp2,0.3333333333333333,6,5,ACCGACCGCTTAAACGGTTT,1,2530324
mhpRp2,9.333333333333334,60,5,ACATCGCTCATACTCCCGAA,55,2523809
mhpRp2,18.0,112,5,ACACCCGTCCGGCTAAGGCC,107,2481215
mhpRp2,6.833333333333333,45,5,ACAAGTCACCGTTGGTGTTG,40,2522700
mhpRp2,8.333333333333334,54,5,AATTTGATGCGATGCGGTGG,49,2514998
mhpRp2,7.333333333333333,48,5,AATTTCGTCGGCCCTAAGCA,43,2514374
mhpRp2,11.833333333333334,75,5,AATGTTGGATATCTTGTACA,70,2491955
mhpRp2,8.666666666666666,56,5,AATGGTGAGGGACTACGACT,51,2531731
mhpRp2,9.166666666666666,59,5,AATGCTAAAACAGGGCTATA,54,2520216
mhpRp2,9.666666666666666,62,5,AAGAGTAGTGACAATTTATT,57,2524704
mhpRp2,8.166666666666666,53,5,AAGAGCATGATGGCTACGCG,48,2508066
mhpRp2,7.833333333333333,51,5,AACTTTGTTCTTGCCCTTCA,46,2512967
mhpRp2,21.0,130,5,AACAACGAATGAGGTCTCGC,125,2495489
mhpRp2,0.3333333333333333,6,5,AAACGACGCCTGCCTAACGC,1,2526621
mhpRp2,11.6,61,4,TTTCTAGCTACAGTCTATTT,57,2483493
mhpRp2,25.8,132,4,TTTCGTGAGGAACGTGAGGA,128,2517839
mhpRp2,11.8,62,4,TTTAGGTACAAATTATGGCA,58,2528712
mhpRp2,15.6,81,4,TTGTATGAGATTTATCGTGA,77,2488382
mhpRp2,3.4,20,4,TTGTATATGTCGGCCTTGTT,16,2501129
mhpRp2,11.2,59,4,TTGGTGATGGTGGGCGTCCG,55,2483919
mhpRp2,8.4,45,4,TTGCCCCCAGTATTCATACC,41,2490124
mhpRp2,12.2,64,4,TTGCCCCACGATATATACAT,60,2527694
mhpRp2,9.4,50,4,TTCGGTGGCGAGTCGCGTTC,46,2505593
mhpRp2,0.4,5,4,TTATTGCGGCATCGTGTCCA,1,2514009
mhpRp2,22.6,116,4,TTAGCAAGCAAAGGCTGGCG,112,2486575
mhpRp2,11.4,60,4,TTACCGGTTTATGCGTATGA,56,2513604
mhpRp2,13.4,70,4,TTAACGATAGTGGATAAACA,66,2499090
mhpRp2,10.6,56,4,TGTAAGGTTGAGGCAGAATC,52,2543681
mhpRp2,11.4,60,4,TGGTGGCGAGAAACATGTGA,56,2524951
mhpRp2,0.4,5,4,TGGCGAATGGGTCATCTAAT,1,2498383
mhpRp2,0.4,5,4,TGGCAGTTACCACGTCGTGC,1,2525237
mhpRp2,18.4,95,4,TGGAACGCGTACGTTCTCTA,91,2535196
mhpRp2,11.4,60,4,TGCTGCAACACAGGAACTGT,56,2509313
mhpRp2,15.2,79,4,TGCGAAACCAGTACGCAGGC,75,2493095
mhpRp2,7.8,42,4,TGCCGCCCGCCGAAGGAACA,38,2501594
mhpRp2,0.4,5,4,TGCATCGTTCCTGTCGCTTG,1,2488254
mhpRp2,5.2,29,4,TGATGCTCACACTTGCTCTC,25,2491724
mhpRp2,5.8,32,4,TGATATCGCGGGCCTTTTAT,28,2529832
mhpRp2,9.4,50,4,TGAACCGAACGGTTTCCTAG,46,2527356
mhpRp2,0.4,5,4,TCTTCAGGGGGATAAGTTTG,1,2516637
mhpRp2,10.4,55,4,TCTGTAATGTTAAATCCGTT,51,2485841
mhpRp2,0.4,5,4,TCTGGAGAAGTCATCAGGAC,1,2508093
mhpRp2,15.2,79,4,TCTACTTCCGGAAGGAGCAA,75,2484042
mhpRp2,0.4,5,4,TCGTTCACTCGGCACGATTA,1,2506050
mhpRp2,15.4,80,4,TCGTTAATGTTGTTTTGGTA,76,2540772
mhpRp2,12.8,67,4,TCGAAAACAGCCACATGTCA,63,2529403
mhpRp2,21.8,112,4,TCCTTCAAGGGCGTAACACA,108,2523389
mhpRp2,0.4,5,4,TCCTCTAATCTTGTTCGTGC,1,2542461
mhpRp2,6.8,37,4,TCCCCAGAGTATCCCGTAAA,33,2519169
mhpRp2,9.8,52,4,TCCAGGGCGGTAAACTTTGT,48,2481253
mhpRp2,10.8,57,4,TCATCCGTCTGCCGTATCCT,53,2517251
mhpRp2,13.6,71,4,TCAGTTACTCTTTTACGAAT,67,2544924
mhpRp2,9.8,52,4,TCACGACGGAATGCCCAACA,48,2491113
mhpRp2,8.8,47,4,TAGGTGCGTATCACGGGCGT,43,2499791
mhpRp2,0.4,5,4,TAGGCAAGGACGCACTCTTT,1,2528092
mhpRp2,0.4,5,4,TAGCTGTCCATCAAGCGACA,1,2493550
mhpRp2,14.2,74,4,TAGCTCTACTGCTTAACGAA,70,2519024
mhpRp2,14.8,77,4,TAGATCTATCTTGTGCGATC,73,2508137
mhpRp2,7.0,38,4,TAGAGTCTGGGAACCGAGAC,34,2526838
mhpRp2,20.6,106,4,TACCAACGGGGAGAAACGGA,102,2496059
mhpRp2,22.0,113,4,GTTGTCAAAATCAAGTACAC,109,2491944
mhpRp2,10.8,57,4,GTTGACTCCTTTAGCTCACT,53,2486454
mhpRp2,17.8,92,4,GTTGAACGCTGGGTCGTAAT,88,2536046
mhpRp2,0.4,5,4,GTTCGCCTATGAGTCGCTCT,1,2517241
mhpRp2,11.8,62,4,GTTAGAGGGGAAAACCAGGC,58,2484679
mhpRp2,14.0,73,4,GTTAAATACTCTTGCATCCT,69,2525736
mhpRp2,10.2,54,4,GTGGTTTCCCTGGAACCCAT,50,2482077
mhpRp2,13.0,68,4,GTGGACCCGTGGCCAACGGA,64,2491372
mhpRp2,6.6,36,4,GTGCAGTCTCTGAGGTTCTG,32,2515911
mhpRp2,9.6,51,4,GTGATGAAACCGATCCCCGG,47,2498674
mhpRp2,8.2,44,4,GTGAATTTTAGGGCGAAGCG,40,2529251
mhpRp2,13.4,70,4,GTCTGTCTTGGGTGGTGGCA,66,2533340
mhpRp2,0.4,5,4,GTCCTGTGTGGGAATTACAT,1,2537116
mhpRp2,11.4,60,4,GTAGTGGAAGCCAATAATGT,56,2506861
mhpRp2,0.4,5,4,GGTTCGTCCGCCATCAGGGT,1,2541742
mhpRp2,29.6,151,4,GGTCCATAGCAGTTTAAAGA,147,2541699
mhpRp2,13.0,68,4,GGTATGGGTCTGTTTTCGAC,64,2527233
mhpRp2,16.6,86,4,GGTAGATCGACTCACCTTTT,82,2491359
mhpRp2,0.4,5,4,GGGTGGGTCAGCACATTATG,1,2518136
mhpRp2,13.0,68,4,GGGCTGATGTCGGCGTCCGA,64,2518294
mhpRp2,0.4,5,4,GGGACGTAGGAGACTAAGGG,1,2522665
mhpRp2,8.0,43,4,GGAGATACGCGGCACTTAGT,39,2496094
mhpRp2,11.2,59,4,GGAATTCGCCTTACCTTTTA,55,2501048
mhpRp2,0.4,5,4,GCTTTTTAGCGTCCAGAATT,1,2534655
mhpRp2,8.8,47,4,GCTCGTTTCACGGCAACGAT,43,2494310
mhpRp2,29.0,148,4,GCTCCTTGCGCTTCATCGTT,144,2545002
mhpRp2,10.0,53,4,GCGCAGGTGGGAGAAGAGGG,49,2497165
mhpRp2,54.2,274,4,GCGAATTGGCCATGATGTCA,270,2479752
mhpRp2,0.4,5,4,GCCTTAAGAGCCGGGCCAAT,1,2543643
mhpRp2,8.4,45,4,GCATAGGGTTGATGCTCTGG,41,2510127
mhpRp2,4.2,24,4,GCACGTATGTTCCATGCGCC,20,2480979
mhpRp2,10.2,54,4,GATGGATAGGTAAGGGGGTT,50,2507060
mhpRp2,9.2,49,4,GATGCGAGGTGAATTGCCCC,45,2527622
mhpRp2,27.6,141,4,GATATACAGTCAAGGCAGAA,137,2544085
mhpRp2,0.4,5,4,GACTTCGAGCACCTCGATCC,1,2530740
mhpRp2,10.6,56,4,GACGGCGTCCGGCCGCAGGA,52,2534171
mhpRp2,10.6,56,4,GACCGGTTACATCAATCGCA,52,2539769
mhpRp2,0.4,5,4,GACAGGGTGTACATTAACTC,1,2540976
mhpRp2,0.4,5,4,GAATCGAGTACTGGGATTGG,1,2513300
mhpRp2,0.4,5,4,GAAGTGGTATGTTGCTGCCA,1,2540573
mhpRp2,13.0,68,4,CTTTTTGACTCGATAGTCTA,64,2542716
mhpRp2,13.8,72,4,CTTCTGCACAGAGAGAACTA,68,2500150
mhpRp2,20.2,104,4,CTTCTCACCAGTGCAATAGT,100,2527114
mhpRp2,18.8,97,4,CTGGGGGAGAACCCCGTTAG,93,2481202
mhpRp2,0.4,5,4,CTGATGCCGGCAATCAAAAA,1,2516089
mhpRp2,14.0,73,4,CTGAAAGAAAACCTGTGATT,69,2510200
mhpRp2,11.0,58,4,CTCGGTTTACCCGTTACTTT,54,2516015
mhpRp2,14.2,74,4,CTATCCCAAGTACGCACCAT,70,2532688
mhpRp2,0.8,7,4,CTAGGTTTGCTGTAATTTAA,3,2489682
mhpRp2,17.4,90,4,CTAGGGATTACATAGTGAAG,86,2504512
mhpRp2,9.2,49,4,CTACTCTATTTCGATTGTTA,45,2534984
mhpRp2,14.0,73,4,CTAACGACTCGAGGACTGTA,69,2504455
mhpRp2,15.2,79,4,CGTTCCTAACGTGGGGTGGG,75,2545153
mhpRp2,10.6,56,4,CGTTCAGAGGCGTACGTGCA,52,2493154
mhpRp2,11.8,62,4,CGTCTTTGGCAAAGTAGGGA,58,2517841
mhpRp2,12.6,66,4,CGGTACTCTTTCTCTCGTCT,62,2513121
mhpRp2,10.2,54,4,CGGAGGGGCACACAGTTTAC,50,2508620
mhpRp2,0.4,5,4,CGGAATGGTGAACCCGCGCA,1,2491585
mhpRp2,17.0,88,4,CGCGGCGAAGGAAAGCCGTA,84,2544235
mhpRp2,10.8,57,4,CGATAGTGGTGGTCAGAACC,53,2488808
mhpRp2,18.8,97,4,CGAGCGGTATCTCTTGCAAC,93,2528374
mhpRp2,10.8,57,4,CGACACCACAAGACTATGTT,53,2510359
mhpRp2,9.4,50,4,CGAAAGCAGTTGTATTCTGT,46,2529192
mhpRp2,11.6,61,4,CCTGCCGTGAGGGTCAGGAC,57,2507358
mhpRp2,11.6,61,4,CCTATGCGCAACAATATCGA,57,2530223
mhpRp2,0.6,6,4,CCTAACAGCCATGGGGGGAA,2,2545072
mhpRp2,0.4,5,4,CCGTGCTTAATAGCGAAAAT,1,2514001
mhpRp2,5.6,31,4,CCGGTGATGCTAAAACTTTC,27,2524101
mhpRp2,14.8,77,4,CCGCATGTTTGTACGAATTC,73,2537456
mhpRp2,9.6,51,4,CCGACGGTATACAGTGCCGT,47,2480941
mhpRp2,9.6,51,4,CCCGTCACACGTGAAACCTC,47,2484265
mhpRp2,9.4,50,4,CCATCGATACATGCAGTGAA,46,2536253
mhpRp2,10.2,54,4,CCAGAGACATCGGACAAATT,50,2485493
mhpRp2,0.4,5,4,CCACCTTATTCTATCCTTTG,1,2515212
mhpRp2,0.4,5,4,CATTCTTGTCGGGATGACAT,1,2507828
mhpRp2,12.6,66,4,CATCCGCAACTTATTTAGAC,62,2498254
mhpRp2,10.6,56,4,CATAGAGAGCCAGGTCCAGC,52,2529216
mhpRp2,12.6,66,4,CAGTGGAAAGCAGTAAGCAT,62,2536403
mhpRp2,10.0,53,4,CAGAACCCTACCCGGAGAAC,49,2488540
mhpRp2,0.4,5,4,CACCGCCCGGCGTGCCCCTT,1,2509100
mhpRp2,16.8,87,4,CACATGTGTATCTTGTAATG,83,2524012
mhpRp2,9.8,52,4,CAATGAGAAGTTCCTCCCAC,48,2494291
mhpRp2,9.2,49,4,CAATAATCGAGCTACCTTTG,45,2518862
mhpRp2,2.4,15,4,CAACTCCGTACTCACGTAAT,11,2505926
mhpRp2,21.4,110,4,CAAATCTTCACGCGATGTTG,106,2480179
mhpRp2,14.2,74,4,CAAATATTAACGGACAAGGC,70,2479894
mhpRp2,11.8,62,4,CAAAGGACTAGAGACGTGGT,58,2514624
mhpRp2,0.4,5,4,ATTTTCATACCGAGCTGGTC,1,2510034
mhpRp2,0.4,5,4,ATTGGCCCTGACCTTACTTT,1,2503064
mhpRp2,13.0,68,4,ATTAGGTTTAAATCATCTGT,64,2516847
mhpRp2,15.4,80,4,ATGGAATGTCACTCTACTTC,76,2481540
mhpRp2,12.2,64,4,ATCGTCATCGCAGGTGGGGA,60,2530466
mhpRp2,13.2,69,4,ATCGCATGTCCTGCTAGGCT,65,2533595
mhpRp2,13.4,70,4,ATCCCGGTATGGATGATGCT,66,2491323
mhpRp2,11.6,61,4,ATACTGTATTATAAGGGGTC,57,2497534
mhpRp2,9.0,48,4,ATACCGGGAATCCCCGAGAA,44,2505108
mhpRp2,13.0,68,4,AGTGTCGATAGTCAAGCTGA,64,2529262
mhpRp2,0.4,5,4,AGGCTATGGCGACTCTTGGC,1,2505762
mhpRp2,0.4,5,4,AGGAAACACAGGGCGGGTTT,1,2514997
mhpRp2,15.0,78,4,AGCCACACGTTCACGACCTC,74,2482156
mhpRp2,13.0,68,4,AGCCAAACCACACGATGGGC,64,2517410
mhpRp2,6.0,33,4,AGAGGACCTGGATGATGGCT,29,2539984
mhpRp2,17.8,92,4,AGACGAGAAGTAATAGGTAT,88,2525842
mhpRp2,10.0,53,4,ACTTTTTGGGGAATCCTGCA,49,2525685
mhpRp2,12.4,65,4,ACTTTTCTGAACGTGTCTGA,61,2489475
mhpRp2,12.2,64,4,ACTTGCGATAGTGATTTCAT,60,2519185
mhpRp2,14.8,77,4,ACTTCTACGCTCCGGATCCG,73,2545110
mhpRp2,11.2,59,4,ACGTAACCGACTGGATAGTT,55,2505651
mhpRp2,11.2,59,4,ACGCTACGACCAGCGACTAT,55,2536295
mhpRp2,44.8,227,4,ACCTTATGTGAAGGCAACGC,223,2534882
mhpRp2,7.4,40,4,ACCCCGGCGTTGGGTTAATT,36,2543715
mhpRp2,16.0,83,4,ACATGCAATGATATTCAGTT,79,2534249
mhpRp2,11.2,59,4,ACATCCGTGGTAATTTTCGT,55,2515942
mhpRp2,14.0,73,4,ACATACTTCAGCGACTACTC,69,2492729
mhpRp2,8.2,44,4,AATCGTTTTTTTGTACCACT,40,2494774
mhpRp2,0.4,5,4,AATCGATACGGATATAATTC,1,2531079
mhpRp2,12.0,63,4,AAGTAGGTGCCAGGCTACAA,59,2539775
mhpRp2,3.6,21,4,AAGTACTTAGGACATTCGCG,17,2489510
mhpRp2,13.6,71,4,AAGGGTTGAGCTACGGTTTC,67,2533500
mhpRp2,11.0,58,4,AAGCCGCGCGTTCCTGTTTG,54,2520224
mhpRp2,9.2,49,4,AACCAGGACGACACCAGATG,45,2543458
mhpRp2,10.4,55,4,AACAGACACTGATCGTCATC,51,2530125
mhpRp2,12.6,66,4,AAATAACAAAGATTATTGAG,62,2535048
mhpRp2,11.4,60,4,AAAGCAGTCTTAAGTCTAGG,56,2481371
mhpRp2,13.0,68,4,AAAGACCCACTCCATCCGCA,64,2502048
mhpRp2,0.4,5,4,AAACGCTCCATGAGGCTCCC,1,2523815
mhpRp2,11.75,49,3,TTTTCTGGTAGTTATCAGGG,46,2518001
mhpRp2,14.5,60,3,TTTGGTCCTTTAATGAAGGC,57,2544950
mhpRp2,14.75,61,3,TTTCACAGAATTTCCGCCTA,58,2535216
mhpRp2,13.5,56,3,TTTATTCATTACACCGGACG,53,2538279
mhpRp2,1.5,8,3,TTTAGACTTTGGCGGCAAGT,5,2511129
mhpRp2,18.0,74,3,TTGATGAGAAGTATTATAGG,71,2530352
mhpRp2,15.5,64,3,TTGAGTTAGGGTTAACCCAC,61,2514953
mhpRp2,0.5,4,3,TTGACCCCTGGCTTGCTGAA,1,2531063
mhpRp2,15.0,62,3,TTGAACAAGCAGCGGCAGTC,59,2484661
mhpRp2,6.25,27,3,TTGAAATTCTCGCACGTTAA,24,2501201
mhpRp2,32.0,130,3,TTCTGGTGATTTCTCTGTAC,127,2511638
mhpRp2,13.75,57,3,TTCGCAAATGCGTGGGGAGC,54,2524998
mhpRp2,12.0,50,3,TTATGTAACTGAGGGGAGGG,47,2499603
mhpRp2,16.25,67,3,TTAGTGCATAGCAGAGGATG,64,2535066
mhpRp2,0.5,4,3,TGTCATTTTGCTGGACTCCT,1,2506370
mhpRp2,19.0,78,3,TGTATAGGTCCTCCACACCT,75,2545156
mhpRp2,30.5,124,3,TGTAGTGCAGGATCCTACGG,121,2519474
mhpRp2,19.75,81,3,TGTAGGCTGCGGGATTGCTA,78,2497175
mhpRp2,5.25,23,3,TGGTGCAACCAGTGATCTAC,20,2529145
mhpRp2,14.75,61,3,TGGTAGGACTGCTGCACATA,58,2486702
mhpRp2,15.75,65,3,TGGCACGGTGTCGGATGCTC,62,2501842
mhpRp2,17.25,71,3,TGCCGGGTTAGCATACCAAT,68,2511826
mhpRp2,15.0,62,3,TGCCCGTAACCGAGCCAAGT,59,2515115
mhpRp2,16.25,67,3,TGCAAGGCCGTGCAGCACCA,64,2493076
mhpRp2,11.5,48,3,TGATTAAGCAGCACGCGGCT,45,2504020
mhpRp2,0.5,4,3,TGATGGTAGGATCTTGGGAT,1,2485414
mhpRp2,0.5,4,3,TGACTTCCGCAAGCATGGGG,1,2487846
mhpRp2,40.0,162,3,TGAATCATAATAAGCACAAG,159,2480840
mhpRp2,11.5,48,3,TGAACGACGTGGCTTAGTAT,45,2507630
mhpRp2,15.5,64,3,TCTTTCAGTCTGGCACCCTC,61,2524957
mhpRp2,0.5,4,3,TCTCAGCAGCTGCCCACACT,1,2537449
mhpRp2,16.5,68,3,TCTATGAAGTGTAACCTGGG,65,2501307
mhpRp2,20.5,84,3,TCTAAATCGAAATACCCGCA,81,2486280
mhpRp2,6.0,26,3,TCGTGGTGCGAGTTGGGGCT,23,2493749
mhpRp2,13.75,57,3,TCGAGCCGGCGACCAATATG,54,2484041
mhpRp2,16.0,66,3,TCCGAAAATGAATGCGAAGG,63,2527224
mhpRp2,82.25,331,3,TCCCTTGCGTAATAGCCGTT,328,2512102
mhpRp2,0.75,5,3,TCCCTTACTTTCCCGCGATA,2,2487001
mhpRp2,52.5,212,3,TCCATAGAGATCATACTTGT,209,2537445
mhpRp2,10.75,45,3,TCCAAATTCAGCTGGTCCGG,42,2525401
mhpRp2,7.5,32,3,TCATTCCCTCAAAGGATAAT,29,2495081
mhpRp2,1.75,9,3,TCACCTCTCCACGCTCCTCA,6,2528098
mhpRp2,15.75,65,3,TCACCGAATTTGCACTGTAA,62,2506814
mhpRp2,0.5,4,3,TCACAACTCTACATAAATCA,1,2494218
mhpRp2,14.0,58,3,TATCGAGTCATGGCGCTAAC,55,2481088
mhpRp2,11.5,48,3,TATAAAAGTCCGCACGACCT,45,2503123
mhpRp2,21.0,86,3,TAGCGTCTCGCCCACAGTTA,83,2491992
mhpRp2,0.5,4,3,TACGGTAGGCCATTGGGAGC,1,2530138
mhpRp2,11.5,48,3,TAATTTCGGTGATTACGGGA,45,2539430
mhpRp2,14.25,59,3,TAATCATGGCCTTTGCATAT,56,2544290
mhpRp2,10.0,42,3,GTTTCGACTCCCGCGCATAT,39,2487881
mhpRp2,11.5,48,3,GTTGATGATGGTTGGATGGG,45,2492545
mhpRp2,16.5,68,3,GTGTTTGCGATGTGTAAAGC,65,2510513
mhpRp2,12.5,52,3,GTGGTTATGGACGCCATTGA,49,2490303
mhpRp2,0.5,4,3,GTGGGTATGATAGAAGCTAC,1,2482153
mhpRp2,16.0,66,3,GTGATTCGTAGTATTGCTGG,63,2522302
mhpRp2,0.5,4,3,GTCGCAATCAGCAGCCGGGA,1,2523165
mhpRp2,16.25,67,3,GTCCTGACAGTTAGTCCTTT,64,2521419
mhpRp2,4.75,21,3,GTAACCCATTAGATTACTGA,18,2516182
mhpRp2,9.5,40,3,GGTGGCATCGTGCCTGCAAT,37,2535493
mhpRp2,16.25,67,3,GGTACTAAACGGCGACCGTA,64,2542319
mhpRp2,0.5,4,3,GGGTGCGACCTTCGGCTTTC,1,2526906
mhpRp2,14.75,61,3,GGCCCCTACTGTCATCCAAA,58,2496408
mhpRp2,13.5,56,3,GGCACGAACGGTCGGCGCAA,53,2537514
mhpRp2,16.5,68,3,GGATTACCGGTGCGGCTTAT,65,2528267
mhpRp2,16.0,66,3,GGAGCATAGCCTTGCATATT,63,2507385
mhpRp2,0.5,4,3,GGACCTGGCTGTGAACATTA,1,2524564
mhpRp2,14.75,61,3,GCTGTGGAATTCGTAGCGAG,58,2479787
mhpRp2,10.5,44,3,GCTCCGTGTGGTGACTCTTC,41,2524885
mhpRp2,18.25,75,3,GCGGTTTATTGGGCAAATGT,72,2510498
mhpRp2,12.5,52,3,GCGGAGTTATTGTGAGGTAT,49,2484516
mhpRp2,13.75,57,3,GCGATTCAACTGTGCCTTCT,54,2506906
mhpRp2,0.5,4,3,GCCTCGGTGGCTACCTCGAC,1,2506916
mhpRp2,0.5,4,3,GCCGGTGCGCGACGTAAATT,1,2502472
mhpRp2,24.0,98,3,GCATAAATAAACTGTCTTCT,95,2541319
mhpRp2,16.25,67,3,GCAGCTAGTGTTCTCCGGCT,64,2493620
mhpRp2,11.25,47,3,GATTGATCTATGGTACTCTA,44,2480437
mhpRp2,0.5,4,3,GATTCAGTTGTAGACTGGCT,1,2483403
mhpRp2,13.25,55,3,GATTCAAGGTGCGAGCCATC,52,2483674
mhpRp2,18.0,74,3,GATGTATAACCGACTTTCCA,71,2519473
mhpRp2,0.5,4,3,GATGTAAGTCGAGGCCCCTA,1,2502433
mhpRp2,13.75,57,3,GAGTAGACCACGAATAGTGA,54,2494332
mhpRp2,6.5,28,3,GAGATCTACCAAAGGTTCGC,25,2545252
mhpRp2,0.5,4,3,GAGACAACCAATATGTGAAT,1,2487549
mhpRp2,11.25,47,3,GACCCTATCATACTCCGTGA,44,2481795
mhpRp2,15.75,65,3,GAAGTCTGCGTCGCTACCAT,62,2530248
mhpRp2,14.0,58,3,GAACAGGAATCCTCTCTAGC,55,2521086
mhpRp2,15.75,65,3,GAAAGTACTCCAACCTACAT,62,2538021
mhpRp2,13.0,54,3,CTTTCCAAACCTAGGCTGGG,51,2502303
mhpRp2,19.75,81,3,CTTTATACCTAAGTAACACG,78,2517422
mhpRp2,15.5,64,3,CTTGCTTACGACGGTGCCGC,61,2496634
mhpRp2,16.25,67,3,CTTGCCTCGATATTCTGTGA,64,2492033
mhpRp2,15.5,64,3,CTTATGTACTCTCTAGGGGT,61,2489707
mhpRp2,9.25,39,3,CTGTGATATGGTTCTACCAT,36,2510723
mhpRp2,13.25,55,3,CTGCGACCGCCACCCGTAAA,52,2518305
mhpRp2,0.5,4,3,CTGAGGCCAAGTTCCCGTGT,1,2508172
mhpRp2,0.5,4,3,CTGAATGAATACAGGGGAGT,1,2482349
mhpRp2,0.5,4,3,CTCTTTTTTGATGCTTCTCA,1,2494223
mhpRp2,0.5,4,3,CTCTCGTACTTGCAAGGACT,1,2542676
mhpRp2,10.5,44,3,CTCTCATCTGGCACATATTG,41,2488151
mhpRp2,9.0,38,3,CTCAAACGTGGCAGCTACCC,35,2531112
mhpRp2,24.5,100,3,CTAGCTACACATATGTCCAT,97,2516323
mhpRp2,10.5,44,3,CTACGCGCAGCTCTTGGATC,41,2526384
mhpRp2,12.25,51,3,CGTTGGGCCGGTGAGTGTTA,48,2505706
mhpRp2,13.75,57,3,CGTTGGACTCGGCTGTTGTC,54,2497980
mhpRp2,13.25,55,3,CGTAGGAGCCCAGAATTGTC,52,2505853
mhpRp2,17.5,72,3,CGGTTAGGTTATTCCGTTCT,69,2535099
mhpRp2,10.5,44,3,CGGGAAATCTATCATAGTTA,41,2516881
mhpRp2,8.75,37,3,CGGCACCATGCCCAAAACGG,34,2540139
mhpRp2,8.25,35,3,CGCCGAGCTTACACCACCTC,32,2501647
mhpRp2,10.25,43,3,CGCCATTGTCAAAATGTTAG,40,2526753
mhpRp2,12.75,53,3,CGATTGTACGGCAAACGTTT,50,2487894
mhpRp2,16.25,67,3,CGAAATTTAAGGAAGGTTAA,64,2516225
mhpRp2,0.5,4,3,CCTTGACTATGTGCCATCAG,1,2538450
mhpRp2,10.25,43,3,CCTGCTGGCGCCAACCACGG,40,2532154
mhpRp2,11.75,49,3,CCTCGGGGAAGTGATCCGGA,46,2486685
mhpRp2,0.5,4,3,CCTCGCAAAGATCTCATTGT,1,2535438
mhpRp2,12.25,51,3,CCGTTGCTGACAGATGGCGG,48,2481455
mhpRp2,3.75,17,3,CCGCAACTTATAGGAACGCT,14,2490666
mhpRp2,0.5,4,3,CCGATTTGCGAGTTATTTGT,1,2522471
mhpRp2,31.5,128,3,CCGAGGAGCTGAGTGGAGGA,125,2523254
mhpRp2,14.0,58,3,CCCTCGCTTTCCGAGCTCGC,55,2501002
mhpRp2,16.75,69,3,CCCTCAACTCTGGACCGAGA,66,2490411
mhpRp2,12.5,52,3,CCCGCGCTTATATGTTAATG,49,2516135
mhpRp2,7.25,31,3,CCCAAAATCACCTGGGTGGG,28,2518938
mhpRp2,15.75,65,3,CATTTAAAGTGACGTATTCG,62,2524430
mhpRp2,19.25,79,3,CATAAGACTACCGTCACCCA,76,2511703
mhpRp2,13.25,55,3,CAGTTGTGGCATTGTGGCGT,52,2483076
mhpRp2,14.5,60,3,CAGTACAAAGCCGAGATCTA,57,2503390
mhpRp2,17.5,72,3,CAGGGATACGGGTTCCGGTA,69,2522163
mhpRp2,13.75,57,3,CAGGGAATGAATCGGGGGTT,54,2489279
mhpRp2,14.75,61,3,CAGCGTTAGTTCGTGTTCGA,58,2488589
mhpRp2,34.5,140,3,CAGCGACGAGCATTGAACAC,137,2517229
mhpRp2,8.0,34,3,CACTTGTTAGGTGCGCAAGG,31,2493804
mhpRp2,11.75,49,3,CACGTTTAATCACTGGATTG,46,2517477
mhpRp2,5.75,25,3,CACCCTACGAAAGGGGCGCC,22,2541845
mhpRp2,0.5,4,3,CAAAGGCATCTACCTCGACT,1,2499347
mhpRp2,15.25,63,3,ATTAGGACACACCACCACCA,60,2541537
mhpRp2,14.5,60,3,ATTACTCACAGGCGCGGCGC,57,2523323
mhpRp2,13.75,57,3,ATGTTTCTGATCCCAGTCTT,54,2508171
mhpRp2,15.75,65,3,ATGTATGGCTGCAAATAGTT,62,2521531
mhpRp2,18.5,76,3,ATGGTTCAGAAGGGAACATT,73,2538050
mhpRp2,16.0,66,3,ATGCGTTCTTCTAGCAAACC,63,2480319
mhpRp2,27.0,110,3,ATGCGTAAGGGTGGGGTTGC,107,2481717
mhpRp2,15.75,65,3,ATGCATGTGCTCTGAACGGC,62,2531739
mhpRp2,22.0,90,3,ATGCAAGCTTTAGCATCAAT,87,2492970
mhpRp2,15.0,62,3,ATAGGTTACGGAGCCAATTT,59,2501038
mhpRp2,19.25,79,3,ATACGTTGTTGAAAGGTCCT,76,2490423
mhpRp2,13.5,56,3,ATACAGGTTTCCAGTAGGCT,53,2515279
mhpRp2,9.0,38,3,ATAAATCCATTATAATTGGC,35,2487647
mhpRp2,18.5,76,3,AGTTATAAACTGAAAGCCTC,73,2498521
mhpRp2,0.5,4,3,AGTGTGAATGCGAGGGGAAG,1,2535679
mhpRp2,20.75,85,3,AGTGCTCATGCGACCTAAAT,82,2485164
mhpRp2,12.75,53,3,AGTCCGATTGCTCGGTGCGT,50,2543717
mhpRp2,0.5,4,3,AGTCACGTGCTTGCCGTCTT,1,2502134
mhpRp2,14.75,61,3,AGGTTTAGACTTGATGATAG,58,2499345
mhpRp2,10.75,45,3,AGGTTGGGTAACCAACGCAG,42,2541704
mhpRp2,8.0,34,3,AGCGCACCTCAGTAGCGGCG,31,2531032
mhpRp2,0.5,4,3,AGCGAGCTTCGCCGGAGGGT,1,2534923
mhpRp2,15.5,64,3,AGATCGATATCTACAACCGC,61,2525700
mhpRp2,1.0,6,3,AGATAGGCTTTGAGTGCCTT,3,2531116
mhpRp2,17.0,70,3,AGAGTGTTCATTTGTAGCAG,67,2498519
mhpRp2,21.5,88,3,AGAGCAAGATGTGATAATAA,85,2501852
mhpRp2,39.25,159,3,AGAATTACCTTAGGTTCGTA,156,2538435
mhpRp2,4.0,18,3,ACTGGTCCATGGTGAAACTT,15,2485576
mhpRp2,0.5,4,3,ACGTTTCGCCTTGGTTACCA,1,2525547
mhpRp2,12.75,53,3,ACGGACCCGCCGTGGGAGAT,50,2501050
mhpRp2,16.25,67,3,ACGCTGTTCAGTCAGTCCGA,64,2535986
mhpRp2,5.75,25,3,ACCGAATCGGGTATACCCGT,22,2540145
mhpRp2,11.25,47,3,ACAGCTATCTTCTCCTTCAG,44,2519084
mhpRp2,17.5,72,3,ACACAAGTACCATAAACTGA,69,2540024
mhpRp2,17.75,73,3,ACAAGTTGGAACCGCTGCCA,70,2499929
mhpRp2,13.0,54,3,AATTCATCTATGTTTGCGAG,51,2510168
mhpRp2,16.5,68,3,AATTACGAGTCACTCCAACA,65,2509771
mhpRp2,15.75,65,3,AATGCGTATGGTGGATACGA,62,2485339
mhpRp2,20.0,82,3,AATACGCTTATCTGTCTTGT,79,2510827
mhpRp2,10.5,44,3,AAGACAGTCCTTATATACGG,41,2529438
mhpRp2,25.5,104,3,AACGTCAAAAAGTGCTGATG,101,2484581
mhpRp2,0.5,4,3,AACCCTACTCTAAAGGTAAG,1,2512667
mhpRp2,0.5,4,3,AACAGACCTTGAACTGATAA,1,2544728
mhpRp2,0.5,4,3,AAAGATTCAGGTGGAGCAAC,1,2502948
mhpRp2,14.25,59,3,AAACGAGACAGGGGGTCGTA,56,2504016
mhpRp2,17.0,70,3,AAAATCTTGTCGTATTCGTT,67,2542221
mhpRp2,7.0,30,3,AAAACCGGTCGCAACTCATG,27,2544458
mhpRp2,23.333333333333332,71,2,TTTTGTCGGAGTGAGGTATT,69,2539186
mhpRp2,17.666666666666668,54,2,TTTTGACCTGCCAGTAAATG,52,2543580
mhpRp2,12.333333333333334,38,2,TTTGGTGGGCGGTGCAAGAT,36,2544074
mhpRp2,29.0,88,2,TTTGGACCATTCCTTAATGA,86,2484891
mhpRp2,22.333333333333332,68,2,TTTGCCAATATCACTAGGTA,66,2510765
mhpRp2,0.6666666666666666,3,2,TTGCTCATGGACGTGTCGAA,1,2523799
mhpRp2,51.333333333333336,155,2,TTCTTCTTAGGAGTGCTTAG,153,2513035
mhpRp2,14.666666666666666,45,2,TTCCGGCGGATCCCCGCAAT,43,2482099
mhpRp2,25.0,76,2,TTCCCATAGCACGCAAACGA,74,2521133
mhpRp2,0.6666666666666666,3,2,TTACCGAGTAGGGGGGTTGC,1,2530888
mhpRp2,22.333333333333332,68,2,TGTGTAGTTAGGAGTGTGCG,66,2495996
mhpRp2,14.0,43,2,TGTGAAAAGTGTTAGATCCA,41,2480778
mhpRp2,0.6666666666666666,3,2,TGGTACCTGTCTCTATGCGA,1,2520415
mhpRp2,16.0,49,2,TGGAGGCCGTGCTGTGCCGT,47,2487618
mhpRp2,29.0,88,2,TGCTGTCCGGGCTGGAAATA,86,2534173
mhpRp2,0.6666666666666666,3,2,TGCTCTCTCGACTCTCAAGG,1,2515579
mhpRp2,25.666666666666668,78,2,TGCATTTTCCTCAAGGTATA,76,2504146
mhpRp2,0.6666666666666666,3,2,TGATATCCAATCTGAGATGA,1,2513266
mhpRp2,0.6666666666666666,3,2,TGACTGGTTCCGTGCACAGG,1,2543376
mhpRp2,36.333333333333336,110,2,TCTTCCCGGGTTAGATTAAT,108,2479770
mhpRp2,40.333333333333336,122,2,TCTCGTGCGCCGCCCGGTGT,120,2544712
mhpRp2,16.333333333333332,50,2,TCTCCATCAAGAAGAAGGCG,48,2516523
mhpRp2,24.666666666666668,75,2,TCTAGGTTCTTTTTCTGACT,73,2496680
mhpRp2,18.666666666666668,57,2,TCGATCGTGCCACCAGGTCG,55,2498092
mhpRp2,0.6666666666666666,3,2,TCCTAATGCTCGCGATACAT,1,2496572
mhpRp2,18.0,55,2,TCCGGAGGAATTATCTCATA,53,2510310
mhpRp2,0.6666666666666666,3,2,TCCAGTCGCGATTTGAATAT,1,2527539
mhpRp2,0.6666666666666666,3,2,TCATGGTTAGACCCCCTCGT,1,2484682
mhpRp2,13.666666666666666,42,2,TCATGGGTGGGCGCCGTAGT,40,2506444
mhpRp2,25.0,76,2,TCACGCTAGGCTGAACTGCA,74,2522709
mhpRp2,18.333333333333332,56,2,TCAAATCCCATATTCGGAAA,54,2512728
mhpRp2,18.0,55,2,TATTGGGGAGTTTTATTGTG,53,2480235
mhpRp2,18.0,55,2,TATACGCTCCGAGCGCCAGA,53,2530076
mhpRp2,16.0,49,2,TATAATGCTTCAGTAGGTCA,47,2533088
mhpRp2,24.333333333333332,74,2,TAGGCAGGAAATGACAGATA,72,2529500
mhpRp2,17.0,52,2,TAGATGCCTTGCTGGTACAG,50,2486342
mhpRp2,0.6666666666666666,3,2,TAGACAGATGCAGTGCTTAC,1,2486299
mhpRp2,17.666666666666668,54,2,TACTTGTAACACAGACCACG,52,2512298
mhpRp2,19.0,58,2,TACTCTGCGCAGTCGTCGCA,56,2508953
mhpRp2,17.666666666666668,54,2,TAACACTGACCACATCATGT,52,2525420
mhpRp2,31.0,94,2,GTTTACAATCAGCAGCCTCC,92,2491514
mhpRp2,16.333333333333332,50,2,GTTCGTATCCATATTCCTAC,48,2532811
mhpRp2,46.0,139,2,GTTATCACTAAGAGGTTTTT,137,2539641
mhpRp2,25.0,76,2,GTGGCGACCTTTGCATTAGG,74,2516188
mhpRp2,17.666666666666668,54,2,GTCTACCAAGAGCCCAATCA,52,2518443
mhpRp2,13.0,40,2,GTATAGGAAACGTCGACCCT,38,2500488
mhpRp2,22.666666666666668,69,2,GTACTAGGTCTTTATATACG,67,2499296
mhpRp2,17.666666666666668,54,2,GTACGGTTGGATGCAAGAGT,52,2509757
mhpRp2,21.666666666666668,66,2,GTAACACCAATCTGGGCTAG,64,2516195
mhpRp2,0.6666666666666666,3,2,GTAAACGATTTGCCCTTGAC,1,2481299
mhpRp2,17.0,52,2,GGTGGAGTAAGAATGCATGA,50,2479956
mhpRp2,20.666666666666668,63,2,GGTGCTTGCTCATCCTCGTC,61,2479606
mhpRp2,15.0,46,2,GGTCGTTTAAATCTGACTTA,44,2498252
mhpRp2,0.6666666666666666,3,2,GGTAAATACTGTTTTGACGA,1,2483234
mhpRp2,35.0,106,2,GGTAAAGTAAATCTTACGAT,104,2529555
mhpRp2,19.333333333333332,59,2,GGGTAGAGACGCAGACAGGA,57,2525453
mhpRp2,16.0,49,2,GGGGCGTACAGAAGGGGGTA,47,2533628
mhpRp2,79.0,238,2,GGGACGTTTGACATGACCAA,236,2504259
mhpRp2,10.333333333333334,32,2,GGCTAGCGCTCGTGTCTCAC,30,2532333
mhpRp2,18.666666666666668,57,2,GGCATTAATCGACGAGACGG,55,2504574
mhpRp2,0.6666666666666666,3,2,GGCAACGGGGCGAACAGAAT,1,2499398
mhpRp2,23.0,70,2,GGAGTTAAGGCTCGGATTTT,68,2489191
mhpRp2,37.666666666666664,114,2,GGAGCGCATTTGCTGAGGTA,112,2494893
mhpRp2,27.0,82,2,GGAGATGTATGAGCATATTA,80,2499634
mhpRp2,21.0,64,2,GCTTTTCCATTCAGCTTTCA,62,2505212
mhpRp2,0.6666666666666666,3,2,GCTGTTTTTCTGGTGTAAAA,1,2479721
mhpRp2,14.0,43,2,GCTGCCGAATAGCCGGAGTA,41,2536035
mhpRp2,20.333333333333332,62,2,GCTCTTAGCTTAAGTTACGG,60,2529942
mhpRp2,19.0,58,2,GCGTGGAACAGGGCATCTTC,56,2492993
mhpRp2,21.0,64,2,GCGGCCCTACAAGGTCCTTC,62,2493194
mhpRp2,1.0,4,2,GCGAGTTCGTTAAGCCGTAG,2,2534805
mhpRp2,12.333333333333334,38,2,GCGACACCTTAGCCGAAAAG,36,2487785
mhpRp2,14.666666666666666,45,2,GCCTTGACAAATGGACGCAA,43,2482759
mhpRp2,0.6666666666666666,3,2,GCCTCAGGGTTCCACAAGGA,1,2486868
mhpRp2,8.666666666666666,27,2,GCCGCGGCGTTAAAGTCATG,25,2517105
mhpRp2,6.333333333333333,20,2,GCAATATGGTCCTCCATCGG,18,2539002
mhpRp2,18.666666666666668,57,2,GATGGGAGCGGCTATAACTA,55,2499933
mhpRp2,15.0,46,2,GAGACTTTGGACATCATTGG,44,2542746
mhpRp2,17.333333333333332,53,2,GACCGGCTATACATAAGAGT,51,2504448
mhpRp2,18.333333333333332,56,2,GACAATGCGGGGCAACTTAT,54,2490399
mhpRp2,32.0,97,2,GACAAGTGCGCTAAATCCGA,95,2539432
mhpRp2,0.6666666666666666,3,2,GAATCTGTTCACGGGGATGC,1,2507694
mhpRp2,36.666666666666664,111,2,GAAAATGATGCCCCGCGAAT,109,2540420
mhpRp2,0.6666666666666666,3,2,CTTTGCTCCGGCAGGTATGC,1,2497562
mhpRp2,0.6666666666666666,3,2,CTTTACCTCAGTCTGTTGAT,1,2529950
mhpRp2,35.333333333333336,107,2,CTTATACACAGGTTGAATTT,105,2481203
mhpRp2,0.6666666666666666,3,2,CTGTTAAAGCGCTGTGATGT,1,2499837
mhpRp2,18.333333333333332,56,2,CTGCCATGGGTACTGGATGG,54,2503918
mhpRp2,26.333333333333332,80,2,CTCTCAAGTGCCCCCAGGAC,78,2525455
mhpRp2,11.666666666666666,36,2,CTCCTTGCAACGGATAGGAC,34,2534042
mhpRp2,0.6666666666666666,3,2,CTCACTTGTCACTGGAGTCA,1,2531875
mhpRp2,19.666666666666668,60,2,CTCACCGATGCCCCCGCATG,58,2525553
mhpRp2,18.0,55,2,CTCAAGAAGTTAATAAGATG,53,2542393
mhpRp2,10.333333333333334,32,2,CTATTTTAGAAGGTGGTATC,30,2534308
mhpRp2,24.333333333333332,74,2,CTATGTGGTCTCACATTCCC,72,2535918
mhpRp2,22.0,67,2,CTAATCCCTAACCCTTACAG,65,2489280
mhpRp2,5.0,16,2,CTAACTTCGGCGGAACGTTG,14,2502242
mhpRp2,18.0,55,2,CTAACTCTCAACTTTGTTTG,53,2491779
mhpRp2,24.333333333333332,74,2,CGTTCACTTCTACGAGAGTC,72,2492605
mhpRp2,22.333333333333332,68,2,CGTTATACGAGCATGGGACG,66,2522792
mhpRp2,18.0,55,2,CGTTAATTGGGCACAGAAAC,53,2525577
mhpRp2,23.666666666666668,72,2,CGTGCTCACATGGAATTGAA,70,2498676
mhpRp2,29.666666666666668,90,2,CGTCCTGATGTTCAATGATG,88,2521897
mhpRp2,23.666666666666668,72,2,CGGACTATCTGCTGGCTAAA,70,2500518
mhpRp2,16.666666666666668,51,2,CGCGACTTAGTAAGTTGCCT,49,2520796
mhpRp2,15.666666666666666,48,2,CGCCGGTCGGCCTTCGTGCG,46,2544492
mhpRp2,19.0,58,2,CGCCGCCTCGGGTTGAGTCA,56,2498457
mhpRp2,67.0,202,2,CGATAAATGTTCATCACTAT,200,2501407
mhpRp2,19.333333333333332,59,2,CGAAACCTACCGCCCGGGCG,57,2520055
mhpRp2,22.333333333333332,68,2,CCTGGCTAAGCTCGACAAAG,66,2486532
mhpRp2,21.0,64,2,CCTGCATACTCTACTAAGGA,62,2532044
mhpRp2,13.666666666666666,42,2,CCGGGACGATGATAGAGCGA,40,2526615
mhpRp2,0.6666666666666666,3,2,CCCTCTCGCCGCCATCATAT,1,2501759
mhpRp2,23.0,70,2,CCCATCGATAAGTCGAGTTA,68,2512209
mhpRp2,15.333333333333334,47,2,CCATGATACTCGGTGCACCA,45,2492098
mhpRp2,15.333333333333334,47,2,CCAGTCACCCCGCCCGGACG,45,2500905
mhpRp2,0.6666666666666666,3,2,CCAGGGCAGCACGCCAGCCG,1,2516328
mhpRp2,35.0,106,2,CCACCTTCGTTGTATCACTC,104,2499869
mhpRp2,18.333333333333332,56,2,CCAATGTTGCAGACATCGCA,54,2540450
mhpRp2,25.333333333333332,77,2,CCAAGAAAATACACTGGCTA,75,2484165
mhpRp2,30.666666666666668,93,2,CATGTTAAGAGTCAGGACAA,91,2522738
mhpRp2,24.333333333333332,74,2,CATGAGTCCGAGTGGCGGTT,72,2521943
mhpRp2,0.6666666666666666,3,2,CATGAGCCAGAGACTTGAGT,1,2515442
mhpRp2,38.0,115,2,CATCGATTGAAGTCAAAGCG,113,2514852
mhpRp2,20.666666666666668,63,2,CATAGGCCGGTCTGTATCCC,61,2486207
mhpRp2,0.6666666666666666,3,2,CAGTTATGATCTAAACCTGG,1,2494448
mhpRp2,0.6666666666666666,3,2,CACTGGCCCTATTTGCGACC,1,2545799
mhpRp2,18.333333333333332,56,2,CACTGCCGTTATACGTTATT,54,2492403
mhpRp2,8.0,25,2,CACTCTGAAAATAAGACGTT,23,2489857
mhpRp2,24.666666666666668,75,2,CACCTCAAACCAAATGGGTA,73,2525714
mhpRp2,0.6666666666666666,3,2,CACAATATGGGTGGTGTCAC,1,2506958
mhpRp2,11.0,34,2,CAATTTTTACGCGATCATTT,32,2490928
mhpRp2,22.666666666666668,69,2,CAATAGGGTCATAACATTTG,67,2482786
mhpRp2,26.333333333333332,80,2,CAAACAGAACTTATATTGAT,78,2512361
mhpRp2,18.666666666666668,57,2,ATTGTAATTAGGGAACGGAT,55,2519396
mhpRp2,14.666666666666666,45,2,ATTGAATATTCTCGTGGGCG,43,2530319
mhpRp2,14.0,43,2,ATTCTGGTCATCGTCGGGAG,41,2524716
mhpRp2,1.0,4,2,ATGGCGGGGCGGCTTGTGTC,2,2508739
mhpRp2,18.333333333333332,56,2,ATGGCAGCGGTCATTACAGC,54,2517448
mhpRp2,21.0,64,2,ATGGATAGAACACCATTTAG,62,2491187
mhpRp2,24.333333333333332,74,2,ATGCTTCACAGTTGGGCGCC,72,2501339
mhpRp2,18.666666666666668,57,2,ATGCGGTCTCTATAAATGGC,55,2544023
mhpRp2,36.666666666666664,111,2,ATGAATTGCAAGCCTGTCAT,109,2482110
mhpRp2,16.0,49,2,ATCGCCGCGGTATGGTGTGG,47,2526235
mhpRp2,24.0,73,2,ATCCGCTAACATCAGGACGG,71,2497752
mhpRp2,0.6666666666666666,3,2,ATCCAGCGGGTTCTGGCACT,1,2523047
mhpRp2,0.6666666666666666,3,2,ATAGCGTACCAAATAGTGGC,1,2528452
mhpRp2,26.333333333333332,80,2,ATAGATGTATATTCATCCTA,78,2516033
mhpRp2,16.0,49,2,AGTTGCTCCTGAGCATCGTT,47,2512029
mhpRp2,17.666666666666668,54,2,AGTCGGGTGGGACATTGGGA,52,2516570
mhpRp2,24.0,73,2,AGTCATGCGGTTACCCTGAG,71,2510521
mhpRp2,26.666666666666668,81,2,AGTAGGCTAGTGTGTCTATT,79,2533641
mhpRp2,24.666666666666668,75,2,AGTAAAGCACAGCCGGTCCA,73,2504471
mhpRp2,18.333333333333332,56,2,AGGTGCAATGGGTATGCACG,54,2539287
mhpRp2,0.6666666666666666,3,2,AGCTGACCCGAATCATAAGC,1,2531273
mhpRp2,19.666666666666668,60,2,AGCTCCGAACTTTGCAGATC,58,2490981
mhpRp2,16.0,49,2,AGCGTCGTTATGCTATGGTT,47,2528201
mhpRp2,39.333333333333336,119,2,AGCCTCGAGCCAAGTAACCT,117,2513609
mhpRp2,45.666666666666664,138,2,AGCAGAGCCATGAGTGTAAA,136,2514502
mhpRp2,0.6666666666666666,3,2,AGAGGCTAGTTGTACGTACG,1,2481155
mhpRp2,23.333333333333332,71,2,ACTGGCATAATGAACGTGCG,69,2519055
mhpRp2,37.0,112,2,ACTGCCAAACTGAATTCTAA,110,2518700
mhpRp2,0.6666666666666666,3,2,ACTCGTGAGTGGCCGCGGCT,1,2481493
mhpRp2,17.0,52,2,ACTCCGAGCGCCAGGCCTTT,50,2511480
mhpRp2,13.0,40,2,ACGTGACGGGGACAGCGTAG,38,2515947
mhpRp2,10.666666666666666,33,2,ACGAATCTGTTCCTAGTAGT,31,2506853
mhpRp2,20.333333333333332,62,2,ACGAAGATGGGCCTGGAAAT,60,2510376
mhpRp2,21.333333333333332,65,2,ACCATTTCTGGGCGGTAACT,63,2483833
mhpRp2,2.0,7,2,ACAGTCCGAATAAAGCCCGA,5,2495266
mhpRp2,22.0,67,2,ACAAGGCCTCGATGACTCCA,65,2532317
mhpRp2,21.666666666666668,66,2,ACAAGCGTCGATTTCCCAGT,64,2495987
mhpRp2,22.666666666666668,69,2,ACAACTGAGTATAGGAATCC,67,2527433
mhpRp2,0.6666666666666666,3,2,AATTGGATCGCCCCGTGATA,1,2508746
mhpRp2,21.0,64,2,AATGGACCCTTATGTAGAAA,62,2530773
mhpRp2,19.0,58,2,AATGCTTCCTCAACAGTGCT,56,2486876
mhpRp2,22.333333333333332,68,2,AAGTAGTCTGTTTGCGAGCA,66,2507904
mhpRp2,22.333333333333332,68,2,AAGTAGAACAGCGAAGGCCA,66,2530043
mhpRp2,17.666666666666668,54,2,AAGGGAGCTTGTCGTTACGA,52,2535464
mhpRp2,20.666666666666668,63,2,AACTTTGCGTTTGTAAACCC,61,2493887
mhpRp2,16.0,49,2,AACTGATTACACCAGGGTGT,47,2500496
mhpRp2,19.666666666666668,60,2,AACTATAGGCTCGTACCGCT,58,2525283
mhpRp2,16.0,49,2,AACCCCCGGCCCTTCGCTTG,47,2497552
mhpRp2,0.6666666666666666,3,2,AACAGCTTGACTTTAGTAGA,1,2503465
mhpRp2,41.0,82,1,TTTGTCCCTTTATACGAAAT,81,2544280
mhpRp2,1.0,2,1,TTTAAAGCTCCGTGCGAAGA,1,2484412
mhpRp2,1.0,2,1,TTGACGCACAGGGGACAGTG,1,2528447
mhpRp2,1.0,2,1,TTATTCGGGCAACATGGAGA,1,2520449
mhpRp2,43.0,86,1,TTAGCGTCCACGTCCGTCCA,85,2538643
mhpRp2,31.5,63,1,TGTTGGTCCCTAACTATCAT,62,2522786
mhpRp2,1.0,2,1,TGTTGCCGCCCATGTTTTCA,1,2485713
mhpRp2,34.0,68,1,TGTGCGAAGTTGACCACAAG,67,2481200
mhpRp2,23.5,47,1,TGTACGTCGGGAGTATTTGC,46,2535553
mhpRp2,19.0,38,1,TGGGGTTTATCAATGACACG,37,2509925
mhpRp2,39.5,79,1,TGGAGCTCATCTGATTACGG,78,2491008
mhpRp2,13.0,26,1,TGCGCCATAGAGGGTACTTG,25,2543648
mhpRp2,31.0,62,1,TGATTGAACACGCGTATGAG,61,2535976
mhpRp2,29.5,59,1,TGACAATCTATGACGCATGC,58,2542303
mhpRp2,34.5,69,1,TCTGAGTCGGCTGTGTGACC,68,2543215
mhpRp2,36.0,72,1,TCTCGCGAATACGGATGTAG,71,2484889
mhpRp2,1.0,2,1,TCTATTTATTACTCTTAAGT,1,2534748
mhpRp2,30.5,61,1,TCTAGGATTGACGACAGGAT,60,2482600
mhpRp2,31.5,63,1,TCGTGATCAGAAAGTAATGT,62,2531633
mhpRp2,27.0,54,1,TCGGCTGACATTCGCTCTCA,53,2543662
mhpRp2,11.0,22,1,TCCGGCAAGCGTTGACAGTC,21,2486577
mhpRp2,20.5,41,1,TCCGAGCGCATGGACAGAAT,40,2518207
mhpRp2,28.5,57,1,TCCCTTGGAGAAATCACGAG,56,2521284
mhpRp2,31.0,62,1,TCACAGTGCTCGTCTCGAAC,61,2533850
mhpRp2,26.5,53,1,TATTGCGCCGTTGGTTTCTT,52,2498786
mhpRp2,26.0,52,1,TATCATCCGCGGCACACCGT,51,2526240
mhpRp2,32.0,64,1,TATCATCAAGGCAGGAAGCA,63,2535331
mhpRp2,1.0,2,1,TATCACAGATCTTATTGGCT,1,2520143
mhpRp2,1.0,2,1,TAGCGCGATTATCTTTAAGT,1,2508666
mhpRp2,38.5,77,1,TAGCAATAATATCAAGTAAT,76,2496400
mhpRp2,33.5,67,1,TAGAGTACCGCGGGGGTATT,66,2498055
mhpRp2,40.0,80,1,TACGCTGATCCCAGTTTCAC,79,2479807
mhpRp2,53.5,107,1,TACGAACTAACAACGCAATG,106,2519962
mhpRp2,1.0,2,1,TACCGCGGGTGGCGATTCAG,1,2487053
mhpRp2,1.0,2,1,TAATGTGTGTGTTTTGTCTC,1,2534775
mhpRp2,1.0,2,1,TAACAACCCCAGAGGAATTA,1,2508505
mhpRp2,16.0,32,1,GTTTTACGTACACCCCCCTT,31,2529852
mhpRp2,40.5,81,1,GTGTCAAGCTTTAGTTTATA,80,2515100
mhpRp2,18.0,36,1,GTGTAAGGCCCAAATAGGTT,35,2489437
mhpRp2,47.0,94,1,GTGCAGGCGTGGACGTCGGG,93,2487115
mhpRp2,28.0,56,1,GTCTGATAGTGATTCGGCGC,55,2493261
mhpRp2,23.5,47,1,GTCCCGGGGGCGGCCCCCTA,46,2532424
mhpRp2,1.0,2,1,GTATGTGTCCGGGTACTGCG,1,2514844
mhpRp2,29.5,59,1,GTACGTTAAACGGCGGCTCT,58,2507390
mhpRp2,62.0,124,1,GGTGTCATGAGCGAATCTTC,123,2514076
mhpRp2,24.0,48,1,GGTCGGAACGTCGGAAACCA,47,2516455
mhpRp2,32.5,65,1,GGTATAGGTAAAGCACCAAT,64,2499031
mhpRp2,35.0,70,1,GGGGAGACTTAGTACACACG,69,2513290
mhpRp2,1.0,2,1,GGGCAGTCAACGAATGAATA,1,2511419
mhpRp2,21.0,42,1,GGATATTCACGTGCAGAAGC,41,2543670
mhpRp2,67.5,135,1,GGACACGCTTATGACACGGT,134,2483816
mhpRp2,30.5,61,1,GGAAGATTTCCGCCGCTAGA,60,2508617
mhpRp2,29.5,59,1,GCTTGTTCAGTTGACCTCTA,58,2544093
mhpRp2,1.0,2,1,GCGTTTACACAAGATACCGA,1,2521918
mhpRp2,24.5,49,1,GCGGTCTGATAAGAGCGTCG,48,2512115
mhpRp2,24.0,48,1,GCCCCGAAGAGTCTCGCAGG,47,2518003
mhpRp2,27.5,55,1,GCATTTGTCCTTCAACTAGG,54,2481019
mhpRp2,10.5,21,1,GCATTGAGCTCTGGGCAGTA,20,2509203
mhpRp2,39.5,79,1,GCAGTTCTTATAAGATAGAA,78,2545570
mhpRp2,1.0,2,1,GCAGAGCACAGGTAATTTGT,1,2541709
mhpRp2,20.0,40,1,GCAATCCGCTTTTTGGTGTT,39,2502817
mhpRp2,30.0,60,1,GCAAGCACAAACCGCAATGT,59,2488561
mhpRp2,7.0,14,1,GATTGTTTCACGCTCGTTGT,13,2488663
mhpRp2,38.5,77,1,GATCTGTGTCGCTTTGCGAA,76,2497465
mhpRp2,29.0,58,1,GAGCTCTCACCTGACCGAGG,57,2521603
mhpRp2,32.5,65,1,GACTGGTGAGCGTTACGTGT,64,2545014
mhpRp2,24.0,48,1,GACGGTACGTCAGTGTATTT,47,2500940
mhpRp2,30.5,61,1,GACGCAGAGAATCACTATAT,60,2482279
mhpRp2,1.0,2,1,GACAGCTGTTCCCACATGCG,1,2496828
mhpRp2,20.5,41,1,GAAGTGGGGTCGGCGGTCTA,40,2540740
mhpRp2,1.0,2,1,GAAGGTTTTCCTTTGTACTG,1,2530080
mhpRp2,1.0,2,1,GAACGCATATCTTAGTTGAT,1,2483706
mhpRp2,17.5,35,1,GAAATGTTGGCAAGGCCGAC,34,2482821
mhpRp2,34.5,69,1,CTGGCGAGAGAGTTAGTTTT,68,2494149
mhpRp2,1.0,2,1,CTGCATTGAACGCACTACGT,1,2492984
mhpRp2,24.0,48,1,CTGATTTGGTTTAAGTCCGA,47,2501954
mhpRp2,29.5,59,1,CTGATAGCGAAGACCGTTAG,58,2512832
mhpRp2,1.0,2,1,CTCTTTCTATGTGCCCTTGA,1,2483366
mhpRp2,21.0,42,1,CTCGGTGTGGCTCCACTGTC,41,2545174
mhpRp2,30.0,60,1,CTCAGAGGTTTGTAGGTAAG,59,2498301
mhpRp2,17.5,35,1,CTCAAAGTCCGTCAGTCAGG,34,2506678
mhpRp2,26.5,53,1,CTATAGGTAGGCGGGTGAAC,52,2501059
mhpRp2,28.0,56,1,CTAGGGAGAGCCACTCCGAC,55,2543842
mhpRp2,38.0,76,1,CTACCTTATAACCGTTAACA,75,2513016
mhpRp2,49.0,98,1,CGTGACATGGTACATTTAAG,97,2482700
mhpRp2,25.5,51,1,CGTCGGAATCGGTGGCGTCC,50,2497706
mhpRp2,1.0,2,1,CGTCAATCGATAGAAACCAG,1,2515034
mhpRp2,21.0,42,1,CGGTGAGTAATATTTAACTC,41,2517611
mhpRp2,21.5,43,1,CGGTACCTGTCTCGAGAACG,42,2540073
mhpRp2,30.0,60,1,CGGGTGTGCCACGGTCAGCA,59,2489685
mhpRp2,1.0,2,1,CGGGCAAGTGGGGACAACAC,1,2526468
mhpRp2,3.0,6,1,CGCTACTCAAAACAGCAATC,5,2526897
mhpRp2,25.5,51,1,CGCGTGGTACCGCGGCTTAG,50,2528836
mhpRp2,14.0,28,1,CGCGGAGATTTTGCGCGATG,27,2544096
mhpRp2,21.0,42,1,CGACGGGTTGGCCACAGGAG,41,2519960
mhpRp2,1.0,2,1,CCTTCGTTACTTGATGCGCT,1,2495528
mhpRp2,28.0,56,1,CCTGCGTGTTTCTGCGTGGC,55,2526862
mhpRp2,31.0,62,1,CCTATCATTCCGTCGAGCTT,61,2498707
mhpRp2,16.0,32,1,CCGCCCGATCGTGAAGGGAA,31,2492457
mhpRp2,1.0,2,1,CCGCATGGACGCTGGACGGA,1,2489593
mhpRp2,19.5,39,1,CCCGACGATGTCGGCGACCT,38,2498718
mhpRp2,1.0,2,1,CCCAACGCAGGAGAGCAAGT,1,2480089
mhpRp2,36.5,73,1,CCATTGGCTTAGCATCTGCC,72,2534767
mhpRp2,22.5,45,1,CCATTCTAGGCACGTCGAGC,44,2480632
mhpRp2,1.0,2,1,CCATGGACCCAGCCACAAGC,1,2540390
mhpRp2,23.0,46,1,CCATAGCTTAAAGCACAACG,45,2496854
mhpRp2,41.5,83,1,CAGGCTTATTTCTCCAACAT,82,2534303
mhpRp2,21.5,43,1,CAGCTAAGAGGTCACTCCTA,42,2491626
mhpRp2,23.0,46,1,CAGATTCTACTGCAAGTCGG,45,2502256
mhpRp2,34.5,69,1,CAGAACCAAGTAAATCGAGA,68,2513243
mhpRp2,35.5,71,1,CACAACCCATTTCTGAATGT,70,2486198
mhpRp2,33.0,66,1,CAATATGCGTGGAAAAGATT,65,2503832
mhpRp2,51.0,102,1,CAACTCGTCCGGTCGGAGTG,101,2510685
mhpRp2,30.0,60,1,CAACTCCTGGGCCTATCTGG,59,2535063
mhpRp2,40.0,80,1,CAACTAGGAATAGCGTCTTA,79,2522814
mhpRp2,24.5,49,1,CAAACTCTGATCTCGGCCAT,48,2538542
mhpRp2,25.0,50,1,ATTGTTCCAGAGGTGGAGGT,49,2482278
mhpRp2,17.0,34,1,ATTGTGTGCATATATAATGA,33,2517835
mhpRp2,35.5,71,1,ATTGTGGGATTCATCTATGT,70,2493463
mhpRp2,1.0,2,1,ATTGTCGTAATTAACATGGG,1,2513508
mhpRp2,19.0,38,1,ATTGTCGGATGCCTCGGCTT,37,2503923
mhpRp2,29.5,59,1,ATTGTCCGTCTCAAAGATCC,58,2523311
mhpRp2,33.0,66,1,ATTGTAAAATAGTTCCATCT,65,2524840
mhpRp2,29.5,59,1,ATTAGCGGCCATGAAACTTC,58,2504202
mhpRp2,33.5,67,1,ATGCTCATGGGCCGCCGTGA,66,2537711
mhpRp2,25.5,51,1,ATCTCCCTCGGGTCCGACGG,50,2482883
mhpRp2,27.0,54,1,ATCTCCATTAGTATTCGCTG,53,2486544
mhpRp2,28.0,56,1,ATCGCGTTCCGACCTCAATG,55,2543567
mhpRp2,1.0,2,1,ATCATACGCACCCCATTGAC,1,2533756
mhpRp2,26.0,52,1,ATATTCGCCTGAGGTCGGAG,51,2535598
mhpRp2,1.0,2,1,ATAGGCGATGTACTTATATC,1,2529995
mhpRp2,24.5,49,1,AGTTACTCTAACCTAAAGCG,48,2491172
mhpRp2,29.0,58,1,AGTATCATATGCGATCGGGG,57,2530630
mhpRp2,27.0,54,1,AGGTAGGAACCCTCACAAGT,53,2512915
mhpRp2,18.5,37,1,AGGGCAGACCTCATTCATAA,36,2490579
mhpRp2,21.0,42,1,AGATTATTTCGCGCAGGTCC,41,2510875
mhpRp2,27.0,54,1,AGATCCGTTATGGGACAGAT,53,2502315
mhpRp2,32.5,65,1,AGAACCCTCATGAGTGAATG,64,2506681
mhpRp2,1.0,2,1,AGAAATAATTATGGGTCCCG,1,2518118
mhpRp2,11.0,22,1,AGAAAAGTCGTGCAACTTAT,21,2504516
mhpRp2,16.5,33,1,ACTTTTCACCTTGTGCATCC,32,2494420
mhpRp2,35.0,70,1,ACTGCGTGATCCCCGATAGT,69,2508221
mhpRp2,22.0,44,1,ACTGAAGGCCATGCAGTCCT,43,2521921
mhpRp2,27.5,55,1,ACTCAGGAGCTGCCAAGATG,54,2520078
mhpRp2,6.5,13,1,ACGTCCCGCAGTGGTTCTCT,12,2484484
mhpRp2,1.0,2,1,ACGGTCGCTGTAGGGCCGGT,1,2506415
mhpRp2,1.0,2,1,ACGGGGTCTCCCCATCGTTC,1,2535261
mhpRp2,11.5,23,1,ACGGGCGGTCATCGCTAGGT,22,2499932
mhpRp2,34.0,68,1,ACGCCCGGTTGGCCCTGAGT,67,2489560
mhpRp2,30.5,61,1,ACGAGTCATAGGAAGAAGTA,60,2536521
mhpRp2,24.5,49,1,ACCATGCCGGTTCCGGCGAT,48,2481755
mhpRp2,35.0,70,1,ACCAGAGGTCTAACAACGTC,69,2483443
mhpRp2,38.5,77,1,ACCACGTAGATGTCAATTAC,76,2502291
mhpRp2,1.0,2,1,ACAATACCCATCTTCGCAGA,1,2527503
mhpRp2,27.0,54,1,AATGACGAAGCTGTCATAAA,53,2500762
mhpRp2,31.5,63,1,AATAGTGCTAAGGGGCGCAT,62,2483628
mhpRp2,29.5,59,1,AAGCTTAATCCGTCCCAGCG,58,2525099
mhpRp2,26.0,52,1,AACCGCCTCCGGCGTACAGT,51,2510763
mhpRp2,1.0,2,1,AACCCGTTGGACAGTGTGAG,1,2532147
mhpRp2,33.0,66,1,AACACGCATAGGTAACTAAT,65,2504725
mhpRp2,32.0,64,1,AAAGGGGGTATAACAGAGGT,63,2508371
mhpRp2,0.008333333333333333,119,119,AACAAAGGCGGCAGCCTTAA,0,2514373
mhpRp2,0.00847457627118644,117,117,ATCGACGGTAGCTACATGTT,0,2480080
mhpRp2,0.00909090909090909,109,109,TCAAGCGTCTTGTAATAGTT,0,2522260
mhpRp2,0.009615384615384616,103,103,CCGGACGATCATTGGCTCGT,0,2481533
mhpRp2,0.010309278350515464,96,96,ATAGAAGTTCACTTTGGACA,0,2503274
mhpRp2,0.010752688172043012,92,92,CCGAGTTGAATATCAGAATA,0,2527089
mhpRp2,0.010869565217391304,91,91,ACCTGGACGGGACCGAAGGC,0,2481873
mhpRp2,0.011494252873563218,86,86,CTTGTTCACCGAACCTTCTC,0,2498044
mhpRp2,0.011494252873563218,86,86,CCTTGAACGCTAATGCTGAA,0,2497922
mhpRp2,0.012658227848101266,78,78,AACATTAAAAATCTCGTGAA,0,2480454
mhpRp2,0.01282051282051282,77,77,TTGCACGCCGACTGTGTTAA,0,2489997
mhpRp2,0.01282051282051282,77,77,CGCATTAGTCCGAAGGACGT,0,2480233
mhpRp2,0.01282051282051282,77,77,CCCTTTTTTATCCATGGGTG,0,2530119
mhpRp2,0.013333333333333334,74,74,GTTTTCACTGTGTTGCCGGA,0,2502727
mhpRp2,0.013333333333333334,74,74,ATCAACATCCGGATAAATGG,0,2539522
mhpRp2,0.0136986301369863,72,72,CATAATATATCAGCAATGAT,0,2485763
mhpRp2,0.0136986301369863,72,72,ACGGCGATGTTAGGTAAGCT,0,2486114
mhpRp2,0.013888888888888888,71,71,GTTGGACCCCAATTCACAGG,0,2496602
mhpRp2,0.014492753623188406,68,68,GGATTTGTTTCGCGGCACTA,0,2531688
mhpRp2,0.014492753623188406,68,68,CGTCCGCTTAGAGCCGCTGT,0,2482806
mhpRp2,0.014492753623188406,68,68,ACCGACTCCAAAAGCCGTGC,0,2482638
mhpRp2,0.014705882352941176,67,67,CATGTCACGGCCCTTGGAGG,0,2490298
mhpRp2,0.014705882352941176,67,67,ATCGGACAGGTGGGTGGGAA,0,2532656
mhpRp2,0.014925373134328358,66,66,GGCGACATTGGAGGGCGTCA,0,2519038
mhpRp2,0.014925373134328358,66,66,CGATCGCGAACCTCTGGAAT,0,2508211
mhpRp2,0.014925373134328358,66,66,AGGCGACTTATCACACATTA,0,2488827
mhpRp2,0.015151515151515152,65,65,TTCGGGATAGTTACCCCCAG,0,2481081
mhpRp2,0.015151515151515152,65,65,GGTTAGGAAAGAAGGGGAGC,0,2485764
mhpRp2,0.015384615384615385,64,64,GTTAACATCATGAACATGGT,0,2493336
mhpRp2,0.015384615384615385,64,64,CAAGTAGTTTACTTGTATAC,0,2506737
mhpRp2,0.015625,63,63,CGTGACGATGTATTAGTATT,0,2494418
mhpRp2,0.015873015873015872,62,62,GCTAACATTTTACGCCGTCT,0,2513439
mhpRp2,0.015873015873015872,62,62,ATCAAGTCCCCAAGGCATAC,0,2519168
mhpRp2,0.015873015873015872,62,62,ACGCGCAGGTTACGCTCCGG,0,2538959
mhpRp2,0.015873015873015872,62,62,AACGTGGGGGCACGGGGCAA,0,2496303
mhpRp2,0.016129032258064516,61,61,GATGAAAGGGCACCGAGATA,0,2503034
mhpRp2,0.016129032258064516,61,61,ATTAGATTAATAGCAGCGTC,0,2523999
mhpRp2,0.016129032258064516,61,61,AATTCGCTCAATGCGGATAT,0,2489844
mhpRp2,0.01639344262295082,60,60,GTTGGGGAATATGGTCCAGT,0,2511115
mhpRp2,0.01639344262295082,60,60,GCAACTACCATGGCTTGGCA,0,2493595
mhpRp2,0.01639344262295082,60,60,CCTTGCTCCGGGCTAAAACT,0,2511113
mhpRp2,0.016666666666666666,59,59,CGATCTGCCGAGATAACAAT,0,2529289
mhpRp2,0.016666666666666666,59,59,CCCGTTCACGTTCTACAATT,0,2531918
mhpRp2,0.016666666666666666,59,59,CCAAGGTTTTAAAATCCTAC,0,2544394
mhpRp2,0.01694915254237288,58,58,TCGCTCCGCCGAAAATAAAA,0,2483602
mhpRp2,0.01694915254237288,58,58,TACATGGGCGCCAGGCGAGT,0,2484711
mhpRp2,0.01694915254237288,58,58,TAACTAGACGAATCGGAATT,0,2529582
mhpRp2,0.01694915254237288,58,58,CGTTCTCCGATCCATTTCCA,0,2504557
mhpRp2,0.01694915254237288,58,58,CCACCCGAATCGAGTTTCCG,0,2506949
mhpRp2,0.01694915254237288,58,58,CAGATGAGGTCAATTCGTAT,0,2531576
mhpRp2,0.01694915254237288,58,58,ACTCCGTCACCTATGCTCAG,0,2483007
mhpRp2,0.017241379310344827,57,57,GTATGTTGAAGGAAGACAAG,0,2480013
mhpRp2,0.017241379310344827,57,57,GGGCTAGCCATAACAGTATG,0,2534452
mhpRp2,0.017241379310344827,57,57,GGGCGAGAGAGTAGCGCGAC,0,2501720
mhpRp2,0.017241379310344827,57,57,GCGTCCCCTACAGTTCTGGC,0,2514491
mhpRp2,0.017241379310344827,57,57,CTTCAAATTGGTACATAGGT,0,2520829
mhpRp2,0.017241379310344827,57,57,CAGTAGCAGTTGGGTTTATG,0,2530041
mhpRp2,0.017543859649122806,56,56,TGGGTTAAAGAGTTTCGATG,0,2527289
mhpRp2,0.017543859649122806,56,56,TACCCCTGCATGGCGACCTC,0,2533171
mhpRp2,0.017543859649122806,56,56,GTGCTTGAGGAACACAGCTG,0,2533154
mhpRp2,0.017543859649122806,56,56,GGGCATGGTCGTCCTTTGTT,0,2497979
mhpRp2,0.017543859649122806,56,56,GGGAATAAACTTGGGATCGA,0,2509002
mhpRp2,0.017543859649122806,56,56,GAAGGTATTTGTTGTAAGCA,0,2481976
mhpRp2,0.017543859649122806,56,56,AACAGGGTGGCCCCAGCGCA,0,2517355
mhpRp2,0.017857142857142856,55,55,TTTAACAGGAGAATTACGAA,0,2496843
mhpRp2,0.017857142857142856,55,55,TCAGCGTTGCTCAACGGATA,0,2494426
mhpRp2,0.017857142857142856,55,55,TATGTGGGTGACCTTACGGT,0,2515397
mhpRp2,0.017857142857142856,55,55,TAGCTAATAGGTTGGGGACA,0,2496299
mhpRp2,0.017857142857142856,55,55,GCTTAAGCAGTAATTCTTAT,0,2490083
mhpRp2,0.017857142857142856,55,55,GCCCTGACGGTTGCACGGCG,0,2493325
mhpRp2,0.017857142857142856,55,55,CTGGTGGTTCGCCTCCATTA,0,2484820
mhpRp2,0.017857142857142856,55,55,ATTAGGTCCCAGTCCGCTCT,0,2497240
mhpRp2,0.017857142857142856,55,55,AGCTTATCCTGCCTTCACGT,0,2485548
mhpRp2,0.01818181818181818,54,54,GAGGTCTACTTATCTAAAAG,0,2530118
mhpRp2,0.01818181818181818,54,54,CGGGTGGCCAAGTGTGATAT,0,2511579
mhpRp2,0.01818181818181818,54,54,CGCTGTCATGTCTAATTATG,0,2481335
mhpRp2,0.01818181818181818,54,54,AGACCAATTATGTTAGAAAC,0,2480854
mhpRp2,0.018518518518518517,53,53,CGTTCCCCTTAGGTGAGGAT,0,2543682
mhpRp2,0.018518518518518517,53,53,AAGAAGGTTAGGGTTGTAAT,0,2495176
mhpRp2,0.018867924528301886,52,52,TGCGCGGTAATTTCGGTATT,0,2526668
mhpRp2,0.018867924528301886,52,52,GGCGAAGCTGCTATTCGGCA,0,2482807
mhpRp2,0.018867924528301886,52,52,ACCGGATCGCTCTGTGATTC,0,2538573
mhpRp2,0.019230769230769232,51,51,TAGGCTATATTTAACGGGAC,0,2489272
mhpRp2,0.019230769230769232,51,51,GTGGTTCACTGGCTTACCTC,0,2499149
mhpRp2,0.019230769230769232,51,51,GCATAACGGACCTAGCTACT,0,2513411
mhpRp2,0.019230769230769232,51,51,CATAACAGCGGTCCGCCTCG,0,2525952
mhpRp2,0.019230769230769232,51,51,CACAAAGTTGCGCTACAGCA,0,2511041
mhpRp2,0.019230769230769232,51,51,ACCAATGGGCAGCTACTATG,0,2485317
mhpRp2,0.0196078431372549,50,50,TAGTACGCGTGCTATCAGTA,0,2519816
mhpRp2,0.0196078431372549,50,50,GGTTGCGTGGTATCAATTGA,0,2487193
mhpRp2,0.0196078431372549,50,50,GCCACGGTCAATATCCCGTG,0,2525731
mhpRp2,0.0196078431372549,50,50,CTGTCGTTCCTACTGGTGCT,0,2499677
mhpRp2,0.0196078431372549,50,50,CCGCTGAGATGCTTACGTAA,0,2510612
mhpRp2,0.02,49,49,GCCATGCTCAGAAACGCCAT,0,2543803
mhpRp2,0.02,49,49,CTGGTATCATGACCAGACCA,0,2486725
mhpRp2,0.02,49,49,CCCATAGCCTGATCGGCCCT,0,2487043
mhpRp2,0.02,49,49,AAGCCATTAGCGTACGCCCA,0,2526303
mhpRp2,0.02040816326530612,48,48,TCGGGGGGTTTACACTCAAC,0,2532237
mhpRp2,0.02040816326530612,48,48,GTACCTTAGGTTAGAGTTAT,0,2522129
mhpRp2,0.02040816326530612,48,48,GGTAAGACGGCGATTGAAAT,0,2481279
mhpRp2,0.02040816326530612,48,48,CGCGCGTTGTCTTAGGCACT,0,2525951
mhpRp2,0.02040816326530612,48,48,CAAGACCGTAACGTCCGTTA,0,2511582
mhpRp2,0.02040816326530612,48,48,AGTGCTCTAAACGCGCTGGT,0,2514795
mhpRp2,0.02040816326530612,48,48,AGCAAGGGCTCGCGTGTTGT,0,2518203
mhpRp2,0.020833333333333332,47,47,TTACTTAGCAGACCCAGCGC,0,2488304
mhpRp2,0.020833333333333332,47,47,TCCTCTGTCGTCGTGTTCAT,0,2485208
mhpRp2,0.020833333333333332,47,47,TACGGTGTAAGCAGTCCTAG,0,2482621
mhpRp2,0.020833333333333332,47,47,GGGGACACTTTATTGGAGAA,0,2481705
mhpRp2,0.020833333333333332,47,47,GGCCATTACATGACCTGTTT,0,2502003
mhpRp2,0.020833333333333332,47,47,GGCCAACTTTGGGATTGTCA,0,2533953
mhpRp2,0.020833333333333332,47,47,CTTCCGAAGCTACCCTGGTT,0,2525297
mhpRp2,0.020833333333333332,47,47,CTGGACGCAGGTCCAGAGTA,0,2488501
mhpRp2,0.020833333333333332,47,47,CCCCCGCCGCGGGCAGAGGT,0,2497288
mhpRp2,0.020833333333333332,47,47,CACCGTGCTTGCACAGTCAA,0,2504338
mhpRp2,0.020833333333333332,47,47,ATTTGGGAGGAGAATCTATG,0,2484037
mhpRp2,0.020833333333333332,47,47,ATGCGATGGTGGCGCTAATC,0,2532450
mhpRp2,0.020833333333333332,47,47,ATATGCCTCGTTTCTAACGT,0,2507699
mhpRp2,0.020833333333333332,47,47,AACAACTGTCGCCGTATCTC,0,2514398
mhpRp2,0.02127659574468085,46,46,TGGGCAGGTTGTTAACTAGG,0,2516708
mhpRp2,0.02127659574468085,46,46,TGGCATTTGAGATTGCGGGA,0,2515195
mhpRp2,0.02127659574468085,46,46,TACGGCCACCTTATCCGGAT,0,2493149
mhpRp2,0.02127659574468085,46,46,GTCAACCCGCACTCTCGGAA,0,2499997
mhpRp2,0.02127659574468085,46,46,GGGTCCGAGGTACGATCAAC,0,2485387
mhpRp2,0.02127659574468085,46,46,GGCCTCGAGGAATTTAAAAA,0,2519333
mhpRp2,0.02127659574468085,46,46,GGAGGCGCCTGTGGGGATCG,0,2540890
mhpRp2,0.02127659574468085,46,46,GGAGCGCGGTGGAGGGAACC,0,2496525
mhpRp2,0.02127659574468085,46,46,GCTCGGTTGTGAGGTTGGTT,0,2491299
mhpRp2,0.02127659574468085,46,46,GATGCAACCTAGTTGGGTTG,0,2487960
mhpRp2,0.02127659574468085,46,46,GAGGACCCGCGGGGGACGAA,0,2489805
mhpRp2,0.02127659574468085,46,46,CTGGGTCCTCTCCGGCCCAT,0,2517969
mhpRp2,0.02127659574468085,46,46,CGCGGTTGGTTTGGTGCCTT,0,2507701
mhpRp2,0.02127659574468085,46,46,CCCCTGGCACCGCGATGTCC,0,2543432
mhpRp2,0.02127659574468085,46,46,CAGATGAGCGTCCAACCTCA,0,2505639
mhpRp2,0.02127659574468085,46,46,CAACGTTTTATGGGCCATCT,0,2511765
mhpRp2,0.02127659574468085,46,46,ACCGAGTGCACGGGGTTTTC,0,2486963
mhpRp2,0.021739130434782608,45,45,TCCGTTACGAGTGACCGCAT,0,2486080
mhpRp2,0.021739130434782608,45,45,TCAGTCCTTATGCTTGAATC,0,2493280
mhpRp2,0.021739130434782608,45,45,GTTCCACTGTCACGGGAAGA,0,2539894
mhpRp2,0.021739130434782608,45,45,GGGTCGAGGTGCAGCAGTGT,0,2519243
mhpRp2,0.021739130434782608,45,45,GCGCATATTCTAGTCACTCG,0,2486467
mhpRp2,0.021739130434782608,45,45,GCAGTATGTGACCTACCAGG,0,2490583
mhpRp2,0.021739130434782608,45,45,GATGCATAAAGACGTCTGAG,0,2544326
mhpRp2,0.021739130434782608,45,45,GACCAATCCCCGAGTGGCGT,0,2510100
mhpRp2,0.021739130434782608,45,45,GAAGTCTACTTCCAGTGTTC,0,2542794
mhpRp2,0.021739130434782608,45,45,CTCAAGCCGACTGCGATCAG,0,2515501
mhpRp2,0.021739130434782608,45,45,CCATAGGTGGTTACAGTCAT,0,2521701
mhpRp2,0.021739130434782608,45,45,CAGGACCACGGTTTTAGCGG,0,2542487
mhpRp2,0.021739130434782608,45,45,CACCCAGAATAAGTCGTCCA,0,2525916
mhpRp2,0.021739130434782608,45,45,AGGCCGTAGCAGATATAGGA,0,2509696
mhpRp2,0.021739130434782608,45,45,AGCGGTTCATAGAAGGCCTG,0,2486689
mhpRp2,0.021739130434782608,45,45,AGATGACCCAACGAACAGTT,0,2495762
mhpRp2,0.021739130434782608,45,45,ACCGATATGGATCCAGCTTA,0,2522403
mhpRp2,0.021739130434782608,45,45,ACACGGGGACCTAGACTTTG,0,2484408
mhpRp2,0.021739130434782608,45,45,AAAAACGCTGTTTGTAGGGT,0,2511639
mhpRp2,0.022222222222222223,44,44,TATGCCGAAGCGTGATTGGG,0,2493841
mhpRp2,0.022222222222222223,44,44,GGCCAACTTGCGGTCGATCT,0,2542275
mhpRp2,0.022222222222222223,44,44,GGAGACCCCACAGGGTTGAT,0,2531208
mhpRp2,0.022222222222222223,44,44,GCCGAGAGGGACCCAGTTAA,0,2539428
mhpRp2,0.022222222222222223,44,44,GCATGTCACGATACCGGATT,0,2483989
mhpRp2,0.022222222222222223,44,44,CTTCCAACTGAGAGATAATA,0,2515446
mhpRp2,0.022222222222222223,44,44,CGGAAGGACCGACGATACTA,0,2512797
mhpRp2,0.022222222222222223,44,44,ACACTGTGAGGGACGGCTCA,0,2487195
mhpRp2,0.022727272727272728,43,43,TTGTCGTCAGCGACATTCAC,0,2486828
mhpRp2,0.022727272727272728,43,43,TTGGTTCATAGGCAAGGCAG,0,2540276
mhpRp2,0.022727272727272728,43,43,TCCGCAAACATTAGTGGAGT,0,2513305
mhpRp2,0.022727272727272728,43,43,TCCCGATTGATCTAAAGAAG,0,2491821
mhpRp2,0.022727272727272728,43,43,TAGGTGCGATTTCACGATCT,0,2498265
mhpRp2,0.022727272727272728,43,43,GGTGATCCGGGAATCGTGGT,0,2521459
mhpRp2,0.022727272727272728,43,43,GGCACTCAGAGAATCCCAAC,0,2488912
mhpRp2,0.022727272727272728,43,43,GAGTGCCCCTCGAGTCCTGG,0,2503272
mhpRp2,0.022727272727272728,43,43,CGGGGAATCTACGCAGAACG,0,2494845
mhpRp2,0.022727272727272728,43,43,CAACGTAGGGCACAGGTATC,0,2481385
mhpRp2,0.022727272727272728,43,43,AGAGCATACAGTTGCGGACT,0,2526698
mhpRp2,0.022727272727272728,43,43,ACTGCATCGAATCGGCTAAA,0,2517008
mhpRp2,0.022727272727272728,43,43,ACAGTGGGTGCAGCTATAAA,0,2531026
mhpRp2,0.022727272727272728,43,43,ACAGTATGTCATCTCCTGAA,0,2499464
mhpRp2,0.022727272727272728,43,43,ACACTAGAAAAGATACCTGA,0,2507208
mhpRp2,0.023255813953488372,42,42,TTTAGTTCAACCATGAGATG,0,2527969
mhpRp2,0.023255813953488372,42,42,TCATTCACTTCTTTAGTGAT,0,2497241
mhpRp2,0.023255813953488372,42,42,GGACGTGTATCTAAGCATAT,0,2482089
mhpRp2,0.023255813953488372,42,42,GAATAGGGCTCTTATAAAAA,0,2504031
mhpRp2,0.023255813953488372,42,42,CGTCATCATTTGGTGCGGTA,0,2504244
mhpRp2,0.023255813953488372,42,42,CGCATCAGAGGTTGCGTGTT,0,2543285
mhpRp2,0.023255813953488372,42,42,ATCATTTCTTTTGCGGCTCT,0,2489545
mhpRp2,0.023255813953488372,42,42,ATACCGACATAGCGGGGTCT,0,2510578
mhpRp2,0.023255813953488372,42,42,ACTAAGCCACCTAACCAGCA,0,2527381
mhpRp2,0.023255813953488372,42,42,ACGGTGGACTTTCATTACGT,0,2514857
mhpRp2,0.023255813953488372,42,42,ACGGCAAAAACGGTTACGTA,0,2501876
mhpRp2,0.023255813953488372,42,42,ACCCGCGGATGGCAAAAAGC,0,2524214
mhpRp2,0.023255813953488372,42,42,AACTAGGCCCTGGAGGACAT,0,2501451
mhpRp2,0.023255813953488372,42,42,AAATTTCATGGGTAAGCCGG,0,2492889
mhpRp2,0.023809523809523808,41,41,TTGCGTGTATGATCTGAGCA,0,2496145
mhpRp2,0.023809523809523808,41,41,TGGGACTAAGGTGCTCTAAA,0,2513998
mhpRp2,0.023809523809523808,41,41,TCGTACACAAGGTAAATCTG,0,2510866
mhpRp2,0.023809523809523808,41,41,TCCTCTGGGCGTACAAAAAG,0,2508084
mhpRp2,0.023809523809523808,41,41,TCCGCCTATGGATTCCTGAC,0,2518141
mhpRp2,0.023809523809523808,41,41,TCATCAAATACCTGACTAAT,0,2486726
mhpRp2,0.023809523809523808,41,41,TATGTCAACGTATGGAAAGA,0,2486728
mhpRp2,0.023809523809523808,41,41,GTTTATCGACAGTTTACAAT,0,2535387
mhpRp2,0.023809523809523808,41,41,GCGTTTTCCACCACTACCAT,0,2535175
mhpRp2,0.023809523809523808,41,41,GCAAGCGTGCTTTCAATACA,0,2514984
mhpRp2,0.023809523809523808,41,41,GACTGATTTAGAGTGTAATT,0,2522991
mhpRp2,0.023809523809523808,41,41,CTCAACCACTAGCTGTTCAT,0,2480911
mhpRp2,0.023809523809523808,41,41,CGTCAGACATTTGGGACCCA,0,2504029
mhpRp2,0.023809523809523808,41,41,CCTAAGGCATGTGTTTGGCA,0,2510981
mhpRp2,0.023809523809523808,41,41,CCGGATCATCGGTGACAACG,0,2488970
mhpRp2,0.023809523809523808,41,41,CATGGCGTGCACTTCCAGAG,0,2489852
mhpRp2,0.023809523809523808,41,41,ATTTCTAGTCGCCATTCAGA,0,2527139
mhpRp2,0.023809523809523808,41,41,AGAGGACTTGCGTTGTCAAA,0,2484413
mhpRp2,0.023809523809523808,41,41,AGACGTCTTATCGTTTGGTT,0,2537961
mhpRp2,0.023809523809523808,41,41,ACTCTTGCGGATATCTCGAT,0,2523155
mhpRp2,0.023809523809523808,41,41,ACCTGCCGAGGCTGCACGCA,0,2538231
mhpRp2,0.023809523809523808,41,41,AAGGTGGTCCTAAGAGGCTG,0,2516487
mhpRp2,0.023809523809523808,41,41,AAGCGACGTCCCTCGACATA,0,2487829
mhpRp2,0.023809523809523808,41,41,AACGGGAACAATTCATCATC,0,2506300
mhpRp2,0.024390243902439025,40,40,TTCGGCCCAGCCGGAAGAAT,0,2496915
mhpRp2,0.024390243902439025,40,40,TTCCTCGTCCTAGAGGCTGT,0,2498348
mhpRp2,0.024390243902439025,40,40,TTCCCACTACCTTTCACCTG,0,2489421
mhpRp2,0.024390243902439025,40,40,TGGGTTTATAGGCCTCTTGT,0,2514632
mhpRp2,0.024390243902439025,40,40,TCTCAAAGGTCTCGTGAAGT,0,2534958
mhpRp2,0.024390243902439025,40,40,GGAACGTTGAGCGGACACGT,0,2522995
mhpRp2,0.024390243902439025,40,40,GCATAAGTGCAACCCAATAG,0,2521502
mhpRp2,0.024390243902439025,40,40,GACCGGGTAGCGGCCCGCGT,0,2520319
mhpRp2,0.024390243902439025,40,40,CTTCGTAAGCTTTGGGTCGG,0,2480082
mhpRp2,0.024390243902439025,40,40,CTGTGATGAGAACGACAATA,0,2519087
mhpRp2,0.024390243902439025,40,40,CTGAGCGGTCCTTTTCGAGA,0,2505703
mhpRp2,0.024390243902439025,40,40,CGCTTCAAGTGCTTATAGGC,0,2509933
mhpRp2,0.024390243902439025,40,40,CGAACGGGTGGGACCCGCTT,0,2488437
mhpRp2,0.024390243902439025,40,40,CCTTTTGCTTCGGCGTGCTT,0,2531399
mhpRp2,0.024390243902439025,40,40,CCTCCTTGTGATGTATGCCC,0,2543361
mhpRp2,0.024390243902439025,40,40,CCATAGATTTAACTTTTGCT,0,2481930
mhpRp2,0.024390243902439025,40,40,CCATAACCTGTTCCTCTACT,0,2520237
mhpRp2,0.024390243902439025,40,40,CAACTAATCCTGAGTTCTCT,0,2534089
mhpRp2,0.024390243902439025,40,40,AGCACAAGCCATAGGCGGGA,0,2506729
mhpRp2,0.024390243902439025,40,40,AATGTACAATCCGCTCCCAT,0,2485517
mhpRp2,0.025,39,39,TGAAGAGCTATTTACGATAT,0,2487830
mhpRp2,0.025,39,39,TCGTCGGAATACGGCAGCAT,0,2538593
mhpRp2,0.025,39,39,TATGCGTATGAGGCAAGACT,0,2504194
mhpRp2,0.025,39,39,TACCGATTTCTAATGGGCGG,0,2482284
mhpRp2,0.025,39,39,GTTTCCGGCGTCCTGAGCAA,0,2491461
mhpRp2,0.025,39,39,GTAATTCTCATCGTTGGTTC,0,2525271
mhpRp2,0.025,39,39,GAGACGTATAATCAGGGTTT,0,2490805
mhpRp2,0.025,39,39,GAATCTTGACTCATGAATCA,0,2523928
mhpRp2,0.025,39,39,CTTCTTAGGGCTTTAAAAGC,0,2496342
mhpRp2,0.025,39,39,CCCACACGCACTCTTGCGAA,0,2525402
mhpRp2,0.025,39,39,CACGGTAATGTGCCGATTAT,0,2496378
mhpRp2,0.025,39,39,ATGGATCTTCTGCTGACGTA,0,2526406
mhpRp2,0.025,39,39,AGATTAAAGACGTTTAATAA,0,2544483
mhpRp2,0.025,39,39,ACTGTGTTTGCAGGTCCAAT,0,2506738
mhpRp2,0.025,39,39,AATTCTAATGCAATGGCTCG,0,2508254
mhpRp2,0.02564102564102564,38,38,TGCCTAAAGCCAGGCCTCCA,0,2485314
mhpRp2,0.02564102564102564,38,38,TGCAGGCGACGGTCATGTCT,0,2526760
mhpRp2,0.02564102564102564,38,38,TCTACCAGACAGATTCATGC,0,2502240
mhpRp2,0.02564102564102564,38,38,TCGGGGGGCTGTCAGATTGT,0,2503757
mhpRp2,0.02564102564102564,38,38,TACACAGCGTGCCTCGATGT,0,2521504
mhpRp2,0.02564102564102564,38,38,GTTTCGAAGTAGTTGTACTA,0,2520454
mhpRp2,0.02564102564102564,38,38,GTGCCAATAAAGCATGCTGT,0,2488367
mhpRp2,0.02564102564102564,38,38,GTATGTGTTCCCGTAGCGAG,0,2482902
mhpRp2,0.02564102564102564,38,38,GTACTCACTACCAAGGCTCT,0,2484883
mhpRp2,0.02564102564102564,38,38,GGGAGCACCTAGGTCTGACT,0,2483041
mhpRp2,0.02564102564102564,38,38,GACAACTATTAGCGGCCACG,0,2539431
mhpRp2,0.02564102564102564,38,38,GAAGCGGTATACTGGTCTAA,0,2483469
mhpRp2,0.02564102564102564,38,38,CGTCGACTGATCTGAGGCTC,0,2519819
mhpRp2,0.02564102564102564,38,38,CGGGTCCATTGTGGGGTTAT,0,2501574
mhpRp2,0.02564102564102564,38,38,CGGCAAAACTCTCTGGAAGT,0,2516137
mhpRp2,0.02564102564102564,38,38,CGGATCCTGTCTTGGTTTCT,0,2490231
mhpRp2,0.02564102564102564,38,38,CCTTATCGATTTGCGCCATT,0,2495254
mhpRp2,0.02564102564102564,38,38,CCTGCCAGTACTTTCTTTAT,0,2520451
mhpRp2,0.02564102564102564,38,38,CCTCGCGCGTACCGTTTAGA,0,2483770
mhpRp2,0.02564102564102564,38,38,CCTCGACCTATAGGCCGGGG,0,2509512
mhpRp2,0.02564102564102564,38,38,CCCAGCTGTTTCAGTGGGAA,0,2494667
mhpRp2,0.02564102564102564,38,38,CCAGAGAGTCCCCGACCGTA,0,2509321
mhpRp2,0.02564102564102564,38,38,CACTGCTAATTTGATTGGAG,0,2517945
mhpRp2,0.02564102564102564,38,38,ATCCTATGTAAAATGAGTAA,0,2510865
mhpRp2,0.02564102564102564,38,38,ATCACTACAGTTCATCTCAT,0,2530500
mhpRp2,0.02564102564102564,38,38,AGTCTACTGTTGTAGGTTCA,0,2483004
mhpRp2,0.02564102564102564,38,38,AGATTTAGTTATGTGATATT,0,2534956
mhpRp2,0.02564102564102564,38,38,AGAAACGAGCGCAGTTGTGG,0,2505406
mhpRp2,0.02564102564102564,38,38,ACTGACCTCGGATCCCCCAC,0,2522012
mhpRp2,0.02564102564102564,38,38,ACGGTCCAGCCCAGAAAGAG,0,2514241
mhpRp2,0.02564102564102564,38,38,ACGGTATGGCGCAGGTGCCG,0,2541426
mhpRp2,0.02564102564102564,38,38,AATTCAGCAGACTAGCCAAC,0,2531787
mhpRp2,0.02631578947368421,37,37,TTAAGCTTTGACCTATATGT,0,2522889
mhpRp2,0.02631578947368421,37,37,TGGGTTGGCGCTTTAGCTGG,0,2490084
mhpRp2,0.02631578947368421,37,37,TGATAGGCTTGACCCGGTCG,0,2513073
mhpRp2,0.02631578947368421,37,37,TCGGAAAATGATTAGGGAAG,0,2495135
mhpRp2,0.02631578947368421,37,37,TCCGCTCATTCCCATGGGTT,0,2536956
mhpRp2,0.02631578947368421,37,37,TATGGAGATAACGGAAACCG,0,2488095
mhpRp2,0.02631578947368421,37,37,TATCTGCGCTCAGAAACAGG,0,2540550
mhpRp2,0.02631578947368421,37,37,GTTCTGTCAATTCGCTTGTG,0,2508397
mhpRp2,0.02631578947368421,37,37,GTGCAGTATGCGTGTATGGA,0,2507814
mhpRp2,0.02631578947368421,37,37,GTCGTGCTTCTCAACAGGTT,0,2521257
mhpRp2,0.02631578947368421,37,37,GGTAGGCGCAAGAAGGGTAT,0,2497624
mhpRp2,0.02631578947368421,37,37,GCGGAGAATGGGGCTATCCC,0,2508832
mhpRp2,0.02631578947368421,37,37,GCGGAAACCCGGGGGCAATG,0,2483787
mhpRp2,0.02631578947368421,37,37,GAGTGCGATCCCGTGTCCGA,0,2500121
mhpRp2,0.02631578947368421,37,37,GAGACTGGAAGGCGTAGGAC,0,2543359
mhpRp2,0.02631578947368421,37,37,CGTAGAGCGCTTTCCGCGAA,0,2485046
mhpRp2,0.02631578947368421,37,37,CGGGGTCACCGCTCAGGGTA,0,2501718
mhpRp2,0.02631578947368421,37,37,CGGCAGCACGCACAGTCTAT,0,2492453
mhpRp2,0.02631578947368421,37,37,CGATCCTAGTTGAGTACTAC,0,2508614
mhpRp2,0.02631578947368421,37,37,CCTTGGGGCTGTATGTTAAG,0,2539626
mhpRp2,0.02631578947368421,37,37,CCATGCGTGTCTGTATCTGT,0,2490700
mhpRp2,0.02631578947368421,37,37,CCAATTGTTATCGGATTGTC,0,2525299
mhpRp2,0.02631578947368421,37,37,CAGTATGTGCTGCAAATCTA,0,2527223
mhpRp2,0.02631578947368421,37,37,CAGAACTGGGGATGTCCGTT,0,2486396
mhpRp2,0.02631578947368421,37,37,CAAAACACAGCCATGCTCTG,0,2481923
mhpRp2,0.02631578947368421,37,37,ATGGCTGAGCTCTCAACGAG,0,2510979
mhpRp2,0.02631578947368421,37,37,ATGCCCTTTGTTCAGCGAAG,0,2513337
mhpRp2,0.02631578947368421,37,37,ATCGAAGGCGTTTACATGGA,0,2503965
mhpRp2,0.02631578947368421,37,37,ATCCCGTGTTCGTTCTCGAG,0,2491995
mhpRp2,0.02631578947368421,37,37,ATCATGACACTGTGACAGGT,0,2481236
mhpRp2,0.02631578947368421,37,37,AGGTCTAGAAACCGACTACT,0,2497246
mhpRp2,0.02631578947368421,37,37,AGCTCCTACTTCCGGGAAGG,0,2481185
mhpRp2,0.02631578947368421,37,37,AATTCGCTAAGATTCAATGT,0,2498229
mhpRp2,0.02631578947368421,37,37,AACGTCCAATGCACAATTAG,0,2522478
mhpRp2,0.02702702702702703,36,36,TTCTCTAGCCTTAACTTAAC,0,2501636
mhpRp2,0.02702702702702703,36,36,TGCTTTTATCCAGCACCCAC,0,2496054
mhpRp2,0.02702702702702703,36,36,TGATATACGCGACTATGGGT,0,2511114
mhpRp2,0.02702702702702703,36,36,TCTAATCGGTCGGATTTAAT,0,2481387
mhpRp2,0.02702702702702703,36,36,TCGAGTACTGGCATGTCTTT,0,2484619
mhpRp2,0.02702702702702703,36,36,TCCGCCGGAGCGATTTACAG,0,2496655
mhpRp2,0.02702702702702703,36,36,GTTCTGGGTAAGGCAAAGAG,0,2521268
mhpRp2,0.02702702702702703,36,36,GGTGGGTTTATGGTGCTATT,0,2524689
mhpRp2,0.02702702702702703,36,36,GGGGTTGTCTCTCTCGGACC,0,2500477
mhpRp2,0.02702702702702703,36,36,GCTTTCGGTTTACTGTGGGA,0,2501393
mhpRp2,0.02702702702702703,36,36,GCTGATATTAAGTGCGCTTA,0,2508699
mhpRp2,0.02702702702702703,36,36,GAAGGAGAAAATTAAAGACC,0,2495923
mhpRp2,0.02702702702702703,36,36,CTGGAAAACATAGGGGCTCT,0,2483863
mhpRp2,0.02702702702702703,36,36,CTCAGTCTTTTAACTTGAAT,0,2522606
mhpRp2,0.02702702702702703,36,36,CGTCTCGCACGAATCTACTC,0,2498819
mhpRp2,0.02702702702702703,36,36,CGGGAACTTTCCGGTGAATA,0,2503588
mhpRp2,0.02702702702702703,36,36,CGCCCAAGGATATCGCTAGG,0,2519039
mhpRp2,0.02702702702702703,36,36,CCCGGTGATTAGCTCAAGGG,0,2522614
mhpRp2,0.02702702702702703,36,36,CAGCAGCACAATTACACTGA,0,2502934
mhpRp2,0.02702702702702703,36,36,CACTGACGATATGACACAGG,0,2482614
mhpRp2,0.02702702702702703,36,36,CAATGTGCCCAAGAAACTAA,0,2510794
mhpRp2,0.02702702702702703,36,36,CAATGCCGTTAACCAAGCGA,0,2536949
mhpRp2,0.02702702702702703,36,36,CAACTGATAAGGAATTCGCT,0,2499314
mhpRp2,0.02702702702702703,36,36,CAAATTTCAATACAATCTGT,0,2494161
mhpRp2,0.02702702702702703,36,36,CAAAGCTTCGAGGGATCTTA,0,2493450
mhpRp2,0.02702702702702703,36,36,ATCTACTCGTTTCCGAAAAC,0,2505255
mhpRp2,0.02702702702702703,36,36,ATAGTGGTCGCCAAACTCTC,0,2506272
mhpRp2,0.02702702702702703,36,36,AGGTGGCCGTCGGACGTCCT,0,2505705
mhpRp2,0.02702702702702703,36,36,AGGAGTCCTCGGTTAACGTG,0,2502418
mhpRp2,0.02702702702702703,36,36,AGGAAAACGGGCGAGATCGT,0,2525047
mhpRp2,0.02702702702702703,36,36,ACGAGAGTGCATCTTACGGT,0,2498912
mhpRp2,0.02702702702702703,36,36,AATATTGGCCTATTCTTTAT,0,2488144
mhpRp2,0.027777777777777776,35,35,TGTTTACTAGCCGCCTTTCC,0,2541949
mhpRp2,0.027777777777777776,35,35,TGTTATGATGGACTTCACTC,0,2496340
mhpRp2,0.027777777777777776,35,35,TGGGTATTGGTATGGGGCTT,0,2524216
mhpRp2,0.027777777777777776,35,35,TGAGCGCGAGCTACCAACAA,0,2488841
mhpRp2,0.027777777777777776,35,35,TCGTTGCGTCTTTTATGTGT,0,2519127
mhpRp2,0.027777777777777776,35,35,TCCGGTTGCTTGTTTGATAT,0,2521036
mhpRp2,0.027777777777777776,35,35,TATACGCGGCTGATTTATGT,0,2495316
mhpRp2,0.027777777777777776,35,35,TACATACTTTTCTCGGCCGG,0,2540999
mhpRp2,0.027777777777777776,35,35,TAAACCATGGTTTGGGGGAA,0,2543880
mhpRp2,0.027777777777777776,35,35,GTTAGCTCCCGGCGTACATT,0,2529329
mhpRp2,0.027777777777777776,35,35,GTAAGTGAGTTGGGCTTTCT,0,2507628
mhpRp2,0.027777777777777776,35,35,GTAAGGGCATGGAGTCCTTA,0,2487980
mhpRp2,0.027777777777777776,35,35,GGTCCTTGGCGTCGGGGTGT,0,2540277
mhpRp2,0.027777777777777776,35,35,GGTCCAGCTGGATAAGAACA,0,2538009
mhpRp2,0.027777777777777776,35,35,GGTAGCCGTTCGAATGCCTG,0,2493199
mhpRp2,0.027777777777777776,35,35,GGGGGAGGCGGGTGGTAGTC,0,2542388
mhpRp2,0.027777777777777776,35,35,GGCATTAACGATAGCATTAC,0,2529717
mhpRp2,0.027777777777777776,35,35,GGACCATAGGGTGGCTCCGC,0,2531946
mhpRp2,0.027777777777777776,35,35,GCTATCGGCACGACATAAGA,0,2526134
mhpRp2,0.027777777777777776,35,35,GCCGTTACGCCAGTGCTCCA,0,2485269
mhpRp2,0.027777777777777776,35,35,CGTTGATGTTCTCCCTGGAA,0,2499286
mhpRp2,0.027777777777777776,35,35,CGTACACGTGCAGAGTAAGG,0,2506488
mhpRp2,0.027777777777777776,35,35,CGTAACAATCCATTCTGGTA,0,2533873
mhpRp2,0.027777777777777776,35,35,CGTAACAACAGTGGATCGGT,0,2496536
mhpRp2,0.027777777777777776,35,35,CGATTCGCGATTTATCAACT,0,2482050
mhpRp2,0.027777777777777776,35,35,CCCCGACATAATAGGCTCAA,0,2541534
mhpRp2,0.027777777777777776,35,35,CATCACGTAGGAAAATTCAA,0,2514442
mhpRp2,0.027777777777777776,35,35,ATGTGTATGGGGGAACCCGG,0,2480073
mhpRp2,0.027777777777777776,35,35,ATCGCCAGACCCGAATACGA,0,2542266
mhpRp2,0.027777777777777776,35,35,ATATCCGCCCAAGTCGATCA,0,2510791
mhpRp2,0.027777777777777776,35,35,AGTGCCCAGTTTGCCTTACT,0,2543499
mhpRp2,0.027777777777777776,35,35,AGGGCAGACTTAGGATCCGG,0,2501725
mhpRp2,0.027777777777777776,35,35,AGCTGCCCTGTCCTAAATTA,0,2541634
mhpRp2,0.027777777777777776,35,35,AGAGTGATTACGCATGCCCA,0,2499053
mhpRp2,0.027777777777777776,35,35,ACGCGGCTATCGGGATGAGA,0,2506792
mhpRp2,0.027777777777777776,35,35,ACCAGCAGTTAGTGAGAAGT,0,2505525
mhpRp2,0.027777777777777776,35,35,ACACGAGCTTACTGCACTTA,0,2512672
mhpRp2,0.027777777777777776,35,35,AATCTTAATTTGTGCGCCCA,0,2522292
mhpRp2,0.027777777777777776,35,35,AAGTGCATATGGCGTGTGAT,0,2509623
mhpRp2,0.02857142857142857,34,34,TTTATCGTAGGAGTCGTAGT,0,2542858
mhpRp2,0.02857142857142857,34,34,TTGGGGAACCGGACGAGGCA,0,2508169
mhpRp2,0.02857142857142857,34,34,TGTTGTATTAGTTCTAGAGT,0,2488305
mhpRp2,0.02857142857142857,34,34,TGGCGAACCGCATGGGGTGA,0,2511417
mhpRp2,0.02857142857142857,34,34,TCGGTTAGACTTCGGTACGG,0,2494682
mhpRp2,0.02857142857142857,34,34,TCGGAGGATACATCCTCCAG,0,2496501
mhpRp2,0.02857142857142857,34,34,TCATGTAGGTGCTTAGAACC,0,2527730
mhpRp2,0.02857142857142857,34,34,TCATAATAATGTGTCCCACT,0,2510551
mhpRp2,0.02857142857142857,34,34,TACAGCGGGCAATGGGGAGA,0,2496656
mhpRp2,0.02857142857142857,34,34,GTGGCAGCGGTAGGTGGTAC,0,2489489
mhpRp2,0.02857142857142857,34,34,GTAAATAGTCATCACCGTAT,0,2515815
mhpRp2,0.02857142857142857,34,34,GGTAACAAACAGGAACTGTA,0,2503401
mhpRp2,0.02857142857142857,34,34,GGATTTGGACCATCCCTAGT,0,2514668
mhpRp2,0.02857142857142857,34,34,GGATGTGACGGAGGGCACGA,0,2480474
mhpRp2,0.02857142857142857,34,34,GCGTGGGGTAAGCAATCCGT,0,2481937
mhpRp2,0.02857142857142857,34,34,GCGGATGGACAATAAAGATA,0,2504032
mhpRp2,0.02857142857142857,34,34,GCCTGCCCCGCAGAATAGGT,0,2525717
mhpRp2,0.02857142857142857,34,34,GACGGCCCTCTGTGTCCAAG,0,2516714
mhpRp2,0.02857142857142857,34,34,CTTCCAGTCGCCATTAATAT,0,2542299
mhpRp2,0.02857142857142857,34,34,CTCAGTACTTGTGGGGTTTG,0,2543455
mhpRp2,0.02857142857142857,34,34,CTATACGGGTTTCAACCTTA,0,2495220
mhpRp2,0.02857142857142857,34,34,CGTTTATAGAAGACTGCCAT,0,2532365
mhpRp2,0.02857142857142857,34,34,CGTCACACGGGTAAGCTTAC,0,2502000
mhpRp2,0.02857142857142857,34,34,CGGTGGTGGAGGGGGTCGTA,0,2520751
mhpRp2,0.02857142857142857,34,34,CGGTAGGCACTTAGCGCGAA,0,2485391
mhpRp2,0.02857142857142857,34,34,CGGCCACAGGATTTCCAACG,0,2480910
mhpRp2,0.02857142857142857,34,34,CGAACGAAGATCTAGGGATT,0,2521753
mhpRp2,0.02857142857142857,34,34,CCACAATTTCCAAGGTATCG,0,2514785
mhpRp2,0.02857142857142857,34,34,CCACAACATGCGCGCGCTAT,0,2493147
mhpRp2,0.02857142857142857,34,34,CATCAGTCCCGCCTCGCGTT,0,2497157
mhpRp2,0.02857142857142857,34,34,CACGGCGTTAAATCGAGACA,0,2538420
mhpRp2,0.02857142857142857,34,34,CACGCCGGCAATATTATATG,0,2507300
mhpRp2,0.02857142857142857,34,34,AGGTAAACTCCTGTCTGAAA,0,2516868
mhpRp2,0.02857142857142857,34,34,AGATAAAAGTGTGCCTTTGC,0,2532960
mhpRp2,0.02857142857142857,34,34,AGAGGGTAAAGGATGTCGGG,0,2542213
mhpRp2,0.02857142857142857,34,34,ACTATTCTCAGTTTTTCTCA,0,2515615
mhpRp2,0.02857142857142857,34,34,ACAACTAAGTGTCTTTCTGA,0,2514418
mhpRp2,0.02857142857142857,34,34,AATAATAACCCCCTAGGCCC,0,2526708
mhpRp2,0.02857142857142857,34,34,AAGAGTATCAACGATGTGGA,0,2516140
mhpRp2,0.02857142857142857,34,34,AACTGGACTAGACCCAGTAC,0,2530126
mhpRp2,0.029411764705882353,33,33,TTCACAGCGCCATCTTCGCA,0,2532115
mhpRp2,0.029411764705882353,33,33,TGGGGTCTCCCGCACCACGA,0,2493969
mhpRp2,0.029411764705882353,33,33,TGCAGCGCTACGTGGGTGGT,0,2505283
mhpRp2,0.029411764705882353,33,33,TCTATGTCGGGAGCTTCGTG,0,2535281
mhpRp2,0.029411764705882353,33,33,TCCCCTTTACATAGTTGTGG,0,2485104
mhpRp2,0.029411764705882353,33,33,TCAGCATAGTAAAGTGCGCT,0,2497641
mhpRp2,0.029411764705882353,33,33,TATTTGGGTGCAAGTATTTG,0,2499797
mhpRp2,0.029411764705882353,33,33,TAGGGGTCGCTCACATATTA,0,2508687
mhpRp2,0.029411764705882353,33,33,TAGGACCTCATGGTCGCAGC,0,2531865
mhpRp2,0.029411764705882353,33,33,GTCGAGTGTGTACGTATGGA,0,2490386
mhpRp2,0.029411764705882353,33,33,GTCCCTGATCGGATCGTTAG,0,2534130
mhpRp2,0.029411764705882353,33,33,GTATGATTTACGTTCATAAT,0,2516479
mhpRp2,0.029411764705882353,33,33,GGTTAGGGCTAATTTTTAGA,0,2483994
mhpRp2,0.029411764705882353,33,33,GGTGGCTACCGAATTCTAGA,0,2498076
mhpRp2,0.029411764705882353,33,33,GGGCTTCTTTAGTAAGGGTT,0,2533449
mhpRp2,0.029411764705882353,33,33,GGCGCTTGGATTAGGGCGAT,0,2523752
mhpRp2,0.029411764705882353,33,33,GGCAGGTGCCTCTGGATTCC,0,2511545
mhpRp2,0.029411764705882353,33,33,GGAGTGAAAGACGCCAATAC,0,2511695
mhpRp2,0.029411764705882353,33,33,GGACTGCTAACTAGATTTCA,0,2480085
mhpRp2,0.029411764705882353,33,33,GCTCAACCCCAAGCGGTGTT,0,2503386
mhpRp2,0.029411764705882353,33,33,GCTACTGGCTTCTACTGGAA,0,2529910
mhpRp2,0.029411764705882353,33,33,GAGTCGGACGGGCAAGGGGA,0,2519136
mhpRp2,0.029411764705882353,33,33,GACACGAATCCGGCGCCGGC,0,2506246
mhpRp2,0.029411764705882353,33,33,CTTAGAAACACGGACGTAAG,0,2492131
mhpRp2,0.029411764705882353,33,33,CTCCGAATCCCTAACAAGTC,0,2495567
mhpRp2,0.029411764705882353,33,33,CGGGGAAACCCACATGTTAG,0,2499145
mhpRp2,0.029411764705882353,33,33,CGGCAACATTGTCCCCTGCA,0,2495869
mhpRp2,0.029411764705882353,33,33,CAACCACTTCAGGGAGACAC,0,2532525
mhpRp2,0.029411764705882353,33,33,ATCTTCTAGCTTGCGAGTAC,0,2497596
mhpRp2,0.029411764705882353,33,33,ATATGGTTACCCGATGCACT,0,2491354
mhpRp2,0.029411764705882353,33,33,ATACGTCGGTAGGTCGGAAA,0,2495173
mhpRp2,0.029411764705882353,33,33,AGGTTTGGTAACGTTGGAGT,0,2503455
mhpRp2,0.029411764705882353,33,33,AGGAACCGGGCAATTAGCAT,0,2504464
mhpRp2,0.029411764705882353,33,33,AGAAGAACCTGGGTATTCGA,0,2504042
mhpRp2,0.029411764705882353,33,33,AGAAAATGTTGTCCAGTTAT,0,2503688
mhpRp2,0.029411764705882353,33,33,ACTGTTCGGGCAAAGGCGAT,0,2507004
mhpRp2,0.029411764705882353,33,33,ACAGGTTTCTTGGTCCGAAG,0,2488237
mhpRp2,0.029411764705882353,33,33,ACAAAGGACTCCGCCTTTAT,0,2522981
mhpRp2,0.029411764705882353,33,33,AAGCAAGATTTTTCGATCAC,0,2502339
mhpRp2,0.029411764705882353,33,33,AAAATGGGTGTTTAACTCTC,0,2497985
mhpRp2,0.030303030303030304,32,32,TTTGCGGGCCTCGACGGCAT,0,2481281
mhpRp2,0.030303030303030304,32,32,TTGGATTGCCGGCTGGTATT,0,2520527
mhpRp2,0.030303030303030304,32,32,TTACTGTGTTCTTTCTCAGG,0,2516366
mhpRp2,0.030303030303030304,32,32,TTACAGTATCGACTAGCGAT,0,2530859
mhpRp2,0.030303030303030304,32,32,TGGCCACTGAGAGGTGACGA,0,2532157
mhpRp2,0.030303030303030304,32,32,TGCGAATCGCGAATGCCGTC,0,2496259
mhpRp2,0.030303030303030304,32,32,TGAATTTTGGGCGCACATAT,0,2532499
mhpRp2,0.030303030303030304,32,32,TCTTTGAACCGCGGACCACC,0,2485896
mhpRp2,0.030303030303030304,32,32,TCCAGGGCTAGTTGCTTCAG,0,2488260
mhpRp2,0.030303030303030304,32,32,TATTTCCCGTGTGACATTTA,0,2535342
mhpRp2,0.030303030303030304,32,32,TAGCCATCATTATTGGGCGA,0,2484909
mhpRp2,0.030303030303030304,32,32,TAAGAGACGCTATCTAGGCT,0,2532451
mhpRp2,0.030303030303030304,32,32,TAACACGGATGTTGTGGCAA,0,2484492
mhpRp2,0.030303030303030304,32,32,GTTTGGTGGATTTATATAAG,0,2511121
mhpRp2,0.030303030303030304,32,32,GTTTAACCCGGATACGCTGT,0,2488653
mhpRp2,0.030303030303030304,32,32,GTCCGTACCACCATAGAGGG,0,2526130
mhpRp2,0.030303030303030304,32,32,GTCACGCACGCCTTCTAGGG,0,2483361
mhpRp2,0.030303030303030304,32,32,GTATGCGAAGAGGTCCGGGG,0,2509198
mhpRp2,0.030303030303030304,32,32,GGGGGAAAAAGCCTGTCTAT,0,2531939
mhpRp2,0.030303030303030304,32,32,GGACCAGCTTCTAGTAACCA,0,2497570
mhpRp2,0.030303030303030304,32,32,GCGCTGCCAACAATAGTTGA,0,2491069
mhpRp2,0.030303030303030304,32,32,GCGCAGAGGATTCGTGGATA,0,2529246
mhpRp2,0.030303030303030304,32,32,GCCCTTTTTGAATTGTATCT,0,2526135
mhpRp2,0.030303030303030304,32,32,GATGATTTGTAACTTTTCGT,0,2535999
mhpRp2,0.030303030303030304,32,32,GAGCCCCTCTGTTGCGTCTC,0,2500174
mhpRp2,0.030303030303030304,32,32,GAATGTACGTTAGGAACTTT,0,2518013
mhpRp2,0.030303030303030304,32,32,CTGGGAGCTACGGGAACTAT,0,2481496
mhpRp2,0.030303030303030304,32,32,CTCGTGCACGGGGCTGTGGC,0,2503879
mhpRp2,0.030303030303030304,32,32,CTCGGATTCATGATACTGTA,0,2497200
mhpRp2,0.030303030303030304,32,32,CGTTGCTCAGCGCGGTTAGA,0,2483946
mhpRp2,0.030303030303030304,32,32,CGGGTCGCGATGATTCCATT,0,2484198
mhpRp2,0.030303030303030304,32,32,CGGGGACCGTATGTGGTCCA,0,2489791
mhpRp2,0.030303030303030304,32,32,CCCGACGATGCTAATACGGC,0,2534252
mhpRp2,0.030303030303030304,32,32,CCCAAACACAAGATTATAGA,0,2542758
mhpRp2,0.030303030303030304,32,32,CATTCGGGGCAATGAGAGGT,0,2540399
mhpRp2,0.030303030303030304,32,32,CATATTATCGGAAGGAGCCA,0,2539478
mhpRp2,0.030303030303030304,32,32,CAGCGTCATCAGTACTTCGT,0,2503596
mhpRp2,0.030303030303030304,32,32,CAGCCATCCCTTCTCGATCA,0,2493728
mhpRp2,0.030303030303030304,32,32,CACTTAGCAAGTGTGTTATC,0,2529037
mhpRp2,0.030303030303030304,32,32,CACCCTTAACCGTTCATGGC,0,2506066
mhpRp2,0.030303030303030304,32,32,CAAGAGCTGCGGCCAGTAGT,0,2518254
mhpRp2,0.030303030303030304,32,32,ATTGGACAGCTTTACCGGCT,0,2537375
mhpRp2,0.030303030303030304,32,32,ATTGAAAGCAACGAATAGAA,0,2542678
mhpRp2,0.030303030303030304,32,32,ATGATGGGATGCGGAAAGGC,0,2521644
mhpRp2,0.030303030303030304,32,32,AGTCGGTCAGGGGGTGAGAC,0,2522486
mhpRp2,0.030303030303030304,32,32,AGTCGCAGCAACTTAGGCGC,0,2480407
mhpRp2,0.030303030303030304,32,32,AGGGATCTGCGGAATAGTCG,0,2535031
mhpRp2,0.030303030303030304,32,32,AGAATTTTAGCACTTATAAT,0,2517184
mhpRp2,0.030303030303030304,32,32,AGAATGGCCTCTCCGCTCCC,0,2499059
mhpRp2,0.030303030303030304,32,32,ACGATTGGAATTGCCGAGCG,0,2531693
mhpRp2,0.030303030303030304,32,32,ACAGGGTTCTTGGGACTCCC,0,2488471
mhpRp2,0.030303030303030304,32,32,AATGCGCTTCCGCCTCCCTA,0,2507037
mhpRp2,0.030303030303030304,32,32,AAATCTATCATCAAGCGAAA,0,2497938
mhpRp2,0.030303030303030304,32,32,AAATAGCCTTGTACGATGAC,0,2514366
mhpRp2,0.03125,31,31,TTGTCAGGTCGCCAGCTTAG,0,2528437
mhpRp2,0.03125,31,31,TTCACGGCCCTGTCACTTAT,0,2494593
mhpRp2,0.03125,31,31,TGGTGATTCAATACGCTATG,0,2512045
mhpRp2,0.03125,31,31,TGATTGAAAAAGAGAAGCGG,0,2525296
mhpRp2,0.03125,31,31,TGATAACCAGAGCATGGCCT,0,2542815
mhpRp2,0.03125,31,31,TGAGTGTATCCAGTTAGATA,0,2519950
mhpRp2,0.03125,31,31,TCCTCATGGGTTTTATATAC,0,2518204
mhpRp2,0.03125,31,31,TCCTAGCACGTTGTACCAAT,0,2498781
mhpRp2,0.03125,31,31,TCCGGGGGCATTATGAGTAA,0,2481784
mhpRp2,0.03125,31,31,TAGGCTTATGACGTGATCAT,0,2482616
mhpRp2,0.03125,31,31,GTTTGTAACGATCTGTCCCT,0,2493587
mhpRp2,0.03125,31,31,GTTGCCTAGTTGACAATAAC,0,2504828
mhpRp2,0.03125,31,31,GTTCGGTCAAAATCCGTCAA,0,2532654
mhpRp2,0.03125,31,31,GTGGCATCCTGGATCAGGAG,0,2508339
mhpRp2,0.03125,31,31,GTGGCATAAACTTAAGAGAC,0,2540998
mhpRp2,0.03125,31,31,GTGCGAGTTAAAGAAGTTTA,0,2508621
mhpRp2,0.03125,31,31,GTGAGAGGTACAGACTATTC,0,2509365
mhpRp2,0.03125,31,31,GGTGCGTCCCGAGGCCTTGA,0,2495052
mhpRp2,0.03125,31,31,GGTACATTTCGTTTTTTCAC,0,2505530
mhpRp2,0.03125,31,31,GGGAGGTGGGTAAGCAGACT,0,2536459
mhpRp2,0.03125,31,31,GGAGATCGTCCGTCTAAAAC,0,2487194
mhpRp2,0.03125,31,31,GCTGAGAGGCTGCCCGCCAT,0,2485316
mhpRp2,0.03125,31,31,GATACCGCAATTACCATTAT,0,2502042
mhpRp2,0.03125,31,31,GAGGGGTCAACGCGAATTTC,0,2487003
mhpRp2,0.03125,31,31,GAGATACGTCTGGAGGAAAT,0,2519371
mhpRp2,0.03125,31,31,GACCGGAATGAATGAGCAAA,0,2537123
mhpRp2,0.03125,31,31,GACAACCCTTTCAAACGGTT,0,2525654
mhpRp2,0.03125,31,31,CTGGTTCAGGCAGAACAATC,0,2488100
mhpRp2,0.03125,31,31,CTGCCAATGGCTCTCTTCTA,0,2483774
mhpRp2,0.03125,31,31,CTAGAGCACGGAGGTCCAAG,0,2528788
mhpRp2,0.03125,31,31,CGGGCAATTCCAAGTTGTAT,0,2493727
mhpRp2,0.03125,31,31,CGAACCTCCCCCAACAGAGC,0,2504851
mhpRp2,0.03125,31,31,CCTCAGACTCATCACGGTGG,0,2531618
mhpRp2,0.03125,31,31,CCGGACGACCACTCGGCGCA,0,2528136
mhpRp2,0.03125,31,31,CCAGGGACCGCATCTCCTGT,0,2507352
mhpRp2,0.03125,31,31,CATACGTTACGCGGGCATGA,0,2510382
mhpRp2,0.03125,31,31,CAGGGTCGGTTTGTCCAACG,0,2519566
mhpRp2,0.03125,31,31,CAGCACAGGCAGATAAAGTG,0,2515530
mhpRp2,0.03125,31,31,CACCGTCTTTTTGTGCGTGG,0,2529589
mhpRp2,0.03125,31,31,CAAGTATTACGGAGCGCTCT,0,2489638
mhpRp2,0.03125,31,31,ATGGGAAGTCTACGCTATGG,0,2512241
mhpRp2,0.03125,31,31,AGGGGTACATTCGCAGGGTC,0,2507226
mhpRp2,0.03125,31,31,ACAAAGACTGGGCCAAGCAA,0,2518997
mhpRp2,0.03125,31,31,AATGCACCCTGGGTCGCGGG,0,2499796
mhpRp2,0.03125,31,31,AACTTCTTAAAGCAGGGGCT,0,2525355
mhpRp2,0.03125,31,31,AAATTACGTGCCTAATGCGC,0,2490749
mhpRp2,0.03225806451612903,30,30,TTCTTACCCCTGATCGTCAT,0,2543943
mhpRp2,0.03225806451612903,30,30,TTCGCTCCTAATCAGACTGG,0,2491166
mhpRp2,0.03225806451612903,30,30,TTCGCATTGAAAGAAGGGTC,0,2523056
mhpRp2,0.03225806451612903,30,30,TTCAGGGACATGAGGTACGA,0,2530927
mhpRp2,0.03225806451612903,30,30,TTAGCCCGTACGGTGCGAGT,0,2537520
mhpRp2,0.03225806451612903,30,30,TTAATGCTCCATTCCGGCGG,0,2513749
mhpRp2,0.03225806451612903,30,30,TGTCCTAGTATCGTCCCAAT,0,2504364
mhpRp2,0.03225806451612903,30,30,TGGGGAGCAAGCATACCTGT,0,2521797
mhpRp2,0.03225806451612903,30,30,TGGATGTGGGCTGTAACCTC,0,2515756
mhpRp2,0.03225806451612903,30,30,TGCATTAGAACCTCGGGTAT,0,2489001
mhpRp2,0.03225806451612903,30,30,TGCATCGCCTCACAGATTTA,0,2516179
mhpRp2,0.03225806451612903,30,30,TGACAGAAATACCCATGGTT,0,2493152
mhpRp2,0.03225806451612903,30,30,TCTGTGCTCAAAGTAATCAG,0,2490218
mhpRp2,0.03225806451612903,30,30,TCTCGGGCAGGCTAAAGATT,0,2507212
mhpRp2,0.03225806451612903,30,30,TCGTATGAGGTTATGATAGG,0,2524852
mhpRp2,0.03225806451612903,30,30,TCCTATGTAATAAGGAGATC,0,2501719
mhpRp2,0.03225806451612903,30,30,TCCGTAAGACACACACTTTG,0,2528299
mhpRp2,0.03225806451612903,30,30,TCCCTCGGTGTACTGCGACA,0,2483990
mhpRp2,0.03225806451612903,30,30,TCATTTCCCAGACATTAAAG,0,2487419
mhpRp2,0.03225806451612903,30,30,TATGAAGCATGTCCCTTCGC,0,2517368
mhpRp2,0.03225806451612903,30,30,TAGAAGTTTAGATTACTTGA,0,2485221
mhpRp2,0.03225806451612903,30,30,TACGTGCCTGCCGTGACTTA,0,2529822
mhpRp2,0.03225806451612903,30,30,TACACGTCCTACGTCCTTTG,0,2527146
mhpRp2,0.03225806451612903,30,30,GTTGTTTTGCTTTGGGTCCC,0,2503962
mhpRp2,0.03225806451612903,30,30,GTTGCCTACGAACATCTCCG,0,2533058
mhpRp2,0.03225806451612903,30,30,GTGTGCGTGACCTCGGCAAG,0,2489801
mhpRp2,0.03225806451612903,30,30,GTACGGCTACTATTGGCAAC,0,2506848
mhpRp2,0.03225806451612903,30,30,GGGAGCTAGAACGATAGCGG,0,2543802
mhpRp2,0.03225806451612903,30,30,GGCTAGAAAGAGCATCTTTG,0,2498960
mhpRp2,0.03225806451612903,30,30,GGCACCCCGCAGTCTAGCGT,0,2490162
mhpRp2,0.03225806451612903,30,30,GGAGGCTGTTGCATTACTGT,0,2484417
mhpRp2,0.03225806451612903,30,30,GGACGAACGTGCATCATGGT,0,2498432
mhpRp2,0.03225806451612903,30,30,GCCAACGGTGGAGGGACTGT,0,2521363
mhpRp2,0.03225806451612903,30,30,GATACCCCGTCGGGGCGCAA,0,2501505
mhpRp2,0.03225806451612903,30,30,GATAAGCTCTTCTTAGACGT,0,2539722
mhpRp2,0.03225806451612903,30,30,GAGCTAGCCGGATGGGACTA,0,2525001
mhpRp2,0.03225806451612903,30,30,GAACTCACAGATGATTGGTT,0,2512239
mhpRp2,0.03225806451612903,30,30,CTGTGTGCCGAAAAATGCTA,0,2525206
mhpRp2,0.03225806451612903,30,30,CTGTACCAGTTTGGTATATC,0,2535661
mhpRp2,0.03225806451612903,30,30,CTGCGCGAGCGACGGACGAT,0,2479897
mhpRp2,0.03225806451612903,30,30,CTGATACCAACGGCCCGCGC,0,2492586
mhpRp2,0.03225806451612903,30,30,CTCTTCGTTCAAACTGTTGT,0,2531734
mhpRp2,0.03225806451612903,30,30,CTAGTCAGCAGGCCACGTGC,0,2537091
mhpRp2,0.03225806451612903,30,30,CGTAGTACGCTGCCGAGTCT,0,2489336
mhpRp2,0.03225806451612903,30,30,CGTAAGGTACTCCCAATTGA,0,2501264
mhpRp2,0.03225806451612903,30,30,CGGTTAAGGAGGAGCCTAAC,0,2486543
mhpRp2,0.03225806451612903,30,30,CGGGCGCACGTACGAGCCCT,0,2510013
mhpRp2,0.03225806451612903,30,30,CCTAGTTATATTATTTTGTG,0,2500554
mhpRp2,0.03225806451612903,30,30,CCCTGAGCCCCTGCAGCCGC,0,2529398
mhpRp2,0.03225806451612903,30,30,CCCCATACTATAATTATCAA,0,2520355
mhpRp2,0.03225806451612903,30,30,CATGATTTTTCGTGTAGTTT,0,2481004
mhpRp2,0.03225806451612903,30,30,CATAGGAAGGCTACTTTTCT,0,2508612
mhpRp2,0.03225806451612903,30,30,CAACTCGGACGGAATGACAG,0,2502887
mhpRp2,0.03225806451612903,30,30,CAACAAGTTACCTAGTCTTC,0,2492588
mhpRp2,0.03225806451612903,30,30,CAACAAAAGCTCGGACTCAC,0,2503877
mhpRp2,0.03225806451612903,30,30,CAAAATTGTTTATTGTACAC,0,2485645
mhpRp2,0.03225806451612903,30,30,ATCTGGGAGAGAGTCGGCTC,0,2482403
mhpRp2,0.03225806451612903,30,30,ATCGTATATGTTATAACTTA,0,2525270
mhpRp2,0.03225806451612903,30,30,ATCCGTCACTAATTCGGACA,0,2508552
mhpRp2,0.03225806451612903,30,30,ATATCTGGGCTGAGGAGAAC,0,2500408
mhpRp2,0.03225806451612903,30,30,AGTCTACCTGCTAGCCTTGC,0,2496537
mhpRp2,0.03225806451612903,30,30,AGCGGCTAACAGGCATAGGG,0,2484367
mhpRp2,0.03225806451612903,30,30,AGCACCTGGTGTTTTCCACA,0,2519890
mhpRp2,0.03225806451612903,30,30,AGATCACTTAACCGGAAACG,0,2515718
mhpRp2,0.03225806451612903,30,30,AGACCGCGCAGTGGGTCGTA,0,2495019
mhpRp2,0.03225806451612903,30,30,AGAAAAGACTCCGCTCTCAT,0,2484854
mhpRp2,0.03225806451612903,30,30,ACGAATCCAGGTAAAGGGTG,0,2540354
mhpRp2,0.03225806451612903,30,30,ACAGGTTCCACGTACTCGCT,0,2495147
mhpRp2,0.03225806451612903,30,30,ACAAGGGTGCCACCAGTGCT,0,2532161
mhpRp2,0.03225806451612903,30,30,AATGGCGGTCGATGTCATTC,0,2526423
mhpRp2,0.03225806451612903,30,30,AATGCATAAGTCGTTCTGTC,0,2506405
mhpRp2,0.03225806451612903,30,30,AATACCCAGATAAAGCAATA,0,2507289
mhpRp2,0.03225806451612903,30,30,AAGATAATATGACCGCATGT,0,2542798
mhpRp2,0.03225806451612903,30,30,AAACAAGCGATTGCTCATAA,0,2507745
mhpRp2,0.03333333333333333,29,29,TTTCCACGGAGTCACCGCAA,0,2523871
mhpRp2,0.03333333333333333,29,29,TTGGTAGGCACCGTCACATA,0,2523195
mhpRp2,0.03333333333333333,29,29,TTCGCCATTTTTGTGCTGTT,0,2526858
mhpRp2,0.03333333333333333,29,29,TTAGACATGGTTGCTGGGAA,0,2498083
mhpRp2,0.03333333333333333,29,29,TTACGCATTTCGCTTAATGT,0,2533197
mhpRp2,0.03333333333333333,29,29,TGGTCAGGCCGAGTTGGTCA,0,2536032
mhpRp2,0.03333333333333333,29,29,TGGGACCAGGAAACGGCCCT,0,2537406
mhpRp2,0.03333333333333333,29,29,TGGCTTATACGAGACCGTCT,0,2525535
mhpRp2,0.03333333333333333,29,29,TGGCGAGTTTCCAAAATCCG,0,2510174
mhpRp2,0.03333333333333333,29,29,TGATGTCCTTCCGATTCAGG,0,2504918
mhpRp2,0.03333333333333333,29,29,TGAGTAATGCGTACGGGTAT,0,2528884
mhpRp2,0.03333333333333333,29,29,TGAGGGAACCATGGCCTTAC,0,2535760
mhpRp2,0.03333333333333333,29,29,TCTTCGTCTCCAGCCATCGG,0,2498611
mhpRp2,0.03333333333333333,29,29,TCCTTGAGTAGATGCAGTAT,0,2517682
mhpRp2,0.03333333333333333,29,29,TCATCTCTTTACATCAAAGG,0,2519338
mhpRp2,0.03333333333333333,29,29,TCATCGTTAGGCTAAGACTG,0,2480858
mhpRp2,0.03333333333333333,29,29,TACTCGGTAATAAAAGGGAT,0,2510800
mhpRp2,0.03333333333333333,29,29,GTTCTAATAATATACTACAC,0,2519015
mhpRp2,0.03333333333333333,29,29,GTTCAGGCGTGCCCATCCTG,0,2496919
mhpRp2,0.03333333333333333,29,29,GTGCGGTATGGTGCAGCGGC,0,2510099
mhpRp2,0.03333333333333333,29,29,GTGCGGAGATAACACTTAGT,0,2511468
mhpRp2,0.03333333333333333,29,29,GGGCAGAGCGAGTCAAAAAA,0,2517881
mhpRp2,0.03333333333333333,29,29,GGGACAAGGTTAGTGTAAGA,0,2511726
mhpRp2,0.03333333333333333,29,29,GCTTGACGTTGAGACTCTAT,0,2539436
mhpRp2,0.03333333333333333,29,29,GCTCAGGCAGCACAATAGTT,0,2524724
mhpRp2,0.03333333333333333,29,29,GCGAGCCACATGTTGGGAGT,0,2487831
mhpRp2,0.03333333333333333,29,29,GCGAATGCCTCCGGCCTGCA,0,2539704
mhpRp2,0.03333333333333333,29,29,GCCGTTGTTCTAGAAGGACG,0,2500290
mhpRp2,0.03333333333333333,29,29,GCACGCCTAACTACAAACGC,0,2528588
mhpRp2,0.03333333333333333,29,29,GAGTGCGCCAATGGAGTGCA,0,2527962
mhpRp2,0.03333333333333333,29,29,GAGCTTCTGACCATACGACA,0,2505541
mhpRp2,0.03333333333333333,29,29,GAGCAGCAACCTAAGATTGT,0,2540491
mhpRp2,0.03333333333333333,29,29,GACGACCACCCTACACACCA,0,2484777
mhpRp2,0.03333333333333333,29,29,CTTTGGACAATGGTGCGGGT,0,2516044
mhpRp2,0.03333333333333333,29,29,CTGCAGTAGGGCTCGTCGGA,0,2481003
mhpRp2,0.03333333333333333,29,29,CTGAGAGTTATATCCTCAAT,0,2544884
mhpRp2,0.03333333333333333,29,29,CTCAGTTATGAGGCTCACAG,0,2498466
mhpRp2,0.03333333333333333,29,29,CGGGTTCTAGTACATGTCGT,0,2501869
mhpRp2,0.03333333333333333,29,29,CGGCAATTACCATTCCCGCC,0,2486430
mhpRp2,0.03333333333333333,29,29,CGAGACAATTGAGTTGTATA,0,2512917
mhpRp2,0.03333333333333333,29,29,CCTCGAAAATTCCTTCCTTG,0,2492592
mhpRp2,0.03333333333333333,29,29,CCGCAATGCTCGGGCATCCA,0,2517277
mhpRp2,0.03333333333333333,29,29,CCGAGGACCAGCTTACTCAT,0,2510825
mhpRp2,0.03333333333333333,29,29,CAGTTGTACTAACGCGTTTT,0,2516801
mhpRp2,0.03333333333333333,29,29,CACTATTCCGGTCTTAGCTA,0,2498317
mhpRp2,0.03333333333333333,29,29,CACCTGGAAGTGAAGCGCTA,0,2530072
mhpRp2,0.03333333333333333,29,29,CAAGGAACTGACTGGATGGA,0,2537376
mhpRp2,0.03333333333333333,29,29,CAACATTCAGTCATATTGTT,0,2486134
mhpRp2,0.03333333333333333,29,29,ATTGTGGTTTGTCTCAACTA,0,2486293
mhpRp2,0.03333333333333333,29,29,ATGCCTGTTATGTCTATTCC,0,2515531
mhpRp2,0.03333333333333333,29,29,ATCCCGTCCTGCCGATTCAC,0,2540543
mhpRp2,0.03333333333333333,29,29,ATCCACTGATAGCTCTGAAA,0,2485892
mhpRp2,0.03333333333333333,29,29,ATAGTAACATATGGCTCTCG,0,2545489
mhpRp2,0.03333333333333333,29,29,AGTGATTATGCTCAAACAAT,0,2494520
mhpRp2,0.03333333333333333,29,29,AGTCCGGCGCAAGTGGAGTT,0,2529119
mhpRp2,0.03333333333333333,29,29,AGGTGAGATGCCTGATCATT,0,2535324
mhpRp2,0.03333333333333333,29,29,AGGAGTACTGGTAAGGGATA,0,2517907
mhpRp2,0.03333333333333333,29,29,AGAGCATGGGGTCTCGAAAT,0,2508610
mhpRp2,0.03333333333333333,29,29,ACTGGTTAGCGTCGATGTAT,0,2515543
mhpRp2,0.03333333333333333,29,29,ACGTCCCATAACTGAGTTTG,0,2497666
mhpRp2,0.03333333333333333,29,29,ACGGGTATATCACACAGGAT,0,2500471
mhpRp2,0.03333333333333333,29,29,ACCATGAACGATTCGCTTAA,0,2527061
mhpRp2,0.03333333333333333,29,29,ACACACTGTTGCGCGGCGCA,0,2540432
mhpRp2,0.03333333333333333,29,29,ACAAGGAGCCATTCTAATAA,0,2537210
mhpRp2,0.03333333333333333,29,29,AATCCGGCGGTCTGTCCTAT,0,2525642
mhpRp2,0.03333333333333333,29,29,AAGGCCTACGATGAGCCTAA,0,2513118
mhpRp2,0.03333333333333333,29,29,AACACTATATCCGGCCTGTC,0,2535623
mhpRp2,0.03333333333333333,29,29,AAAAGCGGACAGTTCTACTC,0,2506998
mhpRp2,0.034482758620689655,28,28,TTATATAAGTTCTCTCCAAG,0,2491828
mhpRp2,0.034482758620689655,28,28,TTAGTTAAGTCCACCTTTTA,0,2486545
mhpRp2,0.034482758620689655,28,28,TGATTTGTCCCAAACCTTCA,0,2507295
mhpRp2,0.034482758620689655,28,28,TGAGTGTAGTGATAACCTGT,0,2510188
mhpRp2,0.034482758620689655,28,28,TCGGCACGGGCCAGACTCGT,0,2494231
mhpRp2,0.034482758620689655,28,28,TCACCATTTGAAGCATCGAA,0,2502038
mhpRp2,0.034482758620689655,28,28,TAGCTGAGTTTAAGAGATCC,0,2495866
mhpRp2,0.034482758620689655,28,28,TACCTTGGGGTCTTTGGGAC,0,2487696
mhpRp2,0.034482758620689655,28,28,GTTTGATGCATGATACAGGA,0,2490516
mhpRp2,0.034482758620689655,28,28,GTTGTGTAGGCTCTTATCAC,0,2533450
mhpRp2,0.034482758620689655,28,28,GTTGTGCGGCTAACCAATCT,0,2518446
mhpRp2,0.034482758620689655,28,28,GTTCGTCGCTGCGTAAGACG,0,2481440
mhpRp2,0.034482758620689655,28,28,GTGGAGTAATTCTTCATGTG,0,2489027
mhpRp2,0.034482758620689655,28,28,GGTCGCCAGACAAAATGAGG,0,2526073
mhpRp2,0.034482758620689655,28,28,GGGTCTAGGGCCTTGATAGT,0,2508662
mhpRp2,0.034482758620689655,28,28,GGGCTAGGGTAGCAGGGAGT,0,2544382
mhpRp2,0.034482758620689655,28,28,GGGAAGCTACGAATCGCCCA,0,2535928
mhpRp2,0.034482758620689655,28,28,GGCGCGTTCTCCGTCATTGG,0,2497948
mhpRp2,0.034482758620689655,28,28,GCGGTTACCTGTTGCGATCT,0,2538932
mhpRp2,0.034482758620689655,28,28,GCCCAGGGCATTTGGTATAG,0,2527380
mhpRp2,0.034482758620689655,28,28,GCCAAAGACTCAACCCGTAT,0,2540022
mhpRp2,0.034482758620689655,28,28,GCATGGATGGCTAGGCTTAT,0,2532367
mhpRp2,0.034482758620689655,28,28,GCAGCAGCACACGCTAGGAA,0,2534497
mhpRp2,0.034482758620689655,28,28,GATTAGACGCGGTTCACTCT,0,2514548
mhpRp2,0.034482758620689655,28,28,GATGCCTTGTCTGCCGTTGT,0,2498123
mhpRp2,0.034482758620689655,28,28,GAGTACCAATCGAGGAACAA,0,2504470
mhpRp2,0.034482758620689655,28,28,CTTTTATTCCCGCTTGTTCT,0,2524355
mhpRp2,0.034482758620689655,28,28,CTGGGAGCAATCAAGGAGGT,0,2500626
mhpRp2,0.034482758620689655,28,28,CTGCTGAGGATCCGACGTGA,0,2502679
mhpRp2,0.034482758620689655,28,28,CTGCACAACATATCAAAAGG,0,2511719
mhpRp2,0.034482758620689655,28,28,CTCTCACCAGTAACACCAGT,0,2542274
mhpRp2,0.034482758620689655,28,28,CTCCACTAAGGCACTAGATA,0,2529110
mhpRp2,0.034482758620689655,28,28,CTACATGAGAGCCGCTGCTG,0,2488776
mhpRp2,0.034482758620689655,28,28,CCGGTAGGCACCCGTTCTTA,0,2535148
mhpRp2,0.034482758620689655,28,28,CCAGGAACACTATGTGTGTA,0,2543957
mhpRp2,0.034482758620689655,28,28,CCAGCCAGCGCGAGTTACTG,0,2494672
mhpRp2,0.034482758620689655,28,28,CAGCTTCCCTCCTTGCCGTA,0,2538471
mhpRp2,0.034482758620689655,28,28,CACGGGGGAAACGACATATA,0,2500640
mhpRp2,0.034482758620689655,28,28,ATTCGTTCGTGAATCAGACA,0,2493670
mhpRp2,0.034482758620689655,28,28,ATCGGTTTTTACTGACGGAT,0,2485394
mhpRp2,0.034482758620689655,28,28,ATAGTTAGCGGTCCCAAAGA,0,2487139
mhpRp2,0.034482758620689655,28,28,ATAGGTTAATGCCGGAGCGT,0,2536140
mhpRp2,0.034482758620689655,28,28,ATAACCTTACAAGACGCGAC,0,2498151
mhpRp2,0.034482758620689655,28,28,AGTGCGTTCTGAACCGTAAA,0,2531539
mhpRp2,0.034482758620689655,28,28,AGTGATCTTAAGTGAGTCCT,0,2536480
mhpRp2,0.034482758620689655,28,28,AGGGCGCTTTGGTGCAGGAA,0,2505978
mhpRp2,0.034482758620689655,28,28,AGCGGATTGCGTGACCCGGA,0,2491967
mhpRp2,0.034482758620689655,28,28,AGCCCTTGTGTACTTAAAAG,0,2512899
mhpRp2,0.034482758620689655,28,28,AGCAGGAGGGCGCGCTCTTA,0,2490219
mhpRp2,0.034482758620689655,28,28,AGCACGTCGGTCGTTGATAA,0,2493772
mhpRp2,0.034482758620689655,28,28,AGACACAGTAAGAGAATGGA,0,2501157
mhpRp2,0.034482758620689655,28,28,ACTCCGGGTGCGAACTGTCG,0,2511732
mhpRp2,0.034482758620689655,28,28,AATATCTGCATCCTACTTGT,0,2489740
mhpRp2,0.034482758620689655,28,28,AATAAGCATGTAATACCTCG,0,2481248
mhpRp2,0.034482758620689655,28,28,AATAAAGCTAAGCTAATTGT,0,2511544
mhpRp2,0.034482758620689655,28,28,AAGTCAAAAGACCTTCGGCA,0,2517918
mhpRp2,0.034482758620689655,28,28,AAGGCGAAGGCGCAGGGCTG,0,2507489
mhpRp2,0.034482758620689655,28,28,AAAGTGACTCACGCTAACGG,0,2493285
mhpRp2,0.03571428571428571,27,27,TTTGTCTGGTAGGTTGCATA,0,2521745
mhpRp2,0.03571428571428571,27,27,TTTCGATGGTGATTCGCTCT,0,2509511
mhpRp2,0.03571428571428571,27,27,TTTACCGCCATAGTCCCGTA,0,2534039
mhpRp2,0.03571428571428571,27,27,TTGCGGCTTAGTGTTTCGGA,0,2489737
mhpRp2,0.03571428571428571,27,27,TTGCATTCCTGTATCCCGCG,0,2519082
mhpRp2,0.03571428571428571,27,27,TTCTCTAGGATCCTGAGTGA,0,2542722
mhpRp2,0.03571428571428571,27,27,TTCCCTTTACACCGCCGGTT,0,2484811
mhpRp2,0.03571428571428571,27,27,TTCCATGTATTAGTTGTGGA,0,2539850
mhpRp2,0.03571428571428571,27,27,TTAAGGTCTACTCCGAATCG,0,2488439
mhpRp2,0.03571428571428571,27,27,TGTCCTCTCTGTGCTATGGG,0,2532965
mhpRp2,0.03571428571428571,27,27,TGTCCCTTGACGTCATTTGA,0,2479561
mhpRp2,0.03571428571428571,27,27,TGTACTCATGGGCGTGAACT,0,2493019
mhpRp2,0.03571428571428571,27,27,TGACATGTAAGCTCGATGAC,0,2487521
mhpRp2,0.03571428571428571,27,27,TCTCAGGGGTCACCCGCGCA,0,2535272
mhpRp2,0.03571428571428571,27,27,TCTAGGTTGAATGTCGCTTG,0,2521956
mhpRp2,0.03571428571428571,27,27,TCTAATCTGCTCCCCTATTA,0,2510917
mhpRp2,0.03571428571428571,27,27,TCGTTGCTTCAATTTTGGTA,0,2539851
mhpRp2,0.03571428571428571,27,27,TCATTGGGCCACAGGGTCCT,0,2495484
mhpRp2,0.03571428571428571,27,27,TATTTACGGGCAGGTTACCC,0,2515874
mhpRp2,0.03571428571428571,27,27,TACACATTTGGATCCGTGAA,0,2525774
mhpRp2,0.03571428571428571,27,27,TAAGTCTCCTAGTATAATAA,0,2537692
mhpRp2,0.03571428571428571,27,27,GTTGGCTCATCAGTACACAA,0,2490259
mhpRp2,0.03571428571428571,27,27,GTTAGGACCGATACTAGCTG,0,2522662
mhpRp2,0.03571428571428571,27,27,GTTAGAAAGGCTCGGAAATA,0,2525008
mhpRp2,0.03571428571428571,27,27,GTGTTGCCGCCTACGTTCAA,0,2486547
mhpRp2,0.03571428571428571,27,27,GTGTTCGTCGCGTAAAGCGT,0,2491005
mhpRp2,0.03571428571428571,27,27,GTGACAGTTCGGAGGTAGTA,0,2481085
mhpRp2,0.03571428571428571,27,27,GTCTAAAGCGTATGAAAGGA,0,2508492
mhpRp2,0.03571428571428571,27,27,GTACTCTTTAGCCGGTGGTC,0,2502310
mhpRp2,0.03571428571428571,27,27,GTAAATCGATACGGATTCAC,0,2513853
mhpRp2,0.03571428571428571,27,27,GGTATTGGGCCTAGTGACTA,0,2489025
mhpRp2,0.03571428571428571,27,27,GGTAGCAACGTATTGTCCGT,0,2541499
mhpRp2,0.03571428571428571,27,27,GGCGACCGGTAAGGCTCAAT,0,2516662
mhpRp2,0.03571428571428571,27,27,GGCAATAGTCAACCCCACTC,0,2523763
mhpRp2,0.03571428571428571,27,27,GGATCCTTTGCTCGCTAAGG,0,2524383
mhpRp2,0.03571428571428571,27,27,GGAAGTACGATGCAGGTTTT,0,2504150
mhpRp2,0.03571428571428571,27,27,GCACAGATACTGAGAAAAAC,0,2524154
mhpRp2,0.03571428571428571,27,27,GATTTTACCTTTGTCATAGT,0,2483115
mhpRp2,0.03571428571428571,27,27,GATTGGACAACCTGAAAAAT,0,2493231
mhpRp2,0.03571428571428571,27,27,GAGAATATTGGGTCTGGTAA,0,2482669
mhpRp2,0.03571428571428571,27,27,GAATGTATCTTGGACGATCA,0,2535200
mhpRp2,0.03571428571428571,27,27,GAACCCGCAGCCGTAGATCT,0,2501526
mhpRp2,0.03571428571428571,27,27,GAAAAGGGCGCAAGTCCCAG,0,2527976
mhpRp2,0.03571428571428571,27,27,CTCGGGTTTTAGAACAGCAT,0,2499543
mhpRp2,0.03571428571428571,27,27,CTCACAAGTCCGGGACTCGA,0,2538123
mhpRp2,0.03571428571428571,27,27,CTACAGGCAGTTTGGCTAAA,0,2509452
mhpRp2,0.03571428571428571,27,27,CTACAAAACCGCCGCTCCTG,0,2481040
mhpRp2,0.03571428571428571,27,27,CTAAGAGGTGCGCTGTGTAT,0,2541814
mhpRp2,0.03571428571428571,27,27,CGCGAGTACATGTCACCCAG,0,2539752
mhpRp2,0.03571428571428571,27,27,CGCAAGCCTCCTTCGCAGAT,0,2512801
mhpRp2,0.03571428571428571,27,27,CGAACCCTCCACCCCCCACG,0,2489742
mhpRp2,0.03571428571428571,27,27,CCCGTTCTCGCTCTGGATTA,0,2510879
mhpRp2,0.03571428571428571,27,27,CCCAATCATCCCGTCTAGAT,0,2487397
mhpRp2,0.03571428571428571,27,27,CCACGAAGCGTTCAGGTAAC,0,2485856
mhpRp2,0.03571428571428571,27,27,CATTTGATCTTTCCCCAGCG,0,2538829
mhpRp2,0.03571428571428571,27,27,CATTCTAGGGGTACGCCATG,0,2526871
mhpRp2,0.03571428571428571,27,27,CATCATGCTAGGGGAAATTA,0,2523885
mhpRp2,0.03571428571428571,27,27,CATAGGTTAGTCGCCCCAGA,0,2487262
mhpRp2,0.03571428571428571,27,27,CAGTGAGAAAGCACGTATTT,0,2543634
mhpRp2,0.03571428571428571,27,27,CAGATGCGTGACCTATGAAT,0,2544795
mhpRp2,0.03571428571428571,27,27,CAGACTACGTAGACATCCCG,0,2505848
mhpRp2,0.03571428571428571,27,27,CAATTCCGCTAACGGGCTGT,0,2487354
mhpRp2,0.03571428571428571,27,27,CAACCCGGTATGTCCTTGCT,0,2513110
mhpRp2,0.03571428571428571,27,27,ATTCTTGACGCCGGCACCTA,0,2502730
mhpRp2,0.03571428571428571,27,27,ATTCATTGGCGCCGAGTCAG,0,2543188
mhpRp2,0.03571428571428571,27,27,ATGACACGAATCACAAGAAA,0,2503801
mhpRp2,0.03571428571428571,27,27,ATCGCCCAAGAAACACACGA,0,2484543
mhpRp2,0.03571428571428571,27,27,AGTTTAGGCAGAATACGTCT,0,2492890
mhpRp2,0.03571428571428571,27,27,AGTTAGGATAGCCTGAGTCT,0,2483005
mhpRp2,0.03571428571428571,27,27,AGGTTGTCGCCGGTTGAGTC,0,2485271
mhpRp2,0.03571428571428571,27,27,AGAATAGACGGGGTACTCAC,0,2482213
mhpRp2,0.03571428571428571,27,27,ACTACCAGTGTAATAGGCTG,0,2519332
mhpRp2,0.03571428571428571,27,27,ACGTGACGGAGTATGCGAGT,0,2537779
mhpRp2,0.03571428571428571,27,27,ACGGATAACGCGCCAATGAG,0,2510117
mhpRp2,0.03571428571428571,27,27,ACGCCCATGACGCTTAATGT,0,2520681
mhpRp2,0.03571428571428571,27,27,ACGAGGTAGTAGATACGCTT,0,2519592
mhpRp2,0.03571428571428571,27,27,ACGACGTACTGGCGGGAGGT,0,2502935
mhpRp2,0.03571428571428571,27,27,ACCCCAGTAGAATGCCTGAT,0,2506271
mhpRp2,0.03571428571428571,27,27,ACAGCGATGAAATATTCGGT,0,2525508
mhpRp2,0.03571428571428571,27,27,AATACGTTCGCAAATTAATA,0,2529108
mhpRp2,0.03571428571428571,27,27,AATACGATCAAGGATCTATA,0,2523967
mhpRp2,0.03571428571428571,27,27,AACTCCCTTAGCTGGGTGCG,0,2487784
mhpRp2,0.03571428571428571,27,27,AACCGTTTACAAGGCTTTAG,0,2493452
mhpRp2,0.037037037037037035,26,26,TTTTGAGGGGGTGTCAGTCA,0,2484630
mhpRp2,0.037037037037037035,26,26,TTTTATGCCTCGGTGCTTCA,0,2518482
mhpRp2,0.037037037037037035,26,26,TTGTCGGTTTTTTGAGGAGT,0,2505443
mhpRp2,0.037037037037037035,26,26,TTCTGATTTACGCCGGAAGA,0,2507020
mhpRp2,0.037037037037037035,26,26,TTATTGCCCTTATCTTGCTT,0,2512037
mhpRp2,0.037037037037037035,26,26,TTACCAGTGGCCGCCCGTGT,0,2493014
mhpRp2,0.037037037037037035,26,26,TGTGATGCTAAACCAGGCAT,0,2488110
mhpRp2,0.037037037037037035,26,26,TGTGATCAGCACGTACCCCG,0,2483230
mhpRp2,0.037037037037037035,26,26,TGGGTGCACAGGTATTCCAG,0,2526184
mhpRp2,0.037037037037037035,26,26,TGGGGGCGAATTGGCCAATC,0,2495230
mhpRp2,0.037037037037037035,26,26,TGGGACGTGACCTGTTTCGA,0,2498230
mhpRp2,0.037037037037037035,26,26,TGGCTACTGCACACGGGCGC,0,2545342
mhpRp2,0.037037037037037035,26,26,TGATAGGGGAGGCAGGGAGT,0,2500380
mhpRp2,0.037037037037037035,26,26,TGAAGCTAAGAATTGCGCTA,0,2485262
mhpRp2,0.037037037037037035,26,26,TCTCACAGGCATGAGTCTGC,0,2527765
mhpRp2,0.037037037037037035,26,26,TCGGTCTCATACCATTGTTG,0,2483281
mhpRp2,0.037037037037037035,26,26,TCAACGGCTCGCTTCGAACT,0,2515337
mhpRp2,0.037037037037037035,26,26,TACGACATTACGGTTAACAC,0,2526180
mhpRp2,0.037037037037037035,26,26,GTTTTTTGCGCTAGTTTGGA,0,2537896
mhpRp2,0.037037037037037035,26,26,GTTTTTGTTCGCCCAAGGTC,0,2504674
mhpRp2,0.037037037037037035,26,26,GTTTTCGGCTAAACTACTTA,0,2513890
mhpRp2,0.037037037037037035,26,26,GTGGAGTCGCAAGGTTCTGC,0,2495398
mhpRp2,0.037037037037037035,26,26,GTGATTCATTCCCACCAACT,0,2534545
mhpRp2,0.037037037037037035,26,26,GTCTTTGATCTGTATGAAGT,0,2530187
mhpRp2,0.037037037037037035,26,26,GTCATCATTACAGGCAACCA,0,2501357
mhpRp2,0.037037037037037035,26,26,GTACATGCACCGGAACTACG,0,2484906
mhpRp2,0.037037037037037035,26,26,GGTCAGCGATGTACCAGGAA,0,2526611
mhpRp2,0.037037037037037035,26,26,GGTATTTGGCTCACAATTAG,0,2529482
mhpRp2,0.037037037037037035,26,26,GGGTTCTATCATTTGAATTT,0,2484207
mhpRp2,0.037037037037037035,26,26,GGGCCTAACGCGCACGCCAG,0,2544683
mhpRp2,0.037037037037037035,26,26,GGAGGGGAAACGCCCGCCAC,0,2499153
mhpRp2,0.037037037037037035,26,26,GGACAGGGCTCTTTTCGGAG,0,2528678
mhpRp2,0.037037037037037035,26,26,GCGGTTTGGGCGCCGCCTCT,0,2509829
mhpRp2,0.037037037037037035,26,26,GCCGTCGCGGGGGACTATGT,0,2497981
mhpRp2,0.037037037037037035,26,26,GCCAGAAAGTAGCACCAAAT,0,2484654
mhpRp2,0.037037037037037035,26,26,GATGAGACTCAAGGTTCCGC,0,2512704
mhpRp2,0.037037037037037035,26,26,GATCTGTACCCGTCAGGGCA,0,2485052
mhpRp2,0.037037037037037035,26,26,GATAGTTCCAGCAGACCCAG,0,2506621
mhpRp2,0.037037037037037035,26,26,GAGACGGAGCTTCCTTGGCC,0,2480559
mhpRp2,0.037037037037037035,26,26,GACAACTCGATGTGAAGCCA,0,2492047
mhpRp2,0.037037037037037035,26,26,GAACAATTGCGTAGCGGAAT,0,2517916
mhpRp2,0.037037037037037035,26,26,CTTACCCATCGCGTGCCACT,0,2526789
mhpRp2,0.037037037037037035,26,26,CTCGCTGGATTTAAAGAGTC,0,2487100
mhpRp2,0.037037037037037035,26,26,CTCGATGATCGGGCGACCTG,0,2486812
mhpRp2,0.037037037037037035,26,26,CTAATACCGGGAATACCCAT,0,2509747
mhpRp2,0.037037037037037035,26,26,CGTGCATGATGGTAGGTGAT,0,2495988
mhpRp2,0.037037037037037035,26,26,CGGTTTCAAGCTGTAGAATG,0,2532120
mhpRp2,0.037037037037037035,26,26,CGGGAGTCCTTATCAACTGG,0,2511331
mhpRp2,0.037037037037037035,26,26,CGGCAAGTTATATCGCAGTG,0,2521130
mhpRp2,0.037037037037037035,26,26,CGCTCGTGGGCTATGGGAAC,0,2508951
mhpRp2,0.037037037037037035,26,26,CGCAAAAGGTATGCCAGAGC,0,2531386
mhpRp2,0.037037037037037035,26,26,CCTTAACATTTCATGTGCAA,0,2523719
mhpRp2,0.037037037037037035,26,26,CCTATCTCGACGCGAACTTA,0,2485617
mhpRp2,0.037037037037037035,26,26,CCGTCCCACGTTCAGAGGGT,0,2490750
mhpRp2,0.037037037037037035,26,26,CCGAACCTAACCCCTATTAC,0,2530222
mhpRp2,0.037037037037037035,26,26,CCCATGGGGGCTAATTCATT,0,2505094
mhpRp2,0.037037037037037035,26,26,CCCATGGGCAAGAGTGCCTC,0,2513340
mhpRp2,0.037037037037037035,26,26,CCAATTGCGGCAGTGCAATC,0,2534570
mhpRp2,0.037037037037037035,26,26,CAGTCGGGGCGGGGATACGG,0,2531848
mhpRp2,0.037037037037037035,26,26,CACGGAAAAGATTGAACACA,0,2524586
mhpRp2,0.037037037037037035,26,26,CACCTGCTACGTTATGACTT,0,2480138
mhpRp2,0.037037037037037035,26,26,CACCTAAGGACTAGTTGGGT,0,2542935
mhpRp2,0.037037037037037035,26,26,CACACATTTGAGGGATTTTA,0,2493562
mhpRp2,0.037037037037037035,26,26,CAACGTGCTGTTAAGAGCGA,0,2507645
mhpRp2,0.037037037037037035,26,26,ATTTACAGCCCGAAGCTTAC,0,2490807
mhpRp2,0.037037037037037035,26,26,ATTGCCGTTATGCGACACAG,0,2505405
mhpRp2,0.037037037037037035,26,26,ATTCCGATGATCGTTACCCA,0,2494032
mhpRp2,0.037037037037037035,26,26,ATTAGTTACCTTGAGTAATA,0,2524162
mhpRp2,0.037037037037037035,26,26,ATGTAATAGGTCCTGATGGC,0,2507824
mhpRp2,0.037037037037037035,26,26,ATCGGGACAAGCCCCGGCAA,0,2517028
mhpRp2,0.037037037037037035,26,26,ATCCTCATTAGTTATTAAGA,0,2520279
mhpRp2,0.037037037037037035,26,26,ATCAGTATCCATATATCCAC,0,2538141
mhpRp2,0.037037037037037035,26,26,ATCACGCTAGCTAGGAATTG,0,2507221
mhpRp2,0.037037037037037035,26,26,ATCACATCTGCTTAAGCCGA,0,2487982
mhpRp2,0.037037037037037035,26,26,AGTCCTTTAAGTTCTTAGAG,0,2513867
mhpRp2,0.037037037037037035,26,26,AGGGTCATTAGATATTACAT,0,2485934
mhpRp2,0.037037037037037035,26,26,AGGCCTCGGGTCGTCGCTAC,0,2499800
mhpRp2,0.037037037037037035,26,26,AGGCCAGCCCCTGATCACGG,0,2539180
mhpRp2,0.037037037037037035,26,26,AGATTCCGGCGGCAACTAAC,0,2520524
mhpRp2,0.037037037037037035,26,26,AGACTGCCATAGAGATATTA,0,2509137
mhpRp2,0.037037037037037035,26,26,AGACGCGACTGGAGCGTCGC,0,2524831
mhpRp2,0.037037037037037035,26,26,ACTTGGAAAGGATGCATCCT,0,2522826
mhpRp2,0.037037037037037035,26,26,ACTCAGTCGAATAGGTCGGG,0,2543167
mhpRp2,0.037037037037037035,26,26,ACGGGTAATGGCGGACTGCC,0,2495768
mhpRp2,0.037037037037037035,26,26,ACATTGACTATCTGCGTTGT,0,2517689
mhpRp2,0.037037037037037035,26,26,ACATGCTTATAAGCTCCCAC,0,2520354
mhpRp2,0.037037037037037035,26,26,ACACGAAAAACTTCCACCTT,0,2519833
mhpRp2,0.037037037037037035,26,26,AATAGTTGACAGTGCTAATT,0,2483716
mhpRp2,0.037037037037037035,26,26,AATAAGCTATATACTTACGT,0,2487794
mhpRp2,0.037037037037037035,26,26,AAGTTACCCTATGATCCTCA,0,2493712
mhpRp2,0.037037037037037035,26,26,AAGATTAGGCAATCGGACGA,0,2481243
mhpRp2,0.037037037037037035,26,26,AAAATTAATACGTAGAGCGA,0,2496153
mhpRp2,0.037037037037037035,26,26,AAAAATGCGAGTTTGACCCC,0,2484924
mhpRp2,0.038461538461538464,25,25,TTTTCATTTCGTGTTGACTG,0,2480371
mhpRp2,0.038461538461538464,25,25,TTTAGAAGGCCTCCGATTTA,0,2481867
mhpRp2,0.038461538461538464,25,25,TTTACCATACCGTAATGGAC,0,2540316
mhpRp2,0.038461538461538464,25,25,TTGTTTCGCCCACGGGTCTG,0,2525109
mhpRp2,0.038461538461538464,25,25,TTGTAGGTGCGGGAAATTAC,0,2530078
mhpRp2,0.038461538461538464,25,25,TTGGTGGCTCCGTTGCATGC,0,2521561
mhpRp2,0.038461538461538464,25,25,TTGCCTCTCCGGAAAGAGGT,0,2480758
mhpRp2,0.038461538461538464,25,25,TTGCAAAGTGAAAAGAGTTA,0,2521285
mhpRp2,0.038461538461538464,25,25,TTCCAAATGTCTTACGACCA,0,2488129
mhpRp2,0.038461538461538464,25,25,TTATGATGTACCTGTTTATC,0,2514680
mhpRp2,0.038461538461538464,25,25,TGTCGCGCAGCTCCAGGCCG,0,2541352
mhpRp2,0.038461538461538464,25,25,TGGTCGCACTTGGCAGGCTG,0,2496760
mhpRp2,0.038461538461538464,25,25,TGGCGATGAGCTGTGAAAAT,0,2530267
mhpRp2,0.038461538461538464,25,25,TGGCGAGTAGCACGTGGCTA,0,2534001
mhpRp2,0.038461538461538464,25,25,TCTTTGTCTCACACGGTAGG,0,2515493
mhpRp2,0.038461538461538464,25,25,TCTTCACACTTGGCGGGGAA,0,2528441
mhpRp2,0.038461538461538464,25,25,TCGCAAGTTACCATACGAGG,0,2518959
mhpRp2,0.038461538461538464,25,25,TCGATAAAAAGGGCTGTACA,0,2515722
mhpRp2,0.038461538461538464,25,25,TCCTCCAATTTATTAGTCTA,0,2506618
mhpRp2,0.038461538461538464,25,25,TCCGTTATTGAGTCATCTAC,0,2492695
mhpRp2,0.038461538461538464,25,25,TATAATATTGTAACGAGTGT,0,2520525
mhpRp2,0.038461538461538464,25,25,TAGCTGGGGATCTGAAGTCC,0,2489842
mhpRp2,0.038461538461538464,25,25,TACTATTAGGGACAAAAATC,0,2493327
mhpRp2,0.038461538461538464,25,25,TACAGTGAATGAAGTACTGT,0,2515450
mhpRp2,0.038461538461538464,25,25,TACAACAAATTCGTTCATTA,0,2516357
mhpRp2,0.038461538461538464,25,25,TAATGGCCCTGGGGATATGC,0,2481582
mhpRp2,0.038461538461538464,25,25,TAATGCTTCCGCTCGGCCAC,0,2506907
mhpRp2,0.038461538461538464,25,25,TAAGCGGCACCATCGGGGGA,0,2541580
mhpRp2,0.038461538461538464,25,25,TAAAGACAAAGACCGAAGCG,0,2518647
mhpRp2,0.038461538461538464,25,25,GTTTATAGACACATTTCAAA,0,2484740
mhpRp2,0.038461538461538464,25,25,GTTACGGTATCATCTACAAT,0,2519375
mhpRp2,0.038461538461538464,25,25,GTGCTCCGCATACCCGGGCT,0,2512556
mhpRp2,0.038461538461538464,25,25,GTGAATGAAGAGGGGCTATT,0,2528705
mhpRp2,0.038461538461538464,25,25,GTCGCATGCATTCCAGGCGA,0,2521946
mhpRp2,0.038461538461538464,25,25,GTCGAAACCAGCCGCATCCT,0,2496912
mhpRp2,0.038461538461538464,25,25,GGTTCGCGCCCTGTGTTGAC,0,2497313
mhpRp2,0.038461538461538464,25,25,GGGGGTCTCCGCAACATCCA,0,2540138
mhpRp2,0.038461538461538464,25,25,GGGGCGCAGGGGCACTGGTC,0,2519339
mhpRp2,0.038461538461538464,25,25,GGGCACTCCTCTACTGAACT,0,2535357
mhpRp2,0.038461538461538464,25,25,GGGATATGTTTAATACATAT,0,2521875
mhpRp2,0.038461538461538464,25,25,GGGAATACCGGGCGATACAG,0,2496403
mhpRp2,0.038461538461538464,25,25,GGCTTACGAGACGGGAAAAC,0,2482154
mhpRp2,0.038461538461538464,25,25,GGCCTGGACACTGAGTCATA,0,2503049
mhpRp2,0.038461538461538464,25,25,GGCATGCCATTTCACTCTGG,0,2526229
mhpRp2,0.038461538461538464,25,25,GCTGGCTCACAGGGCCTTCT,0,2527873
mhpRp2,0.038461538461538464,25,25,GCTAAGCTAGAAAACTAAAA,0,2520445
mhpRp2,0.038461538461538464,25,25,GCGAAGCTGTATTGCTGATT,0,2486611
mhpRp2,0.038461538461538464,25,25,GCCGGGCGTTGTCGGAGCCT,0,2493281
mhpRp2,0.038461538461538464,25,25,GCCAGACTAATAGACATCAG,0,2483603
mhpRp2,0.038461538461538464,25,25,GCAGCTTTCGGCCCTGTATT,0,2493512
mhpRp2,0.038461538461538464,25,25,GCACACACGCCGAATGCTTC,0,2524552
mhpRp2,0.038461538461538464,25,25,GATTGTTTCTTCAATGTTTA,0,2502889
mhpRp2,0.038461538461538464,25,25,GATTCTTTCTCGACAAATTG,0,2532567
mhpRp2,0.038461538461538464,25,25,GAGGCCTTGATAGTGCAGGA,0,2505581
mhpRp2,0.038461538461538464,25,25,GAGCCCGAAATTCCGTCGGA,0,2512005
mhpRp2,0.038461538461538464,25,25,GACGTAAATTTGTCTTCTTG,0,2526488
mhpRp2,0.038461538461538464,25,25,GACATTTGGGCTTCTACTAG,0,2510458
mhpRp2,0.038461538461538464,25,25,GAATCTGACTTTCACAGAAA,0,2518958
mhpRp2,0.038461538461538464,25,25,GAATCCTTTCAATGGTAACG,0,2500136
mhpRp2,0.038461538461538464,25,25,GAACCGTGGCAAGGCCCCGC,0,2487708
mhpRp2,0.038461538461538464,25,25,CTTTCGCGCTTAAAACTTGG,0,2543988
mhpRp2,0.038461538461538464,25,25,CTTGGGAGGTCTTTCGTTTT,0,2494245
mhpRp2,0.038461538461538464,25,25,CTTCAAAATGGCGCATGCGT,0,2485858
mhpRp2,0.038461538461538464,25,25,CTTAATTAAATGGACAATGA,0,2491176
mhpRp2,0.038461538461538464,25,25,CTGGATGACATTTTGGCATT,0,2493042
mhpRp2,0.038461538461538464,25,25,CTGCGCCAAGGCCAATCCGA,0,2498970
mhpRp2,0.038461538461538464,25,25,CTGACAGCTGCGCGCATAGA,0,2543123
mhpRp2,0.038461538461538464,25,25,CTCTCTTGTGCCTGCGCGGT,0,2499312
mhpRp2,0.038461538461538464,25,25,CGTTACATTGAGCACGTTCT,0,2489485
mhpRp2,0.038461538461538464,25,25,CGTCTAACACGTCATAACTA,0,2537320
mhpRp2,0.038461538461538464,25,25,CGTCCTCATAGGTAAAAGGA,0,2524835
mhpRp2,0.038461538461538464,25,25,CGGTTCTCCATCGGCGATTT,0,2543457
mhpRp2,0.038461538461538464,25,25,CGGTTAAATTTGAGCGCATT,0,2535879
mhpRp2,0.038461538461538464,25,25,CGGTGTAACGCTAGTTCGTA,0,2493640
mhpRp2,0.038461538461538464,25,25,CGGTATTAATCCGGAGTAGT,0,2505532
mhpRp2,0.038461538461538464,25,25,CGGGGTATAAATACGAGCGT,0,2483570
mhpRp2,0.038461538461538464,25,25,CGGACGCTCAACTTCGCATT,0,2523482
mhpRp2,0.038461538461538464,25,25,CGCTTTAATGGCGACTCCCC,0,2505850
mhpRp2,0.038461538461538464,25,25,CGCGCAGACCGCCCAGAGCG,0,2536894
mhpRp2,0.038461538461538464,25,25,CGATCCATATCTCGAAAGCT,0,2502345
mhpRp2,0.038461538461538464,25,25,CGAGATTATTTTGGCGGCGT,0,2541095
mhpRp2,0.038461538461538464,25,25,CGAACAGCGGCCCCTTTGTC,0,2490883
mhpRp2,0.038461538461538464,25,25,CCTCTGTAACATCGATGGTA,0,2498121
mhpRp2,0.038461538461538464,25,25,CCTCCTTCGTTTGTGGGAGT,0,2513147
mhpRp2,0.038461538461538464,25,25,CCTAAGCATTTGCCGCGATA,0,2534020
mhpRp2,0.038461538461538464,25,25,CCGTTGCAGCCAGAAATTTT,0,2509307
mhpRp2,0.038461538461538464,25,25,CCGCTCTCCGTTCAGCATCA,0,2538230
mhpRp2,0.038461538461538464,25,25,CCCTCACATGAAAGAACGCG,0,2519467
mhpRp2,0.038461538461538464,25,25,CCCGCGTCCTTCGTTGTATA,0,2517887
mhpRp2,0.038461538461538464,25,25,CCCACGCCTAGTGGGGGCCA,0,2488986
mhpRp2,0.038461538461538464,25,25,CCAGTGAAGTGAGGCACGGA,0,2509740
mhpRp2,0.038461538461538464,25,25,CAGTTGGTGTTGTTACAACA,0,2490088
mhpRp2,0.038461538461538464,25,25,CAGGCTGCATATGTTAGAAC,0,2492547
mhpRp2,0.038461538461538464,25,25,CAGCTCTACACTCTTACAAC,0,2500798
mhpRp2,0.038461538461538464,25,25,CACACGGGAGGATGGCGTAA,0,2494501
mhpRp2,0.038461538461538464,25,25,CACACATCCTTGTCACCACT,0,2499529
mhpRp2,0.038461538461538464,25,25,CAACTGGCGGTTTATTCCCA,0,2487066
mhpRp2,0.038461538461538464,25,25,ATTTCAGAATATATAACTAT,0,2498692
mhpRp2,0.038461538461538464,25,25,ATTTACCCATCGAACTACCA,0,2497381
mhpRp2,0.038461538461538464,25,25,ATTCATAAACCGAACCAATG,0,2496260
mhpRp2,0.038461538461538464,25,25,ATGTTTACACATTCCATCAT,0,2501052
mhpRp2,0.038461538461538464,25,25,ATGTTGCCTGATATGAACGT,0,2504719
mhpRp2,0.038461538461538464,25,25,ATGTAGTTTTTACAGTATTA,0,2492771
mhpRp2,0.038461538461538464,25,25,ATGCAGGTCTGGGTGGGCGC,0,2496574
mhpRp2,0.038461538461538464,25,25,ATCTAATTAATTTTGTTGTA,0,2539079
mhpRp2,0.038461538461538464,25,25,ATCCTTAATCGTTCTTGATC,0,2489747
mhpRp2,0.038461538461538464,25,25,AGTGAACCGCAGTGCAAGAT,0,2518090
mhpRp2,0.038461538461538464,25,25,AGTACCTCCAGAGTTATATA,0,2523214
mhpRp2,0.038461538461538464,25,25,AGGCTCTAGCACACCAGAAG,0,2535560
mhpRp2,0.038461538461538464,25,25,AGGAGAGGATCCGCTGTTAA,0,2537789
mhpRp2,0.038461538461538464,25,25,AGCGTGCCTGGTTTGATACT,0,2515496
mhpRp2,0.038461538461538464,25,25,AGCGTAACATTAAGTCTGCT,0,2506955
mhpRp2,0.038461538461538464,25,25,AGACAGAGAGACGGTCACAT,0,2543543
mhpRp2,0.038461538461538464,25,25,ACTCGTGAGCGTACCTACTC,0,2541390
mhpRp2,0.038461538461538464,25,25,ACTAGAAACCCTCCATGCCT,0,2526299
mhpRp2,0.038461538461538464,25,25,ACTAAATAGGAACGCTCAAT,0,2531445
mhpRp2,0.038461538461538464,25,25,ACGGGTGGTCAAGGCGGATT,0,2533196
mhpRp2,0.038461538461538464,25,25,ACGCTGACAATTTGTCAGTC,0,2516924
mhpRp2,0.038461538461538464,25,25,ACGATTCTTCTACGTGTAGA,0,2544389
mhpRp2,0.038461538461538464,25,25,ACCCGAACGTGGCTTTATTT,0,2483548
mhpRp2,0.038461538461538464,25,25,ACCACGATTGTTTGGTCTTG,0,2521337
mhpRp2,0.038461538461538464,25,25,ACAATGCATCTTACCCACAT,0,2487245
mhpRp2,0.038461538461538464,25,25,ACAAGGCCTTTAGATGGTAG,0,2523052
mhpRp2,0.038461538461538464,25,25,AATTGACTGGAGATGTTGCC,0,2522929
mhpRp2,0.038461538461538464,25,25,AACCCACGACGCCTCCCTGG,0,2524331
mhpRp2,0.038461538461538464,25,25,AAAGCTGTGGCGCCGAGGAA,0,2483901
mhpRp2,0.04,24,24,TTGATCATAAATAAAATTCT,0,2486774
mhpRp2,0.04,24,24,TTGAACGGTCGGCCATCAAC,0,2493527
mhpRp2,0.04,24,24,TTCTCACGCAATCACGAGCT,0,2541485
mhpRp2,0.04,24,24,TTCCCACCCCTGTTCTGGAT,0,2531449
mhpRp2,0.04,24,24,TTCAATGTTTGGCTATAGGT,0,2497523
mhpRp2,0.04,24,24,TTAACCCTGTGAGCATTAAC,0,2523709
mhpRp2,0.04,24,24,TTAAAGGAGTGCCATTGTGA,0,2513342
mhpRp2,0.04,24,24,TGTTACTTAGCATGAGCATA,0,2498042
mhpRp2,0.04,24,24,TGTGTCTACGGATTCGGAAT,0,2537317
mhpRp2,0.04,24,24,TGTAATGACCGCGTGACAGC,0,2537579
mhpRp2,0.04,24,24,TGGTAGTCGGATAGTTGTTG,0,2480813
mhpRp2,0.04,24,24,TGGGAAAACCTATGGCAGTT,0,2535671
mhpRp2,0.04,24,24,TGCTATCAAACAGGCAACCA,0,2491188
mhpRp2,0.04,24,24,TGCGGCGTGAGCATTCAAAC,0,2541601
mhpRp2,0.04,24,24,TGCGCATCTGGGATACGCTA,0,2521601
mhpRp2,0.04,24,24,TGAATGGGCTATTGATGTGA,0,2496603
mhpRp2,0.04,24,24,TCTGGAAAATGCCCCGGTCA,0,2528977
mhpRp2,0.04,24,24,TCTACACCGACGTGTCCAGT,0,2498861
mhpRp2,0.04,24,24,TCGGCATGGTCGGCCCTGGT,0,2526342
mhpRp2,0.04,24,24,TCCGTTTACACCCACTTATC,0,2505878
mhpRp2,0.04,24,24,TCCCCTACTATGTCGGCATT,0,2534083
mhpRp2,0.04,24,24,TCAGCATGTGTTAACTGATC,0,2545449
mhpRp2,0.04,24,24,TATCTTAAGCAAGACGTCTC,0,2480915
mhpRp2,0.04,24,24,TATCACGTCAATACGCTACA,0,2485811
mhpRp2,0.04,24,24,TAGGATTGCAAAGGATGGGT,0,2530486
mhpRp2,0.04,24,24,TAGCTGTAGCTGATAAACAA,0,2498776
mhpRp2,0.04,24,24,TAGCCTACTGTATGGACAAG,0,2481196
mhpRp2,0.04,24,24,TACATAGCAAGGACTATTAA,0,2485005
mhpRp2,0.04,24,24,TAAGGGACAAGGCAGGCTAT,0,2500244
mhpRp2,0.04,24,24,TAAACCGCGCCCCGGTTGTC,0,2481794
mhpRp2,0.04,24,24,TAAACACTTCGAATCAAAGG,0,2499803
mhpRp2,0.04,24,24,GTTTTCGACACCGACATCAC,0,2507417
mhpRp2,0.04,24,24,GTTTAGTCCGAAATTGGACA,0,2531505
mhpRp2,0.04,24,24,GTTGTGGGTCTGCCATATTA,0,2498583
mhpRp2,0.04,24,24,GTTGGGAGAATCATCGGGAA,0,2503963
mhpRp2,0.04,24,24,GTTCCAACTCACTGCCGGAG,0,2507350
mhpRp2,0.04,24,24,GTTATTAGATCACTATCTAC,0,2544086
mhpRp2,0.04,24,24,GTGTTTTGGACTAAGTGATG,0,2528371
mhpRp2,0.04,24,24,GTGGAATCCTTATTTCTATG,0,2532973
mhpRp2,0.04,24,24,GTCTTCGTTGTTTAAGTCTG,0,2524580
mhpRp2,0.04,24,24,GTCAAAGTAGTTGTAAGCTT,0,2498386
mhpRp2,0.04,24,24,GTATAAGTAATCCTGGGTTA,0,2507164
mhpRp2,0.04,24,24,GTATAACTTCATAGTAGCAA,0,2544892
mhpRp2,0.04,24,24,GTACCCCATTTCTACTCTCG,0,2490746
mhpRp2,0.04,24,24,GTACAAGTAGGACTCCATAT,0,2544359
mhpRp2,0.04,24,24,GTAACCGACCGTTCTATACA,0,2533147
mhpRp2,0.04,24,24,GGTTTACTATGCAAGCGGGA,0,2504371
mhpRp2,0.04,24,24,GGTATCGAGGTGACGCGGTA,0,2539903
mhpRp2,0.04,24,24,GGGGGGGTAACGCATGAATT,0,2513502
mhpRp2,0.04,24,24,GGCTAGCCGGCCTTTCCAGT,0,2529732
mhpRp2,0.04,24,24,GGCGCCGTCGGTAACCTAAT,0,2542094
mhpRp2,0.04,24,24,GGACTATGTGCGAGGGTACG,0,2528961
mhpRp2,0.04,24,24,GCTTCAGACCCTAAGGCGCT,0,2529214
mhpRp2,0.04,24,24,GCTGATCGGTCTTTTTATAG,0,2479717
mhpRp2,0.04,24,24,GCTCGATGCTAGTTTTACAT,0,2486729
mhpRp2,0.04,24,24,GCCCTCGTGAAGCATGTCAC,0,2514432
mhpRp2,0.04,24,24,GCAGGGATGGGATTCGACTT,0,2524336
mhpRp2,0.04,24,24,GAGGGAAGGGACACACTCTT,0,2531336
mhpRp2,0.04,24,24,GAGCGGCTGACGTACTGTTC,0,2511587
mhpRp2,0.04,24,24,GAGACACGCATCGGCCACCA,0,2495131
mhpRp2,0.04,24,24,GACGGTCTTCTATTACCGGA,0,2485938
mhpRp2,0.04,24,24,GACGACTCATAGGATGGTTG,0,2536346
mhpRp2,0.04,24,24,GAAGATTGAGGTGTAACGGT,0,2493854
mhpRp2,0.04,24,24,CTATGTATAAAGGCAGACCG,0,2480113
mhpRp2,0.04,24,24,CTATCGACCGGCGGTGTCGC,0,2517411
mhpRp2,0.04,24,24,CTAATGCAATGGCTCTGGCC,0,2493040
mhpRp2,0.04,24,24,CTAATAAAGTACTTGTGTCT,0,2517503
mhpRp2,0.04,24,24,CGTTTATCACCTACGTGAGG,0,2503910
mhpRp2,0.04,24,24,CGTTAGTCAGAGTGCCCGGA,0,2490974
mhpRp2,0.04,24,24,CGTCCCCGACAAACCTTCGT,0,2481802
mhpRp2,0.04,24,24,CGTCACAATCTAATGGTCGT,0,2539322
mhpRp2,0.04,24,24,CGGTGACCGTTCACCACGAA,0,2544418
mhpRp2,0.04,24,24,CGCGGTAGCCTACAGCTAAA,0,2513492
mhpRp2,0.04,24,24,CGCGGCACGATATTCCATAC,0,2481014
mhpRp2,0.04,24,24,CGACAAGGACCACGACGGCT,0,2527629
mhpRp2,0.04,24,24,CCTTAAATCGGTGCGGCCAA,0,2519591
mhpRp2,0.04,24,24,CCTATGTGTTTTCCAAAACG,0,2498782
mhpRp2,0.04,24,24,CCGGCCGGGAGTAGTCTAAT,0,2490926
mhpRp2,0.04,24,24,CCGCCTCAAGTTCTGTAGTT,0,2488234
mhpRp2,0.04,24,24,CCGCAGTGGGTTTCGCTCAG,0,2490335
mhpRp2,0.04,24,24,CCCGTCCAGCCTGCGTGGTA,0,2545055
mhpRp2,0.04,24,24,CATTGCATGTCCAAGTGATT,0,2504308
mhpRp2,0.04,24,24,CATCGGTGACAGTTTGAACC,0,2529595
mhpRp2,0.04,24,24,CAGTGAGTACAACGTTGCGA,0,2511469
mhpRp2,0.04,24,24,CAGCCGCATTTTTGTGTTCT,0,2528591
mhpRp2,0.04,24,24,CAGATGACCTGGTCTGCGGT,0,2537214
mhpRp2,0.04,24,24,CAAACACAGCGCAGCACAGT,0,2503458
mhpRp2,0.04,24,24,ATTTCGCTCTCGCCAGTGAG,0,2487040
mhpRp2,0.04,24,24,ATTGATCATGTACGAACAAT,0,2512006
mhpRp2,0.04,24,24,ATTGAGCAACCGAAGTTAAG,0,2533772
mhpRp2,0.04,24,24,ATGTAGTCACTTTGAGACAC,0,2495884
mhpRp2,0.04,24,24,ATGACCCCCCGGTATTTATT,0,2518117
mhpRp2,0.04,24,24,ATCGGTAGCTGGGGTTAGAC,0,2495175
mhpRp2,0.04,24,24,ATACGATCTTGGCTCGAGAA,0,2499697
mhpRp2,0.04,24,24,AGTGGCGCCGGCCTCTGCCT,0,2511275
mhpRp2,0.04,24,24,AGTCATGCGACGGCGCGGAA,0,2506436
mhpRp2,0.04,24,24,AGTCAGACCCTAGGCAAAGC,0,2509212
mhpRp2,0.04,24,24,AGGTGCCGCTGGATCCGAAA,0,2508083
mhpRp2,0.04,24,24,AGGTGATGTGAGGAATTACA,0,2531921
mhpRp2,0.04,24,24,AGGGAGGGGATCGCACGCAT,0,2485233
mhpRp2,0.04,24,24,AGGCCAATTCCTGCGCCAGG,0,2484652
mhpRp2,0.04,24,24,AGAGTTATGAGTGTCCGGTA,0,2542386
mhpRp2,0.04,24,24,AGACTTGAGGAGTCGGCTTC,0,2514136
mhpRp2,0.04,24,24,AGACTAAAGCAACGATCACA,0,2511473
mhpRp2,0.04,24,24,ACTTTTCAAAATCTAGCGCT,0,2479751
mhpRp2,0.04,24,24,ACTTCGCGGCCTCCATACCA,0,2484307
mhpRp2,0.04,24,24,ACTTATTCGGTGCAGAGTGA,0,2541998
mhpRp2,0.04,24,24,ACTAAAACCGGGGGATTCAA,0,2533800
mhpRp2,0.04,24,24,ACGCCTGCCGAGGCTAAATA,0,2499671
mhpRp2,0.04,24,24,ACCCATCATGGAGCGCAGTA,0,2512657
mhpRp2,0.04,24,24,AATCTGCAGAATGAATCCCT,0,2496306
mhpRp2,0.04,24,24,AAGGGGGTCCCCGAAAACGG,0,2530236
mhpRp2,0.04,24,24,AAGCTTTTGGTACATAATAG,0,2488102
mhpRp2,0.04,24,24,AAGCCATGGAGTAGACCATT,0,2538302
mhpRp2,0.04,24,24,AAGAAAGGCACAAGATGCCC,0,2516047
mhpRp2,0.04,24,24,AACGAGGATCAGCTAATTAT,0,2499524
mhpRp2,0.04,24,24,AAACTGTGCTTCGGGCGCAT,0,2484859
mhpRp2,0.041666666666666664,23,23,TTTACAATCCCGGAGGCTCA,0,2542524
mhpRp2,0.041666666666666664,23,23,TTGCTCCCCACACTGGGGTG,0,2529446
mhpRp2,0.041666666666666664,23,23,TTGAGGCAGGGTACAATTGG,0,2536908
mhpRp2,0.041666666666666664,23,23,TTCACGGAACTGACAAAAGA,0,2541966
mhpRp2,0.041666666666666664,23,23,TTATAAACTCACATTGATGA,0,2504058
mhpRp2,0.041666666666666664,23,23,TTAAGGGTCATGGAAAGTGC,0,2513887
mhpRp2,0.041666666666666664,23,23,TGTTGGTACGGTAGTGTCGA,0,2542459
mhpRp2,0.041666666666666664,23,23,TGGCTAGCATCTTATGAAGA,0,2528996
mhpRp2,0.041666666666666664,23,23,TGGCCAAAGACCACCACGAT,0,2490393
mhpRp2,0.041666666666666664,23,23,TGGAGCGGGTCCGTAATCAC,0,2488916
mhpRp2,0.041666666666666664,23,23,TGCGACCGGCGAGCATTTGG,0,2512757
mhpRp2,0.041666666666666664,23,23,TGCGAAACCTAAGTGCCATG,0,2524140
mhpRp2,0.041666666666666664,23,23,TGCCATTGCTGCACGTCTTG,0,2529588
mhpRp2,0.041666666666666664,23,23,TGATCGCGCGACCATTCTTT,0,2485276
mhpRp2,0.041666666666666664,23,23,TGATACAGATCTCGTCTGTT,0,2533173
mhpRp2,0.041666666666666664,23,23,TGAGCAGCTCTCAGCTGGAG,0,2524406
mhpRp2,0.041666666666666664,23,23,TGACCTGCGCTCTATACAGT,0,2512700
mhpRp2,0.041666666666666664,23,23,TGAATTTTGAGACCTTGTAT,0,2502039
mhpRp2,0.041666666666666664,23,23,TCGGTTTATGGCCCTGCGGT,0,2485344
mhpRp2,0.041666666666666664,23,23,TCCTGTGAGTGAAGACGGCA,0,2540109
mhpRp2,0.041666666666666664,23,23,TCCTGAAAACCTCATGCGAA,0,2494381
mhpRp2,0.041666666666666664,23,23,TCAATCCAGGAATACATGAT,0,2494249
mhpRp2,0.041666666666666664,23,23,TATTGGGAACATACTAAATT,0,2483476
mhpRp2,0.041666666666666664,23,23,TATGGATAGAACAGGGGTTC,0,2530667
mhpRp2,0.041666666666666664,23,23,TATGCCGCGATACTGGGCAG,0,2507097
mhpRp2,0.041666666666666664,23,23,TATACTCCCGTAGGGGCTCT,0,2519630
mhpRp2,0.041666666666666664,23,23,TACATTAGAGGCGCTTTCGA,0,2527082
mhpRp2,0.041666666666666664,23,23,TACAGCAAAGGTATGCCCGC,0,2490344
mhpRp2,0.041666666666666664,23,23,GTTGATTGCTTCACCGGCAA,0,2501317
mhpRp2,0.041666666666666664,23,23,GTTACATTCGAGCCCGTGTA,0,2537186
mhpRp2,0.041666666666666664,23,23,GTGACAGGGCCGTAAAGCGT,0,2506486
mhpRp2,0.041666666666666664,23,23,GTGAAAATGAGCGGACCCAG,0,2534250
mhpRp2,0.041666666666666664,23,23,GTCATAGGTGCCTCCGGGCT,0,2492793
mhpRp2,0.041666666666666664,23,23,GTCAGGCCATCCTGAAGAAT,0,2542390
mhpRp2,0.041666666666666664,23,23,GGTGTTTGTAGCTGATTCCG,0,2509451
mhpRp2,0.041666666666666664,23,23,GGTAGTCCAGCGTCCAATAT,0,2499231
mhpRp2,0.041666666666666664,23,23,GGCCTGTTAGTCGGTGCATA,0,2513442
mhpRp2,0.041666666666666664,23,23,GGATTGGTTCGAGGCGTATG,0,2519888
mhpRp2,0.041666666666666664,23,23,GGAGGTCGTCCTCCGGCGGT,0,2501426
mhpRp2,0.041666666666666664,23,23,GCTGCTCTCACCGGGCGCCA,0,2485784
mhpRp2,0.041666666666666664,23,23,GCGTTGAAACCGGTTGCCAA,0,2499424
mhpRp2,0.041666666666666664,23,23,GCGGTCCCGATGGGATTTAG,0,2520665
mhpRp2,0.041666666666666664,23,23,GCGCGGTATCGTGCGGGGAG,0,2496907
mhpRp2,0.041666666666666664,23,23,GCGAAGTTTTGGGTCGTTGG,0,2532326
mhpRp2,0.041666666666666664,23,23,GCCGGACAAGAAATATGGGG,0,2525629
mhpRp2,0.041666666666666664,23,23,GCATGGCGGCTGCACTAGAA,0,2498437
mhpRp2,0.041666666666666664,23,23,GATCGTCGTAACGTAAATAT,0,2500158
mhpRp2,0.041666666666666664,23,23,GATCGATAAGGCGTCGTCTG,0,2526011
mhpRp2,0.041666666666666664,23,23,GATCAATCGAGAGTAGACTA,0,2523991
mhpRp2,0.041666666666666664,23,23,GAGCTCAATACAGAGGCCTA,0,2482952
mhpRp2,0.041666666666666664,23,23,GAGCACTCGAGCCCTACAAA,0,2512293
mhpRp2,0.041666666666666664,23,23,GAGCACATATAGAGTGGGCA,0,2540095
mhpRp2,0.041666666666666664,23,23,GACCATCAAGTGTTCCATTT,0,2490512
mhpRp2,0.041666666666666664,23,23,GACCAACCTGCCGCCTAATA,0,2536198
mhpRp2,0.041666666666666664,23,23,GAATGTGTCGGACATCAAAA,0,2484063
mhpRp2,0.041666666666666664,23,23,GAAGTATGTGCAAGTTCCGG,0,2480634
mhpRp2,0.041666666666666664,23,23,GAAGAATATCGGGCGTGCGC,0,2509358
mhpRp2,0.041666666666666664,23,23,CTGTTGAACAACTCATTTGA,0,2500565
mhpRp2,0.041666666666666664,23,23,CTGTTCGGACAATCGAACGC,0,2544179
mhpRp2,0.041666666666666664,23,23,CTCGGGTCATAATTGTTCAA,0,2494462
mhpRp2,0.041666666666666664,23,23,CTCGAATGCGCCCTTGCTTT,0,2496577
mhpRp2,0.041666666666666664,23,23,CTAAGCCATCAAGCACCCAT,0,2492835
mhpRp2,0.041666666666666664,23,23,CGTTCCCTGACAGTTCTTAC,0,2504829
mhpRp2,0.041666666666666664,23,23,CGTGGTAGGTCTGAACTGTT,0,2516097
mhpRp2,0.041666666666666664,23,23,CGGTAGTTGGGATAAATTCT,0,2530962
mhpRp2,0.041666666666666664,23,23,CGGGTTCAGAAGTTATGAAG,0,2532821
mhpRp2,0.041666666666666664,23,23,CGGACCTCGTTAAAGCCTAG,0,2479570
mhpRp2,0.041666666666666664,23,23,CGACCGGTCAACTGCAGAGC,0,2519298
mhpRp2,0.041666666666666664,23,23,CGACCCTACATAAACGTGCA,0,2502182
mhpRp2,0.041666666666666664,23,23,CGAACGATCTACGTTCCTAC,0,2528833
mhpRp2,0.041666666666666664,23,23,CCTTATGTAGGAGAGGACAT,0,2490822
mhpRp2,0.041666666666666664,23,23,CCTACAAGTAGCCTGGTATC,0,2499724
mhpRp2,0.041666666666666664,23,23,CCGGGGAGGGCTACGCGGCA,0,2486926
mhpRp2,0.041666666666666664,23,23,CCCTCGGCCGAACAAGCCTA,0,2527135
mhpRp2,0.041666666666666664,23,23,CCCGCATTACCAGATTAGGG,0,2507100
mhpRp2,0.041666666666666664,23,23,CCCCTTACCCGAATTATGCG,0,2543798
mhpRp2,0.041666666666666664,23,23,CCCCGGACGCGTATCATTAA,0,2526313
mhpRp2,0.041666666666666664,23,23,CCCCATCTGTATAAAATTAC,0,2535806
mhpRp2,0.041666666666666664,23,23,CCACGGCGTCTGGACTGTTC,0,2523286
mhpRp2,0.041666666666666664,23,23,CCACGCTTCAGGATTTACCT,0,2491418
mhpRp2,0.041666666666666664,23,23,CCACACGATAGGATGGTTAT,0,2508367
mhpRp2,0.041666666666666664,23,23,CCAAGATATGCCGACTGGCG,0,2499863
mhpRp2,0.041666666666666664,23,23,CCAAGAAGTGCAAAGTTCGT,0,2530937
mhpRp2,0.041666666666666664,23,23,CAGGGGACCAGCCGCGACGT,0,2504408
mhpRp2,0.041666666666666664,23,23,CAGCATATGCGAGGCTAGGT,0,2499974
mhpRp2,0.041666666666666664,23,23,CAGAGACAGGCATCAGACAC,0,2532452
mhpRp2,0.041666666666666664,23,23,CACTAACCAGCTGTGGGGTT,0,2501843
mhpRp2,0.041666666666666664,23,23,CACGTAGACCATCTCCGTTC,0,2513957
mhpRp2,0.041666666666666664,23,23,CACGGTACTAATGGAATTAA,0,2497761
mhpRp2,0.041666666666666664,23,23,CACGACCCGCTATCCGCCGA,0,2515149
mhpRp2,0.041666666666666664,23,23,CAACGAGTGCGTAAGAAGTT,0,2519720
mhpRp2,0.041666666666666664,23,23,ATTGAGAACTTAAGACAAGT,0,2498346
mhpRp2,0.041666666666666664,23,23,ATGGGACACTTCCTGCTGAT,0,2520176
mhpRp2,0.041666666666666664,23,23,ATGATTTATTTTGCTACGAC,0,2533683
mhpRp2,0.041666666666666664,23,23,ATCGATGGCTGTGCGCATTC,0,2540764
mhpRp2,0.041666666666666664,23,23,ATAGACCGGACTGCTGACAC,0,2482324
mhpRp2,0.041666666666666664,23,23,AGTTGTGTCAGAAATGCCAC,0,2525768
mhpRp2,0.041666666666666664,23,23,AGTCCCCGCCATTGTCTCGG,0,2527086
mhpRp2,0.041666666666666664,23,23,AGTAGGTTGAATGTCTCTCG,0,2501449
mhpRp2,0.041666666666666664,23,23,AGTACGGTCCGGCCCGCTTT,0,2545348
mhpRp2,0.041666666666666664,23,23,AGGGGAGTCGATAAGCCAAG,0,2498120
mhpRp2,0.041666666666666664,23,23,AGCCTAGAATTTCTTATCGG,0,2528486
mhpRp2,0.041666666666666664,23,23,AGAAGGAGATACAAGTGTGT,0,2510533
mhpRp2,0.041666666666666664,23,23,ACGGGCTGGCTGGACACACC,0,2526801
mhpRp2,0.041666666666666664,23,23,ACGGACACATCCTTCGCGGC,0,2480095
mhpRp2,0.041666666666666664,23,23,ACCGATAGCTTTCCCGAAAT,0,2495645
mhpRp2,0.041666666666666664,23,23,ACCACAACATTTTAGATTGG,0,2482898
mhpRp2,0.041666666666666664,23,23,ACATCTGAATAATCGGTAGA,0,2500081
mhpRp2,0.041666666666666664,23,23,ACAAGCCTACCAGTGCCTGG,0,2486955
mhpRp2,0.041666666666666664,23,23,AATGCACGCAATAAGTAGAA,0,2532113
mhpRp2,0.041666666666666664,23,23,AATACACTATCGCTACGTAC,0,2524638
mhpRp2,0.041666666666666664,23,23,AAGCGTCGCACTGGTTATCG,0,2496804
mhpRp2,0.041666666666666664,23,23,AACAAAATCCCCTTCACGCC,0,2502649
mhpRp2,0.041666666666666664,23,23,AAAAGCGAAGTCTAAGGATG,0,2523073
mhpRp2,0.043478260869565216,22,22,TTTTTCAGCTAGGCGACTAA,0,2510517
mhpRp2,0.043478260869565216,22,22,TTTTTCAGATCGGAAACACC,0,2491843
mhpRp2,0.043478260869565216,22,22,TTTGACGCGGTGGGTAGGCG,0,2530547
mhpRp2,0.043478260869565216,22,22,TTTCCGTATTGCGGAACTGT,0,2484219
mhpRp2,0.043478260869565216,22,22,TTTCATTTTCAGGCATGTAG,0,2494071
mhpRp2,0.043478260869565216,22,22,TTTACTGAGTGTATGGATCA,0,2519259
mhpRp2,0.043478260869565216,22,22,TTTAATGCGGCTGTCAACGA,0,2496345
mhpRp2,0.043478260869565216,22,22,TTGTAAGCCGTTATAACGGC,0,2524834
mhpRp2,0.043478260869565216,22,22,TTGGACCGCTGATATCTGGT,0,2491083
mhpRp2,0.043478260869565216,22,22,TTCCACAAGCCAGTGTGGCC,0,2506211
mhpRp2,0.043478260869565216,22,22,TTCAGCTGTAAGCATGTTTT,0,2506255
mhpRp2,0.043478260869565216,22,22,TTAACCCTGCGTGTGGTCAC,0,2509824
mhpRp2,0.043478260869565216,22,22,TGTTAGCTACCACTCAAGTA,0,2493334
mhpRp2,0.043478260869565216,22,22,TGTCTTTATCCCAGCAGGCA,0,2521978
mhpRp2,0.043478260869565216,22,22,TGTCGAGTGTCGTCAATTCT,0,2504790
mhpRp2,0.043478260869565216,22,22,TGTCGAGATTAGCCAGGCGG,0,2527268
mhpRp2,0.043478260869565216,22,22,TGTAGATGTTTGATAAGGCA,0,2512892
mhpRp2,0.043478260869565216,22,22,TGGTGGGCACCTGCGTTCCC,0,2498964
mhpRp2,0.043478260869565216,22,22,TGGTAACTACTTCCATCCGG,0,2527407
mhpRp2,0.043478260869565216,22,22,TGGGACGGTCCTCAGGTCCA,0,2526214
mhpRp2,0.043478260869565216,22,22,TGCCCTATATCTGCAATCGC,0,2487197
mhpRp2,0.043478260869565216,22,22,TGATGAGGATCTTGTGTAGC,0,2492891
mhpRp2,0.043478260869565216,22,22,TGACTTTATGCCCATCTCTT,0,2531067
mhpRp2,0.043478260869565216,22,22,TCTTCACTCGCGCGGATACG,0,2514865
mhpRp2,0.043478260869565216,22,22,TCTGGTCTCTAGCAGGCAAT,0,2493178
mhpRp2,0.043478260869565216,22,22,TCTGGCTCATATGCCAAATC,0,2496542
mhpRp2,0.043478260869565216,22,22,TCTCACGTAGGTGTTCCTTT,0,2487599
mhpRp2,0.043478260869565216,22,22,TCGGTACGAACACAACCTTC,0,2545248
mhpRp2,0.043478260869565216,22,22,TCGGATTCACAGTAGGAACC,0,2482810
mhpRp2,0.043478260869565216,22,22,TCGGACGGTGACTAGATAAT,0,2509828
mhpRp2,0.043478260869565216,22,22,TCCGGTCCGGACACGACTTA,0,2496063
mhpRp2,0.043478260869565216,22,22,TCCGGACGTACCGACGTGTG,0,2513345
mhpRp2,0.043478260869565216,22,22,TCCGGAAGGAGGGCCGTTAC,0,2503820
mhpRp2,0.043478260869565216,22,22,TCACTTACGAAGGAATTCGT,0,2487941
mhpRp2,0.043478260869565216,22,22,TCACTGAGCGCCCGGTGCCT,0,2543436
mhpRp2,0.043478260869565216,22,22,TCAAGATTACGTAATTAAGT,0,2482844
mhpRp2,0.043478260869565216,22,22,TATTAGTTACCCATTATTTA,0,2538519
mhpRp2,0.043478260869565216,22,22,TATCGTCTCCAGTCTCCGAT,0,2542639
mhpRp2,0.043478260869565216,22,22,TATCCCGCTGTACAAATCGA,0,2494437
mhpRp2,0.043478260869565216,22,22,TAGGGACACTGTGGTTTGAC,0,2511340
mhpRp2,0.043478260869565216,22,22,TACTGTCTGGGAAAGATCCC,0,2490811
mhpRp2,0.043478260869565216,22,22,TACCACGAGGGAACTGGTTT,0,2522300
mhpRp2,0.043478260869565216,22,22,TAAAATTTGACAGCCATGGA,0,2525167
mhpRp2,0.043478260869565216,22,22,GTCGATGATCTTTGTTACAA,0,2519665
mhpRp2,0.043478260869565216,22,22,GTCCCTGCTGTTGACAAGGG,0,2490517
mhpRp2,0.043478260869565216,22,22,GGTTTACACCAGTCCAAAAA,0,2543914
mhpRp2,0.043478260869565216,22,22,GGTGTCCTGTGTAAGCTAAA,0,2515153
mhpRp2,0.043478260869565216,22,22,GGTGGCTCTAGATCGACATG,0,2525358
mhpRp2,0.043478260869565216,22,22,GGTCTATGGTGCTCTCTCGG,0,2481484
mhpRp2,0.043478260869565216,22,22,GGGGGTGTAACTAAGCGGCG,0,2518496
mhpRp2,0.043478260869565216,22,22,GGGCGGTGTCTAAGAAATTG,0,2523527
mhpRp2,0.043478260869565216,22,22,GGGAACAATAGTAAGACCCC,0,2498299
mhpRp2,0.043478260869565216,22,22,GGCTGGATGCACTGTGCCTA,0,2530730
mhpRp2,0.043478260869565216,22,22,GGCTCCGCCATCCATCCTGT,0,2505817
mhpRp2,0.043478260869565216,22,22,GGCACGAAGGCCCACGGTCT,0,2499955
mhpRp2,0.043478260869565216,22,22,GGAGACGTACGGTATAGGTA,0,2491922
mhpRp2,0.043478260869565216,22,22,GGAAAAACCAACTGTGGAAT,0,2526188
mhpRp2,0.043478260869565216,22,22,GCGTGAACTAATGTTACGAA,0,2509135
mhpRp2,0.043478260869565216,22,22,GCGGTGTTCTGGGTTGTGTC,0,2522375
mhpRp2,0.043478260869565216,22,22,GCGGGTCGATGAAAGAGTTT,0,2537580
mhpRp2,0.043478260869565216,22,22,GCGGCCTCGACATAAAAGTC,0,2494559
mhpRp2,0.043478260869565216,22,22,GCGCCATCCCCGATAAGATG,0,2488721
mhpRp2,0.043478260869565216,22,22,GCCTTAGTCTGTACGTTGGT,0,2518854
mhpRp2,0.043478260869565216,22,22,GCCTGAATCACAGACTACAA,0,2518983
mhpRp2,0.043478260869565216,22,22,GCCTCTGCGAAGGGCCAAAG,0,2518263
mhpRp2,0.043478260869565216,22,22,GCCCCGGCTTCAAGCTACAG,0,2484370
mhpRp2,0.043478260869565216,22,22,GCCAAAGTGTCTTGCACTCG,0,2507593
mhpRp2,0.043478260869565216,22,22,GCATGAGCTTATGAGGTGAT,0,2517650
mhpRp2,0.043478260869565216,22,22,GATTCTAGACTTAATAGGTT,0,2524141
mhpRp2,0.043478260869565216,22,22,GATCGTTAGGCAGTGTTATT,0,2512645
mhpRp2,0.043478260869565216,22,22,GAGGCCGTCATCCCTCTGTT,0,2527229
mhpRp2,0.043478260869565216,22,22,GAGGACACCAAGTTGTCATG,0,2495365
mhpRp2,0.043478260869565216,22,22,GAATTCGATCTTGGGAACCT,0,2481581
mhpRp2,0.043478260869565216,22,22,CTTTAATCTGGGGAATCCGG,0,2486296
mhpRp2,0.043478260869565216,22,22,CTTGGATTTGTAGTGCCCTC,0,2492127
mhpRp2,0.043478260869565216,22,22,CTTGATCAGGCGGTGATTGC,0,2524797
mhpRp2,0.043478260869565216,22,22,CTTCATACGGCTCTCATCTA,0,2513410
mhpRp2,0.043478260869565216,22,22,CTGGTAGTGCATTTTGGAGC,0,2499054
mhpRp2,0.043478260869565216,22,22,CTGACATATGATTTTCTAAG,0,2531878
mhpRp2,0.043478260869565216,22,22,CTATTGGCGCCCGGGATGTT,0,2535319
mhpRp2,0.043478260869565216,22,22,CGGTGAAATATAAATCTGGC,0,2542829
mhpRp2,0.043478260869565216,22,22,CGGCAGGTTACCCACTATTT,0,2486550
mhpRp2,0.043478260869565216,22,22,CGCGTTAAGGATGACACATC,0,2518447
mhpRp2,0.043478260869565216,22,22,CGCGTGGTTAGATCGGCTCG,0,2493221
mhpRp2,0.043478260869565216,22,22,CGCGCTATGATGTCAACCAG,0,2502993
mhpRp2,0.043478260869565216,22,22,CGCGCGGGTTATAGCGGATT,0,2499958
mhpRp2,0.043478260869565216,22,22,CGCGCACTCCGATACCGACA,0,2529488
mhpRp2,0.043478260869565216,22,22,CGCCCCCTTCGGAAGTCAAA,0,2539282
mhpRp2,0.043478260869565216,22,22,CGCCAAAGGCACCCTGAAAC,0,2530044
mhpRp2,0.043478260869565216,22,22,CGAAGTGGTCCCACAGGACG,0,2513753
mhpRp2,0.043478260869565216,22,22,CCTTCTGTCAAGGTCAACAT,0,2504791
mhpRp2,0.043478260869565216,22,22,CCTCACTGGCACAGGCCCAT,0,2488478
mhpRp2,0.043478260869565216,22,22,CCGTGGCCTCTGGCGCGTGG,0,2528835
mhpRp2,0.043478260869565216,22,22,CCGTCGAATTTTTAGGATCG,0,2523702
mhpRp2,0.043478260869565216,22,22,CCGGTTTTTACCTTTACCAG,0,2541089
mhpRp2,0.043478260869565216,22,22,CCGGGCGCGACGCCCAGCCA,0,2523058
mhpRp2,0.043478260869565216,22,22,CCGACGACGTTTGCCGGGTG,0,2483431
mhpRp2,0.043478260869565216,22,22,CCCGATCGAGCAATCAAACT,0,2542082
mhpRp2,0.043478260869565216,22,22,CCCGAAACAGTGATAACTCG,0,2504261
mhpRp2,0.043478260869565216,22,22,CCAGGCGCAATAAAGGGAAT,0,2542813
mhpRp2,0.043478260869565216,22,22,CCAGCTTCCATCTAATTCTT,0,2493697
mhpRp2,0.043478260869565216,22,22,CCACCGAGACGTGCGCATTG,0,2493293
mhpRp2,0.043478260869565216,22,22,CCAAGAACCATATTCGGAGT,0,2500558
mhpRp2,0.043478260869565216,22,22,CCAAATTCTGGTCGGTCAAC,0,2513531
mhpRp2,0.043478260869565216,22,22,CATTCTGCTGTGCTGCACGA,0,2513967
mhpRp2,0.043478260869565216,22,22,CATGAGAAACATAGTTTTAA,0,2485267
mhpRp2,0.043478260869565216,22,22,CAGTTCAGGTCCGGCGCGCT,0,2506951
mhpRp2,0.043478260869565216,22,22,CAGTGTTGTGTCGGAGAAAA,0,2503878
mhpRp2,0.043478260869565216,22,22,CAGCCGTATCAGGAACCCCT,0,2503909
mhpRp2,0.043478260869565216,22,22,CAGATACCTCAGGGCAATAC,0,2513664
mhpRp2,0.043478260869565216,22,22,CAGACGTCCCCTCTACTAAG,0,2525119
mhpRp2,0.043478260869565216,22,22,CAGAAGGACTTCCTGTGTAA,0,2502653
mhpRp2,0.043478260869565216,22,22,CACTGCGAGAAACCTCCCTT,0,2527329
mhpRp2,0.043478260869565216,22,22,CACAAAATAGGGCGTTTACG,0,2492348
mhpRp2,0.043478260869565216,22,22,CAATCATACGTTTCCCAAAT,0,2488077
mhpRp2,0.043478260869565216,22,22,ATTGAGTGGGTCAATCCTCA,0,2513011
mhpRp2,0.043478260869565216,22,22,ATGGAGGTCTCTGCCTCGCG,0,2492446
mhpRp2,0.043478260869565216,22,22,ATCAGCGATACGAAATTTCG,0,2507585
mhpRp2,0.043478260869565216,22,22,ATACGACGATAGTTCGCCCC,0,2496850
mhpRp2,0.043478260869565216,22,22,AGTTGGAGGTAAGTAAAGAA,0,2501982
mhpRp2,0.043478260869565216,22,22,AGTCTCTAAAGGCTCATTTC,0,2542812
mhpRp2,0.043478260869565216,22,22,AGGCCCCCTTGAATTACAGG,0,2501722
mhpRp2,0.043478260869565216,22,22,AGGAACACATGGTTGGACGT,0,2480566
mhpRp2,0.043478260869565216,22,22,AGCGGATGCATACGTACCGG,0,2544576
mhpRp2,0.043478260869565216,22,22,AGAGGGAGCATCATTATCAT,0,2519595
mhpRp2,0.043478260869565216,22,22,AGAGCAATCTGAATCGGGAA,0,2488830
mhpRp2,0.043478260869565216,22,22,ACTCGGCACCCCCTACCCTT,0,2529516
mhpRp2,0.043478260869565216,22,22,ACCGTTGAAAACGGTCCTGC,0,2535638
mhpRp2,0.043478260869565216,22,22,ACCAGAGTCTATAGTAAATT,0,2515879
mhpRp2,0.043478260869565216,22,22,ACATACACTCCCTAGCGAAT,0,2488580
mhpRp2,0.043478260869565216,22,22,ACAGTATATCGGCAATTCAA,0,2533114
mhpRp2,0.043478260869565216,22,22,AATTACTCCCTCTGTGTACC,0,2512026
mhpRp2,0.043478260869565216,22,22,AATCGTCGTTAGCTAGAGTG,0,2544614
mhpRp2,0.043478260869565216,22,22,AATCAATGTGATTTTTCGGA,0,2523038
mhpRp2,0.043478260869565216,22,22,AAGGTGGGAAGTTGCGAAGG,0,2502583
mhpRp2,0.043478260869565216,22,22,AAGCTCGTGCAGTGAAGCCA,0,2508618
mhpRp2,0.043478260869565216,22,22,AAGCCTAAGATGTCTTAACG,0,2501036
mhpRp2,0.043478260869565216,22,22,AACGTACCCAAGTTATGGTT,0,2498075
mhpRp2,0.043478260869565216,22,22,AACCATGGATTAAGGTATCT,0,2523219
mhpRp2,0.043478260869565216,22,22,AAATATAAAACCACTGATAG,0,2493326
mhpRp2,0.043478260869565216,22,22,AAAATTCGGGCGTTGGGCGA,0,2484925
mhpRp2,0.043478260869565216,22,22,AAAATCGTGTGACTAGGTAT,0,2540216
mhpRp2,0.045454545454545456,21,21,TTTGGTGAGTTAGCCTGCTG,0,2498824
mhpRp2,0.045454545454545456,21,21,TTTGCATATTTGCTGGGTCA,0,2512532
mhpRp2,0.045454545454545456,21,21,TTCTGCAGAGGCCTGACACT,0,2486823
mhpRp2,0.045454545454545456,21,21,TTCTGACCGAACTTTCCTCG,0,2503966
mhpRp2,0.045454545454545456,21,21,TTCACTTGCATTGTCGGTAG,0,2528681
mhpRp2,0.045454545454545456,21,21,TTCACCGGCACTATCGGCGT,0,2503881
mhpRp2,0.045454545454545456,21,21,TTAGTCTACTCGGAAAAGTG,0,2533423
mhpRp2,0.045454545454545456,21,21,TTACCGCCAAGGATCATCTT,0,2496381
mhpRp2,0.045454545454545456,21,21,TTACCATCAAAGGGGCCATA,0,2481981
mhpRp2,0.045454545454545456,21,21,TTAACTGGACCCATGCCCAG,0,2487295
mhpRp2,0.045454545454545456,21,21,TGTCCGTACGCGCAATTAGC,0,2488310
mhpRp2,0.045454545454545456,21,21,TGGTAACCAAAGGAGGCGGC,0,2538954
mhpRp2,0.045454545454545456,21,21,TGGCTCCGACTGTGTTTGTC,0,2534005
mhpRp2,0.045454545454545456,21,21,TGGACAGTGAACGGTTCTGG,0,2524577
mhpRp2,0.045454545454545456,21,21,TGCGTACTTCAAGGCGGTGC,0,2508975
mhpRp2,0.045454545454545456,21,21,TGCGACGGCATAGAATAGGT,0,2490175
mhpRp2,0.045454545454545456,21,21,TGCCCTCGTTCTGGTTCAAC,0,2526905
mhpRp2,0.045454545454545456,21,21,TGCAATGCCCACCCTTAACC,0,2505915
mhpRp2,0.045454545454545456,21,21,TGATACGCTAGCATTCTTTC,0,2493646
mhpRp2,0.045454545454545456,21,21,TGAGTGTCCTTTGAAGCATG,0,2490965
mhpRp2,0.045454545454545456,21,21,TCTTTCCATCCAAGAGGTAT,0,2545074
mhpRp2,0.045454545454545456,21,21,TCGCTCAATGAGGATCGATA,0,2515767
mhpRp2,0.045454545454545456,21,21,TCGAAGAGAAAGCCGTGCTG,0,2509664
mhpRp2,0.045454545454545456,21,21,TCCTATGCGAAGTGTCCTTT,0,2541005
mhpRp2,0.045454545454545456,21,21,TCCCCGGCTATCGTGAGACT,0,2484971
mhpRp2,0.045454545454545456,21,21,TCAAAAAATAGTCCTTGAAA,0,2496304
mhpRp2,0.045454545454545456,21,21,TATTGCCGAACCCTAATGGT,0,2541082
mhpRp2,0.045454545454545456,21,21,TATCGCGGACTCTAAGTATG,0,2483044
mhpRp2,0.045454545454545456,21,21,TAGGCGTTAACGCACTGAAC,0,2537334
mhpRp2,0.045454545454545456,21,21,TAGACCTGTTGGGCATCTCA,0,2523113
mhpRp2,0.045454545454545456,21,21,TACAACTGAAGTTCGACTCC,0,2515404
mhpRp2,0.045454545454545456,21,21,TAATGGACGAGCTGCTTGGT,0,2502184
mhpRp2,0.045454545454545456,21,21,TAAACTATACTCGCATTCAC,0,2520530
mhpRp2,0.045454545454545456,21,21,TAAACCCTATCCACTACGAG,0,2542171
mhpRp2,0.045454545454545456,21,21,GTGTGGGTTAAGCTACTTGT,0,2493797
mhpRp2,0.045454545454545456,21,21,GTGTGGGGACTACGGAGGCA,0,2518406
mhpRp2,0.045454545454545456,21,21,GTGGTATCGGCATTGACAAT,0,2511175
mhpRp2,0.045454545454545456,21,21,GTCCCGGGATCTCCCGTCTC,0,2530364
mhpRp2,0.045454545454545456,21,21,GTCATTGGTCCCGTGAGGCG,0,2484446
mhpRp2,0.045454545454545456,21,21,GTCATAATTTAGGGTCACAT,0,2528845
mhpRp2,0.045454545454545456,21,21,GTCAGTTTCTATACGGTCTT,0,2514717
mhpRp2,0.045454545454545456,21,21,GTCAACCACCTCTAAGTGAT,0,2539046
mhpRp2,0.045454545454545456,21,21,GTATATGGATGAGGAATACC,0,2488848
mhpRp2,0.045454545454545456,21,21,GTAGTTGTGCCGGTTATGAT,0,2504187
mhpRp2,0.045454545454545456,21,21,GTACCTGTTGTAGGCACCCT,0,2486405
mhpRp2,0.045454545454545456,21,21,GTACAATCAAGTGAAATGCT,0,2484410
mhpRp2,0.045454545454545456,21,21,GGTGAACCGCATAGCCCATG,0,2524764
mhpRp2,0.045454545454545456,21,21,GGTACGCCGGAGCGAGCGTT,0,2516927
mhpRp2,0.045454545454545456,21,21,GGTACAACGGAGTGCTACTG,0,2529332
mhpRp2,0.045454545454545456,21,21,GGGGAACCAGGCGGCGGCTG,0,2494079
mhpRp2,0.045454545454545456,21,21,GGGCCATCGTGCAAGTAGGG,0,2505921
mhpRp2,0.045454545454545456,21,21,GGCGTCCGGATGCCAGGTCT,0,2501013
mhpRp2,0.045454545454545456,21,21,GGCGGTCGTACGGCAAATCG,0,2500581
mhpRp2,0.045454545454545456,21,21,GGCGCCCGACATTACGGATC,0,2528043
mhpRp2,0.045454545454545456,21,21,GGCGACCCACGGTCGTGCGA,0,2514130
mhpRp2,0.045454545454545456,21,21,GGCATTCTTCAAGACACTTG,0,2530042
mhpRp2,0.045454545454545456,21,21,GGACGCGTCTACATCGTACG,0,2518776
mhpRp2,0.045454545454545456,21,21,GCTGAATATGAGCTACCTCC,0,2503323
mhpRp2,0.045454545454545456,21,21,GCGTATTTGAAACCCGCTCG,0,2515005
mhpRp2,0.045454545454545456,21,21,GCGTAATCCGACTGCCGTGC,0,2529510
mhpRp2,0.045454545454545456,21,21,GCATCCACAAGGCGGGACAC,0,2514872
mhpRp2,0.045454545454545456,21,21,GCAGAAATCGAGTATAATCT,0,2536622
mhpRp2,0.045454545454545456,21,21,GATCCCATTAGCCACGCTTC,0,2480081
mhpRp2,0.045454545454545456,21,21,GAGTCGTACTGCTGCGCGTC,0,2542071
mhpRp2,0.045454545454545456,21,21,GAGGATGTCAATTTGCAACT,0,2527821
mhpRp2,0.045454545454545456,21,21,GAGCTGGTCAATATGCCGTA,0,2480561
mhpRp2,0.045454545454545456,21,21,GACGCCGATCGATACACAGC,0,2526702
mhpRp2,0.045454545454545456,21,21,GACCCCGCAGTCCTACGCAA,0,2485351
mhpRp2,0.045454545454545456,21,21,GAATTTTTCGCTTTCTATTC,0,2506846
mhpRp2,0.045454545454545456,21,21,GAATCTAGATAGAAGCTCTA,0,2527734
mhpRp2,0.045454545454545456,21,21,GAAGTGCCGAATCCCCCGCT,0,2481452
mhpRp2,0.045454545454545456,21,21,GAACGGAGTCGAACTCAACA,0,2499114
mhpRp2,0.045454545454545456,21,21,GAAATACTGTCAGTGCCCAT,0,2498539
mhpRp2,0.045454545454545456,21,21,CTTGAAGTGAACTTGCCTGA,0,2505647
mhpRp2,0.045454545454545456,21,21,CTTCCATTATATGTATCGCC,0,2505256
mhpRp2,0.045454545454545456,21,21,CTGGCATCGATGCAGTGATA,0,2514081
mhpRp2,0.045454545454545456,21,21,CTCTTTAGAGACGGTCCAAT,0,2534010
mhpRp2,0.045454545454545456,21,21,CTCTCTCCAGTGATCAGTGT,0,2486776
mhpRp2,0.045454545454545456,21,21,CTCGTGCCATCTCCAACCGA,0,2501252
mhpRp2,0.045454545454545456,21,21,CTCCTAAGTAGAGTGTGAAT,0,2487561
mhpRp2,0.045454545454545456,21,21,CGTTTGCTTCAGGTTATCTT,0,2494719
mhpRp2,0.045454545454545456,21,21,CGTAGTAAGGACTGCGGGGA,0,2510867
mhpRp2,0.045454545454545456,21,21,CGTAGCAGGTATGTTCCAAC,0,2483782
mhpRp2,0.045454545454545456,21,21,CGGTGTCAGGGGTGTCTTAT,0,2538388
mhpRp2,0.045454545454545456,21,21,CGGAGTTGGACCTGCTTGAT,0,2544185
mhpRp2,0.045454545454545456,21,21,CGCTAGCCGTAGACGGCACT,0,2503749
mhpRp2,0.045454545454545456,21,21,CGCTACAATATAGTGCTGGA,0,2485657
mhpRp2,0.045454545454545456,21,21,CGCCAAGGCCGGTGACAGCT,0,2520833
mhpRp2,0.045454545454545456,21,21,CGCATTCATCGTTGCTAAAC,0,2500752
mhpRp2,0.045454545454545456,21,21,CGATGCAGCTGCTAAGGAGT,0,2493784
mhpRp2,0.045454545454545456,21,21,CGACGGCTAGCGGAGTGAAG,0,2488472
mhpRp2,0.045454545454545456,21,21,CGAAGCTGACCACTTCCGCA,0,2517244
mhpRp2,0.045454545454545456,21,21,CCTGCTGGGCAGTGGTCAAG,0,2539901
mhpRp2,0.045454545454545456,21,21,CCCTGAGTGTACGGGAAAGA,0,2487861
mhpRp2,0.045454545454545456,21,21,CCCTATAAGCTAAAGACTGG,0,2530885
mhpRp2,0.045454545454545456,21,21,CCCGCTCACTTAGCTGTCAC,0,2535597
mhpRp2,0.045454545454545456,21,21,CCCCCACTATCAAGTCCTCT,0,2512711
mhpRp2,0.045454545454545456,21,21,CCCACTCCATTACAGTCGAA,0,2527875
mhpRp2,0.045454545454545456,21,21,CCATGGGCATTATTGATAGT,0,2515299
mhpRp2,0.045454545454545456,21,21,CCATAAAACGTTCTCGGCCA,0,2524332
mhpRp2,0.045454545454545456,21,21,CCACAGAAAGGAATTTAATA,0,2493219
mhpRp2,0.045454545454545456,21,21,CATTCTGGCTAACGACTTCG,0,2515627
mhpRp2,0.045454545454545456,21,21,CATTATTAGCCTGTGTATAT,0,2492663
mhpRp2,0.045454545454545456,21,21,CATTAGTGGAGTCGCTCCCC,0,2504928
mhpRp2,0.045454545454545456,21,21,CATGCTGGCTGGGGACCCTT,0,2504839
mhpRp2,0.045454545454545456,21,21,CATCTTTACTTCACAACTGG,0,2500306
mhpRp2,0.045454545454545456,21,21,CAGCGCGCAGACGGTCGCAT,0,2497671
mhpRp2,0.045454545454545456,21,21,CAGCGACACGTCGAGTCCTG,0,2521579
mhpRp2,0.045454545454545456,21,21,CAGCATTAGGTTATCGTGAT,0,2511017
mhpRp2,0.045454545454545456,21,21,CAGATCCTGGAAAATTCTCT,0,2482709
mhpRp2,0.045454545454545456,21,21,CACGGAAGATTTTGGTTTCG,0,2488038
mhpRp2,0.045454545454545456,21,21,CAATTGAAGGCATGCCTTTC,0,2513927
mhpRp2,0.045454545454545456,21,21,CAAGCAGGGGGAGCTGCGGA,0,2522769
mhpRp2,0.045454545454545456,21,21,ATTTCTGGGTGACCCACTCT,0,2535802
mhpRp2,0.045454545454545456,21,21,ATTCCGATCGGGAGAGAGTA,0,2543391
mhpRp2,0.045454545454545456,21,21,ATTACACGTGCGAAGGCACT,0,2513058
mhpRp2,0.045454545454545456,21,21,ATGTTACTATCCCAGGAATG,0,2533068
mhpRp2,0.045454545454545456,21,21,ATGTCATTGGCGAGCACTCA,0,2524519
mhpRp2,0.045454545454545456,21,21,ATCGGTCTCGTAAGTGGGTG,0,2486328
mhpRp2,0.045454545454545456,21,21,ATCGGACCAAAAGTTTGCTC,0,2530848
mhpRp2,0.045454545454545456,21,21,ATCCCAGGAGGCATCCCCGC,0,2491256
mhpRp2,0.045454545454545456,21,21,ATATTCGAGTAGCGCGTTGA,0,2485998
mhpRp2,0.045454545454545456,21,21,ATAGACACAATCAGGGTTTA,0,2521654
mhpRp2,0.045454545454545456,21,21,AGTGCGCCAACCGTCATTGA,0,2501755
mhpRp2,0.045454545454545456,21,21,AGTCAATTTCTTCTGGAAAA,0,2494048
mhpRp2,0.045454545454545456,21,21,AGGTTAGGATACGGCCGTTT,0,2536230
mhpRp2,0.045454545454545456,21,21,AGGTGGGTCTGTCCGTTTAT,0,2529109
mhpRp2,0.045454545454545456,21,21,AGGTAATTTCCAATGTTATT,0,2535557
mhpRp2,0.045454545454545456,21,21,AGGGGTCCACCCGGACTCGA,0,2536039
mhpRp2,0.045454545454545456,21,21,AGGGGTAACAGTACCGACTT,0,2488601
mhpRp2,0.045454545454545456,21,21,AGCGTAGCAGGGGTAGCGGC,0,2493331
mhpRp2,0.045454545454545456,21,21,AGCGGGGCCAAGCACTCCAC,0,2539021
mhpRp2,0.045454545454545456,21,21,AGCGGGGATATCTCCTTGGC,0,2512408
mhpRp2,0.045454545454545456,21,21,AGCCCATGTCCTCTATTAAA,0,2492762
mhpRp2,0.045454545454545456,21,21,AGCATCAAGAGTTGAGCGGC,0,2489478
mhpRp2,0.045454545454545456,21,21,AGCAATGTGTGAAATGGCTT,0,2498227
mhpRp2,0.045454545454545456,21,21,AGATATCGGCCTGAGGACAC,0,2535595
mhpRp2,0.045454545454545456,21,21,AGAGACATCAAAGTCCACGC,0,2498823
mhpRp2,0.045454545454545456,21,21,AGAAGTATTCATAACTAATC,0,2484416
mhpRp2,0.045454545454545456,21,21,ACTCATTCTTAGATTCGGGA,0,2505125
mhpRp2,0.045454545454545456,21,21,ACGTGCATGATTTATTTAGT,0,2519596
mhpRp2,0.045454545454545456,21,21,ACGGCCTAATTGAGCCTCAC,0,2515020
mhpRp2,0.045454545454545456,21,21,ACGCCGTCAGACGGATTTCA,0,2499517
mhpRp2,0.045454545454545456,21,21,ACCAGATGGGCGCATGGTCT,0,2532563
mhpRp2,0.045454545454545456,21,21,ACATGCTCAAGCTCCTATAT,0,2526956
mhpRp2,0.045454545454545456,21,21,ACATGAGAACCGATCCGTGG,0,2518851
mhpRp2,0.045454545454545456,21,21,ACAGCAAGGAGAGCGTACTT,0,2489341
mhpRp2,0.045454545454545456,21,21,AATTGCTGCATTTATAGTCG,0,2499564
mhpRp2,0.045454545454545456,21,21,AATGGGTTGGCCGAGACATT,0,2486912
mhpRp2,0.045454545454545456,21,21,AATGGCTGCCTTACAAACGG,0,2489739
mhpRp2,0.045454545454545456,21,21,AATGCGCCGCGGTCGAATGT,0,2508444
mhpRp2,0.045454545454545456,21,21,AATGCACGGTCGAGATGCCT,0,2491591
mhpRp2,0.045454545454545456,21,21,AATCAAGGTCGAACTTAGGG,0,2493694
mhpRp2,0.045454545454545456,21,21,AATATATCTCTCTGATGTTA,0,2537508
mhpRp2,0.045454545454545456,21,21,AATAACCTACAATAGTCTGT,0,2492034
mhpRp2,0.045454545454545456,21,21,AAGTGCTTTCATTGACAGAA,0,2495221
mhpRp2,0.045454545454545456,21,21,AAGCACTTATTATTTTGTGC,0,2527392
mhpRp2,0.045454545454545456,21,21,AAGAGTCGCTGTCATAAAAA,0,2495914
mhpRp2,0.045454545454545456,21,21,AACTTTACCAGCCGGTTAAG,0,2515967
mhpRp2,0.045454545454545456,21,21,AACTCCAGAACTCTATTGGA,0,2527053
mhpRp2,0.045454545454545456,21,21,AACGTCAGTAGCTCAGCGCT,0,2505221
mhpRp2,0.045454545454545456,21,21,AACAGCCGTATTCACTTACT,0,2525576
mhpRp2,0.045454545454545456,21,21,AACACGGGCTCGCCGCGTTG,0,2488082
mhpRp2,0.045454545454545456,21,21,AAAGCTTAGGTGCCTCTGGT,0,2536762
mhpRp2,0.045454545454545456,21,21,AAACATAGTATGTGTATTGT,0,2510623
mhpRp2,0.045454545454545456,21,21,AAAACCCCCATAGCAAAGAG,0,2504560
mhpRp2,0.047619047619047616,20,20,TTTACCTCCGCAACGAGGAA,0,2500406
mhpRp2,0.047619047619047616,20,20,TTGTCGTTAGCAATGCCTCT,0,2499768
mhpRp2,0.047619047619047616,20,20,TTGGACATAGTCGAAGTACG,0,2536029
mhpRp2,0.047619047619047616,20,20,TTGGAAACGAGACGGGCTCA,0,2526012
mhpRp2,0.047619047619047616,20,20,TTCGGCGCGACGTGCAGTTC,0,2523057
mhpRp2,0.047619047619047616,20,20,TTCGCCCTATTCAGAGTGGA,0,2481502
mhpRp2,0.047619047619047616,20,20,TTCCGCTTGTTAGAGCTATG,0,2491377
mhpRp2,0.047619047619047616,20,20,TTCAGGCTACGGCTTTTACA,0,2536288
mhpRp2,0.047619047619047616,20,20,TTCAACTCCAGTTTAGACAT,0,2498612
mhpRp2,0.047619047619047616,20,20,TTATATAGTCGGTGGAGTCA,0,2522170
mhpRp2,0.047619047619047616,20,20,TTAAGTAGGTTACCGCCATT,0,2508994
mhpRp2,0.047619047619047616,20,20,TGTGGAAGGCTTTTCTGTGC,0,2495521
mhpRp2,0.047619047619047616,20,20,TGTCGGGGCACCAGTAAGCA,0,2541856
mhpRp2,0.047619047619047616,20,20,TGTCCTCTGTATGTACGGCT,0,2495412
mhpRp2,0.047619047619047616,20,20,TGGGAAGCCTTTAGATAAAA,0,2523148
mhpRp2,0.047619047619047616,20,20,TGGCTTTTCATGCGTTAGGT,0,2497084
mhpRp2,0.047619047619047616,20,20,TGGCTGTACGTAGGCAAAAC,0,2497339
mhpRp2,0.047619047619047616,20,20,TGGCGCTGCTCATTCGTACG,0,2515841
mhpRp2,0.047619047619047616,20,20,TGCTTATGGCGCTGATTTGT,0,2492699
mhpRp2,0.047619047619047616,20,20,TGCGTGTAATAAACACGCAA,0,2499556
mhpRp2,0.047619047619047616,20,20,TGCGTCGGGCGGCTATGAAC,0,2486137
mhpRp2,0.047619047619047616,20,20,TGCACACATTACTTGGTGCT,0,2498658
mhpRp2,0.047619047619047616,20,20,TGCAATGACGGGATAAAACA,0,2488691
mhpRp2,0.047619047619047616,20,20,TGCAAATCGACTGTCAGTTA,0,2530641
mhpRp2,0.047619047619047616,20,20,TGATCAATCGACCGCTGATT,0,2501768
mhpRp2,0.047619047619047616,20,20,TGAGGAAATTATCTCTACGA,0,2526865
mhpRp2,0.047619047619047616,20,20,TGAGCGGGGCTAAACAGCAT,0,2539159
mhpRp2,0.047619047619047616,20,20,TCTCAAGGCCGAGACCCGGT,0,2519694
mhpRp2,0.047619047619047616,20,20,TCGTTTGAATCCTGTACAGG,0,2545246
mhpRp2,0.047619047619047616,20,20,TCCGGGATGTTCGGCGGACT,0,2508041
mhpRp2,0.047619047619047616,20,20,TCCCGCATGCTTCTGAACTA,0,2512851
mhpRp2,0.047619047619047616,20,20,TCCCATTTAAGTTTACGGGT,0,2502801
mhpRp2,0.047619047619047616,20,20,TCCAAAGTTTGCCGAATATT,0,2537902
mhpRp2,0.047619047619047616,20,20,TCACGTGGGACTCCGGTGCT,0,2539429
mhpRp2,0.047619047619047616,20,20,TCAAGCCCGGCGCGATTGGT,0,2503601
mhpRp2,0.047619047619047616,20,20,TATGGTTAACCTTCTACCGA,0,2481584
mhpRp2,0.047619047619047616,20,20,TAGATAATTTCGTCCTGCCC,0,2520399
mhpRp2,0.047619047619047616,20,20,TAGACGATGCGTCCGCAGCA,0,2485402
mhpRp2,0.047619047619047616,20,20,TACGCTCATGGTCCGTGGCC,0,2483550
mhpRp2,0.047619047619047616,20,20,TACCTCGTTTGCGATGGATT,0,2537646
mhpRp2,0.047619047619047616,20,20,TACCACTCGGACAGGCGCTA,0,2539315
mhpRp2,0.047619047619047616,20,20,TAATTTGCCTGGATTAAATG,0,2537696
mhpRp2,0.047619047619047616,20,20,TAATTAGTGAGCATTCACTT,0,2520017
mhpRp2,0.047619047619047616,20,20,TAAGGTAGTTACACCCCAAG,0,2508934
mhpRp2,0.047619047619047616,20,20,TAACCGAATACGGCCAATGC,0,2538223
mhpRp2,0.047619047619047616,20,20,GTTTGCCAATCACTACCCAT,0,2510651
mhpRp2,0.047619047619047616,20,20,GTTCTTCTCCAACCACTCTG,0,2542188
mhpRp2,0.047619047619047616,20,20,GTGTAGGAGAATGGTGGTGT,0,2514073
mhpRp2,0.047619047619047616,20,20,GTGTAATTTCTCAGAAATTT,0,2480876
mhpRp2,0.047619047619047616,20,20,GTGCTAGGTATCATTAGACA,0,2544076
mhpRp2,0.047619047619047616,20,20,GTCTATTCTGTACCGGTTGG,0,2541040
mhpRp2,0.047619047619047616,20,20,GTCCCAATATCCAGTGCGTA,0,2533463
mhpRp2,0.047619047619047616,20,20,GTCCAGTATATGTTAGAGCG,0,2519022
mhpRp2,0.047619047619047616,20,20,GTCCAACTCAACCATACCAA,0,2484632
mhpRp2,0.047619047619047616,20,20,GTAGTAATGCCACGAGTAAG,0,2519979
mhpRp2,0.047619047619047616,20,20,GTAAGGACTCTTTAAACCAG,0,2511933
mhpRp2,0.047619047619047616,20,20,GTAAAAGTGGCGCATTGGCA,0,2529907
mhpRp2,0.047619047619047616,20,20,GGTTATCCATTGCGTAGAAC,0,2524706
mhpRp2,0.047619047619047616,20,20,GGTATCCCAGTGTAAGGCGC,0,2494427
mhpRp2,0.047619047619047616,20,20,GGTACCTAGTCACAACACCT,0,2504677
mhpRp2,0.047619047619047616,20,20,GGGTTTAATGTACAAAGTAC,0,2530821
mhpRp2,0.047619047619047616,20,20,GGGGAGTACTCGTGGCCAGG,0,2536706
mhpRp2,0.047619047619047616,20,20,GGGCGCCTGAATGTCTACAG,0,2520356
mhpRp2,0.047619047619047616,20,20,GGGCATGCCTATGACCAATA,0,2518903
mhpRp2,0.047619047619047616,20,20,GGCTTAATTCCTGGGAATTT,0,2531988
mhpRp2,0.047619047619047616,20,20,GGCGCGTTTCAAGGGACCAA,0,2503701
mhpRp2,0.047619047619047616,20,20,GGCGACCTGGTCTGAAGCCG,0,2483221
mhpRp2,0.047619047619047616,20,20,GGCGAATGGCCGTTTCGTTA,0,2495271
mhpRp2,0.047619047619047616,20,20,GGCACCTCCAGGGAGCTCTT,0,2480428
mhpRp2,0.047619047619047616,20,20,GGATATCCAGGAGCGGACGT,0,2492345
mhpRp2,0.047619047619047616,20,20,GGAGTAAATCCAAACTCTTT,0,2505183
mhpRp2,0.047619047619047616,20,20,GGAGGGTTACACCGAAAAGG,0,2510257
mhpRp2,0.047619047619047616,20,20,GGAGCCCTTATTCTAATGGG,0,2484203
mhpRp2,0.047619047619047616,20,20,GCGTGTGGCACGAGGCTAAA,0,2536766
mhpRp2,0.047619047619047616,20,20,GCGTGATGTCTACCAAAATA,0,2517679
mhpRp2,0.047619047619047616,20,20,GCGTCGAGTCATCGAAACTA,0,2535384
mhpRp2,0.047619047619047616,20,20,GCGGTCGTAAGGTAAAACAA,0,2522440
mhpRp2,0.047619047619047616,20,20,GCGGAGCCCAGAGTCGAGGT,0,2526669
mhpRp2,0.047619047619047616,20,20,GCGCAGAAATTCATGAATGA,0,2545324
mhpRp2,0.047619047619047616,20,20,GCGACACCGAGGTTCTCCGA,0,2512893
mhpRp2,0.047619047619047616,20,20,GCCGTGTTAAATACAGACCG,0,2512762
mhpRp2,0.047619047619047616,20,20,GCACTGCCCAAAATTCGAAG,0,2487052
mhpRp2,0.047619047619047616,20,20,GATGTCCGTACAACTTACAA,0,2480945
mhpRp2,0.047619047619047616,20,20,GATGGGGACCAGAGGTCCAT,0,2518534
mhpRp2,0.047619047619047616,20,20,GATAGGGACCGAAATGCGTA,0,2514590
mhpRp2,0.047619047619047616,20,20,GAGTCGGCTTTTCGAGTTTC,0,2513321
mhpRp2,0.047619047619047616,20,20,GAGGGGGCCTTCGAGAGCGT,0,2544356
mhpRp2,0.047619047619047616,20,20,GACAGCGGAAGCACGGGTCA,0,2523211
mhpRp2,0.047619047619047616,20,20,GACAGCCACGTTTCGCACTA,0,2491676
mhpRp2,0.047619047619047616,20,20,GACACAACACGAATCTCTGG,0,2543496
mhpRp2,0.047619047619047616,20,20,GAAGACCGGGCTCCTGATTC,0,2504925
mhpRp2,0.047619047619047616,20,20,GAAATATCTCGGCTTGCTGT,0,2532217
mhpRp2,0.047619047619047616,20,20,GAAAAACTTCTCTATTGGAA,0,2536331
mhpRp2,0.047619047619047616,20,20,CTTGCACTACAAGTCTGAGT,0,2520458
mhpRp2,0.047619047619047616,20,20,CTTACTGCGTGATTCCGCGC,0,2520122
mhpRp2,0.047619047619047616,20,20,CTGGATGTGTAGATCCGGTA,0,2488752
mhpRp2,0.047619047619047616,20,20,CTGATCAGTGCTTAATTTCT,0,2492447
mhpRp2,0.047619047619047616,20,20,CTCGATTATCAGTGGAGTCA,0,2486123
mhpRp2,0.047619047619047616,20,20,CTATGACATTCCGTTCAACT,0,2513375
mhpRp2,0.047619047619047616,20,20,CTACCCATGCAGAGGGTTAT,0,2537962
mhpRp2,0.047619047619047616,20,20,CTAAACTCATTAAAACCCCT,0,2484163
mhpRp2,0.047619047619047616,20,20,CGTGGAAAGCATGTTAATAT,0,2503468
mhpRp2,0.047619047619047616,20,20,CGTGAGAACAATTATGGTGA,0,2482056
mhpRp2,0.047619047619047616,20,20,CGTCGTCATCTGCAATGATT,0,2526799
mhpRp2,0.047619047619047616,20,20,CGTCATGAATCTCGCTAAGC,0,2538669
mhpRp2,0.047619047619047616,20,20,CGGGTCCACGGGCATTAATG,0,2512386
mhpRp2,0.047619047619047616,20,20,CGGAGCGCTAAAAGGCTGGT,0,2498923
mhpRp2,0.047619047619047616,20,20,CGCTTCACGATGCAGAAGCG,0,2505713
mhpRp2,0.047619047619047616,20,20,CGCGCTAACGAGCCCACGTT,0,2481161
mhpRp2,0.047619047619047616,20,20,CGATTCTCTTGTAATTTCGT,0,2524554
mhpRp2,0.047619047619047616,20,20,CGATGCCTCATGCAATCTGC,0,2540952
mhpRp2,0.047619047619047616,20,20,CCTCCAGTTATGACCTGATA,0,2505126
mhpRp2,0.047619047619047616,20,20,CCTCATCAAGACGGCCCGCA,0,2533051
mhpRp2,0.047619047619047616,20,20,CCTCACAGTTTACGGCTATG,0,2490223
mhpRp2,0.047619047619047616,20,20,CCTAATAGTCTTAATGTGCG,0,2519756
mhpRp2,0.047619047619047616,20,20,CCGTGGACAAATAGAGATTT,0,2535382
mhpRp2,0.047619047619047616,20,20,CCGTGCGTATGGTGCCGTCC,0,2512416
mhpRp2,0.047619047619047616,20,20,CCGCCGAGCGCGAACCGATT,0,2506787
mhpRp2,0.047619047619047616,20,20,CCGCCAATGAAGGGCGCGAT,0,2495870
mhpRp2,0.047619047619047616,20,20,CCGAGAGAAGCCTCATCTGC,0,2527679
mhpRp2,0.047619047619047616,20,20,CCCGAGCTTCGCCCAGCAAC,0,2508004
mhpRp2,0.047619047619047616,20,20,CCCCGTCTGCGATTTGGTAA,0,2481407
mhpRp2,0.047619047619047616,20,20,CCCATAATTGTCGCTTGACC,0,2534246
mhpRp2,0.047619047619047616,20,20,CCCAGGGGCCGGAACTATCT,0,2505686
mhpRp2,0.047619047619047616,20,20,CCCAATTGGCGTGTAATACG,0,2532527
mhpRp2,0.047619047619047616,20,20,CCATGCCATTCGCGATTAGT,0,2506157
mhpRp2,0.047619047619047616,20,20,CCAGTCGTCGATATCCCCGC,0,2519383
mhpRp2,0.047619047619047616,20,20,CCAGAGTACTTGCATCTAAA,0,2536805
mhpRp2,0.047619047619047616,20,20,CATTGAATGTAGCGTAGGCC,0,2531691
mhpRp2,0.047619047619047616,20,20,CAGCCTCAGAGTTTTTACAG,0,2502742
mhpRp2,0.047619047619047616,20,20,CAGAATTTAGGGCACCATGC,0,2502385
mhpRp2,0.047619047619047616,20,20,CACTATCGTGACAATGGCTT,0,2483395
mhpRp2,0.047619047619047616,20,20,CACCCCGCCGGAAAAGGCAT,0,2508304
mhpRp2,0.047619047619047616,20,20,CACAGGTGTACTGAGAGGGG,0,2483611
mhpRp2,0.047619047619047616,20,20,CACAGATAAGCAGGTCTGGC,0,2488393
mhpRp2,0.047619047619047616,20,20,CAATTAATTTGCTCTGTAAA,0,2544643
mhpRp2,0.047619047619047616,20,20,CAATCTAGCCGTCGCGGCCA,0,2491463
mhpRp2,0.047619047619047616,20,20,ATTGGCATCATCCTCTTGAT,0,2515101
mhpRp2,0.047619047619047616,20,20,ATTGAGGAGACTGTTCATAG,0,2505478
mhpRp2,0.047619047619047616,20,20,ATTCCCAGCGGAATTCAAGC,0,2533770
mhpRp2,0.047619047619047616,20,20,ATGGGATTACCCTGACTCTT,0,2544739
mhpRp2,0.047619047619047616,20,20,ATGGGACATATGAGCTCCGA,0,2527436
mhpRp2,0.047619047619047616,20,20,ATGGCCATCTCACTCCTGTA,0,2492074
mhpRp2,0.047619047619047616,20,20,ATGCAACCGCCATCAGCCTC,0,2495399
mhpRp2,0.047619047619047616,20,20,ATGACGAGCGAGTGTCGCTG,0,2507418
mhpRp2,0.047619047619047616,20,20,ATCTTTTTCGGTTTGGTTGG,0,2505810
mhpRp2,0.047619047619047616,20,20,ATCTGGTTCGGTTCCATACA,0,2485662
mhpRp2,0.047619047619047616,20,20,ATCGGGTACCTGGAGGTCAT,0,2544454
mhpRp2,0.047619047619047616,20,20,ATCCTATCCAATGTCACGTT,0,2505485
mhpRp2,0.047619047619047616,20,20,ATCCAGTTCGTATCGTGTGA,0,2489504
mhpRp2,0.047619047619047616,20,20,ATATCACCAGTTTTATGTAA,0,2526020
mhpRp2,0.047619047619047616,20,20,ATAGGCCGCCAAGCTTATGC,0,2517948
mhpRp2,0.047619047619047616,20,20,ATACTCCGTACGCGATCGTA,0,2491991
mhpRp2,0.047619047619047616,20,20,ATACTATGCGTGGAGTCGCA,0,2493625
mhpRp2,0.047619047619047616,20,20,ATACAAGAGACATCTCCACT,0,2509642
mhpRp2,0.047619047619047616,20,20,AGTTTGATGCACAGGGGTTT,0,2542527
mhpRp2,0.047619047619047616,20,20,AGTTATCTGTGCTATCACAG,0,2492968
mhpRp2,0.047619047619047616,20,20,AGTGGCATCGCGCCCAAAAA,0,2531823
mhpRp2,0.047619047619047616,20,20,AGTCATGGCCAGGGGTGTTG,0,2507700
mhpRp2,0.047619047619047616,20,20,AGTCAACGCGGGTTCCCCAA,0,2516628
mhpRp2,0.047619047619047616,20,20,AGGTGTACCAACCCTGCTGT,0,2506565
mhpRp2,0.047619047619047616,20,20,AGGTAACATCATTCATGACG,0,2495443
mhpRp2,0.047619047619047616,20,20,AGGGGGAAACGCAGTATTTA,0,2480362
mhpRp2,0.047619047619047616,20,20,AGGGCGTGCAAAATCATTAC,0,2523741
mhpRp2,0.047619047619047616,20,20,AGGGAATGCTAATCGTTCGA,0,2525718
mhpRp2,0.047619047619047616,20,20,AGGCCCCTGTCTCCAAGTGT,0,2506721
mhpRp2,0.047619047619047616,20,20,AGCTTCGGAACATTTCGAGG,0,2545296
mhpRp2,0.047619047619047616,20,20,AGCGGCCTAGAAGAGGTAAG,0,2515246
mhpRp2,0.047619047619047616,20,20,AGCGCGTATAACCGCGCACA,0,2480582
mhpRp2,0.047619047619047616,20,20,AGCCTGGATCGCCATAAGGT,0,2493469
mhpRp2,0.047619047619047616,20,20,AGCCACTAACTACGTCGGTG,0,2518576
mhpRp2,0.047619047619047616,20,20,AGCAGAGATATCGCTTATAT,0,2540542
mhpRp2,0.047619047619047616,20,20,AGAGTGTAAACTAGGCCAAT,0,2505297
mhpRp2,0.047619047619047616,20,20,AGAGCCCTAGGACGGCCTAC,0,2515666
mhpRp2,0.047619047619047616,20,20,AGAAGGGTGCAAATCCCTGG,0,2486347
mhpRp2,0.047619047619047616,20,20,AGAAATTCGTTAGCTCATCT,0,2536696
mhpRp2,0.047619047619047616,20,20,ACTTGGTGTAAATACGCAAG,0,2540578
mhpRp2,0.047619047619047616,20,20,ACTGCGGATTTTTATGTTAA,0,2543771
mhpRp2,0.047619047619047616,20,20,ACTCTCAGTAGCAAAGGGGT,0,2530672
mhpRp2,0.047619047619047616,20,20,ACTACCTTGTCACATTGTTG,0,2516134
mhpRp2,0.047619047619047616,20,20,ACGTTCGTCACTCAGTAGTT,0,2509935
mhpRp2,0.047619047619047616,20,20,ACGGCTAGGTCGCCTCCGAT,0,2521744
mhpRp2,0.047619047619047616,20,20,ACGGATTTTCCTGTGATATC,0,2523206
mhpRp2,0.047619047619047616,20,20,ACGAGCCCCAGACAAAAAGA,0,2509609
mhpRp2,0.047619047619047616,20,20,ACCTTCGATCTATCCCGATC,0,2512530
mhpRp2,0.047619047619047616,20,20,ACATATATAGTGCTGAATTC,0,2504849
mhpRp2,0.047619047619047616,20,20,ACAGGATCGCTTAGACATGT,0,2508179
mhpRp2,0.047619047619047616,20,20,AATTGGCCCGTTGGGACGGT,0,2524584
mhpRp2,0.047619047619047616,20,20,AATGGGGGGCGCCGTAACAC,0,2502286
mhpRp2,0.047619047619047616,20,20,AATGCGGTTTCGGCCAGCCA,0,2537305
mhpRp2,0.047619047619047616,20,20,AATCCTTTTTATTGGGAATG,0,2539387
mhpRp2,0.047619047619047616,20,20,AAGTACCAATTGGAATTTAA,0,2509543
mhpRp2,0.047619047619047616,20,20,AACTAACTGCGGCGGTGTCT,0,2519213
mhpRp2,0.047619047619047616,20,20,AACGCCCCTTTCGTGTTCAA,0,2539351
mhpRp2,0.047619047619047616,20,20,AACCGCAGTGGTCACGTTAG,0,2495345
mhpRp2,0.047619047619047616,20,20,AACAGCTAACCTTTAACGAT,0,2523275
mhpRp2,0.047619047619047616,20,20,AAATCAGATGCTACTGCCTG,0,2483727
mhpRp2,0.047619047619047616,20,20,AAAGAGTATCATCGTTCCCT,0,2504518
mhpRp2,0.047619047619047616,20,20,AAACCCCGCGGTATACCCAG,0,2481244
mhpRp2,0.05,19,19,TTTTTGGCCACTGATGTACC,0,2488871
mhpRp2,0.05,19,19,TTTTACAGCATCGGTCAATT,0,2534090
mhpRp2,0.05,19,19,TTTCACATATTTCCAGACCT,0,2523430
mhpRp2,0.05,19,19,TTGTGTTCAACCGGGGCCGG,0,2526792
mhpRp2,0.05,19,19,TTGTCATTACACAAAAAGGT,0,2531531
mhpRp2,0.05,19,19,TTGGGTCTCAGGGCTAGCAA,0,2499158
mhpRp2,0.05,19,19,TTGATGGAAGGTTCAGGTCG,0,2488758
mhpRp2,0.05,19,19,TTGACGAGCCCTGGCCGGTA,0,2542762
mhpRp2,0.05,19,19,TTCTGCAGGCTAATTCACGG,0,2497529
mhpRp2,0.05,19,19,TTCAACTGGATACCAGACCA,0,2490380
mhpRp2,0.05,19,19,TTCAACGCTCTCCTGGCCTT,0,2515580
mhpRp2,0.05,19,19,TTATTGCAATCACCCCTTGA,0,2488042
mhpRp2,0.05,19,19,TTATGGGGTATTCCCCCCAA,0,2525840
mhpRp2,0.05,19,19,TTAGCCGAAGAGATGAATTA,0,2503655
mhpRp2,0.05,19,19,TTACTCTCGAGCAAGCCGAA,0,2508664
mhpRp2,0.05,19,19,TGTTTATCCCAGTGATGCGT,0,2527377
mhpRp2,0.05,19,19,TGTCGAATTTGTCTGGCGTA,0,2540497
mhpRp2,0.05,19,19,TGTCCAGCTCTTCTGCGGTA,0,2536025
mhpRp2,0.05,19,19,TGGTGCGAGGTTTTCTCAAC,0,2508296
mhpRp2,0.05,19,19,TGGTGACCCTTATGTAAGTA,0,2512890
mhpRp2,0.05,19,19,TGGGCAGTAATCCTCTAGAA,0,2498701
mhpRp2,0.05,19,19,TGGGATCAAGTCTAGCCTAA,0,2511650
mhpRp2,0.05,19,19,TGGCCTTCCCGCAGGCACAT,0,2505920
mhpRp2,0.05,19,19,TGGATATTACTGGAGGTGGA,0,2500211
mhpRp2,0.05,19,19,TGCTATTACATAGGAACGAT,0,2492299
mhpRp2,0.05,19,19,TGCATGCCTGGACATCTTTG,0,2522963
mhpRp2,0.05,19,19,TGCATCGCGGGGTCGTTTTA,0,2519046
mhpRp2,0.05,19,19,TGAGCCGCGTGAGTAAATTT,0,2483553
mhpRp2,0.05,19,19,TGAAAGATTTAACGGTCCCA,0,2537736
mhpRp2,0.05,19,19,TCTTGTGGAGAATTAGCCCG,0,2539748
mhpRp2,0.05,19,19,TCTTCGACGTCGCGAGGGCT,0,2496115
mhpRp2,0.05,19,19,TCTCCTCTAGAGCCTCTTTT,0,2502944
mhpRp2,0.05,19,19,TCGTTCAGATGTTCGGCGCT,0,2511099
mhpRp2,0.05,19,19,TCGTGTACGCACTTGAGGCG,0,2538934
mhpRp2,0.05,19,19,TCGGATTCACATGATATCGG,0,2507039
mhpRp2,0.05,19,19,TCGCCATATACACCTTCTTC,0,2514863
mhpRp2,0.05,19,19,TCGAGGCCACCCGCTCTCTT,0,2528838
mhpRp2,0.05,19,19,TCCTTATATGGCGCATCCAT,0,2506075
mhpRp2,0.05,19,19,TCCGGATGAGTTCCGATAGT,0,2514187
mhpRp2,0.05,19,19,TCCGAGAATCACTACGGCAA,0,2535966
mhpRp2,0.05,19,19,TCCACGCACAACCAGACAAG,0,2539003
mhpRp2,0.05,19,19,TCATGCCCTAGGGATCCAAG,0,2512534
mhpRp2,0.05,19,19,TCATGACCTACGAATTAGAG,0,2481045
mhpRp2,0.05,19,19,TCATAGTTTGCTTAGGATAT,0,2490752
mhpRp2,0.05,19,19,TCAGGGTGTCTTTATCGAAC,0,2481621
mhpRp2,0.05,19,19,TCAATTCCGGCCGACACACT,0,2503406
mhpRp2,0.05,19,19,TCAAGAGCACCGTCATTTCT,0,2506412
mhpRp2,0.05,19,19,TCAACATGGCATAAGGCTGC,0,2524828
mhpRp2,0.05,19,19,TATTGGACTAGAGTGGCGTT,0,2504691
mhpRp2,0.05,19,19,TATGGACTTCTGCTATATGG,0,2518912
mhpRp2,0.05,19,19,TATGCAATCTTCTACTCCTT,0,2491075
mhpRp2,0.05,19,19,TAGGGCGCGCATTCATTAAG,0,2528682
mhpRp2,0.05,19,19,TAGACGGTCATCATTAATAC,0,2512168
mhpRp2,0.05,19,19,TAGAACCTTGAATATAGCCG,0,2540093
mhpRp2,0.05,19,19,TAAGGTCGCCCCATCCGCAG,0,2528592
mhpRp2,0.05,19,19,GTTTTGCTTTCTACAGTCTC,0,2532809
mhpRp2,0.05,19,19,GTTCTTTAAACAGGGTTCCA,0,2480565
mhpRp2,0.05,19,19,GTGTTCGGCCGGACCGCTAG,0,2498037
mhpRp2,0.05,19,19,GTGCGTGGTGTTCAGTCGCC,0,2490802
mhpRp2,0.05,19,19,GTGAGTTTATTACGTGGTAC,0,2516388
mhpRp2,0.05,19,19,GTGAGATAGTTTGTGTTACG,0,2520505
mhpRp2,0.05,19,19,GTCGGGCTCACCTCATCAGT,0,2496160
mhpRp2,0.05,19,19,GTCGCGCGCGCATTTCAGTT,0,2502293
mhpRp2,0.05,19,19,GTCCAAGAAAGCGTTTCTAA,0,2541664
mhpRp2,0.05,19,19,GTCATGCCTGTGCTAACACT,0,2492395
mhpRp2,0.05,19,19,GTATTCTGAGGATCTGAAAG,0,2486966
mhpRp2,0.05,19,19,GTATCTACTAAAGTGGGGCG,0,2494370
mhpRp2,0.05,19,19,GTAAGGACCTTAAGTCGTAA,0,2499270
mhpRp2,0.05,19,19,GGTTTAGACAGTCATGATGG,0,2515090
mhpRp2,0.05,19,19,GGTTCCCTATCGAACGGACG,0,2490748
mhpRp2,0.05,19,19,GGTGGGTCAGCGAACTCTCA,0,2530678
mhpRp2,0.05,19,19,GGTATCTGAAACCGAACAGC,0,2485043
mhpRp2,0.05,19,19,GGTAGCGACTCATGTAAACG,0,2486292
mhpRp2,0.05,19,19,GGTAAGGGTAGGGAAGGCTA,0,2525806
mhpRp2,0.05,19,19,GGGTTTTCGCGAGCTAGTTG,0,2509444
mhpRp2,0.05,19,19,GGGTCTATCGAGGTCAAGAG,0,2539173
mhpRp2,0.05,19,19,GGGGGAAGCGTACCAGGCCT,0,2532575
mhpRp2,0.05,19,19,GGGGCATACTCGACAATCCT,0,2505042
mhpRp2,0.05,19,19,GGGCTAACTCGTAACTTAGT,0,2514364
mhpRp2,0.05,19,19,GGGCGAATAAATTTAGCCTA,0,2517336
mhpRp2,0.05,19,19,GGGCAGCAATACTTACGGGC,0,2491115
mhpRp2,0.05,19,19,GGGAGAAGGACTAGATTCTA,0,2511326
mhpRp2,0.05,19,19,GGCTTCGTATAAGCTTGGCT,0,2524143
mhpRp2,0.05,19,19,GGCTATGTCAACCACAGCCG,0,2505131
mhpRp2,0.05,19,19,GGCGTTCCCACGAATGGAAC,0,2514434
mhpRp2,0.05,19,19,GGCCCGGAACCGCTAGAATA,0,2488348
mhpRp2,0.05,19,19,GGCCAACTACATTTAAGAGT,0,2492139
mhpRp2,0.05,19,19,GGCATATTGCGTAACGCGCA,0,2533003
mhpRp2,0.05,19,19,GGCACATCGCCAGTGAGCGT,0,2491650
mhpRp2,0.05,19,19,GGATGGTCCTCCGTCGCAGG,0,2491553
mhpRp2,0.05,19,19,GGAGTGCTCGTGGCTCTAGT,0,2495725
mhpRp2,0.05,19,19,GGAAGCTTGGCGCCGAGCCT,0,2488521
mhpRp2,0.05,19,19,GCTTGGTGACTAGACTCACT,0,2484430
mhpRp2,0.05,19,19,GCTTAATGATGGATTCAGGA,0,2493788
mhpRp2,0.05,19,19,GCTGTCGCAGACCCGCTCAT,0,2503223
mhpRp2,0.05,19,19,GCTGCATGAGAGTACCGCAT,0,2496270
mhpRp2,0.05,19,19,GCTCAGGAGGACGGTGGCTC,0,2510336
mhpRp2,0.05,19,19,GCTAATATTTAGAGGATACC,0,2513182
mhpRp2,0.05,19,19,GCGCTTAATCAATCCAGATG,0,2485321
mhpRp2,0.05,19,19,GCGCGGTGTTGAAAATGAAA,0,2497757
mhpRp2,0.05,19,19,GCGAGCTAGGTACAGCTGTG,0,2490260
mhpRp2,0.05,19,19,GCGACGATCATTCGTCTCAC,0,2498510
mhpRp2,0.05,19,19,GCCGTGCTAATCAAAGTACG,0,2522058
mhpRp2,0.05,19,19,GCATTTCAGTTCATTTGCCT,0,2505044
mhpRp2,0.05,19,19,GCATCTATTGTATGAATGGC,0,2509882
mhpRp2,0.05,19,19,GCAGGCCCACGGCAAGATTG,0,2500627
mhpRp2,0.05,19,19,GCAGGAACGCCCCATTGAAG,0,2540251
mhpRp2,0.05,19,19,GCACTCAATTAAGATCGGTA,0,2514431
mhpRp2,0.05,19,19,GCAACGAACCTGGTCCATTT,0,2525729
mhpRp2,0.05,19,19,GATCTAGTCTAAGATCGTTC,0,2482328
mhpRp2,0.05,19,19,GATCGCCCAGGAGAGGCTCA,0,2535630
mhpRp2,0.05,19,19,GAGGCTAACTAAGATAAGGT,0,2502858
mhpRp2,0.05,19,19,GAGCAGTTTTAATTGCCTAC,0,2511422
mhpRp2,0.05,19,19,GACTTGTAGCAAAAGATCGC,0,2533679
mhpRp2,0.05,19,19,GACTGTTCAGTCGGCCGGAC,0,2542989
mhpRp2,0.05,19,19,GACCAGACCCCGTCGCCCTA,0,2532236
mhpRp2,0.05,19,19,GACAAGGGTAAATAGGTTTC,0,2493330
mhpRp2,0.05,19,19,GAATTGGGCGGGGATGCGGT,0,2500755
mhpRp2,0.05,19,19,GAATAGGTCATAAATCGGTC,0,2542930
mhpRp2,0.05,19,19,GAAGTTAACTAGGGGGGGAA,0,2503639
mhpRp2,0.05,19,19,GAAATTCAGTCTGATGCTAG,0,2488307
mhpRp2,0.05,19,19,GAAATGACACGTCCGGATTT,0,2499561
mhpRp2,0.05,19,19,GAAACGTAGTAGTAAGCTGT,0,2497676
mhpRp2,0.05,19,19,GAAAATCTTGACAATATGCA,0,2501414
mhpRp2,0.05,19,19,GAAAACTGCATTGTTGAGAA,0,2540246
mhpRp2,0.05,19,19,CTTTGCAAGACTCATAAGTT,0,2501154
mhpRp2,0.05,19,19,CTTGGCGTAGGTATGTCGTA,0,2490446
mhpRp2,0.05,19,19,CTTGCCGGCTTAATAGGTAA,0,2488344
mhpRp2,0.05,19,19,CTTATTGGAGATTTTAGTAA,0,2495515
mhpRp2,0.05,19,19,CTGCAGAGACTCAGCTCTGT,0,2544215
mhpRp2,0.05,19,19,CTGACAGAACGGATGGGAGC,0,2514631
mhpRp2,0.05,19,19,CTCTTTAAAGATATGACCTA,0,2538972
mhpRp2,0.05,19,19,CTCTGCTAAAGGTAAACTAG,0,2502351
mhpRp2,0.05,19,19,CTCGTGATCCCTGACCGCTA,0,2526713
mhpRp2,0.05,19,19,CTCGATGGTGCCTAATTTTC,0,2502352
mhpRp2,0.05,19,19,CTCCAGAAGCCAACCCGGAC,0,2506617
mhpRp2,0.05,19,19,CTCATGCAAAGACTGCATCC,0,2517455
mhpRp2,0.05,19,19,CTATTCCGCTTCATCAGAAA,0,2526154
mhpRp2,0.05,19,19,CTAAGGTAGTTCGGATATAC,0,2539802
mhpRp2,0.05,19,19,CGTATCTGAGCCTCTTATGA,0,2508596
mhpRp2,0.05,19,19,CGGTCTAAAGTTTGTGACTC,0,2489458
mhpRp2,0.05,19,19,CGGTCCTCGTATCAGGAGAA,0,2498556
mhpRp2,0.05,19,19,CGGTAGATTTGATGCACTTT,0,2483180
mhpRp2,0.05,19,19,CGGGATGGTGAGGCACGTCT,0,2515199
mhpRp2,0.05,19,19,CGGGAGGGAGCAGCACCGAT,0,2509028
mhpRp2,0.05,19,19,CGGCATGGACGCAAAGATTC,0,2516562
mhpRp2,0.05,19,19,CGCGTAGGCTTCCAGCTTGT,0,2502587
mhpRp2,0.05,19,19,CGCATACTCCGGCATGCCCT,0,2528438
mhpRp2,0.05,19,19,CGATGAGTGCTGTCCTTACA,0,2490729
mhpRp2,0.05,19,19,CGACGGAGGCGAGACAAGGC,0,2503687
mhpRp2,0.05,19,19,CGAAGCAGTCATCCGTCTGA,0,2492969
mhpRp2,0.05,19,19,CCTGTTGGTCCAGTACTGTT,0,2490125
mhpRp2,0.05,19,19,CCTGGATAGGCGTGCTACAA,0,2493303
mhpRp2,0.05,19,19,CCTACTTCACGTTTAATGCC,0,2541047
mhpRp2,0.05,19,19,CCGGCAGTACAGGCTATTGG,0,2535383
mhpRp2,0.05,19,19,CCGACGCCATCGGGAGAATT,0,2533396
mhpRp2,0.05,19,19,CCCGTGGACGACCCCGTGAG,0,2498073
mhpRp2,0.05,19,19,CCCGACAAAACGAGTGTAAA,0,2515233
mhpRp2,0.05,19,19,CCCAACTGTTTACAGCGTTA,0,2498860
mhpRp2,0.05,19,19,CCATCAAGTAACCGGGGACA,0,2503285
mhpRp2,0.05,19,19,CCAGGCGAAGTGCGCTTCAC,0,2483003
mhpRp2,0.05,19,19,CCACCGACATCAAGATGAAT,0,2540285
mhpRp2,0.05,19,19,CCAAATAAGCGGAGTAGCGT,0,2496773
mhpRp2,0.05,19,19,CATTGAGTCGTATTGTTTCA,0,2485696
mhpRp2,0.05,19,19,CATTATCCTATCAATCCAGT,0,2484272
mhpRp2,0.05,19,19,CATGGGACAATTCTGTTAGG,0,2519597
mhpRp2,0.05,19,19,CATGGCGCGGGCTTAACATC,0,2545567
mhpRp2,0.05,19,19,CATCTCATCTGTAAAAGATT,0,2480167
mhpRp2,0.05,19,19,CATAATCAGTAAAGACCAGA,0,2531107
mhpRp2,0.05,19,19,CAGTTGTATGACGGGCACAG,0,2498828
mhpRp2,0.05,19,19,CAGGAAGTGAGTGCTGAGCC,0,2523339
mhpRp2,0.05,19,19,CAGCTGGCTGTGCCACTCAA,0,2484161
mhpRp2,0.05,19,19,CAGCCGTAAATGCATACCTC,0,2532522
mhpRp2,0.05,19,19,CAGAGGGAAGCCCGATGATC,0,2481193
mhpRp2,0.05,19,19,CACTTTGACCAAACCTTAAT,0,2497483
mhpRp2,0.05,19,19,CACTGTGATGAGCCAACACT,0,2510337
mhpRp2,0.05,19,19,CACAACGTTCGGTCTCACAC,0,2481892
mhpRp2,0.05,19,19,CAAGTAAAACGTGTCGTTCT,0,2494558
mhpRp2,0.05,19,19,CAAGGCATAATAGGATGATT,0,2532419
mhpRp2,0.05,19,19,CAAGCCAATCTGTAAACTAG,0,2518289
mhpRp2,0.05,19,19,CAACTTCATAAGTAACGGAA,0,2481594
mhpRp2,0.05,19,19,CAACGAATCTTTGCCGTTAA,0,2523008
mhpRp2,0.05,19,19,ATTTCAATTCAGGCGAGAAA,0,2488233
mhpRp2,0.05,19,19,ATTTATCCTTGTTCACGAAA,0,2541971
mhpRp2,0.05,19,19,ATTGCTGTTACTACAAACTT,0,2512826
mhpRp2,0.05,19,19,ATTCCAAGACAGGCGCCACG,0,2503806
mhpRp2,0.05,19,19,ATGTCGGAGTCCTTCGAGGC,0,2493345
mhpRp2,0.05,19,19,ATGGGAGGCTGCCCAGGCCC,0,2508500
mhpRp2,0.05,19,19,ATCCTAAAGTTCACGGGGCT,0,2519050
mhpRp2,0.05,19,19,ATCACGGAACGCACCTGAGA,0,2495927
mhpRp2,0.05,19,19,ATATTAGACAACCTGCGTTC,0,2538442
mhpRp2,0.05,19,19,ATAGAATTATTAACCGACAG,0,2521864
mhpRp2,0.05,19,19,ATAAACCGGTCTCTAGTGCA,0,2504238
mhpRp2,0.05,19,19,AGTTTTTTGACCACTATTAC,0,2539051
mhpRp2,0.05,19,19,AGTTATGATGTCGGAAGAGG,0,2485017
mhpRp2,0.05,19,19,AGTGAGCGCTTTGAAATTAT,0,2535182
mhpRp2,0.05,19,19,AGTGACAGCTCAGCGCGGAA,0,2512610
mhpRp2,0.05,19,19,AGTCGTACATGAATCGGCCT,0,2505539
mhpRp2,0.05,19,19,AGTAATTTGAACATTCTAGG,0,2514720
mhpRp2,0.05,19,19,AGGGGATTACAGCTGCCACA,0,2487000
mhpRp2,0.05,19,19,AGGACCACTGACTAGTCCGT,0,2521501
mhpRp2,0.05,19,19,AGCTGATCACGCATCAGGGA,0,2514753
mhpRp2,0.05,19,19,AGCGATCTGCGCGCACCTTA,0,2529327
mhpRp2,0.05,19,19,AGCCATGTGTGGTTACATAG,0,2489236
mhpRp2,0.05,19,19,AGCAGATAGTAAACACCGTT,0,2486821
mhpRp2,0.05,19,19,AGAGTGTATAGGTCGGTAAG,0,2487425
mhpRp2,0.05,19,19,AGAGGTGGCACAACCTTTAT,0,2523338
mhpRp2,0.05,19,19,ACTTGTTACAGCCAGCCGAT,0,2511045
mhpRp2,0.05,19,19,ACTTCCCTGGGGACAATGGA,0,2525444
mhpRp2,0.05,19,19,ACTGTGATTCTGTACGTGAC,0,2542780
mhpRp2,0.05,19,19,ACTAGCTCTATGCCCTTACT,0,2526999
mhpRp2,0.05,19,19,ACTAAAGCGCGACGAGAACA,0,2536963
mhpRp2,0.05,19,19,ACGTTGCGGTTACTCTTAAT,0,2515655
mhpRp2,0.05,19,19,ACGGTCCAGTGGTCACCGTA,0,2523177
mhpRp2,0.05,19,19,ACGGCGGGCCGTGCTTATTG,0,2526605
mhpRp2,0.05,19,19,ACGGCCGTACCAACGTCGAG,0,2501617
mhpRp2,0.05,19,19,ACCCGCTCCGTGGCGGGGCA,0,2484221
mhpRp2,0.05,19,19,ACCCGATGATTCTTGATAAT,0,2505913
mhpRp2,0.05,19,19,ACCATCTTATCCTCTCTTTG,0,2480456
mhpRp2,0.05,19,19,ACAGGATAAACCAGCTGGGA,0,2516537
mhpRp2,0.05,19,19,ACACCGTTTGATAGTAACCG,0,2534263
mhpRp2,0.05,19,19,AATGGAGGCAGGCGTACACT,0,2483295
mhpRp2,0.05,19,19,AATGATGATAGGGCTAAGGC,0,2536473
mhpRp2,0.05,19,19,AATCAAGAGCGCCCTGATCA,0,2541532
mhpRp2,0.05,19,19,AAGGGATTCAACCAACACAT,0,2486869
mhpRp2,0.05,19,19,AAGGCCAGAAAGAACCTCGT,0,2526608
mhpRp2,0.05,19,19,AAGCATCGGATAACAGTCAA,0,2534623
mhpRp2,0.05,19,19,AACGCATCGATGTCCTCAGA,0,2497737
mhpRp2,0.05,19,19,AACCTGCACAGCAAATGCCG,0,2490172
mhpRp2,0.05,19,19,AACCCGTCGAACGACGACAA,0,2497375
mhpRp2,0.05,19,19,AACAGGCGTTACTTTGTTTT,0,2507383
mhpRp2,0.05,19,19,AAATCGGCTCGACTCACGGC,0,2497579
mhpRp2,0.05,19,19,AAAGTCCCACCGATGTATGG,0,2533141
mhpRp2,0.05,19,19,AAAGGATAGGTGTAGTAGAG,0,2484317
mhpRp2,0.05,19,19,AAACCGAAAAACTAGGGTAG,0,2503833
mhpRp2,0.05,19,19,AAAAGCTCGGCCATACCACT,0,2533252
mhpRp2,0.05,19,19,AAAAGCTCCATGCACGGCGA,0,2486800
mhpRp2,0.05,19,19,AAAACGTCTTAACTAACAGA,0,2498069
mhpRp2,0.05263157894736842,18,18,TTTGATATACTTGCACGCAT,0,2522199
mhpRp2,0.05263157894736842,18,18,TTTAACGGCATCCGAATAGT,0,2523912
mhpRp2,0.05263157894736842,18,18,TTGTACTTCCACAGGACTTA,0,2483159
mhpRp2,0.05263157894736842,18,18,TTGGTTGCTTATCGATGGGA,0,2537972
mhpRp2,0.05263157894736842,18,18,TTGCAATCCTAGGCTATGTT,0,2506085
mhpRp2,0.05263157894736842,18,18,TTCTATCTGAACTTACACGA,0,2512169
mhpRp2,0.05263157894736842,18,18,TTCGCTAACTAGCTTTGATG,0,2487886
mhpRp2,0.05263157894736842,18,18,TTCGCAGGCCGTACACGGAT,0,2491860
mhpRp2,0.05263157894736842,18,18,TTCAACCCTCGTGTAGTTGA,0,2503527
mhpRp2,0.05263157894736842,18,18,TTATTCGTTACGTGATTTCG,0,2524050
mhpRp2,0.05263157894736842,18,18,TGTGCGTCATAAATGAGGCT,0,2497977
mhpRp2,0.05263157894736842,18,18,TGTAGACCCACTATTCCTGT,0,2513141
mhpRp2,0.05263157894736842,18,18,TGGTTAAGCCAATGAGACAA,0,2520446
mhpRp2,0.05263157894736842,18,18,TGGGGACTTCGATTAGTCTG,0,2479573
mhpRp2,0.05263157894736842,18,18,TGGGAGCCGTGTAGTGTCAA,0,2502893
mhpRp2,0.05263157894736842,18,18,TGGATGCTTGACTTCGGTTG,0,2537641
mhpRp2,0.05263157894736842,18,18,TGCGAATGCAGTAGGATGTA,0,2533837
mhpRp2,0.05263157894736842,18,18,TGATGACTAGGACACAGCTC,0,2511870
mhpRp2,0.05263157894736842,18,18,TGAATGTGAACACTAGACGT,0,2522822
mhpRp2,0.05263157894736842,18,18,TCTTCTGCGCTGTGGCTTGA,0,2481983
mhpRp2,0.05263157894736842,18,18,TCTGCGCGGTATTCCTTGGT,0,2499925
mhpRp2,0.05263157894736842,18,18,TCTATGCACTTGTTTCATCC,0,2481571
mhpRp2,0.05263157894736842,18,18,TCGGCATTTCCAGTTCAAGT,0,2487984
mhpRp2,0.05263157894736842,18,18,TCGCGACGGCCAATTACTAA,0,2484959
mhpRp2,0.05263157894736842,18,18,TCGCCTGGGGCCACTTAAGA,0,2542308
mhpRp2,0.05263157894736842,18,18,TCGAATGGAGCGGGTCCTCA,0,2506074
mhpRp2,0.05263157894736842,18,18,TCCTATTCTGCACGTGAGCA,0,2493519
mhpRp2,0.05263157894736842,18,18,TCCGGGTTTCCTATCTGCGG,0,2535895
mhpRp2,0.05263157894736842,18,18,TCCGAATGTTCTCGCGCGTC,0,2509039
mhpRp2,0.05263157894736842,18,18,TCCAGCGGCGCGGCTTTGGC,0,2511093
mhpRp2,0.05263157894736842,18,18,TCCAATATGGAACTCTTCCG,0,2489239
mhpRp2,0.05263157894736842,18,18,TCACTTTATGCACCTTGAAT,0,2541737
mhpRp2,0.05263157894736842,18,18,TCACAGGCGGTAGCTGGATA,0,2479700
mhpRp2,0.05263157894736842,18,18,TATTCTTGAATCGCTGGTGA,0,2484269
mhpRp2,0.05263157894736842,18,18,TATCTAGATGCTTAAGGTTC,0,2486653
mhpRp2,0.05263157894736842,18,18,TACTCCGGACTGCGCAGTTA,0,2528653
mhpRp2,0.05263157894736842,18,18,TACGTCCCTAGCGGATCCCA,0,2544778
mhpRp2,0.05263157894736842,18,18,TACGAAGTCATCATATGGAT,0,2539768
mhpRp2,0.05263157894736842,18,18,TAATCAGCTGATTATTGAAG,0,2521338
mhpRp2,0.05263157894736842,18,18,TAATATCGTGGGACCACTAG,0,2484656
mhpRp2,0.05263157894736842,18,18,TAAGGTACCTACAGGGAGGT,0,2494221
mhpRp2,0.05263157894736842,18,18,TAACTGTGACGATACACATA,0,2498428
mhpRp2,0.05263157894736842,18,18,TAAACTCTAGCAACAGCGAC,0,2490868
mhpRp2,0.05263157894736842,18,18,GTTCTTGCAAGGTGGAGTGC,0,2535037
mhpRp2,0.05263157894736842,18,18,GTTATAGTTTGCGGAGCTCT,0,2530061
mhpRp2,0.05263157894736842,18,18,GTGTGGGGCATCAACCAGAC,0,2503690
mhpRp2,0.05263157894736842,18,18,GTGGCCAACAGGGCTTAGAA,0,2488981
mhpRp2,0.05263157894736842,18,18,GTCTTACAGAGCGGCCCGCT,0,2524578
mhpRp2,0.05263157894736842,18,18,GTCTGTCAATCTAAAAACTT,0,2484954
mhpRp2,0.05263157894736842,18,18,GTCTGGAGAGGTTATGATGC,0,2545301
mhpRp2,0.05263157894736842,18,18,GTCGAACAAAAGAAGGGCCT,0,2530273
mhpRp2,0.05263157894736842,18,18,GTATTACAGACACACTGACA,0,2514280
mhpRp2,0.05263157894736842,18,18,GTATACATTGACCGGGCTGT,0,2499911
mhpRp2,0.05263157894736842,18,18,GTAATTCCGACATAGCGCGT,0,2505493
mhpRp2,0.05263157894736842,18,18,GTAATCTAACGGGCCTTTGC,0,2483046
mhpRp2,0.05263157894736842,18,18,GGTGGAATAGGGAAGTGACG,0,2513509
mhpRp2,0.05263157894736842,18,18,GGTGAGTCACCCACTCGAGC,0,2506970
mhpRp2,0.05263157894736842,18,18,GGTCAGCGACCATAAGTGTG,0,2483985
mhpRp2,0.05263157894736842,18,18,GGGTGTTCCCCCGTCCCGGC,0,2528240
mhpRp2,0.05263157894736842,18,18,GGGTGACTTCGACTAAACGT,0,2482138
mhpRp2,0.05263157894736842,18,18,GGGGTAGGTTGGGAGCGACT,0,2514378
mhpRp2,0.05263157894736842,18,18,GGGAGAAAAATGCTAAGTGT,0,2500555
mhpRp2,0.05263157894736842,18,18,GGGAATTATTTCCTCAGATG,0,2535131
mhpRp2,0.05263157894736842,18,18,GGCTGCGAGATTAAGTCTGT,0,2528785
mhpRp2,0.05263157894736842,18,18,GGCCTGACTCTCTTGATAAT,0,2508452
mhpRp2,0.05263157894736842,18,18,GGCAACGCCTTCAAAGGAAT,0,2494201
mhpRp2,0.05263157894736842,18,18,GGACCTGTCTTTCACTCAAG,0,2511941
mhpRp2,0.05263157894736842,18,18,GGACCGTTGTGACAGACCTG,0,2508740
mhpRp2,0.05263157894736842,18,18,GCTTAAGTGGGTCGGGCGGA,0,2487750
mhpRp2,0.05263157894736842,18,18,GCTACTTTATCATCTCTTAA,0,2529450
mhpRp2,0.05263157894736842,18,18,GCGTTCGCGGCTCAGGGGAT,0,2501215
mhpRp2,0.05263157894736842,18,18,GCGTTATTAGAGGGTGTTAG,0,2500216
mhpRp2,0.05263157894736842,18,18,GCGGTCTTTTAAGAGAATGT,0,2493248
mhpRp2,0.05263157894736842,18,18,GCGGGGGTACTGCCAGGCGA,0,2497154
mhpRp2,0.05263157894736842,18,18,GCGGGCGTGCGTTGACTTTA,0,2541338
mhpRp2,0.05263157894736842,18,18,GCGGGATACAACGCACAGGT,0,2482533
mhpRp2,0.05263157894736842,18,18,GCGCCTCCCGTTACCACGTA,0,2537318
mhpRp2,0.05263157894736842,18,18,GCGACCTCTGTCAAGGTTTC,0,2534691
mhpRp2,0.05263157894736842,18,18,GCCTGGTAGTTGCCAAGATG,0,2508973
mhpRp2,0.05263157894736842,18,18,GCCGTTCTCCTGTGTTCGTC,0,2515714
mhpRp2,0.05263157894736842,18,18,GCCGTTCCTTGCTGGTTGTC,0,2509318
mhpRp2,0.05263157894736842,18,18,GCCGGGATATAGCGATTATT,0,2494380
mhpRp2,0.05263157894736842,18,18,GCCGCGAAGGGGGACATTAC,0,2506543
mhpRp2,0.05263157894736842,18,18,GCCCTGCTTGAGGCGACATC,0,2491997
mhpRp2,0.05263157894736842,18,18,GCCCACGGCGCCGCGGCTTT,0,2480931
mhpRp2,0.05263157894736842,18,18,GCCCACGCTAGAGCACCGCT,0,2494801
mhpRp2,0.05263157894736842,18,18,GCCCAATCCAGTCGAAACAT,0,2480047
mhpRp2,0.05263157894736842,18,18,GCCAGATTGTCATCGATAAG,0,2514446
mhpRp2,0.05263157894736842,18,18,GCCAAGGAGTCTTACGGGGA,0,2510613
mhpRp2,0.05263157894736842,18,18,GCACTCAAGTTTCCTTCTAT,0,2528905
mhpRp2,0.05263157894736842,18,18,GCACAACTCCGACCGAAAAA,0,2534106
mhpRp2,0.05263157894736842,18,18,GCAATATACAGGAGGTTTTA,0,2502800
mhpRp2,0.05263157894736842,18,18,GATTCCTCCTGAGTTGTAGA,0,2510103
mhpRp2,0.05263157894736842,18,18,GATGAAACGACGATTAGCCC,0,2489679
mhpRp2,0.05263157894736842,18,18,GATACGCTTATCTTCCATTG,0,2492834
mhpRp2,0.05263157894736842,18,18,GAGTATTATCCTATTCGGAC,0,2543168
mhpRp2,0.05263157894736842,18,18,GAGCCGGTGCTTTGGACTAG,0,2506863
mhpRp2,0.05263157894736842,18,18,GACTGGAGGACAAAATTTTA,0,2540841
mhpRp2,0.05263157894736842,18,18,GACTCGTTGGCATAGTAATT,0,2520066
mhpRp2,0.05263157894736842,18,18,GACTAGGGGTCGGACATACC,0,2489145
mhpRp2,0.05263157894736842,18,18,GACGGGGGTACGGGCAATAC,0,2499290
mhpRp2,0.05263157894736842,18,18,GACCGTTTTGGCCAAGTGCG,0,2506953
mhpRp2,0.05263157894736842,18,18,GACATCCCTGCTGTTGGATA,0,2527239
mhpRp2,0.05263157894736842,18,18,GACAGGTGAGCTCAGTTCTC,0,2483399
mhpRp2,0.05263157894736842,18,18,CTTTATTAGCGTGGGCCAGT,0,2522263
mhpRp2,0.05263157894736842,18,18,CTTTAACCATCTGCACTACC,0,2511814
mhpRp2,0.05263157894736842,18,18,CTTGAGGCACATGTATTGTT,0,2482847
mhpRp2,0.05263157894736842,18,18,CTTCCAGGTTGGTGTTGAAA,0,2536726
mhpRp2,0.05263157894736842,18,18,CTTCCAAGCACAAGGCACTC,0,2490576
mhpRp2,0.05263157894736842,18,18,CTTCAGCAGGTTACTGGATC,0,2488660
mhpRp2,0.05263157894736842,18,18,CTGTTGGATTTGGCTTGGTA,0,2540464
mhpRp2,0.05263157894736842,18,18,CTGCGTCCTTTCGCCAGCTC,0,2535624
mhpRp2,0.05263157894736842,18,18,CTGCCCACCAAGACGAGAGG,0,2522305
mhpRp2,0.05263157894736842,18,18,CTCGTGGCCATCAATTTTTG,0,2512447
mhpRp2,0.05263157894736842,18,18,CTCGTGCAGCGAAACGTATG,0,2502589
mhpRp2,0.05263157894736842,18,18,CTCGTCTTTCGACAGGGCGT,0,2529134
mhpRp2,0.05263157894736842,18,18,CTCGTATGGTGCGAACCTCT,0,2544193
mhpRp2,0.05263157894736842,18,18,CTCGGTGGGGAAGGCTCACA,0,2539443
mhpRp2,0.05263157894736842,18,18,CTCGGTATCTTCAACGTACT,0,2501907
mhpRp2,0.05263157894736842,18,18,CTATTCGGCTTTCTCTTATT,0,2515848
mhpRp2,0.05263157894736842,18,18,CTAGAGATACTGCACAACAT,0,2504143
mhpRp2,0.05263157894736842,18,18,CTACATACATCGCTAGGCTC,0,2539754
mhpRp2,0.05263157894736842,18,18,CTACAAATCACAGGCCTAAA,0,2541939
mhpRp2,0.05263157894736842,18,18,CTAATCCAGCAGCGCGCAGA,0,2491661
mhpRp2,0.05263157894736842,18,18,CTAAGCTACGCAGAATGGAA,0,2489789
mhpRp2,0.05263157894736842,18,18,CTAACACGTGTCGATCGATG,0,2488750
mhpRp2,0.05263157894736842,18,18,CGTTTTCGGAGTGTGGGTCT,0,2529020
mhpRp2,0.05263157894736842,18,18,CGTTGAGATTGAGGTTGCAG,0,2491762
mhpRp2,0.05263157894736842,18,18,CGTGCTATGGTAAAGTGCCT,0,2518330
mhpRp2,0.05263157894736842,18,18,CGTGATACCCGTGCATCGCT,0,2495588
mhpRp2,0.05263157894736842,18,18,CGTCTTAGAGGGCAGGGGTG,0,2511470
mhpRp2,0.05263157894736842,18,18,CGTCCGAAGCATGTGCAACC,0,2487591
mhpRp2,0.05263157894736842,18,18,CGTCCACACGGAATCGCCCA,0,2523662
mhpRp2,0.05263157894736842,18,18,CGGGGCGCCCGAGTTGGACA,0,2514324
mhpRp2,0.05263157894736842,18,18,CGGCGAACGGCTTTAAGCCT,0,2487843
mhpRp2,0.05263157894736842,18,18,CGGAAAACCGCGTACGGCAG,0,2495817
mhpRp2,0.05263157894736842,18,18,CGCTGTGTCTTACTCCCTCT,0,2523870
mhpRp2,0.05263157894736842,18,18,CGCGGATGGTTCATATTGCC,0,2532268
mhpRp2,0.05263157894736842,18,18,CGCCATGGTCACACGGCGGT,0,2490138
mhpRp2,0.05263157894736842,18,18,CGCACGGAGATCACGTAAAC,0,2479940
mhpRp2,0.05263157894736842,18,18,CGATAATATACGTCCGTGCC,0,2485405
mhpRp2,0.05263157894736842,18,18,CCTTGAAGCAATACCCTCCA,0,2489741
mhpRp2,0.05263157894736842,18,18,CCTTACGCTAAAGCTCGTTG,0,2484622
mhpRp2,0.05263157894736842,18,18,CCGTAACTGACCGTCAATTC,0,2494495
mhpRp2,0.05263157894736842,18,18,CCGGGTGCGCAGCGGGAATA,0,2533447
mhpRp2,0.05263157894736842,18,18,CCGATAGGGACTTATAACGA,0,2543400
mhpRp2,0.05263157894736842,18,18,CCGAAGTTCACGCAAGCCCT,0,2522947
mhpRp2,0.05263157894736842,18,18,CCGAAACGCGCTCAGAGCTC,0,2536441
mhpRp2,0.05263157894736842,18,18,CCCGTCGTCTAGGACGTACA,0,2508166
mhpRp2,0.05263157894736842,18,18,CCATGGCAAGTGTCAGAGAC,0,2521049
mhpRp2,0.05263157894736842,18,18,CCAGGAAATGTCTAAACGAT,0,2505751
mhpRp2,0.05263157894736842,18,18,CCAGACAGCTAATGCATATT,0,2499954
mhpRp2,0.05263157894736842,18,18,CCACTGAGAGCTCGAGAACA,0,2520281
mhpRp2,0.05263157894736842,18,18,CCAAGCCGACAGCCCCTAAA,0,2538470
mhpRp2,0.05263157894736842,18,18,CCAAATTTAGACCTCTAGAG,0,2481928
mhpRp2,0.05263157894736842,18,18,CCAAACCCATTCCGAGAATT,0,2529141
mhpRp2,0.05263157894736842,18,18,CATGTGTAGTGTTTCGGTTT,0,2538674
mhpRp2,0.05263157894736842,18,18,CATGGAAGAAGGAATGTGGA,0,2509698
mhpRp2,0.05263157894736842,18,18,CATGCGCAGCTGGCTGTGAG,0,2520119
mhpRp2,0.05263157894736842,18,18,CATCTTCATGAGACAGGACA,0,2491940
mhpRp2,0.05263157894736842,18,18,CATCGTGGTGTGGACCTTCT,0,2521325
mhpRp2,0.05263157894736842,18,18,CATCGAACCTAAAACTAAGT,0,2533172
mhpRp2,0.05263157894736842,18,18,CATAGCTCTACCATAGGTTA,0,2488149
mhpRp2,0.05263157894736842,18,18,CATAACAAGCTGGTACATTG,0,2484726
mhpRp2,0.05263157894736842,18,18,CAGGTGTATCTTGCCCAGAC,0,2483190
mhpRp2,0.05263157894736842,18,18,CAGCGTGGCCTTAGCCGCGA,0,2525649
mhpRp2,0.05263157894736842,18,18,CAGCCAGTTCAGCTTGTAGG,0,2516379
mhpRp2,0.05263157894736842,18,18,CAGCAGAAAGCGATACAAGC,0,2539096
mhpRp2,0.05263157894736842,18,18,CAGACCCTGGCTAGGGTTAG,0,2489983
mhpRp2,0.05263157894736842,18,18,CACTGTGCGACTCAGTCATG,0,2490777
mhpRp2,0.05263157894736842,18,18,CACATCCAATAGGCGTCTAA,0,2489428
mhpRp2,0.05263157894736842,18,18,CACACGTCTAAGCACGAGTC,0,2514170
mhpRp2,0.05263157894736842,18,18,CACACACGAACAAGGGTATT,0,2537416
mhpRp2,0.05263157894736842,18,18,CACAATAACAAATTATGTGA,0,2534498
mhpRp2,0.05263157894736842,18,18,CAATGCATACGCATCCACCA,0,2482683
mhpRp2,0.05263157894736842,18,18,CAACGTGTGTCGCAGTTAAT,0,2486910
mhpRp2,0.05263157894736842,18,18,CAACGCCAGGATCAGAATTA,0,2481587
mhpRp2,0.05263157894736842,18,18,ATTTTTAAGTACTAAAATTT,0,2531366
mhpRp2,0.05263157894736842,18,18,ATTTATTCGCACGTCCGATT,0,2536899
mhpRp2,0.05263157894736842,18,18,ATTGCGAATGCGCGTCGCCT,0,2483001
mhpRp2,0.05263157894736842,18,18,ATTGACAATAGTTAAAACGT,0,2515349
mhpRp2,0.05263157894736842,18,18,ATTCGTATTAGTATTACGGT,0,2511744
mhpRp2,0.05263157894736842,18,18,ATTCCAGTTTGGGGAATAAC,0,2504715
mhpRp2,0.05263157894736842,18,18,ATTATTACCGCCTGTGGCCT,0,2500466
mhpRp2,0.05263157894736842,18,18,ATTACAACCCCCCGACCTCA,0,2498282
mhpRp2,0.05263157894736842,18,18,ATGGGTGGCAGGTATTCTAC,0,2536743
mhpRp2,0.05263157894736842,18,18,ATGGATAAGATGAAGTTTGA,0,2492933
mhpRp2,0.05263157894736842,18,18,ATGCTCACCAGTACCATCAA,0,2531365
mhpRp2,0.05263157894736842,18,18,ATCTGGCAGTACCATGGCTG,0,2498711
mhpRp2,0.05263157894736842,18,18,ATCCCTCCGACTGCCCACTG,0,2537172
mhpRp2,0.05263157894736842,18,18,ATCAACTCGGCAGACTTCAT,0,2512719
mhpRp2,0.05263157894736842,18,18,ATATTTGCGTAATCCCCGGC,0,2497876
mhpRp2,0.05263157894736842,18,18,ATATTTACCTCGCCGCACGT,0,2525409
mhpRp2,0.05263157894736842,18,18,ATATGTTTTAAGAGGCGACA,0,2513709
mhpRp2,0.05263157894736842,18,18,ATAGAGAGCTAACATACATT,0,2509197
mhpRp2,0.05263157894736842,18,18,ATACGTGGCGAGCCCGAATT,0,2527809
mhpRp2,0.05263157894736842,18,18,AGTGGGAAGCTAGGTCCCTG,0,2513422
mhpRp2,0.05263157894736842,18,18,AGTGGGAACATCCTGGGGAT,0,2514799
mhpRp2,0.05263157894736842,18,18,AGTGCCTGATTTTTTAGTCA,0,2531802
mhpRp2,0.05263157894736842,18,18,AGTCGGCCCTGAATACCCGG,0,2528083
mhpRp2,0.05263157894736842,18,18,AGTCATGTTCTTGGCCTGAT,0,2503327
mhpRp2,0.05263157894736842,18,18,AGTAGGAAGCTTGGTGCGAC,0,2486254
mhpRp2,0.05263157894736842,18,18,AGGGCTAGTTGGGTTTAGCT,0,2487423
mhpRp2,0.05263157894736842,18,18,AGGCACACCCCGTTAGGTGG,0,2504831
mhpRp2,0.05263157894736842,18,18,AGGATTCTGGGGTGCTCGCA,0,2485074
mhpRp2,0.05263157894736842,18,18,AGGAATACCGCTATTGCCTG,0,2482333
mhpRp2,0.05263157894736842,18,18,AGCTACTTGCAGCTAGATAG,0,2513566
mhpRp2,0.05263157894736842,18,18,AGCGTTCTAAACTTCACGGT,0,2536535
mhpRp2,0.05263157894736842,18,18,AGCATCACTAGGGCCGTTTA,0,2495419
mhpRp2,0.05263157894736842,18,18,AGCAGGGGTTCTCAAATAAC,0,2544678
mhpRp2,0.05263157894736842,18,18,AGCAAGAGTATGCACCTTAG,0,2481017
mhpRp2,0.05263157894736842,18,18,AGATTTCTCGTACCGTCTGT,0,2529966
mhpRp2,0.05263157894736842,18,18,AGACTCGATGCCGTAAGCGA,0,2498310
mhpRp2,0.05263157894736842,18,18,AGACCGCTGACGATCCTCGT,0,2491468
mhpRp2,0.05263157894736842,18,18,AGACCAAATGATGTGTATGA,0,2483137
mhpRp2,0.05263157894736842,18,18,AGAAAGCTACCATGTATGCT,0,2490121
mhpRp2,0.05263157894736842,18,18,ACTTAAGAAAGCGTCCGTGC,0,2523366
mhpRp2,0.05263157894736842,18,18,ACTTAACTCAAAGGCATAAT,0,2519939
mhpRp2,0.05263157894736842,18,18,ACTCATACTACTTCTGAATT,0,2508829
mhpRp2,0.05263157894736842,18,18,ACTCAGATCTATGTAACAGC,0,2544534
mhpRp2,0.05263157894736842,18,18,ACGGAGTGGCGGATCCAGAG,0,2524626
mhpRp2,0.05263157894736842,18,18,ACCTTGCGCTGTACTTTCGT,0,2506930
mhpRp2,0.05263157894736842,18,18,ACCTGTCAATATTGCAGAGA,0,2540110
mhpRp2,0.05263157894736842,18,18,ACCCATGTTTCGTCTTAGGC,0,2487009
mhpRp2,0.05263157894736842,18,18,ACATATTCTCCTTGGCACAC,0,2517867
mhpRp2,0.05263157894736842,18,18,ACAGGGTTCCTGATCACTAC,0,2489480
mhpRp2,0.05263157894736842,18,18,ACACGGATACGAAGGTCAGG,0,2494092
mhpRp2,0.05263157894736842,18,18,ACACAATCATCCTCAAAATT,0,2525956
mhpRp2,0.05263157894736842,18,18,ACAATGCAGAGATTAGTTGA,0,2519378
mhpRp2,0.05263157894736842,18,18,ACAAACAGCCGTCTGTAACT,0,2512256
mhpRp2,0.05263157894736842,18,18,AATTTTCGATTGTGGGCTTT,0,2521172
mhpRp2,0.05263157894736842,18,18,AATTCTGGCGTGTACGTCAT,0,2533790
mhpRp2,0.05263157894736842,18,18,AATCGTAACCGGTTCCAGCA,0,2513751
mhpRp2,0.05263157894736842,18,18,AATCGCTAACGACCCGCAGG,0,2511723
mhpRp2,0.05263157894736842,18,18,AATCCGTTGCTGATAACGGG,0,2499465
mhpRp2,0.05263157894736842,18,18,AATCCACTGGAACAATCTCA,0,2492419
mhpRp2,0.05263157894736842,18,18,AATATGAACGCATGTAAAAA,0,2544579
mhpRp2,0.05263157894736842,18,18,AATAGGCAGATTTCAGGGCA,0,2508734
mhpRp2,0.05263157894736842,18,18,AATAGATGGGTTCGGTACGG,0,2498836
mhpRp2,0.05263157894736842,18,18,AAGGTTTGATCCTTACAGCC,0,2522240
mhpRp2,0.05263157894736842,18,18,AAGCAAACGTCTTAGGTAAT,0,2519570
mhpRp2,0.05263157894736842,18,18,AAGAGATGATGATCACCTCA,0,2496437
mhpRp2,0.05263157894736842,18,18,AAGACCCTTTCAATAAGTGC,0,2481082
mhpRp2,0.05263157894736842,18,18,AAGAACCGTACACTTATTCA,0,2519299
mhpRp2,0.05263157894736842,18,18,AACTGGGGGTCTGCGCCGGA,0,2540544
mhpRp2,0.05263157894736842,18,18,AACTGCCCCAGTGGCTCTGA,0,2523977
mhpRp2,0.05263157894736842,18,18,AACGGGGATTGGAGGCGCGA,0,2515570
mhpRp2,0.05263157894736842,18,18,AACGACCATGCTTGATTCAT,0,2512311
mhpRp2,0.05263157894736842,18,18,AACATATCATGTCAGGCTAC,0,2524380
mhpRp2,0.05263157894736842,18,18,AACATAGGGTAGCACCAAAA,0,2487923
mhpRp2,0.05263157894736842,18,18,AACAAGCCGCCATTATGTGA,0,2527995
mhpRp2,0.05263157894736842,18,18,AAAGGTATTGCGTATTTAGG,0,2517912
mhpRp2,0.05263157894736842,18,18,AAACACTAAAAAAGATGAGG,0,2489479
mhpRp2,0.05555555555555555,17,17,TTTCGTTGGGCTAGGGTAGC,0,2487144
mhpRp2,0.05555555555555555,17,17,TTTATTCCAGATGATAAGTT,0,2545490
mhpRp2,0.05555555555555555,17,17,TTTATCGGCCCCGCGTTATG,0,2537150
mhpRp2,0.05555555555555555,17,17,TTTAGCATATGATCACTGAT,0,2508212
mhpRp2,0.05555555555555555,17,17,TTGCTCTAACGAAGAAGGGT,0,2520291
mhpRp2,0.05555555555555555,17,17,TTGCGTGGTCGGATCTGGTC,0,2491844
mhpRp2,0.05555555555555555,17,17,TTGCCAAGGATCGTTCTCGC,0,2487063
mhpRp2,0.05555555555555555,17,17,TTGAGTGTTATCTGGGCGAT,0,2523604
mhpRp2,0.05555555555555555,17,17,TTGACTCTTCGGTAGTGAGA,0,2506064
mhpRp2,0.05555555555555555,17,17,TTGAACTCTAATCTGTTAAC,0,2495420
mhpRp2,0.05555555555555555,17,17,TTCCGTAGAGGCACCTGAAA,0,2494202
mhpRp2,0.05555555555555555,17,17,TTCACTCTGGCCTGCAACGG,0,2504858
mhpRp2,0.05555555555555555,17,17,TTCACACCGCTCCGCTTAGA,0,2489355
mhpRp2,0.05555555555555555,17,17,TTATAGTTTAAGACACAATT,0,2508456
mhpRp2,0.05555555555555555,17,17,TTATAGGTAGAGGTCGGTCG,0,2533451
mhpRp2,0.05555555555555555,17,17,TTAGCGGCTCACAAGTAAGG,0,2494745
mhpRp2,0.05555555555555555,17,17,TGTCGGTGCAACATGGTATC,0,2482152
mhpRp2,0.05555555555555555,17,17,TGTAGATCAGTTAATTTACA,0,2499709
mhpRp2,0.05555555555555555,17,17,TGTACCAGTAAAAACGCAGG,0,2486690
mhpRp2,0.05555555555555555,17,17,TGGTATGCGCCCTCAGGTGA,0,2503065
mhpRp2,0.05555555555555555,17,17,TGGTAATCTGAACGGATGTT,0,2521649
mhpRp2,0.05555555555555555,17,17,TGGGCGCATGTATTAAGTTT,0,2525945
mhpRp2,0.05555555555555555,17,17,TGGCCAGGTACCGAATACAC,0,2490921
mhpRp2,0.05555555555555555,17,17,TGGCAGCCTAACCTTAATCA,0,2509298
mhpRp2,0.05555555555555555,17,17,TGGAGTGTCCTAACATTCCA,0,2515763
mhpRp2,0.05555555555555555,17,17,TGCTTTAATAGGAGCTTCTT,0,2480259
mhpRp2,0.05555555555555555,17,17,TGCTTACTCTCGCTCTGGTG,0,2508950
mhpRp2,0.05555555555555555,17,17,TGCTCATGAAGTCGTCGTAT,0,2500272
mhpRp2,0.05555555555555555,17,17,TGCGCGACTTAATCATAAAA,0,2484607
mhpRp2,0.05555555555555555,17,17,TGCCGAGTACTTACTGTGAT,0,2515186
mhpRp2,0.05555555555555555,17,17,TGATTGGTATTATGGGAAGT,0,2483441
mhpRp2,0.05555555555555555,17,17,TGATTGGAGGGAGGTTAATA,0,2517027
mhpRp2,0.05555555555555555,17,17,TGATGGGTCGTGGTAGAGAT,0,2541333
mhpRp2,0.05555555555555555,17,17,TGATCGACTGGCTCGGGCTG,0,2512177
mhpRp2,0.05555555555555555,17,17,TGATCCACATGTGAGTTTTA,0,2502557
mhpRp2,0.05555555555555555,17,17,TGACTCTTTGAAGACGAAGT,0,2498865
mhpRp2,0.05555555555555555,17,17,TGAATAATTCCAGCTGATCG,0,2488835
mhpRp2,0.05555555555555555,17,17,TCTTAGACCCGAGGACAGGA,0,2520595
mhpRp2,0.05555555555555555,17,17,TCTGGATCCGAAATAAATCC,0,2532211
mhpRp2,0.05555555555555555,17,17,TCTGACGTTTTCTTCTTTGG,0,2545182
mhpRp2,0.05555555555555555,17,17,TCTACGCGACACCGATGCTA,0,2496105
mhpRp2,0.05555555555555555,17,17,TCGTGGAGACTGTGTCTCTA,0,2498080
mhpRp2,0.05555555555555555,17,17,TCGTCTCATATCGTTAGAGA,0,2483726
mhpRp2,0.05555555555555555,17,17,TCGGTGATAATGGCTGCGTG,0,2532411
mhpRp2,0.05555555555555555,17,17,TCGGTCACTTGGGTTCTTCT,0,2491884
mhpRp2,0.05555555555555555,17,17,TCGGGTAGTCCTCCGGGCCT,0,2498814
mhpRp2,0.05555555555555555,17,17,TCGGGCACATGCTGTACGCT,0,2504469
mhpRp2,0.05555555555555555,17,17,TCGCGGCACCATCAACAGAT,0,2537296
mhpRp2,0.05555555555555555,17,17,TCGACTTCCAACCTACGTAT,0,2510449
mhpRp2,0.05555555555555555,17,17,TCCTATTAACTGCGTGCGCA,0,2515440
mhpRp2,0.05555555555555555,17,17,TCCCGGCTCAAAGGTGCCTT,0,2534492
mhpRp2,0.05555555555555555,17,17,TCCCATGGGCAAACGGGTAT,0,2486490
mhpRp2,0.05555555555555555,17,17,TCATGGGCAAGTGTCAGGTG,0,2486474
mhpRp2,0.05555555555555555,17,17,TCAATCATGGCAGGCTTTGT,0,2503692
mhpRp2,0.05555555555555555,17,17,TATTGTTGGTTTTGTGCATG,0,2516318
mhpRp2,0.05555555555555555,17,17,TATTAATCCGTATCCCAGGA,0,2493977
mhpRp2,0.05555555555555555,17,17,TATGTCACTTAAGGATGAGA,0,2525451
mhpRp2,0.05555555555555555,17,17,TATCTTGTACAGTGGCTTAT,0,2527379
mhpRp2,0.05555555555555555,17,17,TATACCGTTGAGTGCGTCCT,0,2533214
mhpRp2,0.05555555555555555,17,17,TATAACGTTTCCTGCAACGT,0,2506803
mhpRp2,0.05555555555555555,17,17,TAGGCGGGATTAGCCATGTG,0,2523824
mhpRp2,0.05555555555555555,17,17,TAGGCCTCGAAGCATCTGTT,0,2523396
mhpRp2,0.05555555555555555,17,17,TAGCCCCTAGGGCTTTCGTT,0,2511700
mhpRp2,0.05555555555555555,17,17,TAGAATCGAGGGCTGTAGAG,0,2531588
mhpRp2,0.05555555555555555,17,17,TACGGACGATGTCTCCGAAG,0,2525532
mhpRp2,0.05555555555555555,17,17,TACCAGGCTGGTCTGGCTGC,0,2532159
mhpRp2,0.05555555555555555,17,17,TACATGGCGTCACGTTACAA,0,2521094
mhpRp2,0.05555555555555555,17,17,TAATTTTTCGTATTTCACAC,0,2529512
mhpRp2,0.05555555555555555,17,17,TAATTTCGTCATCGGATAGA,0,2529043
mhpRp2,0.05555555555555555,17,17,TAATGAGTTGCTGCGCACCA,0,2535702
mhpRp2,0.05555555555555555,17,17,TAAGCTTCATCGCATTGGCT,0,2491554
mhpRp2,0.05555555555555555,17,17,TAAGAGATTCTCTGGCCCGT,0,2487255
mhpRp2,0.05555555555555555,17,17,TAACAGTTCCTGCGCGAAGT,0,2517167
mhpRp2,0.05555555555555555,17,17,GTTTGGTTTGATTCGATTAG,0,2511050
mhpRp2,0.05555555555555555,17,17,GTTTGCTTTGTAGATATAAC,0,2491824
mhpRp2,0.05555555555555555,17,17,GTGTTTCGGGAGTATTAGAT,0,2538476
mhpRp2,0.05555555555555555,17,17,GTGTACTCCTTGCTACCTCA,0,2519341
mhpRp2,0.05555555555555555,17,17,GTGGGTGGCTCATCTAGCAA,0,2527062
mhpRp2,0.05555555555555555,17,17,GTGGGACATACGTGTGGTCA,0,2498425
mhpRp2,0.05555555555555555,17,17,GTGCGTACCCCCTGGTAGCG,0,2484428
mhpRp2,0.05555555555555555,17,17,GTGCGGCCAAGGCAACCTGC,0,2516110
mhpRp2,0.05555555555555555,17,17,GTGATCAGCGTCACGTTATT,0,2512143
mhpRp2,0.05555555555555555,17,17,GTCTTCTGGCGTGACTTTCT,0,2481237
mhpRp2,0.05555555555555555,17,17,GTCTGACAAAGTGGAAACGT,0,2500300
mhpRp2,0.05555555555555555,17,17,GTCGGTTTGAGGGTCATTTA,0,2522130
mhpRp2,0.05555555555555555,17,17,GTCCTACTCGTCGTAAGAGC,0,2506529
mhpRp2,0.05555555555555555,17,17,GTCAACTAGCCCGGTACATT,0,2483223
mhpRp2,0.05555555555555555,17,17,GTATGATGTTCTTCGGCTAG,0,2511495
mhpRp2,0.05555555555555555,17,17,GTATGACGAAAACAAGGGAT,0,2495134
mhpRp2,0.05555555555555555,17,17,GTATGAACGGGGACTTGCGC,0,2502149
mhpRp2,0.05555555555555555,17,17,GTAGTGGCAACGGAGCCTAG,0,2509594
mhpRp2,0.05555555555555555,17,17,GTACTGTTGTTCGTCACTCC,0,2532121
mhpRp2,0.05555555555555555,17,17,GTACGAAAAAACGACGTAAC,0,2518535
mhpRp2,0.05555555555555555,17,17,GTAATAACTCCCAGCAATGC,0,2509584
mhpRp2,0.05555555555555555,17,17,GGTTGCTTCCCGGGTTAGTT,0,2520847
mhpRp2,0.05555555555555555,17,17,GGTTGAGCTTCCAAGTAAAG,0,2536994
mhpRp2,0.05555555555555555,17,17,GGTTCGCGGCTAGGAGGTTA,0,2501527
mhpRp2,0.05555555555555555,17,17,GGTGAGTACCACAGATCGGT,0,2479564
mhpRp2,0.05555555555555555,17,17,GGTATGTTCGCACTCAATTG,0,2534092
mhpRp2,0.05555555555555555,17,17,GGGCGTCGGGTAAACCTCCT,0,2507354
mhpRp2,0.05555555555555555,17,17,GGGCACGCGCCAGAGGAAGT,0,2510428
mhpRp2,0.05555555555555555,17,17,GGGAATGCAAAGGCCTCGCC,0,2542196
mhpRp2,0.05555555555555555,17,17,GGGAACGCGGCACGCTTTAA,0,2539788
mhpRp2,0.05555555555555555,17,17,GGCGTAGCAATCCCAGTTAG,0,2508002
mhpRp2,0.05555555555555555,17,17,GGCGCGAGGTCGGATGGGTC,0,2543290
mhpRp2,0.05555555555555555,17,17,GGCGCAGTATACGAGAGGAT,0,2516873
mhpRp2,0.05555555555555555,17,17,GGCACAGGTTTGTGCAGAAG,0,2528613
mhpRp2,0.05555555555555555,17,17,GGCAATAGGCATACACCCAC,0,2531488
mhpRp2,0.05555555555555555,17,17,GGATTATGGGTTCAGAAGAA,0,2505552
mhpRp2,0.05555555555555555,17,17,GGATAGTCGGAGCTAGCTAC,0,2527881
mhpRp2,0.05555555555555555,17,17,GCTTTAACTCCGTCGTTTAG,0,2540140
mhpRp2,0.05555555555555555,17,17,GCTTAGGTACAGCCTCATTA,0,2526033
mhpRp2,0.05555555555555555,17,17,GCTGTTGACTCAGATACCTG,0,2505334
mhpRp2,0.05555555555555555,17,17,GCTGCTCCTTACAAACAAGG,0,2530748
mhpRp2,0.05555555555555555,17,17,GCTAACGTACATGAGCCGAT,0,2539071
mhpRp2,0.05555555555555555,17,17,GCGGTCGCAATCATCATGGA,0,2503898
mhpRp2,0.05555555555555555,17,17,GCGCTTGTGTTCAAGATCAC,0,2505707
mhpRp2,0.05555555555555555,17,17,GCGCGTAATGACAGTTTCCC,0,2506716
mhpRp2,0.05555555555555555,17,17,GCCTATTCCACTTTCTTGTC,0,2484814
mhpRp2,0.05555555555555555,17,17,GCCATCACCGCATCGACGAA,0,2494042
mhpRp2,0.05555555555555555,17,17,GCCATAGCAGACGGATTCGG,0,2503782
mhpRp2,0.05555555555555555,17,17,GCCACCGAACGGCACCTCGA,0,2513515
mhpRp2,0.05555555555555555,17,17,GCATCTACGCGTGTACAGAC,0,2504989
mhpRp2,0.05555555555555555,17,17,GCATACGACCGACAACAGAA,0,2485264
mhpRp2,0.05555555555555555,17,17,GCATAATGGTCTGTAGGGCA,0,2534621
mhpRp2,0.05555555555555555,17,17,GCAGTTCTCGAGATCACCTG,0,2536900
mhpRp2,0.05555555555555555,17,17,GCAGGGATAAGGGCGCGAAT,0,2530264
mhpRp2,0.05555555555555555,17,17,GCAGATTTAAAGGTGCTATC,0,2513997
mhpRp2,0.05555555555555555,17,17,GCAGAGTCATGGTGTTAGAT,0,2488308
mhpRp2,0.05555555555555555,17,17,GCAGACCGCAGCTGTTTTTT,0,2513770
mhpRp2,0.05555555555555555,17,17,GCACGGGCCGGAGTTGCTCG,0,2543275
mhpRp2,0.05555555555555555,17,17,GCAACTTTACTTAATTCCGC,0,2537316
mhpRp2,0.05555555555555555,17,17,GCAACAAACATGTCAGGCTA,0,2496223
mhpRp2,0.05555555555555555,17,17,GATTCGGAAGGTCCATTCTA,0,2486792
mhpRp2,0.05555555555555555,17,17,GATCACCGGCGGAGATGCCT,0,2507609
mhpRp2,0.05555555555555555,17,17,GAGTTCTTGACATTGCCGCT,0,2511699
mhpRp2,0.05555555555555555,17,17,GAGGGTTTTGTAGGAGCAAG,0,2499269
mhpRp2,0.05555555555555555,17,17,GAGGGCGGCTTTCGTCCCTT,0,2505804
mhpRp2,0.05555555555555555,17,17,GAGCAGATTTTCTAGTATTA,0,2525574
mhpRp2,0.05555555555555555,17,17,GAGCAGAGAAGCTGGAAACT,0,2518775
mhpRp2,0.05555555555555555,17,17,GAGCACGGTTATAGGCATTC,0,2525820
mhpRp2,0.05555555555555555,17,17,GAGATGGGCTAGCTCTATGT,0,2492402
mhpRp2,0.05555555555555555,17,17,GAGAGAAGACGCCACGTATG,0,2501102
mhpRp2,0.05555555555555555,17,17,GACGAGTCTCTCAGAGGAAG,0,2522712
mhpRp2,0.05555555555555555,17,17,GACATCACCTCACAACATGC,0,2505404
mhpRp2,0.05555555555555555,17,17,GAATCACTAATACCATAGGT,0,2539088
mhpRp2,0.05555555555555555,17,17,GAAGTATGTAGGCCACAAAC,0,2498550
mhpRp2,0.05555555555555555,17,17,GAAGTACGTATTGTTTAGTC,0,2509576
mhpRp2,0.05555555555555555,17,17,GAACAGACGGAAAACCGACG,0,2520175
mhpRp2,0.05555555555555555,17,17,GAAACTGGGCAGGCGATGAT,0,2523083
mhpRp2,0.05555555555555555,17,17,GAAACGAGCAGCGAATTCAC,0,2487895
mhpRp2,0.05555555555555555,17,17,CTTGCGCAGTGTAGTGTTGA,0,2526031
mhpRp2,0.05555555555555555,17,17,CTTCATATCGAGTGGACCAC,0,2502999
mhpRp2,0.05555555555555555,17,17,CTTACGTAGGCCCGAGGCTG,0,2503524
mhpRp2,0.05555555555555555,17,17,CTGTCTTAGGATAATAAGTC,0,2503708
mhpRp2,0.05555555555555555,17,17,CTGAACAGTACCGCCGAGTA,0,2508419
mhpRp2,0.05555555555555555,17,17,CTCGGAGCAACATGCGCGCA,0,2515720
mhpRp2,0.05555555555555555,17,17,CTCGCATAAACTTAGGATTC,0,2497609
mhpRp2,0.05555555555555555,17,17,CTCCTATTAAGTCGGCTCGT,0,2523378
mhpRp2,0.05555555555555555,17,17,CTATAAAGTTGACGGGAATA,0,2504527
mhpRp2,0.05555555555555555,17,17,CTAGCGCTGAGTAATGGGCA,0,2500556
mhpRp2,0.05555555555555555,17,17,CTAATCCATAGCACCACCCA,0,2518961
mhpRp2,0.05555555555555555,17,17,CGTTATCGGCAGACAGTGGC,0,2529634
mhpRp2,0.05555555555555555,17,17,CGTGTGTAAAAGATCGTAGA,0,2515148
mhpRp2,0.05555555555555555,17,17,CGTGGACGACTTAGTCGCGT,0,2542344
mhpRp2,0.05555555555555555,17,17,CGTGATTCCATCTAGGTCTC,0,2528234
mhpRp2,0.05555555555555555,17,17,CGTCGAGGCGACATGCAGCT,0,2509884
mhpRp2,0.05555555555555555,17,17,CGTCCCGGATATAACTGTTA,0,2516781
mhpRp2,0.05555555555555555,17,17,CGTATCAAGCAGGTAGTATG,0,2522083
mhpRp2,0.05555555555555555,17,17,CGTAATCTATTCTTATTCGA,0,2505757
mhpRp2,0.05555555555555555,17,17,CGGGTTACCGTTTGCTAGTA,0,2512793
mhpRp2,0.05555555555555555,17,17,CGGGTACAATCGTACGAAGT,0,2501645
mhpRp2,0.05555555555555555,17,17,CGGGCGCCATTCAGTCAGGC,0,2505366
mhpRp2,0.05555555555555555,17,17,CGGCAGATGGGCTACTCGGT,0,2491513
mhpRp2,0.05555555555555555,17,17,CGGACTTTTTTTGTCTAACA,0,2523625
mhpRp2,0.05555555555555555,17,17,CGGACTATCTACCTGTGGCA,0,2515476
mhpRp2,0.05555555555555555,17,17,CGGAACTGTTAGTGGAGTAC,0,2490973
mhpRp2,0.05555555555555555,17,17,CGCTATTTCTCTTCACGACT,0,2521690
mhpRp2,0.05555555555555555,17,17,CGCGTCACATTGAGCACTAC,0,2495389
mhpRp2,0.05555555555555555,17,17,CGCGGGACTAAACTCCTTGG,0,2534441
mhpRp2,0.05555555555555555,17,17,CGCGGCACGTGACACTTGCA,0,2530799
mhpRp2,0.05555555555555555,17,17,CGCCTTCACTCCGTTGTGGA,0,2521460
mhpRp2,0.05555555555555555,17,17,CGATGAATGATCTGCGGCTA,0,2492010
mhpRp2,0.05555555555555555,17,17,CGACAAACCAGTGCATAACA,0,2491302
mhpRp2,0.05555555555555555,17,17,CGAAGGCGCTCGTGAAGGCT,0,2509196
mhpRp2,0.05555555555555555,17,17,CGAAGCGGGTCGGAACGAGC,0,2488843
mhpRp2,0.05555555555555555,17,17,CCTTGGCTCTTATGGAAGGT,0,2498179
mhpRp2,0.05555555555555555,17,17,CCTGAGTCTGATGGTAAAAT,0,2516043
mhpRp2,0.05555555555555555,17,17,CCTCGTAACGCGCTTCGTTC,0,2524183
mhpRp2,0.05555555555555555,17,17,CCTCAGATCATACATACCCA,0,2503917
mhpRp2,0.05555555555555555,17,17,CCTACGGCCGACATGGTTGA,0,2486591
mhpRp2,0.05555555555555555,17,17,CCGTCAGCCACCGCGGAACC,0,2521555
mhpRp2,0.05555555555555555,17,17,CCGGGTGGCATGGCTAACTA,0,2479834
mhpRp2,0.05555555555555555,17,17,CCGCGGCTCACGTAAGGGAA,0,2481389
mhpRp2,0.05555555555555555,17,17,CCCTTACGCTCCCTCAAACA,0,2533055
mhpRp2,0.05555555555555555,17,17,CCCTCACGCCGTAACAGGAA,0,2522433
mhpRp2,0.05555555555555555,17,17,CCCGTGGCCAGTGCAGCATC,0,2545318
mhpRp2,0.05555555555555555,17,17,CCCGTCCGTTGATTAGGATA,0,2517012
mhpRp2,0.05555555555555555,17,17,CCCAGGCATAGCCCGTACCT,0,2534147
mhpRp2,0.05555555555555555,17,17,CCCAATCCAACCCATAGGTA,0,2495772
mhpRp2,0.05555555555555555,17,17,CCCAAAGATTGTAACTCGGC,0,2517175
mhpRp2,0.05555555555555555,17,17,CCATCCTCGGACTCTGCCAA,0,2481812
mhpRp2,0.05555555555555555,17,17,CCATAGGTTGGAAAGCATAT,0,2502391
mhpRp2,0.05555555555555555,17,17,CCAGCCTCCGATTTCCACTT,0,2514719
mhpRp2,0.05555555555555555,17,17,CCAATCGACTTGTGTGGCCA,0,2498979
mhpRp2,0.05555555555555555,17,17,CCAAGTTCCGTGAACCAGGA,0,2545576
mhpRp2,0.05555555555555555,17,17,CCAAGTGTATGAATCTTTGT,0,2522901
mhpRp2,0.05555555555555555,17,17,CATTGACTGTAGGTAATGAA,0,2483237
mhpRp2,0.05555555555555555,17,17,CATTAAGTTATGAGGGCTAG,0,2522797
mhpRp2,0.05555555555555555,17,17,CATGGGGTCCCGGCTCCCAC,0,2483201
mhpRp2,0.05555555555555555,17,17,CATACGGGTGTTCTTGGTAG,0,2536680
mhpRp2,0.05555555555555555,17,17,CATACCCTTGAACTCGACTC,0,2494425
mhpRp2,0.05555555555555555,17,17,CAGTACGTAGGGACAGTTAA,0,2512750
mhpRp2,0.05555555555555555,17,17,CACTGAGGGCTATACCCCGA,0,2500275
mhpRp2,0.05555555555555555,17,17,CACTACCTTGAACGATCAAT,0,2535839
mhpRp2,0.05555555555555555,17,17,CACGGGCTTGGAGCCCCGAA,0,2492054
mhpRp2,0.05555555555555555,17,17,CACCAACGTAGTTTCGTATG,0,2530484
mhpRp2,0.05555555555555555,17,17,CAAGGGATTTAAGTCCGATG,0,2492711
mhpRp2,0.05555555555555555,17,17,CAAGATCGACCAAAGCGGAC,0,2530550
mhpRp2,0.05555555555555555,17,17,CAACCACATAGGCGTATATG,0,2520528
mhpRp2,0.05555555555555555,17,17,CAAAAATGCAACAGCACTTC,0,2518631
mhpRp2,0.05555555555555555,17,17,CAAAAACACTATACTACGTC,0,2487583
mhpRp2,0.05555555555555555,17,17,ATTTGATTACAGCCGCATGA,0,2533150
mhpRp2,0.05555555555555555,17,17,ATTGCCGGTTGCGGCTGCGT,0,2518084
mhpRp2,0.05555555555555555,17,17,ATTGATGGACGATATAAATA,0,2544101
mhpRp2,0.05555555555555555,17,17,ATGTTATTCTTCATTTCCGC,0,2496908
mhpRp2,0.05555555555555555,17,17,ATGCTTCTTGAATGTATCCC,0,2484140
mhpRp2,0.05555555555555555,17,17,ATCTCTACCCCTTCACTTTG,0,2542309
mhpRp2,0.05555555555555555,17,17,ATCGAAGTTTCACGGGATTA,0,2526609
mhpRp2,0.05555555555555555,17,17,ATCCGTAGGCCTTCAAGGCT,0,2514575
mhpRp2,0.05555555555555555,17,17,ATCCCGTGAGGGTAAGGAAT,0,2535167
mhpRp2,0.05555555555555555,17,17,ATCATTTCGCGGCTCATGGC,0,2544128
mhpRp2,0.05555555555555555,17,17,ATCATAAGTGGAGGCTTATG,0,2489846
mhpRp2,0.05555555555555555,17,17,ATCAGCTACAAGCCCTTTGC,0,2519836
mhpRp2,0.05555555555555555,17,17,ATATGAGATCTTCACGAACG,0,2484801
mhpRp2,0.05555555555555555,17,17,ATAGTAAGCATATCATAATG,0,2491952
mhpRp2,0.05555555555555555,17,17,ATAGCTTGGTAATGGCCTAC,0,2527540
mhpRp2,0.05555555555555555,17,17,ATAGCACGCACTAAGAGTGG,0,2487480
mhpRp2,0.05555555555555555,17,17,ATAGCAAGTGCACCTATATG,0,2480917
mhpRp2,0.05555555555555555,17,17,ATAGCAACGGGAACCCCCTT,0,2509295
mhpRp2,0.05555555555555555,17,17,ATAACAAAGGATTGTAAGGG,0,2489657
mhpRp2,0.05555555555555555,17,17,AGTGGGTGCAATCCTTTTGT,0,2539564
mhpRp2,0.05555555555555555,17,17,AGTCTGTCACTTTAGTGGCT,0,2544930
mhpRp2,0.05555555555555555,17,17,AGTCGGTTAGCTTCAGGTTC,0,2522048
mhpRp2,0.05555555555555555,17,17,AGGTTTCAGGGTTTCGGGTG,0,2483945
mhpRp2,0.05555555555555555,17,17,AGGTTGTTCGGCGGAACAGG,0,2543181
mhpRp2,0.05555555555555555,17,17,AGGTACACGTTAGAGTTTTT,0,2507382
mhpRp2,0.05555555555555555,17,17,AGGGCAAGTGGGACAGGCCA,0,2511293
mhpRp2,0.05555555555555555,17,17,AGGATGATCTCTATCGTATA,0,2499014
mhpRp2,0.05555555555555555,17,17,AGGATCGTTAATTCGCGACT,0,2517165
mhpRp2,0.05555555555555555,17,17,AGGAAGTGGCTTGGAGGACA,0,2506329
mhpRp2,0.05555555555555555,17,17,AGCGGAGCTATAGGCGAGTC,0,2492347
mhpRp2,0.05555555555555555,17,17,AGCGCTTCTTGAATGACGTC,0,2533536
mhpRp2,0.05555555555555555,17,17,AGCGCTGCCCTCGATTCCGG,0,2516060
mhpRp2,0.05555555555555555,17,17,AGCCCCGCCAGTGACACAGG,0,2522439
mhpRp2,0.05555555555555555,17,17,AGCCATGCTGATGCCGTTCA,0,2504369
mhpRp2,0.05555555555555555,17,17,AGCAGTGAGGTTGTACTTGT,0,2500599
mhpRp2,0.05555555555555555,17,17,AGATGGAAGCATGTGTTCCA,0,2495956
mhpRp2,0.05555555555555555,17,17,AGATCACGCAACACCGGGGC,0,2489998
mhpRp2,0.05555555555555555,17,17,AGACTTCCCTAGCAAGATCA,0,2514092
mhpRp2,0.05555555555555555,17,17,AGACCGGGCAAACGGAGCTC,0,2542683
mhpRp2,0.05555555555555555,17,17,ACTTTCACTCGGGTCAGACA,0,2508908
mhpRp2,0.05555555555555555,17,17,ACTTCTGATGTGTGTGGCCT,0,2513827
mhpRp2,0.05555555555555555,17,17,ACTTCGATATAGCGGTTATG,0,2517874
mhpRp2,0.05555555555555555,17,17,ACTTAAGTTGAAATGCTATG,0,2487429
mhpRp2,0.05555555555555555,17,17,ACGTGTGAAGACCCCTATCA,0,2487248
mhpRp2,0.05555555555555555,17,17,ACGTGCTAGTCGCTCTGGTC,0,2518742
mhpRp2,0.05555555555555555,17,17,ACGTGCGAGTCGGTTGCATT,0,2507445
mhpRp2,0.05555555555555555,17,17,ACCTTTTACCCCGAACAGCA,0,2521216
mhpRp2,0.05555555555555555,17,17,ACCATGGGATTCTGAAGCGG,0,2523225
mhpRp2,0.05555555555555555,17,17,ACCATCGCCGGTTAAAAATA,0,2510178
mhpRp2,0.05555555555555555,17,17,ACATGTTAAATGTCTCAGGC,0,2521037
mhpRp2,0.05555555555555555,17,17,ACATCCAATCCCTTATGAAG,0,2513252
mhpRp2,0.05555555555555555,17,17,ACAGTGGCGCGGCGTAACCC,0,2513210
mhpRp2,0.05555555555555555,17,17,ACAGGCCCTAGCGGATTGTG,0,2511605
mhpRp2,0.05555555555555555,17,17,ACAGGAAACCATTCTGCTTA,0,2529000
mhpRp2,0.05555555555555555,17,17,ACAGCGAGCATTCGTCACAC,0,2482901
mhpRp2,0.05555555555555555,17,17,ACACTGCCGTGGTCGTTGGA,0,2481283
mhpRp2,0.05555555555555555,17,17,ACACAAATTGTTGTTAGGGT,0,2500691
mhpRp2,0.05555555555555555,17,17,AATTCGTGCTTAAACGTGCA,0,2506740
mhpRp2,0.05555555555555555,17,17,AATGTACTCGAATCTCGGAT,0,2517673
mhpRp2,0.05555555555555555,17,17,AATGATTTGTAAGAATCCCT,0,2500643
mhpRp2,0.05555555555555555,17,17,AATCTAGGAGGCACGCGTAT,0,2501436
mhpRp2,0.05555555555555555,17,17,AATACACACGCCGGAACTCA,0,2488665
mhpRp2,0.05555555555555555,17,17,AAGTCGGCGCTAGGGGCAGA,0,2511369
mhpRp2,0.05555555555555555,17,17,AAGGGTCAGCATAGCGAAAA,0,2508831
mhpRp2,0.05555555555555555,17,17,AAGGATCAGAATCTCGACAC,0,2487532
mhpRp2,0.05555555555555555,17,17,AACGGTGCTGAGCTTTAATG,0,2540638
mhpRp2,0.05555555555555555,17,17,AACGATGCAGGGTTACTTCA,0,2490395
mhpRp2,0.05555555555555555,17,17,AAATATCCCCGCAGCACTAT,0,2519701
mhpRp2,0.05555555555555555,17,17,AAACTGGCATCATTCTGGCT,0,2533087
mhpRp2,0.05555555555555555,17,17,AAACTCCACGCGGCCTATTT,0,2483660
mhpRp2,0.05555555555555555,17,17,AAAAGTCTCGGTCTGTATTC,0,2535883
mhpRp2,0.058823529411764705,16,16,TTTCAGGGTACGAATGTATA,0,2540644
mhpRp2,0.058823529411764705,16,16,TTGGAGAAACGTGTTGATGA,0,2490580
mhpRp2,0.058823529411764705,16,16,TTGAGAAGATTCGCAAGCAG,0,2498078
mhpRp2,0.058823529411764705,16,16,TTCTCAGAAGCATGGTATTG,0,2500970
mhpRp2,0.058823529411764705,16,16,TTCCCCATATGAATGCGTCA,0,2502308
mhpRp2,0.058823529411764705,16,16,TTCAGTCGTTGAACACCAGT,0,2539309
mhpRp2,0.058823529411764705,16,16,TTATGGACTCGTCATAGATA,0,2485870
mhpRp2,0.058823529411764705,16,16,TTAGCGCGGTCACTGGCTAG,0,2525998
mhpRp2,0.058823529411764705,16,16,TTAGCGAGGGGCGCCAGGGC,0,2529563
mhpRp2,0.058823529411764705,16,16,TTACTTTGAGCTTAAGTAAA,0,2523217
mhpRp2,0.058823529411764705,16,16,TTACGCCACGCCGTAAGTTC,0,2510822
mhpRp2,0.058823529411764705,16,16,TTACCTTAACGGGGCGTGCA,0,2542070
mhpRp2,0.058823529411764705,16,16,TTAAGATGAAGTAGGCTGAG,0,2508459
mhpRp2,0.058823529411764705,16,16,TGTTTGCAGTCGTCGCCAAC,0,2497297
mhpRp2,0.058823529411764705,16,16,TGTTGAGTTGAATGTTTTAT,0,2545539
mhpRp2,0.058823529411764705,16,16,TGTTCCGGGTCAGGGATGCA,0,2487705
mhpRp2,0.058823529411764705,16,16,TGTTACCTCTCGTCCCGACT,0,2525555
mhpRp2,0.058823529411764705,16,16,TGTGTGCCGCATATCCATCA,0,2515013
mhpRp2,0.058823529411764705,16,16,TGTGTAGGTTGACTGTTACT,0,2488659
mhpRp2,0.058823529411764705,16,16,TGTGCCTGTGTCTAGTCACT,0,2533489
mhpRp2,0.058823529411764705,16,16,TGTATACTGACTGTTCAGTA,0,2501137
mhpRp2,0.058823529411764705,16,16,TGTAAGAACATGAATGCCTT,0,2480925
mhpRp2,0.058823529411764705,16,16,TGGGGGACCAAGTTGCCGCA,0,2538178
mhpRp2,0.058823529411764705,16,16,TGGGATTTCTATCAAGTGTC,0,2521232
mhpRp2,0.058823529411764705,16,16,TGGCGCGGTTGGGGTTGCCC,0,2507859
mhpRp2,0.058823529411764705,16,16,TGGCCGAGACCGATTTTGTT,0,2544774
mhpRp2,0.058823529411764705,16,16,TGCTCTTGAGTTACCGGCTC,0,2487999
mhpRp2,0.058823529411764705,16,16,TGCGGAGGTAGAATCATCAC,0,2525139
mhpRp2,0.058823529411764705,16,16,TGCGCTGGTGCAGCTCTTGG,0,2501908
mhpRp2,0.058823529411764705,16,16,TGCCTGCAAGTAGGTCCGAC,0,2493471
mhpRp2,0.058823529411764705,16,16,TGATTTGCCGAGGATTTTGC,0,2491508
mhpRp2,0.058823529411764705,16,16,TGATATGACGTTCATTCAAT,0,2503566
mhpRp2,0.058823529411764705,16,16,TGAGTTGGCGTACAGGGTTA,0,2486382
mhpRp2,0.058823529411764705,16,16,TGAGGCAAAGCAAGTGTCGG,0,2508001
mhpRp2,0.058823529411764705,16,16,TGACGTTTTAGTAATTATGG,0,2532978
mhpRp2,0.058823529411764705,16,16,TGACCTGTGTAAATCGCTTA,0,2508087
mhpRp2,0.058823529411764705,16,16,TGACAATTGTTAATCCGGCT,0,2540075
mhpRp2,0.058823529411764705,16,16,TCTTTACCACATAACGACTA,0,2545176
mhpRp2,0.058823529411764705,16,16,TCTCGCACGTAGGCCGACCT,0,2533655
mhpRp2,0.058823529411764705,16,16,TCTCACGGTGGGATATCCCA,0,2512170
mhpRp2,0.058823529411764705,16,16,TCTATGCGGATTGAATTAAC,0,2539905
mhpRp2,0.058823529411764705,16,16,TCGTGTGGCGGCGTTGGACT,0,2540828
mhpRp2,0.058823529411764705,16,16,TCGGTTACCGAATAGGCGAC,0,2539982
mhpRp2,0.058823529411764705,16,16,TCGGGGGTCCTCTGGCGGAC,0,2527537
mhpRp2,0.058823529411764705,16,16,TCGGGATCGGATACACATCT,0,2497621
mhpRp2,0.058823529411764705,16,16,TCGGCTGCGGACGTTGCGAT,0,2528033
mhpRp2,0.058823529411764705,16,16,TCGCCCAAAGCCCATGACAC,0,2505858
mhpRp2,0.058823529411764705,16,16,TCGATTTATCAGCGCATTCG,0,2529211
mhpRp2,0.058823529411764705,16,16,TCGATGGCTTACACGTTCAA,0,2484893
mhpRp2,0.058823529411764705,16,16,TCGAGGCCCAGAGTTTTCGG,0,2520015
mhpRp2,0.058823529411764705,16,16,TCCTGCCCGGCGATGGGCTT,0,2535632
mhpRp2,0.058823529411764705,16,16,TCCGTCACTTAACTGTGGAA,0,2520819
mhpRp2,0.058823529411764705,16,16,TCCGGCTGCGACGCTAGATT,0,2507428
mhpRp2,0.058823529411764705,16,16,TCCCGACGGAGCAGCCCCTC,0,2520635
mhpRp2,0.058823529411764705,16,16,TCCACTAGGGTCGGATCCTG,0,2484788
mhpRp2,0.058823529411764705,16,16,TCCAACTATGATCGACTCAA,0,2481402
mhpRp2,0.058823529411764705,16,16,TCCAACCCGGTCAGACCGTC,0,2501699
mhpRp2,0.058823529411764705,16,16,TCATCACATTGTCCTGGAAG,0,2524147
mhpRp2,0.058823529411764705,16,16,TCATACTGCACCACCGGAAC,0,2515922
mhpRp2,0.058823529411764705,16,16,TCAGTGTACACTCTTATATC,0,2510175
mhpRp2,0.058823529411764705,16,16,TCAGTGAGTGTCTAGCCATT,0,2490066
mhpRp2,0.058823529411764705,16,16,TCACGCAAGTCCGACGTTTA,0,2531701
mhpRp2,0.058823529411764705,16,16,TCAAGAGCGTTTCCAGACAT,0,2482813
mhpRp2,0.058823529411764705,16,16,TCAAATAATGGGCTGAGGCA,0,2514235
mhpRp2,0.058823529411764705,16,16,TATGCTCACTGTAATACGAT,0,2503215
mhpRp2,0.058823529411764705,16,16,TATCTCGCCATCAGCGGACA,0,2480815
mhpRp2,0.058823529411764705,16,16,TAGGTACGTCGAGGCGTTTT,0,2534874
mhpRp2,0.058823529411764705,16,16,TAGCGTTATCCATTCATCGG,0,2483903
mhpRp2,0.058823529411764705,16,16,TACTGTGTCGTTATAAACTA,0,2541157
mhpRp2,0.058823529411764705,16,16,TACGAGCATGCTGCAACGAC,0,2506202
mhpRp2,0.058823529411764705,16,16,TACAGTCAATAAATTTGATC,0,2496441
mhpRp2,0.058823529411764705,16,16,TACACTCAGCAGATGTGGGT,0,2493523
mhpRp2,0.058823529411764705,16,16,TAAGTTACATAGTGGACAAT,0,2488332
mhpRp2,0.058823529411764705,16,16,TAAGGCTCCTATGTAGGTAA,0,2542323
mhpRp2,0.058823529411764705,16,16,TAAGGACTCGTATATGGCCC,0,2540281
mhpRp2,0.058823529411764705,16,16,TAAGCGTCCTATCGCTAATT,0,2482955
mhpRp2,0.058823529411764705,16,16,TAACCCAAGCGTGGGTAGAC,0,2486496
mhpRp2,0.058823529411764705,16,16,GTTCTCCTAGATACGTGCCA,0,2499348
mhpRp2,0.058823529411764705,16,16,GTTCTATAAGGACCACGCAG,0,2535534
mhpRp2,0.058823529411764705,16,16,GTTCAGACTGCGTTAAAGGA,0,2489128
mhpRp2,0.058823529411764705,16,16,GTTATTCCTGGGCCGGCAGT,0,2527341
mhpRp2,0.058823529411764705,16,16,GTTAACATACGATTTGCAAA,0,2506530
mhpRp2,0.058823529411764705,16,16,GTGTTGCGCGTAACCCTGAT,0,2506101
mhpRp2,0.058823529411764705,16,16,GTGCCACATAAACTCTCTAT,0,2483766
mhpRp2,0.058823529411764705,16,16,GTCTATCTGATATTGCGAAA,0,2533760
mhpRp2,0.058823529411764705,16,16,GTCCCATTGGTTATGCATGT,0,2489609
mhpRp2,0.058823529411764705,16,16,GTCAGTGTTCGGTTGCGATA,0,2504344
mhpRp2,0.058823529411764705,16,16,GTCACTTATCCGACTCTATC,0,2529559
mhpRp2,0.058823529411764705,16,16,GTCACCGGTACGGCTAGATC,0,2515625
mhpRp2,0.058823529411764705,16,16,GTCAATCAACAAGCGTAGGT,0,2498387
mhpRp2,0.058823529411764705,16,16,GTATCATTCCCATCCTGTAT,0,2514400
mhpRp2,0.058823529411764705,16,16,GTATAAATCGTAAAGATTAT,0,2504188
mhpRp2,0.058823529411764705,16,16,GTAGGGTATGTTGCCGCCAA,0,2535313
mhpRp2,0.058823529411764705,16,16,GTACATAGGTGCAGCAGAAC,0,2512523
mhpRp2,0.058823529411764705,16,16,GTAAAGACAACCCCCTTCAG,0,2480772
mhpRp2,0.058823529411764705,16,16,GGTTTATCTGAGTTAGGCTA,0,2481734
mhpRp2,0.058823529411764705,16,16,GGTTGGAGGTCACCATCCAC,0,2530172
mhpRp2,0.058823529411764705,16,16,GGTGATGCTCATTCGGCAGG,0,2488389
mhpRp2,0.058823529411764705,16,16,GGTCCTATGGCTCCTAGGAA,0,2540090
mhpRp2,0.058823529411764705,16,16,GGGTTAGTAGAAACTCGTGT,0,2516584
mhpRp2,0.058823529411764705,16,16,GGGTATGGACTTTGATTCGA,0,2501929
mhpRp2,0.058823529411764705,16,16,GGGGTGATTAGGGAGAACGT,0,2480051
mhpRp2,0.058823529411764705,16,16,GGGGCGATTTGGTGTCCTCA,0,2485401
mhpRp2,0.058823529411764705,16,16,GGGGCGATGACGATGGTGTG,0,2539128
mhpRp2,0.058823529411764705,16,16,GGGGATGATCTAGCTGGCTT,0,2480913
mhpRp2,0.058823529411764705,16,16,GGGCGGGCCGAGCTATTCTC,0,2526900
mhpRp2,0.058823529411764705,16,16,GGGCGCGCGCGGCAACTTGA,0,2511827
mhpRp2,0.058823529411764705,16,16,GGGATGGTGCGAGAAAATTT,0,2515151
mhpRp2,0.058823529411764705,16,16,GGCTCCGTGCACCCTATGTT,0,2542490
mhpRp2,0.058823529411764705,16,16,GGCTACAGCTGGTCGGATTA,0,2484816
mhpRp2,0.058823529411764705,16,16,GGCCTCGTTCGCCCCTTGAC,0,2503337
mhpRp2,0.058823529411764705,16,16,GGCATTTCAACCGTCGCGAT,0,2484542
mhpRp2,0.058823529411764705,16,16,GGAGCTAAATTGTTATTACA,0,2487802
mhpRp2,0.058823529411764705,16,16,GGACCTCGCGCAGTAAGCGT,0,2481941
mhpRp2,0.058823529411764705,16,16,GGACCGCACGCCTTGGTCAC,0,2491007
mhpRp2,0.058823529411764705,16,16,GGAAGCGTTTAGTCATTGCA,0,2513333
mhpRp2,0.058823529411764705,16,16,GGAACTTTCGGATGGATGTC,0,2500695
mhpRp2,0.058823529411764705,16,16,GGAAAAGATGCGCAGTCGAT,0,2533385
mhpRp2,0.058823529411764705,16,16,GCTTAAAAAACGGGTAAGTT,0,2541215
mhpRp2,0.058823529411764705,16,16,GCTGGAGACAGGCTTCAAAA,0,2493940
mhpRp2,0.058823529411764705,16,16,GCTGCTATATCAGTCATGCG,0,2523873
mhpRp2,0.058823529411764705,16,16,GCTGCGTCCGCCTTGAGCCT,0,2498049
mhpRp2,0.058823529411764705,16,16,GCTCGACGAGATACGCGATA,0,2543640
mhpRp2,0.058823529411764705,16,16,GCTCACAAGACCCCTAAGAA,0,2495449
mhpRp2,0.058823529411764705,16,16,GCTACAGCTACAAGGTTGCG,0,2536223
mhpRp2,0.058823529411764705,16,16,GCGTGTGTAAACGCAAATAA,0,2513959
mhpRp2,0.058823529411764705,16,16,GCGTATCAGTGTTTTTGATG,0,2531364
mhpRp2,0.058823529411764705,16,16,GCGTAAAAGATCCAGCAACG,0,2533330
mhpRp2,0.058823529411764705,16,16,GCGCCTCGTATCCACACTTT,0,2532713
mhpRp2,0.058823529411764705,16,16,GCGAGATGACTCCCACACGG,0,2536229
mhpRp2,0.058823529411764705,16,16,GCCTCTGCAAGATACAAGTT,0,2535847
mhpRp2,0.058823529411764705,16,16,GCATGATATCGTTCTGCATT,0,2522368
mhpRp2,0.058823529411764705,16,16,GCAGTCTCCCCAATATACTA,0,2522210
mhpRp2,0.058823529411764705,16,16,GCACCTACTTGCCTGCCCGC,0,2508352
mhpRp2,0.058823529411764705,16,16,GCACATCCTTTGCGCGTCCG,0,2523196
mhpRp2,0.058823529411764705,16,16,GCACAGCAGATTACGTTGAT,0,2480299
mhpRp2,0.058823529411764705,16,16,GATTCTCGTCTTGCCTTTCA,0,2498607
mhpRp2,0.058823529411764705,16,16,GATGTTATGGCATGTACTAT,0,2508117
mhpRp2,0.058823529411764705,16,16,GATCTGGCCGACGGGTAAGG,0,2494628
mhpRp2,0.058823529411764705,16,16,GATAGCTCCAGTTTGGTAGA,0,2485893
mhpRp2,0.058823529411764705,16,16,GATACAATATGTTTTTTAAC,0,2480570
mhpRp2,0.058823529411764705,16,16,GAGTCATGGGCGCAGTGACT,0,2521540
mhpRp2,0.058823529411764705,16,16,GAGGCGCAAATAGCGGGCGA,0,2524955
mhpRp2,0.058823529411764705,16,16,GAGGAATTTGATGTAGGAAA,0,2526895
mhpRp2,0.058823529411764705,16,16,GAGCATACCTATCCGAGAGT,0,2528502
mhpRp2,0.058823529411764705,16,16,GACTGGACTTGCTTGAATTC,0,2526860
mhpRp2,0.058823529411764705,16,16,GACTATGTGAAGCGCTCAAG,0,2510940
mhpRp2,0.058823529411764705,16,16,GACTACGGTTTACATCATAA,0,2508647
mhpRp2,0.058823529411764705,16,16,GACGTGGTCTGTATACAAAT,0,2539044
mhpRp2,0.058823529411764705,16,16,GACAGGAAGTGCTTGCTTTT,0,2542083
mhpRp2,0.058823529411764705,16,16,GACAAATTCCTATAAGCACG,0,2487914
mhpRp2,0.058823529411764705,16,16,GAATCGAACCGACAACGGGG,0,2498421
mhpRp2,0.058823529411764705,16,16,GAAGGCTTATTTAACAAGTC,0,2495442
mhpRp2,0.058823529411764705,16,16,CTTTTGCGTATGTCTCTACG,0,2492769
mhpRp2,0.058823529411764705,16,16,CTTGCTTGGTAAAGATGTAG,0,2499832
mhpRp2,0.058823529411764705,16,16,CTTGAACACTGCTTATTCTG,0,2509517
mhpRp2,0.058823529411764705,16,16,CTTCTATCCGGCCCCTCGAG,0,2501728
mhpRp2,0.058823529411764705,16,16,CTGTATGTATGTGCTACCAT,0,2489186
mhpRp2,0.058823529411764705,16,16,CTGTAGTCTCACATTACTTA,0,2495872
mhpRp2,0.058823529411764705,16,16,CTGGGTCCCATCACACTGAA,0,2505755
mhpRp2,0.058823529411764705,16,16,CTGCGTTCATATCTACCATC,0,2485409
mhpRp2,0.058823529411764705,16,16,CTGAGTCTCACTGACTGTCT,0,2495482
mhpRp2,0.058823529411764705,16,16,CTGACCACGATGGGCGTCTA,0,2530734
mhpRp2,0.058823529411764705,16,16,CTCTCTGGTATCAGTTAGAT,0,2522994
mhpRp2,0.058823529411764705,16,16,CTCCGGCAATTCCGCGGCAT,0,2507737
mhpRp2,0.058823529411764705,16,16,CTCCGCCATGTTAGCGCAAG,0,2542470
mhpRp2,0.058823529411764705,16,16,CTCCAGCCACATACACCAGA,0,2523215
mhpRp2,0.058823529411764705,16,16,CTCCAACAAAGGTCAATGTT,0,2524645
mhpRp2,0.058823529411764705,16,16,CTCAACCTAGTCACGGGGGA,0,2490865
mhpRp2,0.058823529411764705,16,16,CTATGGACCCAACGGTGTAT,0,2483008
mhpRp2,0.058823529411764705,16,16,CTAGCAGGTCTCTTTGACAT,0,2499183
mhpRp2,0.058823529411764705,16,16,CTACGTGAACGGTCATAGAT,0,2542631
mhpRp2,0.058823529411764705,16,16,CTACATGCCGAATTGGTGTT,0,2526414
mhpRp2,0.058823529411764705,16,16,CTACATCACGTTACATTATC,0,2535470
mhpRp2,0.058823529411764705,16,16,CTAAGAGAACGGCAAAGCTA,0,2490831
mhpRp2,0.058823529411764705,16,16,CGTTGGTAGGGCAGACTGGG,0,2522834
mhpRp2,0.058823529411764705,16,16,CGTTGGGGGAGTGCACAGTC,0,2519120
mhpRp2,0.058823529411764705,16,16,CGTCTGTCGTACGTCTCGAC,0,2490697
mhpRp2,0.058823529411764705,16,16,CGTCTATTAGATTCGGCCCC,0,2540823
mhpRp2,0.058823529411764705,16,16,CGTATTATACGAACAGATAT,0,2517054
mhpRp2,0.058823529411764705,16,16,CGTATACCGTTATCTTTTTT,0,2495020
mhpRp2,0.058823529411764705,16,16,CGTAGCGTGTGTAGTCGGTG,0,2503190
mhpRp2,0.058823529411764705,16,16,CGTAATTTTTTTTTTGAAGA,0,2535389
mhpRp2,0.058823529411764705,16,16,CGTAAGATTTCGGCCGTGCT,0,2503086
mhpRp2,0.058823529411764705,16,16,CGGTGGTAGCTTATTATGGC,0,2530765
mhpRp2,0.058823529411764705,16,16,CGGGGTAAGATACACATATT,0,2537744
mhpRp2,0.058823529411764705,16,16,CGGGAGACCCGGAAGCCGGG,0,2521803
mhpRp2,0.058823529411764705,16,16,CGGACCCGTACCATTGGGCT,0,2493786
mhpRp2,0.058823529411764705,16,16,CGCTGAAGGACGGCAGGGAT,0,2528772
mhpRp2,0.058823529411764705,16,16,CGCTCCTAGCCGGAGTGCGA,0,2504422
mhpRp2,0.058823529411764705,16,16,CGCTATTCTCTGCCATCGTC,0,2521463
mhpRp2,0.058823529411764705,16,16,CGCTATTAGCCTATAAATTA,0,2506143
mhpRp2,0.058823529411764705,16,16,CGCGTTACGCGTGGTGGGCA,0,2492308
mhpRp2,0.058823529411764705,16,16,CGCCTATCTCGGAACTCCTG,0,2527788
mhpRp2,0.058823529411764705,16,16,CGCCGGTCGTGGTACCTATA,0,2511651
mhpRp2,0.058823529411764705,16,16,CGCATGCTCCATCCTGACGC,0,2523812
mhpRp2,0.058823529411764705,16,16,CGCAGTCCGATCAAGGCAAG,0,2543113
mhpRp2,0.058823529411764705,16,16,CGCAGCGCGATCTCCTCGTT,0,2537649
mhpRp2,0.058823529411764705,16,16,CGATGTCGGGGAAGGACACA,0,2491086
mhpRp2,0.058823529411764705,16,16,CGATGATTCAACCCTCGCGC,0,2544218
mhpRp2,0.058823529411764705,16,16,CGAGTCCCAGCATTGGATAT,0,2531695
mhpRp2,0.058823529411764705,16,16,CGAGTATTCATTGTACCCGC,0,2531819
mhpRp2,0.058823529411764705,16,16,CGAGAGCCCGAACGGCTCGA,0,2544204
mhpRp2,0.058823529411764705,16,16,CGACTTGAAGCAGGGGGCAT,0,2517868
mhpRp2,0.058823529411764705,16,16,CGACGCTGCTCCAAGATATA,0,2517169
mhpRp2,0.058823529411764705,16,16,CGAATACGATTAGGGAAGCT,0,2539521
mhpRp2,0.058823529411764705,16,16,CGAAGCTGCATGGCGCTCGT,0,2544516
mhpRp2,0.058823529411764705,16,16,CGAACTGTGACGTGTGGCAT,0,2535930
mhpRp2,0.058823529411764705,16,16,CGAAATGGCCTCCCGTGGTA,0,2535790
mhpRp2,0.058823529411764705,16,16,CCTTTGTTTGATCACGTTCC,0,2523079
mhpRp2,0.058823529411764705,16,16,CCTTACCCTTCTGGCGGAAT,0,2523425
mhpRp2,0.058823529411764705,16,16,CCTGCAGCAGGCATCCTCAT,0,2544081
mhpRp2,0.058823529411764705,16,16,CCTCCTTCTAGGGATATGGA,0,2497149
mhpRp2,0.058823529411764705,16,16,CCTAGCCACAAATAGCGCAA,0,2499900
mhpRp2,0.058823529411764705,16,16,CCGTTCGAAGCCTTCGGCTC,0,2502590
mhpRp2,0.058823529411764705,16,16,CCGTGGATGCCACTTTGCAG,0,2499516
mhpRp2,0.058823529411764705,16,16,CCGTCTTCGATCTGAAATTC,0,2523750
mhpRp2,0.058823529411764705,16,16,CCGTCATGGCTCTATTTCAC,0,2509481
mhpRp2,0.058823529411764705,16,16,CCGATTCGTCTACAGGCGGT,0,2499523
mhpRp2,0.058823529411764705,16,16,CCCTACATGGCGCCGCCAGG,0,2535528
mhpRp2,0.058823529411764705,16,16,CCCGTCTAGGGGGGGATCGC,0,2532192
mhpRp2,0.058823529411764705,16,16,CCCGGTAGAGGCTATCGAGC,0,2498237
mhpRp2,0.058823529411764705,16,16,CCCGAGTTTGGCAATTGAGG,0,2504309
mhpRp2,0.058823529411764705,16,16,CCCCTGGGGAGTGACCGCCC,0,2519593
mhpRp2,0.058823529411764705,16,16,CCATGGCTAGAGAATTTAAG,0,2511477
mhpRp2,0.058823529411764705,16,16,CCATCGGAGAACATTGCTAC,0,2536763
mhpRp2,0.058823529411764705,16,16,CCACGAGAGAGAGCTGTGGC,0,2537603
mhpRp2,0.058823529411764705,16,16,CCACCGCGGTAGCTACGTCG,0,2518708
mhpRp2,0.058823529411764705,16,16,CCACAAAGCTCTTACCCGGT,0,2500086
mhpRp2,0.058823529411764705,16,16,CCAAAAAAAAACTGTGCCCT,0,2532325
mhpRp2,0.058823529411764705,16,16,CATTGTAGCATCTTATAGAA,0,2480916
mhpRp2,0.058823529411764705,16,16,CATTGGGGTAGTAGTAAGGG,0,2499742
mhpRp2,0.058823529411764705,16,16,CATTGCCCCCACCGTTCGTG,0,2483709
mhpRp2,0.058823529411764705,16,16,CATTGCAGGGTAAATGCAAA,0,2515312
mhpRp2,0.058823529411764705,16,16,CATTCGCTCTCTTTTCTCAA,0,2520791
mhpRp2,0.058823529411764705,16,16,CATGAGGGTTCGACTTGGTA,0,2489208
mhpRp2,0.058823529411764705,16,16,CATCTCTCGGAAGTGTGGGT,0,2511658
mhpRp2,0.058823529411764705,16,16,CATCTATGCGGGCCGAGTGA,0,2520180
mhpRp2,0.058823529411764705,16,16,CATCTACACGCCTGGCCAGG,0,2539542
mhpRp2,0.058823529411764705,16,16,CATCGATCATCCCGTTGATC,0,2539870
mhpRp2,0.058823529411764705,16,16,CATATGTAGCCCCACCTGGT,0,2527293
mhpRp2,0.058823529411764705,16,16,CAGGTCCTTCACTTAGCGAC,0,2496941
mhpRp2,0.058823529411764705,16,16,CAGGGGTGCATAAATATGTA,0,2517615
mhpRp2,0.058823529411764705,16,16,CAGGGGGTGTTTACCTCTGC,0,2510820
mhpRp2,0.058823529411764705,16,16,CAGGGAGAGGCCGAGTCCGC,0,2491827
mhpRp2,0.058823529411764705,16,16,CAGCGTACCCATGCAAGGCA,0,2497411
mhpRp2,0.058823529411764705,16,16,CACTCTGGCAGGGAGATGGG,0,2498169
mhpRp2,0.058823529411764705,16,16,CACGCCTTAAGTTAGTGCGG,0,2508365
mhpRp2,0.058823529411764705,16,16,CACACCCGTTCTGCTTTGCA,0,2489331
mhpRp2,0.058823529411764705,16,16,CACAACGTAAGGTCCTTTGA,0,2480007
mhpRp2,0.058823529411764705,16,16,CAATATTACTTTACGATACG,0,2491635
mhpRp2,0.058823529411764705,16,16,CAAGTTGAATTTTCTTATGT,0,2492546
mhpRp2,0.058823529411764705,16,16,CAAGGAAGGGCCGGCACGTT,0,2521342
mhpRp2,0.058823529411764705,16,16,CAACTTAAGAAGTCTCTCCA,0,2524375
mhpRp2,0.058823529411764705,16,16,CAAAGACTGCGGCGCGTATA,0,2504684
mhpRp2,0.058823529411764705,16,16,ATTTCGGTCGGATCGGATGC,0,2485851
mhpRp2,0.058823529411764705,16,16,ATTGGCTTGTGTGCACAAGG,0,2513955
mhpRp2,0.058823529411764705,16,16,ATTCCGTGGACTTACTAGAA,0,2500761
mhpRp2,0.058823529411764705,16,16,ATGTTGCGTTAGTTGTCCGT,0,2538370
mhpRp2,0.058823529411764705,16,16,ATGTAACGGTTCGCAAGGTA,0,2536848
mhpRp2,0.058823529411764705,16,16,ATGGAGAAACGCATTGACGC,0,2509516
mhpRp2,0.058823529411764705,16,16,ATGGACTGGTGACCGTAGAC,0,2531433
mhpRp2,0.058823529411764705,16,16,ATGCTTGCCTGGACACTATT,0,2490362
mhpRp2,0.058823529411764705,16,16,ATCGATGCTTAGGCGGATGT,0,2504753
mhpRp2,0.058823529411764705,16,16,ATCGATCTGCATCGCTCAAT,0,2538262
mhpRp2,0.058823529411764705,16,16,ATCGACCCACGGTAGTCAGT,0,2522824
mhpRp2,0.058823529411764705,16,16,ATCCGCTTTCCTATAACGAT,0,2500018
mhpRp2,0.058823529411764705,16,16,ATCCGCAACAACATAAGAGT,0,2510746
mhpRp2,0.058823529411764705,16,16,ATATGTCAGCTGATAGTTAC,0,2509510
mhpRp2,0.058823529411764705,16,16,ATATCTTAAGACCATTTTTT,0,2530601
mhpRp2,0.058823529411764705,16,16,ATAGGAGGGTCCTTTGGAGA,0,2527982
mhpRp2,0.058823529411764705,16,16,ATACTTACCACTTGACCGAA,0,2495505
mhpRp2,0.058823529411764705,16,16,ATACTACATGTGGGCTTACA,0,2510579
mhpRp2,0.058823529411764705,16,16,ATACATAAGTAGCACTTCAC,0,2543737
mhpRp2,0.058823529411764705,16,16,AGTTGCCAGGGACAGTTGTT,0,2492669
mhpRp2,0.058823529411764705,16,16,AGTTAATAGGCAATAAACAG,0,2512031
mhpRp2,0.058823529411764705,16,16,AGTGAGGAAAGGCCACGTCT,0,2523222
mhpRp2,0.058823529411764705,16,16,AGGTGGTCGCGCAATGGTGT,0,2490127
mhpRp2,0.058823529411764705,16,16,AGGTGCCGGTCGGCCGTCCA,0,2494663
mhpRp2,0.058823529411764705,16,16,AGGGGGTACATAATTCACTT,0,2505633
mhpRp2,0.058823529411764705,16,16,AGGGGCCTTGGATGTATATT,0,2526658
mhpRp2,0.058823529411764705,16,16,AGGGACCTGATTATAACTTA,0,2529431
mhpRp2,0.058823529411764705,16,16,AGGCAGAGAATTGATTTATT,0,2507861
mhpRp2,0.058823529411764705,16,16,AGGCACGCTTGACTGCCCCA,0,2481289
mhpRp2,0.058823529411764705,16,16,AGGAGACTTTAAACCCGGCG,0,2505753
mhpRp2,0.058823529411764705,16,16,AGCTGCATTCAAATCGATTT,0,2540811
mhpRp2,0.058823529411764705,16,16,AGCCCTCCTCGCAGGCATCA,0,2508616
mhpRp2,0.058823529411764705,16,16,AGATATTGCCTGTGAGAGTT,0,2503241
mhpRp2,0.058823529411764705,16,16,AGATAGCCGAAAAGATTGTG,0,2519053
mhpRp2,0.058823529411764705,16,16,AGACTTTACAACTATCTTAC,0,2501882
mhpRp2,0.058823529411764705,16,16,AGACTGGCGTGGTCAAGGGT,0,2522790
mhpRp2,0.058823529411764705,16,16,AGACTCTCTGAGTGCGGGCA,0,2516960
mhpRp2,0.058823529411764705,16,16,AGACAGCATCCCATGAGATT,0,2525895
mhpRp2,0.058823529411764705,16,16,AGAATCATCGGACTGTACGA,0,2502131
mhpRp2,0.058823529411764705,16,16,AGAAAGCGTATCCTTCCACT,0,2514602
mhpRp2,0.058823529411764705,16,16,AGAAAATGCGGGTAATGGAA,0,2531440
mhpRp2,0.058823529411764705,16,16,ACTTTTTCAGTGTGAACTTA,0,2544471
mhpRp2,0.058823529411764705,16,16,ACTTAGATCGTGACATGAGC,0,2545175
mhpRp2,0.058823529411764705,16,16,ACTCGATGTCAGCTCCGTGT,0,2539052
mhpRp2,0.058823529411764705,16,16,ACTAACTGGCGTCGGTTGCG,0,2507003
mhpRp2,0.058823529411764705,16,16,ACGGTTAATTAGACCAACCT,0,2487709
mhpRp2,0.058823529411764705,16,16,ACGGTAGCATGGAGGGCGAA,0,2493525
mhpRp2,0.058823529411764705,16,16,ACGGGGTAGGGACCCGCCGT,0,2507179
mhpRp2,0.058823529411764705,16,16,ACGGGAGCCCCTAGGCGGCC,0,2531066
mhpRp2,0.058823529411764705,16,16,ACGGACGGAGGCCTAGATTG,0,2512021
mhpRp2,0.058823529411764705,16,16,ACGCTACGGTCTTCCAGACT,0,2485334
mhpRp2,0.058823529411764705,16,16,ACGCGGGCCAAGCCACTTCT,0,2493656
mhpRp2,0.058823529411764705,16,16,ACGCGGCCGGGCTTACTCTT,0,2511926
mhpRp2,0.058823529411764705,16,16,ACGCCTTATCTCCTGAAGCC,0,2493850
mhpRp2,0.058823529411764705,16,16,ACGAAGATTAAATCTCCATT,0,2513561
mhpRp2,0.058823529411764705,16,16,ACCGACGACTGACGAAAAGG,0,2523515
mhpRp2,0.058823529411764705,16,16,ACCCCGAGTAAGGTTCGCGT,0,2486831
mhpRp2,0.058823529411764705,16,16,ACCCAATCCTTGTTTCGTTG,0,2517100
mhpRp2,0.058823529411764705,16,16,ACCAAAGCTCACCGGTGTAC,0,2542115
mhpRp2,0.058823529411764705,16,16,ACAGTTAATTGAGACCGAAG,0,2500645
mhpRp2,0.058823529411764705,16,16,ACAGTATCAGATCGACCGAA,0,2507674
mhpRp2,0.058823529411764705,16,16,ACAAGGGCTCTAGAAACTGA,0,2484812
mhpRp2,0.058823529411764705,16,16,AATCGCTCACGGTGCTCTGG,0,2539885
mhpRp2,0.058823529411764705,16,16,AAGTGTGCGGCCTCATGGGT,0,2521583
mhpRp2,0.058823529411764705,16,16,AAGTATTACATGCAAGGTAA,0,2506533
mhpRp2,0.058823529411764705,16,16,AAGTATATTGGTATGTATGA,0,2545180
mhpRp2,0.058823529411764705,16,16,AAGGTCCTGTCTCCACTCTT,0,2502739
mhpRp2,0.058823529411764705,16,16,AAGGGTAATATTTTACACAT,0,2533926
mhpRp2,0.058823529411764705,16,16,AAGGCCACCGTGTTCCAGGG,0,2498694
mhpRp2,0.058823529411764705,16,16,AAGCGTAACAATACTCAGTA,0,2496307
mhpRp2,0.058823529411764705,16,16,AACTGGAGAGTCAGGAACAT,0,2524248
mhpRp2,0.058823529411764705,16,16,AACTCTGGACCTTGCGCTGA,0,2496600
mhpRp2,0.058823529411764705,16,16,AACGCGAAGAACGCGATGTA,0,2487106
mhpRp2,0.058823529411764705,16,16,AACCGCAGTGGGCATGTAAT,0,2541577
mhpRp2,0.058823529411764705,16,16,AACATACCGATACGACCAGC,0,2536048
mhpRp2,0.058823529411764705,16,16,AACAGATGCTCGTCACCTCC,0,2481234
mhpRp2,0.058823529411764705,16,16,AACAAGTGTTTTCAAGCAAA,0,2519304
mhpRp2,0.058823529411764705,16,16,AAATGTGGCGTAATTTATCG,0,2512612
mhpRp2,0.058823529411764705,16,16,AAAGGGTATCGCCCAGCCAT,0,2511817
mhpRp2,0.0625,15,15,TTTTCATTCACCTGTGATTA,0,2537925
mhpRp2,0.0625,15,15,TTTGGGATACGAGGTGGGAA,0,2500472
mhpRp2,0.0625,15,15,TTTGAGCATTCGATTGATCT,0,2537110
mhpRp2,0.0625,15,15,TTTCTTGATGAGGCGTCATG,0,2542277
mhpRp2,0.0625,15,15,TTTCTGCTAAGGTATTGGAC,0,2483482
mhpRp2,0.0625,15,15,TTTAGTGGTAGATGACACGG,0,2508790
mhpRp2,0.0625,15,15,TTTAGAGCTACTCAATGCTA,0,2481810
mhpRp2,0.0625,15,15,TTGTTTGTTACGTGGCCATA,0,2504480
mhpRp2,0.0625,15,15,TTGTTTACAGGGTTCAGGGT,0,2502515
mhpRp2,0.0625,15,15,TTGTTACTCCGAATTCCGAT,0,2540788
mhpRp2,0.0625,15,15,TTGTGTCGGGTGCGGAACGT,0,2518484
mhpRp2,0.0625,15,15,TTGTGACAAGTAAAGTTAGA,0,2498355
mhpRp2,0.0625,15,15,TTGGAATTATTTAGCTACGG,0,2530320
mhpRp2,0.0625,15,15,TTGCGGAGATATTTGCTCGG,0,2534322
mhpRp2,0.0625,15,15,TTGAACTTTGATAAAGGGGA,0,2539353
mhpRp2,0.0625,15,15,TTCTAAGAGACCCAATTTGC,0,2508407
mhpRp2,0.0625,15,15,TTCGCATTCGCTTAAATTTC,0,2504713
mhpRp2,0.0625,15,15,TTCGATCGTTGAGATCCGGA,0,2516583
mhpRp2,0.0625,15,15,TTCGACTAAAGAGCATTTGT,0,2539389
mhpRp2,0.0625,15,15,TTCCACGTTATAAGTTAGCT,0,2482351
mhpRp2,0.0625,15,15,TTATTTTTATCCCGAAGTTT,0,2518977
mhpRp2,0.0625,15,15,TTATGCCTTTGTACAGCCAA,0,2482982
mhpRp2,0.0625,15,15,TTAGGGTACCCGTCCGGCAA,0,2529059
mhpRp2,0.0625,15,15,TTAGCAAATGGACTATCACA,0,2490255
mhpRp2,0.0625,15,15,TTAATCTACGCGCTATGAGT,0,2539056
mhpRp2,0.0625,15,15,TTAACTCGTTGAGATTAAAA,0,2508984
mhpRp2,0.0625,15,15,TGTTGGGCGTCCCAAAATCC,0,2499672
mhpRp2,0.0625,15,15,TGTGTAACCTGTACGTCAAA,0,2482538
mhpRp2,0.0625,15,15,TGTGGGATTCCCAATTAGCA,0,2509891
mhpRp2,0.0625,15,15,TGTGATTTGATAGAGCGAGA,0,2502137
mhpRp2,0.0625,15,15,TGTCGTTACGCTACGTTGTG,0,2518847
mhpRp2,0.0625,15,15,TGTCCAGCCTATACCACAAT,0,2545691
mhpRp2,0.0625,15,15,TGTCAGGAGGGTATATCGGT,0,2489425
mhpRp2,0.0625,15,15,TGTACTATTATGTCGAGCGA,0,2506414
mhpRp2,0.0625,15,15,TGGGTTAATTCCCGTGACTC,0,2499801
mhpRp2,0.0625,15,15,TGGGTCCAATCGAGATTCGA,0,2519889
mhpRp2,0.0625,15,15,TGGGTCAGGCAAAAGATCGC,0,2528972
mhpRp2,0.0625,15,15,TGGGCCGGACCTAGCATAGC,0,2510485
mhpRp2,0.0625,15,15,TGGCCGCAGCATCCGTGTTT,0,2490615
mhpRp2,0.0625,15,15,TGGCCATTAGCCAACTGAGT,0,2532449
mhpRp2,0.0625,15,15,TGGATTCGAAGGCACGTCTT,0,2530872
mhpRp2,0.0625,15,15,TGGAGTGCGTTTTCGCAACT,0,2506490
mhpRp2,0.0625,15,15,TGGAGGGGGTATTCTGCATT,0,2483365
mhpRp2,0.0625,15,15,TGGAGCTCATCCGACGGTTA,0,2488098
mhpRp2,0.0625,15,15,TGGAAGTTGATTACTACTTG,0,2541842
mhpRp2,0.0625,15,15,TGCTGCACAGTTCTGACGTA,0,2507852
mhpRp2,0.0625,15,15,TGCTCCAGGTTTATTCCAGT,0,2509346
mhpRp2,0.0625,15,15,TGCTAGGATAGATACTTCAA,0,2543055
mhpRp2,0.0625,15,15,TGCGGCCTCGCAATAATATA,0,2494085
mhpRp2,0.0625,15,15,TGCGCTCGGTGATCAGAGGG,0,2483998
mhpRp2,0.0625,15,15,TGCCGCCCCTCGCGCTAAGA,0,2479703
mhpRp2,0.0625,15,15,TGAGACACTCCCCCTCAGCT,0,2543787
mhpRp2,0.0625,15,15,TGACTGGTGAAGGGCCACAA,0,2514124
mhpRp2,0.0625,15,15,TGACCCATAGATCCTTGTTA,0,2493020
mhpRp2,0.0625,15,15,TCTTATCTCGACGGGAAGGC,0,2535586
mhpRp2,0.0625,15,15,TCTGCTATTGTATGTTGAAT,0,2536556
mhpRp2,0.0625,15,15,TCTGATGGTATAGACAATAA,0,2514298
mhpRp2,0.0625,15,15,TCTCGTTAGGCAGTAGCACC,0,2532270
mhpRp2,0.0625,15,15,TCTCAGCAGAAGGTCTCCGA,0,2500076
mhpRp2,0.0625,15,15,TCTACAGATTCTGTAAAATT,0,2483362
mhpRp2,0.0625,15,15,TCTAAGCTGGGTCGCTGGAG,0,2506086
mhpRp2,0.0625,15,15,TCTAAGATCCTCTATCCCGG,0,2505591
mhpRp2,0.0625,15,15,TCGTTCCTCCCTGAGAGCGT,0,2479789
mhpRp2,0.0625,15,15,TCGGTGAACACGTGTATTAC,0,2488655
mhpRp2,0.0625,15,15,TCGGATGAGGTCCAAATAGT,0,2485967
mhpRp2,0.0625,15,15,TCGACAGCATACTAAAGCTT,0,2500582
mhpRp2,0.0625,15,15,TCCGTCTCTGACTTCGGTAA,0,2487108
mhpRp2,0.0625,15,15,TCCGGTATCCGCTACTGGCT,0,2521949
mhpRp2,0.0625,15,15,TCCGGATCACATATTGCTAG,0,2515959
mhpRp2,0.0625,15,15,TCCGCTACAATGGCCCCCTC,0,2542240
mhpRp2,0.0625,15,15,TCCCCTCCGGAATGTCGGGG,0,2494738
mhpRp2,0.0625,15,15,TCCAGAATCCCCAATGAGTA,0,2502796
mhpRp2,0.0625,15,15,TCATTGGCTTAATACAAGAG,0,2544010
mhpRp2,0.0625,15,15,TCAGCCATTAACATGGATTG,0,2502011
mhpRp2,0.0625,15,15,TCAGAGTGGCACGGTCTCTC,0,2535666
mhpRp2,0.0625,15,15,TCAATAGCAGTGTGTTTCTT,0,2511874
mhpRp2,0.0625,15,15,TCAACTCTCCCCGGATTTCA,0,2513562
mhpRp2,0.0625,15,15,TATGTGTGATTCGAAATGCC,0,2513059
mhpRp2,0.0625,15,15,TATGCCCCGGACACCACGGC,0,2508555
mhpRp2,0.0625,15,15,TATGATTAGAGTACACAGCT,0,2523201
mhpRp2,0.0625,15,15,TATCGCCAGTTTGTTGGGTC,0,2501170
mhpRp2,0.0625,15,15,TATCGAGGATTAATCAGGCA,0,2484862
mhpRp2,0.0625,15,15,TAGGCCTTCGAAGTGTACTC,0,2535963
mhpRp2,0.0625,15,15,TAGGACCGTAGACGCTTGGA,0,2544122
mhpRp2,0.0625,15,15,TAGCTCGAGGGCTTCCCGTA,0,2484856
mhpRp2,0.0625,15,15,TAGCACCTTCGCTCAAGACC,0,2513746
mhpRp2,0.0625,15,15,TAGCAACGCTGCCTCAACTG,0,2505972
mhpRp2,0.0625,15,15,TAGATGGAATCGAAATAAAC,0,2503099
mhpRp2,0.0625,15,15,TACTGGTCGTCTCCAAGACA,0,2513106
mhpRp2,0.0625,15,15,TACGGGGTCCTGGGCAGTAC,0,2498467
mhpRp2,0.0625,15,15,TACCCTCTCTATTTAGTGAA,0,2482453
mhpRp2,0.0625,15,15,TACCATGACAATCGAGTCAC,0,2531892
mhpRp2,0.0625,15,15,TAATGGATAACAAATGAAGT,0,2530091
mhpRp2,0.0625,15,15,TAATGAGAACGGCGACGAGG,0,2483059
mhpRp2,0.0625,15,15,TAATCTGCTTTGTGCCCTCG,0,2520690
mhpRp2,0.0625,15,15,TAATAAGGCAGCCATGGAAT,0,2508369
mhpRp2,0.0625,15,15,TAAGTGACATATACCTCCAA,0,2500818
mhpRp2,0.0625,15,15,TAACCCGCTGAAATGCAGAG,0,2537507
mhpRp2,0.0625,15,15,TAAAGAGTAATCTGGCAGTT,0,2541162
mhpRp2,0.0625,15,15,TAAACCAGTATGGATACATG,0,2540851
mhpRp2,0.0625,15,15,TAAAAGTCATCAGTGTCCAT,0,2529577
mhpRp2,0.0625,15,15,GTTCGACAATGCTGTACAAA,0,2502907
mhpRp2,0.0625,15,15,GTTCCGGAGCGCCGTCCAGT,0,2523882
mhpRp2,0.0625,15,15,GTTAGGCGGCCCGCGAGCCT,0,2491422
mhpRp2,0.0625,15,15,GTGTCCACTGTAGGTCAAAA,0,2489889
mhpRp2,0.0625,15,15,GTGGGCCTTGACAGGAGCGA,0,2516507
mhpRp2,0.0625,15,15,GTGGAAACGGATGGAGTCTT,0,2534229
mhpRp2,0.0625,15,15,GTGATTAACGGTTTTCAGGA,0,2532274
mhpRp2,0.0625,15,15,GTGATGAGAAACCTACGTTG,0,2524491
mhpRp2,0.0625,15,15,GTGAGTATCGTTTAGCAAGA,0,2513062
mhpRp2,0.0625,15,15,GTGAACTGCCTAAAGGCGAT,0,2482502
mhpRp2,0.0625,15,15,GTCCTTTAAGTCCAGGTCTA,0,2543037
mhpRp2,0.0625,15,15,GTCCGTATCGGTTTGGGAGC,0,2480405
mhpRp2,0.0625,15,15,GTCCGAAAGTGATCGGGGCA,0,2483010
mhpRp2,0.0625,15,15,GTATGAATATAATATTCTCA,0,2487659
mhpRp2,0.0625,15,15,GTATCCTTGCTGTATCCGAC,0,2488761
mhpRp2,0.0625,15,15,GTAGTGGCAGCGCGGTGAAC,0,2503497
mhpRp2,0.0625,15,15,GTAGTGAGGTTTCGAGGATC,0,2493568
mhpRp2,0.0625,15,15,GTACGTTCGCGGCAGTAGCT,0,2535627
mhpRp2,0.0625,15,15,GTAAAATCCGCCCGATGCTT,0,2504576
mhpRp2,0.0625,15,15,GGTTACGGGCAGACTACGAT,0,2518648
mhpRp2,0.0625,15,15,GGTGTGGTTGGCGTTTTCCC,0,2531620
mhpRp2,0.0625,15,15,GGTGGGTAGTCCCCCCGCGG,0,2502248
mhpRp2,0.0625,15,15,GGTAACTTCAAAAGCTTTTA,0,2485874
mhpRp2,0.0625,15,15,GGGTTTGACCATCTCGGGAA,0,2493553
mhpRp2,0.0625,15,15,GGGTTGTTCGCAGATTACTT,0,2516063
mhpRp2,0.0625,15,15,GGGTTATGGGTTATATTTCA,0,2495839
mhpRp2,0.0625,15,15,GGGTGAGCCTCAATCAAGCA,0,2511733
mhpRp2,0.0625,15,15,GGGTGAATGAGAATCCGGGA,0,2490814
mhpRp2,0.0625,15,15,GGGTCCTTCCTTCTAAGATA,0,2488974
mhpRp2,0.0625,15,15,GGGTATGGGTCGCCTTCTTA,0,2530537
mhpRp2,0.0625,15,15,GGGGTGGACTCTACCCTGAG,0,2543394
mhpRp2,0.0625,15,15,GGGGTCCTGGGTATTGAGTT,0,2494244
mhpRp2,0.0625,15,15,GGGGCTTTTGTTTTTACAAT,0,2483098
mhpRp2,0.0625,15,15,GGGGCGAACCCTTTAGGGGT,0,2481623
mhpRp2,0.0625,15,15,GGCGGGCTGGATGTGTGTAG,0,2507483
mhpRp2,0.0625,15,15,GGCGCTAGGCCAGAATCCTC,0,2515880
mhpRp2,0.0625,15,15,GGCCTGTCCTGCCATACTTG,0,2516418
mhpRp2,0.0625,15,15,GGCCTATGTGAAGCCTCTTT,0,2538431
mhpRp2,0.0625,15,15,GGCCTAGGCCTATTTTCCTT,0,2520592
mhpRp2,0.0625,15,15,GGATCGTGGTCCTCTACGTG,0,2534206
mhpRp2,0.0625,15,15,GGATATTTACTTCAATGCGT,0,2522671
mhpRp2,0.0625,15,15,GGAGGAACCGGCATGCGATG,0,2523904
mhpRp2,0.0625,15,15,GGACCTCGAAATCTTGTTAG,0,2494810
mhpRp2,0.0625,15,15,GCTTAGGACGACGCAGTGCG,0,2487402
mhpRp2,0.0625,15,15,GCTTAATCCAGGGGAGCGTT,0,2535708
mhpRp2,0.0625,15,15,GCTGGTCTACGTCGTGCGGA,0,2535028
mhpRp2,0.0625,15,15,GCTGACGGAGGGGACCCGCT,0,2537170
mhpRp2,0.0625,15,15,GCTGAATATATGGAGTATGA,0,2541256
mhpRp2,0.0625,15,15,GCTCGTTCCACGCGAGAAAC,0,2536329
mhpRp2,0.0625,15,15,GCTCCCCCTCACGCGACTCC,0,2504675
mhpRp2,0.0625,15,15,GCTCCAGGATTTAATGAAGT,0,2543779
mhpRp2,0.0625,15,15,GCTCAGACGATTCGGTCAAC,0,2523486
mhpRp2,0.0625,15,15,GCTATGTCGGGGGATATCCT,0,2482171
mhpRp2,0.0625,15,15,GCTATCTATTCTACGGATCT,0,2534258
mhpRp2,0.0625,15,15,GCGTCTTCACGTTACTCGGG,0,2482722
mhpRp2,0.0625,15,15,GCGGTAGACGTGCGATAAAT,0,2541177
mhpRp2,0.0625,15,15,GCGGGTCGGCGAGGCTTATC,0,2533090
mhpRp2,0.0625,15,15,GCGGATCGGATCCCAAAGCG,0,2543178
mhpRp2,0.0625,15,15,GCGCCCTTTCCTGACAATCT,0,2500298
mhpRp2,0.0625,15,15,GCGATTATGTTCCTCGGAGG,0,2487832
mhpRp2,0.0625,15,15,GCGAAGGCACGCCATGTGCC,0,2494415
mhpRp2,0.0625,15,15,GCCTGGGCAGTCTTCTATGT,0,2498040
mhpRp2,0.0625,15,15,GCCTGCGCTTCAGGGCGATT,0,2502806
mhpRp2,0.0625,15,15,GCCGCCCATCCGGCTCATAC,0,2515856
mhpRp2,0.0625,15,15,GCCCCGGTAAAGGTTCCAGT,0,2495765
mhpRp2,0.0625,15,15,GCAGGTTGAGCGTTCATATG,0,2503372
mhpRp2,0.0625,15,15,GCACTAATCAATTCGGGCCA,0,2543700
mhpRp2,0.0625,15,15,GCACGAGGATCGGGAATAGA,0,2538716
mhpRp2,0.0625,15,15,GCACGAGCGGTAGATGCTGC,0,2513658
mhpRp2,0.0625,15,15,GCAATTTAGGCTAAATCTAT,0,2543392
mhpRp2,0.0625,15,15,GCAAGACCTCTTACAGTCCA,0,2544336
mhpRp2,0.0625,15,15,GATCTGGAGCAGGGAACTGT,0,2500520
mhpRp2,0.0625,15,15,GATCCAGCTCGAGAGGGGTC,0,2545536
mhpRp2,0.0625,15,15,GAGTTGAAGGTGGCGGTGTC,0,2523934
mhpRp2,0.0625,15,15,GAGTTAGATGCTACGCCATT,0,2498551
mhpRp2,0.0625,15,15,GAGGGGCGGATTCAAGAGAA,0,2505333
mhpRp2,0.0625,15,15,GAGCGTTGTGCCGCTCAGAC,0,2488972
mhpRp2,0.0625,15,15,GACTGCAATGGTCTCGCTAC,0,2535554
mhpRp2,0.0625,15,15,GACGGGGAGCGTAGGTTGCG,0,2481978
mhpRp2,0.0625,15,15,GACGACATAGCAGTCGGGGT,0,2488029
mhpRp2,0.0625,15,15,GACCTCATCGGATTAAGCGG,0,2518584
mhpRp2,0.0625,15,15,GAAGGTCTACCTATCCATCA,0,2534417
mhpRp2,0.0625,15,15,GAACCGCGGGTGGTGCAATT,0,2540118
mhpRp2,0.0625,15,15,GAAATTTAGGGGCTTAATTC,0,2501120
mhpRp2,0.0625,15,15,GAAATGTCGTCGCCGGTTCT,0,2517919
mhpRp2,0.0625,15,15,GAAATGCCTATTATTGAGGT,0,2489275
mhpRp2,0.0625,15,15,GAAAGGTTATGGCTACTATT,0,2528719
mhpRp2,0.0625,15,15,GAAAGGAGTTCCTAACGAAG,0,2494735
mhpRp2,0.0625,15,15,GAAAGCTGCAGTTGTGGCCT,0,2508490
mhpRp2,0.0625,15,15,CTTTTGGGTATTAGTACGCC,0,2544636
mhpRp2,0.0625,15,15,CTTTTGGGACTTCTGTCGGA,0,2502217
mhpRp2,0.0625,15,15,CTTTCAAGCGGAACGACGCT,0,2484208
mhpRp2,0.0625,15,15,CTTGATCGGATGTGAGAGGT,0,2501577
mhpRp2,0.0625,15,15,CTTCTTCTTAAGGGTGGCAA,0,2513458
mhpRp2,0.0625,15,15,CTTCGGTAGAAGCGCGGCCT,0,2538818
mhpRp2,0.0625,15,15,CTTCCCGTGTATCTAATTAC,0,2517535
mhpRp2,0.0625,15,15,CTTCAGCGATACCAAAGCGT,0,2516361
mhpRp2,0.0625,15,15,CTTACATGAACTTTGAGATG,0,2516923
mhpRp2,0.0625,15,15,CTTAATACCTCTGGGGGCCT,0,2518712
mhpRp2,0.0625,15,15,CTTAATAATTTATGATAATT,0,2498833
mhpRp2,0.0625,15,15,CTGTCATAATATGGAGAACT,0,2529661
mhpRp2,0.0625,15,15,CTGGTGCGAGGCCATAGTCT,0,2480482
mhpRp2,0.0625,15,15,CTGGGTAGCTATAGCAGCCT,0,2481507
mhpRp2,0.0625,15,15,CTGGGGATCAGTCCGAGACA,0,2500048
mhpRp2,0.0625,15,15,CTGGGATCCACTGTTCATGA,0,2501376
mhpRp2,0.0625,15,15,CTGGGAGCTTACCGCACCCC,0,2504986
mhpRp2,0.0625,15,15,CTGCGATGTCCGGTGCGGTA,0,2482500
mhpRp2,0.0625,15,15,CTCTTGGCTCTGGTGGGGCT,0,2506850
mhpRp2,0.0625,15,15,CTCTTCAGAAGGCGAAACCT,0,2536693
mhpRp2,0.0625,15,15,CTCTGGCGATGGCTCTTTGA,0,2526793
mhpRp2,0.0625,15,15,CTCTGCTGTCGTTCACGCAA,0,2524217
mhpRp2,0.0625,15,15,CTCTCCCATGCATTACATGG,0,2533659
mhpRp2,0.0625,15,15,CTCGAGAACCCCCTGTTCTA,0,2485223
mhpRp2,0.0625,15,15,CTCGAAGCGTCATCCACTGA,0,2532461
mhpRp2,0.0625,15,15,CTCCTACGCTCAGCAGCCAA,0,2527690
mhpRp2,0.0625,15,15,CTAGTTAACTCCAGGCGCTA,0,2491619
mhpRp2,0.0625,15,15,CTAGGTCGCGTGTCCCTACG,0,2487112
mhpRp2,0.0625,15,15,CTAGAATGGACCGCGACCAA,0,2492132
mhpRp2,0.0625,15,15,CTACTGTCAAGGTCGGCTCT,0,2512754
mhpRp2,0.0625,15,15,CTACTATGTACTACGCAATT,0,2481399
mhpRp2,0.0625,15,15,CTAATTTAAGGTGCCCCAAG,0,2502936
mhpRp2,0.0625,15,15,CTAATCGGTACCTTACGAGT,0,2512942
mhpRp2,0.0625,15,15,CTAATCAATGTGTCTCAGGT,0,2494560
mhpRp2,0.0625,15,15,CTAACTCTAACGTGGTTAAG,0,2536469
mhpRp2,0.0625,15,15,CTAACACAGATTAGAGAGCT,0,2524379
mhpRp2,0.0625,15,15,CGTTTTGGCCTCAGGCATGC,0,2530224
mhpRp2,0.0625,15,15,CGTGTTAGGCGGGTTCGGGA,0,2489684
mhpRp2,0.0625,15,15,CGTGCGAGAGTATCAGGAGT,0,2484040
mhpRp2,0.0625,15,15,CGTGATCATCAGGCCGATTC,0,2514125
mhpRp2,0.0625,15,15,CGTCAAGCGCCCTCGCCCCC,0,2511102
mhpRp2,0.0625,15,15,CGTACTTCGACAAAGGCCCG,0,2535097
mhpRp2,0.0625,15,15,CGGTTGGCTAGTTGTGGGTA,0,2540666
mhpRp2,0.0625,15,15,CGGGTTTAAGTACAAGCAGG,0,2508919
mhpRp2,0.0625,15,15,CGGGTACACTAACGGGCTGC,0,2527700
mhpRp2,0.0625,15,15,CGGCAGTGGGAAAGTTGATG,0,2487275
mhpRp2,0.0625,15,15,CGGCAAGATCCTTTCGCAGA,0,2484860
mhpRp2,0.0625,15,15,CGGATGCCGGTCTATACCGT,0,2508298
mhpRp2,0.0625,15,15,CGGAATGGAATACAGAGGTA,0,2534518
mhpRp2,0.0625,15,15,CGGAACGGTTTTCTGAAAGA,0,2524772
mhpRp2,0.0625,15,15,CGCGCGGACCTCCTTCGGGT,0,2501310
mhpRp2,0.0625,15,15,CGCGAATCGGTGTTCACTAA,0,2490774
mhpRp2,0.0625,15,15,CGCCTCTCGAGTGACGGAGA,0,2517380
mhpRp2,0.0625,15,15,CGCCGGTGGCGTGGTGGCTA,0,2487834
mhpRp2,0.0625,15,15,CGCACTCCAACCGCAGAGAT,0,2516386
mhpRp2,0.0625,15,15,CGCAATTGTGAAGCGACGCT,0,2486885
mhpRp2,0.0625,15,15,CGATGTGGCAACGCAATGCT,0,2499275
mhpRp2,0.0625,15,15,CGATCACTGGCACGGCGGAA,0,2524952
mhpRp2,0.0625,15,15,CGAGTTTACTACAACGGGGC,0,2482248
mhpRp2,0.0625,15,15,CGAGGGACGGCATAGCTCCG,0,2495218
mhpRp2,0.0625,15,15,CGAGCCGCTATAGCGCCATG,0,2540519
mhpRp2,0.0625,15,15,CGACTACTGTCCCTAGAAAT,0,2507926
mhpRp2,0.0625,15,15,CGACAGCCGACGCCGGGATC,0,2528367
mhpRp2,0.0625,15,15,CGAATAGGTCTCGGCTAGCT,0,2518860
mhpRp2,0.0625,15,15,CGAAGTCTTTTGCTTTGAAT,0,2502963
mhpRp2,0.0625,15,15,CGAAGGTAAGCCCGGCGGGA,0,2503991
mhpRp2,0.0625,15,15,CGAACGGGATCAGAGGGCGA,0,2510280
mhpRp2,0.0625,15,15,CGAACAAAGGGAGAAAATAA,0,2485122
mhpRp2,0.0625,15,15,CCTTCGTACGGGTGATAATC,0,2521220
mhpRp2,0.0625,15,15,CCTGCTAGGGACCATTAAAT,0,2520073
mhpRp2,0.0625,15,15,CCTGAAGGCTGAGGGTACCG,0,2517271
mhpRp2,0.0625,15,15,CCTGAAGGCGTCATGACAAA,0,2479635
mhpRp2,0.0625,15,15,CCGTCATCAGCTCCGGAATA,0,2488172
mhpRp2,0.0625,15,15,CCGTAGGAAGTTAGGTTTTA,0,2495681
mhpRp2,0.0625,15,15,CCGGGTTTTGGACTTAAATG,0,2509827
mhpRp2,0.0625,15,15,CCGGATTCGAAGTCACGTGC,0,2518818
mhpRp2,0.0625,15,15,CCGCTAGTTTCACACTTTCT,0,2492152
mhpRp2,0.0625,15,15,CCGCTACTGTATGTCTGACA,0,2523528
mhpRp2,0.0625,15,15,CCGCGCCAAATACGGGTCAT,0,2488378
mhpRp2,0.0625,15,15,CCGCATTACTACTAGAGAAG,0,2509939
mhpRp2,0.0625,15,15,CCGCACCTAGGACATACCGT,0,2535981
mhpRp2,0.0625,15,15,CCCTACACTCCACTAGGCTA,0,2510515
mhpRp2,0.0625,15,15,CCCGCTGCTATAAGTGTGCC,0,2489414
mhpRp2,0.0625,15,15,CCCGCCCGGGTAATCCCACA,0,2494474
mhpRp2,0.0625,15,15,CCCGAGGTGCCCCGTGATAT,0,2534313
mhpRp2,0.0625,15,15,CCATAGGGTAATTAATCAAT,0,2496443
mhpRp2,0.0625,15,15,CCATAGGGGTGGACCAACGA,0,2501409
mhpRp2,0.0625,15,15,CCATACACTGACTTCCCATT,0,2494788
mhpRp2,0.0625,15,15,CCAGAGTCGAGAGTCTGTGT,0,2519000
mhpRp2,0.0625,15,15,CCAAGGACGGATTGGGAAGC,0,2540563
mhpRp2,0.0625,15,15,CCAAAAGCACCGTAGTAGCG,0,2512426
mhpRp2,0.0625,15,15,CATGCTTGGTCCACAATTCA,0,2481878
mhpRp2,0.0625,15,15,CATGCGGGGCGAGCAACAGT,0,2528221
mhpRp2,0.0625,15,15,CATAGGCTTCTGTTCGGCAT,0,2535817
mhpRp2,0.0625,15,15,CATAAACGCGCCAAAGTGTC,0,2527699
mhpRp2,0.0625,15,15,CAGTTTACGCTGCCCCGGAC,0,2503599
mhpRp2,0.0625,15,15,CAGGTTTAAGCGATATGTCA,0,2521427
mhpRp2,0.0625,15,15,CAGGTCCTTGAGGTGCACAA,0,2531454
mhpRp2,0.0625,15,15,CAGGTAGTATTGGTTACTCA,0,2502298
mhpRp2,0.0625,15,15,CAGGCTCTGGGTGGATCTCA,0,2482466
mhpRp2,0.0625,15,15,CAGCTGAGCCGCTAACACCC,0,2519141
mhpRp2,0.0625,15,15,CAGATGTTCTCAACCTTTAA,0,2501472
mhpRp2,0.0625,15,15,CAGAACCACTGTTCCCCTTC,0,2524803
mhpRp2,0.0625,15,15,CACCCTTCCGAAGATGCGGA,0,2493096
mhpRp2,0.0625,15,15,CACACGCCAGCCCGGTATGA,0,2504834
mhpRp2,0.0625,15,15,CAATAAGAAGCAGTGTACAT,0,2517924
mhpRp2,0.0625,15,15,CAAGCCGCAGAACAAACTCT,0,2534297
mhpRp2,0.0625,15,15,CAAGCCACTTCGCCCGGAAC,0,2501273
mhpRp2,0.0625,15,15,CAACGTAGCCAACCGCCGAT,0,2542964
mhpRp2,0.0625,15,15,CAACGCAGGGGCGGACCGGA,0,2506417
mhpRp2,0.0625,15,15,CAAACGTGCGGGCAAGGAAC,0,2489015
mhpRp2,0.0625,15,15,CAAACGGTATTTTCAGTGCT,0,2496653
mhpRp2,0.0625,15,15,ATTTTTTCTTCACTGAGTAG,0,2523840
mhpRp2,0.0625,15,15,ATTGATTCACTGGACATGGC,0,2479946
mhpRp2,0.0625,15,15,ATTATGGGGACCGATGGCAT,0,2488658
mhpRp2,0.0625,15,15,ATTAGAATGTGCACTCCAAC,0,2544928
mhpRp2,0.0625,15,15,ATGTGTTGAGCACGCCAAGA,0,2543834
mhpRp2,0.0625,15,15,ATGGTGAGCGGCTTACCAAT,0,2488294
mhpRp2,0.0625,15,15,ATGGTAAATAAGGCGAAGTT,0,2485547
mhpRp2,0.0625,15,15,ATGGGAAGTTTCTCTGGATT,0,2533095
mhpRp2,0.0625,15,15,ATGGCCACCACGGGGTTTAT,0,2544328
mhpRp2,0.0625,15,15,ATGATTTGTACAAACCAATA,0,2498975
mhpRp2,0.0625,15,15,ATCTGCGCATCTCGCTCGGT,0,2479805
mhpRp2,0.0625,15,15,ATCGTGTTAGAACCCTGTCC,0,2520016
mhpRp2,0.0625,15,15,ATCGGCTAAAAAGTTTTTCT,0,2488311
mhpRp2,0.0625,15,15,ATCAGCTTCCAGATACAACG,0,2506847
mhpRp2,0.0625,15,15,ATATTAAACTACACGGCCTT,0,2503544
mhpRp2,0.0625,15,15,ATATGAACTTTACGCTAGGT,0,2526987
mhpRp2,0.0625,15,15,ATAGCATTACCAAAGGATGC,0,2501765
mhpRp2,0.0625,15,15,ATACGTTGGACTAGCTACAA,0,2545708
mhpRp2,0.0625,15,15,ATACAAAAGGGGGTTAATTT,0,2520531
mhpRp2,0.0625,15,15,ATAAAGCCAGCTTGCCTAGA,0,2528630
mhpRp2,0.0625,15,15,AGTTGTAAGATCTGACAACG,0,2524420
mhpRp2,0.0625,15,15,AGTGGTAGCTAGGGTCCTGC,0,2479562
mhpRp2,0.0625,15,15,AGTCGCGAAAGCGCTTTAGT,0,2503719
mhpRp2,0.0625,15,15,AGGTAATGGGAGCAAATCGT,0,2508231
mhpRp2,0.0625,15,15,AGGCTTCCTATGATTGACAA,0,2525308
mhpRp2,0.0625,15,15,AGGCTTCAACACATCGTAGT,0,2538353
mhpRp2,0.0625,15,15,AGGCAAGTTTAACTTTGTGG,0,2523248
mhpRp2,0.0625,15,15,AGGAAGATACTTCGGTGGTG,0,2495993
mhpRp2,0.0625,15,15,AGCTTCGTTGAATTGTATAA,0,2540893
mhpRp2,0.0625,15,15,AGCGGGATTCTGGGGGAAGG,0,2505052
mhpRp2,0.0625,15,15,AGCCAATAGCCAAAGGCGGA,0,2504035
mhpRp2,0.0625,15,15,AGCATAGATCTTGTGAGTGT,0,2520540
mhpRp2,0.0625,15,15,AGCAAGCATATGGAGTAGAA,0,2538164
mhpRp2,0.0625,15,15,AGATGCCCCCAAAATTATGC,0,2543800
mhpRp2,0.0625,15,15,AGAGTTTTCAGTTTAATCCA,0,2545589
mhpRp2,0.0625,15,15,AGACAGTATGAACAGGTCCC,0,2486931
mhpRp2,0.0625,15,15,AGAAGCAGACACCCGGCCAC,0,2486327
mhpRp2,0.0625,15,15,AGAAATCTAAGATCCCTACC,0,2486048
mhpRp2,0.0625,15,15,AGAAACTGTAGGTACCTTAG,0,2502222
mhpRp2,0.0625,15,15,ACTTAAACTTCGAGGCCGCA,0,2513382
mhpRp2,0.0625,15,15,ACTCGAGCTCTTGTCTCAGG,0,2544540
mhpRp2,0.0625,15,15,ACTCGACTTCTTGATGGATT,0,2506191
mhpRp2,0.0625,15,15,ACTATCCCATGCGTGGGATC,0,2521044
mhpRp2,0.0625,15,15,ACGTTCATCGGACATAGGCG,0,2539857
mhpRp2,0.0625,15,15,ACGCTATTGCCAGAAAACCG,0,2493870
mhpRp2,0.0625,15,15,ACGCGTCAGGGTATCAATAC,0,2483909
mhpRp2,0.0625,15,15,ACGCCTGGCGGAGCGCTTAT,0,2535927
mhpRp2,0.0625,15,15,ACGCATTACGAGAGATGAGG,0,2513969
mhpRp2,0.0625,15,15,ACGATGACGGCATATTATCG,0,2484943
mhpRp2,0.0625,15,15,ACCTACCAGAGTGTGGTGGA,0,2495726
mhpRp2,0.0625,15,15,ACATGTGCCTACAGAGCACA,0,2482418
mhpRp2,0.0625,15,15,ACATCCCTTTTGTTTCCGAA,0,2513482
mhpRp2,0.0625,15,15,ACAGGATTGCCGTAGAATGT,0,2492570
mhpRp2,0.0625,15,15,ACAGCTCTGTACTATGCACC,0,2491300
mhpRp2,0.0625,15,15,ACAGCATACATATGTAGACG,0,2502398
mhpRp2,0.0625,15,15,ACAGAACCTCCAGGGCGTGC,0,2499472
mhpRp2,0.0625,15,15,ACACGCAGTTGGCAGATGAG,0,2502478
mhpRp2,0.0625,15,15,ACACATGGTGCCGCTCTCAC,0,2490539
mhpRp2,0.0625,15,15,ACAACTTTGTCGGTGACGAG,0,2479906
mhpRp2,0.0625,15,15,AATTATCTCAGAGCTCTTAT,0,2490753
mhpRp2,0.0625,15,15,AATGGTTCGTGGATTTACAA,0,2539595
mhpRp2,0.0625,15,15,AATGGTCTTAGTCCGGTTCC,0,2494705
mhpRp2,0.0625,15,15,AATGGCGGTGAGCTCAACAC,0,2500994
mhpRp2,0.0625,15,15,AATCTGCTAGGTGTACTTAA,0,2522198
mhpRp2,0.0625,15,15,AATCCCGAGAGACTGGACAA,0,2544047
mhpRp2,0.0625,15,15,AATCCACAAAGACGTAACGA,0,2524282
mhpRp2,0.0625,15,15,AATCACGTAATAGTATATTC,0,2522519
mhpRp2,0.0625,15,15,AATAACATGTTTAAAGCCAG,0,2534654
mhpRp2,0.0625,15,15,AAGGACTATTCGGTCAGCAG,0,2527810
mhpRp2,0.0625,15,15,AAGCGGGTGACTTTTTGAAA,0,2485125
mhpRp2,0.0625,15,15,AAGCGCACCGAGGATCGGAG,0,2479799
mhpRp2,0.0625,15,15,AAGAATACCTAATGAACTGT,0,2508672
mhpRp2,0.0625,15,15,AAGAAAGAATGGGGGACCGC,0,2530583
mhpRp2,0.0625,15,15,AACTGGGCTGCTTCGAGGCT,0,2521867
mhpRp2,0.0625,15,15,AACGCCGCCACTGGACTACT,0,2504151
mhpRp2,0.0625,15,15,AACATCGGTGACATCAGAAG,0,2541073
mhpRp2,0.0625,15,15,AAATGGAGCTATCGACGGCG,0,2500208
mhpRp2,0.0625,15,15,AAAGGCTAAAGCACCTCTAA,0,2537640
mhpRp2,0.0625,15,15,AAAGCGGTTTAAAAGAGAAG,0,2540661
mhpRp2,0.0625,15,15,AAACTGGAGACTTGTCATTT,0,2494740
mhpRp2,0.0625,15,15,AAAAGCACTCAGCCTTTAAA,0,2542491
mhpRp2,0.0625,15,15,AAAAGATTTTCAAGTTCGGC,0,2479579
mhpRp2,0.06666666666666667,14,14,TTTTTAGAGTCTTAAATAGT,0,2521944
mhpRp2,0.06666666666666667,14,14,TTTTCAACGTGAAAACGTTT,0,2518951
mhpRp2,0.06666666666666667,14,14,TTTGTATTGCCCTGCGGTTC,0,2525536
mhpRp2,0.06666666666666667,14,14,TTTGACCATACATAAAGGTC,0,2527728
mhpRp2,0.06666666666666667,14,14,TTTCCCCAAGCAGACAAAGT,0,2516372
mhpRp2,0.06666666666666667,14,14,TTTCAGACAGCAATAGCACC,0,2519929
mhpRp2,0.06666666666666667,14,14,TTGTCCCTACGTTGGCACTG,0,2525906
mhpRp2,0.06666666666666667,14,14,TTGTACTCAGAGAAATGCCT,0,2522959
mhpRp2,0.06666666666666667,14,14,TTGGTTTGGTTCATTCGTAA,0,2496349
mhpRp2,0.06666666666666667,14,14,TTGGTATTGCATAACTGGAA,0,2519263
mhpRp2,0.06666666666666667,14,14,TTGGCAGGTCCGTGCTTAGG,0,2488028
mhpRp2,0.06666666666666667,14,14,TTGCTTTGAGATCCCTCTAT,0,2493726
mhpRp2,0.06666666666666667,14,14,TTGACCTGGGACATCAATAT,0,2507434
mhpRp2,0.06666666666666667,14,14,TTCTGATAAGTTATGCTTCA,0,2516659
mhpRp2,0.06666666666666667,14,14,TTCTCTAGAGGGTGCACTGG,0,2487749
mhpRp2,0.06666666666666667,14,14,TTCTCATCGAGATAGGGTGG,0,2492589
mhpRp2,0.06666666666666667,14,14,TTCGCACCTTCGTCATACTA,0,2530749
mhpRp2,0.06666666666666667,14,14,TTCCATGCGGTCTCCAGAGT,0,2495363
mhpRp2,0.06666666666666667,14,14,TTCATTTTCATTTCGGTTTT,0,2495063
mhpRp2,0.06666666666666667,14,14,TTACGGTCGCGCGAGTTTGG,0,2523352
mhpRp2,0.06666666666666667,14,14,TTAAGCACACGTTCAACGCT,0,2522490
mhpRp2,0.06666666666666667,14,14,TTAAAAACTGTTATCGCAAA,0,2539603
mhpRp2,0.06666666666666667,14,14,TGTTTAGGGTTTTCTTAACG,0,2493838
mhpRp2,0.06666666666666667,14,14,TGTTCTTTAAATCGCAACAA,0,2524632
mhpRp2,0.06666666666666667,14,14,TGTGTACTCGCAATCACTGG,0,2504036
mhpRp2,0.06666666666666667,14,14,TGTCTAACGCCTAAGTACCT,0,2510251
mhpRp2,0.06666666666666667,14,14,TGTATAAATCGTGGTGCTAT,0,2536819
mhpRp2,0.06666666666666667,14,14,TGTAGGGTAAGTTGCCTAGT,0,2526610
mhpRp2,0.06666666666666667,14,14,TGTACCCGGAGGCGGGTGTA,0,2499324
mhpRp2,0.06666666666666667,14,14,TGTAATTTGGATTGCCGCCA,0,2538156
mhpRp2,0.06666666666666667,14,14,TGGTTTGTTACTCAAGTCCC,0,2481401
mhpRp2,0.06666666666666667,14,14,TGGTGTTGTTGTTAACGACT,0,2544488
mhpRp2,0.06666666666666667,14,14,TGGTCAATAATGCGATGCGA,0,2493521
mhpRp2,0.06666666666666667,14,14,TGGGTGGATTGTACACAGAG,0,2499352
mhpRp2,0.06666666666666667,14,14,TGGGTAGCGATGAGGCAACG,0,2525957
mhpRp2,0.06666666666666667,14,14,TGGGTAGAGGTGTAAGCCTC,0,2529051
mhpRp2,0.06666666666666667,14,14,TGGGTAAAACTTATTCGACC,0,2506904
mhpRp2,0.06666666666666667,14,14,TGGGGGGGCGTCAAGCTTAT,0,2527489
mhpRp2,0.06666666666666667,14,14,TGGCCAGCGAGGGTGTGTAG,0,2533652
mhpRp2,0.06666666666666667,14,14,TGGAGGGGGAGAGCACTGAC,0,2500757
mhpRp2,0.06666666666666667,14,14,TGGAGGACGGGTAAGTTCCA,0,2488114
mhpRp2,0.06666666666666667,14,14,TGGAATAAACGACTTATAGC,0,2522485
mhpRp2,0.06666666666666667,14,14,TGCTTATGGCCGCTAGAATC,0,2519215
mhpRp2,0.06666666666666667,14,14,TGCGCTGTGATCCGGTAATT,0,2544612
mhpRp2,0.06666666666666667,14,14,TGCGAAGGCGCTAATCAGTG,0,2506025
mhpRp2,0.06666666666666667,14,14,TGCCTGCTCCGAGGTAGGGT,0,2480429
mhpRp2,0.06666666666666667,14,14,TGCCCTTAGACTAGCAGAAG,0,2508353
mhpRp2,0.06666666666666667,14,14,TGCCATTGATAAGCGAAGCG,0,2495397
mhpRp2,0.06666666666666667,14,14,TGCCAATATGTGAGATTGGG,0,2505805
mhpRp2,0.06666666666666667,14,14,TGCAGGGGTCTACGCTTCAT,0,2516115
mhpRp2,0.06666666666666667,14,14,TGCACTTAGTCACCATCTTC,0,2486617
mhpRp2,0.06666666666666667,14,14,TGATCCCTGTCACCCGGGCA,0,2515509
mhpRp2,0.06666666666666667,14,14,TGATAGTATGGCCGGCGAGA,0,2533583
mhpRp2,0.06666666666666667,14,14,TGAGGCTGCCTTCTTCATTT,0,2488410
mhpRp2,0.06666666666666667,14,14,TGACCGCGGTAAGGCATCCT,0,2513209
mhpRp2,0.06666666666666667,14,14,TGAATGTGGTGCTGGCGAAC,0,2487114
mhpRp2,0.06666666666666667,14,14,TGAACTACGACCCTCATTTC,0,2480560
mhpRp2,0.06666666666666667,14,14,TCTTTCGCCTGAGTTTAGTG,0,2483586
mhpRp2,0.06666666666666667,14,14,TCTTGACCCTCTCCCCACAC,0,2526329
mhpRp2,0.06666666666666667,14,14,TCTTCACCCTCTAGAATGGT,0,2481753
mhpRp2,0.06666666666666667,14,14,TCTGTTCCCTGTACATCAAT,0,2537407
mhpRp2,0.06666666666666667,14,14,TCTCGCTAATCTACTTAAAT,0,2543531
mhpRp2,0.06666666666666667,14,14,TCTATATGTCTTGAATCCAG,0,2504572
mhpRp2,0.06666666666666667,14,14,TCTAGAGCTTACACACGGCA,0,2493903
mhpRp2,0.06666666666666667,14,14,TCGTGTCTATGACGCGCTTG,0,2513133
mhpRp2,0.06666666666666667,14,14,TCGTGACTAGCATAGCGAAC,0,2486439
mhpRp2,0.06666666666666667,14,14,TCGTAGGCGTCACGCTCGGT,0,2512703
mhpRp2,0.06666666666666667,14,14,TCGGTAATACGACATGTCAA,0,2508969
mhpRp2,0.06666666666666667,14,14,TCGGGCTGGCAAACTTTCTA,0,2499656
mhpRp2,0.06666666666666667,14,14,TCGGATATAGGGTACGGTCA,0,2493298
mhpRp2,0.06666666666666667,14,14,TCGCCACAGGGAATAATCTT,0,2483555
mhpRp2,0.06666666666666667,14,14,TCCCCGTAATAATGGTTAAT,0,2522061
mhpRp2,0.06666666666666667,14,14,TCCCAAGCCCCATATCTCGG,0,2537642
mhpRp2,0.06666666666666667,14,14,TCATGGGAGGTGGGTTAAAA,0,2536458
mhpRp2,0.06666666666666667,14,14,TCATCCTGGCGATTATCTAC,0,2510816
mhpRp2,0.06666666666666667,14,14,TCAGGAACCGTACCGGTTAT,0,2525406
mhpRp2,0.06666666666666667,14,14,TCACGGCCTATGAAGGTAGC,0,2541079
mhpRp2,0.06666666666666667,14,14,TCAAATAGGGCATGGTTCTG,0,2542372
mhpRp2,0.06666666666666667,14,14,TCAAAGGCGAGTAGGGATAT,0,2540492
mhpRp2,0.06666666666666667,14,14,TATCACCCAATTTACTACAT,0,2519574
mhpRp2,0.06666666666666667,14,14,TATATTGGCACGTACCCATG,0,2504482
mhpRp2,0.06666666666666667,14,14,TAGGTACAAGGCTCCTGGCG,0,2529564
mhpRp2,0.06666666666666667,14,14,TAGGGGCTTTCGTCGCGGGG,0,2524212
mhpRp2,0.06666666666666667,14,14,TAGGCGTAGTCGGAAGCTGT,0,2509983
mhpRp2,0.06666666666666667,14,14,TAGCCGTCGGATCAGGCTTG,0,2536918
mhpRp2,0.06666666666666667,14,14,TAGCAGTCCAACTTCTGTAA,0,2499865
mhpRp2,0.06666666666666667,14,14,TAGAATTCACAATCGTTGAA,0,2533356
mhpRp2,0.06666666666666667,14,14,TACGTACTTGCTATCTTTCA,0,2487751
mhpRp2,0.06666666666666667,14,14,TACGGGAAGGAACTTTTACA,0,2493483
mhpRp2,0.06666666666666667,14,14,TACGAGGGAGGAAGAATGGA,0,2517906
mhpRp2,0.06666666666666667,14,14,TACGAAACATGTGATGCACA,0,2529353
mhpRp2,0.06666666666666667,14,14,TACCGCAAATTGCGTATAAT,0,2516478
mhpRp2,0.06666666666666667,14,14,TACCACGCTGTCCTCTCCTA,0,2522986
mhpRp2,0.06666666666666667,14,14,TACAATTTCCGTAACGGCCC,0,2520440
mhpRp2,0.06666666666666667,14,14,TAATCAAATTGACGGGGGCA,0,2534132
mhpRp2,0.06666666666666667,14,14,TAAGTGAGCGATAGGCTAAC,0,2501911
mhpRp2,0.06666666666666667,14,14,TAACGTTCCTTATAAGAGGA,0,2481546
mhpRp2,0.06666666666666667,14,14,GTTGATCCCTCTCGAGGAAC,0,2520026
mhpRp2,0.06666666666666667,14,14,GTTACAAGTATATAGGGATA,0,2537034
mhpRp2,0.06666666666666667,14,14,GTGATCAGCAGCAATAGGTG,0,2537136
mhpRp2,0.06666666666666667,14,14,GTGAAATAATCCTGAGCGGA,0,2507531
mhpRp2,0.06666666666666667,14,14,GTCGATATTAAGAAAGCGGT,0,2496100
mhpRp2,0.06666666666666667,14,14,GTCCGAGGGCCAGGTTTTTA,0,2503924
mhpRp2,0.06666666666666667,14,14,GTCATCTGGCTTTCCGCCAT,0,2498107
mhpRp2,0.06666666666666667,14,14,GTCAAGCTACAGATTTCTTT,0,2480301
mhpRp2,0.06666666666666667,14,14,GTATGTCATTCCGCTCAATA,0,2544380
mhpRp2,0.06666666666666667,14,14,GTAGCTGGTTCTATAAGCAG,0,2495128
mhpRp2,0.06666666666666667,14,14,GTAGCCTCGAAACCTCGCCA,0,2496753
mhpRp2,0.06666666666666667,14,14,GTACTATCGTCGTATGCCAT,0,2533384
mhpRp2,0.06666666666666667,14,14,GTAAAGCGGGCCAACCACAC,0,2532114
mhpRp2,0.06666666666666667,14,14,GTAAAAGGTGCATAGGTAGA,0,2482757
mhpRp2,0.06666666666666667,14,14,GGTTTGGTCAAGCCCTGGGG,0,2540280
mhpRp2,0.06666666666666667,14,14,GGTTGTAAACGCACGGCCGG,0,2502689
mhpRp2,0.06666666666666667,14,14,GGTTACCAGATCTGGGGAGG,0,2494217
mhpRp2,0.06666666666666667,14,14,GGTCGAGTAGAAACATTTCC,0,2519438
mhpRp2,0.06666666666666667,14,14,GGTCCTAAACGTCCCCAGTA,0,2507041
mhpRp2,0.06666666666666667,14,14,GGTCCAATGGAGTCGAGTCA,0,2497105
mhpRp2,0.06666666666666667,14,14,GGTAGGTCAGATTTCGAGTA,0,2495771
mhpRp2,0.06666666666666667,14,14,GGGTTCAAGTGAAATGTAAG,0,2487586
mhpRp2,0.06666666666666667,14,14,GGGTTCAAAAGCGAGAGCCA,0,2508235
mhpRp2,0.06666666666666667,14,14,GGGTGGCTGCATTTAAGCGA,0,2522082
mhpRp2,0.06666666666666667,14,14,GGGTGCTCGACCATCATGAT,0,2520890
mhpRp2,0.06666666666666667,14,14,GGGTGAAGCCCCACACCGCT,0,2499485
mhpRp2,0.06666666666666667,14,14,GGGCTCGTGGTGTCGGATTC,0,2489627
mhpRp2,0.06666666666666667,14,14,GGGCTCGCTAGTCCCGGCGC,0,2514020
mhpRp2,0.06666666666666667,14,14,GGGCGACAGATTAGAATCCA,0,2487435
mhpRp2,0.06666666666666667,14,14,GGGACTGTACACACTCACAC,0,2505342
mhpRp2,0.06666666666666667,14,14,GGGACATGGGGACTATAGGT,0,2512898
mhpRp2,0.06666666666666667,14,14,GGGAAGACGTTCCTGCCAAC,0,2543893
mhpRp2,0.06666666666666667,14,14,GGCTTGTCAAGCTCTACGAA,0,2488507
mhpRp2,0.06666666666666667,14,14,GGCTGCCCCCGTGTAATCCC,0,2541044
mhpRp2,0.06666666666666667,14,14,GGCTCTGTGGCAGACTGTGA,0,2514181
mhpRp2,0.06666666666666667,14,14,GGCGTAACAAGCCACAAAGA,0,2487154
mhpRp2,0.06666666666666667,14,14,GGCATCGAACAATGGCCGGT,0,2495888
mhpRp2,0.06666666666666667,14,14,GGCATCACGTGCGACTACAT,0,2542543
mhpRp2,0.06666666666666667,14,14,GGCAGGATATTTTGGGCTCA,0,2513505
mhpRp2,0.06666666666666667,14,14,GGCAGCGGACCGCTTGGGTA,0,2522882
mhpRp2,0.06666666666666667,14,14,GGCAGATCCAAAGGTAGTCA,0,2504463
mhpRp2,0.06666666666666667,14,14,GGATTATAAACAAACGTCAG,0,2529491
mhpRp2,0.06666666666666667,14,14,GGATATTTATCCGCAACTTT,0,2512001
mhpRp2,0.06666666666666667,14,14,GGAGTCTGGTACCAATAGTC,0,2539977
mhpRp2,0.06666666666666667,14,14,GGACTTTGGATGCCCGCTAT,0,2504044
mhpRp2,0.06666666666666667,14,14,GGACGTTAGCGCCACACAGG,0,2486229
mhpRp2,0.06666666666666667,14,14,GGACGTAATGTTGTGGCGGT,0,2503499
mhpRp2,0.06666666666666667,14,14,GGACACGGGAGGTTACAAGC,0,2514735
mhpRp2,0.06666666666666667,14,14,GGAACGGCAGGATGTAACTA,0,2524795
mhpRp2,0.06666666666666667,14,14,GCTTATGTTTTGTAGACGGC,0,2514817
mhpRp2,0.06666666666666667,14,14,GCTTACTGGTTTGGACGGAA,0,2515572
mhpRp2,0.06666666666666667,14,14,GCTGTATTTGGTATCTAGTT,0,2537701
mhpRp2,0.06666666666666667,14,14,GCTGTATCAGGAGCCGTGAG,0,2538824
mhpRp2,0.06666666666666667,14,14,GCTCTATTCCCGTAGCCGGA,0,2525076
mhpRp2,0.06666666666666667,14,14,GCTCGTGTGTTAACTCTAAT,0,2544391
mhpRp2,0.06666666666666667,14,14,GCTCCGCGGTCGTGCCCCTC,0,2538121
mhpRp2,0.06666666666666667,14,14,GCTAAGACCAGTTCACGTAT,0,2488587
mhpRp2,0.06666666666666667,14,14,GCTAAAGAGGAAGATACTAC,0,2493159
mhpRp2,0.06666666666666667,14,14,GCGTGCGTCATCCGCGTGAC,0,2511543
mhpRp2,0.06666666666666667,14,14,GCGGTATCCGAGCGCGAAAC,0,2522670
mhpRp2,0.06666666666666667,14,14,GCGGCCCTCTGATAAGATTG,0,2481246
mhpRp2,0.06666666666666667,14,14,GCGGAGTTAGCGAATTATCA,0,2508048
mhpRp2,0.06666666666666667,14,14,GCGCGGAGAAGTGAAGCTAT,0,2491615
mhpRp2,0.06666666666666667,14,14,GCGCAAGGACCAAGGCATCC,0,2486051
mhpRp2,0.06666666666666667,14,14,GCGAGCAAGGTCATTTCTGA,0,2516800
mhpRp2,0.06666666666666667,14,14,GCCCCGGAATTGGAACGCTT,0,2481235
mhpRp2,0.06666666666666667,14,14,GCCATCCAAAGGTATTGAAC,0,2512618
mhpRp2,0.06666666666666667,14,14,GCCAGGATGGGAATTGAGGT,0,2523841
mhpRp2,0.06666666666666667,14,14,GCCAAAGACCGCCGCCCTCG,0,2531382
mhpRp2,0.06666666666666667,14,14,GCATGTTGTTGACGGCGTGT,0,2543278
mhpRp2,0.06666666666666667,14,14,GCAGAGGGCGCCAGGCACAC,0,2509554
mhpRp2,0.06666666666666667,14,14,GCAAGCCCCGTTGCGGAGTA,0,2528243
mhpRp2,0.06666666666666667,14,14,GATGTTACCCTCAGCCAAAT,0,2526310
mhpRp2,0.06666666666666667,14,14,GATATACAACAGAGGGTAAT,0,2542901
mhpRp2,0.06666666666666667,14,14,GAGTATCGTCCCCGTGCTCA,0,2533685
mhpRp2,0.06666666666666667,14,14,GAGGGTGGCCCAAACTAGAC,0,2515236
mhpRp2,0.06666666666666667,14,14,GAGGAATCGTGAATGTGACC,0,2502939
mhpRp2,0.06666666666666667,14,14,GAGGAACCTATTCCAGCCGG,0,2544677
mhpRp2,0.06666666666666667,14,14,GAGCAATGGGCAATGTAATT,0,2507381
mhpRp2,0.06666666666666667,14,14,GAGACGCAACCCCCGACACG,0,2484158
mhpRp2,0.06666666666666667,14,14,GAGAAGGCGTCAGTCGGCGG,0,2489714
mhpRp2,0.06666666666666667,14,14,GACGTGTGAAATTGAAAAAG,0,2487138
mhpRp2,0.06666666666666667,14,14,GACGTCGCACGCGCAACCAA,0,2495831
mhpRp2,0.06666666666666667,14,14,GACGAAACTAATTGCAAGGA,0,2516371
mhpRp2,0.06666666666666667,14,14,GACAGGCTTTCGGAGTTTGT,0,2506496
mhpRp2,0.06666666666666667,14,14,GACAGCTAAGCTTTCGCATT,0,2534972
mhpRp2,0.06666666666666667,14,14,CTTTCCAACGGGCGTTGCCT,0,2545447
mhpRp2,0.06666666666666667,14,14,CTTGCGGAACGTCAACCATC,0,2545053
mhpRp2,0.06666666666666667,14,14,CTTCTCCATAGGACCGAACT,0,2523989
mhpRp2,0.06666666666666667,14,14,CTTCCCACGTTTGGGAGACC,0,2522242
mhpRp2,0.06666666666666667,14,14,CTTCATTTCTTGGGAGTGAA,0,2482756
mhpRp2,0.06666666666666667,14,14,CTTCATTCCAAATGGCGAGA,0,2501539
mhpRp2,0.06666666666666667,14,14,CTTATTGGTCGCACCCAACG,0,2521695
mhpRp2,0.06666666666666667,14,14,CTGTCAAAGTTCGTGTCCGG,0,2541042
mhpRp2,0.06666666666666667,14,14,CTGCCATCTCAGACCCAAAC,0,2489853
mhpRp2,0.06666666666666667,14,14,CTCGTTAATCATGCTTATGC,0,2523550
mhpRp2,0.06666666666666667,14,14,CTCCTGCGAAGACTCTATTT,0,2514433
mhpRp2,0.06666666666666667,14,14,CTCCTAATGTAACCCGGACT,0,2533311
mhpRp2,0.06666666666666667,14,14,CTCCCGTAGACAGCTTATTT,0,2527210
mhpRp2,0.06666666666666667,14,14,CTCAGCTCTTACGGGGACAA,0,2492930
mhpRp2,0.06666666666666667,14,14,CTATCCGGGGAAATCAGAAA,0,2544648
mhpRp2,0.06666666666666667,14,14,CTAGATCCTGAATTGTAGCG,0,2511499
mhpRp2,0.06666666666666667,14,14,CTAATCGATCTATGGGTACT,0,2537288
mhpRp2,0.06666666666666667,14,14,CTAAATAAACAGACAGTGCC,0,2530822
mhpRp2,0.06666666666666667,14,14,CGTTACGGCTCGTGCTCCAT,0,2480862
mhpRp2,0.06666666666666667,14,14,CGTGGGTGTGAAGCAATACG,0,2539409
mhpRp2,0.06666666666666667,14,14,CGTCTCTAAACCAAGAGAAA,0,2506536
mhpRp2,0.06666666666666667,14,14,CGTCAGGTCAAAACCGCAGT,0,2490313
mhpRp2,0.06666666666666667,14,14,CGTAAGCCGACTCAGGTGAC,0,2500853
mhpRp2,0.06666666666666667,14,14,CGGTTTAGCATGACCTGTGT,0,2505597
mhpRp2,0.06666666666666667,14,14,CGGTATTGGGCGCCGGCTCA,0,2523157
mhpRp2,0.06666666666666667,14,14,CGGGCTACTTTGGTGCAGGC,0,2542783
mhpRp2,0.06666666666666667,14,14,CGGCGGCTCCAAAGGAGACC,0,2507036
mhpRp2,0.06666666666666667,14,14,CGGCCAGAGCGTCCGGAATG,0,2482661
mhpRp2,0.06666666666666667,14,14,CGCTCTTTCAACGGAACCAT,0,2524779
mhpRp2,0.06666666666666667,14,14,CGCGCCAAGATGTCAACAAA,0,2525275
mhpRp2,0.06666666666666667,14,14,CGCGAAATAGGCGAATTCAG,0,2507166
mhpRp2,0.06666666666666667,14,14,CGCATGGTATTAAGACACCT,0,2517875
mhpRp2,0.06666666666666667,14,14,CGCACCATCGGAGTTGCTCC,0,2505184
mhpRp2,0.06666666666666667,14,14,CGCAATAGGCGACGCGCAAT,0,2497720
mhpRp2,0.06666666666666667,14,14,CGATGGTCTCCATGCTGGCT,0,2485859
mhpRp2,0.06666666666666667,14,14,CGAGTACTACGTGCCATAAG,0,2538859
mhpRp2,0.06666666666666667,14,14,CGACAGTACGATTGTGGAAG,0,2508512
mhpRp2,0.06666666666666667,14,14,CGAACGTTCATGGTTGGCGG,0,2516843
mhpRp2,0.06666666666666667,14,14,CCTTTGAAGGTCGGACATAC,0,2494299
mhpRp2,0.06666666666666667,14,14,CCTCGTTGATTATCCTGACT,0,2504147
mhpRp2,0.06666666666666667,14,14,CCTAGATCTGGGCCGGTTCA,0,2500371
mhpRp2,0.06666666666666667,14,14,CCGCTGCAGGGGGCAATTAC,0,2500770
mhpRp2,0.06666666666666667,14,14,CCGCGTGTATGTGCGACTTT,0,2540306
mhpRp2,0.06666666666666667,14,14,CCGCCTTATGTACGATTCCG,0,2522540
mhpRp2,0.06666666666666667,14,14,CCGCCTGGACAGTTAAATGG,0,2508287
mhpRp2,0.06666666666666667,14,14,CCCGTCCCTCCAAGCCCCAC,0,2521112
mhpRp2,0.06666666666666667,14,14,CCCCTGGAACGCATACAATT,0,2536499
mhpRp2,0.06666666666666667,14,14,CCCCGTTTGCTTCACGCGCA,0,2510116
mhpRp2,0.06666666666666667,14,14,CCCCAGCCGTAGGGAGTTAA,0,2529668
mhpRp2,0.06666666666666667,14,14,CCATCTTACGAGTATGCGAC,0,2539750
mhpRp2,0.06666666666666667,14,14,CCAGGAAGTGCAGGGGCTTT,0,2532072
mhpRp2,0.06666666666666667,14,14,CCAGAGACAGATCCTAATAT,0,2518942
mhpRp2,0.06666666666666667,14,14,CCACCCGTAGTAGGGTGGAG,0,2496652
mhpRp2,0.06666666666666667,14,14,CCACCATTCTCGGGCGGAAG,0,2505720
mhpRp2,0.06666666666666667,14,14,CCAACCCTACTCGGCACAGC,0,2513889
mhpRp2,0.06666666666666667,14,14,CATGTAACTAACACAAGGAT,0,2491425
mhpRp2,0.06666666666666667,14,14,CATCCTAAGGCTACTGCTAG,0,2517581
mhpRp2,0.06666666666666667,14,14,CATCAAATTCATCGTTAGTG,0,2520225
mhpRp2,0.06666666666666667,14,14,CATATGGAATACGGACGTAT,0,2498133
mhpRp2,0.06666666666666667,14,14,CATATGCCGTCTTCAGGTAA,0,2482973
mhpRp2,0.06666666666666667,14,14,CATAGTTCGGGACGCGTAAT,0,2531683
mhpRp2,0.06666666666666667,14,14,CATACGACACCGGCTCGATA,0,2516186
mhpRp2,0.06666666666666667,14,14,CATACCAATCGGGGATGTGG,0,2519092
mhpRp2,0.06666666666666667,14,14,CATACAACCCCAATTTATGT,0,2544029
mhpRp2,0.06666666666666667,14,14,CAGTTCCTTAAGGATCCCGT,0,2485771
mhpRp2,0.06666666666666667,14,14,CAGTGTCGCACGACTCGACT,0,2503940
mhpRp2,0.06666666666666667,14,14,CAGGGTGCTATATATCACAA,0,2542375
mhpRp2,0.06666666666666667,14,14,CAGGGACATCGTTGGTAATC,0,2495216
mhpRp2,0.06666666666666667,14,14,CAGGGAAGGCTTATAGCATA,0,2537352
mhpRp2,0.06666666666666667,14,14,CAGGCACCAAATTTTCCACA,0,2500154
mhpRp2,0.06666666666666667,14,14,CAGCTGAAATTGGGCAGAGA,0,2520744
mhpRp2,0.06666666666666667,14,14,CAGCCCAGCTAGACCATTTT,0,2524041
mhpRp2,0.06666666666666667,14,14,CAGCAATCCATCTCTTTAGG,0,2528440
mhpRp2,0.06666666666666667,14,14,CAGATGATAATGAACGATTT,0,2541213
mhpRp2,0.06666666666666667,14,14,CAGAGCCGGGAGCCCTCCCA,0,2490201
mhpRp2,0.06666666666666667,14,14,CAGAGAGCCATCGGTCGTAC,0,2496308
mhpRp2,0.06666666666666667,14,14,CACTTTCGTCACGAGTCCAG,0,2525687
mhpRp2,0.06666666666666667,14,14,CACCTAGTCCTACTCCTCAA,0,2508349
mhpRp2,0.06666666666666667,14,14,CACCCAAGTAGTTTATTCTA,0,2527079
mhpRp2,0.06666666666666667,14,14,CACCACGATGGTCATATGGC,0,2490281
mhpRp2,0.06666666666666667,14,14,CACACGTGCTTGTCTAACGT,0,2521481
mhpRp2,0.06666666666666667,14,14,CAATGGTTGTACCGCCGGCC,0,2529172
mhpRp2,0.06666666666666667,14,14,CAATCTTTACCAAGGGTATA,0,2517070
mhpRp2,0.06666666666666667,14,14,CAAGAGCCACAGATCAACAG,0,2545414
mhpRp2,0.06666666666666667,14,14,CAACGAATCCTCGCGGGGCA,0,2485943
mhpRp2,0.06666666666666667,14,14,CAAAGGTACGGATATTTAGC,0,2512248
mhpRp2,0.06666666666666667,14,14,ATTTGTTTCTCAATTAATCA,0,2494794
mhpRp2,0.06666666666666667,14,14,ATTTATGGCGCAAGTACAGA,0,2533310
mhpRp2,0.06666666666666667,14,14,ATTCTTCATCGACGCAAGTG,0,2516802
mhpRp2,0.06666666666666667,14,14,ATTCCGGAGGCCTCACCTCT,0,2484156
mhpRp2,0.06666666666666667,14,14,ATTATCTGCTCTTGGTGGAC,0,2502544
mhpRp2,0.06666666666666667,14,14,ATTAAACCCAGGTGGGCTGG,0,2483144
mhpRp2,0.06666666666666667,14,14,ATGGTAGACGGAAAAGGGAT,0,2540894
mhpRp2,0.06666666666666667,14,14,ATGGGTCTAAATGGAACAAG,0,2541821
mhpRp2,0.06666666666666667,14,14,ATGCAGGCATTTGGATTAAT,0,2508175
mhpRp2,0.06666666666666667,14,14,ATGAGCTGGAAGATTTGAGA,0,2495837
mhpRp2,0.06666666666666667,14,14,ATGAGCGTCCCTGTGTCTCT,0,2504292
mhpRp2,0.06666666666666667,14,14,ATGACCGTAGCTTATCTAAA,0,2544048
mhpRp2,0.06666666666666667,14,14,ATGAAACCAAACTGTACCAT,0,2540042
mhpRp2,0.06666666666666667,14,14,ATCTGGGTGGAGCCAGCACT,0,2532408
mhpRp2,0.06666666666666667,14,14,ATCTCTTGGCGTAATAGTGT,0,2516585
mhpRp2,0.06666666666666667,14,14,ATCGAATTGGTTTCACGGCT,0,2490872
mhpRp2,0.06666666666666667,14,14,ATATGGGCAGACCTAGTTCG,0,2513503
mhpRp2,0.06666666666666667,14,14,ATAGTGAGCAGAAATAGGGA,0,2491893
mhpRp2,0.06666666666666667,14,14,ATAGGCTTTACATGTTAGAA,0,2483947
mhpRp2,0.06666666666666667,14,14,ATAGAACACCCACTGGTTTG,0,2509098
mhpRp2,0.06666666666666667,14,14,ATACGTGACACTGGAAGCGG,0,2518344
mhpRp2,0.06666666666666667,14,14,ATACCGGCAAATACCCTGGT,0,2491612
mhpRp2,0.06666666666666667,14,14,ATACCCGGGGTAACTGGCCT,0,2487588
mhpRp2,0.06666666666666667,14,14,ATAATGTGGATGCCTGGTAC,0,2482682
mhpRp2,0.06666666666666667,14,14,ATAACGGGTCTGAGTCTCTA,0,2490977
mhpRp2,0.06666666666666667,14,14,AGTTTCATTTATCTTACGGT,0,2501541
mhpRp2,0.06666666666666667,14,14,AGTTAGCGCGTCGCTTGTTA,0,2525815
mhpRp2,0.06666666666666667,14,14,AGTCTCGAATTACTTCAACC,0,2521180
mhpRp2,0.06666666666666667,14,14,AGTCACCTCCATTGGGGTCA,0,2535564
mhpRp2,0.06666666666666667,14,14,AGTCACCCTGCACAAACACT,0,2495287
mhpRp2,0.06666666666666667,14,14,AGGTCATCACCGGTCTACAT,0,2497161
mhpRp2,0.06666666666666667,14,14,AGGTATATTTGCGTGATGCG,0,2492538
mhpRp2,0.06666666666666667,14,14,AGGGGCTAGCGAATACAGTG,0,2491313
mhpRp2,0.06666666666666667,14,14,AGGATATAGCAGAGTCCGAA,0,2503332
mhpRp2,0.06666666666666667,14,14,AGCGCGGGGGACATACAGGT,0,2529351
mhpRp2,0.06666666666666667,14,14,AGCCATTTCAAGTTGGTTCT,0,2488096
mhpRp2,0.06666666666666667,14,14,AGCACGAGACAGCCAGCTGT,0,2499234
mhpRp2,0.06666666666666667,14,14,AGAGCCAACGATACTATCGA,0,2517531
mhpRp2,0.06666666666666667,14,14,ACTGGGGTAATCACGCGAGC,0,2515451
mhpRp2,0.06666666666666667,14,14,ACTGGAACTCTACATAGGTA,0,2511887
mhpRp2,0.06666666666666667,14,14,ACTCTCCTTTCTTATTACTA,0,2480735
mhpRp2,0.06666666666666667,14,14,ACTCGGCGAGGCAGTCACAT,0,2496177
mhpRp2,0.06666666666666667,14,14,ACTATAATAGCTGAGAAGGT,0,2490025
mhpRp2,0.06666666666666667,14,14,ACGTGCACCTGTCGGGCGCG,0,2528139
mhpRp2,0.06666666666666667,14,14,ACGTGACCGGCAAGTCCGCC,0,2492175
mhpRp2,0.06666666666666667,14,14,ACGTATTAGGGAATCGTTTT,0,2539176
mhpRp2,0.06666666666666667,14,14,ACGGGCACATAAGGGGAGTT,0,2483908
mhpRp2,0.06666666666666667,14,14,ACGGGCAAGGTCTTCGGGAC,0,2489687
mhpRp2,0.06666666666666667,14,14,ACGGGATAGCCACCTTCTGG,0,2539759
mhpRp2,0.06666666666666667,14,14,ACGGGAACCAATCACGTAAT,0,2537524
mhpRp2,0.06666666666666667,14,14,ACGCCCCAATGACGGTTGCT,0,2497597
mhpRp2,0.06666666666666667,14,14,ACGCAAGGGCGCGGGACCTC,0,2531332
mhpRp2,0.06666666666666667,14,14,ACGATACGGGGCATATACAC,0,2521954
mhpRp2,0.06666666666666667,14,14,ACGACCGTCCAGGTTTTACA,0,2485897
mhpRp2,0.06666666666666667,14,14,ACGACCGTATATCTGTTCGA,0,2512369
mhpRp2,0.06666666666666667,14,14,ACGACCGGTGTGGGTCTCAG,0,2537094
mhpRp2,0.06666666666666667,14,14,ACCTTGTCACAAGCCGCTTC,0,2527632
mhpRp2,0.06666666666666667,14,14,ACCTGGCCGTTGTGCATATA,0,2515752
mhpRp2,0.06666666666666667,14,14,ACCTCTACGCAGTATCTGTA,0,2484892
mhpRp2,0.06666666666666667,14,14,ACCGCAGCCATTACAATACG,0,2516625
mhpRp2,0.06666666666666667,14,14,ACATTTATAATGGAATTATA,0,2501445
mhpRp2,0.06666666666666667,14,14,ACATTACATACATAATCAGG,0,2531521
mhpRp2,0.06666666666666667,14,14,ACAGTCAAGCATTGCAAAAA,0,2483143
mhpRp2,0.06666666666666667,14,14,ACAGAGTGGGTACTGCGAGT,0,2499189
mhpRp2,0.06666666666666667,14,14,ACACGCCAAAGTTTTGATAA,0,2490533
mhpRp2,0.06666666666666667,14,14,ACAAGGCCACCCCCCGCGGT,0,2515417
mhpRp2,0.06666666666666667,14,14,ACAACGAAGACCTCGTTTAA,0,2525048
mhpRp2,0.06666666666666667,14,14,ACAAAGCGGCGGTCCGCACT,0,2500044
mhpRp2,0.06666666666666667,14,14,ACAAAGAAAACCTAGTATTA,0,2523258
mhpRp2,0.06666666666666667,14,14,AATTATGAAGGCTGATTTCA,0,2489427
mhpRp2,0.06666666666666667,14,14,AATGGTCTAGATTACATTGC,0,2498697
mhpRp2,0.06666666666666667,14,14,AATCACGTCAAGTTAAGGAA,0,2479801
mhpRp2,0.06666666666666667,14,14,AATAGTGAGTTACAATAGTT,0,2499271
mhpRp2,0.06666666666666667,14,14,AATACAAGTTAGCTTCGGCC,0,2508332
mhpRp2,0.06666666666666667,14,14,AAGTCGAAACTGATTCGAAT,0,2508841
mhpRp2,0.06666666666666667,14,14,AAGGCGTGCTAATGGTGCAG,0,2537397
mhpRp2,0.06666666666666667,14,14,AAGGACTACCTAATGCATGC,0,2520052
mhpRp2,0.06666666666666667,14,14,AAGCGGGTTACAAATGGTAC,0,2490265
mhpRp2,0.06666666666666667,14,14,AAGAGGATACTCTGAGGAAC,0,2500863
mhpRp2,0.06666666666666667,14,14,AACCTCTGTAACAGACTGGC,0,2501530
mhpRp2,0.06666666666666667,14,14,AACCGTTACTTTGAAGAAAA,0,2502585
mhpRp2,0.06666666666666667,14,14,AACCGTGTGGTCATGTCATC,0,2522884
mhpRp2,0.06666666666666667,14,14,AACCCGGAGGCACAATTAGA,0,2541536
mhpRp2,0.06666666666666667,14,14,AACATATTGGGGGTTAGTGG,0,2490830
mhpRp2,0.06666666666666667,14,14,AAAGATCGAGCTAGGCTAGC,0,2532501
mhpRp2,0.06666666666666667,14,14,AAAGAGTCCTAACGAATAAT,0,2495178
mhpRp2,0.06666666666666667,14,14,AAACCGATGGCAAAGTAAAG,0,2519345
mhpRp2,0.06666666666666667,14,14,AAAATCTATACGACCCCGAG,0,2511907
mhpRp2,0.07142857142857142,13,13,TTTTTGGGGAAAACCCGCTG,0,2507344
mhpRp2,0.07142857142857142,13,13,TTTTAGGTCGCTCTATTTAG,0,2526904
mhpRp2,0.07142857142857142,13,13,TTTGTGCCTGTGTTCTTTTG,0,2532412
mhpRp2,0.07142857142857142,13,13,TTTGGTCATCCTGGAAAGAT,0,2484965
mhpRp2,0.07142857142857142,13,13,TTTGCGACTATCGATGTCGT,0,2493869
mhpRp2,0.07142857142857142,13,13,TTTCTTTCATTGAGAAGCAA,0,2483477
mhpRp2,0.07142857142857142,13,13,TTTCTCGTACACCGTGAGAA,0,2522086
mhpRp2,0.07142857142857142,13,13,TTTCTCGAATCAACACGAGG,0,2519226
mhpRp2,0.07142857142857142,13,13,TTTCGGATACTCCGTATAAA,0,2504414
mhpRp2,0.07142857142857142,13,13,TTTCGCACACTTCAGAGCCA,0,2482416
mhpRp2,0.07142857142857142,13,13,TTTCAGCGCCCCAGATGCGC,0,2537511
mhpRp2,0.07142857142857142,13,13,TTTAGCTGTCTGGTCCCCAC,0,2521141
mhpRp2,0.07142857142857142,13,13,TTTAAAGACAATTGGATTCT,0,2495929
mhpRp2,0.07142857142857142,13,13,TTGTTGGTGGACCACCGCTA,0,2538901
mhpRp2,0.07142857142857142,13,13,TTGTTGGCTTCAGGGCGTCC,0,2494259
mhpRp2,0.07142857142857142,13,13,TTGCCGGGATTGCATTGTGC,0,2488097
mhpRp2,0.07142857142857142,13,13,TTGCACGTCAGCAGCCAGGT,0,2494435
mhpRp2,0.07142857142857142,13,13,TTGACTTAAAGCTCCCATAA,0,2502135
mhpRp2,0.07142857142857142,13,13,TTGACCGGGTAAACCTGGAC,0,2522731
mhpRp2,0.07142857142857142,13,13,TTGACCGCTATCACATGGCG,0,2523535
mhpRp2,0.07142857142857142,13,13,TTCGTTGAACCCTGCCCGCA,0,2490336
mhpRp2,0.07142857142857142,13,13,TTCGGAGGCACCTGGGCATC,0,2499978
mhpRp2,0.07142857142857142,13,13,TTCGCAGATCAGGGTCGAAC,0,2514361
mhpRp2,0.07142857142857142,13,13,TTCCTTTCAGGTACCTTGCT,0,2515048
mhpRp2,0.07142857142857142,13,13,TTATTCCTCAAGTCTCCACT,0,2494585
mhpRp2,0.07142857142857142,13,13,TTATGATTGACCGAACCTAT,0,2505009
mhpRp2,0.07142857142857142,13,13,TTATCGGGGCGCGATCTCTG,0,2544781
mhpRp2,0.07142857142857142,13,13,TTATAGGGGTCGGGCAAAGG,0,2505130
mhpRp2,0.07142857142857142,13,13,TTAGTCGCGTGACGTAGGAC,0,2544824
mhpRp2,0.07142857142857142,13,13,TTAGGCCTGTTGAGGATCAA,0,2520413
mhpRp2,0.07142857142857142,13,13,TTAGGAAGTCTATGGGATTT,0,2485322
mhpRp2,0.07142857142857142,13,13,TTAGAGTGATCATTATCTAA,0,2511561
mhpRp2,0.07142857142857142,13,13,TTAGAATTCAGGTTAGGCGA,0,2534540
mhpRp2,0.07142857142857142,13,13,TTAGAAGGGGCCAGCACCCT,0,2498987
mhpRp2,0.07142857142857142,13,13,TTACTGGCCCTTAAGTGAAT,0,2520185
mhpRp2,0.07142857142857142,13,13,TTACGCATTCCACTCGGTGA,0,2524631
mhpRp2,0.07142857142857142,13,13,TTACAGTGTTTCTAAGAGGA,0,2542245
mhpRp2,0.07142857142857142,13,13,TTAAGTTTTGTAGCTACTAA,0,2519310
mhpRp2,0.07142857142857142,13,13,TGTTATCCGAAATGCTCTCG,0,2536333
mhpRp2,0.07142857142857142,13,13,TGTGGGGGTGACAGGAACGG,0,2508797
mhpRp2,0.07142857142857142,13,13,TGTGATCTAGGGTCGCACGG,0,2508261
mhpRp2,0.07142857142857142,13,13,TGTCCGGCGGGAAAAAAGGT,0,2484251
mhpRp2,0.07142857142857142,13,13,TGTCCATACTCAGTCATAAC,0,2495868
mhpRp2,0.07142857142857142,13,13,TGTCATAGGACTACTGAGAG,0,2509965
mhpRp2,0.07142857142857142,13,13,TGGTCATGGCCGAGGGATCG,0,2515413
mhpRp2,0.07142857142857142,13,13,TGGGCTTGAGTTTTGGCTCA,0,2529705
mhpRp2,0.07142857142857142,13,13,TGGGCCGCTTTATACATCTT,0,2517056
mhpRp2,0.07142857142857142,13,13,TGGCTACCGCTGGGAGGTGT,0,2496879
mhpRp2,0.07142857142857142,13,13,TGGCGTCCGACCCAATAGGT,0,2520409
mhpRp2,0.07142857142857142,13,13,TGGCGGCGCAATGCAACAAC,0,2503292
mhpRp2,0.07142857142857142,13,13,TGGCGCGATATTAATTTCCG,0,2497310
mhpRp2,0.07142857142857142,13,13,TGGCCTTGATGTGTCCCACC,0,2506800
mhpRp2,0.07142857142857142,13,13,TGGCAGTTCGTCAGAGTATG,0,2543233
mhpRp2,0.07142857142857142,13,13,TGGCACCTAACATGTATAGT,0,2481413
mhpRp2,0.07142857142857142,13,13,TGCTGCATTGAAAATGACGG,0,2500412
mhpRp2,0.07142857142857142,13,13,TGCCTCTGGGCGACTGGTGA,0,2531127
mhpRp2,0.07142857142857142,13,13,TGATTATAATGGCTTGATAA,0,2516380
mhpRp2,0.07142857142857142,13,13,TGATGAGGACAAAAAGCGAG,0,2528087
mhpRp2,0.07142857142857142,13,13,TGAGTGAATAAGTGATGACC,0,2504780
mhpRp2,0.07142857142857142,13,13,TGAGCTATTTACCGCTGCCT,0,2509150
mhpRp2,0.07142857142857142,13,13,TGAGCATCCTAGGGGTAACG,0,2507343
mhpRp2,0.07142857142857142,13,13,TGAGAGTAGCTAACGGCGGG,0,2541623
mhpRp2,0.07142857142857142,13,13,TGACGTTGAGGACCCATCAC,0,2537582
mhpRp2,0.07142857142857142,13,13,TGACGACCTTGGGTGCCGAA,0,2486697
mhpRp2,0.07142857142857142,13,13,TGAAGGTGCGGGACCGGAAG,0,2507018
mhpRp2,0.07142857142857142,13,13,TCTTCGCGCTGGACTGTAGA,0,2496438
mhpRp2,0.07142857142857142,13,13,TCTCCGCTGAGGCGCTCCTC,0,2541740
mhpRp2,0.07142857142857142,13,13,TCTCATTTATAGCGCGTCAC,0,2500465
mhpRp2,0.07142857142857142,13,13,TCTAGGCAAGTATGTGTGAC,0,2526663
mhpRp2,0.07142857142857142,13,13,TCTAGCACCATAGAGAGAGT,0,2517066
mhpRp2,0.07142857142857142,13,13,TCTAGCACATCGGAGAACGA,0,2493150
mhpRp2,0.07142857142857142,13,13,TCTAACGGACTCGCCAGCAG,0,2515355
mhpRp2,0.07142857142857142,13,13,TCTAAATAGCGCGGTATCTA,0,2542366
mhpRp2,0.07142857142857142,13,13,TCGTCTAAAGCAAAAACGAC,0,2508862
mhpRp2,0.07142857142857142,13,13,TCGGTGACGTCTTCAAATGT,0,2498306
mhpRp2,0.07142857142857142,13,13,TCGGTAGTTGGGCGATTGTC,0,2489646
mhpRp2,0.07142857142857142,13,13,TCGGTAGGATTGACGCGAAA,0,2520004
mhpRp2,0.07142857142857142,13,13,TCGAGGGGAAAGCGCGGTGC,0,2505733
mhpRp2,0.07142857142857142,13,13,TCGAGAAGGGGGACTCGGCT,0,2506437
mhpRp2,0.07142857142857142,13,13,TCGAAGGTATGGGTCGTACG,0,2484798
mhpRp2,0.07142857142857142,13,13,TCGAAACAGACCAATGGCGG,0,2487836
mhpRp2,0.07142857142857142,13,13,TCCTTAATGACAGCCCACGA,0,2543693
mhpRp2,0.07142857142857142,13,13,TCCCGGAAGTAGCATCCGTG,0,2488412
mhpRp2,0.07142857142857142,13,13,TCCCCGCCCGAACTAGGTCA,0,2508918
mhpRp2,0.07142857142857142,13,13,TCCAGGCGCTGAACCAGACT,0,2480015
mhpRp2,0.07142857142857142,13,13,TCCAGATAGGTAGACGACTA,0,2512254
mhpRp2,0.07142857142857142,13,13,TCCACGGCTCAGGTAACCGT,0,2485736
mhpRp2,0.07142857142857142,13,13,TCCAATTTATGTCATCGGCT,0,2508985
mhpRp2,0.07142857142857142,13,13,TCATATTCGATGAGACATAG,0,2504714
mhpRp2,0.07142857142857142,13,13,TCACCGCGGAGCTGAACCTA,0,2482082
mhpRp2,0.07142857142857142,13,13,TCAATACATGAAGTTACCCA,0,2524054
mhpRp2,0.07142857142857142,13,13,TCAAGATCCTGAACCAGATC,0,2503220
mhpRp2,0.07142857142857142,13,13,TATTTGTGCCTGAGTGTTTG,0,2504028
mhpRp2,0.07142857142857142,13,13,TATTACACCCCACGCTTGTC,0,2498429
mhpRp2,0.07142857142857142,13,13,TATGCTAGGATCACAGTAAG,0,2531628
mhpRp2,0.07142857142857142,13,13,TATGCATCGCAAGCAAGCGG,0,2508752
mhpRp2,0.07142857142857142,13,13,TATGAATTAACGATTCTGAG,0,2522365
mhpRp2,0.07142857142857142,13,13,TATCTTAGGGCTTCCCTGTG,0,2482047
mhpRp2,0.07142857142857142,13,13,TATCCAGGAAGAAAGCTTCA,0,2481138
mhpRp2,0.07142857142857142,13,13,TATCACCGAAAGCACTAGAA,0,2481760
mhpRp2,0.07142857142857142,13,13,TATATTCTATCTTAATATAC,0,2483183
mhpRp2,0.07142857142857142,13,13,TAGGTGATAGGTCCATCACT,0,2519543
mhpRp2,0.07142857142857142,13,13,TAGGGTATCCCGTAAATGTT,0,2520333
mhpRp2,0.07142857142857142,13,13,TAGCCGGCCCCATAGGTTTG,0,2516101
mhpRp2,0.07142857142857142,13,13,TAGATGCAACTGCAAAGCAG,0,2519044
mhpRp2,0.07142857142857142,13,13,TAGACCTACTGAATCTTAGA,0,2537771
mhpRp2,0.07142857142857142,13,13,TACGTGGAAATCCGTAACGT,0,2539484
mhpRp2,0.07142857142857142,13,13,TACGTAAGCTAATTATCCCG,0,2529466
mhpRp2,0.07142857142857142,13,13,TACCGGGAAACGGAACCGTA,0,2515311
mhpRp2,0.07142857142857142,13,13,TACCGCATCCAAGCTTACGG,0,2539720
mhpRp2,0.07142857142857142,13,13,TACCATGATTTGCGCGTCCG,0,2544162
mhpRp2,0.07142857142857142,13,13,TACCACCAAATGGGCTACGG,0,2512847
mhpRp2,0.07142857142857142,13,13,TACACGTCGCTCTCCCTTTG,0,2496795
mhpRp2,0.07142857142857142,13,13,TACACGCGTGATACAGATAT,0,2524594
mhpRp2,0.07142857142857142,13,13,TAATCGTTGCCTCACGTGAT,0,2519122
mhpRp2,0.07142857142857142,13,13,TAAGTCTAGGGGCGTGTAGC,0,2505086
mhpRp2,0.07142857142857142,13,13,TAAGACCCGGGCGTGTGTAC,0,2496630
mhpRp2,0.07142857142857142,13,13,TAACATAGGGAAAGAACTTA,0,2483189
mhpRp2,0.07142857142857142,13,13,TAACAAGCAGATTTAAGACC,0,2506809
mhpRp2,0.07142857142857142,13,13,TAACAACGAACTCCCTTCAG,0,2502287
mhpRp2,0.07142857142857142,13,13,TAAATGACACCACGGCATGG,0,2509445
mhpRp2,0.07142857142857142,13,13,GTTTCTAACCGCAGTGTCAT,0,2539314
mhpRp2,0.07142857142857142,13,13,GTTTATACGGTACGCCAACC,0,2479945
mhpRp2,0.07142857142857142,13,13,GTTGGCCGTCTCGTATGAAA,0,2520005
mhpRp2,0.07142857142857142,13,13,GTTGATCGTATGGGGGGAGA,0,2519041
mhpRp2,0.07142857142857142,13,13,GTTCGAATGTGCAAGGACAA,0,2488983
mhpRp2,0.07142857142857142,13,13,GTTCCCGCAGATTTGGTGTA,0,2496077
mhpRp2,0.07142857142857142,13,13,GTTAGTTAAGGAGAGATGGA,0,2486304
mhpRp2,0.07142857142857142,13,13,GTGGGGGGCGTTCCGTCTTC,0,2488771
mhpRp2,0.07142857142857142,13,13,GTGCTACACTGCTGACAAGG,0,2525698
mhpRp2,0.07142857142857142,13,13,GTGCGAACTGGACGCGACTA,0,2529737
mhpRp2,0.07142857142857142,13,13,GTGCCTGAGAGGTCCCTTGG,0,2487211
mhpRp2,0.07142857142857142,13,13,GTGCCCATCAACACATGTCT,0,2510329
mhpRp2,0.07142857142857142,13,13,GTGCAAGCCTTCTGGGCGCA,0,2536456
mhpRp2,0.07142857142857142,13,13,GTGATCACTTCGTCAGATCG,0,2515801
mhpRp2,0.07142857142857142,13,13,GTGAGCAGCGCGGCAAATAT,0,2494671
mhpRp2,0.07142857142857142,13,13,GTGAGATTAGTCTGGACATA,0,2509202
mhpRp2,0.07142857142857142,13,13,GTGAATTCACAGGACGGCCT,0,2509447
mhpRp2,0.07142857142857142,13,13,GTGAAGCTGACCAATACCCA,0,2530538
mhpRp2,0.07142857142857142,13,13,GTCTTGGTTACTGGACAACC,0,2491613
mhpRp2,0.07142857142857142,13,13,GTCGATAGGTATAAGGTGTG,0,2507043
mhpRp2,0.07142857142857142,13,13,GTCCTAGGGGCGATGCACTC,0,2506144
mhpRp2,0.07142857142857142,13,13,GTCCGGGGTTCTTTTTAATT,0,2511615
mhpRp2,0.07142857142857142,13,13,GTCCGAGTAAATGGGCCATG,0,2489550
mhpRp2,0.07142857142857142,13,13,GTCAAAAAGCGGTTTCTGAC,0,2522523
mhpRp2,0.07142857142857142,13,13,GTATCGACGTACCCCGTGAC,0,2479595
mhpRp2,0.07142857142857142,13,13,GTAGCTCCTCCACCGTACAT,0,2509057
mhpRp2,0.07142857142857142,13,13,GTAGCGGTCATAGTCCGCAG,0,2509414
mhpRp2,0.07142857142857142,13,13,GTACAATCGGCTGTGTGGCT,0,2494691
mhpRp2,0.07142857142857142,13,13,GTAAGAACGTACCCCGCAGC,0,2513677
mhpRp2,0.07142857142857142,13,13,GGTTGTAATTTTTCGAGGAA,0,2491558
mhpRp2,0.07142857142857142,13,13,GGTTGGACGTCAGTCTGTCT,0,2533247
mhpRp2,0.07142857142857142,13,13,GGTTCAGCACCTCATCCATG,0,2490103
mhpRp2,0.07142857142857142,13,13,GGTTATGGTCCTTCCGAGTG,0,2505702
mhpRp2,0.07142857142857142,13,13,GGTTACCTTGCTTAACAGGA,0,2527973
mhpRp2,0.07142857142857142,13,13,GGTGCGTAAGTGCAGCCAGA,0,2483860
mhpRp2,0.07142857142857142,13,13,GGTCCAAGTTCGTTGCGAAC,0,2527536
mhpRp2,0.07142857142857142,13,13,GGGTAAACTGCGTTGTGAAA,0,2540942
mhpRp2,0.07142857142857142,13,13,GGGCGTAACTGAGTGTCACG,0,2519892
mhpRp2,0.07142857142857142,13,13,GGGCAGCAAGGTTATTAATG,0,2524948
mhpRp2,0.07142857142857142,13,13,GGGACGTATGACCCCAGAGT,0,2499085
mhpRp2,0.07142857142857142,13,13,GGCTGCAGGTCCGAAATTTG,0,2491117
mhpRp2,0.07142857142857142,13,13,GGCTATAGAGCATTTTAGTT,0,2509038
mhpRp2,0.07142857142857142,13,13,GGCTAGGACGAGATGAAGCT,0,2545460
mhpRp2,0.07142857142857142,13,13,GGCCGGCTTTCATAGGCTCT,0,2480166
mhpRp2,0.07142857142857142,13,13,GGCCGCAGCGTTAATGTGCA,0,2484557
mhpRp2,0.07142857142857142,13,13,GGCCCAATAGGCCGCTGTCG,0,2535592
mhpRp2,0.07142857142857142,13,13,GGCACCCACGCAGTTTTGTA,0,2515411
mhpRp2,0.07142857142857142,13,13,GGATTCGGGAATCGCGGCTA,0,2482809
mhpRp2,0.07142857142857142,13,13,GGATGAGAGGTACGCGATTT,0,2479666
mhpRp2,0.07142857142857142,13,13,GGATCGGTGACACCGGGGGT,0,2486353
mhpRp2,0.07142857142857142,13,13,GGATCCGTTATTGACAAAGG,0,2487272
mhpRp2,0.07142857142857142,13,13,GGATCAGCCACAAGGGTTCT,0,2505526
mhpRp2,0.07142857142857142,13,13,GGAGTCTCTCAACCTCCTGA,0,2489735
mhpRp2,0.07142857142857142,13,13,GGAGTAGATGCATATATGCT,0,2536257
mhpRp2,0.07142857142857142,13,13,GGAGCTGCGTCGGCCCGTAT,0,2500589
mhpRp2,0.07142857142857142,13,13,GGACACAACTTTAGATAGCG,0,2520633
mhpRp2,0.07142857142857142,13,13,GGAAAATTTAGTTTACGCAA,0,2492973
mhpRp2,0.07142857142857142,13,13,GCTGTAGCAACGCGTACTGC,0,2514430
mhpRp2,0.07142857142857142,13,13,GCTGTAAAGTACTGGGATTT,0,2486781
mhpRp2,0.07142857142857142,13,13,GCTGGCACAACGACGGTAGC,0,2487631
mhpRp2,0.07142857142857142,13,13,GCGTTGTAATTGCCCCTTAA,0,2485947
mhpRp2,0.07142857142857142,13,13,GCGTATTGCGGTTCGCGATA,0,2484105
mhpRp2,0.07142857142857142,13,13,GCGGGTACTGTTTTTGAGAT,0,2519374
mhpRp2,0.07142857142857142,13,13,GCGGCTATGTGTTCTCATGT,0,2537884
mhpRp2,0.07142857142857142,13,13,GCGGCCTTGACCGTGTTTGG,0,2480042
mhpRp2,0.07142857142857142,13,13,GCGGAGGTTATCATAGGCTA,0,2485327
mhpRp2,0.07142857142857142,13,13,GCGATCATCCTACCCAACTG,0,2539591
mhpRp2,0.07142857142857142,13,13,GCGAGCGTGATCGGGTCCCA,0,2527910
mhpRp2,0.07142857142857142,13,13,GCGAGAATGCATGAAGTAAG,0,2496611
mhpRp2,0.07142857142857142,13,13,GCGAATTTTTGTGGAGATTA,0,2501040
mhpRp2,0.07142857142857142,13,13,GCCTGTCTGTCCAGCACGCG,0,2480092
mhpRp2,0.07142857142857142,13,13,GCCTAATAAATCGCGGCCCG,0,2522627
mhpRp2,0.07142857142857142,13,13,GCCGGCCGTTGCTGCTGCTG,0,2515405
mhpRp2,0.07142857142857142,13,13,GCCGAAGCACCAATGAGGAC,0,2495277
mhpRp2,0.07142857142857142,13,13,GCCCGGATTAGGGACTGAAC,0,2516884
mhpRp2,0.07142857142857142,13,13,GCCATATATGGTTAGTTAGT,0,2518128
mhpRp2,0.07142857142857142,13,13,GCCAGCTCACCATCACATCG,0,2500968
mhpRp2,0.07142857142857142,13,13,GCATAGCCGAGGGAGCTGTT,0,2540619
mhpRp2,0.07142857142857142,13,13,GCATAAGACCCGTACTCAAA,0,2483244
mhpRp2,0.07142857142857142,13,13,GCAATCCGAATCCGACGGGT,0,2523061
mhpRp2,0.07142857142857142,13,13,GATGCCCAGCAATACAAATC,0,2495269
mhpRp2,0.07142857142857142,13,13,GATCTACGGCAGTGAAGCAT,0,2480170
mhpRp2,0.07142857142857142,13,13,GATAGATGACCGGTCCATAT,0,2539007
mhpRp2,0.07142857142857142,13,13,GATACAGATGCGGTATGAAG,0,2480133
mhpRp2,0.07142857142857142,13,13,GATAATTTTGATCAGCAGGG,0,2512957
mhpRp2,0.07142857142857142,13,13,GATAAGCGCGCCTTCGATGA,0,2502430
mhpRp2,0.07142857142857142,13,13,GATAAAGGAACGAATCACGG,0,2499021
mhpRp2,0.07142857142857142,13,13,GAGTCGCGTGTAGACCTTCT,0,2516621
mhpRp2,0.07142857142857142,13,13,GAGTCAAACATTTGGACGCA,0,2487803
mhpRp2,0.07142857142857142,13,13,GAGTATCTGAGCATAGAGGT,0,2540913
mhpRp2,0.07142857142857142,13,13,GAGGCCATTTAATGCCATTG,0,2514004
mhpRp2,0.07142857142857142,13,13,GAGGACATCTAGTGAAACGC,0,2532247
mhpRp2,0.07142857142857142,13,13,GAGCTTTCAAGGGTTCACAG,0,2543581
mhpRp2,0.07142857142857142,13,13,GAGCTTGAGCTCACTGATTT,0,2543433
mhpRp2,0.07142857142857142,13,13,GAGCAAAGTTAACTAGGCAG,0,2534309
mhpRp2,0.07142857142857142,13,13,GAGATGAAGCCTGGCTGCTC,0,2504056
mhpRp2,0.07142857142857142,13,13,GAGATAGCGCTTTTAAGACA,0,2529290
mhpRp2,0.07142857142857142,13,13,GACTTTACCGCTTATTGTGG,0,2489003
mhpRp2,0.07142857142857142,13,13,GACTTGGTAGTATGTGAGGC,0,2520749
mhpRp2,0.07142857142857142,13,13,GACGGCAGAAAGGCCGAGGA,0,2494796
mhpRp2,0.07142857142857142,13,13,GACCTTGGTGCCGAACTCAA,0,2485757
mhpRp2,0.07142857142857142,13,13,GACCTCCTTCGCAGACCGAT,0,2527282
mhpRp2,0.07142857142857142,13,13,GACCACGGACATTCGTTGGT,0,2543961
mhpRp2,0.07142857142857142,13,13,GACACACAAGGGGGCCACCA,0,2516690
mhpRp2,0.07142857142857142,13,13,GAATTGACTCGCCCCTGCAA,0,2503193
mhpRp2,0.07142857142857142,13,13,GAATTCTCATTCGATATGAC,0,2511643
mhpRp2,0.07142857142857142,13,13,GAATGTAGCAATTAAACCCT,0,2504486
mhpRp2,0.07142857142857142,13,13,GAATACCGACGGATCCCGCA,0,2508823
mhpRp2,0.07142857142857142,13,13,GAAGTTCTAGAAGCCAACGG,0,2530488
mhpRp2,0.07142857142857142,13,13,GAAGGTGATTCGTTAGGCAG,0,2493705
mhpRp2,0.07142857142857142,13,13,GAAGCCCATCCAATAAGGGT,0,2531280
mhpRp2,0.07142857142857142,13,13,CTTTGGCCTGTCTACCAGCT,0,2492636
mhpRp2,0.07142857142857142,13,13,CTTTGCTACGAACAAGCCGG,0,2482155
mhpRp2,0.07142857142857142,13,13,CTTGTGACCGCGAGGCAAAT,0,2535900
mhpRp2,0.07142857142857142,13,13,CTTGTCACTGTAGCGGAGAC,0,2505554
mhpRp2,0.07142857142857142,13,13,CTTGGTGTGGTTATATACTC,0,2502513
mhpRp2,0.07142857142857142,13,13,CTTGGGGATAACCCGCCAAT,0,2481140
mhpRp2,0.07142857142857142,13,13,CTTGATGTCGGTGCCAAGGT,0,2494498
mhpRp2,0.07142857142857142,13,13,CTTAGTCACATTTTGTGTCC,0,2512698
mhpRp2,0.07142857142857142,13,13,CTGGGTCAGTGCTTATTTGA,0,2516925
mhpRp2,0.07142857142857142,13,13,CTGGGTATATAGTCAGGACA,0,2538151
mhpRp2,0.07142857142857142,13,13,CTGATACCATCTGTTATAAC,0,2534920
mhpRp2,0.07142857142857142,13,13,CTGAGGTACGGGTGAATATA,0,2483819
mhpRp2,0.07142857142857142,13,13,CTGAGGCTTCCCTGTTGGTT,0,2489595
mhpRp2,0.07142857142857142,13,13,CTGAGATGATCAGACCTTCG,0,2521288
mhpRp2,0.07142857142857142,13,13,CTCTCCTCACTGGTTCCTCA,0,2497604
mhpRp2,0.07142857142857142,13,13,CTCGTATCCCTGGACCTTCT,0,2519843
mhpRp2,0.07142857142857142,13,13,CTCGGGCTGCTGTCGGACCC,0,2498969
mhpRp2,0.07142857142857142,13,13,CTCCTCTGTATGACTAGCGG,0,2535833
mhpRp2,0.07142857142857142,13,13,CTCCGTTGCGCGGATGTGAT,0,2539340
mhpRp2,0.07142857142857142,13,13,CTCAATTAGGGGGTACCCAG,0,2505325
mhpRp2,0.07142857142857142,13,13,CTCAACATTTTCATAATGAG,0,2479708
mhpRp2,0.07142857142857142,13,13,CTCAAAGAGGAAAAATTTTT,0,2495493
mhpRp2,0.07142857142857142,13,13,CTATATGTGTTCTTTAGTTG,0,2481644
mhpRp2,0.07142857142857142,13,13,CTATAGCTGGTGGGCCGGTG,0,2498604
mhpRp2,0.07142857142857142,13,13,CTACGCCGAGGTCGGGAGTA,0,2502956
mhpRp2,0.07142857142857142,13,13,CTAACTTTGGGTATCCATCA,0,2480260
mhpRp2,0.07142857142857142,13,13,CGTTTTAGTGACCCTCGCAT,0,2511641
mhpRp2,0.07142857142857142,13,13,CGTGAGGGGAGCTTTGACGA,0,2511824
mhpRp2,0.07142857142857142,13,13,CGTAGGGGACTCAAAACACA,0,2491931
mhpRp2,0.07142857142857142,13,13,CGGTTGTCCGAAGTGGTCAA,0,2489982
mhpRp2,0.07142857142857142,13,13,CGGTAGCCTCAGCTAGACCT,0,2482357
mhpRp2,0.07142857142857142,13,13,CGGTACCGATTCCAACATTA,0,2527064
mhpRp2,0.07142857142857142,13,13,CGGGTATTGTTTGCCGGGCA,0,2488369
mhpRp2,0.07142857142857142,13,13,CGGGGGGGCAGAATAACGAA,0,2540637
mhpRp2,0.07142857142857142,13,13,CGGGATTCAAAATTAGATAA,0,2502046
mhpRp2,0.07142857142857142,13,13,CGGCTTTCGTTGACACCTAT,0,2543060
mhpRp2,0.07142857142857142,13,13,CGGATACACTAATCGAATTC,0,2519476
mhpRp2,0.07142857142857142,13,13,CGCGTCGTTGATTGCCTGGA,0,2501493
mhpRp2,0.07142857142857142,13,13,CGCGCATGAGCTGATAGAGC,0,2494933
mhpRp2,0.07142857142857142,13,13,CGCGATTAAGAGCAGACCGG,0,2533626
mhpRp2,0.07142857142857142,13,13,CGCGAGAGAGGGAGGGAAAG,0,2533657
mhpRp2,0.07142857142857142,13,13,CGCGAAGGAGTATTATCACA,0,2518653
mhpRp2,0.07142857142857142,13,13,CGCCTCACGGATTAAAAACT,0,2507624
mhpRp2,0.07142857142857142,13,13,CGCCGCTGAGCGTCAATCAT,0,2500491
mhpRp2,0.07142857142857142,13,13,CGATGTACACCGCACACTTC,0,2495349
mhpRp2,0.07142857142857142,13,13,CGAGTGAGGGCTGCGACTAA,0,2543434
mhpRp2,0.07142857142857142,13,13,CGAGCGCGGTCTTACTGAAT,0,2484044
mhpRp2,0.07142857142857142,13,13,CGAGCCATATAGGAGAGTAG,0,2489984
mhpRp2,0.07142857142857142,13,13,CGACTCCTTATGGTTTCGGT,0,2491355
mhpRp2,0.07142857142857142,13,13,CCTTTCCTTCATAGGCTTTT,0,2533085
mhpRp2,0.07142857142857142,13,13,CCTGGGAATATTAATACAAA,0,2517166
mhpRp2,0.07142857142857142,13,13,CCTGGGAAGTTCTAAGTCCG,0,2504341
mhpRp2,0.07142857142857142,13,13,CCTGCTCTGGCGACAGCAGC,0,2531322
mhpRp2,0.07142857142857142,13,13,CCTGCGTAACTGGGGCTTCT,0,2500112
mhpRp2,0.07142857142857142,13,13,CCTGAACAGCTATCCACCAA,0,2516657
mhpRp2,0.07142857142857142,13,13,CCTCCCAGTTGGGGGCCTAG,0,2540896
mhpRp2,0.07142857142857142,13,13,CCTCAGCAAAACGAATAAGT,0,2529111
mhpRp2,0.07142857142857142,13,13,CCTAGAATGTCACGCAGGTA,0,2519958
mhpRp2,0.07142857142857142,13,13,CCGTTCTACAGGTGCCGAAC,0,2488146
mhpRp2,0.07142857142857142,13,13,CCGTTCAGCTGCACTGGGTG,0,2515136
mhpRp2,0.07142857142857142,13,13,CCGTCATTTGTTGGGTTTCA,0,2529492
mhpRp2,0.07142857142857142,13,13,CCGTAACTTCACGAGGTGAC,0,2510176
mhpRp2,0.07142857142857142,13,13,CCGGTCTTTCGTTATCGCAG,0,2487657
mhpRp2,0.07142857142857142,13,13,CCGGCTACGGACGGTAACTT,0,2529591
mhpRp2,0.07142857142857142,13,13,CCGGAGCATACAGGGACCGC,0,2522257
mhpRp2,0.07142857142857142,13,13,CCGATTCGGTCTCACAGGCA,0,2494385
mhpRp2,0.07142857142857142,13,13,CCGAGGCCGTCATATTCTAT,0,2490866
mhpRp2,0.07142857142857142,13,13,CCGAATCGCCATACCATACA,0,2503640
mhpRp2,0.07142857142857142,13,13,CCCGGAAATTTTCAGTGTCA,0,2516538
mhpRp2,0.07142857142857142,13,13,CCCAGCCGCAGCCCAAATCA,0,2527477
mhpRp2,0.07142857142857142,13,13,CCCACGGTTCGCGCGTCACA,0,2528679
mhpRp2,0.07142857142857142,13,13,CCATTGCTTCCTGTTGTGAA,0,2508622
mhpRp2,0.07142857142857142,13,13,CCATAGGCGAGGTACGGTGA,0,2536708
mhpRp2,0.07142857142857142,13,13,CCAGCACCACGAACTAGGTC,0,2517994
mhpRp2,0.07142857142857142,13,13,CCAGACTTGTTCCCATCAGA,0,2531578
mhpRp2,0.07142857142857142,13,13,CCACGTTATATGATGCAACT,0,2501536
mhpRp2,0.07142857142857142,13,13,CCACGGATTTCTGAACACCA,0,2536399
mhpRp2,0.07142857142857142,13,13,CCACGCAGGCGGTCTGATGA,0,2513289
mhpRp2,0.07142857142857142,13,13,CCAAATTCGATGTGAAAAGC,0,2536500
mhpRp2,0.07142857142857142,13,13,CATTTGTTCCCGGATATCTG,0,2505282
mhpRp2,0.07142857142857142,13,13,CATTGACCGGTGCGCGGGGT,0,2531573
mhpRp2,0.07142857142857142,13,13,CATTGAACAGCACTACATTA,0,2488391
mhpRp2,0.07142857142857142,13,13,CATGAGTCAGTACGATGATC,0,2519170
mhpRp2,0.07142857142857142,13,13,CATACTCCGTATAATCTTGT,0,2485777
mhpRp2,0.07142857142857142,13,13,CAGTTACAGTGGTAGTTTTG,0,2504062
mhpRp2,0.07142857142857142,13,13,CAGTATTACGTGTTTTCTTA,0,2483474
mhpRp2,0.07142857142857142,13,13,CAGCGATCCCCAATGAGACG,0,2501006
mhpRp2,0.07142857142857142,13,13,CAGCCTTCTGCCACGGAAAT,0,2494744
mhpRp2,0.07142857142857142,13,13,CAGAAAAACAATCCCGGGAT,0,2505135
mhpRp2,0.07142857142857142,13,13,CACTATAGATAAAATGATAA,0,2483054
mhpRp2,0.07142857142857142,13,13,CACGTTCCCAGGACATTCCA,0,2540127
mhpRp2,0.07142857142857142,13,13,CACGGTCCCTGAATTAAGCG,0,2485614
mhpRp2,0.07142857142857142,13,13,CACCATAAGTGTGAGGGATA,0,2483116
mhpRp2,0.07142857142857142,13,13,CACAGGTAGTACCCGGCTGT,0,2535515
mhpRp2,0.07142857142857142,13,13,CACACGCCTGGAGAAATAAC,0,2539378
mhpRp2,0.07142857142857142,13,13,CACACGACTCGGGGTGGACG,0,2511153
mhpRp2,0.07142857142857142,13,13,CACAACTTAGTCTAGGGGTA,0,2520365
mhpRp2,0.07142857142857142,13,13,CAATGTGTTATCCCTTACGT,0,2540662
mhpRp2,0.07142857142857142,13,13,CAATGCCTATGGCCCTATTT,0,2519949
mhpRp2,0.07142857142857142,13,13,CAATCTTTGATCTAAATCTT,0,2486621
mhpRp2,0.07142857142857142,13,13,CAATAAGAGAATAACTGTCT,0,2512660
mhpRp2,0.07142857142857142,13,13,CAACGCTTCTTGAAGCCCCA,0,2531443
mhpRp2,0.07142857142857142,13,13,CAACGCTAGGAGAATGGCGA,0,2480083
mhpRp2,0.07142857142857142,13,13,CAACCAGACAACAACGCTAA,0,2514314
mhpRp2,0.07142857142857142,13,13,ATTTGAGGAACCGGCGTGGT,0,2529383
mhpRp2,0.07142857142857142,13,13,ATTTCAACGTGCTGGCACAG,0,2542471
mhpRp2,0.07142857142857142,13,13,ATTGACTTGCATGCGTATTC,0,2521219
mhpRp2,0.07142857142857142,13,13,ATTACGGCAGCTCTACTACT,0,2516806
mhpRp2,0.07142857142857142,13,13,ATGGTCAAACACCCTACCGG,0,2532324
mhpRp2,0.07142857142857142,13,13,ATGGGTTTTGTGCCGTTTAG,0,2521215
mhpRp2,0.07142857142857142,13,13,ATGGCATATACAGCAATTAA,0,2543809
mhpRp2,0.07142857142857142,13,13,ATGCTCTGACGCGCAAAATC,0,2532718
mhpRp2,0.07142857142857142,13,13,ATGCCGCCCGGCTTCAACGG,0,2538936
mhpRp2,0.07142857142857142,13,13,ATGCCGCAATTCGTGCGAAT,0,2514675
mhpRp2,0.07142857142857142,13,13,ATGAGGTGTCGGTGTTTTGG,0,2543098
mhpRp2,0.07142857142857142,13,13,ATGAGGTACTCGTCCCAACC,0,2537823
mhpRp2,0.07142857142857142,13,13,ATGAGGCACATATATGGGGG,0,2540355
mhpRp2,0.07142857142857142,13,13,ATGACACTGACCTTCACACT,0,2518933
mhpRp2,0.07142857142857142,13,13,ATGAATTTAGCGGAAAGGCC,0,2504530
mhpRp2,0.07142857142857142,13,13,ATCTGGCAGATCAAAGTACT,0,2516710
mhpRp2,0.07142857142857142,13,13,ATCTCCGGCGTAAAACATAA,0,2523532
mhpRp2,0.07142857142857142,13,13,ATCGAGCCAGTACACAAAGT,0,2485550
mhpRp2,0.07142857142857142,13,13,ATCCGGCCGGACCGCATAAC,0,2542626
mhpRp2,0.07142857142857142,13,13,ATCCCTATCATTCGAAAAGA,0,2498803
mhpRp2,0.07142857142857142,13,13,ATCAGTCAAGGGATCCTGTA,0,2505595
mhpRp2,0.07142857142857142,13,13,ATCAAATGATTAGTAGGCCT,0,2510317
mhpRp2,0.07142857142857142,13,13,ATATTTGCATAAGCAGCTGG,0,2486679
mhpRp2,0.07142857142857142,13,13,ATATGTGGGTGTATCTGATA,0,2511965
mhpRp2,0.07142857142857142,13,13,ATATGAAGCACATGGGCACT,0,2487697
mhpRp2,0.07142857142857142,13,13,ATATCGTGTTTCCGTAGGCG,0,2534832
mhpRp2,0.07142857142857142,13,13,ATATAAAGGTGCGCGGCTAT,0,2512368
mhpRp2,0.07142857142857142,13,13,ATAGTGAGTCGGGACACTCG,0,2507172
mhpRp2,0.07142857142857142,13,13,ATAATATACCATCATGGTTA,0,2503593
mhpRp2,0.07142857142857142,13,13,ATAAGTTCATTGAATCGGAA,0,2490015
mhpRp2,0.07142857142857142,13,13,AGTTGTTGCAAGAATGTGTA,0,2507170
mhpRp2,0.07142857142857142,13,13,AGTTCCCCGTAGAACAATGA,0,2538355
mhpRp2,0.07142857142857142,13,13,AGTGTTCCGTATATTCCTGG,0,2501723
mhpRp2,0.07142857142857142,13,13,AGTGGCTGTCCGTACGAGGG,0,2541391
mhpRp2,0.07142857142857142,13,13,AGTGGAGCAGGATGATTAAG,0,2497228
mhpRp2,0.07142857142857142,13,13,AGTGCTGTGTGGCGGGATGT,0,2490878
mhpRp2,0.07142857142857142,13,13,AGTCGCCCCTACGGAGGAAT,0,2506880
mhpRp2,0.07142857142857142,13,13,AGTAGGTGTTCAACAGGCGA,0,2539318
mhpRp2,0.07142857142857142,13,13,AGTAGCGCCCGGTACCTGCC,0,2512756
mhpRp2,0.07142857142857142,13,13,AGGTGTTTCATAATGTCGTT,0,2530505
mhpRp2,0.07142857142857142,13,13,AGGGCAGCCCAGTGCCTGTA,0,2481505
mhpRp2,0.07142857142857142,13,13,AGGCGATAGGTTTCGAGGTT,0,2488475
mhpRp2,0.07142857142857142,13,13,AGGAGGGCGGTAGGCCGGTG,0,2531839
mhpRp2,0.07142857142857142,13,13,AGGAGCCTCGATACGACACA,0,2508448
mhpRp2,0.07142857142857142,13,13,AGGAGCCCGGCCTTTTTGCT,0,2510924
mhpRp2,0.07142857142857142,13,13,AGGACTAATAGAATCACACA,0,2541229
mhpRp2,0.07142857142857142,13,13,AGGAAGCTGTGTGGTGTTCA,0,2499438
mhpRp2,0.07142857142857142,13,13,AGGAAAGCCGGGGTTAACGT,0,2528867
mhpRp2,0.07142857142857142,13,13,AGCTTATCGTGCGGTCGGGT,0,2507276
mhpRp2,0.07142857142857142,13,13,AGCTGAGTTTGGATAATGCA,0,2502420
mhpRp2,0.07142857142857142,13,13,AGCTGAACTTAGCTTTGATC,0,2509409
mhpRp2,0.07142857142857142,13,13,AGCTAGGGCAAAGCCAAGGT,0,2543280
mhpRp2,0.07142857142857142,13,13,AGCTAACTGGACCTGCGGGG,0,2513241
mhpRp2,0.07142857142857142,13,13,AGCATCTGTGTGCTTATCTA,0,2537935
mhpRp2,0.07142857142857142,13,13,AGCAGAGATCAATTTGCTCT,0,2536420
mhpRp2,0.07142857142857142,13,13,AGCAAACAAATGCTAGGTGA,0,2525813
mhpRp2,0.07142857142857142,13,13,AGATTCTCACAGGTTCCGTG,0,2488015
mhpRp2,0.07142857142857142,13,13,AGATCTCGGGTCTGTATCAC,0,2491309
mhpRp2,0.07142857142857142,13,13,AGATACCCAATATCAGCTAC,0,2494550
mhpRp2,0.07142857142857142,13,13,AGACTGATGGATTTGATGAG,0,2540900
mhpRp2,0.07142857142857142,13,13,AGACTGAATTCGAATCATCT,0,2512824
mhpRp2,0.07142857142857142,13,13,AGACACGTATGCAGTCGGGG,0,2518995
mhpRp2,0.07142857142857142,13,13,ACTTTAGCCCGTGCATTTTA,0,2515253
mhpRp2,0.07142857142857142,13,13,ACTTGTAACTAATTACGGGT,0,2495896
mhpRp2,0.07142857142857142,13,13,ACTGGGCAGCTGCATCTGAT,0,2539642
mhpRp2,0.07142857142857142,13,13,ACTGGCGCCTCCATTCGTAA,0,2544056
mhpRp2,0.07142857142857142,13,13,ACTGCCTACGACGCTATCTC,0,2494140
mhpRp2,0.07142857142857142,13,13,ACTCATTCGATGCCGGAGTG,0,2489051
mhpRp2,0.07142857142857142,13,13,ACTCAGAGTCCCTGTAGACT,0,2509575
mhpRp2,0.07142857142857142,13,13,ACTAAACTTGATTCGGGGTC,0,2534331
mhpRp2,0.07142857142857142,13,13,ACGGGGCTTTCGGCCCGGGT,0,2540028
mhpRp2,0.07142857142857142,13,13,ACGGAACTGTCTTTCGGGGG,0,2505933
mhpRp2,0.07142857142857142,13,13,ACGCTAACGCGAAGTATTCT,0,2502380
mhpRp2,0.07142857142857142,13,13,ACGCGTTGTAACACGCACAA,0,2528686
mhpRp2,0.07142857142857142,13,13,ACGCCGTTGTCTAAAGAATC,0,2514127
mhpRp2,0.07142857142857142,13,13,ACGAGCGTATCACATAAGCG,0,2534610
mhpRp2,0.07142857142857142,13,13,ACCTTAAATCGAGGGTACAG,0,2481311
mhpRp2,0.07142857142857142,13,13,ACCCTTAACGCTGGCTTCTG,0,2522821
mhpRp2,0.07142857142857142,13,13,ACCCGAAGTTCAGCGGTTTG,0,2483421
mhpRp2,0.07142857142857142,13,13,ACCATACATAAATGATTTGT,0,2536248
mhpRp2,0.07142857142857142,13,13,ACCAATCTCAACCGATAAGG,0,2533932
mhpRp2,0.07142857142857142,13,13,ACCAAGCGTCGATACCATTA,0,2479858
mhpRp2,0.07142857142857142,13,13,ACCAAAGTTGTTCTCGATTC,0,2480988
mhpRp2,0.07142857142857142,13,13,ACATCGAGAGGGCTCGAGAA,0,2531281
mhpRp2,0.07142857142857142,13,13,ACAGGTAACTCCGGGACATA,0,2539479
mhpRp2,0.07142857142857142,13,13,ACAGATTTGCTGAGTTGACC,0,2489734
mhpRp2,0.07142857142857142,13,13,ACAATATTCTGTATCCAGGT,0,2493564
mhpRp2,0.07142857142857142,13,13,AATTCCTGTGGCATCTCGCA,0,2514250
mhpRp2,0.07142857142857142,13,13,AATGTTGGCGGGTGAGTTCT,0,2496545
mhpRp2,0.07142857142857142,13,13,AATGGGTCTAATCAAACAGT,0,2514830
mhpRp2,0.07142857142857142,13,13,AATCCGTATCGGGTTTGATA,0,2506739
mhpRp2,0.07142857142857142,13,13,AATCCCTCGAAGCTCACCGT,0,2506915
mhpRp2,0.07142857142857142,13,13,AATCCATGGCTTTCTCTCTA,0,2539713
mhpRp2,0.07142857142857142,13,13,AATCCACGAGATGGCACAGT,0,2523733
mhpRp2,0.07142857142857142,13,13,AATCACCTTCGCAGGGTACT,0,2506316
mhpRp2,0.07142857142857142,13,13,AATCAAAGGCTATCCCACTG,0,2543500
mhpRp2,0.07142857142857142,13,13,AATAAAATGTTGTGACGAGG,0,2504510
mhpRp2,0.07142857142857142,13,13,AAGTCGAGCACTTTCTCCCA,0,2529662
mhpRp2,0.07142857142857142,13,13,AAGTCCTAGGCGTGTCGCTT,0,2533598
mhpRp2,0.07142857142857142,13,13,AAGTATGCAATAGGCATGTT,0,2541587
mhpRp2,0.07142857142857142,13,13,AAGGTGTGCCTGTGGGCGTT,0,2544707
mhpRp2,0.07142857142857142,13,13,AAGGCGGCCAATCATAGCAG,0,2508198
mhpRp2,0.07142857142857142,13,13,AAGCCAACAGGGCCAACGGC,0,2503722
mhpRp2,0.07142857142857142,13,13,AAGATCTCCATGCTTGGTGC,0,2484978
mhpRp2,0.07142857142857142,13,13,AAGATAAGATTAGGTCCGTA,0,2486614
mhpRp2,0.07142857142857142,13,13,AAGAGTCCCCTGACTTCCAT,0,2485006
mhpRp2,0.07142857142857142,13,13,AAGAACCACAACTTTCTTAA,0,2484081
mhpRp2,0.07142857142857142,13,13,AACTCTTAACTGGGCTTGTT,0,2506494
mhpRp2,0.07142857142857142,13,13,AACGCTTAGCTCATCACGAT,0,2494252
mhpRp2,0.07142857142857142,13,13,AACGCCCCTCCGGTGCCTCA,0,2543995
mhpRp2,0.07142857142857142,13,13,AACCAGTCGGGATACCATAA,0,2504738
mhpRp2,0.07142857142857142,13,13,AACACGTCTTTAGTGGGGAC,0,2545283
mhpRp2,0.07142857142857142,13,13,AAATTGGGTGCGTTCGATCT,0,2531069
mhpRp2,0.07142857142857142,13,13,AAATGACATTTGCGGGTGCA,0,2526290
mhpRp2,0.07142857142857142,13,13,AAATAGATAATTCAACGCAG,0,2497934
mhpRp2,0.07142857142857142,13,13,AAATAACTGGTTTACCCTAT,0,2540102
mhpRp2,0.07142857142857142,13,13,AAAGCCTGGTATCACATGGA,0,2511370
mhpRp2,0.07142857142857142,13,13,AAAGCCCATCAATCGTCTGG,0,2499241
mhpRp2,0.07142857142857142,13,13,AAAGATGTACCCGCTGTGAT,0,2536040
mhpRp2,0.07142857142857142,13,13,AAACGTTGATGTATTTGACA,0,2526616
mhpRp2,0.07142857142857142,13,13,AAACGAAACGGTACTTGTTC,0,2530040
mhpRp2,0.07142857142857142,13,13,AAACCAGGAGCACATTAATG,0,2536509
mhpRp2,0.07142857142857142,13,13,AAAAGGCGTTTCTTCATTGC,0,2511013
mhpRp2,0.07142857142857142,13,13,AAAAATCAACACCTCGCCTA,0,2530058
mhpRp2,0.07142857142857142,13,13,AAAAAGGGCAGGTGCAGAAT,0,2537147
mhpRp2,0.07692307692307693,12,12,TTTTTCCATAGGAATCCAGC,0,2534831
mhpRp2,0.07692307692307693,12,12,TTTTTACGCGGGACTCGCCA,0,2495180
mhpRp2,0.07692307692307693,12,12,TTTGTAGTTAATGCTATCGC,0,2505627
mhpRp2,0.07692307692307693,12,12,TTTGGGCATTCTTCCGGCTT,0,2524687
mhpRp2,0.07692307692307693,12,12,TTTGCCTCAATGATACAACT,0,2514767
mhpRp2,0.07692307692307693,12,12,TTTCAGCCCGCAGTTCAGCA,0,2532831
mhpRp2,0.07692307692307693,12,12,TTTAAGAACTGCGGCCTTCA,0,2492021
mhpRp2,0.07692307692307693,12,12,TTGTTTCTGCTTTGTTAATA,0,2499541
mhpRp2,0.07692307692307693,12,12,TTGTGTGCAGGTTGACCCTT,0,2538444
mhpRp2,0.07692307692307693,12,12,TTGTGCATATCTAGAGGTGG,0,2482228
mhpRp2,0.07692307692307693,12,12,TTGTATGAACGGCCCCGCTG,0,2513244
mhpRp2,0.07692307692307693,12,12,TTGTAATATAGCAGAGATTT,0,2545498
mhpRp2,0.07692307692307693,12,12,TTGGGCTAGTACTATGATGA,0,2507921
mhpRp2,0.07692307692307693,12,12,TTGGATAATTAGGTATGGCG,0,2518741
mhpRp2,0.07692307692307693,12,12,TTGGACTGGTGGGTTCAAGC,0,2498822
mhpRp2,0.07692307692307693,12,12,TTGGACTAACGGATCAACAG,0,2510987
mhpRp2,0.07692307692307693,12,12,TTGCTGTTCTGGTGCTATGC,0,2490848
mhpRp2,0.07692307692307693,12,12,TTGCGCAGTGAGTGTTACAG,0,2543555
mhpRp2,0.07692307692307693,12,12,TTGCCGTGGTTGTGTCTTTC,0,2544782
mhpRp2,0.07692307692307693,12,12,TTCTTAGGTGTAAGCAGAAT,0,2492657
mhpRp2,0.07692307692307693,12,12,TTCTAACGGAACAGCGTTCA,0,2487045
mhpRp2,0.07692307692307693,12,12,TTCGTTGTGTGCAGCCCTCA,0,2517610
mhpRp2,0.07692307692307693,12,12,TTCGGAGTGGAATTAGACAG,0,2522607
mhpRp2,0.07692307692307693,12,12,TTCGACCTACGTTTGGCATC,0,2495629
mhpRp2,0.07692307692307693,12,12,TTCCGACGTAAGGTTCCTAA,0,2519989
mhpRp2,0.07692307692307693,12,12,TTCACGGTCAAACCAGTAAT,0,2532963
mhpRp2,0.07692307692307693,12,12,TTCAAAAGGCTGAATTGTTA,0,2512360
mhpRp2,0.07692307692307693,12,12,TTATTCCGTATACTTCAGAC,0,2487225
mhpRp2,0.07692307692307693,12,12,TTAGGCGGGCGTACAGAATA,0,2540067
mhpRp2,0.07692307692307693,12,12,TTAGCAGATTCCCCGGTCCA,0,2491631
mhpRp2,0.07692307692307693,12,12,TTACTGCGAGGCATTTCCAT,0,2494504
mhpRp2,0.07692307692307693,12,12,TTACCAGTGAGTTTCCTGGA,0,2492158
mhpRp2,0.07692307692307693,12,12,TTACCAGAACTATGGGTCTG,0,2540360
mhpRp2,0.07692307692307693,12,12,TTAATCGCAGTCAGTACTGT,0,2539707
mhpRp2,0.07692307692307693,12,12,TTAACTTGGAGGCAGGACAA,0,2536698
mhpRp2,0.07692307692307693,12,12,TTAACTTGCCCTTTACCATG,0,2521711
mhpRp2,0.07692307692307693,12,12,TTAACGGTCAGTCCAGGTCC,0,2485872
mhpRp2,0.07692307692307693,12,12,TGTTGTTACTCCTGGTACAT,0,2534763
mhpRp2,0.07692307692307693,12,12,TGTTGCAAGTGCAGCAAATA,0,2495447
mhpRp2,0.07692307692307693,12,12,TGTTAAGCAGTGGAATGAGT,0,2499554
mhpRp2,0.07692307692307693,12,12,TGTGTCCTGTCATATCTCAA,0,2505855
mhpRp2,0.07692307692307693,12,12,TGTGTCCAGCGCTTTCTAAG,0,2519470
mhpRp2,0.07692307692307693,12,12,TGTGGACATCCCCGGAATTA,0,2542719
mhpRp2,0.07692307692307693,12,12,TGTGCGCGATCACGGATGTT,0,2499785
mhpRp2,0.07692307692307693,12,12,TGTGCAGCTTGTGTATTAGT,0,2498698
mhpRp2,0.07692307692307693,12,12,TGTCTTCGTGTGGAGCTGAT,0,2515918
mhpRp2,0.07692307692307693,12,12,TGTCGGAGGGAGCGTGTGAA,0,2492908
mhpRp2,0.07692307692307693,12,12,TGTCCTTCATCCAATTATAA,0,2522173
mhpRp2,0.07692307692307693,12,12,TGTATAGACCTCTTTCTCGT,0,2505376
mhpRp2,0.07692307692307693,12,12,TGTATAAAGACGGATAGTGG,0,2527862
mhpRp2,0.07692307692307693,12,12,TGTAGGAGCCAGCTAATCTC,0,2501585
mhpRp2,0.07692307692307693,12,12,TGTACGAAAGTGTTAGTAAC,0,2497291
mhpRp2,0.07692307692307693,12,12,TGGGGGATAGGTGATGCTGA,0,2486116
mhpRp2,0.07692307692307693,12,12,TGGGCCAGTCAAGGGATCTT,0,2541353
mhpRp2,0.07692307692307693,12,12,TGGATGTAAAGGAGTGGCTC,0,2516144
mhpRp2,0.07692307692307693,12,12,TGGATAGCACTACCCGCTGT,0,2538597
mhpRp2,0.07692307692307693,12,12,TGGAGTCACATCGGTAACAA,0,2538579
mhpRp2,0.07692307692307693,12,12,TGCTTGTGAGTTCTAACGGT,0,2537193
mhpRp2,0.07692307692307693,12,12,TGCTTATCAGCGTAAGTGGC,0,2503388
mhpRp2,0.07692307692307693,12,12,TGCGTTTCTCGGATGGGTTC,0,2520883
mhpRp2,0.07692307692307693,12,12,TGCGTATACGTCAATCAGCC,0,2490481
mhpRp2,0.07692307692307693,12,12,TGCGTAGGTGCGAGTTACAC,0,2544205
mhpRp2,0.07692307692307693,12,12,TGCCCGTCCGGTGACAGAAC,0,2499853
mhpRp2,0.07692307692307693,12,12,TGCAAGTGTATATGAGCTTT,0,2498762
mhpRp2,0.07692307692307693,12,12,TGCAAAAAGGCAATAGTTAG,0,2502505
mhpRp2,0.07692307692307693,12,12,TGATTCCAAGCGGACTAAAA,0,2515788
mhpRp2,0.07692307692307693,12,12,TGATGGAGGAACATGGTAAT,0,2501730
mhpRp2,0.07692307692307693,12,12,TGAGCATCTAATCTGCGTGT,0,2483042
mhpRp2,0.07692307692307693,12,12,TGAGATGTATATACTGGTTT,0,2543774
mhpRp2,0.07692307692307693,12,12,TGACATTTAGCGGTGTGGTA,0,2488155
mhpRp2,0.07692307692307693,12,12,TGACATATTTACGGTCAAAG,0,2524319
mhpRp2,0.07692307692307693,12,12,TGACAGGAGTGCGGTCGGGT,0,2544169
mhpRp2,0.07692307692307693,12,12,TGACACGTAATCCCCGGTGG,0,2488249
mhpRp2,0.07692307692307693,12,12,TGACACATCAGGCCGGCTAA,0,2524644
mhpRp2,0.07692307692307693,12,12,TGAATTGGGTAAAGATGAAC,0,2508130
mhpRp2,0.07692307692307693,12,12,TCTTTTCACGCTGCTTAAAC,0,2532038
mhpRp2,0.07692307692307693,12,12,TCTTCGCACGAATATATACA,0,2513553
mhpRp2,0.07692307692307693,12,12,TCTGTTGGTCACTCCGCAAG,0,2499872
mhpRp2,0.07692307692307693,12,12,TCTGAGTTACAAAGCGAGAT,0,2484881
mhpRp2,0.07692307692307693,12,12,TCTATGCTAAAGTGATATCT,0,2483013
mhpRp2,0.07692307692307693,12,12,TCTAACAGGTCTCGAGTTAC,0,2504293
mhpRp2,0.07692307692307693,12,12,TCTAAACATTTGGACCGTGT,0,2530338
mhpRp2,0.07692307692307693,12,12,TCGTGCCAACTTGGTACAGT,0,2489686
mhpRp2,0.07692307692307693,12,12,TCGTCGAGAGTGGTGAGTTT,0,2525281
mhpRp2,0.07692307692307693,12,12,TCGTCACTTTCTCTGTAGCA,0,2518923
mhpRp2,0.07692307692307693,12,12,TCGGGTCACAAATCTTTACG,0,2490922
mhpRp2,0.07692307692307693,12,12,TCGGAAGGGACTGTGGACCA,0,2489082
mhpRp2,0.07692307692307693,12,12,TCGCCCACCAGCAAACTGCA,0,2503977
mhpRp2,0.07692307692307693,12,12,TCGAGTCTCTACGGCACCTC,0,2498071
mhpRp2,0.07692307692307693,12,12,TCCGCGCATAGCATTATGAA,0,2516353
mhpRp2,0.07692307692307693,12,12,TCCCCTGAACAGTCGAACTT,0,2481801
mhpRp2,0.07692307692307693,12,12,TCATCGAGTCGAGTGTCTGT,0,2521413
mhpRp2,0.07692307692307693,12,12,TCAGGGTTACATCCCATTAT,0,2545622
mhpRp2,0.07692307692307693,12,12,TCACTCGGGCTGAGCTCAAC,0,2495637
mhpRp2,0.07692307692307693,12,12,TCACAAAGCAATAAGCAATT,0,2522286
mhpRp2,0.07692307692307693,12,12,TCAATTCGCTGTTAATGCTA,0,2497303
mhpRp2,0.07692307692307693,12,12,TCAAGGAAGATGGAGTAGCT,0,2518774
mhpRp2,0.07692307692307693,12,12,TATGTTATCACGAGATTCAA,0,2500064
mhpRp2,0.07692307692307693,12,12,TATCTATTTGTTGCACAGGG,0,2507644
mhpRp2,0.07692307692307693,12,12,TATACCTCCATTGCATCCGT,0,2488371
mhpRp2,0.07692307692307693,12,12,TATAATAACGGAGTTAGGGA,0,2495585
mhpRp2,0.07692307692307693,12,12,TAGTTTTTCATGCGTTTCCC,0,2484423
mhpRp2,0.07692307692307693,12,12,TAGCTTTTCGCATCTCGGAT,0,2515617
mhpRp2,0.07692307692307693,12,12,TAGCTGGCTTCCACCTATAA,0,2521669
mhpRp2,0.07692307692307693,12,12,TAGAGTCCAGGAGGCCATGG,0,2527567
mhpRp2,0.07692307692307693,12,12,TAGAAATAGTATTTGGTAGA,0,2487991
mhpRp2,0.07692307692307693,12,12,TACTGCGGTACCTCTGGGCG,0,2499380
mhpRp2,0.07692307692307693,12,12,TACTGACGTGGCTTCGATGC,0,2483081
mhpRp2,0.07692307692307693,12,12,TACGAAAACGAGCCACGACC,0,2534835
mhpRp2,0.07692307692307693,12,12,TACCTGCGAAAATTTCGGAT,0,2480857
mhpRp2,0.07692307692307693,12,12,TACCGGTCCAGCATCGGGCG,0,2495021
mhpRp2,0.07692307692307693,12,12,TACCGGATAACAGTGATATA,0,2537021
mhpRp2,0.07692307692307693,12,12,TACCCCTTAGTGGAAAATAT,0,2488106
mhpRp2,0.07692307692307693,12,12,TACAGATGTAACCATGATGT,0,2536328
mhpRp2,0.07692307692307693,12,12,TACACAATCGGCGAGCGTTG,0,2488544
mhpRp2,0.07692307692307693,12,12,TACAATTTCAAGCGTCCCAC,0,2506910
mhpRp2,0.07692307692307693,12,12,TACAATTATCCGATGGGGCA,0,2530639
mhpRp2,0.07692307692307693,12,12,TAATTTCTTTTCTGCGTAGT,0,2484385
mhpRp2,0.07692307692307693,12,12,TAATGCCGTGCGCTAGTACG,0,2525592
mhpRp2,0.07692307692307693,12,12,TAAGGTGGGGGGAGAATGCA,0,2487614
mhpRp2,0.07692307692307693,12,12,TAAACAGAATTTTAGACGTA,0,2528265
mhpRp2,0.07692307692307693,12,12,GTTTGGTAGTAAAGTTGACC,0,2504985
mhpRp2,0.07692307692307693,12,12,GTTTCTATGTGTCTTGGTAC,0,2527913
mhpRp2,0.07692307692307693,12,12,GTTTCGTATTCGCAAGGCTC,0,2510373
mhpRp2,0.07692307692307693,12,12,GTTTATTTTCTAGTTATGAC,0,2507230
mhpRp2,0.07692307692307693,12,12,GTTCCCGGTCGTGGCGCAGA,0,2495526
mhpRp2,0.07692307692307693,12,12,GTTCATTGCCGTTAAACATC,0,2544708
mhpRp2,0.07692307692307693,12,12,GTTCAGAGGAATTCCCCCTG,0,2490268
mhpRp2,0.07692307692307693,12,12,GTGTCTCTCCCGTGTCGCAT,0,2530050
mhpRp2,0.07692307692307693,12,12,GTGTCGGGGGGGGCTGTCCC,0,2490486
mhpRp2,0.07692307692307693,12,12,GTGTAACACTTTTGTTTTGA,0,2507589
mhpRp2,0.07692307692307693,12,12,GTGGGTAGTTACACTCTGTC,0,2487236
mhpRp2,0.07692307692307693,12,12,GTGGGCGGTTATGGTTCTCC,0,2508655
mhpRp2,0.07692307692307693,12,12,GTGCTCCGCGGACCAGGTTC,0,2489387
mhpRp2,0.07692307692307693,12,12,GTGCATGTTGGCGCTAATTC,0,2484309
mhpRp2,0.07692307692307693,12,12,GTGACATAGACGCGGGTCAG,0,2486042
mhpRp2,0.07692307692307693,12,12,GTCGAAACAGACCTTTGTAC,0,2544166
mhpRp2,0.07692307692307693,12,12,GTCACCCGGCGAGTCGCGTT,0,2545255
mhpRp2,0.07692307692307693,12,12,GTATGTCGCGTCTAGATATT,0,2535290
mhpRp2,0.07692307692307693,12,12,GTATACAACGAATAGTGTGG,0,2534651
mhpRp2,0.07692307692307693,12,12,GTAGTACTCATAGTTCATCA,0,2503226
mhpRp2,0.07692307692307693,12,12,GTAGAAGGATATAGCTCCTG,0,2524148
mhpRp2,0.07692307692307693,12,12,GTACGTCGAATACAGCATTG,0,2491943
mhpRp2,0.07692307692307693,12,12,GTACGACGCTAAGAATAGCC,0,2501797
mhpRp2,0.07692307692307693,12,12,GTACCGGTGTTGCAAATTAA,0,2493971
mhpRp2,0.07692307692307693,12,12,GTAAGTCCCGGCACGATAGA,0,2519405
mhpRp2,0.07692307692307693,12,12,GTAAACAACTTTGCTCGTTT,0,2540001
mhpRp2,0.07692307692307693,12,12,GTAAAAGAATTCCGCGGCGC,0,2540782
mhpRp2,0.07692307692307693,12,12,GGTTCAACTGGCGGGAAGAC,0,2537262
mhpRp2,0.07692307692307693,12,12,GGTTATTGAGGCCAGTAATC,0,2481593
mhpRp2,0.07692307692307693,12,12,GGTTACCCGAAAGTTAGCCA,0,2522179
mhpRp2,0.07692307692307693,12,12,GGTGTGTAAGGACCTATCGT,0,2517923
mhpRp2,0.07692307692307693,12,12,GGTGGTACGACGGCCTCCAT,0,2506668
mhpRp2,0.07692307692307693,12,12,GGTGAACTTGCTTCTGGGCA,0,2479633
mhpRp2,0.07692307692307693,12,12,GGTCCAGCTCCCCCGGTAGC,0,2545559
mhpRp2,0.07692307692307693,12,12,GGTACTATGTCGCAACGACT,0,2503641
mhpRp2,0.07692307692307693,12,12,GGTACAAATGAAGCAGTAAT,0,2536751
mhpRp2,0.07692307692307693,12,12,GGTAACGGTTGTATTTCACT,0,2545099
mhpRp2,0.07692307692307693,12,12,GGGTTCGTGGTCGTGACGTG,0,2484933
mhpRp2,0.07692307692307693,12,12,GGGTCTCCGCGTATGTGTGA,0,2483622
mhpRp2,0.07692307692307693,12,12,GGGTCGTGGTCAACCGTTCT,0,2516765
mhpRp2,0.07692307692307693,12,12,GGGGTTGAAGATTCAATATG,0,2481789
mhpRp2,0.07692307692307693,12,12,GGGGTCAGAGGAGCTTGTTC,0,2509136
mhpRp2,0.07692307692307693,12,12,GGGGGGCGCCGCCTGATTGT,0,2501401
mhpRp2,0.07692307692307693,12,12,GGGCGACCAACTGGTCTGGC,0,2516045
mhpRp2,0.07692307692307693,12,12,GGGCACTGCTAGCTGTTGGT,0,2500635
mhpRp2,0.07692307692307693,12,12,GGGACGTGTCAAGCGCCAGT,0,2499429
mhpRp2,0.07692307692307693,12,12,GGCTTTATGACCAGCATACT,0,2490176
mhpRp2,0.07692307692307693,12,12,GGCTCGTTGCTCTATGGAGA,0,2507797
mhpRp2,0.07692307692307693,12,12,GGCTCCTGTGCGCCCCGATC,0,2502006
mhpRp2,0.07692307692307693,12,12,GGCGTATGCTGAGCCGGGCA,0,2516439
mhpRp2,0.07692307692307693,12,12,GGCGGTCTGCTGCGGCAGTA,0,2536137
mhpRp2,0.07692307692307693,12,12,GGCCATGTCTGTTGGAGTAC,0,2490037
mhpRp2,0.07692307692307693,12,12,GGCAGGCGTCCGGGGCACAA,0,2544593
mhpRp2,0.07692307692307693,12,12,GGATTCATGGCGATAATCGA,0,2497567
mhpRp2,0.07692307692307693,12,12,GGATATGTGTACCGCATAAT,0,2498637
mhpRp2,0.07692307692307693,12,12,GGATAACTTAATAGGCCAGG,0,2497527
mhpRp2,0.07692307692307693,12,12,GGAGTTTCGTTTGTGTTTAG,0,2525400
mhpRp2,0.07692307692307693,12,12,GGAGGTTGTGAGTCAACAAG,0,2486350
mhpRp2,0.07692307692307693,12,12,GGAGGTCCTAAGTAGGGTCG,0,2479778
mhpRp2,0.07692307692307693,12,12,GGAGCATGAGGGGACGATAA,0,2498738
mhpRp2,0.07692307692307693,12,12,GGACTGCTAAATCATGAGGC,0,2542174
mhpRp2,0.07692307692307693,12,12,GGACTAGAGCGCTCAGATTG,0,2515921
mhpRp2,0.07692307692307693,12,12,GGACCTTAATAACAGTACCT,0,2500651
mhpRp2,0.07692307692307693,12,12,GGACCAGAGCGTAACTCCAG,0,2533270
mhpRp2,0.07692307692307693,12,12,GGACCAACGACGGGGATACT,0,2481439
mhpRp2,0.07692307692307693,12,12,GGACACTTATAAGGGAGACT,0,2517612
mhpRp2,0.07692307692307693,12,12,GGAATTCCGGGAGACAACTA,0,2490671
mhpRp2,0.07692307692307693,12,12,GGAATAGAACTGCAGGCCTG,0,2536719
mhpRp2,0.07692307692307693,12,12,GGAAGAATGCAGCTATTACG,0,2486002
mhpRp2,0.07692307692307693,12,12,GGAACGCCCTATCAATATCT,0,2514823
mhpRp2,0.07692307692307693,12,12,GGAACCGAGACTTGGTATTT,0,2511702
mhpRp2,0.07692307692307693,12,12,GGAAACGAAAGACTACATGC,0,2489417
mhpRp2,0.07692307692307693,12,12,GCTTGTAATGTAAGAACCAA,0,2484681
mhpRp2,0.07692307692307693,12,12,GCTTGCTTGTAGGACTGATC,0,2517920
mhpRp2,0.07692307692307693,12,12,GCTTGATCCGTGGTAAGTCC,0,2509592
mhpRp2,0.07692307692307693,12,12,GCTTCTCACTGCACACAAGA,0,2541132
mhpRp2,0.07692307692307693,12,12,GCTTAGGTGTATCAAAACCT,0,2508158
mhpRp2,0.07692307692307693,12,12,GCTGCGAATTACATCTCTAG,0,2527476
mhpRp2,0.07692307692307693,12,12,GCTATCATAGCTTCGCGGAA,0,2521331
mhpRp2,0.07692307692307693,12,12,GCTACGTTCAGGTCCTGTAC,0,2507458
mhpRp2,0.07692307692307693,12,12,GCGTTCTACGCTCATCTTCA,0,2508697
mhpRp2,0.07692307692307693,12,12,GCGTAAGACTACTTAGGCAT,0,2531846
mhpRp2,0.07692307692307693,12,12,GCGTAAAGCCATGAACTCAG,0,2528117
mhpRp2,0.07692307692307693,12,12,GCGGTGCTGATCCACTTCGA,0,2530446
mhpRp2,0.07692307692307693,12,12,GCGGTGACTCAAATCTCTGA,0,2494935
mhpRp2,0.07692307692307693,12,12,GCGGGGTGGAGGCCCCTCTA,0,2518295
mhpRp2,0.07692307692307693,12,12,GCGGGATTTCGCACGCGACC,0,2483102
mhpRp2,0.07692307692307693,12,12,GCGGAACTGGACCTGTTGAA,0,2545183
mhpRp2,0.07692307692307693,12,12,GCGCGGTCGTACCTGTCACA,0,2525077
mhpRp2,0.07692307692307693,12,12,GCGAGCTCGGGGCTCAGGCT,0,2516180
mhpRp2,0.07692307692307693,12,12,GCGACCGGTTCTGGTAGCCT,0,2520504
mhpRp2,0.07692307692307693,12,12,GCCCACCGGCGCAGCGCACT,0,2503623
mhpRp2,0.07692307692307693,12,12,GCATTCGGCGCGGTGATGAA,0,2490438
mhpRp2,0.07692307692307693,12,12,GCAGACTCCAATCACATCTT,0,2528507
mhpRp2,0.07692307692307693,12,12,GCACCGTTCCCTAATAACTG,0,2488688
mhpRp2,0.07692307692307693,12,12,GCACCGTGGTTCAGTTTGCC,0,2518536
mhpRp2,0.07692307692307693,12,12,GCAACGGGGTGTCAAGCCAA,0,2506205
mhpRp2,0.07692307692307693,12,12,GCAAAATAATCTTAAGCGAG,0,2495065
mhpRp2,0.07692307692307693,12,12,GATTGGTATGTTCAGTGCCT,0,2543559
mhpRp2,0.07692307692307693,12,12,GATGGATCTCCCGGACACTG,0,2538607
mhpRp2,0.07692307692307693,12,12,GATGGACAAGCACACCCACT,0,2513905
mhpRp2,0.07692307692307693,12,12,GATCGTCACTAAGTCATCGA,0,2502194
mhpRp2,0.07692307692307693,12,12,GATATGCAAACAGTGTAACA,0,2525204
mhpRp2,0.07692307692307693,12,12,GATAAATATGGTAAGGATCT,0,2492179
mhpRp2,0.07692307692307693,12,12,GAGTTTACGGTTTTGTAACG,0,2529558
mhpRp2,0.07692307692307693,12,12,GAGTCAGGTGTTTTACTGTC,0,2509934
mhpRp2,0.07692307692307693,12,12,GAGGTGGAACTTTTCTCAAT,0,2516812
mhpRp2,0.07692307692307693,12,12,GAGGTCTGGGGTTTCAGCGC,0,2506639
mhpRp2,0.07692307692307693,12,12,GAGGATCCATAATCTAAGAC,0,2522863
mhpRp2,0.07692307692307693,12,12,GAGCTAGTTCACAGTCCCCT,0,2518586
mhpRp2,0.07692307692307693,12,12,GAGCAAGTCACACTTACCTA,0,2532214
mhpRp2,0.07692307692307693,12,12,GAGATCGATCTGCTGCTGCT,0,2506267
mhpRp2,0.07692307692307693,12,12,GAGATACAGCATTTTGATAG,0,2493511
mhpRp2,0.07692307692307693,12,12,GAGACAATAGAGAGCGGTGT,0,2482354
mhpRp2,0.07692307692307693,12,12,GACTGCCCGTTAGTATCTCA,0,2493155
mhpRp2,0.07692307692307693,12,12,GACTCATAACCAAGGAGATT,0,2489152
mhpRp2,0.07692307692307693,12,12,GACGTGAGTGCTAGATACGC,0,2490278
mhpRp2,0.07692307692307693,12,12,GACCTCACGTGGGTAAGAAA,0,2543324
mhpRp2,0.07692307692307693,12,12,GACCATCGTGAAGGTAGTAC,0,2485488
mhpRp2,0.07692307692307693,12,12,GACATTAACGATGACGCTGT,0,2485285
mhpRp2,0.07692307692307693,12,12,GACATCCGCGCCCTGGACCT,0,2482000
mhpRp2,0.07692307692307693,12,12,GACAGTTCACAATATATAGG,0,2523493
mhpRp2,0.07692307692307693,12,12,GAATCAATTACAGCTAATGA,0,2485580
mhpRp2,0.07692307692307693,12,12,GAATAGATCGGTTTTAATTA,0,2487273
mhpRp2,0.07692307692307693,12,12,GAAGGCCGTAATGCAGTCCA,0,2485970
mhpRp2,0.07692307692307693,12,12,GAAGACCATTATGTTAGCCA,0,2532730
mhpRp2,0.07692307692307693,12,12,GAACTGGTCACTGCCAGTAA,0,2513785
mhpRp2,0.07692307692307693,12,12,GAAAGCGCGAATTCGCCGAA,0,2501243
mhpRp2,0.07692307692307693,12,12,GAAAGAGGGTATCATTCATG,0,2535706
mhpRp2,0.07692307692307693,12,12,GAAACTTGTAATTTGGCGAA,0,2500849
mhpRp2,0.07692307692307693,12,12,GAAACTATGGATGTTTTAAA,0,2492249
mhpRp2,0.07692307692307693,12,12,GAAACGTATAACTTTCCGCC,0,2535027
mhpRp2,0.07692307692307693,12,12,GAAAACCTGGGTATTGAAGC,0,2519404
mhpRp2,0.07692307692307693,12,12,CTTTTTGTTCGCTAGACCGA,0,2490714
mhpRp2,0.07692307692307693,12,12,CTTTGGGTATGGGTCCTGTC,0,2517997
mhpRp2,0.07692307692307693,12,12,CTTTGCTCGTGGCCCATTGT,0,2488837
mhpRp2,0.07692307692307693,12,12,CTTTGCAACCCAGCGTAAAT,0,2506089
mhpRp2,0.07692307692307693,12,12,CTTTCATCGTGTATGCCCGA,0,2480016
mhpRp2,0.07692307692307693,12,12,CTTTATGTAAGGACACAGAA,0,2503914
mhpRp2,0.07692307692307693,12,12,CTTTAGGCACATATAAGCAG,0,2545618
mhpRp2,0.07692307692307693,12,12,CTTGAGTGTAAAGTGACGTA,0,2514871
mhpRp2,0.07692307692307693,12,12,CTTCCACAGACGCGTAACTC,0,2526089
mhpRp2,0.07692307692307693,12,12,CTTAAAGCGGACGTTCAAGA,0,2519563
mhpRp2,0.07692307692307693,12,12,CTGGCTGCGTAGCTATCGTC,0,2482281
mhpRp2,0.07692307692307693,12,12,CTGGCCCCACGAACGACGTT,0,2523364
mhpRp2,0.07692307692307693,12,12,CTGGAGGCAGCGCTCCGCTG,0,2512647
mhpRp2,0.07692307692307693,12,12,CTGGACCGGGCGCACGGCGG,0,2531880
mhpRp2,0.07692307692307693,12,12,CTGCGGTGAGGCACGATCAA,0,2501355
mhpRp2,0.07692307692307693,12,12,CTGCGGACACGGCTGCATGT,0,2484626
mhpRp2,0.07692307692307693,12,12,CTGCAGCAACCAGAGGCGAC,0,2523362
mhpRp2,0.07692307692307693,12,12,CTGCAGAATGTAAATCTCGC,0,2526963
mhpRp2,0.07692307692307693,12,12,CTGCAATCATCATGTAAAGG,0,2517546
mhpRp2,0.07692307692307693,12,12,CTGAGCAAGCGGAAGCAGTG,0,2530965
mhpRp2,0.07692307692307693,12,12,CTGAACGACCCATTGATTTT,0,2510172
mhpRp2,0.07692307692307693,12,12,CTGAAATTTATAATGAAGTC,0,2523641
mhpRp2,0.07692307692307693,12,12,CTCTGGTCTGCCATTTGTTT,0,2545358
mhpRp2,0.07692307692307693,12,12,CTCTAGCGGTCAACACTTTC,0,2534253
mhpRp2,0.07692307692307693,12,12,CTCTACTTACGTTCCTCCTA,0,2493674
mhpRp2,0.07692307692307693,12,12,CTCTAAGTCGTCTTCCAGCA,0,2532173
mhpRp2,0.07692307692307693,12,12,CTCGCGTCTCGCCCTCGCCG,0,2537644
mhpRp2,0.07692307692307693,12,12,CTCGCCGCTCCTACGGCTAT,0,2512772
mhpRp2,0.07692307692307693,12,12,CTCCTTGATGCGCACCGGAT,0,2485613
mhpRp2,0.07692307692307693,12,12,CTCCGTGAGGCGGGCAGGGG,0,2542485
mhpRp2,0.07692307692307693,12,12,CTCCGTCATAGACGTACAAT,0,2522233
mhpRp2,0.07692307692307693,12,12,CTCCGCTTGAGACCAACGCG,0,2530928
mhpRp2,0.07692307692307693,12,12,CTCCAGAGGATTTCAGATTT,0,2491996
mhpRp2,0.07692307692307693,12,12,CTCCACAGGACCTTAAGATC,0,2528903
mhpRp2,0.07692307692307693,12,12,CTCAAGCATGTAGGGAGGGG,0,2539805
mhpRp2,0.07692307692307693,12,12,CTCAACCGGTTTTGCTCACT,0,2534502
mhpRp2,0.07692307692307693,12,12,CTCAAATTCGCCCTCCAAGC,0,2483870
mhpRp2,0.07692307692307693,12,12,CTATAGCTTTCGTTCCCAGA,0,2506140
mhpRp2,0.07692307692307693,12,12,CTAGGGGTTCAAAAACCCGA,0,2508696
mhpRp2,0.07692307692307693,12,12,CTAAGTAACTCCGATGCTAG,0,2527067
mhpRp2,0.07692307692307693,12,12,CTAACGGAAGACGGCAAGCT,0,2538910
mhpRp2,0.07692307692307693,12,12,CTAAATCACCGCCACTCAGC,0,2538433
mhpRp2,0.07692307692307693,12,12,CGTTTGCCATTGCTTTCATG,0,2525684
mhpRp2,0.07692307692307693,12,12,CGTTGTGGGTAGACACGGTT,0,2504688
mhpRp2,0.07692307692307693,12,12,CGTTGCATCGGTGGAATGTC,0,2506224
mhpRp2,0.07692307692307693,12,12,CGTTGCACATGTTTCGGCGC,0,2542986
mhpRp2,0.07692307692307693,12,12,CGTTCCATGATACGATGGCC,0,2527911
mhpRp2,0.07692307692307693,12,12,CGTTATTTCTCCGGGTTGTT,0,2529341
mhpRp2,0.07692307692307693,12,12,CGTTATGGATAACCACGTCA,0,2529627
mhpRp2,0.07692307692307693,12,12,CGTTAAGTGGTTCGCCATTT,0,2524317
mhpRp2,0.07692307692307693,12,12,CGTGTCCATCACATCACTTA,0,2520129
mhpRp2,0.07692307692307693,12,12,CGTGCAGAGGAGACTGCAAA,0,2486131
mhpRp2,0.07692307692307693,12,12,CGTCTAACCCGTTCGGCGGG,0,2507940
mhpRp2,0.07692307692307693,12,12,CGTCGCAGTCCCCCCGCCCT,0,2513903
mhpRp2,0.07692307692307693,12,12,CGTCCAGGTTTCGGAGGAGG,0,2510611
mhpRp2,0.07692307692307693,12,12,CGTAGGGGCAAAAGGTAACA,0,2538446
mhpRp2,0.07692307692307693,12,12,CGTAGGATGAATGCCTGCAA,0,2534142
mhpRp2,0.07692307692307693,12,12,CGGTTCCCCTGGGAAGACAT,0,2493987
mhpRp2,0.07692307692307693,12,12,CGGTTAAAAGAGCTCGCATT,0,2541349
mhpRp2,0.07692307692307693,12,12,CGGTGTAACATCTTAATCCC,0,2511768
mhpRp2,0.07692307692307693,12,12,CGGTATGGGACCCCTCATGG,0,2511673
mhpRp2,0.07692307692307693,12,12,CGGTATCTACACACGAGCTT,0,2484056
mhpRp2,0.07692307692307693,12,12,CGGTATAGTCTTAATTTCGT,0,2490513
mhpRp2,0.07692307692307693,12,12,CGGGTAACGCCAGGCTTTCA,0,2517892
mhpRp2,0.07692307692307693,12,12,CGGGATCGTGCGCATTTCCT,0,2501837
mhpRp2,0.07692307692307693,12,12,CGGGACCGGCAGGACGGATG,0,2501532
mhpRp2,0.07692307692307693,12,12,CGGCTATGTACGTTCAGCAG,0,2485549
mhpRp2,0.07692307692307693,12,12,CGGCTAAGCCCGCCGTTTGT,0,2523629
mhpRp2,0.07692307692307693,12,12,CGGCGTTAATATTTGTGCAA,0,2533135
mhpRp2,0.07692307692307693,12,12,CGGAATATGATCCGTAGCAT,0,2479729
mhpRp2,0.07692307692307693,12,12,CGCTTGATCAAGGCACGTAT,0,2492344
mhpRp2,0.07692307692307693,12,12,CGCTATATGGTAATTCAGTA,0,2531989
mhpRp2,0.07692307692307693,12,12,CGCTATAATTAGGACGTCAA,0,2533127
mhpRp2,0.07692307692307693,12,12,CGCTAAGTGCATAAGCTCAC,0,2515962
mhpRp2,0.07692307692307693,12,12,CGCGTCTATTAGTGTGCTCA,0,2530302
mhpRp2,0.07692307692307693,12,12,CGCCTGTGACCGTTGACCTA,0,2534393
mhpRp2,0.07692307692307693,12,12,CGCCATAAAGTATCACATGA,0,2509013
mhpRp2,0.07692307692307693,12,12,CGATTGATATGTCCGTTGCA,0,2535757
mhpRp2,0.07692307692307693,12,12,CGATGCCCCGTTCGTGGCGT,0,2498388
mhpRp2,0.07692307692307693,12,12,CGATAAGGTCATCCCCCACT,0,2534052
mhpRp2,0.07692307692307693,12,12,CGAGTCGGTGTTCGAAGCAG,0,2502013
mhpRp2,0.07692307692307693,12,12,CGAATCCCTCCCAGGAACTA,0,2531885
mhpRp2,0.07692307692307693,12,12,CGAAGGCCGAAAGGATTGTG,0,2516454
mhpRp2,0.07692307692307693,12,12,CGAAATGTATAAGTTCCAGG,0,2512359
mhpRp2,0.07692307692307693,12,12,CCTTTTCCACACGCTGATCA,0,2500995
mhpRp2,0.07692307692307693,12,12,CCTTTGCCAATGCATCGAAG,0,2512244
mhpRp2,0.07692307692307693,12,12,CCTTTGAACGCAGACCGATA,0,2542745
mhpRp2,0.07692307692307693,12,12,CCTTTCCTTGCAATGGAGGT,0,2514162
mhpRp2,0.07692307692307693,12,12,CCTTTAAAGGCATTTCACAA,0,2487978
mhpRp2,0.07692307692307693,12,12,CCTTGGCTCCGTGTGCAATG,0,2517828
mhpRp2,0.07692307692307693,12,12,CCTGTCTAGAGTGACCCTGG,0,2481783
mhpRp2,0.07692307692307693,12,12,CCTGCGGCTCCGACTTCAGA,0,2515221
mhpRp2,0.07692307692307693,12,12,CCTGCATGTTTTGTTCCATA,0,2525657
mhpRp2,0.07692307692307693,12,12,CCTGAAACGACGTACTAGAT,0,2511124
mhpRp2,0.07692307692307693,12,12,CCTCTGGTGATAGATGCTTC,0,2517541
mhpRp2,0.07692307692307693,12,12,CCTCCACCCTGTTGTTTCTA,0,2531284
mhpRp2,0.07692307692307693,12,12,CCTCACATATTCGAGGGCAT,0,2541957
mhpRp2,0.07692307692307693,12,12,CCTATTAAAACGGCCTAATG,0,2496503
mhpRp2,0.07692307692307693,12,12,CCTATCGTAAACCCCCAACC,0,2519577
mhpRp2,0.07692307692307693,12,12,CCTAGCGGTCCGTAAATGTT,0,2523660
mhpRp2,0.07692307692307693,12,12,CCTAGCAGTGTTAGAACGTC,0,2545568
mhpRp2,0.07692307692307693,12,12,CCTAATTACCGATGACCAAT,0,2543384
mhpRp2,0.07692307692307693,12,12,CCGGTATTCACACCGCTTCT,0,2508409
mhpRp2,0.07692307692307693,12,12,CCGGGGGCGCCTGTAGAATA,0,2509443
mhpRp2,0.07692307692307693,12,12,CCGGATCTGTTAGTGATCCT,0,2541788
mhpRp2,0.07692307692307693,12,12,CCGACCATTTGGTATTTGAA,0,2526143
mhpRp2,0.07692307692307693,12,12,CCGAATTATGACGACACACT,0,2492048
mhpRp2,0.07692307692307693,12,12,CCCTTTATTGGGGGTTGACT,0,2499310
mhpRp2,0.07692307692307693,12,12,CCCTGTGCCTCACCTGACTA,0,2525825
mhpRp2,0.07692307692307693,12,12,CCCTATTGCGAATCTCGTGT,0,2505012
mhpRp2,0.07692307692307693,12,12,CCCGGGAGCGTAGTTATTCC,0,2499088
mhpRp2,0.07692307692307693,12,12,CCCGCTTATGATCTAACCCA,0,2487806
mhpRp2,0.07692307692307693,12,12,CCCCGCGTTTTTAAACTGAA,0,2533066
mhpRp2,0.07692307692307693,12,12,CCCCGCGCCCACCCACTTAT,0,2491472
mhpRp2,0.07692307692307693,12,12,CCCACAAGATCTCAGCATAA,0,2495018
mhpRp2,0.07692307692307693,12,12,CCATTGTGCTGGGGTATGAT,0,2510154
mhpRp2,0.07692307692307693,12,12,CCATATCGTGAATCATACTA,0,2482789
mhpRp2,0.07692307692307693,12,12,CCAGACCTCGGCTCGTATGC,0,2491857
mhpRp2,0.07692307692307693,12,12,CCACTCTCGAATGCATTATG,0,2493486
mhpRp2,0.07692307692307693,12,12,CCACCGGGACCGTTGTGTGA,0,2536277
mhpRp2,0.07692307692307693,12,12,CCAATAACTCGGGATCAACC,0,2501471
mhpRp2,0.07692307692307693,12,12,CCAAGCCTTGCGCTGTTTCC,0,2507853
mhpRp2,0.07692307692307693,12,12,CCAAGAATAAGCGCACCTAA,0,2489033
mhpRp2,0.07692307692307693,12,12,CCAACTGTTTGCCCTTGAAT,0,2481015
mhpRp2,0.07692307692307693,12,12,CATTTGCGTGCTCACATCGT,0,2494945
mhpRp2,0.07692307692307693,12,12,CATTTACCCCGTGCGACTCG,0,2504351
mhpRp2,0.07692307692307693,12,12,CATTCAAGTACGACCGAACT,0,2531370
mhpRp2,0.07692307692307693,12,12,CATTAGAGAGGATTTTGATC,0,2530998
mhpRp2,0.07692307692307693,12,12,CATGTCTTTGAGCTCGTGTA,0,2529053
mhpRp2,0.07692307692307693,12,12,CATGTAAGTTCACCCAGATA,0,2537653
mhpRp2,0.07692307692307693,12,12,CATCTAAAAGACGGCTTACC,0,2525983
mhpRp2,0.07692307692307693,12,12,CATCGTTATCCTGGCGCGAT,0,2539756
mhpRp2,0.07692307692307693,12,12,CATCCGCTCATTGCGGCCAA,0,2540972
mhpRp2,0.07692307692307693,12,12,CATCAATTAGTTATCAATCA,0,2543979
mhpRp2,0.07692307692307693,12,12,CATATTACGTCATGCCGGGC,0,2505827
mhpRp2,0.07692307692307693,12,12,CATATGCATATTCATCATCA,0,2513018
mhpRp2,0.07692307692307693,12,12,CATAGTATATTCGTTTGGGA,0,2545599
mhpRp2,0.07692307692307693,12,12,CATAAACAATACGTAAATCG,0,2495016
mhpRp2,0.07692307692307693,12,12,CAGTTGGGTTTGTTTATATG,0,2499170
mhpRp2,0.07692307692307693,12,12,CAGGTGGGCTACCTGGCATT,0,2512402
mhpRp2,0.07692307692307693,12,12,CAGGTACTGGGCCTCACTAT,0,2508278
mhpRp2,0.07692307692307693,12,12,CAGGCGCGCTTATCGATCGC,0,2512120
mhpRp2,0.07692307692307693,12,12,CAGCTAACAGTGAGGTTCTA,0,2501429
mhpRp2,0.07692307692307693,12,12,CAGCCGCCTCATAGAGATGT,0,2505770
mhpRp2,0.07692307692307693,12,12,CAGCCCGTTGGCTGGGAAGA,0,2522985
mhpRp2,0.07692307692307693,12,12,CAGCCCGTAGAGATCGGGTC,0,2490739
mhpRp2,0.07692307692307693,12,12,CAGCCCCTAGCTCTAGAATA,0,2504152
mhpRp2,0.07692307692307693,12,12,CAGATCGGTCCAATGAATAC,0,2531716
mhpRp2,0.07692307692307693,12,12,CACTACACGAGTGGAACATA,0,2545459
mhpRp2,0.07692307692307693,12,12,CACGGCCTCCATTGATTAAA,0,2504988
mhpRp2,0.07692307692307693,12,12,CACGCGATCGCCAGAATGGG,0,2500553
mhpRp2,0.07692307692307693,12,12,CACATTCCGGTTGGACACGC,0,2511696
mhpRp2,0.07692307692307693,12,12,CACAAATTGTGCCGCGCCAA,0,2500848
mhpRp2,0.07692307692307693,12,12,CAATTTAGAAAGGTGCTGGC,0,2544189
mhpRp2,0.07692307692307693,12,12,CAATCGTCTAAGTTCTCTTA,0,2512954
mhpRp2,0.07692307692307693,12,12,CAATCATGTTAGTAAGTCCG,0,2487849
mhpRp2,0.07692307692307693,12,12,CAAGGCGTTGATGGTGTACA,0,2510073
mhpRp2,0.07692307692307693,12,12,CAACCAACAGTAGGGCGCAA,0,2532528
mhpRp2,0.07692307692307693,12,12,CAAATTAGCGTAAGGCGAGT,0,2511656
mhpRp2,0.07692307692307693,12,12,CAAATTACCATTGTTTGGCA,0,2519493
mhpRp2,0.07692307692307693,12,12,ATTGTGGTAACGATTATGTT,0,2523252
mhpRp2,0.07692307692307693,12,12,ATTGTGAGAGTAAATTCAGA,0,2480460
mhpRp2,0.07692307692307693,12,12,ATTGTATGTTTGGAACACGA,0,2507098
mhpRp2,0.07692307692307693,12,12,ATTCTCTACAAAAAATCCAG,0,2543410
mhpRp2,0.07692307692307693,12,12,ATTCTAACGCAATTTAGGCG,0,2512016
mhpRp2,0.07692307692307693,12,12,ATTCGTTACAAGAAGGGGAA,0,2489689
mhpRp2,0.07692307692307693,12,12,ATTCGACGCGCTAACAAATG,0,2493740
mhpRp2,0.07692307692307693,12,12,ATTCCCTCTCGACTTGAATC,0,2526902
mhpRp2,0.07692307692307693,12,12,ATTCCCCCTTAGGTTCTCAG,0,2495448
mhpRp2,0.07692307692307693,12,12,ATTCAGTAGCGCGTGTATAC,0,2487346
mhpRp2,0.07692307692307693,12,12,ATTATTCCCACCCTGGCGGA,0,2495133
mhpRp2,0.07692307692307693,12,12,ATGTCTGCGCGATGCCAGGT,0,2506855
mhpRp2,0.07692307692307693,12,12,ATGTCGTTTACAGCAGGTAT,0,2535247
mhpRp2,0.07692307692307693,12,12,ATGTCGTGGCTTTAACATCT,0,2515787
mhpRp2,0.07692307692307693,12,12,ATGTAGGCGACGGCGCTTGG,0,2487893
mhpRp2,0.07692307692307693,12,12,ATGTAACGTTCAGTTTCAGG,0,2500636
mhpRp2,0.07692307692307693,12,12,ATGCTGAGCTCCTACTTGTT,0,2496520
mhpRp2,0.07692307692307693,12,12,ATGCCACCGTCCGGCCCTGT,0,2501649
mhpRp2,0.07692307692307693,12,12,ATGATCGGACGGGGGACTAA,0,2529948
mhpRp2,0.07692307692307693,12,12,ATGACATTAATCACGACGTC,0,2525647
mhpRp2,0.07692307692307693,12,12,ATCTTGTGACTTCGTAGCTG,0,2498124
mhpRp2,0.07692307692307693,12,12,ATCTCAGAGACCGGGGATCG,0,2489702
mhpRp2,0.07692307692307693,12,12,ATCTCACTATTCGTCAAAGT,0,2499077
mhpRp2,0.07692307692307693,12,12,ATCGCGTGTAGCGTATCGTT,0,2493591
mhpRp2,0.07692307692307693,12,12,ATCGACAGCTAGCGGCGTGA,0,2537889
mhpRp2,0.07692307692307693,12,12,ATCCTCGTCATTCCACAGAA,0,2539861
mhpRp2,0.07692307692307693,12,12,ATCAGTTAACCCTTTACTGA,0,2493930
mhpRp2,0.07692307692307693,12,12,ATCAATGGTAGAAATACTGG,0,2535115
mhpRp2,0.07692307692307693,12,12,ATCAAAGGTACTATTGAGTT,0,2512009
mhpRp2,0.07692307692307693,12,12,ATAGTTAATACGCAAGGTAT,0,2498253
mhpRp2,0.07692307692307693,12,12,ATAGGGCCTATGCGAAATAC,0,2509846
mhpRp2,0.07692307692307693,12,12,ATACTAACTGGTTTGCTCGT,0,2479647
mhpRp2,0.07692307692307693,12,12,ATACGTAGTGTGCAGTGCTT,0,2506031
mhpRp2,0.07692307692307693,12,12,ATACGATGAGTTTTGGGGTC,0,2496207
mhpRp2,0.07692307692307693,12,12,AGTTTTGAACCGTTCTAAGA,0,2516738
mhpRp2,0.07692307692307693,12,12,AGTTAGTTCAACACATCTAT,0,2524914
mhpRp2,0.07692307692307693,12,12,AGTGGACACATTATCCACTG,0,2501910
mhpRp2,0.07692307692307693,12,12,AGTGCTCGAGCGCGAAACAA,0,2502295
mhpRp2,0.07692307692307693,12,12,AGTGAGGCATACCTTGCGAC,0,2530883
mhpRp2,0.07692307692307693,12,12,AGTGAGCTCCACATCGTTCT,0,2531279
mhpRp2,0.07692307692307693,12,12,AGTCTAGTAGCCCCCCGGTA,0,2538225
mhpRp2,0.07692307692307693,12,12,AGTCATATACCAGGACAATG,0,2483948
mhpRp2,0.07692307692307693,12,12,AGTATTCGCCTCGCAACATT,0,2535713
mhpRp2,0.07692307692307693,12,12,AGGTTATCCATATATTCTTA,0,2519830
mhpRp2,0.07692307692307693,12,12,AGGTCAGCCCGGCCCGTGTA,0,2502021
mhpRp2,0.07692307692307693,12,12,AGGGCCGCATATATCGCCGA,0,2521046
mhpRp2,0.07692307692307693,12,12,AGGGCACGATATATTAGGCC,0,2516580
mhpRp2,0.07692307692307693,12,12,AGGCTCAACGGATCAAGATC,0,2491079
mhpRp2,0.07692307692307693,12,12,AGGCGGTGTTGTCGGTATTA,0,2494490
mhpRp2,0.07692307692307693,12,12,AGGCCTGTACAATGTACAGC,0,2531919
mhpRp2,0.07692307692307693,12,12,AGGCAGAAAGGCGAAGGCAA,0,2509840
mhpRp2,0.07692307692307693,12,12,AGGATTACGGTGTGGTGCTC,0,2493257
mhpRp2,0.07692307692307693,12,12,AGGATGACCTTAACCATTCT,0,2479652
mhpRp2,0.07692307692307693,12,12,AGGACATATTGGTGTATTAA,0,2506091
mhpRp2,0.07692307692307693,12,12,AGCTTCCGCCAGCGTGGAAG,0,2518255
mhpRp2,0.07692307692307693,12,12,AGCTGCGCGCTTGCTCCGTG,0,2503098
mhpRp2,0.07692307692307693,12,12,AGCGGTCGTAAAATATTGGT,0,2493773
mhpRp2,0.07692307692307693,12,12,AGCGAAGTCACAATAACGCT,0,2484381
mhpRp2,0.07692307692307693,12,12,AGCGAACCGTCGTGTCTTTT,0,2488444
mhpRp2,0.07692307692307693,12,12,AGCCTGGCTCGTGGCGCTTT,0,2484621
mhpRp2,0.07692307692307693,12,12,AGCCTGCTGGACGTTGGAGC,0,2517103
mhpRp2,0.07692307692307693,12,12,AGCCGGCCTCCTGATAGGAT,0,2531852
mhpRp2,0.07692307692307693,12,12,AGCCAGGGGACGCATCGTCT,0,2484930
mhpRp2,0.07692307692307693,12,12,AGCATATCGAGGCGTATGTC,0,2485666
mhpRp2,0.07692307692307693,12,12,AGCAGATGTCCGAAAACGTC,0,2491101
mhpRp2,0.07692307692307693,12,12,AGCAAAGCGACCTTGATGTA,0,2508558
mhpRp2,0.07692307692307693,12,12,AGATGCCCAGTCTACCGTAT,0,2532728
mhpRp2,0.07692307692307693,12,12,AGAGGTTTCGGGAAGCGTGG,0,2534035
mhpRp2,0.07692307692307693,12,12,AGAGACTAGGGGTCGTTTCT,0,2528304
mhpRp2,0.07692307692307693,12,12,AGACTTCAGTGTTGGAGAAG,0,2539223
mhpRp2,0.07692307692307693,12,12,AGACGTTGATGAGCTCGATA,0,2491515
mhpRp2,0.07692307692307693,12,12,AGACCTCGATAGGTTAGGAC,0,2491067
mhpRp2,0.07692307692307693,12,12,AGACCGTCTGATACACATCT,0,2505877
mhpRp2,0.07692307692307693,12,12,ACTTGCCAGGAAGGCGACCG,0,2486759
mhpRp2,0.07692307692307693,12,12,ACTGTTTTTATTGAGGGTAG,0,2489976
mhpRp2,0.07692307692307693,12,12,ACTGTCATTAACAATTGCTG,0,2537220
mhpRp2,0.07692307692307693,12,12,ACTCGTCATATCACAGTTAC,0,2526093
mhpRp2,0.07692307692307693,12,12,ACTCGATCATATAAAGTAAA,0,2515247
mhpRp2,0.07692307692307693,12,12,ACTCATTTTTGTGTCGTCTG,0,2493196
mhpRp2,0.07692307692307693,12,12,ACGGTGTTAGCACATGATCT,0,2526413
mhpRp2,0.07692307692307693,12,12,ACGCCTGCGGCGTTCTGCCT,0,2522984
mhpRp2,0.07692307692307693,12,12,ACGCCGACTAGCAACGAGAA,0,2495619
mhpRp2,0.07692307692307693,12,12,ACCTTCGTAAAGTTCCTATA,0,2487260
mhpRp2,0.07692307692307693,12,12,ACCTGTGGGATACCCCTGGC,0,2495678
mhpRp2,0.07692307692307693,12,12,ACCGACAATACAGTCAGTCT,0,2515456
mhpRp2,0.07692307692307693,12,12,ACCCTCACTCCAGTATCTGC,0,2536011
mhpRp2,0.07692307692307693,12,12,ACCCCAACGCGTAGGTTTAT,0,2544018
mhpRp2,0.07692307692307693,12,12,ACCATGTGGACAGGAACGAT,0,2540534
mhpRp2,0.07692307692307693,12,12,ACATTGACATAGTCCATTTC,0,2502514
mhpRp2,0.07692307692307693,12,12,ACATTCATCGTGTGAGAGAA,0,2495177
mhpRp2,0.07692307692307693,12,12,ACATGTCCGGGATCCGTGCC,0,2542896
mhpRp2,0.07692307692307693,12,12,ACATACTGGGTAGATGGTCT,0,2535563
mhpRp2,0.07692307692307693,12,12,ACAGTCTAGATGCTCATGGA,0,2512434
mhpRp2,0.07692307692307693,12,12,ACAGGTGCGATGCTCTCGTT,0,2505879
mhpRp2,0.07692307692307693,12,12,ACAGGATTTTTCACGCCATT,0,2508342
mhpRp2,0.07692307692307693,12,12,ACACCTTCGATTCAGGCCAG,0,2481018
mhpRp2,0.07692307692307693,12,12,ACACCCACCGGCCGTAGCCC,0,2505528
mhpRp2,0.07692307692307693,12,12,ACACATGTCGGACCGATATT,0,2518869
mhpRp2,0.07692307692307693,12,12,ACAAGCAGCAGCAGTCGGTC,0,2525349
mhpRp2,0.07692307692307693,12,12,ACAACGGCATAGGGGGTGGC,0,2491342
mhpRp2,0.07692307692307693,12,12,AATTGTGATATCCTAGAAGT,0,2501458
mhpRp2,0.07692307692307693,12,12,AATTCGCTTGGGGCTGAGTA,0,2485399
mhpRp2,0.07692307692307693,12,12,AATTAGAACACAACGCGTAT,0,2499238
mhpRp2,0.07692307692307693,12,12,AATGGTCGGGATCTTTGGGT,0,2507109
mhpRp2,0.07692307692307693,12,12,AATGGTAAAGCTCTTACACT,0,2511177
mhpRp2,0.07692307692307693,12,12,AATGGGAAGGGCTGCGGGAA,0,2497744
mhpRp2,0.07692307692307693,12,12,AATCTACCGGCGCCATGCGA,0,2498295
mhpRp2,0.07692307692307693,12,12,AATCGGCTTATTCTTTGAGT,0,2529404
mhpRp2,0.07692307692307693,12,12,AATCCCTGGGCGAACCGTTC,0,2524615
mhpRp2,0.07692307692307693,12,12,AATATTGCGACTGTTCTAAG,0,2509658
mhpRp2,0.07692307692307693,12,12,AATAAATCCTCCTAAAAAAC,0,2513597
mhpRp2,0.07692307692307693,12,12,AAGTTTTGTTAGGCGACACT,0,2533335
mhpRp2,0.07692307692307693,12,12,AAGTGTACGCCGCCGGACAC,0,2495936
mhpRp2,0.07692307692307693,12,12,AAGTGGGGTCCAATATCGGG,0,2509297
mhpRp2,0.07692307692307693,12,12,AAGTGAGATCGTACCTATGG,0,2530201
mhpRp2,0.07692307692307693,12,12,AAGTACGCCAGGAGTTACAA,0,2509700
mhpRp2,0.07692307692307693,12,12,AAGCTGAGCTACCATCGCCA,0,2522668
mhpRp2,0.07692307692307693,12,12,AAGCGACGATGTGGAAATTT,0,2515839
mhpRp2,0.07692307692307693,12,12,AAGAACATTGGAAGGGTTGC,0,2503091
mhpRp2,0.07692307692307693,12,12,AACTCAAGGTCAATACGCGA,0,2533848
mhpRp2,0.07692307692307693,12,12,AACTAGGCAGAATGCATATT,0,2521039
mhpRp2,0.07692307692307693,12,12,AACGTGATCGATTGCGTAAA,0,2507345
mhpRp2,0.07692307692307693,12,12,AACCTCCATGTCCTTCATAA,0,2543445
mhpRp2,0.07692307692307693,12,12,AACCCTTCCAGGGAGTCGTA,0,2514379
mhpRp2,0.07692307692307693,12,12,AACATTACTCTCTAAACTGT,0,2522152
mhpRp2,0.07692307692307693,12,12,AACATATTTACTGAGTATGT,0,2505262
mhpRp2,0.07692307692307693,12,12,AACAAGAGTTCGTCTAACAC,0,2495572
mhpRp2,0.07692307692307693,12,12,AAATTGATCACTCAACACAT,0,2500847
mhpRp2,0.07692307692307693,12,12,AAAGCGACTGGCTCAGGACG,0,2527506
mhpRp2,0.07692307692307693,12,12,AAACGTAGAACGAGCTACCG,0,2481813
mhpRp2,0.07692307692307693,12,12,AAACCTTGGGAAGTATGTCT,0,2520840
mhpRp2,0.07692307692307693,12,12,AAAATTGAGGATAATCTCAG,0,2541625
mhpRp2,0.07692307692307693,12,12,AAAAGTCAGAGTAGCCCGTG,0,2514429
mhpRp2,0.08333333333333333,11,11,TTTTTCAGCCGCAGCCCATC,0,2524023
mhpRp2,0.08333333333333333,11,11,TTTTGAAGGTTGTCCACGAT,0,2510158
mhpRp2,0.08333333333333333,11,11,TTTTCTGAAAGTGCCAACGG,0,2503273
mhpRp2,0.08333333333333333,11,11,TTTTATGACGTCCGATGTGA,0,2484261
mhpRp2,0.08333333333333333,11,11,TTTTAGCGTTGTAAGTTTAT,0,2539004
mhpRp2,0.08333333333333333,11,11,TTTGTGTCAACGGCACACTT,0,2502888
mhpRp2,0.08333333333333333,11,11,TTTGTCTGCGAGTCGGCTCA,0,2499767
mhpRp2,0.08333333333333333,11,11,TTTGGGAGTGGGCACGGAGA,0,2531949
mhpRp2,0.08333333333333333,11,11,TTTCCAGTAGTACTGGGTTC,0,2500961
mhpRp2,0.08333333333333333,11,11,TTTATGCTCTGCACTGCGTC,0,2494807
mhpRp2,0.08333333333333333,11,11,TTGTAAGCATATATGGGCGC,0,2489220
mhpRp2,0.08333333333333333,11,11,TTGGTCCACCACACATACGG,0,2517358
mhpRp2,0.08333333333333333,11,11,TTGGGTGGAAACATGATCTT,0,2535126
mhpRp2,0.08333333333333333,11,11,TTGGGAACGACAGCCGGTTG,0,2493468
mhpRp2,0.08333333333333333,11,11,TTGCTGTGTTGGGGGCCTCG,0,2509733
mhpRp2,0.08333333333333333,11,11,TTGCTCATGCACCTCGACAC,0,2482164
mhpRp2,0.08333333333333333,11,11,TTGCTAGATCATGTAGGAAA,0,2535588
mhpRp2,0.08333333333333333,11,11,TTGACAGTGAAACGATTTCA,0,2530207
mhpRp2,0.08333333333333333,11,11,TTGAAGTCGTTCTTGCAGTG,0,2491923
mhpRp2,0.08333333333333333,11,11,TTCTTTATAATGCGCATCTC,0,2491660
mhpRp2,0.08333333333333333,11,11,TTCTGCTGGACGTGGTGGTG,0,2497753
mhpRp2,0.08333333333333333,11,11,TTCTCTGTTATACAGATTGA,0,2538711
mhpRp2,0.08333333333333333,11,11,TTCGTAGTTTCGGCATCGAT,0,2540279
mhpRp2,0.08333333333333333,11,11,TTCGGTGTCATACCTAGGTG,0,2525279
mhpRp2,0.08333333333333333,11,11,TTCGGGATCCATGCGTGGTG,0,2535769
mhpRp2,0.08333333333333333,11,11,TTCGCCTAGACACAGTTTGA,0,2495322
mhpRp2,0.08333333333333333,11,11,TTCGCCGTCGTGCGTGCATA,0,2499422
mhpRp2,0.08333333333333333,11,11,TTCCATTCTTCAGGGACCTG,0,2484720
mhpRp2,0.08333333333333333,11,11,TTCCATGGTTGTATTGGGGA,0,2515497
mhpRp2,0.08333333333333333,11,11,TTCCAGGTCAGTTAGGCGGA,0,2522285
mhpRp2,0.08333333333333333,11,11,TTCCAGGGCACAATACCTCC,0,2504370
mhpRp2,0.08333333333333333,11,11,TTCATGCACTTTCCATCTCA,0,2510289
mhpRp2,0.08333333333333333,11,11,TTCACACATGTTGCAACTGT,0,2509025
mhpRp2,0.08333333333333333,11,11,TTATTACTGTAGTATGGAAT,0,2538903
mhpRp2,0.08333333333333333,11,11,TTATCGCCCCCCTGAAGGAA,0,2484512
mhpRp2,0.08333333333333333,11,11,TTATAATGAGCACGTTGGAG,0,2531671
mhpRp2,0.08333333333333333,11,11,TTAGGGCTACCTCTAGGAAC,0,2503341
mhpRp2,0.08333333333333333,11,11,TTAGGGACCACACGGATGGA,0,2517365
mhpRp2,0.08333333333333333,11,11,TTAGGCATTTCGAGGGCGGC,0,2480484
mhpRp2,0.08333333333333333,11,11,TTAGGACCGGATACTGCAGA,0,2543685
mhpRp2,0.08333333333333333,11,11,TTACGACGAATCATTCCTCC,0,2514362
mhpRp2,0.08333333333333333,11,11,TTACCCACTGTCAACCACCC,0,2514764
mhpRp2,0.08333333333333333,11,11,TTAATGTGCTCTGTTGTTGT,0,2495402
mhpRp2,0.08333333333333333,11,11,TTAAACACTGTTGGTGACAT,0,2537000
mhpRp2,0.08333333333333333,11,11,TGTTTGTTGTGTTTGGCTAT,0,2492343
mhpRp2,0.08333333333333333,11,11,TGTTGGAAGGTCGTACTTTT,0,2481936
mhpRp2,0.08333333333333333,11,11,TGTGGTACTGTACCGAATGT,0,2515343
mhpRp2,0.08333333333333333,11,11,TGTCGCATCGAATGCGAAGT,0,2499520
mhpRp2,0.08333333333333333,11,11,TGTATTCAGCGGTATCACGG,0,2521506
mhpRp2,0.08333333333333333,11,11,TGTAGTCGCTATGACGGAAT,0,2493253
mhpRp2,0.08333333333333333,11,11,TGTACCGTCTCAGGGATTCT,0,2479710
mhpRp2,0.08333333333333333,11,11,TGTACACTAATTCAGAATGT,0,2496847
mhpRp2,0.08333333333333333,11,11,TGTAATCTGCGGTAATGCGT,0,2537142
mhpRp2,0.08333333333333333,11,11,TGTAAGTACCCGTTTTTCAT,0,2524703
mhpRp2,0.08333333333333333,11,11,TGGTGGCCATACGTGGGTCT,0,2540183
mhpRp2,0.08333333333333333,11,11,TGGTCCCCGCATCATTAAGC,0,2480031
mhpRp2,0.08333333333333333,11,11,TGGCCCCTCCAAGAATGTGC,0,2485213
mhpRp2,0.08333333333333333,11,11,TGGCCACCTCCCTAGGTCGG,0,2499802
mhpRp2,0.08333333333333333,11,11,TGGCAGGTAGTGATCTGTTC,0,2524997
mhpRp2,0.08333333333333333,11,11,TGGACGGGAGAAGTAGGTGA,0,2522215
mhpRp2,0.08333333333333333,11,11,TGGAAGCCTGCAACGCTCTT,0,2492143
mhpRp2,0.08333333333333333,11,11,TGCTTTGGACAAATGGGCGG,0,2541855
mhpRp2,0.08333333333333333,11,11,TGCTGTAACGGGGTCCCGCT,0,2542279
mhpRp2,0.08333333333333333,11,11,TGCTCCTGCTACCGAATCAT,0,2483078
mhpRp2,0.08333333333333333,11,11,TGCTAAGTATATCCCTCGGT,0,2536405
mhpRp2,0.08333333333333333,11,11,TGCGGCTGCACGATGGACTT,0,2487820
mhpRp2,0.08333333333333333,11,11,TGCCTTACAAGTTTATGCGA,0,2501887
mhpRp2,0.08333333333333333,11,11,TGCCGGACGCCAATCGCTTT,0,2531068
mhpRp2,0.08333333333333333,11,11,TGCCCACTATGGACTATTTG,0,2512850
mhpRp2,0.08333333333333333,11,11,TGCAGACGACAATTCCTCAG,0,2496382
mhpRp2,0.08333333333333333,11,11,TGCAAAAGCGTGTGTGACGC,0,2485608
mhpRp2,0.08333333333333333,11,11,TGAGGCAGGAATTACAAGAC,0,2527465
mhpRp2,0.08333333333333333,11,11,TGAGCTGGTGACTTGTAAAC,0,2488847
mhpRp2,0.08333333333333333,11,11,TGACTTCCTCGGCCCCCGGA,0,2529518
mhpRp2,0.08333333333333333,11,11,TGACACGGTTAATCGCTATT,0,2536651
mhpRp2,0.08333333333333333,11,11,TGACACAGAGAAGAGGGTTC,0,2537351
mhpRp2,0.08333333333333333,11,11,TGAATGTTTACATTGCGGAC,0,2541750
mhpRp2,0.08333333333333333,11,11,TCTGCACAGCACCAGAAGCG,0,2510600
mhpRp2,0.08333333333333333,11,11,TCTGATACGGGAGAGGTTGT,0,2483769
mhpRp2,0.08333333333333333,11,11,TCTCTGAAGAGCGGGCCGGG,0,2502072
mhpRp2,0.08333333333333333,11,11,TCTCTCTACAGCAACTTACT,0,2485996
mhpRp2,0.08333333333333333,11,11,TCTCCATTGTAACCAAGGAA,0,2500592
mhpRp2,0.08333333333333333,11,11,TCTATGAGGAACTGAGCGGT,0,2487901
mhpRp2,0.08333333333333333,11,11,TCTAGGGTAGAAAAACGTTC,0,2529014
mhpRp2,0.08333333333333333,11,11,TCTACCAAATGCGAATTTAA,0,2538376
mhpRp2,0.08333333333333333,11,11,TCTACATCTCAGGGCGCAAT,0,2502529
mhpRp2,0.08333333333333333,11,11,TCTAATGAGAACAAGGCCCA,0,2528302
mhpRp2,0.08333333333333333,11,11,TCTAACGTTACTCGAGCCCG,0,2493559
mhpRp2,0.08333333333333333,11,11,TCGGTGATGCTTCTATTCAG,0,2532828
mhpRp2,0.08333333333333333,11,11,TCGGTCGGTTCTGACTAATC,0,2509380
mhpRp2,0.08333333333333333,11,11,TCGGCGAAGAAACTTTGGAT,0,2482136
mhpRp2,0.08333333333333333,11,11,TCGGCAGCGTACCTGCGGGA,0,2523894
mhpRp2,0.08333333333333333,11,11,TCGCGGTGATGTGCTGATAT,0,2544895
mhpRp2,0.08333333333333333,11,11,TCGCACGAACTCATTCATTG,0,2502707
mhpRp2,0.08333333333333333,11,11,TCGATGGTTGTCCGTCCTTC,0,2542046
mhpRp2,0.08333333333333333,11,11,TCGAGAGAAAACTTATCGAC,0,2528492
mhpRp2,0.08333333333333333,11,11,TCGACGGTGGTTAATATCCC,0,2491356
mhpRp2,0.08333333333333333,11,11,TCGACAGAGCCTACGCTTAG,0,2523067
mhpRp2,0.08333333333333333,11,11,TCCGTTCTGAGGGCCATCGG,0,2489026
mhpRp2,0.08333333333333333,11,11,TCCGCTCTGACGAGCAGGGT,0,2504212
mhpRp2,0.08333333333333333,11,11,TCCCCCCTCAAAGGCGTGTC,0,2502387
mhpRp2,0.08333333333333333,11,11,TCCAGGGGCCTTTGTATTGA,0,2515257
mhpRp2,0.08333333333333333,11,11,TCATGTACTGTAAATATCGT,0,2506508
mhpRp2,0.08333333333333333,11,11,TCATAGGACCAATGTTATCT,0,2518081
mhpRp2,0.08333333333333333,11,11,TCAGGGGTGAAAAAATGTGC,0,2492557
mhpRp2,0.08333333333333333,11,11,TCAGAAAGCACAAAGCCCTT,0,2508868
mhpRp2,0.08333333333333333,11,11,TCACTGGTTCTCATCGTCGC,0,2498250
mhpRp2,0.08333333333333333,11,11,TCACTGCGGCTACCGGGACC,0,2527494
mhpRp2,0.08333333333333333,11,11,TCACGGAAAAGGAGTAGGCT,0,2492853
mhpRp2,0.08333333333333333,11,11,TCACCTAACGGGTAAGGGTT,0,2494689
mhpRp2,0.08333333333333333,11,11,TCACAGTATCACAAATTAGA,0,2500614
mhpRp2,0.08333333333333333,11,11,TCACACTTCGAGATAATTAA,0,2492938
mhpRp2,0.08333333333333333,11,11,TCAACCTAATTTGTCCTACC,0,2537518
mhpRp2,0.08333333333333333,11,11,TATTGCACGCGGGTAACTGG,0,2539812
mhpRp2,0.08333333333333333,11,11,TATGTTTGCCAGTGGCTCGC,0,2496234
mhpRp2,0.08333333333333333,11,11,TATCTGCACTGCCCGTAATG,0,2525984
mhpRp2,0.08333333333333333,11,11,TATCTCTCACCAGGTGCTTC,0,2505367
mhpRp2,0.08333333333333333,11,11,TATCGGAAAAGTCCCCTATT,0,2519167
mhpRp2,0.08333333333333333,11,11,TATCATACCACAAGTGAATT,0,2528271
mhpRp2,0.08333333333333333,11,11,TATCAACGAGCGACAACTGG,0,2484415
mhpRp2,0.08333333333333333,11,11,TATAGTGGCCATCACCAGGT,0,2530494
mhpRp2,0.08333333333333333,11,11,TATAGTGGAGATGCTGAGCG,0,2536877
mhpRp2,0.08333333333333333,11,11,TAGGTACTAACTTTATCCTC,0,2497380
mhpRp2,0.08333333333333333,11,11,TAGGGTTACATCCCAAGAAG,0,2516505
mhpRp2,0.08333333333333333,11,11,TAGGCCTTAGACCAATTCTT,0,2499432
mhpRp2,0.08333333333333333,11,11,TAGGACGTTCAAAGTTGTTA,0,2542553
mhpRp2,0.08333333333333333,11,11,TAGCGTAGTATCGTCTCCAA,0,2507366
mhpRp2,0.08333333333333333,11,11,TAGCCCAGCATTTAAGGAGC,0,2499318
mhpRp2,0.08333333333333333,11,11,TAGCCATACACCGACCCTCT,0,2518590
mhpRp2,0.08333333333333333,11,11,TAGCAGTCGGTGGACGTTCC,0,2486962
mhpRp2,0.08333333333333333,11,11,TAGATGGACATAAGCAAAAC,0,2537308
mhpRp2,0.08333333333333333,11,11,TAGAGGTCCATTCGCTTAAT,0,2493995
mhpRp2,0.08333333333333333,11,11,TAGAGGAGCCTCACTAGGTT,0,2482576
mhpRp2,0.08333333333333333,11,11,TAGAGATTATCTCCCTCCAA,0,2522370
mhpRp2,0.08333333333333333,11,11,TACTTCATCTCATGATGGGT,0,2495089
mhpRp2,0.08333333333333333,11,11,TACTACCAAGCGTATTCCGA,0,2501212
mhpRp2,0.08333333333333333,11,11,TACGTCCAGGCGCGGTCTTA,0,2483083
mhpRp2,0.08333333333333333,11,11,TACGGTAGAGCTTACGACCT,0,2529082
mhpRp2,0.08333333333333333,11,11,TACGCTTCTTTGGGCTTTCT,0,2514149
mhpRp2,0.08333333333333333,11,11,TACCAAGTAGTTGCGCAAAT,0,2481600
mhpRp2,0.08333333333333333,11,11,TACAGTCAATAGTCTGATCA,0,2485298
mhpRp2,0.08333333333333333,11,11,TACAGACCAAGGCTTATTAG,0,2496605
mhpRp2,0.08333333333333333,11,11,TACAGAAAACATGGACGTGT,0,2518835
mhpRp2,0.08333333333333333,11,11,TACAATCTACGGAGTGTCTT,0,2539594
mhpRp2,0.08333333333333333,11,11,TAATTGCGGGAGGTGTAATA,0,2498041
mhpRp2,0.08333333333333333,11,11,TAATTCCGGCGCTCTTACGA,0,2532269
mhpRp2,0.08333333333333333,11,11,TAATGAATAGTTGGAACCCA,0,2517196
mhpRp2,0.08333333333333333,11,11,TAATATAAATAGCCTATACG,0,2503597
mhpRp2,0.08333333333333333,11,11,TAATAACGCTTGCTGACGCT,0,2483938
mhpRp2,0.08333333333333333,11,11,TAAGGCAATACGCGGAAGAG,0,2532752
mhpRp2,0.08333333333333333,11,11,TAAGAGGCTACGAAGTGTTA,0,2513457
mhpRp2,0.08333333333333333,11,11,TAAGAAATCTCGTTGTCCAA,0,2512126
mhpRp2,0.08333333333333333,11,11,TAACTTGTCCACTGGGAAAG,0,2485895
mhpRp2,0.08333333333333333,11,11,TAACGACATGCTCGCAAGTG,0,2536143
mhpRp2,0.08333333333333333,11,11,TAACAATTGCGTCTGTAGCT,0,2538013
mhpRp2,0.08333333333333333,11,11,TAAATCCCGATCATAGATAG,0,2484108
mhpRp2,0.08333333333333333,11,11,GTTTGGAGTTTATCAGGAGT,0,2517129
mhpRp2,0.08333333333333333,11,11,GTTTGCGCGCCGGATGTACG,0,2515717
mhpRp2,0.08333333333333333,11,11,GTTTCTCGGTTAGTACGGTC,0,2520198
mhpRp2,0.08333333333333333,11,11,GTTTCATTACCGGCCAGACA,0,2508341
mhpRp2,0.08333333333333333,11,11,GTTTAATACGAGCGACAGTG,0,2533391
mhpRp2,0.08333333333333333,11,11,GTTTAAACTAAGGTACCCGA,0,2544052
mhpRp2,0.08333333333333333,11,11,GTTGTGGAACAGGCTACGTG,0,2502259
mhpRp2,0.08333333333333333,11,11,GTTGGCATACGTAGCTAATT,0,2511778
mhpRp2,0.08333333333333333,11,11,GTTCAGTGGGCTAACTTGGA,0,2511772
mhpRp2,0.08333333333333333,11,11,GTTATCTCTCTAGAGGCCGA,0,2501195
mhpRp2,0.08333333333333333,11,11,GTTAGGAGCGCTCCAAAATC,0,2513221
mhpRp2,0.08333333333333333,11,11,GTTAGAGTTCATAGTGCCCG,0,2487753
mhpRp2,0.08333333333333333,11,11,GTGTCAGTCAGTTCTCATGA,0,2482921
mhpRp2,0.08333333333333333,11,11,GTGTATAACGCACTAGCAAG,0,2513693
mhpRp2,0.08333333333333333,11,11,GTGGGGGACTAGCCAGACGC,0,2517267
mhpRp2,0.08333333333333333,11,11,GTGGGACCTAGACACGGTAA,0,2543293
mhpRp2,0.08333333333333333,11,11,GTGGAGAGGAATGGATCCTC,0,2525624
mhpRp2,0.08333333333333333,11,11,GTGCGTCGCTTTCCCTCGCA,0,2499421
mhpRp2,0.08333333333333333,11,11,GTGCGACTGAACGTGCAAAT,0,2527871
mhpRp2,0.08333333333333333,11,11,GTGCCCAGGGTGCAATTTAA,0,2504771
mhpRp2,0.08333333333333333,11,11,GTGCCAAGTCCTGTAATCGG,0,2482194
mhpRp2,0.08333333333333333,11,11,GTGATCGTTTGTCAAGCGGA,0,2491167
mhpRp2,0.08333333333333333,11,11,GTGATCATACGCTATAAGTC,0,2516928
mhpRp2,0.08333333333333333,11,11,GTGATCAAGATACATATCTT,0,2504936
mhpRp2,0.08333333333333333,11,11,GTGAATTGTTATTTGGAGTC,0,2526755
mhpRp2,0.08333333333333333,11,11,GTGAATGTCAATCACTCGAT,0,2491616
mhpRp2,0.08333333333333333,11,11,GTCTGGCATTATGACGTTCT,0,2480567
mhpRp2,0.08333333333333333,11,11,GTCGGGTCGTGAACATTTGC,0,2500966
mhpRp2,0.08333333333333333,11,11,GTCGGGTAGCCTTTTGAATT,0,2525450
mhpRp2,0.08333333333333333,11,11,GTCCGTAAGCATCATTACTA,0,2523910
mhpRp2,0.08333333333333333,11,11,GTCATGTCATGCTGGTTATA,0,2531577
mhpRp2,0.08333333333333333,11,11,GTCATGCCGAGGTGAAGATT,0,2481356
mhpRp2,0.08333333333333333,11,11,GTCACTACTGATTCAGTGCG,0,2484270
mhpRp2,0.08333333333333333,11,11,GTCACAACGGTTATATGCAG,0,2520492
mhpRp2,0.08333333333333333,11,11,GTATCACGTGGTACAGCTAT,0,2517865
mhpRp2,0.08333333333333333,11,11,GTAGCCCATCGGCGACGCGT,0,2511720
mhpRp2,0.08333333333333333,11,11,GTACGCCGTAGCAACGTGTT,0,2506422
mhpRp2,0.08333333333333333,11,11,GTACAGCCACTCGTCTGTTA,0,2542592
mhpRp2,0.08333333333333333,11,11,GGTTGTCCACCTGCGAATAT,0,2538514
mhpRp2,0.08333333333333333,11,11,GGTTGGGTAAAGAGGACTTC,0,2533931
mhpRp2,0.08333333333333333,11,11,GGTTGGCATGTGATGCAGTT,0,2500799
mhpRp2,0.08333333333333333,11,11,GGTTCCGCTATCTTTAGAGG,0,2543620
mhpRp2,0.08333333333333333,11,11,GGTGGCTGCGAGCTACGAAG,0,2519823
mhpRp2,0.08333333333333333,11,11,GGTGAGGCGTACGAGAGGAG,0,2489472
mhpRp2,0.08333333333333333,11,11,GGTCATTTTCAATGTAGGGT,0,2515304
mhpRp2,0.08333333333333333,11,11,GGTATTCCTGCCCTCCGAAA,0,2486837
mhpRp2,0.08333333333333333,11,11,GGGTTTTGATCCATGGACTG,0,2500559
mhpRp2,0.08333333333333333,11,11,GGGTTTATTTTGGTTCTTGA,0,2537800
mhpRp2,0.08333333333333333,11,11,GGGTTCCTGGCATGGGCGGA,0,2503407
mhpRp2,0.08333333333333333,11,11,GGGTAAGTCTCGCATCGCCA,0,2511636
mhpRp2,0.08333333333333333,11,11,GGGGTATATTTAATGGACCG,0,2482897
mhpRp2,0.08333333333333333,11,11,GGGGGGTTACTCGCTAGAAG,0,2487365
mhpRp2,0.08333333333333333,11,11,GGGGGCGCTTGCAGTATGTC,0,2544905
mhpRp2,0.08333333333333333,11,11,GGGGATGAAGAGAAATACTA,0,2518265
mhpRp2,0.08333333333333333,11,11,GGGGACCTACGGATGAATCT,0,2537174
mhpRp2,0.08333333333333333,11,11,GGGCGTCTCACATAAACGGA,0,2510206
mhpRp2,0.08333333333333333,11,11,GGCTTAGGCTAGGAGTCCCG,0,2495981
mhpRp2,0.08333333333333333,11,11,GGCGTTGTCCATACTGCAGT,0,2480977
mhpRp2,0.08333333333333333,11,11,GGCGATATAAAACCAGCTCG,0,2490920
mhpRp2,0.08333333333333333,11,11,GGCGAATCATGGGGGCCATC,0,2482501
mhpRp2,0.08333333333333333,11,11,GGCCTAGCCTATGATTGGAG,0,2537700
mhpRp2,0.08333333333333333,11,11,GGCCCATGGTATGCTTTATA,0,2482144
mhpRp2,0.08333333333333333,11,11,GGCCAAATTGAAGGAATAGG,0,2485331
mhpRp2,0.08333333333333333,11,11,GGCATCCTTTAGGGTTGGAT,0,2482407
mhpRp2,0.08333333333333333,11,11,GGCACAGATGCATGTCATTC,0,2508720
mhpRp2,0.08333333333333333,11,11,GGATCCGCCATTAGCTGTGA,0,2499820
mhpRp2,0.08333333333333333,11,11,GGATAACCGCGTGTCGGGCT,0,2534978
mhpRp2,0.08333333333333333,11,11,GGAGGGTTACAAGGTCTCCT,0,2521227
mhpRp2,0.08333333333333333,11,11,GGACGAGATGTTAATATCTT,0,2524325
mhpRp2,0.08333333333333333,11,11,GGACGAAGACAAATCCATGC,0,2508927
mhpRp2,0.08333333333333333,11,11,GGAATCATTCCCTTGGCAGA,0,2506347
mhpRp2,0.08333333333333333,11,11,GGAATACAGATGCATATAAT,0,2497846
mhpRp2,0.08333333333333333,11,11,GGAAGTCCAAATGGTTAAGA,0,2523725
mhpRp2,0.08333333333333333,11,11,GGAACGCCCGCTCGTCCAAC,0,2503958
mhpRp2,0.08333333333333333,11,11,GGAACGACAAATACGTGTCA,0,2482421
mhpRp2,0.08333333333333333,11,11,GGAAAGGCTCAGGCTCACGC,0,2527206
mhpRp2,0.08333333333333333,11,11,GGAAAAACGGCGGGTCGCTG,0,2513614
mhpRp2,0.08333333333333333,11,11,GCTTTTGATTGGTGATGTCC,0,2541156
mhpRp2,0.08333333333333333,11,11,GCTGGCGGCGGATTTTTGCT,0,2484522
mhpRp2,0.08333333333333333,11,11,GCTGCAAGTCTGCCCGCTAA,0,2524899
mhpRp2,0.08333333333333333,11,11,GCTCGTAAGATCGTAGTACT,0,2512198
mhpRp2,0.08333333333333333,11,11,GCTCGGGTAAATACTAATCG,0,2523587
mhpRp2,0.08333333333333333,11,11,GCTCACTGTGCAGTTCTATT,0,2517680
mhpRp2,0.08333333333333333,11,11,GCTAGTGCCTTCAACTTCCT,0,2493800
mhpRp2,0.08333333333333333,11,11,GCTAGTAACATTTATAAGTT,0,2511329
mhpRp2,0.08333333333333333,11,11,GCTACGATAACCCGTAGGCA,0,2481317
mhpRp2,0.08333333333333333,11,11,GCTAAATTCCTAGGGTTGTC,0,2516053
mhpRp2,0.08333333333333333,11,11,GCGTTAGCGCCAATTAAGAG,0,2494246
mhpRp2,0.08333333333333333,11,11,GCGGGTACGCCTTAAACGTG,0,2509513
mhpRp2,0.08333333333333333,11,11,GCGGGACAACTAACCCCTAA,0,2543551
mhpRp2,0.08333333333333333,11,11,GCGGCACCAGACTACATCAG,0,2505807
mhpRp2,0.08333333333333333,11,11,GCGCTGTGATTAGCTGTGAA,0,2542530
mhpRp2,0.08333333333333333,11,11,GCGCTCCCGTGCATGCTCGA,0,2498126
mhpRp2,0.08333333333333333,11,11,GCGCAACCGAAGGCGGATTT,0,2522447
mhpRp2,0.08333333333333333,11,11,GCGAGAGATGCGAGTTAGAT,0,2511342
mhpRp2,0.08333333333333333,11,11,GCGACCCTGTAAGTGACCGA,0,2539852
mhpRp2,0.08333333333333333,11,11,GCCTTTAGTATACAGATATT,0,2506641
mhpRp2,0.08333333333333333,11,11,GCCTGTGGTGACCTGCGCCG,0,2541877
mhpRp2,0.08333333333333333,11,11,GCCTACGATTGACAATGATT,0,2492060
mhpRp2,0.08333333333333333,11,11,GCCGTCGCATGCGAGTGTGC,0,2503151
mhpRp2,0.08333333333333333,11,11,GCCGGTGTGAGGCATAGAGG,0,2533392
mhpRp2,0.08333333333333333,11,11,GCCGCAGCGGAAGCGCGAAT,0,2538485
mhpRp2,0.08333333333333333,11,11,GCCCTCGGATGAAGGTAGAC,0,2527095
mhpRp2,0.08333333333333333,11,11,GCCAGGGTCTAGGAATGGAC,0,2513020
mhpRp2,0.08333333333333333,11,11,GCCAAGGACTTTTAGCAGCC,0,2495994
mhpRp2,0.08333333333333333,11,11,GCCAAGCACTATAATACATT,0,2519379
mhpRp2,0.08333333333333333,11,11,GCATACGATAACCATAACCA,0,2514983
mhpRp2,0.08333333333333333,11,11,GCAGGTGAGGTACGGCGATT,0,2537167
mhpRp2,0.08333333333333333,11,11,GCAGAGTACCTTTCGGCAGT,0,2510465
mhpRp2,0.08333333333333333,11,11,GCACGTAATAGATCGTAAGA,0,2511698
mhpRp2,0.08333333333333333,11,11,GCACAGAGAGAAAATGTGGA,0,2504860
mhpRp2,0.08333333333333333,11,11,GCAAATGTATAACGAGGATA,0,2525046
mhpRp2,0.08333333333333333,11,11,GCAAATGGACACTCGACGTT,0,2517377
mhpRp2,0.08333333333333333,11,11,GATTTAGACACTCCCATTAA,0,2504785
mhpRp2,0.08333333333333333,11,11,GATTACCTGCGTTCACGAAA,0,2504940
mhpRp2,0.08333333333333333,11,11,GATGCGCAGGGAAACTTTAT,0,2494631
mhpRp2,0.08333333333333333,11,11,GATGCATCGGCATCACCTAG,0,2485648
mhpRp2,0.08333333333333333,11,11,GATGATAGCTCGAGATCTAG,0,2537944
mhpRp2,0.08333333333333333,11,11,GATGACCACACTCGCCCCAT,0,2509894
mhpRp2,0.08333333333333333,11,11,GATCTCAACGTAGCACCGAT,0,2513870
mhpRp2,0.08333333333333333,11,11,GATCTAGGTTGAGTAAGTTG,0,2536134
mhpRp2,0.08333333333333333,11,11,GATCCTATATAGTTTTTCGA,0,2516938
mhpRp2,0.08333333333333333,11,11,GATACCCGACCAGGGTACTG,0,2513762
mhpRp2,0.08333333333333333,11,11,GAGTTGCATTCTAAGTGGCA,0,2486093
mhpRp2,0.08333333333333333,11,11,GAGTTCTGCTGTTGTCCGAA,0,2519409
mhpRp2,0.08333333333333333,11,11,GAGTGGAGTCTGGTGATGTA,0,2512419
mhpRp2,0.08333333333333333,11,11,GAGTCGCGGGTAATTGTTCT,0,2499155
mhpRp2,0.08333333333333333,11,11,GAGTCATGAGCCATGCTACA,0,2533216
mhpRp2,0.08333333333333333,11,11,GAGGTGTTAGGTCCAGCAGG,0,2511416
mhpRp2,0.08333333333333333,11,11,GAGGGCTGCACACTCTCCAA,0,2535258
mhpRp2,0.08333333333333333,11,11,GAGGCTCACCGTCAAGTTAT,0,2495229
mhpRp2,0.08333333333333333,11,11,GACTGATCAAAGGAGGCCAA,0,2500625
mhpRp2,0.08333333333333333,11,11,GACGTGGGGTTCCAGATCCA,0,2501912
mhpRp2,0.08333333333333333,11,11,GACCTGATTCGAAGTATGCC,0,2483764
mhpRp2,0.08333333333333333,11,11,GACCGGCTCCACTGGTTTCT,0,2493558
mhpRp2,0.08333333333333333,11,11,GAATTGCAGGCACCAAGGTA,0,2496158
mhpRp2,0.08333333333333333,11,11,GAAGTACGGGTTAAACTCAA,0,2514821
mhpRp2,0.08333333333333333,11,11,GAAGTAACTTTCATCAGTGA,0,2537056
mhpRp2,0.08333333333333333,11,11,GAACCGCGGTTTACTTTGTC,0,2491548
mhpRp2,0.08333333333333333,11,11,GAAATCGGCCGGAAGGCGGG,0,2493924
mhpRp2,0.08333333333333333,11,11,GAAACTCCGCATGCTGCCAG,0,2493754
mhpRp2,0.08333333333333333,11,11,GAAACGGGTAGTTCTGGTCT,0,2527205
mhpRp2,0.08333333333333333,11,11,CTTTGGCATTCCATAAGTGC,0,2487722
mhpRp2,0.08333333333333333,11,11,CTTTCTAAGTTCTGAGTATA,0,2490300
mhpRp2,0.08333333333333333,11,11,CTTGCGCGTCCATCTCTAAA,0,2511552
mhpRp2,0.08333333333333333,11,11,CTTGATCTTATTACCTCAGT,0,2507096
mhpRp2,0.08333333333333333,11,11,CTTGAAGTACGAATTATACT,0,2525900
mhpRp2,0.08333333333333333,11,11,CTTAGGAACAAACCACTGCA,0,2517007
mhpRp2,0.08333333333333333,11,11,CTTACTGTTGATCGGTCGAT,0,2504034
mhpRp2,0.08333333333333333,11,11,CTTACCGGTAGTTTACGCTT,0,2503113
mhpRp2,0.08333333333333333,11,11,CTGTATGATCTCTCTGGCTG,0,2487058
mhpRp2,0.08333333333333333,11,11,CTGTAAACCGAGGGAGGCAT,0,2510969
mhpRp2,0.08333333333333333,11,11,CTGGGTCGGGGTCCCCTCCC,0,2510759
mhpRp2,0.08333333333333333,11,11,CTGGAAACAAATTACTCTAG,0,2497632
mhpRp2,0.08333333333333333,11,11,CTGCTAAGGGACATCAGTTC,0,2499868
mhpRp2,0.08333333333333333,11,11,CTGCGGGATGGTACATTAGT,0,2483259
mhpRp2,0.08333333333333333,11,11,CTGCAGTGAAGCCTTTTTAC,0,2486009
mhpRp2,0.08333333333333333,11,11,CTGACCACTAGCGAACTGTA,0,2500607
mhpRp2,0.08333333333333333,11,11,CTGAACTCTTTCCCAGCGTC,0,2510829
mhpRp2,0.08333333333333333,11,11,CTCTCTCTTAATCGTATCGG,0,2484057
mhpRp2,0.08333333333333333,11,11,CTCTCCTGTAACAGAGAACA,0,2531339
mhpRp2,0.08333333333333333,11,11,CTCTATGCGCTGCGCACTGT,0,2536044
mhpRp2,0.08333333333333333,11,11,CTCTAGCGGGTCCGAAATAT,0,2517957
mhpRp2,0.08333333333333333,11,11,CTCGTAGTATAGGCTCAGTG,0,2524378
mhpRp2,0.08333333333333333,11,11,CTCGACGCCTCACGCTCTTT,0,2486487
mhpRp2,0.08333333333333333,11,11,CTCCCAGAAGCGGCCCCAGT,0,2493601
mhpRp2,0.08333333333333333,11,11,CTCCATACAACCTCGACACG,0,2516664
mhpRp2,0.08333333333333333,11,11,CTCATGTGTAGTTTATGGAG,0,2507863
mhpRp2,0.08333333333333333,11,11,CTCAGTTCTCCTGCAACAAT,0,2499716
mhpRp2,0.08333333333333333,11,11,CTCACTACGCAGCCCCCTAA,0,2519942
mhpRp2,0.08333333333333333,11,11,CTCACGTTCCATTATACTAA,0,2489247
mhpRp2,0.08333333333333333,11,11,CTCACGCGAAAAAGTCTTGC,0,2517909
mhpRp2,0.08333333333333333,11,11,CTATGCCCAGAAACGTTCAT,0,2489391
mhpRp2,0.08333333333333333,11,11,CTATAGGCTTTAAGTGTCAT,0,2526081
mhpRp2,0.08333333333333333,11,11,CTATAGACGGGAGCGAACGC,0,2531684
mhpRp2,0.08333333333333333,11,11,CTATAACGGGCGCCCCAAAT,0,2522131
mhpRp2,0.08333333333333333,11,11,CTACGCGAGAAGTTTCTACC,0,2499862
mhpRp2,0.08333333333333333,11,11,CTACATTGGACCCCCATTGT,0,2527574
mhpRp2,0.08333333333333333,11,11,CTAACTGTGCCCATCAGGTT,0,2532876
mhpRp2,0.08333333333333333,11,11,CTAACGCTGTGCACGAACTG,0,2521451
mhpRp2,0.08333333333333333,11,11,CGTTTCTCAGTTCGACCCCA,0,2487300
mhpRp2,0.08333333333333333,11,11,CGTTCTGGATTTCATCTACC,0,2496848
mhpRp2,0.08333333333333333,11,11,CGTTCAGCACGAACTGGGTC,0,2499012
mhpRp2,0.08333333333333333,11,11,CGTTCACCCCTGTCGATGCT,0,2529292
mhpRp2,0.08333333333333333,11,11,CGTTAGATGTGGGCCTAAAA,0,2520238
mhpRp2,0.08333333333333333,11,11,CGTTAAATAGGTGCGGTAGA,0,2506068
mhpRp2,0.08333333333333333,11,11,CGTGGTAGTTAGGGTCCGTG,0,2501801
mhpRp2,0.08333333333333333,11,11,CGTGCGCAGTCGGTACGGGC,0,2505752
mhpRp2,0.08333333333333333,11,11,CGTGCCTGTTAAGAGGGTAT,0,2492553
mhpRp2,0.08333333333333333,11,11,CGTCCAGTAGGCTGCACAGA,0,2497333
mhpRp2,0.08333333333333333,11,11,CGTATGTGTCATATCAAGTC,0,2490462
mhpRp2,0.08333333333333333,11,11,CGTAGCCGAGGGCAGAAGGT,0,2532469
mhpRp2,0.08333333333333333,11,11,CGTACCTTTCATGTTGAGCC,0,2490439
mhpRp2,0.08333333333333333,11,11,CGTAACAAAGGGCTCTGCTC,0,2516536
mhpRp2,0.08333333333333333,11,11,CGTAAAAAATATGTCTCGTA,0,2535256
mhpRp2,0.08333333333333333,11,11,CGGTTTGTTGCGCCCAAACC,0,2530278
mhpRp2,0.08333333333333333,11,11,CGGTTTCTACTAACGGGACT,0,2486171
mhpRp2,0.08333333333333333,11,11,CGGTGTTGCATCTGTTACCT,0,2528965
mhpRp2,0.08333333333333333,11,11,CGGTCTTAGAAGCTGGCAAG,0,2522953
mhpRp2,0.08333333333333333,11,11,CGGTCGGGGCTTGTACGCGG,0,2523596
mhpRp2,0.08333333333333333,11,11,CGGTATCCCACCTTGCGAAA,0,2535717
mhpRp2,0.08333333333333333,11,11,CGGGTACGATCTAGAGTCTC,0,2523936
mhpRp2,0.08333333333333333,11,11,CGGGGGTCACTCTATGGCCA,0,2510155
mhpRp2,0.08333333333333333,11,11,CGGGAGACAATCGTTACCTG,0,2499553
mhpRp2,0.08333333333333333,11,11,CGGCAAGCATCGCTACAAAC,0,2518795
mhpRp2,0.08333333333333333,11,11,CGGAAGCTACGCCTAGATCA,0,2482174
mhpRp2,0.08333333333333333,11,11,CGGAAGCGGGAATTGTCGTA,0,2541321
mhpRp2,0.08333333333333333,11,11,CGCTTTACGCCACTGTGTCT,0,2533601
mhpRp2,0.08333333333333333,11,11,CGCTTATCTTAGTTATCGGT,0,2527988
mhpRp2,0.08333333333333333,11,11,CGCTCCTACCGTGCCCTGCA,0,2537389
mhpRp2,0.08333333333333333,11,11,CGCTAACCCCGGCACAGCCA,0,2514357
mhpRp2,0.08333333333333333,11,11,CGCGTTATAGTCCAACGCCA,0,2529741
mhpRp2,0.08333333333333333,11,11,CGCGGCCCCGTCATCCAGTT,0,2502650
mhpRp2,0.08333333333333333,11,11,CGCGGAGGTGGCTGTGAAGC,0,2538595
mhpRp2,0.08333333333333333,11,11,CGCGCCGGAAGTATCAAGGT,0,2491084
mhpRp2,0.08333333333333333,11,11,CGCCGGGAAACGGCTGGAGT,0,2491231
mhpRp2,0.08333333333333333,11,11,CGCCGCCACGAATGAGGCAA,0,2502731
mhpRp2,0.08333333333333333,11,11,CGCCACTTGTCTGGTTATAG,0,2510408
mhpRp2,0.08333333333333333,11,11,CGCACGGCTGCGCCACTCAT,0,2491427
mhpRp2,0.08333333333333333,11,11,CGATTGATTCAGTGGTATTT,0,2538576
mhpRp2,0.08333333333333333,11,11,CGATTGAGCTTCGCGTTTCA,0,2501192
mhpRp2,0.08333333333333333,11,11,CGAGGTCGGGATGAACGAGG,0,2491834
mhpRp2,0.08333333333333333,11,11,CGAGCGCATCTCGGCGTAAA,0,2536286
mhpRp2,0.08333333333333333,11,11,CGAGACGACACGGGACCCAT,0,2518560
mhpRp2,0.08333333333333333,11,11,CGACTGGAGCTACCGGATGT,0,2504748
mhpRp2,0.08333333333333333,11,11,CGACTCCGCTCCCCAGGGTG,0,2545454
mhpRp2,0.08333333333333333,11,11,CGACGTTAGTTTTATGCTGG,0,2514574
mhpRp2,0.08333333333333333,11,11,CGACAAACGCTTAACAGTTG,0,2493613
mhpRp2,0.08333333333333333,11,11,CGAATTTGTCTATGTGAAAA,0,2486630
mhpRp2,0.08333333333333333,11,11,CGAATAGCCCCATTGATTAC,0,2515773
mhpRp2,0.08333333333333333,11,11,CCTTTCATGAACGCTCAGAA,0,2494809
mhpRp2,0.08333333333333333,11,11,CCTTTACGCTGAAGCGCTAT,0,2518034
mhpRp2,0.08333333333333333,11,11,CCTTGCGTAGCAGTCCTAAT,0,2540408
mhpRp2,0.08333333333333333,11,11,CCTTGAATTTGTATGCCTTA,0,2545453
mhpRp2,0.08333333333333333,11,11,CCTTATTCAGGGAATAATGT,0,2490817
mhpRp2,0.08333333333333333,11,11,CCTGCGCAACTACCCAGAAA,0,2513705
mhpRp2,0.08333333333333333,11,11,CCTGCCGTCTAGACGGATTC,0,2482511
mhpRp2,0.08333333333333333,11,11,CCTGCAACAAAGACCATGCT,0,2498427
mhpRp2,0.08333333333333333,11,11,CCTGACATTTACGAGTCTTT,0,2493094
mhpRp2,0.08333333333333333,11,11,CCTCTGTTGTAGTGGACGGT,0,2513654
mhpRp2,0.08333333333333333,11,11,CCTCTAAGTGTGTCGCATTA,0,2516336
mhpRp2,0.08333333333333333,11,11,CCTCCTCCTTTCGGACATCG,0,2539481
mhpRp2,0.08333333333333333,11,11,CCTCAGACCGCCGATGATCT,0,2496347
mhpRp2,0.08333333333333333,11,11,CCTAGCAATTCACTCTAATA,0,2516494
mhpRp2,0.08333333333333333,11,11,CCTACACTCGCCGGGAGGGG,0,2527919
mhpRp2,0.08333333333333333,11,11,CCTAATACCATTAGTGTTGT,0,2495280
mhpRp2,0.08333333333333333,11,11,CCTAACTGGATAGCAGTTAA,0,2493514
mhpRp2,0.08333333333333333,11,11,CCGTCCCGAAGCCGTTCAAA,0,2545705
mhpRp2,0.08333333333333333,11,11,CCGGTTACGTCGTCTACTTC,0,2521807
mhpRp2,0.08333333333333333,11,11,CCGGTAGACGACACAGGTAG,0,2529442
mhpRp2,0.08333333333333333,11,11,CCGGGCCGCTATCCTGTGGA,0,2542180
mhpRp2,0.08333333333333333,11,11,CCGGCACGGCCGCTGGCTGA,0,2494720
mhpRp2,0.08333333333333333,11,11,CCGCTGTAAATTCGTCCAGA,0,2530268
mhpRp2,0.08333333333333333,11,11,CCGCCTCAGCCCAAAGCTCT,0,2484716
mhpRp2,0.08333333333333333,11,11,CCGCATCCATGCCCGGTTAC,0,2497531
mhpRp2,0.08333333333333333,11,11,CCGAGTAAATATATTGGGCG,0,2544656
mhpRp2,0.08333333333333333,11,11,CCGAGGATTGACCAAGTCCG,0,2505152
mhpRp2,0.08333333333333333,11,11,CCGAAACCAGATGTCTTTGA,0,2529523
mhpRp2,0.08333333333333333,11,11,CCCTGATCTCTAATCAGGTA,0,2521873
mhpRp2,0.08333333333333333,11,11,CCCTCTTGGATCGAATTGGA,0,2497883
mhpRp2,0.08333333333333333,11,11,CCCTCGTCCGTACGGGGTCA,0,2523363
mhpRp2,0.08333333333333333,11,11,CCCTCGGATACCACATGAAC,0,2523327
mhpRp2,0.08333333333333333,11,11,CCCGTACCTTCAGGTCGATA,0,2533680
mhpRp2,0.08333333333333333,11,11,CCCGCAGGAAGAGCGTGATG,0,2523159
mhpRp2,0.08333333333333333,11,11,CCCGACTAAACGCCTCCGAT,0,2541074
mhpRp2,0.08333333333333333,11,11,CCCCTGGGTGCCCTAATTGG,0,2539125
mhpRp2,0.08333333333333333,11,11,CCCCGATTCGACTCTGCATT,0,2498615
mhpRp2,0.08333333333333333,11,11,CCCCCATAAAGTCAAGGTTT,0,2496420
mhpRp2,0.08333333333333333,11,11,CCCAGCACGACGGCTTAAAA,0,2496243
mhpRp2,0.08333333333333333,11,11,CCCAGAACGACCAGATGTCG,0,2529625
mhpRp2,0.08333333333333333,11,11,CCATTTTGCCCTAGGATTTT,0,2482758
mhpRp2,0.08333333333333333,11,11,CCATGTTGTCGGCATCATTC,0,2507035
mhpRp2,0.08333333333333333,11,11,CCATGTATGACTTGCGCCTA,0,2536774
mhpRp2,0.08333333333333333,11,11,CCATACGCAGGCACGTTGGT,0,2498605
mhpRp2,0.08333333333333333,11,11,CCAGTACGCCGCACGACTAG,0,2530709
mhpRp2,0.08333333333333333,11,11,CCACTTGCGGGGTGAAGCTT,0,2542009
mhpRp2,0.08333333333333333,11,11,CCACTGAAACTGCAGACTTA,0,2532684
mhpRp2,0.08333333333333333,11,11,CCAATTGGGGAGCATCGCTT,0,2508398
mhpRp2,0.08333333333333333,11,11,CCAACGTCGGTATACCTCAT,0,2489688
mhpRp2,0.08333333333333333,11,11,CCAACACGGGTTATATGGTG,0,2480942
mhpRp2,0.08333333333333333,11,11,CCAAAGTCTGAAGTGAACCC,0,2514629
mhpRp2,0.08333333333333333,11,11,CATTGATGTAATTCTGAATC,0,2493349
mhpRp2,0.08333333333333333,11,11,CATTCTATCGCTTCTCTTAG,0,2515095
mhpRp2,0.08333333333333333,11,11,CATGTGGCTATAGCGAATAA,0,2498268
mhpRp2,0.08333333333333333,11,11,CATGTCAATCCGTACGCGAA,0,2499781
mhpRp2,0.08333333333333333,11,11,CATGGGATACCAGGGTCAAC,0,2480115
mhpRp2,0.08333333333333333,11,11,CATGGCAGGATTAACATAAT,0,2539843
mhpRp2,0.08333333333333333,11,11,CATGGACCCTTAGGAGCTGG,0,2512770
mhpRp2,0.08333333333333333,11,11,CATAGTTCCATGGATAAATA,0,2500398
mhpRp2,0.08333333333333333,11,11,CATAGTGGGGGCGATATTGT,0,2545464
mhpRp2,0.08333333333333333,11,11,CATAATGGGCTTTTTTTAAC,0,2527209
mhpRp2,0.08333333333333333,11,11,CAGTGGGTGTCGGGCCGTTT,0,2494723
mhpRp2,0.08333333333333333,11,11,CAGTGGGATAATGTTTCATA,0,2510153
mhpRp2,0.08333333333333333,11,11,CAGTCCGTTGTGTACATCTC,0,2484060
mhpRp2,0.08333333333333333,11,11,CAGCGTGGGACGTAGGTTAC,0,2545069
mhpRp2,0.08333333333333333,11,11,CAGAGGGATGACCTCCCGTC,0,2504409
mhpRp2,0.08333333333333333,11,11,CAGAGAATAAATTGCTGTAA,0,2515248
mhpRp2,0.08333333333333333,11,11,CAGAAGCCCATATTCCATAA,0,2532485
mhpRp2,0.08333333333333333,11,11,CAGAACGTGTATAGCGACTT,0,2538161
mhpRp2,0.08333333333333333,11,11,CAGAAATGGGTCTCAACTAT,0,2510823
mhpRp2,0.08333333333333333,11,11,CACTGAGAGGAGCAATGCTA,0,2493497
mhpRp2,0.08333333333333333,11,11,CACGGGTGTTAGCGGTCAGT,0,2524634
mhpRp2,0.08333333333333333,11,11,CACGGGCCATATCAGCCACC,0,2515785
mhpRp2,0.08333333333333333,11,11,CACGATGCTCAACTGGGCTG,0,2489699
mhpRp2,0.08333333333333333,11,11,CACCCGGTATCGACCCCACG,0,2525379
mhpRp2,0.08333333333333333,11,11,CACACATGACTGGAACCGCG,0,2485821
mhpRp2,0.08333333333333333,11,11,CAATTTTACGTTGTGCAATC,0,2520837
mhpRp2,0.08333333333333333,11,11,CAATGCGTGGCGGATTTCCT,0,2481007
mhpRp2,0.08333333333333333,11,11,CAATCCGGCACAGATTTGCC,0,2499964
mhpRp2,0.08333333333333333,11,11,CAATATATAAAGGCGGGCAA,0,2532267
mhpRp2,0.08333333333333333,11,11,CAATACAGTTAAGTTCAATT,0,2505806
mhpRp2,0.08333333333333333,11,11,CAAGTTCATGCAGTCACCGG,0,2493936
mhpRp2,0.08333333333333333,11,11,CAAGTTCAGTTCAAAAATAG,0,2534501
mhpRp2,0.08333333333333333,11,11,CAAGTATGAAGCCATGCCTT,0,2525542
mhpRp2,0.08333333333333333,11,11,CAAGGTCCTCGAGCTACGGA,0,2505529
mhpRp2,0.08333333333333333,11,11,CAACTAACGTAACTCGGGAC,0,2522436
mhpRp2,0.08333333333333333,11,11,CAACCCGGTGTTTACGCCTT,0,2544192
mhpRp2,0.08333333333333333,11,11,CAACACGTTTTGGAAACGCT,0,2530567
mhpRp2,0.08333333333333333,11,11,CAAATTTTAGTTGAGTGTTG,0,2512816
mhpRp2,0.08333333333333333,11,11,CAAATTAGTCACGTACAACA,0,2490514
mhpRp2,0.08333333333333333,11,11,CAAATCCTCGACCGCCCACA,0,2482766
mhpRp2,0.08333333333333333,11,11,CAAAGGGCCTACACGCAGCA,0,2490898
mhpRp2,0.08333333333333333,11,11,CAAAGAGGCATAAGTGTAAC,0,2509029
mhpRp2,0.08333333333333333,11,11,ATTTGTCATTGTGGGAACTT,0,2525692
mhpRp2,0.08333333333333333,11,11,ATTTCGGTATGCCAATCCAT,0,2522988
mhpRp2,0.08333333333333333,11,11,ATTGCCTATGACAAACAGGC,0,2517073
mhpRp2,0.08333333333333333,11,11,ATTCTTGTTTGGAGATTTGC,0,2510834
mhpRp2,0.08333333333333333,11,11,ATTCTGTGCAATTTGGATCG,0,2509416
mhpRp2,0.08333333333333333,11,11,ATTCGGGATGTATGATGTTA,0,2542446
mhpRp2,0.08333333333333333,11,11,ATTCGAGCAGGCGACTGGAA,0,2504876
mhpRp2,0.08333333333333333,11,11,ATTCCTTTAGTTTAGTACCA,0,2510556
mhpRp2,0.08333333333333333,11,11,ATTATGGTGATTTGGCAATA,0,2543818
mhpRp2,0.08333333333333333,11,11,ATTAGGACTGTTGCACGCAA,0,2493135
mhpRp2,0.08333333333333333,11,11,ATTACCAGTGGAGCGGGCGC,0,2525521
mhpRp2,0.08333333333333333,11,11,ATTACATAGTGCCTCAAACA,0,2511551
mhpRp2,0.08333333333333333,11,11,ATGTTGACGGGTGATGTAAG,0,2522760
mhpRp2,0.08333333333333333,11,11,ATGTCTCGTACCAGGCAGAC,0,2510753
mhpRp2,0.08333333333333333,11,11,ATGTCCCAGCCACGGAGTGG,0,2482808
mhpRp2,0.08333333333333333,11,11,ATGTAGTCCGGATGCCTGCC,0,2502290
mhpRp2,0.08333333333333333,11,11,ATGTAATGGACGAGTCTCAA,0,2538652
mhpRp2,0.08333333333333333,11,11,ATGCGCTGGGGGTATTCTAT,0,2540980
mhpRp2,0.08333333333333333,11,11,ATGCCGAGCTGATATGGGCG,0,2506382
mhpRp2,0.08333333333333333,11,11,ATGAAACGCTCATGAACAAT,0,2483077
mhpRp2,0.08333333333333333,11,11,ATGAAAAGCTGCCGTGTCTC,0,2504240
mhpRp2,0.08333333333333333,11,11,ATCTTGCGAAAGGGCTCACT,0,2519851
mhpRp2,0.08333333333333333,11,11,ATCTTCCGAAAGAGTCGGAG,0,2524910
mhpRp2,0.08333333333333333,11,11,ATCTGCAAGGTAATAAGGAC,0,2517140
mhpRp2,0.08333333333333333,11,11,ATCTGAGCGGCCGCGCTGTT,0,2517273
mhpRp2,0.08333333333333333,11,11,ATCTCCCATATCCAGAACAG,0,2509851
mhpRp2,0.08333333333333333,11,11,ATCTAGCTCGGGCTCGATGA,0,2530892
mhpRp2,0.08333333333333333,11,11,ATCGTTCGCTACGGAAGCTT,0,2480946
mhpRp2,0.08333333333333333,11,11,ATCATCGAGATCGAGCATAT,0,2517010
mhpRp2,0.08333333333333333,11,11,ATCACCGATCTAAAAGAAGA,0,2485554
mhpRp2,0.08333333333333333,11,11,ATATTTTTCCCATTATGTTG,0,2518930
mhpRp2,0.08333333333333333,11,11,ATATGTCTCGACCACCCAAC,0,2502252
mhpRp2,0.08333333333333333,11,11,ATATAAATATAGCAGCTTAC,0,2501448
mhpRp2,0.08333333333333333,11,11,ATAGTCTAGTAGAGGCCTGG,0,2536391
mhpRp2,0.08333333333333333,11,11,ATAGCCTTGTCCTTCGGCCT,0,2487792
mhpRp2,0.08333333333333333,11,11,ATACGAGTTCAATCCGAGAT,0,2525310
mhpRp2,0.08333333333333333,11,11,ATACGACGCAGTATGGGGGT,0,2491556
mhpRp2,0.08333333333333333,11,11,ATACATGACCTCTGTCAGCC,0,2522637
mhpRp2,0.08333333333333333,11,11,ATACACGCTAGTACGCGATT,0,2482505
mhpRp2,0.08333333333333333,11,11,ATACAATCAGTTTCTCACGT,0,2537044
mhpRp2,0.08333333333333333,11,11,ATAAATTTCTCTTGGATAGC,0,2530490
mhpRp2,0.08333333333333333,11,11,ATAAACAAGACTTCACCTAT,0,2512980
mhpRp2,0.08333333333333333,11,11,AGTTTGCTTCAATCCGCATT,0,2514970
mhpRp2,0.08333333333333333,11,11,AGTTGGGCCAGTTCTTGTGT,0,2528590
mhpRp2,0.08333333333333333,11,11,AGTTGCAGCTCACAGCTAAT,0,2515782
mhpRp2,0.08333333333333333,11,11,AGTTGAAAAGATGGGTAGTT,0,2508356
mhpRp2,0.08333333333333333,11,11,AGTTCCAAGGGCGGTACGTT,0,2481539
mhpRp2,0.08333333333333333,11,11,AGTGTGGGCACATCCCTCGA,0,2491245
mhpRp2,0.08333333333333333,11,11,AGTGTGCTTGCATATTTTGA,0,2528618
mhpRp2,0.08333333333333333,11,11,AGTGCACAGTGGGCACTCAG,0,2481603
mhpRp2,0.08333333333333333,11,11,AGTCGTCTATACGTAGATAC,0,2508223
mhpRp2,0.08333333333333333,11,11,AGTCAGCGATCATGAATCCA,0,2518448
mhpRp2,0.08333333333333333,11,11,AGTATTTCATTATGATAGTC,0,2535500
mhpRp2,0.08333333333333333,11,11,AGTATGACTGCGCTAATCTA,0,2480026
mhpRp2,0.08333333333333333,11,11,AGGTTATACTGAATAATTCA,0,2505388
mhpRp2,0.08333333333333333,11,11,AGGTGTAGAAAAGGCATTTT,0,2503695
mhpRp2,0.08333333333333333,11,11,AGGTGCTCTTGTGTTTACAA,0,2493846
mhpRp2,0.08333333333333333,11,11,AGGTGCAGATTGACTAAGAA,0,2501961
mhpRp2,0.08333333333333333,11,11,AGGTAGTGACGACGCCATGC,0,2500801
mhpRp2,0.08333333333333333,11,11,AGGGTGTCACCAGCCAGCCA,0,2524064
mhpRp2,0.08333333333333333,11,11,AGGGGAGTGTTTACACGTCT,0,2487732
mhpRp2,0.08333333333333333,11,11,AGGCCTATGAACTAACAACT,0,2531086
mhpRp2,0.08333333333333333,11,11,AGGCCCTGCGAAACTCGTCT,0,2540065
mhpRp2,0.08333333333333333,11,11,AGGCCCGCCCCATATTCCCA,0,2503908
mhpRp2,0.08333333333333333,11,11,AGGAGTTTGTTTAGCTGAGT,0,2535136
mhpRp2,0.08333333333333333,11,11,AGGAGTCAATTTTCGAATTA,0,2511930
mhpRp2,0.08333333333333333,11,11,AGGAACAGAGTGGAGACGCA,0,2514770
mhpRp2,0.08333333333333333,11,11,AGCTTTGGCAACAGCACCGA,0,2484389
mhpRp2,0.08333333333333333,11,11,AGCGTCGCAATGAATGGGAT,0,2537138
mhpRp2,0.08333333333333333,11,11,AGCGCGAGGCTTAACATCTG,0,2510495
mhpRp2,0.08333333333333333,11,11,AGCCTCGCACCCATTCAGGG,0,2543377
mhpRp2,0.08333333333333333,11,11,AGCCGTCTTTTCCCTCTAAG,0,2502037
mhpRp2,0.08333333333333333,11,11,AGCCATTGTGTAATCGCCTT,0,2521685
mhpRp2,0.08333333333333333,11,11,AGCCAGTCTAGGAACCCCTA,0,2531552
mhpRp2,0.08333333333333333,11,11,AGCCACTATAAACGCGTGGT,0,2502546
mhpRp2,0.08333333333333333,11,11,AGCCACGTTCTCATGTATAA,0,2521762
mhpRp2,0.08333333333333333,11,11,AGCAACACGCGCGACTCAGT,0,2533976
mhpRp2,0.08333333333333333,11,11,AGATCAGTCAGATTCCGTAC,0,2507042
mhpRp2,0.08333333333333333,11,11,AGAGGGTGGATATAATGGAT,0,2513456
mhpRp2,0.08333333333333333,11,11,AGACCTTGTGTAAACCGGTA,0,2495925
mhpRp2,0.08333333333333333,11,11,AGAACTGCACTCTGAGTCTG,0,2481589
mhpRp2,0.08333333333333333,11,11,ACTTATCAAAATGCGGTGGG,0,2497965
mhpRp2,0.08333333333333333,11,11,ACTTACCTCAAATGTGCGCT,0,2502687
mhpRp2,0.08333333333333333,11,11,ACTGTGCGGGGCGGGGCGGA,0,2528099
mhpRp2,0.08333333333333333,11,11,ACTGTAGAATGCTGTTTCAT,0,2514263
mhpRp2,0.08333333333333333,11,11,ACTGGACAACCTTCACTGGG,0,2519485
mhpRp2,0.08333333333333333,11,11,ACTGCGAGCGGAAACATTTA,0,2543537
mhpRp2,0.08333333333333333,11,11,ACTGAGAGATCACTCACAAA,0,2500182
mhpRp2,0.08333333333333333,11,11,ACTCTTCCGTCGTCGTGGAA,0,2542448
mhpRp2,0.08333333333333333,11,11,ACTCAAGCAAAAATGTGCGT,0,2544544
mhpRp2,0.08333333333333333,11,11,ACTACGGATAATAAATTTGT,0,2535542
mhpRp2,0.08333333333333333,11,11,ACTACCGTGCTAATTATTGA,0,2536600
mhpRp2,0.08333333333333333,11,11,ACTAAGGGCTACCGAGCCTC,0,2505128
mhpRp2,0.08333333333333333,11,11,ACTAACAATAATACGACTCG,0,2501534
mhpRp2,0.08333333333333333,11,11,ACGTTCAGTGAGCACCTTGT,0,2486091
mhpRp2,0.08333333333333333,11,11,ACGTTCAATGCCTGAAATTT,0,2493774
mhpRp2,0.08333333333333333,11,11,ACGTGCGCTATGCATGACTT,0,2520722
mhpRp2,0.08333333333333333,11,11,ACGGGAGTTTACTCGGTCAG,0,2533427
mhpRp2,0.08333333333333333,11,11,ACGGCTACTCACACTGGAGA,0,2531345
mhpRp2,0.08333333333333333,11,11,ACGGATCCACCTGAAGATGA,0,2504681
mhpRp2,0.08333333333333333,11,11,ACGCGAGAGAATCGCATGAA,0,2516205
mhpRp2,0.08333333333333333,11,11,ACGCCCCCACTGTGGTTCAC,0,2523259
mhpRp2,0.08333333333333333,11,11,ACGCACAACGCATATGAGAA,0,2499495
mhpRp2,0.08333333333333333,11,11,ACGATATACGACAATTGCCC,0,2497469
mhpRp2,0.08333333333333333,11,11,ACGACGAGGTCAGAATTGCT,0,2502190
mhpRp2,0.08333333333333333,11,11,ACGAACTCGTGCTGCACTCT,0,2480097
mhpRp2,0.08333333333333333,11,11,ACCTTCGCGCGGTAGTCTAA,0,2493174
mhpRp2,0.08333333333333333,11,11,ACCTGAGGCCATTCGTGTTT,0,2498470
mhpRp2,0.08333333333333333,11,11,ACCTCTTGTCAGTAAAACAT,0,2528885
mhpRp2,0.08333333333333333,11,11,ACCTCCAAGACTATGGAATA,0,2509618
mhpRp2,0.08333333333333333,11,11,ACCTCAATGGAATTCATTGG,0,2486277
mhpRp2,0.08333333333333333,11,11,ACCGGGGGGTTCGCAGACTA,0,2525538
mhpRp2,0.08333333333333333,11,11,ACCGCAAGGGTGCGCTGGAA,0,2504256
mhpRp2,0.08333333333333333,11,11,ACCCGCTGTTATAACAAGCA,0,2545802
mhpRp2,0.08333333333333333,11,11,ACCCCAAAGTATGTTTCAAA,0,2481147
mhpRp2,0.08333333333333333,11,11,ACCCAGTAAAGAGTGTAGGA,0,2508309
mhpRp2,0.08333333333333333,11,11,ACCAGAGGATGTGGTGTTGA,0,2527225
mhpRp2,0.08333333333333333,11,11,ACCACGCAACGAGTTATCCC,0,2506542
mhpRp2,0.08333333333333333,11,11,ACATGTCTCTGTGTAGATAA,0,2501917
mhpRp2,0.08333333333333333,11,11,ACAGTAGGATGCTCGTTTCA,0,2486301
mhpRp2,0.08333333333333333,11,11,ACAGAGCGGGTGAGAAGGCG,0,2525192
mhpRp2,0.08333333333333333,11,11,ACACTTTTTTTCTGGCAGCA,0,2524902
mhpRp2,0.08333333333333333,11,11,ACACGTTTTCTTAGGTTCGT,0,2528285
mhpRp2,0.08333333333333333,11,11,ACACCCCGGCAGGTTACATT,0,2516951
mhpRp2,0.08333333333333333,11,11,ACACCAGGTATCCACAGAAC,0,2529513
mhpRp2,0.08333333333333333,11,11,ACAAATTGGCTCGTCCTCGC,0,2508089
mhpRp2,0.08333333333333333,11,11,AATTTGTGCCGGTCCAGAGG,0,2541211
mhpRp2,0.08333333333333333,11,11,AATTTCGCCACGTGAAGTGT,0,2540310
mhpRp2,0.08333333333333333,11,11,AATTCGTTTGCCAGCAGTTG,0,2484111
mhpRp2,0.08333333333333333,11,11,AATTCCTACCATGATTAGTA,0,2501997
mhpRp2,0.08333333333333333,11,11,AATGTCTCTTCGCCCTACTT,0,2512809
mhpRp2,0.08333333333333333,11,11,AATGATATCTTCCTTGACTG,0,2534339
mhpRp2,0.08333333333333333,11,11,AATCCAACAAGGTATGTCTC,0,2503280
mhpRp2,0.08333333333333333,11,11,AATCAAACCAACCCATCTGT,0,2498635
mhpRp2,0.08333333333333333,11,11,AATATACTCAGACGGTACGA,0,2498392
mhpRp2,0.08333333333333333,11,11,AATAGACGACTTCCTACAGT,0,2486616
mhpRp2,0.08333333333333333,11,11,AATACACCCCTCGGGTATTT,0,2545391
mhpRp2,0.08333333333333333,11,11,AAGTTTTCGGGTGGGGGTGC,0,2501305
mhpRp2,0.08333333333333333,11,11,AAGTTGGCCATGTTGTTTGT,0,2519758
mhpRp2,0.08333333333333333,11,11,AAGTCTAAGGTGGCCAGAGG,0,2491307
mhpRp2,0.08333333333333333,11,11,AAGGTAGTAGTTATCGCTTG,0,2494094
mhpRp2,0.08333333333333333,11,11,AAGGGTGGTTAATGAGTAAA,0,2538222
mhpRp2,0.08333333333333333,11,11,AAGGGTCCGTTATATTGCCC,0,2502566
mhpRp2,0.08333333333333333,11,11,AAGGGCTGGGCCGGACCCCC,0,2505650
mhpRp2,0.08333333333333333,11,11,AAGGGCGTGACTTGGACCAG,0,2519905
mhpRp2,0.08333333333333333,11,11,AAGGCAGTGGGCGTCTCCGT,0,2505422
mhpRp2,0.08333333333333333,11,11,AAGGATTCATTGCTTCCGCA,0,2521261
mhpRp2,0.08333333333333333,11,11,AAGGATGGCTCTCATTCTAC,0,2515843
mhpRp2,0.08333333333333333,11,11,AAGCGCGAGCTCTACATTTT,0,2540723
mhpRp2,0.08333333333333333,11,11,AAGAGGTTGAAATGTGTGAG,0,2502299
mhpRp2,0.08333333333333333,11,11,AAGACAGTCACTGTCCATAA,0,2495818
mhpRp2,0.08333333333333333,11,11,AACGTGAGATGGCCCTCCGG,0,2490698
mhpRp2,0.08333333333333333,11,11,AACGGATCGGCTCATGATAG,0,2504555
mhpRp2,0.08333333333333333,11,11,AACGCATCACGGTCTAAGAG,0,2543296
mhpRp2,0.08333333333333333,11,11,AACGAATCAGGCGAGCCGCA,0,2534316
mhpRp2,0.08333333333333333,11,11,AACCGATTGGCCCAATTTAT,0,2527288
mhpRp2,0.08333333333333333,11,11,AACCAGGGTTGGACTTTCTG,0,2482615
mhpRp2,0.08333333333333333,11,11,AACCACCACCTGTGGGGCGT,0,2501425
mhpRp2,0.08333333333333333,11,11,AACATTGATGTATGTCTAGC,0,2535343
mhpRp2,0.08333333333333333,11,11,AACATTCATTCGGGGTACCC,0,2529435
mhpRp2,0.08333333333333333,11,11,AACAGAACCTTAACGAGGCA,0,2490960
mhpRp2,0.08333333333333333,11,11,AACAAAGCACGAGTCACGGA,0,2482622
mhpRp2,0.08333333333333333,11,11,AAATTGCTCATTAATTGGAG,0,2543954
mhpRp2,0.08333333333333333,11,11,AAATCTAGGATAACTTAAAT,0,2481131
mhpRp2,0.08333333333333333,11,11,AAAGTCTGTGCTCGGACCTC,0,2543057
mhpRp2,0.08333333333333333,11,11,AAAGCCCGATCACCTTAGGA,0,2536123
mhpRp2,0.08333333333333333,11,11,AAACTTTCATCACTTGTCCA,0,2485071
mhpRp2,0.08333333333333333,11,11,AAAAACTGGGCACGAGGGCG,0,2502141
mhpRp2,0.09090909090909091,10,10,TTTTGGGTAATGGCGGACAG,0,2535283
mhpRp2,0.09090909090909091,10,10,TTTTCATCTATATTTCAGTG,0,2544608
mhpRp2,0.09090909090909091,10,10,TTTTAGGAAGTGTTTTTAGA,0,2484467
mhpRp2,0.09090909090909091,10,10,TTTTAAACGTTCGTCGCTCC,0,2532321
mhpRp2,0.09090909090909091,10,10,TTTGGCGAGGCAGTGCGCTA,0,2528376
mhpRp2,0.09090909090909091,10,10,TTTGGATCTTTCTACGCGGC,0,2506403
mhpRp2,0.09090909090909091,10,10,TTTGACTTATTCACACGGTT,0,2513898
mhpRp2,0.09090909090909091,10,10,TTTCTTGGGATCAAAAAAGG,0,2540915
mhpRp2,0.09090909090909091,10,10,TTTCGCGCCTAGGGTCTTTT,0,2503659
mhpRp2,0.09090909090909091,10,10,TTTCACCCTCTGGATTCCGA,0,2500372
mhpRp2,0.09090909090909091,10,10,TTTAGGTTTCAGCATGTCTG,0,2514410
mhpRp2,0.09090909090909091,10,10,TTTAGGGGCTTACTGCTGTT,0,2539584
mhpRp2,0.09090909090909091,10,10,TTTACTATCTAGATCTGACC,0,2505598
mhpRp2,0.09090909090909091,10,10,TTTAATTATCTAAGGCATCA,0,2489076
mhpRp2,0.09090909090909091,10,10,TTTAATGGGATGCCCACAAG,0,2484589
mhpRp2,0.09090909090909091,10,10,TTGTGACGATGCGACGTTTA,0,2485328
mhpRp2,0.09090909090909091,10,10,TTGTCGTCAGATTCCGGCGC,0,2531585
mhpRp2,0.09090909090909091,10,10,TTGTCCACCACTTTTTTGGG,0,2534006
mhpRp2,0.09090909090909091,10,10,TTGGGCTGTGGGCAGAAAAG,0,2529820
mhpRp2,0.09090909090909091,10,10,TTGGGCGCAGGACGTCCAGG,0,2536239
mhpRp2,0.09090909090909091,10,10,TTGCTAGTGTGTGACTGGTC,0,2481861
mhpRp2,0.09090909090909091,10,10,TTGCGGTACGTGCCCTCAGC,0,2541915
mhpRp2,0.09090909090909091,10,10,TTGCCTCCCCAAACAAACTT,0,2523943
mhpRp2,0.09090909090909091,10,10,TTGCCAATTCCGATCGGGAA,0,2521510
mhpRp2,0.09090909090909091,10,10,TTGATTGGCAGGGATTAGAC,0,2505666
mhpRp2,0.09090909090909091,10,10,TTGATCAGGGTGCGGCAGTC,0,2494382
mhpRp2,0.09090909090909091,10,10,TTGAGCAAGTACGACATGCC,0,2526473
mhpRp2,0.09090909090909091,10,10,TTGACAAAATCTAAGGCAGT,0,2503417
mhpRp2,0.09090909090909091,10,10,TTGAATTTTAAAGCGAGCTA,0,2514777
mhpRp2,0.09090909090909091,10,10,TTCTTAGCATATAGCAGAGC,0,2527550
mhpRp2,0.09090909090909091,10,10,TTCTGATGTAAATTGCGCTA,0,2521599
mhpRp2,0.09090909090909091,10,10,TTCTCGGCCGGACAACCTGA,0,2492849
mhpRp2,0.09090909090909091,10,10,TTCTAGTCTGGAATATTTAT,0,2512403
mhpRp2,0.09090909090909091,10,10,TTCGCAACCTACAACCATAC,0,2535731
mhpRp2,0.09090909090909091,10,10,TTCGATTGGCTAAGTGGGGA,0,2518665
mhpRp2,0.09090909090909091,10,10,TTCGAGGCTTATCCGCCAGT,0,2516118
mhpRp2,0.09090909090909091,10,10,TTCGAGACTTGGGTGAATCA,0,2490406
mhpRp2,0.09090909090909091,10,10,TTCCGGTCACGGAGCTTAAC,0,2535282
mhpRp2,0.09090909090909091,10,10,TTCCAATATGCGCTAGAAGT,0,2500869
mhpRp2,0.09090909090909091,10,10,TTCATGGCTGGAGGTATTCA,0,2532244
mhpRp2,0.09090909090909091,10,10,TTCACTGATACGATGGGCCA,0,2497382
mhpRp2,0.09090909090909091,10,10,TTATAAACACTGTTGATGGA,0,2513222
mhpRp2,0.09090909090909091,10,10,TTAGTGTCCAAACTCAGAGT,0,2525971
mhpRp2,0.09090909090909091,10,10,TTAGAGGAACTGTATTTTTT,0,2535929
mhpRp2,0.09090909090909091,10,10,TTAGAATTCTCGTCATTTAT,0,2513283
mhpRp2,0.09090909090909091,10,10,TTACGCCAGGGGCGACCCGG,0,2526307
mhpRp2,0.09090909090909091,10,10,TTACCGAGACGGGGAGCGAT,0,2521055
mhpRp2,0.09090909090909091,10,10,TTAATTGGCGATCTTACGAT,0,2521174
mhpRp2,0.09090909090909091,10,10,TTAAACTGAGAAAGTTCGTA,0,2511438
mhpRp2,0.09090909090909091,10,10,TGTTGTGGGATGTTGTCTAA,0,2508274
mhpRp2,0.09090909090909091,10,10,TGTTGGCTTTCATGTATGGA,0,2537903
mhpRp2,0.09090909090909091,10,10,TGTTGCTTGCTCCAGTTCGA,0,2531137
mhpRp2,0.09090909090909091,10,10,TGTTCGTTATTGACGAAAAG,0,2514098
mhpRp2,0.09090909090909091,10,10,TGTTATGGACCACGCGCGTT,0,2510616
mhpRp2,0.09090909090909091,10,10,TGTGTTAGTAGTAACCGTAC,0,2479637
mhpRp2,0.09090909090909091,10,10,TGTCATCTGGAAGTGTTTAC,0,2532042
mhpRp2,0.09090909090909091,10,10,TGTAGAAATAGCCGTCACCA,0,2524256
mhpRp2,0.09090909090909091,10,10,TGTACTTACAAGACTATGAG,0,2479702
mhpRp2,0.09090909090909091,10,10,TGGTTTTTTGCCTCAATTGT,0,2524728
mhpRp2,0.09090909090909091,10,10,TGGTTTGCGGCTCTGCCATT,0,2485820
mhpRp2,0.09090909090909091,10,10,TGGTGGTGAAAGGGTGAGAG,0,2480032
mhpRp2,0.09090909090909091,10,10,TGGTCGATGACACCTCGGTG,0,2539546
mhpRp2,0.09090909090909091,10,10,TGGTCCTTCCAGCCCCGACT,0,2529584
mhpRp2,0.09090909090909091,10,10,TGGGTTGGAGGCTATCTGCT,0,2542467
mhpRp2,0.09090909090909091,10,10,TGGGGGCCTGGGAAACGCGT,0,2536773
mhpRp2,0.09090909090909091,10,10,TGGGGATCGGCCGAATGGGT,0,2523761
mhpRp2,0.09090909090909091,10,10,TGGCTTTCTTATTAGGCCAT,0,2481856
mhpRp2,0.09090909090909091,10,10,TGGCGTCATTTCACTGTCCG,0,2480784
mhpRp2,0.09090909090909091,10,10,TGGCCGTCATCTGTGAGCAG,0,2520629
mhpRp2,0.09090909090909091,10,10,TGGCCGAGCAATGCTATCAC,0,2533137
mhpRp2,0.09090909090909091,10,10,TGGACCTCCACAGAGATCAA,0,2528323
mhpRp2,0.09090909090909091,10,10,TGGAAGGACTAAAAGGGTGC,0,2542267
mhpRp2,0.09090909090909091,10,10,TGGAAAGTACCTTATCAAGT,0,2527427
mhpRp2,0.09090909090909091,10,10,TGCAAGCAATTAGGAACGGG,0,2536795
mhpRp2,0.09090909090909091,10,10,TGATTTTCCTGTAGAAGGAC,0,2540287
mhpRp2,0.09090909090909091,10,10,TGATGGACTCATGGACCTGA,0,2545743
mhpRp2,0.09090909090909091,10,10,TGATGCCTACTCAGGTGTGT,0,2538475
mhpRp2,0.09090909090909091,10,10,TGATCAAGAATTATGTACGT,0,2489913
mhpRp2,0.09090909090909091,10,10,TGAGGTACGCTGACCACCTG,0,2499902
mhpRp2,0.09090909090909091,10,10,TGAGATATATCGGTGCATTG,0,2522969
mhpRp2,0.09090909090909091,10,10,TGACCTCGTCCGTGTACGCT,0,2481535
mhpRp2,0.09090909090909091,10,10,TGACCTAGGTCGAGTTTACT,0,2506685
mhpRp2,0.09090909090909091,10,10,TGAACGTTAGTCCTATTCTA,0,2494727
mhpRp2,0.09090909090909091,10,10,TCTTTTTAAGCCATCGAGGT,0,2543284
mhpRp2,0.09090909090909091,10,10,TCTTCGGCATTGTTCGCATA,0,2518385
mhpRp2,0.09090909090909091,10,10,TCTTCCTAAGGGACGGGAGG,0,2507537
mhpRp2,0.09090909090909091,10,10,TCTTCCAGCTGCCTAATTAG,0,2510161
mhpRp2,0.09090909090909091,10,10,TCTTACACTGGCACTATGCA,0,2483667
mhpRp2,0.09090909090909091,10,10,TCTGTATGTTGCTGCGACAG,0,2516658
mhpRp2,0.09090909090909091,10,10,TCTGATACGGTTACGCAGAG,0,2537887
mhpRp2,0.09090909090909091,10,10,TCTGACACCCAGTATTATGA,0,2482008
mhpRp2,0.09090909090909091,10,10,TCTGAACGGGTCGCGATCTC,0,2536909
mhpRp2,0.09090909090909091,10,10,TCTCGGCCAGTGGCTCGCAA,0,2481466
mhpRp2,0.09090909090909091,10,10,TCTCCGACGTGTATGCAGGA,0,2544019
mhpRp2,0.09090909090909091,10,10,TCTCCCTCCCATATCTGACT,0,2534659
mhpRp2,0.09090909090909091,10,10,TCTCCCAGGGTCTCATCTCA,0,2533769
mhpRp2,0.09090909090909091,10,10,TCTCATCAAGCATATTACCC,0,2524694
mhpRp2,0.09090909090909091,10,10,TCTATCTTCCATAGCAGTGG,0,2504298
mhpRp2,0.09090909090909091,10,10,TCTATCCCGTCTGGTCGCCG,0,2511423
mhpRp2,0.09090909090909091,10,10,TCTAATCACATGGGCGCGGA,0,2499917
mhpRp2,0.09090909090909091,10,10,TCGTAAATACGAAAAGACGA,0,2523618
mhpRp2,0.09090909090909091,10,10,TCGGTGTGTCCCTTAGCATA,0,2526666
mhpRp2,0.09090909090909091,10,10,TCGGTAGGGTCGCTTGCATC,0,2529549
mhpRp2,0.09090909090909091,10,10,TCGGGTCGATCTAAAATAGT,0,2516114
mhpRp2,0.09090909090909091,10,10,TCGGGGGCAGGGCAATGTTT,0,2518625
mhpRp2,0.09090909090909091,10,10,TCGCTTGGGTCCAGCGCCTA,0,2516752
mhpRp2,0.09090909090909091,10,10,TCGCGTCTGGAAGGAAACTC,0,2545247
mhpRp2,0.09090909090909091,10,10,TCGCGACCATAGAGGGGCGA,0,2493849
mhpRp2,0.09090909090909091,10,10,TCGCGAATCGCTCAGCTAGT,0,2499353
mhpRp2,0.09090909090909091,10,10,TCGCCGCGCGGCCTTGCGTT,0,2529665
mhpRp2,0.09090909090909091,10,10,TCGCAACCGGGCGGGGTCAT,0,2508591
mhpRp2,0.09090909090909091,10,10,TCGAGTTGTGTGGGCCTGGC,0,2529256
mhpRp2,0.09090909090909091,10,10,TCGACATCCTCGGTGTGCCG,0,2545081
mhpRp2,0.09090909090909091,10,10,TCGAATCTGGATCACATCAA,0,2503473
mhpRp2,0.09090909090909091,10,10,TCGAAGTAACAACGATTTAG,0,2510614
mhpRp2,0.09090909090909091,10,10,TCCTCTGCGAGGGTACGTAC,0,2498909
mhpRp2,0.09090909090909091,10,10,TCCTCGGGATTACCCGCCGA,0,2489074
mhpRp2,0.09090909090909091,10,10,TCCGGTCCCTAGGGAAACGT,0,2489432
mhpRp2,0.09090909090909091,10,10,TCCGAGGGCAGCACAGTAAT,0,2536436
mhpRp2,0.09090909090909091,10,10,TCCGAGGGATAAACTGCAAG,0,2507281
mhpRp2,0.09090909090909091,10,10,TCCCGATCTTTTGAGCCCTT,0,2538700
mhpRp2,0.09090909090909091,10,10,TCATCGTTATTGGTTAGACG,0,2497430
mhpRp2,0.09090909090909091,10,10,TCAGGCACGCGGACCGAACA,0,2499769
mhpRp2,0.09090909090909091,10,10,TCAGCACGGTTCCAATATGA,0,2506926
mhpRp2,0.09090909090909091,10,10,TCAGAGCCTACGTTTCCACT,0,2509104
mhpRp2,0.09090909090909091,10,10,TCACTGGAGACCTTAAAGAG,0,2483944
mhpRp2,0.09090909090909091,10,10,TCAATTCTGATAACGGTCCA,0,2491121
mhpRp2,0.09090909090909091,10,10,TCAAGCATATTCTTGATATG,0,2531782
mhpRp2,0.09090909090909091,10,10,TATTTCTCACGTCTTCTCTG,0,2513820
mhpRp2,0.09090909090909091,10,10,TATTGGCTACCTAACCCGAC,0,2541502
mhpRp2,0.09090909090909091,10,10,TATTCCCATTAAATAAGAAA,0,2500172
mhpRp2,0.09090909090909091,10,10,TATTCACCGGGCGACCAACC,0,2493647
mhpRp2,0.09090909090909091,10,10,TATGGGCTGCTTTCATCTGC,0,2482251
mhpRp2,0.09090909090909091,10,10,TATAGGACCTAGGACCGCGC,0,2541674
mhpRp2,0.09090909090909091,10,10,TATAGCGATGTCCGTTTCGG,0,2526455
mhpRp2,0.09090909090909091,10,10,TAGTAGAGACGTATGTCCAT,0,2500754
mhpRp2,0.09090909090909091,10,10,TAGGGTTATACTGCAGAAGT,0,2511467
mhpRp2,0.09090909090909091,10,10,TAGCTGTGTGTAGGCTTCAA,0,2489713
mhpRp2,0.09090909090909091,10,10,TAGATTGTTGTTTTGCGTCG,0,2509692
mhpRp2,0.09090909090909091,10,10,TAGACTGTCTAGACCCCTGA,0,2491098
mhpRp2,0.09090909090909091,10,10,TACTGCGTCTATGCCTCACA,0,2532271
mhpRp2,0.09090909090909091,10,10,TACTGATGTGCGCGGCCTGA,0,2492770
mhpRp2,0.09090909090909091,10,10,TACTGAGCTTTGGTACATAC,0,2485053
mhpRp2,0.09090909090909091,10,10,TACTCCTCCGATGGTTCAGT,0,2538159
mhpRp2,0.09090909090909091,10,10,TACGGCTTCCGGTGGGGCGG,0,2510121
mhpRp2,0.09090909090909091,10,10,TACCTCGGTTAGTGTGGGTG,0,2536457
mhpRp2,0.09090909090909091,10,10,TACATCAACAACAGGGACCC,0,2545263
mhpRp2,0.09090909090909091,10,10,TACACCACGCAACACTTGTG,0,2531462
mhpRp2,0.09090909090909091,10,10,TACACAAGACTTCCATCAGG,0,2521259
mhpRp2,0.09090909090909091,10,10,TAATGTGGAAAGGAGCAAGT,0,2539047
mhpRp2,0.09090909090909091,10,10,TAATCGTCGCTCGGCGCTCT,0,2517656
mhpRp2,0.09090909090909091,10,10,TAAGTCAAAGACACCCGGAC,0,2523220
mhpRp2,0.09090909090909091,10,10,TAAGGGGAGTAGCGGAAAGA,0,2516331
mhpRp2,0.09090909090909091,10,10,TAACTGGCACATTGGCTGGT,0,2510918
mhpRp2,0.09090909090909091,10,10,TAACCATAGCTAATAGAGGT,0,2542973
mhpRp2,0.09090909090909091,10,10,TAACACCATGCCCCGGGAAC,0,2516607
mhpRp2,0.09090909090909091,10,10,TAAATCAACGGTTCGCCGCG,0,2487892
mhpRp2,0.09090909090909091,10,10,TAAAAGTGGTTTGATTCGCG,0,2541793
mhpRp2,0.09090909090909091,10,10,GTTTCCCGGCATGAGTGCTG,0,2535019
mhpRp2,0.09090909090909091,10,10,GTTTAAGAAGAAGTGGTTAT,0,2508090
mhpRp2,0.09090909090909091,10,10,GTTTAACATCACCATAATAT,0,2544097
mhpRp2,0.09090909090909091,10,10,GTTCTGGCACCATCCGGATG,0,2479685
mhpRp2,0.09090909090909091,10,10,GTTCACTAGGACATGCGCGA,0,2531225
mhpRp2,0.09090909090909091,10,10,GTTAATGGGTATGTAACTCT,0,2515969
mhpRp2,0.09090909090909091,10,10,GTTAAATTACTCTATTTTTT,0,2523250
mhpRp2,0.09090909090909091,10,10,GTGTTGCGGAACTAAGATTT,0,2532075
mhpRp2,0.09090909090909091,10,10,GTGTTATGGTTGCGTGACTC,0,2510983
mhpRp2,0.09090909090909091,10,10,GTGTGAGCTCAAATCGAGAG,0,2519334
mhpRp2,0.09090909090909091,10,10,GTGTGACGGCGAGTAATCTA,0,2538966
mhpRp2,0.09090909090909091,10,10,GTGTCCTTATAGTCTTGTGT,0,2498779
mhpRp2,0.09090909090909091,10,10,GTGGTTCTTGCCAATAATCG,0,2529678
mhpRp2,0.09090909090909091,10,10,GTGGCAAAACATTGCCAGAC,0,2486724
mhpRp2,0.09090909090909091,10,10,GTGCTTCGGAAGGAGGTCGG,0,2532723
mhpRp2,0.09090909090909091,10,10,GTGCGTGTTAGATTTCTTAT,0,2484143
mhpRp2,0.09090909090909091,10,10,GTGATATGGGAAACCGGGGT,0,2509780
mhpRp2,0.09090909090909091,10,10,GTGAGTCAAAGTTGCACATG,0,2528709
mhpRp2,0.09090909090909091,10,10,GTGAAAAGCGGGTTGGCCTC,0,2531527
mhpRp2,0.09090909090909091,10,10,GTCTGAGTGCCTGACAGGGA,0,2483608
mhpRp2,0.09090909090909091,10,10,GTCTCAAAGCTACGTTGACA,0,2505095
mhpRp2,0.09090909090909091,10,10,GTCTATTAAATGTAGGGGGA,0,2539350
mhpRp2,0.09090909090909091,10,10,GTCGCTTTGTGCGGTCGCGC,0,2520973
mhpRp2,0.09090909090909091,10,10,GTCCGGCCATTTACATAGTA,0,2532264
mhpRp2,0.09090909090909091,10,10,GTCCCCTTTTCGGTCTCTGA,0,2488021
mhpRp2,0.09090909090909091,10,10,GTCCAGGTACTGGGAAATTA,0,2512355
mhpRp2,0.09090909090909091,10,10,GTCAGGAAGCGCCCCTGTAA,0,2532657
mhpRp2,0.09090909090909091,10,10,GTCAGACCTTATGCGAGTAT,0,2497097
mhpRp2,0.09090909090909091,10,10,GTATGCGCGTGTTGAAGACG,0,2536912
mhpRp2,0.09090909090909091,10,10,GTAGTATCATTCTGAGTGAT,0,2528211
mhpRp2,0.09090909090909091,10,10,GTAGGATTCTGGGCAGGCAT,0,2481544
mhpRp2,0.09090909090909091,10,10,GTAGACCCTACTACAGGACG,0,2521505
mhpRp2,0.09090909090909091,10,10,GTACTAACGGTCAAGTTGGA,0,2513892
mhpRp2,0.09090909090909091,10,10,GGTTTAGGGATGCACTTCTC,0,2502395
mhpRp2,0.09090909090909091,10,10,GGTTGCTTCCGTATGAGTCA,0,2522289
mhpRp2,0.09090909090909091,10,10,GGTTAAGTCTACCGACTTAA,0,2481707
mhpRp2,0.09090909090909091,10,10,GGTGTGCGATTACCGGCGGA,0,2507994
mhpRp2,0.09090909090909091,10,10,GGTGGGCCAAAACGTGAAAC,0,2481087
mhpRp2,0.09090909090909091,10,10,GGTGATCCGATGTTCAGTTA,0,2487259
mhpRp2,0.09090909090909091,10,10,GGTCTTTAACCCATGAAAAG,0,2535311
mhpRp2,0.09090909090909091,10,10,GGTCGCGAAATCTCTCGGAG,0,2504913
mhpRp2,0.09090909090909091,10,10,GGTCCGCGAATAGTCGAGGG,0,2508650
mhpRp2,0.09090909090909091,10,10,GGTATGGTCACTGTGGTCCT,0,2543086
mhpRp2,0.09090909090909091,10,10,GGTATGAACAAGCAGTGGAA,0,2485013
mhpRp2,0.09090909090909091,10,10,GGTAATATACGGTGGCGACT,0,2545097
mhpRp2,0.09090909090909091,10,10,GGGTTCCTGGATTGATCCAT,0,2504294
mhpRp2,0.09090909090909091,10,10,GGGTAGGCCCTGACGGTGTT,0,2526479
mhpRp2,0.09090909090909091,10,10,GGGTACCTTGACCGCATGCT,0,2525960
mhpRp2,0.09090909090909091,10,10,GGGGTCACTACGCGAGGATC,0,2514294
mhpRp2,0.09090909090909091,10,10,GGGCCAATCTCAGTTCGCAA,0,2534225
mhpRp2,0.09090909090909091,10,10,GGGCAGGTCAGCAACTTTAC,0,2523282
mhpRp2,0.09090909090909091,10,10,GGGCAGCAGAAGTAATGAGT,0,2544763
mhpRp2,0.09090909090909091,10,10,GGGATTTATCAACCAGATGC,0,2545625
mhpRp2,0.09090909090909091,10,10,GGCTGAGCGCATACATTACT,0,2495223
mhpRp2,0.09090909090909091,10,10,GGCTCGTTATACTAGCTCGC,0,2496793
mhpRp2,0.09090909090909091,10,10,GGCTAAAGGAGCAGACCCTG,0,2490626
mhpRp2,0.09090909090909091,10,10,GGCGGTCACGAGGCTTTCTT,0,2516438
mhpRp2,0.09090909090909091,10,10,GGCGGTAATACCGCCATGAT,0,2505209
mhpRp2,0.09090909090909091,10,10,GGCGATGCTGGAAGTTGCAA,0,2513037
mhpRp2,0.09090909090909091,10,10,GGCCGTGCCCAACTACAGGA,0,2542369
mhpRp2,0.09090909090909091,10,10,GGCACGGGGAAGCCACCATG,0,2488894
mhpRp2,0.09090909090909091,10,10,GGCAACTGCATTGGAGGACA,0,2522117
mhpRp2,0.09090909090909091,10,10,GGCAAATCCTTCCAGCCAAG,0,2491077
mhpRp2,0.09090909090909091,10,10,GGATTCGAGCGCAACAAAGT,0,2500265
mhpRp2,0.09090909090909091,10,10,GGATCAAAATAGCGGGTCGT,0,2532162
mhpRp2,0.09090909090909091,10,10,GGATATAAAAAGCCTGTTTT,0,2528931
mhpRp2,0.09090909090909091,10,10,GGACTAATTGGGGTAGGGGG,0,2494760
mhpRp2,0.09090909090909091,10,10,GGAAATTGTCGGCGATCGTC,0,2508354
mhpRp2,0.09090909090909091,10,10,GGAAATGCGCTCTGATAATG,0,2514640
mhpRp2,0.09090909090909091,10,10,GGAAACGGGATGGATCCGAA,0,2491588
mhpRp2,0.09090909090909091,10,10,GCTTATCAAGCTTTTCGTCA,0,2498101
mhpRp2,0.09090909090909091,10,10,GCTGCTAATGGCCATGCATG,0,2485048
mhpRp2,0.09090909090909091,10,10,GCTCGGTTCGCTCGCTGCGA,0,2543328
mhpRp2,0.09090909090909091,10,10,GCTCCTGACCTCTGGCCTGT,0,2509361
mhpRp2,0.09090909090909091,10,10,GCTCACTGACCCCACCGTTC,0,2542988
mhpRp2,0.09090909090909091,10,10,GCTACATCTTGCTAGCCACA,0,2508454
mhpRp2,0.09090909090909091,10,10,GCGTGCGCGTTTTAGACGGC,0,2530804
mhpRp2,0.09090909090909091,10,10,GCGGGTTAGTCTCACATGCT,0,2490885
mhpRp2,0.09090909090909091,10,10,GCGGCAGTCACGCACCCTAT,0,2511701
mhpRp2,0.09090909090909091,10,10,GCGGCAAGACGGTGAAGCAT,0,2497388
mhpRp2,0.09090909090909091,10,10,GCGCCTTGTGTGAAAATATT,0,2490876
mhpRp2,0.09090909090909091,10,10,GCGCAGGCAGCCATAATGTG,0,2499308
mhpRp2,0.09090909090909091,10,10,GCGACTTGTATAATGCACGC,0,2503670
mhpRp2,0.09090909090909091,10,10,GCGACGCCCAGATCGCCAGT,0,2538535
mhpRp2,0.09090909090909091,10,10,GCCTCGTGGTTTTTAACTCT,0,2482584
mhpRp2,0.09090909090909091,10,10,GCCTCACAGCAGTGCTCTCT,0,2519695
mhpRp2,0.09090909090909091,10,10,GCCTAGCCACCGCGGCGACC,0,2492134
mhpRp2,0.09090909090909091,10,10,GCCGTCTGGTATGGCAAGCC,0,2526206
mhpRp2,0.09090909090909091,10,10,GCCGCCTAGCCCACCGAGCA,0,2487989
mhpRp2,0.09090909090909091,10,10,GCCGACATGGTGACAGTAAA,0,2508343
mhpRp2,0.09090909090909091,10,10,GCCCGGTCCATGGTTCTAGA,0,2501009
mhpRp2,0.09090909090909091,10,10,GCATCAAGACGTCGCATATT,0,2485770
mhpRp2,0.09090909090909091,10,10,GCAGTACCTAGCGTAGGCTA,0,2538894
mhpRp2,0.09090909090909091,10,10,GCACTTGTCAGGGACTCTAG,0,2525203
mhpRp2,0.09090909090909091,10,10,GCACCGCATACCCCGGGGCA,0,2537460
mhpRp2,0.09090909090909091,10,10,GCAATAGGCCTACTTTTAGT,0,2502917
mhpRp2,0.09090909090909091,10,10,GCAACGGTACCAGCAACTAG,0,2505578
mhpRp2,0.09090909090909091,10,10,GATTGGGTAGTCACACGACT,0,2510625
mhpRp2,0.09090909090909091,10,10,GATGTGAGAAACATTCGTTC,0,2515685
mhpRp2,0.09090909090909091,10,10,GATGTATTCCTTAAAGGGAG,0,2520575
mhpRp2,0.09090909090909091,10,10,GATGAGGGTGATTAGTCGAT,0,2528723
mhpRp2,0.09090909090909091,10,10,GATCTATCAGCCGCTTTCTT,0,2495775
mhpRp2,0.09090909090909091,10,10,GATATCACTAGGATTTCCGA,0,2501019
mhpRp2,0.09090909090909091,10,10,GATAGTATAAGACAAAGGCA,0,2493305
mhpRp2,0.09090909090909091,10,10,GATAGGAGGAGTGTTACTTC,0,2519873
mhpRp2,0.09090909090909091,10,10,GATACACGGTCGCCCTAGGA,0,2493847
mhpRp2,0.09090909090909091,10,10,GAGTGGTTCCTTACAAATTT,0,2500213
mhpRp2,0.09090909090909091,10,10,GAGTATTAATGGAGACCACA,0,2505354
mhpRp2,0.09090909090909091,10,10,GAGGTCTGACTGTCTACGTT,0,2488251
mhpRp2,0.09090909090909091,10,10,GAGGCGGGTGCCGTAGAGCG,0,2507560
mhpRp2,0.09090909090909091,10,10,GAGGCCCGTCCTTCCTTATA,0,2488481
mhpRp2,0.09090909090909091,10,10,GAGGCAAAGACTCTACTTAG,0,2542602
mhpRp2,0.09090909090909091,10,10,GAGCTCCGGGACGTGGGGAC,0,2512549
mhpRp2,0.09090909090909091,10,10,GAGCCCGAGAAAGTAATCTC,0,2534282
mhpRp2,0.09090909090909091,10,10,GAGCCATAGGTGACATTTGG,0,2480885
mhpRp2,0.09090909090909091,10,10,GAGCATTGGTCGGTCTCCTG,0,2503209
mhpRp2,0.09090909090909091,10,10,GACTTATGTGTAGCGACTTC,0,2511022
mhpRp2,0.09090909090909091,10,10,GACTGTGGGGACTACACTGT,0,2516059
mhpRp2,0.09090909090909091,10,10,GACTGGATAGTTGCTATCCA,0,2538226
mhpRp2,0.09090909090909091,10,10,GACGTAGCTAAACGCATACA,0,2501781
mhpRp2,0.09090909090909091,10,10,GACGGTTATTGGTGCTACTA,0,2504018
mhpRp2,0.09090909090909091,10,10,GACGGGGTTCTTTTGGCTCC,0,2524236
mhpRp2,0.09090909090909091,10,10,GACGGAAACTACAGCGTTTA,0,2517272
mhpRp2,0.09090909090909091,10,10,GACCGCTTCGACTCGGCATG,0,2488030
mhpRp2,0.09090909090909091,10,10,GACCGCGTAAAGGCAATCTG,0,2540119
mhpRp2,0.09090909090909091,10,10,GACCCATACCTTCTCTAAGC,0,2516770
mhpRp2,0.09090909090909091,10,10,GACAATTGAAAAGAGAAGTT,0,2545775
mhpRp2,0.09090909090909091,10,10,GAATTAGAGATGTCGAATCC,0,2507241
mhpRp2,0.09090909090909091,10,10,GAATTAATCTCCTCCCATTT,0,2539597
mhpRp2,0.09090909090909091,10,10,GAATAGTAGCAGGATGCACT,0,2525808
mhpRp2,0.09090909090909091,10,10,GAAGGTGTGGTGCGTTACAT,0,2487649
mhpRp2,0.09090909090909091,10,10,GAACGACCGGGGGTGATCCA,0,2533753
mhpRp2,0.09090909090909091,10,10,GAAATTGATTGAATTTTCGA,0,2492543
mhpRp2,0.09090909090909091,10,10,GAAATGCCGCGCTCGGTTCT,0,2485029
mhpRp2,0.09090909090909091,10,10,GAAAGGGGTTCGTACTGTAC,0,2527247
mhpRp2,0.09090909090909091,10,10,GAAAGCGAGATGAGGATTCT,0,2501253
mhpRp2,0.09090909090909091,10,10,CTTGGCGCCGACAAGCGACA,0,2533877
mhpRp2,0.09090909090909091,10,10,CTTCTTGTACTTGAAATTTG,0,2508671
mhpRp2,0.09090909090909091,10,10,CTTCTTCGGAGGGTGGGTAC,0,2520509
mhpRp2,0.09090909090909091,10,10,CTTCGTACACGATTCATTGC,0,2508109
mhpRp2,0.09090909090909091,10,10,CTTCGGATACCATGCTAAGA,0,2509966
mhpRp2,0.09090909090909091,10,10,CTTCACTCGACCGGGGGGAC,0,2510933
mhpRp2,0.09090909090909091,10,10,CTTATCAAACCGCGGCACAT,0,2482236
mhpRp2,0.09090909090909091,10,10,CTTAATAGTTTGCTTCAGCC,0,2520682
mhpRp2,0.09090909090909091,10,10,CTTAACAACACGCTCAGTGG,0,2506944
mhpRp2,0.09090909090909091,10,10,CTGGTGAGTGCTTCTCAAAT,0,2504722
mhpRp2,0.09090909090909091,10,10,CTGGATTTCATTAAAATTTT,0,2536769
mhpRp2,0.09090909090909091,10,10,CTGCGCTGAGCGACTTCAGA,0,2526082
mhpRp2,0.09090909090909091,10,10,CTGATGTACGACCGATTTAG,0,2536008
mhpRp2,0.09090909090909091,10,10,CTGAGATTTCCCATGAGAAT,0,2514765
mhpRp2,0.09090909090909091,10,10,CTGACCGCATCACAAGGAAG,0,2514197
mhpRp2,0.09090909090909091,10,10,CTCTTGTCTGCCGTAGAAAC,0,2509359
mhpRp2,0.09090909090909091,10,10,CTCTTCATGTCCAATTAAGT,0,2535514
mhpRp2,0.09090909090909091,10,10,CTCTTAGGCGGAGCGAAAAA,0,2525362
mhpRp2,0.09090909090909091,10,10,CTCTGGTTCCTCATACCGCC,0,2532043
mhpRp2,0.09090909090909091,10,10,CTCTGGTATCGGACAGAGGT,0,2494358
mhpRp2,0.09090909090909091,10,10,CTCGGGGGCATACTGATATT,0,2543372
mhpRp2,0.09090909090909091,10,10,CTCGCTCATCACGGGAGTTG,0,2498578
mhpRp2,0.09090909090909091,10,10,CTCGAGAAGAGATCCGTGTC,0,2543460
mhpRp2,0.09090909090909091,10,10,CTCGAATGCGCATTACCCGT,0,2489433
mhpRp2,0.09090909090909091,10,10,CTCCGGCGACTGACAAATGC,0,2535505
mhpRp2,0.09090909090909091,10,10,CTCCGGACGGTTTATGTCAC,0,2544915
mhpRp2,0.09090909090909091,10,10,CTCCCTTCAGAAGAAAACCA,0,2484001
mhpRp2,0.09090909090909091,10,10,CTCCATTGTGTTACAGCAAT,0,2487603
mhpRp2,0.09090909090909091,10,10,CTCAATCTCCATACGCTCGC,0,2488245
mhpRp2,0.09090909090909091,10,10,CTCAACAGTGGCTGCTAAAT,0,2509007
mhpRp2,0.09090909090909091,10,10,CTAGTTTCGTACACTACTCT,0,2522538
mhpRp2,0.09090909090909091,10,10,CTAGTCTTTGAATACCGAAT,0,2480921
mhpRp2,0.09090909090909091,10,10,CTAGGTCACAGGGCTCCCTT,0,2481188
mhpRp2,0.09090909090909091,10,10,CTAGGGCGTTGACTAAAGAT,0,2483773
mhpRp2,0.09090909090909091,10,10,CTAGAGAGGTGCGTTAGTTG,0,2483016
mhpRp2,0.09090909090909091,10,10,CTACAGTAAGCCAGATCCTG,0,2497348
mhpRp2,0.09090909090909091,10,10,CTAATTATAACCTTTTTAAC,0,2486865
mhpRp2,0.09090909090909091,10,10,CTAAATCGTAGCAGACGACT,0,2535840
mhpRp2,0.09090909090909091,10,10,CGTTGTTATTTATTCCACGT,0,2499216
mhpRp2,0.09090909090909091,10,10,CGTTGCGTTTTTCGGACGTT,0,2500480
mhpRp2,0.09090909090909091,10,10,CGTTCCATGCACGTGTCCCT,0,2528227
mhpRp2,0.09090909090909091,10,10,CGTTACGATTCGAGCCAGGG,0,2482332
mhpRp2,0.09090909090909091,10,10,CGTTAAGCCGGAGGGCGGTG,0,2527134
mhpRp2,0.09090909090909091,10,10,CGTGCTGGAAGGCGCACAAC,0,2534247
mhpRp2,0.09090909090909091,10,10,CGTGCTGACTCGGGGCAGTT,0,2499685
mhpRp2,0.09090909090909091,10,10,CGTGATTTCGCTACGTCTGG,0,2482330
mhpRp2,0.09090909090909091,10,10,CGTGACACAAAGGAGTGGAT,0,2494303
mhpRp2,0.09090909090909091,10,10,CGTCTACACGGGCGCGGACA,0,2536614
mhpRp2,0.09090909090909091,10,10,CGTCATTATACTCGGCTGAG,0,2545344
mhpRp2,0.09090909090909091,10,10,CGTCAGGTTCCAGTGAGACC,0,2543906
mhpRp2,0.09090909090909091,10,10,CGGTGGGTCCCTGGTGTCTA,0,2510137
mhpRp2,0.09090909090909091,10,10,CGGTGCCAACGTTCGACACT,0,2488351
mhpRp2,0.09090909090909091,10,10,CGGTGACAGTATCTAATTTT,0,2509713
mhpRp2,0.09090909090909091,10,10,CGGTCCCCGGAATCTGGAAA,0,2520754
mhpRp2,0.09090909090909091,10,10,CGGTAGTTACATGCCTAGAT,0,2518899
mhpRp2,0.09090909090909091,10,10,CGGTAGCGTGCCCAGCGGGT,0,2527128
mhpRp2,0.09090909090909091,10,10,CGGGTCGGGTGAACTATATT,0,2543046
mhpRp2,0.09090909090909091,10,10,CGGGGCAGTCTATCTGTTTT,0,2539445
mhpRp2,0.09090909090909091,10,10,CGGCCGGGTGTACGATCGGT,0,2501207
mhpRp2,0.09090909090909091,10,10,CGGCCACTGGCGCTATTTGC,0,2532896
mhpRp2,0.09090909090909091,10,10,CGCTTTTCTCAGGACAGGCT,0,2538085
mhpRp2,0.09090909090909091,10,10,CGCTTTGTGTAGCTACCCTA,0,2519925
mhpRp2,0.09090909090909091,10,10,CGCTGAATGGTGTCAAGGGA,0,2512314
mhpRp2,0.09090909090909091,10,10,CGCTAATATTCTTCCCGTTA,0,2484719
mhpRp2,0.09090909090909091,10,10,CGCGTAGGTGCCAGGTACTG,0,2496644
mhpRp2,0.09090909090909091,10,10,CGCGGGTCGGCTAGGGGGGG,0,2542238
mhpRp2,0.09090909090909091,10,10,CGCGCTGTGCATCCTTGGTG,0,2489284
mhpRp2,0.09090909090909091,10,10,CGCGCACGACAATGGGAGTT,0,2513167
mhpRp2,0.09090909090909091,10,10,CGCGAATCACTCCTCGATGG,0,2490826
mhpRp2,0.09090909090909091,10,10,CGCGAACCTTCCGAAGACCG,0,2541320
mhpRp2,0.09090909090909091,10,10,CGCCTGCATACACTCTACAT,0,2536892
mhpRp2,0.09090909090909091,10,10,CGCCTCCGTATATCGCAAGT,0,2507851
mhpRp2,0.09090909090909091,10,10,CGCCACTGTTCTATGAACTG,0,2543079
mhpRp2,0.09090909090909091,10,10,CGCCAAAGCCTCGTTGAGGA,0,2540871
mhpRp2,0.09090909090909091,10,10,CGCAGGTTTCCGAATAATCT,0,2537919
mhpRp2,0.09090909090909091,10,10,CGCAGAATACGCTTAGATTC,0,2523166
mhpRp2,0.09090909090909091,10,10,CGCACAGCAATTTTGGTTGC,0,2511421
mhpRp2,0.09090909090909091,10,10,CGCAAGACATACTGTAAGGA,0,2491241
mhpRp2,0.09090909090909091,10,10,CGAGTGAGCACCCGCTGCAA,0,2503366
mhpRp2,0.09090909090909091,10,10,CGAGGTTTTATAAAAGTTTG,0,2498231
mhpRp2,0.09090909090909091,10,10,CGAGGTGAGTGGTCAGGCTC,0,2537223
mhpRp2,0.09090909090909091,10,10,CGAGACAAGGCATGTCTGCA,0,2491011
mhpRp2,0.09090909090909091,10,10,CGAATCAGGTGCAAATCGTC,0,2509598
mhpRp2,0.09090909090909091,10,10,CGAATCACGGCCGTCTAAAT,0,2518849
mhpRp2,0.09090909090909091,10,10,CGAATAGTGCCGCAGGTCCG,0,2519717
mhpRp2,0.09090909090909091,10,10,CGAAGTTCCCACTAGAGCTG,0,2503238
mhpRp2,0.09090909090909091,10,10,CGAAGTCGGATGACGATTGC,0,2486082
mhpRp2,0.09090909090909091,10,10,CGAAGGGAGCATGGGAGTTT,0,2535039
mhpRp2,0.09090909090909091,10,10,CGAAGCATCCGACATTCCGC,0,2545823
mhpRp2,0.09090909090909091,10,10,CGAAGAGCGCACGTTTACAC,0,2527275
mhpRp2,0.09090909090909091,10,10,CGAACCATCGTGTTCCTGAA,0,2499563
mhpRp2,0.09090909090909091,10,10,CGAAATAAACGCGTACATAC,0,2483888
mhpRp2,0.09090909090909091,10,10,CCTTTGTAATTCTGAGTTGA,0,2506963
mhpRp2,0.09090909090909091,10,10,CCTTCATCAATAACTGTTAT,0,2502593
mhpRp2,0.09090909090909091,10,10,CCTTAGTGGCGGCACAGCCC,0,2531661
mhpRp2,0.09090909090909091,10,10,CCTTAATTACCACGCGTAAT,0,2521793
mhpRp2,0.09090909090909091,10,10,CCTGTACACAGCTATTTGGA,0,2514441
mhpRp2,0.09090909090909091,10,10,CCTCGTCTGAAGCATAATAA,0,2514272
mhpRp2,0.09090909090909091,10,10,CCTCCGGCATGCGCGACACT,0,2504057
mhpRp2,0.09090909090909091,10,10,CCTCCCGTCATTAACCAGGG,0,2513908
mhpRp2,0.09090909090909091,10,10,CCTCATGTTGTTATATGCTT,0,2501112
mhpRp2,0.09090909090909091,10,10,CCTCACCGGCGTCCCCGCTC,0,2496883
mhpRp2,0.09090909090909091,10,10,CCTACATTTCAAATGCTCCG,0,2499020
mhpRp2,0.09090909090909091,10,10,CCGTTGCATGACCGTGGGGA,0,2495030
mhpRp2,0.09090909090909091,10,10,CCGTATATTCACAAACCGGG,0,2520442
mhpRp2,0.09090909090909091,10,10,CCGGTTAATAAGGAACATGG,0,2499235
mhpRp2,0.09090909090909091,10,10,CCGGTATTACACGAATATCA,0,2518643
mhpRp2,0.09090909090909091,10,10,CCGGTAACACTAATATAGCG,0,2489596
mhpRp2,0.09090909090909091,10,10,CCGGACCAGTGGAAGTAGCT,0,2486778
mhpRp2,0.09090909090909091,10,10,CCGGACCACGCACCGAAATC,0,2497088
mhpRp2,0.09090909090909091,10,10,CCGCCGAAACGACCTTGCGT,0,2496411
mhpRp2,0.09090909090909091,10,10,CCGCACGCACTTTGCAGACC,0,2501128
mhpRp2,0.09090909090909091,10,10,CCGAATGGAATGTGGTTAAT,0,2519179
mhpRp2,0.09090909090909091,10,10,CCCTGTTTCAAAAAGTTCCG,0,2491174
mhpRp2,0.09090909090909091,10,10,CCCTGATTATGTGAAGATCA,0,2484316
mhpRp2,0.09090909090909091,10,10,CCCTAGGATCGGCCTGTGAT,0,2498863
mhpRp2,0.09090909090909091,10,10,CCCGTAAACTGAGTATAAGA,0,2538422
mhpRp2,0.09090909090909091,10,10,CCCGGGCCATGCAGATCCTC,0,2536694
mhpRp2,0.09090909090909091,10,10,CCCGCTGTCTACCGCTACGG,0,2509943
mhpRp2,0.09090909090909091,10,10,CCCGACTAATACAGTGGCTT,0,2494678
mhpRp2,0.09090909090909091,10,10,CCCCGTGTACGCGCCTCGGT,0,2515400
mhpRp2,0.09090909090909091,10,10,CCCCGTGGTACGCGATTCTA,0,2507012
mhpRp2,0.09090909090909091,10,10,CCCCGCAAAAGACAGCATAC,0,2538316
mhpRp2,0.09090909090909091,10,10,CCCCCGTCGATGCACACCGG,0,2522137
mhpRp2,0.09090909090909091,10,10,CCCATCCTAGCAGATTCGTG,0,2508658
mhpRp2,0.09090909090909091,10,10,CCCAGTGCAGGTAGTTTATT,0,2504243
mhpRp2,0.09090909090909091,10,10,CCCACACCGCCGTTTTAAGG,0,2508570
mhpRp2,0.09090909090909091,10,10,CCATTTACTTACACAACAGT,0,2489224
mhpRp2,0.09090909090909091,10,10,CCATACAGCAGTTTCTCGTT,0,2480332
mhpRp2,0.09090909090909091,10,10,CCAGTGTCTCATTTCGAGTC,0,2498145
mhpRp2,0.09090909090909091,10,10,CCAGGTGTTTTGAGCAGTCC,0,2521942
mhpRp2,0.09090909090909091,10,10,CCAGCGATGCGTGCTCAAGA,0,2514503
mhpRp2,0.09090909090909091,10,10,CCAGAGCCCACCTTCTACAT,0,2488842
mhpRp2,0.09090909090909091,10,10,CCACCGCGGTGCGTACGATG,0,2536407
mhpRp2,0.09090909090909091,10,10,CCACCGCGACCACTTCAGAT,0,2512429
mhpRp2,0.09090909090909091,10,10,CCAATCTACCATGCATGTGA,0,2484039
mhpRp2,0.09090909090909091,10,10,CCAAGGATGGTTAACTCAGG,0,2496931
mhpRp2,0.09090909090909091,10,10,CCAACCTAGACGCTTTTCGG,0,2498640
mhpRp2,0.09090909090909091,10,10,CCAACCACTTACCAATCTAA,0,2488973
mhpRp2,0.09090909090909091,10,10,CATTCTGAACGTCCTGGTAA,0,2539053
mhpRp2,0.09090909090909091,10,10,CATGGGTGAAGCTCAGTACT,0,2484583
mhpRp2,0.09090909090909091,10,10,CATGCGCATTAGTTCAACTT,0,2496289
mhpRp2,0.09090909090909091,10,10,CATCTTTTTCTGAAATAGTG,0,2541121
mhpRp2,0.09090909090909091,10,10,CATCTAGGCCCATTTTGACA,0,2480574
mhpRp2,0.09090909090909091,10,10,CATCATGAACGGCTGAATTT,0,2510964
mhpRp2,0.09090909090909091,10,10,CATCAGCGTACCGACGATAC,0,2490864
mhpRp2,0.09090909090909091,10,10,CATAAAAAGGCAAAACTTAT,0,2530798
mhpRp2,0.09090909090909091,10,10,CAGTTCCTAATGTCCGCCAT,0,2508786
mhpRp2,0.09090909090909091,10,10,CAGTGAGATCGGGATGCCCA,0,2536641
mhpRp2,0.09090909090909091,10,10,CAGTCACTAGGTCCGAGGAC,0,2516743
mhpRp2,0.09090909090909091,10,10,CAGGCTTGTGCAAAGCGCGT,0,2483214
mhpRp2,0.09090909090909091,10,10,CAGCTAAATTTTGCAAGAGT,0,2542486
mhpRp2,0.09090909090909091,10,10,CAGCCTTATGACTTGTTGAA,0,2501083
mhpRp2,0.09090909090909091,10,10,CAGCCGGATGTATCGGGCGT,0,2514763
mhpRp2,0.09090909090909091,10,10,CAGATGCGGTGCGTAATTTA,0,2530826
mhpRp2,0.09090909090909091,10,10,CAGAGAAATGGCCATTATTG,0,2499428
mhpRp2,0.09090909090909091,10,10,CAGACGCTCCTGTACCACGG,0,2503277
mhpRp2,0.09090909090909091,10,10,CAGACCGACTTCGCATCAGT,0,2502519
mhpRp2,0.09090909090909091,10,10,CAGAATCCGGTCACCGGCGC,0,2527442
mhpRp2,0.09090909090909091,10,10,CAGAAACCTACGAACTGTTA,0,2533704
mhpRp2,0.09090909090909091,10,10,CACTGGGGGATTAGCAGGGA,0,2510919
mhpRp2,0.09090909090909091,10,10,CACTAAGTGTAGCTACGTCT,0,2543174
mhpRp2,0.09090909090909091,10,10,CACTAAGGTGTTTTATTTTC,0,2493920
mhpRp2,0.09090909090909091,10,10,CACGGTAGCAGTTCAAAATG,0,2512306
mhpRp2,0.09090909090909091,10,10,CACGGCACGACTCCAGATTG,0,2485340
mhpRp2,0.09090909090909091,10,10,CACCGCTAAATTCCGGGATC,0,2510997
mhpRp2,0.09090909090909091,10,10,CACAGACTGTACTCCACGGG,0,2494112
mhpRp2,0.09090909090909091,10,10,CACACAGTATGTTGCGTTCA,0,2485649
mhpRp2,0.09090909090909091,10,10,CACAATAGTTTATTTCACTC,0,2484635
mhpRp2,0.09090909090909091,10,10,CAATGCCGTCAATGTCGTTG,0,2526348
mhpRp2,0.09090909090909091,10,10,CAATGAGAAGTAATTAGCCA,0,2497464
mhpRp2,0.09090909090909091,10,10,CAATCAGGTGGGAAACAGAT,0,2487219
mhpRp2,0.09090909090909091,10,10,CAATAGAAAGCGATGGGGTT,0,2529457
mhpRp2,0.09090909090909091,10,10,CAAGGAGCTACTTTTTCTGA,0,2483822
mhpRp2,0.09090909090909091,10,10,CAAGATCGGCAATTTCTCTC,0,2489252
mhpRp2,0.09090909090909091,10,10,CAAGAGGATCGGCCTAAAGC,0,2531115
mhpRp2,0.09090909090909091,10,10,CAAACTGGTACTTTAGAACA,0,2508735
mhpRp2,0.09090909090909091,10,10,ATTTGGAGTCCTAACCCCGT,0,2534043
mhpRp2,0.09090909090909091,10,10,ATTTGATGCTCAGGCTGACT,0,2508006
mhpRp2,0.09090909090909091,10,10,ATTGAGGAACGCGATTTCTA,0,2531180
mhpRp2,0.09090909090909091,10,10,ATTGACGAGATGACGGGCTA,0,2480055
mhpRp2,0.09090909090909091,10,10,ATTCCCACGTCATTTATTGA,0,2502349
mhpRp2,0.09090909090909091,10,10,ATTCCACCTCGACCGGACGT,0,2501331
mhpRp2,0.09090909090909091,10,10,ATGTTTCGGTGACTTCCCGC,0,2480244
mhpRp2,0.09090909090909091,10,10,ATGTGTCGGCCGGCTGTGTG,0,2505263
mhpRp2,0.09090909090909091,10,10,ATGTATGGGACCGTCAGTAC,0,2513564
mhpRp2,0.09090909090909091,10,10,ATGTATATGCACATATGCTC,0,2539829
mhpRp2,0.09090909090909091,10,10,ATGGGTTTCGACTGTTGCTT,0,2537607
mhpRp2,0.09090909090909091,10,10,ATGGCTCCGGAAGCGGCCGT,0,2504706
mhpRp2,0.09090909090909091,10,10,ATGGCTAACAAAAGGGTGAT,0,2539324
mhpRp2,0.09090909090909091,10,10,ATGGCCGCTAGGATAAAGTG,0,2544571
mhpRp2,0.09090909090909091,10,10,ATGCCGGATTTTCTGCTCAA,0,2499057
mhpRp2,0.09090909090909091,10,10,ATGCAAACACGGGCTTTTAC,0,2511373
mhpRp2,0.09090909090909091,10,10,ATGATGAAACGCCGTAGTGT,0,2496448
mhpRp2,0.09090909090909091,10,10,ATGAGTTGCATGTGACGAGC,0,2533735
mhpRp2,0.09090909090909091,10,10,ATGAGACGGATAACGCGCTG,0,2535207
mhpRp2,0.09090909090909091,10,10,ATGAGACAATAGGCGGGTCA,0,2513754
mhpRp2,0.09090909090909091,10,10,ATCTGATGTCGCCCAATTAG,0,2545185
mhpRp2,0.09090909090909091,10,10,ATCGTCGGTAACCAGCGTCT,0,2493597
mhpRp2,0.09090909090909091,10,10,ATCGCGCCGGCTCTATAACT,0,2537637
mhpRp2,0.09090909090909091,10,10,ATCGCCAGCGGCACCATACA,0,2501275
mhpRp2,0.09090909090909091,10,10,ATCGAGTGTTTGCAGAACTT,0,2520456
mhpRp2,0.09090909090909091,10,10,ATCCCAACACCGATGGCCGT,0,2487623
mhpRp2,0.09090909090909091,10,10,ATCAATCACGATCCACACAT,0,2515098
mhpRp2,0.09090909090909091,10,10,ATCAATAATTCACTGGTGGT,0,2521229
mhpRp2,0.09090909090909091,10,10,ATATTCAGCATTATCAATGG,0,2516324
mhpRp2,0.09090909090909091,10,10,ATATCTGTGCACAATTGTCT,0,2538819
mhpRp2,0.09090909090909091,10,10,ATATCTATCTTCGAAGAGGT,0,2540282
mhpRp2,0.09090909090909091,10,10,ATATCATTTACCACTGCTAG,0,2508155
mhpRp2,0.09090909090909091,10,10,ATAGTGGCAGAACTGTCCGG,0,2540393
mhpRp2,0.09090909090909091,10,10,ATAGGAGTCGTGGCATCGCA,0,2482209
mhpRp2,0.09090909090909091,10,10,ATAGACCTCCCCACAAAAAG,0,2539054
mhpRp2,0.09090909090909091,10,10,ATAGAAAGCCGCATTAAAGT,0,2544832
mhpRp2,0.09090909090909091,10,10,ATAAACGGCGACGTGTCCGT,0,2545173
mhpRp2,0.09090909090909091,10,10,ATAAACGCGGGATATCTAAA,0,2487608
mhpRp2,0.09090909090909091,10,10,AGTTTTGTTCGTACCAAGAG,0,2529830
mhpRp2,0.09090909090909091,10,10,AGTTTGAATCGCCCAATAGG,0,2495934
mhpRp2,0.09090909090909091,10,10,AGTGTCCAAAGCCCGGCTAA,0,2515067
mhpRp2,0.09090909090909091,10,10,AGTGGCGTGATCGGTTAAGG,0,2526622
mhpRp2,0.09090909090909091,10,10,AGTGGCGTAAAGCATGCAGG,0,2503284
mhpRp2,0.09090909090909091,10,10,AGTGCCCATCGGGGGACAAG,0,2510261
mhpRp2,0.09090909090909091,10,10,AGTGATGTAAGGCGATCAGG,0,2535635
mhpRp2,0.09090909090909091,10,10,AGTCTTTACGCAACCACAGG,0,2520632
mhpRp2,0.09090909090909091,10,10,AGTATCGGAGTCTGAAAAAC,0,2542723
mhpRp2,0.09090909090909091,10,10,AGTACTATCTCTATTGCAGA,0,2520364
mhpRp2,0.09090909090909091,10,10,AGTACAGCGCTTAGATGAAT,0,2510360
mhpRp2,0.09090909090909091,10,10,AGTAATGAAGGTTTGCGACT,0,2486417
mhpRp2,0.09090909090909091,10,10,AGGTTCCTGTTATATTCTTA,0,2503071
mhpRp2,0.09090909090909091,10,10,AGGGTTTCAATATGCGGCGT,0,2498616
mhpRp2,0.09090909090909091,10,10,AGGGTGCTAAACCCGGCATG,0,2489512
mhpRp2,0.09090909090909091,10,10,AGGGCTCGCTTATCCAGTTT,0,2500025
mhpRp2,0.09090909090909091,10,10,AGGGCGAAAACAGCTCCTGC,0,2488669
mhpRp2,0.09090909090909091,10,10,AGGACCCGTCCAGATCGCAT,0,2520423
mhpRp2,0.09090909090909091,10,10,AGCTTGTCGCAGTCGGAGGA,0,2507647
mhpRp2,0.09090909090909091,10,10,AGCTTCTCAGATGTAATCAC,0,2504193
mhpRp2,0.09090909090909091,10,10,AGCTGTATTGAAGTTGATCA,0,2529122
mhpRp2,0.09090909090909091,10,10,AGCTGTAGCAAAAGTAATTT,0,2538375
mhpRp2,0.09090909090909091,10,10,AGCTGCATTGAAACATCGTG,0,2523005
mhpRp2,0.09090909090909091,10,10,AGCTCGATCCTGATCTCTGG,0,2504318
mhpRp2,0.09090909090909091,10,10,AGCTACTGAGGGCCTTGCCA,0,2517637
mhpRp2,0.09090909090909091,10,10,AGCGTGGTCTAGACGAGATG,0,2534876
mhpRp2,0.09090909090909091,10,10,AGCGTGGCTCGGCTGCTCGA,0,2532481
mhpRp2,0.09090909090909091,10,10,AGCGGCTATCGGGTATTAAG,0,2537355
mhpRp2,0.09090909090909091,10,10,AGCGCACAACAGTACTCACG,0,2489440
mhpRp2,0.09090909090909091,10,10,AGCCGATTTAAGTCTACAGC,0,2502608
mhpRp2,0.09090909090909091,10,10,AGCCCTTCCACCAGCGATCT,0,2501664
mhpRp2,0.09090909090909091,10,10,AGCCCACTGGTACTCGGGCT,0,2484869
mhpRp2,0.09090909090909091,10,10,AGATCCGCGACATTTGGTTA,0,2486914
mhpRp2,0.09090909090909091,10,10,AGATATACGTATACACTCAA,0,2515262
mhpRp2,0.09090909090909091,10,10,AGATAGTAATAACAATTTAG,0,2490409
mhpRp2,0.09090909090909091,10,10,AGAGTGTCGGAAACTATAGC,0,2497689
mhpRp2,0.09090909090909091,10,10,AGAGGGGTGGGATCATACGG,0,2490150
mhpRp2,0.09090909090909091,10,10,AGACTGCCCTCGATTATTGT,0,2534982
mhpRp2,0.09090909090909091,10,10,AGACTAGACCGAATAGGAGT,0,2507928
mhpRp2,0.09090909090909091,10,10,AGACGCCTATACTCATCTGT,0,2539973
mhpRp2,0.09090909090909091,10,10,AGACGCACAGGACAAATTAG,0,2532201
mhpRp2,0.09090909090909091,10,10,AGACCGATGTCGATCCAGTG,0,2532323
mhpRp2,0.09090909090909091,10,10,AGACCGACCACCCATGCTAT,0,2509790
mhpRp2,0.09090909090909091,10,10,AGAATCATACTCTGAGTAGA,0,2520710
mhpRp2,0.09090909090909091,10,10,AGAAGTGTTATTGGCTTGAG,0,2505136
mhpRp2,0.09090909090909091,10,10,AGAAGCTTAACGTCAACATT,0,2534413
mhpRp2,0.09090909090909091,10,10,AGAAACGTTGTAAAGTGTGT,0,2536880
mhpRp2,0.09090909090909091,10,10,AGAAACCTTTGAATCATGCA,0,2533897
mhpRp2,0.09090909090909091,10,10,AGAAAATAGCGGTCTGGCTC,0,2514254
mhpRp2,0.09090909090909091,10,10,ACTGTATGTCCCACTTTAAT,0,2518968
mhpRp2,0.09090909090909091,10,10,ACTATGGCGCACTGTTCTCC,0,2509887
mhpRp2,0.09090909090909091,10,10,ACTATACACGTCCCCCATGG,0,2518646
mhpRp2,0.09090909090909091,10,10,ACTAATCCATGCGGCCGCTG,0,2483868
mhpRp2,0.09090909090909091,10,10,ACTAATATGAAATTTTGTGA,0,2544923
mhpRp2,0.09090909090909091,10,10,ACTAACTTATTTCTGGTTAT,0,2497249
mhpRp2,0.09090909090909091,10,10,ACTAACGTGTTTTTCCAGAG,0,2495228
mhpRp2,0.09090909090909091,10,10,ACGTTTTATGGCTTTGGAGA,0,2503994
mhpRp2,0.09090909090909091,10,10,ACGTGGCATCCATAGGCATA,0,2518223
mhpRp2,0.09090909090909091,10,10,ACGTGCAGCGAGCCGTAACA,0,2500542
mhpRp2,0.09090909090909091,10,10,ACGTCGATGTGAGAGTACGC,0,2503568
mhpRp2,0.09090909090909091,10,10,ACGTCAGACGGAAAGTATGA,0,2512191
mhpRp2,0.09090909090909091,10,10,ACGTCACAAGTCTGTTACCA,0,2521676
mhpRp2,0.09090909090909091,10,10,ACGGGCATATCGGAATTGTT,0,2512908
mhpRp2,0.09090909090909091,10,10,ACGGACAGTATTAGTACTGG,0,2528458
mhpRp2,0.09090909090909091,10,10,ACGCTCTATGGCTCATGTCA,0,2529636
mhpRp2,0.09090909090909091,10,10,ACGCGTCTGGCTGGCAGTAC,0,2510021
mhpRp2,0.09090909090909091,10,10,ACGCGTATCACGGCTTTTTG,0,2525160
mhpRp2,0.09090909090909091,10,10,ACGCCGTTTTGTACAATCCC,0,2498248
mhpRp2,0.09090909090909091,10,10,ACGACCGCCAACGCACGAAG,0,2515594
mhpRp2,0.09090909090909091,10,10,ACGAAAGCACCCCATCTATC,0,2525540
mhpRp2,0.09090909090909091,10,10,ACCTGTGGGCTAAGATACCG,0,2529291
mhpRp2,0.09090909090909091,10,10,ACCTGGAGTAACTGGACCAA,0,2517168
mhpRp2,0.09090909090909091,10,10,ACCTACGGTTTTGCGGAGGC,0,2528146
mhpRp2,0.09090909090909091,10,10,ACCGTATAGGGCACATGGGT,0,2490503
mhpRp2,0.09090909090909091,10,10,ACCGTAACGAACTAGAGACG,0,2519040
mhpRp2,0.09090909090909091,10,10,ACCGGTTGTCTGTGCCTACC,0,2514599
mhpRp2,0.09090909090909091,10,10,ACCGGAGCCGTGTCTAGTGT,0,2528594
mhpRp2,0.09090909090909091,10,10,ACCGAGGTGTAGCGAGTGGC,0,2490258
mhpRp2,0.09090909090909091,10,10,ACCCGGGAACTGGTTCGACC,0,2500585
mhpRp2,0.09090909090909091,10,10,ACCCCCGTAGTGATGGGTAT,0,2488971
mhpRp2,0.09090909090909091,10,10,ACCATATCTGGTGCGCCAAT,0,2536955
mhpRp2,0.09090909090909091,10,10,ACCAGATTTTAGCAAAGCTG,0,2519880
mhpRp2,0.09090909090909091,10,10,ACCACTTCCCTATGTCTGTA,0,2501662
mhpRp2,0.09090909090909091,10,10,ACCACACTTGGTGGCAGCTT,0,2489552
mhpRp2,0.09090909090909091,10,10,ACCAACCGATGAATGTCCAC,0,2510863
mhpRp2,0.09090909090909091,10,10,ACATGTTAAGTTCATCAAGA,0,2519139
mhpRp2,0.09090909090909091,10,10,ACATGGCATCTATGAAGTGC,0,2493752
mhpRp2,0.09090909090909091,10,10,ACATGCAGGAAACGATTCGA,0,2543087
mhpRp2,0.09090909090909091,10,10,ACATGATCGGGGGCGAAGGT,0,2525414
mhpRp2,0.09090909090909091,10,10,ACAGGGCTGTGTGGTTTGAT,0,2524857
mhpRp2,0.09090909090909091,10,10,ACAGCTTCGCACACATTCAA,0,2509606
mhpRp2,0.09090909090909091,10,10,ACAGCTGGGACGGGTTAGTT,0,2489164
mhpRp2,0.09090909090909091,10,10,ACACGTCTGATAACTGGACT,0,2531816
mhpRp2,0.09090909090909091,10,10,ACACGTACAGTTTCTCAACA,0,2522903
mhpRp2,0.09090909090909091,10,10,ACACATCTTTCTCAAAGGAC,0,2489273
mhpRp2,0.09090909090909091,10,10,ACAACGCTTATTGGCGAGTC,0,2531166
mhpRp2,0.09090909090909091,10,10,ACAAACGATTCGAGGGCAAC,0,2494595
mhpRp2,0.09090909090909091,10,10,AATTTGGTGTCTTTCATTCA,0,2527869
mhpRp2,0.09090909090909091,10,10,AATTGCGCCCAGTGTGGCAT,0,2508639
mhpRp2,0.09090909090909091,10,10,AATTATATATGTTTAGAGTC,0,2505186
mhpRp2,0.09090909090909091,10,10,AATGGCTAATAGATGACTGG,0,2509831
mhpRp2,0.09090909090909091,10,10,AATGCTTTGCGCCAATGTAA,0,2509558
mhpRp2,0.09090909090909091,10,10,AATGCCTCATGTTACATTAT,0,2508487
mhpRp2,0.09090909090909091,10,10,AATGAACATTCGCCCCTCCT,0,2500414
mhpRp2,0.09090909090909091,10,10,AATCTGACATAAGCTATGCG,0,2485277
mhpRp2,0.09090909090909091,10,10,AATCAAGGCTTACCATCATC,0,2486644
mhpRp2,0.09090909090909091,10,10,AATAGGCAAACACAAAGCGT,0,2500936
mhpRp2,0.09090909090909091,10,10,AATAATATAGATTGAGTGTA,0,2501528
mhpRp2,0.09090909090909091,10,10,AATAAGAGCGCAAGTTAGGG,0,2502258
mhpRp2,0.09090909090909091,10,10,AAGTGTGCGTAATCGTCCTG,0,2497882
mhpRp2,0.09090909090909091,10,10,AAGTGGGCCGCGCTTGTCTT,0,2517170
mhpRp2,0.09090909090909091,10,10,AAGTCGTTGTTACTTTATGT,0,2506967
mhpRp2,0.09090909090909091,10,10,AAGTCCGCTACAGAATCCCA,0,2497109
mhpRp2,0.09090909090909091,10,10,AAGTCATCATTCTCCAGACT,0,2539142
mhpRp2,0.09090909090909091,10,10,AAGTAAGACTGCCGTGCGTT,0,2523757
mhpRp2,0.09090909090909091,10,10,AAGGTTGTCTTTCGCGTACG,0,2533183
mhpRp2,0.09090909090909091,10,10,AAGGTTAGCTAGCGTAGATG,0,2515783
mhpRp2,0.09090909090909091,10,10,AAGGCGACAGATCACGGTTC,0,2520285
mhpRp2,0.09090909090909091,10,10,AAGGCAATAGGCCTTGAATC,0,2491499
mhpRp2,0.09090909090909091,10,10,AAGGCAAGAAGTCAGTTTAC,0,2493922
mhpRp2,0.09090909090909091,10,10,AAGGATGTCACCCGAAGTGA,0,2536781
mhpRp2,0.09090909090909091,10,10,AAGGATGGTGTTTGAAGCGA,0,2523077
mhpRp2,0.09090909090909091,10,10,AAGGATAATCAGATAAAAGT,0,2502868
mhpRp2,0.09090909090909091,10,10,AAGCGCTTAAGCCAGAACAT,0,2517274
mhpRp2,0.09090909090909091,10,10,AAGCCAATCAATGTGCGGGG,0,2528863
mhpRp2,0.09090909090909091,10,10,AAGAGAAATCAGCCCTAGTG,0,2515234
mhpRp2,0.09090909090909091,10,10,AACTTGTCGTAACAACAGAC,0,2483363
mhpRp2,0.09090909090909091,10,10,AACTTGAACTAACCCCGTCT,0,2535036
mhpRp2,0.09090909090909091,10,10,AACTCTTCTCAACCATTCTA,0,2484065
mhpRp2,0.09090909090909091,10,10,AACTCTCCACATAGGCAAGG,0,2510992
mhpRp2,0.09090909090909091,10,10,AACGTTCCCTTATACCGGAC,0,2501267
mhpRp2,0.09090909090909091,10,10,AACGGTTGGGGCTACGTCTG,0,2528088
mhpRp2,0.09090909090909091,10,10,AACGGGTCTTGGAAGCTTGG,0,2497119
mhpRp2,0.09090909090909091,10,10,AACGAGTTACATGATAGGTG,0,2491506
mhpRp2,0.09090909090909091,10,10,AACCCGCACACTCCATCGGT,0,2488914
mhpRp2,0.09090909090909091,10,10,AACCATTGTCTGCAAGGTAC,0,2497578
mhpRp2,0.09090909090909091,10,10,AACATTATCTTGTCCAAACC,0,2539898
mhpRp2,0.09090909090909091,10,10,AACATACCTGAGAATGGGTA,0,2522998
mhpRp2,0.09090909090909091,10,10,AACACTGAAGGTCAGGAGGC,0,2487965
mhpRp2,0.09090909090909091,10,10,AACAAGCCAAACTAGGGTAA,0,2532292
mhpRp2,0.09090909090909091,10,10,AAATGGCCTGCTGCTTTTGC,0,2533424
mhpRp2,0.09090909090909091,10,10,AAATGACACCTCATCACGGC,0,2501736
mhpRp2,0.09090909090909091,10,10,AAATAAAATTTACGCCAGAC,0,2481453
mhpRp2,0.09090909090909091,10,10,AAAGTGTACAACCACAGAGA,0,2490617
mhpRp2,0.09090909090909091,10,10,AAACTGCCCCGGTTCTTGGA,0,2529171
mhpRp2,0.09090909090909091,10,10,AAACTGCCCATTTCGAGGGT,0,2496935
mhpRp2,0.09090909090909091,10,10,AAACCTCATCCTTGGATAGC,0,2535068
mhpRp2,0.09090909090909091,10,10,AAACCGTGCGCGCACACATG,0,2498168
mhpRp2,0.09090909090909091,10,10,AAACATATGCAACCTTCAGT,0,2487337
mhpRp2,0.09090909090909091,10,10,AAAAGGTACGCCGAGTGCCC,0,2503646
mhpRp2,0.09090909090909091,10,10,AAAAGGGGAACCATAGGGCA,0,2542753
mhpRp2,0.09090909090909091,10,10,AAAAGCGCGATTCTTGTTAA,0,2532344
mhpRp2,0.09090909090909091,10,10,AAAAAGTGCCGGCTACTGGT,0,2526612
mhpRp2,0.09090909090909091,10,10,AAAAACACATGAGCGAATAC,0,2497881
mhpRp2,0.1,9,9,TTTTGCCTCTCTTTTGTCAG,0,2545230
mhpRp2,0.1,9,9,TTTTCTCAAATGACTGACTA,0,2501903
mhpRp2,0.1,9,9,TTTTAGGGCCAAGCCATAGA,0,2537059
mhpRp2,0.1,9,9,TTTTACTATGAAAGTCGTTC,0,2530316
mhpRp2,0.1,9,9,TTTGGCGCCCAAACCACCCC,0,2507583
mhpRp2,0.1,9,9,TTTGCACGTTCCGAATTACT,0,2535461
mhpRp2,0.1,9,9,TTTCTGAGGGCTGGATGCGA,0,2494391
mhpRp2,0.1,9,9,TTTCTAGTCACCATGTGAGA,0,2482301
mhpRp2,0.1,9,9,TTTCCTCCGAATCCGGCTCG,0,2510793
mhpRp2,0.1,9,9,TTTCCGCTTAATCTTCTAGA,0,2509176
mhpRp2,0.1,9,9,TTTCAGTTAATCGCTGGGGG,0,2489653
mhpRp2,0.1,9,9,TTTCACCCCAATGAGAACAC,0,2535610
mhpRp2,0.1,9,9,TTTCACAGTCTCTGGGTCAA,0,2541002
mhpRp2,0.1,9,9,TTTATCTCTCGGGTAAGCCA,0,2516102
mhpRp2,0.1,9,9,TTTAGGCTGTTCTTATAACC,0,2482842
mhpRp2,0.1,9,9,TTTAAGTAATTCCGGAAGCA,0,2481397
mhpRp2,0.1,9,9,TTTAAAATGTCCCTTAGCGT,0,2524833
mhpRp2,0.1,9,9,TTGTTGTGAGTCGAATGTAC,0,2535465
mhpRp2,0.1,9,9,TTGTGCCCCATAGTTAATAC,0,2479558
mhpRp2,0.1,9,9,TTGTACTTGCGCGTGGAACA,0,2535317
mhpRp2,0.1,9,9,TTGTACTCGTTGTCTCTCCA,0,2496172
mhpRp2,0.1,9,9,TTGGGTGCGCTGCCCGAGAG,0,2505734
mhpRp2,0.1,9,9,TTGCTAGTGACCACACGAAT,0,2543435
mhpRp2,0.1,9,9,TTGCCGGAGGTAACCAAACT,0,2526962
mhpRp2,0.1,9,9,TTGATAGCCCAGGTAATGTC,0,2501193
mhpRp2,0.1,9,9,TTGATACCTTTTGTGGCGGG,0,2489607
mhpRp2,0.1,9,9,TTCTGATGGTGCCCAGCAGG,0,2509942
mhpRp2,0.1,9,9,TTCTAATTTCAAGCGTTTCT,0,2507632
mhpRp2,0.1,9,9,TTCGTGTCGCCTCGCGGAGA,0,2482753
mhpRp2,0.1,9,9,TTCGGTGTCTGGTGTGTTAA,0,2494742
mhpRp2,0.1,9,9,TTCCTAGGGGCCGAAAATTG,0,2519571
mhpRp2,0.1,9,9,TTCCTAAGGACGGTCGATAA,0,2534500
mhpRp2,0.1,9,9,TTCCGTTTCCCGCATTGGTT,0,2494459
mhpRp2,0.1,9,9,TTCCGGTGCAGCCGAGATCT,0,2504254
mhpRp2,0.1,9,9,TTCCAACACATCCACTGTAT,0,2517146
mhpRp2,0.1,9,9,TTCATCGACACACTGGAAGC,0,2534296
mhpRp2,0.1,9,9,TTCATAATAGTCCTACGTTA,0,2528637
mhpRp2,0.1,9,9,TTATGCAAAGTCTAACGCGT,0,2524523
mhpRp2,0.1,9,9,TTAGTGTACTGTCACGCAAC,0,2543139
mhpRp2,0.1,9,9,TTAGGTTCGCAGGGTCTTGT,0,2520507
mhpRp2,0.1,9,9,TTAGCACGTACATTTCTCGA,0,2503249
mhpRp2,0.1,9,9,TTACGTGAGGTAAAGTTGAA,0,2489921
mhpRp2,0.1,9,9,TTACACCTTACCCAGACTTG,0,2483409
mhpRp2,0.1,9,9,TTACACCTGACACACCTTCA,0,2491559
mhpRp2,0.1,9,9,TTAAGAACATCAAGTTCCCT,0,2508663
mhpRp2,0.1,9,9,TGTTGTGTAACTGCGCATGT,0,2538423
mhpRp2,0.1,9,9,TGTTGCGAAAAAGGGCGATG,0,2543888
mhpRp2,0.1,9,9,TGTTCTAACCCCGAATTGCG,0,2489542
mhpRp2,0.1,9,9,TGTTCCAGGCTTAATCGGCT,0,2531234
mhpRp2,0.1,9,9,TGTTAAAATGTGTGTGGGAC,0,2521667
mhpRp2,0.1,9,9,TGTGGCATATGTGAGGTCTT,0,2482790
mhpRp2,0.1,9,9,TGTGAGCGTCCGGACAAGGT,0,2480295
mhpRp2,0.1,9,9,TGTCGTTTATAGGTACTGGA,0,2531174
mhpRp2,0.1,9,9,TGTCCGATGGCCCGGCTTTA,0,2528747
mhpRp2,0.1,9,9,TGTATCGCGCCCGGTCACGC,0,2483052
mhpRp2,0.1,9,9,TGTATAGAAGTCTTGGTTAC,0,2502177
mhpRp2,0.1,9,9,TGGTTTAACCGGGGTATCAA,0,2500894
mhpRp2,0.1,9,9,TGGTTAGGTGAGTTCTCTTG,0,2528318
mhpRp2,0.1,9,9,TGGTGTTAGAGTTGGGTCTA,0,2491620
mhpRp2,0.1,9,9,TGGTGAGATGGCTCCACGCT,0,2543127
mhpRp2,0.1,9,9,TGGTCTCGTCAAGTTAAATG,0,2495631
mhpRp2,0.1,9,9,TGGTCATGCACCGGCACTTA,0,2483559
mhpRp2,0.1,9,9,TGGGGTCATATCGCACCCAT,0,2481541
mhpRp2,0.1,9,9,TGGGGACTCTACTGCCGGCT,0,2524211
mhpRp2,0.1,9,9,TGGGCTAGGGATGGAGGGGG,0,2513416
mhpRp2,0.1,9,9,TGGGACTCGTTGCCCTTTCG,0,2490980
mhpRp2,0.1,9,9,TGGCTGGTTGTTGCAGGTTT,0,2524790
mhpRp2,0.1,9,9,TGGCGGAGATCTATGGGACA,0,2517639
mhpRp2,0.1,9,9,TGGCGATGTAAAGTGAGACA,0,2510605
mhpRp2,0.1,9,9,TGGCCCACCTGTAATTGCTT,0,2503538
mhpRp2,0.1,9,9,TGGATGTGGCATGGTGATCT,0,2511653
mhpRp2,0.1,9,9,TGGATCACTTAAGCATGCGT,0,2534695
mhpRp2,0.1,9,9,TGGAGTGGGACACGAAATAA,0,2513426
mhpRp2,0.1,9,9,TGGAATACAGTTGACGTGAA,0,2510012
mhpRp2,0.1,9,9,TGGAAGTATCATATAGGTGT,0,2521045
mhpRp2,0.1,9,9,TGCTTAGAAGTAAACTTTAA,0,2484668
mhpRp2,0.1,9,9,TGCTCTCATAGTGGGTGCCA,0,2489698
mhpRp2,0.1,9,9,TGCGGTCCATTGGTATTCAG,0,2536024
mhpRp2,0.1,9,9,TGCGCGACGGGGCTATCTCA,0,2483133
mhpRp2,0.1,9,9,TGCGAGTTCGCTATCGACCA,0,2520972
mhpRp2,0.1,9,9,TGCCTACTGTCTAAGGGCAA,0,2523081
mhpRp2,0.1,9,9,TGCCACGCCCCAGTTCATGG,0,2514955
mhpRp2,0.1,9,9,TGCACAGGCTATCCCACTGG,0,2497603
mhpRp2,0.1,9,9,TGATGAACCTTACGCAATTT,0,2515753
mhpRp2,0.1,9,9,TGAGTTAATATAAGTTCCCA,0,2531371
mhpRp2,0.1,9,9,TGAGTCGGGATCAATTGAAC,0,2534459
mhpRp2,0.1,9,9,TGAGGGTTAGGACGCCAGCG,0,2535380
mhpRp2,0.1,9,9,TGAGGACCATCAGGGGCAGA,0,2503299
mhpRp2,0.1,9,9,TGACGTTGTCGTATCAGCAG,0,2533098
mhpRp2,0.1,9,9,TGAATGCTAACGGCCGTGGA,0,2540098
mhpRp2,0.1,9,9,TCTTGCGATCTGAAGGAGAC,0,2488949
mhpRp2,0.1,9,9,TCTTCCGCCGGTGACCGCGC,0,2512565
mhpRp2,0.1,9,9,TCTGTTTTCGCCTGCGTTAC,0,2515121
mhpRp2,0.1,9,9,TCTGTATTTAACGCACGGTA,0,2494330
mhpRp2,0.1,9,9,TCTGTACCTACGGATACTAA,0,2544604
mhpRp2,0.1,9,9,TCTGGGTGCCGGTCCGTGCA,0,2516545
mhpRp2,0.1,9,9,TCTGGGAGCTTCTCGCGCTG,0,2513312
mhpRp2,0.1,9,9,TCTGGCCCGGTTAGGAGAGT,0,2521636
mhpRp2,0.1,9,9,TCTGCCAAGCATTTATAAGT,0,2504872
mhpRp2,0.1,9,9,TCTGATCTCAGTCCAGGTCG,0,2508738
mhpRp2,0.1,9,9,TCTGAGTTACCGTACGCGAC,0,2507534
mhpRp2,0.1,9,9,TCTCATATCTTCCCACAGTC,0,2506856
mhpRp2,0.1,9,9,TCTATCAGAAAGGCGCAAAA,0,2530287
mhpRp2,0.1,9,9,TCTAGGCGACTTATGCTCCA,0,2511300
mhpRp2,0.1,9,9,TCTAGAGTGGTTCCGTACCT,0,2545851
mhpRp2,0.1,9,9,TCTAGAGGGCTTGGAATCAT,0,2487202
mhpRp2,0.1,9,9,TCGTTTGGAGGCCATCCTCC,0,2485214
mhpRp2,0.1,9,9,TCGTCCCGGCACGTTACAAT,0,2510892
mhpRp2,0.1,9,9,TCGGTTGCACGCGGACAAGA,0,2490179
mhpRp2,0.1,9,9,TCGGTCATGGGTCCCAGGGA,0,2531586
mhpRp2,0.1,9,9,TCGGGGACGGCAAGTCTTTT,0,2500420
mhpRp2,0.1,9,9,TCGGCTTTTCTGAACGGCGG,0,2540943
mhpRp2,0.1,9,9,TCGGCATACATTGTGCAGCG,0,2522842
mhpRp2,0.1,9,9,TCGGCAATTGTAATAAACTT,0,2508377
mhpRp2,0.1,9,9,TCGCGGGCTGAGCCAAGTAA,0,2501658
mhpRp2,0.1,9,9,TCGCACCCTGGAAAGGACCC,0,2489869
mhpRp2,0.1,9,9,TCGATTCTCTTACCCACGCT,0,2513185
mhpRp2,0.1,9,9,TCGACTGGGTGCTGTATTAA,0,2529547
mhpRp2,0.1,9,9,TCGACGGTATCAGGGTCCGC,0,2536508
mhpRp2,0.1,9,9,TCGACCTGGTAGGCCTTAAG,0,2521773
mhpRp2,0.1,9,9,TCGACCAGATTGAAGGGTTA,0,2545389
mhpRp2,0.1,9,9,TCCTGTACTACGTAACGTGG,0,2520372
mhpRp2,0.1,9,9,TCCTAGATGTTGGTCCTGCA,0,2483650
mhpRp2,0.1,9,9,TCCTACCTCGAGTACGATGG,0,2495119
mhpRp2,0.1,9,9,TCCGTAACACATTCGGATAG,0,2499067
mhpRp2,0.1,9,9,TCCGCTTGTTTGGCTGTGAC,0,2532889
mhpRp2,0.1,9,9,TCCGACCTGTGGGTAGTGTG,0,2523198
mhpRp2,0.1,9,9,TCCCTACGATTACTGGATTC,0,2494138
mhpRp2,0.1,9,9,TCCCGTCCGACGGTCTAACT,0,2533933
mhpRp2,0.1,9,9,TCCCCTCTGTATTCCTTAGC,0,2495951
mhpRp2,0.1,9,9,TCCCCGTTTCGCAAATTATA,0,2492242
mhpRp2,0.1,9,9,TCCCATTCATTTAGGTAAGG,0,2532318
mhpRp2,0.1,9,9,TCCCACCTAGCTGCCACTTG,0,2539808
mhpRp2,0.1,9,9,TCCAGTCTAGGGAACCTGCA,0,2528739
mhpRp2,0.1,9,9,TCCACTGCGCAGAGGCGCTG,0,2531659
mhpRp2,0.1,9,9,TCCACACGCCATTATATATC,0,2491917
mhpRp2,0.1,9,9,TCCAACGCCTGTGTTCAGTA,0,2530958
mhpRp2,0.1,9,9,TCATGGGCAACCTACAGTGG,0,2530096
mhpRp2,0.1,9,9,TCATGCAAGCGAGGTGCCTG,0,2485486
mhpRp2,0.1,9,9,TCATCAGGCCTTGATCATCT,0,2521248
mhpRp2,0.1,9,9,TCATAAACGGTTTTGCTCCC,0,2498962
mhpRp2,0.1,9,9,TCAGTGTGTTAGCAGATTCG,0,2507866
mhpRp2,0.1,9,9,TCAGTCGTGATTACAGAAGG,0,2486083
mhpRp2,0.1,9,9,TCAGTACGTTGACACTTCCG,0,2488708
mhpRp2,0.1,9,9,TCAGAGAGGTTCGTTTTACA,0,2522940
mhpRp2,0.1,9,9,TCACTTAAAATCTGCGGCCG,0,2480091
mhpRp2,0.1,9,9,TCACTCGGGGGGAGAGTGAG,0,2512297
mhpRp2,0.1,9,9,TCACTCGAAAACCGCCCGTC,0,2487524
mhpRp2,0.1,9,9,TCACGTGGTGTCTTATATGC,0,2536485
mhpRp2,0.1,9,9,TCACGTGGCCTGGAAACCGT,0,2524671
mhpRp2,0.1,9,9,TCACGTAGTGGACAGGAAAG,0,2535781
mhpRp2,0.1,9,9,TCACGGTTGTATCAGCATTT,0,2493314
mhpRp2,0.1,9,9,TCACGGTTACCCACACCCTT,0,2533306
mhpRp2,0.1,9,9,TCACGACGGGAGTGGCAAAA,0,2512849
mhpRp2,0.1,9,9,TCACCTCAGTCTTCTAAGCT,0,2545485
mhpRp2,0.1,9,9,TCAATAGTTGCTTTAGATGT,0,2540682
mhpRp2,0.1,9,9,TCAAAGACGCAGTCACCACC,0,2527613
mhpRp2,0.1,9,9,TCAAACACTCGGGTTATGGG,0,2545659
mhpRp2,0.1,9,9,TATTTCACTGTACTGCCATG,0,2530631
mhpRp2,0.1,9,9,TATTTCACAGAGCACGCCGT,0,2503542
mhpRp2,0.1,9,9,TATTGCAGTTAGAACATGCT,0,2540557
mhpRp2,0.1,9,9,TATTGATAGGGCTACCGTTT,0,2534391
mhpRp2,0.1,9,9,TATTCGAGAGTGTACCGACA,0,2513859
mhpRp2,0.1,9,9,TATGCATACTCGGCGCCGAA,0,2513394
mhpRp2,0.1,9,9,TATCGGTGCCGTACCCCCCA,0,2485561
mhpRp2,0.1,9,9,TATCCGGCGGCCATATATTA,0,2499877
mhpRp2,0.1,9,9,TATCATTAAGGATTCAACAG,0,2507748
mhpRp2,0.1,9,9,TATATCGGCCCGTACGTATA,0,2522087
mhpRp2,0.1,9,9,TATAGCACTGCCGGTCGGCT,0,2538545
mhpRp2,0.1,9,9,TATAGAGGTTGGGTTCGGAT,0,2511169
mhpRp2,0.1,9,9,TATACGGCTCGGTGCGGGAG,0,2512323
mhpRp2,0.1,9,9,TATAAGACTCGGCCGACATG,0,2519303
mhpRp2,0.1,9,9,TAGTTGATGCGGCTCGTCAT,0,2524903
mhpRp2,0.1,9,9,TAGGCGGATTCACTAGATTG,0,2511648
mhpRp2,0.1,9,9,TAGCTTCTACATAGCAGACG,0,2491732
mhpRp2,0.1,9,9,TAGACATGTTTGAACGCGAA,0,2483792
mhpRp2,0.1,9,9,TACTTGCCCTCCCGACTAAC,0,2525052
mhpRp2,0.1,9,9,TACTTCTCAAGTTCGTCCCT,0,2543515
mhpRp2,0.1,9,9,TACTGTCCGGACCTGTTCGT,0,2497116
mhpRp2,0.1,9,9,TACTGAGGGGGATCGGGGTT,0,2523595
mhpRp2,0.1,9,9,TACTCGGACCCATTACTGGA,0,2522197
mhpRp2,0.1,9,9,TACTCACCGTTCATGGAGAG,0,2481503
mhpRp2,0.1,9,9,TACGGGCCAGGGGCACTAGA,0,2529713
mhpRp2,0.1,9,9,TACGAGTCCCGAAGATGCTA,0,2487985
mhpRp2,0.1,9,9,TACCTCTAACTCGTGTTATG,0,2494523
mhpRp2,0.1,9,9,TACCAAGGTTTTTTGACATG,0,2509895
mhpRp2,0.1,9,9,TACAGCCCCAGATTGAGCCC,0,2484653
mhpRp2,0.1,9,9,TAATGTCAAGCCTCACCCTG,0,2543184
mhpRp2,0.1,9,9,TAATGATGGATACTGCTTCT,0,2502408
mhpRp2,0.1,9,9,TAATCTTTGGCATTGTTCGG,0,2514671
mhpRp2,0.1,9,9,TAATCGCCAGCCGCTTGTTA,0,2504920
mhpRp2,0.1,9,9,TAATAACCGCTACACCTAGC,0,2531212
mhpRp2,0.1,9,9,TAACGTGAGAAAGATGCCCG,0,2520068
mhpRp2,0.1,9,9,TAACGCGACATCAAGACAGA,0,2517791
mhpRp2,0.1,9,9,TAACGCACAGGACGATCACG,0,2506555
mhpRp2,0.1,9,9,TAACGAGCAGGGAACCGTTT,0,2527883
mhpRp2,0.1,9,9,TAACCGGTGCTGATTGCCAT,0,2513864
mhpRp2,0.1,9,9,TAACCAACTTGGTTCAATGT,0,2528084
mhpRp2,0.1,9,9,TAAAGGTTAGGAACGAGACA,0,2492351
mhpRp2,0.1,9,9,TAAAGGCAACAGGCGCCGAA,0,2489569
mhpRp2,0.1,9,9,TAAACGGGGGGTATTCATTG,0,2489693
mhpRp2,0.1,9,9,TAAAAAACTGTTTGTTTGTG,0,2501543
mhpRp2,0.1,9,9,GTTTTTAGTCAATCTAGATT,0,2480240
mhpRp2,0.1,9,9,GTTTTGCATGGCGCTTGAAT,0,2540769
mhpRp2,0.1,9,9,GTTTGTCTGTAAACAAATTC,0,2499798
mhpRp2,0.1,9,9,GTTTGAAGTTATCCAGTGCC,0,2491276
mhpRp2,0.1,9,9,GTTGGGAAATCGCCTATCCA,0,2484346
mhpRp2,0.1,9,9,GTTGCGATTCGATCCGTTTA,0,2486727
mhpRp2,0.1,9,9,GTTGATCCGACGGCGCAAAT,0,2508887
mhpRp2,0.1,9,9,GTTGATCAGACTCGTTTATA,0,2482566
mhpRp2,0.1,9,9,GTTCTCAATCTCGAAGTCCC,0,2480789
mhpRp2,0.1,9,9,GTTCCTCCACGGGCCTCATA,0,2513352
mhpRp2,0.1,9,9,GTTCATCTTCACACAATTGC,0,2526459
mhpRp2,0.1,9,9,GTTATATGTTGTCGATTCGC,0,2484133
mhpRp2,0.1,9,9,GTTAGGCCTGGTGAGAGCGG,0,2494039
mhpRp2,0.1,9,9,GTTAATCGGGATTGGATGGG,0,2545558
mhpRp2,0.1,9,9,GTTAATCGGATGGAGTTATT,0,2521974
mhpRp2,0.1,9,9,GTTAAGAACTGATAGATTAG,0,2480867
mhpRp2,0.1,9,9,GTGTGGAGTAACACCATCAC,0,2517805
mhpRp2,0.1,9,9,GTGTGATATCCTTTCAAGCT,0,2480318
mhpRp2,0.1,9,9,GTGTGAACATTGCCATAAAT,0,2539048
mhpRp2,0.1,9,9,GTGTCGTTTCTGCCACTGGA,0,2501108
mhpRp2,0.1,9,9,GTGTCCTGCGATATAACGAC,0,2515314
mhpRp2,0.1,9,9,GTGTCACAGTATGATCCTAA,0,2514645
mhpRp2,0.1,9,9,GTGTATCACGTCTCGTAACA,0,2515354
mhpRp2,0.1,9,9,GTGTAATAAAAAACGCTTCG,0,2508842
mhpRp2,0.1,9,9,GTGGTTTCATACCACATTGG,0,2489029
mhpRp2,0.1,9,9,GTGGTCTTGTAAAGTGGTGC,0,2542828
mhpRp2,0.1,9,9,GTGGGATCCCTTTTGAGCCT,0,2489134
mhpRp2,0.1,9,9,GTGGCGTGATATCATTTCAG,0,2499525
mhpRp2,0.1,9,9,GTGGAACAAACGTGGAGCAA,0,2542789
mhpRp2,0.1,9,9,GTGCTGTTACGCTAGAGGTC,0,2498450
mhpRp2,0.1,9,9,GTGCTCCTGGCAACCATCTA,0,2535828
mhpRp2,0.1,9,9,GTGCCATAGGTGATCAGTCG,0,2545043
mhpRp2,0.1,9,9,GTGCCAGTATTTACAACAAG,0,2519952
mhpRp2,0.1,9,9,GTGCCACGATTACCGGCGGC,0,2518633
mhpRp2,0.1,9,9,GTGCATGGGTGCCATTACAA,0,2485504
mhpRp2,0.1,9,9,GTGATGGGTACCCCTCCTAT,0,2486115
mhpRp2,0.1,9,9,GTCTCATATGGAAGGGGTCC,0,2497434
mhpRp2,0.1,9,9,GTCGTATCCGCGTCCATGTG,0,2522005
mhpRp2,0.1,9,9,GTCCTTGGTTCCGCCCAAGC,0,2534262
mhpRp2,0.1,9,9,GTCCTGTTTGCTAGTCATTA,0,2505811
mhpRp2,0.1,9,9,GTCCTCGGTCTACGTTAACA,0,2494369
mhpRp2,0.1,9,9,GTCCCCGAGTGGGTGGACAT,0,2495146
mhpRp2,0.1,9,9,GTCCACATATGTGAGGAAGA,0,2481396
mhpRp2,0.1,9,9,GTCATTTGGAACCTATCCCT,0,2518088
mhpRp2,0.1,9,9,GTCACTACGGTGACGATGTT,0,2538939
mhpRp2,0.1,9,9,GTCACATACCTGCGGGTGCA,0,2510757
mhpRp2,0.1,9,9,GTCAACTCGTCATCTCTCGA,0,2513704
mhpRp2,0.1,9,9,GTATTTACACATCGCATCCC,0,2515194
mhpRp2,0.1,9,9,GTATTACAATAATCTCAACT,0,2521435
mhpRp2,0.1,9,9,GTATCGGTTAGGTCAGGTAA,0,2532096
mhpRp2,0.1,9,9,GTAGGATACTGGATGGAAAC,0,2531942
mhpRp2,0.1,9,9,GTAGCAAAGTCTATTCTCAG,0,2507751
mhpRp2,0.1,9,9,GTACGCATACCCGCTTCGAA,0,2529187
mhpRp2,0.1,9,9,GTACGATCCACGGTATCTGA,0,2523290
mhpRp2,0.1,9,9,GTAATCCTAAAAGGCGATGC,0,2513067
mhpRp2,0.1,9,9,GTAATAACTTTTCACTTGGC,0,2543924
mhpRp2,0.1,9,9,GTAAAGACTTCAACGTGACC,0,2500293
mhpRp2,0.1,9,9,GTAAAATGCACGAAGATCTT,0,2541528
mhpRp2,0.1,9,9,GGTTTCGTCTTCCAGTTCAC,0,2529038
mhpRp2,0.1,9,9,GGTTTCGTACGTAAACCTCG,0,2518753
mhpRp2,0.1,9,9,GGTTTCAATGGATCTTTGGG,0,2495150
mhpRp2,0.1,9,9,GGTTGCCTGAAAATCGTGCC,0,2520526
mhpRp2,0.1,9,9,GGTTCCCCCCGGGCTCACCT,0,2514853
mhpRp2,0.1,9,9,GGTGCTCCTTCAGATGTAAC,0,2497716
mhpRp2,0.1,9,9,GGTGCAGCATGTGTATATTA,0,2518022
mhpRp2,0.1,9,9,GGTGATTCACTCGGTTCCCC,0,2508086
mhpRp2,0.1,9,9,GGTCCTATGGCAACCAACAA,0,2497841
mhpRp2,0.1,9,9,GGTCCCCGCGCGCCCACGAA,0,2539198
mhpRp2,0.1,9,9,GGTATTGCGAAGTTCTAGAA,0,2497395
mhpRp2,0.1,9,9,GGTATCAGGCAACCCGGTAT,0,2535186
mhpRp2,0.1,9,9,GGTATACGATCACGATCCGA,0,2512529
mhpRp2,0.1,9,9,GGTAATGTCTCGGGCATTGA,0,2519605
mhpRp2,0.1,9,9,GGTAATGAAGCATAGATGGC,0,2511815
mhpRp2,0.1,9,9,GGTAATCAAGTAACTTCGTC,0,2483930
mhpRp2,0.1,9,9,GGTAAGTTCTGGATACGAAC,0,2507186
mhpRp2,0.1,9,9,GGGTTATACCGCACGCTGTG,0,2517030
mhpRp2,0.1,9,9,GGGTTACGTAGTTGACTCAG,0,2504355
mhpRp2,0.1,9,9,GGGGGATTGAGCGCTTTTAT,0,2510670
mhpRp2,0.1,9,9,GGGCTCTGATAGGAAGGTGA,0,2496509
mhpRp2,0.1,9,9,GGGCGGCTATGGGATCTTTG,0,2479701
mhpRp2,0.1,9,9,GGGCGGCACACAAAATTCTA,0,2494371
mhpRp2,0.1,9,9,GGGCCACCGCCCATTAGGAA,0,2498916
mhpRp2,0.1,9,9,GGGCATAGTTTTTAATATGC,0,2494424
mhpRp2,0.1,9,9,GGGATGAGTCGCGAACAAAC,0,2520794
mhpRp2,0.1,9,9,GGGAAGGCTGCAACACATTG,0,2502903
mhpRp2,0.1,9,9,GGCTTTAGTATTGTATTCGT,0,2522334
mhpRp2,0.1,9,9,GGCTGCGGACCAGCTCTCGT,0,2504543
mhpRp2,0.1,9,9,GGCTCGGCTATGCGACAGTA,0,2533802
mhpRp2,0.1,9,9,GGCTCGACGTTGAAACTAAT,0,2544141
mhpRp2,0.1,9,9,GGCGACCGCGCCGGTGTAGT,0,2523232
mhpRp2,0.1,9,9,GGCCTATTTGATCATAGCCT,0,2497879
mhpRp2,0.1,9,9,GGCCGCGAAGGGGTCAAAAT,0,2481500
mhpRp2,0.1,9,9,GGCCCCGCGGTGGTGAGATG,0,2534842
mhpRp2,0.1,9,9,GGCCATTCAGCTAGTGTCAA,0,2528897
mhpRp2,0.1,9,9,GGCATTCTTACGTTCCTATA,0,2518400
mhpRp2,0.1,9,9,GGCAGGTGAAGTTGTTTGCA,0,2493182
mhpRp2,0.1,9,9,GGCAGCCCCAGCGTGTTTTG,0,2490142
mhpRp2,0.1,9,9,GGCACGATTAGAACGCGTTT,0,2481154
mhpRp2,0.1,9,9,GGCACCCTGCGTAAATTCCC,0,2503232
mhpRp2,0.1,9,9,GGCAATGTACCGGAGCGCAA,0,2511663
mhpRp2,0.1,9,9,GGCAACGTAGAAACTAGGAA,0,2532696
mhpRp2,0.1,9,9,GGATTGTTTTGAGCTTTGTG,0,2519395
mhpRp2,0.1,9,9,GGATGACCCAATTGAACTCA,0,2514553
mhpRp2,0.1,9,9,GGATCATCCGCCAGTGCAGC,0,2486777
mhpRp2,0.1,9,9,GGAGTGGTGATCAATTACGA,0,2490457
mhpRp2,0.1,9,9,GGAGCTCAGTATTACGTGGC,0,2494975
mhpRp2,0.1,9,9,GGACGCTGGATCTCGTAAGG,0,2497678
mhpRp2,0.1,9,9,GGACCCTCTCAACGTTTAAC,0,2507657
mhpRp2,0.1,9,9,GGAAGAAATTCTGGGACAAA,0,2504917
mhpRp2,0.1,9,9,GGAACGTCCATCCCCGTTGG,0,2530684
mhpRp2,0.1,9,9,GGAACGGCGGGTCAGTGGGG,0,2535072
mhpRp2,0.1,9,9,GCTTGCTGGCCAGGTCCGTT,0,2480201
mhpRp2,0.1,9,9,GCTTGCGCCTCCCTTGTTCT,0,2521747
mhpRp2,0.1,9,9,GCTTCTTAACTGGATGACGG,0,2514205
mhpRp2,0.1,9,9,GCTTCCCCTCAATGGGGTAT,0,2489306
mhpRp2,0.1,9,9,GCTGATGTCACAAGCTAGTA,0,2537286
mhpRp2,0.1,9,9,GCTCTTGCGCCCGTACGTAG,0,2535205
mhpRp2,0.1,9,9,GCTCTGCATTAGTTTCTTTA,0,2486994
mhpRp2,0.1,9,9,GCTATCTAAAGGGCCATCAG,0,2538368
mhpRp2,0.1,9,9,GCTACATCTCTGGTAGGAGT,0,2485022
mhpRp2,0.1,9,9,GCTAACACTGGCAGTACAAT,0,2499179
mhpRp2,0.1,9,9,GCGTTTCACTCTCAACAGCG,0,2496932
mhpRp2,0.1,9,9,GCGTTCCGTTGTAACACATG,0,2535194
mhpRp2,0.1,9,9,GCGTGCCGAAAGGACAGTTA,0,2533089
mhpRp2,0.1,9,9,GCGTGATGGACTATAGATCT,0,2541093
mhpRp2,0.1,9,9,GCGTCTCCACGTTAAACTTA,0,2487314
mhpRp2,0.1,9,9,GCGGTATGCATTAGTGTGGT,0,2488988
mhpRp2,0.1,9,9,GCGGGCTGGTGGATATGCCT,0,2491441
mhpRp2,0.1,9,9,GCGCCCTTTTTTAACGGAGT,0,2536300
mhpRp2,0.1,9,9,GCGCCATGTCCTGAATGAGC,0,2482652
mhpRp2,0.1,9,9,GCGCCATCGCACTCGACCAA,0,2501000
mhpRp2,0.1,9,9,GCGCATCCGCTCGGTGCCCA,0,2526182
mhpRp2,0.1,9,9,GCGAAGAGCTTGGACCCAGC,0,2522262
mhpRp2,0.1,9,9,GCCGTACCCGTATAACCCTC,0,2520714
mhpRp2,0.1,9,9,GCCGGACAAGCTCAATAACC,0,2507425
mhpRp2,0.1,9,9,GCCGAGATGCAGACAACTGC,0,2517115
mhpRp2,0.1,9,9,GCCCGTATAAACCCGCTGTG,0,2518445
mhpRp2,0.1,9,9,GCCCCGGATAGGCTGTAAAA,0,2488443
mhpRp2,0.1,9,9,GCCCCACCCGCGCTAACCAT,0,2518096
mhpRp2,0.1,9,9,GCCCACTAGCAAAGGTTAAA,0,2512446
mhpRp2,0.1,9,9,GCCACATCGGACGTGACATC,0,2506093
mhpRp2,0.1,9,9,GCATCGGCTCAACCTAAGAC,0,2530045
mhpRp2,0.1,9,9,GCAGGTTAATTGGTGGCAAG,0,2515333
mhpRp2,0.1,9,9,GCAGCGTCTTAGGGGCATTT,0,2520441
mhpRp2,0.1,9,9,GCAGCACGACGGTCTCACGT,0,2533952
mhpRp2,0.1,9,9,GCAGAGTCCTGGCAAGCCCA,0,2495319
mhpRp2,0.1,9,9,GCAGACTGCAAAGGCAAATT,0,2520384
mhpRp2,0.1,9,9,GCACTTGTGGCCGTTTGATT,0,2534470
mhpRp2,0.1,9,9,GCACGCGCATTGTTTTGCGT,0,2522256
mhpRp2,0.1,9,9,GCACCGCTCTGTGGATAGAC,0,2509329
mhpRp2,0.1,9,9,GCACCCCAAATAGAGCACAC,0,2482963
mhpRp2,0.1,9,9,GCACCAGCGCTGGAGATAAC,0,2528860
mhpRp2,0.1,9,9,GCACCACACAAGCTGTACAA,0,2485216
mhpRp2,0.1,9,9,GCACACGTATAGTGGGCGTA,0,2485315
mhpRp2,0.1,9,9,GCACAAGCTAGTCAACGTAT,0,2528902
mhpRp2,0.1,9,9,GCAATCTACGTTGATGATAC,0,2537206
mhpRp2,0.1,9,9,GCAATAAAGGGATCTGGTGG,0,2526535
mhpRp2,0.1,9,9,GCAAGTGGCACTTAACGAGG,0,2505583
mhpRp2,0.1,9,9,GATTATCGAGCTATTGTCTA,0,2501533
mhpRp2,0.1,9,9,GATTAGCTTACGCGATGGGA,0,2519536
mhpRp2,0.1,9,9,GATGGGACTATTGCCACTGA,0,2525253
mhpRp2,0.1,9,9,GATGCTACTCCCAAAATTCT,0,2512900
mhpRp2,0.1,9,9,GATGCCGCTAGAAGAGATTT,0,2507223
mhpRp2,0.1,9,9,GATGCAGAGGCACACCCTAT,0,2530225
mhpRp2,0.1,9,9,GATGATTAGACTTACGGTCC,0,2531159
mhpRp2,0.1,9,9,GATGAAATGTTCCCGTTCGC,0,2498748
mhpRp2,0.1,9,9,GATCTCCGCTATATACCAGG,0,2482042
mhpRp2,0.1,9,9,GATATCGTTGCCGCGTAAGG,0,2524849
mhpRp2,0.1,9,9,GATAATTGAGCCTTAGGCGG,0,2513161
mhpRp2,0.1,9,9,GATAAGTATAATCAATTTCC,0,2484011
mhpRp2,0.1,9,9,GATAAGCATGCAAAAATTTT,0,2494494
mhpRp2,0.1,9,9,GATAACTGGGTAATTCGGAT,0,2542419
mhpRp2,0.1,9,9,GAGTCCCGGGTGGCGCGAGC,0,2491831
mhpRp2,0.1,9,9,GAGGCATAGGAGAAACCCTA,0,2518306
mhpRp2,0.1,9,9,GAGCTTCAACGCTATCATAT,0,2543600
mhpRp2,0.1,9,9,GAGCTCTATAGCAGTGTTTG,0,2485193
mhpRp2,0.1,9,9,GAGCGTGGAGATACAGGGTG,0,2528145
mhpRp2,0.1,9,9,GAGCGCGGTGCTTCCCAGGA,0,2501244
mhpRp2,0.1,9,9,GAGCCTCCTGCATATTTCGG,0,2521218
mhpRp2,0.1,9,9,GAGAGGTGACCTGTGAGTCG,0,2513703
mhpRp2,0.1,9,9,GAGAGATGCGCCCTAGAGTC,0,2502388
mhpRp2,0.1,9,9,GAGACGGCAGTATCAACTTT,0,2537293
mhpRp2,0.1,9,9,GAGACCTGGCACGCGGCATT,0,2520326
mhpRp2,0.1,9,9,GACTGCTGCTGAACAACCTA,0,2490941
mhpRp2,0.1,9,9,GACTGCAACACGCGTAACGT,0,2503689
mhpRp2,0.1,9,9,GACTCCCGACGAGCCCTAAC,0,2522119
mhpRp2,0.1,9,9,GACTCAGCGAGCATGTCTTG,0,2533879
mhpRp2,0.1,9,9,GACGTGCATTCTGGTGCTCA,0,2499844
mhpRp2,0.1,9,9,GACCGCCGGTGAACGGTTGC,0,2509373
mhpRp2,0.1,9,9,GACAGTAATACCGGTTCGTC,0,2509701
mhpRp2,0.1,9,9,GACAGAAATTACGCGTTCAC,0,2492459
mhpRp2,0.1,9,9,GACACCTCATGCCGGAACAG,0,2497983
mhpRp2,0.1,9,9,GACACAATGTCACGGCATTT,0,2538005
mhpRp2,0.1,9,9,GACAAGGGATGTAAGGTGTA,0,2487367
mhpRp2,0.1,9,9,GAATTGAGTACCGGAATCGG,0,2515064
mhpRp2,0.1,9,9,GAATCCACTTTATAAACGAA,0,2542611
mhpRp2,0.1,9,9,GAATCAGGTGGCCGGTCGCA,0,2500717
mhpRp2,0.1,9,9,GAATCACCAGGGGAGTACGG,0,2517116
mhpRp2,0.1,9,9,GAAGCAATCCTGCCCGGAAC,0,2483997
mhpRp2,0.1,9,9,GAACTTGGCTGCGAAAATTA,0,2536463
mhpRp2,0.1,9,9,GAACGGTGATGACAGTATTC,0,2505808
mhpRp2,0.1,9,9,GAACCCCCGAGAGACCATAT,0,2530542
mhpRp2,0.1,9,9,GAACCCAAGGGGCATAAAGG,0,2515545
mhpRp2,0.1,9,9,GAACAAACACGTTCAAGCCA,0,2521559
mhpRp2,0.1,9,9,GAAAGGTAATAGAATCCAGC,0,2533983
mhpRp2,0.1,9,9,GAAAGACGTTATATGGTATA,0,2524688
mhpRp2,0.1,9,9,GAAAGACCGGCAAGTCGGTT,0,2520043
mhpRp2,0.1,9,9,CTTTGGCGAATATACATTTC,0,2505277
mhpRp2,0.1,9,9,CTTTCGCATAGGTGTGACGT,0,2491530
mhpRp2,0.1,9,9,CTTTAGTACAGCGACGCTAC,0,2536985
mhpRp2,0.1,9,9,CTTGGTGTTCAACACGGCAG,0,2497522
mhpRp2,0.1,9,9,CTTGCATTCGTCTTAGTGGG,0,2507110
mhpRp2,0.1,9,9,CTTGAGGCTGCGCGCTTGAG,0,2499267
mhpRp2,0.1,9,9,CTTCTACGTCTTACCCCGAC,0,2508630
mhpRp2,0.1,9,9,CTTCGTGAACTCGCCCTTAG,0,2541769
mhpRp2,0.1,9,9,CTTCCGAAGCGAAGGCCGGT,0,2480148
mhpRp2,0.1,9,9,CTTATTCAAGCCGAGGACAT,0,2530451
mhpRp2,0.1,9,9,CTTATACTTGGGTTGAGATA,0,2485835
mhpRp2,0.1,9,9,CTTACCTACATGGGCATCTC,0,2499338
mhpRp2,0.1,9,9,CTTAAATTACACCGTCTAAT,0,2506959
mhpRp2,0.1,9,9,CTGTCTAGAAGTAGACGAGT,0,2483394
mhpRp2,0.1,9,9,CTGTATTCTGGGACATTCGG,0,2538551
mhpRp2,0.1,9,9,CTGTACTTCTTGTGTCTGCC,0,2534687
mhpRp2,0.1,9,9,CTGGTCTTGTTAGGCCGCGT,0,2522900
mhpRp2,0.1,9,9,CTGGGTACCGGCTCTAGTAA,0,2505939
mhpRp2,0.1,9,9,CTGGGGCCTGCAGCCCACCC,0,2483088
mhpRp2,0.1,9,9,CTGGGATGCAATACCAATTG,0,2531869
mhpRp2,0.1,9,9,CTGGCTGGCCAAGTCAACTT,0,2496035
mhpRp2,0.1,9,9,CTGGCAAGCCCATACGCTAC,0,2522246
mhpRp2,0.1,9,9,CTGCTTCAATACACTTACAA,0,2523632
mhpRp2,0.1,9,9,CTGCTCGGATTAGCGTACTA,0,2503363
mhpRp2,0.1,9,9,CTGCTATTATACGGTGAAGC,0,2545293
mhpRp2,0.1,9,9,CTGCTAGTGGAAAGGCGGCC,0,2522624
mhpRp2,0.1,9,9,CTGCTACTTTAGTGGCAGAA,0,2513152
mhpRp2,0.1,9,9,CTGCAGCGGTACACCCCGGA,0,2540820
mhpRp2,0.1,9,9,CTGATCGACGTATTCGGAGC,0,2501798
mhpRp2,0.1,9,9,CTGAGATCCATAAGCCTCGT,0,2498983
mhpRp2,0.1,9,9,CTGACGTAGTGACAAGCGGG,0,2493763
mhpRp2,0.1,9,9,CTCTTTATCCCGCCGCAGGG,0,2520494
mhpRp2,0.1,9,9,CTCTATTAGGGCGTCAGATA,0,2539996
mhpRp2,0.1,9,9,CTCTATTAAACCGAAGGTGT,0,2536770
mhpRp2,0.1,9,9,CTCTAAGTCACCCGAGAGTA,0,2486822
mhpRp2,0.1,9,9,CTCGTTCCGCGGGGCAGTCC,0,2513513
mhpRp2,0.1,9,9,CTCGGGAGCCACGAAAGCGC,0,2509655
mhpRp2,0.1,9,9,CTCCGCGGCGGAGAGATCCC,0,2515441
mhpRp2,0.1,9,9,CTCCCCGAACCATTAGTCAT,0,2527986
mhpRp2,0.1,9,9,CTCAGTAGATATGAGACGAA,0,2505495
mhpRp2,0.1,9,9,CTCAACGCATAGAATGTGGT,0,2494102
mhpRp2,0.1,9,9,CTATCCATAACAGCCTTCGC,0,2522710
mhpRp2,0.1,9,9,CTAGTTAGGTTATATAGACA,0,2480417
mhpRp2,0.1,9,9,CTAGGAGCTGCTGTGATCTT,0,2532756
mhpRp2,0.1,9,9,CTACGTACGGCATCAGGTCC,0,2533265
mhpRp2,0.1,9,9,CTACGGGGGCACCTCTATGT,0,2515340
mhpRp2,0.1,9,9,CTACGGCTCTGAGCCCAAAT,0,2503227
mhpRp2,0.1,9,9,CTAATAGGTCGTCTCGATGA,0,2480058
mhpRp2,0.1,9,9,CTAAGGGTGCAAGCTTGACA,0,2493047
mhpRp2,0.1,9,9,CTAACTTGGGCTTGTGGATG,0,2479842
mhpRp2,0.1,9,9,CTAACTGTATTGGCAAGTCT,0,2523480
mhpRp2,0.1,9,9,CGTTTTTTTTTTTCATAATA,0,2539175
mhpRp2,0.1,9,9,CGTTTTATTTCCGTGGTTGA,0,2498889
mhpRp2,0.1,9,9,CGTTGGGGATCGGGCTGGAA,0,2532966
mhpRp2,0.1,9,9,CGTTGGAATTATGAATGGGT,0,2509466
mhpRp2,0.1,9,9,CGTTGCTATTGACGTGCTCG,0,2501547
mhpRp2,0.1,9,9,CGTTCGATAACGGACAAGAC,0,2543554
mhpRp2,0.1,9,9,CGTTCCGCGGGGAGGTATAT,0,2533902
mhpRp2,0.1,9,9,CGTGTTGAAGCGCAAGTTGT,0,2522307
mhpRp2,0.1,9,9,CGTGGCTGTATCCATCATGT,0,2516852
mhpRp2,0.1,9,9,CGTGGCACACAAACAGCCAC,0,2526474
mhpRp2,0.1,9,9,CGTGCCCTCGTACCTGGATC,0,2519673
mhpRp2,0.1,9,9,CGTGCAAGAGGTGCGAAAGA,0,2486014
mhpRp2,0.1,9,9,CGTCTGACTTAATCGGGCAT,0,2481597
mhpRp2,0.1,9,9,CGTCGTCTCCGTCCAGCCTG,0,2527850
mhpRp2,0.1,9,9,CGTCCTATATGCCGGATGGC,0,2490363
mhpRp2,0.1,9,9,CGTCCGGGGAATGTCTCTTT,0,2503283
mhpRp2,0.1,9,9,CGTCAAGGTAGGGGAGATTC,0,2527843
mhpRp2,0.1,9,9,CGTATAGAGCGCGTACTAAT,0,2513074
mhpRp2,0.1,9,9,CGTAACGTTGGGCCGGTACT,0,2480767
mhpRp2,0.1,9,9,CGTAACCGAGGCTATGGCGC,0,2517356
mhpRp2,0.1,9,9,CGTAAAGTTTTGATTGCCCA,0,2496056
mhpRp2,0.1,9,9,CGTAAAACATTGCTGTTCGT,0,2516930
mhpRp2,0.1,9,9,CGGTGTGTATGTCGTATTGA,0,2545433
mhpRp2,0.1,9,9,CGGTGGTACTGAAGCTGTCT,0,2524544
mhpRp2,0.1,9,9,CGGTCTACAAGTCTACAAGA,0,2484834
mhpRp2,0.1,9,9,CGGTCGTTAGTTATCGTATC,0,2485105
mhpRp2,0.1,9,9,CGGTATCACAAATAGGCCAC,0,2538118
mhpRp2,0.1,9,9,CGGTAGCGCACCGGACCAAT,0,2499311
mhpRp2,0.1,9,9,CGGGTGTTTTCACGTGGCCC,0,2540188
mhpRp2,0.1,9,9,CGGGTGTAGACCGGACGATC,0,2483053
mhpRp2,0.1,9,9,CGGGGCGGTTAGCCCATGCA,0,2508234
mhpRp2,0.1,9,9,CGGGCGGGCCTCAGGGTATC,0,2526109
mhpRp2,0.1,9,9,CGGGCGGATTACTAACCGGT,0,2525456
mhpRp2,0.1,9,9,CGGCTGTCAAGGGGAGCATG,0,2479706
mhpRp2,0.1,9,9,CGGCGTGCAGAGGTACAGGG,0,2544004
mhpRp2,0.1,9,9,CGGCCGTTTCCGTAGCAATG,0,2503148
mhpRp2,0.1,9,9,CGGCCCGCTAGGCCCTATTG,0,2502262
mhpRp2,0.1,9,9,CGGCAAAGAGCTCGTATTGG,0,2480054
mhpRp2,0.1,9,9,CGGCAAAGAAACCTCCTGTA,0,2506052
mhpRp2,0.1,9,9,CGGATACTATTTCTGGTATC,0,2509464
mhpRp2,0.1,9,9,CGGATAAACTGCTCGGTCTA,0,2525021
mhpRp2,0.1,9,9,CGGAGTTGATCTGAGTTACC,0,2489412
mhpRp2,0.1,9,9,CGGAAATACAGGCTATAAAA,0,2491244
mhpRp2,0.1,9,9,CGCTGTGCAACCAGTTGGCG,0,2507671
mhpRp2,0.1,9,9,CGCCGACCAACCACAGCGTA,0,2529517
mhpRp2,0.1,9,9,CGCCCAGGAAATTGGAATAT,0,2513601
mhpRp2,0.1,9,9,CGCCAGACTCATGCCGATAG,0,2542950
mhpRp2,0.1,9,9,CGCCACATCATGCAGGTATA,0,2538971
mhpRp2,0.1,9,9,CGCATCCAGGATGTTAAGCT,0,2520162
mhpRp2,0.1,9,9,CGCACTAAAAAAGCTACTCG,0,2508355
mhpRp2,0.1,9,9,CGATTATGGAGCTTAGGCGT,0,2486524
mhpRp2,0.1,9,9,CGATCCTCGGGCAAGGCCGT,0,2494673
mhpRp2,0.1,9,9,CGATATTTTTGGTCCCCCAA,0,2503152
mhpRp2,0.1,9,9,CGAGGGGATTGACATCGGGT,0,2525516
mhpRp2,0.1,9,9,CGAGCTTCTTTCAACCACCT,0,2533422
mhpRp2,0.1,9,9,CGAGAAAGATGAAATGCTAA,0,2533634
mhpRp2,0.1,9,9,CGACTCACTTAAGCATTTTC,0,2511142
mhpRp2,0.1,9,9,CGACTAAAAAGCAGGCTATT,0,2515047
mhpRp2,0.1,9,9,CGACGGAGAACAAGGCCGAT,0,2529148
mhpRp2,0.1,9,9,CGACGACGCTCAGCCGATGT,0,2479771
mhpRp2,0.1,9,9,CGACCCAAAGCGAAGAGTTA,0,2507974
mhpRp2,0.1,9,9,CGACAGGCCTGGTCCACGTG,0,2525841
mhpRp2,0.1,9,9,CGAAGGACCAAGACATTATT,0,2518300
mhpRp2,0.1,9,9,CGAAATCACGAACAGAAAGA,0,2542864
mhpRp2,0.1,9,9,CGAAACGATGTTTACCCACC,0,2538486
mhpRp2,0.1,9,9,CCTTTTTTTAAAGCTGCGGA,0,2513404
mhpRp2,0.1,9,9,CCTTGGGTCTGGGGTCGGGA,0,2483182
mhpRp2,0.1,9,9,CCTTCCGAGCGCCCAACCCT,0,2540324
mhpRp2,0.1,9,9,CCTTACCTTGCTGACTGGAC,0,2541931
mhpRp2,0.1,9,9,CCTGAGGTCCCGCGCTCTAT,0,2482542
mhpRp2,0.1,9,9,CCTGAATGCCGCGAACACAA,0,2506413
mhpRp2,0.1,9,9,CCTGAACGTGTCTTGTAATA,0,2533246
mhpRp2,0.1,9,9,CCTCCTTCTCGTCTAAACGT,0,2533788
mhpRp2,0.1,9,9,CCTCCCAGCCATCAGCGGAA,0,2528974
mhpRp2,0.1,9,9,CCTCAGAATTCTTCGCGTAG,0,2484708
mhpRp2,0.1,9,9,CCTCAACTACATCATGCAAC,0,2492017
mhpRp2,0.1,9,9,CCTACGCCGGTGTACGTTAA,0,2538076
mhpRp2,0.1,9,9,CCTACCCAACTAGACTGTCG,0,2501338
mhpRp2,0.1,9,9,CCTAAACCAGTCGCTCCCCC,0,2502009
mhpRp2,0.1,9,9,CCGTTGTGTCTCACCTGATA,0,2530819
mhpRp2,0.1,9,9,CCGTCTTTTGACAAGACTCT,0,2516107
mhpRp2,0.1,9,9,CCGTCTGTTAAGGCCCGTTT,0,2503395
mhpRp2,0.1,9,9,CCGGGAGTTCCCGTTCCAGA,0,2538718
mhpRp2,0.1,9,9,CCGGCGGCTGCAATCCCCTG,0,2532547
mhpRp2,0.1,9,9,CCGGCGCCACTAGGCCTTGG,0,2536643
mhpRp2,0.1,9,9,CCGGCACATCAGCTCAAGGT,0,2490813
mhpRp2,0.1,9,9,CCGGAATAGTAGGACGCGTT,0,2504921
mhpRp2,0.1,9,9,CCGCTCCAGCCCCCTGGTAA,0,2487655
mhpRp2,0.1,9,9,CCGCGCTCTACCGGTTGGCT,0,2494754
mhpRp2,0.1,9,9,CCGCAGTTCTGTGGATAATA,0,2542632
mhpRp2,0.1,9,9,CCGATTTAGGTTTGCTCATC,0,2511752
mhpRp2,0.1,9,9,CCGACTCAATCCCGTCCCAT,0,2518286
mhpRp2,0.1,9,9,CCGACCCCATAGTAGCGCGT,0,2534836
mhpRp2,0.1,9,9,CCGACAGGAAGTAGGCCACG,0,2534663
mhpRp2,0.1,9,9,CCGAAGAATCACGAGGCGTG,0,2536875
mhpRp2,0.1,9,9,CCCTTGACACCGTAGGCTTG,0,2507476
mhpRp2,0.1,9,9,CCCTGTGACATTATTCAAGA,0,2544779
mhpRp2,0.1,9,9,CCCTGCATGACGCCTGGATG,0,2502005
mhpRp2,0.1,9,9,CCCTCACCCCGTCAAATGGT,0,2530275
mhpRp2,0.1,9,9,CCCGTGTATAAAGTCTGCGC,0,2509626
mhpRp2,0.1,9,9,CCCGCGCCCAGTCTGTCCAA,0,2511090
mhpRp2,0.1,9,9,CCCGAAGCAACGAGTTGATT,0,2518297
mhpRp2,0.1,9,9,CCCCTGTACTCCCATGAAAA,0,2543190
mhpRp2,0.1,9,9,CCCCGTCTTCGAGACAGCTT,0,2539856
mhpRp2,0.1,9,9,CCCCGGGAAATATATAGAGC,0,2506807
mhpRp2,0.1,9,9,CCCCCCAACGGCCCAAGGTC,0,2524881
mhpRp2,0.1,9,9,CCCCATGAGCAAACAGGCGG,0,2532003
mhpRp2,0.1,9,9,CCCACTGCGGTAGGTACTTT,0,2508917
mhpRp2,0.1,9,9,CCCAATGCTATATTTGTTTC,0,2516893
mhpRp2,0.1,9,9,CCCAACAAAAAGACTCGTAG,0,2490472
mhpRp2,0.1,9,9,CCATTCCGCTATACACCGAC,0,2497750
mhpRp2,0.1,9,9,CCAGATACGAGCGAACACTC,0,2537745
mhpRp2,0.1,9,9,CCAGATAAAATGGCGCCCTT,0,2510043
mhpRp2,0.1,9,9,CCAGACGAGCGTCTCCCGCG,0,2541085
mhpRp2,0.1,9,9,CCACTGTTTACCGGTGTAAA,0,2483103
mhpRp2,0.1,9,9,CCAAGCTACATACCGCGAAA,0,2526202
mhpRp2,0.1,9,9,CCAACTCCAATTAGATACTA,0,2532480
mhpRp2,0.1,9,9,CATTTACTCGAGGTAGCAGT,0,2541159
mhpRp2,0.1,9,9,CATTGTCCGTGTCGTAGCAG,0,2543993
mhpRp2,0.1,9,9,CATTCGAAACCGAAGTGCCG,0,2486484
mhpRp2,0.1,9,9,CATTATGGCTAATCTAGACG,0,2524693
mhpRp2,0.1,9,9,CATGTTATGCCACGTGTGAG,0,2525322
mhpRp2,0.1,9,9,CATGGCTGCACTCTAGGGAT,0,2502860
mhpRp2,0.1,9,9,CATGCCTACTACGGTGTGGT,0,2526917
mhpRp2,0.1,9,9,CATGAAAGGTGTCTTCATTG,0,2512913
mhpRp2,0.1,9,9,CATCTGCTCGCTTTCTAATT,0,2532071
mhpRp2,0.1,9,9,CATCGCCTTGTTGGTCGTAC,0,2480577
mhpRp2,0.1,9,9,CATCCGAACTGAATTTTCCG,0,2515775
mhpRp2,0.1,9,9,CATCAGTATGAGCACTGCCG,0,2508428
mhpRp2,0.1,9,9,CATACAGCTTCCCTCATCTT,0,2493809
mhpRp2,0.1,9,9,CATAAATCGGCCTCTAACAT,0,2488995
mhpRp2,0.1,9,9,CAGTTGCTGTTCGGGCAAAT,0,2544505
mhpRp2,0.1,9,9,CAGTGGAAAATCTTCTCATC,0,2508416
mhpRp2,0.1,9,9,CAGTATTAATGGGCGCTAGA,0,2532788
mhpRp2,0.1,9,9,CAGTACGCAATATGGGGATT,0,2501741
mhpRp2,0.1,9,9,CAGGTCTGACTGGCGGGACA,0,2487310
mhpRp2,0.1,9,9,CAGGGCCTTAGGGAAGGTAG,0,2484934
mhpRp2,0.1,9,9,CAGGCTTAATTGGCGAAAAT,0,2542462
mhpRp2,0.1,9,9,CAGGCACGTGCGAGCATTAG,0,2544323
mhpRp2,0.1,9,9,CAGCTTCGTATTAGACGCGG,0,2489746
mhpRp2,0.1,9,9,CAGCAGTACTGAAAGGGAAG,0,2495215
mhpRp2,0.1,9,9,CAGCACGCTGCTGGGATCGC,0,2490622
mhpRp2,0.1,9,9,CAGATTTTAGTGCGAAACGA,0,2506661
mhpRp2,0.1,9,9,CAGACACGCGCTGAAGCGAT,0,2498489
mhpRp2,0.1,9,9,CACTGGGGGGCTCAGAGATT,0,2541794
mhpRp2,0.1,9,9,CACTCCACGAACATTAGGGT,0,2504085
mhpRp2,0.1,9,9,CACGTTGCGATTTGGCCTCG,0,2492009
mhpRp2,0.1,9,9,CACGTAATCAATTTTCAAGT,0,2487595
mhpRp2,0.1,9,9,CACGGATAACCATGAATTCA,0,2511187
mhpRp2,0.1,9,9,CACCGGTGACCGGCACCATG,0,2527819
mhpRp2,0.1,9,9,CACCGGCGGGTACGCTGGTG,0,2482755
mhpRp2,0.1,9,9,CACCGCCCATTCGTCCATCG,0,2487387
mhpRp2,0.1,9,9,CACCAGAGTGGCAGTTATTC,0,2519408
mhpRp2,0.1,9,9,CACCAAGGGATAACGTAGGA,0,2521869
mhpRp2,0.1,9,9,CACAGGGGTCCGAGAGAGTA,0,2514670
mhpRp2,0.1,9,9,CACAGCACGTTTGGCTTCCT,0,2530800
mhpRp2,0.1,9,9,CAATTAAAGCAGGTAGTGTT,0,2541981
mhpRp2,0.1,9,9,CAATGGCCACCCTTCTGCCT,0,2498968
mhpRp2,0.1,9,9,CAAGTCCACAGGGCGCAATT,0,2527806
mhpRp2,0.1,9,9,CAAGGCTCGGGCTTGAACTT,0,2541489
mhpRp2,0.1,9,9,CAAGCTTTATCTTCAGCTTT,0,2524908
mhpRp2,0.1,9,9,CAAGCACATTGCCATAGCCG,0,2513056
mhpRp2,0.1,9,9,CAAGCACAGGCGGGGATTCA,0,2504939
mhpRp2,0.1,9,9,CAAGAGCTTACTAACATGCA,0,2498305
mhpRp2,0.1,9,9,CAAGAGACGCTTCTTCAGAG,0,2487145
mhpRp2,0.1,9,9,CAACGTGCATGAGGAGCGCC,0,2515827
mhpRp2,0.1,9,9,CAACGACTCCCGTGATGGGG,0,2522783
mhpRp2,0.1,9,9,CAACCATAGAGACTACACCA,0,2487667
mhpRp2,0.1,9,9,CAAAAGCCCATGGGGGGGAT,0,2543723
mhpRp2,0.1,9,9,ATTTCGTACTGCAGCCGACT,0,2538826
mhpRp2,0.1,9,9,ATTTCGGCAGGAAGATGTGA,0,2489911
mhpRp2,0.1,9,9,ATTTAGACATAGAAGGCGGA,0,2483546
mhpRp2,0.1,9,9,ATTGGGAATCTGCGGGGCAT,0,2524527
mhpRp2,0.1,9,9,ATTCGTACTGAAGTGTACTG,0,2536510
mhpRp2,0.1,9,9,ATTCGGCATCTAGGAGACAA,0,2532881
mhpRp2,0.1,9,9,ATTCGAGCTATCAGAAGGTT,0,2512022
mhpRp2,0.1,9,9,ATTCCGGAGCCATTTAGAAC,0,2529250
mhpRp2,0.1,9,9,ATTCCATGAAATGATTCAAG,0,2509140
mhpRp2,0.1,9,9,ATTCAGGACAGCGGGGTCAA,0,2502394
mhpRp2,0.1,9,9,ATTCAAGTAGAGTTCCTTTA,0,2491748
mhpRp2,0.1,9,9,ATTATCTGCAGGGTAGGGTT,0,2527276
mhpRp2,0.1,9,9,ATTAAGGCTCATTAGACTGT,0,2485551
mhpRp2,0.1,9,9,ATGTGAACTGTGGCCAGCCT,0,2509037
mhpRp2,0.1,9,9,ATGGGGTCGTATCGGGTCAC,0,2513113
mhpRp2,0.1,9,9,ATGGCCACTGCCACACCGCT,0,2496456
mhpRp2,0.1,9,9,ATGGACTCTATATGGCAGAT,0,2517798
mhpRp2,0.1,9,9,ATGGACTCGCTCATACGAAA,0,2486364
mhpRp2,0.1,9,9,ATGGAAAGAATCATGCGGTT,0,2491806
mhpRp2,0.1,9,9,ATGCGGTCCGCAGCACAGGC,0,2532287
mhpRp2,0.1,9,9,ATGCGGCGACCCGTCGCGAC,0,2515014
mhpRp2,0.1,9,9,ATGCCTTTGAAACGCAAGTT,0,2510460
mhpRp2,0.1,9,9,ATGCCTCAATAGTTTTTATT,0,2480088
mhpRp2,0.1,9,9,ATGCCGACGCGCAGGACTTT,0,2485875
mhpRp2,0.1,9,9,ATGATACTGAAGCCGCGGTG,0,2495854
mhpRp2,0.1,9,9,ATCTTGTACATGGGTTAAAT,0,2516879
mhpRp2,0.1,9,9,ATCTTCATGCAGTCCCACCC,0,2512362
mhpRp2,0.1,9,9,ATCTCCAGGCGGGTGTGACC,0,2524013
mhpRp2,0.1,9,9,ATCTAGGTATCTCAATGGTG,0,2540258
mhpRp2,0.1,9,9,ATCGTTTCTTTACCTGGCAT,0,2518644
mhpRp2,0.1,9,9,ATCGTGATCCATCAGAGAAA,0,2514565
mhpRp2,0.1,9,9,ATCGTAATTAAGTATGCAGT,0,2518505
mhpRp2,0.1,9,9,ATCGCCCGAATCGCCCGGGT,0,2509420
mhpRp2,0.1,9,9,ATCCGAGCTGGCCACGATGT,0,2493467
mhpRp2,0.1,9,9,ATCATCGGCTGAATCAGGTG,0,2488606
mhpRp2,0.1,9,9,ATATTGTAACTAGAAGGTCC,0,2538134
mhpRp2,0.1,9,9,ATATTGGTGTACCGTACCAG,0,2497721
mhpRp2,0.1,9,9,ATATAATAGGTTTTACCTGT,0,2506189
mhpRp2,0.1,9,9,ATAGTAGTGGTCGAACGACC,0,2481921
mhpRp2,0.1,9,9,ATAGCGTCAGCGTGGATTGG,0,2531452
mhpRp2,0.1,9,9,ATAGATAGACTGTCAGAGTC,0,2542851
mhpRp2,0.1,9,9,ATACCGGCGTTTTTGCAGAG,0,2529909
mhpRp2,0.1,9,9,ATACCCTATTGTATTTGCGG,0,2504866
mhpRp2,0.1,9,9,ATACCCGGAAACGCTTTCAC,0,2522615
mhpRp2,0.1,9,9,ATAATGCATCCGAGGGCAAT,0,2484339
mhpRp2,0.1,9,9,ATAACTTATCCAACTATGTC,0,2486084
mhpRp2,0.1,9,9,ATAACCCATAGGAAAATTGG,0,2489883
mhpRp2,0.1,9,9,ATAAAATCGGTGGAGGGCCA,0,2500783
mhpRp2,0.1,9,9,ATAAAACAGCTGCGAATGTC,0,2524807
mhpRp2,0.1,9,9,AGTTTGGAATTTATTTCCCA,0,2495644
mhpRp2,0.1,9,9,AGTTGTTATAAGCGGTATGG,0,2542494
mhpRp2,0.1,9,9,AGTTGTGATTGCGCTCGTAA,0,2517996
mhpRp2,0.1,9,9,AGTTACGTAATTTTTTCACA,0,2512012
mhpRp2,0.1,9,9,AGTGCGATTTGAGTCTCAGT,0,2502195
mhpRp2,0.1,9,9,AGTCGATATAATTAATTCGT,0,2535204
mhpRp2,0.1,9,9,AGTCCATTTCGGTCATGTTC,0,2531525
mhpRp2,0.1,9,9,AGTATCAAGTGACATGAGAC,0,2508553
mhpRp2,0.1,9,9,AGTATAAAAAGGATCATTGT,0,2479669
mhpRp2,0.1,9,9,AGTAGACAGACCAGGGCGAA,0,2518449
mhpRp2,0.1,9,9,AGTACGGGAGGTGTTCCCAA,0,2505139
mhpRp2,0.1,9,9,AGTACATAGTAACACTGTCC,0,2497855
mhpRp2,0.1,9,9,AGTAAATCCACGGCATGGCT,0,2509351
mhpRp2,0.1,9,9,AGGTCCAAGAGAACGCGTCA,0,2524593
mhpRp2,0.1,9,9,AGGTCACTACCCAATGTCCT,0,2534477
mhpRp2,0.1,9,9,AGGTATATAGCAGTGTAGAA,0,2483941
mhpRp2,0.1,9,9,AGGGATAGCGCAATATGCTG,0,2528631
mhpRp2,0.1,9,9,AGGCGCGACCCCGGCGTAAG,0,2521344
mhpRp2,0.1,9,9,AGGCCTAGAGGATGGGTGAA,0,2537357
mhpRp2,0.1,9,9,AGGCCCAACGGGGGACCAGT,0,2522896
mhpRp2,0.1,9,9,AGGCACGATCGCCAGTACCT,0,2542362
mhpRp2,0.1,9,9,AGGCACCGAGAATCGAGGAG,0,2491033
mhpRp2,0.1,9,9,AGGATGACAACAAGGCTACA,0,2487598
mhpRp2,0.1,9,9,AGGATCGTCCGACTCCGGCC,0,2540724
mhpRp2,0.1,9,9,AGGATAGGACCGCATCCCCG,0,2507755
mhpRp2,0.1,9,9,AGCTCACTCTAACATATTAA,0,2530686
mhpRp2,0.1,9,9,AGCGGGTTTGAGACGGATTG,0,2539152
mhpRp2,0.1,9,9,AGCGGACCTGTTAACTTATC,0,2540353
mhpRp2,0.1,9,9,AGCCCCATGTCGATGCATTA,0,2514551
mhpRp2,0.1,9,9,AGCAATTCCCGGCAAACGCT,0,2488678
mhpRp2,0.1,9,9,AGATTTTCGTGGGAGACCAA,0,2488769
mhpRp2,0.1,9,9,AGATTAAATACTCATGGCAT,0,2527101
mhpRp2,0.1,9,9,AGATACTCGGGGCATTTTCG,0,2542441
mhpRp2,0.1,9,9,AGAGTACGGTTCAGGATGCT,0,2513365
mhpRp2,0.1,9,9,AGAGGCTGAACAGTTTTTTG,0,2516443
mhpRp2,0.1,9,9,AGAGCTTAGGATATCGGTCA,0,2522026
mhpRp2,0.1,9,9,AGAGCGGCGGGGCAGCTCCT,0,2480177
mhpRp2,0.1,9,9,AGACGATCTAGTAGTGGGAC,0,2501370
mhpRp2,0.1,9,9,AGACCTCGATGAAAAATTCT,0,2500232
mhpRp2,0.1,9,9,AGAACTTTAATTCCCGGGTT,0,2480646
mhpRp2,0.1,9,9,AGAACTGCGTCGTCCTATTA,0,2497316
mhpRp2,0.1,9,9,AGAAAACTAATTTGGCGTGT,0,2539884
mhpRp2,0.1,9,9,ACTTGCACCCGTGTATGATG,0,2535815
mhpRp2,0.1,9,9,ACTTCTCGAGTACACGCCAG,0,2495514
mhpRp2,0.1,9,9,ACTTCTACCGTGTTACATTT,0,2516889
mhpRp2,0.1,9,9,ACTGTGCGAAAGCCGATATT,0,2532714
mhpRp2,0.1,9,9,ACTGTCTCTTCGAATTACGT,0,2494936
mhpRp2,0.1,9,9,ACTGGAAGCGGTAAGTTTAC,0,2542633
mhpRp2,0.1,9,9,ACTGCTATCGGGAAGGAGCG,0,2484951
mhpRp2,0.1,9,9,ACTGATTCAAATTACGAAAC,0,2509195
mhpRp2,0.1,9,9,ACTCTCGGACTCGCATTTAT,0,2504239
mhpRp2,0.1,9,9,ACTATTTCGAATACAGGAGG,0,2520323
mhpRp2,0.1,9,9,ACTATCCTTACCATAGGGTC,0,2491085
mhpRp2,0.1,9,9,ACTAGAGGCATGCTTGGCCA,0,2536619
mhpRp2,0.1,9,9,ACTAATCAAGACGCCTAAAG,0,2517311
mhpRp2,0.1,9,9,ACTAAGTCTGGCGAGAATCG,0,2503941
mhpRp2,0.1,9,9,ACGTTCAAGGCAGCACAAGC,0,2521306
mhpRp2,0.1,9,9,ACGTTATCGAGAACCTCGAC,0,2498430
mhpRp2,0.1,9,9,ACGTAGTGGAGTCGGTTGAA,0,2515263
mhpRp2,0.1,9,9,ACGTACACCTTTGGATCCCA,0,2489547
mhpRp2,0.1,9,9,ACGGGTCGGGTCTGCTGCGA,0,2543186
mhpRp2,0.1,9,9,ACGGGCCGATGTCAGTAACA,0,2482617
mhpRp2,0.1,9,9,ACGGCTTTGAATTGCACATA,0,2535353
mhpRp2,0.1,9,9,ACGCGGATGAATAAGCTTTG,0,2479756
mhpRp2,0.1,9,9,ACGCATGCACAGTATGGAAT,0,2502685
mhpRp2,0.1,9,9,ACGATTGACTGCCGATTGTG,0,2538177
mhpRp2,0.1,9,9,ACGATTCTAGTCACGATACC,0,2528937
mhpRp2,0.1,9,9,ACGATAGTCAATGACATCAG,0,2540901
mhpRp2,0.1,9,9,ACGACGATTTATCGTTTAGC,0,2487046
mhpRp2,0.1,9,9,ACGACCTGATTATTCCTATG,0,2498225
mhpRp2,0.1,9,9,ACGACCCTTATGTCGGAATT,0,2483406
mhpRp2,0.1,9,9,ACGACCACTGTAGCAATTGC,0,2543654
mhpRp2,0.1,9,9,ACGAACTGGGTCCAGCTTGG,0,2496152
mhpRp2,0.1,9,9,ACGAAACAAAAGCGCCAGGG,0,2507565
mhpRp2,0.1,9,9,ACCTCGGGGTAAATTCAGAT,0,2514368
mhpRp2,0.1,9,9,ACCTATATTTCCGTCCAAGA,0,2503158
mhpRp2,0.1,9,9,ACCGTATATTGCGTATACCC,0,2524151
mhpRp2,0.1,9,9,ACCGGCATATGAGGGGAACA,0,2517866
mhpRp2,0.1,9,9,ACCGACATTAGATCCGTTTT,0,2511173
mhpRp2,0.1,9,9,ACCCTCTGGCCGCAAGTTAC,0,2527731
mhpRp2,0.1,9,9,ACCCTAATCCGGGGACGGTC,0,2491590
mhpRp2,0.1,9,9,ACCCGATTCGCGACCTGCTC,0,2482549
mhpRp2,0.1,9,9,ACCCCCCTAGCTCCTGCGAA,0,2545694
mhpRp2,0.1,9,9,ACCAGCCCGCCCAGTAAGCA,0,2513338
mhpRp2,0.1,9,9,ACATTCGATTGATAAATTAC,0,2510009
mhpRp2,0.1,9,9,ACATGTATCAAACATGCGTA,0,2480014
mhpRp2,0.1,9,9,ACATGGAAGTGCTAAAACTT,0,2513924
mhpRp2,0.1,9,9,ACATGCTATTTAAAGTTACC,0,2502386
mhpRp2,0.1,9,9,ACATGAGCTGGCAGAACTTT,0,2489353
mhpRp2,0.1,9,9,ACATCTACTTACGGGCATTC,0,2490976
mhpRp2,0.1,9,9,ACATAGACGTGCCGTTAGGT,0,2531950
mhpRp2,0.1,9,9,ACAGGCTCTCCTTTCAGGGA,0,2517872
mhpRp2,0.1,9,9,ACACTACAGTCTCAAACGGT,0,2528225
mhpRp2,0.1,9,9,ACACGCGGGTCTATCAGAGT,0,2527903
mhpRp2,0.1,9,9,ACACGCGAACAGTTCGTTCT,0,2513068
mhpRp2,0.1,9,9,ACACCGGGATTCGCTTCTCG,0,2504559
mhpRp2,0.1,9,9,ACAATGCTTCGTAGCCTCCC,0,2495941
mhpRp2,0.1,9,9,ACAAGTTTTACTGATGACAC,0,2494043
mhpRp2,0.1,9,9,ACAAGCATCGTATACTCACT,0,2505446
mhpRp2,0.1,9,9,ACAACCTCTCCGGTGATCTT,0,2529917
mhpRp2,0.1,9,9,ACAAAGAGGGGGGAACCTTC,0,2506663
mhpRp2,0.1,9,9,AATTTTACGTCCTCGTTTCT,0,2504723
mhpRp2,0.1,9,9,AATTTAGACGGCTCTAGGCA,0,2543686
mhpRp2,0.1,9,9,AATTGCAAGGGATGGTCATA,0,2479719
mhpRp2,0.1,9,9,AATTGAAACCATCGGTCTTG,0,2496807
mhpRp2,0.1,9,9,AATTACGTTTATAACTTAGA,0,2495853
mhpRp2,0.1,9,9,AATGTTGCGGGCGTGCTAAA,0,2531689
mhpRp2,0.1,9,9,AATGTCGGCCCGCGTGTCGT,0,2485020
mhpRp2,0.1,9,9,AATGGAGCGATTTCTCATTA,0,2542969
mhpRp2,0.1,9,9,AATGCTATTTCCAAATAAGT,0,2525964
mhpRp2,0.1,9,9,AATGCGGCTGTCGAGTAAAG,0,2541505
mhpRp2,0.1,9,9,AATGCGCGTGAATCCGAATG,0,2539786
mhpRp2,0.1,9,9,AATGCCACGCACACGGCAAC,0,2492018
mhpRp2,0.1,9,9,AATGAGCAACCGGAGAATTT,0,2502982
mhpRp2,0.1,9,9,AATGAACTCAGGCGGCGTCC,0,2503428
mhpRp2,0.1,9,9,AATCCTATTTCCAGTAGGAG,0,2519983
mhpRp2,0.1,9,9,AATCATGTGGCGCAGTTCAA,0,2498445
mhpRp2,0.1,9,9,AATCAGAATTCGCAAATGAA,0,2516151
mhpRp2,0.1,9,9,AATAACCCAATACTCAAATG,0,2486216
mhpRp2,0.1,9,9,AAGTTTTTTGAGGGGGGAAC,0,2500989
mhpRp2,0.1,9,9,AAGGTTACCATAGAGGCGGG,0,2524021
mhpRp2,0.1,9,9,AAGGCTATACGTGTGGCGAT,0,2520467
mhpRp2,0.1,9,9,AAGGAAGCGAGCATTCCTCC,0,2491102
mhpRp2,0.1,9,9,AAGCTGACACATTTTAGTCC,0,2515931
mhpRp2,0.1,9,9,AAGCGTGCCCCCACTGTATT,0,2494147
mhpRp2,0.1,9,9,AAGCGTCCCGGCGGTGCCGT,0,2515818
mhpRp2,0.1,9,9,AAGCAGGCCCGTGATGCGAG,0,2491835
mhpRp2,0.1,9,9,AAGCAACCCACTTAGTATCA,0,2506950
mhpRp2,0.1,9,9,AAGATCCCAAGGAGTCTCGA,0,2522804
mhpRp2,0.1,9,9,AAGAGCGACCCAGAGTGCGG,0,2518594
mhpRp2,0.1,9,9,AAGAAGATTAACCATAACCT,0,2512956
mhpRp2,0.1,9,9,AACTGCTGGGCCGGGTAGCT,0,2491939
mhpRp2,0.1,9,9,AACTAATAGGCGCCGATGAT,0,2495691
mhpRp2,0.1,9,9,AACGGGCATGTCACCCTGTA,0,2536330
mhpRp2,0.1,9,9,AACGGGCATAGCGATCCGAG,0,2488686
mhpRp2,0.1,9,9,AACGGCTTCCTGCGGTGATT,0,2538913
mhpRp2,0.1,9,9,AACGGAAGTCTTTGGTTCGA,0,2531346
mhpRp2,0.1,9,9,AACGCCTTTTGGCTAAATGA,0,2516856
mhpRp2,0.1,9,9,AACCTTGATCTAGAATTAGG,0,2521308
mhpRp2,0.1,9,9,AACCTGATGGAGCTTAGTTT,0,2528445
mhpRp2,0.1,9,9,AACCGGTTACGGTCCGAAAT,0,2512130
mhpRp2,0.1,9,9,AACCCGGAGGGGTGTTAGTC,0,2496849
mhpRp2,0.1,9,9,AACATTAGACCTGCCCTCCT,0,2545096
mhpRp2,0.1,9,9,AACAGGCACAAGTGGTCATC,0,2485767
mhpRp2,0.1,9,9,AACACCTCCTACCGTTACCT,0,2507044
mhpRp2,0.1,9,9,AAATCCAAACTGTCTTACTG,0,2506860
mhpRp2,0.1,9,9,AAATAGGCTGGATTCGAGAT,0,2522623
mhpRp2,0.1,9,9,AAAGTTATTCAACCCGTTCA,0,2489290
mhpRp2,0.1,9,9,AAAGAAGGGGAGCACAGAAT,0,2515584
mhpRp2,0.1,9,9,AAACGTTATATGTTCCGCAA,0,2502830
mhpRp2,0.1,9,9,AAACGGATTGGAGATTAACT,0,2538149
mhpRp2,0.1,9,9,AAACGATGGGGGTGTAATGT,0,2526201
mhpRp2,0.1,9,9,AAACCGTAGCTTCGATTTTA,0,2494265
mhpRp2,0.1,9,9,AAACATGCGTCGTACCTTAC,0,2493876
mhpRp2,0.1,9,9,AAACAGATCAAGATTATAGA,0,2540610
mhpRp2,0.1,9,9,AAAATGTCAGGACACCGATG,0,2527278
mhpRp2,0.1,9,9,AAAACTGAGATTTGGTCTAA,0,2494743
mhpRp2,0.1,9,9,AAAACGGCACCTGTGGGGAA,0,2521584
mhpRp2,0.1,9,9,AAAAAGTTCGTTATGGTAAT,0,2493802
mhpRp2,0.1111111111111111,8,8,TTTTTGACTGGCGGACCGAG,0,2526060
mhpRp2,0.1111111111111111,8,8,TTTTGTCGTCAATGAGTATT,0,2501361
mhpRp2,0.1111111111111111,8,8,TTTTATAGTGTACGTGTGTA,0,2490527
mhpRp2,0.1111111111111111,8,8,TTTTAGGTGCTATCCCAGAG,0,2484409
mhpRp2,0.1111111111111111,8,8,TTTGCTGCCCGTAAACAAAT,0,2529825
mhpRp2,0.1111111111111111,8,8,TTTGCGCTAGTCACGAGCAG,0,2526425
mhpRp2,0.1111111111111111,8,8,TTTGCACGATTTTGAGCGAA,0,2485788
mhpRp2,0.1111111111111111,8,8,TTTCTCAGGACACACGTGGA,0,2486519
mhpRp2,0.1111111111111111,8,8,TTTCCTCTGACGTCCAGCTG,0,2487969
mhpRp2,0.1111111111111111,8,8,TTTCAGCCTTTTAATGCCTT,0,2487542
mhpRp2,0.1111111111111111,8,8,TTTCAACTATCGCTACCAGG,0,2507750
mhpRp2,0.1111111111111111,8,8,TTTATACCACGCTTTCGAAG,0,2523878
mhpRp2,0.1111111111111111,8,8,TTTACGGAAGTCGTAAGGGA,0,2530687
mhpRp2,0.1111111111111111,8,8,TTTACCTATCCCGAAGTATG,0,2531592
mhpRp2,0.1111111111111111,8,8,TTTAAGTTTGGATTACGTCT,0,2508081
mhpRp2,0.1111111111111111,8,8,TTGTTGTCACCTTCATTCAG,0,2504508
mhpRp2,0.1111111111111111,8,8,TTGTCTAAACGAATTCGCGC,0,2527328
mhpRp2,0.1111111111111111,8,8,TTGTAATTTACCCACCATTG,0,2496796
mhpRp2,0.1111111111111111,8,8,TTGTAAATCAATGCGCACTT,0,2540623
mhpRp2,0.1111111111111111,8,8,TTGGTCAAAGCAGTTATCTA,0,2517476
mhpRp2,0.1111111111111111,8,8,TTGGGTCCGTTTTGGGGGCA,0,2496463
mhpRp2,0.1111111111111111,8,8,TTGGCCCCAGTGACGGCAGC,0,2505000
mhpRp2,0.1111111111111111,8,8,TTGGCCCAGATAATGTCTCC,0,2517295
mhpRp2,0.1111111111111111,8,8,TTGGATCCCGGTCTCAGCGA,0,2530511
mhpRp2,0.1111111111111111,8,8,TTGGAACTTTTTGGTAGAGA,0,2514722
mhpRp2,0.1111111111111111,8,8,TTGCACTGTGAGCTTCAACA,0,2495107
mhpRp2,0.1111111111111111,8,8,TTGATTCCGGGGGCCTGAAA,0,2482408
mhpRp2,0.1111111111111111,8,8,TTGATGGAGTCTTGCAATAC,0,2502556
mhpRp2,0.1111111111111111,8,8,TTGACAACGAAAGCATGTTG,0,2520401
mhpRp2,0.1111111111111111,8,8,TTGAAATAGGAAGCACGCGT,0,2491242
mhpRp2,0.1111111111111111,8,8,TTCTGCTCAGGGGGACAGTC,0,2536121
mhpRp2,0.1111111111111111,8,8,TTCTCGGTCATGGATAATAT,0,2505758
mhpRp2,0.1111111111111111,8,8,TTCTCAGGTCTAGATCCGTA,0,2543773
mhpRp2,0.1111111111111111,8,8,TTCTCACGTTTGTAAATCCG,0,2516400
mhpRp2,0.1111111111111111,8,8,TTCTAGCCTTAATGCGAACT,0,2541628
mhpRp2,0.1111111111111111,8,8,TTCGTGCCCTTGACGGTCGT,0,2499116
mhpRp2,0.1111111111111111,8,8,TTCGCGTCTAGTATTCGGCC,0,2504429
mhpRp2,0.1111111111111111,8,8,TTCCTAACATACGTGGATGG,0,2544878
mhpRp2,0.1111111111111111,8,8,TTCCGCCCAAAACAGCACGT,0,2538201
mhpRp2,0.1111111111111111,8,8,TTCCCAGAAGGTTCCTATCA,0,2508963
mhpRp2,0.1111111111111111,8,8,TTCATGGGTGTATATCTCAG,0,2531718
mhpRp2,0.1111111111111111,8,8,TTCATGCGGTGTCTACCCAC,0,2512431
mhpRp2,0.1111111111111111,8,8,TTCATAGCTATCGTGGGAGG,0,2494243
mhpRp2,0.1111111111111111,8,8,TTCAGAGCCCGGCCGGGGTC,0,2504565
mhpRp2,0.1111111111111111,8,8,TTCACTTCTAGTAGAAGACT,0,2522174
mhpRp2,0.1111111111111111,8,8,TTCACCTTAAAGTGTTGACG,0,2491358
mhpRp2,0.1111111111111111,8,8,TTCAAGAGTACCAGTTCGAC,0,2517702
mhpRp2,0.1111111111111111,8,8,TTATTCAGCCTGCTTTAACC,0,2486662
mhpRp2,0.1111111111111111,8,8,TTATTACTTGCAATTATCCT,0,2483904
mhpRp2,0.1111111111111111,8,8,TTATGATGCGCGGACTGTCA,0,2491370
mhpRp2,0.1111111111111111,8,8,TTATACACGACATATAAGGG,0,2501218
mhpRp2,0.1111111111111111,8,8,TTAGTTCAAAAGGTTATACG,0,2534749
mhpRp2,0.1111111111111111,8,8,TTAGCCTGAATCGACGGGAT,0,2515690
mhpRp2,0.1111111111111111,8,8,TTACCGTTTCAAAAGCCGTA,0,2544958
mhpRp2,0.1111111111111111,8,8,TTACCGGGTTTATTTCACGG,0,2511380
mhpRp2,0.1111111111111111,8,8,TTAAATTACGGCAAAGCCTT,0,2487249
mhpRp2,0.1111111111111111,8,8,TGTTTAGCTATTCGCAAGGG,0,2518689
mhpRp2,0.1111111111111111,8,8,TGTTGCCATCCAGCAGCCTA,0,2519663
mhpRp2,0.1111111111111111,8,8,TGTTCTCTGTTGACGATCTG,0,2527965
mhpRp2,0.1111111111111111,8,8,TGTTAGGGTGCCCAATCTCC,0,2490705
mhpRp2,0.1111111111111111,8,8,TGTGGTCAAGACTATCGAAA,0,2527740
mhpRp2,0.1111111111111111,8,8,TGTGCTCATATCTGACCATT,0,2485572
mhpRp2,0.1111111111111111,8,8,TGTGCAGCCAGTAAAAAAAA,0,2496529
mhpRp2,0.1111111111111111,8,8,TGTCTGATCTAAAATATTGG,0,2487374
mhpRp2,0.1111111111111111,8,8,TGTCTGATAGAGACGTACAT,0,2509207
mhpRp2,0.1111111111111111,8,8,TGTCCAGAGGGTGCACCCTA,0,2513055
mhpRp2,0.1111111111111111,8,8,TGTCAAGACTTCCAGTTCTT,0,2506362
mhpRp2,0.1111111111111111,8,8,TGTATTTGCTGATCTGACGT,0,2511054
mhpRp2,0.1111111111111111,8,8,TGTAGGGTCCTCCTTAAACG,0,2492593
mhpRp2,0.1111111111111111,8,8,TGTAGCAGGCACTCGAGAGA,0,2540294
mhpRp2,0.1111111111111111,8,8,TGGTTTTTTGGGTAGTGCAT,0,2491976
mhpRp2,0.1111111111111111,8,8,TGGTGGAGTCCGATAGGAAC,0,2531647
mhpRp2,0.1111111111111111,8,8,TGGTGCAGTGATGCATGGAT,0,2515622
mhpRp2,0.1111111111111111,8,8,TGGTAGTAATTGTAGTCGGA,0,2486366
mhpRp2,0.1111111111111111,8,8,TGGTAGCTGATAATAAATCT,0,2538142
mhpRp2,0.1111111111111111,8,8,TGGGGGTATGGCGCTAGCAA,0,2514253
mhpRp2,0.1111111111111111,8,8,TGGGGGCGTCGGCCAAGGTT,0,2544459
mhpRp2,0.1111111111111111,8,8,TGGGCTCGATCCAACAGGGG,0,2523029
mhpRp2,0.1111111111111111,8,8,TGGGACATATCGCGACATGC,0,2544414
mhpRp2,0.1111111111111111,8,8,TGGCTAAGATGAGGCGGGGT,0,2545626
mhpRp2,0.1111111111111111,8,8,TGGCATCGAGGCTGCGTACC,0,2520452
mhpRp2,0.1111111111111111,8,8,TGGCACTAATATGTGGTGAT,0,2532593
mhpRp2,0.1111111111111111,8,8,TGGCAAGTATGCAGAGTTAG,0,2486415
mhpRp2,0.1111111111111111,8,8,TGGATTAGGGTAGGCTGTAC,0,2511161
mhpRp2,0.1111111111111111,8,8,TGCTCGGGCTACGGATTAAG,0,2520190
mhpRp2,0.1111111111111111,8,8,TGCTCGAGTCAAGCGTTCCA,0,2480410
mhpRp2,0.1111111111111111,8,8,TGCGTGCGTGTCCTGATATT,0,2513714
mhpRp2,0.1111111111111111,8,8,TGCGCTCCCTCGACTTTTCA,0,2517109
mhpRp2,0.1111111111111111,8,8,TGCCGCACAGTACTTAACTT,0,2534094
mhpRp2,0.1111111111111111,8,8,TGCAGAGTCGTCTCCTGATT,0,2516365
mhpRp2,0.1111111111111111,8,8,TGCACTTGCGTAATTTGGCA,0,2520235
mhpRp2,0.1111111111111111,8,8,TGCAACGTTCCGGGCGGTAG,0,2513794
mhpRp2,0.1111111111111111,8,8,TGCAACCCGACACGCTAATT,0,2527756
mhpRp2,0.1111111111111111,8,8,TGATCGGCACCCGTGGCGAT,0,2524912
mhpRp2,0.1111111111111111,8,8,TGATATCATGACCGTAAGTT,0,2496615
mhpRp2,0.1111111111111111,8,8,TGATAATTATAGATTGTGTA,0,2523751
mhpRp2,0.1111111111111111,8,8,TGATAAGTCGCATGGATGAG,0,2511771
mhpRp2,0.1111111111111111,8,8,TGAGGTCACCCTTTAGTTTT,0,2508240
mhpRp2,0.1111111111111111,8,8,TGAGAGACCATGGACAGACT,0,2538820
mhpRp2,0.1111111111111111,8,8,TGAGACCTGTGTACGCGAAG,0,2487281
mhpRp2,0.1111111111111111,8,8,TGACGGCAAATCGTCCGGAG,0,2516612
mhpRp2,0.1111111111111111,8,8,TGACATCCGGCGGTCGTAGG,0,2539372
mhpRp2,0.1111111111111111,8,8,TGACACACAGTAACGGGCGG,0,2491013
mhpRp2,0.1111111111111111,8,8,TGAAATTCACCTTAAGATGA,0,2482815
mhpRp2,0.1111111111111111,8,8,TCTTTTCTTGTTTCATGCCT,0,2529709
mhpRp2,0.1111111111111111,8,8,TCTTGATTTCCCGCTCATTG,0,2515618
mhpRp2,0.1111111111111111,8,8,TCTTCCCCGCTCAGCACGGG,0,2527680
mhpRp2,0.1111111111111111,8,8,TCTGAGCATGAATAACAGAT,0,2504472
mhpRp2,0.1111111111111111,8,8,TCTCGCGTGGGGGTCAAGGA,0,2483414
mhpRp2,0.1111111111111111,8,8,TCTCCGACAAGTAGATCGAT,0,2539524
mhpRp2,0.1111111111111111,8,8,TCTCCATCATACGCGGCAAG,0,2519696
mhpRp2,0.1111111111111111,8,8,TCTCCAAAGTTTCATTTACC,0,2503592
mhpRp2,0.1111111111111111,8,8,TCTCAGGATTGCACTCTTCG,0,2540181
mhpRp2,0.1111111111111111,8,8,TCTATATTGTGCTGCAGCCT,0,2516099
mhpRp2,0.1111111111111111,8,8,TCTATAACTAATTAGCCGGG,0,2528777
mhpRp2,0.1111111111111111,8,8,TCTAGGAAACCTTGTCCATA,0,2493120
mhpRp2,0.1111111111111111,8,8,TCGTTTATGACCCAGCACGT,0,2522703
mhpRp2,0.1111111111111111,8,8,TCGTCTTGTTGGTCGGGTTC,0,2487433
mhpRp2,0.1111111111111111,8,8,TCGGTTCTGAGAATCCAAGA,0,2509960
mhpRp2,0.1111111111111111,8,8,TCGGTATAACCCCAAAGTGA,0,2500028
mhpRp2,0.1111111111111111,8,8,TCGGGTTTCGGGTCAAATCT,0,2539989
mhpRp2,0.1111111111111111,8,8,TCGGCGTCGGCAAACATGGG,0,2515792
mhpRp2,0.1111111111111111,8,8,TCGGACATACGGACTATCAT,0,2497153
mhpRp2,0.1111111111111111,8,8,TCGCTGATGCGGGGAGTTAT,0,2520307
mhpRp2,0.1111111111111111,8,8,TCGCGTCCTCAGAGGGGGTA,0,2517974
mhpRp2,0.1111111111111111,8,8,TCGCAGTGCATATCGTATGT,0,2493294
mhpRp2,0.1111111111111111,8,8,TCGAACTTAGGCTTACACTA,0,2496845
mhpRp2,0.1111111111111111,8,8,TCGAACAACTCTACAGGGGG,0,2536263
mhpRp2,0.1111111111111111,8,8,TCCTTTGGTTATTCATCTGT,0,2497880
mhpRp2,0.1111111111111111,8,8,TCCTGTCTATGGCGAGATAT,0,2525725
mhpRp2,0.1111111111111111,8,8,TCCTGGCACGGACTCCTCCG,0,2511777
mhpRp2,0.1111111111111111,8,8,TCCTGACCGACCTGTGTATG,0,2513522
mhpRp2,0.1111111111111111,8,8,TCCTGAAGTGCTTCCTTAAG,0,2488885
mhpRp2,0.1111111111111111,8,8,TCCTAGCGCTCATGTCCGCA,0,2525502
mhpRp2,0.1111111111111111,8,8,TCCTAAATATTGCATATGTC,0,2489629
mhpRp2,0.1111111111111111,8,8,TCCGTAGATTATGCTGTTAG,0,2535941
mhpRp2,0.1111111111111111,8,8,TCCGTAGATGATAGCATTCA,0,2520171
mhpRp2,0.1111111111111111,8,8,TCCGCTTGTTTGACGACGCT,0,2494433
mhpRp2,0.1111111111111111,8,8,TCCGCCGAATTGGCGCGCCC,0,2510799
mhpRp2,0.1111111111111111,8,8,TCCGCCACCTACTTACGTGT,0,2544199
mhpRp2,0.1111111111111111,8,8,TCCGCAGAACGGCTGTACCA,0,2534688
mhpRp2,0.1111111111111111,8,8,TCCGATTGAAACCAAAGCCG,0,2503394
mhpRp2,0.1111111111111111,8,8,TCCCCTCCAGCCGTGAGTAT,0,2522401
mhpRp2,0.1111111111111111,8,8,TCCATTTAGCTTCGAATCGG,0,2524095
mhpRp2,0.1111111111111111,8,8,TCCATTACCCCCTGGAGACC,0,2514550
mhpRp2,0.1111111111111111,8,8,TCCACCTTGCCGGAAGCCGA,0,2480924
mhpRp2,0.1111111111111111,8,8,TCCACATGAAGGCCACCAGA,0,2505932
mhpRp2,0.1111111111111111,8,8,TCCAAAACAATCCCCGGCGA,0,2533458
mhpRp2,0.1111111111111111,8,8,TCATTCTAGAACAGCAGGCC,0,2482367
mhpRp2,0.1111111111111111,8,8,TCATTCGGCCCAAATCAGCA,0,2504197
mhpRp2,0.1111111111111111,8,8,TCATGACCATAATACACTAG,0,2481785
mhpRp2,0.1111111111111111,8,8,TCAGTTCATAACATGTTCCA,0,2515125
mhpRp2,0.1111111111111111,8,8,TCAGTTAAGCCTCAATAACT,0,2536287
mhpRp2,0.1111111111111111,8,8,TCAGTATCCGTCGGGGCTAG,0,2490385
mhpRp2,0.1111111111111111,8,8,TCAGACAGACGTGCTGGTTG,0,2494031
mhpRp2,0.1111111111111111,8,8,TCACGTTAAAAGAATTTGAT,0,2520361
mhpRp2,0.1111111111111111,8,8,TCACGATGGGTTATGCTAGA,0,2499109
mhpRp2,0.1111111111111111,8,8,TCACGACGTACTTCCGGACA,0,2528176
mhpRp2,0.1111111111111111,8,8,TCACCTAGCATGGCGGGGAC,0,2501677
mhpRp2,0.1111111111111111,8,8,TCAATTCAGCAATTTTTAGG,0,2530693
mhpRp2,0.1111111111111111,8,8,TCAATTAAGGGTTACTACGT,0,2484116
mhpRp2,0.1111111111111111,8,8,TATTGTGAATCATCCAGCGT,0,2535033
mhpRp2,0.1111111111111111,8,8,TATTGCTCAGCCAGCGGATA,0,2497289
mhpRp2,0.1111111111111111,8,8,TATTAGTGTCACATTTGGTT,0,2517557
mhpRp2,0.1111111111111111,8,8,TATTACACTGTCCGGTACCA,0,2525992
mhpRp2,0.1111111111111111,8,8,TATCGTGTCCTATGTATCTC,0,2529225
mhpRp2,0.1111111111111111,8,8,TATCGAACGAGCGGGGTAGG,0,2521964
mhpRp2,0.1111111111111111,8,8,TATCCGTTGAAAATGTTGGA,0,2524429
mhpRp2,0.1111111111111111,8,8,TATCATCTGGCCAAATATCA,0,2501952
mhpRp2,0.1111111111111111,8,8,TATAGTTTCAGGGGAATCAG,0,2518934
mhpRp2,0.1111111111111111,8,8,TAGGTCAAACTTACTTCAGC,0,2511371
mhpRp2,0.1111111111111111,8,8,TAGGGTCAGGTCACTAGGAT,0,2535967
mhpRp2,0.1111111111111111,8,8,TAGGCGCGCTCGGTGAAATA,0,2505688
mhpRp2,0.1111111111111111,8,8,TAGGCCTTGCATCTGTTAAG,0,2514328
mhpRp2,0.1111111111111111,8,8,TAGGCATTCTCAGACCCGCT,0,2536418
mhpRp2,0.1111111111111111,8,8,TAGGAGAGAGTCCGTGCAGC,0,2543134
mhpRp2,0.1111111111111111,8,8,TAGCTTCCTATACACGTGAC,0,2502699
mhpRp2,0.1111111111111111,8,8,TAGCTAAATTTTGACGCATA,0,2528456
mhpRp2,0.1111111111111111,8,8,TAGCGTCTATTCGTGGCGGC,0,2507736
mhpRp2,0.1111111111111111,8,8,TAGCGGCGGGAGAGCGGATC,0,2521361
mhpRp2,0.1111111111111111,8,8,TAGCGGCAAGACGGGCTCGA,0,2539360
mhpRp2,0.1111111111111111,8,8,TAGAGTCAAGGTGCTATGGT,0,2518244
mhpRp2,0.1111111111111111,8,8,TAGACCCACCGGTAAATTAA,0,2484110
mhpRp2,0.1111111111111111,8,8,TAGACATACAGTTCAGTGGT,0,2498891
mhpRp2,0.1111111111111111,8,8,TAGAATGTCCCTATCACACA,0,2514778
mhpRp2,0.1111111111111111,8,8,TACTGGGGTCTAGCAAAGGA,0,2509832
mhpRp2,0.1111111111111111,8,8,TACTGATTAATTAGGGACCC,0,2541322
mhpRp2,0.1111111111111111,8,8,TACTACGATGTACAAATCTG,0,2528857
mhpRp2,0.1111111111111111,8,8,TACGTCTCTGGTAATTGCGA,0,2483561
mhpRp2,0.1111111111111111,8,8,TACGGCTGGACTTAAATAAA,0,2531353
mhpRp2,0.1111111111111111,8,8,TACGGCATAACGGTGTTTTG,0,2517460
mhpRp2,0.1111111111111111,8,8,TACGGATGGTCTGGTTTGCT,0,2543909
mhpRp2,0.1111111111111111,8,8,TACGAGAGACTATTCGTCCG,0,2537435
mhpRp2,0.1111111111111111,8,8,TACCGTAATCTGCGCCACTG,0,2481954
mhpRp2,0.1111111111111111,8,8,TACCGGGACTACGTCTAGTA,0,2526347
mhpRp2,0.1111111111111111,8,8,TACCGATCGGGCAACCACAG,0,2512430
mhpRp2,0.1111111111111111,8,8,TACCAGCCGGGCGGAAGCAA,0,2511879
mhpRp2,0.1111111111111111,8,8,TACATAGGTAACAAGCCACT,0,2534759
mhpRp2,0.1111111111111111,8,8,TACAAAACTTAAGAGGCTTC,0,2535642
mhpRp2,0.1111111111111111,8,8,TAATTCTGCTATATTATTGT,0,2511176
mhpRp2,0.1111111111111111,8,8,TAATTCAAGGCGAGTTTTTT,0,2485831
mhpRp2,0.1111111111111111,8,8,TAATGAAGTGTTGTGGGCTA,0,2545800
mhpRp2,0.1111111111111111,8,8,TAATATAAGCAGGAGTAAAT,0,2538150
mhpRp2,0.1111111111111111,8,8,TAATAGCCGGGACTATCGTG,0,2514818
mhpRp2,0.1111111111111111,8,8,TAAGTGATACGGCGACATGG,0,2495171
mhpRp2,0.1111111111111111,8,8,TAAGTAGCGGAGGTACTAGA,0,2531062
mhpRp2,0.1111111111111111,8,8,TAAGGAACGGAATAGGCCCT,0,2523637
mhpRp2,0.1111111111111111,8,8,TAAGAGATCCAGAGCACGCT,0,2505415
mhpRp2,0.1111111111111111,8,8,TAACTTAGAAGTGGATTGAG,0,2522121
mhpRp2,0.1111111111111111,8,8,TAACTGGTCATAAGGTAAAG,0,2514382
mhpRp2,0.1111111111111111,8,8,TAACGCCCCCTCGGAAGCTG,0,2505035
mhpRp2,0.1111111111111111,8,8,TAACGCATGGTAACGTAAGT,0,2516095
mhpRp2,0.1111111111111111,8,8,TAACCTCATATCACGTGGTT,0,2539792
mhpRp2,0.1111111111111111,8,8,TAAATTGATATGAAGCAGCC,0,2537400
mhpRp2,0.1111111111111111,8,8,TAAAGGCCAACCTCGTTGTC,0,2499218
mhpRp2,0.1111111111111111,8,8,GTTTCTGTGATAGCTTTGTT,0,2480310
mhpRp2,0.1111111111111111,8,8,GTTTCGGTCGCAGGAGGTGT,0,2507102
mhpRp2,0.1111111111111111,8,8,GTTTCGAGCCTGGTTCCCAG,0,2506789
mhpRp2,0.1111111111111111,8,8,GTTGGTTCTATCAAGTTTTA,0,2487863
mhpRp2,0.1111111111111111,8,8,GTTGGGGGGTCCGCTTGCGG,0,2526356
mhpRp2,0.1111111111111111,8,8,GTTGCGGTGGCAGGAGACGT,0,2531456
mhpRp2,0.1111111111111111,8,8,GTTGCGAACAGGGACCATCC,0,2489066
mhpRp2,0.1111111111111111,8,8,GTTGCAGAGCGTAGCCCGTG,0,2510501
mhpRp2,0.1111111111111111,8,8,GTTGACTCGCGGTCCCTGTG,0,2531824
mhpRp2,0.1111111111111111,8,8,GTTCTTCGAGTTGGCTTCGA,0,2487891
mhpRp2,0.1111111111111111,8,8,GTTCGCGCGAATTCGATGGA,0,2513026
mhpRp2,0.1111111111111111,8,8,GTTCGAGGAGCCTGTGAATG,0,2520956
mhpRp2,0.1111111111111111,8,8,GTTATTGTATTGTCTGGTCG,0,2490436
mhpRp2,0.1111111111111111,8,8,GTTATATGCCTCCCCGCCGG,0,2529007
mhpRp2,0.1111111111111111,8,8,GTTAGTAAGCGCACGGAGAA,0,2486933
mhpRp2,0.1111111111111111,8,8,GTTAGGTGGGAATCCACCCC,0,2516934
mhpRp2,0.1111111111111111,8,8,GTTAGCGCAGAGAATCAGTA,0,2480726
mhpRp2,0.1111111111111111,8,8,GTTACCCCTTGCAGCACGAA,0,2534175
mhpRp2,0.1111111111111111,8,8,GTTAAGCCGTAATCTGTTAT,0,2515298
mhpRp2,0.1111111111111111,8,8,GTTAAATCTGGACGCAAGGG,0,2494533
mhpRp2,0.1111111111111111,8,8,GTGTGTGCCAGGGACAAGGA,0,2524081
mhpRp2,0.1111111111111111,8,8,GTGTATCACTCTCCCCCAAT,0,2532272
mhpRp2,0.1111111111111111,8,8,GTGTAGAGTTGAACTGTAGA,0,2524710
mhpRp2,0.1111111111111111,8,8,GTGGGCTTTCCTATAGGTGC,0,2489622
mhpRp2,0.1111111111111111,8,8,GTGGGCTCATCAATGAACGT,0,2525148
mhpRp2,0.1111111111111111,8,8,GTGGGCCGGTCCCACAAGAT,0,2542007
mhpRp2,0.1111111111111111,8,8,GTGGGCAGTTGCCGCCGCAA,0,2503040
mhpRp2,0.1111111111111111,8,8,GTGGCCGGCGCCTAAGCATA,0,2505051
mhpRp2,0.1111111111111111,8,8,GTGCGATACTAACTATATAT,0,2523101
mhpRp2,0.1111111111111111,8,8,GTGCAGCACCCCCGGTTGGT,0,2493023
mhpRp2,0.1111111111111111,8,8,GTGCAATACGGATCGATTGT,0,2525777
mhpRp2,0.1111111111111111,8,8,GTCCTTGGCGTTGTACTCCA,0,2498114
mhpRp2,0.1111111111111111,8,8,GTCCGATTTTACTCCATAAG,0,2507068
mhpRp2,0.1111111111111111,8,8,GTCCATTCAGGAGCACATAG,0,2501285
mhpRp2,0.1111111111111111,8,8,GTCCAGCCTTTTTAAACCGT,0,2481073
mhpRp2,0.1111111111111111,8,8,GTCCAGAAGGAGAGACTTAC,0,2525653
mhpRp2,0.1111111111111111,8,8,GTCCAAGTCACGCGTCACCA,0,2488755
mhpRp2,0.1111111111111111,8,8,GTATTGTCAGATCCACATCG,0,2503180
mhpRp2,0.1111111111111111,8,8,GTATTACTTTACTCCGGCAA,0,2491521
mhpRp2,0.1111111111111111,8,8,GTATGAGGACAGTAAGGTTT,0,2514683
mhpRp2,0.1111111111111111,8,8,GTATCGAACCCTCTCTTCAT,0,2489705
mhpRp2,0.1111111111111111,8,8,GTAGACGCATATATGTCACT,0,2540452
mhpRp2,0.1111111111111111,8,8,GTACGTGTACGGAAGGTTAG,0,2527085
mhpRp2,0.1111111111111111,8,8,GTACGAACTGGAGTACCACA,0,2507530
mhpRp2,0.1111111111111111,8,8,GTAATTGTTTTCTTTCAACT,0,2542166
mhpRp2,0.1111111111111111,8,8,GTAATTGGTGAGCCTCGAGG,0,2511464
mhpRp2,0.1111111111111111,8,8,GTAATATCGTTGCGTTGATT,0,2480485
mhpRp2,0.1111111111111111,8,8,GTAACCAGGCTCTCTGGTAC,0,2543613
mhpRp2,0.1111111111111111,8,8,GTAAACCTCTCGGATGGTAT,0,2508170
mhpRp2,0.1111111111111111,8,8,GGTTGTCTACTATAAGGAAC,0,2542985
mhpRp2,0.1111111111111111,8,8,GGTTGTAACTACATTGTTTC,0,2500366
mhpRp2,0.1111111111111111,8,8,GGTTGGCACGTGATGCAATC,0,2506531
mhpRp2,0.1111111111111111,8,8,GGTTCTTAGAGCCTAATTTC,0,2505137
mhpRp2,0.1111111111111111,8,8,GGTTCCAGCTGTTACGCTGA,0,2484411
mhpRp2,0.1111111111111111,8,8,GGTGTGCGCAATGCCGAAGG,0,2523017
mhpRp2,0.1111111111111111,8,8,GGTGTGAGTCAAACCGATTG,0,2499056
mhpRp2,0.1111111111111111,8,8,GGTGTATCACGGGTCTCCTA,0,2501080
mhpRp2,0.1111111111111111,8,8,GGTGGTCTGCGATCGGAGCG,0,2499924
mhpRp2,0.1111111111111111,8,8,GGTGGTACTACCCTATCCTT,0,2515764
mhpRp2,0.1111111111111111,8,8,GGTGGATCACGGCGGAAACG,0,2535772
mhpRp2,0.1111111111111111,8,8,GGTGAGATTTTGGCTCGGGG,0,2516793
mhpRp2,0.1111111111111111,8,8,GGTGACTACAGGCTCGGAAT,0,2511430
mhpRp2,0.1111111111111111,8,8,GGTCTTCAAATCGTTGTGAC,0,2510004
mhpRp2,0.1111111111111111,8,8,GGTCTTAAGCAGCCTCGTAC,0,2511866
mhpRp2,0.1111111111111111,8,8,GGTCTCCTTTCTAGAGTTTT,0,2530961
mhpRp2,0.1111111111111111,8,8,GGTCGTATTGTTCAGACAAA,0,2492982
mhpRp2,0.1111111111111111,8,8,GGTCGAACGGGCTTGGATCC,0,2520412
mhpRp2,0.1111111111111111,8,8,GGTATCGCAATTATTCCAGT,0,2479712
mhpRp2,0.1111111111111111,8,8,GGTATATTTGTTCCGGCAGG,0,2512622
mhpRp2,0.1111111111111111,8,8,GGTAGTCCTGTTAATACGTG,0,2487143
mhpRp2,0.1111111111111111,8,8,GGTAGCGTGAACGAGCTTAC,0,2511152
mhpRp2,0.1111111111111111,8,8,GGTAGAAGTTTATAGCGAGG,0,2508489
mhpRp2,0.1111111111111111,8,8,GGTACCTCCCTCAGCAGCGC,0,2487643
mhpRp2,0.1111111111111111,8,8,GGGTTTTTCTTAGAAGCCCT,0,2529583
mhpRp2,0.1111111111111111,8,8,GGGTTCGAGGTCACAGGGCG,0,2516739
mhpRp2,0.1111111111111111,8,8,GGGTCATTGGGAAGGTGACA,0,2501841
mhpRp2,0.1111111111111111,8,8,GGGGTTTCATTGGGAACAAG,0,2514281
mhpRp2,0.1111111111111111,8,8,GGGGGCAAACCGCACTCGCT,0,2531031
mhpRp2,0.1111111111111111,8,8,GGGGCTCCAAGATTTCATCG,0,2501773
mhpRp2,0.1111111111111111,8,8,GGGGCGTAGTACCATGTAGG,0,2523805
mhpRp2,0.1111111111111111,8,8,GGGGCGAATCAGGTTATGTA,0,2483952
mhpRp2,0.1111111111111111,8,8,GGGGATGATCTTGGGTATAA,0,2527742
mhpRp2,0.1111111111111111,8,8,GGGGAAGCTAGGCTGGTTGG,0,2516841
mhpRp2,0.1111111111111111,8,8,GGGCTCCACCTAGAGTTCGC,0,2510333
mhpRp2,0.1111111111111111,8,8,GGGATTCCTCGACAACCGAC,0,2505749
mhpRp2,0.1111111111111111,8,8,GGGAGCAGCGCGGGTCTCTA,0,2533808
mhpRp2,0.1111111111111111,8,8,GGGACAACACTTCTCAGCGC,0,2495622
mhpRp2,0.1111111111111111,8,8,GGGAAAAGAAGTCACTTTAC,0,2542861
mhpRp2,0.1111111111111111,8,8,GGCTTCAGTAGGGTGAAAGG,0,2535502
mhpRp2,0.1111111111111111,8,8,GGCTGATATATTGTTTGCAT,0,2535923
mhpRp2,0.1111111111111111,8,8,GGCGTGTCACCGTAAAAGGT,0,2487604
mhpRp2,0.1111111111111111,8,8,GGCGTCTCGACGCTCACCGT,0,2488383
mhpRp2,0.1111111111111111,8,8,GGCGGTCCCCGCACGCGTGC,0,2525978
mhpRp2,0.1111111111111111,8,8,GGCGCGACGGAAGGTACTTC,0,2540663
mhpRp2,0.1111111111111111,8,8,GGCGCCTGGACCGACTAGAC,0,2508227
mhpRp2,0.1111111111111111,8,8,GGCGATAGGAGTTGTCACGA,0,2502491
mhpRp2,0.1111111111111111,8,8,GGCGAGGGAAGTTCCTTTCC,0,2513814
mhpRp2,0.1111111111111111,8,8,GGCGAGCTCCAGGGATGAAA,0,2535667
mhpRp2,0.1111111111111111,8,8,GGCCTCAGTTCCTCTCGACT,0,2497718
mhpRp2,0.1111111111111111,8,8,GGCCGATCTCTGAAAGGAAA,0,2535765
mhpRp2,0.1111111111111111,8,8,GGCCCGCCTAGTCCATATGT,0,2507250
mhpRp2,0.1111111111111111,8,8,GGCCCGAAAGACAAGTGACT,0,2495061
mhpRp2,0.1111111111111111,8,8,GGCCCCGCCCGATAGGATGT,0,2492359
mhpRp2,0.1111111111111111,8,8,GGCCCAACCCCAGAACAACC,0,2505719
mhpRp2,0.1111111111111111,8,8,GGCCCAAAAGATCACCTCGT,0,2489098
mhpRp2,0.1111111111111111,8,8,GGCATTAGAACTTTGACAGC,0,2542679
mhpRp2,0.1111111111111111,8,8,GGCACCTCGTATTGGACTAG,0,2484205
mhpRp2,0.1111111111111111,8,8,GGCAAGGAGGTCAGACAACA,0,2511819
mhpRp2,0.1111111111111111,8,8,GGCAACAGGGGGGCGACGGC,0,2496464
mhpRp2,0.1111111111111111,8,8,GGATCATCCTGGCCAACAAG,0,2518589
mhpRp2,0.1111111111111111,8,8,GGAGTTAAGTTCTTTCGATA,0,2494805
mhpRp2,0.1111111111111111,8,8,GGAGTGGATAGACCCCCGCG,0,2527621
mhpRp2,0.1111111111111111,8,8,GGAGGCGTTCACACTTCCTT,0,2490450
mhpRp2,0.1111111111111111,8,8,GGAGCCAGGCGCGACCGGAT,0,2528238
mhpRp2,0.1111111111111111,8,8,GGACTGGCCCAGAGGGACTG,0,2521287
mhpRp2,0.1111111111111111,8,8,GGACGGCCGCCACCTAGGAA,0,2533543
mhpRp2,0.1111111111111111,8,8,GGACGCGGACTATTTCGTAG,0,2494486
mhpRp2,0.1111111111111111,8,8,GGACAAGGAGCCTGACACGT,0,2499032
mhpRp2,0.1111111111111111,8,8,GGAATGGTTTCCCAGCCGCT,0,2534727
mhpRp2,0.1111111111111111,8,8,GGAATGGCCCGGGGTACCAG,0,2537830
mhpRp2,0.1111111111111111,8,8,GGAATGCTCATCCGGCCGAT,0,2495491
mhpRp2,0.1111111111111111,8,8,GCTTTCTGACACTGTACCGT,0,2483723
mhpRp2,0.1111111111111111,8,8,GCTTTACGAAGCATGAGCGC,0,2532346
mhpRp2,0.1111111111111111,8,8,GCTTCAAAGCCTTGCTAAGG,0,2516077
mhpRp2,0.1111111111111111,8,8,GCTTAGGTACGGATCTTACG,0,2540556
mhpRp2,0.1111111111111111,8,8,GCTGCGGGAGAACGTGGATT,0,2502798
mhpRp2,0.1111111111111111,8,8,GCTGATATGTGATAAAGGGG,0,2529212
mhpRp2,0.1111111111111111,8,8,GCTCCGGAGGGCTGTCGTCT,0,2507422
mhpRp2,0.1111111111111111,8,8,GCTCATCGAGGCTGGGGTGT,0,2512405
mhpRp2,0.1111111111111111,8,8,GCTATGCCATCGCCGTGGTG,0,2512952
mhpRp2,0.1111111111111111,8,8,GCTACCCCACGCTTCCAAGA,0,2506882
mhpRp2,0.1111111111111111,8,8,GCGTTCCCCTACTTTTTGCT,0,2528349
mhpRp2,0.1111111111111111,8,8,GCGTTATGGATACTAGCAGA,0,2481113
mhpRp2,0.1111111111111111,8,8,GCGTGTGCCGTCACGAAACC,0,2541106
mhpRp2,0.1111111111111111,8,8,GCGTCGGCCAGGCACAAGAG,0,2524298
mhpRp2,0.1111111111111111,8,8,GCGTCAGAGCGGGCCAGGGG,0,2529944
mhpRp2,0.1111111111111111,8,8,GCGGTGAGACAGAGGGAAAG,0,2521042
mhpRp2,0.1111111111111111,8,8,GCGGGTGAATTAAAGTTCCT,0,2489897
mhpRp2,0.1111111111111111,8,8,GCGGGAGAAATTCAAACAGT,0,2481824
mhpRp2,0.1111111111111111,8,8,GCGGCGTCTCGCATAATGCT,0,2512690
mhpRp2,0.1111111111111111,8,8,GCGGCAGAGAAATCTCCGGC,0,2539100
mhpRp2,0.1111111111111111,8,8,GCGGAATGCTCATAGGATCC,0,2487694
mhpRp2,0.1111111111111111,8,8,GCGCGTGCTCGTCTCAAGCC,0,2531182
mhpRp2,0.1111111111111111,8,8,GCGCCTAGACCTAAGTGGAG,0,2490927
mhpRp2,0.1111111111111111,8,8,GCGCCGCAGTTCGTTCTTGG,0,2524478
mhpRp2,0.1111111111111111,8,8,GCGCCGAACTGACTCCGAAA,0,2537259
mhpRp2,0.1111111111111111,8,8,GCGCAGACCTCGTAAGCCGT,0,2501262
mhpRp2,0.1111111111111111,8,8,GCGCACGCTTCGACATCAGA,0,2512705
mhpRp2,0.1111111111111111,8,8,GCGCACGCGGGGCCTGAAGT,0,2513860
mhpRp2,0.1111111111111111,8,8,GCGAGCGAATAGAATACTCA,0,2504247
mhpRp2,0.1111111111111111,8,8,GCGACTACGTTTAACAACCG,0,2513727
mhpRp2,0.1111111111111111,8,8,GCGACGGCTACGTGGTCATG,0,2538089
mhpRp2,0.1111111111111111,8,8,GCGACGATGCACTGGATTCG,0,2510748
mhpRp2,0.1111111111111111,8,8,GCGACATCTCCAATCGTGAG,0,2491139
mhpRp2,0.1111111111111111,8,8,GCCTTTTCGGCACATTCCTA,0,2523233
mhpRp2,0.1111111111111111,8,8,GCCTTGGAGTCATAAACCTA,0,2508563
mhpRp2,0.1111111111111111,8,8,GCCTAGCCTAAACCGCGTAC,0,2506065
mhpRp2,0.1111111111111111,8,8,GCCGGTCTTATCTTTGCGTG,0,2508762
mhpRp2,0.1111111111111111,8,8,GCCGCCCAGGGCTCCCCCCT,0,2526899
mhpRp2,0.1111111111111111,8,8,GCCCGATCTAGCGGTATTCT,0,2481358
mhpRp2,0.1111111111111111,8,8,GCCCCTGCGCCCGGATAGCG,0,2519171
mhpRp2,0.1111111111111111,8,8,GCCATCTGTGTTTCGCGCCG,0,2504724
mhpRp2,0.1111111111111111,8,8,GCCAAGCCATTATGACTTTA,0,2524057
mhpRp2,0.1111111111111111,8,8,GCCAAAATTCCAAGTCAAGG,0,2526908
mhpRp2,0.1111111111111111,8,8,GCATAGTGTCTCCAGCGCGT,0,2484576
mhpRp2,0.1111111111111111,8,8,GCATAGAGCTCCATGCAGAA,0,2525963
mhpRp2,0.1111111111111111,8,8,GCATAACAAGTACGCGCCCT,0,2517278
mhpRp2,0.1111111111111111,8,8,GCAGGTCCAATCTAACTAAA,0,2535555
mhpRp2,0.1111111111111111,8,8,GCAGGTCAGCACGCTGGAGC,0,2506976
mhpRp2,0.1111111111111111,8,8,GCAGGGCACAGGTGGGCCTC,0,2537450
mhpRp2,0.1111111111111111,8,8,GCACTTCATAAGGATCAAGA,0,2533251
mhpRp2,0.1111111111111111,8,8,GCACTATGGTTAGGCCTCCT,0,2479638
mhpRp2,0.1111111111111111,8,8,GCACGTCATTGCCTCAGGAG,0,2538168
mhpRp2,0.1111111111111111,8,8,GCACGACCGAAAATCGCTGA,0,2536280
mhpRp2,0.1111111111111111,8,8,GCACCTGGGGTTTTTTATAT,0,2513213
mhpRp2,0.1111111111111111,8,8,GATTTATGTGTGTCGCACAG,0,2516742
mhpRp2,0.1111111111111111,8,8,GATTTAAATCTAGCAGGGCT,0,2529349
mhpRp2,0.1111111111111111,8,8,GATTCCACATTGCTCAGCCA,0,2491849
mhpRp2,0.1111111111111111,8,8,GATTAGGAATCCGATTGCAA,0,2534300
mhpRp2,0.1111111111111111,8,8,GATGGACGCAGTAGCGTTGC,0,2516587
mhpRp2,0.1111111111111111,8,8,GATGCCCAACGGATTCGGCC,0,2503387
mhpRp2,0.1111111111111111,8,8,GATGCAAGTTGTGATTCCGA,0,2530987
mhpRp2,0.1111111111111111,8,8,GATGATGCCTTCGTAGGCCC,0,2513781
mhpRp2,0.1111111111111111,8,8,GATGAGTCCAGAGCTAAGTG,0,2544506
mhpRp2,0.1111111111111111,8,8,GATCTGCACGGATGTTGGTT,0,2533929
mhpRp2,0.1111111111111111,8,8,GATCTATTGGGCGCCATCTC,0,2527541
mhpRp2,0.1111111111111111,8,8,GATCGGCGCTTATCTAAACC,0,2488558
mhpRp2,0.1111111111111111,8,8,GATCGAACGGTGACTGCGGC,0,2519003
mhpRp2,0.1111111111111111,8,8,GATCATCGCAGCCTACCGAT,0,2484999
mhpRp2,0.1111111111111111,8,8,GATATCGTCCAGAAATTGTG,0,2530590
mhpRp2,0.1111111111111111,8,8,GATACTCTACAATGGTAGTA,0,2530849
mhpRp2,0.1111111111111111,8,8,GATACGTGGCACGGCTATAC,0,2499355
mhpRp2,0.1111111111111111,8,8,GATAATTGTTGATGGTGTTC,0,2540651
mhpRp2,0.1111111111111111,8,8,GAGTGGAATCCCGATCGTGC,0,2515805
mhpRp2,0.1111111111111111,8,8,GAGTCTTGATAATGCGGGCT,0,2528629
mhpRp2,0.1111111111111111,8,8,GAGGTGCTTAAAACGTAGTC,0,2510321
mhpRp2,0.1111111111111111,8,8,GAGGGTTGGTAGGTTTATTG,0,2508506
mhpRp2,0.1111111111111111,8,8,GAGGGGTTAAAAAACTCACG,0,2511811
mhpRp2,0.1111111111111111,8,8,GAGCTTTTGTAGGAGTGTTA,0,2506275
mhpRp2,0.1111111111111111,8,8,GAGCTGGTTTTAAAGAATGT,0,2538552
mhpRp2,0.1111111111111111,8,8,GAGCTGCACTTCAATTATGA,0,2495641
mhpRp2,0.1111111111111111,8,8,GAGCGTTGCACCCGAACTAG,0,2492057
mhpRp2,0.1111111111111111,8,8,GAGCGCATGTCCCTCCGCCC,0,2503225
mhpRp2,0.1111111111111111,8,8,GAGCCAATATGCTGGTTAAC,0,2542508
mhpRp2,0.1111111111111111,8,8,GAGCAAGGGGTACTCTAGGG,0,2494803
mhpRp2,0.1111111111111111,8,8,GACTTAGTAGAAAATGAACC,0,2537350
mhpRp2,0.1111111111111111,8,8,GACTTACATAACCCTCACGT,0,2505596
mhpRp2,0.1111111111111111,8,8,GACTGACCGAGCAACTTCTC,0,2509519
mhpRp2,0.1111111111111111,8,8,GACGTTGCGGGGGGTTTCTG,0,2511782
mhpRp2,0.1111111111111111,8,8,GACGTGTAAATCAACCACTC,0,2499710
mhpRp2,0.1111111111111111,8,8,GACGTCAAATGGAACTAATG,0,2542917
mhpRp2,0.1111111111111111,8,8,GACGGTACGAGACCATTTCC,0,2519233
mhpRp2,0.1111111111111111,8,8,GACGGGGAGTGAATGTGATA,0,2508481
mhpRp2,0.1111111111111111,8,8,GACGCCTTTTACGAGCGTAT,0,2533813
mhpRp2,0.1111111111111111,8,8,GACAAGTTTGGCATTGACTG,0,2500692
mhpRp2,0.1111111111111111,8,8,GACAAGAGTCACGACAAGAG,0,2535392
mhpRp2,0.1111111111111111,8,8,GAATTAGGTTCCAAAATCGA,0,2523610
mhpRp2,0.1111111111111111,8,8,GAATGGTTCGTGCGGGGTTA,0,2506028
mhpRp2,0.1111111111111111,8,8,GAATCTTTGTTCGCCGCTTC,0,2507490
mhpRp2,0.1111111111111111,8,8,GAATACGCCGCGGGGAGAAG,0,2513965
mhpRp2,0.1111111111111111,8,8,GAAGTAACGAAACCCCGGCC,0,2535971
mhpRp2,0.1111111111111111,8,8,GAAGCTAATCTGGATCTAAG,0,2525818
mhpRp2,0.1111111111111111,8,8,GAACTATGTACTATGATACA,0,2487976
mhpRp2,0.1111111111111111,8,8,GAACGTCGCGTGATCTGTAG,0,2489986
mhpRp2,0.1111111111111111,8,8,GAACACAGGCTTATGTTCCG,0,2492705
mhpRp2,0.1111111111111111,8,8,GAAATGCGACGAAGTCACAC,0,2520215
mhpRp2,0.1111111111111111,8,8,GAAAGGTGGGATCGACCCAT,0,2522145
mhpRp2,0.1111111111111111,8,8,GAAAACGCCAGCACACTGCT,0,2498520
mhpRp2,0.1111111111111111,8,8,CTTTCGTAAACTCCGCCCAT,0,2506620
mhpRp2,0.1111111111111111,8,8,CTTTATCCAGGGGCCCTCTG,0,2497521
mhpRp2,0.1111111111111111,8,8,CTTTAAACTAATCCATAGGT,0,2501268
mhpRp2,0.1111111111111111,8,8,CTTTAAACCAATTCCGGGAT,0,2492677
mhpRp2,0.1111111111111111,8,8,CTTGTTCGAATGCCAGTCTC,0,2517101
mhpRp2,0.1111111111111111,8,8,CTTGGCCGAGACAGCAGAAG,0,2507396
mhpRp2,0.1111111111111111,8,8,CTTGCTTTGAAGCGCTGTGC,0,2483821
mhpRp2,0.1111111111111111,8,8,CTTGCCGTCGTTATAAGTAC,0,2518546
mhpRp2,0.1111111111111111,8,8,CTTGATCGTGTTTGTACTCC,0,2511516
mhpRp2,0.1111111111111111,8,8,CTTCAAGTATCTGTGGGTTG,0,2504203
mhpRp2,0.1111111111111111,8,8,CTTATGGTCACTCGGACTCC,0,2490809
mhpRp2,0.1111111111111111,8,8,CTTATCGTAGCCCACATGGT,0,2480875
mhpRp2,0.1111111111111111,8,8,CTTATACGTCTTGCCTGCTC,0,2538167
mhpRp2,0.1111111111111111,8,8,CTTATAACTCATTATATTCG,0,2520711
mhpRp2,0.1111111111111111,8,8,CTTAGTATGGGTTGATACTC,0,2507592
mhpRp2,0.1111111111111111,8,8,CTTAACAGCCACGCAATATA,0,2511716
mhpRp2,0.1111111111111111,8,8,CTGTTGTCAACAATTTTAAT,0,2484310
mhpRp2,0.1111111111111111,8,8,CTGTTACTTTAGGCTATATG,0,2532282
mhpRp2,0.1111111111111111,8,8,CTGGTTCGAGTAAACGGCTT,0,2495369
mhpRp2,0.1111111111111111,8,8,CTGGCCAGATGACATAGGGA,0,2487482
mhpRp2,0.1111111111111111,8,8,CTGCTTAAGCTTTGCCTCTA,0,2497987
mhpRp2,0.1111111111111111,8,8,CTGCTCGTGTATCGATGTAA,0,2491111
mhpRp2,0.1111111111111111,8,8,CTGCTAGATGGTCAATCACC,0,2503456
mhpRp2,0.1111111111111111,8,8,CTGCTAATATTCAGTCATTG,0,2528387
mhpRp2,0.1111111111111111,8,8,CTGCGTGTAGATCAGAAGGT,0,2497680
mhpRp2,0.1111111111111111,8,8,CTGCCCTGATGCTGGGACAT,0,2483156
mhpRp2,0.1111111111111111,8,8,CTGCAAGTCAAGTTTGGAGA,0,2519049
mhpRp2,0.1111111111111111,8,8,CTGATATCTGCAATGTACAG,0,2532493
mhpRp2,0.1111111111111111,8,8,CTGAGTGAGGCCACCTGTAC,0,2531337
mhpRp2,0.1111111111111111,8,8,CTGAGGGATTCGCTGACGAG,0,2505981
mhpRp2,0.1111111111111111,8,8,CTGACTGAAATGTCCTCGGA,0,2509885
mhpRp2,0.1111111111111111,8,8,CTGAATTTTTTACGGCGCGG,0,2496506
mhpRp2,0.1111111111111111,8,8,CTGAAGCCCGTAGTATGTAT,0,2525667
mhpRp2,0.1111111111111111,8,8,CTGAACGGTCAACATGTCTA,0,2512087
mhpRp2,0.1111111111111111,8,8,CTCTCCGGGAATGAATTCTG,0,2512196
mhpRp2,0.1111111111111111,8,8,CTCTCCGCACCTACGATCAA,0,2512131
mhpRp2,0.1111111111111111,8,8,CTCTCCCGCCATACTAAGCA,0,2537267
mhpRp2,0.1111111111111111,8,8,CTCTCAATGCACGGTCGGTT,0,2494857
mhpRp2,0.1111111111111111,8,8,CTCGTAGCCGGGAAACTATT,0,2521539
mhpRp2,0.1111111111111111,8,8,CTCGGATTTCTTGGTTGATT,0,2490919
mhpRp2,0.1111111111111111,8,8,CTCGGACGTCGCGGCGCTTC,0,2536532
mhpRp2,0.1111111111111111,8,8,CTCGCTTCCAAACCCTGCAG,0,2531632
mhpRp2,0.1111111111111111,8,8,CTCGCTCGCCCAGCTTGCCT,0,2510453
mhpRp2,0.1111111111111111,8,8,CTCGCGATGCAAGCGCATTA,0,2531341
mhpRp2,0.1111111111111111,8,8,CTCGATAGTCCTCCTTAGGC,0,2498554
mhpRp2,0.1111111111111111,8,8,CTCATATGTTTTTATAGGGT,0,2545049
mhpRp2,0.1111111111111111,8,8,CTCAGGACACTGCACGTAGT,0,2509229
mhpRp2,0.1111111111111111,8,8,CTCAAACGGTCTTCCATCCT,0,2507618
mhpRp2,0.1111111111111111,8,8,CTATTGTCCAAATCAATAAT,0,2502341
mhpRp2,0.1111111111111111,8,8,CTATGCGGGTTTACCTGACA,0,2526466
mhpRp2,0.1111111111111111,8,8,CTATGATAAAGGGAGTACTT,0,2499254
mhpRp2,0.1111111111111111,8,8,CTATACTATATGAAAGCATT,0,2521960
mhpRp2,0.1111111111111111,8,8,CTAGGTCAAACAGGGTCGCT,0,2509578
mhpRp2,0.1111111111111111,8,8,CTAGGGTAAGCTTCAGTATT,0,2489193
mhpRp2,0.1111111111111111,8,8,CTAGGCTGTGCTCTTCTAAC,0,2490205
mhpRp2,0.1111111111111111,8,8,CTAGAGCTTCACTAGCATTT,0,2498576
mhpRp2,0.1111111111111111,8,8,CTAGAAACGGCCATCTTTCC,0,2525249
mhpRp2,0.1111111111111111,8,8,CTACGCTGTTCCCGCTAACC,0,2495237
mhpRp2,0.1111111111111111,8,8,CTACGCAGGTATCATGGTGA,0,2516987
mhpRp2,0.1111111111111111,8,8,CTACCATGTATCTACCATGG,0,2544548
mhpRp2,0.1111111111111111,8,8,CTAATTTATAGAAACGACAA,0,2498307
mhpRp2,0.1111111111111111,8,8,CTAATATCAGAGATAGGACT,0,2488309
mhpRp2,0.1111111111111111,8,8,CGTTTGCACGGCCCTCAGCG,0,2520669
mhpRp2,0.1111111111111111,8,8,CGTTTATCATCAGGAATGTT,0,2497842
mhpRp2,0.1111111111111111,8,8,CGTTGCACTACCAGGGATCT,0,2491170
mhpRp2,0.1111111111111111,8,8,CGTTAACGTATTGACACATG,0,2528496
mhpRp2,0.1111111111111111,8,8,CGTGGCCCGTACCGATAAAG,0,2504415
mhpRp2,0.1111111111111111,8,8,CGTGCCTGAAGAGCTTCGGC,0,2500210
mhpRp2,0.1111111111111111,8,8,CGTCTGCCCTGTTAGCACTG,0,2513971
mhpRp2,0.1111111111111111,8,8,CGTCTCGTAGTGGTGGTGAG,0,2522893
mhpRp2,0.1111111111111111,8,8,CGTCTAAATAGCCTATAACT,0,2533395
mhpRp2,0.1111111111111111,8,8,CGTCGGATAATCTACCCTGC,0,2492727
mhpRp2,0.1111111111111111,8,8,CGTATGACATGTCTTAGCGC,0,2521340
mhpRp2,0.1111111111111111,8,8,CGTACCTTGGCTTAATCGGA,0,2521590
mhpRp2,0.1111111111111111,8,8,CGTACCCACTAACTTGTACG,0,2538130
mhpRp2,0.1111111111111111,8,8,CGTAATTTTGGATGTTGGAG,0,2499963
mhpRp2,0.1111111111111111,8,8,CGTAACGCGGTGTTCAACCA,0,2526739
mhpRp2,0.1111111111111111,8,8,CGTAAACCGGCTCCAAGGAA,0,2538602
mhpRp2,0.1111111111111111,8,8,CGGTTCAAGCGTTAGTTCAC,0,2501875
mhpRp2,0.1111111111111111,8,8,CGGTGTCGCTGGTATTGTAG,0,2503534
mhpRp2,0.1111111111111111,8,8,CGGTGTAACAAGTCGCCGTC,0,2520187
mhpRp2,0.1111111111111111,8,8,CGGTCCAAGGCACGGACCGC,0,2499731
mhpRp2,0.1111111111111111,8,8,CGGGTGAGTGGCCGATCACA,0,2500829
mhpRp2,0.1111111111111111,8,8,CGGGCGTCATCCCTATGATG,0,2513251
mhpRp2,0.1111111111111111,8,8,CGGGCATAGCCCACGTGGAA,0,2520971
mhpRp2,0.1111111111111111,8,8,CGGGAGCCCCGATGTGATGG,0,2489226
mhpRp2,0.1111111111111111,8,8,CGGGACTGCGCCCGCAGGAT,0,2542528
mhpRp2,0.1111111111111111,8,8,CGGCTGTTCTTCTTCGACGA,0,2510831
mhpRp2,0.1111111111111111,8,8,CGGCGGCGGGTTGGGGCATC,0,2523445
mhpRp2,0.1111111111111111,8,8,CGGCGCGGACCTAGGTTACA,0,2525195
mhpRp2,0.1111111111111111,8,8,CGGCACGTCACGGCTCATCT,0,2509841
mhpRp2,0.1111111111111111,8,8,CGGAGCTCGAAGGGGCCAGT,0,2518834
mhpRp2,0.1111111111111111,8,8,CGGACCAGACTGTTGATGAA,0,2543193
mhpRp2,0.1111111111111111,8,8,CGGAATATGTTAAAGAAGTG,0,2493696
mhpRp2,0.1111111111111111,8,8,CGGAACTAGAATAGGACGAC,0,2493779
mhpRp2,0.1111111111111111,8,8,CGCTTCCGGAATGCCTTAAT,0,2519423
mhpRp2,0.1111111111111111,8,8,CGCTGATAAGTGCGAACCAG,0,2483519
mhpRp2,0.1111111111111111,8,8,CGCTCTGGGCGCTATGGCGG,0,2525326
mhpRp2,0.1111111111111111,8,8,CGCTATGTGTTTACCCTCCA,0,2533158
mhpRp2,0.1111111111111111,8,8,CGCTAGTTCGCGCTATGATA,0,2512706
mhpRp2,0.1111111111111111,8,8,CGCTAACTTGGTGGATCCGA,0,2509916
mhpRp2,0.1111111111111111,8,8,CGCTAAAACCTTTCTACGTT,0,2529647
mhpRp2,0.1111111111111111,8,8,CGCGGATTTCACAGGGGTGG,0,2541222
mhpRp2,0.1111111111111111,8,8,CGCGATAGATATGTGTACCT,0,2495066
mhpRp2,0.1111111111111111,8,8,CGCCGCGTTCGCGGTCGGTC,0,2481134
mhpRp2,0.1111111111111111,8,8,CGCCGCGGCGATATATCTGC,0,2521380
mhpRp2,0.1111111111111111,8,8,CGCCATACTGAGGGTTTAGG,0,2516152
mhpRp2,0.1111111111111111,8,8,CGCCAGTGATCGGTAGTTCT,0,2531215
mhpRp2,0.1111111111111111,8,8,CGCCAGTAGCCAGAGCAACT,0,2528235
mhpRp2,0.1111111111111111,8,8,CGCCAGGGAATCACAGTCCA,0,2502931
mhpRp2,0.1111111111111111,8,8,CGCCACGAGCCTCACGAGAC,0,2513025
mhpRp2,0.1111111111111111,8,8,CGCAGGCCAAGGAGTTGCAA,0,2522594
mhpRp2,0.1111111111111111,8,8,CGCACTAATAACGAATCTGT,0,2503537
mhpRp2,0.1111111111111111,8,8,CGCACGATACGAGTAACAGA,0,2506919
mhpRp2,0.1111111111111111,8,8,CGCACCGGAACTGAACGTAC,0,2532210
mhpRp2,0.1111111111111111,8,8,CGCAAGCAGAACTTTGTCCA,0,2515544
mhpRp2,0.1111111111111111,8,8,CGATGGTGTGTGTCGGTCTA,0,2492594
mhpRp2,0.1111111111111111,8,8,CGATGCATCCCATAAAACTA,0,2501919
mhpRp2,0.1111111111111111,8,8,CGATCCCAATTGATTCAAGA,0,2514193
mhpRp2,0.1111111111111111,8,8,CGATATCAGAATCGCCATAA,0,2486401
mhpRp2,0.1111111111111111,8,8,CGAGTAGTGGTCGAGTCCCA,0,2522435
mhpRp2,0.1111111111111111,8,8,CGAGGATTGGTTCGTAGAAC,0,2512122
mhpRp2,0.1111111111111111,8,8,CGAGCGTATCTCTTGATACA,0,2534032
mhpRp2,0.1111111111111111,8,8,CGAGCCCTTCCCTTACTGTT,0,2486698
mhpRp2,0.1111111111111111,8,8,CGAGCAGTATGCCTTACCCA,0,2492903
mhpRp2,0.1111111111111111,8,8,CGAGACTTCAGACTCGAGAA,0,2519897
mhpRp2,0.1111111111111111,8,8,CGACATCCCATGTCGCTTTT,0,2483453
mhpRp2,0.1111111111111111,8,8,CGAATGTAACGCAAGTAACC,0,2543125
mhpRp2,0.1111111111111111,8,8,CGAAGTTGTTTGCTATGCGA,0,2492051
mhpRp2,0.1111111111111111,8,8,CGAACTTACTAAAGGTCACT,0,2486239
mhpRp2,0.1111111111111111,8,8,CGAAAGATCTTCTAACCGTG,0,2503282
mhpRp2,0.1111111111111111,8,8,CGAAACGCTGATGCCATATC,0,2493271
mhpRp2,0.1111111111111111,8,8,CCTTGAATAGACTCCTCACG,0,2520011
mhpRp2,0.1111111111111111,8,8,CCTTCTGTTGGGTCAGCGAT,0,2509870
mhpRp2,0.1111111111111111,8,8,CCTGGGAAGGTTAACCGACC,0,2483222
mhpRp2,0.1111111111111111,8,8,CCTGGCAAAAGGGAGTTGTG,0,2485209
mhpRp2,0.1111111111111111,8,8,CCTGCATCCAAAGGCACGCT,0,2545627
mhpRp2,0.1111111111111111,8,8,CCTGCATAGCTTTACGACAT,0,2505420
mhpRp2,0.1111111111111111,8,8,CCTCTTAATATTAAACTTTC,0,2483364
mhpRp2,0.1111111111111111,8,8,CCTCCTGTTTGAGTCCATGC,0,2530279
mhpRp2,0.1111111111111111,8,8,CCTCCTACCGATCATTAAAA,0,2523626
mhpRp2,0.1111111111111111,8,8,CCTCCCAGTCTTGATTCATT,0,2544397
mhpRp2,0.1111111111111111,8,8,CCTATTCTTGACGCTTTGGT,0,2505358
mhpRp2,0.1111111111111111,8,8,CCTATACAGGCTATAGTTTT,0,2514101
mhpRp2,0.1111111111111111,8,8,CCTACGGCGGGGCGGTTGGA,0,2527274
mhpRp2,0.1111111111111111,8,8,CCTAAGTAAATTCAGACAAT,0,2515535
mhpRp2,0.1111111111111111,8,8,CCTAACGTGCAGCTGCACGG,0,2535061
mhpRp2,0.1111111111111111,8,8,CCTAACGTCTCGGATCCGAG,0,2506865
mhpRp2,0.1111111111111111,8,8,CCGTCATTTGATTCCTCGTA,0,2485731
mhpRp2,0.1111111111111111,8,8,CCGTCAAGGCCACTATTTCA,0,2530489
mhpRp2,0.1111111111111111,8,8,CCGTATTGGTCCAATGGAAT,0,2536422
mhpRp2,0.1111111111111111,8,8,CCGGTTGCCATTTGAGACCT,0,2497326
mhpRp2,0.1111111111111111,8,8,CCGGTGGTATCGTATATAGT,0,2498136
mhpRp2,0.1111111111111111,8,8,CCGGTGGACGGATTGTCCAT,0,2493098
mhpRp2,0.1111111111111111,8,8,CCGGGACATCTTACACGGTA,0,2519057
mhpRp2,0.1111111111111111,8,8,CCGGCAAGAAGCAGAAGTCA,0,2519258
mhpRp2,0.1111111111111111,8,8,CCGGAATACACCTACAATAC,0,2538318
mhpRp2,0.1111111111111111,8,8,CCGCGCTGGCGCCTCGTCCG,0,2507934
mhpRp2,0.1111111111111111,8,8,CCGCCTTCGGGTAGGGTTGT,0,2501960
mhpRp2,0.1111111111111111,8,8,CCGCCCCTTGTCGTTATTCG,0,2540877
mhpRp2,0.1111111111111111,8,8,CCGCACCTCTTACATAATGG,0,2481977
mhpRp2,0.1111111111111111,8,8,CCGCAAAATCCTCGCGATCG,0,2510655
mhpRp2,0.1111111111111111,8,8,CCGATTACTGTTTTGTTCGC,0,2515209
mhpRp2,0.1111111111111111,8,8,CCGAGGTATTCTAATTTAAT,0,2536045
mhpRp2,0.1111111111111111,8,8,CCGACTGTTCTAAACGCTTT,0,2507558
mhpRp2,0.1111111111111111,8,8,CCGACCGTATATAACGCGTG,0,2539425
mhpRp2,0.1111111111111111,8,8,CCGAAGGATAGTGATACTGG,0,2492128
mhpRp2,0.1111111111111111,8,8,CCCTTCCACAGATGAACATA,0,2527228
mhpRp2,0.1111111111111111,8,8,CCCTTAGGTGTTTCGTCGAA,0,2516678
mhpRp2,0.1111111111111111,8,8,CCCTCAATACCGTACTATCA,0,2489266
mhpRp2,0.1111111111111111,8,8,CCCGTCCGCCGACTGGGGCA,0,2505088
mhpRp2,0.1111111111111111,8,8,CCCGAGTGCATACACCGTTA,0,2533801
mhpRp2,0.1111111111111111,8,8,CCCCGTTTCAGTCGCCAGGC,0,2510942
mhpRp2,0.1111111111111111,8,8,CCCCGGGCATTGAATCAATT,0,2506411
mhpRp2,0.1111111111111111,8,8,CCCCAGCATCGGTATCGGAA,0,2491453
mhpRp2,0.1111111111111111,8,8,CCCACACTTAGGGACCACGG,0,2498656
mhpRp2,0.1111111111111111,8,8,CCATTGAAGAATAAAGCGCA,0,2481667
mhpRp2,0.1111111111111111,8,8,CCATGCTATGGAAGTACCAC,0,2494083
mhpRp2,0.1111111111111111,8,8,CCATCTCCGTCTATTTGTCC,0,2533689
mhpRp2,0.1111111111111111,8,8,CCATCAGGGCTACATGGTTC,0,2534918
mhpRp2,0.1111111111111111,8,8,CCATAACAAGTGTCTTAGCA,0,2521203
mhpRp2,0.1111111111111111,8,8,CCAGGGTAGGATTGGGGGAT,0,2520125
mhpRp2,0.1111111111111111,8,8,CCAGGAATGAGCTCAAATGG,0,2507884
mhpRp2,0.1111111111111111,8,8,CCAGCCCGCAGCGGTCAAGA,0,2522933
mhpRp2,0.1111111111111111,8,8,CCAGAAGTATTAGGACGCTG,0,2482069
mhpRp2,0.1111111111111111,8,8,CCACGTACGCTCACCTGGAA,0,2519953
mhpRp2,0.1111111111111111,8,8,CCACGGAACGTGTGCTCTGG,0,2533538
mhpRp2,0.1111111111111111,8,8,CCACGATTCTGAACCTGCGT,0,2522520
mhpRp2,0.1111111111111111,8,8,CCACGAATCGAGTTTAGCCT,0,2506307
mhpRp2,0.1111111111111111,8,8,CCAATTGTTGGGGTGACCTA,0,2507399
mhpRp2,0.1111111111111111,8,8,CCAATCTTATGCTTCGCACA,0,2523426
mhpRp2,0.1111111111111111,8,8,CCAACATTTGCCGGTAAATA,0,2511091
mhpRp2,0.1111111111111111,8,8,CATTTGGCGCCTAGGAACCA,0,2518746
mhpRp2,0.1111111111111111,8,8,CATTTCTAGCGCGCAGGAGG,0,2530665
mhpRp2,0.1111111111111111,8,8,CATTGGGGAAGTCGAAGGTA,0,2516435
mhpRp2,0.1111111111111111,8,8,CATTATCCTACGTATCAAAT,0,2543152
mhpRp2,0.1111111111111111,8,8,CATTATCAGATCGAGGACAG,0,2543369
mhpRp2,0.1111111111111111,8,8,CATGTTGCCTATTCTGGTCA,0,2529731
mhpRp2,0.1111111111111111,8,8,CATGTTATGCCCGGGGTGAG,0,2537927
mhpRp2,0.1111111111111111,8,8,CATGTGGCGGCTACGCACGG,0,2508088
mhpRp2,0.1111111111111111,8,8,CATCTGTAAATTCCGAAGGA,0,2509527
mhpRp2,0.1111111111111111,8,8,CATCTATCCAAGTGCCGGAG,0,2524381
mhpRp2,0.1111111111111111,8,8,CATCTACTATGTGACTATGA,0,2484952
mhpRp2,0.1111111111111111,8,8,CATCGGCCAAATGCGTTACT,0,2488130
mhpRp2,0.1111111111111111,8,8,CATCAGTGGCGAGGTTTAGA,0,2501915
mhpRp2,0.1111111111111111,8,8,CATCAATACTTGCTGATACG,0,2539313
mhpRp2,0.1111111111111111,8,8,CATAGGAGGTATCAGGCAGT,0,2498416
mhpRp2,0.1111111111111111,8,8,CATAATGTGAAAGTAGGCGT,0,2518040
mhpRp2,0.1111111111111111,8,8,CATAACGGAATTTGGTAATC,0,2519177
mhpRp2,0.1111111111111111,8,8,CAGTGCCTGGCAGGAGGAGG,0,2526419
mhpRp2,0.1111111111111111,8,8,CAGTGAAGTATAATCGTCAG,0,2522844
mhpRp2,0.1111111111111111,8,8,CAGTCCGTGAGGAGTAACGA,0,2542076
mhpRp2,0.1111111111111111,8,8,CAGGATTCACATGGAATACA,0,2523704
mhpRp2,0.1111111111111111,8,8,CAGCTGATGAGTCCGCGGCG,0,2499628
mhpRp2,0.1111111111111111,8,8,CAGCGGTGTTTTCTAACCAT,0,2503037
mhpRp2,0.1111111111111111,8,8,CAGCCAGCAAGCAACCTCCC,0,2512535
mhpRp2,0.1111111111111111,8,8,CAGATTTGGCAAGCATCGTG,0,2516398
mhpRp2,0.1111111111111111,8,8,CAGATGGTCCTATTAGGAAA,0,2538046
mhpRp2,0.1111111111111111,8,8,CAGATCGCGGTACGAACGTG,0,2494685
mhpRp2,0.1111111111111111,8,8,CAGAGCAGCTTTAGTACGGA,0,2539252
mhpRp2,0.1111111111111111,8,8,CACTGTTTGCTAACTCGTCC,0,2518996
mhpRp2,0.1111111111111111,8,8,CACTGCGCCTATTTGCCAAT,0,2529911
mhpRp2,0.1111111111111111,8,8,CACTCGGAGAACGTAATACC,0,2527484
mhpRp2,0.1111111111111111,8,8,CACGTTAACGTCTTAAAGGA,0,2497331
mhpRp2,0.1111111111111111,8,8,CACGCTTAAACCCGGCATTC,0,2514013
mhpRp2,0.1111111111111111,8,8,CACCTGTGTTGGTATGTAAA,0,2483212
mhpRp2,0.1111111111111111,8,8,CACCAGTCGGGTGGCTAACA,0,2489347
mhpRp2,0.1111111111111111,8,8,CACCAACACACAATGGACGT,0,2502816
mhpRp2,0.1111111111111111,8,8,CACATCCGTAGCGGCGTCCA,0,2484969
mhpRp2,0.1111111111111111,8,8,CACAGTTCAGCCTCGCTGTT,0,2543766
mhpRp2,0.1111111111111111,8,8,CACACTAGCGCATCACCGCT,0,2534117
mhpRp2,0.1111111111111111,8,8,CACACGTTCCGGTGGACCTT,0,2481282
mhpRp2,0.1111111111111111,8,8,CAATTTAGAATGTGGACCGC,0,2501866
mhpRp2,0.1111111111111111,8,8,CAATGCGCGACCGTAGCCAC,0,2534021
mhpRp2,0.1111111111111111,8,8,CAATGAGCGACCAGCCAATA,0,2497106
mhpRp2,0.1111111111111111,8,8,CAATCCACCAAAACTAGGAC,0,2519537
mhpRp2,0.1111111111111111,8,8,CAATCATCGAGCGCCTAATT,0,2535046
mhpRp2,0.1111111111111111,8,8,CAAGTTCGTTGCCCTACATT,0,2527184
mhpRp2,0.1111111111111111,8,8,CAAGTCTGATTGTTAACTGA,0,2480604
mhpRp2,0.1111111111111111,8,8,CAAGTAGGGGTAAATGAGTA,0,2517371
mhpRp2,0.1111111111111111,8,8,CAAGCGGAATGCCGTGTGTC,0,2487711
mhpRp2,0.1111111111111111,8,8,CAACTTATCCCGGTCGCAAT,0,2518477
mhpRp2,0.1111111111111111,8,8,CAACTTACCGGGTGCAAGTA,0,2491434
mhpRp2,0.1111111111111111,8,8,CAACTGTTCATAAGGTAAAA,0,2487534
mhpRp2,0.1111111111111111,8,8,CAACAATAGCGCTAAATAAC,0,2488123
mhpRp2,0.1111111111111111,8,8,CAAAGGTGCACAATCTTGTC,0,2497745
mhpRp2,0.1111111111111111,8,8,ATTTCTAAACGCCTCAAGCC,0,2480124
mhpRp2,0.1111111111111111,8,8,ATTGTTGTTGATAGATTCGC,0,2485489
mhpRp2,0.1111111111111111,8,8,ATTGTGCTAGTCATGGGACA,0,2506192
mhpRp2,0.1111111111111111,8,8,ATTGGGAGCGGCGCAAGGTG,0,2515156
mhpRp2,0.1111111111111111,8,8,ATTGGCGTCGATTGGATGCA,0,2531317
mhpRp2,0.1111111111111111,8,8,ATTGCCCGCTGGAACGTCCA,0,2515869
mhpRp2,0.1111111111111111,8,8,ATTGACACTGTTCGGAGTGA,0,2487547
mhpRp2,0.1111111111111111,8,8,ATTCGCAGGTTAAGGCCAGG,0,2483893
mhpRp2,0.1111111111111111,8,8,ATTCACTAAATTTTCGGGTA,0,2522669
mhpRp2,0.1111111111111111,8,8,ATTCACAGCGGCCTGATGAG,0,2504040
mhpRp2,0.1111111111111111,8,8,ATTATCTCTACGCCTGTGGT,0,2493259
mhpRp2,0.1111111111111111,8,8,ATTAGAGAAATGGATGTAAT,0,2518542
mhpRp2,0.1111111111111111,8,8,ATGTGTGGATAGCATAAAAC,0,2530677
mhpRp2,0.1111111111111111,8,8,ATGTGAGTGCCGCGGTAGAA,0,2502423
mhpRp2,0.1111111111111111,8,8,ATGTAGTATGTTATAAGGAT,0,2529946
mhpRp2,0.1111111111111111,8,8,ATGGGTAAATTAGAAGGGAC,0,2497490
mhpRp2,0.1111111111111111,8,8,ATGCGTAAACTCACGTTTGA,0,2539327
mhpRp2,0.1111111111111111,8,8,ATGCGGTTCGGCGATCGGAT,0,2527151
mhpRp2,0.1111111111111111,8,8,ATGCATGTACACGGACACAC,0,2528102
mhpRp2,0.1111111111111111,8,8,ATGAGTGCAGGTGATACAAT,0,2487110
mhpRp2,0.1111111111111111,8,8,ATGAGGGAATGGAAGAGTGT,0,2488757
mhpRp2,0.1111111111111111,8,8,ATGAGCATAGCCGCATTTCT,0,2503591
mhpRp2,0.1111111111111111,8,8,ATGAGACTTGACGAGTTCCC,0,2510808
mhpRp2,0.1111111111111111,8,8,ATGAATAGCGGAATCCACCT,0,2528967
mhpRp2,0.1111111111111111,8,8,ATGAACGGTCAGAGAGACCT,0,2532371
mhpRp2,0.1111111111111111,8,8,ATCTTCTTGTATCCTCGTCC,0,2514609
mhpRp2,0.1111111111111111,8,8,ATCTTCGGCCGGGTAGTTGC,0,2501321
mhpRp2,0.1111111111111111,8,8,ATCTTAGAGCCCGAGTCGCA,0,2513254
mhpRp2,0.1111111111111111,8,8,ATCTGACGCCTAAATTACAT,0,2532379
mhpRp2,0.1111111111111111,8,8,ATCTATTGGAAATGTTTAGT,0,2508556
mhpRp2,0.1111111111111111,8,8,ATCTACGCGTGCCCCAGCGC,0,2536523
mhpRp2,0.1111111111111111,8,8,ATCGTGTCTGGCTGGATCCT,0,2502161
mhpRp2,0.1111111111111111,8,8,ATCGGCATGTCTCTGGTTCG,0,2500758
mhpRp2,0.1111111111111111,8,8,ATCGCCAGTAATCCAGACCT,0,2488953
mhpRp2,0.1111111111111111,8,8,ATCGAGATGTAGACAATTAC,0,2512661
mhpRp2,0.1111111111111111,8,8,ATCCACTTCACGGCGCTGTA,0,2490097
mhpRp2,0.1111111111111111,8,8,ATCATGGGTATTATGAATAT,0,2492196
mhpRp2,0.1111111111111111,8,8,ATCAGCGCTCATTTGCTACG,0,2534927
mhpRp2,0.1111111111111111,8,8,ATCAGATACGGTCTGGCATG,0,2503403
mhpRp2,0.1111111111111111,8,8,ATCACCAAGAATTTGAAACG,0,2545380
mhpRp2,0.1111111111111111,8,8,ATATTCATTCTAGCGGGATA,0,2491429
mhpRp2,0.1111111111111111,8,8,ATATGGACTAGGCTCTGGTG,0,2489993
mhpRp2,0.1111111111111111,8,8,ATATGCAACCCTTCATTCAG,0,2491891
mhpRp2,0.1111111111111111,8,8,ATATCGATTCAACATCACAC,0,2522931
mhpRp2,0.1111111111111111,8,8,ATATATATCACTCACGCAAT,0,2526918
mhpRp2,0.1111111111111111,8,8,ATAGTGGCACGGCTTCATGA,0,2534605
mhpRp2,0.1111111111111111,8,8,ATAGGTTCGTCTACAAGATG,0,2482764
mhpRp2,0.1111111111111111,8,8,ATAGGCATTAAATGGTAGCA,0,2488338
mhpRp2,0.1111111111111111,8,8,ATAGATTATCTGGGATACAA,0,2485904
mhpRp2,0.1111111111111111,8,8,ATACTATCATCCTGCGGCGG,0,2491850
mhpRp2,0.1111111111111111,8,8,ATACGCATATAGTCGGATAG,0,2495679
mhpRp2,0.1111111111111111,8,8,ATAATGGGTAAGTAGCTCTC,0,2540919
mhpRp2,0.1111111111111111,8,8,ATAATCCACATTGTTGCCAC,0,2496215
mhpRp2,0.1111111111111111,8,8,ATAAAGCCCTTCCGGGTTTT,0,2545673
mhpRp2,0.1111111111111111,8,8,AGTTGCTCTTTCCGGTGTAA,0,2514600
mhpRp2,0.1111111111111111,8,8,AGTTGCCACCTTGTAGCGTA,0,2502381
mhpRp2,0.1111111111111111,8,8,AGTTCGGCATAAGCATGGCA,0,2485217
mhpRp2,0.1111111111111111,8,8,AGTTCCACGGGGCTCAAATC,0,2538304
mhpRp2,0.1111111111111111,8,8,AGTTCATTGGATAATCTAGT,0,2498575
mhpRp2,0.1111111111111111,8,8,AGTGGGTACGGAAGCATTAA,0,2482382
mhpRp2,0.1111111111111111,8,8,AGTGCGCAACTTAAGACTGA,0,2501657
mhpRp2,0.1111111111111111,8,8,AGTCTCGCCGAGTGCAAACC,0,2499816
mhpRp2,0.1111111111111111,8,8,AGTCCCTCTACGCCCCTGTT,0,2534365
mhpRp2,0.1111111111111111,8,8,AGTCCCGGTATAAACGTACT,0,2521872
mhpRp2,0.1111111111111111,8,8,AGTCAGTAGGGTATGACCGG,0,2525961
mhpRp2,0.1111111111111111,8,8,AGTAATTCGCTGAGGTTAGC,0,2483471
mhpRp2,0.1111111111111111,8,8,AGGTGTTTTTTTTAAACTGA,0,2485569
mhpRp2,0.1111111111111111,8,8,AGGGTGACGTGCCATCCTTT,0,2497107
mhpRp2,0.1111111111111111,8,8,AGGGGTTCGCATCCGAGCAG,0,2544865
mhpRp2,0.1111111111111111,8,8,AGGGGCTCCGAGCGAGGGGG,0,2512357
mhpRp2,0.1111111111111111,8,8,AGGGCTATTTCTCTAGTAAT,0,2489603
mhpRp2,0.1111111111111111,8,8,AGGGCCTGTATAGTGCACAT,0,2485819
mhpRp2,0.1111111111111111,8,8,AGGGCCAGCCTCAGCATTGT,0,2508700
mhpRp2,0.1111111111111111,8,8,AGGGCACGAAACAGCGTAGT,0,2486987
mhpRp2,0.1111111111111111,8,8,AGGGAAGTAGGCACAGATTT,0,2480640
mhpRp2,0.1111111111111111,8,8,AGGCGTGGAGCGTTCTACTA,0,2506925
mhpRp2,0.1111111111111111,8,8,AGGCGACGCATCGAACAGTA,0,2492682
mhpRp2,0.1111111111111111,8,8,AGGCCCATGGTCCGGTTACA,0,2524246
mhpRp2,0.1111111111111111,8,8,AGGCCACTCGAATATCATGG,0,2481148
mhpRp2,0.1111111111111111,8,8,AGGATATTACCGGTGTCCGC,0,2481079
mhpRp2,0.1111111111111111,8,8,AGGAGATTGGAGAACACGGT,0,2505194
mhpRp2,0.1111111111111111,8,8,AGGACTCTGGTCCACTGGGT,0,2489507
mhpRp2,0.1111111111111111,8,8,AGGACGTGCGGTTCAAGTAA,0,2522733
mhpRp2,0.1111111111111111,8,8,AGGAATGAGTCATATGTGCG,0,2526656
mhpRp2,0.1111111111111111,8,8,AGCTTACTCACCCAGTAGAA,0,2523498
mhpRp2,0.1111111111111111,8,8,AGCTGTCATGCTCCTGCGAT,0,2523806
mhpRp2,0.1111111111111111,8,8,AGCTCGGTCAGTTATATTGG,0,2518341
mhpRp2,0.1111111111111111,8,8,AGCTCGCGCACTCCGGGAGT,0,2493353
mhpRp2,0.1111111111111111,8,8,AGCTCCTCTGGCTCAGGGAG,0,2481732
mhpRp2,0.1111111111111111,8,8,AGCTAGCGTCGGAATCACTG,0,2493617
mhpRp2,0.1111111111111111,8,8,AGCGTCCAAGACAATCTGTT,0,2528096
mhpRp2,0.1111111111111111,8,8,AGCGGGCTTTTAAATGAGTC,0,2524486
mhpRp2,0.1111111111111111,8,8,AGCGGGCACAAAGGGTTGTG,0,2511278
mhpRp2,0.1111111111111111,8,8,AGCCGTTTACAAATATAAAG,0,2499467
mhpRp2,0.1111111111111111,8,8,AGCCGGTCGTACCTGCGCAC,0,2531877
mhpRp2,0.1111111111111111,8,8,AGCCGGAGGCACCGTGTTAT,0,2495590
mhpRp2,0.1111111111111111,8,8,AGCCAGTCTTGGAGTAGGGG,0,2502812
mhpRp2,0.1111111111111111,8,8,AGCCAGCACGTTCGCTCTTG,0,2534568
mhpRp2,0.1111111111111111,8,8,AGCCACATCAATTTAAGCAG,0,2537224
mhpRp2,0.1111111111111111,8,8,AGCAGGGTCTTGGAGAAGGA,0,2501639
mhpRp2,0.1111111111111111,8,8,AGCAAGGTCCGTTGAACCCT,0,2542328
mhpRp2,0.1111111111111111,8,8,AGATTGATTTCTTTCGTGCA,0,2481664
mhpRp2,0.1111111111111111,8,8,AGATGGCTAGTAGCGTGGCG,0,2501552
mhpRp2,0.1111111111111111,8,8,AGATGCGGGGTCAGGGTTAG,0,2516190
mhpRp2,0.1111111111111111,8,8,AGATCTCATCGCAGTCTTGG,0,2521972
mhpRp2,0.1111111111111111,8,8,AGATCTAAAAAGCTGCAACT,0,2492020
mhpRp2,0.1111111111111111,8,8,AGATCAAAGGCTATGAGTCG,0,2485681
mhpRp2,0.1111111111111111,8,8,AGATAGTACGAAAGCGGATA,0,2525407
mhpRp2,0.1111111111111111,8,8,AGAGTCTGCATTCGGAATAA,0,2501205
mhpRp2,0.1111111111111111,8,8,AGAGCTTATGACCAACCGTG,0,2536421
mhpRp2,0.1111111111111111,8,8,AGAGCTGACCTTAGATTACA,0,2529217
mhpRp2,0.1111111111111111,8,8,AGAGCATTGGATACCCGCGT,0,2543810
mhpRp2,0.1111111111111111,8,8,AGAGAGCTTGTGCTCTTATA,0,2488506
mhpRp2,0.1111111111111111,8,8,AGACAGCTGGGTGCTTATGG,0,2488247
mhpRp2,0.1111111111111111,8,8,AGAAGTACATCCCCCCAACT,0,2532458
mhpRp2,0.1111111111111111,8,8,AGAAGGTATCAGAGGAATAG,0,2490771
mhpRp2,0.1111111111111111,8,8,AGAAATGATAGCGACTAGTT,0,2487446
mhpRp2,0.1111111111111111,8,8,ACTTGTCACTCATAGAGGTT,0,2504873
mhpRp2,0.1111111111111111,8,8,ACTTCGTTCTCTCGTCTCTC,0,2520236
mhpRp2,0.1111111111111111,8,8,ACTTCGGGCGCCAGGATCTA,0,2505862
mhpRp2,0.1111111111111111,8,8,ACTGTTCGATGGGTGCAGTT,0,2503385
mhpRp2,0.1111111111111111,8,8,ACTGGGGTGTTAATTGGGCG,0,2520653
mhpRp2,0.1111111111111111,8,8,ACTGCTTACCGCCGGCAGCC,0,2490222
mhpRp2,0.1111111111111111,8,8,ACTGACTGCCCGTAAAATCG,0,2486010
mhpRp2,0.1111111111111111,8,8,ACTCGGGAGTGTAACCTATT,0,2527059
mhpRp2,0.1111111111111111,8,8,ACTCGAGAATACAACATTCG,0,2527927
mhpRp2,0.1111111111111111,8,8,ACTCCCTTTTTGTAGTTCTC,0,2490229
mhpRp2,0.1111111111111111,8,8,ACTCATTGTGATACATTACG,0,2544051
mhpRp2,0.1111111111111111,8,8,ACTCAGTCCCGAAGGGGAAC,0,2494929
mhpRp2,0.1111111111111111,8,8,ACTCACCGACTGCTGCTGGC,0,2526408
mhpRp2,0.1111111111111111,8,8,ACTATGACCGTAGGCGCCGT,0,2530675
mhpRp2,0.1111111111111111,8,8,ACTATCGGTTTTGGTACCCC,0,2523543
mhpRp2,0.1111111111111111,8,8,ACTACTTTACGTTGACGGAT,0,2545005
mhpRp2,0.1111111111111111,8,8,ACTACTGGTAGCCCGCTATG,0,2544786
mhpRp2,0.1111111111111111,8,8,ACTACAGGAAACTTGGTGTA,0,2524220
mhpRp2,0.1111111111111111,8,8,ACTAAAACTGGTACTTTCGT,0,2507796
mhpRp2,0.1111111111111111,8,8,ACGTTCATGTGCTAACGTAT,0,2532715
mhpRp2,0.1111111111111111,8,8,ACGTGTTCGCCAGGATCGGC,0,2525826
mhpRp2,0.1111111111111111,8,8,ACGTGCAGTTGTGCGATTCC,0,2519988
mhpRp2,0.1111111111111111,8,8,ACGTATAGATGCCCCGAAGT,0,2491432
mhpRp2,0.1111111111111111,8,8,ACGTAGATAACTGTCAGCTA,0,2499555
mhpRp2,0.1111111111111111,8,8,ACGTACGATCTCGTGGTCTT,0,2507775
mhpRp2,0.1111111111111111,8,8,ACGTAATTCGAACGTCCTTC,0,2495926
mhpRp2,0.1111111111111111,8,8,ACGCTTGCAGAGCGTTATCT,0,2497451
mhpRp2,0.1111111111111111,8,8,ACGCGTCAAAAGCTCCAGTC,0,2537359
mhpRp2,0.1111111111111111,8,8,ACGCGTACATCAATTCCCCA,0,2515461
mhpRp2,0.1111111111111111,8,8,ACGCCGTAAGGATGACGCAG,0,2484855
mhpRp2,0.1111111111111111,8,8,ACGATGCCCTGTGGTGATCT,0,2496800
mhpRp2,0.1111111111111111,8,8,ACGATCTGAAGGACTGGGAA,0,2533293
mhpRp2,0.1111111111111111,8,8,ACGACATCATGTGCGACTAT,0,2493810
mhpRp2,0.1111111111111111,8,8,ACCTGGAAAGTGAGCTTCAG,0,2530509
mhpRp2,0.1111111111111111,8,8,ACCTCGGCTAAAAAAGATAT,0,2537931
mhpRp2,0.1111111111111111,8,8,ACCTCCTGAGGAATTACATG,0,2506378
mhpRp2,0.1111111111111111,8,8,ACCGTTCGCGCGACGCTAGG,0,2518706
mhpRp2,0.1111111111111111,8,8,ACCGAACAGGGAACGGCTAG,0,2499959
mhpRp2,0.1111111111111111,8,8,ACCCGCCGGTAGGTGGGCTG,0,2496768
mhpRp2,0.1111111111111111,8,8,ACCCGACTTGCAATTATGCG,0,2493070
mhpRp2,0.1111111111111111,8,8,ACCCGAACTTCATACGGTCT,0,2497598
mhpRp2,0.1111111111111111,8,8,ACCCCACCGTCACCTATCTT,0,2538361
mhpRp2,0.1111111111111111,8,8,ACCCAAGGTTTTATCGCATG,0,2507116
mhpRp2,0.1111111111111111,8,8,ACCAGGTTCGTTTATTAGGG,0,2545483
mhpRp2,0.1111111111111111,8,8,ACCAGGGGACTGGGTTAGAA,0,2508247
mhpRp2,0.1111111111111111,8,8,ACCACAAGTCATCATATTAA,0,2545805
mhpRp2,0.1111111111111111,8,8,ACCAAAATTCATGCTAACTC,0,2537656
mhpRp2,0.1111111111111111,8,8,ACATTGGACGGGAATGCAAA,0,2483675
mhpRp2,0.1111111111111111,8,8,ACATCTTGTGGTCTACAATT,0,2501873
mhpRp2,0.1111111111111111,8,8,ACATCCAAAGTCCAACGTAT,0,2500981
mhpRp2,0.1111111111111111,8,8,ACAGCGGGCTAATACTATGG,0,2539645
mhpRp2,0.1111111111111111,8,8,ACAGCCGGCTCGACTGGCCT,0,2537933
mhpRp2,0.1111111111111111,8,8,ACAGCAGCAGCCTTAACGGA,0,2481709
mhpRp2,0.1111111111111111,8,8,ACACTTTGCCTCCACCAACT,0,2492647
mhpRp2,0.1111111111111111,8,8,ACACCGACTATCCTTTGTGC,0,2507970
mhpRp2,0.1111111111111111,8,8,ACAAAGCATGACTCATTAAT,0,2533594
mhpRp2,0.1111111111111111,8,8,AATTTTATTAGTCTCGCGAT,0,2538247
mhpRp2,0.1111111111111111,8,8,AATTTCGTGTTACGGCGCAT,0,2484016
mhpRp2,0.1111111111111111,8,8,AATTCTAGCAGCGTAGGACC,0,2530580
mhpRp2,0.1111111111111111,8,8,AATTCGACAGTTACACTCTG,0,2512319
mhpRp2,0.1111111111111111,8,8,AATTCACCCAGCCAGAGGTA,0,2531160
mhpRp2,0.1111111111111111,8,8,AATGTAGCCCAGCCTATGAA,0,2489788
mhpRp2,0.1111111111111111,8,8,AATGGCAAGCTTTCTGTTCT,0,2503807
mhpRp2,0.1111111111111111,8,8,AATCTTACTTGTCTCGTCAG,0,2519759
mhpRp2,0.1111111111111111,8,8,AATCTGATACATATAAGGTC,0,2509694
mhpRp2,0.1111111111111111,8,8,AATCTACCCATTCATGAGAA,0,2539539
mhpRp2,0.1111111111111111,8,8,AATCGTAAGGTGAAACCAAA,0,2542005
mhpRp2,0.1111111111111111,8,8,AATCGCCGCCAGGAGGAACC,0,2494073
mhpRp2,0.1111111111111111,8,8,AATCAACGGCCTTCCGGGTC,0,2518287
mhpRp2,0.1111111111111111,8,8,AATACTTATGAGTTACTTGT,0,2521780
mhpRp2,0.1111111111111111,8,8,AATACTCTGCACGAAGGTAA,0,2536334
mhpRp2,0.1111111111111111,8,8,AATACGGCAAAAGCTGTGTG,0,2533388
mhpRp2,0.1111111111111111,8,8,AATAATTACTAATGGTAGAT,0,2531230
mhpRp2,0.1111111111111111,8,8,AAGTGCATTCTAAGGATAAT,0,2537100
mhpRp2,0.1111111111111111,8,8,AAGGTTAAACTAATCAAACT,0,2485008
mhpRp2,0.1111111111111111,8,8,AAGGTAAAAAGTTTTCTACT,0,2526354
mhpRp2,0.1111111111111111,8,8,AAGGGTAGGTGGTAAATCCG,0,2497805
mhpRp2,0.1111111111111111,8,8,AAGGGGAACATGGCAATACT,0,2535889
mhpRp2,0.1111111111111111,8,8,AAGGCTTGGAGTAGTAGAGC,0,2515091
mhpRp2,0.1111111111111111,8,8,AAGGCGACCATTCGCAAATC,0,2481666
mhpRp2,0.1111111111111111,8,8,AAGGCCGGTTGCTTTAGAAC,0,2485177
mhpRp2,0.1111111111111111,8,8,AAGGCAATGAAAACGCCGAA,0,2526197
mhpRp2,0.1111111111111111,8,8,AAGGATTAATATGTGCCTAC,0,2526254
mhpRp2,0.1111111111111111,8,8,AAGCGGGATTAGAATACAAT,0,2522742
mhpRp2,0.1111111111111111,8,8,AAGCAGACGAAACTGGGGCT,0,2481799
mhpRp2,0.1111111111111111,8,8,AAGCACGCTGTTACATTTTT,0,2481394
mhpRp2,0.1111111111111111,8,8,AAGACTGCCGCGTGTCACCC,0,2528601
mhpRp2,0.1111111111111111,8,8,AAGACCGCTCTCCGCGGGCT,0,2483048
mhpRp2,0.1111111111111111,8,8,AACTGTAAATATCCACATAT,0,2523120
mhpRp2,0.1111111111111111,8,8,AACTGCGTCGCTACTGACTT,0,2529684
mhpRp2,0.1111111111111111,8,8,AACTATAACGCGTCTTGTGA,0,2494669
mhpRp2,0.1111111111111111,8,8,AACGAGACGGTTGACATACT,0,2496264
mhpRp2,0.1111111111111111,8,8,AACCGTGCCTGTCAATCTTC,0,2516120
mhpRp2,0.1111111111111111,8,8,AACCCAAATATATTGATGGT,0,2516153
mhpRp2,0.1111111111111111,8,8,AACCAAGTTGCAGACGAGGA,0,2519262
mhpRp2,0.1111111111111111,8,8,AACATGTGTCTCGGCCCTTA,0,2505375
mhpRp2,0.1111111111111111,8,8,AACATCTATATATGGAACAC,0,2511982
mhpRp2,0.1111111111111111,8,8,AAATGCGAAGTCATATCAAG,0,2497294
mhpRp2,0.1111111111111111,8,8,AAATCGTAGACCCTCGACAG,0,2535871
mhpRp2,0.1111111111111111,8,8,AAATCGGGAGTCGGTGGGAT,0,2517409
mhpRp2,0.1111111111111111,8,8,AAATATACCGACCATAAATG,0,2522522
mhpRp2,0.1111111111111111,8,8,AAAGGGGGGCAGGAGACCGA,0,2510620
mhpRp2,0.1111111111111111,8,8,AAAGATATCGAGTAAAAGAT,0,2495039
mhpRp2,0.1111111111111111,8,8,AAACTTGTCGTAACATCCAC,0,2515255
mhpRp2,0.1111111111111111,8,8,AAACGCCATTTTGTCTCCTT,0,2533845
mhpRp2,0.1111111111111111,8,8,AAACGATCCCTGTGAGGGAT,0,2515949
mhpRp2,0.1111111111111111,8,8,AAAAGCATTTTCTTTCCTAG,0,2487522
mhpRp2,0.1111111111111111,8,8,AAAACTCTGGGACCGATCAT,0,2510058
mhpRp2,0.1111111111111111,8,8,AAAAAAAGCGAAGATGTCGG,0,2512871
mhpRp2,0.125,7,7,TTTTTTGGTAGGGAAGTGAC,0,2528525
mhpRp2,0.125,7,7,TTTTTTCAAATTAATGCCAG,0,2520404
mhpRp2,0.125,7,7,TTTTTGGGCAGTCAAGGTTT,0,2535138
mhpRp2,0.125,7,7,TTTTCTGTATGTATTAGCAG,0,2502202
mhpRp2,0.125,7,7,TTTTCAGATATTCGGCTACA,0,2523213
mhpRp2,0.125,7,7,TTTTAGTGTATTCCGTGCCA,0,2524663
mhpRp2,0.125,7,7,TTTGTGTAAGGGAGCATCCA,0,2507971
mhpRp2,0.125,7,7,TTTGTCATTATTACAATATT,0,2532532
mhpRp2,0.125,7,7,TTTGATATCGCATCTGACCC,0,2544276
mhpRp2,0.125,7,7,TTTGAGGTCGGAGGTTCATT,0,2487445
mhpRp2,0.125,7,7,TTTCTTCGGTATACTCCATT,0,2491128
mhpRp2,0.125,7,7,TTTCGGCCATGGAGGCACTG,0,2491233
mhpRp2,0.125,7,7,TTTCGAACACGTTTGCCCGA,0,2503576
mhpRp2,0.125,7,7,TTTCCCATTATGCGATGCTG,0,2500113
mhpRp2,0.125,7,7,TTTCAGGGCAATAGTTATGC,0,2481870
mhpRp2,0.125,7,7,TTTATCCGCCTCCGTGGCGG,0,2480450
mhpRp2,0.125,7,7,TTGTGGCACGTCACTTCGAA,0,2514496
mhpRp2,0.125,7,7,TTGTGCCACTTAGCTGGTCA,0,2485407
mhpRp2,0.125,7,7,TTGTCTTGGAGCTAGCTCCT,0,2537950
mhpRp2,0.125,7,7,TTGTCGCTACGATTTCAGAG,0,2512004
mhpRp2,0.125,7,7,TTGTCGATACTAACCGCCAT,0,2514467
mhpRp2,0.125,7,7,TTGTATGATGTCGATCTCAT,0,2490014
mhpRp2,0.125,7,7,TTGGGACCGAGACCAAGTTC,0,2505568
mhpRp2,0.125,7,7,TTGGCCTATTAGGAGCGTCA,0,2530504
mhpRp2,0.125,7,7,TTGCTCTCGTTTGGAACGGT,0,2534533
mhpRp2,0.125,7,7,TTGCCGGAACAATGTGTCGG,0,2502706
mhpRp2,0.125,7,7,TTGCCCTGGGTTAAAAGTTA,0,2492779
mhpRp2,0.125,7,7,TTGCCATTATTAGAGTCGCA,0,2519021
mhpRp2,0.125,7,7,TTGATGGGTGTTATAAGATC,0,2520687
mhpRp2,0.125,7,7,TTGATGGAGTCGTTCAACTA,0,2486360
mhpRp2,0.125,7,7,TTGAGGTTACTTTCGAATTC,0,2492271
mhpRp2,0.125,7,7,TTGACGTCGCGCATTTAAAT,0,2494693
mhpRp2,0.125,7,7,TTGAACGGTACTCTGACATT,0,2542647
mhpRp2,0.125,7,7,TTCTCATGTCGTAGGGGCCA,0,2488602
mhpRp2,0.125,7,7,TTCGGTCCGACGGTACGTGC,0,2485291
mhpRp2,0.125,7,7,TTCGGGAAGTAACGCACAAG,0,2524810
mhpRp2,0.125,7,7,TTCGGATGATATGTACGATC,0,2513063
mhpRp2,0.125,7,7,TTCGCCTGTTGTTTCGCGAT,0,2515457
mhpRp2,0.125,7,7,TTCGACTGGGAGTTACACTC,0,2506957
mhpRp2,0.125,7,7,TTCGAAGCGCGATAGTAAGT,0,2545779
mhpRp2,0.125,7,7,TTCCTTTGCCATCAGCTTTC,0,2523803
mhpRp2,0.125,7,7,TTCAGTAAATTCTAGGGGAA,0,2507792
mhpRp2,0.125,7,7,TTCACGTGGGCGCTTACAGT,0,2529666
mhpRp2,0.125,7,7,TTCACAAACGCTTTATTCTG,0,2519477
mhpRp2,0.125,7,7,TTATCGGCGTGGCCGTACGC,0,2500696
mhpRp2,0.125,7,7,TTATAGAAGCATACTCCATG,0,2529232
mhpRp2,0.125,7,7,TTAGTGCACACGGGTCTTGA,0,2543822
mhpRp2,0.125,7,7,TTAGTCGCAGCGCTGGGTTG,0,2517530
mhpRp2,0.125,7,7,TTAGGTGTATGAAAAACTTT,0,2513224
mhpRp2,0.125,7,7,TTAGGCTGTCCGGGTCATAT,0,2482365
mhpRp2,0.125,7,7,TTACATGAATAAGGTACCAC,0,2523633
mhpRp2,0.125,7,7,TTACATGAAGACCAGAACTG,0,2496859
mhpRp2,0.125,7,7,TTAATTCGGCATGCTTCCGG,0,2523133
mhpRp2,0.125,7,7,TTAAGAAAACATCAGTCGTG,0,2502734
mhpRp2,0.125,7,7,TGTTTAACAGGAGTCGTTGG,0,2537326
mhpRp2,0.125,7,7,TGTTGCACGGGACGTACATC,0,2490182
mhpRp2,0.125,7,7,TGTTCATATGTGTAAAATCT,0,2517684
mhpRp2,0.125,7,7,TGTGGTTTCAAAAATGTGCT,0,2543852
mhpRp2,0.125,7,7,TGTCTTCTGATCCACTGAAA,0,2481563
mhpRp2,0.125,7,7,TGTCTATCCGAGGAGCTTAA,0,2518339
mhpRp2,0.125,7,7,TGTCCTGTAATGATTGATTC,0,2488152
mhpRp2,0.125,7,7,TGTATTCAGAGTGCAATGGG,0,2496209
mhpRp2,0.125,7,7,TGTATCTTGCATCGGTCCCT,0,2503453
mhpRp2,0.125,7,7,TGTATCGAAGGGATCACCCC,0,2495055
mhpRp2,0.125,7,7,TGTATCCCTGTTGGGCCTAG,0,2482221
mhpRp2,0.125,7,7,TGTACCCCGCAGCAAGTCAG,0,2491668
mhpRp2,0.125,7,7,TGTAATGCCTCTATAAATGT,0,2488730
mhpRp2,0.125,7,7,TGTAAAGATTTTAGTACCTG,0,2536849
mhpRp2,0.125,7,7,TGGTGTCCTTGTCGTGGGTT,0,2519008
mhpRp2,0.125,7,7,TGGTGTAATCACACTATGTT,0,2513555
mhpRp2,0.125,7,7,TGGTAAAGTACAGAGACACG,0,2532160
mhpRp2,0.125,7,7,TGGGTTCTGGAAAACTCTTG,0,2509296
mhpRp2,0.125,7,7,TGGGAAAAGAGAGTCACACA,0,2515352
mhpRp2,0.125,7,7,TGGCTACAACTCAAATTGGG,0,2485933
mhpRp2,0.125,7,7,TGGCGCACGAATAGCTCTAT,0,2512366
mhpRp2,0.125,7,7,TGGCCCTGCATCATCACACT,0,2512378
mhpRp2,0.125,7,7,TGGATTTACACGTCGTCGGC,0,2530483
mhpRp2,0.125,7,7,TGGATAGGCTTAAACATCGC,0,2545502
mhpRp2,0.125,7,7,TGGACATAAGGTAGGCGGAG,0,2507664
mhpRp2,0.125,7,7,TGGAACCTGTACTCAGAGTA,0,2479839
mhpRp2,0.125,7,7,TGGAAATACAACACTAGCAA,0,2528103
mhpRp2,0.125,7,7,TGCTTAGGTATGAATTCCCA,0,2532719
mhpRp2,0.125,7,7,TGCTTACGGGTGGGATCGAT,0,2499956
mhpRp2,0.125,7,7,TGCTCTGGGTAGGAAGGAAG,0,2504938
mhpRp2,0.125,7,7,TGCTCCGGTGTTAAATGCTC,0,2507131
mhpRp2,0.125,7,7,TGCTAAGCGGCAACCCTGAA,0,2487644
mhpRp2,0.125,7,7,TGCTAACCTGCTCCGATGTA,0,2505708
mhpRp2,0.125,7,7,TGCGTACACAATCGGGGGTC,0,2481680
mhpRp2,0.125,7,7,TGCGGTGTCGCTCTCATCCA,0,2500916
mhpRp2,0.125,7,7,TGCGGAGCGAATTTCATCCA,0,2480241
mhpRp2,0.125,7,7,TGCCTGTCAGCGGGAGCAAT,0,2537645
mhpRp2,0.125,7,7,TGCCTGCGACAGCGCTCGCG,0,2524558
mhpRp2,0.125,7,7,TGCCTCCCCTGAGGGAAAAG,0,2515729
mhpRp2,0.125,7,7,TGCCTAGGAGCAGATGCGAT,0,2532136
mhpRp2,0.125,7,7,TGCCCTACGCGGTTCATATG,0,2504067
mhpRp2,0.125,7,7,TGCCATGCTACAGAATGCGA,0,2486700
mhpRp2,0.125,7,7,TGCATTAGGTTGGTGATCCC,0,2519472
mhpRp2,0.125,7,7,TGCATGCGGATGGGACACGT,0,2531413
mhpRp2,0.125,7,7,TGCATCGCAATTGTTCCGAA,0,2522936
mhpRp2,0.125,7,7,TGCAGAAGGCGCCGCCTTAT,0,2543578
mhpRp2,0.125,7,7,TGCACGCTGGCTTAGGTGAC,0,2497886
mhpRp2,0.125,7,7,TGATCGGAAGTGACTCCCGC,0,2479698
mhpRp2,0.125,7,7,TGATATGTGCTGTGGTCTGT,0,2516622
mhpRp2,0.125,7,7,TGATAAGTAGCGATGTTTAC,0,2524773
mhpRp2,0.125,7,7,TGAGATCATTTTGCCCCGAA,0,2507779
mhpRp2,0.125,7,7,TGAGACAAGTTAGGCGCTCC,0,2501640
mhpRp2,0.125,7,7,TGACTAACATCGTAAACAGG,0,2485620
mhpRp2,0.125,7,7,TGACGGCAGGACATGTAATA,0,2508358
mhpRp2,0.125,7,7,TGAATCTAATACCAGAACCC,0,2521795
mhpRp2,0.125,7,7,TGAAGCCAACGTGGTAGACC,0,2484422
mhpRp2,0.125,7,7,TGAACTTTTGTTCCTGGGTG,0,2497379
mhpRp2,0.125,7,7,TGAACTGACAAGTTACACAA,0,2500756
mhpRp2,0.125,7,7,TGAACGCAGGCCAATAGATT,0,2509971
mhpRp2,0.125,7,7,TGAACCCACGATCCGTACTC,0,2517654
mhpRp2,0.125,7,7,TCTTATTCCAGCGAGTCTAG,0,2491880
mhpRp2,0.125,7,7,TCTGGCCTTTATCCTGTAGG,0,2532178
mhpRp2,0.125,7,7,TCTGCGGCGTCAGAGAGTGG,0,2533405
mhpRp2,0.125,7,7,TCTCTCTGCGTTTTCGTCCG,0,2487441
mhpRp2,0.125,7,7,TCTCCTTATTCTGTGCTGAT,0,2538978
mhpRp2,0.125,7,7,TCTCAGGTATTTTCCGTAGC,0,2492135
mhpRp2,0.125,7,7,TCTCAATCTTTTGAGAGCTT,0,2515338
mhpRp2,0.125,7,7,TCTATGGGCCGAAATGTCAA,0,2494260
mhpRp2,0.125,7,7,TCTAGGGCTTAATCGGTTTA,0,2537006
mhpRp2,0.125,7,7,TCTACGCATTCGCTGCTCTC,0,2505662
mhpRp2,0.125,7,7,TCGTGGGCGTTTCATTGGTC,0,2492864
mhpRp2,0.125,7,7,TCGTACAGGTGACAATCCTC,0,2500029
mhpRp2,0.125,7,7,TCGGTAGCCAGTTTTAATCT,0,2524339
mhpRp2,0.125,7,7,TCGGTAGCAATACGGTTTCC,0,2496391
mhpRp2,0.125,7,7,TCGGCATAGGAATAAGAATC,0,2526023
mhpRp2,0.125,7,7,TCGGAAAATCGCTCCTGGTA,0,2537699
mhpRp2,0.125,7,7,TCGCGTGCAGGTGACATTGG,0,2534079
mhpRp2,0.125,7,7,TCGCGTATTCCGGCGAATGG,0,2494780
mhpRp2,0.125,7,7,TCGCCAATCACCGGATTCCA,0,2531231
mhpRp2,0.125,7,7,TCGCACATACGTGCGTTAAC,0,2481932
mhpRp2,0.125,7,7,TCGCAAACGACATGAGGGGT,0,2541270
mhpRp2,0.125,7,7,TCGAGTCAAATCTTAATCAA,0,2510506
mhpRp2,0.125,7,7,TCCTTTTTGCCGGTCTATTC,0,2502733
mhpRp2,0.125,7,7,TCCTTCTTAGGGTTATTGTA,0,2484567
mhpRp2,0.125,7,7,TCCTCATGCATCATCACAGG,0,2526308
mhpRp2,0.125,7,7,TCCTACCGATTGTGCCTGTT,0,2529004
mhpRp2,0.125,7,7,TCCTAACCAGTAAGATCAAC,0,2493061
mhpRp2,0.125,7,7,TCCGGGCATGAGGTAATTGA,0,2545086
mhpRp2,0.125,7,7,TCCGCAGTCCTCTACACCTG,0,2503808
mhpRp2,0.125,7,7,TCCCGTGAAGCGAGACTCGA,0,2483999
mhpRp2,0.125,7,7,TCCCGCGAGCAACTATTCTA,0,2511494
mhpRp2,0.125,7,7,TCCCGCACCCTGTATAGTGA,0,2512773
mhpRp2,0.125,7,7,TCCCATTGTTTGGAGGGTAC,0,2537354
mhpRp2,0.125,7,7,TCCATGAACACGGCCCGTTC,0,2518218
mhpRp2,0.125,7,7,TCCATCGGAATGCGGTCAGG,0,2505223
mhpRp2,0.125,7,7,TCCAGGGATCCCGCATCTAT,0,2521556
mhpRp2,0.125,7,7,TCCACGTTTCTAGACCTATT,0,2503286
mhpRp2,0.125,7,7,TCCAATTCCTCTGCAGAGGA,0,2501743
mhpRp2,0.125,7,7,TCATAGATCAGCACGAAAGC,0,2506767
mhpRp2,0.125,7,7,TCAGTATGCTGGAACCGCCG,0,2507916
mhpRp2,0.125,7,7,TCAGGGTCTATAGCGAGGAC,0,2536224
mhpRp2,0.125,7,7,TCAGCGCTTAGCTGCGGCTT,0,2516963
mhpRp2,0.125,7,7,TCAGAGGCATTCGTCATTAT,0,2498350
mhpRp2,0.125,7,7,TCAGAGGAAGTGGTTACTAT,0,2503052
mhpRp2,0.125,7,7,TCAGACGCGATACGTTAGCT,0,2520596
mhpRp2,0.125,7,7,TCACTACGGTCCAAGGATCA,0,2533503
mhpRp2,0.125,7,7,TCACGTATGTTGATACTACT,0,2479665
mhpRp2,0.125,7,7,TCACGGCAGTAGCTTTGCCT,0,2526456
mhpRp2,0.125,7,7,TCAAACGGTAATCTTCGGCT,0,2482767
mhpRp2,0.125,7,7,TCAAACGACAGTTCCGCGTC,0,2514029
mhpRp2,0.125,7,7,TATTTATTTGACAGAGTATT,0,2500190
mhpRp2,0.125,7,7,TATTGTCATTCAAGACGTTT,0,2524323
mhpRp2,0.125,7,7,TATTAAATCTATCTGTTGCC,0,2497747
mhpRp2,0.125,7,7,TATCTTCGTGACGGTACTTG,0,2509901
mhpRp2,0.125,7,7,TATCTGAAGCTTGATCGTCT,0,2488944
mhpRp2,0.125,7,7,TATCGACATCGAAGCGGCTC,0,2531705
mhpRp2,0.125,7,7,TATATTTCGAAGCAATGCTG,0,2533708
mhpRp2,0.125,7,7,TATACCCGTCGCGCGCTCTT,0,2489681
mhpRp2,0.125,7,7,TAGGTTGGTCGGGCGGACCT,0,2495782
mhpRp2,0.125,7,7,TAGGTTCACATGAACGATCT,0,2494135
mhpRp2,0.125,7,7,TAGGGGTATGTACCAATAAA,0,2492469
mhpRp2,0.125,7,7,TAGGGCTTCCACTTAGATAT,0,2536344
mhpRp2,0.125,7,7,TAGGGAACGAACGGCACTGC,0,2520077
mhpRp2,0.125,7,7,TAGGCCGTGCACTACGTTAT,0,2522771
mhpRp2,0.125,7,7,TAGGCAAATGGAAACCGCTC,0,2516592
mhpRp2,0.125,7,7,TAGCTTGCAGGTGCCTGAGC,0,2536914
mhpRp2,0.125,7,7,TAGCGTCTTATACTGTGAAC,0,2522666
mhpRp2,0.125,7,7,TAGCCACAGTTGTCAGAAAA,0,2545088
mhpRp2,0.125,7,7,TAGATTATTTGTGGGCTCCA,0,2527897
mhpRp2,0.125,7,7,TAGAGCTGTGCCTATCAGTC,0,2507919
mhpRp2,0.125,7,7,TAGAAGTCAGTACACATGGG,0,2536332
mhpRp2,0.125,7,7,TAGAAAATTAGCCGCCGATT,0,2488859
mhpRp2,0.125,7,7,TACTTGCGAATGGGATGCCA,0,2526790
mhpRp2,0.125,7,7,TACGTGACTAGCATCAGGTC,0,2525908
mhpRp2,0.125,7,7,TACGTACATTACAAATCCCA,0,2481043
mhpRp2,0.125,7,7,TACGGACGGGGTCCCCTCGG,0,2498380
mhpRp2,0.125,7,7,TACGCGGCAGTTTTATCAGA,0,2527623
mhpRp2,0.125,7,7,TACGACTAGCATCCCTGTTA,0,2530536
mhpRp2,0.125,7,7,TACCGCAATATTGCGCTCCA,0,2508219
mhpRp2,0.125,7,7,TACCCCCACCGACCTACGAT,0,2494262
mhpRp2,0.125,7,7,TACCAGTATGACTGAGACCA,0,2497890
mhpRp2,0.125,7,7,TACCAGTAGCCGCTTGAGGG,0,2511709
mhpRp2,0.125,7,7,TACATGGATAAACTCGCTTC,0,2526138
mhpRp2,0.125,7,7,TACATCCCCGGGATTTTCCA,0,2544284
mhpRp2,0.125,7,7,TACAGTTGGCTCTTGTCTGG,0,2514194
mhpRp2,0.125,7,7,TACAGGTACGCGGGGTTTAC,0,2484579
mhpRp2,0.125,7,7,TACACGGTCCGTGTAACGAC,0,2509742
mhpRp2,0.125,7,7,TACACATCAGATCTCCAGAG,0,2536856
mhpRp2,0.125,7,7,TAATTTGATGTTGACTCAGG,0,2498125
mhpRp2,0.125,7,7,TAATTCATAATTGCTCGCAT,0,2494697
mhpRp2,0.125,7,7,TAATGACCAAAATTCAAGGT,0,2535832
mhpRp2,0.125,7,7,TAATCTACCCATTCGACCAG,0,2522934
mhpRp2,0.125,7,7,TAAGTCTTCCTTCGAGGCGG,0,2539239
mhpRp2,0.125,7,7,TAAGGGGAGAGTGTCAAGTC,0,2490305
mhpRp2,0.125,7,7,TAAGGCATTAAACATGTACT,0,2532127
mhpRp2,0.125,7,7,TAAGGACCACGTCCAGCGCC,0,2496350
mhpRp2,0.125,7,7,TAAGCACACGGATCAGCTTC,0,2486309
mhpRp2,0.125,7,7,TAACGCACTTTCTCTACTAC,0,2503890
mhpRp2,0.125,7,7,TAACCTTGCCGGGTGCGTTT,0,2500522
mhpRp2,0.125,7,7,TAACCGTAGAGGGCGGCCCT,0,2496917
mhpRp2,0.125,7,7,TAAATTCATAGTAGACTATT,0,2533136
mhpRp2,0.125,7,7,GTTTTTTTATGACACGAATA,0,2537023
mhpRp2,0.125,7,7,GTTTTTATGTTCGTCTAAGG,0,2542391
mhpRp2,0.125,7,7,GTTTTCCAGGCTATTGTTTA,0,2483865
mhpRp2,0.125,7,7,GTTTTATGCAGGGTTAGAAC,0,2521553
mhpRp2,0.125,7,7,GTTTGGAGCATTCCGGGGTC,0,2523313
mhpRp2,0.125,7,7,GTTTGCAGGGAGGCGGTGTT,0,2495410
mhpRp2,0.125,7,7,GTTTGCAAGTATTGGCGTGA,0,2534101
mhpRp2,0.125,7,7,GTTTGAATTATACCGGTTAA,0,2490511
mhpRp2,0.125,7,7,GTTTCCCGTCGCCACGACTG,0,2522664
mhpRp2,0.125,7,7,GTTTCCAGCACCAATGGGCG,0,2536362
mhpRp2,0.125,7,7,GTTTCAACTCTGCCGATATC,0,2541181
mhpRp2,0.125,7,7,GTTTACGCGCGAGTTGGGAA,0,2493480
mhpRp2,0.125,7,7,GTTTAAAAATGTCATTCTCT,0,2493921
mhpRp2,0.125,7,7,GTTGTGGGTGACAGGGTTTG,0,2545716
mhpRp2,0.125,7,7,GTTCGGTAAACCTCCGTAGA,0,2485323
mhpRp2,0.125,7,7,GTTCGGCTGCGGCGGTAGGA,0,2480733
mhpRp2,0.125,7,7,GTTCGAGTGCGGTTGATATA,0,2526139
mhpRp2,0.125,7,7,GTTCCTGAGCCTCGGCACGT,0,2515202
mhpRp2,0.125,7,7,GTTATTCCCCAGGAAGCAAG,0,2497330
mhpRp2,0.125,7,7,GTTAGCTCCTTTAAGTCTCA,0,2485335
mhpRp2,0.125,7,7,GTTACCCTAGCCGGCCGACG,0,2507010
mhpRp2,0.125,7,7,GTTACAACCCCGTATGTTGA,0,2517693
mhpRp2,0.125,7,7,GTGGGTCCCGTAAGCGGGTC,0,2497674
mhpRp2,0.125,7,7,GTGGGACACGCGCAGCGTAA,0,2496923
mhpRp2,0.125,7,7,GTGGACCTATTAACCTACCT,0,2526756
mhpRp2,0.125,7,7,GTGCTTAGTTCCGGTTCAGC,0,2491194
mhpRp2,0.125,7,7,GTGCGTATGCCTGCAAAGGT,0,2542086
mhpRp2,0.125,7,7,GTGCCTCTACCGACGTTTGA,0,2516421
mhpRp2,0.125,7,7,GTGCAGTTTTACGGTATTGG,0,2489631
mhpRp2,0.125,7,7,GTGATTCTTATGCTATGGGA,0,2482865
mhpRp2,0.125,7,7,GTGATTAGTACAGGTATGAC,0,2485165
mhpRp2,0.125,7,7,GTGAGGCGACGTAAGGTCCG,0,2524088
mhpRp2,0.125,7,7,GTGACAGGCCCACGAGGTGA,0,2545491
mhpRp2,0.125,7,7,GTGAACACGGCACGGCGAGT,0,2481392
mhpRp2,0.125,7,7,GTCTTAGGCATCAGTCAGCA,0,2484311
mhpRp2,0.125,7,7,GTCTCAGTCTGGAACATCAA,0,2528799
mhpRp2,0.125,7,7,GTCGCAGAAGTCGCATCCTA,0,2486787
mhpRp2,0.125,7,7,GTCGAACGGTGTCGGGGGTA,0,2517309
mhpRp2,0.125,7,7,GTCCCTAAAATAACCAGGGT,0,2489358
mhpRp2,0.125,7,7,GTCCCCGAAAGGTTTTTGCA,0,2541282
mhpRp2,0.125,7,7,GTCCAACATTATCACGAACT,0,2501469
mhpRp2,0.125,7,7,GTCATCAAAGTACTTCAAAC,0,2492355
mhpRp2,0.125,7,7,GTCAGGATGCTACCGCTGCA,0,2518920
mhpRp2,0.125,7,7,GTCAGCTGATTTAGGTATTG,0,2510056
mhpRp2,0.125,7,7,GTCAGCGAGTGAGTCCGGGT,0,2543505
mhpRp2,0.125,7,7,GTCAATTCCAGAAGGTCCTG,0,2513930
mhpRp2,0.125,7,7,GTATCAAGAAGCCGCTCCAT,0,2505200
mhpRp2,0.125,7,7,GTATACATCGTCGAGAATCA,0,2482914
mhpRp2,0.125,7,7,GTAGTCTTGGTGAACCTGCT,0,2495855
mhpRp2,0.125,7,7,GTAGGTCAAAATGTCTGTAG,0,2525051
mhpRp2,0.125,7,7,GTAGGGCTGTCGCAAAAAAG,0,2495736
mhpRp2,0.125,7,7,GTAGGATTACTGAAGATTAT,0,2531702
mhpRp2,0.125,7,7,GTAATGTGCCTATATTGTAC,0,2520873
mhpRp2,0.125,7,7,GTAATGGAGGCTCCGATCGG,0,2542588
mhpRp2,0.125,7,7,GTAAGATCGCGACTTATCAC,0,2526741
mhpRp2,0.125,7,7,GTAACTCTATGATCAGATTC,0,2491656
mhpRp2,0.125,7,7,GGTTTTTGCGTCAAACGCTA,0,2540446
mhpRp2,0.125,7,7,GGTTTATAGACGAGAAGTAA,0,2527620
mhpRp2,0.125,7,7,GGTTCGTGTTTTTGGCGCTT,0,2484723
mhpRp2,0.125,7,7,GGTTAGTCGCCCGGAGTCTA,0,2512872
mhpRp2,0.125,7,7,GGTTAGCCCTTGAACTATAA,0,2488852
mhpRp2,0.125,7,7,GGTTACTCGTCGTCGCCCCC,0,2500123
mhpRp2,0.125,7,7,GGTGTTCTGTTTCAGTCATA,0,2537795
mhpRp2,0.125,7,7,GGTGTTCCTATTTGAAGTGT,0,2504852
mhpRp2,0.125,7,7,GGTGCTGTCACGGTACTGAC,0,2514369
mhpRp2,0.125,7,7,GGTGCGCATTATGCTATTGC,0,2483154
mhpRp2,0.125,7,7,GGTGCCGTGGATTTGTTAGC,0,2530354
mhpRp2,0.125,7,7,GGTGCCAGAGGCCAGCATAT,0,2489796
mhpRp2,0.125,7,7,GGTGATCGTAGAAATCTAAG,0,2523392
mhpRp2,0.125,7,7,GGTGACGTGATACGTGGCAA,0,2501959
mhpRp2,0.125,7,7,GGTCTGTCAGCTCACCGTGA,0,2503109
mhpRp2,0.125,7,7,GGTCGTAGGCTAGCGACAAG,0,2520163
mhpRp2,0.125,7,7,GGTCGAACAGTAGGTGTGGG,0,2481790
mhpRp2,0.125,7,7,GGTCCCGGGTGGTCTTGGCT,0,2501914
mhpRp2,0.125,7,7,GGTCATGCTCGGAAGTTAAT,0,2499907
mhpRp2,0.125,7,7,GGTCAGTCAGGTATCGCAGC,0,2527573
mhpRp2,0.125,7,7,GGTCAGACATTAGTGAGAGA,0,2518949
mhpRp2,0.125,7,7,GGTCACGTATGTAGCTCGAA,0,2497758
mhpRp2,0.125,7,7,GGTAAAATGGTACAACAATC,0,2492360
mhpRp2,0.125,7,7,GGGTTGCGGAACATGTCTAA,0,2516571
mhpRp2,0.125,7,7,GGGTTATGTTTTGCTCATCG,0,2537936
mhpRp2,0.125,7,7,GGGTTAGCTGACGTTTCGTT,0,2518009
mhpRp2,0.125,7,7,GGGTGCAGTTTAGTGCCAAA,0,2540484
mhpRp2,0.125,7,7,GGGTACCAGGCCCAGTTGCA,0,2494268
mhpRp2,0.125,7,7,GGGTAAATCGCCCAGATTCT,0,2518290
mhpRp2,0.125,7,7,GGGTAAAGATGTGTGCACTT,0,2488370
mhpRp2,0.125,7,7,GGGGGATTTCCAATATAGAT,0,2516727
mhpRp2,0.125,7,7,GGGGGAAACTATGAAGTAAT,0,2541910
mhpRp2,0.125,7,7,GGGGACGAACGAGAGCACAT,0,2518137
mhpRp2,0.125,7,7,GGGCTTTTGTGGGTCTAGGT,0,2509774
mhpRp2,0.125,7,7,GGGCTCTTCGACATGGTATT,0,2539878
mhpRp2,0.125,7,7,GGGCTAGCTATAGCGTCGAC,0,2496281
mhpRp2,0.125,7,7,GGGCGGTACAAAAAGGGGAA,0,2523228
mhpRp2,0.125,7,7,GGGCCTGGTGAAGACTAGTT,0,2486346
mhpRp2,0.125,7,7,GGGCAACGTCACGCCCCTTC,0,2513655
mhpRp2,0.125,7,7,GGGCAAAACTTCCAGGCGAT,0,2524660
mhpRp2,0.125,7,7,GGGATTTCAAATATGCTGCA,0,2518089
mhpRp2,0.125,7,7,GGGATAATCGCCAGAAATCT,0,2540604
mhpRp2,0.125,7,7,GGGAGGGGTTGCAAAGGGGT,0,2516542
mhpRp2,0.125,7,7,GGGACAGGGGAAATAAAAGG,0,2523251
mhpRp2,0.125,7,7,GGGAAGTATTCATGGTCGTT,0,2528090
mhpRp2,0.125,7,7,GGCTTGGAGCGACTCGGCCA,0,2516745
mhpRp2,0.125,7,7,GGCTGGCTGATGTTACATAT,0,2514128
mhpRp2,0.125,7,7,GGCTACTGTACTGCCGGACT,0,2488722
mhpRp2,0.125,7,7,GGCGTTAGGACTTCAAGTGC,0,2480621
mhpRp2,0.125,7,7,GGCGTGGCCGTGTACAGAAT,0,2486241
mhpRp2,0.125,7,7,GGCGGCTGCTGGAGCGCCTT,0,2506149
mhpRp2,0.125,7,7,GGCGCCGTCGTTGCCTGGTA,0,2481512
mhpRp2,0.125,7,7,GGCGCCACCTAGGTGCGTTG,0,2532712
mhpRp2,0.125,7,7,GGCCTTTTGACTTCGGCAGT,0,2543823
mhpRp2,0.125,7,7,GGCCACGGGCCTAGCTAGAC,0,2527515
mhpRp2,0.125,7,7,GGCATAAACTCTTTCCTGTT,0,2492646
mhpRp2,0.125,7,7,GGATTCGTTTTGTACTAACC,0,2493561
mhpRp2,0.125,7,7,GGATGTCAACGATCGTCGTT,0,2494150
mhpRp2,0.125,7,7,GGATGTACAGACTATATAGG,0,2493928
mhpRp2,0.125,7,7,GGATCAACGGCATGTTATAG,0,2527395
mhpRp2,0.125,7,7,GGATCAACATACGCTTCCAA,0,2530743
mhpRp2,0.125,7,7,GGATAACAAGGCCCAGGATC,0,2484274
mhpRp2,0.125,7,7,GGAGGGGGGCTCGTTCGGCA,0,2527404
mhpRp2,0.125,7,7,GGAGGAAAGCATCAGGCAAC,0,2516857
mhpRp2,0.125,7,7,GGAGCGTTCCTTAGGCATTT,0,2519060
mhpRp2,0.125,7,7,GGACGGGAAGCCCTATCAGT,0,2499076
mhpRp2,0.125,7,7,GGACCCACTGGACCACGCAT,0,2540447
mhpRp2,0.125,7,7,GGAATAAGCGGACGGACGTC,0,2542649
mhpRp2,0.125,7,7,GGAAGTCCGAGGCATACCAT,0,2517177
mhpRp2,0.125,7,7,GGAACTGTCTCGGTCACAGA,0,2528680
mhpRp2,0.125,7,7,GGAAAAGTTCCTCCAACGTA,0,2484086
mhpRp2,0.125,7,7,GCTTATCAATCAGCTGCAGT,0,2515672
mhpRp2,0.125,7,7,GCTTAAATAGGGTCGCGACT,0,2482142
mhpRp2,0.125,7,7,GCTGGATTCTTTAGATCCTA,0,2491232
mhpRp2,0.125,7,7,GCTGAAAGTCGAACGTACTA,0,2514996
mhpRp2,0.125,7,7,GCTCTTTTCGGCCAACTAAG,0,2492708
mhpRp2,0.125,7,7,GCTCAACCAGCATGGACACC,0,2500998
mhpRp2,0.125,7,7,GCTAGGGCAGTCATGTGGAG,0,2484168
mhpRp2,0.125,7,7,GCTAGATTCTGTTAAAGCCC,0,2490836
mhpRp2,0.125,7,7,GCTACTGTTAATGCAATGTG,0,2483009
mhpRp2,0.125,7,7,GCTACCCTACGGAAGCGATT,0,2506532
mhpRp2,0.125,7,7,GCGTGGCGAGCGCACCAACC,0,2503365
mhpRp2,0.125,7,7,GCGTCTGAATCGCACTTTGT,0,2509082
mhpRp2,0.125,7,7,GCGGGATGCATGACATCAAA,0,2517068
mhpRp2,0.125,7,7,GCGGCGTAGAGCAATGTCTT,0,2534536
mhpRp2,0.125,7,7,GCGGCACCATTGAGGAAAGC,0,2542884
mhpRp2,0.125,7,7,GCGGACCAATATTTTATATG,0,2542000
mhpRp2,0.125,7,7,GCGCAGTAAATAGTGGTCTA,0,2524823
mhpRp2,0.125,7,7,GCGAGACAGTGAGACATTGC,0,2507563
mhpRp2,0.125,7,7,GCGAACCTAGCTGGGTACCC,0,2503208
mhpRp2,0.125,7,7,GCCTTTAGTAATATGTCAAC,0,2505300
mhpRp2,0.125,7,7,GCCTTCCTCAATGTATAGCA,0,2504758
mhpRp2,0.125,7,7,GCCTGCACTAGCGGCCTTGT,0,2485699
mhpRp2,0.125,7,7,GCCTCTCTCGATATCGTCAA,0,2521405
mhpRp2,0.125,7,7,GCCGGGAAGTGTGGGTTAGA,0,2489551
mhpRp2,0.125,7,7,GCCGGCAACTTCGTATAGAA,0,2503982
mhpRp2,0.125,7,7,GCCGCACCGAATGAAGGCAT,0,2533599
mhpRp2,0.125,7,7,GCCCTTAATATAGTTGCTAT,0,2501103
mhpRp2,0.125,7,7,GCCCGTGCCCGGAAGTGGAG,0,2515725
mhpRp2,0.125,7,7,GCCCACGTGCCTTCCGTGCA,0,2497657
mhpRp2,0.125,7,7,GCCACGGCGCAGCATGGCTT,0,2534994
mhpRp2,0.125,7,7,GCATTAGGTTGTAAGGGGAG,0,2503758
mhpRp2,0.125,7,7,GCATGTTTGCTACAGTAGGG,0,2506794
mhpRp2,0.125,7,7,GCATGTGGGCCTTTTGGAGT,0,2508665
mhpRp2,0.125,7,7,GCATGCTTGGGATCTCATTC,0,2489894
mhpRp2,0.125,7,7,GCATCCATGCACCGTAGGTA,0,2539636
mhpRp2,0.125,7,7,GCATACCTGCTGTATAAGAC,0,2527832
mhpRp2,0.125,7,7,GCATAATAGAGTCGGAGTTG,0,2526085
mhpRp2,0.125,7,7,GCAGTGAAACGTTAACAAAT,0,2508843
mhpRp2,0.125,7,7,GCAGTATAGATTCAGTGGAC,0,2515760
mhpRp2,0.125,7,7,GCAGGTCAAATGGGGCATGC,0,2498564
mhpRp2,0.125,7,7,GCAGCTGTTCGGCTAGTAAT,0,2532571
mhpRp2,0.125,7,7,GCAGCCGGTTCTACGGAAGT,0,2496949
mhpRp2,0.125,7,7,GCAGAATGGTGATAGCCCAA,0,2487054
mhpRp2,0.125,7,7,GCACTAACGAGGTTGGTATC,0,2499237
mhpRp2,0.125,7,7,GCACGCCGGCCGTTGAATAA,0,2526501
mhpRp2,0.125,7,7,GCACGAGTGACGGCCAAGAG,0,2488442
mhpRp2,0.125,7,7,GCACGAGGAACCCTTTGCTA,0,2509492
mhpRp2,0.125,7,7,GCACCGTCATGCCCAGCAGT,0,2545229
mhpRp2,0.125,7,7,GCACCAGAATAAGTTCTTGG,0,2496502
mhpRp2,0.125,7,7,GCAAAGGTGTATACCGCTAA,0,2503183
mhpRp2,0.125,7,7,GCAAAACCGGGATCCAGACA,0,2524186
mhpRp2,0.125,7,7,GATTGGTATGGATAGGCTAG,0,2502342
mhpRp2,0.125,7,7,GATTCTTGATTGAAGTGTTA,0,2531917
mhpRp2,0.125,7,7,GATTCCTCGCGCAGGGATCC,0,2488584
mhpRp2,0.125,7,7,GATTCAGACATACGGCCTTT,0,2528101
mhpRp2,0.125,7,7,GATGTAGTCACACGAGCTTT,0,2491378
mhpRp2,0.125,7,7,GATGGGGAGGGCTGAGTTCG,0,2504519
mhpRp2,0.125,7,7,GATGGGATGTAACGCTCTCA,0,2490382
mhpRp2,0.125,7,7,GATGGATAGAAGAGTGGTAA,0,2481284
mhpRp2,0.125,7,7,GATGGACAACTCACTACAAT,0,2545580
mhpRp2,0.125,7,7,GATCTAGGTCGTGTTATGTG,0,2543149
mhpRp2,0.125,7,7,GATCGGGTTGACAGATTTCT,0,2483623
mhpRp2,0.125,7,7,GATCGAGCGCATACTACAGA,0,2497204
mhpRp2,0.125,7,7,GATATGGACCGGGGCAGTGG,0,2523393
mhpRp2,0.125,7,7,GATAGCGCAATACTTCCCTT,0,2521512
mhpRp2,0.125,7,7,GATACATGAGGTGCGTGCGT,0,2531556
mhpRp2,0.125,7,7,GAGTTGCACGCGCTATCCGA,0,2504392
mhpRp2,0.125,7,7,GAGTTCTCGCCTGGGCCAGT,0,2534717
mhpRp2,0.125,7,7,GAGTCTACTGGTTCTCCTCG,0,2493517
mhpRp2,0.125,7,7,GAGTCGATTCCGCGGGCGTC,0,2508015
mhpRp2,0.125,7,7,GAGTCGAATAGGCCGCAGAT,0,2482160
mhpRp2,0.125,7,7,GAGTCCGCCAGAAGCAACGT,0,2500740
mhpRp2,0.125,7,7,GAGTCCCCAGCTATCCGGCA,0,2535813
mhpRp2,0.125,7,7,GAGTACGTTACCCGTGCATC,0,2488829
mhpRp2,0.125,7,7,GAGGTGAACTCGTTCGTAGA,0,2507703
mhpRp2,0.125,7,7,GAGGGGGATCTTGAATTGTG,0,2513858
mhpRp2,0.125,7,7,GAGCGAGCCTCCCTTGAGCA,0,2484144
mhpRp2,0.125,7,7,GAGCCTCTCGTGGCACCATT,0,2523901
mhpRp2,0.125,7,7,GAGCAACTCACAAGATGAGC,0,2539770
mhpRp2,0.125,7,7,GAGAGTCATTCATTGGACGG,0,2524950
mhpRp2,0.125,7,7,GAGAGATGGGGGCGCCTTGG,0,2501747
mhpRp2,0.125,7,7,GAGACCCAATGGGACGCTTG,0,2498234
mhpRp2,0.125,7,7,GACTTACCGAGTGAAAAGGT,0,2493799
mhpRp2,0.125,7,7,GACTGCCACGTCCGAGGTTG,0,2503112
mhpRp2,0.125,7,7,GACTCCCCCGTAGTAGACGT,0,2498724
mhpRp2,0.125,7,7,GACTAAGTCTTGGGGTCAAA,0,2494386
mhpRp2,0.125,7,7,GACGTGAGCAGCTGGTTTAT,0,2510684
mhpRp2,0.125,7,7,GACGGTTAACACAAAAGGTC,0,2526677
mhpRp2,0.125,7,7,GACGGGAGATACCGTGTTCG,0,2492599
mhpRp2,0.125,7,7,GACGATTGACGACTGAATTA,0,2517107
mhpRp2,0.125,7,7,GACGAGCCCATCGTTCTTGC,0,2539374
mhpRp2,0.125,7,7,GACCTCTAGAAGCGTTTCCT,0,2538232
mhpRp2,0.125,7,7,GACCGACTGTGTGGTGTCCC,0,2520707
mhpRp2,0.125,7,7,GACCCCCCCGGGGCTGGAAC,0,2501740
mhpRp2,0.125,7,7,GACAGTGGGTAACGCCTTGA,0,2515494
mhpRp2,0.125,7,7,GACAGCGGCCAACAAGCTTT,0,2502068
mhpRp2,0.125,7,7,GACACTACCTGAGGCAATGA,0,2504509
mhpRp2,0.125,7,7,GACAAGGTCCGGTGTAGGCT,0,2534699
mhpRp2,0.125,7,7,GACAAATTATTCCGTAATGC,0,2540648
mhpRp2,0.125,7,7,GAATTGCCAAGGCGGAGCAT,0,2489870
mhpRp2,0.125,7,7,GAATTACGTACTCCTCGTTG,0,2492414
mhpRp2,0.125,7,7,GAATTAACCAGCAAAGGGTT,0,2509326
mhpRp2,0.125,7,7,GAATCTATCGGAAACAGCCC,0,2535593
mhpRp2,0.125,7,7,GAATCCCCTATCGCTATGCT,0,2502010
mhpRp2,0.125,7,7,GAATACCAGCTGGGCTTATT,0,2525640
mhpRp2,0.125,7,7,GAAGGTGATGGCAACACCCC,0,2500529
mhpRp2,0.125,7,7,GAAGCGACTGGGTTTGCGTC,0,2527421
mhpRp2,0.125,7,7,GAACACTACAGATAGTAGAG,0,2522094
mhpRp2,0.125,7,7,GAACAACCCAACCCGACTCC,0,2515245
mhpRp2,0.125,7,7,GAAATAGATGTCTAACTTTT,0,2495320
mhpRp2,0.125,7,7,GAAAAGGATAGGAGAGTCTA,0,2535421
mhpRp2,0.125,7,7,CTTTTAACTACGTTTCCGTG,0,2486001
mhpRp2,0.125,7,7,CTTTGATTAAGGCGCTTACG,0,2514238
mhpRp2,0.125,7,7,CTTTACGGCCTGCCGTGCTC,0,2523444
mhpRp2,0.125,7,7,CTTTACCCATTCAGAGCCGT,0,2518399
mhpRp2,0.125,7,7,CTTGGCTCGGATCCCAACTT,0,2483157
mhpRp2,0.125,7,7,CTTGGAAATCAACCATACGA,0,2519508
mhpRp2,0.125,7,7,CTTGCTTACGACCCACTACT,0,2501394
mhpRp2,0.125,7,7,CTTGAGGGGAGCGAAAATGC,0,2540554
mhpRp2,0.125,7,7,CTTCTGACTCGTGCTGGCAG,0,2515517
mhpRp2,0.125,7,7,CTTCTACAAGATTCTTACTG,0,2522990
mhpRp2,0.125,7,7,CTTCCCGACTTTGTAAGTCA,0,2533548
mhpRp2,0.125,7,7,CTTATGTGAAATCCTTTGTT,0,2506445
mhpRp2,0.125,7,7,CTTATACCTACAATGTATTA,0,2527187
mhpRp2,0.125,7,7,CTTAGCCTACATTTACTGGA,0,2483609
mhpRp2,0.125,7,7,CTTAAATCGTCCCGGTTGTC,0,2531418
mhpRp2,0.125,7,7,CTGTTCAACAGCGGAGAAAA,0,2481478
mhpRp2,0.125,7,7,CTGTCTGCCGCAGCATGGTC,0,2518701
mhpRp2,0.125,7,7,CTGTCCACATTCGATTAATA,0,2529136
mhpRp2,0.125,7,7,CTGTCATCCGCGCATTAGTT,0,2530619
mhpRp2,0.125,7,7,CTGTAGCGTTAGGGTCCAGG,0,2487485
mhpRp2,0.125,7,7,CTGGTTTTAAGTCTACTTTT,0,2488985
mhpRp2,0.125,7,7,CTGGTCTCCCCCGTTAGCCA,0,2493596
mhpRp2,0.125,7,7,CTGGGTTATGATAATCAACT,0,2521343
mhpRp2,0.125,7,7,CTGGGCTCGGGAGTAGAGGG,0,2502696
mhpRp2,0.125,7,7,CTGGGCCAGTCCTTGTACAG,0,2483140
mhpRp2,0.125,7,7,CTGCTGCGCCGTCTGGACGT,0,2525169
mhpRp2,0.125,7,7,CTGCCCTAGGACTGGATTCA,0,2522095
mhpRp2,0.125,7,7,CTGCCCCGATTACAGGAGTG,0,2499481
mhpRp2,0.125,7,7,CTGAGTAGGCCAGGTGGGGC,0,2490165
mhpRp2,0.125,7,7,CTGACGTCGTAGTCCTAGAT,0,2503715
mhpRp2,0.125,7,7,CTGACGCGATTCCGAGAAGA,0,2490220
mhpRp2,0.125,7,7,CTCTGGATTCAGTGGCATAA,0,2528708
mhpRp2,0.125,7,7,CTCTGGAGAGCAATTCACGC,0,2524321
mhpRp2,0.125,7,7,CTCTCGAGGGGAAGATTCCA,0,2542219
mhpRp2,0.125,7,7,CTCTATAGTAGCTTAGTAGA,0,2541062
mhpRp2,0.125,7,7,CTCGACTCGAGTAACATGTG,0,2494196
mhpRp2,0.125,7,7,CTCGACACACCTAAGCAAAC,0,2516404
mhpRp2,0.125,7,7,CTCCTGAGTGAATTGGTTAA,0,2532967
mhpRp2,0.125,7,7,CTCCCGCTTTGTGGTACAAA,0,2492894
mhpRp2,0.125,7,7,CTCCAGCATAGCACGGGTAG,0,2537639
mhpRp2,0.125,7,7,CTCCAATAGTACCCCCGTTA,0,2544952
mhpRp2,0.125,7,7,CTCATTTCGGTCAGTGCGAC,0,2483489
mhpRp2,0.125,7,7,CTCAGGCTCCGGAGTTTGGT,0,2498056
mhpRp2,0.125,7,7,CTCAGAGATTGCGGTTAATA,0,2523971
mhpRp2,0.125,7,7,CTCACCGTAGGGGCAGGTTA,0,2486489
mhpRp2,0.125,7,7,CTCAAGATGACTGACCCCAA,0,2507629
mhpRp2,0.125,7,7,CTATTTGAACATCAGATATA,0,2508606
mhpRp2,0.125,7,7,CTATTTCAAGGAAGTGCTCT,0,2525500
mhpRp2,0.125,7,7,CTATGGTTGGCCGGCTGCCA,0,2540792
mhpRp2,0.125,7,7,CTATGCACTAAGCTTCAGAC,0,2500964
mhpRp2,0.125,7,7,CTATCTCGCACTTCCAGGCC,0,2511210
mhpRp2,0.125,7,7,CTATATGGGGAGTGACGGAT,0,2493570
mhpRp2,0.125,7,7,CTATAATTGCTCCTAAAAGG,0,2525578
mhpRp2,0.125,7,7,CTAGCCCTTTGTCTACTCGT,0,2492257
mhpRp2,0.125,7,7,CTAGAGCCACCGATTGGAGG,0,2542040
mhpRp2,0.125,7,7,CTAGAATACCTTGCACGGGT,0,2530402
mhpRp2,0.125,7,7,CTACGTTATTAGACGGGCAG,0,2528418
mhpRp2,0.125,7,7,CTACGTCTTCTTTCGCGACC,0,2491573
mhpRp2,0.125,7,7,CTACGCCCGACCCGGTCGCA,0,2490448
mhpRp2,0.125,7,7,CTACATCTACGCGCGGCATT,0,2525812
mhpRp2,0.125,7,7,CTACAAAGCATAGGTACAAG,0,2540490
mhpRp2,0.125,7,7,CTAAGGCGGGGCAACAGGTA,0,2495635
mhpRp2,0.125,7,7,CTAACTGCATCGAGGCTATG,0,2485420
mhpRp2,0.125,7,7,CTAACCTTATACCGCCCTTC,0,2526420
mhpRp2,0.125,7,7,CTAAAGCCCGATGTTTTCGC,0,2492267
mhpRp2,0.125,7,7,CTAAAAGGACGAACGAACCG,0,2493453
mhpRp2,0.125,7,7,CGTTTTACGGAACTTCCCGG,0,2532495
mhpRp2,0.125,7,7,CGTTTAGTGTTTAAAAGCAG,0,2497245
mhpRp2,0.125,7,7,CGTTCGGATGGGCCACATAG,0,2528916
mhpRp2,0.125,7,7,CGTTCAACGCAACGCACAAG,0,2540717
mhpRp2,0.125,7,7,CGTTAGTGGCAAGATTGCGA,0,2529440
mhpRp2,0.125,7,7,CGTTAACTAGGGGGACCTTT,0,2488448
mhpRp2,0.125,7,7,CGTTAAAAGCACTCTTCCAA,0,2511125
mhpRp2,0.125,7,7,CGTGTGTATTGCGTCGGGGC,0,2510156
mhpRp2,0.125,7,7,CGTCTCGCTCAGCCCCTCTC,0,2499845
mhpRp2,0.125,7,7,CGTCCCCGTCAACTGAAGAG,0,2505043
mhpRp2,0.125,7,7,CGTCACGGTAGAGAGTTGGC,0,2526041
mhpRp2,0.125,7,7,CGTAGATGTGGCTGGTCGAT,0,2518100
mhpRp2,0.125,7,7,CGTAGAATCTGAAAACAAAC,0,2537791
mhpRp2,0.125,7,7,CGTACCTTGCAGGCTATGCT,0,2541078
mhpRp2,0.125,7,7,CGTAACATTTATACTCTATT,0,2545561
mhpRp2,0.125,7,7,CGGTTCTCACTCTAATAGGG,0,2484784
mhpRp2,0.125,7,7,CGGTGAGTTTCGGATCCGTG,0,2534730
mhpRp2,0.125,7,7,CGGTCATGTGTTCGGCAAGT,0,2521658
mhpRp2,0.125,7,7,CGGTACGAGGTCATGTAGGC,0,2539422
mhpRp2,0.125,7,7,CGGGTGATTACGAAGATGAA,0,2542868
mhpRp2,0.125,7,7,CGGGCGCAGAGTCGTCTCCT,0,2544325
mhpRp2,0.125,7,7,CGGGCGAGTTGACTTGGCTG,0,2540547
mhpRp2,0.125,7,7,CGGGCATTTTGCACGGAACT,0,2524416
mhpRp2,0.125,7,7,CGGGATTCGCACCCCTAAGA,0,2519417
mhpRp2,0.125,7,7,CGGGATACGTGGTTCGTTTA,0,2538079
mhpRp2,0.125,7,7,CGGCTGTGCTTATAGTTATA,0,2486477
mhpRp2,0.125,7,7,CGGCTGAATTATGACCAGCG,0,2509708
mhpRp2,0.125,7,7,CGGCTAGGTATACGTGTGGA,0,2539651
mhpRp2,0.125,7,7,CGGCTAATTTTGGAGGTTAA,0,2502995
mhpRp2,0.125,7,7,CGGCGTATTGCGCTTTATAC,0,2528278
mhpRp2,0.125,7,7,CGGCGACTCCTGATCCGCTC,0,2514512
mhpRp2,0.125,7,7,CGGCCAGAGCGATACGCTAG,0,2538323
mhpRp2,0.125,7,7,CGGCCAAAGATTACTTGTAC,0,2500906
mhpRp2,0.125,7,7,CGGCACCTGAAACACGCAGT,0,2516319
mhpRp2,0.125,7,7,CGGATTTGCAGCTGTACCAA,0,2498235
mhpRp2,0.125,7,7,CGGATCAATAGCCAGGCATT,0,2528997
mhpRp2,0.125,7,7,CGGAGTTACGCTTATAAGTT,0,2481706
mhpRp2,0.125,7,7,CGGAGAGTTGTGCGTGCCTC,0,2516931
mhpRp2,0.125,7,7,CGGACCTAAAACCGACGTTG,0,2536285
mhpRp2,0.125,7,7,CGCTTGTACGGATTGAGTTA,0,2532308
mhpRp2,0.125,7,7,CGCTGGTATCCCTCTCTCTT,0,2483185
mhpRp2,0.125,7,7,CGCTGCTCCATGAGTCCATA,0,2481630
mhpRp2,0.125,7,7,CGCTGCATATGGGGCGCGCA,0,2497493
mhpRp2,0.125,7,7,CGCTATCAGTTCCTATATGC,0,2491394
mhpRp2,0.125,7,7,CGCGGGTCGTTTATTTGCTT,0,2492856
mhpRp2,0.125,7,7,CGCGGCTCGTGTAACATCCT,0,2488675
mhpRp2,0.125,7,7,CGCGGCCCACGCAGAGTATT,0,2505150
mhpRp2,0.125,7,7,CGCGGCCAAAAGGCGCAGGT,0,2515410
mhpRp2,0.125,7,7,CGCGGCATTCAATAGAGGGA,0,2537002
mhpRp2,0.125,7,7,CGCGACTAAGGAACGCTCAA,0,2530088
mhpRp2,0.125,7,7,CGCCGCAATCCATTCACTGA,0,2484369
mhpRp2,0.125,7,7,CGCCCGTTTCAGACGTTCTC,0,2484218
mhpRp2,0.125,7,7,CGCCAGGTCCGTGAGGGATT,0,2530874
mhpRp2,0.125,7,7,CGCATTCGTATCTCTTTAAT,0,2482824
mhpRp2,0.125,7,7,CGCATCGCGCTTGGACATCT,0,2537119
mhpRp2,0.125,7,7,CGCACTAAAATAAGGTGCCA,0,2486139
mhpRp2,0.125,7,7,CGCACAGTTTAGCCCTATTC,0,2500410
mhpRp2,0.125,7,7,CGATTTGGAGGCCCATCCGA,0,2481939
mhpRp2,0.125,7,7,CGATTCATCAAATCTATTCA,0,2492839
mhpRp2,0.125,7,7,CGATCATTAATCTCCTGGAC,0,2518585
mhpRp2,0.125,7,7,CGATATGGATCCCACCGAAA,0,2535034
mhpRp2,0.125,7,7,CGAGTTCTAGGGCCAATGGC,0,2502205
mhpRp2,0.125,7,7,CGAGCTGACGGAGGCGTACA,0,2518417
mhpRp2,0.125,7,7,CGAGATAAACGGAACTCTTA,0,2522426
mhpRp2,0.125,7,7,CGACCCACTAGCTTAATCGG,0,2499309
mhpRp2,0.125,7,7,CGACAGCATTTTGTGTACAC,0,2536142
mhpRp2,0.125,7,7,CGAATATCTAACTATTAATC,0,2485149
mhpRp2,0.125,7,7,CGAAGGATGTAGGTGTCACT,0,2489081
mhpRp2,0.125,7,7,CGAACGGTTCACGGCCGGTT,0,2483164
mhpRp2,0.125,7,7,CGAAACCTCGATTGCTGGGA,0,2535694
mhpRp2,0.125,7,7,CCTTGCACCGCCGGCCATTC,0,2518483
mhpRp2,0.125,7,7,CCTTCTGTCTAACCAAATCG,0,2505293
mhpRp2,0.125,7,7,CCTTCGGTTTGGTGCTGCCC,0,2484671
mhpRp2,0.125,7,7,CCTTATCTGGAACTACTACA,0,2519302
mhpRp2,0.125,7,7,CCTTAGGCAGCTGTTTGCGA,0,2534904
mhpRp2,0.125,7,7,CCTTAGCCACCGTAATTTTA,0,2483954
mhpRp2,0.125,7,7,CCTGTGACAGGTCCGACAAT,0,2526228
mhpRp2,0.125,7,7,CCTGGGGGCAGTCCCATAAT,0,2498926
mhpRp2,0.125,7,7,CCTGCTCCTTACGGCATCAG,0,2521537
mhpRp2,0.125,7,7,CCTGCGCGGTAGGTCAATGT,0,2498682
mhpRp2,0.125,7,7,CCTGACCTCAAGATAAACAT,0,2512074
mhpRp2,0.125,7,7,CCTCTTATTGCTGAGGTCAT,0,2505918
mhpRp2,0.125,7,7,CCTCTACGCGTAGAAAGGCT,0,2511198
mhpRp2,0.125,7,7,CCTCCATACATGTTTCAGCT,0,2528472
mhpRp2,0.125,7,7,CCTCAGATCAGTTACGGGTT,0,2497681
mhpRp2,0.125,7,7,CCTATCTCGCTGTCATGCGG,0,2512084
mhpRp2,0.125,7,7,CCTAGTATAAGCGTACCATG,0,2531027
mhpRp2,0.125,7,7,CCTAGCGGAGTTTAAAGCTA,0,2533895
mhpRp2,0.125,7,7,CCTACCTCTGCGCGGCGATT,0,2504050
mhpRp2,0.125,7,7,CCTAAAGGATAGAGTAGAGA,0,2496497
mhpRp2,0.125,7,7,CCGTTGCGTCGTCGCGGCTT,0,2506844
mhpRp2,0.125,7,7,CCGTCTCAAGTGGGGTCGGT,0,2509888
mhpRp2,0.125,7,7,CCGTCTATAGCCGATGTTTC,0,2488101
mhpRp2,0.125,7,7,CCGGTACACCCGCCGTCCTA,0,2543983
mhpRp2,0.125,7,7,CCGGCCGTACTAATGCCCCG,0,2505910
mhpRp2,0.125,7,7,CCGGCATTACCGGTCTAATT,0,2519336
mhpRp2,0.125,7,7,CCGGACTTTTGCACCGTCTT,0,2542444
mhpRp2,0.125,7,7,CCGCTCGCCCGATCAGACAT,0,2493479
mhpRp2,0.125,7,7,CCGCGATGTCGCCGCGCATG,0,2525876
mhpRp2,0.125,7,7,CCGCGAGTCCTGAACTAGGT,0,2496513
mhpRp2,0.125,7,7,CCGCCCATCAGGAAAGGTGG,0,2492801
mhpRp2,0.125,7,7,CCGAGCATAACAACCTAGCT,0,2505642
mhpRp2,0.125,7,7,CCGACAAGGGACTATATCGT,0,2544100
mhpRp2,0.125,7,7,CCCTCGGATTTAAAGCAAGT,0,2512548
mhpRp2,0.125,7,7,CCCGTTCTCGGGGGACGATT,0,2525897
mhpRp2,0.125,7,7,CCCGTGGGACCGTCAGACGT,0,2529305
mhpRp2,0.125,7,7,CCCGGGCACGGCGTGGGTGA,0,2504276
mhpRp2,0.125,7,7,CCCGGCCGGCTGATATTGAT,0,2526152
mhpRp2,0.125,7,7,CCCGGATATTGATAGGGTGA,0,2540545
mhpRp2,0.125,7,7,CCCGAGTACGGAGGTGACGA,0,2484174
mhpRp2,0.125,7,7,CCCCTTATAAGTCCTATATC,0,2524969
mhpRp2,0.125,7,7,CCCCTCGAGCGCCCAGACCC,0,2496928
mhpRp2,0.125,7,7,CCCCTCATCTCTCAGATTCG,0,2523531
mhpRp2,0.125,7,7,CCCCGTGAATATGCATGCTC,0,2524839
mhpRp2,0.125,7,7,CCCCCACAATGAGTAAGAGC,0,2483538
mhpRp2,0.125,7,7,CCCCACCTCCAGTCGCCTAT,0,2540852
mhpRp2,0.125,7,7,CCCCAAGTTACGTAGGTCCG,0,2531840
mhpRp2,0.125,7,7,CCCATGTTCCCTCTTGTTAT,0,2503002
mhpRp2,0.125,7,7,CCCATCGACACATTCAAGTA,0,2493484
mhpRp2,0.125,7,7,CCCAGGCGTGTTTACGCTCT,0,2543689
mhpRp2,0.125,7,7,CCCACAGGGCTGCCAAGGCC,0,2482170
mhpRp2,0.125,7,7,CCATTTTCTATTGAGTGGAC,0,2512781
mhpRp2,0.125,7,7,CCATTTGAAGTTTGGACTGA,0,2483617
mhpRp2,0.125,7,7,CCATTTAGCAAGAATACGAA,0,2515790
mhpRp2,0.125,7,7,CCATATGTCAATAGGTTGTG,0,2541847
mhpRp2,0.125,7,7,CCATAGGACTACGGCTCGTT,0,2484497
mhpRp2,0.125,7,7,CCATACTTCCCGAAGTATCA,0,2493732
mhpRp2,0.125,7,7,CCATAACGTCGAAGGGGCCT,0,2481456
mhpRp2,0.125,7,7,CCAGTCGGCGATTGACTTCT,0,2495238
mhpRp2,0.125,7,7,CCAGCTTCGTGGAAAGGAAT,0,2525410
mhpRp2,0.125,7,7,CCAGCTTAATCTTGTCATCC,0,2511969
mhpRp2,0.125,7,7,CCACTATTGTCGATTGACCG,0,2536997
mhpRp2,0.125,7,7,CCAATTCTTGTAACCCTACA,0,2514110
mhpRp2,0.125,7,7,CCAAGTGAGATATTATCCCA,0,2514597
mhpRp2,0.125,7,7,CCAAGGGGCGAAAGACGTTC,0,2514464
mhpRp2,0.125,7,7,CCAAGCGGTACAAATAACAC,0,2484991
mhpRp2,0.125,7,7,CCAAGACACCCCTGACATAA,0,2513783
mhpRp2,0.125,7,7,CATTGGATGTTATTCGACGC,0,2523140
mhpRp2,0.125,7,7,CATGCTCCGGCATGGATCGC,0,2538418
mhpRp2,0.125,7,7,CATGAGAACACTAGACCCGT,0,2542754
mhpRp2,0.125,7,7,CATGACAGACTCAATAGCAT,0,2521101
mhpRp2,0.125,7,7,CATGAATTATCTGAGTCGAT,0,2501005
mhpRp2,0.125,7,7,CATCTTCTAGACCGGTGCAT,0,2515975
mhpRp2,0.125,7,7,CATCTGCAGTTTCCCAGCCG,0,2482546
mhpRp2,0.125,7,7,CATCAACAATGTATAAGAAA,0,2502219
mhpRp2,0.125,7,7,CATATTCTACCATACGTACC,0,2518900
mhpRp2,0.125,7,7,CATACTGCCCTTATAAAGGG,0,2488838
mhpRp2,0.125,7,7,CATACAGATAATCGGGGTCT,0,2530166
mhpRp2,0.125,7,7,CATAAATCTACACTAGAAGA,0,2520120
mhpRp2,0.125,7,7,CAGTGACAGTGAGTCTTCTG,0,2482227
mhpRp2,0.125,7,7,CAGGGTCGCCAGGTGTCAGT,0,2506448
mhpRp2,0.125,7,7,CAGGGGACCCAGAGGTAAAG,0,2505711
mhpRp2,0.125,7,7,CAGGAAGGTTCCAAGGTCGC,0,2502892
mhpRp2,0.125,7,7,CAGCTCTCGCCAGAAATACG,0,2536897
mhpRp2,0.125,7,7,CAGCGGAGCTACTCTCGGGT,0,2505279
mhpRp2,0.125,7,7,CAGCAGGACCCGCTGACATC,0,2486667
mhpRp2,0.125,7,7,CAGATCTTTAATGGAAGGAT,0,2532078
mhpRp2,0.125,7,7,CAGAGTCGCCGGATATTAGA,0,2524543
mhpRp2,0.125,7,7,CAGAGGCCGTTCTCCATGCA,0,2514466
mhpRp2,0.125,7,7,CAGAAGGGCGCTGGCCAGAT,0,2536290
mhpRp2,0.125,7,7,CAGAAGGGCACCGAGCGGAC,0,2523530
mhpRp2,0.125,7,7,CAGAACATCTTGGAATGAAA,0,2503750
mhpRp2,0.125,7,7,CACTTTTGACTTAGGTTCGA,0,2503606
mhpRp2,0.125,7,7,CACTTGCGCGAGCTCAACAC,0,2507798
mhpRp2,0.125,7,7,CACTCCTTGTTCCGAGGGTT,0,2497887
mhpRp2,0.125,7,7,CACTCCGTCTAGTTAAGATG,0,2504683
mhpRp2,0.125,7,7,CACGTGTATTAGTACATTCC,0,2492904
mhpRp2,0.125,7,7,CACGCGAGCCACGACGTTGC,0,2515868
mhpRp2,0.125,7,7,CACGCCTTACTATGGGCCCA,0,2502181
mhpRp2,0.125,7,7,CACGATTGAGAAAGTGCGGA,0,2534178
mhpRp2,0.125,7,7,CACCGCAGGTGGAGGGCACA,0,2516804
mhpRp2,0.125,7,7,CACCCTTCCCTCTCAAGCGG,0,2487400
mhpRp2,0.125,7,7,CACATTGCTCTTTCCATGGA,0,2493117
mhpRp2,0.125,7,7,CACATAGTGTATCCCGTGTC,0,2482081
mhpRp2,0.125,7,7,CACACGTCCGTAAGCTAGAT,0,2484551
mhpRp2,0.125,7,7,CACAAACGAGAAGAATTTAG,0,2522407
mhpRp2,0.125,7,7,CAATTAGGTATGACATCCCT,0,2500117
mhpRp2,0.125,7,7,CAATGGCTTTCCAGCTGCTA,0,2505127
mhpRp2,0.125,7,7,CAAGTTACCGATCGTTGCAA,0,2508181
mhpRp2,0.125,7,7,CAAGGGGAACCCGGGCAGAT,0,2491469
mhpRp2,0.125,7,7,CAAGCCTCAGGGCACTGACA,0,2482923
mhpRp2,0.125,7,7,CAACGCCGTTGTGATTGCTT,0,2538588
mhpRp2,0.125,7,7,CAAATTCGTATGAAGTAGTA,0,2485726
mhpRp2,0.125,7,7,CAAAGGGAACTAATCATTGA,0,2525238
mhpRp2,0.125,7,7,CAAAGGACTGAAGCATCTGC,0,2516493
mhpRp2,0.125,7,7,CAAACATCTGATAGGGTTTG,0,2502951
mhpRp2,0.125,7,7,ATTTCTTTTCTCAGTAGGTC,0,2497954
mhpRp2,0.125,7,7,ATTTCGAAAACTGGCGTCAC,0,2524555
mhpRp2,0.125,7,7,ATTTATGTACGGGCACATAT,0,2493283
mhpRp2,0.125,7,7,ATTTACTGGAGCAACGCCTC,0,2480094
mhpRp2,0.125,7,7,ATTTACTGAAACTATTAAGA,0,2528971
mhpRp2,0.125,7,7,ATTTACAGTTATCATTCGTT,0,2530508
mhpRp2,0.125,7,7,ATTGTCTGACATTCGACTGG,0,2545494
mhpRp2,0.125,7,7,ATTGTCACGCAACCTTTAAT,0,2498714
mhpRp2,0.125,7,7,ATTGGTGGCAAACTAGCAAT,0,2512608
mhpRp2,0.125,7,7,ATTGACGGCATTTAGTTGAT,0,2500220
mhpRp2,0.125,7,7,ATTGAAGATATGCCCGAAGG,0,2537505
mhpRp2,0.125,7,7,ATTCTTTAACCGAAAAACAA,0,2484580
mhpRp2,0.125,7,7,ATTCATCCTACTTGGAGTGT,0,2530566
mhpRp2,0.125,7,7,ATTCACTACATTGTGGCTTT,0,2494394
mhpRp2,0.125,7,7,ATTCACCTAAAGCGCTCACG,0,2517178
mhpRp2,0.125,7,7,ATTATTAACCTGCCGTGAAA,0,2529357
mhpRp2,0.125,7,7,ATTATCAATAAGAGATCGTT,0,2533488
mhpRp2,0.125,7,7,ATTAATAGCAGAATCCTTCG,0,2521090
mhpRp2,0.125,7,7,ATTAAGAGTATGTCCTCCGT,0,2522028
mhpRp2,0.125,7,7,ATGTGTTTAAGCCCAAGCGG,0,2479578
mhpRp2,0.125,7,7,ATGTCTCGCTATTAAAACTT,0,2535758
mhpRp2,0.125,7,7,ATGTAGCGGTCGGATGAAAC,0,2534462
mhpRp2,0.125,7,7,ATGGTGGTTTAAAATACAAT,0,2525732
mhpRp2,0.125,7,7,ATGGTGCTTTAGCTTGATAA,0,2536839
mhpRp2,0.125,7,7,ATGGCAAATGGGCTCTCTGC,0,2490918
mhpRp2,0.125,7,7,ATGGAACGCACTTACGCATT,0,2542729
mhpRp2,0.125,7,7,ATGCTTCTGCAGTTTGGTCC,0,2483642
mhpRp2,0.125,7,7,ATGCTAGAGGTCTTCGACGC,0,2502862
mhpRp2,0.125,7,7,ATGCGAGCCGCGGCACGGCA,0,2491250
mhpRp2,0.125,7,7,ATGCCACCCCGGGAGCGGAG,0,2486609
mhpRp2,0.125,7,7,ATGCACTGTCGTTTAGTTAC,0,2517626
mhpRp2,0.125,7,7,ATGCACGAAGGATCCGTAAG,0,2494487
mhpRp2,0.125,7,7,ATGCAATTCGAATTACGATG,0,2520750
mhpRp2,0.125,7,7,ATGAGAGACCTCGCATTCAA,0,2538086
mhpRp2,0.125,7,7,ATGAATATCGTATACAGTCT,0,2514386
mhpRp2,0.125,7,7,ATCTCCAAAGCGGGCTCTCA,0,2502592
mhpRp2,0.125,7,7,ATCTATATAGTTGGGATAGA,0,2524907
mhpRp2,0.125,7,7,ATCTAAAGTGCTAGTTGTAG,0,2500960
mhpRp2,0.125,7,7,ATCGGCGGCCTCGTATCTGG,0,2523156
mhpRp2,0.125,7,7,ATCGGCCGCCATCACGCCCT,0,2523712
mhpRp2,0.125,7,7,ATCGGACAACTTGGTCAGGT,0,2505432
mhpRp2,0.125,7,7,ATCGCATGCAAAAGCGTGCA,0,2540564
mhpRp2,0.125,7,7,ATCCTTGCCTTTGGGCAGGG,0,2484055
mhpRp2,0.125,7,7,ATCCGCCGTCCCGCATGCCT,0,2535105
mhpRp2,0.125,7,7,ATCCCTATAGTATTGAGAAC,0,2495624
mhpRp2,0.125,7,7,ATCCCGTCATCGACAGTCTT,0,2516175
mhpRp2,0.125,7,7,ATCCACTACGCAGATTTGCG,0,2486013
mhpRp2,0.125,7,7,ATCATGACAGTCACCTAAAA,0,2489807
mhpRp2,0.125,7,7,ATCAGGCTCCCTTCGTTAGT,0,2543929
mhpRp2,0.125,7,7,ATCAGGCCAGGCTAGGGCAA,0,2527751
mhpRp2,0.125,7,7,ATCACTTGGAAACTCGATCA,0,2495145
mhpRp2,0.125,7,7,ATCACAACCCGATGTTAACC,0,2540834
mhpRp2,0.125,7,7,ATATTTGATGGTAAACATGT,0,2481039
mhpRp2,0.125,7,7,ATATTAGTAGCAGTCATGGC,0,2531788
mhpRp2,0.125,7,7,ATATCGCCCCAGTTGCAGCG,0,2534140
mhpRp2,0.125,7,7,ATATCCGATGGCACCAGCAA,0,2494601
mhpRp2,0.125,7,7,ATATCATCAGCGGTAGCTGA,0,2490063
mhpRp2,0.125,7,7,ATAGTTATCGCCGTCTATTT,0,2523666
mhpRp2,0.125,7,7,ATAGATTTGTGACGGCACAG,0,2496759
mhpRp2,0.125,7,7,ATAGATGCTTATCAACGACT,0,2501118
mhpRp2,0.125,7,7,ATAGATGAAACGACTCACGG,0,2499664
mhpRp2,0.125,7,7,ATACGGGGTCACGACGGGAT,0,2532010
mhpRp2,0.125,7,7,ATAATGATCCTTCGCGCATC,0,2518867
mhpRp2,0.125,7,7,ATAATCAAAAAACGGTGTGG,0,2481876
mhpRp2,0.125,7,7,ATAAGTTCTGTGATAGATCA,0,2541546
mhpRp2,0.125,7,7,ATAACGCTCCTCTAAGGGCT,0,2534801
mhpRp2,0.125,7,7,ATAACACGGTAGATTGTTAT,0,2519908
mhpRp2,0.125,7,7,ATAAACAGTGCGTGGTTATT,0,2479571
mhpRp2,0.125,7,7,AGTTAGCTGGAACTGAGGCA,0,2532428
mhpRp2,0.125,7,7,AGTTACCCCCTCTATATACA,0,2511420
mhpRp2,0.125,7,7,AGTGTTCTAGTTTTGAAGCG,0,2534158
mhpRp2,0.125,7,7,AGTGTTATATGGTTTAGGGG,0,2534959
mhpRp2,0.125,7,7,AGTGTCTGTGATCGAAACTG,0,2501721
mhpRp2,0.125,7,7,AGTGGTTTATCTTCAGGGTA,0,2508348
mhpRp2,0.125,7,7,AGTGGGGCTCGGGTGGTCGG,0,2539498
mhpRp2,0.125,7,7,AGTGCACAATTAAAACCCGC,0,2522719
mhpRp2,0.125,7,7,AGTGACGTTCGTTCCGCGGG,0,2506326
mhpRp2,0.125,7,7,AGTCTTTGTGAGCACGAGTC,0,2511425
mhpRp2,0.125,7,7,AGTCTTAGTAGTAACCGGAT,0,2539072
mhpRp2,0.125,7,7,AGTCTAATAGGTAATTAGGC,0,2508153
mhpRp2,0.125,7,7,AGTCCTGAGCGACGGTCTAA,0,2487639
mhpRp2,0.125,7,7,AGTCACAAATGGCTCAAGCT,0,2533203
mhpRp2,0.125,7,7,AGTCAATAAGGCCGTCGCGC,0,2541379
mhpRp2,0.125,7,7,AGTATCCCCGGGCAGACATA,0,2526766
mhpRp2,0.125,7,7,AGTAGCCACCCGTAGACGAT,0,2539533
mhpRp2,0.125,7,7,AGTAGAATCATTCTCGGGTC,0,2510448
mhpRp2,0.125,7,7,AGGTTCGTGCCAGGTAAGCT,0,2506440
mhpRp2,0.125,7,7,AGGTGTCCCGCTTGCGCTAT,0,2479757
mhpRp2,0.125,7,7,AGGTGAATTCGAGTGGGAGA,0,2533569
mhpRp2,0.125,7,7,AGGTCTGGTATTTGCAGACG,0,2524454
mhpRp2,0.125,7,7,AGGTCGCATTGCTGACTGGT,0,2526189
mhpRp2,0.125,7,7,AGGTCCGACCCATCTCGTGC,0,2486186
mhpRp2,0.125,7,7,AGGGTTACGTCTGGGGTAAT,0,2483136
mhpRp2,0.125,7,7,AGGGTGTAATACCCCTGCTG,0,2530940
mhpRp2,0.125,7,7,AGGGGTCTTAAGTCAATATC,0,2537647
mhpRp2,0.125,7,7,AGGGGCGTAGATACGTAAAC,0,2539225
mhpRp2,0.125,7,7,AGGGCGCCACGAGGGCCTTG,0,2544559
mhpRp2,0.125,7,7,AGGGACAGCCCGCACCTAGT,0,2499823
mhpRp2,0.125,7,7,AGGCGTACCATAAAGTCATG,0,2533771
mhpRp2,0.125,7,7,AGGCGGTTCACTCTGGTTTC,0,2523819
mhpRp2,0.125,7,7,AGGCGCAACAAACCGTGCAA,0,2509636
mhpRp2,0.125,7,7,AGGCCGTCTTGACGGGCGAC,0,2485313
mhpRp2,0.125,7,7,AGGCCCCGCCGAGCGTCGAT,0,2495273
mhpRp2,0.125,7,7,AGGCATCACAGATGAAAAAC,0,2544365
mhpRp2,0.125,7,7,AGGCACTGGGACCCCTAAAA,0,2505592
mhpRp2,0.125,7,7,AGGACCGCGTAACAGGCAAA,0,2498144
mhpRp2,0.125,7,7,AGGAATAGGGTCTGTTTGGA,0,2531403
mhpRp2,0.125,7,7,AGGAAGGTCTAACGCGTTGC,0,2523182
mhpRp2,0.125,7,7,AGCTCTAGGATTACACTATA,0,2500584
mhpRp2,0.125,7,7,AGCTAGGACAAATCATGGTT,0,2489888
mhpRp2,0.125,7,7,AGCTAACAGTAGTGACATGT,0,2511773
mhpRp2,0.125,7,7,AGCGTTTTACTGCCAGGTAT,0,2511287
mhpRp2,0.125,7,7,AGCGTTCCAGTGGAAGGATT,0,2540697
mhpRp2,0.125,7,7,AGCGGGTTCCGTAGGAGCCT,0,2522708
mhpRp2,0.125,7,7,AGCGGGTCTAAGGCGTTATT,0,2499437
mhpRp2,0.125,7,7,AGCGGCCGACAAAGACCATC,0,2493699
mhpRp2,0.125,7,7,AGCGGATATCTCAACGTGTA,0,2486055
mhpRp2,0.125,7,7,AGCGCGCCGGATGGGACGCT,0,2540025
mhpRp2,0.125,7,7,AGCGAATTAGATAGTGTTTG,0,2486127
mhpRp2,0.125,7,7,AGCCTGACTACCTTTACCGG,0,2530953
mhpRp2,0.125,7,7,AGCATTTAAGTGCTCTCCGT,0,2493719
mhpRp2,0.125,7,7,AGCAGAGGACAGAGTGGTTT,0,2515161
mhpRp2,0.125,7,7,AGCACCAGGCCCCAGGCTCT,0,2542907
mhpRp2,0.125,7,7,AGCACATGTCTGAGCAGATT,0,2496127
mhpRp2,0.125,7,7,AGCAAGAGATGACCAGGCTC,0,2513225
mhpRp2,0.125,7,7,AGCAAGACGACTCAGACACA,0,2512975
mhpRp2,0.125,7,7,AGATTGAATTATTTCCGACG,0,2479640
mhpRp2,0.125,7,7,AGATGTACTCAGTCGTACGT,0,2488240
mhpRp2,0.125,7,7,AGATCTATTAGTTTCCTCAG,0,2482410
mhpRp2,0.125,7,7,AGAGTACGCCTCTAGTCCAA,0,2503161
mhpRp2,0.125,7,7,AGAGGTATCCCGACCAGCTC,0,2519414
mhpRp2,0.125,7,7,AGAGGGCATAAGGGTAACAA,0,2506426
mhpRp2,0.125,7,7,AGAGCGTTACCACCCACAAC,0,2487426
mhpRp2,0.125,7,7,AGAGAGGATCTCCTTGGAGG,0,2524157
mhpRp2,0.125,7,7,AGACGCTCCTTGTTAGAGGA,0,2532372
mhpRp2,0.125,7,7,AGACAATAGGGAAACGCTCT,0,2491782
mhpRp2,0.125,7,7,AGACAAGTCTGATGCTGCGT,0,2528883
mhpRp2,0.125,7,7,AGAAGGTGGCGCATCCAAGT,0,2481566
mhpRp2,0.125,7,7,AGAAGAAGGAATTATCGTAC,0,2491774
mhpRp2,0.125,7,7,AGAACTTTTGACCCTGGACG,0,2506501
mhpRp2,0.125,7,7,AGAACCGTTCGACTGTGTAA,0,2485727
mhpRp2,0.125,7,7,AGAAAGTGTGCGGTCAGTTA,0,2542285
mhpRp2,0.125,7,7,ACTTTTTAGGGGAAAGGATT,0,2479677
mhpRp2,0.125,7,7,ACTTGTGATAGTATCGAACC,0,2522521
mhpRp2,0.125,7,7,ACTTCGGTCTGTGACTTCTC,0,2495928
mhpRp2,0.125,7,7,ACTTATCTTTTCAAATCGGG,0,2504474
mhpRp2,0.125,7,7,ACTTAAAGGGAACAGCGGTT,0,2488616
mhpRp2,0.125,7,7,ACTGTGAGAATGAGCTGGTT,0,2510124
mhpRp2,0.125,7,7,ACTGTCAAGCGATGGTTTGT,0,2493391
mhpRp2,0.125,7,7,ACTGGTCTAAGAAATCTTAT,0,2526177
mhpRp2,0.125,7,7,ACTGGGGGGGCCAAGTCCAA,0,2541223
mhpRp2,0.125,7,7,ACTCTCCGCTCTTGAGCAGC,0,2544165
mhpRp2,0.125,7,7,ACTCGACCGTATGGCATTAG,0,2534271
mhpRp2,0.125,7,7,ACTCCCAGATTGGTATATGA,0,2509659
mhpRp2,0.125,7,7,ACTATTGTCAACGCCTGGAA,0,2490095
mhpRp2,0.125,7,7,ACTATATCATGGGCCGGATG,0,2488438
mhpRp2,0.125,7,7,ACTAGGCCGAACTATGACAG,0,2487019
mhpRp2,0.125,7,7,ACTACATTGGCAGGTTCCAG,0,2515150
mhpRp2,0.125,7,7,ACTAATTCAGAGGCAGATAC,0,2541483
mhpRp2,0.125,7,7,ACGTTATACGGCATCAAGTT,0,2540419
mhpRp2,0.125,7,7,ACGTGGTACCGAGCTTGTGA,0,2540148
mhpRp2,0.125,7,7,ACGTCGTAAGCACGAATGAA,0,2520764
mhpRp2,0.125,7,7,ACGTATGCCCGACACTATTA,0,2493560
mhpRp2,0.125,7,7,ACGGTGTCGTTGCCTCTCAT,0,2485115
mhpRp2,0.125,7,7,ACGGGTTCATCATGTCAGAA,0,2533281
mhpRp2,0.125,7,7,ACGGGGAATTAGTCGTGTTT,0,2504558
mhpRp2,0.125,7,7,ACGGGCCAGTTGACTAAAAC,0,2518687
mhpRp2,0.125,7,7,ACGGCCCCAATCCTCCGAGT,0,2543895
mhpRp2,0.125,7,7,ACGGACTACAAGACCAGTTT,0,2486638
mhpRp2,0.125,7,7,ACGGACAATGACACGACTTC,0,2537090
mhpRp2,0.125,7,7,ACGCGTGGAGGGGGCACATA,0,2499806
mhpRp2,0.125,7,7,ACGCCATAGGGCTACCAATG,0,2494620
mhpRp2,0.125,7,7,ACGATTATATCGAACCTCGT,0,2536611
mhpRp2,0.125,7,7,ACGAGGCTGAAGAACGTGGG,0,2514459
mhpRp2,0.125,7,7,ACGAACGTGATTTCTACAAT,0,2482058
mhpRp2,0.125,7,7,ACCTGGCCGCGCGGTAGGGG,0,2499074
mhpRp2,0.125,7,7,ACCTGGATTTTCACTCAGGT,0,2502001
mhpRp2,0.125,7,7,ACCTATTGAGATGACAAAGT,0,2516586
mhpRp2,0.125,7,7,ACCTACTCATCAAGGTGGAA,0,2510949
mhpRp2,0.125,7,7,ACCGTCACAATGACCGGTAA,0,2497807
mhpRp2,0.125,7,7,ACCGTAGGAGGTAATCACGC,0,2494675
mhpRp2,0.125,7,7,ACCGGCGGGATCTCCCGATG,0,2524184
mhpRp2,0.125,7,7,ACCGCTCCACGAATATCGCT,0,2538653
mhpRp2,0.125,7,7,ACCGCTATGTACTAGCTGGC,0,2480926
mhpRp2,0.125,7,7,ACCCTAGACGCAGGGAAGAT,0,2488613
mhpRp2,0.125,7,7,ACCCAGCTCAGTCCGTGATG,0,2509423
mhpRp2,0.125,7,7,ACCATTTACTCCTAACACTT,0,2493602
mhpRp2,0.125,7,7,ACCAGTGACTAAACAACTCA,0,2505285
mhpRp2,0.125,7,7,ACCAGTCCCGGTCCATTGAA,0,2509825
mhpRp2,0.125,7,7,ACCAGGAGAATTGCCAAAAG,0,2517095
mhpRp2,0.125,7,7,ACCAGGAATCTATGAGTTTG,0,2503853
mhpRp2,0.125,7,7,ACCACTTGTGCAATACAGGT,0,2531192
mhpRp2,0.125,7,7,ACCAATCACAAAGAAATACA,0,2519261
mhpRp2,0.125,7,7,ACCAACCTTTAAGACGACAG,0,2507925
mhpRp2,0.125,7,7,ACATGGTCAGCCCAGTATTA,0,2529346
mhpRp2,0.125,7,7,ACATGATGGGCCGCGCTAGT,0,2517516
mhpRp2,0.125,7,7,ACATACGCGGACATTCGCAG,0,2487983
mhpRp2,0.125,7,7,ACAGCTAGTTCGGAAGGTTA,0,2497207
mhpRp2,0.125,7,7,ACACGTCCGTTTTAAAGTTA,0,2535084
mhpRp2,0.125,7,7,ACACATCGCAGGATCTTCTG,0,2494989
mhpRp2,0.125,7,7,ACACAAAGCTTAAACGAGGA,0,2488420
mhpRp2,0.125,7,7,ACAAGTTATAGGCCCCTGAG,0,2485081
mhpRp2,0.125,7,7,ACAACGTTACCACACACTGG,0,2521945
mhpRp2,0.125,7,7,ACAAACCGTGTCAGCGGGTG,0,2521128
mhpRp2,0.125,7,7,AATTTGGACCATTTCTGCGA,0,2513886
mhpRp2,0.125,7,7,AATTGTAGTGGAATCATACG,0,2534685
mhpRp2,0.125,7,7,AATTGCCGGCGTCCACGTTT,0,2522702
mhpRp2,0.125,7,7,AATTCACAATTAGTACCAGA,0,2480198
mhpRp2,0.125,7,7,AATTATAGACACGCCTAACG,0,2506717
mhpRp2,0.125,7,7,AATGGTGAGTTCCTGGGCAG,0,2490454
mhpRp2,0.125,7,7,AATGGTCTTAGGTGGGGGCT,0,2514424
mhpRp2,0.125,7,7,AATGGTAGGGCTATAGATCA,0,2538266
mhpRp2,0.125,7,7,AATGGGACTTTTAACGCTTC,0,2526382
mhpRp2,0.125,7,7,AATGAACATCCGAATGCTCA,0,2485778
mhpRp2,0.125,7,7,AATCGGTGGGGGGCCACCGC,0,2524829
mhpRp2,0.125,7,7,AATCGAGTGCTGGCACATCA,0,2503182
mhpRp2,0.125,7,7,AATCCAGCGCCTGGCGGGTA,0,2500180
mhpRp2,0.125,7,7,AATCATGCTGTAGGCACGTA,0,2545184
mhpRp2,0.125,7,7,AATCATGAGGCAGTGCACGA,0,2493848
mhpRp2,0.125,7,7,AATATGGGCTAACTATGAAA,0,2522695
mhpRp2,0.125,7,7,AATAAGTGGCTCTGATTGCG,0,2519611
mhpRp2,0.125,7,7,AAGTTATTTGGATCCTTGTT,0,2512175
mhpRp2,0.125,7,7,AAGTTACTTGAATCTTTCCC,0,2502045
mhpRp2,0.125,7,7,AAGTCGCAACCCGTAGCGCA,0,2480752
mhpRp2,0.125,7,7,AAGTATTGGAAATGTACCTT,0,2516618
mhpRp2,0.125,7,7,AAGTAGATTTAGAAAGTAAT,0,2539872
mhpRp2,0.125,7,7,AAGGTCCACCGTTGTCCGGA,0,2486920
mhpRp2,0.125,7,7,AAGGTAAAGGATGGATCACC,0,2517504
mhpRp2,0.125,7,7,AAGGGGGCGACTTAAGCGCA,0,2486752
mhpRp2,0.125,7,7,AAGGGATCCATAAGGTGACG,0,2491229
mhpRp2,0.125,7,7,AAGGACAGGGAGATATTGTA,0,2485653
mhpRp2,0.125,7,7,AAGGAAGTATCTCGACTATA,0,2528329
mhpRp2,0.125,7,7,AAGGAAATGCGCAGCATCAT,0,2533130
mhpRp2,0.125,7,7,AAGCTACTGGGATGATAAAT,0,2535722
mhpRp2,0.125,7,7,AAGCGGTCGTCGGGGAGAAA,0,2529034
mhpRp2,0.125,7,7,AAGCGCGATAATATCGGAAG,0,2544823
mhpRp2,0.125,7,7,AAGCCTTAAAGAGTACAGTC,0,2507652
mhpRp2,0.125,7,7,AAGCAGTTACGATCTCCACA,0,2510938
mhpRp2,0.125,7,7,AAGAGGGAAGCCCGTAAGGG,0,2505812
mhpRp2,0.125,7,7,AAGAAGTAGGATTCAGAGAC,0,2492838
mhpRp2,0.125,7,7,AAGAAACAGAACACCACTAC,0,2541362
mhpRp2,0.125,7,7,AACTGGTTTTCGCAATGCGG,0,2524060
mhpRp2,0.125,7,7,AACGCTAGAATCGGAGGGAA,0,2493163
mhpRp2,0.125,7,7,AACCGAGCTCGTCGTGGAAG,0,2524234
mhpRp2,0.125,7,7,AACCCCACAGGAGGTTCATA,0,2480669
mhpRp2,0.125,7,7,AACATGTGAGTTAGCCGATT,0,2532839
mhpRp2,0.125,7,7,AACAGTCATAGGCGGTTCAT,0,2516158
mhpRp2,0.125,7,7,AACAGCGCATATCTGCCAGA,0,2517174
mhpRp2,0.125,7,7,AACAGCAAGGATTTGTGCTG,0,2534461
mhpRp2,0.125,7,7,AACACGTGGTTTTTTGTCGT,0,2502443
mhpRp2,0.125,7,7,AACAAGCACGTATGTGGTAT,0,2518232
mhpRp2,0.125,7,7,AAAGTCTTCGACCCTGCGTT,0,2539700
mhpRp2,0.125,7,7,AAAGTCTTCATCTTATATGT,0,2530963
mhpRp2,0.125,7,7,AAAGGTGCGTGACTCCACCT,0,2485698
mhpRp2,0.125,7,7,AAAATCTGTCGCGCCAGAAG,0,2542724
mhpRp2,0.125,7,7,AAAACTCGCTATATACGCCC,0,2489495
mhpRp2,0.125,7,7,AAAAAGACACGCCAATCTCC,0,2533331
mhpRp2,0.125,7,7,AAAAAAGAACATCGTGTTGC,0,2523424
mhpRp2,0.14285714285714285,6,6,TTTTCATCAGGTTAAGTAGG,0,2528791
mhpRp2,0.14285714285714285,6,6,TTTTAGGATCTGGAAACTCC,0,2537096
mhpRp2,0.14285714285714285,6,6,TTTGAGCACTACATGTAAAG,0,2513297
mhpRp2,0.14285714285714285,6,6,TTTCGGGGGTGTTAAGTCTA,0,2543582
mhpRp2,0.14285714285714285,6,6,TTTCGGAGTTGTTGCTTCTC,0,2511185
mhpRp2,0.14285714285714285,6,6,TTTCCAGGACCCACTTCCCC,0,2545586
mhpRp2,0.14285714285714285,6,6,TTTCAGACAGAGGGGGGCAT,0,2529345
mhpRp2,0.14285714285714285,6,6,TTTAGTCGAATCGGGCTAGC,0,2498171
mhpRp2,0.14285714285714285,6,6,TTTAGGCTCTTATAGATTCT,0,2483563
mhpRp2,0.14285714285714285,6,6,TTTAGGCCAGTGATACCACA,0,2482632
mhpRp2,0.14285714285714285,6,6,TTTACTGCAGCATGATGAAG,0,2521953
mhpRp2,0.14285714285714285,6,6,TTTAATGCTTTATTTCGCGG,0,2514370
mhpRp2,0.14285714285714285,6,6,TTGTGACGGGACATATAAAG,0,2481084
mhpRp2,0.14285714285714285,6,6,TTGTACACATTGCAGCGCCG,0,2483718
mhpRp2,0.14285714285714285,6,6,TTGGTTTTTCTCATGGTTTG,0,2525744
mhpRp2,0.14285714285714285,6,6,TTGGTGCGATGGTCGTAGCT,0,2495821
mhpRp2,0.14285714285714285,6,6,TTGGTAAGCCCCGGTGGAGG,0,2544625
mhpRp2,0.14285714285714285,6,6,TTGGGGGCGCAGGTCATGAT,0,2515834
mhpRp2,0.14285714285714285,6,6,TTGGCGGCACGGCCTTTTAC,0,2521717
mhpRp2,0.14285714285714285,6,6,TTGGCCACATATGGTCCCCG,0,2494583
mhpRp2,0.14285714285714285,6,6,TTGGATTGATCGGAGAGGTT,0,2534248
mhpRp2,0.14285714285714285,6,6,TTGCTGTTCCTCAACTGGAG,0,2524442
mhpRp2,0.14285714285714285,6,6,TTGCTGACGTCCCCGAAATT,0,2516601
mhpRp2,0.14285714285714285,6,6,TTGCTCGTCATGGTTGTTTA,0,2537848
mhpRp2,0.14285714285714285,6,6,TTGCTATGGTTAGTCGAGGT,0,2506407
mhpRp2,0.14285714285714285,6,6,TTGATTGATACCAACATGAC,0,2502178
mhpRp2,0.14285714285714285,6,6,TTGACGCAACGTTCCATTAG,0,2516675
mhpRp2,0.14285714285714285,6,6,TTGAAGTTAAATTAAGATGT,0,2528970
mhpRp2,0.14285714285714285,6,6,TTGAAGGGTAAATCTGTAGT,0,2496595
mhpRp2,0.14285714285714285,6,6,TTCTCTAATCTCCGTTCGTT,0,2522930
mhpRp2,0.14285714285714285,6,6,TTCTCCGCATGCGAATGTAG,0,2536036
mhpRp2,0.14285714285714285,6,6,TTCTATTTGACTAAGCTGGA,0,2507627
mhpRp2,0.14285714285714285,6,6,TTCTATCTCCGCCCGCCCGT,0,2503150
mhpRp2,0.14285714285714285,6,6,TTCTAGGGAAAAATGTATCT,0,2513672
mhpRp2,0.14285714285714285,6,6,TTCGTTCTGTTCCCTCTGAT,0,2512607
mhpRp2,0.14285714285714285,6,6,TTCGTCCCTCGGAATCAAGC,0,2521084
mhpRp2,0.14285714285714285,6,6,TTCGGGGTGTGTATGCACTT,0,2509857
mhpRp2,0.14285714285714285,6,6,TTCGGCTGTTATATTATGGA,0,2541214
mhpRp2,0.14285714285714285,6,6,TTCGGATCAAAGGCGTCATG,0,2480859
mhpRp2,0.14285714285714285,6,6,TTCGCCTATACTATTGAGAC,0,2543853
mhpRp2,0.14285714285714285,6,6,TTCGCCAGACGGATGGCGGG,0,2485782
mhpRp2,0.14285714285714285,6,6,TTCCGTGCGATCCATTGCAG,0,2498990
mhpRp2,0.14285714285714285,6,6,TTCCGCTACCCCCTAATAAT,0,2489863
mhpRp2,0.14285714285714285,6,6,TTCCCGATCGTTTGAATTGA,0,2495231
mhpRp2,0.14285714285714285,6,6,TTCCCAGTCGGTGCAAGTGT,0,2490515
mhpRp2,0.14285714285714285,6,6,TTCCAGTCTGGCTCGGCACC,0,2481241
mhpRp2,0.14285714285714285,6,6,TTCATACTTGTTTAGCTCCC,0,2511088
mhpRp2,0.14285714285714285,6,6,TTCAGTCTTTATAGGCGACT,0,2535972
mhpRp2,0.14285714285714285,6,6,TTCACTCCTCGCCGCGCGGA,0,2530745
mhpRp2,0.14285714285714285,6,6,TTCACCTGTGGGGTGATTAG,0,2544674
mhpRp2,0.14285714285714285,6,6,TTCAAGGTATTGCGATACTG,0,2512438
mhpRp2,0.14285714285714285,6,6,TTATGGCGGCATACTTGGGT,0,2525947
mhpRp2,0.14285714285714285,6,6,TTATCTGTACGTCTAAACGG,0,2522932
mhpRp2,0.14285714285714285,6,6,TTATAGCAATGGTCCTAACC,0,2487142
mhpRp2,0.14285714285714285,6,6,TTAGTTCAGGTTGGAAAAGG,0,2488352
mhpRp2,0.14285714285714285,6,6,TTAGGATTCGCGCAGGTTTC,0,2537036
mhpRp2,0.14285714285714285,6,6,TTAGCCATTCCACACTGATT,0,2492008
mhpRp2,0.14285714285714285,6,6,TTAGCCAGATAGCTAGAGAG,0,2492809
mhpRp2,0.14285714285714285,6,6,TTAGACTAGCTTCTTCCGTG,0,2520403
mhpRp2,0.14285714285714285,6,6,TTAGACGTAGAGCTGAGAAA,0,2497623
mhpRp2,0.14285714285714285,6,6,TTACTTGTATTTGAGCAACC,0,2495879
mhpRp2,0.14285714285714285,6,6,TTACTTACGATCTCTATTTC,0,2544489
mhpRp2,0.14285714285714285,6,6,TTACTGTGTTACGACGTGTA,0,2499729
mhpRp2,0.14285714285714285,6,6,TTACTACCGGCTTCAGCGGA,0,2509875
mhpRp2,0.14285714285714285,6,6,TTACCTGCTATTCGTCTAAC,0,2520715
mhpRp2,0.14285714285714285,6,6,TTACAAAAATCCCCGTGTTA,0,2479863
mhpRp2,0.14285714285714285,6,6,TTAATTACAAAAAAGGCTCA,0,2535589
mhpRp2,0.14285714285714285,6,6,TTAAGTTATCGTAATCAGCG,0,2537003
mhpRp2,0.14285714285714285,6,6,TTAAGTGTCTTCGCACATCC,0,2507133
mhpRp2,0.14285714285714285,6,6,TTAAATAAAACGCTCTGATC,0,2494133
mhpRp2,0.14285714285714285,6,6,TTAAAGACGTTGATTTTGAA,0,2504094
mhpRp2,0.14285714285714285,6,6,TGTTTAACATGACGCTTTCA,0,2525631
mhpRp2,0.14285714285714285,6,6,TGTTGTTCCGAGTTATACAC,0,2494488
mhpRp2,0.14285714285714285,6,6,TGTTGCCGATCTAGATGGGT,0,2488844
mhpRp2,0.14285714285714285,6,6,TGTTCTGTTCCGCAAGCACT,0,2505488
mhpRp2,0.14285714285714285,6,6,TGTTAGTCTTCTGCTAAGGG,0,2535045
mhpRp2,0.14285714285714285,6,6,TGTGTGACAGGTCCACCGTG,0,2522612
mhpRp2,0.14285714285714285,6,6,TGTGTCCACGTTAACATGGT,0,2492866
mhpRp2,0.14285714285714285,6,6,TGTGGCCTATTTGGCCCCCT,0,2534750
mhpRp2,0.14285714285714285,6,6,TGTGCGACATCGAATCTAGG,0,2497442
mhpRp2,0.14285714285714285,6,6,TGTGATATAGATGTCCTATG,0,2519937
mhpRp2,0.14285714285714285,6,6,TGTCGCCACGTTGCGTATGA,0,2495596
mhpRp2,0.14285714285714285,6,6,TGTCGAGGTAGTCAACTATT,0,2483950
mhpRp2,0.14285714285714285,6,6,TGTCACTCCCTTAAACGGCA,0,2487838
mhpRp2,0.14285714285714285,6,6,TGTCACGTTGTGCCTCACGT,0,2541760
mhpRp2,0.14285714285714285,6,6,TGTCAAAGCGCATTTCCGCG,0,2508751
mhpRp2,0.14285714285714285,6,6,TGTATTGTGTATTCAACTTA,0,2480736
mhpRp2,0.14285714285714285,6,6,TGTATTCTAGAAAGCAAGTA,0,2510299
mhpRp2,0.14285714285714285,6,6,TGTATAGGGCAATCACTGAT,0,2514133
mhpRp2,0.14285714285714285,6,6,TGTAGTGGCTCCGTGGTACA,0,2544392
mhpRp2,0.14285714285714285,6,6,TGGTTTAACACTTCAGTGGG,0,2539516
mhpRp2,0.14285714285714285,6,6,TGGTCTGATGATGTTTGCCG,0,2503571
mhpRp2,0.14285714285714285,6,6,TGGTAATGATACCTCCATCC,0,2541510
mhpRp2,0.14285714285714285,6,6,TGGGTTGCTGTCGTGTCTGC,0,2526920
mhpRp2,0.14285714285714285,6,6,TGGGTTCCCTTCCTTAGGTA,0,2509502
mhpRp2,0.14285714285714285,6,6,TGGGTGGTCCCAGCTAGTGA,0,2503335
mhpRp2,0.14285714285714285,6,6,TGGGTATTAACTTGCTGCGG,0,2526726
mhpRp2,0.14285714285714285,6,6,TGGGATCCCATAATCCTGAA,0,2536502
mhpRp2,0.14285714285714285,6,6,TGGGACCCACCAGGACTAGG,0,2500448
mhpRp2,0.14285714285714285,6,6,TGGCGTACCCCCATCGAGTA,0,2482235
mhpRp2,0.14285714285714285,6,6,TGGCGCACGACGGAAGGGCT,0,2488524
mhpRp2,0.14285714285714285,6,6,TGGCGAACTAAGAAGTAGAT,0,2493287
mhpRp2,0.14285714285714285,6,6,TGGCATGTAGGTGACTTGTC,0,2514438
mhpRp2,0.14285714285714285,6,6,TGGCAATCGCGTGGTGCGTC,0,2489119
mhpRp2,0.14285714285714285,6,6,TGGCAAGCAGGGTGTGTTGG,0,2537143
mhpRp2,0.14285714285714285,6,6,TGGATCCTAACTACGCGTGT,0,2544236
mhpRp2,0.14285714285714285,6,6,TGGAGACCACCTTTATCCCA,0,2493193
mhpRp2,0.14285714285714285,6,6,TGGAGAAGGCCTGGTCCTCC,0,2513021
mhpRp2,0.14285714285714285,6,6,TGGACTGAATAGATAGGAGA,0,2485857
mhpRp2,0.14285714285714285,6,6,TGGACGTTCCCGTACACTCG,0,2527115
mhpRp2,0.14285714285714285,6,6,TGCTTTCGCCTAATGTCCGA,0,2519061
mhpRp2,0.14285714285714285,6,6,TGCTTCTTCCACAAGTGTGC,0,2483411
mhpRp2,0.14285714285714285,6,6,TGCTTATTTTATTGAACCCA,0,2515678
mhpRp2,0.14285714285714285,6,6,TGCTGTTTTTGAGCAGCTAA,0,2484178
mhpRp2,0.14285714285714285,6,6,TGCTCTCCTGCACAGTGGAC,0,2497343
mhpRp2,0.14285714285714285,6,6,TGCTCGAGAGGCGCATGGTT,0,2522465
mhpRp2,0.14285714285714285,6,6,TGCTCCTGTGTTGGGTGAAA,0,2541667
mhpRp2,0.14285714285714285,6,6,TGCTCCGGCCAACTATTGAA,0,2512813
mhpRp2,0.14285714285714285,6,6,TGCTCATAGTGAGTATTTGG,0,2491511
mhpRp2,0.14285714285714285,6,6,TGCTAACCACTGGCTACACG,0,2506059
mhpRp2,0.14285714285714285,6,6,TGCGTGGCTGGGCCAGGGTA,0,2531005
mhpRp2,0.14285714285714285,6,6,TGCGGTAAGAATTCCCATTG,0,2504084
mhpRp2,0.14285714285714285,6,6,TGCGCGATTTCCATAAGGAG,0,2524180
mhpRp2,0.14285714285714285,6,6,TGCGCGAAAATATTCCGATG,0,2533084
mhpRp2,0.14285714285714285,6,6,TGCGATAGAGTATTTGGGTT,0,2545369
mhpRp2,0.14285714285714285,6,6,TGCGAGGCCTTCCTCTCAAT,0,2480920
mhpRp2,0.14285714285714285,6,6,TGCCAGGACGGCGTGTCTTC,0,2491672
mhpRp2,0.14285714285714285,6,6,TGCCACCGGGGGGCTTCTGG,0,2501909
mhpRp2,0.14285714285714285,6,6,TGCCAAACGTAACGCTGCGA,0,2541733
mhpRp2,0.14285714285714285,6,6,TGCAGTTAATAAAGTGTGCT,0,2537769
mhpRp2,0.14285714285714285,6,6,TGCAACCTTAGGTGACGGGC,0,2486358
mhpRp2,0.14285714285714285,6,6,TGATGACTAGGCTGTCGATG,0,2517846
mhpRp2,0.14285714285714285,6,6,TGATCTTCCGGATGTTACGG,0,2513511
mhpRp2,0.14285714285714285,6,6,TGATCTAACAAGCTGCGTCT,0,2487184
mhpRp2,0.14285714285714285,6,6,TGATCCTAGCACGCGCAGAC,0,2486086
mhpRp2,0.14285714285714285,6,6,TGATCCGGACTTGTTAATAG,0,2496401
mhpRp2,0.14285714285714285,6,6,TGATCAGATACCGATGCGTT,0,2515849
mhpRp2,0.14285714285714285,6,6,TGAGCTCCCCGGTATTTTGT,0,2520328
mhpRp2,0.14285714285714285,6,6,TGACTATAGGGCGAACGACG,0,2485330
mhpRp2,0.14285714285714285,6,6,TGACGGTGACGGCGCACTAC,0,2537506
mhpRp2,0.14285714285714285,6,6,TGACCAGCCGACGGTGTCGT,0,2512187
mhpRp2,0.14285714285714285,6,6,TGACATCCTGTGGGAGGCCC,0,2500209
mhpRp2,0.14285714285714285,6,6,TGACAGAGCACAATCTAAAT,0,2518751
mhpRp2,0.14285714285714285,6,6,TGACACTGATATTTCCGTGT,0,2479835
mhpRp2,0.14285714285714285,6,6,TGACACATCGCGATCTGAAT,0,2499125
mhpRp2,0.14285714285714285,6,6,TGAATCGAGGTCGAGTGACA,0,2501085
mhpRp2,0.14285714285714285,6,6,TGAACCAGCGGATGAATGCC,0,2495609
mhpRp2,0.14285714285714285,6,6,TGAACACGTCGAGGACACAT,0,2512110
mhpRp2,0.14285714285714285,6,6,TCTTTCTGAAAATCTCAGGC,0,2496445
mhpRp2,0.14285714285714285,6,6,TCTTTCGCGATAGGTTCGCA,0,2537330
mhpRp2,0.14285714285714285,6,6,TCTTGTGCCGCAATTTCTCT,0,2517685
mhpRp2,0.14285714285714285,6,6,TCTTCTTATCGGGCGTGTGG,0,2483247
mhpRp2,0.14285714285714285,6,6,TCTTCAGCGGCTCGAGGACC,0,2522400
mhpRp2,0.14285714285714285,6,6,TCTTACGTAATATGTGTACA,0,2490819
mhpRp2,0.14285714285714285,6,6,TCTTAAGAACTGCCTGGTCT,0,2492767
mhpRp2,0.14285714285714285,6,6,TCTGTGGCGCATTAGAAGAC,0,2539824
mhpRp2,0.14285714285714285,6,6,TCTGCGGTGGAATGGAAGCT,0,2538502
mhpRp2,0.14285714285714285,6,6,TCTGCGCCGCGGGAATACGC,0,2507312
mhpRp2,0.14285714285714285,6,6,TCTGACAGCAGCCTAATGTA,0,2523601
mhpRp2,0.14285714285714285,6,6,TCTCTTAGAAGCGTGTAGAT,0,2529042
mhpRp2,0.14285714285714285,6,6,TCTCCTCTAGGCGTACCGCG,0,2514160
mhpRp2,0.14285714285714285,6,6,TCTCATTTCGTATTACAGAT,0,2536353
mhpRp2,0.14285714285714285,6,6,TCTCAAATCCTCCCGGCCAG,0,2487491
mhpRp2,0.14285714285714285,6,6,TCTAGTATCGTTTGATACCC,0,2497616
mhpRp2,0.14285714285714285,6,6,TCTAGCCTTGTACTTGTTTC,0,2497473
mhpRp2,0.14285714285714285,6,6,TCTACGTACAACGACCGAAA,0,2523586
mhpRp2,0.14285714285714285,6,6,TCTAATAACCGCGTCAATTA,0,2522008
mhpRp2,0.14285714285714285,6,6,TCTAAAAATCTGCGGGTGCT,0,2537915
mhpRp2,0.14285714285714285,6,6,TCGTCGTGTCAATAGTGGTT,0,2483551
mhpRp2,0.14285714285714285,6,6,TCGTAACATGGGCCAGCGCG,0,2493739
mhpRp2,0.14285714285714285,6,6,TCGGTTTTGAGTTATCCAAA,0,2533006
mhpRp2,0.14285714285714285,6,6,TCGGTTAAATTTGGTCAACA,0,2519587
mhpRp2,0.14285714285714285,6,6,TCGGGGTATAACGGTATCAT,0,2486754
mhpRp2,0.14285714285714285,6,6,TCGGGGAAGTCAGTCAAGGG,0,2521179
mhpRp2,0.14285714285714285,6,6,TCGGCGATTGTGGACCCTTC,0,2490659
mhpRp2,0.14285714285714285,6,6,TCGCGAACGCAAGCATTTAC,0,2514547
mhpRp2,0.14285714285714285,6,6,TCGCAGGTTTGGCGTTAAAA,0,2504375
mhpRp2,0.14285714285714285,6,6,TCGATTGGGCGCCAGTGTGC,0,2511348
mhpRp2,0.14285714285714285,6,6,TCGATTGATAACGGCTTTCT,0,2507929
mhpRp2,0.14285714285714285,6,6,TCGATCCGGAATAGGTGGGG,0,2505931
mhpRp2,0.14285714285714285,6,6,TCGACAGTAGCCTCGCACGT,0,2542346
mhpRp2,0.14285714285714285,6,6,TCGAAGAAAGATGATGGCAG,0,2510002
mhpRp2,0.14285714285714285,6,6,TCGAACCTGGAGCGCGTAGC,0,2491025
mhpRp2,0.14285714285714285,6,6,TCCTTTGGTAAATTAAGGAC,0,2495525
mhpRp2,0.14285714285714285,6,6,TCCCTTCGCTGTAACGTATC,0,2507378
mhpRp2,0.14285714285714285,6,6,TCCCGTTATATTCCGAACGG,0,2536927
mhpRp2,0.14285714285714285,6,6,TCCCGGGCCGAACGCATCTT,0,2503716
mhpRp2,0.14285714285714285,6,6,TCCCCTCGGTCCATCTGAGA,0,2520282
mhpRp2,0.14285714285714285,6,6,TCCCATTTGTTGATAAAAAC,0,2508838
mhpRp2,0.14285714285714285,6,6,TCCAGGTCCGCACATCCAGG,0,2499266
mhpRp2,0.14285714285714285,6,6,TCCAATCATTCGCCTTCTCA,0,2493299
mhpRp2,0.14285714285714285,6,6,TCATTGCGACATGCCTCTAC,0,2504054
mhpRp2,0.14285714285714285,6,6,TCATTCCAAAACTCCTGCAA,0,2505329
mhpRp2,0.14285714285714285,6,6,TCATTACACGCGCCGAGCGG,0,2531725
mhpRp2,0.14285714285714285,6,6,TCATTAAAAGTTCGGAATGG,0,2491012
mhpRp2,0.14285714285714285,6,6,TCATATTTCTAGCCGACTGG,0,2545251
mhpRp2,0.14285714285714285,6,6,TCATAGGAACTAGCATTGGA,0,2524953
mhpRp2,0.14285714285714285,6,6,TCAGGGGGCCTTGGCGACTA,0,2485814
mhpRp2,0.14285714285714285,6,6,TCAGAGCACCAGTCTGGCTC,0,2519006
mhpRp2,0.14285714285714285,6,6,TCACTCGTAGGTAATCACGA,0,2526464
mhpRp2,0.14285714285714285,6,6,TCACCGACAGGCCGGGCATC,0,2524560
mhpRp2,0.14285714285714285,6,6,TCACCATTCGACATTCGCAG,0,2525306
mhpRp2,0.14285714285714285,6,6,TCACATCGATACAGAGTTTA,0,2505534
mhpRp2,0.14285714285714285,6,6,TCACAGTGTTAGGTCCTATG,0,2544911
mhpRp2,0.14285714285714285,6,6,TCAATTCATCTCCTCACCAA,0,2493377
mhpRp2,0.14285714285714285,6,6,TCAATTCATACCGAGGAAGT,0,2525419
mhpRp2,0.14285714285714285,6,6,TCAACACCAAGGAGCGACGG,0,2530124
mhpRp2,0.14285714285714285,6,6,TCAAATACTTCTTAAACCTG,0,2521233
mhpRp2,0.14285714285714285,6,6,TATTGTTCGCATGCTGCTAC,0,2517950
mhpRp2,0.14285714285714285,6,6,TATTGCGGAAGGATCCTACG,0,2538719
mhpRp2,0.14285714285714285,6,6,TATTCTTATGTAGGGGTTTC,0,2513974
mhpRp2,0.14285714285714285,6,6,TATTCGTAATTTGACATTTT,0,2487658
mhpRp2,0.14285714285714285,6,6,TATTCAAGTGGGTACTGCGT,0,2489370
mhpRp2,0.14285714285714285,6,6,TATTAGCCCAAATGGAAGAG,0,2500620
mhpRp2,0.14285714285714285,6,6,TATGTCAGGGGGGTCCCGTT,0,2538522
mhpRp2,0.14285714285714285,6,6,TATGGTGTTGATAGAAGGTT,0,2542982
mhpRp2,0.14285714285714285,6,6,TATGGCGACGTAGTCCCTGG,0,2540612
mhpRp2,0.14285714285714285,6,6,TATGCTTTTGCCGTCCGTGA,0,2482287
mhpRp2,0.14285714285714285,6,6,TATGCTGTTACTACGACTAG,0,2517847
mhpRp2,0.14285714285714285,6,6,TATGCGAGAAGCTAATTAAC,0,2504253
mhpRp2,0.14285714285714285,6,6,TATCTCCAAGACCCATTCAT,0,2515925
mhpRp2,0.14285714285714285,6,6,TATCGGGTTTCGGGGCTCCC,0,2507595
mhpRp2,0.14285714285714285,6,6,TATCGAAGGACAGCCACCAG,0,2483984
mhpRp2,0.14285714285714285,6,6,TATCATGCGAACTCTCCGTT,0,2544601
mhpRp2,0.14285714285714285,6,6,TATCAGCACGTGGTTCTAAT,0,2522697
mhpRp2,0.14285714285714285,6,6,TATATATCCAACAGAAAAGG,0,2520843
mhpRp2,0.14285714285714285,6,6,TATAGTAATGAAAGTCGATA,0,2534026
mhpRp2,0.14285714285714285,6,6,TATAGGGGGAGTGGTCTACA,0,2495156
mhpRp2,0.14285714285714285,6,6,TATACGGAGTTCCGGATCAT,0,2530929
mhpRp2,0.14285714285714285,6,6,TAGGGTCTCGGGATCATCAT,0,2531024
mhpRp2,0.14285714285714285,6,6,TAGGAACAACGTACACGTCG,0,2522620
mhpRp2,0.14285714285714285,6,6,TAGCGATAGCAATGGAAAGA,0,2534473
mhpRp2,0.14285714285714285,6,6,TAGCCTTGTCTAGCCCAAGC,0,2508488
mhpRp2,0.14285714285714285,6,6,TAGCAGGATATGTACGGTGA,0,2512708
mhpRp2,0.14285714285714285,6,6,TAGCAACGTCGCAAATTACG,0,2501008
mhpRp2,0.14285714285714285,6,6,TAGATTATGAACGGTACCAC,0,2493875
mhpRp2,0.14285714285714285,6,6,TAGATATTAACGGCAACTTG,0,2515536
mhpRp2,0.14285714285714285,6,6,TAGAGGCCTGTTCTGAAGGA,0,2540159
mhpRp2,0.14285714285714285,6,6,TACTTTGGGCCTATAACACA,0,2506195
mhpRp2,0.14285714285714285,6,6,TACTGCGTCACAGCTGTGCA,0,2528468
mhpRp2,0.14285714285714285,6,6,TACGTTCGCTCGGTGGTAAA,0,2534961
mhpRp2,0.14285714285714285,6,6,TACGTCCACGTCGGGGGACT,0,2518939
mhpRp2,0.14285714285714285,6,6,TACGGTGCCGGTTTGGATGA,0,2487247
mhpRp2,0.14285714285714285,6,6,TACGGGACAAACAGATGCCG,0,2530917
mhpRp2,0.14285714285714285,6,6,TACGGACCAGTACGCAGTCG,0,2508597
mhpRp2,0.14285714285714285,6,6,TACGCAACTTGGACTACCGC,0,2523668
mhpRp2,0.14285714285714285,6,6,TACCGTAAAAGTACACAAAA,0,2513663
mhpRp2,0.14285714285714285,6,6,TACCGACTGTGTGCCAGTGA,0,2543666
mhpRp2,0.14285714285714285,6,6,TACCAGGCTGCTAGATAGAG,0,2529554
mhpRp2,0.14285714285714285,6,6,TACCACTAAGGCCATCTAAT,0,2510752
mhpRp2,0.14285714285714285,6,6,TACAGTATGTATTAATGTTA,0,2530281
mhpRp2,0.14285714285714285,6,6,TACACGGCCGACCTGCGTCG,0,2501665
mhpRp2,0.14285714285714285,6,6,TAATTTGGTTCTACTATAAT,0,2534589
mhpRp2,0.14285714285714285,6,6,TAATCAGAATTGATTGACAT,0,2511283
mhpRp2,0.14285714285714285,6,6,TAATACGCACGTGTTAGCTC,0,2508725
mhpRp2,0.14285714285714285,6,6,TAAGTTTAATCACTATTGTG,0,2542412
mhpRp2,0.14285714285714285,6,6,TAAGCGAAGTACCTGGGTTA,0,2535710
mhpRp2,0.14285714285714285,6,6,TAAGCCTATTTCCACCCAAC,0,2524690
mhpRp2,0.14285714285714285,6,6,TAAGCCACGTCAGATCAGCG,0,2520064
mhpRp2,0.14285714285714285,6,6,TAAGATATTGGGTAGCGCGG,0,2483216
mhpRp2,0.14285714285714285,6,6,TAAGACAGGTTAGGACGGTG,0,2498920
mhpRp2,0.14285714285714285,6,6,TAACTTTGTCGTTATTTAAC,0,2505368
mhpRp2,0.14285714285714285,6,6,TAACTGTGTCAATGGTTCTA,0,2492606
mhpRp2,0.14285714285714285,6,6,TAACTCGTTAGGTGGTTATA,0,2488040
mhpRp2,0.14285714285714285,6,6,TAACTCCGCTGTCCCCCGTA,0,2494456
mhpRp2,0.14285714285714285,6,6,TAACGTAGCAAAAGCGTGCT,0,2529553
mhpRp2,0.14285714285714285,6,6,TAACCGTCTACCTCGAATTG,0,2528482
mhpRp2,0.14285714285714285,6,6,TAACCAGCTTGCTGGACAAA,0,2535558
mhpRp2,0.14285714285714285,6,6,TAACCAAGTGTCTCTCGCTG,0,2538865
mhpRp2,0.14285714285714285,6,6,TAACAACACATGGATTTGAA,0,2505729
mhpRp2,0.14285714285714285,6,6,TAAATACAATTCTGTGCCTT,0,2504496
mhpRp2,0.14285714285714285,6,6,TAAAGCGGGCAGCCAGCGAG,0,2510426
mhpRp2,0.14285714285714285,6,6,TAAAGAGGCGGTCGGGGTAT,0,2515941
mhpRp2,0.14285714285714285,6,6,TAAAGAGAGCACATACTTCA,0,2480249
mhpRp2,0.14285714285714285,6,6,TAAAAAACACAGTGCTTGTC,0,2495276
mhpRp2,0.14285714285714285,6,6,GTTTCGTTCCGAAACCGGGC,0,2492452
mhpRp2,0.14285714285714285,6,6,GTTTCCGTAGATAATTTAAG,0,2486665
mhpRp2,0.14285714285714285,6,6,GTTTCCGAGAGGTCGGTTTC,0,2507502
mhpRp2,0.14285714285714285,6,6,GTTTCCCGGGGGCTCGGCAA,0,2495875
mhpRp2,0.14285714285714285,6,6,GTTTACTCAAAATGCGTGTC,0,2544574
mhpRp2,0.14285714285714285,6,6,GTTTAACCCGGATACGCAGT,0,2488702
mhpRp2,0.14285714285714285,6,6,GTTGTCCCACTGAAAATATA,0,2490573
mhpRp2,0.14285714285714285,6,6,GTTGTCAGTTTCTTCGCCGG,0,2515250
mhpRp2,0.14285714285714285,6,6,GTTGGGTCTACATCCCGTGA,0,2493865
mhpRp2,0.14285714285714285,6,6,GTTGCCCCGGGCGGTACCGG,0,2499150
mhpRp2,0.14285714285714285,6,6,GTTGACTACGCGTCTATCGC,0,2526800
mhpRp2,0.14285714285714285,6,6,GTTGAATTAAGCGGACCGGC,0,2543721
mhpRp2,0.14285714285714285,6,6,GTTCTACTCAGTACTTCTCA,0,2535902
mhpRp2,0.14285714285714285,6,6,GTTCCGGCCTTGGTGGCATA,0,2480416
mhpRp2,0.14285714285714285,6,6,GTTCCCCAAGATGCATTATT,0,2499581
mhpRp2,0.14285714285714285,6,6,GTTCCCAAGCTATAATCCGC,0,2508824
mhpRp2,0.14285714285714285,6,6,GTTCCACAGGCGGAAGTTGG,0,2513060
mhpRp2,0.14285714285714285,6,6,GTTCACATGCCCCGGTCTGA,0,2535658
mhpRp2,0.14285714285714285,6,6,GTTATGTACCACTCCTCTGG,0,2512903
mhpRp2,0.14285714285714285,6,6,GTTAGGAGCGTCTCGATTAC,0,2521362
mhpRp2,0.14285714285714285,6,6,GTTAGCGCAATATTCCGGCA,0,2510226
mhpRp2,0.14285714285714285,6,6,GTTACCTTCCTGGCCACATT,0,2504310
mhpRp2,0.14285714285714285,6,6,GTTAAGAGCACAAAGACAAT,0,2523308
mhpRp2,0.14285714285714285,6,6,GTGTTGACTCCCGGAGTGAA,0,2512302
mhpRp2,0.14285714285714285,6,6,GTGTTAGAGTCAGTCATATC,0,2480569
mhpRp2,0.14285714285714285,6,6,GTGTGGGGGGTTTACGTTAC,0,2523859
mhpRp2,0.14285714285714285,6,6,GTGTCTGTAACCCGTTGTCA,0,2491703
mhpRp2,0.14285714285714285,6,6,GTGTCGCCATTTAGTTATAA,0,2493162
mhpRp2,0.14285714285714285,6,6,GTGTCCTGATGTGAATTGGC,0,2505490
mhpRp2,0.14285714285714285,6,6,GTGTCCGGGAACTGTATCCT,0,2501047
mhpRp2,0.14285714285714285,6,6,GTGTCAGGGTTATAGATAGA,0,2498199
mhpRp2,0.14285714285714285,6,6,GTGTAGGACGCAATCTGGCA,0,2543597
mhpRp2,0.14285714285714285,6,6,GTGGGCGTCTGCAACGCAAG,0,2490192
mhpRp2,0.14285714285714285,6,6,GTGGATCAGTGTGAGGTTTC,0,2482515
mhpRp2,0.14285714285714285,6,6,GTGCCGACAAGATCCCCAAC,0,2532048
mhpRp2,0.14285714285714285,6,6,GTGCAGCCCGTCGTTTTTGA,0,2507376
mhpRp2,0.14285714285714285,6,6,GTGAATTTGACGCATTGAGA,0,2501410
mhpRp2,0.14285714285714285,6,6,GTCTCATTCTAATCCCTATT,0,2534120
mhpRp2,0.14285714285714285,6,6,GTCTACAGGATTGGTCAATA,0,2495873
mhpRp2,0.14285714285714285,6,6,GTCGTGATAGTCCTTGTAGA,0,2517172
mhpRp2,0.14285714285714285,6,6,GTCGGCCAACAGCTCATCTG,0,2522014
mhpRp2,0.14285714285714285,6,6,GTCGCTGTAGCCATTTACCG,0,2517057
mhpRp2,0.14285714285714285,6,6,GTCGCTAGGACACATCGTAA,0,2544314
mhpRp2,0.14285714285714285,6,6,GTCGCCCAGTTACGTACCCT,0,2537759
mhpRp2,0.14285714285714285,6,6,GTCGAGTGCCTAGGGGTAAT,0,2523677
mhpRp2,0.14285714285714285,6,6,GTCCTGCTCGCATAGTGGTG,0,2532039
mhpRp2,0.14285714285714285,6,6,GTCCGTTTACGGTGGAAGTG,0,2488496
mhpRp2,0.14285714285714285,6,6,GTCCAGCCGTAACATGTGTT,0,2513745
mhpRp2,0.14285714285714285,6,6,GTCATCGCCCTTATCGGAGG,0,2510044
mhpRp2,0.14285714285714285,6,6,GTCACCGTGATGCTGACACT,0,2486913
mhpRp2,0.14285714285714285,6,6,GTATTTTATAAGTCGGCGGC,0,2513510
mhpRp2,0.14285714285714285,6,6,GTATTTCGCAGTCCGCGCCA,0,2526714
mhpRp2,0.14285714285714285,6,6,GTATGTCACGCTGTGTGTAG,0,2527267
mhpRp2,0.14285714285714285,6,6,GTATGTAAATTGCCGAGAAA,0,2537225
mhpRp2,0.14285714285714285,6,6,GTATGTAAATGCGCCTTGAG,0,2533213
mhpRp2,0.14285714285714285,6,6,GTATAGAAGACAACGACGGC,0,2538904
mhpRp2,0.14285714285714285,6,6,GTATACCGTGTCAGAGATCC,0,2486564
mhpRp2,0.14285714285714285,6,6,GTATAAGTCAGTGTCGAAAA,0,2505989
mhpRp2,0.14285714285714285,6,6,GTAGTTGCCTACTCCCGTGT,0,2537182
mhpRp2,0.14285714285714285,6,6,GTAGTCCCCCCGCATTGACG,0,2512010
mhpRp2,0.14285714285714285,6,6,GTAGTAACACTCTGCGAATT,0,2526624
mhpRp2,0.14285714285714285,6,6,GTAGATCCCTAAGTCGAACC,0,2537219
mhpRp2,0.14285714285714285,6,6,GTAGAGCGCAACCTGGTTCT,0,2537796
mhpRp2,0.14285714285714285,6,6,GTAGACCATTTCTGCGATAC,0,2521715
mhpRp2,0.14285714285714285,6,6,GTACTTTTTTGTCCGGAAGT,0,2537092
mhpRp2,0.14285714285714285,6,6,GTACTTAAATGGAGCGGCCA,0,2520128
mhpRp2,0.14285714285714285,6,6,GTACGGGCCAAACGGTCCGT,0,2526504
mhpRp2,0.14285714285714285,6,6,GTACGCATTACAATAACAAG,0,2536225
mhpRp2,0.14285714285714285,6,6,GTACCAACGGTGTGCGAAAA,0,2513894
mhpRp2,0.14285714285714285,6,6,GTAATGATTCTATATGCAGG,0,2530049
mhpRp2,0.14285714285714285,6,6,GTAATCGCGGATGGCGGTCA,0,2523135
mhpRp2,0.14285714285714285,6,6,GTAATAAGTATCGTAGACCC,0,2496885
mhpRp2,0.14285714285714285,6,6,GTAAGTAATGTACCAATACC,0,2531856
mhpRp2,0.14285714285714285,6,6,GTAAGCAAATGCGTCGGACG,0,2540521
mhpRp2,0.14285714285714285,6,6,GGTTGTTCCTACCAGCATTC,0,2492972
mhpRp2,0.14285714285714285,6,6,GGTTGTGTAAATGTTCCGGC,0,2500855
mhpRp2,0.14285714285714285,6,6,GGTTCAGGATCATGGAACGC,0,2523651
mhpRp2,0.14285714285714285,6,6,GGTTAGTCCGTGTCCAAGAG,0,2502881
mhpRp2,0.14285714285714285,6,6,GGTGTTTGTGAGGAGCTAGA,0,2509595
mhpRp2,0.14285714285714285,6,6,GGTGTGTGGCGTCAAGTTGC,0,2495770
mhpRp2,0.14285714285714285,6,6,GGTGTAGGTTCTGCCTTAAG,0,2539997
mhpRp2,0.14285714285714285,6,6,GGTGTACCAAATCGTGGGAC,0,2503345
mhpRp2,0.14285714285714285,6,6,GGTGGTCGTTTGCGAGACGT,0,2479759
mhpRp2,0.14285714285714285,6,6,GGTGGGTGATTATCGAGCTT,0,2506204
mhpRp2,0.14285714285714285,6,6,GGTGGGACTCTACGTCGCTT,0,2503600
mhpRp2,0.14285714285714285,6,6,GGTGGCGAGCAGACGGCCGG,0,2531587
mhpRp2,0.14285714285714285,6,6,GGTGGAGGGATACGGCAAAG,0,2543986
mhpRp2,0.14285714285714285,6,6,GGTGATCATTAATCAGCTGG,0,2494306
mhpRp2,0.14285714285714285,6,6,GGTGAGTACGAGTCTCCGCA,0,2488546
mhpRp2,0.14285714285714285,6,6,GGTCTGTTTCAGTACCATGT,0,2540975
mhpRp2,0.14285714285714285,6,6,GGTCCTCGGATGCCTGCCGT,0,2483242
mhpRp2,0.14285714285714285,6,6,GGTCCCGGCCTTCCCAATGG,0,2487033
mhpRp2,0.14285714285714285,6,6,GGTATATGACCCGGCCTAGT,0,2484962
mhpRp2,0.14285714285714285,6,6,GGTAGTCGCAGTGGAAGTGG,0,2540476
mhpRp2,0.14285714285714285,6,6,GGGTCGGTGAGAATGCAGTT,0,2494804
mhpRp2,0.14285714285714285,6,6,GGGTCGCGAGTGAGACGGAC,0,2486483
mhpRp2,0.14285714285714285,6,6,GGGTAGTGCCGGTGCCCAAT,0,2486020
mhpRp2,0.14285714285714285,6,6,GGGTAAGACAAGAGCGGCTG,0,2542606
mhpRp2,0.14285714285714285,6,6,GGGGTACAACTCATGCCGTG,0,2495828
mhpRp2,0.14285714285714285,6,6,GGGGGGTCCGTGCGCATTCC,0,2484871
mhpRp2,0.14285714285714285,6,6,GGGGGCAGCCGTCTTCACTA,0,2543289
mhpRp2,0.14285714285714285,6,6,GGGGCTTATCTATATCGTTG,0,2510255
mhpRp2,0.14285714285714285,6,6,GGGGCAAACAGATAACAGCT,0,2540226
mhpRp2,0.14285714285714285,6,6,GGGGATACATATCGAGTGGT,0,2497383
mhpRp2,0.14285714285714285,6,6,GGGGAAATGATGTCACGTTA,0,2521541
mhpRp2,0.14285714285714285,6,6,GGGGAAATCTGTGGGGTTAG,0,2502548
mhpRp2,0.14285714285714285,6,6,GGGCTTCCATCATCGGGGCA,0,2490596
mhpRp2,0.14285714285714285,6,6,GGGCTGCATGAGTGCTAGGC,0,2532496
mhpRp2,0.14285714285714285,6,6,GGGCTACCACAGTGCGTGAA,0,2494174
mhpRp2,0.14285714285714285,6,6,GGGCGTAGGCAGCCGGTGAT,0,2494992
mhpRp2,0.14285714285714285,6,6,GGGCATGAGCGTGGTAGTGG,0,2539316
mhpRp2,0.14285714285714285,6,6,GGGCACCCTGCAACGACAGT,0,2518752
mhpRp2,0.14285714285714285,6,6,GGGCAAGTTCGATTTTTTTT,0,2487748
mhpRp2,0.14285714285714285,6,6,GGGATCACTACCTTTATGTT,0,2508668
mhpRp2,0.14285714285714285,6,6,GGGAGTTGCTAACTACCGGA,0,2523283
mhpRp2,0.14285714285714285,6,6,GGGACCTAGGTTCTCTATAT,0,2539914
mhpRp2,0.14285714285714285,6,6,GGGAAGCGCAAGGCTGACCA,0,2526606
mhpRp2,0.14285714285714285,6,6,GGGAAAGGACCATTCGTCTT,0,2518219
mhpRp2,0.14285714285714285,6,6,GGCTTGGGACATTGACTGCA,0,2509579
mhpRp2,0.14285714285714285,6,6,GGCTGCTCATTCAAACGTGG,0,2511847
mhpRp2,0.14285714285714285,6,6,GGCTGCGTGTTAATAGGTAC,0,2511053
mhpRp2,0.14285714285714285,6,6,GGCTGAGTAGGGGTTTAAAC,0,2542749
mhpRp2,0.14285714285714285,6,6,GGCTAGTGCTTGTGTATTAC,0,2518663
mhpRp2,0.14285714285714285,6,6,GGCTAGAGAGGTAATTCATA,0,2488728
mhpRp2,0.14285714285714285,6,6,GGCGTCGATGGCCACACCGC,0,2529551
mhpRp2,0.14285714285714285,6,6,GGCGTAGTCAGGGGTCCTGT,0,2509515
mhpRp2,0.14285714285714285,6,6,GGCGTAGGACACGTTTCCCG,0,2526103
mhpRp2,0.14285714285714285,6,6,GGCGAGGAGGTTCTTCCGAG,0,2485903
mhpRp2,0.14285714285714285,6,6,GGCGACTTAGGATCAAAATG,0,2518044
mhpRp2,0.14285714285714285,6,6,GGCCTATAATGTAGCGGGAC,0,2506087
mhpRp2,0.14285714285714285,6,6,GGCCATACCGCGTTAACCCA,0,2482848
mhpRp2,0.14285714285714285,6,6,GGCATCCTAGCATTTGGGAC,0,2514593
mhpRp2,0.14285714285714285,6,6,GGCATCCAGACAACGAACCG,0,2484873
mhpRp2,0.14285714285714285,6,6,GGCACTTCAGGTGTTTGAAA,0,2517662
mhpRp2,0.14285714285714285,6,6,GGCAATTCGCGCTTTCGGGT,0,2521973
mhpRp2,0.14285714285714285,6,6,GGCAATGGTATAATCAACAG,0,2539333
mhpRp2,0.14285714285714285,6,6,GGCAATGCGGCCCTTTCGGT,0,2545573
mhpRp2,0.14285714285714285,6,6,GGCAACCGAAGAGTACGTTC,0,2522288
mhpRp2,0.14285714285714285,6,6,GGATTGCTAAGGACAGTGGT,0,2519669
mhpRp2,0.14285714285714285,6,6,GGATTGCAAGCTCTCTGCCA,0,2499359
mhpRp2,0.14285714285714285,6,6,GGATGGATAGCCCCTATGGA,0,2532037
mhpRp2,0.14285714285714285,6,6,GGATGCGGCTGCGCAGTTTT,0,2521048
mhpRp2,0.14285714285714285,6,6,GGATCGGGGACGTGGGGCTT,0,2539815
mhpRp2,0.14285714285714285,6,6,GGATCAGCTTGCCTCGGGTC,0,2494035
mhpRp2,0.14285714285714285,6,6,GGAGGCCCTGACCTCTCAAA,0,2514266
mhpRp2,0.14285714285714285,6,6,GGAGCAGATCCCTACCACGA,0,2480769
mhpRp2,0.14285714285714285,6,6,GGAGAAACGGAGGTCCGTCC,0,2524020
mhpRp2,0.14285714285714285,6,6,GGACTCAGCCCTTTACGGGC,0,2498753
mhpRp2,0.14285714285714285,6,6,GGACTAGCAAGTGAACGCAA,0,2497599
mhpRp2,0.14285714285714285,6,6,GGACTAGAACCGCGGCGGAA,0,2503667
mhpRp2,0.14285714285714285,6,6,GGACGGTGTGATGTCCACCA,0,2539303
mhpRp2,0.14285714285714285,6,6,GGACGAGGATAATAGGAGCA,0,2538988
mhpRp2,0.14285714285714285,6,6,GGACCCGTTATTCAAGGCCG,0,2501011
mhpRp2,0.14285714285714285,6,6,GGACCCCGAACCTCGCCATG,0,2527983
mhpRp2,0.14285714285714285,6,6,GGACCACGGACACAAGTCCC,0,2518260
mhpRp2,0.14285714285714285,6,6,GGAAAATAAACTCTTGGCCT,0,2488239
mhpRp2,0.14285714285714285,6,6,GCTTTGAGTTAATAGGGACT,0,2488583
mhpRp2,0.14285714285714285,6,6,GCTTTACGGAAACCGACCAC,0,2493927
mhpRp2,0.14285714285714285,6,6,GCTTGCGAGTAATATACGGA,0,2532670
mhpRp2,0.14285714285714285,6,6,GCTTGCCTCCCAATAGCAGC,0,2507171
mhpRp2,0.14285714285714285,6,6,GCTTGATATTCCATGGCAAA,0,2496327
mhpRp2,0.14285714285714285,6,6,GCTTACCCCAGCGCCGGTAG,0,2542211
mhpRp2,0.14285714285714285,6,6,GCTTACAACTTCTGTATTGA,0,2522052
mhpRp2,0.14285714285714285,6,6,GCTGTTGCATCCAGGTTTTA,0,2531532
mhpRp2,0.14285714285714285,6,6,GCTGTTGAGGACCGCGGCCA,0,2539188
mhpRp2,0.14285714285714285,6,6,GCTGTCTTACGTTCTTACCA,0,2526266
mhpRp2,0.14285714285714285,6,6,GCTGTCCCGGAGAGTTGAGA,0,2486052
mhpRp2,0.14285714285714285,6,6,GCTGTAACGCGTTATGACGG,0,2527430
mhpRp2,0.14285714285714285,6,6,GCTGGGTCGGGTTCAAGTCT,0,2512658
mhpRp2,0.14285714285714285,6,6,GCTGGCACGCGTTGCCCTTT,0,2524799
mhpRp2,0.14285714285714285,6,6,GCTGCTGTCCGCGGCACAGT,0,2526301
mhpRp2,0.14285714285714285,6,6,GCTGCTGTATGCAAGATAGC,0,2518487
mhpRp2,0.14285714285714285,6,6,GCTGCTCCATCTGGTCGGAA,0,2518729
mhpRp2,0.14285714285714285,6,6,GCTGAAACATGCATGGCGGA,0,2488201
mhpRp2,0.14285714285714285,6,6,GCTCTTTCCGACCGTCAGCC,0,2544914
mhpRp2,0.14285714285714285,6,6,GCTCTCTTCTGCAAAGGCCC,0,2497617
mhpRp2,0.14285714285714285,6,6,GCTCTATTGCAGTACGTGCC,0,2512300
mhpRp2,0.14285714285714285,6,6,GCTCGTCAGTGCTCTAATGC,0,2537014
mhpRp2,0.14285714285714285,6,6,GCTCGGTACTGGGGCTCAGA,0,2502243
mhpRp2,0.14285714285714285,6,6,GCTCGAAGGTTAAGGAGTGA,0,2481650
mhpRp2,0.14285714285714285,6,6,GCTCCCACAGGTTTGTTAAG,0,2486971
mhpRp2,0.14285714285714285,6,6,GCTCCATGCCCGTTAAATTG,0,2512536
mhpRp2,0.14285714285714285,6,6,GCTCAGAATGGCGATACAGG,0,2518813
mhpRp2,0.14285714285714285,6,6,GCTATTAATTCCAATTGCCG,0,2535816
mhpRp2,0.14285714285714285,6,6,GCTATCCTTTCTTAACTGCA,0,2484957
mhpRp2,0.14285714285714285,6,6,GCTAGTGAAGAGCGCCCTTC,0,2502804
mhpRp2,0.14285714285714285,6,6,GCTACGGTCACACTCATAAG,0,2500811
mhpRp2,0.14285714285714285,6,6,GCTAATCAAAGGCCTTCAAT,0,2483138
mhpRp2,0.14285714285714285,6,6,GCGTGTTTGTGCGCTACTAT,0,2490251
mhpRp2,0.14285714285714285,6,6,GCGTGAAGGACATTAGACCA,0,2540835
mhpRp2,0.14285714285714285,6,6,GCGTCAATGATCGTTTAACG,0,2504935
mhpRp2,0.14285714285714285,6,6,GCGTAAAATGAACGATCCGG,0,2517110
mhpRp2,0.14285714285714285,6,6,GCGGTTTTAACGCCGGCGAG,0,2486497
mhpRp2,0.14285714285714285,6,6,GCGGTCCAGGCCGACGAACG,0,2539093
mhpRp2,0.14285714285714285,6,6,GCGGTACTCTCGCTATGCCA,0,2523478
mhpRp2,0.14285714285714285,6,6,GCGGAGTACAGGTCGCCATG,0,2514262
mhpRp2,0.14285714285714285,6,6,GCGGAGGGGCTTCGAACATA,0,2480209
mhpRp2,0.14285714285714285,6,6,GCGCGCATTACGGGTACAAT,0,2506631
mhpRp2,0.14285714285714285,6,6,GCGCGAATAGGTGATTGCCT,0,2484117
mhpRp2,0.14285714285714285,6,6,GCGCCTAGTTCGATCAGTCG,0,2490703
mhpRp2,0.14285714285714285,6,6,GCGCCCCGTCCAGACTAGAA,0,2487917
mhpRp2,0.14285714285714285,6,6,GCGCCCACAGTTCTGGCTCG,0,2523883
mhpRp2,0.14285714285714285,6,6,GCGCATGGGTAGCGGAACTC,0,2510109
mhpRp2,0.14285714285714285,6,6,GCGCAGCGGATCGGAAAGCG,0,2511715
mhpRp2,0.14285714285714285,6,6,GCGCACAGTAAGATCACCCG,0,2544286
mhpRp2,0.14285714285714285,6,6,GCGATTGGGTAAAGGTCATA,0,2503526
mhpRp2,0.14285714285714285,6,6,GCGAGTATCGAAACATTTAT,0,2510411
mhpRp2,0.14285714285714285,6,6,GCCTTTGCGCCGTTATGGCG,0,2481828
mhpRp2,0.14285714285714285,6,6,GCCTTGTCAGCTCGTACCTA,0,2499766
mhpRp2,0.14285714285714285,6,6,GCCTTGCTCAAGCCAAATAT,0,2528086
mhpRp2,0.14285714285714285,6,6,GCCTAGGTAGGATCGATAAT,0,2501196
mhpRp2,0.14285714285714285,6,6,GCCTAACTCCCTCTAGTACA,0,2516206
mhpRp2,0.14285714285714285,6,6,GCCGGTTTATTTAGGCGTTT,0,2484593
mhpRp2,0.14285714285714285,6,6,GCCGGTGGGTGGATCTCCGA,0,2500862
mhpRp2,0.14285714285714285,6,6,GCCGGTGCAAGGCCATTTGA,0,2509562
mhpRp2,0.14285714285714285,6,6,GCCGGGACTCAGGGTTCATG,0,2490366
mhpRp2,0.14285714285714285,6,6,GCCGGAGAATTTACGAGAAC,0,2540605
mhpRp2,0.14285714285714285,6,6,GCCGCTGACTTTAAGGGGAA,0,2537266
mhpRp2,0.14285714285714285,6,6,GCCCTGGCTTTTTTACGAGC,0,2542034
mhpRp2,0.14285714285714285,6,6,GCCCGGCATACTTCCCTAAG,0,2538728
mhpRp2,0.14285714285714285,6,6,GCCCGGACTTTAACTAACTT,0,2534917
mhpRp2,0.14285714285714285,6,6,GCCCGCAATCTGGCTAGTGT,0,2495589
mhpRp2,0.14285714285714285,6,6,GCCCCTCCATTTCAGTCTAC,0,2511822
mhpRp2,0.14285714285714285,6,6,GCCCACGTCGCTATCGTCTC,0,2503070
mhpRp2,0.14285714285714285,6,6,GCCCAAGTATTACGGCCGAT,0,2512370
mhpRp2,0.14285714285714285,6,6,GCCAGTGGGACTCACGTAAT,0,2507148
mhpRp2,0.14285714285714285,6,6,GCCAGCAAGAGCTGTCTTGT,0,2523529
mhpRp2,0.14285714285714285,6,6,GCCACCAAGCGCGGTTCAAA,0,2493350
mhpRp2,0.14285714285714285,6,6,GCATTGTTATGCATGGAAGG,0,2538529
mhpRp2,0.14285714285714285,6,6,GCATGTTGGAATGCTCCACT,0,2510882
mhpRp2,0.14285714285714285,6,6,GCATGGAGCGCTAAAAGGTA,0,2488415
mhpRp2,0.14285714285714285,6,6,GCATATTTCCGTCATCCATG,0,2483401
mhpRp2,0.14285714285714285,6,6,GCATATATTGCGCACGGAAC,0,2502179
mhpRp2,0.14285714285714285,6,6,GCAGGTGCGTCACGTTGTGC,0,2484437
mhpRp2,0.14285714285714285,6,6,GCAGGCGTCCCGACCAGTCT,0,2521410
mhpRp2,0.14285714285714285,6,6,GCAGGACTGCGAAGCATGGA,0,2530752
mhpRp2,0.14285714285714285,6,6,GCAGGACATAGGGTTCCACA,0,2526470
mhpRp2,0.14285714285714285,6,6,GCAGCTCGGTGACAGGTTAG,0,2537945
mhpRp2,0.14285714285714285,6,6,GCACTGTGTTATGGACAGAG,0,2530738
mhpRp2,0.14285714285714285,6,6,GCACTCCAGCGGACTAGGCT,0,2532678
mhpRp2,0.14285714285714285,6,6,GCACTAGGACGCAGACGTTG,0,2501045
mhpRp2,0.14285714285714285,6,6,GCACGTGGCGGTCACGCTAA,0,2514129
mhpRp2,0.14285714285714285,6,6,GCACGAGGATCTCGTGGGAA,0,2541841
mhpRp2,0.14285714285714285,6,6,GCACGACAGCGCTCACAAGG,0,2483073
mhpRp2,0.14285714285714285,6,6,GCACCGAAAATGCAACTCAA,0,2528822
mhpRp2,0.14285714285714285,6,6,GCACAGGAAGCGGCGGGCGT,0,2496776
mhpRp2,0.14285714285714285,6,6,GCACACGATAGGGCTTACAG,0,2497935
mhpRp2,0.14285714285714285,6,6,GCAAGTCTTCACGGACGGGA,0,2504005
mhpRp2,0.14285714285714285,6,6,GCAAGTCACTCATCCCGGGA,0,2502732
mhpRp2,0.14285714285714285,6,6,GCAAGGGTGTCGATATCCTT,0,2484132
mhpRp2,0.14285714285714285,6,6,GCAAGGGCTATTACGAAATA,0,2504922
mhpRp2,0.14285714285714285,6,6,GCAAGATTTTCGGGATGCAG,0,2493742
mhpRp2,0.14285714285714285,6,6,GCAACGCGGTTCGCTGAAAG,0,2507328
mhpRp2,0.14285714285714285,6,6,GCAACAAGATATCAGCGATG,0,2536596
mhpRp2,0.14285714285714285,6,6,GATTGGTCCAACGAGGCGCC,0,2520878
mhpRp2,0.14285714285714285,6,6,GATTGCATTTTTTCATCGAT,0,2491714
mhpRp2,0.14285714285714285,6,6,GATGTTTCTAAACGAAGCGT,0,2543511
mhpRp2,0.14285714285714285,6,6,GATGGATCCAATGTTGCGAG,0,2491628
mhpRp2,0.14285714285714285,6,6,GATGAACGGTTTCACGGTAA,0,2491230
mhpRp2,0.14285714285714285,6,6,GATCTGCTCACTACGGGCAG,0,2508230
mhpRp2,0.14285714285714285,6,6,GATCCAGCATCTATCCTTCA,0,2519441
mhpRp2,0.14285714285714285,6,6,GATCATCAGGTCTAGATTAC,0,2491560
mhpRp2,0.14285714285714285,6,6,GATCACGCTAATATATAAAA,0,2519043
mhpRp2,0.14285714285714285,6,6,GATCACGAGAGGCACTGCGG,0,2500852
mhpRp2,0.14285714285714285,6,6,GATAGGAAACGACCTCTTCT,0,2526144
mhpRp2,0.14285714285714285,6,6,GATAGCTGACGACGATCATG,0,2489978
mhpRp2,0.14285714285714285,6,6,GATAGCGATAAGCTAATGTT,0,2526205
mhpRp2,0.14285714285714285,6,6,GATAGCCTTAGAGTCCGTAA,0,2509861
mhpRp2,0.14285714285714285,6,6,GATACGGTTTCAGAAGCGCA,0,2527199
mhpRp2,0.14285714285714285,6,6,GATACGGCAACAAATGCTGA,0,2513455
mhpRp2,0.14285714285714285,6,6,GATAATCAAAACATGAGCCC,0,2518474
mhpRp2,0.14285714285714285,6,6,GAGTTGGTGAGCTCCAAAAC,0,2490732
mhpRp2,0.14285714285714285,6,6,GAGTGCGCCTATAGCACTCA,0,2502321
mhpRp2,0.14285714285714285,6,6,GAGTCTGTTTTGGCTAACAC,0,2501117
mhpRp2,0.14285714285714285,6,6,GAGTCACAGCTACGGGCTAT,0,2543238
mhpRp2,0.14285714285714285,6,6,GAGTAGCGGCGTTCGGAATG,0,2504255
mhpRp2,0.14285714285714285,6,6,GAGGTTTCTATGTCCGATTG,0,2538239
mhpRp2,0.14285714285714285,6,6,GAGGTGAGGATAGGCTTCAG,0,2480100
mhpRp2,0.14285714285714285,6,6,GAGGTGAACCCCGATTGTCC,0,2516630
mhpRp2,0.14285714285714285,6,6,GAGGTCGGCGCGAGTGGCCA,0,2519837
mhpRp2,0.14285714285714285,6,6,GAGGGTGCGGACCCTTACGT,0,2514349
mhpRp2,0.14285714285714285,6,6,GAGGCCCGAAGGACCATAGG,0,2525276
mhpRp2,0.14285714285714285,6,6,GAGGCATGGGAATGTAACTT,0,2489851
mhpRp2,0.14285714285714285,6,6,GAGGCATGCGTCCACTTCTC,0,2488088
mhpRp2,0.14285714285714285,6,6,GAGCTTGGATCAAATACCAC,0,2518248
mhpRp2,0.14285714285714285,6,6,GAGCTCGGTCACGGCAGTCG,0,2481997
mhpRp2,0.14285714285714285,6,6,GAGCGTATGCCAACAATTCT,0,2532126
mhpRp2,0.14285714285714285,6,6,GAGATAGACCTATTTAATGA,0,2508760
mhpRp2,0.14285714285714285,6,6,GAGATACCTAAGCCCGATTG,0,2481599
mhpRp2,0.14285714285714285,6,6,GAGAGTCCCCAACCGTCTAA,0,2498942
mhpRp2,0.14285714285714285,6,6,GAGACTGCAGAGTGTATTGG,0,2520953
mhpRp2,0.14285714285714285,6,6,GAGAATCGTCTCCGCTGGAA,0,2541560
mhpRp2,0.14285714285714285,6,6,GAGAAGTGATGGCCACGTGA,0,2534424
mhpRp2,0.14285714285714285,6,6,GAGAACCCGGACGTGCTTCA,0,2498795
mhpRp2,0.14285714285714285,6,6,GACTTCTGTACCTCCAAATG,0,2499281
mhpRp2,0.14285714285714285,6,6,GACTTATTCCAAGTGGAGAC,0,2526046
mhpRp2,0.14285714285714285,6,6,GACTGTAAGCAACAGGAATA,0,2543508
mhpRp2,0.14285714285714285,6,6,GACTCGCCACGGAACTGGAC,0,2520218
mhpRp2,0.14285714285714285,6,6,GACTCCACAAGCAGATATTC,0,2541491
mhpRp2,0.14285714285714285,6,6,GACGTGCATAAGGCTCTCAA,0,2507147
mhpRp2,0.14285714285714285,6,6,GACGGGCGAACCAGTCAGCA,0,2525149
mhpRp2,0.14285714285714285,6,6,GACGCCTGTGCTCGAATGTA,0,2544951
mhpRp2,0.14285714285714285,6,6,GACGCACGACCGAGCGGTAA,0,2499808
mhpRp2,0.14285714285714285,6,6,GACGATCTTTGTGATATCAG,0,2508016
mhpRp2,0.14285714285714285,6,6,GACCTGGCTAATTCATTCAT,0,2497226
mhpRp2,0.14285714285714285,6,6,GACCTCGAGTGGCGGCCCAG,0,2541488
mhpRp2,0.14285714285714285,6,6,GACCTAGGGAAAGCCGGAAT,0,2533133
mhpRp2,0.14285714285714285,6,6,GACCGTTGTATTTACCCACT,0,2482697
mhpRp2,0.14285714285714285,6,6,GACCCTGGGTTCTCTTCCAT,0,2483321
mhpRp2,0.14285714285714285,6,6,GACCCCGCTACTGGCGCGTC,0,2507438
mhpRp2,0.14285714285714285,6,6,GACATAACAGATCAGCTTGT,0,2484659
mhpRp2,0.14285714285714285,6,6,GAATTGCTGACGTAGTAAAT,0,2533908
mhpRp2,0.14285714285714285,6,6,GAATGTATTCGTTTATAAAG,0,2486041
mhpRp2,0.14285714285714285,6,6,GAATGGAAGCGAGCTCCGCT,0,2533063
mhpRp2,0.14285714285714285,6,6,GAATCCTACAGCACAAAACA,0,2538906
mhpRp2,0.14285714285714285,6,6,GAATAGGCGAGTGGTAATGT,0,2542520
mhpRp2,0.14285714285714285,6,6,GAATAGAGCTGGTTAAAGCG,0,2496863
mhpRp2,0.14285714285714285,6,6,GAAGTTAGCCGCGGTGGTTA,0,2539952
mhpRp2,0.14285714285714285,6,6,GAAGTATAAATAATCAGGAG,0,2539024
mhpRp2,0.14285714285714285,6,6,GAAGGTTGCAAGTTCAGCCA,0,2506852
mhpRp2,0.14285714285714285,6,6,GAACGCCGGGTAAGCAGCTA,0,2545837
mhpRp2,0.14285714285714285,6,6,GAACGACCGTGGTGCTACAG,0,2539561
mhpRp2,0.14285714285714285,6,6,GAACCATGCCTTCGTGCATG,0,2530512
mhpRp2,0.14285714285714285,6,6,GAACATGGATATGGCAAAGT,0,2543775
mhpRp2,0.14285714285714285,6,6,GAAAGTCCCATTCGACAAAA,0,2517959
mhpRp2,0.14285714285714285,6,6,GAAAGGTTTTTTGGCAAACT,0,2538261
mhpRp2,0.14285714285714285,6,6,GAAAGCTCACTTCAAGCCTC,0,2509844
mhpRp2,0.14285714285714285,6,6,GAAACGCATCTGTACGTTAC,0,2532751
mhpRp2,0.14285714285714285,6,6,GAAAAAAAATTATAAGTAAG,0,2505585
mhpRp2,0.14285714285714285,6,6,CTTTTGGTGCCCCGTTTTCG,0,2524326
mhpRp2,0.14285714285714285,6,6,CTTTTGAAAGATAATCATTC,0,2497393
mhpRp2,0.14285714285714285,6,6,CTTTTCTTGGATTAGTGTGT,0,2483203
mhpRp2,0.14285714285714285,6,6,CTTTCTGCTCTTGATATTTT,0,2484457
mhpRp2,0.14285714285714285,6,6,CTTGGTTGATTGAGGATGCA,0,2515040
mhpRp2,0.14285714285714285,6,6,CTTGACGGACATGCTAATGT,0,2497538
mhpRp2,0.14285714285714285,6,6,CTTCTTCAGAGAGGACTCTT,0,2530565
mhpRp2,0.14285714285714285,6,6,CTTCGGCCCGCGCATCAGGA,0,2529947
mhpRp2,0.14285714285714285,6,6,CTTCGAGTAAGATGGAGGCT,0,2532191
mhpRp2,0.14285714285714285,6,6,CTTCCTATTAGATTAGCGCA,0,2510169
mhpRp2,0.14285714285714285,6,6,CTTCCAGCTTTTGTGTCTTC,0,2485078
mhpRp2,0.14285714285714285,6,6,CTTAGTTCAGGGATCTTAAT,0,2516882
mhpRp2,0.14285714285714285,6,6,CTTAGACTTACGAGACCGTC,0,2509522
mhpRp2,0.14285714285714285,6,6,CTTACTGACTGATGGTTGGT,0,2491998
mhpRp2,0.14285714285714285,6,6,CTTACCATTAGCGGCGCATG,0,2517393
mhpRp2,0.14285714285714285,6,6,CTTAAGTAGGCCACGCCCTC,0,2520420
mhpRp2,0.14285714285714285,6,6,CTGTTGTCGGAGATAAGCCT,0,2527755
mhpRp2,0.14285714285714285,6,6,CTGTGTTGGGCAGCCGTGAC,0,2482513
mhpRp2,0.14285714285714285,6,6,CTGTGGCGACGCATATGGAG,0,2541913
mhpRp2,0.14285714285714285,6,6,CTGTGAGAATGCGAGGTGTC,0,2493175
mhpRp2,0.14285714285714285,6,6,CTGTCAATTCGCACGGCTGA,0,2544902
mhpRp2,0.14285714285714285,6,6,CTGTATATTTTCTCTCTCTC,0,2499420
mhpRp2,0.14285714285714285,6,6,CTGGTTTGAATGGGTCGATT,0,2545354
mhpRp2,0.14285714285714285,6,6,CTGGCATTCAAACAGTGGAG,0,2510463
mhpRp2,0.14285714285714285,6,6,CTGGCACTCCAGCGCTATCG,0,2498655
mhpRp2,0.14285714285714285,6,6,CTGGCACAACGTTGTGTGAG,0,2515721
mhpRp2,0.14285714285714285,6,6,CTGGACCTATCGGGTCCCTC,0,2532523
mhpRp2,0.14285714285714285,6,6,CTGCTGTATCCCCCCTTCTG,0,2497843
mhpRp2,0.14285714285714285,6,6,CTGCTAGGTTTGGTCCCTAC,0,2530389
mhpRp2,0.14285714285714285,6,6,CTGCGGTACATATCTACCCA,0,2545664
mhpRp2,0.14285714285714285,6,6,CTGCATGTTAGGCCATGCGG,0,2493000
mhpRp2,0.14285714285714285,6,6,CTGCAATGGCTCTCGAGCGT,0,2523015
mhpRp2,0.14285714285714285,6,6,CTGATTAGTAGTCACCGGAA,0,2513518
mhpRp2,0.14285714285714285,6,6,CTGAGCTACATATTCGAGCA,0,2491690
mhpRp2,0.14285714285714285,6,6,CTGAGCAGGCGCAGGTGGCA,0,2493843
mhpRp2,0.14285714285714285,6,6,CTGACGCAGAGCCTACGAGG,0,2489850
mhpRp2,0.14285714285714285,6,6,CTGACGATACGCGTCTCCTA,0,2484142
mhpRp2,0.14285714285714285,6,6,CTCTTACCGCTAGTGGATCA,0,2490316
mhpRp2,0.14285714285714285,6,6,CTCTCGCATATCGTCGGCGA,0,2541262
mhpRp2,0.14285714285714285,6,6,CTCTACTCGTAGCTTGAAAG,0,2490721
mhpRp2,0.14285714285714285,6,6,CTCGTATTGTACCGCCGCTG,0,2532989
mhpRp2,0.14285714285714285,6,6,CTCGGTCCATAAAGGGCGTC,0,2488555
mhpRp2,0.14285714285714285,6,6,CTCGGCTCCGCGTCTGCTAT,0,2501473
mhpRp2,0.14285714285714285,6,6,CTCGGCTACTTGAATTACGG,0,2483404
mhpRp2,0.14285714285714285,6,6,CTCGAGTCACAAGCAGACTC,0,2496626
mhpRp2,0.14285714285714285,6,6,CTCGAGTCAATAGTGTTAGC,0,2540891
mhpRp2,0.14285714285714285,6,6,CTCCTTTGGGGGATTTGACG,0,2535128
mhpRp2,0.14285714285714285,6,6,CTCCGCATCGACACGGGCAT,0,2515629
mhpRp2,0.14285714285714285,6,6,CTCATCCCAATGATCGGAGG,0,2520628
mhpRp2,0.14285714285714285,6,6,CTCATACGTATGGTCTCCTC,0,2537438
mhpRp2,0.14285714285714285,6,6,CTCATACCTGCCATGCCTTG,0,2544570
mhpRp2,0.14285714285714285,6,6,CTCATAACGCAACGGGGAGT,0,2493026
mhpRp2,0.14285714285714285,6,6,CTCACACGCTAAGGGCCAAA,0,2489847
mhpRp2,0.14285714285714285,6,6,CTCAAGGTCGTTAAGATTAG,0,2487544
mhpRp2,0.14285714285714285,6,6,CTATGTGATACTGGCCATAG,0,2498173
mhpRp2,0.14285714285714285,6,6,CTATGAGACATATCGTTTTT,0,2489760
mhpRp2,0.14285714285714285,6,6,CTATCCCAAAGGCAGTTTGG,0,2507803
mhpRp2,0.14285714285714285,6,6,CTATCACATACAGCAGTGCT,0,2486432
mhpRp2,0.14285714285714285,6,6,CTATCAAGGCCAAGACAGAT,0,2532041
mhpRp2,0.14285714285714285,6,6,CTAGTAAATAACGGTTCGGA,0,2487141
mhpRp2,0.14285714285714285,6,6,CTAGGTGAAGTTGGTTTTCT,0,2531467
mhpRp2,0.14285714285714285,6,6,CTAGCTAGTAACGTTTTTCC,0,2528140
mhpRp2,0.14285714285714285,6,6,CTAGATCAGCGTGACAACGC,0,2527063
mhpRp2,0.14285714285714285,6,6,CTAGACCCTGAACGGCTAGA,0,2540964
mhpRp2,0.14285714285714285,6,6,CTACTGAATGCACCAGGGAC,0,2532765
mhpRp2,0.14285714285714285,6,6,CTACTCAGATCGGGATCTTA,0,2509900
mhpRp2,0.14285714285714285,6,6,CTACTACGAACTGCTAGCCT,0,2518815
mhpRp2,0.14285714285714285,6,6,CTACCTCGCGTCTTGAGAGC,0,2534926
mhpRp2,0.14285714285714285,6,6,CTACCGGAGCAGTCGGGGAG,0,2501589
mhpRp2,0.14285714285714285,6,6,CTACCCCTCCGCAGGAGGGA,0,2520759
mhpRp2,0.14285714285714285,6,6,CTACAGAAGTGTCCTTAGTC,0,2520689
mhpRp2,0.14285714285714285,6,6,CTAAGTGCAGTCGAGACCTT,0,2482046
mhpRp2,0.14285714285714285,6,6,CTAAGTACTCGAGTTAATGC,0,2523546
mhpRp2,0.14285714285714285,6,6,CTAAAGCTCGCTTTAAACCA,0,2536613
mhpRp2,0.14285714285714285,6,6,CGTTGTACCAAATGATTACC,0,2490140
mhpRp2,0.14285714285714285,6,6,CGTTGGCAGAGTTAGACTAT,0,2488262
mhpRp2,0.14285714285714285,6,6,CGTTAGTGTTCGATGTGGGA,0,2480254
mhpRp2,0.14285714285714285,6,6,CGTGCTACCGGAGTCCGGTC,0,2489600
mhpRp2,0.14285714285714285,6,6,CGTGCGCATACGTATATACG,0,2480923
mhpRp2,0.14285714285714285,6,6,CGTGAAGCATTGGTAAACCA,0,2522480
mhpRp2,0.14285714285714285,6,6,CGTCATAGCGGGATTCACTG,0,2530777
mhpRp2,0.14285714285714285,6,6,CGTATTACATCAGCAGGGCA,0,2509108
mhpRp2,0.14285714285714285,6,6,CGTACATAAACCGTGACCAA,0,2497885
mhpRp2,0.14285714285714285,6,6,CGTAATAGTTTGAGGTATCG,0,2523218
mhpRp2,0.14285714285714285,6,6,CGTAACTGAACGGAGATGCA,0,2523181
mhpRp2,0.14285714285714285,6,6,CGGTTCGTGTTAAACCGAGG,0,2523703
mhpRp2,0.14285714285714285,6,6,CGGTTCCAACAGGAATGAAA,0,2502254
mhpRp2,0.14285714285714285,6,6,CGGTGGCTACGGCTACCTGC,0,2528698
mhpRp2,0.14285714285714285,6,6,CGGTGGCCGCCGAGGACCGT,0,2531764
mhpRp2,0.14285714285714285,6,6,CGGTCGCGGGTTGGCTTAGT,0,2480760
mhpRp2,0.14285714285714285,6,6,CGGTACCCTCGTGCTGGATC,0,2495816
mhpRp2,0.14285714285714285,6,6,CGGTAATCGCCCGAATAGCT,0,2531253
mhpRp2,0.14285714285714285,6,6,CGGGTTGCTTTATTCGGTCA,0,2505437
mhpRp2,0.14285714285714285,6,6,CGGGGCAATTGGGCTTTTTA,0,2536648
mhpRp2,0.14285714285714285,6,6,CGGGACCAGGGTGGGTGTAG,0,2516840
mhpRp2,0.14285714285714285,6,6,CGGGAAGTCTCTTCCCTCTG,0,2532626
mhpRp2,0.14285714285714285,6,6,CGGCTTCGTTATGGTTCCTT,0,2494290
mhpRp2,0.14285714285714285,6,6,CGGCGTCGATACAAATGCTG,0,2525554
mhpRp2,0.14285714285714285,6,6,CGGCGCCTAATATTACCTAC,0,2523980
mhpRp2,0.14285714285714285,6,6,CGGCCGCCGCAGCTCTGTAC,0,2531379
mhpRp2,0.14285714285714285,6,6,CGGCCAGCGCGTCTGGCTGC,0,2512648
mhpRp2,0.14285714285714285,6,6,CGGCCAGCGCGCTCGCGAGA,0,2512973
mhpRp2,0.14285714285714285,6,6,CGGATGAGCCACGACAATCT,0,2480844
mhpRp2,0.14285714285714285,6,6,CGGATCTACTGTCTCCTGCA,0,2507419
mhpRp2,0.14285714285714285,6,6,CGGAGCGTCCGGCAAATCAT,0,2513667
mhpRp2,0.14285714285714285,6,6,CGGACAGGGCCGTCGAGTGG,0,2516497
mhpRp2,0.14285714285714285,6,6,CGGAATGCCAAAAAAGGACT,0,2520563
mhpRp2,0.14285714285714285,6,6,CGGAATCTACTGGGATTGAG,0,2498141
mhpRp2,0.14285714285714285,6,6,CGGAACGAGTTAGTGGATCC,0,2529626
mhpRp2,0.14285714285714285,6,6,CGCTTTCCCTAAACACCTGA,0,2533180
mhpRp2,0.14285714285714285,6,6,CGCTTATATGTACTCTTATT,0,2525621
mhpRp2,0.14285714285714285,6,6,CGCTGGATTAGCCTTTGCGA,0,2543124
mhpRp2,0.14285714285714285,6,6,CGCTGGAGCCGCCCGGATAG,0,2516805
mhpRp2,0.14285714285714285,6,6,CGCTCCGACAATCCGCTTGG,0,2487006
mhpRp2,0.14285714285714285,6,6,CGCTCACGTCTTCTGGCACC,0,2541013
mhpRp2,0.14285714285714285,6,6,CGCTATTCTATGCTTTTTCT,0,2533013
mhpRp2,0.14285714285714285,6,6,CGCGGGGAGTAGGAGGGCAT,0,2519633
mhpRp2,0.14285714285714285,6,6,CGCGCCAAAGTAACAGTAGG,0,2516181
mhpRp2,0.14285714285714285,6,6,CGCGAGGCTAAGACTACCAT,0,2535965
mhpRp2,0.14285714285714285,6,6,CGCGAGGCGTTGAAACCTAG,0,2497384
mhpRp2,0.14285714285714285,6,6,CGCCGGGGCCTTGCTACGAT,0,2516378
mhpRp2,0.14285714285714285,6,6,CGCCGAGATGATTGTAAAAG,0,2490163
mhpRp2,0.14285714285714285,6,6,CGCCCATTCCTCGCCCGCAG,0,2502193
mhpRp2,0.14285714285714285,6,6,CGCCACAAAATTATTTATGA,0,2514958
mhpRp2,0.14285714285714285,6,6,CGCATTAAATCTAGGCACGG,0,2486475
mhpRp2,0.14285714285714285,6,6,CGCATTAAAATCGCTGGCTC,0,2528197
mhpRp2,0.14285714285714285,6,6,CGCATGGACTTGTATTTTAG,0,2516870
mhpRp2,0.14285714285714285,6,6,CGCAGTCGGGATGTGTTAAG,0,2536454
mhpRp2,0.14285714285714285,6,6,CGCACACCTGTTGGGCTATT,0,2544775
mhpRp2,0.14285714285714285,6,6,CGCAAGGAACTGGAGGCCTG,0,2511937
mhpRp2,0.14285714285714285,6,6,CGCAAAAGCATGGTATCTCC,0,2482414
mhpRp2,0.14285714285714285,6,6,CGATGAGTCTGTCATGGTCC,0,2540520
mhpRp2,0.14285714285714285,6,6,CGATCGCGGCGACTCGATAG,0,2481858
mhpRp2,0.14285714285714285,6,6,CGAGTTGTCAGGAGCTCAAA,0,2533927
mhpRp2,0.14285714285714285,6,6,CGAGTGGCGCTTGGCAGGCG,0,2536876
mhpRp2,0.14285714285714285,6,6,CGAGGCGTACGGGTCGGAGG,0,2527094
mhpRp2,0.14285714285714285,6,6,CGAGCGGGCAATCTAGGTAG,0,2495650
mhpRp2,0.14285714285714285,6,6,CGAGAAGTCACAAAGAGTGA,0,2488782
mhpRp2,0.14285714285714285,6,6,CGACTTTATCGATCGTATGC,0,2520305
mhpRp2,0.14285714285714285,6,6,CGACTTCAACCCACGATATA,0,2521777
mhpRp2,0.14285714285714285,6,6,CGACTCAATACACCGCGGAG,0,2534549
mhpRp2,0.14285714285714285,6,6,CGACTATCTTGGTGTGCCGG,0,2528787
mhpRp2,0.14285714285714285,6,6,CGACGAACTCTTAGTACGAG,0,2515929
mhpRp2,0.14285714285714285,6,6,CGACCGGTCTCCCCGTGAAT,0,2542675
mhpRp2,0.14285714285714285,6,6,CGAATGTGAGTCACCAAATT,0,2516680
mhpRp2,0.14285714285714285,6,6,CGAATAAGGGTTGCCTTCTA,0,2493018
mhpRp2,0.14285714285714285,6,6,CGAAGTGGGCGCGACTCTAT,0,2500120
mhpRp2,0.14285714285714285,6,6,CGAACAGCGCAGTCTTAGGA,0,2509938
mhpRp2,0.14285714285714285,6,6,CGAAATTCGTACTATCAGTG,0,2491681
mhpRp2,0.14285714285714285,6,6,CCTTGCAATTGCCATTACAA,0,2483606
mhpRp2,0.14285714285714285,6,6,CCTTCTTCGTGCACTCCCGT,0,2519238
mhpRp2,0.14285714285714285,6,6,CCTTAGCGGTTGGGTCTACA,0,2495912
mhpRp2,0.14285714285714285,6,6,CCTTAATTCCACGGGGAGGA,0,2512934
mhpRp2,0.14285714285714285,6,6,CCTGTTCCTTGATTTTGACC,0,2527627
mhpRp2,0.14285714285714285,6,6,CCTGTCCCATTCCTTTCAGC,0,2485130
mhpRp2,0.14285714285714285,6,6,CCTGGACACATTAAACAGGA,0,2508879
mhpRp2,0.14285714285714285,6,6,CCTGCGGACTTATATCGCCT,0,2534629
mhpRp2,0.14285714285714285,6,6,CCTGCCAAAGGTTGAGGCAA,0,2492372
mhpRp2,0.14285714285714285,6,6,CCTGCAAATGTCGTACGCTG,0,2507526
mhpRp2,0.14285714285714285,6,6,CCTCGTAAGCAGTTCGTTCA,0,2544509
mhpRp2,0.14285714285714285,6,6,CCTCGAAAACGAAATGTGAC,0,2512305
mhpRp2,0.14285714285714285,6,6,CCTAATTTTCACACGCCAGG,0,2512533
mhpRp2,0.14285714285714285,6,6,CCTAACCGGAGGTGCGAGCA,0,2526465
mhpRp2,0.14285714285714285,6,6,CCGTTTATTCAGGGACAAAC,0,2519431
mhpRp2,0.14285714285714285,6,6,CCGTTCGCGCTGAATTTAGT,0,2501007
mhpRp2,0.14285714285714285,6,6,CCGGTCAGGGAATGGATTAT,0,2505097
mhpRp2,0.14285714285714285,6,6,CCGGGGCACCCGAACGAATA,0,2541330
mhpRp2,0.14285714285714285,6,6,CCGGGAGTGGGTTGTACGGG,0,2505531
mhpRp2,0.14285714285714285,6,6,CCGGGAGGCCATACGTAGCT,0,2514725
mhpRp2,0.14285714285714285,6,6,CCGGGACTAGAGCTAGTCTA,0,2531821
mhpRp2,0.14285714285714285,6,6,CCGGCTCGTCTCAGCCAATC,0,2511372
mhpRp2,0.14285714285714285,6,6,CCGGAGCTCGTTTTGATAAC,0,2531541
mhpRp2,0.14285714285714285,6,6,CCGGAATCTCGATACTGAAA,0,2488373
mhpRp2,0.14285714285714285,6,6,CCGCTGAGGCCTACCACGAT,0,2515521
mhpRp2,0.14285714285714285,6,6,CCGAGCGAAAGAGTTTTCGA,0,2489416
mhpRp2,0.14285714285714285,6,6,CCGACCATACATCCACACGG,0,2496758
mhpRp2,0.14285714285714285,6,6,CCGAACCTGCGATTAATCGA,0,2479576
mhpRp2,0.14285714285714285,6,6,CCCTTTTCCGAACACGGGTG,0,2504055
mhpRp2,0.14285714285714285,6,6,CCCTTACCATAATGCTCACG,0,2520542
mhpRp2,0.14285714285714285,6,6,CCCTGGGAATCTTTATCATA,0,2512941
mhpRp2,0.14285714285714285,6,6,CCCTCGTTCTGCGGTAACGA,0,2485265
mhpRp2,0.14285714285714285,6,6,CCCGGGTGTTTTTCTAGTCT,0,2480457
mhpRp2,0.14285714285714285,6,6,CCCGGCGCACACGTTTTTGG,0,2484420
mhpRp2,0.14285714285714285,6,6,CCCGAAGAAGCGACGACGGG,0,2543989
mhpRp2,0.14285714285714285,6,6,CCCCTTCCAACCCTGTTACA,0,2499850
mhpRp2,0.14285714285714285,6,6,CCCCGTGACTCCGGTACCAC,0,2507631
mhpRp2,0.14285714285714285,6,6,CCCCGGCTCGAACTCTTTCC,0,2494799
mhpRp2,0.14285714285714285,6,6,CCCCAGTTCGCCGGAGATTT,0,2514968
mhpRp2,0.14285714285714285,6,6,CCCCACGTTACACGGTTACC,0,2481782
mhpRp2,0.14285714285714285,6,6,CCCCACATCGAATTCGAATC,0,2537410
mhpRp2,0.14285714285714285,6,6,CCCCAACCGCTCGGACGCCA,0,2511666
mhpRp2,0.14285714285714285,6,6,CCCACCGGTATCTATTCATC,0,2525770
mhpRp2,0.14285714285714285,6,6,CCCAAGCGTTAAAGGATAGA,0,2521462
mhpRp2,0.14285714285714285,6,6,CCCAAAATTCGCCTAATGAT,0,2506822
mhpRp2,0.14285714285714285,6,6,CCATTTCGGGCTACCTCTAC,0,2524161
mhpRp2,0.14285714285714285,6,6,CCAGTAAAAACGCAAATTGG,0,2511816
mhpRp2,0.14285714285714285,6,6,CCAGAGGGAGACCCAGGCAG,0,2497705
mhpRp2,0.14285714285714285,6,6,CCACTGGCAATACGAGCGTA,0,2481740
mhpRp2,0.14285714285714285,6,6,CCACGCGTAGTTAGTTGCTT,0,2541152
mhpRp2,0.14285714285714285,6,6,CCACCTGTAGTTCTTCACTC,0,2495222
mhpRp2,0.14285714285714285,6,6,CCACCGAGGCGATGCTGCCT,0,2490524
mhpRp2,0.14285714285714285,6,6,CCACCCGTCAAGTTCAGATA,0,2544078
mhpRp2,0.14285714285714285,6,6,CCACACCCCCCCTAACGCTC,0,2527750
mhpRp2,0.14285714285714285,6,6,CCAACGTCTACGGGGGACCA,0,2533096
mhpRp2,0.14285714285714285,6,6,CCAAAAGAGTTCACGTAGAA,0,2484432
mhpRp2,0.14285714285714285,6,6,CCAAAAACCTCTGTTGCGAG,0,2520562
mhpRp2,0.14285714285714285,6,6,CATTTGTGATCTTGCCACCT,0,2519305
mhpRp2,0.14285714285714285,6,6,CATTTGGGCACAGCTTGGGG,0,2508825
mhpRp2,0.14285714285714285,6,6,CATTTGCTACATTGAAGAAG,0,2491130
mhpRp2,0.14285714285714285,6,6,CATTCTGGGACGTATCCACG,0,2542295
mhpRp2,0.14285714285714285,6,6,CATTCATAGGGGTCGCAATG,0,2541170
mhpRp2,0.14285714285714285,6,6,CATTATTCTGTCGAGCCCTC,0,2511959
mhpRp2,0.14285714285714285,6,6,CATTATGCGCCGTCTGATGC,0,2479836
mhpRp2,0.14285714285714285,6,6,CATTACTACTCAGGAAGACG,0,2521417
mhpRp2,0.14285714285714285,6,6,CATTAACGTATCGGATGACT,0,2485920
mhpRp2,0.14285714285714285,6,6,CATGTATGATGCTAGGATTT,0,2500893
mhpRp2,0.14285714285714285,6,6,CATGGAGTGCTGTCGTCGGT,0,2489636
mhpRp2,0.14285714285714285,6,6,CATGCTGGTGTAAGTCGCAT,0,2488753
mhpRp2,0.14285714285714285,6,6,CATGCTACCCCCCGCTTCAG,0,2490451
mhpRp2,0.14285714285714285,6,6,CATCTGAACGGAAACTACCA,0,2527990
mhpRp2,0.14285714285714285,6,6,CATCTCCCCGGTTCTGTTGC,0,2516495
mhpRp2,0.14285714285714285,6,6,CATCGGTTGAACTGGCGGAT,0,2493941
mhpRp2,0.14285714285714285,6,6,CATCGGAGCTCCAGACTTTC,0,2500122
mhpRp2,0.14285714285714285,6,6,CATCCAAATTGCACTATACA,0,2487147
mhpRp2,0.14285714285714285,6,6,CATCAGTTTCTCCTTGAGGC,0,2480041
mhpRp2,0.14285714285714285,6,6,CATCACCTGACTTTGTGCAA,0,2516755
mhpRp2,0.14285714285714285,6,6,CATCAAACGGACATGGTGTA,0,2505410
mhpRp2,0.14285714285714285,6,6,CATATTGATTGGACGCCAAA,0,2483585
mhpRp2,0.14285714285714285,6,6,CATACGATCCAACCGCAGTC,0,2534609
mhpRp2,0.14285714285714285,6,6,CATACAACACATTACAACAA,0,2534265
mhpRp2,0.14285714285714285,6,6,CATAAGGTTCTCAGGTTGAT,0,2515009
mhpRp2,0.14285714285714285,6,6,CAGTTTACAGGGTGATTTAA,0,2525131
mhpRp2,0.14285714285714285,6,6,CAGTATGGCTGACGTTCCAC,0,2514450
mhpRp2,0.14285714285714285,6,6,CAGTAGGATAAGGGCTAGTG,0,2499474
mhpRp2,0.14285714285714285,6,6,CAGTACTAGGGAATACTGTC,0,2506875
mhpRp2,0.14285714285714285,6,6,CAGGGAGGCCAAAGCCCGCA,0,2496481
mhpRp2,0.14285714285714285,6,6,CAGGCCGGTCCCAAGGTTCG,0,2510419
mhpRp2,0.14285714285714285,6,6,CAGGCCAACAGGAAGTGGCT,0,2482961
mhpRp2,0.14285714285714285,6,6,CAGGAACCTGTCTTGAAAAG,0,2504497
mhpRp2,0.14285714285714285,6,6,CAGCTCCCTCCAGTGGGGGT,0,2540904
mhpRp2,0.14285714285714285,6,6,CAGCAAGGTGATTATAAGTA,0,2543707
mhpRp2,0.14285714285714285,6,6,CAGACGGTCACTGCAAGTGC,0,2528493
mhpRp2,0.14285714285714285,6,6,CAGACGGACGTATTTAACAA,0,2480938
mhpRp2,0.14285714285714285,6,6,CAGACCAGAGTGAAGCTCGC,0,2528999
mhpRp2,0.14285714285714285,6,6,CAGAAGCGAAGAACCCTGAC,0,2501203
mhpRp2,0.14285714285714285,6,6,CAGAAAGCCCTAATGGGTTT,0,2494081
mhpRp2,0.14285714285714285,6,6,CAGAAAAAGTAAAGCAGCTC,0,2532076
mhpRp2,0.14285714285714285,6,6,CACTCTGATCGTTACACGGT,0,2495243
mhpRp2,0.14285714285714285,6,6,CACTCGTACTATAGAACGAG,0,2492892
mhpRp2,0.14285714285714285,6,6,CACTAGCCTGGACTCTGGGG,0,2542687
mhpRp2,0.14285714285714285,6,6,CACTACGCGGTTAACGTGTA,0,2532386
mhpRp2,0.14285714285714285,6,6,CACTACCTCGAGCGCATTAT,0,2540766
mhpRp2,0.14285714285714285,6,6,CACGTGGTCGTTCATGCCTG,0,2516409
mhpRp2,0.14285714285714285,6,6,CACGTGATTCAAATAAGTAG,0,2528718
mhpRp2,0.14285714285714285,6,6,CACGGCTGAATCACGGCTGA,0,2521870
mhpRp2,0.14285714285714285,6,6,CACGCGCGCCAATTAAGAAG,0,2496547
mhpRp2,0.14285714285714285,6,6,CACGCGAACCCAAATAGCTT,0,2492118
mhpRp2,0.14285714285714285,6,6,CACCTGTACTAAGTCCAGTG,0,2542747
mhpRp2,0.14285714285714285,6,6,CACCTGAGGTGACATGGGCA,0,2488094
mhpRp2,0.14285714285714285,6,6,CACCTCGGGACGAGGTATTT,0,2544198
mhpRp2,0.14285714285714285,6,6,CACCGGCCCGCGAGCACAGA,0,2524621
mhpRp2,0.14285714285714285,6,6,CACCGCCATAACGATAATTA,0,2491883
mhpRp2,0.14285714285714285,6,6,CACCCTCTCTCTTAAAGCTC,0,2499084
mhpRp2,0.14285714285714285,6,6,CACCCGTCCTCTCAATTGGC,0,2544271
mhpRp2,0.14285714285714285,6,6,CACCCGGAATTCCAGATTCA,0,2529521
mhpRp2,0.14285714285714285,6,6,CACCCAGACACAGGACTGTG,0,2514079
mhpRp2,0.14285714285714285,6,6,CACATAGACAATTCCATGGG,0,2483092
mhpRp2,0.14285714285714285,6,6,CACACTCCAACGTCGCTCGA,0,2483605
mhpRp2,0.14285714285714285,6,6,CAATGGTCATAACCACATAG,0,2538131
mhpRp2,0.14285714285714285,6,6,CAATCTTAGTGTAGATCCGG,0,2516453
mhpRp2,0.14285714285714285,6,6,CAATCAGATCAAGCCCTGCG,0,2534580
mhpRp2,0.14285714285714285,6,6,CAATATCATCGTTGATACAC,0,2498241
mhpRp2,0.14285714285714285,6,6,CAATAAATGCAACTTACTGA,0,2488578
mhpRp2,0.14285714285714285,6,6,CAAGGATCTTTTGAGATGGA,0,2526913
mhpRp2,0.14285714285714285,6,6,CAAGCCGACTCTATATACTC,0,2490299
mhpRp2,0.14285714285714285,6,6,CAAGAGATTCTTCAGGACTC,0,2536530
mhpRp2,0.14285714285714285,6,6,CAAGAAGCGTGTCGGTTATA,0,2525239
mhpRp2,0.14285714285714285,6,6,CAACTAGCCATACCCTGGCA,0,2518932
mhpRp2,0.14285714285714285,6,6,CAACGGCTTCTCCGTGCTCT,0,2496187
mhpRp2,0.14285714285714285,6,6,CAACGGCTTCGCGGATGTTC,0,2479728
mhpRp2,0.14285714285714285,6,6,CAACGCCTCGCACCATGATC,0,2542326
mhpRp2,0.14285714285714285,6,6,CAAATAATTATCCAGGCTTG,0,2520674
mhpRp2,0.14285714285714285,6,6,CAAAGATGAATCACACGAGT,0,2543813
mhpRp2,0.14285714285714285,6,6,CAAAGAGCACCGGCAAGGAG,0,2530685
mhpRp2,0.14285714285714285,6,6,CAAAGACGCGGCGGAAGGGA,0,2523136
mhpRp2,0.14285714285714285,6,6,CAAACACAGTTCGACTTTTG,0,2508164
mhpRp2,0.14285714285714285,6,6,CAAAAATTGCGGGAGCCTAG,0,2497366
mhpRp2,0.14285714285714285,6,6,CAAAAATGAGTGGAACAGTA,0,2504689
mhpRp2,0.14285714285714285,6,6,ATTTTAAAGCAGTGAAACTT,0,2496167
mhpRp2,0.14285714285714285,6,6,ATTTGGGTTAACAAGCCACC,0,2499519
mhpRp2,0.14285714285714285,6,6,ATTTCGTATGGCATTTTGCA,0,2498702
mhpRp2,0.14285714285714285,6,6,ATTGTGCTAGGTTACCCCAT,0,2497565
mhpRp2,0.14285714285714285,6,6,ATTGTACAGTAATGTTGTGT,0,2510315
mhpRp2,0.14285714285714285,6,6,ATTGGAAATTGCCCGTGATC,0,2480762
mhpRp2,0.14285714285714285,6,6,ATTGCCCAAAAGCTGTAAGC,0,2481012
mhpRp2,0.14285714285714285,6,6,ATTGCATAGGCTCGTAAGTT,0,2495153
mhpRp2,0.14285714285714285,6,6,ATTGAGGGAGAAGTGAAAAG,0,2512437
mhpRp2,0.14285714285714285,6,6,ATTCTTCTACGATCGTGTAG,0,2535662
mhpRp2,0.14285714285714285,6,6,ATTCTACCCCGAAACTATGA,0,2542260
mhpRp2,0.14285714285714285,6,6,ATTCGCACAGCTCTATGTTT,0,2519718
mhpRp2,0.14285714285714285,6,6,ATTCACTGGCGGTACTTTGG,0,2542272
mhpRp2,0.14285714285714285,6,6,ATTATGGCCAGGAGAATAAC,0,2495826
mhpRp2,0.14285714285714285,6,6,ATTATCTGGGCCTATCTTCC,0,2541278
mhpRp2,0.14285714285714285,6,6,ATTAGTAATTGGGCACCGCT,0,2505175
mhpRp2,0.14285714285714285,6,6,ATTACTTCTAGGTGCCATGT,0,2500700
mhpRp2,0.14285714285714285,6,6,ATTAATCCATTAGTGCCAAT,0,2500587
mhpRp2,0.14285714285714285,6,6,ATGTGTAGATCAACGGGCAA,0,2502304
mhpRp2,0.14285714285714285,6,6,ATGTCTCCTCGACTCCTAGT,0,2508501
mhpRp2,0.14285714285714285,6,6,ATGTATTAAGGTGGCCTTGC,0,2535414
mhpRp2,0.14285714285714285,6,6,ATGTAGGAGGGAAAAGGTCA,0,2539849
mhpRp2,0.14285714285714285,6,6,ATGTACGTCTGGAAGCGGTA,0,2495470
mhpRp2,0.14285714285714285,6,6,ATGGTGAAACATGCAAACTG,0,2519858
mhpRp2,0.14285714285714285,6,6,ATGGCCCCCGTATTTAGTCC,0,2507707
mhpRp2,0.14285714285714285,6,6,ATGGCCATCCTACGGGCGGG,0,2535042
mhpRp2,0.14285714285714285,6,6,ATGGAATATCACCCTCGGGT,0,2508217
mhpRp2,0.14285714285714285,6,6,ATGCTCGCCGGAGTTACCAG,0,2542236
mhpRp2,0.14285714285714285,6,6,ATGCGCAGTGATGCTAGTAA,0,2507923
mhpRp2,0.14285714285714285,6,6,ATGCGATTGAGGCGGTCAAT,0,2481509
mhpRp2,0.14285714285714285,6,6,ATGCCTTTGGCTACGGCAGT,0,2540971
mhpRp2,0.14285714285714285,6,6,ATGCCACGCAGCCGCCAGGG,0,2532445
mhpRp2,0.14285714285714285,6,6,ATGCATGAGCCACCGACCTG,0,2532905
mhpRp2,0.14285714285714285,6,6,ATGCATCCAGTAAAGAGGTA,0,2518355
mhpRp2,0.14285714285714285,6,6,ATGCACTGTAATAATATGGT,0,2485775
mhpRp2,0.14285714285714285,6,6,ATGAGCACTAGCACGAAACC,0,2507939
mhpRp2,0.14285714285714285,6,6,ATGACTTGGCATTCTACCCC,0,2519052
mhpRp2,0.14285714285714285,6,6,ATGACGTCGGTTGAGCTCCG,0,2518335
mhpRp2,0.14285714285714285,6,6,ATGACCTGTTCACAGAAGAG,0,2536902
mhpRp2,0.14285714285714285,6,6,ATGAATCGTCGCCGGATCGC,0,2485501
mhpRp2,0.14285714285714285,6,6,ATCTTCTAAAAAAAACACTA,0,2488726
mhpRp2,0.14285714285714285,6,6,ATCTTATGGCGATCTGTCTG,0,2489744
mhpRp2,0.14285714285714285,6,6,ATCTAAGGCGGATCTCTCGA,0,2496176
mhpRp2,0.14285714285714285,6,6,ATCGTCGTTCCGGGTGATTC,0,2545693
mhpRp2,0.14285714285714285,6,6,ATCGTCGCGATTACGCATCT,0,2502481
mhpRp2,0.14285714285714285,6,6,ATCGTATGTGAGGGGCTACT,0,2516937
mhpRp2,0.14285714285714285,6,6,ATCGGGACCTTGGTGTTAAT,0,2527400
mhpRp2,0.14285714285714285,6,6,ATCGGCTGTAGGTATGCAGA,0,2487793
mhpRp2,0.14285714285714285,6,6,ATCGGCGATGAGGTCACTCA,0,2517534
mhpRp2,0.14285714285714285,6,6,ATCGCTCGCTTAGTGTCGGT,0,2499482
mhpRp2,0.14285714285714285,6,6,ATCGCAGCTCAAAATTAAGA,0,2493337
mhpRp2,0.14285714285714285,6,6,ATCCTTGGATTGTGAGGTTG,0,2506197
mhpRp2,0.14285714285714285,6,6,ATCCTATCCGTTGACTACCG,0,2537178
mhpRp2,0.14285714285714285,6,6,ATCCGCCAACGCTAGCTTTT,0,2502201
mhpRp2,0.14285714285714285,6,6,ATCCGACGTTTCCCACTCAA,0,2528792
mhpRp2,0.14285714285714285,6,6,ATCCGAAATGAATGGGTAAT,0,2542680
mhpRp2,0.14285714285714285,6,6,ATCCCAGGCGATCAGTGGAG,0,2542181
mhpRp2,0.14285714285714285,6,6,ATCAGATTATAGGTGGGGAC,0,2541335
mhpRp2,0.14285714285714285,6,6,ATCAACCCTCTAGGTAAATG,0,2540908
mhpRp2,0.14285714285714285,6,6,ATATTATATGTTATTGGGTG,0,2514082
mhpRp2,0.14285714285714285,6,6,ATATGGTGCCTAGGCTCTGA,0,2526305
mhpRp2,0.14285714285714285,6,6,ATATGGTCATTGATCCTTGA,0,2532887
mhpRp2,0.14285714285714285,6,6,ATATCGGTTAGTACAGCGGT,0,2498384
mhpRp2,0.14285714285714285,6,6,ATATCGGGGTGGGGCCATAG,0,2499842
mhpRp2,0.14285714285714285,6,6,ATATAGGACGGGATGCGAAT,0,2493176
mhpRp2,0.14285714285714285,6,6,ATATACGCGCAACATCTTAA,0,2490803
mhpRp2,0.14285714285714285,6,6,ATATAATTTTTAAATACTAT,0,2537856
mhpRp2,0.14285714285714285,6,6,ATATAACGGTTGTAAGCCCG,0,2524856
mhpRp2,0.14285714285714285,6,6,ATAGTCAGGTCAGTTGAAGC,0,2502175
mhpRp2,0.14285714285714285,6,6,ATAGGCGTAACGGTAAACTT,0,2540649
mhpRp2,0.14285714285714285,6,6,ATAGCAAGGCACGACCATAT,0,2480030
mhpRp2,0.14285714285714285,6,6,ATAGACAATATCTATCTACT,0,2533103
mhpRp2,0.14285714285714285,6,6,ATAGAAGTCTATGTAATTGT,0,2535985
mhpRp2,0.14285714285714285,6,6,ATAGAAGTCACAACCCCGAG,0,2513136
mhpRp2,0.14285714285714285,6,6,ATAGAAGTATGGACAGGGAC,0,2530456
mhpRp2,0.14285714285714285,6,6,ATACTGGTCAAGGACCTTAC,0,2545636
mhpRp2,0.14285714285714285,6,6,ATACTAATGAGTGATACTAG,0,2541091
mhpRp2,0.14285714285714285,6,6,ATACCGGGTACATCACGGCT,0,2488454
mhpRp2,0.14285714285714285,6,6,ATACAGCAACTGGGAGTTAA,0,2507716
mhpRp2,0.14285714285714285,6,6,ATACACGTTTACCCGACTAC,0,2537381
mhpRp2,0.14285714285714285,6,6,ATACACCGCTTTGGGCGGAT,0,2493830
mhpRp2,0.14285714285714285,6,6,ATAATGGGTCCGCAATTTTC,0,2482918
mhpRp2,0.14285714285714285,6,6,ATAAGCTAACTATGGGTCCA,0,2507809
mhpRp2,0.14285714285714285,6,6,ATAAGAGCAAAGTAGCCGTG,0,2501398
mhpRp2,0.14285714285714285,6,6,ATAACCGCCTAACCACCCGA,0,2497898
mhpRp2,0.14285714285714285,6,6,AGTTGGTAAAGCCCAAGCTA,0,2489274
mhpRp2,0.14285714285714285,6,6,AGTTGGGTGCTGTGGGGCGC,0,2523807
mhpRp2,0.14285714285714285,6,6,AGTTCTAAGGAGATAAGAAC,0,2531206
mhpRp2,0.14285714285714285,6,6,AGTTAACGCGGAATATCGGG,0,2540407
mhpRp2,0.14285714285714285,6,6,AGTGGCTCGTCATAAGCTAG,0,2489084
mhpRp2,0.14285714285714285,6,6,AGTGCTGACTTTCCGCATAC,0,2509425
mhpRp2,0.14285714285714285,6,6,AGTGCTCAGCATTGATACTG,0,2499176
mhpRp2,0.14285714285714285,6,6,AGTGCGCAAACTACCATGTC,0,2498760
mhpRp2,0.14285714285714285,6,6,AGTGCACTGCGGGTCCCCTG,0,2508027
mhpRp2,0.14285714285714285,6,6,AGTCTCGCACTAGCATCCAT,0,2504349
mhpRp2,0.14285714285714285,6,6,AGTCGGTCTCATTAATTTGT,0,2536913
mhpRp2,0.14285714285714285,6,6,AGTCGAGGCCCCGGAGGACG,0,2528183
mhpRp2,0.14285714285714285,6,6,AGTCCAATATGTTGGTGTTG,0,2480743
mhpRp2,0.14285714285714285,6,6,AGTCAGTCATCAGGCACACT,0,2511637
mhpRp2,0.14285714285714285,6,6,AGTCAGGAACCACTGGTTGC,0,2494289
mhpRp2,0.14285714285714285,6,6,AGTAGGCGGCTTGCTCTTAT,0,2494911
mhpRp2,0.14285714285714285,6,6,AGTAGATAGGGCATCTTGTA,0,2486686
mhpRp2,0.14285714285714285,6,6,AGTACACCGAGTGGAACACG,0,2523801
mhpRp2,0.14285714285714285,6,6,AGGTTCGGTAAGGACCGCGA,0,2519907
mhpRp2,0.14285714285714285,6,6,AGGTGGGGAGTCCAACCTTC,0,2483109
mhpRp2,0.14285714285714285,6,6,AGGTGAGTCTTGCAATGGAT,0,2538045
mhpRp2,0.14285714285714285,6,6,AGGTCCGGAGGCTATTGGGG,0,2539349
mhpRp2,0.14285714285714285,6,6,AGGTCAAGCTCCCCTGGCCC,0,2539043
mhpRp2,0.14285714285714285,6,6,AGGGTGGCTATTGGTGTATG,0,2499989
mhpRp2,0.14285714285714285,6,6,AGGGTACATAACTCATTGAA,0,2543701
mhpRp2,0.14285714285714285,6,6,AGGGGGTTCACTGTTGGATT,0,2543291
mhpRp2,0.14285714285714285,6,6,AGGGGGGGAAGCTTGCTTGT,0,2493776
mhpRp2,0.14285714285714285,6,6,AGGGCCGGCAAGCTTGGACT,0,2514321
mhpRp2,0.14285714285714285,6,6,AGGGAAGTGGTTAGGCCACT,0,2528320
mhpRp2,0.14285714285714285,6,6,AGGCTACTTGTCAAATTATA,0,2480165
mhpRp2,0.14285714285714285,6,6,AGGCGTTCATACTTCTTAAT,0,2498939
mhpRp2,0.14285714285714285,6,6,AGGCGTTCAGGATCCTCATC,0,2493872
mhpRp2,0.14285714285714285,6,6,AGGCCTTAATAGGTCGTGCT,0,2513990
mhpRp2,0.14285714285714285,6,6,AGGCACAATAGCGGGCACCA,0,2509749
mhpRp2,0.14285714285714285,6,6,AGGATGTAGCTCTAGGGGGT,0,2508745
mhpRp2,0.14285714285714285,6,6,AGGATGAATGACAAACAGTA,0,2486826
mhpRp2,0.14285714285714285,6,6,AGGAGAGCCGGTAGTGTGAC,0,2505746
mhpRp2,0.14285714285714285,6,6,AGGAATTCACGCAGTTTAGC,0,2545019
mhpRp2,0.14285714285714285,6,6,AGGAACACTGGAGTGTTCGT,0,2496144
mhpRp2,0.14285714285714285,6,6,AGGAACACCAGAATGTTGGC,0,2501456
mhpRp2,0.14285714285714285,6,6,AGCTTTGTCTCCCCAGACAA,0,2521702
mhpRp2,0.14285714285714285,6,6,AGCGTGCACACTGCATTAAC,0,2519946
mhpRp2,0.14285714285714285,6,6,AGCGTCTATTAATGGTGTCA,0,2533454
mhpRp2,0.14285714285714285,6,6,AGCGTACGGCGATGAGTGTA,0,2508224
mhpRp2,0.14285714285714285,6,6,AGCGGGCCAGGCTACTTCAC,0,2481471
mhpRp2,0.14285714285714285,6,6,AGCGATTTATAATAAAGGGC,0,2515568
mhpRp2,0.14285714285714285,6,6,AGCGACGGTCTCGACAACCA,0,2525006
mhpRp2,0.14285714285714285,6,6,AGCCTGTTCTCCCGCGGACT,0,2505428
mhpRp2,0.14285714285714285,6,6,AGCCTAAACTTACCGACACG,0,2479830
mhpRp2,0.14285714285714285,6,6,AGCCGCATCCGTTTGTCTCA,0,2493268
mhpRp2,0.14285714285714285,6,6,AGCCGACTAGGTAATTCGTA,0,2524730
mhpRp2,0.14285714285714285,6,6,AGCCCACCGTCTTGGACGAC,0,2501956
mhpRp2,0.14285714285714285,6,6,AGCATTTAATCAGCGAACTT,0,2521185
mhpRp2,0.14285714285714285,6,6,AGCATGGGGTCCCCGTGTCC,0,2521292
mhpRp2,0.14285714285714285,6,6,AGCAGGCTTTAACTTAAGGG,0,2539161
mhpRp2,0.14285714285714285,6,6,AGCAGATCGACCTCTATGAG,0,2497897
mhpRp2,0.14285714285714285,6,6,AGCAGAGAAAGACATGAGGC,0,2506040
mhpRp2,0.14285714285714285,6,6,AGCACTTACTGACGGTATGG,0,2496563
mhpRp2,0.14285714285714285,6,6,AGCAACCGGGACCGTCGAAT,0,2491223
mhpRp2,0.14285714285714285,6,6,AGATGCATACACGAGTCCTA,0,2500226
mhpRp2,0.14285714285714285,6,6,AGATAGCATTTGCGGTTAAT,0,2494680
mhpRp2,0.14285714285714285,6,6,AGAGGTCAGGGGGCACTTTG,0,2498546
mhpRp2,0.14285714285714285,6,6,AGAGGGGGTCCAGAAGTTTT,0,2495071
mhpRp2,0.14285714285714285,6,6,AGAGCGTAGCTCCTCCGAGG,0,2543241
mhpRp2,0.14285714285714285,6,6,AGAGCAATCCGCACAATGGG,0,2494696
mhpRp2,0.14285714285714285,6,6,AGAGATTGTTGGAGCGTGTG,0,2520126
mhpRp2,0.14285714285714285,6,6,AGACTGTCGCACGCGGAGGG,0,2534000
mhpRp2,0.14285714285714285,6,6,AGACTCGCCGTCAGAGTCCC,0,2544919
mhpRp2,0.14285714285714285,6,6,AGAATACAGCAAGCTAGGCT,0,2509715
mhpRp2,0.14285714285714285,6,6,AGAACTTCTAAGGGGCACGG,0,2502809
mhpRp2,0.14285714285714285,6,6,AGAAAGGTAGAGCGGGTAAC,0,2538359
mhpRp2,0.14285714285714285,6,6,ACTTTCTACCCGTTATAGGC,0,2487594
mhpRp2,0.14285714285714285,6,6,ACTTTATGTCCGCTCTGATG,0,2531474
mhpRp2,0.14285714285714285,6,6,ACTGGTGTACTACTCATGCA,0,2529548
mhpRp2,0.14285714285714285,6,6,ACTGGCATCTATTGCTTACC,0,2507856
mhpRp2,0.14285714285714285,6,6,ACTGCTACCTATAAAATTTC,0,2538877
mhpRp2,0.14285714285714285,6,6,ACTGCGTAGGGAGAAGACAG,0,2539807
mhpRp2,0.14285714285714285,6,6,ACTCTTCCTGTACGTCTAGA,0,2505450
mhpRp2,0.14285714285714285,6,6,ACTCCATCATACGTAAAGGC,0,2529602
mhpRp2,0.14285714285714285,6,6,ACTCAAGGGATGGCTCCCCA,0,2544850
mhpRp2,0.14285714285714285,6,6,ACTATTTACATTGACACAAT,0,2501593
mhpRp2,0.14285714285714285,6,6,ACTATGGAAGACTCATAGGC,0,2482244
mhpRp2,0.14285714285714285,6,6,ACTAGCCGTTCCGGCGGATA,0,2504929
mhpRp2,0.14285714285714285,6,6,ACTACCCGTGCGCTTAACGA,0,2507651
mhpRp2,0.14285714285714285,6,6,ACTAACTTGTCAGGGCGCGA,0,2506802
mhpRp2,0.14285714285714285,6,6,ACTAAAGAATTGTTAACGTT,0,2533995
mhpRp2,0.14285714285714285,6,6,ACTAAACACCGGTCTGAGTG,0,2508801
mhpRp2,0.14285714285714285,6,6,ACGTGGACGCCGAGAGTTTC,0,2533131
mhpRp2,0.14285714285714285,6,6,ACGTCTGCGCCTGCCCAGTC,0,2540821
mhpRp2,0.14285714285714285,6,6,ACGTCGCTTTTCGCGTGCGT,0,2528224
mhpRp2,0.14285714285714285,6,6,ACGTCCAGACCTCAAACGTT,0,2530235
mhpRp2,0.14285714285714285,6,6,ACGTACGGTTAAGGACGTCA,0,2510596
mhpRp2,0.14285714285714285,6,6,ACGGTTTGCGAGTTCAGTCC,0,2503181
mhpRp2,0.14285714285714285,6,6,ACGGTTGCACCCACCTAGAA,0,2534112
mhpRp2,0.14285714285714285,6,6,ACGGTCTCAAGTTGTACGAC,0,2530881
mhpRp2,0.14285714285714285,6,6,ACGGCGCTGCCATTGGCGGA,0,2522294
mhpRp2,0.14285714285714285,6,6,ACGGCAATGGGGTGGAAGCA,0,2542269
mhpRp2,0.14285714285714285,6,6,ACGGATTGGTCACAGTCCGA,0,2481141
mhpRp2,0.14285714285714285,6,6,ACGGAGCCGTGGCTTGACAC,0,2534569
mhpRp2,0.14285714285714285,6,6,ACGGAGATAGGGAAATAATG,0,2522347
mhpRp2,0.14285714285714285,6,6,ACGGACCAGACACGTCGCCT,0,2487442
mhpRp2,0.14285714285714285,6,6,ACGGAATTCTCGGACAACGT,0,2527471
mhpRp2,0.14285714285714285,6,6,ACGCTTCGTCCCCGTACCCG,0,2514439
mhpRp2,0.14285714285714285,6,6,ACGCTCGATTGCACACCCTT,0,2519869
mhpRp2,0.14285714285714285,6,6,ACGCGCCTCGACTCGTTTTG,0,2523827
mhpRp2,0.14285714285714285,6,6,ACGCGCACCATAGTGACATA,0,2490978
mhpRp2,0.14285714285714285,6,6,ACGCGAGACATTCGGCCAAC,0,2505352
mhpRp2,0.14285714285714285,6,6,ACGCACTTTCCAGATAGTTA,0,2496103
mhpRp2,0.14285714285714285,6,6,ACGATTGCCGGATAGCAACT,0,2515003
mhpRp2,0.14285714285714285,6,6,ACGAGAGTCCAACTTGTTAA,0,2486133
mhpRp2,0.14285714285714285,6,6,ACGAAGCGGATTTACTTTGA,0,2513556
mhpRp2,0.14285714285714285,6,6,ACGAAAAGCCCTCTCTATTT,0,2485176
mhpRp2,0.14285714285714285,6,6,ACCTGTAAACCTCAAGTATA,0,2494704
mhpRp2,0.14285714285714285,6,6,ACCTGGGCCGGACGGCTACG,0,2488680
mhpRp2,0.14285714285714285,6,6,ACCTGCGTGGTCCGCCTCCC,0,2529384
mhpRp2,0.14285714285714285,6,6,ACCCGGAACGGTTCAAGACT,0,2540640
mhpRp2,0.14285714285714285,6,6,ACCCGACGATCGAGTCTGCC,0,2506097
mhpRp2,0.14285714285714285,6,6,ACCCCCGGGTCGTGTGATGG,0,2487158
mhpRp2,0.14285714285714285,6,6,ACCCCACCCAGTCGTTTTGG,0,2533890
mhpRp2,0.14285714285714285,6,6,ACCCAATTAGGCCTTGACTC,0,2533999
mhpRp2,0.14285714285714285,6,6,ACCATGCGCTCTTACGGATT,0,2489000
mhpRp2,0.14285714285714285,6,6,ACCAGTAATATACGTTAATA,0,2517616
mhpRp2,0.14285714285714285,6,6,ACCAGGGGGTCAGTGAGTAC,0,2486553
mhpRp2,0.14285714285714285,6,6,ACATTTCATTTCTACGTTTA,0,2496754
mhpRp2,0.14285714285714285,6,6,ACATTGCATCGAATATCAAT,0,2495057
mhpRp2,0.14285714285714285,6,6,ACATTGATACTTGCAATGGC,0,2536682
mhpRp2,0.14285714285714285,6,6,ACAGTGGTAGATGTCCCTAT,0,2527636
mhpRp2,0.14285714285714285,6,6,ACAGTGAATACAGGTGTTTT,0,2529630
mhpRp2,0.14285714285714285,6,6,ACAGCTTAAATAGTCTGCGA,0,2482699
mhpRp2,0.14285714285714285,6,6,ACAGAGTATCCTGTGAAGTG,0,2504373
mhpRp2,0.14285714285714285,6,6,ACACTCTTCAATCACACCAA,0,2512246
mhpRp2,0.14285714285714285,6,6,ACACGCATGTATGGTGTGTC,0,2489334
mhpRp2,0.14285714285714285,6,6,ACACGAGCGCTAAACGTAGA,0,2505482
mhpRp2,0.14285714285714285,6,6,ACAATGCAACCCTGGCTAGC,0,2487057
mhpRp2,0.14285714285714285,6,6,ACAAGTGACACAGGGCACAA,0,2539155
mhpRp2,0.14285714285714285,6,6,ACAAGGGAGGCACCCTGGTA,0,2503926
mhpRp2,0.14285714285714285,6,6,ACAAGGCAATCACGCGGATC,0,2485824
mhpRp2,0.14285714285714285,6,6,ACAACGGTTGAGTTGTACGA,0,2499156
mhpRp2,0.14285714285714285,6,6,ACAACGATAGTCTCGTCCGT,0,2503279
mhpRp2,0.14285714285714285,6,6,ACAAATTGGATACGTGAGTT,0,2486261
mhpRp2,0.14285714285714285,6,6,ACAAAGTGAGAACGGTCTGA,0,2484134
mhpRp2,0.14285714285714285,6,6,ACAAACACGGATAAGAGAGA,0,2522032
mhpRp2,0.14285714285714285,6,6,AATTTTTAGTCATGCAACAG,0,2527342
mhpRp2,0.14285714285714285,6,6,AATTTCTTTACTCCGTACGC,0,2482919
mhpRp2,0.14285714285714285,6,6,AATTGTCAGATACCATATAG,0,2508059
mhpRp2,0.14285714285714285,6,6,AATTCCGGATTACACAGCTC,0,2480462
mhpRp2,0.14285714285714285,6,6,AATGTGTCTAGGCTTTCTAG,0,2508364
mhpRp2,0.14285714285714285,6,6,AATGCTTGCGATTAGAATCT,0,2482535
mhpRp2,0.14285714285714285,6,6,AATGCTATGTAGCCCTTGTG,0,2527272
mhpRp2,0.14285714285714285,6,6,AATGATGGCAGCATGTAGAC,0,2520799
mhpRp2,0.14285714285714285,6,6,AATGATGGCAAAACAAAGCG,0,2507953
mhpRp2,0.14285714285714285,6,6,AATCGCCCGATCGTACGAGG,0,2532387
mhpRp2,0.14285714285714285,6,6,AATCGATGCACGGGTGCTCG,0,2497937
mhpRp2,0.14285714285714285,6,6,AATCATTGCTGGTACTGGAA,0,2513332
mhpRp2,0.14285714285714285,6,6,AATCATGCCGGCGTGTACTA,0,2504538
mhpRp2,0.14285714285714285,6,6,AATATGCTCAGAACTGTTAT,0,2543632
mhpRp2,0.14285714285714285,6,6,AATACACGTTGACATGAATA,0,2518778
mhpRp2,0.14285714285714285,6,6,AAGTTGGCGGTCTGCGTTGC,0,2524208
mhpRp2,0.14285714285714285,6,6,AAGTGTTATCGCCCATATCG,0,2492768
mhpRp2,0.14285714285714285,6,6,AAGTCCCAGTTAATTATGAG,0,2511779
mhpRp2,0.14285714285714285,6,6,AAGTCACGCAATATACACCA,0,2486040
mhpRp2,0.14285714285714285,6,6,AAGTAGGCCGGCTAGGTCCA,0,2484433
mhpRp2,0.14285714285714285,6,6,AAGTAGAGTTGCTCTACTAT,0,2484449
mhpRp2,0.14285714285714285,6,6,AAGGTTTAGGCCCCCGCATA,0,2537792
mhpRp2,0.14285714285714285,6,6,AAGGTGTTATTGCTCCGGGG,0,2522011
mhpRp2,0.14285714285714285,6,6,AAGGGTCGGCTAGCCGGGTC,0,2524556
mhpRp2,0.14285714285714285,6,6,AAGGCTGTATCTTATCTTTC,0,2508237
mhpRp2,0.14285714285714285,6,6,AAGGCCTCCTAGGAGAGACT,0,2529253
mhpRp2,0.14285714285714285,6,6,AAGGCCAAACTCATCTGTGA,0,2498059
mhpRp2,0.14285714285714285,6,6,AAGGAGTATAACGATCAGTG,0,2497607
mhpRp2,0.14285714285714285,6,6,AAGCTGTCCGAGACTCGCTC,0,2492876
mhpRp2,0.14285714285714285,6,6,AAGCTCCCCGCCCAACTCAT,0,2493988
mhpRp2,0.14285714285714285,6,6,AAGCTATAAGAGTCCCACTC,0,2498742
mhpRp2,0.14285714285714285,6,6,AAGCGTCAATCGTTGCCGTC,0,2483784
mhpRp2,0.14285714285714285,6,6,AAGCAGTAAAACTAATTCAC,0,2489630
mhpRp2,0.14285714285714285,6,6,AAGAGGCGCATCGCGGAGGC,0,2523224
mhpRp2,0.14285714285714285,6,6,AACTGCTGGTCTTCTTTGCC,0,2502662
mhpRp2,0.14285714285714285,6,6,AACTCCTCTTGAGGCATATA,0,2542568
mhpRp2,0.14285714285714285,6,6,AACGGAACATTTTTAGGCCG,0,2499528
mhpRp2,0.14285714285714285,6,6,AACGCTTGGTTTTAGGCGTA,0,2530237
mhpRp2,0.14285714285714285,6,6,AACCGGTCAAGCTTCTCGTT,0,2539449
mhpRp2,0.14285714285714285,6,6,AACCGGCCAGTTAAATCCGA,0,2519913
mhpRp2,0.14285714285714285,6,6,AACCGAATATCCTATACACT,0,2484687
mhpRp2,0.14285714285714285,6,6,AACCATATTCTTGATGCGCG,0,2483253
mhpRp2,0.14285714285714285,6,6,AACATGGGGGGAGTTAGCGG,0,2501015
mhpRp2,0.14285714285714285,6,6,AACATCTAGTCGCTCCCTGC,0,2528882
mhpRp2,0.14285714285714285,6,6,AACATATTCCGCGCCTTCTC,0,2499466
mhpRp2,0.14285714285714285,6,6,AACATAGGTCTAAGCGATGG,0,2512650
mhpRp2,0.14285714285714285,6,6,AACAGATGTGTGGCGGTCTA,0,2520957
mhpRp2,0.14285714285714285,6,6,AACACTTCGCCTATGAGCGA,0,2503557
mhpRp2,0.14285714285714285,6,6,AACAAGTAGCACACGTCAAA,0,2522928
mhpRp2,0.14285714285714285,6,6,AACAAGAGGGTTCAATTCTG,0,2489985
mhpRp2,0.14285714285714285,6,6,AAATTTTCTTCAATATCCTA,0,2503344
mhpRp2,0.14285714285714285,6,6,AAATGCGCGCATGTAAATTA,0,2535176
mhpRp2,0.14285714285714285,6,6,AAATCGATATGTTTGGCGGT,0,2486451
mhpRp2,0.14285714285714285,6,6,AAATCCCCGTTCCATAGGTG,0,2513816
mhpRp2,0.14285714285714285,6,6,AAATCAGCCAGTCAGTCCTA,0,2496612
mhpRp2,0.14285714285714285,6,6,AAAGGTCTTGAGGCAGTGAT,0,2505849
mhpRp2,0.14285714285714285,6,6,AAAGGAAAACGTTTCGTGCC,0,2525117
mhpRp2,0.14285714285714285,6,6,AAAGCATTTAGGGATCTTAA,0,2536695
mhpRp2,0.14285714285714285,6,6,AAAGCAAACTGCGCCGTTCA,0,2490338
mhpRp2,0.14285714285714285,6,6,AAAGACGCCGAGATGCGTGA,0,2493055
mhpRp2,0.14285714285714285,6,6,AAAGAATTAAAATCATCTCT,0,2526321
mhpRp2,0.14285714285714285,6,6,AAACGGTAGAGTTATCAATT,0,2483866
mhpRp2,0.14285714285714285,6,6,AAACGATGCCCCTCCAGAGG,0,2519940
mhpRp2,0.14285714285714285,6,6,AAAATTGCACGCCCCCAGTA,0,2481793
mhpRp2,0.14285714285714285,6,6,AAAATAAGTCCCCGGTAGTT,0,2538675
mhpRp2,0.14285714285714285,6,6,AAAAGTGAAGGCCATTCCAC,0,2521543
mhpRp2,0.14285714285714285,6,6,AAAACTGGCTCCAAGCTCTA,0,2506314
mhpRp2,0.14285714285714285,6,6,AAAAACGAAACCTGCCGAGC,0,2526017
mhpRp2,0.14285714285714285,6,6,AAAAAATTGTGCGTACGGAG,0,2490832
mhpRp2,0.16666666666666666,5,5,TTTTTTCTCAGGCTCTAAAT,0,2540037
mhpRp2,0.16666666666666666,5,5,TTTTTTATTTCAACTTACGC,0,2522941
mhpRp2,0.16666666666666666,5,5,TTTTTTATAACGCATACTCC,0,2526716
mhpRp2,0.16666666666666666,5,5,TTTTTGCACGGTTCTCCGGG,0,2522196
mhpRp2,0.16666666666666666,5,5,TTTTTGATTACAAACGAGCT,0,2526191
mhpRp2,0.16666666666666666,5,5,TTTTTGACGATCACGTTCAC,0,2507481
mhpRp2,0.16666666666666666,5,5,TTTTCCCAATGGTGTGTCCT,0,2542947
mhpRp2,0.16666666666666666,5,5,TTTTACTTGGACTAACTAAG,0,2527757
mhpRp2,0.16666666666666666,5,5,TTTTACCCGCCTTGGTCGCA,0,2531736
mhpRp2,0.16666666666666666,5,5,TTTGTGCCCGTGTATACTCT,0,2525168
mhpRp2,0.16666666666666666,5,5,TTTGTGATTACCCCACACCA,0,2525209
mhpRp2,0.16666666666666666,5,5,TTTGCTTAAGCCTGGTGAAC,0,2541792
mhpRp2,0.16666666666666666,5,5,TTTGAGGGACGTTCTCCAAT,0,2502432
mhpRp2,0.16666666666666666,5,5,TTTGAAGCATGACTGAGGCG,0,2535134
mhpRp2,0.16666666666666666,5,5,TTTCTGTCAATTCAAGCGTT,0,2503828
mhpRp2,0.16666666666666666,5,5,TTTCTCCAGACGGTCGCATG,0,2534521
mhpRp2,0.16666666666666666,5,5,TTTCTCAGCTTTACCCACGG,0,2535325
mhpRp2,0.16666666666666666,5,5,TTTCTCACTCCAACGGTATG,0,2541584
mhpRp2,0.16666666666666666,5,5,TTTCGGTTTTACAGCTCCAA,0,2508009
mhpRp2,0.16666666666666666,5,5,TTTCGGACCCTACCGGGGGT,0,2485774
mhpRp2,0.16666666666666666,5,5,TTTCCTTTTCATGTCGGGAG,0,2523589
mhpRp2,0.16666666666666666,5,5,TTTCCAAGGTTTATCACACT,0,2528091
mhpRp2,0.16666666666666666,5,5,TTTCAGCGCCATCGTGTATA,0,2497663
mhpRp2,0.16666666666666666,5,5,TTTCAGACTGACGTGGTCAG,0,2518242
mhpRp2,0.16666666666666666,5,5,TTTCACATTCCGGGCGGCAT,0,2526096
mhpRp2,0.16666666666666666,5,5,TTTATCGAATTGTCCACCGA,0,2528817
mhpRp2,0.16666666666666666,5,5,TTTAGGCCCGAACCGAAGTA,0,2480657
mhpRp2,0.16666666666666666,5,5,TTTAGCTGCGACGACTAATA,0,2524768
mhpRp2,0.16666666666666666,5,5,TTGTTCCGTGGAATTGGTGG,0,2539157
mhpRp2,0.16666666666666666,5,5,TTGTTCCCTTGGTAAATGAT,0,2522172
mhpRp2,0.16666666666666666,5,5,TTGTTCCCCGCCAATACCGG,0,2501575
mhpRp2,0.16666666666666666,5,5,TTGTGTGGATGCACCATCTT,0,2530482
mhpRp2,0.16666666666666666,5,5,TTGTGAAGAGCTGTGAGCGG,0,2520188
mhpRp2,0.16666666666666666,5,5,TTGTCCCCGTCCGTCTAGAT,0,2521305
mhpRp2,0.16666666666666666,5,5,TTGTCCAGTAGGCTTGTCAC,0,2489137
mhpRp2,0.16666666666666666,5,5,TTGTCATTCGTAGAGAGGTG,0,2513848
mhpRp2,0.16666666666666666,5,5,TTGTAAGCAGGAAGACGTCT,0,2530775
mhpRp2,0.16666666666666666,5,5,TTGGTTTAAACCTACGAAAT,0,2480096
mhpRp2,0.16666666666666666,5,5,TTGGTGGATCGTACAATGGA,0,2516447
mhpRp2,0.16666666666666666,5,5,TTGGTACACTAGGCTCGAAT,0,2528869
mhpRp2,0.16666666666666666,5,5,TTGGCTTAGTTCCGCTAGGA,0,2496228
mhpRp2,0.16666666666666666,5,5,TTGGCTCAGAGAGGTCTAAT,0,2509009
mhpRp2,0.16666666666666666,5,5,TTGGCTAAGACCTTAAAGGC,0,2506358
mhpRp2,0.16666666666666666,5,5,TTGGCAAGCGTCGAGCGGGC,0,2499102
mhpRp2,0.16666666666666666,5,5,TTGGACGGCAACGAGCATAA,0,2535040
mhpRp2,0.16666666666666666,5,5,TTGGACGGAGGATTTTATTC,0,2538484
mhpRp2,0.16666666666666666,5,5,TTGCTGTGTCGTCTACGAGG,0,2528319
mhpRp2,0.16666666666666666,5,5,TTGCGTCTCCTCCTTTGGAA,0,2483775
mhpRp2,0.16666666666666666,5,5,TTGCGGTAGCGGCGGAACAG,0,2525996
mhpRp2,0.16666666666666666,5,5,TTGCCTAGGCCAGACATATC,0,2520760
mhpRp2,0.16666666666666666,5,5,TTGATTGGGTATCCGAAAGG,0,2516382
mhpRp2,0.16666666666666666,5,5,TTGATCCCGGGACGGAACCT,0,2511693
mhpRp2,0.16666666666666666,5,5,TTGACACTAACTTGTATCGA,0,2537510
mhpRp2,0.16666666666666666,5,5,TTGAATGCCTGGTGGTTGTC,0,2519146
mhpRp2,0.16666666666666666,5,5,TTGAAGTTACACATACTCAT,0,2489641
mhpRp2,0.16666666666666666,5,5,TTGAAAGCGGCAGAGGCCAA,0,2519172
mhpRp2,0.16666666666666666,5,5,TTCTTACCTCAATTTGGAAC,0,2510418
mhpRp2,0.16666666666666666,5,5,TTCTCAAGAGGGTGTAGTGG,0,2487238
mhpRp2,0.16666666666666666,5,5,TTCTAATCATTGCCTCAGAG,0,2538479
mhpRp2,0.16666666666666666,5,5,TTCGTTTGGGTGTTAAGTAA,0,2513108
mhpRp2,0.16666666666666666,5,5,TTCGTCCGAACTGTTGTTTA,0,2494932
mhpRp2,0.16666666666666666,5,5,TTCGGTTTTAAGGAGCAGGC,0,2530882
mhpRp2,0.16666666666666666,5,5,TTCGGATATAGAGAAGCCCT,0,2480889
mhpRp2,0.16666666666666666,5,5,TTCGATCCACGCTGACAGGT,0,2484503
mhpRp2,0.16666666666666666,5,5,TTCGACTAAGCTGTTTCCGT,0,2503041
mhpRp2,0.16666666666666666,5,5,TTCCGGCCGCCAACCATCCT,0,2519483
mhpRp2,0.16666666666666666,5,5,TTCCACTGTAAGTGCTCGAG,0,2539896
mhpRp2,0.16666666666666666,5,5,TTCCAACAGTGTAGCTCCAG,0,2541892
mhpRp2,0.16666666666666666,5,5,TTCATTGTCAGGTGGCCCCA,0,2480275
mhpRp2,0.16666666666666666,5,5,TTCATTAGAGGATATGATGC,0,2527169
mhpRp2,0.16666666666666666,5,5,TTCAGGAATCTAGACTCGTA,0,2536049
mhpRp2,0.16666666666666666,5,5,TTCAGAGGGATCGACCGGGG,0,2505653
mhpRp2,0.16666666666666666,5,5,TTCACGTTTACTGTAACAAG,0,2516600
mhpRp2,0.16666666666666666,5,5,TTCACGGGTCTTCGATTATG,0,2492944
mhpRp2,0.16666666666666666,5,5,TTCAACTGATGGGCAAGTGC,0,2506552
mhpRp2,0.16666666666666666,5,5,TTATTTGGTTACGAGGGTGC,0,2508260
mhpRp2,0.16666666666666666,5,5,TTATTCATGTTGAGTCAAAA,0,2526628
mhpRp2,0.16666666666666666,5,5,TTATGCTATCATGCGAGATC,0,2482823
mhpRp2,0.16666666666666666,5,5,TTATCGTCCCCGGATTATGG,0,2523412
mhpRp2,0.16666666666666666,5,5,TTATACGTCGGCGTCTTATG,0,2528789
mhpRp2,0.16666666666666666,5,5,TTAGGTCCTAATGACCGCAT,0,2508916
mhpRp2,0.16666666666666666,5,5,TTAGGATCTAGAGGCACTTG,0,2501531
mhpRp2,0.16666666666666666,5,5,TTAGGAAGGTATACGGGTAG,0,2498873
mhpRp2,0.16666666666666666,5,5,TTAGCTCTGTGGGGGCACTG,0,2516952
mhpRp2,0.16666666666666666,5,5,TTAGCCCAGGCATAATATTG,0,2509593
mhpRp2,0.16666666666666666,5,5,TTACTTTTTTAGTACTCGTA,0,2534626
mhpRp2,0.16666666666666666,5,5,TTACGTGATTACCGGGTCTT,0,2505431
mhpRp2,0.16666666666666666,5,5,TTACGGTTGCAAGTGGGGGT,0,2484078
mhpRp2,0.16666666666666666,5,5,TTACGGATCGGCTAAGGAAG,0,2480597
mhpRp2,0.16666666666666666,5,5,TTACGCTTTGAAATATTGAG,0,2484927
mhpRp2,0.16666666666666666,5,5,TTACGCAGGTGGGCATGCGT,0,2481803
mhpRp2,0.16666666666666666,5,5,TTACGACGTTGCATGACAGA,0,2508271
mhpRp2,0.16666666666666666,5,5,TTAATCGTGGCGATTGTTAC,0,2495300
mhpRp2,0.16666666666666666,5,5,TTAAGCGGGCTACGAATAAT,0,2527687
mhpRp2,0.16666666666666666,5,5,TTAACGGGCTGGACTTCAGT,0,2518890
mhpRp2,0.16666666666666666,5,5,TTAACGCAAATTTGATCGAC,0,2480494
mhpRp2,0.16666666666666666,5,5,TGTTTTTCGTCCAAGCAAAA,0,2524394
mhpRp2,0.16666666666666666,5,5,TGTTTGGGCGGTTTATTGAA,0,2523329
mhpRp2,0.16666666666666666,5,5,TGTTTGCGTATCCGGTTATG,0,2539134
mhpRp2,0.16666666666666666,5,5,TGTTTGCCGTTTATAATCTC,0,2488515
mhpRp2,0.16666666666666666,5,5,TGTTTAGCCTTTGCATCATC,0,2520121
mhpRp2,0.16666666666666666,5,5,TGTTCTGGACGAACCCGACC,0,2511145
mhpRp2,0.16666666666666666,5,5,TGTTCCATTACGCAATAGGC,0,2512251
mhpRp2,0.16666666666666666,5,5,TGTTCATTTTCCTAATGGCA,0,2536242
mhpRp2,0.16666666666666666,5,5,TGTTCATTATCTGATCTTAT,0,2526088
mhpRp2,0.16666666666666666,5,5,TGTTCAGTAACGTAAGTATG,0,2538528
mhpRp2,0.16666666666666666,5,5,TGTTAGCGTACCCTTGGAAA,0,2535559
mhpRp2,0.16666666666666666,5,5,TGTGTGCGAAAGGCAATTAT,0,2483949
mhpRp2,0.16666666666666666,5,5,TGTGTACTACGCCAACGGCG,0,2489032
mhpRp2,0.16666666666666666,5,5,TGTGGTTAGTGGCTGCGGCC,0,2540549
mhpRp2,0.16666666666666666,5,5,TGTGGTACAATCAACCAATC,0,2499936
mhpRp2,0.16666666666666666,5,5,TGTGCTACCGCGGCCCCACT,0,2498974
mhpRp2,0.16666666666666666,5,5,TGTGCCTGGACGACTCAGAC,0,2491221
mhpRp2,0.16666666666666666,5,5,TGTCTCATCCGGGCCATGTC,0,2519487
mhpRp2,0.16666666666666666,5,5,TGTCCGCGGCGAGCAGACAA,0,2496556
mhpRp2,0.16666666666666666,5,5,TGTCAAGCGGGGTGCAGGCC,0,2534696
mhpRp2,0.16666666666666666,5,5,TGTATTCGGAGCGGCGAAGA,0,2545533
mhpRp2,0.16666666666666666,5,5,TGTATGTCATTGGGCAACTC,0,2515339
mhpRp2,0.16666666666666666,5,5,TGTATAAGAAAAGGACCGCA,0,2500715
mhpRp2,0.16666666666666666,5,5,TGTAGAATTCCATATAGTTA,0,2534194
mhpRp2,0.16666666666666666,5,5,TGTAACCATTGACAGAGCGG,0,2500155
mhpRp2,0.16666666666666666,5,5,TGTAACAATGCCTTCAGCCT,0,2531814
mhpRp2,0.16666666666666666,5,5,TGTAAATTTCTTAAAGATCA,0,2532739
mhpRp2,0.16666666666666666,5,5,TGGTTTTGATTCCTTACTGT,0,2503039
mhpRp2,0.16666666666666666,5,5,TGGTTGGACTCAGGTCAATA,0,2515719
mhpRp2,0.16666666666666666,5,5,TGGTTGCCCGTTAACATGTT,0,2537421
mhpRp2,0.16666666666666666,5,5,TGGTTAGCGCCCATAGACTT,0,2505019
mhpRp2,0.16666666666666666,5,5,TGGTTACCACAGAATGAAGA,0,2506995
mhpRp2,0.16666666666666666,5,5,TGGTGACCTCAGTAAGTGTG,0,2538202
mhpRp2,0.16666666666666666,5,5,TGGTGACCTATACCCAGAGA,0,2500222
mhpRp2,0.16666666666666666,5,5,TGGTCTGATACCGCGACCGA,0,2500633
mhpRp2,0.16666666666666666,5,5,TGGTCTCTCGAACATACCTC,0,2493526
mhpRp2,0.16666666666666666,5,5,TGGTCTACCCTCTCATAGAC,0,2525311
mhpRp2,0.16666666666666666,5,5,TGGTATTCAGCATTAGGTGT,0,2489557
mhpRp2,0.16666666666666666,5,5,TGGTAGGTCCGTGTAGTCTT,0,2544415
mhpRp2,0.16666666666666666,5,5,TGGTAGCCTTCCGATAGGAG,0,2505985
mhpRp2,0.16666666666666666,5,5,TGGTAGCCATTCTGGATAAA,0,2505207
mhpRp2,0.16666666666666666,5,5,TGGTAACATAGCAATCCCGG,0,2516757
mhpRp2,0.16666666666666666,5,5,TGGGCTCTCGTTGCGGGACT,0,2519990
mhpRp2,0.16666666666666666,5,5,TGGGATCTCCAGCCGAAGTA,0,2542672
mhpRp2,0.16666666666666666,5,5,TGGGAACATTCCGAGCGTTA,0,2495460
mhpRp2,0.16666666666666666,5,5,TGGCTGTTGGGTGGATGGGG,0,2500631
mhpRp2,0.16666666666666666,5,5,TGGCTGATTGTCCTTGCTTA,0,2526095
mhpRp2,0.16666666666666666,5,5,TGGCTAGGAGTTCGTCAAGG,0,2495024
mhpRp2,0.16666666666666666,5,5,TGGCGTAATATGTAAAGAGT,0,2479996
mhpRp2,0.16666666666666666,5,5,TGGCGCGGCGAGCAAGTTTA,0,2526495
mhpRp2,0.16666666666666666,5,5,TGGCCAAGGTTGTAGACTTG,0,2537289
mhpRp2,0.16666666666666666,5,5,TGGATCTGACATGGAGCAGT,0,2536905
mhpRp2,0.16666666666666666,5,5,TGGATCGAGGGTGCAGGGGA,0,2492651
mhpRp2,0.16666666666666666,5,5,TGGATAAGTGATTCACTCGG,0,2517972
mhpRp2,0.16666666666666666,5,5,TGGAAAGATTATGAAGTCAC,0,2489482
mhpRp2,0.16666666666666666,5,5,TGCTTCGCTAACGCGTGATA,0,2535243
mhpRp2,0.16666666666666666,5,5,TGCTGGTAGCCTCTATAGCG,0,2481979
mhpRp2,0.16666666666666666,5,5,TGCTAGTGGCTGGCAATGAG,0,2500911
mhpRp2,0.16666666666666666,5,5,TGCTACTGTCGAATCAATCC,0,2510264
mhpRp2,0.16666666666666666,5,5,TGCGTACTCACATGCACTGC,0,2531826
mhpRp2,0.16666666666666666,5,5,TGCGGGTGTGCTGACAGGAA,0,2480562
mhpRp2,0.16666666666666666,5,5,TGCGCGTTTTCAATTTTATA,0,2528946
mhpRp2,0.16666666666666666,5,5,TGCGCACTCTGACGCAGCTA,0,2501101
mhpRp2,0.16666666666666666,5,5,TGCCTTTAAGAGAGTCTAGA,0,2519237
mhpRp2,0.16666666666666666,5,5,TGCCGTATGGAAATAAACAT,0,2488494
mhpRp2,0.16666666666666666,5,5,TGCCGGAGGTCAAACGATTA,0,2516935
mhpRp2,0.16666666666666666,5,5,TGCCCGGGCCGCGACTTTTG,0,2543804
mhpRp2,0.16666666666666666,5,5,TGCCCGCGAGCTTCGCACGG,0,2519307
mhpRp2,0.16666666666666666,5,5,TGCCCCCATAAGATCTGGGA,0,2499201
mhpRp2,0.16666666666666666,5,5,TGCCCCATTCCAGTGGGGGT,0,2523916
mhpRp2,0.16666666666666666,5,5,TGCCATTCTTTGTCACGCTA,0,2492837
mhpRp2,0.16666666666666666,5,5,TGCCAGGTAAGCGTTTCCAG,0,2481590
mhpRp2,0.16666666666666666,5,5,TGCCAGCGGCTTCGGTAAAG,0,2521513
mhpRp2,0.16666666666666666,5,5,TGCCAACGGAACAGAAGGTA,0,2508429
mhpRp2,0.16666666666666666,5,5,TGCATGTTACCGTAGCTGGA,0,2507297
mhpRp2,0.16666666666666666,5,5,TGCAAGTGAGATAATACCGC,0,2499017
mhpRp2,0.16666666666666666,5,5,TGCAACTAGCTGAATCCTAG,0,2515158
mhpRp2,0.16666666666666666,5,5,TGCAAAAGCGAGTAACAGAC,0,2501729
mhpRp2,0.16666666666666666,5,5,TGATTCTGGTATTGGGCTGT,0,2503790
mhpRp2,0.16666666666666666,5,5,TGATTATGCTTGCCACGCTA,0,2540809
mhpRp2,0.16666666666666666,5,5,TGATGGGGATGAACGGGAAA,0,2544550
mhpRp2,0.16666666666666666,5,5,TGATGGGAGCTGGGATAGCT,0,2542118
mhpRp2,0.16666666666666666,5,5,TGATAAGCTCTACGCCAGGC,0,2525403
mhpRp2,0.16666666666666666,5,5,TGAGTCAATATTACTGTCTG,0,2537314
mhpRp2,0.16666666666666666,5,5,TGAGGTTTGACAATCAGCTT,0,2540810
mhpRp2,0.16666666666666666,5,5,TGAGACACCACCCCGGAAGT,0,2530581
mhpRp2,0.16666666666666666,5,5,TGACTCATCTTAGGTACTTA,0,2488874
mhpRp2,0.16666666666666666,5,5,TGACGTTTTTTCATGCCATC,0,2513370
mhpRp2,0.16666666666666666,5,5,TGACGTCGGACATTCGAGCA,0,2501314
mhpRp2,0.16666666666666666,5,5,TGACCACGTGGGCCCCTGTA,0,2525135
mhpRp2,0.16666666666666666,5,5,TGACATCAGGCGGCTAATGC,0,2541630
mhpRp2,0.16666666666666666,5,5,TGAATGTATAGCATTCAGTC,0,2519198
mhpRp2,0.16666666666666666,5,5,TGAATGCGAGCGTCTTGTAG,0,2495138
mhpRp2,0.16666666666666666,5,5,TCTTTTTCGCGTGCTTATTC,0,2535286
mhpRp2,0.16666666666666666,5,5,TCTTTACGGGTCTTTCTTCC,0,2497771
mhpRp2,0.16666666666666666,5,5,TCTTGGTTTCTGCACTGTGC,0,2489597
mhpRp2,0.16666666666666666,5,5,TCTTGGCGGGATGCCGTAAA,0,2485942
mhpRp2,0.16666666666666666,5,5,TCTTGCACACTAAGGAGAGT,0,2510801
mhpRp2,0.16666666666666666,5,5,TCTTCCCGTAAGGATAGGCG,0,2483712
mhpRp2,0.16666666666666666,5,5,TCTTACCAACGTTCCAATCG,0,2502802
mhpRp2,0.16666666666666666,5,5,TCTGGACGCCGACACTAACC,0,2532686
mhpRp2,0.16666666666666666,5,5,TCTGGAATTTATAGCTGATC,0,2497427
mhpRp2,0.16666666666666666,5,5,TCTGCTTGCATGTAAGAACA,0,2516148
mhpRp2,0.16666666666666666,5,5,TCTGCTGACATGGCAGACTG,0,2496275
mhpRp2,0.16666666666666666,5,5,TCTAGCTGGAAGCTAAATAC,0,2510314
mhpRp2,0.16666666666666666,5,5,TCTAGAATTAGAGTGTAGCA,0,2498732
mhpRp2,0.16666666666666666,5,5,TCTACTGAGTTTCGTTACGT,0,2519870
mhpRp2,0.16666666666666666,5,5,TCTAATCATGTAACCATGGT,0,2544143
mhpRp2,0.16666666666666666,5,5,TCGTTTTCACCCCCCACCTT,0,2482819
mhpRp2,0.16666666666666666,5,5,TCGTTTGTTCGACCTGTAGG,0,2513153
mhpRp2,0.16666666666666666,5,5,TCGTGGGTGTACCTAACGTG,0,2522050
mhpRp2,0.16666666666666666,5,5,TCGTACGGGTGTGGGTAAGT,0,2511513
mhpRp2,0.16666666666666666,5,5,TCGTACCGGGTAGGACCCTT,0,2530495
mhpRp2,0.16666666666666666,5,5,TCGGTGTACTTCCTAAAGTA,0,2530564
mhpRp2,0.16666666666666666,5,5,TCGGTCCCGATACGTAGGGG,0,2507357
mhpRp2,0.16666666666666666,5,5,TCGGGTCCATGAGCTCAGGG,0,2494208
mhpRp2,0.16666666666666666,5,5,TCGGCACGCCGAGAGTTGAA,0,2496029
mhpRp2,0.16666666666666666,5,5,TCGGCACGCCAACCGATTCA,0,2529114
mhpRp2,0.16666666666666666,5,5,TCGGATACATCGAAAAACAA,0,2519218
mhpRp2,0.16666666666666666,5,5,TCGCGGCGCTATAACTGCGG,0,2544111
mhpRp2,0.16666666666666666,5,5,TCGCGACACCTTCAAACGGA,0,2501735
mhpRp2,0.16666666666666666,5,5,TCGCCGATCATGTGACACAC,0,2486866
mhpRp2,0.16666666666666666,5,5,TCGCAGTCCCCGGAACCACT,0,2485974
mhpRp2,0.16666666666666666,5,5,TCGCAAGCACAGTAACAAAA,0,2538303
mhpRp2,0.16666666666666666,5,5,TCGATTTGGACAATAACCAC,0,2495140
mhpRp2,0.16666666666666666,5,5,TCGATTCCTCTACCAGTTTA,0,2533588
mhpRp2,0.16666666666666666,5,5,TCGATCAATTTGGCCACTCC,0,2529734
mhpRp2,0.16666666666666666,5,5,TCGAGTTATGGTCGGTCTAC,0,2508867
mhpRp2,0.16666666666666666,5,5,TCGACGGACCAACTAACCCT,0,2527266
mhpRp2,0.16666666666666666,5,5,TCGAACGGACCTTTGGAAGA,0,2503348
mhpRp2,0.16666666666666666,5,5,TCCTTACCGATTAAGCTCCC,0,2495416
mhpRp2,0.16666666666666666,5,5,TCCTGTACTTAGGTTTTGGT,0,2516451
mhpRp2,0.16666666666666666,5,5,TCCTGCGTCAGATAGTCGCG,0,2499811
mhpRp2,0.16666666666666666,5,5,TCCTAGTAGGGCCGAGGACT,0,2514724
mhpRp2,0.16666666666666666,5,5,TCCTAACAATTTCATGTATT,0,2534002
mhpRp2,0.16666666666666666,5,5,TCCGTTCAAGTTCCCGGTGT,0,2509602
mhpRp2,0.16666666666666666,5,5,TCCGTCTAACTCATTAAAGA,0,2486825
mhpRp2,0.16666666666666666,5,5,TCCGGGTGGCTGTTGCGGTC,0,2515214
mhpRp2,0.16666666666666666,5,5,TCCGCTAGTGGCGTTGTAGG,0,2538125
mhpRp2,0.16666666666666666,5,5,TCCGAGTGGCGATGTCTGAC,0,2490563
mhpRp2,0.16666666666666666,5,5,TCCGAACAACCACGTTCAAC,0,2508446
mhpRp2,0.16666666666666666,5,5,TCCCTAGACTGTGATAATAA,0,2497387
mhpRp2,0.16666666666666666,5,5,TCCCCTGATAGCCCAGGGCT,0,2519197
mhpRp2,0.16666666666666666,5,5,TCCCCCCGCAACGACATTGC,0,2533327
mhpRp2,0.16666666666666666,5,5,TCCCATTCAAGTCAAATGGT,0,2544520
mhpRp2,0.16666666666666666,5,5,TCCCAATCCCTTCCACACTC,0,2491259
mhpRp2,0.16666666666666666,5,5,TCCAGTCGTGGACGTCGCGT,0,2489757
mhpRp2,0.16666666666666666,5,5,TCCACTCTATACACAGGGGA,0,2545299
mhpRp2,0.16666666666666666,5,5,TCCAATTAGAGAGCGACGGC,0,2537103
mhpRp2,0.16666666666666666,5,5,TCCAACACAGGATGCGTCGG,0,2488978
mhpRp2,0.16666666666666666,5,5,TCATTTAGCGTTGGTACTCC,0,2502873
mhpRp2,0.16666666666666666,5,5,TCATGGCCAACGATGGACAA,0,2515612
mhpRp2,0.16666666666666666,5,5,TCATGGCAATAGCTGCACCG,0,2523549
mhpRp2,0.16666666666666666,5,5,TCATACCGGTGCTGGCCCCA,0,2543749
mhpRp2,0.16666666666666666,5,5,TCAGTTTGGTGCGATGGGGG,0,2487483
mhpRp2,0.16666666666666666,5,5,TCAGTTTGGCGACCTACATC,0,2529953
mhpRp2,0.16666666666666666,5,5,TCAGTTAAAGTGGATTGTTG,0,2500229
mhpRp2,0.16666666666666666,5,5,TCAGTGGGCACGACGTTACT,0,2541422
mhpRp2,0.16666666666666666,5,5,TCAGTCATCCCTTACGATAG,0,2522253
mhpRp2,0.16666666666666666,5,5,TCAGGGACCAGCCGTTCGTG,0,2480721
mhpRp2,0.16666666666666666,5,5,TCAGGATTTTAACTTTGAAA,0,2496933
mhpRp2,0.16666666666666666,5,5,TCAGGATTTCATGTTCTCAG,0,2540315
mhpRp2,0.16666666666666666,5,5,TCAGCTTTTTTCTATAGAGT,0,2516725
mhpRp2,0.16666666666666666,5,5,TCAGCCGGAATGCTTAGGTT,0,2480019
mhpRp2,0.16666666666666666,5,5,TCAGCACGATAGAAGGGAGC,0,2510486
mhpRp2,0.16666666666666666,5,5,TCACTTAACGCGATATTATC,0,2516846
mhpRp2,0.16666666666666666,5,5,TCACGTCGGACGCCAGCCTA,0,2540461
mhpRp2,0.16666666666666666,5,5,TCACCTTGACTATCTTGTTA,0,2536281
mhpRp2,0.16666666666666666,5,5,TCACCTCCATGTAGTGTTAA,0,2531064
mhpRp2,0.16666666666666666,5,5,TCACCAGTATAGAAAGTGGT,0,2507177
mhpRp2,0.16666666666666666,5,5,TCACAACGAAGTTACACCAG,0,2495445
mhpRp2,0.16666666666666666,5,5,TCAATCATCTGTCACAGATT,0,2498232
mhpRp2,0.16666666666666666,5,5,TCAAGGTAAGTCGGGCCGAA,0,2514139
mhpRp2,0.16666666666666666,5,5,TCAACAGGAGCGGTACAACA,0,2537120
mhpRp2,0.16666666666666666,5,5,TCAACAAAGGCTTACGTCTA,0,2516977
mhpRp2,0.16666666666666666,5,5,TATTTGCGCACCCCCGTACC,0,2487550
mhpRp2,0.16666666666666666,5,5,TATTTCTGGGTTGCCGAGGT,0,2482297
mhpRp2,0.16666666666666666,5,5,TATTTCCGAGAACGCCTATC,0,2520543
mhpRp2,0.16666666666666666,5,5,TATTGCGTTAGGGAGAATCG,0,2482347
mhpRp2,0.16666666666666666,5,5,TATTCGACCTTGTTTGCGTA,0,2487395
mhpRp2,0.16666666666666666,5,5,TATTCCCATTACGACAGAGA,0,2513669
mhpRp2,0.16666666666666666,5,5,TATTAGTTTGCACCGTGTTC,0,2509331
mhpRp2,0.16666666666666666,5,5,TATGTGGATACCTTACAGTA,0,2508012
mhpRp2,0.16666666666666666,5,5,TATGGTACTGTAACTAACGC,0,2507293
mhpRp2,0.16666666666666666,5,5,TATGGGGTGCGCAATCCGAC,0,2522169
mhpRp2,0.16666666666666666,5,5,TATCTGAGTAACTACCCGGA,0,2493355
mhpRp2,0.16666666666666666,5,5,TATCCGAATGGTTTTTCCAT,0,2506754
mhpRp2,0.16666666666666666,5,5,TATCAACATGAGAGGGCTGC,0,2538572
mhpRp2,0.16666666666666666,5,5,TATAGTGTGAAACAACGATC,0,2521571
mhpRp2,0.16666666666666666,5,5,TATACGCGTCATTCCAGGAC,0,2543692
mhpRp2,0.16666666666666666,5,5,TAGTCGCGTATATTCCCGGG,0,2489692
mhpRp2,0.16666666666666666,5,5,TAGGTTCCGACTGCTGATAT,0,2517384
mhpRp2,0.16666666666666666,5,5,TAGGTCTCAGCCTTCATGGG,0,2506862
mhpRp2,0.16666666666666666,5,5,TAGGGAGTCAGTTCTCGTCG,0,2515146
mhpRp2,0.16666666666666666,5,5,TAGGGAAGAACTCAATAGTA,0,2523494
mhpRp2,0.16666666666666666,5,5,TAGGCCTTGGTCCGCGGTAG,0,2534118
mhpRp2,0.16666666666666666,5,5,TAGGCCGTCAAAATACAACA,0,2535537
mhpRp2,0.16666666666666666,5,5,TAGGCAAAGCTTGGGTCATG,0,2491879
mhpRp2,0.16666666666666666,5,5,TAGGAGATGACATTGGGTCA,0,2491266
mhpRp2,0.16666666666666666,5,5,TAGGAATACTCAGATGCATG,0,2485246
mhpRp2,0.16666666666666666,5,5,TAGAGCGCCGAGTGTGGAGT,0,2544027
mhpRp2,0.16666666666666666,5,5,TAGACTATTTTAATTGTCAA,0,2520189
mhpRp2,0.16666666666666666,5,5,TAGACCCTGAGACACCGATT,0,2508122
mhpRp2,0.16666666666666666,5,5,TAGAATGCTTGGATGCCAAT,0,2483199
mhpRp2,0.16666666666666666,5,5,TAGAAGTGGAAATCAATTAG,0,2482285
mhpRp2,0.16666666666666666,5,5,TAGAACAACATCATTAGAAG,0,2506842
mhpRp2,0.16666666666666666,5,5,TAGAAATGAGCGTTACTAGC,0,2533846
mhpRp2,0.16666666666666666,5,5,TACTTTCCAAGACCGGAATA,0,2488926
mhpRp2,0.16666666666666666,5,5,TACTTGATACGGGACCCGTC,0,2505976
mhpRp2,0.16666666666666666,5,5,TACTTCCGGGCAACTTATTT,0,2510598
mhpRp2,0.16666666666666666,5,5,TACTGTCTTCCAAAATCGGA,0,2508267
mhpRp2,0.16666666666666666,5,5,TACTCCCTAGGACAAGATGA,0,2534169
mhpRp2,0.16666666666666666,5,5,TACGTTCCAACACAATGTAT,0,2497211
mhpRp2,0.16666666666666666,5,5,TACGCGAAGAATGATACTTA,0,2543393
mhpRp2,0.16666666666666666,5,5,TACGATAATGTCGCGTACGT,0,2509744
mhpRp2,0.16666666666666666,5,5,TACGAAACAAGGGGCACCCA,0,2498397
mhpRp2,0.16666666666666666,5,5,TACCTCACAAGGCTGCCTCG,0,2534224
mhpRp2,0.16666666666666666,5,5,TACCCCTAAGATACTCCTTT,0,2514829
mhpRp2,0.16666666666666666,5,5,TACCAGCATCAAGGTGACGC,0,2511821
mhpRp2,0.16666666666666666,5,5,TACAGGATCATCAGATTGAA,0,2529750
mhpRp2,0.16666666666666666,5,5,TACACACCCGCCCCGTATAT,0,2534667
mhpRp2,0.16666666666666666,5,5,TAATTGTCATGGCTAGCAGA,0,2498653
mhpRp2,0.16666666666666666,5,5,TAATGTGCCCAATAGTTCGC,0,2536925
mhpRp2,0.16666666666666666,5,5,TAATACGGTGGATCGCCTCA,0,2511960
mhpRp2,0.16666666666666666,5,5,TAAGTGCGAGTTTCATCCCC,0,2542748
mhpRp2,0.16666666666666666,5,5,TAAGTCCGTAATGGAGCATA,0,2506159
mhpRp2,0.16666666666666666,5,5,TAACTGGGGTTCTTGGGGGG,0,2543282
mhpRp2,0.16666666666666666,5,5,TAACGGTAAATCCACAGCCG,0,2516660
mhpRp2,0.16666666666666666,5,5,TAACAGGAATTAAAGGTTTT,0,2494373
mhpRp2,0.16666666666666666,5,5,TAAATAGTCCTGCACCTACT,0,2537971
mhpRp2,0.16666666666666666,5,5,TAAAGCCAGGAGTCAGCAGC,0,2540767
mhpRp2,0.16666666666666666,5,5,TAAAGATCTGTATTATATAT,0,2536539
mhpRp2,0.16666666666666666,5,5,TAAAGACGCCCCCCAGCGCT,0,2513606
mhpRp2,0.16666666666666666,5,5,TAAACTGTTCCTAGACCGTC,0,2506239
mhpRp2,0.16666666666666666,5,5,TAAACCCGCGACCAAGAAAT,0,2531829
mhpRp2,0.16666666666666666,5,5,TAAACACTTCGACCCACACA,0,2519632
mhpRp2,0.16666666666666666,5,5,TAAAAATAACGACACGGCCC,0,2492895
mhpRp2,0.16666666666666666,5,5,GTTTTTACATTGCACGAGAG,0,2518830
mhpRp2,0.16666666666666666,5,5,GTTTTCTGACCGTCAACTTT,0,2518963
mhpRp2,0.16666666666666666,5,5,GTTTTCTAGATACAGGAGCC,0,2527729
mhpRp2,0.16666666666666666,5,5,GTTTTCGGTACGCCTATCAA,0,2536667
mhpRp2,0.16666666666666666,5,5,GTTTTATAGCGTATCTCTCT,0,2543851
mhpRp2,0.16666666666666666,5,5,GTTTTAACGGAGTGCGAGGT,0,2539525
mhpRp2,0.16666666666666666,5,5,GTTTGTTATAAAAACGCACC,0,2489736
mhpRp2,0.16666666666666666,5,5,GTTTGGCGGATTTAAGGTAC,0,2496030
mhpRp2,0.16666666666666666,5,5,GTTTGCATAAAAGCCGGGCG,0,2495390
mhpRp2,0.16666666666666666,5,5,GTTGCTCTAAAAGTATGGCC,0,2495722
mhpRp2,0.16666666666666666,5,5,GTTGCTCCCCAGGGGGGCTA,0,2529866
mhpRp2,0.16666666666666666,5,5,GTTGCGGCATTTCGTGGAAT,0,2520296
mhpRp2,0.16666666666666666,5,5,GTTGAATGGCATCATCACTC,0,2487866
mhpRp2,0.16666666666666666,5,5,GTTCGCCGCTAACAGGTGAG,0,2522105
mhpRp2,0.16666666666666666,5,5,GTTCCGATGCACAACCGGAT,0,2508660
mhpRp2,0.16666666666666666,5,5,GTTCATTCACCGGCCGTCCC,0,2516534
mhpRp2,0.16666666666666666,5,5,GTTAGTCATCAAATGTCGCA,0,2535180
mhpRp2,0.16666666666666666,5,5,GTTAGGGACTGCGACTAAGT,0,2543756
mhpRp2,0.16666666666666666,5,5,GTTACTACCGGGTACGCTAA,0,2502441
mhpRp2,0.16666666666666666,5,5,GTTAACTGCCGATTTTAGTG,0,2524847
mhpRp2,0.16666666666666666,5,5,GTTAACGGGAATGCCGGGCA,0,2532375
mhpRp2,0.16666666666666666,5,5,GTGTGCAAGCGTTCATTGGA,0,2492349
mhpRp2,0.16666666666666666,5,5,GTGTCTCAAAAAGGCACGAG,0,2487913
mhpRp2,0.16666666666666666,5,5,GTGTCCCTGGGCGCGACTTA,0,2538033
mhpRp2,0.16666666666666666,5,5,GTGTCCCTCGACGCGGGTTT,0,2479577
mhpRp2,0.16666666666666666,5,5,GTGGTATCTGCGGTTAAGAA,0,2501642
mhpRp2,0.16666666666666666,5,5,GTGGTACGGCCTAGACCCAG,0,2484185
mhpRp2,0.16666666666666666,5,5,GTGGGATTGCCCCGAGGCTG,0,2501109
mhpRp2,0.16666666666666666,5,5,GTGGGAGCCCGCATTTGCCG,0,2485342
mhpRp2,0.16666666666666666,5,5,GTGGCTACGACACAATCAAT,0,2542300
mhpRp2,0.16666666666666666,5,5,GTGGAGCCGCTGTTCTCGGA,0,2491020
mhpRp2,0.16666666666666666,5,5,GTGGACTTTTACTAGACAAT,0,2544381
mhpRp2,0.16666666666666666,5,5,GTGGAACAGCGACAGGATTA,0,2501551
mhpRp2,0.16666666666666666,5,5,GTGGAAATGCAACCGGACAG,0,2544888
mhpRp2,0.16666666666666666,5,5,GTGCGGGCGATTTCGCCGCT,0,2487204
mhpRp2,0.16666666666666666,5,5,GTGCGGACCGGCGTGAGCCA,0,2538731
mhpRp2,0.16666666666666666,5,5,GTGCGCCACCTTTTTACTTC,0,2523468
mhpRp2,0.16666666666666666,5,5,GTGCGACATGCAACGATGAG,0,2540325
mhpRp2,0.16666666666666666,5,5,GTGCCCGGTTCGAATCCGGA,0,2525746
mhpRp2,0.16666666666666666,5,5,GTGCAGAGTGAAGAGACTAC,0,2484880
mhpRp2,0.16666666666666666,5,5,GTGCAAACGCAGACATTGTA,0,2513733
mhpRp2,0.16666666666666666,5,5,GTGAGCTTGAAAAGTGAATC,0,2508761
mhpRp2,0.16666666666666666,5,5,GTGAGCGCCGGTTAGTGTAC,0,2538457
mhpRp2,0.16666666666666666,5,5,GTCTTTGAACATATCGTTTC,0,2524011
mhpRp2,0.16666666666666666,5,5,GTCTTAGGAGCAGTCGTATA,0,2503752
mhpRp2,0.16666666666666666,5,5,GTCTGGTATACGCGGCGTAG,0,2525151
mhpRp2,0.16666666666666666,5,5,GTCGTAAGTGAACCTCTATA,0,2522125
mhpRp2,0.16666666666666666,5,5,GTCGGATCTCTAGAGTTTGT,0,2514552
mhpRp2,0.16666666666666666,5,5,GTCGAGACTGTAACTATCGC,0,2497892
mhpRp2,0.16666666666666666,5,5,GTCCTCGGACTAATCTACCA,0,2488065
mhpRp2,0.16666666666666666,5,5,GTCCGCGGTGACTCAGAGGA,0,2519757
mhpRp2,0.16666666666666666,5,5,GTCCGCCCTCTGAATGACTG,0,2543570
mhpRp2,0.16666666666666666,5,5,GTCCGCCACTACTTAGCGTG,0,2528460
mhpRp2,0.16666666666666666,5,5,GTCCGACAGGTTGGTCGATG,0,2506161
mhpRp2,0.16666666666666666,5,5,GTCCAGATGGCAACGACACA,0,2539717
mhpRp2,0.16666666666666666,5,5,GTCCACGTCTTTGCGCTGGT,0,2541405
mhpRp2,0.16666666666666666,5,5,GTCATCACTTGATAGGGCGG,0,2524144
mhpRp2,0.16666666666666666,5,5,GTCAGATGGCTCTTTTCCGT,0,2500119
mhpRp2,0.16666666666666666,5,5,GTCAGAAAGTTGGTTGGTTA,0,2517595
mhpRp2,0.16666666666666666,5,5,GTCACTCGAGTGCGCAGGCG,0,2527447
mhpRp2,0.16666666666666666,5,5,GTCACGTTCTGGTCAGTAAA,0,2504088
mhpRp2,0.16666666666666666,5,5,GTCACCTTCAGTAGCTCTAA,0,2504532
mhpRp2,0.16666666666666666,5,5,GTATTTACGCGCTAGGGAGC,0,2528298
mhpRp2,0.16666666666666666,5,5,GTATTGGGCACGGGAAGGCG,0,2495983
mhpRp2,0.16666666666666666,5,5,GTATTCCGGATGTCTATAGA,0,2538592
mhpRp2,0.16666666666666666,5,5,GTATGTGGCTGTAGGCTCTC,0,2534617
mhpRp2,0.16666666666666666,5,5,GTATGGGGCGATCATGCTGC,0,2507440
mhpRp2,0.16666666666666666,5,5,GTATGCGTAGTAGATGGAGG,0,2541507
mhpRp2,0.16666666666666666,5,5,GTATCTTCAATCTGCTGCCA,0,2487590
mhpRp2,0.16666666666666666,5,5,GTATCCTGTTGAAGGGCAAC,0,2480989
mhpRp2,0.16666666666666666,5,5,GTATACTGGCTTCTAGATAG,0,2505730
mhpRp2,0.16666666666666666,5,5,GTATACCTGGTCAGGGACGC,0,2519124
mhpRp2,0.16666666666666666,5,5,GTATACCGGTGGTAATAGTC,0,2536529
mhpRp2,0.16666666666666666,5,5,GTAGTTGGTTCTTTATATAG,0,2520593
mhpRp2,0.16666666666666666,5,5,GTAGTCCGGGCAGGCACTTC,0,2528190
mhpRp2,0.16666666666666666,5,5,GTAGTCCCAGTGACCATGGG,0,2524090
mhpRp2,0.16666666666666666,5,5,GTAGGAACAGCATGGTGTCA,0,2495932
mhpRp2,0.16666666666666666,5,5,GTAGGAAATGGCCCAGACTG,0,2507319
mhpRp2,0.16666666666666666,5,5,GTACTTCAGTTGTTAGAGCA,0,2498772
mhpRp2,0.16666666666666666,5,5,GTACTTACCGGCAATTTGCA,0,2512818
mhpRp2,0.16666666666666666,5,5,GTACTGATCAGGTCGATACT,0,2507749
mhpRp2,0.16666666666666666,5,5,GTACGAGTGGCGTAATCGTT,0,2506162
mhpRp2,0.16666666666666666,5,5,GTACCATATGGGGTGCAGCC,0,2510615
mhpRp2,0.16666666666666666,5,5,GTACATTACCTAGCCACTGC,0,2526199
mhpRp2,0.16666666666666666,5,5,GTACAACATGGCATAGTTCA,0,2484210
mhpRp2,0.16666666666666666,5,5,GTAAGTTAGTTTTTCTAAGA,0,2514723
mhpRp2,0.16666666666666666,5,5,GTAAGGAACTCCTATAATCC,0,2486025
mhpRp2,0.16666666666666666,5,5,GTAAGATAGACGTTCAGTTG,0,2489291
mhpRp2,0.16666666666666666,5,5,GTAAGAATTAGGGGGAAGAC,0,2525821
mhpRp2,0.16666666666666666,5,5,GTAACTGTGTGTAGTCTTTC,0,2542338
mhpRp2,0.16666666666666666,5,5,GTAAATTTTGGGTATCCGAT,0,2493352
mhpRp2,0.16666666666666666,5,5,GGTTTTATACGGTTTCGAAA,0,2528943
mhpRp2,0.16666666666666666,5,5,GGTTGGAACGGCGACGCGGG,0,2504299
mhpRp2,0.16666666666666666,5,5,GGTTGCTAAGTTGCTCAGCA,0,2486278
mhpRp2,0.16666666666666666,5,5,GGTTACGAAACTTACGTCGG,0,2534509
mhpRp2,0.16666666666666666,5,5,GGTGTTTAGTATACGGATGG,0,2531271
mhpRp2,0.16666666666666666,5,5,GGTGTGTTGCACCCGAAATA,0,2486400
mhpRp2,0.16666666666666666,5,5,GGTGTAATGCATTTGGAACA,0,2516970
mhpRp2,0.16666666666666666,5,5,GGTGCGCTTTTGGTTGGACG,0,2536384
mhpRp2,0.16666666666666666,5,5,GGTGATTTTACTGGAATCTG,0,2527167
mhpRp2,0.16666666666666666,5,5,GGTCGGCTCGGCCTAGGGGA,0,2500771
mhpRp2,0.16666666666666666,5,5,GGTCGGAATACGTACGCTGA,0,2541006
mhpRp2,0.16666666666666666,5,5,GGTCGCGAACGGCGTAAGAG,0,2535653
mhpRp2,0.16666666666666666,5,5,GGTCGCCCCCCTGACTGTTG,0,2533184
mhpRp2,0.16666666666666666,5,5,GGTCCTACACGTCGGACTTG,0,2492621
mhpRp2,0.16666666666666666,5,5,GGTCCGATGGTTATCGGGAC,0,2497722
mhpRp2,0.16666666666666666,5,5,GGTCCCTTATTTAGCAATGT,0,2488411
mhpRp2,0.16666666666666666,5,5,GGTCCCCGGGAATGTGCGTT,0,2483231
mhpRp2,0.16666666666666666,5,5,GGTCCAGGCCCTTCCGAGTT,0,2526758
mhpRp2,0.16666666666666666,5,5,GGTCATCATTTGGTGCGGTA,0,2504288
mhpRp2,0.16666666666666666,5,5,GGTATTGGTTTTGTGAGTGT,0,2493937
mhpRp2,0.16666666666666666,5,5,GGTATGTTTAAGTAACCTTG,0,2497878
mhpRp2,0.16666666666666666,5,5,GGTAACAGTGTGGCATAGCC,0,2496140
mhpRp2,0.16666666666666666,5,5,GGGTTTGATTAAATTTTTGA,0,2496385
mhpRp2,0.16666666666666666,5,5,GGGTTGGCACTTGAATCTAA,0,2497735
mhpRp2,0.16666666666666666,5,5,GGGTCTTTGTAACTATGTGA,0,2488832
mhpRp2,0.16666666666666666,5,5,GGGTATCGGGAATAGGTAAA,0,2509141
mhpRp2,0.16666666666666666,5,5,GGGTAGCCCACGATACATGC,0,2488244
mhpRp2,0.16666666666666666,5,5,GGGTACATCATCGTTTAGGT,0,2537054
mhpRp2,0.16666666666666666,5,5,GGGGTATGTCCGGTGATTGT,0,2494882
mhpRp2,0.16666666666666666,5,5,GGGGGTCCCCTTCGGGCCGT,0,2534774
mhpRp2,0.16666666666666666,5,5,GGGGGCGCATAGAGATACCA,0,2505882
mhpRp2,0.16666666666666666,5,5,GGGGCAACCAAAAGTCTAAG,0,2540343
mhpRp2,0.16666666666666666,5,5,GGGCTTGCACGGGCCTCTGT,0,2497822
mhpRp2,0.16666666666666666,5,5,GGGCTAGTGAACTCAAATCT,0,2536959
mhpRp2,0.16666666666666666,5,5,GGGCGAAACCGCTTCGTACG,0,2486190
mhpRp2,0.16666666666666666,5,5,GGGCCTGTTTACTTGGGCTG,0,2510459
mhpRp2,0.16666666666666666,5,5,GGGCATCCCCTGCTATAGCG,0,2499121
mhpRp2,0.16666666666666666,5,5,GGGATAGTGTTTAATTTCCC,0,2516444
mhpRp2,0.16666666666666666,5,5,GGGAGGCTGGACTGGCGGAT,0,2529686
mhpRp2,0.16666666666666666,5,5,GGGACCCAGGGTCAACTAAT,0,2494238
mhpRp2,0.16666666666666666,5,5,GGCTTCTGGGAGCTATTTCA,0,2536443
mhpRp2,0.16666666666666666,5,5,GGCTTCTGACGCTCATGGAT,0,2537378
mhpRp2,0.16666666666666666,5,5,GGCTTACGCTATTGACACAC,0,2518416
mhpRp2,0.16666666666666666,5,5,GGCGTGTGCAGCACCCTCCT,0,2540632
mhpRp2,0.16666666666666666,5,5,GGCGTGATTGGTACCCCGGT,0,2505330
mhpRp2,0.16666666666666666,5,5,GGCGGCTATGGTCGAAGGGT,0,2532880
mhpRp2,0.16666666666666666,5,5,GGCGGAGGTTCCAAGAAGCT,0,2505087
mhpRp2,0.16666666666666666,5,5,GGCGCCTGTCATAAGCACCT,0,2496562
mhpRp2,0.16666666666666666,5,5,GGCGATTGAGTTGGCTAATA,0,2491792
mhpRp2,0.16666666666666666,5,5,GGCGAGCAACCTGCCGTTTC,0,2542104
mhpRp2,0.16666666666666666,5,5,GGCCTGCCGAACCAGCGTTT,0,2491071
mhpRp2,0.16666666666666666,5,5,GGCCGATAGCAGCTCGACCA,0,2485512
mhpRp2,0.16666666666666666,5,5,GGCCGACTGGTGCCCCACAG,0,2495450
mhpRp2,0.16666666666666666,5,5,GGCCAGATAAGTCGGATTAC,0,2515976
mhpRp2,0.16666666666666666,5,5,GGCCAGAGCGGATATCTAAG,0,2495665
mhpRp2,0.16666666666666666,5,5,GGCAGGTAGCTATGGGAGGC,0,2524956
mhpRp2,0.16666666666666666,5,5,GGCACGTTACACTAATACGT,0,2486122
mhpRp2,0.16666666666666666,5,5,GGCAAAAGAGATTTTGGTGC,0,2544783
mhpRp2,0.16666666666666666,5,5,GGATTTCTGGGAGAGCATCA,0,2508964
mhpRp2,0.16666666666666666,5,5,GGATTAAAGCGCGGACTTCA,0,2506237
mhpRp2,0.16666666666666666,5,5,GGATGGTGCATCGGAGAGGA,0,2479891
mhpRp2,0.16666666666666666,5,5,GGATGGGCTCCTGAGATTCA,0,2529052
mhpRp2,0.16666666666666666,5,5,GGATCTGGACTTCACCGGCT,0,2485715
mhpRp2,0.16666666666666666,5,5,GGATACCTGATATACTGTTC,0,2494365
mhpRp2,0.16666666666666666,5,5,GGAGTTATGCCCCGTCGGCG,0,2524939
mhpRp2,0.16666666666666666,5,5,GGAGTCTATTCGCCGAGCAA,0,2508640
mhpRp2,0.16666666666666666,5,5,GGAGTCGGATGGCCCGCTGA,0,2495693
mhpRp2,0.16666666666666666,5,5,GGAGTAAATACCGTGCAGCC,0,2497533
mhpRp2,0.16666666666666666,5,5,GGAGGTTCCTAGCGAAATCA,0,2530205
mhpRp2,0.16666666666666666,5,5,GGAGAGGATAGTGAGGCTAG,0,2488934
mhpRp2,0.16666666666666666,5,5,GGAGAATTTTACCCACAGCA,0,2515798
mhpRp2,0.16666666666666666,5,5,GGACTTGACAAGTTACGTAG,0,2482559
mhpRp2,0.16666666666666666,5,5,GGACGCCACCTCAAGCACTG,0,2519048
mhpRp2,0.16666666666666666,5,5,GGACGATGTGGGGATGCGTC,0,2521444
mhpRp2,0.16666666666666666,5,5,GGACAACCTAACCTAGGCCT,0,2503146
mhpRp2,0.16666666666666666,5,5,GGAATGGAGCGACCCGCCAT,0,2498240
mhpRp2,0.16666666666666666,5,5,GGAATGAACAAGCCGTCTAT,0,2503117
mhpRp2,0.16666666666666666,5,5,GGAATATGGAGCCACCCGTA,0,2526670
mhpRp2,0.16666666666666666,5,5,GGAAGTCTGTCGACCAATGC,0,2497487
mhpRp2,0.16666666666666666,5,5,GGAAGGAACCGAGGGTTGGA,0,2498251
mhpRp2,0.16666666666666666,5,5,GGAAAGGGGTGGGCGTTACA,0,2489278
mhpRp2,0.16666666666666666,5,5,GGAAACGTGGGACCGACAAG,0,2503666
mhpRp2,0.16666666666666666,5,5,GGAAACAGGTTGTGGCTTTC,0,2492340
mhpRp2,0.16666666666666666,5,5,GCTTGGTAGTCCACAAATTT,0,2496770
mhpRp2,0.16666666666666666,5,5,GCTTCTTCGAGGCGTATATG,0,2502553
mhpRp2,0.16666666666666666,5,5,GCTTCCTCTACCGCCTAGGC,0,2535852
mhpRp2,0.16666666666666666,5,5,GCTTATGTGGGCGTACGACT,0,2487062
mhpRp2,0.16666666666666666,5,5,GCTGTTCGGCATGAACAACT,0,2509970
mhpRp2,0.16666666666666666,5,5,GCTGTGCACAATCACTTTGG,0,2489036
mhpRp2,0.16666666666666666,5,5,GCTGGTCAAAAGAATGAACA,0,2505665
mhpRp2,0.16666666666666666,5,5,GCTGGCTATATACGCGAATG,0,2497176
mhpRp2,0.16666666666666666,5,5,GCTGCGAATATTAATCGGAG,0,2516728
mhpRp2,0.16666666666666666,5,5,GCTGATCATGGGGATATCAA,0,2534971
mhpRp2,0.16666666666666666,5,5,GCTGAACGGGAAGCGATAGG,0,2528444
mhpRp2,0.16666666666666666,5,5,GCTCGGATAGAGAATATCTT,0,2526193
mhpRp2,0.16666666666666666,5,5,GCTCCTACGTAATACCGTCT,0,2524864
mhpRp2,0.16666666666666666,5,5,GCTCCGGCTGGTATTCCGGT,0,2489311
mhpRp2,0.16666666666666666,5,5,GCTATGTCGATGGTGTCTGT,0,2514834
mhpRp2,0.16666666666666666,5,5,GCTACCATATGATCTGTGTC,0,2482430
mhpRp2,0.16666666666666666,5,5,GCTAAACCGCGTCACCCGTC,0,2518091
mhpRp2,0.16666666666666666,5,5,GCGTTCTTACATACTGAGAA,0,2538656
mhpRp2,0.16666666666666666,5,5,GCGTTCCAGAGAAGTTTACA,0,2539583
mhpRp2,0.16666666666666666,5,5,GCGTCTCGAACATGCATTCA,0,2524821
mhpRp2,0.16666666666666666,5,5,GCGTCTAGTAATTAGTATTT,0,2537461
mhpRp2,0.16666666666666666,5,5,GCGTCCTGTGAAAACAGTCT,0,2527383
mhpRp2,0.16666666666666666,5,5,GCGTCCAATGGCGGTTATTC,0,2489849
mhpRp2,0.16666666666666666,5,5,GCGTCACACCGCACTAAATG,0,2503145
mhpRp2,0.16666666666666666,5,5,GCGTATGGGGCACAGGGTGG,0,2493827
mhpRp2,0.16666666666666666,5,5,GCGTACCACTGTTTGTCCAC,0,2501069
mhpRp2,0.16666666666666666,5,5,GCGGGTTGTTGAGATCCGAT,0,2481992
mhpRp2,0.16666666666666666,5,5,GCGGCTGCAATCATGGAAAG,0,2531589
mhpRp2,0.16666666666666666,5,5,GCGGAGCCAGTTAAATTTTA,0,2523714
mhpRp2,0.16666666666666666,5,5,GCGGAAGATGGCTCAGTACA,0,2489096
mhpRp2,0.16666666666666666,5,5,GCGCTTGCATTGGGTGGCTG,0,2501068
mhpRp2,0.16666666666666666,5,5,GCGCTCTGGAAATCTTAGTA,0,2510702
mhpRp2,0.16666666666666666,5,5,GCGCTAGAATAGTAGGGGAG,0,2517308
mhpRp2,0.16666666666666666,5,5,GCGCGTAGAACCAACGAATC,0,2494180
mhpRp2,0.16666666666666666,5,5,GCGCGGGTTGCGATCGTTAT,0,2539028
mhpRp2,0.16666666666666666,5,5,GCGCGATGAGAGAAATGAGG,0,2485492
mhpRp2,0.16666666666666666,5,5,GCGCCTTCTCCGGTGAGGCG,0,2526463
mhpRp2,0.16666666666666666,5,5,GCGCCCGGGATGCGGGGGGA,0,2507625
mhpRp2,0.16666666666666666,5,5,GCGCCCAGCCCCTTACTGTG,0,2492055
mhpRp2,0.16666666666666666,5,5,GCGCCAGGGCTCGGCATTTC,0,2527391
mhpRp2,0.16666666666666666,5,5,GCGCATAGTTAGAAATACGA,0,2483272
mhpRp2,0.16666666666666666,5,5,GCGCAGTCGGGCCAGAGTTA,0,2516603
mhpRp2,0.16666666666666666,5,5,GCGCAGATTAGAGTGTGGTT,0,2537151
mhpRp2,0.16666666666666666,5,5,GCGCACTACAAGACGCCACT,0,2490009
mhpRp2,0.16666666666666666,5,5,GCGCAAGATGGAGCTGCATC,0,2490049
mhpRp2,0.16666666666666666,5,5,GCGATGGTTAGATCCTCGTA,0,2505983
mhpRp2,0.16666666666666666,5,5,GCGACGACATTATATCAGGA,0,2509873
mhpRp2,0.16666666666666666,5,5,GCGACCATAGGCTGTAGAAA,0,2512140
mhpRp2,0.16666666666666666,5,5,GCGAAGTTTTTGTAGAAGTT,0,2512189
mhpRp2,0.16666666666666666,5,5,GCCTTCTTTCTTCACGAGTC,0,2480874
mhpRp2,0.16666666666666666,5,5,GCCTTATGAAGCGAAGCACA,0,2544264
mhpRp2,0.16666666666666666,5,5,GCCTAGCAAACGCATACGAC,0,2531065
mhpRp2,0.16666666666666666,5,5,GCCGTCGTTGGGACGTTGTT,0,2526087
mhpRp2,0.16666666666666666,5,5,GCCGCGTCGGTACTGACCGG,0,2489429
mhpRp2,0.16666666666666666,5,5,GCCGCGGATTATTGTTGAGC,0,2506173
mhpRp2,0.16666666666666666,5,5,GCCCGTCATCGTGACTGCAG,0,2541684
mhpRp2,0.16666666666666666,5,5,GCCCCTAGACACTATTGCTG,0,2479986
mhpRp2,0.16666666666666666,5,5,GCCCCCAGCCGTGGAATGAT,0,2480841
mhpRp2,0.16666666666666666,5,5,GCCATTTAAGGCCGTGTAGC,0,2505479
mhpRp2,0.16666666666666666,5,5,GCCATTGGGGGCAAAATAGC,0,2523255
mhpRp2,0.16666666666666666,5,5,GCCATGAGACACCAGCATAC,0,2505281
mhpRp2,0.16666666666666666,5,5,GCCATAGCGAGATGCTTTAC,0,2526703
mhpRp2,0.16666666666666666,5,5,GCCACTGGCATAGGAGTCTC,0,2525177
mhpRp2,0.16666666666666666,5,5,GCCAAGATAGGATATTACAA,0,2519351
mhpRp2,0.16666666666666666,5,5,GCCAAATCGATCCGAAGGAG,0,2529125
mhpRp2,0.16666666666666666,5,5,GCATCTCGGCTTAGCGTGGT,0,2500149
mhpRp2,0.16666666666666666,5,5,GCATATGGAACACATCCTCA,0,2487754
mhpRp2,0.16666666666666666,5,5,GCATAAGGGTTTCGGAATCA,0,2539721
mhpRp2,0.16666666666666666,5,5,GCAGCCCTGTTATGCAACCC,0,2513480
mhpRp2,0.16666666666666666,5,5,GCAGATCTTCAGCAGGAGAA,0,2492253
mhpRp2,0.16666666666666666,5,5,GCAGACATATCGGGGTGTTT,0,2527093
mhpRp2,0.16666666666666666,5,5,GCAGAAATCTCCATTTTGTG,0,2509367
mhpRp2,0.16666666666666666,5,5,GCACTCATGACTATCGATTA,0,2532856
mhpRp2,0.16666666666666666,5,5,GCACTACTGTTTCGACGAAA,0,2530459
mhpRp2,0.16666666666666666,5,5,GCACGGAGCTTGGCGTGGTT,0,2511171
mhpRp2,0.16666666666666666,5,5,GCACCCAGGGTAGTTCACAT,0,2527527
mhpRp2,0.16666666666666666,5,5,GCACACGACGTCAATGGGCA,0,2483910
mhpRp2,0.16666666666666666,5,5,GCAAGCCTCTAAGCGGTCAA,0,2497118
mhpRp2,0.16666666666666666,5,5,GCAACGGAATTCGTAGGAGC,0,2501346
mhpRp2,0.16666666666666666,5,5,GATTTGACTCGAAGGTGGGT,0,2533487
mhpRp2,0.16666666666666666,5,5,GATTCTTATCGAGCACCCAC,0,2496291
mhpRp2,0.16666666666666666,5,5,GATTCGGGTACAAATGCCAT,0,2482378
mhpRp2,0.16666666666666666,5,5,GATGTTCTCCGTAGCTAGCC,0,2503329
mhpRp2,0.16666666666666666,5,5,GATGGTTCAATCCATCATCA,0,2524653
mhpRp2,0.16666666666666666,5,5,GATGGCGTTCTTTAGCGCTG,0,2544475
mhpRp2,0.16666666666666666,5,5,GATCGCGGAGTGAGCGCGGA,0,2516112
mhpRp2,0.16666666666666666,5,5,GATCCTCTGGGCTCGTGATG,0,2501916
mhpRp2,0.16666666666666666,5,5,GATCCTATTGCGTCAATTAG,0,2535892
mhpRp2,0.16666666666666666,5,5,GATCACTTACCAATAGAGCA,0,2533120
mhpRp2,0.16666666666666666,5,5,GATCAAATATAGGCGATAGT,0,2534693
mhpRp2,0.16666666666666666,5,5,GATAACATTAGTGGTTAGCT,0,2539907
mhpRp2,0.16666666666666666,5,5,GATAACAATGGAGCCTTCGT,0,2508138
mhpRp2,0.16666666666666666,5,5,GAGTGGGGAGAGTGTAGGAA,0,2512625
mhpRp2,0.16666666666666666,5,5,GAGTGCGACCCAAAAAAATG,0,2538481
mhpRp2,0.16666666666666666,5,5,GAGTGATGTACGTTTTAAAG,0,2504998
mhpRp2,0.16666666666666666,5,5,GAGTCTTGATGTGATCGGCC,0,2480205
mhpRp2,0.16666666666666666,5,5,GAGTCAGCATGGGTCCACTA,0,2508830
mhpRp2,0.16666666666666666,5,5,GAGTAGATCAATATACAAAT,0,2495743
mhpRp2,0.16666666666666666,5,5,GAGGTGAGCAACAATAACGA,0,2534983
mhpRp2,0.16666666666666666,5,5,GAGGGTTTTACTGTTCGGGT,0,2496358
mhpRp2,0.16666666666666666,5,5,GAGGGAGACATCGGCATTAT,0,2494969
mhpRp2,0.16666666666666666,5,5,GAGGCTTGGTCCCCGCAAAT,0,2533875
mhpRp2,0.16666666666666666,5,5,GAGGACCTGAACGAACAGTT,0,2521422
mhpRp2,0.16666666666666666,5,5,GAGGACAAACAACAATTGTT,0,2526980
mhpRp2,0.16666666666666666,5,5,GAGCTGCTAGGTTTACGCTG,0,2523624
mhpRp2,0.16666666666666666,5,5,GAGCTAATATAGCCGGATAC,0,2480980
mhpRp2,0.16666666666666666,5,5,GAGCCGACAAGTTTACTGCC,0,2489045
mhpRp2,0.16666666666666666,5,5,GAGCATGCCGTTACTAGGGT,0,2536383
mhpRp2,0.16666666666666666,5,5,GAGCAGATGGGAGGCCTCAC,0,2495939
mhpRp2,0.16666666666666666,5,5,GAGATTTTCGGCTGCGGGGG,0,2531038
mhpRp2,0.16666666666666666,5,5,GAGATCGGGTATATTATTGA,0,2493695
mhpRp2,0.16666666666666666,5,5,GAGAGATGCGGCCTTCGGGA,0,2522913
mhpRp2,0.16666666666666666,5,5,GAGACTGGCTGTGGTTCAGA,0,2542136
mhpRp2,0.16666666666666666,5,5,GACTTAGCAGGATCGGGGTT,0,2485042
mhpRp2,0.16666666666666666,5,5,GACTGTCATTCGAGTCACTT,0,2521799
mhpRp2,0.16666666666666666,5,5,GACTGATCGTCCGGCAAGCG,0,2534989
mhpRp2,0.16666666666666666,5,5,GACTCGCTGTCTGACGGATA,0,2544681
mhpRp2,0.16666666666666666,5,5,GACTCGAACCATAATGACTA,0,2495325
mhpRp2,0.16666666666666666,5,5,GACTAAAAAAGCCCAGAGCA,0,2543694
mhpRp2,0.16666666666666666,5,5,GACGTGCTCGTTACACGTTT,0,2514691
mhpRp2,0.16666666666666666,5,5,GACGTAGGCGGTGCTAGTTG,0,2490963
mhpRp2,0.16666666666666666,5,5,GACGGGAAGGTAAATTCTCA,0,2524920
mhpRp2,0.16666666666666666,5,5,GACGACACTTCAATTATGCA,0,2491037
mhpRp2,0.16666666666666666,5,5,GACGAAAAGGTTGACCTAGA,0,2518275
mhpRp2,0.16666666666666666,5,5,GACCTTTGCGTATGGGATGC,0,2502245
mhpRp2,0.16666666666666666,5,5,GACCTTATTGGGGCCTAGAA,0,2533263
mhpRp2,0.16666666666666666,5,5,GACCGCCATTTAAGCGTTGC,0,2493919
mhpRp2,0.16666666666666666,5,5,GACCCTATTTGTGGGGACCA,0,2492698
mhpRp2,0.16666666666666666,5,5,GACCACAACGCAATATGTTG,0,2528862
mhpRp2,0.16666666666666666,5,5,GACATAAAGGTGGACAATTT,0,2506619
mhpRp2,0.16666666666666666,5,5,GACAGCGGTCCTTAATGCTA,0,2520808
mhpRp2,0.16666666666666666,5,5,GACAACTTCTAGTGTTTAAA,0,2529916
mhpRp2,0.16666666666666666,5,5,GAATAGTAGAGTAAGAGAGA,0,2503980
mhpRp2,0.16666666666666666,5,5,GAAGTATATCGTATGCTCTG,0,2531117
mhpRp2,0.16666666666666666,5,5,GAAGGAAGCTCGCGGCGCGT,0,2542705
mhpRp2,0.16666666666666666,5,5,GAACTTTTTGCTTGTCACTG,0,2522442
mhpRp2,0.16666666666666666,5,5,GAACTTTAGGCCCGGTGTGG,0,2526910
mhpRp2,0.16666666666666666,5,5,GAACGTATTAGAAATCGTGA,0,2499673
mhpRp2,0.16666666666666666,5,5,GAACGCAATTGGGTCGGTTG,0,2505656
mhpRp2,0.16666666666666666,5,5,GAACGAACCTTTCCGCCCCC,0,2491177
mhpRp2,0.16666666666666666,5,5,GAACATGGGACACGTGCTTG,0,2529075
mhpRp2,0.16666666666666666,5,5,GAACAGGCATAACTCTACAG,0,2512746
mhpRp2,0.16666666666666666,5,5,GAACAATGCGTGAATACAGG,0,2528497
mhpRp2,0.16666666666666666,5,5,GAACAAATAATAACCGATGA,0,2499939
mhpRp2,0.16666666666666666,5,5,GAAACCCGATTGTAAATGAC,0,2480127
mhpRp2,0.16666666666666666,5,5,GAAACCAATGCTCCCACCAC,0,2517580
mhpRp2,0.16666666666666666,5,5,GAAAATGTTGGTAGGAAACC,0,2493856
mhpRp2,0.16666666666666666,5,5,GAAAAGGATAGGGGACTAAG,0,2499557
mhpRp2,0.16666666666666666,5,5,CTTTTTCAGAGTCATCGACA,0,2541495
mhpRp2,0.16666666666666666,5,5,CTTTGGAGGGTGCACCATTA,0,2481543
mhpRp2,0.16666666666666666,5,5,CTTTGCGTCAACTTGAGAGT,0,2500709
mhpRp2,0.16666666666666666,5,5,CTTTCCCTATTCAAAATCGT,0,2490761
mhpRp2,0.16666666666666666,5,5,CTTTATTTGCTAAATGGGTC,0,2518553
mhpRp2,0.16666666666666666,5,5,CTTTATGCTGCCGCCAGATA,0,2525758
mhpRp2,0.16666666666666666,5,5,CTTGCTCGAATTAGATAAGT,0,2495457
mhpRp2,0.16666666666666666,5,5,CTTGCCCTAAGGACCATTCC,0,2532156
mhpRp2,0.16666666666666666,5,5,CTTGACTGGCGCGGCCGTTC,0,2515575
mhpRp2,0.16666666666666666,5,5,CTTCTGAGTGCGATACCATT,0,2484743
mhpRp2,0.16666666666666666,5,5,CTTCTCAGCGCCTCGGTGGG,0,2521692
mhpRp2,0.16666666666666666,5,5,CTTCCGGGCTCAGAACTTCA,0,2545295
mhpRp2,0.16666666666666666,5,5,CTTCAAAATGTATTAATGGA,0,2482006
mhpRp2,0.16666666666666666,5,5,CTTATTGTAGGCTAGGTCCA,0,2525689
mhpRp2,0.16666666666666666,5,5,CTTATGCTCGGGTGCGGTAC,0,2516376
mhpRp2,0.16666666666666666,5,5,CTTATGACAATTGCCGTCGT,0,2540591
mhpRp2,0.16666666666666666,5,5,CTTATCCATGATACCCATTG,0,2509407
mhpRp2,0.16666666666666666,5,5,CTTATAGGAACAGTACTGGA,0,2520075
mhpRp2,0.16666666666666666,5,5,CTTAGTTACCATCTCAGACC,0,2508705
mhpRp2,0.16666666666666666,5,5,CTTAGGATCATTGTATGATA,0,2525313
mhpRp2,0.16666666666666666,5,5,CTTACTGGCGAGGCCCGCTG,0,2536434
mhpRp2,0.16666666666666666,5,5,CTTACAGTCTTGGGCGATAG,0,2513247
mhpRp2,0.16666666666666666,5,5,CTGTTTAAATAACGGAGCTT,0,2533745
mhpRp2,0.16666666666666666,5,5,CTGTTGTGGTTGCTAGCTCT,0,2525126
mhpRp2,0.16666666666666666,5,5,CTGTTGGCTTGAAACTGTGA,0,2530613
mhpRp2,0.16666666666666666,5,5,CTGTTAACGCATGGATACGT,0,2519954
mhpRp2,0.16666666666666666,5,5,CTGTGCCGCGGGCATCCATT,0,2542460
mhpRp2,0.16666666666666666,5,5,CTGTCCTTGAGCTCACCCGT,0,2531616
mhpRp2,0.16666666666666666,5,5,CTGTCCCGTGCATGTGGTGC,0,2485273
mhpRp2,0.16666666666666666,5,5,CTGTAGGCAGGAATCAGTAA,0,2534967
mhpRp2,0.16666666666666666,5,5,CTGTAGAGAACGGGTTGCAG,0,2480929
mhpRp2,0.16666666666666666,5,5,CTGTAATGTTCGGCGTCGGG,0,2516947
mhpRp2,0.16666666666666666,5,5,CTGGTTGGTCTATGCGAAGC,0,2487911
mhpRp2,0.16666666666666666,5,5,CTGGTCCAGCATCTTAGACC,0,2505823
mhpRp2,0.16666666666666666,5,5,CTGGCACACGAGCATGCTCC,0,2500802
mhpRp2,0.16666666666666666,5,5,CTGCTTGAGTCGCTACTATG,0,2533444
mhpRp2,0.16666666666666666,5,5,CTGCTAGATGGGGTCAATCT,0,2493874
mhpRp2,0.16666666666666666,5,5,CTGCTACACGGAGCGCTGTA,0,2540516
mhpRp2,0.16666666666666666,5,5,CTGCGGGCCGCCCGTGACGT,0,2496609
mhpRp2,0.16666666666666666,5,5,CTGCCCCGGCTATGAGCCGT,0,2481212
mhpRp2,0.16666666666666666,5,5,CTGCATGCCAATTAGAGGCT,0,2484994
mhpRp2,0.16666666666666666,5,5,CTGATTGAAGGAGATTACTT,0,2493458
mhpRp2,0.16666666666666666,5,5,CTGAGGCAATGTCCCTGGCT,0,2519309
mhpRp2,0.16666666666666666,5,5,CTGAACGCGACACGTGTAAC,0,2529107
mhpRp2,0.16666666666666666,5,5,CTCTGTTAGGGGTAGCGTCG,0,2491881
mhpRp2,0.16666666666666666,5,5,CTCTGCCGCTTGATCTCTAG,0,2533630
mhpRp2,0.16666666666666666,5,5,CTCTGAAACACATAACCTCT,0,2484549
mhpRp2,0.16666666666666666,5,5,CTCTCGTTTAAACGCTGGCT,0,2492479
mhpRp2,0.16666666666666666,5,5,CTCTACTGGGGAGGCATGGA,0,2529079
mhpRp2,0.16666666666666666,5,5,CTCGTTCGCTTTGACACGCA,0,2499969
mhpRp2,0.16666666666666666,5,5,CTCGGCACAGGCTTTCTTAC,0,2484399
mhpRp2,0.16666666666666666,5,5,CTCGCGTTAGCCGCAGCCAG,0,2518291
mhpRp2,0.16666666666666666,5,5,CTCGATGTATTAAGACAACG,0,2517495
mhpRp2,0.16666666666666666,5,5,CTCGATCCCACCTAGGGGGT,0,2504437
mhpRp2,0.16666666666666666,5,5,CTCCTTATAGGGTGAGGGAG,0,2489190
mhpRp2,0.16666666666666666,5,5,CTCCAGGGATCCGCATCATA,0,2530612
mhpRp2,0.16666666666666666,5,5,CTCCAGAGTGATTCCCCGCT,0,2521805
mhpRp2,0.16666666666666666,5,5,CTCATTCCAGCTAGAGAAAT,0,2488243
mhpRp2,0.16666666666666666,5,5,CTCATTAAAACTTGCGTTCA,0,2498255
mhpRp2,0.16666666666666666,5,5,CTCAGTACTGATACATTGCC,0,2544060
mhpRp2,0.16666666666666666,5,5,CTCACTACCACACGGGGCCA,0,2539644
mhpRp2,0.16666666666666666,5,5,CTCACGGGTGTTAGCCGGAG,0,2515598
mhpRp2,0.16666666666666666,5,5,CTCACATGCGTTTGGCCATA,0,2520422
mhpRp2,0.16666666666666666,5,5,CTCAACAACTGACACTGTAA,0,2501644
mhpRp2,0.16666666666666666,5,5,CTATTTCTCTAGGGTCGGTG,0,2489129
mhpRp2,0.16666666666666666,5,5,CTATTTAAACACATACACTT,0,2491317
mhpRp2,0.16666666666666666,5,5,CTATCTCAGGGGATCTTAGG,0,2510887
mhpRp2,0.16666666666666666,5,5,CTATACATGAAACTTGGAGT,0,2540805
mhpRp2,0.16666666666666666,5,5,CTAGTCAAGGGGGTTAACGA,0,2503999
mhpRp2,0.16666666666666666,5,5,CTAGGTCTCTTGGGTTTCCC,0,2509721
mhpRp2,0.16666666666666666,5,5,CTAGAGCCACTTCCAAACAG,0,2506036
mhpRp2,0.16666666666666666,5,5,CTAGACCCTGGCGCAACAGT,0,2486000
mhpRp2,0.16666666666666666,5,5,CTACGAACTGCGAGTTGCTC,0,2479893
mhpRp2,0.16666666666666666,5,5,CTACAGGATTCATGTTAAGG,0,2484558
mhpRp2,0.16666666666666666,5,5,CTACAATACAGGCTAGGTTG,0,2531947
mhpRp2,0.16666666666666666,5,5,CTAATTCTCCTAGTGAAATG,0,2530573
mhpRp2,0.16666666666666666,5,5,CTAATGTGAGATAAAATATG,0,2490000
mhpRp2,0.16666666666666666,5,5,CTAATGTCAATCATCATTAA,0,2487025
mhpRp2,0.16666666666666666,5,5,CTAATCTCTTGCAGTGAAAC,0,2522898
mhpRp2,0.16666666666666666,5,5,CTAATCACCCCGCGTCCACT,0,2483663
mhpRp2,0.16666666666666666,5,5,CTAAGCGGGTTACTCACGAA,0,2527529
mhpRp2,0.16666666666666666,5,5,CTAACGAGCGCTCCTAGTCA,0,2505584
mhpRp2,0.16666666666666666,5,5,CTAAAGACGAGTTCTATACA,0,2493794
mhpRp2,0.16666666666666666,5,5,CGTTTTTAGCTAACGTAGGC,0,2484734
mhpRp2,0.16666666666666666,5,5,CGTTTTCCTTCGTCCCGCCC,0,2487493
mhpRp2,0.16666666666666666,5,5,CGTTTGGTGGGACGCTCTAG,0,2499985
mhpRp2,0.16666666666666666,5,5,CGTTTAGGTTCCAGGTCATG,0,2482353
mhpRp2,0.16666666666666666,5,5,CGTTCCCTTCGTCTGTGCAT,0,2487646
mhpRp2,0.16666666666666666,5,5,CGTTAGGGATCCCACAATTG,0,2484188
mhpRp2,0.16666666666666666,5,5,CGTTACTACTTCTACGAAGT,0,2507377
mhpRp2,0.16666666666666666,5,5,CGTTACGTTCATTATTTCCT,0,2496881
mhpRp2,0.16666666666666666,5,5,CGTGTCTCCGGGACTGGCGT,0,2497435
mhpRp2,0.16666666666666666,5,5,CGTGGTTTCAAGGGATCTTC,0,2479683
mhpRp2,0.16666666666666666,5,5,CGTGGAAACCCGTTGGTCGT,0,2540865
mhpRp2,0.16666666666666666,5,5,CGTGCCGCCAGTATCGGCGA,0,2496568
mhpRp2,0.16666666666666666,5,5,CGTGATAATCGGAACAGTTC,0,2515424
mhpRp2,0.16666666666666666,5,5,CGTCTTGGATGGGCGAGCGG,0,2504855
mhpRp2,0.16666666666666666,5,5,CGTCGGGAGGCTCATTGCAT,0,2533118
mhpRp2,0.16666666666666666,5,5,CGTCGCCAAGATGCCAAGCT,0,2518547
mhpRp2,0.16666666666666666,5,5,CGTCCGACTGAACATATCAG,0,2528075
mhpRp2,0.16666666666666666,5,5,CGTCACGTGGGCGGGATTGT,0,2483732
mhpRp2,0.16666666666666666,5,5,CGTATTGCGAGTTAGCTACT,0,2504041
mhpRp2,0.16666666666666666,5,5,CGTATACGGCCTTTAGTCAC,0,2488340
mhpRp2,0.16666666666666666,5,5,CGTAGTGTTTTACTGGAAGC,0,2479649
mhpRp2,0.16666666666666666,5,5,CGTAGTGTGCTTCATATAGG,0,2503653
mhpRp2,0.16666666666666666,5,5,CGTAGGAAGCCGCATGCGCG,0,2523968
mhpRp2,0.16666666666666666,5,5,CGTAGCCTCCTAAATCCATA,0,2544035
mhpRp2,0.16666666666666666,5,5,CGTACAGCGATCATCTCTCG,0,2543933
mhpRp2,0.16666666666666666,5,5,CGTAAGGGGCTTCGAGTAGA,0,2518042
mhpRp2,0.16666666666666666,5,5,CGTAACGTACGTGGACTGAT,0,2517258
mhpRp2,0.16666666666666666,5,5,CGGTTGCCACGCTATGAATG,0,2501727
mhpRp2,0.16666666666666666,5,5,CGGTTAACTCTAGCTTCTTC,0,2489083
mhpRp2,0.16666666666666666,5,5,CGGTGTGGGTAAGCGGGGCA,0,2525235
mhpRp2,0.16666666666666666,5,5,CGGTGGCTTCTATGGTATGT,0,2481103
mhpRp2,0.16666666666666666,5,5,CGGTGGCTGGCGAAGCTAAG,0,2495293
mhpRp2,0.16666666666666666,5,5,CGGTGCCCGGGCCTTTATTG,0,2507864
mhpRp2,0.16666666666666666,5,5,CGGTAGAACAGAGGTTTCTG,0,2508954
mhpRp2,0.16666666666666666,5,5,CGGTACTGTCTAGACAGAGC,0,2504297
mhpRp2,0.16666666666666666,5,5,CGGTAAATTCTGTCTGCGCA,0,2486246
mhpRp2,0.16666666666666666,5,5,CGGGTTCAGCTCCGCCGCAC,0,2522518
mhpRp2,0.16666666666666666,5,5,CGGGGTTCTTTTAATTCGGG,0,2510678
mhpRp2,0.16666666666666666,5,5,CGGGCTAGGAGGCAATCGAA,0,2531853
mhpRp2,0.16666666666666666,5,5,CGGGATGTAGCCTGCTCAAT,0,2544494
mhpRp2,0.16666666666666666,5,5,CGGGAGGCGAAGGTGACAGG,0,2520602
mhpRp2,0.16666666666666666,5,5,CGGCTAACCTACACGATTCC,0,2496346
mhpRp2,0.16666666666666666,5,5,CGGCGTTGTAATCGGTGAGG,0,2536847
mhpRp2,0.16666666666666666,5,5,CGGCGTTACCGTCCAGATAA,0,2522393
mhpRp2,0.16666666666666666,5,5,CGGCGGAGCCCTTTACAGGC,0,2545021
mhpRp2,0.16666666666666666,5,5,CGGCGCGTGTTAGGTCCATT,0,2524015
mhpRp2,0.16666666666666666,5,5,CGGCCACAGAGATAGCGGAT,0,2495062
mhpRp2,0.16666666666666666,5,5,CGGCAGCCCTAAATCTCGTT,0,2536764
mhpRp2,0.16666666666666666,5,5,CGGATATCATCAATACTCGA,0,2511755
mhpRp2,0.16666666666666666,5,5,CGGAGTTCTGGCTGAGTCCC,0,2538976
mhpRp2,0.16666666666666666,5,5,CGGAGTGGGCACCTGGATGA,0,2533221
mhpRp2,0.16666666666666666,5,5,CGGACTGGGGATCTGTTAGG,0,2518750
mhpRp2,0.16666666666666666,5,5,CGGACAGACACCCTAATTAT,0,2519982
mhpRp2,0.16666666666666666,5,5,CGGACAAGCGTGTATCCGAC,0,2516539
mhpRp2,0.16666666666666666,5,5,CGGAATCCCCCGTGGTCCGG,0,2482507
mhpRp2,0.16666666666666666,5,5,CGGAACCCATTGCCTATACT,0,2513694
mhpRp2,0.16666666666666666,5,5,CGCTTTTCCAAGCCATGTAA,0,2479949
mhpRp2,0.16666666666666666,5,5,CGCTGCATATGTCGGAAATT,0,2540883
mhpRp2,0.16666666666666666,5,5,CGCTCCCCGTATAGGAAGAT,0,2532486
mhpRp2,0.16666666666666666,5,5,CGCTCAGTAGAAGAGGTTCA,0,2537841
mhpRp2,0.16666666666666666,5,5,CGCGTGATCGTCTGAGGTAG,0,2495527
mhpRp2,0.16666666666666666,5,5,CGCGTCGGCCGTACCTTCTG,0,2491026
mhpRp2,0.16666666666666666,5,5,CGCGTAAGCGCTTCTGACGA,0,2484623
mhpRp2,0.16666666666666666,5,5,CGCGGAACGCGCTCTTCATG,0,2495538
mhpRp2,0.16666666666666666,5,5,CGCGCTGTATTCTCCAATGT,0,2535104
mhpRp2,0.16666666666666666,5,5,CGCGCTACCCTTCTACAACC,0,2528722
mhpRp2,0.16666666666666666,5,5,CGCGATGGCGATCGGCACAT,0,2489706
mhpRp2,0.16666666666666666,5,5,CGCCTCAAGGAACACAACGA,0,2500160
mhpRp2,0.16666666666666666,5,5,CGCCTATGTTCATGCCATAA,0,2523694
mhpRp2,0.16666666666666666,5,5,CGCCGAGTGGTAAGGGGTAA,0,2543305
mhpRp2,0.16666666666666666,5,5,CGCCGAAAAAACTCGCCCAC,0,2515198
mhpRp2,0.16666666666666666,5,5,CGCCCGTCTTCCCCGTGACT,0,2490021
mhpRp2,0.16666666666666666,5,5,CGCATTCGATGGGGTATTGT,0,2486658
mhpRp2,0.16666666666666666,5,5,CGCAGCTTTGGATCTTGAAC,0,2484266
mhpRp2,0.16666666666666666,5,5,CGCAGCTCACTCACCTATGT,0,2532366
mhpRp2,0.16666666666666666,5,5,CGATTTAGTTCCGACTGGGG,0,2487067
mhpRp2,0.16666666666666666,5,5,CGATTTACAGACATTTGACT,0,2514494
mhpRp2,0.16666666666666666,5,5,CGATTGCGACAGTTTCCAAA,0,2544575
mhpRp2,0.16666666666666666,5,5,CGATGTCGCAATCGTCGTTT,0,2519418
mhpRp2,0.16666666666666666,5,5,CGATGTAGAGCTAACGTGAC,0,2486620
mhpRp2,0.16666666666666666,5,5,CGATGTAAAGTATCGTTAAC,0,2504721
mhpRp2,0.16666666666666666,5,5,CGATGCATGTAGCTCTTTGT,0,2481614
mhpRp2,0.16666666666666666,5,5,CGATCTAATTCATATCCGGT,0,2526749
mhpRp2,0.16666666666666666,5,5,CGATCATCACAGAGGCTTGC,0,2543920
mhpRp2,0.16666666666666666,5,5,CGAGTCAACAATATATTGAG,0,2481251
mhpRp2,0.16666666666666666,5,5,CGAGTACACACGAGCTGTGA,0,2503452
mhpRp2,0.16666666666666666,5,5,CGAGGTACTAAACTCGAAAC,0,2495453
mhpRp2,0.16666666666666666,5,5,CGAGGCTTCATGGTTAGTCT,0,2497500
mhpRp2,0.16666666666666666,5,5,CGAGCAAGGGTCAATTTGGA,0,2523672
mhpRp2,0.16666666666666666,5,5,CGACTCCCAAGCTCGATGAG,0,2516626
mhpRp2,0.16666666666666666,5,5,CGACGTGGTATAGTGTCCTT,0,2498454
mhpRp2,0.16666666666666666,5,5,CGACCGCTTGGAGCCCTCAC,0,2542874
mhpRp2,0.16666666666666666,5,5,CGACCCGTTCCCATCGGTGC,0,2499962
mhpRp2,0.16666666666666666,5,5,CGAATTTCGCCAGAGGTGTT,0,2483537
mhpRp2,0.16666666666666666,5,5,CGAATATATATGTTTCGTAA,0,2511165
mhpRp2,0.16666666666666666,5,5,CGAAAACATGTCTAATGGAA,0,2506212
mhpRp2,0.16666666666666666,5,5,CCTTTGGTGCGCTCCGGGGC,0,2519576
mhpRp2,0.16666666666666666,5,5,CCTTTCGGAACTCAGGGAGA,0,2529818
mhpRp2,0.16666666666666666,5,5,CCTTTCCCGCAAGGATCCAT,0,2527549
mhpRp2,0.16666666666666666,5,5,CCTTGGTTTCTTAGGGGAGT,0,2491106
mhpRp2,0.16666666666666666,5,5,CCTTGGTACTTTTTGCTTGC,0,2530706
mhpRp2,0.16666666666666666,5,5,CCTTGCGTTTTTCAGTATAG,0,2540807
mhpRp2,0.16666666666666666,5,5,CCTTGACCAAGATTTGCATA,0,2506873
mhpRp2,0.16666666666666666,5,5,CCTTCGGTCTGATCGGAGCC,0,2488760
mhpRp2,0.16666666666666666,5,5,CCTTCCGAGACTCTTCGGTA,0,2535636
mhpRp2,0.16666666666666666,5,5,CCTGTCTCCTGTTCAACGCC,0,2485846
mhpRp2,0.16666666666666666,5,5,CCTGTAGTCATACGCTTGGC,0,2521132
mhpRp2,0.16666666666666666,5,5,CCTGGGAAGAGCAGTCGGTA,0,2527685
mhpRp2,0.16666666666666666,5,5,CCTGGACAGTATACCGGAGT,0,2533593
mhpRp2,0.16666666666666666,5,5,CCTGCATTCTGAAGGAAGAA,0,2499250
mhpRp2,0.16666666666666666,5,5,CCTGCACTAAAGGGATTCTA,0,2482905
mhpRp2,0.16666666666666666,5,5,CCTGATGCTGGACTCTATGG,0,2535238
mhpRp2,0.16666666666666666,5,5,CCTCTTCGTGCACCTTGCTG,0,2497600
mhpRp2,0.16666666666666666,5,5,CCTCGGGGTTCACAGTTCGG,0,2505745
mhpRp2,0.16666666666666666,5,5,CCTCCTTGAACGGGGGAGGT,0,2487161
mhpRp2,0.16666666666666666,5,5,CCTCCGATCTCAATGGTAAC,0,2515693
mhpRp2,0.16666666666666666,5,5,CCTCCCGGGTCTTAAGCCTA,0,2529660
mhpRp2,0.16666666666666666,5,5,CCTCATCGCAGGCGGGGACC,0,2512620
mhpRp2,0.16666666666666666,5,5,CCTCAATACGTCACTGACAT,0,2502156
mhpRp2,0.16666666666666666,5,5,CCTCAAGGGAATTAATGCAT,0,2521005
mhpRp2,0.16666666666666666,5,5,CCTAATTGCAAGCTGACAGT,0,2500832
mhpRp2,0.16666666666666666,5,5,CCTAAATTAGGTGGGTGCTA,0,2505890
mhpRp2,0.16666666666666666,5,5,CCGTTGGCGCACCCTTGCAA,0,2503293
mhpRp2,0.16666666666666666,5,5,CCGTGTACCGGGACGGTTAG,0,2540312
mhpRp2,0.16666666666666666,5,5,CCGTGGTCGTCTCGGGTACA,0,2509146
mhpRp2,0.16666666666666666,5,5,CCGTCCTTGTTGAATCAAGA,0,2506519
mhpRp2,0.16666666666666666,5,5,CCGTATTTTCTCCTTGAGAG,0,2484813
mhpRp2,0.16666666666666666,5,5,CCGTACGTTACAGGGCATGG,0,2536879
mhpRp2,0.16666666666666666,5,5,CCGTACGGGTACGCAACCTT,0,2524802
mhpRp2,0.16666666666666666,5,5,CCGTACCTCCTTATTCCCCA,0,2544362
mhpRp2,0.16666666666666666,5,5,CCGGTGATGACCTGGAAACA,0,2529301
mhpRp2,0.16666666666666666,5,5,CCGGGTCTACGAGTCCGGTT,0,2485937
mhpRp2,0.16666666666666666,5,5,CCGGGGGTTCTGGTATACGG,0,2536411
mhpRp2,0.16666666666666666,5,5,CCGGGGCAGTTGCGCCATGT,0,2486881
mhpRp2,0.16666666666666666,5,5,CCGGGCGATTCCATTACCGT,0,2495426
mhpRp2,0.16666666666666666,5,5,CCGGATGGAACTATTGGCAA,0,2502148
mhpRp2,0.16666666666666666,5,5,CCGGATCGGACGGCTTGCAA,0,2516892
mhpRp2,0.16666666666666666,5,5,CCGCTTTATGGCGGCACTGG,0,2500085
mhpRp2,0.16666666666666666,5,5,CCGCCGCTGCCAGTCGCAGA,0,2524017
mhpRp2,0.16666666666666666,5,5,CCGAGCGAACTACTTCTTTA,0,2536292
mhpRp2,0.16666666666666666,5,5,CCGACACATTTTAACCTTGG,0,2488979
mhpRp2,0.16666666666666666,5,5,CCGAAGCAACGAAATTTATC,0,2499184
mhpRp2,0.16666666666666666,5,5,CCGAAGAAATATTTGAGATG,0,2526775
mhpRp2,0.16666666666666666,5,5,CCGAAAGGCACTTGCAAAGT,0,2527975
mhpRp2,0.16666666666666666,5,5,CCCTTGGTGTTGAAGAACTC,0,2540297
mhpRp2,0.16666666666666666,5,5,CCCTTCGCGTAGAATCATAC,0,2526861
mhpRp2,0.16666666666666666,5,5,CCCTTAGGCACCACCAATAT,0,2514480
mhpRp2,0.16666666666666666,5,5,CCCTTACCTGGGATGGAACA,0,2528413
mhpRp2,0.16666666666666666,5,5,CCCTGTGGAGAAAGAAAAGC,0,2481591
mhpRp2,0.16666666666666666,5,5,CCCTGTACAAGATCTGACCT,0,2489078
mhpRp2,0.16666666666666666,5,5,CCCTGCTGTCCCATAGGAAA,0,2522781
mhpRp2,0.16666666666666666,5,5,CCCTGATATGATAGATGGAG,0,2524399
mhpRp2,0.16666666666666666,5,5,CCCTCGGAAGGATCAGTTTC,0,2496022
mhpRp2,0.16666666666666666,5,5,CCCTACCATCAGTGGGACCC,0,2492710
mhpRp2,0.16666666666666666,5,5,CCCGTCGTAGCAATCAGATA,0,2527445
mhpRp2,0.16666666666666666,5,5,CCCGTAGATGGCAAAATACA,0,2481554
mhpRp2,0.16666666666666666,5,5,CCCGGTCAGAACGCGGGATA,0,2523562
mhpRp2,0.16666666666666666,5,5,CCCGCTATGAACTTGGTGAT,0,2509046
mhpRp2,0.16666666666666666,5,5,CCCGCGAACGTCGAATTGTA,0,2515113
mhpRp2,0.16666666666666666,5,5,CCCGCAAAAGGGATACGGAA,0,2538816
mhpRp2,0.16666666666666666,5,5,CCCGATGCTTAGAACCATCG,0,2530823
mhpRp2,0.16666666666666666,5,5,CCCGAAATTTAGCAGCTATG,0,2514736
mhpRp2,0.16666666666666666,5,5,CCCCTCTAGGCAACGTCCAC,0,2530831
mhpRp2,0.16666666666666666,5,5,CCCCGTTATAATACCCAAGT,0,2487251
mhpRp2,0.16666666666666666,5,5,CCCCGAGGCATCGCGTGAAT,0,2515500
mhpRp2,0.16666666666666666,5,5,CCCCCGCACATAAGATCTAA,0,2542043
mhpRp2,0.16666666666666666,5,5,CCCCCACAGATATCTTCGTA,0,2545419
mhpRp2,0.16666666666666666,5,5,CCCATCCATTAATCCTACAT,0,2545811
mhpRp2,0.16666666666666666,5,5,CCCACTAGCAGCAGCCCACG,0,2525416
mhpRp2,0.16666666666666666,5,5,CCATTTTATGAAGTATTCCA,0,2479876
mhpRp2,0.16666666666666666,5,5,CCATCGGTAGTGTTCACGTC,0,2511833
mhpRp2,0.16666666666666666,5,5,CCATCCTTGCGGCCCGGGGT,0,2527133
mhpRp2,0.16666666666666666,5,5,CCATCAGACTACTGGGCCCT,0,2530602
mhpRp2,0.16666666666666666,5,5,CCATAATCTTCAGCGAAGTT,0,2488374
mhpRp2,0.16666666666666666,5,5,CCAGGGGATGCGACCGTCCA,0,2540398
mhpRp2,0.16666666666666666,5,5,CCAGGGCGATTTCGACCCAT,0,2544543
mhpRp2,0.16666666666666666,5,5,CCAGGCCGTCGGACCATAAG,0,2495871
mhpRp2,0.16666666666666666,5,5,CCAGGAATGCTGCGAATGGT,0,2524413
mhpRp2,0.16666666666666666,5,5,CCAGCCCATATGAATAATTA,0,2543406
mhpRp2,0.16666666666666666,5,5,CCAGATATTGCTCATTAGCG,0,2534168
mhpRp2,0.16666666666666666,5,5,CCAGACGTTTAGCACGGCTT,0,2526837
mhpRp2,0.16666666666666666,5,5,CCACTAGGTATGCGCTCGAA,0,2523273
mhpRp2,0.16666666666666666,5,5,CCACAACGCTACTCCCGTTC,0,2522767
mhpRp2,0.16666666666666666,5,5,CCAATGTTCGGTCAGGCATC,0,2516374
mhpRp2,0.16666666666666666,5,5,CCAATAGTTCAATTTGCTTC,0,2518716
mhpRp2,0.16666666666666666,5,5,CCAAGGGTATGTGCAGGGAT,0,2487964
mhpRp2,0.16666666666666666,5,5,CCAAGACTGTCCTGCCACAA,0,2481472
mhpRp2,0.16666666666666666,5,5,CCAAGAAGCCTCGACAGACT,0,2489456
mhpRp2,0.16666666666666666,5,5,CCAACCCGAACACACCGGGT,0,2487537
mhpRp2,0.16666666666666666,5,5,CCAACATAGTTGTTTCGTGT,0,2499704
mhpRp2,0.16666666666666666,5,5,CCAAATGGCTAAGTGGTAGT,0,2490111
mhpRp2,0.16666666666666666,5,5,CCAAAATAACGATCCACAGT,0,2525819
mhpRp2,0.16666666666666666,5,5,CCAAAAAAAATGCCACATAT,0,2501726
mhpRp2,0.16666666666666666,5,5,CATTTGTGTACGAATATAGC,0,2513346
mhpRp2,0.16666666666666666,5,5,CATTGCTGTATTCGGAAGCG,0,2514772
mhpRp2,0.16666666666666666,5,5,CATTGCGCAGCTTTCGGCTG,0,2534053
mhpRp2,0.16666666666666666,5,5,CATTGAGGCTTGGTACCTCA,0,2507408
mhpRp2,0.16666666666666666,5,5,CATTCTCTGTCCTTATTTGG,0,2498864
mhpRp2,0.16666666666666666,5,5,CATTCTACCGGTGCATGGCT,0,2526751
mhpRp2,0.16666666666666666,5,5,CATGTCTGCAGTAGATAACT,0,2521917
mhpRp2,0.16666666666666666,5,5,CATGTAGTTGCGGACTCAGC,0,2502660
mhpRp2,0.16666666666666666,5,5,CATGGCTATTAGGAGTCGGG,0,2496790
mhpRp2,0.16666666666666666,5,5,CATGGCACCTTGGGTGTATG,0,2497325
mhpRp2,0.16666666666666666,5,5,CATGCTCAGCAAAGGCACAA,0,2500557
mhpRp2,0.16666666666666666,5,5,CATGATCCAGACAATATCCA,0,2509456
mhpRp2,0.16666666666666666,5,5,CATGACCCGCCAATACTGAA,0,2512949
mhpRp2,0.16666666666666666,5,5,CATCTAGGGTCATGGGATAC,0,2543738
mhpRp2,0.16666666666666666,5,5,CATCGTACTCAGTCGGGAGA,0,2495573
mhpRp2,0.16666666666666666,5,5,CATCCTAAGCATATACCATG,0,2480087
mhpRp2,0.16666666666666666,5,5,CATCCACGTACTCAACAACA,0,2488867
mhpRp2,0.16666666666666666,5,5,CATCACCCACTGTAAGGCTC,0,2526527
mhpRp2,0.16666666666666666,5,5,CATATCCCCCATTTGTATAT,0,2495639
mhpRp2,0.16666666666666666,5,5,CATAGTGTAACTTCGAATCT,0,2486482
mhpRp2,0.16666666666666666,5,5,CATAGTGCCTCCACCGTCAT,0,2527502
mhpRp2,0.16666666666666666,5,5,CATAGGCTATTAGATTCAGA,0,2485797
mhpRp2,0.16666666666666666,5,5,CAGTGGGAATTTGGCAAGGG,0,2501601
mhpRp2,0.16666666666666666,5,5,CAGTCTGCGCTAATGAAAAC,0,2498553
mhpRp2,0.16666666666666666,5,5,CAGTCATGGGAAGTGCGAGC,0,2497627
mhpRp2,0.16666666666666666,5,5,CAGTAGCAGCATGACCTGCA,0,2495454
mhpRp2,0.16666666666666666,5,5,CAGTACTCCGGGTATAGGTG,0,2498868
mhpRp2,0.16666666666666666,5,5,CAGGCCCGCCCTATCCCTGA,0,2500370
mhpRp2,0.16666666666666666,5,5,CAGGCACCAGCGTAGAGATT,0,2535893
mhpRp2,0.16666666666666666,5,5,CAGCGCACCCTAATTCCTGC,0,2487044
mhpRp2,0.16666666666666666,5,5,CAGCGATCGGAGCGGTAAAG,0,2531928
mhpRp2,0.16666666666666666,5,5,CAGCCTACTTGCTGATTCAC,0,2521276
mhpRp2,0.16666666666666666,5,5,CAGCCGGGGGTTTCAGCATT,0,2509964
mhpRp2,0.16666666666666666,5,5,CAGCATACTCCCACCATCAT,0,2533220
mhpRp2,0.16666666666666666,5,5,CAGCACGTGCAGCCTGGGTT,0,2517270
mhpRp2,0.16666666666666666,5,5,CAGCAAATACGGCTAGTGCT,0,2516141
mhpRp2,0.16666666666666666,5,5,CAGATTTATTAGAGCCGTGC,0,2539320
mhpRp2,0.16666666666666666,5,5,CAGATGGGAAACGAGCTTGC,0,2544551
mhpRp2,0.16666666666666666,5,5,CAGATCGTGGTGGGAGAGTT,0,2509979
mhpRp2,0.16666666666666666,5,5,CAGATATCATTGATTGGTCA,0,2527766
mhpRp2,0.16666666666666666,5,5,CAGACGGGCATGACACGGCT,0,2523584
mhpRp2,0.16666666666666666,5,5,CAGACAATGCTGCTCATGTA,0,2490986
mhpRp2,0.16666666666666666,5,5,CAGAAGGTGCGGGGCAAGCC,0,2516543
mhpRp2,0.16666666666666666,5,5,CAGAACAGCCACTCTTGGCC,0,2539835
mhpRp2,0.16666666666666666,5,5,CACTTGCCATTTGCAATAGG,0,2545211
mhpRp2,0.16666666666666666,5,5,CACTGTGGTTTTCATTGTCC,0,2519410
mhpRp2,0.16666666666666666,5,5,CACTGACAAGTGAGCTGATT,0,2501957
mhpRp2,0.16666666666666666,5,5,CACTCGTAGGTGGACTAACC,0,2535728
mhpRp2,0.16666666666666666,5,5,CACTCCCATGCACATATGGT,0,2509294
mhpRp2,0.16666666666666666,5,5,CACTAAGGGAAAGAAGCATT,0,2481247
mhpRp2,0.16666666666666666,5,5,CACGGATATGCAGACTTTGT,0,2480606
mhpRp2,0.16666666666666666,5,5,CACGCAACATTGTCAGTAAT,0,2502690
mhpRp2,0.16666666666666666,5,5,CACGATTTATAACACAACGT,0,2499471
mhpRp2,0.16666666666666666,5,5,CACGATTGGGGCACTTCATG,0,2516049
mhpRp2,0.16666666666666666,5,5,CACGATGGAGTTTGCTTTTA,0,2493628
mhpRp2,0.16666666666666666,5,5,CACCTCTTAGACGTCCTCGC,0,2526960
mhpRp2,0.16666666666666666,5,5,CACCTATCCATTCCGGCTGA,0,2506325
mhpRp2,0.16666666666666666,5,5,CACCGGGTTGCTCATGTAGC,0,2504690
mhpRp2,0.16666666666666666,5,5,CACCGAAGCGCAGCCCTCTA,0,2503331
mhpRp2,0.16666666666666666,5,5,CACCCTTAGCTGCGGGTGAA,0,2540036
mhpRp2,0.16666666666666666,5,5,CACCCTGAAGATGAATCTAC,0,2488917
mhpRp2,0.16666666666666666,5,5,CACCCGATTGTCACGAATAA,0,2479614
mhpRp2,0.16666666666666666,5,5,CACCACGGTTGTAACGCCTA,0,2508361
mhpRp2,0.16666666666666666,5,5,CACATTAGCGATGATTAGAC,0,2510001
mhpRp2,0.16666666666666666,5,5,CACAGTTTGAGACCCTAAGT,0,2501136
mhpRp2,0.16666666666666666,5,5,CACACGCATCTGCTCTGCGG,0,2527482
mhpRp2,0.16666666666666666,5,5,CACACCATGGATTATGCTGT,0,2532655
mhpRp2,0.16666666666666666,5,5,CACACCAGGTCCAGTAACCG,0,2541661
mhpRp2,0.16666666666666666,5,5,CACAAGATAAGTCCAACGTC,0,2481339
mhpRp2,0.16666666666666666,5,5,CACAAATAGGTGGAATTCAG,0,2492186
mhpRp2,0.16666666666666666,5,5,CAATTTTGTAAGGCTGTGAT,0,2495291
mhpRp2,0.16666666666666666,5,5,CAATTAACTATAACCGCACC,0,2494597
mhpRp2,0.16666666666666666,5,5,CAATGGGGGTATAAGGAATA,0,2480036
mhpRp2,0.16666666666666666,5,5,CAATGAGTTGACGGTGCCTA,0,2516880
mhpRp2,0.16666666666666666,5,5,CAATAGAACCGCTGGTTGTC,0,2523842
mhpRp2,0.16666666666666666,5,5,CAAGTAGGCGGCAGAAATCT,0,2533967
mhpRp2,0.16666666666666666,5,5,CAAGGGCGATGTACGGCGAC,0,2518910
mhpRp2,0.16666666666666666,5,5,CAAGCGTTAGCCGGATAGCA,0,2534386
mhpRp2,0.16666666666666666,5,5,CAAGATGGCTTGGCTCTCGC,0,2532295
mhpRp2,0.16666666666666666,5,5,CAAGATGACAAGGCCCATAA,0,2492656
mhpRp2,0.16666666666666666,5,5,CAAGATAGTGTAGCCCAACA,0,2527616
mhpRp2,0.16666666666666666,5,5,CAAGACTCATAGTTCTCCCA,0,2480649
mhpRp2,0.16666666666666666,5,5,CAAGACGGGGTGACGTCGGT,0,2488052
mhpRp2,0.16666666666666666,5,5,CAACTCCTTGACTGGGCCAG,0,2534558
mhpRp2,0.16666666666666666,5,5,CAACGCGACCAAAGTTGTCT,0,2522890
mhpRp2,0.16666666666666666,5,5,CAACGCACGGCTCCCAGGGA,0,2520897
mhpRp2,0.16666666666666666,5,5,CAACGATACGACCCGTCGAT,0,2482406
mhpRp2,0.16666666666666666,5,5,CAACCAGTAGAGGCCGACTA,0,2503645
mhpRp2,0.16666666666666666,5,5,CAACAACAGTCGGGTTCAGA,0,2520460
mhpRp2,0.16666666666666666,5,5,CAAAGTCAATACAAAACCTC,0,2482168
mhpRp2,0.16666666666666666,5,5,ATTTTTGAACCGATCAGAGC,0,2496920
mhpRp2,0.16666666666666666,5,5,ATTTTCTTGCATTAATCCCA,0,2480492
mhpRp2,0.16666666666666666,5,5,ATTTTCCGCCCGGTGTTCAT,0,2483526
mhpRp2,0.16666666666666666,5,5,ATTTGACGGTCACCTGGGGT,0,2502644
mhpRp2,0.16666666666666666,5,5,ATTTCTGGCGCCTCGGAATA,0,2504303
mhpRp2,0.16666666666666666,5,5,ATTTCGGAGTTGGGTGGATC,0,2521379
mhpRp2,0.16666666666666666,5,5,ATTTCCTAACTGCGGTGTAA,0,2499257
mhpRp2,0.16666666666666666,5,5,ATTTCAAGTGTCTAATCGTC,0,2542880
mhpRp2,0.16666666666666666,5,5,ATTTATGACCTAGGTCCTGT,0,2544665
mhpRp2,0.16666666666666666,5,5,ATTTAATTGTGGTTACTGCT,0,2499379
mhpRp2,0.16666666666666666,5,5,ATTGTAATGGACGTACTACG,0,2544790
mhpRp2,0.16666666666666666,5,5,ATTGCTCAGTTCGCGCGATA,0,2501248
mhpRp2,0.16666666666666666,5,5,ATTGCGCAAAACTCGATGCC,0,2523895
mhpRp2,0.16666666666666666,5,5,ATTGATAGCTAAAGAAGCTA,0,2481521
mhpRp2,0.16666666666666666,5,5,ATTCATCGTATCGCTCCAAC,0,2513120
mhpRp2,0.16666666666666666,5,5,ATTCACAGGCAAACGTAAGG,0,2485070
mhpRp2,0.16666666666666666,5,5,ATTATTTCTGGGATAAGTTT,0,2489733
mhpRp2,0.16666666666666666,5,5,ATTATGCCGCGTATGGGTTT,0,2530289
mhpRp2,0.16666666666666666,5,5,ATTAGGGTCGGTGTGATCTT,0,2534360
mhpRp2,0.16666666666666666,5,5,ATTAACATGGGACGGAAGGA,0,2482701
mhpRp2,0.16666666666666666,5,5,ATGTTTAATCGAACGTGACT,0,2526829
mhpRp2,0.16666666666666666,5,5,ATGGTTTGGCTGGGTTTAGA,0,2508929
mhpRp2,0.16666666666666666,5,5,ATGGTGGTGATGGTTGTTCG,0,2498796
mhpRp2,0.16666666666666666,5,5,ATGGTCCGGCTTATTGAAAG,0,2498700
mhpRp2,0.16666666666666666,5,5,ATGGGGAGCTGGCTTGGGCT,0,2509488
mhpRp2,0.16666666666666666,5,5,ATGGGCTCGTTTTCACTTAG,0,2526462
mhpRp2,0.16666666666666666,5,5,ATGGAGGAACACTGGATATA,0,2483058
mhpRp2,0.16666666666666666,5,5,ATGCTCCTCCGGGAGCGAAC,0,2530781
mhpRp2,0.16666666666666666,5,5,ATGCGTACTGGCCAACTTAC,0,2533731
mhpRp2,0.16666666666666666,5,5,ATGCGGGCTGACAGGCATGT,0,2526804
mhpRp2,0.16666666666666666,5,5,ATGCATCTTATTATTGGTCA,0,2508656
mhpRp2,0.16666666666666666,5,5,ATGATGTTCGTTCAATGCGC,0,2503451
mhpRp2,0.16666666666666666,5,5,ATGATACGGAGACGGAGGTT,0,2537826
mhpRp2,0.16666666666666666,5,5,ATGAGTACTTCCAACAGAGT,0,2480817
mhpRp2,0.16666666666666666,5,5,ATGAGCTTATACTTTCGCGC,0,2487637
mhpRp2,0.16666666666666666,5,5,ATGAGCGTAACCAGCTTTCT,0,2528715
mhpRp2,0.16666666666666666,5,5,ATGAAGTCTACCAGCACCTT,0,2521416
mhpRp2,0.16666666666666666,5,5,ATGAAGATTTGGGCTAGTTC,0,2508737
mhpRp2,0.16666666666666666,5,5,ATCTGTGAGGCCTGCTGAAT,0,2485734
mhpRp2,0.16666666666666666,5,5,ATCTGAGAGACATACTAGGA,0,2525722
mhpRp2,0.16666666666666666,5,5,ATCTATGTGTGCAATGATCC,0,2491379
mhpRp2,0.16666666666666666,5,5,ATCGTTAGCCAATGGGAATT,0,2543619
mhpRp2,0.16666666666666666,5,5,ATCGTGATCGTTAATTGAGC,0,2518303
mhpRp2,0.16666666666666666,5,5,ATCGGCCCAGCATCCGGGTA,0,2523857
mhpRp2,0.16666666666666666,5,5,ATCGATACACGGACGACTGA,0,2532340
mhpRp2,0.16666666666666666,5,5,ATCCTATTAAAGATCCGGGG,0,2531496
mhpRp2,0.16666666666666666,5,5,ATCCGTTGAAGCTCGATAAA,0,2517789
mhpRp2,0.16666666666666666,5,5,ATCCACTCGATGCTTCGTAC,0,2519704
mhpRp2,0.16666666666666666,5,5,ATCCACATAAAGACATTACC,0,2509487
mhpRp2,0.16666666666666666,5,5,ATCATCAGACACTCTGCGTC,0,2495901
mhpRp2,0.16666666666666666,5,5,ATCAGGTATGGGAGCGGGAG,0,2501465
mhpRp2,0.16666666666666666,5,5,ATCAGCGCGTTATGTTAAAA,0,2505129
mhpRp2,0.16666666666666666,5,5,ATCACGGATACGATAATGCC,0,2521548
mhpRp2,0.16666666666666666,5,5,ATCACCCAGAGCACACATGC,0,2542389
mhpRp2,0.16666666666666666,5,5,ATCAAAACTGTTGCGTGATG,0,2539097
mhpRp2,0.16666666666666666,5,5,ATATTTAAAATTTGGACCAC,0,2492312
mhpRp2,0.16666666666666666,5,5,ATATTACTCGGTATAAATCA,0,2519664
mhpRp2,0.16666666666666666,5,5,ATATGAAACTTTCTGTCCAG,0,2529655
mhpRp2,0.16666666666666666,5,5,ATATCTTCAGAGAACAAGGG,0,2498880
mhpRp2,0.16666666666666666,5,5,ATATCGAAGACTAACCGCAT,0,2480846
mhpRp2,0.16666666666666666,5,5,ATATCCAGCCTTCCGGCCTC,0,2528837
mhpRp2,0.16666666666666666,5,5,ATATAGATTTCGTGGAGCCG,0,2535396
mhpRp2,0.16666666666666666,5,5,ATATAAGTGGCTTGGACATT,0,2509565
mhpRp2,0.16666666666666666,5,5,ATAGTGGGTAAATCCTCTAC,0,2483135
mhpRp2,0.16666666666666666,5,5,ATAGTGATTATAAGAACAGC,0,2513348
mhpRp2,0.16666666666666666,5,5,ATAGTAGTGCTGGGTCTCCG,0,2497563
mhpRp2,0.16666666666666666,5,5,ATAGGTTTATTGCTCATGCA,0,2507600
mhpRp2,0.16666666666666666,5,5,ATAGGTGATATGGGTCAATC,0,2499635
mhpRp2,0.16666666666666666,5,5,ATAGGTCTAGAAAGAGGCCG,0,2489415
mhpRp2,0.16666666666666666,5,5,ATAGGCAACGCCAGGACCTC,0,2497942
mhpRp2,0.16666666666666666,5,5,ATAGCTTGGCGTTTCTCGTC,0,2497440
mhpRp2,0.16666666666666666,5,5,ATAGCTCGGATAGGAGGCGT,0,2495904
mhpRp2,0.16666666666666666,5,5,ATAGCCGGGGACGTGAGACC,0,2528105
mhpRp2,0.16666666666666666,5,5,ATAGCATAGATTATGAGTGT,0,2523813
mhpRp2,0.16666666666666666,5,5,ATAGCATAATTACGTGGTTT,0,2503038
mhpRp2,0.16666666666666666,5,5,ATAGCAGGCGGCGTTAACTT,0,2532194
mhpRp2,0.16666666666666666,5,5,ATAGAACTAATGTGAAAGCC,0,2485655
mhpRp2,0.16666666666666666,5,5,ATACTCATGCTGCTGGGCCG,0,2505337
mhpRp2,0.16666666666666666,5,5,ATACTCAGGGTCGTTATCAG,0,2529823
mhpRp2,0.16666666666666666,5,5,ATACGGTCTTGCGTCCTTCG,0,2543675
mhpRp2,0.16666666666666666,5,5,ATACCCAAATACACGCACAG,0,2525215
mhpRp2,0.16666666666666666,5,5,ATACACTGGTGCATAAACCC,0,2488689
mhpRp2,0.16666666666666666,5,5,ATAATTGACGTCGCGCGCTC,0,2543915
mhpRp2,0.16666666666666666,5,5,ATAAGTAGCGTGAGTGAATG,0,2517840
mhpRp2,0.16666666666666666,5,5,ATAAGGGTTATAAGCTACAC,0,2486398
mhpRp2,0.16666666666666666,5,5,ATAACTATGACCGGACCGCA,0,2534650
mhpRp2,0.16666666666666666,5,5,ATAACATGGACTAAAGCATG,0,2498512
mhpRp2,0.16666666666666666,5,5,AGTTTAAGAACCTAGTGGTC,0,2516399
mhpRp2,0.16666666666666666,5,5,AGTTGTTTAGTGAAATTTCT,0,2489980
mhpRp2,0.16666666666666666,5,5,AGTTCATTCTGTTTGAGACC,0,2506151
mhpRp2,0.16666666666666666,5,5,AGTTACTACGTATTGCCCGA,0,2523124
mhpRp2,0.16666666666666666,5,5,AGTTAACTGGCGGCTAAAAT,0,2521698
mhpRp2,0.16666666666666666,5,5,AGTGTACGTTACCCAGATAG,0,2496395
mhpRp2,0.16666666666666666,5,5,AGTGTACGGTCCGTAAAATA,0,2540946
mhpRp2,0.16666666666666666,5,5,AGTGCTGTTGGCTGTGGGGA,0,2519672
mhpRp2,0.16666666666666666,5,5,AGTGCGGCGGATCAACCCGA,0,2521445
mhpRp2,0.16666666666666666,5,5,AGTGCCTGTGCGCGATCGAC,0,2519407
mhpRp2,0.16666666666666666,5,5,AGTGCATGTTCATACGTGTT,0,2541096
mhpRp2,0.16666666666666666,5,5,AGTGCAATATTAGTTTCGTA,0,2512902
mhpRp2,0.16666666666666666,5,5,AGTGATATTGGATTTCCAGC,0,2528484
mhpRp2,0.16666666666666666,5,5,AGTCTCTTACAAAGGGCTAC,0,2487064
mhpRp2,0.16666666666666666,5,5,AGTCGCCCGCGAAGTGCTAG,0,2537926
mhpRp2,0.16666666666666666,5,5,AGTCCTTGGCAGGTAAAGAA,0,2538010
mhpRp2,0.16666666666666666,5,5,AGTCCCCACGGTAGCAAACC,0,2517536
mhpRp2,0.16666666666666666,5,5,AGTATTTTCACCCGGGGTTT,0,2508767
mhpRp2,0.16666666666666666,5,5,AGTATTATGTCACTGACGGA,0,2494887
mhpRp2,0.16666666666666666,5,5,AGTATCACTTACCTGGGATT,0,2527052
mhpRp2,0.16666666666666666,5,5,AGTAGTTCGGCCAGATTGTG,0,2512399
mhpRp2,0.16666666666666666,5,5,AGTACGACCTTGTATAATCC,0,2515346
mhpRp2,0.16666666666666666,5,5,AGTACAGTAGTGTGGAGCCC,0,2491618
mhpRp2,0.16666666666666666,5,5,AGGTTTGGCCAACATCAAAC,0,2498079
mhpRp2,0.16666666666666666,5,5,AGGTTTGCCAGACTCAGTCG,0,2525302
mhpRp2,0.16666666666666666,5,5,AGGTTCCGTTAATAAGGTGG,0,2510960
mhpRp2,0.16666666666666666,5,5,AGGTGTGGTACTCTTTGAGG,0,2536474
mhpRp2,0.16666666666666666,5,5,AGGTCTGTACCTCTCATTTA,0,2524359
mhpRp2,0.16666666666666666,5,5,AGGTCTGGAAGGCCATCTAA,0,2481814
mhpRp2,0.16666666666666666,5,5,AGGTCAATTTGGGCTCTTGT,0,2519266
mhpRp2,0.16666666666666666,5,5,AGGTATTGATTTAATGAACC,0,2533314
mhpRp2,0.16666666666666666,5,5,AGGTAAAGAGCTTTCGTGGT,0,2498361
mhpRp2,0.16666666666666666,5,5,AGGGTTCCGATGGCTGTGGG,0,2513470
mhpRp2,0.16666666666666666,5,5,AGGGGGTGCGACCCGGCGGC,0,2507105
mhpRp2,0.16666666666666666,5,5,AGGGGGAGTCCGACAGGGAG,0,2488833
mhpRp2,0.16666666666666666,5,5,AGGGGAACTCCAAGTCAGGG,0,2545710
mhpRp2,0.16666666666666666,5,5,AGGGCTGAAGGTACATCCTG,0,2490007
mhpRp2,0.16666666666666666,5,5,AGGGCTAATACCTCAATTGC,0,2543770
mhpRp2,0.16666666666666666,5,5,AGGGCGAATTTCGGTCCCCC,0,2531455
mhpRp2,0.16666666666666666,5,5,AGGGCCATAATCAAATAGGT,0,2514610
mhpRp2,0.16666666666666666,5,5,AGGGAGCCTAAGACGAGGGC,0,2482953
mhpRp2,0.16666666666666666,5,5,AGGGACGTGGGCATCGGGGA,0,2483515
mhpRp2,0.16666666666666666,5,5,AGGCTGGTGAGAATATCAAG,0,2504105
mhpRp2,0.16666666666666666,5,5,AGGCTAAACAGGCTGCCACT,0,2522271
mhpRp2,0.16666666666666666,5,5,AGGCGTCTTCGCCCGGGAGC,0,2501266
mhpRp2,0.16666666666666666,5,5,AGGCGGGAGTCTGTACATTC,0,2505687
mhpRp2,0.16666666666666666,5,5,AGGCGCCCGATCAGCGTTGG,0,2529669
mhpRp2,0.16666666666666666,5,5,AGGCCCGCCACAGGTCAAAA,0,2500702
mhpRp2,0.16666666666666666,5,5,AGGATTCTTTCGTGTCCGGA,0,2522444
mhpRp2,0.16666666666666666,5,5,AGGATTATGCTCGGGACTCA,0,2480930
mhpRp2,0.16666666666666666,5,5,AGGACAATTAAAACGCAAAA,0,2496394
mhpRp2,0.16666666666666666,5,5,AGGAAGTAACAGAAAGTAAT,0,2489235
mhpRp2,0.16666666666666666,5,5,AGCTGGACTCAGCAAGCTCG,0,2531412
mhpRp2,0.16666666666666666,5,5,AGCTACCCAGTATGTAAAGA,0,2535140
mhpRp2,0.16666666666666666,5,5,AGCTACCCACACGTCACCAC,0,2489794
mhpRp2,0.16666666666666666,5,5,AGCGTAACGGATGAAAAAAC,0,2504679
mhpRp2,0.16666666666666666,5,5,AGCGCGGCCCGCGAGATTAC,0,2503694
mhpRp2,0.16666666666666666,5,5,AGCGCAAGGCCCCAACTCCT,0,2521781
mhpRp2,0.16666666666666666,5,5,AGCGCAAACTGTTAGGGGAG,0,2503706
mhpRp2,0.16666666666666666,5,5,AGCGAGGCCCCTCGGTCTGC,0,2482437
mhpRp2,0.16666666666666666,5,5,AGCGACGACTTTCTGTCAAG,0,2513791
mhpRp2,0.16666666666666666,5,5,AGCCTGGTTGTTAATAATGG,0,2504190
mhpRp2,0.16666666666666666,5,5,AGCCGGGTCCCCTTACAGTC,0,2494614
mhpRp2,0.16666666666666666,5,5,AGCCGAGTAAGGACTCCGTT,0,2496913
mhpRp2,0.16666666666666666,5,5,AGCCAAAGTCTCTCGTGCCG,0,2518209
mhpRp2,0.16666666666666666,5,5,AGCATACAAGTTAGCTTGGA,0,2525699
mhpRp2,0.16666666666666666,5,5,AGCATAAAGTCGGGGGGAGA,0,2484815
mhpRp2,0.16666666666666666,5,5,AGCAGGACCCAGGTGCGTCT,0,2491024
mhpRp2,0.16666666666666666,5,5,AGCAAGCTGTCCCGTATCTG,0,2489792
mhpRp2,0.16666666666666666,5,5,AGCAAGAGGCTAAATGATCA,0,2485976
mhpRp2,0.16666666666666666,5,5,AGCAACATACAAGCGGGGCG,0,2527185
mhpRp2,0.16666666666666666,5,5,AGATTGGGGAACCCCGGCAA,0,2529169
mhpRp2,0.16666666666666666,5,5,AGATGCGTGGACGAGCTCCG,0,2535418
mhpRp2,0.16666666666666666,5,5,AGATCGGCCGGACGAACGCA,0,2540687
mhpRp2,0.16666666666666666,5,5,AGATAGAGGTCGAGATAATT,0,2533716
mhpRp2,0.16666666666666666,5,5,AGATAATCGTCAGCTTGTTC,0,2534251
mhpRp2,0.16666666666666666,5,5,AGAGTTCATTGTCATATACG,0,2482625
mhpRp2,0.16666666666666666,5,5,AGAGTCCGCCGTGGCTGGCT,0,2519788
mhpRp2,0.16666666666666666,5,5,AGAGTATTCGGTTGAATGAG,0,2499841
mhpRp2,0.16666666666666666,5,5,AGAGTAATATCGGGGCTCAA,0,2530540
mhpRp2,0.16666666666666666,5,5,AGAGGCTCTCACTTTGAGTG,0,2503770
mhpRp2,0.16666666666666666,5,5,AGAGGCGGTAGAATAAACGC,0,2518382
mhpRp2,0.16666666666666666,5,5,AGAGCGAATGATACGAGAGC,0,2491175
mhpRp2,0.16666666666666666,5,5,AGAGCCTTTGAACCCCATGT,0,2535488
mhpRp2,0.16666666666666666,5,5,AGAGATTAGCGTCAAGTACG,0,2500851
mhpRp2,0.16666666666666666,5,5,AGACTCGTGGTTCTTTGTCA,0,2497299
mhpRp2,0.16666666666666666,5,5,AGACCTTCGCTGGCATATTC,0,2508162
mhpRp2,0.16666666666666666,5,5,AGACATTTGTTGTAATACCT,0,2511886
mhpRp2,0.16666666666666666,5,5,AGACATAGCGGGGAGCCGCT,0,2515235
mhpRp2,0.16666666666666666,5,5,AGAATTCATGAAGACCTGTT,0,2508297
mhpRp2,0.16666666666666666,5,5,AGAATAAAGTATAGGCTCGT,0,2487837
mhpRp2,0.16666666666666666,5,5,AGAAGTAGCAGGATAATGGT,0,2541541
mhpRp2,0.16666666666666666,5,5,AGAAGCATGAGTTGGCATGC,0,2487399
mhpRp2,0.16666666666666666,5,5,AGAACCATGGCAGAAAAGAT,0,2496508
mhpRp2,0.16666666666666666,5,5,ACTTGTCAATCTAAGAACAG,0,2504376
mhpRp2,0.16666666666666666,5,5,ACTTCTATGACGTAGTCAAG,0,2487589
mhpRp2,0.16666666666666666,5,5,ACTTCCTGCTACCTCGGCGA,0,2487308
mhpRp2,0.16666666666666666,5,5,ACTTAGATGTCCCTCAATTT,0,2501769
mhpRp2,0.16666666666666666,5,5,ACTGTCATTGCATTCTGGTT,0,2532621
mhpRp2,0.16666666666666666,5,5,ACTGGTCAATCAGTGGGATG,0,2536133
mhpRp2,0.16666666666666666,5,5,ACTGCTCTCGCCCTCGCACG,0,2486061
mhpRp2,0.16666666666666666,5,5,ACTGCGTCGTTATTTCGAAT,0,2528022
mhpRp2,0.16666666666666666,5,5,ACTGCGCTGTTCTGGACAGG,0,2490676
mhpRp2,0.16666666666666666,5,5,ACTGCCCTTTCTGTCGGGGC,0,2495346
mhpRp2,0.16666666666666666,5,5,ACTGATTAGCGGATCATGAC,0,2514077
mhpRp2,0.16666666666666666,5,5,ACTCGCGTTAAGCAAGGAGC,0,2523059
mhpRp2,0.16666666666666666,5,5,ACTCAGCTATGATGCGGAAG,0,2525011
mhpRp2,0.16666666666666666,5,5,ACTAACTCTTTATTCACGTC,0,2481310
mhpRp2,0.16666666666666666,5,5,ACTAACACCGATGCCACACC,0,2484275
mhpRp2,0.16666666666666666,5,5,ACTAAAAGAGTAGAATGCTG,0,2532694
mhpRp2,0.16666666666666666,5,5,ACGTTTGTTTGACCACTCAC,0,2485978
mhpRp2,0.16666666666666666,5,5,ACGTGTCATGTCGATTTTAC,0,2485018
mhpRp2,0.16666666666666666,5,5,ACGTGGTTAATAAATGAACA,0,2487600
mhpRp2,0.16666666666666666,5,5,ACGTACTACTCAATGGTTAT,0,2508874
mhpRp2,0.16666666666666666,5,5,ACGGGTACAACTCGAAGAAC,0,2480463
mhpRp2,0.16666666666666666,5,5,ACGGGGTCCCGGCTGAGATC,0,2491823
mhpRp2,0.16666666666666666,5,5,ACGGCTGGTTTCGCAAGGTC,0,2504994
mhpRp2,0.16666666666666666,5,5,ACGGCTCGGGCCAAGGAGAT,0,2500368
mhpRp2,0.16666666666666666,5,5,ACGGCACGAAAGAACAGTAT,0,2510597
mhpRp2,0.16666666666666666,5,5,ACGGAGGTGCATCATCTTAC,0,2503710
mhpRp2,0.16666666666666666,5,5,ACGGACCTGCAGTCGAGAGA,0,2545407
mhpRp2,0.16666666666666666,5,5,ACGGAAATGATTCTTCGACC,0,2544891
mhpRp2,0.16666666666666666,5,5,ACGCTCATAATGGATCGCGT,0,2529448
mhpRp2,0.16666666666666666,5,5,ACGCGTAGCACAAACCCTAC,0,2506293
mhpRp2,0.16666666666666666,5,5,ACGCGATCGTTATCTAGTGT,0,2518593
mhpRp2,0.16666666666666666,5,5,ACGCATGCGGCAAGGGGAAG,0,2481265
mhpRp2,0.16666666666666666,5,5,ACGAGCTGGGCTTGACAAAT,0,2488033
mhpRp2,0.16666666666666666,5,5,ACGAAGTGGTGGTACATTTA,0,2541670
mhpRp2,0.16666666666666666,5,5,ACGAAAAGCCCGAGCCAGAA,0,2495064
mhpRp2,0.16666666666666666,5,5,ACCTTTCCATTCAGGATCTA,0,2518714
mhpRp2,0.16666666666666666,5,5,ACCTGGCGTATTCTGAGCTG,0,2503169
mhpRp2,0.16666666666666666,5,5,ACCTGCTAAGCTTGAGTGAC,0,2537697
mhpRp2,0.16666666666666666,5,5,ACCTGCAGTCATTGCATGAA,0,2516320
mhpRp2,0.16666666666666666,5,5,ACCTGATACACATTGTGGAC,0,2500109
mhpRp2,0.16666666666666666,5,5,ACCTGACATCGCGGCATCTT,0,2534567
mhpRp2,0.16666666666666666,5,5,ACCGTATCCGGACCGTAAAT,0,2511872
mhpRp2,0.16666666666666666,5,5,ACCGGAACTCTTGAGCCACA,0,2535288
mhpRp2,0.16666666666666666,5,5,ACCGCTTTCTGCTCTGTGCT,0,2507437
mhpRp2,0.16666666666666666,5,5,ACCGCTACGTCACGGAAAGC,0,2487489
mhpRp2,0.16666666666666666,5,5,ACCGCCTGGAGGGCAAAAAC,0,2510980
mhpRp2,0.16666666666666666,5,5,ACCCTGCATTTTTTCTAGGT,0,2485495
mhpRp2,0.16666666666666666,5,5,ACCCGGCAAGGGCGAGCATG,0,2481628
mhpRp2,0.16666666666666666,5,5,ACCCGCAATCTAGTACCACT,0,2522735
mhpRp2,0.16666666666666666,5,5,ACCCCGGCTCCATAGCATTC,0,2537709
mhpRp2,0.16666666666666666,5,5,ACCCAGGGAGTATCAAGTCC,0,2511697
mhpRp2,0.16666666666666666,5,5,ACCCAAATATCTACACTGCG,0,2497433
mhpRp2,0.16666666666666666,5,5,ACCATGGTTAAGCTTTCGTG,0,2510104
mhpRp2,0.16666666666666666,5,5,ACCATGGTCGCCAATCAAAG,0,2519639
mhpRp2,0.16666666666666666,5,5,ACCATCGTCTGCGCTCCAGA,0,2517293
mhpRp2,0.16666666666666666,5,5,ACCATCCCTTAATCGTTGAA,0,2502601
mhpRp2,0.16666666666666666,5,5,ACCATACGTAGATGGTGGCG,0,2508846
mhpRp2,0.16666666666666666,5,5,ACCACTACACGTAGAATCGT,0,2509370
mhpRp2,0.16666666666666666,5,5,ACCACGAGCGCATTACTCAC,0,2531224
mhpRp2,0.16666666666666666,5,5,ACCAAGTTTCGTACGCTGGA,0,2541635
mhpRp2,0.16666666666666666,5,5,ACCAAGGAGATGCAGCGCTG,0,2483505
mhpRp2,0.16666666666666666,5,5,ACCAAATACTGGATGTTTGG,0,2530047
mhpRp2,0.16666666666666666,5,5,ACCAAAGGCAGGATTGCCAA,0,2495188
mhpRp2,0.16666666666666666,5,5,ACATTGTGTTCTTGAGGTAA,0,2487783
mhpRp2,0.16666666666666666,5,5,ACATTAGGGTGCGGATAATA,0,2532057
mhpRp2,0.16666666666666666,5,5,ACATTACCGGACCTTAGTTG,0,2525738
mhpRp2,0.16666666666666666,5,5,ACATGGTGAATTGGAATATT,0,2523711
mhpRp2,0.16666666666666666,5,5,ACATGGGGATGATCCTCTTT,0,2520280
mhpRp2,0.16666666666666666,5,5,ACATATACTCCAAACCAGGA,0,2521661
mhpRp2,0.16666666666666666,5,5,ACATATACGCTGTCGCTAGA,0,2534172
mhpRp2,0.16666666666666666,5,5,ACATAGATATTATCTACATG,0,2513349
mhpRp2,0.16666666666666666,5,5,ACAGTTCTGTTTTACAGTAG,0,2512567
mhpRp2,0.16666666666666666,5,5,ACAGTTCCACTAACCCAGGC,0,2545416
mhpRp2,0.16666666666666666,5,5,ACAGTGGTCGTGCTCCGAAG,0,2513684
mhpRp2,0.16666666666666666,5,5,ACAGAGACCACAGTTTATCC,0,2519594
mhpRp2,0.16666666666666666,5,5,ACACTGGGTGCCGTTGAAGG,0,2484876
mhpRp2,0.16666666666666666,5,5,ACACTCTGGCTCATACGAGT,0,2543234
mhpRp2,0.16666666666666666,5,5,ACACTCTGCTTGCCCCTCTA,0,2532167
mhpRp2,0.16666666666666666,5,5,ACACGTAAAGACAGTAAATG,0,2515266
mhpRp2,0.16666666666666666,5,5,ACACAATCCGACGGCTGACT,0,2538823
mhpRp2,0.16666666666666666,5,5,ACAATAATATAAGTACACAT,0,2520790
mhpRp2,0.16666666666666666,5,5,ACAAGGCCAGGCATATCCGC,0,2526469
mhpRp2,0.16666666666666666,5,5,ACAACGGCTGTTCACTGGCG,0,2517517
mhpRp2,0.16666666666666666,5,5,ACAACGCGTGAGAACCAGAG,0,2503672
mhpRp2,0.16666666666666666,5,5,ACAACCCACATTCTAATGAA,0,2527349
mhpRp2,0.16666666666666666,5,5,ACAACACATAGATTGGCACT,0,2545780
mhpRp2,0.16666666666666666,5,5,ACAAAGAAATGTTTGTCAGG,0,2516480
mhpRp2,0.16666666666666666,5,5,ACAAAATACGTAATTCACGT,0,2484552
mhpRp2,0.16666666666666666,5,5,AATTGCTGCAACAAGGTTCT,0,2502142
mhpRp2,0.16666666666666666,5,5,AATTGCCACGACAATTTGCA,0,2543596
mhpRp2,0.16666666666666666,5,5,AATTAGGCACAAAGGACGGC,0,2493819
mhpRp2,0.16666666666666666,5,5,AATTAAGTTTGCGGCCCCGT,0,2544324
mhpRp2,0.16666666666666666,5,5,AATTAAGTGGACGAGAACGT,0,2527870
mhpRp2,0.16666666666666666,5,5,AATTAAGCAGCAGGGTACTA,0,2486471
mhpRp2,0.16666666666666666,5,5,AATGTGCACGTTCGCAGGTT,0,2515533
mhpRp2,0.16666666666666666,5,5,AATGTCAACGTTTGGTATAG,0,2485936
mhpRp2,0.16666666666666666,5,5,AATGGTAAACTGATAGAGCT,0,2527808
mhpRp2,0.16666666666666666,5,5,AATGGAGAGCATGACGATGA,0,2530292
mhpRp2,0.16666666666666666,5,5,AATGCTTAGCTTAAGACGGT,0,2525852
mhpRp2,0.16666666666666666,5,5,AATGCCGGAATGATGCCCAG,0,2504708
mhpRp2,0.16666666666666666,5,5,AATGACTAGGCCTATAACCT,0,2496541
mhpRp2,0.16666666666666666,5,5,AATGAATCACTACTAAAATC,0,2480187
mhpRp2,0.16666666666666666,5,5,AATCTTGCGTGCTTTAACTA,0,2521635
mhpRp2,0.16666666666666666,5,5,AATCTCAGGCTATGGAGAAC,0,2498522
mhpRp2,0.16666666666666666,5,5,AATCTAGTGTGGGCCATACC,0,2545697
mhpRp2,0.16666666666666666,5,5,AATCGGGTGTCCGCGAATAC,0,2502502
mhpRp2,0.16666666666666666,5,5,AATCATTCGTTCTGTGACAG,0,2521038
mhpRp2,0.16666666666666666,5,5,AATACCAGACCATCCACCTG,0,2503068
mhpRp2,0.16666666666666666,5,5,AATACACCAACAACCCTAGG,0,2484944
mhpRp2,0.16666666666666666,5,5,AATAAGATACCAACTGGTAG,0,2518340
mhpRp2,0.16666666666666666,5,5,AATAAAGTAGTGCTACGGTC,0,2508992
mhpRp2,0.16666666666666666,5,5,AAGTTCCAGTGTAGCGACAA,0,2500256
mhpRp2,0.16666666666666666,5,5,AAGTACCACTAAAGGTTGCT,0,2485791
mhpRp2,0.16666666666666666,5,5,AAGGGGGGTCCCTACCGGAG,0,2495424
mhpRp2,0.16666666666666666,5,5,AAGGGGGCAATGCACGCAGC,0,2491014
mhpRp2,0.16666666666666666,5,5,AAGGGCAGCCAAGATAGTAC,0,2544106
mhpRp2,0.16666666666666666,5,5,AAGGATATATGCAGCTCGCC,0,2533549
mhpRp2,0.16666666666666666,5,5,AAGGACAGCAATAAGGGTCG,0,2483604
mhpRp2,0.16666666666666666,5,5,AAGGAACAGAGATCCTGAAC,0,2496134
mhpRp2,0.16666666666666666,5,5,AAGCTTTAAATGAAGACTGT,0,2521242
mhpRp2,0.16666666666666666,5,5,AAGCTGTCCCCAGGTTGTAT,0,2518521
mhpRp2,0.16666666666666666,5,5,AAGCTCTTATGACTGCTAGG,0,2497156
mhpRp2,0.16666666666666666,5,5,AAGCCCATTTAGATCATATT,0,2519822
mhpRp2,0.16666666666666666,5,5,AAGAGTTTCTGTGCAGTCAG,0,2485669
mhpRp2,0.16666666666666666,5,5,AAGAGTAAGTCACCACAGAG,0,2521286
mhpRp2,0.16666666666666666,5,5,AAGAGGAACGGGAGCGAAAA,0,2537840
mhpRp2,0.16666666666666666,5,5,AAGAGAATTTTCTCCTGGGG,0,2522734
mhpRp2,0.16666666666666666,5,5,AAGAACCGGTTGTTCGACCA,0,2491838
mhpRp2,0.16666666666666666,5,5,AACTTTATCGCGATGTGTGT,0,2544009
mhpRp2,0.16666666666666666,5,5,AACTTCCTAATCCGTCACCC,0,2516496
mhpRp2,0.16666666666666666,5,5,AACTTAATGTGAAACCTGAA,0,2533101
mhpRp2,0.16666666666666666,5,5,AACTTAAATACGGTAGGGAT,0,2518786
mhpRp2,0.16666666666666666,5,5,AACTGTATAAAAAGGCTTAT,0,2539637
mhpRp2,0.16666666666666666,5,5,AACTACTTGATACCGCTACT,0,2520761
mhpRp2,0.16666666666666666,5,5,AACTACGCATTTTTGGGGAA,0,2487955
mhpRp2,0.16666666666666666,5,5,AACTAATTAAGCTCAGGTGT,0,2507877
mhpRp2,0.16666666666666666,5,5,AACGTCCCACATTGGGAAGT,0,2543402
mhpRp2,0.16666666666666666,5,5,AACGGCCTGCTGCGCCCTCT,0,2539760
mhpRp2,0.16666666666666666,5,5,AACGCAGAGTCACTGCGTTA,0,2545071
mhpRp2,0.16666666666666666,5,5,AACGATGTCCGGTTACGGGA,0,2523557
mhpRp2,0.16666666666666666,5,5,AACGACGCAAGGGGATGAGT,0,2504406
mhpRp2,0.16666666666666666,5,5,AACCTGGGCGTTCCCCCATT,0,2496288
mhpRp2,0.16666666666666666,5,5,AACCTGCCGAGGCCGTCCGG,0,2513066
mhpRp2,0.16666666666666666,5,5,AACCGAGTGTTGAGAAGATC,0,2505548
mhpRp2,0.16666666666666666,5,5,AACCCGAATCATCCCGGTCT,0,2510232
mhpRp2,0.16666666666666666,5,5,AACCCAAGAGTTCTATGATC,0,2496149
mhpRp2,0.16666666666666666,5,5,AACATCGTCTTTGCTCAGGT,0,2524904
mhpRp2,0.16666666666666666,5,5,AACATCATTAGCGGATCAAA,0,2536267
mhpRp2,0.16666666666666666,5,5,AACAGACGTCTTACACAATG,0,2519667
mhpRp2,0.16666666666666666,5,5,AACAGAAGTATGCTGGATAA,0,2488273
mhpRp2,0.16666666666666666,5,5,AACACCGGAGCATTGGATGG,0,2505338
mhpRp2,0.16666666666666666,5,5,AAATCTCATTTCCGAACTAG,0,2506408
mhpRp2,0.16666666666666666,5,5,AAATCGTATTGACCGTCGGT,0,2513344
mhpRp2,0.16666666666666666,5,5,AAATCCGCCCTATAGCTTGA,0,2499292
mhpRp2,0.16666666666666666,5,5,AAATATTGGGTCGTTCGTAG,0,2490757
mhpRp2,0.16666666666666666,5,5,AAATATACCCAGTCGCTCAA,0,2530539
mhpRp2,0.16666666666666666,5,5,AAAGTTTATTTTGAGCGGGT,0,2497923
mhpRp2,0.16666666666666666,5,5,AAAGTCGTATAGGAACCTGT,0,2537964
mhpRp2,0.16666666666666666,5,5,AAAGGGATCCTCGTCGTTCT,0,2523371
mhpRp2,0.16666666666666666,5,5,AAAGCCAGGTCGTCCCCGTA,0,2505580
mhpRp2,0.16666666666666666,5,5,AAAGAAGATCAGAACAGGGG,0,2487759
mhpRp2,0.16666666666666666,5,5,AAACTTAATTAGTCGGCAGA,0,2507359
mhpRp2,0.16666666666666666,5,5,AAACTGCCCTGGATGGGCGT,0,2538127
mhpRp2,0.16666666666666666,5,5,AAACTCTAGTGGCACTCCCT,0,2503080
mhpRp2,0.16666666666666666,5,5,AAACGGACGCTGAAAAGTCT,0,2502526
mhpRp2,0.16666666666666666,5,5,AAACCGTTTAATCACACGAT,0,2538386
mhpRp2,0.16666666666666666,5,5,AAACCGCTACACACTCTAGG,0,2491373
mhpRp2,0.16666666666666666,5,5,AAAATAATGATTCAAATATA,0,2507355
mhpRp2,0.16666666666666666,5,5,AAAAATAGCCTATTTCAGGA,0,2495136
mhpRp2,0.16666666666666666,5,5,AAAAAAGTGCGTCAAACGTG,0,2488952
mhpRp2,0.2,4,4,TTTTTGTCCTACTGTGAGAA,0,2537600
mhpRp2,0.2,4,4,TTTTTCGACCGTTTGCTGGG,0,2504367
mhpRp2,0.2,4,4,TTTTGGGCGGGTATGGGCAG,0,2516464
mhpRp2,0.2,4,4,TTTTCCATAACGATGGACCA,0,2529402
mhpRp2,0.2,4,4,TTTTCCAGAGAAGCGCTGGA,0,2486656
mhpRp2,0.2,4,4,TTTTAGAGTTACAGTGTTTG,0,2533139
mhpRp2,0.2,4,4,TTTTAAATTGTATTACATCT,0,2537139
mhpRp2,0.2,4,4,TTTGTGCCTCGCGATGCGTA,0,2494761
mhpRp2,0.2,4,4,TTTGTACCGGAGGGGGTTAC,0,2496066
mhpRp2,0.2,4,4,TTTGGCTCCTCCAGTTACTC,0,2489581
mhpRp2,0.2,4,4,TTTGGCGCCTACGCTCCGGG,0,2511497
mhpRp2,0.2,4,4,TTTGGATATAGGTATTCCAT,0,2479973
mhpRp2,0.2,4,4,TTTGGAGTGACGAGGTTTCA,0,2537101
mhpRp2,0.2,4,4,TTTGGAAATACAAACTAGCC,0,2534314
mhpRp2,0.2,4,4,TTTGCGAGGACCTTCTGAGT,0,2507706
mhpRp2,0.2,4,4,TTTGCCGGCCGTCGCGATTG,0,2518027
mhpRp2,0.2,4,4,TTTGCACGCTCACAGGTCAC,0,2532134
mhpRp2,0.2,4,4,TTTGATTATGATGCCACCCC,0,2531021
mhpRp2,0.2,4,4,TTTGACTAAAAAAAGGCGTA,0,2536711
mhpRp2,0.2,4,4,TTTCTCATGAGGGTCTGGTA,0,2517690
mhpRp2,0.2,4,4,TTTCTATGGGACCGGAATTT,0,2528951
mhpRp2,0.2,4,4,TTTCTAGGCAATCCTTTTGC,0,2529924
mhpRp2,0.2,4,4,TTTCTACTTTACATCTGAGT,0,2514083
mhpRp2,0.2,4,4,TTTCGCCCTTCACGCCAGTT,0,2495785
mhpRp2,0.2,4,4,TTTCCTTACGCAAAGTTCTC,0,2486923
mhpRp2,0.2,4,4,TTTCCGGGTTACTCCGAATT,0,2514317
mhpRp2,0.2,4,4,TTTCCCTATTGGAATGCGAT,0,2496188
mhpRp2,0.2,4,4,TTTCAGTGGCGGATAGGACC,0,2505386
mhpRp2,0.2,4,4,TTTCAAGGTAGATAGCCCGT,0,2529628
mhpRp2,0.2,4,4,TTTATATTGAGTTTAAGCGG,0,2536824
mhpRp2,0.2,4,4,TTTATAGCTGTCGGAACAGA,0,2541622
mhpRp2,0.2,4,4,TTTATAATCAGGTAGTGTAC,0,2495401
mhpRp2,0.2,4,4,TTTAGTTTTACGCTAACAGA,0,2492251
mhpRp2,0.2,4,4,TTTACGTTCGGAGGGGCGCG,0,2505814
mhpRp2,0.2,4,4,TTTACGGTCACCCCGTACGC,0,2509314
mhpRp2,0.2,4,4,TTTACAAGTGGGCTATATTC,0,2526317
mhpRp2,0.2,4,4,TTTAAAGTCACTTATCGACT,0,2530766
mhpRp2,0.2,4,4,TTGTTCCGATTACGCATAGT,0,2543334
mhpRp2,0.2,4,4,TTGTGTGTTGGTCATTTAAA,0,2508305
mhpRp2,0.2,4,4,TTGTGCTATCGTCGGTCTGC,0,2504043
mhpRp2,0.2,4,4,TTGTCATAATCGGTACAATG,0,2507966
mhpRp2,0.2,4,4,TTGTCAGCAGGGTAGAACTG,0,2495701
mhpRp2,0.2,4,4,TTGGTTCCAAAAAGGGTGGA,0,2485913
mhpRp2,0.2,4,4,TTGGTGTGTTAACTAGGCAG,0,2516640
mhpRp2,0.2,4,4,TTGGTAATCGTTTAACTTGC,0,2537680
mhpRp2,0.2,4,4,TTGGGCTCTGGAGTCGTCGG,0,2519608
mhpRp2,0.2,4,4,TTGGGAAATCGTCATCACTA,0,2541611
mhpRp2,0.2,4,4,TTGGCTGCTTAATCTGATCT,0,2541796
mhpRp2,0.2,4,4,TTGGACTGGCATCTGCGGAA,0,2501462
mhpRp2,0.2,4,4,TTGGACGCCCTGTAATGATG,0,2535604
mhpRp2,0.2,4,4,TTGCTGGAAAAGCTTCGAAG,0,2539224
mhpRp2,0.2,4,4,TTGCGGATACCGTCAAACGT,0,2499580
mhpRp2,0.2,4,4,TTGCGCTGTCAGCGATGTTA,0,2518911
mhpRp2,0.2,4,4,TTGCGCTAATCTGCCTTTAC,0,2539347
mhpRp2,0.2,4,4,TTGCGAAGAGGGGCTGGAGA,0,2484563
mhpRp2,0.2,4,4,TTGCCCCTAAAAAGAGGGCT,0,2483134
mhpRp2,0.2,4,4,TTGCATCACCTCATGTCCTT,0,2494308
mhpRp2,0.2,4,4,TTGCATACGGCGTCGGTCAA,0,2520862
mhpRp2,0.2,4,4,TTGCACAAGGTCAATCGGGT,0,2499001
mhpRp2,0.2,4,4,TTGCACAAGCGCTGCTTTCT,0,2515786
mhpRp2,0.2,4,4,TTGCAAATCGTTGCAGCGCC,0,2529590
mhpRp2,0.2,4,4,TTGATTGCGTACTGCTAGCT,0,2519479
mhpRp2,0.2,4,4,TTGATGAACGGAAAATAACG,0,2509643
mhpRp2,0.2,4,4,TTGATACTGGCCATATCGGG,0,2526149
mhpRp2,0.2,4,4,TTGACCACCGTTACGACGTA,0,2502646
mhpRp2,0.2,4,4,TTGACAACTGCGACCATCTG,0,2498182
mhpRp2,0.2,4,4,TTCTTGGGTTAGGACAGTCT,0,2497315
mhpRp2,0.2,4,4,TTCTTCTGGAGTATGATGCA,0,2498095
mhpRp2,0.2,4,4,TTCTGTTTGCCTGGTGCGTT,0,2503164
mhpRp2,0.2,4,4,TTCTGGTGATTTTTCTGATG,0,2521889
mhpRp2,0.2,4,4,TTCTGAGCTTGTAAAATATG,0,2539423
mhpRp2,0.2,4,4,TTCTCTGTGGAACTTGTGGC,0,2498513
mhpRp2,0.2,4,4,TTCTCTCTCAGAGCAGCGCC,0,2504155
mhpRp2,0.2,4,4,TTCTCCCCGCAATATGGGTC,0,2518538
mhpRp2,0.2,4,4,TTCTCATGGACACGTTGTGA,0,2483433
mhpRp2,0.2,4,4,TTCTAATGTAAATATTTGGT,0,2516615
mhpRp2,0.2,4,4,TTCGTCCGTATCGGACCACT,0,2496011
mhpRp2,0.2,4,4,TTCGTCCCGCTTAGTCGATT,0,2514562
mhpRp2,0.2,4,4,TTCGAGTCGGGCCGATAAAC,0,2485732
mhpRp2,0.2,4,4,TTCGAGCGGGAAAAGCGCGC,0,2487305
mhpRp2,0.2,4,4,TTCGAATCAGGGTACCATTA,0,2510010
mhpRp2,0.2,4,4,TTCCTTGCCGGTGGTTAATG,0,2519312
mhpRp2,0.2,4,4,TTCCTGCCCGCACTCATAGG,0,2482526
mhpRp2,0.2,4,4,TTCCTCTAGAGGTCTATGAC,0,2485546
mhpRp2,0.2,4,4,TTCCTCTAATATAACTACGT,0,2493015
mhpRp2,0.2,4,4,TTCCGCCGGACGGTTGGTAT,0,2536245
mhpRp2,0.2,4,4,TTCCGCCAGGTGACTTTCGT,0,2482412
mhpRp2,0.2,4,4,TTCCCCCTGACTTTGCACTC,0,2495506
mhpRp2,0.2,4,4,TTCCAACCGCGCGGCTAGGC,0,2519859
mhpRp2,0.2,4,4,TTCCAAATACACGAGGTAAT,0,2532345
mhpRp2,0.2,4,4,TTCATTATTATTAAGTTCTA,0,2498283
mhpRp2,0.2,4,4,TTCATCTGCTGCGGTCAAAG,0,2543183
mhpRp2,0.2,4,4,TTCAGTTTAGTCACCTACTC,0,2480819
mhpRp2,0.2,4,4,TTCAGCAGACGAATATCTTT,0,2534773
mhpRp2,0.2,4,4,TTCACCTATATTCGCTTTTA,0,2523443
mhpRp2,0.2,4,4,TTCAATACTAGGATATTAAG,0,2542302
mhpRp2,0.2,4,4,TTCAAACCGGTAACCAATTG,0,2503631
mhpRp2,0.2,4,4,TTATTGACGCCTTTCAGTGC,0,2497723
mhpRp2,0.2,4,4,TTATGCAATTGAATATATAC,0,2538574
mhpRp2,0.2,4,4,TTATGCAATAGACGCAGATA,0,2515164
mhpRp2,0.2,4,4,TTATATTTATGCAGAGGATG,0,2498309
mhpRp2,0.2,4,4,TTATACAGGCAGTGCCGGGG,0,2540763
mhpRp2,0.2,4,4,TTATAATTCGGAATGTTCTT,0,2484374
mhpRp2,0.2,4,4,TTAGTTGTGTTAGGCGATTG,0,2490607
mhpRp2,0.2,4,4,TTAGTTCATAAGAAAAGGAC,0,2503224
mhpRp2,0.2,4,4,TTAGGTTTAGGTTTGGCTAC,0,2490639
mhpRp2,0.2,4,4,TTAGGCTAGTATATGTCCGT,0,2512095
mhpRp2,0.2,4,4,TTAGCGTTTCGAGTGACGGG,0,2516671
mhpRp2,0.2,4,4,TTAGCGCGTGCGCCAACTTA,0,2530141
mhpRp2,0.2,4,4,TTAGCGATTCGCTCGTAGTT,0,2481055
mhpRp2,0.2,4,4,TTAGACAGGCACAGCCTGTG,0,2528067
mhpRp2,0.2,4,4,TTACGTATTCAAATTGCAAA,0,2491100
mhpRp2,0.2,4,4,TTACGCTGAGCCTAATCGAT,0,2523331
mhpRp2,0.2,4,4,TTACGCCTAACACATGTTAA,0,2501931
mhpRp2,0.2,4,4,TTACCAACGGTTGGGACCCA,0,2537965
mhpRp2,0.2,4,4,TTACATAAGGTTGACTTTAA,0,2515447
mhpRp2,0.2,4,4,TTACACGGGGGCTTGAGAAA,0,2487495
mhpRp2,0.2,4,4,TTAATCAAGTGACTCAGCTT,0,2498013
mhpRp2,0.2,4,4,TTAAGCCGGTAAATAATCCC,0,2533751
mhpRp2,0.2,4,4,TTAAGATCCGTATTTGTGAC,0,2526645
mhpRp2,0.2,4,4,TTAACTAATTCTGAAGTCTG,0,2483198
mhpRp2,0.2,4,4,TTAACGTAATGACAAGCTAG,0,2494995
mhpRp2,0.2,4,4,TTAACGAGAACCGGAAGCGC,0,2503063
mhpRp2,0.2,4,4,TTAACATTGACGAGGACGAA,0,2497253
mhpRp2,0.2,4,4,TTAAATAAAACCCCTTCGGT,0,2481260
mhpRp2,0.2,4,4,TGTTTTTGCCCTAATCAGTA,0,2537423
mhpRp2,0.2,4,4,TGTTTTCGGGAACATTTGTC,0,2531860
mhpRp2,0.2,4,4,TGTTTCACATGCTTGCGCCC,0,2481857
mhpRp2,0.2,4,4,TGTTGACGCACTCGCTCAAT,0,2514822
mhpRp2,0.2,4,4,TGTTCGAATACGCTGACTAA,0,2533789
mhpRp2,0.2,4,4,TGTTCCAAGAAGATTCGTCA,0,2499385
mhpRp2,0.2,4,4,TGTGGTAAAGGTTAGAAATC,0,2535725
mhpRp2,0.2,4,4,TGTGCCATTTTTCTGGGAAT,0,2514594
mhpRp2,0.2,4,4,TGTGAGCTGTACCGGAACTG,0,2541800
mhpRp2,0.2,4,4,TGTGACTGTCGCCAAGGTTC,0,2536504
mhpRp2,0.2,4,4,TGTGACGGTAGTCAGAGCTC,0,2525828
mhpRp2,0.2,4,4,TGTCTTAGACAGGTTTTTGA,0,2516956
mhpRp2,0.2,4,4,TGTCTAGAGCCCTTCCATAC,0,2531448
mhpRp2,0.2,4,4,TGTCGGGGGTGGCTTTGCTA,0,2482557
mhpRp2,0.2,4,4,TGTCGATTAGTAACCTGTTG,0,2512003
mhpRp2,0.2,4,4,TGTCCTGGTCGTTAAGAATA,0,2506274
mhpRp2,0.2,4,4,TGTCCGGGCATACTATATCG,0,2517018
mhpRp2,0.2,4,4,TGTCCGGATTTGGTCCTAAT,0,2539399
mhpRp2,0.2,4,4,TGTCCACTGAGGTTAAGGCG,0,2527578
mhpRp2,0.2,4,4,TGTCCACAGTTGGCCGTATA,0,2519090
mhpRp2,0.2,4,4,TGTCAGATCTCCAGGATTTA,0,2485305
mhpRp2,0.2,4,4,TGTATTGGTCCGCGAAGGCT,0,2530647
mhpRp2,0.2,4,4,TGTATGACAGGAGTTGTACA,0,2538690
mhpRp2,0.2,4,4,TGTATCGTCGTTATATAGAT,0,2535950
mhpRp2,0.2,4,4,TGTATCAATGGGTAAGTGTT,0,2497436
mhpRp2,0.2,4,4,TGTATAGGGAGTCCGATAGA,0,2481238
mhpRp2,0.2,4,4,TGTATAGAACTCAGTGTTTC,0,2482151
mhpRp2,0.2,4,4,TGTAGGATTAATCTTTACTC,0,2494569
mhpRp2,0.2,4,4,TGTACGCTGGGGGTAGGATC,0,2487702
mhpRp2,0.2,4,4,TGTAATTTTCAGGCACCACC,0,2540614
mhpRp2,0.2,4,4,TGTAATAGTTTCTCCTGGTC,0,2539375
mhpRp2,0.2,4,4,TGTAATAGTTCAAAAAACGC,0,2481038
mhpRp2,0.2,4,4,TGTAAATTATTCCTAGGGGA,0,2535255
mhpRp2,0.2,4,4,TGGTTTGATTGTACGGTACT,0,2495408
mhpRp2,0.2,4,4,TGGTTGATTCGTTCTGCCCA,0,2541414
mhpRp2,0.2,4,4,TGGTTACGCAACCTGCGTCA,0,2510932
mhpRp2,0.2,4,4,TGGTGTCAATGCAAGCTCCA,0,2491614
mhpRp2,0.2,4,4,TGGTGGGTAAGTGTGACAGA,0,2523028
mhpRp2,0.2,4,4,TGGTGGATCTTATTATTTCA,0,2519796
mhpRp2,0.2,4,4,TGGTGCAATACTGGATCCAC,0,2511472
mhpRp2,0.2,4,4,TGGTCTAAGGCCGGGTTAGA,0,2516810
mhpRp2,0.2,4,4,TGGTCGTCAAGCGGACTTGG,0,2486120
mhpRp2,0.2,4,4,TGGTAAACATCATTGGCACC,0,2486421
mhpRp2,0.2,4,4,TGGGTTGATGCCGCTTGGAG,0,2508495
mhpRp2,0.2,4,4,TGGGTTCATTCTGCTAGCGT,0,2530595
mhpRp2,0.2,4,4,TGGGTCTGGAGACAATGGTG,0,2537949
mhpRp2,0.2,4,4,TGGGGGGCGGGGTAGCAAAG,0,2537807
mhpRp2,0.2,4,4,TGGGGCGTCAATTTGAGAAA,0,2515103
mhpRp2,0.2,4,4,TGGGGACCTATCGCGTCTTC,0,2515515
mhpRp2,0.2,4,4,TGGGATAGCGCAATTCCTGT,0,2489419
mhpRp2,0.2,4,4,TGGGACGCAGGACACTGCGT,0,2518012
mhpRp2,0.2,4,4,TGGGAAGCATCCCGGAACTG,0,2544490
mhpRp2,0.2,4,4,TGGCGCAGTTTGTTGGGATG,0,2524600
mhpRp2,0.2,4,4,TGGCGATTTAATGCTAAAGT,0,2523540
mhpRp2,0.2,4,4,TGGCCGGCGCCAATGATGTA,0,2485016
mhpRp2,0.2,4,4,TGGCCCCCAGCGGTATAAAT,0,2507626
mhpRp2,0.2,4,4,TGGATTAGCGTAAGAGTACC,0,2485695
mhpRp2,0.2,4,4,TGGAGGGATGGTGTTGCTAG,0,2499037
mhpRp2,0.2,4,4,TGGAGCGGTTGGCACTGGCC,0,2493743
mhpRp2,0.2,4,4,TGGAGCCCGATTTACCGTAA,0,2521503
mhpRp2,0.2,4,4,TGGAGAAGGTATTACCAGCA,0,2506757
mhpRp2,0.2,4,4,TGGACAGGTACATAAGCGGT,0,2496661
mhpRp2,0.2,4,4,TGGAATCGCTTGTCAGCGAC,0,2511566
mhpRp2,0.2,4,4,TGGAATAGGGCTATGTACAA,0,2481670
mhpRp2,0.2,4,4,TGCTTTGTTTTGAATATTAG,0,2495783
mhpRp2,0.2,4,4,TGCTTGTATACGCATTTCGC,0,2484631
mhpRp2,0.2,4,4,TGCTTCTTGCCGCGACTCCT,0,2525080
mhpRp2,0.2,4,4,TGCTGCGTATGGTACGTTGA,0,2496014
mhpRp2,0.2,4,4,TGCTCATGCTACACGCAGCT,0,2537377
mhpRp2,0.2,4,4,TGCGTTCATGAATGCCTTAT,0,2504010
mhpRp2,0.2,4,4,TGCGTGTGTCATGTACTCGG,0,2515370
mhpRp2,0.2,4,4,TGCGGTGCGTCACTATTCCC,0,2521545
mhpRp2,0.2,4,4,TGCGGGCGATATAGACGTAT,0,2501783
mhpRp2,0.2,4,4,TGCGCCGGTAGCGGCTTCTA,0,2500233
mhpRp2,0.2,4,4,TGCGCACTTATCCTCGGTTG,0,2506249
mhpRp2,0.2,4,4,TGCGACTGAATAAGGCATCA,0,2533913
mhpRp2,0.2,4,4,TGCCTTTACAGCCCTACGGT,0,2505080
mhpRp2,0.2,4,4,TGCCTTTACAAGGTACCGCA,0,2524766
mhpRp2,0.2,4,4,TGCCTAGCATTTGTTTAAGG,0,2510312
mhpRp2,0.2,4,4,TGCCGGTACATAAAGCGCGG,0,2524279
mhpRp2,0.2,4,4,TGCAGTTTGAGCACCGACAT,0,2524033
mhpRp2,0.2,4,4,TGCACTGATGGTTATTTGTG,0,2490348
mhpRp2,0.2,4,4,TGCACATTGTTGTACACCAA,0,2532090
mhpRp2,0.2,4,4,TGCACATCCGATATCTTCGC,0,2487422
mhpRp2,0.2,4,4,TGATGCTATACCAGATCGTA,0,2507783
mhpRp2,0.2,4,4,TGATGCTACCGGCGGTCTCC,0,2489606
mhpRp2,0.2,4,4,TGATCCGCGATTTGCGCCTC,0,2500768
mhpRp2,0.2,4,4,TGATACGTAGTGATTTAGAT,0,2494368
mhpRp2,0.2,4,4,TGAGTTTGGTAGAGCGGGTG,0,2495820
mhpRp2,0.2,4,4,TGAGGGTAAAAGGAGACATG,0,2488124
mhpRp2,0.2,4,4,TGAGGCGGACTCTCGGGTAC,0,2494036
mhpRp2,0.2,4,4,TGAGGACCGATCCTCGTATG,0,2518076
mhpRp2,0.2,4,4,TGAGGAAATACCCTGTCAAA,0,2529528
mhpRp2,0.2,4,4,TGAGGAAACGCAGAGTGACA,0,2517457
mhpRp2,0.2,4,4,TGAGAAGTGCCTGGTCATGC,0,2501176
mhpRp2,0.2,4,4,TGAGAACCCGACAAAGTTAT,0,2541843
mhpRp2,0.2,4,4,TGACTGGATTGCAGTATCTA,0,2528147
mhpRp2,0.2,4,4,TGACGAGCCGCAAGTGAAAC,0,2505322
mhpRp2,0.2,4,4,TGACGAAGATGCCAAGACCA,0,2539823
mhpRp2,0.2,4,4,TGACCGCAAAACTGTGTATA,0,2533248
mhpRp2,0.2,4,4,TGACAGCCTGATCCCCCTAC,0,2538044
mhpRp2,0.2,4,4,TGAATGCCTTTGGACTTTTA,0,2494293
mhpRp2,0.2,4,4,TGAATCAGGGAGTCGTATAG,0,2521792
mhpRp2,0.2,4,4,TGAATACGGCAGAGCAAACC,0,2524024
mhpRp2,0.2,4,4,TGAACATGATGTTACACTAG,0,2528803
mhpRp2,0.2,4,4,TGAAAGTTTGCCCTATGGCT,0,2542994
mhpRp2,0.2,4,4,TCTTTGGTATCCCTTTCTCA,0,2541100
mhpRp2,0.2,4,4,TCTTGTTGCGCTGTCTTATT,0,2496797
mhpRp2,0.2,4,4,TCTTGTACCAGGCAACAGTG,0,2519469
mhpRp2,0.2,4,4,TCTTCCTTTATGGGGGTGTT,0,2482681
mhpRp2,0.2,4,4,TCTTACATGGGGGCTAGGGG,0,2514846
mhpRp2,0.2,4,4,TCTGTTAATGAAGACCGACC,0,2498971
mhpRp2,0.2,4,4,TCTGTGATTCTTTTCAAGGG,0,2491813
mhpRp2,0.2,4,4,TCTGGTGCGTATCCGAGGAC,0,2511461
mhpRp2,0.2,4,4,TCTGGCGTGCCCTGGGCTTA,0,2543959
mhpRp2,0.2,4,4,TCTGGCACTGTCAAAACGTG,0,2542548
mhpRp2,0.2,4,4,TCTGCATGTCGCGCCCGCCC,0,2512844
mhpRp2,0.2,4,4,TCTGAGCACAAGCTAGTCCA,0,2489008
mhpRp2,0.2,4,4,TCTCGGCACAGAGTGCTCCC,0,2516759
mhpRp2,0.2,4,4,TCTCGCAGCGGTGGTCCCGT,0,2526919
mhpRp2,0.2,4,4,TCTCGATAAATTGACGAAGG,0,2507788
mhpRp2,0.2,4,4,TCTCCTGAAAGTCCTACGGT,0,2487269
mhpRp2,0.2,4,4,TCTCATAAGATAACCGTCGT,0,2485345
mhpRp2,0.2,4,4,TCTATCTAATTCATGTGACA,0,2520380
mhpRp2,0.2,4,4,TCTATCGCCGGTTAGATTAA,0,2502474
mhpRp2,0.2,4,4,TCTAGTGGGAGGGGCCAGCG,0,2533700
mhpRp2,0.2,4,4,TCTACTAAGCTGTCACAGAG,0,2539166
mhpRp2,0.2,4,4,TCTACGCAATCCTTTCAGAG,0,2535716
mhpRp2,0.2,4,4,TCTACAATAGAGCGTACAAT,0,2537966
mhpRp2,0.2,4,4,TCGTTTTGTACCAACCGACA,0,2483934
mhpRp2,0.2,4,4,TCGTTTTAGGACTCGACTGA,0,2515643
mhpRp2,0.2,4,4,TCGTTTCCCAGGCAGGGGGG,0,2487189
mhpRp2,0.2,4,4,TCGTTGATCCGGGGAAGTCA,0,2540773
mhpRp2,0.2,4,4,TCGTTCACGACAGCTTTTTT,0,2527945
mhpRp2,0.2,4,4,TCGTGTTGACTCCGGGGACA,0,2497455
mhpRp2,0.2,4,4,TCGTGTCCGCAAGGGGTATT,0,2479594
mhpRp2,0.2,4,4,TCGTGACATGCCTCTTAGGA,0,2487664
mhpRp2,0.2,4,4,TCGTCATACAGGAACAGGTC,0,2535102
mhpRp2,0.2,4,4,TCGTATCCGTCATTCTTATG,0,2498001
mhpRp2,0.2,4,4,TCGTATAACATTCCATTTAT,0,2494943
mhpRp2,0.2,4,4,TCGTAATAATCAAACAGAGA,0,2523212
mhpRp2,0.2,4,4,TCGTAAACCCTGGCCTTTGA,0,2538671
mhpRp2,0.2,4,4,TCGGTTCATACGGTCAAGTT,0,2517620
mhpRp2,0.2,4,4,TCGGTTCAGGCGCAGCCACA,0,2537921
mhpRp2,0.2,4,4,TCGGTATTCGCCTGTCTGGT,0,2487200
mhpRp2,0.2,4,4,TCGGGCAAGCATTGTGATCC,0,2513911
mhpRp2,0.2,4,4,TCGGCTCGCTACGTGTACCG,0,2494546
mhpRp2,0.2,4,4,TCGGCCTATAGGAGAGCAAA,0,2536247
mhpRp2,0.2,4,4,TCGGCCAACCAAACACCAAT,0,2533720
mhpRp2,0.2,4,4,TCGGCAGTGACTGGGAGAGG,0,2488854
mhpRp2,0.2,4,4,TCGCTGGCAGGGCCTTGGAG,0,2523779
mhpRp2,0.2,4,4,TCGCCTGAAAGATCGAATAA,0,2515842
mhpRp2,0.2,4,4,TCGCCCAAAGTTTCCGTGTC,0,2540517
mhpRp2,0.2,4,4,TCGCATATTGCTGACACTAG,0,2544685
mhpRp2,0.2,4,4,TCGCACCCATACTTCCTCGT,0,2488046
mhpRp2,0.2,4,4,TCGCAAGTCTTGAATTTGGA,0,2481886
mhpRp2,0.2,4,4,TCGCAACTCGATGGGTCTAC,0,2499630
mhpRp2,0.2,4,4,TCGAGTATGTGGCACGGTAA,0,2525189
mhpRp2,0.2,4,4,TCGAGCGCCGGTTATGCCGA,0,2542541
mhpRp2,0.2,4,4,TCGAAGTATGCGCGGTGAGG,0,2519820
mhpRp2,0.2,4,4,TCGAACGACTCACTATTAAT,0,2526145
mhpRp2,0.2,4,4,TCCTGTCCGACTAACAGGGC,0,2543204
mhpRp2,0.2,4,4,TCCTGTCACGTGTCAGTCCT,0,2506279
mhpRp2,0.2,4,4,TCCTCCCATCAACTCACCTC,0,2521796
mhpRp2,0.2,4,4,TCCTAGCGTCGTTTGAATCA,0,2529586
mhpRp2,0.2,4,4,TCCTAATCTCTAGAAAGACT,0,2539653
mhpRp2,0.2,4,4,TCCGTATTCAGTGCACACGT,0,2525660
mhpRp2,0.2,4,4,TCCGTAGCCTCGACCGAGAT,0,2494187
mhpRp2,0.2,4,4,TCCGTACTTGTAGCTAGGGT,0,2505021
mhpRp2,0.2,4,4,TCCGGTGTCTTCGACCACAA,0,2535518
mhpRp2,0.2,4,4,TCCGGTGCCTGACAGCCGGG,0,2527399
mhpRp2,0.2,4,4,TCCGGGCATTCGTACCCGCG,0,2505774
mhpRp2,0.2,4,4,TCCGGCTCCGGCAAGATATA,0,2482690
mhpRp2,0.2,4,4,TCCGGCACGTGGCATGTCAT,0,2485079
mhpRp2,0.2,4,4,TCCGCGATAGAGCAAGCTGC,0,2530973
mhpRp2,0.2,4,4,TCCGCAAAGGGTTTCACCTT,0,2514260
mhpRp2,0.2,4,4,TCCCTGAAGGACGTGGAGTC,0,2484588
mhpRp2,0.2,4,4,TCCCTCGGCTACGGTTAGGC,0,2503334
mhpRp2,0.2,4,4,TCCCGCAGACATTGCCCAAA,0,2530717
mhpRp2,0.2,4,4,TCCATCGTGCCCCAGAGTAA,0,2534306
mhpRp2,0.2,4,4,TCCATAAGGCGTCAGAGGGT,0,2517710
mhpRp2,0.2,4,4,TCCACACATGATCCGCGTAC,0,2498035
mhpRp2,0.2,4,4,TCCAATGCCAGAGGAGCTCT,0,2480973
mhpRp2,0.2,4,4,TCATTTCGTGCGCCCACAGA,0,2489488
mhpRp2,0.2,4,4,TCATTGGGAATCCCCTTCAT,0,2524859
mhpRp2,0.2,4,4,TCATGTTCGCCCGAGCCCTA,0,2539179
mhpRp2,0.2,4,4,TCATGGCCATGGGATCAAAT,0,2531965
mhpRp2,0.2,4,4,TCATCTTCCCTCCGACGTCG,0,2505540
mhpRp2,0.2,4,4,TCATCGGCGTACACTCGGAT,0,2545237
mhpRp2,0.2,4,4,TCATAATGCTGTGTTTTATC,0,2502490
mhpRp2,0.2,4,4,TCAGTTGGGAGTACTGGAAC,0,2507412
mhpRp2,0.2,4,4,TCAGTTCAGCGGAATATAAG,0,2533345
mhpRp2,0.2,4,4,TCAGTGTCAAAAAACGTGTC,0,2512117
mhpRp2,0.2,4,4,TCAGTGCTGGACGCCCGACA,0,2525625
mhpRp2,0.2,4,4,TCAGGGGGTAAAGGGTAGAA,0,2545623
mhpRp2,0.2,4,4,TCAGGGCTTATCAACTGGGT,0,2537523
mhpRp2,0.2,4,4,TCAGCGTTGTATATTTCATA,0,2509138
mhpRp2,0.2,4,4,TCAGCAGTCTGGTGCGATCT,0,2510990
mhpRp2,0.2,4,4,TCAGATGCTGATCATTACCA,0,2540646
mhpRp2,0.2,4,4,TCAGAGATCGGAGCAGGGCT,0,2521139
mhpRp2,0.2,4,4,TCACGAGAAATGATCCGTAT,0,2545214
mhpRp2,0.2,4,4,TCACCGCGAAGACTTCACAC,0,2513065
mhpRp2,0.2,4,4,TCACAATAGTATGCTAAACC,0,2500891
mhpRp2,0.2,4,4,TCAATCAAAAACCCGACGTA,0,2522515
mhpRp2,0.2,4,4,TCAAGGCTGACACGAATGAT,0,2491945
mhpRp2,0.2,4,4,TCAAGATGAGTAGTGTCACT,0,2538170
mhpRp2,0.2,4,4,TATTTTCCGCGACGTCAGCT,0,2490441
mhpRp2,0.2,4,4,TATTGTCGGGTCAAGTTCTA,0,2524949
mhpRp2,0.2,4,4,TATTGGTAGAGCTGGTAGTT,0,2494721
mhpRp2,0.2,4,4,TATTGACCCACACGGTGTCA,0,2497328
mhpRp2,0.2,4,4,TATTCGGGGCGGGTCACATG,0,2527967
mhpRp2,0.2,4,4,TATTCAGATGAGTGACGCAG,0,2484069
mhpRp2,0.2,4,4,TATTAGCGTCGGACTCGGCG,0,2487369
mhpRp2,0.2,4,4,TATGTGCAACGTATGTTACT,0,2496269
mhpRp2,0.2,4,4,TATGTCTGTTCAGGCGCGCA,0,2487196
mhpRp2,0.2,4,4,TATGGTCTGCGATAGATCAG,0,2537922
mhpRp2,0.2,4,4,TATGGACGGTGCTCGTTGCC,0,2487061
mhpRp2,0.2,4,4,TATGCGCGCAAAGGCCCCAA,0,2495803
mhpRp2,0.2,4,4,TATGCGAACTGAGGTGCCTA,0,2523737
mhpRp2,0.2,4,4,TATGATGACATATCTTGTAT,0,2503461
mhpRp2,0.2,4,4,TATGAGCGGTGAGGACACCA,0,2490256
mhpRp2,0.2,4,4,TATGAGATGTAGATTTTAGG,0,2497318
mhpRp2,0.2,4,4,TATCCAGTAAGCGTCAGACG,0,2484638
mhpRp2,0.2,4,4,TATCAAGACACGCCATGTGG,0,2485812
mhpRp2,0.2,4,4,TATATTCTTAAAACGATGAT,0,2502477
mhpRp2,0.2,4,4,TATATGGGTTGACGGTGGTC,0,2484596
mhpRp2,0.2,4,4,TATACCATGTGAAGTCCTTG,0,2503973
mhpRp2,0.2,4,4,TATAATCTTAAGCCGCGTTA,0,2533312
mhpRp2,0.2,4,4,TATAAGAAACCAAACGGGCA,0,2497606
mhpRp2,0.2,4,4,TAGGTGTGGGTGGACGATCT,0,2500731
mhpRp2,0.2,4,4,TAGGGGTGCTTGATAATTGA,0,2505357
mhpRp2,0.2,4,4,TAGGGATTGTGCACATTTGA,0,2543520
mhpRp2,0.2,4,4,TAGGCAGCAAGATCGCCAGT,0,2485902
mhpRp2,0.2,4,4,TAGGCAAGAGTGTGCGCGTA,0,2480175
mhpRp2,0.2,4,4,TAGGAATAGTCTAGTTTGCA,0,2541791
mhpRp2,0.2,4,4,TAGGAAAGTAAACGCAAGAA,0,2515270
mhpRp2,0.2,4,4,TAGCTCCTACTTTGGCCAGT,0,2485007
mhpRp2,0.2,4,4,TAGCGGGCCTCTAACTGACA,0,2514560
mhpRp2,0.2,4,4,TAGCGGATCGAGTAATTCAA,0,2489006
mhpRp2,0.2,4,4,TAGCGGACGTCTTGTACAAT,0,2528595
mhpRp2,0.2,4,4,TAGCGCCACCTACGATTGTA,0,2543558
mhpRp2,0.2,4,4,TAGCCGCGACGCGGCGTTGG,0,2484160
mhpRp2,0.2,4,4,TAGCCGCATCACTCCAGGCT,0,2542650
mhpRp2,0.2,4,4,TAGCCCAACCCAACGCTCAT,0,2494779
mhpRp2,0.2,4,4,TAGCCATCAAATTCTGATTC,0,2539541
mhpRp2,0.2,4,4,TAGCCATATGTTTACGGTTT,0,2532130
mhpRp2,0.2,4,4,TAGCAACCTTACCGGCCCCC,0,2540760
mhpRp2,0.2,4,4,TAGATCTTGTTCATATTCAC,0,2509364
mhpRp2,0.2,4,4,TAGAGTAACTCGCCCTGAGC,0,2513032
mhpRp2,0.2,4,4,TAGAGGTTTTCATCCATTAG,0,2536776
mhpRp2,0.2,4,4,TAGAACTCGGCATTTTGTCG,0,2505257
mhpRp2,0.2,4,4,TACGTTCTGTTTCGGATGTA,0,2541994
mhpRp2,0.2,4,4,TACGGCACCGGGTATCCATA,0,2508913
mhpRp2,0.2,4,4,TACGGCAAGCGGTCGAAGTA,0,2527403
mhpRp2,0.2,4,4,TACGCTCTCGTACGTGGGTC,0,2498910
mhpRp2,0.2,4,4,TACGAGTATTGGTTGTCACG,0,2501123
mhpRp2,0.2,4,4,TACCTCATTACGCGCGAATT,0,2520310
mhpRp2,0.2,4,4,TACCGTAAAACTCATGTATA,0,2480297
mhpRp2,0.2,4,4,TACCGGTTTAGCAGTACGTA,0,2527443
mhpRp2,0.2,4,4,TACCGCGGTTCGGGACCAGA,0,2481891
mhpRp2,0.2,4,4,TACCCAGCTAGCTTGTCTGT,0,2541521
mhpRp2,0.2,4,4,TACCATGGGAGGATTTAATG,0,2524052
mhpRp2,0.2,4,4,TACCATAAAACAACGACACA,0,2530210
mhpRp2,0.2,4,4,TACCAGAGGATTAACATGAA,0,2487699
mhpRp2,0.2,4,4,TACATTGATCCTTGAATGCT,0,2503510
mhpRp2,0.2,4,4,TACAGTTCCAGAACATGTTG,0,2481115
mhpRp2,0.2,4,4,TACAGTTCAATTATGGAACC,0,2513712
mhpRp2,0.2,4,4,TACAGGGTGAGGATCACTCG,0,2541490
mhpRp2,0.2,4,4,TACAAGCCAGGTCGGATATC,0,2535977
mhpRp2,0.2,4,4,TACAAGCCACTACAGCGCCC,0,2515072
mhpRp2,0.2,4,4,TACAACGCGTGTGATCACGA,0,2506322
mhpRp2,0.2,4,4,TACAAATCCATCTTAGGAAG,0,2515271
mhpRp2,0.2,4,4,TACAAACGCGGTTTTATAAT,0,2529964
mhpRp2,0.2,4,4,TAATTAGATTACCGCCGGTT,0,2506623
mhpRp2,0.2,4,4,TAATGTGTCTGTTGCCTTAG,0,2533544
mhpRp2,0.2,4,4,TAATGGTTAACGGTCACTAA,0,2489787
mhpRp2,0.2,4,4,TAAGTTTGTGACGCGACGTG,0,2539162
mhpRp2,0.2,4,4,TAAGTTCTGGAACTAGCAAT,0,2487316
mhpRp2,0.2,4,4,TAAGTATCGGCCTGCGCAGC,0,2479952
mhpRp2,0.2,4,4,TAAGTAATCGAATACAGTGT,0,2505269
mhpRp2,0.2,4,4,TAAGGGCACTTGACGTAGGT,0,2533481
mhpRp2,0.2,4,4,TAAGACTGCAAACGGGCCAT,0,2527496
mhpRp2,0.2,4,4,TAACCATAGTTCATCCGTCT,0,2539264
mhpRp2,0.2,4,4,TAACCACGTAGACCGGACGC,0,2486363
mhpRp2,0.2,4,4,TAAATTCGTTAGGGTCGTCT,0,2531162
mhpRp2,0.2,4,4,TAAATGGCTTTGGCGAAATG,0,2504378
mhpRp2,0.2,4,4,TAAAGTAGTAGTCTCCGTAT,0,2494737
mhpRp2,0.2,4,4,TAAAGGTAAGCAATAGTTAT,0,2490444
mhpRp2,0.2,4,4,TAAAGCCCTCCTAGAGGAGC,0,2545111
mhpRp2,0.2,4,4,TAAACCTTCTTTAGCTCCGA,0,2509514
mhpRp2,0.2,4,4,TAAACCAATAGGTTTCCCCT,0,2482230
mhpRp2,0.2,4,4,TAAAATTATTCCCTTAATAC,0,2515681
mhpRp2,0.2,4,4,TAAAATCATGTATTCCAGGT,0,2495078
mhpRp2,0.2,4,4,GTTTTGAGATGAAAGACGAA,0,2482246
mhpRp2,0.2,4,4,GTTTTCAAACTTGGCATGAC,0,2526797
mhpRp2,0.2,4,4,GTTTGAAAAGATGGTAGGAC,0,2543041
mhpRp2,0.2,4,4,GTTTCTGGCAATCGGCTCTA,0,2524758
mhpRp2,0.2,4,4,GTTTCTCCTTTCTTCTTCCC,0,2508060
mhpRp2,0.2,4,4,GTTTCGAGATAAAAATCTCA,0,2493608
mhpRp2,0.2,4,4,GTTTCGAAACCCTCTCATGA,0,2541579
mhpRp2,0.2,4,4,GTTTATCGGTGAGAGTGTCA,0,2534298
mhpRp2,0.2,4,4,GTTTAATAACACAAGACGAG,0,2491043
mhpRp2,0.2,4,4,GTTGTCCCGGTGTTGTTAAA,0,2499097
mhpRp2,0.2,4,4,GTTGTCATAGCGGGCGTCGG,0,2503376
mhpRp2,0.2,4,4,GTTGGTACCCATACGAACAA,0,2491924
mhpRp2,0.2,4,4,GTTGGGGACCTCTGATGTCC,0,2479707
mhpRp2,0.2,4,4,GTTGGAGCATTAGGCAAATG,0,2519959
mhpRp2,0.2,4,4,GTTGCGTCTATTCACCAGAG,0,2490664
mhpRp2,0.2,4,4,GTTCTAACCTAGACCTGCAG,0,2519264
mhpRp2,0.2,4,4,GTTCGGTCTTTTCCAGTGGG,0,2533008
mhpRp2,0.2,4,4,GTTCGGTATCTTAAATCATT,0,2487440
mhpRp2,0.2,4,4,GTTCGGCATCCATAACTAGA,0,2540141
mhpRp2,0.2,4,4,GTTCGCTTATGCCAACAAGT,0,2495356
mhpRp2,0.2,4,4,GTTCGAACGACGCAACGGTT,0,2516096
mhpRp2,0.2,4,4,GTTCAGCATTAGCAGTGCCA,0,2494205
mhpRp2,0.2,4,4,GTTATGGGGTCGCGGCGTGA,0,2504736
mhpRp2,0.2,4,4,GTTATATTTGGGAGTCGTAC,0,2502382
mhpRp2,0.2,4,4,GTTAGCCTCGTAAGGCACAC,0,2493021
mhpRp2,0.2,4,4,GTTACGCGCGGCAGTTGTGG,0,2527908
mhpRp2,0.2,4,4,GTTAAAGCGCTTCCAAAATT,0,2506284
mhpRp2,0.2,4,4,GTGTTGACGTGGAAACTCGA,0,2532640
mhpRp2,0.2,4,4,GTGTTATAAGCTACTGTTCA,0,2505645
mhpRp2,0.2,4,4,GTGTGTTACTGGGTCTGCAA,0,2525079
mhpRp2,0.2,4,4,GTGTGAGTGGTCTCCAAGAG,0,2505199
mhpRp2,0.2,4,4,GTGTGAACAGTTGCTCCGAA,0,2500816
mhpRp2,0.2,4,4,GTGTCATCACTTTACGAGGT,0,2510412
mhpRp2,0.2,4,4,GTGTCAACGAAGAAAAGGAG,0,2531871
mhpRp2,0.2,4,4,GTGTATTTCCACCCACATTT,0,2521655
mhpRp2,0.2,4,4,GTGTACAGGGCTCATATGTG,0,2482529
mhpRp2,0.2,4,4,GTGGGCTCGCTTTTGCGATT,0,2518936
mhpRp2,0.2,4,4,GTGGACACGCGTTTATGGCG,0,2483440
mhpRp2,0.2,4,4,GTGGAATCGAAGCTCTCGTG,0,2519557
mhpRp2,0.2,4,4,GTGCTATTACTTAAGCATAC,0,2503324
mhpRp2,0.2,4,4,GTGCCGTTATGTTTCTTTCT,0,2534954
mhpRp2,0.2,4,4,GTGCCGAACAGAGGTTCCTA,0,2542681
mhpRp2,0.2,4,4,GTGCCAGCGAGTGGGACATC,0,2523432
mhpRp2,0.2,4,4,GTGCACCTCAAATATAGGTA,0,2490023
mhpRp2,0.2,4,4,GTGATTCCCAAGCTGTGGTC,0,2531138
mhpRp2,0.2,4,4,GTGATCTGTTTGGATCGGGC,0,2533122
mhpRp2,0.2,4,4,GTGAGTCCACTACTGGTCTG,0,2545450
mhpRp2,0.2,4,4,GTGAGCTACCTTAGGGCATG,0,2487772
mhpRp2,0.2,4,4,GTGAGATCTGTGATTGGTCA,0,2532812
mhpRp2,0.2,4,4,GTGACGGCTGTTCATACTCG,0,2500030
mhpRp2,0.2,4,4,GTGACGAGACTTGGGGATGA,0,2516782
mhpRp2,0.2,4,4,GTGACGACCTCGCGGGGATG,0,2532281
mhpRp2,0.2,4,4,GTGACCATCAAGTAGTGGTT,0,2507817
mhpRp2,0.2,4,4,GTGAATTTCGCCCGTTTATT,0,2514648
mhpRp2,0.2,4,4,GTGAAGTTATGTAAGTCGAA,0,2491226
mhpRp2,0.2,4,4,GTCTTGTGTCGCGTTGAAGT,0,2526340
mhpRp2,0.2,4,4,GTCTTCTCATGAACGGCGTG,0,2489180
mhpRp2,0.2,4,4,GTCTTCCGACGTCTGGCAGC,0,2496379
mhpRp2,0.2,4,4,GTCTGGCGAAAACATTAGTG,0,2509154
mhpRp2,0.2,4,4,GTCTGGCAGTTACCCGGAGC,0,2491087
mhpRp2,0.2,4,4,GTCGTATGACCATTACGGAA,0,2506777
mhpRp2,0.2,4,4,GTCGGGAGGGAGGAGTCACT,0,2483448
mhpRp2,0.2,4,4,GTCGGCGGCCGGCATGATGA,0,2539974
mhpRp2,0.2,4,4,GTCGGATGTAAAGAAACGCA,0,2496021
mhpRp2,0.2,4,4,GTCGCCTGTGGGACAGCCGT,0,2485667
mhpRp2,0.2,4,4,GTCGAACCGGATCCTGGAAT,0,2536202
mhpRp2,0.2,4,4,GTCCTCATCCCCATCTTCCG,0,2534976
mhpRp2,0.2,4,4,GTCCGCCCTACAGTTTAACT,0,2541675
mhpRp2,0.2,4,4,GTCCCTGCACCAACCTCAGC,0,2518756
mhpRp2,0.2,4,4,GTCCCGGATGCGGTCTCCCG,0,2505916
mhpRp2,0.2,4,4,GTCCCGATGGATAGATTTTG,0,2485833
mhpRp2,0.2,4,4,GTCCAATATGTTATTTCCCA,0,2536822
mhpRp2,0.2,4,4,GTCATTGCATTGCGTGCGCG,0,2506304
mhpRp2,0.2,4,4,GTCATTCCGCCCTCAGCCCG,0,2485192
mhpRp2,0.2,4,4,GTCACTGTTTTGCAAGTCGT,0,2543560
mhpRp2,0.2,4,4,GTCACTGTGGTTGGGAAGCA,0,2536843
mhpRp2,0.2,4,4,GTATTCTAAGCGCTGACCAG,0,2487572
mhpRp2,0.2,4,4,GTATTAATCCGAGACATCCG,0,2536034
mhpRp2,0.2,4,4,GTATGGGGTCGGGTTCGTAA,0,2509972
mhpRp2,0.2,4,4,GTAGTTATGATCGGTGCTAG,0,2545446
mhpRp2,0.2,4,4,GTAGTCCTTGAGTGATGTTT,0,2534315
mhpRp2,0.2,4,4,GTAGGGTTGTGTAAGGATTA,0,2482920
mhpRp2,0.2,4,4,GTAGGGTGGGTCGGCTGGCG,0,2505378
mhpRp2,0.2,4,4,GTAGCTGTCGGATCGCCGGC,0,2502346
mhpRp2,0.2,4,4,GTAGCACAATGCAGGACTTG,0,2484629
mhpRp2,0.2,4,4,GTAGAGGTTGGCTTGTCTGC,0,2492071
mhpRp2,0.2,4,4,GTAGAATGGGAAGCGACCTT,0,2504423
mhpRp2,0.2,4,4,GTACTCAATAATACGATTGC,0,2492855
mhpRp2,0.2,4,4,GTACTAAAGACTGGCGTGCA,0,2541063
mhpRp2,0.2,4,4,GTACGGAGCAGCAGTTATTA,0,2486581
mhpRp2,0.2,4,4,GTACCGCAGAACGGCGGGAG,0,2483014
mhpRp2,0.2,4,4,GTACCACATTGGGGTGGGAT,0,2482375
mhpRp2,0.2,4,4,GTACAAAAAGCCGTTCTCAA,0,2515799
mhpRp2,0.2,4,4,GTAAGATGTGAAGACGATAC,0,2539235
mhpRp2,0.2,4,4,GTAAGAAATAGTAATGTGGC,0,2538011
mhpRp2,0.2,4,4,GTAACTCGTCACTATCGAGC,0,2538683
mhpRp2,0.2,4,4,GTAACCTAGGTTCGTCGGCC,0,2496361
mhpRp2,0.2,4,4,GGTTGTAAGTAATATATGAA,0,2493102
mhpRp2,0.2,4,4,GGTTGCATTTGGGGACTAGC,0,2530801
mhpRp2,0.2,4,4,GGTTCGGTCGTGCCAACTGT,0,2507231
mhpRp2,0.2,4,4,GGTTATCGAGGAACGCTTCC,0,2527542
mhpRp2,0.2,4,4,GGTGTGATTGGATCTAGCCT,0,2490006
mhpRp2,0.2,4,4,GGTGTCGAAGAGACTTATCT,0,2487791
mhpRp2,0.2,4,4,GGTGGGCAGGACAAGTTTGA,0,2483871
mhpRp2,0.2,4,4,GGTGATCACAATCCACTGTT,0,2513797
mhpRp2,0.2,4,4,GGTGACCTTCGATATTCCCT,0,2499436
mhpRp2,0.2,4,4,GGTCTCCCACTCACATTCCA,0,2503147
mhpRp2,0.2,4,4,GGTCGGTAAGAGCGCATTTT,0,2497958
mhpRp2,0.2,4,4,GGTCCTAATTTTAACACAGG,0,2495411
mhpRp2,0.2,4,4,GGTCCGCGCCAACCATTCGC,0,2531001
mhpRp2,0.2,4,4,GGTCCAAGGGCTACGCAAGA,0,2488673
mhpRp2,0.2,4,4,GGTCAGGAAATGCTATGTGG,0,2519896
mhpRp2,0.2,4,4,GGTCACCAAACGGGTAATAA,0,2491685
mhpRp2,0.2,4,4,GGTATCTGTTACGGCCTACA,0,2506909
mhpRp2,0.2,4,4,GGTACTCAGATCAGCGTGTT,0,2493543
mhpRp2,0.2,4,4,GGTACGTCTGCCGGATGCGC,0,2531707
mhpRp2,0.2,4,4,GGTAAGTTACCGTTTTGTAA,0,2491669
mhpRp2,0.2,4,4,GGTAAGCGTTGTTATAAGCC,0,2526227
mhpRp2,0.2,4,4,GGTAAAAGAACCCAAGGTGT,0,2538727
mhpRp2,0.2,4,4,GGGTTGTGGTGGTCTGAATA,0,2544644
mhpRp2,0.2,4,4,GGGTTCTTAGTGCCGAGGGT,0,2497168
mhpRp2,0.2,4,4,GGGTTCTGGTTCTAAACCGG,0,2500409
mhpRp2,0.2,4,4,GGGTGTCATCTACGTGCGCA,0,2490048
mhpRp2,0.2,4,4,GGGTCATTCGTCCTCCGAAC,0,2525829
mhpRp2,0.2,4,4,GGGTACTCGGTATCGGTTAA,0,2530175
mhpRp2,0.2,4,4,GGGGTTCGGAAACTCGACCA,0,2518342
mhpRp2,0.2,4,4,GGGGTTCCCGAGCGCTAACG,0,2516709
mhpRp2,0.2,4,4,GGGGTTACACTGTAAGAATG,0,2539845
mhpRp2,0.2,4,4,GGGGTCTTGTTCGGGATCCT,0,2528261
mhpRp2,0.2,4,4,GGGGTCTCCTTATCGAGGCT,0,2509348
mhpRp2,0.2,4,4,GGGGTACAAATCACGCGAGG,0,2541999
mhpRp2,0.2,4,4,GGGGGTGCTGGAATATTTAC,0,2542144
mhpRp2,0.2,4,4,GGGGGATATTCGGCATTTAC,0,2517568
mhpRp2,0.2,4,4,GGGGCATCATTTTGTCGAGA,0,2495096
mhpRp2,0.2,4,4,GGGGACCACAACCACGGTGC,0,2506429
mhpRp2,0.2,4,4,GGGCTTTGTTCGCGGAGTTA,0,2521370
mhpRp2,0.2,4,4,GGGCTGCTTCTGCTAGTTCA,0,2529181
mhpRp2,0.2,4,4,GGGCTGCAAGTTCGGGGCCA,0,2513893
mhpRp2,0.2,4,4,GGGCGTTCGGAGAGCCGACA,0,2500441
mhpRp2,0.2,4,4,GGGCGCCGTGGGAGATGTAT,0,2536846
mhpRp2,0.2,4,4,GGGCGAGACAGTCCAGAAAC,0,2501973
mhpRp2,0.2,4,4,GGGCGACCTTGATGTTAGCA,0,2526671
mhpRp2,0.2,4,4,GGGATTAACGATTTTCGGGT,0,2492084
mhpRp2,0.2,4,4,GGGATGCGTAGCGTCCCGTG,0,2496694
mhpRp2,0.2,4,4,GGGATGAACGTGATACGTGT,0,2533124
mhpRp2,0.2,4,4,GGGATCTTGTCAACCTGCAG,0,2526386
mhpRp2,0.2,4,4,GGGATCCGTATATTGACTAG,0,2491156
mhpRp2,0.2,4,4,GGGATAATTCGCATTCGGCC,0,2516673
mhpRp2,0.2,4,4,GGGAGTGTTACCAGCAATTG,0,2528505
mhpRp2,0.2,4,4,GGGAGCCCACCAAACATCAC,0,2494676
mhpRp2,0.2,4,4,GGGAATAATACGTAATACCC,0,2491058
mhpRp2,0.2,4,4,GGGAAGTGAGAGGGACCGCT,0,2493116
mhpRp2,0.2,4,4,GGCTTTGCTCATCCTATTCC,0,2542003
mhpRp2,0.2,4,4,GGCTTGCAACCCCGAAGAAT,0,2532717
mhpRp2,0.2,4,4,GGCTCCTATTTACACAGTCA,0,2538927
mhpRp2,0.2,4,4,GGCTCAATGGTGTTCAGCCC,0,2481240
mhpRp2,0.2,4,4,GGCGTTGGTTGCATGTTTCT,0,2506837
mhpRp2,0.2,4,4,GGCGGCGGATAAACGCGTAT,0,2480017
mhpRp2,0.2,4,4,GGCGGCCGACGGGGTTCGGT,0,2525134
mhpRp2,0.2,4,4,GGCGGACCGTCCAGTGATCG,0,2511390
mhpRp2,0.2,4,4,GGCGCCAACGTGGGCTATCC,0,2488537
mhpRp2,0.2,4,4,GGCGACTAGGGTGTGTCTGT,0,2494790
mhpRp2,0.2,4,4,GGCGAATGTCTACGCCATAT,0,2486965
mhpRp2,0.2,4,4,GGCGAAGCTTAAGGCAGAGA,0,2493765
mhpRp2,0.2,4,4,GGCCTTTGCCAAAAATACGC,0,2490766
mhpRp2,0.2,4,4,GGCCTAGGTTAGTCAAGAGC,0,2525471
mhpRp2,0.2,4,4,GGCCTACGTACTCTAAGCCG,0,2508795
mhpRp2,0.2,4,4,GGCCGGGATAACATGCCCTT,0,2521079
mhpRp2,0.2,4,4,GGCCGGCCGTCTTGTTCAAT,0,2482684
mhpRp2,0.2,4,4,GGCCGATGTGAGGGCAAATG,0,2535365
mhpRp2,0.2,4,4,GGCCGACATGCGCTTCGAGT,0,2486434
mhpRp2,0.2,4,4,GGCCAGGAGTTGAAGGTTTA,0,2489701
mhpRp2,0.2,4,4,GGCCACTGAGCACGTAAGAA,0,2485743
mhpRp2,0.2,4,4,GGCAGTAGCCCACAAAACAG,0,2494579
mhpRp2,0.2,4,4,GGCAGGTAAAACGTATAACA,0,2487717
mhpRp2,0.2,4,4,GGCAGAGGTGTGGAACCCAT,0,2531377
mhpRp2,0.2,4,4,GGCACGTGGGTTTAACGGCG,0,2504358
mhpRp2,0.2,4,4,GGCAAGTCCATTGATAGTAC,0,2514214
mhpRp2,0.2,4,4,GGCAACGATGAGCCGCCTTA,0,2496890
mhpRp2,0.2,4,4,GGCAAAGCTTGAACGTTATT,0,2540142
mhpRp2,0.2,4,4,GGATTTTGCGCACAGGTCCT,0,2524389
mhpRp2,0.2,4,4,GGATTTAATTGTCGGGATTT,0,2536516
mhpRp2,0.2,4,4,GGATTGCCTGGCCACCATCA,0,2484545
mhpRp2,0.2,4,4,GGATCTAGACAGTGCGCAAT,0,2493100
mhpRp2,0.2,4,4,GGATATTTGGCAGTCATTTC,0,2524168
mhpRp2,0.2,4,4,GGATATACAGCTAAAGACCT,0,2529828
mhpRp2,0.2,4,4,GGATACATGACATTACGTTC,0,2493648
mhpRp2,0.2,4,4,GGATACACCCGGATTGACAC,0,2500218
mhpRp2,0.2,4,4,GGATAAACTAACATCATTGT,0,2492907
mhpRp2,0.2,4,4,GGAGGGTTATGGGTAGTCGG,0,2494879
mhpRp2,0.2,4,4,GGAGGGCTTATGACCCAGAT,0,2509468
mhpRp2,0.2,4,4,GGAGGAGCCGTCTAGCACTA,0,2507113
mhpRp2,0.2,4,4,GGAGAGCGTATGATCCGGGT,0,2510873
mhpRp2,0.2,4,4,GGACTGGACGCGAAAGTTGG,0,2541947
mhpRp2,0.2,4,4,GGACGTTATCTATCGGGGAT,0,2490763
mhpRp2,0.2,4,4,GGACGATGTCATATGGTGCA,0,2510590
mhpRp2,0.2,4,4,GGACGATAGGGCAGCTGCAA,0,2505648
mhpRp2,0.2,4,4,GGACGAGGGCAGGTTACACC,0,2490532
mhpRp2,0.2,4,4,GGACCTTCCCGGGAATACCT,0,2505550
mhpRp2,0.2,4,4,GGACCGACAGTCCAGGCGAA,0,2517659
mhpRp2,0.2,4,4,GGACCAATCTCTCGAAGGCA,0,2483939
mhpRp2,0.2,4,4,GGACATGTTGCACTACAAAG,0,2545051
mhpRp2,0.2,4,4,GGAATTGACAGGGCAAGAAT,0,2532660
mhpRp2,0.2,4,4,GGAATTATCGGCACCTACAG,0,2504693
mhpRp2,0.2,4,4,GGAACTCACATGCATCTGAG,0,2510563
mhpRp2,0.2,4,4,GGAACGGACTCTAGAACCTT,0,2501713
mhpRp2,0.2,4,4,GGAACGATATCTCAATACCC,0,2510152
mhpRp2,0.2,4,4,GGAACAGGCATTTCTGGAGC,0,2535410
mhpRp2,0.2,4,4,GGAACAACCGACCCCGCTCT,0,2512046
mhpRp2,0.2,4,4,GGAAACGCACTCATTGTGAG,0,2480575
mhpRp2,0.2,4,4,GGAAAAGTACCTAGAAGAGG,0,2517932
mhpRp2,0.2,4,4,GCTTTCAATGGAATGCGTAG,0,2518743
mhpRp2,0.2,4,4,GCTTGGATGCGTAGCTCCTT,0,2505644
mhpRp2,0.2,4,4,GCTTGCATGGTTGCATTCAA,0,2536283
mhpRp2,0.2,4,4,GCTTCGTCTGAGAGGAAGCC,0,2500978
mhpRp2,0.2,4,4,GCTTAGTGTGGGCGTACACA,0,2532878
mhpRp2,0.2,4,4,GCTTAGGCGTTGCAGAGCGG,0,2495618
mhpRp2,0.2,4,4,GCTTACTGTATAAAAGATAC,0,2483021
mhpRp2,0.2,4,4,GCTTACCTCCGGCGCCAGGG,0,2480507
mhpRp2,0.2,4,4,GCTGTATGAGCCTCGTCCCG,0,2499866
mhpRp2,0.2,4,4,GCTGACCCTATGTGCCTGTG,0,2490011
mhpRp2,0.2,4,4,GCTCTCTCTTTGCAGGGAGA,0,2542934
mhpRp2,0.2,4,4,GCTCCGCGCCTCTCGGCGCC,0,2502421
mhpRp2,0.2,4,4,GCTCAGACCGTGGGAACGAC,0,2526979
mhpRp2,0.2,4,4,GCTAGTGTTGGGCGACGGAA,0,2499334
mhpRp2,0.2,4,4,GCGTTGGACTACATAACGGC,0,2518544
mhpRp2,0.2,4,4,GCGTTCAGTAGGATCACGCA,0,2506029
mhpRp2,0.2,4,4,GCGTGGTCTTAGAAATCCGG,0,2544856
mhpRp2,0.2,4,4,GCGTGACCGGCTTATAGGGA,0,2529444
mhpRp2,0.2,4,4,GCGTCTAATCTCCATATCGC,0,2536196
mhpRp2,0.2,4,4,GCGTCCAATCACGGTAAGCC,0,2519132
mhpRp2,0.2,4,4,GCGTCACGGCATGCTATCTT,0,2544854
mhpRp2,0.2,4,4,GCGTATCGCAGAAATCTGAC,0,2506818
mhpRp2,0.2,4,4,GCGTATAACCAGGGGGTCAG,0,2529363
mhpRp2,0.2,4,4,GCGTAGAGTACTTCAAACCC,0,2513575
mhpRp2,0.2,4,4,GCGGGGTTCACGGGAGATAT,0,2491135
mhpRp2,0.2,4,4,GCGGCACCCCCCACTAGCCC,0,2510030
mhpRp2,0.2,4,4,GCGCGGCGAAAATGAATGTC,0,2529700
mhpRp2,0.2,4,4,GCGCCGGCGGCCCGTCCTCT,0,2498775
mhpRp2,0.2,4,4,GCGCCCCCGCTGTCAGAGTC,0,2528494
mhpRp2,0.2,4,4,GCGCACCGTCGTATCCATAA,0,2545025
mhpRp2,0.2,4,4,GCGCAACCGCATGTCCCATC,0,2485825
mhpRp2,0.2,4,4,GCGATTGAATACCCAGCAGA,0,2490810
mhpRp2,0.2,4,4,GCGATACGGCAGGAACTAAG,0,2538049
mhpRp2,0.2,4,4,GCGAGTAGGACAGGGATCGG,0,2533793
mhpRp2,0.2,4,4,GCGAGTAATTAGCCACAGGT,0,2538575
mhpRp2,0.2,4,4,GCGAGGCATGGCGCACACCA,0,2541504
mhpRp2,0.2,4,4,GCGACGGTCTCACACGAACG,0,2529735
mhpRp2,0.2,4,4,GCGACCAGATTCGGCTATGC,0,2479837
mhpRp2,0.2,4,4,GCGAATCTTTCGGACAACCT,0,2541216
mhpRp2,0.2,4,4,GCCTTTGAAGGCAACGTTGT,0,2510928
mhpRp2,0.2,4,4,GCCTTGACACAAGGCACTGT,0,2504743
mhpRp2,0.2,4,4,GCCTTAGCAAGCAATGGCAT,0,2519899
mhpRp2,0.2,4,4,GCCTTACGGTTCACATACTG,0,2524801
mhpRp2,0.2,4,4,GCCTGTGTGGGCTCTGGTGT,0,2498930
mhpRp2,0.2,4,4,GCCTGTATTCCGGAGCCTGT,0,2527103
mhpRp2,0.2,4,4,GCCTCGGAGCCTGGAAGTAG,0,2521426
mhpRp2,0.2,4,4,GCCTACCTTTAAAAGCTTCG,0,2535218
mhpRp2,0.2,4,4,GCCGTGGCCAGCTCCCATCG,0,2504787
mhpRp2,0.2,4,4,GCCGTCGATCTGGCATTAGG,0,2526120
mhpRp2,0.2,4,4,GCCGCCCAGTGGGGGTTGCA,0,2491701
mhpRp2,0.2,4,4,GCCGCCCAGAACAGTGGCGC,0,2537097
mhpRp2,0.2,4,4,GCCGCAACTCGTTCGGTGAC,0,2502026
mhpRp2,0.2,4,4,GCCGATGTTTCCACATGCTT,0,2502633
mhpRp2,0.2,4,4,GCCGATGGTTACAAGACAAC,0,2505188
mhpRp2,0.2,4,4,GCCGACTGACCCGCTGAGTT,0,2537107
mhpRp2,0.2,4,4,GCCCTTTCATCGCCGAGACA,0,2481118
mhpRp2,0.2,4,4,GCCCTTTCAAAATCAGGACT,0,2513707
mhpRp2,0.2,4,4,GCCCGTGGCATTTAAGAGGA,0,2495075
mhpRp2,0.2,4,4,GCCCGAAATACTCCAATTAC,0,2527570
mhpRp2,0.2,4,4,GCCCCTCTCCTACCCGCGAA,0,2489616
mhpRp2,0.2,4,4,GCCCCGCCTATTGTCCTCGA,0,2482853
mhpRp2,0.2,4,4,GCCCCGAATTTGCTCGTCCA,0,2543857
mhpRp2,0.2,4,4,GCCCACTCACCAACAGGCAG,0,2491475
mhpRp2,0.2,4,4,GCCAGGCTCGTGTTTATCAA,0,2511644
mhpRp2,0.2,4,4,GCCACAAGCCTATCCCCCTA,0,2523884
mhpRp2,0.2,4,4,GCCAATTTTCCTTGCCCAGA,0,2535901
mhpRp2,0.2,4,4,GCATGGAGGATGACGTTGCG,0,2484259
mhpRp2,0.2,4,4,GCATCTTACCCACCCGCGCA,0,2513863
mhpRp2,0.2,4,4,GCATCTGGAGAGTACTCCTT,0,2539059
mhpRp2,0.2,4,4,GCATCTCCCCTGTTGTTCGT,0,2514641
mhpRp2,0.2,4,4,GCATCACAGGGAATGTGAAG,0,2510488
mhpRp2,0.2,4,4,GCATATCCGGAACGGCAAGC,0,2510716
mhpRp2,0.2,4,4,GCATACGCTTGTAATCCGAG,0,2484315
mhpRp2,0.2,4,4,GCAGTCTAGGACTAAAATGA,0,2518986
mhpRp2,0.2,4,4,GCAGGGATACCTACCCCATC,0,2502154
mhpRp2,0.2,4,4,GCAGCCATTGATCAAAGTCT,0,2529270
mhpRp2,0.2,4,4,GCAGATTTCGGCAAAGGCGA,0,2506655
mhpRp2,0.2,4,4,GCAGAGTTAGGCGATAGATA,0,2495252
mhpRp2,0.2,4,4,GCACTTAGTTCAAGCATCTA,0,2500014
mhpRp2,0.2,4,4,GCACTCCCAACTTCACTACG,0,2525127
mhpRp2,0.2,4,4,GCACTACGGGAGAAAAGGAG,0,2529248
mhpRp2,0.2,4,4,GCACGTTTTCCTCTTTGTCT,0,2528137
mhpRp2,0.2,4,4,GCACGCGGGGTCAAGTGTCG,0,2508394
mhpRp2,0.2,4,4,GCACCGGTAATTGCAAAACC,0,2509880
mhpRp2,0.2,4,4,GCACATGTTTGAATCAGGCT,0,2480633
mhpRp2,0.2,4,4,GCAACGGATTCCAAGTATAC,0,2485080
mhpRp2,0.2,4,4,GCAACCAAAACGGCAGGCGT,0,2520056
mhpRp2,0.2,4,4,GCAACATGCGTAATTATTAA,0,2522628
mhpRp2,0.2,4,4,GCAAATGACTCGGGAACGTC,0,2490155
mhpRp2,0.2,4,4,GCAAATCGATACTGTCTCTT,0,2504513
mhpRp2,0.2,4,4,GATTTGAAGAATGGGAGTTA,0,2499448
mhpRp2,0.2,4,4,GATTTCGTGGGTGAGGGCAT,0,2486437
mhpRp2,0.2,4,4,GATTGTCATTGAAATCTATA,0,2514595
mhpRp2,0.2,4,4,GATTGTATGGAAGATCAAAG,0,2527625
mhpRp2,0.2,4,4,GATTGGGGCTAAGGCGATAT,0,2500820
mhpRp2,0.2,4,4,GATTGAGACCCGGTTCAGGT,0,2495583
mhpRp2,0.2,4,4,GATTCTCCCGATGTAATATC,0,2542368
mhpRp2,0.2,4,4,GATTCCTGCGGGCAACGGCA,0,2528170
mhpRp2,0.2,4,4,GATTAATGGTCTATGAACCC,0,2518965
mhpRp2,0.2,4,4,GATTAAAGTACTTAAGGTCG,0,2515159
mhpRp2,0.2,4,4,GATGTTGCGCAAGGAATTCG,0,2522455
mhpRp2,0.2,4,4,GATGTTCGCAGCTCGAGGGA,0,2528473
mhpRp2,0.2,4,4,GATGTGTGCCACGTCTGTCC,0,2486113
mhpRp2,0.2,4,4,GATGGCGTAGGAAGGACAGT,0,2499980
mhpRp2,0.2,4,4,GATGCTGCTGCTATGCAAAG,0,2519494
mhpRp2,0.2,4,4,GATGCGATTGAGGAAGACTA,0,2498932
mhpRp2,0.2,4,4,GATGCACCCTAAATAACATT,0,2485772
mhpRp2,0.2,4,4,GATGATCGCGATTTTGCCTT,0,2544532
mhpRp2,0.2,4,4,GATGATCACTGGAGTTCATC,0,2510750
mhpRp2,0.2,4,4,GATGACTTCGTGGTTGCCCG,0,2530811
mhpRp2,0.2,4,4,GATGACTCCGTACCCAGGAT,0,2522912
mhpRp2,0.2,4,4,GATCTTTCAGTAATTGTTTG,0,2523669
mhpRp2,0.2,4,4,GATCCAAGCCCGGGCCTCGC,0,2540645
mhpRp2,0.2,4,4,GATCCAAGACTTCCCAGCGG,0,2482679
mhpRp2,0.2,4,4,GATCAAGCCTGAATATATCC,0,2483513
mhpRp2,0.2,4,4,GATATGCTTTTCCGGTAGGT,0,2532622
mhpRp2,0.2,4,4,GATAGCCAGTTCCCCAGCAT,0,2532279
mhpRp2,0.2,4,4,GATAGAGATGTCTTTACGAG,0,2508245
mhpRp2,0.2,4,4,GATACTCCTGCTAACATAGG,0,2487373
mhpRp2,0.2,4,4,GATACCTTCATGTCTGCTTG,0,2503053
mhpRp2,0.2,4,4,GATAATCACGCCCTCCCATG,0,2532819
mhpRp2,0.2,4,4,GATAAGTGGTGGCGACCTGT,0,2514693
mhpRp2,0.2,4,4,GAGTGCCAGTTTCCTGCTAG,0,2523816
mhpRp2,0.2,4,4,GAGTCGAGCCTACGTCGCGA,0,2506971
mhpRp2,0.2,4,4,GAGTCATTACCGCAACAGGG,0,2537295
mhpRp2,0.2,4,4,GAGTATGTTGGCCACGGGGG,0,2486150
mhpRp2,0.2,4,4,GAGTACGCACGAGCCCCTCC,0,2544493
mhpRp2,0.2,4,4,GAGGTCATAGACAGCACGGT,0,2534469
mhpRp2,0.2,4,4,GAGGGTAGGGATCACTTCAG,0,2486045
mhpRp2,0.2,4,4,GAGGGGCGTGGGCCGTAGCG,0,2489178
mhpRp2,0.2,4,4,GAGGGCGACCAAATCGGGGG,0,2545746
mhpRp2,0.2,4,4,GAGGGCAGATGGAAGACCAA,0,2530334
mhpRp2,0.2,4,4,GAGGCTTTCATACATGCTTC,0,2505582
mhpRp2,0.2,4,4,GAGGCTGTTTATGAGACCTT,0,2488828
mhpRp2,0.2,4,4,GAGGCCGAGTAGCTCGTACC,0,2535346
mhpRp2,0.2,4,4,GAGGAATTTCAAAAGCGGTT,0,2482059
mhpRp2,0.2,4,4,GAGCGGACTTTTGCAGCTGA,0,2544515
mhpRp2,0.2,4,4,GAGCCATTACTTTTGCTCTC,0,2512334
mhpRp2,0.2,4,4,GAGCAGTGACAGTTAACGAG,0,2522619
mhpRp2,0.2,4,4,GAGATTCATAATGTCTATTC,0,2532729
mhpRp2,0.2,4,4,GAGATGGATAGGAGAAACGC,0,2489179
mhpRp2,0.2,4,4,GAGATCTATCGCCCCGTCAT,0,2526958
mhpRp2,0.2,4,4,GAGACGTGGCTACTGTAAGT,0,2491352
mhpRp2,0.2,4,4,GAGACAACTTCCTACATGCT,0,2483300
mhpRp2,0.2,4,4,GAGAAGTGCTCGCTTGGGTG,0,2518490
mhpRp2,0.2,4,4,GAGAAAGCGTGAAACGTGGA,0,2519578
mhpRp2,0.2,4,4,GACTGTGGTGTTATACTGAC,0,2533672
mhpRp2,0.2,4,4,GACTGGTGTAAAACAAGGTG,0,2489658
mhpRp2,0.2,4,4,GACTGGGATGTAAGGTGAAT,0,2536124
mhpRp2,0.2,4,4,GACTGCCGGACCTTGTTAGA,0,2540927
mhpRp2,0.2,4,4,GACTCAGCGTAATACTGTGA,0,2514638
mhpRp2,0.2,4,4,GACTAGAACTCTATATTAGG,0,2505709
mhpRp2,0.2,4,4,GACTAAGCGCATTTGGTAAC,0,2501918
mhpRp2,0.2,4,4,GACGTCGAGTCATTGCGGGG,0,2497732
mhpRp2,0.2,4,4,GACGGTGCGGTGGGATATGG,0,2486696
mhpRp2,0.2,4,4,GACGGGCATAGCACTAACCA,0,2520763
mhpRp2,0.2,4,4,GACGCGAGTATGGGTGTATC,0,2531391
mhpRp2,0.2,4,4,GACGAGTGTAGCCTCAAATG,0,2479634
mhpRp2,0.2,4,4,GACGAGACCCGCAATGCGTG,0,2539607
mhpRp2,0.2,4,4,GACGACCCTTTTAGTATTCT,0,2519914
mhpRp2,0.2,4,4,GACGAACCCAGTGTTCCCAG,0,2500077
mhpRp2,0.2,4,4,GACCGTTTAGCGAAGACATA,0,2522159
mhpRp2,0.2,4,4,GACCGGATCAACTTTCGCTG,0,2538190
mhpRp2,0.2,4,4,GACCGCCTCGGAAGACCCTT,0,2509980
mhpRp2,0.2,4,4,GACCGAACCGCCCTAACCTT,0,2535668
mhpRp2,0.2,4,4,GACATTAGCCTATATAACGA,0,2493109
mhpRp2,0.2,4,4,GACATCGCGGAGATTCAGGT,0,2505486
mhpRp2,0.2,4,4,GACATCCAGAATAGAGCACA,0,2490647
mhpRp2,0.2,4,4,GACAGTTGCGGGCCAATAAA,0,2542241
mhpRp2,0.2,4,4,GACAGGGAGTCATGTATTAG,0,2502211
mhpRp2,0.2,4,4,GACAGCTTCCTTACCATTAC,0,2485765
mhpRp2,0.2,4,4,GACAGCGAGATTCTCCGGTG,0,2482340
mhpRp2,0.2,4,4,GACACTCACAGGAGGTCGGG,0,2499679
mhpRp2,0.2,4,4,GACACAAACCCATCGTAGTT,0,2489335
mhpRp2,0.2,4,4,GAATTGGCACCCGTTTTAGT,0,2530835
mhpRp2,0.2,4,4,GAATTCCTAGCATAGCTATT,0,2501845
mhpRp2,0.2,4,4,GAATGTCTCGCATCGGACTG,0,2528964
mhpRp2,0.2,4,4,GAATGGTAATTGTATGCGTA,0,2489759
mhpRp2,0.2,4,4,GAATGAACGTATCCATATGA,0,2491864
mhpRp2,0.2,4,4,GAAGGGTGAGCATCTGTGAT,0,2545455
mhpRp2,0.2,4,4,GAAGGCACTGGGTGACGTAC,0,2502517
mhpRp2,0.2,4,4,GAAGGATGCTGCCTTAAGCT,0,2503333
mhpRp2,0.2,4,4,GAAGACTTGGTGCATCTTGA,0,2520228
mhpRp2,0.2,4,4,GAACTTGCATGGATAGCTGT,0,2527749
mhpRp2,0.2,4,4,GAACACGAGCGACTCAAGCA,0,2489845
mhpRp2,0.2,4,4,GAACAAAGCCTTACTCATAA,0,2541217
mhpRp2,0.2,4,4,GAAACCACCCCAGCTTTCAT,0,2525475
mhpRp2,0.2,4,4,GAAACAGAGGCGAAGGTGGT,0,2529055
mhpRp2,0.2,4,4,GAAACAACCGTAGAAATGCT,0,2504871
mhpRp2,0.2,4,4,CTTTGGTTATGAGGGCCTTT,0,2509301
mhpRp2,0.2,4,4,CTTTCTCCATTCGAGGACCG,0,2487012
mhpRp2,0.2,4,4,CTTTATTTCCAAGTCCTTGG,0,2545359
mhpRp2,0.2,4,4,CTTTATTGCACGAATAGGCT,0,2522438
mhpRp2,0.2,4,4,CTTTAAACGAACTCATAGGG,0,2487311
mhpRp2,0.2,4,4,CTTGTTGCTGAAAAGCGTCA,0,2541402
mhpRp2,0.2,4,4,CTTGGCGCCCACAACCCGTG,0,2513605
mhpRp2,0.2,4,4,CTTGCTGGGCCAGAGTTTTT,0,2535462
mhpRp2,0.2,4,4,CTTGCGTCCGATAACAGATC,0,2486838
mhpRp2,0.2,4,4,CTTGCCGGAGCATTCAGTCG,0,2505555
mhpRp2,0.2,4,4,CTTGATGGGGTGGGAACGAT,0,2497462
mhpRp2,0.2,4,4,CTTGAGCGGGGCGCCCGGAA,0,2493179
mhpRp2,0.2,4,4,CTTGACAAATAGCCGTTCAT,0,2500489
mhpRp2,0.2,4,4,CTTCTTTCCAGGCGATTTTC,0,2502448
mhpRp2,0.2,4,4,CTTCTTAGTGCACGGAGTCA,0,2521697
mhpRp2,0.2,4,4,CTTCTATGGGCCAGCTTGGT,0,2496803
mhpRp2,0.2,4,4,CTTCGCAAAGCAGAGGGTCA,0,2513369
mhpRp2,0.2,4,4,CTTCGATGGAATGTAGAGGC,0,2529536
mhpRp2,0.2,4,4,CTTCGACGCACGCGCTTTAG,0,2508564
mhpRp2,0.2,4,4,CTTCCGTTGGTTCCAAGGTA,0,2494956
mhpRp2,0.2,4,4,CTTCAGTGAATCGCGAAACG,0,2505423
mhpRp2,0.2,4,4,CTTCACTAGGTATGATGATG,0,2511065
mhpRp2,0.2,4,4,CTTATTCGCTATCCCCTTCT,0,2522461
mhpRp2,0.2,4,4,CTTATGGCTCGCGAGGTTCT,0,2492062
mhpRp2,0.2,4,4,CTTATCGGGGGGCGCCAAAC,0,2487246
mhpRp2,0.2,4,4,CTTATAAAAAGGCTTCTTTC,0,2513061
mhpRp2,0.2,4,4,CTTAGTCAAGTAGTCTGTGT,0,2539753
mhpRp2,0.2,4,4,CTTAGACTGGTTATGGTGCC,0,2485661
mhpRp2,0.2,4,4,CTTACGGTTTCTCGCCTAAC,0,2522643
mhpRp2,0.2,4,4,CTTACCGACCGAGTATTCTA,0,2539816
mhpRp2,0.2,4,4,CTTAACGTGTGTGTGTTACA,0,2531656
mhpRp2,0.2,4,4,CTGTTCTGTTGCTAGCCCCT,0,2479968
mhpRp2,0.2,4,4,CTGTGTGCGTCGAACGGTAC,0,2543637
mhpRp2,0.2,4,4,CTGTGGTGCGCTCTTTCCAC,0,2536915
mhpRp2,0.2,4,4,CTGTGCCCTGGACTGACTGC,0,2498074
mhpRp2,0.2,4,4,CTGTCTGACCACAGATCCTA,0,2523287
mhpRp2,0.2,4,4,CTGTCACTAGGAATGATACT,0,2521871
mhpRp2,0.2,4,4,CTGTAGGAATAAGGATTTAG,0,2495549
mhpRp2,0.2,4,4,CTGTAGCAATATCGCAGGCC,0,2531889
mhpRp2,0.2,4,4,CTGTACTAAAGTGTATTGGC,0,2542819
mhpRp2,0.2,4,4,CTGTACCAACTGAAAGGAAG,0,2494078
mhpRp2,0.2,4,4,CTGGTCCTCAGGGTTAGCAT,0,2499821
mhpRp2,0.2,4,4,CTGGTAGGCTGGAATGATCA,0,2519829
mhpRp2,0.2,4,4,CTGGGGTGTTTGGTGTGATC,0,2515026
mhpRp2,0.2,4,4,CTGGCATAGTTAACAGTCAT,0,2510370
mhpRp2,0.2,4,4,CTGGATGCACTTCGCTACTA,0,2535359
mhpRp2,0.2,4,4,CTGCTCTCCATTCGACAGGT,0,2494315
mhpRp2,0.2,4,4,CTGCGGGTTATGCTGTTAAT,0,2545695
mhpRp2,0.2,4,4,CTGCGGAGAAATTCCGATCT,0,2530634
mhpRp2,0.2,4,4,CTGCGCTTTCACGCCGCTAC,0,2490488
mhpRp2,0.2,4,4,CTGCGACTGGAGATGCAACG,0,2508187
mhpRp2,0.2,4,4,CTGCCCACTATGGGACCCAG,0,2532975
mhpRp2,0.2,4,4,CTGCCACCTCGAACCCAAGC,0,2508871
mhpRp2,0.2,4,4,CTGCCACCAATCAGCTAATT,0,2481900
mhpRp2,0.2,4,4,CTGCACGTGCCCCCGACGCT,0,2536444
mhpRp2,0.2,4,4,CTGCACGAGAATTGTATTCT,0,2489896
mhpRp2,0.2,4,4,CTGCACAAAATTTGTTGGCG,0,2538064
mhpRp2,0.2,4,4,CTGCAATATGTAAAAATCAG,0,2540284
mhpRp2,0.2,4,4,CTGATGGTTTTAATCCTGTG,0,2502431
mhpRp2,0.2,4,4,CTGATGAGCGCGTTGGCAAA,0,2495047
mhpRp2,0.2,4,4,CTGATCTACGTCAAAGAATG,0,2507564
mhpRp2,0.2,4,4,CTGATCGAGAGTTTTTGTAC,0,2519707
mhpRp2,0.2,4,4,CTCTTGCTATGCCGCAATGA,0,2518788
mhpRp2,0.2,4,4,CTCTGAGTGGAAACGGGCGG,0,2523770
mhpRp2,0.2,4,4,CTCTGACAAGCCGGACAGCC,0,2484186
mhpRp2,0.2,4,4,CTCTAGGAGTACCAAACAAA,0,2534760
mhpRp2,0.2,4,4,CTCTAACTCGTCGCCTGGGT,0,2524171
mhpRp2,0.2,4,4,CTCGTCATAGCGTTTTTCGC,0,2490755
mhpRp2,0.2,4,4,CTCGGGGTAGAGTGCTTGGT,0,2497925
mhpRp2,0.2,4,4,CTCGGAGACAGTCAACGTAA,0,2518459
mhpRp2,0.2,4,4,CTCGCTGGGAGTTCAGATTT,0,2486047
mhpRp2,0.2,4,4,CTCGCACAGGAGCGGACACT,0,2480470
mhpRp2,0.2,4,4,CTCGATGATTAGATTGTGCC,0,2481035
mhpRp2,0.2,4,4,CTCGATCCTATATAGGTGGT,0,2514198
mhpRp2,0.2,4,4,CTCGAAGTTGAATTGCATGT,0,2538942
mhpRp2,0.2,4,4,CTCCGGCGGGTAGTGTGCCA,0,2495268
mhpRp2,0.2,4,4,CTCCGCCGTCCGCCGGTGTG,0,2519301
mhpRp2,0.2,4,4,CTCCGCACGCATGATTAGAC,0,2532961
mhpRp2,0.2,4,4,CTCCCAGTGGGGCCTAATTG,0,2479943
mhpRp2,0.2,4,4,CTCCAGGTAGTTTGGCATCA,0,2489481
mhpRp2,0.2,4,4,CTCCACGGCGCTACGGGTTA,0,2539114
mhpRp2,0.2,4,4,CTCCAAAGGCTTGCTAATTA,0,2507952
mhpRp2,0.2,4,4,CTCATGTTTCAAGTTTCTGA,0,2499771
mhpRp2,0.2,4,4,CTCATCCTGATTTTTCGAAC,0,2492314
mhpRp2,0.2,4,4,CTCATCATGTTTTCCGCTGT,0,2542910
mhpRp2,0.2,4,4,CTCATACGTTGGTGTTGTGT,0,2503943
mhpRp2,0.2,4,4,CTCAGGAGGTGCGTCTGCGT,0,2507713
mhpRp2,0.2,4,4,CTCACTAAACTTCGAAAGAT,0,2505491
mhpRp2,0.2,4,4,CTCACCGTGGATCCGAATCG,0,2503754
mhpRp2,0.2,4,4,CTCAATATGATTCACTGACA,0,2494384
mhpRp2,0.2,4,4,CTCAAGGGAAAAAGTTTCAC,0,2485272
mhpRp2,0.2,4,4,CTATTAAGGGTGACGAATGG,0,2485044
mhpRp2,0.2,4,4,CTATGAAGCCTTACGAAAAC,0,2486521
mhpRp2,0.2,4,4,CTATCCAGTAAGTGCAGTGT,0,2482034
mhpRp2,0.2,4,4,CTATCCAGGTCCAAGTAGAA,0,2528263
mhpRp2,0.2,4,4,CTATATTCCTGTCACTAGAG,0,2508748
mhpRp2,0.2,4,4,CTATATCTCAAAAGCGCCCT,0,2535201
mhpRp2,0.2,4,4,CTATATAGTCTCTGATTGTC,0,2507786
mhpRp2,0.2,4,4,CTAGTGATTGTCCATCTCCA,0,2543584
mhpRp2,0.2,4,4,CTAGGTCCTCCCTTAGGTGG,0,2523877
mhpRp2,0.2,4,4,CTAGGGTGCCCCGACAATCC,0,2542546
mhpRp2,0.2,4,4,CTAGGGGGACACCCACTAGC,0,2508160
mhpRp2,0.2,4,4,CTAGCCGATTGATCTTTACT,0,2521324
mhpRp2,0.2,4,4,CTACGCGCATTGCTAGGTTG,0,2525017
mhpRp2,0.2,4,4,CTACCATCGTTGGCAATTTA,0,2521366
mhpRp2,0.2,4,4,CTACCAGATGCCTCTGCTGG,0,2503574
mhpRp2,0.2,4,4,CTACAGTAGGTTCTCACGCG,0,2518629
mhpRp2,0.2,4,4,CTACAGCTCGTCCCCGGAGC,0,2527579
mhpRp2,0.2,4,4,CTAACCTCCGGTTCATGTTA,0,2535314
mhpRp2,0.2,4,4,CTAACATTCGCGGCTATGGG,0,2480363
mhpRp2,0.2,4,4,CGTTTGCGAAATACATTCCC,0,2520222
mhpRp2,0.2,4,4,CGTTTGCAAATGAAATTAGC,0,2487438
mhpRp2,0.2,4,4,CGTTTATGATAAAAATCTTC,0,2484972
mhpRp2,0.2,4,4,CGTTGTTGCCCCCCGTGGGA,0,2538668
mhpRp2,0.2,4,4,CGTTCGGTGAGTTCTCACTG,0,2496947
mhpRp2,0.2,4,4,CGTTCATTGTATTTAATACT,0,2544511
mhpRp2,0.2,4,4,CGTTCAGATTAGCACCACCC,0,2496755
mhpRp2,0.2,4,4,CGTTAAGACTGGTGCCCTGT,0,2518504
mhpRp2,0.2,4,4,CGTGTAGGGACACTCGTGCC,0,2510487
mhpRp2,0.2,4,4,CGTGGGGCTAAAGAGCGCTG,0,2479864
mhpRp2,0.2,4,4,CGTGCTTCTACTTTTAATAA,0,2490309
mhpRp2,0.2,4,4,CGTGACGTGCGATGTTCATC,0,2527431
mhpRp2,0.2,4,4,CGTCTTTGTTGCTCCGGGAC,0,2499035
mhpRp2,0.2,4,4,CGTCTCTCCCTAAGCCACCC,0,2502153
mhpRp2,0.2,4,4,CGTCGGTCTCATATGATCTG,0,2520853
mhpRp2,0.2,4,4,CGTCGCTGATCCATGGAGAA,0,2513764
mhpRp2,0.2,4,4,CGTCGCGTTTCACGATTAAT,0,2530568
mhpRp2,0.2,4,4,CGTCCTTGTACGTTCCCGTG,0,2517215
mhpRp2,0.2,4,4,CGTCATAAATCCAGTTGAGC,0,2526015
mhpRp2,0.2,4,4,CGTCAGGTCGCATGTGTTAC,0,2479574
mhpRp2,0.2,4,4,CGTCACGTATGAGCTGGAGG,0,2531533
mhpRp2,0.2,4,4,CGTATGACGCGGCATTGACC,0,2522727
mhpRp2,0.2,4,4,CGTATGACAGCGTTGAACAT,0,2491338
mhpRp2,0.2,4,4,CGTATCACGACGGGTGCAGT,0,2510106
mhpRp2,0.2,4,4,CGTATAAATCCGGGCGTTAC,0,2527916
mhpRp2,0.2,4,4,CGTAGTAGCTGGCAGACCAA,0,2543477
mhpRp2,0.2,4,4,CGTAGGGACCGGTGCCTTCG,0,2503979
mhpRp2,0.2,4,4,CGTACCCACCGAAGCCTCGA,0,2513446
mhpRp2,0.2,4,4,CGTAAGGTCTTTTCTCGTTT,0,2522406
mhpRp2,0.2,4,4,CGGTTTTAAAATGAAAAACT,0,2514967
mhpRp2,0.2,4,4,CGGTTTATGAACTATAATCA,0,2528889
mhpRp2,0.2,4,4,CGGTTGTGTAATTCTACGAA,0,2509603
mhpRp2,0.2,4,4,CGGTTCGCACAAGCACGTCT,0,2525481
mhpRp2,0.2,4,4,CGGTTACATTTGGAATGTCA,0,2539112
mhpRp2,0.2,4,4,CGGTCTATATACCTGATAAG,0,2527483
mhpRp2,0.2,4,4,CGGTCAGACCTGGACGGGTG,0,2536023
mhpRp2,0.2,4,4,CGGTATTGACTTATGCATGT,0,2534922
mhpRp2,0.2,4,4,CGGTACGAGAGGCCAGACAT,0,2484520
mhpRp2,0.2,4,4,CGGTACCCGTCGCAGTGTGT,0,2542010
mhpRp2,0.2,4,4,CGGGTGGTGACTGTGTCTCA,0,2526869
mhpRp2,0.2,4,4,CGGGTAACCATTGCTTGAGA,0,2545441
mhpRp2,0.2,4,4,CGGGGTTAATTTTTTTACTT,0,2498440
mhpRp2,0.2,4,4,CGGGGGCTAAACGGCTTCCA,0,2498871
mhpRp2,0.2,4,4,CGGGCCGTCATTACCACCCT,0,2520671
mhpRp2,0.2,4,4,CGGGCATGACCTCCCCACGC,0,2480787
mhpRp2,0.2,4,4,CGGGATTGGGGCTGATTTAT,0,2496444
mhpRp2,0.2,4,4,CGGCGTGCTTGAACGGATCG,0,2499675
mhpRp2,0.2,4,4,CGGCGGCTGACTCGTCACCG,0,2541400
mhpRp2,0.2,4,4,CGGCGGCTCTGCTGAAGACA,0,2520463
mhpRp2,0.2,4,4,CGGCGCTGGGGGTCACTCCC,0,2489474
mhpRp2,0.2,4,4,CGGCCTTCGTACGCGGAGTC,0,2480237
mhpRp2,0.2,4,4,CGGCCGTTGACGAATCAGCG,0,2535355
mhpRp2,0.2,4,4,CGGCCAATTGCCTAGGACTG,0,2499319
mhpRp2,0.2,4,4,CGGCATTTCCTGTTTAGGCC,0,2520277
mhpRp2,0.2,4,4,CGGCATCGTCAAAGACCGAC,0,2496785
mhpRp2,0.2,4,4,CGGCAATCGGCTGGTGTCGT,0,2531367
mhpRp2,0.2,4,4,CGGCAAGTGGTGACCAACGG,0,2517185
mhpRp2,0.2,4,4,CGGATCGCTCGTTACAGGAG,0,2534892
mhpRp2,0.2,4,4,CGGATATCCCGCGTCGGTAG,0,2522705
mhpRp2,0.2,4,4,CGGAGTGTGTTGCGAATCCC,0,2484233
mhpRp2,0.2,4,4,CGGAGTCTTGGTAGGCCACA,0,2495727
mhpRp2,0.2,4,4,CGGAGCAGTCTCTCGGGAGA,0,2499909
mhpRp2,0.2,4,4,CGGAGAATATCCGTCAATAG,0,2510805
mhpRp2,0.2,4,4,CGGACTCGACTTATGCAGGA,0,2504279
mhpRp2,0.2,4,4,CGCTTGGCTCCGCGCTTAAC,0,2513030
mhpRp2,0.2,4,4,CGCTTCAGGCTACTATGATA,0,2497675
mhpRp2,0.2,4,4,CGCTTATTTATCCTTAGTTC,0,2495802
mhpRp2,0.2,4,4,CGCTACTGGAAACATCGCGG,0,2531223
mhpRp2,0.2,4,4,CGCGTAGAAATTTGGTATCT,0,2545701
mhpRp2,0.2,4,4,CGCGGCTACTTCAGATAGAA,0,2512265
mhpRp2,0.2,4,4,CGCGCTTGACTAAGTCCTGT,0,2532285
mhpRp2,0.2,4,4,CGCGACGCCCCTGTTATACC,0,2501870
mhpRp2,0.2,4,4,CGCCTTGGGAAGTAGCCTCG,0,2519947
mhpRp2,0.2,4,4,CGCCTTCCGTGTTCATATAT,0,2542129
mhpRp2,0.2,4,4,CGCCTCTGGGTACATAAGTC,0,2531269
mhpRp2,0.2,4,4,CGCCTAGACGACAGTTCGTA,0,2519380
mhpRp2,0.2,4,4,CGCCCGCGATGAGATTTTCT,0,2480364
mhpRp2,0.2,4,4,CGCCAGGCCTGCGTTAGAAT,0,2502410
mhpRp2,0.2,4,4,CGCCACTCGCTGCCCCGCAA,0,2538520
mhpRp2,0.2,4,4,CGCATCTGTAGGATCGGTCT,0,2502522
mhpRp2,0.2,4,4,CGCATAAGCCTCAACGTCCG,0,2519713
mhpRp2,0.2,4,4,CGCAGTTAAAAATATGAACG,0,2528790
mhpRp2,0.2,4,4,CGCAGCGTTGGGAATCGGGT,0,2506383
mhpRp2,0.2,4,4,CGCAGAGGTGAACAAGAAAC,0,2535304
mhpRp2,0.2,4,4,CGCAGACTACCATCGCTAGA,0,2487266
mhpRp2,0.2,4,4,CGCACTTCAGAGACGATTTC,0,2518850
mhpRp2,0.2,4,4,CGCACGCCTCTACATCGTGG,0,2490264
mhpRp2,0.2,4,4,CGCACAACGCCTTGAAGTTA,0,2528264
mhpRp2,0.2,4,4,CGCAATCACTCGCCGCACCA,0,2496367
mhpRp2,0.2,4,4,CGCAAGCAGTAAAATGGAAC,0,2488919
mhpRp2,0.2,4,4,CGCAAGATGACGTTTAGAAT,0,2516779
mhpRp2,0.2,4,4,CGCAAAGTATCTGTGGTACA,0,2534719
mhpRp2,0.2,4,4,CGATTCCTCCGGCCACTACT,0,2541918
mhpRp2,0.2,4,4,CGATGTGGATACCAAAAATC,0,2508307
mhpRp2,0.2,4,4,CGATGTCCCTCTGGCACTCA,0,2504687
mhpRp2,0.2,4,4,CGATGCTAACTCCTAAAACA,0,2511628
mhpRp2,0.2,4,4,CGATGCGCAAAATGGAGACG,0,2507395
mhpRp2,0.2,4,4,CGATACGCGATTGGCTAAGC,0,2527280
mhpRp2,0.2,4,4,CGAGCTTTGAGGTCATTGCA,0,2499526
mhpRp2,0.2,4,4,CGAGCACGCAGAACACCGAG,0,2525214
mhpRp2,0.2,4,4,CGAGAGGCCGCAGACGGACC,0,2503783
mhpRp2,0.2,4,4,CGAGACTGCTGGGCCTACTC,0,2500521
mhpRp2,0.2,4,4,CGAGAATGTCTCCCCATTCT,0,2516055
mhpRp2,0.2,4,4,CGACTTTATATCGTAAACCT,0,2536451
mhpRp2,0.2,4,4,CGACGGAGTCGTCAGCTAGG,0,2521598
mhpRp2,0.2,4,4,CGACCGTATGTCTTCTAGTA,0,2522888
mhpRp2,0.2,4,4,CGAAGTCCGCGGCGTAGAAG,0,2505716
mhpRp2,0.2,4,4,CGAACAGTTCCGAGTACGTC,0,2510817
mhpRp2,0.2,4,4,CCTTTTGGCGGTAGCAGGTG,0,2512678
mhpRp2,0.2,4,4,CCTTGTCTCCTCTTAATAAT,0,2523009
mhpRp2,0.2,4,4,CCTTCCGGGTGTAGTTTGAA,0,2509835
mhpRp2,0.2,4,4,CCTTAAACCGATTATCTAGT,0,2520232
mhpRp2,0.2,4,4,CCTGTATGCCAACAATCACT,0,2525534
mhpRp2,0.2,4,4,CCTGGGCGGGCGAAATAGAG,0,2506026
mhpRp2,0.2,4,4,CCTGCCGTCGATAGCCCATA,0,2504251
mhpRp2,0.2,4,4,CCTCTCCGGTGTGGTTCCTC,0,2525298
mhpRp2,0.2,4,4,CCTCTATTCGTTCGAGTGGC,0,2542092
mhpRp2,0.2,4,4,CCTCGAGGTCCGCTGCACAT,0,2523031
mhpRp2,0.2,4,4,CCTCCCACGTGTGGCCTGTA,0,2538885
mhpRp2,0.2,4,4,CCTCCATGACTTTGAACAAA,0,2526817
mhpRp2,0.2,4,4,CCTCCAACATCGCTCGGAGC,0,2526021
mhpRp2,0.2,4,4,CCTCATCCATTACACATCTT,0,2514963
mhpRp2,0.2,4,4,CCTATTGTCTGTGGTCCATA,0,2491594
mhpRp2,0.2,4,4,CCTATTGAGGTTACGTAATG,0,2522376
mhpRp2,0.2,4,4,CCTATCGGGATCCCGCGCTG,0,2525981
mhpRp2,0.2,4,4,CCTATCGGAGCTCGAGTCTA,0,2507845
mhpRp2,0.2,4,4,CCTATACCCGAGGCCTAGTG,0,2526993
mhpRp2,0.2,4,4,CCTATAACCCTTCTGTTGCA,0,2529417
mhpRp2,0.2,4,4,CCTAGTGCTACGGCCGAGTA,0,2482131
mhpRp2,0.2,4,4,CCTAGATTTGGTAGGAAAAA,0,2541129
mhpRp2,0.2,4,4,CCTAGAGGTAACCACCCGAT,0,2505935
mhpRp2,0.2,4,4,CCTACTTCCTGGGGAGACTG,0,2496418
mhpRp2,0.2,4,4,CCTACTACTGACGTCATTCA,0,2492537
mhpRp2,0.2,4,4,CCTACCAGGGAAGAAAGCAA,0,2527434
mhpRp2,0.2,4,4,CCTAATGGCGTTTGCTCCCT,0,2484328
mhpRp2,0.2,4,4,CCTAAGGTTTTCTCAACCGA,0,2511383
mhpRp2,0.2,4,4,CCTAAGCGTGAATCTACGGA,0,2484775
mhpRp2,0.2,4,4,CCTAAACAACTACGATTAAC,0,2500644
mhpRp2,0.2,4,4,CCGTTTTCTATGCGGAGCCC,0,2489476
mhpRp2,0.2,4,4,CCGTTGTAAAAGACGCTTGA,0,2482409
mhpRp2,0.2,4,4,CCGTGGAGCGTATAAACACA,0,2543038
mhpRp2,0.2,4,4,CCGTGACCGTGCGTTTGAGC,0,2524918
mhpRp2,0.2,4,4,CCGTCGAGATTTTGTGGTTG,0,2538077
mhpRp2,0.2,4,4,CCGGTTCTCCCACATCCATG,0,2502498
mhpRp2,0.2,4,4,CCGGTTAATCGTCCCAGTTC,0,2532577
mhpRp2,0.2,4,4,CCGGGTGGACGTCTCATTTC,0,2520008
mhpRp2,0.2,4,4,CCGGGTCCACCCCATGTGGC,0,2533554
mhpRp2,0.2,4,4,CCGGGCCACATAAGTATGAA,0,2512389
mhpRp2,0.2,4,4,CCGGCGTTCTAACTCGTCGA,0,2515562
mhpRp2,0.2,4,4,CCGGATGCGCCGTGCTCATT,0,2509628
mhpRp2,0.2,4,4,CCGCTTAGCCACTGGGCATG,0,2487650
mhpRp2,0.2,4,4,CCGCTCTTCTGGCCGGACTC,0,2526454
mhpRp2,0.2,4,4,CCGCTCCGTCTCCCTTAGCG,0,2490437
mhpRp2,0.2,4,4,CCGCGTCCGCTCCGCATAAT,0,2544932
mhpRp2,0.2,4,4,CCGCGCCGCATATACTTGTC,0,2530833
mhpRp2,0.2,4,4,CCGCCGCGTGGTCTTAAAGT,0,2509151
mhpRp2,0.2,4,4,CCGCAGAGCGACCGTAAATC,0,2538605
mhpRp2,0.2,4,4,CCGCACAGATGGGGAGATAC,0,2493024
mhpRp2,0.2,4,4,CCGCAAATATAAAAAACGTG,0,2525704
mhpRp2,0.2,4,4,CCGATCTCGTAGCCGTCACT,0,2509725
mhpRp2,0.2,4,4,CCGAGCCGCGAAAGCCATTT,0,2480225
mhpRp2,0.2,4,4,CCGACTTGGTCCTACCCCTT,0,2508757
mhpRp2,0.2,4,4,CCGACTGATCAACGGGGGCT,0,2515754
mhpRp2,0.2,4,4,CCGACACATAGCCTCCTGCC,0,2539153
mhpRp2,0.2,4,4,CCGAAGAATCCCTCCAAATA,0,2530732
mhpRp2,0.2,4,4,CCGAAATGCGGTGGCTGACG,0,2513501
mhpRp2,0.2,4,4,CCCTTCCCTCTCTAGCTATG,0,2483905
mhpRp2,0.2,4,4,CCCTGCCCATTCTCAACTAT,0,2532319
mhpRp2,0.2,4,4,CCCTCTTAAGCACCCTCCTA,0,2504528
mhpRp2,0.2,4,4,CCCTCTCCAAGGGACTGCGA,0,2491726
mhpRp2,0.2,4,4,CCCTCGGGAAAACCAATCAA,0,2489345
mhpRp2,0.2,4,4,CCCTCATTGTGGCAAGTCAT,0,2520684
mhpRp2,0.2,4,4,CCCTATGGGTATATGTTGAG,0,2488834
mhpRp2,0.2,4,4,CCCTAGGTTTTGTTATAGCG,0,2540293
mhpRp2,0.2,4,4,CCCTACAACGAACACGTCTG,0,2535808
mhpRp2,0.2,4,4,CCCGTCGCCGCTGGTGACCG,0,2503572
mhpRp2,0.2,4,4,CCCGGGTTTGTAGGACGCAG,0,2543991
mhpRp2,0.2,4,4,CCCGGGAGCCACGCCGATTA,0,2500385
mhpRp2,0.2,4,4,CCCGGAGGTGGCACGTACGA,0,2494051
mhpRp2,0.2,4,4,CCCGATCCTTGTAAGTCCAT,0,2500595
mhpRp2,0.2,4,4,CCCGAGCCGACGTTGCCGAA,0,2484466
mhpRp2,0.2,4,4,CCCGAATCTAGGTTTTTGGC,0,2515654
mhpRp2,0.2,4,4,CCCGAACCCCAGCGTTGGGG,0,2544624
mhpRp2,0.2,4,4,CCCCTCCAGAGTTGGGCTTC,0,2523401
mhpRp2,0.2,4,4,CCCCGTCTCTTCAAGCAGAA,0,2527998
mhpRp2,0.2,4,4,CCCCGGATAAGGCTCAGTCA,0,2539523
mhpRp2,0.2,4,4,CCCCGCACTATGTGGGGGAT,0,2490267
mhpRp2,0.2,4,4,CCCCGATCCAAATATTGCCT,0,2545103
mhpRp2,0.2,4,4,CCCCGAGCTAGTTGTCAGAA,0,2536784
mhpRp2,0.2,4,4,CCCCCACATATTCGCGGACT,0,2487642
mhpRp2,0.2,4,4,CCCCCAACTAAGGAGTTTGT,0,2506647
mhpRp2,0.2,4,4,CCCCAGTGTCGTTTCCTTGC,0,2542432
mhpRp2,0.2,4,4,CCCCAGTCGTCAGACGGAAC,0,2534705
mhpRp2,0.2,4,4,CCCCAATGGACGAGCGTAGG,0,2509210
mhpRp2,0.2,4,4,CCCCAACGCATTCGTTACGT,0,2534404
mhpRp2,0.2,4,4,CCCATGTTCGTGCTGTTGCA,0,2524178
mhpRp2,0.2,4,4,CCCATCATGAGATAGAGAGC,0,2479566
mhpRp2,0.2,4,4,CCCATATCCTACTAGCTTGG,0,2542176
mhpRp2,0.2,4,4,CCCAGTAAGGTCTAGGGGGG,0,2520348
mhpRp2,0.2,4,4,CCCAGGTTATAAATGAGGAG,0,2485505
mhpRp2,0.2,4,4,CCCAGGGGTCTGAAAGAGGA,0,2494747
mhpRp2,0.2,4,4,CCCAAGTCACTATTACTCTC,0,2543680
mhpRp2,0.2,4,4,CCATTGCCCGTGGGCTAGTG,0,2499410
mhpRp2,0.2,4,4,CCATTCTAAGAATGCAACAA,0,2532534
mhpRp2,0.2,4,4,CCATTCCGAGCAGGTATAAA,0,2512427
mhpRp2,0.2,4,4,CCATCCAGCCATACATGGCA,0,2481741
mhpRp2,0.2,4,4,CCATCATCGAGTCGTATTAG,0,2479819
mhpRp2,0.2,4,4,CCATCAGGGAACGCACATAT,0,2519282
mhpRp2,0.2,4,4,CCATATTCGCATGCATACAC,0,2480415
mhpRp2,0.2,4,4,CCATAGGAGGGCTATACAGA,0,2524922
mhpRp2,0.2,4,4,CCAGTCATTCCTTCAGTGCC,0,2510512
mhpRp2,0.2,4,4,CCAGTAACTGGTATGGCTGA,0,2515004
mhpRp2,0.2,4,4,CCAGTAAACGCTATGATTTC,0,2494449
mhpRp2,0.2,4,4,CCAGGGGCTCTTACCGCTGA,0,2512803
mhpRp2,0.2,4,4,CCAGGATAGCAGTGCTTTGT,0,2497775
mhpRp2,0.2,4,4,CCAGCCTTTTTTCGTATGGC,0,2523701
mhpRp2,0.2,4,4,CCAGCCATCACTCCTGCTGG,0,2494095
mhpRp2,0.2,4,4,CCAGCACTCTCGGACATGCA,0,2507452
mhpRp2,0.2,4,4,CCAGCAACGGGTATGGTCTG,0,2519232
mhpRp2,0.2,4,4,CCAGATTGGGAGTTCCCTGA,0,2532056
mhpRp2,0.2,4,4,CCAGATGGCTGCGGATGTAG,0,2528034
mhpRp2,0.2,4,4,CCAGATCACCCTTCGATAAT,0,2491132
mhpRp2,0.2,4,4,CCACTGTTTTGCCAACGGTT,0,2539806
mhpRp2,0.2,4,4,CCACTGGTCATAAGGTTTAA,0,2538443
mhpRp2,0.2,4,4,CCACTGGCAGATTCACGTCT,0,2508257
mhpRp2,0.2,4,4,CCACTGCCTCCAAAAGCTTG,0,2491330
mhpRp2,0.2,4,4,CCACTATTGCGGGTCTATAG,0,2480918
mhpRp2,0.2,4,4,CCACGTGCACCCTGGGGTAC,0,2519698
mhpRp2,0.2,4,4,CCACACTCTATGACGCATAA,0,2512922
mhpRp2,0.2,4,4,CCACAACATCGGCAGCTACG,0,2510358
mhpRp2,0.2,4,4,CCAACGAATCTTCACGTGAA,0,2519412
mhpRp2,0.2,4,4,CCAACAACTTTGTAGCACCT,0,2490824
mhpRp2,0.2,4,4,CATTTTTACGTTTGGGGCCG,0,2515099
mhpRp2,0.2,4,4,CATTTATACGGTTGCCATGG,0,2482850
mhpRp2,0.2,4,4,CATTTAGGAATCAAGCGCGA,0,2529266
mhpRp2,0.2,4,4,CATTGTTTTTGTTAGCAAAT,0,2543437
mhpRp2,0.2,4,4,CATTGGGCCAGCGTCGTCGG,0,2527520
mhpRp2,0.2,4,4,CATTGGCATCCTCGTGGTTC,0,2511160
mhpRp2,0.2,4,4,CATTGCCCTAGATCACCCCT,0,2493572
mhpRp2,0.2,4,4,CATTCTCACATATCCGGAAA,0,2529829
mhpRp2,0.2,4,4,CATTCCACCTGAGGCACGGT,0,2495455
mhpRp2,0.2,4,4,CATGTTGTTACCCCATTGTG,0,2525487
mhpRp2,0.2,4,4,CATGGGATTTTGATACACAG,0,2527528
mhpRp2,0.2,4,4,CATGGAGAAATCGCACACCT,0,2536820
mhpRp2,0.2,4,4,CATGGACTCTACGGCACAGC,0,2510998
mhpRp2,0.2,4,4,CATGGACCCGCCAGGATCAC,0,2479585
mhpRp2,0.2,4,4,CATGCGAGTAAGGGGAAAAG,0,2502842
mhpRp2,0.2,4,4,CATGATGTTTTCAGCACATA,0,2533193
mhpRp2,0.2,4,4,CATGAACAAACTTGTAAATG,0,2541894
mhpRp2,0.2,4,4,CATCTTCTTCGTTGAGAACC,0,2492867
mhpRp2,0.2,4,4,CATCTGTTAGCACACATGAA,0,2499707
mhpRp2,0.2,4,4,CATCGTTATATAAAATACCT,0,2542728
mhpRp2,0.2,4,4,CATCGTGTTGCAGGAGAAGG,0,2520475
mhpRp2,0.2,4,4,CATCGTGTTCTGAGTTTCCT,0,2541896
mhpRp2,0.2,4,4,CATCGCCGACCAGCTACGTC,0,2518121
mhpRp2,0.2,4,4,CATCCGTCGATGGTTATTAC,0,2545544
mhpRp2,0.2,4,4,CATCCCACGGCCATCTCCCC,0,2528559
mhpRp2,0.2,4,4,CATCCACTTAAGGTCTGGAT,0,2537469
mhpRp2,0.2,4,4,CATAGGTGGCTCCCCAGGGT,0,2495250
mhpRp2,0.2,4,4,CATAGGGGCTTCATTGGAAA,0,2517131
mhpRp2,0.2,4,4,CATAGATTTCACCATCGTCA,0,2505775
mhpRp2,0.2,4,4,CATACTGATCGTACTGAGCA,0,2492467
mhpRp2,0.2,4,4,CATACCCCTAAGCGTGTGAC,0,2536827
mhpRp2,0.2,4,4,CATACACGCAAAGATCTATT,0,2482097
mhpRp2,0.2,4,4,CAGTTGATTGTGTTTGGAGT,0,2486493
mhpRp2,0.2,4,4,CAGTTCTAGGTCGACTGCTC,0,2503045
mhpRp2,0.2,4,4,CAGTTCGAATATCGTCCTAA,0,2513671
mhpRp2,0.2,4,4,CAGTGTGAGCACTCTTCATG,0,2524452
mhpRp2,0.2,4,4,CAGTGGGTGTCCGCGCGTGG,0,2518047
mhpRp2,0.2,4,4,CAGTGGGTACCACTGTACAT,0,2517372
mhpRp2,0.2,4,4,CAGTCTGCGCCAGGTTCTGC,0,2527281
mhpRp2,0.2,4,4,CAGTCCACAATGGGGTAAAG,0,2505140
mhpRp2,0.2,4,4,CAGTATCCAGCGGACGCTAG,0,2524808
mhpRp2,0.2,4,4,CAGGGTGATAGAGGCCTCCC,0,2485329
mhpRp2,0.2,4,4,CAGGGCGCAAATCACAATTG,0,2541571
mhpRp2,0.2,4,4,CAGGGATTAATGGAGGCTAC,0,2506719
mhpRp2,0.2,4,4,CAGGGAGTCGCCTGTGCACC,0,2492408
mhpRp2,0.2,4,4,CAGGCTCATGCCAGATGTTG,0,2510581
mhpRp2,0.2,4,4,CAGGATGCTAAGGGGTCGTG,0,2502613
mhpRp2,0.2,4,4,CAGGAGTCGCGACCGTGTGA,0,2491766
mhpRp2,0.2,4,4,CAGGAACCCGGGTAATAGGT,0,2484823
mhpRp2,0.2,4,4,CAGCTACTCTCAGGACGGGC,0,2497374
mhpRp2,0.2,4,4,CAGCCGAACTCTAAACAAGT,0,2523427
mhpRp2,0.2,4,4,CAGATCATGGACAACACGAC,0,2512155
mhpRp2,0.2,4,4,CAGAGCGGAAGCTCCGGCAC,0,2494599
mhpRp2,0.2,4,4,CAGACTTCGGAAGTGGATCT,0,2536624
mhpRp2,0.2,4,4,CAGAAAGGTAAAGCAGGATA,0,2502392
mhpRp2,0.2,4,4,CACTACTTATGGACTTCACA,0,2517564
mhpRp2,0.2,4,4,CACTACAGGACCAAGTACGC,0,2520835
mhpRp2,0.2,4,4,CACGTTGCAACGGCGCGCTA,0,2521700
mhpRp2,0.2,4,4,CACGTTGAACTTAGGTCGTT,0,2488845
mhpRp2,0.2,4,4,CACGTGTCGTTGAGAGGGTA,0,2538320
mhpRp2,0.2,4,4,CACGTGTACGGAGGTTCTTG,0,2504792
mhpRp2,0.2,4,4,CACGTGATTAGCTCACGCCC,0,2496108
mhpRp2,0.2,4,4,CACGGCTCAGCTATTCCCGT,0,2491030
mhpRp2,0.2,4,4,CACGGCCTTGCACCAACCAC,0,2522526
mhpRp2,0.2,4,4,CACGGAGGTCGGTACGACAT,0,2525220
mhpRp2,0.2,4,4,CACGGAGGAGCTACACTGAG,0,2481791
mhpRp2,0.2,4,4,CACGGAAGTCTCCTTCAGCT,0,2525242
mhpRp2,0.2,4,4,CACGCTCGTTAAGTGAGAAA,0,2505110
mhpRp2,0.2,4,4,CACGCGCCAGTTGTGGCCTA,0,2511950
mhpRp2,0.2,4,4,CACGCCTCTGATGGGAAAAT,0,2499186
mhpRp2,0.2,4,4,CACCGGTACGAAATGCCCCT,0,2513815
mhpRp2,0.2,4,4,CACCGGCTGTAAGTGAACCC,0,2500932
mhpRp2,0.2,4,4,CACCCAAGGTGTGCACGGAA,0,2508912
mhpRp2,0.2,4,4,CACCCAAGGATTGATAGGAA,0,2520954
mhpRp2,0.2,4,4,CACCCAAAACAGCGGAATGT,0,2480590
mhpRp2,0.2,4,4,CACCATCAATGTGAACGCGG,0,2494178
mhpRp2,0.2,4,4,CACCACGCCTAATGAAGTGA,0,2484048
mhpRp2,0.2,4,4,CACCAACCCCGGCTACCAAC,0,2528443
mhpRp2,0.2,4,4,CACATGGTATAGGATGCTTT,0,2533853
mhpRp2,0.2,4,4,CACAGATACCACCGCCCATG,0,2540817
mhpRp2,0.2,4,4,CACAGACGAATGATGACTTA,0,2529514
mhpRp2,0.2,4,4,CACAATAATCGTATTCGCCC,0,2506978
mhpRp2,0.2,4,4,CACAACGGAAGAAAAGGTGG,0,2488031
mhpRp2,0.2,4,4,CACAACAGATTCCCGCATCG,0,2497098
mhpRp2,0.2,4,4,CAATTAATACCGCTGTGATT,0,2490932
mhpRp2,0.2,4,4,CAATACGTATATGCTAGTTA,0,2520484
mhpRp2,0.2,4,4,CAAGTTTACGTAGCTTCTGT,0,2531083
mhpRp2,0.2,4,4,CAAGTTGCAAGATGCTCGTT,0,2521951
mhpRp2,0.2,4,4,CAAGGGTGAAGACTTATCTT,0,2506752
mhpRp2,0.2,4,4,CAAGCTAACTGAGGTCCCGA,0,2520183
mhpRp2,0.2,4,4,CAAGCGGCAGTCCGGATAGA,0,2519794
mhpRp2,0.2,4,4,CAAGAGGTAGGAGGGGTATG,0,2486654
mhpRp2,0.2,4,4,CAAGAGCAAGTTCACACGTC,0,2520713
mhpRp2,0.2,4,4,CAAGACTGGTTCAATTGCGC,0,2512955
mhpRp2,0.2,4,4,CAAGAAGCGTTGACTGAGGC,0,2517908
mhpRp2,0.2,4,4,CAAGAAGACTAGGGGCTTAA,0,2496636
mhpRp2,0.2,4,4,CAACTCTCGGAGGTATCAGT,0,2503892
mhpRp2,0.2,4,4,CAACGGATGATCGCGTCTTT,0,2496629
mhpRp2,0.2,4,4,CAACGACTCTTCCGTCATAG,0,2543148
mhpRp2,0.2,4,4,CAACCGCTGAGGGAAGCGGT,0,2514592
mhpRp2,0.2,4,4,CAACCCCACATCCAGTCGGT,0,2522136
mhpRp2,0.2,4,4,CAACACTCAATGTTCGGTCT,0,2484926
mhpRp2,0.2,4,4,CAAAGATACGCCCCATTCAT,0,2519224
mhpRp2,0.2,4,4,ATTTTTGCGTCATGCCTTTC,0,2507414
mhpRp2,0.2,4,4,ATTTTGTTGCTTATTTAGTG,0,2498391
mhpRp2,0.2,4,4,ATTTTGCCAGGCGTATGCTG,0,2526075
mhpRp2,0.2,4,4,ATTTTGAGCCAAAGGTGAAA,0,2543484
mhpRp2,0.2,4,4,ATTTATTGCAAAGAACCACT,0,2497926
mhpRp2,0.2,4,4,ATTTATGTAGCTAAAAGGTA,0,2507855
mhpRp2,0.2,4,4,ATTTAGTACGACCGGCGGGC,0,2544020
mhpRp2,0.2,4,4,ATTTACATGGAGTAAGCTAA,0,2525121
mhpRp2,0.2,4,4,ATTGGTGAGAAAAGGTGTGG,0,2541090
mhpRp2,0.2,4,4,ATTGGAGCCAGCTCCAATTG,0,2509796
mhpRp2,0.2,4,4,ATTGCCGCGATGTCAAACAG,0,2528658
mhpRp2,0.2,4,4,ATTGAGGGGGAACTCCAACT,0,2541555
mhpRp2,0.2,4,4,ATTGAGATAGCGTGTCCTCC,0,2490492
mhpRp2,0.2,4,4,ATTGAAAGCTACCTACCCTC,0,2512752
mhpRp2,0.2,4,4,ATTCTCTCGTCGCTGTTCGT,0,2535195
mhpRp2,0.2,4,4,ATTCTCCGCAAGATTAGGTG,0,2483208
mhpRp2,0.2,4,4,ATTCGAAGATATGGGCAAGA,0,2508837
mhpRp2,0.2,4,4,ATTCCTGAATCGCCTGAATA,0,2533485
mhpRp2,0.2,4,4,ATTCCTACGACCGATACGGT,0,2508417
mhpRp2,0.2,4,4,ATTCCCACCGAGTGACGGGA,0,2490170
mhpRp2,0.2,4,4,ATTCAACGGCAGGTGAATGG,0,2494457
mhpRp2,0.2,4,4,ATTAGGGCAAACCTGTTCTC,0,2544613
mhpRp2,0.2,4,4,ATTAGACTGGGGTATTAATC,0,2488250
mhpRp2,0.2,4,4,ATTAATTTGACGGGGGGTGG,0,2511291
mhpRp2,0.2,4,4,ATTAAGTCATACAACTCGAT,0,2493649
mhpRp2,0.2,4,4,ATTAAGCCATTAACTATATG,0,2518656
mhpRp2,0.2,4,4,ATGTTGCCAGGTTCAATTCT,0,2535179
mhpRp2,0.2,4,4,ATGTGTTAAATCCATCGGAT,0,2490001
mhpRp2,0.2,4,4,ATGTGTGGATAAAATGAACA,0,2542879
mhpRp2,0.2,4,4,ATGTGGCCGGCAGGGGACAA,0,2536663
mhpRp2,0.2,4,4,ATGTCCATCCCAAGAACATA,0,2486891
mhpRp2,0.2,4,4,ATGTAGCTGTCGTGCAGGAA,0,2543841
mhpRp2,0.2,4,4,ATGGTACCTGAACTACGCAA,0,2520208
mhpRp2,0.2,4,4,ATGGGAGGTTGCAGTTAGCT,0,2481129
mhpRp2,0.2,4,4,ATGGCCGTGACGCCTCAGGT,0,2512245
mhpRp2,0.2,4,4,ATGGCCCTTTGCTTGTTTAT,0,2515249
mhpRp2,0.2,4,4,ATGGCCCAGGACCCGGACCT,0,2482075
mhpRp2,0.2,4,4,ATGCGGCGCTAGATATACGG,0,2519712
mhpRp2,0.2,4,4,ATGCCCAGTCATCGTGCGTG,0,2510112
mhpRp2,0.2,4,4,ATGCCCACATTTATTGGTAT,0,2491019
mhpRp2,0.2,4,4,ATGCCAAGGTCGCGCGGTAT,0,2498985
mhpRp2,0.2,4,4,ATGCATACCAACGAGACTGC,0,2522693
mhpRp2,0.2,4,4,ATGCAGCACCATCTTATAAA,0,2538419
mhpRp2,0.2,4,4,ATGATATTACATGAGTTGTG,0,2544799
mhpRp2,0.2,4,4,ATGAGGCCTCACAGGCGATA,0,2543687
mhpRp2,0.2,4,4,ATGAGAGATCCTTTATCGGT,0,2490337
mhpRp2,0.2,4,4,ATGACTTCATTAGGTTAGGG,0,2539178
mhpRp2,0.2,4,4,ATGACTCAGATCCCGTCTAT,0,2492790
mhpRp2,0.2,4,4,ATGACTATTATGGTAACGAG,0,2481942
mhpRp2,0.2,4,4,ATGACCTAAGTGGCTGCAGG,0,2508906
mhpRp2,0.2,4,4,ATGACATAAAATGCATCATG,0,2522360
mhpRp2,0.2,4,4,ATGAAACGCCTGTCGATTCC,0,2533860
mhpRp2,0.2,4,4,ATCTGGCGCGGACGCGCTCT,0,2480679
mhpRp2,0.2,4,4,ATCTCTGGCAATTCGTAGAA,0,2491532
mhpRp2,0.2,4,4,ATCGTGACTGAGGGAGCGAA,0,2538837
mhpRp2,0.2,4,4,ATCGCATGGGATACTTTCTA,0,2494143
mhpRp2,0.2,4,4,ATCGACTCTTTTTACGTTCT,0,2497513
mhpRp2,0.2,4,4,ATCCTCAGCAACTTGAATAT,0,2491621
mhpRp2,0.2,4,4,ATCCTACAAATTCCGGCCGG,0,2538610
mhpRp2,0.2,4,4,ATCCGGTTCCGTAAGATCAT,0,2544690
mhpRp2,0.2,4,4,ATCCCGGAAGTACCATTCGG,0,2520402
mhpRp2,0.2,4,4,ATCCCGCTGGGCTAATCTGG,0,2481542
mhpRp2,0.2,4,4,ATCCAGAGGATGTGGTGTGG,0,2486027
mhpRp2,0.2,4,4,ATCCACCTTTGGAGGTACAA,0,2531416
mhpRp2,0.2,4,4,ATCATCATCCTAGATTCAGC,0,2522367
mhpRp2,0.2,4,4,ATCATAGGCTCTCGTGAAGC,0,2514554
mhpRp2,0.2,4,4,ATCAGGCAACGGGTAGTGTC,0,2504138
mhpRp2,0.2,4,4,ATCAGCTTTAAGGGCTCCGT,0,2509368
mhpRp2,0.2,4,4,ATCACCGCGCGATGACTAGA,0,2515300
mhpRp2,0.2,4,4,ATCAAAATTCAACTGAATAT,0,2507485
mhpRp2,0.2,4,4,ATATTGTACACTTTAGTGAA,0,2489225
mhpRp2,0.2,4,4,ATATGTGGATCATAGTTAAC,0,2518308
mhpRp2,0.2,4,4,ATATGTCTCCAAGTCTAAAG,0,2541697
mhpRp2,0.2,4,4,ATATGCGAGTGCATAACTCG,0,2529487
mhpRp2,0.2,4,4,ATAGTGTGCATGGCATTGTG,0,2491557
mhpRp2,0.2,4,4,ATAGGTGGTGCTTAGACAGA,0,2530824
mhpRp2,0.2,4,4,ATAGGGTAATTGTCCCTAGC,0,2521509
mhpRp2,0.2,4,4,ATAGCCATCATTTTCAGGAT,0,2506669
mhpRp2,0.2,4,4,ATAGATCATGTTGACCGTTG,0,2522580
mhpRp2,0.2,4,4,ATAGACTGTTAGTGGAGACA,0,2504427
mhpRp2,0.2,4,4,ATAGACATTCTAAGGCTTAC,0,2484670
mhpRp2,0.2,4,4,ATAGAAGTATACTTGTATGT,0,2534975
mhpRp2,0.2,4,4,ATACTGTTCGTCCTGATCGG,0,2510809
mhpRp2,0.2,4,4,ATACGGAAAGGAATAGAAAA,0,2515668
mhpRp2,0.2,4,4,ATACAGGCAACCAGTGGACC,0,2520450
mhpRp2,0.2,4,4,ATACAGGAGCGGAGCGTAAG,0,2514663
mhpRp2,0.2,4,4,ATACAAAAGAATACCACGGC,0,2530270
mhpRp2,0.2,4,4,ATAATTTCGGGAACGCAGTC,0,2495587
mhpRp2,0.2,4,4,ATAAGTTTATGGCGACCCAC,0,2535567
mhpRp2,0.2,4,4,ATAAGCGACGGGCGGGTATA,0,2505543
mhpRp2,0.2,4,4,ATAAATTGCTGTTGGCTAAA,0,2518350
mhpRp2,0.2,4,4,AGTTTTTAGAAGGTTATTTT,0,2499552
mhpRp2,0.2,4,4,AGTTTCCAGTCCGCGTATGG,0,2480309
mhpRp2,0.2,4,4,AGTTGTGCCGATATCTCTCG,0,2482551
mhpRp2,0.2,4,4,AGTTGTCTTGTTAGAAAGGT,0,2500134
mhpRp2,0.2,4,4,AGTTCAGCATAATTTTCTTT,0,2539615
mhpRp2,0.2,4,4,AGTGTGCACGCTGAACTTAT,0,2525899
mhpRp2,0.2,4,4,AGTGTCCATTGAGTCGAATC,0,2489907
mhpRp2,0.2,4,4,AGTGTCACCTGATATTATAT,0,2536647
mhpRp2,0.2,4,4,AGTGTATACGATTAGGATAG,0,2524744
mhpRp2,0.2,4,4,AGTGGTATATAACCGTGTAG,0,2494484
mhpRp2,0.2,4,4,AGTGGGTTGGGAGGCCGTCC,0,2491362
mhpRp2,0.2,4,4,AGTGGGATTATTTGCCCTAA,0,2508449
mhpRp2,0.2,4,4,AGTGGAGACTGCCTAGCTAA,0,2500367
mhpRp2,0.2,4,4,AGTGGAATTTCCGTCTCCGG,0,2497091
mhpRp2,0.2,4,4,AGTGCTAACCCAATACCCGC,0,2518078
mhpRp2,0.2,4,4,AGTGAGCGCGGCTTGTCTCT,0,2518587
mhpRp2,0.2,4,4,AGTCTGCAATAGAGCCTCGA,0,2483638
mhpRp2,0.2,4,4,AGTCGGGAAAAACCTCGACA,0,2530561
mhpRp2,0.2,4,4,AGTCGGCCCCGGATCACGCC,0,2539529
mhpRp2,0.2,4,4,AGTCCGAGGGTCATATTGGT,0,2508958
mhpRp2,0.2,4,4,AGTCCCAATTTCATCACGGT,0,2543579
mhpRp2,0.2,4,4,AGTCAGCTAGTTAGGGTTGG,0,2500231
mhpRp2,0.2,4,4,AGTCACGGAGGTAAAATCCC,0,2545378
mhpRp2,0.2,4,4,AGTATAAGGTAGTTACCAGT,0,2507868
mhpRp2,0.2,4,4,AGTAAGTCCATCAAGTCTCC,0,2494443
mhpRp2,0.2,4,4,AGTAAATCTAAAAAAAGGTC,0,2485253
mhpRp2,0.2,4,4,AGTAAAATGATTTCACCAAG,0,2506638
mhpRp2,0.2,4,4,AGGTTTGTTGTGCCATCTTT,0,2537028
mhpRp2,0.2,4,4,AGGTGTAGAGTAGGACCTAC,0,2487439
mhpRp2,0.2,4,4,AGGTGCGGCGGTTTAATCGG,0,2514837
mhpRp2,0.2,4,4,AGGTCGTAAGGTGCGGCAAT,0,2540581
mhpRp2,0.2,4,4,AGGTATCGCGGGGACTGTCA,0,2492147
mhpRp2,0.2,4,4,AGGTATCCGGTGGTCCCTCT,0,2533053
mhpRp2,0.2,4,4,AGGTAATGACACTTTGGTTG,0,2523713
mhpRp2,0.2,4,4,AGGTAACAGTGCCATCGCAG,0,2483575
mhpRp2,0.2,4,4,AGGGTGTTTTTCACGGCAGC,0,2536623
mhpRp2,0.2,4,4,AGGGTGCGGCTTCCAAACGT,0,2534997
mhpRp2,0.2,4,4,AGGGTGCAAGACGGGGGATT,0,2484284
mhpRp2,0.2,4,4,AGGGGGGACAGTCTTGATTC,0,2508863
mhpRp2,0.2,4,4,AGGGGATTGGTATTACTAGA,0,2489752
mhpRp2,0.2,4,4,AGGGGAATGATTGGAAAAAT,0,2529178
mhpRp2,0.2,4,4,AGGGCTGACCCAGAAATCCA,0,2514325
mhpRp2,0.2,4,4,AGGGCACCAGTAAAAGAAAG,0,2493979
mhpRp2,0.2,4,4,AGGCTTATAGACTACGAGGA,0,2514248
mhpRp2,0.2,4,4,AGGCGCCGTATAGGATTACC,0,2527624
mhpRp2,0.2,4,4,AGGCCGCTGTCATAGTAACG,0,2504033
mhpRp2,0.2,4,4,AGGCCCTCTTTGAGTGCCGG,0,2517456
mhpRp2,0.2,4,4,AGGCAATGGGTGTATCTTTT,0,2539211
mhpRp2,0.2,4,4,AGGCAATGCGTGGGTAGTCT,0,2533178
mhpRp2,0.2,4,4,AGGATCTGCGTTGTGAGTTG,0,2528202
mhpRp2,0.2,4,4,AGGAGTACACGGGACATACG,0,2515066
mhpRp2,0.2,4,4,AGGAGGATAAACAGCGGGAC,0,2504093
mhpRp2,0.2,4,4,AGGAGAGGTATTGTCACCGA,0,2509653
mhpRp2,0.2,4,4,AGGAAGACTGGTGGGAGGGG,0,2505374
mhpRp2,0.2,4,4,AGCTTCTATTATACTCTCAT,0,2487635
mhpRp2,0.2,4,4,AGCTTAGTGCGCAATGCGCC,0,2530609
mhpRp2,0.2,4,4,AGCTGACTGGGGTATACCAA,0,2538943
mhpRp2,0.2,4,4,AGCTCTGTGGCTTTATCGTC,0,2490525
mhpRp2,0.2,4,4,AGCTCCTAGGGTCGATTGTG,0,2522559
mhpRp2,0.2,4,4,AGCTAAACTGCATAAAGAAC,0,2533678
mhpRp2,0.2,4,4,AGCGTTTGCGCAGATTTGGG,0,2534038
mhpRp2,0.2,4,4,AGCGTCGTAATGTAGTGTCC,0,2482685
mhpRp2,0.2,4,4,AGCCTACGACCTCTTGGGCG,0,2537939
mhpRp2,0.2,4,4,AGCCGGGTACGGCCCATATT,0,2498691
mhpRp2,0.2,4,4,AGCCCTTGGCAGCGATGGTT,0,2503974
mhpRp2,0.2,4,4,AGCCCTGAACAGATCCGGCC,0,2516477
mhpRp2,0.2,4,4,AGCCCTCGGAATGCAACTGT,0,2530830
mhpRp2,0.2,4,4,AGCATTTCCTCATTAATTAT,0,2491348
mhpRp2,0.2,4,4,AGCATGCCGTCGTGGAAACT,0,2524587
mhpRp2,0.2,4,4,AGCATACGGTCTTTTCATTT,0,2532606
mhpRp2,0.2,4,4,AGCAGAGCGTATAGGTATGC,0,2521177
mhpRp2,0.2,4,4,AGCACGCCATGCTAAACAAG,0,2497429
mhpRp2,0.2,4,4,AGCACAGGAGCTCCGGGATC,0,2485562
mhpRp2,0.2,4,4,AGATTCTGATTCATATAAGC,0,2487747
mhpRp2,0.2,4,4,AGATTCAGGGGGGCGCTTCT,0,2515857
mhpRp2,0.2,4,4,AGATGTTACGAATTCTGCGT,0,2486368
mhpRp2,0.2,4,4,AGATCCGAGCTTTTGCTGAA,0,2522574
mhpRp2,0.2,4,4,AGATAGTAACCGTCAGCTTA,0,2528724
mhpRp2,0.2,4,4,AGAGTGGGAACCAAAAATAT,0,2530803
mhpRp2,0.2,4,4,AGAGGGCAAACCATCAACCC,0,2537408
mhpRp2,0.2,4,4,AGAGGCATCGGCCGTATGCA,0,2487111
mhpRp2,0.2,4,4,AGAGCTGGATGAAGGTCCAA,0,2508817
mhpRp2,0.2,4,4,AGAGATTGGGTGCAAGCTCA,0,2500377
mhpRp2,0.2,4,4,AGAGAGTGACACGGCTGGGG,0,2493554
mhpRp2,0.2,4,4,AGAGACGTAACGTATCCTTG,0,2507784
mhpRp2,0.2,4,4,AGAGAATAGTGTACCCGTCT,0,2507468
mhpRp2,0.2,4,4,AGACGCCGCCCCAAAGCCAG,0,2494114
mhpRp2,0.2,4,4,AGACGATCTCCAAAAAGCCG,0,2500072
mhpRp2,0.2,4,4,AGACCTCTCATGTTCTACCT,0,2483791
mhpRp2,0.2,4,4,AGACAATCTTTTCTCACTTA,0,2529387
mhpRp2,0.2,4,4,AGAATTGGGTCCCTCCAGGT,0,2490979
mhpRp2,0.2,4,4,AGAATCTTGGCCGGCTCCAC,0,2525412
mhpRp2,0.2,4,4,AGAATCTATCCACGCGTGAG,0,2527194
mhpRp2,0.2,4,4,AGAAGTCTAACTATATAGCA,0,2517183
mhpRp2,0.2,4,4,AGAAGCTCTCGACAGGTAGC,0,2512341
mhpRp2,0.2,4,4,AGAAGACGACCTTCACTGAT,0,2505587
mhpRp2,0.2,4,4,AGAAGAACATGAGGGTGAAT,0,2530879
mhpRp2,0.2,4,4,AGAAATGCTAAATAGCAAGG,0,2522777
mhpRp2,0.2,4,4,ACTTTGAGTAAGACGCTCGA,0,2544175
mhpRp2,0.2,4,4,ACTTGTCTCGCCAGCTCCTG,0,2509680
mhpRp2,0.2,4,4,ACTTGATTGTTTACTTCCGC,0,2537900
mhpRp2,0.2,4,4,ACTTGAACAAGCTTGAATTC,0,2504931
mhpRp2,0.2,4,4,ACTTCGCCGGCTTCGCCAAG,0,2494388
mhpRp2,0.2,4,4,ACTGTATCAGAAGGCTTGTA,0,2509531
mhpRp2,0.2,4,4,ACTGGTCGCGTATTCTCCCC,0,2507831
mhpRp2,0.2,4,4,ACTGGTCCCCTTGACAAGGC,0,2494131
mhpRp2,0.2,4,4,ACTGGGCGATGCACGCAGTC,0,2512033
mhpRp2,0.2,4,4,ACTGGCGAACGTGCGTGTTA,0,2526657
mhpRp2,0.2,4,4,ACTGGAATGGCGCTTGTCAT,0,2480869
mhpRp2,0.2,4,4,ACTGCTGATACGAGCACGTC,0,2516973
mhpRp2,0.2,4,4,ACTGCGTGCACGAACGCAGT,0,2528314
mhpRp2,0.2,4,4,ACTGCGAGGTTTGAGTAAGG,0,2495151
mhpRp2,0.2,4,4,ACTCTTTACTGTAAAGAAAG,0,2543630
mhpRp2,0.2,4,4,ACTCTGGTTGCCGCGCATTC,0,2527150
mhpRp2,0.2,4,4,ACTCGCCTGGCCTTGATACG,0,2518394
mhpRp2,0.2,4,4,ACTCGCATCCCAGGAGGATG,0,2519324
mhpRp2,0.2,4,4,ACTCGAAACCTCTGCGATTT,0,2532783
mhpRp2,0.2,4,4,ACTCCCAGTGTTAGGCCAAT,0,2515740
mhpRp2,0.2,4,4,ACTCCAGGGACAAAGTTTGT,0,2501287
mhpRp2,0.2,4,4,ACTCCAAGGCACATCGTCAT,0,2489521
mhpRp2,0.2,4,4,ACTCAATGCCGATGAGGCAC,0,2534453
mhpRp2,0.2,4,4,ACTCAATGACTCCGTTACAG,0,2533413
mhpRp2,0.2,4,4,ACTATGGAGATGGTTCATCT,0,2529672
mhpRp2,0.2,4,4,ACTATACAGTCACGGTGCCC,0,2484572
mhpRp2,0.2,4,4,ACTAGCTTAGACTTATATCA,0,2483310
mhpRp2,0.2,4,4,ACTAGAGGAATGGCACGTCC,0,2481262
mhpRp2,0.2,4,4,ACTACGAGCGCCAGATCGCG,0,2533706
mhpRp2,0.2,4,4,ACTACCGACGGGGAGTTGAC,0,2488723
mhpRp2,0.2,4,4,ACGTTGGTCGGAACTGCTAC,0,2520634
mhpRp2,0.2,4,4,ACGTCTCTGATGGGTAACTG,0,2543509
mhpRp2,0.2,4,4,ACGTCAAGGTCGTCTCGAAA,0,2513532
mhpRp2,0.2,4,4,ACGTAGAGGTAGTCTAGGGA,0,2510282
mhpRp2,0.2,4,4,ACGGTACTTGTCTTATGTTC,0,2533054
mhpRp2,0.2,4,4,ACGGTACAAATGTAAGGGTC,0,2524393
mhpRp2,0.2,4,4,ACGGGGGGACGATCCGGTCA,0,2543604
mhpRp2,0.2,4,4,ACGGGAACTCCTAGTCTGTT,0,2534406
mhpRp2,0.2,4,4,ACGGCCCTCCTAGACAGGGA,0,2505637
mhpRp2,0.2,4,4,ACGGACAAGGAACGGGTCTC,0,2484833
mhpRp2,0.2,4,4,ACGCTCACTATCTGCGCTGA,0,2524630
mhpRp2,0.2,4,4,ACGCGCTATGGCCCGTGTAG,0,2533337
mhpRp2,0.2,4,4,ACGCCCAGTTCTTAGCTCGA,0,2545734
mhpRp2,0.2,4,4,ACGCATCCGCTGATAATAAC,0,2489371
mhpRp2,0.2,4,4,ACGCAGCGTACGGGTGTCGT,0,2491474
mhpRp2,0.2,4,4,ACGATAGGAAGCCTCTTAAA,0,2537845
mhpRp2,0.2,4,4,ACGAGGCGAATAAATCTACT,0,2510869
mhpRp2,0.2,4,4,ACGAGGCCTCGGCGTTGATT,0,2538129
mhpRp2,0.2,4,4,ACGAGCGAGATATGTGAAGT,0,2492785
mhpRp2,0.2,4,4,ACGAGAGAAAGGGGCTCAGC,0,2519319
mhpRp2,0.2,4,4,ACGACAAAAAGCCCATGAGA,0,2523786
mhpRp2,0.2,4,4,ACGAATCCAATGTCAGCATG,0,2516758
mhpRp2,0.2,4,4,ACGAAGGTCCCAGACGATGA,0,2528898
mhpRp2,0.2,4,4,ACCTTTCGTGTGGTGTAAGC,0,2501508
mhpRp2,0.2,4,4,ACCTGCGGAGCACTGAATAG,0,2530052
mhpRp2,0.2,4,4,ACCTGAGCGCGGTTCCAGCA,0,2513674
mhpRp2,0.2,4,4,ACCTGAACTGGAGTTGCATG,0,2519893
mhpRp2,0.2,4,4,ACCTCTGACTATGTAGGCGC,0,2494222
mhpRp2,0.2,4,4,ACCTAGAAGCCTGTACTTAC,0,2483612
mhpRp2,0.2,4,4,ACCTACTCCCCAAGCTCACT,0,2536547
mhpRp2,0.2,4,4,ACCTAATGCACCCCACCTTC,0,2486159
mhpRp2,0.2,4,4,ACCGTACTTTAATCGAGCAT,0,2527455
mhpRp2,0.2,4,4,ACCGGGGCTCGAATTGTACC,0,2542165
mhpRp2,0.2,4,4,ACCGCCCGCGGAGGGGTGCT,0,2498390
mhpRp2,0.2,4,4,ACCGAAATAACTGCCAGGAG,0,2482233
mhpRp2,0.2,4,4,ACCCTGTCAACTTGTAGGAA,0,2519227
mhpRp2,0.2,4,4,ACCCGTCCCTTACTGAATAT,0,2490341
mhpRp2,0.2,4,4,ACCCCTCTCTAACCGTTCTG,0,2539393
mhpRp2,0.2,4,4,ACCCCTCTCGCCGTTTCTGA,0,2509691
mhpRp2,0.2,4,4,ACCCCTAGGGTGGGTTACAA,0,2482275
mhpRp2,0.2,4,4,ACCATTACGTATTCTGTAGG,0,2485615
mhpRp2,0.2,4,4,ACCAGTTATTAACGGAAGTT,0,2512041
mhpRp2,0.2,4,4,ACCAGGTCACAGGAAATCCA,0,2528847
mhpRp2,0.2,4,4,ACCAGACTAGACGGGTACAA,0,2491391
mhpRp2,0.2,4,4,ACCACTTTTTTCATCTAACA,0,2508590
mhpRp2,0.2,4,4,ACCACTAGACTCACCGACTA,0,2482629
mhpRp2,0.2,4,4,ACCACGTGTAACGAATGCCA,0,2538822
mhpRp2,0.2,4,4,ACCACCCGGCGACCGCATAT,0,2518011
mhpRp2,0.2,4,4,ACATTGAGTTACCTCATCGT,0,2538080
mhpRp2,0.2,4,4,ACATTCAATCGGAGGAGCAA,0,2524327
mhpRp2,0.2,4,4,ACATGGAGGGAGTTTTTGGC,0,2524900
mhpRp2,0.2,4,4,ACATATCTCTTACTCGATCG,0,2541102
mhpRp2,0.2,4,4,ACATAGTGTAAGGCCATACA,0,2536222
mhpRp2,0.2,4,4,ACAGTTCATATTTATCACTA,0,2533956
mhpRp2,0.2,4,4,ACAGTGTGTTTAATCGGCAA,0,2481405
mhpRp2,0.2,4,4,ACAGTGTGCAACCCGAACCA,0,2500899
mhpRp2,0.2,4,4,ACAGTAACCGGGCAAGTGGG,0,2497707
mhpRp2,0.2,4,4,ACAGGGGACCGCTCTCGTCA,0,2512905
mhpRp2,0.2,4,4,ACAGGACGGCGGTAGCAGTG,0,2496878
mhpRp2,0.2,4,4,ACAGCTACACACCACCTGGA,0,2516183
mhpRp2,0.2,4,4,ACAGCGCCAAAGGTACCGGG,0,2492602
mhpRp2,0.2,4,4,ACAGCGAATTGGTGCCAAAG,0,2512151
mhpRp2,0.2,4,4,ACAGATTACTAGAGCTGCAT,0,2526200
mhpRp2,0.2,4,4,ACAGAAGCGCGACACTCGAT,0,2496263
mhpRp2,0.2,4,4,ACACTGGAGCCGTACTTGCA,0,2534702
mhpRp2,0.2,4,4,ACACTCGGGGAGATCGCTTG,0,2533674
mhpRp2,0.2,4,4,ACACGGGCGTATAAGAGAAC,0,2537833
mhpRp2,0.2,4,4,ACACGGCAGATCCTAGAAGT,0,2513357
mhpRp2,0.2,4,4,ACACGAACATTGCCTGGGTC,0,2504991
mhpRp2,0.2,4,4,ACACCCGTCCCAGACAAGAC,0,2513598
mhpRp2,0.2,4,4,ACACCAGAAGACAGTGTCGG,0,2486343
mhpRp2,0.2,4,4,ACACAGCATTTAAGCCTTTA,0,2532817
mhpRp2,0.2,4,4,ACACAAACAATTGTGCCTGC,0,2494939
mhpRp2,0.2,4,4,ACAATTAGAATAATTTTGTC,0,2521238
mhpRp2,0.2,4,4,ACAACGCTGATATGTTTCCA,0,2543040
mhpRp2,0.2,4,4,ACAACCCATGATTGCAGCAA,0,2481948
mhpRp2,0.2,4,4,ACAAAGTCTTCCGTGATTAC,0,2535974
mhpRp2,0.2,4,4,ACAAAGGTGACTCTAAATGA,0,2529484
mhpRp2,0.2,4,4,AATTGGGAACCGGACAAGTT,0,2495766
mhpRp2,0.2,4,4,AATTGACTTCGAAGCCCCCT,0,2487179
mhpRp2,0.2,4,4,AATTGACTGCGAATGTAGGA,0,2542478
mhpRp2,0.2,4,4,AATTCGAATTTGAGAGGACC,0,2541801
mhpRp2,0.2,4,4,AATTCATATGACGCTCGTGG,0,2514201
mhpRp2,0.2,4,4,AATTAGGGCCACTCCTCACG,0,2504676
mhpRp2,0.2,4,4,AATTACCATAGTTAGGGAAG,0,2503713
mhpRp2,0.2,4,4,AATGTTAGAGCGATTATGTA,0,2503714
mhpRp2,0.2,4,4,AATGTGCGCATAAAAATATG,0,2494937
mhpRp2,0.2,4,4,AATGGTCTGCTACCTCAACG,0,2523115
mhpRp2,0.2,4,4,AATGGATGCGATCACAAGAA,0,2517862
mhpRp2,0.2,4,4,AATGCAGCTGTTTTAAAGAC,0,2515644
mhpRp2,0.2,4,4,AATGCACCAACTCCCCAGGA,0,2537169
mhpRp2,0.2,4,4,AATCGTCTTACGGCTACGCA,0,2521671
mhpRp2,0.2,4,4,AATCCTCTCCGTACACTACT,0,2498816
mhpRp2,0.2,4,4,AATCAGCCCCGCAAGACGCC,0,2539437
mhpRp2,0.2,4,4,AATATTTCTCCCTTGAAATC,0,2521237
mhpRp2,0.2,4,4,AATATTTATCGGGCACTACG,0,2527285
mhpRp2,0.2,4,4,AATAGCCTTGGCATAGTGAT,0,2479849
mhpRp2,0.2,4,4,AATAGACGGAAAGGCCAGTC,0,2535626
mhpRp2,0.2,4,4,AATACTATTATCATTCGACA,0,2535880
mhpRp2,0.2,4,4,AATAACTTCAGAGGCACAAG,0,2524869
mhpRp2,0.2,4,4,AATAACTACATCAGAGCAGC,0,2514666
mhpRp2,0.2,4,4,AATAACCTGGGCGCAATACT,0,2520203
mhpRp2,0.2,4,4,AAGTCGATCATAGGGTAGCT,0,2491675
mhpRp2,0.2,4,4,AAGTCCTAACTTCATGGCAA,0,2494003
mhpRp2,0.2,4,4,AAGTATCGGAGTTATGGTTC,0,2522411
mhpRp2,0.2,4,4,AAGTAACGATATGAACTGAG,0,2484669
mhpRp2,0.2,4,4,AAGGTTTGCGTCGATAGGAT,0,2481991
mhpRp2,0.2,4,4,AAGGTCATATCGCCAGGATA,0,2508771
mhpRp2,0.2,4,4,AAGGGCTACCTATATCCTTT,0,2514673
mhpRp2,0.2,4,4,AAGGGATAGGAGGTCGGGAG,0,2543755
mhpRp2,0.2,4,4,AAGGCCCGCGTGCAATAAAC,0,2506301
mhpRp2,0.2,4,4,AAGGATGGATTCCAAGACTC,0,2530271
mhpRp2,0.2,4,4,AAGCTTGTATGCAGGATCAT,0,2495706
mhpRp2,0.2,4,4,AAGCTCAAAAACTTACCGAC,0,2499120
mhpRp2,0.2,4,4,AAGCGTTATCAAAGGAAACT,0,2489977
mhpRp2,0.2,4,4,AAGCGTATGTTCTTATTGAA,0,2508827
mhpRp2,0.2,4,4,AAGCGCCACCGAGTTTAGGT,0,2512854
mhpRp2,0.2,4,4,AAGCCGAAAGTCATCGGAGG,0,2522836
mhpRp2,0.2,4,4,AAGCCCTAGAGGCAGGACGG,0,2485263
mhpRp2,0.2,4,4,AAGCAGGCCTACAGAAAAGA,0,2521653
mhpRp2,0.2,4,4,AAGCAGGCACGTGGCACTCA,0,2508732
mhpRp2,0.2,4,4,AAGCACAAGAGGGCTAAGTC,0,2526675
mhpRp2,0.2,4,4,AAGACCCTTTAAAAGAATTT,0,2529129
mhpRp2,0.2,4,4,AAGAATGTGATCGGGAATTT,0,2519928
mhpRp2,0.2,4,4,AAGAAGATTATTTAGGAATA,0,2534996
mhpRp2,0.2,4,4,AAGAAAGAGCTTTATCGAAA,0,2528110
mhpRp2,0.2,4,4,AACTTGTATCAGCGTTCAAC,0,2497856
mhpRp2,0.2,4,4,AACTGTACATGGGGGGTCCA,0,2507747
mhpRp2,0.2,4,4,AACTGCTACATCACGCGGCT,0,2490314
mhpRp2,0.2,4,4,AACTGAACGCCGTATCGGGC,0,2487434
mhpRp2,0.2,4,4,AACTCGGTTTAAATTTCATG,0,2507936
mhpRp2,0.2,4,4,AACTCGACGAGGCGACATGG,0,2526324
mhpRp2,0.2,4,4,AACTATTGGGCCTACGCTTC,0,2516051
mhpRp2,0.2,4,4,AACTAAGGGATGAGTACCGG,0,2505124
mhpRp2,0.2,4,4,AACGTGTCCGCTCTGCGCAT,0,2497561
mhpRp2,0.2,4,4,AACGTGCGGAATTTTGATGC,0,2491549
mhpRp2,0.2,4,4,AACGTACAGCCAGTATACGA,0,2481879
mhpRp2,0.2,4,4,AACGGATATCGGTATATTCT,0,2513013
mhpRp2,0.2,4,4,AACGCTTCATCCTCCGGGAT,0,2487047
mhpRp2,0.2,4,4,AACGAACATAGGACAAGTAC,0,2484745
mhpRp2,0.2,4,4,AACCTTGGTCGATTACGTAG,0,2523082
mhpRp2,0.2,4,4,AACCCATGTGCTAACCCGTA,0,2499268
mhpRp2,0.2,4,4,AACCACGGTGGCGCGGCTTT,0,2507294
mhpRp2,0.2,4,4,AACATAAGTAATCTTGGGCA,0,2506545
mhpRp2,0.2,4,4,AACAGACATTGTTGGCCCGA,0,2511936
mhpRp2,0.2,4,4,AACACTCTCAATTTACTTAA,0,2511915
mhpRp2,0.2,4,4,AACAATTTTACCTTTCAACC,0,2532981
mhpRp2,0.2,4,4,AACAATTTTAAGGTTAGACA,0,2517648
mhpRp2,0.2,4,4,AACAACTTTGAAGCACTCCG,0,2483683
mhpRp2,0.2,4,4,AAATTGGCGTTTACCAGCAC,0,2482218
mhpRp2,0.2,4,4,AAATCTAAGGGCATAAGTCT,0,2527668
mhpRp2,0.2,4,4,AAATATGAACCATGCGGACA,0,2486619
mhpRp2,0.2,4,4,AAATATAAAGGCTTGTCCAT,0,2497215
mhpRp2,0.2,4,4,AAAGTTTATTTTGCCGGTCT,0,2512396
mhpRp2,0.2,4,4,AAAGGGAGGTAGTGGAATTT,0,2480888
mhpRp2,0.2,4,4,AAAGGAGGTCACTAACACCT,0,2501615
mhpRp2,0.2,4,4,AAAGCGCAGCTGATAGACAT,0,2511563
mhpRp2,0.2,4,4,AAAGCCGAAGTCGCAAAGCA,0,2496802
mhpRp2,0.2,4,4,AAAGAGTTGGTCTGCTCGAG,0,2502965
mhpRp2,0.2,4,4,AAACTCATGAAGTGACGAAA,0,2507586
mhpRp2,0.2,4,4,AAACGGCCGTAAACCTTTGT,0,2532843
mhpRp2,0.2,4,4,AAACCTGCGACACTATGTGA,0,2499208
mhpRp2,0.2,4,4,AAACCCTTCTCATAGTCTCG,0,2513437
mhpRp2,0.2,4,4,AAACCCGCGAGAACCAGATG,0,2515937
mhpRp2,0.2,4,4,AAACACTTGATGGATGGTGA,0,2532635
mhpRp2,0.2,4,4,AAAATTGATGGAGCGAAAAT,0,2497115
mhpRp2,0.2,4,4,AAAAGTCATTTCAGCACAAT,0,2523318
mhpRp2,0.2,4,4,AAAACTGCACTGGAATTAGA,0,2530386
mhpRp2,0.2,4,4,AAAAAGTGAGTGACGGCGAG,0,2510694
mhpRp2,0.2,4,4,AAAAACCAGGAATTATATTT,0,2484281
mhpRp2,0.2,4,4,AAAAACCAATGTTTTGAGCT,0,2490167
mhpRp2,0.2,4,4,AAAAAAAGTGAGCCGGTATA,0,2516149
mhpRp2,0.25,3,3,TTTTTTTGTAGGTAGAGTGA,0,2532398
mhpRp2,0.25,3,3,TTTTTGCCACTGGATGCGCG,0,2482922
mhpRp2,0.25,3,3,TTTTTCAGTAAATAGTGTGG,0,2522907
mhpRp2,0.25,3,3,TTTTCTGCGCTATCTGCGAT,0,2480387
mhpRp2,0.25,3,3,TTTGTTTCGCGGGAAGAGAA,0,2533507
mhpRp2,0.25,3,3,TTTGTGGCATGTCGAGCTGG,0,2496794
mhpRp2,0.25,3,3,TTTGTGCTGTTGATCTTAGA,0,2480251
mhpRp2,0.25,3,3,TTTGTGCAGTCAAGTCCGTC,0,2523556
mhpRp2,0.25,3,3,TTTGGGGGGGAAACGGCTTT,0,2531699
mhpRp2,0.25,3,3,TTTCTTTACTAGACTGAGTA,0,2529532
mhpRp2,0.25,3,3,TTTCTCGCGAAACAAATGGC,0,2480314
mhpRp2,0.25,3,3,TTTCGTAGTTAAAGCAGCGG,0,2481302
mhpRp2,0.25,3,3,TTTCGGGATACTGAAATCCA,0,2493177
mhpRp2,0.25,3,3,TTTCGCTCGACAGGAGTGAA,0,2518901
mhpRp2,0.25,3,3,TTTCGCGTGACCTGCCCCAG,0,2485274
mhpRp2,0.25,3,3,TTTCCTGATTTCGCCTGCAA,0,2531930
mhpRp2,0.25,3,3,TTTCCGTATAGGAGTAACCT,0,2516326
mhpRp2,0.25,3,3,TTTCCCCGTTCGAAGGAATC,0,2497849
mhpRp2,0.25,3,3,TTTCCAAAACAGACTTTAGT,0,2531158
mhpRp2,0.25,3,3,TTTCATTAGCATTTACTCAC,0,2483549
mhpRp2,0.25,3,3,TTTCAGCGCAATTCCATCAA,0,2486952
mhpRp2,0.25,3,3,TTTCAACGTATTGAGCTGGT,0,2543332
mhpRp2,0.25,3,3,TTTATTGGAGATGAGCGAGT,0,2502221
mhpRp2,0.25,3,3,TTTATACCTCAACACTCATA,0,2488954
mhpRp2,0.25,3,3,TTTAGAGCCTGTTTCATTAA,0,2500548
mhpRp2,0.25,3,3,TTTAGAAATGAAATTGGCTC,0,2530514
mhpRp2,0.25,3,3,TTTACTTACCCTCGTAGTGG,0,2497691
mhpRp2,0.25,3,3,TTTAAAAATCTACGCGGGAC,0,2496227
mhpRp2,0.25,3,3,TTGTTTTATGTTCACATTGA,0,2536666
mhpRp2,0.25,3,3,TTGTTTACACGTGACGTACT,0,2526798
mhpRp2,0.25,3,3,TTGTTGCGGGACACGTTCAC,0,2545226
mhpRp2,0.25,3,3,TTGTTGAGGGCATAGGTCCG,0,2509542
mhpRp2,0.25,3,3,TTGTTCACTGCGTGCACATA,0,2533290
mhpRp2,0.25,3,3,TTGTTACCGGCGGTTGTAAG,0,2502354
mhpRp2,0.25,3,3,TTGTTACATCGTTCGGCGCT,0,2535296
mhpRp2,0.25,3,3,TTGTGTGCTTACGTCTTCTG,0,2540180
mhpRp2,0.25,3,3,TTGTGGCGTCGTCAACTTCG,0,2487431
mhpRp2,0.25,3,3,TTGTGATAATCCAGAGGCTT,0,2499867
mhpRp2,0.25,3,3,TTGTCTTCACTTGATAGTAT,0,2520141
mhpRp2,0.25,3,3,TTGTCGGGATTATATTTGTA,0,2532755
mhpRp2,0.25,3,3,TTGTCGGACAGACTATAACA,0,2502023
mhpRp2,0.25,3,3,TTGTCATGGTTCCCCACACA,0,2517173
mhpRp2,0.25,3,3,TTGTCAGGTGCATGTGCTGC,0,2525004
mhpRp2,0.25,3,3,TTGTCAAAGCAACTAACACG,0,2530351
mhpRp2,0.25,3,3,TTGGTGTCGTTCTAAGCCTT,0,2545068
mhpRp2,0.25,3,3,TTGGTGCCCCTCGGCACTTT,0,2509344
mhpRp2,0.25,3,3,TTGGTGACCGGTACGCAGGC,0,2482816
mhpRp2,0.25,3,3,TTGGTCGGTCTGGCGTTTTT,0,2533358
mhpRp2,0.25,3,3,TTGGTCCCGAGAAATGCAGC,0,2483491
mhpRp2,0.25,3,3,TTGGGCTGTGCCTCCCGTTT,0,2503046
mhpRp2,0.25,3,3,TTGGGCCGTGGCAACGAATC,0,2509312
mhpRp2,0.25,3,3,TTGGCCACAATGGCCAGTAA,0,2518227
mhpRp2,0.25,3,3,TTGCTTATGGGTTGGACGTA,0,2526480
mhpRp2,0.25,3,3,TTGCTACGTAACCAAGCCAA,0,2501152
mhpRp2,0.25,3,3,TTGCGGTTTTCTCCGGGCTT,0,2497492
mhpRp2,0.25,3,3,TTGCGGCCAAGGAAACTAAG,0,2509710
mhpRp2,0.25,3,3,TTGCCTTATCGTAGGTCCGG,0,2529843
mhpRp2,0.25,3,3,TTGCCTTAAAGCCTCAAACC,0,2517038
mhpRp2,0.25,3,3,TTGCCCGTGTAACCCGCGGC,0,2509893
mhpRp2,0.25,3,3,TTGCAGGCTCATCGTTTTCT,0,2534162
mhpRp2,0.25,3,3,TTGCAAGAAGATGCAAGAGC,0,2526076
mhpRp2,0.25,3,3,TTGAGTGGGAGCTTTTAGGA,0,2528467
mhpRp2,0.25,3,3,TTGAGGTGAGTCCTGCTCAG,0,2510456
mhpRp2,0.25,3,3,TTGAGCTGAAAACCACAAGA,0,2508313
mhpRp2,0.25,3,3,TTGACAAGTTGCATTAACGG,0,2501846
mhpRp2,0.25,3,3,TTGAATCCACCAGGAAGGTA,0,2541700
mhpRp2,0.25,3,3,TTGAAATCTGTATTACCCCT,0,2533470
mhpRp2,0.25,3,3,TTGAAACCACGATTTCGGAG,0,2497667
mhpRp2,0.25,3,3,TTCTTTCCACAGGTATGAGT,0,2483149
mhpRp2,0.25,3,3,TTCTTCGTATGCTCAGTAGC,0,2486458
mhpRp2,0.25,3,3,TTCTTACTTGCTTGTGAGGG,0,2493642
mhpRp2,0.25,3,3,TTCTGAACCCTCGAATGTGA,0,2539803
mhpRp2,0.25,3,3,TTCTCTGGCGGAGTCTTAGG,0,2508792
mhpRp2,0.25,3,3,TTCTCTGCTTGCTGGGCGCA,0,2525331
mhpRp2,0.25,3,3,TTCTATTCACGTTGGGTATT,0,2523026
mhpRp2,0.25,3,3,TTCTATCGGATACGGAAAAT,0,2497213
mhpRp2,0.25,3,3,TTCTATAGCTCTCCATGAGC,0,2492362
mhpRp2,0.25,3,3,TTCTAGGTCATCACTATAAG,0,2535347
mhpRp2,0.25,3,3,TTCTAGAGGACTCGTGTATA,0,2524167
mhpRp2,0.25,3,3,TTCGTTGTCTCTTTACGTCG,0,2545187
mhpRp2,0.25,3,3,TTCGCTCGGTCAAACCTTCT,0,2522590
mhpRp2,0.25,3,3,TTCGCAAACACTCGCTCCAC,0,2544462
mhpRp2,0.25,3,3,TTCGAGTGCCTCCTGGTCAT,0,2520142
mhpRp2,0.25,3,3,TTCGACGGCGTTGACTGCCG,0,2528480
mhpRp2,0.25,3,3,TTCCGTCGGAAGTATCAAGG,0,2518080
mhpRp2,0.25,3,3,TTCCGATAGACTTGAGACTT,0,2488861
mhpRp2,0.25,3,3,TTCATCGACTCTACGCGTAA,0,2515097
mhpRp2,0.25,3,3,TTCATAGGTTGCGAAGTTGT,0,2511000
mhpRp2,0.25,3,3,TTCATAGAGGATCGTTCGGC,0,2509619
mhpRp2,0.25,3,3,TTCACTGGCGGCCTCTAATA,0,2521508
mhpRp2,0.25,3,3,TTCACGCAGAGGAGACCTAG,0,2519699
mhpRp2,0.25,3,3,TTCAAAGTTGTACCAGACAT,0,2504352
mhpRp2,0.25,3,3,TTATTGTATTTTGTATAGTC,0,2496916
mhpRp2,0.25,3,3,TTATGGCACTCAGACGCCTT,0,2494817
mhpRp2,0.25,3,3,TTATGCGTCAATTAGAGTCC,0,2513217
mhpRp2,0.25,3,3,TTATGCCATAAGAGATTGGG,0,2530064
mhpRp2,0.25,3,3,TTATGAAGAATCCAAGGAAT,0,2528453
mhpRp2,0.25,3,3,TTATAGGGCGAGGGTAATCA,0,2516642
mhpRp2,0.25,3,3,TTATAATTGGGCTTCGAGAG,0,2497582
mhpRp2,0.25,3,3,TTAGTTTCAAAGTTTTGATA,0,2491740
mhpRp2,0.25,3,3,TTAGTTGGAAACCTAAGGGA,0,2508295
mhpRp2,0.25,3,3,TTAGTGGCCCAACAATAAAA,0,2485568
mhpRp2,0.25,3,3,TTAGGGGCATCTAATATTAC,0,2538503
mhpRp2,0.25,3,3,TTAGGCATTGAATCGGTACA,0,2508168
mhpRp2,0.25,3,3,TTAGCGGGCAGCGGCGTCAT,0,2525359
mhpRp2,0.25,3,3,TTAGCAAAGCCATTATCCTA,0,2523229
mhpRp2,0.25,3,3,TTAGACTGCTCAATTCACCA,0,2540902
mhpRp2,0.25,3,3,TTAGAAAACGCATACACATC,0,2514346
mhpRp2,0.25,3,3,TTACTTGACCCCTTGTCATT,0,2527846
mhpRp2,0.25,3,3,TTACTAGCCTATGCTACTAT,0,2528499
mhpRp2,0.25,3,3,TTACGTGGTTCTTTCTAGTA,0,2488781
mhpRp2,0.25,3,3,TTACCTGATTATCTTAAGTC,0,2530226
mhpRp2,0.25,3,3,TTACCGATACCGACGCCGTT,0,2504731
mhpRp2,0.25,3,3,TTACCCGATCGTGTACTTGG,0,2519981
mhpRp2,0.25,3,3,TTACCCATTTTTGTGGTTGA,0,2489105
mhpRp2,0.25,3,3,TTACATCGATTACTTGGTAG,0,2534985
mhpRp2,0.25,3,3,TTAATGTCCCTGTAACGCTA,0,2505226
mhpRp2,0.25,3,3,TTAATGTACGGAGGCCCTCG,0,2538666
mhpRp2,0.25,3,3,TTAAGTTCCTTTTAGGTACT,0,2537241
mhpRp2,0.25,3,3,TTAAGTAGTTCCTGCTAGGT,0,2490619
mhpRp2,0.25,3,3,TTAAGGATCATCAGTATTGA,0,2490815
mhpRp2,0.25,3,3,TTAAGATATACTTGCTGGCC,0,2527686
mhpRp2,0.25,3,3,TTAAATAGGGGTGTTTCTGG,0,2487687
mhpRp2,0.25,3,3,TGTTTTAAGACCGATCGAAC,0,2530710
mhpRp2,0.25,3,3,TGTTGTTTCATCGATCAGAT,0,2542562
mhpRp2,0.25,3,3,TGTTGTGATGTAATCCAAAG,0,2508381
mhpRp2,0.25,3,3,TGTTGCTTTGGAAAGTTCTT,0,2512782
mhpRp2,0.25,3,3,TGTTGCTGAAACTGGGGGAA,0,2515468
mhpRp2,0.25,3,3,TGTTCTACCAGGAAAGGGCA,0,2530820
mhpRp2,0.25,3,3,TGTTCCGCTTTAGGATCACA,0,2539470
mhpRp2,0.25,3,3,TGTTCCAGAGTGCGCCCCCA,0,2492415
mhpRp2,0.25,3,3,TGTTACGGCTTGGTAAAAAT,0,2535150
mhpRp2,0.25,3,3,TGTGTATCACTGACGTTGAA,0,2485084
mhpRp2,0.25,3,3,TGTGTAGATTGATACGATAT,0,2491393
mhpRp2,0.25,3,3,TGTGGTGAGTGCAGAAAAAG,0,2513718
mhpRp2,0.25,3,3,TGTGGGGCCGCACGAGAGAA,0,2530048
mhpRp2,0.25,3,3,TGTGGCTCTGGGGCACACCA,0,2487258
mhpRp2,0.25,3,3,TGTGCAAGTGTGCCCTATCT,0,2490107
mhpRp2,0.25,3,3,TGTCTTTCACTAATATTAGC,0,2524522
mhpRp2,0.25,3,3,TGTCTAATAGACAAAGCCAT,0,2537597
mhpRp2,0.25,3,3,TGTCGTGGGTGAGCACGGCT,0,2484323
mhpRp2,0.25,3,3,TGTCGTGACTGCTAAACAGG,0,2535984
mhpRp2,0.25,3,3,TGTCGTCACAGAACGATGAG,0,2538591
mhpRp2,0.25,3,3,TGTCCTGCAATCAGTGTGGT,0,2522560
mhpRp2,0.25,3,3,TGTCCACTATGAAGAGTGTA,0,2520086
mhpRp2,0.25,3,3,TGTCCAATCGCTCATACCTA,0,2495284
mhpRp2,0.25,3,3,TGTCACGGGGGGCAACGCTT,0,2538977
mhpRp2,0.25,3,3,TGTCAATTTAGGATTGGATA,0,2545550
mhpRp2,0.25,3,3,TGTATTGCCGGCACGAGGTT,0,2511168
mhpRp2,0.25,3,3,TGTATCACGTGCTCAGGGTG,0,2492961
mhpRp2,0.25,3,3,TGTATAGTCGTTCTGGACCA,0,2513926
mhpRp2,0.25,3,3,TGTATACCTGGGGTTAGCAT,0,2500876
mhpRp2,0.25,3,3,TGTAGTTCAGTCTTTCCTCT,0,2491962
mhpRp2,0.25,3,3,TGTAGGTAAATCTCAACCTG,0,2481102
mhpRp2,0.25,3,3,TGTAGGAGTATAATCATCAC,0,2523090
mhpRp2,0.25,3,3,TGTAGAATCGCTAACACAAC,0,2500175
mhpRp2,0.25,3,3,TGTAAATACTATCCTTGTTG,0,2512253
mhpRp2,0.25,3,3,TGTAAAATTCGTCCTTAGTT,0,2539531
mhpRp2,0.25,3,3,TGGTTTTGTACCCGCTCTGT,0,2505549
mhpRp2,0.25,3,3,TGGTTGGTTTCAGGTTGATT,0,2510258
mhpRp2,0.25,3,3,TGGTTACTGAATCGTCTGTA,0,2530161
mhpRp2,0.25,3,3,TGGTCTGGTGCCCATATTTC,0,2523926
mhpRp2,0.25,3,3,TGGTCGAATAGAATATTCCA,0,2542591
mhpRp2,0.25,3,3,TGGTCGAACCATGTAAAGGT,0,2487036
mhpRp2,0.25,3,3,TGGTCCGAAACAGCAACTGT,0,2542271
mhpRp2,0.25,3,3,TGGTCATGCTGAGAGTTCTG,0,2535530
mhpRp2,0.25,3,3,TGGGTTTGCTTTACATGGCT,0,2500289
mhpRp2,0.25,3,3,TGGGCGCTCAGAATACATCC,0,2507732
mhpRp2,0.25,3,3,TGGGCCGCGCACACCGGCGA,0,2539450
mhpRp2,0.25,3,3,TGGGCCATACGTGATTGTCA,0,2521134
mhpRp2,0.25,3,3,TGGGCATGGTCGTCTTTTGA,0,2493386
mhpRp2,0.25,3,3,TGGCTATCCACCATTGGGTC,0,2528095
mhpRp2,0.25,3,3,TGGCGTGGCGTGGTGCATCC,0,2534843
mhpRp2,0.25,3,3,TGGCCTGGAAGTCTGAAACG,0,2505712
mhpRp2,0.25,3,3,TGGCCGTCGAAAACTCGCTT,0,2543955
mhpRp2,0.25,3,3,TGGCCGCACGTTACACGGCA,0,2542492
mhpRp2,0.25,3,3,TGGCATTTAAGTCCGGTGTC,0,2523635
mhpRp2,0.25,3,3,TGGCAGTTCTACACCAGCTC,0,2503281
mhpRp2,0.25,3,3,TGGCAGTGCAGTTGAAATTC,0,2509853
mhpRp2,0.25,3,3,TGGCAGACGTTGGGCAAGGA,0,2488384
mhpRp2,0.25,3,3,TGGCACTCCAGAAAGCGTGT,0,2539014
mhpRp2,0.25,3,3,TGGATATTCCAGTCGCTGAG,0,2530406
mhpRp2,0.25,3,3,TGGAGTATAGGACTCTGCGA,0,2492103
mhpRp2,0.25,3,3,TGGAGAGTACCCCAGTCTGG,0,2505640
mhpRp2,0.25,3,3,TGGACTTTTTTCTCTTCAAT,0,2541902
mhpRp2,0.25,3,3,TGGACTTGTCTGCCCGCATC,0,2520288
mhpRp2,0.25,3,3,TGGAACGCTGGGCAGCGACA,0,2528330
mhpRp2,0.25,3,3,TGCTGTCAAGCTCGGACACA,0,2516624
mhpRp2,0.25,3,3,TGCTGCTACTCTCGACGTGA,0,2511475
mhpRp2,0.25,3,3,TGCTCCGTACTTTACGGATT,0,2509405
mhpRp2,0.25,3,3,TGCTATGCAACGAGATACCA,0,2504207
mhpRp2,0.25,3,3,TGCTACTCAAACTCTGCGTG,0,2540917
mhpRp2,0.25,3,3,TGCGTTAAAAGTTCTTAGGT,0,2492315
mhpRp2,0.25,3,3,TGCGGACGGTCATCGCTACT,0,2496314
mhpRp2,0.25,3,3,TGCCTCCGCGGGCTCCGATT,0,2539600
mhpRp2,0.25,3,3,TGCCATGTCCCATTCCATAG,0,2492723
mhpRp2,0.25,3,3,TGCATGTCGCACGTGTGGAT,0,2503515
mhpRp2,0.25,3,3,TGCATGCCAAGTGCATCGAA,0,2544333
mhpRp2,0.25,3,3,TGCATAAAGCTGGCGCTTGT,0,2514819
mhpRp2,0.25,3,3,TGCAGTCGGATCCCCTATTA,0,2536408
mhpRp2,0.25,3,3,TGCAGCGGAACTCAGCTGGA,0,2534592
mhpRp2,0.25,3,3,TGCAGCGCGTACTTTCTGTT,0,2513429
mhpRp2,0.25,3,3,TGCACGTATGCATCCCGTTA,0,2522017
mhpRp2,0.25,3,3,TGCACCTCTGGCTTCGAAAG,0,2490045
mhpRp2,0.25,3,3,TGCACCGGGATTTATCAAGC,0,2542493
mhpRp2,0.25,3,3,TGCAACTTCACTGTGGGGGG,0,2486701
mhpRp2,0.25,3,3,TGCAACTGGCGCATTGAGAG,0,2499522
mhpRp2,0.25,3,3,TGCAACCCTCCAAGAAGTCC,0,2516589
mhpRp2,0.25,3,3,TGATTTCAAAAATTGTCCCA,0,2502857
mhpRp2,0.25,3,3,TGATTTAGCCGAGGAACAGT,0,2527904
mhpRp2,0.25,3,3,TGATTCCAAGAAGGCCTAAG,0,2505449
mhpRp2,0.25,3,3,TGATGTGGCCAAACGGAGTG,0,2508661
mhpRp2,0.25,3,3,TGATGGGTAGTTCCCGCATT,0,2482224
mhpRp2,0.25,3,3,TGATGCCCCGAGAGCTCTTA,0,2500069
mhpRp2,0.25,3,3,TGATCCCTTACTTTTAGAAC,0,2534694
mhpRp2,0.25,3,3,TGATCAAGAAATAAATTCCT,0,2496348
mhpRp2,0.25,3,3,TGAGGTAACGGGTGTGCAGC,0,2500951
mhpRp2,0.25,3,3,TGAGGGGACCCATTGGCTTT,0,2544734
mhpRp2,0.25,3,3,TGAGGGCAAACCCCGTCCCA,0,2481944
mhpRp2,0.25,3,3,TGAGCGGGGCTATATTATGC,0,2543214
mhpRp2,0.25,3,3,TGACTTCAAAGTCTTTGAGT,0,2499631
mhpRp2,0.25,3,3,TGACGGTATTTTTTCGGTGA,0,2513448
mhpRp2,0.25,3,3,TGACGACCGCTCGCCTTAAT,0,2531080
mhpRp2,0.25,3,3,TGACCGCCGTCTTGTTAGTT,0,2531886
mhpRp2,0.25,3,3,TGACCGCACGGGTCGTTGGA,0,2491846
mhpRp2,0.25,3,3,TGACATTACAGATGAAATAT,0,2480119
mhpRp2,0.25,3,3,TGACATAACTTGCACCTTCA,0,2487320
mhpRp2,0.25,3,3,TGACACGCGAGACTATGTGC,0,2524579
mhpRp2,0.25,3,3,TGAATTTTCAGTGATGGCGT,0,2518301
mhpRp2,0.25,3,3,TGAATTGCCATTGACGCACA,0,2498665
mhpRp2,0.25,3,3,TGAATAAACCCGGACCCGAA,0,2545495
mhpRp2,0.25,3,3,TGAAGTACCTCGGTGGAAGG,0,2531181
mhpRp2,0.25,3,3,TCTTTGACTGGATTAAAACG,0,2485231
mhpRp2,0.25,3,3,TCTTTCACAGCTTGAGCGCA,0,2521221
mhpRp2,0.25,3,3,TCTTCCTGATGCATTTGGGT,0,2520991
mhpRp2,0.25,3,3,TCTTACATTAACTAAGGGCT,0,2537920
mhpRp2,0.25,3,3,TCTGTTCGCGATGGCCGGAT,0,2492905
mhpRp2,0.25,3,3,TCTGTGCTAGCATGTTTATT,0,2490677
mhpRp2,0.25,3,3,TCTGTAGGACGCCTACCTTT,0,2540002
mhpRp2,0.25,3,3,TCTGGTGGTACAGGCAAGTA,0,2485611
mhpRp2,0.25,3,3,TCTGGTCTACCGGACTGCGT,0,2536794
mhpRp2,0.25,3,3,TCTGGCTGCGTTGCCATCTA,0,2479687
mhpRp2,0.25,3,3,TCTGGCGACCTACGTACATA,0,2534167
mhpRp2,0.25,3,3,TCTGGAACCGGCTAGGGTGG,0,2496262
mhpRp2,0.25,3,3,TCTGCGTCAACAAAGAATAT,0,2530445
mhpRp2,0.25,3,3,TCTGCGCTCGATCCAGGACT,0,2511757
mhpRp2,0.25,3,3,TCTGCGCCTTTCTTGTCTTA,0,2517445
mhpRp2,0.25,3,3,TCTCTGGCAGTTGGAGTCGC,0,2499772
mhpRp2,0.25,3,3,TCTCTCATAGGGTGAGTAAT,0,2516772
mhpRp2,0.25,3,3,TCTCGTGTAAAATGTCATTG,0,2485899
mhpRp2,0.25,3,3,TCTCATTGTGACGATCCGTT,0,2536470
mhpRp2,0.25,3,3,TCTCACCTCCGCTCATTCCC,0,2520708
mhpRp2,0.25,3,3,TCTACATTGCGTCACCATTT,0,2533119
mhpRp2,0.25,3,3,TCTACACAGATTCTAACTGC,0,2521446
mhpRp2,0.25,3,3,TCGTCTAGAGCTATAACTCT,0,2516904
mhpRp2,0.25,3,3,TCGTCGGCTGCATCCTACTA,0,2507975
mhpRp2,0.25,3,3,TCGTCGCCCATTGAAAAGTA,0,2544956
mhpRp2,0.25,3,3,TCGTCCCTTTCATATAGCGG,0,2522451
mhpRp2,0.25,3,3,TCGTCCACCGATGCTGCTGT,0,2542538
mhpRp2,0.25,3,3,TCGTCAAAGCTCGGGCAGAA,0,2518111
mhpRp2,0.25,3,3,TCGGTTCTGCGTGTCTCGAT,0,2538645
mhpRp2,0.25,3,3,TCGGTAACTCCATCCCCGGA,0,2481011
mhpRp2,0.25,3,3,TCGGTAACGCCTTTAGTATC,0,2501732
mhpRp2,0.25,3,3,TCGGGTCGGTACTGTAAATC,0,2513895
mhpRp2,0.25,3,3,TCGGGCATTGTCCCAAACAA,0,2510617
mhpRp2,0.25,3,3,TCGGGAGGCTTTGGTAAGCT,0,2537835
mhpRp2,0.25,3,3,TCGGCGTTTGACCTTTGACT,0,2519128
mhpRp2,0.25,3,3,TCGGCGTCAGTCAAGGTGGT,0,2544385
mhpRp2,0.25,3,3,TCGGCCTGGTTTGTCGGCAG,0,2526623
mhpRp2,0.25,3,3,TCGGCCGGCAGGTCCCTCTA,0,2505516
mhpRp2,0.25,3,3,TCGGCCCGATTTCGAACGAA,0,2536537
mhpRp2,0.25,3,3,TCGGCACAGGAGTTATAGTT,0,2525907
mhpRp2,0.25,3,3,TCGGATCGTGGCTCGAAGAC,0,2519280
mhpRp2,0.25,3,3,TCGGACGCACGGCGGCACGG,0,2502898
mhpRp2,0.25,3,3,TCGCTAGCGTCAGGTAACGC,0,2534319
mhpRp2,0.25,3,3,TCGCGTGAACAGGCTATCTT,0,2497530
mhpRp2,0.25,3,3,TCGCGCGTTAATAGGGATAG,0,2480120
mhpRp2,0.25,3,3,TCGCGACTGTTAATTCTCCT,0,2533963
mhpRp2,0.25,3,3,TCGCCGTCATTACAGGCAGG,0,2524485
mhpRp2,0.25,3,3,TCGCCCTAATGTATGATACC,0,2530733
mhpRp2,0.25,3,3,TCGCACCAGGCAAACTCCAT,0,2508346
mhpRp2,0.25,3,3,TCGCAAGATTGCCACGTGTA,0,2500378
mhpRp2,0.25,3,3,TCGCAAGACCTCCGCTACTA,0,2490966
mhpRp2,0.25,3,3,TCGCAACGTTTGTTATGCGG,0,2534686
mhpRp2,0.25,3,3,TCGATGCAGTTCCGTCAGTT,0,2515994
mhpRp2,0.25,3,3,TCGATCCGTTCTAACAATAA,0,2529941
mhpRp2,0.25,3,3,TCGAGCTTGATATCTAAGAT,0,2528262
mhpRp2,0.25,3,3,TCGAGCGTTACCTATTTTCG,0,2537838
mhpRp2,0.25,3,3,TCGAGCGTGCGTATGACTTT,0,2533734
mhpRp2,0.25,3,3,TCGACATCTTAACCCGGAGC,0,2531959
mhpRp2,0.25,3,3,TCCTTGGGGCAGGCAGGAAC,0,2495232
mhpRp2,0.25,3,3,TCCTTGGGGCAGACGATGGA,0,2484868
mhpRp2,0.25,3,3,TCCTGTGATTAAGAATATTT,0,2520541
mhpRp2,0.25,3,3,TCCTGTCGTTTATCTAGTGG,0,2526409
mhpRp2,0.25,3,3,TCCTGGTTTATCGGGTACTC,0,2518005
mhpRp2,0.25,3,3,TCCTGGTTGGTAATTCTAAG,0,2533404
mhpRp2,0.25,3,3,TCCTGCCCCTCCTACTATGG,0,2514462
mhpRp2,0.25,3,3,TCCTGACGCATTGATCTCCC,0,2543940
mhpRp2,0.25,3,3,TCCTCGCGTCTGACGGAGCG,0,2522895
mhpRp2,0.25,3,3,TCCGTGGCGTCCTGGTCGAA,0,2506281
mhpRp2,0.25,3,3,TCCGCGTCCATCCACTTGGG,0,2508649
mhpRp2,0.25,3,3,TCCGCGTATTCACAGATGAT,0,2487362
mhpRp2,0.25,3,3,TCCCGCATACTGGTCCAGCG,0,2508392
mhpRp2,0.25,3,3,TCCCGATGTCGGGCGACCAA,0,2509586
mhpRp2,0.25,3,3,TCCCAGCGGCACGACTCAAT,0,2481710
mhpRp2,0.25,3,3,TCCATTGATAAATGGTTCGG,0,2485496
mhpRp2,0.25,3,3,TCCATCGCCCGCGTGTCTGT,0,2494830
mhpRp2,0.25,3,3,TCCAGTACTCCTGCCCTTGG,0,2528688
mhpRp2,0.25,3,3,TCCAGTACGGCCAGCCGCAG,0,2518465
mhpRp2,0.25,3,3,TCCAGGTTCGCACAGTGAGC,0,2505724
mhpRp2,0.25,3,3,TCCAGGCATCATTGGCGGTA,0,2511796
mhpRp2,0.25,3,3,TCCACTCGGGCTGGACAGCC,0,2510162
mhpRp2,0.25,3,3,TCCACGTGCACTGGAAACAT,0,2523558
mhpRp2,0.25,3,3,TCCACGCCGTTGTTAAACAA,0,2491713
mhpRp2,0.25,3,3,TCCACCATATTTATCCCAGT,0,2505370
mhpRp2,0.25,3,3,TCCAATAACCTAATACTCAG,0,2521710
mhpRp2,0.25,3,3,TCCAAGTGCATTATCTTGGC,0,2520802
mhpRp2,0.25,3,3,TCATTTTATAGAGGTTTGAT,0,2514202
mhpRp2,0.25,3,3,TCATGTGAGCCGGAGTCAGA,0,2531161
mhpRp2,0.25,3,3,TCATGGCGATTGGTCAACTG,0,2532002
mhpRp2,0.25,3,3,TCATGGACAGGGCTACGAGG,0,2490605
mhpRp2,0.25,3,3,TCATGCGTTCCGCAAGTAAC,0,2504144
mhpRp2,0.25,3,3,TCATCTGGAATTGTCCAGGG,0,2530147
mhpRp2,0.25,3,3,TCATCGACGCAGCACCAGAC,0,2507725
mhpRp2,0.25,3,3,TCATAGGCGTTGTGATTTAT,0,2531335
mhpRp2,0.25,3,3,TCATACGCGTTAACTCGCTC,0,2495351
mhpRp2,0.25,3,3,TCATAATGCTTGAGGGCACG,0,2487005
mhpRp2,0.25,3,3,TCAGCGATAAACAACGAAGG,0,2513976
mhpRp2,0.25,3,3,TCAGAGTAATTACCCATCCT,0,2504954
mhpRp2,0.25,3,3,TCAGAGCATTCGGGATCTTG,0,2515547
mhpRp2,0.25,3,3,TCACTGCTTGGTAGAACTGC,0,2533343
mhpRp2,0.25,3,3,TCACGTGACTTGTTGGTCCA,0,2526106
mhpRp2,0.25,3,3,TCACCCTTCATGGAGCTGGA,0,2528381
mhpRp2,0.25,3,3,TCACCCCTGTGATGGATTAC,0,2512277
mhpRp2,0.25,3,3,TCACCAGTTGTATCTTTCCT,0,2525222
mhpRp2,0.25,3,3,TCACAGGTAAAGCTGCTGAT,0,2535041
mhpRp2,0.25,3,3,TCACAATCAATGTACCACTT,0,2541228
mhpRp2,0.25,3,3,TCAATTATGGGACCGTTTCT,0,2512669
mhpRp2,0.25,3,3,TCAATCCGGAAACCCAGTGT,0,2528515
mhpRp2,0.25,3,3,TCAATCACTATAGTGCTCCT,0,2529761
mhpRp2,0.25,3,3,TCAATACCATTAGTAGTTTA,0,2517276
mhpRp2,0.25,3,3,TCAAGGTAGTCCGTCCCGAG,0,2545617
mhpRp2,0.25,3,3,TCAACGTTCTGGTTCTCATA,0,2523802
mhpRp2,0.25,3,3,TCAACCGATGGCATACTCAA,0,2533060
mhpRp2,0.25,3,3,TCAACAAATTCGGTAAGAAC,0,2530839
mhpRp2,0.25,3,3,TCAAAAGTCTGCCGAGAGCC,0,2526921
mhpRp2,0.25,3,3,TATTTACAGTGCTTCGCTAA,0,2498558
mhpRp2,0.25,3,3,TATTTACACGCTCGCGCTCG,0,2533958
mhpRp2,0.25,3,3,TATTGCAGTTCCCTATCACC,0,2522747
mhpRp2,0.25,3,3,TATTGACCGATGTGCCAACA,0,2544547
mhpRp2,0.25,3,3,TATTCATACGCGTCGGTTGG,0,2494156
mhpRp2,0.25,3,3,TATTCACCACTTATCTAGAT,0,2525537
mhpRp2,0.25,3,3,TATTAGCGTGTACCCAATTA,0,2540528
mhpRp2,0.25,3,3,TATTACGGTTTGTTTACAAT,0,2508513
mhpRp2,0.25,3,3,TATTACCAATTAAGTGGATC,0,2484502
mhpRp2,0.25,3,3,TATTAACGGAATGACATGTG,0,2529565
mhpRp2,0.25,3,3,TATGTGGTAATGGGTGAGGC,0,2494423
mhpRp2,0.25,3,3,TATGTGAGATGAGCACACAG,0,2524473
mhpRp2,0.25,3,3,TATGGTAGCGGACGATGAGG,0,2534848
mhpRp2,0.25,3,3,TATGGTAGCACCCTTAGTGT,0,2535878
mhpRp2,0.25,3,3,TATGGGATATTCGACGTGCT,0,2501646
mhpRp2,0.25,3,3,TATGGGAACTGACGTAGCTG,0,2486214
mhpRp2,0.25,3,3,TATGGCGGTGGAGGATGGAC,0,2511385
mhpRp2,0.25,3,3,TATCTTTGTCTTCATTCACA,0,2536401
mhpRp2,0.25,3,3,TATCTGGTAGTGACGTCAGC,0,2485369
mhpRp2,0.25,3,3,TATCTGGACAATAGCTCCCT,0,2522740
mhpRp2,0.25,3,3,TATCTCCGCGATGAGTACTA,0,2534969
mhpRp2,0.25,3,3,TATCGCGCCATCGCGGGCAC,0,2481805
mhpRp2,0.25,3,3,TATCCATACAAATCCGCTAG,0,2493418
mhpRp2,0.25,3,3,TATCAGATCCCCGGTGCCAA,0,2501848
mhpRp2,0.25,3,3,TATCACGACAGTTATATGAA,0,2482586
mhpRp2,0.25,3,3,TATATTGATGGGCGGGCTGG,0,2505923
mhpRp2,0.25,3,3,TATAGTGTCCGTTGACCCTC,0,2511763
mhpRp2,0.25,3,3,TATAGGTCTTGGCTTCCTCA,0,2490102
mhpRp2,0.25,3,3,TATACTGACAGAGCGGCGCA,0,2481787
mhpRp2,0.25,3,3,TATAACGGATTGATGCTTAG,0,2498486
mhpRp2,0.25,3,3,TAGGTTTTCGCTTATTTATC,0,2489895
mhpRp2,0.25,3,3,TAGGTTTTCCGGGTTGGTCT,0,2487909
mhpRp2,0.25,3,3,TAGGTGCTAGAATCGATCGC,0,2495885
mhpRp2,0.25,3,3,TAGGGGTGACGTCCCCTCTG,0,2526148
mhpRp2,0.25,3,3,TAGGGCTTCTTTCTGTCGTC,0,2486090
mhpRp2,0.25,3,3,TAGGCTCGCCCGAATTAACA,0,2541493
mhpRp2,0.25,3,3,TAGGCGGGGGATCGTGTTTT,0,2516104
mhpRp2,0.25,3,3,TAGGCGACCCCGCTTGAGCT,0,2514681
mhpRp2,0.25,3,3,TAGGCCCCGGCGTAATCTAG,0,2524581
mhpRp2,0.25,3,3,TAGGCAAAGGGCTTGACAGA,0,2486903
mhpRp2,0.25,3,3,TAGGATCGCACGCGTTGCAG,0,2537590
mhpRp2,0.25,3,3,TAGGAGTTGTACTCTTCCCG,0,2490100
mhpRp2,0.25,3,3,TAGCTTCTACCTCTCCTCCC,0,2531029
mhpRp2,0.25,3,3,TAGCTATCTGTTGACCTCTA,0,2544920
mhpRp2,0.25,3,3,TAGCGCATTGTGACTAGGTA,0,2544867
mhpRp2,0.25,3,3,TAGCGAGGCAGACTACAAAC,0,2510756
mhpRp2,0.25,3,3,TAGCCGGCTGCCCTAGACAA,0,2513795
mhpRp2,0.25,3,3,TAGCAGTGAAGTGATTTTTA,0,2487704
mhpRp2,0.25,3,3,TAGATTTCGGGTACACGGGG,0,2516746
mhpRp2,0.25,3,3,TAGAGACGGTTCGGTGGACT,0,2535262
mhpRp2,0.25,3,3,TAGACTCGGGGATTCCGGGA,0,2507386
mhpRp2,0.25,3,3,TAGAACCTTTAGTGCCGTAT,0,2511511
mhpRp2,0.25,3,3,TACTTCCTCCAAGGCCGGGT,0,2488662
mhpRp2,0.25,3,3,TACTGGCAGCATCATGTGGA,0,2518508
mhpRp2,0.25,3,3,TACTGCGCTATACTGTGGTC,0,2486943
mhpRp2,0.25,3,3,TACTGAGTGTGTCGCAACGT,0,2537897
mhpRp2,0.25,3,3,TACTGAGAACATTCCTTTTA,0,2527654
mhpRp2,0.25,3,3,TACTAATCTAAGTTTTATTG,0,2534786
mhpRp2,0.25,3,3,TACGTCAATAAAGAAGTCGT,0,2489390
mhpRp2,0.25,3,3,TACGGGAACACCAACTTCGA,0,2534409
mhpRp2,0.25,3,3,TACGCGTTTCAAGCTTATCT,0,2499705
mhpRp2,0.25,3,3,TACGATGAGGTACAGGTGTG,0,2501074
mhpRp2,0.25,3,3,TACGAGTATACCGGTCTCCT,0,2523121
mhpRp2,0.25,3,3,TACGAACCTAGCCGGCTACA,0,2482577
mhpRp2,0.25,3,3,TACCTAAGTGTGGGATAGTT,0,2505231
mhpRp2,0.25,3,3,TACCCCTCGAGTATGCGTAA,0,2484872
mhpRp2,0.25,3,3,TACCACTGGAAGGCCGTGTT,0,2538523
mhpRp2,0.25,3,3,TACATCGTTCCCGGGTTGTG,0,2494665
mhpRp2,0.25,3,3,TACACGCTCTGGATCTGAGT,0,2490733
mhpRp2,0.25,3,3,TAATTTGAGAGAAGAACATA,0,2536864
mhpRp2,0.25,3,3,TAATGTCGCGACGCAACCAA,0,2485679
mhpRp2,0.25,3,3,TAATCTGGGAATTGTTCGAC,0,2482706
mhpRp2,0.25,3,3,TAATCCGGTCCAACGGATTT,0,2491426
mhpRp2,0.25,3,3,TAATATCCCGGAAACAGAGG,0,2504764
mhpRp2,0.25,3,3,TAATACTTTTGTTACACAAA,0,2514532
mhpRp2,0.25,3,3,TAATACTGGAACGCTATTTC,0,2509991
mhpRp2,0.25,3,3,TAAGTTTCTGGACTAATGAT,0,2527193
mhpRp2,0.25,3,3,TAAGGCCCAAAACGTGAATT,0,2517284
mhpRp2,0.25,3,3,TAAGGATTAAATGTCAGGTC,0,2499232
mhpRp2,0.25,3,3,TAAGGATCTGCGGCAGCAGA,0,2488664
mhpRp2,0.25,3,3,TAAGCTGCTGGAGCGCGGTA,0,2538113
mhpRp2,0.25,3,3,TAAGCGTATGATGCTGTATG,0,2479904
mhpRp2,0.25,3,3,TAAGCGGACTCTAGGCGTTT,0,2501818
mhpRp2,0.25,3,3,TAAGCCGGTGGCCATCGGAC,0,2492350
mhpRp2,0.25,3,3,TAAGCATTGGTGTAGCAAAA,0,2504113
mhpRp2,0.25,3,3,TAAGCATCAGGTACTCCGGT,0,2487450
mhpRp2,0.25,3,3,TAAGCATATGTAGGGCAAAG,0,2491892
mhpRp2,0.25,3,3,TAAGCAGATTAGGTATCCTA,0,2500601
mhpRp2,0.25,3,3,TAAGATCGCTACGGCCTGCA,0,2486558
mhpRp2,0.25,3,3,TAAGAGTGAAGAGACTGATA,0,2496210
mhpRp2,0.25,3,3,TAAGAGGTGTATCGCAGGCA,0,2521120
mhpRp2,0.25,3,3,TAAGACTGCGCGCGCGGAGT,0,2487739
mhpRp2,0.25,3,3,TAACTTTATAGAGACTTGGC,0,2516362
mhpRp2,0.25,3,3,TAACTCGAGCTGGTCGTGAG,0,2495882
mhpRp2,0.25,3,3,TAACCGTTGTCCTCAACCTC,0,2512351
mhpRp2,0.25,3,3,TAACCCGGACCCACATTAAA,0,2533071
mhpRp2,0.25,3,3,TAACATTCATCCGGAGGTCA,0,2541978
mhpRp2,0.25,3,3,TAAATTTGAAGTTGACTAAT,0,2480293
mhpRp2,0.25,3,3,TAAATATGCTCTGTTTGTTT,0,2488668
mhpRp2,0.25,3,3,TAAAGTCATGCAGTATTTAG,0,2490295
mhpRp2,0.25,3,3,TAAAGCACGCGGTGTAGCTG,0,2499019
mhpRp2,0.25,3,3,TAAACGCGCTTACGTCAGGC,0,2541920
mhpRp2,0.25,3,3,TAAAAGATCTCTACGGCTAT,0,2485341
mhpRp2,0.25,3,3,TAAAAGAATCCTGCATCTCT,0,2511296
mhpRp2,0.25,3,3,TAAAAAGTACCGTGAAACCT,0,2500302
mhpRp2,0.25,3,3,TAAAAAACGGTCGTGCGCGG,0,2519618
mhpRp2,0.25,3,3,GTTTTCTATGTAGAATGCTC,0,2499723
mhpRp2,0.25,3,3,GTTTTCATCTGTAATCCTGG,0,2498464
mhpRp2,0.25,3,3,GTTTTCAGGCTGTGAATGGC,0,2512736
mhpRp2,0.25,3,3,GTTTGATCTTGGACAGCTGA,0,2543711
mhpRp2,0.25,3,3,GTTTCGGATCTAGAGCGCGA,0,2530886
mhpRp2,0.25,3,3,GTTTAAGTCGAGTTCCACTA,0,2526429
mhpRp2,0.25,3,3,GTTTAAGGTAGAGGGGCGTA,0,2503539
mhpRp2,0.25,3,3,GTTGTGCGAAGGAGGACGTA,0,2535155
mhpRp2,0.25,3,3,GTTGTACCCGCTCCTCTGGA,0,2493225
mhpRp2,0.25,3,3,GTTGGGCAGCCCCCCAGCAT,0,2515800
mhpRp2,0.25,3,3,GTTGGAGTGCGCTGCAAGGA,0,2507479
mhpRp2,0.25,3,3,GTTGGACAGTTTTCAGGAAG,0,2512138
mhpRp2,0.25,3,3,GTTGCTGTTCGGCGAATAAC,0,2539040
mhpRp2,0.25,3,3,GTTGAGAGGCCGGGGGCTCT,0,2529300
mhpRp2,0.25,3,3,GTTCGATGCAAGTGTCTCAC,0,2503194
mhpRp2,0.25,3,3,GTTCGAGTTTGATAAACACC,0,2495132
mhpRp2,0.25,3,3,GTTCACGAGTGGGATCCGGA,0,2502355
mhpRp2,0.25,3,3,GTTCAATGCAAACGAAGATC,0,2515802
mhpRp2,0.25,3,3,GTTCAATAACTATTTGTGCT,0,2488372
mhpRp2,0.25,3,3,GTTATGACTCCCAGCATGTG,0,2488089
mhpRp2,0.25,3,3,GTTATATGACGTTAACTGAC,0,2515213
mhpRp2,0.25,3,3,GTTATAGTTTGATTGCAAAT,0,2525791
mhpRp2,0.25,3,3,GTTACCGACGGTAGGCATAC,0,2523879
mhpRp2,0.25,3,3,GTTACAACATGACTGCAGGA,0,2514709
mhpRp2,0.25,3,3,GTGTTTGACGTTGGTGGCGA,0,2543538
mhpRp2,0.25,3,3,GTGTGGCAGTGTGGGACTTA,0,2484169
mhpRp2,0.25,3,3,GTGTGGCAAGTGGGGCGATG,0,2545394
mhpRp2,0.25,3,3,GTGTCTATAAAGACGGTTTC,0,2541912
mhpRp2,0.25,3,3,GTGTCAAGTTCGGACGCGGA,0,2530254
mhpRp2,0.25,3,3,GTGTATGGAAGTAAGAGTCC,0,2542031
mhpRp2,0.25,3,3,GTGGTTACGACGAAGAAACA,0,2507183
mhpRp2,0.25,3,3,GTGGTGGCCCCCTTTTGGCT,0,2507474
mhpRp2,0.25,3,3,GTGGTGCTGACGGTCCTGCG,0,2534170
mhpRp2,0.25,3,3,GTGGTGCTATTCCTCCCTGA,0,2530450
mhpRp2,0.25,3,3,GTGGGTTCACGTATGCCGGA,0,2502540
mhpRp2,0.25,3,3,GTGGGGTCTGCTAGCCTGCA,0,2498085
mhpRp2,0.25,3,3,GTGGGGAGAGTCAACATCCT,0,2541107
mhpRp2,0.25,3,3,GTGGGCACTCCGCTCTACCT,0,2528000
mhpRp2,0.25,3,3,GTGGGCACCACTATTAGGGA,0,2489218
mhpRp2,0.25,3,3,GTGGCACAGTAAGCTCGGGA,0,2516617
mhpRp2,0.25,3,3,GTGGATGGTGTATAGCCTGC,0,2480586
mhpRp2,0.25,3,3,GTGGATATCTTAGTTTCAAA,0,2516483
mhpRp2,0.25,3,3,GTGCTCCCACTTTGCGTGTG,0,2531415
mhpRp2,0.25,3,3,GTGCCTATATGAGGCACGTG,0,2520854
mhpRp2,0.25,3,3,GTGCCTACCGGCAAATCTAC,0,2541647
mhpRp2,0.25,3,3,GTGCCTACAGATATATGCTT,0,2528886
mhpRp2,0.25,3,3,GTGCCGACTGGTAGGGTCGT,0,2532329
mhpRp2,0.25,3,3,GTGCCCATGCGTTCCTTAGA,0,2519541
mhpRp2,0.25,3,3,GTGCCAGGGTTTCTTCAACA,0,2544968
mhpRp2,0.25,3,3,GTGCAATGGGATGATGTCCC,0,2503753
mhpRp2,0.25,3,3,GTGATTTAACAATTCGCCGC,0,2505897
mhpRp2,0.25,3,3,GTGATCTCCAATCGACGCCA,0,2487924
mhpRp2,0.25,3,3,GTGAGCTCCCAGGGACATTT,0,2526898
mhpRp2,0.25,3,3,GTGAGCCAACATGCTGAGTG,0,2540383
mhpRp2,0.25,3,3,GTGAGAACGGGAAAATAGAA,0,2519083
mhpRp2,0.25,3,3,GTGACTCTCAGCGTGACTGG,0,2479591
mhpRp2,0.25,3,3,GTGACCCCGTCTAATCCATG,0,2543992
mhpRp2,0.25,3,3,GTGAATAGCTAGGTGCCGTA,0,2543507
mhpRp2,0.25,3,3,GTGAACTATGCGTATACCAA,0,2487253
mhpRp2,0.25,3,3,GTCTTGCTGGTGCTTACTCT,0,2542216
mhpRp2,0.25,3,3,GTCTGTATCACCATAGTCCG,0,2487740
mhpRp2,0.25,3,3,GTCTGGCTATCCCCGGGTCA,0,2492851
mhpRp2,0.25,3,3,GTCTGGCGAGCAGCTTAGAC,0,2484299
mhpRp2,0.25,3,3,GTCTGCGGGCCAAAAGGAAG,0,2536409
mhpRp2,0.25,3,3,GTCTGATTGGAGCTCTCTGG,0,2523674
mhpRp2,0.25,3,3,GTCTGATGGTAACTTTCTGC,0,2544486
mhpRp2,0.25,3,3,GTCTGACTAAATTTAGCGAT,0,2503378
mhpRp2,0.25,3,3,GTCTCGATTTTTTAGAGTGG,0,2516482
mhpRp2,0.25,3,3,GTCTCCAGAGCACAACACAA,0,2535670
mhpRp2,0.25,3,3,GTCTCATTTTACGGAGGTAA,0,2481334
mhpRp2,0.25,3,3,GTCTCAGACGTCACACGTAG,0,2524553
mhpRp2,0.25,3,3,GTCTCACCGGCGCTCTCCGA,0,2516778
mhpRp2,0.25,3,3,GTCTAGCGTGTATCAGATCC,0,2502863
mhpRp2,0.25,3,3,GTCTAGAGTTTTGTCGTTGG,0,2517357
mhpRp2,0.25,3,3,GTCTAAGGCAACAATAGTTT,0,2511136
mhpRp2,0.25,3,3,GTCTAACAGTTGCGGGGCAA,0,2496480
mhpRp2,0.25,3,3,GTCGTGGCAGTACTCGAGAT,0,2504981
mhpRp2,0.25,3,3,GTCGTGAATTAGCTGAGTTA,0,2507822
mhpRp2,0.25,3,3,GTCGTAAATCAGATGTGTAA,0,2537843
mhpRp2,0.25,3,3,GTCGGTGATTTAGGCGCGAC,0,2525962
mhpRp2,0.25,3,3,GTCGGGGGCTGTGAGGGTCT,0,2505452
mhpRp2,0.25,3,3,GTCGGCGGGGGGTACAATAA,0,2532514
mhpRp2,0.25,3,3,GTCGGAAGTTCGCAGTTAAC,0,2519051
mhpRp2,0.25,3,3,GTCGCGGCTACGTCTAAGGT,0,2537509
mhpRp2,0.25,3,3,GTCGCGACAGGTACTGGTGT,0,2517286
mhpRp2,0.25,3,3,GTCGCCATTAGCAGAGCGCT,0,2531509
mhpRp2,0.25,3,3,GTCCTTGCAGAGCTGAAGGA,0,2519183
mhpRp2,0.25,3,3,GTCCGTGGGAGTCGTCAAAA,0,2495201
mhpRp2,0.25,3,3,GTCCGGGAGATGTTAGCTAC,0,2509590
mhpRp2,0.25,3,3,GTCCGCCCTCGACCAACCTC,0,2509406
mhpRp2,0.25,3,3,GTCCCGCGCTGATCCCCGCT,0,2542048
mhpRp2,0.25,3,3,GTCCCACCGCCCGTTCTGGA,0,2511465
mhpRp2,0.25,3,3,GTCCATTTTAGGGTACGGGA,0,2479961
mhpRp2,0.25,3,3,GTCCAAATGTAATCAAACGT,0,2505098
mhpRp2,0.25,3,3,GTCATGTCGTTGTTGGTAGG,0,2487203
mhpRp2,0.25,3,3,GTCATAATTAATACAAATAT,0,2520131
mhpRp2,0.25,3,3,GTCAGTAGAATCGTTACCAG,0,2521754
mhpRp2,0.25,3,3,GTCACCGTGGCAAGCTGTCT,0,2483405
mhpRp2,0.25,3,3,GTCACCCAAACTGGGCCCTC,0,2516192
mhpRp2,0.25,3,3,GTCAATTATAGTAAGTGTTG,0,2492394
mhpRp2,0.25,3,3,GTCAATTAGTTGGGCGGACC,0,2497252
mhpRp2,0.25,3,3,GTCAAAACTTCCAGGCTATC,0,2532531
mhpRp2,0.25,3,3,GTATTGCAGTACAACCGGCC,0,2498471
mhpRp2,0.25,3,3,GTATTGACGAGATGATGAGA,0,2539647
mhpRp2,0.25,3,3,GTATTCCCTTTCACAAGCAA,0,2539095
mhpRp2,0.25,3,3,GTATGTTAAGGTTACCAAGG,0,2493787
mhpRp2,0.25,3,3,GTATCAAGTTTGGTACAACC,0,2545064
mhpRp2,0.25,3,3,GTATATGTGGTAAGTCGAAT,0,2496927
mhpRp2,0.25,3,3,GTAGGTCTAGGAGCAAATAA,0,2540503
mhpRp2,0.25,3,3,GTAGGTCCGATGTAGCGTAC,0,2488666
mhpRp2,0.25,3,3,GTAGGCATCCAGAGGTGAGA,0,2488044
mhpRp2,0.25,3,3,GTAGCTCCCGGGGTCGCGGG,0,2505553
mhpRp2,0.25,3,3,GTACTCTTTATGACCGTGGA,0,2516005
mhpRp2,0.25,3,3,GTACTCGCTTCTAGGAGGTC,0,2540100
mhpRp2,0.25,3,3,GTACGTCAGTTACCCTGATT,0,2523659
mhpRp2,0.25,3,3,GTACGGAAGATTCCTGCAGA,0,2483233
mhpRp2,0.25,3,3,GTACGCCGTTCTAGCTATTC,0,2513368
mhpRp2,0.25,3,3,GTACCGTGGAGGATTGCATT,0,2500011
mhpRp2,0.25,3,3,GTACCCGATTAGCGTACGGA,0,2523483
mhpRp2,0.25,3,3,GTACACTATGCTTCGTTAAG,0,2479613
mhpRp2,0.25,3,3,GTAATGGTCCCTCGAGCACT,0,2480203
mhpRp2,0.25,3,3,GTAATCTTCACCAGGGCTTT,0,2488020
mhpRp2,0.25,3,3,GTAATCGCGACCGATGCATT,0,2516327
mhpRp2,0.25,3,3,GTAAGCACGGCCGCTGCCAA,0,2497933
mhpRp2,0.25,3,3,GTAAGATTGGAATGGGACAT,0,2503129
mhpRp2,0.25,3,3,GTAAGAGGCCGTGGCGGACC,0,2497504
mhpRp2,0.25,3,3,GTAACGGAGCAGTTTAGAAA,0,2512574
mhpRp2,0.25,3,3,GTAACCTCAGATTCGTCTTT,0,2541993
mhpRp2,0.25,3,3,GGTTTCCTCCCTAACATAGA,0,2511818
mhpRp2,0.25,3,3,GGTTTAGTCTAGGTATCAGG,0,2518293
mhpRp2,0.25,3,3,GGTTGTGTCCCAATAAGCAC,0,2531163
mhpRp2,0.25,3,3,GGTTGTGGTGGTTGAGACGT,0,2534353
mhpRp2,0.25,3,3,GGTTGGGGGTGTGAGTGAGT,0,2519748
mhpRp2,0.25,3,3,GGTTCCGGACGAGAGCAAAA,0,2525104
mhpRp2,0.25,3,3,GGTTCCCCTCTACAGGCTAA,0,2542100
mhpRp2,0.25,3,3,GGTTAGTCCCATTAACCGAT,0,2540247
mhpRp2,0.25,3,3,GGTTACCGTATGGATCCGAA,0,2500075
mhpRp2,0.25,3,3,GGTGGGGAGTCGAAAGTCGT,0,2528142
mhpRp2,0.25,3,3,GGTGGCGGATTCACTCCCAT,0,2501324
mhpRp2,0.25,3,3,GGTGGCCAGCTGAGCCCGCC,0,2522404
mhpRp2,0.25,3,3,GGTGGATTTCCCTAAATTTT,0,2483625
mhpRp2,0.25,3,3,GGTGCTCCGTTAACGCAGCT,0,2513166
mhpRp2,0.25,3,3,GGTGCGTCTTGGATTCTGGT,0,2491255
mhpRp2,0.25,3,3,GGTGAGATGGTGCTTAGTGG,0,2500684
mhpRp2,0.25,3,3,GGTCTTCAGTTACTCGAACT,0,2485047
mhpRp2,0.25,3,3,GGTCGTCGGATCCGGTCGCC,0,2497251
mhpRp2,0.25,3,3,GGTCGTCGATGTCTTTCAGT,0,2489900
mhpRp2,0.25,3,3,GGTCGTAGCCAACAGCCCCT,0,2529252
mhpRp2,0.25,3,3,GGTCGATAGACACCGCTTGC,0,2513708
mhpRp2,0.25,3,3,GGTCATCACGTCCAGGTTTA,0,2487037
mhpRp2,0.25,3,3,GGTATGGCATAGGAATCGGT,0,2544171
mhpRp2,0.25,3,3,GGTATCGGGACGACTCTTAT,0,2490484
mhpRp2,0.25,3,3,GGTATATCCCCCACCGTGGA,0,2528731
mhpRp2,0.25,3,3,GGTAGGAGTATGTGCGATCG,0,2495692
mhpRp2,0.25,3,3,GGTAGATCGCGTTGCGGGCA,0,2537893
mhpRp2,0.25,3,3,GGTACGTCACGAATTTGCCC,0,2491028
mhpRp2,0.25,3,3,GGTAAGTCCGGGGAGAATTG,0,2511021
mhpRp2,0.25,3,3,GGTAACAAACCAGTGTTGGA,0,2532472
mhpRp2,0.25,3,3,GGGTTTTCTTAGGTACAGGT,0,2517592
mhpRp2,0.25,3,3,GGGTTGTGTACGCTAAGTCT,0,2540947
mhpRp2,0.25,3,3,GGGTTGAGACCTGGGTCCAA,0,2501774
mhpRp2,0.25,3,3,GGGTTAGTCTTCTAAACCAG,0,2496061
mhpRp2,0.25,3,3,GGGTTAATTTCTATGTACCT,0,2486476
mhpRp2,0.25,3,3,GGGTGTGGAGGCTGTGTCAT,0,2528089
mhpRp2,0.25,3,3,GGGTGATCATCCCGGCACAT,0,2529477
mhpRp2,0.25,3,3,GGGTGAAATATAGTTTGAAC,0,2493615
mhpRp2,0.25,3,3,GGGTAATAGGAAATTCGACC,0,2512313
mhpRp2,0.25,3,3,GGGGTTAGGACTCGAAGCAA,0,2497117
mhpRp2,0.25,3,3,GGGGGTTCAGGTCTTCCTTT,0,2504926
mhpRp2,0.25,3,3,GGGGGGGCAGGCTCTCAGCT,0,2544084
mhpRp2,0.25,3,3,GGGGGAAGTCAGGTCAGCTA,0,2486783
mhpRp2,0.25,3,3,GGGGCCACTCTACTCTATTG,0,2534384
mhpRp2,0.25,3,3,GGGGACGCCTAAAAGCACCT,0,2489802
mhpRp2,0.25,3,3,GGGGAATAATACTGGTCGAT,0,2526841
mhpRp2,0.25,3,3,GGGGAAGTCTAGTCCAATAT,0,2530622
mhpRp2,0.25,3,3,GGGGAACTCGTTCACTAATG,0,2490455
mhpRp2,0.25,3,3,GGGCTTAGCCAAACTTAAAG,0,2490889
mhpRp2,0.25,3,3,GGGCGCATGTGTTCTGGGAC,0,2545456
mhpRp2,0.25,3,3,GGGCCTCCGGCGAGTTCGCG,0,2532021
mhpRp2,0.25,3,3,GGGCCATAGTATCACCTGGG,0,2499115
mhpRp2,0.25,3,3,GGGCACCCGCCAAGGTGCCT,0,2498754
mhpRp2,0.25,3,3,GGGATTTCATCGCGGCAAGT,0,2511983
mhpRp2,0.25,3,3,GGGATGGTTAAAGTGTACGT,0,2545738
mhpRp2,0.25,3,3,GGGATATGGTAGAGAACTTG,0,2493973
mhpRp2,0.25,3,3,GGGAGAAACGGAAGCTCGGA,0,2515854
mhpRp2,0.25,3,3,GGGACCAGGCGTGCGTTATA,0,2488158
mhpRp2,0.25,3,3,GGGACAGGCTTTACAACATA,0,2533519
mhpRp2,0.25,3,3,GGGACACCAACGGGAGGTGA,0,2489661
mhpRp2,0.25,3,3,GGGAATGAGTCGGTTGCTTC,0,2490912
mhpRp2,0.25,3,3,GGGAAAAATGTGACAAGTTC,0,2496324
mhpRp2,0.25,3,3,GGCTTTGTATCCGCAATAAG,0,2521950
mhpRp2,0.25,3,3,GGCTGGCCTAGCGGCTAGGA,0,2529039
mhpRp2,0.25,3,3,GGCTGCCGCGGACCTCTCAT,0,2495139
mhpRp2,0.25,3,3,GGCTGAAGGTCTGTGACAGT,0,2533936
mhpRp2,0.25,3,3,GGCTCGGTCTCAAGATCCGG,0,2483631
mhpRp2,0.25,3,3,GGCTCGAAATGGGTTGGCCA,0,2508785
mhpRp2,0.25,3,3,GGCTCCCATTGCGTCTGTTA,0,2545352
mhpRp2,0.25,3,3,GGCTAATTAACATCTTAATT,0,2534722
mhpRp2,0.25,3,3,GGCGTTGTGGCACATGGATT,0,2531817
mhpRp2,0.25,3,3,GGCGTCCTGACACCCTTGAC,0,2514319
mhpRp2,0.25,3,3,GGCGGTCTTGGTTGATCCGT,0,2543661
mhpRp2,0.25,3,3,GGCGGCCACTTGCATGCATG,0,2506644
mhpRp2,0.25,3,3,GGCGCTTCTCGTGTACGCAA,0,2490544
mhpRp2,0.25,3,3,GGCGCGTTTTTAATAAACCT,0,2519710
mhpRp2,0.25,3,3,GGCGCGTACTAGGGTTCAGC,0,2529273
mhpRp2,0.25,3,3,GGCGAGATCGTTACCTTGTT,0,2520060
mhpRp2,0.25,3,3,GGCGAAGTATCGTGAAGGAT,0,2495224
mhpRp2,0.25,3,3,GGCGAACGTGCAGAAGGAGG,0,2509096
mhpRp2,0.25,3,3,GGCCTTTGGTGCCACTGCGG,0,2502356
mhpRp2,0.25,3,3,GGCCTGCATTGCCGTAGCGA,0,2542610
mhpRp2,0.25,3,3,GGCCCCGCGTCCCCATTGAC,0,2530447
mhpRp2,0.25,3,3,GGCCCAAGACTGCGGGTCAG,0,2530828
mhpRp2,0.25,3,3,GGCCACCGGAATAATACCTT,0,2479631
mhpRp2,0.25,3,3,GGCCAATGGGCAAGTGCCAT,0,2543585
mhpRp2,0.25,3,3,GGCCAACTTTCTCATGGAGT,0,2487355
mhpRp2,0.25,3,3,GGCATTCACGAGCACCGCTA,0,2533739
mhpRp2,0.25,3,3,GGCATGCCTGATACTAATAG,0,2520717
mhpRp2,0.25,3,3,GGCATAGTGCTTCGTTCGGC,0,2516061
mhpRp2,0.25,3,3,GGCAGTCCTGGAAGGGACAG,0,2493165
mhpRp2,0.25,3,3,GGCACCTCAAGAGCGTCCAA,0,2495728
mhpRp2,0.25,3,3,GGCACACTCGTTTTTCGGAC,0,2501925
mhpRp2,0.25,3,3,GGCACACCGCGCGCATCGCG,0,2480312
mhpRp2,0.25,3,3,GGCAACCTCAGAGGATAAGG,0,2539604
mhpRp2,0.25,3,3,GGATTCAGCCGGTCATCGCC,0,2482843
mhpRp2,0.25,3,3,GGATTATCTCGTAGTTCGAT,0,2500513
mhpRp2,0.25,3,3,GGATAGGCCCGGCGTTAATA,0,2536702
mhpRp2,0.25,3,3,GGAGTTAGTCCAGTAAACAA,0,2495497
mhpRp2,0.25,3,3,GGAGGTGGAGTGGATCGCTC,0,2500424
mhpRp2,0.25,3,3,GGAGGGTACTGAAATGGAAA,0,2482573
mhpRp2,0.25,3,3,GGAGGCGTTTACTATAGCTC,0,2545870
mhpRp2,0.25,3,3,GGAGCCAGGTCTCGCATGAA,0,2483661
mhpRp2,0.25,3,3,GGAGAGCGGCGATAGGAATT,0,2502399
mhpRp2,0.25,3,3,GGAGACCAGTAGGACATGGC,0,2512240
mhpRp2,0.25,3,3,GGAGAACGGCCGTTATATCG,0,2539328
mhpRp2,0.25,3,3,GGACTTCTAAAATCCCAACC,0,2497209
mhpRp2,0.25,3,3,GGACGTTACCATCAGAACGG,0,2543194
mhpRp2,0.25,3,3,GGACGGTTACACTTTTTGGG,0,2532758
mhpRp2,0.25,3,3,GGACGATTTGTGGCCTCGAG,0,2489868
mhpRp2,0.25,3,3,GGACCTTAAAATAGTATTAT,0,2481586
mhpRp2,0.25,3,3,GGACCCGGCTATTTCTTTTA,0,2481061
mhpRp2,0.25,3,3,GGACATCACTAACCAATATG,0,2504529
mhpRp2,0.25,3,3,GGAATTCCCCAATTCGACTG,0,2538330
mhpRp2,0.25,3,3,GGAATGAAAGTCGGCGTTCA,0,2511977
mhpRp2,0.25,3,3,GGAATCGATTGCGGCAGACC,0,2485083
mhpRp2,0.25,3,3,GGAATAAGCCACTTATCTCC,0,2489430
mhpRp2,0.25,3,3,GGAAGTTTAACGCAGTGATC,0,2506310
mhpRp2,0.25,3,3,GGAAGGGTTCATCGGCAGCT,0,2511484
mhpRp2,0.25,3,3,GGAAGATACCTTTTCGCGGG,0,2488493
mhpRp2,0.25,3,3,GGAAGAGTGTTCATATCGAT,0,2525285
mhpRp2,0.25,3,3,GGAACGCGCGGTAAGGGCAG,0,2512990
mhpRp2,0.25,3,3,GGAACCTGCCAGTAAAATGT,0,2520483
mhpRp2,0.25,3,3,GGAACCGGTAATTCATTTCA,0,2513302
mhpRp2,0.25,3,3,GGAACCCGTGGCGGCAGGGG,0,2515053
mhpRp2,0.25,3,3,GGAACCAACTCGCAAGCTGA,0,2524844
mhpRp2,0.25,3,3,GGAAATTGGTGAGTGGGAGC,0,2493535
mhpRp2,0.25,3,3,GGAAATCGAGCTACGGACTT,0,2528386
mhpRp2,0.25,3,3,GGAAAGTGCATACCGGATTA,0,2522019
mhpRp2,0.25,3,3,GGAAAGTAATGAACGAGTTG,0,2483123
mhpRp2,0.25,3,3,GGAAACCGTCAATAACCACC,0,2502460
mhpRp2,0.25,3,3,GGAAAATTGTCTCACTCCCA,0,2500650
mhpRp2,0.25,3,3,GCTTTTACGTCATTTAGCTT,0,2539191
mhpRp2,0.25,3,3,GCTTTCTATCCATGCAAGGA,0,2521801
mhpRp2,0.25,3,3,GCTTATGGCATCAGAGATAT,0,2488349
mhpRp2,0.25,3,3,GCTTACCAGACGACGAAGAG,0,2526181
mhpRp2,0.25,3,3,GCTTAAATTGATTATCACTT,0,2484288
mhpRp2,0.25,3,3,GCTGGTAGCGAAACAAGTGG,0,2526707
mhpRp2,0.25,3,3,GCTGGCTGAGGCGTTCGTCT,0,2512707
mhpRp2,0.25,3,3,GCTGATCATATAGGAGTTAT,0,2488154
mhpRp2,0.25,3,3,GCTGATCACGCTGCATGTAC,0,2543504
mhpRp2,0.25,3,3,GCTGACACCCAACATTTCCT,0,2479866
mhpRp2,0.25,3,3,GCTCTTCCTGAGGCACGCTG,0,2504577
mhpRp2,0.25,3,3,GCTCGATGCGGGTCGGTGGT,0,2528939
mhpRp2,0.25,3,3,GCTCCGGGTGCCAGTTTAGA,0,2480326
mhpRp2,0.25,3,3,GCTCCCTTAACGGTGAACAC,0,2520371
mhpRp2,0.25,3,3,GCTCATGATGCGGCATCCGA,0,2502482
mhpRp2,0.25,3,3,GCTCAGTGACCATCGCACTT,0,2501468
mhpRp2,0.25,3,3,GCTCAGTACGACGCAATTTA,0,2528121
mhpRp2,0.25,3,3,GCTATTCGGGTACATCATTA,0,2486626
mhpRp2,0.25,3,3,GCTATGGCTAGGTAGACCAC,0,2510647
mhpRp2,0.25,3,3,GCTATCGGATATGATAAGAG,0,2534986
mhpRp2,0.25,3,3,GCTATCCGGAGCCTCTGTGC,0,2530173
mhpRp2,0.25,3,3,GCTATCCAAGCTCCATTGGT,0,2535349
mhpRp2,0.25,3,3,GCTATATCACAAAAAATAAA,0,2512775
mhpRp2,0.25,3,3,GCTATAGTATTATGCTTCGA,0,2541080
mhpRp2,0.25,3,3,GCTAGTTTTTGCTCTTCGTG,0,2493131
mhpRp2,0.25,3,3,GCTAGAAGCCGGCGCTCGCT,0,2491993
mhpRp2,0.25,3,3,GCTACGTGCTGAACAGCGCT,0,2521879
mhpRp2,0.25,3,3,GCTACAGTTACTGAACAAGT,0,2490667
mhpRp2,0.25,3,3,GCGTTGGAGGTGAGAAATGA,0,2522500
mhpRp2,0.25,3,3,GCGTTCGTTCGGCCGACGAA,0,2505726
mhpRp2,0.25,3,3,GCGTTCCGAACTCCGAAGAG,0,2511462
mhpRp2,0.25,3,3,GCGTGTATTGGACCGCTCGT,0,2493230
mhpRp2,0.25,3,3,GCGTGCAACAATCCTATTTA,0,2523985
mhpRp2,0.25,3,3,GCGTGAGTTAGCTGTGTTCC,0,2535779
mhpRp2,0.25,3,3,GCGTCGCGGGACAACCGAAA,0,2525781
mhpRp2,0.25,3,3,GCGTCAGCATCCTGCCTCGG,0,2523872
mhpRp2,0.25,3,3,GCGGTCTACTAAACAACCCC,0,2490522
mhpRp2,0.25,3,3,GCGGTACGGTGCAAGAAGCC,0,2541155
mhpRp2,0.25,3,3,GCGGTACCTCGGTATCAGTC,0,2509839
mhpRp2,0.25,3,3,GCGGGGCCAATGAACACTAT,0,2499303
mhpRp2,0.25,3,3,GCGGGACGGATGGCACACAT,0,2488831
mhpRp2,0.25,3,3,GCGGCCCCGACAAAACCCAC,0,2484046
mhpRp2,0.25,3,3,GCGGAAAGCCACATGTTTTC,0,2484841
mhpRp2,0.25,3,3,GCGCTCGAATCTATCGGTGG,0,2518558
mhpRp2,0.25,3,3,GCGCTCAAGTGGGCGCGGAT,0,2535252
mhpRp2,0.25,3,3,GCGCGTGGGCTCCCCACAGT,0,2507723
mhpRp2,0.25,3,3,GCGCCTTAGGTGTATTGCAT,0,2533491
mhpRp2,0.25,3,3,GCGCATTGTAAAGTGACAGT,0,2499518
mhpRp2,0.25,3,3,GCGCATAAGCAACCCCCATG,0,2504436
mhpRp2,0.25,3,3,GCGATATCGCCAGCACAATA,0,2498456
mhpRp2,0.25,3,3,GCGACCGCGAAGCATCACTA,0,2511706
mhpRp2,0.25,3,3,GCGACAACAATCGTGAAGAC,0,2494215
mhpRp2,0.25,3,3,GCGAACGCGGGATACAGCCC,0,2535733
mhpRp2,0.25,3,3,GCCTTTCCCAGTTATGGGAC,0,2525546
mhpRp2,0.25,3,3,GCCTTGTTCGCCTCCCATAT,0,2505436
mhpRp2,0.25,3,3,GCCTGGATGATCACATGGAG,0,2493968
mhpRp2,0.25,3,3,GCCTCTTTTTTATGGGTAAG,0,2536998
mhpRp2,0.25,3,3,GCCTATCAATCAGGCTTTGC,0,2499469
mhpRp2,0.25,3,3,GCCTACATTAGGATATTCTT,0,2535875
mhpRp2,0.25,3,3,GCCTAAGGCTTGCAACTATT,0,2501017
mhpRp2,0.25,3,3,GCCGTTGAGTCTTTAGACAA,0,2521558
mhpRp2,0.25,3,3,GCCGTGGCTATGGCTACGAC,0,2530621
mhpRp2,0.25,3,3,GCCGATATTCGTCACACAGT,0,2515789
mhpRp2,0.25,3,3,GCCGACCCCTAGTTGTCATT,0,2507789
mhpRp2,0.25,3,3,GCCCTTTCCCCAGGGTCCGC,0,2526990
mhpRp2,0.25,3,3,GCCCGGACTCAGCACGGCTG,0,2515542
mhpRp2,0.25,3,3,GCCATGGCGGCAACCTGTGT,0,2518324
mhpRp2,0.25,3,3,GCCATATGTAGGACCCGAGA,0,2481135
mhpRp2,0.25,3,3,GCCAGTATGTGCAGCGTCTC,0,2504245
mhpRp2,0.25,3,3,GCCAAACCATGCGGGATCTC,0,2531975
mhpRp2,0.25,3,3,GCATTTGCCACGATCGAGAG,0,2492799
mhpRp2,0.25,3,3,GCATTGCAAGTGCACTTAGA,0,2495421
mhpRp2,0.25,3,3,GCATTCGATAGACACGAACG,0,2488104
mhpRp2,0.25,3,3,GCATTCATCACAACTCGGTG,0,2484698
mhpRp2,0.25,3,3,GCATGTTCTGTAGCGGCGGA,0,2514301
mhpRp2,0.25,3,3,GCATGGTCTATTCTTATGCC,0,2487252
mhpRp2,0.25,3,3,GCATGATTTGCACTGCAACT,0,2529338
mhpRp2,0.25,3,3,GCATGACGTGCGACATAGAC,0,2505603
mhpRp2,0.25,3,3,GCATCGACAATCTTGACTTG,0,2517300
mhpRp2,0.25,3,3,GCATAGGTTCGGATCGCGGA,0,2490173
mhpRp2,0.25,3,3,GCAGTGTGGGGGCAGTCTTA,0,2498906
mhpRp2,0.25,3,3,GCAGTGGTCCCCCTCTCAAT,0,2521265
mhpRp2,0.25,3,3,GCAGTGGTATCAGCGAAATT,0,2495986
mhpRp2,0.25,3,3,GCAGTGGAAGGGCAGGCATG,0,2499180
mhpRp2,0.25,3,3,GCAGTCGAGACTTACGGAGG,0,2540720
mhpRp2,0.25,3,3,GCAGTCCCGTCTCATGCTGT,0,2504888
mhpRp2,0.25,3,3,GCAGGCTTTTAAGACATAAT,0,2539937
mhpRp2,0.25,3,3,GCAGGCGGTTAGTCCGTCTC,0,2498755
mhpRp2,0.25,3,3,GCAGCGCCGCGTAGGGAGTA,0,2481186
mhpRp2,0.25,3,3,GCAGCCATGCGACGCACGGG,0,2502427
mhpRp2,0.25,3,3,GCAGACGGGGATATTACGCC,0,2535599
mhpRp2,0.25,3,3,GCAGACCGGCGTATAGGTAT,0,2531289
mhpRp2,0.25,3,3,GCACTTTAAGCTCATCCGTC,0,2524055
mhpRp2,0.25,3,3,GCACTCTGGTCCCCCGCTCC,0,2533149
mhpRp2,0.25,3,3,GCACGTAATATCGGGGTGTC,0,2523330
mhpRp2,0.25,3,3,GCACGGCAGCCCGGCAGTGG,0,2514377
mhpRp2,0.25,3,3,GCACCTGTTGATTACTTGAA,0,2525054
mhpRp2,0.25,3,3,GCACCCCTACTATTGAGACT,0,2519614
mhpRp2,0.25,3,3,GCACCCACGTGTGTAACCCG,0,2491570
mhpRp2,0.25,3,3,GCACATATTTCTAAACACTT,0,2492243
mhpRp2,0.25,3,3,GCAATGTACTCGCTAACTAA,0,2502591
mhpRp2,0.25,3,3,GCAAGTGAGGTCGCGCGAAG,0,2503929
mhpRp2,0.25,3,3,GCAAGGTCATAAGGATGCAT,0,2505290
mhpRp2,0.25,3,3,GCAAGACGTACAGCGTACAT,0,2501744
mhpRp2,0.25,3,3,GCAACACGGGGTGGCAGCCC,0,2514690
mhpRp2,0.25,3,3,GATTTAGTTACATATACGCG,0,2544510
mhpRp2,0.25,3,3,GATTTAAAGAGGCAGAGAGC,0,2489246
mhpRp2,0.25,3,3,GATTGGGAGCTGGCAATAGG,0,2487533
mhpRp2,0.25,3,3,GATTGCATGGGCAAAATTAC,0,2498258
mhpRp2,0.25,3,3,GATTGATTATGTGTACGGTT,0,2481023
mhpRp2,0.25,3,3,GATTCCCCCCCAAACGACCT,0,2517570
mhpRp2,0.25,3,3,GATGTTCAGAGCTGTCAACA,0,2538362
mhpRp2,0.25,3,3,GATGTGATTTACATTGCGCG,0,2501363
mhpRp2,0.25,3,3,GATGTGACCGAATGTTGCAT,0,2516753
mhpRp2,0.25,3,3,GATGGTTCGCTTCTATACCG,0,2491773
mhpRp2,0.25,3,3,GATGGCAGACATATTGTACA,0,2532025
mhpRp2,0.25,3,3,GATGCGGGGGTGAAATCAGT,0,2540641
mhpRp2,0.25,3,3,GATGAGTTCTCGAGAGCACG,0,2518470
mhpRp2,0.25,3,3,GATGACTGTGACGGCCCGAC,0,2539030
mhpRp2,0.25,3,3,GATGACATATACGGTAATGT,0,2495992
mhpRp2,0.25,3,3,GATCTGGATTGCCAAGTTTT,0,2497193
mhpRp2,0.25,3,3,GATCTCTTAAAGAAACTTTA,0,2523789
mhpRp2,0.25,3,3,GATCGTAAAACGATTATTGC,0,2492807
mhpRp2,0.25,3,3,GATCGCGCAGGTTGATGACC,0,2492091
mhpRp2,0.25,3,3,GATCCATTGCAAAAGGTCTT,0,2523853
mhpRp2,0.25,3,3,GATATGTTCGACGAGCCATT,0,2492373
mhpRp2,0.25,3,3,GATATCTGCTCCGGAATCCT,0,2533319
mhpRp2,0.25,3,3,GATAGTAGTGGGGAGATTGT,0,2492548
mhpRp2,0.25,3,3,GATAGCGCGGGACTATAATA,0,2528716
mhpRp2,0.25,3,3,GATAGAGTTTTTCGTTTTCG,0,2524367
mhpRp2,0.25,3,3,GATACTTTATTGTTGGACTA,0,2480419
mhpRp2,0.25,3,3,GATACGACTTGCCGAAGTCC,0,2512411
mhpRp2,0.25,3,3,GATACAGCTATCCTAGAAGT,0,2499236
mhpRp2,0.25,3,3,GATAAGCTTGGGGCCACGAA,0,2482467
mhpRp2,0.25,3,3,GATAACTTGATGACAGTGTA,0,2518645
mhpRp2,0.25,3,3,GAGTTCGCTCGGCTATCGTA,0,2545818
mhpRp2,0.25,3,3,GAGTGGTCACGCTGACCAAC,0,2494978
mhpRp2,0.25,3,3,GAGTGGCTCACTTAGAGAGG,0,2528834
mhpRp2,0.25,3,3,GAGTGGACGCCGCCATAACG,0,2511660
mhpRp2,0.25,3,3,GAGTCCAGTACACTGCGATG,0,2499496
mhpRp2,0.25,3,3,GAGTCACGTGAGTCTTTTTC,0,2483943
mhpRp2,0.25,3,3,GAGTCACGGATCCTACCAGG,0,2542052
mhpRp2,0.25,3,3,GAGTCACGGACGAGAACCTT,0,2506388
mhpRp2,0.25,3,3,GAGGTCGAAGTGGGGGGCCA,0,2500261
mhpRp2,0.25,3,3,GAGGTCGAAAACAGCTAGTG,0,2536896
mhpRp2,0.25,3,3,GAGGTAGGAGGGTTAGATGT,0,2489898
mhpRp2,0.25,3,3,GAGGGGTTCGCACACAGGGC,0,2535109
mhpRp2,0.25,3,3,GAGGCCGGGCCTCGTTTCAA,0,2525784
mhpRp2,0.25,3,3,GAGGAGGAACACGGGTGCGA,0,2522146
mhpRp2,0.25,3,3,GAGGACGTTCCCGTCCTCTA,0,2481159
mhpRp2,0.25,3,3,GAGCTCGCCACACAGCTAAC,0,2540748
mhpRp2,0.25,3,3,GAGCTAAAATCGTCCTCATA,0,2539105
mhpRp2,0.25,3,3,GAGCGCTCCACAAAAGCTCC,0,2520506
mhpRp2,0.25,3,3,GAGCGCGATGCCCGCCATCC,0,2495053
mhpRp2,0.25,3,3,GAGCGACAGGGTACACATAA,0,2522236
mhpRp2,0.25,3,3,GAGATTCTTATGCCATGTCA,0,2543827
mhpRp2,0.25,3,3,GAGATCACTAGGTTGGCTGG,0,2503011
mhpRp2,0.25,3,3,GAGATAAAGCTACGCTGGTG,0,2540071
mhpRp2,0.25,3,3,GAGAGTGGACGGTGGTAATT,0,2511048
mhpRp2,0.25,3,3,GAGAGTCATCGTGTCTCTAG,0,2545858
mhpRp2,0.25,3,3,GAGAGTAGGTTTTGATTGTA,0,2545855
mhpRp2,0.25,3,3,GAGAGGTAAAAGGCCACCAT,0,2488455
mhpRp2,0.25,3,3,GAGAGCTAGCGGCGAGTCGA,0,2487552
mhpRp2,0.25,3,3,GAGACCTCTTACTATTGTTC,0,2489463
mhpRp2,0.25,3,3,GAGACAATGGAACTTACGGA,0,2506546
mhpRp2,0.25,3,3,GAGAAGACGCCATTTCGGAG,0,2532118
mhpRp2,0.25,3,3,GACTTGGCGGTAATCAAGTC,0,2502599
mhpRp2,0.25,3,3,GACTTGCTTCCCAGGCGTGA,0,2545044
mhpRp2,0.25,3,3,GACTTAAGGTTAGACTGCAG,0,2479674
mhpRp2,0.25,3,3,GACTGCACTGCCAGTTGGAA,0,2495115
mhpRp2,0.25,3,3,GACTCTGCCCGTTGTCATTC,0,2490043
mhpRp2,0.25,3,3,GACTATTCGAGATCCAGTTG,0,2523116
mhpRp2,0.25,3,3,GACGTTATTGATACCAGAAG,0,2532750
mhpRp2,0.25,3,3,GACGTGACCCAGAGAGTTTA,0,2484783
mhpRp2,0.25,3,3,GACGGGGCCATTGGTAAAGG,0,2521514
mhpRp2,0.25,3,3,GACGGCGCGACAAGCTTGAG,0,2481367
mhpRp2,0.25,3,3,GACGCCTTTCTCGGTCAAAC,0,2526175
mhpRp2,0.25,3,3,GACGATGGTAACTGTGTGCA,0,2536213
mhpRp2,0.25,3,3,GACCTGTTACCCGAGACTCT,0,2521222
mhpRp2,0.25,3,3,GACCTATGGCTCCATGATCT,0,2508220
mhpRp2,0.25,3,3,GACCGCGAGCGTATCATTTG,0,2533705
mhpRp2,0.25,3,3,GACCCATTTGGTTACCGGCT,0,2541225
mhpRp2,0.25,3,3,GACCCAGGTTGGTGCAGCTC,0,2482098
mhpRp2,0.25,3,3,GACCCACGGGGCATTGTACT,0,2512452
mhpRp2,0.25,3,3,GACCAAATCCAATGTCCAGC,0,2519730
mhpRp2,0.25,3,3,GACATTATTTGGATGACACT,0,2510664
mhpRp2,0.25,3,3,GACATGTGGACCTGGTTCAA,0,2516933
mhpRp2,0.25,3,3,GACATCCGTCTTCAGAAGAA,0,2523555
mhpRp2,0.25,3,3,GACAGTTCAACGCGCTATGT,0,2518857
mhpRp2,0.25,3,3,GACACATTGGGCAAGGTTGT,0,2541627
mhpRp2,0.25,3,3,GACAATACAAAACTATTCAA,0,2507420
mhpRp2,0.25,3,3,GACAAGGGTACTTCGCACAA,0,2533462
mhpRp2,0.25,3,3,GAATTCAAGACTGTCACCAC,0,2523036
mhpRp2,0.25,3,3,GAATGTTCGAAAGTCAACTG,0,2512272
mhpRp2,0.25,3,3,GAATGTCCCGGAGGAAAACC,0,2523932
mhpRp2,0.25,3,3,GAATGGGGCGCGTAGCAGTA,0,2521482
mhpRp2,0.25,3,3,GAATGCTCACAAGAAACGAC,0,2519435
mhpRp2,0.25,3,3,GAATCTGGAGACGGTCCCAC,0,2541045
mhpRp2,0.25,3,3,GAATCGCTAGATTGGAACAG,0,2515260
mhpRp2,0.25,3,3,GAATCGACTTCGGGCAAACC,0,2490640
mhpRp2,0.25,3,3,GAATAGCGGACACTGGTATC,0,2501563
mhpRp2,0.25,3,3,GAATACGCTTTATCCAAAAT,0,2502266
mhpRp2,0.25,3,3,GAATAAGAGCGTCTAGTGGG,0,2487201
mhpRp2,0.25,3,3,GAAGGTCGAGCTTGATTTCT,0,2507124
mhpRp2,0.25,3,3,GAAGGCTATAACTGCTCTTG,0,2535291
mhpRp2,0.25,3,3,GAACTGGCTTAGAAGTGTGG,0,2525691
mhpRp2,0.25,3,3,GAACTCGTCCAGCTATGTAT,0,2509462
mhpRp2,0.25,3,3,GAACCGGGTCTATCTGTCTA,0,2519546
mhpRp2,0.25,3,3,GAACCCACACGTCCGAGCAT,0,2536394
mhpRp2,0.25,3,3,GAACAGTGTGGACTTAGAAG,0,2527389
mhpRp2,0.25,3,3,GAAATTTCCTCTCATGTTAA,0,2500909
mhpRp2,0.25,3,3,GAAATGCGGCCATTCCATGA,0,2529530
mhpRp2,0.25,3,3,GAAATCCATGGTGGTTACTA,0,2520535
mhpRp2,0.25,3,3,GAAAGGATGTGTGGTTGCTC,0,2529065
mhpRp2,0.25,3,3,GAAAGCGATTTATTGGACGG,0,2539265
mhpRp2,0.25,3,3,GAAAGATATCAACTTACTAT,0,2530190
mhpRp2,0.25,3,3,GAAACGCGTCGTCGTGATAG,0,2488560
mhpRp2,0.25,3,3,GAAACCGGCTCCGTTCCACG,0,2483970
mhpRp2,0.25,3,3,GAAACACTGTATGTAAAGGC,0,2539633
mhpRp2,0.25,3,3,GAAAAGTCCTGCCGCTTACG,0,2545061
mhpRp2,0.25,3,3,GAAAACCATTTAGCCGAAGA,0,2497572
mhpRp2,0.25,3,3,CTTTTGTGTAAAACAGGGAC,0,2493904
mhpRp2,0.25,3,3,CTTTGTCGATCCCGCTGCCC,0,2507424
mhpRp2,0.25,3,3,CTTTGCCAAGGATTCCGCGA,0,2524637
mhpRp2,0.25,3,3,CTTTGAGCAGCTTTCCCCCT,0,2531019
mhpRp2,0.25,3,3,CTTTCTTGCGGCCTTTTTCT,0,2527630
mhpRp2,0.25,3,3,CTTTCGCGCATGAGGTGACC,0,2493461
mhpRp2,0.25,3,3,CTTTCCAAGAATTGTTTTAG,0,2543913
mhpRp2,0.25,3,3,CTTTAGGAGATGTGTTCCTG,0,2511119
mhpRp2,0.25,3,3,CTTTAGCCTGTCTATGGTGG,0,2516086
mhpRp2,0.25,3,3,CTTTAGCATCCAGGCTAATT,0,2488377
mhpRp2,0.25,3,3,CTTGTTGAATCTGGATATTT,0,2505198
mhpRp2,0.25,3,3,CTTGTGGCACGCCCACATGA,0,2544127
mhpRp2,0.25,3,3,CTTGGGTGATCTCATTTAGC,0,2513970
mhpRp2,0.25,3,3,CTTGGCCAATAGCGTCATCT,0,2514533
mhpRp2,0.25,3,3,CTTGCTGGCCGCCTTTCAGA,0,2531719
mhpRp2,0.25,3,3,CTTGCACCTTGAGTGAAGAG,0,2508657
mhpRp2,0.25,3,3,CTTGCAAGACACGGGTGCAA,0,2530452
mhpRp2,0.25,3,3,CTTGATCTGGTTTCATTGTC,0,2534931
mhpRp2,0.25,3,3,CTTGACCCTTCCTTGCGTTG,0,2517982
mhpRp2,0.25,3,3,CTTCTTCACGTAGGCGGGAA,0,2513043
mhpRp2,0.25,3,3,CTTCTTAGTGTCACGCCTGA,0,2537211
mhpRp2,0.25,3,3,CTTCTACTACCCGGACATCG,0,2512308
mhpRp2,0.25,3,3,CTTCCGCTACTCGACAGCGT,0,2483186
mhpRp2,0.25,3,3,CTTCCCGCCCAGTAGCGGGT,0,2488002
mhpRp2,0.25,3,3,CTTCCCACCGTAAGACAGGC,0,2521979
mhpRp2,0.25,3,3,CTTCCACGTTGGCCCTATAC,0,2500294
mhpRp2,0.25,3,3,CTTCATTGATCAGGCCGTCC,0,2518604
mhpRp2,0.25,3,3,CTTCAAACGGAAGAACGTCC,0,2517913
mhpRp2,0.25,3,3,CTTACGCAGGGTCTCACTCT,0,2517152
mhpRp2,0.25,3,3,CTTAATAAACAAACGTAATT,0,2526083
mhpRp2,0.25,3,3,CTGTTGTGGGTAACGGGTCG,0,2498279
mhpRp2,0.25,3,3,CTGTTGATACGGACTCAGTA,0,2528026
mhpRp2,0.25,3,3,CTGTTACCAAGCACGCACGT,0,2515776
mhpRp2,0.25,3,3,CTGTGTACACGATGTGGGTC,0,2534578
mhpRp2,0.25,3,3,CTGTGCTAGGTAAACTCTCC,0,2542001
mhpRp2,0.25,3,3,CTGTATGTTGGCAGACACAC,0,2489332
mhpRp2,0.25,3,3,CTGTAACGGCCCTGCTGGTA,0,2526104
mhpRp2,0.25,3,3,CTGGTTTCGTAAATGGGCTA,0,2517071
mhpRp2,0.25,3,3,CTGGTGTATGACACATGATG,0,2485958
mhpRp2,0.25,3,3,CTGGTGCATAACGTTGTTGT,0,2493866
mhpRp2,0.25,3,3,CTGGTCCTATAATGCACTTA,0,2523132
mhpRp2,0.25,3,3,CTGGGTGTCGTGAGGGGGGG,0,2497895
mhpRp2,0.25,3,3,CTGGGTGTATACCATCAAGC,0,2504000
mhpRp2,0.25,3,3,CTGGGTGAGATCACGTTTAT,0,2503919
mhpRp2,0.25,3,3,CTGGGAGTTTTATTCTTCTA,0,2533807
mhpRp2,0.25,3,3,CTGGGAACTCGTACTGCCTG,0,2532215
mhpRp2,0.25,3,3,CTGGCGGAACAGACACAGCT,0,2484384
mhpRp2,0.25,3,3,CTGGCGACCGAGCAAGGTTT,0,2537440
mhpRp2,0.25,3,3,CTGGAGGCTCTTATTCTTAT,0,2530492
mhpRp2,0.25,3,3,CTGGACGCCAAGCTCCAAGC,0,2523800
mhpRp2,0.25,3,3,CTGCTGGATTGTCATTCCGA,0,2526268
mhpRp2,0.25,3,3,CTGCCTTGTTAAGGACCGTC,0,2517069
mhpRp2,0.25,3,3,CTGCATTACAGCATTGTTAT,0,2487910
mhpRp2,0.25,3,3,CTGCAATACTATTCCGAAGT,0,2532322
mhpRp2,0.25,3,3,CTGATTGCACGCGGCGGGAT,0,2500073
mhpRp2,0.25,3,3,CTGATGCGTACTCAACTTTA,0,2542838
mhpRp2,0.25,3,3,CTGATAGTGGGGCAATATTC,0,2481771
mhpRp2,0.25,3,3,CTGATACCTATCTGGGTCTG,0,2482459
mhpRp2,0.25,3,3,CTGATACCCTAACCTCAAGC,0,2514318
mhpRp2,0.25,3,3,CTGACTCCTCTCAGGTCACG,0,2483720
mhpRp2,0.25,3,3,CTGACGGCATTATCTCTTGG,0,2513652
mhpRp2,0.25,3,3,CTGACGACGTACTCTTGCAA,0,2508218
mhpRp2,0.25,3,3,CTGACCCGGGCTGCTTGGGT,0,2529854
mhpRp2,0.25,3,3,CTCTGGAACTTCGTAGGTTA,0,2515261
mhpRp2,0.25,3,3,CTCTCCGATTTGCCCTCCAG,0,2498119
mhpRp2,0.25,3,3,CTCTACCGCAGCCTCCGCAT,0,2511382
mhpRp2,0.25,3,3,CTCGGTTTACTTACCACTCA,0,2537328
mhpRp2,0.25,3,3,CTCGGTAAGTCAACTACCAG,0,2538047
mhpRp2,0.25,3,3,CTCGGGCGTTTAGATATTTT,0,2484774
mhpRp2,0.25,3,3,CTCGGCTAAGATGGGTTGGA,0,2531604
mhpRp2,0.25,3,3,CTCGCTTCGCCCCGATCACA,0,2545537
mhpRp2,0.25,3,3,CTCGCTCGGAATATCGAAAA,0,2531849
mhpRp2,0.25,3,3,CTCGCCGGTACGTCCTCTTG,0,2495370
mhpRp2,0.25,3,3,CTCGCCGATAGGTTTGTGCA,0,2481137
mhpRp2,0.25,3,3,CTCGCCATGCTGCCCATGCA,0,2507891
mhpRp2,0.25,3,3,CTCGCATAGACGTGCTTGGC,0,2508627
mhpRp2,0.25,3,3,CTCGCACGGGGATGCGCACT,0,2496182
mhpRp2,0.25,3,3,CTCGCAAAGAAAATGGACGA,0,2484465
mhpRp2,0.25,3,3,CTCGACGGTATTGATTTGTG,0,2537899
mhpRp2,0.25,3,3,CTCGAAAGCCAGAATACATC,0,2521941
mhpRp2,0.25,3,3,CTCCTTACATGAGGGCTAAA,0,2480466
mhpRp2,0.25,3,3,CTCCTGAACTATGTACTTTG,0,2483472
mhpRp2,0.25,3,3,CTCCTCGTTACTTGTGGTCT,0,2510493
mhpRp2,0.25,3,3,CTCCGTATGTGAACACACAC,0,2540899
mhpRp2,0.25,3,3,CTCCGAGGCGCTGTAAGCGG,0,2523272
mhpRp2,0.25,3,3,CTCCCTAAGATCGAGAGCTC,0,2527227
mhpRp2,0.25,3,3,CTCATTATAACCACATAGAT,0,2529311
mhpRp2,0.25,3,3,CTCATGTGTACTCTGGTAAC,0,2489194
mhpRp2,0.25,3,3,CTCATCAAACGAGAATGCTT,0,2517421
mhpRp2,0.25,3,3,CTCATACGGTGACATTTCCT,0,2530930
mhpRp2,0.25,3,3,CTCAGATTAAAGATGACCCT,0,2503001
mhpRp2,0.25,3,3,CTCAGACCTATTTTGCCGGC,0,2519288
mhpRp2,0.25,3,3,CTCACATTTGTATCACTAGC,0,2484388
mhpRp2,0.25,3,3,CTCAATCAGCATGCCGACAA,0,2536807
mhpRp2,0.25,3,3,CTCAACGCGGTAATTGCGTC,0,2481946
mhpRp2,0.25,3,3,CTATTGCTAAGCCCAGGTGT,0,2505192
mhpRp2,0.25,3,3,CTATTCCGGGCAACTGCTAT,0,2483089
mhpRp2,0.25,3,3,CTATTCATCAATCACGTAAG,0,2536538
mhpRp2,0.25,3,3,CTATGTAAATCGCCGTATAC,0,2483228
mhpRp2,0.25,3,3,CTATCTACGGTGCATTTTGC,0,2501770
mhpRp2,0.25,3,3,CTATCGACGCTAGTTTCTAT,0,2519416
mhpRp2,0.25,3,3,CTATCCCACTGCACATGGCG,0,2496106
mhpRp2,0.25,3,3,CTATCATCCACGCCTCAATC,0,2525375
mhpRp2,0.25,3,3,CTAGTAGGCGTGTAGGCAGT,0,2525682
mhpRp2,0.25,3,3,CTAGTAGATACGATCGTTAG,0,2542312
mhpRp2,0.25,3,3,CTAGTACCACTTCCAAGGTG,0,2487908
mhpRp2,0.25,3,3,CTAGGGTGCCCCGACAACCC,0,2542529
mhpRp2,0.25,3,3,CTAGGGCATTCTGAGCTTGT,0,2485818
mhpRp2,0.25,3,3,CTAGGCACCAGAAAAGCCTA,0,2515065
mhpRp2,0.25,3,3,CTAGGATGCGAGCGCCTACT,0,2531572
mhpRp2,0.25,3,3,CTAGCTGTTTTTTTGGATGT,0,2526647
mhpRp2,0.25,3,3,CTAGCTCTATAGAGGATCAT,0,2545238
mhpRp2,0.25,3,3,CTAGCGTAGCTACTACGCAT,0,2493864
mhpRp2,0.25,3,3,CTAGCGATATAACCCCAGGG,0,2493181
mhpRp2,0.25,3,3,CTAGCCTTTTACGCTAGGAC,0,2544375
mhpRp2,0.25,3,3,CTAGCATCGCACGTTTCCTC,0,2491888
mhpRp2,0.25,3,3,CTAGCACCGATTTGAAAGGC,0,2510323
mhpRp2,0.25,3,3,CTAGATTGATAAGATGTGTA,0,2512171
mhpRp2,0.25,3,3,CTAGAACAACGAAGGAGGCA,0,2510111
mhpRp2,0.25,3,3,CTACTGGACTGTTTAAATAG,0,2540448
mhpRp2,0.25,3,3,CTACTCGCCCCTAGTGTAGA,0,2545059
mhpRp2,0.25,3,3,CTACTCCGAAGCGACCATCT,0,2487607
mhpRp2,0.25,3,3,CTACGGGAACGAAAGGCTGC,0,2492451
mhpRp2,0.25,3,3,CTACGATGACCTTGGTTGAA,0,2513417
mhpRp2,0.25,3,3,CTACGACGCTAACGATGACA,0,2507103
mhpRp2,0.25,3,3,CTACCATAGACCGGTAATTA,0,2521388
mhpRp2,0.25,3,3,CTACATTACGGTTCCTGAGG,0,2518252
mhpRp2,0.25,3,3,CTACATGTTGGATACAAGGG,0,2490537
mhpRp2,0.25,3,3,CTACAGGCGCATCAAAATCT,0,2511182
mhpRp2,0.25,3,3,CTAATCTGATTCCAGCGCTA,0,2487756
mhpRp2,0.25,3,3,CTAATACATGAGTTCCTGGA,0,2542840
mhpRp2,0.25,3,3,CTAAGTGATGACCTAGACTA,0,2505984
mhpRp2,0.25,3,3,CTAAGATGCAGGGATGGCCG,0,2538828
mhpRp2,0.25,3,3,CTAACGTTCCAGCGGAGGGG,0,2524038
mhpRp2,0.25,3,3,CTAACGGGTACAGCAATTTA,0,2527849
mhpRp2,0.25,3,3,CTAAACATACCTGGACAGCT,0,2541135
mhpRp2,0.25,3,3,CGTTTTGTCTTTGGCCAAGC,0,2491632
mhpRp2,0.25,3,3,CGTTTTGCTGGTCATAGCCG,0,2505820
mhpRp2,0.25,3,3,CGTTTGCTTTGGGCATGTTA,0,2516013
mhpRp2,0.25,3,3,CGTTTCTCAACAAAAGTCTG,0,2523905
mhpRp2,0.25,3,3,CGTTGTAAAGGCTGGGCCAT,0,2504801
mhpRp2,0.25,3,3,CGTTCTTCAGCGGTTATGTA,0,2499400
mhpRp2,0.25,3,3,CGTTCCGATACCTTACACTC,0,2512225
mhpRp2,0.25,3,3,CGTTCCCAATAAGACCTATT,0,2528273
mhpRp2,0.25,3,3,CGTTCAACGCATGGTTGGCT,0,2519857
mhpRp2,0.25,3,3,CGTTAACCGCTTTTGACTGT,0,2500052
mhpRp2,0.25,3,3,CGTGTGTTCAAAGAACGCGA,0,2512320
mhpRp2,0.25,3,3,CGTGTCTCATTGCCTCACAG,0,2523707
mhpRp2,0.25,3,3,CGTGGTTACCGGTGACTCTT,0,2500824
mhpRp2,0.25,3,3,CGTGGCCCGGGGTCGATTAT,0,2534443
mhpRp2,0.25,3,3,CGTGGCACTATAGATCCACT,0,2515050
mhpRp2,0.25,3,3,CGTGCTTGAAGTGAAAACGT,0,2525805
mhpRp2,0.25,3,3,CGTGCGTCGTAGCGCCGGGC,0,2480403
mhpRp2,0.25,3,3,CGTGCGCGGCGTGTTAGTTT,0,2486751
mhpRp2,0.25,3,3,CGTGATGGCTGAACGCGTGT,0,2490478
mhpRp2,0.25,3,3,CGTGACCCACAGCTTTGTAA,0,2486946
mhpRp2,0.25,3,3,CGTGAAGCCTGCTCCCGGCC,0,2504588
mhpRp2,0.25,3,3,CGTCTTTGAACTCGCACGTA,0,2495226
mhpRp2,0.25,3,3,CGTCTGGGTTAGGGATCATG,0,2493536
mhpRp2,0.25,3,3,CGTCGCCCACCAGACGACTA,0,2484113
mhpRp2,0.25,3,3,CGTCCTCGTGATAGAATCCT,0,2486902
mhpRp2,0.25,3,3,CGTCCGTTTTCCAAGCGGAT,0,2516751
mhpRp2,0.25,3,3,CGTCCGATTGACTCTCCACA,0,2510941
mhpRp2,0.25,3,3,CGTCATACACGAGCACCGCG,0,2490263
mhpRp2,0.25,3,3,CGTCAGTACTGTAGGGGTCT,0,2534853
mhpRp2,0.25,3,3,CGTCAGGCGACTAACCAACT,0,2514435
mhpRp2,0.25,3,3,CGTCACCGCCACGGCTGCCA,0,2507724
mhpRp2,0.25,3,3,CGTATGGCCTAAGTGGTATA,0,2482341
mhpRp2,0.25,3,3,CGTATATCGAGTCTTCAGCC,0,2535003
mhpRp2,0.25,3,3,CGTAGTTTTTGGAAGATCCT,0,2543243
mhpRp2,0.25,3,3,CGTAGGACGCTGACGGCTAA,0,2480825
mhpRp2,0.25,3,3,CGTACTGGATGACGAGAGTA,0,2499737
mhpRp2,0.25,3,3,CGTACGTTGGCAGACCGGTA,0,2502461
mhpRp2,0.25,3,3,CGTACGTACGTCGCAGATGA,0,2495721
mhpRp2,0.25,3,3,CGTACATGTGACTCGAGCCA,0,2531598
mhpRp2,0.25,3,3,CGTAAGGGAGTGCCAGGGGA,0,2489780
mhpRp2,0.25,3,3,CGTAAGAGAGAACGTACATG,0,2525387
mhpRp2,0.25,3,3,CGTAACTGTGTTGAAGGTGT,0,2533389
mhpRp2,0.25,3,3,CGGTTTCTAAGTGCAACCGC,0,2516139
mhpRp2,0.25,3,3,CGGTTCATACATGGAGGGAA,0,2503219
mhpRp2,0.25,3,3,CGGTTCAATGAGGTAGGGTT,0,2492997
mhpRp2,0.25,3,3,CGGTGCAGATGCGGCTCATG,0,2536723
mhpRp2,0.25,3,3,CGGTCTAGTTAAGCTGGCAG,0,2529760
mhpRp2,0.25,3,3,CGGTCTACCCATATCATTAG,0,2539396
mhpRp2,0.25,3,3,CGGTCCTATTGGCGCGGTAC,0,2544279
mhpRp2,0.25,3,3,CGGTAGCACAGGTCGTACAC,0,2484866
mhpRp2,0.25,3,3,CGGTACGCTATAAGTGATCG,0,2498908
mhpRp2,0.25,3,3,CGGGTGTCCCCCGCGGTCAC,0,2537990
mhpRp2,0.25,3,3,CGGGTGCGTGTATTACTTGA,0,2526607
mhpRp2,0.25,3,3,CGGGGGGCTGCTAATCAATT,0,2515306
mhpRp2,0.25,3,3,CGGGGGCGGCCTATCGGTTA,0,2510904
mhpRp2,0.25,3,3,CGGGGGCGGCACTGAGGGCT,0,2513229
mhpRp2,0.25,3,3,CGGGGAGGGGTTTGACCCGA,0,2515242
mhpRp2,0.25,3,3,CGGGCTTAATTGCAATTCAA,0,2544225
mhpRp2,0.25,3,3,CGGGCCGGTGGGGAGGCTGA,0,2488460
mhpRp2,0.25,3,3,CGGGCCCTGAGGGAGATGTG,0,2521925
mhpRp2,0.25,3,3,CGGGCCATGGTGCACACGGT,0,2516090
mhpRp2,0.25,3,3,CGGGAGCCGTGAAACACTGC,0,2541574
mhpRp2,0.25,3,3,CGGGACACTGAGTTTGTCGT,0,2488996
mhpRp2,0.25,3,3,CGGCTTCTATGAGGGACTCT,0,2506400
mhpRp2,0.25,3,3,CGGCTTACGGAGACTGTGAA,0,2485619
mhpRp2,0.25,3,3,CGGCTGGCAATTAGTTGTTG,0,2545364
mhpRp2,0.25,3,3,CGGCTCTGTTATTTGACAGG,0,2498566
mhpRp2,0.25,3,3,CGGCTAGTTCGTCACGAACG,0,2501257
mhpRp2,0.25,3,3,CGGCGGTGCGATCCCTTAGC,0,2532980
mhpRp2,0.25,3,3,CGGCCCCATTTCCGTGGCGC,0,2511618
mhpRp2,0.25,3,3,CGGCCAGGCGCTCGCGCCGT,0,2538250
mhpRp2,0.25,3,3,CGGCATGATAGCGAGACTTC,0,2517894
mhpRp2,0.25,3,3,CGGATCCGATCATGCGATGC,0,2533504
mhpRp2,0.25,3,3,CGGAGTCGGCAATCGGGGAG,0,2479772
mhpRp2,0.25,3,3,CGGAGTCGGATCAGTCACAC,0,2533557
mhpRp2,0.25,3,3,CGGAGTACGATTCATCCTGA,0,2540813
mhpRp2,0.25,3,3,CGGAGATTTCAGAATAGGCC,0,2509379
mhpRp2,0.25,3,3,CGGAGATGCTTTTTCACTTC,0,2515326
mhpRp2,0.25,3,3,CGGAGAAACGTAACTGGGAT,0,2542805
mhpRp2,0.25,3,3,CGGACTGATGGAATGCCTTA,0,2537231
mhpRp2,0.25,3,3,CGGAAGCCCTGCATCGCTAC,0,2481996
mhpRp2,0.25,3,3,CGGAACGTTCCTTAAGGTCC,0,2510624
mhpRp2,0.25,3,3,CGGAAATCTCTACCATTTAT,0,2536990
mhpRp2,0.25,3,3,CGCTTGCACCACGGGAATCT,0,2512992
mhpRp2,0.25,3,3,CGCTTCAGGTGTAGAACTGC,0,2518861
mhpRp2,0.25,3,3,CGCTCTATTGGCACTGCGGA,0,2483823
mhpRp2,0.25,3,3,CGCTCGCCCTAGCAGTTTCT,0,2541927
mhpRp2,0.25,3,3,CGCTCCTATCCTGGGCCGTC,0,2520511
mhpRp2,0.25,3,3,CGCGTGCATCTACGGATTCT,0,2509401
mhpRp2,0.25,3,3,CGCGTCATGAATTGGGTAAT,0,2489034
mhpRp2,0.25,3,3,CGCGGATTCGGTGTATTCCA,0,2529489
mhpRp2,0.25,3,3,CGCGCCAGGTCATTACTCTT,0,2516193
mhpRp2,0.25,3,3,CGCGCAAACTGAGTTGAGTG,0,2531943
mhpRp2,0.25,3,3,CGCGATGAGCATCTGTCCAG,0,2517414
mhpRp2,0.25,3,3,CGCCTCATCTCCAACAAGGC,0,2484500
mhpRp2,0.25,3,3,CGCCGTGTTTAAGCGGATCA,0,2483151
mhpRp2,0.25,3,3,CGCCGGTTGGCGTTACGCTT,0,2520556
mhpRp2,0.25,3,3,CGCCGCAAACCGGATTCGAA,0,2542726
mhpRp2,0.25,3,3,CGCCCCACGGGGCCGCGCGA,0,2525569
mhpRp2,0.25,3,3,CGCCATTTACCTGTATTGAA,0,2489363
mhpRp2,0.25,3,3,CGCCATAAGGTTTGAATTTT,0,2503396
mhpRp2,0.25,3,3,CGCCAATAGATCGTATACCG,0,2484102
mhpRp2,0.25,3,3,CGCATTTGCAAGCGATGTTA,0,2489141
mhpRp2,0.25,3,3,CGCAGTTCATTGCATGGATC,0,2487284
mhpRp2,0.25,3,3,CGCACTTGTATTTAATGCCA,0,2501817
mhpRp2,0.25,3,3,CGCACTCCGACGTCCTCCAG,0,2492784
mhpRp2,0.25,3,3,CGCAAGGAATCCCCTGCTAA,0,2544812
mhpRp2,0.25,3,3,CGATGGAGATCGTTATGATA,0,2514327
mhpRp2,0.25,3,3,CGATCGTTATTTGGGCCAAA,0,2507860
mhpRp2,0.25,3,3,CGAGTTCTATTTCTTCATAG,0,2499346
mhpRp2,0.25,3,3,CGAGTAGCACACCGTCCTAG,0,2502002
mhpRp2,0.25,3,3,CGAGGTGAACTAGCGGACAC,0,2511162
mhpRp2,0.25,3,3,CGAGGGTATTATCTCAATGT,0,2491829
mhpRp2,0.25,3,3,CGAGGAGTGGTCAAAAGTTT,0,2529393
mhpRp2,0.25,3,3,CGAGCTTAAACCAGGGATAT,0,2530854
mhpRp2,0.25,3,3,CGAGATTTCCACAGTTAAAA,0,2493888
mhpRp2,0.25,3,3,CGACTTCAGGCAGGATTAGG,0,2480783
mhpRp2,0.25,3,3,CGACTGCGACCATATAAGAC,0,2533889
mhpRp2,0.25,3,3,CGACGCGAAGCGGCCGCAGG,0,2480571
mhpRp2,0.25,3,3,CGACGCACCCAATAAGCTTA,0,2523227
mhpRp2,0.25,3,3,CGACCCCAATTTCATTCCGG,0,2545082
mhpRp2,0.25,3,3,CGACATGCGCAAACAATTCG,0,2505151
mhpRp2,0.25,3,3,CGACAGTAGCACGGTGCATG,0,2488256
mhpRp2,0.25,3,3,CGACAGCGGGTGTCATGTCG,0,2520045
mhpRp2,0.25,3,3,CGACACGCGTTGTAAGGTCT,0,2522613
mhpRp2,0.25,3,3,CGACACACCCCCCGGCTTCA,0,2486893
mhpRp2,0.25,3,3,CGAATGCTATAGCGCACATC,0,2517102
mhpRp2,0.25,3,3,CGAATAACCGTCAAAAAGGT,0,2540198
mhpRp2,0.25,3,3,CGAAGGAGTAACTTCGATCG,0,2511100
mhpRp2,0.25,3,3,CGAAGCATCATCGCCCCGTT,0,2506984
mhpRp2,0.25,3,3,CGAACTCCCCTGCCTCAAAG,0,2511619
mhpRp2,0.25,3,3,CGAACCGGGATATTCTCGTT,0,2533849
mhpRp2,0.25,3,3,CGAAAGTTGCCTTTGGAGTA,0,2486473
mhpRp2,0.25,3,3,CCTTTTATTAGGTTCCTCTT,0,2542301
mhpRp2,0.25,3,3,CCTTTGAGCCATAGTGTCGG,0,2539063
mhpRp2,0.25,3,3,CCTTTACCAGAATACGCCAC,0,2524537
mhpRp2,0.25,3,3,CCTTGTACCTTATTTTATTT,0,2490924
mhpRp2,0.25,3,3,CCTTGATTACGCTTAAAGTA,0,2503796
mhpRp2,0.25,3,3,CCTTGACTTGTTAGCGCCTA,0,2536071
mhpRp2,0.25,3,3,CCTTGACTCCATTGAAATGG,0,2512123
mhpRp2,0.25,3,3,CCTTGACTATAGTAAACTCT,0,2537137
mhpRp2,0.25,3,3,CCTTCTGCCGAAGGGGCGCA,0,2504262
mhpRp2,0.25,3,3,CCTTCCCGTGTGCAGCTTAG,0,2487626
mhpRp2,0.25,3,3,CCTTATTATCGCTCCTCTAT,0,2525411
mhpRp2,0.25,3,3,CCTTACTTAGATAAGCTGAG,0,2501087
mhpRp2,0.25,3,3,CCTTAACAAAGAGTAAGCCA,0,2523730
mhpRp2,0.25,3,3,CCTGTGACACGACACTAGAT,0,2518395
mhpRp2,0.25,3,3,CCTGTAGGTGCGTGGTCCTG,0,2484907
mhpRp2,0.25,3,3,CCTGGGCCGGCCCGCTCGAT,0,2499617
mhpRp2,0.25,3,3,CCTGCGACTGAATCCGGTTT,0,2494057
mhpRp2,0.25,3,3,CCTCGGTACTAAGCGAGAGA,0,2496065
mhpRp2,0.25,3,3,CCTCGCACACTAGATGCGAG,0,2526183
mhpRp2,0.25,3,3,CCTCCTTGATCACCGCTTGA,0,2512702
mhpRp2,0.25,3,3,CCTATCTTGCAGTAATTTCA,0,2535656
mhpRp2,0.25,3,3,CCTATCTTAAAGGATTCTCG,0,2534277
mhpRp2,0.25,3,3,CCTAGGTAGCTTATCTTCAA,0,2505059
mhpRp2,0.25,3,3,CCTAGACTGGCCGGTGAGGT,0,2533547
mhpRp2,0.25,3,3,CCTAACCTTCGATATGGACC,0,2507818
mhpRp2,0.25,3,3,CCTAACATGTAGCACCGGTG,0,2487920
mhpRp2,0.25,3,3,CCTAAACTGTATGACGTACG,0,2480121
mhpRp2,0.25,3,3,CCTAAACCGCGATGGTGGAT,0,2518498
mhpRp2,0.25,3,3,CCGTTCCTATTCGGAAAGTA,0,2535887
mhpRp2,0.25,3,3,CCGTTAGTATACCGACTTCG,0,2524145
mhpRp2,0.25,3,3,CCGTGGCGCCGACTTTGTAA,0,2524312
mhpRp2,0.25,3,3,CCGTGCGTTTGCTATCTTCA,0,2483757
mhpRp2,0.25,3,3,CCGTCTGCTGCAGCATCTTC,0,2488246
mhpRp2,0.25,3,3,CCGTACCGTTCCCGTCAGCT,0,2481214
mhpRp2,0.25,3,3,CCGGTTATATCAAAGTGACG,0,2498911
mhpRp2,0.25,3,3,CCGGGTGTCGATCACCCCGG,0,2505141
mhpRp2,0.25,3,3,CCGGGAATCAATTACAGTGA,0,2516160
mhpRp2,0.25,3,3,CCGGCTGTGGGTTACGCAAG,0,2520385
mhpRp2,0.25,3,3,CCGGCTGGCTCCTTGCCGCG,0,2497466
mhpRp2,0.25,3,3,CCGGCCGCACAAGAACTATT,0,2497628
mhpRp2,0.25,3,3,CCGGCCCGGTAACCTTTCGG,0,2517041
mhpRp2,0.25,3,3,CCGGAGGCGCTGTTCCGTCT,0,2534571
mhpRp2,0.25,3,3,CCGGACAGCCTTTGCCGTTA,0,2513565
mhpRp2,0.25,3,3,CCGCGTAACACTAAGAATAG,0,2526343
mhpRp2,0.25,3,3,CCGCGCGTGATTAATTACGG,0,2511708
mhpRp2,0.25,3,3,CCGCGATCATCGTCAATCGT,0,2511767
mhpRp2,0.25,3,3,CCGCCCGGGGATTCATCGCC,0,2529937
mhpRp2,0.25,3,3,CCGCCCCGTAACATCTAGTG,0,2480182
mhpRp2,0.25,3,3,CCGCATGGACCTAAGTTCAT,0,2520730
mhpRp2,0.25,3,3,CCGCATGAGAGCGATACGGT,0,2482428
mhpRp2,0.25,3,3,CCGCAGTGGTAGCCAGGCGA,0,2521360
mhpRp2,0.25,3,3,CCGCAGGACCTGCCTGAAAT,0,2523130
mhpRp2,0.25,3,3,CCGCAATGACGCGCCGCCAT,0,2544808
mhpRp2,0.25,3,3,CCGATCTAAGGGCCTATTTG,0,2518102
mhpRp2,0.25,3,3,CCGAGGCACGAGAAGAGAGT,0,2487520
mhpRp2,0.25,3,3,CCGAGATTCCTCTCTTGAAT,0,2524037
mhpRp2,0.25,3,3,CCGACCAGTTCGTCGAGAAG,0,2503575
mhpRp2,0.25,3,3,CCGAATCGGAACTCGTGGAT,0,2536147
mhpRp2,0.25,3,3,CCGAACGACCCCGTTTAACT,0,2495272
mhpRp2,0.25,3,3,CCGAAACTTTCTTTATTTGA,0,2482691
mhpRp2,0.25,3,3,CCGAAAAGGAGCATGTCCTT,0,2541804
mhpRp2,0.25,3,3,CCCTTTTTAATATTGACCAA,0,2519274
mhpRp2,0.25,3,3,CCCTGGACCCTAGCGGAGAT,0,2530192
mhpRp2,0.25,3,3,CCCTGCCATACTTCGGCGAA,0,2533893
mhpRp2,0.25,3,3,CCCTAGGTATCATTACTTAT,0,2511991
mhpRp2,0.25,3,3,CCCTAGCAATGATCGGAAAT,0,2520199
mhpRp2,0.25,3,3,CCCGTTTCACATAGTGACAC,0,2545199
mhpRp2,0.25,3,3,CCCGTCTCGGAGGGCGGAAC,0,2492919
mhpRp2,0.25,3,3,CCCGGATGTAAGGCTCGGGG,0,2511341
mhpRp2,0.25,3,3,CCCGATAGGATGCGTGGCCT,0,2510309
mhpRp2,0.25,3,3,CCCCTTAGTATGTCGAATCT,0,2519373
mhpRp2,0.25,3,3,CCCCTACTATGCATCCGTAA,0,2544629
mhpRp2,0.25,3,3,CCCCCGCTAATGCGCCGATC,0,2525474
mhpRp2,0.25,3,3,CCCCAAGAGACCTACGCCCT,0,2498468
mhpRp2,0.25,3,3,CCCATCTTGTCTGAGGTACC,0,2530394
mhpRp2,0.25,3,3,CCCATCGGCCTATGAACCTC,0,2482854
mhpRp2,0.25,3,3,CCCACAGGGAGGACACAACA,0,2500434
mhpRp2,0.25,3,3,CCCAACTCTTAAATCTTATC,0,2544668
mhpRp2,0.25,3,3,CCCAAATTGCCGCATCAGCT,0,2531143
mhpRp2,0.25,3,3,CCATTTTCACGGGGAATCTA,0,2511610
mhpRp2,0.25,3,3,CCATTGTTCGAAAACAGGCT,0,2503418
mhpRp2,0.25,3,3,CCATTGTGTGATACCTATTA,0,2527985
mhpRp2,0.25,3,3,CCATGTCAACCTCTACGACA,0,2490899
mhpRp2,0.25,3,3,CCATGGCCAGGCGATATAAG,0,2490578
mhpRp2,0.25,3,3,CCATGCTTTATAAGCGCCAT,0,2509339
mhpRp2,0.25,3,3,CCATGCATAGGTCTACCGGG,0,2491574
mhpRp2,0.25,3,3,CCATAAGCTACCTCGTAGTC,0,2544371
mhpRp2,0.25,3,3,CCAGTTTCTGGCCCGCCGCG,0,2542072
mhpRp2,0.25,3,3,CCAGTTACTACCCAACTCGG,0,2497502
mhpRp2,0.25,3,3,CCAGCGTCTGGAGAGACCGT,0,2483876
mhpRp2,0.25,3,3,CCACTTAGACTTATGGATAG,0,2507735
mhpRp2,0.25,3,3,CCACGTTTATAACCACTTGT,0,2540806
mhpRp2,0.25,3,3,CCACATTACTGCGTTGTATA,0,2497877
mhpRp2,0.25,3,3,CCACAGAGGAACAGTCACGG,0,2491031
mhpRp2,0.25,3,3,CCACACAGTACGTCGCAAGA,0,2493611
mhpRp2,0.25,3,3,CCACAATTTTAACTTTTTTC,0,2484793
mhpRp2,0.25,3,3,CCAATGCTGATTACTCGAAC,0,2487265
mhpRp2,0.25,3,3,CCAATCGTACTAGGATGCGA,0,2532586
mhpRp2,0.25,3,3,CCAATCGATGCCCTCGGGGC,0,2495621
mhpRp2,0.25,3,3,CCAATCAAAGGGTAGGACAA,0,2544743
mhpRp2,0.25,3,3,CCAAGACTCGGGTATCTCCT,0,2495017
mhpRp2,0.25,3,3,CCAACTCTCCATGGTTTGCT,0,2518787
mhpRp2,0.25,3,3,CCAACAAATGCGATGTCCTC,0,2507225
mhpRp2,0.25,3,3,CCAAACCGTACGAGTAATAA,0,2501342
mhpRp2,0.25,3,3,CATTTGGGTCCGCGGGCATT,0,2543061
mhpRp2,0.25,3,3,CATTTCATGTATCCTTCATT,0,2509837
mhpRp2,0.25,3,3,CATTGTCAAAATATACTTGG,0,2488125
mhpRp2,0.25,3,3,CATTGTACGTCAGTCGTATC,0,2510747
mhpRp2,0.25,3,3,CATTGAGATGGGTGACAGCC,0,2527448
mhpRp2,0.25,3,3,CATTGAAGGCCAATCCTGGG,0,2479641
mhpRp2,0.25,3,3,CATTCTGAGCCGCCGTTTCC,0,2541849
mhpRp2,0.25,3,3,CATTCAATTCTCAAAGTGCG,0,2512621
mhpRp2,0.25,3,3,CATTCAATGGTCGAATAATC,0,2520766
mhpRp2,0.25,3,3,CATTAGGCAGGAGCAAATCA,0,2496023
mhpRp2,0.25,3,3,CATGTGCAGTACGGTATGTT,0,2507727
mhpRp2,0.25,3,3,CATGTCGGCTTAGTCATTCT,0,2522091
mhpRp2,0.25,3,3,CATGGTGGCGGGAGAGGGGA,0,2492706
mhpRp2,0.25,3,3,CATGGCTCCCCTTGCATAGC,0,2511312
mhpRp2,0.25,3,3,CATGCTCTTGGATATTATGT,0,2505315
mhpRp2,0.25,3,3,CATGCTCGAGGGCTGTCTGC,0,2511762
mhpRp2,0.25,3,3,CATGCGTGTGTTAAGCCGTG,0,2511820
mhpRp2,0.25,3,3,CATGCGACCCGGGCCATGGT,0,2482852
mhpRp2,0.25,3,3,CATGCATCTGAGCCATGGGG,0,2527683
mhpRp2,0.25,3,3,CATGACCGTGTGATCTAGGT,0,2485823
mhpRp2,0.25,3,3,CATCGGTAGTATTCAGGGAC,0,2522609
mhpRp2,0.25,3,3,CATCGGGGATTACCGCCAAA,0,2510157
mhpRp2,0.25,3,3,CATCCGCCGTTGGTATGTTT,0,2517688
mhpRp2,0.25,3,3,CATCATAATTAACGTTCAGT,0,2498479
mhpRp2,0.25,3,3,CATATTACCGCGGGATTGTA,0,2540754
mhpRp2,0.25,3,3,CATAGGTTAACCGCTAGCGA,0,2526102
mhpRp2,0.25,3,3,CATAAGAGGTTATATTCTGA,0,2503302
mhpRp2,0.25,3,3,CATAAATGCAGGCAGCTTGT,0,2539678
mhpRp2,0.25,3,3,CAGTTAATACTTTGGTATAG,0,2509973
mhpRp2,0.25,3,3,CAGTGGAGCGCTGAGGCATT,0,2533163
mhpRp2,0.25,3,3,CAGTGCCATAAACATATTGA,0,2537128
mhpRp2,0.25,3,3,CAGTGATAACGACGTCCTGA,0,2514490
mhpRp2,0.25,3,3,CAGTCTAACGCGAAGTAGCT,0,2513607
mhpRp2,0.25,3,3,CAGTATAAGAGGGGTCCTCT,0,2495069
mhpRp2,0.25,3,3,CAGTAGCAGACATGCGAGTC,0,2486930
mhpRp2,0.25,3,3,CAGTAGAGCGAGGTATCTCT,0,2480795
mhpRp2,0.25,3,3,CAGTAATGGTTCTGTTAAAA,0,2482433
mhpRp2,0.25,3,3,CAGGTGTGTAAGATTATCCA,0,2501742
mhpRp2,0.25,3,3,CAGGTGCTCCAGGATCATTT,0,2501881
mhpRp2,0.25,3,3,CAGGGGAGAGCCCGGGCCCA,0,2540898
mhpRp2,0.25,3,3,CAGGCTTGCTAATGCCAAGT,0,2517097
mhpRp2,0.25,3,3,CAGGCCTCCAGGTATAGTGT,0,2543380
mhpRp2,0.25,3,3,CAGGCAACTGACTCTTCACC,0,2481949
mhpRp2,0.25,3,3,CAGGATATTCTTCTAGGGTA,0,2492743
mhpRp2,0.25,3,3,CAGGATAACGTGATTATCGA,0,2491133
mhpRp2,0.25,3,3,CAGGAGGGTGGTATTTTCGG,0,2493534
mhpRp2,0.25,3,3,CAGGAGCTCTTCTCACCCTA,0,2514404
mhpRp2,0.25,3,3,CAGGACTAGAGTAAGTTGTC,0,2490105
mhpRp2,0.25,3,3,CAGGACAAAGTAGCCATTGA,0,2497950
mhpRp2,0.25,3,3,CAGCGCTAGCGGTCGAGGCG,0,2492625
mhpRp2,0.25,3,3,CAGCCCTAGGGTGTGCTCAG,0,2499066
mhpRp2,0.25,3,3,CAGCAGGGTACCTCTGAACG,0,2495856
mhpRp2,0.25,3,3,CAGCAGATGTTGACTGGCCT,0,2525544
mhpRp2,0.25,3,3,CAGATCAGCTAACGCTGAAT,0,2511739
mhpRp2,0.25,3,3,CAGAGCTGTCCTGCAGTCTG,0,2543631
mhpRp2,0.25,3,3,CAGACTGCGATTCAACCTTG,0,2519535
mhpRp2,0.25,3,3,CACTTTCCATTTACATTCCT,0,2500947
mhpRp2,0.25,3,3,CACTTGGGCGAACACAAGAG,0,2530215
mhpRp2,0.25,3,3,CACTCCCTATCAAAAAGTCT,0,2504420
mhpRp2,0.25,3,3,CACTAACCATCGTGACAGGA,0,2514630
mhpRp2,0.25,3,3,CACGTTTAGAAATGGCGTGC,0,2525822
mhpRp2,0.25,3,3,CACGGCACTTAATCTACCTA,0,2489151
mhpRp2,0.25,3,3,CACGGACATGGATTCGCCAG,0,2530842
mhpRp2,0.25,3,3,CACGACTGGCTCCGGGGCTC,0,2510853
mhpRp2,0.25,3,3,CACCTCGTGTCACGCGAGTC,0,2513686
mhpRp2,0.25,3,3,CACCTCGCTAGCGGCCCTTT,0,2495747
mhpRp2,0.25,3,3,CACCGTATGTGGTATCCATT,0,2534893
mhpRp2,0.25,3,3,CACCGTATAGCTCAAGAAGG,0,2527147
mhpRp2,0.25,3,3,CACCCGGACTAGCACGAAGT,0,2492734
mhpRp2,0.25,3,3,CACCCCCGATACACGTTAAT,0,2524582
mhpRp2,0.25,3,3,CACATGGCTTCAGAAGTCGC,0,2540153
mhpRp2,0.25,3,3,CACAGGACGCAGTGAGAGTG,0,2515228
mhpRp2,0.25,3,3,CACAGAGTGGCTCCACGCAA,0,2499321
mhpRp2,0.25,3,3,CACACTGAAAACACCTGAGA,0,2486527
mhpRp2,0.25,3,3,CACACGTCCAAACCAGTCTT,0,2522155
mhpRp2,0.25,3,3,CACACGGCGCCGGATGTTTC,0,2505772
mhpRp2,0.25,3,3,CACACGACTTGTATCGTACC,0,2527161
mhpRp2,0.25,3,3,CACAATCGCGAAATATCAAA,0,2539094
mhpRp2,0.25,3,3,CACAAGGTGGGTTTCTGTTA,0,2511724
mhpRp2,0.25,3,3,CACAAATAAACCTGCCGGCG,0,2484625
mhpRp2,0.25,3,3,CAATTCTAGTGTTCGGTCGT,0,2517191
mhpRp2,0.25,3,3,CAATCCTGACAGGTTCGTTT,0,2521368
mhpRp2,0.25,3,3,CAATCCCTGCATCGTGCCAC,0,2498378
mhpRp2,0.25,3,3,CAATAGGGTACATTCCGAAG,0,2543998
mhpRp2,0.25,3,3,CAATACTAGCGGATAATGGT,0,2533654
mhpRp2,0.25,3,3,CAATAATTGGAGACGGCCTA,0,2502350
mhpRp2,0.25,3,3,CAATAAATCTAATGGCGGTT,0,2505655
mhpRp2,0.25,3,3,CAAGTTCATCCGTTTATCAG,0,2480153
mhpRp2,0.25,3,3,CAAGTTATATGCGTAGTGTA,0,2502218
mhpRp2,0.25,3,3,CAAGTGGCAGATTAACGGGT,0,2525405
mhpRp2,0.25,3,3,CAAGGGTCGCACCTCATGAG,0,2522363
mhpRp2,0.25,3,3,CAAGGCAGGAGCGCCGATGG,0,2487998
mhpRp2,0.25,3,3,CAAGCTTACAGGGAGCGATC,0,2541662
mhpRp2,0.25,3,3,CAAGCACATAACGTCTTCAC,0,2500737
mhpRp2,0.25,3,3,CAAGATCGGCGTGGCCTGTT,0,2509158
mhpRp2,0.25,3,3,CAAGACGGCAACCGAAGGCT,0,2515229
mhpRp2,0.25,3,3,CAACTCGACTTGGGGGCAAT,0,2499411
mhpRp2,0.25,3,3,CAACGGTATATACTGCCTAT,0,2497220
mhpRp2,0.25,3,3,CAACCTTAGTCGGCGGTGCA,0,2500111
mhpRp2,0.25,3,3,CAACAGTGGAACGTGGGTTA,0,2494452
mhpRp2,0.25,3,3,CAAAGGCAGGTACCTATCGG,0,2510527
mhpRp2,0.25,3,3,CAAACTTTCTGGTTATAGAC,0,2482331
mhpRp2,0.25,3,3,CAAACTACCTGTCGTCCTGA,0,2531956
mhpRp2,0.25,3,3,CAAACGCGTCAAACAATGGT,0,2512226
mhpRp2,0.25,3,3,ATTTTTAATTAGCCCGCTGA,0,2493236
mhpRp2,0.25,3,3,ATTTTATTGTCCTGTTTCGC,0,2480602
mhpRp2,0.25,3,3,ATTTGTTACTTTGCCTCTGA,0,2522171
mhpRp2,0.25,3,3,ATTTGGGGCTTAATGATTTT,0,2499922
mhpRp2,0.25,3,3,ATTTGGGGCAACAATTGAAA,0,2509410
mhpRp2,0.25,3,3,ATTTGGCTAACAGCTGACGC,0,2508794
mhpRp2,0.25,3,3,ATTTGGATATCCAGCTGAGT,0,2538908
mhpRp2,0.25,3,3,ATTTGCCACGCCGAGCCACC,0,2510344
mhpRp2,0.25,3,3,ATTTCTCGCTGCTCGCGGAC,0,2508073
mhpRp2,0.25,3,3,ATTTCCTCAGTTCCTGGATT,0,2542159
mhpRp2,0.25,3,3,ATTTCCGTGCCTTCGTGTTC,0,2522297
mhpRp2,0.25,3,3,ATTTCAACAAAGGAAAACAA,0,2514805
mhpRp2,0.25,3,3,ATTTAAGTTTGCTAATAACG,0,2501879
mhpRp2,0.25,3,3,ATTGTGTCTCGGACAAGTGG,0,2481934
mhpRp2,0.25,3,3,ATTGTAAAGTAGTCTCTTAA,0,2535594
mhpRp2,0.25,3,3,ATTGGTTTGCAAACTGGTCG,0,2504561
mhpRp2,0.25,3,3,ATTGGGACGCGCGCGATGAA,0,2518261
mhpRp2,0.25,3,3,ATTGGACCCACGATACATTT,0,2513899
mhpRp2,0.25,3,3,ATTGGACAGTACATATTGCA,0,2515585
mhpRp2,0.25,3,3,ATTGCTGTATGTTAGTTTGG,0,2516878
mhpRp2,0.25,3,3,ATTGCGGCTGAGGCTGTTTA,0,2490195
mhpRp2,0.25,3,3,ATTGCACTATTCAGACCAGG,0,2504564
mhpRp2,0.25,3,3,ATTGATTTCCCGCTTTCAAT,0,2520979
mhpRp2,0.25,3,3,ATTGAGCGTATCAAGTCCCA,0,2480740
mhpRp2,0.25,3,3,ATTGACACATTATGAGTCTC,0,2498135
mhpRp2,0.25,3,3,ATTCTGAAGCACGTACTCAT,0,2493488
mhpRp2,0.25,3,3,ATTCTAACCAGCGAAATATA,0,2543783
mhpRp2,0.25,3,3,ATTCGTCCCAAGGGGATGAA,0,2513469
mhpRp2,0.25,3,3,ATTCGGTGGTAGTGATAGCT,0,2542222
mhpRp2,0.25,3,3,ATTCGATATGGTTCTCATGA,0,2527855
mhpRp2,0.25,3,3,ATTCAGGCCCAATTAGAAGA,0,2488057
mhpRp2,0.25,3,3,ATTCAGCCACCGATGCGATC,0,2515853
mhpRp2,0.25,3,3,ATTCAGACAGGTTACGGTCA,0,2521910
mhpRp2,0.25,3,3,ATTCACGGATGGCCCTCGGG,0,2535320
mhpRp2,0.25,3,3,ATTAGCTCTACCACCGGGAT,0,2534873
mhpRp2,0.25,3,3,ATTAGCGTAGGAGGTAACCA,0,2491114
mhpRp2,0.25,3,3,ATTACAGGCAAAGAAAAGAA,0,2494677
mhpRp2,0.25,3,3,ATTAAATCAGTAACTAAGCC,0,2501766
mhpRp2,0.25,3,3,ATGTTGTTTACTTCGTTCAC,0,2516019
mhpRp2,0.25,3,3,ATGTAACGGCGAGCCAATGT,0,2508054
mhpRp2,0.25,3,3,ATGGTTCAGACACGAAACCC,0,2498436
mhpRp2,0.25,3,3,ATGGTTAGGATGTCATCGGT,0,2489168
mhpRp2,0.25,3,3,ATGGTTAGACTTGCAGTGTT,0,2528332
mhpRp2,0.25,3,3,ATGGGGGTAGCTATTCCGTG,0,2512415
mhpRp2,0.25,3,3,ATGGGGGGAAGCGTGAAGCA,0,2494084
mhpRp2,0.25,3,3,ATGGCTCGTCCCACCAAGGA,0,2516065
mhpRp2,0.25,3,3,ATGGCGGCGAATTGTAGTAC,0,2482094
mhpRp2,0.25,3,3,ATGGAACCTAACGAAATAGA,0,2502393
mhpRp2,0.25,3,3,ATGCTAGGTAGGAGGTCCTA,0,2513433
mhpRp2,0.25,3,3,ATGCTAGACACCCCGCGGTG,0,2532760
mhpRp2,0.25,3,3,ATGCTAACTATACATGCTAT,0,2502139
mhpRp2,0.25,3,3,ATGCGGTCTGCTTCCAAGAG,0,2496465
mhpRp2,0.25,3,3,ATGCGAGTAGTTTATGTGTA,0,2480028
mhpRp2,0.25,3,3,ATGCAGGAAGCCAGGGTCCC,0,2504191
mhpRp2,0.25,3,3,ATGCACATTGCGCTTTTCGG,0,2503811
mhpRp2,0.25,3,3,ATGCAAAGCGCTAGTACCCC,0,2484228
mhpRp2,0.25,3,3,ATGATTAAAGGCACGATACA,0,2494944
mhpRp2,0.25,3,3,ATGATACTACGAATGATGTT,0,2501733
mhpRp2,0.25,3,3,ATGAGGGTATGTACCCTTCT,0,2501454
mhpRp2,0.25,3,3,ATGACGAATTAAACCTCTGT,0,2515278
mhpRp2,0.25,3,3,ATGACCCACCCCTAGTCCGG,0,2497408
mhpRp2,0.25,3,3,ATGACAGATAGGTCCGCCCA,0,2500574
mhpRp2,0.25,3,3,ATGAACGGCACAAGCCCCAG,0,2493600
mhpRp2,0.25,3,3,ATGAAACTGGCGCTCGCGCG,0,2518371
mhpRp2,0.25,3,3,ATCTTTTCCCGGGAATCGTA,0,2491825
mhpRp2,0.25,3,3,ATCTTGGCGACCTTGAAGTG,0,2509539
mhpRp2,0.25,3,3,ATCTGTCTCGTGACCAAGAG,0,2508962
mhpRp2,0.25,3,3,ATCTGGGGCACGAAGGGGAC,0,2535141
mhpRp2,0.25,3,3,ATCTGGCATGTCAAGCTGTC,0,2524816
mhpRp2,0.25,3,3,ATCTCTAAGAGACTAGCTAG,0,2535831
mhpRp2,0.25,3,3,ATCTATGCTCCTTAAACAAA,0,2487008
mhpRp2,0.25,3,3,ATCTACGTGCTCATTATTAG,0,2501408
mhpRp2,0.25,3,3,ATCTAAACCATGGACGGCAA,0,2514987
mhpRp2,0.25,3,3,ATCGTCCCTGAGAACCGACT,0,2533313
mhpRp2,0.25,3,3,ATCGGTGTTTTATCAATCGC,0,2494841
mhpRp2,0.25,3,3,ATCGGGTGAGAGTCCCCGGC,0,2514794
mhpRp2,0.25,3,3,ATCGGGTCAGCCGAGGGTCT,0,2505635
mhpRp2,0.25,3,3,ATCGGCATACATATCCCGGA,0,2539383
mhpRp2,0.25,3,3,ATCGCTTCGCCAGATAACCA,0,2533698
mhpRp2,0.25,3,3,ATCGACTTGGGCCGTCACGT,0,2480605
mhpRp2,0.25,3,3,ATCCTGCCCTAGGTCGTACT,0,2532855
mhpRp2,0.25,3,3,ATCCCTTCTAAGGGTTTTAT,0,2523122
mhpRp2,0.25,3,3,ATCCCGGGCTATCGTTGGAC,0,2522899
mhpRp2,0.25,3,3,ATCCCGCTGCAATATGGTAT,0,2534233
mhpRp2,0.25,3,3,ATCCCATGAATCGTAGGGGA,0,2512069
mhpRp2,0.25,3,3,ATCCACGTATGACCACCGAC,0,2514555
mhpRp2,0.25,3,3,ATCCAAATCCTTGGGGACTC,0,2499611
mhpRp2,0.25,3,3,ATCATTTTGTAGCTGGTTTA,0,2512243
mhpRp2,0.25,3,3,ATCATGTACCTGACTGGATA,0,2543795
mhpRp2,0.25,3,3,ATCATGGTCATTATAACCTA,0,2486867
mhpRp2,0.25,3,3,ATCATCATAGTAGAATCTAC,0,2520606
mhpRp2,0.25,3,3,ATCACTGGACAGGCTAAAGG,0,2520731
mhpRp2,0.25,3,3,ATCACCATCCAAGGTGCCGT,0,2534708
mhpRp2,0.25,3,3,ATCACATTACAATCGACGAC,0,2535239
mhpRp2,0.25,3,3,ATATTGGGTGACCGATCCCA,0,2520130
mhpRp2,0.25,3,3,ATATTGAAGAGCAGGCGTGT,0,2542574
mhpRp2,0.25,3,3,ATATTCGAAAGTACGTCGGT,0,2518636
mhpRp2,0.25,3,3,ATATTACTAGCATTGTACAC,0,2529675
mhpRp2,0.25,3,3,ATATGTGACTTTATACGTCT,0,2493790
mhpRp2,0.25,3,3,ATATGTCATAAGAGTTGAGC,0,2502007
mhpRp2,0.25,3,3,ATATGCAGGACGAATCCAGC,0,2520855
mhpRp2,0.25,3,3,ATATGAGCGGTTAAAGACTT,0,2488067
mhpRp2,0.25,3,3,ATATCGTCGTAGGGGGCAGA,0,2490346
mhpRp2,0.25,3,3,ATATCAAATCACGTTAATCC,0,2490521
mhpRp2,0.25,3,3,ATATAGGGACTATTCCCATA,0,2499244
mhpRp2,0.25,3,3,ATATACGGACTTGATCCACC,0,2508729
mhpRp2,0.25,3,3,ATATAAACTTGCCGAGCAGA,0,2480678
mhpRp2,0.25,3,3,ATAGTTACGAGAACTAATCA,0,2534980
mhpRp2,0.25,3,3,ATAGTGATGAAGCACGACTT,0,2511932
mhpRp2,0.25,3,3,ATAGGTTTTCGGCATCCAGC,0,2503289
mhpRp2,0.25,3,3,ATAGGATTCCCAGGCTCCGA,0,2490735
mhpRp2,0.25,3,3,ATAGCTGCTAACCACCCGCC,0,2517080
mhpRp2,0.25,3,3,ATAGCGAGGAGGGGGCAAAT,0,2481152
mhpRp2,0.25,3,3,ATAGCGAAGTGCATCAGAGT,0,2491303
mhpRp2,0.25,3,3,ATAGCAGACCTGTGGGTGGA,0,2517911
mhpRp2,0.25,3,3,ATAGCAAACCCTCCATAGCA,0,2509703
mhpRp2,0.25,3,3,ATAGAGAAGTACGTCCTGAT,0,2528427
mhpRp2,0.25,3,3,ATAGAGAACCACGAGTGTGT,0,2511191
mhpRp2,0.25,3,3,ATACTCTAGCTTCCATAGTT,0,2489223
mhpRp2,0.25,3,3,ATACGTCTGGGGTAGGTGTA,0,2501637
mhpRp2,0.25,3,3,ATACGGGAACTGCCAGGCCA,0,2513423
mhpRp2,0.25,3,3,ATACCGGCCTGATGCTCTCA,0,2523868
mhpRp2,0.25,3,3,ATACCAGAGGGCTCTTGTTC,0,2534788
mhpRp2,0.25,3,3,ATAATTCTTCCTTGAGATGG,0,2485900
mhpRp2,0.25,3,3,ATAATGGCAAGCTCCTAAAG,0,2518362
mhpRp2,0.25,3,3,ATAATGATCTCATGTCACCT,0,2483845
mhpRp2,0.25,3,3,ATAAGGGGGGCAAATAGCGT,0,2523062
mhpRp2,0.25,3,3,ATAAGGAGTGGCATCGCCTA,0,2489494
mhpRp2,0.25,3,3,ATAACTGGAATGCACCCCCA,0,2489763
mhpRp2,0.25,3,3,ATAAATACTCCACGGAGGTA,0,2481351
mhpRp2,0.25,3,3,ATAAAGGCGGGCCTGCCGAC,0,2483384
mhpRp2,0.25,3,3,AGTTTGCGGGATCTTCAATG,0,2505673
mhpRp2,0.25,3,3,AGTTTGCGAGGACCTTCCCA,0,2530442
mhpRp2,0.25,3,3,AGTTTCTCTTAACATCGCAT,0,2542296
mhpRp2,0.25,3,3,AGTTTACAGCTCCCGCGCTG,0,2506813
mhpRp2,0.25,3,3,AGTTGCTCTAGATTGTTCAC,0,2529511
mhpRp2,0.25,3,3,AGTTCTCAGCACGGATAATA,0,2513738
mhpRp2,0.25,3,3,AGTTAAGCACGGCGTAGACT,0,2497542
mhpRp2,0.25,3,3,AGTGGGGAATACCTAAGCGT,0,2483621
mhpRp2,0.25,3,3,AGTGGGCTACCCCAAGTATG,0,2500495
mhpRp2,0.25,3,3,AGTGGGATCGCGTTTAGTCT,0,2497759
mhpRp2,0.25,3,3,AGTGCGAGCAGGTTATACGC,0,2514256
mhpRp2,0.25,3,3,AGTGAGCTCGGCCGTCCGTT,0,2495863
mhpRp2,0.25,3,3,AGTGACCTAGATAAATTGCC,0,2496538
mhpRp2,0.25,3,3,AGTCTGGGTCTGATCGCATA,0,2524260
mhpRp2,0.25,3,3,AGTCTAGACCTCCACGCGCG,0,2496383
mhpRp2,0.25,3,3,AGTCGTTTAGGGTGTTATAG,0,2483229
mhpRp2,0.25,3,3,AGTCGTACTACTGCTCCAGG,0,2540994
mhpRp2,0.25,3,3,AGTCGGCCGCCTTAGGGGTG,0,2507229
mhpRp2,0.25,3,3,AGTCGCGGGAAGCTCGCAGG,0,2490531
mhpRp2,0.25,3,3,AGTCCTCTATATGGTCGACG,0,2540858
mhpRp2,0.25,3,3,AGTCAGAGACAGCATTTGTT,0,2505276
mhpRp2,0.25,3,3,AGTATCGAACACATGGGCTC,0,2498363
mhpRp2,0.25,3,3,AGTATATTGGCGTGTGGGCG,0,2514701
mhpRp2,0.25,3,3,AGTATAATAGATAATTGAAG,0,2542914
mhpRp2,0.25,3,3,AGTAGTTATCAAACATTGGG,0,2501938
mhpRp2,0.25,3,3,AGTAGTCAGTGACAGAGGGG,0,2534957
mhpRp2,0.25,3,3,AGTAGGGCTCCGCTCCTTAA,0,2484546
mhpRp2,0.25,3,3,AGTACAAGGTTGAATCTTAG,0,2484371
mhpRp2,0.25,3,3,AGTAATCTAATCAGGCGGTT,0,2528750
mhpRp2,0.25,3,3,AGGTTTTTTACGAGCTCCTT,0,2502296
mhpRp2,0.25,3,3,AGGTTTTGTTAGTTGAATAC,0,2486469
mhpRp2,0.25,3,3,AGGTTTGGTTACCCGTCGCT,0,2510916
mhpRp2,0.25,3,3,AGGTTCAACGGATCCACCGC,0,2501188
mhpRp2,0.25,3,3,AGGTGTGGTAGCTCGGACCG,0,2493186
mhpRp2,0.25,3,3,AGGTGGGTGATGGCTCCAGA,0,2489893
mhpRp2,0.25,3,3,AGGTGGAAAAAGAGCACCCG,0,2523064
mhpRp2,0.25,3,3,AGGTCTTCCTTGCGCGAATA,0,2502189
mhpRp2,0.25,3,3,AGGTCTCAGACCCGAGATAA,0,2486367
mhpRp2,0.25,3,3,AGGTCGGGTAACTGGATCCC,0,2514745
mhpRp2,0.25,3,3,AGGTCATTGGGATTAACTGC,0,2513452
mhpRp2,0.25,3,3,AGGTCAAGGTAGGTGATTCA,0,2503411
mhpRp2,0.25,3,3,AGGTAAGGGTGCTGGACGTT,0,2502504
mhpRp2,0.25,3,3,AGGGTTGAACAAGGAACGGA,0,2483554
mhpRp2,0.25,3,3,AGGGTTCGTCCCAAATTTGA,0,2517550
mhpRp2,0.25,3,3,AGGGGTCACTTACATCATGA,0,2524104
mhpRp2,0.25,3,3,AGGGGCTTACGAAACGGGAA,0,2521403
mhpRp2,0.25,3,3,AGGGCCGTTCCGAAGGTGCA,0,2535390
mhpRp2,0.25,3,3,AGGGAAACGATTGACCCAGG,0,2492974
mhpRp2,0.25,3,3,AGGCTTGCGCGTAAGGGGAT,0,2491960
mhpRp2,0.25,3,3,AGGCTAGGGGTCTAGGTCCT,0,2535187
mhpRp2,0.25,3,3,AGGCTACTGAATTCAGCCTT,0,2545343
mhpRp2,0.25,3,3,AGGCTAACACAGCTGCATCA,0,2486578
mhpRp2,0.25,3,3,AGGCGGACTTAAGGGCCAAC,0,2520107
mhpRp2,0.25,3,3,AGGCGCAATTTACGGACGGT,0,2535925
mhpRp2,0.25,3,3,AGGAGGTGCCAGCGTATTCC,0,2539827
mhpRp2,0.25,3,3,AGGAGAGTATACCAATAAAG,0,2495633
mhpRp2,0.25,3,3,AGGACCGTATGAATAGGGTC,0,2499490
mhpRp2,0.25,3,3,AGGACCAAGATTGCGAACGG,0,2486693
mhpRp2,0.25,3,3,AGGAAGTCTACAATATAAGT,0,2483402
mhpRp2,0.25,3,3,AGGAAATCGAATTTGGCCGT,0,2519847
mhpRp2,0.25,3,3,AGCTTTGGGACCTCGCGGTC,0,2520172
mhpRp2,0.25,3,3,AGCTTGGGGTGGTAGAATGT,0,2532859
mhpRp2,0.25,3,3,AGCTTGATGTCACTGACCGT,0,2480790
mhpRp2,0.25,3,3,AGCTTCGAACGCACCAGCCA,0,2488381
mhpRp2,0.25,3,3,AGCTTCCGTTACACAGAAGG,0,2521693
mhpRp2,0.25,3,3,AGCTGGGGTCCCAACGTCCG,0,2542961
mhpRp2,0.25,3,3,AGCTGGAGACTCCGATCTCT,0,2507588
mhpRp2,0.25,3,3,AGCTCGAGCATTGAATCAAT,0,2486731
mhpRp2,0.25,3,3,AGCTCCAACCAACATGGAAT,0,2540951
mhpRp2,0.25,3,3,AGCTAACAGCCCCGGTGTGA,0,2519865
mhpRp2,0.25,3,3,AGCGGTCCGAGATTCCCGTG,0,2539634
mhpRp2,0.25,3,3,AGCGGGACCCAGCGTAGGAT,0,2539790
mhpRp2,0.25,3,3,AGCGGATGGACATATAGCTT,0,2535402
mhpRp2,0.25,3,3,AGCGCTCCATAAACCCTTCC,0,2538026
mhpRp2,0.25,3,3,AGCGCAGCGGTTATAGCGTA,0,2491345
mhpRp2,0.25,3,3,AGCCTTACATCCGACATCGA,0,2518630
mhpRp2,0.25,3,3,AGCCTTAAGGGCACGGATCG,0,2489695
mhpRp2,0.25,3,3,AGCCTCTTTGTTATCGCTCT,0,2534581
mhpRp2,0.25,3,3,AGCCTCCGGAAGCCTAGTTT,0,2545801
mhpRp2,0.25,3,3,AGCCGGTACCGACGGCGTAG,0,2534013
mhpRp2,0.25,3,3,AGCCGGCTCATGTTCTGAAT,0,2483714
mhpRp2,0.25,3,3,AGCCGGCCGAGGTGCACCGT,0,2517200
mhpRp2,0.25,3,3,AGCCGCATAGCTTACTTTAG,0,2505883
mhpRp2,0.25,3,3,AGCCCTGCATGAAGAGCCAG,0,2527546
mhpRp2,0.25,3,3,AGCCCCTGATGTTTTGAGGC,0,2496095
mhpRp2,0.25,3,3,AGCCCCCGACAGACTGCGTA,0,2515000
mhpRp2,0.25,3,3,AGCCCAGAGACCGAGGGTTT,0,2537983
mhpRp2,0.25,3,3,AGCCATTATACGCCAGCAAT,0,2516521
mhpRp2,0.25,3,3,AGCCAGCATTAGGAATGAAG,0,2507058
mhpRp2,0.25,3,3,AGCCAGAGGAAGCGAACGTT,0,2537270
mhpRp2,0.25,3,3,AGCCACCGCACCCCAGTCAA,0,2537517
mhpRp2,0.25,3,3,AGCATGAAGCTTGGAAACGT,0,2489072
mhpRp2,0.25,3,3,AGCATCTAGATAGCCGTGTC,0,2509815
mhpRp2,0.25,3,3,AGCAGTTACGGTAATCCGGC,0,2495372
mhpRp2,0.25,3,3,AGCACAGGTATTCCTCCCAT,0,2524699
mhpRp2,0.25,3,3,AGCAACCGCCAGTATTGTTA,0,2501700
mhpRp2,0.25,3,3,AGCAACACCTTACTTTTTCC,0,2502366
mhpRp2,0.25,3,3,AGATTTCAGTCCCCACTTTG,0,2520879
mhpRp2,0.25,3,3,AGATTGCGTAGACCACAACT,0,2483119
mhpRp2,0.25,3,3,AGATTATTTCGATCAGTAAT,0,2515903
mhpRp2,0.25,3,3,AGATGGGGTGCCAGATTGGT,0,2482141
mhpRp2,0.25,3,3,AGATGGGACCACTAACCTCA,0,2505274
mhpRp2,0.25,3,3,AGATGGCGCTTTTGGGACGT,0,2481556
mhpRp2,0.25,3,3,AGATGCGTCGGCTTATTCCT,0,2520366
mhpRp2,0.25,3,3,AGATAAGGTGCAATTACGGG,0,2489277
mhpRp2,0.25,3,3,AGAGTTGGACTGTTGGGGCG,0,2488586
mhpRp2,0.25,3,3,AGAGGTGATATCCGCGTTTG,0,2480328
mhpRp2,0.25,3,3,AGAGGCTTCGGCCGAGTCCG,0,2518810
mhpRp2,0.25,3,3,AGAGGCACCGCGGTTTCGAT,0,2499530
mhpRp2,0.25,3,3,AGAGCTCCGCGGTAGATATA,0,2536507
mhpRp2,0.25,3,3,AGAGCGTTCATGCTCTCAAT,0,2501058
mhpRp2,0.25,3,3,AGAGCGCTCGGATCTAGCTG,0,2521113
mhpRp2,0.25,3,3,AGACGTTTCCAGTGCGAGCA,0,2493853
mhpRp2,0.25,3,3,AGACGAGTTAGATTGGAGGA,0,2544070
mhpRp2,0.25,3,3,AGACCAGGGGCAAGGTAAAT,0,2525671
mhpRp2,0.25,3,3,AGACCAATGGCCTTTATTAA,0,2494630
mhpRp2,0.25,3,3,AGACAGGGCGGCAATTGCGT,0,2491488
mhpRp2,0.25,3,3,AGACACTAGAATCGAGAGCG,0,2495185
mhpRp2,0.25,3,3,AGAATTCTACTTGCTTGATC,0,2496154
mhpRp2,0.25,3,3,AGAAGCACATAAACTCCATC,0,2531311
mhpRp2,0.25,3,3,AGAACGCCCGTGTCCTTCGG,0,2545569
mhpRp2,0.25,3,3,AGAAAAGCTTACAGTGAGGT,0,2535506
mhpRp2,0.25,3,3,ACTTTACTCAATTCTTACAT,0,2506683
mhpRp2,0.25,3,3,ACTTCGGTAAGGGGTGATCG,0,2527974
mhpRp2,0.25,3,3,ACTTCAGTTTCGAGGGGGCT,0,2521536
mhpRp2,0.25,3,3,ACTTCAGCGAGGTCCTGCAG,0,2494838
mhpRp2,0.25,3,3,ACTTATGGTGTTGATAGCCG,0,2503347
mhpRp2,0.25,3,3,ACTTATCTGGCATACGTAAT,0,2529060
mhpRp2,0.25,3,3,ACTTATCCTTTTATTGCAAG,0,2533681
mhpRp2,0.25,3,3,ACTGTTCCGGAAATGAACAA,0,2499195
mhpRp2,0.25,3,3,ACTGTCTGATTTGCCGGTCT,0,2521586
mhpRp2,0.25,3,3,ACTGTACAATCCCAACGATC,0,2504350
mhpRp2,0.25,3,3,ACTGGTTCTCGTGTATGAAA,0,2494577
mhpRp2,0.25,3,3,ACTGGTAATTCGGGCGAGCT,0,2487884
mhpRp2,0.25,3,3,ACTGGGGGGACCGGTCACCG,0,2497546
mhpRp2,0.25,3,3,ACTGCGCTAGGAAACGTTAT,0,2544637
mhpRp2,0.25,3,3,ACTGCCTAGATTGATTATTT,0,2514264
mhpRp2,0.25,3,3,ACTGACGTACACTTTCGAGA,0,2479653
mhpRp2,0.25,3,3,ACTCTTAGTATTTCGCCTCT,0,2531855
mhpRp2,0.25,3,3,ACTCTAGGTAATCGGTTCGA,0,2495275
mhpRp2,0.25,3,3,ACTCGGTTGGGGGTCACGCG,0,2523539
mhpRp2,0.25,3,3,ACTCATTTACTATGTGTGGC,0,2512649
mhpRp2,0.25,3,3,ACTCATGGGGTTCTTGGGTC,0,2492328
mhpRp2,0.25,3,3,ACTCAAATTGTACACTGCGG,0,2510966
mhpRp2,0.25,3,3,ACTCAAACCCCTCTCAGAAC,0,2521920
mhpRp2,0.25,3,3,ACTATATACGGGATTCGTGC,0,2495478
mhpRp2,0.25,3,3,ACTAGGCCTTCATTATAAGC,0,2506748
mhpRp2,0.25,3,3,ACTAGGACATACGCAGTAAG,0,2505535
mhpRp2,0.25,3,3,ACTAGCCGATCAGGACGGTG,0,2508619
mhpRp2,0.25,3,3,ACTACGCCACTCCCATGGGA,0,2497812
mhpRp2,0.25,3,3,ACTAATATGACACTAGATCT,0,2494338
mhpRp2,0.25,3,3,ACGTTTTTTACATATACCTC,0,2488987
mhpRp2,0.25,3,3,ACGTTTTGGCGTGGGGAGTC,0,2524884
mhpRp2,0.25,3,3,ACGTTCGGAAACGCATAGAA,0,2536232
mhpRp2,0.25,3,3,ACGTGAGTCTCAGGTCACTA,0,2525775
mhpRp2,0.25,3,3,ACGTCGCCGCAGCTCATTGG,0,2543219
mhpRp2,0.25,3,3,ACGTCCGCCACAAAGGGTAC,0,2540313
mhpRp2,0.25,3,3,ACGTCAGACATACCAGGGTT,0,2540486
mhpRp2,0.25,3,3,ACGTAGATCGCGAATCTAGG,0,2536063
mhpRp2,0.25,3,3,ACGTACCCGATCTCAATCAT,0,2504348
mhpRp2,0.25,3,3,ACGGTTCTTGACTACCGACT,0,2525976
mhpRp2,0.25,3,3,ACGGGACCTTCGCGGCTAAC,0,2532286
mhpRp2,0.25,3,3,ACGGCTCAAGGGTAAGTGAC,0,2541398
mhpRp2,0.25,3,3,ACGGCGAGGCTTTGAAGTGG,0,2482456
mhpRp2,0.25,3,3,ACGGCGAAACCCCGCCTGTA,0,2542088
mhpRp2,0.25,3,3,ACGGCACGCTTCAAGAGGCT,0,2535503
mhpRp2,0.25,3,3,ACGGATTCACCTAGACGACT,0,2524739
mhpRp2,0.25,3,3,ACGGATGCGTGCAGCCTGAG,0,2525817
mhpRp2,0.25,3,3,ACGGAGAGGACTCTGGTGTC,0,2537463
mhpRp2,0.25,3,3,ACGGAAAATTTATTCACAAA,0,2513679
mhpRp2,0.25,3,3,ACGCTGCCGTTATATGGTAC,0,2539352
mhpRp2,0.25,3,3,ACGCTGCCCTCAATCTCGGT,0,2540979
mhpRp2,0.25,3,3,ACGCTGCCAGAGCCTTAGCT,0,2497827
mhpRp2,0.25,3,3,ACGCTCACGTGTGCTTCAGT,0,2510123
mhpRp2,0.25,3,3,ACGCTAGTGTATTTGAGAAA,0,2489382
mhpRp2,0.25,3,3,ACGCTAACAAAACATGAGTA,0,2527987
mhpRp2,0.25,3,3,ACGCGTTTCCCACCAGACAC,0,2539897
mhpRp2,0.25,3,3,ACGCGGGGCCTGGGTTTACC,0,2497338
mhpRp2,0.25,3,3,ACGCGGACCGTACTATGGAT,0,2495894
mhpRp2,0.25,3,3,ACGCCTACCCTGTCTAAAAG,0,2498359
mhpRp2,0.25,3,3,ACGCCGCCTTGCGGTAGCTC,0,2497158
mhpRp2,0.25,3,3,ACGCCAGGGACTCTTGGGCA,0,2527644
mhpRp2,0.25,3,3,ACGCAGTGCAGGTACTTCGA,0,2506724
mhpRp2,0.25,3,3,ACGATGACTCTTGCTCACAG,0,2532825
mhpRp2,0.25,3,3,ACGATCCAGAAGCTCCCAGA,0,2529086
mhpRp2,0.25,3,3,ACGAGGGCATTGAAGCGATG,0,2496388
mhpRp2,0.25,3,3,ACGAGACAAATCAGCTATCC,0,2485552
mhpRp2,0.25,3,3,ACGAATAACGGCGGATGTAC,0,2526928
mhpRp2,0.25,3,3,ACGAACTCGGCCAAGGGGGG,0,2523055
mhpRp2,0.25,3,3,ACGAACGCATTTATTCTTCC,0,2499782
mhpRp2,0.25,3,3,ACGAAACTAGGGAATCCGAG,0,2544184
mhpRp2,0.25,3,3,ACGAAAACTCCGTATGTCAC,0,2498460
mhpRp2,0.25,3,3,ACCTTGTACCCTTTGCACCT,0,2499864
mhpRp2,0.25,3,3,ACCTTCGGCGCGCGACCCGT,0,2528159
mhpRp2,0.25,3,3,ACCTGGTGGCGTTGGCAGCG,0,2534217
mhpRp2,0.25,3,3,ACCTGACCGGCATACCTTGC,0,2520283
mhpRp2,0.25,3,3,ACCTCAGCGAGCTCTGAAAG,0,2525583
mhpRp2,0.25,3,3,ACCTCAGAGAATTCCTACGC,0,2486194
mhpRp2,0.25,3,3,ACCTACACGCACACGTCGCG,0,2499122
mhpRp2,0.25,3,3,ACCGGTTCGTGTTAATAGCC,0,2507167
mhpRp2,0.25,3,3,ACCGGGTACGGTCGCTTCAC,0,2510024
mhpRp2,0.25,3,3,ACCGGGGTTGGAGCCGTGTG,0,2510050
mhpRp2,0.25,3,3,ACCGCTGGATGAACTAACGC,0,2509119
mhpRp2,0.25,3,3,ACCGCGGCAGGGGCATCTGA,0,2498038
mhpRp2,0.25,3,3,ACCGCCGCTAACCCTATACA,0,2538417
mhpRp2,0.25,3,3,ACCGCCGAATTAGTTTACCT,0,2481865
mhpRp2,0.25,3,3,ACCGCCAAGACGTTATACCA,0,2505967
mhpRp2,0.25,3,3,ACCGCAAACCGGCTAGGCTA,0,2488862
mhpRp2,0.25,3,3,ACCGAGCGAGGAAGGCTAAA,0,2506449
mhpRp2,0.25,3,3,ACCGAAAGGGAATAATCAGT,0,2524915
mhpRp2,0.25,3,3,ACCGAAAGAGCGACTTAAGC,0,2496815
mhpRp2,0.25,3,3,ACCCGGTGTGCCACGTGCTC,0,2504479
mhpRp2,0.25,3,3,ACCCGGTCGCGTGCCATTCG,0,2504933
mhpRp2,0.25,3,3,ACCCGGCTCGTTGGTGCGTT,0,2536878
mhpRp2,0.25,3,3,ACCCCCGCTGAGGCAAAGTA,0,2493877
mhpRp2,0.25,3,3,ACCCATGGACTTCGTTCCCC,0,2527606
mhpRp2,0.25,3,3,ACCATGGACGGTTCCACAGG,0,2490343
mhpRp2,0.25,3,3,ACCATAGAAATGGGCTCCCT,0,2545425
mhpRp2,0.25,3,3,ACCACTGGAGGTGGCCACTA,0,2506823
mhpRp2,0.25,3,3,ACCACGCCACATGGTTTTCA,0,2485941
mhpRp2,0.25,3,3,ACCACCTTCGTACGCTTACA,0,2539628
mhpRp2,0.25,3,3,ACCAAAGTTCCGAGATCAAA,0,2480594
mhpRp2,0.25,3,3,ACCAAAGCTGTTTTATGATC,0,2515826
mhpRp2,0.25,3,3,ACATTGAGACCGGGGTTGCA,0,2516877
mhpRp2,0.25,3,3,ACATGGCTATACATATGTGA,0,2503108
mhpRp2,0.25,3,3,ACATCGTAAGCTTATGCGCA,0,2539279
mhpRp2,0.25,3,3,ACATAAAGGAAGGATGAGAC,0,2535161
mhpRp2,0.25,3,3,ACAGTGGTTACATCAGGATA,0,2483670
mhpRp2,0.25,3,3,ACAGTACATAACGGTGAAAT,0,2496040
mhpRp2,0.25,3,3,ACAGGTACTAAGACACTTAC,0,2480972
mhpRp2,0.25,3,3,ACAGGGGTGTAGGGTGCCAA,0,2508094
mhpRp2,0.25,3,3,ACAGGGGCTAGACGGGAGAT,0,2490895
mhpRp2,0.25,3,3,ACAGGCCTTGTACAGAAATA,0,2486144
mhpRp2,0.25,3,3,ACAGAGGTTGCCGTAGCGGT,0,2499339
mhpRp2,0.25,3,3,ACAGAAACCGGTATATGTGT,0,2543288
mhpRp2,0.25,3,3,ACACTATTCTCGACACAGTG,0,2510656
mhpRp2,0.25,3,3,ACACGTGCCGGCCATCACAG,0,2527350
mhpRp2,0.25,3,3,ACACGCTATTGGACGTGACG,0,2493252
mhpRp2,0.25,3,3,ACACGATTTTTAGTGCTCAA,0,2500494
mhpRp2,0.25,3,3,ACACGAGTTCGTTCGGTTAG,0,2522583
mhpRp2,0.25,3,3,ACACGAACTTTCGCAGTGAA,0,2538227
mhpRp2,0.25,3,3,ACACATAGGGGCCTAGCGAA,0,2537144
mhpRp2,0.25,3,3,ACAATCGGGAGGGCCAAGTA,0,2535675
mhpRp2,0.25,3,3,ACAAGGGCTGGAGAGTATGC,0,2480298
mhpRp2,0.25,3,3,ACAAGACGCGGTGATGTTTT,0,2488568
mhpRp2,0.25,3,3,ACAAGAAGGCAAGGCGGCCA,0,2531786
mhpRp2,0.25,3,3,ACAACGGAGTTAGACCGTAT,0,2524649
mhpRp2,0.25,3,3,ACAACATGCCGTCAGCCTCT,0,2529992
mhpRp2,0.25,3,3,ACAACAAGAAATGGACGGTT,0,2520652
mhpRp2,0.25,3,3,ACAAATTCGTGCGGTGTTCT,0,2518583
mhpRp2,0.25,3,3,ACAAACCCCCCCGGGACATA,0,2516452
mhpRp2,0.25,3,3,ACAAAAGTACGAACCCGATA,0,2523767
mhpRp2,0.25,3,3,AATTTTATTCTGGCTTTCTC,0,2508915
mhpRp2,0.25,3,3,AATTTGTCCGATGGAGGTGG,0,2514946
mhpRp2,0.25,3,3,AATTTGAGGGGGTCCTGTAC,0,2485073
mhpRp2,0.25,3,3,AATTTCTACGACGAGGTTCT,0,2501999
mhpRp2,0.25,3,3,AATTGTGTCCATAAAAGTTT,0,2539084
mhpRp2,0.25,3,3,AATTGAAAGGATTTTTAGAA,0,2529954
mhpRp2,0.25,3,3,AATTCTCTGCAAATTCGCAT,0,2543365
mhpRp2,0.25,3,3,AATTCGGGCACTCGTCGAAG,0,2487176
mhpRp2,0.25,3,3,AATTACACAAAACCACACTT,0,2526252
mhpRp2,0.25,3,3,AATGTCCATGGGTGTTTATC,0,2524320
mhpRp2,0.25,3,3,AATGGTTCATGCGGATGGCT,0,2525018
mhpRp2,0.25,3,3,AATGGGTTATTAATATTCTA,0,2488278
mhpRp2,0.25,3,3,AATGGCAAAAGAGTTGAAAC,0,2486788
mhpRp2,0.25,3,3,AATGGAGCGGCTACTATTTT,0,2534890
mhpRp2,0.25,3,3,AATGCTGAGTCTGGCTCTTA,0,2492036
mhpRp2,0.25,3,3,AATCTTAGGACCTCTGTTCG,0,2489813
mhpRp2,0.25,3,3,AATCCGAAACAACGGAAGCG,0,2485700
mhpRp2,0.25,3,3,AATCAGTCCATCCGAGACGT,0,2490638
mhpRp2,0.25,3,3,AATCAAGAGGGCAAGACATA,0,2497711
mhpRp2,0.25,3,3,AATATCATTCTAGGGGAGAC,0,2515632
mhpRp2,0.25,3,3,AATATACAGTCACGATACCC,0,2500403
mhpRp2,0.25,3,3,AATAGCCCTGAGGACTGGAT,0,2542852
mhpRp2,0.25,3,3,AATACCTCCTACATTGCCGC,0,2486231
mhpRp2,0.25,3,3,AAGTTCTCAGCGGAAAAATC,0,2508482
mhpRp2,0.25,3,3,AAGTGGACTTCTTGCGTATT,0,2490616
mhpRp2,0.25,3,3,AAGTGATGATCTCAGCGGCC,0,2504331
mhpRp2,0.25,3,3,AAGTCGTCCGCTCACAGTCT,0,2515861
mhpRp2,0.25,3,3,AAGTCCGAGGAGTCGTGTTG,0,2543122
mhpRp2,0.25,3,3,AAGTCAGGAATCGTAGCTGA,0,2493455
mhpRp2,0.25,3,3,AAGGTTAACTTAGTAGGAAG,0,2497187
mhpRp2,0.25,3,3,AAGGGGCACCCAAGGAGCGT,0,2511867
mhpRp2,0.25,3,3,AAGGGGACCGGGCAGCCCCC,0,2502819
mhpRp2,0.25,3,3,AAGGGCCAGTCTAAGTGCAA,0,2517324
mhpRp2,0.25,3,3,AAGGCTCTCCGTCCTGTGCA,0,2529097
mhpRp2,0.25,3,3,AAGGCGTTGGTACCGTCCAG,0,2486546
mhpRp2,0.25,3,3,AAGGCACCAAGTGTTCGTTA,0,2545867
mhpRp2,0.25,3,3,AAGGATGTTCCGCAGTTACT,0,2529913
mhpRp2,0.25,3,3,AAGGAGATAAGCGATCGGGA,0,2512619
mhpRp2,0.25,3,3,AAGGACCGGACTGTCGTGTT,0,2528233
mhpRp2,0.25,3,3,AAGGAATTTATCCGGATTGT,0,2529524
mhpRp2,0.25,3,3,AAGCTTTCCCCTAGTTGTGG,0,2532661
mhpRp2,0.25,3,3,AAGCTACGTTACGCTTGTTG,0,2537855
mhpRp2,0.25,3,3,AAGCGTGGCGAGAAAAGTGC,0,2545593
mhpRp2,0.25,3,3,AAGCGCTTTCTACGCTTCCT,0,2537340
mhpRp2,0.25,3,3,AAGCGCACGGTTGACCAAGA,0,2487496
mhpRp2,0.25,3,3,AAGCCCCTAAAAAAAGACCC,0,2498153
mhpRp2,0.25,3,3,AAGATTCCCCCAATGGACAA,0,2540335
mhpRp2,0.25,3,3,AAGATGAGTCGAGTTCCGGA,0,2525878
mhpRp2,0.25,3,3,AAGAGTTAGGGGCGTTATAC,0,2520261
mhpRp2,0.25,3,3,AAGAGCTAGCCCCTTGGAAT,0,2524813
mhpRp2,0.25,3,3,AACTTTCGGTAGCGGTTACT,0,2535154
mhpRp2,0.25,3,3,AACTTGTTGTTTTGGAGTTC,0,2482686
mhpRp2,0.25,3,3,AACTTACTGGCATCGCTAAC,0,2545048
mhpRp2,0.25,3,3,AACTTAATTCCTGGTTGCAT,0,2512830
mhpRp2,0.25,3,3,AACTGTCCGGCCCGAGCCAT,0,2483033
mhpRp2,0.25,3,3,AACTGATTGGAGGTCGTGAG,0,2504788
mhpRp2,0.25,3,3,AACTGAAATTCTTCCCAGCG,0,2502368
mhpRp2,0.25,3,3,AACTCGTTTTTCCAGATTGT,0,2483213
mhpRp2,0.25,3,3,AACTAGAGCACGGCCAATCC,0,2531634
mhpRp2,0.25,3,3,AACTAGAAACAGTGCATGAC,0,2515684
mhpRp2,0.25,3,3,AACGTTTAACATGTGTCTTA,0,2489793
mhpRp2,0.25,3,3,AACGTGGAAGTACCCAGGTG,0,2526833
mhpRp2,0.25,3,3,AACGTAATAAATAGGCTTCC,0,2536536
mhpRp2,0.25,3,3,AACGGTGTGTGTATGTTATG,0,2524761
mhpRp2,0.25,3,3,AACGAGACGAATCGGCACAG,0,2491467
mhpRp2,0.25,3,3,AACGAATGTTAGTATTTTGA,0,2500537
mhpRp2,0.25,3,3,AACGAATCCGTGTCCCAACA,0,2525809
mhpRp2,0.25,3,3,AACCTTTTTCGCACCCGTTA,0,2516458
mhpRp2,0.25,3,3,AACCTTAGGTCGCCCGTATC,0,2487216
mhpRp2,0.25,3,3,AACCTCGCGGGCTACTCTAT,0,2533266
mhpRp2,0.25,3,3,AACCTCCATAAGTCACTTTT,0,2494087
mhpRp2,0.25,3,3,AACCTCACTTAAGACGAATT,0,2515550
mhpRp2,0.25,3,3,AACCGGTGACACGAACCTGG,0,2528852
mhpRp2,0.25,3,3,AACCGGATTACACGATGCCG,0,2508238
mhpRp2,0.25,3,3,AACCGCAGACTGTTGGGGTA,0,2535680
mhpRp2,0.25,3,3,AACCGCAAAAACTGTTACCT,0,2539558
mhpRp2,0.25,3,3,AACCCTATTATATGATCCCG,0,2532414
mhpRp2,0.25,3,3,AACCACGGTTGCTTAATAAG,0,2504919
mhpRp2,0.25,3,3,AACCACGGGTCGGATGTTGG,0,2516295
mhpRp2,0.25,3,3,AACATTGATACTTGTGACTC,0,2499000
mhpRp2,0.25,3,3,AACATTGAAAGCACGGCTGG,0,2533024
mhpRp2,0.25,3,3,AACATTCTCAATCCCAATCG,0,2544164
mhpRp2,0.25,3,3,AACATACATAAGGGGTTGTC,0,2490022
mhpRp2,0.25,3,3,AACAGCATTTTTGACAGTCC,0,2506498
mhpRp2,0.25,3,3,AACACCAGCGTGGGAATTCC,0,2485881
mhpRp2,0.25,3,3,AACAATGTTTCATTAGGTAT,0,2544672
mhpRp2,0.25,3,3,AACAATCGGGCAGATATGAT,0,2525868
mhpRp2,0.25,3,3,AACAAACGGTTTGTTTGCCA,0,2541033
mhpRp2,0.25,3,3,AAATTGGGACGGTGTATCAT,0,2529671
mhpRp2,0.25,3,3,AAATTGCTGCATATGCACGG,0,2514180
mhpRp2,0.25,3,3,AAATTACACAATGGCGACCT,0,2542537
mhpRp2,0.25,3,3,AAATACACGTGGGGAATAGA,0,2479738
mhpRp2,0.25,3,3,AAAGTTTGATCATGCCACCC,0,2516381
mhpRp2,0.25,3,3,AAAGTTCTCCTGCTCGCGTT,0,2513720
mhpRp2,0.25,3,3,AAAGTTCCGTTTAACGGGGA,0,2525586
mhpRp2,0.25,3,3,AAAGTTAGTTAAGGGGTGTA,0,2516321
mhpRp2,0.25,3,3,AAAGCAAACTTCCGCTTTGA,0,2543856
mhpRp2,0.25,3,3,AAAGACTCCCAGTAATAGCA,0,2488749
mhpRp2,0.25,3,3,AAACTCGTATCAGGCTCCGG,0,2539993
mhpRp2,0.25,3,3,AAACGGCCGGGAAAGAAACT,0,2505414
mhpRp2,0.25,3,3,AAACCATAGTAAGCTACAGT,0,2516669
mhpRp2,0.25,3,3,AAACAATTGCGCAGTACAGA,0,2508310
mhpRp2,0.25,3,3,AAACAAAGACAGCCTTCGAC,0,2529176
mhpRp2,0.25,3,3,AAAATTATGTGATGGTTTTG,0,2537212
mhpRp2,0.25,3,3,AAAAATCGGTAGTGCCTAAT,0,2525364
mhpRp2,0.3333333333333333,2,2,TTTTTTGAATTACCGATTCG,0,2479736
mhpRp2,0.3333333333333333,2,2,TTTTTGTTTTGAGCTGGCCT,0,2483882
mhpRp2,0.3333333333333333,2,2,TTTTTACGAAACTTTAATTT,0,2508154
mhpRp2,0.3333333333333333,2,2,TTTTGGATTAGGTTATTCGG,0,2532283
mhpRp2,0.3333333333333333,2,2,TTTTGCGTGGGTGGAGCAAC,0,2535812
mhpRp2,0.3333333333333333,2,2,TTTTACCGAAAACTCTCAGT,0,2513982
mhpRp2,0.3333333333333333,2,2,TTTTAAAATGGTCCATCAGG,0,2502627
mhpRp2,0.3333333333333333,2,2,TTTGTCTGATACCAGGAAAG,0,2520428
mhpRp2,0.3333333333333333,2,2,TTTGTATCCCGCTGCGATAT,0,2482504
mhpRp2,0.3333333333333333,2,2,TTTGTAAATTTCTTAAAGGT,0,2481671
mhpRp2,0.3333333333333333,2,2,TTTGGTTAAACTCCTACGGA,0,2544082
mhpRp2,0.3333333333333333,2,2,TTTGGTGCCTGACGAACCAC,0,2526819
mhpRp2,0.3333333333333333,2,2,TTTGGGGTATGTGTCAGTTA,0,2536515
mhpRp2,0.3333333333333333,2,2,TTTGCCAGCGCGGCAGATAG,0,2532266
mhpRp2,0.3333333333333333,2,2,TTTGAATTCTGACAGAAATA,0,2483248
mhpRp2,0.3333333333333333,2,2,TTTGAAAATTTTCTGTCGTG,0,2492462
mhpRp2,0.3333333333333333,2,2,TTTCTACTTGTCTTTATTCC,0,2532454
mhpRp2,0.3333333333333333,2,2,TTTCCCAGCAGACCTATTAC,0,2486797
mhpRp2,0.3333333333333333,2,2,TTTCAGAGATGCGGCCCACA,0,2519971
mhpRp2,0.3333333333333333,2,2,TTTCAATAGTTACCACGCAG,0,2498178
mhpRp2,0.3333333333333333,2,2,TTTATTCCCACGTGCAGGTA,0,2488548
mhpRp2,0.3333333333333333,2,2,TTTATGATCTTGCTTGCAAT,0,2491493
mhpRp2,0.3333333333333333,2,2,TTTATCCGTAGATCAGGACT,0,2516338
mhpRp2,0.3333333333333333,2,2,TTTATAGGCTCCGGTTGAGG,0,2527647
mhpRp2,0.3333333333333333,2,2,TTTATAGAGGCGTTAGCGAA,0,2512866
mhpRp2,0.3333333333333333,2,2,TTTAGTTGGCTTCAGCAGCT,0,2537777
mhpRp2,0.3333333333333333,2,2,TTTAGTGAGTTCACTCGGTC,0,2506302
mhpRp2,0.3333333333333333,2,2,TTTAGCCTGCTTCACGCGAA,0,2532869
mhpRp2,0.3333333333333333,2,2,TTTACCGCCGCCGAGACGGT,0,2517382
mhpRp2,0.3333333333333333,2,2,TTTAATTAGGCGGACTTCCT,0,2487934
mhpRp2,0.3333333333333333,2,2,TTTAACCGCTGAATTTCACA,0,2511594
mhpRp2,0.3333333333333333,2,2,TTTAACCATGGGCCTCTCGA,0,2537798
mhpRp2,0.3333333333333333,2,2,TTGTTCTCAGGCTTTGGAAT,0,2527270
mhpRp2,0.3333333333333333,2,2,TTGTTCCATACTCAGGAGCA,0,2499315
mhpRp2,0.3333333333333333,2,2,TTGTGGTGTTCAGGAGTGGT,0,2530283
mhpRp2,0.3333333333333333,2,2,TTGTGGGTACCCGGCTCTGG,0,2531730
mhpRp2,0.3333333333333333,2,2,TTGTGATCGACAAACTCAAG,0,2543612
mhpRp2,0.3333333333333333,2,2,TTGTCGAGTGCCCAAAAATT,0,2480258
mhpRp2,0.3333333333333333,2,2,TTGTCATGTTACGTCCCCGG,0,2541392
mhpRp2,0.3333333333333333,2,2,TTGTCAGGCTGGACAGGCGC,0,2527081
mhpRp2,0.3333333333333333,2,2,TTGTAGGACTCTCCGGGGTG,0,2536268
mhpRp2,0.3333333333333333,2,2,TTGTACTAATTCACGTGATA,0,2515357
mhpRp2,0.3333333333333333,2,2,TTGTACGTTGACTTTACCGA,0,2521565
mhpRp2,0.3333333333333333,2,2,TTGGTTATACTGGGTAGCGT,0,2540668
mhpRp2,0.3333333333333333,2,2,TTGGTGAGCGATACCGGGTC,0,2528774
mhpRp2,0.3333333333333333,2,2,TTGGTACCAATTGAATCACC,0,2528280
mhpRp2,0.3333333333333333,2,2,TTGGCGTTTTAGGGGCAAGT,0,2500195
mhpRp2,0.3333333333333333,2,2,TTGGCCAGCCTTTTGAAAAT,0,2541154
mhpRp2,0.3333333333333333,2,2,TTGGCCACTAAACTTTATGC,0,2508789
mhpRp2,0.3333333333333333,2,2,TTGGACTCTTTCAAATCGCG,0,2505142
mhpRp2,0.3333333333333333,2,2,TTGCTGGCAACCCAGGGGCT,0,2523375
mhpRp2,0.3333333333333333,2,2,TTGCTGATGGCTCGCCCCGA,0,2504086
mhpRp2,0.3333333333333333,2,2,TTGCTGAGTGTGTGTCGTTT,0,2514135
mhpRp2,0.3333333333333333,2,2,TTGCTGAGCGAGTTTAGGGG,0,2506795
mhpRp2,0.3333333333333333,2,2,TTGCTATTACAGGGAAGGGA,0,2516156
mhpRp2,0.3333333333333333,2,2,TTGCTAACCCGCAAATGGTT,0,2493208
mhpRp2,0.3333333333333333,2,2,TTGCGAAGTAGAGGGTTTGA,0,2493605
mhpRp2,0.3333333333333333,2,2,TTGCCCAGCTCGCGCACCAC,0,2540291
mhpRp2,0.3333333333333333,2,2,TTGCATGGTTCGAGTGGTGA,0,2490154
mhpRp2,0.3333333333333333,2,2,TTGCAGGTTCAGAGGCATCT,0,2511075
mhpRp2,0.3333333333333333,2,2,TTGCAGGAACTTTGCGGATG,0,2518507
mhpRp2,0.3333333333333333,2,2,TTGCACTAACATACGCGTGT,0,2493258
mhpRp2,0.3333333333333333,2,2,TTGATGGTGGTGTCCCGACT,0,2504123
mhpRp2,0.3333333333333333,2,2,TTGAGTGTCTATACGATATT,0,2509688
mhpRp2,0.3333333333333333,2,2,TTGAGTAATATGACCTGTGA,0,2542992
mhpRp2,0.3333333333333333,2,2,TTGAGGTTGAACTACCCCGG,0,2507244
mhpRp2,0.3333333333333333,2,2,TTGAGGTGCCAGATCGGATC,0,2534887
mhpRp2,0.3333333333333333,2,2,TTGAGCTTAACAAACGCTCG,0,2544645
mhpRp2,0.3333333333333333,2,2,TTGAGATCGAGAGACCAAGT,0,2514012
mhpRp2,0.3333333333333333,2,2,TTGACTGTCAACAAGACGCT,0,2525225
mhpRp2,0.3333333333333333,2,2,TTGACGCGTGCTTCTTCCGG,0,2515992
mhpRp2,0.3333333333333333,2,2,TTGACGCGCTGCTTTGATGA,0,2486485
mhpRp2,0.3333333333333333,2,2,TTCTTCCATAGAATAAGTTA,0,2532509
mhpRp2,0.3333333333333333,2,2,TTCTGTGGAAGACTTAGATG,0,2532202
mhpRp2,0.3333333333333333,2,2,TTCTGGGGAGAGCCATGTTA,0,2531406
mhpRp2,0.3333333333333333,2,2,TTCTGATCTCCGTCGTGTAC,0,2544390
mhpRp2,0.3333333333333333,2,2,TTCTCTTCCTTACAGGACTG,0,2489002
mhpRp2,0.3333333333333333,2,2,TTCTCTTATTTTTTAGGTTA,0,2488107
mhpRp2,0.3333333333333333,2,2,TTCTCCCTAGACGGCGGCCC,0,2504993
mhpRp2,0.3333333333333333,2,2,TTCTCAATCGAGCGCACGAA,0,2484372
mhpRp2,0.3333333333333333,2,2,TTCTATTTGATTATACTAAA,0,2509031
mhpRp2,0.3333333333333333,2,2,TTCTATCCATTACGCCCTCA,0,2510772
mhpRp2,0.3333333333333333,2,2,TTCGTCAGGTCTTCATCATG,0,2521223
mhpRp2,0.3333333333333333,2,2,TTCGGTAGCCTTTTACGGTT,0,2535926
mhpRp2,0.3333333333333333,2,2,TTCGGGAAGGGCGTCCAGGG,0,2511314
mhpRp2,0.3333333333333333,2,2,TTCGGCCGCATTAGTGTGCA,0,2507799
mhpRp2,0.3333333333333333,2,2,TTCGCGATGAGTCAAGTCTG,0,2540004
mhpRp2,0.3333333333333333,2,2,TTCGCCCAGCCGTAGTAACA,0,2496979
mhpRp2,0.3333333333333333,2,2,TTCGATTCAAATCCAGGGGT,0,2498989
mhpRp2,0.3333333333333333,2,2,TTCGATCTAGTTTGACAATC,0,2491636
mhpRp2,0.3333333333333333,2,2,TTCCTAGCGCCCATTGTCCA,0,2533194
mhpRp2,0.3333333333333333,2,2,TTCCGCGAAGTGCTTAAAAG,0,2493710
mhpRp2,0.3333333333333333,2,2,TTCCCTACTGCTACTACGGA,0,2536658
mhpRp2,0.3333333333333333,2,2,TTCCCCTTTGCGCATTCCCC,0,2521196
mhpRp2,0.3333333333333333,2,2,TTCCCCAATGACAGTGTCTA,0,2494011
mhpRp2,0.3333333333333333,2,2,TTCCAGAGGCTCTCCGACAG,0,2514603
mhpRp2,0.3333333333333333,2,2,TTCCAACGTCCACCCCCTGA,0,2530120
mhpRp2,0.3333333333333333,2,2,TTCCAAATTCCGCTCAGATG,0,2529231
mhpRp2,0.3333333333333333,2,2,TTCATGTACTGGCGGAAGAA,0,2482420
mhpRp2,0.3333333333333333,2,2,TTCATGCCGGGGAATGTATT,0,2489357
mhpRp2,0.3333333333333333,2,2,TTCAGTAGAGGCATTCCGGA,0,2524999
mhpRp2,0.3333333333333333,2,2,TTCAGGCTGCTTACTCTTCT,0,2536797
mhpRp2,0.3333333333333333,2,2,TTCACTATGTTGGGTGAGAT,0,2503549
mhpRp2,0.3333333333333333,2,2,TTCACCTAGTGTCACAACGA,0,2498884
mhpRp2,0.3333333333333333,2,2,TTCAAAACTACGAGGGTCTC,0,2504425
mhpRp2,0.3333333333333333,2,2,TTATTTCGAGGTTCCGCCGG,0,2524789
mhpRp2,0.3333333333333333,2,2,TTATCGTCCTGGTGGCTAAG,0,2527610
mhpRp2,0.3333333333333333,2,2,TTATCACAGGTTTCGTGTAA,0,2518467
mhpRp2,0.3333333333333333,2,2,TTATAGATACGCAAGAGGGA,0,2479767
mhpRp2,0.3333333333333333,2,2,TTATACATCAGAAAGGTGTC,0,2499468
mhpRp2,0.3333333333333333,2,2,TTAGGTCCCTCGATACGAAG,0,2509782
mhpRp2,0.3333333333333333,2,2,TTAGCTCGCCACCAACCATA,0,2520683
mhpRp2,0.3333333333333333,2,2,TTAGCGGGTGGCCTGCTCGA,0,2490712
mhpRp2,0.3333333333333333,2,2,TTAGAGTAAGTCTAGTTCGG,0,2523063
mhpRp2,0.3333333333333333,2,2,TTAGAGGTTGCCTCTGCGTG,0,2509362
mhpRp2,0.3333333333333333,2,2,TTAGAGACGCGCATGGTTAG,0,2527384
mhpRp2,0.3333333333333333,2,2,TTACTTCATCTATGTACCTT,0,2540459
mhpRp2,0.3333333333333333,2,2,TTACTCCTGGAAATTACTGT,0,2513206
mhpRp2,0.3333333333333333,2,2,TTACGAGTGCGCGCGTGGCT,0,2541846
mhpRp2,0.3333333333333333,2,2,TTACCTCAGCGTTGTATTGA,0,2486918
mhpRp2,0.3333333333333333,2,2,TTACCGGCAGCAGACCTGCA,0,2510011
mhpRp2,0.3333333333333333,2,2,TTACCCGTCCGCTGCCGCGG,0,2525304
mhpRp2,0.3333333333333333,2,2,TTACCATTCTGTCGCCTTTA,0,2530731
mhpRp2,0.3333333333333333,2,2,TTACCAGTACCGCACAACAT,0,2518246
mhpRp2,0.3333333333333333,2,2,TTACATGTACGATACAAATG,0,2538469
mhpRp2,0.3333333333333333,2,2,TTACACTCATTCGCTCGGCC,0,2514086
mhpRp2,0.3333333333333333,2,2,TTACACTAAAAATGTTCGAT,0,2501653
mhpRp2,0.3333333333333333,2,2,TTACACAGGGAGATTACGTT,0,2539376
mhpRp2,0.3333333333333333,2,2,TTACAATTCCCCGGCGTAGC,0,2537895
mhpRp2,0.3333333333333333,2,2,TTACAAACACTGAGTGCTCA,0,2485392
mhpRp2,0.3333333333333333,2,2,TTAATTACGGAAGGGAGATG,0,2515728
mhpRp2,0.3333333333333333,2,2,TTAATCCCTGATATAACCTT,0,2525898
mhpRp2,0.3333333333333333,2,2,TTAAGTGCTCCCTCCTAGCG,0,2538017
mhpRp2,0.3333333333333333,2,2,TTAAGGAACGATTAAAGTGA,0,2488727
mhpRp2,0.3333333333333333,2,2,TTAAGCCTGTAACAATGCTA,0,2480935
mhpRp2,0.3333333333333333,2,2,TTAACTGGGTGCTAAATTGT,0,2484680
mhpRp2,0.3333333333333333,2,2,TTAACATCCGCTGGTTATGC,0,2526107
mhpRp2,0.3333333333333333,2,2,TTAACACCTATACTATTGCG,0,2537358
mhpRp2,0.3333333333333333,2,2,TTAAAGGAAAGCGACAGCAT,0,2533937
mhpRp2,0.3333333333333333,2,2,TTAAAGACGTGGCGAGAGCG,0,2542137
mhpRp2,0.3333333333333333,2,2,TTAAAATAACTCTTTGGGCT,0,2519911
mhpRp2,0.3333333333333333,2,2,TTAAAAACCGGTTCGCATAT,0,2538868
mhpRp2,0.3333333333333333,2,2,TGTTTGGTTGTACTTTCACA,0,2519539
mhpRp2,0.3333333333333333,2,2,TGTTTGATCCCGGCCACGCG,0,2520508
mhpRp2,0.3333333333333333,2,2,TGTTTCGATATGTAGAGCTC,0,2530361
mhpRp2,0.3333333333333333,2,2,TGTTGTCCTCGTAGATCATC,0,2487718
mhpRp2,0.3333333333333333,2,2,TGTTGAAATATGAGGTTATA,0,2512159
mhpRp2,0.3333333333333333,2,2,TGTTCTTGACGTCGTCCCGG,0,2495592
mhpRp2,0.3333333333333333,2,2,TGTTCTCCTAAGCAGGGCCA,0,2498963
mhpRp2,0.3333333333333333,2,2,TGTTCATGGAGAAGACACAT,0,2489594
mhpRp2,0.3333333333333333,2,2,TGTGTTGAGTGGCTTGAATC,0,2539132
mhpRp2,0.3333333333333333,2,2,TGTGTCTCATGCCCCGAGAC,0,2513912
mhpRp2,0.3333333333333333,2,2,TGTGGTATAATAGAGTTACG,0,2484264
mhpRp2,0.3333333333333333,2,2,TGTGGCTTGAAGGGATGCAG,0,2509849
mhpRp2,0.3333333333333333,2,2,TGTGCGTCAAGTGGCTCCAG,0,2493144
mhpRp2,0.3333333333333333,2,2,TGTGATGTCCCTACAGTTTT,0,2520489
mhpRp2,0.3333333333333333,2,2,TGTGAGGTCATAAATCCTTG,0,2538213
mhpRp2,0.3333333333333333,2,2,TGTGACTCGCAGGTTGTGTT,0,2532492
mhpRp2,0.3333333333333333,2,2,TGTCTGGATTCGTCCGCAGA,0,2484441
mhpRp2,0.3333333333333333,2,2,TGTCGGTTCCTTGCTACGAT,0,2506854
mhpRp2,0.3333333333333333,2,2,TGTCGGGGCGGAGGCCTGGA,0,2508598
mhpRp2,0.3333333333333333,2,2,TGTCGGCTCTTTCAATACAG,0,2536715
mhpRp2,0.3333333333333333,2,2,TGTCCTAAACTTACGGGGAA,0,2537464
mhpRp2,0.3333333333333333,2,2,TGTCATCGACCGAAGTCAGC,0,2517954
mhpRp2,0.3333333333333333,2,2,TGTCAGCTAAATACTGAGAC,0,2540449
mhpRp2,0.3333333333333333,2,2,TGTCAAGTAGCCAGATTAAT,0,2489553
mhpRp2,0.3333333333333333,2,2,TGTATACCCACCCCCTACCT,0,2504517
mhpRp2,0.3333333333333333,2,2,TGTAGTTTGGTCAAGTCCCA,0,2504416
mhpRp2,0.3333333333333333,2,2,TGTAGTGTGCGGTGCGCATC,0,2499829
mhpRp2,0.3333333333333333,2,2,TGTAGGCACGGGGGGAAATC,0,2503780
mhpRp2,0.3333333333333333,2,2,TGTAGCCTTAGGTTCTCGTT,0,2487317
mhpRp2,0.3333333333333333,2,2,TGTAGATCTTTTCGAGCGTC,0,2530301
mhpRp2,0.3333333333333333,2,2,TGTACTATGCTCTTCCACGC,0,2489346
mhpRp2,0.3333333333333333,2,2,TGTACCGTGTTCTCCAAGGA,0,2507280
mhpRp2,0.3333333333333333,2,2,TGTAATGATTATTGCTCCCC,0,2496387
mhpRp2,0.3333333333333333,2,2,TGTAACAACGTCTTATCAGA,0,2512188
mhpRp2,0.3333333333333333,2,2,TGGTTGTGGGGAGAAAGGAC,0,2503532
mhpRp2,0.3333333333333333,2,2,TGGTTATATCACGACGAGAC,0,2525926
mhpRp2,0.3333333333333333,2,2,TGGTGGTAAAAGCGGCATGA,0,2494005
mhpRp2,0.3333333333333333,2,2,TGGTGGCCGCTCTAATTCAC,0,2539438
mhpRp2,0.3333333333333333,2,2,TGGTATGGTAAAAACGCCGC,0,2498617
mhpRp2,0.3333333333333333,2,2,TGGTACGTACGCGTTACTGT,0,2487499
mhpRp2,0.3333333333333333,2,2,TGGTAAGATTCATAAGTGGG,0,2521782
mhpRp2,0.3333333333333333,2,2,TGGGTCTCGTAGGAAATACA,0,2532373
mhpRp2,0.3333333333333333,2,2,TGGGGTAGACCTCCCACGTT,0,2509336
mhpRp2,0.3333333333333333,2,2,TGGGGGATCAGAAATTGACT,0,2510522
mhpRp2,0.3333333333333333,2,2,TGGGGGATAAGCGGTCGCGG,0,2522006
mhpRp2,0.3333333333333333,2,2,TGGGGCGGGTAATCTTGAGC,0,2540535
mhpRp2,0.3333333333333333,2,2,TGGGCTGACCTTACGGAGCT,0,2494132
mhpRp2,0.3333333333333333,2,2,TGGGCCGCGCGGTACTACAT,0,2480255
mhpRp2,0.3333333333333333,2,2,TGGGATTTGCCCCTCGATTT,0,2542640
mhpRp2,0.3333333333333333,2,2,TGGCTATTATAGCAATGATT,0,2533540
mhpRp2,0.3333333333333333,2,2,TGGCTAGTGTGAGAACTGGC,0,2524417
mhpRp2,0.3333333333333333,2,2,TGGCGTTAATGGAACAGTTC,0,2518824
mhpRp2,0.3333333333333333,2,2,TGGCGCTCTATAAGAGGTTG,0,2540504
mhpRp2,0.3333333333333333,2,2,TGGCGCGTCCTCGGAGGCGC,0,2487536
mhpRp2,0.3333333333333333,2,2,TGGCGAAATTAAAGCGGATG,0,2508535
mhpRp2,0.3333333333333333,2,2,TGGCCTATTAAAACTATAGC,0,2518649
mhpRp2,0.3333333333333333,2,2,TGGCCGGCCACATTCGACTT,0,2519316
mhpRp2,0.3333333333333333,2,2,TGGCCCTTTTCTGATGTTAG,0,2485012
mhpRp2,0.3333333333333333,2,2,TGGCCAGCCACCTGGGCTGG,0,2532753
mhpRp2,0.3333333333333333,2,2,TGGCCAACGAGAGCTTCGTA,0,2520817
mhpRp2,0.3333333333333333,2,2,TGGCAGGCCTTATCGAAAGA,0,2494649
mhpRp2,0.3333333333333333,2,2,TGGCAAGCCCACCTTCGGGG,0,2517834
mhpRp2,0.3333333333333333,2,2,TGGATTCCTAGGGTACCTTC,0,2536278
mhpRp2,0.3333333333333333,2,2,TGGAGTGCCGTTATGTACGT,0,2482509
mhpRp2,0.3333333333333333,2,2,TGGAGGATGACACACACTGC,0,2484249
mhpRp2,0.3333333333333333,2,2,TGGAGGACCTACAACACACA,0,2528865
mhpRp2,0.3333333333333333,2,2,TGGAGCTCGGACACCCAGTC,0,2533774
mhpRp2,0.3333333333333333,2,2,TGGAGACCTTCAATTAATCG,0,2491124
mhpRp2,0.3333333333333333,2,2,TGGACTAAACAGATACTCTG,0,2489198
mhpRp2,0.3333333333333333,2,2,TGGACGCAATGCCGCTGGAA,0,2493223
mhpRp2,0.3333333333333333,2,2,TGGACCTTAGCCGGGCGGAA,0,2505643
mhpRp2,0.3333333333333333,2,2,TGGACCACGCGTTATGCCTT,0,2488579
mhpRp2,0.3333333333333333,2,2,TGGAATTTGTAATCCGTTTA,0,2523018
mhpRp2,0.3333333333333333,2,2,TGGAATTCATACGGTAAGGT,0,2532600
mhpRp2,0.3333333333333333,2,2,TGGAATGGTTACTCTCTTGG,0,2517966
mhpRp2,0.3333333333333333,2,2,TGGAAAGGATTTGACTTTAT,0,2525504
mhpRp2,0.3333333333333333,2,2,TGGAAAGAACAGCTAGTCCT,0,2483191
mhpRp2,0.3333333333333333,2,2,TGGAAAAGTTCGTCGGTATT,0,2518493
mhpRp2,0.3333333333333333,2,2,TGCTTTGGTGTAACGAGATA,0,2492935
mhpRp2,0.3333333333333333,2,2,TGCTGCTGAGAGGTCTCAAA,0,2538540
mhpRp2,0.3333333333333333,2,2,TGCTGATGGGTGGTTCAAAG,0,2537879
mhpRp2,0.3333333333333333,2,2,TGCTCCATTAGATGCTACGG,0,2535145
mhpRp2,0.3333333333333333,2,2,TGCGTGGTACTCCCTCGGGT,0,2490398
mhpRp2,0.3333333333333333,2,2,TGCGTATCCTTTTACCAAAA,0,2524082
mhpRp2,0.3333333333333333,2,2,TGCGGATAATTCTATAAGGG,0,2498914
mhpRp2,0.3333333333333333,2,2,TGCGCATAGGGCGACTTAAA,0,2484640
mhpRp2,0.3333333333333333,2,2,TGCGAGGTCACGGATGGTCC,0,2517230
mhpRp2,0.3333333333333333,2,2,TGCGAACTCTGGTGTATGCA,0,2513916
mhpRp2,0.3333333333333333,2,2,TGCCTTGGTGTTTGGAGAAA,0,2539033
mhpRp2,0.3333333333333333,2,2,TGCCTTCAGAGGATGCGTCC,0,2486562
mhpRp2,0.3333333333333333,2,2,TGCCTGGTGTAGCGTATACG,0,2539319
mhpRp2,0.3333333333333333,2,2,TGCCCTGGATCCTCTGTGTC,0,2540694
mhpRp2,0.3333333333333333,2,2,TGCCCGGGTGACGCTAGAAG,0,2494681
mhpRp2,0.3333333333333333,2,2,TGCCAGGTTTCGGGAACGTG,0,2496096
mhpRp2,0.3333333333333333,2,2,TGCCACGTGGGATAGCTAGT,0,2515611
mhpRp2,0.3333333333333333,2,2,TGCCACGCAGAACCATTCCA,0,2516111
mhpRp2,0.3333333333333333,2,2,TGCATTGACTTTCTCTCGAT,0,2502698
mhpRp2,0.3333333333333333,2,2,TGCATTGAACCAACGGAGAT,0,2486916
mhpRp2,0.3333333333333333,2,2,TGCATTATGGCTGATATGTC,0,2488866
mhpRp2,0.3333333333333333,2,2,TGCATGGGACGCCCTGGCAA,0,2537430
mhpRp2,0.3333333333333333,2,2,TGCATGATTCACGGGAGATA,0,2528746
mhpRp2,0.3333333333333333,2,2,TGCAGATATTCGCACCGGTC,0,2514255
mhpRp2,0.3333333333333333,2,2,TGCACTTTAGCTGGGGGCTG,0,2507718
mhpRp2,0.3333333333333333,2,2,TGCACTGCCGGTGTTCTCCT,0,2511646
mhpRp2,0.3333333333333333,2,2,TGCAACAGTGTGACAGTGGT,0,2491023
mhpRp2,0.3333333333333333,2,2,TGCAACAAGCGAAGTCAGCT,0,2499730
mhpRp2,0.3333333333333333,2,2,TGCAAACGACCACGTTCTGT,0,2483918
mhpRp2,0.3333333333333333,2,2,TGATGAGGGATGCGATCGAA,0,2492802
mhpRp2,0.3333333333333333,2,2,TGATCTCCCAACGCCCTTAT,0,2486663
mhpRp2,0.3333333333333333,2,2,TGATACCTGAAGTTTATAGG,0,2497941
mhpRp2,0.3333333333333333,2,2,TGATACCGTACCCAATACGG,0,2497259
mhpRp2,0.3333333333333333,2,2,TGAGTGCTAGCAGTGTTGCT,0,2538389
mhpRp2,0.3333333333333333,2,2,TGAGGTTACGTACGGTCCGT,0,2501618
mhpRp2,0.3333333333333333,2,2,TGAGGCGGGAGCCGCCACGG,0,2498709
mhpRp2,0.3333333333333333,2,2,TGAGGCCAAGCAAATAGCGA,0,2487868
mhpRp2,0.3333333333333333,2,2,TGAGCGGCTCCGACACACAT,0,2545658
mhpRp2,0.3333333333333333,2,2,TGAGCAATTGGTGGGACACC,0,2496846
mhpRp2,0.3333333333333333,2,2,TGAGCAATGGTCCCGACCGA,0,2536746
mhpRp2,0.3333333333333333,2,2,TGAGATCTACTTGGCTCCAA,0,2479713
mhpRp2,0.3333333333333333,2,2,TGAGACGATAATGAGGGAAC,0,2538084
mhpRp2,0.3333333333333333,2,2,TGAGACCCTTTGTACCGACT,0,2522856
mhpRp2,0.3333333333333333,2,2,TGACTTCTCAGCTAAGTGTG,0,2518905
mhpRp2,0.3333333333333333,2,2,TGACTCTAGGTGTTTAGTGA,0,2488480
mhpRp2,0.3333333333333333,2,2,TGACGCGGTTACCAGCCCAC,0,2494419
mhpRp2,0.3333333333333333,2,2,TGACGAACGTGGATCCCTGC,0,2522696
mhpRp2,0.3333333333333333,2,2,TGACATGCGGGAGCTAGTGG,0,2528135
mhpRp2,0.3333333333333333,2,2,TGACAACAAGTGAGACTACT,0,2540770
mhpRp2,0.3333333333333333,2,2,TGAATTGACTAGGGCCAGTA,0,2509053
mhpRp2,0.3333333333333333,2,2,TGAATGGGCTACAAAACGAA,0,2518563
mhpRp2,0.3333333333333333,2,2,TGAATGGGATGAAGCAGTGC,0,2510256
mhpRp2,0.3333333333333333,2,2,TGAATCCAATGTATCTGTTC,0,2541275
mhpRp2,0.3333333333333333,2,2,TGAACCTACTACCGGGAAGA,0,2537043
mhpRp2,0.3333333333333333,2,2,TGAAAGGATCGGTTCCCCAC,0,2490060
mhpRp2,0.3333333333333333,2,2,TGAAAATAATACAGCTTGGA,0,2483181
mhpRp2,0.3333333333333333,2,2,TCTTTTACTTACTCTGGGCA,0,2494213
mhpRp2,0.3333333333333333,2,2,TCTTTGACTGACCGGGGGGG,0,2499374
mhpRp2,0.3333333333333333,2,2,TCTTGTACGGTAATACGGGT,0,2510383
mhpRp2,0.3333333333333333,2,2,TCTTCACTTCAGCAGAAGTC,0,2489890
mhpRp2,0.3333333333333333,2,2,TCTTATAAGTGGTACCCAGT,0,2506313
mhpRp2,0.3333333333333333,2,2,TCTTAGCAATTGGATTAGGT,0,2484566
mhpRp2,0.3333333333333333,2,2,TCTTACGACCAGGATATCTC,0,2526954
mhpRp2,0.3333333333333333,2,2,TCTGGGTCAACATAATGTCC,0,2502172
mhpRp2,0.3333333333333333,2,2,TCTGGATACGCGAGAGCAGT,0,2480300
mhpRp2,0.3333333333333333,2,2,TCTGCTGTAAAATTGGGGCA,0,2517632
mhpRp2,0.3333333333333333,2,2,TCTGCGGTAAATGATCTTGC,0,2487318
mhpRp2,0.3333333333333333,2,2,TCTGCACCGCTGCTGTCCGC,0,2530496
mhpRp2,0.3333333333333333,2,2,TCTGACAGGGACCGTAATAC,0,2500854
mhpRp2,0.3333333333333333,2,2,TCTCTTAATAGTCCGTCGCT,0,2542689
mhpRp2,0.3333333333333333,2,2,TCTCGCGCCGGGGATCTACT,0,2514775
mhpRp2,0.3333333333333333,2,2,TCTCGCCCCCGTTATGCTTT,0,2504038
mhpRp2,0.3333333333333333,2,2,TCTCGACCCTACCACTATTT,0,2522085
mhpRp2,0.3333333333333333,2,2,TCTATTGAGTGCCATCGCCA,0,2522057
mhpRp2,0.3333333333333333,2,2,TCTATTGAGCATGACAGTTA,0,2508423
mhpRp2,0.3333333333333333,2,2,TCTATGCCGAAGTGTTTGGC,0,2491222
mhpRp2,0.3333333333333333,2,2,TCTAGGTCGGATTCGCAAAA,0,2505477
mhpRp2,0.3333333333333333,2,2,TCTAGAACAAAGTCAGTTCT,0,2486302
mhpRp2,0.3333333333333333,2,2,TCTACTGGGTAAGTACAGGC,0,2487787
mhpRp2,0.3333333333333333,2,2,TCTACTCCTTTCGGCCCGTA,0,2496666
mhpRp2,0.3333333333333333,2,2,TCTACTAGCACTACATCCCC,0,2527564
mhpRp2,0.3333333333333333,2,2,TCTAATTAGAGCTAGGGTCA,0,2522536
mhpRp2,0.3333333333333333,2,2,TCTAAAGCTCAGTTCTCGTG,0,2522616
mhpRp2,0.3333333333333333,2,2,TCGTTCAGGGGTTTAGAATA,0,2545660
mhpRp2,0.3333333333333333,2,2,TCGTGTGAGTGACCTCAGTG,0,2528980
mhpRp2,0.3333333333333333,2,2,TCGTGTCACGCGGACGGTCA,0,2502097
mhpRp2,0.3333333333333333,2,2,TCGTCTAGGGCAGATCTCGT,0,2543470
mhpRp2,0.3333333333333333,2,2,TCGTCCATATCGCGTGCATG,0,2511736
mhpRp2,0.3333333333333333,2,2,TCGTATTTGGTCGGAAATAA,0,2503967
mhpRp2,0.3333333333333333,2,2,TCGTATGAATCGGTGCAATG,0,2508072
mhpRp2,0.3333333333333333,2,2,TCGGTTTGTGGTCTTCTTCA,0,2522487
mhpRp2,0.3333333333333333,2,2,TCGGTTTAGGCTAGAATTTC,0,2535841
mhpRp2,0.3333333333333333,2,2,TCGGTTCTAACTATATCATA,0,2537737
mhpRp2,0.3333333333333333,2,2,TCGGTGGCCAAAGAGCAAAT,0,2538682
mhpRp2,0.3333333333333333,2,2,TCGGTCGGGAATCGTTGGTT,0,2489410
mhpRp2,0.3333333333333333,2,2,TCGGTCACACCTCCGATATT,0,2501359
mhpRp2,0.3333333333333333,2,2,TCGGTATCTTCACTGGACTA,0,2489077
mhpRp2,0.3333333333333333,2,2,TCGGTAAAGGTGTGGCCTTG,0,2494263
mhpRp2,0.3333333333333333,2,2,TCGGGTTTTAAAGAAGAGGC,0,2498476
mhpRp2,0.3333333333333333,2,2,TCGGGGATGGTGTTACGACA,0,2541975
mhpRp2,0.3333333333333333,2,2,TCGGGCGCCTACTCTGGTCT,0,2529987
mhpRp2,0.3333333333333333,2,2,TCGGGAGAATATCGTCTGCT,0,2501432
mhpRp2,0.3333333333333333,2,2,TCGGAGTTGACTGCACTCCG,0,2541323
mhpRp2,0.3333333333333333,2,2,TCGGAAGAACGTGATTAACT,0,2483400
mhpRp2,0.3333333333333333,2,2,TCGCTCACGTGGCGGTGAAC,0,2524382
mhpRp2,0.3333333333333333,2,2,TCGCGTATTGTGTGGTTAAC,0,2493672
mhpRp2,0.3333333333333333,2,2,TCGCGACTCAGGGAGCACAC,0,2524796
mhpRp2,0.3333333333333333,2,2,TCGCCGTTTAGCTCAGAGCT,0,2513857
mhpRp2,0.3333333333333333,2,2,TCGCCGGCAGCCTTGTCATA,0,2510843
mhpRp2,0.3333333333333333,2,2,TCGCCCCCAGCTGCTTACAA,0,2494856
mhpRp2,0.3333333333333333,2,2,TCGATTCCTGGGTTTTCCAT,0,2540414
mhpRp2,0.3333333333333333,2,2,TCGATCCATAACTAGATTGT,0,2534847
mhpRp2,0.3333333333333333,2,2,TCGATAACTGACTATTGTTC,0,2481887
mhpRp2,0.3333333333333333,2,2,TCGAGTAAACTTCCCTCATT,0,2522823
mhpRp2,0.3333333333333333,2,2,TCGAGAGGATTTGCGTACGG,0,2479575
mhpRp2,0.3333333333333333,2,2,TCGAGAGACCGGTGTGTCGT,0,2483127
mhpRp2,0.3333333333333333,2,2,TCGACTATATCACGGGTTAA,0,2485654
mhpRp2,0.3333333333333333,2,2,TCGACGAGGATCATTCACCA,0,2541929
mhpRp2,0.3333333333333333,2,2,TCGAATCACAGGTCCGGTCT,0,2527925
mhpRp2,0.3333333333333333,2,2,TCGAACGACGTACAATCATC,0,2531687
mhpRp2,0.3333333333333333,2,2,TCGAAAGGCCTGCAAGTGTT,0,2544736
mhpRp2,0.3333333333333333,2,2,TCGAAACTCCTTTTCAGTTA,0,2485618
mhpRp2,0.3333333333333333,2,2,TCGAAAAGCTCAAGATATCA,0,2494463
mhpRp2,0.3333333333333333,2,2,TCCTTGCACAGCGATGCCAG,0,2532489
mhpRp2,0.3333333333333333,2,2,TCCTCGGCTCTGGGCATTTA,0,2534522
mhpRp2,0.3333333333333333,2,2,TCCTCATTGTAATCTACTAA,0,2528368
mhpRp2,0.3333333333333333,2,2,TCCTATGGAGGAGTCTGCCA,0,2510163
mhpRp2,0.3333333333333333,2,2,TCCTAGTGTGTAGAGTTGGA,0,2526627
mhpRp2,0.3333333333333333,2,2,TCCGTTATCCAAATGGAACG,0,2533086
mhpRp2,0.3333333333333333,2,2,TCCGTCAAACGCCACTCTAT,0,2523374
mhpRp2,0.3333333333333333,2,2,TCCGTATTGTTCGTGCAGAT,0,2502062
mhpRp2,0.3333333333333333,2,2,TCCGGAGGGGTACGGTGCGA,0,2511159
mhpRp2,0.3333333333333333,2,2,TCCGCGCCTAGTCTGATACC,0,2535358
mhpRp2,0.3333333333333333,2,2,TCCGAACAACGTTTTGAGTT,0,2497090
mhpRp2,0.3333333333333333,2,2,TCCCTGAGTGATTCGGACAA,0,2488150
mhpRp2,0.3333333333333333,2,2,TCCCGTCTGTTGATGAGATA,0,2500032
mhpRp2,0.3333333333333333,2,2,TCCCGGGTCGGCTAAGAAAT,0,2519764
mhpRp2,0.3333333333333333,2,2,TCCCGAGGTAAGTGAAATTC,0,2510054
mhpRp2,0.3333333333333333,2,2,TCCCAAAGCGTATGTGGCTT,0,2516996
mhpRp2,0.3333333333333333,2,2,TCCATCAGGCACTCCGATCT,0,2531783
mhpRp2,0.3333333333333333,2,2,TCCAGGTAGTCATCTGGTAC,0,2523930
mhpRp2,0.3333333333333333,2,2,TCCAGATACAAGTTAAAGTA,0,2508955
mhpRp2,0.3333333333333333,2,2,TCCAGAATCTAAAGGGAACC,0,2493324
mhpRp2,0.3333333333333333,2,2,TCCACGGGAAGACCGTGTGT,0,2524720
mhpRp2,0.3333333333333333,2,2,TCCAATTGAGTGCCTTTACT,0,2536031
mhpRp2,0.3333333333333333,2,2,TCATTGTTCGCCCGAATAAA,0,2544242
mhpRp2,0.3333333333333333,2,2,TCATGTGTCGTCAATGCCAA,0,2539329
mhpRp2,0.3333333333333333,2,2,TCATGGGTCAGGCTGGTTGG,0,2524628
mhpRp2,0.3333333333333333,2,2,TCATGGCCTGGTACATTCAC,0,2488784
mhpRp2,0.3333333333333333,2,2,TCATGAATAGAAGTCCCATC,0,2537661
mhpRp2,0.3333333333333333,2,2,TCATGAACCCCTGAATGCTA,0,2501372
mhpRp2,0.3333333333333333,2,2,TCATCCCGGCTCACCGCTAG,0,2508952
mhpRp2,0.3333333333333333,2,2,TCAGTGTGATGACCCTATCG,0,2514460
mhpRp2,0.3333333333333333,2,2,TCAGCGTATCGCGTGACCTT,0,2495137
mhpRp2,0.3333333333333333,2,2,TCAGCGCAGTTGTTTCTCAA,0,2544528
mhpRp2,0.3333333333333333,2,2,TCAGCATTATCCGCCCTGAT,0,2522656
mhpRp2,0.3333333333333333,2,2,TCAGATATCGAGGAACCATT,0,2541261
mhpRp2,0.3333333333333333,2,2,TCAGACGCAGTTAGTCGAGT,0,2500865
mhpRp2,0.3333333333333333,2,2,TCAGACCTCCTAACAGTTAG,0,2512433
mhpRp2,0.3333333333333333,2,2,TCACTGTGTGATAGACCTGT,0,2485744
mhpRp2,0.3333333333333333,2,2,TCACTGTGCAGCACAATCTT,0,2541337
mhpRp2,0.3333333333333333,2,2,TCACTGAGGCAGGTAAGGCT,0,2540944
mhpRp2,0.3333333333333333,2,2,TCACGCCGCGAAGTGCGATT,0,2499371
mhpRp2,0.3333333333333333,2,2,TCACGCAACGTCGTGCCAAA,0,2493744
mhpRp2,0.3333333333333333,2,2,TCACGATAAGCCAATACAGC,0,2521364
mhpRp2,0.3333333333333333,2,2,TCACCGGCAGTTCGAAGGTT,0,2493948
mhpRp2,0.3333333333333333,2,2,TCACCCAGAATCTAAGTAGG,0,2505332
mhpRp2,0.3333333333333333,2,2,TCACACGTACGTTATTATGA,0,2497602
mhpRp2,0.3333333333333333,2,2,TCAATTAAAGTTATTTGTAA,0,2505289
mhpRp2,0.3333333333333333,2,2,TCAATGGCATTAGAAACATA,0,2543189
mhpRp2,0.3333333333333333,2,2,TCAAGTAACGGAAGGAATAT,0,2486341
mhpRp2,0.3333333333333333,2,2,TCAACTATGCTAACTCGAAT,0,2533930
mhpRp2,0.3333333333333333,2,2,TCAACTAATCTATACCAATT,0,2494983
mhpRp2,0.3333333333333333,2,2,TCAAATTCGAATGTAAAATG,0,2531489
mhpRp2,0.3333333333333333,2,2,TCAAAGTTGGTTTACCATAT,0,2493538
mhpRp2,0.3333333333333333,2,2,TATTTTCAGATTACCGGTCA,0,2509111
mhpRp2,0.3333333333333333,2,2,TATTTGTATAGACAGGACGT,0,2504192
mhpRp2,0.3333333333333333,2,2,TATTGAACTGCCTTTCTAGG,0,2487306
mhpRp2,0.3333333333333333,2,2,TATGTGAGCTCTGCTGCGTT,0,2503239
mhpRp2,0.3333333333333333,2,2,TATGGGTCTAATATGATATC,0,2498915
mhpRp2,0.3333333333333333,2,2,TATGGCACCACGTCGTAATA,0,2505407
mhpRp2,0.3333333333333333,2,2,TATGCTCATCCATCCGTAAC,0,2518391
mhpRp2,0.3333333333333333,2,2,TATGCCTGGAACACTTGGTG,0,2515621
mhpRp2,0.3333333333333333,2,2,TATGCATGGTAGCCTCTTAT,0,2483055
mhpRp2,0.3333333333333333,2,2,TATGACATCGGGAACAAACG,0,2489858
mhpRp2,0.3333333333333333,2,2,TATCTTCTTCCCGAACGCGT,0,2542915
mhpRp2,0.3333333333333333,2,2,TATCTGCATGCATACTTGTA,0,2522254
mhpRp2,0.3333333333333333,2,2,TATCTCTGAGCCCGTTGTCT,0,2483883
mhpRp2,0.3333333333333333,2,2,TATCGGTAGAGGTTCCGTTG,0,2510421
mhpRp2,0.3333333333333333,2,2,TATCGCGCGAAGTCCAAATA,0,2508987
mhpRp2,0.3333333333333333,2,2,TATCGCAAGGGGGATGGCTG,0,2494980
mhpRp2,0.3333333333333333,2,2,TATCGAATCAAACGTGTGCG,0,2488747
mhpRp2,0.3333333333333333,2,2,TATCCTAGACCAGTTTGTTG,0,2543966
mhpRp2,0.3333333333333333,2,2,TATCCGTGGTAGCAGTCAAA,0,2545286
mhpRp2,0.3333333333333333,2,2,TATCCAAAAGCTGCGAGTCC,0,2494612
mhpRp2,0.3333333333333333,2,2,TATCAATTATCCCCTACAGA,0,2480639
mhpRp2,0.3333333333333333,2,2,TATATCCTGTTGCGTGAACG,0,2543987
mhpRp2,0.3333333333333333,2,2,TATAGGGCTAAGATTTCCTG,0,2513651
mhpRp2,0.3333333333333333,2,2,TATAGCAAAAGAGTGAAGTT,0,2521255
mhpRp2,0.3333333333333333,2,2,TATACTCTTAGAGGTTTAGT,0,2537331
mhpRp2,0.3333333333333333,2,2,TATACGGCCGCTACGGGTCC,0,2504189
mhpRp2,0.3333333333333333,2,2,TATACGCAAGGCCCGTTTTA,0,2545376
mhpRp2,0.3333333333333333,2,2,TATACGATCGGGAGGCCTTA,0,2492700
mhpRp2,0.3333333333333333,2,2,TATACCGGACGAGTAACACA,0,2523114
mhpRp2,0.3333333333333333,2,2,TATACAATGCATGGAACGAA,0,2510211
mhpRp2,0.3333333333333333,2,2,TATAAGTAACCCCAGCTTGG,0,2543985
mhpRp2,0.3333333333333333,2,2,TATAAGGGACTACGAACCGA,0,2486655
mhpRp2,0.3333333333333333,2,2,TATAACGCTGCACATGTGAT,0,2543199
mhpRp2,0.3333333333333333,2,2,TAGTGAATGAAGATCTCCCC,0,2540711
mhpRp2,0.3333333333333333,2,2,TAGTCATTGGCTTCGGGGAC,0,2511424
mhpRp2,0.3333333333333333,2,2,TAGGTTTTCTTATATCCGTT,0,2495029
mhpRp2,0.3333333333333333,2,2,TAGGGTGGATCCCGCAGTAT,0,2516303
mhpRp2,0.3333333333333333,2,2,TAGGGGTGACATAATCTGCA,0,2543265
mhpRp2,0.3333333333333333,2,2,TAGGGATTCCGCGGGTCGCA,0,2519773
mhpRp2,0.3333333333333333,2,2,TAGGGAGGTTAGGCGGTGTG,0,2536209
mhpRp2,0.3333333333333333,2,2,TAGGGAGGGATGCAATTCTC,0,2484628
mhpRp2,0.3333333333333333,2,2,TAGGACTCTGGGGAGGCGAA,0,2493653
mhpRp2,0.3333333333333333,2,2,TAGGACCGGGGTGCGCACCA,0,2505946
mhpRp2,0.3333333333333333,2,2,TAGCGTTCGCGTCTCGATTA,0,2505379
mhpRp2,0.3333333333333333,2,2,TAGCGTTCAATTATCGCGTA,0,2518704
mhpRp2,0.3333333333333333,2,2,TAGCGCTGGTATCCCTAGGT,0,2494172
mhpRp2,0.3333333333333333,2,2,TAGCGCGAGAGTGTAAACAC,0,2517614
mhpRp2,0.3333333333333333,2,2,TAGCGCAGGAATCGCACGCC,0,2512804
mhpRp2,0.3333333333333333,2,2,TAGCCGTTCTGGCGTTTGGC,0,2512205
mhpRp2,0.3333333333333333,2,2,TAGCCGCTGACTCTAAACTA,0,2491586
mhpRp2,0.3333333333333333,2,2,TAGCACGGGTGAGTAAATGA,0,2503076
mhpRp2,0.3333333333333333,2,2,TAGATTCACCTCGAGGTGTT,0,2542418
mhpRp2,0.3333333333333333,2,2,TAGATGGGAACACTTACTGG,0,2486522
mhpRp2,0.3333333333333333,2,2,TAGATGCTGTCATCTCTTTA,0,2531122
mhpRp2,0.3333333333333333,2,2,TAGAGTGAAGGCATTCGCCA,0,2491119
mhpRp2,0.3333333333333333,2,2,TAGACGACCTTTTAACAGCT,0,2503014
mhpRp2,0.3333333333333333,2,2,TAGACCGGCCTGTTGAGCTG,0,2544890
mhpRp2,0.3333333333333333,2,2,TAGACAACCTTCTGTAAACT,0,2505409
mhpRp2,0.3333333333333333,2,2,TAGAAGGTGTCACGCAATGT,0,2481792
mhpRp2,0.3333333333333333,2,2,TACTTTTGTAAGGCTGGGCT,0,2503160
mhpRp2,0.3333333333333333,2,2,TACTTTCGTTCTTATCGGGT,0,2529819
mhpRp2,0.3333333333333333,2,2,TACTTGCTGGCCGCACTTGT,0,2489037
mhpRp2,0.3333333333333333,2,2,TACTGCCTGTATTAATTACC,0,2483573
mhpRp2,0.3333333333333333,2,2,TACTGATGTTTGATAAGAGA,0,2532823
mhpRp2,0.3333333333333333,2,2,TACTCGGTCATTGTCAACGT,0,2540889
mhpRp2,0.3333333333333333,2,2,TACGTCGAATTCGACAAGGG,0,2489073
mhpRp2,0.3333333333333333,2,2,TACGTATAAGAAGCTTGAAT,0,2496110
mhpRp2,0.3333333333333333,2,2,TACGTAGTCAAAGCCATCTC,0,2545590
mhpRp2,0.3333333333333333,2,2,TACGGTGAGGAGGAAACGGG,0,2482001
mhpRp2,0.3333333333333333,2,2,TACGGCCAAAGAGCTGGAGA,0,2517222
mhpRp2,0.3333333333333333,2,2,TACGGAAGGCCTAGAGTGGT,0,2532220
mhpRp2,0.3333333333333333,2,2,TACGGAACGTCCGTTAGGGT,0,2487593
mhpRp2,0.3333333333333333,2,2,TACGCGCATGATTGTAAGGG,0,2511735
mhpRp2,0.3333333333333333,2,2,TACGAGGCCTTAGTCGTGGG,0,2541885
mhpRp2,0.3333333333333333,2,2,TACCTTATCTACGACGGAAC,0,2523536
mhpRp2,0.3333333333333333,2,2,TACCTGGGCTGTTCGCAGGT,0,2530403
mhpRp2,0.3333333333333333,2,2,TACCTGACAATGCTCACTTA,0,2526617
mhpRp2,0.3333333333333333,2,2,TACCTCTTCGTCATGCCCAT,0,2509632
mhpRp2,0.3333333333333333,2,2,TACCGGGGGTCCCTACCAAG,0,2542953
mhpRp2,0.3333333333333333,2,2,TACCGGCACCTGATTCAGAC,0,2505156
mhpRp2,0.3333333333333333,2,2,TACATGGGGTGGTCCGGCAA,0,2481352
mhpRp2,0.3333333333333333,2,2,TACAGTAAAAAAGAATGGCT,0,2484827
mhpRp2,0.3333333333333333,2,2,TACAGCATGTCGTGACGTTC,0,2527780
mhpRp2,0.3333333333333333,2,2,TACAATTCACTTGTGTTACC,0,2510945
mhpRp2,0.3333333333333333,2,2,TAATGCGCGTAAAAGTAGAA,0,2495090
mhpRp2,0.3333333333333333,2,2,TAATGAGCAGTGTTACTTGG,0,2494940
mhpRp2,0.3333333333333333,2,2,TAATATTTATGTTGGCAAAA,0,2504047
mhpRp2,0.3333333333333333,2,2,TAATAAGTGATCAGGAGCGT,0,2502241
mhpRp2,0.3333333333333333,2,2,TAAGTGCCCACCCCGCCTTT,0,2540336
mhpRp2,0.3333333333333333,2,2,TAAGGTCTAAGCGTAGCATC,0,2507224
mhpRp2,0.3333333333333333,2,2,TAAGGGAGGGACTCACAATC,0,2483479
mhpRp2,0.3333333333333333,2,2,TAAGGCCGGTCCCACCTAGA,0,2500238
mhpRp2,0.3333333333333333,2,2,TAAGGCCAACGGACAGATCA,0,2517323
mhpRp2,0.3333333333333333,2,2,TAAGGATAACAGATCTACAC,0,2543440
mhpRp2,0.3333333333333333,2,2,TAAGCAAGGTACTAACCCGA,0,2496111
mhpRp2,0.3333333333333333,2,2,TAAGAACTACCCGCCCAGGG,0,2537667
mhpRp2,0.3333333333333333,2,2,TAAGAAATCAACCATTCTGC,0,2509072
mhpRp2,0.3333333333333333,2,2,TAACTTTGTGCGTGGCTTCC,0,2486632
mhpRp2,0.3333333333333333,2,2,TAACTCCCAATGGCACAGCG,0,2485337
mhpRp2,0.3333333333333333,2,2,TAACGGGCTTGGTAGAAAGA,0,2512945
mhpRp2,0.3333333333333333,2,2,TAACGGACTGAAAGCTCTGC,0,2526125
mhpRp2,0.3333333333333333,2,2,TAACGATCCCGAAAAACGAT,0,2504992
mhpRp2,0.3333333333333333,2,2,TAACGACTGGACGCGTGTTC,0,2541645
mhpRp2,0.3333333333333333,2,2,TAACATTTTTGTCTGGCTCA,0,2518424
mhpRp2,0.3333333333333333,2,2,TAACAGGATGGCGCAAAAAG,0,2498664
mhpRp2,0.3333333333333333,2,2,TAACAGGACATAGATTAGAC,0,2493364
mhpRp2,0.3333333333333333,2,2,TAACAGCTTTGCCCGGGGGT,0,2501055
mhpRp2,0.3333333333333333,2,2,TAACAATGTAACAGTTACGA,0,2503276
mhpRp2,0.3333333333333333,2,2,TAAATTCTATAACGGCATGC,0,2542073
mhpRp2,0.3333333333333333,2,2,TAAACCAATCAGTAACTGAT,0,2483872
mhpRp2,0.3333333333333333,2,2,TAAAAGTCGGCCTCCGCCCT,0,2524243
mhpRp2,0.3333333333333333,2,2,TAAAAATGATCGGAACGAAG,0,2528013
mhpRp2,0.3333333333333333,2,2,GTTTTGTCCGAGACTATTTT,0,2509008
mhpRp2,0.3333333333333333,2,2,GTTTTATAGGCTATGAGAGA,0,2533542
mhpRp2,0.3333333333333333,2,2,GTTTGTGAGTTTCCTTACAC,0,2495892
mhpRp2,0.3333333333333333,2,2,GTTTGTAGCACCGTTGCCCA,0,2523391
mhpRp2,0.3333333333333333,2,2,GTTTGGCCGGTTTCGCGAGC,0,2540473
mhpRp2,0.3333333333333333,2,2,GTTTGAGATTGGTGAATGGG,0,2498587
mhpRp2,0.3333333333333333,2,2,GTTTCTGTTTAGTGAAAAGG,0,2537324
mhpRp2,0.3333333333333333,2,2,GTTTCCAGATATTCTGAAGT,0,2518226
mhpRp2,0.3333333333333333,2,2,GTTTCACCGGATGACCGTAC,0,2491665
mhpRp2,0.3333333333333333,2,2,GTTGTTGCGTCAAGCCATCA,0,2542042
mhpRp2,0.3333333333333333,2,2,GTTGTTCCTTGATTAGGGGG,0,2541875
mhpRp2,0.3333333333333333,2,2,GTTGTGGACAATTCCCCACT,0,2515578
mhpRp2,0.3333333333333333,2,2,GTTGTACTAACTCCGTCTAC,0,2542239
mhpRp2,0.3333333333333333,2,2,GTTGGTATTCGTGCCAGATA,0,2523615
mhpRp2,0.3333333333333333,2,2,GTTGGGAGCGATCATGTCAT,0,2541602
mhpRp2,0.3333333333333333,2,2,GTTGGAGGGGATGCCGGGCG,0,2526397
mhpRp2,0.3333333333333333,2,2,GTTGCTACCTCCGGGGTAGT,0,2527480
mhpRp2,0.3333333333333333,2,2,GTTGCGGTCATCAGGGAGTT,0,2504875
mhpRp2,0.3333333333333333,2,2,GTTGCACTAGGAAGGCCCTG,0,2504595
mhpRp2,0.3333333333333333,2,2,GTTGATATACACGTAATAGT,0,2496864
mhpRp2,0.3333333333333333,2,2,GTTGACGTCTACTCAAGTTC,0,2530934
mhpRp2,0.3333333333333333,2,2,GTTGAAATCTTGTATTGTTC,0,2520800
mhpRp2,0.3333333333333333,2,2,GTTCGTGGTGAAATAACGTG,0,2509638
mhpRp2,0.3333333333333333,2,2,GTTCGGTCTCAACAGAGCTT,0,2514164
mhpRp2,0.3333333333333333,2,2,GTTCGCCCATCAGTAAGAAC,0,2532815
mhpRp2,0.3333333333333333,2,2,GTTATGTTACATCGTTTTCA,0,2497583
mhpRp2,0.3333333333333333,2,2,GTTATCACGCCCAGGGCTAT,0,2528023
mhpRp2,0.3333333333333333,2,2,GTTAGGCATTAGGGGCTGGA,0,2534841
mhpRp2,0.3333333333333333,2,2,GTTAGCGGACAATTGGCCCA,0,2524533
mhpRp2,0.3333333333333333,2,2,GTTAGCGAACTCCAACCATA,0,2518575
mhpRp2,0.3333333333333333,2,2,GTTAGCAGTTGATTGTTGCC,0,2524210
mhpRp2,0.3333333333333333,2,2,GTTAGATGCCCAGAAAGCAC,0,2502389
mhpRp2,0.3333333333333333,2,2,GTTACATCCGGTACGATGAC,0,2543177
mhpRp2,0.3333333333333333,2,2,GTTACAATAGAACTAATTTT,0,2517104
mhpRp2,0.3333333333333333,2,2,GTTAAGCGAATACTCGTTTA,0,2534755
mhpRp2,0.3333333333333333,2,2,GTTAAAGGTGCTAGATGAAG,0,2516900
mhpRp2,0.3333333333333333,2,2,GTTAAAACTATGCGACCAGA,0,2500127
mhpRp2,0.3333333333333333,2,2,GTGTTGCAGACACCTGCCGG,0,2541084
mhpRp2,0.3333333333333333,2,2,GTGTTCAGCGCGTGACCAGT,0,2496880
mhpRp2,0.3333333333333333,2,2,GTGTTATGTGACTTGCCCTA,0,2514006
mhpRp2,0.3333333333333333,2,2,GTGTGTTTCGATTAGTTGCT,0,2499015
mhpRp2,0.3333333333333333,2,2,GTGTGTATAGTTGAGCCTAT,0,2491324
mhpRp2,0.3333333333333333,2,2,GTGTGGCCACCCGGCGTTTT,0,2508634
mhpRp2,0.3333333333333333,2,2,GTGTGCCATCATTCACCGTA,0,2510547
mhpRp2,0.3333333333333333,2,2,GTGTCTGACTGAAAAAGTGC,0,2480161
mhpRp2,0.3333333333333333,2,2,GTGTCTCTGCCCTGCGACAT,0,2511036
mhpRp2,0.3333333333333333,2,2,GTGTCGGAGGCACACTCGCC,0,2482540
mhpRp2,0.3333333333333333,2,2,GTGTCCTTTTGGCTACTCCG,0,2539196
mhpRp2,0.3333333333333333,2,2,GTGTAATGCGCCTTCATGGT,0,2522135
mhpRp2,0.3333333333333333,2,2,GTGGGGCAGCTGTGGCTGCT,0,2537040
mhpRp2,0.3333333333333333,2,2,GTGGAGAACCCCCTTCTGAG,0,2479755
mhpRp2,0.3333333333333333,2,2,GTGGACCATTTTGGGGGGAC,0,2503157
mhpRp2,0.3333333333333333,2,2,GTGGAACTTGCATCAACTGC,0,2498844
mhpRp2,0.3333333333333333,2,2,GTGCTGGCGAGGCGCCTCAC,0,2504997
mhpRp2,0.3333333333333333,2,2,GTGCTCTAAATGCACTTGAC,0,2541053
mhpRp2,0.3333333333333333,2,2,GTGCTAGAGGGCGTGTCGGC,0,2521526
mhpRp2,0.3333333333333333,2,2,GTGCGAGTGGGCAACCGTAT,0,2507015
mhpRp2,0.3333333333333333,2,2,GTGCCTCTAGTCGGTGTAGT,0,2528638
mhpRp2,0.3333333333333333,2,2,GTGCCGTTATGATGCGTCAG,0,2512266
mhpRp2,0.3333333333333333,2,2,GTGCCGGAGGAACGCTGTCC,0,2485616
mhpRp2,0.3333333333333333,2,2,GTGCCGATTTACGATTTTCC,0,2529174
mhpRp2,0.3333333333333333,2,2,GTGCACTTCTCGGGGTACGA,0,2501416
mhpRp2,0.3333333333333333,2,2,GTGCACTAGGTTGAAAATCT,0,2506633
mhpRp2,0.3333333333333333,2,2,GTGCACGAGGTCCGGCCCAA,0,2515905
mhpRp2,0.3333333333333333,2,2,GTGATCTGTTTTGGTTCAAG,0,2539660
mhpRp2,0.3333333333333333,2,2,GTGACTATCTTTGAAATATC,0,2516050
mhpRp2,0.3333333333333333,2,2,GTGACCGGGCAGAACGAACC,0,2514727
mhpRp2,0.3333333333333333,2,2,GTGACAATCTTTCCTTGCCG,0,2492694
mhpRp2,0.3333333333333333,2,2,GTGAATGGCACAACCGGAAC,0,2541864
mhpRp2,0.3333333333333333,2,2,GTGAACACACGCGCAATGTT,0,2485966
mhpRp2,0.3333333333333333,2,2,GTCTTTGTTCACAATGACCA,0,2540870
mhpRp2,0.3333333333333333,2,2,GTCTTGTCAGCAGTATTCGA,0,2531968
mhpRp2,0.3333333333333333,2,2,GTCTCGCTCCCGCCATGATG,0,2512542
mhpRp2,0.3333333333333333,2,2,GTCTAGATCTGATGTCGAGG,0,2498632
mhpRp2,0.3333333333333333,2,2,GTCTAAGAGATGAGTACGGT,0,2512190
mhpRp2,0.3333333333333333,2,2,GTCGTTAGCACGTCGGTGGC,0,2515364
mhpRp2,0.3333333333333333,2,2,GTCGTGGCACTGGCCCTCAC,0,2481935
mhpRp2,0.3333333333333333,2,2,GTCGGGGGCGGTGTCTGGAA,0,2484104
mhpRp2,0.3333333333333333,2,2,GTCGGCGGGAAAAGATGTCA,0,2479903
mhpRp2,0.3333333333333333,2,2,GTCGGATTCAAAATTCTAAA,0,2487638
mhpRp2,0.3333333333333333,2,2,GTCGGATATCTCGTCATCTA,0,2541417
mhpRp2,0.3333333333333333,2,2,GTCGCTACCGATAAAGGTTT,0,2493915
mhpRp2,0.3333333333333333,2,2,GTCGCGCGTGGTAATTCTGC,0,2538524
mhpRp2,0.3333333333333333,2,2,GTCGCCTAAATCTCATCTGA,0,2541069
mhpRp2,0.3333333333333333,2,2,GTCGATCAAAACATTCAGAG,0,2507457
mhpRp2,0.3333333333333333,2,2,GTCCTAGAGCGTAGTTAGGG,0,2510649
mhpRp2,0.3333333333333333,2,2,GTCCGCTTGTGTGGGCCAGG,0,2500422
mhpRp2,0.3333333333333333,2,2,GTCCGAACTATTAAGGTCGG,0,2508401
mhpRp2,0.3333333333333333,2,2,GTCCAGTTATGAAGCTTCGA,0,2510070
mhpRp2,0.3333333333333333,2,2,GTCAGTTGTTTGTCACGATT,0,2531048
mhpRp2,0.3333333333333333,2,2,GTCAGTGCCGACTAATTCCC,0,2503384
mhpRp2,0.3333333333333333,2,2,GTCAATGCAAGTTCGGACCA,0,2532390
mhpRp2,0.3333333333333333,2,2,GTATTCAAAGCTCACTTTAG,0,2509775
mhpRp2,0.3333333333333333,2,2,GTATTATCAAAGAATTAGAA,0,2503312
mhpRp2,0.3333333333333333,2,2,GTATGGTTCGGCAGGTTGTG,0,2496354
mhpRp2,0.3333333333333333,2,2,GTATGACGCCAGTCAGTACG,0,2533909
mhpRp2,0.3333333333333333,2,2,GTATCTGTACCAGACATGAC,0,2507604
mhpRp2,0.3333333333333333,2,2,GTATCCGTAAGACTCCTCCA,0,2491994
mhpRp2,0.3333333333333333,2,2,GTATAGCACCAGATTTTACA,0,2534155
mhpRp2,0.3333333333333333,2,2,GTATAATGTGTGCACCTATG,0,2502425
mhpRp2,0.3333333333333333,2,2,GTATAAGAGGGGGGACGTAG,0,2525430
mhpRp2,0.3333333333333333,2,2,GTATAAACGATAAGTTAAAT,0,2524062
mhpRp2,0.3333333333333333,2,2,GTAGTCTTCGAAACTCTCAT,0,2490598
mhpRp2,0.3333333333333333,2,2,GTAGTATGAGCGGTGAGGTA,0,2528904
mhpRp2,0.3333333333333333,2,2,GTAGTAGAAATCTAGGGTTG,0,2545733
mhpRp2,0.3333333333333333,2,2,GTAGCTAGATCACATACGTG,0,2515934
mhpRp2,0.3333333333333333,2,2,GTAGCGGTTGGATTCACCGG,0,2509412
mhpRp2,0.3333333333333333,2,2,GTAGCATTATCCCTGCACTA,0,2487290
mhpRp2,0.3333333333333333,2,2,GTAGAGCGATTCTCCCACAC,0,2541207
mhpRp2,0.3333333333333333,2,2,GTAGACCCCATACGACAGAC,0,2483096
mhpRp2,0.3333333333333333,2,2,GTAGAAATTGTCAATTGTTA,0,2530806
mhpRp2,0.3333333333333333,2,2,GTACTTTGAAAACTTGTAAT,0,2505924
mhpRp2,0.3333333333333333,2,2,GTACTGGTTAAATACGGGGT,0,2521239
mhpRp2,0.3333333333333333,2,2,GTACTCGGGCAGAAGCCCCC,0,2512856
mhpRp2,0.3333333333333333,2,2,GTACTCACGAGCCGCGCGAC,0,2511741
mhpRp2,0.3333333333333333,2,2,GTACATGCACCCGCAGAACA,0,2516844
mhpRp2,0.3333333333333333,2,2,GTACATACCTGGACTATCCA,0,2479610
mhpRp2,0.3333333333333333,2,2,GTACAAATTGCAACGACCTC,0,2485051
mhpRp2,0.3333333333333333,2,2,GTAATGGGGATTACCAGATA,0,2516850
mhpRp2,0.3333333333333333,2,2,GTAATCAGAATCTGCTATGG,0,2540033
mhpRp2,0.3333333333333333,2,2,GTAATAGGGACTTTTTTATC,0,2529955
mhpRp2,0.3333333333333333,2,2,GTAATACTGCGTGTACCCTG,0,2531165
mhpRp2,0.3333333333333333,2,2,GTAATAAGAGCGCCGCCGGG,0,2503119
mhpRp2,0.3333333333333333,2,2,GTAACGCTCTTAGTACAACA,0,2541854
mhpRp2,0.3333333333333333,2,2,GTAACCGACACTGAAGAACT,0,2501811
mhpRp2,0.3333333333333333,2,2,GTAACAAATGCATAGGATCG,0,2512201
mhpRp2,0.3333333333333333,2,2,GTAAAGACCCCACTACGGCT,0,2495186
mhpRp2,0.3333333333333333,2,2,GTAAACACCCATTGCAGCAT,0,2485627
mhpRp2,0.3333333333333333,2,2,GGTTGGCGTGCCCATGGGGA,0,2544077
mhpRp2,0.3333333333333333,2,2,GGTTGGAGCAGTCATTGGGT,0,2502331
mhpRp2,0.3333333333333333,2,2,GGTTCTGAATTGGCTTGGCG,0,2522070
mhpRp2,0.3333333333333333,2,2,GGTTCGCTCTTACCGGACCT,0,2517544
mhpRp2,0.3333333333333333,2,2,GGTTCACACACTCTGGAAGA,0,2509375
mhpRp2,0.3333333333333333,2,2,GGTTACTTTTCTTCTCTTCC,0,2490364
mhpRp2,0.3333333333333333,2,2,GGTGTTCTTGCTAGAACCTG,0,2507986
mhpRp2,0.3333333333333333,2,2,GGTGGTTTTCAGCCTGACAA,0,2534036
mhpRp2,0.3333333333333333,2,2,GGTGGTACGATATATAAGCC,0,2501254
mhpRp2,0.3333333333333333,2,2,GGTGGCAACTCGCCTACTGT,0,2521566
mhpRp2,0.3333333333333333,2,2,GGTGAGTGGGACATTGTCGT,0,2504484
mhpRp2,0.3333333333333333,2,2,GGTGAGCTGTAACACAATCT,0,2510813
mhpRp2,0.3333333333333333,2,2,GGTGAAGCGTTCAGACATTA,0,2538307
mhpRp2,0.3333333333333333,2,2,GGTCTTGAATAATACAAATC,0,2500562
mhpRp2,0.3333333333333333,2,2,GGTCTTCGAGGATAGGTAGT,0,2519740
mhpRp2,0.3333333333333333,2,2,GGTCTTCCGAGCATTTGCTC,0,2502322
mhpRp2,0.3333333333333333,2,2,GGTCTCGCCGCCGACTGGGC,0,2511016
mhpRp2,0.3333333333333333,2,2,GGTCTACAAGCCGTGCGATT,0,2537717
mhpRp2,0.3333333333333333,2,2,GGTCGGTGTCTATAGTTCAC,0,2539736
mhpRp2,0.3333333333333333,2,2,GGTCGCACGGTTTTTGAGGA,0,2526614
mhpRp2,0.3333333333333333,2,2,GGTCGCACGATGACTGTGGT,0,2522143
mhpRp2,0.3333333333333333,2,2,GGTCCGGCCCCTAGGCGTGG,0,2517619
mhpRp2,0.3333333333333333,2,2,GGTCAAGCGGTGTCCTAGTA,0,2488570
mhpRp2,0.3333333333333333,2,2,GGTCAACGTCATACCAAAAT,0,2486130
mhpRp2,0.3333333333333333,2,2,GGTATCATACGTGAGAACTG,0,2521171
mhpRp2,0.3333333333333333,2,2,GGTACTCTGCCGAACTGCAG,0,2523341
mhpRp2,0.3333333333333333,2,2,GGTACGTCCCGACACTGTTT,0,2537837
mhpRp2,0.3333333333333333,2,2,GGTACCGTTTGCTTAGCCTT,0,2538852
mhpRp2,0.3333333333333333,2,2,GGTAATGAATAGTAAACGTT,0,2485234
mhpRp2,0.3333333333333333,2,2,GGGTTTCATTAAACGGACTT,0,2517059
mhpRp2,0.3333333333333333,2,2,GGGTTGATTATTACCAGTCT,0,2480340
mhpRp2,0.3333333333333333,2,2,GGGTTGAACTTGAGTGACCA,0,2538680
mhpRp2,0.3333333333333333,2,2,GGGTTCGAGTGCTTCGCCAA,0,2541007
mhpRp2,0.3333333333333333,2,2,GGGTTCCCTCTCTAGCTATG,0,2483922
mhpRp2,0.3333333333333333,2,2,GGGTTATTGGCTAAATACCG,0,2484199
mhpRp2,0.3333333333333333,2,2,GGGTTAGCTCAACCTAATGC,0,2481806
mhpRp2,0.3333333333333333,2,2,GGGTTAAGTTCGGAAACATA,0,2505193
mhpRp2,0.3333333333333333,2,2,GGGTGTCTGCGGAGCAATGG,0,2485518
mhpRp2,0.3333333333333333,2,2,GGGTGTCGCTAGAGCAGCGG,0,2507135
mhpRp2,0.3333333333333333,2,2,GGGTGTATTGCATTAAGTGC,0,2487261
mhpRp2,0.3333333333333333,2,2,GGGTGAGACGTACCCGGTAG,0,2483373
mhpRp2,0.3333333333333333,2,2,GGGTCCTAATATGGCTATGA,0,2508142
mhpRp2,0.3333333333333333,2,2,GGGTCCAAGAGCATTATCTA,0,2527315
mhpRp2,0.3333333333333333,2,2,GGGTAGTATCACGCACCCTA,0,2509480
mhpRp2,0.3333333333333333,2,2,GGGTAAATCGCATCTGATTC,0,2536197
mhpRp2,0.3333333333333333,2,2,GGGGGGCGTATTTCATTAAT,0,2527646
mhpRp2,0.3333333333333333,2,2,GGGGGCGTCAGGGATATGAG,0,2494661
mhpRp2,0.3333333333333333,2,2,GGGGGAACAAGCCGGAGATA,0,2543371
mhpRp2,0.3333333333333333,2,2,GGGGCTTCCGAGACAATTGA,0,2529433
mhpRp2,0.3333333333333333,2,2,GGGGCTTAGGAGGGTGAGAT,0,2517664
mhpRp2,0.3333333333333333,2,2,GGGGCTCCGTACATTCATAT,0,2541380
mhpRp2,0.3333333333333333,2,2,GGGGCAACTGGCCACAGTGT,0,2485909
mhpRp2,0.3333333333333333,2,2,GGGGACCGCTAATTTCAACA,0,2514217
mhpRp2,0.3333333333333333,2,2,GGGGAATCCATCATGTACGA,0,2514986
mhpRp2,0.3333333333333333,2,2,GGGCTCCATTAGGGTGAACT,0,2505260
mhpRp2,0.3333333333333333,2,2,GGGCGGTGTCCCTATGCGCG,0,2545562
mhpRp2,0.3333333333333333,2,2,GGGCGAACGCTAACACCATG,0,2502890
mhpRp2,0.3333333333333333,2,2,GGGCCTATATATCACCAGGT,0,2530769
mhpRp2,0.3333333333333333,2,2,GGGCCGCGCACTGAGCTGAC,0,2529056
mhpRp2,0.3333333333333333,2,2,GGGCCCTGGTGTCGGTTTAG,0,2535463
mhpRp2,0.3333333333333333,2,2,GGGCCCCCGCCCTTATCAAT,0,2516450
mhpRp2,0.3333333333333333,2,2,GGGCCATTTTAGGCTAAATC,0,2500442
mhpRp2,0.3333333333333333,2,2,GGGCACTAGGTGCGCCCCAG,0,2513028
mhpRp2,0.3333333333333333,2,2,GGGATGTCTTATCCTGTGAT,0,2481266
mhpRp2,0.3333333333333333,2,2,GGGATGTCATTACATCGCGC,0,2498580
mhpRp2,0.3333333333333333,2,2,GGGATGGGACTAAAACGCTG,0,2533701
mhpRp2,0.3333333333333333,2,2,GGGATGGCTTAATAATATCA,0,2524284
mhpRp2,0.3333333333333333,2,2,GGGATGAGTAATCATTCATC,0,2540948
mhpRp2,0.3333333333333333,2,2,GGGATACATCTTTGTCACCA,0,2525367
mhpRp2,0.3333333333333333,2,2,GGGAGTCTCGCTGGGAACCA,0,2485428
mhpRp2,0.3333333333333333,2,2,GGGAGACTTTTGCCTCGGCG,0,2534048
mhpRp2,0.3333333333333333,2,2,GGGACCGAACATAGTTACAA,0,2497273
mhpRp2,0.3333333333333333,2,2,GGGAATATTGTTGAAAGATC,0,2545282
mhpRp2,0.3333333333333333,2,2,GGGAACTAGCCAGAAGCATC,0,2515723
mhpRp2,0.3333333333333333,2,2,GGCTTTGACTACAACGTATT,0,2492788
mhpRp2,0.3333333333333333,2,2,GGCTTGGGTGTCAGGCATTT,0,2545534
mhpRp2,0.3333333333333333,2,2,GGCTGGTTACCACGGTAGAG,0,2545841
mhpRp2,0.3333333333333333,2,2,GGCTGGGCTCGTCCAGGTGA,0,2506309
mhpRp2,0.3333333333333333,2,2,GGCTGATACGGGCTCCAGTA,0,2536122
mhpRp2,0.3333333333333333,2,2,GGCTCGCCCAGCCTCCCTGG,0,2504854
mhpRp2,0.3333333333333333,2,2,GGCTCACATACGTGAGATCA,0,2507079
mhpRp2,0.3333333333333333,2,2,GGCTATTGGCATCGTGAGAC,0,2480126
mhpRp2,0.3333333333333333,2,2,GGCGTGTCGGTCCGCTTCTG,0,2490900
mhpRp2,0.3333333333333333,2,2,GGCGTGGCCCATCACGGGAG,0,2544026
mhpRp2,0.3333333333333333,2,2,GGCGTGCGCTGGAAAAACGC,0,2489637
mhpRp2,0.3333333333333333,2,2,GGCGTCCTCGACCAAGCCTT,0,2481428
mhpRp2,0.3333333333333333,2,2,GGCGGGCGATCATTCTCAGG,0,2483243
mhpRp2,0.3333333333333333,2,2,GGCGGGCAAAGACTGTAGGC,0,2496116
mhpRp2,0.3333333333333333,2,2,GGCGGCTTCGTCGCGTTAAG,0,2523340
mhpRp2,0.3333333333333333,2,2,GGCGGAGGAAGTGCTATTTG,0,2542270
mhpRp2,0.3333333333333333,2,2,GGCGATCTGCGAAACCGACA,0,2490907
mhpRp2,0.3333333333333333,2,2,GGCGAACCATGGTCTTGCTA,0,2488322
mhpRp2,0.3333333333333333,2,2,GGCCTGATTTATATGGCAAG,0,2537690
mhpRp2,0.3333333333333333,2,2,GGCCTGACCAGGCTAACGAA,0,2505484
mhpRp2,0.3333333333333333,2,2,GGCCTCGTACTGCGTGGGTA,0,2526108
mhpRp2,0.3333333333333333,2,2,GGCCTCGCGCGTACGCTCTC,0,2540696
mhpRp2,0.3333333333333333,2,2,GGCCTCAAAGGTGCGCGTCA,0,2498482
mhpRp2,0.3333333333333333,2,2,GGCCGGGTTTTCGACAGAGT,0,2495417
mhpRp2,0.3333333333333333,2,2,GGCCGGGGCATCTGTTGAAT,0,2527060
mhpRp2,0.3333333333333333,2,2,GGCCGGAATTAAGACGCCCG,0,2518681
mhpRp2,0.3333333333333333,2,2,GGCCCGGTGCAGTGCTGGTA,0,2516749
mhpRp2,0.3333333333333333,2,2,GGCCAGTCTAAGGACCCATC,0,2517361
mhpRp2,0.3333333333333333,2,2,GGCCAGAACAGGACATAATT,0,2515715
mhpRp2,0.3333333333333333,2,2,GGCCACCCGTATGCAAACAA,0,2538251
mhpRp2,0.3333333333333333,2,2,GGCATTACATCGGCCACGGC,0,2525465
mhpRp2,0.3333333333333333,2,2,GGCATTAATAACGAGCCCCA,0,2524410
mhpRp2,0.3333333333333333,2,2,GGCATCTGAGTAGATGGGAC,0,2533650
mhpRp2,0.3333333333333333,2,2,GGCATCGTCGTCGGGTATAC,0,2544295
mhpRp2,0.3333333333333333,2,2,GGCAGGTGGCTCGGGTTGGA,0,2498046
mhpRp2,0.3333333333333333,2,2,GGCAGGCCTACAAAAGGTAT,0,2487870
mhpRp2,0.3333333333333333,2,2,GGCACGATCAAAGGAAGAAG,0,2498830
mhpRp2,0.3333333333333333,2,2,GGCAATAGAGTATATTCATA,0,2527838
mhpRp2,0.3333333333333333,2,2,GGCAAGTGGACGTTACGTGA,0,2525728
mhpRp2,0.3333333333333333,2,2,GGCAACAGAGGATCATCCTG,0,2505759
mhpRp2,0.3333333333333333,2,2,GGCAAATGCGTTACCGTACT,0,2517649
mhpRp2,0.3333333333333333,2,2,GGATTGTTTGATGACGGATA,0,2483374
mhpRp2,0.3333333333333333,2,2,GGATTGCCGTTGGACGTTCC,0,2496010
mhpRp2,0.3333333333333333,2,2,GGATGTATCCGTTAGGGATC,0,2496616
mhpRp2,0.3333333333333333,2,2,GGATCTTCGCTCGGCCTTAA,0,2499572
mhpRp2,0.3333333333333333,2,2,GGATCTTCCGACGCTCTAAT,0,2534254
mhpRp2,0.3333333333333333,2,2,GGATACAAGGGCTGCTTGAC,0,2534213
mhpRp2,0.3333333333333333,2,2,GGAGTGTGGGGGAACGGCCG,0,2514866
mhpRp2,0.3333333333333333,2,2,GGAGTCATTGGTGCGCATGA,0,2510689
mhpRp2,0.3333333333333333,2,2,GGAGGTCAGTCCCCCTAAGC,0,2481393
mhpRp2,0.3333333333333333,2,2,GGAGGATACAAGCTCTGAGG,0,2538891
mhpRp2,0.3333333333333333,2,2,GGAGATGTAGGCTCATAGTC,0,2488462
mhpRp2,0.3333333333333333,2,2,GGAGAGGTTAGATTCCCTCA,0,2541972
mhpRp2,0.3333333333333333,2,2,GGAGAGCATGTTAGTGCAAG,0,2502251
mhpRp2,0.3333333333333333,2,2,GGAGAGAACGAATTACGATA,0,2536886
mhpRp2,0.3333333333333333,2,2,GGAGAATAGGGGAACGACTT,0,2531575
mhpRp2,0.3333333333333333,2,2,GGAGAAGCGTCACCTCGTAC,0,2533278
mhpRp2,0.3333333333333333,2,2,GGACTGGGGGCAGCGTCATT,0,2499350
mhpRp2,0.3333333333333333,2,2,GGACTATGCTCTGACCCCCC,0,2499633
mhpRp2,0.3333333333333333,2,2,GGACGCCCCGATACCAGCTT,0,2537141
mhpRp2,0.3333333333333333,2,2,GGACCTTAACCGCTGCTGAA,0,2504767
mhpRp2,0.3333333333333333,2,2,GGACAAGGTTCGGCTTCGAG,0,2519433
mhpRp2,0.3333333333333333,2,2,GGAATTGGTCATAACGAGAC,0,2517873
mhpRp2,0.3333333333333333,2,2,GGAATCTGAGGCGCGGCCAG,0,2500375
mhpRp2,0.3333333333333333,2,2,GGAAACTTAGTCTAGGCGTA,0,2493785
mhpRp2,0.3333333333333333,2,2,GGAAACACGTCTCACGACCC,0,2545650
mhpRp2,0.3333333333333333,2,2,GCTTTAGTTTTAAGGCAAGT,0,2493722
mhpRp2,0.3333333333333333,2,2,GCTTTAATCTTGCAAGCGAT,0,2536853
mhpRp2,0.3333333333333333,2,2,GCTTCTGACCTATTTAACCA,0,2516674
mhpRp2,0.3333333333333333,2,2,GCTTATGTGAATCGACTACT,0,2519131
mhpRp2,0.3333333333333333,2,2,GCTTATGCTGCACCCCTCTC,0,2521438
mhpRp2,0.3333333333333333,2,2,GCTTATATCTCAGCTGCAGC,0,2528978
mhpRp2,0.3333333333333333,2,2,GCTTAATACCGGTTGGGCCT,0,2479592
mhpRp2,0.3333333333333333,2,2,GCTTAAAACCTGACTATATC,0,2513323
mhpRp2,0.3333333333333333,2,2,GCTGTTTAGCCGGTCATATA,0,2543256
mhpRp2,0.3333333333333333,2,2,GCTGTTTAACAACGAGGGCC,0,2498736
mhpRp2,0.3333333333333333,2,2,GCTGTTCGCTTATAAGATGC,0,2511764
mhpRp2,0.3333333333333333,2,2,GCTGTGGGTGAACGATCTAT,0,2524006
mhpRp2,0.3333333333333333,2,2,GCTGTCCTTGTAGAGAAATC,0,2516705
mhpRp2,0.3333333333333333,2,2,GCTGGTGTCGCAGTGCTAAA,0,2495558
mhpRp2,0.3333333333333333,2,2,GCTGGGTAGGCATTGAGAGT,0,2529330
mhpRp2,0.3333333333333333,2,2,GCTGGCGTGCGTGGATGGGA,0,2544798
mhpRp2,0.3333333333333333,2,2,GCTGCGTGTGGTGAGGAAAG,0,2507933
mhpRp2,0.3333333333333333,2,2,GCTGCGCGCATCTATTCTCA,0,2484146
mhpRp2,0.3333333333333333,2,2,GCTGATCTACGTGAATTACC,0,2523045
mhpRp2,0.3333333333333333,2,2,GCTCTTCGAGCTACACGAGA,0,2543018
mhpRp2,0.3333333333333333,2,2,GCTCTGTCACATTAGTGTGT,0,2499578
mhpRp2,0.3333333333333333,2,2,GCTCTATATAAGAGATGGCC,0,2543887
mhpRp2,0.3333333333333333,2,2,GCTCGGACGATTGATAAACT,0,2484187
mhpRp2,0.3333333333333333,2,2,GCTCGAGCTCTATATAAAAC,0,2529116
mhpRp2,0.3333333333333333,2,2,GCTCCCCCTTGCACATCACT,0,2485114
mhpRp2,0.3333333333333333,2,2,GCTCCCCCCGTCATTGATCC,0,2545773
mhpRp2,0.3333333333333333,2,2,GCTCCCAGCGGGTAAGAATG,0,2533315
mhpRp2,0.3333333333333333,2,2,GCTCATGTCCAAATAAGGCG,0,2519422
mhpRp2,0.3333333333333333,2,2,GCTCATGCAATGCCGGCAGA,0,2536645
mhpRp2,0.3333333333333333,2,2,GCTCACAGTAACCTCTGTTA,0,2519668
mhpRp2,0.3333333333333333,2,2,GCTATTCGTTGAACCTGATC,0,2513414
mhpRp2,0.3333333333333333,2,2,GCTATGGTCGCCGTGCGGGA,0,2481601
mhpRp2,0.3333333333333333,2,2,GCTATCAAATATTGGCCTTG,0,2523413
mhpRp2,0.3333333333333333,2,2,GCTATAAAGCTACTCCTTTT,0,2497397
mhpRp2,0.3333333333333333,2,2,GCTAGTGAAAACTTAATGAT,0,2529690
mhpRp2,0.3333333333333333,2,2,GCTACTTGGTGCCTTCAATC,0,2540738
mhpRp2,0.3333333333333333,2,2,GCTAATTTCGCTCATCATGC,0,2518104
mhpRp2,0.3333333333333333,2,2,GCTAATAGACTGAGTTGGAC,0,2479583
mhpRp2,0.3333333333333333,2,2,GCTAACAGAATAGAAATATG,0,2521129
mhpRp2,0.3333333333333333,2,2,GCTAAATGAACTCATTGCGC,0,2519838
mhpRp2,0.3333333333333333,2,2,GCGTTTGACAATCTCGATTC,0,2528377
mhpRp2,0.3333333333333333,2,2,GCGTTAAAACTCGAGTGGGT,0,2502064
mhpRp2,0.3333333333333333,2,2,GCGTGTAAGATACCGATGAA,0,2515402
mhpRp2,0.3333333333333333,2,2,GCGTGGTCTCGGTTCTTATT,0,2503165
mhpRp2,0.3333333333333333,2,2,GCGTCTGGTTGTTGCTTTTT,0,2491771
mhpRp2,0.3333333333333333,2,2,GCGTCTGGCTGTCCGGTTAT,0,2488685
mhpRp2,0.3333333333333333,2,2,GCGTCGTGGGACGGCTCCAG,0,2503703
mhpRp2,0.3333333333333333,2,2,GCGTCGGGCTTCGCGGATTT,0,2544104
mhpRp2,0.3333333333333333,2,2,GCGTCCGCGACGAACGCTAC,0,2512897
mhpRp2,0.3333333333333333,2,2,GCGTCAACGGTTTTAAAGTC,0,2510450
mhpRp2,0.3333333333333333,2,2,GCGGTTACTTTATGTTCCGA,0,2543295
mhpRp2,0.3333333333333333,2,2,GCGGTAGAATCTAGATCCTT,0,2503131
mhpRp2,0.3333333333333333,2,2,GCGGTAAAGGACAGAACACT,0,2537135
mhpRp2,0.3333333333333333,2,2,GCGGGACCTAGTGTGGGTTA,0,2521546
mhpRp2,0.3333333333333333,2,2,GCGGCTTCGGTCATTTCAAT,0,2506454
mhpRp2,0.3333333333333333,2,2,GCGGATTGCTTCAATGTCTC,0,2534182
mhpRp2,0.3333333333333333,2,2,GCGGACGATTCACCAGTCAC,0,2543793
mhpRp2,0.3333333333333333,2,2,GCGCTGGGCTGTGTATAAGC,0,2501311
mhpRp2,0.3333333333333333,2,2,GCGCTCAAGAAGGATCTGTT,0,2520625
mhpRp2,0.3333333333333333,2,2,GCGCTAGTCGGAATAGATAA,0,2484776
mhpRp2,0.3333333333333333,2,2,GCGCGGGCGAATGGCACTTT,0,2505463
mhpRp2,0.3333333333333333,2,2,GCGCGGGATCGACGGTGCCA,0,2497776
mhpRp2,0.3333333333333333,2,2,GCGCGCCGTCTGTCCCGACT,0,2485733
mhpRp2,0.3333333333333333,2,2,GCGCGCCATGTCTGTCCTAA,0,2525354
mhpRp2,0.3333333333333333,2,2,GCGCCCCGCGAAATCCGGTT,0,2518077
mhpRp2,0.3333333333333333,2,2,GCGCATTGGCCGCAGCTGAC,0,2519919
mhpRp2,0.3333333333333333,2,2,GCGCAGCAGTTGCTAAATTT,0,2520177
mhpRp2,0.3333333333333333,2,2,GCGCAATACAGCTGAGGTAG,0,2519600
mhpRp2,0.3333333333333333,2,2,GCGATTCGAGGTAAGAGAAA,0,2481742
mhpRp2,0.3333333333333333,2,2,GCGATCCGCATTTCGGGCCT,0,2491312
mhpRp2,0.3333333333333333,2,2,GCGAGTGAATTTACTTGTAT,0,2482219
mhpRp2,0.3333333333333333,2,2,GCGAGGTAGCTTGATAGCCC,0,2521989
mhpRp2,0.3333333333333333,2,2,GCGAGCTCTATTGCGGCTTC,0,2517481
mhpRp2,0.3333333333333333,2,2,GCGAAGATGGTGGCTCGACC,0,2524830
mhpRp2,0.3333333333333333,2,2,GCGAAGAACATACTCACCGT,0,2541743
mhpRp2,0.3333333333333333,2,2,GCGAAATGGTGCGCACTTAC,0,2540918
mhpRp2,0.3333333333333333,2,2,GCGAAACCTTCGGGGAACGC,0,2489071
mhpRp2,0.3333333333333333,2,2,GCGAAAAGACTATGGGGACT,0,2531125
mhpRp2,0.3333333333333333,2,2,GCCTTCAACAATCGGTGTCG,0,2497767
mhpRp2,0.3333333333333333,2,2,GCCTGCTACGGTGGTGTCGA,0,2523502
mhpRp2,0.3333333333333333,2,2,GCCTCTCGCTCGAAAAAGAT,0,2542571
mhpRp2,0.3333333333333333,2,2,GCCTCTAGATAGAATGTTTA,0,2481871
mhpRp2,0.3333333333333333,2,2,GCCTCGCCGGAGTCAGATTG,0,2500191
mhpRp2,0.3333333333333333,2,2,GCCTATGAACCAGGTAGAGC,0,2528985
mhpRp2,0.3333333333333333,2,2,GCCTATCTCGGACAAAGGGC,0,2516429
mhpRp2,0.3333333333333333,2,2,GCCTACGTTAGGCCGCGGTC,0,2513747
mhpRp2,0.3333333333333333,2,2,GCCTACGGACCGCATACCCA,0,2482644
mhpRp2,0.3333333333333333,2,2,GCCTAAGAATCTTTAGGTCT,0,2503287
mhpRp2,0.3333333333333333,2,2,GCCGTGCAAAAGTGCAGTCT,0,2491168
mhpRp2,0.3333333333333333,2,2,GCCGGTCCAAATTCACCTCT,0,2533586
mhpRp2,0.3333333333333333,2,2,GCCGGAAACTGGCTCCACCA,0,2523380
mhpRp2,0.3333333333333333,2,2,GCCGCTTAACGACCCTGGAG,0,2536817
mhpRp2,0.3333333333333333,2,2,GCCGCACGTAAGTCAGCGCC,0,2533733
mhpRp2,0.3333333333333333,2,2,GCCGACATTCTGGGCCGTTA,0,2513183
mhpRp2,0.3333333333333333,2,2,GCCCTTTTGAGGAGCCAACA,0,2538298
mhpRp2,0.3333333333333333,2,2,GCCCTAGAGAATGTCCGAGT,0,2513350
mhpRp2,0.3333333333333333,2,2,GCCCGCCGGGAATCGGGGAT,0,2507140
mhpRp2,0.3333333333333333,2,2,GCCCGCCCACACTCCTTTTT,0,2522202
mhpRp2,0.3333333333333333,2,2,GCCCGAGTGTACTTTATCCG,0,2510806
mhpRp2,0.3333333333333333,2,2,GCCCGAAAGGTCAAATTGGT,0,2536466
mhpRp2,0.3333333333333333,2,2,GCCCCGTTCCTTCTGCCCAC,0,2486642
mhpRp2,0.3333333333333333,2,2,GCCCCGTCCAGGCCAAAAGT,0,2533106
mhpRp2,0.3333333333333333,2,2,GCCCCGGTAATTCCGAATCA,0,2485905
mhpRp2,0.3333333333333333,2,2,GCCCCCAAGTAACCTATTAC,0,2513900
mhpRp2,0.3333333333333333,2,2,GCCCATCGAATTCGCTATCC,0,2504853
mhpRp2,0.3333333333333333,2,2,GCCCACTGCCCTGACTCCCT,0,2485211
mhpRp2,0.3333333333333333,2,2,GCCATCCCACCTTAGATGGT,0,2480587
mhpRp2,0.3333333333333333,2,2,GCCATACGATCATTCTGTGT,0,2483340
mhpRp2,0.3333333333333333,2,2,GCCAGTTCGTTCATAAAGCG,0,2519165
mhpRp2,0.3333333333333333,2,2,GCCAGTTCGCTCCAGAGGAA,0,2540546
mhpRp2,0.3333333333333333,2,2,GCCAGTGATAGATTCTAAAA,0,2495569
mhpRp2,0.3333333333333333,2,2,GCCACAGCGAAACCCACGTA,0,2493030
mhpRp2,0.3333333333333333,2,2,GCATTGTAAGGGCTTCTTTC,0,2490770
mhpRp2,0.3333333333333333,2,2,GCATTACGCGAGACGGTGTA,0,2496067
mhpRp2,0.3333333333333333,2,2,GCATCTGCAGGAGCCGTCTT,0,2521131
mhpRp2,0.3333333333333333,2,2,GCATCTCATAGGCTTAATTC,0,2508163
mhpRp2,0.3333333333333333,2,2,GCATCCCCTCGCGACAATAT,0,2500612
mhpRp2,0.3333333333333333,2,2,GCATCCATGTACTTCTGCGC,0,2485180
mhpRp2,0.3333333333333333,2,2,GCATCATATGCAGGGCCTTT,0,2501812
mhpRp2,0.3333333333333333,2,2,GCATCAGAATTCACTGTATA,0,2504729
mhpRp2,0.3333333333333333,2,2,GCATAGCCCACTATCATCCG,0,2537005
mhpRp2,0.3333333333333333,2,2,GCATAATGCGTTGGTGGCCC,0,2513057
mhpRp2,0.3333333333333333,2,2,GCAGTTACGACATGCGCCCA,0,2485749
mhpRp2,0.3333333333333333,2,2,GCAGGTCTTCGAGCGGTAGA,0,2534367
mhpRp2,0.3333333333333333,2,2,GCAGGATTCACCAAGATGTA,0,2536989
mhpRp2,0.3333333333333333,2,2,GCAGATGCAAACAGGTTGTC,0,2544058
mhpRp2,0.3333333333333333,2,2,GCAGAGTAATCGGTAGTGAT,0,2507983
mhpRp2,0.3333333333333333,2,2,GCAGAGCTGAGTAACTGGTG,0,2500124
mhpRp2,0.3333333333333333,2,2,GCACTTAGCAGAGCTTTGCC,0,2491763
mhpRp2,0.3333333333333333,2,2,GCACTCTAAGTGGATACGCA,0,2540801
mhpRp2,0.3333333333333333,2,2,GCACCTGTCTGTATATCTCG,0,2480671
mhpRp2,0.3333333333333333,2,2,GCACCATCGGGTTTAGCTAA,0,2487014
mhpRp2,0.3333333333333333,2,2,GCACATAGGTCAGCACGGGC,0,2482419
mhpRp2,0.3333333333333333,2,2,GCACAGCAACCAGTGAAATC,0,2545046
mhpRp2,0.3333333333333333,2,2,GCACACGACCGGCCGGTGCT,0,2539911
mhpRp2,0.3333333333333333,2,2,GCACAAATCACAGATTAACT,0,2531276
mhpRp2,0.3333333333333333,2,2,GCACAAACTTAGCCGGGGTC,0,2535190
mhpRp2,0.3333333333333333,2,2,GCAATGTAGCTGAATGTTTT,0,2511051
mhpRp2,0.3333333333333333,2,2,GCAATCTATCTCAACGTATC,0,2482752
mhpRp2,0.3333333333333333,2,2,GCAATATCCGTAAGCCATGC,0,2523880
mhpRp2,0.3333333333333333,2,2,GCAAGTTGCAACGTAGCCAA,0,2527287
mhpRp2,0.3333333333333333,2,2,GCAAGGGGGTACCCCTGAAT,0,2488316
mhpRp2,0.3333333333333333,2,2,GCAAGCATGGGTATGGCTTG,0,2482195
mhpRp2,0.3333333333333333,2,2,GCAACGTGGAACTCCCCCGC,0,2495788
mhpRp2,0.3333333333333333,2,2,GCAACAGGCTGACGGGGGGG,0,2530960
mhpRp2,0.3333333333333333,2,2,GCAACAGCGAACGGGATTGT,0,2511442
mhpRp2,0.3333333333333333,2,2,GCAAATTCCTGAGGTGAGAC,0,2515240
mhpRp2,0.3333333333333333,2,2,GCAAAGGTCCTGCCACGCCT,0,2479673
mhpRp2,0.3333333333333333,2,2,GCAAAGGGTACAAGGGTGCA,0,2533339
mhpRp2,0.3333333333333333,2,2,GCAAAGCGGTCGTTTTACCG,0,2485873
mhpRp2,0.3333333333333333,2,2,GCAAAACCAGAATCTGGCGA,0,2524205
mhpRp2,0.3333333333333333,2,2,GATTTTGCCGCACAGGACCC,0,2539246
mhpRp2,0.3333333333333333,2,2,GATTTGATGGGAGAAGGTGG,0,2507596
mhpRp2,0.3333333333333333,2,2,GATTTACCTATACGTCGTCG,0,2523160
mhpRp2,0.3333333333333333,2,2,GATTTAAGGCGTACTTGCGG,0,2500646
mhpRp2,0.3333333333333333,2,2,GATTTAAAGTTTGTCTATTT,0,2500132
mhpRp2,0.3333333333333333,2,2,GATTGACTCGGACGGATTGA,0,2483270
mhpRp2,0.3333333333333333,2,2,GATTAGAGGCAATCCTTTAC,0,2529697
mhpRp2,0.3333333333333333,2,2,GATGTGGGGAGTAAAAAGAT,0,2505467
mhpRp2,0.3333333333333333,2,2,GATGTCAGAATCGGGCAAAT,0,2541844
mhpRp2,0.3333333333333333,2,2,GATGGATTTAATACGACTAT,0,2530272
mhpRp2,0.3333333333333333,2,2,GATGCCCCGGCTTGTACCAC,0,2493817
mhpRp2,0.3333333333333333,2,2,GATGATTCGACTGTCTTAAC,0,2488605
mhpRp2,0.3333333333333333,2,2,GATGAGCTCGCGTGAATCCA,0,2495386
mhpRp2,0.3333333333333333,2,2,GATCTTCGGAAGCTTCACAA,0,2490938
mhpRp2,0.3333333333333333,2,2,GATCTTCCCCTCCCTGAAAT,0,2540949
mhpRp2,0.3333333333333333,2,2,GATCTGCACAATCAATCGTA,0,2497637
mhpRp2,0.3333333333333333,2,2,GATCCTGCGTAGGGAGGGTT,0,2537109
mhpRp2,0.3333333333333333,2,2,GATCCCCACGAACGCCGCAC,0,2529406
mhpRp2,0.3333333333333333,2,2,GATCAGCGCGTCCATAGTAA,0,2509132
mhpRp2,0.3333333333333333,2,2,GATCACAGATACTAAGCAGT,0,2514030
mhpRp2,0.3333333333333333,2,2,GATCAAGACCTCGGGCCACA,0,2504059
mhpRp2,0.3333333333333333,2,2,GATATGTTTTCCTCAATATA,0,2543474
mhpRp2,0.3333333333333333,2,2,GATAGTGCACCAATACTGAC,0,2542933
mhpRp2,0.3333333333333333,2,2,GATAGTGATCTCAGGCGAGT,0,2519045
mhpRp2,0.3333333333333333,2,2,GATACCGAGGTTCACACGGT,0,2525232
mhpRp2,0.3333333333333333,2,2,GATACACTTTGGCGGTTGAA,0,2540391
mhpRp2,0.3333333333333333,2,2,GATAATTACAGTGTAATGAA,0,2500181
mhpRp2,0.3333333333333333,2,2,GATAACGGCAGACATACCTG,0,2523993
mhpRp2,0.3333333333333333,2,2,GATAAATACATACTGCACCA,0,2544261
mhpRp2,0.3333333333333333,2,2,GATAAAGTATACTCCATCTG,0,2526114
mhpRp2,0.3333333333333333,2,2,GATAAACGGGGATAGCGTAA,0,2533004
mhpRp2,0.3333333333333333,2,2,GAGTTGGGGTAAGTAGGGGG,0,2487789
mhpRp2,0.3333333333333333,2,2,GAGTTGACCTGTATAAGGAA,0,2500036
mhpRp2,0.3333333333333333,2,2,GAGTTCTTGGTAGAGTGGTC,0,2491941
mhpRp2,0.3333333333333333,2,2,GAGTTAATATATAGTCATAG,0,2526136
mhpRp2,0.3333333333333333,2,2,GAGTGGGTAGGGGAATATGA,0,2494613
mhpRp2,0.3333333333333333,2,2,GAGTGCTCAGATCCTCACTA,0,2492951
mhpRp2,0.3333333333333333,2,2,GAGTCCAATGAACTTAGTAC,0,2508749
mhpRp2,0.3333333333333333,2,2,GAGTATAGGGTTATTATGCC,0,2510254
mhpRp2,0.3333333333333333,2,2,GAGTAGACAATCCATCCCTT,0,2535323
mhpRp2,0.3333333333333333,2,2,GAGTACGTCTTTTCTAGAGC,0,2519188
mhpRp2,0.3333333333333333,2,2,GAGTAATCTGGACAATGAAG,0,2504011
mhpRp2,0.3333333333333333,2,2,GAGGTTCTATAGTTCTCGTG,0,2533989
mhpRp2,0.3333333333333333,2,2,GAGGTATCGGGGCATTCCTG,0,2503978
mhpRp2,0.3333333333333333,2,2,GAGGGGCGGTCACATTGGCC,0,2514350
mhpRp2,0.3333333333333333,2,2,GAGGGAAGCATTACCTTGTA,0,2509677
mhpRp2,0.3333333333333333,2,2,GAGGCGATGGCATGGGCTGC,0,2513723
mhpRp2,0.3333333333333333,2,2,GAGGCACGCCGGGCGTGACG,0,2503552
mhpRp2,0.3333333333333333,2,2,GAGGATGCTCGGGGAACACT,0,2524372
mhpRp2,0.3333333333333333,2,2,GAGGACTAGCTCATTCATGA,0,2484319
mhpRp2,0.3333333333333333,2,2,GAGCTGGGGAAATCAAGAGG,0,2511338
mhpRp2,0.3333333333333333,2,2,GAGCGGTCGCTGCTGGTGAG,0,2542820
mhpRp2,0.3333333333333333,2,2,GAGCCGGTACCACCTACAGG,0,2509327
mhpRp2,0.3333333333333333,2,2,GAGCCGGAAAGCGGTGTAGC,0,2518213
mhpRp2,0.3333333333333333,2,2,GAGCCCTAAGACGTCATACA,0,2541128
mhpRp2,0.3333333333333333,2,2,GAGCATGTATACCCGTCTAT,0,2490888
mhpRp2,0.3333333333333333,2,2,GAGATTTAACAAAAGAGGGA,0,2504345
mhpRp2,0.3333333333333333,2,2,GAGATACGATAGCGCCGCGT,0,2526772
mhpRp2,0.3333333333333333,2,2,GAGATAATGTTAGGCGGGAA,0,2533747
mhpRp2,0.3333333333333333,2,2,GAGAGTTTAAATTGTACCAC,0,2532658
mhpRp2,0.3333333333333333,2,2,GAGACTGTTAGGTTCGGCTG,0,2508008
mhpRp2,0.3333333333333333,2,2,GAGACTCTCTAGCTATTTTC,0,2530906
mhpRp2,0.3333333333333333,2,2,GAGACAGCGACCCAGTCCCT,0,2490096
mhpRp2,0.3333333333333333,2,2,GAGAATAAGCAAGAGGCCCC,0,2479902
mhpRp2,0.3333333333333333,2,2,GAGAAATCGCTGAAAAGGCT,0,2508258
mhpRp2,0.3333333333333333,2,2,GACTTCGACGCCTATAATAT,0,2521136
mhpRp2,0.3333333333333333,2,2,GACTTACTTGGTACTACGGT,0,2511934
mhpRp2,0.3333333333333333,2,2,GACTGGGAGAGTGAGACAGA,0,2481218
mhpRp2,0.3333333333333333,2,2,GACTGGAGGTGCGACACAGC,0,2541716
mhpRp2,0.3333333333333333,2,2,GACTGATATTCCGGGAGGTT,0,2539755
mhpRp2,0.3333333333333333,2,2,GACTCTTTGGTTGTAAACTT,0,2531530
mhpRp2,0.3333333333333333,2,2,GACTACACCGGAAAGCTTGT,0,2509463
mhpRp2,0.3333333333333333,2,2,GACGTTAAGAGTAGTAAGTA,0,2483483
mhpRp2,0.3333333333333333,2,2,GACGTGTCTACTGGGATTGG,0,2484224
mhpRp2,0.3333333333333333,2,2,GACGTGGGCAAACGAACGAA,0,2539034
mhpRp2,0.3333333333333333,2,2,GACGTGCACAATTGATCGGC,0,2482359
mhpRp2,0.3333333333333333,2,2,GACGGTGGACTCAAAGGGGT,0,2530227
mhpRp2,0.3333333333333333,2,2,GACGGTCGAACTACAATACC,0,2503567
mhpRp2,0.3333333333333333,2,2,GACGGTAACTGATGCAAGTG,0,2544069
mhpRp2,0.3333333333333333,2,2,GACGCTCGTTACAGACCAAG,0,2511347
mhpRp2,0.3333333333333333,2,2,GACGCTCCGTGGCAATGGAG,0,2519173
mhpRp2,0.3333333333333333,2,2,GACGCGCGCTTTTTTACTCC,0,2534615
mhpRp2,0.3333333333333333,2,2,GACGCGCCTGGTACATCTCA,0,2500481
mhpRp2,0.3333333333333333,2,2,GACGCACGACTACTAAAACC,0,2516876
mhpRp2,0.3333333333333333,2,2,GACGATTCCTAGCATAAGAT,0,2514215
mhpRp2,0.3333333333333333,2,2,GACGAAGTCAGACGGATCGT,0,2493644
mhpRp2,0.3333333333333333,2,2,GACGAAGACCATATCGCCAG,0,2543831
mhpRp2,0.3333333333333333,2,2,GACGAACCTACCACTCAATG,0,2495481
mhpRp2,0.3333333333333333,2,2,GACCGTTTGTCGCCTTTGAC,0,2481348
mhpRp2,0.3333333333333333,2,2,GACCGTAGCCCGATCATCAT,0,2512342
mhpRp2,0.3333333333333333,2,2,GACCCGCCATATAGAGTAGA,0,2521082
mhpRp2,0.3333333333333333,2,2,GACCCCTCGGCAGTGCGTGT,0,2503683
mhpRp2,0.3333333333333333,2,2,GACCCAATCAACAAAAGTGG,0,2487424
mhpRp2,0.3333333333333333,2,2,GACATGACCCTTCACTAAGT,0,2507009
mhpRp2,0.3333333333333333,2,2,GACATCGGCATAAAGTACTG,0,2501679
mhpRp2,0.3333333333333333,2,2,GACATATGATAATAATACCT,0,2517029
mhpRp2,0.3333333333333333,2,2,GACAGTGTATGTCCCGCTAA,0,2540685
mhpRp2,0.3333333333333333,2,2,GACAGTCTCCGTAACCGCAT,0,2507429
mhpRp2,0.3333333333333333,2,2,GACAGGGCAGCCAGGTAATA,0,2526517
mhpRp2,0.3333333333333333,2,2,GACAGCGTCACTATACCGGT,0,2489386
mhpRp2,0.3333333333333333,2,2,GACACTGACGAGTTATCCAT,0,2527545
mhpRp2,0.3333333333333333,2,2,GACACGGTTGTAGCCGCGTG,0,2487963
mhpRp2,0.3333333333333333,2,2,GACAATCGGAGGCGTCCGGA,0,2487897
mhpRp2,0.3333333333333333,2,2,GACAAAGCCTTCTTCCCGTT,0,2531859
mhpRp2,0.3333333333333333,2,2,GAATTGCTCGCCCCTTGATG,0,2512129
mhpRp2,0.3333333333333333,2,2,GAATTGCATTGTTCCCGATT,0,2484335
mhpRp2,0.3333333333333333,2,2,GAATCGACAAGGAGGAGCTT,0,2512553
mhpRp2,0.3333333333333333,2,2,GAATCATGGCATGGGGTTGG,0,2498424
mhpRp2,0.3333333333333333,2,2,GAATATACGAGGAGCGGGGA,0,2525190
mhpRp2,0.3333333333333333,2,2,GAATAACGCATCTTCGGTAC,0,2539680
mhpRp2,0.3333333333333333,2,2,GAAGTTACGTCACTTCACAT,0,2490469
mhpRp2,0.3333333333333333,2,2,GAAGTAGTATTGCTTATGGA,0,2531833
mhpRp2,0.3333333333333333,2,2,GAAGGTTTTGGTAATTGTGA,0,2544088
mhpRp2,0.3333333333333333,2,2,GAAGGTTGTACGTGCAGCGC,0,2520321
mhpRp2,0.3333333333333333,2,2,GAAGGAAGAATCCTATATTG,0,2517060
mhpRp2,0.3333333333333333,2,2,GAAGCCACGGGTTATGGAAC,0,2522020
mhpRp2,0.3333333333333333,2,2,GAAGCATAGAGGTAAAATTC,0,2538693
mhpRp2,0.3333333333333333,2,2,GAAGATCTACCCAACGGCAA,0,2505630
mhpRp2,0.3333333333333333,2,2,GAAGAGTCCAAGATTATCTA,0,2507432
mhpRp2,0.3333333333333333,2,2,GAAGAGATTTGTTGTACTGG,0,2516611
mhpRp2,0.3333333333333333,2,2,GAAGAGAGTGTTCTGGAGGG,0,2504747
mhpRp2,0.3333333333333333,2,2,GAACGATCGTGGGAACAGTC,0,2527874
mhpRp2,0.3333333333333333,2,2,GAACCTGCCAGTTTACTCTG,0,2545692
mhpRp2,0.3333333333333333,2,2,GAACCCGGGTATTGGGCAGC,0,2489385
mhpRp2,0.3333333333333333,2,2,GAACCAATAGAAGAGCTTAT,0,2509112
mhpRp2,0.3333333333333333,2,2,GAACCAAACAGCCAAGCCTT,0,2527458
mhpRp2,0.3333333333333333,2,2,GAACATGTGTTGAATTCTTC,0,2492558
mhpRp2,0.3333333333333333,2,2,GAACAGGAAGCAATCCGCTG,0,2500437
mhpRp2,0.3333333333333333,2,2,GAACAGCTTGCCCTATGCCA,0,2497809
mhpRp2,0.3333333333333333,2,2,GAACAAGCCTTAGATCGCTA,0,2483283
mhpRp2,0.3333333333333333,2,2,GAAATTTCTTTGTCGTACAG,0,2507362
mhpRp2,0.3333333333333333,2,2,GAAATCCATCGCAATCCAAG,0,2494584
mhpRp2,0.3333333333333333,2,2,GAAAGTGGCTTCGGGATAGT,0,2510644
mhpRp2,0.3333333333333333,2,2,GAAAGTGATTACAGCATCTA,0,2495942
mhpRp2,0.3333333333333333,2,2,GAAAGGCGGTTCGATGGATT,0,2524862
mhpRp2,0.3333333333333333,2,2,GAAAGAACCGGAAGTACTTG,0,2534756
mhpRp2,0.3333333333333333,2,2,GAAACCTGATGTCTACCAGT,0,2525174
mhpRp2,0.3333333333333333,2,2,GAAACAATACCGAGTAAATG,0,2481627
mhpRp2,0.3333333333333333,2,2,GAAAATTATGGAGAAGGGAA,0,2483375
mhpRp2,0.3333333333333333,2,2,GAAAAGTCTGGGCTGGCGTG,0,2531639
mhpRp2,0.3333333333333333,2,2,GAAAAGCGATCTATGGGTAA,0,2540155
mhpRp2,0.3333333333333333,2,2,GAAAAGAGCGGGCCAACCCC,0,2517793
mhpRp2,0.3333333333333333,2,2,GAAAAGACTGTGTTATGGGC,0,2495331
mhpRp2,0.3333333333333333,2,2,CTTTTTTGGAATGGGCCTCT,0,2514394
mhpRp2,0.3333333333333333,2,2,CTTTTCTTGCACAAGCACAG,0,2500990
mhpRp2,0.3333333333333333,2,2,CTTTTCAGGCGGGGTAGTAC,0,2517127
mhpRp2,0.3333333333333333,2,2,CTTTTATGCACGGAAGCATC,0,2484390
mhpRp2,0.3333333333333333,2,2,CTTTGTGTATATCAATGATA,0,2497989
mhpRp2,0.3333333333333333,2,2,CTTTGCAAGCGAACGCTTAA,0,2541965
mhpRp2,0.3333333333333333,2,2,CTTTGACTGTCGTGCTTTTG,0,2522227
mhpRp2,0.3333333333333333,2,2,CTTTCGTTCAAATTCACATT,0,2511141
mhpRp2,0.3333333333333333,2,2,CTTTCACGCTTTACTTAACA,0,2497946
mhpRp2,0.3333333333333333,2,2,CTTTATGTAGGAAGCGATGT,0,2508956
mhpRp2,0.3333333333333333,2,2,CTTTAGCTGCTCGTAGGCAT,0,2545548
mhpRp2,0.3333333333333333,2,2,CTTTAATTACCTAGATCCGC,0,2533817
mhpRp2,0.3333333333333333,2,2,CTTTAACCCAAACTGTAAAA,0,2513215
mhpRp2,0.3333333333333333,2,2,CTTGTGAGCTTAAGGGTGAG,0,2490717
mhpRp2,0.3333333333333333,2,2,CTTGTGACCGGAAATGCTTG,0,2497593
mhpRp2,0.3333333333333333,2,2,CTTGGTCTAATCGGGCTTAG,0,2493289
mhpRp2,0.3333333333333333,2,2,CTTGGTCCTTGGTGGCCGAA,0,2518420
mhpRp2,0.3333333333333333,2,2,CTTGGCCTGGACCCAACTAT,0,2490901
mhpRp2,0.3333333333333333,2,2,CTTGGCAGTAGCAATAAGGA,0,2506566
mhpRp2,0.3333333333333333,2,2,CTTGGAGCGTATTACTCATA,0,2522336
mhpRp2,0.3333333333333333,2,2,CTTGCGGGGGCAGCTGGCCA,0,2496578
mhpRp2,0.3333333333333333,2,2,CTTGCGGATTAGCCAACGAG,0,2504096
mhpRp2,0.3333333333333333,2,2,CTTGCATATAAACGTTGATA,0,2480114
mhpRp2,0.3333333333333333,2,2,CTTGACTGTCCTGGCGTGGC,0,2528527
mhpRp2,0.3333333333333333,2,2,CTTGACAGACTCGTCTCCAG,0,2497764
mhpRp2,0.3333333333333333,2,2,CTTCTTATGCGTAGACGGAA,0,2530410
mhpRp2,0.3333333333333333,2,2,CTTCTGTCGGTCGGTTTGGA,0,2513559
mhpRp2,0.3333333333333333,2,2,CTTCTAGCTGCCAACAAGGG,0,2491974
mhpRp2,0.3333333333333333,2,2,CTTCGTTTTTACGTCGGGAA,0,2513301
mhpRp2,0.3333333333333333,2,2,CTTCCTAATCGGTCATACGA,0,2518879
mhpRp2,0.3333333333333333,2,2,CTTCCGGCGTCATAATTAAT,0,2535443
mhpRp2,0.3333333333333333,2,2,CTTCCCTGGATCTTGAACTT,0,2493127
mhpRp2,0.3333333333333333,2,2,CTTCAGAGAAAGGTTCAGGC,0,2537934
mhpRp2,0.3333333333333333,2,2,CTTATACTTGACGATGCTGT,0,2501389
mhpRp2,0.3333333333333333,2,2,CTTAGTTTGGCATGTAGGGA,0,2519114
mhpRp2,0.3333333333333333,2,2,CTTAGGGTACCGATGAATGA,0,2536818
mhpRp2,0.3333333333333333,2,2,CTTAGGAAAGACCGGTATGA,0,2525431
mhpRp2,0.3333333333333333,2,2,CTTAGCCAGCTCACGCCTTG,0,2542212
mhpRp2,0.3333333333333333,2,2,CTTAGCACAATGGGATACGT,0,2488148
mhpRp2,0.3333333333333333,2,2,CTTAGAGCGATGCCCTGAGG,0,2527993
mhpRp2,0.3333333333333333,2,2,CTTACGTCTAATGCTGGGAC,0,2485879
mhpRp2,0.3333333333333333,2,2,CTTACATTGCCAGGGACATC,0,2534302
mhpRp2,0.3333333333333333,2,2,CTTAAGCATCCGAAGAGCAT,0,2542618
mhpRp2,0.3333333333333333,2,2,CTTAAACTTAGTACGGTGCC,0,2488878
mhpRp2,0.3333333333333333,2,2,CTGTTTACTTCGGGCGTCGC,0,2515353
mhpRp2,0.3333333333333333,2,2,CTGTTGCACCGGACAATAGA,0,2487315
mhpRp2,0.3333333333333333,2,2,CTGTGGCGCTCAGATGCTAA,0,2485822
mhpRp2,0.3333333333333333,2,2,CTGTGCCCCATGGTTCGGGA,0,2504418
mhpRp2,0.3333333333333333,2,2,CTGTGACCCGCCAGGTGAAT,0,2524853
mhpRp2,0.3333333333333333,2,2,CTGTCCTAAGGCAGGTGACT,0,2530405
mhpRp2,0.3333333333333333,2,2,CTGTCACTCGTCCACTCTCG,0,2507016
mhpRp2,0.3333333333333333,2,2,CTGTCAACAAACGCAAAGCA,0,2510688
mhpRp2,0.3333333333333333,2,2,CTGTATTTCTTTTGTAGGGC,0,2487137
mhpRp2,0.3333333333333333,2,2,CTGTAAGGCGCTACTTCATA,0,2485487
mhpRp2,0.3333333333333333,2,2,CTGGTTAGGTCGGCGTCGGA,0,2516948
mhpRp2,0.3333333333333333,2,2,CTGGTTAGCGAACAGAGGGC,0,2522983
mhpRp2,0.3333333333333333,2,2,CTGGTCAGACCACTTCTCTC,0,2524870
mhpRp2,0.3333333333333333,2,2,CTGGGGGATCAGTGCGCGCC,0,2500400
mhpRp2,0.3333333333333333,2,2,CTGGGCTGCATGCCTAAATA,0,2486858
mhpRp2,0.3333333333333333,2,2,CTGGGACGCATTGGCACAGC,0,2518967
mhpRp2,0.3333333333333333,2,2,CTGGCTCCCGTTATAGTGCG,0,2542836
mhpRp2,0.3333333333333333,2,2,CTGGCGTGTAGAGAGGTGAT,0,2529667
mhpRp2,0.3333333333333333,2,2,CTGGCGAGGATGCGCTCTGA,0,2514367
mhpRp2,0.3333333333333333,2,2,CTGGCCTACCCATACGCGGA,0,2498710
mhpRp2,0.3333333333333333,2,2,CTGGATGCCGTGCTACATTT,0,2484136
mhpRp2,0.3333333333333333,2,2,CTGGACTGATAAATCACGGG,0,2506439
mhpRp2,0.3333333333333333,2,2,CTGGAAGCAAGTGACGAGAT,0,2500295
mhpRp2,0.3333333333333333,2,2,CTGGAACCACACGCTGAGGT,0,2544912
mhpRp2,0.3333333333333333,2,2,CTGGAAAGGGGCTTCTGTCG,0,2496265
mhpRp2,0.3333333333333333,2,2,CTGCGGATTAAGCTCCGGAG,0,2518744
mhpRp2,0.3333333333333333,2,2,CTGCCTGCACAATAAACTGT,0,2498192
mhpRp2,0.3333333333333333,2,2,CTGCCGTGGTTCGGTACAGC,0,2543421
mhpRp2,0.3333333333333333,2,2,CTGCCGTGGAAAATTGAGTG,0,2505424
mhpRp2,0.3333333333333333,2,2,CTGCCATCCACCGGTGGAAC,0,2541139
mhpRp2,0.3333333333333333,2,2,CTGCATTAAGCATCCACTGC,0,2539810
mhpRp2,0.3333333333333333,2,2,CTGCATGAATCTAAGTTGGT,0,2489694
mhpRp2,0.3333333333333333,2,2,CTGCAGTTACCTCCTCCGAA,0,2486947
mhpRp2,0.3333333333333333,2,2,CTGCACTTCGCTTGTGCGGG,0,2503880
mhpRp2,0.3333333333333333,2,2,CTGATTGTTATGCTCTGTAA,0,2503834
mhpRp2,0.3333333333333333,2,2,CTGATTGAAATATGCTAATA,0,2485395
mhpRp2,0.3333333333333333,2,2,CTGAGTTGGATTAGGTAGCG,0,2509833
mhpRp2,0.3333333333333333,2,2,CTGAGGTAGGGAGATGAATA,0,2500803
mhpRp2,0.3333333333333333,2,2,CTGACTTCACGCATCGTATG,0,2526428
mhpRp2,0.3333333333333333,2,2,CTGACGTCTGCGAGGTCATA,0,2508167
mhpRp2,0.3333333333333333,2,2,CTGACCAGACTCCCTTTTTT,0,2491783
mhpRp2,0.3333333333333333,2,2,CTGACAGGCGCACTACGACT,0,2536335
mhpRp2,0.3333333333333333,2,2,CTGACACTTTTTAGATGTCA,0,2523292
mhpRp2,0.3333333333333333,2,2,CTGAAGATGCGGGCGCTATC,0,2523488
mhpRp2,0.3333333333333333,2,2,CTGAACGGCTAGATTGTCGT,0,2539421
mhpRp2,0.3333333333333333,2,2,CTGAAAAGACTGTTTCTTAG,0,2528152
mhpRp2,0.3333333333333333,2,2,CTCTTTGGTGTAATCTACCG,0,2539804
mhpRp2,0.3333333333333333,2,2,CTCTTTCATTGGTCCAAATA,0,2497159
mhpRp2,0.3333333333333333,2,2,CTCTTTACTTCGTGGAGGCT,0,2516564
mhpRp2,0.3333333333333333,2,2,CTCTTGATGGTGAACGTCAC,0,2540063
mhpRp2,0.3333333333333333,2,2,CTCTGACGATGCTTCTACTC,0,2507219
mhpRp2,0.3333333333333333,2,2,CTCTAGAAGATTTGGACGAG,0,2527561
mhpRp2,0.3333333333333333,2,2,CTCTAATGCTACGAATAAGC,0,2527825
mhpRp2,0.3333333333333333,2,2,CTCTAATGAATTCAGCAACT,0,2526686
mhpRp2,0.3333333333333333,2,2,CTCGTTTCCTCATCTGGGCG,0,2540897
mhpRp2,0.3333333333333333,2,2,CTCGGGACCCTTTCCGCGGA,0,2530815
mhpRp2,0.3333333333333333,2,2,CTCGGCGCACGGGTCTCGTT,0,2500861
mhpRp2,0.3333333333333333,2,2,CTCGCAAGGGCATTGGCATA,0,2496893
mhpRp2,0.3333333333333333,2,2,CTCGACTGGTGCCAAGGCCC,0,2510989
mhpRp2,0.3333333333333333,2,2,CTCCTTCATGATTCGGTTTA,0,2506712
mhpRp2,0.3333333333333333,2,2,CTCCTCCGTCCACGGAACAT,0,2485571
mhpRp2,0.3333333333333333,2,2,CTCCGCCATCTTTTTCATCG,0,2524324
mhpRp2,0.3333333333333333,2,2,CTCCATCGTGAGTTAAGAAA,0,2502043
mhpRp2,0.3333333333333333,2,2,CTCATTATCCGGCACGAGTT,0,2517577
mhpRp2,0.3333333333333333,2,2,CTCATGCTTTAGCACAGTTT,0,2519010
mhpRp2,0.3333333333333333,2,2,CTCATCTCGGGATTGATCAA,0,2495288
mhpRp2,0.3333333333333333,2,2,CTCATAGACCCCTGGGTTAG,0,2536389
mhpRp2,0.3333333333333333,2,2,CTCACGTCTAACGGGTATGA,0,2527479
mhpRp2,0.3333333333333333,2,2,CTATTGCAAGCTGTCACGAT,0,2483831
mhpRp2,0.3333333333333333,2,2,CTATTCTCGGACAATTTTCA,0,2519337
mhpRp2,0.3333333333333333,2,2,CTATGTGGCACGTAGGGCCG,0,2484106
mhpRp2,0.3333333333333333,2,2,CTATCAACCTCTTTTAGCGC,0,2528191
mhpRp2,0.3333333333333333,2,2,CTAGTTAATGAAATATTCCA,0,2519620
mhpRp2,0.3333333333333333,2,2,CTAGTGGTTAAATGGAAAGG,0,2520019
mhpRp2,0.3333333333333333,2,2,CTAGTGCCGTCAATGAAAGC,0,2499202
mhpRp2,0.3333333333333333,2,2,CTAGGTGCGCAAAGAATCGC,0,2528057
mhpRp2,0.3333333333333333,2,2,CTAGGGACCTCCACCCTCTG,0,2515196
mhpRp2,0.3333333333333333,2,2,CTAGCTTCAGTTAGGGTGCC,0,2486126
mhpRp2,0.3333333333333333,2,2,CTAGCTATCCCGACTTCAAT,0,2536512
mhpRp2,0.3333333333333333,2,2,CTAGCGGCAACCACGGCGAA,0,2501920
mhpRp2,0.3333333333333333,2,2,CTAGCAGCGGTAAAAAGGGA,0,2503913
mhpRp2,0.3333333333333333,2,2,CTACTGCTCGTAAAAGGCTT,0,2540672
mhpRp2,0.3333333333333333,2,2,CTACTATCAGACTCGCCCGA,0,2487853
mhpRp2,0.3333333333333333,2,2,CTACGTTTATGCACAACCTT,0,2482619
mhpRp2,0.3333333333333333,2,2,CTACGTCATTTTTTTGAAGT,0,2485969
mhpRp2,0.3333333333333333,2,2,CTACGTAATTTTAGGGTCAC,0,2503330
mhpRp2,0.3333333333333333,2,2,CTACGAGGAAAGTGGTGACG,0,2526907
mhpRp2,0.3333333333333333,2,2,CTACATTTGCTGAATGAGTG,0,2509400
mhpRp2,0.3333333333333333,2,2,CTACATGCCGTTGAACCCCT,0,2537836
mhpRp2,0.3333333333333333,2,2,CTACATCTCAGTTATGTGGT,0,2504568
mhpRp2,0.3333333333333333,2,2,CTACAGTTCCACCAAGCGTT,0,2499686
mhpRp2,0.3333333333333333,2,2,CTAAGTGCCCCTGACGCGAT,0,2518876
mhpRp2,0.3333333333333333,2,2,CTAAGTCGGTAGAAATGCAG,0,2515021
mhpRp2,0.3333333333333333,2,2,CTAAGCTTCTACTTTTACAT,0,2526482
mhpRp2,0.3333333333333333,2,2,CTAACTATGACGGTTCGTCC,0,2533662
mhpRp2,0.3333333333333333,2,2,CTAACAAGTGAGCGGCCAAT,0,2539694
mhpRp2,0.3333333333333333,2,2,CTAAATGTATCACGGATATC,0,2483616
mhpRp2,0.3333333333333333,2,2,CTAAAGCGCGCCCGCAGAAC,0,2510982
mhpRp2,0.3333333333333333,2,2,CTAAAACTCATCTGACGACG,0,2491686
mhpRp2,0.3333333333333333,2,2,CTAAAACATCACTTTTTAGA,0,2490092
mhpRp2,0.3333333333333333,2,2,CGTTTCATGCACGATGATAT,0,2496811
mhpRp2,0.3333333333333333,2,2,CGTTGATTACGGAGAATGGT,0,2541588
mhpRp2,0.3333333333333333,2,2,CGTTCCGGAATAGCCTTCAG,0,2513139
mhpRp2,0.3333333333333333,2,2,CGTTCAGGCCTCCCAGTGCA,0,2542119
mhpRp2,0.3333333333333333,2,2,CGTTATCTTGCTGATTAAAT,0,2481005
mhpRp2,0.3333333333333333,2,2,CGTGTATGTGACTCCCAGTG,0,2500782
mhpRp2,0.3333333333333333,2,2,CGTGTATGTATCTTGAATAT,0,2490110
mhpRp2,0.3333333333333333,2,2,CGTGGTTCCTCGGCCTCATC,0,2505851
mhpRp2,0.3333333333333333,2,2,CGTGGCTATCGCGGGAGGTG,0,2509323
mhpRp2,0.3333333333333333,2,2,CGTGGCCGCTAGTCGAGGCA,0,2480791
mhpRp2,0.3333333333333333,2,2,CGTGGACGGCCGCTAATGGT,0,2483834
mhpRp2,0.3333333333333333,2,2,CGTGGACAATTCTACAATTT,0,2498312
mhpRp2,0.3333333333333333,2,2,CGTGCGGGTTTAAGGGCGTA,0,2541789
mhpRp2,0.3333333333333333,2,2,CGTGCCTCTGCGTCGAAAGA,0,2519886
mhpRp2,0.3333333333333333,2,2,CGTGCCTAAGTTTTCTTACC,0,2535139
mhpRp2,0.3333333333333333,2,2,CGTGCACATGTCTCCCAGAA,0,2526443
mhpRp2,0.3333333333333333,2,2,CGTGAGAAGACGATGGTATT,0,2483130
mhpRp2,0.3333333333333333,2,2,CGTCTTTGTCGCGCGTGTCC,0,2485112
mhpRp2,0.3333333333333333,2,2,CGTCTTGGAAGCCGGAGTTT,0,2486706
mhpRp2,0.3333333333333333,2,2,CGTCTCAGTGTGTGCTACGA,0,2540364
mhpRp2,0.3333333333333333,2,2,CGTCGTCGTACATATTTGTA,0,2508268
mhpRp2,0.3333333333333333,2,2,CGTCCCAGCAGTGCAGCCTC,0,2543963
mhpRp2,0.3333333333333333,2,2,CGTCATGCGCACCGATCCAT,0,2484973
mhpRp2,0.3333333333333333,2,2,CGTCATATACGAAGTCCACA,0,2514760
mhpRp2,0.3333333333333333,2,2,CGTCAAACAGGAGTAGTTAG,0,2533629
mhpRp2,0.3333333333333333,2,2,CGTATGCGTAACGGGGGCGA,0,2524872
mhpRp2,0.3333333333333333,2,2,CGTAGGCGTTTGGTGCGCGG,0,2497756
mhpRp2,0.3333333333333333,2,2,CGTAGAACGACCCTTCTCTT,0,2497389
mhpRp2,0.3333333333333333,2,2,CGTACCTGTGCAACGCTAGT,0,2500697
mhpRp2,0.3333333333333333,2,2,CGTACCCCCTCCAATATTAC,0,2506409
mhpRp2,0.3333333333333333,2,2,CGTACAAACAAGATGTGATG,0,2538242
mhpRp2,0.3333333333333333,2,2,CGTAAATGGCACAGACTGAC,0,2538732
mhpRp2,0.3333333333333333,2,2,CGTAAATCAACATCCTCATG,0,2511432
mhpRp2,0.3333333333333333,2,2,CGTAAACTATAAATCGGATA,0,2540945
mhpRp2,0.3333333333333333,2,2,CGGTTTGCTGGCCTTGGTAA,0,2500913
mhpRp2,0.3333333333333333,2,2,CGGTGTCCCTTGAAGAGTTT,0,2506667
mhpRp2,0.3333333333333333,2,2,CGGTGATTCCTGGCGGGCGG,0,2538027
mhpRp2,0.3333333333333333,2,2,CGGTGAGCTCCCGTGTATCA,0,2503454
mhpRp2,0.3333333333333333,2,2,CGGTGAGCGGTACAAGTATA,0,2515858
mhpRp2,0.3333333333333333,2,2,CGGTCTTTTCTTGGGTCTCT,0,2509718
mhpRp2,0.3333333333333333,2,2,CGGTCTAGCGACGATTGGTG,0,2518745
mhpRp2,0.3333333333333333,2,2,CGGTCGTAATCAATGGCTAG,0,2520960
mhpRp2,0.3333333333333333,2,2,CGGTCCAGTGGCTCGGGTAA,0,2508123
mhpRp2,0.3333333333333333,2,2,CGGTCCAAGCTAAGTATGTG,0,2529304
mhpRp2,0.3333333333333333,2,2,CGGGTGATCGCATGTGTAGC,0,2492772
mhpRp2,0.3333333333333333,2,2,CGGGGTACTAACTAGCGGGT,0,2493359
mhpRp2,0.3333333333333333,2,2,CGGGGGTCATCTGGGCCCTT,0,2500236
mhpRp2,0.3333333333333333,2,2,CGGGGCATAACAATCGATTC,0,2524886
mhpRp2,0.3333333333333333,2,2,CGGGCAATCAGAGCGCCTTC,0,2493528
mhpRp2,0.3333333333333333,2,2,CGGGATAAGTGTTGGTGTTG,0,2482909
mhpRp2,0.3333333333333333,2,2,CGGGAGTCTCGAGTGTCATC,0,2527971
mhpRp2,0.3333333333333333,2,2,CGGGAGTACAGGGGTGAGCT,0,2483951
mhpRp2,0.3333333333333333,2,2,CGGGAGATTGTGAGATGGGT,0,2485832
mhpRp2,0.3333333333333333,2,2,CGGGACGCTCAAAAAGCGAT,0,2508613
mhpRp2,0.3333333333333333,2,2,CGGGACACACTCCAGCGTTG,0,2511766
mhpRp2,0.3333333333333333,2,2,CGGGAAGCTTTCAACTATAG,0,2499242
mhpRp2,0.3333333333333333,2,2,CGGCTGGCCTCTCTCGGCAG,0,2530285
mhpRp2,0.3333333333333333,2,2,CGGCTACGCTAACGCTTGAT,0,2508713
mhpRp2,0.3333333333333333,2,2,CGGCGCCATCCCTTAATGAA,0,2510378
mhpRp2,0.3333333333333333,2,2,CGGCACTGGTTCCAGGCTTA,0,2542918
mhpRp2,0.3333333333333333,2,2,CGGCAATGCTGTCCGTATTT,0,2530083
mhpRp2,0.3333333333333333,2,2,CGGCAACTAGCGATTAACGA,0,2512374
mhpRp2,0.3333333333333333,2,2,CGGATTTGCGGGGGATCAGA,0,2538860
mhpRp2,0.3333333333333333,2,2,CGGATCACGCTGTCACTAGA,0,2510584
mhpRp2,0.3333333333333333,2,2,CGGAGATTATTCTGACTTGC,0,2517836
mhpRp2,0.3333333333333333,2,2,CGGAGACACTTTGTCTCCGC,0,2516845
mhpRp2,0.3333333333333333,2,2,CGGACTGCTAATGATCTAAG,0,2514885
mhpRp2,0.3333333333333333,2,2,CGGACTCATTATCCTGAACA,0,2505219
mhpRp2,0.3333333333333333,2,2,CGGACACTGCTTATGCTCTT,0,2489388
mhpRp2,0.3333333333333333,2,2,CGGAATTGGAGGCGGTCTTT,0,2496175
mhpRp2,0.3333333333333333,2,2,CGGAATTAACCTGGTGCTAT,0,2541734
mhpRp2,0.3333333333333333,2,2,CGGAATGTAAAGTGCCTTTC,0,2516552
mhpRp2,0.3333333333333333,2,2,CGGAACGGGCCAGACACTTC,0,2489576
mhpRp2,0.3333333333333333,2,2,CGGAAACGGAGTTCTCGGCA,0,2487474
mhpRp2,0.3333333333333333,2,2,CGCTGTTTGTAAGAATAGTT,0,2499018
mhpRp2,0.3333333333333333,2,2,CGCTCTCGAGGAATTTCACG,0,2515308
mhpRp2,0.3333333333333333,2,2,CGCTCGTGGGCCTCAGGTCC,0,2499545
mhpRp2,0.3333333333333333,2,2,CGCTCCTTCCGCCGTTAGCG,0,2527180
mhpRp2,0.3333333333333333,2,2,CGCTCACTTACGTGTCTTCC,0,2517366
mhpRp2,0.3333333333333333,2,2,CGCTATGGATTGAACGAAGG,0,2494451
mhpRp2,0.3333333333333333,2,2,CGCTATCGCTTGTGGATGCA,0,2544144
mhpRp2,0.3333333333333333,2,2,CGCTATATTCCTATACCGTC,0,2489568
mhpRp2,0.3333333333333333,2,2,CGCTAGTTTCCCGTTCAGGG,0,2484819
mhpRp2,0.3333333333333333,2,2,CGCGTGCGACGATATCAGCC,0,2507623
mhpRp2,0.3333333333333333,2,2,CGCGTAGGAATCGCGTAACG,0,2520648
mhpRp2,0.3333333333333333,2,2,CGCGGGTTTGTCAACAGATC,0,2521888
mhpRp2,0.3333333333333333,2,2,CGCGGGGCTCTCAGGAGTGA,0,2508180
mhpRp2,0.3333333333333333,2,2,CGCGCTGACGAGTTTGGCCT,0,2494849
mhpRp2,0.3333333333333333,2,2,CGCCTAGCTGTAACGAGTTG,0,2519219
mhpRp2,0.3333333333333333,2,2,CGCCTAAAGCGGCCGCGCGA,0,2500764
mhpRp2,0.3333333333333333,2,2,CGCCGTCGTAATCGCCATTG,0,2491624
mhpRp2,0.3333333333333333,2,2,CGCCGGTCCTTTTTAACAGA,0,2529633
mhpRp2,0.3333333333333333,2,2,CGCCCTTCCGTCGTTTACCA,0,2530778
mhpRp2,0.3333333333333333,2,2,CGCCCGACATGAGGGGTGTC,0,2509877
mhpRp2,0.3333333333333333,2,2,CGCCCGAATTGTATTCATTT,0,2543541
mhpRp2,0.3333333333333333,2,2,CGCCCCTTACTCGAGGGCCG,0,2494528
mhpRp2,0.3333333333333333,2,2,CGCCATTGCATCATCTGTAA,0,2503089
mhpRp2,0.3333333333333333,2,2,CGCCATAAATCAACTCTGCA,0,2503894
mhpRp2,0.3333333333333333,2,2,CGCCAGCAGAATCCTGGTAG,0,2527481
mhpRp2,0.3333333333333333,2,2,CGCCAGACGATCTCGCAAAA,0,2540227
mhpRp2,0.3333333333333333,2,2,CGCATATGGTTGCTCCAGAC,0,2505345
mhpRp2,0.3333333333333333,2,2,CGCATACGAGAATATGCGAA,0,2510367
mhpRp2,0.3333333333333333,2,2,CGCAGGCCCGGGAGGAGAGA,0,2513116
mhpRp2,0.3333333333333333,2,2,CGCACCTCATGTGGTGTTGT,0,2514244
mhpRp2,0.3333333333333333,2,2,CGCAATTTAGGAGGGTGAGG,0,2486298
mhpRp2,0.3333333333333333,2,2,CGATTGATTAACTTTTATTC,0,2528071
mhpRp2,0.3333333333333333,2,2,CGATTGAGCCTACGCTCAAT,0,2535824
mhpRp2,0.3333333333333333,2,2,CGATTCGGTGGAGTGATTTC,0,2492566
mhpRp2,0.3333333333333333,2,2,CGATGATAAGGCGCGGGAAG,0,2544618
mhpRp2,0.3333333333333333,2,2,CGATCTATCGACATGTGTTT,0,2525212
mhpRp2,0.3333333333333333,2,2,CGATCCACAACGCACACAGG,0,2532470
mhpRp2,0.3333333333333333,2,2,CGATCAGTATTATAGTCGAG,0,2537265
mhpRp2,0.3333333333333333,2,2,CGATATGAGAGTGAGGGGCC,0,2526187
mhpRp2,0.3333333333333333,2,2,CGATAATCATGATTAATCGA,0,2531342
mhpRp2,0.3333333333333333,2,2,CGAGTTTGTAGTTTGTGGAA,0,2531468
mhpRp2,0.3333333333333333,2,2,CGAGTAGTCTGCTTAGGTCA,0,2512093
mhpRp2,0.3333333333333333,2,2,CGAGGATCCATTGGATGAGT,0,2508885
mhpRp2,0.3333333333333333,2,2,CGAGGACGCGGTGGGAATTG,0,2510271
mhpRp2,0.3333333333333333,2,2,CGAGCTCGCTGCTGCCCCGA,0,2517186
mhpRp2,0.3333333333333333,2,2,CGAGCTCAAAAGAAGGCGGA,0,2517645
mhpRp2,0.3333333333333333,2,2,CGAGCGTATCGACTTATTCA,0,2544508
mhpRp2,0.3333333333333333,2,2,CGAGCGGATAATTGGTGATG,0,2524004
mhpRp2,0.3333333333333333,2,2,CGAGCCCAGGCCACAAAGTT,0,2538012
mhpRp2,0.3333333333333333,2,2,CGAGAGTGCGGGTTTCGGTA,0,2496242
mhpRp2,0.3333333333333333,2,2,CGAGACAGACGGTCCCCAAA,0,2484937
mhpRp2,0.3333333333333333,2,2,CGACTTTGTGAAAGAACGGG,0,2483517
mhpRp2,0.3333333333333333,2,2,CGACTGCGCGCGGTGAGTGA,0,2517651
mhpRp2,0.3333333333333333,2,2,CGACGTATAACCGTGCATTG,0,2498743
mhpRp2,0.3333333333333333,2,2,CGACCCGGTGCCGGCGGACT,0,2502424
mhpRp2,0.3333333333333333,2,2,CGACACTTGATTGACGTCAC,0,2545294
mhpRp2,0.3333333333333333,2,2,CGAAGCCACTGCAGCACTGA,0,2521291
mhpRp2,0.3333333333333333,2,2,CGAACTCAGCGTTGTCAAAT,0,2540172
mhpRp2,0.3333333333333333,2,2,CGAAAACGCACGGAGCGGAC,0,2526661
mhpRp2,0.3333333333333333,2,2,CCTTTGGGCAAACGGCGAAT,0,2510497
mhpRp2,0.3333333333333333,2,2,CCTTTGAGAACCGGGAGCTA,0,2529315
mhpRp2,0.3333333333333333,2,2,CCTTGGGTAGAGATCCTAGA,0,2486753
mhpRp2,0.3333333333333333,2,2,CCTTGGGAGCGTCATGATTG,0,2536988
mhpRp2,0.3333333333333333,2,2,CCTTGGATGGCCGTTCGGAA,0,2497439
mhpRp2,0.3333333333333333,2,2,CCTTGATTGGTCGCTTAGAC,0,2524836
mhpRp2,0.3333333333333333,2,2,CCTTGAGTCCGCCAAGATAC,0,2481174
mhpRp2,0.3333333333333333,2,2,CCTTCGGCTGGTGTATTATA,0,2541092
mhpRp2,0.3333333333333333,2,2,CCTTATTCATAAAAATGGGA,0,2495219
mhpRp2,0.3333333333333333,2,2,CCTTAATGGTCTGGGGACTT,0,2507989
mhpRp2,0.3333333333333333,2,2,CCTGTTGCGCTACGCCGGAC,0,2517644
mhpRp2,0.3333333333333333,2,2,CCTGTTACAGCGCAGGACGC,0,2486306
mhpRp2,0.3333333333333333,2,2,CCTGTGCTTCCTTTATAGTT,0,2482462
mhpRp2,0.3333333333333333,2,2,CCTGGGTCTTGCTCGACTAT,0,2503185
mhpRp2,0.3333333333333333,2,2,CCTGGCTATGAGTGGGACAA,0,2508659
mhpRp2,0.3333333333333333,2,2,CCTGCCGCCGTCGTGTTCAA,0,2521696
mhpRp2,0.3333333333333333,2,2,CCTGATAATATACGTGTGGA,0,2493925
mhpRp2,0.3333333333333333,2,2,CCTGACAGTCGAACCCGTTT,0,2538521
mhpRp2,0.3333333333333333,2,2,CCTGAAGGCGTCTGGGACTC,0,2537522
mhpRp2,0.3333333333333333,2,2,CCTCTGTCTATTCTCAATAC,0,2543360
mhpRp2,0.3333333333333333,2,2,CCTCGCTGCTTCCGTGGAGG,0,2520831
mhpRp2,0.3333333333333333,2,2,CCTCGATATAAAAGACATTG,0,2527695
mhpRp2,0.3333333333333333,2,2,CCTCCGCAGAGTCACAGTCC,0,2490016
mhpRp2,0.3333333333333333,2,2,CCTCCACTCGATCTTCTCAC,0,2540679
mhpRp2,0.3333333333333333,2,2,CCTCCACAGCGACAATCTCT,0,2523054
mhpRp2,0.3333333333333333,2,2,CCTCATCGATGCCAGCAGAT,0,2538609
mhpRp2,0.3333333333333333,2,2,CCTCACGCCCTGTCTCGTAT,0,2492005
mhpRp2,0.3333333333333333,2,2,CCTATGGGCAAGATCCGTAT,0,2510144
mhpRp2,0.3333333333333333,2,2,CCTATCCCAGTAGGTACAGT,0,2499972
mhpRp2,0.3333333333333333,2,2,CCTATAAGTCCTCGTACTTG,0,2513570
mhpRp2,0.3333333333333333,2,2,CCTAGTGAGTGGGGTGCACT,0,2504603
mhpRp2,0.3333333333333333,2,2,CCTAGGTTAGCACATCTATA,0,2480134
mhpRp2,0.3333333333333333,2,2,CCTAGGGCAGATCGTGATAG,0,2510738
mhpRp2,0.3333333333333333,2,2,CCTAGAGGTGCATTAGTGGT,0,2525720
mhpRp2,0.3333333333333333,2,2,CCTAGAACGTTTTGAACTGC,0,2480035
mhpRp2,0.3333333333333333,2,2,CCTACTCCGCGGTCATGGCC,0,2517583
mhpRp2,0.3333333333333333,2,2,CCGTTTCTCGGGCTGTGATG,0,2524218
mhpRp2,0.3333333333333333,2,2,CCGTTAGATAGGGTCAGTTA,0,2495032
mhpRp2,0.3333333333333333,2,2,CCGTTACGTCGTCTAAAGTT,0,2507771
mhpRp2,0.3333333333333333,2,2,CCGTGGACACAGAGGCTCTT,0,2539022
mhpRp2,0.3333333333333333,2,2,CCGTGCGAATGCGTCGGCAA,0,2538207
mhpRp2,0.3333333333333333,2,2,CCGGTTGTCTGTTCGTGACC,0,2512202
mhpRp2,0.3333333333333333,2,2,CCGGTTGCCCGTGCCGGATG,0,2512118
mhpRp2,0.3333333333333333,2,2,CCGGTCCTTCGCGGGAGAGA,0,2502047
mhpRp2,0.3333333333333333,2,2,CCGGGTCCCCGTTACCTAGG,0,2522887
mhpRp2,0.3333333333333333,2,2,CCGGGGTTGGTCTTAACAGA,0,2484722
mhpRp2,0.3333333333333333,2,2,CCGGGGTGAAGTGGCTGCGA,0,2532409
mhpRp2,0.3333333333333333,2,2,CCGGGATACTCTTGTGGCGC,0,2515454
mhpRp2,0.3333333333333333,2,2,CCGGGAATCATTTCAACACC,0,2539818
mhpRp2,0.3333333333333333,2,2,CCGGCTCATCCACCGTGAAG,0,2498132
mhpRp2,0.3333333333333333,2,2,CCGGCCCCCGTTTGGCCCGA,0,2514498
mhpRp2,0.3333333333333333,2,2,CCGGCAGCGGTGCATGTTCC,0,2495500
mhpRp2,0.3333333333333333,2,2,CCGGCACCCTTACGTATATA,0,2492370
mhpRp2,0.3333333333333333,2,2,CCGGACTAACGGGGGGATAC,0,2481819
mhpRp2,0.3333333333333333,2,2,CCGCTGACGTTCTGGGCTCA,0,2508161
mhpRp2,0.3333333333333333,2,2,CCGCTCAAACATTCGCGCGG,0,2491049
mhpRp2,0.3333333333333333,2,2,CCGCTAAGTCATGAACAATG,0,2516392
mhpRp2,0.3333333333333333,2,2,CCGCCTTTTCTGGAAATTTC,0,2503844
mhpRp2,0.3333333333333333,2,2,CCGCCCCTTGGCTGGTGAGC,0,2514869
mhpRp2,0.3333333333333333,2,2,CCGATTTACGGGTACTCGAC,0,2501421
mhpRp2,0.3333333333333333,2,2,CCGATTAACGTCATGAGTTT,0,2511156
mhpRp2,0.3333333333333333,2,2,CCGATAGGAACGAGCTACTC,0,2488737
mhpRp2,0.3333333333333333,2,2,CCGATACGAGTCGAACATAA,0,2503650
mhpRp2,0.3333333333333333,2,2,CCGATACAGTTCGGAATCAA,0,2503781
mhpRp2,0.3333333333333333,2,2,CCGAGTTCACACAACAGCGT,0,2524841
mhpRp2,0.3333333333333333,2,2,CCGAGAACTTTAGTGAGCTG,0,2534886
mhpRp2,0.3333333333333333,2,2,CCGACTCCCGCCGCCCTACG,0,2506152
mhpRp2,0.3333333333333333,2,2,CCGACCGTATAAACGCTAAC,0,2544750
mhpRp2,0.3333333333333333,2,2,CCCTGGTACTCGTTGAATAT,0,2480765
mhpRp2,0.3333333333333333,2,2,CCCTGGAAAATCAACAGGAG,0,2537181
mhpRp2,0.3333333333333333,2,2,CCCTCTCACACAGTTTGGAG,0,2542414
mhpRp2,0.3333333333333333,2,2,CCCTCAACAAAGGGCATGGG,0,2540032
mhpRp2,0.3333333333333333,2,2,CCCTAATCAGTCAACGGTGC,0,2484054
mhpRp2,0.3333333333333333,2,2,CCCTAAGCCCAAACATTCGT,0,2501322
mhpRp2,0.3333333333333333,2,2,CCCTAACAATCAGCCAGCCA,0,2520757
mhpRp2,0.3333333333333333,2,2,CCCGTATATACACACAGACT,0,2514985
mhpRp2,0.3333333333333333,2,2,CCCGGGGTAATTCGGGCCGC,0,2533260
mhpRp2,0.3333333333333333,2,2,CCCGGGATTCCGCAGGGTTG,0,2538827
mhpRp2,0.3333333333333333,2,2,CCCGAGCCCATGTCAGGGGA,0,2516198
mhpRp2,0.3333333333333333,2,2,CCCCTGATTATTCGGGACAT,0,2481151
mhpRp2,0.3333333333333333,2,2,CCCCTCTCGCAGGGAGGACT,0,2488051
mhpRp2,0.3333333333333333,2,2,CCCCGGTCAGCGGGCATCGA,0,2534601
mhpRp2,0.3333333333333333,2,2,CCCCCGGGTCACCCAAACTG,0,2505005
mhpRp2,0.3333333333333333,2,2,CCCCCCAGTGCATACGTAAC,0,2517963
mhpRp2,0.3333333333333333,2,2,CCCCAGTACATCTACGAACT,0,2484306
mhpRp2,0.3333333333333333,2,2,CCCCAATCCGCGCGGAACTA,0,2540488
mhpRp2,0.3333333333333333,2,2,CCCCAAACCTGCAGCACTCG,0,2518147
mhpRp2,0.3333333333333333,2,2,CCCATCCGGAAGTGGTTTAT,0,2539013
mhpRp2,0.3333333333333333,2,2,CCCAGCCCTTTAATTTCCCA,0,2481435
mhpRp2,0.3333333333333333,2,2,CCCAGCCCGGAGAGACTAAT,0,2507302
mhpRp2,0.3333333333333333,2,2,CCCAGCAAAGTTCAATATGA,0,2522610
mhpRp2,0.3333333333333333,2,2,CCCACGTATGCACGGAAAAG,0,2487634
mhpRp2,0.3333333333333333,2,2,CCCACGCTCTGACGCGAGGT,0,2514774
mhpRp2,0.3333333333333333,2,2,CCCACCCACTTCACGTCTAC,0,2491725
mhpRp2,0.3333333333333333,2,2,CCCACACTAAGGTGTTGTTT,0,2515094
mhpRp2,0.3333333333333333,2,2,CCCAATTTCGAGATCGCGAC,0,2544602
mhpRp2,0.3333333333333333,2,2,CCCAATTGCCCGGGTGGATG,0,2535896
mhpRp2,0.3333333333333333,2,2,CCCAACCATGTGATTATGGA,0,2483853
mhpRp2,0.3333333333333333,2,2,CCCAAAGTGACGTAGTGTGT,0,2536631
mhpRp2,0.3333333333333333,2,2,CCATTGGTCATGAGGTAAAA,0,2511295
mhpRp2,0.3333333333333333,2,2,CCATTGACGTGTACTGTTGA,0,2529485
mhpRp2,0.3333333333333333,2,2,CCATTAACGAACCTATATAG,0,2499273
mhpRp2,0.3333333333333333,2,2,CCATGGTCCCTGGTCGCAAT,0,2513512
mhpRp2,0.3333333333333333,2,2,CCATCATTAAAAGGGCGGCT,0,2490005
mhpRp2,0.3333333333333333,2,2,CCATCAAGATCCTCCTGGTT,0,2525000
mhpRp2,0.3333333333333333,2,2,CCATCAACCATACCTTCGCA,0,2507524
mhpRp2,0.3333333333333333,2,2,CCATAATGCTACTGTTGGCC,0,2483075
mhpRp2,0.3333333333333333,2,2,CCAGTTGGAGACATGCCCCT,0,2499805
mhpRp2,0.3333333333333333,2,2,CCACTATTCTCGTCAGCACT,0,2497823
mhpRp2,0.3333333333333333,2,2,CCACGTAATAGCAGAGAGTT,0,2495235
mhpRp2,0.3333333333333333,2,2,CCACGGTTTTCCTGGCTCTT,0,2506250
mhpRp2,0.3333333333333333,2,2,CCACGGTCCGCTGTGTAAGT,0,2488238
mhpRp2,0.3333333333333333,2,2,CCACGGTATGAAAGGGACAG,0,2540776
mhpRp2,0.3333333333333333,2,2,CCACGCGGAACAACAGATTA,0,2541124
mhpRp2,0.3333333333333333,2,2,CCACGCCGGAAAAAGTAGGT,0,2532022
mhpRp2,0.3333333333333333,2,2,CCACGCAACTAGGAGCGTGT,0,2531660
mhpRp2,0.3333333333333333,2,2,CCACCCTTGAAGGGCCAGGA,0,2501877
mhpRp2,0.3333333333333333,2,2,CCACCCTCTCACGGGCAGAT,0,2490618
mhpRp2,0.3333333333333333,2,2,CCACCCGAGGGTTGTTGAAT,0,2496926
mhpRp2,0.3333333333333333,2,2,CCACATCGTCTGCACGGGTG,0,2487854
mhpRp2,0.3333333333333333,2,2,CCAATATGAAATGACACGGT,0,2512727
mhpRp2,0.3333333333333333,2,2,CCAATAGCTATATACCGAAG,0,2537083
mhpRp2,0.3333333333333333,2,2,CCAAGTCTAGAGCCCGGCAA,0,2510110
mhpRp2,0.3333333333333333,2,2,CCAAGGAGGCGCGCGGTTAT,0,2530638
mhpRp2,0.3333333333333333,2,2,CCAAGCAGAACGTTTACGGT,0,2528143
mhpRp2,0.3333333333333333,2,2,CCAAGACTCAGGCACTTCCG,0,2527188
mhpRp2,0.3333333333333333,2,2,CCAACGAGTGTTAATGAAGG,0,2532754
mhpRp2,0.3333333333333333,2,2,CCAAAATATGCGCAAGATGG,0,2508264
mhpRp2,0.3333333333333333,2,2,CCAAAACCCCGTTCAAACAG,0,2480059
mhpRp2,0.3333333333333333,2,2,CATTTCCGGGTACACTTCCA,0,2483064
mhpRp2,0.3333333333333333,2,2,CATTTATACGCCGGTTCGAG,0,2519497
mhpRp2,0.3333333333333333,2,2,CATTGGCGAGCCATTCGGAA,0,2484840
mhpRp2,0.3333333333333333,2,2,CATTGCTACTTGCATCGTCA,0,2531920
mhpRp2,0.3333333333333333,2,2,CATTCGTGTCAGTGAAAGTA,0,2503058
mhpRp2,0.3333333333333333,2,2,CATTCCTTCTTTTCAAGTTA,0,2485072
mhpRp2,0.3333333333333333,2,2,CATTCAGTGGTCCGAACGCA,0,2529840
mhpRp2,0.3333333333333333,2,2,CATTACGCATTTACCCGCCA,0,2532069
mhpRp2,0.3333333333333333,2,2,CATTACACCTGGTATCTCCT,0,2481457
mhpRp2,0.3333333333333333,2,2,CATTAATGTTTATTAACCAG,0,2492661
mhpRp2,0.3333333333333333,2,2,CATGTTCCACATCCGTCCAC,0,2502305
mhpRp2,0.3333333333333333,2,2,CATGTTAGCCATCTATTAAT,0,2479695
mhpRp2,0.3333333333333333,2,2,CATGTAATTCAGGCAATTAT,0,2520295
mhpRp2,0.3333333333333333,2,2,CATGGTTAACAGTTTCTCGC,0,2516498
mhpRp2,0.3333333333333333,2,2,CATGGTAACATTTTGATATA,0,2487430
mhpRp2,0.3333333333333333,2,2,CATGCGAGCAAGGGACCGTG,0,2497850
mhpRp2,0.3333333333333333,2,2,CATGCCCGGCCCGAGAGGGG,0,2524241
mhpRp2,0.3333333333333333,2,2,CATGAGTTTGAAGGGTGGCG,0,2511471
mhpRp2,0.3333333333333333,2,2,CATCGGACCAATGTGTTCGA,0,2523411
mhpRp2,0.3333333333333333,2,2,CATCGCTCAGGGGTGTATCG,0,2505980
mhpRp2,0.3333333333333333,2,2,CATCGAGTACATCCGAGACC,0,2496632
mhpRp2,0.3333333333333333,2,2,CATCCGTGATACGCAGGGCT,0,2493132
mhpRp2,0.3333333333333333,2,2,CATCCGATAGGATCGTGATA,0,2540406
mhpRp2,0.3333333333333333,2,2,CATCCGATAGAACCCACCTT,0,2489518
mhpRp2,0.3333333333333333,2,2,CATCATGCCGCCGATCCGTA,0,2522955
mhpRp2,0.3333333333333333,2,2,CATCATAGGGGTACGTATCG,0,2506306
mhpRp2,0.3333333333333333,2,2,CATCAGGATCCGACGGTATG,0,2522987
mhpRp2,0.3333333333333333,2,2,CATCAGAGCCTGGCTTGCTA,0,2503766
mhpRp2,0.3333333333333333,2,2,CATATGAGAGTGGATCATGG,0,2480173
mhpRp2,0.3333333333333333,2,2,CATATGAACGCACCACGTAT,0,2497314
mhpRp2,0.3333333333333333,2,2,CATAGTCTCATACAGCGGCT,0,2518006
mhpRp2,0.3333333333333333,2,2,CATAGGGAGACTGTCAGCTA,0,2545784
mhpRp2,0.3333333333333333,2,2,CATAGAGTAATCTTTTTTGT,0,2501586
mhpRp2,0.3333333333333333,2,2,CATACTCACCTAGCCCGGCC,0,2525427
mhpRp2,0.3333333333333333,2,2,CATACCTTGAACTACACTGG,0,2484329
mhpRp2,0.3333333333333333,2,2,CATACATCCACATAATTTAT,0,2515548
mhpRp2,0.3333333333333333,2,2,CATAACAGTAGCAATATTCA,0,2511681
mhpRp2,0.3333333333333333,2,2,CAGTTTTAAGGACCGCTTTC,0,2527716
mhpRp2,0.3333333333333333,2,2,CAGTTGTGAAGGGTGTGTCA,0,2496164
mhpRp2,0.3333333333333333,2,2,CAGTGAAACGTGTGCCAGAC,0,2530455
mhpRp2,0.3333333333333333,2,2,CAGTCTAGCGTCACTCTCTA,0,2503201
mhpRp2,0.3333333333333333,2,2,CAGTCAACTCGTCGGGTCGC,0,2534846
mhpRp2,0.3333333333333333,2,2,CAGGTCTTGTCTGTAGGGAA,0,2497274
mhpRp2,0.3333333333333333,2,2,CAGGATTTATAGGCGGGTTT,0,2503423
mhpRp2,0.3333333333333333,2,2,CAGGATTGTCGGGTGGACGA,0,2492660
mhpRp2,0.3333333333333333,2,2,CAGGATCCGAGTACCGGCAT,0,2527190
mhpRp2,0.3333333333333333,2,2,CAGGATATTGGACAGTTACT,0,2536699
mhpRp2,0.3333333333333333,2,2,CAGGAGATTAATGATTCCCT,0,2509770
mhpRp2,0.3333333333333333,2,2,CAGGACTAACAGGGGTACAA,0,2513574
mhpRp2,0.3333333333333333,2,2,CAGGACGCCGGGATCGAGAT,0,2522539
mhpRp2,0.3333333333333333,2,2,CAGGAATCCTACATCCTCGC,0,2519987
mhpRp2,0.3333333333333333,2,2,CAGGAACAGGAAGGGTTGAT,0,2534632
mhpRp2,0.3333333333333333,2,2,CAGCTTAACTACCGGCCGTT,0,2489659
mhpRp2,0.3333333333333333,2,2,CAGCTGTATTTGTGCCGCTA,0,2520211
mhpRp2,0.3333333333333333,2,2,CAGCTCTTACTGTTCCGCCT,0,2512835
mhpRp2,0.3333333333333333,2,2,CAGCTAGCAGTATGGGCATT,0,2540479
mhpRp2,0.3333333333333333,2,2,CAGCGAAACCTCTTATCTTT,0,2482306
mhpRp2,0.3333333333333333,2,2,CAGCCTCGCCCCTCATCGGA,0,2493067
mhpRp2,0.3333333333333333,2,2,CAGCCTAGGTACAACGTTAG,0,2518510
mhpRp2,0.3333333333333333,2,2,CAGCATAGTATTTGATAGAC,0,2528677
mhpRp2,0.3333333333333333,2,2,CAGCAGACCCGGTCCGGCGT,0,2536359
mhpRp2,0.3333333333333333,2,2,CAGATTATGTCCCGTGACAA,0,2531425
mhpRp2,0.3333333333333333,2,2,CAGATGTATAATCAATCAGC,0,2501847
mhpRp2,0.3333333333333333,2,2,CAGATGGGGGTCTAAACGTA,0,2532693
mhpRp2,0.3333333333333333,2,2,CAGAACTTACGGTTCTTCAA,0,2501308
mhpRp2,0.3333333333333333,2,2,CAGAACCACTAGCTTCCGAC,0,2502499
mhpRp2,0.3333333333333333,2,2,CAGAAACGGAGGTGATTGTA,0,2491935
mhpRp2,0.3333333333333333,2,2,CAGAAAAGTCGCGGGAACTT,0,2535830
mhpRp2,0.3333333333333333,2,2,CAGAAAAACGTCACATTATG,0,2487994
mhpRp2,0.3333333333333333,2,2,CACTTTCAAAGTTCTCCATT,0,2530780
mhpRp2,0.3333333333333333,2,2,CACTTCTCCCGTTTTGATAC,0,2528843
mhpRp2,0.3333333333333333,2,2,CACTTCGGAAGCCGACCATT,0,2542357
mhpRp2,0.3333333333333333,2,2,CACTGATGTTGCACCGCTAG,0,2494655
mhpRp2,0.3333333333333333,2,2,CACTCTTAAGGTGCTAATCA,0,2518537
mhpRp2,0.3333333333333333,2,2,CACTCCGTGCTGTTTCGTCC,0,2499479
mhpRp2,0.3333333333333333,2,2,CACTCCAAGCTCCCGGCAAG,0,2526080
mhpRp2,0.3333333333333333,2,2,CACTCATGTGTTCGAGCCGC,0,2494089
mhpRp2,0.3333333333333333,2,2,CACTCACCAATATTCGTATT,0,2484006
mhpRp2,0.3333333333333333,2,2,CACTAATTGACCCGTAAACT,0,2492871
mhpRp2,0.3333333333333333,2,2,CACTAACGGGGATGAGACGA,0,2499173
mhpRp2,0.3333333333333333,2,2,CACGTTGGGAGTCTTCGAAG,0,2507146
mhpRp2,0.3333333333333333,2,2,CACGTTACTTTACTGTACAC,0,2514634
mhpRp2,0.3333333333333333,2,2,CACGTCTTAATAAATTTCGG,0,2514075
mhpRp2,0.3333333333333333,2,2,CACGTCAGCCTTTGTTTCCC,0,2507640
mhpRp2,0.3333333333333333,2,2,CACGTATCTCTTTCTCGCCA,0,2519036
mhpRp2,0.3333333333333333,2,2,CACGCTATTGGCAGGAAAGG,0,2508743
mhpRp2,0.3333333333333333,2,2,CACGCAGGTATTGAATCCTG,0,2524747
mhpRp2,0.3333333333333333,2,2,CACGCACGTGTGAAGCGGCA,0,2539471
mhpRp2,0.3333333333333333,2,2,CACGAGCATCCCAATCTCCC,0,2541808
mhpRp2,0.3333333333333333,2,2,CACCGTGCGATGGTTCGTTA,0,2541914
mhpRp2,0.3333333333333333,2,2,CACCGTCAATTACTCAAGAT,0,2490944
mhpRp2,0.3333333333333333,2,2,CACCGGTGGAGTCATCTTGT,0,2529593
mhpRp2,0.3333333333333333,2,2,CACCGCTTGGTCCATAAGGA,0,2536201
mhpRp2,0.3333333333333333,2,2,CACCGCGGACTCTGAGTGCT,0,2542569
mhpRp2,0.3333333333333333,2,2,CACCGCCCTTGCACATCCCA,0,2496772
mhpRp2,0.3333333333333333,2,2,CACCCTAGGCGTCCTATCCT,0,2538352
mhpRp2,0.3333333333333333,2,2,CACCCGACGGGTCCCCGCGC,0,2498980
mhpRp2,0.3333333333333333,2,2,CACCAGGAGGGGAGTCGGGC,0,2513146
mhpRp2,0.3333333333333333,2,2,CACCAAATTTGTCTAGCCAT,0,2484903
mhpRp2,0.3333333333333333,2,2,CACCAAAGCCGTCTCCGTGG,0,2530063
mhpRp2,0.3333333333333333,2,2,CACACACTCGGGGAGGGTAT,0,2539253
mhpRp2,0.3333333333333333,2,2,CACAATAAGACGTTGATGGT,0,2500221
mhpRp2,0.3333333333333333,2,2,CAATTTGTAGTCAAACAAGT,0,2486069
mhpRp2,0.3333333333333333,2,2,CAATTTACTGGAAGGGGTGA,0,2497101
mhpRp2,0.3333333333333333,2,2,CAATGTACGCTTATAAGTAC,0,2508533
mhpRp2,0.3333333333333333,2,2,CAATGACGTGACAAAGGAAC,0,2545177
mhpRp2,0.3333333333333333,2,2,CAATCGTACCTTCCCGAGCT,0,2541924
mhpRp2,0.3333333333333333,2,2,CAATCGAATGCTTTACTGTT,0,2523804
mhpRp2,0.3333333333333333,2,2,CAATCCTGCGGGTTAAGGCC,0,2534227
mhpRp2,0.3333333333333333,2,2,CAATACACGTCTACCATCGG,0,2485656
mhpRp2,0.3333333333333333,2,2,CAATAATGCGAAGATAATAG,0,2522340
mhpRp2,0.3333333333333333,2,2,CAATAAGACGTCATGTTAAC,0,2518212
mhpRp2,0.3333333333333333,2,2,CAAGTTGCAAGTAGCTCTCA,0,2506874
mhpRp2,0.3333333333333333,2,2,CAAGGTTCGGATGGCAGCTG,0,2481612
mhpRp2,0.3333333333333333,2,2,CAAGGAACTCGAGTGCCGTT,0,2516982
mhpRp2,0.3333333333333333,2,2,CAAGCTTGCAATGGCGGTTG,0,2542224
mhpRp2,0.3333333333333333,2,2,CAAGCTAGTCCTATTCTTTG,0,2495459
mhpRp2,0.3333333333333333,2,2,CAAGCAAGCTGGTCTAAGAC,0,2515927
mhpRp2,0.3333333333333333,2,2,CAAGCAAAGGTAAGCAAGAG,0,2519555
mhpRp2,0.3333333333333333,2,2,CAAGATTTAGCGACCCCCCA,0,2485372
mhpRp2,0.3333333333333333,2,2,CAAGATGGTGACACTGCACC,0,2494786
mhpRp2,0.3333333333333333,2,2,CAAGAACGTATGGCTAGCTC,0,2543872
mhpRp2,0.3333333333333333,2,2,CAACCTCTGTGTCTCTAGGA,0,2524264
mhpRp2,0.3333333333333333,2,2,CAACCTCGTGTTTAAGGGAA,0,2542019
mhpRp2,0.3333333333333333,2,2,CAACCCAGCAACTTTATACC,0,2508082
mhpRp2,0.3333333333333333,2,2,CAACACCTCCACCCCTAGCC,0,2502564
mhpRp2,0.3333333333333333,2,2,CAAATGAGGTGTACGCCAAT,0,2498484
mhpRp2,0.3333333333333333,2,2,CAAATATTACCGCCTTGGTC,0,2534077
mhpRp2,0.3333333333333333,2,2,CAAAGTCCTCAAGCAGGGTC,0,2528707
mhpRp2,0.3333333333333333,2,2,CAAAGGTCAGGCGAGCCGGA,0,2479639
mhpRp2,0.3333333333333333,2,2,CAAAGGGACTTTGGTTACTC,0,2498260
mhpRp2,0.3333333333333333,2,2,CAAAGCTGACTAGAGGCGCT,0,2538655
mhpRp2,0.3333333333333333,2,2,CAAAGCGTGAGTGCCAAGCT,0,2517260
mhpRp2,0.3333333333333333,2,2,CAAAGATGCGTGCAACGCCT,0,2486592
mhpRp2,0.3333333333333333,2,2,CAAACACGGCATGGGGATAC,0,2531524
mhpRp2,0.3333333333333333,2,2,CAAAATTGGCGGTCTTCATC,0,2518288
mhpRp2,0.3333333333333333,2,2,CAAAATGACAAACCCATTAT,0,2494239
mhpRp2,0.3333333333333333,2,2,CAAAAGTATGTGCTGCCGGA,0,2532074
mhpRp2,0.3333333333333333,2,2,ATTTTTGCAGCATCCACAGG,0,2534988
mhpRp2,0.3333333333333333,2,2,ATTTTCTAGAACTTAGCCCT,0,2499426
mhpRp2,0.3333333333333333,2,2,ATTTTCGGGTTCTACGCTCT,0,2513803
mhpRp2,0.3333333333333333,2,2,ATTTGGTAATGAACCGAGTT,0,2512758
mhpRp2,0.3333333333333333,2,2,ATTTGGGTAAATAGACTATT,0,2504246
mhpRp2,0.3333333333333333,2,2,ATTTGCGAATGACTTAATGT,0,2503589
mhpRp2,0.3333333333333333,2,2,ATTTGCACTGGTGGGTGCAT,0,2486968
mhpRp2,0.3333333333333333,2,2,ATTTGACCATATTAATGTAT,0,2521812
mhpRp2,0.3333333333333333,2,2,ATTTCTCCAGCTGCTAAACA,0,2503718
mhpRp2,0.3333333333333333,2,2,ATTTCCGCACAACGGTATAT,0,2539019
mhpRp2,0.3333333333333333,2,2,ATTTCACGGAGAGATCCGGA,0,2484818
mhpRp2,0.3333333333333333,2,2,ATTTCAATAAAGCGGTGAAA,0,2486465
mhpRp2,0.3333333333333333,2,2,ATTTACTTGCTAGTGGCCCC,0,2523732
mhpRp2,0.3333333333333333,2,2,ATTTAATATGGTTTGTCGTC,0,2535677
mhpRp2,0.3333333333333333,2,2,ATTGCTATAGTAAAGATGGA,0,2519642
mhpRp2,0.3333333333333333,2,2,ATTGCGGACCGGGGTGCGGA,0,2525816
mhpRp2,0.3333333333333333,2,2,ATTGAGCTGTATCATCACCT,0,2500856
mhpRp2,0.3333333333333333,2,2,ATTGAATAACTGGGCGGGAA,0,2487359
mhpRp2,0.3333333333333333,2,2,ATTCCTTCCCGGAATTTAAT,0,2499990
mhpRp2,0.3333333333333333,2,2,ATTCCTGGCATCTGTGGGAT,0,2519876
mhpRp2,0.3333333333333333,2,2,ATTCCCTTTATTCATTGTTA,0,2527984
mhpRp2,0.3333333333333333,2,2,ATTCCACCTTCAGACGGAAT,0,2497703
mhpRp2,0.3333333333333333,2,2,ATTCAGTTATCACATTAGCT,0,2494422
mhpRp2,0.3333333333333333,2,2,ATTCACGTATCGCTTGGTGA,0,2520839
mhpRp2,0.3333333333333333,2,2,ATTCAATGGCTTCGCGGCTC,0,2544181
mhpRp2,0.3333333333333333,2,2,ATTAGTATTGATCCGTGAGG,0,2529149
mhpRp2,0.3333333333333333,2,2,ATTAGATTGCAGGCACGATT,0,2483562
mhpRp2,0.3333333333333333,2,2,ATTAGATGAAAGATAACACT,0,2517187
mhpRp2,0.3333333333333333,2,2,ATTAGAGGTTTGATACTCCT,0,2530808
mhpRp2,0.3333333333333333,2,2,ATTACCGGTTGTTGCGAGTG,0,2481144
mhpRp2,0.3333333333333333,2,2,ATTACACGGCGCCCACCCTT,0,2506723
mhpRp2,0.3333333333333333,2,2,ATTAATCGAGACCCCCCTTA,0,2524048
mhpRp2,0.3333333333333333,2,2,ATTAAGGAGCGTATGGACCA,0,2497773
mhpRp2,0.3333333333333333,2,2,ATTAAATCATGATCAGCTGA,0,2525284
mhpRp2,0.3333333333333333,2,2,ATTAAACCCCTTTGTCGGCG,0,2514880
mhpRp2,0.3333333333333333,2,2,ATGTTGTGTGGCTCTCGCCC,0,2513019
mhpRp2,0.3333333333333333,2,2,ATGTTAACTGCAACCAGCTT,0,2501106
mhpRp2,0.3333333333333333,2,2,ATGTGCATCCTTTAACCCCA,0,2503204
mhpRp2,0.3333333333333333,2,2,ATGTGCACTTACCGCAGGAC,0,2486612
mhpRp2,0.3333333333333333,2,2,ATGTCAACTGATTGCTCTTC,0,2531669
mhpRp2,0.3333333333333333,2,2,ATGGTTTATGAAGCGCCCTT,0,2490489
mhpRp2,0.3333333333333333,2,2,ATGGTGTGGGGTAATACGTC,0,2539910
mhpRp2,0.3333333333333333,2,2,ATGGTCGCCTCCGGTTCAAG,0,2516754
mhpRp2,0.3333333333333333,2,2,ATGGTAACACAGCGAGTGTT,0,2515846
mhpRp2,0.3333333333333333,2,2,ATGGGGTGTGCGAGACTTGT,0,2545319
mhpRp2,0.3333333333333333,2,2,ATGGGGCGGTTAGATACCAG,0,2542984
mhpRp2,0.3333333333333333,2,2,ATGGGGATTACGTGGGCTCC,0,2516719
mhpRp2,0.3333333333333333,2,2,ATGGCTACGAGACAGTCACA,0,2526207
mhpRp2,0.3333333333333333,2,2,ATGGCCGTACAAGGCATCGA,0,2507450
mhpRp2,0.3333333333333333,2,2,ATGGCCAGTCACTCGGAGCA,0,2515345
mhpRp2,0.3333333333333333,2,2,ATGGACCCTTGGCAACGGAA,0,2507678
mhpRp2,0.3333333333333333,2,2,ATGGAAGCAGGAGATTGGCC,0,2486967
mhpRp2,0.3333333333333333,2,2,ATGCTTCGGTTCTCTCGACA,0,2501788
mhpRp2,0.3333333333333333,2,2,ATGCTTAGAATGATCGGGGG,0,2542045
mhpRp2,0.3333333333333333,2,2,ATGCTACGATATTATGTGCG,0,2491183
mhpRp2,0.3333333333333333,2,2,ATGCGCGACTTTTATGTGAT,0,2502954
mhpRp2,0.3333333333333333,2,2,ATGCGAGGCCTGTCCCTACT,0,2525043
mhpRp2,0.3333333333333333,2,2,ATGCCTGCCCGGCCCCTTTT,0,2483285
mhpRp2,0.3333333333333333,2,2,ATGCCTCTAATGCCGCGCCA,0,2522737
mhpRp2,0.3333333333333333,2,2,ATGCCCTTACTAGAGTTGAT,0,2486844
mhpRp2,0.3333333333333333,2,2,ATGCATGCCTCGAAGGTGTA,0,2538964
mhpRp2,0.3333333333333333,2,2,ATGCAGTGACAGGGTAGAAT,0,2528775
mhpRp2,0.3333333333333333,2,2,ATGCACGCGGAAACCCTGTT,0,2529486
mhpRp2,0.3333333333333333,2,2,ATGCACATACTCGAAGTTGC,0,2527889
mhpRp2,0.3333333333333333,2,2,ATGATGGGGTTGCCGCCGAG,0,2537954
mhpRp2,0.3333333333333333,2,2,ATGATGAGCTTTTGACTTCG,0,2510125
mhpRp2,0.3333333333333333,2,2,ATGATAAGCATACTTGGGTC,0,2500235
mhpRp2,0.3333333333333333,2,2,ATGAGGCCCTTGGCTTTGTA,0,2542184
mhpRp2,0.3333333333333333,2,2,ATGAGCTCCATGCAAATCGT,0,2528223
mhpRp2,0.3333333333333333,2,2,ATGAGCTACATGGACCAAAA,0,2481133
mhpRp2,0.3333333333333333,2,2,ATGAGCGCAGTGGTAACTGG,0,2510673
mhpRp2,0.3333333333333333,2,2,ATGACTGACGTCCTCTTTTA,0,2523256
mhpRp2,0.3333333333333333,2,2,ATGACTAATTCTCAACAGTA,0,2500910
mhpRp2,0.3333333333333333,2,2,ATGACGAAACGAATGCGCAT,0,2492000
mhpRp2,0.3333333333333333,2,2,ATGACCATTTATATGTGGAA,0,2520746
mhpRp2,0.3333333333333333,2,2,ATCTTTTCAATCGAGGCAAC,0,2509403
mhpRp2,0.3333333333333333,2,2,ATCTTTGCTTAACAGAAGAC,0,2492409
mhpRp2,0.3333333333333333,2,2,ATCTTTATTGTACGTAGTTT,0,2545186
mhpRp2,0.3333333333333333,2,2,ATCTGGGGGGAGGATGCTGC,0,2536478
mhpRp2,0.3333333333333333,2,2,ATCTCTGTATGAACATCAAA,0,2512428
mhpRp2,0.3333333333333333,2,2,ATCTCTAGCCCGGAATATCC,0,2537973
mhpRp2,0.3333333333333333,2,2,ATCTCGTGAACACTTTCGGA,0,2504162
mhpRp2,0.3333333333333333,2,2,ATCTCGCTTCTCGGACACGA,0,2496020
mhpRp2,0.3333333333333333,2,2,ATCTACGCCCACCGGAGGAT,0,2544999
mhpRp2,0.3333333333333333,2,2,ATCGTTGTTGCTATCAAAAT,0,2491901
mhpRp2,0.3333333333333333,2,2,ATCGTATGGTGTCTGCCTTT,0,2488268
mhpRp2,0.3333333333333333,2,2,ATCGGCATGTTCGCAAAGGC,0,2480469
mhpRp2,0.3333333333333333,2,2,ATCGGATGGAGTACGGTGCT,0,2523645
mhpRp2,0.3333333333333333,2,2,ATCGCTCTACGTGCCGTATA,0,2531717
mhpRp2,0.3333333333333333,2,2,ATCGATTCGACTAATGGTAA,0,2508471
mhpRp2,0.3333333333333333,2,2,ATCCTTCATCGTTTGGGGCG,0,2522517
mhpRp2,0.3333333333333333,2,2,ATCCTAGTAGGTTTTATTAA,0,2496924
mhpRp2,0.3333333333333333,2,2,ATCCTAAGCACTTCGTTCGA,0,2489397
mhpRp2,0.3333333333333333,2,2,ATCCGTCTCATTCGCCTAGT,0,2487004
mhpRp2,0.3333333333333333,2,2,ATCCGGGGCCTTCAGGAATT,0,2507423
mhpRp2,0.3333333333333333,2,2,ATCCGGCATTTGGTGCAACT,0,2539086
mhpRp2,0.3333333333333333,2,2,ATCCCTGGAAAATGGTAATG,0,2532163
mhpRp2,0.3333333333333333,2,2,ATCCCACTGCGTCTCTTCGC,0,2510140
mhpRp2,0.3333333333333333,2,2,ATCCACTCCCTCTCTAAGTG,0,2500418
mhpRp2,0.3333333333333333,2,2,ATCCAAGAATTGTGAAAATC,0,2517515
mhpRp2,0.3333333333333333,2,2,ATCATTATGGTCATAGTTCT,0,2539712
mhpRp2,0.3333333333333333,2,2,ATCATCGATTCAGTATCCTC,0,2519241
mhpRp2,0.3333333333333333,2,2,ATCATATCGCTAGATGAGAG,0,2519835
mhpRp2,0.3333333333333333,2,2,ATCATAGAAAATTCAGAACA,0,2532052
mhpRp2,0.3333333333333333,2,2,ATCAGTATTGGATTCCTGCA,0,2513160
mhpRp2,0.3333333333333333,2,2,ATCAGGCGAGCATTTAGTTG,0,2485242
mhpRp2,0.3333333333333333,2,2,ATCAGCGCACCTAACCGTGG,0,2530250
mhpRp2,0.3333333333333333,2,2,ATCACACAGTGGCATGTAAG,0,2494753
mhpRp2,0.3333333333333333,2,2,ATCAATTAACGTGAGACACA,0,2515576
mhpRp2,0.3333333333333333,2,2,ATATTGAATTACAAATATTG,0,2503066
mhpRp2,0.3333333333333333,2,2,ATATTATGGACGGGTTTCCA,0,2536874
mhpRp2,0.3333333333333333,2,2,ATATTACGTGGGCTGCCAGC,0,2502950
mhpRp2,0.3333333333333333,2,2,ATATTAACGCTCTTCCCCGT,0,2520405
mhpRp2,0.3333333333333333,2,2,ATATGTGGCTCAGGGAGGAA,0,2510362
mhpRp2,0.3333333333333333,2,2,ATATGTATAATCTAACATAC,0,2510372
mhpRp2,0.3333333333333333,2,2,ATATGGTACCTGTTTGTCAT,0,2537677
mhpRp2,0.3333333333333333,2,2,ATATCCTAAGTACACGGGGC,0,2518225
mhpRp2,0.3333333333333333,2,2,ATATCAGGGGGTATTTGCAT,0,2524798
mhpRp2,0.3333333333333333,2,2,ATATCACTTTTCTCATGGCT,0,2533865
mhpRp2,0.3333333333333333,2,2,ATATATGTACTCATCGAAAA,0,2509611
mhpRp2,0.3333333333333333,2,2,ATATAGTCTAATCATTAGTC,0,2493153
mhpRp2,0.3333333333333333,2,2,ATATACTGAATGTCACTTAC,0,2513165
mhpRp2,0.3333333333333333,2,2,ATATACCAAGGTCCCCGTGA,0,2483956
mhpRp2,0.3333333333333333,2,2,ATATAAGGTAATGGGTTGCA,0,2534325
mhpRp2,0.3333333333333333,2,2,ATAGGTGAGTCCGAACAGTA,0,2516172
mhpRp2,0.3333333333333333,2,2,ATAGCTTGAGGTGAAGCGGT,0,2514561
mhpRp2,0.3333333333333333,2,2,ATAGCGAGATGGAAGAAGAC,0,2512983
mhpRp2,0.3333333333333333,2,2,ATAGCCTATACTTAGTGCCG,0,2533117
mhpRp2,0.3333333333333333,2,2,ATAGATTGGAGACCCTAGGT,0,2502338
mhpRp2,0.3333333333333333,2,2,ATAGATGAGGACTAAACTGT,0,2534063
mhpRp2,0.3333333333333333,2,2,ATAGAACTGCCCTCTTACTG,0,2490029
mhpRp2,0.3333333333333333,2,2,ATACTATGCGGCCCTTACAC,0,2543327
mhpRp2,0.3333333333333333,2,2,ATACTAGGCCGAGGAATACG,0,2509600
mhpRp2,0.3333333333333333,2,2,ATACTAAAGCCCCCCGTTTT,0,2535106
mhpRp2,0.3333333333333333,2,2,ATACGTTCTTGAGGTTCTCA,0,2494800
mhpRp2,0.3333333333333333,2,2,ATACGGGGATGGGCGGTATA,0,2504987
mhpRp2,0.3333333333333333,2,2,ATACCGAGGTATAGAATGTA,0,2507731
mhpRp2,0.3333333333333333,2,2,ATACATATAGTTAGGATATC,0,2482768
mhpRp2,0.3333333333333333,2,2,ATACAGGATCGAAACTATTG,0,2480146
mhpRp2,0.3333333333333333,2,2,ATACAGAGAGCGCTATGATG,0,2501898
mhpRp2,0.3333333333333333,2,2,ATAATGTCCCCGCTTTAGAA,0,2507006
mhpRp2,0.3333333333333333,2,2,ATAATGCGGAACCGAGAGGT,0,2506428
mhpRp2,0.3333333333333333,2,2,ATAATATCTCTTTCAAATGT,0,2534442
mhpRp2,0.3333333333333333,2,2,ATAAGCAAGCGTACGTAATG,0,2522573
mhpRp2,0.3333333333333333,2,2,ATAACGCGTCCACCGTCAAG,0,2528503
mhpRp2,0.3333333333333333,2,2,ATAACGAACGCGAAATATCT,0,2502604
mhpRp2,0.3333333333333333,2,2,ATAAATTAACCGTATGGATC,0,2525648
mhpRp2,0.3333333333333333,2,2,ATAAACCAGCACGCCTATAA,0,2484647
mhpRp2,0.3333333333333333,2,2,AGTTTGAGACGAGCGGCACC,0,2487928
mhpRp2,0.3333333333333333,2,2,AGTTTGAACCGTCGTGTCCC,0,2534237
mhpRp2,0.3333333333333333,2,2,AGTTTCAAAGGACCGACAAA,0,2510265
mhpRp2,0.3333333333333333,2,2,AGTTTCAAACGGCGAATTTA,0,2513688
mhpRp2,0.3333333333333333,2,2,AGTTTAGCCGGTTTGCCAAC,0,2543871
mhpRp2,0.3333333333333333,2,2,AGTTTAGCCCTGTTGGAAGT,0,2509450
mhpRp2,0.3333333333333333,2,2,AGTTCTAGGAGGATGGAACC,0,2496226
mhpRp2,0.3333333333333333,2,2,AGTTCAGTTTGTCATGCAGC,0,2505872
mhpRp2,0.3333333333333333,2,2,AGTGTTTCGTCCCTATGACG,0,2483047
mhpRp2,0.3333333333333333,2,2,AGTGTTCTCTTGAACTTGGA,0,2544064
mhpRp2,0.3333333333333333,2,2,AGTGTCTATTAGAGGGTTTC,0,2528773
mhpRp2,0.3333333333333333,2,2,AGTGGGCGGCATCCCGCCGT,0,2514258
mhpRp2,0.3333333333333333,2,2,AGTGCGTCAATTAGAGGCTC,0,2497736
mhpRp2,0.3333333333333333,2,2,AGTGCGGTGACATTAGAAAA,0,2500921
mhpRp2,0.3333333333333333,2,2,AGTGACGGCGCAGATGAAAT,0,2533901
mhpRp2,0.3333333333333333,2,2,AGTCGTCTGGCACAGACAAC,0,2487839
mhpRp2,0.3333333333333333,2,2,AGTCCTTAATTAGGAGCCGG,0,2487731
mhpRp2,0.3333333333333333,2,2,AGTCCCACACCGCTTAAGCT,0,2505412
mhpRp2,0.3333333333333333,2,2,AGTCCATCATCGAACGGGAC,0,2512920
mhpRp2,0.3333333333333333,2,2,AGTCATCCTTACGCGCTCGC,0,2528231
mhpRp2,0.3333333333333333,2,2,AGTCAAGTTGCCGCAAGCGA,0,2490780
mhpRp2,0.3333333333333333,2,2,AGTATGGTTCAGGTATCATC,0,2485894
mhpRp2,0.3333333333333333,2,2,AGTATAGCAGATTGGGCTGT,0,2501629
mhpRp2,0.3333333333333333,2,2,AGTAGTCTACAACGACGTGT,0,2522571
mhpRp2,0.3333333333333333,2,2,AGTAGATGTACGAACATAGG,0,2512261
mhpRp2,0.3333333333333333,2,2,AGTACCCTCGTTGGAGGCAT,0,2500267
mhpRp2,0.3333333333333333,2,2,AGTAAACGTAACTCTTTAAG,0,2515062
mhpRp2,0.3333333333333333,2,2,AGGTTTTGATTTGAACACAA,0,2535591
mhpRp2,0.3333333333333333,2,2,AGGTTCTGCTTCGCTAGAGA,0,2527637
mhpRp2,0.3333333333333333,2,2,AGGTTATTCCAACAGGCCGT,0,2484419
mhpRp2,0.3333333333333333,2,2,AGGTGTAGTTGTACATGAGC,0,2488725
mhpRp2,0.3333333333333333,2,2,AGGTGTACACGCATGCGTTG,0,2506718
mhpRp2,0.3333333333333333,2,2,AGGTGGGTAAGTTGGTCTAG,0,2525909
mhpRp2,0.3333333333333333,2,2,AGGTATTGTGGCATCAGCAT,0,2526111
mhpRp2,0.3333333333333333,2,2,AGGTATGTTTGCACCTGCTG,0,2542428
mhpRp2,0.3333333333333333,2,2,AGGTACTAAAGAAGCTATTC,0,2498693
mhpRp2,0.3333333333333333,2,2,AGGTACCACCTCACGCGGGG,0,2499512
mhpRp2,0.3333333333333333,2,2,AGGTAAGAGTGGCAGCAGTA,0,2507487
mhpRp2,0.3333333333333333,2,2,AGGGTGCGCTACGATGTTTG,0,2499940
mhpRp2,0.3333333333333333,2,2,AGGGTCCGTTAAACTGTTAG,0,2529269
mhpRp2,0.3333333333333333,2,2,AGGGGCCAAAGATAACTAAA,0,2519126
mhpRp2,0.3333333333333333,2,2,AGGGGAACCTTATACAGACT,0,2530239
mhpRp2,0.3333333333333333,2,2,AGGGCAGTTCTGCTCCACGG,0,2488401
mhpRp2,0.3333333333333333,2,2,AGGGAAAAGAATCCCCCTCC,0,2485364
mhpRp2,0.3333333333333333,2,2,AGGCTGGGGCGCGTGATTGG,0,2492247
mhpRp2,0.3333333333333333,2,2,AGGCTCGAGACCATCAAGGT,0,2492126
mhpRp2,0.3333333333333333,2,2,AGGCTCATCGTACTCCCGCC,0,2536744
mhpRp2,0.3333333333333333,2,2,AGGCTAGTTACGTTAATTAC,0,2521595
mhpRp2,0.3333333333333333,2,2,AGGCGTATTGTTATTAGACC,0,2501923
mhpRp2,0.3333333333333333,2,2,AGGCGGTGCGTAGTGATGAA,0,2541967
mhpRp2,0.3333333333333333,2,2,AGGCGGACATACGCGTTCCC,0,2495822
mhpRp2,0.3333333333333333,2,2,AGGCCTTTACGCAGCCGTAC,0,2538677
mhpRp2,0.3333333333333333,2,2,AGGCCTGTTTCGTCAGCTAA,0,2539133
mhpRp2,0.3333333333333333,2,2,AGGCCCCACGTGACACGGTT,0,2488264
mhpRp2,0.3333333333333333,2,2,AGGCAAGCTTTTTGGAAGGA,0,2539066
mhpRp2,0.3333333333333333,2,2,AGGCAAAATCAAATGTGTTA,0,2542539
mhpRp2,0.3333333333333333,2,2,AGGATCGATCAATGGGAGGT,0,2510646
mhpRp2,0.3333333333333333,2,2,AGGAGTTCGTATCCCGCTCC,0,2523499
mhpRp2,0.3333333333333333,2,2,AGGAGTGGGTCCCTTGGTGG,0,2494687
mhpRp2,0.3333333333333333,2,2,AGGAGGTAAATCAAGTAGTA,0,2479899
mhpRp2,0.3333333333333333,2,2,AGGAGCGTGCCAGCCTAGAG,0,2486255
mhpRp2,0.3333333333333333,2,2,AGGAGCGTGCAGTTCACGTC,0,2522949
mhpRp2,0.3333333333333333,2,2,AGGAGATAATATTGAGCGGT,0,2525240
mhpRp2,0.3333333333333333,2,2,AGGAGAGCCAGCGTTCGAGC,0,2485704
mhpRp2,0.3333333333333333,2,2,AGGACCGGCTGCGACAGGGA,0,2496224
mhpRp2,0.3333333333333333,2,2,AGGACAGTCGCCAGTATTTG,0,2528990
mhpRp2,0.3333333333333333,2,2,AGGAAGGACGCTAATGAACA,0,2519839
mhpRp2,0.3333333333333333,2,2,AGCTTCGGCTTATCTGGGAT,0,2507766
mhpRp2,0.3333333333333333,2,2,AGCTTACACCGTAGTGGTGA,0,2482126
mhpRp2,0.3333333333333333,2,2,AGCTGGGGTGCTCAGGGCGC,0,2531334
mhpRp2,0.3333333333333333,2,2,AGCTCCAGGGGGCCTTCTAT,0,2509695
mhpRp2,0.3333333333333333,2,2,AGCTAGTTCAAGGTCAAGGG,0,2535468
mhpRp2,0.3333333333333333,2,2,AGCTAGTGGGAATTGTTTGG,0,2483309
mhpRp2,0.3333333333333333,2,2,AGCGTCGTTAATTGTTCTGG,0,2501962
mhpRp2,0.3333333333333333,2,2,AGCGTATGATACAATCGTGG,0,2505835
mhpRp2,0.3333333333333333,2,2,AGCGTAAAGCGGGCACGATG,0,2505321
mhpRp2,0.3333333333333333,2,2,AGCGGTGGATGATCCTCCAT,0,2498744
mhpRp2,0.3333333333333333,2,2,AGCGGCTTTGATGAAATTGT,0,2515448
mhpRp2,0.3333333333333333,2,2,AGCGGCGCCATTGAAGTTTA,0,2486355
mhpRp2,0.3333333333333333,2,2,AGCGCTTGTCATAAGGAAAG,0,2532879
mhpRp2,0.3333333333333333,2,2,AGCGCTCCAGTTAGCTATGA,0,2532131
mhpRp2,0.3333333333333333,2,2,AGCGCGTTTAAGTAGAATGA,0,2499903
mhpRp2,0.3333333333333333,2,2,AGCGCCGACTGATGAGTAGC,0,2520538
mhpRp2,0.3333333333333333,2,2,AGCGCCATTCGTAACGGGCG,0,2506980
mhpRp2,0.3333333333333333,2,2,AGCGATCCGAGTAGATCCCA,0,2506677
mhpRp2,0.3333333333333333,2,2,AGCGACGGGTCAGTCTGCCT,0,2499433
mhpRp2,0.3333333333333333,2,2,AGCGAAGGCGGACTGAAACT,0,2496801
mhpRp2,0.3333333333333333,2,2,AGCCTTTACCCCGCCTTTGG,0,2543411
mhpRp2,0.3333333333333333,2,2,AGCCTGGTGGCTCTGCCCCC,0,2540244
mhpRp2,0.3333333333333333,2,2,AGCCTGACAACAAGATTAGC,0,2508922
mhpRp2,0.3333333333333333,2,2,AGCCGTTCGCCAATTCAAAT,0,2537772
mhpRp2,0.3333333333333333,2,2,AGCCGTTACTTGTCAGAGAA,0,2524806
mhpRp2,0.3333333333333333,2,2,AGCCGTGGGAACACACGACA,0,2533187
mhpRp2,0.3333333333333333,2,2,AGCCACTTTGAGTCAGGTAT,0,2496838
mhpRp2,0.3333333333333333,2,2,AGCATCTTATGCCATTGCTT,0,2541103
mhpRp2,0.3333333333333333,2,2,AGCATAAGCTATAGGTGTGA,0,2534408
mhpRp2,0.3333333333333333,2,2,AGCAGACCAAAACTTATATC,0,2521429
mhpRp2,0.3333333333333333,2,2,AGCACTCAAAAACCTTGAGA,0,2516989
mhpRp2,0.3333333333333333,2,2,AGCACCGCAAAAAAGCATCA,0,2496467
mhpRp2,0.3333333333333333,2,2,AGCACATGTACGGCGAGATT,0,2545067
mhpRp2,0.3333333333333333,2,2,AGCAAGTCGCAATATGAGTG,0,2485815
mhpRp2,0.3333333333333333,2,2,AGCAACTAGACGCTGAACGA,0,2520221
mhpRp2,0.3333333333333333,2,2,AGCAACACCACGCCGTATGT,0,2537940
mhpRp2,0.3333333333333333,2,2,AGCAAATCCGTACAGGGATT,0,2528327
mhpRp2,0.3333333333333333,2,2,AGCAAAGTATTTAGGTCGAA,0,2481009
mhpRp2,0.3333333333333333,2,2,AGATTCTTCGGTCCGGTTAA,0,2505426
mhpRp2,0.3333333333333333,2,2,AGATTCGAAGTCGAATCAGC,0,2528488
mhpRp2,0.3333333333333333,2,2,AGATGTCCTCCATCAACGGA,0,2515147
mhpRp2,0.3333333333333333,2,2,AGATCGTGTGGAGTCACAGC,0,2493097
mhpRp2,0.3333333333333333,2,2,AGATCCGGCTGTCCCCTGGG,0,2509883
mhpRp2,0.3333333333333333,2,2,AGATAGACATCGGACACGCC,0,2525836
mhpRp2,0.3333333333333333,2,2,AGAGTATTGTGGTGTAGAGC,0,2507570
mhpRp2,0.3333333333333333,2,2,AGAGTAGTTCATCAGTGGTA,0,2489509
mhpRp2,0.3333333333333333,2,2,AGAGGTTCATCAAGAACAAC,0,2513064
mhpRp2,0.3333333333333333,2,2,AGAGGTGAAGGACGGTGCTC,0,2493296
mhpRp2,0.3333333333333333,2,2,AGAGGCGGGTATTTATTAGG,0,2489031
mhpRp2,0.3333333333333333,2,2,AGAGGCGGCTCGGCCAGACT,0,2481418
mhpRp2,0.3333333333333333,2,2,AGAGGCCGTATTTCACTACA,0,2541257
mhpRp2,0.3333333333333333,2,2,AGAGGATTGTATACAATGTG,0,2513341
mhpRp2,0.3333333333333333,2,2,AGAGCGTAGTTATGCGAGAC,0,2515225
mhpRp2,0.3333333333333333,2,2,AGAGATGGTTTGCCTACGCC,0,2510836
mhpRp2,0.3333333333333333,2,2,AGAGATCCAATCCAACGGTG,0,2485220
mhpRp2,0.3333333333333333,2,2,AGAGAGGGGTCAGCGTGAAT,0,2544716
mhpRp2,0.3333333333333333,2,2,AGACTTGGTCTCGGCATTTG,0,2499544
mhpRp2,0.3333333333333333,2,2,AGACTTGGCTAATGCAGATG,0,2487319
mhpRp2,0.3333333333333333,2,2,AGACTTCCTACACTGGCATG,0,2541529
mhpRp2,0.3333333333333333,2,2,AGACGGCGGGCAAGCCCTCT,0,2513308
mhpRp2,0.3333333333333333,2,2,AGACGCTCTGTTGGCCACAT,0,2500649
mhpRp2,0.3333333333333333,2,2,AGACGACCCTTAGCCGTCCC,0,2487713
mhpRp2,0.3333333333333333,2,2,AGACCTCATTGGTCCCATTA,0,2508462
mhpRp2,0.3333333333333333,2,2,AGACCGGACTGTACAGGTGC,0,2497670
mhpRp2,0.3333333333333333,2,2,AGAATTGATTTTGTGGATTA,0,2506392
mhpRp2,0.3333333333333333,2,2,AGAATGTCCGGTTTCACAAA,0,2538723
mhpRp2,0.3333333333333333,2,2,AGAATCGGATTGCTCAGGCG,0,2482323
mhpRp2,0.3333333333333333,2,2,AGAAGTCACGGACTTCGGAG,0,2512318
mhpRp2,0.3333333333333333,2,2,AGAAGGGGGGTTCCGGCGAC,0,2525494
mhpRp2,0.3333333333333333,2,2,AGAAGGACACCGTACCGGTT,0,2486183
mhpRp2,0.3333333333333333,2,2,AGAACTCATCACATCCCCTG,0,2535326
mhpRp2,0.3333333333333333,2,2,AGAACGTAATTCGCAATTCT,0,2497754
mhpRp2,0.3333333333333333,2,2,AGAACACATGGGGCTAAGGA,0,2488147
mhpRp2,0.3333333333333333,2,2,AGAACACAACACCTCCGTCT,0,2482166
mhpRp2,0.3333333333333333,2,2,AGAAATATCGAATGGAGGCT,0,2536132
mhpRp2,0.3333333333333333,2,2,AGAAAGCGTTCTAGATAAGG,0,2482111
mhpRp2,0.3333333333333333,2,2,AGAAAACATGATCTGATGGT,0,2539381
mhpRp2,0.3333333333333333,2,2,ACTTTGTGCGGATCCTAATT,0,2542690
mhpRp2,0.3333333333333333,2,2,ACTTTCTTGTCAATGGTGAT,0,2528495
mhpRp2,0.3333333333333333,2,2,ACTTTCTTATGCAGAGACCT,0,2521043
mhpRp2,0.3333333333333333,2,2,ACTTTACATTTGGCTCATGT,0,2490301
mhpRp2,0.3333333333333333,2,2,ACTTGGTAGAGGTCCGATTA,0,2539218
mhpRp2,0.3333333333333333,2,2,ACTTGGGTTACATCCGGAGT,0,2497218
mhpRp2,0.3333333333333333,2,2,ACTTCTCGCTTTCTCTACTT,0,2494633
mhpRp2,0.3333333333333333,2,2,ACTTCATCACACGCAGGGTC,0,2534544
mhpRp2,0.3333333333333333,2,2,ACTTCAGGGCCTTACTGCAG,0,2525497
mhpRp2,0.3333333333333333,2,2,ACTTCAATAGGCGATTGTTA,0,2539165
mhpRp2,0.3333333333333333,2,2,ACTTCAAGATTCGATCCAGT,0,2522102
mhpRp2,0.3333333333333333,2,2,ACTTCAACAAATGATATGAC,0,2504107
mhpRp2,0.3333333333333333,2,2,ACTTACGTCTAGCCGCACGA,0,2487209
mhpRp2,0.3333333333333333,2,2,ACTTACCGTGTAGGTTTTGA,0,2542340
mhpRp2,0.3333333333333333,2,2,ACTGTGACGGCAATCCTGAT,0,2518317
mhpRp2,0.3333333333333333,2,2,ACTGTCTTTCCTGACACGAT,0,2492274
mhpRp2,0.3333333333333333,2,2,ACTGGTTGTCTTGGCTCGAC,0,2530179
mhpRp2,0.3333333333333333,2,2,ACTGATCAGAGCCTAGTAGG,0,2480681
mhpRp2,0.3333333333333333,2,2,ACTCTTAACTCGAGCACGCG,0,2521470
mhpRp2,0.3333333333333333,2,2,ACTCTGATATAGAACTTAGG,0,2520192
mhpRp2,0.3333333333333333,2,2,ACTCGTTCTAGCATTGTACA,0,2498999
mhpRp2,0.3333333333333333,2,2,ACTCGAATAGGTTGCTAAAG,0,2495524
mhpRp2,0.3333333333333333,2,2,ACTCCGGTGCGAATCATTTA,0,2536119
mhpRp2,0.3333333333333333,2,2,ACTCCCGACCCACCGCTGTT,0,2525370
mhpRp2,0.3333333333333333,2,2,ACTCATTTGGCGTAGCGTAT,0,2488998
mhpRp2,0.3333333333333333,2,2,ACTCACGCCTTCTCTGGTCT,0,2536231
mhpRp2,0.3333333333333333,2,2,ACTAGATGGTCTTGGGTTGT,0,2507014
mhpRp2,0.3333333333333333,2,2,ACTACGTTTTCCACGGCTAC,0,2508033
mhpRp2,0.3333333333333333,2,2,ACTAATACTCCGGCGGCAGA,0,2488608
mhpRp2,0.3333333333333333,2,2,ACTAACATCAATACCGAGAT,0,2506791
mhpRp2,0.3333333333333333,2,2,ACGTTAGAAATCCCTATGTT,0,2543370
mhpRp2,0.3333333333333333,2,2,ACGTTAACTGCAACGTAATT,0,2522631
mhpRp2,0.3333333333333333,2,2,ACGTGTTACGGTGGGACGCA,0,2527884
mhpRp2,0.3333333333333333,2,2,ACGTCGTTTGGGCGTGCGAC,0,2510995
mhpRp2,0.3333333333333333,2,2,ACGTCCGGACACCGGCCGAG,0,2542420
mhpRp2,0.3333333333333333,2,2,ACGTACTTCAGGCAAAATTG,0,2506055
mhpRp2,0.3333333333333333,2,2,ACGGTGCATCCCTCCTTGTG,0,2486888
mhpRp2,0.3333333333333333,2,2,ACGGGTGACGTTGGTTGTAC,0,2538883
mhpRp2,0.3333333333333333,2,2,ACGGGGGGAATTGCCTGAGT,0,2514353
mhpRp2,0.3333333333333333,2,2,ACGGGGGCGCAGTGTTAGCA,0,2500008
mhpRp2,0.3333333333333333,2,2,ACGGAGGTTGGTCAGTGAGC,0,2482472
mhpRp2,0.3333333333333333,2,2,ACGCTTGGCACGGGTATCCC,0,2511344
mhpRp2,0.3333333333333333,2,2,ACGCTGCGGAGGAGCTCTTA,0,2529594
mhpRp2,0.3333333333333333,2,2,ACGCTCTGTTGGCCAAGGGT,0,2533002
mhpRp2,0.3333333333333333,2,2,ACGCTCAGCAATGCCAGCCC,0,2519174
mhpRp2,0.3333333333333333,2,2,ACGCTAACGGGTTGCCCTCT,0,2495463
mhpRp2,0.3333333333333333,2,2,ACGCGTCTAAGTTTAGAGGT,0,2513449
mhpRp2,0.3333333333333333,2,2,ACGCGCTCAGGGATGACTTT,0,2515726
mhpRp2,0.3333333333333333,2,2,ACGCGCAACTATACGGACAC,0,2494151
mhpRp2,0.3333333333333333,2,2,ACGCCGGAAAGGCAAGATGG,0,2489556
mhpRp2,0.3333333333333333,2,2,ACGCCCTGTTATACGTATTC,0,2501247
mhpRp2,0.3333333333333333,2,2,ACGCCCTGCACGCTCTGTCT,0,2525100
mhpRp2,0.3333333333333333,2,2,ACGCATATGTGTGCACTCAT,0,2537183
mhpRp2,0.3333333333333333,2,2,ACGCACTGGGTCTAACTAGC,0,2513450
mhpRp2,0.3333333333333333,2,2,ACGCACCGATCTAAGAACGA,0,2524065
mhpRp2,0.3333333333333333,2,2,ACGATTTCTGTCGGTGTGAT,0,2491074
mhpRp2,0.3333333333333333,2,2,ACGATTATAGAACCGTGAGC,0,2485152
mhpRp2,0.3333333333333333,2,2,ACGATGGAGGGCTTACAACG,0,2496380
mhpRp2,0.3333333333333333,2,2,ACGATCAGGGGGCCTTATAT,0,2518014
mhpRp2,0.3333333333333333,2,2,ACGAGTGAACTTTGCGAGGA,0,2495943
mhpRp2,0.3333333333333333,2,2,ACGAGGGTACGAGCAGTCAT,0,2491457
mhpRp2,0.3333333333333333,2,2,ACGACTCGGCGGTATGTCGC,0,2543363
mhpRp2,0.3333333333333333,2,2,ACGACTACCCTGTGCATACC,0,2524330
mhpRp2,0.3333333333333333,2,2,ACGAATCGTGTTAACAAAAC,0,2502051
mhpRp2,0.3333333333333333,2,2,ACGAAGTGACGGGGACTAAC,0,2538126
mhpRp2,0.3333333333333333,2,2,ACCTTGTGGGGCGGCGGATG,0,2495403
mhpRp2,0.3333333333333333,2,2,ACCTTGGCGTTCCCTGCCAT,0,2521542
mhpRp2,0.3333333333333333,2,2,ACCTTGCTTATTTGGCAACG,0,2525219
mhpRp2,0.3333333333333333,2,2,ACCTCGTCCCTATGCAGCGC,0,2490085
mhpRp2,0.3333333333333333,2,2,ACCTACTTCTACGTAGCATA,0,2498245
mhpRp2,0.3333333333333333,2,2,ACCTACGGGAAGATCCACAG,0,2523568
mhpRp2,0.3333333333333333,2,2,ACCTACCAGTGAGAGTACAA,0,2491822
mhpRp2,0.3333333333333333,2,2,ACCTAAGACAACATGATGGC,0,2496365
mhpRp2,0.3333333333333333,2,2,ACCGTTATCAAACATGGCCC,0,2531609
mhpRp2,0.3333333333333333,2,2,ACCGGTTCTCCATACGACAT,0,2531214
mhpRp2,0.3333333333333333,2,2,ACCGGGGAGCTGGTCCTGCA,0,2515829
mhpRp2,0.3333333333333333,2,2,ACCGGCTCCGGGTAACCCGA,0,2500253
mhpRp2,0.3333333333333333,2,2,ACCGCTGTTTACCGTGCAGA,0,2535643
mhpRp2,0.3333333333333333,2,2,ACCGCGGCAATACGGCAAAA,0,2484931
mhpRp2,0.3333333333333333,2,2,ACCGCGCAACTGACTGCGTA,0,2543209
mhpRp2,0.3333333333333333,2,2,ACCGATTGTGGGCTGACGTT,0,2535709
mhpRp2,0.3333333333333333,2,2,ACCGACGCGTGTTTGATTTC,0,2524608
mhpRp2,0.3333333333333333,2,2,ACCGAAAACCCACAGTATGA,0,2509049
mhpRp2,0.3333333333333333,2,2,ACCCTGAGAACGTATGTCTT,0,2510845
mhpRp2,0.3333333333333333,2,2,ACCCGGCGGACCAGTTACCT,0,2532073
mhpRp2,0.3333333333333333,2,2,ACCCGACCACCGTGGGACGC,0,2542235
mhpRp2,0.3333333333333333,2,2,ACCCAGGGGTGTGTATCTCA,0,2489664
mhpRp2,0.3333333333333333,2,2,ACCCAGAAATTTAATCAAGC,0,2526176
mhpRp2,0.3333333333333333,2,2,ACCATTGAAAGCCGGGAGAT,0,2480149
mhpRp2,0.3333333333333333,2,2,ACCATTCAGTACTGTGTCAC,0,2527828
mhpRp2,0.3333333333333333,2,2,ACCATATTCGGGTCTACCTA,0,2484431
mhpRp2,0.3333333333333333,2,2,ACCAGTCGAATGGCCATTTT,0,2484386
mhpRp2,0.3333333333333333,2,2,ACCAGGCACTATTATTTGGA,0,2482237
mhpRp2,0.3333333333333333,2,2,ACCACTAATTTCTCGTCTTT,0,2521195
mhpRp2,0.3333333333333333,2,2,ACCAATCATATGAGGAAGGA,0,2521822
mhpRp2,0.3333333333333333,2,2,ACCAAGACGTACTACGAGTG,0,2480305
mhpRp2,0.3333333333333333,2,2,ACATTTCATTATGAATGACG,0,2524783
mhpRp2,0.3333333333333333,2,2,ACATTTAAAAGCCGAACGTG,0,2519683
mhpRp2,0.3333333333333333,2,2,ACATTGTATAGTCGATCGAA,0,2516437
mhpRp2,0.3333333333333333,2,2,ACATTGGGTATGAAATCCGA,0,2528893
mhpRp2,0.3333333333333333,2,2,ACATCGGTTGCCAAAGTTTC,0,2511463
mhpRp2,0.3333333333333333,2,2,ACATCGGCCTTGCCCACTCC,0,2540487
mhpRp2,0.3333333333333333,2,2,ACATCCGGCATACAAACATT,0,2542401
mhpRp2,0.3333333333333333,2,2,ACATATCGCCCTGAATCACC,0,2545104
mhpRp2,0.3333333333333333,2,2,ACAGTTGTGGTCGAACTAAG,0,2487150
mhpRp2,0.3333333333333333,2,2,ACAGTGCACGGCTTTTTAGG,0,2514251
mhpRp2,0.3333333333333333,2,2,ACAGTAGTCCAAGCATACTC,0,2497247
mhpRp2,0.3333333333333333,2,2,ACAGTAAGCCCCGATAAAGT,0,2480361
mhpRp2,0.3333333333333333,2,2,ACAGGCCGAGCGGATGGGTT,0,2481376
mhpRp2,0.3333333333333333,2,2,ACAGGCATTCGGCGCCATGC,0,2523541
mhpRp2,0.3333333333333333,2,2,ACAGAGTCCAGATGACGCAT,0,2501070
mhpRp2,0.3333333333333333,2,2,ACACTTGTACCCATTGCTCG,0,2499721
mhpRp2,0.3333333333333333,2,2,ACACGAGAAGGAGGGAGGAT,0,2488649
mhpRp2,0.3333333333333333,2,2,ACACCGGTCACCAAAATCGA,0,2527099
mhpRp2,0.3333333333333333,2,2,ACACCAATCTATGTTCCCAA,0,2492258
mhpRp2,0.3333333333333333,2,2,ACACAGTGCGACCTAAGTCG,0,2493532
mhpRp2,0.3333333333333333,2,2,ACACACATCGAGTTAGGTGG,0,2493984
mhpRp2,0.3333333333333333,2,2,ACACAAATTCGTCTCAAAGG,0,2511753
mhpRp2,0.3333333333333333,2,2,ACAATTTGAGCCCCCTTCTC,0,2486413
mhpRp2,0.3333333333333333,2,2,ACAATGCAGTGATTTCAGAC,0,2504524
mhpRp2,0.3333333333333333,2,2,ACAATAGCCCCCCCTCAAAT,0,2524968
mhpRp2,0.3333333333333333,2,2,ACAAGTTCCTCATATCACCT,0,2531207
mhpRp2,0.3333333333333333,2,2,ACAAGTCGTTAACGCATCTT,0,2521789
mhpRp2,0.3333333333333333,2,2,ACAAGGCGAACATATTGAAT,0,2528935
mhpRp2,0.3333333333333333,2,2,ACAAAAGTGTTTAGTTTCTC,0,2527446
mhpRp2,0.3333333333333333,2,2,ACAAAAATACAAGTTACGGA,0,2521311
mhpRp2,0.3333333333333333,2,2,AATTTCGGCACGAGCTCTGT,0,2528487
mhpRp2,0.3333333333333333,2,2,AATTTAAGTCGAGGGGACCT,0,2482192
mhpRp2,0.3333333333333333,2,2,AATTGGGTGCATTCGTATGA,0,2539664
mhpRp2,0.3333333333333333,2,2,AATTCGCCTAGGCGTACAGC,0,2498105
mhpRp2,0.3333333333333333,2,2,AATTAGCTGACAGGTTCGTC,0,2525972
mhpRp2,0.3333333333333333,2,2,AATTAGCAGGCTCTACTAGC,0,2488253
mhpRp2,0.3333333333333333,2,2,AATTACCTGCTCACTCATAG,0,2527853
mhpRp2,0.3333333333333333,2,2,AATGTTAGATAGCTAAGCTT,0,2485123
mhpRp2,0.3333333333333333,2,2,AATGTTAATAAAACCTTCAT,0,2541543
mhpRp2,0.3333333333333333,2,2,AATGGAGGGGGAAGGCGATG,0,2482464
mhpRp2,0.3333333333333333,2,2,AATGCTGGCTATAGACAATA,0,2501366
mhpRp2,0.3333333333333333,2,2,AATGCTCGGGCGTCTTCTGG,0,2499396
mhpRp2,0.3333333333333333,2,2,AATGCGTTAGTTATACTGGC,0,2522454
mhpRp2,0.3333333333333333,2,2,AATGAGGTCGCCAGCGTGTA,0,2518060
mhpRp2,0.3333333333333333,2,2,AATGACTTTGCCTCCTGCAG,0,2520135
mhpRp2,0.3333333333333333,2,2,AATCGTCGCCGCTTTGCACT,0,2482977
mhpRp2,0.3333333333333333,2,2,AATCGCGGGTATGTCTACAG,0,2532803
mhpRp2,0.3333333333333333,2,2,AATCGAAATGCATCTGTACT,0,2516377
mhpRp2,0.3333333333333333,2,2,AATCCGGTATTGATAACCTT,0,2482118
mhpRp2,0.3333333333333333,2,2,AATCCATAACGGAACTGGGT,0,2492604
mhpRp2,0.3333333333333333,2,2,AATCATCAGCGGGCAATAAT,0,2502688
mhpRp2,0.3333333333333333,2,2,AATCATAAGATGATTGGAAC,0,2505258
mhpRp2,0.3333333333333333,2,2,AATATTCCTTATTCCACGCT,0,2495989
mhpRp2,0.3333333333333333,2,2,AATATCACGCGGTCGGCAGC,0,2498752
mhpRp2,0.3333333333333333,2,2,AATATATCCTTCTAGTCTAA,0,2519637
mhpRp2,0.3333333333333333,2,2,AATAGTTCAGTACACTTTTA,0,2501858
mhpRp2,0.3333333333333333,2,2,AATAGGTCGCGACGCGCTGC,0,2517330
mhpRp2,0.3333333333333333,2,2,AATAGGGGAGGTCAAAGGGT,0,2481398
mhpRp2,0.3333333333333333,2,2,AATAGCGAGGCCCCGGGCAA,0,2491336
mhpRp2,0.3333333333333333,2,2,AATAGCGAATAGGCTCTATG,0,2523972
mhpRp2,0.3333333333333333,2,2,AATACTTGGAACTGTCTATA,0,2515634
mhpRp2,0.3333333333333333,2,2,AATACCACCTGAAGGCGCGG,0,2525652
mhpRp2,0.3333333333333333,2,2,AATAATTTCTATAACAAGAA,0,2488925
mhpRp2,0.3333333333333333,2,2,AATAAGCTTGTTTTGGCTCA,0,2534049
mhpRp2,0.3333333333333333,2,2,AATAAAATTGCGGGTGAACA,0,2502014
mhpRp2,0.3333333333333333,2,2,AAGTTTGGGGCACAAGGTTC,0,2521289
mhpRp2,0.3333333333333333,2,2,AAGTTCGAGCTACATGTCTT,0,2534495
mhpRp2,0.3333333333333333,2,2,AAGTGTCTGGCGGCCTGTCT,0,2522592
mhpRp2,0.3333333333333333,2,2,AAGTGCACAGGAATTCCACG,0,2515993
mhpRp2,0.3333333333333333,2,2,AAGTGATCTGTACAACAGAC,0,2490334
mhpRp2,0.3333333333333333,2,2,AAGTGAGAAAGGGAGGCTCG,0,2521968
mhpRp2,0.3333333333333333,2,2,AAGTCTAGCAATGGGCGATC,0,2515988
mhpRp2,0.3333333333333333,2,2,AAGTCGCAAAAGCGAAGTTT,0,2542627
mhpRp2,0.3333333333333333,2,2,AAGTCCCCGCCAAATATGTT,0,2508491
mhpRp2,0.3333333333333333,2,2,AAGTCCAGGGCTTTTGCCCA,0,2544756
mhpRp2,0.3333333333333333,2,2,AAGTATTTCTTTTAGAGGGG,0,2515096
mhpRp2,0.3333333333333333,2,2,AAGTAAGCGTGTCTCGACAT,0,2532734
mhpRp2,0.3333333333333333,2,2,AAGGTTTATGGCCAGTGAGA,0,2509765
mhpRp2,0.3333333333333333,2,2,AAGGTGCGTCAAATGACGGT,0,2488041
mhpRp2,0.3333333333333333,2,2,AAGGTCGCAGTGTTCTCAAT,0,2480266
mhpRp2,0.3333333333333333,2,2,AAGGCCCATCGAGCATCTGA,0,2482960
mhpRp2,0.3333333333333333,2,2,AAGGATTTACGGAGGGGCTT,0,2528113
mhpRp2,0.3333333333333333,2,2,AAGGAGTATGAAAGCAGAAT,0,2541200
mhpRp2,0.3333333333333333,2,2,AAGGAGGAAGTTCGTCACAG,0,2545616
mhpRp2,0.3333333333333333,2,2,AAGCTTATTAACGCATCAGA,0,2502144
mhpRp2,0.3333333333333333,2,2,AAGCTCAAATACCCCAATAT,0,2536765
mhpRp2,0.3333333333333333,2,2,AAGCGTTCCTGTTAATTAGC,0,2532339
mhpRp2,0.3333333333333333,2,2,AAGCCGGGTCAGACATATCT,0,2537710
mhpRp2,0.3333333333333333,2,2,AAGCCCGGAATGGCAACGGG,0,2543062
mhpRp2,0.3333333333333333,2,2,AAGCCCGCGTGGATAAACTA,0,2533432
mhpRp2,0.3333333333333333,2,2,AAGCATGGCATCACATAGTT,0,2531636
mhpRp2,0.3333333333333333,2,2,AAGCAGAATATAATTCGGGA,0,2533001
mhpRp2,0.3333333333333333,2,2,AAGCAATAAAGCCGTACTGA,0,2504728
mhpRp2,0.3333333333333333,2,2,AAGATTTAGGAATGCAAATC,0,2505189
mhpRp2,0.3333333333333333,2,2,AAGATGCTGTTTAAGCGGGC,0,2517617
mhpRp2,0.3333333333333333,2,2,AAGATCTGCAGGCAAGCCTT,0,2514664
mhpRp2,0.3333333333333333,2,2,AAGAGGTCCTCAGCATAGTA,0,2489333
mhpRp2,0.3333333333333333,2,2,AAGAGGGCGTCCGGGGGCTG,0,2532627
mhpRp2,0.3333333333333333,2,2,AAGAGAGATTACAACATTAG,0,2511661
mhpRp2,0.3333333333333333,2,2,AAGACTCTCAGTCATGATGT,0,2494666
mhpRp2,0.3333333333333333,2,2,AAGACGGAGGTCGCCGTCAT,0,2531784
mhpRp2,0.3333333333333333,2,2,AAGAATCCAGACATTGGATT,0,2505133
mhpRp2,0.3333333333333333,2,2,AAGAAGCTTACTATTAGATT,0,2544594
mhpRp2,0.3333333333333333,2,2,AAGAACCGTAGCTTTCCGGC,0,2525871
mhpRp2,0.3333333333333333,2,2,AAGAAATCCCCATATCGCAT,0,2481210
mhpRp2,0.3333333333333333,2,2,AACTTTAGTACGAGTTAGGC,0,2495543
mhpRp2,0.3333333333333333,2,2,AACTTGACAAAAGAACAGGG,0,2532668
mhpRp2,0.3333333333333333,2,2,AACTCACGAGGCACGCGCCC,0,2494970
mhpRp2,0.3333333333333333,2,2,AACGTGGGGGAGCCTCTCGA,0,2540833
mhpRp2,0.3333333333333333,2,2,AACGTATGCACTCATGGAGG,0,2517683
mhpRp2,0.3333333333333333,2,2,AACGGATGAGCGCGCTTACG,0,2525374
mhpRp2,0.3333333333333333,2,2,AACGCCTGTGCTACGTATCT,0,2527226
mhpRp2,0.3333333333333333,2,2,AACGATGCATTAGCGGGTTG,0,2510496
mhpRp2,0.3333333333333333,2,2,AACCGTTGCCTGCTAAGACG,0,2479786
mhpRp2,0.3333333333333333,2,2,AACCGTGCGACAGAAGATTG,0,2487720
mhpRp2,0.3333333333333333,2,2,AACCGCCGATTCGATGGGAA,0,2523970
mhpRp2,0.3333333333333333,2,2,AACCGCAAGTATGCACCCAC,0,2504324
mhpRp2,0.3333333333333333,2,2,AACCGATCGAACGGGACTGA,0,2524936
mhpRp2,0.3333333333333333,2,2,AACCGACGTTCGAAAAAAAT,0,2542145
mhpRp2,0.3333333333333333,2,2,AACCATGAAGCTATGCTTGA,0,2502756
mhpRp2,0.3333333333333333,2,2,AACATATATACCTATGATTT,0,2525147
mhpRp2,0.3333333333333333,2,2,AACAGGCCCCAGGGTGACCC,0,2481519
mhpRp2,0.3333333333333333,2,2,AACAGAACGCGCGTTGCAGG,0,2533411
mhpRp2,0.3333333333333333,2,2,AACAATATGGTCTATCATGC,0,2520072
mhpRp2,0.3333333333333333,2,2,AACAAGGTATAAGCGTGCCC,0,2532971
mhpRp2,0.3333333333333333,2,2,AAATTGCGGTAGAGGTTGAG,0,2543297
mhpRp2,0.3333333333333333,2,2,AAATTGCACTCCGCCTTGTT,0,2515923
mhpRp2,0.3333333333333333,2,2,AAATTACTTGTGATGCAGTA,0,2515254
mhpRp2,0.3333333333333333,2,2,AAATGTTCATGGTGAAACCC,0,2496315
mhpRp2,0.3333333333333333,2,2,AAATGTATGTGTCCGGATCT,0,2502961
mhpRp2,0.3333333333333333,2,2,AAATGGGATAACGCATAGGG,0,2518281
mhpRp2,0.3333333333333333,2,2,AAATGGATCGCATCGTACAC,0,2482646
mhpRp2,0.3333333333333333,2,2,AAATGGATACTAAGTAGACG,0,2501325
mhpRp2,0.3333333333333333,2,2,AAATGAGGGGTACCGGAGGC,0,2538452
mhpRp2,0.3333333333333333,2,2,AAATGACAGATGCCTTATCT,0,2524994
mhpRp2,0.3333333333333333,2,2,AAATCGTACGGTGTGAGTAA,0,2520793
mhpRp2,0.3333333333333333,2,2,AAATCGCTAATACTCAGGGG,0,2489286
mhpRp2,0.3333333333333333,2,2,AAATCAATCGTTGTAACCCT,0,2509149
mhpRp2,0.3333333333333333,2,2,AAATCAATACCTGATCGCTG,0,2491465
mhpRp2,0.3333333333333333,2,2,AAATCAAGCTACTGCTTAAC,0,2538224
mhpRp2,0.3333333333333333,2,2,AAATCAAATTTCATAGCAAA,0,2486657
mhpRp2,0.3333333333333333,2,2,AAATCAAAGTCTCAGGCACT,0,2519542
mhpRp2,0.3333333333333333,2,2,AAATATTGCCCCCGGGATGT,0,2480344
mhpRp2,0.3333333333333333,2,2,AAATAGGGGACATATCATGC,0,2538309
mhpRp2,0.3333333333333333,2,2,AAATACCAAAGGGGGTGACG,0,2489422
mhpRp2,0.3333333333333333,2,2,AAAGGTGTTGGAGTGGAGTT,0,2533201
mhpRp2,0.3333333333333333,2,2,AAAGGGAATAATTTAGCTGT,0,2508406
mhpRp2,0.3333333333333333,2,2,AAAGCTCTCGGTCATTGGAG,0,2533603
mhpRp2,0.3333333333333333,2,2,AAAGCGTCGAGCTTCGCGTC,0,2519186
mhpRp2,0.3333333333333333,2,2,AAAGCGTAATAGCATACCTG,0,2511181
mhpRp2,0.3333333333333333,2,2,AAAGCGAGCATTTTCCATTC,0,2518914
mhpRp2,0.3333333333333333,2,2,AAAGAGGCCCCGAACGCCAT,0,2496512
mhpRp2,0.3333333333333333,2,2,AAAGACGCGGGTTCCGCCTT,0,2487903
mhpRp2,0.3333333333333333,2,2,AAAGAACGTTAGTTCGACAA,0,2504258
mhpRp2,0.3333333333333333,2,2,AAACTCTTAGAATGCGGTAG,0,2516936
mhpRp2,0.3333333333333333,2,2,AAACTCTATCGTTGTTAATC,0,2534929
mhpRp2,0.3333333333333333,2,2,AAACTCCCTGGGTTTTACTG,0,2483996
mhpRp2,0.3333333333333333,2,2,AAACGTGGATCGTTTCTTAC,0,2516535
mhpRp2,0.3333333333333333,2,2,AAACGGGTGATCATCATCCA,0,2515935
mhpRp2,0.3333333333333333,2,2,AAACCGGCCCTGTCTTTCTG,0,2500153
mhpRp2,0.3333333333333333,2,2,AAACCGAGCCCATCAGGCCC,0,2542495
mhpRp2,0.3333333333333333,2,2,AAACCCACACTCCTTGGCCA,0,2524451
mhpRp2,0.3333333333333333,2,2,AAACAGCGTTCGAAGTGACC,0,2532138
mhpRp2,0.3333333333333333,2,2,AAAATATATTGGTCGTTGGC,0,2538154
mhpRp2,0.3333333333333333,2,2,AAAATACGTGACAGAACGAC,0,2502111
mhpRp2,0.3333333333333333,2,2,AAAAGCCCGAACGGTTTGGT,0,2491905
mhpRp2,0.3333333333333333,2,2,AAAAGACCCAGTTAGACGCC,0,2534299
mhpRp2,0.3333333333333333,2,2,AAAACTGAGACCATGGCGTC,0,2500511
mhpRp2,0.3333333333333333,2,2,AAAACGATCAATTGCGTCCG,0,2502523
mhpRp2,0.3333333333333333,2,2,AAAACCGTGGTAACATGCAT,0,2538879
mhpRp2,0.3333333333333333,2,2,AAAACAAACGAGTAGCTGCT,0,2506357
mhpRp2,0.3333333333333333,2,2,AAAAACTGCGCACGGAAAGT,0,2538838
mhpRp2,0.3333333333333333,2,2,AAAAAATGAGCTCGCATCAA,0,2538193
mhpRp2,0.5,1,1,TTTTTTTGCGGTTAATCCCA,0,2501590
mhpRp2,0.5,1,1,TTTTTCTGGGTGACGCTCGA,0,2480379
mhpRp2,0.5,1,1,TTTTTAAACTACGGTTCACC,0,2509548
mhpRp2,0.5,1,1,TTTTGTGTCAGCTACAGATA,0,2499500
mhpRp2,0.5,1,1,TTTTGTCCGCGCCGTAAGTA,0,2544886
mhpRp2,0.5,1,1,TTTTGTCACAGAAGGTTTGA,0,2528936
mhpRp2,0.5,1,1,TTTTCCTGCACTCTTGTGCC,0,2483071
mhpRp2,0.5,1,1,TTTTCCTCCGAGTTGACGCT,0,2531884
mhpRp2,0.5,1,1,TTTTCCGGGCTCTTACTACT,0,2485629
mhpRp2,0.5,1,1,TTTTCACATGACCACTCACG,0,2531591
mhpRp2,0.5,1,1,TTTTATCTATAATGTAACTA,0,2511070
mhpRp2,0.5,1,1,TTTTAGTCATCGTTGAATAT,0,2495099
mhpRp2,0.5,1,1,TTTTACCATAGAGTTGAGAA,0,2525005
mhpRp2,0.5,1,1,TTTTACAAACCCCCCCCCGA,0,2528094
mhpRp2,0.5,1,1,TTTGTTTTAACTTGAAGACT,0,2508408
mhpRp2,0.5,1,1,TTTGTTGTGGCTAGCGTCTC,0,2533148
mhpRp2,0.5,1,1,TTTGTGTGTCCGTACTCCAT,0,2484342
mhpRp2,0.5,1,1,TTTGTGACTGTGTTGAGACA,0,2516470
mhpRp2,0.5,1,1,TTTGTATATACGGATAGGTC,0,2516103
mhpRp2,0.5,1,1,TTTGGTCGGGAGTCATGATG,0,2507821
mhpRp2,0.5,1,1,TTTGGCTCTGCACTTTGCGA,0,2501241
mhpRp2,0.5,1,1,TTTGCTTCTATTACAACGTC,0,2540922
mhpRp2,0.5,1,1,TTTGCTAAAGTGATCCTTCA,0,2493384
mhpRp2,0.5,1,1,TTTGAGAGCAGCCCTACGTC,0,2499573
mhpRp2,0.5,1,1,TTTGACCAGGAAAGCCATTG,0,2519568
mhpRp2,0.5,1,1,TTTGACAAAAATGTAAAGCT,0,2503612
mhpRp2,0.5,1,1,TTTGAACTCCGTCATACTCT,0,2519191
mhpRp2,0.5,1,1,TTTGAACACTTGATATGGAT,0,2539782
mhpRp2,0.5,1,1,TTTGAAAATAGGGCACCACT,0,2500262
mhpRp2,0.5,1,1,TTTCTTGCGTGCCGTGTTTA,0,2542395
mhpRp2,0.5,1,1,TTTCTGTGATTTAAATCGAG,0,2510925
mhpRp2,0.5,1,1,TTTCTGGCTCTTCATTCCCT,0,2544686
mhpRp2,0.5,1,1,TTTCTGACTCTGTATAGGCA,0,2538093
mhpRp2,0.5,1,1,TTTCGTGTAGGTATGTGAGA,0,2511840
mhpRp2,0.5,1,1,TTTCGGTCCAACCGTCTGAA,0,2480029
mhpRp2,0.5,1,1,TTTCGGAGCATCCCTTACGA,0,2498660
mhpRp2,0.5,1,1,TTTCGCTCATGGTTTGGGTG,0,2519904
mhpRp2,0.5,1,1,TTTCCTTTTAATGAGCCCAT,0,2486274
mhpRp2,0.5,1,1,TTTCCGTTATCGTTCCACGA,0,2507301
mhpRp2,0.5,1,1,TTTCATCGAAGTGGCGAGTT,0,2523199
mhpRp2,0.5,1,1,TTTCAGTGTCGTTGTGATAT,0,2500020
mhpRp2,0.5,1,1,TTTCAGGATTTATCGCGCAT,0,2510955
mhpRp2,0.5,1,1,TTTCACGCTTCAACGTGAAT,0,2502302
mhpRp2,0.5,1,1,TTTCACGCTCAGTTAACTCT,0,2481499
mhpRp2,0.5,1,1,TTTATGCTCAGTGCCCCGGT,0,2503679
mhpRp2,0.5,1,1,TTTATGATTTAAGGACCTTG,0,2539061
mhpRp2,0.5,1,1,TTTATGAGGTCTTACTAAGC,0,2545218
mhpRp2,0.5,1,1,TTTATCAGTTTATTTTACAC,0,2510126
mhpRp2,0.5,1,1,TTTATAGCGTGGACAGCAAT,0,2496416
mhpRp2,0.5,1,1,TTTATAGAGTAGGGACGCTT,0,2479791
mhpRp2,0.5,1,1,TTTATAACTGAAATATCGGT,0,2483371
mhpRp2,0.5,1,1,TTTATAACTATACTCCGAAT,0,2493066
mhpRp2,0.5,1,1,TTTAGCTGTACGGAACAACA,0,2519980
mhpRp2,0.5,1,1,TTTACTTACCTGCCACAGAC,0,2482857
mhpRp2,0.5,1,1,TTTACATCTAACTGATAATA,0,2520134
mhpRp2,0.5,1,1,TTTACAGAAGGCATATAGTT,0,2506056
mhpRp2,0.5,1,1,TTTAATTATGGACCGGCAAC,0,2494592
mhpRp2,0.5,1,1,TTTAATCTCGTTCTTTCCGC,0,2529663
mhpRp2,0.5,1,1,TTTAATCATATATCTAAGTC,0,2501752
mhpRp2,0.5,1,1,TTTAATAGTGTCTACAGGAT,0,2519047
mhpRp2,0.5,1,1,TTTAAGTAGGTGGGTCGGCG,0,2536608
mhpRp2,0.5,1,1,TTTAAACGCGGATTTTATAG,0,2516004
mhpRp2,0.5,1,1,TTGTTAGTACTATGGATCAG,0,2502594
mhpRp2,0.5,1,1,TTGTGTACGAAGACTTTGTG,0,2534838
mhpRp2,0.5,1,1,TTGTGGTCATACCAGGTAGA,0,2492886
mhpRp2,0.5,1,1,TTGTGGCCCAAGACTGAGGC,0,2529070
mhpRp2,0.5,1,1,TTGTGGATCCCGAAAGTGAA,0,2517591
mhpRp2,0.5,1,1,TTGTGCAGTTTAGCGCTCAG,0,2513447
mhpRp2,0.5,1,1,TTGTGAAAGCTCTTTTGAAA,0,2544050
mhpRp2,0.5,1,1,TTGTCTAGTACTCATTAAGT,0,2506788
mhpRp2,0.5,1,1,TTGTATAAATTACAATTCCT,0,2544024
mhpRp2,0.5,1,1,TTGTAGCCTTGAGTTACGTA,0,2494816
mhpRp2,0.5,1,1,TTGTACGGGAGCGGGTCAAA,0,2527348
mhpRp2,0.5,1,1,TTGTAATAACGAGCTTGGGG,0,2483148
mhpRp2,0.5,1,1,TTGGTGGTAGATTTTTCCAC,0,2527745
mhpRp2,0.5,1,1,TTGGTAGTGTGCGACAGATC,0,2483560
mhpRp2,0.5,1,1,TTGGTAGCACCGACTATCAA,0,2521587
mhpRp2,0.5,1,1,TTGGGTGAGGGCATTAGTTG,0,2522139
mhpRp2,0.5,1,1,TTGGGTACGGACTAGCCAGA,0,2533738
mhpRp2,0.5,1,1,TTGGGATCGAGTTTAGGACC,0,2484884
mhpRp2,0.5,1,1,TTGGCCGAGGATAGTTCTGG,0,2503136
mhpRp2,0.5,1,1,TTGGCCGAACCCGCAACACG,0,2491583
mhpRp2,0.5,1,1,TTGGCCCAGGTACCTTTTTG,0,2497263
mhpRp2,0.5,1,1,TTGGCAATAGATGCCCAGTG,0,2545442
mhpRp2,0.5,1,1,TTGGATTAAGAATAGTATAT,0,2543539
mhpRp2,0.5,1,1,TTGGATATGTCACAACGGCT,0,2509657
mhpRp2,0.5,1,1,TTGGACCATGAGCATGCACA,0,2528419
mhpRp2,0.5,1,1,TTGCTGCGTGATACCTAGTG,0,2536027
mhpRp2,0.5,1,1,TTGCTAGTATTAATTCGCCA,0,2488786
mhpRp2,0.5,1,1,TTGCGTGCCCTTGCAGAAAA,0,2509184
mhpRp2,0.5,1,1,TTGCCTGACATAATAATGGT,0,2541863
mhpRp2,0.5,1,1,TTGCATGGGGGTGAGAAGTG,0,2534613
mhpRp2,0.5,1,1,TTGATCATTTGACAGCGGCA,0,2515351
mhpRp2,0.5,1,1,TTGACTGCGGCAACGATTGC,0,2539757
mhpRp2,0.5,1,1,TTGAATTCAGGTATCTCACC,0,2507785
mhpRp2,0.5,1,1,TTCTTTAAAGCTCCTCCTTT,0,2543518
mhpRp2,0.5,1,1,TTCTTCAGTTTGAGCTCTCA,0,2520095
mhpRp2,0.5,1,1,TTCTTATTAGGGAATGCCCA,0,2498561
mhpRp2,0.5,1,1,TTCTTACGTTTACGGGGTGG,0,2492371
mhpRp2,0.5,1,1,TTCTCTTAACATGATTGCCA,0,2512367
mhpRp2,0.5,1,1,TTCTCTCGAGTCGGGAACCG,0,2497206
mhpRp2,0.5,1,1,TTCTCGGGCACAAGGCAAAT,0,2534712
mhpRp2,0.5,1,1,TTCTATTAGACCGTCCGTTT,0,2533291
mhpRp2,0.5,1,1,TTCTATGGCCCATTGTCGAT,0,2516842
mhpRp2,0.5,1,1,TTCTACTCGTATGGGTTCAC,0,2504562
mhpRp2,0.5,1,1,TTCGTCGGAGCTTGATCTTG,0,2505216
mhpRp2,0.5,1,1,TTCGTCAATCAGGGCCAGAA,0,2491376
mhpRp2,0.5,1,1,TTCGTAGCAGGAGTCGGATT,0,2495192
mhpRp2,0.5,1,1,TTCGGTTTGTTCACAGCTAC,0,2507836
mhpRp2,0.5,1,1,TTCGGCATAGGAGTTATTAT,0,2515804
mhpRp2,0.5,1,1,TTCGCTCAGGGCGAGTTGGC,0,2526803
mhpRp2,0.5,1,1,TTCGCAGACTACTTTTTCGC,0,2534050
mhpRp2,0.5,1,1,TTCGCAATCGTCACAGGTAT,0,2493160
mhpRp2,0.5,1,1,TTCGATCCCTCATTTAAGTT,0,2534542
mhpRp2,0.5,1,1,TTCGAGCTTAATACCGCCTG,0,2499567
mhpRp2,0.5,1,1,TTCCTGAACAAAGCTCCCCC,0,2519556
mhpRp2,0.5,1,1,TTCCTCGCCAGAACTATAAG,0,2540412
mhpRp2,0.5,1,1,TTCCGGTCTTCTTTATCCGG,0,2522341
mhpRp2,0.5,1,1,TTCCGGACTACAATTACCAG,0,2518369
mhpRp2,0.5,1,1,TTCCGATGCAGCGGTGGTCC,0,2482926
mhpRp2,0.5,1,1,TTCCGAGTCGCTTCACCGCT,0,2544916
mhpRp2,0.5,1,1,TTCCGAGAAACTGGTGCTGA,0,2529529
mhpRp2,0.5,1,1,TTCCCTTCATTTCATGTGTA,0,2529084
mhpRp2,0.5,1,1,TTCCCTCCACCCCCTAGTCA,0,2484636
mhpRp2,0.5,1,1,TTCCCGGCCCTCCTTCGCGA,0,2492877
mhpRp2,0.5,1,1,TTCCCGCAAACGGTGATTGC,0,2536841
mhpRp2,0.5,1,1,TTCCCCCAGCAACTCCCCTC,0,2493220
mhpRp2,0.5,1,1,TTCCATGTCACTCCAGGGAC,0,2504766
mhpRp2,0.5,1,1,TTCCATGGAAGGTAGTTACT,0,2519147
mhpRp2,0.5,1,1,TTCCATGCCATGTCCGTAGA,0,2514126
mhpRp2,0.5,1,1,TTCCATAGCGGTGGCGTGCC,0,2533209
mhpRp2,0.5,1,1,TTCCAGTGAGGTGGAAAATG,0,2515449
mhpRp2,0.5,1,1,TTCCACCTGTCCAAAAAACC,0,2510199
mhpRp2,0.5,1,1,TTCCAAAGACTGCGTAGATC,0,2491038
mhpRp2,0.5,1,1,TTCATTGTTCCCAGTTAGAC,0,2485709
mhpRp2,0.5,1,1,TTCATGCCACGAGGTAGATC,0,2528341
mhpRp2,0.5,1,1,TTCATGAATCGGTGATATCC,0,2503409
mhpRp2,0.5,1,1,TTCAGTGTTACGCATACGCA,0,2480269
mhpRp2,0.5,1,1,TTCAGTATCGCGAAATGTTG,0,2512800
mhpRp2,0.5,1,1,TTCAGCTCGACCCTCTTGGT,0,2484049
mhpRp2,0.5,1,1,TTCACGATACATAGACGATG,0,2538185
mhpRp2,0.5,1,1,TTCACCGACGAGGAGAGTAG,0,2501734
mhpRp2,0.5,1,1,TTATTGATAAATGTGCAAAT,0,2499560
mhpRp2,0.5,1,1,TTATTATGGCTATAACGACT,0,2537452
mhpRp2,0.5,1,1,TTATGGTGTCTTACGGCAAA,0,2519130
mhpRp2,0.5,1,1,TTATAGTACGGTAGGTTCAC,0,2502586
mhpRp2,0.5,1,1,TTATAATGGAAAGGATATAG,0,2499276
mhpRp2,0.5,1,1,TTATAAGTCAGGCCGAAATC,0,2489642
mhpRp2,0.5,1,1,TTATAACGAGAAAAGGAATT,0,2522027
mhpRp2,0.5,1,1,TTAGTTTCTCACTCATCCAT,0,2521709
mhpRp2,0.5,1,1,TTAGTTCCTGCGTGAACAGC,0,2512397
mhpRp2,0.5,1,1,TTAGTGGGCTCCTTATGGCC,0,2520789
mhpRp2,0.5,1,1,TTAGTGAGAACTTGCTATCA,0,2520815
mhpRp2,0.5,1,1,TTAGTGACGTCCTCAAGACG,0,2505824
mhpRp2,0.5,1,1,TTAGCAGATATCAGTAAGAT,0,2491238
mhpRp2,0.5,1,1,TTAGATTGCCTTGAAGCTAA,0,2512855
mhpRp2,0.5,1,1,TTAGAGAGAATAGTAGCAAA,0,2481390
mhpRp2,0.5,1,1,TTAGACGGCCCTCAGCCTTT,0,2486843
mhpRp2,0.5,1,1,TTAGACAGGGGACCTCTAAT,0,2518679
mhpRp2,0.5,1,1,TTAGACACCGATGGGGTGAG,0,2528895
mhpRp2,0.5,1,1,TTAGAAAACTGATGCTGTAA,0,2489484
mhpRp2,0.5,1,1,TTACTTCCGACACATGCGCG,0,2535989
mhpRp2,0.5,1,1,TTACTTAGTATCGTGCCACT,0,2504861
mhpRp2,0.5,1,1,TTACTGTGGGTCAGAGCCTG,0,2488039
mhpRp2,0.5,1,1,TTACTCGGCGCCCAGGGTTA,0,2514959
mhpRp2,0.5,1,1,TTACTCACGTATCGATGCCA,0,2503511
mhpRp2,0.5,1,1,TTACTAATCGCATGAAGCGC,0,2492109
mhpRp2,0.5,1,1,TTACGTAGCGGATCAGCTTG,0,2514089
mhpRp2,0.5,1,1,TTACGGCGAGGTCATACACC,0,2533309
mhpRp2,0.5,1,1,TTACCTCATTGGTCTCTACT,0,2540301
mhpRp2,0.5,1,1,TTACCTCAAGCGGGAACACA,0,2507806
mhpRp2,0.5,1,1,TTACAGGTATTCGATTTGCC,0,2480365
mhpRp2,0.5,1,1,TTACACACCACTACCGGGTT,0,2525096
mhpRp2,0.5,1,1,TTAATTGGCGTATAATGGAG,0,2482274
mhpRp2,0.5,1,1,TTAATGCTTTAGTAATCGTT,0,2540584
mhpRp2,0.5,1,1,TTAATCAGTCACTCCTGCAA,0,2507979
mhpRp2,0.5,1,1,TTAATACCAACACGAGATTC,0,2537664
mhpRp2,0.5,1,1,TTAAGTACCTATATTCGGAC,0,2501966
mhpRp2,0.5,1,1,TTAAGGAGTGTTCCCTCAAG,0,2523414
mhpRp2,0.5,1,1,TTAACTACGCTTGTGTGGAG,0,2500515
mhpRp2,0.5,1,1,TTAACGGGTGCGTGGAATAA,0,2499810
mhpRp2,0.5,1,1,TTAACGAGGCGCCTTTCGAT,0,2499534
mhpRp2,0.5,1,1,TTAACACTGTGCTGCGAAAT,0,2542598
mhpRp2,0.5,1,1,TTAAAGCTCCATGCAAGCGT,0,2529520
mhpRp2,0.5,1,1,TTAAAACGTGTATTGAATAT,0,2510218
mhpRp2,0.5,1,1,TGTTTGTGAACGGTAGCAAG,0,2534845
mhpRp2,0.5,1,1,TGTTTCCCCCTCCAGAGTCC,0,2491786
mhpRp2,0.5,1,1,TGTTTCCATAATCGGGCTCA,0,2528808
mhpRp2,0.5,1,1,TGTTGGCGCAGAGCCCTGAG,0,2510704
mhpRp2,0.5,1,1,TGTTGCGGGCGCCTGTCCAT,0,2524863
mhpRp2,0.5,1,1,TGTTGATAAGATGTTGAGGA,0,2482969
mhpRp2,0.5,1,1,TGTTGAGGAATCGGGTTCTT,0,2537013
mhpRp2,0.5,1,1,TGTTGACAAATGGGTCCCAC,0,2537356
mhpRp2,0.5,1,1,TGTTCGAGTCTGCTCGGGGG,0,2522269
mhpRp2,0.5,1,1,TGTTATGAAAATTGTAACAG,0,2534966
mhpRp2,0.5,1,1,TGTTACTCATATCGGCATGT,0,2509366
mhpRp2,0.5,1,1,TGTTACGCAATTTGACACTA,0,2517328
mhpRp2,0.5,1,1,TGTTAATCAACTACAGGTAA,0,2524588
mhpRp2,0.5,1,1,TGTGTTAGAGATCGCGTTCG,0,2524235
mhpRp2,0.5,1,1,TGTGTCTTGATTTTCGGATA,0,2511813
mhpRp2,0.5,1,1,TGTGTCACCTACCAGATGGA,0,2537160
mhpRp2,0.5,1,1,TGTGGTGAACTCCCACAGGG,0,2539964
mhpRp2,0.5,1,1,TGTGGTCTCGGGTGTTCTAT,0,2498622
mhpRp2,0.5,1,1,TGTGGGACCTGATACAATAC,0,2540830
mhpRp2,0.5,1,1,TGTGGATCCAAGGTGGAATG,0,2505496
mhpRp2,0.5,1,1,TGTGGAATACAACACGCTGT,0,2510173
mhpRp2,0.5,1,1,TGTGCTTCCTTAGCGGTAAC,0,2533448
mhpRp2,0.5,1,1,TGTGCTTAGGTACAACGGCT,0,2544810
mhpRp2,0.5,1,1,TGTGCAGTGAATTGCTTATT,0,2516332
mhpRp2,0.5,1,1,TGTGATCGATTCCTCCCGCC,0,2489176
mhpRp2,0.5,1,1,TGTGAGAACTTTTTATTTCC,0,2480426
mhpRp2,0.5,1,1,TGTGAATAGCTTTGAATCGA,0,2480104
mhpRp2,0.5,1,1,TGTCTAACCCCATTGCCCGC,0,2534370
mhpRp2,0.5,1,1,TGTCGGTACTCCTCTCTTTG,0,2508215
mhpRp2,0.5,1,1,TGTCGGGCAGCCTGCGGCTG,0,2509099
mhpRp2,0.5,1,1,TGTCCTGCACGCCTCGCCGT,0,2543978
mhpRp2,0.5,1,1,TGTCATAACAGGTCTGACGG,0,2540112
mhpRp2,0.5,1,1,TGTCAGTTCTCTTGGGCGGA,0,2494182
mhpRp2,0.5,1,1,TGTCAATGCATATTTTGCAT,0,2511775
mhpRp2,0.5,1,1,TGTATTTATCGCTGACCAGA,0,2532165
mhpRp2,0.5,1,1,TGTATATCACGTTAGACGAT,0,2542706
mhpRp2,0.5,1,1,TGTATACAGTGTGGTGTGAT,0,2517128
mhpRp2,0.5,1,1,TGTAGCGTGTGTAGATATTA,0,2534136
mhpRp2,0.5,1,1,TGTAGCAGGCTTGAGTCGTA,0,2531485
mhpRp2,0.5,1,1,TGTACACCAACGTAGTGAAT,0,2525163
mhpRp2,0.5,1,1,TGTACAACACCCGATCGATC,0,2508114
mhpRp2,0.5,1,1,TGTAATATTTGTTACCAAAC,0,2507346
mhpRp2,0.5,1,1,TGTAAGAATCTGACAGTATA,0,2496268
mhpRp2,0.5,1,1,TGGTTGCGCAGTGGACTCTA,0,2498210
mhpRp2,0.5,1,1,TGGTTCCTCAATGTTTTTTT,0,2536844
mhpRp2,0.5,1,1,TGGTGTCGCGCGTAGGTGGA,0,2487421
mhpRp2,0.5,1,1,TGGTGCCTGCTCAAGCCGTA,0,2505841
mhpRp2,0.5,1,1,TGGTGCCTCTTTTCTCTTGA,0,2500634
mhpRp2,0.5,1,1,TGGTGAATAGAAATTGTGCC,0,2493603
mhpRp2,0.5,1,1,TGGTCTGGTGTGTTTGCTCG,0,2535983
mhpRp2,0.5,1,1,TGGTCCATCTTATACGCGTG,0,2536813
mhpRp2,0.5,1,1,TGGTCATGTGTCCTTGTCAC,0,2512112
mhpRp2,0.5,1,1,TGGTATATAATATTACTGCG,0,2543996
mhpRp2,0.5,1,1,TGGGTCAGGGTCTGTTCCGA,0,2527382
mhpRp2,0.5,1,1,TGGGTATGCTATAAACGACC,0,2491247
mhpRp2,0.5,1,1,TGGGGTTTCCCCTCCCCAGC,0,2486235
mhpRp2,0.5,1,1,TGGGGCTGTAAGTGTTGAAA,0,2507062
mhpRp2,0.5,1,1,TGGGGAGCGGCGAAAGCTAA,0,2532870
mhpRp2,0.5,1,1,TGGGGAATGGTCAGGTCTCA,0,2489172
mhpRp2,0.5,1,1,TGGGCAGATGGTCTCTAGAA,0,2516588
mhpRp2,0.5,1,1,TGGGCAACAGGGGTTCTCAT,0,2480549
mhpRp2,0.5,1,1,TGGGAACGCTGGGAGAGCGT,0,2523469
mhpRp2,0.5,1,1,TGGCTGGTAGTCTATTCAGT,0,2512301
mhpRp2,0.5,1,1,TGGCTGGGTGAGGGCTTCAC,0,2488283
mhpRp2,0.5,1,1,TGGCTACACGCTAGGATAGC,0,2507837
mhpRp2,0.5,1,1,TGGCGGCGGTGTGCTCAAGA,0,2511184
mhpRp2,0.5,1,1,TGGCGATCACTGCCCAGAGG,0,2542281
mhpRp2,0.5,1,1,TGGCGAATGAAAGGACGTTA,0,2494363
mhpRp2,0.5,1,1,TGGCAACGGGCTCAGGAACA,0,2502744
mhpRp2,0.5,1,1,TGGATGGAGTGACACTTGAG,0,2543833
mhpRp2,0.5,1,1,TGGATCTTTCTTCAAGTAAC,0,2529692
mhpRp2,0.5,1,1,TGGATAACTCAGTAGACAAG,0,2496000
mhpRp2,0.5,1,1,TGGAGTATACGCACTCGCTA,0,2500639
mhpRp2,0.5,1,1,TGGAGCTGGAAGGCGTACTC,0,2511005
mhpRp2,0.5,1,1,TGGAGCGCGCAATATCCATT,0,2545504
mhpRp2,0.5,1,1,TGGAGAACTACCGAGACGAC,0,2522397
mhpRp2,0.5,1,1,TGGACTTGGCGAATCAGAGT,0,2508252
mhpRp2,0.5,1,1,TGGACGGCAACCGTTTGTGG,0,2482379
mhpRp2,0.5,1,1,TGGACATCCTGTCATTATAA,0,2512939
mhpRp2,0.5,1,1,TGCTTGGTTTTTAAGGGGTC,0,2503051
mhpRp2,0.5,1,1,TGCTTCGAGCCTACGGTCCT,0,2530640
mhpRp2,0.5,1,1,TGCTTAGGATGCGATTGCAA,0,2515157
mhpRp2,0.5,1,1,TGCTTACATCAACAAGAAGT,0,2497405
mhpRp2,0.5,1,1,TGCTGTTTTGATATTCACAT,0,2528366
mhpRp2,0.5,1,1,TGCTGTGACGGATTAGATGC,0,2531868
mhpRp2,0.5,1,1,TGCTCTCAGGGCGGACTTGA,0,2490272
mhpRp2,0.5,1,1,TGCTCGCTATTCGAGCCTCT,0,2483451
mhpRp2,0.5,1,1,TGCTCATGTAAGGATTACCT,0,2529010
mhpRp2,0.5,1,1,TGCTATATTACACTCCCACA,0,2511935
mhpRp2,0.5,1,1,TGCTATAGTGTTGGACTCCG,0,2491761
mhpRp2,0.5,1,1,TGCTAGGCGTTCTAAGCACT,0,2503172
mhpRp2,0.5,1,1,TGCGGTAGCCATTCGACAGA,0,2542943
mhpRp2,0.5,1,1,TGCGGGCACCCAGGAGTACT,0,2486376
mhpRp2,0.5,1,1,TGCGCCATAATATTGTTGAC,0,2486561
mhpRp2,0.5,1,1,TGCGAGCTAAAGTGAAAATG,0,2511876
mhpRp2,0.5,1,1,TGCGACGCTAATAAGTGGAA,0,2538274
mhpRp2,0.5,1,1,TGCCTTGTGGTCATACTAAC,0,2504575
mhpRp2,0.5,1,1,TGCCTCCACTGCCCCGTCGC,0,2535284
mhpRp2,0.5,1,1,TGCCGTGTCACCTCCCGATA,0,2516363
mhpRp2,0.5,1,1,TGCCGGACCCAATTCTCAGT,0,2485361
mhpRp2,0.5,1,1,TGCCGGACAGCATCGTATCG,0,2533093
mhpRp2,0.5,1,1,TGCCGATGAGAGTCACTTTC,0,2520476
mhpRp2,0.5,1,1,TGCCGACGTGCGATGTTGTG,0,2485390
mhpRp2,0.5,1,1,TGCCAGCACAGCATGAGCCA,0,2511030
mhpRp2,0.5,1,1,TGCATCATTGTCCGAAGCTA,0,2505710
mhpRp2,0.5,1,1,TGCACTTTTCCCTAAATGGG,0,2502600
mhpRp2,0.5,1,1,TGCACTCTTCATCAATCAAC,0,2531121
mhpRp2,0.5,1,1,TGCACGGCAGATATCACTGA,0,2501303
mhpRp2,0.5,1,1,TGCACCCGATTGCCCCATTT,0,2492804
mhpRp2,0.5,1,1,TGCAATAGACACGCAGGCCC,0,2532177
mhpRp2,0.5,1,1,TGATTGCTATGCCTCAGCAG,0,2527931
mhpRp2,0.5,1,1,TGATGTATTGACATTGGATG,0,2498579
mhpRp2,0.5,1,1,TGATGGGGAAGGTCCTCGAT,0,2515273
mhpRp2,0.5,1,1,TGATGCCTTAGCGGGAAAAG,0,2485416
mhpRp2,0.5,1,1,TGATCTACGCGGATTTTGGG,0,2500809
mhpRp2,0.5,1,1,TGATCGGTCATTCGCTTGAC,0,2519108
mhpRp2,0.5,1,1,TGATCACCTCTGCCATTACA,0,2511289
mhpRp2,0.5,1,1,TGATCAACCCGGAAAGTGCC,0,2539544
mhpRp2,0.5,1,1,TGATAACAGAACGTTAATCA,0,2520132
mhpRp2,0.5,1,1,TGAGTCAGATTTCTACCCTT,0,2543246
mhpRp2,0.5,1,1,TGAGTCACTACGCACCCGAA,0,2497966
mhpRp2,0.5,1,1,TGAGGGGAGGCCCCAGTCCT,0,2502452
mhpRp2,0.5,1,1,TGAGGCTTCCGTCGATTGAT,0,2525626
mhpRp2,0.5,1,1,TGAGCGTGTACAGGACAGTT,0,2535954
mhpRp2,0.5,1,1,TGAGCCCATTTTTCCAAGGA,0,2542715
mhpRp2,0.5,1,1,TGAGAGTGTTCTTTTCGTGT,0,2484324
mhpRp2,0.5,1,1,TGAGAGGGCTTAGCCTAACA,0,2529302
mhpRp2,0.5,1,1,TGAGAAGTTAGTGAGTACTA,0,2485398
mhpRp2,0.5,1,1,TGACTGTCATTCTGGCAAAT,0,2512894
mhpRp2,0.5,1,1,TGACCGCGCTCGAACTCTCC,0,2531220
mhpRp2,0.5,1,1,TGACAAGGCTTGGGTCAATT,0,2545009
mhpRp2,0.5,1,1,TGAATCTCGGTAGGGTTGCT,0,2526503
mhpRp2,0.5,1,1,TGAATCGATTCGGGGAATAC,0,2529921
mhpRp2,0.5,1,1,TGAAGAGGTATGAAGAGGAT,0,2535743
mhpRp2,0.5,1,1,TGAACTGGACTTGATTTCAT,0,2500759
mhpRp2,0.5,1,1,TGAACTCGTTCATACTCTTG,0,2481092
mhpRp2,0.5,1,1,TGAACCTGAGTTTCGCATCT,0,2498257
mhpRp2,0.5,1,1,TGAAAGCCCTGATTCGTCCC,0,2507760
mhpRp2,0.5,1,1,TGAAAGATGCAAGAGCTGGC,0,2485544
mhpRp2,0.5,1,1,TGAAAAAGGAAACAGGTTGT,0,2512373
mhpRp2,0.5,1,1,TCTTTTAATTTTCCCCGGAT,0,2514017
mhpRp2,0.5,1,1,TCTTTGCGAGTGAATGTGGT,0,2519744
mhpRp2,0.5,1,1,TCTTTCTACGTATCCTTCCC,0,2508100
mhpRp2,0.5,1,1,TCTTTCCTGTACATATACCT,0,2544232
mhpRp2,0.5,1,1,TCTTTACGAAATCCCTGAGC,0,2485828
mhpRp2,0.5,1,1,TCTTTAACCTTGTCAAAGTT,0,2541754
mhpRp2,0.5,1,1,TCTTCTAGATCATTCCACCG,0,2495702
mhpRp2,0.5,1,1,TCTTCGGAGGAGTCATTAGC,0,2490520
mhpRp2,0.5,1,1,TCTTCCTGTTAGGGACCTCA,0,2520227
mhpRp2,0.5,1,1,TCTTCAGTGGGTGTGCCTAC,0,2524110
mhpRp2,0.5,1,1,TCTTATTCATTCTGGTGCGA,0,2518068
mhpRp2,0.5,1,1,TCTTAGAACACGACTTTCTT,0,2514407
mhpRp2,0.5,1,1,TCTTACCGACGTCACGTCTT,0,2529498
mhpRp2,0.5,1,1,TCTGTTGGGATCGCTATAGA,0,2523829
mhpRp2,0.5,1,1,TCTGTTAACAATAACTATTG,0,2486244
mhpRp2,0.5,1,1,TCTGTGTGTGGGGGTTAACT,0,2540941
mhpRp2,0.5,1,1,TCTGTACTGCAGAGTATGGG,0,2494311
mhpRp2,0.5,1,1,TCTGGTGTGGGTGCCATCAT,0,2528901
mhpRp2,0.5,1,1,TCTGGTACTGGGTCTAAGAA,0,2502657
mhpRp2,0.5,1,1,TCTGGGACCGCACATGTCTG,0,2524174
mhpRp2,0.5,1,1,TCTGCAGGGTGGTGGCCACG,0,2515610
mhpRp2,0.5,1,1,TCTGAGTTTCTGCACGGAGG,0,2526986
mhpRp2,0.5,1,1,TCTGAACTGAAAGTTGTCTA,0,2488043
mhpRp2,0.5,1,1,TCTCTTTGGTCTGGTTAAAG,0,2519478
mhpRp2,0.5,1,1,TCTCTTTAAAGGCCACGGAA,0,2481354
mhpRp2,0.5,1,1,TCTCTCCCTTACGGTAAAAG,0,2511560
mhpRp2,0.5,1,1,TCTCTAGTGGGGTACATGAT,0,2517415
mhpRp2,0.5,1,1,TCTCTACCTAGGTGGGATGT,0,2533394
mhpRp2,0.5,1,1,TCTCTACACACTTTAAATCT,0,2492607
mhpRp2,0.5,1,1,TCTCGGTTGGCGAATCAAGA,0,2489142
mhpRp2,0.5,1,1,TCTCGGTGTCGAAAATATAC,0,2492601
mhpRp2,0.5,1,1,TCTCGGGTCCTTCTACTCAG,0,2479783
mhpRp2,0.5,1,1,TCTCGAGTCGGTCGGGGGTT,0,2502865
mhpRp2,0.5,1,1,TCTCCGCCGTCTGGGTGAAT,0,2481459
mhpRp2,0.5,1,1,TCTCAGAACTTGGTCAGTAG,0,2488388
mhpRp2,0.5,1,1,TCTCAAAGTTAGCTAATTGG,0,2542376
mhpRp2,0.5,1,1,TCTAGGTAAGGTAAAGGGAT,0,2543854
mhpRp2,0.5,1,1,TCTAGGCTAGCGCCGCCCGC,0,2512505
mhpRp2,0.5,1,1,TCTAGCTCCGGGTAGCCCAC,0,2512753
mhpRp2,0.5,1,1,TCTACCTTTATAAAAGTTTC,0,2501269
mhpRp2,0.5,1,1,TCTACCTTGTAACTCTCTCT,0,2514309
mhpRp2,0.5,1,1,TCTAAGATCATCGGTCAAGG,0,2504222
mhpRp2,0.5,1,1,TCGTTTGACAAAGCATCACC,0,2514220
mhpRp2,0.5,1,1,TCGTTCCCTAGTGGCCGAAA,0,2523847
mhpRp2,0.5,1,1,TCGTGGGCAGCATATTCCTA,0,2485120
mhpRp2,0.5,1,1,TCGTGAACGTACCCGGCCAA,0,2537679
mhpRp2,0.5,1,1,TCGTCTTCCTAACCGGGTTA,0,2482521
mhpRp2,0.5,1,1,TCGTCCGTTGCAATGTTATG,0,2523390
mhpRp2,0.5,1,1,TCGTACTTTGAGACAATCGG,0,2533663
mhpRp2,0.5,1,1,TCGTAACGGGTGCATATCTC,0,2483268
mhpRp2,0.5,1,1,TCGGTTGCGAAGAACGGACA,0,2521630
mhpRp2,0.5,1,1,TCGGTCCAGCGTGGCATCAG,0,2518024
mhpRp2,0.5,1,1,TCGGTACCCTTCTTCATTTT,0,2510751
mhpRp2,0.5,1,1,TCGGGTTGGACAGCCGCCTA,0,2504869
mhpRp2,0.5,1,1,TCGGGTGGTCGTGCTCTGAT,0,2539341
mhpRp2,0.5,1,1,TCGGGGTTCGTCCCGCTTTT,0,2499807
mhpRp2,0.5,1,1,TCGGGGTGTACTTAGATACC,0,2528025
mhpRp2,0.5,1,1,TCGGGGCTCGGATTCAAGAA,0,2522456
mhpRp2,0.5,1,1,TCGGGCCATAAAGCACTCTC,0,2544546
mhpRp2,0.5,1,1,TCGGGCAACTGCATTACTTA,0,2512732
mhpRp2,0.5,1,1,TCGGGAGCTCTACTCACAAA,0,2543799
mhpRp2,0.5,1,1,TCGGCTTAAGGTGTAGCATC,0,2543339
mhpRp2,0.5,1,1,TCGGCTTAACTTGCGCAGCA,0,2526210
mhpRp2,0.5,1,1,TCGGCTGAGTGATACAACGT,0,2545317
mhpRp2,0.5,1,1,TCGGCGATGTCGCTGACGAT,0,2509761
mhpRp2,0.5,1,1,TCGGCCCTTCGGGGTGATGC,0,2489459
mhpRp2,0.5,1,1,TCGGCCAGATCTACGTATCT,0,2500173
mhpRp2,0.5,1,1,TCGGCAACCCTTTCCTTTAT,0,2540137
mhpRp2,0.5,1,1,TCGGATGTAAGTTTTTCAGG,0,2500859
mhpRp2,0.5,1,1,TCGCTTCTATTTAGCCATCG,0,2518138
mhpRp2,0.5,1,1,TCGCGTCGTGAAGCCGCGTT,0,2528411
mhpRp2,0.5,1,1,TCGCCGTTTCTGGGTATGCA,0,2520289
mhpRp2,0.5,1,1,TCGCCCTGGTGGTCTTGAGG,0,2530858
mhpRp2,0.5,1,1,TCGCATTCCAAGCCATGGAT,0,2484278
mhpRp2,0.5,1,1,TCGCAGTCTGACAATCGGGG,0,2485705
mhpRp2,0.5,1,1,TCGCAGCCTGGTCACAGTTA,0,2510785
mhpRp2,0.5,1,1,TCGCAAGTTCTCCGCAGTTA,0,2526997
mhpRp2,0.5,1,1,TCGCAAGTGTTTATGTGAAT,0,2488441
mhpRp2,0.5,1,1,TCGATTCCAACCCACTCCTC,0,2501605
mhpRp2,0.5,1,1,TCGATATATCACGTTGGAAT,0,2526724
mhpRp2,0.5,1,1,TCGAGTGCAAGCACAAAGGT,0,2535081
mhpRp2,0.5,1,1,TCGAGATTACGACAGAGGTG,0,2522355
mhpRp2,0.5,1,1,TCGACGCCCTTCGGTGGTGA,0,2524227
mhpRp2,0.5,1,1,TCGACAAGAGCTGATCACTT,0,2516058
mhpRp2,0.5,1,1,TCGAAAAGCGGTTTGCGCGT,0,2545496
mhpRp2,0.5,1,1,TCCTTGTCAATAGTTGGTGT,0,2483072
mhpRp2,0.5,1,1,TCCTGATGTGACTGGGTCCA,0,2513789
mhpRp2,0.5,1,1,TCCTCTAACTGCCCTATGCA,0,2522078
mhpRp2,0.5,1,1,TCCTCGAAAACGGCCTACAT,0,2524777
mhpRp2,0.5,1,1,TCCGTACCCAAACGTAGGAG,0,2510036
mhpRp2,0.5,1,1,TCCGTAAAACCTCGTACCAC,0,2498297
mhpRp2,0.5,1,1,TCCGGGTCAAGTTCCCACGT,0,2479892
mhpRp2,0.5,1,1,TCCGGGTACGACACTCAAGC,0,2526511
mhpRp2,0.5,1,1,TCCGCTGCAGGCATCATCAC,0,2518086
mhpRp2,0.5,1,1,TCCGCCGTGTGGAAGCAGAT,0,2483407
mhpRp2,0.5,1,1,TCCGACACCCGTCCACATTG,0,2502958
mhpRp2,0.5,1,1,TCCCTTTTGCCATCGCATAC,0,2513419
mhpRp2,0.5,1,1,TCCCTTTAAGAATCTTGTTT,0,2544170
mhpRp2,0.5,1,1,TCCCTTAGCCTTGCGATATT,0,2529063
mhpRp2,0.5,1,1,TCCCTATCGCTTTATCTCGC,0,2483778
mhpRp2,0.5,1,1,TCCCTACTCGATTGTGGCAT,0,2518455
mhpRp2,0.5,1,1,TCCCTAAACCTCTCCACGGA,0,2513758
mhpRp2,0.5,1,1,TCCCGGGATACCACCAGTAT,0,2524229
mhpRp2,0.5,1,1,TCCCGCGTGTATAATGGTGG,0,2543235
mhpRp2,0.5,1,1,TCCCGCGAGTAAGGGTCCTG,0,2544826
mhpRp2,0.5,1,1,TCCCGCGAGGGCATTGAGAC,0,2485647
mhpRp2,0.5,1,1,TCCCCTAATCGAGACTCCCG,0,2496019
mhpRp2,0.5,1,1,TCCCCGGAAGAAGACCTTCA,0,2541554
mhpRp2,0.5,1,1,TCCCCCGTGGCTAGAGGGCA,0,2519004
mhpRp2,0.5,1,1,TCCCATTTTCGCACAGTTGA,0,2501989
mhpRp2,0.5,1,1,TCCATTTAATATTGTTCCCA,0,2508869
mhpRp2,0.5,1,1,TCCATGGAGTCAAAGTGGGA,0,2538902
mhpRp2,0.5,1,1,TCCAGTTTCGCCTCATCGGT,0,2527088
mhpRp2,0.5,1,1,TCCAGGAATGTGGAGTCAAT,0,2539764
mhpRp2,0.5,1,1,TCCAGACGAGGCGGTCTGTG,0,2528751
mhpRp2,0.5,1,1,TCCACCCTGGCGGAAAACGT,0,2515207
mhpRp2,0.5,1,1,TCCAATATTTCCTGTTCATT,0,2496143
mhpRp2,0.5,1,1,TCATTTTGGTCTGGCTGTAC,0,2519973
mhpRp2,0.5,1,1,TCATTTGGTACCGTTTGCGG,0,2488434
mhpRp2,0.5,1,1,TCATGTACGGACGAGACGCA,0,2522827
mhpRp2,0.5,1,1,TCATGGAGGCTTCTGACCTT,0,2515377
mhpRp2,0.5,1,1,TCATGCACAAATGGAATAGT,0,2519661
mhpRp2,0.5,1,1,TCATCTGGGTGCTGGTGGCA,0,2518657
mhpRp2,0.5,1,1,TCATATGGCTTTTAAGGCGC,0,2509201
mhpRp2,0.5,1,1,TCATAGTTTGCAGGGATCAT,0,2484560
mhpRp2,0.5,1,1,TCATACGCAAATAACTACGG,0,2494773
mhpRp2,0.5,1,1,TCATACAGCCTCACTCTACT,0,2515238
mhpRp2,0.5,1,1,TCAGTTTAATCTGAGGAAGG,0,2515538
mhpRp2,0.5,1,1,TCAGTGGATGCGGCGTCTAG,0,2532962
mhpRp2,0.5,1,1,TCAGTGCTAACGCCCCATCA,0,2500902
mhpRp2,0.5,1,1,TCAGTGCGGAAACGAAGCGG,0,2505046
mhpRp2,0.5,1,1,TCAGGTACGTAGTCACTCCG,0,2511151
mhpRp2,0.5,1,1,TCAGGGTCTAGAAGATAACT,0,2544925
mhpRp2,0.5,1,1,TCAGGAAGCGATACTCTGGT,0,2492399
mhpRp2,0.5,1,1,TCAGGAACGGGTATCACCGT,0,2488068
mhpRp2,0.5,1,1,TCAGCGTATGAAAGGTCTAG,0,2541144
mhpRp2,0.5,1,1,TCAGCGGTCGAGATAATGTC,0,2508303
mhpRp2,0.5,1,1,TCAGCGCCTGTCACCGGCAG,0,2525733
mhpRp2,0.5,1,1,TCAGCACTGCGACCCGCATA,0,2491184
mhpRp2,0.5,1,1,TCAGCAATCGTTACACCTGT,0,2518025
mhpRp2,0.5,1,1,TCAGCAACGACGAGTGGCAA,0,2533766
mhpRp2,0.5,1,1,TCAGAGTCGTGTTGACTACT,0,2492994
mhpRp2,0.5,1,1,TCAGAAGTGCAGTTCGGAAC,0,2515205
mhpRp2,0.5,1,1,TCAGAACGCTATCCAACTTA,0,2544751
mhpRp2,0.5,1,1,TCACTGTCGCCGGAGTGACA,0,2539339
mhpRp2,0.5,1,1,TCACTATGCCAATTAATAGT,0,2486410
mhpRp2,0.5,1,1,TCACGCTAGCCTATCTGTCT,0,2516489
mhpRp2,0.5,1,1,TCACGCGGGATATGCCAGGC,0,2488403
mhpRp2,0.5,1,1,TCACCGGGTACGACCGCATG,0,2495695
mhpRp2,0.5,1,1,TCACCCGGTATTCCCGCTGG,0,2507839
mhpRp2,0.5,1,1,TCACAGGTCATGGGTGACTT,0,2542496
mhpRp2,0.5,1,1,TCACACCGCCTGTAACCACA,0,2488334
mhpRp2,0.5,1,1,TCACACAAATTATATATATG,0,2493540
mhpRp2,0.5,1,1,TCAATGCAATCCAGATATCA,0,2504442
mhpRp2,0.5,1,1,TCAATACCTTTTAGACTGTC,0,2492897
mhpRp2,0.5,1,1,TCAAGTCCCCGGCCAAAGTA,0,2483620
mhpRp2,0.5,1,1,TCAACGGCAACCTTAGCGGA,0,2492263
mhpRp2,0.5,1,1,TCAAAAGGCTGCTTTATTTC,0,2485723
mhpRp2,0.5,1,1,TATTTTTGGGCTTGTCATGA,0,2514686
mhpRp2,0.5,1,1,TATTTGCGTATGTATAGTGG,0,2512410
mhpRp2,0.5,1,1,TATTTCGTTCGCCGACGCCA,0,2520951
mhpRp2,0.5,1,1,TATTTCCACGACTATGTGCT,0,2505925
mhpRp2,0.5,1,1,TATTTAGTAACCCGCATACA,0,2482811
mhpRp2,0.5,1,1,TATTTAACTGTAATCACGGT,0,2501403
mhpRp2,0.5,1,1,TATTGTAGACCAAGAGGCCC,0,2525155
mhpRp2,0.5,1,1,TATTGTAATAACGTATTTAT,0,2533249
mhpRp2,0.5,1,1,TATTGCCTGAGAACCCCGCT,0,2520857
mhpRp2,0.5,1,1,TATTGCCCAAGGTATGTCCA,0,2505304
mhpRp2,0.5,1,1,TATTGATAGTCAATTACCCA,0,2515822
mhpRp2,0.5,1,1,TATTGAGAACCTCTAACCTG,0,2527707
mhpRp2,0.5,1,1,TATTCGTTCTAGATACGTGC,0,2485511
mhpRp2,0.5,1,1,TATTCCTGCAGTTCCTTGAG,0,2529902
mhpRp2,0.5,1,1,TATTAATACATTTCTTACAC,0,2534407
mhpRp2,0.5,1,1,TATGTCATTTGGTAAGACCG,0,2515051
mhpRp2,0.5,1,1,TATGTACGCAAAGGTGTCCC,0,2484941
mhpRp2,0.5,1,1,TATGGGATCGAAGCCATTTT,0,2484911
mhpRp2,0.5,1,1,TATGCGGCTCAGCACAAGGT,0,2480445
mhpRp2,0.5,1,1,TATGCGAAGGGATTGCGACT,0,2520886
mhpRp2,0.5,1,1,TATGCCTATAGATATAACTC,0,2526802
mhpRp2,0.5,1,1,TATGCCATTAGGGAAGTGTT,0,2494915
mhpRp2,0.5,1,1,TATGAGTTGCAGTGCTCGAA,0,2501583
mhpRp2,0.5,1,1,TATCTCCACGTGCGGGGTGA,0,2511731
mhpRp2,0.5,1,1,TATCTAGGGTCTGTACAGGT,0,2542426
mhpRp2,0.5,1,1,TATCGTCGTGGAGAGTTCGC,0,2514330
mhpRp2,0.5,1,1,TATCGCATAGCGACTCGAGT,0,2502363
mhpRp2,0.5,1,1,TATCGAGAGTGAACGTTATC,0,2490350
mhpRp2,0.5,1,1,TATCGAAATTGGATTGGGAC,0,2526368
mhpRp2,0.5,1,1,TATCCCGGTATAAGGAGTTC,0,2539388
mhpRp2,0.5,1,1,TATCCAGCAAGGCGACTTAA,0,2522350
mhpRp2,0.5,1,1,TATCATTTTCTGGTAATTCG,0,2490228
mhpRp2,0.5,1,1,TATCAGTAGATACGTGAATT,0,2482933
mhpRp2,0.5,1,1,TATATCCATGGCAGCTAGCG,0,2490013
mhpRp2,0.5,1,1,TATATAGGTTTTAATTTATA,0,2494429
mhpRp2,0.5,1,1,TATAGCATGGCCGACTTCTT,0,2498481
mhpRp2,0.5,1,1,TATACTCGATAATATGATCG,0,2535197
mhpRp2,0.5,1,1,TATACCTTGTTCCATGTACC,0,2489908
mhpRp2,0.5,1,1,TATACATCTAATCTCTCAAT,0,2539373
mhpRp2,0.5,1,1,TATACACTTTTATCCGCAGT,0,2499856
mhpRp2,0.5,1,1,TATAACTTGGGCCTTTTTTA,0,2516926
mhpRp2,0.5,1,1,TATAACTATCGCATTTTCCG,0,2509621
mhpRp2,0.5,1,1,TAGTGCCGGATTACGAGAGA,0,2484097
mhpRp2,0.5,1,1,TAGTACCAGACTTGTCGAGG,0,2502807
mhpRp2,0.5,1,1,TAGGTTACGTGGACAGGCCA,0,2480346
mhpRp2,0.5,1,1,TAGGTGATACCTTTGTGCGG,0,2504072
mhpRp2,0.5,1,1,TAGGGGGGAATTCCCGAGAA,0,2523954
mhpRp2,0.5,1,1,TAGGGGCTTCGAGTCCCCCT,0,2497485
mhpRp2,0.5,1,1,TAGGGGCTTAGTACTAGGGA,0,2545351
mhpRp2,0.5,1,1,TAGGGGCTATTCTGTTACAT,0,2501549
mhpRp2,0.5,1,1,TAGGGGCCTCATAGGTCCGC,0,2509308
mhpRp2,0.5,1,1,TAGGCTTGATGCTTTGTTTT,0,2503057
mhpRp2,0.5,1,1,TAGGCCCCGCAATACGCTGC,0,2523342
mhpRp2,0.5,1,1,TAGGCCACGCTTCAAACGAT,0,2538112
mhpRp2,0.5,1,1,TAGGCACCAGTGGGAATGTT,0,2493792
mhpRp2,0.5,1,1,TAGGATACAACAAGTCCGGA,0,2487358
mhpRp2,0.5,1,1,TAGCTTCTGCGCGGCGCCCT,0,2496301
mhpRp2,0.5,1,1,TAGCTTACGACAACAGTCAT,0,2483524
mhpRp2,0.5,1,1,TAGCTGGTCCAGGTCCGTTC,0,2490232
mhpRp2,0.5,1,1,TAGCTACTCGGGGTTATCCG,0,2545008
mhpRp2,0.5,1,1,TAGCGGTGAGACTCACCCGT,0,2543910
mhpRp2,0.5,1,1,TAGCGGCGGTTTCACTGCGG,0,2484379
mhpRp2,0.5,1,1,TAGCGCATCAAACCTCGAGG,0,2512183
mhpRp2,0.5,1,1,TAGCCCGCGAGTGCGACATC,0,2543984
mhpRp2,0.5,1,1,TAGCCCCTTGGCACAGCTAC,0,2543742
mhpRp2,0.5,1,1,TAGCAATACGAGACAGTGGG,0,2484968
mhpRp2,0.5,1,1,TAGATGGGCGCATCGCGCTC,0,2488789
mhpRp2,0.5,1,1,TAGATACCAGCTGCCCGACA,0,2480439
mhpRp2,0.5,1,1,TAGATAACGTAATGCTCGCT,0,2511389
mhpRp2,0.5,1,1,TAGAGCGTGCGGGAATTAGG,0,2497746
mhpRp2,0.5,1,1,TAGACTCGAAATGTTTTTAT,0,2531219
mhpRp2,0.5,1,1,TAGAATTCGTACCCCCACCC,0,2532203
mhpRp2,0.5,1,1,TAGAATCCGTTCACCTGGAC,0,2537752
mhpRp2,0.5,1,1,TAGAATAGCCAAATGCACCC,0,2492943
mhpRp2,0.5,1,1,TAGAAGGCAGCGCAAACTAG,0,2525133
mhpRp2,0.5,1,1,TACTTTCTCGCAGCCGCAAC,0,2511878
mhpRp2,0.5,1,1,TACTTTATGTATCCTATGGT,0,2527251
mhpRp2,0.5,1,1,TACTTTAACTTCTTGTGACA,0,2480568
mhpRp2,0.5,1,1,TACTTGATAGTCAACGCAGC,0,2508667
mhpRp2,0.5,1,1,TACTGGCGCCACATCGCAAC,0,2492004
mhpRp2,0.5,1,1,TACTGAAAACATACGTGGTA,0,2523700
mhpRp2,0.5,1,1,TACTCTAGCTAAACGCTTCC,0,2506624
mhpRp2,0.5,1,1,TACTATGCTGAGCACTATAA,0,2521163
mhpRp2,0.5,1,1,TACTACTTACGCCCGTTGTA,0,2534516
mhpRp2,0.5,1,1,TACTAAGCATGGGCCTGGAG,0,2514383
mhpRp2,0.5,1,1,TACGTTATACTAGCGACACC,0,2513533
mhpRp2,0.5,1,1,TACGTTAAACTCACATAAGG,0,2519948
mhpRp2,0.5,1,1,TACGGTTGGAACTGGGAAGA,0,2483736
mhpRp2,0.5,1,1,TACGGATACCTTATCTACGA,0,2541486
mhpRp2,0.5,1,1,TACGGAACACTTGTAGACGA,0,2543180
mhpRp2,0.5,1,1,TACGCTGGGGTAGAGCGGGG,0,2492448
mhpRp2,0.5,1,1,TACGACTCTTACCGTCAACG,0,2514961
mhpRp2,0.5,1,1,TACCTCTTCGATGTCTTTGA,0,2536845
mhpRp2,0.5,1,1,TACCTAAGATGGGTATTGTC,0,2492977
mhpRp2,0.5,1,1,TACCCTCGGACCTGCTACGG,0,2537414
mhpRp2,0.5,1,1,TACCCGATCACAGTCCCTGA,0,2506974
mhpRp2,0.5,1,1,TACCCAACCAACTCGTGCTA,0,2535837
mhpRp2,0.5,1,1,TACCAGAACTTTAATTCTTT,0,2523518
mhpRp2,0.5,1,1,TACCACGGAATACATGCAAC,0,2494822
mhpRp2,0.5,1,1,TACATTAAAAGCTCAGGGTG,0,2482109
mhpRp2,0.5,1,1,TACATGGCTCCGTAGGAATC,0,2494492
mhpRp2,0.5,1,1,TACATGGCGCATACGTGCTG,0,2526763
mhpRp2,0.5,1,1,TACAGTCGTAGGGGGCATTT,0,2505691
mhpRp2,0.5,1,1,TACAGTAAGTCCGCGCGATA,0,2544655
mhpRp2,0.5,1,1,TACAGACGAACGAACTGCGT,0,2501596
mhpRp2,0.5,1,1,TACACCTGGATGTCTTAACA,0,2483644
mhpRp2,0.5,1,1,TACAATTGCAGGCTCTCTGT,0,2480943
mhpRp2,0.5,1,1,TACAAAACTGGGTGCTTTCG,0,2505497
mhpRp2,0.5,1,1,TAATTGAGTGAACAATAGGA,0,2530617
mhpRp2,0.5,1,1,TAATGTTGCCCGATTACGAC,0,2494312
mhpRp2,0.5,1,1,TAATGTCATAACCTAGTGAA,0,2542500
mhpRp2,0.5,1,1,TAATGTACAAGGCTACGGAT,0,2541741
mhpRp2,0.5,1,1,TAATCACGCACGTCGGAACA,0,2528114
mhpRp2,0.5,1,1,TAATATAGGTGCTATACGCA,0,2542103
mhpRp2,0.5,1,1,TAATAGAGGCAAGAGTAAGC,0,2526091
mhpRp2,0.5,1,1,TAAGTTAGTGCTGGCACTTA,0,2490947
mhpRp2,0.5,1,1,TAAGTGACCATACGATGTAT,0,2527628
mhpRp2,0.5,1,1,TAAGGGTAATGAGCAGCAAC,0,2502647
mhpRp2,0.5,1,1,TAAGGCCATATCTGGGCATA,0,2521901
mhpRp2,0.5,1,1,TAAGCCCGATCTCTGTATTT,0,2525903
mhpRp2,0.5,1,1,TAAGAGGCGGGTTGAGTCTG,0,2529585
mhpRp2,0.5,1,1,TAAGACCTGAGGGGACAAGA,0,2540248
mhpRp2,0.5,1,1,TAAGACCGTAATCTAATAGT,0,2517269
mhpRp2,0.5,1,1,TAACTTACAGATACGGCAGC,0,2498200
mhpRp2,0.5,1,1,TAACTCTCCCCTCATCCCAC,0,2523167
mhpRp2,0.5,1,1,TAACGTCACAAGTAAACGAC,0,2493831
mhpRp2,0.5,1,1,TAACGGACGAGGGGCGGAAC,0,2509709
mhpRp2,0.5,1,1,TAACCGTCCGGACGCGTTGT,0,2523065
mhpRp2,0.5,1,1,TAACCGGGTTAGCCATCACT,0,2540105
mhpRp2,0.5,1,1,TAACCCTGAAGTAGTCCAGC,0,2483828
mhpRp2,0.5,1,1,TAACCCGAGCATCACGTAAT,0,2538676
mhpRp2,0.5,1,1,TAACACCTCGCATATTGCTT,0,2544615
mhpRp2,0.5,1,1,TAACACCATAGTTTGCCTTC,0,2497760
mhpRp2,0.5,1,1,TAACAAGCTGCGGACTTCAC,0,2511939
mhpRp2,0.5,1,1,TAACAAACGTCCCTGATTCA,0,2510259
mhpRp2,0.5,1,1,TAAATTGTTGTGCGTGGATG,0,2497336
mhpRp2,0.5,1,1,TAAATATGATACGGCAATTT,0,2486124
mhpRp2,0.5,1,1,TAAATAATGGGCAGGGATCC,0,2481303
mhpRp2,0.5,1,1,TAAAGTGGCATTCCGATGAT,0,2483202
mhpRp2,0.5,1,1,TAAAGTCCTAAGTCCGTGGA,0,2524598
mhpRp2,0.5,1,1,TAAACCGCGTGCTTACTGTT,0,2540553
mhpRp2,0.5,1,1,GTTTTTTAAAACCGCAGAGT,0,2507298
mhpRp2,0.5,1,1,GTTTTGGCTCAACAGCAAAG,0,2496757
mhpRp2,0.5,1,1,GTTTTGGCGCCTAAAAAAAG,0,2521041
mhpRp2,0.5,1,1,GTTTTACGGCTCCTAAGCAG,0,2493513
mhpRp2,0.5,1,1,GTTTTAAGTGGCCTCGGGGC,0,2506689
mhpRp2,0.5,1,1,GTTTTAAAAACTGCGTCTTT,0,2504793
mhpRp2,0.5,1,1,GTTTCTTTCAGTCGTAGGAG,0,2513238
mhpRp2,0.5,1,1,GTTTCCGTTGAAAATTAAAT,0,2484700
mhpRp2,0.5,1,1,GTTTCACTGGCGGTAAGATC,0,2545039
mhpRp2,0.5,1,1,GTTTCAACAAATTGTGCGGC,0,2497260
mhpRp2,0.5,1,1,GTTTATGCGCGCTCGAGAAA,0,2495971
mhpRp2,0.5,1,1,GTTTAGGCTGAATTGTAGCC,0,2538364
mhpRp2,0.5,1,1,GTTTAGCGAAGGGCAAGGTA,0,2512984
mhpRp2,0.5,1,1,GTTTAAGTCTGGATGGGCCA,0,2545542
mhpRp2,0.5,1,1,GTTGTGTCTTCAGGCGTATA,0,2489183
mhpRp2,0.5,1,1,GTTGTGCGGCAGTTCTGGCT,0,2533886
mhpRp2,0.5,1,1,GTTGGTCCAAACAATGGGCT,0,2510883
mhpRp2,0.5,1,1,GTTGGTACTGAAGGTCTGGC,0,2514257
mhpRp2,0.5,1,1,GTTGGGTGTGGGTGTATTCC,0,2545808
mhpRp2,0.5,1,1,GTTGGGGGTCTGCAGTCCGC,0,2489786
mhpRp2,0.5,1,1,GTTGGAAGATTCCTTGAGGA,0,2544126
mhpRp2,0.5,1,1,GTTGCTCTTATCTAAGTTAC,0,2504090
mhpRp2,0.5,1,1,GTTGCTAAGGTGACCTTACC,0,2506849
mhpRp2,0.5,1,1,GTTGATGAACTGCCGGTCAT,0,2522809
mhpRp2,0.5,1,1,GTTGATCCTCACTCGTTTTG,0,2482643
mhpRp2,0.5,1,1,GTTGAAGAAAAGCCTACGTA,0,2545152
mhpRp2,0.5,1,1,GTTCTTTAAGCAGGACCTGA,0,2490879
mhpRp2,0.5,1,1,GTTCTGCGTGTTAGCTGAGT,0,2481607
mhpRp2,0.5,1,1,GTTCGTTCATATGGAGAGTC,0,2529261
mhpRp2,0.5,1,1,GTTCGTGAGGCGCATTGCGC,0,2491770
mhpRp2,0.5,1,1,GTTCGGCTACCCACACGATG,0,2494489
mhpRp2,0.5,1,1,GTTCGAGACGTAATGCGAGA,0,2524353
mhpRp2,0.5,1,1,GTTCATTGTGGGAGTGACGT,0,2502071
mhpRp2,0.5,1,1,GTTCATGACCTCAGATATTT,0,2512895
mhpRp2,0.5,1,1,GTTCACGGCACTTAGCAATT,0,2543185
mhpRp2,0.5,1,1,GTTCAAACCGGGACCATCTG,0,2489413
mhpRp2,0.5,1,1,GTTATTGTTACTATTCAGGT,0,2537431
mhpRp2,0.5,1,1,GTTATGGTTTTGGGGGGTGA,0,2524069
mhpRp2,0.5,1,1,GTTATGCCACAGTAAGTGGT,0,2534974
mhpRp2,0.5,1,1,GTTATCCGTTGGGGAACCTG,0,2496129
mhpRp2,0.5,1,1,GTTATAGGCTATCACATGGA,0,2542576
mhpRp2,0.5,1,1,GTTATAGACGTCACGATCTA,0,2525315
mhpRp2,0.5,1,1,GTTAGTTACTGCCAAATGTA,0,2491637
mhpRp2,0.5,1,1,GTTAGTTACCCCAACCGGGT,0,2514739
mhpRp2,0.5,1,1,GTTAGTACGCAGTAGTTGGC,0,2520334
mhpRp2,0.5,1,1,GTTAGGCGACTTCTGAGTTG,0,2506891
mhpRp2,0.5,1,1,GTTAGGAGAGATGGCTACAC,0,2480563
mhpRp2,0.5,1,1,GTTAGCCTACCAATGTACTC,0,2527170
mhpRp2,0.5,1,1,GTTAGCAAGAGCCTAGCGTC,0,2515406
mhpRp2,0.5,1,1,GTTACTGTGGTTATAAGAAG,0,2545368
mhpRp2,0.5,1,1,GTTACTGAATCATCTGCACG,0,2499698
mhpRp2,0.5,1,1,GTTACCGTACTAGGCATTGT,0,2488284
mhpRp2,0.5,1,1,GTTACACCCTGGCCGGCCAC,0,2486297
mhpRp2,0.5,1,1,GTTACACATCACGCTCAGAG,0,2525223
mhpRp2,0.5,1,1,GTTAATTCAGAGCCAAGACA,0,2492301
mhpRp2,0.5,1,1,GTTAAGTTGGGAATCAAAAG,0,2535248
mhpRp2,0.5,1,1,GTTAAGTCATGTTCCGCAGA,0,2501049
mhpRp2,0.5,1,1,GTTAACTTTACCCGGTTAAC,0,2484058
mhpRp2,0.5,1,1,GTTAACCACACCGACGGATC,0,2529057
mhpRp2,0.5,1,1,GTTAAACGAATCACCCACAT,0,2515680
mhpRp2,0.5,1,1,GTGTTTGAATGCAGAAAACA,0,2519415
mhpRp2,0.5,1,1,GTGTTGGGCCATTTTTAGTC,0,2506320
mhpRp2,0.5,1,1,GTGTTAGTTCTAGCGCGGCG,0,2497957
mhpRp2,0.5,1,1,GTGTTAGAGTTCATGGGATA,0,2505085
mhpRp2,0.5,1,1,GTGTGTGTGTCGATAGTCTC,0,2544039
mhpRp2,0.5,1,1,GTGTGGTTCAAAGTGTCAGT,0,2545050
mhpRp2,0.5,1,1,GTGTGGGACGATCCAACTGC,0,2498266
mhpRp2,0.5,1,1,GTGTGAGTTTACTTAAGTAC,0,2515317
mhpRp2,0.5,1,1,GTGTGAGGTTCCAACACGCC,0,2538018
mhpRp2,0.5,1,1,GTGTCTTCTCCGTCATCACG,0,2519767
mhpRp2,0.5,1,1,GTGTCTGCCCTAGAGCCCTT,0,2480136
mhpRp2,0.5,1,1,GTGTCTCGGGGACTAACTGA,0,2520626
mhpRp2,0.5,1,1,GTGTCGTGTGCCTTCACGAT,0,2527890
mhpRp2,0.5,1,1,GTGTCCGGCGAAAGTGGATC,0,2537222
mhpRp2,0.5,1,1,GTGTCACGGGGACATCAGGC,0,2505533
mhpRp2,0.5,1,1,GTGTATTTGTTATCCTACCA,0,2506799
mhpRp2,0.5,1,1,GTGTACGCGCTATTTTCTGC,0,2518548
mhpRp2,0.5,1,1,GTGGTAGCTCATTCATGTTC,0,2499702
mhpRp2,0.5,1,1,GTGGTAGCCGTTTCTGGAGA,0,2534141
mhpRp2,0.5,1,1,GTGGGTGAATGCAGGACTTC,0,2522525
mhpRp2,0.5,1,1,GTGGGTAGGGAAAGCACGCC,0,2494318
mhpRp2,0.5,1,1,GTGGGTAAGTGATGGGTGGC,0,2507486
mhpRp2,0.5,1,1,GTGGGGGCTATAATCCGTTT,0,2521876
mhpRp2,0.5,1,1,GTGGGGGCCGTCGCGCCGAG,0,2513715
mhpRp2,0.5,1,1,GTGGGCAGTTGGTCGTGTTA,0,2486671
mhpRp2,0.5,1,1,GTGGCGAGCGTACAGGTGTG,0,2532848
mhpRp2,0.5,1,1,GTGGCATGGAAATATATCGT,0,2484727
mhpRp2,0.5,1,1,GTGGCATAATAGATTCAGTG,0,2523208
mhpRp2,0.5,1,1,GTGGAACAACTCATGGCGTT,0,2528641
mhpRp2,0.5,1,1,GTGCTTTAAGGGACACGTCG,0,2484808
mhpRp2,0.5,1,1,GTGCTTCTCCTGCCGTGCTA,0,2544054
mhpRp2,0.5,1,1,GTGCTTCGATTCGCCCCGAG,0,2510797
mhpRp2,0.5,1,1,GTGCTCCTACTGCCCCGCTA,0,2480836
mhpRp2,0.5,1,1,GTGCGTACCCGCATATTCCA,0,2536208
mhpRp2,0.5,1,1,GTGCGGAGGGCGAGATTCGT,0,2535067
mhpRp2,0.5,1,1,GTGCGACGGTCGATGTACGA,0,2520569
mhpRp2,0.5,1,1,GTGCGAACATACGGGGTACA,0,2498417
mhpRp2,0.5,1,1,GTGCCGACTCTAATTAATGC,0,2502246
mhpRp2,0.5,1,1,GTGCCCGCGCCATATACTCC,0,2508468
mhpRp2,0.5,1,1,GTGCATAAATCGGAGGAGGT,0,2491854
mhpRp2,0.5,1,1,GTGCAGGTTTAGACTGAGGA,0,2543072
mhpRp2,0.5,1,1,GTGCAGGCTTATTACTTGTG,0,2534662
mhpRp2,0.5,1,1,GTGCAGCCCATGCCAGTTGG,0,2494450
mhpRp2,0.5,1,1,GTGCAACGCCGTCTAGGGCG,0,2509616
mhpRp2,0.5,1,1,GTGATTGCTATCTTTTGATC,0,2507622
mhpRp2,0.5,1,1,GTGATTCGTTCTTGTGGTAA,0,2510725
mhpRp2,0.5,1,1,GTGATTCAAGTTCAACCCTC,0,2527929
mhpRp2,0.5,1,1,GTGAGATGTGTATATGGGGT,0,2479926
mhpRp2,0.5,1,1,GTGAGATACCGGTGGTAGTT,0,2507972
mhpRp2,0.5,1,1,GTGAAGATCGGGCAACTCCA,0,2505809
mhpRp2,0.5,1,1,GTCTTTAGATACGAAGCGGT,0,2519984
mhpRp2,0.5,1,1,GTCTTCCCACAAGCCCAACC,0,2501936
mhpRp2,0.5,1,1,GTCTTCAGGCGGTGGAGCAC,0,2489887
mhpRp2,0.5,1,1,GTCTGATGCACGATGGAGTC,0,2543039
mhpRp2,0.5,1,1,GTCTGATAATGGAGTACCTC,0,2513356
mhpRp2,0.5,1,1,GTCTATTGCGCCTTCTCGTA,0,2507920
mhpRp2,0.5,1,1,GTCTATCTGCTTGCCTAGGC,0,2542164
mhpRp2,0.5,1,1,GTCTAGAAAGGGGATGCGGA,0,2490221
mhpRp2,0.5,1,1,GTCTAATTGCGTGACCTTTA,0,2524909
mhpRp2,0.5,1,1,GTCTAATTAAAAGCGTGCTC,0,2536975
mhpRp2,0.5,1,1,GTCGTCTGCATTGGTCACTA,0,2519606
mhpRp2,0.5,1,1,GTCGTAGTGCGGCACGCATG,0,2486247
mhpRp2,0.5,1,1,GTCGGTTGCTCTCAGCCGGT,0,2484217
mhpRp2,0.5,1,1,GTCGGCGTGACACCCGGGGC,0,2521751
mhpRp2,0.5,1,1,GTCGCTCTACTTTAGGTAAA,0,2493637
mhpRp2,0.5,1,1,GTCGATTATAGTGTCAGAGC,0,2513831
mhpRp2,0.5,1,1,GTCGAGTAAGAACATAAGAG,0,2519123
mhpRp2,0.5,1,1,GTCCTCTACGGTTCATATTG,0,2538549
mhpRp2,0.5,1,1,GTCCGTGAAAGCGCAGGAAG,0,2535328
mhpRp2,0.5,1,1,GTCCGATGGACTGGGGAAAA,0,2479948
mhpRp2,0.5,1,1,GTCCGACTATTGTGTATGGG,0,2517122
mhpRp2,0.5,1,1,GTCCCTATGATTCGCTGTAT,0,2492102
mhpRp2,0.5,1,1,GTCCCTAGCTAGACGAACCA,0,2498533
mhpRp2,0.5,1,1,GTCCCCTTTTTCGGATATTT,0,2519599
mhpRp2,0.5,1,1,GTCCCACGATCTCCTGACGG,0,2483416
mhpRp2,0.5,1,1,GTCCACGATTATAAACGGGC,0,2491099
mhpRp2,0.5,1,1,GTCATTCGACGGAAAGAACC,0,2501356
mhpRp2,0.5,1,1,GTCATGACCTTACCCTCAAA,0,2513690
mhpRp2,0.5,1,1,GTCAGCGCGCGGCGTCCGCC,0,2482975
mhpRp2,0.5,1,1,GTCACTGATTCCGTCCCACA,0,2540541
mhpRp2,0.5,1,1,GTCACCACAGTCTATTTTCG,0,2483869
mhpRp2,0.5,1,1,GTCACAGAAGGACAGATAGG,0,2525118
mhpRp2,0.5,1,1,GTCACAAGGGGTGTGTGTAT,0,2543736
mhpRp2,0.5,1,1,GTCACAAACCCGGGAGTCAT,0,2530249
mhpRp2,0.5,1,1,GTCAATTTAGGTTAATCCCA,0,2491477
mhpRp2,0.5,1,1,GTCAAATCGTCTTCGTCAAT,0,2541861
mhpRp2,0.5,1,1,GTCAAAATGGGCATTTAGAA,0,2523003
mhpRp2,0.5,1,1,GTATTCAATTCTGTCCCACA,0,2517910
mhpRp2,0.5,1,1,GTATGTGGCAGACCCCGGGC,0,2511406
mhpRp2,0.5,1,1,GTATGTAAACTGAGGATGAT,0,2529333
mhpRp2,0.5,1,1,GTATGGTGCCCCGATACCAA,0,2522601
mhpRp2,0.5,1,1,GTATGCGTGGGACGGGACTG,0,2519547
mhpRp2,0.5,1,1,GTATGATCCCAAGTCTCCGT,0,2498654
mhpRp2,0.5,1,1,GTATGAGCTGATCCAATGCT,0,2493669
mhpRp2,0.5,1,1,GTATCCAACCGAATGACAAG,0,2503471
mhpRp2,0.5,1,1,GTATCATGCTTTCCCTGTGC,0,2487633
mhpRp2,0.5,1,1,GTATCATGCACGCACTGGTG,0,2487477
mhpRp2,0.5,1,1,GTATATGGTATGGCAAAAAT,0,2509435
mhpRp2,0.5,1,1,GTATAGTTGCTAGGGGGTAC,0,2539090
mhpRp2,0.5,1,1,GTATAGACCACCGGATGAGT,0,2497385
mhpRp2,0.5,1,1,GTATACTTAGGACGTTTCGT,0,2521582
mhpRp2,0.5,1,1,GTATACAGAGCAGCTACGGT,0,2487042
mhpRp2,0.5,1,1,GTATAATGATTGGATTCGGG,0,2542443
mhpRp2,0.5,1,1,GTAGTCAGGACAATTTGCTG,0,2536279
mhpRp2,0.5,1,1,GTAGGTTCGCCTTGAAACGA,0,2504347
mhpRp2,0.5,1,1,GTAGCTCTATTACAGGGCGA,0,2540567
mhpRp2,0.5,1,1,GTAGCTCGCGTTATTGCCGA,0,2542123
mhpRp2,0.5,1,1,GTAGCTAAAAAAATATGACA,0,2487961
mhpRp2,0.5,1,1,GTAGCCTTCAAGGAGATGCA,0,2487805
mhpRp2,0.5,1,1,GTAGCCTCGGAAGTTGTGGG,0,2517647
mhpRp2,0.5,1,1,GTAGCAGCGTCTGAGGCCCT,0,2527307
mhpRp2,0.5,1,1,GTAGCAAGCGAAGTTGCGTA,0,2518501
mhpRp2,0.5,1,1,GTAGATGCGGCGCTGGGTGG,0,2520609
mhpRp2,0.5,1,1,GTAGATCTCGTATATTCTAT,0,2521201
mhpRp2,0.5,1,1,GTAGAGGCTGACCCATCAGA,0,2534234
mhpRp2,0.5,1,1,GTAGAGAGTGCAAAATATAA,0,2480039
mhpRp2,0.5,1,1,GTAGAAGTGACGGTTTTGCA,0,2532050
mhpRp2,0.5,1,1,GTACTTACGTTTGTCCCGGA,0,2545871
mhpRp2,0.5,1,1,GTACTGGGAGCATACAACCT,0,2536204
mhpRp2,0.5,1,1,GTACTGAGTCTGTGTGGTAA,0,2542766
mhpRp2,0.5,1,1,GTACTCGGGGGAGCGCATTA,0,2511825
mhpRp2,0.5,1,1,GTACGAGTGTGGTGAGATTA,0,2523875
mhpRp2,0.5,1,1,GTACCTCATGTGACGTCAGT,0,2545744
mhpRp2,0.5,1,1,GTACCTACTGATTGCGCGGT,0,2487526
mhpRp2,0.5,1,1,GTACCCGTGGACTGGGTACG,0,2528730
mhpRp2,0.5,1,1,GTACATGCGCATCGATAGTC,0,2514669
mhpRp2,0.5,1,1,GTACACTTACAATCCTTCGA,0,2511487
mhpRp2,0.5,1,1,GTAATTGTTACACTTCCGAC,0,2530691
mhpRp2,0.5,1,1,GTAATGGGACTATAAACCGG,0,2515232
mhpRp2,0.5,1,1,GTAATACATACGAGGTGCGA,0,2526715
mhpRp2,0.5,1,1,GTAAGGTTAGGGCTGCGTCT,0,2493054
mhpRp2,0.5,1,1,GTAAGCCTCAGCTATTTGGA,0,2536901
mhpRp2,0.5,1,1,GTAACTGTGGAGTATAACTC,0,2499601
mhpRp2,0.5,1,1,GGTTTGCGTGCGCCCAAAGG,0,2489140
mhpRp2,0.5,1,1,GGTTTATGACGGGGTAAGAG,0,2491374
mhpRp2,0.5,1,1,GGTTTAAATCGTCTTATACG,0,2479947
mhpRp2,0.5,1,1,GGTTGTTACGCGCATGTTTC,0,2535762
mhpRp2,0.5,1,1,GGTTCAATATATCGTAATAA,0,2481156
mhpRp2,0.5,1,1,GGTTATTGGGTGGGTCTTGT,0,2540039
mhpRp2,0.5,1,1,GGTTACGAATAAACTACTTA,0,2483114
mhpRp2,0.5,1,1,GGTTACACTGTTTACCGTGC,0,2523485
mhpRp2,0.5,1,1,GGTGGTTGCAACTGCTCCAG,0,2516046
mhpRp2,0.5,1,1,GGTGGCGTTATTCGCGCGGT,0,2493123
mhpRp2,0.5,1,1,GGTGCCATTTAACTTTGATC,0,2524230
mhpRp2,0.5,1,1,GGTGATGTAACTCAAATACT,0,2493372
mhpRp2,0.5,1,1,GGTGAGTTCAGGGTTAGCAG,0,2503419
mhpRp2,0.5,1,1,GGTGAGGAACTCAGAGTTAG,0,2544491
mhpRp2,0.5,1,1,GGTGAGATTTGAACAAGATC,0,2496057
mhpRp2,0.5,1,1,GGTGACTGCTGACACGCAAG,0,2520536
mhpRp2,0.5,1,1,GGTGAATTAGTGATATCGTG,0,2510184
mhpRp2,0.5,1,1,GGTCTTTCATACTTGCCTCA,0,2538360
mhpRp2,0.5,1,1,GGTCTTCGTGTCGTTCTCTA,0,2531081
mhpRp2,0.5,1,1,GGTCGTAAAAGGACGCGGGT,0,2519074
mhpRp2,0.5,1,1,GGTCGGAACAACTGAGCCCA,0,2527470
mhpRp2,0.5,1,1,GGTCGCGGGCATGCGGGACT,0,2516072
mhpRp2,0.5,1,1,GGTCCTGGAGCGGTATCTGG,0,2533883
mhpRp2,0.5,1,1,GGTCCCATTGCGCCGTCCGG,0,2543609
mhpRp2,0.5,1,1,GGTCATGCCAGGAGGAAGCC,0,2509617
mhpRp2,0.5,1,1,GGTCATCGTCACGAACATAG,0,2504996
mhpRp2,0.5,1,1,GGTCAGGACCGTGCCATCCC,0,2533665
mhpRp2,0.5,1,1,GGTATGCGAGTACACCATTT,0,2486442
mhpRp2,0.5,1,1,GGTATCACATTGGCATGGGA,0,2523423
mhpRp2,0.5,1,1,GGTATCAAGAGGATCGCAGG,0,2508013
mhpRp2,0.5,1,1,GGTAGTTGACTTCTTTTTTT,0,2533228
mhpRp2,0.5,1,1,GGTAGATTAAGGATCATCTC,0,2484531
mhpRp2,0.5,1,1,GGTACGTGAGGGAGGACATA,0,2535844
mhpRp2,0.5,1,1,GGTACGGGTCAAGAGAGGGT,0,2484452
mhpRp2,0.5,1,1,GGTACCGCTAGAAGATCCAT,0,2516368
mhpRp2,0.5,1,1,GGTACCCGACGACTCAAGAC,0,2518043
mhpRp2,0.5,1,1,GGTAAGTAGTTACGTCACTT,0,2494076
mhpRp2,0.5,1,1,GGTAACCAGCTCTGCAATTT,0,2510645
mhpRp2,0.5,1,1,GGGTTTTGAGAAGCTTACCA,0,2509783
mhpRp2,0.5,1,1,GGGTTCTTCACACATGCCAC,0,2503253
mhpRp2,0.5,1,1,GGGTTCCGTCTTTGGTTCCG,0,2516665
mhpRp2,0.5,1,1,GGGTTCAACCCCAGGTGTGG,0,2532666
mhpRp2,0.5,1,1,GGGTCGGCGTCAGTCGCAAA,0,2535303
mhpRp2,0.5,1,1,GGGTCCTAAAGAAGCCTACT,0,2502173
mhpRp2,0.5,1,1,GGGTCATAGGGTTAATTATC,0,2545257
mhpRp2,0.5,1,1,GGGTCAGGGTTCGATATAAG,0,2489861
mhpRp2,0.5,1,1,GGGTAGACTTTGTTATAGCC,0,2531437
mhpRp2,0.5,1,1,GGGTACGTTCGGTAGACCCC,0,2484135
mhpRp2,0.5,1,1,GGGTAAGGCTGTCGAGTAAT,0,2496511
mhpRp2,0.5,1,1,GGGGTTCAGGACTTTTCCGC,0,2510164
mhpRp2,0.5,1,1,GGGGTGGCCTCCCAGTAGTG,0,2494100
mhpRp2,0.5,1,1,GGGGTCGATCTACGCTTTTC,0,2497148
mhpRp2,0.5,1,1,GGGGGTGAAAGGCCAGGCCT,0,2524973
mhpRp2,0.5,1,1,GGGGGCGACGCTGTTAAGGG,0,2507665
mhpRp2,0.5,1,1,GGGGGCCTTATGATCCGTGA,0,2484932
mhpRp2,0.5,1,1,GGGGGAACTCGACAACGATT,0,2512694
mhpRp2,0.5,1,1,GGGGCTTAGCCATCTGCAAG,0,2531500
mhpRp2,0.5,1,1,GGGGCGGTCCTACCGCGCAC,0,2528303
mhpRp2,0.5,1,1,GGGGCATGCCTAGGAATGAA,0,2483303
mhpRp2,0.5,1,1,GGGGCATCGTTGCGTACTTA,0,2545346
mhpRp2,0.5,1,1,GGGGAGTTGTTGTGCCTTTC,0,2481615
mhpRp2,0.5,1,1,GGGGACTGTGGCGTTATCCC,0,2505498
mhpRp2,0.5,1,1,GGGGAACGCGAGTATATGGC,0,2544145
mhpRp2,0.5,1,1,GGGCTCGCTATTAACATGCC,0,2522608
mhpRp2,0.5,1,1,GGGCTACGTGTAAGGCTGTT,0,2518466
mhpRp2,0.5,1,1,GGGCGGAGGGTCAGCCATTG,0,2540684
mhpRp2,0.5,1,1,GGGCGCTGCGGCCAGGCAAT,0,2498568
mhpRp2,0.5,1,1,GGGCGCTCCACCCCTGGTAA,0,2496442
mhpRp2,0.5,1,1,GGGCGATTTCTTGCTGGCCA,0,2527977
mhpRp2,0.5,1,1,GGGCCTCCGCTGCAAAGGAC,0,2515204
mhpRp2,0.5,1,1,GGGCCTCAAGATAATCAGAA,0,2502446
mhpRp2,0.5,1,1,GGGCCTAAACCTATGACGAA,0,2535451
mhpRp2,0.5,1,1,GGGCATGGACATCAAGATTC,0,2531235
mhpRp2,0.5,1,1,GGGCATGATAGACTTGAGCC,0,2535978
mhpRp2,0.5,1,1,GGGCATACCGCCCTAGATAA,0,2496267
mhpRp2,0.5,1,1,GGGCACGAAGCGCAGTAGCT,0,2543330
mhpRp2,0.5,1,1,GGGATTTTTCATCATACTAT,0,2530420
mhpRp2,0.5,1,1,GGGATTAGAAGGGAGGTGAG,0,2518247
mhpRp2,0.5,1,1,GGGAGGAGCTGCGTCTAGAG,0,2496012
mhpRp2,0.5,1,1,GGGAGCGCCTCCGTCTTCAG,0,2518855
mhpRp2,0.5,1,1,GGGAGCGACATTGGGCTGAA,0,2507007
mhpRp2,0.5,1,1,GGGAGAACGGATCGGCTAAC,0,2513250
mhpRp2,0.5,1,1,GGGACTATGGACATCACTGG,0,2515859
mhpRp2,0.5,1,1,GGGACACCACTTACGCGTTT,0,2504339
mhpRp2,0.5,1,1,GGGAAGCGTGGGGTTGCAGG,0,2488751
mhpRp2,0.5,1,1,GGGAAAGCAGGCCGGGATAC,0,2508940
mhpRp2,0.5,1,1,GGGAAAGAGCGTAAAGCTGC,0,2491050
mhpRp2,0.5,1,1,GGCTTCCCTCTCTAGCTATG,0,2483936
mhpRp2,0.5,1,1,GGCTTAAATCAACCCCCTGT,0,2493141
mhpRp2,0.5,1,1,GGCTGTGGGTGGTAGAGACC,0,2532422
mhpRp2,0.5,1,1,GGCTCGTTTTACTTTGGAGA,0,2490174
mhpRp2,0.5,1,1,GGCTCGGGCCAAAGTAGAGC,0,2505974
mhpRp2,0.5,1,1,GGCTCGGCGTCGCAGCCAAG,0,2509304
mhpRp2,0.5,1,1,GGCTCGCTCACCACCACGAT,0,2518052
mhpRp2,0.5,1,1,GGCTCGCTACATGGGCATAA,0,2484762
mhpRp2,0.5,1,1,GGCTCCCGAACAATCGTCAT,0,2496675
mhpRp2,0.5,1,1,GGCTCAGTACAGAGAAGATG,0,2519267
mhpRp2,0.5,1,1,GGCTAGTGATCTTCCTGTAT,0,2525216
mhpRp2,0.5,1,1,GGCTAGAGGTGGATATCTCC,0,2523948
mhpRp2,0.5,1,1,GGCTAAGATGATGGTAGTCA,0,2526771
mhpRp2,0.5,1,1,GGCGTTAGTTAGCGTACTCT,0,2520805
mhpRp2,0.5,1,1,GGCGTGGCGGTCGCCACCTG,0,2485178
mhpRp2,0.5,1,1,GGCGTAGACGTTGTGGTCAT,0,2518462
mhpRp2,0.5,1,1,GGCGGGGAGTTACGTCCTTC,0,2505191
mhpRp2,0.5,1,1,GGCGGGCACGGGCGTGTATG,0,2531726
mhpRp2,0.5,1,1,GGCGGCTCTGGCGGGCAAAA,0,2526418
mhpRp2,0.5,1,1,GGCGGATCCATGGAGGCACC,0,2504206
mhpRp2,0.5,1,1,GGCGGAAGTCAGAACGCAGG,0,2507637
mhpRp2,0.5,1,1,GGCGCTAGAGTTTTGCGATT,0,2528439
mhpRp2,0.5,1,1,GGCGAACAGGTCCGACTATA,0,2535948
mhpRp2,0.5,1,1,GGCCTTTGTGGTAACCCCAA,0,2545422
mhpRp2,0.5,1,1,GGCCTTATCGAATTATTCAT,0,2502598
mhpRp2,0.5,1,1,GGCCTGGTTGAGTGTAGACA,0,2498473
mhpRp2,0.5,1,1,GGCCGGGCTCGGTATTAGAG,0,2540606
mhpRp2,0.5,1,1,GGCCCGACTTTTGTTGCGGT,0,2481034
mhpRp2,0.5,1,1,GGCCCCCTTAGTATTCAAGA,0,2535932
mhpRp2,0.5,1,1,GGCCAGGCCGTGATTGGCTC,0,2536780
mhpRp2,0.5,1,1,GGCCAGCTTCTAAGTGCTCG,0,2520027
mhpRp2,0.5,1,1,GGCCAGAAAAGGGGTCCAGG,0,2543639
mhpRp2,0.5,1,1,GGCCAAATTTTAATTCATCA,0,2484717
mhpRp2,0.5,1,1,GGCCAAAGTGGCCGGGCCCA,0,2544296
mhpRp2,0.5,1,1,GGCATTTTCTCAGCCTTTTC,0,2486147
mhpRp2,0.5,1,1,GGCATGCGTGTCATTCAAGC,0,2490593
mhpRp2,0.5,1,1,GGCATCAATTCGCCAGGCGA,0,2543845
mhpRp2,0.5,1,1,GGCATACCGACATGACTTGG,0,2483707
mhpRp2,0.5,1,1,GGCAGGACCGCGTGTTCACT,0,2483619
mhpRp2,0.5,1,1,GGCAGCCCCGGGTCTAGTTC,0,2481473
mhpRp2,0.5,1,1,GGCAGACTACAATCGTTTAC,0,2528842
mhpRp2,0.5,1,1,GGCACTACTGCGCCTATTCG,0,2516467
mhpRp2,0.5,1,1,GGCAATCTCACATGCTTGAC,0,2532727
mhpRp2,0.5,1,1,GGATTCAATAGTTTCAGTGT,0,2542795
mhpRp2,0.5,1,1,GGATTAGGGATATTCAAGCT,0,2492929
mhpRp2,0.5,1,1,GGATTAAAATAAGTTTATAA,0,2542674
mhpRp2,0.5,1,1,GGATGGGTTTTGTAAGCGGG,0,2520219
mhpRp2,0.5,1,1,GGATGCATCACCTTGTTCAA,0,2519327
mhpRp2,0.5,1,1,GGATGCACGTAATCGTGCGG,0,2538987
mhpRp2,0.5,1,1,GGATCCGATGTGTGCCGTCG,0,2518454
mhpRp2,0.5,1,1,GGATCCAGCGTCCATCTTTA,0,2503298
mhpRp2,0.5,1,1,GGATCATTCCAGACCCCGCG,0,2501190
mhpRp2,0.5,1,1,GGATAGGTCCGCAAGTCTAT,0,2489995
mhpRp2,0.5,1,1,GGATAGAGAAAAGCGCTCTT,0,2480189
mhpRp2,0.5,1,1,GGATAAGTCGAGCAACATAG,0,2497543
mhpRp2,0.5,1,1,GGAGTTGTCCAGTAAGTAGG,0,2481780
mhpRp2,0.5,1,1,GGAGTTGTCCAGTAAGAAGG,0,2481736
mhpRp2,0.5,1,1,GGAGTTCGGGCCGACCACGT,0,2499470
mhpRp2,0.5,1,1,GGAGTGCAGCGAATGCTTAC,0,2530462
mhpRp2,0.5,1,1,GGAGTAACAAAAGTGCTTAC,0,2519806
mhpRp2,0.5,1,1,GGAGGTAGGCTCAAGATTAA,0,2537041
mhpRp2,0.5,1,1,GGAGGCCTTCCCTTACTCTA,0,2531870
mhpRp2,0.5,1,1,GGAGGAGAGCTCGCTCCATG,0,2490528
mhpRp2,0.5,1,1,GGAGGACGAGTCCTCGAGTT,0,2535073
mhpRp2,0.5,1,1,GGAGCATTTACATCTCACGA,0,2516799
mhpRp2,0.5,1,1,GGAGCACGAATACCCATGCT,0,2483881
mhpRp2,0.5,1,1,GGAGCACATCCACATGTATG,0,2484334
mhpRp2,0.5,1,1,GGAGAGGGGAAATTTCCCCC,0,2500013
mhpRp2,0.5,1,1,GGAGAGGATCCCTAAATTAA,0,2513972
mhpRp2,0.5,1,1,GGAGACCAAGTCTATTTCAT,0,2485370
mhpRp2,0.5,1,1,GGAGAAAACGACAATCGGGT,0,2534238
mhpRp2,0.5,1,1,GGACTGGTCTATCTGATGGA,0,2493737
mhpRp2,0.5,1,1,GGACTGAGCACGGAGTGCAC,0,2520459
mhpRp2,0.5,1,1,GGACGCGGCGTTGTCACCGG,0,2516010
mhpRp2,0.5,1,1,GGACGCCGATGAACGTATGT,0,2528854
mhpRp2,0.5,1,1,GGACGACGCGCGGCTTCGGG,0,2515795
mhpRp2,0.5,1,1,GGACCTCTTCCGCCGGGGTA,0,2496507
mhpRp2,0.5,1,1,GGACCGCGCTCGCAGAGCGG,0,2523864
mhpRp2,0.5,1,1,GGACCACTGGACCGGAGTAC,0,2535763
mhpRp2,0.5,1,1,GGAATGGATTCCGGCTTCCA,0,2495058
mhpRp2,0.5,1,1,GGAATGCTACCATCCTAACC,0,2494228
mhpRp2,0.5,1,1,GGAATAGCTCGGCTTCACTT,0,2503072
mhpRp2,0.5,1,1,GGAAGCTTATTACGCGAATT,0,2494828
mhpRp2,0.5,1,1,GGAACCGGGTAGCCAATGCA,0,2499123
mhpRp2,0.5,1,1,GGAACCCGCTTGGGCTACCA,0,2530094
mhpRp2,0.5,1,1,GGAACATATTCCCGCGTCAT,0,2488011
mhpRp2,0.5,1,1,GGAACAACAAACAAAGTGAG,0,2519005
mhpRp2,0.5,1,1,GGAAAATGGCCAATGGCCGG,0,2485697
mhpRp2,0.5,1,1,GCTTGGAATAGGTTAGGCGC,0,2489139
mhpRp2,0.5,1,1,GCTTGCAGTGACGGAGGAAG,0,2498793
mhpRp2,0.5,1,1,GCTTCTTTGGCCATTATGGG,0,2506282
mhpRp2,0.5,1,1,GCTTCCACCACGTGCCTTAT,0,2527557
mhpRp2,0.5,1,1,GCTTATTAGGCACACACTAG,0,2505601
mhpRp2,0.5,1,1,GCTTAGATGGTTTTTTCGTC,0,2517026
mhpRp2,0.5,1,1,GCTTACAGACGCGCTCAGTT,0,2543608
mhpRp2,0.5,1,1,GCTTAAGTATCTGTGGCAAT,0,2514570
mhpRp2,0.5,1,1,GCTGTGCTGTGCGAAATGCG,0,2510953
mhpRp2,0.5,1,1,GCTGTGACTGGTCCTTCTAA,0,2535100
mhpRp2,0.5,1,1,GCTGTAGTATGAGCACGGAG,0,2523134
mhpRp2,0.5,1,1,GCTGGTGGAGCGTTAAACTC,0,2525730
mhpRp2,0.5,1,1,GCTGGGATGGTAGGTTTCGA,0,2529973
mhpRp2,0.5,1,1,GCTGGAACGGCTAATAGTGT,0,2481095
mhpRp2,0.5,1,1,GCTGCGGCACGATCGTAGGA,0,2514884
mhpRp2,0.5,1,1,GCTGCCAACGGTCTAGGCAT,0,2527812
mhpRp2,0.5,1,1,GCTGCACAAGGTCTGGCCAA,0,2519195
mhpRp2,0.5,1,1,GCTGAATATAATGGGTACAC,0,2513769
mhpRp2,0.5,1,1,GCTCTAGTGGTTTTATGCTG,0,2503981
mhpRp2,0.5,1,1,GCTCTAAATTTCACCGCCAC,0,2482514
mhpRp2,0.5,1,1,GCTCGTTGAATTGTTCCGCG,0,2509581
mhpRp2,0.5,1,1,GCTCGTGCGCAGGTTGCATA,0,2494454
mhpRp2,0.5,1,1,GCTCCGTTTATGGCTAGGCT,0,2525013
mhpRp2,0.5,1,1,GCTCCGCTCCCTAGCACTTC,0,2531815
mhpRp2,0.5,1,1,GCTCCATTCTGGTCGAGCTC,0,2490135
mhpRp2,0.5,1,1,GCTCCAGGTTCCAAATAAGC,0,2497651
mhpRp2,0.5,1,1,GCTCAGCGAATTCGGACTGC,0,2537051
mhpRp2,0.5,1,1,GCTCAAAGCCGCGCAAGGGG,0,2514090
mhpRp2,0.5,1,1,GCTATTCTGTTTGGATCGAT,0,2504209
mhpRp2,0.5,1,1,GCTATACTTCTGGTCGCGAA,0,2507854
mhpRp2,0.5,1,1,GCTAGGTCATGGACTCGAAC,0,2504680
mhpRp2,0.5,1,1,GCTAGATATCCCTAGGTTAC,0,2526912
mhpRp2,0.5,1,1,GCTACCTATTGATTCGCGTT,0,2507930
mhpRp2,0.5,1,1,GCTACCCTCGTGGCCTTAGG,0,2505731
mhpRp2,0.5,1,1,GCTACAACTGTTACGGGTAA,0,2529648
mhpRp2,0.5,1,1,GCTAATAAACATCCGGAAGA,0,2545696
mhpRp2,0.5,1,1,GCTAAGTCAAAGGTTGGCAT,0,2543716
mhpRp2,0.5,1,1,GCTAAACTGCGACATCGAGG,0,2543918
mhpRp2,0.5,1,1,GCGTGAATCTCGGGCCTAGG,0,2489999
mhpRp2,0.5,1,1,GCGTCATTCTTGCGAGTCTC,0,2496286
mhpRp2,0.5,1,1,GCGTCAATTCGACGCCTCTA,0,2528851
mhpRp2,0.5,1,1,GCGTAGCTATCATATCGGAA,0,2504959
mhpRp2,0.5,1,1,GCGGTGTCCTTGCCTCCGGG,0,2524409
mhpRp2,0.5,1,1,GCGGTGCATAGCTGTAGAGG,0,2502059
mhpRp2,0.5,1,1,GCGGTGATCAGTCTATATTA,0,2481837
mhpRp2,0.5,1,1,GCGGTGATAAATGATTAAAT,0,2513242
mhpRp2,0.5,1,1,GCGGTCAGGATCGTGTATTT,0,2484627
mhpRp2,0.5,1,1,GCGGGTGCAAGAAGGAGGCC,0,2519223
mhpRp2,0.5,1,1,GCGGGGCGTGATCACCCTAA,0,2503047
mhpRp2,0.5,1,1,GCGGGCTATCTCGGTCGGTC,0,2534925
mhpRp2,0.5,1,1,GCGGGCAGGGCCGTGTTATG,0,2504145
mhpRp2,0.5,1,1,GCGGGACAAACACTGGGTGA,0,2530243
mhpRp2,0.5,1,1,GCGGCCAGAACGAGTCCGGT,0,2480843
mhpRp2,0.5,1,1,GCGGATTTCGCCCAGGTTCC,0,2528807
mhpRp2,0.5,1,1,GCGGATGTCCCTAGGGACCA,0,2506007
mhpRp2,0.5,1,1,GCGGAGGTATATATATCATC,0,2522108
mhpRp2,0.5,1,1,GCGGAATCCCTGTTGCCATA,0,2528055
mhpRp2,0.5,1,1,GCGCTATACCCCTGGTCGTA,0,2545865
mhpRp2,0.5,1,1,GCGCGTGTTCGTAACTATTG,0,2491484
mhpRp2,0.5,1,1,GCGCGGTTCTAAGCCTCTTT,0,2529115
mhpRp2,0.5,1,1,GCGCGGATCCGGGGGTAATC,0,2485646
mhpRp2,0.5,1,1,GCGCGCGACCAACGTGACTC,0,2506441
mhpRp2,0.5,1,1,GCGCGCAACGAACAGGAAGC,0,2515688
mhpRp2,0.5,1,1,GCGCCTATTCATCATGCTTT,0,2494207
mhpRp2,0.5,1,1,GCGCCGATGGAATACGGGAG,0,2534661
mhpRp2,0.5,1,1,GCGCCCCAACTCGCCACGTA,0,2539197
mhpRp2,0.5,1,1,GCGCCCAAAGTGGCGATGGC,0,2498991
mhpRp2,0.5,1,1,GCGCATGATGAGCCGCGTCT,0,2515860
mhpRp2,0.5,1,1,GCGCATATATGTGGACTTGT,0,2511947
mhpRp2,0.5,1,1,GCGCACGAACACTATTACTG,0,2496820
mhpRp2,0.5,1,1,GCGCAACCGGGTATACCCCA,0,2501670
mhpRp2,0.5,1,1,GCGATTAGCGATCTCCAGTT,0,2542217
mhpRp2,0.5,1,1,GCGATGTAGATGCGCGGTCC,0,2510059
mhpRp2,0.5,1,1,GCGATGGCGTCAGGTCCGCG,0,2538081
mhpRp2,0.5,1,1,GCGATATTCGGTCTCGTGGT,0,2481285
mhpRp2,0.5,1,1,GCGAGTGTCTTTAAAAAAGA,0,2496898
mhpRp2,0.5,1,1,GCGAGGGACGAATGGCGAAT,0,2502735
mhpRp2,0.5,1,1,GCGAGCCGCCGGCGGGGCCT,0,2524607
mhpRp2,0.5,1,1,GCGACTCGCGCGCGTTGTTC,0,2485087
mhpRp2,0.5,1,1,GCGACTAGGCTAGAGGGACG,0,2486610
mhpRp2,0.5,1,1,GCGACGGTACTAGCTGTCAG,0,2521748
mhpRp2,0.5,1,1,GCGACCTCCCGTCGGGGATT,0,2543094
mhpRp2,0.5,1,1,GCGAATTTTCACCACTGATG,0,2528093
mhpRp2,0.5,1,1,GCGAACTCACATGCAGCACG,0,2516261
mhpRp2,0.5,1,1,GCGAACACCTCCTGTATAAT,0,2540560
mhpRp2,0.5,1,1,GCGAAATATATATGCTCATT,0,2523226
mhpRp2,0.5,1,1,GCCTTGAGGAAGTAATCGGA,0,2488942
mhpRp2,0.5,1,1,GCCTTCCCTCTCTAGCTATG,0,2483926
mhpRp2,0.5,1,1,GCCTTAAGTACCAATACGAC,0,2498395
mhpRp2,0.5,1,1,GCCTGTGCTAGGATGGCGTA,0,2496914
mhpRp2,0.5,1,1,GCCTGTAATCAGGATTTCCC,0,2514405
mhpRp2,0.5,1,1,GCCTGGACGTACGAGGAATG,0,2510529
mhpRp2,0.5,1,1,GCCTGCGTGCGGAAACCATA,0,2512944
mhpRp2,0.5,1,1,GCCTGACCCTACGAACCGCC,0,2518779
mhpRp2,0.5,1,1,GCCTCCGGAGGCTCATGCAC,0,2502132
mhpRp2,0.5,1,1,GCCTATACAGAGCGGACTGA,0,2513131
mhpRp2,0.5,1,1,GCCTACTCGCCGCACACAGA,0,2491072
mhpRp2,0.5,1,1,GCCTAAGACAACGGGATCGG,0,2514505
mhpRp2,0.5,1,1,GCCGTATCATATAAGCAAAT,0,2483799
mhpRp2,0.5,1,1,GCCGGTTAACGCTCTGCGTG,0,2504039
mhpRp2,0.5,1,1,GCCGGTCCGCGCCGGGGACT,0,2503835
mhpRp2,0.5,1,1,GCCGCGGGAGTCAATGGCAT,0,2542108
mhpRp2,0.5,1,1,GCCGCGCGCGCTGGTGGATA,0,2486351
mhpRp2,0.5,1,1,GCCCTGACGTCGTACTGTGA,0,2480349
mhpRp2,0.5,1,1,GCCCTCTCCGTAGGATGGGA,0,2531548
mhpRp2,0.5,1,1,GCCCTACCCACCGAGGAGGT,0,2496479
mhpRp2,0.5,1,1,GCCCGTCAGCGCTCTTTCCG,0,2540193
mhpRp2,0.5,1,1,GCCCGGTAGCTTCAGAATAG,0,2518989
mhpRp2,0.5,1,1,GCCCGGGTCCCACTGGTCAA,0,2487180
mhpRp2,0.5,1,1,GCCCGGGTATATGATTAATA,0,2509430
mhpRp2,0.5,1,1,GCCCGGGATCTACCTTTCAG,0,2500065
mhpRp2,0.5,1,1,GCCCGGCTTATCTTAAGCTC,0,2522715
mhpRp2,0.5,1,1,GCCCGGAGCTTTTACCTAAC,0,2486782
mhpRp2,0.5,1,1,GCCCGCCGGAGGGTCAGAAA,0,2484072
mhpRp2,0.5,1,1,GCCCGCCCTAATCCCATTCG,0,2481572
mhpRp2,0.5,1,1,GCCCCTGAAATTTGCAAATT,0,2500594
mhpRp2,0.5,1,1,GCCCCATATACCTCGATGGC,0,2488489
mhpRp2,0.5,1,1,GCCCAGTGCGACGCTTAATG,0,2521707
mhpRp2,0.5,1,1,GCCCAGACAGACGGGGACGG,0,2535689
mhpRp2,0.5,1,1,GCCATCAGTTGAGCGCCCGA,0,2536291
mhpRp2,0.5,1,1,GCCAGTTATCACCTGCGCTC,0,2487788
mhpRp2,0.5,1,1,GCCAGGGTAAATAGCGACTT,0,2516888
mhpRp2,0.5,1,1,GCCAGGCCAAGAAATACAGA,0,2497300
mhpRp2,0.5,1,1,GCCAGATCCACGCCGGGAAG,0,2499970
mhpRp2,0.5,1,1,GCCAGACAGGGACGTAGTAC,0,2520439
mhpRp2,0.5,1,1,GCCAGAATCAGTCAGCGTCG,0,2492248
mhpRp2,0.5,1,1,GCCAGAAAAGTCTAGTAATA,0,2481797
mhpRp2,0.5,1,1,GCCACGTCGATTGCCACGTG,0,2495407
mhpRp2,0.5,1,1,GCCACGAAGAACTAAAGAAT,0,2540775
mhpRp2,0.5,1,1,GCCAATTTCCTAGCCCTCTT,0,2501104
mhpRp2,0.5,1,1,GCCAATCTCACAGTCAGGCT,0,2525513
mhpRp2,0.5,1,1,GCCAAGGGAGGACGCCTTCC,0,2525619
mhpRp2,0.5,1,1,GCCAAGGACACCTCGGTACT,0,2521262
mhpRp2,0.5,1,1,GCCAAGGAACCGTATATAGT,0,2541163
mhpRp2,0.5,1,1,GCCAACGTAAACTGGAGCGA,0,2494066
mhpRp2,0.5,1,1,GCCAAATCGCTGAGTCGGAC,0,2545825
mhpRp2,0.5,1,1,GCATTTTTAACTTCGAAAGT,0,2531011
mhpRp2,0.5,1,1,GCATTTCGAGGACGCTCACC,0,2523603
mhpRp2,0.5,1,1,GCATGGATGCATGTCTTTTA,0,2494686
mhpRp2,0.5,1,1,GCATGCAACGCGTCCCCCTC,0,2532456
mhpRp2,0.5,1,1,GCATGACTATCCCGATAAAT,0,2513230
mhpRp2,0.5,1,1,GCATCCCTCTATTATGACAT,0,2494668
mhpRp2,0.5,1,1,GCATCAATCCCACAAGGTAG,0,2537007
mhpRp2,0.5,1,1,GCATCAAGAAATATTTCTAT,0,2538087
mhpRp2,0.5,1,1,GCATCAACGCTGTCCGATCT,0,2539610
mhpRp2,0.5,1,1,GCATAGAGCCGACGAGGTTT,0,2533408
mhpRp2,0.5,1,1,GCATACGCCTAGTGAACCGA,0,2486446
mhpRp2,0.5,1,1,GCATAACATCGTGCCGACTC,0,2536235
mhpRp2,0.5,1,1,GCAGTAGGGGCTGGTATTCC,0,2504045
mhpRp2,0.5,1,1,GCAGGCCTATGTGAACCATT,0,2514506
mhpRp2,0.5,1,1,GCAGGCCCTTCATGTGGGCA,0,2533494
mhpRp2,0.5,1,1,GCAGCTGCACTGACGCATAG,0,2521825
mhpRp2,0.5,1,1,GCAGCCATGACAAATCAGGA,0,2521420
mhpRp2,0.5,1,1,GCAGCATATCGTAATGGACT,0,2487122
mhpRp2,0.5,1,1,GCAGAAGTAGACGCGGCCAT,0,2527930
mhpRp2,0.5,1,1,GCACTTTTCGTGTCTTCGTT,0,2527334
mhpRp2,0.5,1,1,GCACTGTGTTAGCGTCCACG,0,2485010
mhpRp2,0.5,1,1,GCACTATCTATGTAGTGTCG,0,2517436
mhpRp2,0.5,1,1,GCACGTTCCAAATGATCTTC,0,2522849
mhpRp2,0.5,1,1,GCACGTAGTACAGAGAGAGG,0,2510874
mhpRp2,0.5,1,1,GCACGAGCCGCGTCTGGGTG,0,2494784
mhpRp2,0.5,1,1,GCACGAGATAAGAAGATCAT,0,2489934
mhpRp2,0.5,1,1,GCACCGGACAGCGTGAATGG,0,2539744
mhpRp2,0.5,1,1,GCACCAACGATAGCGACCCA,0,2485381
mhpRp2,0.5,1,1,GCACATCTATCAACTGGAGG,0,2528016
mhpRp2,0.5,1,1,GCACAGGACAGTGAAATTGA,0,2519581
mhpRp2,0.5,1,1,GCACACCATAGAAAGGAAGA,0,2490716
mhpRp2,0.5,1,1,GCACAACATTCAACACAATT,0,2500655
mhpRp2,0.5,1,1,GCAATGAGGTTTGGCCAAAT,0,2527787
mhpRp2,0.5,1,1,GCAATGACTGGCCTGGATTG,0,2495285
mhpRp2,0.5,1,1,GCAAGTGGCTGCTGCTGTAT,0,2518346
mhpRp2,0.5,1,1,GCAAGCATTGTGCCCTACCT,0,2524198
mhpRp2,0.5,1,1,GCAAGCAAGCTCAGACGACT,0,2524937
mhpRp2,0.5,1,1,GCAACTATAAAGAGGAGGGC,0,2511327
mhpRp2,0.5,1,1,GCAACTACAAGGTGATAACT,0,2540103
mhpRp2,0.5,1,1,GCAACCGTCGATCACCAGGG,0,2503885
mhpRp2,0.5,1,1,GCAACACTTAACGCGTCAGT,0,2506452
mhpRp2,0.5,1,1,GCAAATATTACTTACATCTG,0,2524289
mhpRp2,0.5,1,1,GCAAAAGCGCACTGTGCGGT,0,2538128
mhpRp2,0.5,1,1,GCAAAACAGAGCGTTGCTCG,0,2481404
mhpRp2,0.5,1,1,GCAAAAAGATATATTGTCTA,0,2504718
mhpRp2,0.5,1,1,GATTTTTAAATTGATGTAAA,0,2536821
mhpRp2,0.5,1,1,GATTTTGCCACGAATTCGTT,0,2480475
mhpRp2,0.5,1,1,GATTTTATTATTCAAGGCGA,0,2495764
mhpRp2,0.5,1,1,GATTTTACGCCTTGTTGCGT,0,2523349
mhpRp2,0.5,1,1,GATTTGAATGCGGAATTTGT,0,2539556
mhpRp2,0.5,1,1,GATTTCACACCTATTCCACT,0,2513024
mhpRp2,0.5,1,1,GATTTAGTAGAGCTTCGCGC,0,2513784
mhpRp2,0.5,1,1,GATTTACGCGATTACATAAG,0,2494565
mhpRp2,0.5,1,1,GATTGAGCTTTTTATTTGGT,0,2524767
mhpRp2,0.5,1,1,GATTCCGTGAATACGCCGGC,0,2501717
mhpRp2,0.5,1,1,GATTATGTGTCGGATGCTGG,0,2489548
mhpRp2,0.5,1,1,GATTATGACAATGCGGACAC,0,2539042
mhpRp2,0.5,1,1,GATTATAAAATGGGGCACCT,0,2540462
mhpRp2,0.5,1,1,GATTAGGGGAGGCGAATAAT,0,2515631
mhpRp2,0.5,1,1,GATTACTTCGGAGAGGACAG,0,2507106
mhpRp2,0.5,1,1,GATTACGGGTGTGCTCTGGC,0,2483912
mhpRp2,0.5,1,1,GATGGACATAAGTTCCGTCA,0,2490586
mhpRp2,0.5,1,1,GATGACTGGGTGGAGACAAA,0,2500977
mhpRp2,0.5,1,1,GATGACCAATCTCCATGGTC,0,2538120
mhpRp2,0.5,1,1,GATGAAAGTGGAGTGCTCGT,0,2487322
mhpRp2,0.5,1,1,GATCTGTAATGAGTTCTGAT,0,2532759
mhpRp2,0.5,1,1,GATCGTGACCTAGGTTTTAA,0,2497404
mhpRp2,0.5,1,1,GATCGATGCTCGGGGCTGCT,0,2504598
mhpRp2,0.5,1,1,GATCCATCTCGAAAGATGAA,0,2497488
mhpRp2,0.5,1,1,GATCATCTCCCCATCGGCTT,0,2501597
mhpRp2,0.5,1,1,GATCAGGTACATGGACGAAC,0,2524067
mhpRp2,0.5,1,1,GATCAGCTAAGTATGACCCT,0,2493462
mhpRp2,0.5,1,1,GATCAGCGTTAGGAGTTGCC,0,2523216
mhpRp2,0.5,1,1,GATCAGACATTTGCGTATAG,0,2515990
mhpRp2,0.5,1,1,GATCACAAAACGTCCTGTTA,0,2543889
mhpRp2,0.5,1,1,GATATTTAAGGAAAATGGTG,0,2512182
mhpRp2,0.5,1,1,GATATTGTTCTGGGCCTGAC,0,2505090
mhpRp2,0.5,1,1,GATATTCAAACCAGAAGGCA,0,2494387
mhpRp2,0.5,1,1,GATATCGGTAGACTCTTGGG,0,2511335
mhpRp2,0.5,1,1,GATAGTAGTGGCCGCGTCCA,0,2490718
mhpRp2,0.5,1,1,GATAGCCTATTCGGTTAAGA,0,2483105
mhpRp2,0.5,1,1,GATAGAACGCGGTCTTATTC,0,2530894
mhpRp2,0.5,1,1,GATACTCACAGTCTTCCGTT,0,2521138
mhpRp2,0.5,1,1,GATAATACACACTCTTAATG,0,2508249
mhpRp2,0.5,1,1,GATAAGAGCGGCTTTAGAAG,0,2527090
mhpRp2,0.5,1,1,GATAACTGCAATGGCGTTAT,0,2524440
mhpRp2,0.5,1,1,GAGTTTGCGTTAGTTGCGCT,0,2494362
mhpRp2,0.5,1,1,GAGTTGGATGCACTTTTGCG,0,2504703
mhpRp2,0.5,1,1,GAGTTCATAATTGTTATTTT,0,2513975
mhpRp2,0.5,1,1,GAGTCCGGAAAATAAGTTTC,0,2493734
mhpRp2,0.5,1,1,GAGTCATGTTCACTGCATAC,0,2531210
mhpRp2,0.5,1,1,GAGGTCTACGATGAGCATAA,0,2530541
mhpRp2,0.5,1,1,GAGGTAAAGTGAATTCTTTC,0,2522707
mhpRp2,0.5,1,1,GAGGGGTTAGCTAGATCGAC,0,2501807
mhpRp2,0.5,1,1,GAGGGGTACGTGGTGTCGCC,0,2510582
mhpRp2,0.5,1,1,GAGGGAGTAATGGCGCGCTG,0,2503887
mhpRp2,0.5,1,1,GAGGCTAGACCACCCTGGTT,0,2543956
mhpRp2,0.5,1,1,GAGGCCTACCGAGCTGGAGT,0,2525785
mhpRp2,0.5,1,1,GAGGCCGGCCAGCACTCCGG,0,2515460
mhpRp2,0.5,1,1,GAGGCCGACCATATCATCAA,0,2501624
mhpRp2,0.5,1,1,GAGGCAAATAAAACACCTGT,0,2492436
mhpRp2,0.5,1,1,GAGCGGTGGCGTGGTGATTT,0,2489610
mhpRp2,0.5,1,1,GAGCGGTCGTTGTTGTCAAA,0,2528717
mhpRp2,0.5,1,1,GAGCGGTCGGGTTTCCACGC,0,2502049
mhpRp2,0.5,1,1,GAGCGAAACGGGATGATCCC,0,2494170
mhpRp2,0.5,1,1,GAGCCCGATGACGCAACGAT,0,2535285
mhpRp2,0.5,1,1,GAGCATTACAACGTGTGTAC,0,2514500
mhpRp2,0.5,1,1,GAGCACTTTGCGAGCCCCGA,0,2530372
mhpRp2,0.5,1,1,GAGCACCCAGGTCAGCTAGG,0,2524717
mhpRp2,0.5,1,1,GAGCAAGGCAAGTGCGTGAA,0,2513519
mhpRp2,0.5,1,1,GAGATTTTTCGAAGACGCTC,0,2502947
mhpRp2,0.5,1,1,GAGATGTAAGTTATCGAAAA,0,2498327
mhpRp2,0.5,1,1,GAGAGGTAATAAGTGTTCAG,0,2485278
mhpRp2,0.5,1,1,GAGAGGGTTATCATAAGCTC,0,2519689
mhpRp2,0.5,1,1,GAGACTGCGTGTGTCCCGCA,0,2536479
mhpRp2,0.5,1,1,GAGACACTGTCGCGATTCGT,0,2502019
mhpRp2,0.5,1,1,GAGACAATGATTGAGGGATA,0,2545763
mhpRp2,0.5,1,1,GAGAATACCGGACATTGCGA,0,2507501
mhpRp2,0.5,1,1,GAGAACTGGAGTAACTAGAA,0,2482003
mhpRp2,0.5,1,1,GAGAACATCATGTTGAGGTT,0,2489138
mhpRp2,0.5,1,1,GAGAAATGAGAGAACTGCTT,0,2508314
mhpRp2,0.5,1,1,GAGAAAAGAGTGTCTCTATA,0,2534343
mhpRp2,0.5,1,1,GACTTATAAAAGCAGTGAGA,0,2529258
mhpRp2,0.5,1,1,GACTTAGCCCGTGGGGGCAA,0,2498591
mhpRp2,0.5,1,1,GACTGCCTAAATAACGCCAC,0,2518343
mhpRp2,0.5,1,1,GACTGAGCGAATTCGAGGGC,0,2545224
mhpRp2,0.5,1,1,GACTCTCAGTACAGGTAAAT,0,2483842
mhpRp2,0.5,1,1,GACTCGGATCTCGATGAGAC,0,2481036
mhpRp2,0.5,1,1,GACTCCGAATGTTATCCATT,0,2540456
mhpRp2,0.5,1,1,GACTAGGCGCCTGACCGCGT,0,2487876
mhpRp2,0.5,1,1,GACTACTGTATTGAATCATT,0,2501191
mhpRp2,0.5,1,1,GACTACTAAAAAGTTCGCGG,0,2504868
mhpRp2,0.5,1,1,GACGTGAGGCATCCCTCCAG,0,2540615
mhpRp2,0.5,1,1,GACGTCTGACCTCTGAGGTG,0,2538035
mhpRp2,0.5,1,1,GACGGGACCGGCCCTAAAAA,0,2489799
mhpRp2,0.5,1,1,GACGGCCTTCGTAACATTCA,0,2486661
mhpRp2,0.5,1,1,GACGCGGGAGCCTCTTTGTC,0,2519805
mhpRp2,0.5,1,1,GACGCGGCGAGAAAAATGGT,0,2484936
mhpRp2,0.5,1,1,GACGATTCAGCTCGGTCTAT,0,2525327
mhpRp2,0.5,1,1,GACGACAGACAGTTTTTGAC,0,2488581
mhpRp2,0.5,1,1,GACCTCCGAGTTGATGTAAG,0,2484112
mhpRp2,0.5,1,1,GACCTACGGGGGATGTATTG,0,2483738
mhpRp2,0.5,1,1,GACCGTCCAAACTCGAACGC,0,2510774
mhpRp2,0.5,1,1,GACCGGGGTACCGCCACGCA,0,2545868
mhpRp2,0.5,1,1,GACCACACGGTAATCCTGTT,0,2481163
mhpRp2,0.5,1,1,GACATAGTGAGAACGCCCCT,0,2518798
mhpRp2,0.5,1,1,GACAGATGAAAGGCCCGTTC,0,2499640
mhpRp2,0.5,1,1,GACACTACTGTTCGCGGTGA,0,2543069
mhpRp2,0.5,1,1,GACACGCAACCATGTCGCTT,0,2482033
mhpRp2,0.5,1,1,GACAATAGGTTATGACTCAC,0,2483193
mhpRp2,0.5,1,1,GAATTGTTGTAGACGGCACA,0,2492634
mhpRp2,0.5,1,1,GAATTACGAGTGCTTCGGGC,0,2512550
mhpRp2,0.5,1,1,GAATGGTCCGTGGGCCAGCA,0,2533308
mhpRp2,0.5,1,1,GAATGCTTTCTTATTTGTGT,0,2497327
mhpRp2,0.5,1,1,GAATCTGAGGACCCGCCCTG,0,2498739
mhpRp2,0.5,1,1,GAATCTCGGAACATGGGCGT,0,2489546
mhpRp2,0.5,1,1,GAATCCCGCAGTCTCAGTTT,0,2517137
mhpRp2,0.5,1,1,GAATAGGTGATACCCATTGC,0,2529267
mhpRp2,0.5,1,1,GAATACCTATGCTCCAACGC,0,2484373
mhpRp2,0.5,1,1,GAATAAGGTAGTATAAAATT,0,2511611
mhpRp2,0.5,1,1,GAAGTTCTTCTGCCTGGAAA,0,2503767
mhpRp2,0.5,1,1,GAAGTGGTGCTCCTTCTAGA,0,2522596
mhpRp2,0.5,1,1,GAAGTAACGCCGTCACAGTA,0,2540189
mhpRp2,0.5,1,1,GAAGGTGGGAAAGGGAGATT,0,2490602
mhpRp2,0.5,1,1,GAAGGGACTTCTGGCTGGTG,0,2504720
mhpRp2,0.5,1,1,GAAGGCCTACGTATCGGTTC,0,2496184
mhpRp2,0.5,1,1,GAAGCTTATTCTAACAAAGA,0,2489289
mhpRp2,0.5,1,1,GAAGACTCGTTCTGCCCAAT,0,2522593
mhpRp2,0.5,1,1,GAAGACTATCCGCGCGTACT,0,2486799
mhpRp2,0.5,1,1,GAACTTTTGCATATCTTCGA,0,2487048
mhpRp2,0.5,1,1,GAACTTGTGTACGGTTATAA,0,2506692
mhpRp2,0.5,1,1,GAACTATACATCTCGCCGAA,0,2504061
mhpRp2,0.5,1,1,GAACTAACTTTAAAAGCATG,0,2492100
mhpRp2,0.5,1,1,GAACGTACTCAGATTAGGGT,0,2528141
mhpRp2,0.5,1,1,GAACGGGTGAAGGTCCTATG,0,2522475
mhpRp2,0.5,1,1,GAACGAACCAAAGGTGCATG,0,2527454
mhpRp2,0.5,1,1,GAACCGATTCAGATCTACGT,0,2538428
mhpRp2,0.5,1,1,GAACATTGACATACTATGAA,0,2490758
mhpRp2,0.5,1,1,GAACAGTACGGCGAGCATCT,0,2542827
mhpRp2,0.5,1,1,GAACAGCAGTCAATCTGCTA,0,2530240
mhpRp2,0.5,1,1,GAACACCCTATCGAAGTAGC,0,2503061
mhpRp2,0.5,1,1,GAACACAAGGAGAGAAAGGT,0,2504600
mhpRp2,0.5,1,1,GAACAACGTGCCATGCAATT,0,2510807
mhpRp2,0.5,1,1,GAAATGGATGACGGTGCACA,0,2523474
mhpRp2,0.5,1,1,GAAATGATGTTCCACAGGGC,0,2512842
mhpRp2,0.5,1,1,GAAAGGTTCCACCCGTTCGA,0,2482562
mhpRp2,0.5,1,1,GAAAGGGGATGCAAATGACA,0,2506021
mhpRp2,0.5,1,1,GAAACTGTGACGAGTAGGCC,0,2533009
mhpRp2,0.5,1,1,GAAAAGTTTGATGTTTGCTT,0,2499365
mhpRp2,0.5,1,1,CTTTTTTATTTCTATGAGGG,0,2522952
mhpRp2,0.5,1,1,CTTTTGGTCGATAGCATGGG,0,2536919
mhpRp2,0.5,1,1,CTTTGTACCGAATCCTTTAC,0,2515310
mhpRp2,0.5,1,1,CTTTGCGAGAGGGTGCCGGA,0,2529506
mhpRp2,0.5,1,1,CTTTGACTGATAGACGTGGT,0,2527598
mhpRp2,0.5,1,1,CTTTCTATTGCGTCCTTTTT,0,2544197
mhpRp2,0.5,1,1,CTTTCCCCTGGAGGGCAAGT,0,2502818
mhpRp2,0.5,1,1,CTTTCAAAGGCTCATTACTT,0,2491638
mhpRp2,0.5,1,1,CTTGTCTACGCACGTTGTGT,0,2498048
mhpRp2,0.5,1,1,CTTGTCGAGTATCGGTTCTA,0,2488870
mhpRp2,0.5,1,1,CTTGGTGGGTCGGGCACACG,0,2520631
mhpRp2,0.5,1,1,CTTGGGTTCCCGTGTTCTAA,0,2505202
mhpRp2,0.5,1,1,CTTGGGGTTTGGGATCCAAT,0,2482198
mhpRp2,0.5,1,1,CTTGGGGACGGGGCCTGTCT,0,2525938
mhpRp2,0.5,1,1,CTTGGCTGGCGGTGAAGGGC,0,2527747
mhpRp2,0.5,1,1,CTTGGCATGTCAAGTGTAGA,0,2520774
mhpRp2,0.5,1,1,CTTGCTCGCATCAGGGAAAA,0,2508899
mhpRp2,0.5,1,1,CTTGCGGTCTGACGGATTGA,0,2540718
mhpRp2,0.5,1,1,CTTGCCTCAGTGTGATGTAT,0,2517956
mhpRp2,0.5,1,1,CTTGAATTAGTGTCGTAACC,0,2486548
mhpRp2,0.5,1,1,CTTCTTAGGGCGGTCAGTGT,0,2539980
mhpRp2,0.5,1,1,CTTCTTAGGCTCAGTAGGCT,0,2540352
mhpRp2,0.5,1,1,CTTCTGAAGACAAATGGGAG,0,2511774
mhpRp2,0.5,1,1,CTTCTCTATGTACTGTTGGG,0,2519951
mhpRp2,0.5,1,1,CTTCTCAGTTGGGCGTCATT,0,2525154
mhpRp2,0.5,1,1,CTTCGGCCAAGGGTCCTGGG,0,2492305
mhpRp2,0.5,1,1,CTTCGGAGCCGGTGGAATTA,0,2526807
mhpRp2,0.5,1,1,CTTCGCTATACGCTCGGTTC,0,2497132
mhpRp2,0.5,1,1,CTTCCGTTGGACAACCCCCT,0,2523914
mhpRp2,0.5,1,1,CTTCCATAGTACTAGGGGCA,0,2514323
mhpRp2,0.5,1,1,CTTCATCTATCCTAGTCAGA,0,2531897
mhpRp2,0.5,1,1,CTTCATCGGCTCTGTAGCGA,0,2541086
mhpRp2,0.5,1,1,CTTCAGCTTATCCAAATAGC,0,2512194
mhpRp2,0.5,1,1,CTTCAGCTGATAAACCCACA,0,2521327
mhpRp2,0.5,1,1,CTTCAATCAACTATTGGAAC,0,2513608
mhpRp2,0.5,1,1,CTTCAACGTACGCTTCCTCA,0,2510993
mhpRp2,0.5,1,1,CTTATGGTAAAGGGCTCATT,0,2529132
mhpRp2,0.5,1,1,CTTATGATCCCCCGCGGCCA,0,2485215
mhpRp2,0.5,1,1,CTTATATAAGGCAATGCTTA,0,2534877
mhpRp2,0.5,1,1,CTTAGTAAATTGTAGGCGCG,0,2524837
mhpRp2,0.5,1,1,CTTAGAATGAGCGGTGTAAC,0,2534637
mhpRp2,0.5,1,1,CTTACAGCTTAAACGCATAA,0,2532463
mhpRp2,0.5,1,1,CTTAATGAATAGTACTGGCA,0,2524245
mhpRp2,0.5,1,1,CTTAAGTATATGGAAGGGTC,0,2541484
mhpRp2,0.5,1,1,CTGTTGGAAGTTTAGGTTAA,0,2520806
mhpRp2,0.5,1,1,CTGTTGAGACAGCCTGGGTA,0,2536661
mhpRp2,0.5,1,1,CTGTGACCGTACTATTGTAA,0,2533459
mhpRp2,0.5,1,1,CTGTCGATAACCGAGGTTCT,0,2486979
mhpRp2,0.5,1,1,CTGTCCTTGTTTGATCGTCC,0,2485212
mhpRp2,0.5,1,1,CTGTCCTCGAACGCAGAACA,0,2503893
mhpRp2,0.5,1,1,CTGTCATGCTGGTAGAATCT,0,2515495
mhpRp2,0.5,1,1,CTGTATTCGGGTATACAGGA,0,2494871
mhpRp2,0.5,1,1,CTGTATAGATACGAATTCTT,0,2519612
mhpRp2,0.5,1,1,CTGTACTCTTATCAGCGTTT,0,2542024
mhpRp2,0.5,1,1,CTGTACATTCATTGAATTCA,0,2528450
mhpRp2,0.5,1,1,CTGTAAGTTCAATTCCGGAA,0,2517317
mhpRp2,0.5,1,1,CTGGTTGACGCGTGATATGT,0,2521604
mhpRp2,0.5,1,1,CTGGTCGTCTCAAGTAGAGT,0,2484179
mhpRp2,0.5,1,1,CTGGTAAGCCAGGAAAACCT,0,2542782
mhpRp2,0.5,1,1,CTGGGGACGTGCTACTCGGC,0,2537750
mhpRp2,0.5,1,1,CTGGGGAAAAATCCAATAAA,0,2498798
mhpRp2,0.5,1,1,CTGGGATCGGCGCATACACC,0,2535809
mhpRp2,0.5,1,1,CTGGCTGCATAGAAGATGGG,0,2535351
mhpRp2,0.5,1,1,CTGGCCAGAGACAGACATAA,0,2523053
mhpRp2,0.5,1,1,CTGGCAGGATACTTTATGAT,0,2511281
mhpRp2,0.5,1,1,CTGGCAAAGTGCGCGCTCTA,0,2526412
mhpRp2,0.5,1,1,CTGGATGGCATCGGGAGACC,0,2503953
mhpRp2,0.5,1,1,CTGGAGTCTATCGGGACTTT,0,2539899
mhpRp2,0.5,1,1,CTGGACGGCGCTCCACGTAT,0,2528173
mhpRp2,0.5,1,1,CTGCTAAGAGCTTTTCAATC,0,2526496
mhpRp2,0.5,1,1,CTGCGGCGCCACGTAACTGC,0,2497162
mhpRp2,0.5,1,1,CTGCGGAGGTGATTATGACA,0,2493390
mhpRp2,0.5,1,1,CTGCCTGCGCTAGACGACCC,0,2500276
mhpRp2,0.5,1,1,CTGCCGATTGATCTCAGCGA,0,2509498
mhpRp2,0.5,1,1,CTGCCCACAGCGGACGTAAA,0,2542093
mhpRp2,0.5,1,1,CTGCATCCTGCACTGTTGAT,0,2515732
mhpRp2,0.5,1,1,CTGCAAACAGCACTTATACC,0,2486305
mhpRp2,0.5,1,1,CTGATTTTTGAAGTCCCGAA,0,2483541
mhpRp2,0.5,1,1,CTGATGGGCAATGTCATATT,0,2540371
mhpRp2,0.5,1,1,CTGATCTCTCTCCCGCCCAG,0,2500056
mhpRp2,0.5,1,1,CTGATATCGACCACCTACGG,0,2522021
mhpRp2,0.5,1,1,CTGAGTTCCTGTGCTACCAG,0,2506369
mhpRp2,0.5,1,1,CTGAGCTCGTAATAAGTAGA,0,2482257
mhpRp2,0.5,1,1,CTGAGCCACATGAGCTTGCT,0,2482959
mhpRp2,0.5,1,1,CTGAGAGTTGCCTGAAGAGT,0,2531076
mhpRp2,0.5,1,1,CTGACAGTTAGGGGATACAA,0,2518676
mhpRp2,0.5,1,1,CTGACACCTGGAGGAGTCTG,0,2501940
mhpRp2,0.5,1,1,CTGACACCGGGCAAGGGACT,0,2521738
mhpRp2,0.5,1,1,CTGAATTTCGCTATCTCTGT,0,2485865
mhpRp2,0.5,1,1,CTGAACGCTAAAGATTATCA,0,2500080
mhpRp2,0.5,1,1,CTCTTCGCTACTGGTCTTAT,0,2512825
mhpRp2,0.5,1,1,CTCTCTCGCTTACGTTTCGT,0,2520021
mhpRp2,0.5,1,1,CTCTCTCCTAGCAATCAACG,0,2516154
mhpRp2,0.5,1,1,CTCTCGGCCGGGACAGGCAT,0,2539156
mhpRp2,0.5,1,1,CTCTATAGCATGCTTACGGT,0,2507676
mhpRp2,0.5,1,1,CTCTACACAACTAACGGTGT,0,2495317
mhpRp2,0.5,1,1,CTCGTGTAAATGATTCTTAA,0,2533636
mhpRp2,0.5,1,1,CTCGTGGTAGAGGCTATCGG,0,2487541
mhpRp2,0.5,1,1,CTCGGTGACAGGCTCCGGGC,0,2495778
mhpRp2,0.5,1,1,CTCGGCAAAGTCTAAGGACG,0,2481845
mhpRp2,0.5,1,1,CTCGCGTACTGGGCGATACC,0,2497725
mhpRp2,0.5,1,1,CTCGCCTCAATTTGCGAAGA,0,2520184
mhpRp2,0.5,1,1,CTCGCCTAGGTCAAGCAATA,0,2483669
mhpRp2,0.5,1,1,CTCGATCCTATAAATTTAAG,0,2527058
mhpRp2,0.5,1,1,CTCGATACGAACTGTAGGGT,0,2484472
mhpRp2,0.5,1,1,CTCGAGCGGATAAGCTGCAT,0,2495197
mhpRp2,0.5,1,1,CTCGAGCACGAGTGCGAATC,0,2492406
mhpRp2,0.5,1,1,CTCGACTATAAATAGGCGGG,0,2519821
mhpRp2,0.5,1,1,CTCGAACATCGACTATACAT,0,2532482
mhpRp2,0.5,1,1,CTCCTGGAAACGTATATAAC,0,2497875
mhpRp2,0.5,1,1,CTCCCTGCTGGGCATTTAGA,0,2517506
mhpRp2,0.5,1,1,CTCCCGGGAGTGCCAATATG,0,2516750
mhpRp2,0.5,1,1,CTCCATTAATTACTATTCCA,0,2514766
mhpRp2,0.5,1,1,CTCCATGCTCGCCGTGGCAC,0,2522618
mhpRp2,0.5,1,1,CTCCAAATCTGAGTCAACCC,0,2526859
mhpRp2,0.5,1,1,CTCATTCACCCGAGGCTGAG,0,2504051
mhpRp2,0.5,1,1,CTCATGTACTGAAAAACTCG,0,2494605
mhpRp2,0.5,1,1,CTCATCTCATGATGTAGGTC,0,2539483
mhpRp2,0.5,1,1,CTCATCGATTAAATTCAACC,0,2491436
mhpRp2,0.5,1,1,CTCATCATTCATTCATAGTT,0,2525676
mhpRp2,0.5,1,1,CTCATCATATGCACTGTACA,0,2498712
mhpRp2,0.5,1,1,CTCAGTCTTTACACAGGGTA,0,2535674
mhpRp2,0.5,1,1,CTCAGGTCACGTATGTATTC,0,2505003
mhpRp2,0.5,1,1,CTCAGCCCTGTATCACCGGC,0,2533764
mhpRp2,0.5,1,1,CTCAGAGCGTACTTATGGTC,0,2513413
mhpRp2,0.5,1,1,CTCACTGTTATACTGGGTCG,0,2498784
mhpRp2,0.5,1,1,CTCACGCCCAATGGATGTAG,0,2504487
mhpRp2,0.5,1,1,CTCAACTGCAACTAAGTGTT,0,2528300
mhpRp2,0.5,1,1,CTATTTAGAGTTTCAATAGC,0,2505863
mhpRp2,0.5,1,1,CTATTGTATACTGAAGACAG,0,2519945
mhpRp2,0.5,1,1,CTATTCAGCTCTGGGAGAAC,0,2522641
mhpRp2,0.5,1,1,CTATTATGTTATGACGGTCT,0,2543589
mhpRp2,0.5,1,1,CTATGGCGATACAAATAGGG,0,2516142
mhpRp2,0.5,1,1,CTATCCGGCCTCACAACCGG,0,2539779
mhpRp2,0.5,1,1,CTATCCCGCCTACAGACGTT,0,2529277
mhpRp2,0.5,1,1,CTATATTTTTCGATGCCAAT,0,2483294
mhpRp2,0.5,1,1,CTATATAATGCGGTTTGATT,0,2543179
mhpRp2,0.5,1,1,CTATAATTTACTAGATAACT,0,2491697
mhpRp2,0.5,1,1,CTATAAGACCCGGAATCGTA,0,2500407
mhpRp2,0.5,1,1,CTATAAATAGTCTCAAATCT,0,2528900
mhpRp2,0.5,1,1,CTATAAAGCGTTTATAATGT,0,2510994
mhpRp2,0.5,1,1,CTAGTTTTGACTATCACGGT,0,2517400
mhpRp2,0.5,1,1,CTAGTGTTACTAGACGAGTC,0,2510923
mhpRp2,0.5,1,1,CTAGTCCGGGAGGACGTGGG,0,2508064
mhpRp2,0.5,1,1,CTAGGGGTCACGCAACGCTG,0,2525378
mhpRp2,0.5,1,1,CTAGGCCTCGGATTGTCAGC,0,2497884
mhpRp2,0.5,1,1,CTAGGATGTTCTCTCCCGTT,0,2520070
mhpRp2,0.5,1,1,CTAGGAAACGCCATTGTCTC,0,2529399
mhpRp2,0.5,1,1,CTAGCGCACCTAGCTTCTAC,0,2534711
mhpRp2,0.5,1,1,CTAGATTTTAGCAATTCTTC,0,2507879
mhpRp2,0.5,1,1,CTAGATCAGGTAACTCTGCA,0,2496404
mhpRp2,0.5,1,1,CTACGCAAAGGAGGTACCAG,0,2536054
mhpRp2,0.5,1,1,CTACCTTTAATCGTTCGTTT,0,2489655
mhpRp2,0.5,1,1,CTACCTTGTTGTTGGTATTG,0,2514195
mhpRp2,0.5,1,1,CTACCCGACTGAATTCAAGC,0,2537537
mhpRp2,0.5,1,1,CTACACCGTGCAGCCGGAAC,0,2510145
mhpRp2,0.5,1,1,CTACAACGGATTTCGCGCAG,0,2532179
mhpRp2,0.5,1,1,CTAATAAAAGGACCACGATA,0,2521295
mhpRp2,0.5,1,1,CTAAGTAACGATAAGTGACT,0,2486552
mhpRp2,0.5,1,1,CTAAGGAATGTGGCCTTTCA,0,2531757
mhpRp2,0.5,1,1,CTAACCGAAACGGTTTAATA,0,2512546
mhpRp2,0.5,1,1,CTAAAGACCAAGTCGGTTTT,0,2486294
mhpRp2,0.5,1,1,CTAAAATGTGTTTCCACTCA,0,2504865
mhpRp2,0.5,1,1,CGTTGCTTTATAGATGGTCA,0,2513986
mhpRp2,0.5,1,1,CGTTGCATTTACGAGACTCT,0,2514567
mhpRp2,0.5,1,1,CGTTCTAATATAGGTAGCCA,0,2495627
mhpRp2,0.5,1,1,CGTTCCGGCATTGAGAGGGA,0,2492052
mhpRp2,0.5,1,1,CGTTCCACTTAGGAGACTGG,0,2540143
mhpRp2,0.5,1,1,CGTTATAAACGGTCGGGAAA,0,2493333
mhpRp2,0.5,1,1,CGTTAGTAGGCACACATTGG,0,2507729
mhpRp2,0.5,1,1,CGTTAGTACAAATCGGTTTG,0,2518378
mhpRp2,0.5,1,1,CGTTACGCTGAGGGCTAATG,0,2529208
mhpRp2,0.5,1,1,CGTTAACCACATCCCTCGCT,0,2495206
mhpRp2,0.5,1,1,CGTGTTGATTTTAGTAGCCG,0,2500268
mhpRp2,0.5,1,1,CGTGTTCAATTGCACCTCGA,0,2499287
mhpRp2,0.5,1,1,CGTGTGACGCAAGAGGTGTA,0,2545557
mhpRp2,0.5,1,1,CGTGTGACGAGCCGTAGATG,0,2538821
mhpRp2,0.5,1,1,CGTGTCGTCCCCTTGACAGC,0,2510545
mhpRp2,0.5,1,1,CGTGGGGTCAATTCCGCACC,0,2527732
mhpRp2,0.5,1,1,CGTGGCCAATACCTTGCAGT,0,2541830
mhpRp2,0.5,1,1,CGTGGATAGGGTGACCCGTC,0,2534029
mhpRp2,0.5,1,1,CGTGCCTAGGTAGTTCCAGA,0,2491680
mhpRp2,0.5,1,1,CGTGCAGGTGGGAGGGAGGC,0,2532335
mhpRp2,0.5,1,1,CGTGAGTGAGCTTCGGGGTT,0,2516683
mhpRp2,0.5,1,1,CGTCTGCTACACCGAAGTTC,0,2514094
mhpRp2,0.5,1,1,CGTCTGATGACAAGTGGGGT,0,2522754
mhpRp2,0.5,1,1,CGTCTCGCGTGACTATGGAC,0,2535785
mhpRp2,0.5,1,1,CGTCTACGACCAGTTGTCAG,0,2514949
mhpRp2,0.5,1,1,CGTCTACCATCGAATGCATC,0,2544829
mhpRp2,0.5,1,1,CGTCTAAAAGATCCTCAGAG,0,2482030
mhpRp2,0.5,1,1,CGTCGTCTATTAACGACTAA,0,2482656
mhpRp2,0.5,1,1,CGTCGGTTTGCGGACCGTAC,0,2521757
mhpRp2,0.5,1,1,CGTCGCTGTGGGTATGTGTG,0,2545777
mhpRp2,0.5,1,1,CGTCGCCTGGTCGGGGATTT,0,2523627
mhpRp2,0.5,1,1,CGTCCTAACCTCACTGTCCC,0,2483618
mhpRp2,0.5,1,1,CGTCCGGCTATGTCGCACAG,0,2505480
mhpRp2,0.5,1,1,CGTCCCTTACCCCCCTATGA,0,2522850
mhpRp2,0.5,1,1,CGTCATTTAATCGCCTCAGA,0,2513759
mhpRp2,0.5,1,1,CGTCATGGTTTTACTGGCTA,0,2491392
mhpRp2,0.5,1,1,CGTATTTTGCGCTTCAGTAA,0,2495532
mhpRp2,0.5,1,1,CGTATGGTCGCTGCCCCTAC,0,2514803
mhpRp2,0.5,1,1,CGTAGTATAGTACAGATTTG,0,2540034
mhpRp2,0.5,1,1,CGTAGGGCGATAGACACTAA,0,2487992
mhpRp2,0.5,1,1,CGTACTGAGGGCTCCCTGTC,0,2503336
mhpRp2,0.5,1,1,CGTACTATCATTACCCAAGA,0,2542084
mhpRp2,0.5,1,1,CGTACTAGGTCAGCAGGTAC,0,2518668
mhpRp2,0.5,1,1,CGTACGTGCACTCGCAGAGG,0,2516706
mhpRp2,0.5,1,1,CGTACGATCTGCCAATGTGA,0,2499488
mhpRp2,0.5,1,1,CGTACACGCACTGCTGGGAA,0,2539822
mhpRp2,0.5,1,1,CGTAAATACTTTTGGCAAAT,0,2527509
mhpRp2,0.5,1,1,CGGTTGCCTCTAAAACGGTG,0,2526685
mhpRp2,0.5,1,1,CGGTTGAAGCCTCCAGTGAA,0,2537770
mhpRp2,0.5,1,1,CGGTTCAGGGGTACATTTTC,0,2479905
mhpRp2,0.5,1,1,CGGTGCTAGGTATGTTCCCT,0,2545620
mhpRp2,0.5,1,1,CGGTGAGCATCCAAGTTTCG,0,2500019
mhpRp2,0.5,1,1,CGGTGAGACAGCATCAACTG,0,2517099
mhpRp2,0.5,1,1,CGGTGACGAAGTAGGAATGG,0,2487558
mhpRp2,0.5,1,1,CGGTCGGCTTGTCGTATGTG,0,2529920
mhpRp2,0.5,1,1,CGGTCGATGCTATATATTTT,0,2516559
mhpRp2,0.5,1,1,CGGTCGAGATGACTAGCTCG,0,2525693
mhpRp2,0.5,1,1,CGGTCAGGCTGCTAGGTGGC,0,2519627
mhpRp2,0.5,1,1,CGGTCAACTTGTCGTTATAT,0,2545154
mhpRp2,0.5,1,1,CGGTATTGTAGGTCGCAGCG,0,2487967
mhpRp2,0.5,1,1,CGGTATGCGTATCAAAAGCT,0,2500201
mhpRp2,0.5,1,1,CGGTACGTACGAAGCAGTCT,0,2481567
mhpRp2,0.5,1,1,CGGGTGTTTCTTCGGTCTCA,0,2530199
mhpRp2,0.5,1,1,CGGGTGGTAGATATAGGCGA,0,2537325
mhpRp2,0.5,1,1,CGGGTGCTCGGGAACTCAAA,0,2511721
mhpRp2,0.5,1,1,CGGGGGCTACACCGCGGTAC,0,2494224
mhpRp2,0.5,1,1,CGGGGGATGTTTCCTTTGGG,0,2490180
mhpRp2,0.5,1,1,CGGGGGACAGGCCTGAGCGG,0,2507612
mhpRp2,0.5,1,1,CGGGGCCGTATAAGTCGCTT,0,2530443
mhpRp2,0.5,1,1,CGGGGACGCCGTGTTGATAC,0,2529423
mhpRp2,0.5,1,1,CGGGCTCGCAAGCGATTTGG,0,2494412
mhpRp2,0.5,1,1,CGGGCGCCCTAGAAGGGTTC,0,2509830
mhpRp2,0.5,1,1,CGGGATAACAGACGCAGCGA,0,2484067
mhpRp2,0.5,1,1,CGGGAGACCCCACGAAAATG,0,2487128
mhpRp2,0.5,1,1,CGGGACATGCTGTTCGTTGA,0,2529459
mhpRp2,0.5,1,1,CGGGAACAGCGCGGGTGCGA,0,2539987
mhpRp2,0.5,1,1,CGGCTTTTGCTCCGGCCAGG,0,2535805
mhpRp2,0.5,1,1,CGGCTTGAGATGATGTAGCA,0,2542276
mhpRp2,0.5,1,1,CGGCTTCGACGCTCAGCATC,0,2519273
mhpRp2,0.5,1,1,CGGCTCTTCCGCCCGCTTAT,0,2485651
mhpRp2,0.5,1,1,CGGCTATACGTCCACTCTGT,0,2518338
mhpRp2,0.5,1,1,CGGCGTTCTCATAGGACAAG,0,2490053
mhpRp2,0.5,1,1,CGGCCGCGCTATTAAACACT,0,2513473
mhpRp2,0.5,1,1,CGGCCCTTAGGAATGTGGCC,0,2500813
mhpRp2,0.5,1,1,CGGCCCTGGACGTCAGCACT,0,2527887
mhpRp2,0.5,1,1,CGGCATTGAAGTAGATCAAT,0,2498223
mhpRp2,0.5,1,1,CGGCAGAGCACGTACGTTGA,0,2513774
mhpRp2,0.5,1,1,CGGCACTGGACCACGGTTAG,0,2507496
mhpRp2,0.5,1,1,CGGATTTAGATGATACACGA,0,2531657
mhpRp2,0.5,1,1,CGGAGTCCCGGTGGACGTGT,0,2502004
mhpRp2,0.5,1,1,CGGACGAGTCACAGACAGTC,0,2507213
mhpRp2,0.5,1,1,CGGACAGGACGGGGATTGAG,0,2521454
mhpRp2,0.5,1,1,CGGACAGAGTGTACAAGGTA,0,2521923
mhpRp2,0.5,1,1,CGGAAGTGTCCAGATCGTAG,0,2531964
mhpRp2,0.5,1,1,CGGAAGGCGACTCAATTATT,0,2518373
mhpRp2,0.5,1,1,CGGAAGCTGGCCATGGATCA,0,2523675
mhpRp2,0.5,1,1,CGCTTTGCCCAGGTCGGGTA,0,2501492
mhpRp2,0.5,1,1,CGCTTGTGTCGTTTCTCGAT,0,2492833
mhpRp2,0.5,1,1,CGCTTGATTCTATAATTCAC,0,2534698
mhpRp2,0.5,1,1,CGCTTAATCGGTGGCAGGTC,0,2539427
mhpRp2,0.5,1,1,CGCTGTAGACAACTTAATCA,0,2535499
mhpRp2,0.5,1,1,CGCTGGGAAATATTTCATAC,0,2523433
mhpRp2,0.5,1,1,CGCTGAGCTTGCCAATCGAG,0,2512810
mhpRp2,0.5,1,1,CGCTGAATTCAGTCCATGAC,0,2498913
mhpRp2,0.5,1,1,CGCTCCTCTCTCGAACATGC,0,2522603
mhpRp2,0.5,1,1,CGCTCAGGGATCGAGTTTTC,0,2530186
mhpRp2,0.5,1,1,CGCTCACGCTTCGAGAACAA,0,2539791
mhpRp2,0.5,1,1,CGCTAGGGCCTCCGGGCTGA,0,2508133
mhpRp2,0.5,1,1,CGCTACATGTTTGATTCCCA,0,2513441
mhpRp2,0.5,1,1,CGCTAAATTATCGATTTTAG,0,2518033
mhpRp2,0.5,1,1,CGCGTGTCGCAATTCTCCGG,0,2543635
mhpRp2,0.5,1,1,CGCGTCCAGGTCGATCGAGG,0,2539448
mhpRp2,0.5,1,1,CGCGGTGGAAAGAAAGGAGG,0,2492013
mhpRp2,0.5,1,1,CGCGGGTCTACTTATGGCTG,0,2536264
mhpRp2,0.5,1,1,CGCGGCAGAACGTAGTCTCG,0,2501001
mhpRp2,0.5,1,1,CGCGGAGGTGAATCACAGGG,0,2543577
mhpRp2,0.5,1,1,CGCGGAGAACAGAATCTAGG,0,2530603
mhpRp2,0.5,1,1,CGCGCTGTTAGGGTAAAGTC,0,2512795
mhpRp2,0.5,1,1,CGCGCCAAGAACCAAACTGC,0,2533959
mhpRp2,0.5,1,1,CGCGAACGGCTTGCGGGGTT,0,2510682
mhpRp2,0.5,1,1,CGCCTGCAAGGTCCCTATGA,0,2487698
mhpRp2,0.5,1,1,CGCCGCATATGGCCCGCTCG,0,2544288
mhpRp2,0.5,1,1,CGCCGCAACCCCTCCTTCAC,0,2526710
mhpRp2,0.5,1,1,CGCCCATGCCAGCATCCTGA,0,2533819
mhpRp2,0.5,1,1,CGCCATAATACACTGCAAGC,0,2485965
mhpRp2,0.5,1,1,CGCCAGAGGGGTGTGACAAA,0,2510749
mhpRp2,0.5,1,1,CGCATCAAGCTTGGATCCAT,0,2543514
mhpRp2,0.5,1,1,CGCATAGTTTCGGTATATAA,0,2514002
mhpRp2,0.5,1,1,CGCAGTTAGCCACTTATTGA,0,2521076
mhpRp2,0.5,1,1,CGCAGGCGCCTTGCAGTTAG,0,2526959
mhpRp2,0.5,1,1,CGCACTAATTGCAGCCAGGC,0,2518206
mhpRp2,0.5,1,1,CGCACCACAGATAGGCTCGC,0,2499486
mhpRp2,0.5,1,1,CGCACACATAATCAGGCTTT,0,2511339
mhpRp2,0.5,1,1,CGCAACATAGTGAAGTTCAT,0,2502375
mhpRp2,0.5,1,1,CGATTGTTGAGTTCGGAGCG,0,2536803
mhpRp2,0.5,1,1,CGATTGTGCACTCAGAATTG,0,2499055
mhpRp2,0.5,1,1,CGATTCTCTGATAGGCTAGC,0,2513862
mhpRp2,0.5,1,1,CGATTCGGTTGTTAACGTTA,0,2485710
mhpRp2,0.5,1,1,CGATGTTTTATTAGAGCCGC,0,2536987
mhpRp2,0.5,1,1,CGATGGCTACTTTGCCTTCG,0,2531837
mhpRp2,0.5,1,1,CGATGGAAGGGGCAGACGTT,0,2545366
mhpRp2,0.5,1,1,CGATGCGATCTAGTTGTTAA,0,2537272
mhpRp2,0.5,1,1,CGATGCAGGCAGTGAACGCC,0,2499982
mhpRp2,0.5,1,1,CGATCGGCCCCAAACTCATT,0,2504678
mhpRp2,0.5,1,1,CGATCACCATGAGTCATTCG,0,2537218
mhpRp2,0.5,1,1,CGATATCTAACTTGCAGCGC,0,2522973
mhpRp2,0.5,1,1,CGATAGCGTAAAATATGGCT,0,2491496
mhpRp2,0.5,1,1,CGATAGAGCCCAGCCAAAAT,0,2486834
mhpRp2,0.5,1,1,CGATACCGTTCCCTGTAGCA,0,2512665
mhpRp2,0.5,1,1,CGAGTGTGGTACTTGTGTCG,0,2519703
mhpRp2,0.5,1,1,CGAGTGGAAACACAATTACG,0,2540186
mhpRp2,0.5,1,1,CGAGTAGTCGTCTCTGATAA,0,2503153
mhpRp2,0.5,1,1,CGAGGTACTGAACGAAACAA,0,2543004
mhpRp2,0.5,1,1,CGAGGAGCCATGACTGAGCT,0,2494781
mhpRp2,0.5,1,1,CGAGCAAAAAATGTCCCGCG,0,2518408
mhpRp2,0.5,1,1,CGAGATTTTTTTGCGCTAAA,0,2493255
mhpRp2,0.5,1,1,CGAGACTCGCGTGGGTAGCA,0,2492733
mhpRp2,0.5,1,1,CGAGACATTAGAATTCTGGA,0,2486132
mhpRp2,0.5,1,1,CGAGAAGCTTAACCAGTTGT,0,2507247
mhpRp2,0.5,1,1,CGAGAAAGTACCAAATCAGG,0,2485866
mhpRp2,0.5,1,1,CGACTTTTAGGTCCGATCGC,0,2541358
mhpRp2,0.5,1,1,CGACTCCGCATTAAACGATG,0,2536625
mhpRp2,0.5,1,1,CGACGTCAATCCGCTTCCAT,0,2505239
mhpRp2,0.5,1,1,CGACGGCTCTCATAAAAATC,0,2513303
mhpRp2,0.5,1,1,CGACGGAAGGAGTGAGCAAA,0,2517397
mhpRp2,0.5,1,1,CGACGACCCGTTTGAACTGG,0,2537213
mhpRp2,0.5,1,1,CGACCTAAGAATGGTCACAC,0,2511655
mhpRp2,0.5,1,1,CGACCGGTGCGTGAACCACC,0,2481022
mhpRp2,0.5,1,1,CGACATTGTACGATACCTTT,0,2487271
mhpRp2,0.5,1,1,CGACATAATACGACAAAGGG,0,2488482
mhpRp2,0.5,1,1,CGACAGGAGCTGTGGAGCGA,0,2538604
mhpRp2,0.5,1,1,CGACAATCACAACATATAAC,0,2532662
mhpRp2,0.5,1,1,CGACAACATCATCTGGTCTG,0,2495995
mhpRp2,0.5,1,1,CGAATCCATACCGGAGAGAC,0,2496991
mhpRp2,0.5,1,1,CGAAGTCACGAACCGCGCTG,0,2541585
mhpRp2,0.5,1,1,CGAAGGGAAATCTGCCGGTC,0,2480236
mhpRp2,0.5,1,1,CGAAGCCAAAGATTCATATT,0,2538305
mhpRp2,0.5,1,1,CGAACGGCATGGCCCCCTTA,0,2494314
mhpRp2,0.5,1,1,CGAACCTTCACATATACGCT,0,2521850
mhpRp2,0.5,1,1,CGAACCGCCAAAGAAATTGG,0,2543883
mhpRp2,0.5,1,1,CGAACAGCTCTCCCACTATT,0,2504314
mhpRp2,0.5,1,1,CCTTGCCATTACTCATTTTC,0,2492401
mhpRp2,0.5,1,1,CCTTGATGAATATCCCACCC,0,2504312
mhpRp2,0.5,1,1,CCTTCTTGCCTTTATAGCGC,0,2491930
mhpRp2,0.5,1,1,CCTTATTGTCCCTCTGCAGC,0,2536057
mhpRp2,0.5,1,1,CCTTAATCGGCCACAGAAAA,0,2518094
mhpRp2,0.5,1,1,CCTTAAATACTTGGGAGCGT,0,2492746
mhpRp2,0.5,1,1,CCTGTTACCTATCATAGAAA,0,2517161
mhpRp2,0.5,1,1,CCTGTAAGTTCTCCCTCCAT,0,2509360
mhpRp2,0.5,1,1,CCTGGCAGCATCGATCGGAA,0,2503847
mhpRp2,0.5,1,1,CCTGGAGTGTCTCTTTCCAT,0,2493796
mhpRp2,0.5,1,1,CCTGCTGGAATTTGAGACGA,0,2528675
mhpRp2,0.5,1,1,CCTGCGACGAGGGAGAACCA,0,2516006
mhpRp2,0.5,1,1,CCTGATTCCGTACACTCACC,0,2515018
mhpRp2,0.5,1,1,CCTGAACGCGTGTCTGACGC,0,2490342
mhpRp2,0.5,1,1,CCTCTACCCGGGAGACAATG,0,2512889
mhpRp2,0.5,1,1,CCTCGACCAAATAGGGTACA,0,2519604
mhpRp2,0.5,1,1,CCTCCGTGGGGTATAACATG,0,2534752
mhpRp2,0.5,1,1,CCTCCACTTCTATCTCTTAG,0,2485289
mhpRp2,0.5,1,1,CCTCACTCCGCTCTCATTAG,0,2519902
mhpRp2,0.5,1,1,CCTCACAATTACGTTAGACT,0,2502183
mhpRp2,0.5,1,1,CCTATTGAGCAACCACTTTC,0,2538599
mhpRp2,0.5,1,1,CCTATGGTTCTCTCCTTCTA,0,2538938
mhpRp2,0.5,1,1,CCTATAGACATGCAGGGTCA,0,2481735
mhpRp2,0.5,1,1,CCTAGTTGGGGTCGCTACTA,0,2545420
mhpRp2,0.5,1,1,CCTAGACTCGAGCTTAAGTG,0,2479942
mhpRp2,0.5,1,1,CCTAGACCATCGTATCTGAT,0,2504046
mhpRp2,0.5,1,1,CCTAGAATGGCTTTTAGTCT,0,2512337
mhpRp2,0.5,1,1,CCTACCGGCAAGGCAATAAT,0,2541101
mhpRp2,0.5,1,1,CCTACAACTGTGAGACGATC,0,2495714
mhpRp2,0.5,1,1,CCGTTTCGTATATTTCTAAG,0,2530253
mhpRp2,0.5,1,1,CCGTTCCTAAACCACTACTC,0,2517223
mhpRp2,0.5,1,1,CCGTTCCAGATCTAAGGATC,0,2499792
mhpRp2,0.5,1,1,CCGTGTCATGCACTATAATG,0,2512456
mhpRp2,0.5,1,1,CCGTGCCCTTTGATGGTGTC,0,2508324
mhpRp2,0.5,1,1,CCGTGACGACGTAAATGCCA,0,2501965
mhpRp2,0.5,1,1,CCGTCATCTTGAGCCAGTCC,0,2532334
mhpRp2,0.5,1,1,CCGTCAACCCAGGCTCGTTG,0,2545119
mhpRp2,0.5,1,1,CCGTATCTTCTACCTCCGGC,0,2494302
mhpRp2,0.5,1,1,CCGTAGGTGTAAGGGCATTT,0,2533851
mhpRp2,0.5,1,1,CCGTAAGAACCACCACCAAA,0,2490131
mhpRp2,0.5,1,1,CCGGTGGGCACTTGTTGTCC,0,2489656
mhpRp2,0.5,1,1,CCGGTACTTTTAGACGGGGC,0,2534046
mhpRp2,0.5,1,1,CCGGTACAACGGAGAGAAGT,0,2483457
mhpRp2,0.5,1,1,CCGGTAATTTACCTGTAGGA,0,2479716
mhpRp2,0.5,1,1,CCGGGTGATTGCGACAGTCA,0,2526830
mhpRp2,0.5,1,1,CCGGGGTTTGAGCCATCTGT,0,2516146
mhpRp2,0.5,1,1,CCGGGGGATCGGGACCAGAC,0,2528471
mhpRp2,0.5,1,1,CCGGGCGTTCAGATGTTTAC,0,2495546
mhpRp2,0.5,1,1,CCGGGCGAATAAGGGTCTGG,0,2488072
mhpRp2,0.5,1,1,CCGGGCCGTCAGTGTGCTTA,0,2486418
mhpRp2,0.5,1,1,CCGGGACTAGCGGCCCCAGC,0,2532648
mhpRp2,0.5,1,1,CCGGCTGCCTGGTCTGTCCT,0,2530570
mhpRp2,0.5,1,1,CCGGCCCTCACGCCTGTTCC,0,2533363
mhpRp2,0.5,1,1,CCGGCAAGCGTCGGCTTGAG,0,2530636
mhpRp2,0.5,1,1,CCGGATTTCCTTCAATTCTT,0,2479560
mhpRp2,0.5,1,1,CCGCTTAGAAACAGTTTCCG,0,2488729
mhpRp2,0.5,1,1,CCGCTCGGGGGCAACTATCG,0,2540583
mhpRp2,0.5,1,1,CCGCTCACAGTGGTCTACTA,0,2505157
mhpRp2,0.5,1,1,CCGCGGGGAAACACGCGACC,0,2482425
mhpRp2,0.5,1,1,CCGCGCTAGCTGGCGTCTCC,0,2487303
mhpRp2,0.5,1,1,CCGCGATCCCTCGACACAAA,0,2541348
mhpRp2,0.5,1,1,CCGCGACGCTCCTCTCTTCT,0,2530813
mhpRp2,0.5,1,1,CCGCGACCATGCGGGTGTTG,0,2510802
mhpRp2,0.5,1,1,CCGCCGGAGGTTTGTACAGC,0,2510062
mhpRp2,0.5,1,1,CCGCCACTTTACGATGCGGC,0,2519894
mhpRp2,0.5,1,1,CCGCAGGATTTCATCCCGGA,0,2530890
mhpRp2,0.5,1,1,CCGCAGGACACGGTGGCGCT,0,2496082
mhpRp2,0.5,1,1,CCGCACCCGGAGTCATAAGA,0,2530616
mhpRp2,0.5,1,1,CCGCAAAGATGGAACCCTAT,0,2511555
mhpRp2,0.5,1,1,CCGATGATAAGTTGCAAAGA,0,2528528
mhpRp2,0.5,1,1,CCGATCGCACGAGCGAAGGA,0,2504412
mhpRp2,0.5,1,1,CCGAGCGCGCAGTAGGGCCG,0,2522938
mhpRp2,0.5,1,1,CCGACCAACTTCGAGGCATT,0,2494769
mhpRp2,0.5,1,1,CCGACATGGTCTGAGTGCGG,0,2514781
mhpRp2,0.5,1,1,CCGAACTGATCTGCGCCAAT,0,2524599
mhpRp2,0.5,1,1,CCGAACCTAAAAAGTACGAG,0,2529121
mhpRp2,0.5,1,1,CCCTTGGCGTTCGGTACGAA,0,2527120
mhpRp2,0.5,1,1,CCCTTATGGGAATGACACCA,0,2535007
mhpRp2,0.5,1,1,CCCTGGAGTGGTCTGGATCC,0,2490262
mhpRp2,0.5,1,1,CCCTGAGACCTTTTAAAGCA,0,2532369
mhpRp2,0.5,1,1,CCCTCTGTAAGGCAGTAGCT,0,2486919
mhpRp2,0.5,1,1,CCCTCTCTAGCCGGGGACAA,0,2489182
mhpRp2,0.5,1,1,CCCTCTACTTTGGGGTGTGG,0,2483694
mhpRp2,0.5,1,1,CCCTCCCCCTAAGGATTGTA,0,2502859
mhpRp2,0.5,1,1,CCCTCCCCAGAGATGCGGCA,0,2498233
mhpRp2,0.5,1,1,CCCTCACGTAAGGTATGTCA,0,2492942
mhpRp2,0.5,1,1,CCCTATGAGGCAATACTCCT,0,2487018
mhpRp2,0.5,1,1,CCCTAGGCGTACGTCAATGG,0,2525835
mhpRp2,0.5,1,1,CCCTACGTCATCGTACACCC,0,2482626
mhpRp2,0.5,1,1,CCCTAACCTGTCCAGGCACG,0,2496211
mhpRp2,0.5,1,1,CCCGTTGCAATCCAGTCTTA,0,2542835
mhpRp2,0.5,1,1,CCCGTGCCAAGAGCGGGCGT,0,2502967
mhpRp2,0.5,1,1,CCCGTCCTTTGTTGCCCTCA,0,2531114
mhpRp2,0.5,1,1,CCCGTACGTGGACATCCATG,0,2480761
mhpRp2,0.5,1,1,CCCGGTAGTAAGGACGTTCC,0,2515663
mhpRp2,0.5,1,1,CCCGGGTTATTTGTCAGAAG,0,2522481
mhpRp2,0.5,1,1,CCCGGCCGGTCGGCAGGAAC,0,2499425
mhpRp2,0.5,1,1,CCCGGCAGCTCCCCAGTGTT,0,2508565
mhpRp2,0.5,1,1,CCCGGATTTCGAAGAGTCGT,0,2479959
mhpRp2,0.5,1,1,CCCGCGCCGGCAAGCCCCTA,0,2517061
mhpRp2,0.5,1,1,CCCGAGTACGCTATGTCCTG,0,2516649
mhpRp2,0.5,1,1,CCCGAGCATTTATTGCCGGA,0,2527926
mhpRp2,0.5,1,1,CCCCTTTCGGTTGAACTCGT,0,2538157
mhpRp2,0.5,1,1,CCCCTGGCAATCTGATAGGG,0,2480658
mhpRp2,0.5,1,1,CCCCTAGTGGGGCGTTGATC,0,2530606
mhpRp2,0.5,1,1,CCCCGATTAAACTTGTACGG,0,2503705
mhpRp2,0.5,1,1,CCCCGAATTGAATATCTCAG,0,2538717
mhpRp2,0.5,1,1,CCCCCTGTTGCAACACTATA,0,2499607
mhpRp2,0.5,1,1,CCCCCTCTAGGGCTCCTGGA,0,2489643
mhpRp2,0.5,1,1,CCCCCGTATGAGCAGTCACC,0,2521374
mhpRp2,0.5,1,1,CCCCCGGAGCCCTTGAGATC,0,2507136
mhpRp2,0.5,1,1,CCCCCCTCAGCCAGGAGACC,0,2537386
mhpRp2,0.5,1,1,CCCCAAGTCGTGATCATGCT,0,2513471
mhpRp2,0.5,1,1,CCCCAACAATTAGGTGGACT,0,2507027
mhpRp2,0.5,1,1,CCCCAAAGCCTGACTAACTT,0,2515478
mhpRp2,0.5,1,1,CCCATCTTCGTAGCGAGAAT,0,2534704
mhpRp2,0.5,1,1,CCCATAACGGCCGCGACTAC,0,2494888
mhpRp2,0.5,1,1,CCCAGGAATGCCAACGTAGG,0,2486516
mhpRp2,0.5,1,1,CCCAGCCTTAACGTCCTGGG,0,2540433
mhpRp2,0.5,1,1,CCCACTTGTGCGGGGACTAA,0,2510047
mhpRp2,0.5,1,1,CCCACTTGACCGTTGGTCGT,0,2511548
mhpRp2,0.5,1,1,CCCACTCGAGATGTAAGAGC,0,2521755
mhpRp2,0.5,1,1,CCCACCGTATAAGTCGTTTG,0,2493970
mhpRp2,0.5,1,1,CCCAAGAGGTAATAGTGTTG,0,2488851
mhpRp2,0.5,1,1,CCCAAGACACTGCTACTCAA,0,2503470
mhpRp2,0.5,1,1,CCCAAAGCCCCCCAGCAGGT,0,2530131
mhpRp2,0.5,1,1,CCCAAACTGGAGCTGCTCAG,0,2525442
mhpRp2,0.5,1,1,CCATTGCACGAATGAGGGGT,0,2492709
mhpRp2,0.5,1,1,CCATTAGGGGATATATGTTC,0,2542878
mhpRp2,0.5,1,1,CCATTAGGATGCCCAACTCA,0,2540726
mhpRp2,0.5,1,1,CCATGGGGCTCGAAAATTAC,0,2520369
mhpRp2,0.5,1,1,CCATGCGCTCTTGGCTGGGC,0,2525301
mhpRp2,0.5,1,1,CCATGCCCAGCGGCGCCCCA,0,2528474
mhpRp2,0.5,1,1,CCATCGGCACCTATGCATGG,0,2528212
mhpRp2,0.5,1,1,CCATCGAGAGAGCGGTAGTG,0,2541076
mhpRp2,0.5,1,1,CCATCCGCGCATCTGGCTTT,0,2526047
mhpRp2,0.5,1,1,CCATCATCAGGTAAGCGGGC,0,2504149
mhpRp2,0.5,1,1,CCATCAGAGGCCCTCACCAA,0,2529475
mhpRp2,0.5,1,1,CCATACGCATCAGGCTCATC,0,2484014
mhpRp2,0.5,1,1,CCATAACGCTCGGAATAAGT,0,2542280
mhpRp2,0.5,1,1,CCAGTGTCTCTTGTGTCGTC,0,2503751
mhpRp2,0.5,1,1,CCAGTGCTCAGGCGACGATT,0,2519217
mhpRp2,0.5,1,1,CCAGGTGTACTGTAATATAT,0,2529244
mhpRp2,0.5,1,1,CCAGGTACCATTTCGTTTGT,0,2507406
mhpRp2,0.5,1,1,CCAGGAAGCCGTCGCAAAGT,0,2482907
mhpRp2,0.5,1,1,CCAGCCCCGTTGGGAAGGAC,0,2497089
mhpRp2,0.5,1,1,CCAGATCCGAAAATGGCGTT,0,2500564
mhpRp2,0.5,1,1,CCAGACAGTCGGTTCCGCTA,0,2537929
mhpRp2,0.5,1,1,CCAGAATAAGACGTTGCCGT,0,2506286
mhpRp2,0.5,1,1,CCAGAAGGGTTTGGGAACCC,0,2519468
mhpRp2,0.5,1,1,CCAGAACATTTTGAAAAACT,0,2545428
mhpRp2,0.5,1,1,CCACTTGAGACGCGAGCAAC,0,2501924
mhpRp2,0.5,1,1,CCACTGGCAAGTTAGAGTCA,0,2520337
mhpRp2,0.5,1,1,CCACTCCGTCTCAACTTGTC,0,2487932
mhpRp2,0.5,1,1,CCACGACTCCAGAGATCTGC,0,2535804
mhpRp2,0.5,1,1,CCACCAGGAACATTAAGCCC,0,2526832
mhpRp2,0.5,1,1,CCACATGTGCGACAGGAAAC,0,2498917
mhpRp2,0.5,1,1,CCACAAGTGGGAGGATGACT,0,2499984
mhpRp2,0.5,1,1,CCACAAATGCGGTCTCAATC,0,2508014
mhpRp2,0.5,1,1,CCAATTGCCAATGCTTAGCC,0,2506181
mhpRp2,0.5,1,1,CCAATTCGTGCAAAGACGTG,0,2486640
mhpRp2,0.5,1,1,CCAATGATGCAGGACGCTTA,0,2525007
mhpRp2,0.5,1,1,CCAATCCCTACGGTCCTGGA,0,2523753
mhpRp2,0.5,1,1,CCAATACTAGTATTACAGTA,0,2510023
mhpRp2,0.5,1,1,CCAAGGGAGGGCTTCTCTTT,0,2498300
mhpRp2,0.5,1,1,CCAAGCCTTTGTCACTCGAC,0,2506796
mhpRp2,0.5,1,1,CCAAGATATTGTAACTTACA,0,2482369
mhpRp2,0.5,1,1,CCAACTACGAATTCGGTAGT,0,2519992
mhpRp2,0.5,1,1,CCAACGTGGTTAGAAGGATG,0,2480021
mhpRp2,0.5,1,1,CCAACGTATCGTTATTCTCG,0,2503500
mhpRp2,0.5,1,1,CCAACACCGTTGAATTTTTC,0,2540321
mhpRp2,0.5,1,1,CCAAAAGAGCCCCATTTGTT,0,2524536
mhpRp2,0.5,1,1,CATTTTTCGCATCCCAGGAG,0,2506885
mhpRp2,0.5,1,1,CATTGTCTTTCAAAAGCCGT,0,2531952
mhpRp2,0.5,1,1,CATTATTAGCGTCATCTTTT,0,2506155
mhpRp2,0.5,1,1,CATTATCCTAGGGTTGGTGA,0,2517434
mhpRp2,0.5,1,1,CATTAGGGACAAGCGTTAAA,0,2545597
mhpRp2,0.5,1,1,CATTACCGGGGTGCTGCTAT,0,2527815
mhpRp2,0.5,1,1,CATTACATTACCAGACAGCT,0,2516541
mhpRp2,0.5,1,1,CATTAAATCCATGTGATGGC,0,2544124
mhpRp2,0.5,1,1,CATTAAACTAGAATATAGAA,0,2495930
mhpRp2,0.5,1,1,CATTAAAATCGCTGATCTCA,0,2525024
mhpRp2,0.5,1,1,CATGTGTTCGGAATTGCCAT,0,2518256
mhpRp2,0.5,1,1,CATGTGCGCCCACTGTGAGT,0,2537947
mhpRp2,0.5,1,1,CATGTGATGTACTCCATTGC,0,2517961
mhpRp2,0.5,1,1,CATGTAACTTGCGAGCCTAG,0,2542673
mhpRp2,0.5,1,1,CATGGTGGGTCACATGAAGC,0,2523507
mhpRp2,0.5,1,1,CATGGCCTCAACCTAGTAAC,0,2529249
mhpRp2,0.5,1,1,CATGCTGGTGTCGTAATAAG,0,2481737
mhpRp2,0.5,1,1,CATGCCCTACGTATCACCCA,0,2510462
mhpRp2,0.5,1,1,CATGATTCCAATTTTATGTG,0,2539495
mhpRp2,0.5,1,1,CATGAGGGATCTGTTTTTAC,0,2544929
mhpRp2,0.5,1,1,CATGAATAGGTTTGCGAATC,0,2536704
mhpRp2,0.5,1,1,CATCTTTTCGCGAGTTGGCA,0,2538057
mhpRp2,0.5,1,1,CATCTAATGGTGTAACTAGG,0,2523567
mhpRp2,0.5,1,1,CATCTAAGGATTCTAGCTTT,0,2531222
mhpRp2,0.5,1,1,CATCGGGACTACCAGCAGCA,0,2531476
mhpRp2,0.5,1,1,CATCCTTTTACATACCTGGA,0,2532682
mhpRp2,0.5,1,1,CATCCTGTGAACTTCACTGT,0,2515092
mhpRp2,0.5,1,1,CATCCGGGTTCCCTATTTAA,0,2489761
mhpRp2,0.5,1,1,CATCCGAGCATGTTGCATTC,0,2516854
mhpRp2,0.5,1,1,CATCCCGCGGCCGCTCGAGT,0,2522806
mhpRp2,0.5,1,1,CATCATGCAGCTAGGATAGG,0,2534270
mhpRp2,0.5,1,1,CATCATGATAAGCACCTTCT,0,2528454
mhpRp2,0.5,1,1,CATCATCGTGACTGGGGTGT,0,2509047
mhpRp2,0.5,1,1,CATCAGTGCCTAACTCACAA,0,2545535
mhpRp2,0.5,1,1,CATCACACAGTATCACAATA,0,2539145
mhpRp2,0.5,1,1,CATATGGGTAGACAGTCGAT,0,2519125
mhpRp2,0.5,1,1,CATATGACCAATGGTCGGAA,0,2511029
mhpRp2,0.5,1,1,CATATCCCGGCCGTTGGGGA,0,2530946
mhpRp2,0.5,1,1,CATATACGGACAGAAGTCGC,0,2499551
mhpRp2,0.5,1,1,CATAGTGACAGGCACGGCCC,0,2512082
mhpRp2,0.5,1,1,CATAGCCTATCTCACTGAAG,0,2509159
mhpRp2,0.5,1,1,CATAGACACGAGCCGTGTTA,0,2514732
mhpRp2,0.5,1,1,CATAGAACTAAGATCGGGGT,0,2528154
mhpRp2,0.5,1,1,CATACGGCCTTGTACAGGTC,0,2533269
mhpRp2,0.5,1,1,CATAAGGCTTCCCGAGATTC,0,2545390
mhpRp2,0.5,1,1,CAGTTGTAGGGACCACGGCG,0,2531750
mhpRp2,0.5,1,1,CAGTTAACTTCTCCACTGCC,0,2496277
mhpRp2,0.5,1,1,CAGTGTTGCGCATGACGTTC,0,2524526
mhpRp2,0.5,1,1,CAGTGGGGAGTACAACCCAA,0,2496901
mhpRp2,0.5,1,1,CAGTGAAGAATATCTCGAGC,0,2533010
mhpRp2,0.5,1,1,CAGTCTCAACACCTTTATGC,0,2534103
mhpRp2,0.5,1,1,CAGTCCCCGTCGTCCAGTTG,0,2542806
mhpRp2,0.5,1,1,CAGTCAGGTCCCCGGCCAGA,0,2516168
mhpRp2,0.5,1,1,CAGTCAAGCTCGAGCTGAGA,0,2539627
mhpRp2,0.5,1,1,CAGGTCCGGGCTCGCCCGGA,0,2518139
mhpRp2,0.5,1,1,CAGGTCCCACAACCGTGTAT,0,2528455
mhpRp2,0.5,1,1,CAGGTAAATCAACCAACCAC,0,2516711
mhpRp2,0.5,1,1,CAGGGTCTTGAAGCGTTCAT,0,2529240
mhpRp2,0.5,1,1,CAGGGCTCTTTATAAAAAGA,0,2489109
mhpRp2,0.5,1,1,CAGGGCTCCGTACGAGGTCT,0,2502630
mhpRp2,0.5,1,1,CAGGCGCATGGAGCCATTAT,0,2484989
mhpRp2,0.5,1,1,CAGGCATATTTGCGGTCAGA,0,2496473
mhpRp2,0.5,1,1,CAGGATGACTCGATTACAGG,0,2519129
mhpRp2,0.5,1,1,CAGGATAAGGTCAGGCTAGC,0,2517627
mhpRp2,0.5,1,1,CAGGACAAGCTGCAGAGTTA,0,2500413
mhpRp2,0.5,1,1,CAGGAAGTTACCATTTTTAG,0,2532435
mhpRp2,0.5,1,1,CAGCTTGATGGTTATTTCAA,0,2526035
mhpRp2,0.5,1,1,CAGCTTCCCGGGACCGAACG,0,2483204
mhpRp2,0.5,1,1,CAGCTGTCTGCTCTTACATA,0,2490841
mhpRp2,0.5,1,1,CAGCTAATAGACCAGTTAGC,0,2524244
mhpRp2,0.5,1,1,CAGCGCACGAGCACCACATT,0,2512063
mhpRp2,0.5,1,1,CAGCCTCGTCTCTACATATT,0,2522420
mhpRp2,0.5,1,1,CAGCCTAAGTGTGCTCGGCC,0,2518020
mhpRp2,0.5,1,1,CAGCCCATCGCGTGGTGCAT,0,2501893
mhpRp2,0.5,1,1,CAGCCAGTAGCGGTCGCAAT,0,2493723
mhpRp2,0.5,1,1,CAGCCAAAAATTGATGCGAG,0,2535312
mhpRp2,0.5,1,1,CAGCAGAATAAAGACTGAAT,0,2541046
mhpRp2,0.5,1,1,CAGCAATGTTTCAAGCGAGT,0,2520574
mhpRp2,0.5,1,1,CAGCAACGGTTAGACAGGAC,0,2530321
mhpRp2,0.5,1,1,CAGATGTATCCCACTGTGAA,0,2507973
mhpRp2,0.5,1,1,CAGATGCAGACGCTGCATGT,0,2533439
mhpRp2,0.5,1,1,CAGATCTCGTTCTTACCTAC,0,2535622
mhpRp2,0.5,1,1,CAGATCGCTGTGAACCATTC,0,2519484
mhpRp2,0.5,1,1,CAGAGCGTATGGTAGGGACG,0,2513232
mhpRp2,0.5,1,1,CAGAGATGCGGCCAAGTAAT,0,2484553
mhpRp2,0.5,1,1,CAGAGACCCAATACCGCACT,0,2488269
mhpRp2,0.5,1,1,CAGACTTGCTCTTATTCTTC,0,2501868
mhpRp2,0.5,1,1,CAGACATTGCCGGATTCGCG,0,2500478
mhpRp2,0.5,1,1,CAGACAGTGTTACGTGTCCG,0,2508017
mhpRp2,0.5,1,1,CAGAATTAATTATCATGGGG,0,2544133
mhpRp2,0.5,1,1,CAGAAACGGGCCGAACCGCA,0,2541738
mhpRp2,0.5,1,1,CAGAAAACAATATGTAGAAT,0,2494960
mhpRp2,0.5,1,1,CACTTGGCGGATGTTGAATC,0,2541347
mhpRp2,0.5,1,1,CACTGTACATGTAGGTTCTC,0,2535884
mhpRp2,0.5,1,1,CACTGCTGCTGCACTCCTCT,0,2493329
mhpRp2,0.5,1,1,CACTGCGTAAGGGAGCGTTA,0,2499006
mhpRp2,0.5,1,1,CACTGATAGCTTGGCCGCAA,0,2536916
mhpRp2,0.5,1,1,CACTGAAACCCCCGCCAAAT,0,2527189
mhpRp2,0.5,1,1,CACTCTTAATATTGTTCCAG,0,2489833
mhpRp2,0.5,1,1,CACTCGAGAAAGAACGTAAA,0,2535005
mhpRp2,0.5,1,1,CACTATTTGTTCAGGGCGCG,0,2531479
mhpRp2,0.5,1,1,CACTATAGGACTACTCTAGG,0,2489906
mhpRp2,0.5,1,1,CACTAAGTGTCGTAAGCGGG,0,2509059
mhpRp2,0.5,1,1,CACGTTATTTAGGAACGGCT,0,2542811
mhpRp2,0.5,1,1,CACGTACTGCGACGGTGGTA,0,2496393
mhpRp2,0.5,1,1,CACGGGTTGCAGCAGAAACC,0,2505763
mhpRp2,0.5,1,1,CACGGGCCTATCACTCCCCC,0,2481875
mhpRp2,0.5,1,1,CACGGGCAGAGACGACTAAG,0,2483610
mhpRp2,0.5,1,1,CACGGCCTTGATTAGACGGG,0,2508736
mhpRp2,0.5,1,1,CACGCACGCTGGAGTCTCAC,0,2512767
mhpRp2,0.5,1,1,CACGATCGAGGATCCCCAAG,0,2511046
mhpRp2,0.5,1,1,CACGAGTTCGTACGAAATTG,0,2540108
mhpRp2,0.5,1,1,CACCTTAGGGCGCCACCACT,0,2496218
mhpRp2,0.5,1,1,CACCTTACTTTATGAGGGTA,0,2511612
mhpRp2,0.5,1,1,CACCTAGGTCGCTGGAGCGG,0,2507931
mhpRp2,0.5,1,1,CACCGTGCGCTTAATTTACA,0,2505537
mhpRp2,0.5,1,1,CACCCGGGCCGGGCGGAAAG,0,2487080
mhpRp2,0.5,1,1,CACCCGCCCCGGGAACGTAC,0,2525360
mhpRp2,0.5,1,1,CACCACTTCAGGACGAGAAC,0,2522857
mhpRp2,0.5,1,1,CACATTGACAACGACGTGAC,0,2542954
mhpRp2,0.5,1,1,CACATAACCAGAGCACGCGA,0,2519181
mhpRp2,0.5,1,1,CACAGGCCTTCGCATACCGG,0,2530746
mhpRp2,0.5,1,1,CACAGCTGAATACCGCAGCG,0,2489189
mhpRp2,0.5,1,1,CACAATCGGGAATTGGCGTG,0,2527854
mhpRp2,0.5,1,1,CACAAGCGGCCGGGCCATGG,0,2538482
mhpRp2,0.5,1,1,CAATTAATTATGCCGTTAGG,0,2507591
mhpRp2,0.5,1,1,CAATTAAACTGTGACCAGGT,0,2503964
mhpRp2,0.5,1,1,CAATGATAAGCGAATAATCC,0,2540219
mhpRp2,0.5,1,1,CAATCGGGAACAAAACTACA,0,2535533
mhpRp2,0.5,1,1,CAATCGGAATTAGTAAGAGG,0,2522441
mhpRp2,0.5,1,1,CAATCGCAACCAGTCCCATG,0,2508844
mhpRp2,0.5,1,1,CAATACGGGCTCGACCGGAA,0,2480655
mhpRp2,0.5,1,1,CAAGTTTGGCAATCGATATG,0,2487773
mhpRp2,0.5,1,1,CAAGTGCTGGAAGTCCCGCA,0,2517699
mhpRp2,0.5,1,1,CAAGTGCATCGTACGGCGTT,0,2508214
mhpRp2,0.5,1,1,CAAGTAAGCTCTAATAGATG,0,2495181
mhpRp2,0.5,1,1,CAAGGTACACGCAGTCATAC,0,2533872
mhpRp2,0.5,1,1,CAAGGGGGCTGGTATGACTC,0,2527631
mhpRp2,0.5,1,1,CAAGGCGCCACGTCCGTCGC,0,2491634
mhpRp2,0.5,1,1,CAAGGCGATAAGCGACATGG,0,2525122
mhpRp2,0.5,1,1,CAAGCTTCTTATATAAAAAT,0,2489764
mhpRp2,0.5,1,1,CAAGCTAGCACTGGACTCAT,0,2488004
mhpRp2,0.5,1,1,CAAGCGGCTTATTTTAACCC,0,2534861
mhpRp2,0.5,1,1,CAAGCGGCACTTGCATCTCG,0,2505594
mhpRp2,0.5,1,1,CAAGCGCTGCGTACCGCGGT,0,2481242
mhpRp2,0.5,1,1,CAAGATATACCACTACTAGG,0,2492612
mhpRp2,0.5,1,1,CAACTGGCGGTCGTCGGAAC,0,2530421
mhpRp2,0.5,1,1,CAACTGGCGGGGATTGGGAG,0,2484260
mhpRp2,0.5,1,1,CAACTCCTATGGCTTGACTT,0,2491804
mhpRp2,0.5,1,1,CAACGTTCATTAAGGAGTTC,0,2529908
mhpRp2,0.5,1,1,CAACGTCAGTGCGACCGGCA,0,2537976
mhpRp2,0.5,1,1,CAACGGCTTACCGGGTGCGG,0,2515049
mhpRp2,0.5,1,1,CAACGGATGCAGACCACAGA,0,2514363
mhpRp2,0.5,1,1,CAACGCTAGAAAGTAAGGAG,0,2523907
mhpRp2,0.5,1,1,CAACGCTACTTGCCACACCG,0,2543699
mhpRp2,0.5,1,1,CAACGCGCAACTTACTTCAG,0,2528416
mhpRp2,0.5,1,1,CAACCTGGTGGGCAATTCAG,0,2498328
mhpRp2,0.5,1,1,CAACCTGCTTACAGAAGCCA,0,2482578
mhpRp2,0.5,1,1,CAACCGAGGACCACACATAT,0,2494335
mhpRp2,0.5,1,1,CAACCGACGTCCAGAGACGC,0,2535704
mhpRp2,0.5,1,1,CAACCCTTGGACGGAGGTTT,0,2535888
mhpRp2,0.5,1,1,CAACATTCTAAGCGACGATT,0,2522034
mhpRp2,0.5,1,1,CAACATAGTATGGACGTGAG,0,2544545
mhpRp2,0.5,1,1,CAACACTCGATGGATCCCAG,0,2529085
mhpRp2,0.5,1,1,CAACACCGTGAGAGATGTCA,0,2522096
mhpRp2,0.5,1,1,CAACACAGCCCAGGCCCCGA,0,2500638
mhpRp2,0.5,1,1,CAAATGAAGTGAGAAGAATT,0,2526911
mhpRp2,0.5,1,1,CAAATACGGTCTGAAAACAT,0,2482339
mhpRp2,0.5,1,1,CAAATAATAGTAAGGTATCA,0,2538882
mhpRp2,0.5,1,1,CAAAGTGTAAGGCCCGTCTT,0,2494146
mhpRp2,0.5,1,1,CAAAGCGCATTGAAGCATTT,0,2498277
mhpRp2,0.5,1,1,CAAAGATTAAGGTCACGAGG,0,2485975
mhpRp2,0.5,1,1,CAAACTATGGGGGCAACCGA,0,2538603
mhpRp2,0.5,1,1,CAAACAGGTTCACTGAGGTT,0,2536655
mhpRp2,0.5,1,1,CAAAATTCATATACTATTCG,0,2539666
mhpRp2,0.5,1,1,CAAAACCTGGTCCAAGCCGG,0,2521791
mhpRp2,0.5,1,1,CAAAACCTAAGCAGCTCTGT,0,2527092
mhpRp2,0.5,1,1,CAAAACAAGTTAACGCACCG,0,2520553
mhpRp2,0.5,1,1,ATTTTTCCCAGAAATTACAT,0,2496472
mhpRp2,0.5,1,1,ATTTTTAGGATACGTAGCGT,0,2520728
mhpRp2,0.5,1,1,ATTTTTACCAAAAGATACCT,0,2488178
mhpRp2,0.5,1,1,ATTTGTTCCTCATTGTACAA,0,2525987
mhpRp2,0.5,1,1,ATTTGGCCCGAATCGTTACC,0,2501859
mhpRp2,0.5,1,1,ATTTGGCATGACATTCAGGA,0,2535707
mhpRp2,0.5,1,1,ATTTGCAGTCGAACAAAAGA,0,2538871
mhpRp2,0.5,1,1,ATTTGCAAAGGGTGACTTCG,0,2515155
mhpRp2,0.5,1,1,ATTTGAGTTATTACATGATA,0,2524337
mhpRp2,0.5,1,1,ATTTCTTGAATAATGATTGC,0,2485725
mhpRp2,0.5,1,1,ATTTCTCCGTTTCTTTTTGA,0,2538962
mhpRp2,0.5,1,1,ATTTCTATTACAGCTAGATG,0,2540845
mhpRp2,0.5,1,1,ATTTCGTACACTCAGATACT,0,2519832
mhpRp2,0.5,1,1,ATTTCGCGTCAGAAAGACAT,0,2503050
mhpRp2,0.5,1,1,ATTTATCCAACTATCAGTAA,0,2543019
mhpRp2,0.5,1,1,ATTTATAATGGTTACCCATG,0,2505579
mhpRp2,0.5,1,1,ATTTATAAACTACAGTGCAG,0,2521606
mhpRp2,0.5,1,1,ATTTACGAGCCCGTTGGCCC,0,2539008
mhpRp2,0.5,1,1,ATTTACATCCTACAGCATTC,0,2509102
mhpRp2,0.5,1,1,ATTTAAATTGTCTCAGCGCC,0,2516707
mhpRp2,0.5,1,1,ATTGTGCACTGTGCAACAAC,0,2490458
mhpRp2,0.5,1,1,ATTGTCGATACAAACTCCAC,0,2529001
mhpRp2,0.5,1,1,ATTGTCGAGCGGCTCGGAGC,0,2513415
mhpRp2,0.5,1,1,ATTGTATCCCCCGGGGTTAA,0,2509582
mhpRp2,0.5,1,1,ATTGGGGAGGAATAATACTC,0,2525272
mhpRp2,0.5,1,1,ATTGGGAGTCTCAATCTTCA,0,2498191
mhpRp2,0.5,1,1,ATTGGGACCAATTTAACTAA,0,2510217
mhpRp2,0.5,1,1,ATTGGCTGTTTGCAAGGAAT,0,2505312
mhpRp2,0.5,1,1,ATTGCTAACGGCCAGGTAAT,0,2485088
mhpRp2,0.5,1,1,ATTGCCACCAAGGTGTAACT,0,2509932
mhpRp2,0.5,1,1,ATTGCAATTGTGCGTCCAGG,0,2530054
mhpRp2,0.5,1,1,ATTGATGTGATCCATGGTGT,0,2530129
mhpRp2,0.5,1,1,ATTGAGGTAGTTGCGGTAAG,0,2487501
mhpRp2,0.5,1,1,ATTGAGGGCTGGATTTACCT,0,2517698
mhpRp2,0.5,1,1,ATTGACATACGTGTAAATCC,0,2538870
mhpRp2,0.5,1,1,ATTGACACCGGGACCCATGC,0,2515323
mhpRp2,0.5,1,1,ATTGACACCGATATCTGCGG,0,2490871
mhpRp2,0.5,1,1,ATTGAACCTGCTAGAGTTAC,0,2541432
mhpRp2,0.5,1,1,ATTCTTTGTTTCATGCTAGG,0,2507964
mhpRp2,0.5,1,1,ATTCTTTACCCATGGGTCAC,0,2507867
mhpRp2,0.5,1,1,ATTCTGGTCTTGGTTACGCT,0,2540905
mhpRp2,0.5,1,1,ATTCTCTGACAGAACGACCC,0,2526267
mhpRp2,0.5,1,1,ATTCGTACTCACAAATACGC,0,2517119
mhpRp2,0.5,1,1,ATTCGGCTCTAGGGCATGTA,0,2536200
mhpRp2,0.5,1,1,ATTCGACGAGTATCTAAGGG,0,2488451
mhpRp2,0.5,1,1,ATTCCCGGGGTAACTGGCCT,0,2487627
mhpRp2,0.5,1,1,ATTCCCCGGGTACCCATGTG,0,2480023
mhpRp2,0.5,1,1,ATTCCCAATCGTTCTCTTCA,0,2510628
mhpRp2,0.5,1,1,ATTCATGCGTGCTCGTAGCT,0,2513476
mhpRp2,0.5,1,1,ATTCATCACCCCAGGCCACG,0,2500376
mhpRp2,0.5,1,1,ATTCATAACTGTTTAAGGGT,0,2524493
mhpRp2,0.5,1,1,ATTCAATCCAGCCTACAGTA,0,2496942
mhpRp2,0.5,1,1,ATTATCAGAAAGTCATTGTT,0,2506430
mhpRp2,0.5,1,1,ATTAGCTGGTGCCGTAGGCT,0,2500178
mhpRp2,0.5,1,1,ATTAGCGGCTGGTATCAATT,0,2495598
mhpRp2,0.5,1,1,ATTACTTAGGTACCTTGGCA,0,2483166
mhpRp2,0.5,1,1,ATTACTTAACCGACTTTAGA,0,2488163
mhpRp2,0.5,1,1,ATTACTAGGTCAGGCCCTAT,0,2506973
mhpRp2,0.5,1,1,ATGTTCCATGTAGTTAATCT,0,2525328
mhpRp2,0.5,1,1,ATGTGTATAGTTGTACTGGG,0,2524075
mhpRp2,0.5,1,1,ATGTCTAGAGGGCAGTTTAA,0,2531867
mhpRp2,0.5,1,1,ATGTCGTGATGTCATACCTG,0,2545150
mhpRp2,0.5,1,1,ATGTATTTATGGACTGGCTT,0,2536999
mhpRp2,0.5,1,1,ATGTAGATTTGGACATTTGT,0,2517335
mhpRp2,0.5,1,1,ATGTACATCACAAATACTCT,0,2480958
mhpRp2,0.5,1,1,ATGTAATTATTGCTTCATGA,0,2509981
mhpRp2,0.5,1,1,ATGGTTCTCTCACCCCCGCT,0,2534460
mhpRp2,0.5,1,1,ATGGTCTTCTTTTGACGCAT,0,2524483
mhpRp2,0.5,1,1,ATGGGTCAACCGGGATCTCA,0,2542597
mhpRp2,0.5,1,1,ATGGGGTACCCGGGATGCAA,0,2520469
mhpRp2,0.5,1,1,ATGGGGAATCTAGAGTATAA,0,2499377
mhpRp2,0.5,1,1,ATGGGCTTGCACACACGGGT,0,2528226
mhpRp2,0.5,1,1,ATGGCTCCACTAAGTTCTCG,0,2493860
mhpRp2,0.5,1,1,ATGGCATCTTATATGGTTTG,0,2505586
mhpRp2,0.5,1,1,ATGGCAACGAAGACTTCAGA,0,2516867
mhpRp2,0.5,1,1,ATGGAGCTGGCTTGAGTGAG,0,2495670
mhpRp2,0.5,1,1,ATGGACTAGCTGAGGACGGT,0,2505093
mhpRp2,0.5,1,1,ATGGAAATAGCATAACCGAT,0,2529288
mhpRp2,0.5,1,1,ATGCTTCGCGTGAGATGGCC,0,2512646
mhpRp2,0.5,1,1,ATGCTGGTAAAATGGCAGCA,0,2512242
mhpRp2,0.5,1,1,ATGCTATCTGGATACGTCGT,0,2495840
mhpRp2,0.5,1,1,ATGCTATACTCTTGTAGTCA,0,2543026
mhpRp2,0.5,1,1,ATGCGTATAAAAGTTATGCT,0,2542050
mhpRp2,0.5,1,1,ATGCGTACGATGGCGGGGTG,0,2515577
mhpRp2,0.5,1,1,ATGCGGAGGGTACCCACTCC,0,2524277
mhpRp2,0.5,1,1,ATGCGCGACGGCGGTGAAAA,0,2500870
mhpRp2,0.5,1,1,ATGCGCAGCCTCGTATGGGG,0,2489492
mhpRp2,0.5,1,1,ATGCCTGATGTTCAGGTTCC,0,2499700
mhpRp2,0.5,1,1,ATGCCCAGGTAAACACGCAG,0,2493932
mhpRp2,0.5,1,1,ATGCATGTGCTTTATACCCC,0,2500227
mhpRp2,0.5,1,1,ATGCAGCTAACACGTCTGCT,0,2543688
mhpRp2,0.5,1,1,ATGCAGCCTGTCGCAGTAGC,0,2493510
mhpRp2,0.5,1,1,ATGCAAATGAACCTAGTACG,0,2523188
mhpRp2,0.5,1,1,ATGATGGAGCTTAGAACGCC,0,2494352
mhpRp2,0.5,1,1,ATGATCCGGCAATATAGACT,0,2503536
mhpRp2,0.5,1,1,ATGAGATCTTTTACTCCTAT,0,2488943
mhpRp2,0.5,1,1,ATGACTGCATGATCGTCGGT,0,2526477
mhpRp2,0.5,1,1,ATGACGGGTACAGGTGTATA,0,2524482
mhpRp2,0.5,1,1,ATGACGGATGTGTCGAGTGA,0,2524153
mhpRp2,0.5,1,1,ATGACAATAGACTCTCACGG,0,2487862
mhpRp2,0.5,1,1,ATGAATGCCCTTGGACGGCC,0,2504570
mhpRp2,0.5,1,1,ATCTTTGCATGGTTCCGGGT,0,2533711
mhpRp2,0.5,1,1,ATCTTGTTCTATATGAAATT,0,2516692
mhpRp2,0.5,1,1,ATCTTGTCTCTATCCAGATG,0,2530873
mhpRp2,0.5,1,1,ATCTTGGGGCCTGAGTTAGT,0,2482179
mhpRp2,0.5,1,1,ATCTTCGCATTTGTCCGAGA,0,2508463
mhpRp2,0.5,1,1,ATCTGTGTCGGGGTTTAAGT,0,2533435
mhpRp2,0.5,1,1,ATCTGGAGGGCATCGGTTCT,0,2484692
mhpRp2,0.5,1,1,ATCTGCTGGAGGAAAAGTAG,0,2480782
mhpRp2,0.5,1,1,ATCTGATGATGACTGAGTGC,0,2535556
mhpRp2,0.5,1,1,ATCTCTTAAAATCGAGATTG,0,2486631
mhpRp2,0.5,1,1,ATCTCATGATGTTCCTCGTA,0,2512631
mhpRp2,0.5,1,1,ATCTCAAGCACAGGGTTAAT,0,2526836
mhpRp2,0.5,1,1,ATCTATAAGTAACCTACCCT,0,2542855
mhpRp2,0.5,1,1,ATCTAAAGACTAGGAGTGGA,0,2515946
mhpRp2,0.5,1,1,ATCGTGTGCACTCTCGCTTG,0,2514237
mhpRp2,0.5,1,1,ATCGTGCAGACACTGACTAT,0,2481804
mhpRp2,0.5,1,1,ATCGGTAAACGGTTCATTCT,0,2517975
mhpRp2,0.5,1,1,ATCGGGATACCAGGGAACGG,0,2503245
mhpRp2,0.5,1,1,ATCGCTTTTAGAGATGAGGT,0,2479765
mhpRp2,0.5,1,1,ATCGCTTAACGTTAACGAGG,0,2537765
mhpRp2,0.5,1,1,ATCGCGTTTATGTTAGGTCC,0,2513460
mhpRp2,0.5,1,1,ATCGATCGCAGGGGTTGTCT,0,2536342
mhpRp2,0.5,1,1,ATCGACTATACGCTCGACAA,0,2509976
mhpRp2,0.5,1,1,ATCGACCGCGGGATCGGTGA,0,2501156
mhpRp2,0.5,1,1,ATCGAAGCCGGCGCTCCCTC,0,2488047
mhpRp2,0.5,1,1,ATCGAAAGCTACAAGTCTCC,0,2513989
mhpRp2,0.5,1,1,ATCCTTCCTTGGCACGTCTA,0,2492842
mhpRp2,0.5,1,1,ATCCTGCCTGTAGTGGTTAC,0,2508796
mhpRp2,0.5,1,1,ATCCTGACGCGCAATGGGAA,0,2532460
mhpRp2,0.5,1,1,ATCCTCGGTCACATACGCTG,0,2524412
mhpRp2,0.5,1,1,ATCCTCATGAGGGGACAACG,0,2528500
mhpRp2,0.5,1,1,ATCCGTAGAGTCGCAATAAA,0,2511334
mhpRp2,0.5,1,1,ATCCGGCGCGAATACATTTG,0,2517013
mhpRp2,0.5,1,1,ATCCGCGATGGGTCCATGGG,0,2495189
mhpRp2,0.5,1,1,ATCCGACATACAAGTAATGA,0,2540548
mhpRp2,0.5,1,1,ATCCCTATTAGAGTAAGTCT,0,2530809
mhpRp2,0.5,1,1,ATCCCGAGTTTACATTCTAA,0,2541626
mhpRp2,0.5,1,1,ATCCCAATATAAATTTCCCA,0,2523978
mhpRp2,0.5,1,1,ATCCAGGTCATATACGCGTC,0,2495253
mhpRp2,0.5,1,1,ATCATCGGTGATACCTATTT,0,2513014
mhpRp2,0.5,1,1,ATCAGATACCCCACGGCACA,0,2515855
mhpRp2,0.5,1,1,ATCAGACCACTAACGGCGGT,0,2485282
mhpRp2,0.5,1,1,ATCACTTTCTGGGGTTCTGT,0,2485100
mhpRp2,0.5,1,1,ATCACTTGCTTATAGCAGCA,0,2494082
mhpRp2,0.5,1,1,ATCACGGTGTGAACGGTACT,0,2530232
mhpRp2,0.5,1,1,ATCACGGGGAAGACGACGGA,0,2502450
mhpRp2,0.5,1,1,ATCAAGTAAGATTTTTGACT,0,2519465
mhpRp2,0.5,1,1,ATCAAGCATACGAGACAAGC,0,2517282
mhpRp2,0.5,1,1,ATCAAAGGGGTATACTAAGT,0,2518222
mhpRp2,0.5,1,1,ATCAAAACTGGTGTGGGAAT,0,2487916
mhpRp2,0.5,1,1,ATATTTGGCGAGAGGATCAA,0,2517401
mhpRp2,0.5,1,1,ATATTAATATTAGTTATACT,0,2535922
mhpRp2,0.5,1,1,ATATGTCCTGTTGACTGCTC,0,2539988
mhpRp2,0.5,1,1,ATATGGATTACAGCCGAATC,0,2488855
mhpRp2,0.5,1,1,ATATCTGGATTTCGGATGGA,0,2527345
mhpRp2,0.5,1,1,ATATCTCACAACCACGCTGA,0,2497959
mhpRp2,0.5,1,1,ATATCTATCCACCAGGTTAA,0,2541031
mhpRp2,0.5,1,1,ATATCGAGTTTGACGTATGC,0,2541122
mhpRp2,0.5,1,1,ATATCCTCGGGAAGTCATGT,0,2513825
mhpRp2,0.5,1,1,ATATATGCTCTCGTATCGGA,0,2486747
mhpRp2,0.5,1,1,ATATATAATGTCCAGTAATT,0,2484176
mhpRp2,0.5,1,1,ATATAGAATGGTGTGCCCGA,0,2519799
mhpRp2,0.5,1,1,ATATACTGGGGGTCGTGACT,0,2488329
mhpRp2,0.5,1,1,ATATAACCTCTGATTAAGAT,0,2513335
mhpRp2,0.5,1,1,ATAGTGCCCCAACGGCCTGT,0,2494157
mhpRp2,0.5,1,1,ATAGGTCACATCTACGTAGA,0,2539441
mhpRp2,0.5,1,1,ATAGGGTGAATGGGACCCAG,0,2490547
mhpRp2,0.5,1,1,ATAGGATGCTCTACGTCCTG,0,2521881
mhpRp2,0.5,1,1,ATAGGACCCTCTTTTATTGC,0,2511586
mhpRp2,0.5,1,1,ATAGCTCAGAGAATAGCAAG,0,2496118
mhpRp2,0.5,1,1,ATAGCAGATGGCTGAAATAT,0,2496946
mhpRp2,0.5,1,1,ATAGAGCCATAAGAAGCATA,0,2510349
mhpRp2,0.5,1,1,ATAGACTACTGGAACTATTG,0,2500900
mhpRp2,0.5,1,1,ATACTTGTATAGCCACTCAT,0,2485747
mhpRp2,0.5,1,1,ATACTTGCTAGCTTCTTGTG,0,2522832
mhpRp2,0.5,1,1,ATACGTGGGAACTGGTGCAG,0,2536816
mhpRp2,0.5,1,1,ATACGGATTCTCGGGGAAAG,0,2544517
mhpRp2,0.5,1,1,ATACGATCGCCATTTATCTT,0,2515206
mhpRp2,0.5,1,1,ATACCGCAACAGTTGGGCCT,0,2520407
mhpRp2,0.5,1,1,ATACCCAGCCCCCCTGCGTG,0,2519102
mhpRp2,0.5,1,1,ATACAGTGTGCTGCTGCTAA,0,2486472
mhpRp2,0.5,1,1,ATACAATTCGTGGACGTGAA,0,2504268
mhpRp2,0.5,1,1,ATACAATATATCCACTGTTA,0,2532240
mhpRp2,0.5,1,1,ATAATGACGGCAGACTACTG,0,2503823
mhpRp2,0.5,1,1,ATAATGAAAGTCGCTGGGGG,0,2526411
mhpRp2,0.5,1,1,ATAATCTATTACCTCAAGCA,0,2541629
mhpRp2,0.5,1,1,ATAAGGTTGAAGCAAGCCGA,0,2520812
mhpRp2,0.5,1,1,ATAAGAAACTTAGGCCTACG,0,2526680
mhpRp2,0.5,1,1,ATAACTGCGTTCGCTGACCT,0,2537654
mhpRp2,0.5,1,1,ATAACTGACAAGCGCCTTTC,0,2534499
mhpRp2,0.5,1,1,ATAACTCTAAGTGCTACCAT,0,2526032
mhpRp2,0.5,1,1,ATAACTAAAAAGACGAAAGT,0,2513659
mhpRp2,0.5,1,1,ATAACCAACGGGAGCTCCTG,0,2510464
mhpRp2,0.5,1,1,ATAACATTAATTACTTCAAG,0,2500653
mhpRp2,0.5,1,1,ATAAAGCCACGCGATGAGAT,0,2515452
mhpRp2,0.5,1,1,ATAAACCCTGCCATGTACTT,0,2527996
mhpRp2,0.5,1,1,ATAAAAAGCGAGAATAGCCT,0,2522450
mhpRp2,0.5,1,1,AGTTTTGTGTAGATAACCGG,0,2507927
mhpRp2,0.5,1,1,AGTTTTGCACAACCCCCTGA,0,2545662
mhpRp2,0.5,1,1,AGTTTGACTTCACCGAGGCA,0,2495214
mhpRp2,0.5,1,1,AGTTTCGGCGGCTACCTTCT,0,2500588
mhpRp2,0.5,1,1,AGTTTCCGGTGCTCCTACGT,0,2537382
mhpRp2,0.5,1,1,AGTTTAAGAAGCCCGGTCCC,0,2498434
mhpRp2,0.5,1,1,AGTTGTTGTTTGAGTCAACC,0,2527733
mhpRp2,0.5,1,1,AGTTGGTACCCGCTACTCAT,0,2539442
mhpRp2,0.5,1,1,AGTTGCAAAATTTGAGGCTA,0,2508418
mhpRp2,0.5,1,1,AGTTCTAACACCTGATGTGT,0,2498787
mhpRp2,0.5,1,1,AGTTCGCCCGCGTGCTTATC,0,2528781
mhpRp2,0.5,1,1,AGTTCCATACATAGGTACGA,0,2544800
mhpRp2,0.5,1,1,AGTTATGGAAGGTATCTGGG,0,2516897
mhpRp2,0.5,1,1,AGTTAGGTAACATAGGTGTA,0,2504581
mhpRp2,0.5,1,1,AGTTACCACGAGTGCTCACA,0,2485160
mhpRp2,0.5,1,1,AGTTAATATGTCGGCCGGGA,0,2544709
mhpRp2,0.5,1,1,AGTGTTCTTCCTTATCCAAA,0,2490122
mhpRp2,0.5,1,1,AGTGGGGTCGTGTCCTGCCA,0,2489174
mhpRp2,0.5,1,1,AGTGGGGCGTGTGTTTCAAT,0,2535890
mhpRp2,0.5,1,1,AGTGGAGTTTCAATCAGATC,0,2479629
mhpRp2,0.5,1,1,AGTGAATACGTTGAGAATCC,0,2503773
mhpRp2,0.5,1,1,AGTGAAGCTCGCTTGTGTGG,0,2543196
mhpRp2,0.5,1,1,AGTCTGTGTACGTTAAAAGC,0,2482818
mhpRp2,0.5,1,1,AGTCTGTCTAAGTCGATGAA,0,2484213
mhpRp2,0.5,1,1,AGTCTGACTCGCAGTGTTCG,0,2523636
mhpRp2,0.5,1,1,AGTCTCTAAGACAAGGCTGT,0,2507527
mhpRp2,0.5,1,1,AGTCTATCAACAGCGGCCCT,0,2523395
mhpRp2,0.5,1,1,AGTCTACGAACGATGATCAG,0,2489135
mhpRp2,0.5,1,1,AGTCTAACACTTCCCGAATA,0,2485748
mhpRp2,0.5,1,1,AGTCGGAACGGGAACTGGCC,0,2520173
mhpRp2,0.5,1,1,AGTCGAGTGCGTCCCCCGGG,0,2480465
mhpRp2,0.5,1,1,AGTCCTTTTCGCTTTCGTAT,0,2535074
mhpRp2,0.5,1,1,AGTCCTAGTTGCCTGCGCGC,0,2537615
mhpRp2,0.5,1,1,AGTCCCGTACACCCACGATA,0,2543362
mhpRp2,0.5,1,1,AGTCAGCCGAAAGTTGGTTC,0,2499602
mhpRp2,0.5,1,1,AGTCACCGATGAGGCACTGA,0,2500806
mhpRp2,0.5,1,1,AGTCACAGGGCTGGGTTTCA,0,2491021
mhpRp2,0.5,1,1,AGTATGCCAGAATAGCGTAC,0,2535795
mhpRp2,0.5,1,1,AGTAGGCTTTCTAAGATCCT,0,2518992
mhpRp2,0.5,1,1,AGTACGATCCGGGACGTGTA,0,2510954
mhpRp2,0.5,1,1,AGTACCCGGAAATGGTGGTG,0,2506968
mhpRp2,0.5,1,1,AGTACCAATGGAGTCCCTGC,0,2497997
mhpRp2,0.5,1,1,AGTAAATTGGAGTAATAGTC,0,2519376
mhpRp2,0.5,1,1,AGTAAAAGTAGTCGTCCACA,0,2512440
mhpRp2,0.5,1,1,AGGTTTGCACTAGGGTCGAT,0,2508362
mhpRp2,0.5,1,1,AGGTTGGCCGAAACCCATCT,0,2540203
mhpRp2,0.5,1,1,AGGTTATGGCGAAAAGGAGG,0,2502469
mhpRp2,0.5,1,1,AGGTTAGAGAACGCCGCTTA,0,2493991
mhpRp2,0.5,1,1,AGGTGTCGTCGTCTGGCAAG,0,2533979
mhpRp2,0.5,1,1,AGGTGCATGCAACGGTTTAC,0,2533804
mhpRp2,0.5,1,1,AGGTGATTACTCGAAGATAG,0,2496475
mhpRp2,0.5,1,1,AGGTGAGAGGAATACGTACA,0,2495738
mhpRp2,0.5,1,1,AGGTCCTGGGCAGATCGATA,0,2531655
mhpRp2,0.5,1,1,AGGTATGCCAAGGGTATCGG,0,2493101
mhpRp2,0.5,1,1,AGGTAGTATGCCGCGACGGG,0,2522701
mhpRp2,0.5,1,1,AGGTAGTAGAACTGAGCGAG,0,2544202
mhpRp2,0.5,1,1,AGGTAGTACATTGATGTATC,0,2481016
mhpRp2,0.5,1,1,AGGTACGTGAGATGCGTTAT,0,2494643
mhpRp2,0.5,1,1,AGGGTTGGCTCTGCTCGATA,0,2504520
mhpRp2,0.5,1,1,AGGGGTCGGATGGGATTGGG,0,2509525
mhpRp2,0.5,1,1,AGGGGGAAGCCAATTCGGGT,0,2503961
mhpRp2,0.5,1,1,AGGGGCTTTGTGGTGTGGAC,0,2506812
mhpRp2,0.5,1,1,AGGGGCTTGGAAAGTTCTAA,0,2508005
mhpRp2,0.5,1,1,AGGGCCATTGCAGGGAATTG,0,2499343
mhpRp2,0.5,1,1,AGGGCACTATATACTAATCA,0,2518351
mhpRp2,0.5,1,1,AGGGAGTAGGGTGCAAGCAA,0,2505661
mhpRp2,0.5,1,1,AGGGAGGTTCGGCTGTGGCT,0,2520182
mhpRp2,0.5,1,1,AGGGAATAGGACTGTGATGC,0,2524400
mhpRp2,0.5,1,1,AGGCTTGTCGTTACCCTGAA,0,2480025
mhpRp2,0.5,1,1,AGGCTGGCAAGATGGTTTTC,0,2482396
mhpRp2,0.5,1,1,AGGCGTGGCAAGAACCGGAA,0,2484527
mhpRp2,0.5,1,1,AGGCGTATTCAGAATCCGAT,0,2535297
mhpRp2,0.5,1,1,AGGCGGATTGGCCCGCATAT,0,2481914
mhpRp2,0.5,1,1,AGGCCTGGTCACTCACTAAG,0,2533210
mhpRp2,0.5,1,1,AGGCCTGGCGTACGCATCTC,0,2506292
mhpRp2,0.5,1,1,AGGCCAATTACTGCGCCAGG,0,2484710
mhpRp2,0.5,1,1,AGGCAGCCAGGAGAGAGGGT,0,2508574
mhpRp2,0.5,1,1,AGGAGTTACTCAGCGGACGA,0,2510988
mhpRp2,0.5,1,1,AGGAGTGCGAAGGCCACCGT,0,2543170
mhpRp2,0.5,1,1,AGGAGATTAGGTTGGGATAG,0,2481344
mhpRp2,0.5,1,1,AGGAGATAGTTATGCACATG,0,2504022
mhpRp2,0.5,1,1,AGGAATTCGGGATACGCCAC,0,2533153
mhpRp2,0.5,1,1,AGGAATAGTCCGATTCTTGG,0,2516891
mhpRp2,0.5,1,1,AGGAAGTAGAGTGGAACTCA,0,2490536
mhpRp2,0.5,1,1,AGGAACGAAGGAATGGCAAG,0,2503130
mhpRp2,0.5,1,1,AGCTTGCAGGACATTCGGCA,0,2502878
mhpRp2,0.5,1,1,AGCTTCAGTTTTTTTGAGGC,0,2522374
mhpRp2,0.5,1,1,AGCTTCACTTAGAAGCCGTC,0,2519670
mhpRp2,0.5,1,1,AGCTGGGTATATTTAAGGAG,0,2514080
mhpRp2,0.5,1,1,AGCTGGCGGAAACTGAGCGC,0,2524169
mhpRp2,0.5,1,1,AGCTGCCAGAAGTCCAGCAA,0,2485108
mhpRp2,0.5,1,1,AGCTAGCAGAGGTGGATAAA,0,2495684
mhpRp2,0.5,1,1,AGCTAAAACGCATTTGTATG,0,2540799
mhpRp2,0.5,1,1,AGCGTTTCGCCGAGAAGAGA,0,2508806
mhpRp2,0.5,1,1,AGCGTTGACCTCTGTACCCA,0,2491353
mhpRp2,0.5,1,1,AGCGTGCTTACTGCCTGGCC,0,2485280
mhpRp2,0.5,1,1,AGCGTCGTGGATGAACGTCG,0,2491949
mhpRp2,0.5,1,1,AGCGTCCGTTACCGCGCTTC,0,2543342
mhpRp2,0.5,1,1,AGCGGCTTAAATTCTGGGTT,0,2490440
mhpRp2,0.5,1,1,AGCGCTGGCAGCCGTTACTC,0,2487562
mhpRp2,0.5,1,1,AGCGCTCATCGTTCCTATGA,0,2482537
mhpRp2,0.5,1,1,AGCGCTCAACGCAGATCAAC,0,2500775
mhpRp2,0.5,1,1,AGCGAGACAGCCCGGTCATC,0,2532256
mhpRp2,0.5,1,1,AGCGACACTCTCGCTTGTGC,0,2498244
mhpRp2,0.5,1,1,AGCCTTTCAATGTTTCGGGC,0,2485484
mhpRp2,0.5,1,1,AGCCTTTATCTCCCGTCTGT,0,2482556
mhpRp2,0.5,1,1,AGCCGTTTACACAAAGATTG,0,2504353
mhpRp2,0.5,1,1,AGCCGGAGACGAGTCCTCGA,0,2534259
mhpRp2,0.5,1,1,AGCCGCGGGCTCTCCCGCGC,0,2485524
mhpRp2,0.5,1,1,AGCCGCGACGCGATTAGGTA,0,2506423
mhpRp2,0.5,1,1,AGCCGACTAATGCGACGCTG,0,2484460
mhpRp2,0.5,1,1,AGCCCGGAGCAAAGTGAGCT,0,2486941
mhpRp2,0.5,1,1,AGCCCACAGAGCATGTGGAG,0,2503651
mhpRp2,0.5,1,1,AGCCATCGATAAAAATTTGG,0,2538015
mhpRp2,0.5,1,1,AGCCATACAGTGTCCCGTTA,0,2502872
mhpRp2,0.5,1,1,AGCATGTTATGGGTCACATA,0,2488261
mhpRp2,0.5,1,1,AGCATGCGCGGTTTAGTGGT,0,2508124
mhpRp2,0.5,1,1,AGCATCGGGCTTCCCCGGAG,0,2534335
mhpRp2,0.5,1,1,AGCAGTTATAAATGCAATCC,0,2524843
mhpRp2,0.5,1,1,AGCAGCAGAGGACTGAGATT,0,2500390
mhpRp2,0.5,1,1,AGCACTTCAGATAATTCACG,0,2522018
mhpRp2,0.5,1,1,AGCACGTGACGGATTTCTCT,0,2523158
mhpRp2,0.5,1,1,AGCACAGATCAGCATGATTG,0,2498104
mhpRp2,0.5,1,1,AGCACACCCTCGCGTTGCGT,0,2518437
mhpRp2,0.5,1,1,AGCACAATACTGAGGGAGCA,0,2522495
mhpRp2,0.5,1,1,AGCAATTTAGGGCGGGTCAT,0,2532336
mhpRp2,0.5,1,1,AGCAACGCCCATAGTAGGCT,0,2509396
mhpRp2,0.5,1,1,AGATTTGAGCGAGCGTACGG,0,2526352
mhpRp2,0.5,1,1,AGATTCAACAGTCGGGCCTC,0,2528301
mhpRp2,0.5,1,1,AGATGGTACTCTTCGGGGTA,0,2505109
mhpRp2,0.5,1,1,AGATGGCGGAGGTGGAAGTC,0,2487733
mhpRp2,0.5,1,1,AGATGCTGTAGCCGTTCACA,0,2504182
mhpRp2,0.5,1,1,AGATCGGTAAAACGGGGGAT,0,2510128
mhpRp2,0.5,1,1,AGATATGGCCGCCCGTTCTA,0,2532772
mhpRp2,0.5,1,1,AGATATCTTGCTATCCTGCG,0,2526372
mhpRp2,0.5,1,1,AGATAGATCGGAGTATTGGA,0,2512124
mhpRp2,0.5,1,1,AGAGTTTGCCGTGGGCATTA,0,2508981
mhpRp2,0.5,1,1,AGAGTTGGGACTGTCTCGCG,0,2481447
mhpRp2,0.5,1,1,AGAGTTGGCCGTTGATGGTC,0,2527642
mhpRp2,0.5,1,1,AGAGTGCTCCCCAAGTCTAT,0,2487165
mhpRp2,0.5,1,1,AGAGTGCGAAAAGCCAATCA,0,2522864
mhpRp2,0.5,1,1,AGAGTGACTGAATAGGATAT,0,2506765
mhpRp2,0.5,1,1,AGAGGTTGACTCCGTGAAGA,0,2497677
mhpRp2,0.5,1,1,AGAGGTAGGGCTCTTCCACT,0,2508077
mhpRp2,0.5,1,1,AGAGGGGAAACTGGGGCACA,0,2487715
mhpRp2,0.5,1,1,AGAGGATTAGGCCAGCCCGG,0,2484608
mhpRp2,0.5,1,1,AGAGCTATTACTCCTCATGC,0,2488364
mhpRp2,0.5,1,1,AGAGCCCTCCTTAATCGGGA,0,2505060
mhpRp2,0.5,1,1,AGAGCAATTCGTCTCAGGCT,0,2490929
mhpRp2,0.5,1,1,AGAGATATTAACGTACGGGC,0,2503915
mhpRp2,0.5,1,1,AGAGAGGAATTTACCGCGAT,0,2505766
mhpRp2,0.5,1,1,AGACTGAGGTGGCAGGAGAC,0,2523088
mhpRp2,0.5,1,1,AGACTCTTTTAATATAGCGC,0,2500116
mhpRp2,0.5,1,1,AGACGTCGTAGTTCCTTCGG,0,2509989
mhpRp2,0.5,1,1,AGACGGCGTATCCGTGTTGA,0,2540988
mhpRp2,0.5,1,1,AGACAGGATAACATGTAAGA,0,2492146
mhpRp2,0.5,1,1,AGACAGACCGCAGTATACGA,0,2507791
mhpRp2,0.5,1,1,AGACACGTTCTGCTTATCTC,0,2496921
mhpRp2,0.5,1,1,AGACAACTGGCCTCCAGTTT,0,2486060
mhpRp2,0.5,1,1,AGAATTGTTACAAGGCATAT,0,2525721
mhpRp2,0.5,1,1,AGAATTATAGTGGTTGAGGT,0,2481747
mhpRp2,0.5,1,1,AGAATGTCTGCGAATGTATA,0,2484277
mhpRp2,0.5,1,1,AGAATGAAATTTGTGAGTGA,0,2522369
mhpRp2,0.5,1,1,AGAATCGACAAGCTAGTTCC,0,2523785
mhpRp2,0.5,1,1,AGAATCCTGCGTTCTTGGTC,0,2542636
mhpRp2,0.5,1,1,AGAAGTTGCGATATGGGACT,0,2509856
mhpRp2,0.5,1,1,AGAAGGGAGACTTATTAAGC,0,2542669
mhpRp2,0.5,1,1,AGAAGACGCCACAGTAAATT,0,2543266
mhpRp2,0.5,1,1,AGAAGAATAGTATCGGGACG,0,2530608
mhpRp2,0.5,1,1,AGAACTCCGAGCTATGAGGG,0,2484273
mhpRp2,0.5,1,1,AGAACCCGGGTACGTCTGGT,0,2489505
mhpRp2,0.5,1,1,AGAACCAGTGTTTCCGGCCA,0,2516057
mhpRp2,0.5,1,1,AGAAATGGGTGTTATCATGC,0,2536501
mhpRp2,0.5,1,1,AGAAATCCGGCTGTAGCGGT,0,2531708
mhpRp2,0.5,1,1,AGAAAGTCCAATGTATGCAA,0,2515600
mhpRp2,0.5,1,1,AGAAAGGCCGTTATGTATGG,0,2542321
mhpRp2,0.5,1,1,AGAAACTCCAAGAGGGCTTC,0,2542832
mhpRp2,0.5,1,1,ACTTGGTCCTGATTACCAGA,0,2543526
mhpRp2,0.5,1,1,ACTTGGATCGCTCTCGCATT,0,2539055
mhpRp2,0.5,1,1,ACTTGCGCAAGTGGGTATAT,0,2490542
mhpRp2,0.5,1,1,ACTTCTCAGGTTACAACAAG,0,2539311
mhpRp2,0.5,1,1,ACTTCTACTGCCGGACGTTT,0,2529744
mhpRp2,0.5,1,1,ACTTCGGCGTCGCCTAAACG,0,2502312
mhpRp2,0.5,1,1,ACTTCGCTGCCTTTCTTAAG,0,2521415
mhpRp2,0.5,1,1,ACTTCGCAGAGCAACGTAAC,0,2492130
mhpRp2,0.5,1,1,ACTTCATGAGGCTCAAGTTG,0,2529681
mhpRp2,0.5,1,1,ACTTATGCACCTACATTTCA,0,2492396
mhpRp2,0.5,1,1,ACTTACCACATGTGTTGCAA,0,2527087
mhpRp2,0.5,1,1,ACTTAACAGATACACTGTAC,0,2515055
mhpRp2,0.5,1,1,ACTGTTCGAAGTCTATAGCT,0,2492670
mhpRp2,0.5,1,1,ACTGTCATTAGTCTGAGCGT,0,2479953
mhpRp2,0.5,1,1,ACTGGGTAGAGGATGGAATC,0,2540088
mhpRp2,0.5,1,1,ACTGGCTAGCCGTGGCCATA,0,2502664
mhpRp2,0.5,1,1,ACTGGATGGGAAACTCCGTC,0,2487420
mhpRp2,0.5,1,1,ACTCTCTGGGTTTGTAAGAC,0,2503339
mhpRp2,0.5,1,1,ACTCTCTACGGAGACGCTTT,0,2513829
mhpRp2,0.5,1,1,ACTCGTGAACCCCCGTTGGT,0,2543967
mhpRp2,0.5,1,1,ACTCCGTAGATCTGTCGAGG,0,2506918
mhpRp2,0.5,1,1,ACTCCGAACCCTCTGTAAAG,0,2527195
mhpRp2,0.5,1,1,ACTCCCGCACCAGGGAACGG,0,2506960
mhpRp2,0.5,1,1,ACTCAGGGGCACCCTTTCCC,0,2504734
mhpRp2,0.5,1,1,ACTCAACGCGCTGGGACCCC,0,2483995
mhpRp2,0.5,1,1,ACTCAAATAACGCTCGGTCT,0,2493745
mhpRp2,0.5,1,1,ACTATCTTCACTGGTCACAA,0,2522892
mhpRp2,0.5,1,1,ACTATCAACGGAACGCATTT,0,2524450
mhpRp2,0.5,1,1,ACTAGAAATAGCGACAAGTC,0,2511163
mhpRp2,0.5,1,1,ACTACGTTGTTGCGCTTGCA,0,2526346
mhpRp2,0.5,1,1,ACTACAAGTTAAGTGGGCCA,0,2543776
mhpRp2,0.5,1,1,ACTAATCAGTTTCTACCACA,0,2488071
mhpRp2,0.5,1,1,ACTAAATGGGCAAGGCCACA,0,2519381
mhpRp2,0.5,1,1,ACGTTGCTACTAGGCTTGGG,0,2482135
mhpRp2,0.5,1,1,ACGTTGCCAAGCGCGCAACA,0,2502997
mhpRp2,0.5,1,1,ACGTTGATATTCCGTAGCTC,0,2528382
mhpRp2,0.5,1,1,ACGTTCATAAGATCCTCGCC,0,2488012
mhpRp2,0.5,1,1,ACGTTATGAAAAAACCATAG,0,2523938
mhpRp2,0.5,1,1,ACGTTAGGCTGGGATCGGCT,0,2527140
mhpRp2,0.5,1,1,ACGTGTGCCGTGATAGCGAC,0,2521144
mhpRp2,0.5,1,1,ACGTGCAAACAGATCACTAA,0,2512316
mhpRp2,0.5,1,1,ACGTCTTTTATGATCAAATG,0,2537226
mhpRp2,0.5,1,1,ACGTCTATCTCACGCTGCCT,0,2500277
mhpRp2,0.5,1,1,ACGTCCATTTCGGTAGGCCT,0,2514174
mhpRp2,0.5,1,1,ACGTCATCGGTTCGCTACAC,0,2496766
mhpRp2,0.5,1,1,ACGTCAGAGGTAGGTACTGC,0,2522252
mhpRp2,0.5,1,1,ACGTCAAGTGCTACGCTCAC,0,2539543
mhpRp2,0.5,1,1,ACGTAGTGGGAAGTGCCGCG,0,2538689
mhpRp2,0.5,1,1,ACGTAGTCCGTATGCTGTTA,0,2510663
mhpRp2,0.5,1,1,ACGTAGGGTTTGGTTGGGTC,0,2518270
mhpRp2,0.5,1,1,ACGGTGAACCTTCGCGGGCA,0,2507050
mhpRp2,0.5,1,1,ACGGTCACTAGCAACCACCC,0,2484499
mhpRp2,0.5,1,1,ACGGTATTCGTAGGTACAAC,0,2530941
mhpRp2,0.5,1,1,ACGGTAACAATAGTCTCGTA,0,2494750
mhpRp2,0.5,1,1,ACGGGTTGGTAAGAGTCATA,0,2543683
mhpRp2,0.5,1,1,ACGGGGCCAGTCGTCCGTGA,0,2490230
mhpRp2,0.5,1,1,ACGGGAGCGTATGTTTAGGT,0,2523846
mhpRp2,0.5,1,1,ACGGCCCTCAGGGCCTGGAG,0,2525622
mhpRp2,0.5,1,1,ACGGCACCTCAAAGGTCGGG,0,2531499
mhpRp2,0.5,1,1,ACGGATACCGCGCTTTAACG,0,2485563
mhpRp2,0.5,1,1,ACGGAATTCGTTGAATAATA,0,2534631
mhpRp2,0.5,1,1,ACGGAAAATCAGCCCGGTCC,0,2496214
mhpRp2,0.5,1,1,ACGGAAAAGTCATCAAAAGC,0,2501078
mhpRp2,0.5,1,1,ACGCTTTCGACTTACAAAAC,0,2505245
mhpRp2,0.5,1,1,ACGCTGATGGTAGGCACCCT,0,2496233
mhpRp2,0.5,1,1,ACGCTGAATATGGATTGAGT,0,2492307
mhpRp2,0.5,1,1,ACGCTCGTGCCTAGCTCAAC,0,2503240
mhpRp2,0.5,1,1,ACGCGTTCATATAAAACCAG,0,2507995
mhpRp2,0.5,1,1,ACGCGTCTCCCGTGCGATTC,0,2482624
mhpRp2,0.5,1,1,ACGCCTCTGCTCTCCTTGGA,0,2485359
mhpRp2,0.5,1,1,ACGCCCGTTCGCTCAGAAAA,0,2512759
mhpRp2,0.5,1,1,ACGCCCCATATTAGTCGGAT,0,2532830
mhpRp2,0.5,1,1,ACGCATTCCTTACCCGACTG,0,2538434
mhpRp2,0.5,1,1,ACGCACTACTCGACATCATA,0,2530895
mhpRp2,0.5,1,1,ACGCAATCCGTTTTGCACGG,0,2484145
mhpRp2,0.5,1,1,ACGCAAAAGGCCATATACCG,0,2488875
mhpRp2,0.5,1,1,ACGATTTAAGTCGTCGAGGG,0,2537260
mhpRp2,0.5,1,1,ACGATTGACATGGAATATAC,0,2511975
mhpRp2,0.5,1,1,ACGATTCTCGGGGTGGTGCT,0,2531996
mhpRp2,0.5,1,1,ACGATTCCTGGCAACCCTCC,0,2495849
mhpRp2,0.5,1,1,ACGATCTACCAACCGACTTT,0,2535990
mhpRp2,0.5,1,1,ACGAGTACCTAGCTATCTTG,0,2542946
mhpRp2,0.5,1,1,ACGAGGAATTGAAGCAGATC,0,2480975
mhpRp2,0.5,1,1,ACGAGCTGTCTGCCGGAGGA,0,2505099
mhpRp2,0.5,1,1,ACGAGCGCGCCGCACGATCA,0,2524286
mhpRp2,0.5,1,1,ACGAGATTCCACGTCAACAC,0,2495217
mhpRp2,0.5,1,1,ACGACTGAGAGAAGGGAAGA,0,2535609
mhpRp2,0.5,1,1,ACCTTATAACGGCCTACTAT,0,2505288
mhpRp2,0.5,1,1,ACCTTAGTCGTGGCTTGTTA,0,2530932
mhpRp2,0.5,1,1,ACCTGGTTATAACCAAGGAA,0,2539949
mhpRp2,0.5,1,1,ACCTGCAATTACGTAAGCTA,0,2512172
mhpRp2,0.5,1,1,ACCTGATGCCCGGCAAGCTC,0,2534940
mhpRp2,0.5,1,1,ACCTCTCCCGGCCTAAGTGT,0,2528187
mhpRp2,0.5,1,1,ACCTACGTGGTCGCTTAAAA,0,2501928
mhpRp2,0.5,1,1,ACCGTGCTGGGGAGATATTA,0,2497178
mhpRp2,0.5,1,1,ACCGGGTACCACCATCCCCA,0,2486715
mhpRp2,0.5,1,1,ACCGGACTCCGGGAAACCAA,0,2493241
mhpRp2,0.5,1,1,ACCGGAAGGGTTGCCTCCCA,0,2528426
mhpRp2,0.5,1,1,ACCGCATGCGTCACGTAGCG,0,2541564
mhpRp2,0.5,1,1,ACCGCAGGTTCAGTTGTATG,0,2528104
mhpRp2,0.5,1,1,ACCGACGGGCGAGTGTATGA,0,2535768
mhpRp2,0.5,1,1,ACCGACGATAATGTCTATGA,0,2527678
mhpRp2,0.5,1,1,ACCGAACTTCGTCACGCCGA,0,2511205
mhpRp2,0.5,1,1,ACCCTGCACCAAATGACGAA,0,2514919
mhpRp2,0.5,1,1,ACCCTCGGGTTGGGCATTAC,0,2515939
mhpRp2,0.5,1,1,ACCCTCATAGGGTCTCACAT,0,2536131
mhpRp2,0.5,1,1,ACCCTACGTAGGAGCACACG,0,2534444
mhpRp2,0.5,1,1,ACCCGTGGGTTTTGCTACAA,0,2543636
mhpRp2,0.5,1,1,ACCCGTCGATGATAGCCCCC,0,2515524
mhpRp2,0.5,1,1,ACCCGTAGGTGAAGTCAAAA,0,2523808
mhpRp2,0.5,1,1,ACCCGGTCGTTTGGGGTCGG,0,2541838
mhpRp2,0.5,1,1,ACCCGCTTGTCCCGTGCTCT,0,2535295
mhpRp2,0.5,1,1,ACCCGCGGACAGGCCTCTTT,0,2520391
mhpRp2,0.5,1,1,ACCATGGACGAATTACGGCT,0,2506442
mhpRp2,0.5,1,1,ACCATCGTACGGAAGATAAG,0,2525747
mhpRp2,0.5,1,1,ACCATCAGTCTGAATTAAAA,0,2487523
mhpRp2,0.5,1,1,ACCAGTGATCGTTCAAACGA,0,2505421
mhpRp2,0.5,1,1,ACCAGGGCTCAAGTTATCGT,0,2521176
mhpRp2,0.5,1,1,ACCAGGAGCTATAATCCACC,0,2507672
mhpRp2,0.5,1,1,ACCAGCCGGATAGTGTAAAT,0,2503765
mhpRp2,0.5,1,1,ACCACTCATGCGCGCAGGTT,0,2497472
mhpRp2,0.5,1,1,ACCACGGAATATGGCGTGCA,0,2501246
mhpRp2,0.5,1,1,ACCACAACAGGCTCTTCATT,0,2503133
mhpRp2,0.5,1,1,ACCAATCTGATTCTTCTAAT,0,2487332
mhpRp2,0.5,1,1,ACCAATCTAGCTCTGAAAGT,0,2537274
mhpRp2,0.5,1,1,ACCAAAACTACAAGGGACCG,0,2492015
mhpRp2,0.5,1,1,ACATTTAAATTATCCTATAG,0,2493470
mhpRp2,0.5,1,1,ACATTCCTTTGCCTGCTGGG,0,2500483
mhpRp2,0.5,1,1,ACATTAAGAACCTCTCTTCA,0,2480383
mhpRp2,0.5,1,1,ACATGTTTGTTCCATGCCAT,0,2544378
mhpRp2,0.5,1,1,ACATGTGTCGCCCTAGGGTT,0,2479780
mhpRp2,0.5,1,1,ACATGAGACTAGCAGGGACC,0,2486117
mhpRp2,0.5,1,1,ACATGAAGCTTGTCATCCCC,0,2490476
mhpRp2,0.5,1,1,ACATCCCCCTGCCTCTATAG,0,2490930
mhpRp2,0.5,1,1,ACATCCCACAGGTCTAGCAC,0,2489886
mhpRp2,0.5,1,1,ACATCCACACAGCGTGGAGG,0,2481145
mhpRp2,0.5,1,1,ACATATAGTAAACTTATTTG,0,2545382
mhpRp2,0.5,1,1,ACATAGTATAAAATCCTACC,0,2501872
mhpRp2,0.5,1,1,ACATACGCGCTGAGACGTGG,0,2538383
mhpRp2,0.5,1,1,ACAGTGGTGAGGCGTCCAAG,0,2492666
mhpRp2,0.5,1,1,ACAGTCCACTGGTGAGGATC,0,2515619
mhpRp2,0.5,1,1,ACAGTACGCCAACTGGTTCG,0,2538889
mhpRp2,0.5,1,1,ACAGGGAGCCGACGCTACGG,0,2521538
mhpRp2,0.5,1,1,ACAGGAGTAGTCCTCAGCTC,0,2508263
mhpRp2,0.5,1,1,ACAGCGGTTTGCGCACACGG,0,2531813
mhpRp2,0.5,1,1,ACAGCCGCAACATAACGGCG,0,2491659
mhpRp2,0.5,1,1,ACAGACTCCAGTGCGCAACA,0,2513776
mhpRp2,0.5,1,1,ACACTTCCGCTTAGGCAAAT,0,2523334
mhpRp2,0.5,1,1,ACACTCTTACGGTCCCGTCA,0,2525910
mhpRp2,0.5,1,1,ACACTATTTTCTGATTGTAT,0,2522016
mhpRp2,0.5,1,1,ACACTATTAGGGACATACCG,0,2479636
mhpRp2,0.5,1,1,ACACTAGACCTAGATCGTCG,0,2542628
mhpRp2,0.5,1,1,ACACTAAGCCCCGGGTCATC,0,2534809
mhpRp2,0.5,1,1,ACACCCGTCCCTACGTCAGC,0,2490392
mhpRp2,0.5,1,1,ACACAGGAGCGTGGGGCACC,0,2541732
mhpRp2,0.5,1,1,ACACAGCAGTATACGTCAGT,0,2479598
mhpRp2,0.5,1,1,ACAATCTATGAGGCGTCGCA,0,2489834
mhpRp2,0.5,1,1,ACAATCGAGATTTTCAGGAA,0,2479572
mhpRp2,0.5,1,1,ACAATCCGGAGACTCAGTGA,0,2535181
mhpRp2,0.5,1,1,ACAATATCGTGCACCTTCTG,0,2534879
mhpRp2,0.5,1,1,ACAAGTGGCCCAGGTACGGA,0,2517392
mhpRp2,0.5,1,1,ACAAGGTTTGTGCATCATCA,0,2499684
mhpRp2,0.5,1,1,ACAAGACTAACTAAAAATTC,0,2507430
mhpRp2,0.5,1,1,ACAAGAACTGTGGACAACCA,0,2529260
mhpRp2,0.5,1,1,ACAAACTGGCGGACGGATTT,0,2517949
mhpRp2,0.5,1,1,AATTTTTCATCTGCGTCAGT,0,2494977
mhpRp2,0.5,1,1,AATTTTGAGTCTGTGGGACG,0,2479769
mhpRp2,0.5,1,1,AATTTTATTATATAACCGTG,0,2544194
mhpRp2,0.5,1,1,AATTTGGGTAGTAAAGTAGT,0,2500464
mhpRp2,0.5,1,1,AATTTGCCACGTGTCCAGTG,0,2507692
mhpRp2,0.5,1,1,AATTTCCTAGATCATACGCT,0,2494481
mhpRp2,0.5,1,1,AATTTAGTGAGGGTTAAGAC,0,2482912
mhpRp2,0.5,1,1,AATTGTAAGACCTCGGTGAT,0,2538158
mhpRp2,0.5,1,1,AATTGCATAGAGGGGGTGTG,0,2496961
mhpRp2,0.5,1,1,AATTCTGTGCCCATCTATAG,0,2482458
mhpRp2,0.5,1,1,AATTCGAGGGGGTATGAGGC,0,2487148
mhpRp2,0.5,1,1,AATTATTTGTACTAAAAGTT,0,2533591
mhpRp2,0.5,1,1,AATTACCCGACCTCCCATCT,0,2511712
mhpRp2,0.5,1,1,AATGGTTGGTTGAGATCAAA,0,2490449
mhpRp2,0.5,1,1,AATGGTTAGCCAAGGCTCTC,0,2503422
mhpRp2,0.5,1,1,AATGGTCCTTGTATGAACGC,0,2507793
mhpRp2,0.5,1,1,AATGGGTTCGGTGGTCATCG,0,2521816
mhpRp2,0.5,1,1,AATGGCCTAGTTCGCCCGTT,0,2527588
mhpRp2,0.5,1,1,AATGCTCTATGATCGGTAAG,0,2525221
mhpRp2,0.5,1,1,AATGCGAGGCGTTCCAGTTA,0,2512453
mhpRp2,0.5,1,1,AATGATTGTGCTTTGAGATA,0,2496222
mhpRp2,0.5,1,1,AATGATGGATCTCCAGGTTT,0,2495800
mhpRp2,0.5,1,1,AATGAGGACGCTTAGTGGGT,0,2492149
mhpRp2,0.5,1,1,AATGAGCGGGCTTCGGCCTG,0,2499111
mhpRp2,0.5,1,1,AATGAAAATTGTATCGCTTC,0,2522972
mhpRp2,0.5,1,1,AATCTTTGCCTTGGGCTTAG,0,2497221
mhpRp2,0.5,1,1,AATCTGCCATTGGCTGTTGT,0,2526518
mhpRp2,0.5,1,1,AATCTCAAAGAAAAAGCAAG,0,2538257
mhpRp2,0.5,1,1,AATCGGCCCACAGAAGGTTC,0,2535905
mhpRp2,0.5,1,1,AATCGCTATTTGGAATTGCG,0,2495530
mhpRp2,0.5,1,1,AATCGCTATTTCTAAGCTGC,0,2503776
mhpRp2,0.5,1,1,AATCGATCGCATCACCCACG,0,2542004
mhpRp2,0.5,1,1,AATCCTGGACTTACGTCGGA,0,2531789
mhpRp2,0.5,1,1,AATCCCCTCGAGGTTACCAG,0,2495557
mhpRp2,0.5,1,1,AATCCCCACGGCTTATTATA,0,2481901
mhpRp2,0.5,1,1,AATCAGGAAAGCTTTTCAGC,0,2506418
mhpRp2,0.5,1,1,AATATGTCCAGAGAATGAAC,0,2522752
mhpRp2,0.5,1,1,AATATGCGCCTCTTATTGGC,0,2536934
mhpRp2,0.5,1,1,AATATATGAACCTCCCGCAT,0,2528840
mhpRp2,0.5,1,1,AATAGTTCGCCAGCAGACCG,0,2509325
mhpRp2,0.5,1,1,AATAGGACGGACGTGTGGAC,0,2539098
mhpRp2,0.5,1,1,AATAGCCGGTGGTTTACAAA,0,2536005
mhpRp2,0.5,1,1,AATAGCCCGCACATTACCAA,0,2538378
mhpRp2,0.5,1,1,AATACCCCGGGGATGATTGA,0,2519841
mhpRp2,0.5,1,1,AATACCACTACAGGTGTTCG,0,2525376
mhpRp2,0.5,1,1,AATAATATAGCCAACAAAAC,0,2507949
mhpRp2,0.5,1,1,AATAAGGTGACAGGATTATG,0,2495675
mhpRp2,0.5,1,1,AATAACGATGGTTTTTTTTC,0,2495940
mhpRp2,0.5,1,1,AAGTTTTACCTAGATAGGTA,0,2544383
mhpRp2,0.5,1,1,AAGTTGATATCCCGTGTTGA,0,2502998
mhpRp2,0.5,1,1,AAGTTAGTAGACTGACAACT,0,2537930
mhpRp2,0.5,1,1,AAGTTAAGACTCTATGTTTT,0,2534992
mhpRp2,0.5,1,1,AAGTGTAGACCCACTGTTAC,0,2528780
mhpRp2,0.5,1,1,AAGTGGGTGGCCCGACACAC,0,2537780
mhpRp2,0.5,1,1,AAGTGGGGGGCGACTCGTAT,0,2518683
mhpRp2,0.5,1,1,AAGTGGCTATCTAGGGGATT,0,2517352
mhpRp2,0.5,1,1,AAGTGCCCCTTTCGGAAGAA,0,2506964
mhpRp2,0.5,1,1,AAGTCTGGTTACGACACAGA,0,2504343
mhpRp2,0.5,1,1,AAGTCTCCCCGTTTCTGAAC,0,2482345
mhpRp2,0.5,1,1,AAGTCGGTATCGTGTTTGGT,0,2510224
mhpRp2,0.5,1,1,AAGTCCGGAGCAGGCCACTA,0,2501255
mhpRp2,0.5,1,1,AAGTACTGTGGTATGTACAG,0,2511089
mhpRp2,0.5,1,1,AAGGTGCGACTCATTAGCCA,0,2495760
mhpRp2,0.5,1,1,AAGGGTGTCGAGCGGGGCGC,0,2505041
mhpRp2,0.5,1,1,AAGGGCACGTAACCGGTTCT,0,2530393
mhpRp2,0.5,1,1,AAGGCTCGAAGGGGGGGAAC,0,2501921
mhpRp2,0.5,1,1,AAGGCGACGAATACCTATAC,0,2545003
mhpRp2,0.5,1,1,AAGGATTACCCCCTCGGTAC,0,2491933
mhpRp2,0.5,1,1,AAGGATATCAGTCATCCTCC,0,2490304
mhpRp2,0.5,1,1,AAGGAGAGGTAGGACATACG,0,2502347
mhpRp2,0.5,1,1,AAGCTTTGTTGAATTCTAGA,0,2491551
mhpRp2,0.5,1,1,AAGCTTAGAAAGCGGCTATA,0,2540149
mhpRp2,0.5,1,1,AAGCTATCGAAGGGTGAGCG,0,2496613
mhpRp2,0.5,1,1,AAGCTAGCGGAAACGCGTTT,0,2492070
mhpRp2,0.5,1,1,AAGCGGCTTCCCTAGCTGAA,0,2533773
mhpRp2,0.5,1,1,AAGCCTGGAACTCACATGAC,0,2535527
mhpRp2,0.5,1,1,AAGCCGCCGATGTACGCCGC,0,2519444
mhpRp2,0.5,1,1,AAGCCCGGAGAGGACCGTCT,0,2490075
mhpRp2,0.5,1,1,AAGCCACAGGGGGAAGATCT,0,2523428
mhpRp2,0.5,1,1,AAGCCAATCAGCTCCAGACT,0,2521549
mhpRp2,0.5,1,1,AAGATTTTGCTTTGGCATAC,0,2542779
mhpRp2,0.5,1,1,AAGATCAGTGTGTGGCCTGA,0,2522879
mhpRp2,0.5,1,1,AAGAGTGACTCGTATTTCAA,0,2487297
mhpRp2,0.5,1,1,AAGAGTCAACCACCTGCAGG,0,2513500
mhpRp2,0.5,1,1,AAGAGGTGTCGTGTATACAC,0,2521376
mhpRp2,0.5,1,1,AAGAGGCCACGACAGCGGCA,0,2543673
mhpRp2,0.5,1,1,AAGAGCCATGTAACTACGCA,0,2506961
mhpRp2,0.5,1,1,AACTTTAATGTGGCAGGTAC,0,2485027
mhpRp2,0.5,1,1,AACTTCTCAAGCAAATATGC,0,2515259
mhpRp2,0.5,1,1,AACTTATAACAGTCGCTTAA,0,2495366
mhpRp2,0.5,1,1,AACTGTGGGGATGGTGACCG,0,2537332
mhpRp2,0.5,1,1,AACTGGTAATGCGAAGTGGA,0,2539938
mhpRp2,0.5,1,1,AACTGGGTGCAATTATGCTA,0,2515762
mhpRp2,0.5,1,1,AACTGGCCCTATTCCGGGTT,0,2484939
mhpRp2,0.5,1,1,AACTGCTACGCCACCTATTA,0,2522183
mhpRp2,0.5,1,1,AACTGCGCAGCGATCGACCG,0,2480330
mhpRp2,0.5,1,1,AACTCTAGTATTCCATTGCT,0,2543772
mhpRp2,0.5,1,1,AACTCAGACAAAAATTATTC,0,2511745
mhpRp2,0.5,1,1,AACTATACTTTGTATCTATG,0,2512382
mhpRp2,0.5,1,1,AACTACTGGCATTACCATAT,0,2493598
mhpRp2,0.5,1,1,AACTAACGACGTCATTGTGG,0,2538842
mhpRp2,0.5,1,1,AACGTGTGGCACAGTGATGT,0,2488497
mhpRp2,0.5,1,1,AACGTGGATTCAGATGTTTA,0,2531791
mhpRp2,0.5,1,1,AACGGGGATCACATTGGCTT,0,2488235
mhpRp2,0.5,1,1,AACGGGAACCCATGTGCACG,0,2493579
mhpRp2,0.5,1,1,AACGCCTAGCTGAGAGTGTT,0,2528351
mhpRp2,0.5,1,1,AACGCACTCGGCGTTAGCGG,0,2481293
mhpRp2,0.5,1,1,AACGAGTTGCTTTTTTAAAG,0,2482366
mhpRp2,0.5,1,1,AACGACTCAGAGCCATCGGT,0,2511946
mhpRp2,0.5,1,1,AACGACTATGACGAGGGGAA,0,2493851
mhpRp2,0.5,1,1,AACGACCTAATAAGACGCCC,0,2487936
mhpRp2,0.5,1,1,AACGAAAGCACCAGCTACCA,0,2527149
mhpRp2,0.5,1,1,AACCTAGCATCAGCGAATAA,0,2527936
mhpRp2,0.5,1,1,AACCGTGAGTGCCGTTAAAG,0,2524194
mhpRp2,0.5,1,1,AACCGCACTTAGCGAACATA,0,2532529
mhpRp2,0.5,1,1,AACCCTCGTCTAAGACGCAG,0,2533606
mhpRp2,0.5,1,1,AACCCTCCTTCGAAATCCGT,0,2495740
mhpRp2,0.5,1,1,AACCCGTCCACCACACACTT,0,2540220
mhpRp2,0.5,1,1,AACCATCATAGGCAAATGGT,0,2489234
mhpRp2,0.5,1,1,AACCAGCCTCCGAGAGGTAG,0,2480656
mhpRp2,0.5,1,1,AACCACCCCCCGCCCAGTTA,0,2482452
mhpRp2,0.5,1,1,AACATTCTGGGGACCCCTGT,0,2483796
mhpRp2,0.5,1,1,AACATGCTCGCAATTGGCAT,0,2506758
mhpRp2,0.5,1,1,AACATGCCGTAAACAGATTC,0,2517554
mhpRp2,0.5,1,1,AACATGCAGTCCTCCAGGCC,0,2529213
mhpRp2,0.5,1,1,AACAGGCCCAGACACTTATC,0,2522545
mhpRp2,0.5,1,1,AACAGGAGCCCACGGCATAC,0,2489628
mhpRp2,0.5,1,1,AACACACAGTTTTGGTGGTG,0,2491349
mhpRp2,0.5,1,1,AACAATTTATTGTGACAGGT,0,2510132
mhpRp2,0.5,1,1,AACAAGCCGATAAGTAACTG,0,2510610
mhpRp2,0.5,1,1,AAATTTTGGGAGAGCTATCA,0,2545594
mhpRp2,0.5,1,1,AAATTTGTTAGTTTGACGAT,0,2491561
mhpRp2,0.5,1,1,AAATTCCTCTCGTCCCAACG,0,2539357
mhpRp2,0.5,1,1,AAATCTACGGCGTCTACAAC,0,2502528
mhpRp2,0.5,1,1,AAATCGGCTATAGGAAGCAG,0,2507266
mhpRp2,0.5,1,1,AAATCCGTCCTGGGTGGTCA,0,2513861
mhpRp2,0.5,1,1,AAATATTACGGAGATATGTA,0,2529013
mhpRp2,0.5,1,1,AAATAGGCGCTTAGGAAGTG,0,2518929
mhpRp2,0.5,1,1,AAATACTTAATAGTAGGCAA,0,2512174
mhpRp2,0.5,1,1,AAATACAAAGTGCGCGGTTC,0,2536950
mhpRp2,0.5,1,1,AAAGTTTGATAATCGATAAA,0,2497275
mhpRp2,0.5,1,1,AAAGTATTCGCAAGCAATTA,0,2526868
mhpRp2,0.5,1,1,AAAGTATACAGAGGAGGGAA,0,2521895
mhpRp2,0.5,1,1,AAAGTAGTCTTGACAGCCGT,0,2505243
mhpRp2,0.5,1,1,AAAGTAGGTACGTGCCCAAC,0,2494993
mhpRp2,0.5,1,1,AAAGGTTGAAGCCGTCCTGG,0,2491017
mhpRp2,0.5,1,1,AAAGGGATGTTGGGCTCTAA,0,2513640
mhpRp2,0.5,1,1,AAAGGCGTGGCCACGGTGGA,0,2540191
mhpRp2,0.5,1,1,AAAGCGGGGACACTCATTCC,0,2497661
mhpRp2,0.5,1,1,AAAGCGATACTTAGCTAGTA,0,2527822
mhpRp2,0.5,1,1,AAAGCGAGTTGGGTTGGCTC,0,2502700
mhpRp2,0.5,1,1,AAAGAGTAGTCAACTGCTAA,0,2488419
mhpRp2,0.5,1,1,AAAGAAGAAATAAGTTTCAA,0,2527706
mhpRp2,0.5,1,1,AAACTGAGCAGTGCAAGTCA,0,2495213
mhpRp2,0.5,1,1,AAACGTTCCGCCATAAGGTC,0,2487565
mhpRp2,0.5,1,1,AAACGTCAGAGCCTGTCGGG,0,2483056
mhpRp2,0.5,1,1,AAACGGCACCGGCACTTCTG,0,2531637
mhpRp2,0.5,1,1,AAACGCGTTAAACGCTATAA,0,2486730
mhpRp2,0.5,1,1,AAACGACTTTTCCCCCCGTG,0,2539109
mhpRp2,0.5,1,1,AAACCGACGTACTCCTCCAC,0,2535912
mhpRp2,0.5,1,1,AAACCAGCACCACTTCAAGG,0,2497612
mhpRp2,0.5,1,1,AAACAGGTCTAAGATCCGGG,0,2534690
mhpRp2,0.5,1,1,AAACAACGTAATCTTGAAGG,0,2510514
mhpRp2,0.5,1,1,AAAATTCCTCGTCTAGATGG,0,2505891
mhpRp2,0.5,1,1,AAAATAGCGGGAGCCTCGCC,0,2514769
mhpRp2,0.5,1,1,AAAAGGCCTTGAACGGGAGG,0,2483516
mhpRp2,0.5,1,1,AAAAGAGCATGTTAATCTCG,0,2519142
mhpRp2,0.5,1,1,AAAACGTCTCTGCACGTATA,0,2489101
mhpRp2,0.5,1,1,AAAACGTACATAGTGGTTAA,0,2480849
mhpRp2,0.5,1,1,AAAACGCTCTATCCGTTGCC,0,2517474
mhpRp2,0.5,1,1,AAAACAGTCCACGACGCTGG,0,2521585
mhpRp2,0.5,1,1,AAAAAGTGGGCAGCAGTACT,0,2489148
mhpRp2,0.5,1,1,AAAAAGTCGATCACGCGTGT,0,2531424
mhpRp2,0.5,1,1,AAAAACTGACCGGGGGTACA,0,2524291
mhpRp2,0.5,1,1,AAAAACTCGGCCTTGGACGG,0,2531401
mhpRp2,149.0,148,0,CAGATTGTGGATGTTATAAT,148,2537706
mhpRp2,132.0,131,0,AAAAAGCTTTGAGGGAAATT,131,2510695
mhpRp2,120.0,119,0,CCTTAACTGGGGATGCGCCG,119,2539655
mhpRp2,116.0,115,0,AACTCCACGGTCCTGGGACA,115,2527511
mhpRp2,104.0,103,0,AACGCTTCGGAAAACTGGAG,103,2504216
mhpRp2,88.0,87,0,TGCGAAAAAGTTCACAAATT,87,2485886
mhpRp2,88.0,87,0,CTACACAAGTAGCTTGCATT,87,2510042
mhpRp2,87.0,86,0,GGGGCTGAGTGGGGTATTGA,86,2512081
mhpRp2,87.0,86,0,AGAGTAGACATATTGTTTAC,86,2529368
mhpRp2,86.0,85,0,GGCCCGAATGACAAACATGA,85,2491566
mhpRp2,82.0,81,0,GCTCTGTGGCTCACTGAGGC,81,2522916
mhpRp2,82.0,81,0,GATGATTTGTCTACTGAGGT,81,2511550
mhpRp2,80.0,79,0,GAGGTTTTCAGGATGAGGTA,79,2513367
mhpRp2,79.0,78,0,TGTGAATAAGTTAACTGAAC,78,2492626
mhpRp2,79.0,78,0,TGAATGACCAGTCTGCACAT,78,2480367
mhpRp2,79.0,78,0,CAAATGAGGAAGTGTATATT,78,2481557
mhpRp2,78.0,77,0,TCTTGACCCCATAATTGGTT,77,2542975
mhpRp2,76.0,75,0,ATTCCTATAGATAGGAAATT,75,2522343
mhpRp2,74.0,73,0,TGTCTCTCACAACAGTACTA,73,2510701
mhpRp2,74.0,73,0,GACATAGGAGAGAGGCATCC,73,2496450
mhpRp2,74.0,73,0,CCGGAGCAAACCATCAGCTG,73,2503648
mhpRp2,74.0,73,0,AATGTACCCTGATGTAGATC,73,2517408
mhpRp2,73.0,72,0,CGGACAAAAATAACAGTGTC,72,2499562
mhpRp2,73.0,72,0,CCCCCGATAGCTTTCTTACA,72,2511387
mhpRp2,72.0,71,0,TCTCTATCCGAACTTATGTC,71,2544388
mhpRp2,72.0,71,0,CCATGAGCGCAGTCAATGTG,71,2501202
mhpRp2,71.0,70,0,CAAGGGTAGTGTCTGGTATA,70,2506640
mhpRp2,70.0,69,0,TCTCTGATTAGTTCAGTGGT,69,2515029
mhpRp2,70.0,69,0,TATATCATTACGCGTCGTAC,69,2543847
mhpRp2,70.0,69,0,CCTGATCAAATCCTGTCGTC,69,2488099
mhpRp2,70.0,69,0,CCGAGGTTCCTACGGGGCTA,69,2495786
mhpRp2,70.0,69,0,ATTCACAAGTTCAGAAGCGT,69,2509748
mhpRp2,69.0,68,0,TACGGTTCATCCTTTGTCTG,68,2528477
mhpRp2,69.0,68,0,AGCAATAAGGATTTCCCCAA,68,2539639
mhpRp2,66.0,65,0,ATACGCGTCGAATCAATCAT,65,2502946
mhpRp2,66.0,65,0,ATAAAGACACACGTGACCCA,65,2533276
mhpRp2,64.0,63,0,CTTTCCTGGCGGATTGACAC,63,2522296
mhpRp2,64.0,63,0,CTCCCCCCTTATAGGGGCGT,63,2491552
mhpRp2,64.0,63,0,ACCGCATCCGCTATGAGTGG,63,2488765
mhpRp2,63.0,62,0,TGACGTGTGTGCTCCGAGCA,62,2523642
mhpRp2,63.0,62,0,GATGTGACTACGAGAAGTCG,62,2525800
mhpRp2,62.0,61,0,TTAAAATAGGAGTGTGTGAC,61,2498636
mhpRp2,61.0,60,0,CCTGTGATACAGTATGGGAC,60,2497662
mhpRp2,60.0,59,0,GTCTATTGGCCGTTAAACGA,59,2482956
mhpRp2,60.0,59,0,GAGTGACGAAATCCATAAGA,59,2487222
mhpRp2,60.0,59,0,ACTTCAAAAGCTAAATAATT,59,2543964
mhpRp2,59.0,58,0,TTTGGTTGGAGTCTCTTGAG,58,2543335
mhpRp2,59.0,58,0,CCTCAATACCAGATAATAAT,58,2504066
mhpRp2,58.0,57,0,TCGAACTTCCAATACAACTT,57,2488805
mhpRp2,58.0,57,0,TCCCACCAGCGCAATGGTGT,57,2485972
mhpRp2,58.0,57,0,TCATGCCGTCATCCAGTGGG,57,2489483
mhpRp2,58.0,57,0,AGGCTCTTCTTCCTTTCACG,57,2518858
mhpRp2,57.0,56,0,GGATTAAGCAGTCGGTTCGT,56,2518015
mhpRp2,57.0,56,0,AAGACGAAAGAAGTTGTACG,56,2496159
mhpRp2,56.0,55,0,GGTGCGGTTTTCGTCCTACA,55,2516723
mhpRp2,56.0,55,0,GATGGATGAAGCCCGGAGAG,55,2529344
mhpRp2,54.0,53,0,TGAAACTAAGCGTGAGTGGG,53,2528639
mhpRp2,54.0,53,0,CTGCCATAAGGTCGCGCATG,53,2490286
mhpRp2,53.0,52,0,GATTGATGACAAAATCGACT,52,2535519
mhpRp2,52.0,51,0,GTCTTTCCCCATGCCTCATT,51,2510580
mhpRp2,52.0,51,0,GGCTCACGGCGGGTATTCGA,51,2489085
mhpRp2,52.0,51,0,CAGCACTCACGGAGTGCGAT,51,2487808
mhpRp2,52.0,51,0,AGGCGCCGTGCTTGCCGGTT,51,2482263
mhpRp2,51.0,50,0,TGTCCCCGGCGACCGGACTT,50,2482199
mhpRp2,51.0,50,0,TCCGAAATGGAAACAAATCT,50,2510276
mhpRp2,51.0,50,0,GTGATCTCCCCACCAACTCA,50,2480905
mhpRp2,51.0,50,0,CTGACAGGGACATTCTTACC,50,2492045
mhpRp2,51.0,50,0,CTCGGAGCGTAATTGCACCA,50,2509768
mhpRp2,50.0,49,0,GGGCGGTAATATCCTCATCG,49,2535774
mhpRp2,50.0,49,0,CCGATTGCACGATCGGAAGT,49,2534236
mhpRp2,49.0,48,0,TTTATTCACAAAAGATTACC,48,2481190
mhpRp2,49.0,48,0,AGAAGTGTACATCACACCCT,48,2501209
mhpRp2,48.0,47,0,TAAGTCCTCCAGGTCGGCAA,47,2535756
mhpRp2,48.0,47,0,GCTTGCAGCAGGACAATATG,47,2505049
mhpRp2,48.0,47,0,CCTAATACGGTTCTCAGCCT,47,2529962
mhpRp2,45.0,44,0,GCGCCTTCCGGTATCATCTC,44,2535160
mhpRp2,44.0,43,0,CGCTCTTCTGAAGGTCAACT,43,2493946
mhpRp2,44.0,43,0,AGTCTCGATTGACCAAGGAT,43,2542069
mhpRp2,44.0,43,0,AGGACGGGGCGGATGAGGGC,43,2537387
mhpRp2,43.0,42,0,GACAATGTAAGATGGCACGT,42,2524487
mhpRp2,42.0,41,0,CTCCGAGGTGGAACGCACGC,41,2504015
mhpRp2,41.0,40,0,GCCATATCGAAACAGGCGTA,40,2543259
mhpRp2,39.0,38,0,GTGTTGGCGCTTCAAACGAT,38,2494294
mhpRp2,36.0,35,0,CGATACACCGCTACCGGGAT,35,2525278
mhpRp2,35.0,34,0,TGACCCGTTGGTGGTCGTCC,34,2510439
mhpRp2,35.0,34,0,CAACGACCGGGGGCACCGGA,34,2490955
mhpRp2,35.0,34,0,ATTTCGGCGTCATGACGTCT,34,2523983
mhpRp2,30.0,29,0,CATCCTATAAAACTGCTTTT,29,2541677
mhpRp2,27.0,26,0,CGTCTACATTAGGGTCCAGT,26,2535199
mhpRp2,22.0,21,0,ATGACTGGGACGCATTCAAT,21,2535130
mhpRp2,21.0,20,0,CGGCTTCAGCCCGGAGCAGG,20,2498374
mhpRp2,18.0,17,0,ATAGGACTTCAAACGGTCTA,17,2535092
mhpRp2,17.0,16,0,CAGGTGAGGAGCTCCTCTGT,16,2534349
mhpRp2,5.0,4,0,GCGAATTCCGGAACCCAATC,4,2529131
mhpRp2,3.0,2,0,CAGTGCTGGGGCAGGGCACG,2,2542847
mhpRp2,2.0,1,0,TTTAGGGTTGCTTCGGTTAT,1,2505389
mhpRp2,2.0,1,0,TTAGATAGTGGGACTTGAAC,1,2496180
mhpRp2,2.0,1,0,TGTTTGGGCATCCACGGATT,1,2511270
mhpRp2,2.0,1,0,TGATCCCGTTGGGGATACTG,1,2493599
mhpRp2,2.0,1,0,TCTGGATGGATGCATGACCC,1,2494428
mhpRp2,2.0,1,0,TCTCTCGTCATGCAATGAAC,1,2535467
mhpRp2,2.0,1,0,TCCAGCGTTAGTAGTGTATG,1,2488270
mhpRp2,2.0,1,0,GTTTTAAGCGAGACTGGATT,1,2539649
mhpRp2,2.0,1,0,GGTGAATGCAGCGGGGAGTT,1,2531397
mhpRp2,2.0,1,0,GGGTATTTGGCGGGGCTGAT,1,2484405
mhpRp2,2.0,1,0,GCTCCGTCACCTGGCGAAAC,1,2515444
mhpRp2,2.0,1,0,GCTAGTGCTTCTAAAATTCA,1,2524445
mhpRp2,2.0,1,0,GACGTGAGACATGAAGTGCA,1,2542080
mhpRp2,2.0,1,0,CTTTTTACGACCGCAATGCT,1,2525318
mhpRp2,2.0,1,0,CTGCGTAGCCCCAGCCCATT,1,2487858
mhpRp2,2.0,1,0,CTCTATGTGGAGGAATGTAG,1,2490352
mhpRp2,2.0,1,0,CTCGGCAACCTAGTTACCCT,1,2508866
mhpRp2,2.0,1,0,CGGGCGACGCGGAAGATGGC,1,2522845
mhpRp2,2.0,1,0,CGGGCACCCGCCTCCCTAAA,1,2493250
mhpRp2,2.0,1,0,CGCCCTTTGTCCCAACTCGT,1,2485678
mhpRp2,2.0,1,0,CGATAGACACCGCTATGCAG,1,2481345
mhpRp2,2.0,1,0,CCGTTGGCGTAGCCGAGGCT,1,2482723
mhpRp2,2.0,1,0,CCAGTTGGCGCAATTGTGAT,1,2514616
mhpRp2,2.0,1,0,CCAGCACCCTCGTTTAGCTG,1,2536206
mhpRp2,2.0,1,0,CATCAGTCATGCCAAGCGCG,1,2499030
mhpRp2,2.0,1,0,CATAGGGCCAACTGGCGCCC,1,2518592
mhpRp2,2.0,1,0,CAGTCTCTCACGAAATTATT,1,2511059
mhpRp2,2.0,1,0,CACTGCAACGTTACTGGACT,1,2538172
mhpRp2,2.0,1,0,CACCCTGAGCGATATCATAT,1,2513675
mhpRp2,2.0,1,0,CACACCAATGCTGATCGACT,1,2509988
mhpRp2,2.0,1,0,ATTTAATGAGTTACGCACTG,1,2500703
mhpRp2,2.0,1,0,ATGATTAGGTCACGCAACAT,1,2526767
mhpRp2,2.0,1,0,ATCGTTTCTGGCGCGCGGGG,1,2531390
mhpRp2,2.0,1,0,AGTATAATGGCAATATTGAG,1,2516401
mhpRp2,2.0,1,0,AGATCACGAGGCGCTCCGAA,1,2489815
mhpRp2,2.0,1,0,AGACGGGTGTTACCTGCACA,1,2514842
mhpRp2,2.0,1,0,ACGAATTTCGAGTCCGCTCT,1,2533336
mhpRp2,2.0,1,0,ACATTGCCAAGGCGTGGCAA,1,2491723
mhpRp2,2.0,1,0,AACATAAACTCAGCATTCGA,1,2509003
mhpRp2,2.0,1,0,AACACCTTTAGGGGACTCGA,1,2535093
mhpRp2,2.0,1,0,AAATGGTAGGATGTCCGATT,1,2502483
