name,relative_counts,ct,ct_0,barcode,ct_1,barcode_ind
ygfKp,0.021505376344086023,93,92,ACTTGATAACTTGGATTCGC,1,4819612
ygfKp,0.6049382716049383,128,80,CACACAGTCCTAATCCGGAC,48,4833266
ygfKp,1.3055555555555556,164,71,GACTCGAAGACGCACTGGCA,93,4817527
ygfKp,0.7746478873239436,124,70,CGCGAGCCCCCGTGAACTAA,54,4819663
ygfKp,0.06349206349206349,65,62,CTGCTCGACTCTTGAGTCTC,3,4839006
ygfKp,0.03225806451612903,62,61,ACCATCACTCGCGGTGCAGG,1,4833456
ygfKp,0.8870967741935484,115,61,AAACTCGGCGTCTTCCTTTG,54,4820527
ygfKp,1.11864406779661,123,58,CGGGGGGCGGAATTACAGCC,65,4819177
ygfKp,0.9661016949152542,114,58,AGTCGCTACAGTAACTAAAA,56,4822632
ygfKp,1.271186440677966,132,58,ACGTGAGGTTAATGAGCAAT,74,4831344
ygfKp,0.034482758620689655,58,57,CGAATGTTGGGCATACCTGA,1,4833934
ygfKp,2.086206896551724,177,57,ACTGCCTCCTCGTAATGCAA,120,4820561
ygfKp,2.6315789473684212,205,56,GTAGCGTCAGGCATTTGGAA,149,4821153
ygfKp,1.0714285714285714,114,55,TGGCAGGCTATGCAAAAGTT,59,4856934
ygfKp,0.08928571428571429,59,55,GGGTTTCAAATATTCGTTAA,4,4817853
ygfKp,1.509090909090909,136,54,CTCTAGCATTAACTGCCCCA,82,4822391
ygfKp,0.03773584905660377,53,52,AACGCTACTGCTCCCTTCGT,1,4843670
ygfKp,1.3076923076923077,118,51,TGGAAACAAATCCAAAATGA,67,4842464
ygfKp,0.75,89,51,TCTGGAGGCCGTTAGAAGCT,38,4817855
ygfKp,0.04,50,49,TTGTCGCGGAAGTGTATCAA,1,4856939
ygfKp,0.041666666666666664,48,47,CCCAAGGGATTAAAGCCGAA,1,4819007
ygfKp,0.041666666666666664,48,47,CACATTATGTATACGCTATA,1,4853713
ygfKp,0.043478260869565216,46,45,CGAATGCGCCAAGTGCCCCT,1,4818365
ygfKp,1.2444444444444445,99,44,AGCTTCAAAATTCCGGCGTA,55,4826833
ygfKp,1.3636363636363635,102,43,AGAGTCACCGCAAATGAACA,59,4840717
ygfKp,3.1818181818181817,182,43,AAGTAGAGGGACATAGCCAG,139,4847788
ygfKp,0.046511627906976744,43,42,GTATCTGTGTACGATCCTAC,1,4827509
ygfKp,1.4186046511627908,102,42,GGAGTGAATGTGCTCGTATA,60,4855350
ygfKp,1.6046511627906976,110,42,CGCAGAGGCGCAGCGCTCTT,68,4820283
ygfKp,1.186046511627907,92,42,CCTTTAAAACGCTCCATGTA,50,4837747
ygfKp,0.23255813953488372,51,42,CCCGTTTCCCGGAGTTGACA,9,4822599
ygfKp,0.047619047619047616,42,41,GGGTGAGACTCCGTGCCGTC,1,4849679
ygfKp,1.1904761904761905,90,41,GGGAAAGTGTTGGTGGTGCT,49,4825426
ygfKp,0.047619047619047616,42,41,GGATGTCGTGACAGTAGTAT,1,4840673
ygfKp,2.2857142857142856,136,41,GAGCAAAGGCTTCGAAGAAG,95,4837470
ygfKp,0.047619047619047616,42,41,CATTCGAAGAACGTTTCCAC,1,4819693
ygfKp,0.047619047619047616,42,41,AGACCCTTGATAGATATGCT,1,4820890
ygfKp,1.5609756097560976,103,40,CGTGGGACCAACTTGCCACT,63,4829198
ygfKp,0.04878048780487805,41,40,CATTGGTTGGCGCATACTGT,1,4845442
ygfKp,1.170731707317073,87,40,CACTTCGCTGAGCCTTCGGT,47,4818485
ygfKp,0.04878048780487805,41,40,CACGTATGGGTACGTACTCC,1,4819577
ygfKp,3.2,166,39,ACAGCTACCCATATTCAGGA,127,4832948
ygfKp,0.05128205128205128,39,38,TTCGTGCCGAAAAAATCTTT,1,4841253
ygfKp,1.3076923076923077,88,38,TTCGGCGAAAAGCGAGTATA,50,4824357
ygfKp,1.4871794871794872,95,38,GCGAAACTGCCCGAAATAAT,57,4835252
ygfKp,0.05128205128205128,39,38,ATCAGTAGCATTTTAACGGT,1,4852592
ygfKp,0.7692307692307693,67,38,ATATGCCGAGACCCGGGTGG,29,4845555
ygfKp,1.3076923076923077,88,38,ACTTTTTGGTAGTTGATGCA,50,4855235
ygfKp,1.4736842105263157,92,37,TGATTTGCCGTTCGTACTGA,55,4825550
ygfKp,0.05263157894736842,38,37,TGAACGTGCGCACTAGATAA,1,4857402
ygfKp,1.0263157894736843,75,37,TCTCTCGGTGCGAGAAATAA,38,4845305
ygfKp,3.2972972972972974,157,36,TTTGTTTACTGAAGATGCTT,121,4854478
ygfKp,4.837837837837838,214,36,CGGAGTACGAAGCGGAAGCA,178,4842499
ygfKp,1.5,88,35,TCGTGCAAGGATTTATAAGG,53,4834974
ygfKp,1.4722222222222223,87,35,TCGTCACCATGGTCCGCGCA,52,4848094
ygfKp,2.7777777777777777,134,35,GTGATTGCCTATGTGGCACA,99,4825248
ygfKp,1.75,97,35,CCGGCGATCGAATGCCGCTA,62,4823693
ygfKp,1.7222222222222223,96,35,CCAGACGGTGGGGGCGTAAC,61,4830939
ygfKp,0.9444444444444444,68,35,CAGGCACGGATTATTTACCG,33,4832468
ygfKp,1.6944444444444444,95,35,AACTGCAAATTAGAACAATT,60,4843421
ygfKp,2.7714285714285714,130,34,TCCCGTTTCTCATGGGGTTC,96,4832110
ygfKp,1.6571428571428573,91,34,TACGCCGCGACACCTTAGCA,57,4826834
ygfKp,1.6857142857142857,92,34,CTGCCCGGCCATCCCGAGTC,58,4841423
ygfKp,0.05714285714285714,35,34,CTCATGCTTTCAGGAAGGTC,1,4843410
ygfKp,0.05714285714285714,35,34,CATAGACTCATGCGATCATG,1,4845515
ygfKp,1.457142857142857,84,34,ACTCAGAACGGCTATGCCGG,50,4817258
ygfKp,1.8529411764705883,95,33,TGTGGCATGAGAAAAGGGCT,62,4847671
ygfKp,1.2941176470588236,76,33,TGGTCACACAGTGATCGAGC,43,4833199
ygfKp,1.3529411764705883,78,33,TACGCTCCCTATCCCGGCTT,45,4826547
ygfKp,3.2941176470588234,144,33,GAGGTCGGTAACGTGGGGTG,111,4853243
ygfKp,0.08823529411764706,35,33,CGGAAGGGACCTTATCAGAA,2,4845124
ygfKp,1.8529411764705883,95,33,CCTTGCATTTGTGAATGGTT,62,4851797
ygfKp,0.5588235294117647,51,33,CCCCCCGTGCAGATGCGGGA,18,4842168
ygfKp,0.17647058823529413,38,33,CACAATCTCGAGGTAACATG,5,4819074
ygfKp,0.058823529411764705,34,33,ATACGGCGTATCCCGGGCAA,1,4829846
ygfKp,1.7058823529411764,90,33,ACCACCCGCACAGTCGAGTA,57,4830541
ygfKp,1.5454545454545454,82,32,TTGAGAGCCGACCCGCACAG,50,4824285
ygfKp,1.3333333333333333,75,32,TGATGTTCATCTCCCACGCG,43,4849008
ygfKp,1.4848484848484849,80,32,GCAAGCTCACTCCGAGCTAC,48,4839008
ygfKp,1.1515151515151516,69,32,CGAGGGCCAGAAGGTGCCAA,37,4817722
ygfKp,1.4545454545454546,79,32,CCTATTGCGTTCGAAAGTCA,47,4818773
ygfKp,0.06060606060606061,33,32,ACAGCGTAAACCATACCAAA,1,4827030
ygfKp,5.59375,209,31,TTTACCAGGGTCTTCTCTGA,178,4829991
ygfKp,1.53125,79,31,TGGCCCCGTTCGGTGTTTGA,48,4855779
ygfKp,2.53125,111,31,GTCTATAAGTTCATCGTTAT,80,4832288
ygfKp,1.9375,92,31,GTCAGAGTTCGCACTTTTAA,61,4840031
ygfKp,1.9375,92,31,ATTTTACACTTGTCGTCGAT,61,4845440
ygfKp,4.875,186,31,ATGACTGCTTAATACTTTAT,155,4858868
ygfKp,1.7096774193548387,82,30,TGTTTGCGCGTCTGTCCTGA,52,4821223
ygfKp,1.8387096774193548,86,30,TGTCATTAGGTTATATGAAT,56,4828862
ygfKp,0.06451612903225806,31,30,TAAGATTATGGCACGCGATA,1,4843414
ygfKp,3.032258064516129,123,30,CTGCCTTCCAGGTCCGAAAA,93,4838267
ygfKp,0.5483870967741935,46,30,CTCAGAGAGGTTTTTGGCTC,16,4850227
ygfKp,0.06451612903225806,31,30,CGGATGGGGGCAACTGCATT,1,4823483
ygfKp,0.06451612903225806,31,30,CAATTACCGGTCGAACTGTA,1,4833614
ygfKp,0.06451612903225806,31,30,ATCTAGAAAGGTGAACAGTA,1,4852248
ygfKp,4.774193548387097,177,30,AAAAACCCCGAATCTTCGAG,147,4818704
ygfKp,2.7333333333333334,110,29,TGCGCGCCACGATGGCCTGT,81,4825963
ygfKp,1.4333333333333333,71,29,TCGAGCCCATCTTAGGGTTA,42,4834989
ygfKp,2.1666666666666665,93,29,CTGAGATATGCGTGTCTCAT,64,4820248
ygfKp,0.5,43,29,AACTGGGACCTTTTTACCGC,14,4821700
ygfKp,1.4827586206896552,70,28,TTGATAAAGCCATGGGCGAC,42,4817924
ygfKp,0.06896551724137931,29,28,TGCTAGGGAAATACTGGAAT,1,4838856
ygfKp,1.9310344827586208,83,28,TAACGATATCGTTGCCATCA,55,4824337
ygfKp,6.103448275862069,204,28,GGCAGGGCTGGACAAATGCA,176,4820936
ygfKp,5.413793103448276,184,28,GCGTGTTCTATCGTTATAAA,156,4858364
ygfKp,1.8620689655172413,81,28,CCCCATTTTCACCGGTATTC,53,4820259
ygfKp,1.793103448275862,79,28,CACGTCCCGATTTCGAAGCC,51,4824329
ygfKp,0.06896551724137931,29,28,ATAGAACAAGCGCTGTGGAA,1,4825495
ygfKp,2.2857142857142856,90,27,TATGTTTAACTACATTTTAG,63,4838138
ygfKp,1.5357142857142858,69,27,GTGAGGTTAGCTGCCCAGAC,42,4833375
ygfKp,2.142857142857143,86,27,GGTCACGGCATACGCCAGGA,59,4848668
ygfKp,4.392857142857143,149,27,CTGAGCCCAACATGGAAGAG,122,4850898
ygfKp,1.8571428571428572,78,27,CGAGACAAGCACAGCAACCA,51,4854019
ygfKp,0.07142857142857142,28,27,CAGGTGAGTCATTCGTAACA,1,4826304
ygfKp,2.1785714285714284,87,27,ATATGCTAAACGGGTCACAA,60,4858769
ygfKp,0.07407407407407407,27,26,TTTCGGAAGCATCTGTTCCT,1,4827436
ygfKp,2.2962962962962963,87,26,TTACTGGAGCACAGTACTTT,61,4834985
ygfKp,2.3333333333333335,88,26,TGTGCCAGCGGGAAACACAG,62,4853767
ygfKp,0.07407407407407407,27,26,TGTCATTGCGGCCGCAGCGG,1,4852677
ygfKp,3.185185185185185,111,26,GGTAATAATACAGTACGCGT,85,4859570
ygfKp,2.074074074074074,81,26,GGGGGCGATGATCCAACTTC,55,4845424
ygfKp,1.3333333333333333,61,26,GCGGTGCGGCATGTGAGTAT,35,4850688
ygfKp,2.2962962962962963,87,26,GATCAACTTATGCAAGAAGG,61,4820281
ygfKp,2.4444444444444446,91,26,GAAATGCTGACAGTTGTAGA,65,4828498
ygfKp,2.037037037037037,80,26,CTTTTCACGGCGCTATTTAT,54,4826326
ygfKp,1.3703703703703705,62,26,CTTCCACACCGTATTTACGT,36,4824281
ygfKp,0.07407407407407407,27,26,CGGAGTTGGGTGCCGACCGT,1,4834912
ygfKp,1.1111111111111112,55,26,ATCAACGCCGCCTTTAGCCT,29,4853548
ygfKp,3.4444444444444446,118,26,ATATAAGTAACCTGTGATGT,92,4858036
ygfKp,1.5925925925925926,68,26,AGTCCAAGCATGAAGGTTCG,42,4823858
ygfKp,0.07407407407407407,27,26,AGGTAGGGCTGGGAAACGGT,1,4853533
ygfKp,0.07407407407407407,27,26,AGCTAACTTTCAGAGGATAG,1,4820734
ygfKp,2.5555555555555554,94,26,ACAAGGTCCGATACTCTCGA,68,4825751
ygfKp,1.5,63,25,TGGCTGCATCGCGCGGTGTA,38,4858040
ygfKp,2.6923076923076925,94,25,TACTGGACCAGATCGGGGCA,69,4824602
ygfKp,5.038461538461538,155,25,GTAGTGCTCGGTGTACAGTT,130,4822185
ygfKp,0.07692307692307693,26,25,CGTTTGAGACCAAGCACGGG,1,4824910
ygfKp,2.1153846153846154,79,25,CGCCCTGATCACACGCACCA,54,4855633
ygfKp,2.1538461538461537,80,25,CGACAACGACCCAGGGTAAT,55,4838141
ygfKp,0.07692307692307693,26,25,ATTGGAGCAGGCAATATATG,1,4838899
ygfKp,0.07692307692307693,26,25,ATTATCGCTGTTTGACCGCA,1,4831675
ygfKp,0.07692307692307693,26,25,ACCGCCAATCACTTGGTATA,1,4854119
ygfKp,0.08,25,24,TTGGATCTCAGTTAACACAG,1,4822665
ygfKp,0.08,25,24,TGTATTAGAGAACACATCAT,1,4839528
ygfKp,3.12,101,24,TATCAGCTCAGGCAGGAGGC,77,4842946
ygfKp,2.52,86,24,TAAAGTGGACCACGTACCGT,62,4837468
ygfKp,1.08,50,24,GTTAACGTAAGATTGAAAAC,26,4844244
ygfKp,2.56,87,24,GTGAGAAAGGTTGCTGTATC,63,4858070
ygfKp,2.24,79,24,CGCGATTGCATATAATGTGT,55,4851624
ygfKp,4.36,132,24,CCGAGTCGGCCAGGCAGCTG,108,4846523
ygfKp,2.36,82,24,CAGTATCTCCGTCACAATGT,58,4817954
ygfKp,3.28,105,24,CAATAATGACAGGAGAGTTA,81,4846189
ygfKp,5.4,158,24,ATAGCTGACTTTCTAGCTGA,134,4853700
ygfKp,2.92,96,24,ATACGTACATTTCCACGCCT,72,4831141
ygfKp,2.0,70,23,TGTGTGGGAAGCTGATGGTA,47,4818482
ygfKp,0.08333333333333333,24,23,TGCCCAAACTAACTTAATGT,1,4844789
ygfKp,3.25,100,23,TCTCTCCCCCTACTCGGGTG,77,4819004
ygfKp,3.0,94,23,TATACCGGATATTGGATTCT,71,4845439
ygfKp,2.0,70,23,GTGGTCCTGAGGCCCAATAT,47,4851499
ygfKp,3.4166666666666665,104,23,GTAGTCTGTCATTTATTTAC,81,4824900
ygfKp,2.1666666666666665,74,23,GTAGAATATCTTTCATAAAG,51,4825773
ygfKp,0.08333333333333333,24,23,GGAATTGCTCGTGAGTACCA,1,4862254
ygfKp,5.0,142,23,GCTAGATCAGAATCGAAGGA,119,4839284
ygfKp,4.375,127,23,GCTAACCACGTAGACTGACA,104,4844633
ygfKp,0.08333333333333333,24,23,GCGCTTCGATTACTCTAGTT,1,4826906
ygfKp,2.625,85,23,GAGGTAATTGAAACTCGTAA,62,4825251
ygfKp,4.666666666666667,134,23,GAATTATGACATTCCAGTAC,111,4844268
ygfKp,1.875,67,23,GAACTCACCGGCATCAGTTT,44,4829914
ygfKp,2.5,82,23,CGGTTGGATGTTCATCATTA,59,4819975
ygfKp,1.9583333333333333,69,23,CGGCGGAGTTGCCAGAATCT,46,4832516
ygfKp,2.0833333333333335,72,23,CGCGGGTAGGACCTCGCATA,49,4823679
ygfKp,2.125,73,23,CCTGCATTTGGGAATTTTCA,50,4836941
ygfKp,3.25,100,23,CCGGAGAGACTAAACTTCTT,77,4831450
ygfKp,2.25,76,23,ATGTCTCGTGATGTCGATAT,53,4856169
ygfKp,4.583333333333333,132,23,ATGGGAAGAACTTAGAGGTT,109,4837746
ygfKp,2.2916666666666665,77,23,ATCCAACTCGACGCCAAGGT,54,4840141
ygfKp,2.0416666666666665,71,23,AGCGCATTCATTACGTCACT,48,4822578
ygfKp,0.08333333333333333,24,23,AGCCACCGCACTGCCTGGGG,1,4824575
ygfKp,2.0416666666666665,71,23,ACAAAGCTTGCGTCCGGTGG,48,4831638
ygfKp,3.4583333333333335,105,23,AATCGATATCCGATTGAGCA,82,4855383
ygfKp,1.3478260869565217,52,22,TTTTAAGGCGGTCGCGTGAG,30,4823991
ygfKp,0.08695652173913043,23,22,TCTTGAGGGACCTCATATGC,1,4835369
ygfKp,1.6956521739130435,60,22,GGCAGATGGGAATGTGGGAC,38,4825142
ygfKp,2.608695652173913,81,22,GCCTGAGCCTGGGGATAAAC,59,4859940
ygfKp,0.2608695652173913,27,22,CTGGCTGCAGAGGATAAGGC,5,4828946
ygfKp,0.08695652173913043,23,22,ACTCCCTATGTAAGAAACAT,1,4846639
ygfKp,2.9130434782608696,88,22,ACCGTCCTCAGAACGCTGCT,66,4836829
ygfKp,1.9130434782608696,65,22,ACCAGGGGCCAGGCCGATTA,43,4848777
ygfKp,0.08695652173913043,23,22,AAAACGGTTAGGTAGCTGCA,1,4839049
ygfKp,3.090909090909091,88,21,TTAACCCACTCACATTGGTG,67,4848767
ygfKp,0.09090909090909091,22,21,TCACCGTGCCGGGCCTGTGA,1,4839448
ygfKp,2.0,64,21,GTCCGATCCGATCGTTACTA,43,4849690
ygfKp,0.13636363636363635,23,21,GTAGAGCAACCCGCACTTCA,2,4845762
ygfKp,2.909090909090909,84,21,GTAAGCCTAGAGAGCCATGT,63,4820893
ygfKp,2.3636363636363638,72,21,CTCGCGTTGGGGCGTTTTAA,51,4842341
ygfKp,3.909090909090909,106,21,CACGGAGCCCTCATGCCAGA,85,4837469
ygfKp,0.09090909090909091,22,21,CAACGCTCATACCCACTCCA,1,4842003
ygfKp,3.3636363636363638,94,21,ATTTGAACGTCACGTACACA,73,4824897
ygfKp,2.3636363636363638,72,21,AGCGTACTCCCGGAAGAAAT,51,4827508
ygfKp,2.272727272727273,70,21,ACCTGGCGGGTGTCAATGAA,49,4847689
ygfKp,0.09090909090909091,22,21,ACCGTCCATCCAACTCACTG,1,4843054
ygfKp,2.857142857142857,79,20,TTATACCAAAGTCGCGGCGA,59,4834619
ygfKp,2.0952380952380953,63,20,TCGCTGTCGCGTCTCATGAT,43,4843230
ygfKp,0.09523809523809523,21,20,TATCCAATGCTTCCGGCATA,1,4825560
ygfKp,4.190476190476191,107,20,TACTTCCTAATCGGCGATCT,87,4842346
ygfKp,2.9523809523809526,81,20,GCGGATTATAGTGCCAGGGA,61,4823877
ygfKp,2.8095238095238093,78,20,GCACTCGTAAGTCGGCTATC,58,4820390
ygfKp,3.0,82,20,GAGAGGCAACATTCCTTTAT,62,4841017
ygfKp,1.8571428571428572,58,20,CGTTGGTGCGTAAAGGAAGC,38,4835362
ygfKp,0.09523809523809523,21,20,CGTGTGGGGGTTCAGCGAAA,1,4858588
ygfKp,5.857142857142857,142,20,CGTAACCTAGCTTCAGCATA,122,4856726
ygfKp,0.09523809523809523,21,20,CGACTACGTGCTCAAATAAT,1,4841043
ygfKp,0.09523809523809523,21,20,CCGGTTTCTAGAATCAATTG,1,4821888
ygfKp,2.619047619047619,74,20,ATTGGTTTGGAGGACTTGCG,54,4840712
ygfKp,0.09523809523809523,21,20,ATACACCGAATGAAGCAAAG,1,4820601
ygfKp,3.5238095238095237,93,20,AGGTGACAAGTCTAGGCAGA,73,4836830
ygfKp,2.5238095238095237,72,20,AGAACGTCCGACTGGGAATG,52,4856320
ygfKp,2.857142857142857,79,20,ACTCTTGATCGGTCCCGGTT,59,4846928
ygfKp,1.4,46,19,TTCTTCCTCTATTGTGCAAT,27,4837883
ygfKp,0.1,20,19,TGTCCCATTCCGCTGCCGAT,1,4818182
ygfKp,5.05,119,19,TGCACCTTTTCGTGTTCGGC,100,4829560
ygfKp,0.85,35,19,TCATGACCGTAATCTACGCG,16,4853263
ygfKp,4.05,99,19,TAGCGTAAAGGGACACAGAC,80,4825555
ygfKp,0.1,20,19,GTCTGGCACACAAGTACTAA,1,4839197
ygfKp,2.9,76,19,GGCGTACGTATGGTACAGGG,57,4843128
ygfKp,1.4,46,19,GAGGATTGTATTTTCGTAAA,27,4826550
ygfKp,0.1,20,19,GAGCACATATCGACATTCTT,1,4818860
ygfKp,2.9,76,19,CAGAATCTCCTCAGCACGTG,57,4831644
ygfKp,3.25,83,19,AACTGATTCTATCGTCGCAA,64,4853626
ygfKp,0.10526315789473684,19,18,TTGTGGGGCAACTTGCCTCA,1,4819829
ygfKp,3.3157894736842106,80,18,TGCCCCACAGTCGTAAAGGT,62,4834918
ygfKp,6.7368421052631575,145,18,TGCAATTGGTTCACCTCCAC,127,4845644
ygfKp,3.6315789473684212,86,18,TAGACCAGTATGGGCTATAG,68,4843120
ygfKp,0.10526315789473684,19,18,TAGAACAAATCAGCGGGTGG,1,4832883
ygfKp,3.736842105263158,88,18,TACTTTGGTAACCCTTTATA,70,4853777
ygfKp,6.2631578947368425,136,18,GTAGGCACTTCTAAAAGGTT,118,4853892
ygfKp,0.8947368421052632,34,18,GGTATTTCCATTACGCTTGT,16,4855380
ygfKp,3.0526315789473686,75,18,GCCATGGACCACTCCTAGAT,57,4849656
ygfKp,3.473684210526316,83,18,GATCGACTGCGCGTTATGGC,65,4828297
ygfKp,2.3684210526315788,62,18,GAGTTTCATGCGTATCACCC,44,4861501
ygfKp,0.10526315789473684,19,18,GAATCATTCTTGACCTGGGG,1,4856567
ygfKp,0.10526315789473684,19,18,CGTATGTCCTGCACAATGCC,1,4837304
ygfKp,3.210526315789474,78,18,CAGCCGGGGGGCTAAGCGTG,60,4850480
ygfKp,1.3157894736842106,42,18,CAGATGTTCGCACTGGAGAG,24,4849654
ygfKp,0.10526315789473684,19,18,ATCGTTCGCTGTGACGGACT,1,4832949
ygfKp,2.5789473684210527,66,18,ACCTCATCCAACTACTGGGA,48,4843846
ygfKp,11.31578947368421,232,18,ACACTGCATAATGCATGTAC,214,4820322
ygfKp,0.10526315789473684,19,18,AAGCCCGGTTTCTGCTTGTA,1,4854498
ygfKp,2.2777777777777777,57,17,TTCTCGTACAGAGTATGCGA,40,4851500
ygfKp,2.888888888888889,68,17,TGTATGCTCTTCCTGAGCTT,51,4827217
ygfKp,0.1111111111111111,18,17,TATTCCATTAGCCCACATGT,1,4839052
ygfKp,0.1111111111111111,18,17,TACGACCAAATTACAACTGC,1,4833636
ygfKp,2.611111111111111,63,17,GTTTTTACGCCCGTTGACGA,46,4834871
ygfKp,3.1666666666666665,73,17,GTATCGGTTCAATTGGTGTA,56,4847603
ygfKp,2.111111111111111,54,17,CTCGAGATATGAGCCTGGCT,37,4847803
ygfKp,2.7222222222222223,65,17,CTATCATGCGGCCTCCGTTA,48,4847301
ygfKp,3.1666666666666665,73,17,CGTTTGAGCGGACTGCCTAT,56,4850899
ygfKp,2.8333333333333335,67,17,CGCGAAATGTAGTTATTGTC,50,4835365
ygfKp,0.1111111111111111,18,17,CCTTGTTCGGTTCGCTTAGA,1,4849004
ygfKp,2.0555555555555554,53,17,CCTACACGTCTCAATCGGAA,36,4836995
ygfKp,3.2222222222222223,74,17,CCGCTATTTGACGAACGTCT,57,4822596
ygfKp,0.1111111111111111,18,17,CCACCATGCCAGGTTTACGT,1,4818846
ygfKp,2.611111111111111,63,17,ATTACTCAATTTCACTGGAA,46,4847312
ygfKp,7.111111111111111,144,17,ATCGTTCGCCTCGGCTCCTC,127,4820705
ygfKp,2.7777777777777777,66,17,AGCCTGGAACGTTCTTCGAC,49,4841290
ygfKp,2.5,61,17,AGACCAGCGTTACGGATCGC,44,4826075
ygfKp,4.055555555555555,89,17,AAATGCTACAAGGGTATGGT,72,4849904
ygfKp,0.1111111111111111,18,17,AAACAACTTTACCTTACCTT,1,4841271
ygfKp,2.235294117647059,53,16,TTTGTTCGCCCAAGTATATC,37,4844635
ygfKp,2.7058823529411766,61,16,TTGAAACACGACCCCCCATA,45,4831016
ygfKp,7.529411764705882,143,16,TTATCGATACCGCTCGAGTC,127,4818102
ygfKp,3.7058823529411766,78,16,TGCTTTTTCCACGGAATCAT,62,4835136
ygfKp,0.11764705882352941,17,16,TGATGTTTGCCGACGACCGA,1,4835727
ygfKp,4.352941176470588,89,16,TGAGTTACTAGAAGAGCGAA,73,4820735
ygfKp,3.7058823529411766,78,16,TCCGTAGTCCATAGTCCTCT,62,4858283
ygfKp,5.705882352941177,112,16,TAGCTTACCATGTCCCTTGT,96,4828304
ygfKp,3.7058823529411766,78,16,TACGCCGCACGGTCCTTATA,62,4824859
ygfKp,3.6470588235294117,77,16,TAAAAGGTATCGATCATGAG,61,4851164
ygfKp,4.882352941176471,98,16,GTGTACGTTCAGAGGAAGCT,82,4818900
ygfKp,4.705882352941177,95,16,GTCCGGAGTAGATGTCTGTG,79,4830878
ygfKp,3.411764705882353,73,16,GTACTGTGCGCTAATGAATG,57,4833403
ygfKp,2.588235294117647,59,16,GGTTTACGTCGCCTCGAATC,43,4849765
ygfKp,1.8235294117647058,46,16,GCTCTCTCGATGTGTAGCGA,30,4820954
ygfKp,0.11764705882352941,17,16,GCGCCTTAATGTTTTCATGT,1,4832147
ygfKp,3.235294117647059,70,16,CGGACGGCTTTTTCGTTGGG,54,4843826
ygfKp,3.0,66,16,CGCTCAACATATAATACGCT,50,4858044
ygfKp,4.176470588235294,86,16,CAGCGGATAGGTGGAAGCTA,70,4845186
ygfKp,4.764705882352941,96,16,AATGAACAGAAAGCTAGAGT,80,4819339
ygfKp,0.125,16,15,TTGTACAATAAGAAGTGCAA,1,4818537
ygfKp,3.8125,75,15,GTAACGGATCCTCGAGGTGT,60,4846522
ygfKp,3.6875,73,15,GATCGCAATATCAGGAACGT,58,4835416
ygfKp,0.125,16,15,GATATAATGAAAGGTGCATC,1,4820384
ygfKp,5.125,96,15,GAATCTCGTACAGACTATCC,81,4832360
ygfKp,3.875,76,15,CTATACCAGTGCCATGACTT,61,4857260
ygfKp,3.625,72,15,CGTTATTATTTGAGCCCCCA,57,4826168
ygfKp,4.125,80,15,CGGGCTGTAAGTAGTGTGAA,65,4828223
ygfKp,4.875,92,15,CATGTATAGATGTGGAATAG,77,4848656
ygfKp,2.875,60,15,CAGCCTCCGAGCATTTTGGC,45,4831619
ygfKp,3.0,62,15,AGGAGGTGGGCTGCCTCCAT,47,4854492
ygfKp,3.9375,77,15,ACGTCATATAGAATAATGCA,62,4822822
ygfKp,4.4375,85,15,AAGGCCACCCTTTAGGAAAT,70,4833889
ygfKp,13.75,234,15,AAGCGCGCCTGCAACAGGAT,219,4863603
ygfKp,0.13333333333333333,15,14,TGTCACCCGCCGATACGGGA,1,4849595
ygfKp,2.933333333333333,57,14,TGACAACATGGTTACAACAC,43,4833310
ygfKp,0.13333333333333333,15,14,TCGGAACTGTTGCTTAGTAC,1,4854021
ygfKp,0.13333333333333333,15,14,TCCCTACCGATAGTCCATAT,1,4856314
ygfKp,4.666666666666667,83,14,TAGGTACCTATTTCCCTAGA,69,4841202
ygfKp,0.13333333333333333,15,14,TAGATGAGCTCCCTGCCCGG,1,4832496
ygfKp,4.333333333333333,78,14,GTGTTCATAGGTCCGACATA,64,4847043
ygfKp,4.8,85,14,GTACGGGCGTGTGGCAGCTG,71,4851826
ygfKp,7.733333333333333,129,14,GGTCGGTAGCGCCATCAGAC,115,4838271
ygfKp,0.6,22,14,GCGCGACTTACTGGCGTCAA,8,4826293
ygfKp,0.13333333333333333,15,14,GCATACATGCAAGAAGCCGC,1,4817743
ygfKp,0.13333333333333333,15,14,CTGCCAAATTTGTTCCATCC,1,4863549
ygfKp,3.6,67,14,CGCGGCTTTAAAGGCAACGA,53,4841203
ygfKp,0.13333333333333333,15,14,CGACCAACTCGGAGGAAAAC,1,4821887
ygfKp,2.6666666666666665,53,14,CCAGGACAAGGGGCGGACTA,39,4856753
ygfKp,0.13333333333333333,15,14,CCACAACGGTTTACACACGA,1,4826567
ygfKp,3.466666666666667,65,14,CAGTTAACCACATCATCGAG,51,4850261
ygfKp,4.533333333333333,81,14,CAGGGGACTGGGTCGAACGG,67,4848303
ygfKp,0.13333333333333333,15,14,CAGAGCATTAGCATGCTACT,1,4854356
ygfKp,0.13333333333333333,15,14,CACTTCGGGTGCATTAGGGG,1,4827628
ygfKp,3.933333333333333,72,14,AGACAGGACCGTACTTCGAA,58,4833462
ygfKp,2.533333333333333,51,14,ACTGGTCGTACCGGCCAAAG,37,4856094
ygfKp,0.13333333333333333,15,14,ACAAATAACGCCGGTACCTT,1,4857358
ygfKp,1.3333333333333333,33,14,AATAGAAGGAAAAGGGACGC,19,4859352
ygfKp,8.071428571428571,125,13,TTTTAGAATATCAATCTTTG,112,4834232
ygfKp,4.428571428571429,74,13,TGGTGGAGTGGTATGGGGTT,61,4845591
ygfKp,3.5,61,13,TCTTTCGATACAACAGCGCC,48,4849002
ygfKp,3.857142857142857,66,13,TCGTAGACGTGACACATGTG,53,4835723
ygfKp,1.2857142857142858,30,13,TAGAGGAGTCTGAAATCGGA,17,4862943
ygfKp,5.428571428571429,88,13,GTTCAGGATAGCTTCTTATT,75,4821614
ygfKp,3.0,54,13,GGGCTCGGCTTCGAGACCGG,41,4863345
ygfKp,4.071428571428571,69,13,GCTCGGTTCATTTTAATGGA,56,4844126
ygfKp,5.142857142857143,84,13,GCTAGAAATTTAACCATTTT,71,4834226
ygfKp,0.14285714285714285,14,13,GCCTTAGGTAGAAGCTGTGT,1,4833376
ygfKp,4.357142857142857,73,13,GCCGGGCACGGCTAGGTGTC,60,4853325
ygfKp,0.14285714285714285,14,13,CTACGAGACAGTCGGTGGTG,1,4818669
ygfKp,0.14285714285714285,14,13,CTAATTCATACACCCGGGCT,1,4841480
ygfKp,3.0714285714285716,55,13,CCTGTCGGGAGCCACTTTGG,42,4861878
ygfKp,4.428571428571429,74,13,CCTAGAATTCTGTGGGGTCT,61,4834992
ygfKp,3.857142857142857,66,13,CCGCGAATTAACGGGAGACA,53,4826556
ygfKp,0.14285714285714285,14,13,CATTAGGGCCAGTACGAAGC,1,4826984
ygfKp,6.928571428571429,109,13,CATAAAGAAAGGGAGTGTAT,96,4831573
ygfKp,4.642857142857143,77,13,CACTGACCTGTTTTCCCAGA,64,4841217
ygfKp,3.9285714285714284,67,13,CACTACGTGCAGGCTCATTG,54,4831347
ygfKp,0.14285714285714285,14,13,ATTTTTAGTCTAGAAGGATG,1,4858073
ygfKp,0.14285714285714285,14,13,ATAGTCAATGATAAGTTAAA,1,4859603
ygfKp,0.14285714285714285,14,13,AGTGGGCACGCGTAAGCAAA,1,4818872
ygfKp,5.571428571428571,90,13,AGTAACTAGCGAGGATCACC,77,4855629
ygfKp,4.071428571428571,69,13,ACGTTCCAAATCACATTATT,56,4818096
ygfKp,0.21428571428571427,15,13,ACGCGCTAAACCAGATCGCA,2,4851089
ygfKp,4.928571428571429,81,13,ACAGACTGAATCAAACTTAG,68,4820932
ygfKp,5.357142857142857,87,13,AAAAGATCTCCCTGAACAAC,74,4853258
ygfKp,0.6153846153846154,19,12,TTTAGAATCCCCATCACCGA,7,4836015
ygfKp,5.0,76,12,TTGCTTACCTATATCCGGGA,64,4839665
ygfKp,4.3076923076923075,67,12,TTCCGGCAAAGTCCTGGTGC,55,4844344
ygfKp,1.0769230769230769,25,12,TTATAAACGGCCCCGTTTAG,13,4827337
ygfKp,0.15384615384615385,13,12,TTAATGAGCACTCTCAGGTA,1,4829881
ygfKp,0.15384615384615385,13,12,TGTTGACCGACCCGGCTTTA,1,4817528
ygfKp,7.615384615384615,110,12,TGGGAGCTGAGATAAAACCT,98,4825848
ygfKp,2.3076923076923075,41,12,TCATAACGAACCCCAGAGCG,29,4829753
ygfKp,6.538461538461538,96,12,GTTGGATCTTAGTTCTCCCA,84,4819540
ygfKp,0.15384615384615385,13,12,GTCCTCCTTAGTGATTACTT,1,4848324
ygfKp,4.0,63,12,GGCCTAGCTGGGAACCCGCT,51,4818763
ygfKp,4.384615384615385,68,12,GGAATTGTAGATTTGCCGTC,56,4851677
ygfKp,4.538461538461538,70,12,GATTGCAGGGTGACTGTCAC,58,4851028
ygfKp,7.230769230769231,105,12,CTTGTCTCGTAGGCTCATCT,93,4850956
ygfKp,0.15384615384615385,13,12,CTGTTTCGATAAAGGCCGCT,1,4849395
ygfKp,4.923076923076923,75,12,CTGAAAGGAGAGCCAATGTG,63,4856866
ygfKp,5.615384615384615,84,12,CCTTGGCACTTATACAGATG,72,4822490
ygfKp,0.15384615384615385,13,12,CACGCGGTGGGGCCTCTTCG,1,4827961
ygfKp,4.769230769230769,73,12,ATCGCCCGACTGAGAACACG,61,4826921
ygfKp,0.15384615384615385,13,12,ATCCTCGTACATAATCCGCG,1,4847180
ygfKp,10.846153846153847,152,12,ATACACGATGGGATAGTGCT,140,4862060
ygfKp,4.923076923076923,75,12,ACTGGAGGCAGGTTTCTGAC,63,4825744
ygfKp,0.15384615384615385,13,12,ACTAAGCCAGAAGGCTTAGG,1,4845201
ygfKp,5.916666666666667,81,11,TTTTGGCTTAGCTCTTTATG,70,4831346
ygfKp,3.9166666666666665,57,11,TTTCACGCGTGATTGGAAAA,46,4817858
ygfKp,4.916666666666667,69,11,TTCTTCGAAGGAGACAACAT,58,4854782
ygfKp,0.16666666666666666,12,11,TTACAGGTCCTCTTCTCGAT,1,4831145
ygfKp,11.25,145,11,TGTTTTGTAAGGAAGTGTTA,134,4854383
ygfKp,5.833333333333333,80,11,TGATGAAGTAGCTGACTCAT,69,4817143
ygfKp,0.16666666666666666,12,11,TCTCCGCCTGAGCGATGTAT,1,4822055
ygfKp,10.916666666666666,141,11,TCTACACAATATTCCACCAT,130,4824359
ygfKp,9.5,124,11,TCGGGCGCTGATGCTTCGTG,113,4840425
ygfKp,0.16666666666666666,12,11,TCATGTGATAAAACACGCGA,1,4820039
ygfKp,1.4166666666666667,27,11,GTTCCGGTCAAACCGCGGGG,16,4838606
ygfKp,2.5,40,11,GTTACTCAAAATCGAAGTCT,29,4844726
ygfKp,3.3333333333333335,50,11,GTGTTCCAGATCCGTTACTG,39,4847098
ygfKp,1.8333333333333333,32,11,GGTAGACGGGGTGAGCCGCA,21,4850247
ygfKp,6.083333333333333,83,11,GGCTTCCCGGCACCTGCCTG,72,4817949
ygfKp,4.5,64,11,GGCGGCGATGCACGTGGTTA,53,4848910
ygfKp,0.16666666666666666,12,11,GGCGATCTGACACCTTACTT,1,4822850
ygfKp,5.083333333333333,71,11,GGCCAGAATGACAACTCCAA,60,4842702
ygfKp,0.16666666666666666,12,11,GGCATGCCACGCTGAGGGGT,1,4860366
ygfKp,0.16666666666666666,12,11,GCTCGATGGGTAAGTAGGCT,1,4834175
ygfKp,1.3333333333333333,26,11,GCGAGCTGGGCAGATATGTA,15,4829561
ygfKp,0.16666666666666666,12,11,GCCTCCTGTCATCTTGACCA,1,4837179
ygfKp,0.16666666666666666,12,11,GCCAATTATCATGGGAGACT,1,4855547
ygfKp,2.9166666666666665,45,11,GCACTAGGATAATTCCCCCC,34,4839315
ygfKp,5.0,70,11,GATCCTAAGATTGCTAGTGT,59,4855136
ygfKp,0.16666666666666666,12,11,GACCGTTATATGGAATCATT,1,4846068
ygfKp,11.583333333333334,149,11,GAAACGGCAACAGAGATGAT,138,4820323
ygfKp,3.25,49,11,CTTCGCCAGCATCCTCACGT,38,4829852
ygfKp,4.75,67,11,CGTTAACAGTGGTTGGTGAT,56,4823385
ygfKp,0.16666666666666666,12,11,CGTATCCTTGTGACCCCATT,1,4845114
ygfKp,3.9166666666666665,57,11,ATTATCTATTTGTCAGGCAG,46,4844036
ygfKp,5.0,70,11,ATCCTATCCGACGGCTCCCA,59,4826313
ygfKp,8.25,109,11,ACGTTATAGGGTTCAACTGT,98,4818517
ygfKp,0.18181818181818182,11,10,TTCGCTTTACGGGAATACGC,1,4832107
ygfKp,8.909090909090908,107,10,TGCTTTTAGCCCCTGACTGA,97,4851173
ygfKp,7.090909090909091,87,10,TGCCAGCAAAGTTGATATGA,77,4851068
ygfKp,0.18181818181818182,11,10,TGACTGCATCCCTGTGATTA,1,4817609
ygfKp,5.090909090909091,65,10,TGACACAGCTTTCCGATTAG,55,4846628
ygfKp,5.636363636363637,71,10,TGACAAATACTGTACGGTCG,61,4819541
ygfKp,5.454545454545454,69,10,TGAAGTCCCGGCATCTGTGA,59,4860444
ygfKp,4.363636363636363,57,10,TCTGTACACAATCAACTTGA,47,4857453
ygfKp,6.181818181818182,77,10,TCGTTTCCATACTTAGGACA,67,4858084
ygfKp,6.181818181818182,77,10,TCGGGGCACTAGCTCATCAA,67,4851007
ygfKp,4.636363636363637,60,10,TCCTACGTCAGCGTTCGGCT,50,4832700
ygfKp,0.18181818181818182,11,10,GTTTCATAATCACCGAAATC,1,4827302
ygfKp,9.090909090909092,109,10,GTTCCATGTCCACTCTCGAA,99,4855699
ygfKp,3.3636363636363638,46,10,GTCTTCGGTGCATGACCTAT,36,4856962
ygfKp,0.18181818181818182,11,10,GGTTCGCATCCAATATGTAG,1,4855117
ygfKp,2.909090909090909,41,10,GGTAATCCGGCAAGAACCAT,31,4835370
ygfKp,3.6363636363636362,49,10,GGGCGTTCTCTCTATAATCA,39,4854514
ygfKp,12.454545454545455,146,10,GGCTAAAGTGCGAACGGTAC,136,4821565
ygfKp,0.7272727272727273,17,10,GACGGCAGTCCCCTCTTATT,7,4820385
ygfKp,7.818181818181818,95,10,CTGGTTATGAAGATCCGATT,85,4849621
ygfKp,0.18181818181818182,11,10,CTGGTAAGATGCCAGTTCGA,1,4842002
ygfKp,4.7272727272727275,61,10,CTATTTTACCCAGTAGGAGG,51,4823864
ygfKp,0.18181818181818182,11,10,CGTGATCGACTGCAAGGAAA,1,4857467
ygfKp,0.18181818181818182,11,10,CGGTTGAGATCTTGTTCCAG,1,4828231
ygfKp,0.18181818181818182,11,10,CGGGGGTCTTACATGTCGTC,1,4823072
ygfKp,13.272727272727273,155,10,CGAGAAATCAAGCATAGTAA,145,4855605
ygfKp,5.363636363636363,68,10,CCTAGGGCACGTCTTGTCGC,58,4861134
ygfKp,0.18181818181818182,11,10,CCCGTCCGTCCAGGGAAGGC,1,4831010
ygfKp,0.18181818181818182,11,10,CCATAGGCGTGACGTCATGT,1,4849009
ygfKp,0.18181818181818182,11,10,CAGAAAATAGACTCACAGGT,1,4821225
ygfKp,5.090909090909091,65,10,CAATCTACAAAGCCGGCCAA,55,4845641
ygfKp,7.818181818181818,95,10,ATACCTCTTTCAGTGACGCT,85,4833081
ygfKp,7.363636363636363,90,10,ATACCTAAACCAATAGTATT,80,4832438
ygfKp,6.7272727272727275,83,10,ATAAGACGCATTCACTCGCT,73,4856992
ygfKp,5.2727272727272725,67,10,AGTTTCTGCAAGTCAATCAG,57,4847819
ygfKp,4.0,53,10,AGGACGCCCCCCACTGGCTA,43,4858203
ygfKp,0.18181818181818182,11,10,AGCCCTTTCTGGGGGAGGTT,1,4818097
ygfKp,7.454545454545454,91,10,AGATAGGTCTCTTAGATTGA,81,4826286
ygfKp,4.909090909090909,63,10,ACGCGTTGCGCTCGCACTTG,53,4834916
ygfKp,0.18181818181818182,11,10,AACGTTGCTTATATCCAATA,1,4860675
ygfKp,5.454545454545454,69,10,AACAGCAAAACTTCACGTCT,59,4847862
ygfKp,0.18181818181818182,11,10,AACACGTTCCGTCAGAACTA,1,4853535
ygfKp,5.1,59,9,TTGTTGAACGTACGAAGCAG,50,4831029
ygfKp,5.8,66,9,TTGCCATACGCCATCGAACA,57,4837247
ygfKp,4.1,49,9,TTAGTTGGCTTCCACTTGAG,40,4836102
ygfKp,5.6,64,9,TGCCCTCCATACGAGCAGTT,55,4841061
ygfKp,6.6,74,9,TCGGACGACTCATGGTTCAT,65,4835971
ygfKp,6.7,75,9,TCCAGAGCTGTCAGCAGGAA,66,4833567
ygfKp,6.9,77,9,TCAATTGGTGAGTTAGCTTT,68,4820645
ygfKp,8.1,89,9,TATTTCGATGTATACAGCCA,80,4832884
ygfKp,6.3,71,9,TACGCCCGCGATGGGGATAG,62,4857472
ygfKp,5.1,59,9,TACCACCGCACCCTATGAAG,50,4834854
ygfKp,0.2,10,9,TACCAATTTGTACGTAATTA,1,4854720
ygfKp,0.2,10,9,GTGCTCCCCACCGAGATCGC,1,4856187
ygfKp,5.4,62,9,GGTGCCTAATACAAATATGA,53,4840324
ygfKp,6.6,74,9,GGGGCGATGGCGTTAACAGG,65,4826150
ygfKp,4.6,54,9,GCCGATCACGTGCCTGAACA,45,4856325
ygfKp,0.2,10,9,GCATTCGTCGTAGCGGAATT,1,4820190
ygfKp,0.2,10,9,CTTGGGACGGATCGCAACCA,1,4840740
ygfKp,5.1,59,9,CTTCCGACCACGTCACTCGG,50,4824645
ygfKp,0.2,10,9,CTCTCTTCGTTCCCGATACA,1,4837954
ygfKp,10.7,115,9,CTCGGATCTTGTAGGTCTGA,106,4841289
ygfKp,4.4,52,9,CTATCGAGAGCTGCACCCGA,43,4841835
ygfKp,4.6,54,9,CGGATCCAAGATCGCTTGTA,45,4823090
ygfKp,5.3,61,9,CCGCCGACGATAGACCTAGA,52,4856807
ygfKp,6.1,69,9,CCCAAAAGAGTATGGCGGGA,60,4831143
ygfKp,13.7,145,9,CATTACTTCACGTGATTAGG,136,4854061
ygfKp,5.3,61,9,CATCCATGGACTAGACGTTA,52,4827212
ygfKp,0.2,10,9,CAAGACCAGGAAATTAGGCT,1,4862399
ygfKp,5.1,59,9,ATTGGCAGCGGAAAGCGCTT,50,4837714
ygfKp,6.2,70,9,ATATAGCTCTTTAGTTTGAC,61,4847609
ygfKp,3.7,45,9,AGAGTTGGAACTGGAATCCA,36,4857976
ygfKp,1.8,26,9,AGACGTACTGTCTATTCCCT,17,4840718
ygfKp,5.1,59,9,AATGGGCATCTCTGTGCACA,50,4845646
ygfKp,0.2222222222222222,9,8,TTCGAGTATCTTAGCTCATG,1,4842802
ygfKp,6.555555555555555,66,8,TGGATGCAATGAGCTAAGAC,58,4846495
ygfKp,5.444444444444445,56,8,TCGCTATCGTGAAAATTTGT,48,4818575
ygfKp,6.333333333333333,64,8,TATACGTCACCGTTGGATAT,56,4848068
ygfKp,10.0,97,8,TAGCTAGCCATTCATTATGA,89,4851767
ygfKp,0.2222222222222222,9,8,GTTTCAGGGATGCCGTGTCA,1,4836196
ygfKp,5.666666666666667,58,8,GTGCGACCGCGCTGGTTGAA,50,4823727
ygfKp,0.2222222222222222,9,8,GTGCATTGCCTTCTGCATGT,1,4856681
ygfKp,0.2222222222222222,9,8,GTACCAGCTCTTCTATGTAT,1,4844834
ygfKp,6.444444444444445,65,8,GGCCTCAGAAACTGGCCCCT,57,4859034
ygfKp,7.444444444444445,74,8,GCATGCAACAATGACGTAGT,66,4858371
ygfKp,0.2222222222222222,9,8,GATATCCATCCATACTGCTT,1,4862293
ygfKp,0.2222222222222222,9,8,CGTAGCCGGCTCTGTGGCAT,1,4834659
ygfKp,0.2222222222222222,9,8,ATTCCTATCTGAATGTCCCC,1,4819705
ygfKp,13.777777777777779,131,8,ATGTGGAATCGCCATCGCAA,123,4859663
ygfKp,0.2222222222222222,9,8,ATGCTTAGCAGGATTTAAGA,1,4852274
ygfKp,6.0,61,8,ATGATCTGACTTGTGCAAGG,53,4855306
ygfKp,13.555555555555555,129,8,ATATGTACGGGGAATGGATA,121,4833733
ygfKp,14.777777777777779,140,8,ATATATCCGCTGCATAACAT,132,4824280
ygfKp,6.222222222222222,63,8,AGTTGTGTCCGATGCTGACG,55,4824782
ygfKp,15.444444444444445,146,8,AGTGCTTATTATAAGACTAG,138,4820151
ygfKp,5.222222222222222,54,8,AGGTATCCGAGGGCGGGATG,46,4834662
ygfKp,6.888888888888889,69,8,AGCACTCACAAGGCCGATGG,61,4822814
ygfKp,7.555555555555555,75,8,ACGGGCCAACGCTGTGCCAA,67,4846555
ygfKp,9.666666666666666,94,8,ACGGCATAGATAAGAAACTC,86,4834426
ygfKp,6.111111111111111,62,8,ACGACACCGGCTAAGTAAGG,54,4862535
ygfKp,8.777777777777779,86,8,ACATCGGGAAGTTGTTAACT,78,4857209
ygfKp,4.222222222222222,45,8,AAGGGTCTGGTGTTCTCTAC,37,4841420
ygfKp,5.333333333333333,55,8,AACTGCCCAACATCAAATGA,47,4818864
ygfKp,0.25,8,7,TTTTGTTAGTATTACATCTG,1,4833029
ygfKp,5.625,51,7,TGTGAGGTTAGACAGGCAAG,44,4858109
ygfKp,9.25,80,7,TCCTTACATCGGGCATAGGC,73,4824627
ygfKp,8.0,70,7,TAAAGAGGTCGCAACCAGAG,63,4841844
ygfKp,9.625,83,7,GTCCCACAATGGCGCAGTTT,76,4841060
ygfKp,0.25,8,7,GTAAAGCAATGGACGGTACG,1,4839003
ygfKp,24.5,202,7,GGTTAAACAATTCCATGACA,195,4835364
ygfKp,0.375,9,7,GCTACCTTAGCCAACGTACT,2,4850260
ygfKp,0.25,8,7,GCAAGGTACGAAACGTTAAC,1,4818180
ygfKp,7.125,63,7,GCAACAGACACGAACCTGAC,56,4835155
ygfKp,0.25,8,7,GACGCTTGTGGATTCTCCAT,1,4837913
ygfKp,7.875,69,7,GAAAGAATGTCTCCAGATTC,62,4826294
ygfKp,0.25,8,7,CTGGATGGTACATGGGCAAC,1,4831577
ygfKp,0.25,8,7,CTCTGGCGAGGAATAGGGAA,1,4834456
ygfKp,6.25,56,7,CTCGATGGTACTAGGAACTC,49,4860880
ygfKp,7.25,64,7,CTCACACCGGCGTTTAGTCA,57,4862286
ygfKp,7.0,62,7,CTATTCAAGAGCTACGCGTA,55,4850218
ygfKp,6.125,55,7,CTAAGTGCGCAATAGGGTTC,48,4859559
ygfKp,9.625,83,7,CGTTGTATGCCTAATCACTA,76,4835129
ygfKp,0.25,8,7,CGGAACGGTAGTAGGTATAT,1,4854152
ygfKp,9.25,80,7,CGAGAAGTACTGGGGATCCA,73,4841847
ygfKp,4.625,43,7,CCTGTTTGTAAAACCTGGGA,36,4827254
ygfKp,3.375,33,7,CCGATAACTAGACCCACTAC,26,4821732
ygfKp,0.25,8,7,CCCGATTGTGGGTAATAACT,1,4858713
ygfKp,0.25,8,7,CCACGGGATTCACGTGTTGT,1,4838598
ygfKp,0.25,8,7,CATACGGTTTGTTCAATACG,1,4850740
ygfKp,0.5,10,7,CAGGTTCCAGATCCTCGCAT,3,4827383
ygfKp,0.25,8,7,CAAGCGTACGAGACACCAGG,1,4862019
ygfKp,9.0,78,7,ATTTGCACCTGTGGAGGCGC,71,4837505
ygfKp,0.25,8,7,ATTTATCTACGTTGGTCTCC,1,4820412
ygfKp,0.375,9,7,ATCCGCTATGTTCTCCATGC,2,4825564
ygfKp,0.25,8,7,AGCACGGATTGAACTCGTTA,1,4836831
ygfKp,8.5,74,7,ACTCTGTCCTCGTACCGATG,67,4852258
ygfKp,0.25,8,7,ACGGCGTTCAGTTGCTCTAC,1,4856065
ygfKp,0.25,8,7,ACACAGATTTCCGACAAATC,1,4833616
ygfKp,0.25,8,7,AAGACAGTGTGTCTTTCGAT,1,4828520
ygfKp,7.75,68,7,AACCTAAGAGTCAGCCGGCA,61,4834775
ygfKp,0.25,8,7,AACAGAGCCCGCTTAGATTA,1,4827572
ygfKp,0.25,8,7,AAATACCTTACAAGACGAGT,1,4846675
ygfKp,0.2857142857142857,7,6,TTTGCTTGCCCGCATTGAGC,1,4862108
ygfKp,3.4285714285714284,29,6,TTGGTACGTGATCTTAATGC,23,4819832
ygfKp,0.2857142857142857,7,6,TTCGAACGCATGGAGTAATT,1,4855691
ygfKp,11.142857142857142,83,6,TTATCCCAGGAACACAAAGA,77,4836635
ygfKp,0.42857142857142855,8,6,TGGGGATTCCAGTGGTAATT,2,4834962
ygfKp,0.2857142857142857,7,6,TGGCGAAAACCGGCAACTCA,1,4828315
ygfKp,9.714285714285714,73,6,TGCTTCATCCTCTTGGCACA,67,4841663
ygfKp,5.571428571428571,44,6,TGACGTGCCACAGGAGCATA,38,4821436
ygfKp,0.2857142857142857,7,6,TGAATATACGGCAAGACATC,1,4861131
ygfKp,8.142857142857142,62,6,TCTTCTTTCGAGTGGTACAC,56,4859874
ygfKp,9.285714285714286,70,6,TCTCTGTGTATTGAGCATGC,64,4817529
ygfKp,22.571428571428573,163,6,TCGCACTTCATCAGCTTCCA,157,4857500
ygfKp,7.857142857142857,60,6,TCGAGCTTAGCATGGCGTTA,54,4822582
ygfKp,10.571428571428571,79,6,TAGAAGCTGAACACACGGCA,73,4834651
ygfKp,16.285714285714285,119,6,TAATGGAAGTGTTTGTGCGT,113,4853254
ygfKp,8.857142857142858,67,6,TAACTGTCTAACCTGCCAAA,61,4863584
ygfKp,10.142857142857142,76,6,TAACCTCCCTTTGCCTGGAC,70,4855359
ygfKp,0.2857142857142857,7,6,GTTGAATCCTCCTGTGTGGA,1,4831012
ygfKp,9.571428571428571,72,6,GTTCATTCAAGGGCGTGTTC,66,4838902
ygfKp,9.571428571428571,72,6,GTAATTGGAGGCCGGTAGGT,66,4839444
ygfKp,8.857142857142858,67,6,GCTCGGATCCAACAACGTAT,61,4822250
ygfKp,9.0,68,6,CTGAGTCAAAGGGTTGGTCG,62,4819993
ygfKp,0.2857142857142857,7,6,CTATAGCAGTCCGGCTCCTA,1,4852555
ygfKp,0.2857142857142857,7,6,CTACGCTCATCTGCATCTGT,1,4846081
ygfKp,8.142857142857142,62,6,CGATTGGGCGACCGAGAGGG,56,4830092
ygfKp,9.142857142857142,69,6,CAGTGAAATGGGGTTGGATT,63,4841335
ygfKp,8.714285714285714,66,6,CAGGTATCTTCAAATGTTTG,60,4855143
ygfKp,7.714285714285714,59,6,CACATGGTACCCAGCCCACG,53,4825982
ygfKp,0.2857142857142857,7,6,ATTGAAGTACACACTCTAGA,1,4826985
ygfKp,10.857142857142858,81,6,ATGTTTCTTGGCAAGTACTC,75,4847071
ygfKp,0.2857142857142857,7,6,ATAGTCCACGTCCCACCTAA,1,4823113
ygfKp,7.142857142857143,55,6,AGTTATTTCTCAAACGTGTA,49,4817333
ygfKp,7.428571428571429,57,6,AGTGCGTAATACTAATTTCT,51,4847795
ygfKp,0.2857142857142857,7,6,AGAGGTGCGAGTTAAGGGAA,1,4818840
ygfKp,8.571428571428571,65,6,ACCTAGCACGTCCAATCACG,59,4820944
ygfKp,9.571428571428571,72,6,ACAAGTGAGATTTCATTAAG,66,4853432
ygfKp,7.142857142857143,55,6,AATGAATGGTGACACCCCTA,49,4849347
ygfKp,3.0,26,6,AATCGACCTCTAGTCCTGTG,20,4859652
ygfKp,7.142857142857143,55,6,AAACTCGTCTGAGTTGTCCG,49,4856728
ygfKp,0.3333333333333333,6,5,TTGGTTATTAAATTATACTG,1,4820396
ygfKp,10.5,67,5,TTGGGGGATAGGCTACAGAT,62,4838694
ygfKp,18.0,112,5,TTGACCGTAATGATTTGGTG,107,4824297
ygfKp,8.666666666666666,56,5,TTCCGGTATCCGGAAGCCAG,51,4818098
ygfKp,0.3333333333333333,6,5,TGTCACTGTCTATACTCGCA,1,4853680
ygfKp,9.666666666666666,62,5,TGGAGCATTATGTTCTTGGT,57,4848047
ygfKp,13.166666666666666,83,5,TGCTAAAACTATGAGGACAT,78,4862345
ygfKp,0.3333333333333333,6,5,TGCGGATTGCGTAGATAATG,1,4854714
ygfKp,0.3333333333333333,6,5,TATGGGGCATTTGTCAGGCG,1,4863460
ygfKp,4.5,31,5,TACGTCGAGCCAACGCGATG,26,4850244
ygfKp,0.3333333333333333,6,5,TACGTATCACGGTATGCAGC,1,4823352
ygfKp,6.333333333333333,42,5,GTTCGAAGTGTTGGGGTCTA,37,4845171
ygfKp,8.833333333333334,57,5,GTAGACGCTGTTGAATTAGG,52,4829925
ygfKp,9.333333333333334,60,5,GGCCTTGAGAAACATGCTCC,55,4829324
ygfKp,9.333333333333334,60,5,GGAATTAGAATAACATATCT,55,4847822
ygfKp,8.5,55,5,GCTCATACTACGCGTGATGG,50,4830657
ygfKp,8.5,55,5,GATCCACGCGTGGGCCGATA,50,4851513
ygfKp,6.5,43,5,GATCAACATGGTGTAGAAAA,38,4834807
ygfKp,0.3333333333333333,6,5,GACCTGAGAGTGTCATATTC,1,4833293
ygfKp,0.3333333333333333,6,5,GAACCGTTTCCGACCTAGCC,1,4850023
ygfKp,0.3333333333333333,6,5,CTTTCAGGTTGTCGTTATAT,1,4840494
ygfKp,0.3333333333333333,6,5,CTTACTATCTTATAGGACGA,1,4862055
ygfKp,0.3333333333333333,6,5,CTCTGAACAGCGAAAAGGTC,1,4826840
ygfKp,4.166666666666667,29,5,CTCCTTGTTACGGGTCACCC,24,4845974
ygfKp,6.0,40,5,CTAAACGTTCACAAAGTGCT,35,4837721
ygfKp,17.833333333333332,111,5,CGGACAGCTTTCTGCTGGTC,106,4840435
ygfKp,11.833333333333334,75,5,CGCGCATAATTGAATATCTG,70,4855166
ygfKp,10.333333333333334,66,5,CGATTGGACGGAAGTCGCTA,61,4861320
ygfKp,10.166666666666666,65,5,CGATTCCCAATACCGTGGTA,60,4844496
ygfKp,2.0,16,5,CGATATAGTGCTTTGGTACA,11,4846697
ygfKp,11.333333333333334,72,5,CCAAATGGCATAAGCATTCC,67,4821154
ygfKp,10.0,64,5,CATCAAGGGTCTCGGAGCTC,59,4834504
ygfKp,13.0,82,5,CATAGCTTGTATTAGACGTA,77,4860785
ygfKp,8.166666666666666,53,5,ATGTATTTGCAATAGGCGTA,48,4823839
ygfKp,12.166666666666666,77,5,ATGACTAGGAGGGAATACTG,72,4839747
ygfKp,10.333333333333334,66,5,AATTTCCAGTGTTCGAATTT,61,4833839
ygfKp,9.333333333333334,60,5,AAGGGGGGTACGATGGGGTC,55,4836190
ygfKp,2.6666666666666665,20,5,AAGGCGTTGGGCAATGAAGC,15,4832677
ygfKp,7.833333333333333,51,5,AACGCGGTCATCAGGGAGCA,46,4841067
ygfKp,12.833333333333334,81,5,AACGAATCGGCGTTAAGGAA,76,4836781
ygfKp,10.6,56,4,TTTCCTGCGACGGGTCCAGT,52,4832327
ygfKp,40.0,203,4,TTTACGCCCTCACTGCTGCT,199,4824631
ygfKp,8.0,43,4,TTGCATTGTCGCACGCTCTT,39,4830625
ygfKp,12.2,64,4,TTATCAAATGGCGGTATGTT,60,4823900
ygfKp,0.4,5,4,TTACCTGATAGTGCGCGCCA,1,4845516
ygfKp,14.6,76,4,TGCCGGTTTAATGCGCACAT,72,4834262
ygfKp,4.4,25,4,TGACATAGGCTACACCGTAA,21,4849597
ygfKp,9.0,48,4,TCCTGCAATTGGTGGGTAGG,44,4833321
ygfKp,16.2,84,4,TCAGAGTTCTGTTGTTTAAG,80,4858594
ygfKp,10.2,54,4,TAGGGCTGACGAGATACTCA,50,4861907
ygfKp,15.0,78,4,TAGGACTAGATCTGAGAACT,74,4848892
ygfKp,0.4,5,4,TACTAGCATCAAATAATACA,1,4844651
ygfKp,8.6,46,4,TACCTGGCGTATAGTTGCGT,42,4862258
ygfKp,12.2,64,4,GTTCTTAGTGGCAAGGTTAC,60,4854719
ygfKp,14.4,75,4,GGAGTGGTCAAGAGTGCCTG,71,4839020
ygfKp,0.4,5,4,GCTCGTTATTCAGCGATGGC,1,4841222
ygfKp,16.4,85,4,GCGGCGTAGTAGCATCCAGT,81,4835385
ygfKp,0.4,5,4,GAGCGGTAACCGGCATTAGG,1,4820265
ygfKp,12.4,65,4,GACACTGTTGAAGGTGGGAG,61,4836347
ygfKp,17.0,88,4,CTCTCGCCTCTGCGGTGCTC,84,4840848
ygfKp,11.4,60,4,CGCGGCAAGGCTACATGCCA,56,4821219
ygfKp,10.0,53,4,CGCGAGTCTTCTCGCTATAA,49,4838273
ygfKp,12.0,63,4,CGAGTCTCCGACGCGGGGGC,59,4844825
ygfKp,14.8,77,4,CGACATGTTTCCAGGCCGTC,73,4857798
ygfKp,0.4,5,4,CGAATCTCTGGATGAAGGTA,1,4849598
ygfKp,12.6,66,4,CCGTGCGTGTCTACCCCTAT,62,4861527
ygfKp,0.4,5,4,CCAGGTGGAGCCTTGGTTCT,1,4840145
ygfKp,11.2,59,4,CAGTGGCACAGGCTTGGCCT,55,4840459
ygfKp,0.4,5,4,CAGACATGTTCTCTCAGTTT,1,4840682
ygfKp,8.0,43,4,CACGGTTTAAGATCTAGCAA,39,4821560
ygfKp,0.4,5,4,ATGGTCTTTGCGAAAATTTT,1,4825809
ygfKp,0.4,5,4,AGGGTACCTATCCGGGTTTT,1,4844955
ygfKp,0.4,5,4,AGGAGCATACTCGCTGAATC,1,4844128
ygfKp,0.4,5,4,AGATACTCACTTGAATAGTC,1,4839855
ygfKp,0.4,5,4,AGAAACTGAGGAGGTCCAGA,1,4845589
ygfKp,13.8,72,4,ACTATCAGTCATTATAGTTA,68,4834269
ygfKp,13.6,71,4,ACATCTAACAGATATTCGAA,67,4854393
ygfKp,18.0,93,4,ACACAATGCCCGTGTAAAAA,89,4839305
ygfKp,7.2,39,4,AATTGTGTATTCCTGAATTG,35,4842633
ygfKp,0.4,5,4,AATGTGCCGGCTGTCGGAAT,1,4853470
ygfKp,0.4,5,4,AATCTACCTTGGGCGTACAT,1,4863563
ygfKp,0.4,5,4,AAGGGAGGCGTTCAGATCTA,1,4837392
ygfKp,20.2,104,4,AACAGTGTAATTAAGTTGAA,100,4826429
ygfKp,0.6,6,4,AAAGATGAGCAGGCGCATTA,2,4826076
ygfKp,10.0,42,3,TTGAAGGGCCACGCGACCTG,39,4850945
ygfKp,13.5,56,3,TTCTGCGTGAATACCAGCCT,53,4839688
ygfKp,18.75,77,3,TTAGCAAAGATCAGGGGTAA,74,4827195
ygfKp,27.75,113,3,TGTTGTCCTAGGTCCGTGAT,110,4818801
ygfKp,17.5,72,3,TGGCTAACGGACAACGGCCC,69,4854826
ygfKp,12.0,50,3,TGCAGTCCATCCGTATTCAC,47,4836115
ygfKp,17.5,72,3,TCAGGTAAAAGCCGTGGTAA,69,4848494
ygfKp,13.0,54,3,TAGATCACGCACTTAATGTA,51,4848115
ygfKp,15.0,62,3,TACCGTACCGCTCGGACGCC,59,4853453
ygfKp,10.75,45,3,GTTGTTGCGTCCCTTTCATG,42,4851692
ygfKp,0.5,4,3,GTCTGTTAAGAGACGACATT,1,4846557
ygfKp,13.0,54,3,GTCGTGCGACTAGGAATTAT,51,4820336
ygfKp,14.5,60,3,GGTTGCGCGTGTATTTTGCA,57,4842008
ygfKp,0.75,5,3,GGTACGGTACATCTTGAAAG,2,4835887
ygfKp,15.5,64,3,GGGGTCGTTCGCGGCGAGAG,61,4833297
ygfKp,10.0,42,3,GGCGGCGCCCGGAGGGTCCG,39,4842468
ygfKp,0.5,4,3,GCTGTGCAATCTACCAAGTA,1,4849691
ygfKp,0.5,4,3,GCAGTCTCACGTCCATTCAG,1,4854560
ygfKp,1.25,7,3,GATCGATAAAATAGCGAGGG,4,4857166
ygfKp,22.75,93,3,GACTAACTAATTCGGTCTAT,90,4833683
ygfKp,18.0,74,3,GAATAAAAGGCACTTCAGTT,71,4846539
ygfKp,0.5,4,3,GAAGCGTTGACATGAGCTCC,1,4860081
ygfKp,17.25,71,3,CTTAACTGGAGCAATACGAG,68,4840102
ygfKp,14.5,60,3,CTGCGCCCGTTTTCGATCGA,57,4827448
ygfKp,13.75,57,3,CTAGTCTCCCCTGGAACGAA,54,4843133
ygfKp,6.5,28,3,CGTGCCCGTCAGATGAACAA,25,4836013
ygfKp,15.0,62,3,CGTAAATTCTGTCGATGCAG,59,4853354
ygfKp,7.25,31,3,CGGGTCTCCTACCTCGGGCG,28,4835100
ygfKp,0.5,4,3,CGATTCGGAATCTGGTAGAT,1,4856640
ygfKp,9.25,39,3,CGACATTTCGATAGACATAT,36,4835732
ygfKp,0.5,4,3,CATTAAAAGGCTAGGTAAAC,1,4848780
ygfKp,25.25,103,3,CAGATTCGGAGCCTTTAACA,100,4833903
ygfKp,14.75,61,3,CAGAAAATCCGTCCAGGCTT,58,4823235
ygfKp,0.5,4,3,CACACCTTAGGGAACAACGA,1,4852255
ygfKp,8.5,36,3,ATTTAAGGTCCCCGATATGT,33,4858225
ygfKp,0.75,5,3,ATTCAGAGTACGGGTCATAT,2,4821985
ygfKp,9.25,39,3,ATCGTCAGTCCTGACAGGCC,36,4852654
ygfKp,10.5,44,3,ATAAGGCCTGCGAAGTATGG,41,4855142
ygfKp,16.25,67,3,AGCTTACCCCCTTGAATATA,64,4850520
ygfKp,0.5,4,3,ACAGGGCCACTGGACTGTAT,1,4863436
ygfKp,14.25,59,3,ACAGACCCCGGCAGGAAATA,56,4841045
ygfKp,19.5,80,3,ACAAGAATCTATTTGGACTA,77,4843126
ygfKp,13.5,56,3,AAGACGTGTTTTTAAATATG,53,4817933
ygfKp,0.5,4,3,AACTGGAGGCCACTGGTAGG,1,4856197
ygfKp,10.25,43,3,AACCTTAGAATGCATATTCT,40,4825969
ygfKp,16.75,69,3,AAATAAACCTAGGACCGCTG,66,4822056
ygfKp,0.5,4,3,AAAAAAATGTAACGTCGCCT,1,4820833
ygfKp,20.0,61,2,TTTATCCAAACGTATGGTTA,59,4846556
ygfKp,19.666666666666668,60,2,TTCGCGTGTTTGGACAGGAC,58,4820413
ygfKp,17.333333333333332,53,2,TTCAAAGGATGTATGCGGTG,51,4818802
ygfKp,0.6666666666666666,3,2,TTATGTACGGCGTTTATTGA,1,4835424
ygfKp,25.0,76,2,TTAGCCTCGTAGTTAGACTG,74,4825783
ygfKp,1.0,4,2,TTAAAAAATCATTGAGCATT,2,4844765
ygfKp,0.6666666666666666,3,2,TGTCTCCACTGACTTATTTC,1,4820485
ygfKp,0.6666666666666666,3,2,TGGGCGTTTTTGGGAGTCAA,1,4861801
ygfKp,31.333333333333332,95,2,TGATCCGTGGGCTCCGAAAC,93,4829915
ygfKp,17.333333333333332,53,2,TGAGCGCCCGAACCTGTTAC,51,4852521
ygfKp,24.333333333333332,74,2,TGACAAATAGCGGACGAGAC,72,4832265
ygfKp,0.6666666666666666,3,2,TCGCTCCCCCCACATTATGA,1,4845168
ygfKp,24.0,73,2,TATAATAAACCTCGTACACA,71,4836065
ygfKp,30.333333333333332,92,2,TACGACCGTAGAATCATTGA,90,4823357
ygfKp,17.0,52,2,GTTACGGAGACGGCCAGGCT,50,4819544
ygfKp,31.333333333333332,95,2,GGTCATATCCCCATTTAAGC,93,4856368
ygfKp,0.6666666666666666,3,2,GGCGGCGAGGCGATAAACTA,1,4828871
ygfKp,13.666666666666666,42,2,GGCGCGGAGGTACCCATAAT,40,4834287
ygfKp,22.0,67,2,GGATTTGCCAGAATTCGGAA,65,4852354
ygfKp,20.0,61,2,GGAAGCATCGAAGATCAGGC,59,4849482
ygfKp,23.0,70,2,GCCCCGAACCTTACATCAGA,68,4826285
ygfKp,0.6666666666666666,3,2,GAGCGTAATGATACTTTGAC,1,4840594
ygfKp,21.333333333333332,65,2,GAGACTGGTGAGTGGTAAAT,63,4833648
ygfKp,9.333333333333334,29,2,CTTGCAAATTCGGCCGATCT,27,4821290
ygfKp,20.0,61,2,CGCATCGTGCCCAGAGAGAA,59,4829521
ygfKp,16.333333333333332,50,2,CCTTTCTGGAGCACGAAGGC,48,4857406
ygfKp,23.333333333333332,71,2,CCTGTTAGATTTGCAGCCCC,69,4845524
ygfKp,16.0,49,2,CCGTTCTACCGAGACAATCT,47,4825891
ygfKp,0.6666666666666666,3,2,CCAAACGGCTCGCGAGGAAG,1,4853144
ygfKp,33.0,100,2,CATCCCGGTTGGGCAGAGCG,98,4857543
ygfKp,0.6666666666666666,3,2,CAGATGTTATAATAAATGGT,1,4823823
ygfKp,14.0,43,2,ATTTCGATCACATTTCTTGT,41,4820082
ygfKp,20.666666666666668,63,2,ATGCGTGTGACAAGTCCTCC,61,4844958
ygfKp,0.6666666666666666,3,2,ATGACACATGGTATAGCATA,1,4853616
ygfKp,0.6666666666666666,3,2,AGTGCTAAATAATCGAGGAC,1,4828233
ygfKp,0.6666666666666666,3,2,AGGTGATGGTGAGCCCTCAC,1,4861584
ygfKp,26.333333333333332,80,2,AGCCTAGACGGTTGGCTGAG,78,4849576
ygfKp,14.0,43,2,ACTGAAACACCTCGAGAGGA,41,4844247
ygfKp,17.0,52,2,AATCGCAGCTCATTAGTGCC,50,4851010
ygfKp,34.666666666666664,105,2,AATCAAAATTCCTTTATCTG,103,4857443
ygfKp,30.5,61,1,TTGCACTCTGTCTCCAGGCA,60,4833637
ygfKp,27.0,54,1,TTGAGTGGAATTCGACGTGT,53,4825764
ygfKp,35.0,70,1,TTCAGGCAGTAATTAACAGT,69,4860377
ygfKp,20.5,41,1,TGGTGCTATTCGTCAGAGAC,40,4820940
ygfKp,1.0,2,1,TGGTGCAAGTACGCAAAGAC,1,4849175
ygfKp,32.0,64,1,TGAAATTTCCGGGCCTATCT,63,4859655
ygfKp,1.0,2,1,TCGCGACACGCCACAAAGAC,1,4853726
ygfKp,33.0,66,1,TCCCTTGTGGTTATGGGCAA,65,4845680
ygfKp,33.0,66,1,TCAGTGAAATTCCTCGTCAT,65,4846649
ygfKp,1.0,2,1,TATCGAGAGAAGGTTGTACT,1,4828148
ygfKp,1.0,2,1,TAGCGTCTCGCGAATTCCAG,1,4827609
ygfKp,28.5,57,1,TAAGGGGACAGAACGACTCA,56,4849799
ygfKp,22.0,44,1,GTTAGGCACTTACCGGGTTC,43,4836959
ygfKp,1.5,3,1,GTGGGAGCTAGGCCAATGAT,2,4821705
ygfKp,104.0,208,1,GTCTCAACTGGGATGGCGGA,207,4823493
ygfKp,17.0,34,1,GGTATGCTGAGACCTGGGCC,33,4834979
ygfKp,58.0,116,1,GGGTTGTAAACGCAGCTGTT,115,4822605
ygfKp,1.0,2,1,GGACAGAAGACCAGACCATA,1,4861235
ygfKp,12.0,24,1,GCATGGGGCGTCTGGTCGCG,23,4844941
ygfKp,33.0,66,1,GATATTAGAGTAAATGCCCA,65,4855208
ygfKp,61.0,122,1,GATATGTTTCATCGCGATCT,121,4852095
ygfKp,21.0,42,1,GACGACTGCTTCGTATGTCT,41,4855849
ygfKp,51.0,102,1,CTTCTGCAGCATTGGGAGGA,101,4819624
ygfKp,22.0,44,1,CTTCCTCGATTAGGTCGGGT,43,4837878
ygfKp,1.0,2,1,CTCTAGTGAGCTCTCAAGGT,1,4852808
ygfKp,27.5,55,1,CGGACTCAATTAGATCATGT,54,4823713
ygfKp,1.0,2,1,CCGGAATAGCATTCAACCCG,1,4855925
ygfKp,33.0,66,1,CCGAGAACAGTCCATTAGAA,65,4852271
ygfKp,67.0,134,1,CCCGTTCCTCGATGTCCATG,133,4835932
ygfKp,1.0,2,1,CCCCCAAAACGCGTAAAGAA,1,4824644
ygfKp,2.0,4,1,CAATAATCAGTTCGTGGAAC,3,4841934
ygfKp,1.0,2,1,ATTCGCTGTTTCAAAGGCTT,1,4846285
ygfKp,17.5,35,1,ATTACGGTGCTTCCAACCGT,34,4825175
ygfKp,35.0,70,1,AGTGCAATTCTGGATTTTTG,69,4858117
ygfKp,45.5,91,1,AGATGTAAGTGTTATCTCCA,90,4843226
ygfKp,1.0,2,1,AGATCACCAATTATTTGATG,1,4854944
ygfKp,26.5,53,1,ACGGTGACGGTCCGTAAGGG,52,4832363
ygfKp,27.0,54,1,ACCCAGGTCAGTCAACCAGT,53,4844349
ygfKp,22.5,45,1,ACATTGAGCCATGTAGAGTG,44,4857354
ygfKp,35.0,70,1,AACGAAGAACTAGCCTACTC,69,4846031
ygfKp,0.010869565217391304,91,91,CTGACTGGTCCGGGCTGCTT,0,4836180
ygfKp,0.012987012987012988,76,76,GTAAAATCCTGAAGTGACGG,0,4842066
ygfKp,0.014492753623188406,68,68,TTGCACATATCGTCGTTTGG,0,4851944
ygfKp,0.014705882352941176,67,67,CTGTTCGAGTCACTCGCCGT,0,4819055
ygfKp,0.014925373134328358,66,66,CGCCGGAACATATAGACCGA,0,4839135
ygfKp,0.015384615384615385,64,64,GGACACTCTCCAGGGCATGC,0,4821940
ygfKp,0.015384615384615385,64,64,AGGCCCCACACCGGCATCCA,0,4843116
ygfKp,0.015625,63,63,CCGTCTCCAATCCGACTCTA,0,4842835
ygfKp,0.015873015873015872,62,62,TACCAATCCACCCCTCGGAG,0,4829141
ygfKp,0.015873015873015872,62,62,ACATGGATTATGTAAAATGA,0,4827672
ygfKp,0.01694915254237288,58,58,TCTCAGTGGCCGATCCGATA,0,4856095
ygfKp,0.01694915254237288,58,58,AACTGGGGCTCGCGACATTA,0,4827600
ygfKp,0.018867924528301886,52,52,GATACGAATGAGTTCGGATG,0,4818412
ygfKp,0.019230769230769232,51,51,GCGTTAGCAGGCAACGTCCA,0,4844802
ygfKp,0.019230769230769232,51,51,CCTAAAATACTGATATAGCT,0,4840985
ygfKp,0.0196078431372549,50,50,GCAGTATCCTAGCTGGCTTA,0,4839848
ygfKp,0.0196078431372549,50,50,AGGTATGCATAGATCCAAAG,0,4831669
ygfKp,0.02,49,49,GATCACTGGAGTTCTTCTCG,0,4839723
ygfKp,0.02,49,49,CGCCCACGGAACAGCCTGAA,0,4824580
ygfKp,0.02040816326530612,48,48,TGGTACCTCCAGGAACCGGC,0,4851508
ygfKp,0.02040816326530612,48,48,GGTGGTCTGACTACAAGATG,0,4818077
ygfKp,0.02040816326530612,48,48,GCGTGGTTAACAAGGCCAGA,0,4832146
ygfKp,0.02040816326530612,48,48,CAACTTGTGCGGTCGGCAGC,0,4821226
ygfKp,0.020833333333333332,47,47,AAGTGGATGGGACCGGCCGA,0,4846432
ygfKp,0.02127659574468085,46,46,GGACCCCGCTTGCGGCCTGT,0,4820481
ygfKp,0.02127659574468085,46,46,AGGGAGGGCCTTAAAAGTCG,0,4830787
ygfKp,0.02127659574468085,46,46,ACATCTTCATGACCACTGGG,0,4852317
ygfKp,0.021739130434782608,45,45,TGTCTATAGCCTTCCTCTCA,0,4837276
ygfKp,0.021739130434782608,45,45,TGGAAATGTACGGAAAAAGA,0,4820885
ygfKp,0.021739130434782608,45,45,GCATGGACGACGTTTGGAAT,0,4855515
ygfKp,0.021739130434782608,45,45,GAGTGCAGTTAATTTCCGGT,0,4821701
ygfKp,0.021739130434782608,45,45,CTGGCGTCGGACTGGGTCAT,0,4851764
ygfKp,0.022222222222222223,44,44,GCCCCCAATTACGGCCGGAT,0,4861665
ygfKp,0.022222222222222223,44,44,GAATAATTCACCCGGGGCCT,0,4836064
ygfKp,0.022222222222222223,44,44,CTGAAGTGGTAGTGGTGTAT,0,4851830
ygfKp,0.022727272727272728,43,43,TGTACGCGACGTGAGCTTCC,0,4825172
ygfKp,0.022727272727272728,43,43,GGCCTACCCCATCGTTCTCT,0,4818569
ygfKp,0.022727272727272728,43,43,GAGGTCCGTGTCCACAGGGA,0,4844263
ygfKp,0.022727272727272728,43,43,ATCAGAGGCTTCGTATAATA,0,4835789
ygfKp,0.022727272727272728,43,43,AGCGTGGTGTAGCGGTCTTC,0,4841706
ygfKp,0.022727272727272728,43,43,AGATTTAAAGTCTGAGTCGT,0,4822389
ygfKp,0.023255813953488372,42,42,TCGAAGCCTCAGCTTTATTC,0,4843454
ygfKp,0.023255813953488372,42,42,TCCGGTGCTCTTCGGATCAT,0,4831620
ygfKp,0.023255813953488372,42,42,TATTTTCGCCGCACCTGCAG,0,4824726
ygfKp,0.023255813953488372,42,42,GGGCGGTTACCGTCACCCAT,0,4831886
ygfKp,0.023255813953488372,42,42,CGGATTAAGCCTCAAGCTAG,0,4852650
ygfKp,0.023255813953488372,42,42,AGACGGGGACAGCCCAGCGA,0,4819581
ygfKp,0.023809523809523808,41,41,GTTATGGGCAATTGGACGGT,0,4834530
ygfKp,0.023809523809523808,41,41,GGGGATCGGGCAGACATTAA,0,4846537
ygfKp,0.023809523809523808,41,41,CTTCATATTGCTGCGCTTTT,0,4843183
ygfKp,0.023809523809523808,41,41,CTCGTCTCTTCCATCGGATC,0,4829356
ygfKp,0.023809523809523808,41,41,CCTTGGGCAGGTGGCCCAGT,0,4827516
ygfKp,0.023809523809523808,41,41,AAGCCCTATAAATCTTCGGG,0,4854188
ygfKp,0.024390243902439025,40,40,TTCACGGGATAGTCCGCCAT,0,4829512
ygfKp,0.024390243902439025,40,40,TGAGTTCATAGCGCGTCTGG,0,4829990
ygfKp,0.024390243902439025,40,40,GTGCTTTTGCTTCACACTGT,0,4818087
ygfKp,0.024390243902439025,40,40,GCGTGAAGCGCGGTGCCCAA,0,4820441
ygfKp,0.024390243902439025,40,40,GCCCATCCTCGGTGACACTC,0,4846929
ygfKp,0.024390243902439025,40,40,GAGCGCAGTCCGCCCCTTAC,0,4818839
ygfKp,0.024390243902439025,40,40,CCGGGAGCACTGACGCTGAG,0,4842460
ygfKp,0.025,39,39,TCGCTTCGTAGTCGGGGACG,0,4852556
ygfKp,0.025,39,39,GGTTGAAGACTTTTGTCTAG,0,4843378
ygfKp,0.025,39,39,GCATACCGGTGAAGTCTATC,0,4819427
ygfKp,0.025,39,39,GATAAAACCGCGCTGCTATA,0,4837708
ygfKp,0.025,39,39,CTCTACTTGCGTCGTCTGTT,0,4818799
ygfKp,0.025,39,39,CTCAGCGATTTTTTATACAC,0,4836096
ygfKp,0.025,39,39,CGGTTTTTTATATCCGTTAG,0,4851082
ygfKp,0.025,39,39,CCCCAAGCGAGTACAGCTTT,0,4841655
ygfKp,0.025,39,39,AGGTTTTTTCTTTTCGGTCT,0,4837177
ygfKp,0.025,39,39,AGGTCTACTACAGGATGAAT,0,4851084
ygfKp,0.02564102564102564,38,38,TTGAAAGCACGACCAAAAGA,0,4826333
ygfKp,0.02564102564102564,38,38,TAACAGAAGTTGGTTAAGCT,0,4843172
ygfKp,0.02564102564102564,38,38,GTTTGGAGGTCGGTAAATAT,0,4818392
ygfKp,0.02564102564102564,38,38,GTGCGGTAGGTTGCTCGCTG,0,4825244
ygfKp,0.02564102564102564,38,38,GGAACACTACGTGAACGATC,0,4844267
ygfKp,0.02564102564102564,38,38,CTGTTGTTATATACTTTGTG,0,4827428
ygfKp,0.02564102564102564,38,38,CTCGCCGCCGTTCAATTGTC,0,4858779
ygfKp,0.02564102564102564,38,38,CTACGCACAATCCGACCCAT,0,4851839
ygfKp,0.02631578947368421,37,37,TGCATGTGGTTTTTGGCAGT,0,4861326
ygfKp,0.02631578947368421,37,37,TAGGACAAGTCTTCGTACCA,0,4839132
ygfKp,0.02631578947368421,37,37,GTTCAAGGCTTGCAGGGGTA,0,4859722
ygfKp,0.02631578947368421,37,37,GCTTCCGGTTTCACTGATTT,0,4854568
ygfKp,0.02631578947368421,37,37,CCAGGACAGACGTGTGCCCA,0,4818179
ygfKp,0.02631578947368421,37,37,ATACGTACACTAACGCTAAC,0,4833615
ygfKp,0.02631578947368421,37,37,AAAATTAACAATGATCCCTT,0,4851086
ygfKp,0.02702702702702703,36,36,TGGCCCAACCGGAATTTACC,0,4836780
ygfKp,0.02702702702702703,36,36,TGATACTTCACAAGATTGAG,0,4824282
ygfKp,0.02702702702702703,36,36,TAAGGACCATAAGTCTTTTT,0,4844796
ygfKp,0.02702702702702703,36,36,GAATCAGCAACCCACTGCAT,0,4830097
ygfKp,0.02702702702702703,36,36,CGGGTGTTTCATCTTTCCAT,0,4821986
ygfKp,0.02702702702702703,36,36,CAGGCAGCAACATCGAGCTG,0,4837702
ygfKp,0.02702702702702703,36,36,ATATTCTGGTACTCGTCAGG,0,4826405
ygfKp,0.02702702702702703,36,36,ACAGTCCCCCAGTGTGTGTA,0,4839931
ygfKp,0.02702702702702703,36,36,AATAGTTTCGATGTGGGATT,0,4832264
ygfKp,0.02702702702702703,36,36,AAGAAATTTAGGCGAGCTCT,0,4823057
ygfKp,0.027777777777777776,35,35,GTTTGGTACAGGTTCCCTGC,0,4827569
ygfKp,0.027777777777777776,35,35,GTATTTCCTATTCGCTTTTC,0,4820519
ygfKp,0.027777777777777776,35,35,GGATCTTGCCTTCAGCCAGA,0,4862385
ygfKp,0.02857142857142857,34,34,GTAGCCCGATAATAATAAAA,0,4818571
ygfKp,0.02857142857142857,34,34,GGAGGCCTAGACTGAGACTA,0,4835921
ygfKp,0.02857142857142857,34,34,GACATGCTAGCCGACACAAT,0,4837303
ygfKp,0.02857142857142857,34,34,CCCTCCCAAGGCTGAATGCA,0,4821682
ygfKp,0.02857142857142857,34,34,AGTCATCGGATATTCGGCTT,0,4849567
ygfKp,0.02857142857142857,34,34,ACCCATGCTGCATTAACCCC,0,4824175
ygfKp,0.029411764705882353,33,33,TTTTTTAACCACCCGATAAC,0,4837199
ygfKp,0.029411764705882353,33,33,TCCCCTCCGCAAAACTAGAT,0,4830091
ygfKp,0.029411764705882353,33,33,GTTCAGACGATGAAGGCGAA,0,4826140
ygfKp,0.029411764705882353,33,33,GGGGCCAAGCCGGCTATCAA,0,4842699
ygfKp,0.029411764705882353,33,33,GCTTGACTGGAATCAGCTTG,0,4828542
ygfKp,0.029411764705882353,33,33,GCGCGACATTGACTGGTGTC,0,4842461
ygfKp,0.029411764705882353,33,33,GACTCGGAGCGATTTAGCCG,0,4820037
ygfKp,0.029411764705882353,33,33,CTGGTTTCCTAAAAGCGTGT,0,4846027
ygfKp,0.029411764705882353,33,33,CTCCGGCATTCGAGAGTAAC,0,4825554
ygfKp,0.029411764705882353,33,33,CGAAAACGCGATTGAAAATA,0,4845371
ygfKp,0.029411764705882353,33,33,AGGCTGGGAGTGAATAAGTA,0,4862344
ygfKp,0.029411764705882353,33,33,AGACGCATTTATCTACGACA,0,4835969
ygfKp,0.029411764705882353,33,33,ACGTAACTACCCTACGGCTC,0,4824664
ygfKp,0.029411764705882353,33,33,ACAACAAGACCTGGCCCCAA,0,4836030
ygfKp,0.029411764705882353,33,33,AAAGCCCGCTTTGGTTTGTT,0,4833197
ygfKp,0.030303030303030304,32,32,TGCCCCTTTTAACGTCGTAA,0,4850951
ygfKp,0.030303030303030304,32,32,TGACCCCATGGAGTTGCGAA,0,4830518
ygfKp,0.030303030303030304,32,32,TCGATTGAGGATTTGCTTTC,0,4829321
ygfKp,0.030303030303030304,32,32,TAATTAAGTGGCGTCCGGTC,0,4846665
ygfKp,0.030303030303030304,32,32,CTGGGTATGGTACTGGTTGT,0,4832116
ygfKp,0.030303030303030304,32,32,CGTGAACATCGTCTCTTAAT,0,4843379
ygfKp,0.030303030303030304,32,32,CGGGTTTGGAGTACGGGATC,0,4819692
ygfKp,0.030303030303030304,32,32,CGCAGTCAGCTACGCGTTGT,0,4850943
ygfKp,0.030303030303030304,32,32,CCGGCACCATTCGACCCCTT,0,4837092
ygfKp,0.030303030303030304,32,32,CCAATGGTCCAGTTCAAGTT,0,4825427
ygfKp,0.030303030303030304,32,32,CAGCACTAAAGCTTATTTGG,0,4831883
ygfKp,0.030303030303030304,32,32,ATTGATTTGGCAGTAAGTCG,0,4843032
ygfKp,0.03125,31,31,TTTACGAGCAACGTACTTTT,0,4844977
ygfKp,0.03125,31,31,TTGGCTTGGTTGTAAGTTTT,0,4827602
ygfKp,0.03125,31,31,TGAAGGCTGAACTTGGATTA,0,4822858
ygfKp,0.03125,31,31,TCTGAAACGGCTGCTGTCTA,0,4828106
ygfKp,0.03125,31,31,CCTAGCTTTAGCTCACCCCA,0,4857434
ygfKp,0.03125,31,31,CCGTCTGGCTTAAAGGTAAA,0,4854404
ygfKp,0.03125,31,31,CCCACGTATGGGATTAACTG,0,4823084
ygfKp,0.03125,31,31,CAACGTATGCGGAACGACTC,0,4843392
ygfKp,0.03125,31,31,ATGCTAGATACAGGTAATTT,0,4827220
ygfKp,0.03125,31,31,AGCCCGCAAAATCCCAACAC,0,4827546
ygfKp,0.03125,31,31,ACTAATACGCCTTATGTGGT,0,4829838
ygfKp,0.03125,31,31,ACATCTTCCCACGCATCCTA,0,4857327
ygfKp,0.03225806451612903,30,30,TTAGGAGCTGCATGTTAAGA,0,4835885
ygfKp,0.03225806451612903,30,30,TTAGCTTCAGCTAATACCAT,0,4831476
ygfKp,0.03225806451612903,30,30,TCCTAATTTCCATGAAGCTA,0,4836324
ygfKp,0.03225806451612903,30,30,TCCATGCACATACGCGGACA,0,4843121
ygfKp,0.03225806451612903,30,30,TACGCAATGTCCTTGGCCAA,0,4844944
ygfKp,0.03225806451612903,30,30,TAACGGTTCATAGATTGATC,0,4849006
ygfKp,0.03225806451612903,30,30,GTTGGTTGCCCACTTCGCAA,0,4843413
ygfKp,0.03225806451612903,30,30,GTCCGTGCAAGCGTGGGAAT,0,4828367
ygfKp,0.03225806451612903,30,30,GGTTGCTGCGCTAGAACTCT,0,4822053
ygfKp,0.03225806451612903,30,30,GGTGGCCTCCGCAGTCGATA,0,4826164
ygfKp,0.03225806451612903,30,30,GGGTGATCAATAACCAGACC,0,4829413
ygfKp,0.03225806451612903,30,30,GGCATGGGCCTCGGCCTCAA,0,4827194
ygfKp,0.03225806451612903,30,30,GGAGGGTCGGCCGATACGTA,0,4827293
ygfKp,0.03225806451612903,30,30,GCTGGCGACTCGTCACAAAC,0,4834432
ygfKp,0.03225806451612903,30,30,CTTAGACGTGGAGAGCTGTG,0,4823082
ygfKp,0.03225806451612903,30,30,CGCTATTCCTATTGGCATCT,0,4836167
ygfKp,0.03225806451612903,30,30,CGAGTCCAATTCGTGCAATG,0,4839563
ygfKp,0.03225806451612903,30,30,CGAATCTGTTCAGTGCCAAG,0,4822847
ygfKp,0.03225806451612903,30,30,ATACCTGCGGGTGCTCCCTG,0,4837094
ygfKp,0.03333333333333333,29,29,TTCCTAACGCCTACCGTCAA,0,4851614
ygfKp,0.03333333333333333,29,29,TTAGTTGACTATGCTATGCA,0,4824147
ygfKp,0.03333333333333333,29,29,TGCACACAGTGCTTAGGTCC,0,4820152
ygfKp,0.03333333333333333,29,29,TAAGGTCGTCCGTGAAACTT,0,4849686
ygfKp,0.03333333333333333,29,29,GTCGTCGTTGTCTCTCCCAT,0,4822638
ygfKp,0.03333333333333333,29,29,GTCGGAAAGCCACAATTGGT,0,4833381
ygfKp,0.03333333333333333,29,29,GGGGGAGCGGCGAATCCATG,0,4857227
ygfKp,0.03333333333333333,29,29,GGGAGGTGATTGTGTAGGTC,0,4842069
ygfKp,0.03333333333333333,29,29,GGGACCGCACGCGTGCCCAG,0,4854756
ygfKp,0.03333333333333333,29,29,GGAGCCTACACGTTAGCATA,0,4833714
ygfKp,0.03333333333333333,29,29,GCAAGTAACCTTGCCATTAT,0,4821987
ygfKp,0.03333333333333333,29,29,CGGATTACGCTCGGTGACTA,0,4860425
ygfKp,0.03333333333333333,29,29,CGCCATATCGCCGTAATTAG,0,4849393
ygfKp,0.03333333333333333,29,29,CCGTTCGCAGTCGATAACCA,0,4833592
ygfKp,0.03333333333333333,29,29,CAGCCTGTAGCTATCTGGCG,0,4826330
ygfKp,0.03333333333333333,29,29,AGCCCCAGTGGATGATCTTA,0,4843384
ygfKp,0.03333333333333333,29,29,AGAGAGCCCGAACATGGGTG,0,4826398
ygfKp,0.03333333333333333,29,29,AATTATCATTGAGGGCTTTA,0,4849931
ygfKp,0.034482758620689655,28,28,TGAGGCCAGGATTTGGCTGA,0,4841937
ygfKp,0.034482758620689655,28,28,TCCAGACCCTTGTAGAGAAG,0,4846436
ygfKp,0.034482758620689655,28,28,TCACAGTTGTATTCACTTAC,0,4836326
ygfKp,0.034482758620689655,28,28,TCAAGACTAATTCAGTGTCT,0,4837729
ygfKp,0.034482758620689655,28,28,TAGGGCCTCAGATTATACTT,0,4846494
ygfKp,0.034482758620689655,28,28,GTGCTTAGCACAATGTCACA,0,4842365
ygfKp,0.034482758620689655,28,28,GTCTTCGGTGGCCCGCATCT,0,4847874
ygfKp,0.034482758620689655,28,28,GTAACGGTATCGCCCATTAA,0,4853731
ygfKp,0.034482758620689655,28,28,GGCCCTATAGTGACTAATAG,0,4826037
ygfKp,0.034482758620689655,28,28,GCGTGCCCTGTTGTCTAGTC,0,4834295
ygfKp,0.034482758620689655,28,28,CTACAAGGTCTTGCAGCCTA,0,4851182
ygfKp,0.034482758620689655,28,28,CGTTACCACCAAATACGTCA,0,4835307
ygfKp,0.034482758620689655,28,28,CGCCAGACGGGCTTTCATTG,0,4842502
ygfKp,0.034482758620689655,28,28,CCTTGGAGGAGGTGGCCTGT,0,4854233
ygfKp,0.034482758620689655,28,28,CCCCATGTTGAGTTAACCTC,0,4827218
ygfKp,0.034482758620689655,28,28,CAAGTATACAATGGAGGGTC,0,4855516
ygfKp,0.034482758620689655,28,28,CAACCGACGGGATCTACGGT,0,4830411
ygfKp,0.034482758620689655,28,28,ACTGCACGAACTGCTTATAT,0,4818095
ygfKp,0.034482758620689655,28,28,ACGTCCAGCCTGATGCTACG,0,4846868
ygfKp,0.034482758620689655,28,28,ACGATTAGGGTTCTAAAGTA,0,4851338
ygfKp,0.034482758620689655,28,28,AATCCGTAGGTAAGTATTAC,0,4839597
ygfKp,0.034482758620689655,28,28,AATCCACGGGTAGATGCATG,0,4852523
ygfKp,0.034482758620689655,28,28,AATCACAGAGCGCATATTCA,0,4860923
ygfKp,0.03571428571428571,27,27,TTCGCAGAACAGGCCATTAA,0,4842171
ygfKp,0.03571428571428571,27,27,TGTACATATTAGTTGGCCTG,0,4858569
ygfKp,0.03571428571428571,27,27,TGCGGCAGCCGGGGAAATTG,0,4820389
ygfKp,0.03571428571428571,27,27,TGAGGTTCTAGACAGGTTAG,0,4826306
ygfKp,0.03571428571428571,27,27,TCGGGGTCACGGCGTGTCAT,0,4824131
ygfKp,0.03571428571428571,27,27,TAGAGATAGCAGCGATATGC,0,4836573
ygfKp,0.03571428571428571,27,27,GCCCTGGCGTCATTTAAACA,0,4851022
ygfKp,0.03571428571428571,27,27,GCAGAAACCCGGAACGCCCA,0,4861392
ygfKp,0.03571428571428571,27,27,GAGCGCACTGTATCACGTTA,0,4849332
ygfKp,0.03571428571428571,27,27,GAGAGATGACCACGTAGTCA,0,4842340
ygfKp,0.03571428571428571,27,27,GAAGTGTAAGAGGGTGTGAA,0,4855195
ygfKp,0.03571428571428571,27,27,CTATCTAATAACCACAGCCT,0,4824728
ygfKp,0.03571428571428571,27,27,CTACGATTACATGTAAACGT,0,4825872
ygfKp,0.03571428571428571,27,27,CGTCCGCACTCGACGACGTT,0,4857502
ygfKp,0.03571428571428571,27,27,CGTCAAAGGTATCCCGCTAC,0,4847864
ygfKp,0.03571428571428571,27,27,CGGCTTCCATTTATCTTCAC,0,4842075
ygfKp,0.03571428571428571,27,27,CGCTAAAACGTTATCTTGGA,0,4833260
ygfKp,0.03571428571428571,27,27,CGCCAGGAGATTGCTCTCAA,0,4861841
ygfKp,0.03571428571428571,27,27,CAAGCGAGTATTACGAAGGG,0,4862661
ygfKp,0.03571428571428571,27,27,ATGCTGCATAGACGTTGCTC,0,4859734
ygfKp,0.03571428571428571,27,27,ATAAGATCGTTTCCCCACAC,0,4857199
ygfKp,0.03571428571428571,27,27,ACACTACGCCACTATGTGGA,0,4829517
ygfKp,0.03571428571428571,27,27,AACTCCTATTTACGGATCAT,0,4839599
ygfKp,0.037037037037037035,26,26,TTTTTCCTTAATGACAGGTA,0,4819976
ygfKp,0.037037037037037035,26,26,TTTTGACTGATGTACATATT,0,4822270
ygfKp,0.037037037037037035,26,26,TTGACACCGCCTCGATTTCA,0,4831732
ygfKp,0.037037037037037035,26,26,TGGGGATGTCAGCTACTCTT,0,4860821
ygfKp,0.037037037037037035,26,26,TGGCCAGAACATTGGTTTCA,0,4849455
ygfKp,0.037037037037037035,26,26,TCGACGGACCTACCTCCGCC,0,4823711
ygfKp,0.037037037037037035,26,26,GGGCTCGGTTAGATCAAGAA,0,4822183
ygfKp,0.037037037037037035,26,26,GCGAGTTGTCCCCGTTCTGT,0,4859561
ygfKp,0.037037037037037035,26,26,GATTGCGGTTTCTCAACTGG,0,4827209
ygfKp,0.037037037037037035,26,26,CTGTTATGGGACAGCGTCTC,0,4860413
ygfKp,0.037037037037037035,26,26,CTGGACGTACGTGGGTCTTG,0,4833577
ygfKp,0.037037037037037035,26,26,CTCCCACAGCTGTATATTAG,0,4822581
ygfKp,0.037037037037037035,26,26,CGTTGTGTATTGTCTACAAA,0,4827669
ygfKp,0.037037037037037035,26,26,CGTGGGTGTCGTAGATTTTT,0,4842704
ygfKp,0.037037037037037035,26,26,CCGAGCTCGTAGCAGCATGT,0,4834980
ygfKp,0.037037037037037035,26,26,CAAACCGGTAATCTGAAACC,0,4817727
ygfKp,0.037037037037037035,26,26,ATAACGGTGCATGGCCGGCC,0,4824008
ygfKp,0.037037037037037035,26,26,AGGTTGGGTCGGGTGTACCC,0,4828311
ygfKp,0.037037037037037035,26,26,AGCCTGAGGTGATGGGACAT,0,4855349
ygfKp,0.037037037037037035,26,26,ACTACACAGCAGACGAGGCA,0,4820930
ygfKp,0.037037037037037035,26,26,AATGCTCTCGTCGCTGCTCT,0,4862398
ygfKp,0.037037037037037035,26,26,AATCTAATCGATCCTGGTGA,0,4859414
ygfKp,0.037037037037037035,26,26,AATAAGGCATGACCCCAAAA,0,4820929
ygfKp,0.037037037037037035,26,26,AACTCATAGTAAAGGCTGCG,0,4827341
ygfKp,0.038461538461538464,25,25,TTTTGAGATCTCGGGTGCCT,0,4833372
ygfKp,0.038461538461538464,25,25,TTCCTCTTACAGGAGAGATC,0,4823406
ygfKp,0.038461538461538464,25,25,TGTACAGTCTTGGTTATGCT,0,4862354
ygfKp,0.038461538461538464,25,25,TCGCGGGTGTGCACGTTCTT,0,4823872
ygfKp,0.038461538461538464,25,25,TAAGTGGTTCCCACACTGCA,0,4832467
ygfKp,0.038461538461538464,25,25,GTGAAAGAACATAGCAGCCA,0,4849036
ygfKp,0.038461538461538464,25,25,GGGTTCCGTCCGGTACATGT,0,4823081
ygfKp,0.038461538461538464,25,25,GGGGGGCAACGCCACGGGTT,0,4847092
ygfKp,0.038461538461538464,25,25,GCTCGCTCCGCATATAATTT,0,4850652
ygfKp,0.038461538461538464,25,25,GCGCTTGGTCATACGTCATT,0,4826399
ygfKp,0.038461538461538464,25,25,GCCATTGAGACTTTAAGACG,0,4834655
ygfKp,0.038461538461538464,25,25,GCCACTCAAATTTTCAGCGC,0,4843068
ygfKp,0.038461538461538464,25,25,GCAGCATACCCCTGTGGATA,0,4854134
ygfKp,0.038461538461538464,25,25,GCAGAAAAAAGAGGAATTCA,0,4848893
ygfKp,0.038461538461538464,25,25,GAAGGGAATGAGGGCTAGCA,0,4843382
ygfKp,0.038461538461538464,25,25,CGGCTCTCACTCACGGGAGC,0,4847675
ygfKp,0.038461538461538464,25,25,CGAGAAGCTTGTCGTTTTTG,0,4824288
ygfKp,0.038461538461538464,25,25,CGACCTGGCACCGATTATTT,0,4841482
ygfKp,0.038461538461538464,25,25,CCCCTCCTCGTACAACCGGT,0,4822388
ygfKp,0.038461538461538464,25,25,CCAACATTTGACCAATACTA,0,4832278
ygfKp,0.038461538461538464,25,25,CACTATGGCAGCTAGACGCA,0,4856823
ygfKp,0.038461538461538464,25,25,ATTCTCAATTCCGCCCGAAT,0,4836759
ygfKp,0.038461538461538464,25,25,ATCTGCGGTGCGTAGGAGTC,0,4852660
ygfKp,0.04,24,24,TTCCTTCAAATATCCTGGGC,0,4841336
ygfKp,0.04,24,24,TTATAGCTTAGGCTGCTATA,0,4826166
ygfKp,0.04,24,24,TCTAAGTTCGTCTAGAACTA,0,4818366
ygfKp,0.04,24,24,TCGGGGTCCAGGATACGGTG,0,4850660
ygfKp,0.04,24,24,TCCGCTTGCCGTAGTATGTA,0,4861646
ygfKp,0.04,24,24,TATTCTCAATTTTTGAAAAG,0,4835303
ygfKp,0.04,24,24,TAGCGAACGCATTTTATTAA,0,4838156
ygfKp,0.04,24,24,GTAGCTCATCCACATCACTT,0,4844939
ygfKp,0.04,24,24,GGTGTCAGCTGGCTTGTTCA,0,4828961
ygfKp,0.04,24,24,GGTATTATGTTGCTGAGAAC,0,4848299
ygfKp,0.04,24,24,GGCGCCACGGATGTGATGAA,0,4834584
ygfKp,0.04,24,24,GGAGCTAATTGTTGCGTATT,0,4832507
ygfKp,0.04,24,24,GCTTTGTTACTAAACCACAC,0,4840730
ygfKp,0.04,24,24,GCCGGACTTCTTTTGATACA,0,4827211
ygfKp,0.04,24,24,GAGGCCCGATTTGTTCCGCT,0,4830937
ygfKp,0.04,24,24,GAGAGACAGGCGTGTCCACG,0,4824574
ygfKp,0.04,24,24,CTCGCAGTCCGTGTTCGGAT,0,4839046
ygfKp,0.04,24,24,CTCCAGACTCCAGAACAGAG,0,4834506
ygfKp,0.04,24,24,CTATCAACATGGGGACTTAC,0,4821730
ygfKp,0.04,24,24,CGGGTCCGGTGCCGTCGGGT,0,4847392
ygfKp,0.04,24,24,CCTCTTCGTCCGGGGACGTT,0,4836828
ygfKp,0.04,24,24,CCAGTCGGGACGCTAGCCTT,0,4849520
ygfKp,0.04,24,24,CCAACGACTTCGTTAGATTA,0,4818547
ygfKp,0.04,24,24,CACTGAGTCTAAATCAACAC,0,4842082
ygfKp,0.04,24,24,CAACGGCGTTTAATGCGATA,0,4822007
ygfKp,0.04,24,24,ATTTAGCGTCGGTCCCATTG,0,4829770
ygfKp,0.04,24,24,ATGTGGCTTGGACACGCGGC,0,4851730
ygfKp,0.04,24,24,ATGCCGCAGTGCGCCCGGCC,0,4839256
ygfKp,0.04,24,24,ATAGGGTAGCGAACGAGAAA,0,4853186
ygfKp,0.04,24,24,ATACTTCAAGGATAGAAGTG,0,4840683
ygfKp,0.04,24,24,AGGTGGCTGATCGAGGGAAG,0,4830954
ygfKp,0.04,24,24,AGCGGTATTGGCAAAGAAAG,0,4823813
ygfKp,0.04,24,24,ACTCTCTTCGTCTCTGGCTA,0,4862734
ygfKp,0.04,24,24,ACGAACACGACGTATGGAGG,0,4833610
ygfKp,0.04,24,24,ACCGGACTTGATGCGGTTCG,0,4836022
ygfKp,0.04,24,24,ACACCCGCGCGGAAGCGCAT,0,4861242
ygfKp,0.04,24,24,AAATCTCTGCTGGAATTGGG,0,4831133
ygfKp,0.04,24,24,AAACGTCCAGGCAGGGGAAT,0,4833308
ygfKp,0.041666666666666664,23,23,TTTCTGCTGTCGAAAATCTA,0,4826463
ygfKp,0.041666666666666664,23,23,TGTGGTTGAGCGCACCGACG,0,4825214
ygfKp,0.041666666666666664,23,23,TGTCCATACGGGGTGCGGAA,0,4842173
ygfKp,0.041666666666666664,23,23,TGGGAGATTCACTGGTGTCA,0,4832440
ygfKp,0.041666666666666664,23,23,TGGACTGAACGAAAAGAAGT,0,4862111
ygfKp,0.041666666666666664,23,23,TCGGCGGCTGTGTGCATGAT,0,4849701
ygfKp,0.041666666666666664,23,23,TCCGACCTTAGTGATGAGAT,0,4843423
ygfKp,0.041666666666666664,23,23,TCAGGTTCACGCCTCATAAT,0,4855994
ygfKp,0.041666666666666664,23,23,TCACGCGGGCGACTATGGAA,0,4840590
ygfKp,0.041666666666666664,23,23,TATAGAATACGCTTCGTCCA,0,4817338
ygfKp,0.041666666666666664,23,23,TAGCCACTTCAAGATGGTTA,0,4851827
ygfKp,0.041666666666666664,23,23,TACTATGTAGGACCGATTAG,0,4840747
ygfKp,0.041666666666666664,23,23,TACATCAACTGGCGGGCGCT,0,4845116
ygfKp,0.041666666666666664,23,23,GTGCACCATCATCCGAAGTT,0,4819434
ygfKp,0.041666666666666664,23,23,GTGACCGAACCCGGTATTCT,0,4840711
ygfKp,0.041666666666666664,23,23,GTCGTGTGACACGCGGAACA,0,4837754
ygfKp,0.041666666666666664,23,23,GTACGTTAGTTTGCGGCATG,0,4833019
ygfKp,0.041666666666666664,23,23,GGTGCCCGGGGTATCCAGAT,0,4824733
ygfKp,0.041666666666666664,23,23,GGAGTGAGTCACCGATAGAT,0,4841945
ygfKp,0.041666666666666664,23,23,GCTGGTGACTCCTGCTGCGT,0,4830651
ygfKp,0.041666666666666664,23,23,GCGCCGGACGGGGCAACAGA,0,4830089
ygfKp,0.041666666666666664,23,23,GCGCAACCTGTCTTTGAAGA,0,4856754
ygfKp,0.041666666666666664,23,23,GCCAACTGTTTGTCATGAGA,0,4818570
ygfKp,0.041666666666666664,23,23,GCAGCAGTGCCCCTATATCA,0,4862560
ygfKp,0.041666666666666664,23,23,GATATGGGAAATCGAGCGGT,0,4855147
ygfKp,0.041666666666666664,23,23,GAAAGCGCAAAAGTGCGCGA,0,4833045
ygfKp,0.041666666666666664,23,23,CTGCGCACCTGGGGGACGCC,0,4822901
ygfKp,0.041666666666666664,23,23,CGGACATCTCCGATCCCAGA,0,4851949
ygfKp,0.041666666666666664,23,23,CGCCTTTAGGGGAGAGCAAT,0,4844637
ygfKp,0.041666666666666664,23,23,CGATTGGGTGTAGCCTCTAT,0,4831673
ygfKp,0.041666666666666664,23,23,CCTTCGAGTGAGGTTGTTAT,0,4818725
ygfKp,0.041666666666666664,23,23,CCCGGACACAATGCGAGCTT,0,4833732
ygfKp,0.041666666666666664,23,23,CCAGGCGGATGACTCATGTA,0,4847944
ygfKp,0.041666666666666664,23,23,CATATCAGGTAACGTGAGAT,0,4827537
ygfKp,0.041666666666666664,23,23,CAAACAGGACTGAAGAATAA,0,4839607
ygfKp,0.041666666666666664,23,23,ATCTGATTGTATAATTAGTC,0,4849114
ygfKp,0.041666666666666664,23,23,ATCCGGACTCTTGTAAAGCC,0,4855684
ygfKp,0.041666666666666664,23,23,ACTGTTAATGATCGGGCCAC,0,4823968
ygfKp,0.041666666666666664,23,23,ACGCAAGGCGTACTGTCCGA,0,4852182
ygfKp,0.041666666666666664,23,23,AACGTAATAAAGTTTTATGT,0,4838698
ygfKp,0.041666666666666664,23,23,AACATTCCGACCGTCGGACC,0,4836033
ygfKp,0.041666666666666664,23,23,AAAAGGGGTGCATCAGTAGA,0,4845166
ygfKp,0.041666666666666664,23,23,AAAAGAGATAAAAGTATCAA,0,4838695
ygfKp,0.043478260869565216,22,22,TTTCAACTCGTCGTCTTGTT,0,4846871
ygfKp,0.043478260869565216,22,22,TTGCCAGCCATAAGTGATTT,0,4818376
ygfKp,0.043478260869565216,22,22,TTCTGTGTGATTAGTAGAAT,0,4842065
ygfKp,0.043478260869565216,22,22,TTCCAGGCGTCTAGCTCTAT,0,4836007
ygfKp,0.043478260869565216,22,22,TGTCACAACTTTCGAGACAC,0,4827351
ygfKp,0.043478260869565216,22,22,TGGGGCTCGGTTGCTTTCCG,0,4860020
ygfKp,0.043478260869565216,22,22,TGCCCACAGCGGAACGATTA,0,4857853
ygfKp,0.043478260869565216,22,22,TCTGGGAATGGGGTTAGCAA,0,4833716
ygfKp,0.043478260869565216,22,22,TCCAACGTACAGAACACGAT,0,4856831
ygfKp,0.043478260869565216,22,22,TAGCCGTTCAGTCCACACTT,0,4839218
ygfKp,0.043478260869565216,22,22,GTCTCCCGATTTATCTCTTT,0,4833654
ygfKp,0.043478260869565216,22,22,GGTTGTCAGAATTTTAGTAA,0,4844794
ygfKp,0.043478260869565216,22,22,GGTCCCATATTAGTAAACGT,0,4827215
ygfKp,0.043478260869565216,22,22,GGGTGTCCCGGTAAGTAGAG,0,4851026
ygfKp,0.043478260869565216,22,22,GGGGTAGATGTACAGTCGCA,0,4821683
ygfKp,0.043478260869565216,22,22,GGGCTGGTCAGAAACAGAGG,0,4847160
ygfKp,0.043478260869565216,22,22,GCTGTACAGGATCTTGCCAG,0,4845783
ygfKp,0.043478260869565216,22,22,GCGAAGAAGAGTTCGTGTGG,0,4858777
ygfKp,0.043478260869565216,22,22,GCCAACAGCGTTGGAGGCGA,0,4846633
ygfKp,0.043478260869565216,22,22,GCACTCATCGTTCTCTCGCT,0,4818522
ygfKp,0.043478260869565216,22,22,GATTACAATCGATCAAGATG,0,4839441
ygfKp,0.043478260869565216,22,22,GACCAATTCGGTTGATCAGC,0,4844692
ygfKp,0.043478260869565216,22,22,GAAACCCGTAGTGTTCGACC,0,4836165
ygfKp,0.043478260869565216,22,22,CTCTTTCGGTATCTGTAAGG,0,4846493
ygfKp,0.043478260869565216,22,22,CTCCGCATGTAAGGAAGACT,0,4852549
ygfKp,0.043478260869565216,22,22,CTATAGTTTATTCTCTACGA,0,4836018
ygfKp,0.043478260869565216,22,22,CCTTTAAGAAGCCGCTGATT,0,4843734
ygfKp,0.043478260869565216,22,22,CCTTCCTAAGTATAAGTGAC,0,4825249
ygfKp,0.043478260869565216,22,22,CCGCGGAGCTCTAAATTCAG,0,4841476
ygfKp,0.043478260869565216,22,22,CCCTCCCTGACTTAGTGCAG,0,4834606
ygfKp,0.043478260869565216,22,22,CCAACCGGTATTCGACAGAC,0,4819537
ygfKp,0.043478260869565216,22,22,CATGCGTGTCACTCGTAATA,0,4841474
ygfKp,0.043478260869565216,22,22,CAGAGCACGGGGTCTGTCAT,0,4820333
ygfKp,0.043478260869565216,22,22,CACCGACTTTTGATGGGCAT,0,4854040
ygfKp,0.043478260869565216,22,22,ATTGGTCGGGTGCTCCACGC,0,4848726
ygfKp,0.043478260869565216,22,22,ATGCATCTCATTAGCAATTA,0,4841422
ygfKp,0.043478260869565216,22,22,ATATCTCGTCTCTGGGGTCT,0,4842467
ygfKp,0.043478260869565216,22,22,AGGGGTGACGTTAATCTACC,0,4846025
ygfKp,0.043478260869565216,22,22,AGGGCGTCCTTTCTCTTATC,0,4840036
ygfKp,0.043478260869565216,22,22,AGGGACAGTCCCAAGGTGTG,0,4823338
ygfKp,0.043478260869565216,22,22,AGCTATCGGAAGCCCTGGTA,0,4845964
ygfKp,0.043478260869565216,22,22,AGCGTCTAAGTGAGCGCGGT,0,4825241
ygfKp,0.043478260869565216,22,22,AGCGCATAACCATTACTAAT,0,4858612
ygfKp,0.043478260869565216,22,22,AGACAGCTGTGGCTTGGAGT,0,4860017
ygfKp,0.043478260869565216,22,22,ACTTAAGTAGTAGAAAACTA,0,4846028
ygfKp,0.043478260869565216,22,22,ACTCATGATATGCTTATCAG,0,4827625
ygfKp,0.043478260869565216,22,22,ACTAAGGCAGTACATACTAG,0,4822801
ygfKp,0.043478260869565216,22,22,ACGGGCGGAATGCATCGGCG,0,4844245
ygfKp,0.043478260869565216,22,22,ACGAAACCCGCCCGGGTTAT,0,4853720
ygfKp,0.043478260869565216,22,22,ACCGGAACTTCACCGGTTGA,0,4859421
ygfKp,0.043478260869565216,22,22,AATGTTGGAGATACTAATAT,0,4828744
ygfKp,0.043478260869565216,22,22,AAGAGTGTCAGTGCAAGCGG,0,4833378
ygfKp,0.043478260869565216,22,22,AACTCGAAGGACTAGCCCAA,0,4853428
ygfKp,0.045454545454545456,21,21,TTGAGTATAGTAACACTTCT,0,4858115
ygfKp,0.045454545454545456,21,21,TTATCACGATCACGTTCTTT,0,4831909
ygfKp,0.045454545454545456,21,21,TGGCAGTCCACTGTGACGGA,0,4818688
ygfKp,0.045454545454545456,21,21,TGGAGGGGCCGTCACGCATA,0,4851081
ygfKp,0.045454545454545456,21,21,TCGGATGTAAATGTGATCTG,0,4840001
ygfKp,0.045454545454545456,21,21,TCCAACCAGCGGTGACCTAA,0,4857231
ygfKp,0.045454545454545456,21,21,GTGTCCTTATCTGTTCGCAA,0,4831885
ygfKp,0.045454545454545456,21,21,GTCTCCGGGAAGGCTTCCAT,0,4826289
ygfKp,0.045454545454545456,21,21,GTAGAGACCGGGAACCAAGC,0,4833659
ygfKp,0.045454545454545456,21,21,GTAAGACTGTTCGGTAGGAT,0,4849490
ygfKp,0.045454545454545456,21,21,GGTCCCCATTTGGAGCCTAG,0,4856022
ygfKp,0.045454545454545456,21,21,GGGAAAATGCTGCACCTGGC,0,4844132
ygfKp,0.045454545454545456,21,21,GGATTGGTACGCGCTAACTA,0,4839746
ygfKp,0.045454545454545456,21,21,GCTGGGAAACGGTACTCTAG,0,4830653
ygfKp,0.045454545454545456,21,21,GCAGAAGGCTGCTCTTAGTT,0,4850737
ygfKp,0.045454545454545456,21,21,GAGAAAGGCCCTTGGTCTAC,0,4831496
ygfKp,0.045454545454545456,21,21,GACTCGCCCAAGGATAAGGC,0,4846568
ygfKp,0.045454545454545456,21,21,GACGATCTGGGGTATAGGGT,0,4841644
ygfKp,0.045454545454545456,21,21,GACACACAATCTATATGGGT,0,4847186
ygfKp,0.045454545454545456,21,21,CTTTGTACAATCCCAGAATG,0,4849398
ygfKp,0.045454545454545456,21,21,CTAAATTGCCTCTATTCGGT,0,4819833
ygfKp,0.045454545454545456,21,21,CGTGTGTGTCCGCAAGGCCT,0,4839911
ygfKp,0.045454545454545456,21,21,CGGGGGTTACATGGTGCAAC,0,4837709
ygfKp,0.045454545454545456,21,21,CGATGCGCCGTTTCGGACAG,0,4831580
ygfKp,0.045454545454545456,21,21,CGAGACACGACGCATTGCGC,0,4840319
ygfKp,0.045454545454545456,21,21,CCTAGCCATCTTCGCTAGAT,0,4856374
ygfKp,0.045454545454545456,21,21,CCGATGTGATCTCTTTGTCG,0,4823334
ygfKp,0.045454545454545456,21,21,CCACACTGTGTCTACGTCAT,0,4851053
ygfKp,0.045454545454545456,21,21,CACTGAAGTTCCAGTGGCAT,0,4845372
ygfKp,0.045454545454545456,21,21,ATCGTGGACGCAGGTCCAAG,0,4822848
ygfKp,0.045454545454545456,21,21,ATCGAAACCCGACCAAAGTT,0,4855316
ygfKp,0.045454545454545456,21,21,ATATGCGAAAGACCGTTCGG,0,4818627
ygfKp,0.045454545454545456,21,21,AGTGTGCAGATTTTAGGAGG,0,4819695
ygfKp,0.045454545454545456,21,21,AGCAGCCCGCCATGGGGTAG,0,4858188
ygfKp,0.045454545454545456,21,21,AGATTAGCATCAACTTCACT,0,4848305
ygfKp,0.045454545454545456,21,21,ACTCGGGAAGGGATTGCTGT,0,4856725
ygfKp,0.045454545454545456,21,21,ACTATTGGTGGGCGCCAGCG,0,4833339
ygfKp,0.045454545454545456,21,21,ACGGATTTTTTGTTGTACTG,0,4825772
ygfKp,0.045454545454545456,21,21,ACAGACCTCTTTAATATGTT,0,4830088
ygfKp,0.045454545454545456,21,21,AAATAAACGCTTCTCAGTGA,0,4831617
ygfKp,0.047619047619047616,20,20,TTGGAGGGGACGTTGGTCGC,0,4844205
ygfKp,0.047619047619047616,20,20,TTCATTAGTGTTTAAAGCGA,0,4821156
ygfKp,0.047619047619047616,20,20,TTAGGCTCTGGGTAGCGCCT,0,4834981
ygfKp,0.047619047619047616,20,20,TTACTACGCTGTAGGCAGTC,0,4830413
ygfKp,0.047619047619047616,20,20,TGCGACTTCCAGAGCATCCC,0,4851100
ygfKp,0.047619047619047616,20,20,TCTCGGGTCTACTTTTTCTG,0,4819186
ygfKp,0.047619047619047616,20,20,TCTCAAGACGTACGGTGTGA,0,4834459
ygfKp,0.047619047619047616,20,20,TCGCTGTGACAGCGTGGCCA,0,4863552
ygfKp,0.047619047619047616,20,20,TAGGTGGATGGACGCTTTAA,0,4842465
ygfKp,0.047619047619047616,20,20,TAGCCCACCCGTGCCGATTG,0,4818710
ygfKp,0.047619047619047616,20,20,TACGGTTATTTTATCAAGAG,0,4855191
ygfKp,0.047619047619047616,20,20,TAAAAAGAAGCTTAAGCGGC,0,4845187
ygfKp,0.047619047619047616,20,20,GTGTATGTCCCGCCACATGA,0,4851051
ygfKp,0.047619047619047616,20,20,GTGACGTTCGGATTTGATAG,0,4853672
ygfKp,0.047619047619047616,20,20,GGTCAGAACGGCCGAACACA,0,4833374
ygfKp,0.047619047619047616,20,20,GCGCATAACAACAAGTTAGT,0,4844859
ygfKp,0.047619047619047616,20,20,GCCGGTTATGAGCTAGGGAG,0,4840448
ygfKp,0.047619047619047616,20,20,GCCGGAAACATAGCTCCAAT,0,4840434
ygfKp,0.047619047619047616,20,20,GCAGATTAGCCGGCTTTGAG,0,4822906
ygfKp,0.047619047619047616,20,20,GATCGACGTACATTTCAAGC,0,4849334
ygfKp,0.047619047619047616,20,20,GATCAGCTCTTCGTCCCGGC,0,4820440
ygfKp,0.047619047619047616,20,20,GAATTCCGGAGAGGTTTGGA,0,4837300
ygfKp,0.047619047619047616,20,20,GAAGAGTTAAGTGACTGACG,0,4835725
ygfKp,0.047619047619047616,20,20,GAACGCCTGACGTACATTCA,0,4837188
ygfKp,0.047619047619047616,20,20,GAAAGGTCCACGAACGAAGC,0,4828537
ygfKp,0.047619047619047616,20,20,GAAAGGAGATCACTGGTTCT,0,4847943
ygfKp,0.047619047619047616,20,20,GAAAGACCCGCAAAGCTAAG,0,4851180
ygfKp,0.047619047619047616,20,20,CTTTCATTACATGCCACACC,0,4830470
ygfKp,0.047619047619047616,20,20,CTGATTTTTCTTGTGAGAAC,0,4829555
ygfKp,0.047619047619047616,20,20,CTGAGCAACAAACCATGGGT,0,4821221
ygfKp,0.047619047619047616,20,20,CTCACTGCCGGTTGTAGGTC,0,4836031
ygfKp,0.047619047619047616,20,20,CGTTCATTCCGCTAAGTAGC,0,4819666
ygfKp,0.047619047619047616,20,20,CGGGAGTACACTGGTATGAG,0,4846280
ygfKp,0.047619047619047616,20,20,CGCTATTTTCATCGAGGCCT,0,4818542
ygfKp,0.047619047619047616,20,20,CCTAGATCGTGGAGGCCGAG,0,4831484
ygfKp,0.047619047619047616,20,20,CCTAAACAGCTTTCAGCTCA,0,4844139
ygfKp,0.047619047619047616,20,20,CCGAGTTCGGCTACGTAAAT,0,4860410
ygfKp,0.047619047619047616,20,20,CCCCGGACAGATACGTATTG,0,4824731
ygfKp,0.047619047619047616,20,20,CCAGTTAGGTTTAACCTTCA,0,4843169
ygfKp,0.047619047619047616,20,20,CAGGAACGGGGTGGCCTCTA,0,4847183
ygfKp,0.047619047619047616,20,20,CAAGGGGAGCGCGGTACGCC,0,4820386
ygfKp,0.047619047619047616,20,20,ATTGCCGTTGAATAGTGATG,0,4856856
ygfKp,0.047619047619047616,20,20,ATTAGATTAAGCGCATTTCT,0,4818698
ygfKp,0.047619047619047616,20,20,ATCGCGATCAAACATGTGAA,0,4820947
ygfKp,0.047619047619047616,20,20,ATCCTCTGACTTAGGAGGGA,0,4819185
ygfKp,0.047619047619047616,20,20,ATAAGCACCATCTGAAAAGG,0,4832943
ygfKp,0.047619047619047616,20,20,AGGGGGTTTTCTGCACCTAA,0,4827578
ygfKp,0.047619047619047616,20,20,AGGGCTGCTGACTCTGGGAA,0,4831459
ygfKp,0.047619047619047616,20,20,AGCCACTGTTGGGAGCAGTA,0,4861804
ygfKp,0.047619047619047616,20,20,ACGGCTGCTCCCCCGAAAAT,0,4836082
ygfKp,0.047619047619047616,20,20,ACGGCAGCACCCGATTAAGA,0,4817135
ygfKp,0.047619047619047616,20,20,ACCGCCAACACATCGCAGTG,0,4861834
ygfKp,0.047619047619047616,20,20,ACCAACCGCAGCCGGCCGCG,0,4818673
ygfKp,0.047619047619047616,20,20,AAGGTGCAAAATGTGAGCAA,0,4841094
ygfKp,0.047619047619047616,20,20,AACTATGCGCTAGGACGTAC,0,4842691
ygfKp,0.05,19,19,TTGCCGGGCGGTACAAATTA,0,4863109
ygfKp,0.05,19,19,TTCCCGGGTTACTTCATGTT,0,4835884
ygfKp,0.05,19,19,TTCCACTTCATAGGGATGAG,0,4853429
ygfKp,0.05,19,19,TTAGGATGCTGGAACACGCT,0,4839979
ygfKp,0.05,19,19,TTACACACATGACTCTCTTA,0,4820247
ygfKp,0.05,19,19,TGTTGATATTGATACATCGT,0,4826122
ygfKp,0.05,19,19,TGGTGTTTTGGACGCGAAGG,0,4852690
ygfKp,0.05,19,19,TGGTGATCAATGGCAATTTG,0,4856406
ygfKp,0.05,19,19,TGGCAGTAAGACCCCAAAGG,0,4853890
ygfKp,0.05,19,19,TGGAGCTAGCCTGGCAAGGG,0,4845693
ygfKp,0.05,19,19,TGCTATTACCAGCAATAGAG,0,4861502
ygfKp,0.05,19,19,TCCAGAGCAGGCGGGGTTAT,0,4852818
ygfKp,0.05,19,19,TCAGGAATGAGGTCAGAAAG,0,4854587
ygfKp,0.05,19,19,TACATCAGAATGCACGGCTC,0,4843472
ygfKp,0.05,19,19,TAATAACAACGGACTGGAGA,0,4847094
ygfKp,0.05,19,19,GTTGTACAGGCTACAGGTTG,0,4821286
ygfKp,0.05,19,19,GTTAGGCATCTGCAGTCCAT,0,4833465
ygfKp,0.05,19,19,GTATATGCTGTATCTGCGCA,0,4858709
ygfKp,0.05,19,19,GTAGCTGCCCACAGGCTTTC,0,4819694
ygfKp,0.05,19,19,GTAAAAATGTTACTCGTGAT,0,4819010
ygfKp,0.05,19,19,GGGGGGGCTGGTCAGGATGC,0,4833760
ygfKp,0.05,19,19,GGCTTGCTTATACCGAGGCA,0,4822807
ygfKp,0.05,19,19,GGCCTTGGTATCCCGTTAGT,0,4857555
ygfKp,0.05,19,19,GGCATATTGCGCCCCCCTCA,0,4830109
ygfKp,0.05,19,19,GCTATCGGCTCGGACTTCCT,0,4838602
ygfKp,0.05,19,19,GCGGTCCAGGTGTATAGGGG,0,4832318
ygfKp,0.05,19,19,GCCTAGAAACATAATGTGTA,0,4826864
ygfKp,0.05,19,19,GATTATCCCAACCTGGTGTC,0,4829746
ygfKp,0.05,19,19,GACCCTGTGCTCCCGTCGGC,0,4826295
ygfKp,0.05,19,19,GACATGAGTCATCGGGAAGC,0,4831448
ygfKp,0.05,19,19,CTTTGAATACATCGCTGGAT,0,4835891
ygfKp,0.05,19,19,CTTGCCAAGGCATGCGGCAA,0,4823055
ygfKp,0.05,19,19,CTATTTTTGGTCATCAATGA,0,4819059
ygfKp,0.05,19,19,CGTGTGCCCGCATAATCGGT,0,4855236
ygfKp,0.05,19,19,CGGCATATAGGTAGTGGGCA,0,4824624
ygfKp,0.05,19,19,CGAGTAGAAGAACAGCTGAT,0,4856416
ygfKp,0.05,19,19,CCTGCTTTCGGATAAAGTTC,0,4854113
ygfKp,0.05,19,19,CCCCGCCGTCGTCGCTAAAG,0,4847580
ygfKp,0.05,19,19,CCCACTTGTGACCAAATGAA,0,4837000
ygfKp,0.05,19,19,CCACGGTTGTAGGGAGTCTA,0,4848856
ygfKp,0.05,19,19,CATGGCAGGGGGCAGCCCAC,0,4849187
ygfKp,0.05,19,19,CATACTTTGCTTCTAGAATG,0,4862020
ygfKp,0.05,19,19,CAGATAGAGATTCCTCCACT,0,4823175
ygfKp,0.05,19,19,CACTTAATCTAGAGGGGGGA,0,4845973
ygfKp,0.05,19,19,CAACACCATAGCGATACGTT,0,4822639
ygfKp,0.05,19,19,ATGGATTTCCGGCCTAGTAG,0,4847382
ygfKp,0.05,19,19,ATGCCTTCTTCACTACCTTG,0,4846288
ygfKp,0.05,19,19,ATCTCCTAGACCACCGGTAT,0,4821995
ygfKp,0.05,19,19,ATATGGCCTGGATTTTCCAG,0,4862944
ygfKp,0.05,19,19,AGTTTAGCGCTGGAGACTCT,0,4841652
ygfKp,0.05,19,19,AGTTGCGGCAACTCTCTCCT,0,4831745
ygfKp,0.05,19,19,AGGGATCTGCACCTAGGGAT,0,4826103
ygfKp,0.05,19,19,AGGCTTCACCACTCCCATTT,0,4840099
ygfKp,0.05,19,19,AGGCGTATCCGAAGTATGAA,0,4836610
ygfKp,0.05,19,19,AGCGGGGGTGTCATGAGTAG,0,4826308
ygfKp,0.05,19,19,AGCGGGGAGGGTTACCCAAA,0,4856887
ygfKp,0.05,19,19,AGCCCATCATACAGCGCAGA,0,4849099
ygfKp,0.05,19,19,AGAACCGTCACACCGATCCA,0,4846526
ygfKp,0.05,19,19,ACTTAGATCAGCCACCACAG,0,4846938
ygfKp,0.05,19,19,ACGGTTGCGTCGCCGCTTAT,0,4822514
ygfKp,0.05,19,19,ACATGTGATCGAGTCTTGGT,0,4854491
ygfKp,0.05,19,19,AATCGTGATCTGGCGCCGCA,0,4839200
ygfKp,0.05,19,19,AAGTCGAGAGATTTTAAAAG,0,4825551
ygfKp,0.05,19,19,AACCCGTCCGCAACTGCGTT,0,4822908
ygfKp,0.05,19,19,AAATAATGTCCTAAAGCATA,0,4836104
ygfKp,0.05,19,19,AAACGTGGGGAAATGTATAG,0,4845298
ygfKp,0.05263157894736842,18,18,TTGCTATCAGGGCAGCTCGC,0,4834769
ygfKp,0.05263157894736842,18,18,TTGCGACTTACGTTAAATGA,0,4831462
ygfKp,0.05263157894736842,18,18,TTGCCTATTTTGTCCCCGAG,0,4825748
ygfKp,0.05263157894736842,18,18,TTCATGCAATCCTTCGTCTG,0,4833846
ygfKp,0.05263157894736842,18,18,TTACAACAGACCAAGGTGAT,0,4842364
ygfKp,0.05263157894736842,18,18,TGGGGTGTGTGTGAGATCGT,0,4831645
ygfKp,0.05263157894736842,18,18,TGCGATTTTTGTGAGCCACC,0,4829408
ygfKp,0.05263157894736842,18,18,TGCAACCAAAACCAGTGGGG,0,4832554
ygfKp,0.05263157894736842,18,18,TCGCTGACCTTCCCACTGCA,0,4851169
ygfKp,0.05263157894736842,18,18,TCGACCCTTGCGGAGTTATG,0,4820164
ygfKp,0.05263157894736842,18,18,TCAATTTTTATTTTGCCCTG,0,4843925
ygfKp,0.05263157894736842,18,18,TATGAGCTGAAGGTACTACT,0,4856318
ygfKp,0.05263157894736842,18,18,GTTCTAGCGGGAGAAACCGG,0,4822249
ygfKp,0.05263157894736842,18,18,GTGTTCGGCCGCGAGCGCTA,0,4856481
ygfKp,0.05263157894736842,18,18,GTGGCACTCTGGGAACACAT,0,4833735
ygfKp,0.05263157894736842,18,18,GTGCGTCTTTAGGGAAAGAG,0,4853260
ygfKp,0.05263157894736842,18,18,GTCTACGAATTGGAGCTTAT,0,4858368
ygfKp,0.05263157894736842,18,18,GTCAAAGAGTAGCCAATCAT,0,4832944
ygfKp,0.05263157894736842,18,18,GTATACTGCGTACCTAAAAT,0,4829996
ygfKp,0.05263157894736842,18,18,GGGGAGTAATTCTATACTCA,0,4837502
ygfKp,0.05263157894736842,18,18,GGGCTTATGGTGCTCCGCCC,0,4852975
ygfKp,0.05263157894736842,18,18,GGGAAATTAGTATAAAAATC,0,4857283
ygfKp,0.05263157894736842,18,18,GGCTTAACATTCTTCGTGTG,0,4832450
ygfKp,0.05263157894736842,18,18,GGCGGGATGTAGGTCCAGTG,0,4839434
ygfKp,0.05263157894736842,18,18,GGCACGTCGCGAATGCAGCA,0,4829121
ygfKp,0.05263157894736842,18,18,GCTATTCCACTCGATCTAGT,0,4841647
ygfKp,0.05263157894736842,18,18,GCTAAGTGACCACGGTTAGT,0,4825794
ygfKp,0.05263157894736842,18,18,GCGGGGGCGCTCTATGATTG,0,4857794
ygfKp,0.05263157894736842,18,18,GCAACCGGGGCTGAAGGGTG,0,4827332
ygfKp,0.05263157894736842,18,18,GATGTGACGGTGTGTCAAAG,0,4859256
ygfKp,0.05263157894736842,18,18,GAGAGAAAGACCTTTGTGCA,0,4819546
ygfKp,0.05263157894736842,18,18,GACGCATTCCACGCTGTTGA,0,4835249
ygfKp,0.05263157894736842,18,18,GACCGGTATAGTTTCCTTCG,0,4858629
ygfKp,0.05263157894736842,18,18,GACCATTATGATAATAAGCA,0,4846866
ygfKp,0.05263157894736842,18,18,GAAAATCCCGACCGCCGCCT,0,4856647
ygfKp,0.05263157894736842,18,18,CTGGTAGCATTAGGAGTGCT,0,4853984
ygfKp,0.05263157894736842,18,18,CTGCCAGGATTGCAGGTAGA,0,4825171
ygfKp,0.05263157894736842,18,18,CGTTGGTAACTGCTCTTTTG,0,4860650
ygfKp,0.05263157894736842,18,18,CGGGGGCTCAGCGCGGTAAT,0,4820392
ygfKp,0.05263157894736842,18,18,CGGCTTCGTACGTCAAATAA,0,4839606
ygfKp,0.05263157894736842,18,18,CGGCCTCTTCGAATAGGTAA,0,4851163
ygfKp,0.05263157894736842,18,18,CGCATGGTGGGATTAGAGAA,0,4853232
ygfKp,0.05263157894736842,18,18,CGACGCATGACCGTAAGAAA,0,4818303
ygfKp,0.05263157894736842,18,18,CCTCTGCCCCCTCCAAGTTT,0,4852259
ygfKp,0.05263157894736842,18,18,CCTATGTCATGGGCAACTGT,0,4843916
ygfKp,0.05263157894736842,18,18,CCAAGGTGCTTACTGCGGTA,0,4860667
ygfKp,0.05263157894736842,18,18,CAGCCTCCTCTCGCACTTAA,0,4839930
ygfKp,0.05263157894736842,18,18,CACTGAGCCTCATGACCCTA,0,4850475
ygfKp,0.05263157894736842,18,18,CACAACATTTAGAGAGTCTT,0,4848309
ygfKp,0.05263157894736842,18,18,CAATGGGCACTGGTCTGCTC,0,4830542
ygfKp,0.05263157894736842,18,18,CAACAACTCTTATATCAAAT,0,4821680
ygfKp,0.05263157894736842,18,18,ATTTGTTCGAATGGCGCTAG,0,4859552
ygfKp,0.05263157894736842,18,18,AGGGCCGTGCGAATGGCCTG,0,4830652
ygfKp,0.05263157894736842,18,18,AGGCTTTAAGGAAACGTGTC,0,4841719
ygfKp,0.05263157894736842,18,18,AGCCGTAGATCATAGTGGCC,0,4860043
ygfKp,0.05263157894736842,18,18,AGATGTATGTTCCGTTATTT,0,4842694
ygfKp,0.05263157894736842,18,18,ACGCACTTCATTCAAATGTG,0,4832109
ygfKp,0.05263157894736842,18,18,ACCAGCTAGACTCACCAACC,0,4846864
ygfKp,0.05263157894736842,18,18,ACATCACAGTCCACGAGTGT,0,4827226
ygfKp,0.05263157894736842,18,18,AATACCTAGGCGGGTTATAT,0,4820963
ygfKp,0.05263157894736842,18,18,AAGTGCACGGTAGCAAGTTA,0,4818949
ygfKp,0.05263157894736842,18,18,AACCTGTCATATAAAACACT,0,4821704
ygfKp,0.05263157894736842,18,18,AAACAGCGGCGAGCGACCGC,0,4821220
ygfKp,0.05263157894736842,18,18,AAAAAATCTGAACTTCCTGA,0,4828863
ygfKp,0.05555555555555555,17,17,TTTGAGAAACCTTGGTAAAT,0,4819192
ygfKp,0.05555555555555555,17,17,TTGTAGAGTTGTACGCATGG,0,4825563
ygfKp,0.05555555555555555,17,17,TTGCGTCATCCAAGGCGATG,0,4829867
ygfKp,0.05555555555555555,17,17,TTGACACAGTTCACGCGAGC,0,4839266
ygfKp,0.05555555555555555,17,17,TTCCTATGGCCAGCTACTTG,0,4845771
ygfKp,0.05555555555555555,17,17,TTCATATTACGCGAGCAGGT,0,4845965
ygfKp,0.05555555555555555,17,17,TTACTAGCTACAAACGTGTC,0,4853730
ygfKp,0.05555555555555555,17,17,TTAAATCAACGATGTACTGA,0,4851055
ygfKp,0.05555555555555555,17,17,TTAAAATCGACGTTTTTATT,0,4848869
ygfKp,0.05555555555555555,17,17,TGTTTGGAGAGCCAGATTGA,0,4830100
ygfKp,0.05555555555555555,17,17,TGTCTACCTCCAAATGGCGA,0,4825460
ygfKp,0.05555555555555555,17,17,TGTAAGGTGTGGTGCGGGTC,0,4851103
ygfKp,0.05555555555555555,17,17,TGCTAATCCAGCGTTTGAAT,0,4839438
ygfKp,0.05555555555555555,17,17,TGCATAAGCAGATTGAATGA,0,4822668
ygfKp,0.05555555555555555,17,17,TGATTGGCCGAATACTTTCA,0,4856073
ygfKp,0.05555555555555555,17,17,TGAATAGCGCGGTGGCCGTG,0,4852046
ygfKp,0.05555555555555555,17,17,TCGAGTCGGCGAATAGTCAA,0,4820045
ygfKp,0.05555555555555555,17,17,TCGAGCGACATATTTTAACT,0,4838600
ygfKp,0.05555555555555555,17,17,TCCGCGCCATCGGCGTCCGA,0,4847385
ygfKp,0.05555555555555555,17,17,TCATCGCAACGTAAGTCCGC,0,4822052
ygfKp,0.05555555555555555,17,17,TCACTAATTAGTTTCGAGTA,0,4860831
ygfKp,0.05555555555555555,17,17,TATTTAACAGGTTATGGGGA,0,4846414
ygfKp,0.05555555555555555,17,17,TATTAACGCAGGATCTCGGT,0,4820286
ygfKp,0.05555555555555555,17,17,TAGCCACCAAAGCATCAGCA,0,4857674
ygfKp,0.05555555555555555,17,17,GTGTTCGATGTATTCAGAAT,0,4853911
ygfKp,0.05555555555555555,17,17,GTCGATCGGTCCCGGTTTGG,0,4848433
ygfKp,0.05555555555555555,17,17,GTAACGAACTCGTAGAGAAT,0,4852167
ygfKp,0.05555555555555555,17,17,GGTGTTTCTGCTAAGGGATC,0,4835731
ygfKp,0.05555555555555555,17,17,GGTGTGGCATTTAAGGGCTA,0,4848058
ygfKp,0.05555555555555555,17,17,GGTAGATCTGCGGGTGATAA,0,4843917
ygfKp,0.05555555555555555,17,17,GGGTCGAGTGTATGCCTTGA,0,4817339
ygfKp,0.05555555555555555,17,17,GGGGCAAGGATGAGTGTAAT,0,4846106
ygfKp,0.05555555555555555,17,17,GGCCGAAAAAAAAAGGTCCT,0,4830808
ygfKp,0.05555555555555555,17,17,GGCCCCTTATTCGGTGATAC,0,4853233
ygfKp,0.05555555555555555,17,17,GGCATAAGACAGGGATATGG,0,4822840
ygfKp,0.05555555555555555,17,17,GCTCCCGGGAAAGTGATTAT,0,4854045
ygfKp,0.05555555555555555,17,17,GCTACATGCATAGTTGCTCT,0,4824020
ygfKp,0.05555555555555555,17,17,GCGGCTACAGCGGAGACGAA,0,4824358
ygfKp,0.05555555555555555,17,17,GCGCTCATGATTAGATTTTT,0,4822669
ygfKp,0.05555555555555555,17,17,GCCGTCCGGGGACCTTGTCC,0,4848923
ygfKp,0.05555555555555555,17,17,GCCGATCCGTCTCACGGTTT,0,4846292
ygfKp,0.05555555555555555,17,17,GCCAGGCGCCGTCTCGAGAG,0,4841444
ygfKp,0.05555555555555555,17,17,GATCGCCCGCAGCTGGTTCA,0,4827631
ygfKp,0.05555555555555555,17,17,GAGCAGAGTGGGTCACTATA,0,4836634
ygfKp,0.05555555555555555,17,17,GACGACCGCGTAATCGTGTA,0,4844686
ygfKp,0.05555555555555555,17,17,GACCTTGCAAACTGCGAAAG,0,4836991
ygfKp,0.05555555555555555,17,17,GACCGGCTTAGCTGTCGAGA,0,4821433
ygfKp,0.05555555555555555,17,17,GAAATGGCTTTGATTGAGAT,0,4827571
ygfKp,0.05555555555555555,17,17,GAAAGGTCCTAGCTTTCACG,0,4841935
ygfKp,0.05555555555555555,17,17,CTTTTAGCGGGGTTTGATAT,0,4846496
ygfKp,0.05555555555555555,17,17,CTTTCTGGCGACTTGCCTTT,0,4836420
ygfKp,0.05555555555555555,17,17,CTCTGTATACATTGTGGAGT,0,4826167
ygfKp,0.05555555555555555,17,17,CTCACCGCTTGTCGCGGCGA,0,4855688
ygfKp,0.05555555555555555,17,17,CGTGTGCCTTAGTGACGCCA,0,4846570
ygfKp,0.05555555555555555,17,17,CGTGAGACAAAAAGAGGTCA,0,4860257
ygfKp,0.05555555555555555,17,17,CGTACTCAATACACGGGTGA,0,4841618
ygfKp,0.05555555555555555,17,17,CGGTATTTTGTGCGCACCCC,0,4860040
ygfKp,0.05555555555555555,17,17,CGGGTAGTCTAACCGAGTAC,0,4826909
ygfKp,0.05555555555555555,17,17,CGGCAGTCTGTGGCAACTGC,0,4819580
ygfKp,0.05555555555555555,17,17,CGCTAGACGCGAGGAGAACT,0,4849772
ygfKp,0.05555555555555555,17,17,CGCCTATACACGTTGAAAAA,0,4819977
ygfKp,0.05555555555555555,17,17,CGATGTCTGGTCTGCGGGAG,0,4819178
ygfKp,0.05555555555555555,17,17,CGACCAGACCTGATAGTTAG,0,4826392
ygfKp,0.05555555555555555,17,17,CCGGCGCGCCGCGCCCTCGA,0,4832118
ygfKp,0.05555555555555555,17,17,CCGGAGACGTTGAAGTAGGG,0,4837218
ygfKp,0.05555555555555555,17,17,CCCGAGTCGGAAATCGGGAG,0,4818398
ygfKp,0.05555555555555555,17,17,CAGTACTGGATCGACTTACA,0,4822633
ygfKp,0.05555555555555555,17,17,CACTATGGATGACGCCTCAT,0,4846291
ygfKp,0.05555555555555555,17,17,CACGGTGGCGTATATTAAGC,0,4855683
ygfKp,0.05555555555555555,17,17,CACAGCTGGGCTACAATAAC,0,4849199
ygfKp,0.05555555555555555,17,17,ATTTGACTCTTCTACCGTTC,0,4827032
ygfKp,0.05555555555555555,17,17,ATGACCGCTGGGGTGGGAAC,0,4853613
ygfKp,0.05555555555555555,17,17,ATATATTGATGTAGTGCGCT,0,4857198
ygfKp,0.05555555555555555,17,17,AGTTTGATCTAACCGCGACT,0,4828102
ygfKp,0.05555555555555555,17,17,AGTGATCGTTGAGAGAACTC,0,4827170
ygfKp,0.05555555555555555,17,17,AGTCGGGGAAGACTGGAGCC,0,4835301
ygfKp,0.05555555555555555,17,17,AGTATGGGCTTTGTGGCGAT,0,4833840
ygfKp,0.05555555555555555,17,17,AGGTGCTAACAGATAGGCCT,0,4823348
ygfKp,0.05555555555555555,17,17,AGCATTGAGTATTTTCGGAT,0,4839440
ygfKp,0.05555555555555555,17,17,AGATTTTATGTGCTCTCACA,0,4835995
ygfKp,0.05555555555555555,17,17,AGAGAAATTAGTCAATGTCC,0,4818177
ygfKp,0.05555555555555555,17,17,AGACGCGCGGGCAATAAGTC,0,4825243
ygfKp,0.05555555555555555,17,17,ACGTGCCGTAGGTGGCTTAT,0,4856963
ygfKp,0.05555555555555555,17,17,ACGCGAACGTAAGTCCGGGA,0,4863354
ygfKp,0.05555555555555555,17,17,ACCATTAAGTATGATCTTGG,0,4853994
ygfKp,0.05555555555555555,17,17,ACCAGGTGATATACTGGGCA,0,4832350
ygfKp,0.05555555555555555,17,17,ACAGGCCCATGGCTAGTTCA,0,4826555
ygfKp,0.05555555555555555,17,17,ACAAGCCCGTGAACTCATTT,0,4834605
ygfKp,0.05555555555555555,17,17,ACAACAGCCGTGTCCCCCCA,0,4822405
ygfKp,0.05555555555555555,17,17,AATGATACTGTGTCTAGAAG,0,4837929
ygfKp,0.05555555555555555,17,17,AATCCCGAAAGAAGACATTA,0,4861386
ygfKp,0.05555555555555555,17,17,AAGTGGGCGGTTATCGCGGG,0,4833731
ygfKp,0.05555555555555555,17,17,AAGTCTGCGCCCCGATGTTA,0,4827432
ygfKp,0.05555555555555555,17,17,AAACTAACGGACGCAATGTG,0,4835314
ygfKp,0.058823529411764705,16,16,TTTTGTAGTTAGGGTTCGAT,0,4829435
ygfKp,0.058823529411764705,16,16,TTACGACGGGCGACGCTTAC,0,4822827
ygfKp,0.058823529411764705,16,16,TGTAATCTACGGTGGTTTCT,0,4845169
ygfKp,0.058823529411764705,16,16,TGGTTTGCCGGGATATGATA,0,4835894
ygfKp,0.058823529411764705,16,16,TGGTGATTGCGTGACGAAAC,0,4831349
ygfKp,0.058823529411764705,16,16,TGCTGTCGGCTCATTAAGAT,0,4834276
ygfKp,0.058823529411764705,16,16,TGCATAGTTGATAATCGTGC,0,4862460
ygfKp,0.058823529411764705,16,16,TGCACTCACCGGGCTTGTTA,0,4832678
ygfKp,0.058823529411764705,16,16,TGAATACTAGGCACTTGGCC,0,4826546
ygfKp,0.058823529411764705,16,16,TCTTTCGGCCCTCCAACAGG,0,4835270
ygfKp,0.058823529411764705,16,16,TCTTAATCTCACTCGGTAGA,0,4849014
ygfKp,0.058823529411764705,16,16,TCTCATAATAGCCGCATCGC,0,4822484
ygfKp,0.058823529411764705,16,16,TCGTTGATGGATACAGACCT,0,4826935
ygfKp,0.058823529411764705,16,16,TCGTCTGACTCTGGACGATT,0,4835324
ygfKp,0.058823529411764705,16,16,TCGACTGGTGGACACGCTAT,0,4821125
ygfKp,0.058823529411764705,16,16,TCCTCGGGTAGCAAGTCGGA,0,4854347
ygfKp,0.058823529411764705,16,16,TCCTACCCAGCCCCTCTTCT,0,4842427
ygfKp,0.058823529411764705,16,16,TCCCTTTGGAGTTGGTCGCG,0,4828324
ygfKp,0.058823529411764705,16,16,TCAGAACTATAAATATTGGA,0,4839893
ygfKp,0.058823529411764705,16,16,TAGCCAAGCTCTATTAGGAT,0,4831017
ygfKp,0.058823529411764705,16,16,TAGATGGGGAATGGATTGTT,0,4829054
ygfKp,0.058823529411764705,16,16,GTGCAAGACTTATATGGCAA,0,4834945
ygfKp,0.058823529411764705,16,16,GTCTTAAGTTCTAGTATATC,0,4857797
ygfKp,0.058823529411764705,16,16,GTCGTTGGCCCAAGCCGGTG,0,4833043
ygfKp,0.058823529411764705,16,16,GTCCTTCATCTACGAACCAC,0,4841062
ygfKp,0.058823529411764705,16,16,GTAACTTCAAGGACGTAACG,0,4831574
ygfKp,0.058823529411764705,16,16,GTAACCACGGGAACAATCTC,0,4852919
ygfKp,0.058823529411764705,16,16,GGTTGCAAAAAAACCAGAAC,0,4844242
ygfKp,0.058823529411764705,16,16,GGTGTGCCGGTGTAGTGGAG,0,4849248
ygfKp,0.058823529411764705,16,16,GGTCTGGGCTACTGTATGAC,0,4849630
ygfKp,0.058823529411764705,16,16,GGGAAGCCCGGCTAATCTTG,0,4858045
ygfKp,0.058823529411764705,16,16,GGCTCGCGCTCGCGACTGCT,0,4847002
ygfKp,0.058823529411764705,16,16,GGCTATGGTTCTACTATACT,0,4851766
ygfKp,0.058823529411764705,16,16,GGCTACCGGCTCCCATGGAA,0,4828151
ygfKp,0.058823529411764705,16,16,GGATTTGTCTGTGATGTGCG,0,4841669
ygfKp,0.058823529411764705,16,16,GGATAACCTTCATTCCCACA,0,4817133
ygfKp,0.058823529411764705,16,16,GGAGTATACTGTGAAACTAG,0,4831894
ygfKp,0.058823529411764705,16,16,GCTTTTTTACCTTCTTGAGC,0,4841845
ygfKp,0.058823529411764705,16,16,GCTTTTCATACCTCGAATAG,0,4835006
ygfKp,0.058823529411764705,16,16,GCGGTCGGTACACCGACTAA,0,4820706
ygfKp,0.058823529411764705,16,16,GCGGGAGTCCGCTTCTGCAT,0,4827511
ygfKp,0.058823529411764705,16,16,GCGATGCACCGGACTTGATT,0,4818374
ygfKp,0.058823529411764705,16,16,GATTCGATATATGCACGGAG,0,4835924
ygfKp,0.058823529411764705,16,16,GAGTGTAATCCTTAGGGTTC,0,4834986
ygfKp,0.058823529411764705,16,16,GAGGCGAAATGTTTGGAAAT,0,4851781
ygfKp,0.058823529411764705,16,16,GACCGGAGCCGCCGGTTTGC,0,4847783
ygfKp,0.058823529411764705,16,16,GAATATCACGCATCCTGCAG,0,4830647
ygfKp,0.058823529411764705,16,16,GAAACCTGACCACAATCCCA,0,4818874
ygfKp,0.058823529411764705,16,16,CTTTTGGTGTTGGAGCTGTT,0,4846283
ygfKp,0.058823529411764705,16,16,CTTGGTGTTTATCGGGCTTA,0,4830093
ygfKp,0.058823529411764705,16,16,CTTGGTAAAAATCGCTCATA,0,4839725
ygfKp,0.058823529411764705,16,16,CTGGCCACTGATTTGTCTCT,0,4855767
ygfKp,0.058823529411764705,16,16,CTGCTCCAAGATAGAATGGA,0,4845426
ygfKp,0.058823529411764705,16,16,CTGCATGACCATGAGGATTC,0,4849258
ygfKp,0.058823529411764705,16,16,CTGAACCGGAGCTCAGGTCA,0,4858035
ygfKp,0.058823529411764705,16,16,CTAAGAGAAGGTATCGCGCC,0,4855618
ygfKp,0.058823529411764705,16,16,CGTGGCGTCCATTATTCTCT,0,4819533
ygfKp,0.058823529411764705,16,16,CGTAATCCGAGGCCAAAAGT,0,4843818
ygfKp,0.058823529411764705,16,16,CGGCTCTCTTGAAGTTCGCG,0,4863107
ygfKp,0.058823529411764705,16,16,CGCACAGCTTCCCGGTTAGC,0,4855305
ygfKp,0.058823529411764705,16,16,CGATTCAGGGGTATTCGCGT,0,4860363
ygfKp,0.058823529411764705,16,16,CGATCTGGTCATATTGTTCA,0,4820406
ygfKp,0.058823529411764705,16,16,CGAGCGCTGAAGATTTATCT,0,4846223
ygfKp,0.058823529411764705,16,16,CCTATCTTTCATGTTGTTCG,0,4862106
ygfKp,0.058823529411764705,16,16,CCGGACGGTTCAAAAGGGAA,0,4826394
ygfKp,0.058823529411764705,16,16,CCGACCCCAAATATGCACCA,0,4836170
ygfKp,0.058823529411764705,16,16,CCCTAGAAAGGTCACCCGCA,0,4841038
ygfKp,0.058823529411764705,16,16,CCCAGCCCGGGGGCTATCTT,0,4829043
ygfKp,0.058823529411764705,16,16,CCAGTCTCAGCGCTTCATCA,0,4858727
ygfKp,0.058823529411764705,16,16,CCACGCATGGGTACCCGTGA,0,4835913
ygfKp,0.058823529411764705,16,16,CAAGGCACCTTCACGCGTCA,0,4836832
ygfKp,0.058823529411764705,16,16,ATTTTGTAAGTGTTTGAATT,0,4842154
ygfKp,0.058823529411764705,16,16,ATGCGGTGGGATTGTAATTT,0,4842064
ygfKp,0.058823529411764705,16,16,ATCTAACTGGACGGTAAGTA,0,4847585
ygfKp,0.058823529411764705,16,16,ATAAATGGGGATCCGCCCAC,0,4849919
ygfKp,0.058823529411764705,16,16,AGTCAGCGCCGAGCGTACGG,0,4827629
ygfKp,0.058823529411764705,16,16,AGGCAGTGCATACGAGATTA,0,4832528
ygfKp,0.058823529411764705,16,16,AGGAAGCCGGTCAAATTTCC,0,4820741
ygfKp,0.058823529411764705,16,16,AGCGCGCGACCTATCTGTGT,0,4846029
ygfKp,0.058823529411764705,16,16,AGCAAGTTACATATAAGTTT,0,4828436
ygfKp,0.058823529411764705,16,16,AGATCCAAACCTTATAACAT,0,4835009
ygfKp,0.058823529411764705,16,16,AGATAACCCTTTAATTATCA,0,4835122
ygfKp,0.058823529411764705,16,16,AGACTCGGTACTTTTTCTTA,0,4862355
ygfKp,0.058823529411764705,16,16,ACGGAGTTTATCTAGACAAA,0,4821616
ygfKp,0.058823529411764705,16,16,ACCTTGCGGTCACAGCAATT,0,4849097
ygfKp,0.058823529411764705,16,16,ACAATCGCCTCGTAGAGCCT,0,4832361
ygfKp,0.058823529411764705,16,16,AAGCCCTATTACGCAGTTTG,0,4843170
ygfKp,0.058823529411764705,16,16,AACTCATCATATGACGAGCT,0,4860654
ygfKp,0.058823529411764705,16,16,AACGTCGCACACACAGGCGT,0,4827604
ygfKp,0.058823529411764705,16,16,AACCCAGACCACCCTAGGAG,0,4853336
ygfKp,0.058823529411764705,16,16,AACATGACCCGCGCTTCGCA,0,4833717
ygfKp,0.058823529411764705,16,16,AACAACGTACTCATATTTAT,0,4818804
ygfKp,0.058823529411764705,16,16,AAATTGTTAACGATGAGAAT,0,4857423
ygfKp,0.058823529411764705,16,16,AAACCCTCGGAGGCAGCGAT,0,4827510
ygfKp,0.058823529411764705,16,16,AAAAAAGGTCTAGTTATCGC,0,4859878
ygfKp,0.0625,15,15,TTTTAGCACAGAGTTAGCCC,0,4833611
ygfKp,0.0625,15,15,TTGGGTATGTGTCATCCTGG,0,4847163
ygfKp,0.0625,15,15,TTGGCAGTGCGTTTTAGTCT,0,4853463
ygfKp,0.0625,15,15,TTCCGCTCATCCCGGGCTGC,0,4855965
ygfKp,0.0625,15,15,TGTTGTAACAAATTCAGCCT,0,4821913
ygfKp,0.0625,15,15,TGTTAGGCTCACACAGCCAA,0,4831751
ygfKp,0.0625,15,15,TGGTCTCCAAATCGTGTGAC,0,4834603
ygfKp,0.0625,15,15,TGGTCCCATTCGGCTTACAT,0,4820894
ygfKp,0.0625,15,15,TGGCCTATCCGAGACGGCAT,0,4855263
ygfKp,0.0625,15,15,TGGCCCCGCTCAAGGCGGCG,0,4860073
ygfKp,0.0625,15,15,TGGATGGTAGTCTATAACGG,0,4847042
ygfKp,0.0625,15,15,TGCTTCAACACATGTGACTG,0,4834478
ygfKp,0.0625,15,15,TGCTGCATGCGCCAGCGTTA,0,4834676
ygfKp,0.0625,15,15,TGCCTTGAAATGTATGACGT,0,4855962
ygfKp,0.0625,15,15,TGATGTATCCGAGCTCAGCA,0,4851229
ygfKp,0.0625,15,15,TGACAGGATAGTGGTATCGT,0,4832501
ygfKp,0.0625,15,15,TCTGAATAAGCATTATGGGA,0,4829301
ygfKp,0.0625,15,15,TCTCTATCGATGAGTTCGTG,0,4834611
ygfKp,0.0625,15,15,TCCGTGACTCTCTCGACCGC,0,4852514
ygfKp,0.0625,15,15,TCCACACACCGCTTGTGGCA,0,4842369
ygfKp,0.0625,15,15,TCCACACAAGGCGTTCGCTC,0,4838883
ygfKp,0.0625,15,15,TCATTCCTACGTCTGACTAG,0,4840052
ygfKp,0.0625,15,15,TCACATTTCCGAGCTAAGAT,0,4836555
ygfKp,0.0625,15,15,TCACACCAATTTATACTAGG,0,4839857
ygfKp,0.0625,15,15,TATGGCCCGTGAAGATTAGT,0,4854349
ygfKp,0.0625,15,15,TATCAGGCTGCATAACCCGA,0,4821993
ygfKp,0.0625,15,15,TATATCTAAGTCAAATCCCC,0,4826341
ygfKp,0.0625,15,15,TATAACCGGGAATAGGTATA,0,4835123
ygfKp,0.0625,15,15,TAGGATCTACTTGCGGCCCA,0,4838501
ygfKp,0.0625,15,15,TAGCAAGGAAATCTACATGA,0,4825861
ygfKp,0.0625,15,15,TAGAGAATGGCATGCACGAT,0,4844685
ygfKp,0.0625,15,15,TAGACGGAGTGGGGTGTTGT,0,4861528
ygfKp,0.0625,15,15,TAATGGAGGGGGACCCCAGT,0,4861500
ygfKp,0.0625,15,15,TAAGAGCAAGCACCTTGTGT,0,4822918
ygfKp,0.0625,15,15,TAACCGCGGGTGACCCTCTT,0,4826912
ygfKp,0.0625,15,15,TAACCGCAACAGCGCATTGG,0,4832453
ygfKp,0.0625,15,15,TAAAGTCAGTAAGTCCCATC,0,4840341
ygfKp,0.0625,15,15,GTTCAGGAGACTCTCTGCGC,0,4832320
ygfKp,0.0625,15,15,GTTAACAGTGCGCTGAAGTG,0,4819545
ygfKp,0.0625,15,15,GTGCACTTATTAACACCCGA,0,4833345
ygfKp,0.0625,15,15,GTCGAAATGTGATCGTAGCA,0,4817388
ygfKp,0.0625,15,15,GTCCGGCCCTGAATCAGGCA,0,4833071
ygfKp,0.0625,15,15,GTAAATACATGTGGTGTCTC,0,4861662
ygfKp,0.0625,15,15,GGTTAATCCAGTGACGGCCC,0,4861388
ygfKp,0.0625,15,15,GGGTAGAATGATAACACGAT,0,4861544
ygfKp,0.0625,15,15,GGGCACAGGGGTTGCAATTG,0,4852526
ygfKp,0.0625,15,15,GGCGGGGAGGGTTTCACACC,0,4821736
ygfKp,0.0625,15,15,GGAGTGCTTTCACCGTAGTC,0,4846203
ygfKp,0.0625,15,15,GGAGCACGCGATCGTACGAG,0,4850511
ygfKp,0.0625,15,15,GCTTGCACAGGCAGTACAAT,0,4850725
ygfKp,0.0625,15,15,GCGCCACAGACTATTTATCT,0,4822854
ygfKp,0.0625,15,15,GCGACCCAGTAATATAGTAT,0,4849800
ygfKp,0.0625,15,15,GATTAAGCAGAATACATGCC,0,4832887
ygfKp,0.0625,15,15,GAGTGGAACTTGCTTGGATG,0,4818036
ygfKp,0.0625,15,15,GAGGGACTGGTCCGAGCACA,0,4831454
ygfKp,0.0625,15,15,GAGGATTGGTAATGTAATAA,0,4829303
ygfKp,0.0625,15,15,GAGCACTCAAACGATCGTAA,0,4837201
ygfKp,0.0625,15,15,GACCTAATCCAATGATCCTG,0,4825556
ygfKp,0.0625,15,15,GACCAAATCCTATCAACCAT,0,4839975
ygfKp,0.0625,15,15,GAACATTATGAGCAACAAAG,0,4835037
ygfKp,0.0625,15,15,GAAAAGGGAGAGTAATGCGC,0,4843052
ygfKp,0.0625,15,15,CTTTGCTAAAAATGATTGGA,0,4849171
ygfKp,0.0625,15,15,CTTTACGTCGTGCTTACATT,0,4861306
ygfKp,0.0625,15,15,CTTACCGGTGATTGCCATTC,0,4831637
ygfKp,0.0625,15,15,CTGGGTTAAATTCAACACCC,0,4843817
ygfKp,0.0625,15,15,CTGGGCTTTGGAAGTAAAGA,0,4849329
ygfKp,0.0625,15,15,CTGCCCAGGGGCAGGGCGCG,0,4854354
ygfKp,0.0625,15,15,CTCGGGTGAGTTAACGTAAA,0,4835321
ygfKp,0.0625,15,15,CTATAAAGGTGGTTTCAAAA,0,4823739
ygfKp,0.0625,15,15,CTAGCAGTGCAAAACCCGTA,0,4824178
ygfKp,0.0625,15,15,CTAGAAATGGATTTAAACCA,0,4818368
ygfKp,0.0625,15,15,CGTGTTCAGCGCTTAGTTAC,0,4827023
ygfKp,0.0625,15,15,CGTAACAACAGGAACCATCT,0,4826549
ygfKp,0.0625,15,15,CGGGGTTTAGCTAACGGCAA,0,4860922
ygfKp,0.0625,15,15,CGGCTTTCACTACGGTGCTG,0,4829751
ygfKp,0.0625,15,15,CGGAAACTTGAGTACCTATG,0,4850872
ygfKp,0.0625,15,15,CGCCAACAAATGAGCGTAAT,0,4832684
ygfKp,0.0625,15,15,CGAAGGCGTACCAGTGAAAA,0,4821152
ygfKp,0.0625,15,15,CGAAGAGTGGTGGAATACAA,0,4857514
ygfKp,0.0625,15,15,CGAACCACTAGCGAGTCATT,0,4848922
ygfKp,0.0625,15,15,CCTTGGTTACTCCACGCAGT,0,4830553
ygfKp,0.0625,15,15,CCTTCTTAAGTTTTTTCCGC,0,4842470
ygfKp,0.0625,15,15,CCTTCTCTACTGTACGGTTT,0,4820285
ygfKp,0.0625,15,15,CCTCTAGGCGTGTCGCCATC,0,4854736
ygfKp,0.0625,15,15,CCGTGGAAACGGGATTCAAA,0,4833295
ygfKp,0.0625,15,15,CCGTCTCCGTACAGGGCGTC,0,4844682
ygfKp,0.0625,15,15,CCGTAATTTGGGCATCACCC,0,4840354
ygfKp,0.0625,15,15,CCGAGGGTTACCGCCAGAAC,0,4844800
ygfKp,0.0625,15,15,CCATTCAGAATTATAAGCAT,0,4829066
ygfKp,0.0625,15,15,CAGGGGCAGATGTAAAGGTG,0,4841122
ygfKp,0.0625,15,15,CAGCACATCGTCCCGGCGAA,0,4848769
ygfKp,0.0625,15,15,CACGGTACTCTAGCGTAGAG,0,4836028
ygfKp,0.0625,15,15,CAATCAATTGAGGCAGGGGT,0,4823720
ygfKp,0.0625,15,15,CAATACTGAATGTCGTGAAT,0,4817332
ygfKp,0.0625,15,15,ATTGGCTGACGGAATTTTGG,0,4840144
ygfKp,0.0625,15,15,ATTGAGCCTTGGCTTTTATT,0,4829065
ygfKp,0.0625,15,15,ATTATCTATGGGTAATGCAC,0,4822317
ygfKp,0.0625,15,15,ATGCGTATCCAGGACGGGTA,0,4854353
ygfKp,0.0625,15,15,ATCGCCATTGCCGTTCTGAA,0,4825756
ygfKp,0.0625,15,15,ATATGGAAGAACATTCTCTG,0,4843910
ygfKp,0.0625,15,15,AGTGAATTGGAGCCCGGTTT,0,4855499
ygfKp,0.0625,15,15,AGTCTCGCCAAGGTCCGAAA,0,4827570
ygfKp,0.0625,15,15,AGGGTTAACCTGTTCCCCCC,0,4829327
ygfKp,0.0625,15,15,AGGGATTTATCGGTAGCCGA,0,4818631
ygfKp,0.0625,15,15,AGGCGTATTCATGGCTGTGC,0,4859349
ygfKp,0.0625,15,15,AGCGGTATATCGTGATGACT,0,4837937
ygfKp,0.0625,15,15,AGCGGATCCAACGTTGTTTC,0,4837308
ygfKp,0.0625,15,15,AGAATTAAGTTTAAATAGCT,0,4838888
ygfKp,0.0625,15,15,ACTCTGCGAACGAATTCACC,0,4860728
ygfKp,0.0625,15,15,ACGTTCTTTCAGAGACTTGG,0,4817725
ygfKp,0.0625,15,15,ACGCTACGAACCTGGGACGA,0,4827258
ygfKp,0.0625,15,15,ACGAGCATTGCCGTGAAGCG,0,4839562
ygfKp,0.0625,15,15,ACCTCACCAACGGCGATATA,0,4834507
ygfKp,0.0625,15,15,ACATACGGTCTGTGAAACAA,0,4863695
ygfKp,0.0625,15,15,ACATAAGCCCCACTGGTGTC,0,4851217
ygfKp,0.0625,15,15,ACAGCTGAGCCGTCATCCAT,0,4821912
ygfKp,0.0625,15,15,ACACACTCAGATTCCATTGA,0,4825140
ygfKp,0.0625,15,15,AATCCAAAAGAAGACGACGG,0,4837911
ygfKp,0.0625,15,15,AATCAAACAACCCAGGGGCT,0,4822321
ygfKp,0.0625,15,15,AATAGAGGCAGACAGTCTGG,0,4848876
ygfKp,0.0625,15,15,AATAAGGTATCTGCAGCCGT,0,4837566
ygfKp,0.0625,15,15,AACGCAAGCGATCCTTAGTT,0,4825838
ygfKp,0.0625,15,15,AACAGTCTTGTCTCCATTTA,0,4846355
ygfKp,0.0625,15,15,AACACGCATACGTATGACGT,0,4837877
ygfKp,0.0625,15,15,AAATAGGATTCACCTCTTGT,0,4848803
ygfKp,0.0625,15,15,AAACATGGTACAGCGACTCA,0,4842462
ygfKp,0.06666666666666667,14,14,TTGTTCGTCGCAGCCACTCT,0,4842010
ygfKp,0.06666666666666667,14,14,TTGGCAAAAACTTAGAAGCA,0,4855109
ygfKp,0.06666666666666667,14,14,TTGCCCAGGAGTTAACGTCA,0,4827438
ygfKp,0.06666666666666667,14,14,TTGATGTGCCACCCTACTTT,0,4839565
ygfKp,0.06666666666666667,14,14,TTCTGGAAGACGCACTGGAA,0,4827830
ygfKp,0.06666666666666667,14,14,TTCCGGGAGGGGGGTTCGGG,0,4832479
ygfKp,0.06666666666666667,14,14,TTAATTAGGGGTTGTCGTGG,0,4842139
ygfKp,0.06666666666666667,14,14,TTAATGGAGTACGTGCTTAC,0,4821681
ygfKp,0.06666666666666667,14,14,TGTGCAACGCAGTGTGGTCT,0,4836198
ygfKp,0.06666666666666667,14,14,TGTATAAAAATCTGCCTCCC,0,4830638
ygfKp,0.06666666666666667,14,14,TGGCTGGCGCGGGGATATTG,0,4829127
ygfKp,0.06666666666666667,14,14,TGCGAGCAAATGCTCTGAGT,0,4853464
ygfKp,0.06666666666666667,14,14,TGAACTTCTAACCGGCATGT,0,4843731
ygfKp,0.06666666666666667,14,14,TCTTTGAGACTGTCGGGCAT,0,4852282
ygfKp,0.06666666666666667,14,14,TCTGTGGTCCTGTCACTTGG,0,4862028
ygfKp,0.06666666666666667,14,14,TCTCCGAATTGCATAGCACG,0,4850918
ygfKp,0.06666666666666667,14,14,TCGGCCAAATATGGTGACAT,0,4846095
ygfKp,0.06666666666666667,14,14,TCGGCAAATGCGCGATTGAC,0,4844858
ygfKp,0.06666666666666667,14,14,TCAGCAGGGAGATGGGCCTT,0,4826332
ygfKp,0.06666666666666667,14,14,TCAGATGTTTAGCAATGTGC,0,4820709
ygfKp,0.06666666666666667,14,14,TAGGGTTGCTAAACAAGTCC,0,4826094
ygfKp,0.06666666666666667,14,14,TACCCCTTACCAAGTTCACA,0,4852782
ygfKp,0.06666666666666667,14,14,TACATTGTGCTGGACGAACT,0,4836166
ygfKp,0.06666666666666667,14,14,TAAGATGCGTAGGTACCGGT,0,4826923
ygfKp,0.06666666666666667,14,14,TAACCCATCCCCTGCGGTCT,0,4854007
ygfKp,0.06666666666666667,14,14,GTTGACACCAAGAGGACGCC,0,4848655
ygfKp,0.06666666666666667,14,14,GTGTCCTACCCGCGAGCCGG,0,4818636
ygfKp,0.06666666666666667,14,14,GTGACCATGTCTATACCTAC,0,4845087
ygfKp,0.06666666666666667,14,14,GTCGTAAAGCCCTCGTTCTA,0,4823382
ygfKp,0.06666666666666667,14,14,GTAAGCCCCATTCCAGCTCC,0,4843927
ygfKp,0.06666666666666667,14,14,GGTTATTTGTTTCAGGCTCG,0,4835900
ygfKp,0.06666666666666667,14,14,GGTTAGCGTAGATAGGGACC,0,4847616
ygfKp,0.06666666666666667,14,14,GGGCCATGTAAGCTAGGATG,0,4823992
ygfKp,0.06666666666666667,14,14,GGGCATTCATCATACAGTAA,0,4860744
ygfKp,0.06666666666666667,14,14,GGCTATAACGTCAGTATTTC,0,4820262
ygfKp,0.06666666666666667,14,14,GGCCAATCCTCAATCTAGAC,0,4824625
ygfKp,0.06666666666666667,14,14,GGACACTGCGAGGGTTAATT,0,4855202
ygfKp,0.06666666666666667,14,14,GCTTGCGGATAGCACCTTAG,0,4824874
ygfKp,0.06666666666666667,14,14,GCTTCTGTGGCCACCACGTC,0,4846279
ygfKp,0.06666666666666667,14,14,GCTACGCGCGGTTAAGGAGA,0,4843664
ygfKp,0.06666666666666667,14,14,GCTACCCCCTCTTTTACTGA,0,4827815
ygfKp,0.06666666666666667,14,14,GCGGGGCGCCGGGCAGTCGT,0,4854064
ygfKp,0.06666666666666667,14,14,GCGGGGAGTTTCATCGAAAA,0,4820290
ygfKp,0.06666666666666667,14,14,GCCGAAACGAGTTGCGGCAC,0,4839998
ygfKp,0.06666666666666667,14,14,GATTCAGATTTTGGGGGCCA,0,4849254
ygfKp,0.06666666666666667,14,14,GATTAGATTTGTAGGACCTA,0,4834642
ygfKp,0.06666666666666667,14,14,GATGATACCGCCGAGCACTT,0,4822666
ygfKp,0.06666666666666667,14,14,GATGAGAGTCGGCAAAAGCT,0,4862151
ygfKp,0.06666666666666667,14,14,GAGACGGCACTGGTATACTA,0,4831736
ygfKp,0.06666666666666667,14,14,GACATTAAAATATTCCTAAA,0,4830452
ygfKp,0.06666666666666667,14,14,GACATCCCCCCCACCATAGG,0,4824577
ygfKp,0.06666666666666667,14,14,GAATTCACAACTCGGAGTCC,0,4840558
ygfKp,0.06666666666666667,14,14,GAATCCGATGGAGCGATGGT,0,4847109
ygfKp,0.06666666666666667,14,14,GAATAGAGAATTCAATTAAC,0,4821258
ygfKp,0.06666666666666667,14,14,GAAAGAGTCTAGCTCTTAGA,0,4844136
ygfKp,0.06666666666666667,14,14,GAAAACTACTAGACTCCGAT,0,4842690
ygfKp,0.06666666666666667,14,14,CTTTGAGCGACATCTTCGCG,0,4837077
ygfKp,0.06666666666666667,14,14,CTTTAATGCACGGCGTTCAC,0,4822494
ygfKp,0.06666666666666667,14,14,CTTCTGGCAGAGTCAGCCGA,0,4856429
ygfKp,0.06666666666666667,14,14,CTTCGGCGATTGAAACTCTC,0,4854754
ygfKp,0.06666666666666667,14,14,CTTCCCGCGAATATAAGATT,0,4849457
ygfKp,0.06666666666666667,14,14,CTGTTAACTCACTTTGTTGA,0,4861806
ygfKp,0.06666666666666667,14,14,CTGTGCGTGACGGAGAGTAT,0,4854145
ygfKp,0.06666666666666667,14,14,CTGCTGCGTACATGACCGGT,0,4836993
ygfKp,0.06666666666666667,14,14,CTGATTATTACGAAGAATCT,0,4851594
ygfKp,0.06666666666666667,14,14,CTCAGCGCTAGGCTACACTG,0,4822874
ygfKp,0.06666666666666667,14,14,CTAGTTTGATCCGCACTCGC,0,4856944
ygfKp,0.06666666666666667,14,14,CTAGAGGTGCCTTAGGGTGC,0,4860060
ygfKp,0.06666666666666667,14,14,CGTATCTAGGTGCGCTTGGA,0,4846876
ygfKp,0.06666666666666667,14,14,CGTACAGAAGCGCCTAATAC,0,4856758
ygfKp,0.06666666666666667,14,14,CGGTAATAACCGAGGAACAT,0,4851019
ygfKp,0.06666666666666667,14,14,CGGGTTCTCTGGGCAAAAAA,0,4842428
ygfKp,0.06666666666666667,14,14,CGGGAACCATACTGCACCGG,0,4835273
ygfKp,0.06666666666666667,14,14,CGGATCTTTGAACAGCGTAG,0,4818916
ygfKp,0.06666666666666667,14,14,CGCCTCGTCCCGGGGTACAT,0,4833919
ygfKp,0.06666666666666667,14,14,CGCAGCAACGCTTAAGGGGT,0,4848374
ygfKp,0.06666666666666667,14,14,CGCAATTTGATTCACCACTA,0,4831498
ygfKp,0.06666666666666667,14,14,CGAGAGAAGTCTCGCCTGAG,0,4832125
ygfKp,0.06666666666666667,14,14,CGAGAGAAACTACGCCAATC,0,4854048
ygfKp,0.06666666666666667,14,14,CGACTTGCATCTGTAGTCAA,0,4823863
ygfKp,0.06666666666666667,14,14,CCTCCGAATCGCTCTATCAA,0,4825790
ygfKp,0.06666666666666667,14,14,CCGAGGCTCCAGTTCAGTAA,0,4825850
ygfKp,0.06666666666666667,14,14,CCAGCCCGCATATACAAAAG,0,4846066
ygfKp,0.06666666666666667,14,14,CCACTGATGCCATTAAGTTA,0,4827352
ygfKp,0.06666666666666667,14,14,CATGCCCCACGGAGTGAGCC,0,4860678
ygfKp,0.06666666666666667,14,14,CAGGCACGCCAGTCATCGTG,0,4858711
ygfKp,0.06666666666666667,14,14,CAGATTGCAATGTTTAATAT,0,4863785
ygfKp,0.06666666666666667,14,14,CACGGCCCTTTTCCGGGATG,0,4835253
ygfKp,0.06666666666666667,14,14,CACCTCCTGAGAGAGAATGG,0,4845049
ygfKp,0.06666666666666667,14,14,CAAACAAGGATGTCTTTTGA,0,4858653
ygfKp,0.06666666666666667,14,14,ATTTTCGATGCATATTTCGG,0,4842370
ygfKp,0.06666666666666667,14,14,ATTGGGATATTACTCTGGGA,0,4840744
ygfKp,0.06666666666666667,14,14,ATTCTACACGTCGAAGACTT,0,4828702
ygfKp,0.06666666666666667,14,14,ATCTGTCCCAACGGGTTTCA,0,4836025
ygfKp,0.06666666666666667,14,14,ATCTAGACTCGTGTTCGGGA,0,4827025
ygfKp,0.06666666666666667,14,14,ATACATGTACTTGGTGACGG,0,4823859
ygfKp,0.06666666666666667,14,14,ATAACCAATGAGTCTAAATA,0,4862045
ygfKp,0.06666666666666667,14,14,AGGTGCGATTAGCAAAGCGA,0,4858106
ygfKp,0.06666666666666667,14,14,AGGCGGTAGGGAGCCGCCCC,0,4831077
ygfKp,0.06666666666666667,14,14,AGCGGCTGGGACAAACGAGT,0,4845530
ygfKp,0.06666666666666667,14,14,AGCATCCGTCACCAACCTCT,0,4829212
ygfKp,0.06666666666666667,14,14,AGATGCAGGGTCCTGACCGT,0,4842786
ygfKp,0.06666666666666667,14,14,AGAGTGCCTCTCCCCCATTC,0,4854225
ygfKp,0.06666666666666667,14,14,AGAGGCCAACTATCTCTTAT,0,4839166
ygfKp,0.06666666666666667,14,14,AGAGCACGTACGTATTGGTA,0,4844827
ygfKp,0.06666666666666667,14,14,AGACGCGATATCTAATTACT,0,4851514
ygfKp,0.06666666666666667,14,14,ACTCAATCAAAGGGGGGAAC,0,4843860
ygfKp,0.06666666666666667,14,14,ACCTAAAGGAGCTTCAGTCT,0,4835729
ygfKp,0.06666666666666667,14,14,ACCGATGAGACTCGGATCTG,0,4821168
ygfKp,0.06666666666666667,14,14,ACCAATGGTACCTCACCGTA,0,4825187
ygfKp,0.06666666666666667,14,14,ACATGCTAGTCGCTATCAAT,0,4861514
ygfKp,0.06666666666666667,14,14,ACACGTATGCTCTCGAGGAG,0,4841018
ygfKp,0.06666666666666667,14,14,AATGTCTTGCAGATTGCCTA,0,4850389
ygfKp,0.06666666666666667,14,14,AATAAGGGGCCTTGGCCAGA,0,4837478
ygfKp,0.06666666666666667,14,14,AAGTCATCGGTGACGGGGAC,0,4841832
ygfKp,0.06666666666666667,14,14,AACGGGATCTATTCGCCCAT,0,4836836
ygfKp,0.06666666666666667,14,14,AACATGTTGCGGCCCATGGA,0,4820729
ygfKp,0.06666666666666667,14,14,AAAGTTAGCTAGCGGGTAGG,0,4860849
ygfKp,0.07142857142857142,13,13,TTTGGCGGCGTTGCTTGAGT,0,4823989
ygfKp,0.07142857142857142,13,13,TTTCCTTGCCACTGTAGTGT,0,4844814
ygfKp,0.07142857142857142,13,13,TTTCCGGCTCTGTAGGGTCG,0,4856093
ygfKp,0.07142857142857142,13,13,TTTCACTGTCCCGTTTTATT,0,4827657
ygfKp,0.07142857142857142,13,13,TTTATCGAATTCTGAGATGC,0,4847688
ygfKp,0.07142857142857142,13,13,TTTAGTGTATTGGCGATTGG,0,4847601
ygfKp,0.07142857142857142,13,13,TTGTGGAAGCATAGTGCCAT,0,4839007
ygfKp,0.07142857142857142,13,13,TTGCGCTCCCGTAAATATTC,0,4858373
ygfKp,0.07142857142857142,13,13,TTGCCGACTAAATGATTGCG,0,4832474
ygfKp,0.07142857142857142,13,13,TTGCACCGCCGCTCGCGTCT,0,4854000
ygfKp,0.07142857142857142,13,13,TTCGACTTTATGTGTATCTA,0,4862257
ygfKp,0.07142857142857142,13,13,TTATGTCTCGAGGGTAACTT,0,4825456
ygfKp,0.07142857142857142,13,13,TTAAAGAAAGCATAACGGAG,0,4826163
ygfKp,0.07142857142857142,13,13,TGTGACGTCCGCGTGCTCTG,0,4842795
ygfKp,0.07142857142857142,13,13,TGGATGGCACTAGATGGTCA,0,4859555
ygfKp,0.07142857142857142,13,13,TGCGGCTGGTAATGCGGATA,0,4826309
ygfKp,0.07142857142857142,13,13,TGATCATTGTATCCAAGGCT,0,4856370
ygfKp,0.07142857142857142,13,13,TGAGTATTGTCACAACACAG,0,4853435
ygfKp,0.07142857142857142,13,13,TGACTCTGCCCTTATAAACG,0,4860623
ygfKp,0.07142857142857142,13,13,TCTTGCCTCTATACGTGCTT,0,4832521
ygfKp,0.07142857142857142,13,13,TCTTCAGCCCTAGCTAACAT,0,4829215
ygfKp,0.07142857142857142,13,13,TCTGGAGATTCCTCATTTGC,0,4847185
ygfKp,0.07142857142857142,13,13,TCTCACGTGAATCAACGGAC,0,4832956
ygfKp,0.07142857142857142,13,13,TCGTTAGTGCCCTCGACATC,0,4856488
ygfKp,0.07142857142857142,13,13,TCCGAGGCCAGCCTAAAGCT,0,4818579
ygfKp,0.07142857142857142,13,13,TCAAGATTAGAATGCTCCGA,0,4837706
ygfKp,0.07142857142857142,13,13,TATTATTGTAATCACCGTGA,0,4829516
ygfKp,0.07142857142857142,13,13,TATCTGGATTTCGGTTGGTT,0,4851222
ygfKp,0.07142857142857142,13,13,TACGAACTGCATGCCTATTC,0,4850717
ygfKp,0.07142857142857142,13,13,TACAGCTTGGACTCCATTGT,0,4856186
ygfKp,0.07142857142857142,13,13,TAATTATGAAGAGTATCTGC,0,4850220
ygfKp,0.07142857142857142,13,13,TAAGTACGTCTTATATCATT,0,4818862
ygfKp,0.07142857142857142,13,13,TAACTGATGGATGGGTATCG,0,4838616
ygfKp,0.07142857142857142,13,13,GTTAGTTCGCGGTGCGGTGT,0,4861976
ygfKp,0.07142857142857142,13,13,GTTACTTCTTAGAAGGACGG,0,4841040
ygfKp,0.07142857142857142,13,13,GTGTGTAGGTTACATGCGTA,0,4829416
ygfKp,0.07142857142857142,13,13,GTGCCAAGTTCACTATATGA,0,4831897
ygfKp,0.07142857142857142,13,13,GTGCAACGTCAGGCTCCTTC,0,4820040
ygfKp,0.07142857142857142,13,13,GTCTATAATCCGTCATCAGT,0,4817530
ygfKp,0.07142857142857142,13,13,GGTCTTTGATGCGGATGTCA,0,4830426
ygfKp,0.07142857142857142,13,13,GGTATTCTGGACCGCGTTAA,0,4822603
ygfKp,0.07142857142857142,13,13,GGGTCGCGACGCAGGAGCGG,0,4836185
ygfKp,0.07142857142857142,13,13,GGGGTAGCTAACGAAACAAG,0,4818302
ygfKp,0.07142857142857142,13,13,GGGGATCTGCTTCATTGCGA,0,4843027
ygfKp,0.07142857142857142,13,13,GGGGACCCCGCTTTTTTCTT,0,4860532
ygfKp,0.07142857142857142,13,13,GGGCATTAGCTAGTGGGTAA,0,4836066
ygfKp,0.07142857142857142,13,13,GGGATAGATATCGGCATCGT,0,4843383
ygfKp,0.07142857142857142,13,13,GGGAACCGTTTAGCGCTACC,0,4861867
ygfKp,0.07142857142857142,13,13,GGCTATCCCATAGCCCCTCA,0,4861537
ygfKp,0.07142857142857142,13,13,GGCATCATAACATTCCCGGC,0,4863698
ygfKp,0.07142857142857142,13,13,GGATATCCGGATGATGTGGT,0,4821164
ygfKp,0.07142857142857142,13,13,GGATACCCCCACAGATGCCA,0,4823822
ygfKp,0.07142857142857142,13,13,GGAAAGACGAACGGCAATTT,0,4855031
ygfKp,0.07142857142857142,13,13,GCTTCATTTAAAGTTATTCA,0,4850651
ygfKp,0.07142857142857142,13,13,GCTAAGCCTATTGGCCACTT,0,4846433
ygfKp,0.07142857142857142,13,13,GCGTTCTATAGAAATGCAGG,0,4817130
ygfKp,0.07142857142857142,13,13,GCGCCCGAACAATCGGTTAA,0,4821157
ygfKp,0.07142857142857142,13,13,GCGCACCCACAATGATTTAT,0,4827585
ygfKp,0.07142857142857142,13,13,GCGATTTTTTGATGGTCCGA,0,4832200
ygfKp,0.07142857142857142,13,13,GCCGCAACGGTCTGGAAACC,0,4819432
ygfKp,0.07142857142857142,13,13,GCCCCTGGCGTCAGAACCCA,0,4854483
ygfKp,0.07142857142857142,13,13,GCCATGGCTCATGTAATCTT,0,4829856
ygfKp,0.07142857142857142,13,13,GCACCCTCCCCTGTAACGCG,0,4841475
ygfKp,0.07142857142857142,13,13,GCAAGTCCATGCACAGGAGG,0,4827338
ygfKp,0.07142857142857142,13,13,GATTTTAGTGCTGGTGTATT,0,4836335
ygfKp,0.07142857142857142,13,13,GATCTCGGGTAGGCGCAGTT,0,4826918
ygfKp,0.07142857142857142,13,13,GATCGCTGCGAATCAGCTAT,0,4829410
ygfKp,0.07142857142857142,13,13,GAGTCTGGGCAGTTACTCTG,0,4857284
ygfKp,0.07142857142857142,13,13,GAGGTCTTCCCGTTGTGCGT,0,4839852
ygfKp,0.07142857142857142,13,13,GAGGGAGGAGAGTAAACCTT,0,4820250
ygfKp,0.07142857142857142,13,13,GAGCGCCTGGCACAGGTGCT,0,4862401
ygfKp,0.07142857142857142,13,13,GACCTACGGTTCGGTTCTGC,0,4845652
ygfKp,0.07142857142857142,13,13,GAAGGGATTACATCGGTGGG,0,4833316
ygfKp,0.07142857142857142,13,13,GAAAAAGAGAGACCGCAAGG,0,4848928
ygfKp,0.07142857142857142,13,13,CTTGTAGATCACAGCTCCAC,0,4855625
ygfKp,0.07142857142857142,13,13,CTTGGCCTGGAGTGAAAGTT,0,4834954
ygfKp,0.07142857142857142,13,13,CTGTCCGTCGCTACGTTATG,0,4837344
ygfKp,0.07142857142857142,13,13,CTGGGATAATGCATGCAGTG,0,4839452
ygfKp,0.07142857142857142,13,13,CTGCTTTTACGCATCAACTT,0,4861003
ygfKp,0.07142857142857142,13,13,CTGATGACAATGAGCTGCCC,0,4825168
ygfKp,0.07142857142857142,13,13,CTGACACAGCAGAATTGGGT,0,4856858
ygfKp,0.07142857142857142,13,13,CTCAAAACCGTTTGGGTCGG,0,4855966
ygfKp,0.07142857142857142,13,13,CTAGTGTGACTGGTCCGCAG,0,4829956
ygfKp,0.07142857142857142,13,13,CTACAATTTTTCGCAGATCA,0,4841198
ygfKp,0.07142857142857142,13,13,CGTTGTCATATACGGAGCCC,0,4832960
ygfKp,0.07142857142857142,13,13,CGTGTGTAGAGTTAACGGGA,0,4827893
ygfKp,0.07142857142857142,13,13,CGTGCCAGGAGCTAGATGTT,0,4833921
ygfKp,0.07142857142857142,13,13,CGTGAGGTGCCATCAGTCTA,0,4829197
ygfKp,0.07142857142857142,13,13,CGGTGAGTTGGGGAGCGACG,0,4824851
ygfKp,0.07142857142857142,13,13,CGGGTCAGGTTCAGTGGGCT,0,4824898
ygfKp,0.07142857142857142,13,13,CGGCAGTGTACCTACCATAA,0,4836422
ygfKp,0.07142857142857142,13,13,CGCTGACCTTAGACAATCCC,0,4846566
ygfKp,0.07142857142857142,13,13,CGCTCTGGTCTGCGAGGTGG,0,4849264
ygfKp,0.07142857142857142,13,13,CGCGAGCCGCGACTAAAATT,0,4857419
ygfKp,0.07142857142857142,13,13,CGAGTCTGGTCCATGTTGAT,0,4854415
ygfKp,0.07142857142857142,13,13,CGAGACCGGGCCATGTGCTT,0,4833280
ygfKp,0.07142857142857142,13,13,CGAATGTTCCAGGTTCGGAT,0,4859351
ygfKp,0.07142857142857142,13,13,CGAACTGCCTGGTCTGGATC,0,4828316
ygfKp,0.07142857142857142,13,13,CCTGCAATTGCACAAAACTA,0,4822617
ygfKp,0.07142857142857142,13,13,CCTCGATAGGCAGGAATCTT,0,4844144
ygfKp,0.07142857142857142,13,13,CCGTTATTGTACATCGGATA,0,4850657
ygfKp,0.07142857142857142,13,13,CCGTAAGTAGCCTTCGGGCG,0,4844038
ygfKp,0.07142857142857142,13,13,CCGATAATGCATCTGGGTTA,0,4824265
ygfKp,0.07142857142857142,13,13,CCGACGTTGTCGATCTGATA,0,4821577
ygfKp,0.07142857142857142,13,13,CCCGAGTACGTAGTTGGCGA,0,4822871
ygfKp,0.07142857142857142,13,13,CCCCCCAGGCAGCTTCTATA,0,4837490
ygfKp,0.07142857142857142,13,13,CCCACGCTTGCGCGAGAGTC,0,4852397
ygfKp,0.07142857142857142,13,13,CCACTGAAGGACCAGTGAGA,0,4828228
ygfKp,0.07142857142857142,13,13,CATTTGTATCTCCCGCATAA,0,4819387
ygfKp,0.07142857142857142,13,13,CATTGGACTTGCCCCGTCAG,0,4841833
ygfKp,0.07142857142857142,13,13,CATTGCGTCGAAGGTGGTCA,0,4855599
ygfKp,0.07142857142857142,13,13,CATGGGTTATGCATCGAGGC,0,4833198
ygfKp,0.07142857142857142,13,13,CATCTGTCTAAGCCCCGTGC,0,4855353
ygfKp,0.07142857142857142,13,13,CATATTTTTGCCATCTCCAG,0,4840745
ygfKp,0.07142857142857142,13,13,CATAAGATACGTGTTAGATT,0,4858907
ygfKp,0.07142857142857142,13,13,CAGGGCAAAGAACACCGATC,0,4838601
ygfKp,0.07142857142857142,13,13,CAGCGGAGTCTGCCTTTATA,0,4860914
ygfKp,0.07142857142857142,13,13,CAGCACATTACCAAGGGTAT,0,4857228
ygfKp,0.07142857142857142,13,13,CACGAACTCAACTACTGTCA,0,4824332
ygfKp,0.07142857142857142,13,13,CAATTGGGTGCCGAGAAAAC,0,4831681
ygfKp,0.07142857142857142,13,13,CAAGTACTTTCCCGGTACGC,0,4862059
ygfKp,0.07142857142857142,13,13,CAAGGGATCGGAGAGATTTA,0,4819583
ygfKp,0.07142857142857142,13,13,ATTCGGGGCGTTCCTGAGGA,0,4828303
ygfKp,0.07142857142857142,13,13,ATTAAGCGAATAGGGCGTTA,0,4846642
ygfKp,0.07142857142857142,13,13,ATTAACGAACGCGGATGTTA,0,4858394
ygfKp,0.07142857142857142,13,13,ATGTATGACCATCCGGCACT,0,4837307
ygfKp,0.07142857142857142,13,13,ATGAGGACGCTGGCGTTAGG,0,4833719
ygfKp,0.07142857142857142,13,13,ATCTCAATGATTATACTTTC,0,4846567
ygfKp,0.07142857142857142,13,13,ATCTAGGACCTTTGTCTCGG,0,4841707
ygfKp,0.07142857142857142,13,13,ATCGGGGTTCTCAGGTATCT,0,4836128
ygfKp,0.07142857142857142,13,13,ATCGGCCGAAGTTCATGCGC,0,4853787
ygfKp,0.07142857142857142,13,13,ATCAGACCAGGAAGCGTAGA,0,4842635
ygfKp,0.07142857142857142,13,13,AGGATGGAACACGGGCTGAA,0,4852402
ygfKp,0.07142857142857142,13,13,AGCTATCCTGTGCGGTGCAT,0,4855621
ygfKp,0.07142857142857142,13,13,AGATAAATGGAACGCGGCCA,0,4836094
ygfKp,0.07142857142857142,13,13,AGACGTTTGTGCAGCGTGGA,0,4839139
ygfKp,0.07142857142857142,13,13,AGACATTAAAAAGAAGTAGC,0,4841972
ygfKp,0.07142857142857142,13,13,ACTTAAGTTCTCTCGGAAAA,0,4825434
ygfKp,0.07142857142857142,13,13,ACTAAAGGATTCAGCCGGAT,0,4821563
ygfKp,0.07142857142857142,13,13,ACGTCGTGGCTAGATTAGCT,0,4825169
ygfKp,0.07142857142857142,13,13,ACGCAATTGTGTTTTAACAG,0,4857478
ygfKp,0.07142857142857142,13,13,ACGAGGGTTCCGCTGTCAGT,0,4828373
ygfKp,0.07142857142857142,13,13,ACCGGCACCGGGATCACTTG,0,4837379
ygfKp,0.07142857142857142,13,13,ACAGAATGCTGCACGCCGAC,0,4835893
ygfKp,0.07142857142857142,13,13,ACACTATTGAAGCATTCGAG,0,4851174
ygfKp,0.07142857142857142,13,13,ACACCGTGACATTATACGGA,0,4823500
ygfKp,0.07142857142857142,13,13,ACAATACTTCAACGCTAATT,0,4856312
ygfKp,0.07142857142857142,13,13,ACAAAGATATATAGATTTCA,0,4839254
ygfKp,0.07142857142857142,13,13,AATGGCCTGTCCCCTGAACG,0,4818800
ygfKp,0.07142857142857142,13,13,AATGCCACACCCTTTATTCA,0,4843253
ygfKp,0.07142857142857142,13,13,AATACTTGTAGTAGAGCGAA,0,4851724
ygfKp,0.07142857142857142,13,13,AATAATTGGGTACATGGGAT,0,4840612
ygfKp,0.07142857142857142,13,13,AATAACCGTCGTTGCGTCTA,0,4860089
ygfKp,0.07142857142857142,13,13,AAGTTTACCAAGAGTGCGTT,0,4848845
ygfKp,0.07142857142857142,13,13,AAGGTGGTGAATACTAAATT,0,4827294
ygfKp,0.07142857142857142,13,13,AAGGGGTCGCCTTCTGGTCA,0,4821948
ygfKp,0.07142857142857142,13,13,AAGCGGCGGCCAGACGTAAG,0,4842806
ygfKp,0.07142857142857142,13,13,AACTTGGGTTAACCGGATGT,0,4833421
ygfKp,0.07142857142857142,13,13,AACGACCTTCATGTGCGGGT,0,4844309
ygfKp,0.07142857142857142,13,13,AACCCGATCACACCGTTTTG,0,4853304
ygfKp,0.07142857142857142,13,13,AAATTATAGGTAGATAGTGT,0,4852035
ygfKp,0.07142857142857142,13,13,AAACTAGACAGACTTACTGA,0,4860857
ygfKp,0.07142857142857142,13,13,AAACCGAGATAAGAATAGTG,0,4843677
ygfKp,0.07692307692307693,12,12,TTTTATGACATCTATATAAG,0,4825428
ygfKp,0.07692307692307693,12,12,TTTTATCTTTGTCCAATTAG,0,4822251
ygfKp,0.07692307692307693,12,12,TTTCTGTTCATACGTAAACA,0,4831124
ygfKp,0.07692307692307693,12,12,TTGTATCTGGAAAGCCTTTA,0,4834428
ygfKp,0.07692307692307693,12,12,TTGGTGACGGCTCGTGCGTA,0,4826876
ygfKp,0.07692307692307693,12,12,TTGCTTGTCCGTATACCCTG,0,4837921
ygfKp,0.07692307692307693,12,12,TTGCGTCAATAGTCGTAAGA,0,4851696
ygfKp,0.07692307692307693,12,12,TTGAAAGTGGGTCCACGGTA,0,4840041
ygfKp,0.07692307692307693,12,12,TTAAGTTTTGGATCTCGACC,0,4836839
ygfKp,0.07692307692307693,12,12,TGTTAAAATACGGACCAGCA,0,4833715
ygfKp,0.07692307692307693,12,12,TGTGTGCGGCTTAGAAGATC,0,4826542
ygfKp,0.07692307692307693,12,12,TGGTGGCTTCCCCTGTAGGA,0,4840999
ygfKp,0.07692307692307693,12,12,TGGTAGGGAAACTAGCTCCT,0,4840117
ygfKp,0.07692307692307693,12,12,TGGGTCGGGGGAGCTCTGGA,0,4845266
ygfKp,0.07692307692307693,12,12,TGCATAATCGTATCCAATGG,0,4829992
ygfKp,0.07692307692307693,12,12,TGCAGCATAAGGGGTCCACG,0,4827430
ygfKp,0.07692307692307693,12,12,TGCACTATGTGAGGCCGGTG,0,4863350
ygfKp,0.07692307692307693,12,12,TGACAGGGCTTCACATCTCT,0,4844643
ygfKp,0.07692307692307693,12,12,TCTTGAGGGAATAGTTGTCA,0,4861067
ygfKp,0.07692307692307693,12,12,TCTTCCGGCAGGACAGGCTT,0,4862051
ygfKp,0.07692307692307693,12,12,TCTGGAGGATACGGAGAGCG,0,4841200
ygfKp,0.07692307692307693,12,12,TCTGAAGTTGATGGGGCAAA,0,4849454
ygfKp,0.07692307692307693,12,12,TCTCCACTGAATGGCGATAC,0,4837738
ygfKp,0.07692307692307693,12,12,TCTCACGCCGTCAAAGATTA,0,4817857
ygfKp,0.07692307692307693,12,12,TCGGAAGACTGCCTTCTTTA,0,4824026
ygfKp,0.07692307692307693,12,12,TCGAACTTGCGAACAGCTGA,0,4823083
ygfKp,0.07692307692307693,12,12,TCCCCGGATACGGGGAGGCT,0,4822330
ygfKp,0.07692307692307693,12,12,TCCACTACGGGATACCTTTC,0,4838885
ygfKp,0.07692307692307693,12,12,TCATGGCACTTTCTTGTATA,0,4827678
ygfKp,0.07692307692307693,12,12,TCAGTAATGTGGTTTAAACA,0,4860412
ygfKp,0.07692307692307693,12,12,TCAGCCTGTTCACTCAACGA,0,4843791
ygfKp,0.07692307692307693,12,12,TATTTTGGCCTGCCACTTCA,0,4856092
ygfKp,0.07692307692307693,12,12,TATGAGGGGTCTCGATTAGT,0,4829548
ygfKp,0.07692307692307693,12,12,TATCTGTTCTCTGCTCATTG,0,4817864
ygfKp,0.07692307692307693,12,12,TAGGGGTGTACGGTATTTGG,0,4848367
ygfKp,0.07692307692307693,12,12,TAGGGGCTGCGACACCCGTC,0,4856001
ygfKp,0.07692307692307693,12,12,TACGCAGAGGGTGCAGGTGG,0,4840089
ygfKp,0.07692307692307693,12,12,TACGACGAACAAGTGACCAT,0,4834957
ygfKp,0.07692307692307693,12,12,TACCGTAGTAAATGTTTTTT,0,4839323
ygfKp,0.07692307692307693,12,12,TACCAAACGTCTCCTGTTTC,0,4854711
ygfKp,0.07692307692307693,12,12,TAATCTTGTTGTAGTTCCGT,0,4848896
ygfKp,0.07692307692307693,12,12,TAACCGGACAGTGTGCCATT,0,4831453
ygfKp,0.07692307692307693,12,12,TAAATTCAGAACGTTAAAAA,0,4841501
ygfKp,0.07692307692307693,12,12,TAAAGGTTCATGCCACTCGC,0,4819079
ygfKp,0.07692307692307693,12,12,GTTCTTCACTAGAGATGCCT,0,4841072
ygfKp,0.07692307692307693,12,12,GTTCTATGAGAACTAACAGC,0,4820657
ygfKp,0.07692307692307693,12,12,GTTCAAGACTGTCGAACAGG,0,4847463
ygfKp,0.07692307692307693,12,12,GTGCTTATCGCAGGTGGGTT,0,4854263
ygfKp,0.07692307692307693,12,12,GTGAAAAACAGCACATCGAG,0,4838615
ygfKp,0.07692307692307693,12,12,GTCGTGGTTAGCGAGACCTT,0,4834982
ygfKp,0.07692307692307693,12,12,GTCATCAGTGAAAACGAAGC,0,4852788
ygfKp,0.07692307692307693,12,12,GTAGTGTCGCATGTGTCAAC,0,4839047
ygfKp,0.07692307692307693,12,12,GTAGGCTCTCTCTGCGGGGA,0,4819429
ygfKp,0.07692307692307693,12,12,GTAACGCCTTCACGGATTCA,0,4822181
ygfKp,0.07692307692307693,12,12,GGTGGGAGTCAATCTTATCA,0,4833348
ygfKp,0.07692307692307693,12,12,GGTGCCCGCTACGGTTGATC,0,4843614
ygfKp,0.07692307692307693,12,12,GGTCAAATGTTATATAATGA,0,4837561
ygfKp,0.07692307692307693,12,12,GGGTGTCTCGTTAGGATCAT,0,4839407
ygfKp,0.07692307692307693,12,12,GGGGTCGTTCGCGGCGGGGG,0,4833296
ygfKp,0.07692307692307693,12,12,GGGGTACATCTGACCTGTAT,0,4850158
ygfKp,0.07692307692307693,12,12,GGGCCACGTTAACAGGTCGC,0,4826907
ygfKp,0.07692307692307693,12,12,GGGAACCATTTGCGGCGATG,0,4849769
ygfKp,0.07692307692307693,12,12,GGCTCTCAGTCATGAAAAAT,0,4843238
ygfKp,0.07692307692307693,12,12,GGCTCGGAGTTATGTGATCA,0,4823841
ygfKp,0.07692307692307693,12,12,GGCAAGGGACTATCTTAAAT,0,4850650
ygfKp,0.07692307692307693,12,12,GGATTAAGGGCTAGGGCAAA,0,4829171
ygfKp,0.07692307692307693,12,12,GGAGGCACCTGGGTGGCGCC,0,4848098
ygfKp,0.07692307692307693,12,12,GCTCTACCAAGGTCAAGAAT,0,4850732
ygfKp,0.07692307692307693,12,12,GCTCAGTTTTTCAGATCGAA,0,4856748
ygfKp,0.07692307692307693,12,12,GCGTATTTTACCTGAACGCG,0,4857235
ygfKp,0.07692307692307693,12,12,GCGCTAGGGGGCTAGCGCGT,0,4855262
ygfKp,0.07692307692307693,12,12,GCCCCGACCAATGTCAAGGA,0,4842147
ygfKp,0.07692307692307693,12,12,GCCCAATTTAAACAATCGTT,0,4851204
ygfKp,0.07692307692307693,12,12,GCCATTTGATTTATCGCTAG,0,4825976
ygfKp,0.07692307692307693,12,12,GCACGCGCGGATCCGTGACT,0,4841938
ygfKp,0.07692307692307693,12,12,GAGGGCCACCATGTTATCCC,0,4839739
ygfKp,0.07692307692307693,12,12,GAGCCGACGGCGGCAACGCA,0,4844760
ygfKp,0.07692307692307693,12,12,GACTTGATCTTTGTACCTCT,0,4820307
ygfKp,0.07692307692307693,12,12,GACTATAGCGACAGCAGTTT,0,4847029
ygfKp,0.07692307692307693,12,12,GACGCGCAGGGGTATGACGC,0,4819713
ygfKp,0.07692307692307693,12,12,GACAGGCATTTCTTCCAGTC,0,4850221
ygfKp,0.07692307692307693,12,12,GAAAGTGCAAGTTCGACCAT,0,4836764
ygfKp,0.07692307692307693,12,12,CTTTCCGAGGTAGTCCCAGG,0,4854565
ygfKp,0.07692307692307693,12,12,CTTGCACAATTATAAGTATT,0,4843431
ygfKp,0.07692307692307693,12,12,CTTCTTACTGAATCAGTTTC,0,4861865
ygfKp,0.07692307692307693,12,12,CTTACTATCCGCGTTACGTA,0,4828232
ygfKp,0.07692307692307693,12,12,CTTAAACAATCACGAGAATT,0,4826835
ygfKp,0.07692307692307693,12,12,CTGTTCCAGTCCTGAACGAA,0,4852272
ygfKp,0.07692307692307693,12,12,CTGTCGGGATATCGCTCTGG,0,4850246
ygfKp,0.07692307692307693,12,12,CTGGTCTTGCCCGCCAAGTT,0,4828227
ygfKp,0.07692307692307693,12,12,CTGGGGGTCCGGGGAGTTAT,0,4855112
ygfKp,0.07692307692307693,12,12,CTGGCATGATGCAGTCTCGG,0,4817261
ygfKp,0.07692307692307693,12,12,CTCCGGCATCCGCTATGGGT,0,4847791
ygfKp,0.07692307692307693,12,12,CTAGTGAAGAGTACATAGTA,0,4819846
ygfKp,0.07692307692307693,12,12,CGTCGCCGCCTTACGCAGTA,0,4834607
ygfKp,0.07692307692307693,12,12,CGTAGCACCTATATACGCGC,0,4844719
ygfKp,0.07692307692307693,12,12,CGGTGCTGCATTCTGAAACT,0,4843585
ygfKp,0.07692307692307693,12,12,CGGGGCCGATCTCTTTGCAT,0,4826881
ygfKp,0.07692307692307693,12,12,CGGCTCGCAGAAGCACGGCC,0,4831118
ygfKp,0.07692307692307693,12,12,CGGAGTCGAAGAGATACCAT,0,4824610
ygfKp,0.07692307692307693,12,12,CGGAAAGGTCAGAGGTTATC,0,4848930
ygfKp,0.07692307692307693,12,12,CGCGGGGGGCTCGCGGAGGA,0,4856565
ygfKp,0.07692307692307693,12,12,CGCGCGCCTGTCTGAATTAT,0,4824384
ygfKp,0.07692307692307693,12,12,CGCGAGGCATAGCTCCGGTG,0,4827673
ygfKp,0.07692307692307693,12,12,CGCCGCAAGTTTGGGCTCGG,0,4835797
ygfKp,0.07692307692307693,12,12,CGCCCGAAAACTGCGGGAAG,0,4849906
ygfKp,0.07692307692307693,12,12,CGAACGTGTAGCTTTCTCGG,0,4837487
ygfKp,0.07692307692307693,12,12,CGAAACATACTAACTGGGAC,0,4827677
ygfKp,0.07692307692307693,12,12,CCTAATAACCTGCGTCCGCG,0,4860416
ygfKp,0.07692307692307693,12,12,CCGCTAAACGTAAAGGACTA,0,4857492
ygfKp,0.07692307692307693,12,12,CCCTACGCTGAGATAGATCA,0,4851715
ygfKp,0.07692307692307693,12,12,CCATTCGCGAGACTGTTTGT,0,4856402
ygfKp,0.07692307692307693,12,12,CCAACATCCTCGGAGGATTT,0,4825965
ygfKp,0.07692307692307693,12,12,CATTTGGTAATTGGCCATGT,0,4824290
ygfKp,0.07692307692307693,12,12,CATTGATGGTTTTTTTTTAA,0,4851189
ygfKp,0.07692307692307693,12,12,CATTATGAGGGCAGAGCCCA,0,4823233
ygfKp,0.07692307692307693,12,12,CATAAACTGGGCAAACTGTA,0,4840148
ygfKp,0.07692307692307693,12,12,CAGTTATTCAACATTGTACC,0,4829025
ygfKp,0.07692307692307693,12,12,CAGGAACACCGATTCGATCC,0,4821911
ygfKp,0.07692307692307693,12,12,CAGCCTTTTAGCCGTGACTT,0,4834638
ygfKp,0.07692307692307693,12,12,CAGCAGGTTCAAGGTCTTTG,0,4829205
ygfKp,0.07692307692307693,12,12,CAGAGTAAGCGGAACATGTA,0,4854229
ygfKp,0.07692307692307693,12,12,CACTCTGTCCGCTAGTACGT,0,4852344
ygfKp,0.07692307692307693,12,12,CACGTTCTCTGTCGAGACAT,0,4852918
ygfKp,0.07692307692307693,12,12,CACGAAGTTCTTAGTACAGG,0,4833109
ygfKp,0.07692307692307693,12,12,CACAAATACAATTCGCTTTG,0,4829405
ygfKp,0.07692307692307693,12,12,CAAGTTGATGATGCGTCCCG,0,4829418
ygfKp,0.07692307692307693,12,12,CAACACGAGCGATCTGTTAA,0,4827386
ygfKp,0.07692307692307693,12,12,CAAATGTTGCTACCCCTTTA,0,4848937
ygfKp,0.07692307692307693,12,12,ATTGTAACCGTTGACCGTTA,0,4852256
ygfKp,0.07692307692307693,12,12,ATTACAACGAAGGATTGACT,0,4835258
ygfKp,0.07692307692307693,12,12,ATGATGCGCAAGTCTGGTCA,0,4823874
ygfKp,0.07692307692307693,12,12,ATGAATGCAAGGAAATCGTA,0,4827551
ygfKp,0.07692307692307693,12,12,ATGAACGTGAGCCATAAGTT,0,4849489
ygfKp,0.07692307692307693,12,12,ATCATCTTGATGGAAAAGCA,0,4829357
ygfKp,0.07692307692307693,12,12,ATCATAAGGCATCATGGTAA,0,4819090
ygfKp,0.07692307692307693,12,12,ATCAGCTCTTGTGTGGCCTA,0,4833918
ygfKp,0.07692307692307693,12,12,ATATCGTACAGTTTGCGTTA,0,4830432
ygfKp,0.07692307692307693,12,12,ATACGGGAATAACGGGATAG,0,4835184
ygfKp,0.07692307692307693,12,12,ATACCCGCCAATGTAAGAGT,0,4822059
ygfKp,0.07692307692307693,12,12,ATACAAGTTCCTCACGGCTG,0,4825193
ygfKp,0.07692307692307693,12,12,ATAAAAGCGCAATAAGAGAA,0,4817268
ygfKp,0.07692307692307693,12,12,AGTTAGTCTTTAAAACCGAA,0,4817252
ygfKp,0.07692307692307693,12,12,AGTGCACCAACAGGATAGCT,0,4836812
ygfKp,0.07692307692307693,12,12,AGTCGGAGATCAATTGGGTT,0,4855508
ygfKp,0.07692307692307693,12,12,AGTCCAAAGCCAATCCACGA,0,4856837
ygfKp,0.07692307692307693,12,12,AGTCAATTGACTTATGTAGT,0,4819165
ygfKp,0.07692307692307693,12,12,AGTACTTAAGACACCTTTTT,0,4827203
ygfKp,0.07692307692307693,12,12,AGGTGTGAGAACGTGCTTTT,0,4825137
ygfKp,0.07692307692307693,12,12,AGCTTCGGGGCCATTTCGAT,0,4855903
ygfKp,0.07692307692307693,12,12,AGCTTCACAAAGTTCCGCGC,0,4855963
ygfKp,0.07692307692307693,12,12,AGCGGATGCCTTTCGCACCA,0,4833046
ygfKp,0.07692307692307693,12,12,AGCGCCCATTCCTCACCCAG,0,4844771
ygfKp,0.07692307692307693,12,12,AGCCTGCGGCCGCGTTAGCC,0,4820339
ygfKp,0.07692307692307693,12,12,AGCCCTGGTAATTGTACTTG,0,4842985
ygfKp,0.07692307692307693,12,12,AGATCCTTGCAGCCTATGAG,0,4849339
ygfKp,0.07692307692307693,12,12,AGATCCGAGATTATGGTAAA,0,4818082
ygfKp,0.07692307692307693,12,12,AGAGCGATCTGAATAGCTAG,0,4851694
ygfKp,0.07692307692307693,12,12,AGACCGACGTTGATTACGAG,0,4858655
ygfKp,0.07692307692307693,12,12,ACTTGGGAACCGACTGGCGA,0,4839209
ygfKp,0.07692307692307693,12,12,ACGGTCTTTAGGTACACTTT,0,4836997
ygfKp,0.07692307692307693,12,12,ACGGCACCAGGTTCCAGTTG,0,4839133
ygfKp,0.07692307692307693,12,12,ACGGATTTTGTCACAGGATT,0,4847031
ygfKp,0.07692307692307693,12,12,ACGGAACGAATACGCATGAC,0,4840678
ygfKp,0.07692307692307693,12,12,ACCTCATTGGCTAAAGGGCC,0,4843730
ygfKp,0.07692307692307693,12,12,ACCGGCGAGTGCCTATATTT,0,4835001
ygfKp,0.07692307692307693,12,12,ACCCGTTCATAGAAGATAAT,0,4857285
ygfKp,0.07692307692307693,12,12,ACCAGTATAAGATCCACCGT,0,4827382
ygfKp,0.07692307692307693,12,12,ACATGAATTACTCATTGTCC,0,4824375
ygfKp,0.07692307692307693,12,12,ACATATAAGGCGTCTGCCCA,0,4835367
ygfKp,0.07692307692307693,12,12,ACATACCAGGCACGTCGGAC,0,4827547
ygfKp,0.07692307692307693,12,12,ACAGATTGGAGGCTATTGGA,0,4820155
ygfKp,0.07692307692307693,12,12,AATTTCCGTGGAATGGGTTA,0,4828338
ygfKp,0.07692307692307693,12,12,AATGGCAGGCTCGCGCCAGG,0,4847298
ygfKp,0.07692307692307693,12,12,AATGCCCCCCTTGGAATGTA,0,4863247
ygfKp,0.07692307692307693,12,12,AAGGCTCGTTCTCTCATGAT,0,4848927
ygfKp,0.07692307692307693,12,12,AAGGCCATTGCCGAGTGGGT,0,4822502
ygfKp,0.07692307692307693,12,12,AAGCGACCGGTGAGCGACCA,0,4822855
ygfKp,0.07692307692307693,12,12,AACTCACCAGGAGCGGGTGA,0,4855384
ygfKp,0.07692307692307693,12,12,AACGCGGTTTGAGCCATATT,0,4818084
ygfKp,0.07692307692307693,12,12,AACGCATAGTACACTGGTGT,0,4832891
ygfKp,0.07692307692307693,12,12,AACCTGTCAAGACAGGTAGT,0,4837186
ygfKp,0.07692307692307693,12,12,AAATGCTGCCTTGGTTCTCG,0,4834274
ygfKp,0.08333333333333333,11,11,TTTGCCCGTAGTCTCCGAAT,0,4818803
ygfKp,0.08333333333333333,11,11,TTTCGACTGGTCGTCAGAAA,0,4854609
ygfKp,0.08333333333333333,11,11,TTTAGCGTGTGGGTTCTTCC,0,4839994
ygfKp,0.08333333333333333,11,11,TTGGGGCACCTTCGTGGGCA,0,4850481
ygfKp,0.08333333333333333,11,11,TTGCGTATTTGGATAACACA,0,4839668
ygfKp,0.08333333333333333,11,11,TTGCCTCGGCATGGGATCTC,0,4860937
ygfKp,0.08333333333333333,11,11,TTGCCTCAAGGACTAAACAT,0,4845429
ygfKp,0.08333333333333333,11,11,TTCCGTGCGTCCGGGTGGTT,0,4844201
ygfKp,0.08333333333333333,11,11,TTCATTTGTCGGGTAGCGAG,0,4842825
ygfKp,0.08333333333333333,11,11,TTCAAAGACTCACCTTTAGG,0,4854702
ygfKp,0.08333333333333333,11,11,TTAGCCAGCTCGCACCTACC,0,4852069
ygfKp,0.08333333333333333,11,11,TGTCCTTACCCGTGATATGA,0,4834845
ygfKp,0.08333333333333333,11,11,TGTATCAAGTGTAATGAGGT,0,4858798
ygfKp,0.08333333333333333,11,11,TGTATACGGCTCTCAACACC,0,4849111
ygfKp,0.08333333333333333,11,11,TGGCTATCCCTGGTCGAACT,0,4826290
ygfKp,0.08333333333333333,11,11,TGGAATACGGATCCTAGTGG,0,4847607
ygfKp,0.08333333333333333,11,11,TGCGAACTCCCGGACATCGA,0,4836321
ygfKp,0.08333333333333333,11,11,TGCCAAAGACAGCAGCTAAT,0,4863346
ygfKp,0.08333333333333333,11,11,TGAGGCAAGTACGGAGCGCG,0,4844964
ygfKp,0.08333333333333333,11,11,TGAGACGATCTGCCGTACTG,0,4832527
ygfKp,0.08333333333333333,11,11,TGAATATGTTCGTAAGCCAA,0,4831672
ygfKp,0.08333333333333333,11,11,TCTTTGTGAATAAGACAGGC,0,4860250
ygfKp,0.08333333333333333,11,11,TCTTCTATCGGCCAGCCATT,0,4834920
ygfKp,0.08333333333333333,11,11,TCTGGTCCGAGCCAAGATTC,0,4821942
ygfKp,0.08333333333333333,11,11,TCTACAAGATCGGTGCAGTC,0,4850949
ygfKp,0.08333333333333333,11,11,TCTAAGGACGGTTGGGGTAT,0,4862679
ygfKp,0.08333333333333333,11,11,TCGTCATCTACCGCTCATGG,0,4857436
ygfKp,0.08333333333333333,11,11,TCGTACAGGCTCAGCTAATA,0,4858729
ygfKp,0.08333333333333333,11,11,TCGGAGTTCTTCTCTTCTAT,0,4842451
ygfKp,0.08333333333333333,11,11,TCCCTGTACACTTGAGTTCT,0,4836127
ygfKp,0.08333333333333333,11,11,TCCAGGGGTATAGGCTGTGG,0,4835937
ygfKp,0.08333333333333333,11,11,TCCACAGGGCTTAAAGCGGT,0,4840338
ygfKp,0.08333333333333333,11,11,TCATCGCTACATGATTTCCA,0,4837756
ygfKp,0.08333333333333333,11,11,TCAGTCCTTTCCGCATCGGT,0,4838293
ygfKp,0.08333333333333333,11,11,TCACTGAGCCAAGGACAACA,0,4846147
ygfKp,0.08333333333333333,11,11,TATCAGCCTAACGTTTTAAC,0,4862953
ygfKp,0.08333333333333333,11,11,TATACCATGCGGTCCTAAGT,0,4831587
ygfKp,0.08333333333333333,11,11,TAGTGGGAGATCACGATGGC,0,4847544
ygfKp,0.08333333333333333,11,11,TAGACCTGGTAAATACCGAA,0,4839877
ygfKp,0.08333333333333333,11,11,TACTTTAGAGTTTGTGAGTC,0,4843050
ygfKp,0.08333333333333333,11,11,TACTGTTTCTAGCTTGAGGT,0,4838284
ygfKp,0.08333333333333333,11,11,TACACCTCGGAGATAGCGAA,0,4855627
ygfKp,0.08333333333333333,11,11,TAATCAGCAGGACAGACTGG,0,4824289
ygfKp,0.08333333333333333,11,11,TAATAGCAGTGTCGGTTGGT,0,4840598
ygfKp,0.08333333333333333,11,11,GTTTCCGCAGTCATCGTGAA,0,4828345
ygfKp,0.08333333333333333,11,11,GTGTGTACCACAAAAAGCGG,0,4817548
ygfKp,0.08333333333333333,11,11,GTGCGTAACTTTTGATTAGT,0,4819579
ygfKp,0.08333333333333333,11,11,GTGACTGGGAGGCGAAGCTA,0,4850967
ygfKp,0.08333333333333333,11,11,GTCTTCCAGGTTTGAGGGTA,0,4851298
ygfKp,0.08333333333333333,11,11,GTCAGAAATCAGACAGGATT,0,4827896
ygfKp,0.08333333333333333,11,11,GTATTTATTGTCCGCGCTAA,0,4854723
ygfKp,0.08333333333333333,11,11,GTATTACAATAACACGACCT,0,4859688
ygfKp,0.08333333333333333,11,11,GTATGATCGGTTCGGTTAAA,0,4832075
ygfKp,0.08333333333333333,11,11,GGTTGATCGTGAATATAAAT,0,4840672
ygfKp,0.08333333333333333,11,11,GGTACCCGGTGAGCAGATGT,0,4821450
ygfKp,0.08333333333333333,11,11,GGGGCTAATGCACCCATCCC,0,4823384
ygfKp,0.08333333333333333,11,11,GGGACGGGTTAAATGGATCT,0,4820603
ygfKp,0.08333333333333333,11,11,GGCCTGACTTGAAGGACCCT,0,4853307
ygfKp,0.08333333333333333,11,11,GGCACCATAACCATTTCGGG,0,4852346
ygfKp,0.08333333333333333,11,11,GGCAAGTTTTATTGCGGTCG,0,4855935
ygfKp,0.08333333333333333,11,11,GGACTCACTTCCCCATAAGA,0,4860387
ygfKp,0.08333333333333333,11,11,GGACCTTGGTGGTCACGACT,0,4829944
ygfKp,0.08333333333333333,11,11,GCTTAGGGAATTTACGAGTG,0,4828860
ygfKp,0.08333333333333333,11,11,GCTCTCACGATTCCCTGGAA,0,4836355
ygfKp,0.08333333333333333,11,11,GCTACAACAGCCTCACCCAT,0,4847697
ygfKp,0.08333333333333333,11,11,GCGTTCGGCTCCACATGTTT,0,4851959
ygfKp,0.08333333333333333,11,11,GCGCGTCAAAACCAAACTTT,0,4838257
ygfKp,0.08333333333333333,11,11,GCGACTGGAACCAAGTAAGG,0,4833285
ygfKp,0.08333333333333333,11,11,GCGACACGGGACATAAATAT,0,4841834
ygfKp,0.08333333333333333,11,11,GCGAAAGCTCCCGGAGCCTG,0,4826092
ygfKp,0.08333333333333333,11,11,GCCGGGCTACGATTATATCT,0,4854998
ygfKp,0.08333333333333333,11,11,GCCGCCTTTTCACCAAGGGG,0,4835003
ygfKp,0.08333333333333333,11,11,GCATCTAAACGACACGTGGT,0,4846669
ygfKp,0.08333333333333333,11,11,GCATAATCTGTTTACGTGAT,0,4854150
ygfKp,0.08333333333333333,11,11,GCAGCTAAACGAGCAGCGAA,0,4860249
ygfKp,0.08333333333333333,11,11,GCACTCTGGTACGAGGCAGA,0,4837730
ygfKp,0.08333333333333333,11,11,GCAACACCACATACACAGGT,0,4827345
ygfKp,0.08333333333333333,11,11,GATTTACGCCGATTCTACGG,0,4834949
ygfKp,0.08333333333333333,11,11,GATGCATGGCGTTCTATATG,0,4832945
ygfKp,0.08333333333333333,11,11,GATGAGGCCCGCCGAATTGA,0,4836571
ygfKp,0.08333333333333333,11,11,GATCGACGCTGATGGCGGTC,0,4845785
ygfKp,0.08333333333333333,11,11,GATCAGGGATTTAATGAGGT,0,4845319
ygfKp,0.08333333333333333,11,11,GAGCTACAGCCCCTATCCAG,0,4847584
ygfKp,0.08333333333333333,11,11,GAGAAGATCATCCATTTACA,0,4828384
ygfKp,0.08333333333333333,11,11,GACTGCCCGGTATATAAAGT,0,4836777
ygfKp,0.08333333333333333,11,11,GACGGGTTGGAAGGCCGCTA,0,4856822
ygfKp,0.08333333333333333,11,11,GACGGGTTGAATCGTCCAGA,0,4852989
ygfKp,0.08333333333333333,11,11,GACCGCACGTAATGGTGCAA,0,4829565
ygfKp,0.08333333333333333,11,11,GACATTGACCTCTCTACAAA,0,4860996
ygfKp,0.08333333333333333,11,11,GACAGCTGTGGGAGTGTACC,0,4820438
ygfKp,0.08333333333333333,11,11,GACAATCAAGAAGCACTGTA,0,4851947
ygfKp,0.08333333333333333,11,11,GAATGCCGGACCTCACACCC,0,4825552
ygfKp,0.08333333333333333,11,11,GAAGGTTTTTCGGACTTTGC,0,4839437
ygfKp,0.08333333333333333,11,11,GAACTGGCAGGGCCTGGCCC,0,4823976
ygfKp,0.08333333333333333,11,11,CTTAGGGATGACAGTTACAG,0,4835384
ygfKp,0.08333333333333333,11,11,CTTACTTAAGGCATCTGATC,0,4822602
ygfKp,0.08333333333333333,11,11,CTGCGTACGACAGCACGTCA,0,4826930
ygfKp,0.08333333333333333,11,11,CTGCGCTTGTGTTGAACGGG,0,4831578
ygfKp,0.08333333333333333,11,11,CTCTCAGCAATCCAAATTAC,0,4836037
ygfKp,0.08333333333333333,11,11,CTCCCCCCTCTTCCGGGGCA,0,4834513
ygfKp,0.08333333333333333,11,11,CTATGGGCAGTACCAAAGAT,0,4838275
ygfKp,0.08333333333333333,11,11,CTATAAGAGGGGACCGGTGT,0,4855967
ygfKp,0.08333333333333333,11,11,CTACTTTTTGCTCGCGCGGC,0,4836815
ygfKp,0.08333333333333333,11,11,CTAAGGATCATCCGTTTCTG,0,4862403
ygfKp,0.08333333333333333,11,11,CTAAACCTTGGCTGCCGCGT,0,4844871
ygfKp,0.08333333333333333,11,11,CGTTTTCAAGGGGGTCAAAA,0,4817262
ygfKp,0.08333333333333333,11,11,CGTTTGACTTCACCATACTC,0,4844673
ygfKp,0.08333333333333333,11,11,CGTTGCTAAGGTAACTGGTT,0,4854407
ygfKp,0.08333333333333333,11,11,CGTTCGGGGCGACTTACCTT,0,4848090
ygfKp,0.08333333333333333,11,11,CGTTCGAGCGGAGCGGAGCA,0,4817731
ygfKp,0.08333333333333333,11,11,CGTGTGAAGCGACCCTTTGA,0,4858611
ygfKp,0.08333333333333333,11,11,CGTGCTTAGATTATGAGATA,0,4841021
ygfKp,0.08333333333333333,11,11,CGTAGTTACGCAACACCGTC,0,4824126
ygfKp,0.08333333333333333,11,11,CGGGATTGAAAACGCTATAA,0,4857174
ygfKp,0.08333333333333333,11,11,CGCTAGTAAACAAACACCAC,0,4839728
ygfKp,0.08333333333333333,11,11,CGCGTCCTATCGGCACAATT,0,4834512
ygfKp,0.08333333333333333,11,11,CGCCTACCATCTCGCACTAG,0,4829570
ygfKp,0.08333333333333333,11,11,CGCACGTGCTGTCCTTTTCG,0,4847705
ygfKp,0.08333333333333333,11,11,CGCAACTACCTTACCTAGGG,0,4818905
ygfKp,0.08333333333333333,11,11,CGAGGCGAGATCCGGAAGCC,0,4857428
ygfKp,0.08333333333333333,11,11,CGAGGCAACAGACCCTTGCT,0,4856623
ygfKp,0.08333333333333333,11,11,CGACACTTCGCTTTTTTTAT,0,4843581
ygfKp,0.08333333333333333,11,11,CGAAAGTGGTCGGTACGGAA,0,4857466
ygfKp,0.08333333333333333,11,11,CCTGACTCAGCTTCTTTCAT,0,4843713
ygfKp,0.08333333333333333,11,11,CCTCCCGGGTGCATTATTTT,0,4840157
ygfKp,0.08333333333333333,11,11,CCTACGCCCTGCCATCGGTG,0,4849776
ygfKp,0.08333333333333333,11,11,CCGTTTCTAAGGGTTTCAAG,0,4820153
ygfKp,0.08333333333333333,11,11,CCGTGTACACATATTTAGGA,0,4839522
ygfKp,0.08333333333333333,11,11,CCGGCTCAATGTACAACGTG,0,4852515
ygfKp,0.08333333333333333,11,11,CCCTGCAATATTGATAGCAG,0,4846672
ygfKp,0.08333333333333333,11,11,CCCGGCGGCCTCGGCCGGTT,0,4852984
ygfKp,0.08333333333333333,11,11,CCCCAAGCCAAGTGAGGTCG,0,4858102
ygfKp,0.08333333333333333,11,11,CCAGATTCCGTGGGGATGCC,0,4845602
ygfKp,0.08333333333333333,11,11,CCACCTACATGCACTACCGT,0,4839567
ygfKp,0.08333333333333333,11,11,CCACAACAGTACTTTCCGGT,0,4834588
ygfKp,0.08333333333333333,11,11,CCAAAAAGCATCAAGAGTTG,0,4831345
ygfKp,0.08333333333333333,11,11,CATTTATGAGCGCAATTCTT,0,4833736
ygfKp,0.08333333333333333,11,11,CATTAGGACATCCTTAATTT,0,4836187
ygfKp,0.08333333333333333,11,11,CATCGTGCTTAAGAGAATGA,0,4854485
ygfKp,0.08333333333333333,11,11,CATACCTCATTATCTGGGCT,0,4859659
ygfKp,0.08333333333333333,11,11,CAGCAATCACCGTAGAAAAT,0,4841063
ygfKp,0.08333333333333333,11,11,CAGAGGAACGTGCTAGAACT,0,4853188
ygfKp,0.08333333333333333,11,11,CACTACTCAAAGAGAGCGGC,0,4852036
ygfKp,0.08333333333333333,11,11,CACGGTATGGTGAAAAGGCT,0,4826937
ygfKp,0.08333333333333333,11,11,CACCTTCGGCCACTACCAGT,0,4826927
ygfKp,0.08333333333333333,11,11,CACCGAGCGCCGCACAGTTG,0,4860189
ygfKp,0.08333333333333333,11,11,CACACTACAGCCCATCCGAA,0,4851595
ygfKp,0.08333333333333333,11,11,CACAAATGACACGAGATAAT,0,4823908
ygfKp,0.08333333333333333,11,11,CAAGAACCTACGTGATTACA,0,4862299
ygfKp,0.08333333333333333,11,11,ATTTGCTAGTATGCTCGATC,0,4854563
ygfKp,0.08333333333333333,11,11,ATTTCACTAGCTTTGTCTAA,0,4836491
ygfKp,0.08333333333333333,11,11,ATGTTGGCGTTACTGCGCGC,0,4840428
ygfKp,0.08333333333333333,11,11,ATGAAGCGAGCGGGTCCTTC,0,4829425
ygfKp,0.08333333333333333,11,11,ATAGTGCTGCATGATAGCAT,0,4852774
ygfKp,0.08333333333333333,11,11,ATAGGTAAGTCTGGTGCACC,0,4841039
ygfKp,0.08333333333333333,11,11,ATAGGGGAGCGAAAGGCTTG,0,4841093
ygfKp,0.08333333333333333,11,11,ATAGAGGAGATCTCGAGCAA,0,4852517
ygfKp,0.08333333333333333,11,11,ATACTGAGGTGACCGCGGGA,0,4839850
ygfKp,0.08333333333333333,11,11,ATACCGGTACCGGGCTTTTC,0,4847600
ygfKp,0.08333333333333333,11,11,ATACATGGGTGTGAGCTATT,0,4820931
ygfKp,0.08333333333333333,11,11,ATACAGTACCCTGCAACGGT,0,4857431
ygfKp,0.08333333333333333,11,11,AGTTAGTAGACTGGTCATTA,0,4831487
ygfKp,0.08333333333333333,11,11,AGTGTCGGAGTCGAAAGGTG,0,4824901
ygfKp,0.08333333333333333,11,11,AGTGTAACTTCCAACACTCA,0,4858778
ygfKp,0.08333333333333333,11,11,AGTGACCTGGTGGTACCCTG,0,4836952
ygfKp,0.08333333333333333,11,11,AGTCGGAGATCCATCAACCC,0,4825746
ygfKp,0.08333333333333333,11,11,AGTAAGGTTCTGAATAGACC,0,4840756
ygfKp,0.08333333333333333,11,11,AGGGGTCGTACGCAATATGT,0,4833389
ygfKp,0.08333333333333333,11,11,AGGGAGGATGTCATTCTGTC,0,4819361
ygfKp,0.08333333333333333,11,11,AGGCTCCTACCTAATCATAT,0,4858428
ygfKp,0.08333333333333333,11,11,AGGAATTTCACACCGTCTAG,0,4854402
ygfKp,0.08333333333333333,11,11,AGCATGTTGTTACTGTTCGT,0,4827663
ygfKp,0.08333333333333333,11,11,AGACTTGTGGACACCTGTCT,0,4859259
ygfKp,0.08333333333333333,11,11,AGACTGCAGGCGAGTCCGAT,0,4817253
ygfKp,0.08333333333333333,11,11,ACTCGCGTTATCTGATTCAG,0,4829118
ygfKp,0.08333333333333333,11,11,ACTCCATCTAGATAGAAGTG,0,4833277
ygfKp,0.08333333333333333,11,11,ACGAGCTGTTACCGGGTTCC,0,4844644
ygfKp,0.08333333333333333,11,11,ACGAAATTTTTACGAAAGTT,0,4854230
ygfKp,0.08333333333333333,11,11,ACCGTGATTGAAGTGCCGAG,0,4832335
ygfKp,0.08333333333333333,11,11,ACCGGGCTCCGAACCAGACA,0,4817138
ygfKp,0.08333333333333333,11,11,ACCGCATCCAGATTCCCGCA,0,4824305
ygfKp,0.08333333333333333,11,11,ACATTCCCCGTGGATGATTC,0,4828146
ygfKp,0.08333333333333333,11,11,AATAGCTTACACTATGGCTA,0,4855512
ygfKp,0.08333333333333333,11,11,AAGATGGTAAAGTAAAGAGA,0,4818768
ygfKp,0.08333333333333333,11,11,AAGAGGCCGGTCCCTAGGCT,0,4827055
ygfKp,0.08333333333333333,11,11,AACTCACTACCATACAGCTT,0,4834617
ygfKp,0.08333333333333333,11,11,AAATTGGGGTGAGTCCCGGT,0,4837312
ygfKp,0.08333333333333333,11,11,AAATACCAATGGTCTCACGC,0,4857296
ygfKp,0.08333333333333333,11,11,AAACTATTGATCAAGCCGGT,0,4819394
ygfKp,0.08333333333333333,11,11,AAAAGGTTTTGACGCTGTTG,0,4825461
ygfKp,0.08333333333333333,11,11,AAAAAGGACGTTGGGTGAGT,0,4837880
ygfKp,0.09090909090909091,10,10,TTTTGTCTGGTAGCTCTGGA,0,4833268
ygfKp,0.09090909090909091,10,10,TTTGCGAGAACTTGCAAAGC,0,4847066
ygfKp,0.09090909090909091,10,10,TTTCCGCGGTTTGTGGGCCA,0,4860263
ygfKp,0.09090909090909091,10,10,TTTCCCGCTTACGGACAGAT,0,4844275
ygfKp,0.09090909090909091,10,10,TTTAGACCCATGCTCACGTA,0,4827579
ygfKp,0.09090909090909091,10,10,TTGGTACAGGAGAAGACATT,0,4828103
ygfKp,0.09090909090909091,10,10,TTGGCGTAAGCTACGTTACT,0,4839663
ygfKp,0.09090909090909091,10,10,TTGCGCCGTGATTACCCGTT,0,4852322
ygfKp,0.09090909090909091,10,10,TTGCACGTGCTCCTTATAGA,0,4859692
ygfKp,0.09090909090909091,10,10,TTGCAATCATGGGTGTTGTG,0,4818868
ygfKp,0.09090909090909091,10,10,TTGCAAGCTTATAACGGTTT,0,4824903
ygfKp,0.09090909090909091,10,10,TTATTGCTTATATCGAGTAA,0,4838608
ygfKp,0.09090909090909091,10,10,TTATGGCCTGGCCACAGCCC,0,4855351
ygfKp,0.09090909090909091,10,10,TGTTTACGGGGCGTGTGGGT,0,4819708
ygfKp,0.09090909090909091,10,10,TGTTGCGGCCACCCCGGAGT,0,4835251
ygfKp,0.09090909090909091,10,10,TGTTATGGTCAACTGGTTTT,0,4859118
ygfKp,0.09090909090909091,10,10,TGTATTCTTGATGACAGCCA,0,4847010
ygfKp,0.09090909090909091,10,10,TGGTTTAGGCGCGTTGGGTC,0,4826873
ygfKp,0.09090909090909091,10,10,TGGGCCGTGGGCTAGTGGTA,0,4848889
ygfKp,0.09090909090909091,10,10,TGCTGTAACTAAACACAGGA,0,4828109
ygfKp,0.09090909090909091,10,10,TGCTATATGTATACGCGAAA,0,4849396
ygfKp,0.09090909090909091,10,10,TGCGTTGGGGAACCTATAAC,0,4828735
ygfKp,0.09090909090909091,10,10,TGCGCGATAGATAGTCTAGT,0,4847586
ygfKp,0.09090909090909091,10,10,TGATGGTAATAACGTCGCGC,0,4853024
ygfKp,0.09090909090909091,10,10,TGAGTGGTCGAACTCAGACA,0,4849173
ygfKp,0.09090909090909091,10,10,TGACTCTTTTTAGCACGCGG,0,4819064
ygfKp,0.09090909090909091,10,10,TCTTTGCCGCGAGTACTGCG,0,4841070
ygfKp,0.09090909090909091,10,10,TCTTTCAGGGTTGAACGTGC,0,4859727
ygfKp,0.09090909090909091,10,10,TCTGCGTCACGTAGTGGTCT,0,4844265
ygfKp,0.09090909090909091,10,10,TCTAAGAAGACTGCATCCCT,0,4827894
ygfKp,0.09090909090909091,10,10,TCGTCTATATGCATACAGAA,0,4859362
ygfKp,0.09090909090909091,10,10,TCGTCGATCTTCCCCGTAGA,0,4841325
ygfKp,0.09090909090909091,10,10,TCGGGGGGATGTACTTGGAT,0,4821890
ygfKp,0.09090909090909091,10,10,TCCATAGTACGAAGACATCT,0,4827825
ygfKp,0.09090909090909091,10,10,TCATGAAGGCTACGCGTTTA,0,4856337
ygfKp,0.09090909090909091,10,10,TCATCCTGAATGTACTGCGC,0,4818640
ygfKp,0.09090909090909091,10,10,TCAGAGGTTCCCACGCGCCC,0,4862296
ygfKp,0.09090909090909091,10,10,TCACTGTCAAGGGCGCTGAT,0,4847100
ygfKp,0.09090909090909091,10,10,TCACCCTTTATGGATACCTA,0,4839002
ygfKp,0.09090909090909091,10,10,TCACAACAGCACGCTGTTTA,0,4845836
ygfKp,0.09090909090909091,10,10,TATGCTCGTACGAAAGAATT,0,4856564
ygfKp,0.09090909090909091,10,10,TAGGTGCCCGGCCGACTAAA,0,4837453
ygfKp,0.09090909090909091,10,10,TAGCTGGGTATTCGAGAGTC,0,4824925
ygfKp,0.09090909090909091,10,10,TAGCACATAGACAGGAGTAC,0,4838603
ygfKp,0.09090909090909091,10,10,TAGAGTGTAACATTCCTTAC,0,4831581
ygfKp,0.09090909090909091,10,10,TACGTTTCTACGCTCATTGG,0,4817255
ygfKp,0.09090909090909091,10,10,TACCTGGTCAGTTTCCTTGT,0,4836034
ygfKp,0.09090909090909091,10,10,TAATTTCCGTGACCCCCAAT,0,4849394
ygfKp,0.09090909090909091,10,10,TAATGTAACTCCTCAGAGAC,0,4832352
ygfKp,0.09090909090909091,10,10,TAACAAGTTGCCGTTCTCTG,0,4832557
ygfKp,0.09090909090909091,10,10,TAAATTGGATGTCCCTTCAA,0,4856782
ygfKp,0.09090909090909091,10,10,TAAAGGTGCAATTCTATATA,0,4824145
ygfKp,0.09090909090909091,10,10,TAAAAATCGACAAGTGAGAG,0,4841100
ygfKp,0.09090909090909091,10,10,GTTTGTGGGACTTGAAGTTA,0,4831504
ygfKp,0.09090909090909091,10,10,GTTGCAAAGCAGTGATAATT,0,4851195
ygfKp,0.09090909090909091,10,10,GTTCGATGCGGTGTTGCTTT,0,4828105
ygfKp,0.09090909090909091,10,10,GTGTTCCAGGTTGCTCACTC,0,4830626
ygfKp,0.09090909090909091,10,10,GTGGCAATTATATTCAGAAG,0,4822393
ygfKp,0.09090909090909091,10,10,GTCTCTCCAATATTAGTACA,0,4831123
ygfKp,0.09090909090909091,10,10,GTATCTAGGAAAGCGGGGTC,0,4837182
ygfKp,0.09090909090909091,10,10,GTATAGGGGTGCAGCGTGTT,0,4862698
ygfKp,0.09090909090909091,10,10,GTACGCACCACAACTTTAAG,0,4850479
ygfKp,0.09090909090909091,10,10,GTAACGATTTTGCCATTACA,0,4856898
ygfKp,0.09090909090909091,10,10,GGTGGTCACGTGCCGTGCGC,0,4825813
ygfKp,0.09090909090909091,10,10,GGTCCCGCAGGGCGCACTCG,0,4842133
ygfKp,0.09090909090909091,10,10,GGTAGGTGTGGGGAATATTT,0,4853676
ygfKp,0.09090909090909091,10,10,GGTAGCTTTGGATGCGTCCT,0,4863379
ygfKp,0.09090909090909091,10,10,GGGTAGACAGGGAGATTGTA,0,4862461
ygfKp,0.09090909090909091,10,10,GGGGAGACGCTTGAATACCC,0,4846354
ygfKp,0.09090909090909091,10,10,GGGCTAATAGAGGGGTAGCT,0,4828501
ygfKp,0.09090909090909091,10,10,GGGCGGGTCTACAATCTCTG,0,4844829
ygfKp,0.09090909090909091,10,10,GGGCACAAGAATCACATGAC,0,4824680
ygfKp,0.09090909090909091,10,10,GGCTCTCGCTAAGCCTTCTG,0,4825652
ygfKp,0.09090909090909091,10,10,GGCGCGCTCGTCCCGGTCCA,0,4820950
ygfKp,0.09090909090909091,10,10,GGCGCGCAAGGCTCGCATGG,0,4827575
ygfKp,0.09090909090909091,10,10,GGAGCGCCTTCCTAGGAACC,0,4848365
ygfKp,0.09090909090909091,10,10,GCTTCAGTCCCAACATAGAT,0,4826093
ygfKp,0.09090909090909091,10,10,GCTCACCTGCAGTGCCCCAG,0,4839724
ygfKp,0.09090909090909091,10,10,GCTCACCGCGCGTCGGTGTC,0,4863447
ygfKp,0.09090909090909091,10,10,GCGGCCGATTTAGAAGAGGA,0,4855244
ygfKp,0.09090909090909091,10,10,GATTTTATGTGGTTCCCGCA,0,4831359
ygfKp,0.09090909090909091,10,10,GATGTCTGCTCCCCTTAATT,0,4820738
ygfKp,0.09090909090909091,10,10,GATCGAATCGAGTGATTGGC,0,4840340
ygfKp,0.09090909090909091,10,10,GAGTGGAGGCAAATGCTCGT,0,4843719
ygfKp,0.09090909090909091,10,10,GAGTCCTGCCCGACCCGAAT,0,4846600
ygfKp,0.09090909090909091,10,10,GAGGAAACCCTCAGGAGAAT,0,4819622
ygfKp,0.09090909090909091,10,10,GAGCGTCCGTATAGGAGCGT,0,4819202
ygfKp,0.09090909090909091,10,10,GACTCTACCGTACTTTCATT,0,4857259
ygfKp,0.09090909090909091,10,10,GAATGCGTTTCGCTCGAAAT,0,4859524
ygfKp,0.09090909090909091,10,10,CTTCGGTGCACACCGAGTTA,0,4840679
ygfKp,0.09090909090909091,10,10,CTTCATCCACTCTTGATCAT,0,4820551
ygfKp,0.09090909090909091,10,10,CTTATTGTCTCCCATGAGAA,0,4854608
ygfKp,0.09090909090909091,10,10,CTTATGAGGATCTGCGTCCA,0,4835395
ygfKp,0.09090909090909091,10,10,CTGTTCCCAGTCGTAGACCC,0,4843227
ygfKp,0.09090909090909091,10,10,CTGCCTCCCGCTGGACTTAA,0,4852279
ygfKp,0.09090909090909091,10,10,CTCGATCGAGACGCTCTCCA,0,4835923
ygfKp,0.09090909090909091,10,10,CTCGAGCGAACACACGCTGG,0,4855381
ygfKp,0.09090909090909091,10,10,CTCCCGAACCCTCGCCGGTA,0,4836768
ygfKp,0.09090909090909091,10,10,CTCCCAGGGTAAATTCTGGG,0,4836291
ygfKp,0.09090909090909091,10,10,CTCACTGTAACCTTGAGACC,0,4824633
ygfKp,0.09090909090909091,10,10,CTATAGGATCTCGCCTATGG,0,4835302
ygfKp,0.09090909090909091,10,10,CTAGTCGGCAGTGACCTGAA,0,4839154
ygfKp,0.09090909090909091,10,10,CTACTAGAAGAGGCAGGCCA,0,4860086
ygfKp,0.09090909090909091,10,10,CTACACCAGCGGAAGCGGTA,0,4846667
ygfKp,0.09090909090909091,10,10,CGTTATGGTCCTCCAGTAGA,0,4843682
ygfKp,0.09090909090909091,10,10,CGTCGTGCCAAGTGTAGTTG,0,4837238
ygfKp,0.09090909090909091,10,10,CGTCCATGTTCTAGGAGATT,0,4817394
ygfKp,0.09090909090909091,10,10,CGTACGTTGGTAGGCGGCGA,0,4829526
ygfKp,0.09090909090909091,10,10,CGGTTGGCGTGCATCCCGCA,0,4822485
ygfKp,0.09090909090909091,10,10,CGGATACGGTCTACGAACAA,0,4855568
ygfKp,0.09090909090909091,10,10,CGGATACCTCGTACGGCGGA,0,4861808
ygfKp,0.09090909090909091,10,10,CGCGGCAGACCGGGACACTG,0,4851943
ygfKp,0.09090909090909091,10,10,CGCGAAGTTGGCAGGGTCGT,0,4821227
ygfKp,0.09090909090909091,10,10,CGCCTTCCAATACTTTACTA,0,4842910
ygfKp,0.09090909090909091,10,10,CGCCTGAGATGGTCGAAACA,0,4818190
ygfKp,0.09090909090909091,10,10,CGCCTATATTCACAACATGG,0,4858039
ygfKp,0.09090909090909091,10,10,CGCCGAAAGTGCGGTTATCC,0,4839600
ygfKp,0.09090909090909091,10,10,CGATTAGCATCATGGTAGTA,0,4854128
ygfKp,0.09090909090909091,10,10,CGAGCTACAAATGTCTCGTG,0,4853305
ygfKp,0.09090909090909091,10,10,CGAGATCGGCCCGGAGTTAA,0,4827227
ygfKp,0.09090909090909091,10,10,CGAAGACGCTATTCTCAGAG,0,4837963
ygfKp,0.09090909090909091,10,10,CCTTGTATCTAGTCCGGACT,0,4860269
ygfKp,0.09090909090909091,10,10,CCTGCATGGCTGTCAAACCA,0,4860337
ygfKp,0.09090909090909091,10,10,CCGGAATGGGGGAAGAAAGT,0,4849525
ygfKp,0.09090909090909091,10,10,CCGCCTCCGACATCCTACGG,0,4823343
ygfKp,0.09090909090909091,10,10,CCCCCGCCGTGCCATTTTCA,0,4842400
ygfKp,0.09090909090909091,10,10,CCCCACTTTGCGGTGTACTT,0,4841023
ygfKp,0.09090909090909091,10,10,CCCAAGGGACTAGCCAAATG,0,4841087
ygfKp,0.09090909090909091,10,10,CCAGGAATTCGAGGGAGAGA,0,4833802
ygfKp,0.09090909090909091,10,10,CCACGACTTCCCAGTAACGC,0,4845518
ygfKp,0.09090909090909091,10,10,CCACCGCGGGATTGAGCTAC,0,4837439
ygfKp,0.09090909090909091,10,10,CCAAGGGCACGATTGTCAGT,0,4855024
ygfKp,0.09090909090909091,10,10,CCAAGGAGAGAAATTTTCGA,0,4841247
ygfKp,0.09090909090909091,10,10,CATTTATTGTGCAACTCGAT,0,4820176
ygfKp,0.09090909090909091,10,10,CATTCGAGGATCGGAGGGCT,0,4820183
ygfKp,0.09090909090909091,10,10,CATCTTGACATCGGATCGGA,0,4858760
ygfKp,0.09090909090909091,10,10,CATCTGGTGGCCCGCCGAGA,0,4839867
ygfKp,0.09090909090909091,10,10,CATAGGTGTGTTAGTTTATT,0,4854194
ygfKp,0.09090909090909091,10,10,CAGTTTTGGTGATGGTCGCT,0,4820524
ygfKp,0.09090909090909091,10,10,CAGTCACCTGTAGCCGGCGA,0,4835257
ygfKp,0.09090909090909091,10,10,CAGGTCCCTAGTCTTGGGAG,0,4831571
ygfKp,0.09090909090909091,10,10,CAGGGCTATAACTGTTTCAC,0,4843578
ygfKp,0.09090909090909091,10,10,CAGGCTCATAACATAACTGT,0,4832115
ygfKp,0.09090909090909091,10,10,CAGAAGTAGTACTCCATAGT,0,4828317
ygfKp,0.09090909090909091,10,10,CACTTATCTGTGGAGCTCAC,0,4835124
ygfKp,0.09090909090909091,10,10,CACTGAGCCCTCTGCCTTGT,0,4830940
ygfKp,0.09090909090909091,10,10,CACGTGAACCTCGTTACCCC,0,4845375
ygfKp,0.09090909090909091,10,10,CACCTATTCCATGGTGTATG,0,4849559
ygfKp,0.09090909090909091,10,10,CACCAGACTTAGGGATAGTG,0,4818709
ygfKp,0.09090909090909091,10,10,CACAATGGCTCAGGTCCAGT,0,4844656
ygfKp,0.09090909090909091,10,10,CAAGGGAAATTTTCGCATGG,0,4844947
ygfKp,0.09090909090909091,10,10,CAACTTTTGGTAGTTATCCT,0,4836126
ygfKp,0.09090909090909091,10,10,ATTTCAGGGAACCCCAGGTA,0,4862945
ygfKp,0.09090909090909091,10,10,ATTACCTCGATATCAGAGAG,0,4860419
ygfKp,0.09090909090909091,10,10,ATGTCAGAAATCGCGTTTTC,0,4819058
ygfKp,0.09090909090909091,10,10,ATGTACAAGTAGGATTTGTT,0,4817395
ygfKp,0.09090909090909091,10,10,ATGCTCCCAAGTCGGTCGTT,0,4834066
ygfKp,0.09090909090909091,10,10,ATCTGGGAGACTCCCTGAAG,0,4836070
ygfKp,0.09090909090909091,10,10,ATCTCCGGTCATTCGGTCCA,0,4823826
ygfKp,0.09090909090909091,10,10,ATCGTAAACCGGGGCTCTCC,0,4855362
ygfKp,0.09090909090909091,10,10,ATCGGTATTTCGGCTGGTGT,0,4846895
ygfKp,0.09090909090909091,10,10,ATATACGTTGGGCTATTTTT,0,4846504
ygfKp,0.09090909090909091,10,10,ATAGCCCCTGTTGAAGACAT,0,4826407
ygfKp,0.09090909090909091,10,10,ATAAATCCGTAAGGGTAAAG,0,4820326
ygfKp,0.09090909090909091,10,10,AGTTTTAATAGGATTTTTAA,0,4829338
ygfKp,0.09090909090909091,10,10,AGTCAGTTACAAAGACAGAT,0,4845649
ygfKp,0.09090909090909091,10,10,AGTAGTGAAGATATGTCGGT,0,4846910
ygfKp,0.09090909090909091,10,10,AGGTCAGCCTTGACGAGTAC,0,4831677
ygfKp,0.09090909090909091,10,10,AGGCCTAGTATATGCACGGG,0,4856326
ygfKp,0.09090909090909091,10,10,AGCGTAGGCGACTGCTATGC,0,4827350
ygfKp,0.09090909090909091,10,10,AGCGCTCCTGGCTCTCCATG,0,4836340
ygfKp,0.09090909090909091,10,10,AGCCTCTCACTCGGTCGCCT,0,4850910
ygfKp,0.09090909090909091,10,10,AGCAGCCCACCTCGCCAAGC,0,4854511
ygfKp,0.09090909090909091,10,10,AGATTTCCGGGCTGACGATG,0,4824247
ygfKp,0.09090909090909091,10,10,AGATATACATTTCAGAAGGA,0,4855595
ygfKp,0.09090909090909091,10,10,AGACGGGTTCGATGCTCGGA,0,4839251
ygfKp,0.09090909090909091,10,10,AGAAAAGGTGTCTTTAGAAG,0,4818817
ygfKp,0.09090909090909091,10,10,ACTTGGCATCGGCGGCACAG,0,4824729
ygfKp,0.09090909090909091,10,10,ACGTTGGTCAGAGAAGATTG,0,4848084
ygfKp,0.09090909090909091,10,10,ACGGTGCTCGCCAATTCGCA,0,4855269
ygfKp,0.09090909090909091,10,10,ACGACAACTGTTTACTTTTA,0,4860726
ygfKp,0.09090909090909091,10,10,ACCGCTTTACTAAGGGTACG,0,4829081
ygfKp,0.09090909090909091,10,10,ACCCAGGTACGGCGTGCTGG,0,4820713
ygfKp,0.09090909090909091,10,10,ACCAGACGGTCCGACAGTGG,0,4851083
ygfKp,0.09090909090909091,10,10,ACATCCCAGTATTTCAGTAC,0,4829750
ygfKp,0.09090909090909091,10,10,ACATCAGTCTACGTGCGGAA,0,4847876
ygfKp,0.09090909090909091,10,10,ACATATCCGGGTGCGCCCCA,0,4839307
ygfKp,0.09090909090909091,10,10,ACATACGTATTTTAGTTGTT,0,4827900
ygfKp,0.09090909090909091,10,10,ACACGGAACGGAGCAGAGTA,0,4845456
ygfKp,0.09090909090909091,10,10,ACAATATCAATAGGTGTCGT,0,4826914
ygfKp,0.09090909090909091,10,10,ACAATACCACCTGGGTGCTA,0,4845581
ygfKp,0.09090909090909091,10,10,AATTTGGGTTATCTCACACA,0,4852038
ygfKp,0.09090909090909091,10,10,AATTGGAGTCGCATTTCTTT,0,4824187
ygfKp,0.09090909090909091,10,10,AATTCGTGTCAAGCACAGGC,0,4852037
ygfKp,0.09090909090909091,10,10,AAGACGTGTGCCGATCCACC,0,4823339
ygfKp,0.09090909090909091,10,10,AAGAAGAATTTCAGACTCTT,0,4842391
ygfKp,0.09090909090909091,10,10,AACTTCGATTGACTGCAGTG,0,4847006
ygfKp,0.09090909090909091,10,10,AACGAATTCCCTTGATACGA,0,4820306
ygfKp,0.09090909090909091,10,10,AACCATTAAGCGGGCCATAG,0,4824734
ygfKp,0.09090909090909091,10,10,AACAGGAGCCGTTAGGACAC,0,4845437
ygfKp,0.09090909090909091,10,10,AACACTCGGACAACGCCGTG,0,4861844
ygfKp,0.09090909090909091,10,10,AAACGGGACTTTGCGTGTCC,0,4856109
ygfKp,0.1,9,9,TTGTTCGGTCCGTTCGTTTT,0,4837306
ygfKp,0.1,9,9,TTGTCGCGATTGGAGGTCTT,0,4825256
ygfKp,0.1,9,9,TTGTATGCATGTTAGAAGAC,0,4825502
ygfKp,0.1,9,9,TTGTAAACTACGACTGCTCG,0,4843225
ygfKp,0.1,9,9,TTGGTACCACCGCCCCAATA,0,4828343
ygfKp,0.1,9,9,TTGCGGAGATTAGTTCCCAA,0,4855111
ygfKp,0.1,9,9,TTGCCTCTTAATATGAAATC,0,4836092
ygfKp,0.1,9,9,TTGCCCGTATAAGTGGATTC,0,4823814
ygfKp,0.1,9,9,TTGAGGGGCGCCCGAAATTC,0,4846632
ygfKp,0.1,9,9,TTGAATATGTCCCTAAGACT,0,4852345
ygfKp,0.1,9,9,TTCGACATAGGGGTGCGACC,0,4822272
ygfKp,0.1,9,9,TTCAGGCCCCCCAAAATCGT,0,4825202
ygfKp,0.1,9,9,TTATGTTGGCCGGTCTATTA,0,4834852
ygfKp,0.1,9,9,TTATGTAACCGGCCGCCTCA,0,4856445
ygfKp,0.1,9,9,TTAGAGACCCTCACTACGTG,0,4842695
ygfKp,0.1,9,9,TTACGGCATTTACCCTCCGT,0,4823073
ygfKp,0.1,9,9,TTACCAGCCCCGACCATCCC,0,4859530
ygfKp,0.1,9,9,TTAATTTACTTAAAAGGATT,0,4861838
ygfKp,0.1,9,9,TTAATGTAGCCCGATGTGAG,0,4823490
ygfKp,0.1,9,9,TGTTTGATTGGGACGACCTA,0,4849255
ygfKp,0.1,9,9,TGTTACGGCGCCTAGTGGGA,0,4824665
ygfKp,0.1,9,9,TGTTACGGCATGATGTGCGT,0,4818184
ygfKp,0.1,9,9,TGTGATTATGTGTTGTTTTT,0,4855352
ygfKp,0.1,9,9,TGTCTTTGTCGCTACTGTGA,0,4845578
ygfKp,0.1,9,9,TGTCATCGGGTGAAATCGGA,0,4838605
ygfKp,0.1,9,9,TGTAGTGCTCTTTCACTAAA,0,4856672
ygfKp,0.1,9,9,TGTACGAGGTCAGTGTAGGC,0,4846166
ygfKp,0.1,9,9,TGGGTCAGGCAGAACATTGT,0,4843449
ygfKp,0.1,9,9,TGGGCAGAACAACTATTACC,0,4821900
ygfKp,0.1,9,9,TGGGACTTATTTAGAGTAAC,0,4856431
ygfKp,0.1,9,9,TGGCCGCCATAACTCGAAGC,0,4850501
ygfKp,0.1,9,9,TGCGGATGTCAACGGGAGCT,0,4834305
ygfKp,0.1,9,9,TGCCTTATTAAGGTTGGGGG,0,4832362
ygfKp,0.1,9,9,TGCCGCGTCAAGTAAAATAT,0,4827021
ygfKp,0.1,9,9,TGCCCTACTGATGGAGCAAA,0,4834270
ygfKp,0.1,9,9,TGCAACTCATAATTCTTTCA,0,4836637
ygfKp,0.1,9,9,TGAGTTGAGTGTTTTAGACC,0,4828503
ygfKp,0.1,9,9,TGAGTCAATAATAAATTCCG,0,4840140
ygfKp,0.1,9,9,TGAGAGCGGTAACCTTCTGG,0,4857403
ygfKp,0.1,9,9,TGACGATGTAGTCTAGCGAG,0,4841218
ygfKp,0.1,9,9,TCTATCGCTCACGCTTAGCG,0,4817393
ygfKp,0.1,9,9,TCTATATTTGACTACCCGTT,0,4860672
ygfKp,0.1,9,9,TCGTCCCGCGGGCATGAGAA,0,4855355
ygfKp,0.1,9,9,TCGCACAACGACACGGTCAT,0,4831687
ygfKp,0.1,9,9,TCGATCTTGTAGCCCGCATT,0,4853615
ygfKp,0.1,9,9,TCGAGTCTAGCGTAGCTTTT,0,4844875
ygfKp,0.1,9,9,TCGAGGTCTGATCAGCAGCC,0,4861334
ygfKp,0.1,9,9,TCGAATGAATAGTTATCTGT,0,4842789
ygfKp,0.1,9,9,TCGAACGCTTGTGGCCTCGA,0,4838158
ygfKp,0.1,9,9,TCCTGACGGCGCCCATCGGA,0,4821428
ygfKp,0.1,9,9,TCCGGTCCTGCCATCGTTCT,0,4828337
ygfKp,0.1,9,9,TCCGGTAAGCTTTTAACAAG,0,4839568
ygfKp,0.1,9,9,TCCATTTCCGGTTATGGAGC,0,4848802
ygfKp,0.1,9,9,TCATTATACGTTGGACTATA,0,4829023
ygfKp,0.1,9,9,TCATGAGGCAAAAAAGAACA,0,4845422
ygfKp,0.1,9,9,TCAGGAACTTGACCTCTTGG,0,4841684
ygfKp,0.1,9,9,TCACTCCCATCTAAACATTG,0,4819367
ygfKp,0.1,9,9,TATGAGACTTCACACGGTAA,0,4833401
ygfKp,0.1,9,9,TATACTCCGGAGTGACCGTA,0,4825516
ygfKp,0.1,9,9,TAGCTCATTGCGTCTTTTTC,0,4845980
ygfKp,0.1,9,9,TACTAGGTGGACCTCACGGA,0,4819426
ygfKp,0.1,9,9,TACGTTCGATCTCCCCCCTG,0,4832073
ygfKp,0.1,9,9,TACGAGTATAGTCCGGGACA,0,4821990
ygfKp,0.1,9,9,TACCCAAACCGAATAAGCTC,0,4827311
ygfKp,0.1,9,9,TACAGGTGGGGTATTGGCTT,0,4820072
ygfKp,0.1,9,9,TAACTCAGTTCTCGCAGGGT,0,4835922
ygfKp,0.1,9,9,TAAATGGAATCGGAGGTTTT,0,4837285
ygfKp,0.1,9,9,GTTTGGCCGTTATCACAGGG,0,4860092
ygfKp,0.1,9,9,GTTCCGAGACAAGCTTGGTA,0,4832892
ygfKp,0.1,9,9,GTTCCCCGGAACAAACATCC,0,4849556
ygfKp,0.1,9,9,GTTCATGGTGCCAGGCGGCC,0,4825681
ygfKp,0.1,9,9,GTTATTATACGAATAGGTGT,0,4853145
ygfKp,0.1,9,9,GTTAGCTGGGGTGTTTATCG,0,4821953
ygfKp,0.1,9,9,GTGTCCGTTCGGACTGCAGC,0,4817746
ygfKp,0.1,9,9,GTGGCCCTTAGGATCGTAAA,0,4821690
ygfKp,0.1,9,9,GTGGAACCTGTGGGAGTGTG,0,4853563
ygfKp,0.1,9,9,GTGCCGAACTAACGTCTGCA,0,4829499
ygfKp,0.1,9,9,GTGCAGGCCATCGGAGTGTC,0,4822635
ygfKp,0.1,9,9,GTGATTTGTTAAAGTCACAC,0,4839601
ygfKp,0.1,9,9,GTGAGACACACCGTTCGGGG,0,4851681
ygfKp,0.1,9,9,GTCGGAGACAGCATCACCCA,0,4855604
ygfKp,0.1,9,9,GTCGAGATCTTCACGAACAA,0,4846439
ygfKp,0.1,9,9,GTCCAAATTTGGCATATTTA,0,4824942
ygfKp,0.1,9,9,GTAGCACAATTCGACTCTAC,0,4851618
ygfKp,0.1,9,9,GTACCGAGACGGCACTAAAT,0,4843463
ygfKp,0.1,9,9,GTAACGACATCCAAGTAAGG,0,4827513
ygfKp,0.1,9,9,GTAACCCACGCCCATTGTAG,0,4854057
ygfKp,0.1,9,9,GTAAATTAGTTCGGCCCCCA,0,4848201
ygfKp,0.1,9,9,GGGGCTCATCATTGGCGCCG,0,4851190
ygfKp,0.1,9,9,GGGACACTCGTGACGATTCA,0,4852168
ygfKp,0.1,9,9,GGCGTTAAAGGCTTAAGGGG,0,4833091
ygfKp,0.1,9,9,GGCGACGGGAGCACACTGAA,0,4836633
ygfKp,0.1,9,9,GGCAAATTTAGTGCGGTAGT,0,4858186
ygfKp,0.1,9,9,GGATTCTATAAAGTTTTTAA,0,4852215
ygfKp,0.1,9,9,GGATCTTTACAGCAAACGAG,0,4839257
ygfKp,0.1,9,9,GGATCACATGCCACTAACGT,0,4851216
ygfKp,0.1,9,9,GGAGCTTCCCGAATTTACTG,0,4818076
ygfKp,0.1,9,9,GGAAGTTCATCAATGCAGTT,0,4851503
ygfKp,0.1,9,9,GGAAATGCCGAAAGTGTTAA,0,4834296
ygfKp,0.1,9,9,GCTGACTCTGAGGCGGCACT,0,4823817
ygfKp,0.1,9,9,GCTAATGTAGGCTCACGGGG,0,4856279
ygfKp,0.1,9,9,GCGTTTTTTTGCGTGCAGAT,0,4846112
ygfKp,0.1,9,9,GCGGGATGATACGCCAGCAA,0,4853532
ygfKp,0.1,9,9,GCCTGGAAACTATAGGCGTC,0,4820310
ygfKp,0.1,9,9,GCCGAATTCTCAGAGTCTCA,0,4856976
ygfKp,0.1,9,9,GCCCGCTCAATTGCCCAAAA,0,4860466
ygfKp,0.1,9,9,GCCATTGCAATGAGATCTGA,0,4852173
ygfKp,0.1,9,9,GCAGTTTGTTGGCGCATAGA,0,4845273
ygfKp,0.1,9,9,GCACCGTTTTGGAGGACCCT,0,4853802
ygfKp,0.1,9,9,GATGATCGTTCCAAGGCCAC,0,4832086
ygfKp,0.1,9,9,GAGTGAGGTAAGAATCAACT,0,4849549
ygfKp,0.1,9,9,GAGTACTCTCGGCGAGACAG,0,4862695
ygfKp,0.1,9,9,GAGGGGCCTCCGGTCGCTTA,0,4822864
ygfKp,0.1,9,9,GAGGCGTTATTTCAACCTGG,0,4829841
ygfKp,0.1,9,9,GAGCCGCCAGAATCCGGATC,0,4854360
ygfKp,0.1,9,9,GAGCCCGCTACAATAAGAGA,0,4856482
ygfKp,0.1,9,9,GAGATGAAGATTCATGCTTT,0,4845118
ygfKp,0.1,9,9,GACTGTCTCACGTTCCTATG,0,4822751
ygfKp,0.1,9,9,GACGGTCTTGAAATGTCAGT,0,4853184
ygfKp,0.1,9,9,GACGAAGGGCATCACCTCGA,0,4823906
ygfKp,0.1,9,9,GAATGAACCCTCGGGTATTA,0,4827554
ygfKp,0.1,9,9,GAAGATCTAAACCAATGAAG,0,4820391
ygfKp,0.1,9,9,GAAACATAACCCGTGGTATG,0,4831696
ygfKp,0.1,9,9,GAAAAAGCCATCTAACGAAG,0,4822671
ygfKp,0.1,9,9,CTTTGGTTGTTCCGCGCCGA,0,4837226
ygfKp,0.1,9,9,CTTTCAGTAACTGTTGGTAC,0,4841688
ygfKp,0.1,9,9,CTTTCAGATCAGAACGACTA,0,4854786
ygfKp,0.1,9,9,CTTGCGTTTAATGACAACTG,0,4818690
ygfKp,0.1,9,9,CTTCATGGTTTCATGTGTCC,0,4840156
ygfKp,0.1,9,9,CTTCAAGCAGAATCCCTAGT,0,4840703
ygfKp,0.1,9,9,CTGGTCGTTTCCGGTCTGAC,0,4849808
ygfKp,0.1,9,9,CTGGGTATGACTTGTGTCAA,0,4843240
ygfKp,0.1,9,9,CTCTTTGGATATCGAGGTGT,0,4837445
ygfKp,0.1,9,9,CTCTCGTAACTGACCGGCGG,0,4837356
ygfKp,0.1,9,9,CTCGTTCGCGACCTCCGACG,0,4858389
ygfKp,0.1,9,9,CTCGCCTTACCATGGTTTGT,0,4854783
ygfKp,0.1,9,9,CTCCCAAGGTATGTTGGCCA,0,4853160
ygfKp,0.1,9,9,CTCCAGCCAACCTCTGGTCA,0,4861112
ygfKp,0.1,9,9,CTCAAGAGAGTAATCCAATT,0,4848520
ygfKp,0.1,9,9,CTATTCAGAGTCCGACGTCA,0,4851304
ygfKp,0.1,9,9,CTAGTGGTCCTCCCTGGCCC,0,4855774
ygfKp,0.1,9,9,CTACTGTCCTCGTCCAACTC,0,4849603
ygfKp,0.1,9,9,CTAATTCCTAAGTCGCATAG,0,4851525
ygfKp,0.1,9,9,CTAACCGATATACCTTGTAC,0,4851910
ygfKp,0.1,9,9,CGTTGGGGCCGGTCTCTGAT,0,4859929
ygfKp,0.1,9,9,CGTTCTTCGAGCCGCCTCTC,0,4819979
ygfKp,0.1,9,9,CGTTCTGCAATCGATTCGTA,0,4824177
ygfKp,0.1,9,9,CGTTCTGACAACGTTAGGGC,0,4837489
ygfKp,0.1,9,9,CGTGAGGCGCCTGGGGGGGA,0,4860207
ygfKp,0.1,9,9,CGTCGCGAGCCTGTTGCGGA,0,4856859
ygfKp,0.1,9,9,CGTATAGGTGTCCACACGGC,0,4828360
ygfKp,0.1,9,9,CGGTAACAAATATATGGACA,0,4855382
ygfKp,0.1,9,9,CGGGTCATTTCTTAAACCTG,0,4859685
ygfKp,0.1,9,9,CGGGTAACCCGATTCTAGAC,0,4825840
ygfKp,0.1,9,9,CGGGCAAACGTGATATTGAA,0,4825867
ygfKp,0.1,9,9,CGGCCATCAGCACGCACTTT,0,4820044
ygfKp,0.1,9,9,CGGATACAAACCGGTGCTGC,0,4832112
ygfKp,0.1,9,9,CGGACAAAATTGTTTATTCT,0,4856651
ygfKp,0.1,9,9,CGCGGCATTCAAAAGGATCG,0,4837083
ygfKp,0.1,9,9,CGCGGAGTTGCGGGCCAGCA,0,4858146
ygfKp,0.1,9,9,CGCGCTTAGTCAGGAATCAT,0,4855667
ygfKp,0.1,9,9,CGCGAACGGTCGATCTCCGA,0,4819531
ygfKp,0.1,9,9,CGATCTCCTGTTCGTCCCGA,0,4817267
ygfKp,0.1,9,9,CCTTGCGGAATCATATCCGC,0,4832675
ygfKp,0.1,9,9,CCTGGTTTTGTATAACAGAC,0,4829406
ygfKp,0.1,9,9,CCTGATCCACGTCTGGTAGC,0,4835735
ygfKp,0.1,9,9,CCTCCCTGTCGATGCTAGCG,0,4838189
ygfKp,0.1,9,9,CCTACGCCCGTTCGCAATAA,0,4834323
ygfKp,0.1,9,9,CCGTTAACTACGTCAGTTCT,0,4862541
ygfKp,0.1,9,9,CCGTGCACGAATAATAGAGT,0,4833930
ygfKp,0.1,9,9,CCGCCGAGCCACGATGGGAC,0,4830094
ygfKp,0.1,9,9,CCCTTCAATGCGATAAGGTG,0,4835726
ygfKp,0.1,9,9,CCCGTATGTATATTTGCGTA,0,4839832
ygfKp,0.1,9,9,CCCGGCCTGACGTAGGACGA,0,4849647
ygfKp,0.1,9,9,CCACGGTTGTTCTCGGAAAG,0,4839015
ygfKp,0.1,9,9,CCACCGGGTAGAATGCCAAA,0,4837299
ygfKp,0.1,9,9,CCACCCTGGCACATAAGACA,0,4830560
ygfKp,0.1,9,9,CCAAATGTCCCGTATTGGGT,0,4854503
ygfKp,0.1,9,9,CATTGTGCCATGTAAGGGTT,0,4834978
ygfKp,0.1,9,9,CATTCATTTCGTGACGAAGT,0,4847309
ygfKp,0.1,9,9,CATTAGTGGTAACAGCAGTA,0,4820740
ygfKp,0.1,9,9,CATGGTGACAGTCCCCGGGC,0,4837324
ygfKp,0.1,9,9,CATGATCGCGAGGCCCTGGT,0,4861135
ygfKp,0.1,9,9,CATCCAGTCATGGCACACCA,0,4841425
ygfKp,0.1,9,9,CATACTGCTCGTCCTAGGAA,0,4854591
ygfKp,0.1,9,9,CATAATTTCTGCCCTAGGCC,0,4850264
ygfKp,0.1,9,9,CATAAGTTTAGGATACCGCT,0,4835379
ygfKp,0.1,9,9,CAGTCACGTCCTGAAAATAC,0,4855237
ygfKp,0.1,9,9,CAGCATTCGGGAGGCACGAA,0,4820268
ygfKp,0.1,9,9,CAGAGTGAAACGGATAGTCC,0,4821891
ygfKp,0.1,9,9,CACTTCAAAGAGGTCATCGA,0,4845184
ygfKp,0.1,9,9,CACGTCGTCGTAAACCTGCT,0,4863439
ygfKp,0.1,9,9,CACGGATATCCTTTGTCCCT,0,4842478
ygfKp,0.1,9,9,CACCGGTCGTCTCCTTCTCG,0,4854295
ygfKp,0.1,9,9,CACCATAATGGCCATGCGAA,0,4821269
ygfKp,0.1,9,9,CACACTCCAGGAAAACCCTT,0,4859382
ygfKp,0.1,9,9,CAAGGGTAATGCCCTACCCT,0,4829926
ygfKp,0.1,9,9,CAAGGACCATTCCAGAGGTT,0,4861234
ygfKp,0.1,9,9,CAAACAGTCTTCGGCAGCGA,0,4847825
ygfKp,0.1,9,9,ATTTTGCCACGGTACGAGAT,0,4860823
ygfKp,0.1,9,9,ATTGGTCGGAGCAGTTGGTG,0,4828936
ygfKp,0.1,9,9,ATTGCATCGGGAGGTAAAAC,0,4832886
ygfKp,0.1,9,9,ATGTTTTCTTCGCAACAATA,0,4851115
ygfKp,0.1,9,9,ATGTCGCCGGGAGGTCAAGG,0,4839976
ygfKp,0.1,9,9,ATGCTGAATTAGGCCTTTGT,0,4845972
ygfKp,0.1,9,9,ATGCTCAGGAGAATCGACAC,0,4836421
ygfKp,0.1,9,9,ATGCCTGGAGCAGGGGGTGC,0,4856384
ygfKp,0.1,9,9,ATGAGATTAAGACGACTACA,0,4824006
ygfKp,0.1,9,9,ATGAGACCGGGGCAGACGAA,0,4831134
ygfKp,0.1,9,9,ATGACAGCTTTGATGAGAGA,0,4861132
ygfKp,0.1,9,9,ATCTTCGCTAGCAGCTTGTG,0,4828543
ygfKp,0.1,9,9,ATCGGGCAGTCACTTGGTAG,0,4824327
ygfKp,0.1,9,9,ATCGATATACGAATAAGTCC,0,4818304
ygfKp,0.1,9,9,ATCACACGGCATTGATTCTG,0,4858571
ygfKp,0.1,9,9,ATATTGAACAGCAGACGACC,0,4821915
ygfKp,0.1,9,9,ATATGGCGAAAAAGGGTAAA,0,4849900
ygfKp,0.1,9,9,ATACCTAAGTGTCACGTTCT,0,4860751
ygfKp,0.1,9,9,ATACCATGCCTCAACTGCGT,0,4834976
ygfKp,0.1,9,9,AGTTGTTAAAAGATACTCTT,0,4856763
ygfKp,0.1,9,9,AGTCGTTGATGTGATATGCT,0,4825525
ygfKp,0.1,9,9,AGTACCAAGATCTGCTTTCG,0,4843587
ygfKp,0.1,9,9,AGGTTTCATATTGAGGCACC,0,4853515
ygfKp,0.1,9,9,AGGTGAATAACCATGCTTAT,0,4843444
ygfKp,0.1,9,9,AGGTCAGCTAACGGTGCTGA,0,4834590
ygfKp,0.1,9,9,AGGGGTATCAGGTTGTCGGG,0,4851105
ygfKp,0.1,9,9,AGGCCTTTCACCCCAATTTT,0,4849487
ygfKp,0.1,9,9,AGCGCTTCGGAGACGTGTTA,0,4817938
ygfKp,0.1,9,9,AGCCAATCGTTCGCACCCGT,0,4821267
ygfKp,0.1,9,9,AGACTCTTACGCCTCACACG,0,4823820
ygfKp,0.1,9,9,ACTTCACATACGGCGAATCA,0,4832298
ygfKp,0.1,9,9,ACTGCAAGCGGTGATTGGGG,0,4843070
ygfKp,0.1,9,9,ACTGAAACGGCCCGACTACA,0,4818693
ygfKp,0.1,9,9,ACTCTATGGTACCTAGAAGT,0,4851945
ygfKp,0.1,9,9,ACTAGGGACAATCTTAAGAT,0,4824739
ygfKp,0.1,9,9,ACGTTTGAGACGATGTAGCG,0,4838325
ygfKp,0.1,9,9,ACGTGCCATGCCGCGGACCG,0,4846440
ygfKp,0.1,9,9,ACGCCAAAGTTGTGGTATCT,0,4820723
ygfKp,0.1,9,9,ACGCAATGCAGGCAGCCTGT,0,4826406
ygfKp,0.1,9,9,ACCTGCTACGAGCAAATTCT,0,4849810
ygfKp,0.1,9,9,ACCTCGCTCCTCATCGACGT,0,4862050
ygfKp,0.1,9,9,ACCGGTGAGGTTCAGCGACT,0,4819589
ygfKp,0.1,9,9,ACCGGAGTCAGTAAATCAGA,0,4821165
ygfKp,0.1,9,9,ACCGGACCCGTGCGCGTGAC,0,4834309
ygfKp,0.1,9,9,ACATAGCGCAGTCTTTAGTG,0,4861439
ygfKp,0.1,9,9,ACAGCAGTGCCGGGGGGCAG,0,4854759
ygfKp,0.1,9,9,ACAAGCCATACAACGACATT,0,4843437
ygfKp,0.1,9,9,ACAACCCTCATTGGACGCAA,0,4849806
ygfKp,0.1,9,9,AATCGTTATTTGTATGAATG,0,4847872
ygfKp,0.1,9,9,AATCCTGGACTTGTCTATGT,0,4832470
ygfKp,0.1,9,9,AATCAACTCTCGCCACGTGA,0,4837091
ygfKp,0.1,9,9,AATATTGGGCCAGTCAACAG,0,4836492
ygfKp,0.1,9,9,AATAGTAAAGTATATAAGTA,0,4833391
ygfKp,0.1,9,9,AAGTTATTCCCTCAAAGAGA,0,4858071
ygfKp,0.1,9,9,AAGTCTATGCTAGGCAATTA,0,4818079
ygfKp,0.1,9,9,AAGGTCCATATGCCCAGATG,0,4833024
ygfKp,0.1,9,9,AAGGGAAGTGTTAATGCGGT,0,4848300
ygfKp,0.1,9,9,AAGGAGGGGCATCCACCCCA,0,4854125
ygfKp,0.1,9,9,AAGCCGTGTGTTACGTGGAA,0,4840093
ygfKp,0.1,9,9,AAGAGTGCTTGTTGATAACG,0,4851691
ygfKp,0.1,9,9,AACTTTGGGGGGTAAATCGT,0,4829885
ygfKp,0.1,9,9,AACGATATTTACGTGGGACT,0,4837930
ygfKp,0.1,9,9,AACCTCACTTATAAGTCCAC,0,4856757
ygfKp,0.1,9,9,AACCTAACGGCTATAATCTT,0,4820667
ygfKp,0.1,9,9,AACCCGTTCAACACCGTTAA,0,4831509
ygfKp,0.1,9,9,AACACTTATATTTGCCATGT,0,4849478
ygfKp,0.1,9,9,AAAGGTTCGCCTAGGTTAGG,0,4860997
ygfKp,0.1,9,9,AAACATGCGCAGGATTTCGG,0,4843912
ygfKp,0.1,9,9,AAACAGGTAATGATCTAATT,0,4855114
ygfKp,0.1,9,9,AAAAAGGCATGAGAGGATGT,0,4821561
ygfKp,0.1111111111111111,8,8,TTTGTTAATTAGTTAGTGGC,0,4835132
ygfKp,0.1111111111111111,8,8,TTTCTCGCTAGTCGATATTA,0,4832261
ygfKp,0.1111111111111111,8,8,TTTCATCGACCACGGCCCCT,0,4856580
ygfKp,0.1111111111111111,8,8,TTGTGTTTGCTCTTCGGCTA,0,4853247
ygfKp,0.1111111111111111,8,8,TTGTAGAAGAGAGTCCTCGA,0,4821172
ygfKp,0.1111111111111111,8,8,TTGCTAGGCCAACAGTTTAT,0,4854387
ygfKp,0.1111111111111111,8,8,TTGCGAGACTTCAGCCTGAT,0,4836179
ygfKp,0.1111111111111111,8,8,TTGCAGGCCTACTCGCGGCC,0,4836108
ygfKp,0.1111111111111111,8,8,TTCTGTCGGGACCCCCGTGC,0,4837301
ygfKp,0.1111111111111111,8,8,TTCTATAACTTTTGCACAGT,0,4818869
ygfKp,0.1111111111111111,8,8,TTCGGCGGGTCTATACGTGC,0,4850728
ygfKp,0.1111111111111111,8,8,TTCCAGGGGTATGCCCTCAT,0,4820163
ygfKp,0.1111111111111111,8,8,TTCACTTATTACAGTGGCCT,0,4836424
ygfKp,0.1111111111111111,8,8,TTAGTTAGGCGCGCTCCAAA,0,4831734
ygfKp,0.1111111111111111,8,8,TTAGGATCAAGTTGGTGTTA,0,4828312
ygfKp,0.1111111111111111,8,8,TTAGGAGATTGGATATGAAG,0,4835943
ygfKp,0.1111111111111111,8,8,TTACGGTTCCAGAAGAAGGT,0,4843712
ygfKp,0.1111111111111111,8,8,TTAAGTGTGTTCGCCGGCCT,0,4820743
ygfKp,0.1111111111111111,8,8,TGTGCGGCAGCCGGGACCCG,0,4833910
ygfKp,0.1111111111111111,8,8,TGTAAGGTGCCCATTTGGAA,0,4832121
ygfKp,0.1111111111111111,8,8,TGGGTTCTTACAGCCTTCCA,0,4846578
ygfKp,0.1111111111111111,8,8,TGGGCCCTGCTAGCGATGCA,0,4817129
ygfKp,0.1111111111111111,8,8,TGGGAGGCCGGTTTCGCGTT,0,4842386
ygfKp,0.1111111111111111,8,8,TGGCTTCCAGTATCACCTGT,0,4847390
ygfKp,0.1111111111111111,8,8,TGGCTGCTCCATGAACTCCA,0,4847340
ygfKp,0.1111111111111111,8,8,TGGACTTGGTGGATGGAGTG,0,4819565
ygfKp,0.1111111111111111,8,8,TGGAAAAATTGTGATTTCAG,0,4837309
ygfKp,0.1111111111111111,8,8,TGCTCATATCGGTTAGCTAA,0,4852350
ygfKp,0.1111111111111111,8,8,TGCGTACTGGAAGAGTGCTG,0,4843736
ygfKp,0.1111111111111111,8,8,TGCATCCATTTGCACTGTTA,0,4818629
ygfKp,0.1111111111111111,8,8,TGATTTTCTATTAACCCGAA,0,4827010
ygfKp,0.1111111111111111,8,8,TGAGTATTCAAAATTAGTCA,0,4843923
ygfKp,0.1111111111111111,8,8,TGAGTATGACGCCAAGATGT,0,4849110
ygfKp,0.1111111111111111,8,8,TGAGTAAGATTCTACAGGTC,0,4818648
ygfKp,0.1111111111111111,8,8,TGAGAAATCGCATCCGACTC,0,4826324
ygfKp,0.1111111111111111,8,8,TGACAAATGTATTGTCTACG,0,4837736
ygfKp,0.1111111111111111,8,8,TGAAAGTTCAACGATCCATG,0,4844718
ygfKp,0.1111111111111111,8,8,TGAAACAACGTCGAACCCCG,0,4839521
ygfKp,0.1111111111111111,8,8,TCTATGGATACTCATGGGAC,0,4862046
ygfKp,0.1111111111111111,8,8,TCGTGGGTTTCAAAGTGGTG,0,4862249
ygfKp,0.1111111111111111,8,8,TCGTAATTCACCCTGCGGTG,0,4849486
ygfKp,0.1111111111111111,8,8,TCGGGGCCAAGAACCTCAGG,0,4833461
ygfKp,0.1111111111111111,8,8,TCGGGACAGCACTGTCCTCT,0,4861318
ygfKp,0.1111111111111111,8,8,TCGGACGCCTTTATTAGGCC,0,4840689
ygfKp,0.1111111111111111,8,8,TCGCATGCCTCATCTCCGTT,0,4855253
ygfKp,0.1111111111111111,8,8,TCGAGGCACCAGCCGCAAAT,0,4837385
ygfKp,0.1111111111111111,8,8,TCCTTTCAAGATTACGTCAC,0,4828244
ygfKp,0.1111111111111111,8,8,TCCTAGTTGTAACCATCTAC,0,4849775
ygfKp,0.1111111111111111,8,8,TCCTAATAATAACAAGCTTA,0,4843080
ygfKp,0.1111111111111111,8,8,TCCCGTACTCCGGTTGCCTT,0,4822318
ygfKp,0.1111111111111111,8,8,TCCATCTTCCGGACCTGGAT,0,4833326
ygfKp,0.1111111111111111,8,8,TCCAGTGTCCAGTCAAGTCG,0,4845441
ygfKp,0.1111111111111111,8,8,TCCAGGAACTGTTCTAATTA,0,4849481
ygfKp,0.1111111111111111,8,8,TCCAACGGTAACGAATTGAC,0,4855303
ygfKp,0.1111111111111111,8,8,TCATTCACTTACAACCAACA,0,4855992
ygfKp,0.1111111111111111,8,8,TCATTAAGGGCACTTTAGGT,0,4852051
ygfKp,0.1111111111111111,8,8,TCAACCGGACCCACAGTAGT,0,4851857
ygfKp,0.1111111111111111,8,8,TATGTCAGGCTGATCCCTCT,0,4843117
ygfKp,0.1111111111111111,8,8,TATGGTGAGTCGTAAGCTTC,0,4821726
ygfKp,0.1111111111111111,8,8,TATACATATCAGCAACGTAT,0,4830785
ygfKp,0.1111111111111111,8,8,TAGGGAAATGTGATCCGGCG,0,4855747
ygfKp,0.1111111111111111,8,8,TAGGAAGGTATAAGCGAGTA,0,4854927
ygfKp,0.1111111111111111,8,8,TAGCTTCAATCCTCGGGCTG,0,4853352
ygfKp,0.1111111111111111,8,8,TAGCTAGAGGGAAAGGGCAT,0,4858863
ygfKp,0.1111111111111111,8,8,TAGAAGGTTACTATAAACCT,0,4848493
ygfKp,0.1111111111111111,8,8,TAGAAATGGCCACCTAACGG,0,4849526
ygfKp,0.1111111111111111,8,8,TACGTCAACACCGCCGAATG,0,4822580
ygfKp,0.1111111111111111,8,8,TACCGCATTTATATCGCGCC,0,4839596
ygfKp,0.1111111111111111,8,8,TACCCAGAACCGCGGGTCAA,0,4848409
ygfKp,0.1111111111111111,8,8,TACAGCGCGTGGGTCCAGGG,0,4842092
ygfKp,0.1111111111111111,8,8,TAACAAGTATTGAAGCTATC,0,4839736
ygfKp,0.1111111111111111,8,8,TAAACCTATCGTGGGCAAGC,0,4830633
ygfKp,0.1111111111111111,8,8,GTTTGCGTATCGTCTTAGCG,0,4856098
ygfKp,0.1111111111111111,8,8,GTTTCCAACACAGAGTCACG,0,4849178
ygfKp,0.1111111111111111,8,8,GTTTAACATGTTGCGATACG,0,4820859
ygfKp,0.1111111111111111,8,8,GTTCGGAGTCTTCTGCAGGA,0,4827331
ygfKp,0.1111111111111111,8,8,GTTATGCGTATGCATCTGTA,0,4825242
ygfKp,0.1111111111111111,8,8,GTTAGTGCTCCGAAGGATAC,0,4863770
ygfKp,0.1111111111111111,8,8,GTGGCGTACCAAAAGGCTTT,0,4845376
ygfKp,0.1111111111111111,8,8,GTGGCCAGCGCGTGTGATCC,0,4830649
ygfKp,0.1111111111111111,8,8,GTGGATGTGGACGAAGTGGG,0,4828950
ygfKp,0.1111111111111111,8,8,GTGCGCATTGTATGGTGGAC,0,4846168
ygfKp,0.1111111111111111,8,8,GTCTGACGCCGCTTCTGGAG,0,4841000
ygfKp,0.1111111111111111,8,8,GTCTCTCACGAGTGCTCAAC,0,4842597
ygfKp,0.1111111111111111,8,8,GTCGGAGGTGGGTGCCCAAT,0,4837001
ygfKp,0.1111111111111111,8,8,GTCCCTGGGGGGCTAATTAT,0,4823692
ygfKp,0.1111111111111111,8,8,GTAGTCGGTATCCTGCACTA,0,4851831
ygfKp,0.1111111111111111,8,8,GTAGCGTTATGGTTAAAGGT,0,4861068
ygfKp,0.1111111111111111,8,8,GTAGATCCCTCTTGCCACAG,0,4833621
ygfKp,0.1111111111111111,8,8,GTAGAGACGGAGCGAAACTA,0,4835886
ygfKp,0.1111111111111111,8,8,GTACAGCCCCGCGCGCAGCT,0,4842001
ygfKp,0.1111111111111111,8,8,GTAATGCGAGGGGACACGCA,0,4847870
ygfKp,0.1111111111111111,8,8,GTAAGTATGTTTGAATCTTC,0,4839332
ygfKp,0.1111111111111111,8,8,GGTTACTTGATCCGTGCGAT,0,4818086
ygfKp,0.1111111111111111,8,8,GGTGTTCCAACCGGACTTCT,0,4859877
ygfKp,0.1111111111111111,8,8,GGTGAGGGTGGAACCCGTAG,0,4827693
ygfKp,0.1111111111111111,8,8,GGTGAAGGAATCGGTTCGAA,0,4855141
ygfKp,0.1111111111111111,8,8,GGTCCATTAAGATACGATGT,0,4849003
ygfKp,0.1111111111111111,8,8,GGTCACCGCGTTAACTCTGC,0,4819067
ygfKp,0.1111111111111111,8,8,GGTATGAGTATTAGCGCACT,0,4839886
ygfKp,0.1111111111111111,8,8,GGTAACACTCCTTAATCGCG,0,4834604
ygfKp,0.1111111111111111,8,8,GGGTTCATCGAGATCTGTCA,0,4818367
ygfKp,0.1111111111111111,8,8,GGGTGTCCAGCCAGCGCGTT,0,4825497
ygfKp,0.1111111111111111,8,8,GGGTCAGTAGCCTAGGGAGA,0,4852319
ygfKp,0.1111111111111111,8,8,GGGTACTCCGTCCCCGTCCA,0,4824343
ygfKp,0.1111111111111111,8,8,GGGCTGCCAGTCCTAATATG,0,4827384
ygfKp,0.1111111111111111,8,8,GGGATCCATACCGCCCAGCT,0,4856687
ygfKp,0.1111111111111111,8,8,GGCGCGGCCCCAGGAGATGC,0,4850385
ygfKp,0.1111111111111111,8,8,GGCCTCAACAGACCAGCAAT,0,4832412
ygfKp,0.1111111111111111,8,8,GGCCCCGTACGAATCCAATA,0,4841678
ygfKp,0.1111111111111111,8,8,GGCAATTTCCGAGGGAGTCA,0,4833954
ygfKp,0.1111111111111111,8,8,GGATAGATTCACTGGGCTTT,0,4832537
ygfKp,0.1111111111111111,8,8,GGAGGCCGCGGATAGCTCTC,0,4857968
ygfKp,0.1111111111111111,8,8,GGACTACGCTAACAATCGTG,0,4823087
ygfKp,0.1111111111111111,8,8,GCTTTCCGCACTGTAGGTAA,0,4842495
ygfKp,0.1111111111111111,8,8,GCTTCACATGTATGGCTGAT,0,4818539
ygfKp,0.1111111111111111,8,8,GCTTAACTCTAGCTGTAGTG,0,4829747
ygfKp,0.1111111111111111,8,8,GCTGTTCTGTGAGCGCTACT,0,4859697
ygfKp,0.1111111111111111,8,8,GCTGTCTCCACAACTGAAAC,0,4830650
ygfKp,0.1111111111111111,8,8,GCTGTATTCGGGGTAAGTAG,0,4826913
ygfKp,0.1111111111111111,8,8,GCTCTAGCAATAGCGCACGA,0,4839914
ygfKp,0.1111111111111111,8,8,GCTCGTCCCGATCTCGATCT,0,4854729
ygfKp,0.1111111111111111,8,8,GCTCGGTGGTGGTCGCTGTA,0,4829194
ygfKp,0.1111111111111111,8,8,GCTAGGTTCGTTCTTAACCC,0,4829842
ygfKp,0.1111111111111111,8,8,GCGTCTGTTGATTCAATTTA,0,4848805
ygfKp,0.1111111111111111,8,8,GCGGTTAGATTCTGTATAAC,0,4830788
ygfKp,0.1111111111111111,8,8,GCGGTTACCAACCTCCGTGA,0,4860353
ygfKp,0.1111111111111111,8,8,GCGGGTCCCCCTGTGGGCCG,0,4817747
ygfKp,0.1111111111111111,8,8,GCGCTCGCCGGAGGAAATAC,0,4832679
ygfKp,0.1111111111111111,8,8,GCGCGCTACCCAATTGTATT,0,4843868
ygfKp,0.1111111111111111,8,8,GCGCGATCGTAATTCGATAG,0,4842396
ygfKp,0.1111111111111111,8,8,GCGCAGTACTACGCTTCCTG,0,4823383
ygfKp,0.1111111111111111,8,8,GCGATTTGAGCCAGCATTTA,0,4818901
ygfKp,0.1111111111111111,8,8,GCGATGTTGGTGACTCGTTG,0,4823389
ygfKp,0.1111111111111111,8,8,GCCGTAAAATGTGTGATCTT,0,4831576
ygfKp,0.1111111111111111,8,8,GCCGCCCAGTCGGGCGGATT,0,4848663
ygfKp,0.1111111111111111,8,8,GCCCTGGTGTGGTAAGCTAG,0,4821622
ygfKp,0.1111111111111111,8,8,GCCAGTCTGATGTGAATCGA,0,4829752
ygfKp,0.1111111111111111,8,8,GCCAGAGCTACAATCCGGTA,0,4832469
ygfKp,0.1111111111111111,8,8,GCATCTCTAGGAACGGGGGA,0,4831398
ygfKp,0.1111111111111111,8,8,GCATAGTAACTCTCGGAGTT,0,4829216
ygfKp,0.1111111111111111,8,8,GCAGTGGGGCTGGGACGCCA,0,4845316
ygfKp,0.1111111111111111,8,8,GCAGGCTCCCTTTGAGCGCG,0,4835274
ygfKp,0.1111111111111111,8,8,GCAGATTGCTTTAACTGCGG,0,4824254
ygfKp,0.1111111111111111,8,8,GCACGCGTCAACAGTGGAAT,0,4848768
ygfKp,0.1111111111111111,8,8,GCACGCAATAAATGCGTTTA,0,4853309
ygfKp,0.1111111111111111,8,8,GCAAGATAAACATCTTCTAA,0,4845027
ygfKp,0.1111111111111111,8,8,GATTGACCTTCAACTCCGTC,0,4843820
ygfKp,0.1111111111111111,8,8,GATTGAATTAAACCATTATG,0,4848891
ygfKp,0.1111111111111111,8,8,GATTCCCTTGCAGTGGTATG,0,4836639
ygfKp,0.1111111111111111,8,8,GATGTTGATGGATTTGGTAA,0,4854314
ygfKp,0.1111111111111111,8,8,GATGGGATTAGGAGGATCAA,0,4836197
ygfKp,0.1111111111111111,8,8,GATGGCGGGTCATGAGTTCA,0,4852913
ygfKp,0.1111111111111111,8,8,GATGAACGTCGTGCTAGAGT,0,4829518
ygfKp,0.1111111111111111,8,8,GATCTTGATTCATGGCCTTG,0,4861133
ygfKp,0.1111111111111111,8,8,GATACCGTCCAGTTATTCTG,0,4845170
ygfKp,0.1111111111111111,8,8,GATAACCATAAGACTAGAAA,0,4829201
ygfKp,0.1111111111111111,8,8,GAGGAGCATCTGGTCTTGGT,0,4821439
ygfKp,0.1111111111111111,8,8,GAGGACTACAACTAGAGGGA,0,4846571
ygfKp,0.1111111111111111,8,8,GAGCTGCTTAACTCCACGTT,0,4832366
ygfKp,0.1111111111111111,8,8,GACTTGGCCCAGATTCCTCC,0,4851161
ygfKp,0.1111111111111111,8,8,GACGGCTGAGGATTGCGCTA,0,4847190
ygfKp,0.1111111111111111,8,8,GACGGCACAAACTCGTCCGG,0,4853760
ygfKp,0.1111111111111111,8,8,GACCTGCGCCGGTAGAAGAT,0,4826331
ygfKp,0.1111111111111111,8,8,GAATTCTGCGACCCGCAATA,0,4836071
ygfKp,0.1111111111111111,8,8,GAAGGTAGGGTAATGCTTAA,0,4827261
ygfKp,0.1111111111111111,8,8,GAAGAGATCTACCCCGCGTT,0,4820529
ygfKp,0.1111111111111111,8,8,GAACTCTGCGCGGGTGTTTT,0,4825464
ygfKp,0.1111111111111111,8,8,GAACGGTGCAACCTGTAGGT,0,4860360
ygfKp,0.1111111111111111,8,8,GAACATAACGATAGCCTTGA,0,4845210
ygfKp,0.1111111111111111,8,8,GAAATGAGGCCGCCACCTCT,0,4818684
ygfKp,0.1111111111111111,8,8,GAAACCTTAAGCTCGGAGAC,0,4863755
ygfKp,0.1111111111111111,8,8,GAAAACCAGGCCCAAACTGG,0,4857167
ygfKp,0.1111111111111111,8,8,CTTCTTTGGCGACCTGTACG,0,4846084
ygfKp,0.1111111111111111,8,8,CTTCTAAAGCGACAGTGTTT,0,4848908
ygfKp,0.1111111111111111,8,8,CTTCACTGCCCCCCACGGAG,0,4853934
ygfKp,0.1111111111111111,8,8,CTTACTGAACGGACATCTTC,0,4825167
ygfKp,0.1111111111111111,8,8,CTGTTCAGGGTAGTAGGTGG,0,4851526
ygfKp,0.1111111111111111,8,8,CTGTGGTAGGATAGACACAC,0,4851718
ygfKp,0.1111111111111111,8,8,CTGCGCTTCTTGCAGTCCCT,0,4846278
ygfKp,0.1111111111111111,8,8,CTGCACTATGGCGGTAAGAA,0,4837881
ygfKp,0.1111111111111111,8,8,CTCTTGTAGTCCGATTAGAA,0,4845579
ygfKp,0.1111111111111111,8,8,CTCTGCTTCAACAACGCGGA,0,4843311
ygfKp,0.1111111111111111,8,8,CTCGTGGTCTGTTGCCCCAC,0,4857290
ygfKp,0.1111111111111111,8,8,CTCCCATGTTGGATAAACTG,0,4849499
ygfKp,0.1111111111111111,8,8,CTCCACCGCCAACCGTGTGT,0,4831451
ygfKp,0.1111111111111111,8,8,CTATTGGCTTCTGCGCGACG,0,4824635
ygfKp,0.1111111111111111,8,8,CTATGGCACGAGGCAGGGAT,0,4819980
ygfKp,0.1111111111111111,8,8,CTATGATAGACAGAAGCTAT,0,4852699
ygfKp,0.1111111111111111,8,8,CTACTTGCTTTTTATGCGTT,0,4832673
ygfKp,0.1111111111111111,8,8,CGTTACGCAAACGAGCTGCC,0,4818520
ygfKp,0.1111111111111111,8,8,CGTTAACCCCGTGCAAACCG,0,4852219
ygfKp,0.1111111111111111,8,8,CGTCGCACGCGTCGGCCCAT,0,4845557
ygfKp,0.1111111111111111,8,8,CGTCAGGAAGACGCTAGCGA,0,4834771
ygfKp,0.1111111111111111,8,8,CGTATAAGGGGTTCGGGAGC,0,4819562
ygfKp,0.1111111111111111,8,8,CGTAGGGGAACAGGCAATCA,0,4817335
ygfKp,0.1111111111111111,8,8,CGTAGAAACCTGCGTGTTTG,0,4845199
ygfKp,0.1111111111111111,8,8,CGTACTAGGGAGCGTTGGCG,0,4849330
ygfKp,0.1111111111111111,8,8,CGGGTTGTCCTATTTCTTGC,0,4828940
ygfKp,0.1111111111111111,8,8,CGGGGGGAGGCAACTCTACA,0,4843914
ygfKp,0.1111111111111111,8,8,CGGGGGAATAGACTATCCTT,0,4842845
ygfKp,0.1111111111111111,8,8,CGGCCATTGTCTGTTCTGAG,0,4834643
ygfKp,0.1111111111111111,8,8,CGGATGGGGGAATTTGGCCA,0,4850721
ygfKp,0.1111111111111111,8,8,CGGAATCCGCGTTACTGTAT,0,4830936
ygfKp,0.1111111111111111,8,8,CGCTGAGTTACCCAGAATCA,0,4849522
ygfKp,0.1111111111111111,8,8,CGCGGCCCAGCTAGTAGATG,0,4824237
ygfKp,0.1111111111111111,8,8,CGCCTCTCTCATTCGTCAGC,0,4834946
ygfKp,0.1111111111111111,8,8,CGCCCAGACGATCGGGTAAG,0,4822402
ygfKp,0.1111111111111111,8,8,CGCCATATCAATTCCTTTAA,0,4836327
ygfKp,0.1111111111111111,8,8,CGATCCAGGAAAGGTTTACC,0,4833806
ygfKp,0.1111111111111111,8,8,CGAGGCGCAGAAGAAAGGCC,0,4835173
ygfKp,0.1111111111111111,8,8,CGAGCTTGTCTTGATAGTGT,0,4856068
ygfKp,0.1111111111111111,8,8,CGACGTGGATACACGACTCT,0,4834663
ygfKp,0.1111111111111111,8,8,CGACCCTGCCCCGCATGGGC,0,4839101
ygfKp,0.1111111111111111,8,8,CGAATCAGTGCTTGTCATTT,0,4855669
ygfKp,0.1111111111111111,8,8,CGAACTAACAGCGATTTCTC,0,4855628
ygfKp,0.1111111111111111,8,8,CGAAATACAACTGTGATCGT,0,4851928
ygfKp,0.1111111111111111,8,8,CCTGTACGTCCTACTTTTCT,0,4828864
ygfKp,0.1111111111111111,8,8,CCTGGTCGCCCAAGTATAGA,0,4820618
ygfKp,0.1111111111111111,8,8,CCTGGCGCGGATTTGCTGAT,0,4832596
ygfKp,0.1111111111111111,8,8,CCTCATTCATAATACCGCGT,0,4847828
ygfKp,0.1111111111111111,8,8,CCGGATTCCGGTTTCGAGTA,0,4825835
ygfKp,0.1111111111111111,8,8,CCGATCTGGGTATTTAGGCT,0,4858804
ygfKp,0.1111111111111111,8,8,CCCGTTTAGTATCAAGCTGT,0,4827049
ygfKp,0.1111111111111111,8,8,CCCCTATTGCTGTGCAGATA,0,4825782
ygfKp,0.1111111111111111,8,8,CCCCCCGAGGCGCATGAGAG,0,4861165
ygfKp,0.1111111111111111,8,8,CCCCACGTTAGTGATTTAGA,0,4831119
ygfKp,0.1111111111111111,8,8,CCCACTACGACGTCCAATCC,0,4817925
ygfKp,0.1111111111111111,8,8,CCAGGGTTATCTGAGGCCTT,0,4818780
ygfKp,0.1111111111111111,8,8,CCACTCCCCAGAACCTGATT,0,4843589
ygfKp,0.1111111111111111,8,8,CCAACTGGTGTTAGCATTAG,0,4845640
ygfKp,0.1111111111111111,8,8,CCAACATCCTCCGGTTCAGA,0,4831582
ygfKp,0.1111111111111111,8,8,CATTGATTGCGGTCGGTGGG,0,4847820
ygfKp,0.1111111111111111,8,8,CATCAACGCGTCCAATTTTT,0,4843229
ygfKp,0.1111111111111111,8,8,CATATTTGCTTTTCATATCT,0,4850245
ygfKp,0.1111111111111111,8,8,CATAACCCGGGGGTTTTTAT,0,4844039
ygfKp,0.1111111111111111,8,8,CATAAACCGTTGTATTGGAC,0,4844154
ygfKp,0.1111111111111111,8,8,CAGTTGCAACATGGCCATCA,0,4820184
ygfKp,0.1111111111111111,8,8,CAGTGCCTCTGTTACGCGGA,0,4839947
ygfKp,0.1111111111111111,8,8,CAGTACTTTGAGTGCTGCTG,0,4835300
ygfKp,0.1111111111111111,8,8,CAGGTCCAGGGCTGCAGGGG,0,4852801
ygfKp,0.1111111111111111,8,8,CAGGGGGCGGAAGGTTTAGC,0,4833111
ygfKp,0.1111111111111111,8,8,CAGGCAGGTGACTTTTAGGT,0,4845448
ygfKp,0.1111111111111111,8,8,CAGCCGTGTTAAGTGTGCCT,0,4820168
ygfKp,0.1111111111111111,8,8,CACTTTTGATGTCTGCGGCA,0,4839956
ygfKp,0.1111111111111111,8,8,CACTGTCGCGCTAGGCACGA,0,4824043
ygfKp,0.1111111111111111,8,8,CACGGAGTCGCGTAATTATT,0,4853151
ygfKp,0.1111111111111111,8,8,CACGCTCGTTATTATGAGGA,0,4834816
ygfKp,0.1111111111111111,8,8,CACCCTTAAATTGACATCAC,0,4849098
ygfKp,0.1111111111111111,8,8,CACAGGTATTAGCTAACGTA,0,4824362
ygfKp,0.1111111111111111,8,8,CAATCCTTCTGAGGCCCGAC,0,4856584
ygfKp,0.1111111111111111,8,8,CAAGCTGTACATGGGGAGGC,0,4820325
ygfKp,0.1111111111111111,8,8,CAAGATGATTGCGCTACTTG,0,4840676
ygfKp,0.1111111111111111,8,8,CAACTATGTTAAAACCTTCT,0,4843748
ygfKp,0.1111111111111111,8,8,CAACAACCAGTTTCCCTCAA,0,4842949
ygfKp,0.1111111111111111,8,8,CAAACGTCGAATTGATGTGA,0,4837593
ygfKp,0.1111111111111111,8,8,ATTTGGATGAACGTGCACTC,0,4848310
ygfKp,0.1111111111111111,8,8,ATTGTGTCAAAGTTTATTAA,0,4853172
ygfKp,0.1111111111111111,8,8,ATTGTCGTTCACGGCCCAAT,0,4858712
ygfKp,0.1111111111111111,8,8,ATTGGCTCGGAAATATCAGC,0,4839207
ygfKp,0.1111111111111111,8,8,ATTAACGTCTGGTCGGGAAC,0,4822834
ygfKp,0.1111111111111111,8,8,ATTAAATATTACTCCGGTTG,0,4817377
ygfKp,0.1111111111111111,8,8,ATGTACAGAGTCCACATCGC,0,4847606
ygfKp,0.1111111111111111,8,8,ATGGTGTAGGTAACATAGTG,0,4817612
ygfKp,0.1111111111111111,8,8,ATGGTGACCCCTGTTTTGTA,0,4839439
ygfKp,0.1111111111111111,8,8,ATGATCTTCTGGGCAACACG,0,4832299
ygfKp,0.1111111111111111,8,8,ATGACAGGCAGGAATCGTCC,0,4833833
ygfKp,0.1111111111111111,8,8,ATGAAGGACGATGTAAACTG,0,4837224
ygfKp,0.1111111111111111,8,8,ATCTCTTGGGCCGCGAACCG,0,4848659
ygfKp,0.1111111111111111,8,8,ATCTAACACAAAGACTATTA,0,4844239
ygfKp,0.1111111111111111,8,8,ATCGCGGCGCGGAATCAATC,0,4845689
ygfKp,0.1111111111111111,8,8,ATACCTTGCGTCGGTAGCTA,0,4839566
ygfKp,0.1111111111111111,8,8,ATAAACATTTTATAGCCAGG,0,4832307
ygfKp,0.1111111111111111,8,8,AGTCATCGACCACCGACCAC,0,4857476
ygfKp,0.1111111111111111,8,8,AGTCAACGGATGTATAGGGA,0,4845302
ygfKp,0.1111111111111111,8,8,AGTAACGTGTCGGGGTTGCT,0,4835890
ygfKp,0.1111111111111111,8,8,AGGTCTGCCAGGACGAGGAA,0,4859872
ygfKp,0.1111111111111111,8,8,AGGGTTAGCACTCACGATCA,0,4820910
ygfKp,0.1111111111111111,8,8,AGGGGGTGCTAATGCAAGAA,0,4841104
ygfKp,0.1111111111111111,8,8,AGGGCGAACGGTGGCCTCAT,0,4837567
ygfKp,0.1111111111111111,8,8,AGGCTTAAATTACAGAACTT,0,4820288
ygfKp,0.1111111111111111,8,8,AGGCTACCGTTCGTATCTAG,0,4828107
ygfKp,0.1111111111111111,8,8,AGGCACGGATAGCCATCACC,0,4855133
ygfKp,0.1111111111111111,8,8,AGGATAACTCGCCGTCCAGT,0,4848095
ygfKp,0.1111111111111111,8,8,AGCTGCGGACGTTGGACTGT,0,4860945
ygfKp,0.1111111111111111,8,8,AGCGCCGTATATAACCAACG,0,4830539
ygfKp,0.1111111111111111,8,8,AGCCGGGCATGCCGGAACGT,0,4846089
ygfKp,0.1111111111111111,8,8,AGCCGGAGGCATTAGGCATC,0,4852171
ygfKp,0.1111111111111111,8,8,AGAGGATGCATTTTAATTTA,0,4855193
ygfKp,0.1111111111111111,8,8,AGAATGGCTCACCGAAGCAA,0,4833021
ygfKp,0.1111111111111111,8,8,AGAAGTTTCCCGCGTCGAAG,0,4833764
ygfKp,0.1111111111111111,8,8,AGAAGAAGGACTGGATTCAC,0,4828382
ygfKp,0.1111111111111111,8,8,AGAACACAAATTGATTAACA,0,4824039
ygfKp,0.1111111111111111,8,8,ACTTAGGTGCGGACGCTGGA,0,4852862
ygfKp,0.1111111111111111,8,8,ACTGATTCTCCTTAACGATT,0,4830792
ygfKp,0.1111111111111111,8,8,ACTGACATCTACAGGAGGGA,0,4823970
ygfKp,0.1111111111111111,8,8,ACTCTGCCTCCGACTCCAAC,0,4823682
ygfKp,0.1111111111111111,8,8,ACTCCGCCACGACGTGAAGT,0,4855186
ygfKp,0.1111111111111111,8,8,ACTAATAGGGGTAAAGTGTT,0,4849907
ygfKp,0.1111111111111111,8,8,ACGTGTGTGGAGGCCAGTAG,0,4859598
ygfKp,0.1111111111111111,8,8,ACGGTCATAGATGAGAGCTA,0,4845643
ygfKp,0.1111111111111111,8,8,ACGGGGGGGATAGGTAGCCG,0,4822619
ygfKp,0.1111111111111111,8,8,ACGATACACGAACGGGACAC,0,4822256
ygfKp,0.1111111111111111,8,8,ACCGGAATTTACTAATTCAT,0,4854352
ygfKp,0.1111111111111111,8,8,ACCCTATATCGGTCCTCAAG,0,4858854
ygfKp,0.1111111111111111,8,8,ACCCGACTGACCGAGATCTG,0,4826865
ygfKp,0.1111111111111111,8,8,ACATTGAGTTAAGCGTACGT,0,4845547
ygfKp,0.1111111111111111,8,8,ACATGGGGTGATACGGGCTT,0,4831127
ygfKp,0.1111111111111111,8,8,ACATCGATCCAGGGGGTCAC,0,4825964
ygfKp,0.1111111111111111,8,8,ACATCCGGCGCCGGTATTTT,0,4842394
ygfKp,0.1111111111111111,8,8,ACATATCTGTTGTGGAGGTG,0,4853347
ygfKp,0.1111111111111111,8,8,ACACGTCACGATATGGGGCA,0,4826480
ygfKp,0.1111111111111111,8,8,ACACCTGTACCTGTGATTTT,0,4820699
ygfKp,0.1111111111111111,8,8,ACACCCAGAAATGCCATGGA,0,4832908
ygfKp,0.1111111111111111,8,8,AAGTCTTTCCGCGCCGGGTG,0,4839237
ygfKp,0.1111111111111111,8,8,AAGTATTTGGAACCCAAAGT,0,4828370
ygfKp,0.1111111111111111,8,8,AAGGTCCGGTTGCGAGGGGG,0,4826577
ygfKp,0.1111111111111111,8,8,AAGCAGCCCTCACTAGCCCT,0,4825974
ygfKp,0.1111111111111111,8,8,AAGATTTCGTAAACCTCATT,0,4827018
ygfKp,0.1111111111111111,8,8,AAGACGGTTGTGAAAATCAG,0,4845394
ygfKp,0.1111111111111111,8,8,AACTTTATGCCAGTCCCGGG,0,4819082
ygfKp,0.1111111111111111,8,8,AACTCGCCACACTTCTTTTG,0,4844951
ygfKp,0.1111111111111111,8,8,AACTAGAGTTGGCCCCAATC,0,4823894
ygfKp,0.1111111111111111,8,8,AACGATAATATACATTCACT,0,4829755
ygfKp,0.1111111111111111,8,8,AACATCGAAGATCATCGACT,0,4828336
ygfKp,0.1111111111111111,8,8,AAACTAGCCAGAGCACTCGA,0,4818903
ygfKp,0.1111111111111111,8,8,AAAAGCCGGAGGCGGCCTTC,0,4818519
ygfKp,0.125,7,7,TTTTTTGACGCCTTTGTTCA,0,4839569
ygfKp,0.125,7,7,TTTGTGGATGTCGGCTTCCA,0,4831503
ygfKp,0.125,7,7,TTTGCGAAAGGAACCTTATG,0,4863123
ygfKp,0.125,7,7,TTTGATCTCTTCCCCATGGT,0,4857321
ygfKp,0.125,7,7,TTTATGTTTCAAGCTCGGTC,0,4841053
ygfKp,0.125,7,7,TTTACCCCAGATGGCTTAAG,0,4822320
ygfKp,0.125,7,7,TTGTGCCACTCCCGAGCACT,0,4837711
ygfKp,0.125,7,7,TTGTGAATGCCACCTGGCAA,0,4819024
ygfKp,0.125,7,7,TTGGGGTGGGGCGTCAGCTC,0,4856645
ygfKp,0.125,7,7,TTGGGCGTTTGATCGTGAGC,0,4829057
ygfKp,0.125,7,7,TTGGGCACGTTACATTAGGA,0,4860024
ygfKp,0.125,7,7,TTGCCGGCATCTGGAAGCAG,0,4831781
ygfKp,0.125,7,7,TTGAATAGTCCGGGTACTTT,0,4826545
ygfKp,0.125,7,7,TTCATAGGACACCGACATTT,0,4853995
ygfKp,0.125,7,7,TTCACGCATGATAAGTTAGA,0,4841024
ygfKp,0.125,7,7,TTATTACCTCCGTAGGGCCT,0,4849094
ygfKp,0.125,7,7,TTAGGGCGCAGCGGGAGCGT,0,4834042
ygfKp,0.125,7,7,TTAGAATTATTCTAGTTACC,0,4842439
ygfKp,0.125,7,7,TTACGGCCCCTGCCGGCGGT,0,4850579
ygfKp,0.125,7,7,TTAAGTTGGAGTTATCCCGG,0,4836002
ygfKp,0.125,7,7,TGTTGTCATGAAGCATTCCA,0,4827642
ygfKp,0.125,7,7,TGTGTACGCTTCTGTACTAT,0,4820201
ygfKp,0.125,7,7,TGTGGTAAATCAGAGGCCGA,0,4855283
ygfKp,0.125,7,7,TGTCTCCGAGCTTTGTAATA,0,4841900
ygfKp,0.125,7,7,TGTCCGTAGCGGCGGCCAGT,0,4859679
ygfKp,0.125,7,7,TGTACTGAATAAATAGGGGT,0,4860294
ygfKp,0.125,7,7,TGTACGAATAAGGTCAATCT,0,4834427
ygfKp,0.125,7,7,TGTAAGACACGTACAACATT,0,4847582
ygfKp,0.125,7,7,TGGTTCATCACTTCAGTCAC,0,4860083
ygfKp,0.125,7,7,TGGGTTTCCTCATTCACAGC,0,4843127
ygfKp,0.125,7,7,TGGGGGTTTTGCGAGGCTAC,0,4849783
ygfKp,0.125,7,7,TGCGTTTCTCGTGAATTGCT,0,4823974
ygfKp,0.125,7,7,TGCGAATGGTGCGCACGTGT,0,4848807
ygfKp,0.125,7,7,TGCAAGGCCCAATTCCAGCT,0,4838757
ygfKp,0.125,7,7,TGATGACACAGCAGCTTTGA,0,4835999
ygfKp,0.125,7,7,TGATCCTTCGCACGTTACAC,0,4834173
ygfKp,0.125,7,7,TGAGTATGGTGCGTATATTC,0,4843577
ygfKp,0.125,7,7,TGAGGACGTTGGGGACGGAG,0,4854363
ygfKp,0.125,7,7,TGACTAATCCATGGAATCTT,0,4858977
ygfKp,0.125,7,7,TGACCCACTGCAAGTTCGAG,0,4854481
ygfKp,0.125,7,7,TGAAGCACTCGAGGGCGACC,0,4836728
ygfKp,0.125,7,7,TCTTTGCCAGAACATTAGTT,0,4861338
ygfKp,0.125,7,7,TCTATACAAAAAAACACGAT,0,4852815
ygfKp,0.125,7,7,TCTACCAGTGAAGAGGGCTA,0,4849698
ygfKp,0.125,7,7,TCGGGGGACACCTTTGAGGA,0,4833108
ygfKp,0.125,7,7,TCGCGCCAGTCCAATAGAGG,0,4861098
ygfKp,0.125,7,7,TCGCCGGGAAGATCCATGAG,0,4822333
ygfKp,0.125,7,7,TCGATGCCTGGTGAGTCATT,0,4825814
ygfKp,0.125,7,7,TCCTGCGTGAGATCCTCCTG,0,4819830
ygfKp,0.125,7,7,TCCTGCGTAAGAAAAGTGAT,0,4842130
ygfKp,0.125,7,7,TCCGTCGCGGGTCTCTCCAA,0,4847692
ygfKp,0.125,7,7,TCCAATAGGAAAGACTATCC,0,4861336
ygfKp,0.125,7,7,TCCAAAATAGGCCCGAGCCA,0,4856750
ygfKp,0.125,7,7,TCATACGTACTGTTGGTAGC,0,4818813
ygfKp,0.125,7,7,TCACTGACTGTGTGGGACGA,0,4821457
ygfKp,0.125,7,7,TCACGCACTCATGGTATCTA,0,4854382
ygfKp,0.125,7,7,TCACGCAAGGCTGCACATCC,0,4833894
ygfKp,0.125,7,7,TCACCAAAACATGCATTTCC,0,4841228
ygfKp,0.125,7,7,TCACACACACGGCGGGGTGA,0,4851168
ygfKp,0.125,7,7,TCAAGTCCAGTTATACATGC,0,4835901
ygfKp,0.125,7,7,TCAAATTGGGAGATGGAAAG,0,4845551
ygfKp,0.125,7,7,TATTCATAAGTCGATAGATA,0,4849222
ygfKp,0.125,7,7,TATGACACAGTTGTGCTATT,0,4856432
ygfKp,0.125,7,7,TATCGTATTAACATCATTAC,0,4860190
ygfKp,0.125,7,7,TATATTTTTCGCTGGGGCAT,0,4853709
ygfKp,0.125,7,7,TATATTGTCGCCATTTCATA,0,4854406
ygfKp,0.125,7,7,TATAGGGTTAAGCGTAATAC,0,4856375
ygfKp,0.125,7,7,TAGGGTCTGTCGTAAGCTTA,0,4850217
ygfKp,0.125,7,7,TAGGCCAGTCTATTATTGGT,0,4819158
ygfKp,0.125,7,7,TAGGAGCCAGGAGTACGGCT,0,4817859
ygfKp,0.125,7,7,TAGATGGTTATGGGCTCCAT,0,4836008
ygfKp,0.125,7,7,TAGATGGGCCGTCGGAACGA,0,4824025
ygfKp,0.125,7,7,TAGAACGGGGCTGTTCTTCA,0,4826813
ygfKp,0.125,7,7,TACTTCCCACAAGTCCTAAA,0,4837078
ygfKp,0.125,7,7,TACTGTTGTGGAAGCAGGTC,0,4842388
ygfKp,0.125,7,7,TACTGTCCAGCACGCTCTCT,0,4854784
ygfKp,0.125,7,7,TACGTCATGTCGTGCCCCAG,0,4832518
ygfKp,0.125,7,7,TACCCTACGAAAGGTGGTGC,0,4845576
ygfKp,0.125,7,7,TACAACTGAGACGGATATCA,0,4854497
ygfKp,0.125,7,7,TAATGACCGCCAAACGTGGT,0,4832442
ygfKp,0.125,7,7,TAAGCTAGACAGCGGTGTAC,0,4856403
ygfKp,0.125,7,7,TAAGCACGGGGCTTCAGTGT,0,4848730
ygfKp,0.125,7,7,TAAGATTAACCCGGAAATAA,0,4836632
ygfKp,0.125,7,7,TAAACAAACCACGTGTCCCA,0,4831352
ygfKp,0.125,7,7,GTTTACTTCTTGGTAGAGTG,0,4827348
ygfKp,0.125,7,7,GTTGTGTTCAGTTACGTCTC,0,4857544
ygfKp,0.125,7,7,GTTGTAAAAATGTTCCGGTC,0,4855971
ygfKp,0.125,7,7,GTTGGCCGGCAGGTAGTGGA,0,4847468
ygfKp,0.125,7,7,GTTGCATCCTGCATTTAGAT,0,4844037
ygfKp,0.125,7,7,GTTCTGCGTTTGACGGTCAG,0,4848368
ygfKp,0.125,7,7,GTTCAGGGAATCACCGTAAG,0,4853931
ygfKp,0.125,7,7,GTTATCCAAAGGTGCCTTGC,0,4842392
ygfKp,0.125,7,7,GTTATACTGGTTCGCGCTGA,0,4846426
ygfKp,0.125,7,7,GTGTGAATAGCACTTCTGAA,0,4831505
ygfKp,0.125,7,7,GTGTCCCTTGGTGGTGCCTG,0,4861854
ygfKp,0.125,7,7,GTGTAGCCCGTTATACCGCT,0,4818873
ygfKp,0.125,7,7,GTGGGCCCCTATTCCCAACA,0,4829924
ygfKp,0.125,7,7,GTGGCTAGTTACTGGACGTG,0,4817385
ygfKp,0.125,7,7,GTGGATGCACGATGCCCTAT,0,4828500
ygfKp,0.125,7,7,GTGCTTGGGCATGTCTCTCT,0,4827224
ygfKp,0.125,7,7,GTGCTAGGAGAGCCGGGTAT,0,4828145
ygfKp,0.125,7,7,GTGCAGTACGACTGGTTTAT,0,4821733
ygfKp,0.125,7,7,GTCTTGTAAAAGTGAACGAT,0,4825796
ygfKp,0.125,7,7,GTCTGGCTTCGGGCCGGACA,0,4844869
ygfKp,0.125,7,7,GTCGCTGTTTGTTAGCCATT,0,4860348
ygfKp,0.125,7,7,GTCGCTGCGCACAGTCCTGA,0,4828242
ygfKp,0.125,7,7,GTCGCAATGCTGGGGAGAAT,0,4845975
ygfKp,0.125,7,7,GTCAGTCACTGTCCGGAGCC,0,4857505
ygfKp,0.125,7,7,GTCAGGATTCATTACCCTGG,0,4829855
ygfKp,0.125,7,7,GTAGCGTGCATAATGTAGTC,0,4818683
ygfKp,0.125,7,7,GTACTCTCGTATTTACCCTT,0,4850719
ygfKp,0.125,7,7,GTAAAGGCTAAGGTATAGGC,0,4847384
ygfKp,0.125,7,7,GGTCTCCGATGACGCTGAAT,0,4841657
ygfKp,0.125,7,7,GGTCGCACTGATGCTGCAAA,0,4851360
ygfKp,0.125,7,7,GGTCATCTGTTACGGGCATA,0,4836047
ygfKp,0.125,7,7,GGTCAATGATCAGCTGTAGG,0,4817856
ygfKp,0.125,7,7,GGTATAGTCTGGGGGTAGAA,0,4827252
ygfKp,0.125,7,7,GGGCTAGGACATCCTAAGTC,0,4821261
ygfKp,0.125,7,7,GGGAATATCATGGGAGTTCT,0,4844262
ygfKp,0.125,7,7,GGGAACCCGTGGGGATCGAA,0,4836079
ygfKp,0.125,7,7,GGCTTTGGACGGGACGAAAT,0,4846889
ygfKp,0.125,7,7,GGCTGTGATATAGATCTTGT,0,4843467
ygfKp,0.125,7,7,GGCTGGCCTTGTCATATTAA,0,4846074
ygfKp,0.125,7,7,GGCTCTCAACGAAGGCCATC,0,4819056
ygfKp,0.125,7,7,GGCTAGGTTACCTTTCTATT,0,4821988
ygfKp,0.125,7,7,GGCCTTTTGGACCATTACTG,0,4845838
ygfKp,0.125,7,7,GGCACTTTGAGTTGGCATCT,0,4844923
ygfKp,0.125,7,7,GGATTCAACGACTAATAATC,0,4829958
ygfKp,0.125,7,7,GGAGGTGCGTCCGGTCCGGA,0,4838697
ygfKp,0.125,7,7,GGAGCGTACGACGCGGAGGT,0,4843224
ygfKp,0.125,7,7,GGAGAGCTCGCCGGGGTTAC,0,4844227
ygfKp,0.125,7,7,GGAACGTAACGCCCCCCAAC,0,4835897
ygfKp,0.125,7,7,GCTTGTCTGCTGTCCAGCCA,0,4833677
ygfKp,0.125,7,7,GCTTCGTATCTACGGCCCAC,0,4852410
ygfKp,0.125,7,7,GCTTCGGTCCTACCAACGGA,0,4827237
ygfKp,0.125,7,7,GCTGTTCCAATAAGACGGGA,0,4818713
ygfKp,0.125,7,7,GCTCGGCTATCCAGCGTGTT,0,4857441
ygfKp,0.125,7,7,GCTAGTGCCTTAGGGTGCGC,0,4823818
ygfKp,0.125,7,7,GCTAAGATTAAAACTTTTTG,0,4854236
ygfKp,0.125,7,7,GCGTTTTACCCCCGGCGTAG,0,4841046
ygfKp,0.125,7,7,GCGTCCCCGTTGCTTCATTT,0,4836955
ygfKp,0.125,7,7,GCGTACCAAATCAGCGCCAC,0,4847757
ygfKp,0.125,7,7,GCGGCTTCAAGCATCCAGGT,0,4823714
ygfKp,0.125,7,7,GCGGCCACAAGAATACCGTT,0,4854541
ygfKp,0.125,7,7,GCGGAGCCGGAAAACGATCA,0,4821335
ygfKp,0.125,7,7,GCGGAATTTCGTCACGAGCC,0,4833890
ygfKp,0.125,7,7,GCGCTCAGTACGTTGAGGCT,0,4852304
ygfKp,0.125,7,7,GCCTGCGGCTCTGAGGTGAT,0,4825246
ygfKp,0.125,7,7,GCCGTGCATTTTTGGCACCT,0,4820251
ygfKp,0.125,7,7,GCCGGGAGTATCACCTCTAC,0,4844294
ygfKp,0.125,7,7,GCCGCGTATATTTGTCGTGC,0,4854925
ygfKp,0.125,7,7,GCCGCGGTTCCATGCCAAAA,0,4831626
ygfKp,0.125,7,7,GCCCCGGCATCAGGAAATGT,0,4820891
ygfKp,0.125,7,7,GCCCCCCCTTTACAACGCAG,0,4861329
ygfKp,0.125,7,7,GCCATCTCCTGAAGTAAGCT,0,4836029
ygfKp,0.125,7,7,GCATCGCAGTTAAAGGCGTG,0,4838604
ygfKp,0.125,7,7,GCAGACAGAACGATGCTTGT,0,4834458
ygfKp,0.125,7,7,GCAATTAGTATAGGGATCGA,0,4858976
ygfKp,0.125,7,7,GATTGGTTACTAGATCCGTA,0,4851617
ygfKp,0.125,7,7,GATGGTAACGAGGCGGGCTT,0,4842129
ygfKp,0.125,7,7,GATAGCTCACATCTCGCGTG,0,4829330
ygfKp,0.125,7,7,GATACCTCCCTCGTTCGAAA,0,4837925
ygfKp,0.125,7,7,GAGGCCTATGGCCCGGGGGA,0,4818711
ygfKp,0.125,7,7,GAGCAGCCACTCCAAACAAT,0,4825750
ygfKp,0.125,7,7,GAGATTACAACCTTGCGCGC,0,4842142
ygfKp,0.125,7,7,GACTCGCTATGCCTGTAGCG,0,4848866
ygfKp,0.125,7,7,GACGCGCTTTTTGTGAATGA,0,4851162
ygfKp,0.125,7,7,GAATGCGAGCTGGGGAACGG,0,4848771
ygfKp,0.125,7,7,GAATCCCGAGATAACCAGGA,0,4857355
ygfKp,0.125,7,7,GAATAGTTCGAGGCCTATAC,0,4823922
ygfKp,0.125,7,7,GAATAGAGTAATAGCCTTCT,0,4846301
ygfKp,0.125,7,7,GAAGGTTCATTGTGTTACCG,0,4833127
ygfKp,0.125,7,7,GAAATGGCCCTAGTCGATCT,0,4845993
ygfKp,0.125,7,7,GAAAGCGTCAGTTGTAGTAT,0,4832160
ygfKp,0.125,7,7,GAAACTATCTCCGTTCCCTG,0,4848755
ygfKp,0.125,7,7,CTTTTCTTGGTGTTTCTACT,0,4847313
ygfKp,0.125,7,7,CTTTCTCAAATGGCAACGAA,0,4853189
ygfKp,0.125,7,7,CTTTCCGACTTCATAAGACA,0,4853004
ygfKp,0.125,7,7,CTTGGTGGGATCATGGGACT,0,4832120
ygfKp,0.125,7,7,CTTGGCGCGGCCATCCTTAT,0,4860022
ygfKp,0.125,7,7,CTTCGGTGGACGCCCTGGCT,0,4842475
ygfKp,0.125,7,7,CTTCGGCACCCCACTCAGTT,0,4833669
ygfKp,0.125,7,7,CTTCGCGATTCGCCGAAATA,0,4844799
ygfKp,0.125,7,7,CTTAGACACTATTACCGATA,0,4858432
ygfKp,0.125,7,7,CTGTACGTCGTGTGAGCGGA,0,4838903
ygfKp,0.125,7,7,CTGTAAGTCCGCAACGATTA,0,4827040
ygfKp,0.125,7,7,CTGCCACCGAGCTTTTTTGT,0,4838895
ygfKp,0.125,7,7,CTGCAAAGGGAAAGTTCGAG,0,4845398
ygfKp,0.125,7,7,CTGATAGCCCGGGACAATGC,0,4850902
ygfKp,0.125,7,7,CTGACCTCCGAGGAACATTT,0,4833818
ygfKp,0.125,7,7,CTGAACTCAAGCTTTCTGTG,0,4854730
ygfKp,0.125,7,7,CTGAAATTGGACTACGAGAT,0,4817347
ygfKp,0.125,7,7,CTCTTCGACCTTTTCATGCG,0,4843181
ygfKp,0.125,7,7,CTCTTAGTTTAGTGGGTCGG,0,4828264
ygfKp,0.125,7,7,CTCGTTTCCATACCACCTGA,0,4823345
ygfKp,0.125,7,7,CTCGGTATTGACAAAAGATG,0,4827614
ygfKp,0.125,7,7,CTCGGCGCAATTGCTATTTT,0,4853349
ygfKp,0.125,7,7,CTCCACGACGCTGCCTATAA,0,4860479
ygfKp,0.125,7,7,CTCAACTGCAGTTTGCACTG,0,4819081
ygfKp,0.125,7,7,CTAGAGTCAGCAAATCTGTT,0,4831464
ygfKp,0.125,7,7,CTACCCGCTAAAGGGGGGGT,0,4842191
ygfKp,0.125,7,7,CGTTGCACATCAGGAAAAAC,0,4847602
ygfKp,0.125,7,7,CGTGCCCATAAAGGCGTATT,0,4818310
ygfKp,0.125,7,7,CGTCTAAGGGTCGCACTGAT,0,4830422
ygfKp,0.125,7,7,CGTCGGCGGCCCGCGGTGTT,0,4845678
ygfKp,0.125,7,7,CGTCAGGGCTGAGGGTGTAT,0,4834329
ygfKp,0.125,7,7,CGTATGGCTCAGAAAGATTT,0,4822004
ygfKp,0.125,7,7,CGTAGCGCCCTTCGGATCCG,0,4822579
ygfKp,0.125,7,7,CGGTTCGACCCCAGGGGGGG,0,4838950
ygfKp,0.125,7,7,CGGTGGTAACGCTGTCGGAA,0,4846743
ygfKp,0.125,7,7,CGGGGGTCTATATTGTGTAG,0,4832262
ygfKp,0.125,7,7,CGGGCCATAGATGTCGCATG,0,4833022
ygfKp,0.125,7,7,CGGCTTCTTGACTGTATGTG,0,4833137
ygfKp,0.125,7,7,CGGCTTCAAGTTACATTTTC,0,4855401
ygfKp,0.125,7,7,CGGCCAGCGGTAAAGTGGTC,0,4860780
ygfKp,0.125,7,7,CGGAACCGTTCCTGAAAATA,0,4836694
ygfKp,0.125,7,7,CGCTTTGGATTGTGGCGATT,0,4830415
ygfKp,0.125,7,7,CGCTTCCATGCTGCGACTTT,0,4858384
ygfKp,0.125,7,7,CGCTCATACTGGATTTCTTT,0,4829832
ygfKp,0.125,7,7,CGCTACGGTCTGGAAGCCAT,0,4853199
ygfKp,0.125,7,7,CGCGTATGGCTCACTTTCGT,0,4858802
ygfKp,0.125,7,7,CGCCCTCCGACACACTGAGA,0,4850716
ygfKp,0.125,7,7,CGCCCCCTTCAGATCATTTT,0,4859661
ygfKp,0.125,7,7,CGCATTAGACCCCCGTTGCC,0,4834210
ygfKp,0.125,7,7,CGCAGTTGCTTGAAAGGCAG,0,4830004
ygfKp,0.125,7,7,CGCAGAGTTAGTGAGGTGTC,0,4831358
ygfKp,0.125,7,7,CGCAACCCACATTAAACGCG,0,4837590
ygfKp,0.125,7,7,CGCAAACTTGGCGCATTTTA,0,4833573
ygfKp,0.125,7,7,CGATCTGGGCAAATATCCTA,0,4856648
ygfKp,0.125,7,7,CGAGCGCAGTCCGTCCAATA,0,4844720
ygfKp,0.125,7,7,CGACTGCTCGCACTTACTAG,0,4817406
ygfKp,0.125,7,7,CCTTAGGACCATTCGAAACC,0,4844073
ygfKp,0.125,7,7,CCTTAGAAACATAGACGGTC,0,4852396
ygfKp,0.125,7,7,CCTGAAGATGAGAATTTCTC,0,4844831
ygfKp,0.125,7,7,CCTATGCGCTGAGAATTCTC,0,4823986
ygfKp,0.125,7,7,CCGTTATGATGGGGGTCTTC,0,4846687
ygfKp,0.125,7,7,CCGTGCTAAATAGTTCAAGC,0,4824372
ygfKp,0.125,7,7,CCGGTTGGGATGTATAGTAA,0,4853780
ygfKp,0.125,7,7,CCGCTTACACGGGGTAAGCA,0,4824291
ygfKp,0.125,7,7,CCCTAACGCGGATTTCACGT,0,4829928
ygfKp,0.125,7,7,CCCCGCTCGTCCACGCGAAA,0,4861497
ygfKp,0.125,7,7,CCCCCGGGTTAAAGTAAACG,0,4823234
ygfKp,0.125,7,7,CCCCAGAAACGGAAACAGGC,0,4831353
ygfKp,0.125,7,7,CCATCTGTATCTAACACTCT,0,4843464
ygfKp,0.125,7,7,CCAGTCCGTGTCCTTGTCAG,0,4842970
ygfKp,0.125,7,7,CCACCATCCTTATGCAGCAA,0,4847077
ygfKp,0.125,7,7,CCAATGTGTGTTGTATTAGT,0,4860026
ygfKp,0.125,7,7,CCAATCAATCCGTGATATTG,0,4827732
ygfKp,0.125,7,7,CCAAGTAAAAGGATTGAGAA,0,4825749
ygfKp,0.125,7,7,CCAAATCCTTGGAACTGTAC,0,4854020
ygfKp,0.125,7,7,CCAAAGTTGCATGCGCACCG,0,4853306
ygfKp,0.125,7,7,CCAAAAGAGTCATCAGCATG,0,4839937
ygfKp,0.125,7,7,CATTTGGGACAGTAGGTTCA,0,4850267
ygfKp,0.125,7,7,CATTGTCGGTCATAAGGAAC,0,4831927
ygfKp,0.125,7,7,CATGTGTGGAAATTTTATCG,0,4859653
ygfKp,0.125,7,7,CATGTACTGTGGTACATGAA,0,4818715
ygfKp,0.125,7,7,CATGCTTCCGCACTATCGAT,0,4845550
ygfKp,0.125,7,7,CATGCAACATTATATAACTA,0,4839205
ygfKp,0.125,7,7,CATGATTGCGAGAATTGAAA,0,4850922
ygfKp,0.125,7,7,CATCGGGATCTCCGTCAACT,0,4820328
ygfKp,0.125,7,7,CATCGACTCTAAGGCGCTTT,0,4852687
ygfKp,0.125,7,7,CATCAGGAGGTCACATCGTT,0,4835933
ygfKp,0.125,7,7,CATCAGACATATCGATGGGG,0,4817934
ygfKp,0.125,7,7,CAGTTTATGTGTCTTGGCCG,0,4848091
ygfKp,0.125,7,7,CAGGCTTTCCCCAACGAACA,0,4850507
ygfKp,0.125,7,7,CAGAGCGCAAAGGTCAGGCT,0,4825753
ygfKp,0.125,7,7,CACTGGTCAAGTGTGCGGCT,0,4849674
ygfKp,0.125,7,7,CACTAATCCAACGGGATAAT,0,4824013
ygfKp,0.125,7,7,CACGTAAAGGCGTGATCACT,0,4854762
ygfKp,0.125,7,7,CACATTTCGCGTCGGTGGAG,0,4833568
ygfKp,0.125,7,7,CACAGTCTATGGAGCAATCA,0,4853329
ygfKp,0.125,7,7,CACAGATAGACGAGGGGCTA,0,4826560
ygfKp,0.125,7,7,CAATGGTCCGTAAATGTGGC,0,4849771
ygfKp,0.125,7,7,CAAGTTTTCTTACAGCGTTT,0,4830947
ygfKp,0.125,7,7,CAAGCCTTTCCAGATTAGAC,0,4845173
ygfKp,0.125,7,7,CAACGTCACATCCTCGAGTG,0,4843856
ygfKp,0.125,7,7,CAACAAAACGGTGTTCCCCC,0,4860025
ygfKp,0.125,7,7,CAAAATAGAGAAGCCTTAGC,0,4833207
ygfKp,0.125,7,7,CAAAAGGTGAAGCCGCGACT,0,4845534
ygfKp,0.125,7,7,ATTTGTGGTACGTTCTGGCG,0,4852681
ygfKp,0.125,7,7,ATTTGGTGTTGGTCATGGAG,0,4820075
ygfKp,0.125,7,7,ATTTCAGGGCCGTACACCGA,0,4829313
ygfKp,0.125,7,7,ATTGACGTTTAGAGCCCCGC,0,4818917
ygfKp,0.125,7,7,ATTAGCTATGGGTGGCCTCT,0,4825103
ygfKp,0.125,7,7,ATTACAAAACACGGGCGAGT,0,4858149
ygfKp,0.125,7,7,ATGTATCCACGGACAACGCG,0,4851085
ygfKp,0.125,7,7,ATGCATCACTTTGAGTCTGA,0,4824185
ygfKp,0.125,7,7,ATGCAGCCTACACTATTTTA,0,4845692
ygfKp,0.125,7,7,ATGACCGGTGATTCATACTG,0,4820648
ygfKp,0.125,7,7,ATCTGTGCAACCGGCTATAA,0,4856638
ygfKp,0.125,7,7,ATCGTCTGTATTTGTCGTCT,0,4834959
ygfKp,0.125,7,7,ATCGCAAACCTAACATGATG,0,4830797
ygfKp,0.125,7,7,ATCGATTCAGCAGTAGAGTA,0,4841292
ygfKp,0.125,7,7,ATCATGGATCTATTGTGGAG,0,4835044
ygfKp,0.125,7,7,ATATGCGGGTCTCCTTTGCG,0,4823892
ygfKp,0.125,7,7,ATAGAACCCAAGGAGTACCT,0,4846238
ygfKp,0.125,7,7,ATACCGAAAAATGATCTGCA,0,4861335
ygfKp,0.125,7,7,ATAATCTGGAAGTTTTCAAA,0,4832184
ygfKp,0.125,7,7,AGTTCTGCTTGTTCATGTCC,0,4831011
ygfKp,0.125,7,7,AGTTCCTTATTGAGGCGTGA,0,4839278
ygfKp,0.125,7,7,AGTGGGTGTCAATCCAATGG,0,4849676
ygfKp,0.125,7,7,AGTGCGGTACCTGCTGCACA,0,4851167
ygfKp,0.125,7,7,AGTGACGTATAATGGTTCTA,0,4846507
ygfKp,0.125,7,7,AGTCTACCATTCTTTCACTT,0,4822860
ygfKp,0.125,7,7,AGTCCCGTTCCTGTCTCTAT,0,4848724
ygfKp,0.125,7,7,AGTCATGGCTAACTCAATGA,0,4828150
ygfKp,0.125,7,7,AGTATAACAGACACTTTTTG,0,4835474
ygfKp,0.125,7,7,AGTACCCGCGCCCCGCGGCG,0,4849627
ygfKp,0.125,7,7,AGGTGGGGCGCTTGAGGATC,0,4852068
ygfKp,0.125,7,7,AGGTCACCCGGGTATCTTAA,0,4861850
ygfKp,0.125,7,7,AGGTATAGGTTCAGGAAGCA,0,4855394
ygfKp,0.125,7,7,AGGCACACCCGTGGGACGTA,0,4848513
ygfKp,0.125,7,7,AGGAGCGGGCGCGCCACTAC,0,4848817
ygfKp,0.125,7,7,AGGACGCACCGTCAACTTGC,0,4841199
ygfKp,0.125,7,7,AGCTCTCGTGCGTTCACGCC,0,4820071
ygfKp,0.125,7,7,AGCCTCTGTAAAGGAGAGAA,0,4832426
ygfKp,0.125,7,7,AGCCGGGGGGTAGATGCGTG,0,4836352
ygfKp,0.125,7,7,AGCATCACGGGTGCCACTAA,0,4859749
ygfKp,0.125,7,7,AGCATAACCGTAAGCCAAAT,0,4833809
ygfKp,0.125,7,7,AGCACGTTCGCTGGACGAAT,0,4820117
ygfKp,0.125,7,7,AGCACAACTCCAGCGGATGA,0,4833458
ygfKp,0.125,7,7,AGATTGGACGGGTCTTTCGG,0,4860293
ygfKp,0.125,7,7,AGATCCGTCGAAAACGCGGA,0,4829524
ygfKp,0.125,7,7,AGAGTTGCATACGCAGATTG,0,4847554
ygfKp,0.125,7,7,AGACTAGAGAGTATCGCTTT,0,4858108
ygfKp,0.125,7,7,AGACGTTAGGTTAGAAACTT,0,4850147
ygfKp,0.125,7,7,AGAAACGTCGCAAGGGGCAT,0,4835978
ygfKp,0.125,7,7,ACTTGGCTTAGGTGTCACCA,0,4856191
ygfKp,0.125,7,7,ACTGCTCCCTCGATTACGGA,0,4821444
ygfKp,0.125,7,7,ACTGCCCGAGCGCCCTGTGT,0,4857585
ygfKp,0.125,7,7,ACTCCCGAGCTAACATATTA,0,4832027
ygfKp,0.125,7,7,ACTACGATAACGGGTTGGGA,0,4843603
ygfKp,0.125,7,7,ACTAAAGACCACGTATCGTT,0,4863312
ygfKp,0.125,7,7,ACTAAAATTGTACTTCACAT,0,4860583
ygfKp,0.125,7,7,ACGTTTCGGAGACATTACGC,0,4836023
ygfKp,0.125,7,7,ACGTTGTATTCTACAGGGCG,0,4859899
ygfKp,0.125,7,7,ACGGTTGCTTCCAGATTCGT,0,4823875
ygfKp,0.125,7,7,ACGGAGCATTGCGCCTTGGC,0,4824186
ygfKp,0.125,7,7,ACGCGGCGTCTTCACCGCCA,0,4851058
ygfKp,0.125,7,7,ACGCGATACTTTGTCTATCG,0,4841099
ygfKp,0.125,7,7,ACGAATAAGACCGCGAGTTC,0,4829070
ygfKp,0.125,7,7,ACCTACGCGTGGTAGGGCAG,0,4818827
ygfKp,0.125,7,7,ACCCGGCATGAGACTAGCTG,0,4840705
ygfKp,0.125,7,7,ACAGCACAGGCCGTTACATC,0,4835276
ygfKp,0.125,7,7,ACAAGTGGCGTTAAGTGACT,0,4850216
ygfKp,0.125,7,7,AATTTTCTGCCTGTGGACAT,0,4829058
ygfKp,0.125,7,7,AATTGTCAAGGTGATGCCGG,0,4831827
ygfKp,0.125,7,7,AATTAAACGCGGTTTGACTT,0,4852422
ygfKp,0.125,7,7,AATGCCGCTAATTGCGACAT,0,4860193
ygfKp,0.125,7,7,AATCTGGAACAAGCTAATGC,0,4860292
ygfKp,0.125,7,7,AATATGAGAACTCTATGACT,0,4834695
ygfKp,0.125,7,7,AATATACGTCCCTTTAAGGT,0,4826415
ygfKp,0.125,7,7,AATAGAAATCTTATTTCAAA,0,4827679
ygfKp,0.125,7,7,AATACGATTCTGGTACCCGT,0,4838708
ygfKp,0.125,7,7,AAGTTGACAGCATTAACATA,0,4821239
ygfKp,0.125,7,7,AAGTTACTGTGTGAAGTCGT,0,4825466
ygfKp,0.125,7,7,AAGTACTCGTCACATCAGCG,0,4849479
ygfKp,0.125,7,7,AAGCTGCGAAACATGACCCT,0,4819721
ygfKp,0.125,7,7,AAGCCGTTCCACAATGTTAG,0,4855019
ygfKp,0.125,7,7,AAGATTCAACCCATCCCGTA,0,4860822
ygfKp,0.125,7,7,AAGATCTAAAGTGTGAATAT,0,4820442
ygfKp,0.125,7,7,AAGATCGGTGTATAGATTAA,0,4821096
ygfKp,0.125,7,7,AAGATACGGTTGCGTGCACA,0,4838700
ygfKp,0.125,7,7,AAGATAAGGCAAAACCCATG,0,4846299
ygfKp,0.125,7,7,AACGATCGGGGCAGGCTTCA,0,4861314
ygfKp,0.125,7,7,AACCTGAGCGTAGAGTTTTA,0,4855134
ygfKp,0.125,7,7,AACAATCGCAACACTGGGAT,0,4836315
ygfKp,0.125,7,7,AAAGGACCGTTTTTCCTTAA,0,4846919
ygfKp,0.125,7,7,AAAGGAAAACCGGTAATCGA,0,4848313
ygfKp,0.125,7,7,AAACGGTCCGCCCACGCGAC,0,4856752
ygfKp,0.125,7,7,AAAACCGGCCAAGCACCAGT,0,4857368
ygfKp,0.14285714285714285,6,6,TTTTGGGGCACTCAACCTAC,0,4836843
ygfKp,0.14285714285714285,6,6,TTTTCAGGTGATTATCGTTG,0,4821265
ygfKp,0.14285714285714285,6,6,TTTTATGGCCTGCCTAAATT,0,4828308
ygfKp,0.14285714285714285,6,6,TTTGTTTGGCAATTTGCCGA,0,4834487
ygfKp,0.14285714285714285,6,6,TTTGGGCCTGTCCGACATGA,0,4819334
ygfKp,0.14285714285714285,6,6,TTTCGGGAAAAAGCACTTTA,0,4821685
ygfKp,0.14285714285714285,6,6,TTTCGAACCTTGATAGGACA,0,4817072
ygfKp,0.14285714285714285,6,6,TTTATTGAGTCTGTCATAGC,0,4834618
ygfKp,0.14285714285714285,6,6,TTTATTAAATATACCATCGA,0,4830786
ygfKp,0.14285714285714285,6,6,TTGTTCAGGTTGTTTTCGAG,0,4832946
ygfKp,0.14285714285714285,6,6,TTGTGGACCGAACCTGAGGT,0,4842484
ygfKp,0.14285714285714285,6,6,TTGTGACTGCCCGATGTAAC,0,4852054
ygfKp,0.14285714285714285,6,6,TTGGACGCCCCCGGAGTCAG,0,4854366
ygfKp,0.14285714285714285,6,6,TTGGACCGGGATGGCAGACT,0,4833595
ygfKp,0.14285714285714285,6,6,TTGCTGAATCATTAACTTGA,0,4836124
ygfKp,0.14285714285714285,6,6,TTGCTATCGTTGCCACTGAG,0,4841269
ygfKp,0.14285714285714285,6,6,TTGAAAGAAAGAAAGCCCCT,0,4859112
ygfKp,0.14285714285714285,6,6,TTCTTAGCGTGAATATCTTT,0,4852796
ygfKp,0.14285714285714285,6,6,TTCTCAGGGTAAGCATACCT,0,4842504
ygfKp,0.14285714285714285,6,6,TTCTACCTGAGTAAAGTACA,0,4822315
ygfKp,0.14285714285714285,6,6,TTCGAACTGACACCTGCTGT,0,4819621
ygfKp,0.14285714285714285,6,6,TTCCTTGACCATGGGTCACT,0,4856099
ygfKp,0.14285714285714285,6,6,TTCAGCTATAGATCTGGAGC,0,4829328
ygfKp,0.14285714285714285,6,6,TTAGGCTAGGTCTATAGACG,0,4825859
ygfKp,0.14285714285714285,6,6,TTAGGCGAAAGCCCAAAGAA,0,4824342
ygfKp,0.14285714285714285,6,6,TTAGCCCTTATTCGGCGGTA,0,4841028
ygfKp,0.14285714285714285,6,6,TTACGCGCGGACAATGATTA,0,4860417
ygfKp,0.14285714285714285,6,6,TTACAGCTTATGTATGTTGT,0,4834463
ygfKp,0.14285714285714285,6,6,TGTTCGGGTGCTTTACGAGC,0,4839664
ygfKp,0.14285714285714285,6,6,TGTGGAAAAGTATGCATGGC,0,4822653
ygfKp,0.14285714285714285,6,6,TGTGCTTATCCCACCTTCCC,0,4842067
ygfKp,0.14285714285714285,6,6,TGTGCGATGAGGGCGCCCTG,0,4831138
ygfKp,0.14285714285714285,6,6,TGTCTCAGTGGTTATGGAAT,0,4844636
ygfKp,0.14285714285714285,6,6,TGTAGATCAAAGACGGGGAG,0,4854121
ygfKp,0.14285714285714285,6,6,TGTAGAGAGGGCAACGCGAT,0,4825971
ygfKp,0.14285714285714285,6,6,TGGGGAAATTTATACTTGTG,0,4818508
ygfKp,0.14285714285714285,6,6,TGGGAAAATTATACCCACTT,0,4843445
ygfKp,0.14285714285714285,6,6,TGGCTAAAAAGATATGATAA,0,4834773
ygfKp,0.14285714285714285,6,6,TGGCGCTGTCGATGGCTTAG,0,4860364
ygfKp,0.14285714285714285,6,6,TGGCCGTTGTACCGCAGACT,0,4852165
ygfKp,0.14285714285714285,6,6,TGGCCGGGCGATGTAGGCCC,0,4819057
ygfKp,0.14285714285714285,6,6,TGGAGGGGTGTCGTGCCATG,0,4859178
ygfKp,0.14285714285714285,6,6,TGGAGCCGCTGTTACTTTTC,0,4820249
ygfKp,0.14285714285714285,6,6,TGGAATCAATACTAACGTAA,0,4853689
ygfKp,0.14285714285714285,6,6,TGCTTCGCGACTCATAGTTT,0,4835970
ygfKp,0.14285714285714285,6,6,TGCTGCTGGCTGACCCCGAC,0,4822667
ygfKp,0.14285714285714285,6,6,TGCTGCAGACAAATTACAAT,0,4844142
ygfKp,0.14285714285714285,6,6,TGCTAACTAAAAACGGGTCC,0,4835421
ygfKp,0.14285714285714285,6,6,TGCGCTAAGGATCTTGTGCT,0,4828619
ygfKp,0.14285714285714285,6,6,TGCGAGCCGGTAGCTTCGCG,0,4825897
ygfKp,0.14285714285714285,6,6,TGCGACTGTCTCCGCCTTTG,0,4833305
ygfKp,0.14285714285714285,6,6,TGCCGGGCAATGAATGGGGT,0,4856779
ygfKp,0.14285714285714285,6,6,TGCACTGGAATGGTAGTGTG,0,4821658
ygfKp,0.14285714285714285,6,6,TGATTACTGTGGCATGTTTG,0,4856376
ygfKp,0.14285714285714285,6,6,TGATCATAGGCCCACTGTTC,0,4820759
ygfKp,0.14285714285714285,6,6,TGATACATGTCGTTCGGTTC,0,4837948
ygfKp,0.14285714285714285,6,6,TGAGTTCAAACTAGGGAAGA,0,4840281
ygfKp,0.14285714285714285,6,6,TGAGGCCTCTGCGTAGCGAA,0,4830419
ygfKp,0.14285714285714285,6,6,TGACGCCTCCGCTTTAGCAT,0,4819340
ygfKp,0.14285714285714285,6,6,TGAATGCTTAAGAAGGTAGT,0,4823241
ygfKp,0.14285714285714285,6,6,TGAACAGTCAATGACACTCG,0,4859247
ygfKp,0.14285714285714285,6,6,TCTTGCCATTCATACAACAG,0,4842144
ygfKp,0.14285714285714285,6,6,TCTGGGTGAGAAAGACGCAT,0,4828310
ygfKp,0.14285714285714285,6,6,TCTCTTTCCTAAGCAGTTCT,0,4829749
ygfKp,0.14285714285714285,6,6,TCTCAGGAAAAACCGGAAAA,0,4846037
ygfKp,0.14285714285714285,6,6,TCTCAAGTCATACCACGAGG,0,4835391
ygfKp,0.14285714285714285,6,6,TCTACGAAAACATGAGTTCA,0,4861562
ygfKp,0.14285714285714285,6,6,TCGTGGCGCATTAGCTAGTG,0,4819212
ygfKp,0.14285714285714285,6,6,TCGGTTGAAGTAAACATCAT,0,4854538
ygfKp,0.14285714285714285,6,6,TCGGTTAGCGATGTTTTTAA,0,4829204
ygfKp,0.14285714285714285,6,6,TCGCGGCTGTTTTAGTTTTA,0,4820886
ygfKp,0.14285714285714285,6,6,TCGACTGCGCCACTTGTCGT,0,4828499
ygfKp,0.14285714285714285,6,6,TCCTTTTGTGGGGCCGTGGA,0,4830959
ygfKp,0.14285714285714285,6,6,TCCTCCATGACGCTCGCGGC,0,4848101
ygfKp,0.14285714285714285,6,6,TCCGGGAGCATAAGAGGGTT,0,4855638
ygfKp,0.14285714285714285,6,6,TCCCCACTTTTGTATATTGT,0,4836319
ygfKp,0.14285714285714285,6,6,TCAGTAGAATCCGTTGTACT,0,4863557
ygfKp,0.14285714285714285,6,6,TCAGCGCCTGGTCAGCGAAC,0,4825815
ygfKp,0.14285714285714285,6,6,TCACGCTCGCCCTTTAAGTA,0,4837712
ygfKp,0.14285714285714285,6,6,TCAATGCCAGCATAATGACG,0,4832159
ygfKp,0.14285714285714285,6,6,TCAAGGTCTTAGAATTAGAC,0,4820497
ygfKp,0.14285714285714285,6,6,TCAACATGTGATCGAAACTG,0,4862503
ygfKp,0.14285714285714285,6,6,TATTTAAATTGGATCGAGTC,0,4841204
ygfKp,0.14285714285714285,6,6,TATTGGACCCTTAGCGTTGA,0,4837219
ygfKp,0.14285714285714285,6,6,TATCCTGCGAGCGGAGAACC,0,4848048
ygfKp,0.14285714285714285,6,6,TATACGCTACAGTTCAGGGC,0,4830624
ygfKp,0.14285714285714285,6,6,TAGCCGATCTAAACGCTGTC,0,4829551
ygfKp,0.14285714285714285,6,6,TAGACTTCGGGAAACGGTAT,0,4818705
ygfKp,0.14285714285714285,6,6,TAGACTCCGCACCAGGGAGA,0,4827347
ygfKp,0.14285714285714285,6,6,TAGAATACAGGCACTGTGCC,0,4821431
ygfKp,0.14285714285714285,6,6,TACGCTTGACCTAGCGGCCC,0,4859680
ygfKp,0.14285714285714285,6,6,TACGAGTAGCTTGGTAGTGT,0,4824674
ygfKp,0.14285714285714285,6,6,TACCGCACCAACCGTGGTAT,0,4830799
ygfKp,0.14285714285714285,6,6,TACCCCGATATTTATCCCCT,0,4835310
ygfKp,0.14285714285714285,6,6,TAATGTTGCTATGCCCGCCT,0,4857266
ygfKp,0.14285714285714285,6,6,TAAGGTCGTCGGCCACAATC,0,4819406
ygfKp,0.14285714285714285,6,6,TAACTTAAGTCTCACAAGCT,0,4822938
ygfKp,0.14285714285714285,6,6,TAACGTCCGATGGCGTGGCT,0,4841211
ygfKp,0.14285714285714285,6,6,TAACCTTCGCTATATCGGTA,0,4842471
ygfKp,0.14285714285714285,6,6,TAAATACGGGATCGGGCCGA,0,4854410
ygfKp,0.14285714285714285,6,6,TAAACTGTCATAAACAATCC,0,4856574
ygfKp,0.14285714285714285,6,6,TAAAAGTCCAAAGGTCAATC,0,4831890
ygfKp,0.14285714285714285,6,6,GTTTTGGGGGTCTTTATCCC,0,4856058
ygfKp,0.14285714285714285,6,6,GTTTGGGTCGATGGAATTGA,0,4837904
ygfKp,0.14285714285714285,6,6,GTTGTCCCGAAGTAATAGAA,0,4844741
ygfKp,0.14285714285714285,6,6,GTTGGATTGAAGCTGCATGG,0,4825155
ygfKp,0.14285714285714285,6,6,GTTGGAATTCGTGCTGACAA,0,4818081
ygfKp,0.14285714285714285,6,6,GTTGCGGGCAACGGGAAGAC,0,4843823
ygfKp,0.14285714285714285,6,6,GTTGATGTCCCGCCCCTGAC,0,4855068
ygfKp,0.14285714285714285,6,6,GTTCTGTGATATTCAAGAAA,0,4829296
ygfKp,0.14285714285714285,6,6,GTTCTCAGCGGTCGGGAACA,0,4851172
ygfKp,0.14285714285714285,6,6,GTTCCGCGGGACACACTGGG,0,4853656
ygfKp,0.14285714285714285,6,6,GTTCCCTAGCACATTACCAG,0,4828241
ygfKp,0.14285714285714285,6,6,GTTCCATCTTGTGTTGCGGG,0,4853724
ygfKp,0.14285714285714285,6,6,GTGTTATGGGGCCAAGCTAT,0,4849257
ygfKp,0.14285714285714285,6,6,GTGTCATGTGTTTTATTTAC,0,4843848
ygfKp,0.14285714285714285,6,6,GTGGTCGTATCACAGGTAGG,0,4844931
ygfKp,0.14285714285714285,6,6,GTGGGGGGTTCTCCTCAAAA,0,4855926
ygfKp,0.14285714285714285,6,6,GTGGGGGACCAGCCAACTGT,0,4852816
ygfKp,0.14285714285714285,6,6,GTGCTCAGTACTAATCTCGA,0,4845197
ygfKp,0.14285714285714285,6,6,GTGCGGAAATTATTCCGCTC,0,4860964
ygfKp,0.14285714285714285,6,6,GTCGGTATGGGGTTCAATTA,0,4842176
ygfKp,0.14285714285714285,6,6,GTCGGGTCGGAACCAGCTAG,0,4833708
ygfKp,0.14285714285714285,6,6,GTCGCTTAGTGAGTTATGGC,0,4843000
ygfKp,0.14285714285714285,6,6,GTCGCATGGTAGATAGGCTT,0,4826410
ygfKp,0.14285714285714285,6,6,GTCGATGACGCGACATCCTC,0,4844130
ygfKp,0.14285714285714285,6,6,GTCGAGCGGGGCACAAACTG,0,4840429
ygfKp,0.14285714285714285,6,6,GTCCGGATAACTGGTGACGA,0,4818521
ygfKp,0.14285714285714285,6,6,GTCCGCTGAAAATTAGAAGG,0,4839155
ygfKp,0.14285714285714285,6,6,GTCCCCGTCTTCACGCGGAG,0,4846435
ygfKp,0.14285714285714285,6,6,GTCAGTCTGACTCCATGCGC,0,4844688
ygfKp,0.14285714285714285,6,6,GTCAGGTTGGACGTCAATTA,0,4830895
ygfKp,0.14285714285714285,6,6,GTCAAGTATGAGTCAAAGGT,0,4860436
ygfKp,0.14285714285714285,6,6,GTATTTCCATACTCATAACA,0,4835159
ygfKp,0.14285714285714285,6,6,GTATCCTGAGACCTCATGTG,0,4854539
ygfKp,0.14285714285714285,6,6,GTATCCAGGCCGGCATACGT,0,4824911
ygfKp,0.14285714285714285,6,6,GTATAGAGAGGTGCTGAGAA,0,4837081
ygfKp,0.14285714285714285,6,6,GTAGGTATAGATAGAGGTGT,0,4856091
ygfKp,0.14285714285714285,6,6,GTAGGGCACAGATACGGCTC,0,4847451
ygfKp,0.14285714285714285,6,6,GTACCGCTTTCCTCGGATTG,0,4844757
ygfKp,0.14285714285714285,6,6,GTACATACCAAAAATCAGAC,0,4838716
ygfKp,0.14285714285714285,6,6,GGTTCACGGCGCATGGAATA,0,4823975
ygfKp,0.14285714285714285,6,6,GGTGGAAGTGTCGGGTAAGT,0,4825673
ygfKp,0.14285714285714285,6,6,GGTGCCGTGGCTATGAAGTG,0,4833346
ygfKp,0.14285714285714285,6,6,GGTCGCTTCACTGAGGTTCA,0,4847070
ygfKp,0.14285714285714285,6,6,GGTCGATTAGGACGCACGGA,0,4824600
ygfKp,0.14285714285714285,6,6,GGTCAGCCTTTATTATCACA,0,4817926
ygfKp,0.14285714285714285,6,6,GGGTCGAGTTTTCAGATGTA,0,4863787
ygfKp,0.14285714285714285,6,6,GGGTCCGGCGACATTGCCGT,0,4857807
ygfKp,0.14285714285714285,6,6,GGGTCCCAGCATGGTTTGCG,0,4856755
ygfKp,0.14285714285714285,6,6,GGGGGTAGATGTGGATAATA,0,4823980
ygfKp,0.14285714285714285,6,6,GGGGGGGAAATTTCGGGCGT,0,4856636
ygfKp,0.14285714285714285,6,6,GGGCACGATTACGAGGACAT,0,4860077
ygfKp,0.14285714285714285,6,6,GGGCAAGACGCTGCTGATTA,0,4848069
ygfKp,0.14285714285714285,6,6,GGGAAGTGGCAGGTTCCTAG,0,4856358
ygfKp,0.14285714285714285,6,6,GGGAAGTCTAACGGCCAGCT,0,4844163
ygfKp,0.14285714285714285,6,6,GGGAACCATTCTCGCAGGTG,0,4835019
ygfKp,0.14285714285714285,6,6,GGGAAACCGCACAAAGTTGA,0,4832119
ygfKp,0.14285714285714285,6,6,GGCTGATTACACAGACCTTC,0,4839059
ygfKp,0.14285714285714285,6,6,GGCTCCTTGGGTCACTTGTA,0,4828335
ygfKp,0.14285714285714285,6,6,GGCTCATCTGACCTTCCGGA,0,4819181
ygfKp,0.14285714285714285,6,6,GGCTAGTTCGCCGAGGTAAG,0,4824683
ygfKp,0.14285714285714285,6,6,GGCTAATGCGCGACTTTAAT,0,4839045
ygfKp,0.14285714285714285,6,6,GGCGAGGGCGCGGCAGACGT,0,4821728
ygfKp,0.14285714285714285,6,6,GGCCTCTTTCCCCGGAGGTA,0,4844787
ygfKp,0.14285714285714285,6,6,GGCCAGTCCTGTGTTTTCTG,0,4840991
ygfKp,0.14285714285714285,6,6,GGCCAACGACGCTTGGTTAG,0,4838187
ygfKp,0.14285714285714285,6,6,GGCAGAACACTCGTGCCAAG,0,4817409
ygfKp,0.14285714285714285,6,6,GGATTCCACATTCGCCGTAC,0,4831589
ygfKp,0.14285714285714285,6,6,GGATCGGATGAAAGTGGTAC,0,4846914
ygfKp,0.14285714285714285,6,6,GGAGTTTAGATTTATTGCAC,0,4853203
ygfKp,0.14285714285714285,6,6,GGAGATGGGTTTGTGGACCC,0,4825157
ygfKp,0.14285714285714285,6,6,GGAGACCGAGGTTTTATAGG,0,4826444
ygfKp,0.14285714285714285,6,6,GGACTACTTGCCCAGACTCT,0,4863067
ygfKp,0.14285714285714285,6,6,GGACCGCTTCAAGGTCCCTG,0,4829325
ygfKp,0.14285714285714285,6,6,GGAATCATCCGGTTAGCGCG,0,4846551
ygfKp,0.14285714285714285,6,6,GGAATACGCCAATCGTCTGC,0,4836181
ygfKp,0.14285714285714285,6,6,GGAATACGCAATTTAGCGGG,0,4857457
ygfKp,0.14285714285714285,6,6,GCTTTCGTTCGTACCGACAC,0,4846434
ygfKp,0.14285714285714285,6,6,GCTTTATCCGGACTATTCGT,0,4845313
ygfKp,0.14285714285714285,6,6,GCTGTCTATTCTTGGTGGTG,0,4855631
ygfKp,0.14285714285714285,6,6,GCTGTATCGCGGTTACAATT,0,4861511
ygfKp,0.14285714285714285,6,6,GCGTCCGCCGGAGCGGGGTT,0,4833478
ygfKp,0.14285714285714285,6,6,GCGGGCAGAGTTCACGAACT,0,4849337
ygfKp,0.14285714285714285,6,6,GCGCGCCAGTGACGCATGCC,0,4843069
ygfKp,0.14285714285714285,6,6,GCGATCTGCCAAGACGGCGT,0,4822853
ygfKp,0.14285714285714285,6,6,GCGAGGATGCGCGTATTGAT,0,4856029
ygfKp,0.14285714285714285,6,6,GCCTGACGGGTCAATGACTG,0,4821061
ygfKp,0.14285714285714285,6,6,GCCTAGTTATTTCTCTGCTT,0,4847297
ygfKp,0.14285714285714285,6,6,GCCATGTGTCAGTGTACAGA,0,4825159
ygfKp,0.14285714285714285,6,6,GCCAGTGACTTTCATACGAT,0,4845436
ygfKp,0.14285714285714285,6,6,GCCACATTGCGTCTCACAAA,0,4845198
ygfKp,0.14285714285714285,6,6,GCCAAGGGGTCCACTACGTG,0,4831361
ygfKp,0.14285714285714285,6,6,GCATGGGAAGCCTTAGTACG,0,4858563
ygfKp,0.14285714285714285,6,6,GCATGCTGCTCGTCATGGAT,0,4846671
ygfKp,0.14285714285714285,6,6,GCATCCGTGTTGGGCTCTTA,0,4831538
ygfKp,0.14285714285714285,6,6,GCATATACGCCTCTGACTGG,0,4840710
ygfKp,0.14285714285714285,6,6,GCAGTGTCTATGGAGGCAAC,0,4852044
ygfKp,0.14285714285714285,6,6,GCAGGAACCAGTGGCCTCCG,0,4820457
ygfKp,0.14285714285714285,6,6,GCAGCACGAAACGACCGAAC,0,4821424
ygfKp,0.14285714285714285,6,6,GCACAGTGCGGCAGCAAGGA,0,4820264
ygfKp,0.14285714285714285,6,6,GCAAACGCTTTACATTAAGG,0,4841824
ygfKp,0.14285714285714285,6,6,GCAAACGCTATAAGGGGGTC,0,4855510
ygfKp,0.14285714285714285,6,6,GATTTGAGAGAGTTCGACGC,0,4852791
ygfKp,0.14285714285714285,6,6,GATTGTGATAGGCCGATGCT,0,4851780
ygfKp,0.14285714285714285,6,6,GATTGCTCCTTCAGACTGAG,0,4840423
ygfKp,0.14285714285714285,6,6,GATGAAGCTATACTGCACCT,0,4855799
ygfKp,0.14285714285714285,6,6,GAGTGCGTCCCGACTCCAGC,0,4823529
ygfKp,0.14285714285714285,6,6,GAGTGAGACCGTACGGGGTG,0,4834508
ygfKp,0.14285714285714285,6,6,GAGTCCGCTTGCGATGCCAT,0,4841710
ygfKp,0.14285714285714285,6,6,GAGGTTCCTTGGGTTAGGCT,0,4819287
ygfKp,0.14285714285714285,6,6,GAGGCAGTTCAAAGCACTTG,0,4844738
ygfKp,0.14285714285714285,6,6,GAGCTATGAGAACAGGGCAT,0,4839014
ygfKp,0.14285714285714285,6,6,GAGCGGCCCATTTCTCGCAT,0,4848370
ygfKp,0.14285714285714285,6,6,GAGCCCTCGAGCCCGCGCCA,0,4859678
ygfKp,0.14285714285714285,6,6,GAGAGTCATCTAGCGTGAGG,0,4839280
ygfKp,0.14285714285714285,6,6,GAGAGCCTTGGTCACCGAAT,0,4827214
ygfKp,0.14285714285714285,6,6,GAGAGCCCTGCACGTTAGCG,0,4858564
ygfKp,0.14285714285714285,6,6,GACTGACGGTGCCCTTCCTT,0,4847075
ygfKp,0.14285714285714285,6,6,GACGATTGTCACGGGAAGAA,0,4843223
ygfKp,0.14285714285714285,6,6,GACCTTCTCTGAAAGAACGT,0,4821455
ygfKp,0.14285714285714285,6,6,GACCCATACGCACATTAGTT,0,4848613
ygfKp,0.14285714285714285,6,6,GACCATGGAACTTGGGTGGT,0,4830950
ygfKp,0.14285714285714285,6,6,GACCATCCCCATGGGCGTTT,0,4854607
ygfKp,0.14285714285714285,6,6,GACATATATCGACGTTACCA,0,4832312
ygfKp,0.14285714285714285,6,6,GACACCCCGACGCCGTTTGT,0,4836653
ygfKp,0.14285714285714285,6,6,GACAAACGTGAGTGTCTTTT,0,4856828
ygfKp,0.14285714285714285,6,6,GAATGGCATGCTTAACGCTT,0,4823253
ygfKp,0.14285714285714285,6,6,GAAGGTTCGGGGGGACATGA,0,4824677
ygfKp,0.14285714285714285,6,6,GAAGGAGCTAGGGATGGCGC,0,4851201
ygfKp,0.14285714285714285,6,6,GAAGAGGACTGATCCTCTTA,0,4849600
ygfKp,0.14285714285714285,6,6,GAACAAGGCGCGACCATCTA,0,4820537
ygfKp,0.14285714285714285,6,6,GAAATCTTCGACACTGAGTC,0,4836782
ygfKp,0.14285714285714285,6,6,GAAACAATACTGACCGTCCA,0,4839206
ygfKp,0.14285714285714285,6,6,CTTGGGCCGTAGGGGTTCGT,0,4832910
ygfKp,0.14285714285714285,6,6,CTTGCACGTGCGCCTTATCT,0,4834977
ygfKp,0.14285714285714285,6,6,CTTAATCAGCGCAGCCATGT,0,4827517
ygfKp,0.14285714285714285,6,6,CTGTGGTACAGTTGTTGTGT,0,4821897
ygfKp,0.14285714285714285,6,6,CTGGCCCCAAGACGTACGCT,0,4837178
ygfKp,0.14285714285714285,6,6,CTGCTTGTATTCCGTATCGT,0,4853747
ygfKp,0.14285714285714285,6,6,CTGCCGTAAGTATGTGTCTC,0,4862272
ygfKp,0.14285714285714285,6,6,CTGCACAACGTGGAGTCTGA,0,4861879
ygfKp,0.14285714285714285,6,6,CTCTGTTCGGGTGTAAGACT,0,4843656
ygfKp,0.14285714285714285,6,6,CTCTCGTGCCCTAATTATAT,0,4855979
ygfKp,0.14285714285714285,6,6,CTCGTTCACCGGTGTCGGTC,0,4832913
ygfKp,0.14285714285714285,6,6,CTCGGGTCAATTGAACTGCC,0,4822398
ygfKp,0.14285714285714285,6,6,CTCGATCGTCCCATTCCTGA,0,4828952
ygfKp,0.14285714285714285,6,6,CTCCTTTGGCAAAGGCCCTG,0,4861238
ygfKp,0.14285714285714285,6,6,CTCCGGGGGCTGAGAGCAAG,0,4827921
ygfKp,0.14285714285714285,6,6,CTCCGCACATAGAAATGCCT,0,4839681
ygfKp,0.14285714285714285,6,6,CTCATGCACTTCGGGCAAGC,0,4843711
ygfKp,0.14285714285714285,6,6,CTCACGGGCGGGGCCTCAGC,0,4853433
ygfKp,0.14285714285714285,6,6,CTCACCGACACTATTCCGAG,0,4859273
ygfKp,0.14285714285714285,6,6,CTATGGATCCAGTAGTTAGC,0,4832957
ygfKp,0.14285714285714285,6,6,CTATATAATGCCTCCAAGAG,0,4850750
ygfKp,0.14285714285714285,6,6,CTAAGTTAGGGACCCCTGTG,0,4848729
ygfKp,0.14285714285714285,6,6,CTAACTTCGCCCTTCGGTTC,0,4860414
ygfKp,0.14285714285714285,6,6,CGTTCTTTACGCGTAGTACA,0,4835927
ygfKp,0.14285714285714285,6,6,CGTGTATATCGACACCACGT,0,4830099
ygfKp,0.14285714285714285,6,6,CGTGCCCTTTCATGTGCATA,0,4820964
ygfKp,0.14285714285714285,6,6,CGTCCAGTAAATTAACTCAA,0,4828224
ygfKp,0.14285714285714285,6,6,CGTAGAAAGAAAGATAAGTG,0,4830784
ygfKp,0.14285714285714285,6,6,CGGTTAGCGGCTACACTCCA,0,4851915
ygfKp,0.14285714285714285,6,6,CGGTAATTTATCAGTTCTCA,0,4820943
ygfKp,0.14285714285714285,6,6,CGGGCTTCTGTTTTTTTAGC,0,4856031
ygfKp,0.14285714285714285,6,6,CGGCTTATTTATGGTAAAAT,0,4822014
ygfKp,0.14285714285714285,6,6,CGGCCGTATATGGACATTAA,0,4818865
ygfKp,0.14285714285714285,6,6,CGGCAAAACTCTGACTCCGA,0,4826413
ygfKp,0.14285714285714285,6,6,CGGATATCGAGCCAGGTTTC,0,4860952
ygfKp,0.14285714285714285,6,6,CGGAGCGGGCCGTGGTACTT,0,4839901
ygfKp,0.14285714285714285,6,6,CGCTTTGGAGATTTGTTACT,0,4851501
ygfKp,0.14285714285714285,6,6,CGCTGTTGCCGGAGACGCGT,0,4848036
ygfKp,0.14285714285714285,6,6,CGCGGTAAGCTTAATTCATT,0,4854611
ygfKp,0.14285714285714285,6,6,CGCCCATAGCCATCACTGAG,0,4859513
ygfKp,0.14285714285714285,6,6,CGATATTATAGCGAATAACC,0,4848066
ygfKp,0.14285714285714285,6,6,CGAGTGGTATTATTAGTCGC,0,4851906
ygfKp,0.14285714285714285,6,6,CGAGGGTCTGTCCGGCCTTT,0,4819688
ygfKp,0.14285714285714285,6,6,CGAGGCCGATTGTATGGAAC,0,4857236
ygfKp,0.14285714285714285,6,6,CGACGTATGCGACACTTGCA,0,4829129
ygfKp,0.14285714285714285,6,6,CGAATATGGAGGGAAGCAAA,0,4855760
ygfKp,0.14285714285714285,6,6,CGAAGGGTGAGATTACCTTG,0,4828824
ygfKp,0.14285714285714285,6,6,CGAACCTAAACAGCAAGGAA,0,4856643
ygfKp,0.14285714285714285,6,6,CCTTTGGTGAGTCTCCTGGA,0,4817412
ygfKp,0.14285714285714285,6,6,CCTTGCTTCGATGCAGCTTC,0,4860076
ygfKp,0.14285714285714285,6,6,CCTTGCTGGTGGTTCATAAG,0,4854419
ygfKp,0.14285714285714285,6,6,CCTTAGGCTGAGGCTAACTT,0,4837823
ygfKp,0.14285714285714285,6,6,CCTGTGGTCCCGGCCGTGGT,0,4852356
ygfKp,0.14285714285714285,6,6,CCTGTCATGCTTGCTGTACA,0,4841207
ygfKp,0.14285714285714285,6,6,CCTGGTGGGGACAGCGATTG,0,4839990
ygfKp,0.14285714285714285,6,6,CCTCAGGTTTCCCCGTGTCG,0,4824621
ygfKp,0.14285714285714285,6,6,CCGTACGGATCACTTAAGCA,0,4821288
ygfKp,0.14285714285714285,6,6,CCGGGTCGGTGGGGGACAAA,0,4849916
ygfKp,0.14285714285714285,6,6,CCGCAAGCCTGTGAGGGTGA,0,4817535
ygfKp,0.14285714285714285,6,6,CCGATGGAACCGAGATTAAA,0,4817559
ygfKp,0.14285714285714285,6,6,CCCTTTGCGTAATCGGGTAA,0,4832443
ygfKp,0.14285714285714285,6,6,CCCTAATAATAGGAGGGTTT,0,4827190
ygfKp,0.14285714285714285,6,6,CCCGCCCGAAAGGTATTGAA,0,4826485
ygfKp,0.14285714285714285,6,6,CCCGCCCCACTGACCACTAG,0,4841027
ygfKp,0.14285714285714285,6,6,CCCGAAACGTACGTTTGCTT,0,4843663
ygfKp,0.14285714285714285,6,6,CCCCTTTTCTACATGTGGTG,0,4854755
ygfKp,0.14285714285714285,6,6,CCCCGCGAACATCGCCATAT,0,4824949
ygfKp,0.14285714285714285,6,6,CCCCAGCACACCCTTTAATT,0,4843166
ygfKp,0.14285714285714285,6,6,CCCAAATGGATTTGCAGTGT,0,4860588
ygfKp,0.14285714285714285,6,6,CCAGTGCCGCCTAAGCATTT,0,4824249
ygfKp,0.14285714285714285,6,6,CCAGTGCCAAGAAAAATGGG,0,4833106
ygfKp,0.14285714285714285,6,6,CCAGCCGTGTGGTAGTGCCA,0,4850496
ygfKp,0.14285714285714285,6,6,CCAGACCAGCAAAATGAATA,0,4822390
ygfKp,0.14285714285714285,6,6,CCACGCCCTAGTTGGGTATA,0,4832560
ygfKp,0.14285714285714285,6,6,CCACCCCAGTTTACAGTTAT,0,4834622
ygfKp,0.14285714285714285,6,6,CCACCACAGATGTTAGAAAT,0,4836825
ygfKp,0.14285714285714285,6,6,CCACACTTGTGAGGTACTTG,0,4847333
ygfKp,0.14285714285714285,6,6,CCAATTAGCTGATGTCACGA,0,4847067
ygfKp,0.14285714285714285,6,6,CCAACGTCCATTGTACTTAG,0,4827169
ygfKp,0.14285714285714285,6,6,CCAAAGTTTGACGCCCAGCG,0,4835229
ygfKp,0.14285714285714285,6,6,CCAAAAACTAGCAGTAAGTG,0,4847638
ygfKp,0.14285714285714285,6,6,CATTGACGGGACCATATTGT,0,4834455
ygfKp,0.14285714285714285,6,6,CATTCTTAAGTGGAGTCATA,0,4820715
ygfKp,0.14285714285714285,6,6,CATTCATTGAATAAGTCGGT,0,4857246
ygfKp,0.14285714285714285,6,6,CATGTGTGAGTTTTCTGTCG,0,4852859
ygfKp,0.14285714285714285,6,6,CATGTGCTTAGTTCGAAAGA,0,4837565
ygfKp,0.14285714285714285,6,6,CATGTACGCTATAATCCAGA,0,4831132
ygfKp,0.14285714285714285,6,6,CATCTCAGGTATTTTTGGCG,0,4834931
ygfKp,0.14285714285714285,6,6,CATATTACTGCGTAACTCGA,0,4825037
ygfKp,0.14285714285714285,6,6,CATAGTGAAACCGTGGGCGG,0,4829156
ygfKp,0.14285714285714285,6,6,CATAATGTTCAATGAACTTG,0,4825206
ygfKp,0.14285714285714285,6,6,CATAAAGCTCTGAAGGCCTA,0,4841713
ygfKp,0.14285714285714285,6,6,CAGTTAACCTTTTAACTCCT,0,4831639
ygfKp,0.14285714285714285,6,6,CAGTGGCTTTCCGCAATATT,0,4830648
ygfKp,0.14285714285714285,6,6,CAGTGAAAAACCCGTCTTCA,0,4820644
ygfKp,0.14285714285714285,6,6,CAGTATTTTTACGCGGCCTA,0,4819161
ygfKp,0.14285714285714285,6,6,CAGGGAACTGCTCCGTTGGT,0,4843720
ygfKp,0.14285714285714285,6,6,CAGCTTTGTTAAACCATTTT,0,4853264
ygfKp,0.14285714285714285,6,6,CAGCATTGGGCTAGGGGGGA,0,4839253
ygfKp,0.14285714285714285,6,6,CAGCAGCGTGCACCTCAACC,0,4858048
ygfKp,0.14285714285714285,6,6,CAGATAGCAGCGAGGCTATG,0,4835931
ygfKp,0.14285714285714285,6,6,CACTTGAGATAATAGACTGT,0,4833623
ygfKp,0.14285714285714285,6,6,CACTTCATATACATATTGTG,0,4842943
ygfKp,0.14285714285714285,6,6,CACTTCACTGGCATCATTGT,0,4829605
ygfKp,0.14285714285714285,6,6,CACTACAGATTGCCTTGTAT,0,4823387
ygfKp,0.14285714285714285,6,6,CACGTTCAATTGACAACGAT,0,4840150
ygfKp,0.14285714285714285,6,6,CACGAAACCCCAGTGGGTTC,0,4832464
ygfKp,0.14285714285714285,6,6,CACCACTTTGTAGCCAAAGT,0,4839986
ygfKp,0.14285714285714285,6,6,CACATCAGCGCCCCGACGTA,0,4850256
ygfKp,0.14285714285714285,6,6,CACAGTATGGTGCTGTGAGT,0,4818003
ygfKp,0.14285714285714285,6,6,CAATATTTTATAACAAGAAT,0,4856347
ygfKp,0.14285714285714285,6,6,CAAGTGTCTTAACCATGTAG,0,4833723
ygfKp,0.14285714285714285,6,6,CAAGGGGCTTTCATGTATAA,0,4826393
ygfKp,0.14285714285714285,6,6,CAAGCGCCGGGACAGAGTTT,0,4829031
ygfKp,0.14285714285714285,6,6,CAAGACTGGTTGGGCGACGA,0,4844698
ygfKp,0.14285714285714285,6,6,CAACGCCTCGCGTGGCTGAA,0,4823819
ygfKp,0.14285714285714285,6,6,CAACCTACGGTTTCAAGGTG,0,4820076
ygfKp,0.14285714285714285,6,6,CAAAGGCATCTGGTGGCGAG,0,4862693
ygfKp,0.14285714285714285,6,6,CAAACGGCTCCTCTGGATTC,0,4862536
ygfKp,0.14285714285714285,6,6,ATTTGCTCACATTTGACGGT,0,4817254
ygfKp,0.14285714285714285,6,6,ATTGGAAATATACCAATTGC,0,4843077
ygfKp,0.14285714285714285,6,6,ATTGCGCAGCTGTCTTACTG,0,4854789
ygfKp,0.14285714285714285,6,6,ATTGACCAAGCGCCTTTTAG,0,4851025
ygfKp,0.14285714285714285,6,6,ATTAGCGCGCCACATCATCG,0,4834685
ygfKp,0.14285714285714285,6,6,ATGTGCAGGATATTTAATCC,0,4860049
ygfKp,0.14285714285714285,6,6,ATGTAGGTTGCCCTTGTGTT,0,4833262
ygfKp,0.14285714285714285,6,6,ATGGTCAGACGAGAGGCGCA,0,4824295
ygfKp,0.14285714285714285,6,6,ATGCCTGCATCCCTCGTTGG,0,4860329
ygfKp,0.14285714285714285,6,6,ATGATAAGGTCTGATGAGCT,0,4832478
ygfKp,0.14285714285714285,6,6,ATGAGCCTAGCGAGGTTGAC,0,4823886
ygfKp,0.14285714285714285,6,6,ATCTTGCCTAGCCGCCCCTC,0,4820897
ygfKp,0.14285714285714285,6,6,ATCTTCTGGCCGCAAGGTAC,0,4847106
ygfKp,0.14285714285714285,6,6,ATCTGCGTGCTGTCGAACCA,0,4841448
ygfKp,0.14285714285714285,6,6,ATCTAACGAGAAGTCCAAAT,0,4824399
ygfKp,0.14285714285714285,6,6,ATCGGTCCGGCTCCATACGA,0,4842463
ygfKp,0.14285714285714285,6,6,ATCCTTTCAGGGGCTTAAAA,0,4851502
ygfKp,0.14285714285714285,6,6,ATCCGTGATGGAGTCTTCAC,0,4845204
ygfKp,0.14285714285714285,6,6,ATCCCGAGCCGGATCGCTAC,0,4839083
ygfKp,0.14285714285714285,6,6,ATCCCAGCAATATAAACAGA,0,4817376
ygfKp,0.14285714285714285,6,6,ATCCATACCGCTACCCTGCA,0,4818393
ygfKp,0.14285714285714285,6,6,ATCACTAATCCACCCCTTTG,0,4854248
ygfKp,0.14285714285714285,6,6,ATACTCACTCCCAACCACGG,0,4849655
ygfKp,0.14285714285714285,6,6,ATACGGTGTATACACACTAA,0,4860680
ygfKp,0.14285714285714285,6,6,ATACACGGTCGGTCGCTCAC,0,4849563
ygfKp,0.14285714285714285,6,6,ATAAAAGTTGGGACGCCGTG,0,4841487
ygfKp,0.14285714285714285,6,6,AGTTTACACATAATGTACCG,0,4842068
ygfKp,0.14285714285714285,6,6,AGTGCGACACCAAATCCCTC,0,4844241
ygfKp,0.14285714285714285,6,6,AGTCTTATTGAGCCTTTTTG,0,4846565
ygfKp,0.14285714285714285,6,6,AGTCTCGGCCCGTCCGCCCA,0,4863358
ygfKp,0.14285714285714285,6,6,AGTCTATGCGCGTCTCATAA,0,4829515
ygfKp,0.14285714285714285,6,6,AGTATCTTCATTTATTGAAA,0,4838142
ygfKp,0.14285714285714285,6,6,AGTATCGACGTGGGGTGTTT,0,4827031
ygfKp,0.14285714285714285,6,6,AGGTTTGATAGAAACGCCAA,0,4817741
ygfKp,0.14285714285714285,6,6,AGGTTTATCAGATAAGTGAC,0,4817266
ygfKp,0.14285714285714285,6,6,AGGTTCTGGCGTACTCCGGA,0,4834467
ygfKp,0.14285714285714285,6,6,AGGTGGGGATCGACGTCTTC,0,4841088
ygfKp,0.14285714285714285,6,6,AGGTCATGGTAGCAGCACTA,0,4836426
ygfKp,0.14285714285714285,6,6,AGGGGGAATAAGCCGTTAAT,0,4846302
ygfKp,0.14285714285714285,6,6,AGGGGCGAGCTATAGGGCGT,0,4857581
ygfKp,0.14285714285714285,6,6,AGGGCACGTGACCTCTCCGT,0,4848850
ygfKp,0.14285714285714285,6,6,AGGCTGGGGCAAAGATGGTT,0,4835899
ygfKp,0.14285714285714285,6,6,AGGCGAGGCCGGGGGTCAAA,0,4834259
ygfKp,0.14285714285714285,6,6,AGGCATCCCGCGGAGGGGCG,0,4832676
ygfKp,0.14285714285714285,6,6,AGGCAGACATACTTGTCTAA,0,4827895
ygfKp,0.14285714285714285,6,6,AGGCAATCGTCCGATCTTAC,0,4850145
ygfKp,0.14285714285714285,6,6,AGGATTCTGCAATGTTTTAC,0,4843175
ygfKp,0.14285714285714285,6,6,AGGAGGGCCGATCAAGGCTA,0,4818267
ygfKp,0.14285714285714285,6,6,AGGACATTACATCCTATTCT,0,4843853
ygfKp,0.14285714285714285,6,6,AGCTTTATTCACTTTTTATG,0,4844785
ygfKp,0.14285714285714285,6,6,AGCGTATACATGCTCGGCTT,0,4854355
ygfKp,0.14285714285714285,6,6,AGCGGGAAATCACAGCACGA,0,4837381
ygfKp,0.14285714285714285,6,6,AGCCTGATATCAAACTCCAG,0,4833629
ygfKp,0.14285714285714285,6,6,AGCCGAAACGTGATAGAATC,0,4847839
ygfKp,0.14285714285714285,6,6,AGCCCGTTACCTTAGTGCGC,0,4855993
ygfKp,0.14285714285714285,6,6,AGCCCAGGGTTCTTTTGAGC,0,4832076
ygfKp,0.14285714285714285,6,6,AGCATAGTGCGTGGTATGAC,0,4841243
ygfKp,0.14285714285714285,6,6,AGCAAGGGCTTCAGGTCATT,0,4845196
ygfKp,0.14285714285714285,6,6,AGCAACCGAACTACTAGGAT,0,4818399
ygfKp,0.14285714285714285,6,6,AGATTTAAAGGATGAAGGTA,0,4821991
ygfKp,0.14285714285714285,6,6,AGATTCGCCAAGGGCGGAGG,0,4818189
ygfKp,0.14285714285714285,6,6,AGATGGCTAGCAAGGAGCGA,0,4854144
ygfKp,0.14285714285714285,6,6,AGATAAGGCATGTTGGAAGA,0,4835966
ygfKp,0.14285714285714285,6,6,AGACTTCAGTCTGGGTTGTA,0,4843411
ygfKp,0.14285714285714285,6,6,AGACTCGTGTGTCTAACAAT,0,4853628
ygfKp,0.14285714285714285,6,6,AGACCGTATAGATTAGTAAG,0,4849579
ygfKp,0.14285714285714285,6,6,AGAATCGATCTGAGGGCCGC,0,4825199
ygfKp,0.14285714285714285,6,6,AGAAATAGCGGGTAATTGGC,0,4845795
ygfKp,0.14285714285714285,6,6,ACTTGGCCCGTGGGCATTGC,0,4837564
ygfKp,0.14285714285714285,6,6,ACTTATCCAGCAGGTTCACA,0,4848820
ygfKp,0.14285714285714285,6,6,ACTTATAGCATCGTGTATTT,0,4829501
ygfKp,0.14285714285714285,6,6,ACTGGTAGTCCTGGCGGACT,0,4855611
ygfKp,0.14285714285714285,6,6,ACTCAAGGGGGCTCACTCTA,0,4837271
ygfKp,0.14285714285714285,6,6,ACGTAGCACTTACCCATCCT,0,4856899
ygfKp,0.14285714285714285,6,6,ACGGGTAAGTAGGTATCTCA,0,4826019
ygfKp,0.14285714285714285,6,6,ACGGCGTGTATTTCTAGGCA,0,4833734
ygfKp,0.14285714285714285,6,6,ACGCACTGACATTACTCGTG,0,4854112
ygfKp,0.14285714285714285,6,6,ACGAGATCAAGGGATCTATA,0,4832954
ygfKp,0.14285714285714285,6,6,ACGACGTCGCGCGATGAGTA,0,4818403
ygfKp,0.14285714285714285,6,6,ACGACGGTTGGGGCTCGGAA,0,4819670
ygfKp,0.14285714285714285,6,6,ACCTGGTCAAGGGCCGCGGT,0,4820334
ygfKp,0.14285714285714285,6,6,ACCGTACGCTTGACTGCCGG,0,4853355
ygfKp,0.14285714285714285,6,6,ACCGGCTGAGGTGGATACTC,0,4821945
ygfKp,0.14285714285714285,6,6,ACCCGCGCGGGCACGTACCA,0,4840054
ygfKp,0.14285714285714285,6,6,ACCAAGCCGTCGGTTACTTC,0,4848946
ygfKp,0.14285714285714285,6,6,ACATGTGTCTACTACCGGAA,0,4842159
ygfKp,0.14285714285714285,6,6,ACAGTACCAATTAATGCAGG,0,4854047
ygfKp,0.14285714285714285,6,6,ACAGGCAACACTTGCGTTGC,0,4835376
ygfKp,0.14285714285714285,6,6,ACAGCACGTCGTTAACCTCC,0,4834637
ygfKp,0.14285714285714285,6,6,ACAGAGCGTGAATGCTCTTC,0,4827681
ygfKp,0.14285714285714285,6,6,ACACCCACGTTCACGAACTG,0,4817136
ygfKp,0.14285714285714285,6,6,ACAATTCATGGTCCTTCGGC,0,4860317
ygfKp,0.14285714285714285,6,6,AATTTGCTGCCTCGCGTCCA,0,4844678
ygfKp,0.14285714285714285,6,6,AATGCGAGGCCTCCGGGTCC,0,4826915
ygfKp,0.14285714285714285,6,6,AATCTAATCTTTGACTGAGT,0,4860448
ygfKp,0.14285714285714285,6,6,AATCGCGCCCAAATAATGGT,0,4844317
ygfKp,0.14285714285714285,6,6,AATCCGTGGCGGTCACCATA,0,4826170
ygfKp,0.14285714285714285,6,6,AATCAAGATTTCTTCACTTT,0,4827346
ygfKp,0.14285714285714285,6,6,AATATGTACAAAGGTTCCTA,0,4839885
ygfKp,0.14285714285714285,6,6,AATAGCCGAGTAGGTCCAAG,0,4832074
ygfKp,0.14285714285714285,6,6,AATAGACGAAGCCTTCTGGT,0,4859407
ygfKp,0.14285714285714285,6,6,AAGTACGTTGCTCTAGGCAG,0,4847695
ygfKp,0.14285714285714285,6,6,AAGGTTACCCAGCTGAATCT,0,4851219
ygfKp,0.14285714285714285,6,6,AAGGTACAAGCAGCGCAGTT,0,4854743
ygfKp,0.14285714285714285,6,6,AAGGGATTTGAGTAGCCGCA,0,4820038
ygfKp,0.14285714285714285,6,6,AAGGCCTCTGTGTCAGCGAA,0,4851717
ygfKp,0.14285714285714285,6,6,AAGCTAACTTATAGGCGAGG,0,4851050
ygfKp,0.14285714285714285,6,6,AAGCAAAAACCCGGCGACCT,0,4848485
ygfKp,0.14285714285714285,6,6,AAGATAAGTGAGAACACGCA,0,4826552
ygfKp,0.14285714285714285,6,6,AAGACTCGCTAGACGGTGCA,0,4844464
ygfKp,0.14285714285714285,6,6,AACCTGTATATAGGAAGATC,0,4842181
ygfKp,0.14285714285714285,6,6,AACCTATTCGACTCTCCTGT,0,4853011
ygfKp,0.14285714285714285,6,6,AACCGTCCCAGAACGTCAGC,0,4861111
ygfKp,0.14285714285714285,6,6,AACCCTCAGGAAAAAATCAT,0,4855594
ygfKp,0.14285714285714285,6,6,AACAGTTCCCTCCGAAATCA,0,4858803
ygfKp,0.14285714285714285,6,6,AACAGTGACACTACACGTGT,0,4855550
ygfKp,0.14285714285714285,6,6,AACAGATCAAGATGCGTTAC,0,4862363
ygfKp,0.14285714285714285,6,6,AACACCAAATTGTCCCCGGA,0,4859347
ygfKp,0.14285714285714285,6,6,AACAAGATTTTACCGCGTGG,0,4840011
ygfKp,0.14285714285714285,6,6,AACAAAAGTTACGGCATGTG,0,4845525
ygfKp,0.14285714285714285,6,6,AAATCGATCTGACACACTCG,0,4823867
ygfKp,0.14285714285714285,6,6,AAAGTAATGAAAAAGACAGG,0,4835433
ygfKp,0.14285714285714285,6,6,AAAGATAAGCTGACACAGGG,0,4839978
ygfKp,0.16666666666666666,5,5,TTTTGCGCGCTTCCAACAAT,0,4817624
ygfKp,0.16666666666666666,5,5,TTTTAGCCGAATATTACACG,0,4839872
ygfKp,0.16666666666666666,5,5,TTTGTTACAAAAGCATGCAA,0,4858786
ygfKp,0.16666666666666666,5,5,TTTGGAGACTCCCGTAATTC,0,4822188
ygfKp,0.16666666666666666,5,5,TTTGAGTAGGGACGACCACG,0,4852405
ygfKp,0.16666666666666666,5,5,TTTCCCTCCCTAGCGAAACT,0,4845270
ygfKp,0.16666666666666666,5,5,TTTCATTAATAGTGGCGCTT,0,4847700
ygfKp,0.16666666666666666,5,5,TTTCAGTGTGGCAAGGCCAA,0,4853436
ygfKp,0.16666666666666666,5,5,TTTAAGGTGGGACTAATGAC,0,4820934
ygfKp,0.16666666666666666,5,5,TTGTCGGGTCAAATTTAATG,0,4850232
ygfKp,0.16666666666666666,5,5,TTGTACGTGGTTTGTCTGCA,0,4852563
ygfKp,0.16666666666666666,5,5,TTGGCAGCAGTCGGTCAGCT,0,4817733
ygfKp,0.16666666666666666,5,5,TTGGAACCCATAGAATCTAA,0,4854626
ygfKp,0.16666666666666666,5,5,TTGCTTAATTATGCTGTGTG,0,4827295
ygfKp,0.16666666666666666,5,5,TTGCGGTCTTTCATGTAATT,0,4856735
ygfKp,0.16666666666666666,5,5,TTGCCTCGCACGTACGTGCG,0,4819709
ygfKp,0.16666666666666666,5,5,TTGCCCTACCTCGTGTGCCC,0,4825775
ygfKp,0.16666666666666666,5,5,TTGCCCGTCGTGTATAGTTC,0,4837286
ygfKp,0.16666666666666666,5,5,TTGCATCACCCTCCGGATAT,0,4818371
ygfKp,0.16666666666666666,5,5,TTGATAATCCCAACACGTGT,0,4850270
ygfKp,0.16666666666666666,5,5,TTGAGCGCTCGGAAGGAAGC,0,4841022
ygfKp,0.16666666666666666,5,5,TTGACTCACGTAGCAAGCAA,0,4859725
ygfKp,0.16666666666666666,5,5,TTGAAGTGAGCGTCTGTCCC,0,4820725
ygfKp,0.16666666666666666,5,5,TTCTTGAAGATCGCTTTCAG,0,4821880
ygfKp,0.16666666666666666,5,5,TTCGTGGCCCCTACATGGCA,0,4827434
ygfKp,0.16666666666666666,5,5,TTCGCGTTTCTTCATTGGTG,0,4834266
ygfKp,0.16666666666666666,5,5,TTCGCACAAGCACCCCCAGT,0,4834993
ygfKp,0.16666666666666666,5,5,TTCATCGCTTAAGAGAGGGG,0,4858616
ygfKp,0.16666666666666666,5,5,TTCAGGGCCAGTACAAAGCT,0,4834653
ygfKp,0.16666666666666666,5,5,TTCACCCCGCTAGAAGATCT,0,4851080
ygfKp,0.16666666666666666,5,5,TTAGGAGTCTGTAAGGGTGT,0,4854482
ygfKp,0.16666666666666666,5,5,TTAGCGCCATAAAGATAATG,0,4854798
ygfKp,0.16666666666666666,5,5,TTAGAACGGGTAAACCGGAC,0,4831343
ygfKp,0.16666666666666666,5,5,TTAATAGTCAAATTTTCCTA,0,4824909
ygfKp,0.16666666666666666,5,5,TTAAGCTTTGAGGCGTAGAA,0,4823360
ygfKp,0.16666666666666666,5,5,TGTTTGAGATTTGGATGAGA,0,4851220
ygfKp,0.16666666666666666,5,5,TGTTGCACGTAGGTAGTCGT,0,4855990
ygfKp,0.16666666666666666,5,5,TGTGTCTGAAACAAGAGAAT,0,4858718
ygfKp,0.16666666666666666,5,5,TGTGGAGAGGGTGAGTGTTG,0,4848372
ygfKp,0.16666666666666666,5,5,TGTCTGTGTTTTGATCGCCA,0,4819667
ygfKp,0.16666666666666666,5,5,TGTCGTGATTCACAGTTGAC,0,4843821
ygfKp,0.16666666666666666,5,5,TGTCGCATGTGAAGAGAGAG,0,4859089
ygfKp,0.16666666666666666,5,5,TGTCGCAGGCGTAAGTGGAA,0,4846151
ygfKp,0.16666666666666666,5,5,TGGTTGGTGCCAAGAAGGAA,0,4841472
ygfKp,0.16666666666666666,5,5,TGGTGCCGATCCTACGACGA,0,4817432
ygfKp,0.16666666666666666,5,5,TGGTGAGTCCTCTCTGCATG,0,4842415
ygfKp,0.16666666666666666,5,5,TGGGTTTCATGCCCTCCATA,0,4849498
ygfKp,0.16666666666666666,5,5,TGGGTGAGACGACAACTTAC,0,4827821
ygfKp,0.16666666666666666,5,5,TGGGAGGGAGCTATCGCTCG,0,4823067
ygfKp,0.16666666666666666,5,5,TGGGAACCCTGCGGCATTTT,0,4826297
ygfKp,0.16666666666666666,5,5,TGGCATTAAATGCTCGATGC,0,4845174
ygfKp,0.16666666666666666,5,5,TGGAAACTTTCGTCAGCTTT,0,4842978
ygfKp,0.16666666666666666,5,5,TGCTTTGGTCGCGCGAGTGA,0,4845977
ygfKp,0.16666666666666666,5,5,TGCTGGACACCTATTCTTAG,0,4845315
ygfKp,0.16666666666666666,5,5,TGCTACCACGCGTTGAGGTC,0,4832903
ygfKp,0.16666666666666666,5,5,TGCGCTATTGTACGAAAACA,0,4827283
ygfKp,0.16666666666666666,5,5,TGCGATGAACTGACTCACTT,0,4842481
ygfKp,0.16666666666666666,5,5,TGCGACAAACTTCACAACTA,0,4855537
ygfKp,0.16666666666666666,5,5,TGCCGCGTATATGTGTCAGT,0,4860075
ygfKp,0.16666666666666666,5,5,TGCCCCGTGGCAGTCCAAAC,0,4861654
ygfKp,0.16666666666666666,5,5,TGCATGGAACTGCGGCATCA,0,4826888
ygfKp,0.16666666666666666,5,5,TGCAATTGATGCTTGGTGAA,0,4820314
ygfKp,0.16666666666666666,5,5,TGATGAGTTTTGCTAGATAG,0,4829354
ygfKp,0.16666666666666666,5,5,TGATCCACACTTAAAATGAT,0,4825186
ygfKp,0.16666666666666666,5,5,TGATATGTTTACGTGTAACA,0,4827897
ygfKp,0.16666666666666666,5,5,TGACGGACCCACGGCGAGTA,0,4831891
ygfKp,0.16666666666666666,5,5,TGACCTGCCTTAACGTATGG,0,4824313
ygfKp,0.16666666666666666,5,5,TGAAGCGTGCTCTCGCCTAT,0,4854027
ygfKp,0.16666666666666666,5,5,TGAAATACCTGGACAGTCCG,0,4836182
ygfKp,0.16666666666666666,5,5,TCTTGCGCATAGTCAGGGTA,0,4860018
ygfKp,0.16666666666666666,5,5,TCTTCATTATTAGGTAAGCG,0,4838890
ygfKp,0.16666666666666666,5,5,TCTGTCCTCATTCAGAGCAG,0,4846010
ygfKp,0.16666666666666666,5,5,TCTCCATCGATTGCCTACCC,0,4824296
ygfKp,0.16666666666666666,5,5,TCTAGGGATCGGACCTCGGA,0,4854218
ygfKp,0.16666666666666666,5,5,TCTACTCAGCGATTGAGGAA,0,4861444
ygfKp,0.16666666666666666,5,5,TCGTTGCATTAGCTTGCCTT,0,4829217
ygfKp,0.16666666666666666,5,5,TCGTCACGTACGCGTTACGG,0,4848051
ygfKp,0.16666666666666666,5,5,TCGTCAATCATTTCAGGGGC,0,4853758
ygfKp,0.16666666666666666,5,5,TCGGCCTGGGTTTCACGGGG,0,4855600
ygfKp,0.16666666666666666,5,5,TCGATAGGTCAGTACCTAAC,0,4824902
ygfKp,0.16666666666666666,5,5,TCGAGACGGTCTGGGCGGTA,0,4846870
ygfKp,0.16666666666666666,5,5,TCGAATCAACTACCAAATCG,0,4825966
ygfKp,0.16666666666666666,5,5,TCCTATTGCCCGCTATCGTA,0,4825757
ygfKp,0.16666666666666666,5,5,TCCGTATCGTGGCATAATTG,0,4843919
ygfKp,0.16666666666666666,5,5,TCCCACAAGTATTAAGGAGT,0,4861875
ygfKp,0.16666666666666666,5,5,TCCATTTTCGATGATCCGGC,0,4820858
ygfKp,0.16666666666666666,5,5,TCCATTCCACCGAAATGTAT,0,4830522
ygfKp,0.16666666666666666,5,5,TCCAACTAATTGCCTGGTTG,0,4821264
ygfKp,0.16666666666666666,5,5,TCATGTGCATGCATTTATAA,0,4861556
ygfKp,0.16666666666666666,5,5,TCATGGGCAACCCACGTAAA,0,4818805
ygfKp,0.16666666666666666,5,5,TCAGGGTGCATCCACAAAGG,0,4856190
ygfKp,0.16666666666666666,5,5,TCAGCAGTTGTCTATGCATA,0,4853455
ygfKp,0.16666666666666666,5,5,TCACTGAATTAAATCAAGAA,0,4843132
ygfKp,0.16666666666666666,5,5,TCACCACTTGTTCTGGCCAT,0,4818666
ygfKp,0.16666666666666666,5,5,TCACCACGTTTCCACAAACG,0,4845121
ygfKp,0.16666666666666666,5,5,TCACCACGTATTTTTGCCAA,0,4833120
ygfKp,0.16666666666666666,5,5,TCACAGATAACAAACCGAGT,0,4847881
ygfKp,0.16666666666666666,5,5,TCAAGGTCTATATCAGTTAT,0,4835319
ygfKp,0.16666666666666666,5,5,TATTCGTTTAATGCGCGTCT,0,4840143
ygfKp,0.16666666666666666,5,5,TATTACTTCATACCTATGTT,0,4834482
ygfKp,0.16666666666666666,5,5,TATGGTGTACCGCTACGATT,0,4836435
ygfKp,0.16666666666666666,5,5,TATGAGACCAAGGGTTACAT,0,4854967
ygfKp,0.16666666666666666,5,5,TATCTCTACGTCATTCACAA,0,4851047
ygfKp,0.16666666666666666,5,5,TATCCGTCGAATTTAATTGT,0,4862040
ygfKp,0.16666666666666666,5,5,TATAGTCCCGGTTACTTGTA,0,4847307
ygfKp,0.16666666666666666,5,5,TAGTCGCGACTTTGGTTGGG,0,4860819
ygfKp,0.16666666666666666,5,5,TAGGTTCATAGGAATCGATT,0,4857451
ygfKp,0.16666666666666666,5,5,TAGGCCGCTCGTTACGCACT,0,4857506
ygfKp,0.16666666666666666,5,5,TAGGAATTCCTTTCAGAAAC,0,4856589
ygfKp,0.16666666666666666,5,5,TAGCTGCTAATGAACCAAGC,0,4835926
ygfKp,0.16666666666666666,5,5,TAGCGACATGAGATGGTGGC,0,4855784
ygfKp,0.16666666666666666,5,5,TAGCCGGACCGCTCCAACTC,0,4856568
ygfKp,0.16666666666666666,5,5,TAGCACCTAGAGCGGATTCT,0,4834481
ygfKp,0.16666666666666666,5,5,TAGAGCACTTGAGACTCGAT,0,4834434
ygfKp,0.16666666666666666,5,5,TAGAGAATAAGCCAGAGCTG,0,4831898
ygfKp,0.16666666666666666,5,5,TAGAATAGCAGGAGGTGCGA,0,4840674
ygfKp,0.16666666666666666,5,5,TAGAAAAAACCCATACGGTG,0,4832895
ygfKp,0.16666666666666666,5,5,TACTGCGCCATGAAAGTAGC,0,4818668
ygfKp,0.16666666666666666,5,5,TACGTAAATGGCTGCTAAAA,0,4861666
ygfKp,0.16666666666666666,5,5,TACGGCACTGAGCTAGGTTT,0,4840599
ygfKp,0.16666666666666666,5,5,TACCCGGGAGGGGTAGGTAT,0,4836353
ygfKp,0.16666666666666666,5,5,TACCATACCTCTGCTCTGAC,0,4842701
ygfKp,0.16666666666666666,5,5,TACACCGCGTATGAGACTGT,0,4824581
ygfKp,0.16666666666666666,5,5,TACACCAATCCTTAATAGAA,0,4819356
ygfKp,0.16666666666666666,5,5,TAAGTGTTAAGGGAAATTCA,0,4826042
ygfKp,0.16666666666666666,5,5,TAAGGCTGCGCGAAAGGGCC,0,4833481
ygfKp,0.16666666666666666,5,5,TAAGCTGATCGCAGTCGCCT,0,4852552
ygfKp,0.16666666666666666,5,5,TAACTTTTCCAGGCAAGTGT,0,4831357
ygfKp,0.16666666666666666,5,5,TAACCTGAGGTTATCCGGAA,0,4857562
ygfKp,0.16666666666666666,5,5,TAACAAGCTCGAGGCATCAG,0,4858669
ygfKp,0.16666666666666666,5,5,TAACAAGCCAATATAGAAGC,0,4833628
ygfKp,0.16666666666666666,5,5,TAAAGGGGATACCTCGAGAA,0,4849477
ygfKp,0.16666666666666666,5,5,TAAACGTCAAATGGCGGTAT,0,4863577
ygfKp,0.16666666666666666,5,5,GTTTTACAACCTACAAGTAT,0,4822912
ygfKp,0.16666666666666666,5,5,GTTTGCAAACAAATCGCTCG,0,4831905
ygfKp,0.16666666666666666,5,5,GTTTGACCGGTGAAGTGGGG,0,4826933
ygfKp,0.16666666666666666,5,5,GTTTACCGCTGGCTCAGGCA,0,4818842
ygfKp,0.16666666666666666,5,5,GTTGGTGCAGGCGTTTAAGG,0,4861596
ygfKp,0.16666666666666666,5,5,GTTGAACTGGGGGCCAACCC,0,4818435
ygfKp,0.16666666666666666,5,5,GTTCGCTTGCCGAGACGTAA,0,4825188
ygfKp,0.16666666666666666,5,5,GTTCGAACAAGAGTATTTTG,0,4848089
ygfKp,0.16666666666666666,5,5,GTTCAGGTGCGCATATCAAG,0,4851005
ygfKp,0.16666666666666666,5,5,GTTCAGCAAATCCCTCGGTG,0,4852779
ygfKp,0.16666666666666666,5,5,GTTACTCTATTCGAAAGGTG,0,4862362
ygfKp,0.16666666666666666,5,5,GTTAACATGGGGCAGGGCTG,0,4846091
ygfKp,0.16666666666666666,5,5,GTGTTTACGATTACGTGTTG,0,4843688
ygfKp,0.16666666666666666,5,5,GTGTAACCGATTGCACATGA,0,4841048
ygfKp,0.16666666666666666,5,5,GTGGTGCACGTCTCGGGCTA,0,4860326
ygfKp,0.16666666666666666,5,5,GTGGGAGCAGGCAATTGAGG,0,4839492
ygfKp,0.16666666666666666,5,5,GTGGCAGTGCTGAGGCCTCT,0,4827297
ygfKp,0.16666666666666666,5,5,GTGGAGCCCGCCCAAGGTCT,0,4840467
ygfKp,0.16666666666666666,5,5,GTGAGTAGTCGCTAAGTTAG,0,4862566
ygfKp,0.16666666666666666,5,5,GTCCTGGAGTGACACCACAA,0,4839031
ygfKp,0.16666666666666666,5,5,GTCCTGAAGGGGCTAAAAAC,0,4854926
ygfKp,0.16666666666666666,5,5,GTCCGGGTGGCGCTGCGCAT,0,4820255
ygfKp,0.16666666666666666,5,5,GTCCGCTATCAGGTGTGGGT,0,4817723
ygfKp,0.16666666666666666,5,5,GTCACAGCTCGACCGTCAGT,0,4825136
ygfKp,0.16666666666666666,5,5,GTCACAGCCATGATCGACGT,0,4821279
ygfKp,0.16666666666666666,5,5,GTCAAGATACTTTGAAAGCG,0,4848055
ygfKp,0.16666666666666666,5,5,GTCAAAAGGTTTACACAAGA,0,4825839
ygfKp,0.16666666666666666,5,5,GTATTTCCGGCTTCTGCTTA,0,4820737
ygfKp,0.16666666666666666,5,5,GTATGGTTGGTTTTGAGTCC,0,4859560
ygfKp,0.16666666666666666,5,5,GTAGCGTCTCGGTACTCGCT,0,4823498
ygfKp,0.16666666666666666,5,5,GTAGATTCGGCGCGCTTTTG,0,4827219
ygfKp,0.16666666666666666,5,5,GTAGAGCGACGCTGGTTCAG,0,4819989
ygfKp,0.16666666666666666,5,5,GTAATTTCGCGTCGGTATAC,0,4854924
ygfKp,0.16666666666666666,5,5,GTAATCGGTCCTGTGCGCCA,0,4820647
ygfKp,0.16666666666666666,5,5,GTAACAAGCCCTATATTCGT,0,4819968
ygfKp,0.16666666666666666,5,5,GGTTCATAATACACGCCTCA,0,4853148
ygfKp,0.16666666666666666,5,5,GGTCGGCAGTAGGGGAAATT,0,4842141
ygfKp,0.16666666666666666,5,5,GGTCCGGAACGTTCACTCGA,0,4835791
ygfKp,0.16666666666666666,5,5,GGTCCCACCTTAGGGACCAT,0,4820464
ygfKp,0.16666666666666666,5,5,GGTACGGCCTTGTGAACTTG,0,4826256
ygfKp,0.16666666666666666,5,5,GGTACGCTTTAGTATGTCAC,0,4825197
ygfKp,0.16666666666666666,5,5,GGGTTCCGGAACGCAAGGTC,0,4857966
ygfKp,0.16666666666666666,5,5,GGGTCTCCCGTTTCGTCTAC,0,4848319
ygfKp,0.16666666666666666,5,5,GGGTCATCACTCCGCATCAG,0,4831623
ygfKp,0.16666666666666666,5,5,GGGTCATATAAGGGTTCTCT,0,4830796
ygfKp,0.16666666666666666,5,5,GGGTACCAGTGCTTATTGGG,0,4862357
ygfKp,0.16666666666666666,5,5,GGGGTACCTGCGTGTGGGGT,0,4856842
ygfKp,0.16666666666666666,5,5,GGGGGTGTCCCCAAGTACCC,0,4824338
ygfKp,0.16666666666666666,5,5,GGGGGCAACTCCACCCGCGG,0,4844675
ygfKp,0.16666666666666666,5,5,GGGGACCGCACGGCTTTCCA,0,4841681
ygfKp,0.16666666666666666,5,5,GGCTGGTAACTGGGAGTCTA,0,4849181
ygfKp,0.16666666666666666,5,5,GGCTGCCGTGCTCTGTCGAA,0,4832890
ygfKp,0.16666666666666666,5,5,GGCGTTGATCGTACTCGGCC,0,4856747
ygfKp,0.16666666666666666,5,5,GGCGCTCCTCGCCCACGATG,0,4841687
ygfKp,0.16666666666666666,5,5,GGCCAGGCCAGACTGTGATT,0,4835530
ygfKp,0.16666666666666666,5,5,GGCCACTCTCGTAGCAGTTA,0,4844235
ygfKp,0.16666666666666666,5,5,GGCAGCACGTGTCGCACTGG,0,4843165
ygfKp,0.16666666666666666,5,5,GGCACCTGTAGGACGCTGTT,0,4821898
ygfKp,0.16666666666666666,5,5,GGATTTACTGCCGACATATA,0,4836641
ygfKp,0.16666666666666666,5,5,GGATGTTCCTAAGGGTCTGT,0,4817153
ygfKp,0.16666666666666666,5,5,GGAGATTAACAGGAACTTGG,0,4833069
ygfKp,0.16666666666666666,5,5,GGACGCCATGTAGGAATACC,0,4819399
ygfKp,0.16666666666666666,5,5,GGACCAACCTATGAGTGTTA,0,4844040
ygfKp,0.16666666666666666,5,5,GCTTGTGGGCCACAGAAGCT,0,4861603
ygfKp,0.16666666666666666,5,5,GCTTGATGAGCTGAACGAGT,0,4828870
ygfKp,0.16666666666666666,5,5,GCTTACCGACAGTACGAATC,0,4854480
ygfKp,0.16666666666666666,5,5,GCTGTAATTTCGTTAAAACT,0,4851077
ygfKp,0.16666666666666666,5,5,GCTCCAACGCTGGTTCCTAC,0,4847789
ygfKp,0.16666666666666666,5,5,GCTCATGTTTCCGGCGGGGG,0,4821420
ygfKp,0.16666666666666666,5,5,GCTATTTGGACAGCCAGCTC,0,4843424
ygfKp,0.16666666666666666,5,5,GCTATCAACCCGACGCCACA,0,4848811
ygfKp,0.16666666666666666,5,5,GCTACGTTAGATCTTGGAGT,0,4827573
ygfKp,0.16666666666666666,5,5,GCGTTTCCGCAGTAGACTAT,0,4828323
ygfKp,0.16666666666666666,5,5,GCGTCCCCTTCCTCGTACAT,0,4841205
ygfKp,0.16666666666666666,5,5,GCGTATCATTCTCCTTAATT,0,4855006
ygfKp,0.16666666666666666,5,5,GCGTATACGGAATGGATTTA,0,4845761
ygfKp,0.16666666666666666,5,5,GCGCTCCAGCATCCGCGACC,0,4825507
ygfKp,0.16666666666666666,5,5,GCGCGTAGGTTCATATCGTT,0,4859676
ygfKp,0.16666666666666666,5,5,GCGCCCGGACAGAATTTCCG,0,4817264
ygfKp,0.16666666666666666,5,5,GCGCACTTATCCGGAGGTCA,0,4837704
ygfKp,0.16666666666666666,5,5,GCGCACTGTGGACATAGTGC,0,4827260
ygfKp,0.16666666666666666,5,5,GCGCACAGGGCTTGGATCGA,0,4847575
ygfKp,0.16666666666666666,5,5,GCCTTGATTACCAGAGTCCA,0,4856210
ygfKp,0.16666666666666666,5,5,GCCCGTACATGTCGAGGCTT,0,4863104
ygfKp,0.16666666666666666,5,5,GCCCGGCAATGGGAATAGGC,0,4840032
ygfKp,0.16666666666666666,5,5,GCCCCGCCATCACGTGGCTT,0,4824629
ygfKp,0.16666666666666666,5,5,GCCAATACCCGCCAACCTGT,0,4860334
ygfKp,0.16666666666666666,5,5,GCATGCAGGACAATGACGAA,0,4822487
ygfKp,0.16666666666666666,5,5,GCATAAATCAAGACACATAT,0,4830540
ygfKp,0.16666666666666666,5,5,GCAGTTAGCGCTATAGGGTT,0,4819704
ygfKp,0.16666666666666666,5,5,GCAGCTGAACTTTTCATTGT,0,4842170
ygfKp,0.16666666666666666,5,5,GCACTGCTACCGGTTTACGC,0,4851678
ygfKp,0.16666666666666666,5,5,GCACCAGCGGTTGGGCCTGA,0,4860103
ygfKp,0.16666666666666666,5,5,GCAATTGCCCATAATAAAGT,0,4841484
ygfKp,0.16666666666666666,5,5,GCAATATGGCGATGGCGCGC,0,4844848
ygfKp,0.16666666666666666,5,5,GCAATAAGTGATCTGTCAGT,0,4859683
ygfKp,0.16666666666666666,5,5,GCAAAGAGAGTATGATGTGA,0,4835040
ygfKp,0.16666666666666666,5,5,GATTTATCCAACGTCACATT,0,4833575
ygfKp,0.16666666666666666,5,5,GATTACGCCGACAAACCTTA,0,4861969
ygfKp,0.16666666666666666,5,5,GATGTTTATAGAACCCACAA,0,4839738
ygfKp,0.16666666666666666,5,5,GATGGCATCATGGCTGGTCT,0,4822176
ygfKp,0.16666666666666666,5,5,GATGCCAGGCCCATGGTCCC,0,4835149
ygfKp,0.16666666666666666,5,5,GATGCAGGAACAGTCAACTA,0,4855023
ygfKp,0.16666666666666666,5,5,GATCATAAACATTCTAGTCT,0,4839019
ygfKp,0.16666666666666666,5,5,GATACTCGTATGAACGTCGC,0,4833815
ygfKp,0.16666666666666666,5,5,GATAAACGGCCCGATCGGCT,0,4842480
ygfKp,0.16666666666666666,5,5,GAGTAGAACCCCGTTATCGG,0,4826926
ygfKp,0.16666666666666666,5,5,GAGGCCCACCTCGACAAGTG,0,4847690
ygfKp,0.16666666666666666,5,5,GAGGATCCCCTAGATCCAGC,0,4849265
ygfKp,0.16666666666666666,5,5,GAGGACTTTCGCTTGTACGT,0,4844957
ygfKp,0.16666666666666666,5,5,GAGGACTTGAGCCTCCACAA,0,4847866
ygfKp,0.16666666666666666,5,5,GAGCTAAATATCCCGATCAA,0,4840606
ygfKp,0.16666666666666666,5,5,GAGCACCTTTGGATCGCAGT,0,4840095
ygfKp,0.16666666666666666,5,5,GAGCAACAAGCAATGTTTAC,0,4818707
ygfKp,0.16666666666666666,5,5,GACTTGCAAAGTTGACAAAG,0,4846784
ygfKp,0.16666666666666666,5,5,GACTTAGCAAAAACTTCTAA,0,4823936
ygfKp,0.16666666666666666,5,5,GACTGGATGCCACCAGGAAT,0,4858766
ygfKp,0.16666666666666666,5,5,GACGGTACCGGGGGTCGAAC,0,4843924
ygfKp,0.16666666666666666,5,5,GACGGCATCCAAGTGATGAT,0,4825820
ygfKp,0.16666666666666666,5,5,GACGAAACCGGGTAAGGTGT,0,4860486
ygfKp,0.16666666666666666,5,5,GACCGACCTACGAAAATTGC,0,4822005
ygfKp,0.16666666666666666,5,5,GACATCAGTATTGATACCAC,0,4862047
ygfKp,0.16666666666666666,5,5,GACAGGGAAGGGATGTATTT,0,4827528
ygfKp,0.16666666666666666,5,5,GAATCCTTAGTTATCGATAG,0,4831162
ygfKp,0.16666666666666666,5,5,GAATATTTAATCATCGATCA,0,4855255
ygfKp,0.16666666666666666,5,5,GAATAAGCGCCTGGGTCACC,0,4830508
ygfKp,0.16666666666666666,5,5,GAAGCTGGTTGAAATTCCAG,0,4837902
ygfKp,0.16666666666666666,5,5,GAAGAACGTTAAATCGATAA,0,4823887
ygfKp,0.16666666666666666,5,5,GAACTGGGCTGCATTCCCGT,0,4839328
ygfKp,0.16666666666666666,5,5,GAAATCAACGTGGTAGTTTC,0,4846448
ygfKp,0.16666666666666666,5,5,CTTTGTCAAGCAGCCGCCCC,0,4820712
ygfKp,0.16666666666666666,5,5,CTTTGGCGTGTCGGAGGACG,0,4836760
ygfKp,0.16666666666666666,5,5,CTTTGACCTCGATGTTTTTA,0,4820562
ygfKp,0.16666666666666666,5,5,CTTTCTGTGTACATCTCATG,0,4842947
ygfKp,0.16666666666666666,5,5,CTTGGGGGCCTGAGAGGGAC,0,4829785
ygfKp,0.16666666666666666,5,5,CTTGCAGTTCGAGCCACACA,0,4847096
ygfKp,0.16666666666666666,5,5,CTTGATCCGTCAAGACTAAA,0,4860380
ygfKp,0.16666666666666666,5,5,CTTGAGAGACCCAACGTTGT,0,4818731
ygfKp,0.16666666666666666,5,5,CTTGACTGTAATGCTATAGT,0,4838702
ygfKp,0.16666666666666666,5,5,CTTCAAAATATCAACATCAG,0,4829766
ygfKp,0.16666666666666666,5,5,CTTATTACACCGGGTAGCCT,0,4843124
ygfKp,0.16666666666666666,5,5,CTTATCGGTAGGGGGACTGA,0,4837277
ygfKp,0.16666666666666666,5,5,CTGTTAGGGTTAATCGATGG,0,4857404
ygfKp,0.16666666666666666,5,5,CTGTCGCCCAGCGAATGTCT,0,4833072
ygfKp,0.16666666666666666,5,5,CTGGTTTAAAACTATTAGTT,0,4842790
ygfKp,0.16666666666666666,5,5,CTGGGCATTCGAAGGCGACC,0,4855949
ygfKp,0.16666666666666666,5,5,CTGGGACACCTTATCATTGA,0,4823699
ygfKp,0.16666666666666666,5,5,CTGGCTTTAGATAATTGGGG,0,4823410
ygfKp,0.16666666666666666,5,5,CTGCTGGGTAACGTGGTTCA,0,4825923
ygfKp,0.16666666666666666,5,5,CTGCGTGTCGTAAATCTGGT,0,4837740
ygfKp,0.16666666666666666,5,5,CTGCGGGTCTGAGATCACCC,0,4839026
ygfKp,0.16666666666666666,5,5,CTGCATGCGATGGATTAGGT,0,4824019
ygfKp,0.16666666666666666,5,5,CTGCATCTCCCGGGGATTGA,0,4855758
ygfKp,0.16666666666666666,5,5,CTGACCGCAAACCCTTTCTA,0,4825877
ygfKp,0.16666666666666666,5,5,CTCGTGTAAGTAGCCGACGA,0,4826077
ygfKp,0.16666666666666666,5,5,CTCGCATCGTCCATTGCACA,0,4841248
ygfKp,0.16666666666666666,5,5,CTCAACGCGTAACTACTCTC,0,4848900
ygfKp,0.16666666666666666,5,5,CTCAAATCACCTCCGTTGAT,0,4822797
ygfKp,0.16666666666666666,5,5,CTATTTTTAGCGGGACACAC,0,4841225
ygfKp,0.16666666666666666,5,5,CTATTAATCGCCCCGCTACA,0,4847694
ygfKp,0.16666666666666666,5,5,CTATACGCCAATTCGTCCAT,0,4841836
ygfKp,0.16666666666666666,5,5,CTAGGCTTGATTCACTCTTC,0,4824852
ygfKp,0.16666666666666666,5,5,CTACTCTTCACATCCGGCGA,0,4841437
ygfKp,0.16666666666666666,5,5,CTAATTTAGGTGGTACATCG,0,4842366
ygfKp,0.16666666666666666,5,5,CTAATTACACGCCTTTGAAA,0,4839221
ygfKp,0.16666666666666666,5,5,CTAAGTTGCTGCATGTGTAC,0,4844221
ygfKp,0.16666666666666666,5,5,CTAAGTTAATGATTGACTCT,0,4829858
ygfKp,0.16666666666666666,5,5,CTAAGGGTCTCGGCGGGATC,0,4857540
ygfKp,0.16666666666666666,5,5,CTAAGGCAGTTAAAGACCGT,0,4829124
ygfKp,0.16666666666666666,5,5,CTAAGCCTCTTCCTCGCCGT,0,4833299
ygfKp,0.16666666666666666,5,5,CTAAAACGACAATACGGTCT,0,4850388
ygfKp,0.16666666666666666,5,5,CGTTCAACGGGAACTACCAG,0,4836841
ygfKp,0.16666666666666666,5,5,CGTGTCGAAATGTAAGGATA,0,4819330
ygfKp,0.16666666666666666,5,5,CGTGTAGGAAGACCCTCCAG,0,4861897
ygfKp,0.16666666666666666,5,5,CGTGCGGCGTAGGTTTCCTC,0,4854585
ygfKp,0.16666666666666666,5,5,CGTGCCTGCGCTCACTGAAA,0,4824732
ygfKp,0.16666666666666666,5,5,CGTGACCGTGGCACTAGCTC,0,4831605
ygfKp,0.16666666666666666,5,5,CGTCGGCGTGGAGAGCCTGA,0,4847050
ygfKp,0.16666666666666666,5,5,CGTCATTTTTATCAGAACAC,0,4831597
ygfKp,0.16666666666666666,5,5,CGGGTCAACCGTACGTCTGA,0,4834987
ygfKp,0.16666666666666666,5,5,CGGCGGACGCCTGCACGGCT,0,4839732
ygfKp,0.16666666666666666,5,5,CGGCCCGGAGAGTTAACATC,0,4833075
ygfKp,0.16666666666666666,5,5,CGGATCTTTCGTCACATTGC,0,4827518
ygfKp,0.16666666666666666,5,5,CGGAGGAAAACTACAGCGTA,0,4857418
ygfKp,0.16666666666666666,5,5,CGGAGACACCCGTACTGAGG,0,4838100
ygfKp,0.16666666666666666,5,5,CGCTTTCTAGCCCACATGTT,0,4850222
ygfKp,0.16666666666666666,5,5,CGCGTCAATTGCCGCTTCAT,0,4841453
ygfKp,0.16666666666666666,5,5,CGCCTGAACGTTAAAATACA,0,4836419
ygfKp,0.16666666666666666,5,5,CGCCCGCCGCATTTGTAAGA,0,4848954
ygfKp,0.16666666666666666,5,5,CGCCAGCGTGATCCTTTACA,0,4849565
ygfKp,0.16666666666666666,5,5,CGCCAAACGAAATTTCCTAG,0,4838568
ygfKp,0.16666666666666666,5,5,CGCATATAAGGAGTTCCAGC,0,4833803
ygfKp,0.16666666666666666,5,5,CGCACCCGAGGATTGAAATC,0,4853785
ygfKp,0.16666666666666666,5,5,CGCACCCCGCGAAGCAATGG,0,4817807
ygfKp,0.16666666666666666,5,5,CGCACAACACGGTACCGAGA,0,4841939
ygfKp,0.16666666666666666,5,5,CGCAACCAAGCCGCGGGCTC,0,4834994
ygfKp,0.16666666666666666,5,5,CGCAACAGTGTTGAGTACAT,0,4819061
ygfKp,0.16666666666666666,5,5,CGCAAACTGGTAATCAAGAT,0,4835981
ygfKp,0.16666666666666666,5,5,CGCAAACCTCGGTTTACTGT,0,4820051
ygfKp,0.16666666666666666,5,5,CGATTTAGCGGTTGATGAGG,0,4841692
ygfKp,0.16666666666666666,5,5,CGATTTAAAGTATTTCTTCA,0,4851916
ygfKp,0.16666666666666666,5,5,CGATGGTTTTCGACCGTGGA,0,4828057
ygfKp,0.16666666666666666,5,5,CGATCTGGACACCCAGGCGG,0,4819006
ygfKp,0.16666666666666666,5,5,CGATCCGCACAAGGCTATGG,0,4834631
ygfKp,0.16666666666666666,5,5,CGATAAAGACGATCATGTAC,0,4818336
ygfKp,0.16666666666666666,5,5,CGAGCTAAACCACCGCCCCC,0,4828305
ygfKp,0.16666666666666666,5,5,CGAGACGTTCTCCAATCACT,0,4838887
ygfKp,0.16666666666666666,5,5,CGACACGTTAGGGATGTCGG,0,4847619
ygfKp,0.16666666666666666,5,5,CGAAGCTCTGCCGCTCGTCG,0,4828104
ygfKp,0.16666666666666666,5,5,CGAAGATGGACCCTTAGGCG,0,4819054
ygfKp,0.16666666666666666,5,5,CGAACGAATGGTCTACCCTA,0,4854055
ygfKp,0.16666666666666666,5,5,CCTTGGTCCGTTATCATAAC,0,4836171
ygfKp,0.16666666666666666,5,5,CCTTGGCAGGCACTTCCAAG,0,4825805
ygfKp,0.16666666666666666,5,5,CCTGTCAGAGCTTTATTAAC,0,4852790
ygfKp,0.16666666666666666,5,5,CCTGGTTAATCTATGCTGTA,0,4854989
ygfKp,0.16666666666666666,5,5,CCTGGACAACGGCTCTATAC,0,4846284
ygfKp,0.16666666666666666,5,5,CCTGCCATTGGCCAACGCCT,0,4833073
ygfKp,0.16666666666666666,5,5,CCTGCAGTTCGCCCCCGACA,0,4849536
ygfKp,0.16666666666666666,5,5,CCTCTGCTATAGTGGCTAAA,0,4860055
ygfKp,0.16666666666666666,5,5,CCTAAACATGAAAGAGGGCC,0,4833972
ygfKp,0.16666666666666666,5,5,CCGTAAATCACATATGGTAC,0,4817739
ygfKp,0.16666666666666666,5,5,CCGGTTGGATAGCAGTAGTT,0,4832323
ygfKp,0.16666666666666666,5,5,CCGGGGGCAAATTAGTGTAA,0,4841447
ygfKp,0.16666666666666666,5,5,CCGGCTTCCGGGCAGGTCTG,0,4832525
ygfKp,0.16666666666666666,5,5,CCGCGATGTCGCCTAGCGGT,0,4824611
ygfKp,0.16666666666666666,5,5,CCGCCCCCTTCTGTCTTGGC,0,4835968
ygfKp,0.16666666666666666,5,5,CCGCCCCCCAAGACTCGTTA,0,4852806
ygfKp,0.16666666666666666,5,5,CCGCAAAATTAAGTTAACTG,0,4831460
ygfKp,0.16666666666666666,5,5,CCGATTCCTGCGGTCGATGC,0,4820887
ygfKp,0.16666666666666666,5,5,CCGATGTAGTCCCTGAGACT,0,4817549
ygfKp,0.16666666666666666,5,5,CCGAGTTACTAGGTGATAAT,0,4846572
ygfKp,0.16666666666666666,5,5,CCGAGCCTATCGAGGCACGA,0,4822872
ygfKp,0.16666666666666666,5,5,CCGACCTTGCATACATCTCT,0,4822184
ygfKp,0.16666666666666666,5,5,CCGACCACGGCAAGACAGTA,0,4843386
ygfKp,0.16666666666666666,5,5,CCGAATTACTGCTGATCTTA,0,4848435
ygfKp,0.16666666666666666,5,5,CCGAAGCACATGCGGTCTGC,0,4828368
ygfKp,0.16666666666666666,5,5,CCCTTTCTTTCGTGCTGACA,0,4829432
ygfKp,0.16666666666666666,5,5,CCCGAAGAATTAAGCCGTGG,0,4849794
ygfKp,0.16666666666666666,5,5,CCCGAACGATTCCCCCTATA,0,4820736
ygfKp,0.16666666666666666,5,5,CCCCTCACTTGGCTAGGGCA,0,4845193
ygfKp,0.16666666666666666,5,5,CCCCCAACAAACACCGAAAA,0,4818454
ygfKp,0.16666666666666666,5,5,CCCCAATACTGGCGGCTAAG,0,4822916
ygfKp,0.16666666666666666,5,5,CCCCAAGGGGGCTGCCAAGA,0,4830418
ygfKp,0.16666666666666666,5,5,CCCCAACTTGTCCCCACCGG,0,4829026
ygfKp,0.16666666666666666,5,5,CCCATATGCCGCGACCCTTG,0,4852533
ygfKp,0.16666666666666666,5,5,CCCATAAACGGGGCAAGGGG,0,4833447
ygfKp,0.16666666666666666,5,5,CCCAGTGGACGGATGGGTGG,0,4836072
ygfKp,0.16666666666666666,5,5,CCCACACGAGGTATTCGCAA,0,4840738
ygfKp,0.16666666666666666,5,5,CCATGCGGGTCAAAGTCAAG,0,4818183
ygfKp,0.16666666666666666,5,5,CCACTGGCAATAGAGTGCTC,0,4826911
ygfKp,0.16666666666666666,5,5,CCACAGGGTGGAGCTCGGTC,0,4817257
ygfKp,0.16666666666666666,5,5,CCACACCGGGTAGATTACGA,0,4833605
ygfKp,0.16666666666666666,5,5,CCACAAGAACGAATGCCACT,0,4819534
ygfKp,0.16666666666666666,5,5,CCAATAATTCCGCCCTATAT,0,4836425
ygfKp,0.16666666666666666,5,5,CCAAGCAATGCTCAAGACAC,0,4856350
ygfKp,0.16666666666666666,5,5,CATTCATTTTTGTAAGTGCT,0,4842573
ygfKp,0.16666666666666666,5,5,CATGTTAGAGGGAGTAGGAA,0,4826605
ygfKp,0.16666666666666666,5,5,CATCGACTTACCAGCAAATC,0,4841086
ygfKp,0.16666666666666666,5,5,CATCCGAGGGCAAGAATAGA,0,4836078
ygfKp,0.16666666666666666,5,5,CATAGCGCGGTCGCCGTCGT,0,4823321
ygfKp,0.16666666666666666,5,5,CATACTCGGGTGTGGTCATG,0,4841712
ygfKp,0.16666666666666666,5,5,CAGTCCTCTAGGGGGTACAT,0,4824027
ygfKp,0.16666666666666666,5,5,CAGGTTAATTTTACTGGGTT,0,4824312
ygfKp,0.16666666666666666,5,5,CAGGTGTAAATGTTACATTA,0,4850744
ygfKp,0.16666666666666666,5,5,CAGGCTAGATCATTTCGTAG,0,4817360
ygfKp,0.16666666666666666,5,5,CAGCTGTACGTGAAGATGGA,0,4837440
ygfKp,0.16666666666666666,5,5,CAGCCGGATTCGCAGAAATG,0,4843849
ygfKp,0.16666666666666666,5,5,CAGCATGAGACGCACTTCAG,0,4863586
ygfKp,0.16666666666666666,5,5,CAGCATCCTTAGGTACCCAA,0,4818015
ygfKp,0.16666666666666666,5,5,CAGATCGATACTAGGGTCTA,0,4841208
ygfKp,0.16666666666666666,5,5,CAGATAAGTGGGGTTGGTCG,0,4817658
ygfKp,0.16666666666666666,5,5,CAGAATGAGCCCCTAAAGAC,0,4826464
ygfKp,0.16666666666666666,5,5,CACTTGCGGCCCGCTCACAC,0,4851087
ygfKp,0.16666666666666666,5,5,CACTGATGCCGGTGAGCTCA,0,4853623
ygfKp,0.16666666666666666,5,5,CACGTAATGAGGCGGCACAT,0,4853180
ygfKp,0.16666666666666666,5,5,CACGCTTACGAACGAGGGTA,0,4840719
ygfKp,0.16666666666666666,5,5,CACCCACGTAAGGCCTCGGG,0,4853926
ygfKp,0.16666666666666666,5,5,CACACTTAGATTCCGGCAAG,0,4844240
ygfKp,0.16666666666666666,5,5,CACACTGTGGTGTGTCGCTG,0,4857542
ygfKp,0.16666666666666666,5,5,CAATCTAATACAATAGAAAC,0,4836359
ygfKp,0.16666666666666666,5,5,CAATCCCACAACGTGGCGCC,0,4839004
ygfKp,0.16666666666666666,5,5,CAAGCAAGGCACTACTTAGG,0,4828532
ygfKp,0.16666666666666666,5,5,CAAGACGAAAGTGCACCAGA,0,4855304
ygfKp,0.16666666666666666,5,5,CAACGAACCTCGGATCATTG,0,4829133
ygfKp,0.16666666666666666,5,5,CAAAGCAACTCGTCCTCCTA,0,4817380
ygfKp,0.16666666666666666,5,5,ATTTGCTTTGAATAGTCTCC,0,4861679
ygfKp,0.16666666666666666,5,5,ATTTCTCGGAAGTCATTAAA,0,4830627
ygfKp,0.16666666666666666,5,5,ATTTCCGCCCGTTAAAAAAA,0,4841454
ygfKp,0.16666666666666666,5,5,ATTTACGACGGCTTACGGCT,0,4819413
ygfKp,0.16666666666666666,5,5,ATTGCAGACAGACAGGCAGC,0,4855224
ygfKp,0.16666666666666666,5,5,ATTGAACCCGTGGTAGGAAA,0,4822254
ygfKp,0.16666666666666666,5,5,ATTCCTGCCCAAGCCTAGGT,0,4849005
ygfKp,0.16666666666666666,5,5,ATTCCGCCTGGTGCCGGGAG,0,4828188
ygfKp,0.16666666666666666,5,5,ATTCAGCCGCTTTTACCTGC,0,4854219
ygfKp,0.16666666666666666,5,5,ATTACGGGCTCCGCCCGAAA,0,4849176
ygfKp,0.16666666666666666,5,5,ATTACATATTCTCGGAGGAA,0,4824928
ygfKp,0.16666666666666666,5,5,ATTACACCGTTCTAATGACT,0,4817386
ygfKp,0.16666666666666666,5,5,ATTAATCACATGCTAGGAGG,0,4828939
ygfKp,0.16666666666666666,5,5,ATGTTCTCAGATCACGAAGT,0,4823901
ygfKp,0.16666666666666666,5,5,ATGTTCAGACACTGAGCAAA,0,4848824
ygfKp,0.16666666666666666,5,5,ATGTGATTTGGATATAACGT,0,4847102
ygfKp,0.16666666666666666,5,5,ATGTCACGTAGCAGTATGTA,0,4829213
ygfKp,0.16666666666666666,5,5,ATGGGTGTGTCTTTGGATGT,0,4853750
ygfKp,0.16666666666666666,5,5,ATGGCTATTCTGTACATTGA,0,4833618
ygfKp,0.16666666666666666,5,5,ATGCGGCTGCTCCAAAACAG,0,4843613
ygfKp,0.16666666666666666,5,5,ATGCCGAATAATGCGGCAGA,0,4822597
ygfKp,0.16666666666666666,5,5,ATGCCCTGGCTAGGGTCGCT,0,4839598
ygfKp,0.16666666666666666,5,5,ATGCCCTGCGCGTCGTGCAA,0,4845267
ygfKp,0.16666666666666666,5,5,ATGCCCGTTTTCCCTGTGTC,0,4834476
ygfKp,0.16666666666666666,5,5,ATGACGGTTCTGCTCGCGAC,0,4833624
ygfKp,0.16666666666666666,5,5,ATGAATAGTTACAACCAGAC,0,4862035
ygfKp,0.16666666666666666,5,5,ATCTTTCCTACTGGCGGTAC,0,4833904
ygfKp,0.16666666666666666,5,5,ATCTTGGAATACTTATTGTC,0,4833941
ygfKp,0.16666666666666666,5,5,ATCTTCGTGTACGTGGACAG,0,4835128
ygfKp,0.16666666666666666,5,5,ATCTATCCGGCTTATGGATT,0,4848311
ygfKp,0.16666666666666666,5,5,ATCTACCTACGAGGGTCGGC,0,4833206
ygfKp,0.16666666666666666,5,5,ATCTAATACGCCGACTCATA,0,4832080
ygfKp,0.16666666666666666,5,5,ATCGTTTAGGCAGGAACAGA,0,4843190
ygfKp,0.16666666666666666,5,5,ATCGGTATGTAAATTCGTGA,0,4831463
ygfKp,0.16666666666666666,5,5,ATCCACCAACAGTCCGGCTG,0,4824368
ygfKp,0.16666666666666666,5,5,ATCAGGGGGGGCAGGTCTCA,0,4858565
ygfKp,0.16666666666666666,5,5,ATATTCAAGATGCACGACTA,0,4844744
ygfKp,0.16666666666666666,5,5,ATATTACGGCGGGTTCGCCA,0,4848332
ygfKp,0.16666666666666666,5,5,ATAGGTAAGTCTACTTAACC,0,4852249
ygfKp,0.16666666666666666,5,5,ATAGCCGTTAAGTACTGGGT,0,4850254
ygfKp,0.16666666666666666,5,5,ATAGATAGTTACGACAGGGT,0,4820609
ygfKp,0.16666666666666666,5,5,ATAGAGAGGTGCGTGGGTCT,0,4833721
ygfKp,0.16666666666666666,5,5,ATACCAGTTCTGTATGAAGG,0,4854496
ygfKp,0.16666666666666666,5,5,ATACAACGTGTTTTTCACTG,0,4837075
ygfKp,0.16666666666666666,5,5,ATAATGGGTCAATTGCGTGT,0,4846873
ygfKp,0.16666666666666666,5,5,AGTTTCTGTAGGGAGAAAAC,0,4840818
ygfKp,0.16666666666666666,5,5,AGTTCTGCTACGGTGCTGAC,0,4836174
ygfKp,0.16666666666666666,5,5,AGTTCAACCTGTTTCGAGGT,0,4852864
ygfKp,0.16666666666666666,5,5,AGTTAGGTCGCGTGTAGAGG,0,4837454
ygfKp,0.16666666666666666,5,5,AGTGTCCGTTCCAAAGGCTC,0,4825283
ygfKp,0.16666666666666666,5,5,AGTGCAGGCGTTAAACTTAT,0,4853677
ygfKp,0.16666666666666666,5,5,AGTGACTCACAGCACGCGTG,0,4853925
ygfKp,0.16666666666666666,5,5,AGTCTAAATGCTGATGAATT,0,4855281
ygfKp,0.16666666666666666,5,5,AGTCGTTGCTGCGTGTCAGC,0,4859491
ygfKp,0.16666666666666666,5,5,AGTCGAGTAATGACGTCTAA,0,4839602
ygfKp,0.16666666666666666,5,5,AGTCACGCTTGTAAGTCGCC,0,4852530
ygfKp,0.16666666666666666,5,5,AGTCACGATCTCTACACGAC,0,4841686
ygfKp,0.16666666666666666,5,5,AGTAGGGTAGGGGACCCTAC,0,4837563
ygfKp,0.16666666666666666,5,5,AGTACCGTGGGAGGTGCTGC,0,4860200
ygfKp,0.16666666666666666,5,5,AGTAAGCAGTAACGTGCTCG,0,4844758
ygfKp,0.16666666666666666,5,5,AGGTTACCCATTTTCATTGT,0,4824042
ygfKp,0.16666666666666666,5,5,AGGTTAATTTCATTGATCTA,0,4858349
ygfKp,0.16666666666666666,5,5,AGGTGTCAAAACTAACGGTA,0,4839564
ygfKp,0.16666666666666666,5,5,AGGTCGTGCCTTGGCGCCGA,0,4845040
ygfKp,0.16666666666666666,5,5,AGGGGTATATAATAACGATA,0,4845430
ygfKp,0.16666666666666666,5,5,AGGGCACTTGCTAGCTGGTA,0,4832089
ygfKp,0.16666666666666666,5,5,AGCTTTTCACTGCGGGTACA,0,4824133
ygfKp,0.16666666666666666,5,5,AGCTTTCTAACATGGTGAAA,0,4828909
ygfKp,0.16666666666666666,5,5,AGCGCGTAATGAATCGTCAA,0,4825869
ygfKp,0.16666666666666666,5,5,AGCGCAACCCGGGACGTGTA,0,4818875
ygfKp,0.16666666666666666,5,5,AGCATCAAGACCGCTTCCAG,0,4830707
ygfKp,0.16666666666666666,5,5,AGCAGAAATAGGTCGATCAC,0,4847068
ygfKp,0.16666666666666666,5,5,AGATGTAGGCGCCGAGCGTT,0,4824756
ygfKp,0.16666666666666666,5,5,AGAGGCCGCAATAGGACACC,0,4830880
ygfKp,0.16666666666666666,5,5,AGAGCAGATCAGCTCTGCTA,0,4856966
ygfKp,0.16666666666666666,5,5,AGACCGTGCCGAGTGCCCTC,0,4856581
ygfKp,0.16666666666666666,5,5,ACTGTGTCGAACGGCGCCCA,0,4855071
ygfKp,0.16666666666666666,5,5,ACTGTGATGGTGAAGGGGCT,0,4835928
ygfKp,0.16666666666666666,5,5,ACTGGGAGGAGCGCGTGATT,0,4856188
ygfKp,0.16666666666666666,5,5,ACTGGCCGCGTCCCTTGTAA,0,4819439
ygfKp,0.16666666666666666,5,5,ACTGGAAAACTGTGTTTGAT,0,4831544
ygfKp,0.16666666666666666,5,5,ACTGCATCCGTATACAGCCA,0,4841209
ygfKp,0.16666666666666666,5,5,ACTCGGAGGTTTCTAAGCAT,0,4833566
ygfKp,0.16666666666666666,5,5,ACTCCATCGTAAGTCTAGGA,0,4821573
ygfKp,0.16666666666666666,5,5,ACTCATTAGTATCAATATAA,0,4832555
ygfKp,0.16666666666666666,5,5,ACTAAGAATCCTAATCGTGT,0,4847184
ygfKp,0.16666666666666666,5,5,ACTAACTTCGAATTTTCGTT,0,4857967
ygfKp,0.16666666666666666,5,5,ACGTTGCCGGGTCGCGGTTG,0,4819556
ygfKp,0.16666666666666666,5,5,ACGTTCTGTTAGACTCGCGT,0,4825270
ygfKp,0.16666666666666666,5,5,ACGTGCGTATCCTCCGCTGC,0,4861010
ygfKp,0.16666666666666666,5,5,ACGTCTCTATAGGCGTGGCT,0,4825572
ygfKp,0.16666666666666666,5,5,ACGTACTTTGGAATCAATAT,0,4833620
ygfKp,0.16666666666666666,5,5,ACGGTTAGGTTTTCGAGCGG,0,4834629
ygfKp,0.16666666666666666,5,5,ACGGGGGTAAGTCGGGAGAT,0,4818863
ygfKp,0.16666666666666666,5,5,ACGGGGCACTGGTATCGGGA,0,4822058
ygfKp,0.16666666666666666,5,5,ACGGGCGTGACGTAACCCTG,0,4835733
ygfKp,0.16666666666666666,5,5,ACGGCCTGCCAATGTAGAAA,0,4841212
ygfKp,0.16666666666666666,5,5,ACGCCCCCCAGACGAGGCGA,0,4845966
ygfKp,0.16666666666666666,5,5,ACGACAGTGGTGTGTAGGCA,0,4855145
ygfKp,0.16666666666666666,5,5,ACGAAGGCTCGTTTCCGTAG,0,4817613
ygfKp,0.16666666666666666,5,5,ACCGGTGGGGGTTTCACTTG,0,4859870
ygfKp,0.16666666666666666,5,5,ACCCGCCGCCTTGACGTGAT,0,4839863
ygfKp,0.16666666666666666,5,5,ACCCCAATAAACGATTAGGC,0,4832148
ygfKp,0.16666666666666666,5,5,ACCCACTCGTCGGAGGAATA,0,4858184
ygfKp,0.16666666666666666,5,5,ACCCAAGCGTTTGCAAGGCA,0,4860340
ygfKp,0.16666666666666666,5,5,ACCATTCAAGTCACGTTGGA,0,4862551
ygfKp,0.16666666666666666,5,5,ACATACATGCATGTCGCAGT,0,4846512
ygfKp,0.16666666666666666,5,5,ACATAATACTGAAGCATTAT,0,4853158
ygfKp,0.16666666666666666,5,5,ACACCCCGGTTGATCTGTGC,0,4857537
ygfKp,0.16666666666666666,5,5,ACACACCGCCAATAGCCATT,0,4860369
ygfKp,0.16666666666666666,5,5,ACAATTTTGAGAACCAGAAG,0,4831693
ygfKp,0.16666666666666666,5,5,ACAAGGCCGGATGCGGATAT,0,4825509
ygfKp,0.16666666666666666,5,5,AATTCAACTCGTCGGTTCCG,0,4855189
ygfKp,0.16666666666666666,5,5,AATGTGGTTGATTGACCGAT,0,4835967
ygfKp,0.16666666666666666,5,5,AATGGTGTGGCTCTACCGGT,0,4855593
ygfKp,0.16666666666666666,5,5,AATGGTGGGGGTCTAGGGGG,0,4832301
ygfKp,0.16666666666666666,5,5,AATGGGTTGTAAATTCGGTT,0,4819627
ygfKp,0.16666666666666666,5,5,AATGAGCTATACTAGAGCGA,0,4839255
ygfKp,0.16666666666666666,5,5,AATCTAAACATGCTAACCGC,0,4837180
ygfKp,0.16666666666666666,5,5,AATCGACGCGGCCGGGTCAA,0,4837326
ygfKp,0.16666666666666666,5,5,AATCCTAGTGACTTTTAATA,0,4852548
ygfKp,0.16666666666666666,5,5,AATAGAATTAAAAATACCTT,0,4832282
ygfKp,0.16666666666666666,5,5,AATACAAATAGTTTTTGCTC,0,4818402
ygfKp,0.16666666666666666,5,5,AATAACCATAGTACTTCCAC,0,4838077
ygfKp,0.16666666666666666,5,5,AATAAAAGAAGGTATGAAGT,0,4854797
ygfKp,0.16666666666666666,5,5,AAGTCGGACTTAAACATAGT,0,4861507
ygfKp,0.16666666666666666,5,5,AAGTAGGCGGGTGTGGGGTG,0,4821169
ygfKp,0.16666666666666666,5,5,AAGTACGCGTCCATCGATGT,0,4840426
ygfKp,0.16666666666666666,5,5,AAGGTTTGGAATACTAAGGA,0,4845092
ygfKp,0.16666666666666666,5,5,AAGCGGCCAGCAAAACAGTT,0,4833584
ygfKp,0.16666666666666666,5,5,AAGAGGTGTTCGGACCGGGA,0,4823196
ygfKp,0.16666666666666666,5,5,AAGAATATTCTCCCTTTCTG,0,4857410
ygfKp,0.16666666666666666,5,5,AACTTTTAGCTAGAGACGGC,0,4845539
ygfKp,0.16666666666666666,5,5,AACTTTAGGTACGGCTCGCC,0,4853519
ygfKp,0.16666666666666666,5,5,AACTGTAAGACCTATTGTTG,0,4854524
ygfKp,0.16666666666666666,5,5,AACTACCGGTGTAGCGGTAA,0,4823914
ygfKp,0.16666666666666666,5,5,AACGGGTACCTTTCCACCTT,0,4861539
ygfKp,0.16666666666666666,5,5,AACCTGAATGTTATATGTAA,0,4840753
ygfKp,0.16666666666666666,5,5,AACCTATCGACGCCTATAAT,0,4841291
ygfKp,0.16666666666666666,5,5,AACCCACAGGTAGGTTACGG,0,4850906
ygfKp,0.16666666666666666,5,5,AACCACCGAGTAGCGCAAAA,0,4862402
ygfKp,0.16666666666666666,5,5,AACACGGTAGCACTTGTGAT,0,4832280
ygfKp,0.16666666666666666,5,5,AAATTCGTGGTATGACTTAC,0,4839225
ygfKp,0.16666666666666666,5,5,AAATCTAACGCGGTAGATTC,0,4839617
ygfKp,0.16666666666666666,5,5,AAATCGTGAGAGTTACATCA,0,4817862
ygfKp,0.16666666666666666,5,5,AAAGTCGCGAAATAGCACTC,0,4820156
ygfKp,0.16666666666666666,5,5,AAAGCCAAGCATTTCATTTG,0,4827245
ygfKp,0.16666666666666666,5,5,AAAGATGCTGCTGGCGGTTC,0,4832917
ygfKp,0.16666666666666666,5,5,AAACTCCGCGAAGCGCATTT,0,4818670
ygfKp,0.2,4,4,TTTTTGCAACGTGCGACGGG,0,4842342
ygfKp,0.2,4,4,TTTTTGACATCGGGATTATT,0,4849261
ygfKp,0.2,4,4,TTTTTACCGCCGGTCGTATC,0,4835139
ygfKp,0.2,4,4,TTTTCATTCTACCTTGAATG,0,4818896
ygfKp,0.2,4,4,TTTTCATGAACAAGTAAACA,0,4856392
ygfKp,0.2,4,4,TTTGGTGTGTTCTGGAACTT,0,4822267
ygfKp,0.2,4,4,TTTCATTAAGGTGAATGACC,0,4817606
ygfKp,0.2,4,4,TTTCACTAATAATTAGAGAT,0,4827749
ygfKp,0.2,4,4,TTTATACAGGCGGCAAACCA,0,4863242
ygfKp,0.2,4,4,TTTAGAGTCGTAACGTATGG,0,4827899
ygfKp,0.2,4,4,TTTACGTCTCCGCGTCTTGG,0,4822051
ygfKp,0.2,4,4,TTTAAGTCCACCTCCTAACT,0,4836316
ygfKp,0.2,4,4,TTTAACTCCAAACGCATGGG,0,4846529
ygfKp,0.2,4,4,TTGTTTAGCGCCTATAAGTA,0,4823237
ygfKp,0.2,4,4,TTGTGTGCTGGGTGCTAAAT,0,4848865
ygfKp,0.2,4,4,TTGTGAACGCAGCGGGATGT,0,4819017
ygfKp,0.2,4,4,TTGGTATCTCGTTAAGGATT,0,4839671
ygfKp,0.2,4,4,TTGGTACGGCTCTCCCTAAA,0,4824737
ygfKp,0.2,4,4,TTGGGACGTAGGTGCCATAC,0,4833105
ygfKp,0.2,4,4,TTGGCGGCGACTGCTTGCGC,0,4829556
ygfKp,0.2,4,4,TTGGCAGGTGTGTAACTCAA,0,4839393
ygfKp,0.2,4,4,TTGGACGCATTGATATTCTG,0,4834424
ygfKp,0.2,4,4,TTGCCGCATGGGGGTCAATT,0,4818608
ygfKp,0.2,4,4,TTGCAATAGGCGGCAACTCA,0,4845317
ygfKp,0.2,4,4,TTGAGCATATGCGTTTGCAG,0,4854408
ygfKp,0.2,4,4,TTGACTAAGGTAGACTACGC,0,4857230
ygfKp,0.2,4,4,TTCTTCCTCGCGCAGATTAA,0,4821122
ygfKp,0.2,4,4,TTCTCCTGAGGGTAGCGGGC,0,4819619
ygfKp,0.2,4,4,TTCTCAGGATGGTCTCAAAA,0,4831768
ygfKp,0.2,4,4,TTCTACGATATTGTAAAGAG,0,4832567
ygfKp,0.2,4,4,TTCGTGAACTTCGTAGAGGG,0,4826287
ygfKp,0.2,4,4,TTCGGGAGGGCATGTCACGC,0,4847942
ygfKp,0.2,4,4,TTCGCAGCTACTTGAATTTC,0,4822314
ygfKp,0.2,4,4,TTCGAGATGATCCTCGCACC,0,4841573
ygfKp,0.2,4,4,TTCCGCGGACGTTGGTTACC,0,4818137
ygfKp,0.2,4,4,TTCCGAGGGTAGGCCAATCT,0,4833383
ygfKp,0.2,4,4,TTCAGAATTTTATACTTTGT,0,4818405
ygfKp,0.2,4,4,TTCACACGAATTTGCAATGT,0,4861836
ygfKp,0.2,4,4,TTATAAGTAAATGCTCCACA,0,4833398
ygfKp,0.2,4,4,TTACGTTATCGAGTAAATCC,0,4832950
ygfKp,0.2,4,4,TTACGCGTCGAACGCTGGCC,0,4818538
ygfKp,0.2,4,4,TTACACCGATTCCGAGACAA,0,4824883
ygfKp,0.2,4,4,TTAAGTAAAGGATAAACATT,0,4860820
ygfKp,0.2,4,4,TGTTTACCTATGACACCATG,0,4822823
ygfKp,0.2,4,4,TGTTGCCGTCATATGCTTCG,0,4835905
ygfKp,0.2,4,4,TGTGTACGTTGAGGATTGGT,0,4821892
ygfKp,0.2,4,4,TGTGTAAACTTGTTACAAGC,0,4827627
ygfKp,0.2,4,4,TGTGGAGCTACCCTAGACTA,0,4825566
ygfKp,0.2,4,4,TGTGCGCGCTAAACGCTACG,0,4852129
ygfKp,0.2,4,4,TGTGCCGATTCCCATCAGCA,0,4852794
ygfKp,0.2,4,4,TGTGCCCATGGCGGGTTAGC,0,4863747
ygfKp,0.2,4,4,TGTCGTTACCACTGTAATCG,0,4843389
ygfKp,0.2,4,4,TGTCACGCGGGGTCGCATGA,0,4832333
ygfKp,0.2,4,4,TGTACCGATATTTATTGCCT,0,4853989
ygfKp,0.2,4,4,TGGTTCGTACCGTGATAGGC,0,4820461
ygfKp,0.2,4,4,TGGGTAATCTGGGTCAACCT,0,4849179
ygfKp,0.2,4,4,TGGGGGAGGTGACAGTTGCA,0,4850944
ygfKp,0.2,4,4,TGGCTATCCGGGCAGTACAT,0,4853274
ygfKp,0.2,4,4,TGGCGTTGCGAACATACAAA,0,4839702
ygfKp,0.2,4,4,TGGCAGAACAATTTTCGTGT,0,4823085
ygfKp,0.2,4,4,TGGATCCGATTTAAGATCTG,0,4852318
ygfKp,0.2,4,4,TGCTATCTCTCTGTACGGCT,0,4849793
ygfKp,0.2,4,4,TGCGCATAGAGACGTCCATC,0,4862768
ygfKp,0.2,4,4,TGCGAGCGCTTGCATTGGTC,0,4833588
ygfKp,0.2,4,4,TGCCTTCACTTTGGCCCTCA,0,4824632
ygfKp,0.2,4,4,TGCCGGTAACATGAGCTTAG,0,4858545
ygfKp,0.2,4,4,TGCCATTTACCTTAGCTCAC,0,4847649
ygfKp,0.2,4,4,TGCCAGGTAGATTCTGTTTA,0,4855190
ygfKp,0.2,4,4,TGCATGGGTGGTACAGACCC,0,4835024
ygfKp,0.2,4,4,TGATTTCAGTATAGGCGGTT,0,4833269
ygfKp,0.2,4,4,TGATTACTTTCCACTAATAA,0,4823097
ygfKp,0.2,4,4,TGACTCATTCTATACTGGCG,0,4818718
ygfKp,0.2,4,4,TGACGTCGTAAATACATTGC,0,4824579
ygfKp,0.2,4,4,TGACCGGGGTCCAAAACTTA,0,4849642
ygfKp,0.2,4,4,TGACACGTGAAGCGGTACAG,0,4831186
ygfKp,0.2,4,4,TGACAACCCCGGGGAAATCA,0,4838898
ygfKp,0.2,4,4,TGAACATGACGGTAGCCGGG,0,4859109
ygfKp,0.2,4,4,TCTTTACCTAAGCATACATA,0,4818110
ygfKp,0.2,4,4,TCTTCCTGTGAGTGTGCGCT,0,4844203
ygfKp,0.2,4,4,TCTGTTAAAAATTACACATT,0,4862248
ygfKp,0.2,4,4,TCTGAAAAGGAATGTGGGAG,0,4855360
ygfKp,0.2,4,4,TCTCTCGGTCCCAGATGGTA,0,4836032
ygfKp,0.2,4,4,TCTCATCTACCGATTTCCGT,0,4857241
ygfKp,0.2,4,4,TCTCACGGCTATACGCAGCT,0,4820284
ygfKp,0.2,4,4,TCGTTTGAATGGAGCATCTT,0,4848799
ygfKp,0.2,4,4,TCGTTAAGGGCGCTTGAAAC,0,4825124
ygfKp,0.2,4,4,TCGTGTTTCTCCTGAACGGT,0,4820905
ygfKp,0.2,4,4,TCGTCGGAAATCTAGATGCA,0,4836024
ygfKp,0.2,4,4,TCGTAGGCCAAATGTGCGTG,0,4842408
ygfKp,0.2,4,4,TCGGTTCGGTCCTACGTAGC,0,4852730
ygfKp,0.2,4,4,TCGGGCGCCGATGTCTTTAT,0,4853618
ygfKp,0.2,4,4,TCGGGACAGAGATTGACAAA,0,4839363
ygfKp,0.2,4,4,TCGGCCAGATTGCCCTCGCG,0,4820624
ygfKp,0.2,4,4,TCGGAGGTGAGTAATAAACA,0,4823394
ygfKp,0.2,4,4,TCGGAGAGCACAACCTTGTA,0,4829933
ygfKp,0.2,4,4,TCGCGCGGGTGATGACTAAC,0,4837485
ygfKp,0.2,4,4,TCGCCGGAGAAAAGTGTTGA,0,4831622
ygfKp,0.2,4,4,TCGCCCCACGTCGAAGAACC,0,4858193
ygfKp,0.2,4,4,TCGCACAAGCGTACGACTGA,0,4859294
ygfKp,0.2,4,4,TCGATCGTTGAGCCACACAG,0,4858088
ygfKp,0.2,4,4,TCGAGAAAATGTGGTACATG,0,4842586
ygfKp,0.2,4,4,TCCTGTAGAGGCGACCAAAC,0,4834824
ygfKp,0.2,4,4,TCCTCTTTTACTAAAATGCG,0,4840722
ygfKp,0.2,4,4,TCCGTTTGGGGGTCAGAGCA,0,4848932
ygfKp,0.2,4,4,TCCGTTTAGCTATAGATCTT,0,4835805
ygfKp,0.2,4,4,TCCGGATCGGAGTTGATTCT,0,4854413
ygfKp,0.2,4,4,TCCCACTTGTACTATTTTGT,0,4818787
ygfKp,0.2,4,4,TCCATTGTCAGGCTACTCCT,0,4839669
ygfKp,0.2,4,4,TCCAGGTACGCCCGGAGCCT,0,4844046
ygfKp,0.2,4,4,TCCACACGGGAGAAATCGAA,0,4847008
ygfKp,0.2,4,4,TCATGTGCGTCTATCGCGAG,0,4860862
ygfKp,0.2,4,4,TCATATGGGGGAACGTCGGG,0,4841327
ygfKp,0.2,4,4,TCAGCGCAATGCCCAGGTTA,0,4834490
ygfKp,0.2,4,4,TCAGATCTTACCCACGTGTT,0,4838886
ygfKp,0.2,4,4,TCACGATATGCCGTCCAAGT,0,4822894
ygfKp,0.2,4,4,TCACCGTGATCTGAGCGGAC,0,4817517
ygfKp,0.2,4,4,TCAATTCCCTGCCATCTCAA,0,4846154
ygfKp,0.2,4,4,TCAACGGATTAACACAGTTC,0,4856742
ygfKp,0.2,4,4,TCAAAGCGGGTAACCTGCAG,0,4837544
ygfKp,0.2,4,4,TATTGTCCTTGACGTCGGTC,0,4848484
ygfKp,0.2,4,4,TATTGATTATGACAGGGCAT,0,4856964
ygfKp,0.2,4,4,TATCTCCGTGGAGGTTTTTG,0,4860867
ygfKp,0.2,4,4,TATATCAACGGGGCTAAAAC,0,4832951
ygfKp,0.2,4,4,TATACCATTAACACTGCACT,0,4820347
ygfKp,0.2,4,4,TATACACGGGCGATCCACCA,0,4846353
ygfKp,0.2,4,4,TATAAGTCCGAGGTAACCGC,0,4854403
ygfKp,0.2,4,4,TATAAAGACTACGCGGCCTT,0,4825179
ygfKp,0.2,4,4,TAGGCGTCCTGGGAACAGTA,0,4848779
ygfKp,0.2,4,4,TAGGCGTACATTGTCTCCAT,0,4844200
ygfKp,0.2,4,4,TAGCTTCGCTGACAGTAGAC,0,4841890
ygfKp,0.2,4,4,TAGCCCGGTTATGTGAGCAA,0,4833541
ygfKp,0.2,4,4,TAGCAGAAGTGTGGCTCAAT,0,4836652
ygfKp,0.2,4,4,TAGATCGGTGTCTGGATTTA,0,4822359
ygfKp,0.2,4,4,TAGACCCAGGGCTTGAATAC,0,4863636
ygfKp,0.2,4,4,TAGACAAACAAGCGTGCCGA,0,4854228
ygfKp,0.2,4,4,TAGAAGATACTCCAGAAGGA,0,4838947
ygfKp,0.2,4,4,TAGAAGACCAGGTCATTTTG,0,4860992
ygfKp,0.2,4,4,TACCCTCTGCGGTCTCTATT,0,4844786
ygfKp,0.2,4,4,TACCCTAACCGCGTAGGGGA,0,4849416
ygfKp,0.2,4,4,TACCCGTTACCGAGAGCGGC,0,4859599
ygfKp,0.2,4,4,TACCCGGCCGTTCAAGTATC,0,4843118
ygfKp,0.2,4,4,TACATTTGTCGTTCGTCATG,0,4853324
ygfKp,0.2,4,4,TACACATCGGGGTGACTTCT,0,4855522
ygfKp,0.2,4,4,TAATGTTTCCTGTGTTTATA,0,4858343
ygfKp,0.2,4,4,TAATAGCGATCACAGATACG,0,4851223
ygfKp,0.2,4,4,TAATACTCTGGATTGAGCTC,0,4830436
ygfKp,0.2,4,4,TAAGCGTAGGGCATAATGAG,0,4843516
ygfKp,0.2,4,4,TAAGCAGGGTTAGCCCTGAC,0,4860031
ygfKp,0.2,4,4,TAACTGAAGCGTTGCTTGAA,0,4827299
ygfKp,0.2,4,4,TAACAGCACACGGGGTCATT,0,4857171
ygfKp,0.2,4,4,TAAACCTTCTGAGGACGGGT,0,4818395
ygfKp,0.2,4,4,TAAAAGGAGTGGTGCCCGGG,0,4847314
ygfKp,0.2,4,4,GTTTACGAATGGTCATTGTC,0,4836004
ygfKp,0.2,4,4,GTTGGTGTGCTTTCTCATAA,0,4841877
ygfKp,0.2,4,4,GTTGATAAGAAGGTAACTAA,0,4843633
ygfKp,0.2,4,4,GTTCGTGAGGGCTTCAATCC,0,4819364
ygfKp,0.2,4,4,GTTCGAAAGATGTGTGAAGT,0,4830389
ygfKp,0.2,4,4,GTTCAGTTCCACGCAGCCGA,0,4829974
ygfKp,0.2,4,4,GTTCAGGGACTTTGCACTTT,0,4825842
ygfKp,0.2,4,4,GTTATGGATAATGCAAACGT,0,4829409
ygfKp,0.2,4,4,GTTAATCCATAAAGGCAGGT,0,4822492
ygfKp,0.2,4,4,GTTAACTAATGATCTATATA,0,4854808
ygfKp,0.2,4,4,GTGTTTCTCGAATCTAGATG,0,4861257
ygfKp,0.2,4,4,GTGTGAAGCTTTTAACACAA,0,4830525
ygfKp,0.2,4,4,GTGGTTAAAGGTACGCGATG,0,4821941
ygfKp,0.2,4,4,GTGGTATATATAATGCCGGT,0,4830790
ygfKp,0.2,4,4,GTGGCCCTGGATATGGTCGG,0,4822877
ygfKp,0.2,4,4,GTGGATTTAGTTTGTGTATG,0,4819194
ygfKp,0.2,4,4,GTGCTGGATGCTAAGTGTAC,0,4823869
ygfKp,0.2,4,4,GTGCTGGAGGTGCTTCTTTT,0,4823994
ygfKp,0.2,4,4,GTGCTGACCATGTGACTCAC,0,4850514
ygfKp,0.2,4,4,GTGATGTGTTGGGACCTGCA,0,4825828
ygfKp,0.2,4,4,GTGAGGTCAGTGCATTCGAG,0,4823829
ygfKp,0.2,4,4,GTGAGCAACAGCAATCTACG,0,4850516
ygfKp,0.2,4,4,GTGACAGCGCTGTCATGCTC,0,4829626
ygfKp,0.2,4,4,GTGAAAGCTTAGAACCATGC,0,4817132
ygfKp,0.2,4,4,GTCTGGTTCATACAGGAGCC,0,4840105
ygfKp,0.2,4,4,GTCGCGTACAGTTGCTTTGA,0,4860196
ygfKp,0.2,4,4,GTCGCGGGTTGCCACATAGT,0,4818080
ygfKp,0.2,4,4,GTCCGTCTATTTTAGCCTTC,0,4833586
ygfKp,0.2,4,4,GTCCGCAAGTGACGCAGGGT,0,4856615
ygfKp,0.2,4,4,GTCCATGATGGGTACGCATA,0,4836129
ygfKp,0.2,4,4,GTCACCAATGTGGGGGTCAA,0,4830510
ygfKp,0.2,4,4,GTCAAGGAACCAGAGAATGC,0,4822645
ygfKp,0.2,4,4,GTCAAAACATAGCGTTGTAT,0,4822808
ygfKp,0.2,4,4,GTATTAAGGGACAACAAATC,0,4830955
ygfKp,0.2,4,4,GTATGGGTGCCAACTGGGCA,0,4848149
ygfKp,0.2,4,4,GTAGTTTTACTGACCCGATG,0,4862926
ygfKp,0.2,4,4,GTAGGGAATCGTGGCCTAGC,0,4857075
ygfKp,0.2,4,4,GTACCTCGACCACCTTAGTA,0,4829552
ygfKp,0.2,4,4,GTACCAACTCCCTTTACAAC,0,4832136
ygfKp,0.2,4,4,GGTTCCATGGATCAATATGG,0,4858147
ygfKp,0.2,4,4,GGTGTATAGCTAGTCGAGGA,0,4834283
ygfKp,0.2,4,4,GGTGGTGTGTGATGCCCCCA,0,4829582
ygfKp,0.2,4,4,GGTGGCCTGACACCTAGCTC,0,4844261
ygfKp,0.2,4,4,GGTGAAATATCATACTTCTC,0,4847552
ygfKp,0.2,4,4,GGTCTTCGGGAGTACTAACT,0,4817834
ygfKp,0.2,4,4,GGTCTAACTTGTTGCTAGGG,0,4855418
ygfKp,0.2,4,4,GGTCATGTGCGCCAGTCCTG,0,4833149
ygfKp,0.2,4,4,GGTCATAGAGCCTGGAATCT,0,4846045
ygfKp,0.2,4,4,GGGTTGTGCGTTATCCAATG,0,4830800
ygfKp,0.2,4,4,GGGTTATCAACGTGTCAGAC,0,4823678
ygfKp,0.2,4,4,GGGTGATTGAGTCCGTGTCG,0,4826099
ygfKp,0.2,4,4,GGGTGACGGCATGGTTAAGG,0,4839898
ygfKp,0.2,4,4,GGGTACGTATCATTCTCAGT,0,4850901
ygfKp,0.2,4,4,GGGGTAATAACATAACATGA,0,4838943
ygfKp,0.2,4,4,GGGGCTCCTGTCGGGAACCC,0,4848388
ygfKp,0.2,4,4,GGGGATGAACCCTTAGGGGT,0,4843866
ygfKp,0.2,4,4,GGGCGAATCTTATATGTTGC,0,4824176
ygfKp,0.2,4,4,GGGATCAGTCGACTATGTAT,0,4854533
ygfKp,0.2,4,4,GGGAGGGAAGGCAAACGATC,0,4825263
ygfKp,0.2,4,4,GGCTTCAATGCGCGCGGCTT,0,4826323
ygfKp,0.2,4,4,GGCTCAACCAGAAGCTTGAG,0,4861399
ygfKp,0.2,4,4,GGCTATTGTTTTGAGTGGAC,0,4860938
ygfKp,0.2,4,4,GGCTACCCTCCGCGAACATG,0,4822809
ygfKp,0.2,4,4,GGCGTGTCATTTTGACAGTT,0,4857460
ygfKp,0.2,4,4,GGCGTCTTAAGAAACCCGCG,0,4836085
ygfKp,0.2,4,4,GGCGGAGGGTGTACACGACT,0,4845181
ygfKp,0.2,4,4,GGCCGGGATGCGCAGCGGCA,0,4855245
ygfKp,0.2,4,4,GGCCGCCTATTTGGTTCAAC,0,4848277
ygfKp,0.2,4,4,GGCACTAAAAATTGTCCTCA,0,4828239
ygfKp,0.2,4,4,GGCACGAATATAGGGACTAG,0,4825785
ygfKp,0.2,4,4,GGATGGGCCACTCTTACGGG,0,4853122
ygfKp,0.2,4,4,GGATCGCCTGACATATTTGT,0,4836091
ygfKp,0.2,4,4,GGATCAAAGTTGAGCCTCCA,0,4845214
ygfKp,0.2,4,4,GGAGTGGAATCAATTAATGG,0,4859272
ygfKp,0.2,4,4,GGAGGTAGGCTCGGTGGACA,0,4838272
ygfKp,0.2,4,4,GGAGCTCAATACGAAGTAGC,0,4838188
ygfKp,0.2,4,4,GGAGCAGGTTTAGGCATCAA,0,4840721
ygfKp,0.2,4,4,GGAGATCCTCCGTGGATTCT,0,4860825
ygfKp,0.2,4,4,GGACATGGAATAATCCCTAG,0,4851942
ygfKp,0.2,4,4,GGAATGGTCAGGCAAAATGA,0,4840773
ygfKp,0.2,4,4,GGAATGAACCGCGGTGCCTT,0,4853732
ygfKp,0.2,4,4,GGAATCTGTCAAACCTAGGT,0,4857802
ygfKp,0.2,4,4,GGAAGTCACATCCTGTTACC,0,4839304
ygfKp,0.2,4,4,GCTGGTGATTTTGTTTGTAG,0,4834677
ygfKp,0.2,4,4,GCTGCAGAGTAAGTTTTAAC,0,4862281
ygfKp,0.2,4,4,GCTGATACGTGCTCAGGTGC,0,4846000
ygfKp,0.2,4,4,GCTGACACCGATTGGCCAAA,0,4855532
ygfKp,0.2,4,4,GCTCTCACCCTGTACTTCCC,0,4850907
ygfKp,0.2,4,4,GCTCGCCGTTTCCGGTTTGA,0,4840118
ygfKp,0.2,4,4,GCTCCGAGATATGGCTGCGT,0,4841041
ygfKp,0.2,4,4,GCTCACTCCCCGTGTAATTG,0,4835146
ygfKp,0.2,4,4,GCTACCCCCAGGGCGTTAGT,0,4825181
ygfKp,0.2,4,4,GCGTGGGATTTGTGGCTGGA,0,4818394
ygfKp,0.2,4,4,GCGTATGGTCATGAAAGATA,0,4822400
ygfKp,0.2,4,4,GCGTACATCGTGATGTAAAA,0,4847046
ygfKp,0.2,4,4,GCGGGGCCGCGAGCGTAGAG,0,4840757
ygfKp,0.2,4,4,GCGGACGTATAATAGTCTTT,0,4836871
ygfKp,0.2,4,4,GCGCCGTCCACCTCTATAAA,0,4836478
ygfKp,0.2,4,4,GCGCAAACGCATTGATAATA,0,4847303
ygfKp,0.2,4,4,GCGATCACAAGAGGGGAATG,0,4817285
ygfKp,0.2,4,4,GCGAGCTGTTACTTCAGGGT,0,4819978
ygfKp,0.2,4,4,GCGAGCGGGTCCCGGCGTGT,0,4845991
ygfKp,0.2,4,4,GCCGGTCACATAGCCTATTT,0,4862356
ygfKp,0.2,4,4,GCCGCTAATTAGCCTCCGCT,0,4855754
ygfKp,0.2,4,4,GCCCTTATGGAATGCTTTCG,0,4817854
ygfKp,0.2,4,4,GCCCCTGGCCAGACTTATTG,0,4845582
ygfKp,0.2,4,4,GCCCCGCGTGACCCCTACAT,0,4854165
ygfKp,0.2,4,4,GCCCCCCGAAACCACGGCTT,0,4855501
ygfKp,0.2,4,4,GCCCAAGTAGGTTGTTAAGC,0,4819690
ygfKp,0.2,4,4,GCCATGTCCGAGAGAAAAAT,0,4837748
ygfKp,0.2,4,4,GCCATATCGACCAACGACGT,0,4833951
ygfKp,0.2,4,4,GCCAGGTAAACAGATAGCAT,0,4817573
ygfKp,0.2,4,4,GCCAGAAGTATTCGTCGCAG,0,4846289
ygfKp,0.2,4,4,GCCAACTCCAGGCTTTTTCG,0,4852803
ygfKp,0.2,4,4,GCCAAAGTACTAAGAGTAGG,0,4820171
ygfKp,0.2,4,4,GCATCTGGGTCATGCTGCAG,0,4833135
ygfKp,0.2,4,4,GCATCCCTTCAGGGACGTGT,0,4833752
ygfKp,0.2,4,4,GCATATGCAGACAACACGGG,0,4820530
ygfKp,0.2,4,4,GCATAAACTTGGTAGCTAGT,0,4845636
ygfKp,0.2,4,4,GCAGTCTCCCCACAACCCAC,0,4844866
ygfKp,0.2,4,4,GCAGCACGAATTTCGAGGGA,0,4821446
ygfKp,0.2,4,4,GCACGTACGAGCTCTATCAG,0,4858579
ygfKp,0.2,4,4,GATTTGCGTCTCCGAAGATG,0,4845992
ygfKp,0.2,4,4,GATTTCCAATGTCTTCTTGA,0,4849766
ygfKp,0.2,4,4,GATTCTAGGTTTATGTGTTA,0,4846172
ygfKp,0.2,4,4,GATTCAGGGGTCTTGAGCAA,0,4858350
ygfKp,0.2,4,4,GATTAGGCTTTAATTCCGCG,0,4860676
ygfKp,0.2,4,4,GATGGTGATCGTCTACCTAC,0,4818492
ygfKp,0.2,4,4,GATGGGGGGAAATGTTCCGA,0,4841488
ygfKp,0.2,4,4,GATCTGGTGTTTTTCGTACT,0,4826575
ygfKp,0.2,4,4,GATCAATTTCGGAGGTGATC,0,4839847
ygfKp,0.2,4,4,GATCAAGAGTCGCCGAGGTT,0,4825561
ygfKp,0.2,4,4,GATATTCTCCGAAAATCTTG,0,4850489
ygfKp,0.2,4,4,GATACAACGGGACTGCGTGT,0,4835137
ygfKp,0.2,4,4,GAGTGATCGCATCCCCGTCG,0,4825468
ygfKp,0.2,4,4,GAGTAGGCTAATCAAACCAA,0,4859360
ygfKp,0.2,4,4,GAGGGTTATTCGTCATGGCC,0,4823142
ygfKp,0.2,4,4,GAGGGGGTTCCAGACGCAGG,0,4851601
ygfKp,0.2,4,4,GAGGGCAATGCCTGCGACTT,0,4834640
ygfKp,0.2,4,4,GAGCTGATCCGACTTAACTG,0,4839316
ygfKp,0.2,4,4,GAGCGTCAGGCCAGGGCAGT,0,4832897
ygfKp,0.2,4,4,GAGCCTCAAGCCGATTCTAT,0,4830802
ygfKp,0.2,4,4,GAGATGCTCTTGAATCACCC,0,4847785
ygfKp,0.2,4,4,GAGAGCCTGGCTTGTATGAC,0,4862565
ygfKp,0.2,4,4,GAGAACGGGTTTAGACCTTA,0,4825178
ygfKp,0.2,4,4,GACTGATCAATGAGTACACC,0,4862310
ygfKp,0.2,4,4,GACTATCGCCCACGCAGCTC,0,4826460
ygfKp,0.2,4,4,GACGTATATCGTGCCGTTAG,0,4821569
ygfKp,0.2,4,4,GACGGTAATCCTCCACTAAA,0,4825983
ygfKp,0.2,4,4,GACGCGGTCCGTGTCAAGTA,0,4841869
ygfKp,0.2,4,4,GACGAAGGACGAGGTCCCAG,0,4857742
ygfKp,0.2,4,4,GACCCCTTTTATCGAAAAGT,0,4851683
ygfKp,0.2,4,4,GACCATTCTAACGTCACACA,0,4855291
ygfKp,0.2,4,4,GACCACAGGATGGAAGCACT,0,4857808
ygfKp,0.2,4,4,GACAACCAGGCATGTCTTGA,0,4849777
ygfKp,0.2,4,4,GAATTGCTTTCTGTTGCGCG,0,4843123
ygfKp,0.2,4,4,GAATGTGTCGCTTATTTCCA,0,4859271
ygfKp,0.2,4,4,GAATGTAGCTGCTCGAGGCA,0,4833422
ygfKp,0.2,4,4,GAAGTCCTATTCTCCGGCCC,0,4826872
ygfKp,0.2,4,4,GAAGGATACCCTCGGTGGCA,0,4859135
ygfKp,0.2,4,4,GAAGACCGACGCTGGAGAAT,0,4834996
ygfKp,0.2,4,4,GAAGACAGGTGTTTAGAGTG,0,4839042
ygfKp,0.2,4,4,GAACGGTCGCGAGACGTATG,0,4818884
ygfKp,0.2,4,4,GAAACTTCTATGGTCCTGTA,0,4844238
ygfKp,0.2,4,4,GAAAATACTGAGGGCAGATG,0,4828514
ygfKp,0.2,4,4,GAAAAATCAAGGACAGTACT,0,4845790
ygfKp,0.2,4,4,GAAAAACCAAGTACCTATCT,0,4854246
ygfKp,0.2,4,4,CTTTTCTACAACGCTAGTCA,0,4854264
ygfKp,0.2,4,4,CTTTGGGTTTGCACCCAGTA,0,4850473
ygfKp,0.2,4,4,CTTTGATCGAACGAAATAAA,0,4826112
ygfKp,0.2,4,4,CTTTCGACGCGTTGGCAGAC,0,4824380
ygfKp,0.2,4,4,CTTTAGAGGCTCTCTAAGGT,0,4827262
ygfKp,0.2,4,4,CTTGTTGCTTAAATTCCAAC,0,4862026
ygfKp,0.2,4,4,CTTGTTATACGGGCTTAAGG,0,4821040
ygfKp,0.2,4,4,CTTGGTTACACCTACTGATA,0,4827670
ygfKp,0.2,4,4,CTTGGCACTTAGCGCTAAGT,0,4851507
ygfKp,0.2,4,4,CTTGGATGCGCCTAAGTTCA,0,4847759
ygfKp,0.2,4,4,CTTGCGCCTAAGTGCGACCA,0,4839854
ygfKp,0.2,4,4,CTTCTTACTGGATGGATTCT,0,4828101
ygfKp,0.2,4,4,CTTCGCTAGGGGACTTACGG,0,4836649
ygfKp,0.2,4,4,CTTCGACCGTAAGGTCCATC,0,4832276
ygfKp,0.2,4,4,CTTAAGCCTTTGACCCGTGG,0,4843442
ygfKp,0.2,4,4,CTGGTATCCGTGCCGTTAAT,0,4860330
ygfKp,0.2,4,4,CTGGTACCTAGTTGGATATG,0,4830001
ygfKp,0.2,4,4,CTGGGTCCCCGCAGTGACAA,0,4823698
ygfKp,0.2,4,4,CTGGGCACGTGGGAATCTCT,0,4849015
ygfKp,0.2,4,4,CTGGGAACCGGGACAAGAGG,0,4858365
ygfKp,0.2,4,4,CTGGACGACATCTTTGCACG,0,4825489
ygfKp,0.2,4,4,CTGCGGGGAACTCCATAGCC,0,4826183
ygfKp,0.2,4,4,CTGATCTGCATGCGGGCACG,0,4858975
ygfKp,0.2,4,4,CTGACCCACGCAAGCCTAGT,0,4852213
ygfKp,0.2,4,4,CTCTAGCAGGATTTCATCAG,0,4848088
ygfKp,0.2,4,4,CTCGTCCCGAGATTGTTTAA,0,4821564
ygfKp,0.2,4,4,CTCGCTACAAAGGCGCGGCT,0,4850490
ygfKp,0.2,4,4,CTCCCGAGCATGAGTTCTCC,0,4829060
ygfKp,0.2,4,4,CTCCATGGTAGGGTTCTGCT,0,4853201
ygfKp,0.2,4,4,CTCCACGATACTACCTCAGT,0,4820305
ygfKp,0.2,4,4,CTCCAATAGATGAAGATCAT,0,4824283
ygfKp,0.2,4,4,CTCACAGGCAGTGACACACT,0,4847386
ygfKp,0.2,4,4,CTCACAGAAGGACGCCGGCC,0,4819664
ygfKp,0.2,4,4,CTAGGCGCCCGTCAGTTCTC,0,4845690
ygfKp,0.2,4,4,CTAGCTCTACGTGTGTATTA,0,4828149
ygfKp,0.2,4,4,CTACTAGGTCCCTTCCCCGC,0,4859868
ygfKp,0.2,4,4,CTACGGATCTGACATCTCCA,0,4852584
ygfKp,0.2,4,4,CTAATAACTATTGCGTGGTT,0,4855507
ygfKp,0.2,4,4,CTAACGCGCGTGCATCGCAG,0,4837281
ygfKp,0.2,4,4,CTAAAGTGGCGGTAGGCTGA,0,4826611
ygfKp,0.2,4,4,CGTTTAGACGAGATATGATT,0,4848849
ygfKp,0.2,4,4,CGTTTAACAAGTTGCAACCG,0,4828958
ygfKp,0.2,4,4,CGTTGCGAGTAACGCAATCA,0,4846901
ygfKp,0.2,4,4,CGTTCGTATAACCAAACGGT,0,4836038
ygfKp,0.2,4,4,CGTTATGTCACTTATTTGAC,0,4843673
ygfKp,0.2,4,4,CGTGGTCGCCATACCTTCTC,0,4843140
ygfKp,0.2,4,4,CGTGCCGGCTACGTGTCGCC,0,4828592
ygfKp,0.2,4,4,CGTGACTACCGGCGTTAGGT,0,4862539
ygfKp,0.2,4,4,CGTCCCCGGTTTCTCTCGGT,0,4819352
ygfKp,0.2,4,4,CGTCCACACTTCAAAACGGT,0,4831125
ygfKp,0.2,4,4,CGTCCAAGGAATGTTCAGTC,0,4861390
ygfKp,0.2,4,4,CGTCAAGTCTGATCTCCAGC,0,4849632
ygfKp,0.2,4,4,CGTATTAAAGCTAATCCCCA,0,4834188
ygfKp,0.2,4,4,CGTAGGTCAGTCGTATAGAT,0,4856011
ygfKp,0.2,4,4,CGTAGCAAGTTGGCAGTATC,0,4835555
ygfKp,0.2,4,4,CGTACCCGACGGGTGTATCT,0,4856264
ygfKp,0.2,4,4,CGTACCAAAGGTTTTGTGGT,0,4852996
ygfKp,0.2,4,4,CGGTCGAATGGTCTATGGCC,0,4861420
ygfKp,0.2,4,4,CGGTCCCGCAGAGACCACAT,0,4853025
ygfKp,0.2,4,4,CGGTAGAAAATTCTGTGAGA,0,4842184
ygfKp,0.2,4,4,CGGGTAACCTGCCGACGCGG,0,4841998
ygfKp,0.2,4,4,CGGGAGGCCTCTTCACCACT,0,4842940
ygfKp,0.2,4,4,CGGCCTCCCCCCTCATTTCA,0,4851675
ygfKp,0.2,4,4,CGGCCCACAAAAGGCTGGTC,0,4824066
ygfKp,0.2,4,4,CGGCAACTCATCAATACTTA,0,4832357
ygfKp,0.2,4,4,CGGATTCGTGGCCCCGAAGA,0,4825973
ygfKp,0.2,4,4,CGGACACCGTGAAGAGGCCG,0,4863543
ygfKp,0.2,4,4,CGGAACCCCTGCTTGACGAC,0,4839936
ygfKp,0.2,4,4,CGCTTCTATAAGTAAGCGCA,0,4832756
ygfKp,0.2,4,4,CGCTGACGTGCTAGCCTGCA,0,4851682
ygfKp,0.2,4,4,CGCTCTCCTCTCTCAATTTG,0,4834489
ygfKp,0.2,4,4,CGCGTCCGAGGCCATGATGA,0,4833312
ygfKp,0.2,4,4,CGCGCGATCTTGCCCCGGCG,0,4827056
ygfKp,0.2,4,4,CGCCTCATGTGAGTTGCCGA,0,4847383
ygfKp,0.2,4,4,CGCCCGAACGGGACTTACCT,0,4846146
ygfKp,0.2,4,4,CGCCCCGGTTCGGGCTCCCC,0,4844640
ygfKp,0.2,4,4,CGCAGTTCGTAGACAGAATG,0,4823724
ygfKp,0.2,4,4,CGCAGGATACGGACTAGCTA,0,4831128
ygfKp,0.2,4,4,CGCAGAAGTAATCCCTATCC,0,4844060
ygfKp,0.2,4,4,CGATTTGTAAAGAAATCCAT,0,4840602
ygfKp,0.2,4,4,CGATTGCTTAGAACGCAAGC,0,4826292
ygfKp,0.2,4,4,CGAGGGTTAGTCTACCTAGA,0,4832273
ygfKp,0.2,4,4,CGAGCACATACGCTACCCTC,0,4829078
ygfKp,0.2,4,4,CGAGAGTCTGGAATCATGGC,0,4837595
ygfKp,0.2,4,4,CGAGAGCCTGCCCATCCATG,0,4857185
ygfKp,0.2,4,4,CGACTGGGGGTTTATCGGTT,0,4849096
ygfKp,0.2,4,4,CGACTCGCGCCCTGCCCTTT,0,4855692
ygfKp,0.2,4,4,CGACACACTCTACGACTGAT,0,4821162
ygfKp,0.2,4,4,CCTTGCGTTAGTCAAGCAAC,0,4846153
ygfKp,0.2,4,4,CCTTCTGTCATCCTCATACT,0,4845574
ygfKp,0.2,4,4,CCTTCGCTGCGGCGTCTTAC,0,4839611
ygfKp,0.2,4,4,CCTCTTTCGATAGGAGACGG,0,4827444
ygfKp,0.2,4,4,CCTCTACTGGCTGCTGATAT,0,4839048
ygfKp,0.2,4,4,CCTCGAGTCTCGGTAAAAAG,0,4827908
ygfKp,0.2,4,4,CCTCCCGGGAAAGTTGACAG,0,4823236
ygfKp,0.2,4,4,CCTCAGGGCCAAGTGAGGCT,0,4852795
ygfKp,0.2,4,4,CCTCAAAAGCCGCTCAAAAT,0,4858246
ygfKp,0.2,4,4,CCTATGGGAACGCTCTTAAG,0,4817336
ygfKp,0.2,4,4,CCTATGCAACCTCATTTAGA,0,4849201
ygfKp,0.2,4,4,CCTAGCGCGCCGATATCACC,0,4826983
ygfKp,0.2,4,4,CCTACCCCGGACGGATGCAG,0,4822339
ygfKp,0.2,4,4,CCGTGTTGTGTGTACACCCC,0,4863385
ygfKp,0.2,4,4,CCGTATATTAGCTCGCCACG,0,4836434
ygfKp,0.2,4,4,CCGGTAGGTTGCTCGGCATT,0,4824584
ygfKp,0.2,4,4,CCGGTAATTGAGATTCATTT,0,4831742
ygfKp,0.2,4,4,CCGGCACTGATCAGTAGCCA,0,4821280
ygfKp,0.2,4,4,CCGGAGGAAAGTGAATCATA,0,4822356
ygfKp,0.2,4,4,CCGAACTGGGCTGATGTTCC,0,4830138
ygfKp,0.2,4,4,CCGAACGCTTCAGCCGGTGT,0,4841862
ygfKp,0.2,4,4,CCGAACAGCGTCTAATTGGT,0,4821313
ygfKp,0.2,4,4,CCCTAAGAGCGCATCACCTC,0,4843412
ygfKp,0.2,4,4,CCCGTTAACAGTCTTCTAGA,0,4851908
ygfKp,0.2,4,4,CCCGGAGAAGGGCGCACCCG,0,4824251
ygfKp,0.2,4,4,CCCCGCGGTACGGTATTGAT,0,4828399
ygfKp,0.2,4,4,CCCCCGCCGCGCGTCCCCGA,0,4834324
ygfKp,0.2,4,4,CCCATATCTCAACGTCCCTA,0,4860685
ygfKp,0.2,4,4,CCCAGAGCCTCGAGCAGTAG,0,4850656
ygfKp,0.2,4,4,CCCACCTACGAGACAGTCTG,0,4854426
ygfKp,0.2,4,4,CCAGCTGTACCACGTGGGCG,0,4817574
ygfKp,0.2,4,4,CCACGTCGCCGATTACCGGG,0,4828302
ygfKp,0.2,4,4,CCACGGCGGCCATTACGAGG,0,4836914
ygfKp,0.2,4,4,CCACGCAACAGAGGCTAGAC,0,4839354
ygfKp,0.2,4,4,CCAAAGTGTTTGGAGGGCAA,0,4847005
ygfKp,0.2,4,4,CATTTCTAGAGCCCCGGATA,0,4838337
ygfKp,0.2,4,4,CATTTCGCCGCACTGTCGTT,0,4854294
ygfKp,0.2,4,4,CATTTATCTTCGAGGAACCC,0,4826544
ygfKp,0.2,4,4,CATTGAGGGCAAAACATAAT,0,4861323
ygfKp,0.2,4,4,CATTCAGGCTCCTGCGCCCC,0,4836125
ygfKp,0.2,4,4,CATGAATTCGCGAGAGGAAA,0,4856642
ygfKp,0.2,4,4,CATCAACCATCCGCCAGAAT,0,4829195
ygfKp,0.2,4,4,CATATGAGTACTGGATCATG,0,4845799
ygfKp,0.2,4,4,CATAGTGCAACCTTAAAGCT,0,4819306
ygfKp,0.2,4,4,CAGTTCACCGGCGAACGTGG,0,4861401
ygfKp,0.2,4,4,CAGTGCCACCCATGTTCTGT,0,4853017
ygfKp,0.2,4,4,CAGGTCATGGTCTCGTTCAA,0,4832682
ygfKp,0.2,4,4,CAGGGCATCACTAAGCGAAA,0,4824369
ygfKp,0.2,4,4,CAGGACGTATCGAGCATATA,0,4851772
ygfKp,0.2,4,4,CAGGACCATCCCGGCGGATA,0,4853350
ygfKp,0.2,4,4,CAGCTGTGATCTCTTTTGTT,0,4860995
ygfKp,0.2,4,4,CAGATAGGGTTCTCCTGCGT,0,4846933
ygfKp,0.2,4,4,CAGAGGATCCAGCTAGAGTT,0,4826867
ygfKp,0.2,4,4,CAGACGGTTGGCGCTTACTC,0,4835394
ygfKp,0.2,4,4,CAGACCGAGTAGACCACTCT,0,4860848
ygfKp,0.2,4,4,CAGACAAGGGGGAGTCCCTC,0,4819188
ygfKp,0.2,4,4,CAGAATAACGTACGATTGTA,0,4825549
ygfKp,0.2,4,4,CAGAAGCTCTTTCACATAAG,0,4823687
ygfKp,0.2,4,4,CAGAACAGTGGGAAGACTGT,0,4852573
ygfKp,0.2,4,4,CACTTTCCCAAAGTTCGGGT,0,4836646
ygfKp,0.2,4,4,CACTGTATATATGCTGTTAC,0,4841288
ygfKp,0.2,4,4,CACGTGGCACCCGGTCTTTA,0,4847583
ygfKp,0.2,4,4,CACGTCCCAGGTTTAGTAAC,0,4818415
ygfKp,0.2,4,4,CACGGTTGGGCCAGGCACTA,0,4860947
ygfKp,0.2,4,4,CACCTTCGCGATGCATTGAC,0,4851858
ygfKp,0.2,4,4,CACCCAAGGCAGGAAACTAT,0,4819443
ygfKp,0.2,4,4,CACACAAAAGAAATTATTTA,0,4848728
ygfKp,0.2,4,4,CACAATATCCCAGTCAGAGT,0,4857052
ygfKp,0.2,4,4,CAATAGTTCTTGGGTGCAAA,0,4846155
ygfKp,0.2,4,4,CAAGTCTTCATCGGCACATG,0,4824609
ygfKp,0.2,4,4,CAAGACAGTGTATAAGAAAG,0,4843873
ygfKp,0.2,4,4,CAACGTGTTTGGCTGGGCGC,0,4827024
ygfKp,0.2,4,4,CAACCCTTCGGTTGCTCCCA,0,4822358
ygfKp,0.2,4,4,CAACAGGTCCACAAGCAGGA,0,4839942
ygfKp,0.2,4,4,CAAAGGGGGGCGCTCGATCT,0,4863596
ygfKp,0.2,4,4,CAAACAAATATCCCGCAGAT,0,4819411
ygfKp,0.2,4,4,CAAAAGTTTATCTTCATGGA,0,4849260
ygfKp,0.2,4,4,CAAAAACTCGGAAGAACGTT,0,4844722
ygfKp,0.2,4,4,ATTTCTGCGTAGTAAGACAC,0,4859876
ygfKp,0.2,4,4,ATTGTTGTGCACGCGATTCA,0,4854522
ygfKp,0.2,4,4,ATTGTGGTTTGACTCCGTAG,0,4857814
ygfKp,0.2,4,4,ATTGGTATTTGCCGAACTCT,0,4820487
ygfKp,0.2,4,4,ATTGCATCATCTGCTCGCAT,0,4862931
ygfKp,0.2,4,4,ATTCTGATTCCATAGGTATC,0,4822689
ygfKp,0.2,4,4,ATTCGTCTACAGCTGGAGAC,0,4861088
ygfKp,0.2,4,4,ATTCGGGATACAGTCCCATT,0,4854721
ygfKp,0.2,4,4,ATTCCTGATAAGCCCCCGAA,0,4851932
ygfKp,0.2,4,4,ATTCCGGATCTCCAGCTACT,0,4847338
ygfKp,0.2,4,4,ATTCCACCCCTAGGACTCTC,0,4855607
ygfKp,0.2,4,4,ATTCACTCAGAATTTAACAG,0,4849237
ygfKp,0.2,4,4,ATTACGTCGCATAGCGTGGG,0,4848322
ygfKp,0.2,4,4,ATGTTACATTAGACGCCATC,0,4862562
ygfKp,0.2,4,4,ATGTCCTATCCTAAGAGCGC,0,4838146
ygfKp,0.2,4,4,ATGTAGTCTAAAATGATGGA,0,4849624
ygfKp,0.2,4,4,ATGGGTATGCGCATACTCGA,0,4833804
ygfKp,0.2,4,4,ATGGCAGGCCATAAGCCCTT,0,4842407
ygfKp,0.2,4,4,ATGGATACCCAGTGTTAAAC,0,4848919
ygfKp,0.2,4,4,ATGGACATAGTATAGGCTCT,0,4819448
ygfKp,0.2,4,4,ATGGACAAGGAGGTTCGATG,0,4848766
ygfKp,0.2,4,4,ATGCTTGGCTCCCGTAATGT,0,4863441
ygfKp,0.2,4,4,ATGCGCCCGCGCAGATCAAT,0,4858072
ygfKp,0.2,4,4,ATGCCAGGCGCGTGTAGATG,0,4855790
ygfKp,0.2,4,4,ATGCAAACACCGGTCTCCTT,0,4863786
ygfKp,0.2,4,4,ATGATTGCAATGAACTTCAG,0,4832685
ygfKp,0.2,4,4,ATGAGCCGCACGAAGTATCG,0,4842803
ygfKp,0.2,4,4,ATGACACCCGCATATGTGGG,0,4861574
ygfKp,0.2,4,4,ATCTGGAGGTTACGGTAAAG,0,4817145
ygfKp,0.2,4,4,ATCGTTATAAATCCACCTTA,0,4834120
ygfKp,0.2,4,4,ATCGGGGATAATGCGGCTAT,0,4835304
ygfKp,0.2,4,4,ATCATTGATCGGGAATGTGT,0,4843232
ygfKp,0.2,4,4,ATCATTCGTTAGCAACATAC,0,4818906
ygfKp,0.2,4,4,ATCATTATGCAGATCATAGA,0,4858989
ygfKp,0.2,4,4,ATCAGCGCTTCAATTCGATG,0,4847628
ygfKp,0.2,4,4,ATCACGGATCGGCTCGGGGA,0,4824735
ygfKp,0.2,4,4,ATCACAGCCACTGATAGCTC,0,4818806
ygfKp,0.2,4,4,ATATTTGATTCGATAACGTT,0,4841224
ygfKp,0.2,4,4,ATATTTCCCCGCAATCGAAA,0,4841064
ygfKp,0.2,4,4,ATATGTGAATCGCACTTGAG,0,4824024
ygfKp,0.2,4,4,ATATACCAGAGCCAAGGGAC,0,4834999
ygfKp,0.2,4,4,ATAGTGAGGTTGTACACAGA,0,4853690
ygfKp,0.2,4,4,ATAGTCAAATGCGATAGAAA,0,4822902
ygfKp,0.2,4,4,ATAGGGTTCAGGGATTCATG,0,4834306
ygfKp,0.2,4,4,ATAGGGGACTGTCCGATTCA,0,4847613
ygfKp,0.2,4,4,ATAGCATAATTATGGTAGTT,0,4847550
ygfKp,0.2,4,4,ATAGCACTTTCAGCCACTTG,0,4818909
ygfKp,0.2,4,4,ATAGAGCTTACTTCGGCGCG,0,4844813
ygfKp,0.2,4,4,ATACTTGGGAGCCTCCCGCG,0,4854318
ygfKp,0.2,4,4,ATACCTGTACTAGCTCCTCA,0,4823890
ygfKp,0.2,4,4,ATACCGTCTCTCTGCACACC,0,4832126
ygfKp,0.2,4,4,ATACAGGGACGTTTGGGGTA,0,4826311
ygfKp,0.2,4,4,ATACAATTGGCCAGAGTTCA,0,4818529
ygfKp,0.2,4,4,ATAAGCGTACGGCATTCTAT,0,4857541
ygfKp,0.2,4,4,ATAAGCCCACAGAACCGTGT,0,4841432
ygfKp,0.2,4,4,ATAAGCCACCCGCGGGGCTC,0,4856893
ygfKp,0.2,4,4,ATAACCTCCCTCGCAGAAGT,0,4833020
ygfKp,0.2,4,4,AGTTGCGTCTATCTCCGGAT,0,4858731
ygfKp,0.2,4,4,AGTTGCGCGTAAGCGAAACA,0,4845842
ygfKp,0.2,4,4,AGTTCTAAGTCCTAGGTTCG,0,4850250
ygfKp,0.2,4,4,AGTCTCAACCCGGACCAAAT,0,4825846
ygfKp,0.2,4,4,AGTCGTCCGGACGTGTCAAA,0,4828997
ygfKp,0.2,4,4,AGTCCCCTGCTCGGGAAGGT,0,4818307
ygfKp,0.2,4,4,AGTATAACGCCGACCTAGTG,0,4853358
ygfKp,0.2,4,4,AGTAGCCCAGGGTACGAGAG,0,4841091
ygfKp,0.2,4,4,AGTAGACGCCTATTGATAGT,0,4827803
ygfKp,0.2,4,4,AGTACTGACGTCCCCCTTGT,0,4818018
ygfKp,0.2,4,4,AGTACGTAGCCTTTGGGGTG,0,4824279
ygfKp,0.2,4,4,AGGTTCAAGTTCGAAGCCGC,0,4824670
ygfKp,0.2,4,4,AGGTGAGGAGAATAGTGATC,0,4824582
ygfKp,0.2,4,4,AGGGGCAAACCCCGCTATCA,0,4860690
ygfKp,0.2,4,4,AGGGAATGGTACGTGAGCCG,0,4847827
ygfKp,0.2,4,4,AGGCTTGCTGGCGTACTTGC,0,4833718
ygfKp,0.2,4,4,AGGCTCGAATCCACGGCTTG,0,4856827
ygfKp,0.2,4,4,AGGCTCATCTGACACCTCTG,0,4849784
ygfKp,0.2,4,4,AGGCGGCCATTATCACTCAA,0,4830741
ygfKp,0.2,4,4,AGGCCTCTTTCAAGATGTTA,0,4818894
ygfKp,0.2,4,4,AGGCCAGATCACTATGACCC,0,4860084
ygfKp,0.2,4,4,AGGAGCCTTTGCCCCCAGCG,0,4841631
ygfKp,0.2,4,4,AGCTGCGTGTTCCTTCGTCA,0,4822606
ygfKp,0.2,4,4,AGCGTTCATATTTACCGACC,0,4852053
ygfKp,0.2,4,4,AGCGGAAAATCCTCTTGTCT,0,4856372
ygfKp,0.2,4,4,AGCGATTGTCGGTCCTCAGT,0,4849010
ygfKp,0.2,4,4,AGCGATGTGCATCACGGTAG,0,4854715
ygfKp,0.2,4,4,AGCGACTTACGCAACACAAG,0,4850483
ygfKp,0.2,4,4,AGCCGAAGGAACCACAGTAA,0,4853476
ygfKp,0.2,4,4,AGCCAGCAAAGTGTAACAGT,0,4823736
ygfKp,0.2,4,4,AGATCAGAAAATCCCTTTGT,0,4834479
ygfKp,0.2,4,4,AGAGAGGGAGCTGTATCCGG,0,4829105
ygfKp,0.2,4,4,AGACTTTAGTATAAATTTAA,0,4856346
ygfKp,0.2,4,4,AGACCTGTCGGTATATGAGC,0,4828331
ygfKp,0.2,4,4,AGACCTGTACGTGTATCCAT,0,4845776
ygfKp,0.2,4,4,AGACCGACCACGCGTTCGAC,0,4843909
ygfKp,0.2,4,4,AGACAGACATCGCGAGTCAA,0,4832445
ygfKp,0.2,4,4,AGAATCGAATAGAGACCCCT,0,4820331
ygfKp,0.2,4,4,AGAAAGGAAGACCGATACGA,0,4829839
ygfKp,0.2,4,4,ACTTGTCAGGCTCATCACGT,0,4843706
ygfKp,0.2,4,4,ACTGTCCGATTACCCCGTCT,0,4863244
ygfKp,0.2,4,4,ACTGGGTTTGACAATCACTT,0,4834951
ygfKp,0.2,4,4,ACTCTTCTTTTCGATATGTA,0,4839905
ygfKp,0.2,4,4,ACTCTTAATGACTACTTCGC,0,4851765
ygfKp,0.2,4,4,ACTCGGGCGTGAAGCCTTCT,0,4860421
ygfKp,0.2,4,4,ACTATGCTATCTCAAATCAG,0,4830022
ygfKp,0.2,4,4,ACTATGCAGAATGTATTGAT,0,4858439
ygfKp,0.2,4,4,ACTATCGTAAATAGGGCAGA,0,4845789
ygfKp,0.2,4,4,ACTAAGTAATTCCATGAAGG,0,4824011
ygfKp,0.2,4,4,ACGTGTTATTATTCGATCAG,0,4863241
ygfKp,0.2,4,4,ACGTCAGGACTAGGCCTTTA,0,4840086
ygfKp,0.2,4,4,ACGTATTGGGATTATTTCTT,0,4853614
ygfKp,0.2,4,4,ACGTAATGGCCTATAGGGCG,0,4847113
ygfKp,0.2,4,4,ACGGGGACGACGGACATATC,0,4853923
ygfKp,0.2,4,4,ACGGGCTTCGTGCTTAGAGT,0,4839202
ygfKp,0.2,4,4,ACGGGAAGACCTTTGCGCCC,0,4843429
ygfKp,0.2,4,4,ACGCGATAGAGATTAATATA,0,4825247
ygfKp,0.2,4,4,ACGCCACCCAACTACTAGAA,0,4827626
ygfKp,0.2,4,4,ACGCAACTCAGTCCAAAGAA,0,4819714
ygfKp,0.2,4,4,ACGAGCGGTGAAGTATAGTA,0,4852933
ygfKp,0.2,4,4,ACGAAAGTAACAACGACACT,0,4860082
ygfKp,0.2,4,4,ACCTACAAACTCTGCTTGCG,0,4830014
ygfKp,0.2,4,4,ACCGCTGACATTACCAACAA,0,4849604
ygfKp,0.2,4,4,ACCGCACCCTGTTGAGCTTT,0,4826174
ygfKp,0.2,4,4,ACCCTGGCGCCCGCCCTTCA,0,4861568
ygfKp,0.2,4,4,ACCACGCGATTTGAGCTTAT,0,4846514
ygfKp,0.2,4,4,ACATAATACGTGGATCCCTT,0,4839287
ygfKp,0.2,4,4,ACAGTATAAGTTGCCCGGGA,0,4825784
ygfKp,0.2,4,4,ACACAGGGCCCATCGTCCGC,0,4832699
ygfKp,0.2,4,4,AATTTAATATGGCGGCTATA,0,4819206
ygfKp,0.2,4,4,AATTATTGTCGCTAGCTTAA,0,4836656
ygfKp,0.2,4,4,AATGTCAACGGCGGGGTCAA,0,4849012
ygfKp,0.2,4,4,AATGTAAAGAACGAGTCTTA,0,4827901
ygfKp,0.2,4,4,AATGAGGCACGCGACTCGCG,0,4835152
ygfKp,0.2,4,4,AATACTATACCTACCCCGAG,0,4827339
ygfKp,0.2,4,4,AATAATATCTGGGCTCGGCA,0,4843676
ygfKp,0.2,4,4,AAGTTCATGCGTTAGCCAAC,0,4862346
ygfKp,0.2,4,4,AAGTAGCGTGAAGACTTTAT,0,4849767
ygfKp,0.2,4,4,AAGGTTTTATCTGCGACCGC,0,4848297
ygfKp,0.2,4,4,AAGGGCCTCATATAATTGTC,0,4826182
ygfKp,0.2,4,4,AAGGAGCCTATCCCGCTAGC,0,4855315
ygfKp,0.2,4,4,AAGCATGCGTTGTGACGTCA,0,4834641
ygfKp,0.2,4,4,AAGCAAGCTGTTTTGCTTCG,0,4850942
ygfKp,0.2,4,4,AAGATCCTCAATCGGGTGAG,0,4849025
ygfKp,0.2,4,4,AAGAGGCTTGGTTTCAGTCA,0,4854400
ygfKp,0.2,4,4,AAGACTAGACGTGGAGTGTC,0,4851504
ygfKp,0.2,4,4,AAGACGCGACGAACTGGTAC,0,4835021
ygfKp,0.2,4,4,AACTTCGCTCTTCACTGTGC,0,4826450
ygfKp,0.2,4,4,AACTTACCCTACGTTGTCGG,0,4849811
ygfKp,0.2,4,4,AACTTAATCTAGACGTTCTG,0,4830944
ygfKp,0.2,4,4,AACTCGCCTTGTCAGGCGGT,0,4818592
ygfKp,0.2,4,4,AACTCCAGCTAGCAGTCTTG,0,4860252
ygfKp,0.2,4,4,AACGTGGGTCAATCTCGTCC,0,4827296
ygfKp,0.2,4,4,AACGTACCGAGAAAATCTGG,0,4860368
ygfKp,0.2,4,4,AACGGCTTAAAATTGTTGCG,0,4836580
ygfKp,0.2,4,4,AACCGTAATCTACGGGAGGA,0,4834656
ygfKp,0.2,4,4,AACAAGCTCATGCACTGGAA,0,4848502
ygfKp,0.2,4,4,AAATTGTGTTGCGAACGACC,0,4859246
ygfKp,0.2,4,4,AAATATTCACGTTTATCGCA,0,4819539
ygfKp,0.2,4,4,AAATATAATCCATAGGATGT,0,4818411
ygfKp,0.2,4,4,AAATAGTGTGCAAGCAACGC,0,4819981
ygfKp,0.2,4,4,AAAGTACAGTTCACTTTCAG,0,4859383
ygfKp,0.2,4,4,AAAGGGTCCCAGGAAGCTAA,0,4863348
ygfKp,0.2,4,4,AAAGCCAGAAGGAAACCTGC,0,4833319
ygfKp,0.2,4,4,AAAGCATCAATAATTGGAAA,0,4840276
ygfKp,0.2,4,4,AAAGAAGTTTTTCCTAGTAT,0,4822811
ygfKp,0.2,4,4,AAACCTAGGACGTTGAATCA,0,4858356
ygfKp,0.2,4,4,AAAATCGTAAGTCGTGGTGT,0,4855776
ygfKp,0.2,4,4,AAAACAGCCGATTACCTCAT,0,4852658
ygfKp,0.2,4,4,AAAAAACTAGACAACGACAT,0,4862485
ygfKp,0.25,3,3,TTTTTCTGTGGAAAATGTGC,0,4820528
ygfKp,0.25,3,3,TTTTTAACGGGTGCACCCCC,0,4828163
ygfKp,0.25,3,3,TTTTGCCCGAGGTCATGAAA,0,4855271
ygfKp,0.25,3,3,TTTTATAGTCTAGAAGCGCA,0,4856038
ygfKp,0.25,3,3,TTTTAATTGCAATGGCCCAC,0,4850634
ygfKp,0.25,3,3,TTTGTCGGTTCTATACGCCA,0,4818308
ygfKp,0.25,3,3,TTTGGCTTCGTAAAATACTT,0,4817157
ygfKp,0.25,3,3,TTTGGCTAGCGTTTAGTTAA,0,4857440
ygfKp,0.25,3,3,TTTGGCACTCCAGCAGGAAC,0,4840169
ygfKp,0.25,3,3,TTTCGTTTCAGAATGTCGAA,0,4828167
ygfKp,0.25,3,3,TTTCCTTAACAACGGGCTAT,0,4845293
ygfKp,0.25,3,3,TTTCCGCTTGACCACTCCAC,0,4842872
ygfKp,0.25,3,3,TTTCAGCAGGCATACTAACA,0,4837932
ygfKp,0.25,3,3,TTTCAACTGGCTTGGCACTT,0,4862076
ygfKp,0.25,3,3,TTTATCGTCAAACCTAACAA,0,4836800
ygfKp,0.25,3,3,TTTATATGGCCCAGGAGTCA,0,4844849
ygfKp,0.25,3,3,TTTACCTGAAAGCCCAAACC,0,4852972
ygfKp,0.25,3,3,TTTACAGCAATCATTCGGCG,0,4826147
ygfKp,0.25,3,3,TTGTTTCGTTACGTGTGGCT,0,4832498
ygfKp,0.25,3,3,TTGTGGACATACACAGCAAG,0,4841251
ygfKp,0.25,3,3,TTGGTACTTTTATTCGCAAA,0,4847026
ygfKp,0.25,3,3,TTGGGGTCCTCAACAGCAAG,0,4830844
ygfKp,0.25,3,3,TTGGGGGCTTTATGCGTGCT,0,4844943
ygfKp,0.25,3,3,TTGGGCTTGATCCGCGTTAG,0,4820280
ygfKp,0.25,3,3,TTGCTAGCACCCCCGAGGTC,0,4846668
ygfKp,0.25,3,3,TTGCGAATGCGGTATGTCAT,0,4825852
ygfKp,0.25,3,3,TTGCAAGAGTCAACCAGCGT,0,4857424
ygfKp,0.25,3,3,TTGAGCCAATACGCGAGGTT,0,4839343
ygfKp,0.25,3,3,TTGACAGTGTAGACCGGCCA,0,4862294
ygfKp,0.25,3,3,TTGAATCCCGGTTGTAACTT,0,4833340
ygfKp,0.25,3,3,TTGAAGTTTCAGTTGTGTTG,0,4819697
ygfKp,0.25,3,3,TTCTTTTACCGAATCAATAT,0,4852871
ygfKp,0.25,3,3,TTCTGATTCTGGGCAATGGC,0,4861505
ygfKp,0.25,3,3,TTCTCAATGTGTTGTGGGGT,0,4861905
ygfKp,0.25,3,3,TTCGTCAGGAAGCATTTGTC,0,4823486
ygfKp,0.25,3,3,TTCGACGGAACAATCCGCTC,0,4824154
ygfKp,0.25,3,3,TTCCGACCCCGGTGGGGGTC,0,4829942
ygfKp,0.25,3,3,TTCCAACGGCTCGTGAAAGA,0,4857170
ygfKp,0.25,3,3,TTCAGGCAGGTCCCAATAAG,0,4822319
ygfKp,0.25,3,3,TTCACACAAAGTACTCGGTT,0,4829346
ygfKp,0.25,3,3,TTCAACGGTCACAGGTGACC,0,4846573
ygfKp,0.25,3,3,TTATCCTAGCGGCTATTGCT,0,4843911
ygfKp,0.25,3,3,TTATAAAGGGAAGCATGCCC,0,4818339
ygfKp,0.25,3,3,TTAGGGTAGTGTTACTCTTT,0,4824294
ygfKp,0.25,3,3,TTAGAGTCTTGTATGGAGCG,0,4831682
ygfKp,0.25,3,3,TTAGACTACACTGCTCGGTA,0,4822682
ygfKp,0.25,3,3,TTACAGTTTGCCGTATTATA,0,4842705
ygfKp,0.25,3,3,TTACAGAGACGCTGGGTATC,0,4844759
ygfKp,0.25,3,3,TTAACGTTGATAATGACCGG,0,4860259
ygfKp,0.25,3,3,TGTTTCAGAATGCAGGTAAC,0,4826562
ygfKp,0.25,3,3,TGTGTCAACTAATCAACGGA,0,4850619
ygfKp,0.25,3,3,TGTGCTCCCACAGTTCGATT,0,4839740
ygfKp,0.25,3,3,TGTCTGTAAGGGCCAGCGGG,0,4833314
ygfKp,0.25,3,3,TGTATAGAGGGTGAGTTGAA,0,4820903
ygfKp,0.25,3,3,TGTAGTGCGCACAATTCGAA,0,4817870
ygfKp,0.25,3,3,TGTAGTAGTGACCACAGTCT,0,4861351
ygfKp,0.25,3,3,TGTACAACTCAACGTAGCAC,0,4844270
ygfKp,0.25,3,3,TGTAAGTTAGTCGGAACAAA,0,4860325
ygfKp,0.25,3,3,TGGTTCGTAGGCCACCCAAC,0,4834930
ygfKp,0.25,3,3,TGGTTAGTTTAATTCATTAC,0,4847559
ygfKp,0.25,3,3,TGGGGCTACATTTGAGGCTA,0,4835290
ygfKp,0.25,3,3,TGGGCACGGCTCGAGTGATA,0,4834292
ygfKp,0.25,3,3,TGGGATGAGTATTTCGAAAA,0,4824183
ygfKp,0.25,3,3,TGGCTCCACGGAACCATCGA,0,4845119
ygfKp,0.25,3,3,TGGCTAGTGACATGCATGCT,0,4820053
ygfKp,0.25,3,3,TGGCTACGACGCTTAAAGCT,0,4847884
ygfKp,0.25,3,3,TGGCCTTCACGTCGTAAACT,0,4855137
ygfKp,0.25,3,3,TGGCCATTCTATTTGTAGCC,0,4836644
ygfKp,0.25,3,3,TGGCATTTGCTGCACCCCGC,0,4818652
ygfKp,0.25,3,3,TGGCACCCCCGTAAGGAAGC,0,4861498
ygfKp,0.25,3,3,TGGCAACGCCGTCTTGTGCA,0,4843652
ygfKp,0.25,3,3,TGGATTCTCTACAAACAAGG,0,4845969
ygfKp,0.25,3,3,TGGATCCGTTCATACTTAGA,0,4823978
ygfKp,0.25,3,3,TGGAGGTGACCCCGCTTGTA,0,4819337
ygfKp,0.25,3,3,TGGAGAGTCAAGTTAAAGGC,0,4833574
ygfKp,0.25,3,3,TGCTTGCGGCAACCAGGAAC,0,4827406
ygfKp,0.25,3,3,TGCTGATGACAACGCATAGT,0,4819852
ygfKp,0.25,3,3,TGCGCAATTTTAGCGATACT,0,4818815
ygfKp,0.25,3,3,TGCGACGAAAGGGGTAGAAA,0,4854306
ygfKp,0.25,3,3,TGCGAAGCCGTCCGCCCGTA,0,4850532
ygfKp,0.25,3,3,TGCCTTGGGCGACTTTCGAT,0,4829775
ygfKp,0.25,3,3,TGCCTGTTATACTCCATCAC,0,4829436
ygfKp,0.25,3,3,TGCCGTGAGGAGCCTCAGAG,0,4839018
ygfKp,0.25,3,3,TGCCGCAGGACCACCTATCG,0,4858980
ygfKp,0.25,3,3,TGCCATGGACGCCCTTGGGT,0,4843035
ygfKp,0.25,3,3,TGCCAAGTATAACTTCATAG,0,4820482
ygfKp,0.25,3,3,TGCAGTCCAAGAGCCTCGAG,0,4840120
ygfKp,0.25,3,3,TGCAATGGCGTTCTGGAGGG,0,4836172
ygfKp,0.25,3,3,TGATTTCCGACCGTAAGGCA,0,4846266
ygfKp,0.25,3,3,TGATCGCCACGGCCAGGGCT,0,4846960
ygfKp,0.25,3,3,TGATCAACACGGTGGTACCA,0,4818532
ygfKp,0.25,3,3,TGATAAGTTCCCTTTCGTTT,0,4840433
ygfKp,0.25,3,3,TGAGTATTTTGACCGTTACT,0,4849596
ygfKp,0.25,3,3,TGAGGTGTCAAGTGACGTTT,0,4822634
ygfKp,0.25,3,3,TGACTCCTCCGTCGAAGTGC,0,4843381
ygfKp,0.25,3,3,TGACCTGGGAGCACTGAGAC,0,4841051
ygfKp,0.25,3,3,TGACATGACGAGGACGCGAC,0,4825581
ygfKp,0.25,3,3,TGACAGTCGTTTATTTGGGG,0,4860354
ygfKp,0.25,3,3,TCTTTTTTGGCTATTGACGT,0,4853735
ygfKp,0.25,3,3,TCTTTGGCTTCGACAGGGTC,0,4823420
ygfKp,0.25,3,3,TCTTGATGGACATGTGGCTT,0,4821421
ygfKp,0.25,3,3,TCTTCGTGAGCCAAAGCACT,0,4848827
ygfKp,0.25,3,3,TCTTCGATAGTAAACCACGT,0,4844127
ygfKp,0.25,3,3,TCTTACGGGGATTATACGTG,0,4849677
ygfKp,0.25,3,3,TCTCGGCTGTTGGAGCGATT,0,4834560
ygfKp,0.25,3,3,TCTCCAGGCTGGCAACACCA,0,4855649
ygfKp,0.25,3,3,TCTCATGACACAAGCGTCTA,0,4817657
ygfKp,0.25,3,3,TCTAGTACGAGGTTATTGCA,0,4843028
ygfKp,0.25,3,3,TCGTCGATAGTAATACCGGG,0,4826325
ygfKp,0.25,3,3,TCGGATCGTGGGAGCAGGCG,0,4821944
ygfKp,0.25,3,3,TCGCTGTCGGGCTTTAGTTG,0,4855816
ygfKp,0.25,3,3,TCGCTACATTCGTGATAGAA,0,4836784
ygfKp,0.25,3,3,TCGCACTGCAGCTTAAGGGC,0,4835997
ygfKp,0.25,3,3,TCGAGGAAAGGCTAAGCGTG,0,4844727
ygfKp,0.25,3,3,TCCTCAAAGCTAACATTAGG,0,4822620
ygfKp,0.25,3,3,TCCGTCGGCCTTACCCCTAG,0,4847069
ygfKp,0.25,3,3,TCCGTAAGTTCAATTAGCGA,0,4847200
ygfKp,0.25,3,3,TCCGCTCCTCTCCCTTAGTA,0,4825562
ygfKp,0.25,3,3,TCCGCGCATTTGCCATAAAC,0,4820387
ygfKp,0.25,3,3,TCCCATTGGCCATTACTTTC,0,4862251
ygfKp,0.25,3,3,TCCCACTCGCGTACGAAACA,0,4827816
ygfKp,0.25,3,3,TCCATAGTCTACGTAAAGGG,0,4860112
ygfKp,0.25,3,3,TCCAGGTGGGTCAGTAAATA,0,4842501
ygfKp,0.25,3,3,TCCACCCACGCATCCTACAC,0,4853334
ygfKp,0.25,3,3,TCCACATACCGCATGGGTGC,0,4855832
ygfKp,0.25,3,3,TCCAATTACTCAAAATCAGA,0,4835007
ygfKp,0.25,3,3,TCATTGTGGCTAAGCAATCA,0,4839731
ygfKp,0.25,3,3,TCATCTTCCGAGGGCACCGA,0,4827721
ygfKp,0.25,3,3,TCATACATGGTTATCTAAAT,0,4858377
ygfKp,0.25,3,3,TCAGCAGATAAAGAGAACCT,0,4820445
ygfKp,0.25,3,3,TCAGACACATTAGGCTAACA,0,4846165
ygfKp,0.25,3,3,TCACGTACCGGAACTATGGG,0,4844141
ygfKp,0.25,3,3,TCACCCGAGGGCTCCCAGTT,0,4844663
ygfKp,0.25,3,3,TCACACGGACGAGCGAACAG,0,4844839
ygfKp,0.25,3,3,TCAATGTCGCTGCTCCAACG,0,4849778
ygfKp,0.25,3,3,TCAATCTCAAAAGTATGTAA,0,4852132
ygfKp,0.25,3,3,TCAAGCCAAAGCTGGGACGC,0,4851740
ygfKp,0.25,3,3,TCAACGCCGACCTTGGTTAG,0,4854696
ygfKp,0.25,3,3,TCAAATACGCACCTCTGCAG,0,4863290
ygfKp,0.25,3,3,TCAAACTACATTCCGAAGTT,0,4826466
ygfKp,0.25,3,3,TATTTTTACTCCGGTACAAC,0,4828318
ygfKp,0.25,3,3,TATTCCGGATCAGTAAGAAC,0,4843158
ygfKp,0.25,3,3,TATTACTAATGCGAGTATAC,0,4820646
ygfKp,0.25,3,3,TATTACCTCGCTTGGTCGAG,0,4819568
ygfKp,0.25,3,3,TATGTCTGACTTTTTTAAAA,0,4850478
ygfKp,0.25,3,3,TATGGAGTGTTATACCCTTT,0,4859549
ygfKp,0.25,3,3,TATCTTCTACATACATGCCG,0,4853687
ygfKp,0.25,3,3,TATCCGCAGATCATAACGCG,0,4849636
ygfKp,0.25,3,3,TATCCGACCGGCAATGAAAC,0,4825571
ygfKp,0.25,3,3,TATCATATTCAGCGCAGCTC,0,4844702
ygfKp,0.25,3,3,TATATAGCGAACTCTGTGTA,0,4825437
ygfKp,0.25,3,3,TATACGGAACGGCGATTCGG,0,4823158
ygfKp,0.25,3,3,TAGGTTTAGGCTAGGCGTAC,0,4847330
ygfKp,0.25,3,3,TAGGGCCGAACTACGTGGCA,0,4843452
ygfKp,0.25,3,3,TAGGCGTCAGAATCTTTTCG,0,4850400
ygfKp,0.25,3,3,TAGGCGAACCAGACAACCTG,0,4846078
ygfKp,0.25,3,3,TAGGCACCATTACTCGCTAT,0,4838912
ygfKp,0.25,3,3,TAGCCGCGTGGCAGGCGGGC,0,4838537
ygfKp,0.25,3,3,TAGACTTAAATTATAGGAAG,0,4855395
ygfKp,0.25,3,3,TAGACTGTCAGGTACCCCGT,0,4830333
ygfKp,0.25,3,3,TAGAATTATTCAATGGCGCT,0,4842311
ygfKp,0.25,3,3,TAGAACCAGGATAGTCTGCA,0,4825962
ygfKp,0.25,3,3,TACTATGGAGCCGGGTGAGA,0,4830664
ygfKp,0.25,3,3,TACGGGTAGCCCATGGCGGT,0,4836130
ygfKp,0.25,3,3,TACGGCAAGGCCAACAATAA,0,4859627
ygfKp,0.25,3,3,TACGATCATCTGCCAGGGTA,0,4821615
ygfKp,0.25,3,3,TACCTTAGTTCGGGTATATA,0,4858396
ygfKp,0.25,3,3,TACCGCGTGAAACTGCCGAC,0,4862671
ygfKp,0.25,3,3,TACCCGTTGTTCGTGACTGA,0,4826660
ygfKp,0.25,3,3,TACAGACCCACTCTAGTGGT,0,4846094
ygfKp,0.25,3,3,TAATTTTAACCTGTACAGCC,0,4845517
ygfKp,0.25,3,3,TAATTGTTGGAGAGGTAGTT,0,4823110
ygfKp,0.25,3,3,TAATGGGATTTTTGTACGTG,0,4839945
ygfKp,0.25,3,3,TAATAGAATGAAGTGCTTGA,0,4846690
ygfKp,0.25,3,3,TAATAGAACTCAGTACGCGC,0,4841714
ygfKp,0.25,3,3,TAATACAAGTACCTGATCAA,0,4862549
ygfKp,0.25,3,3,TAAGTTGCGTAGCGCTCTTG,0,4827042
ygfKp,0.25,3,3,TAAGTGTGGGGGCCATTCGG,0,4819665
ygfKp,0.25,3,3,TAAGCCGGGGTACGGACTTC,0,4841206
ygfKp,0.25,3,3,TAACGTTTTTCCTTGAGTTT,0,4840167
ygfKp,0.25,3,3,TAAAGAAATAACGCTACTGG,0,4849195
ygfKp,0.25,3,3,GTTTTGGTCATAATTCGAAC,0,4854235
ygfKp,0.25,3,3,GTTTTAACTAGACAAAGCTA,0,4831170
ygfKp,0.25,3,3,GTTTATTGGAACAACTTGTG,0,4843072
ygfKp,0.25,3,3,GTTGTACGTTACACAAGAAT,0,4826848
ygfKp,0.25,3,3,GTTGCCGTCGTGCGACTGTT,0,4821864
ygfKp,0.25,3,3,GTTCGTCTTCTTACTAAATT,0,4859369
ygfKp,0.25,3,3,GTGTTTTCGTAAACTACGGA,0,4846424
ygfKp,0.25,3,3,GTGTGCTCCAGTATCCAGTA,0,4824816
ygfKp,0.25,3,3,GTGTCCTCCTGGTTCAAATG,0,4834299
ygfKp,0.25,3,3,GTGTAGTGAGTGATCGAGGC,0,4839270
ygfKp,0.25,3,3,GTGGTCTCCTCTACGGTACG,0,4837901
ygfKp,0.25,3,3,GTGGTATTACGTTAGAGCAT,0,4842921
ygfKp,0.25,3,3,GTGGATGCATTCGAAGGTAG,0,4839604
ygfKp,0.25,3,3,GTGGAAGTCGAGCACTCTGC,0,4817738
ygfKp,0.25,3,3,GTGCTGGATATCACACTGAC,0,4825826
ygfKp,0.25,3,3,GTGCGTTATCTGGGGAGCCG,0,4822810
ygfKp,0.25,3,3,GTGATACCTTAGTGCTTTCG,0,4863540
ygfKp,0.25,3,3,GTGAAAACTCCATGTACCAC,0,4856664
ygfKp,0.25,3,3,GTCTTCTGCGCAGCTGGACT,0,4836617
ygfKp,0.25,3,3,GTCTCTGACAATAGGTTAAA,0,4851528
ygfKp,0.25,3,3,GTCTCACGACATGTAACGGT,0,4817861
ygfKp,0.25,3,3,GTCTAGACGAGGAAGTATAC,0,4839436
ygfKp,0.25,3,3,GTCGTTACTCGGTAAAGCAT,0,4860085
ygfKp,0.25,3,3,GTCGGTGACATGAAGCGCAA,0,4844216
ygfKp,0.25,3,3,GTCGGGGGAACGCGCTGATC,0,4821283
ygfKp,0.25,3,3,GTCGCAGGTATGGTGTGCAT,0,4823155
ygfKp,0.25,3,3,GTCCTGGCTCCATTCTGAAG,0,4825150
ygfKp,0.25,3,3,GTCCCTTGAGTTTCGCTTCA,0,4857819
ygfKp,0.25,3,3,GTCCAAATACTCCGTCGTCC,0,4836224
ygfKp,0.25,3,3,GTCATCTTACAGCGCAGACG,0,4832906
ygfKp,0.25,3,3,GTCAAGTCCAGAATGCTATA,0,4827601
ygfKp,0.25,3,3,GTCAAGCTCAGGACCGATAT,0,4836942
ygfKp,0.25,3,3,GTCAAGCTATGTAGTGTGAT,0,4850485
ygfKp,0.25,3,3,GTCAAATGACACCTTCGTGG,0,4837364
ygfKp,0.25,3,3,GTATTGCTACGCCCAGGACC,0,4836173
ygfKp,0.25,3,3,GTATCATCGACGGCGATCAG,0,4845064
ygfKp,0.25,3,3,GTAGTTGCCATGTATCACTG,0,4847865
ygfKp,0.25,3,3,GTAGGGTTCACGAACGGTCT,0,4837922
ygfKp,0.25,3,3,GTAGCTACATCCAGGCCCTC,0,4851023
ygfKp,0.25,3,3,GTAGCCGGACCCAATCAGAG,0,4819592
ygfKp,0.25,3,3,GTAGCCAGTGTGTAGGACGG,0,4818502
ygfKp,0.25,3,3,GTACGGGGGGATGACCTAAT,0,4830949
ygfKp,0.25,3,3,GTACAAGTCTGTTTAGCTCT,0,4834510
ygfKp,0.25,3,3,GTAATAAGAGGTCTAGTACA,0,4863777
ygfKp,0.25,3,3,GTAACGTTGTTACAGCCCAT,0,4834587
ygfKp,0.25,3,3,GTAAAAGCGTATTGCTCTGT,0,4824378
ygfKp,0.25,3,3,GGTTTCTACAATACAACCTG,0,4850663
ygfKp,0.25,3,3,GGTTCCTCCCCGCTGGTATA,0,4852557
ygfKp,0.25,3,3,GGTTATCGCCCAGGTATACG,0,4846576
ygfKp,0.25,3,3,GGTGTGGGCGTGCCACGGGT,0,4826096
ygfKp,0.25,3,3,GGTGTGCAGCGGGAAGCACG,0,4843469
ygfKp,0.25,3,3,GGTGTCACCATATCTTTGAT,0,4857407
ygfKp,0.25,3,3,GGTGTACCACTACGTCTGAA,0,4833927
ygfKp,0.25,3,3,GGTGGCTGGCCTTTAGGCGG,0,4860648
ygfKp,0.25,3,3,GGTGAAGGACGTGAGATATG,0,4831739
ygfKp,0.25,3,3,GGTCGGACTTGAGGCTGCGT,0,4829767
ygfKp,0.25,3,3,GGTCCTTCGAACGCAAATTA,0,4818637
ygfKp,0.25,3,3,GGTCCATGAGTGAAGGATCG,0,4835951
ygfKp,0.25,3,3,GGTCCATATATGGGCTCGCT,0,4847561
ygfKp,0.25,3,3,GGTCAACCCTATGCGTTAAT,0,4842425
ygfKp,0.25,3,3,GGTATATGAAGGTAAGGGCA,0,4862069
ygfKp,0.25,3,3,GGTATATAGATTATCGGGGC,0,4826162
ygfKp,0.25,3,3,GGTATAGACGCATTAGACTT,0,4827128
ygfKp,0.25,3,3,GGTAGTCATCCTGAAAGAAG,0,4853684
ygfKp,0.25,3,3,GGTACCATTACTCCGCAGGC,0,4819359
ygfKp,0.25,3,3,GGTACATGATAGTACAGCGA,0,4825849
ygfKp,0.25,3,3,GGGTTAGTGGTACATACTGT,0,4817289
ygfKp,0.25,3,3,GGGTCGGTGGCTACAGCAAA,0,4849657
ygfKp,0.25,3,3,GGGTCGGACAGTTAGTATGC,0,4834229
ygfKp,0.25,3,3,GGGTAATGTTCGTGCATTAT,0,4833598
ygfKp,0.25,3,3,GGGGTTGGATGAAATGAACG,0,4837185
ygfKp,0.25,3,3,GGGGTTCATAAGGAAAGGAA,0,4846092
ygfKp,0.25,3,3,GGGGTTATTGACGATCTCAG,0,4822548
ygfKp,0.25,3,3,GGGGGGCCTCTTTTCTGGTA,0,4842280
ygfKp,0.25,3,3,GGGGCGCAACATATTAACAT,0,4825799
ygfKp,0.25,3,3,GGGGCACAAAGAATAATGTA,0,4855075
ygfKp,0.25,3,3,GGGGAGTGAATAGGTTTTTG,0,4827548
ygfKp,0.25,3,3,GGGCTTGTCAAAGCGATTAC,0,4853257
ygfKp,0.25,3,3,GGGCTATACAGCCCTACGAC,0,4836845
ygfKp,0.25,3,3,GGGCAATCTTCCGGGTGGCC,0,4817331
ygfKp,0.25,3,3,GGGAGGAATTGTTTCTGTTT,0,4863355
ygfKp,0.25,3,3,GGGACACATCAAGTCCATGG,0,4855630
ygfKp,0.25,3,3,GGGAATAGATACCGGTACCA,0,4819180
ygfKp,0.25,3,3,GGCTGGGCGATTCATCACAT,0,4818832
ygfKp,0.25,3,3,GGCTGAGTGGTGTTGTAGCT,0,4827576
ygfKp,0.25,3,3,GGCTCTGCGTCGAGGTGTCT,0,4820052
ygfKp,0.25,3,3,GGCTCTCACGGCATAGCCGA,0,4857578
ygfKp,0.25,3,3,GGCGTACGGGTCGAGGTCCC,0,4817827
ygfKp,0.25,3,3,GGCGGGATGGGTGAGTCGAG,0,4863703
ygfKp,0.25,3,3,GGCGCCGGCCGATGTCGCCT,0,4834586
ygfKp,0.25,3,3,GGCATAATCGGAAGGTGTAT,0,4819085
ygfKp,0.25,3,3,GGCAGGGTGCAAATGTCGTG,0,4823836
ygfKp,0.25,3,3,GGCAGGCGCAGACCAGGATG,0,4857237
ygfKp,0.25,3,3,GGCACTAGATTAACCCTGGA,0,4825465
ygfKp,0.25,3,3,GGCACGGATGATTTGCCCCT,0,4824182
ygfKp,0.25,3,3,GGCACGCCGCTAAGGTTACG,0,4851842
ygfKp,0.25,3,3,GGCAACTCACTAACTATAGT,0,4824360
ygfKp,0.25,3,3,GGATTGCCTCTTTAGATCAA,0,4857169
ygfKp,0.25,3,3,GGATAAGCACGGACCGAGAT,0,4835925
ygfKp,0.25,3,3,GGACGTATGCGTGACATATC,0,4821469
ygfKp,0.25,3,3,GGACGGACTTTGTAGTTCCC,0,4842506
ygfKp,0.25,3,3,GGACCTTCCTACGCCAAAGG,0,4821558
ygfKp,0.25,3,3,GGACATGCCCTCTTGTGGCC,0,4829071
ygfKp,0.25,3,3,GGACAGCGGCATTAGATCAT,0,4832515
ygfKp,0.25,3,3,GGACAGCAACTTGTTGATCC,0,4826098
ygfKp,0.25,3,3,GGAATGTGGGACGTCTGCTG,0,4832509
ygfKp,0.25,3,3,GGAAGCGATCGCGTCTTGCA,0,4857233
ygfKp,0.25,3,3,GGAAATCCTTCCGGTTCAAA,0,4853359
ygfKp,0.25,3,3,GCTTTTCGAAAAAACTGAAA,0,4842841
ygfKp,0.25,3,3,GCTTTCCCACGAATTGTGTG,0,4846199
ygfKp,0.25,3,3,GCTTGTCCAGTATACTCGTA,0,4827303
ygfKp,0.25,3,3,GCTTGCCGTAACACGGGGTT,0,4825829
ygfKp,0.25,3,3,GCTTGACGATATCGTTGGAC,0,4841262
ygfKp,0.25,3,3,GCTTAGAAGCTCTCTATTCA,0,4835320
ygfKp,0.25,3,3,GCTTACATCAGGACAGGCGC,0,4836168
ygfKp,0.25,3,3,GCTGTTCGACATAGCTCCCA,0,4859554
ygfKp,0.25,3,3,GCTGTGTGCTTTATCCAAAG,0,4837899
ygfKp,0.25,3,3,GCTGTGAGACAGGGCGCCAG,0,4856830
ygfKp,0.25,3,3,GCTGCACTCGTCTATCGGAC,0,4825583
ygfKp,0.25,3,3,GCTCCTAGGCGGTGAGTCCA,0,4833397
ygfKp,0.25,3,3,GCTCATTTAGTTGGGAGTGT,0,4849115
ygfKp,0.25,3,3,GCTAGTCCATGCACCTCTCA,0,4826838
ygfKp,0.25,3,3,GCTAGACAGGCGGAGAATTG,0,4847810
ygfKp,0.25,3,3,GCTACTTACAATTGATGATT,0,4825475
ygfKp,0.25,3,3,GCTACGTCCCTATACCCTTG,0,4854941
ygfKp,0.25,3,3,GCGTTGGCGTGTGGGAGACA,0,4842658
ygfKp,0.25,3,3,GCGGGTCTTTTTTTCCGTGA,0,4819005
ygfKp,0.25,3,3,GCGGCCTGGGCAGGGAACAA,0,4852077
ygfKp,0.25,3,3,GCGGCAAGTGTGTGGTGCCA,0,4839761
ygfKp,0.25,3,3,GCGCTTTCGGGAAACCAATC,0,4862706
ygfKp,0.25,3,3,GCGCTAAAGTTCAGGAGGTT,0,4841830
ygfKp,0.25,3,3,GCGCCTTTCACCGGAATCAA,0,4839262
ygfKp,0.25,3,3,GCGCCATCCGGCGGCTTGAC,0,4834423
ygfKp,0.25,3,3,GCGAGTGTACTAATAGAGAC,0,4851987
ygfKp,0.25,3,3,GCGACGGGTAGAGAGTGGTG,0,4853362
ygfKp,0.25,3,3,GCGACATATGGGCACCCTTC,0,4819428
ygfKp,0.25,3,3,GCGAATTGTATCCATGCCAG,0,4819620
ygfKp,0.25,3,3,GCCTTCCTATTGGTCTGGAC,0,4854280
ygfKp,0.25,3,3,GCCTGTCTACATCGGTATGC,0,4854190
ygfKp,0.25,3,3,GCCTGCGGAGGCCCAATACT,0,4842521
ygfKp,0.25,3,3,GCCTCTTGTCGGCAACGGCT,0,4820661
ygfKp,0.25,3,3,GCCTCACATCAGAGTGTGGT,0,4827327
ygfKp,0.25,3,3,GCCTACATAATGGTAATGGG,0,4833430
ygfKp,0.25,3,3,GCCTACACGCACTTATCGCA,0,4838717
ygfKp,0.25,3,3,GCCGGTACGCGGCACTTTTA,0,4833048
ygfKp,0.25,3,3,GCCGCGTGGGGCGATAATCA,0,4824867
ygfKp,0.25,3,3,GCCCGTTAAAATAAGGGGAC,0,4842518
ygfKp,0.25,3,3,GCCCGCGGGAGTTACGCACG,0,4835410
ygfKp,0.25,3,3,GCCATGCATCCTTTCTAGTC,0,4845661
ygfKp,0.25,3,3,GCCAGTACACGTACTGGGAC,0,4858781
ygfKp,0.25,3,3,GCCACCCACCTATTGGCACA,0,4863384
ygfKp,0.25,3,3,GCATACCCACGTGATCCTAT,0,4835721
ygfKp,0.25,3,3,GCATAAACGTCCCCGTTCTA,0,4861852
ygfKp,0.25,3,3,GCATAAAAAACGATGTATTT,0,4829609
ygfKp,0.25,3,3,GCAGTGGGAAGGTGCGTGTA,0,4837355
ygfKp,0.25,3,3,GCAGGTCGTAGGACGTAGAC,0,4822204
ygfKp,0.25,3,3,GCAGCCGACTTAATCTAATG,0,4837755
ygfKp,0.25,3,3,GCAGACGCGTGGTAGCCGTG,0,4833025
ygfKp,0.25,3,3,GCACTTTTACCCGGAATGTC,0,4839009
ygfKp,0.25,3,3,GCACTAACAATACGTGTTCC,0,4823506
ygfKp,0.25,3,3,GCACGTACTCGTGGTGTGGA,0,4849113
ygfKp,0.25,3,3,GCACCACGTTACCCCGGTAA,0,4836640
ygfKp,0.25,3,3,GCAATCGGGCCTAGTTCTCA,0,4848064
ygfKp,0.25,3,3,GCAACCTTGTGGCGGGATGC,0,4859429
ygfKp,0.25,3,3,GATTTGACATTATCTTCCCT,0,4834264
ygfKp,0.25,3,3,GATTCCCTTGGTCGATGGCA,0,4829438
ygfKp,0.25,3,3,GATGTGACCTAACCGTAACT,0,4829833
ygfKp,0.25,3,3,GATCTTCGGTAGGCGGGCGT,0,4854189
ygfKp,0.25,3,3,GATCGCAGGTAGCAAACGTG,0,4827526
ygfKp,0.25,3,3,GATCCAGATTATTCACGGCG,0,4858774
ygfKp,0.25,3,3,GATATAATGGGCCACGAGCG,0,4857803
ygfKp,0.25,3,3,GATAGGTGTGCTCCGGGCGC,0,4844788
ygfKp,0.25,3,3,GATAGAATGTAATTGCTGCG,0,4820074
ygfKp,0.25,3,3,GATAAAGAAATTGACGGCTC,0,4856319
ygfKp,0.25,3,3,GAGTTCAGAGTGATTCGACC,0,4836779
ygfKp,0.25,3,3,GAGTGGGATAGGCTACGAGA,0,4834524
ygfKp,0.25,3,3,GAGTGCAGCTCAATGTCCCG,0,4840697
ygfKp,0.25,3,3,GAGTGATTCATGGTTAGGCA,0,4817860
ygfKp,0.25,3,3,GAGTGACTCTACCGCGATCT,0,4820162
ygfKp,0.25,3,3,GAGTAGTTGCCTGAGTTCAT,0,4836840
ygfKp,0.25,3,3,GAGAGTCGCGCAGACTGCTC,0,4856569
ygfKp,0.25,3,3,GAGAGCGTTAAGGTGCCTCA,0,4817163
ygfKp,0.25,3,3,GAGACTTTTACTGGGGGCCA,0,4833054
ygfKp,0.25,3,3,GACTTTGTCTTCTGTCGGTG,0,4859350
ygfKp,0.25,3,3,GACTTTATAAATTAATAAGG,0,4829847
ygfKp,0.25,3,3,GACTCGGTAAAGACTATCAG,0,4827044
ygfKp,0.25,3,3,GACGTCGTGTAGGCCCCACT,0,4831130
ygfKp,0.25,3,3,GACGCACCTGAGGACATATA,0,4834176
ygfKp,0.25,3,3,GACCGTATCAGGTTCTTACA,0,4854008
ygfKp,0.25,3,3,GACCGCGCAAAGCCTGGGCT,0,4823918
ygfKp,0.25,3,3,GACCGCATTTGACCCGTAAT,0,4823722
ygfKp,0.25,3,3,GACCCGTGGATCAAAGACTT,0,4825501
ygfKp,0.25,3,3,GACAGGTTCTCTCCACTACA,0,4839735
ygfKp,0.25,3,3,GACACGGCTCTCCACGGCCG,0,4835911
ygfKp,0.25,3,3,GACACATATTCGCCATCAAG,0,4835250
ygfKp,0.25,3,3,GAATCGTTCGACAGGCGCGT,0,4838144
ygfKp,0.25,3,3,GAATCCGTAGCGACTGTCGG,0,4847886
ygfKp,0.25,3,3,GAATCACTCATCCTTCCGTG,0,4838435
ygfKp,0.25,3,3,GAATAGGTAGGCACCGTCGG,0,4838823
ygfKp,0.25,3,3,GAATACGAAACGAACGTGAG,0,4837910
ygfKp,0.25,3,3,GAAGGCGCTACAGGTGTTAA,0,4833928
ygfKp,0.25,3,3,GAAGGCCAGTATAGTCTACT,0,4831888
ygfKp,0.25,3,3,GAACCGTATCTGCGCGGAGG,0,4820708
ygfKp,0.25,3,3,GAACCAGACTAATCTGGGTG,0,4826496
ygfKp,0.25,3,3,GAACACTCCCACCTCGTCTT,0,4845844
ygfKp,0.25,3,3,GAAATTGTTTGCAGTAGCGC,0,4843579
ygfKp,0.25,3,3,GAAATAAGCTGCGGTAGACA,0,4820158
ygfKp,0.25,3,3,GAAAATGTTATAAAGTGTAG,0,4851088
ygfKp,0.25,3,3,GAAAAAGTAGACGGGCCTTC,0,4860375
ygfKp,0.25,3,3,CTTTTGGTTATATCGTGATG,0,4817724
ygfKp,0.25,3,3,CTTTCGGCGGGGCTTTAAGT,0,4824221
ygfKp,0.25,3,3,CTTTCCACCACAAGGGGACT,0,4844255
ygfKp,0.25,3,3,CTTGTAACAGCCGTGGACTT,0,4859691
ygfKp,0.25,3,3,CTTGGCGGTTGCGATCGAAG,0,4827574
ygfKp,0.25,3,3,CTTGGATTTCAGAAATACGC,0,4838599
ygfKp,0.25,3,3,CTTGACCGAAGAGGAAGTGA,0,4829420
ygfKp,0.25,3,3,CTTCTCGGCGACACGGCCAG,0,4831120
ygfKp,0.25,3,3,CTTCGAACATAAATATTAAC,0,4833766
ygfKp,0.25,3,3,CTTCAGGCGAATTGATACGG,0,4854878
ygfKp,0.25,3,3,CTTAGTATCATCACAATTAC,0,4842482
ygfKp,0.25,3,3,CTTAACTGTATTGTTGGGAT,0,4854566
ygfKp,0.25,3,3,CTTAACGCGTGAAGAGGCAA,0,4835516
ygfKp,0.25,3,3,CTTAAATCTTACCTGGCAGT,0,4847107
ygfKp,0.25,3,3,CTGTTCTAGATATCTCCCAG,0,4863074
ygfKp,0.25,3,3,CTGTGCCGTAAACTGGCAGA,0,4854612
ygfKp,0.25,3,3,CTGGTTGTACGGCCAACTTT,0,4822323
ygfKp,0.25,3,3,CTGGTTGCGCTGCTGGGATC,0,4837184
ygfKp,0.25,3,3,CTGGGGATTGGTACAGTATC,0,4850941
ygfKp,0.25,3,3,CTGGAGGTGTGACTACCGCT,0,4833323
ygfKp,0.25,3,3,CTGCGTTCGGATGATGATAA,0,4834876
ygfKp,0.25,3,3,CTGATGCCAGGGCGAAGGTT,0,4845867
ygfKp,0.25,3,3,CTGACGGAAGAAGCCAACGC,0,4824872
ygfKp,0.25,3,3,CTGACATGGCGGTCCTGCTT,0,4833835
ygfKp,0.25,3,3,CTGAAACTACCTAATTTTAT,0,4840422
ygfKp,0.25,3,3,CTCTGGATCGGGATTCGTCA,0,4824374
ygfKp,0.25,3,3,CTCTCTTGTTCGGACGTAGG,0,4826846
ygfKp,0.25,3,3,CTCTATCCTTGCTCTCCGTT,0,4862070
ygfKp,0.25,3,3,CTCGTCTTCAACGTTCTATT,0,4825660
ygfKp,0.25,3,3,CTCGCTCACATAGAACCTCT,0,4854026
ygfKp,0.25,3,3,CTCGCATATGTTAATCCCCC,0,4841283
ygfKp,0.25,3,3,CTCCTCTTGGCCGCGTGGTC,0,4833103
ygfKp,0.25,3,3,CTCCGGCCACATCGGTATGA,0,4862153
ygfKp,0.25,3,3,CTCCCTACCCCGCATGTTGT,0,4829955
ygfKp,0.25,3,3,CTCCCCACCCACGAAAGTAT,0,4835020
ygfKp,0.25,3,3,CTCATGCCCCCATCCTTAGT,0,4858354
ygfKp,0.25,3,3,CTCAGCGGACAGGAAATGCC,0,4853635
ygfKp,0.25,3,3,CTCACGTGCACCGCAGGAAG,0,4859937
ygfKp,0.25,3,3,CTATGGTTTGGATGTGTTGG,0,4833660
ygfKp,0.25,3,3,CTATGGGGTGCACGCGGTCG,0,4823242
ygfKp,0.25,3,3,CTATCATGCGGCAATGTTCT,0,4855608
ygfKp,0.25,3,3,CTATCAGGGTCTTTGAATGT,0,4838079
ygfKp,0.25,3,3,CTATATCTGTTGGCGCATTG,0,4855597
ygfKp,0.25,3,3,CTAGTATGGGAGCACTGTGC,0,4857049
ygfKp,0.25,3,3,CTAGGTCCGCCACGCCCCCT,0,4832959
ygfKp,0.25,3,3,CTAGCTTCGACTGTCGTTAT,0,4829414
ygfKp,0.25,3,3,CTAGCGCGCTTTATTGCCTC,0,4841351
ygfKp,0.25,3,3,CTACTCAGCGCCCCCCGCTT,0,4845523
ygfKp,0.25,3,3,CTACGTAGGATCCATTCGTT,0,4825021
ygfKp,0.25,3,3,CGTTTGTCCCAACCAACTTG,0,4829612
ygfKp,0.25,3,3,CGTTTGCATGGTGTTATACC,0,4859415
ygfKp,0.25,3,3,CGTTTGCAGATTCTGAGGTA,0,4838711
ygfKp,0.25,3,3,CGTTGTTTGGGACAATTGTG,0,4844342
ygfKp,0.25,3,3,CGTTAGTGGACGCATCAGGC,0,4823245
ygfKp,0.25,3,3,CGTTAGTAGCAGAGTAACCA,0,4830789
ygfKp,0.25,3,3,CGTGTTCGATCTTTAGGAGT,0,4843417
ygfKp,0.25,3,3,CGTGTAACACGACACGAGAA,0,4844523
ygfKp,0.25,3,3,CGTGGCAGGACGGATTGACT,0,4845681
ygfKp,0.25,3,3,CGTGCTTCAGTCTGATTATG,0,4856848
ygfKp,0.25,3,3,CGTGCGACGTTCGGAGCGGA,0,4844296
ygfKp,0.25,3,3,CGTGCCAATCGCAAGGGTAA,0,4842569
ygfKp,0.25,3,3,CGTCCGTACGCATGCATATC,0,4825429
ygfKp,0.25,3,3,CGTCCGACAGCTTTGTTCTC,0,4861081
ygfKp,0.25,3,3,CGTCCACACTTGGATCAGGA,0,4839545
ygfKp,0.25,3,3,CGTCAATACCCCGGTTTTAG,0,4846373
ygfKp,0.25,3,3,CGTACAGCAAGTCTTGGCCA,0,4858758
ygfKp,0.25,3,3,CGGTGAGGCTTCATCCATGT,0,4834658
ygfKp,0.25,3,3,CGGTCGCGGTATCTGGGAGA,0,4829803
ygfKp,0.25,3,3,CGGTACGTGATAACAGGGAC,0,4836081
ygfKp,0.25,3,3,CGGGCCTTCATCTCAGTCTA,0,4855643
ygfKp,0.25,3,3,CGGGCCTACAGTCTGCTAGA,0,4825533
ygfKp,0.25,3,3,CGGCGTTTTACTGGAATGGT,0,4839957
ygfKp,0.25,3,3,CGGCGGGGAGTGGCTTGGGT,0,4846513
ygfKp,0.25,3,3,CGGCCGGTTTTGTAGAGTGC,0,4830568
ygfKp,0.25,3,3,CGGCATTAAGATAGGACGAG,0,4823091
ygfKp,0.25,3,3,CGGATCCCTCGCCACCTAAC,0,4853327
ygfKp,0.25,3,3,CGGAGCTTGGCTAAGGCAAT,0,4832686
ygfKp,0.25,3,3,CGGAGATTATGAATCGTTAT,0,4843659
ygfKp,0.25,3,3,CGCTTGCCATGCCTCATGTT,0,4848301
ygfKp,0.25,3,3,CGCTACCATGAAGAATGCAG,0,4855357
ygfKp,0.25,3,3,CGCCTTGGGAGGGAGGGCCT,0,4856196
ygfKp,0.25,3,3,CGCCTGTGTTACCCATTTAG,0,4843819
ygfKp,0.25,3,3,CGCCGAGTTGTTATGTGCGA,0,4862083
ygfKp,0.25,3,3,CGCCCCGTTTGCTGAACCCA,0,4827177
ygfKp,0.25,3,3,CGCCCATCAGCCGACGAGAC,0,4830098
ygfKp,0.25,3,3,CGCATTTTGGATTAAGCACA,0,4860032
ygfKp,0.25,3,3,CGATGCAGGAGGATGGGCTC,0,4846306
ygfKp,0.25,3,3,CGATATTGCTCTGTGAACTA,0,4828698
ygfKp,0.25,3,3,CGACAATGCCAAGAGCGATA,0,4854370
ygfKp,0.25,3,3,CGAATAAGATAGGCTCGTTG,0,4839756
ygfKp,0.25,3,3,CGAAAGTTCCCGTATGGTGG,0,4859419
ygfKp,0.25,3,3,CCTTTATCGTCGGGGGAGCC,0,4827395
ygfKp,0.25,3,3,CCTTGCTTAACGGATCTCAA,0,4852369
ygfKp,0.25,3,3,CCTGTAACTGCAAGCTGGGA,0,4839760
ygfKp,0.25,3,3,CCTGGCATCTACTCCGCGTC,0,4827700
ygfKp,0.25,3,3,CCTGAGGCTAGTTCCCGGGA,0,4854713
ygfKp,0.25,3,3,CCTCTCCGAGTCCTCACGAA,0,4855598
ygfKp,0.25,3,3,CCTCGGTAAAGTACTGTAAG,0,4831740
ygfKp,0.25,3,3,CCTCAGGGCCTTATGACAGC,0,4846935
ygfKp,0.25,3,3,CCTCACAATCCGCTCATGTT,0,4837968
ygfKp,0.25,3,3,CCTACACTCTTGAGTTACTG,0,4827702
ygfKp,0.25,3,3,CCTAACGCGCAGTGGTAATT,0,4819551
ygfKp,0.25,3,3,CCGTTGTAGCGTGGGTTAAT,0,4844784
ygfKp,0.25,3,3,CCGGTGATTGTGTGTTTCAT,0,4828839
ygfKp,0.25,3,3,CCGGGTTTGGTTAGCGCGCA,0,4857826
ygfKp,0.25,3,3,CCGGGGTAAGCGCCCGATTT,0,4834527
ygfKp,0.25,3,3,CCGGGATGCAAGTAAGAAAT,0,4851971
ygfKp,0.25,3,3,CCGGACCATCGTCCGTGCAA,0,4861397
ygfKp,0.25,3,3,CCGCGTGCCCGACTTACTCC,0,4843047
ygfKp,0.25,3,3,CCGCGGGCGTGTCCGGATAT,0,4825440
ygfKp,0.25,3,3,CCGCCTTACAGCAAGAACAT,0,4855309
ygfKp,0.25,3,3,CCGCAAATGTAGGTCGCCGT,0,4843523
ygfKp,0.25,3,3,CCGCAAACGTAGCCAGAGTC,0,4817744
ygfKp,0.25,3,3,CCGATCAACTATGCTCTGGG,0,4849241
ygfKp,0.25,3,3,CCCTGCGCTTGAAGAATGAG,0,4829033
ygfKp,0.25,3,3,CCCTACTCTTTATGCAGTAC,0,4833814
ygfKp,0.25,3,3,CCCGTAGTCGGATGTATTCT,0,4854718
ygfKp,0.25,3,3,CCCGGACATGTGTAAAGGTT,0,4851596
ygfKp,0.25,3,3,CCCGGAATCTTAGTAAATAT,0,4823719
ygfKp,0.25,3,3,CCCCCTTATAATTTCTTTCG,0,4829978
ygfKp,0.25,3,3,CCCCCGGGAATACACGGTTT,0,4853493
ygfKp,0.25,3,3,CCCCATGTTTTAATACACAT,0,4841491
ygfKp,0.25,3,3,CCCAGAGTATCCGTTTGGAG,0,4832514
ygfKp,0.25,3,3,CCATTGGGCGCGCTGTCATG,0,4827524
ygfKp,0.25,3,3,CCATCCGTAGCTCCACCGGA,0,4862234
ygfKp,0.25,3,3,CCAGCCGGTCGCTCCAACAA,0,4858362
ygfKp,0.25,3,3,CCAGATGCCAAGAATCGTTT,0,4833947
ygfKp,0.25,3,3,CCAGAAGTGGTCTGAGGTTT,0,4831618
ygfKp,0.25,3,3,CCACGAAGTCCGTGTCGGTG,0,4846897
ygfKp,0.25,3,3,CCAATAGAGTTGGGGTCGAA,0,4829719
ygfKp,0.25,3,3,CCAACGAACGGTGTCATTCA,0,4850168
ygfKp,0.25,3,3,CATTTTCGGACCTTGGCTAG,0,4818772
ygfKp,0.25,3,3,CATTATAGCGCATCAGAAGA,0,4845691
ygfKp,0.25,3,3,CATGTTCGCGACGACTTGTT,0,4823058
ygfKp,0.25,3,3,CATGATGACGGGAAATTGAA,0,4842229
ygfKp,0.25,3,3,CATGACACCGAGGGAGTGAG,0,4820174
ygfKp,0.25,3,3,CATCTTTTTGCCTTGATTAA,0,4820948
ygfKp,0.25,3,3,CATCTGGAATCGGGATGGGA,0,4821224
ygfKp,0.25,3,3,CATATTATCAAGCATGAGGC,0,4861213
ygfKp,0.25,3,3,CATAATGTGGGCCTAAAACT,0,4846744
ygfKp,0.25,3,3,CAGTGGTGTGGCAATGATGT,0,4842079
ygfKp,0.25,3,3,CAGTGGCCAACGAACCGATT,0,4861446
ygfKp,0.25,3,3,CAGTGACGGCATCCTTCCGA,0,4819331
ygfKp,0.25,3,3,CAGTCCAGCCTTCCGGGTAC,0,4841020
ygfKp,0.25,3,3,CAGTCCAGATATTCCGGTCA,0,4851024
ygfKp,0.25,3,3,CAGTAGAGCTCTTGTTTGCA,0,4837928
ygfKp,0.25,3,3,CAGTAGACCAGCTCAACGTT,0,4854699
ygfKp,0.25,3,3,CAGGTGGTAGGATCCCGTGT,0,4854589
ygfKp,0.25,3,3,CAGGTCTTACACGTCTGAGC,0,4863491
ygfKp,0.25,3,3,CAGGCCCCTGCTAAAGCAGT,0,4818396
ygfKp,0.25,3,3,CAGGAGTAAGAAGCAAACAG,0,4850962
ygfKp,0.25,3,3,CAGGAAATTGTGTCAGATCA,0,4842905
ygfKp,0.25,3,3,CAGATGCCTTCTCGTGAAAT,0,4833047
ygfKp,0.25,3,3,CAGAGCATCTTCATCGTCCA,0,4853544
ygfKp,0.25,3,3,CAGAAGCGAAGTGGGGCTAT,0,4844299
ygfKp,0.25,3,3,CACGGGCTAACTTTGTAAGG,0,4827429
ygfKp,0.25,3,3,CACCGCTCACAAGAGGAGGA,0,4860679
ygfKp,0.25,3,3,CACCGATCATGTGCCGGTGT,0,4855032
ygfKp,0.25,3,3,CACATGCCCATTCGGGATCG,0,4833600
ygfKp,0.25,3,3,CACATCTACAAGACGGTGCT,0,4827255
ygfKp,0.25,3,3,CACAGAAGCTTCGGTTATCT,0,4853739
ygfKp,0.25,3,3,CACACATTGCGTTTAGGGGG,0,4825194
ygfKp,0.25,3,3,CACAAATACTCCTGTGGCTC,0,4860655
ygfKp,0.25,3,3,CAATTCGCTTCAGAAGCGAA,0,4825874
ygfKp,0.25,3,3,CAATGACATATCACATGCAT,0,4827694
ygfKp,0.25,3,3,CAATCTGCGTCAATCTCGAA,0,4846357
ygfKp,0.25,3,3,CAATCCTGACCTTGAACCAA,0,4820965
ygfKp,0.25,3,3,CAAGTCCTTAAACTGCCTCG,0,4839524
ygfKp,0.25,3,3,CAAGTCACGGCAGTCGGGCA,0,4854572
ygfKp,0.25,3,3,CAAGCCGCCTTATTCTTTGG,0,4846883
ygfKp,0.25,3,3,CAACGCCCCGATCGCGGATT,0,4861304
ygfKp,0.25,3,3,CAACATTCGTATTGGCCGGT,0,4848682
ygfKp,0.25,3,3,CAAACGAACGCCCTGCTCAA,0,4857584
ygfKp,0.25,3,3,CAAACAAATTTAGGTAAGGT,0,4857250
ygfKp,0.25,3,3,CAAAAGTAAATGGATGTAAA,0,4823899
ygfKp,0.25,3,3,CAAAAGGGTGGCGGTGCCAT,0,4851719
ygfKp,0.25,3,3,ATTTTCGGGGGTTTACAATA,0,4845845
ygfKp,0.25,3,3,ATTTTCCCTGCGGTCTCTTT,0,4854114
ygfKp,0.25,3,3,ATTTCACAGGCGCGACTCAT,0,4859835
ygfKp,0.25,3,3,ATTGTGGCAAACCATTCCTC,0,4841838
ygfKp,0.25,3,3,ATTGGGCGTCGTGGATGTCA,0,4856727
ygfKp,0.25,3,3,ATTGATCTCGGAGCTGGACC,0,4824856
ygfKp,0.25,3,3,ATTGAGATTCTCGGCGACAC,0,4852154
ygfKp,0.25,3,3,ATTCTCACTTGTTGAAACCG,0,4839227
ygfKp,0.25,3,3,ATTCTCAACAAAGAGCAACA,0,4824381
ygfKp,0.25,3,3,ATTCAACTAGCACCTGAGGC,0,4832529
ygfKp,0.25,3,3,ATTCAAATGCGCAAGAAGTA,0,4851690
ygfKp,0.25,3,3,ATTATCCGCCGCGGCTACGT,0,4858572
ygfKp,0.25,3,3,ATTAGGTCTACCCACGGAAT,0,4823036
ygfKp,0.25,3,3,ATTAGATTAAAAAACTAGAG,0,4843176
ygfKp,0.25,3,3,ATTACAGAATCGTCTTTCCT,0,4853821
ygfKp,0.25,3,3,ATTAATTTGTCCTTGCCTAG,0,4842456
ygfKp,0.25,3,3,ATTAACATGGAGTATTACTT,0,4861821
ygfKp,0.25,3,3,ATTAAACCCGGTCGTGAACT,0,4832351
ygfKp,0.25,3,3,ATGTGGGACTCTCATGTTAT,0,4850940
ygfKp,0.25,3,3,ATGTGCCCAGGCCTAATCAA,0,4850249
ygfKp,0.25,3,3,ATGTGAATTGCGTCCTCCTA,0,4822861
ygfKp,0.25,3,3,ATGTGAATGTATGACAAAAG,0,4850517
ygfKp,0.25,3,3,ATGTCGCCTTGCCGTCAAAG,0,4837771
ygfKp,0.25,3,3,ATGTACAACCACTGTTAGCA,0,4830433
ygfKp,0.25,3,3,ATGGGTCGTCAAGCCCGGCG,0,4832203
ygfKp,0.25,3,3,ATGGGAGTCCCCCGGAGCGA,0,4827365
ygfKp,0.25,3,3,ATGGGAGCTGTCCATAAAAG,0,4853193
ygfKp,0.25,3,3,ATGGCCTGATGCGGATTTTC,0,4819447
ygfKp,0.25,3,3,ATGCCACTTGCGAACTCAGC,0,4846865
ygfKp,0.25,3,3,ATGCAGGGATGATTGACTAG,0,4845128
ygfKp,0.25,3,3,ATGACTAGCCAGCGAACGTC,0,4846657
ygfKp,0.25,3,3,ATGACACCAAAGTACTTGAT,0,4831506
ygfKp,0.25,3,3,ATCTGGTAAAGTCGGTGCAT,0,4861016
ygfKp,0.25,3,3,ATCTCCTAGCGTGGGATACC,0,4863166
ygfKp,0.25,3,3,ATCTAGGTAATATTTATATC,0,4855559
ygfKp,0.25,3,3,ATCGCTTAACCTTTGCTGGG,0,4848895
ygfKp,0.25,3,3,ATCCTTCTTCCGATAGATTT,0,4846524
ygfKp,0.25,3,3,ATCCGGGGTGGATTATGACT,0,4838908
ygfKp,0.25,3,3,ATCCCTCACCGACCGTATTG,0,4823566
ygfKp,0.25,3,3,ATCCCTATTATTGATGGGAC,0,4862061
ygfKp,0.25,3,3,ATCCCGGACACGGTCTTAAT,0,4839919
ygfKp,0.25,3,3,ATCATATGATCATCATGGTA,0,4824051
ygfKp,0.25,3,3,ATCAGGCGGAATGGGCTACG,0,4825400
ygfKp,0.25,3,3,ATCAGAAATTACACTAGCAT,0,4820011
ygfKp,0.25,3,3,ATCACCCTTGCTTTCAAGAA,0,4847121
ygfKp,0.25,3,3,ATCAATGTCGCTCACTATAG,0,4842794
ygfKp,0.25,3,3,ATCAATCCGGACTCTGGAGT,0,4839895
ygfKp,0.25,3,3,ATCAACTACTCCTGCGGTTA,0,4848854
ygfKp,0.25,3,3,ATCAACACCCCAGTTGGGGG,0,4832504
ygfKp,0.25,3,3,ATATCTGGCATAGACCATGT,0,4845015
ygfKp,0.25,3,3,ATATCGGCATTTGTAACTGC,0,4833218
ygfKp,0.25,3,3,ATATAAGTCACTCTGTGCTG,0,4831926
ygfKp,0.25,3,3,ATAGTCTATAGCGCAAACCT,0,4820533
ygfKp,0.25,3,3,ATAGTAAGTCCTTTCAATTG,0,4818150
ygfKp,0.25,3,3,ATAGGGCCGACGCAGCTAGC,0,4852914
ygfKp,0.25,3,3,ATAGAATCCAATGTTACGCT,0,4847450
ygfKp,0.25,3,3,ATACTTGAATCCGGGGTGGT,0,4830640
ygfKp,0.25,3,3,ATACTTACTTAGGCACCTTT,0,4854642
ygfKp,0.25,3,3,ATACTGCTTTCCAGTTATGA,0,4837923
ygfKp,0.25,3,3,ATACTCGGAGCCACCCTGCA,0,4846200
ygfKp,0.25,3,3,ATACTATTTGGCAGGGCATA,0,4861093
ygfKp,0.25,3,3,ATACGCTGGCCGACCTGCTG,0,4840724
ygfKp,0.25,3,3,ATACCGAGTCTGGATGATTT,0,4858183
ygfKp,0.25,3,3,ATAATGGGAATAGCACGCCT,0,4857508
ygfKp,0.25,3,3,ATAATCGCACAGTACCATTG,0,4852662
ygfKp,0.25,3,3,ATAAGCTTAAACTGCATCCA,0,4827184
ygfKp,0.25,3,3,ATAAGATGGAGCATCGATTT,0,4831910
ygfKp,0.25,3,3,ATAACGATTAATTTAGACGG,0,4848809
ygfKp,0.25,3,3,AGTTAGCTCCCTGTCAGTTG,0,4858974
ygfKp,0.25,3,3,AGTTACCGAACGAAATGCTG,0,4837002
ygfKp,0.25,3,3,AGTTACACCCGGCACTGTTC,0,4820086
ygfKp,0.25,3,3,AGTTAAAATGCGGCACGGGG,0,4820612
ygfKp,0.25,3,3,AGTGCGTCAGCAAGGGATAT,0,4835759
ygfKp,0.25,3,3,AGTGCGCCCCGGACGCGAGC,0,4825476
ygfKp,0.25,3,3,AGTGATGGAGGGCACCGTTG,0,4830259
ygfKp,0.25,3,3,AGTGATCGTCAAGGGTTCTT,0,4836178
ygfKp,0.25,3,3,AGTGATAGATTACTAGATTA,0,4829139
ygfKp,0.25,3,3,AGTGAGGTCTTGTACTATGC,0,4821158
ygfKp,0.25,3,3,AGTGAATCATTTCTCTACTT,0,4818638
ygfKp,0.25,3,3,AGTGAAATGCTAGATGATGC,0,4861876
ygfKp,0.25,3,3,AGTCTACTGCGAGATCCATT,0,4842595
ygfKp,0.25,3,3,AGTCGGGTAGTGGAATGAGC,0,4846648
ygfKp,0.25,3,3,AGTCGGATGGTCGTAGGGTT,0,4831360
ygfKp,0.25,3,3,AGTCGCCCGCATAATTCAGC,0,4827022
ygfKp,0.25,3,3,AGTCAACCTCTGGTGCGTTG,0,4825382
ygfKp,0.25,3,3,AGTATGAACCTTCCTTAGTG,0,4857326
ygfKp,0.25,3,3,AGTAGGAGTTCAGCAGCTTG,0,4856995
ygfKp,0.25,3,3,AGTAAGCTCGGTAGTAGTTT,0,4842404
ygfKp,0.25,3,3,AGGTTGAAGAGGAATGTCCA,0,4849169
ygfKp,0.25,3,3,AGGTAAACCCCTGACGACAT,0,4858181
ygfKp,0.25,3,3,AGGGTCACCCAATGCAAAGG,0,4822332
ygfKp,0.25,3,3,AGGGGTAATTGGGAGCTTAG,0,4825250
ygfKp,0.25,3,3,AGGGAGGTGCTCCCTTGTTG,0,4849235
ygfKp,0.25,3,3,AGGCATAGATACGCAAGCGT,0,4859662
ygfKp,0.25,3,3,AGGCACGACTAAGCTGGAAC,0,4848099
ygfKp,0.25,3,3,AGGATTAGACCAGTAATTAA,0,4823640
ygfKp,0.25,3,3,AGGAGCCGGAGAGTGACCCG,0,4818782
ygfKp,0.25,3,3,AGGAAGGGTCCCCGTGACGC,0,4827196
ygfKp,0.25,3,3,AGGAAGCATATGTTGCGAGT,0,4861811
ygfKp,0.25,3,3,AGCTTTGACTCGGTTTAGAA,0,4833607
ygfKp,0.25,3,3,AGCTGTACCATCTGGAACTG,0,4825979
ygfKp,0.25,3,3,AGCTCATAAGCTCACTCCCC,0,4840173
ygfKp,0.25,3,3,AGCTAGGTTTTATGCTTTTG,0,4820329
ygfKp,0.25,3,3,AGCTACAACAGTTTGACGCG,0,4845654
ygfKp,0.25,3,3,AGCGTATTGAAAAATCTTTA,0,4831676
ygfKp,0.25,3,3,AGCGGAGACAATGGAAACCC,0,4850537
ygfKp,0.25,3,3,AGCGATTGCGGGCGAGTTGA,0,4853723
ygfKp,0.25,3,3,AGCATCTCTTGGCGTACGTA,0,4848458
ygfKp,0.25,3,3,AGCATATTTTATCCTTGTCG,0,4844062
ygfKp,0.25,3,3,AGATTATAGGCAAATTTACG,0,4862029
ygfKp,0.25,3,3,AGATCACCTGCGGTACCCCA,0,4828954
ygfKp,0.25,3,3,AGATCACATCATAGCAGCTG,0,4837825
ygfKp,0.25,3,3,AGATAAACGTCCCAAGTGAT,0,4825510
ygfKp,0.25,3,3,AGAGGGGAGAATAAGAGTCC,0,4840670
ygfKp,0.25,3,3,AGAATCGAATCCACGGCTGG,0,4819836
ygfKp,0.25,3,3,AGAACGGCCCTCGTGGTGCA,0,4845871
ygfKp,0.25,3,3,AGAACAACGGGTCTGGCCGA,0,4850413
ygfKp,0.25,3,3,ACTTTAGGCGCCACGCCCTC,0,4856897
ygfKp,0.25,3,3,ACTTATAACAACTAGTATCC,0,4844821
ygfKp,0.25,3,3,ACTTAGCTCGGTTGCCCTTT,0,4857315
ygfKp,0.25,3,3,ACTCCTTCAATCCACCTCTC,0,4819022
ygfKp,0.25,3,3,ACTCCAATCCTACTTCGGTT,0,4829421
ygfKp,0.25,3,3,ACTCACGCCGTGGGGGGCTC,0,4827910
ygfKp,0.25,3,3,ACTCACCGGGATCCATGGTT,0,4848863
ygfKp,0.25,3,3,ACTAACAGTGCTCGGCATAA,0,4851958
ygfKp,0.25,3,3,ACGGTGTCTATCTTCGATAT,0,4824192
ygfKp,0.25,3,3,ACGGGTGTCCCCCGGAGAGT,0,4854523
ygfKp,0.25,3,3,ACGGGTGACGGCCCCACAAG,0,4849095
ygfKp,0.25,3,3,ACGCGGCTGTGTCGTTTGTC,0,4858379
ygfKp,0.25,3,3,ACGCGAGACACGCGGTTCGT,0,4825321
ygfKp,0.25,3,3,ACGCCGTGGGGGAAGGCCAT,0,4845648
ygfKp,0.25,3,3,ACGCCGTCATATGGAGCACT,0,4843742
ygfKp,0.25,3,3,ACGCACATCCTCATGGTCAA,0,4817980
ygfKp,0.25,3,3,ACGAGTCCTGAAGAGGGTCC,0,4857206
ygfKp,0.25,3,3,ACGAGAGCGAAAGGCCCCAT,0,4837735
ygfKp,0.25,3,3,ACGAATCCGTCCTGTTCCTA,0,4832559
ygfKp,0.25,3,3,ACCTTCCGAGGAGTAACGAA,0,4855636
ygfKp,0.25,3,3,ACCTTATTATCCTGCATCTC,0,4839370
ygfKp,0.25,3,3,ACCTGCGTAAGGAAAAGCGA,0,4847882
ygfKp,0.25,3,3,ACCTCAACCCGCTGACGGTA,0,4818187
ygfKp,0.25,3,3,ACCCTTTGACGCTTCAGCTG,0,4848657
ygfKp,0.25,3,3,ACCCTCTTTGAACGACGAGG,0,4829762
ygfKp,0.25,3,3,ACCCGGACCCTACGAGCCGG,0,4862359
ygfKp,0.25,3,3,ACCATTTTAGTCCAAGCCCA,0,4833349
ygfKp,0.25,3,3,ACCAGCCTTACCCATTCACA,0,4851512
ygfKp,0.25,3,3,ACATGCTAGGCTTATCTCGG,0,4818313
ygfKp,0.25,3,3,ACAGATTATACTCATACTGA,0,4845780
ygfKp,0.25,3,3,ACAGAAATCAACGAAAGAAT,0,4845449
ygfKp,0.25,3,3,ACACTTATAACCAGATTATC,0,4858375
ygfKp,0.25,3,3,ACACCGCTATAAATCCTTAT,0,4840861
ygfKp,0.25,3,3,ACACCATCTTGCTCAAAATG,0,4843495
ygfKp,0.25,3,3,ACAATGCCTAGAAAACAAGT,0,4841458
ygfKp,0.25,3,3,ACAATGCCCTGAGCCACGTC,0,4852145
ygfKp,0.25,3,3,ACAAGGCTCGGGCTTTGCTA,0,4854763
ygfKp,0.25,3,3,ACAAGCGATTAGCGCTGTCT,0,4857165
ygfKp,0.25,3,3,ACAAAGGCATCTTCATAGGA,0,4829513
ygfKp,0.25,3,3,AATTGAGAGTATTGTAATCT,0,4849285
ygfKp,0.25,3,3,AATTCCCAGAAACCCAGAAG,0,4847823
ygfKp,0.25,3,3,AATGCTAAGGGCCTGGCGTT,0,4855687
ygfKp,0.25,3,3,AATGCCCTCTATATGCCTAA,0,4828008
ygfKp,0.25,3,3,AATGAGGGCTGGGACGCACA,0,4828240
ygfKp,0.25,3,3,AATCGCACGCCAAAGCTATT,0,4830449
ygfKp,0.25,3,3,AATCGACGTAAGGATGCGCT,0,4862365
ygfKp,0.25,3,3,AATCCAGTGTTGGCAGTTGA,0,4819445
ygfKp,0.25,3,3,AATCACCACATGAGGAGCGC,0,4824868
ygfKp,0.25,3,3,AATCACACAGGTACGGTCAA,0,4819193
ygfKp,0.25,3,3,AAGTGTTCTGCGGGGCGTGG,0,4841723
ygfKp,0.25,3,3,AAGTGGTTATGGACTTCTAG,0,4850954
ygfKp,0.25,3,3,AAGTCGTCCGGGGTTTATTG,0,4859251
ygfKp,0.25,3,3,AAGTACGTGGGGGCGTACGC,0,4860041
ygfKp,0.25,3,3,AAGGCAGCTTTACCTCGGCT,0,4826047
ygfKp,0.25,3,3,AAGGATTTCCAGGGGGCAAC,0,4861866
ygfKp,0.25,3,3,AAGGAGTAAAGTGTTGGCGG,0,4829759
ygfKp,0.25,3,3,AAGCTCTGATTGTTAAGGTT,0,4834990
ygfKp,0.25,3,3,AAGCTATAAAATGGCAACTA,0,4839889
ygfKp,0.25,3,3,AAGCGCACCGTTACAGCTTT,0,4855562
ygfKp,0.25,3,3,AAGCGATAGATGGTACTCAT,0,4819069
ygfKp,0.25,3,3,AAGCGACGCGCGTAATTATA,0,4829086
ygfKp,0.25,3,3,AAGCCAACAGTGTCTTTTAT,0,4839142
ygfKp,0.25,3,3,AAGATGCAGAGAGCTGGCCA,0,4826423
ygfKp,0.25,3,3,AAGATGAGGCGTTGTATGGA,0,4829137
ygfKp,0.25,3,3,AACCGTCAGTAGCACTACCA,0,4834227
ygfKp,0.25,3,3,AACCGGTCATACGCTATCTT,0,4848346
ygfKp,0.25,3,3,AACCGCTGATGGAATGTTCC,0,4835830
ygfKp,0.25,3,3,AACCGAGTGCTACCAACCCA,0,4823961
ygfKp,0.25,3,3,AACCATAGGATCGGGTAATG,0,4820043
ygfKp,0.25,3,3,AACCAGAGATGAGCCCTCCA,0,4824334
ygfKp,0.25,3,3,AACACCTACGTAGCGCCACA,0,4818632
ygfKp,0.25,3,3,AAATTTGCGCCGTAACAATA,0,4859397
ygfKp,0.25,3,3,AAATTGTCACTACTTTTCCG,0,4832674
ygfKp,0.25,3,3,AAATGTTTTCTAACCATACT,0,4859612
ygfKp,0.25,3,3,AAATCCGATGCCCACGTAGT,0,4848759
ygfKp,0.25,3,3,AAAGTCGGAAAGGGAATTAA,0,4853998
ygfKp,0.25,3,3,AAAGGTGTTAAGGGCGCCTA,0,4829952
ygfKp,0.25,3,3,AAACGACTCGTTCCGGTTAC,0,4832544
ygfKp,0.25,3,3,AAACAACGCTAGGTCAAGGG,0,4851165
ygfKp,0.25,3,3,AAAATGTGGACAGACTTGAC,0,4821692
ygfKp,0.25,3,3,AAAATAGTTTTACCTTCAAC,0,4820758
ygfKp,0.25,3,3,AAAACTTTAATTGCACATAT,0,4818386
ygfKp,0.25,3,3,AAAACTATTTCCTAAATCCT,0,4846071
ygfKp,0.25,3,3,AAAACCTGTCCTTTAAGCTA,0,4859681
ygfKp,0.25,3,3,AAAAAAGCCTTCTTTCACGA,0,4856024
ygfKp,0.3333333333333333,2,2,TTTTGATGTAGGTCTACGAT,0,4858218
ygfKp,0.3333333333333333,2,2,TTTTCTTGCAGAGCTCTGGC,0,4838224
ygfKp,0.3333333333333333,2,2,TTTTATTGCGGTGGGCGTTG,0,4856680
ygfKp,0.3333333333333333,2,2,TTTGTCGAGCCGAGTCCTGC,0,4847701
ygfKp,0.3333333333333333,2,2,TTTGTCCAGGAAAAGTTCAT,0,4862667
ygfKp,0.3333333333333333,2,2,TTTGCGATGCGCTCGAGCCG,0,4852059
ygfKp,0.3333333333333333,2,2,TTTGCCATGCGTGCGAGGTT,0,4839306
ygfKp,0.3333333333333333,2,2,TTTGCATTATTTTAAATAGC,0,4827340
ygfKp,0.3333333333333333,2,2,TTTGATGGAAGGTCTTACCT,0,4821621
ygfKp,0.3333333333333333,2,2,TTTCGCGAAGGTATCGGTCA,0,4862557
ygfKp,0.3333333333333333,2,2,TTTCCTGGTTTTAGTAGTTC,0,4827577
ygfKp,0.3333333333333333,2,2,TTTCCCTCGAGATGGGGGGA,0,4855326
ygfKp,0.3333333333333333,2,2,TTTCAGCTTTCGTGAGCCCC,0,4834325
ygfKp,0.3333333333333333,2,2,TTTATTGGTGTCTAAGGGGG,0,4859836
ygfKp,0.3333333333333333,2,2,TTTATGCGTTGGTTCTAGTG,0,4852550
ygfKp,0.3333333333333333,2,2,TTTATCACACTCCCGGGTCC,0,4835807
ygfKp,0.3333333333333333,2,2,TTTAGTGTCGTGACTCTGTA,0,4849485
ygfKp,0.3333333333333333,2,2,TTTAGTAGCTAGCACAGGTC,0,4856192
ygfKp,0.3333333333333333,2,2,TTTAGGATATTATTCCTTTG,0,4825777
ygfKp,0.3333333333333333,2,2,TTTACATTGGTGGGACCAGT,0,4828526
ygfKp,0.3333333333333333,2,2,TTTACATGGGCAGGCCCAAA,0,4839534
ygfKp,0.3333333333333333,2,2,TTTAATAACTGTGTAACCTT,0,4839925
ygfKp,0.3333333333333333,2,2,TTTAAGATTGACGGCTTGTC,0,4845979
ygfKp,0.3333333333333333,2,2,TTTAAAGCATCTTTTCGTGC,0,4825654
ygfKp,0.3333333333333333,2,2,TTGTGGTAATCATTAGCCTC,0,4840149
ygfKp,0.3333333333333333,2,2,TTGTACGTAACGTCTAAGAT,0,4846751
ygfKp,0.3333333333333333,2,2,TTGGTTTGGCCTGCAAGGGT,0,4829962
ygfKp,0.3333333333333333,2,2,TTGGGGAAATAGTCCGAAAT,0,4822259
ygfKp,0.3333333333333333,2,2,TTGGGCATCCCTTTAAAATG,0,4828667
ygfKp,0.3333333333333333,2,2,TTGGCTAGTGGCGGCGTGGG,0,4841201
ygfKp,0.3333333333333333,2,2,TTGGCGCTGGGAACGAGCAG,0,4857820
ygfKp,0.3333333333333333,2,2,TTGGAGACGTAGTTCGTTGA,0,4842496
ygfKp,0.3333333333333333,2,2,TTGCGTTTTTTGGTGGGGGT,0,4840443
ygfKp,0.3333333333333333,2,2,TTGCGTGGGCTACGGCTCTA,0,4838566
ygfKp,0.3333333333333333,2,2,TTGCGCAGGTTTTCTCATCA,0,4823454
ygfKp,0.3333333333333333,2,2,TTGCATCGTTGGCGGAGAGA,0,4847547
ygfKp,0.3333333333333333,2,2,TTGACTTGTACTCAGAACGC,0,4819668
ygfKp,0.3333333333333333,2,2,TTGAAAGGAGTCAGGCCTCG,0,4860446
ygfKp,0.3333333333333333,2,2,TTCTTATTCCGTCCCTATGC,0,4856393
ygfKp,0.3333333333333333,2,2,TTCGTCCGAGCTGATCGGTA,0,4846437
ygfKp,0.3333333333333333,2,2,TTCGCGTCGGATACTCACAG,0,4820888
ygfKp,0.3333333333333333,2,2,TTCGCGCCCAATTTGGTATG,0,4843918
ygfKp,0.3333333333333333,2,2,TTCGATTTGGGCCAAGGTGA,0,4819328
ygfKp,0.3333333333333333,2,2,TTCGAATTATACAACAGCGC,0,4827605
ygfKp,0.3333333333333333,2,2,TTCCTATGAATCTTCAGTAA,0,4833655
ygfKp,0.3333333333333333,2,2,TTCAGGCATTATCATATTAC,0,4832885
ygfKp,0.3333333333333333,2,2,TTCAGGACCAACTCCGGTAG,0,4820554
ygfKp,0.3333333333333333,2,2,TTCACTACTCCCCCTGCCGA,0,4842485
ygfKp,0.3333333333333333,2,2,TTCAATAATCCTTTTGTGCG,0,4826141
ygfKp,0.3333333333333333,2,2,TTATTGGGGGTTCAATGGTT,0,4830424
ygfKp,0.3333333333333333,2,2,TTATGGATTGAACTTGGCTT,0,4832168
ygfKp,0.3333333333333333,2,2,TTATCCAACCTCGTGTTCCG,0,4860091
ygfKp,0.3333333333333333,2,2,TTAGGTTCTTCTGCATGTGT,0,4857219
ygfKp,0.3333333333333333,2,2,TTAGCAAACGCACCCGTGTG,0,4817454
ygfKp,0.3333333333333333,2,2,TTACGGGTCTGGTGGTAGGA,0,4837190
ygfKp,0.3333333333333333,2,2,TTACCTACACCACCATCTAT,0,4849180
ygfKp,0.3333333333333333,2,2,TTACCGTAATCTGAGGGTCC,0,4846416
ygfKp,0.3333333333333333,2,2,TTACACATATACCTACAGTT,0,4847074
ygfKp,0.3333333333333333,2,2,TTAATAATTTGGGTGAACTG,0,4817875
ygfKp,0.3333333333333333,2,2,TTAACCTTTGAAGACATGTA,0,4836280
ygfKp,0.3333333333333333,2,2,TTAAACAAACTACTATGTAC,0,4854411
ygfKp,0.3333333333333333,2,2,TGTTCGTGATATGTTTCTTG,0,4834880
ygfKp,0.3333333333333333,2,2,TGTTATGGTGAGCGTCTACT,0,4840328
ygfKp,0.3333333333333333,2,2,TGTGGTCAGTTGAAATGACA,0,4847397
ygfKp,0.3333333333333333,2,2,TGTGCAGAGTCTCCTCACGA,0,4850143
ygfKp,0.3333333333333333,2,2,TGTCTAAACAGGCTGGTAAG,0,4822702
ygfKp,0.3333333333333333,2,2,TGTCGTCCGAATCTCTTTGA,0,4855358
ygfKp,0.3333333333333333,2,2,TGTCGGCCTTTGAAAAGTAT,0,4843180
ygfKp,0.3333333333333333,2,2,TGTCAGACCCCCGTCAAGCG,0,4822431
ygfKp,0.3333333333333333,2,2,TGTATTTTCACAAAGGCGTT,0,4861360
ygfKp,0.3333333333333333,2,2,TGTATTTTATCTCATTTGGA,0,4841578
ygfKp,0.3333333333333333,2,2,TGTATCCCGGCTCTAAATAA,0,4857700
ygfKp,0.3333333333333333,2,2,TGTAGATGTGGATGAAATGA,0,4861159
ygfKp,0.3333333333333333,2,2,TGTAGATCTGCAACACCGTC,0,4860993
ygfKp,0.3333333333333333,2,2,TGTAGAATCCCATAGGCCCA,0,4830005
ygfKp,0.3333333333333333,2,2,TGTACCCGAAGCCACGGTAA,0,4839743
ygfKp,0.3333333333333333,2,2,TGTACATTCCTGTGATTCCT,0,4820388
ygfKp,0.3333333333333333,2,2,TGTAACGTCACCACACAGCT,0,4827557
ygfKp,0.3333333333333333,2,2,TGGTTTGCATTGGGTTAGAG,0,4848486
ygfKp,0.3333333333333333,2,2,TGGTGCTGTGTTCACGACTG,0,4824340
ygfKp,0.3333333333333333,2,2,TGGTCCGTTTGTGGCGTGTT,0,4839926
ygfKp,0.3333333333333333,2,2,TGGTACAGCCCACCAGGCTA,0,4850338
ygfKp,0.3333333333333333,2,2,TGGTAAATTTACTTAGATAA,0,4830108
ygfKp,0.3333333333333333,2,2,TGGGTTACTCCCGCCACGGC,0,4856588
ygfKp,0.3333333333333333,2,2,TGGGTCGCCAGACAACTCAT,0,4857479
ygfKp,0.3333333333333333,2,2,TGGGTATCCATGGTAGGGAG,0,4828944
ygfKp,0.3333333333333333,2,2,TGGGAGGGCGGCATAAGTTG,0,4833580
ygfKp,0.3333333333333333,2,2,TGGGACTTGCTTTACCCACC,0,4823680
ygfKp,0.3333333333333333,2,2,TGGGACTCTCATATCAATTA,0,4823167
ygfKp,0.3333333333333333,2,2,TGGCGCTGGGAGTGACACCC,0,4847523
ygfKp,0.3333333333333333,2,2,TGGCGCACGGTGTAAGGTAA,0,4839910
ygfKp,0.3333333333333333,2,2,TGGCAAGTAACGTGGGAGCC,0,4826595
ygfKp,0.3333333333333333,2,2,TGGCAAAGGATATAGTAGTT,0,4831200
ygfKp,0.3333333333333333,2,2,TGGAGGCCTACTGCCAATTA,0,4827691
ygfKp,0.3333333333333333,2,2,TGGAGACAGTCAGGTTGATA,0,4857438
ygfKp,0.3333333333333333,2,2,TGGAAGCCGAGACACCTCAC,0,4819569
ygfKp,0.3333333333333333,2,2,TGCTTGGAGACCACATTTTG,0,4822636
ygfKp,0.3333333333333333,2,2,TGCGTTCACCTCAAACTCCA,0,4817873
ygfKp,0.3333333333333333,2,2,TGCGGGTGAACGCACGATTA,0,4827875
ygfKp,0.3333333333333333,2,2,TGCGCGGAGAAAAATGTTTA,0,4819200
ygfKp,0.3333333333333333,2,2,TGCGCCGTTGTCTAGGATTT,0,4848742
ygfKp,0.3333333333333333,2,2,TGCGACTCGGTGACTACTAG,0,4849397
ygfKp,0.3333333333333333,2,2,TGCCTATTTGCTGCCCAGCG,0,4844684
ygfKp,0.3333333333333333,2,2,TGCCAGGGTGTACAAAGAAT,0,4834177
ygfKp,0.3333333333333333,2,2,TGCCAACTCCACTTACCCTA,0,4844129
ygfKp,0.3333333333333333,2,2,TGCATTATTAGTGCGCGTAC,0,4851206
ygfKp,0.3333333333333333,2,2,TGCAGACTTCGGTCTCCTCA,0,4827029
ygfKp,0.3333333333333333,2,2,TGCAAGATGTGATATGCCAC,0,4849343
ygfKp,0.3333333333333333,2,2,TGATGACTCGCAGCCTCGCA,0,4857037
ygfKp,0.3333333333333333,2,2,TGATATACCCAGGGGCCAGA,0,4819228
ygfKp,0.3333333333333333,2,2,TGAGGACTATAATACATAAC,0,4820318
ygfKp,0.3333333333333333,2,2,TGAGATGCAAGCGCTAGCGC,0,4844724
ygfKp,0.3333333333333333,2,2,TGAGATAGTGAGCCTCAATC,0,4854369
ygfKp,0.3333333333333333,2,2,TGACGCGCGCGATCTTCTTT,0,4834625
ygfKp,0.3333333333333333,2,2,TGACCATGCCCCCGGACTTA,0,4842368
ygfKp,0.3333333333333333,2,2,TGAATCCCCTTAATAACAGG,0,4832101
ygfKp,0.3333333333333333,2,2,TGAATCATGGCAATCATCTC,0,4819307
ygfKp,0.3333333333333333,2,2,TGAAATACTGGCGTACGAAC,0,4840005
ygfKp,0.3333333333333333,2,2,TGAAACCCGCTATTATAGAT,0,4838960
ygfKp,0.3333333333333333,2,2,TCTTTGCTTTGTTATAGGGT,0,4842239
ygfKp,0.3333333333333333,2,2,TCTTTCGCTCTGCGAGCGCA,0,4831586
ygfKp,0.3333333333333333,2,2,TCTTGGTGCCAATCATGTAG,0,4861297
ygfKp,0.3333333333333333,2,2,TCTTGACTTAGCCTCCCGTA,0,4855620
ygfKp,0.3333333333333333,2,2,TCTTCTTGATCGGATGGAAC,0,4857359
ygfKp,0.3333333333333333,2,2,TCTTCATTGCCATAGCAATT,0,4824576
ygfKp,0.3333333333333333,2,2,TCTTAAGTGGCAGACCCGGG,0,4858587
ygfKp,0.3333333333333333,2,2,TCTGGGCCGGGTATTTCCGC,0,4843033
ygfKp,0.3333333333333333,2,2,TCTGGAACACTTAGCCCCTG,0,4851950
ygfKp,0.3333333333333333,2,2,TCTGCGCGAGTTGTCGCATC,0,4857458
ygfKp,0.3333333333333333,2,2,TCTGCATACTCTTGTCGCAA,0,4846673
ygfKp,0.3333333333333333,2,2,TCTGACCGGGATACAACTAT,0,4829422
ygfKp,0.3333333333333333,2,2,TCTATGCATTTTCAGGAACT,0,4823344
ygfKp,0.3333333333333333,2,2,TCTATCCGGATATAACAGCG,0,4822199
ygfKp,0.3333333333333333,2,2,TCTAGTGCGTATCCGGGAAG,0,4824383
ygfKp,0.3333333333333333,2,2,TCGTTTCCCTACGATTATCG,0,4850393
ygfKp,0.3333333333333333,2,2,TCGTTAGGAGGACCTTAGAC,0,4845695
ygfKp,0.3333333333333333,2,2,TCGTGTAATAAAGCGACATT,0,4835996
ygfKp,0.3333333333333333,2,2,TCGTCGTAGAGTTGGAGTTG,0,4840977
ygfKp,0.3333333333333333,2,2,TCGTAGTTGTACGGGGGGCT,0,4845024
ygfKp,0.3333333333333333,2,2,TCGTAGGTCACTGTTTGTTA,0,4846201
ygfKp,0.3333333333333333,2,2,TCGGTGCTTGGACTCGGAGT,0,4861206
ygfKp,0.3333333333333333,2,2,TCGGATTTTCGTCAGTGTGT,0,4847452
ygfKp,0.3333333333333333,2,2,TCGCTTATTGCTTTACGCGT,0,4837885
ygfKp,0.3333333333333333,2,2,TCGCGCTGAGAATCGGTGGC,0,4820901
ygfKp,0.3333333333333333,2,2,TCGCGCGGGTCCGGCTATTG,0,4840204
ygfKp,0.3333333333333333,2,2,TCGATTCCCTGGTTGTCGGA,0,4854140
ygfKp,0.3333333333333333,2,2,TCGAGTTCCTTAGTTAGGTG,0,4820182
ygfKp,0.3333333333333333,2,2,TCGAATCTCGCACCGCCAGT,0,4849599
ygfKp,0.3333333333333333,2,2,TCGAAGAGGCCACGCCCTTT,0,4849841
ygfKp,0.3333333333333333,2,2,TCGAACGCAAGGTAGTGTCT,0,4836375
ygfKp,0.3333333333333333,2,2,TCGAACGATCTTGTACGCAT,0,4833931
ygfKp,0.3333333333333333,2,2,TCGAAATCGGCCGCTTTGCT,0,4818892
ygfKp,0.3333333333333333,2,2,TCCTTAGGGTTTTCCCTTCC,0,4827221
ygfKp,0.3333333333333333,2,2,TCCTGAAGGACTAAGGTCAC,0,4842080
ygfKp,0.3333333333333333,2,2,TCCTACGCGCGGGATGAACA,0,4835422
ygfKp,0.3333333333333333,2,2,TCCGTGATGTACGGGTTAAA,0,4825238
ygfKp,0.3333333333333333,2,2,TCCGTCCAACGGGGGGCGGA,0,4851518
ygfKp,0.3333333333333333,2,2,TCCGGCCCCCTCGCGGTAAT,0,4817079
ygfKp,0.3333333333333333,2,2,TCCGCTCTAAAGTCTTTCTT,0,4859525
ygfKp,0.3333333333333333,2,2,TCCGCCCATTAAGCGTGCGA,0,4850534
ygfKp,0.3333333333333333,2,2,TCCGACACGGCCCGTACATG,0,4840188
ygfKp,0.3333333333333333,2,2,TCCCTGGTGGCTATGCCCCG,0,4858207
ygfKp,0.3333333333333333,2,2,TCCCCGGTACAGAATAACGA,0,4849613
ygfKp,0.3333333333333333,2,2,TCCCCCCGGAGTCTGCTGCT,0,4835584
ygfKp,0.3333333333333333,2,2,TCCCAGCGACTGCGTACGCT,0,4834661
ygfKp,0.3333333333333333,2,2,TCCCAAGCGTTAACTGCTAA,0,4847846
ygfKp,0.3333333333333333,2,2,TCCAGCGCCGGGGGACAAAT,0,4830663
ygfKp,0.3333333333333333,2,2,TCCAGCCGGACAATTAGGTT,0,4828350
ygfKp,0.3333333333333333,2,2,TCCAGATAACTCGTGCTTTG,0,4833151
ygfKp,0.3333333333333333,2,2,TCATTCCTCAAGAGGGGAGC,0,4843665
ygfKp,0.3333333333333333,2,2,TCATTAAAGCCAGAATCGGT,0,4818372
ygfKp,0.3333333333333333,2,2,TCATGTGTAAGTCCTTGGTA,0,4818706
ygfKp,0.3333333333333333,2,2,TCATGGAGGGCAGCACCGCA,0,4838513
ygfKp,0.3333333333333333,2,2,TCATCCTTGTAACCTAGGGC,0,4825774
ygfKp,0.3333333333333333,2,2,TCAGGCTTTGGTTCGGGGGT,0,4826465
ygfKp,0.3333333333333333,2,2,TCAGGAGCAGAATTCAGAGC,0,4834196
ygfKp,0.3333333333333333,2,2,TCAGCTAATTGCGGCGGTCA,0,4850170
ygfKp,0.3333333333333333,2,2,TCAGATAGGTGACTGCTTTA,0,4828524
ygfKp,0.3333333333333333,2,2,TCAGATAGAGGGTACCAAGG,0,4820889
ygfKp,0.3333333333333333,2,2,TCACTTTCGTGTATCGGGTG,0,4821585
ygfKp,0.3333333333333333,2,2,TCACTGAGCTCCGTAGACAT,0,4847302
ygfKp,0.3333333333333333,2,2,TCACTGAGAGTAGTTGCGGA,0,4847174
ygfKp,0.3333333333333333,2,2,TCACGCATGCGAGAGACCGC,0,4863783
ygfKp,0.3333333333333333,2,2,TCACAGGGAAACAGTGTTAG,0,4823834
ygfKp,0.3333333333333333,2,2,TCAATACTCTATGACAAACA,0,4823830
ygfKp,0.3333333333333333,2,2,TCAAGTGGCTCTGTGCATCC,0,4847727
ygfKp,0.3333333333333333,2,2,TCAAGAGCATCTCCGACAAT,0,4832680
ygfKp,0.3333333333333333,2,2,TATTTAACCTCATATATGTC,0,4860323
ygfKp,0.3333333333333333,2,2,TATTGCGTGTGAACCTGTGG,0,4838320
ygfKp,0.3333333333333333,2,2,TATTACGACGGCCTGCTAGA,0,4820200
ygfKp,0.3333333333333333,2,2,TATGGTCACACCAATCATAG,0,4848086
ygfKp,0.3333333333333333,2,2,TATGGATCTTGCATACGCCT,0,4827364
ygfKp,0.3333333333333333,2,2,TATCTGTGGGAGCTACTCGA,0,4843197
ygfKp,0.3333333333333333,2,2,TATCGTTGCACTCAAAAATT,0,4826114
ygfKp,0.3333333333333333,2,2,TATCCTTTCTGGCAAAGAGT,0,4822781
ygfKp,0.3333333333333333,2,2,TATCCGCCCGGCTCGGCTAA,0,4833827
ygfKp,0.3333333333333333,2,2,TATCCGAGTTGCCAAGTAAC,0,4831131
ygfKp,0.3333333333333333,2,2,TATCCATATGCTAACTGAGC,0,4854640
ygfKp,0.3333333333333333,2,2,TATATTTTTCCCTCTTTTTA,0,4861558
ygfKp,0.3333333333333333,2,2,TATATTACACGTGCACCGGG,0,4858319
ygfKp,0.3333333333333333,2,2,TATATGAGCTCCATTATGGT,0,4824637
ygfKp,0.3333333333333333,2,2,TATATCATCTGCCTGAATCT,0,4834335
ygfKp,0.3333333333333333,2,2,TAGGGCGCTAACATCAGTAT,0,4822852
ygfKp,0.3333333333333333,2,2,TAGGGCGCCTGGACTGTGCG,0,4846163
ygfKp,0.3333333333333333,2,2,TAGGGCAAGATCTAAGGTCA,0,4858076
ygfKp,0.3333333333333333,2,2,TAGGCTGTAGGCCTACCTTC,0,4858772
ygfKp,0.3333333333333333,2,2,TAGCTCCCCGAGTCCTACGG,0,4855777
ygfKp,0.3333333333333333,2,2,TAGCATCGGTGCGACGATTT,0,4842944
ygfKp,0.3333333333333333,2,2,TAGCATAGGCCGAATATATT,0,4820673
ygfKp,0.3333333333333333,2,2,TAGCAGGTAGTCCAGTCTTG,0,4833317
ygfKp,0.3333333333333333,2,2,TAGAGCATTTTGCTCGGGGA,0,4817346
ygfKp,0.3333333333333333,2,2,TAGACGTTCAATGTGTTAGT,0,4823705
ygfKp,0.3333333333333333,2,2,TAGACCTGATATGGACGTGT,0,4827655
ygfKp,0.3333333333333333,2,2,TAGACCAAGTCATAAACATC,0,4819179
ygfKp,0.3333333333333333,2,2,TACTGCATCGACGTTAGTTC,0,4862696
ygfKp,0.3333333333333333,2,2,TACTATGGTTACGAGAGCGT,0,4849626
ygfKp,0.3333333333333333,2,2,TACGTTAGCAGGCCCCGACC,0,4853928
ygfKp,0.3333333333333333,2,2,TACGCCCAAAGCGGCTGGCC,0,4858992
ygfKp,0.3333333333333333,2,2,TACCGATGAATTCTTGGAAA,0,4837879
ygfKp,0.3333333333333333,2,2,TACCCTTCACCTGGGTACCG,0,4833435
ygfKp,0.3333333333333333,2,2,TACCCACCAGACAGTAGAAT,0,4856367
ygfKp,0.3333333333333333,2,2,TACCATAGTGACGCGTATAT,0,4837396
ygfKp,0.3333333333333333,2,2,TACACCCACAGCTTATGTCT,0,4854087
ygfKp,0.3333333333333333,2,2,TAATTAGTACTGGACACGTG,0,4856906
ygfKp,0.3333333333333333,2,2,TAATGCACAATCAATGGTTA,0,4829640
ygfKp,0.3333333333333333,2,2,TAATCCGCGTAGACAGTTCA,0,4836133
ygfKp,0.3333333333333333,2,2,TAATAGTCCAAAAACACGAC,0,4827523
ygfKp,0.3333333333333333,2,2,TAAGTTACCGAGCGCACGAT,0,4831137
ygfKp,0.3333333333333333,2,2,TAAGCAGATCTCCTACGCGA,0,4823089
ygfKp,0.3333333333333333,2,2,TAACTTACTAACGGGCTCCT,0,4833436
ygfKp,0.3333333333333333,2,2,TAACTTAACACACTCGTCGT,0,4837926
ygfKp,0.3333333333333333,2,2,TAACCGTATCCTGTGCCCTT,0,4855978
ygfKp,0.3333333333333333,2,2,TAACACGTGGGTCTAAGGGT,0,4845673
ygfKp,0.3333333333333333,2,2,TAAATTTGAGGTATCACGTG,0,4862572
ygfKp,0.3333333333333333,2,2,TAAATTCCATTCAATGAGCG,0,4830357
ygfKp,0.3333333333333333,2,2,TAAATGTGCGCCTATCTGCA,0,4830417
ygfKp,0.3333333333333333,2,2,TAAAGATGCACTAGCTGGTA,0,4849572
ygfKp,0.3333333333333333,2,2,TAAACAGACACGCACATAAC,0,4845519
ygfKp,0.3333333333333333,2,2,GTTTTCTTCCTATGAGCCGC,0,4845763
ygfKp,0.3333333333333333,2,2,GTTTTAACTATTGGTTACAT,0,4858431
ygfKp,0.3333333333333333,2,2,GTTTCTAACCTTAGCGTAAG,0,4826919
ygfKp,0.3333333333333333,2,2,GTTTCGGCTGACCAAATATA,0,4838914
ygfKp,0.3333333333333333,2,2,GTTTCGGCTACTCCTAATTC,0,4848907
ygfKp,0.3333333333333333,2,2,GTTGGTGAAGAATGTCTCGT,0,4859381
ygfKp,0.3333333333333333,2,2,GTTGCCTTCCGTGCAGGTAA,0,4823923
ygfKp,0.3333333333333333,2,2,GTTGATTCAAGCCGTAGCTA,0,4819028
ygfKp,0.3333333333333333,2,2,GTTCTGGCCGATGTTTGGAA,0,4835153
ygfKp,0.3333333333333333,2,2,GTTCTACGTATATTAGGACA,0,4856732
ygfKp,0.3333333333333333,2,2,GTTCGGTATGAGCATCATCA,0,4823748
ygfKp,0.3333333333333333,2,2,GTTCCTGCACTCCTCCCCTC,0,4834179
ygfKp,0.3333333333333333,2,2,GTTCCGCAGAAATCCCGTCT,0,4831019
ygfKp,0.3333333333333333,2,2,GTTATCCGCTAAAGTTGCCT,0,4857325
ygfKp,0.3333333333333333,2,2,GTTAGTTCCTATTTTCTGGC,0,4861583
ygfKp,0.3333333333333333,2,2,GTTAGACCAGCTTTTGCGGT,0,4858747
ygfKp,0.3333333333333333,2,2,GTTAGAAGCTGTGGGTTTGT,0,4821166
ygfKp,0.3333333333333333,2,2,GTTACGGGCAACGGGCCGAT,0,4853356
ygfKp,0.3333333333333333,2,2,GTTACACATTTAGTTAGGGC,0,4852303
ygfKp,0.3333333333333333,2,2,GTGTTTACGACTTATAAACG,0,4826396
ygfKp,0.3333333333333333,2,2,GTGTACCTCTTACTCATTGA,0,4837887
ygfKp,0.3333333333333333,2,2,GTGTACACCTTCAAAAGCCC,0,4821193
ygfKp,0.3333333333333333,2,2,GTGGTGCTCCGTCCCAGTTC,0,4862262
ygfKp,0.3333333333333333,2,2,GTGGGTTCATGTAATATCTA,0,4824341
ygfKp,0.3333333333333333,2,2,GTGGGGTGGTGTGGCTCATA,0,4834401
ygfKp,0.3333333333333333,2,2,GTGGGACACTCTGTCCTCGA,0,4840527
ygfKp,0.3333333333333333,2,2,GTGCGGAGTCACTCCGGGGA,0,4860260
ygfKp,0.3333333333333333,2,2,GTGCGACTGTGTGCACAGAC,0,4823870
ygfKp,0.3333333333333333,2,2,GTGCACAATGGGTCCTATTA,0,4862466
ygfKp,0.3333333333333333,2,2,GTGAGGCCTTTAGGCAGCGT,0,4824812
ygfKp,0.3333333333333333,2,2,GTGAGCTAAAACGGCCGGCT,0,4844812
ygfKp,0.3333333333333333,2,2,GTGACTTCTCGCCGTTGCTG,0,4820454
ygfKp,0.3333333333333333,2,2,GTGACGGTACCAGGCGCGCA,0,4828161
ygfKp,0.3333333333333333,2,2,GTGAACAAAAAAGCTAAGTC,0,4854602
ygfKp,0.3333333333333333,2,2,GTCGTCTTCGAAGTCTAAAA,0,4857232
ygfKp,0.3333333333333333,2,2,GTCGCCGGAATTTTGTTTAC,0,4839612
ygfKp,0.3333333333333333,2,2,GTCGAATGGGAAGGGTCTCT,0,4839152
ygfKp,0.3333333333333333,2,2,GTCCCAGGTTAGACTACAAA,0,4838216
ygfKp,0.3333333333333333,2,2,GTCCACCAGTATTGAAGCTC,0,4835949
ygfKp,0.3333333333333333,2,2,GTCATTGAAGCCCCACCATC,0,4832097
ygfKp,0.3333333333333333,2,2,GTCAGTCTGCGGGAAACTTA,0,4857176
ygfKp,0.3333333333333333,2,2,GTCAGATCTGGGTCATCGTA,0,4833675
ygfKp,0.3333333333333333,2,2,GTCAGACGAGTTTGTCCTCG,0,4855927
ygfKp,0.3333333333333333,2,2,GTCACGGGACGCTTTTTCAC,0,4846367
ygfKp,0.3333333333333333,2,2,GTCACCAATTTCTGCGCGGT,0,4824284
ygfKp,0.3333333333333333,2,2,GTCAACGCGAGCGGCAATTC,0,4839859
ygfKp,0.3333333333333333,2,2,GTCAACCCGTACCCTTACTT,0,4843182
ygfKp,0.3333333333333333,2,2,GTATATAATGGTCTGTAGTA,0,4857295
ygfKp,0.3333333333333333,2,2,GTAGTGATGTACGTTCAGAT,0,4860423
ygfKp,0.3333333333333333,2,2,GTAGTACGAGGAGGGCGTAC,0,4844832
ygfKp,0.3333333333333333,2,2,GTAGGTCCCAACCCAAGGTT,0,4835145
ygfKp,0.3333333333333333,2,2,GTAGGATTACCATGCGTGAT,0,4855389
ygfKp,0.3333333333333333,2,2,GTAGGAAGAAGCTTGCCTTA,0,4855836
ygfKp,0.3333333333333333,2,2,GTAGCAGGATGTAGAGATGA,0,4847457
ygfKp,0.3333333333333333,2,2,GTACTACCAAATTGAGACAC,0,4861740
ygfKp,0.3333333333333333,2,2,GTACGCCTTGTCCGCTAAGC,0,4826078
ygfKp,0.3333333333333333,2,2,GTACGACTACAGGTCTCAGG,0,4852321
ygfKp,0.3333333333333333,2,2,GTACATTACAGGACGAGAGG,0,4852599
ygfKp,0.3333333333333333,2,2,GTACAGAACGACGCTTGAAT,0,4846035
ygfKp,0.3333333333333333,2,2,GTAATGGAAATTTGAGGACC,0,4817927
ygfKp,0.3333333333333333,2,2,GTAATCGGGCACGTCGCTTA,0,4851021
ygfKp,0.3333333333333333,2,2,GTAAGACGAGGGCATATCAC,0,4836227
ygfKp,0.3333333333333333,2,2,GGTTGCCAGATTTAGAAGAG,0,4862694
ygfKp,0.3333333333333333,2,2,GGTTGAACCCAAGAAGGTTC,0,4858041
ygfKp,0.3333333333333333,2,2,GGTTCGGGGATTCACATGAT,0,4857795
ygfKp,0.3333333333333333,2,2,GGTGCCCCAGCGTATGGGTG,0,4821426
ygfKp,0.3333333333333333,2,2,GGTGCCAGGTAAGGACGGAC,0,4817362
ygfKp,0.3333333333333333,2,2,GGTCTGTCAGTTCAGGGCGG,0,4837292
ygfKp,0.3333333333333333,2,2,GGTCTGCAAGGAGAGTGGAT,0,4844876
ygfKp,0.3333333333333333,2,2,GGTCCAACTTTAAAACGTGA,0,4850102
ygfKp,0.3333333333333333,2,2,GGTATAAACTGCGCCCCGAT,0,4856937
ygfKp,0.3333333333333333,2,2,GGTAGGCTTGCCAGTTCCGA,0,4848732
ygfKp,0.3333333333333333,2,2,GGTAGCATCGCCCCTGCGTA,0,4826052
ygfKp,0.3333333333333333,2,2,GGTACCACATTGGGCGTGGG,0,4860079
ygfKp,0.3333333333333333,2,2,GGGTTTCGAACATAGAAAAG,0,4834776
ygfKp,0.3333333333333333,2,2,GGGTTGGGCGTTCTCGCGGA,0,4828225
ygfKp,0.3333333333333333,2,2,GGGTCTTATGATCGGATATT,0,4830305
ygfKp,0.3333333333333333,2,2,GGGTCCTATAATCGGGAGAT,0,4844777
ygfKp,0.3333333333333333,2,2,GGGTCCATCGGATGTGGATT,0,4833123
ygfKp,0.3333333333333333,2,2,GGGTATGGACCCAGCCACAG,0,4823333
ygfKp,0.3333333333333333,2,2,GGGGTGCCTGAAGCTACACC,0,4820560
ygfKp,0.3333333333333333,2,2,GGGGGAAGCCTACCACAGTT,0,4860465
ygfKp,0.3333333333333333,2,2,GGGGATACGAGACTTAAGAG,0,4862284
ygfKp,0.3333333333333333,2,2,GGGGAATCAGGGTTGCTCTA,0,4861305
ygfKp,0.3333333333333333,2,2,GGGCTCGGACTGGGAGGTGT,0,4851698
ygfKp,0.3333333333333333,2,2,GGGCTCGCACGCCTGCACTT,0,4862054
ygfKp,0.3333333333333333,2,2,GGGCCTCGCCGCGGTTGTTT,0,4830798
ygfKp,0.3333333333333333,2,2,GGGCAGACGTGCTTATATTC,0,4838186
ygfKp,0.3333333333333333,2,2,GGGATGCTATTCGTGTTAAG,0,4862631
ygfKp,0.3333333333333333,2,2,GGGACCTAAATCAGCCTCCC,0,4825977
ygfKp,0.3333333333333333,2,2,GGGACATCTACAGAATAATT,0,4839446
ygfKp,0.3333333333333333,2,2,GGGACAGATACTCAGATCTT,0,4822812
ygfKp,0.3333333333333333,2,2,GGCTTTTCCGTCGGGCTTAC,0,4832263
ygfKp,0.3333333333333333,2,2,GGCTCTAGGGGAAAAAGCCC,0,4862350
ygfKp,0.3333333333333333,2,2,GGCTCCGAGGTGCTACGGGA,0,4844212
ygfKp,0.3333333333333333,2,2,GGCGGAGACATGGTCGTTCT,0,4848823
ygfKp,0.3333333333333333,2,2,GGCGATGCAGGGCCACATGA,0,4851771
ygfKp,0.3333333333333333,2,2,GGCGAGCTAGGCGCTCAAGT,0,4842248
ygfKp,0.3333333333333333,2,2,GGCCGCGCGCTTACAGAACC,0,4836794
ygfKp,0.3333333333333333,2,2,GGCCATGATTTAGCCACTCC,0,4859277
ygfKp,0.3333333333333333,2,2,GGCCAGTAAAACGTATCGCA,0,4847786
ygfKp,0.3333333333333333,2,2,GGCCAATTACCTCGCCAAAT,0,4860206
ygfKp,0.3333333333333333,2,2,GGCAGGGGTCTAAGTACCGA,0,4823337
ygfKp,0.3333333333333333,2,2,GGCAGATATTTGCGGACCGA,0,4840746
ygfKp,0.3333333333333333,2,2,GGCAGACCCGGTTCACGGGT,0,4825120
ygfKp,0.3333333333333333,2,2,GGCACAAATCGTAAATGTAC,0,4843443
ygfKp,0.3333333333333333,2,2,GGATTGTTTTGGAGGGTAGG,0,4842703
ygfKp,0.3333333333333333,2,2,GGATCGGTCTCGATAAGGTG,0,4836141
ygfKp,0.3333333333333333,2,2,GGAGTCCGGGATAAAGATAA,0,4857639
ygfKp,0.3333333333333333,2,2,GGAGGACCTTCAAGCGCGCT,0,4832046
ygfKp,0.3333333333333333,2,2,GGAGCTTCCCGTATGGCGAT,0,4859420
ygfKp,0.3333333333333333,2,2,GGAGAGAATTAATGAGGACA,0,4823098
ygfKp,0.3333333333333333,2,2,GGAGACGCACGCCACTATCC,0,4845990
ygfKp,0.3333333333333333,2,2,GGACTCCTGTGAGTGGGGCT,0,4852586
ygfKp,0.3333333333333333,2,2,GGACAGCTAGTCTTCCCGCG,0,4854545
ygfKp,0.3333333333333333,2,2,GGACACATCACCCATGGCCT,0,4853791
ygfKp,0.3333333333333333,2,2,GGAATTGGCGGGAGGAGCGT,0,4853798
ygfKp,0.3333333333333333,2,2,GGAACAGTTCTTAACACGAT,0,4856258
ygfKp,0.3333333333333333,2,2,GGAAACTCGACTTGAAGTCC,0,4829748
ygfKp,0.3333333333333333,2,2,GCTTCTTGACAATTCTTTGC,0,4827391
ygfKp,0.3333333333333333,2,2,GCTTCTATTACCCCGTGGAT,0,4839523
ygfKp,0.3333333333333333,2,2,GCTTAATCGGCGGGAGGCCC,0,4862546
ygfKp,0.3333333333333333,2,2,GCTGTATCGAGTCACTTGGG,0,4836132
ygfKp,0.3333333333333333,2,2,GCTGGGCCATTCAATATCGG,0,4828438
ygfKp,0.3333333333333333,2,2,GCTGCTTTCATAGTATACTG,0,4851701
ygfKp,0.3333333333333333,2,2,GCTGCTCGTCTCAAGTAGCA,0,4820394
ygfKp,0.3333333333333333,2,2,GCTGCTCCACTCTTCGACAG,0,4820720
ygfKp,0.3333333333333333,2,2,GCTCGCTTGGCAAGAGTACT,0,4861402
ygfKp,0.3333333333333333,2,2,GCTCCCGTCGGGACGGGATA,0,4822708
ygfKp,0.3333333333333333,2,2,GCTATAAAACCCCCTCAATA,0,4835773
ygfKp,0.3333333333333333,2,2,GCGTTTGTGATTCGCGACTG,0,4855070
ygfKp,0.3333333333333333,2,2,GCGTTGGCTTATAGAGGCAG,0,4846517
ygfKp,0.3333333333333333,2,2,GCGTGTTTTACTTTAAGAAG,0,4827799
ygfKp,0.3333333333333333,2,2,GCGTCGAACGGGGATAAAGC,0,4819831
ygfKp,0.3333333333333333,2,2,GCGTCCGCAGATCTATCGCC,0,4833608
ygfKp,0.3333333333333333,2,2,GCGTATCGTATTGTGTTACG,0,4844755
ygfKp,0.3333333333333333,2,2,GCGGTTATCTGACACCCTAA,0,4840106
ygfKp,0.3333333333333333,2,2,GCGGGACGCAAATTACCGAG,0,4825955
ygfKp,0.3333333333333333,2,2,GCGGCAATTACGCCGTGCTT,0,4819615
ygfKp,0.3333333333333333,2,2,GCGGATGGAGACCGATACTG,0,4818280
ygfKp,0.3333333333333333,2,2,GCGCTTTGTTACTCGTTTGG,0,4846874
ygfKp,0.3333333333333333,2,2,GCGCGTCAGTGTGACCCATA,0,4859358
ygfKp,0.3333333333333333,2,2,GCGCGACCTGAAAGAATCCC,0,4850752
ygfKp,0.3333333333333333,2,2,GCGCACGTGCATGGCTTTGA,0,4837314
ygfKp,0.3333333333333333,2,2,GCGCAAGGAATTGTTTGTAC,0,4829880
ygfKp,0.3333333333333333,2,2,GCGATAGCCATTTTGGAATA,0,4830412
ygfKp,0.3333333333333333,2,2,GCCTTTCGGGACAAGTGTCA,0,4826585
ygfKp,0.3333333333333333,2,2,GCCTCCTGCCACGGGCCTGA,0,4862726
ygfKp,0.3333333333333333,2,2,GCCTAGCATGCGGTACTCCA,0,4830957
ygfKp,0.3333333333333333,2,2,GCCTAGCACACGAACGAAAA,0,4831086
ygfKp,0.3333333333333333,2,2,GCCGGTTCAGTTGGTCTCGC,0,4835942
ygfKp,0.3333333333333333,2,2,GCCGGGGTTACAGGCGAATG,0,4846297
ygfKp,0.3333333333333333,2,2,GCCGGCAGTAGAGAATTGTT,0,4852216
ygfKp,0.3333333333333333,2,2,GCCGCAACAGCAAGAGAGCA,0,4851918
ygfKp,0.3333333333333333,2,2,GCCCGCACGATTTCTGCCGT,0,4839345
ygfKp,0.3333333333333333,2,2,GCCCGACGGCCTACGGCACC,0,4862583
ygfKp,0.3333333333333333,2,2,GCCCAGACAACCGAACATGC,0,4841426
ygfKp,0.3333333333333333,2,2,GCCATTCCCAAGGTACCGTA,0,4862364
ygfKp,0.3333333333333333,2,2,GCCAGCCGTGGGGCCTACTC,0,4853898
ygfKp,0.3333333333333333,2,2,GCCACGGTTCTCGGCAATCG,0,4835372
ygfKp,0.3333333333333333,2,2,GCCACCATATATACAAGTAG,0,4846498
ygfKp,0.3333333333333333,2,2,GCATGCACGGTCTCCCATAT,0,4844326
ygfKp,0.3333333333333333,2,2,GCATCGCTGGCACTCATCTA,0,4852561
ygfKp,0.3333333333333333,2,2,GCAGGAGCGCTTTTACATCT,0,4833740
ygfKp,0.3333333333333333,2,2,GCAGCGTGTGTATCAAGCTG,0,4830847
ygfKp,0.3333333333333333,2,2,GCACGACCAGAGCGCTGATT,0,4826102
ygfKp,0.3333333333333333,2,2,GCACACCGTACTTGTTGCTC,0,4834198
ygfKp,0.3333333333333333,2,2,GCAATGGGTTTATACAGGTC,0,4851248
ygfKp,0.3333333333333333,2,2,GCAAGGGCTGGGTGAATTTA,0,4834770
ygfKp,0.3333333333333333,2,2,GCAAGGCATATCTGAGCCTT,0,4836318
ygfKp,0.3333333333333333,2,2,GCAAGAGTGAATGCACACAC,0,4817161
ygfKp,0.3333333333333333,2,2,GCAACAGTACATCAGGGTGG,0,4853550
ygfKp,0.3333333333333333,2,2,GCAAAGGCATCACCGACAGA,0,4843935
ygfKp,0.3333333333333333,2,2,GCAAAGCAAGCTGTGTATTA,0,4853552
ygfKp,0.3333333333333333,2,2,GATTTGGCGCACAACTAACT,0,4825230
ygfKp,0.3333333333333333,2,2,GATTGTCGTTTTGGCAAAAA,0,4849660
ygfKp,0.3333333333333333,2,2,GATTGGTGAGGGTGCGGCGA,0,4844942
ygfKp,0.3333333333333333,2,2,GATTGGCCACGGCAGAGACC,0,4856502
ygfKp,0.3333333333333333,2,2,GATTATGAGTGGCTGAATGT,0,4829970
ygfKp,0.3333333333333333,2,2,GATGTGATCATCTTTTAAAA,0,4845939
ygfKp,0.3333333333333333,2,2,GATGTAAGCTTCTATATGGA,0,4825967
ygfKp,0.3333333333333333,2,2,GATGATACCATGTCGCACCA,0,4854890
ygfKp,0.3333333333333333,2,2,GATGAGTATCCAGGCGCGAC,0,4827479
ygfKp,0.3333333333333333,2,2,GATCCCGAGCTCGCGCGGTT,0,4820161
ygfKp,0.3333333333333333,2,2,GATCCCCCAATAAGCTTACG,0,4855906
ygfKp,0.3333333333333333,2,2,GATCAATTTGAGATTATTGT,0,4857211
ygfKp,0.3333333333333333,2,2,GATAGTCATGAGAGATTTAG,0,4838614
ygfKp,0.3333333333333333,2,2,GATAACTGTAAGGGATCGCA,0,4846208
ygfKp,0.3333333333333333,2,2,GAGTGGTAACCTAGACTTCT,0,4852983
ygfKp,0.3333333333333333,2,2,GAGTGGATCCAGCCTCAAGT,0,4853365
ygfKp,0.3333333333333333,2,2,GAGTGCGTTGCGATTTAAAT,0,4818518
ygfKp,0.3333333333333333,2,2,GAGTCCTGATCAATCTCCCA,0,4850414
ygfKp,0.3333333333333333,2,2,GAGTATTCGAGTTGACGCTT,0,4861385
ygfKp,0.3333333333333333,2,2,GAGTACAGCGTATCGATTGC,0,4846917
ygfKp,0.3333333333333333,2,2,GAGCCGGACGGAGTTCACCA,0,4820843
ygfKp,0.3333333333333333,2,2,GAGCCGCAATGAACTGTTAA,0,4854238
ygfKp,0.3333333333333333,2,2,GAGCAAGATCAGAAATTGCT,0,4845090
ygfKp,0.3333333333333333,2,2,GAGCAAAGGCACTGCGAAGA,0,4823349
ygfKp,0.3333333333333333,2,2,GAGATCTAGGAGGTTTTATA,0,4854569
ygfKp,0.3333333333333333,2,2,GAGATATGCGATTGAGCAGC,0,4861026
ygfKp,0.3333333333333333,2,2,GAGACCAGGAACCGATCCAT,0,4848350
ygfKp,0.3333333333333333,2,2,GAGAAGGGAGTTGAATGAGT,0,4847317
ygfKp,0.3333333333333333,2,2,GAGAAAGTGCCCGAGTTTTT,0,4850870
ygfKp,0.3333333333333333,2,2,GACTGGTATGTCCCCGGTAG,0,4854429
ygfKp,0.3333333333333333,2,2,GACTCTTGCATACCAAAGAC,0,4837471
ygfKp,0.3333333333333333,2,2,GACTCTTCGGCTAGGACAAC,0,4846563
ygfKp,0.3333333333333333,2,2,GACTACCTAATAGGACGAAT,0,4860324
ygfKp,0.3333333333333333,2,2,GACTACCGATACTCCCTCAG,0,4861233
ygfKp,0.3333333333333333,2,2,GACTAACCGCCCAAATCTGT,0,4860424
ygfKp,0.3333333333333333,2,2,GACGTGCTCACGTGTACTAA,0,4853565
ygfKp,0.3333333333333333,2,2,GACCGGTCGGCGCTAAGCCC,0,4843466
ygfKp,0.3333333333333333,2,2,GACCCCGGACCCGTACCGAA,0,4826143
ygfKp,0.3333333333333333,2,2,GACATACAGCCCTCAGCCAC,0,4860401
ygfKp,0.3333333333333333,2,2,GACAAAAGGAAACGATTTAT,0,4855969
ygfKp,0.3333333333333333,2,2,GAATTCAACCTCGAGCTGGT,0,4855187
ygfKp,0.3333333333333333,2,2,GAATGCTTAACATGGACATC,0,4825553
ygfKp,0.3333333333333333,2,2,GAATCTTGTTACCAACGTGT,0,4829123
ygfKp,0.3333333333333333,2,2,GAATCTGCAAGTTGCGACAT,0,4839146
ygfKp,0.3333333333333333,2,2,GAATAGCTGGGTGGGTCGGT,0,4826421
ygfKp,0.3333333333333333,2,2,GAAGAGGGACAATGGCTGTG,0,4827387
ygfKp,0.3333333333333333,2,2,GAAGAATTTTACGTATCACT,0,4833467
ygfKp,0.3333333333333333,2,2,GAACGGCTGCCCTCTAGTGT,0,4832285
ygfKp,0.3333333333333333,2,2,GAAATTTGAGGCAGCTCTGA,0,4840006
ygfKp,0.3333333333333333,2,2,GAAACGTTTAAGATGCCTGT,0,4836334
ygfKp,0.3333333333333333,2,2,GAAAACGGGTGCTACTGCTC,0,4843171
ygfKp,0.3333333333333333,2,2,CTTTTTGAGACCTTAGCCTC,0,4834352
ygfKp,0.3333333333333333,2,2,CTTTGGTGAACGTGGAATTA,0,4860838
ygfKp,0.3333333333333333,2,2,CTTTATTCAAGGTAATTGCT,0,4849456
ygfKp,0.3333333333333333,2,2,CTTGTGGAAAAAACGGTGGG,0,4853826
ygfKp,0.3333333333333333,2,2,CTTGGTTTTGTCGGTTCAAG,0,4854234
ygfKp,0.3333333333333333,2,2,CTTGGTGTCCTGTTAATTTC,0,4862392
ygfKp,0.3333333333333333,2,2,CTTGATGCACCTAACCCGCA,0,4838607
ygfKp,0.3333333333333333,2,2,CTTCTACGCCGGAACATACA,0,4835305
ygfKp,0.3333333333333333,2,2,CTTCGCCGATCATGTATTAT,0,4822584
ygfKp,0.3333333333333333,2,2,CTTCCAACTTAATTAGTTTT,0,4823881
ygfKp,0.3333333333333333,2,2,CTTCCAACGTCGGGGATTCC,0,4826850
ygfKp,0.3333333333333333,2,2,CTTCATTACTCGGCGTGTGT,0,4853701
ygfKp,0.3333333333333333,2,2,CTTACACTGGTGGATTGCAC,0,4833351
ygfKp,0.3333333333333333,2,2,CTTAATCTCACAATGGAAAC,0,4831121
ygfKp,0.3333333333333333,2,2,CTTAATAATTCTATTATAAA,0,4862665
ygfKp,0.3333333333333333,2,2,CTGTTACTAACGTTGTTTGG,0,4831501
ygfKp,0.3333333333333333,2,2,CTGTATACCTGCTGATGCAG,0,4827300
ygfKp,0.3333333333333333,2,2,CTGGTTGTTCTTAGCTAGGT,0,4836682
ygfKp,0.3333333333333333,2,2,CTGGCGATGTGAGCCCCTTG,0,4836020
ygfKp,0.3333333333333333,2,2,CTGGATTGATAAGTATGCGG,0,4825988
ygfKp,0.3333333333333333,2,2,CTGGAGACCAATTTCACCTG,0,4840995
ygfKp,0.3333333333333333,2,2,CTGCGCTTGATTCCCCAGTT,0,4822911
ygfKp,0.3333333333333333,2,2,CTGCGCGAATGGTCATGATA,0,4834260
ygfKp,0.3333333333333333,2,2,CTGCCGCAGCTGGTCCCCGC,0,4840680
ygfKp,0.3333333333333333,2,2,CTGCCACATCTGACCTATGG,0,4847946
ygfKp,0.3333333333333333,2,2,CTGCAGCTGCTATGTGCGGT,0,4823997
ygfKp,0.3333333333333333,2,2,CTGCACGTCCAATCTTAAAC,0,4856227
ygfKp,0.3333333333333333,2,2,CTGCACAATGGGGAAGTCAA,0,4842243
ygfKp,0.3333333333333333,2,2,CTGATGACCGGTTAGAGCTC,0,4829520
ygfKp,0.3333333333333333,2,2,CTGAGATCTAATCGATTTAT,0,4825474
ygfKp,0.3333333333333333,2,2,CTGACGTGTAAATGTATGCT,0,4828314
ygfKp,0.3333333333333333,2,2,CTGACGGCGAGTACAAGAGC,0,4860781
ygfKp,0.3333333333333333,2,2,CTGACATGTTGTAAGGCCGT,0,4853549
ygfKp,0.3333333333333333,2,2,CTCTTCAGGAAGATGCTACC,0,4841250
ygfKp,0.3333333333333333,2,2,CTCTCACTTAGATCCCCTAA,0,4828119
ygfKp,0.3333333333333333,2,2,CTCTCACACGCAAAGAACTG,0,4858376
ygfKp,0.3333333333333333,2,2,CTCTAGGGACGCATTAGGCC,0,4826395
ygfKp,0.3333333333333333,2,2,CTCGTAGTGGCTGCATCGTC,0,4846415
ygfKp,0.3333333333333333,2,2,CTCGGAACTACAGAGAGCTG,0,4844826
ygfKp,0.3333333333333333,2,2,CTCGAGGATCGTGGCGGCGC,0,4853692
ygfKp,0.3333333333333333,2,2,CTCGACCTGGAATAACGAAG,0,4841183
ygfKp,0.3333333333333333,2,2,CTCGACCTGCGCCAGAAGCT,0,4863573
ygfKp,0.3333333333333333,2,2,CTCGAAAGTAGCTGTTTGGG,0,4828046
ygfKp,0.3333333333333333,2,2,CTCCTATGGTGCTATGTGCT,0,4836110
ygfKp,0.3333333333333333,2,2,CTCCTATGGCAAGCGGTCTT,0,4859275
ygfKp,0.3333333333333333,2,2,CTCCTACATGTCTGGTGTGT,0,4836107
ygfKp,0.3333333333333333,2,2,CTCCGGCGGCTGAAAAAGTC,0,4830301
ygfKp,0.3333333333333333,2,2,CTCCCGAAAATTATTCGGTT,0,4819497
ygfKp,0.3333333333333333,2,2,CTCCCAGCGTTCGATCTGAG,0,4827008
ygfKp,0.3333333333333333,2,2,CTCCACCACAAAGATAATAA,0,4850151
ygfKp,0.3333333333333333,2,2,CTCCAAACAAAATCTTTCTT,0,4819748
ygfKp,0.3333333333333333,2,2,CTCATTGCTAATAAGAGACT,0,4827310
ygfKp,0.3333333333333333,2,2,CTCATGCAAAAGTTTTTCCG,0,4822762
ygfKp,0.3333333333333333,2,2,CTCAGGGTTTCATTGATCGG,0,4856655
ygfKp,0.3333333333333333,2,2,CTCAGATTACAACTTTGTCT,0,4828437
ygfKp,0.3333333333333333,2,2,CTAGTCGGCCATAAAAAGGT,0,4839318
ygfKp,0.3333333333333333,2,2,CTAGGTGGATTTACCGCATT,0,4845637
ygfKp,0.3333333333333333,2,2,CTAGCGCTATAGCGCCACGT,0,4828627
ygfKp,0.3333333333333333,2,2,CTACGTTGCGCCGACCCGAC,0,4844815
ygfKp,0.3333333333333333,2,2,CTACATTAACGCCCAGCTCC,0,4849905
ygfKp,0.3333333333333333,2,2,CTAATGACTGGAGACTCACC,0,4856778
ygfKp,0.3333333333333333,2,2,CTAAGGGATTTTGAGTTCCT,0,4852928
ygfKp,0.3333333333333333,2,2,CTAAGATGATTGGTTATGGA,0,4847869
ygfKp,0.3333333333333333,2,2,CTAACATTACCGGGGGCTTC,0,4822817
ygfKp,0.3333333333333333,2,2,CGTTTGATGGATGTACAAAT,0,4832292
ygfKp,0.3333333333333333,2,2,CGTTCAAGGTCTCGCAGAAG,0,4828585
ygfKp,0.3333333333333333,2,2,CGTTAATGGAGACGCCAAGG,0,4818491
ygfKp,0.3333333333333333,2,2,CGTGGTATAGATGAGCATCT,0,4858105
ygfKp,0.3333333333333333,2,2,CGTGGGCAAGATCCACGTTG,0,4817808
ygfKp,0.3333333333333333,2,2,CGTCTGCTTTCTGACTGAAA,0,4823086
ygfKp,0.3333333333333333,2,2,CGTCTATTTAACTTTGGTTA,0,4863550
ygfKp,0.3333333333333333,2,2,CGTCACTCAAGGGGCCAGAC,0,4841344
ygfKp,0.3333333333333333,2,2,CGTCACCAACCCGAATCAGT,0,4856377
ygfKp,0.3333333333333333,2,2,CGTATCTTACATCTGTCTCC,0,4826489
ygfKp,0.3333333333333333,2,2,CGTAGACAGTTAGTTTCATG,0,4848926
ygfKp,0.3333333333333333,2,2,CGTACCTTCAGACCATAGCG,0,4853764
ygfKp,0.3333333333333333,2,2,CGGTGCCTGAGCCACGCCCA,0,4849491
ygfKp,0.3333333333333333,2,2,CGGTCACAAGACCCCTCCAA,0,4857333
ygfKp,0.3333333333333333,2,2,CGGTATTCGTTTACTCATTG,0,4832538
ygfKp,0.3333333333333333,2,2,CGGTACGAATTTAGCTGTAT,0,4838569
ygfKp,0.3333333333333333,2,2,CGGTAAGAGGGATTGGTGTA,0,4832268
ygfKp,0.3333333333333333,2,2,CGGGTGGACGTATGAGGGCT,0,4858086
ygfKp,0.3333333333333333,2,2,CGGGGCTGGGAGCCGGATGG,0,4855403
ygfKp,0.3333333333333333,2,2,CGGGCTCGTGAGAGACTCGA,0,4838306
ygfKp,0.3333333333333333,2,2,CGGGCTCCAGTCACCGGCAG,0,4832448
ygfKp,0.3333333333333333,2,2,CGGGCTAAATAGAGGGGTGT,0,4821971
ygfKp,0.3333333333333333,2,2,CGGCTTCCTATGACACTAGC,0,4862414
ygfKp,0.3333333333333333,2,2,CGGCTATAACTGGAATTATC,0,4834657
ygfKp,0.3333333333333333,2,2,CGGCCGGGCCGTAGGTGGAA,0,4844248
ygfKp,0.3333333333333333,2,2,CGGCCGCACGAACTAGGCCG,0,4853688
ygfKp,0.3333333333333333,2,2,CGGCAAGGACGGAATTGGTA,0,4838576
ygfKp,0.3333333333333333,2,2,CGGATTTAGTCTAATGTGAT,0,4826904
ygfKp,0.3333333333333333,2,2,CGGATGGGGGTAGTTTGGTA,0,4822616
ygfKp,0.3333333333333333,2,2,CGGATAACCGTCATACTGGG,0,4829295
ygfKp,0.3333333333333333,2,2,CGGAGGCTCGATCGGTTCGG,0,4860886
ygfKp,0.3333333333333333,2,2,CGGAAGCGGCTGTTTGGGAA,0,4850654
ygfKp,0.3333333333333333,2,2,CGCTCAATTTGTCCCCGTCA,0,4852298
ygfKp,0.3333333333333333,2,2,CGCTAGGAACACGCGCGCTT,0,4836253
ygfKp,0.3333333333333333,2,2,CGCGTTATCCGTAATGTACT,0,4829064
ygfKp,0.3333333333333333,2,2,CGCGCATTCCAAAAATAATC,0,4846534
ygfKp,0.3333333333333333,2,2,CGCGAATGCTCGGTAGGTAG,0,4819613
ygfKp,0.3333333333333333,2,2,CGCGAAGTGGCCCTGGGGCA,0,4861571
ygfKp,0.3333333333333333,2,2,CGCGAAAATTAGCAGCGGTC,0,4849770
ygfKp,0.3333333333333333,2,2,CGCCGGCAGTGTGAGTCGCA,0,4819669
ygfKp,0.3333333333333333,2,2,CGCCGGAGAGTTGCAGACCC,0,4826095
ygfKp,0.3333333333333333,2,2,CGCCGAGTCACCTACCCTGC,0,4827230
ygfKp,0.3333333333333333,2,2,CGCCACCATGTTGAAATAGG,0,4858395
ygfKp,0.3333333333333333,2,2,CGCAGTGTTGTAAACGAGAG,0,4822849
ygfKp,0.3333333333333333,2,2,CGATTTGTCGAAGGTGCCCA,0,4831452
ygfKp,0.3333333333333333,2,2,CGATTTCTGCGGACTTCATC,0,4819066
ygfKp,0.3333333333333333,2,2,CGATGTCTCGTAATCGCGTG,0,4861097
ygfKp,0.3333333333333333,2,2,CGATGCCATTCAAAGAACCC,0,4842417
ygfKp,0.3333333333333333,2,2,CGATCTGATGGGGTCCCGAT,0,4849911
ygfKp,0.3333333333333333,2,2,CGATCCTTTTAGTTGAAATG,0,4857238
ygfKp,0.3333333333333333,2,2,CGATCATCGTAATCTCCGAT,0,4833079
ygfKp,0.3333333333333333,2,2,CGATATACTAACAATAAGGA,0,4848339
ygfKp,0.3333333333333333,2,2,CGATACGACTTTTTATCGCA,0,4823176
ygfKp,0.3333333333333333,2,2,CGAGTGCAATTTTCTCAGGC,0,4828353
ygfKp,0.3333333333333333,2,2,CGAGTCTGATCCCAAGCCGC,0,4830938
ygfKp,0.3333333333333333,2,2,CGAGTAAGTTGGGGCATGGG,0,4839095
ygfKp,0.3333333333333333,2,2,CGAGGCAATATAGGAGGGTT,0,4843922
ygfKp,0.3333333333333333,2,2,CGAGCCGGGTGGTTATTGTA,0,4844860
ygfKp,0.3333333333333333,2,2,CGAGAAGATGATACTCCGTG,0,4833891
ygfKp,0.3333333333333333,2,2,CGACGCGTCTGGGTGTTTCT,0,4852905
ygfKp,0.3333333333333333,2,2,CGACGCGCCCCAGGTCAAGT,0,4851836
ygfKp,0.3333333333333333,2,2,CGACCTCAGCTTCTGCTGTG,0,4830565
ygfKp,0.3333333333333333,2,2,CGAAAGGTCCTCGGTTTAGC,0,4829988
ygfKp,0.3333333333333333,2,2,CCTTTTTGCTCAGCTTCGTT,0,4852800
ygfKp,0.3333333333333333,2,2,CCTTTTTATTCAGATCCAAG,0,4837296
ygfKp,0.3333333333333333,2,2,CCTTTATGCGGCTGTTTGGG,0,4825505
ygfKp,0.3333333333333333,2,2,CCTTTATCCTTGGATTCTCT,0,4825094
ygfKp,0.3333333333333333,2,2,CCTTTAGCTCATTTAGGAAG,0,4826111
ygfKp,0.3333333333333333,2,2,CCTTGCGGAGTGATTATGGT,0,4859843
ygfKp,0.3333333333333333,2,2,CCTTCGGACACAAATCACTC,0,4829865
ygfKp,0.3333333333333333,2,2,CCTGGCTGGTTAAGTCTCCT,0,4863463
ygfKp,0.3333333333333333,2,2,CCTGGCGCCTCAATCGAACC,0,4833920
ygfKp,0.3333333333333333,2,2,CCTGCGGTCGCCTAGGAAAC,0,4828590
ygfKp,0.3333333333333333,2,2,CCTGCGCCCAGTATAACCAT,0,4858771
ygfKp,0.3333333333333333,2,2,CCTGCACGGGTTATCCACCA,0,4845344
ygfKp,0.3333333333333333,2,2,CCTCTTCTTGTCCTTGTTAT,0,4857474
ygfKp,0.3333333333333333,2,2,CCTCGTATCAGTTCATTTGG,0,4861339
ygfKp,0.3333333333333333,2,2,CCTCGGCGACAGGACCTATA,0,4845701
ygfKp,0.3333333333333333,2,2,CCTCGCGTGGCACAATAAAC,0,4822179
ygfKp,0.3333333333333333,2,2,CCTCGCCTATGGTTGTGCGT,0,4848487
ygfKp,0.3333333333333333,2,2,CCTCGAACGTCGCAGGTCAT,0,4820997
ygfKp,0.3333333333333333,2,2,CCTCCGGGCTCTACGTGAGT,0,4855212
ygfKp,0.3333333333333333,2,2,CCTATGTACATTGGAATCGA,0,4862814
ygfKp,0.3333333333333333,2,2,CCTAATCCGGCCTGGGGCTC,0,4821886
ygfKp,0.3333333333333333,2,2,CCTAAACTCATGACTATAGA,0,4854344
ygfKp,0.3333333333333333,2,2,CCGTTGATCATCACTAAAAG,0,4858725
ygfKp,0.3333333333333333,2,2,CCGGTTAAGGCGGGCCGGTG,0,4829311
ygfKp,0.3333333333333333,2,2,CCGGGTTCAGAATTGGTCAT,0,4819338
ygfKp,0.3333333333333333,2,2,CCGGCGCCTAAGATCTACTC,0,4858046
ygfKp,0.3333333333333333,2,2,CCGGCATAATGAAGTACTAA,0,4859963
ygfKp,0.3333333333333333,2,2,CCGGCACACGTGCAACGACC,0,4837481
ygfKp,0.3333333333333333,2,2,CCGCTCCACGATATCTGGCC,0,4829850
ygfKp,0.3333333333333333,2,2,CCGCCTCTGAATTAGAAACA,0,4855933
ygfKp,0.3333333333333333,2,2,CCGCCTATCTTAGCAGTGGG,0,4823062
ygfKp,0.3333333333333333,2,2,CCGCCCCCAATGATCGTTGG,0,4852414
ygfKp,0.3333333333333333,2,2,CCGCCCCAGGGGAAAAAATG,0,4827820
ygfKp,0.3333333333333333,2,2,CCGCCAGAAACAACTACAAA,0,4855800
ygfKp,0.3333333333333333,2,2,CCGCATCGTCACATAAGTTC,0,4821334
ygfKp,0.3333333333333333,2,2,CCGCAACGTAGACGGGCCGG,0,4848308
ygfKp,0.3333333333333333,2,2,CCGATAGGTGGCGAGTAAGC,0,4841711
ygfKp,0.3333333333333333,2,2,CCGACGGAGACGGGAGCATG,0,4829206
ygfKp,0.3333333333333333,2,2,CCGACCCTCATTCCTACCCC,0,4832439
ygfKp,0.3333333333333333,2,2,CCGAATAGTCCCTGGATCTT,0,4833652
ygfKp,0.3333333333333333,2,2,CCCTTCACAAACACTTGTGT,0,4846492
ygfKp,0.3333333333333333,2,2,CCCTGACCGGCTTTTAACAC,0,4840732
ygfKp,0.3333333333333333,2,2,CCCTCCCCAGTGTCAGTTCT,0,4822886
ygfKp,0.3333333333333333,2,2,CCCGGGCCAGGCAGGCAGGT,0,4821707
ygfKp,0.3333333333333333,2,2,CCCGGGACTCTTTCACAGGG,0,4822583
ygfKp,0.3333333333333333,2,2,CCCGGACACCAAACGATGCT,0,4862064
ygfKp,0.3333333333333333,2,2,CCCGCGTGCCACATGCTCCA,0,4853038
ygfKp,0.3333333333333333,2,2,CCCGATTAATCGCGAACGTT,0,4820166
ygfKp,0.3333333333333333,2,2,CCCCTGTTTCGAATTCAGTT,0,4828131
ygfKp,0.3333333333333333,2,2,CCCCTAATAAGACTCGGTCC,0,4822253
ygfKp,0.3333333333333333,2,2,CCCCGTAATGGCTAACCAGA,0,4863382
ygfKp,0.3333333333333333,2,2,CCCCGAGGTGCTGAATAACA,0,4836561
ygfKp,0.3333333333333333,2,2,CCCATGGTAATGCACTTTGC,0,4843339
ygfKp,0.3333333333333333,2,2,CCCATATTTACTCATTCCGG,0,4850903
ygfKp,0.3333333333333333,2,2,CCATTGCCAGAAGGTGAGAA,0,4840158
ygfKp,0.3333333333333333,2,2,CCATCGCGATTATGTTTCTC,0,4818181
ygfKp,0.3333333333333333,2,2,CCAGCTGAGGGGTTCGCAGG,0,4859523
ygfKp,0.3333333333333333,2,2,CCAGATTCACTTGGAGTCAA,0,4846470
ygfKp,0.3333333333333333,2,2,CCAGAATAACCCTGATAGAA,0,4842469
ygfKp,0.3333333333333333,2,2,CCACTAAACGTGCTTAACGG,0,4856867
ygfKp,0.3333333333333333,2,2,CCAATCCCCATTACGTCCGT,0,4842006
ygfKp,0.3333333333333333,2,2,CCAACTAACGGACAACCTCC,0,4860034
ygfKp,0.3333333333333333,2,2,CCAAAGGCAATGGGCTTTAA,0,4862462
ygfKp,0.3333333333333333,2,2,CATTTTTATCGCGGAGCCCC,0,4822261
ygfKp,0.3333333333333333,2,2,CATTTAAGACCATTGGCATG,0,4837317
ygfKp,0.3333333333333333,2,2,CATTGTGGGGGCTTGGAGAC,0,4840035
ygfKp,0.3333333333333333,2,2,CATTCAAGGATTCGGCGCTC,0,4834201
ygfKp,0.3333333333333333,2,2,CATTATACCTCCTAGGTATT,0,4821430
ygfKp,0.3333333333333333,2,2,CATTAAGTTTCACAACGATC,0,4841286
ygfKp,0.3333333333333333,2,2,CATGTTCAAAAGAGGACAAT,0,4830804
ygfKp,0.3333333333333333,2,2,CATGGTTATTCCATGGTATG,0,4836074
ygfKp,0.3333333333333333,2,2,CATGCGAGTCCATATTCCAT,0,4862273
ygfKp,0.3333333333333333,2,2,CATGAGCTGGAGCGTGCTGA,0,4820458
ygfKp,0.3333333333333333,2,2,CATCTTTCCACTGAGACGTA,0,4823526
ygfKp,0.3333333333333333,2,2,CATCATACTTGAGACTGACT,0,4858182
ygfKp,0.3333333333333333,2,2,CATCAAACCAGGTCAGTGCA,0,4817531
ygfKp,0.3333333333333333,2,2,CATATACCGTTGGGGAATTG,0,4822116
ygfKp,0.3333333333333333,2,2,CATAGGCTAAAAAAAGCTTA,0,4837305
ygfKp,0.3333333333333333,2,2,CATACGAGGGGCAAAGTATT,0,4846290
ygfKp,0.3333333333333333,2,2,CAGTGTCTGCCTGAGGACGA,0,4843093
ygfKp,0.3333333333333333,2,2,CAGTCAAACACGTGGCCTTG,0,4840154
ygfKp,0.3333333333333333,2,2,CAGTACCGCTTTGTTATTAT,0,4843517
ygfKp,0.3333333333333333,2,2,CAGGCAAGACTCTTCTAGAA,0,4850287
ygfKp,0.3333333333333333,2,2,CAGGATTGGGCTTAAGGACC,0,4827321
ygfKp,0.3333333333333333,2,2,CAGGAATGGATGCCCGGCTC,0,4860738
ygfKp,0.3333333333333333,2,2,CAGCTTGTATAGGAGGGACC,0,4844762
ygfKp,0.3333333333333333,2,2,CAGATCGTACATGGCAAAGG,0,4844419
ygfKp,0.3333333333333333,2,2,CAGAGATCGTGACCTGGCGA,0,4828812
ygfKp,0.3333333333333333,2,2,CAGAAACAACTATGAGGTTC,0,4848939
ygfKp,0.3333333333333333,2,2,CACTTTGGGAAATGTAATGA,0,4837752
ygfKp,0.3333333333333333,2,2,CACTGTGATGAGCACCATGT,0,4854544
ygfKp,0.3333333333333333,2,2,CACTGATGCATTTGAAAGAG,0,4833476
ygfKp,0.3333333333333333,2,2,CACTCATGAGTGGGTCTGAT,0,4842605
ygfKp,0.3333333333333333,2,2,CACGTCCCGACATAGCCATA,0,4862472
ygfKp,0.3333333333333333,2,2,CACGGGACGTTAACCACCCC,0,4833307
ygfKp,0.3333333333333333,2,2,CACGGAGTTCCGGTAGGTTA,0,4844852
ygfKp,0.3333333333333333,2,2,CACGCGATCAATATTGGGAG,0,4817414
ygfKp,0.3333333333333333,2,2,CACGCGAATCGCACTTAGCG,0,4822600
ygfKp,0.3333333333333333,2,2,CACGCCAATACCATTATTAT,0,4858348
ygfKp,0.3333333333333333,2,2,CACCACTAGTACAATCAAAG,0,4861587
ygfKp,0.3333333333333333,2,2,CACATAGCAAGAGTGTGGTC,0,4860464
ygfKp,0.3333333333333333,2,2,CACACGATTAGACCCAATAC,0,4820941
ygfKp,0.3333333333333333,2,2,CACACACGAGAAAGCAGCTG,0,4822378
ygfKp,0.3333333333333333,2,2,CACAACTTCCTGGGACAGAA,0,4860265
ygfKp,0.3333333333333333,2,2,CAATCTACTGTAGAGAACAT,0,4827116
ygfKp,0.3333333333333333,2,2,CAATATAAATCCAGCCTAAA,0,4818907
ygfKp,0.3333333333333333,2,2,CAAGGCGTATACGAGGCCAC,0,4830103
ygfKp,0.3333333333333333,2,2,CAACTTAATGGACCCGCAAA,0,4825472
ygfKp,0.3333333333333333,2,2,CAACTGCAGAACCGCTTCGT,0,4839871
ygfKp,0.3333333333333333,2,2,CAACCGTACGATGCGAGAAG,0,4820061
ygfKp,0.3333333333333333,2,2,CAACATTATAAGGGCTTGAG,0,4821427
ygfKp,0.3333333333333333,2,2,CAACAGCTTGCGAATGAACT,0,4832133
ygfKp,0.3333333333333333,2,2,CAAACTTCGTACCAGGTGTT,0,4834823
ygfKp,0.3333333333333333,2,2,CAAACCCATGACCCACGGAA,0,4860742
ygfKp,0.3333333333333333,2,2,CAAACAGCTAGTTGATGAAT,0,4832413
ygfKp,0.3333333333333333,2,2,CAAAATCTGTCGTGTTTACT,0,4818686
ygfKp,0.3333333333333333,2,2,CAAAACCAAGCCTTAGAAAA,0,4823871
ygfKp,0.3333333333333333,2,2,CAAAAAACCCTTCAGAGTGT,0,4828599
ygfKp,0.3333333333333333,2,2,ATTTTCGAAAGGACGAGCTG,0,4849333
ygfKp,0.3333333333333333,2,2,ATTTGTGTCCATGTCGTGGT,0,4827740
ygfKp,0.3333333333333333,2,2,ATTTGTACCCATTGTACGTC,0,4831263
ygfKp,0.3333333333333333,2,2,ATTTGCGGGTGGCCAACTCG,0,4846930
ygfKp,0.3333333333333333,2,2,ATTTATTTGGGTGCCGGCGG,0,4861773
ygfKp,0.3333333333333333,2,2,ATTGTCACGGTACTGAGATC,0,4862391
ygfKp,0.3333333333333333,2,2,ATTGCTAGCAGGATTCAATA,0,4839764
ygfKp,0.3333333333333333,2,2,ATTGATCCTTCCTTAACAAC,0,4851716
ygfKp,0.3333333333333333,2,2,ATTCGTATTCTTGTACAATT,0,4828529
ygfKp,0.3333333333333333,2,2,ATTATGTGGGCGGAGATAGC,0,4834519
ygfKp,0.3333333333333333,2,2,ATTATGAACGAGCTGATTGA,0,4849435
ygfKp,0.3333333333333333,2,2,ATTATACGTCAGTTTTCCTA,0,4844231
ygfKp,0.3333333333333333,2,2,ATTATACGCGCTCGACTGGG,0,4857793
ygfKp,0.3333333333333333,2,2,ATTAGCGGGACATCCTGTAT,0,4862041
ygfKp,0.3333333333333333,2,2,ATTAATGGCCTGTGCCTTTA,0,4836331
ygfKp,0.3333333333333333,2,2,ATGTCCTACAAGCCAGTCAC,0,4825372
ygfKp,0.3333333333333333,2,2,ATGTCCGGGGCAACTTAACA,0,4859837
ygfKp,0.3333333333333333,2,2,ATGTACTCCAATGGCTGCGT,0,4825836
ygfKp,0.3333333333333333,2,2,ATGGTCAACTGTTAACGCTA,0,4856936
ygfKp,0.3333333333333333,2,2,ATGGGCAACTTGTGCATGCC,0,4830421
ygfKp,0.3333333333333333,2,2,ATGCTAAGCTTACCAACCCT,0,4827552
ygfKp,0.3333333333333333,2,2,ATGCCATGGCCCGTCCTTTA,0,4834477
ygfKp,0.3333333333333333,2,2,ATGATTCGCGCAGTAGCGCG,0,4844855
ygfKp,0.3333333333333333,2,2,ATGAATTAAAAGTTGACATG,0,4841691
ygfKp,0.3333333333333333,2,2,ATCTGGTAGTTGTAGGTGGA,0,4837082
ygfKp,0.3333333333333333,2,2,ATCTAGTACGGCCCCTGGCT,0,4829288
ygfKp,0.3333333333333333,2,2,ATCGTACGAACGACATTGCG,0,4819578
ygfKp,0.3333333333333333,2,2,ATCGCGCACACAAAAGTGGT,0,4858436
ygfKp,0.3333333333333333,2,2,ATCGCGAACCCTCGGCGCCT,0,4844830
ygfKp,0.3333333333333333,2,2,ATCGACGTACATCCCTAGTT,0,4860512
ygfKp,0.3333333333333333,2,2,ATCGAAGTACGGTTCGCTGG,0,4820920
ygfKp,0.3333333333333333,2,2,ATCCTCCCAAACTTTGAGAG,0,4843845
ygfKp,0.3333333333333333,2,2,ATCCTCACCACTAATGGGAG,0,4859250
ygfKp,0.3333333333333333,2,2,ATCCGTAGCATTTTATATCG,0,4840685
ygfKp,0.3333333333333333,2,2,ATCCCGGATCCCCTATATGG,0,4860063
ygfKp,0.3333333333333333,2,2,ATCCCATACTCACCGCGGAT,0,4832375
ygfKp,0.3333333333333333,2,2,ATCCACCTGGCTAAACCCCA,0,4853902
ygfKp,0.3333333333333333,2,2,ATCCACATTAAAAGCTATTA,0,4821160
ygfKp,0.3333333333333333,2,2,ATCCAAGAGCTTCGTACATA,0,4825173
ygfKp,0.3333333333333333,2,2,ATCAGGGTCCAAGTAATCGA,0,4850387
ygfKp,0.3333333333333333,2,2,ATATTTGGTATGTTCCACTG,0,4823594
ygfKp,0.3333333333333333,2,2,ATATGCCGAGACCCGGGTGC,0,4845526
ygfKp,0.3333333333333333,2,2,ATATGACAAGCTGTCTTGGT,0,4827905
ygfKp,0.3333333333333333,2,2,ATATAATTCGTGGACAGCTC,0,4855260
ygfKp,0.3333333333333333,2,2,ATATAAACCTATTTGTCCTC,0,4842743
ygfKp,0.3333333333333333,2,2,ATAGTTGTAAACGGTTATAT,0,4851203
ygfKp,0.3333333333333333,2,2,ATAGTGCGCAAGATCTGGTT,0,4841895
ygfKp,0.3333333333333333,2,2,ATAGTCCACCCAACGTAAAT,0,4825827
ygfKp,0.3333333333333333,2,2,ATAGTAAGCCCGTAGTGTCA,0,4835196
ygfKp,0.3333333333333333,2,2,ATAGGCAAAGGACTATTTCA,0,4862674
ygfKp,0.3333333333333333,2,2,ATAGCGTTCGACTGTGAGCG,0,4845328
ygfKp,0.3333333333333333,2,2,ATAGCCCCGTGAATCGCTTT,0,4862788
ygfKp,0.3333333333333333,2,2,ATAGCCCACCAGGCTCGCAC,0,4834261
ygfKp,0.3333333333333333,2,2,ATAGATGTGTCTCTGTCTGT,0,4855770
ygfKp,0.3333333333333333,2,2,ATACTTCTAGTAGCGTTTGT,0,4825176
ygfKp,0.3333333333333333,2,2,ATACTTACCCACAGGTTTAT,0,4845684
ygfKp,0.3333333333333333,2,2,ATACTATTCAGCTATATATG,0,4844930
ygfKp,0.3333333333333333,2,2,ATACGGATTGTAAGTCTGTA,0,4833848
ygfKp,0.3333333333333333,2,2,ATACGATCCTGCGGCTTCTG,0,4827292
ygfKp,0.3333333333333333,2,2,ATACAATCTAGATGCGATGC,0,4826604
ygfKp,0.3333333333333333,2,2,ATAATCTGTAGTTTTGATAT,0,4833370
ygfKp,0.3333333333333333,2,2,ATAACACGGGGAACAGTTCT,0,4830879
ygfKp,0.3333333333333333,2,2,ATAAATGTCCTCTAGTCTAC,0,4821923
ygfKp,0.3333333333333333,2,2,AGTTGAGCGTCGGTGCAACG,0,4835366
ygfKp,0.3333333333333333,2,2,AGTTGAAGAGTCTTGCAGAC,0,4832339
ygfKp,0.3333333333333333,2,2,AGTTCTTCGCGCGATGCACC,0,4832377
ygfKp,0.3333333333333333,2,2,AGTTAGTCGGATGTGAATAT,0,4856509
ygfKp,0.3333333333333333,2,2,AGTGCCTATCGGGCCTTCCG,0,4826704
ygfKp,0.3333333333333333,2,2,AGTGCCGAGTGTGTAATACT,0,4848323
ygfKp,0.3333333333333333,2,2,AGTGACATACCCCTTGTTTA,0,4849417
ygfKp,0.3333333333333333,2,2,AGTCTAGCCGCATGATATTG,0,4838891
ygfKp,0.3333333333333333,2,2,AGTCGAAGATCCCAAAACCA,0,4822311
ygfKp,0.3333333333333333,2,2,AGTATGGCATAGTGGGCAGT,0,4821818
ygfKp,0.3333333333333333,2,2,AGTATCCCGCACTGTGTATA,0,4862701
ygfKp,0.3333333333333333,2,2,AGTAGGACCCCCGGATATTT,0,4836188
ygfKp,0.3333333333333333,2,2,AGTACGACTCATTAGGACTG,0,4852784
ygfKp,0.3333333333333333,2,2,AGGTTCCATATGATTGCCTA,0,4861062
ygfKp,0.3333333333333333,2,2,AGGGTCTGTAATATTAGTAA,0,4819701
ygfKp,0.3333333333333333,2,2,AGGGTAGAAGATTGGCTACG,0,4820969
ygfKp,0.3333333333333333,2,2,AGGGGTGGCTTGGCCCAGCG,0,4830332
ygfKp,0.3333333333333333,2,2,AGGGGTCATCCGGTTATGAC,0,4858390
ygfKp,0.3333333333333333,2,2,AGGGGGTCGGCCTATCAACA,0,4821538
ygfKp,0.3333333333333333,2,2,AGGGGCACTTACGAAAGCTA,0,4820453
ygfKp,0.3333333333333333,2,2,AGGGGAATGTTTCGAAGACT,0,4842811
ygfKp,0.3333333333333333,2,2,AGGGCGGGAGCATGAGCACC,0,4833645
ygfKp,0.3333333333333333,2,2,AGGGCAGCTCCTTTGGTCTT,0,4836086
ygfKp,0.3333333333333333,2,2,AGGGAGTCTGTGTAGCAGAT,0,4860432
ygfKp,0.3333333333333333,2,2,AGGCGTCGTTCACAACGGAC,0,4833922
ygfKp,0.3333333333333333,2,2,AGGCGCTGAGGTTTTGCAGT,0,4839777
ygfKp,0.3333333333333333,2,2,AGGATTTATGGGTAAATTCC,0,4820198
ygfKp,0.3333333333333333,2,2,AGGATGCACCAATGAAGATA,0,4858866
ygfKp,0.3333333333333333,2,2,AGGATAAATACCCGAGGCTA,0,4835312
ygfKp,0.3333333333333333,2,2,AGGAATAAATGAACAATATA,0,4827545
ygfKp,0.3333333333333333,2,2,AGGAACCGCTGGATTTTAAT,0,4839259
ygfKp,0.3333333333333333,2,2,AGCTTTCGATAGCTCGTCCT,0,4857269
ygfKp,0.3333333333333333,2,2,AGCTCTTGTCTGGATGACCG,0,4832111
ygfKp,0.3333333333333333,2,2,AGCTCCTTGATGTGAATCGG,0,4859885
ygfKp,0.3333333333333333,2,2,AGCTAACTCGGCTGACTGCT,0,4833265
ygfKp,0.3333333333333333,2,2,AGCGGTGGTTATCACGTTTT,0,4819436
ygfKp,0.3333333333333333,2,2,AGCGGCCTCCGTCAAAGTTG,0,4855310
ygfKp,0.3333333333333333,2,2,AGCGCCTAAACCTGGGCTGT,0,4820254
ygfKp,0.3333333333333333,2,2,AGCGAGTCATGAGAGACGGG,0,4839283
ygfKp,0.3333333333333333,2,2,AGCCTCGACACCACATCTGT,0,4861595
ygfKp,0.3333333333333333,2,2,AGCCTCCCTCGCCGCTGATA,0,4844483
ygfKp,0.3333333333333333,2,2,AGCCATACAACACCAGTATA,0,4819091
ygfKp,0.3333333333333333,2,2,AGCCAGGCGTGATCAATCAA,0,4841963
ygfKp,0.3333333333333333,2,2,AGCCACAGGGAAAAGATCCA,0,4817930
ygfKp,0.3333333333333333,2,2,AGCATTCATTTAACTTCTTA,0,4829322
ygfKp,0.3333333333333333,2,2,AGCATCTTCACGTTCTGCCT,0,4844316
ygfKp,0.3333333333333333,2,2,AGCATATAGCAAGTAAATCT,0,4826044
ygfKp,0.3333333333333333,2,2,AGCACGCGTAAACCTAAGTA,0,4817286
ygfKp,0.3333333333333333,2,2,AGCAAGGCGTTCACCTGTCT,0,4856775
ygfKp,0.3333333333333333,2,2,AGATTTCTACGAGTCGTTTT,0,4855663
ygfKp,0.3333333333333333,2,2,AGATTAAGACTTTAGTTCAC,0,4854198
ygfKp,0.3333333333333333,2,2,AGATGTCCCGCGTACTGCAT,0,4826730
ygfKp,0.3333333333333333,2,2,AGATGGCTTACGCATTACAG,0,4838333
ygfKp,0.3333333333333333,2,2,AGATCGGTAAAGAAACGGCC,0,4849822
ygfKp,0.3333333333333333,2,2,AGAGTGAGCACAACGTGGTG,0,4817978
ygfKp,0.3333333333333333,2,2,AGAGGCCAAGCAAGTCAGAG,0,4841440
ygfKp,0.3333333333333333,2,2,AGAGAAAATCGCGATTTAAG,0,4822673
ygfKp,0.3333333333333333,2,2,AGACTCGAACTTTCTGCTTA,0,4834278
ygfKp,0.3333333333333333,2,2,AGACTATTTAATAAAAGGCC,0,4854516
ygfKp,0.3333333333333333,2,2,AGACGGCCTAACTTTCACTC,0,4818853
ygfKp,0.3333333333333333,2,2,AGACAGTACGACTCAGTGTC,0,4852863
ygfKp,0.3333333333333333,2,2,AGACAGGCTACTAGGCGTAT,0,4862438
ygfKp,0.3333333333333333,2,2,AGAATCCAGAGAGGCTATTG,0,4824855
ygfKp,0.3333333333333333,2,2,AGAACGGTTAGATCGACAAT,0,4820177
ygfKp,0.3333333333333333,2,2,AGAACCCGAGAGGTCATTGT,0,4843359
ygfKp,0.3333333333333333,2,2,AGAAAGGGTACGTGAATAGC,0,4861241
ygfKp,0.3333333333333333,2,2,ACTTTCCCTTACAGTATAGT,0,4833822
ygfKp,0.3333333333333333,2,2,ACTTGACGACCCAGTACGTA,0,4838145
ygfKp,0.3333333333333333,2,2,ACTTAACTAATTTTCACGGA,0,4824656
ygfKp,0.3333333333333333,2,2,ACTGTGTTCTTATGGATCGC,0,4829993
ygfKp,0.3333333333333333,2,2,ACTGTCCGCCAAAATTACCA,0,4824028
ygfKp,0.3333333333333333,2,2,ACTGGGACCCGACGTAACAT,0,4835998
ygfKp,0.3333333333333333,2,2,ACTGCCACCACCTCGTGGGC,0,4858429
ygfKp,0.3333333333333333,2,2,ACTCTGCCCTATCATTTCCA,0,4849465
ygfKp,0.3333333333333333,2,2,ACTCCGGATTCGCCTGCTGA,0,4862548
ygfKp,0.3333333333333333,2,2,ACTCAATGAGATCTGTTTGC,0,4826543
ygfKp,0.3333333333333333,2,2,ACTATGACGGATTGCATCAG,0,4858754
ygfKp,0.3333333333333333,2,2,ACTATCACCGGATCTCTTGG,0,4825565
ygfKp,0.3333333333333333,2,2,ACTAGGAACATTGGAATATC,0,4827388
ygfKp,0.3333333333333333,2,2,ACTACTTAAGCCCTGCGTGA,0,4857577
ygfKp,0.3333333333333333,2,2,ACTACGTACAGGGCGTCCTG,0,4861868
ygfKp,0.3333333333333333,2,2,ACTACGCAGGCATCGAAGCA,0,4862622
ygfKp,0.3333333333333333,2,2,ACTAATTTTCATCCATCGCA,0,4819266
ygfKp,0.3333333333333333,2,2,ACGTGAGGGGACAGTAACAA,0,4832471
ygfKp,0.3333333333333333,2,2,ACGTCTCCTGCCAGCGGCAT,0,4838894
ygfKp,0.3333333333333333,2,2,ACGTCCTTAGAGAGAAAAAT,0,4860576
ygfKp,0.3333333333333333,2,2,ACGTAGAGTCGGTGTAAGCT,0,4846049
ygfKp,0.3333333333333333,2,2,ACGGTTTCATTTCCCTGACA,0,4862660
ygfKp,0.3333333333333333,2,2,ACGGTATGGATCGGTGGGTT,0,4837127
ygfKp,0.3333333333333333,2,2,ACGGGCTGCGTGATGGTAGA,0,4861061
ygfKp,0.3333333333333333,2,2,ACGGCCTGGAAGTTGGCGTC,0,4836834
ygfKp,0.3333333333333333,2,2,ACGGCAGAACTAAGGAGTGA,0,4828951
ygfKp,0.3333333333333333,2,2,ACGGATGGAAGCGAATGTTA,0,4825184
ygfKp,0.3333333333333333,2,2,ACGCGTGACTCCTTTACGGG,0,4848924
ygfKp,0.3333333333333333,2,2,ACGCGTAACGCTCTCCGAAG,0,4847579
ygfKp,0.3333333333333333,2,2,ACGCGCGCGACTCCTAAAAT,0,4841662
ygfKp,0.3333333333333333,2,2,ACGCGCGCATGCAATTTATC,0,4853782
ygfKp,0.3333333333333333,2,2,ACGCGCAGACTTGCTCTCCA,0,4834648
ygfKp,0.3333333333333333,2,2,ACGCCGCTACAAAAGTTAGA,0,4834289
ygfKp,0.3333333333333333,2,2,ACGCCCTAACGGGGATTGCT,0,4856724
ygfKp,0.3333333333333333,2,2,ACGCACGGGGATATATCTCA,0,4855185
ygfKp,0.3333333333333333,2,2,ACGCAATTATGACCTGGAGG,0,4826995
ygfKp,0.3333333333333333,2,2,ACGACTAAAAGCCGCAATAT,0,4847192
ygfKp,0.3333333333333333,2,2,ACGACCGTTCGCAGGGGTGT,0,4859354
ygfKp,0.3333333333333333,2,2,ACGAATTGAATTACGCTCAA,0,4853946
ygfKp,0.3333333333333333,2,2,ACCTTTATGTGATCGCGTTC,0,4833164
ygfKp,0.3333333333333333,2,2,ACCTTCTTTAAGGACTTAGC,0,4852694
ygfKp,0.3333333333333333,2,2,ACCTTACAGTTTCGCGTACT,0,4832513
ygfKp,0.3333333333333333,2,2,ACCTGGGTATCTGGATCCAT,0,4850277
ygfKp,0.3333333333333333,2,2,ACCTGACGGCGCTAATCAGG,0,4834956
ygfKp,0.3333333333333333,2,2,ACCTCTTCCTAGGGGAAATG,0,4863388
ygfKp,0.3333333333333333,2,2,ACCGTTACCTCGTCCTGTAC,0,4831759
ygfKp,0.3333333333333333,2,2,ACCGATTAGATTAGAATTGG,0,4842706
ygfKp,0.3333333333333333,2,2,ACCGAATTCCACGCCGACCT,0,4824598
ygfKp,0.3333333333333333,2,2,ACCGAACGTCGCGCTAATTG,0,4820175
ygfKp,0.3333333333333333,2,2,ACCGAAATTGGGACTAAGGG,0,4823332
ygfKp,0.3333333333333333,2,2,ACCCGGCAATTACAGGTTAT,0,4860965
ygfKp,0.3333333333333333,2,2,ACCCGACCCAGTACCTAATC,0,4853761
ygfKp,0.3333333333333333,2,2,ACCCAGACGTCAACCATCAG,0,4844295
ygfKp,0.3333333333333333,2,2,ACCAGGTACTAGGGAGTCAT,0,4822753
ygfKp,0.3333333333333333,2,2,ACCAAGGTAGTCAGCGCGGT,0,4860737
ygfKp,0.3333333333333333,2,2,ACATGGGGTTGTTAGGTCTA,0,4845192
ygfKp,0.3333333333333333,2,2,ACATGGGATGCCGAGTCGAA,0,4840103
ygfKp,0.3333333333333333,2,2,ACATGCCGGATTGCTTTGAT,0,4854147
ygfKp,0.3333333333333333,2,2,ACATCGAGTAATGTTGACGG,0,4842708
ygfKp,0.3333333333333333,2,2,ACAGGGGGGTCGTTGCCTTG,0,4822893
ygfKp,0.3333333333333333,2,2,ACAGCCATCACCAGGTTCTG,0,4848691
ygfKp,0.3333333333333333,2,2,ACAGCATCGTTGGTTCAATT,0,4829283
ygfKp,0.3333333333333333,2,2,ACAGATGCCCCGGTACAGCG,0,4835002
ygfKp,0.3333333333333333,2,2,ACACTTTAAGACACTGTTCC,0,4855986
ygfKp,0.3333333333333333,2,2,ACACGTATTCGCGGTTGTTG,0,4843157
ygfKp,0.3333333333333333,2,2,ACACGGTCAGTTAAGGTACG,0,4845175
ygfKp,0.3333333333333333,2,2,ACACGGCCCCTCATGAGCTT,0,4820635
ygfKp,0.3333333333333333,2,2,ACACACTGGGTGTAAAACGA,0,4846076
ygfKp,0.3333333333333333,2,2,ACAATGCGCCAGCGGAGGGG,0,4859416
ygfKp,0.3333333333333333,2,2,ACAAGGAGCTGCATGTCCTT,0,4819374
ygfKp,0.3333333333333333,2,2,ACAACTGACCTCGGCATTCA,0,4843512
ygfKp,0.3333333333333333,2,2,ACAACGCCGCGCAAACAAAG,0,4859660
ygfKp,0.3333333333333333,2,2,ACAACCCGATGTGCTCCCTA,0,4850203
ygfKp,0.3333333333333333,2,2,AATTGTGATTGACAAGCCCA,0,4819543
ygfKp,0.3333333333333333,2,2,AATTACAGAATGTAAGTTTA,0,4832564
ygfKp,0.3333333333333333,2,2,AATGCTACTTGCTTAGAGGA,0,4848833
ygfKp,0.3333333333333333,2,2,AATCTATTCACGAGCTTTCC,0,4845421
ygfKp,0.3333333333333333,2,2,AATCGCAGTGGCATGCTTCA,0,4845698
ygfKp,0.3333333333333333,2,2,AATCCGCCTTGGGATTGGTG,0,4843930
ygfKp,0.3333333333333333,2,2,AATCAGGAAATGCGCTTCTC,0,4840597
ygfKp,0.3333333333333333,2,2,AATATTTGACCAGTCTGATT,0,4856055
ygfKp,0.3333333333333333,2,2,AATATACGGATTATTGGAAG,0,4833730
ygfKp,0.3333333333333333,2,2,AATAGACAGGTTTCTACGGT,0,4841410
ygfKp,0.3333333333333333,2,2,AATACTTCGTGTTCAACAAT,0,4829339
ygfKp,0.3333333333333333,2,2,AAGTTCTGGGACGCTCGACC,0,4817069
ygfKp,0.3333333333333333,2,2,AAGTGCTCATGGGGGATTCA,0,4858192
ygfKp,0.3333333333333333,2,2,AAGTCTACGGAGACGCGCGA,0,4823171
ygfKp,0.3333333333333333,2,2,AAGTAGTGCAGTCACTTTCC,0,4839991
ygfKp,0.3333333333333333,2,2,AAGTAGAGACCATGCTTGAT,0,4827253
ygfKp,0.3333333333333333,2,2,AAGCTGCGCTGCTGCGCTAA,0,4846083
ygfKp,0.3333333333333333,2,2,AAGCTGAATATCGGGACACG,0,4841645
ygfKp,0.3333333333333333,2,2,AAGCCTCTAATCCTTGCGCT,0,4863541
ygfKp,0.3333333333333333,2,2,AAGATATAATAAACGCACGT,0,4819557
ygfKp,0.3333333333333333,2,2,AAGAGGGTGCAAGCAATCGG,0,4847057
ygfKp,0.3333333333333333,2,2,AAGACATTAGTCTCTCGCTT,0,4833821
ygfKp,0.3333333333333333,2,2,AACTTTGGCGCTAAGAACAG,0,4827692
ygfKp,0.3333333333333333,2,2,AACTTAGCAAGGCCCCCGTA,0,4830971
ygfKp,0.3333333333333333,2,2,AACTGCTAGGATTTTCGTCG,0,4831684
ygfKp,0.3333333333333333,2,2,AACTCCATACCCACAGATGC,0,4859526
ygfKp,0.3333333333333333,2,2,AACGTTAACGTGGTCGCAGC,0,4843048
ygfKp,0.3333333333333333,2,2,AACGTAATAATAGCACTCTC,0,4830046
ygfKp,0.3333333333333333,2,2,AACGCATCGAGCACCTTCAA,0,4842971
ygfKp,0.3333333333333333,2,2,AACCTCGCGCCACGCGGTGA,0,4842016
ygfKp,0.3333333333333333,2,2,AACCCGCCGCATCTGTAGAT,0,4830605
ygfKp,0.3333333333333333,2,2,AACATGTCAATCGTTAGTAA,0,4840182
ygfKp,0.3333333333333333,2,2,AACACTTTGAGGCCATATGT,0,4835524
ygfKp,0.3333333333333333,2,2,AACACATGCCGCATAGCTTT,0,4852439
ygfKp,0.3333333333333333,2,2,AAATGTAGCGTTTGAGAACG,0,4856943
ygfKp,0.3333333333333333,2,2,AAAGTACTCAAGGTTCGCGT,0,4840053
ygfKp,0.3333333333333333,2,2,AAAGGGGGTATCGTTGTGAA,0,4826960
ygfKp,0.3333333333333333,2,2,AAAGGCGTCTAGGTGTTCAC,0,4837369
ygfKp,0.3333333333333333,2,2,AAAGCCTATACTGGTAGGGT,0,4839605
ygfKp,0.3333333333333333,2,2,AAACTCCATGTGGCCACGCT,0,4862133
ygfKp,0.3333333333333333,2,2,AAACGTATAACTTATAGTTC,0,4857486
ygfKp,0.3333333333333333,2,2,AAAATCCGCAACAGCGTATA,0,4831875
ygfKp,0.3333333333333333,2,2,AAAAGACGGAACCTGAGAGG,0,4819410
ygfKp,0.3333333333333333,2,2,AAAACTGGCCCGCTCGCTAT,0,4853562
ygfKp,0.3333333333333333,2,2,AAAAATTCAATCTTCATCTC,0,4856611
ygfKp,0.3333333333333333,2,2,AAAAACGCACCTCGTACTTA,0,4822003
ygfKp,0.3333333333333333,2,2,AAAAACCGGTGCGTGGTACT,0,4836853
ygfKp,0.5,1,1,TTTTTAATATCGATAGGGGC,0,4845023
ygfKp,0.5,1,1,TTTTGACGTGTTGACAGACA,0,4850405
ygfKp,0.5,1,1,TTTGTGTTCTTTCAGAGACA,0,4848660
ygfKp,0.5,1,1,TTTGGTATGATCCACGCCTC,0,4859746
ygfKp,0.5,1,1,TTTGGGAGCTTATTCGGGTT,0,4862023
ygfKp,0.5,1,1,TTTGCTTAATCGCGTCGTGC,0,4852148
ygfKp,0.5,1,1,TTTGATAATTAAGGATTGAG,0,4836501
ygfKp,0.5,1,1,TTTGAAGCATCTAGTAGTAC,0,4853399
ygfKp,0.5,1,1,TTTCGATATAGGACTCTGGA,0,4843679
ygfKp,0.5,1,1,TTTCGACTGTACCGGGTCTA,0,4824242
ygfKp,0.5,1,1,TTTCCGTTCCAGGTATCCTT,0,4838720
ygfKp,0.5,1,1,TTTCACATTCGATAGGCGAA,0,4844807
ygfKp,0.5,1,1,TTTATTAGCCGAGGACGCTT,0,4844274
ygfKp,0.5,1,1,TTTAGGAAGTCTACATAATA,0,4856082
ygfKp,0.5,1,1,TTTAGATCGTCATAGCTACA,0,4857973
ygfKp,0.5,1,1,TTGTTCGACGCTTTTTTATG,0,4839214
ygfKp,0.5,1,1,TTGTTAACGTTGGGAGTCGG,0,4822399
ygfKp,0.5,1,1,TTGTCGGAGGCCGCGCGGGT,0,4851604
ygfKp,0.5,1,1,TTGTATGGCACATAAACAAC,0,4819011
ygfKp,0.5,1,1,TTGGTGGCAGCACCAGGCGT,0,4819388
ygfKp,0.5,1,1,TTGGAGGTCGGTGGCTGGAG,0,4818186
ygfKp,0.5,1,1,TTGGAGGAGGTCATAACAGG,0,4862259
ygfKp,0.5,1,1,TTGCATCGAGTTTTTTATCA,0,4860335
ygfKp,0.5,1,1,TTGCACGCCACCGGAAGCTC,0,4842421
ygfKp,0.5,1,1,TTGCAAGTCAGACCGGGCAG,0,4860411
ygfKp,0.5,1,1,TTGACTTCTGCTACACCTAT,0,4845125
ygfKp,0.5,1,1,TTGACTTACAGGGGGCATTC,0,4829784
ygfKp,0.5,1,1,TTGAATCGCATTGTTGGTGC,0,4842350
ygfKp,0.5,1,1,TTCTGTGCAGAGTTTACGGT,0,4824630
ygfKp,0.5,1,1,TTCTGGTCCATGCGTCCTGT,0,4833667
ygfKp,0.5,1,1,TTCTGGATTCGCGACAAGGG,0,4834516
ygfKp,0.5,1,1,TTCTCATCCTTGTGGCCGTG,0,4853474
ygfKp,0.5,1,1,TTCGTCTGTGAGTGTACCAG,0,4819894
ygfKp,0.5,1,1,TTCGGGATAATCACAGGCCC,0,4861232
ygfKp,0.5,1,1,TTCGGATCATCGATTTTGAG,0,4820508
ygfKp,0.5,1,1,TTCGCGACAAGTATACCGGT,0,4836530
ygfKp,0.5,1,1,TTCGCACATGTGAAGAACGG,0,4853042
ygfKp,0.5,1,1,TTCGACGTTATGCAAAAGTT,0,4850153
ygfKp,0.5,1,1,TTCCTCCTACGGCCACTTCC,0,4855647
ygfKp,0.5,1,1,TTCCGTAGCGAACCGCCTTA,0,4830795
ygfKp,0.5,1,1,TTCCGATAGCCTGCGGCGCA,0,4856495
ygfKp,0.5,1,1,TTCCGAGGCAATAACTTTTA,0,4840015
ygfKp,0.5,1,1,TTCCATTGTAAAGTAATTGT,0,4849864
ygfKp,0.5,1,1,TTCCACTACGTATTATGGAA,0,4825503
ygfKp,0.5,1,1,TTCCACGATCAATCGCAAGC,0,4851700
ygfKp,0.5,1,1,TTCATTTTGCCTCAATTGGA,0,4826492
ygfKp,0.5,1,1,TTCATGCTAGGCCGAAATGA,0,4818635
ygfKp,0.5,1,1,TTCAGAGACGTTTTCGTTCA,0,4857821
ygfKp,0.5,1,1,TTCAAGTCTGGACGTCTATA,0,4851200
ygfKp,0.5,1,1,TTCAACGGACCGTAGAGGAT,0,4836251
ygfKp,0.5,1,1,TTATTTTTGGGATACGCCCT,0,4842564
ygfKp,0.5,1,1,TTATGCTGACTTACACGAAA,0,4833942
ygfKp,0.5,1,1,TTATCGGAATGTACGAGACG,0,4820906
ygfKp,0.5,1,1,TTATCCTAGGAGAACCCTAT,0,4822403
ygfKp,0.5,1,1,TTATACCAGCTCCCCAAATG,0,4862386
ygfKp,0.5,1,1,TTAGTGGGTGGGAGCTAGAG,0,4858111
ygfKp,0.5,1,1,TTAGGACGGTGCTACGCAGT,0,4842395
ygfKp,0.5,1,1,TTAGCATCGGCGTAAATGTT,0,4845639
ygfKp,0.5,1,1,TTAGAGATGCTGTGCGACAT,0,4859895
ygfKp,0.5,1,1,TTACTTCCGATTAGTCGCGA,0,4857215
ygfKp,0.5,1,1,TTACTTAGGCGCATTCCAAT,0,4852266
ygfKp,0.5,1,1,TTACTGTCTTGGGCGTTCTT,0,4845321
ygfKp,0.5,1,1,TTAATTGTCGGTAATTGAAT,0,4829022
ygfKp,0.5,1,1,TTAATTAGGCTTCAGTCGAA,0,4827520
ygfKp,0.5,1,1,TTAATTACAAATCGTCATAT,0,4855249
ygfKp,0.5,1,1,TTAAGCGCCGCTGGGCGACG,0,4849460
ygfKp,0.5,1,1,TTAACTAGCGATTGTCGGGA,0,4833070
ygfKp,0.5,1,1,TTAACCGGAGCTAAGCCGAA,0,4848781
ygfKp,0.5,1,1,TTAACATTATAACCCCGAGG,0,4825125
ygfKp,0.5,1,1,TTAAAAAAATTCGGTTCATG,0,4840734
ygfKp,0.5,1,1,TGTTATTTAAATAATCCACA,0,4850165
ygfKp,0.5,1,1,TGTGTGGGTTGAAGCCGTCG,0,4817342
ygfKp,0.5,1,1,TGTGTGAAGCGGCCTCTTCA,0,4849573
ygfKp,0.5,1,1,TGTGGTATTCGTCGCTTGAT,0,4854519
ygfKp,0.5,1,1,TGTGGCGCGACGGGGTATAT,0,4838905
ygfKp,0.5,1,1,TGTGGACGATAGGGGCCGTA,0,4827035
ygfKp,0.5,1,1,TGTGAGCGGCGCTCATATAA,0,4862497
ygfKp,0.5,1,1,TGTCGTTGTCAGACCAAGCG,0,4847460
ygfKp,0.5,1,1,TGTCGTAAAAATCTCTTCTT,0,4828339
ygfKp,0.5,1,1,TGTCGGAGATCACAAGGGAT,0,4847311
ygfKp,0.5,1,1,TGTCATGCGGGGCTTGGTCA,0,4818784
ygfKp,0.5,1,1,TGTCATCAGGTAATGTAATT,0,4829281
ygfKp,0.5,1,1,TGTCACAAGGTATGTAATAG,0,4821686
ygfKp,0.5,1,1,TGTCAACACTACGGATGACA,0,4841899
ygfKp,0.5,1,1,TGTATGCTCCCGTGGTCTTT,0,4862255
ygfKp,0.5,1,1,TGTATGAGGTACAACCTGAA,0,4855514
ygfKp,0.5,1,1,TGTACCGTCTCCTTCGCCAT,0,4840351
ygfKp,0.5,1,1,TGTAAGGCTTACACTGGGTT,0,4827665
ygfKp,0.5,1,1,TGTAAGGCTCAGTCTAGTAG,0,4857641
ygfKp,0.5,1,1,TGTAAGGATGAACTTATTTC,0,4828538
ygfKp,0.5,1,1,TGTAACGCGGCAGTCTATCT,0,4833590
ygfKp,0.5,1,1,TGTAACGATAATGGTCGTTG,0,4843772
ygfKp,0.5,1,1,TGGTTTACTGACGGCCGGTA,0,4841575
ygfKp,0.5,1,1,TGGTTTACTCGACGGCTAGT,0,4835784
ygfKp,0.5,1,1,TGGTAGATCCTCTGCTATGT,0,4853858
ygfKp,0.5,1,1,TGGGGCTGGATGGACAATGC,0,4845773
ygfKp,0.5,1,1,TGGGGATTCAAGCGGTACAC,0,4819584
ygfKp,0.5,1,1,TGGGGAGCTTATGCTGAAGG,0,4826101
ygfKp,0.5,1,1,TGGGCGGATATCGCTGATCT,0,4825954
ygfKp,0.5,1,1,TGGGCGAAGGTAACTTCTTC,0,4823972
ygfKp,0.5,1,1,TGGCTTGGAATTAATGCAAA,0,4817146
ygfKp,0.5,1,1,TGGCTCTACCTAACGCCAAC,0,4855330
ygfKp,0.5,1,1,TGGCGTCGGCTTGTAAAAAT,0,4860497
ygfKp,0.5,1,1,TGGCCGATGTTAGTGTTGCC,0,4863784
ygfKp,0.5,1,1,TGGCCCCTGACAACGCGGTA,0,4856579
ygfKp,0.5,1,1,TGGCCCAGTGATTACGGATG,0,4852682
ygfKp,0.5,1,1,TGGCATGTATGTCCTCTCTC,0,4853210
ygfKp,0.5,1,1,TGGATTGGAATATGGCTTGG,0,4821811
ygfKp,0.5,1,1,TGGATAGGTCAGACCGAACT,0,4856033
ygfKp,0.5,1,1,TGGAGTAAGAAAAGGTCCTC,0,4857020
ygfKp,0.5,1,1,TGGACTGCGTGAATGTGCAT,0,4858195
ygfKp,0.5,1,1,TGGACTCCGTGGGGCTCCCC,0,4847696
ygfKp,0.5,1,1,TGGACATTAGTCTCGCGAAC,0,4827105
ygfKp,0.5,1,1,TGGACATCATGGATCCGCAT,0,4824650
ygfKp,0.5,1,1,TGGAATCTCGGTCATGTATG,0,4817383
ygfKp,0.5,1,1,TGCTTTGCCGAACCTTTCCC,0,4834457
ygfKp,0.5,1,1,TGCTTATGCTACTAAGCTTA,0,4842788
ygfKp,0.5,1,1,TGCTACACGTGGTGTGTTCC,0,4844506
ygfKp,0.5,1,1,TGCGTCTAATACAATGGGGA,0,4845032
ygfKp,0.5,1,1,TGCGTCGCACTCCCCCCGCA,0,4834973
ygfKp,0.5,1,1,TGCGGTCCCTCGGGTCGCGG,0,4851258
ygfKp,0.5,1,1,TGCGACCAGCTGTCCGGGTG,0,4823268
ygfKp,0.5,1,1,TGCCTTGAATTTCTCATCAC,0,4817645
ygfKp,0.5,1,1,TGCCTTCCGCGCGTTCTCGT,0,4826329
ygfKp,0.5,1,1,TGCCTGCTGGGGTCGCGTCC,0,4822273
ygfKp,0.5,1,1,TGCCTATTGTACGCTCGTGA,0,4856414
ygfKp,0.5,1,1,TGCCGGATACCTCGTAGAGT,0,4838298
ygfKp,0.5,1,1,TGCCCGGTGATAAGGTTCGC,0,4830459
ygfKp,0.5,1,1,TGCCCGAAGGTCTCAGATTA,0,4828114
ygfKp,0.5,1,1,TGCATGTTTAATAATTCCAC,0,4842390
ygfKp,0.5,1,1,TGCATGGTGGAATGTATGCA,0,4841254
ygfKp,0.5,1,1,TGCAGCTCAGATCGCCCAGA,0,4846896
ygfKp,0.5,1,1,TGATTGCTGGACCTAGTTTG,0,4856990
ygfKp,0.5,1,1,TGATGGGGAGTCAGCAAAAC,0,4832901
ygfKp,0.5,1,1,TGATCGCTAGCAACACAGGT,0,4837342
ygfKp,0.5,1,1,TGAGTGGTAAATGTCTGCGC,0,4836647
ygfKp,0.5,1,1,TGAGTCTTATAACAATATCA,0,4851630
ygfKp,0.5,1,1,TGAGGGCAACCTAGCATGAA,0,4828717
ygfKp,0.5,1,1,TGAGGATGAGATAGGAAGAA,0,4851149
ygfKp,0.5,1,1,TGAGCCGAGCAACCGGATTC,0,4823288
ygfKp,0.5,1,1,TGAGAGGATAATTTAGTCGC,0,4859423
ygfKp,0.5,1,1,TGACTTGTTGGCTATCTGGC,0,4822678
ygfKp,0.5,1,1,TGACCGTTCAACATCCCTAT,0,4862405
ygfKp,0.5,1,1,TGACCAGGCGTGATAGGTGG,0,4855775
ygfKp,0.5,1,1,TGACATTGGGACTGCAAAGA,0,4855088
ygfKp,0.5,1,1,TGACATATAAGTAAGTCAAC,0,4834627
ygfKp,0.5,1,1,TGACACCCCAGTTGTACGCA,0,4853749
ygfKp,0.5,1,1,TGACACACCACGGATTAAAG,0,4851062
ygfKp,0.5,1,1,TGACAATGTGTCACTGAGGG,0,4824371
ygfKp,0.5,1,1,TGAATCGTGAAGCATATAAA,0,4829848
ygfKp,0.5,1,1,TGAAGGTCCGGTATTCCCAG,0,4845195
ygfKp,0.5,1,1,TGAAGGCGGTCACTATTTCG,0,4852831
ygfKp,0.5,1,1,TGAACGGTTATTTACTCAGC,0,4828949
ygfKp,0.5,1,1,TGAACCATCGATGAATGGGT,0,4826573
ygfKp,0.5,1,1,TGAACACACGGATTCCAGAG,0,4819392
ygfKp,0.5,1,1,TGAAAGACCTACTCGCCGCT,0,4846156
ygfKp,0.5,1,1,TCTTTATATTTCTTCGAGTC,0,4848052
ygfKp,0.5,1,1,TCTTGTCATTGGACCAACGG,0,4847459
ygfKp,0.5,1,1,TCTTGGAGCTTAGACACACT,0,4855676
ygfKp,0.5,1,1,TCTTGATAGAGACCTTCAAA,0,4858785
ygfKp,0.5,1,1,TCTTCGCAAATCAATCGCAA,0,4859926
ygfKp,0.5,1,1,TCTTATGATTTTCGGCGTAT,0,4838647
ygfKp,0.5,1,1,TCTTACCAGGGATCGCGACA,0,4848894
ygfKp,0.5,1,1,TCTGTATTAAGGATCCTCGG,0,4862253
ygfKp,0.5,1,1,TCTGTATGAATTGGACGGGT,0,4841960
ygfKp,0.5,1,1,TCTGTAGTAAAGTCAACGAA,0,4830435
ygfKp,0.5,1,1,TCTGGGTGTATGCCTGCTAG,0,4862265
ygfKp,0.5,1,1,TCTGCTGACGTTTAGATAAG,0,4831783
ygfKp,0.5,1,1,TCTGATATGATCTGCCGGAT,0,4860722
ygfKp,0.5,1,1,TCTCTGGGTTCACGCCCCGA,0,4819456
ygfKp,0.5,1,1,TCTCGAGATCTCCGTTAAAT,0,4817186
ygfKp,0.5,1,1,TCTATCACTGAGTGCGGTTA,0,4825408
ygfKp,0.5,1,1,TCTAGTCTTGTTGGGGAATT,0,4857594
ygfKp,0.5,1,1,TCTACTAAAGCGCCAATGCA,0,4825203
ygfKp,0.5,1,1,TCGTTCTCAAAACTGAGCAT,0,4842707
ygfKp,0.5,1,1,TCGTGGCTCCTGTAAGGTTG,0,4862125
ygfKp,0.5,1,1,TCGTGAAGGCGAACTATTCA,0,4843653
ygfKp,0.5,1,1,TCGTCAGAGTATAGCAGGGT,0,4849801
ygfKp,0.5,1,1,TCGTAGAGCCCAGTGGACTA,0,4837938
ygfKp,0.5,1,1,TCGTACCCGAGCCAGTTGCT,0,4856380
ygfKp,0.5,1,1,TCGGTCACTGAGTCGGCACG,0,4833078
ygfKp,0.5,1,1,TCGGCCCAACGTATAAAGTA,0,4840882
ygfKp,0.5,1,1,TCGGCCACCATGTTTGGTTC,0,4835889
ygfKp,0.5,1,1,TCGGACCGCAGACGTTTGCA,0,4850814
ygfKp,0.5,1,1,TCGCGCACGAGTGGCGTTAG,0,4862659
ygfKp,0.5,1,1,TCGCATTGGCCCTCACAGAA,0,4860225
ygfKp,0.5,1,1,TCGACCCGGGGTAATAATAC,0,4843913
ygfKp,0.5,1,1,TCCTTGTGAGACGGGAACTT,0,4829948
ygfKp,0.5,1,1,TCCTGCACCTTGGTCATAGT,0,4844676
ygfKp,0.5,1,1,TCCTCACCTCTCTATTCAGG,0,4838731
ygfKp,0.5,1,1,TCCGGAGGCTGTTCATCATA,0,4861002
ygfKp,0.5,1,1,TCCGCGGACACCCCTATCTC,0,4847818
ygfKp,0.5,1,1,TCCGACTCAATAGGCAGCGA,0,4840781
ygfKp,0.5,1,1,TCCCTGGTGTTTAACGTGCT,0,4856759
ygfKp,0.5,1,1,TCCCGTGTGTTCACACTCAA,0,4817553
ygfKp,0.5,1,1,TCCCAGGCGCGTGCCCTGAG,0,4820398
ygfKp,0.5,1,1,TCCATGAATATTCTCTATCC,0,4843591
ygfKp,0.5,1,1,TCCATGAAGAGCTGATATCG,0,4849637
ygfKp,0.5,1,1,TCCAGGTGAATATGGGCCGG,0,4853679
ygfKp,0.5,1,1,TCCAGAACATTGAACTTTCA,0,4847254
ygfKp,0.5,1,1,TCCACGCGATGGCTTTTGTG,0,4852324
ygfKp,0.5,1,1,TCATTCTTTTAGTTAGGAGG,0,4819365
ygfKp,0.5,1,1,TCATGCCCTGGATATCCAGA,0,4833300
ygfKp,0.5,1,1,TCATGATCTAGAGCCTTCCG,0,4854760
ygfKp,0.5,1,1,TCATGATATTTTAGGTGGTC,0,4846360
ygfKp,0.5,1,1,TCATGAAGGTGTCCGGTGGA,0,4822829
ygfKp,0.5,1,1,TCATCATGAGCTTGATAATC,0,4848751
ygfKp,0.5,1,1,TCATCAATTCGCATTAGATG,0,4835504
ygfKp,0.5,1,1,TCATATCGACCATGCCCGTA,0,4833292
ygfKp,0.5,1,1,TCATAATGAATGGGAGTTTT,0,4832123
ygfKp,0.5,1,1,TCAGGTCACCGCTCAGACAC,0,4846026
ygfKp,0.5,1,1,TCAGGGATGACGGACGAAGA,0,4847849
ygfKp,0.5,1,1,TCACTTTTTTGTCCTAGAGA,0,4823904
ygfKp,0.5,1,1,TCACCGTATCTTCGCTGGTG,0,4859154
ygfKp,0.5,1,1,TCACCCAGGTGAGACTCATA,0,4820937
ygfKp,0.5,1,1,TCACAAGTTTATTCGTTATG,0,4862990
ygfKp,0.5,1,1,TCAAAAGGTAGTCTTCACTG,0,4862567
ygfKp,0.5,1,1,TATTGGGCTACGGGGCCTAT,0,4845839
ygfKp,0.5,1,1,TATTGGACACGTTCTGAGGT,0,4843354
ygfKp,0.5,1,1,TATTACGTTTTCGGTATGTT,0,4860944
ygfKp,0.5,1,1,TATTAATCTTCCGGTGGTCT,0,4829562
ygfKp,0.5,1,1,TATGCGTTATCTTCGTACAG,0,4838955
ygfKp,0.5,1,1,TATGCACCATCTTAACTGGA,0,4827304
ygfKp,0.5,1,1,TATCTCGGCCTTGGCTTTTT,0,4833033
ygfKp,0.5,1,1,TATCTAGCCGGTTGGTCAAA,0,4821637
ygfKp,0.5,1,1,TATCGGCGTCAGCCTTCGGT,0,4844690
ygfKp,0.5,1,1,TATCGCCATTGGCCACCCAT,0,4862663
ygfKp,0.5,1,1,TATCCTGATTCGGACGGAGA,0,4837705
ygfKp,0.5,1,1,TATCCTAAACGTAGTAGTGA,0,4856105
ygfKp,0.5,1,1,TATATCTATCCCGGGTCGAA,0,4850396
ygfKp,0.5,1,1,TATACCACTTTTAGACTCGT,0,4856811
ygfKp,0.5,1,1,TATAAACAAAGACCGCGCAA,0,4856327
ygfKp,0.5,1,1,TAGTAGGCTTGAATTGAGGA,0,4848030
ygfKp,0.5,1,1,TAGGTGTTTCGGGTTGTGAC,0,4858736
ygfKp,0.5,1,1,TAGGTCAGGAACCCTACACT,0,4836068
ygfKp,0.5,1,1,TAGGGGTCGCTCTGTAGATC,0,4828566
ygfKp,0.5,1,1,TAGGCATTCGTTCTGGCAAG,0,4846204
ygfKp,0.5,1,1,TAGGAAATGACGGGGCAGGA,0,4860817
ygfKp,0.5,1,1,TAGCTTGTGGGGATTTACCT,0,4833693
ygfKp,0.5,1,1,TAGCTCGACAATGGTCTTTT,0,4863545
ygfKp,0.5,1,1,TAGCTCCGGCATCGCCGTCA,0,4856869
ygfKp,0.5,1,1,TAGCGGTGCCCCATGATGTC,0,4859984
ygfKp,0.5,1,1,TAGCATCCTGAATAAATCCA,0,4826470
ygfKp,0.5,1,1,TAGATTAAACTTTAATCTTG,0,4827995
ygfKp,0.5,1,1,TAGAGAGCGACCGCCGGAAG,0,4833204
ygfKp,0.5,1,1,TACTTTGACACGTCCCACGT,0,4820509
ygfKp,0.5,1,1,TACTTAGTCTGGAAGGTCAG,0,4843249
ygfKp,0.5,1,1,TACTGTGTCTGGTGGTTGGA,0,4830960
ygfKp,0.5,1,1,TACTGTGCTTTCGATTCCGC,0,4821602
ygfKp,0.5,1,1,TACTATGTACGAGTGAGCGA,0,4825473
ygfKp,0.5,1,1,TACTATCGTACCTTGCTGAA,0,4829657
ygfKp,0.5,1,1,TACGTGGGGGAATAATTTCC,0,4828758
ygfKp,0.5,1,1,TACGGGAGTACGCCCTGCAG,0,4823347
ygfKp,0.5,1,1,TACGGCTATAAGGGCATCCT,0,4840033
ygfKp,0.5,1,1,TACGGAGACATACTGGTCGT,0,4837503
ygfKp,0.5,1,1,TACGCCTCGTTGTTAATTAC,0,4858633
ygfKp,0.5,1,1,TACGCAATCAAGCCACGCCC,0,4860816
ygfKp,0.5,1,1,TACGAGTATGAGGAACACCT,0,4861913
ygfKp,0.5,1,1,TACCTTATACCCGACTTTCC,0,4830579
ygfKp,0.5,1,1,TACCTGTTAAGAGGAAACGG,0,4821559
ygfKp,0.5,1,1,TACCTAAGTGACGGTACCCT,0,4819753
ygfKp,0.5,1,1,TACCCGGAGCCATCGGCGCG,0,4818733
ygfKp,0.5,1,1,TACCCCCGGAGGGATAGGAT,0,4841092
ygfKp,0.5,1,1,TACCCATGTTAGTTTGGTCT,0,4857818
ygfKp,0.5,1,1,TACCCAGGGTCACATCCCTA,0,4849881
ygfKp,0.5,1,1,TACCAGGCCATAGGATTCTA,0,4832816
ygfKp,0.5,1,1,TACACGTGCATCGGGAGGAG,0,4820159
ygfKp,0.5,1,1,TACAAGGGGCACACTTCTAT,0,4818597
ygfKp,0.5,1,1,TACAAGATGTAGCCACGTTG,0,4828306
ygfKp,0.5,1,1,TAATGCTCCGCGACAACAGT,0,4844210
ygfKp,0.5,1,1,TAATGCACGCTGTGGCCCGA,0,4818487
ygfKp,0.5,1,1,TAATCGGCCACTCTGGCGAT,0,4840626
ygfKp,0.5,1,1,TAATCGGCCAATTATTAGCG,0,4822837
ygfKp,0.5,1,1,TAATATCTGGCGGTCGCTCC,0,4839619
ygfKp,0.5,1,1,TAAGTTTTGGGGTTGAAGAT,0,4860942
ygfKp,0.5,1,1,TAAGTTATAAAAAGGTTATT,0,4847784
ygfKp,0.5,1,1,TAAGGGGTCGAGTGTAGCCT,0,4856820
ygfKp,0.5,1,1,TAAGCGCGTGCTGGTGTCCT,0,4848834
ygfKp,0.5,1,1,TAAGAGCGTCCCAAGAGAAC,0,4826342
ygfKp,0.5,1,1,TAAGACCGGGTAATTAGAGC,0,4848561
ygfKp,0.5,1,1,TAACTATAGGTCCTTCGATG,0,4821960
ygfKp,0.5,1,1,TAACGTATGCGCATGGTCGC,0,4823889
ygfKp,0.5,1,1,TAACGTACCGGTGGTCAGAA,0,4832149
ygfKp,0.5,1,1,TAACGGTCCAAGTAAAACAG,0,4822008
ygfKp,0.5,1,1,TAACCCGTCACGGACCCTCA,0,4860270
ygfKp,0.5,1,1,TAACATGTTGAGGGTCTAAT,0,4849493
ygfKp,0.5,1,1,TAACAGGCTGGTCACAATCA,0,4837181
ygfKp,0.5,1,1,TAACAAATGGCTCAGGACGT,0,4827185
ygfKp,0.5,1,1,TAAATTCACCATAGCAAAAT,0,4831370
ygfKp,0.5,1,1,TAAAGGTCAGACGGTAGTCC,0,4848320
ygfKp,0.5,1,1,TAAAGATACAACTCGACTAA,0,4863347
ygfKp,0.5,1,1,TAAACGTATCTTCTGTAATG,0,4827216
ygfKp,0.5,1,1,GTTTGGCGGGGGTACCACAC,0,4818185
ygfKp,0.5,1,1,GTTTGCGAACTCTCAACTAT,0,4853040
ygfKp,0.5,1,1,GTTTGATAATCGTAACGGCG,0,4827971
ygfKp,0.5,1,1,GTTTGACTAAAATGGCGTCC,0,4846670
ygfKp,0.5,1,1,GTTTACAAGGCAGAACATGC,0,4857801
ygfKp,0.5,1,1,GTTGTTTACACCTGCCGCTC,0,4858383
ygfKp,0.5,1,1,GTTGTTATCGAACGCAACAA,0,4861069
ygfKp,0.5,1,1,GTTGTGGTACACAGCCAAGG,0,4854869
ygfKp,0.5,1,1,GTTGTCGGCGCGAGGGTTTG,0,4834172
ygfKp,0.5,1,1,GTTGCGGGATCAAGCTAGAG,0,4863248
ygfKp,0.5,1,1,GTTGAATCCCATCTATAGAG,0,4862725
ygfKp,0.5,1,1,GTTCTACACGAGGAATTAAG,0,4833853
ygfKp,0.5,1,1,GTTCCAGAAGAAGCTCTCAG,0,4828502
ygfKp,0.5,1,1,GTTCACCCTTCCGTTGTTTG,0,4829854
ygfKp,0.5,1,1,GTTACTATTTTCTGGCGGAC,0,4846171
ygfKp,0.5,1,1,GTTACGCCGAAGCAAACGCT,0,4856450
ygfKp,0.5,1,1,GTTAACTGGGTTAAGGTCCC,0,4860072
ygfKp,0.5,1,1,GTTAACGCTGCCTTTTTTTT,0,4839055
ygfKp,0.5,1,1,GTTAAAAGTTAGAACAGCGG,0,4861389
ygfKp,0.5,1,1,GTGTTAGGGTAATATGTATG,0,4832556
ygfKp,0.5,1,1,GTGTGCCATCCGATAGTGGC,0,4822144
ygfKp,0.5,1,1,GTGTCTATGGACAGGGTCTA,0,4830110
ygfKp,0.5,1,1,GTGTCCATATGAATCCTCTT,0,4831671
ygfKp,0.5,1,1,GTGTCCAACTATGCGTAACT,0,4820004
ygfKp,0.5,1,1,GTGTATCGACGGGTGTTAAT,0,4827990
ygfKp,0.5,1,1,GTGGGGGTGCGGAGGGTCGT,0,4852278
ygfKp,0.5,1,1,GTGGCTATTACAGAGCTGCC,0,4828153
ygfKp,0.5,1,1,GTGGCACTACACACCATCGA,0,4826841
ygfKp,0.5,1,1,GTGGCACATAAAGCCGGTCT,0,4840424
ygfKp,0.5,1,1,GTGGATAGGCCGGCCGTGAT,0,4853551
ygfKp,0.5,1,1,GTGGAATATGGATTTTGATG,0,4819076
ygfKp,0.5,1,1,GTGCTTAGTCAGTTAGGGTC,0,4822980
ygfKp,0.5,1,1,GTGCGTTGCGTACGTGATCG,0,4858150
ygfKp,0.5,1,1,GTGCCTGATATGACGCTCTG,0,4835017
ygfKp,0.5,1,1,GTGCATACGTGCTCACCGAT,0,4824191
ygfKp,0.5,1,1,GTGATCTAACGCTGTGAGGG,0,4819906
ygfKp,0.5,1,1,GTGATCGTCAAAAGGAGCAA,0,4833049
ygfKp,0.5,1,1,GTGATAGGCAAGTAGTGGGA,0,4846629
ygfKp,0.5,1,1,GTCTTGCGCTACACGGGGTT,0,4841392
ygfKp,0.5,1,1,GTCTGGTTACCTCCACATGT,0,4840386
ygfKp,0.5,1,1,GTCGTGTTGCCAACAGAGTC,0,4832394
ygfKp,0.5,1,1,GTCGTGTGATAATCGTTATC,0,4817763
ygfKp,0.5,1,1,GTCGGTGACTAAGTTGAAGC,0,4825012
ygfKp,0.5,1,1,GTCGGGTGCGCGCGGCGCGA,0,4817740
ygfKp,0.5,1,1,GTCGGGTAGCCGGCTGTGCA,0,4824751
ygfKp,0.5,1,1,GTCGATGATCCAGGGGTTTA,0,4836088
ygfKp,0.5,1,1,GTCGATCTCTTCACCCAACC,0,4819199
ygfKp,0.5,1,1,GTCGAGACAAGCCAACCCGG,0,4824857
ygfKp,0.5,1,1,GTCGAACGCTACCAACGCAA,0,4851247
ygfKp,0.5,1,1,GTCCTTGGAGTCTGGACGCG,0,4823773
ygfKp,0.5,1,1,GTCCGTTACACCCATGTGAT,0,4842076
ygfKp,0.5,1,1,GTCCGGTCACAGCCTTTGCC,0,4856435
ygfKp,0.5,1,1,GTCCACCTGCACCTCAGTAC,0,4819380
ygfKp,0.5,1,1,GTCATGGAACAACTTATGGA,0,4849802
ygfKp,0.5,1,1,GTCAGCATCTTATAAGATAA,0,4853727
ygfKp,0.5,1,1,GTCACTGTTGGGTCACCCGA,0,4819739
ygfKp,0.5,1,1,GTCACTGGTGCTAGTTAATG,0,4827469
ygfKp,0.5,1,1,GTCAAGTAATCTTTACCGTG,0,4822392
ygfKp,0.5,1,1,GTATTCTTTCCTGTTCGTAC,0,4830576
ygfKp,0.5,1,1,GTATTCTCTCGGAAAGGTTA,0,4843204
ygfKp,0.5,1,1,GTATTAGAACTTGTTGCTTA,0,4820355
ygfKp,0.5,1,1,GTATGTAGTTGAAGACAGGA,0,4823065
ygfKp,0.5,1,1,GTATGCTAACGCCACCTATG,0,4853202
ygfKp,0.5,1,1,GTATGCATATCCTTACTGCC,0,4836762
ygfKp,0.5,1,1,GTATCCCGTCATCTTTCCTG,0,4828043
ygfKp,0.5,1,1,GTATCAGGAGTTGAGCATCA,0,4820411
ygfKp,0.5,1,1,GTATATCGGGCCGAAACTAA,0,4824761
ygfKp,0.5,1,1,GTAGGGTGCTGGGGGTCGGT,0,4840097
ygfKp,0.5,1,1,GTAGGAGGGTGGGGGCGCTT,0,4820173
ygfKp,0.5,1,1,GTAGCGTCTCTTTGTGACTT,0,4845924
ygfKp,0.5,1,1,GTAGAGGGATCAGATTATGA,0,4835802
ygfKp,0.5,1,1,GTACTCGCTTAATGGTTCTC,0,4831342
ygfKp,0.5,1,1,GTACCTGCCATCATCTAGTA,0,4850258
ygfKp,0.5,1,1,GTACCTCCGGTCATGCACTA,0,4853434
ygfKp,0.5,1,1,GTACCGTCAACCGATACCGA,0,4834532
ygfKp,0.5,1,1,GTACCCCGTTGTTTAGGTAG,0,4854146
ygfKp,0.5,1,1,GTACAGTGTTACCGGAAAAT,0,4823388
ygfKp,0.5,1,1,GTAAGCTTTTGGCTCCCACT,0,4818861
ygfKp,0.5,1,1,GTAAGATTTCACAATTATTA,0,4836298
ygfKp,0.5,1,1,GTAACTGGGATCGACTCGTG,0,4835078
ygfKp,0.5,1,1,GTAACGACGCAGTTGGAAAT,0,4847624
ygfKp,0.5,1,1,GTAACCGGCACCCTGCTAAC,0,4823750
ygfKp,0.5,1,1,GTAACCACCAGACGGACGTT,0,4849614
ygfKp,0.5,1,1,GGTTGGGATAGGAAGAGGTT,0,4832565
ygfKp,0.5,1,1,GGTTGGACCCTGCCATCGTT,0,4862246
ygfKp,0.5,1,1,GGTTCGCTTATAAAGCTCGT,0,4857292
ygfKp,0.5,1,1,GGTTCCTCGGTGGCCTCTAC,0,4848087
ygfKp,0.5,1,1,GGTGTTTCGGGCGCCATCGA,0,4827026
ygfKp,0.5,1,1,GGTGTCTTCATTGCAAGTCT,0,4861565
ygfKp,0.5,1,1,GGTGGACCTGGAGCTTTCGT,0,4857405
ygfKp,0.5,1,1,GGTGCGTAGTGTGATACATA,0,4845987
ygfKp,0.5,1,1,GGTGCCTGGGAGTTGTGAAG,0,4819851
ygfKp,0.5,1,1,GGTGCCGAATTCATCCTACT,0,4843580
ygfKp,0.5,1,1,GGTGCCAAGATTCCAGAGGA,0,4848119
ygfKp,0.5,1,1,GGTCTTTAGGGGTGGCGGAC,0,4845984
ygfKp,0.5,1,1,GGTCTGGACAGTACCACTAA,0,4841328
ygfKp,0.5,1,1,GGTCTGACAATGAGCCTTGA,0,4820716
ygfKp,0.5,1,1,GGTCTCGTCCGGGGAACGTA,0,4853491
ygfKp,0.5,1,1,GGTCTATATGGGCCAGACGT,0,4850677
ygfKp,0.5,1,1,GGTCTAAGACGGCGGACTTG,0,4835287
ygfKp,0.5,1,1,GGTCGCGGAAGATTGTAAAT,0,4830201
ygfKp,0.5,1,1,GGTCGCATCTATTCCATACC,0,4838286
ygfKp,0.5,1,1,GGTCGAGGATCTTGTTAGTA,0,4857813
ygfKp,0.5,1,1,GGTCCACTTTCATCTTTAGC,0,4860021
ygfKp,0.5,1,1,GGTCCACTGGAGCGCACTAC,0,4860046
ygfKp,0.5,1,1,GGTCACTGTTAGTGTATATC,0,4847187
ygfKp,0.5,1,1,GGTCAAGGCTACTACGTAGC,0,4833420
ygfKp,0.5,1,1,GGTATGTGAAGGTAGGTAGG,0,4849917
ygfKp,0.5,1,1,GGTATGTAACGGAGGCTAAG,0,4825245
ygfKp,0.5,1,1,GGTATCATAAACTCAAATAG,0,4862228
ygfKp,0.5,1,1,GGTACTTCAATTTTTGGGGT,0,4837606
ygfKp,0.5,1,1,GGTACTAACAGCTGCCTCTA,0,4835375
ygfKp,0.5,1,1,GGTACCAGCGGCCTCTGCGA,0,4844887
ygfKp,0.5,1,1,GGTACACTTAAATCGTTGTA,0,4852565
ygfKp,0.5,1,1,GGTAATTCAATTAATTCCCA,0,4840611
ygfKp,0.5,1,1,GGTAACACCCTCGACTTCCA,0,4854486
ygfKp,0.5,1,1,GGGTCGGTATAAGAGTCTAG,0,4826583
ygfKp,0.5,1,1,GGGTCAAGAGCGCACTGGCA,0,4846152
ygfKp,0.5,1,1,GGGTAGAGAGTCACTCGCGG,0,4836788
ygfKp,0.5,1,1,GGGGTTAGTCTGGCACCTAG,0,4862561
ygfKp,0.5,1,1,GGGGTAGCGTAACATTCGGA,0,4836423
ygfKp,0.5,1,1,GGGGGTGATTAGGTACGGTG,0,4862022
ygfKp,0.5,1,1,GGGGGGCTTGTTTCAGTGCA,0,4863548
ygfKp,0.5,1,1,GGGGAAACCAGTGACGCGTG,0,4821434
ygfKp,0.5,1,1,GGGCTTGTCTAGAGGTCTTA,0,4857452
ygfKp,0.5,1,1,GGGCTGGCGTTATTCTAGAC,0,4835157
ygfKp,0.5,1,1,GGGCTCATGATTAGATTTTT,0,4822721
ygfKp,0.5,1,1,GGGCGTCTCCCTCATTGCTA,0,4842796
ygfKp,0.5,1,1,GGGCGTCAGAAATTCCTTGA,0,4845887
ygfKp,0.5,1,1,GGGCCTTCAATATATACCAT,0,4832130
ygfKp,0.5,1,1,GGGCCTCTAAGTGTGCAGTT,0,4836348
ygfKp,0.5,1,1,GGGCCTCGATTCAATACCTA,0,4826000
ygfKp,0.5,1,1,GGGCATGTCATGGTGGGGGT,0,4834313
ygfKp,0.5,1,1,GGGATTGCGGTTGACATCGT,0,4825586
ygfKp,0.5,1,1,GGGATTAAATCAGACAGAAT,0,4819190
ygfKp,0.5,1,1,GGGATTAAAACAGGGCTGAT,0,4835313
ygfKp,0.5,1,1,GGGATCGTCTCATCGCGATA,0,4823753
ygfKp,0.5,1,1,GGGAGAGATCGGCCATTTGG,0,4862110
ygfKp,0.5,1,1,GGGACCTTGTATTAAACATC,0,4851722
ygfKp,0.5,1,1,GGGACAGCAGGGGATACCTA,0,4835027
ygfKp,0.5,1,1,GGGACACAAGTATAGAAGTT,0,4853409
ygfKp,0.5,1,1,GGCTTCACTATCGGTCCCGG,0,4848437
ygfKp,0.5,1,1,GGCTCGGTACCAATTGCTTC,0,4832593
ygfKp,0.5,1,1,GGCTCCCCAGTGTCCTATCC,0,4822488
ygfKp,0.5,1,1,GGCTCAGACCACTGACTCAT,0,4830521
ygfKp,0.5,1,1,GGCGTTCGTGAGTAATTTTA,0,4860542
ygfKp,0.5,1,1,GGCGGGAACAGGTTTGGTTC,0,4819617
ygfKp,0.5,1,1,GGCGATACGTCTGTAAAGCG,0,4835331
ygfKp,0.5,1,1,GGCGACGAAAATGCGTCAGG,0,4860039
ygfKp,0.5,1,1,GGCCTTACCGGGATAGTATC,0,4829639
ygfKp,0.5,1,1,GGCCGGGGAGTTCCTCGAAA,0,4831372
ygfKp,0.5,1,1,GGCCGCCAAACAGAAACGGA,0,4831670
ygfKp,0.5,1,1,GGCCCGATTCGGTTCTGGTA,0,4852403
ygfKp,0.5,1,1,GGCCCACGATATTGCGGCAT,0,4853058
ygfKp,0.5,1,1,GGCCATGGCGCTTAGTGGTT,0,4822432
ygfKp,0.5,1,1,GGCCACCAGCAAGCGCGCGT,0,4819837
ygfKp,0.5,1,1,GGCATTTGAAAGGGAAATAC,0,4818708
ygfKp,0.5,1,1,GGCATTATGAATGTTTATTT,0,4849504
ygfKp,0.5,1,1,GGCATGGAAGCCGGTAGTCT,0,4856578
ygfKp,0.5,1,1,GGCACGGGTCCATGACAAGG,0,4857245
ygfKp,0.5,1,1,GGCACAGGATGGTCATACGA,0,4842276
ygfKp,0.5,1,1,GGCAATTCAAGCTCATATGG,0,4858789
ygfKp,0.5,1,1,GGCAATGACTCTCCAATGTT,0,4821187
ygfKp,0.5,1,1,GGCAAGCACTCTAAGCAACT,0,4857456
ygfKp,0.5,1,1,GGCAAAGTACCAGAAATTCC,0,4821260
ygfKp,0.5,1,1,GGATTAAGGCCGTGCCTTTC,0,4835399
ygfKp,0.5,1,1,GGATGCATAAGCACGCCAGC,0,4822022
ygfKp,0.5,1,1,GGATAAATAGCGCAAGGGCA,0,4838547
ygfKp,0.5,1,1,GGAGTAACCGGCGGTAAAAT,0,4856382
ygfKp,0.5,1,1,GGAGCCAGACAACGATCTTC,0,4846098
ygfKp,0.5,1,1,GGAGATCGATCTCTACGTTA,0,4834263
ygfKp,0.5,1,1,GGAGAGATTCGAGAAGAGGG,0,4828026
ygfKp,0.5,1,1,GGACTGTTTAGAAAACCTGC,0,4843076
ygfKp,0.5,1,1,GGACTAGCTCTTTTTTTTGT,0,4848298
ygfKp,0.5,1,1,GGACGTGAATGGAGTTACCT,0,4821631
ygfKp,0.5,1,1,GGACGGAATCAACATGCGCG,0,4851829
ygfKp,0.5,1,1,GGACGAGGACCCGAAATCTG,0,4838260
ygfKp,0.5,1,1,GGACCCTACGTAACAGTGAC,0,4850914
ygfKp,0.5,1,1,GGACACTCGACTCATGGGCA,0,4818381
ygfKp,0.5,1,1,GGAAGAGACCCGTGCCCTTG,0,4844044
ygfKp,0.5,1,1,GGAAGACCGATCCCACAACG,0,4837882
ygfKp,0.5,1,1,GCTTTCGGGCTGACAAATCT,0,4837826
ygfKp,0.5,1,1,GCTTGATATCGGGGTCCGCT,0,4856004
ygfKp,0.5,1,1,GCTTCGGACCTTTCTGTCTC,0,4838174
ygfKp,0.5,1,1,GCTGCGGTACGCGTATTAAG,0,4822819
ygfKp,0.5,1,1,GCTCTTTATTCTTGAATTTC,0,4850331
ygfKp,0.5,1,1,GCTCTACTGCAGTCTTAGCC,0,4822670
ygfKp,0.5,1,1,GCTCATAGAGCCGATGTAGT,0,4819532
ygfKp,0.5,1,1,GCTCAGATGTGCCGGTTCGC,0,4847318
ygfKp,0.5,1,1,GCTATGTCCTTGAAACGGCA,0,4818311
ygfKp,0.5,1,1,GCTAGTTATAACTCGTTGTT,0,4833058
ygfKp,0.5,1,1,GCTAGCGATGCATACCTTGC,0,4843156
ygfKp,0.5,1,1,GCTACGTATTTCGTGACTTC,0,4845117
ygfKp,0.5,1,1,GCTACGGGTCTAAATAGATG,0,4833816
ygfKp,0.5,1,1,GCTAATGGACGGTGGCGTAC,0,4820484
ygfKp,0.5,1,1,GCTAAAAAAACTCTTTTGCA,0,4842348
ygfKp,0.5,1,1,GCGTTGGAAAAGCAGACACT,0,4835169
ygfKp,0.5,1,1,GCGTTCAGAATAAGTGGCGC,0,4861105
ygfKp,0.5,1,1,GCGTGGGTAACGGTCAAGAT,0,4854932
ygfKp,0.5,1,1,GCGTCCCCCGGATCCATCAA,0,4860725
ygfKp,0.5,1,1,GCGTCAGGCTGGCCTTGTAT,0,4856027
ygfKp,0.5,1,1,GCGGTTAAGATATTCGTGCT,0,4820675
ygfKp,0.5,1,1,GCGGTGTAGACGTCAAAGAC,0,4856874
ygfKp,0.5,1,1,GCGGTCCATAGGGGGTTGTT,0,4823336
ygfKp,0.5,1,1,GCGGGTTTACCTCTTATCGT,0,4834483
ygfKp,0.5,1,1,GCGGGGTTATATCCCAAATC,0,4839230
ygfKp,0.5,1,1,GCGGGCTGTCAAATTGTACT,0,4861805
ygfKp,0.5,1,1,GCGGGATAGGGAATCGGAAG,0,4859141
ygfKp,0.5,1,1,GCGGCGGCAAACATGGTGTA,0,4843674
ygfKp,0.5,1,1,GCGGATTGGACAATTCCAAA,0,4859393
ygfKp,0.5,1,1,GCGGACAACATACATCGATA,0,4829837
ygfKp,0.5,1,1,GCGGAAGGCACCGGTTTAGA,0,4820976
ygfKp,0.5,1,1,GCGGAAAGTCAAGGGTTAAT,0,4854405
ygfKp,0.5,1,1,GCGCTGTCACTTTTCTAAAA,0,4860919
ygfKp,0.5,1,1,GCGCTGAGAACATTTTAAGC,0,4843142
ygfKp,0.5,1,1,GCGCGTCCTGATGTCCTAAT,0,4837713
ygfKp,0.5,1,1,GCGCGATCTACAGACGGGAA,0,4817696
ygfKp,0.5,1,1,GCGCCTACAATAATGTACTC,0,4860012
ygfKp,0.5,1,1,GCGCCCCGCTGGATGGTGAT,0,4828593
ygfKp,0.5,1,1,GCGCCATTGTGTGAGAATTG,0,4833171
ygfKp,0.5,1,1,GCGCAGGGGGGCATGTACTG,0,4845503
ygfKp,0.5,1,1,GCGATGACGATTGGTCTTTG,0,4828707
ygfKp,0.5,1,1,GCGACGTAGTCGGGGTGTCA,0,4843827
ygfKp,0.5,1,1,GCCTTTGTTGCACTCACCAT,0,4829036
ygfKp,0.5,1,1,GCCTGTTACGATTTACCTTT,0,4839640
ygfKp,0.5,1,1,GCCTGCACATTGGTCTTGTA,0,4824347
ygfKp,0.5,1,1,GCCTCGCTGTTAGATCTTTT,0,4862072
ygfKp,0.5,1,1,GCCTCCTTTGGAAGCCCGTC,0,4851171
ygfKp,0.5,1,1,GCCTCAGTTCCCTATACTAT,0,4822515
ygfKp,0.5,1,1,GCCCTGGATCGTCGAGACAC,0,4854251
ygfKp,0.5,1,1,GCCCCGTTAGCACCGGACCG,0,4824085
ygfKp,0.5,1,1,GCCCCGAGCGCTTCCAGTTT,0,4819834
ygfKp,0.5,1,1,GCCCCATCTTATGGATCCAT,0,4817841
ygfKp,0.5,1,1,GCCCCACGAAGCTCTCTCCT,0,4833807
ygfKp,0.5,1,1,GCCCATTTTAAGTGCCAAGC,0,4818572
ygfKp,0.5,1,1,GCCCATAAGTATGCGGTTGG,0,4838896
ygfKp,0.5,1,1,GCCATTTCGATATCTGCTCT,0,4857523
ygfKp,0.5,1,1,GCCATCAGGGAATCGATCAG,0,4835846
ygfKp,0.5,1,1,GCCAGGTTCTGTAACCGTGG,0,4847085
ygfKp,0.5,1,1,GCCAGGGGGCAGCGTACCGT,0,4836837
ygfKp,0.5,1,1,GCCAGGCTCCTAATGTGGGA,0,4852329
ygfKp,0.5,1,1,GCCACGCAGGTGAACCTGTC,0,4838866
ygfKp,0.5,1,1,GCCACATACACAGCATGCGC,0,4822054
ygfKp,0.5,1,1,GCCACAGTTCGTGAGTACTG,0,4825506
ygfKp,0.5,1,1,GCATTGTACCGGTATCTTCC,0,4847189
ygfKp,0.5,1,1,GCATTCAATTATGTGTACAT,0,4858584
ygfKp,0.5,1,1,GCATTACGTGTTCGATAGGA,0,4847578
ygfKp,0.5,1,1,GCATTAACAGCCCCATCGCC,0,4858637
ygfKp,0.5,1,1,GCATGTTATGATAGGAGGGG,0,4827648
ygfKp,0.5,1,1,GCATGGACGCACACTTGTAA,0,4855564
ygfKp,0.5,1,1,GCATGAATTACAACGGTCCC,0,4818523
ygfKp,0.5,1,1,GCATCTTTTACAGGTCGTTG,0,4854540
ygfKp,0.5,1,1,GCATCGGCCTGTGAATTGAC,0,4820536
ygfKp,0.5,1,1,GCATCCAAGCTCGAGTGATG,0,4863481
ygfKp,0.5,1,1,GCAGTTAGTTAGAGATTACA,0,4820437
ygfKp,0.5,1,1,GCAGGTCCGTCTTGATAGTT,0,4825941
ygfKp,0.5,1,1,GCAGGTCCATAACGGCTCGG,0,4861856
ygfKp,0.5,1,1,GCAGATAATGGATATCCAGG,0,4861686
ygfKp,0.5,1,1,GCAGATAATAGTCTAGAGTT,0,4844956
ygfKp,0.5,1,1,GCAGAAATGTATGCTCCGGT,0,4852890
ygfKp,0.5,1,1,GCACGTGCGTTGCATGTGTA,0,4817379
ygfKp,0.5,1,1,GCACCCTGGGGCGAGGCGCT,0,4822111
ygfKp,0.5,1,1,GCAATTGTGTAAGTGCCCCC,0,4829529
ygfKp,0.5,1,1,GCAATACCATAACGCATAGT,0,4845851
ygfKp,0.5,1,1,GCAACTAAGTATGCCAGTCT,0,4845853
ygfKp,0.5,1,1,GCAACGATGGCCATGAGGAG,0,4822298
ygfKp,0.5,1,1,GCAAAAGTCCCTTTGGTTAA,0,4842432
ygfKp,0.5,1,1,GATTTAAGTTTTATAGGCCA,0,4824300
ygfKp,0.5,1,1,GATTCTGATGGTATCGCCAG,0,4825066
ygfKp,0.5,1,1,GATTATGTTTTCATGCATTG,0,4846159
ygfKp,0.5,1,1,GATTAACCCTGGCTTCGTTT,0,4845310
ygfKp,0.5,1,1,GATGTCGCTGACTGCATGTC,0,4821273
ygfKp,0.5,1,1,GATGATGGAGCGATACGTTC,0,4857785
ygfKp,0.5,1,1,GATCTGCGCGTTTGTTTCGT,0,4858053
ygfKp,0.5,1,1,GATCGCGCCCCTACCATCTC,0,4819425
ygfKp,0.5,1,1,GATCATCGTCGTTTTCTACC,0,4855789
ygfKp,0.5,1,1,GATCAGACCCCTTTATTTGC,0,4850746
ygfKp,0.5,1,1,GATATTAGCTCATATTTTAT,0,4838350
ygfKp,0.5,1,1,GATATGTAGGGTATCCAAAA,0,4833594
ygfKp,0.5,1,1,GATATGAGGAAGGGGAACTG,0,4845794
ygfKp,0.5,1,1,GATATCGGTCATATTATGCT,0,4817140
ygfKp,0.5,1,1,GATAGCCGAGGTCAGGATGG,0,4846024
ygfKp,0.5,1,1,GATAGCAAGGCCTAAAGAAA,0,4859754
ygfKp,0.5,1,1,GATAGAACTGGGACACAGCT,0,4839484
ygfKp,0.5,1,1,GATACATTCTTCCGCCGCGT,0,4856505
ygfKp,0.5,1,1,GATAACAGGCGAGCCCCCAC,0,4838826
ygfKp,0.5,1,1,GAGTTCCCGTCGCTATGATA,0,4847956
ygfKp,0.5,1,1,GAGTCGTCGAATGTTTAGGA,0,4850160
ygfKp,0.5,1,1,GAGTATTCAATACTTGTCAG,0,4833457
ygfKp,0.5,1,1,GAGTATGCCACTTTATTTAG,0,4827981
ygfKp,0.5,1,1,GAGGTCGGAGGGATTGAACG,0,4832414
ygfKp,0.5,1,1,GAGGGTTCCAGCCAGGGGCT,0,4820103
ygfKp,0.5,1,1,GAGGCGATTAGGCTGTGGGC,0,4857433
ygfKp,0.5,1,1,GAGCTTCAATAGGTGTCAGA,0,4847682
ygfKp,0.5,1,1,GAGCTTAGTTCCAACAGACA,0,4861094
ygfKp,0.5,1,1,GAGCTGCAAGAGGATTTGAC,0,4835934
ygfKp,0.5,1,1,GAGCGCCCTTGTGCAATTCC,0,4831579
ygfKp,0.5,1,1,GAGCCGCCGCCGCACCGTTA,0,4852065
ygfKp,0.5,1,1,GAGCCCGACTAATCCGGAGA,0,4829568
ygfKp,0.5,1,1,GAGCATTGCATTAGGGGGAA,0,4828925
ygfKp,0.5,1,1,GAGCAAGAGCCTCGCAACAG,0,4831686
ygfKp,0.5,1,1,GAGATTTTGATACGCCCGCA,0,4846893
ygfKp,0.5,1,1,GAGATGGTACTTACACCGAA,0,4853237
ygfKp,0.5,1,1,GAGATAAAAGGAACACTGGG,0,4817151
ygfKp,0.5,1,1,GAGACGGATTGCCATTAATG,0,4861541
ygfKp,0.5,1,1,GAGACCGGAGTTTGTACGCA,0,4845852
ygfKp,0.5,1,1,GAGAATTGTCTATACAAAAT,0,4837341
ygfKp,0.5,1,1,GAGAAATCCCCCAGGTAAAG,0,4842128
ygfKp,0.5,1,1,GACTTGTATAGCACCGTAAC,0,4853162
ygfKp,0.5,1,1,GACTGCCGGAACTTATGCTG,0,4839570
ygfKp,0.5,1,1,GACTATGAGTAAAGATCACA,0,4858662
ygfKp,0.5,1,1,GACTAGGGCGTTCTTGTAAC,0,4835794
ygfKp,0.5,1,1,GACATAACCCATCAGCGGGA,0,4818737
ygfKp,0.5,1,1,GACAGCATTAGAAAAATACC,0,4840046
ygfKp,0.5,1,1,GAATCGAGGACGATTGCAAA,0,4847300
ygfKp,0.5,1,1,GAATAAGGTTTGCTATCAGG,0,4837088
ygfKp,0.5,1,1,GAAGGATGGTCGATAGCCCA,0,4858739
ygfKp,0.5,1,1,GAAGGATGCCGGACAGTGAA,0,4823198
ygfKp,0.5,1,1,GAAGCCTTCAATGGGTACCA,0,4855596
ygfKp,0.5,1,1,GAAGAGAATCCGCAATCTAA,0,4862588
ygfKp,0.5,1,1,GAAGAACGAAGTCATCCGTA,0,4851660
ygfKp,0.5,1,1,GAACTGGATTGGTAGCCTTC,0,4833651
ygfKp,0.5,1,1,GAACGTGAACTACGAAGTCT,0,4818433
ygfKp,0.5,1,1,GAACATGGGTTGAAGCACTT,0,4852647
ygfKp,0.5,1,1,GAACAGGCACTCTCAGATAC,0,4820771
ygfKp,0.5,1,1,GAAAGTTCGATACGCACTTC,0,4858322
ygfKp,0.5,1,1,GAAACCGATCGTGAGCGTTC,0,4826910
ygfKp,0.5,1,1,CTTTTGCGCTCCATGAAGTT,0,4819397
ygfKp,0.5,1,1,CTTTGCTAATGTTCACGGAC,0,4854553
ygfKp,0.5,1,1,CTTTGCGGCGCGACGAATCC,0,4836786
ygfKp,0.5,1,1,CTTTCCCGCGTGTACCACTT,0,4826359
ygfKp,0.5,1,1,CTTGTCAGACAAATCGCCGC,0,4849804
ygfKp,0.5,1,1,CTTGTAAATAGTGCGCCAGG,0,4854231
ygfKp,0.5,1,1,CTTGCTGATTTACACCGGCC,0,4840139
ygfKp,0.5,1,1,CTTGACCTGGTGGTGAATTC,0,4834425
ygfKp,0.5,1,1,CTTCGGGGAGAGCCGCATTT,0,4838143
ygfKp,0.5,1,1,CTTCGGGGAATCCCTAGACT,0,4829029
ygfKp,0.5,1,1,CTTCGGCATTGTGCGACCAG,0,4834750
ygfKp,0.5,1,1,CTTCCGTTTCAGCATAATTC,0,4844946
ygfKp,0.5,1,1,CTTATCATAATCCCAAGTTC,0,4832904
ygfKp,0.5,1,1,CTTATAGGAGAGGATTACTT,0,4830512
ygfKp,0.5,1,1,CTTAGGGCCTCCATCCTTAG,0,4825444
ygfKp,0.5,1,1,CTTAGAGGAAACGGTAGTCA,0,4856490
ygfKp,0.5,1,1,CTTACGGTGGCAGCTCGTGA,0,4819433
ygfKp,0.5,1,1,CTTACGGTAAGTCTAGAGAG,0,4834589
ygfKp,0.5,1,1,CTTAATATATCCTCAACCCC,0,4846067
ygfKp,0.5,1,1,CTTAAGGTCCAGGATACAGC,0,4856417
ygfKp,0.5,1,1,CTGTTGGTGCGACCTTCATG,0,4836438
ygfKp,0.5,1,1,CTGTGGTTCTTCGAATGGGA,0,4860301
ygfKp,0.5,1,1,CTGTGGCACTGGTCGCCATT,0,4830577
ygfKp,0.5,1,1,CTGTGACTTATGGTAAGTTC,0,4822677
ygfKp,0.5,1,1,CTGGGAACAGAAGAGTTTCC,0,4818143
ygfKp,0.5,1,1,CTGGCTTCTAGTTAGGGATT,0,4840088
ygfKp,0.5,1,1,CTGGCATCCGTGTTCGTTTG,0,4817378
ygfKp,0.5,1,1,CTGGAGTCTAGAGTGGTCGG,0,4849662
ygfKp,0.5,1,1,CTGCCATGTACACTTAATTC,0,4836811
ygfKp,0.5,1,1,CTGCAGACTAGGAGTTCATT,0,4844647
ygfKp,0.5,1,1,CTGCACTAGCATACCGAACT,0,4853711
ygfKp,0.5,1,1,CTGCAAGTCTTTCAAGAGCA,0,4843986
ygfKp,0.5,1,1,CTGATTGATAGCCTACGGCA,0,4855783
ygfKp,0.5,1,1,CTGATTCACTTCGAAAATCA,0,4849883
ygfKp,0.5,1,1,CTGATAGACATTATCTTTGT,0,4848830
ygfKp,0.5,1,1,CTGAGACCTCTACTATAACA,0,4819390
ygfKp,0.5,1,1,CTGAATCGATCGTCTCCAGA,0,4847197
ygfKp,0.5,1,1,CTCTTCCGTGATGCGGCCAT,0,4826003
ygfKp,0.5,1,1,CTCTCTACGGAAACTTCTGG,0,4831668
ygfKp,0.5,1,1,CTCTAGGTATTGTATGTATA,0,4843546
ygfKp,0.5,1,1,CTCGGCAGTAAATGACTACC,0,4844721
ygfKp,0.5,1,1,CTCGCACATCTGCAATTAGT,0,4830446
ygfKp,0.5,1,1,CTCGAAGTATTATCCAGGCA,0,4835278
ygfKp,0.5,1,1,CTCCTTAACGTGCAGAAAGC,0,4856641
ygfKp,0.5,1,1,CTCCTGCCTAACACTTACGT,0,4851317
ygfKp,0.5,1,1,CTCCGGTGGCCGTACTTGGG,0,4823865
ygfKp,0.5,1,1,CTCCGGGACCGGCAAGCACC,0,4827172
ygfKp,0.5,1,1,CTCCGGCTAATGTTTTTGAA,0,4836770
ygfKp,0.5,1,1,CTCCGACTGTGCCAATGCTA,0,4861578
ygfKp,0.5,1,1,CTCCCGGCTAAATGATGTTT,0,4831049
ygfKp,0.5,1,1,CTCCACAGGGTTAAGGTACT,0,4846821
ygfKp,0.5,1,1,CTCATTATGCACCCTCCCAT,0,4823533
ygfKp,0.5,1,1,CTCATCTTAGTGGGGATCTT,0,4844520
ygfKp,0.5,1,1,CTCACGTGATAGTTGTAGTT,0,4856825
ygfKp,0.5,1,1,CTCAATAAAATTCAAGTGTG,0,4843863
ygfKp,0.5,1,1,CTCAAAAAGCTGTGTAGTGT,0,4843155
ygfKp,0.5,1,1,CTATTGGGATTGATTCAAAT,0,4849562
ygfKp,0.5,1,1,CTATTATTGGTGGGCATCGT,0,4833441
ygfKp,0.5,1,1,CTATCCTCTACTAGCTAGTT,0,4853514
ygfKp,0.5,1,1,CTATCAACCTATCTTGATGA,0,4822413
ygfKp,0.5,1,1,CTATAGGGGCGTGAGCAGGG,0,4858794
ygfKp,0.5,1,1,CTATAGCTCACCGAGGCTGT,0,4827806
ygfKp,0.5,1,1,CTATACTCCGTCAGCACCGC,0,4835734
ygfKp,0.5,1,1,CTAGGTCAGGGCCATCCGAG,0,4848572
ygfKp,0.5,1,1,CTAGGCGTTGCTGCGGTTAT,0,4853678
ygfKp,0.5,1,1,CTAGGCCAATGACTAAAGCT,0,4858013
ygfKp,0.5,1,1,CTAGCTTGTTCCGCAACGTG,0,4838920
ygfKp,0.5,1,1,CTAGCGGACCAAAGAGCAAT,0,4846038
ygfKp,0.5,1,1,CTACGTATAACGGAGTAGAG,0,4851006
ygfKp,0.5,1,1,CTACGCGCGGATATTGGTAC,0,4853617
ygfKp,0.5,1,1,CTACGAGTGACCACGGGTTT,0,4833076
ygfKp,0.5,1,1,CTACGAGGGAAACATAGCCA,0,4832750
ygfKp,0.5,1,1,CTACCGGCAGCTACGTGTGG,0,4849555
ygfKp,0.5,1,1,CTACACTTCGGAACAAAGTG,0,4838148
ygfKp,0.5,1,1,CTACACCCCTCGATGGATGC,0,4850658
ygfKp,0.5,1,1,CTACAAAGGTCTTATAGACC,0,4835073
ygfKp,0.5,1,1,CTAATTGCCTCTGCAAAACT,0,4859613
ygfKp,0.5,1,1,CTAATTGCCCTGTTCGCACT,0,4836613
ygfKp,0.5,1,1,CTAATCTTCCAGCAGGGGTC,0,4836384
ygfKp,0.5,1,1,CTAATAGCGGTTACACCGGA,0,4830628
ygfKp,0.5,1,1,CTAACGTCAACAGCCCCCGG,0,4854254
ygfKp,0.5,1,1,CGTTGGGTTCGCGCCACGTA,0,4860074
ygfKp,0.5,1,1,CGTTGGCAGTCATGGCTTAA,0,4845401
ygfKp,0.5,1,1,CGTTGGCACAATAACACCTT,0,4823703
ygfKp,0.5,1,1,CGTTCTCGGTCCGACCAATT,0,4847643
ygfKp,0.5,1,1,CGTTACGCAACCGAGCTGCC,0,4818568
ygfKp,0.5,1,1,CGTTAATCGTCCCGCACAAC,0,4840450
ygfKp,0.5,1,1,CGTGCTTGATTTGTGTCTGC,0,4817071
ygfKp,0.5,1,1,CGTGCGTCGCCAAAATATGT,0,4827828
ygfKp,0.5,1,1,CGTGCGATGAACAATTATTT,0,4831449
ygfKp,0.5,1,1,CGTGATGAATCCCGACGTTG,0,4848857
ygfKp,0.5,1,1,CGTGACGTATGGGGGCAGTT,0,4837079
ygfKp,0.5,1,1,CGTCTTCCCCAAATAAGGGT,0,4855912
ygfKp,0.5,1,1,CGTCCCATAAAATTTACCTA,0,4857156
ygfKp,0.5,1,1,CGTATTCGTAGCTGTACTGA,0,4838713
ygfKp,0.5,1,1,CGTATGGGCATTAATGTATT,0,4819982
ygfKp,0.5,1,1,CGTATGACTAAGCCCTACCT,0,4829452
ygfKp,0.5,1,1,CGTAGGTTGTTCAAACGTAT,0,4838641
ygfKp,0.5,1,1,CGTAGCGGCGGAGCACCGAC,0,4837517
ygfKp,0.5,1,1,CGTACCACGAAGCCGCACCT,0,4826338
ygfKp,0.5,1,1,CGTACAATGGTCGTAGCGCT,0,4852867
ygfKp,0.5,1,1,CGTAAGTGGATTTGCATCAC,0,4849053
ygfKp,0.5,1,1,CGTAACAATGGGGCTCGCCA,0,4818841
ygfKp,0.5,1,1,CGTAAATCGCTCAGTACGTA,0,4822833
ygfKp,0.5,1,1,CGTAAAGTCAACAGCCGGGT,0,4831973
ygfKp,0.5,1,1,CGGTTTGGTTGTCGTCTCGA,0,4844214
ygfKp,0.5,1,1,CGGTTTGCCCCGGGGCGTAC,0,4823239
ygfKp,0.5,1,1,CGGTTAGTGCCTCATACGGG,0,4822601
ygfKp,0.5,1,1,CGGTCAATGGCGGACTGAGA,0,4858370
ygfKp,0.5,1,1,CGGTATTCTGAGGACCTCGG,0,4832359
ygfKp,0.5,1,1,CGGTACGGACGTGAGGGCTG,0,4822411
ygfKp,0.5,1,1,CGGTAAGCATGGCAAACCGA,0,4839417
ygfKp,0.5,1,1,CGGTAACACTCGATAGATGC,0,4852131
ygfKp,0.5,1,1,CGGGTGCAAAGGGCTAAGGG,0,4839860
ygfKp,0.5,1,1,CGGGTACAAGTAATACTTAC,0,4829226
ygfKp,0.5,1,1,CGGGCGGTGAAGATCTTCCC,0,4845010
ygfKp,0.5,1,1,CGGGCAGGTTCATCGATATA,0,4831826
ygfKp,0.5,1,1,CGGGACTCGATCTGGGGACC,0,4835944
ygfKp,0.5,1,1,CGGCTACGGTAAACTAGCGA,0,4849543
ygfKp,0.5,1,1,CGGCCCCTCCTTGCTACGTG,0,4850939
ygfKp,0.5,1,1,CGGCATCGAGGCGTCATTCC,0,4851669
ygfKp,0.5,1,1,CGGCAACACATAGGGCGAGC,0,4822586
ygfKp,0.5,1,1,CGGATGGATAATTGAGCATG,0,4826766
ygfKp,0.5,1,1,CGGAGTTTACTTAATAGTTG,0,4831275
ygfKp,0.5,1,1,CGGAGTTATCTTGCGAAGGC,0,4856329
ygfKp,0.5,1,1,CGGACGCCATGTGAGAGTCC,0,4856323
ygfKp,0.5,1,1,CGGAAGTGATCTGGTTACAC,0,4848851
ygfKp,0.5,1,1,CGGAACGACGTCGGCTGCCA,0,4818870
ygfKp,0.5,1,1,CGGAACCACGCACTTGCGGA,0,4861139
ygfKp,0.5,1,1,CGCTTGGGCGTACCTACTGT,0,4837257
ygfKp,0.5,1,1,CGCTGACTCACTTAGACATT,0,4848523
ygfKp,0.5,1,1,CGCTCTATCGGGGTTAGAGA,0,4854489
ygfKp,0.5,1,1,CGCTCCTGCCGTGTGCTCAC,0,4834620
ygfKp,0.5,1,1,CGCTATAGGGTTCTAGTATG,0,4837196
ygfKp,0.5,1,1,CGCTAGCAGGCAGTGGAGCG,0,4818923
ygfKp,0.5,1,1,CGCTAGAGGAATCGCTAATT,0,4821037
ygfKp,0.5,1,1,CGCGGCGCAGCCCCGTGGTA,0,4822327
ygfKp,0.5,1,1,CGCGATTGTTTACTTGGTCT,0,4818533
ygfKp,0.5,1,1,CGCGAGGTTTGGCCGAGCGG,0,4856662
ygfKp,0.5,1,1,CGCGAGAGTCCTTTGGCATG,0,4821184
ygfKp,0.5,1,1,CGCGAGACCTTCGCCCTGGG,0,4847003
ygfKp,0.5,1,1,CGCCTTCTTTAATATGGCGA,0,4823412
ygfKp,0.5,1,1,CGCCGCTCTAATTAGTAGAA,0,4862231
ygfKp,0.5,1,1,CGCCGCATAATTTTGTTGAT,0,4860056
ygfKp,0.5,1,1,CGCCGATACTATCTATTATT,0,4835256
ygfKp,0.5,1,1,CGCCGACTAATCTCTAGGAT,0,4861547
ygfKp,0.5,1,1,CGCCGAACTTAACCGGAGGC,0,4821529
ygfKp,0.5,1,1,CGCCCAGGTGGGAATTGGGA,0,4849027
ygfKp,0.5,1,1,CGCCACTCACGCTAGGATGC,0,4831624
ygfKp,0.5,1,1,CGCCAAAGAAGATGAGCCGA,0,4829845
ygfKp,0.5,1,1,CGCACCTACTGATCCGGATC,0,4845988
ygfKp,0.5,1,1,CGCAAGATTGTGCCATAGGG,0,4827001
ygfKp,0.5,1,1,CGATTGTTCACCGTTGCAGC,0,4834429
ygfKp,0.5,1,1,CGATTAAGGAACCATAGAAA,0,4851364
ygfKp,0.5,1,1,CGATGGGCACTCGAAACAGT,0,4827002
ygfKp,0.5,1,1,CGATAGAGTGGCAGCTAAGG,0,4836169
ygfKp,0.5,1,1,CGAGTTTGCCCTAGCTTGTG,0,4834178
ygfKp,0.5,1,1,CGAGCCGCCGCATGCACAAA,0,4850718
ygfKp,0.5,1,1,CGAGAGGTGAAAGTTTTGTA,0,4818345
ygfKp,0.5,1,1,CGACCGTCCTGGTTCAGCCA,0,4835282
ygfKp,0.5,1,1,CGACAGGTTCAGTCCGTCCA,0,4817732
ygfKp,0.5,1,1,CGACAATAGTGCACGGGTCC,0,4859675
ygfKp,0.5,1,1,CGAATCGGCTCCTTGACGTT,0,4852727
ygfKp,0.5,1,1,CGAATCAGGCCATATGAAAA,0,4848862
ygfKp,0.5,1,1,CGAAGTTAGTGTTGGATCTC,0,4834231
ygfKp,0.5,1,1,CGAAGCTATGTACGTGCGCT,0,4834233
ygfKp,0.5,1,1,CCTTTGATGATATTTCGACG,0,4859721
ygfKp,0.5,1,1,CCTTGTACCATGGACTAAGC,0,4852003
ygfKp,0.5,1,1,CCTTGTAACCGGATTCTCCC,0,4846638
ygfKp,0.5,1,1,CCTTCTTAAATCTTTTTGCT,0,4859270
ygfKp,0.5,1,1,CCTTCATGCACGTGATTTCG,0,4828885
ygfKp,0.5,1,1,CCTGTTGTGTACCCTGTCCA,0,4847027
ygfKp,0.5,1,1,CCTGGCGAGTCTTGCTCCAT,0,4826698
ygfKp,0.5,1,1,CCTGGACCATTCCCAAAATC,0,4827612
ygfKp,0.5,1,1,CCTGCGTGAAGCCATTCAGC,0,4835081
ygfKp,0.5,1,1,CCTCTTACCGGCGGCAACGA,0,4833423
ygfKp,0.5,1,1,CCTCTGGACGGTCGTTGCAA,0,4859774
ygfKp,0.5,1,1,CCTCGGGCATCGGCACGAGA,0,4827744
ygfKp,0.5,1,1,CCTCGGCTGCCCATCATCAC,0,4832689
ygfKp,0.5,1,1,CCTCCGTTAGGTGGAGGCGT,0,4820545
ygfKp,0.5,1,1,CCTCACATTCAGGAAAGTCC,0,4819060
ygfKp,0.5,1,1,CCTAACTTTTTAAAACCGTG,0,4839149
ygfKp,0.5,1,1,CCGTGTTGCCGGTAGTCCCA,0,4854787
ygfKp,0.5,1,1,CCGTCTCCTTTTGACAGGCT,0,4848666
ygfKp,0.5,1,1,CCGTACTTACCGTAGCCCGC,0,4832517
ygfKp,0.5,1,1,CCGGGGTATCCCGAAACGCA,0,4862935
ygfKp,0.5,1,1,CCGGCTAGCCGCACCTGAGG,0,4828340
ygfKp,0.5,1,1,CCGGCCTCTGCCTATAAAGG,0,4825972
ygfKp,0.5,1,1,CCGCTGACATAATTTTGAGT,0,4833142
ygfKp,0.5,1,1,CCGCTAGTCATGGAGTCCCT,0,4835272
ygfKp,0.5,1,1,CCGCGTATTCCTGCCCGGCT,0,4853598
ygfKp,0.5,1,1,CCGCGCATTATCAGGACAAC,0,4844634
ygfKp,0.5,1,1,CCGCCGTAGAAGGAGCCCGA,0,4826479
ygfKp,0.5,1,1,CCGCCCAAAACGTAGTATCT,0,4836553
ygfKp,0.5,1,1,CCGCACGAGGAAACGATGCT,0,4852875
ygfKp,0.5,1,1,CCGATCCACTGCCCAAGTCA,0,4851040
ygfKp,0.5,1,1,CCGACGTTCCTTAGACAGAC,0,4833426
ygfKp,0.5,1,1,CCGACGACTCGACACCTCTA,0,4823358
ygfKp,0.5,1,1,CCGACCCGTGTTTAGTGAAG,0,4824551
ygfKp,0.5,1,1,CCCTTCATAGGGATACCCCA,0,4827966
ygfKp,0.5,1,1,CCCTCACTGACGTGGCAGTA,0,4829757
ygfKp,0.5,1,1,CCCGGCTAGCGAGTCAAGGA,0,4862540
ygfKp,0.5,1,1,CCCGGCAGTATGCGTCGGAG,0,4854935
ygfKp,0.5,1,1,CCCGCTTGGGGTTTTCTCTT,0,4847322
ygfKp,0.5,1,1,CCCGCGATATATTGTCGCAG,0,4841718
ygfKp,0.5,1,1,CCCGACCGTGGCCCGGCGAT,0,4848905
ygfKp,0.5,1,1,CCCGAAGGCAGGGGGTAATA,0,4854929
ygfKp,0.5,1,1,CCCCTGTATCCGCGGTCGCC,0,4834917
ygfKp,0.5,1,1,CCCCTCGTATTCAGACTGCC,0,4848476
ygfKp,0.5,1,1,CCCCGAGATGGTAACTGCTC,0,4847918
ygfKp,0.5,1,1,CCCCATGGGACTGAGGTCCG,0,4837443
ygfKp,0.5,1,1,CCCATGGTTGCCTCCAAAAG,0,4821443
ygfKp,0.5,1,1,CCCAGGGTCGGCGGGAAACC,0,4838028
ygfKp,0.5,1,1,CCCACCGTGCCGGCGACATT,0,4826871
ygfKp,0.5,1,1,CCATATGGCAATCCATCCCT,0,4852039
ygfKp,0.5,1,1,CCATAGCCACCCCGCGGGGT,0,4850150
ygfKp,0.5,1,1,CCATACGACAACGGACAGCT,0,4844790
ygfKp,0.5,1,1,CCAGTTTCGGCAAATGCAAC,0,4849177
ygfKp,0.5,1,1,CCAGGGCTCTTTCAATCACG,0,4846538
ygfKp,0.5,1,1,CCAGGACGGGAAAGACGGCT,0,4824243
ygfKp,0.5,1,1,CCAGATGGTAGCTGTGAATA,0,4847626
ygfKp,0.5,1,1,CCAGAGTTTCACGTACGTGC,0,4841229
ygfKp,0.5,1,1,CCAGACATCCTAGAACTCCC,0,4848049
ygfKp,0.5,1,1,CCACTAGAGAGAGTCGTTGC,0,4856408
ygfKp,0.5,1,1,CCACTACCCTTAGGGGTGAA,0,4838585
ygfKp,0.5,1,1,CCACCCCATATTTCTGGAGG,0,4849410
ygfKp,0.5,1,1,CCACATGATAAACTTTATCG,0,4819734
ygfKp,0.5,1,1,CCACATCGGAGACTTGCAGG,0,4827003
ygfKp,0.5,1,1,CCAAGACCCGATGATGCATG,0,4820483
ygfKp,0.5,1,1,CATTTAATCGTTGCGAACGC,0,4828116
ygfKp,0.5,1,1,CATTGGGCCTGATTGTAACG,0,4836000
ygfKp,0.5,1,1,CATTGGATTGAACGCATGTC,0,4823485
ygfKp,0.5,1,1,CATTGCTCGTAGTAAACATC,0,4818678
ygfKp,0.5,1,1,CATTGAGCAAGCACGTAGTC,0,4834307
ygfKp,0.5,1,1,CATTCCCGCCAAATCTATGT,0,4852931
ygfKp,0.5,1,1,CATTAATCAGTGGCCATAAA,0,4845514
ygfKp,0.5,1,1,CATTAAGTCACTATGTGGTT,0,4827637
ygfKp,0.5,1,1,CATGTTGAGACCTATAGTCC,0,4840600
ygfKp,0.5,1,1,CATGGTTTAAGTTCTCTGCA,0,4821340
ygfKp,0.5,1,1,CATGGTTCAAAGCAGCATAC,0,4847562
ygfKp,0.5,1,1,CATGGTGTACCGAGACGAAA,0,4822337
ygfKp,0.5,1,1,CATGGCCATTGCGTATATAA,0,4849406
ygfKp,0.5,1,1,CATGCAAGGAGAATTACAAG,0,4832321
ygfKp,0.5,1,1,CATCTTTATTGGCCGATTCA,0,4843710
ygfKp,0.5,1,1,CATCTGATTACGTAGTTTGA,0,4854742
ygfKp,0.5,1,1,CATCTCGCACCGTTTATTGG,0,4819062
ygfKp,0.5,1,1,CATCGGTACTTCTACTGTCG,0,4841708
ygfKp,0.5,1,1,CATCAGGAGGTCCCTATTGT,0,4837283
ygfKp,0.5,1,1,CATCACTTCATTTGCGCGGC,0,4842570
ygfKp,0.5,1,1,CATATTACTGACATAGTGCG,0,4844287
ygfKp,0.5,1,1,CATATATCAAACAAATTAGA,0,4860646
ygfKp,0.5,1,1,CATAGTATCCGGTCGTACCT,0,4823340
ygfKp,0.5,1,1,CATAGTATAGACCCAGCGGG,0,4845069
ygfKp,0.5,1,1,CATAGGTGGGGAAATGAGGC,0,4842073
ygfKp,0.5,1,1,CATAGGATTTTGTTCCGACC,0,4834984
ygfKp,0.5,1,1,CATACACTCGGGTATGGCGG,0,4838155
ygfKp,0.5,1,1,CATAATACAGCGTCACGCTG,0,4850288
ygfKp,0.5,1,1,CAGTTCCCCTATGTACCACG,0,4826839
ygfKp,0.5,1,1,CAGTGGTGTTGATCGGGCAT,0,4841347
ygfKp,0.5,1,1,CAGTGGCTAAAGACTATAGT,0,4820707
ygfKp,0.5,1,1,CAGTCCAGCCGGCACATAGG,0,4856067
ygfKp,0.5,1,1,CAGCCAATCGTTTACGACAG,0,4847116
ygfKp,0.5,1,1,CAGCATTCAGGGACGTCAGT,0,4835767
ygfKp,0.5,1,1,CAGAGTGCATGAGTTTTGGT,0,4853335
ygfKp,0.5,1,1,CAGAGCGTCAATCATTTCCT,0,4818083
ygfKp,0.5,1,1,CAGAGAAGCTAGCTACGGCA,0,4825257
ygfKp,0.5,1,1,CAGACTCTTCCCCATTAGAA,0,4852553
ygfKp,0.5,1,1,CAGAACTCTCTACGCTATCA,0,4820604
ygfKp,0.5,1,1,CACTGTTGTGGGGTACAATT,0,4824648
ygfKp,0.5,1,1,CACTCCACCATGCGCTGCAA,0,4833380
ygfKp,0.5,1,1,CACGTTCGGTATAGCAATGT,0,4846370
ygfKp,0.5,1,1,CACGTTAGTACGGCCCTCTT,0,4840529
ygfKp,0.5,1,1,CACGTGATACTTAAGCCATG,0,4823143
ygfKp,0.5,1,1,CACGTCCTAGAACACTGGTT,0,4842175
ygfKp,0.5,1,1,CACGTCAACCTCCTGTACTG,0,4856030
ygfKp,0.5,1,1,CACGTATCAGGAACGTACAT,0,4827525
ygfKp,0.5,1,1,CACGGACGGGTTTACTGTCG,0,4842436
ygfKp,0.5,1,1,CACGCGCAGTTATGCGGTAT,0,4830013
ygfKp,0.5,1,1,CACCTCATCCAGTCCTGAGT,0,4827831
ygfKp,0.5,1,1,CACCTCACGGGACGAACCCT,0,4842510
ygfKp,0.5,1,1,CACCCGGGCCTGGGACGAAT,0,4838971
ygfKp,0.5,1,1,CACCCAACGACCAGAGGTTG,0,4853674
ygfKp,0.5,1,1,CACCACGAAGCGAAGTAACG,0,4817995
ygfKp,0.5,1,1,CACATGTTATTCACGGCTGC,0,4818681
ygfKp,0.5,1,1,CACATGTGTTGGGAGGGGGA,0,4863451
ygfKp,0.5,1,1,CACAGAGTAGTAGTCGCCAA,0,4860140
ygfKp,0.5,1,1,CACAAGGAAGGTGTTAAAGA,0,4825017
ygfKp,0.5,1,1,CACAACTGGTTCCATTAGAA,0,4826424
ygfKp,0.5,1,1,CAATTCGACATACCTCCCCT,0,4831014
ygfKp,0.5,1,1,CAATCAATCGGGCTATCACG,0,4860332
ygfKp,0.5,1,1,CAATAGCCCGCGATTAACCC,0,4821903
ygfKp,0.5,1,1,CAATAAACGTCCCACGCTTG,0,4848511
ygfKp,0.5,1,1,CAAGTGCCGGCAGCGCTTAG,0,4827482
ygfKp,0.5,1,1,CAAGGGCGGGGTGTATCGTA,0,4851732
ygfKp,0.5,1,1,CAAGCATTGACAAATTAACG,0,4856102
ygfKp,0.5,1,1,CAAGAAGTTTTCGACAAGAG,0,4833053
ygfKp,0.5,1,1,CAAGAAAGGAAGTGCCAGAG,0,4841098
ygfKp,0.5,1,1,CAACTCGACGCAAAGGCCAA,0,4818976
ygfKp,0.5,1,1,CAACGATAGTCTGCTCTGCA,0,4823700
ygfKp,0.5,1,1,CAACATTTCACGGTCCAAAT,0,4853222
ygfKp,0.5,1,1,CAACAGGCTGGTGATAGGTT,0,4852252
ygfKp,0.5,1,1,CAAAGTAGTAAGCATTACGA,0,4844981
ygfKp,0.5,1,1,CAAACCCGGACTGGTGTGCA,0,4832153
ygfKp,0.5,1,1,ATTTTGTGGGCGTCCCCAGT,0,4818526
ygfKp,0.5,1,1,ATTTTAAATGTGTTCCGAGT,0,4855214
ygfKp,0.5,1,1,ATTTGATCCATCTGATACAA,0,4855404
ygfKp,0.5,1,1,ATTTCTAATGGATACGCAAC,0,4817758
ygfKp,0.5,1,1,ATTTAATTTAGTAAGTGTGA,0,4855513
ygfKp,0.5,1,1,ATTGTGATTAGCCTAGTAAC,0,4838278
ygfKp,0.5,1,1,ATTGGTCACCTACTCCGGAG,0,4851995
ygfKp,0.5,1,1,ATTGCGCGGGGCTGCCCACC,0,4840421
ygfKp,0.5,1,1,ATTGACTCGTAGGCGCGTAT,0,4857435
ygfKp,0.5,1,1,ATTCTCACGCTCGCGATTTT,0,4850290
ygfKp,0.5,1,1,ATTCCCATAGGTATTCTGAA,0,4836026
ygfKp,0.5,1,1,ATTCCATTTGACTTTTGGGT,0,4842420
ygfKp,0.5,1,1,ATTCAGTGTATGAAGTAGAT,0,4852127
ygfKp,0.5,1,1,ATTATACCCAATGCCCACCA,0,4832238
ygfKp,0.5,1,1,ATTACTAGATTAAATTGAAC,0,4837093
ygfKp,0.5,1,1,ATTACCAATGGTACGCGTAT,0,4841279
ygfKp,0.5,1,1,ATTAAGTCGAATGGGTAAAG,0,4861807
ygfKp,0.5,1,1,ATTAACAGTGGATCCCTCAA,0,4833515
ygfKp,0.5,1,1,ATTAAAGCTGGAAGATGGCG,0,4825795
ygfKp,0.5,1,1,ATGTGTTCCATCTTAAAACA,0,4851008
ygfKp,0.5,1,1,ATGTGCTGCCTCTTGTATGC,0,4834430
ygfKp,0.5,1,1,ATGTAATAGACACGTATTCT,0,4841716
ygfKp,0.5,1,1,ATGGTCTATTGCTGCAGTCT,0,4818929
ygfKp,0.5,1,1,ATGGGTTATAACGAGATAGT,0,4832991
ygfKp,0.5,1,1,ATGGGCAAGTTTACGGGACC,0,4852558
ygfKp,0.5,1,1,ATGGGAGGACACACGTGCAT,0,4841214
ygfKp,0.5,1,1,ATGGGAGAGCACGCTTTACA,0,4863575
ygfKp,0.5,1,1,ATGGCACGATTGCCCGCGAG,0,4862817
ygfKp,0.5,1,1,ATGGCAACACTGTGGCCAAC,0,4858544
ygfKp,0.5,1,1,ATGCTCTAGGCGGTGCCGTT,0,4819869
ygfKp,0.5,1,1,ATGCTATTGGCACTGCGGGG,0,4849675
ygfKp,0.5,1,1,ATGCCTCCGCCGCGAAATCG,0,4837441
ygfKp,0.5,1,1,ATGCCATTGGAATGTCGCAT,0,4860697
ygfKp,0.5,1,1,ATGCATGCTGGAAATGGGGG,0,4824059
ygfKp,0.5,1,1,ATGCATATGAAGATTGTTTT,0,4837241
ygfKp,0.5,1,1,ATGCAAAGTCCAAGCATCGG,0,4839730
ygfKp,0.5,1,1,ATGATTTGCGGCACTTCTAA,0,4831355
ygfKp,0.5,1,1,ATGATGCTGACCCCAATGCT,0,4861158
ygfKp,0.5,1,1,ATGATCTACAACTCAGAGCA,0,4823934
ygfKp,0.5,1,1,ATGAGTGGGTGAACTAATCA,0,4831467
ygfKp,0.5,1,1,ATGAGCTGTATCCTCATAAA,0,4832014
ygfKp,0.5,1,1,ATGAGCGTCTCAGCTGCTAC,0,4861883
ygfKp,0.5,1,1,ATGAGAGTACAAGTAGTTAA,0,4827608
ygfKp,0.5,1,1,ATGACTCGGCTCGTTCACGA,0,4843178
ygfKp,0.5,1,1,ATGAATAGCCTTAGCCCGTT,0,4824072
ygfKp,0.5,1,1,ATCTTAAAATCAGCAATTGT,0,4828440
ygfKp,0.5,1,1,ATCTGTTGCTGGTTTCGTTG,0,4829754
ygfKp,0.5,1,1,ATCTGTCGGGAGAGTGTCCA,0,4851104
ygfKp,0.5,1,1,ATCTGGCATCGTTTGCGACA,0,4824738
ygfKp,0.5,1,1,ATCTAGTGGTCGCTTTGCCG,0,4846536
ygfKp,0.5,1,1,ATCGTCAACTACGAACAAAT,0,4838277
ygfKp,0.5,1,1,ATCGGGGGAAAATCTTGAGG,0,4843728
ygfKp,0.5,1,1,ATCGGCACTAGGTAAAACTA,0,4822784
ygfKp,0.5,1,1,ATCGAACCTGTCGGTTAGTT,0,4855329
ygfKp,0.5,1,1,ATCCTGGTCCATGGGAGGGT,0,4833663
ygfKp,0.5,1,1,ATCCTGCCCGTCCAACCATC,0,4859839
ygfKp,0.5,1,1,ATCCGATCAACAGTGCGCTG,0,4844861
ygfKp,0.5,1,1,ATCCATTGTCGCCGTTGACA,0,4824815
ygfKp,0.5,1,1,ATCCAATGCTCATCGAGTTC,0,4818847
ygfKp,0.5,1,1,ATCATCCGCCTACAAGGCTA,0,4839445
ygfKp,0.5,1,1,ATCAGCGATGAAAAGGCCTT,0,4826397
ygfKp,0.5,1,1,ATCACTCTATTTACCCAAAC,0,4833470
ygfKp,0.5,1,1,ATCACAATGGATCACTCACA,0,4833309
ygfKp,0.5,1,1,ATCAATTCAAGACCCATTTT,0,4846533
ygfKp,0.5,1,1,ATCAACTCTACTCAATTTTG,0,4842196
ygfKp,0.5,1,1,ATCAAAACTTGATTCCGAGT,0,4831269
ygfKp,0.5,1,1,ATATTCCCTAGAATATGGTA,0,4841956
ygfKp,0.5,1,1,ATATAGGTATAAAGTTCTAG,0,4832103
ygfKp,0.5,1,1,ATATACTACGCGCCGTCTCC,0,4834947
ygfKp,0.5,1,1,ATAGTTCCGCGTCTTGGTGG,0,4826288
ygfKp,0.5,1,1,ATAGTATTTTCCGTAAGATG,0,4827556
ygfKp,0.5,1,1,ATAGGGGCTATTCAGCGATT,0,4846039
ygfKp,0.5,1,1,ATAGCCTCACGCGCCCTAGG,0,4832270
ygfKp,0.5,1,1,ATAGATAGGAACGGTGTTCG,0,4820911
ygfKp,0.5,1,1,ATACTGGGATTTAAACTGAA,0,4818343
ygfKp,0.5,1,1,ATACTGCGTAGGTAGAGCTC,0,4818574
ygfKp,0.5,1,1,ATACGGGGTGACATATGGGG,0,4844266
ygfKp,0.5,1,1,ATACCGGTAGTATTTGGGTA,0,4823701
ygfKp,0.5,1,1,ATACCCACCCAATCAACGTG,0,4840349
ygfKp,0.5,1,1,ATACCATCACATTTATTATT,0,4822608
ygfKp,0.5,1,1,ATACCAATCGTCAGCCGTTT,0,4837543
ygfKp,0.5,1,1,ATACATCTCGTGCGAGAACG,0,4829765
ygfKp,0.5,1,1,ATAATGGCCAAAGGAAGCTG,0,4837340
ygfKp,0.5,1,1,ATAATCTGTCCGTTGATGCT,0,4832319
ygfKp,0.5,1,1,ATAAGTTCATTCTTACTGCG,0,4832963
ygfKp,0.5,1,1,ATAACGCCGTTACGCGGAAT,0,4841333
ygfKp,0.5,1,1,ATAACCATCAAGCTATGCGC,0,4863124
ygfKp,0.5,1,1,ATAAAGTCAGTGGTCACCCG,0,4817753
ygfKp,0.5,1,1,AGTTGAGGGGGTCTATTACA,0,4840704
ygfKp,0.5,1,1,AGTTCTGAGCAGATAACTAT,0,4861361
ygfKp,0.5,1,1,AGTTCGGGAACGCTTTTACA,0,4843786
ygfKp,0.5,1,1,AGTTATGTAGTTCCTGGTAG,0,4848381
ygfKp,0.5,1,1,AGTGCGCACCACGGCAGGTG,0,4826321
ygfKp,0.5,1,1,AGTGAGTGGCCCACGGGAGT,0,4845584
ygfKp,0.5,1,1,AGTCGTTACGAATAAATCCC,0,4860673
ygfKp,0.5,1,1,AGTCGGGTGTATGCCGCTGA,0,4855640
ygfKp,0.5,1,1,AGTCGCTTGCCCTAATATTC,0,4841477
ygfKp,0.5,1,1,AGTCCCGACCCCGCGCTGCC,0,4843173
ygfKp,0.5,1,1,AGTCCACGCCTGAGGTTTGA,0,4859670
ygfKp,0.5,1,1,AGTATGGATGGTCTCACTCA,0,4841449
ygfKp,0.5,1,1,AGTATGAGTAAACCGACGAA,0,4861606
ygfKp,0.5,1,1,AGTAGGCGGTCGCCGGAATC,0,4817730
ygfKp,0.5,1,1,AGTAACATCGTAAACCCGCC,0,4845026
ygfKp,0.5,1,1,AGGTTGTGACCTTATGCGTA,0,4845303
ygfKp,0.5,1,1,AGGTTGGTACGTAAAAATTG,0,4829426
ygfKp,0.5,1,1,AGGTTGACTTAACTTAGACG,0,4824146
ygfKp,0.5,1,1,AGGTTGACGGGTTCGGTTTT,0,4849463
ygfKp,0.5,1,1,AGGTGTCGCTCGGACACATT,0,4821031
ygfKp,0.5,1,1,AGGTGACACCAAAATATGCC,0,4853363
ygfKp,0.5,1,1,AGGTCTACTGCGTGAACGGT,0,4861115
ygfKp,0.5,1,1,AGGTATTTGCTGGAGCTCTC,0,4830434
ygfKp,0.5,1,1,AGGTACTTATGGTGGGGTTG,0,4846005
ygfKp,0.5,1,1,AGGGTGCTGGAAGTCAGAAG,0,4832755
ygfKp,0.5,1,1,AGGGTGCTCAAAGAACTGTT,0,4822113
ygfKp,0.5,1,1,AGGGTCTGGCGGCCCCCGTT,0,4817345
ygfKp,0.5,1,1,AGGGTCGTCAATCTAGAGAT,0,4859280
ygfKp,0.5,1,1,AGGGTCCCATATTATTTAGA,0,4840346
ygfKp,0.5,1,1,AGGGGCAATATATACCGCAC,0,4852775
ygfKp,0.5,1,1,AGGGCGTGTGGATTGATCCA,0,4827634
ygfKp,0.5,1,1,AGGGACAGGTACAGCGTCTT,0,4857728
ygfKp,0.5,1,1,AGGGAACGTAGGGAATGACT,0,4839775
ygfKp,0.5,1,1,AGGCTGTCCTCGCTGTTGCG,0,4821735
ygfKp,0.5,1,1,AGGCCCTTGCGCACGGCATT,0,4840978
ygfKp,0.5,1,1,AGGATGTACGGGCTGAATGT,0,4842457
ygfKp,0.5,1,1,AGGATGGTTCGACGCCAGTA,0,4823949
ygfKp,0.5,1,1,AGGAGTAAAGTAAGCGGGGT,0,4851620
ygfKp,0.5,1,1,AGGAGGCCATGGCCCTCCTC,0,4834452
ygfKp,0.5,1,1,AGGAGCCTATCTTGGGCGGT,0,4849414
ygfKp,0.5,1,1,AGGACTTTCTTACTATTGCA,0,4824301
ygfKp,0.5,1,1,AGGACGCGGCCATCCATGTT,0,4830206
ygfKp,0.5,1,1,AGGAAGAGGCGCATCCCCCC,0,4857247
ygfKp,0.5,1,1,AGCTCACGCAGGGTTCGATT,0,4824404
ygfKp,0.5,1,1,AGCTCACAACGTCATCATGA,0,4851972
ygfKp,0.5,1,1,AGCTACTGAGACCGTGTATC,0,4858717
ygfKp,0.5,1,1,AGCGGTCCTCTCCCATTTAG,0,4829125
ygfKp,0.5,1,1,AGCGCATGTCCAGCGTTTCA,0,4851862
ygfKp,0.5,1,1,AGCCTTCTTAGTACAGATTT,0,4835373
ygfKp,0.5,1,1,AGCCGTAAAGTATCTGTGCG,0,4859428
ygfKp,0.5,1,1,AGCCCTATATTCAAAATCTT,0,4849895
ygfKp,0.5,1,1,AGCCCGCTTGGTTGCCAATG,0,4820498
ygfKp,0.5,1,1,AGCCACTGCGCCGATAAATA,0,4828313
ygfKp,0.5,1,1,AGCAATTTAAGGTGCCTCCC,0,4857226
ygfKp,0.5,1,1,AGCAATTAACGAGTTGAATA,0,4855184
ygfKp,0.5,1,1,AGATTTGTGAATTTGCGCAA,0,4839228
ygfKp,0.5,1,1,AGATCCGCGGGGCTTGCCCA,0,4832553
ygfKp,0.5,1,1,AGATCAGACCCGCAAAGACC,0,4817940
ygfKp,0.5,1,1,AGATACGAGTGACCATGCAC,0,4841490
ygfKp,0.5,1,1,AGAGTAGAATACATGTGTGA,0,4839147
ygfKp,0.5,1,1,AGAGGGTGTTTTCGCGCACC,0,4854631
ygfKp,0.5,1,1,AGAGGGGTCGAGCTCCAATA,0,4860255
ygfKp,0.5,1,1,AGAGCTTAGACGCAAGATCC,0,4830654
ygfKp,0.5,1,1,AGAGCGCCGGTGATGTAAAC,0,4822395
ygfKp,0.5,1,1,AGAGATATGTTCATCGTATG,0,4824017
ygfKp,0.5,1,1,AGACTGTGATTATGGGGTAG,0,4838521
ygfKp,0.5,1,1,AGACTCGACATTAGCTGACC,0,4849659
ygfKp,0.5,1,1,AGACGGGGGCCATCTCGAAT,0,4847581
ygfKp,0.5,1,1,AGACGCTCCTAGTGCAGTTG,0,4828865
ygfKp,0.5,1,1,AGACCGATATCTTACAGCTG,0,4846527
ygfKp,0.5,1,1,AGACATTGTGGCGTCTCGGG,0,4843814
ygfKp,0.5,1,1,AGAATGTCGCAAAACTCAGA,0,4817390
ygfKp,0.5,1,1,AGAATGGTATCGTGCAAAGA,0,4829307
ygfKp,0.5,1,1,AGAAGATCTCACCGGGATTG,0,4854427
ygfKp,0.5,1,1,AGAACCTGTGCGTAAAAGAA,0,4833587
ygfKp,0.5,1,1,AGAACATTGTTTCCTCCCTA,0,4831348
ygfKp,0.5,1,1,AGAAATCGTATCGGAAAGCA,0,4843129
ygfKp,0.5,1,1,ACTTTTAGGACGTGGTTAAA,0,4828369
ygfKp,0.5,1,1,ACTTTCTCAGAGGCAAAATT,0,4852979
ygfKp,0.5,1,1,ACTTGTCGTCCCCACGAATC,0,4845191
ygfKp,0.5,1,1,ACTTGTCCTCTTTGGTTCCT,0,4820539
ygfKp,0.5,1,1,ACTTGCGTTCGGTAAACAGT,0,4858805
ygfKp,0.5,1,1,ACTTCTGGGACTGGGGATTA,0,4818650
ygfKp,0.5,1,1,ACTTCTAGACGTCACTCCAT,0,4849639
ygfKp,0.5,1,1,ACTTCCACTCGCTGTTACGA,0,4837189
ygfKp,0.5,1,1,ACTTCATTCTCTTCCTTGCA,0,4829792
ygfKp,0.5,1,1,ACTTAAGAGCCGTACGATCA,0,4844747
ygfKp,0.5,1,1,ACTGTTCGGCTTAGTCCCTC,0,4858190
ygfKp,0.5,1,1,ACTGGGTCGCAAAGATTCAT,0,4828380
ygfKp,0.5,1,1,ACTGGCAACCACAGGCCATA,0,4854592
ygfKp,0.5,1,1,ACTGCGGGGACTTCTCGGAT,0,4861639
ygfKp,0.5,1,1,ACTGCGCTAGAGATGTCAAG,0,4835176
ygfKp,0.5,1,1,ACTGCATACAAGCAATTTCA,0,4823891
ygfKp,0.5,1,1,ACTGCAATCGAAGTGTAACT,0,4857510
ygfKp,0.5,1,1,ACTGATGCCCAAGGTGGACT,0,4831456
ygfKp,0.5,1,1,ACTGATACAAAAGGTTGCGC,0,4853729
ygfKp,0.5,1,1,ACTCTCAATAATGCGGCAAT,0,4849608
ygfKp,0.5,1,1,ACTCGGTTACGTTACTGCAA,0,4834988
ygfKp,0.5,1,1,ACTCGGTATACGTATGCGCA,0,4825717
ygfKp,0.5,1,1,ACTCGCTATAGGTATCCACA,0,4823983
ygfKp,0.5,1,1,ACTCGCGGTTTGGCGTATGT,0,4833338
ygfKp,0.5,1,1,ACTCGCCTATCAAGGACTCC,0,4855622
ygfKp,0.5,1,1,ACTCAGGAGGGGGCGTGTAA,0,4837572
ygfKp,0.5,1,1,ACTATTTTTTTCCGTCTTAG,0,4836067
ygfKp,0.5,1,1,ACTATCGTTTCCGGAGATGG,0,4858194
ygfKp,0.5,1,1,ACTATATGGAGGCCAAGACC,0,4841428
ygfKp,0.5,1,1,ACTAGCGGACGTATGTCTGA,0,4858168
ygfKp,0.5,1,1,ACGGTTATAGTCAACTTCTA,0,4836040
ygfKp,0.5,1,1,ACGGTTACATGGCGCGTTGG,0,4818530
ygfKp,0.5,1,1,ACGGCGTCTTGAACTGTTTT,0,4841653
ygfKp,0.5,1,1,ACGGCACATTGATTGTGGGA,0,4862027
ygfKp,0.5,1,1,ACGGAAGCAAGCCCACGCGA,0,4834514
ygfKp,0.5,1,1,ACGCTGATGGAAAATTCTAG,0,4819599
ygfKp,0.5,1,1,ACGCGTGCATAAATGCTACC,0,4857499
ygfKp,0.5,1,1,ACGAGCTGTGGAGGTAACAC,0,4829866
ygfKp,0.5,1,1,ACGAGCCATTAGGGTCGGTT,0,4818397
ygfKp,0.5,1,1,ACGAAGCGGTCTCTTAATGC,0,4858828
ygfKp,0.5,1,1,ACGAAGACGAGTAACTGCTC,0,4826551
ygfKp,0.5,1,1,ACGAACCTCAATATTCTATT,0,4823828
ygfKp,0.5,1,1,ACGAACCGCATTGGGTACAA,0,4844865
ygfKp,0.5,1,1,ACCTTTTATATGACTCATGC,0,4853266
ygfKp,0.5,1,1,ACCTTCTCGTGCTCGACTGG,0,4823356
ygfKp,0.5,1,1,ACCTTCACTACCGAATAAAA,0,4830554
ygfKp,0.5,1,1,ACCTTATGGACTAATCTCGA,0,4824904
ygfKp,0.5,1,1,ACCGTTCGTGGCAGTGGCTG,0,4842747
ygfKp,0.5,1,1,ACCGCACACAATGAGCAATG,0,4818268
ygfKp,0.5,1,1,ACCCTTTCCTACGACATGCG,0,4851676
ygfKp,0.5,1,1,ACCCTGTAACTTTTGCCCGA,0,4825109
ygfKp,0.5,1,1,ACCCGCTTCGCATTGATAAC,0,4830423
ygfKp,0.5,1,1,ACCCCTTGACGCACCTGTTC,0,4823712
ygfKp,0.5,1,1,ACCACCGATCGGGATTGCAG,0,4856961
ygfKp,0.5,1,1,ACCACCAGGGTACCTCTGTA,0,4819587
ygfKp,0.5,1,1,ACCACATCGTCCCCCGGACA,0,4843097
ygfKp,0.5,1,1,ACCAATCTTGCCTGCCCAAC,0,4861441
ygfKp,0.5,1,1,ACATTTATGACTCTAGAGCC,0,4830271
ygfKp,0.5,1,1,ACATGCATCTGTTACTAGAT,0,4835368
ygfKp,0.5,1,1,ACATCTTTCGGGGGGCTGTA,0,4823163
ygfKp,0.5,1,1,ACATCCATGATAGCCGACCA,0,4840350
ygfKp,0.5,1,1,ACATAAATCATTAGGACTGT,0,4853439
ygfKp,0.5,1,1,ACAGCTTAGTATTCTCGTGG,0,4853249
ygfKp,0.5,1,1,ACAGCTACCGGTGGGAGAAG,0,4817334
ygfKp,0.5,1,1,ACAGCGACGTGAACTACCAA,0,4847898
ygfKp,0.5,1,1,ACACTCAAGTCTATGCCAGT,0,4824370
ygfKp,0.5,1,1,ACACTAAAGTGGAGACATTT,0,4849913
ygfKp,0.5,1,1,ACACGTTAATTTGGTAGTGT,0,4836351
ygfKp,0.5,1,1,ACACGCCTGGCTCTGGAGAG,0,4826334
ygfKp,0.5,1,1,ACACCCGTCCGCATCCCCGG,0,4827553
ygfKp,0.5,1,1,ACACACCAAGGCCTGGCACA,0,4823355
ygfKp,0.5,1,1,ACACAAATCGACCAATCATA,0,4856096
ygfKp,0.5,1,1,ACAATCACCAGTGAGTGCCT,0,4858638
ygfKp,0.5,1,1,ACAATACTATGCTTTGTGGT,0,4840878
ygfKp,0.5,1,1,ACAAGTTTCGGGAATATGCG,0,4855017
ygfKp,0.5,1,1,ACAAGTGAGAGCGATCACCA,0,4853745
ygfKp,0.5,1,1,ACAAGGAACGCGACAATTAG,0,4846001
ygfKp,0.5,1,1,ACAAATAAGGACGGATACGA,0,4822701
ygfKp,0.5,1,1,AATTTAGTGTATGAATAAGT,0,4821745
ygfKp,0.5,1,1,AATTGGCCTCACTTATTGAA,0,4820444
ygfKp,0.5,1,1,AATTCCATCTAACGTTTGGC,0,4827009
ygfKp,0.5,1,1,AATTATTGAAGCAGCATACA,0,4854717
ygfKp,0.5,1,1,AATTAACCCTATAGCTTAAA,0,4863009
ygfKp,0.5,1,1,AATGTTATAGGCCACACGTA,0,4854022
ygfKp,0.5,1,1,AATGGTTATATATGTTTCTA,0,4820287
ygfKp,0.5,1,1,AATGGTACCTTCTTGTCCGC,0,4850386
ygfKp,0.5,1,1,AATGGAAAGACATGGACTTA,0,4819671
ygfKp,0.5,1,1,AATGCTTAGGCTCTCAATGC,0,4841049
ygfKp,0.5,1,1,AATGCGCAAGATCGCCGTGC,0,4856999
ygfKp,0.5,1,1,AATGCCTAGTATTTACCTAA,0,4841158
ygfKp,0.5,1,1,AATGCATATAGGCAAACTTA,0,4839054
ygfKp,0.5,1,1,AATGCAAGTTCTCTGCCGGA,0,4828547
ygfKp,0.5,1,1,AATGAATGCGGAGTGGCACG,0,4830303
ygfKp,0.5,1,1,AATCTATGCAGCACGTTGTT,0,4820500
ygfKp,0.5,1,1,AATCGTGGACCGGCACACTC,0,4839849
ygfKp,0.5,1,1,AATCGCGGTGAGCTATCGAT,0,4857509
ygfKp,0.5,1,1,AATCGAACTTCCGAACACTC,0,4833320
ygfKp,0.5,1,1,AATCCAATCCAGCCGCCAGC,0,4833306
ygfKp,0.5,1,1,AATAGTCCTGTGCATCTGTT,0,4860095
ygfKp,0.5,1,1,AATAGCCTGTAGTGACCATG,0,4847341
ygfKp,0.5,1,1,AATAACGGGGACAACGTTAA,0,4839023
ygfKp,0.5,1,1,AATAACGATCCAGCAAACAT,0,4823931
ygfKp,0.5,1,1,AAGTTTCGGATAGGCTATAC,0,4857755
ygfKp,0.5,1,1,AAGTTGCGACTGGCGTGCTA,0,4818490
ygfKp,0.5,1,1,AAGTATTCCGTCTAAAATAA,0,4861623
ygfKp,0.5,1,1,AAGTATCAACCTATCAAGGT,0,4833599
ygfKp,0.5,1,1,AAGTAATGTACGCTACTCGT,0,4834818
ygfKp,0.5,1,1,AAGGGATCCGTCCAGTCCGT,0,4855138
ygfKp,0.5,1,1,AAGGCTTTATTAGCGATATG,0,4858397
ygfKp,0.5,1,1,AAGGCGCCCCGACACTGATG,0,4821287
ygfKp,0.5,1,1,AAGGAGGCAGCATTCTATGT,0,4839737
ygfKp,0.5,1,1,AAGGACCCACTACTTAAGTA,0,4844828
ygfKp,0.5,1,1,AAGGACAACGTAGACAAGAT,0,4817263
ygfKp,0.5,1,1,AAGCTTGCCCTGTAGAATTG,0,4835382
ygfKp,0.5,1,1,AAGCTCGTGTGATTTAACGC,0,4836657
ygfKp,0.5,1,1,AAGCGTGAGTTCAGTTGAGT,0,4826553
ygfKp,0.5,1,1,AAGCGCGAATTGCTACGGTT,0,4823981
ygfKp,0.5,1,1,AAGCGAGCGGTGTTATCCTT,0,4819172
ygfKp,0.5,1,1,AAGAGCAGTTGGAGTTCGGT,0,4861552
ygfKp,0.5,1,1,AAGAGATCGGACCGTGTTGG,0,4860645
ygfKp,0.5,1,1,AAGAGACCCGTCCTAAACTC,0,4851523
ygfKp,0.5,1,1,AAGACATCCGCTTAACAGGG,0,4831674
ygfKp,0.5,1,1,AAGAAACAACATCTAATCTC,0,4825143
ygfKp,0.5,1,1,AAGAAAACCAGTTGCCATGA,0,4818922
ygfKp,0.5,1,1,AACTGTCTGAGGAAGCTATC,0,4842399
ygfKp,0.5,1,1,AACTGCACTCTACAATCGTT,0,4818843
ygfKp,0.5,1,1,AACTCTCTAGTGCATGCATG,0,4829821
ygfKp,0.5,1,1,AACTCCACCACGGTATTGAA,0,4834614
ygfKp,0.5,1,1,AACTCACTGAACAGCCCATT,0,4850842
ygfKp,0.5,1,1,AACTCAAAACCGGCGGACCA,0,4835325
ygfKp,0.5,1,1,AACTACGGGCAAGTCCCAGA,0,4850667
ygfKp,0.5,1,1,AACGTTAAAGCATTGCCACG,0,4860580
ygfKp,0.5,1,1,AACGTGGCGGCGGTTGGTCA,0,4817878
ygfKp,0.5,1,1,AACGTAATCTATGAAACTGG,0,4860420
ygfKp,0.5,1,1,AACGGGGCTGCTATACATTT,0,4845779
ygfKp,0.5,1,1,AACGGGAGGTGCCGATCCTT,0,4838833
ygfKp,0.5,1,1,AACGCGGGATCAAGTAGGAC,0,4851075
ygfKp,0.5,1,1,AACGCCGCAAAGTGTCGCGG,0,4821893
ygfKp,0.5,1,1,AACGCAATCTTTCTCGGGAA,0,4853778
ygfKp,0.5,1,1,AACAGCGAGCATGATCTGTA,0,4831473
ygfKp,0.5,1,1,AACACGCACGCATCGGCATG,0,4828518
ygfKp,0.5,1,1,AACAATCCCCGCATTTCAGA,0,4839921
ygfKp,0.5,1,1,AACAAGATAGTCCGAGACAA,0,4852316
ygfKp,0.5,1,1,AAATTTCTCTAACCCGTGGC,0,4841696
ygfKp,0.5,1,1,AAATTCGCTCATATCACGCT,0,4819379
ygfKp,0.5,1,1,AAATGCAGGTCGGCTCCCCG,0,4832651
ygfKp,0.5,1,1,AAATGAAGCTACCTAGCGCA,0,4827611
ygfKp,0.5,1,1,AAAGTCGCTTGTAGTGCACA,0,4823489
ygfKp,0.5,1,1,AAAGGGCAGAGAAAGAGAGT,0,4861874
ygfKp,0.5,1,1,AAAGGGATATGAACTACGTC,0,4833905
ygfKp,0.5,1,1,AAAGCCGCCCATGTAAGTGT,0,4857151
ygfKp,0.5,1,1,AAAGCCCCTGCCACAAGTAT,0,4858191
ygfKp,0.5,1,1,AAAGACTCGCATCCGCATGT,0,4860262
ygfKp,0.5,1,1,AAAGACTAGCCCTAGAGTGG,0,4854241
ygfKp,0.5,1,1,AAACCGTGGAGGATTTCTGA,0,4829237
ygfKp,0.5,1,1,AAAATCGAAGTTTTCTTAGA,0,4858378
ygfKp,0.5,1,1,AAAAGGCGGAAATTAATTAA,0,4820627
ygfKp,0.5,1,1,AAAAGCACCTGTCGTCGGAG,0,4831435
ygfKp,0.5,1,1,AAAAACAACATTCAGTGAAG,0,4819696
ygfKp,96.0,95,0,TACTCTATTCTACAGTGAAC,95,4844696
ygfKp,92.0,91,0,CGAAGCTATTGTTTGCTTGT,91,4830064
ygfKp,88.0,87,0,ACAAGCATCAATCTTGTCTT,87,4835888
ygfKp,85.0,84,0,CAACGATCCTTATAATCGAT,84,4842791
ygfKp,74.0,73,0,TGGAAGCTTCATCTAAATAT,73,4824057
ygfKp,74.0,73,0,ACTAACCTAAAGTCAATTCC,73,4826097
ygfKp,72.0,71,0,TACTGCCGCTACCCAACGAA,71,4845575
ygfKp,70.0,69,0,TATGAACCTAATATGGTGGA,69,4842358
ygfKp,69.0,68,0,CCAATCTGTACCGGAATACT,68,4855375
ygfKp,68.0,67,0,GGTACGGACACCTTTCGGTA,67,4850000
ygfKp,68.0,67,0,ATAGTTTATGGTATGCGCGA,67,4828947
ygfKp,66.0,65,0,CGTATGGACCGGGCTGTCTC,65,4845271
ygfKp,65.0,64,0,GCGGCTGCTCGGCAGGGATA,64,4832315
ygfKp,65.0,64,0,GCGGATGGTGAACAACGATC,64,4822410
ygfKp,64.0,63,0,TGGGGTGCTGGTGGTAGGCT,63,4836228
ygfKp,64.0,63,0,ACAGTCTCGACTTGTCGCTA,63,4829298
ygfKp,62.0,61,0,ATCCGGGGTTATTCCCAGCA,61,4822112
ygfKp,61.0,60,0,CGTGCTCGGTCTGGAATGCT,60,4861923
ygfKp,60.0,59,0,TCCGCCAGCATATCAACGAT,59,4851539
ygfKp,60.0,59,0,ATACTTCATACTTATTTTCG,59,4853194
ygfKp,59.0,58,0,GTTGCACGGTCTATTACAAG,58,4824252
ygfKp,59.0,58,0,CTTTAGCCATGAAAAGCCCA,58,4849628
ygfKp,59.0,58,0,CATATAGTTTCTTTATTTGT,58,4849231
ygfKp,57.0,56,0,GTGGTCTTTCACAAAATGGC,56,4850257
ygfKp,56.0,55,0,GTGAACATCTATTATTTGGA,55,4825431
ygfKp,54.0,53,0,TTCCGCGATTGATTGTATAA,53,4859762
ygfKp,53.0,52,0,CTCCGGGCTTCATGACTTAC,52,4847299
ygfKp,50.0,49,0,TTAGGTTACAGCGCCGTCGT,49,4844695
ygfKp,50.0,49,0,GACGTTAGACGTCCATCTCT,49,4853005
ygfKp,48.0,47,0,TTTCCCCGGCCGAGTGAACT,47,4857081
ygfKp,47.0,46,0,GACCGGTTAGACGGGCGACG,46,4827819
ygfKp,47.0,46,0,AGCACTAGGCAATGCTTTCC,46,4859564
ygfKp,46.0,45,0,TCCCTTTCTTGCAGGTTGTG,45,4860581
ygfKp,46.0,45,0,GGATGATACCGGAAGGGTGC,45,4840517
ygfKp,46.0,45,0,ACGTTGTGTACGGAACGTGG,45,4830671
ygfKp,45.0,44,0,GTGGCGGTTTCTGTGGTACT,44,4839134
ygfKp,44.0,43,0,GGCTAGTAAGTCACCGGCCT,43,4857592
ygfKp,43.0,42,0,TTGTGGAACCCCCCCCGCAT,42,4830403
ygfKp,40.0,39,0,CGCTTTCATATCTAATTAGG,39,4820757
ygfKp,37.0,36,0,AATCTTGTAAGTGCTGCCAT,36,4842367
ygfKp,8.0,7,0,AGCCTAGTTCAATCGCTGTC,7,4857187
ygfKp,3.0,2,0,CGTGTCAGTAACCTCTCTGT,2,4817280
ygfKp,2.0,1,0,TGGGGCGACACCTGACACAC,1,4860469
ygfKp,2.0,1,0,TGCGCCGTAGCTTAGAAAGC,1,4851975
ygfKp,2.0,1,0,TCCGCCAGCATATCACCGAT,1,4851565
ygfKp,2.0,1,0,TCACTTTAAAAAGCCTGAGC,1,4849833
ygfKp,2.0,1,0,TATTTACGTTGCCGGGCCAT,1,4825517
ygfKp,2.0,1,0,TAGATTGAATTATGATTGGA,1,4837703
ygfKp,2.0,1,0,GTTCTTAGCATCCGTCCGAT,1,4847676
ygfKp,2.0,1,0,GTACTCTACCTCTTGTCACA,1,4832969
ygfKp,2.0,1,0,GGCGCTCGCACGCTAGGGGT,1,4833656
ygfKp,2.0,1,0,GGCATCAGGTACAGACCGGA,1,4854433
ygfKp,2.0,1,0,CTTTGAGTCCGAAAATCTTG,1,4845268
ygfKp,2.0,1,0,CCGCGTCCCGATTCGTATCG,1,4855323
ygfKp,2.0,1,0,CATGGCTGCCTGACTAGGGG,1,4859257
ygfKp,2.0,1,0,CAGTCTCAAACGTAGCTGTT,1,4837574
ygfKp,2.0,1,0,ATGATGGTATTATAGAAAGC,1,4836833
ygfKp,2.0,1,0,AGACAGGGTCAATGCGGTAC,1,4859622
ygfKp,2.0,1,0,ACTGTTGTGCTACTGCGGCC,1,4842847
ygfKp,2.0,1,0,ACTCGTGTTCGCAATTCAGT,1,4832536
ygfKp,2.0,1,0,ACAGCACATGCAACCTGAGC,1,4844898
ygfKp,2.0,1,0,AAGGCATCGGGACCGTGTTA,1,4857519
ygfKp,2.0,1,0,AACAAGTGTCTCGCATGGGG,1,4832522
