name,relative_counts,ct,ct_0,barcode,ct_1,barcode_ind
araCp,0.3367858336117608,3999,2992,GCGGAAGGGTTTAGCTTAGA,1007,530140
araCp,0.17215189873417722,461,394,CTTTCAGGAAGTTCACCATC,67,550983
araCp,0.5895522388059702,424,267,AGCCCCTCTATAAGTTGTTT,157,526736
araCp,0.21212121212121213,238,197,CCGGACGAGCAGGCGGCGGT,41,526025
araCp,0.013333333333333334,150,149,GACCCTCGTAGCTGATTACA,1,540938
araCp,2.4932432432432434,515,147,TGTCTCCCGGATTCTTTTCA,368,526653
araCp,3.5511811023622046,576,126,TAACTGAATGGTAACAGGTA,450,526441
araCp,3.4065040650406506,540,122,AGACTACCACTGTAAATAGT,418,545178
araCp,0.6147540983606558,195,121,AGCTGGCTTTAAGAGGGGCA,74,526005
araCp,1.043103448275862,235,115,CCAGGATATGGACCGTCGAA,120,538242
araCp,1.3859649122807018,270,113,CGTACATTCCGTTGGGCCAG,157,549470
araCp,2.1171171171171173,344,110,TGAGGGGTAGACACCGGTGG,234,527096
araCp,0.6636363636363637,181,109,GTCTGGATGATTTTCGTACA,72,568066
araCp,1.7128712871287128,272,100,GCTGTGTTAAGGAATTTCGA,172,592532
araCp,1.11,209,99,GCTACCGAGCGTTCTGTGGT,110,526180
araCp,0.9183673469387755,186,97,CCTGTTTTTTCAGTTTGAAT,89,527194
araCp,1.1578947368421053,203,94,TCTGGTACGATGCCCTCTTT,109,526390
araCp,0.6063829787234043,149,93,GTAGGTGCGGGCGGAAATAC,56,526316
araCp,0.776595744680851,165,93,AGACGCATCGAACATGAGAT,72,533961
araCp,0.6236559139784946,149,92,TGAAGGGCAATTAACTTGTG,57,533095
araCp,0.9120879120879121,172,90,CGGAGCGGGGTTCCTCACCA,82,559663
araCp,1.303370786516854,203,88,TACGGGGGAAGTAGGCTAAT,115,560977
araCp,0.6896551724137931,145,86,ATACTTATCGACAATATCTG,59,563708
araCp,0.5813953488372093,134,85,ACGCGAATGGGCCTGCTTTA,49,544444
araCp,0.024096385542168676,83,82,TGCTATATTCATAACGTTCT,1,533166
araCp,0.07228915662650602,87,82,AGGAGGACTCAAAGAAGAGT,5,568629
araCp,0.6746987951807228,137,82,AGCCAGACAGGAGGAGTGTC,55,537946
araCp,0.037037037037037035,82,80,TGAACGAAGTATTGGCGCTT,2,570970
araCp,0.691358024691358,135,80,CACGTGGCCGGTTGGGCTAC,55,583678
araCp,0.85,146,79,ATTCATGCCTGAGTCAGCGA,67,559802
araCp,0.8375,145,79,ACGTTCTCTGCCGGTTGAAG,66,531578
araCp,0.6410256410256411,126,77,CGGGGCGTGCGGCGGTCAGG,49,592586
araCp,1.3766233766233766,181,76,AATAGGGTGGCAGTGATCGA,105,583567
araCp,0.9594594594594594,143,73,TTCTAACGGCGCTTGGGCCA,70,533455
araCp,1.8767123287671232,208,72,GACAGGCTTTAGGGTTTAGA,136,529740
araCp,1.5555555555555556,182,71,AGAGTCACCGAATGTGAGTT,111,539024
araCp,0.5633802816901409,109,70,CTACGGGACCGGCATCCAAG,39,571212
araCp,0.7,117,69,CCCCAGTTCCGAAACAGGGA,48,548686
araCp,0.7857142857142857,123,69,ACGGCTAAAGTAGTTCCGGA,54,546384
araCp,0.9558823529411765,131,67,GGTTGAATACCACAGCTTCC,64,578314
araCp,0.6470588235294118,110,67,CATGCATAAGGTCTTGGGTA,43,533340
araCp,0.029411764705882353,68,67,AGGAACCCCTATTACTGCCA,1,528281
araCp,1.2686567164179106,150,66,TCCTACTAATGGCAAGGATA,84,535419
araCp,2.4925373134328357,232,66,CTACTCCGAAGCCTCGCATT,166,567942
araCp,0.9850746268656716,131,66,CGTGAATGAGCGTACGGGCT,65,598923
araCp,2.590909090909091,235,65,TTACGACCAACCACAGGGTA,170,589457
araCp,0.030303030303030304,66,65,GAAGATTCGTTAATCGTCGC,1,577927
araCp,0.4393939393939394,93,65,CCCCTCGATTTTTATTTAAG,28,532544
araCp,1.393939393939394,156,65,CAGTAAGAGACAAAACTCAT,91,570500
araCp,0.03076923076923077,65,64,TGATGAGGCTATTCCAAGTG,1,588658
araCp,2.0,193,64,TCAATACTTCTAGACGATAA,129,543109
araCp,0.7384615384615385,111,64,GGCTGGTCGAACGGTTCACT,47,535619
araCp,0.046153846153846156,66,64,GCACCGATAATGATTATCTT,2,526596
araCp,0.8769230769230769,120,64,CGGCGGATTTAAATACCCTT,56,538897
araCp,1.0615384615384615,132,64,CCACGAGTACTGGACAAGAA,68,525954
araCp,0.8153846153846154,116,64,ACCTGCGACACGGCTTGTAT,52,579910
araCp,3.453125,283,63,TTCAAGCAAATTTCATGGAT,220,530104
araCp,0.03125,64,63,TCTGTGGTCGTGGTTGAGGT,1,542260
araCp,0.796875,113,63,GACATGATACGGCGCGTGGA,50,526366
araCp,5.265625,399,63,CTCTGGATCATTTATTGACT,336,587221
araCp,2.9682539682539684,248,62,TTACTGCCCCATAGAGCAAT,186,528212
araCp,0.6825396825396826,104,62,GCTTAGTGGCCATTCTCGCA,42,570284
araCp,0.7777777777777778,110,62,CTTGTAAGTCGTGGAGTGCG,48,557427
araCp,2.9047619047619047,244,62,CAGACCACATCCTGGAACAT,182,577394
araCp,2.634920634920635,227,62,ATTATGCAATAGTATTTCAT,165,540223
araCp,0.9365079365079365,120,62,ACAAGCGAACAGCATGGAAA,58,588255
araCp,1.1428571428571428,133,62,AACATCCTGCAGACACAGAT,71,549395
araCp,2.3225806451612905,204,61,TGTCGCGGCCCCAAAATGAT,143,556728
araCp,2.903225806451613,240,61,GCATCAAGGCCGTGGGCGAA,179,592483
araCp,2.180327868852459,192,60,TATGAGAGCGCCAGCGCTTT,132,569337
araCp,3.0,242,60,TACTAGGCCACCTGGAGTCA,182,589745
araCp,4.065573770491803,307,60,CTGTTAGCCCCATTCACCTT,247,560511
araCp,0.8688524590163934,112,60,CCGAACCCTCCTATGATAAT,52,577106
araCp,0.03278688524590164,61,60,CACCTTACCCTGTGCACATT,1,544204
araCp,4.049180327868853,306,60,AGTCTGAGCGTAGTTTGTAA,246,535614
araCp,1.5084745762711864,146,58,TGCCTTCGAACCAGGTTCAT,88,542584
araCp,0.8135593220338984,105,58,TCAGGGATGAGAGAAGCTCA,47,559622
araCp,0.03389830508474576,59,58,GAAGGTTAGTCGGTGGGCAA,1,565175
araCp,0.3389830508474576,77,58,CCGTAACCAAAACTATAACT,19,569792
araCp,1.7241379310344827,156,57,TTTTGAGCAATATCCACGCA,99,551853
araCp,0.034482758620689655,58,57,TGTAGGTTCATACGTTCAGT,1,598675
araCp,0.7758620689655172,101,57,GTGGATTGGGAAGTCGGTCT,44,547087
araCp,2.2758620689655173,188,57,GCAAGGGATGGAGGGCTGTG,131,553198
araCp,2.293103448275862,189,57,CTGGGAATGGTTCTGTACTC,132,602186
araCp,1.3103448275862069,132,57,CGGTTTTATGTCCCAAGCCT,75,576939
araCp,0.034482758620689655,58,57,CATGTGGCCTTCTACGGCTA,1,570758
araCp,0.41379310344827586,80,57,ATTGTACTCGAGGCACCCGT,23,528161
araCp,1.2413793103448276,128,57,AGCGCGAGCAGATCAGATAG,71,531124
araCp,2.0,172,57,ACAGTATGCGGCCTCAGGTG,115,573067
araCp,2.1403508771929824,177,56,TTGCCTCTGTTTAGGAAGTT,121,584037
araCp,0.05263157894736842,58,56,GTTGAGCCGGACCGAGTAGA,2,549532
araCp,1.280701754385965,128,56,CTAAAAACGAGAAATATCTG,72,568139
araCp,3.1228070175438596,233,56,CAGTTCGTGGGATCAGGAAA,177,536317
araCp,0.05263157894736842,58,56,ATTGAGTTTGCACCTCCAGA,2,580143
araCp,0.75,96,55,TCGCTGGCCGGGAAAAACAA,41,565932
araCp,0.6607142857142857,91,55,TCCCGTTGTTCCACGGCGGT,36,550486
araCp,1.6607142857142858,147,55,GCTTTAACGCCTTGCCCGAG,92,537333
araCp,1.7857142857142858,154,55,CGCTTGCGTGCGAGCATGAT,99,530874
araCp,2.1607142857142856,175,55,CCCGTGTCTTTTGGGTATAA,120,560326
araCp,5.625,369,55,AGCCTTCAGCAAAGCGCGGA,314,541532
araCp,1.2678571428571428,125,55,ACGGCATCCCCTGGTGCAAC,70,544697
araCp,2.0535714285714284,169,55,AAGGGTCGGGAATAGAGACA,114,576944
araCp,0.03636363636363636,55,54,TAGAGCGGTCTCGAGGGGCA,1,577929
araCp,0.9272727272727272,104,54,GTACCTCCCGGACCTTATGT,50,526317
araCp,2.290909090909091,179,54,GCGGTCTTACCGACATCTTT,125,561249
araCp,2.7636363636363637,205,54,CACACAAGTAGGCCGAATTG,151,540165
araCp,1.0,108,54,ACTGATTCCCGTCGTCGCCA,54,530671
araCp,0.03636363636363636,55,54,ACGGCATAGGGTAAGGGTGT,1,563904
araCp,0.037037037037037035,54,53,TGGTGCGCGTAAGACCCATA,1,528425
araCp,1.2592592592592593,120,53,TACGTGTGGTGTGAGTTAGA,67,567749
araCp,0.037037037037037035,54,53,TACCCACGGGGACGCTTCGT,1,597349
araCp,1.0555555555555556,109,53,GTTGGCTATTGCGCATTCGA,56,563712
araCp,0.037037037037037035,54,53,GTCGTCTTCAGTGGTCCCAT,1,591605
araCp,0.037037037037037035,54,53,GCGACTAAAAAGACTGAGTT,1,577020
araCp,2.0925925925925926,165,53,CGCGTTGAGATTGTCTGGTG,112,591706
araCp,0.037037037037037035,54,53,CCGACTGTATACCGGGTACG,1,536067
araCp,3.1666666666666665,223,53,AGAGAACCAGAGCTGGGAAA,170,558174
araCp,0.2641509433962264,65,52,CTAAAAGAGTTAGATTTGAA,13,549349
araCp,0.03773584905660377,53,52,CAGACTCATGAGCCCAAGCA,1,565656
araCp,1.7169811320754718,142,52,AGATCCGGTTAGATGCAGCG,90,554938
araCp,2.6346153846153846,187,51,TCGATGCCGCCCTTGGGGTG,136,559656
araCp,5.096153846153846,315,51,GGTAACGTCGCCTAGCTTAT,264,564448
araCp,0.8846153846153846,96,51,GAAGGAACTGGCGCACAGTG,45,543013
araCp,0.07692307692307693,54,51,CGGCATATGCCTGGCGGATA,3,532287
araCp,1.5098039215686274,126,50,TCAGCCTTCGATCCCGCTGC,76,538207
araCp,2.019607843137255,152,50,GTCCTTGTGCAGAGGTTCTA,102,561838
araCp,1.411764705882353,121,50,GTCAACTCCGAAGGACACAC,71,566901
araCp,2.0392156862745097,153,50,GGCGTGGGACGTAGATAACA,103,558824
araCp,1.0784313725490196,104,50,CTCGTGCCGTACAGGGGAGT,54,579561
araCp,0.5490196078431373,77,50,CGTATGCCATCAGTTTATGA,27,572532
araCp,0.0392156862745098,51,50,CAGTCTGTGGGATTGACTCA,1,563910
araCp,1.2352941176470589,112,50,ATGTACTGCTCGTTCTAACT,62,527288
araCp,1.5,123,49,TCAATTGATCGCTTAATCAT,74,596595
araCp,2.66,181,49,TAGCCTGCCAATTGGGGAAA,132,529317
araCp,1.32,114,49,CTTATTTCACTCAACCCAAT,65,582959
araCp,0.04,50,49,CTGCGACTTAGGCTCAGACA,1,569787
araCp,1.0,98,49,CTGCATCAGCGCGCTGTAGG,49,538079
araCp,2.6,178,49,CGCACTGTTCCCGAGCGACA,129,542613
araCp,0.04,50,49,CCGTATGGATCCGTTACCCG,1,570573
araCp,3.4,218,49,AGGGTAGGCCAAATCCATGC,169,583779
araCp,0.9,93,49,AATGTTTAAGTGACTCAATT,44,580801
araCp,2.183673469387755,154,48,TCTCACCCGGGAGCATGGTT,106,590335
araCp,0.22448979591836735,58,48,GGCGGTGTGGGCATCCGTAT,10,574324
araCp,0.04081632653061224,49,48,CGTGTCGCGAACTCGATTTG,1,546257
araCp,1.5714285714285714,124,48,AGATGTCTTACAGAAGGACT,76,539649
araCp,1.346938775510204,113,48,AACGTCGGCAGTATTTGCTT,65,567355
araCp,1.3333333333333333,110,47,TGCATGGTGCGGAATCGATA,63,545308
araCp,0.041666666666666664,48,47,GACCTCATTTTTCTAATTAA,1,554712
araCp,0.041666666666666664,48,47,GAACATGGAGAAGCTCTCCT,1,527224
araCp,1.125,100,47,CGGAAAGTATAATTGCTCTA,53,554468
araCp,1.6041666666666667,123,47,CGCAAATCCCGGCCCACATG,76,558093
araCp,0.7916666666666666,84,47,CCAAGCATCAAGTCTCATCT,37,548163
araCp,0.041666666666666664,48,47,CAGGACCGGAGTCGTGCGAG,1,602515
araCp,2.25,154,47,ATGTGGGACTCCTGTCGTTA,107,570011
araCp,0.9791666666666666,93,47,ATAATAGTGTGGTGAGCAGG,46,551868
araCp,9.416666666666666,498,47,ACGACCGGAGCTCCGGTGAT,451,531324
araCp,3.625,220,47,ACCGAGTAAGTAACCAGTCT,173,574791
araCp,1.5,118,47,AATGGCGAGTATTACGCCTT,71,544207
araCp,1.2765957446808511,105,46,TCAGAGCCATCGTCGCACAT,59,579159
araCp,3.0,186,46,TCAAGTACCATCTGTTAAAG,140,565332
araCp,1.1914893617021276,101,46,GATCACAAGTACCCAAGCGT,55,593862
araCp,0.0425531914893617,47,46,GAACCACGGGGCGGCGTGTT,1,538899
araCp,1.0851063829787233,96,46,CTGTTGGGTGTAAGCGGGGT,50,545803
araCp,1.297872340425532,106,46,CGCATTACCATGTCACTCGT,60,534986
araCp,1.4042553191489362,111,46,CACCCGACTAGAAAAGAACT,65,600388
araCp,1.7659574468085106,128,46,AGCCAGGATAGTAGGGCTAG,82,558745
araCp,0.0425531914893617,47,46,ACCGACAGGCGAGTCGGATC,1,598201
araCp,0.043478260869565216,46,45,TGATGAAGCCAGGCACTACT,1,579167
araCp,1.434782608695652,110,45,TCTAGCGTAATTACGAAAAA,65,568678
araCp,1.608695652173913,118,45,TCACAATGCAATCGATCTAT,73,569679
araCp,1.0217391304347827,91,45,TAAATAAATTCATACAGCCT,46,536830
araCp,1.7173913043478262,123,45,GTCTTACAGCTGAAGAACCG,78,594155
araCp,1.7826086956521738,126,45,GCTGCTATGTGGCACAAGAC,81,590120
araCp,2.347826086956522,152,45,GCGTTAATAGAGGTTCCTGA,107,574460
araCp,1.0,90,45,CGCGAGTTACCGGGATCGAA,45,590081
araCp,1.326086956521739,105,45,CGCAGCCTGTGGCGCCGCTA,60,529492
araCp,3.630434782608696,211,45,CCTAGGTGCCATTCAGGTTG,166,551647
araCp,1.3043478260869565,104,45,CAGGACACGGTACCTCGCAG,59,585697
araCp,1.7826086956521738,126,45,CAGCCCGCTATATTGAAGGT,81,530503
araCp,2.5,159,45,AGCTCGTAGCTGCGCGGCTG,114,542556
araCp,4.869565217391305,268,45,ACCATTGTCGTCCTGGCGCG,223,557991
araCp,3.130434782608696,188,45,AATGTTCGCACATCTGGATA,143,549231
araCp,4.021739130434782,229,45,AAACCGGAAGACACTCCGTT,184,585380
araCp,2.577777777777778,159,44,TTCTCCGCTAACCGCTTAGA,115,588584
araCp,1.5333333333333334,112,44,GTAAGGTCGTAGCGGCAAAT,68,542753
araCp,4.688888888888889,254,44,GCAAATACAGTCCTCCACTT,210,572849
araCp,1.1333333333333333,94,44,GAACCCCCAGACCCAGTAGA,50,567228
araCp,1.511111111111111,111,44,CGTTCGGTGACGAACTTGCA,67,537947
araCp,2.8222222222222224,170,44,CGTTCATGGAACAGGTCACA,126,576465
araCp,2.5555555555555554,158,44,CGTGAATTGGTACATGTAAA,114,546840
araCp,2.6222222222222222,161,44,CGGCGCTACACGGCTTGGGA,117,535454
araCp,0.044444444444444446,45,44,CACATTAGGTCGCAGGGCCT,1,595626
araCp,3.022222222222222,179,44,ATAGGACGTATGTGAACGAA,135,559115
araCp,1.3555555555555556,104,44,AGTCATATCTCTGATACCCA,60,593782
araCp,0.5227272727272727,65,43,TCTGGTGGCGCTACTCAAAC,22,527199
araCp,1.6590909090909092,115,43,TCTGGCAACGTATGCTGCAT,72,586143
araCp,0.045454545454545456,44,43,TCGGAGGGTGACTAACGGAT,1,577201
araCp,0.9318181818181818,83,43,TCCAGTGAGATCCCGCTGTG,40,531865
araCp,2.1136363636363638,135,43,GCGGTCACCACGCAAAACCA,92,539443
araCp,0.045454545454545456,44,43,GACTCCGGCGGAGAATGAAT,1,530875
araCp,0.045454545454545456,44,43,CGCTAGCCGACCGCACTCTC,1,574397
araCp,3.1136363636363638,179,43,CGCCCTTTAAGAAGACCAGT,136,539142
araCp,1.4772727272727273,107,43,CGACAACTCACTATCTCAGT,64,528720
araCp,0.045454545454545456,44,43,CAGCGACACACACGACCCAT,1,578789
araCp,4.318181818181818,232,43,ATTGCATGGTAGATGAGGAA,189,556260
araCp,2.9318181818181817,171,43,ACGGTCCGTGGGTACTGGAA,128,531482
araCp,0.046511627906976744,43,42,TCGGAATGTAGGGCGATACG,1,529999
araCp,0.8837209302325582,79,42,GTGGTCTCAGGAGGATTCGA,37,553411
araCp,1.0,84,42,GGCGAGGGGCGAACTTACAA,42,567510
araCp,1.0232558139534884,85,42,GCTCCGGCCGTGGGACGTAT,43,599105
araCp,0.9534883720930233,82,42,GCCCACCATTTTTAGCAGAC,40,537765
araCp,0.06976744186046512,44,42,CTATTCAGTGTGCAACTATA,2,574931
araCp,1.441860465116279,103,42,CGACCGCTGAACAAGCTTTG,61,561354
araCp,1.4651162790697674,104,42,CAGGGAATGTATCCTACGGC,62,595480
araCp,0.046511627906976744,43,42,ACATTTTAAAGTCAAAAGGA,1,558175
araCp,1.4523809523809523,101,41,TTTCAAGGTAACAGCAGATA,60,530732
araCp,0.9523809523809523,80,41,TTAGGACGCGTCGAGCATTG,39,569376
araCp,0.9047619047619048,78,41,TCATGCCGCTTATTGTCCCG,37,546717
araCp,3.0714285714285716,169,41,TACCGATGTCTCGAGAGTCA,128,527014
araCp,2.5714285714285716,148,41,TAAGCGCGACAGAGCAAGAG,107,541689
araCp,2.5714285714285716,148,41,GTTCTACCCCCGGTCCTTTA,107,541096
araCp,1.3333333333333333,96,41,GTCCACGGTAATCCGTTGGA,55,591131
araCp,0.9285714285714286,79,41,GGGTCGCACACCCCAGCCCA,38,536006
araCp,2.238095238095238,134,41,GCAGCATCCGCCTCTCCTGT,93,537665
araCp,3.0476190476190474,168,41,CTGAGGTTTCGCACGGGTCT,127,557149
araCp,1.1666666666666667,89,41,CGGGCCAAACTAGAATCGGG,48,537720
araCp,1.2619047619047619,93,41,CCGGTCAAAAACCGTGCTGT,52,540939
araCp,0.047619047619047616,42,41,CCCCTGCACGGCTGAATTGC,1,531532
araCp,1.9761904761904763,123,41,ATGAAGATAGACAGTATCTT,82,538130
araCp,1.4523809523809523,101,41,ATATACTTGGCTCACAGGTA,60,570761
araCp,2.5714285714285716,148,41,AGTAGGACTACTGATCGCAA,107,528955
araCp,1.2380952380952381,92,41,ACCAAGTAGAGGTCACTTCT,51,547186
araCp,3.5476190476190474,189,41,ACAGTACAAGTGTGATCATG,148,526812
araCp,1.1219512195121952,85,40,TGGCCTTCGACTGCGGCTCA,45,585615
araCp,2.073170731707317,124,40,TCTAATCGCCTCGTGTTTTA,84,532290
araCp,0.04878048780487805,41,40,TCGCAGTGGTTCTACTTGTG,1,599211
araCp,1.170731707317073,87,40,GGATATCAGGTGCTCAACAA,47,594194
araCp,1.8780487804878048,116,40,CTGCGGTAATGGTGATTGCG,76,526655
araCp,1.3658536585365855,95,40,CTATAGCTTCAAGGAATATA,55,527603
araCp,2.707317073170732,150,40,CGCTTTAGCTGACTCGGGAC,110,577449
araCp,1.048780487804878,82,40,CGCTGGCCCTACTAAGCGTG,42,530108
araCp,0.12195121951219512,44,40,CGCGACGGTTGCGAAAACTC,4,585528
araCp,3.1463414634146343,168,40,CCTCCGCACCGTGTAGATTA,128,531869
araCp,3.292682926829268,174,40,CATACCTCATGGTGTGCGTA,134,561545
araCp,1.5853658536585367,104,40,CAAAGGTCTGCAGTCATTAG,64,544947
araCp,1.9024390243902438,117,40,AGGGTAGCCCATTGTTGTAT,77,526470
araCp,1.4,94,39,TTTGTATTCGCTGAATCCAC,55,531543
araCp,1.3,90,39,TTTCCGGGGATGTGATTTTT,51,533734
araCp,0.05,40,39,TCTGAGTAATACGAAACATG,1,528319
araCp,2.85,152,39,TCGTGAAATCAACTCAGGCT,113,546949
araCp,1.05,80,39,GTGGTGTTACGCGTTTATTA,41,526764
araCp,0.775,69,39,GTATAACTCTCTCCATTTGT,30,583132
araCp,1.55,100,39,GGGTTTCCATATATGACGGT,61,539288
araCp,3.85,192,39,GCTGGTGGTTCTCAGGGGGC,153,551722
araCp,0.875,73,39,GAGGCCAGGGACGCAGGTGG,34,536322
araCp,1.225,87,39,GAGCAGATGGCCAGGCGTTG,48,550016
araCp,1.4,94,39,CGTCATAACAGTTATATATG,55,570281
araCp,1.475,97,39,CAGGTGCCTATATTCCACGC,58,599982
araCp,3.15,164,39,CAGGTCACTTGACGACTTAT,125,531632
araCp,3.65,184,39,CAGACCCGTACCCGCCGGGT,145,545395
araCp,1.425,95,39,ATGACTTTCAATATTTACGA,56,540466
araCp,0.5,58,39,AAATAGCATGGACCTATAAT,19,555346
araCp,0.05128205128205128,39,38,TGGCTGCTAGTATCGTGTCT,1,559596
araCp,0.05128205128205128,39,38,TGGCCGGGCTACTTGTCGGT,1,578788
araCp,1.7179487179487178,104,38,GGTCACTGCAGGTCCAGCGA,66,596831
araCp,0.9743589743589743,75,38,GCGTTGTCGAGCCAAAAGCC,37,526319
araCp,0.717948717948718,65,38,GCGAGCGAGGAAAACGTGGA,27,537432
araCp,0.05128205128205128,39,38,CTCAGGATCTTACTGCCCGT,1,546784
araCp,2.5384615384615383,136,38,CCGGCGCGGGACGAATGCCA,98,583143
araCp,2.3846153846153846,130,38,CCGATTACGTTATAGCTTTG,92,591536
araCp,1.7179487179487178,104,38,CATGATGCAATAGAACGGCT,66,534542
araCp,1.641025641025641,101,38,CAAGGGCTCTGAAGTTCCTA,63,529024
araCp,1.9743589743589745,114,38,CAACGATAATGTGGTTGGAT,76,545889
araCp,3.3076923076923075,166,38,AGGTTTATTTGCGATCTCAC,128,599234
araCp,6.0256410256410255,272,38,ACTAAAGCAATCCCTTATTG,234,542357
araCp,1.4871794871794872,95,38,ACATGAAAAGTCTAACAAAG,57,569709
araCp,1.763157894736842,103,37,TGTCCGCAGTCAGTTCCTCT,66,594794
araCp,2.526315789473684,132,37,TGTCACATAGTGGTACAAGG,95,533451
araCp,4.052631578947368,190,37,TGCGGCATCAGAATTTAAAA,153,555674
araCp,1.763157894736842,103,37,TGACCTAGTAGGTACTGGAT,66,543398
araCp,2.736842105263158,140,37,TATTAAGCCATGTGATACTT,103,535140
araCp,0.05263157894736842,38,37,TAATGTCAGCTCGGGACGGT,1,556165
araCp,6.526315789473684,284,37,GTTGTCGATTCAAGCTGACA,247,592435
araCp,0.07894736842105263,39,37,GTTATATTTCCGAGGAGCGA,2,572534
araCp,1.368421052631579,88,37,GTATCGTTCGGATGGAGAGC,51,588408
araCp,1.7894736842105263,104,37,GGTCATACAGGCCTGCCTAC,67,546511
araCp,1.6842105263157894,100,37,GGCGTCGCGGGACAGCTTTA,63,547366
araCp,1.394736842105263,89,37,GCGCAGCTCCCAGTTTAAAA,52,562265
araCp,1.5,93,37,GACTCCCGGGGCCGAACTTC,56,589255
araCp,3.3157894736842106,162,37,GAAATCCAAGAGGGTTTGAG,125,588596
araCp,1.368421052631579,88,37,GAAACAGCATCGCTAGCACA,51,594342
araCp,3.5789473684210527,172,37,CTTTATGTTGATGATCAAAT,135,534605
araCp,0.9473684210526315,72,37,CTTCAGGTGACTGATTCGGT,35,534825
araCp,1.4736842105263157,92,37,CTCATTTCGTGAAAAAATGA,55,595771
araCp,1.9210526315789473,109,37,CGATCCCATCATTCGGGAGT,72,601494
araCp,2.0526315789473686,114,37,CCTTCAATGATGCAATTGCT,77,528926
araCp,2.4473684210526314,129,37,CCTATGCTTTAAATTTCCGC,92,555993
araCp,1.5526315789473684,95,37,CCACTTACTCTCATCGATAA,58,530728
araCp,1.6842105263157894,100,37,CAGACTGATGACCGAAGTCA,63,539874
araCp,1.763157894736842,103,37,ATCGTTATAATTCGGGGAGG,66,566591
araCp,0.05263157894736842,38,37,ATCCAAAGGGACCGCCCTCG,1,589891
araCp,0.05263157894736842,38,37,ATAGTCCAGCGCCACGGTCT,1,561432
araCp,2.3157894736842106,124,37,AGTCTATTGTACACTGCGAA,87,534612
araCp,0.05263157894736842,38,37,AGACATTGCTCCTAGCATGT,1,593711
araCp,1.4473684210526316,91,37,AGAACTTAGCACCCCGCCTT,54,530667
araCp,0.07894736842105263,39,37,ACTTCCGGTCCTCCTATCAC,2,577591
araCp,6.2631578947368425,274,37,ACCGAGTGTTGACTCAGGAT,237,529177
araCp,2.3421052631578947,125,37,ACCAGTAAGAACGGGTGGTA,88,544765
araCp,1.236842105263158,83,37,AAGTTGCTGACTTAAGGGAA,46,559748
araCp,0.05405405405405406,37,36,TTTGTGATTTATAATGGGCG,1,568461
araCp,1.6216216216216217,95,36,TTTCGCTCCTCCGAGGCCGT,59,529721
araCp,1.5945945945945945,94,36,TGCTTCCTTGCGCAACGTCA,58,550811
araCp,0.08108108108108109,38,36,TAGGCACGTAGCTGGGGTAC,2,574934
araCp,2.6486486486486487,133,36,TACAGTGCACAATTTGCCGT,97,556220
araCp,1.972972972972973,108,36,TAAGCTGCGGGACGCCCCGT,72,562825
araCp,1.3243243243243243,84,36,GTCTGCAACTCTTCCCCGGA,48,545135
araCp,0.05405405405405406,37,36,GGGCTTTTTCATACATCTAA,1,547159
araCp,1.2162162162162162,80,36,GGCGAAGGCATGTTAATTCC,44,578525
araCp,1.4864864864864864,90,36,GCCATCTGTACCCCTTCTCA,54,543650
araCp,1.6486486486486487,96,36,GAACTACCGCTGGTCCAAAT,60,536004
araCp,3.1621621621621623,152,36,CTAAGTGTTCACAGGTAGAT,116,571828
araCp,0.05405405405405406,37,36,CGTGAGTGTTTCGTCATATT,1,568227
araCp,1.2702702702702702,82,36,CCCCCGTCGCATAGGCGAAC,46,531419
araCp,3.918918918918919,180,36,CCAGTTTGAACAACAGGCAG,144,536371
araCp,3.027027027027027,147,36,CAGCGCGATCACGTTCACGT,111,543960
araCp,3.7027027027027026,172,36,ATGTAATACCGGGCTCTAGA,136,544699
araCp,2.054054054054054,111,36,ACAAATGATTGCTAGAGGAA,75,575061
araCp,1.6756756756756757,97,36,AACCTTTTGAACAGTTTCAT,61,573345
araCp,0.05555555555555555,36,35,TTTGGCTGAGGCGTCGGGCA,1,543979
araCp,0.05555555555555555,36,35,TTCGAAATCAATGCATACGC,1,591301
araCp,2.0833333333333335,109,35,TGAGATTAATTTTGGAACGT,74,551588
araCp,0.75,61,35,TCATAGAACCGGAGAGATGG,26,530445
araCp,4.833333333333333,208,35,GGTTCAGACTATTTGCTTTG,173,556278
araCp,4.083333333333333,181,35,GGGTAAGTGGACTACCCAAA,146,569494
araCp,0.05555555555555555,36,35,GCTATCGAGGTGTTGCCGCT,1,529143
araCp,1.8611111111111112,101,35,GAGACCCAAGCATAGAACTA,66,578791
araCp,4.722222222222222,204,35,CTGAGGCTCCGAATAGAACG,169,552553
araCp,1.5833333333333333,91,35,CTCTCTGTAGACTGAAACCT,56,583181
araCp,2.5833333333333335,127,35,CCGAGTGGCACCTCTGGACG,92,542944
araCp,0.05555555555555555,36,35,CCCGTAGGAGCCGAAACTGT,1,600668
araCp,2.0833333333333335,109,35,AGTGCGTCTCCGCTGTACCG,74,579437
araCp,1.1666666666666667,76,35,AGTCAACCGCGCCCGTTGTG,41,538793
araCp,0.16666666666666666,40,35,AGACGAAAAAGCTTCGTATA,5,556855
araCp,1.3055555555555556,81,35,ACGCCCTCGGGTCCTGGTCC,46,562014
araCp,0.08333333333333333,37,35,ACCCCAGTGATGGATGTATG,2,570585
araCp,1.3611111111111112,83,35,AAGCCGTGCCTATATAGGGT,48,586392
araCp,0.05714285714285714,35,34,TGCGTCGCATTATGATCCAT,1,549769
araCp,4.4,187,34,TGCCGTTACGCCTTGCCCGA,153,537488
araCp,0.05714285714285714,35,34,TGCCGTGCCAGAAGCGTGGA,1,583889
araCp,2.0,103,34,TCGCGGGCCACTGCCCTAAG,69,557120
araCp,1.0571428571428572,70,34,TCGAGCGGAGCTGATCGGTT,36,569115
araCp,1.8571428571428572,98,34,TCCTTATGACTCTCTTACGA,64,554776
araCp,1.6285714285714286,90,34,TCCTCAACAACGATGTGATA,56,580222
araCp,1.9142857142857144,100,34,TCATGTCTACTAAGGTCGCG,66,544997
araCp,1.8285714285714285,97,34,TCAACGCCGTCCAACTAAAT,63,565802
araCp,1.7142857142857142,93,34,TAGGCAATTATCCCTGGCAA,59,551936
araCp,10.342857142857143,395,34,TAATTCGGCGCGGTCGTTTA,361,531348
araCp,3.5142857142857142,156,34,GTGTGTGCGAAGGAGTTTAC,122,552876
araCp,1.6,89,34,GTAGACCTGTTGTACAGTTC,55,600554
araCp,0.8,61,34,GGCAACGCAGTATTTCGTAC,27,552397
araCp,1.5142857142857142,86,34,GCGTACTTTGAAATATCGAT,52,568671
araCp,1.3428571428571427,80,34,GCGGATGAAGATATGGGCAT,46,597027
araCp,1.8285714285714285,97,34,CTTGCATGTTTATCTTACTC,63,587381
araCp,0.08571428571428572,36,34,CGGCACAGGCAGCGAGCGTT,2,568990
araCp,0.05714285714285714,35,34,CGCCCGGTCCGATACATCAT,1,538948
araCp,0.05714285714285714,35,34,CGCCAATACAACAGGGTGCG,1,585496
araCp,1.5714285714285714,88,34,CGACCTACTAGGCAGGTCGT,54,599918
araCp,2.8285714285714287,132,34,CCGTGTCAGTGCACGACGCT,98,589994
araCp,0.05714285714285714,35,34,CCGCCCTCTACACCCGGCGA,1,563344
araCp,1.8857142857142857,99,34,CATAATGAGCCCTATAGGCT,65,542397
araCp,0.05714285714285714,35,34,CATAACCCTCGTACATTTGT,1,556939
araCp,1.6,89,34,CAGTAACACCATGTGGCAAT,55,551189
araCp,3.1714285714285713,144,34,CACGTGCTGTGAATTCAGAG,110,563200
araCp,0.05714285714285714,35,34,CAAGATGATACGTCATCAAA,1,577104
araCp,2.257142857142857,112,34,ATAGGTCCGGAAGAGAAAAA,78,581985
araCp,0.05714285714285714,35,34,AGGAACTATGCAAACGACTG,1,540269
araCp,1.9428571428571428,101,34,AGCAAGTGGTAGGTGGGATA,67,557807
araCp,1.457142857142857,84,34,AATTCCTACTAGGGCGGGCA,50,556110
araCp,2.3714285714285714,116,34,AACCGCGCTGGTGTCACGTA,82,536775
araCp,1.588235294117647,86,33,TTTTGACACGGGCTAATCCA,53,537763
araCp,1.8529411764705883,95,33,TTACATGAAATGTTTCCCAC,62,568636
araCp,3.323529411764706,145,33,TCGTTTAAAGTGCCGGAGAA,112,589203
araCp,3.7058823529411766,158,33,TCCAATCCCCTGGGTCAAAT,125,542899
araCp,1.911764705882353,97,33,TCACGCAGTCAAAGGAGATG,64,602525
araCp,0.058823529411764705,34,33,GTACTCGCGGGCTCCAGATA,1,540046
araCp,0.058823529411764705,34,33,GGAAAAGTGGACTCACGACC,1,591538
araCp,1.6176470588235294,87,33,GCAGTCCTGGGGTGCGCATT,54,541571
araCp,0.058823529411764705,34,33,GCACTTCGCACGACGAAGCT,1,535780
araCp,0.6764705882352942,55,33,GACCACCGGTTTCGGCCAAC,22,566215
araCp,2.0,100,33,CTTAAGTGTGGGGGCAACGA,67,565497
araCp,1.0294117647058822,67,33,CTCCAGTTTCTCAACAGCTA,34,570570
araCp,1.5,83,33,CGGGGCGGACAGGGGAAGTG,50,546405
araCp,1.9411764705882353,98,33,CGAACCATCGGCATAAAGTC,65,560568
araCp,2.0588235294117645,102,33,CCCGGGTAAGAGATGGATTG,69,569242
araCp,3.5588235294117645,153,33,CATGAAGCGCCAGTCCCTGA,120,565804
araCp,1.911764705882353,97,33,ATCAAGGGTGAGCATGGGAC,64,539950
araCp,0.058823529411764705,34,33,AGGATCTAGTACTATTCTGT,1,553354
araCp,4.176470588235294,174,33,AGGACCCACCCTCGTATGAA,141,545628
araCp,1.6764705882352942,89,33,AGAGAAATGATAATACATTT,56,541798
araCp,2.5588235294117645,119,33,AATCTTCAGTTATAGGCTTC,86,536683
araCp,4.303030303030303,173,32,TTTGTTGTCATCAGAATCGA,141,530942
araCp,4.2727272727272725,172,32,TTTGCGTCTATCAAATCAGC,140,586493
araCp,0.12121212121212122,35,32,TTGTCTTGGGTAAGTGCGTC,3,576580
araCp,1.6363636363636365,85,32,TTAGGGTGCTGTATGAACTA,53,599750
araCp,1.6666666666666667,86,32,TTAATCGCACTCGGCTCTTG,54,564102
araCp,0.06060606060606061,33,32,TGCACCCCAGTTACGTTACT,1,540793
araCp,2.3636363636363638,109,32,TCGATAACCCTAAACGTTGA,77,528125
araCp,0.42424242424242425,45,32,TCGACAGCGGGCTAATGGAT,13,559870
araCp,1.8181818181818181,91,32,TCACGATTTCATGATCGCGA,59,576518
araCp,0.7878787878787878,57,32,TATACTCTTCGACGCGCATG,25,559308
araCp,1.696969696969697,87,32,TAGAGGGGCAAATTTCGTCA,55,592201
araCp,1.696969696969697,87,32,GGGTCGGCAGACTGCGAGCC,55,525562
araCp,1.6363636363636365,85,32,GGCAGCTACCGGGCGAGGGT,53,548754
araCp,1.7575757575757576,89,32,GAATCCGAAAGTCAACAATC,57,530569
araCp,1.5151515151515151,81,32,CTATCTTGTTGCACGGGATT,49,577763
araCp,5.878787878787879,225,32,CTACGGATGTTCGAGCTGAG,193,530052
araCp,12.272727272727273,436,32,CTAAGATAACTTCGAACTCT,404,539136
araCp,5.454545454545454,211,32,CGTCTCAGTCAGATGGCGAA,179,570336
araCp,3.3333333333333335,141,32,CCGGAAACAATTATCTGCGT,109,537481
araCp,1.7878787878787878,90,32,CAACGGCATTCGATAAAAGG,58,580571
araCp,1.3636363636363635,76,32,CAAATTGAGGGTCCGGAATC,44,555196
araCp,1.9090909090909092,94,32,ATGTTATCGGGTGCCTCCAA,62,549520
araCp,1.6666666666666667,86,32,ATGTGATTGGGGACTTTATC,54,564531
araCp,2.090909090909091,100,32,ATCCAAAGTGACAGGGCGCT,68,561678
araCp,5.515151515151516,213,32,AGTCTTGGAACTATGTTAAT,181,534463
araCp,2.272727272727273,106,32,AGGCAGCTTTTTCACACATC,74,545834
araCp,2.757575757575758,122,32,AGCGGTGATCTGGCGAGCGA,90,588839
araCp,1.8484848484848484,92,32,AGATTCTTGTCATGGCGTGG,60,535027
araCp,0.06060606060606061,33,32,ACAATCGTAACGCTTGAACA,1,577789
araCp,0.48484848484848486,47,32,AATCCCCACTACGGATAGGT,15,534791
araCp,1.1515151515151516,69,32,AAATATACCAAGCATGTAAT,37,560324
araCp,2.53125,111,31,TTCGTATAATCGTATAAGGT,80,540694
araCp,0.0625,32,31,TTAGATGGGCAGGTCCTAAG,1,555144
araCp,0.0625,32,31,TGGGCTAACCGCCAATTGCG,1,577930
araCp,3.15625,131,31,TGGCGAAGAGCAGCCTTTCA,100,592856
araCp,3.28125,135,31,TGACGCGTGTTCCAGATCCC,104,538898
araCp,0.40625,43,31,TCTGCGTGAGGTCGCCAGTC,12,529778
araCp,0.0625,32,31,TCCGCACAAAATATCAGACC,1,531905
araCp,2.21875,101,31,TCAAGTGCTCTGTGACTACA,70,539873
araCp,2.71875,117,31,TACCAGTGTCAGTGGGTTTA,86,541996
araCp,1.625,82,31,GTTGTGCCCGGCGTTTTTGA,51,562382
araCp,0.0625,32,31,GTCAGGAATGGTCCTAGCAT,1,542434
araCp,1.84375,89,31,GTATAAGATGGTATTGCACT,58,587862
araCp,1.59375,81,31,GTACTGGCTCTTTTTTCCAT,50,576795
araCp,1.8125,88,31,GGCTTTCTCGCTAATGTCAG,57,601471
araCp,2.15625,99,31,GGAGAAATTGGGTGAGTAAA,68,536545
araCp,3.1875,132,31,GCCCTGATCCCGGGTGTCCG,101,601182
araCp,1.90625,91,31,GAGACCCGAAGCAGATAGCT,60,569328
araCp,0.0625,32,31,GAACTCGGAAGCTAACGAAT,1,530729
araCp,1.875,90,31,CTCGGGCGTTTTTGTAATCT,59,530826
araCp,0.0625,32,31,CGGGTTCGCACAAGATGCAT,1,551812
araCp,2.09375,97,31,CGAGTACTCAGGTCACGTCA,66,582303
araCp,7.3125,264,31,CCAGTATCATTTCACGCGTT,233,571834
araCp,0.0625,32,31,CCACGTAAATTATTTAAGAA,1,534359
araCp,1.5625,80,31,CCAAATTCCAGGCGCTGGTG,49,533443
araCp,3.4375,140,31,CAAACAGTCCCTTGGAGTGT,109,561839
araCp,1.1875,68,31,ATTTACCAGATACCTCACGA,37,538330
araCp,1.71875,85,31,ATGTCGTGCTACTGTGGCAT,54,530877
araCp,1.125,66,31,ATGATATTTTCGCGCATCTT,35,569052
araCp,0.0625,32,31,ATCAGGTAGGTGACAACTGA,1,536481
araCp,0.0625,32,31,ATATCTGTCACTCCGAAAAG,1,557703
araCp,2.28125,103,31,AGCTGGCAACTTTGTAAATA,72,530377
araCp,2.15625,99,31,AGCCAGAAGTTAGCCATTTG,68,526601
araCp,0.0625,32,31,AGATCACATGATATGGTCGA,1,536378
araCp,1.9375,92,31,AGAGGTTAGCGGGCGATATG,61,578692
araCp,6.0,222,31,ACCTCCTATCCATGAGCCTT,191,593108
araCp,2.5,110,31,ACCACATAGATTTTAATCGC,79,552411
araCp,2.40625,107,31,AACCTGGGACTTGAGGAAGA,76,581386
araCp,3.59375,145,31,AAACCAGCTGCGACGCTTGT,114,541097
araCp,1.4193548387096775,73,30,TGGCAGTGGAGAGTCGTCTC,43,559616
araCp,0.06451612903225806,31,30,TGGATCAAGTTGGATAGTGC,1,534119
araCp,2.3870967741935485,103,30,TCACTACTCAAGTCTGCGAT,73,538690
araCp,0.06451612903225806,31,30,TCACATCGAGCAGGTAGGAG,1,540327
araCp,0.5161290322580645,45,30,TATTCCGGACAAAAGCTCTG,15,534380
araCp,2.3548387096774195,102,30,TATAGCCGCATCATTAATCG,72,594137
araCp,0.06451612903225806,31,30,TACGACGGCTAGTTTATATG,1,571522
araCp,1.2258064516129032,67,30,TAAATAAGCCTCCCACGTGC,37,531238
araCp,0.6774193548387096,50,30,GTCTATAAATTGTCTCGTCT,20,584969
araCp,2.225806451612903,98,30,GGCACTACCCAACTGAGAGA,68,531801
araCp,1.7741935483870968,84,30,GGACCCCCGGTATGCCGGCA,54,526443
araCp,1.5483870967741935,77,30,GCGTGCGACCGGCAAGGCCC,47,547591
araCp,2.6451612903225805,111,30,GATAACATCCTTAGTTTCCT,81,572418
araCp,0.06451612903225806,31,30,GACGACAGGTAGATCTTAAT,1,587908
araCp,1.8064516129032258,85,30,GACCGTAGAACAATTGTGTC,55,525951
araCp,0.45161290322580644,43,30,CTTAGTTGCGGTCAAGGTCC,13,544791
araCp,3.935483870967742,151,30,CGCGGCCACGGAGACGGCAA,121,588766
araCp,2.032258064516129,92,30,CGCACCCACTGAACAGTAGG,62,561007
araCp,0.0967741935483871,32,30,CCGATCGCAATTAGGCATTT,2,554234
araCp,0.9032258064516129,57,30,CCCAAATTGCAGATAGCTTA,27,552405
araCp,0.06451612903225806,31,30,CATAGGGACTCGTGTGGTCA,1,576301
araCp,0.06451612903225806,31,30,CAGAATGTAGAAGTTGGAAG,1,589151
araCp,4.193548387096774,159,30,ATTAGAGACAATTGCCCCTA,129,581168
araCp,6.258064516129032,223,30,ATCGGATTAGGTGCGGCATG,193,535879
araCp,2.0,91,30,AGAACTACTGACCAACTCGG,61,575980
araCp,4.064516129032258,155,30,ACTTGAGACCAGCTGGCAGT,125,574698
araCp,1.4838709677419355,75,30,ACGGCCAATGTTATTGGTCA,45,590837
araCp,1.5161290322580645,76,30,ACCTGGGCATTTTCCATCCG,46,587638
araCp,1.4193548387096775,73,30,ACCATCGCGTGCTGTCATTA,43,565827
araCp,0.06451612903225806,31,30,AAGAGTGTGCCGGAAACGAA,1,546882
araCp,1.6774193548387097,81,30,AACTGGAAAATTTGCCAAGT,51,528844
araCp,0.06666666666666667,30,29,TTGTGGTTTTAGGCCCTTTC,1,589260
araCp,1.5,73,29,TTCGCTCCAAGAGGATGCGA,44,565107
araCp,2.2333333333333334,95,29,TTACATAGGCTAAGGGAACA,66,584313
araCp,1.7,79,29,TGGATCAGAGCACCGAGTCT,50,541800
araCp,4.066666666666666,150,29,TCTCTCGCGTGAATCAAGAA,121,560191
araCp,2.9,115,29,TCGACCGATGGACACGTCCT,86,589684
araCp,2.466666666666667,102,29,TCCGAGGCTCTCGTCCCGGA,73,555883
araCp,6.033333333333333,209,29,TCCAGCAAAGTTCCCTGGCT,180,552396
araCp,0.06666666666666667,30,29,TCATCTCGTTAAAACATAGC,1,546543
araCp,2.6333333333333333,107,29,TATCCCACTAAATGTTGGAT,78,540268
araCp,3.433333333333333,131,29,TAGAGTGCAACGCGGGAAGA,102,531498
araCp,3.7666666666666666,141,29,TACTTTGGTCCTGGTCTTAG,112,543145
araCp,0.06666666666666667,30,29,GTGTTTAGCGTACGATAGCG,1,556051
araCp,2.066666666666667,90,29,GTGGGAGTGAAACATCGGTC,61,538691
araCp,8.066666666666666,270,29,GTGCTCCGGCAGCATCACGT,241,528941
araCp,2.1666666666666665,93,29,GTCGTACCTCTGTCAAATGC,64,539182
araCp,1.9333333333333333,86,29,GTCAACGGTTAAATGCCGGT,57,536179
araCp,1.9666666666666666,87,29,GGACCGCCAATCTTACGGGT,58,563118
araCp,1.2,64,29,GCTTTAGGTTGAAGTTTGAC,35,527025
araCp,1.9333333333333333,86,29,GCTGAGATGGGAGCACATGT,57,548911
araCp,0.06666666666666667,30,29,GCGACGGCGCTGATGTAGTT,1,583641
araCp,1.3,67,29,GCAGGAGGACTCAACAAGCA,38,589071
araCp,2.433333333333333,101,29,GATCACCGCTCTCCCCGCAG,72,533632
araCp,2.1666666666666665,93,29,GAGCGCCGAATGGGCTTTTG,64,591019
araCp,1.8333333333333333,83,29,GAGCACACGAGTGCGTTGGA,54,582437
araCp,1.9,85,29,GACGACAGCCGTTTCGTGGT,56,546328
araCp,1.7,79,29,GACGAAGAGTTCTTTTCAGT,50,540328
araCp,0.6,46,29,CTTAGAGCCGTGGTATCCTT,17,589494
araCp,0.1,31,29,CTTAACCTGGAACAAGTGTC,2,597248
araCp,1.4666666666666666,72,29,CTGCCGTTTAATGGGTTAAC,43,561748
araCp,10.166666666666666,333,29,CTATTATTCAGGACTGAATA,304,576378
araCp,7.533333333333333,254,29,CTAATCACTTTCCTGGTGGT,225,534665
araCp,7.766666666666667,261,29,CGTTCACAGTCGTAGTCGTG,232,551721
araCp,5.1,181,29,CGGTGCCGGTGTAGGCCGGG,152,545786
araCp,1.7,79,29,CGGTGAAGACGCCATCAGTA,50,589027
araCp,1.6,76,29,CCCGCGTACGTCAGCGCTAT,47,560984
araCp,2.5,103,29,CATGATTGTTAAAATGCTGT,74,588331
araCp,1.5666666666666667,75,29,CACTGGAGTGCACTCTTCTT,46,531838
araCp,2.7,109,29,ATGGTGATATAGACTAATGT,80,600372
araCp,13.066666666666666,420,29,ATGCTTATCATCATGAGCTG,391,534606
araCp,1.9666666666666666,87,29,ATCTCCGTAAATCCGGTTAG,58,532854
araCp,2.5,103,29,AGCGTGAGTAACGCGATAGT,74,554120
araCp,1.9333333333333333,86,29,AACCATCCTCTGGTCAGCTT,57,535221
araCp,2.0344827586206895,86,28,TTTTTCCAAGAATGCCGACA,58,568989
araCp,1.8620689655172413,81,28,TTTCAGTCATGCTTCTGGCG,53,529715
araCp,2.3793103448275863,96,28,TGCCCCCGTTAGCTGTGGGT,68,575739
araCp,2.0689655172413794,87,28,TGACGTCACTCTTCTTCGAT,59,557410
araCp,2.6206896551724137,103,28,TCGCGTTCTCTGGTGGTCTC,75,540748
araCp,1.6896551724137931,76,28,TCGCGAGCTCGGACTAGGGG,48,598015
araCp,0.06896551724137931,29,28,TCAGAAACTCTTGGACTTTA,1,596612
araCp,3.6206896551724137,132,28,TCACTCGGGCAATTCCCGAT,104,533342
araCp,2.4482758620689653,98,28,TATGAGGCATCCAGGATGCT,70,571252
araCp,4.103448275862069,146,28,TATAAGCCGGAAACCTCCTA,118,581499
araCp,2.0689655172413794,87,28,TAGATGAGCTAACACGGCCC,59,583012
araCp,2.1724137931034484,90,28,GTGTTGTAAGGTCATCCTGC,62,531837
araCp,1.4827586206896552,70,28,GTCTTTACGGTAACATTACT,42,574683
araCp,2.4482758620689653,98,28,GTCGCACGGTATTTGTCGGA,70,564619
araCp,3.6206896551724137,132,28,GTATATGTACGTCCCTGCGA,104,536482
araCp,0.06896551724137931,29,28,GGTTTAGAATGCTACATGAT,1,545251
araCp,0.06896551724137931,29,28,GGGTAAGATTCCTTGTTAGT,1,545440
araCp,4.379310344827586,154,28,GGGGCCTGGGTCTTGCAACA,126,543450
araCp,10.10344827586207,320,28,GGCTTACTCTCAGACGGCGT,292,575320
araCp,1.3103448275862069,65,28,GGCCTCTATCGCAGGAGGCA,37,587224
araCp,4.655172413793103,162,28,CTTTGTTTCGGACTTCGGTA,134,598931
araCp,0.06896551724137931,29,28,CTGTGTCTATCAGGGCACAA,1,542273
araCp,1.4137931034482758,68,28,CTAGCGGTTGATGGGATCTT,40,566044
araCp,0.3793103448275862,38,28,CGGTTATCAAGCGATCCACT,10,546910
araCp,2.7241379310344827,106,28,CGCCGGCTGCGAAATGACAA,78,537666
araCp,2.3448275862068964,95,28,CGATAGATTCGAGTCGCCTG,67,549596
araCp,0.06896551724137931,29,28,CCTGTATTTGTGTCTGACTG,1,594358
araCp,1.5172413793103448,71,28,CCCGCGCCGTGTGAACGCAA,43,541784
araCp,1.896551724137931,82,28,CCAGCCCCATCGAATGTTGT,54,576703
araCp,0.06896551724137931,29,28,CCAAGCTCCCTACATCGGCT,1,539652
araCp,1.793103448275862,79,28,CAGCAACTCGCCCCTTGACG,51,581235
araCp,4.172413793103448,148,28,CACTTAACTTGAGAGGGAGA,120,570385
araCp,0.06896551724137931,29,28,ATTGCGCTTATCAGGTGGAT,1,601811
araCp,2.103448275862069,88,28,AGGGAACTCCCTGTGAGCAA,60,588905
araCp,2.206896551724138,91,28,AGGCAATGGCCTCGGTAGGA,63,569578
araCp,2.6551724137931036,104,28,AGGAGAGCACTTATTAGGTG,76,556441
araCp,0.06896551724137931,29,28,AGCGGACCAACTTTACGGCT,1,538556
araCp,1.9310344827586208,83,28,AGCGCTCTTTGAGATGGATG,55,536842
araCp,0.06896551724137931,29,28,ACTAGCTGTTAGGTGAGGTA,1,570592
araCp,0.06896551724137931,29,28,ACGATTGTATCCAGGAATAT,1,558227
araCp,0.10344827586206896,30,28,ACCGCAATATCTAACCTTAA,2,534005
araCp,2.103448275862069,88,28,ACAGCTTCTTCCCCGTAACA,60,592392
araCp,5.862068965517241,197,28,ACAAGTTTCACGCACAAAAT,169,564006
araCp,1.896551724137931,82,28,AAGCATTTGTCTTACACTAT,54,561729
araCp,0.07142857142857142,28,27,TTCGAGCGTTACAATTAAGT,1,545902
araCp,0.07142857142857142,28,27,TTAATGACGAGGCCAAAGTT,1,542946
araCp,0.07142857142857142,28,27,TGGTGACATTCAGAAATAGG,1,547292
araCp,2.4642857142857144,95,27,TCGATAATCCAGCCGGCTAA,68,582373
araCp,4.714285714285714,158,27,TCCACTTTAGATTGTGAGAA,131,528953
araCp,0.07142857142857142,28,27,TATTGAGTCCCCAGCGAGGA,1,569835
araCp,2.75,103,27,TATGGATTGCTAATCTTAAT,76,580858
araCp,2.392857142857143,93,27,TAGGCCACTGGACATCACCA,66,543619
araCp,0.10714285714285714,29,27,TACATAACTATTTCGACCGA,2,546055
araCp,3.7857142857142856,132,27,TAACGGGCTGTTGACGAAGG,105,567605
araCp,2.2142857142857144,88,27,GTTCACCAAAGTTCCACACG,61,535304
araCp,0.10714285714285714,29,27,GTTAGCTACATCAGCAGACC,2,537151
araCp,3.392857142857143,121,27,GTGTGGTTGCAATTTATGCA,94,559314
araCp,2.5,96,27,GTGGTGTCACGGGCCACAGA,69,551233
araCp,2.4642857142857144,95,27,GTGCTCATAGGAAGGCTCGA,68,596307
araCp,1.6785714285714286,73,27,GTACAGCCATATTCATCGCA,46,562389
araCp,0.07142857142857142,28,27,GGGCGGGACACTTCCTTGGA,1,573508
araCp,0.07142857142857142,28,27,GGAGTCTAGTGCAGGCCCAA,1,548487
araCp,0.10714285714285714,29,27,GGACACAGGTATCGATTAAG,2,595841
araCp,2.892857142857143,107,27,GCGTAAGTAGTTTGTCTGGT,80,543400
araCp,1.7142857142857142,74,27,GCGGGATGTAAGGGGGGTTG,47,536771
araCp,0.07142857142857142,28,27,GATGAGTCGGTCGTCCTGGG,1,577353
araCp,0.07142857142857142,28,27,GAAGGCCGTACTATCACTTT,1,549708
araCp,4.678571428571429,157,27,CTACGCCACCACTCTAGACA,130,537761
araCp,0.07142857142857142,28,27,CGGATGCTGGGTCGAATATA,1,574935
araCp,0.10714285714285714,29,27,CGCCGAGCTGAGTAACGATG,2,568761
araCp,0.07142857142857142,28,27,CGATGGAGCTCTAACAGAAT,1,548302
araCp,2.4285714285714284,94,27,CGACACGATAGTCTACAGGG,67,571165
araCp,4.464285714285714,151,27,CCCTACGGGGACGGAACGCA,124,545149
araCp,0.07142857142857142,28,27,CCCGGTGTTCGGTGATGGAC,1,555205
araCp,0.2857142857142857,34,27,CCACCTAACGTACTGAATTC,7,597684
araCp,1.1071428571428572,57,27,CCAATAAGATTCTCTACAGG,30,571308
araCp,2.392857142857143,93,27,CATTGACTGATTAGTTCCGT,66,543885
araCp,3.607142857142857,127,27,CATATAGTTGCGTATCTAGC,100,560682
araCp,2.25,89,27,CACGGACGGCCATTATTAAG,62,539919
araCp,2.607142857142857,99,27,CACCCTGGCTTTAGAGGGGT,72,535453
araCp,2.25,89,27,ATGCATCTCCTGCGAGGGAC,62,578687
araCp,1.5714285714285714,70,27,ATACTGCGACGCCTGCTACA,43,593593
araCp,0.07142857142857142,28,27,AGTCGATGGGGTACACAGTA,1,544220
araCp,0.07142857142857142,28,27,AGGGTTCGTATGGGTGGCGC,1,579769
araCp,2.357142857142857,92,27,AGCACTATTAGAGGCCTCCT,65,600426
araCp,2.5714285714285716,98,27,ACTGAGATAAGCGAGAATAT,71,555296
araCp,1.4285714285714286,66,27,AAAATTGGGGTTGTAGCTTA,39,596556
araCp,0.8888888888888888,49,26,TTTGTGTCTTGGTGAAGGTT,23,581927
araCp,1.962962962962963,78,26,TTTCGGCTGTGCACATGCCA,52,537548
araCp,1.9259259259259258,77,26,TTGCAACATGTGGAGCACGT,51,541661
araCp,1.037037037037037,53,26,TTAGAACTCCGCGTACGCGT,27,550408
araCp,2.074074074074074,81,26,TGTCCTAGTATGCGGGATAA,55,589556
araCp,0.14814814814814814,29,26,TGCAGATATTAGAATCGATC,3,580163
araCp,2.2222222222222223,85,26,TGACGGGGGTTTCCCGACAT,59,550374
araCp,0.07407407407407407,27,26,TCATGCGGAAACTTCTCTCC,1,580934
araCp,1.7777777777777777,73,26,TCAACGGCAGGGACTGTAGA,47,577043
araCp,4.185185185185185,138,26,TATCGAGGACGCTTGCATTA,112,548652
araCp,0.14814814814814814,29,26,TATATGCAGTCGTTGTACAT,3,557988
araCp,3.4074074074074074,117,26,TATACGGTTAGCCTAGCGAG,91,547158
araCp,0.07407407407407407,27,26,TAGGTACTCAAACAAAAAAC,1,526075
araCp,0.07407407407407407,27,26,TAGGCGGATAACGTTATGGT,1,544832
araCp,2.185185185185185,84,26,TAAGCGGAGCGGTCTACAGA,58,537773
araCp,2.0,79,26,GTCCGCTGTATGTGTGATAA,53,541790
araCp,4.074074074074074,135,26,GTCCAACCGGAGCATAGGGT,109,589068
araCp,2.814814814814815,101,26,GGTTCATACTGCTAATAACG,75,577942
araCp,2.2222222222222223,85,26,GGAGCCTCATCCATGGGAGA,59,577593
araCp,2.037037037037037,80,26,GCTTACCGTACGAGATTTTA,54,548242
araCp,2.2222222222222223,85,26,GCCGAATGACCGACAATAAA,59,546864
araCp,0.07407407407407407,27,26,GCAATGTTAGAAATGGCGAT,1,563906
araCp,1.6296296296296295,69,26,GCAACCGAGGCTTGTCTTAC,43,549181
araCp,2.4444444444444446,91,26,GATCTTTATACATTTCGCTT,65,573655
araCp,2.0,79,26,GAGAACTCCACATAATTGCA,53,526741
araCp,2.3333333333333335,88,26,CTTCAGTTCAATCTCCAAAG,62,575108
araCp,0.07407407407407407,27,26,CTGTTTATACGAGTAACCAT,1,542941
araCp,2.259259259259259,86,26,CTCGGACGCTACAAACCACT,60,592396
araCp,1.4074074074074074,63,26,CGTTTGAACCCACTGATGAA,37,591305
araCp,1.6666666666666667,70,26,CGTAACCGGGAAAATCCCAG,44,552046
araCp,2.074074074074074,81,26,CGGATGAATGAACCCTGTAC,55,557034
araCp,2.074074074074074,81,26,CGCTAGGGTAGCTTCAGGTT,55,584402
araCp,0.07407407407407407,27,26,CGCGTCGTGGGACACACACA,1,547343
araCp,2.037037037037037,80,26,CGCCACGGATTAACGCTCAT,54,599348
araCp,0.07407407407407407,27,26,CGACAGCGTTCTGGGCAGTA,1,601107
araCp,2.074074074074074,81,26,CCCTGCTGTAACCGCGATCA,55,548503
araCp,2.3333333333333335,88,26,CCCTATCAGTGTCGCCATCG,62,535467
araCp,1.2222222222222223,58,26,CCATGATTCAAACTAATCAA,32,557356
araCp,3.5555555555555554,121,26,CCAATGGAACTTCGATTGTC,95,577021
araCp,1.7037037037037037,71,26,ATGTCGAAGTTCGGAATTGA,45,530666
araCp,2.3703703703703702,89,26,ATGCCAGCTCCCTTTCCAAT,63,540481
araCp,11.333333333333334,331,26,ATATGTCCAAGAACCGTCGT,305,554617
araCp,2.259259259259259,86,26,ATAGACGATGATTCTCTCTG,60,568341
araCp,3.037037037037037,107,26,ATACTCCCTGGAATGACGTA,81,574651
araCp,4.925925925925926,158,26,AGTCAAAGCAAATCTTACCA,132,539032
araCp,1.8518518518518519,75,26,AGGTAGATGTCTGCCTCATT,49,579907
araCp,4.222222222222222,139,26,AGAGGCACGCGTCACTGCAT,113,539289
araCp,0.7407407407407407,45,26,AGAAATAATAGCAATCAAGT,19,580859
araCp,0.07407407407407407,27,26,ACTGGAGCGGGGAGAATTGA,1,556951
araCp,3.111111111111111,109,26,ACGTGATGTTATTCGCATAA,83,566018
araCp,8.481481481481481,254,26,ACCCACTGGCATAAGGCAAG,228,560665
araCp,2.074074074074074,81,26,ACAGGAGTACTTAACTGGTA,55,546544
araCp,0.07407407407407407,27,26,ACAGAATGAGAGGAGACAGA,1,576247
araCp,3.5185185185185186,120,26,AATCCTCACTGCGCCCCATC,94,566312
araCp,2.185185185185185,84,26,AATAGCTTTTAAGGGGCATT,58,589917
araCp,3.3333333333333335,115,26,AACCAGGCATCAATTACGAG,89,539381
araCp,0.07692307692307693,26,25,TTTTCTTACACGCGCTGAGT,1,555995
araCp,0.07692307692307693,26,25,TTTTACCGATGATGGCGACA,1,565498
araCp,1.9615384615384615,75,25,TTGTTAAGAGCGACCCGACG,50,595289
araCp,10.423076923076923,295,25,TTGTCAGCGACTCTTGCCGT,270,554642
araCp,0.07692307692307693,26,25,TTCGACGGGGCCGAGGTCAG,1,578024
araCp,17.692307692307693,484,25,TGTCAGTTTATATGGTAAGT,459,551728
araCp,0.07692307692307693,26,25,TGGTCACAGGAGCTCTTGAA,1,530378
araCp,2.3461538461538463,85,25,TGGTAAGTACGCTCCGTAGT,60,551723
araCp,6.653846153846154,197,25,TGCTTCAAGTCCCACTACAA,172,595286
araCp,2.5,89,25,TGCTCAGTCAGGTACCGCTG,64,561253
araCp,2.5384615384615383,90,25,TCTCGCCAAGGTAAGTCGTA,65,553877
araCp,0.6923076923076923,42,25,TCCAGGCTCTATCAGATCAA,17,559101
araCp,0.11538461538461539,27,25,TCCAGGAAGAAATCTTCGGG,2,583674
araCp,0.07692307692307693,26,25,TATTGGGGTTACCTATTAGT,1,576868
araCp,2.0,76,25,TACGAGTATCGCCTGTAATG,51,540550
araCp,2.3461538461538463,85,25,TAAAATGAATGCCGGATACG,60,546952
araCp,0.11538461538461539,27,25,GTTCAGGCACTGGTTTGAAA,2,537332
araCp,6.0,180,25,GTATCGCATGGCCGGACGGC,155,550344
araCp,1.8461538461538463,72,25,GGGGCAAGTACCTCACACTC,47,595006
araCp,2.423076923076923,87,25,GGACCGGCGCTTGTAGAAGT,62,600420
araCp,4.384615384615385,138,25,GGAAATACTAAACGTTTAAC,113,565061
araCp,1.6923076923076923,68,25,GCGCTCGAACAACGCTTCAC,43,528485
araCp,2.8846153846153846,99,25,GCCGGCAGTAACGCTAACGC,74,552610
araCp,5.1923076923076925,159,25,GCACACGCATCCCGTCTCCC,134,533742
araCp,4.1923076923076925,133,25,GAGTCTTTTGGTCTTCAAAG,108,586944
araCp,0.07692307692307693,26,25,GACTTCGATTCCACCCTTCA,1,572668
araCp,2.4615384615384617,88,25,CTTAACCAGAACAAACTCTA,63,565420
araCp,2.5384615384615383,90,25,CTCATTCCCCTGAAGGTACT,65,578868
araCp,0.11538461538461539,27,25,CGTGCGTCTTCCACACCTAC,2,555760
araCp,9.576923076923077,273,25,CGTCTAGGCGCGATGTGTAT,248,587653
araCp,1.8461538461538463,72,25,CGCTACTCCTGCCAAAGCTC,47,577231
araCp,2.269230769230769,83,25,CGCGAGTTCGATGGCTCTTG,58,544756
araCp,0.07692307692307693,26,25,CGATTCAGGTAATTGATACA,1,586736
araCp,4.961538461538462,153,25,CGATTCAATCAGTTAACCAC,128,594699
araCp,2.0384615384615383,77,25,CGATACGGATCTTTGTCGGC,52,575941
araCp,0.11538461538461539,27,25,CCGTGAAGACAGAGCGTTAA,2,564080
araCp,3.1153846153846154,105,25,CCGGAACTATCGCGTCCTAT,80,548072
araCp,0.07692307692307693,26,25,CCCTATGGGTTGATGGAATT,1,578511
araCp,3.4615384615384617,114,25,CATAATGAGTGACCGTTATA,89,559556
araCp,1.9615384615384615,75,25,CACGGTTATGCGCTCTATCA,50,559892
araCp,6.769230769230769,200,25,CACATTCTCAGTGGGTCAAC,175,597778
araCp,3.4615384615384617,114,25,ATTACAGTCTAGTCAATAGA,89,528428
araCp,2.3461538461538463,85,25,ATGAGTTCGCGGGGGAAGAC,60,529962
araCp,3.9615384615384617,127,25,ATCTCGTCTTGGGGGCAAAT,102,593678
araCp,2.6923076923076925,94,25,ATCTAGAATAAGCGAGTCCA,69,568211
araCp,1.8846153846153846,73,25,ATCTAACGGAACAAGCCGTT,48,575807
araCp,2.8846153846153846,99,25,AGCCAAATTAGAATGCACAA,74,581731
araCp,2.1538461538461537,80,25,AGAGCCACTTGAGGTAGCGT,55,595205
araCp,0.07692307692307693,26,25,AGAACGACAAATATTTCATA,1,532450
araCp,2.3461538461538463,85,25,ACTCAATCTCAGATACCTCA,60,548450
araCp,2.1153846153846154,79,25,ACCCCGTAATGGACAATTGA,54,546242
araCp,2.0,76,25,ACACCCGAGTGCTTTTAAGA,51,551756
araCp,2.269230769230769,83,25,AAGAGGGGGTAACTGGTCGT,58,574179
araCp,2.16,77,24,TTCTTCAGTCAAATTGGGTA,53,568141
araCp,1.28,55,24,TTCCCAATGACTGACCCACC,31,563392
araCp,2.88,95,24,TTAGTGTGCTGTTATACCTA,71,547263
araCp,0.08,25,24,TCGAACGTGTGTGTGAGGCA,1,533440
araCp,1.84,69,24,TCCTACTAGCGGTTATGGGT,45,544583
araCp,1.6,63,24,TCCAGGAGGGCTGGTGGCGT,39,568339
araCp,0.08,25,24,TCAAAAAGAACTAGGGCAGC,1,592685
araCp,2.4,83,24,TATTACATGTCGCAGCCAAA,59,529773
araCp,3.04,99,24,TATAAAGGATTACGGGTCTA,75,587053
araCp,10.08,275,24,TAGGGTCCTGATGTTCGTGA,251,600512
araCp,4.48,135,24,TAGCAAGCCCGGCGATATGT,111,555893
araCp,0.08,25,24,TACTTCTATTCAGTCTTGAA,1,597534
araCp,2.44,84,24,TACGTACGTGGACATGCGAT,60,546737
araCp,0.08,25,24,TACATCTATGGATCCCGCTA,1,576399
araCp,5.28,155,24,TAAGCGTTTCGTCTTGCGTC,131,574185
araCp,2.16,77,24,GTGTTAGACACCGTTAAACA,53,556475
araCp,0.08,25,24,GTGTCTATGCTTACTCATGT,1,543470
araCp,2.16,77,24,GTCGCTCATATCGAAGGCAG,53,564668
araCp,0.08,25,24,GTATACTGTCGGTAAGTCCA,1,533113
araCp,2.32,81,24,GTAAAGCGTAACGGTCATTG,57,541386
araCp,2.92,96,24,GGTTTCCATGTCAATCGGTA,72,589198
araCp,0.08,25,24,GGTAACCAGAATGGCCAACT,1,532607
araCp,7.76,217,24,GGGTACTGCTCTGACGCACA,193,539137
araCp,0.12,26,24,GGGCGTGCAGGCGTTTGTTC,2,590964
araCp,21.08,550,24,GGCTGTAACATATAAGATTC,526,594856
araCp,3.08,100,24,GGCGTGGTTGCCGCTCCGTA,76,538725
araCp,1.6,63,24,GCGAGTGGCTGCCCATATCG,39,548057
araCp,1.36,57,24,GCCTGGGCTACTATGTGCGT,33,563008
araCp,6.68,190,24,GACCTCGACACTGATGATTA,166,595333
araCp,0.52,36,24,GAATTACTGTTTGTCAACAT,12,566397
araCp,0.08,25,24,GAACGGGCGTTATGGGGCGG,1,555543
araCp,2.36,82,24,CTGCGCCCACTAATCATCGG,58,552399
araCp,2.72,91,24,CTCTATCTGAAGTAGTTCCA,67,598940
araCp,1.6,63,24,CTCGGGTACGTAGCCGCTGT,39,558900
araCp,0.08,25,24,CGGCTTAATGCGGCATCTTC,1,561682
araCp,1.96,72,24,CGAAATGCGCGCGCGAAAAT,48,542716
araCp,1.96,72,24,CCTGTCGGCGGGTATGCACT,48,562322
araCp,0.12,26,24,CCTCTACCATTTTAATCATG,2,557641
araCp,1.36,57,24,CCGAAAGGGTATGTGACGGA,33,566662
araCp,0.08,25,24,CCAGGCAGTACGCGGCCGTA,1,579216
araCp,8.12,226,24,CATCTGGTATCCCACAGAAT,202,570740
araCp,2.8,93,24,CAGCGGCCTGCGTGCGCCCT,69,530611
araCp,1.72,66,24,CACCCAATAATACGTAAACG,42,574404
araCp,1.96,72,24,ATTTAACTCGCAACGCACAG,48,583179
araCp,0.08,25,24,AGTTCAGCGCTGCTATCACG,1,570819
araCp,2.8,93,24,AGTCTGGAGGGCGAAGGGTC,69,535565
araCp,2.4,83,24,AGGGGGGAGCCGGCATACAT,59,546235
araCp,2.08,75,24,AGGCTGACATCGTGGGAATA,51,586520
araCp,1.92,71,24,AGGAGAGTGCGGGCTTGGGC,47,579880
araCp,2.64,89,24,AGCAAAACATTTCTACTGAT,65,574983
araCp,2.6,88,24,ACAGCTGTCATGTCATGGTG,64,554210
araCp,0.08,25,24,ACAGCTCAGTTCACCGGGAA,1,557381
araCp,2.88,95,24,ACACGGTGAGTTTAAATCTG,71,544893
araCp,0.08,25,24,ACAACTTTTCAAATCCTTAC,1,581918
araCp,1.6,63,24,AATCACGTCCCGGGGCGCGA,39,596054
araCp,2.48,85,24,AAGTGTTAAGAAAAATAGCG,61,595005
araCp,3.44,109,24,AAGGTTAGGTTCTCTGATAT,85,548867
araCp,0.08,25,24,AAGGGCGTATCGCGTAGCTG,1,535413
araCp,8.48,235,24,AAGGGAAAATCCTCGTTTAC,211,558379
araCp,1.5833333333333333,60,23,TTTGATTTGAGTCTGGGGGT,37,529014
araCp,1.9166666666666667,68,23,TTTAAAGCCATCCCGATGTC,45,557819
araCp,1.5833333333333333,60,23,TTGTCGGAGTTAGTTATGGC,37,551869
araCp,2.2916666666666665,77,23,TTAATGGTTCGTAATACATG,54,551250
araCp,0.08333333333333333,24,23,TGTTTTCGCCACTACCTGGC,1,580581
araCp,2.2083333333333335,75,23,TGGTGGTGTTCGCGAGGGAG,52,539105
araCp,0.7916666666666666,41,23,TGGTCGTCCAACGAAAGTTG,18,544239
araCp,0.08333333333333333,24,23,TGATATCTATAAGGCGGCCC,1,540180
araCp,2.2083333333333335,75,23,TGAGTCAGTGTATCCTCGGT,52,552626
araCp,3.1666666666666665,98,23,TGACTTTGCTATAACTCGTA,75,593404
araCp,1.9583333333333333,69,23,TCAGGCTTTCTCTTACGCAT,46,538728
araCp,2.0,70,23,TAGGCTTTTAATCGAGTTAC,47,569878
araCp,1.0,46,23,TAGCAAGAAAACCGGAAGCA,23,555059
araCp,2.3333333333333335,78,23,TAGACTGTCCGTGGGTCTTT,55,550252
araCp,0.08333333333333333,24,23,GGTCGGACCCACATCATAAG,1,580933
araCp,4.916666666666667,140,23,GGCTGTATCAGTCACCAGGT,117,578228
araCp,0.125,25,23,GGAACTCGTGAACACTCTAG,2,572424
araCp,3.1666666666666665,98,23,GCTCACTCTCTGTTCAATGG,75,543664
araCp,2.7083333333333335,87,23,GCTCACGTCCCTATACCGAT,64,565931
araCp,7.416666666666667,200,23,GCGCATAAGCTTGGCATAAT,177,593954
araCp,4.291666666666667,125,23,GCCATATGGAATATAGCAGG,102,527057
araCp,0.08333333333333333,24,23,GCATATGGTGAGATTGTAGA,1,557976
araCp,3.2083333333333335,99,23,GCACAGGTAGAGCGCGAGTC,76,537479
araCp,3.0833333333333335,96,23,GATTGCTCCTGAGGAGTGCC,73,600354
araCp,0.125,25,23,GAGACTCTTGATACCGAGAT,2,528546
araCp,0.8333333333333334,42,23,GACCCATGTCTTACTCGGAA,19,534145
araCp,0.08333333333333333,24,23,GAAGAGGGGCCTGTTGCCTA,1,566693
araCp,2.3333333333333335,78,23,CTTGACATACTGGTTGAACG,55,533881
araCp,3.2083333333333335,99,23,CTTCTACTCACCCCCAGTCT,76,528925
araCp,2.5,82,23,CTGCGCGGAGGGCACTGCGA,59,586691
araCp,2.1666666666666665,74,23,CTGCCAACGGATTCGGCATA,51,564857
araCp,2.4166666666666665,80,23,CTCGTGGCCGACCATTCATG,57,573735
araCp,2.25,76,23,CTACCTGGAATTATTCGCTG,53,537205
araCp,2.7916666666666665,89,23,CGTTAATTCGAGGCCCCATT,66,539371
araCp,0.16666666666666666,26,23,CGTCCTTGACGATTCGCATT,3,542942
araCp,2.7916666666666665,89,23,CGTCCCTTAGGTCAATACAA,66,591652
araCp,2.5416666666666665,83,23,CGGTTGCACACTCCATCGTC,60,535035
araCp,3.6666666666666665,110,23,CGGTTGAAAGGAACTGTTAT,87,549714
araCp,4.791666666666667,137,23,CATCATCTGAGTTTTGCGCT,114,565063
araCp,5.291666666666667,149,23,CATATACACGATCAGGAGTA,126,560666
araCp,2.375,79,23,CAATTTCGTTAACCGGATAT,56,546679
araCp,0.08333333333333333,24,23,ATTGCGGTGAATCACTTATT,1,594616
araCp,2.5416666666666665,83,23,ATTACCTTGGGCATCCAAAG,60,544897
araCp,0.08333333333333333,24,23,ATCACCACATGCCCAGAGTG,1,531871
araCp,3.2083333333333335,99,23,ATAAGAGAGTACCACCTCAT,76,584621
araCp,7.333333333333333,198,23,AGTGGAAAGTCCGATCCCCG,175,529419
araCp,10.125,265,23,AGGGTACTCAAGATTTATTT,242,539145
araCp,2.4166666666666665,80,23,AGGAACCGTGACGCGATGCT,57,552203
araCp,2.7916666666666665,89,23,ACGGCAAAGATCAGCTGATA,66,538985
araCp,2.6666666666666665,86,23,ACCTCATTACGCTGCCCTAA,63,526849
araCp,2.375,79,23,ACATTTGCGGTGGCTTGCCT,56,584083
araCp,0.08333333333333333,24,23,ACAGAATACTTATAGGCCTA,1,567604
araCp,2.125,73,23,ACAACACGAGCGCAGCCTGA,50,595295
araCp,2.5,82,23,AAGTGAGTGACCATGGACAC,59,547013
araCp,0.125,25,23,AAGCCGGGTGGCATCAAGAC,2,526229
araCp,2.3333333333333335,78,23,AAGATTGTGCTGGAGGTCCG,55,581320
araCp,0.08695652173913043,23,22,TTTGATTCGCGAGGCTATGA,1,596643
araCp,0.08695652173913043,23,22,TTGCGGATCTTCGGGCCTTT,1,540855
araCp,2.391304347826087,76,22,TGTCGTCCATTAAGAGTTCT,54,601180
araCp,0.08695652173913043,23,22,TGTAAGGGTCAGACCGTCTA,1,568944
araCp,2.869565217391304,87,22,TGTAACGGGGACCTCGAGTT,65,540854
araCp,0.08695652173913043,23,22,TGGACCGGCTTCAGGAAATG,1,532060
araCp,2.5217391304347827,79,22,TGCTGGGCGGGACCCCGTTT,57,568418
araCp,7.956521739130435,204,22,TGCAGCTAAACAGGTAGGGT,182,567893
araCp,18.130434782608695,438,22,TGAGACATTAAGGCTCTGCG,416,600510
araCp,0.08695652173913043,23,22,TGACTGGGGAACTAAAGGAT,1,548479
araCp,2.5217391304347827,79,22,TCTTAGAATCAGTAGTCAAG,57,594935
araCp,11.782608695652174,292,22,TCTATTCTAATCCAATCCCA,270,584143
araCp,0.08695652173913043,23,22,TCAGCTTGTTTCTTGCAATA,1,529092
araCp,0.08695652173913043,23,22,GATAGGTTTACTGCCTGGAT,1,590919
araCp,1.826086956521739,63,22,GAGGGCCTACTGGGCTGTGT,41,534021
araCp,1.173913043478261,48,22,GAGAAACGGGTGCACTTCTG,26,535571
araCp,2.347826086956522,75,22,GAAAGTTTTCCAGGTCTGCG,53,599345
araCp,2.5652173913043477,80,22,CTTAGTTATACGCTCCATTC,58,560575
araCp,2.130434782608696,70,22,CTATACCCTTGTGAAATGTA,48,583768
araCp,0.13043478260869565,24,22,CTAGAAGGAAGCCACGCTCT,2,569215
araCp,2.3043478260869565,74,22,CTACTCAAGTTGCAAGGAGC,52,572365
araCp,3.9565217391304346,112,22,CGTGTTATCCCGTAAACAAT,90,573164
araCp,1.8695652173913044,64,22,CGTCCCCAATCCAGGATGGT,42,538550
araCp,4.695652173913044,129,22,CGCTCTCCTCGCAATCGTTT,107,572740
araCp,0.08695652173913043,23,22,CGCCCATCAGAATACGGGAG,1,552811
araCp,4.565217391304348,126,22,CGAGTTCATGTTGGTTTTGA,104,582565
araCp,0.08695652173913043,23,22,CCGCGGGGCCGACCGTCTGT,1,540218
araCp,2.1739130434782608,71,22,CCGCCTTGAAACCGAGACAA,49,537724
araCp,0.08695652173913043,23,22,CCGCCTGTCGTAGGCCGTGT,1,585342
araCp,2.5652173913043477,80,22,CCATATTACGTTCCTGTGCA,58,568857
araCp,0.08695652173913043,23,22,CCAGTTCTGCATAGCCCGGA,1,585814
araCp,0.08695652173913043,23,22,CCAACGGCCGTGTCCTACCT,1,552986
araCp,2.391304347826087,76,22,CATGGCGCGCGAGATTAAAT,54,526708
araCp,2.652173913043478,82,22,CAGTGAACGGTCTCGTCGAT,60,599606
araCp,0.08695652173913043,23,22,CACCCATCGAAGGGTCGAGG,1,548026
araCp,4.565217391304348,126,22,CAATGAACGAGTATTCGAGT,104,553391
araCp,1.2608695652173914,50,22,ATTGCATTTAGACGATAGAT,28,589025
araCp,0.08695652173913043,23,22,ATGTTCGGGACGGTTCAGAG,1,536318
araCp,3.0434782608695654,91,22,ATGCTCATCCTATGCGAGAC,69,541668
araCp,2.782608695652174,85,22,ATAGTGGACCAGGAAGGGAC,63,600674
araCp,2.1739130434782608,71,22,ATAAAAAAGGGTATCGGCAA,49,583569
araCp,3.5652173913043477,103,22,AGGAAATCCTTAGCCACGGA,81,566562
araCp,2.6956521739130435,83,22,ACTTTTAAAAAGTCAACCTT,61,578018
araCp,4.260869565217392,119,22,ACGTTTCGATATTCTCAGTT,97,588458
araCp,2.652173913043478,82,22,ACGAATCATGCATGCCGACA,60,563121
araCp,3.130434782608696,93,22,ACACACTCGGAAAAGCATCT,71,565382
araCp,1.9130434782608696,65,22,ACACAATACCTGGATTTCTA,43,562856
araCp,2.9565217391304346,89,22,AATTGAAGCAGAGAGCTCTA,67,583231
araCp,6.304347826086956,166,22,AATAATACAACCAACTAAAC,144,534151
araCp,2.6956521739130435,83,22,AACCGTTGCTAGAACTCAAG,61,533884
araCp,2.869565217391304,87,22,AACATCCTTTATAGTCTACT,65,561073
araCp,2.4782608695652173,78,22,AAACCTGGGACGGATCATAA,56,594622
araCp,0.09090909090909091,22,21,TTTGCAGGCAAAAACAGGAC,1,596835
araCp,3.5,97,21,TTTCCAGGTTCCAGGTCGGG,76,555470
araCp,2.6818181818181817,79,21,TTCTCTCCTGTACACTGGAA,58,544551
araCp,0.09090909090909091,22,21,TTACGCCCTGTCCTCTCACA,1,538843
araCp,0.09090909090909091,22,21,TGGTAGGGTGATCAGGTTAA,1,575873
araCp,3.1818181818181817,90,21,TGCTTGTGCTTTATGCATAG,69,586250
araCp,0.09090909090909091,22,21,TGCTGTATTGTGGCTACGGA,1,570207
araCp,2.1363636363636362,67,21,TCAACGCCACTTAGGGTCGT,46,527162
araCp,0.09090909090909091,22,21,TATCGTTCTAATCGCGGGAC,1,548299
araCp,0.09090909090909091,22,21,TAGACCCGGTAAACCGCTTA,1,568138
araCp,2.772727272727273,81,21,TAATTCTTTGTATTACTTTT,60,579435
araCp,3.409090909090909,95,21,TAATAGCTGATATCTAGTCT,74,570150
araCp,2.272727272727273,70,21,TAAGTGCCCCCACTATTATC,49,533877
araCp,0.09090909090909091,22,21,TAAGCCCATCGCATAGTCCC,1,556112
araCp,2.0454545454545454,65,21,GTGTGAAGGCTACGCGCAAG,44,572761
araCp,0.09090909090909091,22,21,GTATTGCTCAGGGAGTGTAA,1,575836
araCp,2.3636363636363638,72,21,GTATAGGAAAGGGGCCACCA,51,559664
araCp,3.590909090909091,99,21,GGTTAAGGCAAAATGTGTTA,78,558638
araCp,1.5909090909090908,55,21,GGTGATAAATTGCGTACATA,34,558635
araCp,1.5909090909090908,55,21,GGGAAACAGCCATATGCATT,34,545531
araCp,2.4545454545454546,74,21,GGATTGAGCGGCTTCTGGGT,53,556114
araCp,0.09090909090909091,22,21,GGAGTTAACTAGCTCCCATT,1,589070
araCp,0.09090909090909091,22,21,GGAGACAAGACTTTGGTATA,1,582953
araCp,0.09090909090909091,22,21,GGACAGGACGGTCCTTTTAT,1,533176
araCp,0.09090909090909091,22,21,GCTTGGTGCTGTTGCTCACA,1,531544
araCp,2.8181818181818183,82,21,GCTAGCCGTAAGGTTAAGCG,61,547884
araCp,0.09090909090909091,22,21,GCGGTATGCGTTGAGGCAAA,1,542943
araCp,5.363636363636363,138,21,GCCACAAGTGCCATATTTCT,117,530947
araCp,2.1818181818181817,68,21,GAGTGAAAGCATGAATTTCA,47,533100
araCp,2.3181818181818183,71,21,GAACCTTATTGTAAGCGCCC,50,543892
araCp,0.09090909090909091,22,21,CTTCGGCACAAAAATTGGAA,1,576757
araCp,2.6818181818181817,79,21,CTCGGCTCGTTCATGGCTAT,58,528954
araCp,3.4545454545454546,96,21,CTCGCGGCAGATGTGGACTA,75,558396
araCp,2.4545454545454546,74,21,CGGAGCTTCTGACAGTTAGG,53,584308
araCp,5.090909090909091,132,21,CGCTGACCGCGGGCGACTCA,111,554346
araCp,2.0454545454545454,65,21,CGCGGAAATAATGACTGAAT,44,569721
araCp,2.227272727272727,69,21,CGCGCTCGGGAATATTGCAG,48,548894
araCp,2.3181818181818183,71,21,CGATTATGAGTCTGGATTTA,50,573584
araCp,2.772727272727273,81,21,CGAATTTTGATACTCCGTTC,60,565744
araCp,3.0454545454545454,87,21,CGAAATGAGCAACCTGATTT,66,540983
araCp,7.545454545454546,186,21,CCTGCTACATGAGAGCTATT,165,557563
araCp,2.6363636363636362,78,21,CCTCCAAAGCAGGTGGACAT,57,602124
araCp,1.5909090909090908,55,21,CCGGTCCGTAGGCTTGTGCT,34,566438
araCp,2.5454545454545454,76,21,CATTATCTGTCCCGAACTCG,55,556727
araCp,2.8181818181818183,82,21,CATATGTGAATAAGGTCGCT,61,574867
araCp,7.863636363636363,193,21,CATATCATGGCACGTCATAT,172,529118
araCp,3.0454545454545454,87,21,ATGGCATTGGACGGTTTTCA,66,528443
araCp,3.227272727272727,91,21,ATGCCCGACCGTGCGCCTAA,70,539294
araCp,3.3181818181818183,93,21,ATAACATGGTTCTCCTTGAT,72,591644
araCp,0.09090909090909091,22,21,AGTGGGCAGCAAAGAAGATC,1,582441
araCp,0.09090909090909091,22,21,AGGCGTCTGCACATGTTCAC,1,572892
araCp,3.590909090909091,99,21,ACTTGCATCCGAAAGACTTA,78,532503
araCp,4.909090909090909,128,21,ACGCGTGCGCCCGAGTTAAT,107,572171
araCp,0.09090909090909091,22,21,ACCCTGATATGCAGAGGCGG,1,570833
araCp,2.4545454545454546,74,21,ACCAACGCTTGTCTTCGCAA,53,535559
araCp,21.272727272727273,488,21,ACACCCATGATCTACCTAAT,467,596153
araCp,8.409090909090908,205,21,AATGGCCTGTCCTGCTCCGT,184,534663
araCp,7.136363636363637,177,21,AATGAACGTCGTAGCCATAG,156,555343
araCp,5.7727272727272725,147,21,AATACAGCTGCGAGAATTCT,126,553086
araCp,2.772727272727273,81,21,AAGCGACATATTGATCGATC,60,566364
araCp,0.09090909090909091,22,21,AAGCAGGGTAACGCTTTGTA,1,563270
araCp,3.3181818181818183,93,21,AACGGACACTATTCTCAGAT,72,557054
araCp,2.227272727272727,69,21,AACGCACGCCCTGACGACGG,48,553237
araCp,2.8636363636363638,83,21,AACAGTCTGGGGAATATGAT,62,540173
araCp,1.7272727272727273,58,21,AAATCTTGCCTGCCTATTGG,37,537328
araCp,2.8181818181818183,82,21,AAATCCTACTAACTATCCTA,61,590451
araCp,3.590909090909091,99,21,AAAGCGCTTGCGCTGGATGC,78,584139
araCp,2.272727272727273,70,21,AAACGTAGGTCGCTATCGGC,49,589675
araCp,2.3333333333333335,68,20,TTTTTGGCATCCGATTCAAG,48,527289
araCp,0.09523809523809523,21,20,TTCTTGCATTAGCCGTACTT,1,546780
araCp,0.09523809523809523,21,20,TTCATCTGTTTAACTGTATA,1,533104
araCp,12.714285714285714,286,20,TTACGCTAGCTCGCCAGCGA,266,588459
araCp,4.0,103,20,TGTTGTTAATCCTCAACCAT,83,556639
araCp,2.380952380952381,69,20,TGGGGCACAAATAAGGAGTT,49,541371
araCp,3.0476190476190474,83,20,TGGAGTTGTCGGCTAACGTC,63,549682
araCp,3.2857142857142856,88,20,TGCGCTAGGGATCAAGGTCG,68,597195
araCp,1.619047619047619,53,20,TGCCATCAAGTAGCGCCTTG,33,536410
araCp,0.09523809523809523,21,20,TGAGGTAACATTTTTGGGGT,1,558000
araCp,1.619047619047619,53,20,TCGGTGTCACCGAGTTATCG,33,598204
araCp,0.09523809523809523,21,20,TCGGCTGGGTATATTTGGAT,1,600244
araCp,0.09523809523809523,21,20,TCCTTCAACATGAACTAAGC,1,530612
araCp,2.9047619047619047,80,20,TCACGCCCTGACTCTCGACG,60,599410
araCp,0.09523809523809523,21,20,TATCTTGTCATCGCGGTATC,1,559761
araCp,1.3333333333333333,47,20,TATCGACACGATTCTCGCGA,27,543484
araCp,3.238095238095238,87,20,TATCCCTAGGTTTTTAGTGA,67,557037
araCp,3.4285714285714284,91,20,TAGGATTTGTTTGGTAATGG,71,563926
araCp,3.8095238095238093,99,20,TAGATTACAATGAGGAAGGT,79,571248
araCp,3.619047619047619,95,20,TACTTGGACAGACAGTACTG,75,562654
araCp,4.9523809523809526,123,20,GTGGCGGACTTTTGGTCCCT,103,573959
araCp,2.3333333333333335,68,20,GTCTGAATCGTTAGAGGTTG,48,549012
araCp,3.6666666666666665,96,20,GTATTCGATATGAAGGACTT,76,538125
araCp,2.1904761904761907,65,20,GTACTACGATGGTTACCGCT,45,537266
araCp,9.619047619047619,221,20,GGTTGCGCAGAGGAAGCAAT,201,575326
araCp,3.6666666666666665,96,20,GCGTAAGCCGTTGAGCGGTA,76,569903
araCp,0.09523809523809523,21,20,GCCTGCCGTATCGCCACCCG,1,560923
araCp,0.09523809523809523,21,20,GCCATAGGGAGGATCATTGA,1,562173
araCp,3.0952380952380953,84,20,GCCATAATGCCAGGGACTTC,64,596516
araCp,2.8095238095238093,78,20,GCAGCGAGCGAGTGCTGTAT,58,570387
araCp,0.09523809523809523,21,20,GCACTCAGATAAGAACATCA,1,573113
araCp,2.857142857142857,79,20,GCAATCTCTGGCCGCCAATG,59,573911
araCp,5.285714285714286,130,20,GATTTTAACAGTTCGGTGAT,110,530076
araCp,2.238095238095238,66,20,GATTTGCACGCGTAAGTAAT,46,528487
araCp,0.09523809523809523,21,20,GATTGTAATGAAACGATCCC,1,551395
araCp,0.09523809523809523,21,20,GAGGGGGAATCGTCTATACG,1,551816
araCp,2.857142857142857,79,20,GACGCGCGGGCCATCGGGAT,59,603366
araCp,0.09523809523809523,21,20,GAATAGGATACGTTGGGTGC,1,532122
araCp,3.380952380952381,90,20,GAAGATTTGTCCGGTAGCAA,70,573651
araCp,0.09523809523809523,21,20,CTTGTAAAAGCTATTCTACA,1,588063
araCp,5.857142857142857,142,20,CTTCACAGACAGATTAGAAC,122,538534
araCp,3.142857142857143,85,20,CTGTACTGTGCTGTATCCAC,65,598086
araCp,2.5714285714285716,73,20,CTAGTGGGCTCATCGCGGAG,53,580105
araCp,2.8095238095238093,78,20,CTACATCGCCCATGGGTTCG,58,591304
araCp,2.0476190476190474,62,20,CGGGTTGTCTACCGCTGTAC,42,600776
araCp,2.5238095238095237,72,20,CGGGTACAAATTTAGGCATC,52,587443
araCp,0.23809523809523808,24,20,CGGGAAGTGCTGACAATAGA,4,597407
araCp,3.9047619047619047,101,20,CGCCACTGTGCAGAATAGGC,81,600977
araCp,0.09523809523809523,21,20,CGCATGTAATCAGGCTCAAC,1,590134
araCp,3.1904761904761907,86,20,CGCAATAAGATAAGGAGCCA,66,539887
araCp,2.4761904761904763,71,20,CGATCCTTTGCGTCACTCGG,51,586038
araCp,2.619047619047619,74,20,CGAGCCTCAGACAATTTCAT,54,576862
araCp,0.09523809523809523,21,20,CGACCCGCCCCATGACTGGT,1,602090
araCp,3.142857142857143,85,20,CCTGGACGTCGTTGACTTTG,65,567009
araCp,1.1428571428571428,43,20,CCTGCTAATCGGGCGAGTAA,23,568833
araCp,2.5238095238095237,72,20,CCCAGCCCGGGGAGCCTTTA,52,558335
araCp,0.09523809523809523,21,20,CCAGTTTCTTAGTACGTTTC,1,586543
araCp,2.761904761904762,77,20,CATTTTATCTTGATCATAAA,57,584400
araCp,0.09523809523809523,21,20,CATCATACTGTACACGGGTT,1,555658
araCp,3.4761904761904763,92,20,CAGGGTGTGTTTATCTTTAT,72,595851
araCp,2.9047619047619047,80,20,CAGGAACTTGCTTAGTCACA,60,575471
araCp,0.09523809523809523,21,20,CAATTGCCTAGGACCTGACT,1,569243
araCp,0.09523809523809523,21,20,CAAGCTGGAGGGTTCATCTA,1,575063
araCp,6.476190476190476,155,20,CAACGTCTATCTTGACGGCA,135,579589
araCp,5.761904761904762,140,20,CAAACCTGTTTTTCCACGAA,120,539183
araCp,1.3333333333333333,47,20,ATGCCCACTAAAGCATCGCA,27,532343
araCp,0.09523809523809523,21,20,ATCGTTTCAGTGCAAAACCT,1,598815
araCp,3.4285714285714284,91,20,ATCGCGTTACTAAAAGCGGA,71,531284
araCp,2.857142857142857,79,20,ATACCCCGCTAAAAGGGTAA,59,598077
araCp,3.238095238095238,87,20,ATAATGTTTGAAGGAGCATA,67,558991
araCp,2.7142857142857144,76,20,AGTACAGGCAGGCCCAGTAC,56,593506
araCp,2.9047619047619047,80,20,AGGGTTTTGTGGTCCGCAGC,60,587286
araCp,3.238095238095238,87,20,AGCTCCCATTCTATACCCAT,67,587969
araCp,3.238095238095238,87,20,AGCATTCGCCCGGTGGATTG,67,574423
araCp,2.0476190476190474,62,20,ACTTGCCGCTTAACGTGGTT,42,561316
araCp,1.619047619047619,53,20,ACGGGACCATACCTTTCTGT,33,545510
araCp,7.476190476190476,176,20,ACCATCAACGCTGCTGGGCA,156,558759
araCp,10.0,229,20,AATTGTTCACTCCCGATACA,209,565058
araCp,3.4285714285714284,91,20,AAGCTGATATGATAATAAGC,71,573829
araCp,2.619047619047619,74,20,AAATTGCGAGCGCAGTTCAT,54,575339
araCp,0.09523809523809523,21,20,AAACACTACACCTATACTTA,1,527043
araCp,0.1,20,19,TTAATTAACTCCCAGTCTAT,1,571219
araCp,0.15,21,19,TGTTGCTCGATACACCCGTA,2,560194
araCp,1.95,57,19,TGTCCTTCGTGAAGCATATC,38,544262
araCp,2.15,61,19,TGGCTCCGCCCAGTCAGCTC,42,600605
araCp,3.6,90,19,TGCTTAAGGAATTGTAATGT,71,538020
araCp,4.05,99,19,TCTTGGAGTTCCCGCTGAAG,80,602998
araCp,12.15,261,19,TCTTCACGTCGTGGTGCAAC,242,528805
araCp,0.1,20,19,TCTGAATATCAACATACCGA,1,540588
araCp,2.5,68,19,TCGGTTCTGCACACTGAACA,49,596302
araCp,0.1,20,19,TCGATGCCGCCGTCGTGTGT,1,588513
araCp,0.15,21,19,TCGACTCCCCGGTTCGACAG,2,575627
araCp,0.1,20,19,TCGAACAGCGTTAGGATTTA,1,529245
araCp,0.9,36,19,TCCGATATGCTTTCAATGCA,17,528624
araCp,1.45,47,19,TCCATCGAAATAAATTTGAA,28,541258
araCp,6.25,143,19,TCCACTGCTTGCTAATAGGA,124,591309
araCp,2.65,71,19,TCACCCGGTCTGAGTAAGCA,52,529018
araCp,2.2,62,19,TATTCTTTGTGATGCACTTT,43,570947
araCp,0.1,20,19,TATAATACATGAGTGCGAGA,1,593781
araCp,2.6,70,19,TAGAAGGCGGTCTCCAAAAT,51,577025
araCp,2.7,72,19,TAAATGCGTCATGAGGGCGA,53,594760
araCp,2.35,65,19,GTTTAGGTTTGATTCGCTAT,46,545141
araCp,6.85,155,19,GTTGTGTCCTCCACGTCACG,136,577433
araCp,10.8,234,19,GTGCTCATGATTAGACCAAA,215,600438
araCp,3.0,78,19,GTGCTAAAGTTGTGCTACTT,59,600502
araCp,3.6,90,19,GTAATGCGTGGCTACGCACT,71,556636
araCp,3.1,80,19,GGTCGTTTCCAGGGGGATTA,61,539103
araCp,2.85,75,19,GGTCAACCTTGGCTTAAGTA,56,534152
araCp,0.1,20,19,GGGTGCACGTAAGCCTCGGA,1,586553
araCp,3.35,85,19,GGGCGTGACCAATATTTCTC,66,581062
araCp,0.1,20,19,GGGAAAATCTTAGCTCGGTT,1,582731
araCp,2.65,71,19,GGCTCCGCGTAAGATGCTAG,52,542113
araCp,2.25,63,19,GGCCAGGGTATGCCTTTTAA,44,537480
araCp,0.1,20,19,GGCATTGAAAACAGAGCATG,1,581049
araCp,6.4,146,19,GGAATTAGCTTCCAACGGCA,127,537414
araCp,2.85,75,19,GGAAGAATCTGTTACCGATG,56,575864
araCp,0.15,21,19,GCTCACCGGTCAACATATTG,2,576163
araCp,2.75,73,19,GCGGAACAGCCCTGTCCATT,54,577269
araCp,5.05,119,19,GCGCTTGGTTCCTGCCGAAT,100,553661
araCp,4.05,99,19,GCCCAGAAGCCACCTTAACA,80,584967
araCp,0.1,20,19,GCCAGGGTTGTTTCCAATTT,1,544942
araCp,6.3,144,19,GCACAATCAGGTGTAATGGG,125,539992
araCp,1.85,55,19,GATTTACCAATTACGTAATT,36,564343
araCp,0.1,20,19,GATCTATCTACTTCACACAA,1,573073
araCp,2.8,74,19,GAGGACAGGAGGTAACCGGT,55,540809
araCp,2.95,77,19,GAGCTTCGTGATACAGCCGT,58,544386
araCp,0.1,20,19,GACGAGATACCCCTTGGGCT,1,590446
araCp,3.5,88,19,GAATTTCCCAGGGCGCCTAT,69,588240
araCp,3.55,89,19,GAATGTTGTATCGATAGATA,70,560710
araCp,2.5,68,19,GAAGCTATTGATCCAAATTG,49,535144
araCp,2.9,76,19,CTGGCAGGAAGATAATAGAT,57,530793
araCp,6.1,140,19,CTGCACCGGAAGGTCTTCTC,121,586138
araCp,3.4,86,19,CTAGGTTTAATATGTTCTGC,67,550254
araCp,0.1,20,19,CGTTCTCATGGTTGATGCAT,1,603402
araCp,2.7,72,19,CGTGGACGGGTTAACTAGGT,53,559312
araCp,2.15,61,19,CGCGATCTCTTCTCCGAGGG,42,599175
araCp,2.45,67,19,CCTGTAACTCACCCAGGGCT,48,558806
araCp,2.65,71,19,CCGTAGACGCAGGTCTTTGG,52,555536
araCp,2.4,66,19,CCGCGTCGTATACAGCCCAT,47,533389
araCp,3.0,78,19,CCCGGGTGACCCCCGACTCG,59,599134
araCp,2.0,58,19,CCCGAAGGCTGTTCCCAAAA,39,592636
araCp,3.25,83,19,CCATTAGGATCGCGTCTGTA,64,526026
araCp,3.3,84,19,CCAGCTGCTTGCTCGCGTTT,65,551944
araCp,0.7,32,19,CATGTCTCGTTGAAGCCCCT,13,591946
araCp,2.65,71,19,CAGTACCGTCAAAACCATCC,52,552102
araCp,0.1,20,19,CAGTAAACTCAAGATCTCTA,1,535085
araCp,0.1,20,19,CAAGGAAACGCTCTAGGAGT,1,543042
araCp,3.5,88,19,ATTGTGTCCTCATTACAGGC,69,535254
araCp,3.4,86,19,ATGTTTACTTGACTTAAATG,67,529772
araCp,0.1,20,19,ATGGTGCGAGCGTTCTCGGA,1,552092
araCp,0.1,20,19,ATCTCGCCGGTCATGCGCGG,1,563482
araCp,2.3,64,19,ATCGTCGATAGCTCGGGACA,45,543906
araCp,2.95,77,19,ATCATCGGAACCTGACGTAG,58,552559
araCp,2.25,63,19,ATAGAGTCCCTTTACCTCAG,44,552532
araCp,2.25,63,19,AGTGTTCGCAGCGTCAGCCG,44,565066
araCp,2.75,73,19,AGTGGCAAGGTGCTTCACAG,54,573776
araCp,2.55,69,19,AGGTCCAGGCTACGGTGGCT,50,537704
araCp,1.8,54,19,AGGGCTACCAACATTTTTGA,35,598473
araCp,3.75,93,19,AGGAAGAACTGTTTGATGAG,74,560569
araCp,5.05,119,19,AGCTTGCGTCATCCTAAATG,100,541346
araCp,3.1,80,19,AGCTAGGTGAAATTTCCCTA,61,551527
araCp,3.0,78,19,AGCCGCGGGTGCTGTGCGTT,59,577256
araCp,3.55,89,19,AATAGGACCGTTTACGAGGT,70,538920
araCp,0.1,20,19,AAGTACTTTCCATTCGCCTG,1,578562
araCp,0.1,20,19,AAGCTCGAAGTGCTGGGAGA,1,531952
araCp,0.1,20,19,AAGCGCTATAGTAATGATTA,1,565930
araCp,1.85,55,19,AAGCATCGAAGTTACCTATC,36,545001
araCp,1.9,56,19,AACTGGATTAAGCGTATAAG,37,553574
araCp,0.1,20,19,AACGCGGTCGTTGTACAACA,1,527960
araCp,5.65,131,19,AACCAATAGACCTCCTCCGA,112,595444
araCp,2.6842105263157894,68,18,TTTCTCGAGGCTCGAGTGAT,50,565933
araCp,0.10526315789473684,19,18,TTTCATAGATCTAGAGGGCT,1,528164
araCp,2.9473684210526314,73,18,TTGCGGTGGCGCAGGTTAAG,55,570919
araCp,0.10526315789473684,19,18,TTCGGTCTCATGGACTAATT,1,573395
araCp,2.3684210526315788,62,18,TTCGCTCGCGGCGAGAGTTA,44,591865
araCp,20.210526315789473,401,18,TTCGCGCATCTGTTTCCATG,383,534666
araCp,6.842105263157895,147,18,TTATCCATCGACATCCACGC,129,544945
araCp,0.10526315789473684,19,18,TTAGGGCCTTTTCTGAATTG,1,581424
araCp,4.894736842105263,110,18,TTACTGATTAGAAGTGTTAT,92,564916
araCp,2.5789473684210527,66,18,TGTTAGTGATCGTCTAGGGG,48,585856
araCp,1.0,36,18,TGGCTGCCTCGTGTGACTCG,18,588826
araCp,2.789473684210526,70,18,TGGCCGTTTATGTACGACCT,52,552260
araCp,1.2105263157894737,40,18,TGGAGTGGAGTTCAAACTTA,22,585722
araCp,0.10526315789473684,19,18,TGCTGAGAAAAGTGGCGCGT,1,588392
araCp,0.10526315789473684,19,18,TGAGACTGGCCCTAGCAACA,1,567606
araCp,13.894736842105264,281,18,TGACCAGGAATGCTATACTC,263,531325
araCp,8.578947368421053,180,18,TCTTTGGGAAATGCCCCGGT,162,539140
araCp,1.4736842105263157,45,18,TCGTTAAGGGTACAGATGTA,27,528721
araCp,3.473684210526316,83,18,TCCATGTCTTCTGGTAACTT,65,572803
araCp,8.526315789473685,179,18,TCACTACCGCACCGTTGTGG,161,562638
araCp,0.10526315789473684,19,18,TATTGGTGAACGGTGCTCTG,1,565635
araCp,0.10526315789473684,19,18,TATTAGGGGATGCTCAGTCG,1,580690
araCp,4.7368421052631575,107,18,TATACATGAACCGCACGTTG,89,540017
araCp,0.10526315789473684,19,18,TACTTGATGTCAAAAACCTA,1,560840
araCp,0.10526315789473684,19,18,TACTATTCAAGGTCCTCGTC,1,584774
araCp,1.8421052631578947,52,18,GTTTTGGAGTCTGGCAGGCA,34,551318
araCp,3.8421052631578947,90,18,GTTAGGATGGGGCACGCAGA,72,602665
araCp,2.1052631578947367,57,18,GTCGCACTGTCTCCGCTAAG,39,537762
araCp,3.526315789473684,84,18,GTCAGCAGCGATGGTAGGCT,66,547387
araCp,2.6315789473684212,67,18,GTCACCTCTACTTTCACGAT,49,595762
araCp,2.6842105263157894,68,18,GTATCTGACTAATTTCTTGA,50,574079
araCp,0.10526315789473684,19,18,GGCGATCCCGCTACTGAACT,1,554174
araCp,2.6315789473684212,67,18,GGCAACCAAAGGCTGAATCC,49,530496
araCp,0.10526315789473684,19,18,GGAGTCCCTTACCAATTTGC,1,534386
araCp,0.10526315789473684,19,18,GGAAGCATGAACTCAATCGT,1,553238
araCp,2.526315789473684,65,18,GCCAGGGAGATTCTGCCATA,47,540868
araCp,2.3684210526315788,62,18,GCAGGCGACCACGGCGAAAG,44,583574
araCp,0.7368421052631579,31,18,GCAAAAACCAGGTCTTCCCT,13,591049
araCp,4.2105263157894735,97,18,GAGTCGCAGTTACACGGGGA,79,578648
araCp,3.526315789473684,84,18,GAGCCGTAACATTTGTGCGA,66,598472
araCp,6.684210526315789,144,18,GAATCTGTGGTGATCTTATT,126,603643
araCp,11.31578947368421,232,18,CTTGGGCGCAGTGGCCAATG,214,528789
araCp,3.1052631578947367,76,18,CTGTTCCGACTCCTGTGTAT,58,593914
araCp,3.3157894736842106,80,18,CTATCCTATAGGGTAGTGAA,62,573124
araCp,3.473684210526316,83,18,CTACAAAGTACGTTGGCTAT,65,541627
araCp,4.7894736842105265,108,18,CTAATTAGGGTATTGAAGTA,90,536433
araCp,0.10526315789473684,19,18,CTAAGCATTAGGGAACGCTA,1,579298
araCp,2.263157894736842,60,18,CGTCCGTCCTCACGCCGGCT,42,592930
araCp,2.3157894736842106,61,18,CGGTGACAGAGTTTTAATTC,43,531366
araCp,3.4210526315789473,82,18,CGGATACCACCCCCCTCATA,64,558802
araCp,3.263157894736842,79,18,CGGAATTTAAGGATTTGAAC,61,560579
araCp,3.4210526315789473,82,18,CGCCGTTGATTGCTAATTCC,64,566483
araCp,2.9473684210526314,73,18,CCCCCTCCCCACACCGCGTT,55,558765
araCp,0.10526315789473684,19,18,CCCCCCGCAGTAAATAAAAC,1,527016
araCp,0.10526315789473684,19,18,CCACCCTTTATACCAAACAT,1,541673
araCp,3.6315789473684212,86,18,ATTTCAACCTGCGAATTCAT,68,528570
araCp,1.368421052631579,43,18,ATGTGCAGATCAGGCGATAT,25,553234
araCp,2.8947368421052633,72,18,ATGTACGTCCTCCGAGCCAG,54,575740
araCp,5.842105263157895,128,18,ATGCCAACAGATTTTCTGCA,110,563325
araCp,3.1052631578947367,76,18,ATGCAGACAGCATATTTGGA,58,542557
araCp,2.8421052631578947,71,18,ATCGAGGACCGTAGTAGCGT,53,580314
araCp,1.736842105263158,50,18,ATCCCGAGGGGGTTGGTAAG,32,554023
araCp,1.894736842105263,53,18,ATAGGGACGGGAGCATGACC,35,593491
araCp,3.789473684210526,89,18,AGTTGAATGGTCTTAAACGT,71,536705
araCp,3.9473684210526314,92,18,AGTTAGGGATCTTTACTCTG,74,541782
araCp,0.10526315789473684,19,18,AGTCCTCGGCGAAAATGATT,1,559384
araCp,7.052631578947368,151,18,AGGACTCCACTCTGATGGTT,133,586149
araCp,0.10526315789473684,19,18,AGATAATCATGATCGCAATC,1,536835
araCp,4.947368421052632,111,18,AGAGCGGTTCGGGTTACAAG,93,572423
araCp,2.8947368421052633,72,18,ACTTGTTCTTTTGGTCCGGA,54,569224
araCp,0.10526315789473684,19,18,ACTTCAGGCTGCGCATTTGT,1,527291
araCp,2.6842105263157894,68,18,ACGCAAAACTTGGAGGGCTT,50,579135
araCp,4.684210526315789,106,18,ACCGACTTCGGGACGACAAT,88,560739
araCp,3.8947368421052633,91,18,ACAGGGAGTACGATTCTAGC,73,559066
araCp,0.10526315789473684,19,18,AATTTTCGTCTTAGATTTAT,1,540169
araCp,0.10526315789473684,19,18,AATGAGTATGCACAGGTGTA,1,575933
araCp,9.526315789473685,198,18,AATCCGATACAAAGAGGATT,180,539031
araCp,3.1578947368421053,77,18,AAGTCCCATGCCACATTATA,59,581762
araCp,3.3684210526315788,81,18,AAGGTCTAACGGTCCCTCTC,63,558627
araCp,2.8421052631578947,71,18,AACTCTACATGGTGGTGATC,53,560983
araCp,0.10526315789473684,19,18,AACGACAAGTATAGAAAACG,1,576617
araCp,1.631578947368421,48,18,AAACGCTGAATGGGCATTGG,30,586963
araCp,4.166666666666667,91,17,TTTACCCAAATAAGGATATG,74,596873
araCp,5.388888888888889,113,17,TTGTGGGGGAAATACTTAGC,96,558019
araCp,3.2777777777777777,75,17,TTGGATATATAACATTACCA,58,599754
araCp,3.6666666666666665,82,17,TTAACTCAGAGACGGAACGG,65,551520
araCp,3.888888888888889,86,17,TGTGGGGTCGGGCTAGCCTT,69,533613
araCp,0.1111111111111111,18,17,TGTATCGCTCGGTCTCGCCT,1,550618
araCp,0.1111111111111111,18,17,TGTACCGCATGGGACCTAGA,1,589752
araCp,3.1666666666666665,73,17,TGCGTAGCGGATTCTCGTGA,56,558425
araCp,0.1111111111111111,18,17,TGATCAAAGACAACGAGCGC,1,537501
araCp,3.7777777777777777,84,17,TCTTTAACTTTACGTCGTAG,67,574792
araCp,2.6666666666666665,64,17,TCTATGTCGCGTGTGCCCGA,47,584847
araCp,2.8333333333333335,67,17,TCGTAAATCGTTCGTGCCTC,50,565329
araCp,0.1111111111111111,18,17,TCGAACCTAATAATCGTTGA,1,530150
araCp,3.7777777777777777,84,17,TCAGGTTCGCCTTAACCCAT,67,583838
araCp,3.2222222222222223,74,17,TCACTGTGCTGAGGGATAGT,57,571445
araCp,10.944444444444445,213,17,TATGTCAGGACGGATTGGAA,196,587227
araCp,3.4444444444444446,78,17,TAGGCGGTCTTGGCCTGTGG,61,561494
araCp,0.1111111111111111,18,17,TAGGCCGCAACGGGTAAGTA,1,531748
araCp,0.1111111111111111,18,17,TAGACATCGAGTGCTTCACA,1,534831
araCp,3.7777777777777777,84,17,TACCCTGAGCGTTCGATTGT,67,563856
araCp,3.111111111111111,72,17,TACACGTGCAGTCATACAAG,55,532252
araCp,0.1111111111111111,18,17,TAATGCATCTCAATCGCCCG,1,532545
araCp,2.0,52,17,TAAGTGTTTGTCGAGCCCGG,35,595492
araCp,0.1111111111111111,18,17,GTTACGCATTGACCCAGAAC,1,526039
araCp,0.2222222222222222,20,17,GTGCTACATACCGGACTTGG,3,528709
araCp,6.833333333333333,139,17,GTGCGTTGGCATTTAAACAT,122,567548
araCp,1.5555555555555556,44,17,GTGCGGCGCACTTCGCTATT,27,525892
araCp,2.7222222222222223,65,17,GTGACAGCCGATCCGCCCGG,48,576863
araCp,0.1111111111111111,18,17,GTCTTAGAACTAAGGGGTTT,1,547007
araCp,6.722222222222222,137,17,GTCCCAGGCACTGCGGAGAC,120,599078
araCp,3.888888888888889,86,17,GGTTAGCTTGTCGAACGAAA,69,565743
araCp,3.8333333333333335,85,17,GGTATATATTTAGGGCGCTC,68,545089
araCp,10.666666666666666,208,17,GGATCGGTCGTGGGTCATAT,191,597245
araCp,3.0555555555555554,71,17,GGACGTTATGGTCCGAATCC,54,583156
araCp,2.6666666666666665,64,17,GGAAATGAAGCCTCATACGG,47,533442
araCp,2.6666666666666665,64,17,GCTATGCCTCTTGGTGTTTA,47,550009
araCp,0.1111111111111111,18,17,GCGTACATTGCGCAAAGTTA,1,563006
araCp,3.1666666666666665,73,17,GCGCGTACCGACGGTCTCTA,56,531286
araCp,26.444444444444443,492,17,GCGCGCCCGAAGCACAAGTC,475,602864
araCp,2.888888888888889,68,17,GCATCACCGGGAGCGAAGGT,51,565941
araCp,1.6666666666666667,46,17,GAGTCTTACCAATTTGCCGC,29,529677
araCp,4.5,97,17,GAGATTAGCCTACATGTTCT,80,571071
araCp,0.1111111111111111,18,17,GACGATTCTCACCAGTAGAC,1,562514
araCp,4.166666666666667,91,17,GACCGTAGAATTTACCCTTT,74,553863
araCp,2.7222222222222223,65,17,GAATTGCTATTCGCGCGTCC,48,542505
araCp,5.166666666666667,109,17,GAAAAGGTATGTTTGGAATG,92,546428
araCp,4.5,97,17,CTTAAATGCGACGGAAGGAG,80,546841
araCp,4.555555555555555,98,17,CTGTCCCCCGGTGCGTGTAC,81,556692
araCp,4.333333333333333,94,17,CTAACTTTGCTCCAAAACTC,77,584617
araCp,2.2222222222222223,56,17,CGGTTCGACATCGAATACCT,39,576191
araCp,2.7222222222222223,65,17,CGGCAACATGCGAAAGTTAC,48,531649
araCp,3.4444444444444446,78,17,CGCCTTGGCGATCTTTTGAT,61,536773
araCp,0.1111111111111111,18,17,CGCAGGGGATCAGGTTAGCG,1,542756
araCp,4.111111111111111,90,17,CGATTGGCTCACGTGTAAAT,73,555792
araCp,0.1111111111111111,18,17,CCTTACTAGTGCGACAACCA,1,545974
araCp,18.055555555555557,341,17,CCTGTCCCGCTCGTACGAGT,324,594830
araCp,2.9444444444444446,69,17,CCTATTAGCGCTTCGGTCGG,52,558434
araCp,3.0555555555555554,71,17,CCGTGATTCAGAGTTTTTAG,54,536206
araCp,0.1111111111111111,18,17,CCCGCCACGTGGGAACATTG,1,599005
araCp,2.8333333333333335,67,17,CCCACAATGGGAATCATACC,50,579208
araCp,2.7222222222222223,65,17,CCAAAAGCATCTTCAGTGTT,48,600923
araCp,2.5,61,17,CAGGCAGGTGGAGCAACTTT,44,554716
araCp,0.2222222222222222,20,17,CAGGATGCCCTACCACACGA,3,528375
araCp,0.1111111111111111,18,17,CACGGAGCATCTGTGAAGGC,1,548129
araCp,4.0,88,17,CACACATTTAGGGCTCTCTA,71,540798
araCp,4.333333333333333,94,17,CAAGGCGTTCCTGCAAAAGC,77,536096
araCp,7.444444444444445,150,17,CAAGCGGCAGTGGGCGATAG,133,528970
araCp,4.444444444444445,96,17,ATGATTCGTTAAGTCCGGCC,79,555996
araCp,0.1111111111111111,18,17,ATATCTGTCCTGCACTGCAT,1,558535
araCp,0.16666666666666666,19,17,ATATCCTAGGCGCAAGGTGA,2,541958
araCp,6.388888888888889,131,17,AGCGGCCTGGTGAGTTAAGT,114,530828
araCp,2.4444444444444446,60,17,AGCCGTACGTTATAAGTGCC,43,549282
araCp,0.1111111111111111,18,17,ACTGGCCATACGTGCGTGCG,1,550779
araCp,3.5555555555555554,80,17,ACTCGGGGTGTCAGCAGTGT,63,552035
araCp,0.1111111111111111,18,17,ACTCGAAAGTAAACAGGCGC,1,590286
araCp,3.0,70,17,ACGACGGTGCGCAATACTCG,53,565684
araCp,3.111111111111111,72,17,ACCCCAAAGGTATATGGACA,55,573123
araCp,0.1111111111111111,18,17,ACATGTATACGTCGCTGGAC,1,599714
araCp,0.1111111111111111,18,17,ACACTCACAGGAGGTTAAGA,1,544887
araCp,3.111111111111111,72,17,AATCGTTGGACGCATAAGGT,55,540940
araCp,2.1666666666666665,55,17,AAGGATAGTCCGACGCCTGC,38,598598
araCp,3.2222222222222223,74,17,AAGAGATAGCAGCGTTGGCT,57,566171
araCp,0.16666666666666666,19,17,AAGAACGAACGTACGACCGT,2,574330
araCp,3.5,79,17,AACATAACCTCTGTCTCGTC,62,550682
araCp,0.1111111111111111,18,17,AACAGCTATCGCGGACGTGG,1,597866
araCp,2.4444444444444446,60,17,AAATTGATCCTCGCCAGATG,43,592495
araCp,0.1111111111111111,18,17,AAAAACATATGTTCGTTCTC,1,576468
araCp,0.11764705882352941,17,16,TTTGGTGATCGATCGGTAAT,1,550028
araCp,3.8823529411764706,81,16,TTTGGTAGAATTTTAAGCTG,65,581263
araCp,3.764705882352941,79,16,TTTCCCATCGCCCGGGACCT,63,565753
araCp,3.176470588235294,69,16,TTGCTCGCTCGTCAATAGAT,53,560332
araCp,13.941176470588236,252,16,TTCGCGTTTCATTACTTGTT,236,546425
araCp,4.294117647058823,88,16,TTCCTCGTGGTCTACCCTAA,72,554940
araCp,3.0588235294117645,67,16,TTCCCACAGCGGGTTCCGCT,51,599884
araCp,3.823529411764706,80,16,TTCCAGCCTCTATACATGGC,64,563255
araCp,3.6470588235294117,77,16,TTCATATCAAAGCCTCTTAT,61,591692
araCp,4.294117647058823,88,16,TTACTCGCAAACTAATAAAG,72,598020
araCp,0.11764705882352941,17,16,TTAAAACTGTTGTGCCTCAT,1,540861
araCp,2.764705882352941,62,16,TGTCGCAATGGGCGATACTG,46,556209
araCp,3.4705882352941178,74,16,TGTAGCGTGGGTACAATTAC,58,543665
araCp,4.647058823529412,94,16,TGGAACAAACGAGATACCTG,78,548553
araCp,0.11764705882352941,17,16,TGCTTTTACCTAAAGACCAT,1,575977
araCp,0.11764705882352941,17,16,TGCCAGTAGACAGTAATTGC,1,571905
araCp,4.9411764705882355,99,16,TGCATAAATGGATCTTTGGA,83,595861
araCp,2.6470588235294117,60,16,TGCACTTGCACGATTGGGAA,44,597771
araCp,3.7058823529411766,78,16,TGAGCTTCTCACGGGCACAC,62,587334
araCp,17.0,304,16,TGAGACATCCCTTACATCAA,288,528927
araCp,7.176470588235294,137,16,TGAAACCGGACCCGTTTGGT,121,573114
araCp,3.5294117647058822,75,16,TCTGTGGTTAGTGCCTGATA,59,572705
araCp,4.352941176470588,89,16,TCTGTGATTACAATTGCCAT,73,583784
araCp,0.11764705882352941,17,16,TCTAACGCTGGTTGGTTCAG,1,527873
araCp,2.5294117647058822,58,16,TCGTGCTCGGCAGAAATTAC,42,572665
araCp,3.823529411764706,80,16,TCGTAGGGTGATGATGCTCT,64,537350
araCp,7.411764705882353,141,16,TCGGGGCAACTGGGATTGCG,125,534680
araCp,13.529411764705882,245,16,TCGGACGTACATACAATCGT,229,596557
araCp,0.11764705882352941,17,16,TCGCCACGCGGTTTGCTACT,1,550674
araCp,3.3529411764705883,72,16,TCGATTTCCATATGAACGCA,56,592448
araCp,3.3529411764705883,72,16,TCCTCTGCGAGTTCACCCTA,56,587551
araCp,0.11764705882352941,17,16,TCCCAGGTAGGCCCAGGCCC,1,580647
araCp,0.11764705882352941,17,16,TCCACCCGAGTTAGCTTCAG,1,574789
araCp,3.411764705882353,73,16,TCATTTAACTCCGTGCTGGT,57,560441
araCp,4.294117647058823,88,16,TCAGGAACTTCTTGAGTGCT,72,586800
araCp,6.764705882352941,130,16,TCACGACTCTTCGAGTATGT,114,582957
araCp,4.529411764705882,92,16,TCAATGAGAGTAAGGGAAGG,76,553127
araCp,3.411764705882353,73,16,TACGGAAGGGCAGAGATACA,57,560661
araCp,4.176470588235294,86,16,TACGCAGGGTTCCAAGAGTT,70,528298
araCp,3.7058823529411766,78,16,TAAAGAGCACCGCCAAGCAT,62,599349
araCp,3.6470588235294117,77,16,GTTAAGAGGTCGCAGAGTGC,61,533285
araCp,0.11764705882352941,17,16,GTGTGTAGGAGCTACGTGTA,1,593342
araCp,3.411764705882353,73,16,GTGGGGGGTTTACCGATACG,57,594902
araCp,6.470588235294118,125,16,GTGGCAACTCCAGGCTTGAA,109,584153
araCp,2.588235294117647,59,16,GTGCCCAAAAGAGCCTCTTA,43,595795
araCp,0.11764705882352941,17,16,GTCTGTCCTCTATTCTGATT,1,591640
araCp,0.11764705882352941,17,16,GTCTGTAGGTCCGCACTAAG,1,564716
araCp,0.11764705882352941,17,16,GTCATCCACACTCGTGAATA,1,537058
araCp,4.411764705882353,90,16,GTATTAGCATTTAATCGTTC,74,577275
araCp,0.11764705882352941,17,16,GGTTTGGCGCAGCTTTCAAT,1,585296
araCp,2.7058823529411766,61,16,GGTACCGGTTCGGTCCCCTG,45,600314
araCp,3.1176470588235294,68,16,GGGTCGGGGTGGCCGTGGTT,52,548508
araCp,7.176470588235294,137,16,GGGCACTTTACGAATCAAAT,121,539297
araCp,10.764705882352942,198,16,GGGAGCAGCGGTTTTGCTCC,182,553478
araCp,0.11764705882352941,17,16,GGCTTGATCTTCATAGGAAT,1,600356
araCp,4.294117647058823,88,16,GGCCGAGGAATGGATTCGGT,72,589101
araCp,2.823529411764706,63,16,GGCAACTCATGGGATCTGCA,47,575217
araCp,17.11764705882353,306,16,GGATGACCTGGTTTGCTGAT,290,553523
araCp,0.11764705882352941,17,16,GGATGACACATCGGCATCAT,1,591409
araCp,6.294117647058823,122,16,GGATCCATGTTACCGCTTTT,106,597464
araCp,0.11764705882352941,17,16,GGATACATTGTCCCAGACCT,1,590041
araCp,3.2941176470588234,71,16,GGACCCGCAAGCATCGGAAG,55,561548
araCp,3.1176470588235294,68,16,GCTCTCAGTATCTAGATCAC,52,535258
araCp,9.823529411764707,182,16,GCGGGGACGGGGAGCCCTAA,166,565946
araCp,2.176470588235294,52,16,GCGCGTAGGTGGCTTATGCG,36,603357
araCp,3.3529411764705883,72,16,GCGATTAGCTCTTTCTCTAG,56,527223
araCp,6.823529411764706,131,16,GCGAAACAATCTTAACCTGG,115,526497
araCp,4.0,83,16,GCCTTATTGACGCAGATCAT,67,550137
araCp,3.3529411764705883,72,16,GCCTATCATTAGCGGGATCA,56,549814
araCp,3.588235294117647,76,16,GCCCGCTTTCGTGGCACAGT,60,600271
araCp,2.1176470588235294,51,16,GCATACTCGATGCTAATTGT,35,570993
araCp,3.235294117647059,70,16,GATGTACGTCACGTTCGGTA,54,544794
araCp,3.235294117647059,70,16,GATGCGGGGTAGGATCTTGA,54,579112
araCp,2.588235294117647,59,16,GATGCACCAATGGTTTCGGG,43,586695
araCp,0.11764705882352941,17,16,GAGGTAGACTCCATTTGTAC,1,526420
araCp,0.11764705882352941,17,16,GAACGAGACTCACTGCTTAA,1,557562
araCp,5.411764705882353,107,16,GAAAGACCACCGCGTAGTCT,91,543067
araCp,2.823529411764706,63,16,CTTTTAGACATAGGATACAT,47,541795
araCp,0.11764705882352941,17,16,CTCCTAGGAATCGAAGAAGA,1,591099
araCp,3.4705882352941178,74,16,CTATTCGACACCAACGTGCT,58,539696
araCp,2.3529411764705883,55,16,CTATTCCCAGCGCTCGGTGG,39,572185
araCp,6.647058823529412,128,16,CTAATCATACCCTCATTCTG,112,581625
araCp,3.823529411764706,80,16,CTAACACAGACGTCAGAGTC,64,540187
araCp,2.8823529411764706,64,16,CGTTTTCCCCTTTGGAGCTA,48,577286
araCp,2.764705882352941,62,16,CGTGAGGAATCTAGGAGCTG,46,579884
araCp,3.9411764705882355,82,16,CGGATGATAACAAGAACTAA,66,589669
araCp,6.294117647058823,122,16,CGCTAGGTTCTACCAAAGGT,106,557032
araCp,3.411764705882353,73,16,CGATCCGTGCAAGTTCGTAC,57,529547
araCp,4.294117647058823,88,16,CGACTCTGTTACAACCCGAA,72,599764
araCp,0.11764705882352941,17,16,CGACGCCGGTTCGCGGTCCG,1,540859
araCp,0.11764705882352941,17,16,CGACCTGGAATCCATCGGCT,1,556064
araCp,3.0588235294117645,67,16,CGACACAGCAACTCCTTGAC,51,541579
araCp,3.1176470588235294,68,16,CCGCTATTTATGACAGTATA,52,531580
araCp,2.9411764705882355,65,16,CCCAAGGCACGCTTGGAGAA,49,537412
araCp,0.11764705882352941,17,16,CCATTTCTATGATGTTACGT,1,527221
araCp,2.764705882352941,62,16,CCAATCGTTAGGTAGCTCAC,46,544555
araCp,4.352941176470588,89,16,CCAATATTAGGCATGCATTT,73,563016
araCp,0.11764705882352941,17,16,CATGGGCGTATGGCGACTAT,1,540941
araCp,3.764705882352941,79,16,CAGATCATCCACATGCCATT,63,596330
araCp,2.6470588235294117,60,16,CAGACCTGTATAAACTCCTG,44,602648
araCp,11.058823529411764,203,16,CACGTACAAGGTATTTATAG,187,537715
araCp,4.470588235294118,91,16,CAACTCCATAGTGAAGGACT,75,549889
araCp,3.9411764705882355,82,16,CAAAATGGTAGATATGCACG,66,578221
araCp,2.1176470588235294,51,16,ATTTGTTCGGTCTAGAAGTC,35,578973
araCp,4.823529411764706,97,16,ATTTCGACCGCAAATAGCGA,81,562101
araCp,3.5294117647058822,75,16,ATTACGAGATAGCGCGGTGT,59,579905
araCp,0.11764705882352941,17,16,ATGTGCCTCAGCATCGACCA,1,557925
araCp,3.4705882352941178,74,16,ATGTGAGCTCCGAGTATCTA,58,601233
araCp,3.2941176470588234,71,16,ATGCTATCCTTACGCGTGAT,55,577622
araCp,0.17647058823529413,18,16,ATGCGCTTCGGTCCGCTAGT,2,566077
araCp,3.2941176470588234,71,16,ATGAGATTAACCGACACGGG,55,526555
araCp,4.352941176470588,89,16,ATAATTAAGTCGAGAACGCA,73,543860
araCp,1.411764705882353,39,16,AGGGTTGATCCATGAGCGCA,23,568338
araCp,4.470588235294118,91,16,AGGGCTTGACACCTCCTAGA,75,577697
araCp,6.529411764705882,126,16,AGGCCCCGTGGCTCCCTATT,110,537557
araCp,2.9411764705882355,65,16,AGGAGGCTAAACAATCGAGA,49,591508
araCp,3.1176470588235294,68,16,AGAGGCTTAACGCACGTCGC,52,553126
araCp,3.588235294117647,76,16,AGACAAAGATATCCGAACTG,60,552353
araCp,0.11764705882352941,17,16,ACTTCTCTAGCATTTTCTCT,1,540123
araCp,4.882352941176471,98,16,ACTATTCTGTCAGAGATTAA,82,588665
araCp,4.470588235294118,91,16,ACGCAAGCAGTTGTCTGAAC,75,581947
araCp,0.11764705882352941,17,16,ACCAACTAGCACTGGGGCCT,1,595283
araCp,3.6470588235294117,77,16,AATTCTGAGATAAAATTCAA,61,579968
araCp,5.764705882352941,113,16,AATCGAGGATTTGTAGCCAA,97,561542
araCp,4.705882352941177,95,16,AAGTCCTAAGGACCAGCAGA,79,570765
araCp,2.588235294117647,59,16,AACACTGGCTACTTGGCCGT,43,599579
araCp,3.5294117647058822,75,16,AAATAAAAGTAGATCCCGCA,59,583773
araCp,0.11764705882352941,17,16,AAACTTATGTATTCCTTGGG,1,580142
araCp,0.125,16,15,TTTGGCTCCTTACTGTCGGA,1,561183
araCp,3.875,76,15,TTGACAGGTGGCTAATTCGG,61,544627
araCp,4.4375,85,15,TTCTGTATTTTCTATACTAG,70,586930
araCp,2.875,60,15,TTATTAGCGCCATGAGTCAG,45,590729
araCp,0.125,16,15,TTAACCAGCCTAATCCGTAG,1,581734
araCp,0.1875,17,15,TGTATAGAACTCCCCTAATA,2,546189
araCp,3.25,66,15,TGGGAGCCGCATGAGCCTGA,51,549058
araCp,3.125,64,15,TGGACTATGGTTGTAAATAA,49,558382
araCp,9.25,162,15,TGCGGCAGGCTTCGTCTGTG,147,546465
araCp,3.875,76,15,TGCGCCGCCTTAGTCTATCA,61,570898
araCp,3.5625,71,15,TGAGGCTCCCCGGACGACCT,56,564624
araCp,5.75,106,15,TGAATACTCATATCCTGGGT,91,538344
araCp,3.3125,67,15,TCTAGAGCAAGATGTGGGAG,52,561914
araCp,6.375,116,15,TCCTTGGCAGTGGGGTAGGG,101,588827
araCp,4.375,84,15,TCCTCAACATGATGATTTAT,69,563757
araCp,5.875,108,15,TCACAAAGGATGTCCTATGG,93,600973
araCp,0.125,16,15,TCAATCTCCGCCGAACCGTG,1,577207
araCp,4.9375,93,15,TATAGGTATTGCTGTCTTTT,78,574686
araCp,3.4375,69,15,TACGAACGCCCCGATATAGG,54,536025
araCp,5.625,104,15,TACCGGCGCGAGGTGCGCTA,89,550785
araCp,9.8125,171,15,TACATATGAAGGACAGCAAA,156,530832
araCp,7.9375,141,15,GTTTACTCTCGATAACATTA,126,551254
araCp,2.5,54,15,GTTGGGTCTTCCCCTAGGCG,39,544484
araCp,5.5625,103,15,GTTCTGGAGCACCCCGACCA,88,562681
araCp,4.3125,83,15,GTGATATCGGTATGGCGGGG,68,531974
araCp,0.1875,17,15,GTCTTTGCCGCTGTAGGGTA,2,579107
araCp,3.4375,69,15,GTCTCTATGCTACGTTCATA,54,563480
araCp,4.1875,81,15,GTAATGGATGTAGGCATATA,66,565285
araCp,4.875,92,15,GTAAACAATGACCACAAATT,77,543256
araCp,5.0,94,15,GGTCTAGCATGGTTATTATC,79,579300
araCp,4.5625,87,15,GGTAGGTTAATTGGAACAAG,72,595477
araCp,4.25,82,15,GGAAGGCCGGAAACAGTAAC,67,598880
araCp,3.3125,67,15,GCGCGTTAGACGCATACGCA,52,548955
araCp,7.8125,139,15,GCGACATGCCTATGTATTTA,124,593078
araCp,2.375,52,15,GCAGTAGACGGAGGCACGGA,37,535778
araCp,2.875,60,15,GCAGGCACAGTGGGCGATCG,45,576931
araCp,1.375,36,15,GCACGATGTTGCACTCCCGT,21,575112
araCp,2.6875,57,15,GCAATGTAGTGAAGGTAGGT,42,530573
araCp,2.6875,57,15,GATTACGGCTGAAGAGTGTG,42,574976
araCp,4.4375,85,15,GAGATCTATCATACATGATT,70,585762
araCp,3.9375,77,15,GACCAGGTGCTTAAGGCCGG,62,581502
araCp,3.0625,63,15,GACAGGGGATAACGTTCAGA,48,597467
araCp,0.125,16,15,GAACCTCATCAAAGAACCTT,1,532296
araCp,5.75,106,15,GAAATCAACCAGGCCCCTTA,91,578114
araCp,8.625,152,15,CTTCAGTCAAATAAACTTAT,137,528488
araCp,7.4375,133,15,CTCTGGAGAAGGGGGTAATA,118,588972
araCp,4.0625,79,15,CTATGTTCTACAGTTGGACT,64,541777
araCp,4.75,90,15,CTATCCCTGAAAAATGCAGT,75,550639
araCp,0.125,16,15,CTAGGTAATTAGCCGGTTAT,1,535093
araCp,2.9375,61,15,CGTTCACAGTGTGAGCTTTA,46,599774
araCp,3.0,62,15,CGGGGCTGTATTCCTAAATC,47,587656
araCp,0.125,16,15,CGGGGATTGACCTACAGCTA,1,534262
araCp,3.5625,71,15,CGGGGAGAAAAGTGTAAACT,56,526854
araCp,4.0625,79,15,CGGGCTTGGGTACAGCTGCA,64,551865
araCp,9.625,168,15,CGGGAGTTATATGTCGAGTA,153,537774
araCp,4.0625,79,15,CGCTTGTCAAGGGAATGGTT,64,542907
araCp,3.125,64,15,CGCTGCCACGCGTTGGGAAG,49,536703
araCp,2.9375,61,15,CGCTAAAGTTGACGCTCAGA,46,603210
araCp,3.25,66,15,CGCCACGATTCGCACGAAGG,51,595004
araCp,13.5625,231,15,CGATGGGAAAGGGTAGTCAG,216,602851
araCp,7.75,138,15,CGAGCGCTATGAATTGCGTA,123,573316
araCp,0.125,16,15,CCTTGATTTAGTGTTTTCTA,1,561184
araCp,3.9375,77,15,CCTGTGCGCCGGCTATGCGT,62,534725
araCp,0.125,16,15,CCTGCTTTCAAAGCTGCACA,1,595331
araCp,3.875,76,15,CCGTTCTTTAGCTAAATGGC,61,534004
araCp,3.5625,71,15,CCGGGGCTTCGGGGAGTATC,56,541092
araCp,7.0625,127,15,CCGATCTTTGTACAGGCTGC,112,588493
araCp,3.4375,69,15,CCAGCACTAGGCACGTCAGG,54,556659
araCp,3.5625,71,15,CCACGCTGTTAGTGGGTCCA,56,541948
araCp,0.1875,17,15,CATTTTGCGGGGTCTAGACT,2,552957
araCp,4.125,80,15,CATCTCCATTCACGTCGAGG,65,577551
araCp,3.9375,77,15,CAGTGGTGTTAGCGGGGCAA,62,553788
araCp,0.125,16,15,CAGGGCGAACAATAAATGGA,1,587496
araCp,7.4375,133,15,CACAATGTTCAACGTCATTC,118,580047
araCp,2.875,60,15,CAACATTAGTACATTTGGAT,45,565993
araCp,12.5,214,15,ATTCCTGGGAGAGACTACGA,199,551321
araCp,5.25,98,15,ATTAACTGTCATTTGGTAGC,83,541050
araCp,0.25,18,15,ATGTCTCACGCACAAGGGGT,3,589926
araCp,0.125,16,15,ATGGTGCTCGGCATGAGCCA,1,576876
araCp,4.5,86,15,ATGGATCTTTATTAATGTCA,71,560717
araCp,3.4375,69,15,ATGCGGACAGTGAAGCAGCT,54,551924
araCp,4.0,78,15,ATGACCCTACTCGCATCACT,63,566902
araCp,4.875,92,15,ATCGAGATACTCGACAGAAA,77,559206
araCp,0.125,16,15,ATAAACCGATAGACGCGCAG,1,577125
araCp,0.125,16,15,AGTTGAGAATCGCTATGAAG,1,540340
araCp,4.4375,85,15,AGTCGTTCAGAAAAGTCGAG,70,576188
araCp,0.125,16,15,AGGCGAGTCAAGTCAGTCGT,1,533447
araCp,9.5625,167,15,AGGCCCAACGTGCCGAAGAT,152,561176
araCp,4.1875,81,15,AGGATACGCTGCGTTTGACG,66,576346
araCp,4.5625,87,15,AGGATAAATGAACGGTATGG,72,561275
araCp,3.625,72,15,AGGAGGCGACGTTAGGGCGG,57,554182
araCp,3.5625,71,15,AGCTCTACACCAAACGTGCA,56,535872
araCp,8.0625,143,15,AGCATCACAAACACGTTAGG,128,555378
araCp,6.3125,115,15,AGATCCTCAACGGGCAACCT,100,575369
araCp,9.375,164,15,AGAGTGGGGCATAAGAATCT,149,576344
araCp,3.6875,73,15,ACTCGGGCACAGAAACGCTG,58,585646
araCp,10.5625,183,15,ACTAGGGTGATTCTTCGACC,168,588806
araCp,1.625,40,15,ACATAATCCGGTCCCTGTGT,25,541338
araCp,2.4375,53,15,ACACGTGTTGATTTTAGCTC,38,543651
araCp,0.125,16,15,ACAACGATCGCCAGAGGCTG,1,591171
araCp,0.125,16,15,ACAACACTATAGAGCTTTCG,1,562047
araCp,8.875,156,15,AATTGAACCAAGATATGGTA,141,556661
araCp,0.125,16,15,AAGTTAAATCTTCTGTCCAT,1,576517
araCp,0.125,16,15,AAGGTAATCCCGGCTCTCGT,1,585555
araCp,5.125,96,15,AAGAGTGACAGTTAGGGTAC,81,558983
araCp,5.25,98,15,AAACGGCAACACCACTACTC,83,552858
araCp,3.125,64,15,AAACGCACGAGTTGCTAAAT,49,589069
araCp,4.733333333333333,84,14,TTTGCGACTCAGAGTCCGAA,70,546057
araCp,3.8,70,14,TTTCCCATGCTGGTCTGGAC,56,601582
araCp,3.2666666666666666,62,14,TTCGCCACGGTATGGAGCAT,48,571897
araCp,5.866666666666666,101,14,TTCGAGACTTACAGAGGCAG,87,602031
araCp,10.4,169,14,TTCCGCAGAAGGCTTCTCTG,155,568865
araCp,1.4666666666666666,35,14,TTATATGAGGGGTCTGGGTC,21,601979
araCp,4.533333333333333,81,14,TTAGTCAGTATGGAATATCT,67,534382
araCp,9.666666666666666,158,14,TTACCTCGTATAACGAGTTC,144,598261
araCp,5.933333333333334,102,14,TTAACTCCTCCATGGATTGG,88,529497
araCp,6.8,115,14,TGTCAAACTCGCTAAGGGCT,101,545816
araCp,10.133333333333333,165,14,TGTAGGAGTACGTTGCGGGT,151,534647
araCp,8.133333333333333,135,14,TGGCAACATCGTCTCCAGTG,121,585451
araCp,0.13333333333333333,15,14,TGCGTCATGCACGGCGAGCG,1,542222
araCp,1.6666666666666667,38,14,TGACGATAGCGAAAGGAAGA,24,566394
araCp,0.13333333333333333,15,14,TGAATAAACCAGTGTATGCT,1,550097
araCp,4.8,85,14,TCGCCCCAACCGAAAAACCT,71,533547
araCp,3.933333333333333,72,14,TCGAGCTGAAGGTGTCCGTA,58,582846
araCp,2.8,55,14,TCCGGGGTCCGCATCTCTCT,41,550347
araCp,3.4,64,14,TCCGAGGGTTAGGACGCTCA,50,542947
araCp,4.266666666666667,77,14,TCCCCACCTTGTGTCTATAT,63,542418
araCp,0.2,16,14,TCATACCGAGAACTGGAAGA,2,535576
araCp,3.6666666666666665,68,14,TCACCTACATAGCCACAAGA,54,552690
araCp,6.6,112,14,TATGATGTTATTGAGGCGGG,98,548164
araCp,4.866666666666666,86,14,TAGCGCCTAGCGTTGGATCA,72,563305
araCp,0.4,19,14,TAGCCCTGATGATCCTGATG,5,526853
araCp,7.4,124,14,TACTGTCAGCATTATGTTGT,110,587658
araCp,4.466666666666667,80,14,TACATTTTATTTCAACTCAT,66,600816
araCp,4.333333333333333,78,14,TACAGATCGTCAGTTGCGTC,64,603003
araCp,3.8666666666666667,71,14,TACACAAATCATAGATAATC,57,552300
araCp,7.333333333333333,123,14,GTTTGATTATGTCGTTACGC,109,531875
araCp,3.7333333333333334,69,14,GTTGGGCAACTAAGGGTTTA,55,581282
araCp,5.066666666666666,89,14,GTTCATGGGGGCTTCAAGTG,75,536099
araCp,3.533333333333333,66,14,GTGTCCGGGCTATGGTATAG,52,581576
araCp,0.13333333333333333,15,14,GTCTTGCAGAGAGAGAGTAC,1,549404
araCp,0.13333333333333333,15,14,GTCTTCGACACGCATTCTCC,1,533945
araCp,16.0,253,14,GTCGCTACAGTTGGCGGAGT,239,534674
araCp,4.133333333333334,75,14,GTCCTTAACACTAACGTCGT,61,538081
araCp,4.0,73,14,GTCAAGGCACGCCAACGGTT,59,529180
araCp,0.13333333333333333,15,14,GTCAAATGCTTCCATCAAGA,1,576710
araCp,0.4,19,14,GTACCATACATTTTCATCTA,5,527452
araCp,2.7333333333333334,54,14,GGTTTCGACGAGGGGGGAAA,40,551205
araCp,6.266666666666667,107,14,GGTCCCGATGTGTACAGGCT,93,548457
araCp,0.13333333333333333,15,14,GGGGGCTACTCCTCACAGTG,1,585985
araCp,2.8666666666666667,56,14,GGGACTGCGATATCAACTAT,42,555362
araCp,0.13333333333333333,15,14,GGGAAGTATGCAGCGTACCC,1,532119
araCp,3.6,67,14,GGAAGCTCCGTCGGGATGGG,53,600915
araCp,3.7333333333333334,69,14,GCGTATTGGTTCTTATACTT,55,569970
araCp,6.2,106,14,GCGCGAGAATCAGGGGGGAT,92,560516
araCp,0.13333333333333333,15,14,GCGCCCCGAGGACCCCGTGG,1,541370
araCp,2.6666666666666665,53,14,GCGAGTACCCGGCCGGAACG,39,530240
araCp,2.7333333333333334,54,14,GCCCGCGCTTTTCAGTGTTG,40,573833
araCp,3.466666666666667,65,14,GCATCTTAGATACTTAGCTA,51,589176
araCp,4.4,79,14,GCATCCCATGTGACGAGATA,65,555433
araCp,4.0,73,14,GAGACAGCGCTGTTAGGACA,59,553423
araCp,2.2,46,14,CTTTCCCGCCGCACTGGCTA,32,598689
araCp,0.13333333333333333,15,14,CTGGTGGAAAGGGAATACGC,1,583511
araCp,4.066666666666666,74,14,CTGAACGGTTCGGTAGAATG,60,588761
araCp,4.066666666666666,74,14,CTGAAAACAGAATGGTCCGG,60,558360
araCp,4.466666666666667,80,14,CTCTCTTTCTTGAACTTGCA,66,568842
araCp,3.2666666666666666,62,14,CTCGTTCAGCGAAGATTTAC,48,551589
araCp,4.0,73,14,CTCCTGAATCAATTGCCTTA,59,591638
araCp,3.7333333333333334,69,14,CTCAGTCAACAATAGTTAGA,55,547989
araCp,4.866666666666666,86,14,CTACCCCACGGTTTAGAGCA,72,586238
araCp,0.13333333333333333,15,14,CGTCTACGCGCAATCCTCAT,1,557339
araCp,4.666666666666667,83,14,CGTCCTACTTAGAAACATCT,69,543321
araCp,6.8,115,14,CGTCAGCGTACCTATCCTGG,101,573652
araCp,0.13333333333333333,15,14,CGGATTTTCTTCCCAATGAC,1,551534
araCp,0.2,16,14,CGGATATCCACGGCTTTGAG,2,529178
araCp,6.6,112,14,CGCGTTATGATCCCGCTTAT,98,564885
araCp,4.133333333333334,75,14,CGCGAGGAAGAAACAAATCC,61,576796
araCp,3.066666666666667,59,14,CGACCCCGGTGTACCCAAGA,45,555598
araCp,7.733333333333333,129,14,CGAAAGTTCGGCAGGGATGT,115,569542
araCp,3.2666666666666666,62,14,CCTGGGGTCACTGGGAAATA,48,562555
araCp,4.0,73,14,CCTCAAAACACCTGGGGTAT,59,558009
araCp,2.466666666666667,50,14,CCTACCGTCCCGGCCGCGAC,36,539719
araCp,0.13333333333333333,15,14,CCGGGTGATCGGCAAGTGGA,1,580632
araCp,0.13333333333333333,15,14,CCCGGTGTAAATGCACCCAG,1,526663
araCp,6.4,109,14,CCCATTCGGCAATTCCCTAC,95,532495
araCp,1.9333333333333333,42,14,CACTTCCTCCATGGTTTACG,28,577976
araCp,3.066666666666667,59,14,CACGCACGCGAGCTCAAAGA,45,566960
araCp,0.2,16,14,CACCTAAAAGTCATGGGAGG,2,557876
araCp,0.13333333333333333,15,14,CACCCGTACGAGCTGTTAAT,1,571625
araCp,4.666666666666667,83,14,CACATACAAAGTTTTCGCGC,69,578173
araCp,4.8,85,14,CAAACGACGGGGTTTGAAAT,71,552325
araCp,0.13333333333333333,15,14,ATTCTCAGTCTATCGACCAA,1,585205
araCp,8.266666666666667,137,14,ATGCGGTGTGAGTCTTGCGA,123,565286
araCp,0.13333333333333333,15,14,ATCCAACGGCCGGGTGTATA,1,574687
araCp,0.13333333333333333,15,14,ATATAGGCCCCGATTCATGA,1,562185
araCp,3.2666666666666666,62,14,AGTTACTGTGCCGTGATATT,48,577608
araCp,5.4,94,14,AGTCGTTCACCTAGTCTTAA,80,566498
araCp,0.13333333333333333,15,14,AGGTCGTGCCGTTTGTTCAG,1,543864
araCp,6.666666666666667,113,14,AGGCGCCAGGCAAATAAGTA,99,547300
araCp,0.13333333333333333,15,14,AGGCGACAATTCAGTAAAGC,1,589999
araCp,0.2,16,14,AGCGTAAGCGCATATAACTA,2,565110
araCp,4.466666666666667,80,14,AGCGCGCCTGAGTGCCCTTT,66,529039
araCp,4.466666666666667,80,14,AGACGTTCTGTTCCTATCCT,66,562174
araCp,3.933333333333333,72,14,ACTGTCACATACAGAAGCGG,58,600848
araCp,16.266666666666666,257,14,ACTGGGAAAGCCTCCAATCG,243,546422
araCp,4.266666666666667,77,14,ACTCCTCTGCTCCCGACGGT,63,527981
araCp,12.666666666666666,203,14,ACGGCACAAGAGGTTAGTAC,189,575177
araCp,5.333333333333333,93,14,ACGAACCATTCTTATGAGGA,79,599836
araCp,4.066666666666666,74,14,ACCGTCCTTGAACTTTGCAA,60,564012
araCp,3.2666666666666666,62,14,ACCGCGGGTGTGTCCTGCAA,48,573031
araCp,3.933333333333333,72,14,AATTTAGGTTCTTAGCTATA,58,575888
araCp,7.466666666666667,125,14,AATGTTTGTGTGTGCAACCT,111,552746
araCp,4.4,79,14,AAGGGCGTAGGGATTATTTA,65,534677
araCp,2.6666666666666665,53,14,AACTCTAAACGGCGCAACCT,39,556560
araCp,13.533333333333333,216,14,AACCTGCGGGGGCAGCTGAG,202,541525
araCp,0.13333333333333333,15,14,AACCGGCGGCCAGACTGGAA,1,537089
araCp,3.8,70,14,AACCGCCGCCACGATTCCTC,56,530242
araCp,4.0,73,14,AAATATCGCGGTTAGCGGCA,59,546426
araCp,0.13333333333333333,15,14,AAACGGGCAGGAGCTTATCT,1,594467
araCp,3.066666666666667,59,14,AAACCCTTATTTCACGGGGA,45,559666
araCp,4.0,68,13,TTTTCCTGCTCCGTACCAAC,55,584150
araCp,0.42857142857142855,18,13,TTTTCCACTTCGGCTAGTAT,5,533394
araCp,4.5,75,13,TTTCAATAGCCCACGAAATG,62,602170
araCp,2.642857142857143,49,13,TTTAATGCACTCGGGAAGCC,36,535312
araCp,4.571428571428571,76,13,TTGATATATTTTGAAGTTGG,63,596713
araCp,14.714285714285714,218,13,TTCCGTTTCGACTAAAACTT,205,565994
araCp,0.14285714285714285,14,13,TTCCGAGTCCCGCTGAGCGA,1,554569
araCp,3.7142857142857144,64,13,TTCCATGTCACCTGTATGTC,51,582217
araCp,3.357142857142857,59,13,TTATTGTAAGAAGGAGGCGA,46,550694
araCp,7.214285714285714,113,13,TTATTCTGCTCCTCGACGGT,100,570591
araCp,7.5,117,13,TTACCCTGAATGGAGCTCAG,104,567337
araCp,0.14285714285714285,14,13,TTAATCCGAACGATTACTAA,1,537794
araCp,0.14285714285714285,14,13,TTAATCCAGAGATCTGGGGT,1,580061
araCp,0.14285714285714285,14,13,TTAAGGCAAACACACAAAAT,1,532628
araCp,5.5,89,13,TGTGCAACTGCTCATGCTAT,76,584089
araCp,5.142857142857143,84,13,TGGTTGGGGTCCGGACCGCT,71,564062
araCp,12.428571428571429,186,13,TGGCCACGTCCTCATTGGTG,173,548654
araCp,15.928571428571429,235,13,TGGCAATGGCACGGGCTGTC,222,528796
araCp,3.7857142857142856,65,13,TGCGCAAGACCAACGCGCGA,52,537207
araCp,4.214285714285714,71,13,TGAGGAACCAGGTAACACGG,58,594429
araCp,16.142857142857142,238,13,TCTTCACCCCTCTGAGTAGC,225,542851
araCp,3.357142857142857,59,13,TCGTTCTCACAATAGCCTCA,46,588760
araCp,18.214285714285715,267,13,TCGTACAAGCATGCTGGGTT,254,594697
araCp,6.714285714285714,106,13,TCCTGGCAACTTGCTGCGCA,93,526029
araCp,3.5,61,13,TCCGCTAAGTGAGGGCACCC,48,559268
araCp,3.4285714285714284,60,13,TCCGCAGCGTAGACCTTAGT,47,566322
araCp,4.0,68,13,TCATCTCCTGTCACGGGGGA,55,560508
araCp,0.14285714285714285,14,13,TCAACACGTGGTCTATAAGG,1,551744
araCp,0.14285714285714285,14,13,TAACCTCCTCTTGGCGCGGA,1,593543
araCp,0.14285714285714285,14,13,TAAATATTACTTACAAGTGA,1,537343
araCp,7.785714285714286,121,13,GTTGACTCTCCGGTCTCTAG,108,526597
araCp,7.357142857142857,115,13,GTTATGCCCTGCCCAGTACG,102,537631
araCp,3.357142857142857,59,13,GTGGGGTCCATGCCGAGTGT,46,556720
araCp,5.214285714285714,85,13,GTGATCCATCTGATTCCATA,72,540536
araCp,2.7142857142857144,50,13,GTCGTTTGCGAGACGGGGCA,37,587109
araCp,0.14285714285714285,14,13,GTCACTCTGATTTTAGTCAT,1,564721
araCp,10.428571428571429,158,13,GTCAATGCACGAAGCACTCA,145,579116
araCp,3.5714285714285716,62,13,GTATTGTCACCATCTGACCG,49,598678
araCp,7.785714285714286,121,13,GTATTCATAAACTGCCACCA,108,531727
araCp,0.14285714285714285,14,13,GTATGTCTGAAGTTATGAGT,1,595844
araCp,4.714285714285714,78,13,GGTTCCGAGAAGCTTAGGAC,65,550841
araCp,4.5,75,13,GGTCGTTGGGAATCACTGTC,62,549798
araCp,3.642857142857143,63,13,GGTCGTTCTAACATTCGAGG,50,531381
araCp,4.928571428571429,81,13,GGGGAAGATAGGCACAGAAA,68,603000
araCp,3.5,61,13,GGGAGCTAAATCCTCGAGGC,48,556054
araCp,0.14285714285714285,14,13,GGGAAATGTGGCGAGCCTCT,1,543363
araCp,7.714285714285714,120,13,GGCCTGTGGATCGATTCGTA,107,592438
araCp,3.642857142857143,63,13,GGCCCTGCCTATGTCTGAAT,50,587976
araCp,3.642857142857143,63,13,GGATACCAGGGTTTGTTGAA,50,555143
araCp,0.14285714285714285,14,13,GCTCTGGGTTCGCGAAAAGT,1,565998
araCp,4.714285714285714,78,13,GCGGCATACCGAAAGGTCTT,65,563657
araCp,8.785714285714286,135,13,GCCCTATACTCAAAAGGTAT,122,551424
araCp,1.9285714285714286,39,13,GCCCCATTAATGCGCAAGCC,26,529421
araCp,0.14285714285714285,14,13,GCAGCCCACGACCTGCATTT,1,551124
araCp,0.14285714285714285,14,13,GCAGCACTTCTCAAGTCAAG,1,581020
araCp,3.9285714285714284,67,13,GATGTCTTGAGTGTTTGGTG,54,556274
araCp,0.14285714285714285,14,13,GATCCTTTGTCTATGGCTAG,1,577046
araCp,0.14285714285714285,14,13,GAGACGATAGCTAATAGCCT,1,573715
araCp,3.857142857142857,66,13,GACTTGCGGGGTAGGTCGGC,53,579175
araCp,21.357142857142858,311,13,GACTTGATAGCGGCACACCT,298,531343
araCp,5.214285714285714,85,13,GACCTTGCCTCATTACGCGT,72,527730
araCp,4.0,68,13,GAAGTATCTTGGCAGCACTA,55,576406
araCp,0.14285714285714285,14,13,CTTTTGGAAGATGTACGTGG,1,596872
araCp,2.7857142857142856,51,13,CTTTGTAAGTCAGAGGACAA,38,528376
araCp,0.14285714285714285,14,13,CTTTGCAATGGTCTCGCCCA,1,572537
araCp,4.071428571428571,69,13,CTTCCAGTCCATATTACTTG,56,551681
araCp,40.214285714285715,575,13,CTGGTGGGCCGACAAGCAAT,562,576381
araCp,0.14285714285714285,14,13,CTGGGCACATGTCGCCACAT,1,560911
araCp,6.0,96,13,CTGCGGCGAGGCAATTGAAA,83,584140
araCp,3.5714285714285716,62,13,CTCCGGACACGAGGGACGTA,49,579707
araCp,4.642857142857143,77,13,CTCATCGATGCGGGAATGCA,64,525753
araCp,0.14285714285714285,14,13,CTCATCGAAGGTCCGCGTTA,1,603612
araCp,7.714285714285714,120,13,CTATTCGGCGGGAAAATATA,107,574241
araCp,0.14285714285714285,14,13,CGTTCATAGACCGAGCTAGT,1,555377
araCp,0.21428571428571427,15,13,CGTGTCCCGCGTACAGGCGG,2,590720
araCp,0.42857142857142855,18,13,CGTGATCTCCTTGTAAATCG,5,537206
araCp,3.142857142857143,56,13,CGTATGGCACTGGCCAGTAG,43,586938
araCp,2.7857142857142856,51,13,CGGTCGGGGCCATCTGGGGT,38,527682
araCp,1.2857142857142858,30,13,CGGCTAGATCATTAGGAGAC,17,577870
araCp,3.5714285714285716,62,13,CGGCGAGGAGTTTTTTATAA,49,550652
araCp,4.357142857142857,73,13,CGGAGCCGAATAACGGGACA,60,534637
araCp,5.071428571428571,83,13,CGGAGATGATAATCCCTCTC,70,560236
araCp,3.142857142857143,56,13,CGCCTTTGGTCAGTTCCAAT,43,555150
araCp,0.14285714285714285,14,13,CGAATGGAGTTCGTGCGAGA,1,569652
araCp,1.5714285714285714,34,13,CCTAAAATCGGTCTCCCGCA,21,563475
araCp,4.071428571428571,69,13,CCGCAAGATCGGCCGACAAA,56,586962
araCp,0.14285714285714285,14,13,CCCCTAATGGGATATACCGC,1,530746
araCp,4.0,68,13,CCATCACCCAGATGCAACCC,55,567791
araCp,4.857142857142857,80,13,CATTGTGTACCGCTGCATTT,67,565815
araCp,4.214285714285714,71,13,CATTAAGCTTGAGCATTCTC,58,539112
araCp,5.357142857142857,87,13,CATAGGGCGGTCATATTAAA,74,595183
araCp,3.5,61,13,CACTCACGGTCATACGCCGT,48,548172
araCp,3.7857142857142856,65,13,CACCACGTTAGTATCATTAG,52,545601
araCp,0.14285714285714285,14,13,CACATGTGTGTTCCGCGTGA,1,577355
araCp,3.857142857142857,66,13,CAAGGTGTACGCAGGGGATT,53,554516
araCp,5.0,82,13,CAACGGCAACATGCTGAATA,69,535114
araCp,3.7142857142857144,64,13,ATTTCGAACTGAACAGCCGG,51,591521
araCp,5.0,82,13,ATTGAGCTTGAGGCTGGGCA,69,560587
araCp,4.214285714285714,71,13,ATTACGTTTAGGCTTTATTT,58,557509
araCp,0.14285714285714285,14,13,ATGTTTTCCGAGGGCTTCGT,1,574487
araCp,5.214285714285714,85,13,ATGTCAAAACTCTGCAATGG,72,537787
araCp,0.35714285714285715,17,13,ATGCCTTAAATATCAAGGTA,4,572115
araCp,13.928571428571429,207,13,ATCTAATTAACTAACGTCCC,194,551750
araCp,6.214285714285714,99,13,ATATAGATACAACATGTGCT,86,562452
araCp,0.14285714285714285,14,13,ATAGGTTCTATCCTGGTGCT,1,552931
araCp,5.142857142857143,84,13,ATAGCTTCATTCGGGACCAT,71,534681
araCp,4.071428571428571,69,13,ATACCAATCCGATCACGAGC,56,593832
araCp,4.5,75,13,ATAAAATGGCTGCATTTAAG,62,566260
araCp,0.14285714285714285,14,13,AGTTGTACTACCCAAGAAGC,1,584441
araCp,5.214285714285714,85,13,AGTGCATTCTGCCAGAGGTT,72,574289
araCp,4.857142857142857,80,13,AGGCTGCGGACGTCACACGT,67,532288
araCp,0.14285714285714285,14,13,AGGCATGATATCGTAACCAA,1,535092
araCp,5.928571428571429,95,13,AGGATTGAGGGATCAGATGA,82,547859
araCp,4.214285714285714,71,13,AGGACCGGCATTATGGGCGT,58,574594
araCp,5.071428571428571,83,13,AGCTTCCCACAATGCGTGTA,70,575742
araCp,13.642857142857142,203,13,AGCTCAACAGTCTTAAGGGT,190,528792
araCp,4.928571428571429,81,13,AGCCCCGACCACAGCGATGT,68,530640
araCp,5.0,82,13,AGACTCTGTTGAAGCAACTA,69,548775
araCp,4.071428571428571,69,13,ACTCTCAGTACAAAATGACT,56,529454
araCp,0.14285714285714285,14,13,ACTCGGACCCTATACAATAC,1,529500
araCp,3.857142857142857,66,13,ACTCCAAAGCCAATCGTGAA,53,557286
araCp,5.714285714285714,92,13,ACTATGGTCTTTAAAAGAAG,79,555259
araCp,0.14285714285714285,14,13,ACGACTGCGGAGGATCGGGT,1,554881
araCp,3.2857142857142856,58,13,ACCTAGACATTTCGGTGAAG,45,582660
araCp,3.857142857142857,66,13,ACATCTGCATATGTGCTCCT,53,553298
araCp,0.14285714285714285,14,13,AATTGGGATATTCTCAGGAA,1,597622
araCp,4.428571428571429,74,13,AATTGAAGTTAGAAAAAGTT,61,572008
araCp,6.214285714285714,99,13,AATTCGCCTACTCTCCTTTC,86,529371
araCp,1.7857142857142858,37,13,AATGCCATAGGCCTCGCTGT,24,598585
araCp,4.285714285714286,72,13,AAGTTCTCCGAAGACAAGAC,59,543902
araCp,0.14285714285714285,14,13,AAGGTCAAGCCAGACTGGTC,1,566363
araCp,0.14285714285714285,14,13,AAGGCAAGGCTTGGAATTTC,1,598469
araCp,0.14285714285714285,14,13,AAGCGGTGTGTGGGCATCGA,1,527887
araCp,5.857142857142857,94,13,AAGAGGCTGATTACGAGATA,81,586786
araCp,5.214285714285714,85,13,AAGAATAAACAAATCATGCG,72,558380
araCp,4.071428571428571,69,13,AACACGAGCAGATGTGAATC,56,570643
araCp,4.0,68,13,AAAAATTGGCTAACGTATAG,55,551667
araCp,1.7692307692307692,34,12,TTTTCTGAGGTGTTCCCATT,22,527107
araCp,4.3076923076923075,67,12,TTTGGCCAAAACGGGGAACC,55,561731
araCp,10.384615384615385,146,12,TTTCCCTCACCTATAATTGC,134,579117
araCp,0.15384615384615385,13,12,TTGTTTCCTAATTATTGGAG,1,549198
araCp,10.153846153846153,143,12,TTGTTCCCAAAAAATTGTAT,131,549234
araCp,5.3076923076923075,80,12,TTGACAGTGCTACCTTCTCC,68,544727
araCp,0.15384615384615385,13,12,TTCTAGGTAACAGCGGTACA,1,538033
araCp,8.538461538461538,122,12,TTCCGCCCTCAGGCCTTGGA,110,529622
araCp,5.384615384615385,81,12,TTCCACATCTTTCCAGTTAT,69,549321
araCp,8.692307692307692,124,12,TTCAGGCTCGAGTAGGGGTT,112,603140
araCp,9.0,128,12,TTAAGTTCTTTTTAGTTTGG,116,551352
araCp,3.1538461538461537,52,12,TGTTGTACGGTCACCGCATG,40,532294
araCp,0.15384615384615385,13,12,TGTGCTAGAGGTCTCTGTTA,1,555491
araCp,0.15384615384615385,13,12,TGGTTATCATAAAGTGGGCG,1,600031
araCp,0.15384615384615385,13,12,TGCGTATGCAGAAGAATCGA,1,553250
araCp,0.5384615384615384,18,12,TCTGCGGTGCTTGCTATGAC,6,582792
araCp,0.15384615384615385,13,12,TCGTCTTCCCTTCCTCTTAA,1,526770
araCp,0.15384615384615385,13,12,TCGCGCTACGTGCAGTCTAG,1,549681
araCp,8.307692307692308,119,12,TCCGTTCGAGGGTGTACAAC,107,550511
araCp,2.3076923076923075,41,12,TCCGGTTGTTGAGTTGCCTG,29,560671
araCp,10.615384615384615,149,12,TCCGAATCAAAGATTAGTTG,137,546130
araCp,0.15384615384615385,13,12,TCATCGTCGATAGGTATTTG,1,561842
araCp,5.538461538461538,83,12,TCAGTAAGCTCGTTTCGCAT,71,563761
araCp,1.7692307692307692,34,12,TATGGGTTTTGTGAGGCATA,22,537510
araCp,8.615384615384615,123,12,TAGGCTCCGGTGGCCCCAAG,111,550340
araCp,0.3076923076923077,15,12,TAGGAATTGGGCGCGCGGAA,3,588062
araCp,6.153846153846154,91,12,TAGATGTCCTTATTAATTGT,79,593647
araCp,4.3076923076923075,67,12,TACAGGCCCAGAGGTAGGTT,55,567609
araCp,29.53846153846154,395,12,TAAGGCCCCACCGAGGCGTA,383,534675
araCp,4.846153846153846,74,12,TAACCAACTCGGATGTCGAA,62,553235
araCp,4.846153846153846,74,12,TAACAGGTGCGGCCGCTCGC,62,534667
araCp,4.846153846153846,74,12,GTTTATGCTCACGGTTCTGA,62,593726
araCp,3.923076923076923,62,12,GTTCGCCCCATTTGCAAACA,50,554555
araCp,4.3076923076923075,67,12,GTTATACTTCTGCGAACTTT,55,571383
araCp,14.23076923076923,196,12,GTGTGGTGCCCAATGGATGA,184,535883
araCp,0.15384615384615385,13,12,GTGCGTTTGTCCAAGCGGAT,1,571366
araCp,1.6153846153846154,32,12,GTGATAGACCCCACAACCTA,20,584137
araCp,4.384615384615385,68,12,GTCCGCCAAGGGCCACTTGA,56,536975
araCp,4.3076923076923075,67,12,GTATTGCGTGGACCTGTGAT,55,541124
araCp,0.15384615384615385,13,12,GGTTGCATAAGCTGGTTTAT,1,548346
araCp,0.15384615384615385,13,12,GGTTAAATGGGGGATATTCA,1,556525
araCp,4.538461538461538,70,12,GGTCCTATCCCTGTATCCCA,58,563943
araCp,4.538461538461538,70,12,GGTCACAGGTGGGAAGCCTA,58,594487
araCp,0.15384615384615385,13,12,GGGTATTGCTGAACCTTCAA,1,572292
araCp,4.769230769230769,73,12,GGGGTGTTGTTACTGTTAAT,61,588159
araCp,4.769230769230769,73,12,GGCGACAATGGGGTAGCAAG,61,551319
araCp,7.923076923076923,114,12,GGCACTTTAATCCGGTTATT,102,536677
araCp,0.15384615384615385,13,12,GGACCATAATCCGGTGAATA,1,597790
araCp,2.769230769230769,47,12,GCTTGTTCCCCACAGCGTAT,35,552780
araCp,1.6923076923076923,33,12,GCTCTTAATCATCGAGGAGA,21,597401
araCp,5.0,76,12,GCGATACGTATTAAGTTCAA,64,576074
araCp,7.461538461538462,108,12,GCCTCACTAGTCGGAGATTC,96,593802
araCp,5.6923076923076925,85,12,GCCGAACTCATCTGATAGTC,73,526444
araCp,3.230769230769231,53,12,GCCCTTATACTACTTTTAGC,41,528188
araCp,4.3076923076923075,67,12,GCCATTTCCGATCCCCGCCT,55,548796
araCp,5.3076923076923075,80,12,GCAGAGAGCCCCGTTAGAAT,68,545147
araCp,5.0,76,12,GCAATCGGACGATAATCCAT,64,577934
araCp,6.923076923076923,101,12,GCAACTCTATTTGAAGAAAT,89,599299
araCp,0.23076923076923078,14,12,GATTTCTTACAGGCTGTTAG,2,602917
araCp,0.15384615384615385,13,12,GATTAATGCCGACCCCGTAA,1,571620
araCp,5.153846153846154,78,12,GATGGCTCTGCCTGGCAGCG,66,581664
araCp,0.15384615384615385,13,12,GATGCATATGATGCTTTCAT,1,555092
araCp,0.15384615384615385,13,12,GATGATCCGCACAGAGGTTA,1,590839
araCp,14.461538461538462,199,12,GATAGGGTTTTGTAAAATCT,187,527308
araCp,0.15384615384615385,13,12,GAGTTGCTCGGCAAAGCCGT,1,558299
araCp,3.0,50,12,GACTACGCCTGGTGCGGCGT,38,550440
araCp,6.846153846153846,100,12,GACGTGTGCTATAATAAAGA,88,551153
araCp,5.923076923076923,88,12,GACCATACGCAGATAGACTA,76,537092
araCp,0.15384615384615385,13,12,GAAGGCTTCAACGCTGGGTC,1,573725
araCp,6.384615384615385,94,12,GAACTCCGGACATAGTTTAG,82,556113
araCp,0.15384615384615385,13,12,GAACCTAGGGGTTCTAGTCT,1,552878
araCp,9.0,128,12,CTTGTACATCGAAACGAAAC,116,574790
araCp,4.461538461538462,69,12,CTTCGGGTGTGATTCCACCA,57,594894
araCp,4.846153846153846,74,12,CTGTCAACGTGTGGTAATGC,62,555031
araCp,0.15384615384615385,13,12,CTCTGGAGGAGCGTGCGTCA,1,568645
araCp,3.6923076923076925,59,12,CTCGCCTGGCGGTCTATATT,47,571635
araCp,5.846153846153846,87,12,CTCCGTGTACTTGGGAACAG,75,543812
araCp,3.4615384615384617,56,12,CTCACGGAGTACTGCAGCAT,44,579931
araCp,0.15384615384615385,13,12,CTACAGAGGGAAGTCTCTAA,1,539795
araCp,4.615384615384615,71,12,CTAATATTGAAACTCTTAAA,59,588537
araCp,3.5384615384615383,57,12,CTAAGGTCCCAACTTCGTGC,45,549929
araCp,0.15384615384615385,13,12,CGTTTCGGGGGTACCCGCTA,1,534528
araCp,2.1538461538461537,39,12,CGTTATGCTGCACGCCTGAG,27,578602
araCp,3.1538461538461537,52,12,CGTCCCACAGCCCGATGCTG,40,585829
araCp,0.15384615384615385,13,12,CGGTACCCCGAGGAGTAAAG,1,566816
araCp,3.5384615384615383,57,12,CGGGCTCTGAAAACAGCTCG,45,603025
araCp,4.0,63,12,CGGCTCTAGTAGAGGCAGCG,51,539836
araCp,4.615384615384615,71,12,CGCTCACCGGAGTTTCAAGA,59,554512
araCp,4.846153846153846,74,12,CGCGTAGGACTCAACGATAA,62,590064
araCp,2.6153846153846154,45,12,CGCCGGCATAAGGTATCGGG,33,553129
araCp,0.15384615384615385,13,12,CGCAATTGTACCTCCAAGCA,1,573785
araCp,4.384615384615385,68,12,CGAGGGGCTTCGAAAGATTG,56,548351
araCp,4.0,63,12,CGAAAACTGAACATGACAAA,51,587778
araCp,0.15384615384615385,13,12,CCTGGTCTCGCTATGCAAGG,1,592260
araCp,6.230769230769231,92,12,CCTGATTGGGAAGGAACCTA,80,552239
araCp,0.15384615384615385,13,12,CCTCACCCAGGGCAATTACT,1,596306
araCp,3.923076923076923,62,12,CCGAGCTTATTTTCCAACCG,50,594449
araCp,3.230769230769231,53,12,CCCAAAATGGAGCTTGACTA,41,543764
araCp,5.615384615384615,84,12,CCAGTATGGGATCTGCTACA,72,559995
araCp,13.692307692307692,189,12,CCAGATTCAGGTGTAGTCAA,177,535891
araCp,3.230769230769231,53,12,CATTGAGCCGAGCTGTCCTA,41,576878
araCp,9.692307692307692,137,12,CATGTTGCAAGAGGACTTGT,125,561302
araCp,0.15384615384615385,13,12,CATCATATTGGATGCCTACC,1,579172
araCp,0.15384615384615385,13,12,CAGTTTTCACTCCACAGGGG,1,596712
araCp,11.76923076923077,164,12,CAGTGTTCGTCCAGGTCGTA,152,532685
araCp,4.923076923076923,75,12,CAGCGCTGAATAGACCCCTT,63,572542
araCp,3.8461538461538463,61,12,CAGCCATCCATGCTGACTGT,49,585144
araCp,9.153846153846153,130,12,CAGCACATATCCGTGCACGG,118,555703
araCp,0.15384615384615385,13,12,CAGAGTACGTCGGCTGCCAT,1,600464
araCp,4.153846153846154,65,12,CACTTAGCGAACAGCCACGG,53,595356
araCp,4.769230769230769,73,12,CACTTACGCTGCATTACTGA,61,551484
araCp,8.923076923076923,127,12,CACTCCGGGGCAGTACGCTT,115,527446
araCp,3.3846153846153846,55,12,CACGTCTAGTAGCATAAGCG,43,596396
araCp,4.538461538461538,70,12,CACGCACCGCTTAGAGGGCT,58,597730
araCp,5.153846153846154,78,12,CAATGTGAGGTGATAAACAC,66,561806
araCp,8.923076923076923,127,12,CAAGTTCTGCCGGAAATGCG,115,597768
araCp,4.0,63,12,CAACGTGCGAAGTGCGACCA,51,593732
araCp,13.923076923076923,192,12,ATGTGCCCATGGGTCTAGAG,180,575301
araCp,5.153846153846154,78,12,ATGCCTAAACAGACTCCGTC,66,534460
araCp,0.15384615384615385,13,12,ATGCAGGATACGCGACCAAT,1,565982
araCp,6.923076923076923,101,12,ATGATGAGTACGTTGATTGT,89,586733
araCp,1.4615384615384615,30,12,ATGACCCCCGTCGCCCAGCC,18,559108
araCp,8.23076923076923,118,12,ATCTGCAAGCCTAGAGTTGA,106,537263
araCp,0.15384615384615385,13,12,ATCGCATGGTGTGATTGACT,1,534781
araCp,5.384615384615385,81,12,ATCCGCGACAAAACAGGGTC,69,556307
araCp,7.769230769230769,112,12,ATCAGTTTGTGCTAAACTCT,100,581771
araCp,4.3076923076923075,67,12,ATCACCGGGTGACGTTCCTT,55,572538
araCp,16.692307692307693,228,12,ATATAAACGCGTTCTATAAG,216,576906
araCp,4.076923076923077,64,12,ATAGTCCCGATTGGAGTGGT,52,529774
araCp,5.769230769230769,86,12,ATACAGATCAACGGATTTTG,74,595969
araCp,5.6923076923076925,85,12,AGGTTGTGAAAGTTTTGAGC,73,536841
araCp,4.769230769230769,73,12,AGGGCCTTAGCCTTCCGTGT,61,576082
araCp,10.153846153846153,143,12,AGGAGTGACTATCGCTTGCA,131,527974
araCp,1.5384615384615385,31,12,AGGAGCCACCGAGTTAAGGC,19,559997
araCp,5.153846153846154,78,12,AGGACACAGTTGGGGGATCT,66,591504
araCp,5.846153846153846,87,12,AGCTATGAAAAACATAGGTC,75,552466
araCp,0.15384615384615385,13,12,AGCGAACCACAAGGATACCT,1,575981
araCp,9.692307692307692,137,12,AGAGGTCTACCTGCCCTGTA,125,589748
araCp,0.15384615384615385,13,12,AGACTTCCCGCCATGGCGAA,1,573871
araCp,11.846153846153847,165,12,AGAATAAGTCATCTAGACCT,153,601022
araCp,0.15384615384615385,13,12,AGAACGCGGAGCGCCACCGT,1,590256
araCp,0.15384615384615385,13,12,ACTTTGCTTGTGCACCGACA,1,556034
araCp,3.3846153846153846,55,12,ACTCGACCCGCCCAGAGTAG,43,568999
araCp,6.461538461538462,95,12,ACGCACAACTGCGTACGAAT,83,569922
araCp,0.15384615384615385,13,12,ACACCTGACCCTTCCTTACA,1,544956
araCp,4.3076923076923075,67,12,ACACCGCGCATGGCTAGCCT,55,531086
araCp,5.0,76,12,AATTAACCGCCAGGGATAAG,64,588082
araCp,4.230769230769231,66,12,AATGGACCCCGAAAAGATAA,54,595440
araCp,3.923076923076923,62,12,AAGTGGCCATAAATTACACT,50,579912
araCp,15.615384615384615,214,12,AACTCCTAGCGAGATATCCT,202,602619
araCp,0.15384615384615385,13,12,AAACTGGCACTATCTTATCG,1,565942
araCp,5.538461538461538,83,12,AAACTCGTATCTTATAATCA,71,553097
araCp,2.8461538461538463,48,12,AAAATCCCACGCGAGCCAAC,36,585763
araCp,3.8333333333333335,56,11,TTTTTCTGGTCCAGGTCCCA,45,531947
araCp,6.166666666666667,84,11,TTGTGCCTATATAGCTTACT,73,562784
araCp,5.583333333333333,77,11,TTGCTGGGGTTATGGATTCT,66,547170
araCp,4.5,64,11,TTGATTGATTTGATTTACGT,53,586569
araCp,5.583333333333333,77,11,TTGACGGACAAGCCTAAATT,66,598901
araCp,0.16666666666666666,12,11,TGTGTTCATGAGAACTGTCG,1,576754
araCp,0.16666666666666666,12,11,TGTAGTGTGGCGGCCTCCGG,1,538019
araCp,4.416666666666667,63,11,TGGCGATACTATCTGGCTGC,52,557473
araCp,0.16666666666666666,12,11,TGGATCTGGTTAAACGCTCA,1,589290
araCp,5.083333333333333,71,11,TGCTCACAGGAAGAATCGAG,60,564818
araCp,0.25,13,11,TGCCGAGCTTTAAGGTTTCA,2,530048
araCp,5.833333333333333,80,11,TGCAAAGTTTGCACTTCAGA,69,530049
araCp,0.16666666666666666,12,11,TGACGTGTCGGGCCGGGGGT,1,560335
araCp,4.833333333333333,68,11,TGAATCGATGTTAGAATTGT,57,579867
araCp,0.16666666666666666,12,11,TCTTATGGCAGCATAGGCGA,1,537776
araCp,5.583333333333333,77,11,TCTATTCCTTTGTTCACGTG,66,597390
araCp,4.833333333333333,68,11,TCGGCGACCGCATCGTTTAA,57,555633
araCp,0.75,19,11,TCGGAGAGAATATCAGACCA,8,583494
araCp,3.6666666666666665,54,11,TCGCGCTGGGCCACTTAGAC,43,562069
araCp,1.1666666666666667,24,11,TCGATTTTTGACTTCATCCT,13,598924
araCp,5.416666666666667,75,11,TCGACCTTGTGCAAGTGTTA,64,580376
araCp,9.916666666666666,129,11,TCCGTGATCCTGGACAATCA,118,597008
araCp,4.5,64,11,TCCCGTAGGGTCGATGAATC,53,565424
araCp,4.75,67,11,TCATTCGCAAGCCGCGTCCA,56,535034
araCp,6.916666666666667,93,11,TATCCGATGGAAATTGTCGT,82,526277
araCp,5.666666666666667,78,11,TATCCAAACATTTCAGAATA,67,560857
araCp,7.166666666666667,96,11,TAGGCATGTATGACATTAGT,85,555038
araCp,6.166666666666667,84,11,TAGCTGGCTGAGCCCAATTA,73,525830
araCp,4.083333333333333,59,11,TAGCGGTCACCGCCCGTAAT,48,595791
araCp,0.16666666666666666,12,11,TAGACGGCGGCTTCGAACTG,1,581117
araCp,1.9166666666666667,33,11,TACTGGCACTTATCCAAGCT,22,593651
araCp,11.083333333333334,143,11,TACGCACGAGAGTAACGTCA,132,600514
araCp,13.416666666666666,171,11,TAATGAGGTCCGTACTACAT,160,579119
araCp,14.333333333333334,182,11,GTTTCTTCTAAATCCCAGAA,171,566594
araCp,0.16666666666666666,12,11,GTTGTACTCACCCCTACAAT,1,539303
araCp,0.16666666666666666,12,11,GTTAAGTGCGCTGTGCACTT,1,563123
araCp,5.583333333333333,77,11,GTGCGTACCATTTCAATTCT,66,596488
araCp,0.16666666666666666,12,11,GTGCCACGACCGAAATGCCC,1,586262
araCp,0.16666666666666666,12,11,GTGCAATGTGTAAGCCCGAA,1,555347
araCp,8.166666666666666,108,11,GTCCCGATACGGCAGGCCAA,97,582545
araCp,0.16666666666666666,12,11,GTCCCCCGAAATATTGTCCC,1,533012
araCp,0.16666666666666666,12,11,GTCAAAGCGGCAGCACAGGG,1,559989
araCp,0.16666666666666666,12,11,GTATTGGCGGAGCGGTGCTT,1,571618
araCp,5.25,73,11,GTACATACCCTGAAGAAGTG,62,583497
araCp,3.4166666666666665,51,11,GGTACGTGCAGGCGTAAAGT,40,577524
araCp,4.166666666666667,60,11,GGGTATGAATAAAGGGCGTC,49,546970
araCp,0.16666666666666666,12,11,GGGTAGTTGTCAAAATTTTA,1,535618
araCp,13.666666666666666,174,11,GGCCCTGTATTATTGGTTAG,163,556657
araCp,0.16666666666666666,12,11,GGCAGCGACAAGTGACAGTA,1,560669
araCp,3.6666666666666665,54,11,GGATTTTTCACTGTCTAGGG,43,534669
araCp,4.0,58,11,GGATTTAGGGTTTTGCACTG,47,546393
araCp,0.16666666666666666,12,11,GGACCTCATTTCCGGGAATC,1,533105
araCp,3.6666666666666665,54,11,GCTTCTGGACAGGCTTCACT,43,541937
araCp,4.75,67,11,GCTCACGAAAATTGCCTAAT,56,576802
araCp,6.666666666666667,90,11,GCTACCACTAGCTGCTTCGA,79,548483
araCp,3.4166666666666665,51,11,GCTACAAGGTGGCGCACCCA,40,603194
araCp,5.166666666666667,72,11,GCGTACGGACCTTTAGACTT,61,559322
araCp,7.166666666666667,96,11,GCGGTTTGATGTGTCGTCAT,85,588409
araCp,5.25,73,11,GCGGTCCACGGTCATATCAA,62,567285
araCp,3.8333333333333335,56,11,GCGCTCTTTATTAGGATGGC,45,575995
araCp,3.25,49,11,GCGCAAAGTGTGGACTCGCA,38,592390
araCp,4.25,61,11,GCCAAATGGTGGGTGGCTCA,50,544683
araCp,2.4166666666666665,39,11,GCACTCACCAGCTGTTATAG,28,537274
araCp,3.1666666666666665,48,11,GCAAGGATCCATACTCTCCG,37,534286
araCp,6.666666666666667,90,11,GCAAAGTGGGAGAGCGACGC,79,529120
araCp,4.75,67,11,GATTGAAGTAGAATCTATAC,56,530977
araCp,4.916666666666667,69,11,GAGGTGCAGTCGTGTCCCTG,58,584250
araCp,4.166666666666667,60,11,GAGCGGCGATCCGGATACGC,49,545746
araCp,3.6666666666666665,54,11,GAGCCATACAGCAGCCGCCT,43,587143
araCp,0.16666666666666666,12,11,GACCCATTCAGGGCTAGTGC,1,552403
araCp,0.16666666666666666,12,11,GACAGCGGGCGCGCGCTCTA,1,574872
araCp,4.416666666666667,63,11,GAAGGACCCTCGGGCCAGGA,52,572780
araCp,6.166666666666667,84,11,GAAGCAAGGGTATAGCTTCA,73,553955
araCp,4.5,64,11,GAAGACCTTAGCCATCTCGG,53,592635
araCp,8.75,115,11,GAACTTCCTGGAGCCCCTGT,104,541427
araCp,0.16666666666666666,12,11,GAACAGGGTCTCTAATTCCT,1,562215
araCp,5.166666666666667,72,11,GAACAGAGGTCTGAATTAAT,61,536764
araCp,11.75,151,11,GAACACCATACAATACTCGA,140,593317
araCp,10.0,130,11,GAAATCAAAGGTAGACAGAG,119,580857
araCp,4.0,58,11,CTTTGCTCTAAAAAAGCCTT,47,570814
araCp,4.5,64,11,CTTGATCGCGGAAGCTTCAA,53,563653
araCp,8.083333333333334,107,11,CTTCCGGGCTGTTCCATGGA,96,579162
araCp,8.5,112,11,CTGCGGCATCATTCCTCCAA,101,555401
araCp,6.5,88,11,CTGCCGTAAATACTTTGTAT,77,580823
araCp,2.75,43,11,CTCGTCGGAAGTTGTGGATT,32,554890
araCp,7.666666666666667,102,11,CTAGCCGTTTAGAGCACTCA,91,559059
araCp,0.16666666666666666,12,11,CGTTCGGCTTGCTTTCTGTT,1,530861
araCp,4.25,61,11,CGTTCATGATTGTGCCGAGT,50,548019
araCp,4.666666666666667,66,11,CGTTAGAGTATGCTCAAATA,55,586950
araCp,2.5,40,11,CGTCCGATAAGTCATACTCA,29,590340
araCp,4.916666666666667,69,11,CGTAAAGTGGGGAATTGAAA,58,546849
araCp,5.5,76,11,CGGTGCTACTAACCACGTGC,65,554093
araCp,6.0,82,11,CGGGCTAGTCTCGTAAGTTC,71,586931
araCp,9.666666666666666,126,11,CGGAGAAGTACCCACGATTC,115,573290
araCp,4.833333333333333,68,11,CGCTGAGACCGGCGCTCGCT,57,576866
araCp,4.666666666666667,66,11,CGCTCGTAAGGATAGAACTA,55,541938
araCp,0.16666666666666666,12,11,CGCGGGCTGATCTGACGGAA,1,547022
araCp,9.083333333333334,119,11,CGCGCTTATCCAGCGCAGTG,108,527153
araCp,4.5,64,11,CGAGAAGGTATATTCGATAT,53,588048
araCp,3.4166666666666665,51,11,CGACCTTGGAACTTCCACTC,40,582823
araCp,4.333333333333333,62,11,CCTTTACTCAAGGGAAACTG,51,600237
araCp,4.666666666666667,66,11,CCTGCCATGCCAATGAGGTT,55,556854
araCp,13.166666666666666,168,11,CCGGGTGGTCCTCCGGGTGT,157,594839
araCp,6.5,88,11,CCGGAAGCCGCTTGGATTCA,77,588764
araCp,4.583333333333333,65,11,CCATAGGACCCGTCGGGGAT,54,541825
araCp,0.16666666666666666,12,11,CCACTGTTTACAATGTGTCA,1,530230
araCp,4.583333333333333,65,11,CCAAGTTAAACCGAGAGAAA,54,544999
araCp,0.25,13,11,CATGTTCCCAATTCGGTGAA,2,570931
araCp,0.16666666666666666,12,11,CATATGGAGGCTTGGTAGTT,1,529327
araCp,4.5,64,11,CATAGGTGCGTTGCACCGCG,53,531344
araCp,5.75,79,11,CAGAACCCGTCATATCAAAA,68,594499
araCp,6.666666666666667,90,11,CACTATTAGAGGAGTCGGTA,79,566321
araCp,5.333333333333333,74,11,CACGTCGTAGGCTCTTGACT,63,570571
araCp,6.083333333333333,83,11,CACATCACCATAGGATGTAT,72,603083
araCp,0.16666666666666666,12,11,CAATCGTCCCTGGGTGCGCA,1,569897
araCp,0.16666666666666666,12,11,CAACTTGGCCATGTGCGACG,1,542333
araCp,3.25,49,11,ATTTGTCGGTGCTCTTCGTC,38,585892
araCp,15.5,196,11,ATGGTATCCCGTATTGCAGA,185,603395
araCp,3.8333333333333335,56,11,ATGGGCTAAGGGGGTAATTG,45,553990
araCp,9.416666666666666,123,11,ATGGCGAACGAGTTCAGTGA,112,547099
araCp,8.083333333333334,107,11,ATGCTCGTTACCTCTGCCCA,96,600253
araCp,5.166666666666667,72,11,ATGCTCCTAGATTGGGAAAA,61,574593
araCp,0.16666666666666666,12,11,ATCGGTCGGCATGGCTTCAT,1,539742
araCp,7.166666666666667,96,11,ATAAATGCGGCTTGGTCTCT,85,548774
araCp,4.666666666666667,66,11,AGTTCGGAGGGACTCATAAG,55,542533
araCp,4.083333333333333,59,11,AGTTCAGGAGACTCAGCCAC,48,585990
araCp,0.25,13,11,AGTGCACGTGCTTCTTTGAA,2,565165
araCp,4.583333333333333,65,11,AGGTTCCCTGTTATGAATGC,54,535572
araCp,4.5,64,11,AGGCGGCATACGATGTTCTT,53,558136
araCp,0.16666666666666666,12,11,AGGCCTCGGGCTGTCTTCAG,1,536319
araCp,0.16666666666666666,12,11,AGCTGAGCTGTTCTTTGCAA,1,561916
araCp,7.416666666666667,99,11,AGATAGTGGAGATTGAACCA,88,578869
araCp,6.416666666666667,87,11,AGAGCTCGTTTAAGGAGTCA,76,595569
araCp,3.75,55,11,AGACGTGGGTTGATTAATTA,44,548772
araCp,6.416666666666667,87,11,AGAACGTATCTTTTTCACTT,76,543658
araCp,4.75,67,11,ACTACGCGTCGCTGTACTAA,56,582560
araCp,5.25,73,11,ACGTTGTTTCGGTAGCCCGC,62,558114
araCp,3.25,49,11,ACGAGGTGCCCCACTATAAA,38,561081
araCp,3.6666666666666665,54,11,ACCTAATAGTTGATATCTTC,43,566021
araCp,6.25,85,11,ACATCTGTCTGCACCTTCTC,74,567330
araCp,6.583333333333333,89,11,ACAGATAATCATGGATTGGA,78,543492
araCp,4.833333333333333,68,11,ACACTACTCTTTATCCCGAA,57,597820
araCp,4.416666666666667,63,11,ACAAGCCTTAGATCGGGAAC,52,599218
araCp,5.833333333333333,80,11,ACAAAAAGAAACTTTGGAGG,69,556669
araCp,0.16666666666666666,12,11,AATCGGCGTTATTTTTGCGA,1,556949
araCp,5.583333333333333,77,11,AATAAACACGCTTGTTCCGC,66,585854
araCp,4.166666666666667,60,11,AAGCACTCCGGGAGCCCGTT,49,588397
araCp,10.083333333333334,131,11,AACTCCGGATTGGACCGTCA,120,586939
araCp,4.75,67,11,AACCGCTCCTGGAAGCGTTT,56,550815
araCp,0.16666666666666666,12,11,AACATAAGGAGCGGAAGGGT,1,591591
araCp,4.75,67,11,AAAAGGCCTTCCCTTTATTG,56,559956
araCp,3.8181818181818183,51,10,TTTTGGCCAAGTTTAGGTTT,41,580051
araCp,10.909090909090908,129,10,TTTGGACGCAGCACTTGGTT,119,545791
araCp,6.454545454545454,80,10,TTTCCGGTCCTAGTTAAGAC,70,579580
araCp,4.818181818181818,62,10,TTTATCGAAGGGTCTGAGTG,52,553281
araCp,0.18181818181818182,11,10,TTGTACATAGCCGCATCGAC,1,571047
araCp,5.181818181818182,66,10,TTGCCTGATAGTCTAAGCAT,56,585859
araCp,0.18181818181818182,11,10,TTGAGACCTCTAAAGTCAAC,1,574204
araCp,0.2727272727272727,12,10,TTGACTTTCAAGATTGGGTT,2,578726
araCp,4.454545454545454,58,10,TTGACCAAATCTAGTACCCC,48,588299
araCp,4.636363636363637,60,10,TTCAGAAAGTGTTGTGTCCA,50,548791
araCp,2.1818181818181817,33,10,TTAGGCCTCTTCGCTAGACC,23,569155
araCp,0.18181818181818182,11,10,TTAACGTGTAGGTGGCTTCG,1,556905
araCp,0.18181818181818182,11,10,TTAAATAGGAGTTTTGATCA,1,555964
araCp,0.18181818181818182,11,10,TGGTAGAGACACTTGGACGT,1,536610
araCp,0.18181818181818182,11,10,TGGGCCTTAGACAACTACAG,1,557734
araCp,3.4545454545454546,47,10,TGGCTCGGCCTCAGACATGT,37,546955
araCp,2.272727272727273,34,10,TGGATCCGGAGCATGATGTT,24,553022
araCp,11.0,130,10,TGCAGCTAAAGTTACTGATT,120,596413
araCp,5.818181818181818,73,10,TGACCTTAAGACGCTATCAG,63,555624
araCp,0.2727272727272727,12,10,TCTGTCCTCCCCAGACTCCT,2,585693
araCp,2.090909090909091,32,10,TCTAGTTCAGTCCTCCCAAG,22,546800
araCp,5.818181818181818,73,10,TCTAACCTAAAGGTACCGAA,63,535921
araCp,0.18181818181818182,11,10,TCGTACTGCCGGCGGGATGG,1,531361
araCp,11.090909090909092,131,10,TCGGCTGCTGCACAGTTTCT,121,598622
araCp,5.818181818181818,73,10,TCCCTTAGGAGCACATGAAA,63,562433
araCp,4.090909090909091,54,10,TCCATGCTTGAGAAAAATGC,44,558523
araCp,7.0,86,10,TCCACCCTGCTACGTGGGCA,76,586550
araCp,0.18181818181818182,11,10,TCATACGGAATTTGGAACTT,1,552457
araCp,0.18181818181818182,11,10,TCAATTGATCTACCACGCTA,1,574957
araCp,0.18181818181818182,11,10,TATTACGATAGAATTCCAAT,1,600238
araCp,12.090909090909092,142,10,TATGATCGGCACATAAACGT,132,594263
araCp,7.090909090909091,87,10,TACGTAAAAGATAGCGTAGA,77,577552
araCp,0.18181818181818182,11,10,TACGCATCATTCTAACCACC,1,539884
araCp,3.0,42,10,TACACTTGGCTGCCGGGGCT,32,582160
araCp,5.181818181818182,66,10,TACAACTGCGGCTCTCTTGC,56,526885
araCp,7.090909090909091,87,10,TAATCACGGAAGGTGGATTA,77,528151
araCp,6.0,75,10,GTTCGAATACAAGCAAGGTT,65,574590
araCp,6.0,75,10,GTTCCATACAAAGTAGTCTT,65,544793
araCp,4.818181818181818,62,10,GTTACCACGTGTGATATGAT,52,572283
araCp,5.363636363636363,68,10,GTGTACGCGCATTGCACGGA,58,542669
araCp,6.7272727272727275,83,10,GTGAGCAGGTCTAGCAGCCA,73,596762
araCp,5.636363636363637,71,10,GTATACCATACGACGACGTC,61,544270
araCp,18.09090909090909,208,10,GTAGGGCAGCTACTAGACAT,198,530101
araCp,0.18181818181818182,11,10,GGTAGGCATTTATATCAGTT,1,565926
araCp,2.727272727272727,39,10,GGTACCCGGTGCATTGTGGA,29,557351
araCp,4.2727272727272725,56,10,GGGTGTACTGCGAATAAGGA,46,535882
araCp,4.818181818181818,62,10,GGGGGAATAGGATCACCTTT,52,599099
araCp,4.818181818181818,62,10,GGCGGCGCTGGACACACCAT,52,552036
araCp,4.909090909090909,63,10,GGCGCTCAAACGCGTGTCAA,53,565937
araCp,5.636363636363637,71,10,GGCACAGCGATCACCACGTC,61,584702
araCp,7.7272727272727275,94,10,GGATAACTTGGGAAACCAAG,84,546427
araCp,3.8181818181818183,51,10,GGAAGGGCCCAGGCATCATA,41,558751
araCp,5.545454545454546,70,10,GGAACCTGCTGATGTCGGTC,60,531860
araCp,0.18181818181818182,11,10,GCTGTTCCTGAGGGGGATGG,1,537143
araCp,5.454545454545454,69,10,GCTGTGTCTCGGGGCTCCCG,59,557707
araCp,0.18181818181818182,11,10,GCTGGTTGCTCGGTCAAGGG,1,565559
araCp,0.18181818181818182,11,10,GCGGATGGGGTCGAGGCTAT,1,581258
araCp,3.5454545454545454,48,10,GCGCGCCAACGCTGAGGGGT,38,547610
araCp,0.18181818181818182,11,10,GCCCTATAATAGAGTGGTCG,1,578532
araCp,4.090909090909091,54,10,GCCACGTGCTACACGGGTTC,44,557156
araCp,4.545454545454546,59,10,GCACTGCGGGCTATCCTGCT,49,536840
araCp,4.363636363636363,57,10,GATGGACACTCGCGTGCAAG,47,589793
araCp,0.18181818181818182,11,10,GATCTGCTCGCGTTTCATCA,1,530888
araCp,5.636363636363637,71,10,GATCGTATGTAGCGATGACT,61,583994
araCp,5.090909090909091,65,10,GATCGCTCCAAAGGTTGGAG,55,569249
araCp,0.18181818181818182,11,10,GAGTGGGCTTTATGCATAGG,1,525899
araCp,0.18181818181818182,11,10,GACCGGAAGTTCATAAGTGA,1,546120
araCp,0.45454545454545453,14,10,GAAGAGCTCGTTGCATCGTG,4,562735
araCp,6.090909090909091,76,10,GAACTGCAGTCCTAAGAGGT,66,563658
araCp,0.18181818181818182,11,10,GAAATATGATCCTCACGGAA,1,564207
araCp,4.181818181818182,55,10,GAAAATTGCGAGACCTCTAG,45,594674
araCp,6.454545454545454,80,10,CTTTTTTGGTGATCGTGCGA,70,546166
araCp,0.18181818181818182,11,10,CTTGGGCGACACGCAACACT,1,591095
araCp,0.18181818181818182,11,10,CTTGCTGCGAGGGGGGGCGC,1,583775
araCp,0.18181818181818182,11,10,CTTCCTGCGCACGGTTTAAT,1,536772
araCp,0.18181818181818182,11,10,CTGTGAAGTCTGCACGATAG,1,534240
araCp,4.2727272727272725,56,10,CTGTAAATTACCCCAGACGT,46,580174
araCp,0.18181818181818182,11,10,CTGGTTGCCGTTGGATTCGG,1,545182
araCp,0.18181818181818182,11,10,CTGCCGTGGTCAGCCTACGT,1,584049
araCp,5.454545454545454,69,10,CTCGCGGTGCCGTCCGCGTG,59,595443
araCp,0.2727272727272727,12,10,CTCCTTTTAAGGTTTGTACG,2,553520
araCp,0.18181818181818182,11,10,CTCCGCGGGTGTTTATATAT,1,551130
araCp,6.545454545454546,81,10,CTCAGCTTCACTGGATTGCC,71,588292
araCp,0.18181818181818182,11,10,CTAGCGTTCCTAAGGCCCCT,1,575752
araCp,5.181818181818182,66,10,CTACGGAGTGCCAGGACGGC,56,566432
araCp,0.18181818181818182,11,10,CTACAGATTCTGAACTATAC,1,569714
araCp,5.090909090909091,65,10,CGTGCGCAGAGCGGTCAGGA,55,585524
araCp,4.545454545454546,59,10,CGTAGGCCGAGCCGAATTTA,49,579402
araCp,5.0,64,10,CGGTTCAGTCTATAGGCGTA,54,534607
araCp,4.545454545454546,59,10,CGGGCTTTTCAGCGGCACCC,49,570872
araCp,0.18181818181818182,11,10,CGGACGAGGTAAGATAAGAA,1,548561
araCp,5.2727272727272725,67,10,CGGACCCAGTCACCGGACAG,57,603276
araCp,7.909090909090909,96,10,CGGAAGATCGCAATATGTTA,86,579557
araCp,0.18181818181818182,11,10,CGAACGTGGATCTACCGGGC,1,584862
araCp,0.18181818181818182,11,10,CCGCTACATCGACAGGTCCA,1,536968
araCp,4.636363636363637,60,10,CCGCACGGAGGCATGATGCG,50,530051
araCp,4.545454545454546,59,10,CCCTCAAGTAAGTCAGCAGA,49,556023
araCp,1.5454545454545454,26,10,CCCCTTTAATTTATGCGTAC,16,544753
araCp,0.18181818181818182,11,10,CCCACTTGCCGCCGACCTCA,1,542289
araCp,0.18181818181818182,11,10,CCCAACGAGTGATAAGAAGG,1,584619
araCp,6.909090909090909,85,10,CCAGGACTGTCGCGCTTGCT,75,562076
araCp,5.545454545454546,70,10,CCAGAAAGGAAAAGTCCGGT,60,546810
araCp,0.18181818181818182,11,10,CATTGCGATGGTAAAGACTT,1,555999
araCp,7.454545454545454,91,10,CATGGGCGAGCCGGTAGCTG,81,579111
araCp,0.18181818181818182,11,10,CATCAGCCTGGCTTCGATTT,1,553502
araCp,5.7272727272727275,72,10,CAGTGAAATGGGCAATTGAG,62,572249
araCp,8.545454545454545,103,10,CAGCTACACGGGGCTCTAAA,93,595788
araCp,4.0,53,10,CAGCCGGCGCTTCGTTTATA,43,566389
araCp,2.4545454545454546,36,10,CACGCCCGACCTTCGACAGA,26,575305
araCp,5.7272727272727275,72,10,CACGATACCAACTGAAGCAA,62,551741
araCp,6.454545454545454,80,10,CACGAGCCGCTAGAATGTGA,70,594023
araCp,4.363636363636363,57,10,CACAGCGCGTATTGCTCAGG,47,541849
araCp,5.818181818181818,73,10,CAATGACCTAGTGCCGGGAA,63,581262
araCp,4.7272727272727275,61,10,CAATCTTGAGCATGTTGGTT,51,544179
araCp,5.090909090909091,65,10,CAATCTGTGAGATCGAGAGG,55,540390
araCp,6.0,75,10,CAAAGTGCGCCCCCGAAGTA,65,532862
araCp,4.090909090909091,54,10,CAAACGCATAATTACAAGAC,44,567613
araCp,5.181818181818182,66,10,ATTCGTTCCGATACACGCCA,56,546786
araCp,3.6363636363636362,49,10,ATTCACCTAAGGGGGACGGT,39,589309
araCp,7.636363636363637,93,10,ATTATACCTCCTAGCGTGTA,83,581733
araCp,4.2727272727272725,56,10,ATGTTCAAGTGGGCGAAGAG,46,541377
araCp,18.272727272727273,210,10,ATGTAGAATCATCTTTACTT,200,577723
araCp,5.181818181818182,66,10,ATGGGCTCGCTGCTGTCAGG,56,585135
araCp,7.090909090909091,87,10,ATGAGGTCCTTTCATCTCTA,77,570145
araCp,4.181818181818182,55,10,ATCTGCTGGTTGTAGGCAAC,45,599621
araCp,15.181818181818182,176,10,ATCGCGTATGATGACCATAT,166,568746
araCp,6.454545454545454,80,10,ATCGAGTCCAATTGAAAGGG,70,568062
araCp,1.0,20,10,ATCACTCGAATAGGCAGACC,10,569943
araCp,0.2727272727272727,12,10,ATATTTCGGCACGCATGCCA,2,534237
araCp,0.2727272727272727,12,10,ATATATTAAACCGTACGTAT,2,527522
araCp,15.727272727272727,182,10,ATATACTGCTCGCAGACGTT,172,596151
araCp,0.18181818181818182,11,10,ATACTTGGGGAAGATTGTTT,1,540761
araCp,5.7272727272727275,72,10,ATACAGACTCAGTCAGCAGA,62,551687
araCp,0.8181818181818182,18,10,ATACACTTTTCGAGCAGTGA,8,567732
araCp,0.18181818181818182,11,10,ATAAACACAATGCAAGGGCT,1,527497
araCp,6.090909090909091,76,10,AGGTGGCGAGTAGTCCACGT,66,561787
araCp,7.454545454545454,91,10,AGGGTGTACATTGGATATGA,81,530827
araCp,4.0,53,10,AGCATGGGGTTCACGTCTGT,43,570365
araCp,4.090909090909091,54,10,AGATGTGCGTGAAGGTCCCT,44,540118
araCp,0.18181818181818182,11,10,AGACGAGACGTCCGTGACCA,1,594021
araCp,5.454545454545454,69,10,ACGCAGGCAAGTGCTGCGTT,59,594624
araCp,5.090909090909091,65,10,ACCTTCCGCGGGGACCGGCA,55,590311
araCp,0.18181818181818182,11,10,ACCGGGAAATGAACGACGAT,1,530747
araCp,4.363636363636363,57,10,ACCGCGTCTCGAGGCAGTTT,47,571826
araCp,6.2727272727272725,78,10,ACCGCCTGCAGTTACAGAAA,68,540698
araCp,4.454545454545454,58,10,ACATAGGCCTGTGCGTTAGG,48,564644
araCp,16.727272727272727,193,10,ACAGGTCCCGATTAAACGGC,183,600360
araCp,6.181818181818182,77,10,ACAAAATACGAGACGAAATC,67,584780
araCp,9.909090909090908,118,10,AATGGACCATCCTCTGACCA,108,569394
araCp,4.454545454545454,58,10,AATCCCGTGCAGCTGTGCAG,48,537508
araCp,6.090909090909091,76,10,AAGTTCACATTGTACTAGAT,66,588256
araCp,5.363636363636363,68,10,AAGTAGACAGCCAGGAGACT,58,562710
araCp,4.181818181818182,55,10,AAGGCCTAAGGAACGTAGGG,45,593536
araCp,0.2727272727272727,12,10,AACTTGGGCTACAACCTCGG,2,581708
araCp,5.7272727272727275,72,10,AAACTATGCCAAAGACACTC,62,554397
araCp,5.090909090909091,65,10,AAACAAGGGTGTACCCGCGC,55,593172
araCp,3.8,46,9,TTTCGCCTCTTTCGTGCCCG,37,581928
araCp,6.7,75,9,TTTCCGAAGCACTGTGATCT,66,570873
araCp,5.9,67,9,TTTCATGATCACCGACGTTT,58,575876
araCp,4.3,51,9,TTGTCCGTCCGTCCATCCCG,42,602575
araCp,5.5,63,9,TTGTATCCGCCCGGTGGGTG,54,587978
araCp,4.7,55,9,TTCGTTGTGAGCTCTGGATC,46,545180
araCp,8.2,90,9,TTCATTTGCAGTTCTCCTCA,81,569678
araCp,6.6,74,9,TTAGCTGTGATATATTTCTG,65,532230
araCp,0.2,10,9,TTACGGCTCTCGTGGCAGTC,1,575324
araCp,3.5,43,9,TTACCCGGATGACCTCTCAA,34,542790
araCp,7.1,79,9,TTAAATGAAGCGAGCAAAAG,70,582184
araCp,0.2,10,9,TGTGCTCTACAATCTCAATC,1,538813
araCp,6.2,70,9,TGTAGAAGCGGAGACGAGCG,61,602735
araCp,6.0,68,9,TGGCCGGCTCTCATGGCCAA,59,536612
araCp,0.2,10,9,TGCGGTCCATTGCAAGAGAT,1,599252
araCp,5.5,63,9,TGCGAACTATAGGGCCACCC,54,529585
araCp,6.4,72,9,TGATAAATCGAGCGTAAGAA,63,525693
araCp,0.2,10,9,TGAGTATCCTAGTCTCAGTA,1,530011
araCp,0.3,11,9,TGAGCTGCCGGGAAGCATTA,2,581851
araCp,5.6,64,9,TGAGCATTTGCAACTGAAGA,55,538440
araCp,8.0,88,9,TGAGCATTGACACTAAGACA,79,556470
araCp,0.2,10,9,TGAAGCACCTTGTCGGACGG,1,543537
araCp,4.6,54,9,TGAACCTTCCGTCACACGCT,45,565666
araCp,10.1,109,9,TCTACGTTTTACGCCGTGTA,100,551062
araCp,11.8,126,9,TCGCTACCAGGCAAATCTGT,117,598365
araCp,8.3,91,9,TCGAGTCCTATGAGACTATA,82,545324
araCp,0.2,10,9,TCCGACAAATAAGGGTCCTA,1,558793
araCp,1.8,26,9,TCATAATAGTTGACAGTGGC,17,550204
araCp,0.2,10,9,TATGGTAAGGAGTGCTTAAT,1,564979
araCp,9.6,104,9,TATGAACATAAATGAGGTCC,95,592212
araCp,7.1,79,9,TATCTAATGACGCGTCGTAA,70,575637
araCp,15.4,162,9,TATCGATTCTGTCTAAGAAT,153,592446
araCp,9.7,105,9,TATAGGAAGTTAGTCCTTTG,96,549773
araCp,7.4,82,9,TATACAAGTGACCATCCTGT,73,541524
araCp,0.5,13,9,TAGGATACACCGTGCACGCA,4,546388
araCp,3.7,45,9,TAGACACACCCGCGGCTGTG,36,569626
araCp,4.9,57,9,TAGAATATACCTACAGAGGA,48,589462
araCp,6.9,77,9,TACGTAATCCATGGGATCGT,68,552674
araCp,0.2,10,9,TACGCAACAGAACGAGAAGT,1,528224
araCp,1.2,20,9,GTTGTGGTCTGCCGACCACG,11,581322
araCp,5.8,66,9,GTTAATCATTCCCGAGTTGT,57,582586
araCp,6.5,73,9,GTGGCTGCTAAAGGGTGGCC,64,555916
araCp,6.3,71,9,GTGGCTAATCGACCCGCTGC,62,525657
araCp,1.8,26,9,GTGAAACATTAATCCATCCC,17,594196
araCp,20.1,209,9,GTCTGCTTTATGCGGAGAGA,200,541523
araCp,0.2,10,9,GTCGTCCTTGGAGAATACAG,1,565972
araCp,4.9,57,9,GTCCAGAGACCACCGGATGT,48,587128
araCp,0.2,10,9,GGTTATAAAGGGTATTTTGG,1,539781
araCp,10.0,108,9,GGTCAATCCTAGGTGGCCAA,99,600024
araCp,10.3,111,9,GGTACGGCCGTCTTAACCCA,102,536103
araCp,0.2,10,9,GGTAAGTTACGGTTTACATA,1,588021
araCp,0.2,10,9,GGCCCGAAGCAAAAACGTTG,1,597518
araCp,5.0,58,9,GGCATTCTGGAGTTTCACTG,49,591551
araCp,11.5,123,9,GGATGTTGTGCGCTATGTAC,114,534584
araCp,6.2,70,9,GGATCCGCTGTTATTGCTAG,61,572441
araCp,4.1,49,9,GCTTTAATTAAGATAACGCA,40,591760
araCp,6.2,70,9,GCTGGCAACCGGTTGTTTAC,61,554778
araCp,6.8,76,9,GCTCAGATCTACAGGAGGCC,67,561553
araCp,5.2,60,9,GCTCAGAGGATTAGGGGTAT,51,598309
araCp,10.7,115,9,GCGTTCGGGTCCTTTACCTT,106,528799
araCp,6.6,74,9,GCGGCCCCTTGGTATTGTAG,65,557975
araCp,11.8,126,9,GCGCCAGGCCTCAAGAGTTA,117,600359
araCp,0.2,10,9,GCGAGTAGTAACCGTGAGTA,1,603618
araCp,5.3,61,9,GCCCGCGTTGGGCAATTGTA,52,528932
araCp,10.1,109,9,GCCCACTAATTGAAGTGCTA,100,589918
araCp,12.3,131,9,GCCATTCGGGAATGTTAACT,122,543488
araCp,5.9,67,9,GCACATTATCGCGCTGCTCT,58,560203
araCp,0.2,10,9,GAGCTATTCCGAAGGATTTT,1,525763
araCp,0.2,10,9,GAGAGTATGGTTCTTGTGCA,1,577403
araCp,6.0,68,9,GACTTGTTGGATTGGAGAAT,59,572946
araCp,7.4,82,9,GACTCAGGGTACCGAGGATG,73,580430
araCp,5.2,60,9,GACAGCACGGTACGTTTGCC,51,585016
araCp,4.2,50,9,GAATCTCCAAGTTGGATTAC,41,559503
araCp,6.3,71,9,GAAGTCTAAGAATTCTTCAA,62,546852
araCp,5.0,58,9,GAAGGGTTCACCTGAGGCGT,49,600340
araCp,0.2,10,9,GAAGCTATCGTCTCGGTGCC,1,596429
araCp,0.2,10,9,GAAGATGGCGCGCCCTTTAT,1,571650
araCp,7.5,83,9,GAAAGGCCTAGTGCGTGACA,74,547010
araCp,9.6,104,9,CTTGCTGCATCGGGGTCTAT,95,530260
araCp,6.7,75,9,CTTGAGACAATCATTATCGT,66,553907
araCp,12.5,133,9,CTTAGATATACAGCTTGTCA,124,559880
araCp,0.2,10,9,CTTACTTTTGAATGTATATA,1,561783
araCp,10.8,116,9,CTGTCCATGGGTATCGGAAA,107,528794
araCp,0.2,10,9,CTGGTGCATGTCACCGGTAA,1,584779
araCp,6.3,71,9,CTGGAAGATCTAAGAGGGAG,62,559275
araCp,4.6,54,9,CTCGTTTCGTTCGACTGGAG,45,560192
araCp,6.1,69,9,CTATTTGTGCTTTCCACGGT,60,600655
araCp,0.2,10,9,CTATGATCTCCCCAGTCCAC,1,577085
araCp,7.1,79,9,CTAGGCAAGGTGGCGTCGGT,70,592329
araCp,8.4,92,9,CTAAGCCGAGAGCGTGGTGT,83,597806
araCp,0.2,10,9,CTAAAATAGAGCTGAACCTT,1,553352
araCp,5.6,64,9,CGTCCGGGACACTGCCCGGG,55,533270
araCp,0.2,10,9,CGTAGCGCGCCGCCGGCAAT,1,555373
araCp,11.5,123,9,CGGGATAATTAGATAGCAGA,114,530114
araCp,4.5,53,9,CGGCTTATGCGGCGTAACTC,44,551194
araCp,13.9,147,9,CGCATTGTAGAACACTTGTT,138,559374
araCp,8.6,94,9,CGCACAGTGCGCGCATCCGG,85,532552
araCp,7.2,80,9,CGCAAGGAGGTTTGGCTGTA,71,554231
araCp,4.0,48,9,CGAGTCTTTAATAGGCAAAG,39,537327
araCp,7.0,78,9,CGAACGCGAGGCTGGTTCAG,69,556057
araCp,10.7,115,9,CCTGAAGGGGCACACACGGT,106,576063
araCp,6.9,77,9,CCGGATGTGATAGGGCTTGG,68,586638
araCp,0.2,10,9,CCCTGACCAGTGGTATGTCT,1,590336
araCp,6.6,74,9,CCCCATCCAATGAACGCGCT,65,529679
araCp,5.4,62,9,CCCCAGGTATATTTAGTTAC,53,528995
araCp,0.2,10,9,CCCATATCGGGGCGTTTTCA,1,574181
araCp,0.2,10,9,CCATGCCCCGGTAGCCGGAT,1,576374
araCp,5.3,61,9,CCAACGCTCCGCGCTTGTTT,52,565118
araCp,5.2,60,9,CATTCATTAACAGTTAACGT,51,603397
araCp,6.8,76,9,CATATATTTTGAACGTTGAT,67,551207
araCp,0.4,12,9,CAGTTCACCCTTCCCCGCTC,3,595151
araCp,45.5,463,9,CAGCTTACATAGCTGGTAAT,454,591763
araCp,0.2,10,9,CAGAATAGGCGTGGGTTGCG,1,598887
araCp,5.5,63,9,CAGAACACGTTGTAAGTACT,54,574622
araCp,0.2,10,9,CACGCGGAATCTAACGTACA,1,549394
araCp,0.2,10,9,CAATTTAAGCGGGGAGGTAG,1,572157
araCp,6.7,75,9,CAATAATAAAATAGGGAACT,66,562940
araCp,4.5,53,9,CAAGATGTAGCCGAGATTAT,44,572800
araCp,0.2,10,9,CAACTCAGCGCCTGTCGTAC,1,531032
araCp,10.3,111,9,CAACCACGTGCTTACGGATA,102,526739
araCp,7.9,87,9,ATTATCAAGTACAGAGCTAT,78,542203
araCp,0.2,10,9,ATCTTACTTGCATCTATAAG,1,544156
araCp,6.9,77,9,ATCTCAATGCGTCAGGCTTT,68,596972
araCp,5.2,60,9,ATCCCCTCTCAAGAGGAGGT,51,538836
araCp,8.2,90,9,ATAACTTGTAGCCGAGTAAT,81,545838
araCp,4.8,56,9,AGTTTTTCAAGAACGCGCAT,47,534017
araCp,5.5,63,9,AGTTGCTCTAGTAGAACCGT,54,572670
araCp,0.2,10,9,AGTGGCTACCCGTGGGCGTC,1,585530
araCp,5.1,59,9,AGGGTTCCGTGGGACTGGGG,50,539493
araCp,4.9,57,9,AGGGGTCACGGTTCTTCGGG,48,548369
araCp,6.0,68,9,AGGCGCACTGTCCACCCTCG,59,552140
araCp,6.8,76,9,AGGACAAGGGAGCTGTCAGG,67,594932
araCp,0.2,10,9,AGCTTATTCAGAGCCAAAAT,1,544485
araCp,14.1,149,9,AGCGTTCGTAAAGTGGACAC,140,528807
araCp,3.7,45,9,AGATCTGATAACATTCATTG,36,539138
araCp,5.2,60,9,AGAGGGTCGCAGTACCTCAC,51,547230
araCp,5.2,60,9,ACTTACGCCTGAATTCCCAT,51,531965
araCp,6.7,75,9,ACTTAAGCTTTGTGGGCATA,66,552728
araCp,0.2,10,9,ACTGTTAATTGGTGGTCTAA,1,572484
araCp,49.9,507,9,ACTAGCTAAGGCTCTTAAAG,498,594862
araCp,7.1,79,9,ACGTCCTGCTTCAACCTAAG,70,534224
araCp,0.2,10,9,ACGTACAGTTCAAAAGTGAC,1,597861
araCp,11.8,126,9,ACGAGGGTCTGCTGAGTTCT,117,571369
araCp,0.2,10,9,ACATATAGCTTAACGGGGCA,1,567122
araCp,7.1,79,9,ACAAGTTGGAATGTGTCGGC,70,530349
araCp,1.2,20,9,AATCACAATGTAACGCCTGT,11,529757
araCp,12.3,131,9,AAGTGAACGAGATTAGGACC,122,585254
araCp,0.2,10,9,AAGTCTTCGGTTTTTAGAGT,1,538749
araCp,4.4,52,9,AAGGAGACGTAGGGCTTTCG,43,593414
araCp,8.0,88,9,AAGATCCGGGGCTACGTATA,79,533473
araCp,13.6,144,9,AACGCCAAATACCATTGATA,135,560837
araCp,5.6,64,9,AACCGCATTGCGGGGTTCTG,55,600653
araCp,6.6,74,9,AAATTACTCGTGGCGATGTC,65,536437
araCp,9.4,102,9,AAATCACGATGCAGGAACGG,93,531326
araCp,5.5,63,9,AAAGTTGCTACTAGGGGGTG,54,550401
araCp,5.4,62,9,AAACCCTATTGGCTAGCGCT,53,534624
araCp,5.888888888888889,60,8,TTTTGGCCACCCGGTGAAAA,52,578169
araCp,0.2222222222222222,9,8,TTTTATGGCAGGAAGGTCAA,1,537269
araCp,0.2222222222222222,9,8,TTTGAAACAGGAGAAGGTTT,1,596037
araCp,40.333333333333336,370,8,TTTATGCCGAGCCCTTTGGA,362,595957
araCp,8.0,79,8,TTGAACCTGGAACTTACTCA,71,564555
araCp,0.2222222222222222,9,8,TTCTGTGAGGATCTCTAAGT,1,555962
araCp,6.444444444444445,65,8,TTCTGAAATTTAAACTTGAA,57,593406
araCp,15.333333333333334,145,8,TTCCTGAGGTAAGCCAAAAT,137,595934
araCp,5.666666666666667,58,8,TTATTGTGTGCACAGAAGGT,50,570590
araCp,6.333333333333333,64,8,TTAAGTGTTCTTTCATGTAC,56,582505
araCp,2.2222222222222223,27,8,TGTTTTTATTTCCAGCCCCC,19,582377
araCp,0.2222222222222222,9,8,TGTTCACGGTTATATCGCAT,1,533179
araCp,0.2222222222222222,9,8,TGTGTGTTGGAAGTGTTCTA,1,568576
araCp,6.666666666666667,67,8,TGTGTAGCAGCTTTATGCCC,59,554721
araCp,8.222222222222221,81,8,TGGTACGACTCCGGGGCGGT,73,592382
araCp,7.222222222222222,72,8,TGGTAACAGACTACACCCAA,64,565443
araCp,51.22222222222222,468,8,TGGCGGCAAGGAGCTTGATT,460,575322
araCp,9.0,88,8,TGGATTCACGCATACAAGCA,80,577719
araCp,2.6666666666666665,31,8,TGATTTGGTCCCTTAGTTGT,23,556963
araCp,6.222222222222222,63,8,TGACCATGCTCACTATTGTA,55,563946
araCp,4.111111111111111,44,8,TCTTCATCTTAAGCTCTACA,36,597609
araCp,0.2222222222222222,9,8,TCTACGAAACACGAAACTTT,1,580264
araCp,4.777777777777778,50,8,TCTAATGCGACCTGGGAGCG,42,566592
araCp,0.2222222222222222,9,8,TCGTATCGGCGACATATCCC,1,588388
araCp,6.444444444444445,65,8,TCGCTCACACGTCTTTCGGG,57,570641
araCp,3.111111111111111,35,8,TCGCACACACGCTGTACTGG,27,591845
araCp,0.2222222222222222,9,8,TCCTCGCTCCGCACGTCGAG,1,548598
araCp,5.444444444444445,56,8,TCCGTCCTTGTAGAACAGCA,48,571394
araCp,0.2222222222222222,9,8,TCCGGCATAAGGTGTACTAA,1,526936
araCp,5.222222222222222,54,8,TCATCTCCGATCACATTCGC,46,568008
araCp,5.222222222222222,54,8,TCAGGTATGCCAGTCCGCGC,46,578244
araCp,0.2222222222222222,9,8,TCAAGGGCATATGTGACAGA,1,582665
araCp,4.666666666666667,49,8,TATTCAGACTGAGCCGCGCT,41,540219
araCp,6.888888888888889,69,8,TATGCCGTAGTTTGCAAATA,61,529186
araCp,5.777777777777778,59,8,TAGACGGATGGAAACACCAG,51,539388
araCp,2.5555555555555554,30,8,TACGTCTTGGCATTGAGGCC,22,548778
araCp,9.333333333333334,91,8,TACAGTGCTGAACATTATCT,83,563621
araCp,3.4444444444444446,38,8,GTTGGATCAGATAAGTTATA,30,583073
araCp,0.3333333333333333,10,8,GTTGCGATCGGGCATCTTCT,2,538642
araCp,7.666666666666667,76,8,GTTCAATCACCTTCTAGGGT,68,556789
araCp,21.22222222222222,198,8,GTTATCCAGAAATAGGGATA,190,529184
araCp,5.444444444444445,56,8,GTGTTGGAGATTGAGTTACT,48,569890
araCp,6.555555555555555,66,8,GTGCACTTCTTTGGAACCTC,58,597036
araCp,7.222222222222222,72,8,GTGCAATGTTTGCCTTGACA,64,536832
araCp,6.444444444444445,65,8,GTGATTGTCTAGGGGCTTTT,57,574484
araCp,7.333333333333333,73,8,GTCATGAAAACAATTCTGTT,65,549603
araCp,9.0,88,8,GTCAAGGATCATCTAGGGGA,80,554475
araCp,5.0,52,8,GTAAGGCTCCACACCGTGTG,44,600312
araCp,6.444444444444445,65,8,GGTCATAATCTCAACTAATT,57,535520
araCp,0.2222222222222222,9,8,GGGTCCGTGACGCTACGTGT,1,554345
araCp,0.2222222222222222,9,8,GGGGTTAAGGACGTTCGTAT,1,563298
araCp,9.777777777777779,95,8,GGGGACCATCGCGAGCCGGG,87,554621
araCp,0.2222222222222222,9,8,GGAGATCCACGGGGGAGCTC,1,543996
araCp,12.11111111111111,116,8,GGACGCAGCTACACGGAGCT,108,583288
araCp,5.666666666666667,58,8,GGACATACCCGTCACTGCCC,50,541788
araCp,5.666666666666667,58,8,GGAACAGCTGACGGCCTTGT,50,569553
araCp,4.888888888888889,51,8,GCTCTGATTTTGGCACGCAG,43,557994
araCp,4.444444444444445,47,8,GCTCGTGCAGAGAGCCGCGT,39,530379
araCp,5.777777777777778,59,8,GCTAAGACATGTGAAATGTG,51,552549
araCp,11.11111111111111,107,8,GCGTGGCTATATCTTATCGA,99,596976
araCp,6.777777777777778,68,8,GCGTGATGCCGTGCAATATA,60,565337
araCp,0.2222222222222222,9,8,GCGGTACACCTGTTAACCCG,1,588533
araCp,5.777777777777778,59,8,GCGAGCGTCTAAGCGGGAGA,51,593090
araCp,5.333333333333333,55,8,GCCGTCAAAGAGGCACGACT,47,547558
araCp,5.222222222222222,54,8,GCCGGTCCGGCCTGCACTGG,46,528793
araCp,6.555555555555555,66,8,GCATCCACAATAGACTCAGC,58,577648
araCp,8.444444444444445,83,8,GCAGTGCCGCAGGTTGAGGC,75,597241
araCp,5.888888888888889,60,8,GCACCGGAGGATGGCCCGTC,52,551727
araCp,6.666666666666667,67,8,GATGGTGGCTTTGAACGTGA,59,528408
araCp,0.2222222222222222,9,8,GACATACGGACCCGAAAAGC,1,541017
araCp,8.222222222222221,81,8,GACAGCTATATATCCTGAAT,73,546455
araCp,0.2222222222222222,9,8,GAAGCTGCACTTTCAAAGCA,1,550557
araCp,38.666666666666664,355,8,GAACAACCACCCCTATCAGT,347,594844
araCp,6.888888888888889,69,8,GAAAGTGGGTGAGGCTTGTA,61,601614
araCp,7.555555555555555,75,8,CTTTGGATGACTAGCATTAC,67,583191
araCp,0.2222222222222222,9,8,CTTCTTAGCCAAACAGGACA,1,527098
araCp,6.333333333333333,64,8,CTTCGTGAACCATCAGCTAT,56,539656
araCp,0.2222222222222222,9,8,CTTCGTAAAGGGATACGGGG,1,590065
araCp,0.2222222222222222,9,8,CTGGGAGCTCTGTTTTAAGT,1,583876
araCp,7.111111111111111,71,8,CTCTGAACATAGATTCCTAC,63,554937
araCp,8.88888888888889,87,8,CTCTATCAACTCGAAGCTAT,79,527364
araCp,6.444444444444445,65,8,CTCGGAAAACATTGCAGGTT,57,550772
araCp,0.2222222222222222,9,8,CTCAAGTAGGCTCAACATCC,1,567392
araCp,1.1111111111111112,17,8,CGTTCCATCGCGTCCCTCCC,9,551585
araCp,7.666666666666667,76,8,CGTTCATAGAAAGGAAATAA,68,546439
araCp,0.2222222222222222,9,8,CGTTATGTTATAGACGGCCA,1,552750
araCp,7.444444444444445,74,8,CGTACCTCTAGGTAAAGGAT,66,594231
araCp,6.333333333333333,64,8,CGGTGTCGCCAGAGGCCCTT,56,526071
araCp,6.444444444444445,65,8,CGGGTTTTCTGCCGTTGCTC,57,575208
araCp,0.2222222222222222,9,8,CGGGTTCTGTAACGGTCCTT,1,603002
araCp,0.2222222222222222,9,8,CGGGGTAACCTTTGGTCGCG,1,539194
araCp,4.444444444444445,47,8,CGGCATATGGCAATTCGACT,39,542142
araCp,15.0,142,8,CGGAATACGACGGACCAACA,134,572891
araCp,0.2222222222222222,9,8,CGCTTCTTAGGGGTCTTTGT,1,580473
araCp,11.666666666666666,112,8,CGCTAGTCAGTCCTGGTTAG,104,529556
araCp,5.111111111111111,53,8,CGCGTACTGCCAACACGCGG,45,529503
araCp,0.2222222222222222,9,8,CGCGCGATTCGGCCTTCGCC,1,539164
araCp,11.88888888888889,114,8,CGCCTAGTCGCCCCGGGTAA,106,585999
araCp,1.4444444444444444,20,8,CGCCAAAATAGCTGTCACAT,12,587483
araCp,7.222222222222222,72,8,CGCATGGGGCGCAGTGTCCG,64,535903
araCp,7.0,70,8,CGATTCTTACTAGGGCGACA,62,559801
araCp,7.333333333333333,73,8,CGACGTCTGTGATAACAGTA,65,558619
araCp,0.2222222222222222,9,8,CGACGTACAGCCCCAGGTCC,1,595835
araCp,8.444444444444445,83,8,CGAAAAGATATCACGCTCAA,75,533265
araCp,7.333333333333333,73,8,CCTCATCTAGGTCTATAATC,65,592156
araCp,6.666666666666667,67,8,CCTAGTTAGATTCGTGGTTG,59,556688
araCp,15.777777777777779,149,8,CCGTCGCTCATTCGTGCTAG,141,534705
araCp,6.0,61,8,CCGGTATGGAGTCTGTGAGT,53,591756
araCp,8.333333333333334,82,8,CCGAGGAAGGCATCTAAGGA,74,537430
araCp,0.2222222222222222,9,8,CCCTAACCGAGGTTTAAGCT,1,566379
araCp,4.555555555555555,48,8,CCCGAGTCTATGCGATCTTA,40,574591
araCp,28.444444444444443,263,8,CCCCTGATTGCAGATCTCGT,255,576879
araCp,7.777777777777778,77,8,CCATTCTCCGGGAGTCGGTT,69,584422
araCp,11.222222222222221,108,8,CCATGACTTGATCGGTAAGA,100,540710
araCp,0.2222222222222222,9,8,CCACTAGCTATATCACTAAT,1,582041
araCp,4.222222222222222,45,8,CATTTTCGGGTCGTGAACTT,37,602125
araCp,7.333333333333333,73,8,CATTCGTGGCTAAAGTGCCA,65,601490
araCp,8.222222222222221,81,8,CATGCCAGATTGCGACGTAT,73,569053
araCp,0.2222222222222222,9,8,CATGATTCAGGATAGGTTCC,1,597789
araCp,7.222222222222222,72,8,CATAGAATTCTTGAATGGAA,64,571495
araCp,5.777777777777778,59,8,CAGTGGGCTGTCTACAGAGC,51,602485
araCp,7.0,70,8,CAGGTCGCCAGTAAAAGTTG,62,540326
araCp,3.4444444444444446,38,8,CAGGAAAGCCATTGCGCCAG,30,575122
araCp,0.4444444444444444,11,8,CACTGAATTAGACTGCTGCT,3,555327
araCp,0.2222222222222222,9,8,CACCCATGGCATAAGCCTCG,1,582954
araCp,7.0,70,8,CACCAAAGGCTTATATACGT,62,577395
araCp,4.222222222222222,45,8,CACATCTCTCGGGTCCACAT,37,599781
araCp,4.777777777777778,50,8,CAAGCGTACGAGTCATCAGA,42,597776
araCp,0.3333333333333333,10,8,CAACTTTTGTAGGTAGATTC,2,568824
araCp,5.333333333333333,55,8,ATTGGCACCTTCAAGGCTCA,47,593534
araCp,6.888888888888889,69,8,ATTGCCGGTATGGAATCCGA,61,577983
araCp,4.333333333333333,46,8,ATTGAATTTGATCACGTATT,38,573028
araCp,7.888888888888889,78,8,ATTCTAATCCCCCAACGCTA,70,533812
araCp,0.2222222222222222,9,8,ATGTTGCGGGGCAATCCCTA,1,565622
araCp,6.777777777777778,68,8,ATGGCAGAACCTATTGGGCT,60,546266
araCp,7.777777777777778,77,8,ATGGACATGGGGCTCAGAGA,69,575342
araCp,8.88888888888889,87,8,ATCTGTTAGTCAGGCAATTC,79,543605
araCp,36.77777777777778,338,8,ATAGTTAATGACTTAGACTT,330,535880
araCp,7.444444444444445,74,8,ATAAGAACGGAGCTGGAAAC,66,556144
araCp,6.333333333333333,64,8,AGTTTTACTCGGTTCTGCGA,56,548618
araCp,0.2222222222222222,9,8,AGTCTGAGTGTAGCCCGCGT,1,561998
araCp,7.555555555555555,75,8,AGTCCAATAGTTCATGCATA,67,556258
araCp,6.777777777777778,68,8,AGGGCAGCAGCCGCTTACGT,60,556643
araCp,20.555555555555557,192,8,AGGCGGATTCGGAAGCTGAT,184,548780
araCp,4.888888888888889,51,8,AGGAGTGTCTCGGTGGTCAG,43,529495
araCp,6.555555555555555,66,8,AGGAGTCCTGAGGTTAGCAT,58,551878
araCp,5.222222222222222,54,8,AGGAGGAAGTGCGTCAAAGC,46,603248
araCp,6.666666666666667,67,8,AGCGGGTCCGTGGAAAAGCT,59,576266
araCp,3.0,34,8,AGCGCCTTTCGCCCGGGTCC,26,599243
araCp,0.2222222222222222,9,8,AGAGGCCTCCTTTGTTGCAA,1,547249
araCp,8.88888888888889,87,8,AGAGCGTCTGCCTCGATGAG,79,569904
araCp,6.777777777777778,68,8,AGAAGGCATGACTATATAGT,60,525746
araCp,3.7777777777777777,41,8,ACGGCCGGACCCTAGTCTAG,33,595659
araCp,11.444444444444445,110,8,ACGCTTCATGCCGATTTGCG,102,576186
araCp,0.2222222222222222,9,8,ACCGGACGTCGCACCTTGGT,1,558427
araCp,8.777777777777779,86,8,ACCCTCTAACTCCTTTGAAT,78,595455
araCp,13.333333333333334,127,8,ACCCGCTACCGCCCTGGAAT,119,601793
araCp,0.2222222222222222,9,8,ACCATACAGGGCGATTCCCA,1,580216
araCp,4.777777777777778,50,8,ACATTTTGGACGTATGCAAA,42,590758
araCp,8.222222222222221,81,8,ACAGGAAGTCGTTAAAGGCT,73,576347
araCp,0.3333333333333333,10,8,ACAGATTAGTTATAACGTCA,2,586590
araCp,0.2222222222222222,9,8,AATGTTTAATGCTAATTCTG,1,561994
araCp,14.444444444444445,137,8,AATGAGGCCTGAACTTCGAA,129,597830
araCp,7.444444444444445,74,8,AATCTCATCCTTGGGCTCTT,66,555025
araCp,19.666666666666668,184,8,AAGTGCCTCGGGTAGACAGG,176,603642
araCp,6.222222222222222,63,8,AAGGCGGACATCAGCGACGG,55,574269
araCp,0.2222222222222222,9,8,AAGGAGTATGGCATTTCATC,1,582262
araCp,7.555555555555555,75,8,AAAACAAACCAGCTCAGAGC,67,597716
araCp,26.125,215,7,TTTGATTCTTACAACGCCAT,208,566385
araCp,8.5,74,7,TTTCTTCCAGCGTAGATGGA,67,539375
araCp,6.0,54,7,TTTACGAAGGGAGGATTGAC,47,544748
araCp,7.625,67,7,TTTAAGCCTAGAGTTCTCCT,60,582474
araCp,7.125,63,7,TTGGCTCTCGTACAGGCAAG,56,588460
araCp,13.75,116,7,TTCTCGGGTCGGTAAAGCAA,109,550520
araCp,11.375,97,7,TTCCGTACATGTGCGTCAGT,90,541257
araCp,11.125,95,7,TTACCTTCGGGGAAATGTAA,88,559200
araCp,6.125,55,7,TTAAATCAGGACCTCCGGAT,48,572294
araCp,17.375,145,7,TGTTTGGGTGTGTAATCCTT,138,594766
araCp,17.375,145,7,TGTCGTAAGATGTAAGACGA,138,560392
araCp,7.75,68,7,TGTAACTCGGGTTGGTCGTA,61,546782
araCp,7.125,63,7,TGGGGATTTGCGAGTGCGCA,56,569838
araCp,7.875,69,7,TGGATCTAGCCTCTCAGCTT,62,597042
araCp,0.25,8,7,TGCTTGTGGTGGTGATTTAG,1,580806
araCp,4.375,41,7,TGCTGAAATTGGGGGCTGAA,34,526402
araCp,9.375,81,7,TGCGTAGGACTCACGAGGGT,74,602253
araCp,19.0,158,7,TGCGATAGCAGGAGTAATCT,151,529410
araCp,8.5,74,7,TGCCTCTGGCGTATTCGCTT,67,584407
araCp,1.375,17,7,TGCCAGCGATGTTGTGCTTA,10,591172
araCp,0.25,8,7,TGCCACTCTATCCCTTGCTT,1,544103
araCp,1.75,20,7,TGCATACGTATGTCTCGATC,13,599646
araCp,9.125,79,7,TGACGCTTTCATCCATCGGC,72,587257
araCp,7.5,66,7,TCTTGGTAGGATGATGCCGA,59,596187
araCp,0.25,8,7,TCTGGCTACATTAGCGCCAT,1,564484
araCp,10.875,93,7,TCGTTAAGTGGTTCAGGTTA,86,539146
araCp,8.625,75,7,TCGGGTAAATACCATTCCTT,68,581506
araCp,4.25,40,7,TCGCGATACCCCCATTCAAT,33,542513
araCp,6.125,55,7,TCGATAAGCTGGCCAACCAG,48,559598
araCp,9.875,85,7,TCCTTTGGGCAGTATGGTGA,78,535998
araCp,10.25,88,7,TCCCACTGATATATGACACA,81,527435
araCp,6.25,56,7,TCCACCAGCGACCAGAAAGT,49,547219
araCp,27.625,227,7,TCATGTTCGTTACTTCCTGA,220,595963
araCp,7.125,63,7,TCAAACAGTTAGGGCGTATT,56,551754
araCp,4.125,39,7,TATGCTCGACATGATCCCAT,32,577726
araCp,0.25,8,7,TATGCAGTGGCTACGACATA,1,598949
araCp,7.25,64,7,TATATGCGGGGCATTACTAA,57,530070
araCp,5.0,46,7,TACTGCAAGGTCCGCGTTGT,39,577597
araCp,1.625,19,7,TACATGCGCGGTGTTCATCC,12,563268
araCp,4.0,38,7,TACAGCAGACAGACGTGACC,31,539670
araCp,6.125,55,7,TACACCTGTCCAATTGAACA,48,559466
araCp,7.125,63,7,TAATATGCATTTGCTCCCTA,56,540172
araCp,0.25,8,7,TAAGGCCGATTTCTTTCCCT,1,577594
araCp,4.75,44,7,TAAGCCATGAACCGTTGGCA,37,585754
araCp,8.25,72,7,TAAGAACGTTTAATAATGCG,65,552555
araCp,7.125,63,7,TAAAATGCGCCGACGGGGCG,56,588090
araCp,8.125,71,7,GTTTTCTCAATCTCGGCCAT,64,545937
araCp,7.875,69,7,GTTTACACAGTGGAATACGT,62,571110
araCp,0.25,8,7,GTGTCCCGCACTACTTGTGG,1,541306
araCp,0.25,8,7,GTGGTTTGGGTATGGGTTTT,1,527862
araCp,0.25,8,7,GTCTTCTAATCGGGCCTAAT,1,529650
araCp,5.25,48,7,GTCTCTTCGCGTGGGGCCGA,41,533673
araCp,8.0,70,7,GTAATTGCCTCAATTCCCTG,63,589622
araCp,8.0,70,7,GGTTGGCCCAGAGTGTAAGT,63,549042
araCp,0.25,8,7,GGTAGTTGGGCCTATCTTTG,1,547646
araCp,0.25,8,7,GGGGTGAATCTGTTCTAATC,1,595075
araCp,6.875,61,7,GGGCCCAAGAGAACGGTTAG,54,599862
araCp,6.25,56,7,GGCTCAGCCGTGCTGACTGT,49,564992
araCp,4.75,44,7,GGCCGCGGGGCCAATTCCTG,37,555446
araCp,3.5,34,7,GGATGATTCCAGTTTTTGAC,27,571346
araCp,7.875,69,7,GCTGTCCTACCCGCTAGTAT,62,531076
araCp,0.25,8,7,GCTATCTGGCGTGCTCGAAT,1,531014
araCp,10.625,91,7,GCGCGGTAATAGGCCCCTTT,84,592276
araCp,10.125,87,7,GCCTTCGTGTCCCTTGTGCT,80,529839
araCp,0.25,8,7,GCCTGTCTCTGTAACATGCC,1,556794
araCp,6.375,57,7,GCCGTTTGTAGATGGCTAAT,50,596304
araCp,12.25,104,7,GCCCTCATGAAAATTACGTC,97,537265
araCp,6.5,58,7,GCCCATGCGTTCACATTTGC,51,557995
araCp,10.375,89,7,GCCATAGGTTCACGTAAATA,82,531132
araCp,4.75,44,7,GCCATAGCCAGCAGCACAAT,37,560636
araCp,0.25,8,7,GCCAGGACGCGGTCAATGTA,1,598027
araCp,6.25,56,7,GCCACCGAACGTCGTGGCAT,49,583461
araCp,5.75,52,7,GCATTGACTACTACATTCGA,45,542591
araCp,0.375,9,7,GCAGCGTATAGCACGAATCC,2,530073
araCp,29.875,245,7,GATTTACTCGAATGAGGCTA,238,535917
araCp,4.25,40,7,GATGGCTTTCTCTACCCGAC,33,549316
araCp,9.25,80,7,GATCTTAGCGACTATATGGT,73,548418
araCp,0.25,8,7,GAGGCTATGATTGCTAGTGA,1,527295
araCp,6.5,58,7,GAGGATGTAGGGAAGATTTT,51,580219
araCp,0.25,8,7,GAGCAGAGACTTAACCCTTT,1,536277
araCp,2.875,29,7,GACTGTTTCTACTAGAGATG,22,595343
araCp,6.875,61,7,GACCAGACAAACAGGAGTTA,54,569851
araCp,11.875,101,7,GACAGTCTATGACGTCACTC,94,574743
araCp,8.875,77,7,GACAGTCTAAATCTACGTTA,70,567475
araCp,0.25,8,7,GAATTTAGCATCCAGTTAAT,1,598221
araCp,6.875,61,7,GAAGATCAGGTCATCCCAAC,54,600546
araCp,0.25,8,7,GAAGAATTGTACAATGATAC,1,561605
araCp,6.0,54,7,GAACACAAGTATCTGTGGGG,47,528307
araCp,7.25,64,7,CTTTCAGTGATCGTAACCGT,57,588393
araCp,8.25,72,7,CTCGAGGTTTTATATCGTTT,65,537417
araCp,7.0,62,7,CTCGAACGTGTGAGGGGGTG,55,532978
araCp,6.5,58,7,CTCCAGGGCCCTCCAGAGTA,51,585853
araCp,6.5,58,7,CTCACACGAGGAGGCTTGGA,51,535225
araCp,0.375,9,7,CTATACAAAATACACTAAAG,2,537209
araCp,7.625,67,7,CTAGGTGCCCCTATAGTAAC,60,562861
araCp,5.875,53,7,CGTGAGAAAGGCGTCGCACA,46,565991
araCp,2.75,28,7,CGGGGGTTCGGTGCGGCCAG,21,592373
araCp,0.25,8,7,CGGGCAGGGATCAGAGTCAC,1,526660
araCp,8.5,74,7,CGGCGCGACCACCGTACTAC,67,586066
araCp,8.125,71,7,CGGCCGTAGATTACTTTCGT,64,583623
araCp,0.25,8,7,CGCATTCCTGCCATGGGCTA,1,534858
araCp,8.5,74,7,CGCAACCGCTGAGCTGCAAC,67,577711
araCp,16.75,140,7,CGATTATGGGATCCTGAGCT,133,529384
araCp,7.75,68,7,CGATGGTGCCTACTGTGCTA,61,593137
araCp,7.25,64,7,CGATGGGGCTATGGGTTACC,57,558618
araCp,30.5,250,7,CGATGCAATCGGGAGATGCC,243,562117
araCp,5.375,49,7,CGATGACGTAGAATCTTGAT,42,542967
araCp,5.0,46,7,CGACGGCTTCCGCCCAAGAT,39,596528
araCp,2.875,29,7,CCTGGACTAATATTCACCGA,22,543324
araCp,0.25,8,7,CCTATAGCAGATTTGTAAGT,1,541660
araCp,7.125,63,7,CCGCCGGGCAGCTGGACTTG,56,565340
araCp,7.125,63,7,CCCGTTACATTATAAGGAGG,56,542741
araCp,9.875,85,7,CCCCGATCGGGCACCTGCAA,78,589827
araCp,9.375,81,7,CCCCAGTGATCGAGCATGAG,74,540981
araCp,0.25,8,7,CCCATACCGAGATATGAGTT,1,574053
araCp,0.25,8,7,CCCATAATCGACTCGGGAAT,1,558929
araCp,0.25,8,7,CCAACCTTACCGGGGTTGAC,1,529194
araCp,0.25,8,7,CCAAAAGGGTTGTTTACATC,1,537713
araCp,0.25,8,7,CATGAGTTAGTTGAGAAGCT,1,597920
araCp,0.25,8,7,CATATACATCGTCGTTCACG,1,530156
araCp,8.25,72,7,CAGTCGTTATTCATTATGGC,65,587075
araCp,8.0,70,7,CACGATGTGTAATATCTCGT,63,599760
araCp,0.25,8,7,CAATACCGGAGGACCAGACA,1,590338
araCp,0.25,8,7,ATTATGCTACTTTATGCGCT,1,554795
araCp,7.875,69,7,ATCTTACCAAGCCCTGAGAA,62,550348
araCp,8.0,70,7,ATCGGAAAGGCATAGACGAT,63,571009
araCp,7.125,63,7,ATAGCATACATCCGCGGGTG,56,571400
araCp,0.25,8,7,ATAGAGAAGGGTAGAGGGGT,1,546475
araCp,6.25,56,7,ATACTCAAGTGTCACGAGCA,49,541429
araCp,0.25,8,7,AGTTGTGTCCTGCGTGATAA,1,528013
araCp,7.5,66,7,AGTTCCAGTAGGAGATTATG,59,589066
araCp,0.25,8,7,AGTTCACATGGGTGGTAAAC,1,566814
araCp,22.625,187,7,AGTTAAAATGGCCCCATGCT,180,531327
araCp,6.25,56,7,AGTGCGCATGTGAAAGACAT,49,541204
araCp,5.125,47,7,AGGTCTTGCTTAAACCCTCC,40,588064
araCp,8.5,74,7,AGGATCCCATAACATGCGTA,67,562652
araCp,0.25,8,7,AGCTATCACTGTCGCGAGGG,1,567081
araCp,8.0,70,7,AGATATCGTTACCATAAACT,63,593314
araCp,18.75,156,7,AGAGCGGTGCCTAAGTTAAA,149,555307
araCp,6.25,56,7,AGACTCAGGCTACAAGCGGC,49,541933
araCp,6.25,56,7,ACTGGTGCACGGCACTTATA,49,564480
araCp,0.25,8,7,ACTCGCACAGTGGGTCAACT,1,552246
araCp,7.875,69,7,ACTCATTAGGCAATCATTAT,62,584317
araCp,7.0,62,7,ACGTAAGCGGTATATCCCTA,55,587310
araCp,0.25,8,7,ACGCTCCATAGGACGGTCCA,1,574496
araCp,6.625,59,7,ACGCAGTTTGTCACCGTCGT,52,575394
araCp,3.875,37,7,ACGATTCGCTTCAAGCTATG,30,572972
araCp,0.25,8,7,ACGAGCGCAACTAAGGTAAC,1,558276
araCp,16.375,137,7,ACGAGATCCCACAAGCTGAG,130,591820
araCp,0.25,8,7,ACAGCGTGTAAACATATCTT,1,581410
araCp,7.625,67,7,ACACTGCAAACCGGCAACAA,60,527613
araCp,8.25,72,7,AATTTGTATTGGAAGTTGAT,65,602860
araCp,8.375,73,7,AATTCTAACTTATTCGCCGA,66,583028
araCp,0.25,8,7,AATGGCACCGTCGTTTCCAA,1,598679
araCp,0.25,8,7,AATGACATGTTGCCAGGGCT,1,559712
araCp,6.0,54,7,AATCCGCGTAAAGGTAGCAA,47,559035
araCp,0.25,8,7,AAGGGCTTCGCTAGCTCCTT,1,556556
araCp,0.375,9,7,AACCGAAGTGCATGGCCGAT,2,529056
araCp,0.25,8,7,AACCCACCGGCTCCTCGATA,1,572485
araCp,7.5,66,7,AACAAAGACGTCTCGCAGGT,59,586788
araCp,8.25,72,7,AAAGTGCTGCATGTCGTGAG,65,548235
araCp,0.2857142857142857,7,6,TTTTTATCAAGGAAATTCAC,1,525821
araCp,2.142857142857143,20,6,TTTTCTGCCGTCGGTTAAAC,14,532717
araCp,5.714285714285714,45,6,TTTGCGTAAGCAGGGCATTT,39,541431
araCp,8.285714285714286,63,6,TTGTGTAGTCCATGTGTGAC,57,528795
araCp,9.0,68,6,TTGTCGCTGACATTTCAACT,62,581266
araCp,8.285714285714286,63,6,TTGGAGTCGATGTAGGATCG,57,537771
araCp,5.142857142857143,41,6,TTGCTCCGGGGAAGGCACGT,35,582806
araCp,7.571428571428571,58,6,TTGCGCTGGTCGCGAGAATC,52,577461
araCp,0.42857142857142855,8,6,TTCGCTCGAACGTTTAGGGA,2,596708
araCp,10.428571428571429,78,6,TTCGCTAGCGACACGTACAT,72,551402
araCp,2.5714285714285716,23,6,TTCGCTACCAAATGGTTCAC,17,550969
araCp,13.285714285714286,98,6,TTCCTGCAAGCTAATACCAA,92,536607
araCp,6.714285714285714,52,6,TTATAGGCGGCGCCGCTAAG,46,549679
araCp,10.142857142857142,76,6,TTAGGAAGAACGCTCAACTG,70,573139
araCp,7.0,54,6,TTAGCTAGCAGGATGTGTCG,48,527751
araCp,0.2857142857142857,7,6,TGTTGACCAGGGTGAAATGT,1,549091
araCp,0.2857142857142857,7,6,TGTGCAGCAACGCGGGGACA,1,558769
araCp,10.714285714285714,80,6,TGGGTAATTTAACGTCCTTT,74,540796
araCp,6.142857142857143,48,6,TGGGACGGGGAATAGATATA,42,573525
araCp,0.2857142857142857,7,6,TGCTGCCAGTAATGAGGTAG,1,578101
araCp,3.5714285714285716,30,6,TGCGGATTTGCTTGTAACTG,24,570393
araCp,11.714285714285714,87,6,TGCCTCATTATGAATCTAAT,81,580422
araCp,7.714285714285714,59,6,TGCCACAACCAGAGCCCAGA,53,570028
araCp,3.0,26,6,TGCATGCCCCGTTCGCGGTG,20,532333
araCp,0.2857142857142857,7,6,TGAGGCACGATCGACCGATA,1,596060
araCp,7.857142857142857,60,6,TGACGAATTAATAACAATAA,54,578705
araCp,0.2857142857142857,7,6,TCTTGTTGGGGATGTTACGT,1,548605
araCp,0.2857142857142857,7,6,TCTACAAGTTCCCGCCGCAG,1,537193
araCp,15.285714285714286,112,6,TCGGGGCAGCGAAGTCATGT,106,586919
araCp,7.285714285714286,56,6,TCGAGTCTGGAAAAGCACTC,50,529856
araCp,24.0,173,6,TCGACGGGGCCTTCTCAACA,167,528787
araCp,9.0,68,6,TCATACCATCCCTTCTGAAT,62,565610
araCp,0.2857142857142857,7,6,TCAAATATGCTTATGTGGTA,1,583807
araCp,29.857142857142858,214,6,TATGTAGGTTCGATACTTCT,208,569896
araCp,8.285714285714286,63,6,TATAGCGCAGCACTGCGGAA,57,541678
araCp,4.142857142857143,34,6,TAGCCCGGGCCGCTCGGTTA,28,578028
araCp,11.571428571428571,86,6,TAGAGGATGCTTAAATGATA,80,576147
araCp,38.714285714285715,276,6,TAGACATAAGATGGCAACGT,270,595961
araCp,3.5714285714285716,30,6,TACGGCCTGGCACTCCATCT,24,556300
araCp,7.142857142857143,55,6,TACGCCGCGTCGAGCCTGGG,49,540632
araCp,8.142857142857142,62,6,TAATGTAGGCGAATGCCTAA,56,577030
araCp,9.142857142857142,69,6,TAAGTACTTCACAGGACCAT,63,536108
araCp,10.571428571428571,79,6,TAACGGTAAAGGGCTGGAAC,73,588982
araCp,10.571428571428571,79,6,TAAAATTTGTTCCAGATGCG,73,582283
araCp,8.428571428571429,64,6,GTTTTTCTGACAAGACAACT,58,528294
araCp,0.2857142857142857,7,6,GTTTGAGCAGACGGTCATTA,1,594281
araCp,6.571428571428571,51,6,GTTTATCGAACAAAAACTTG,45,546084
araCp,0.2857142857142857,7,6,GTTGAACCCTGTTCGCTTGC,1,582686
araCp,9.428571428571429,71,6,GTTCACTGCTTATTTTGTTG,65,534688
araCp,4.857142857142857,39,6,GTTAAGAGGACCCAAACCTC,33,547124
araCp,9.142857142857142,69,6,GTGTGTCAAGGCCATAGCTT,63,599306
araCp,7.428571428571429,57,6,GTGTGCCCAAGGATAGGTAA,51,581108
araCp,7.142857142857143,55,6,GTGTCTACACAGGTTTCCGC,49,534156
araCp,9.428571428571429,71,6,GTGTCGCCTTAGCTTGTATT,65,528303
araCp,0.2857142857142857,7,6,GTGGAGCGCTTTCAGGGCAT,1,537503
araCp,4.857142857142857,39,6,GTCCAACTCGGGGTGAATAA,33,527312
araCp,10.428571428571429,78,6,GTATCTTCCATGATACCTAA,72,558549
araCp,7.142857142857143,55,6,GTATCACTGTTCAGAGTGTG,49,545559
araCp,0.2857142857142857,7,6,GTACCTTCCTAGAACATTAC,1,579558
araCp,6.285714285714286,49,6,GTACCCCGTGGCCCAGCCGC,43,595285
araCp,8.285714285714286,63,6,GTACAAACCGGATGTTTTTT,57,535138
araCp,3.5714285714285716,30,6,GTAAGCGTTCGCGACGTGAT,24,578284
araCp,0.2857142857142857,7,6,GTAACCAATCGACTTTGGGA,1,591959
araCp,7.714285714285714,59,6,GTAAAACACTAATTAGCGGA,53,589411
araCp,6.285714285714286,49,6,GGTTTCACACCCATGTGGCT,43,580520
araCp,9.285714285714286,70,6,GGTGTATCCTGTTTAAACCA,64,563915
araCp,0.2857142857142857,7,6,GGTCCAGTATGTAAGTAATC,1,573607
araCp,9.142857142857142,69,6,GGTCCAGGAGGACGACTTCA,63,578343
araCp,9.142857142857142,69,6,GGTCAAACGTTCACATCGGC,63,527964
araCp,9.285714285714286,70,6,GGTATACGTTGATCCCACAT,64,573950
araCp,12.571428571428571,93,6,GGTAGTACGGGAAGGTTTGT,87,589432
araCp,8.0,61,6,GGGCTTTTATACTTCTGGCT,55,529766
araCp,18.428571428571427,134,6,GGGCGGACGTGATAAACTAA,128,602465
araCp,8.285714285714286,63,6,GGCGTAAAGCTAGGTTCGAT,57,542011
araCp,10.428571428571429,78,6,GGATTATTTTTATGTCCACA,72,555340
araCp,9.0,68,6,GGAGGGCGAGACTAAATGTT,62,566404
araCp,4.571428571428571,37,6,GGAGGCCTTGGGAGAGTGCA,31,535888
araCp,15.571428571428571,114,6,GGACGCCCGTGATTCAGTGA,108,549451
araCp,5.857142857142857,46,6,GGAACGCGAGGTCCTCGAGT,40,546862
araCp,6.857142857142857,53,6,GCTTTACCGGTTCTTTCCAA,47,544623
araCp,8.0,61,6,GCTTAACCCAAGTACATAAT,55,574357
araCp,9.857142857142858,74,6,GCGTTTTAGAGTAACTATTA,68,597243
araCp,18.0,131,6,GCGTTCCTCTTTTCTCACTA,125,556653
araCp,3.857142857142857,32,6,GCGTTATGTACGAGGCACTA,26,541804
araCp,0.2857142857142857,7,6,GCGGCGAGCGAAAGGTGAGT,1,542935
araCp,25.428571428571427,183,6,GCCGGCGCAACTGCCTAGAC,177,593092
araCp,0.2857142857142857,7,6,GCCCTGTGTCGTCCATATAC,1,555896
araCp,10.142857142857142,76,6,GCCATACTAGGCTCCAATTG,70,529502
araCp,7.142857142857143,55,6,GCATTCTCTCACGTCCGGCA,49,570672
araCp,0.2857142857142857,7,6,GCATCCGCTTCGGTAGAAAA,1,576877
araCp,3.5714285714285716,30,6,GCAGTCACTAAGACAACATA,24,541794
araCp,0.2857142857142857,7,6,GCAGTAGACCTAGCGAGACA,1,579181
araCp,7.714285714285714,59,6,GCACGCCGGTTAAAGCCATG,53,595663
araCp,9.571428571428571,72,6,GCAATCAGGCCATGCCACAT,66,593087
araCp,0.2857142857142857,7,6,GCAAGCGCGCACTTCCCCCC,1,533169
araCp,15.571428571428571,114,6,GATTCTCCTGTAGCGAGACG,108,537424
araCp,8.285714285714286,63,6,GATTATGAGGTAAGTGTCTC,57,589259
araCp,9.857142857142858,74,6,GATTATCCCCTATTCTGTTC,68,565116
araCp,8.142857142857142,62,6,GATCACGGGGTAAACAGACC,56,582563
araCp,6.714285714285714,52,6,GATCAAACGTGTTTACTTCC,46,544754
araCp,10.571428571428571,79,6,GATAAGTAGAATTCGGTCTA,73,595780
araCp,9.571428571428571,72,6,GACAGGGGCGCTACCAAGAC,66,600139
araCp,0.42857142857142855,8,6,GACAAGTCGTGTGGGAAGGA,2,561911
araCp,8.428571428571429,64,6,GAAGCCAGTTTAGCATCTCG,58,590171
araCp,0.2857142857142857,7,6,GAAATCCTGCGTTAGGAGGC,1,560836
araCp,7.857142857142857,60,6,CTTTGAAATAGGGTTACCAA,54,590765
araCp,0.2857142857142857,7,6,CTTTCCTCAGAGGATGTGTT,1,600056
araCp,0.2857142857142857,7,6,CTGAAGTCATCGAAAGAGGA,1,568054
araCp,4.857142857142857,39,6,CTCCCGCGAGACCCATCATA,33,538503
araCp,9.571428571428571,72,6,CTATTCTGGCGTGATCTAAT,66,589038
araCp,7.571428571428571,58,6,CTACACTAAGCTGCTGGTGA,52,535500
araCp,6.571428571428571,51,6,CGTGCTCGTGCGTGATAGCT,45,537786
araCp,7.857142857142857,60,6,CGTGATCGTTTGATGACTCT,54,539065
araCp,7.571428571428571,58,6,CGGTCGATGGCAAGCTTCAC,52,584824
araCp,10.285714285714286,77,6,CGGCTTGGAGCTAGGCTTAA,71,526398
araCp,6.714285714285714,52,6,CGGAATTAACAGTTTGCCAG,46,536502
araCp,7.285714285714286,56,6,CGCTCGTCCGTCCGTTTGGA,50,592723
araCp,8.142857142857142,62,6,CGCATACACGCCGTACTAAT,56,544634
araCp,8.571428571428571,65,6,CGAGTGGTCGGCGCGACATT,59,596526
araCp,22.142857142857142,160,6,CGAGGGCCGTGAAAGAGCGT,154,594864
araCp,8.857142857142858,67,6,CGAGCACGAAGGAGGAAAGC,61,549599
araCp,5.571428571428571,44,6,CGACATCACGGCGGCACGAA,38,526659
araCp,0.2857142857142857,7,6,CGAATGGAGAGGCGCAAAGT,1,550528
araCp,6.0,47,6,CCTTTGGATTCAGAAGGCAT,41,531793
araCp,8.0,61,6,CCTGAGTGCTTAAAGCCAGC,55,553866
araCp,9.0,68,6,CCTCGGGTTGGAACTCGCGG,62,534557
araCp,15.285714285714286,112,6,CCGGGGGTCTGGCAATTGCG,106,566697
araCp,10.714285714285714,80,6,CCGATTTACAGATTGCATAA,74,529470
araCp,14.428571428571429,106,6,CCGACTGGCTGCCAAATGCG,100,551996
araCp,7.857142857142857,60,6,CCGACTAACTGCGGAACCTC,54,578775
araCp,0.2857142857142857,7,6,CCCGCTATGCGCTTCGGACG,1,573572
araCp,1.2857142857142858,14,6,CCCCCGGGGACACTCCCCTT,8,553099
araCp,0.2857142857142857,7,6,CCCCACACAGCTCCGGCGCT,1,530343
araCp,0.2857142857142857,7,6,CCATCTCGCGAGTCAACTCG,1,533498
araCp,0.2857142857142857,7,6,CCATCTATCTCTCCCTTTGC,1,603009
araCp,0.42857142857142855,8,6,CCAGTTTGCGTTGGAACCCA,2,554004
araCp,7.142857142857143,55,6,CATGCGGGGTGGCCCAGGCT,49,590522
araCp,2.2857142857142856,21,6,CATGAGATAGAGACACGTAA,15,553513
araCp,0.2857142857142857,7,6,CATATGTCAGCGGGCGGCAT,1,570452
araCp,8.0,61,6,CAGTGGTTCCGCTCGTAAAC,55,548595
araCp,9.285714285714286,70,6,CAGTAACCTTGCACTGTGTA,64,569156
araCp,0.2857142857142857,7,6,CAGGGGCCGAGCATACTCTA,1,594463
araCp,41.57142857142857,296,6,CAGATCGCAGGACCCTGTGG,290,575328
araCp,8.428571428571429,64,6,CACTGACTCGTCCCTTACCT,58,591805
araCp,8.857142857142858,67,6,CACGGGGGGTTACGGGGCAT,61,537443
araCp,60.285714285714285,427,6,CACGAATGTCAGCGTAGAGT,421,528788
araCp,0.2857142857142857,7,6,CAATAAACAGGAGAAGCGGA,1,595600
araCp,8.571428571428571,65,6,ATTGGACTTCTTGTCAGACC,59,530443
araCp,10.0,75,6,ATTAAGGCTCAGAAATAAAA,69,575114
araCp,10.571428571428571,79,6,ATGGTCCGTACGTTGGCTCC,73,566150
araCp,8.0,61,6,ATGGTCCCTCAGAGAGATCT,55,565523
araCp,5.571428571428571,44,6,ATGGCCTTGCCCACCGAAGG,38,595880
araCp,0.2857142857142857,7,6,ATGCAGAATCGGGCTGTTGT,1,578576
araCp,31.571428571428573,226,6,ATGACGGCTTCAGCGCCCTT,220,595968
araCp,12.571428571428571,93,6,ATCATAATACGGGACTAACT,87,548367
araCp,5.428571428571429,43,6,ATCAAATTAGGGGGAATCGG,37,562889
araCp,5.571428571428571,44,6,ATATTTGTGACCGTACTAAG,38,598950
araCp,12.571428571428571,93,6,ATATGTATCTTAGCACCAGA,87,573181
araCp,9.571428571428571,72,6,ATATACGGAATCACTCAGCC,66,602569
araCp,0.2857142857142857,7,6,ATAGCAGTACGCTACCCTCT,1,593791
araCp,0.2857142857142857,7,6,ATAGAACTCTTTGTGCCATT,1,591069
araCp,0.2857142857142857,7,6,ATACAGGTCTCCCACCCATA,1,537798
araCp,6.285714285714286,49,6,AGTGGCTTCTCGGGACAGTT,43,592334
araCp,7.142857142857143,55,6,AGGCGTGTCCGCGAACACCT,49,564708
araCp,0.2857142857142857,7,6,AGGACACACTTGCCATCAGT,1,531043
araCp,0.5714285714285714,9,6,AGGAAGAGGGGGCAAGCCCA,3,567358
araCp,3.0,26,6,AGCTACGCGGCCAAATTAGT,20,596480
araCp,0.2857142857142857,7,6,AGCTACAGCGCGTAAACCTG,1,574354
araCp,14.571428571428571,107,6,AGCGCAGTGACTTCGTCCTC,101,537889
araCp,1.8571428571428572,18,6,AGCCGATCGGCGCTAGTGTG,12,552907
araCp,7.571428571428571,58,6,AGCCACTCCTGAGGGGAGGC,52,562934
araCp,0.2857142857142857,7,6,AGACCTTTTTAACTTACTGC,1,572031
araCp,8.571428571428571,65,6,ACTTTGTGAACTCCAAGGCA,59,600547
araCp,10.857142857142858,81,6,ACTGCTTTGACTACGGATAT,75,562845
araCp,8.142857142857142,62,6,ACGTTCCGTCGTCCGGGCTG,56,555297
araCp,8.714285714285714,66,6,ACGGGGAGTGAGGCATACAC,60,599778
araCp,6.285714285714286,49,6,ACGCTCACTGGTCATGTATA,43,542012
araCp,7.428571428571429,57,6,ACGCGGAAGTTACGGGTAGT,51,587833
araCp,0.2857142857142857,7,6,ACGAGCGTATTGTACCCATC,1,560744
araCp,8.857142857142858,67,6,ACCGGCTATTGCGCGATGGT,61,545461
araCp,9.0,68,6,ACCGCGATGCGTTAAAATGG,62,576666
araCp,3.857142857142857,32,6,ACCCCGTTCTGTAGCCCCTA,26,541943
araCp,0.2857142857142857,7,6,ACCCCAATTCACACGATAAC,1,547623
araCp,8.571428571428571,65,6,ACATTTAGTTAATTACGTGG,59,552860
araCp,8.142857142857142,62,6,ACATGTTTTTATAGTAGGTT,56,552168
araCp,7.285714285714286,56,6,ACAGGCAAACCGTAGTTTCG,50,592119
araCp,7.428571428571429,57,6,ACAGCGGCTAGGGCATAAAT,51,584372
araCp,0.2857142857142857,7,6,ACACCACCAACCGGATATAG,1,549707
araCp,24.571428571428573,177,6,ACAACGATTGACCTCGGGCA,171,529372
araCp,6.0,47,6,AATTTTGTACTTTGCCCGCA,41,537362
araCp,15.571428571428571,114,6,AATATAGAGACCTCCGCGAT,108,564064
araCp,7.285714285714286,56,6,AATAAAAGGTGGCGCCCGGT,50,576721
araCp,10.571428571428571,79,6,AAGGGGCGTGCGTACAACAC,73,527376
araCp,4.428571428571429,36,6,AAGATGCGGCCGCAACGAGC,30,587977
araCp,7.571428571428571,58,6,AACTCCCAATTACCTAGACG,52,548071
araCp,6.285714285714286,49,6,AACGCGGTCCATCAGAGGAA,43,560639
araCp,28.428571428571427,204,6,AACATAGTCAGTGACAGTGA,198,595439
araCp,8.571428571428571,65,6,AACAGATCTGGTAGGGAAGT,59,531013
araCp,8.285714285714286,63,6,AACACTACTCGTAAAGTTGT,57,535491
araCp,7.857142857142857,60,6,AAATTCTCACTTTCGGGCGA,54,570221
araCp,0.2857142857142857,7,6,AAATGACCCCCAATCATCAT,1,567012
araCp,0.2857142857142857,7,6,AAAGCGAGACATGCCTTGCG,1,599816
araCp,0.2857142857142857,7,6,AAACTCCAACACGTCCGGTT,1,601579
araCp,0.2857142857142857,7,6,AAACGTTTTCTGCGCGCAAT,1,565257
araCp,0.3333333333333333,6,5,TTTTTCAACTTATCAAGATT,1,579239
araCp,9.166666666666666,59,5,TTTTGCTTCTCCACGGTTTG,54,542393
araCp,7.0,46,5,TTTTGCTTCAGGCCTAGTTT,41,599922
araCp,0.3333333333333333,6,5,TTTGGAACTGTCCCAGTCAG,1,566963
araCp,6.5,43,5,TTTCAAAGAATAAGGTCACG,38,596420
araCp,10.0,64,5,TTTAGGGAGCGTTGCTGCGG,59,530889
araCp,0.3333333333333333,6,5,TTGTTGAAAGGGGCAACGAA,1,603254
araCp,0.3333333333333333,6,5,TTGGCTCACACGCCGCCGGG,1,552691
araCp,11.5,73,5,TTGCTATGGCTTAACGTAGT,68,598318
araCp,7.5,49,5,TTGCTAATTTCATCACGAGT,44,538991
araCp,10.166666666666666,65,5,TTGCGAATGGGAGAGACGAA,60,529198
araCp,0.3333333333333333,6,5,TTGATCCAGCCGATATTAAT,1,536416
araCp,10.0,64,5,TTCCCCGCACTCAATATCTC,59,535895
araCp,9.666666666666666,62,5,TTCAATATCCCCCGTGTTTG,57,551889
araCp,10.333333333333334,66,5,TTCAATAAGTAAGATAGCGG,61,591511
araCp,9.666666666666666,62,5,TTATAATTTCTTACTCACGG,57,543995
araCp,7.833333333333333,51,5,TTACGCGAATTGGGCACGTG,46,544157
araCp,8.166666666666666,53,5,TTACATATGCCCATGTACCC,48,525750
araCp,0.3333333333333333,6,5,TGTTCCATGTTGACCAAAGA,1,579358
araCp,11.5,73,5,TGTTAAGACTTGACAGTAGA,68,559792
araCp,26.5,163,5,TGTAACAAGTCTAGTACCTT,158,554214
araCp,13.666666666666666,86,5,TGGTCTTTTATGCAATTTTC,81,551746
araCp,9.666666666666666,62,5,TGGCGAACCACGTTGTCAGA,57,535991
araCp,23.833333333333332,147,5,TGGAAATCTCATTCTACTGA,142,537789
araCp,19.166666666666668,119,5,TGCAATACATCGATCTTGCG,114,559614
araCp,7.5,49,5,TCTCTTCAAGAGTAACATAA,44,529144
araCp,8.833333333333334,57,5,TCTCCTAACGAATCTCTGCC,52,571425
araCp,11.666666666666666,74,5,TCTACCAGCTCACAGTTTGT,69,557832
araCp,0.3333333333333333,6,5,TCGTCGCGGTCGTCGCCGGA,1,530841
araCp,7.333333333333333,48,5,TCGTAGTAAAACCTACCTAC,43,594855
araCp,0.3333333333333333,6,5,TCGGACACAACAATACTAGG,1,551867
araCp,0.3333333333333333,6,5,TCGCTTTTGCCCAAGCGCAA,1,596315
araCp,27.333333333333332,168,5,TCCTCTTAGTGAGTGCATAG,163,598093
araCp,0.3333333333333333,6,5,TCCGACACTAAACGTGGGTA,1,601080
araCp,0.3333333333333333,6,5,TCCATTTATCTCATCAAGCC,1,550030
araCp,8.666666666666666,56,5,TCCACGCAGTGACGACGGAG,51,575658
araCp,9.333333333333334,60,5,TCCAAGGTTTGGTATTTTGG,55,561840
araCp,0.3333333333333333,6,5,TCATCATGTCGTCTTGCATT,1,579576
araCp,4.833333333333333,33,5,TCAGTCAATTTAGGGGAGTT,28,552988
araCp,5.5,37,5,TCACCACCGACATTTGGATC,32,603354
araCp,10.0,64,5,TATGTAGCCGACACCAATAG,59,556893
araCp,12.166666666666666,77,5,TATCACTCGCTGTCTTTAGA,72,566434
araCp,15.333333333333334,96,5,TAGTTTACATCCTTCTGTAC,91,537175
araCp,15.5,97,5,TAGGACTGAGACACTACACT,92,585861
araCp,9.833333333333334,63,5,TACATTACGGCACGGTCGTC,58,587335
araCp,0.3333333333333333,6,5,TAATAATGACACAACACAAC,1,547578
araCp,9.0,58,5,TAAGGGTTGGGCAAGACGCC,53,584133
araCp,1.8333333333333333,15,5,TAAGAGTCGCTCACGATTTC,10,550814
araCp,8.333333333333334,54,5,TAACTGTGCCTCATCGGCGA,49,556641
araCp,0.3333333333333333,6,5,TAAACACCTTTGGCCACAAT,1,553974
araCp,6.166666666666667,41,5,GTTTAGGAAGAGACATTATG,36,529724
araCp,0.3333333333333333,6,5,GTTGCTCTCAGAGCGTCGGT,1,596529
araCp,6.5,43,5,GTTCGAATATTCCGAAAATG,38,601488
araCp,0.3333333333333333,6,5,GTTCCAATTGGAAACCCAGT,1,588270
araCp,7.0,46,5,GTGTCACGATTGGGTCGTCG,41,590169
araCp,10.5,67,5,GTGGTAAGAGAGATCCATTG,62,541535
araCp,0.3333333333333333,6,5,GTGGGTGTCGGATAGACGAG,1,587920
araCp,10.166666666666666,65,5,GTGCGTTGGGGAGACGTGAG,60,535709
araCp,0.3333333333333333,6,5,GTGATTCTTGCACTATTGAA,1,569145
araCp,8.0,52,5,GTCATCAATGGGCACACGCG,47,580420
araCp,0.3333333333333333,6,5,GTATCGTTGATGCCTAACGT,1,602605
araCp,0.3333333333333333,6,5,GTACTGTACGCCACCTTTTC,1,556889
araCp,3.0,22,5,GGTTGCCTTTCTCGATTTGG,17,585297
araCp,0.3333333333333333,6,5,GGTGGTGAGCAGCGCTGTAT,1,595083
araCp,0.3333333333333333,6,5,GGTCATTTTACTAGGGACGG,1,589041
araCp,6.166666666666667,41,5,GGGTTCCGCGTATGCTTCAA,36,560749
araCp,6.166666666666667,41,5,GGGTGCATATTTGACGGGTC,36,535894
araCp,0.3333333333333333,6,5,GGGGGTTATGATCTACGATG,1,588591
araCp,23.0,142,5,GGGACCTGGCGGTTCTTGTA,137,581469
araCp,8.5,55,5,GGCTAGTTATGGGTGGCCAA,50,569918
araCp,10.0,64,5,GGATCGTTTTTAGAGTAGAT,59,558665
araCp,18.833333333333332,117,5,GGAGAGTTTAACCCGGTGTG,112,603331
araCp,10.333333333333334,66,5,GGAGAGGATAATACTTAAAA,61,598565
araCp,9.666666666666666,62,5,GGACGTCACCGCTCGGCATG,57,543758
araCp,13.5,85,5,GCTGGAAACGGGGGCACCTC,80,593076
araCp,17.5,109,5,GCTATACCGAGATAACTTCA,104,579908
araCp,0.3333333333333333,6,5,GCGTTCTTCAAACGTCATGA,1,582804
araCp,0.3333333333333333,6,5,GCGGTAGGGTCAAGGCAGTA,1,598260
araCp,0.3333333333333333,6,5,GCGGCCACGACAGCGGGCCT,1,581948
araCp,9.166666666666666,59,5,GCGCGCCGGGCCTAATTGTA,54,585542
araCp,0.3333333333333333,6,5,GCGAACTTACAACAGACCGC,1,588252
araCp,5.666666666666667,38,5,GCGAAACAATCCTCGGATGA,33,541081
araCp,0.3333333333333333,6,5,GCCTCGTACTCGGATTCTCA,1,550193
araCp,12.333333333333334,78,5,GCCTAGCTCAGGTCCATCGT,73,571044
araCp,16.0,100,5,GCCGTTCTCGGCCGACACGT,95,595142
araCp,12.333333333333334,78,5,GCCATTTTTCTCATCTGGGT,73,529404
araCp,7.333333333333333,48,5,GCCAGAAAATATTGGGTGAG,43,593660
araCp,16.5,103,5,GCATGGAGGCTTTGCCATCT,98,595959
araCp,11.0,70,5,GCATCCTTCGGAAAAAAGGA,65,549568
araCp,10.666666666666666,68,5,GCAGTCAGGATCCCATGCTT,63,579933
araCp,7.666666666666667,50,5,GCAGTAGAGGGGTCACTAAG,45,538558
araCp,8.5,55,5,GCAGCTCGAATGAGGGCGTC,50,572979
araCp,0.3333333333333333,6,5,GCACCGTGGCCGCTCGTCAA,1,552412
araCp,10.5,67,5,GATGTTAGTGGTGTCCCGGC,62,542768
araCp,6.333333333333333,42,5,GATCTAGTCTCGTCGGACTG,37,595300
araCp,11.166666666666666,71,5,GATCAAGCGCGGGCTGGAAT,66,597826
araCp,9.166666666666666,59,5,GAGGCGACACATGGCCAGCT,54,582310
araCp,0.3333333333333333,6,5,GAGCGTTCATGTCAGTCCAA,1,566268
araCp,3.0,22,5,GAGCAGGTCGCGACGTCTGG,17,552304
araCp,0.3333333333333333,6,5,GAGATAAGTCTATGCGTTCC,1,559649
araCp,9.833333333333334,63,5,GACTCACGTACGACAACCTC,58,579538
araCp,3.3333333333333335,24,5,GACCAATTTTACGCTTAGAC,19,562794
araCp,0.3333333333333333,6,5,GAATGCGACTTCCATCAAGT,1,550392
araCp,9.0,58,5,GAAGTGCTCAACTGGGGACA,53,554527
araCp,9.333333333333334,60,5,GAAAATGTTGCAGGGATTCC,55,578887
araCp,33.333333333333336,204,5,CTTTCATTCTGTCGTGGAAT,199,554623
araCp,6.5,43,5,CTTGACTTTTAAGTGCGGGG,38,554073
araCp,8.5,55,5,CTTATTGCCCCGGTAAGTTT,50,545921
araCp,1.6666666666666667,14,5,CTTAATACATGAATCCCTTT,9,590365
araCp,16.833333333333332,105,5,CTGTTTAAACGGCGGTCTTA,100,591769
araCp,10.0,64,5,CTGAGATGTCTCTTATGCCT,59,571317
araCp,8.333333333333334,54,5,CTGACCTCGGGCCTGTGGTG,49,582758
araCp,9.0,58,5,CTCTGACATCATTACCCCAT,53,548815
araCp,6.5,43,5,CTCGACTTTTGTTAAGTTAG,38,593033
araCp,20.666666666666668,128,5,CTCCGTAGCATTAGCTCAGA,123,546436
araCp,0.3333333333333333,6,5,CTAGGCAACGCTTTAGAATA,1,582796
araCp,2.3333333333333335,18,5,CTAATCAAGTACTTCCCTCA,13,598385
araCp,12.0,76,5,CTAAGTCTCCTGAACATATG,71,543209
araCp,9.333333333333334,60,5,CGTCTTCCATCGCTATACAG,55,589323
araCp,7.333333333333333,48,5,CGTCAGCGCCGCTCCAGATA,43,597770
araCp,11.166666666666666,71,5,CGGTTACTTGGCTATACGTC,66,592531
araCp,6.166666666666667,41,5,CGGCGGTCGAGCAGCACCGC,36,534603
araCp,10.5,67,5,CGCTATTCTAGAACGTGGTT,62,546471
araCp,6.166666666666667,41,5,CGCGCTTATACATCTGACTC,36,566452
araCp,8.166666666666666,53,5,CCTTCAGTTGAAGACGCATC,48,531813
araCp,9.0,58,5,CCTTCACTTCAATACCATCC,53,533861
araCp,0.3333333333333333,6,5,CCTCCGACGTGCGAAATAAC,1,585120
araCp,12.5,79,5,CCTAGTAACGTTAGAAGCGA,74,591438
araCp,19.666666666666668,122,5,CCTAGGTTCTGAGCTTTGAT,117,580042
araCp,3.6666666666666665,26,5,CCGCAAGTTCGGCCGACAAA,21,587001
araCp,5.0,34,5,CCGAATGATCATGTTTGGTG,29,598952
araCp,12.666666666666666,80,5,CCCTTTATACACCTGCGCAT,75,538905
araCp,12.166666666666666,77,5,CCCCTTGGGCTAACCACCAG,72,562053
araCp,8.0,52,5,CCCCAAGGGCGTCTCGTGCT,47,569457
araCp,10.5,67,5,CCCATGTGGCTTCAACTTTA,62,595233
araCp,9.0,58,5,CCATCCGGATGCTCATTGTG,53,556590
araCp,10.166666666666666,65,5,CCATATTGCACGGCACCCTC,60,572018
araCp,0.3333333333333333,6,5,CAGTAATATCATATTAACTA,1,596885
araCp,12.5,79,5,CAGCCAACATTGAGTGCACT,74,583125
araCp,9.833333333333334,63,5,CAGAACGTTGGCGCGCCCCA,58,595539
araCp,9.333333333333334,60,5,CAATTCCCTGGTGACCCCAG,55,569906
araCp,13.333333333333334,84,5,CAATAAGGGGGTTACGTGCT,79,558008
araCp,8.333333333333334,54,5,CAAAGTTTTCGCCTCCTTTC,49,576003
araCp,0.5,7,5,ATTTCTGGCAATGCAATTTA,2,528797
araCp,0.8333333333333334,9,5,ATTGTCGTGTCGTTGTACAT,4,546477
araCp,5.666666666666667,38,5,ATTGAGACACTCTCATTAGC,33,596990
araCp,11.0,70,5,ATGTCGGATCTCTAAACATT,65,529851
araCp,12.666666666666666,80,5,ATGGTCGGGTCGTACAATAT,75,563406
araCp,0.3333333333333333,6,5,ATGGTAGACGGACTATGCTA,1,554181
araCp,7.5,49,5,ATGCCTCAGGGTCGGCGGAA,44,587060
araCp,13.166666666666666,83,5,ATGAACACATGCCAGAGACA,78,543610
araCp,0.3333333333333333,6,5,ATCTTTTTGCTCTTAGGCCT,1,538830
araCp,11.166666666666666,71,5,ATCTGAGTGGCTAGATCGTG,66,594934
araCp,8.666666666666666,56,5,ATCTCTCTGCAGCTTGGCGG,51,528964
araCp,11.166666666666666,71,5,ATCAGGGGTGTCTCGTCTAG,66,569239
araCp,5.166666666666667,35,5,ATATTCGGCCGGGTGTGCGT,30,529183
araCp,19.666666666666668,122,5,ATATGGTCGCCGATCAGGTC,117,553239
araCp,11.166666666666666,71,5,ATAGCCTCGAGACAAACTAA,66,577886
araCp,7.833333333333333,51,5,ATAGAAGTTACCGGTCTCGA,46,593089
araCp,11.333333333333334,72,5,ATACGTGTCAACTTTTATTC,67,546195
araCp,8.166666666666666,53,5,ATACCGTGTGTGACACGTAG,48,593885
araCp,7.166666666666667,47,5,AGTTTTGAGTGGCGTTAGAC,42,589671
araCp,33.666666666666664,206,5,AGGTACGTCCCTCTCCATTG,201,569877
araCp,0.3333333333333333,6,5,AGCTCGGCGTACTGTGTAGG,1,546956
araCp,10.5,67,5,AGCGCGATATCTCAGTCCAG,62,549750
araCp,0.3333333333333333,6,5,AGCCCGGGCGGGTCCCATTA,1,587973
araCp,7.0,46,5,AGCCATAATCCTTCCACCCT,41,535137
araCp,9.0,58,5,AGCAGACTGCTATTTAAGCG,53,593538
araCp,15.0,94,5,AGATAGGGATTGCGATTATG,89,528243
araCp,12.166666666666666,77,5,ACTTGGGGGGGACCGTTCAG,72,589541
araCp,0.3333333333333333,6,5,ACTTCTGCATGAAGGATCAC,1,529961
araCp,6.0,40,5,ACTTCCACCGAACCAATCCG,35,585493
araCp,8.0,52,5,ACTGCTGCTGACTACGCCCC,47,548741
araCp,0.3333333333333333,6,5,ACTCTGGGATTCGCCGAAAC,1,580803
araCp,0.3333333333333333,6,5,ACTACCGTCCATCAAATAGT,1,562219
araCp,10.166666666666666,65,5,ACGTGCGCAAATAAGGTCTT,60,598335
araCp,8.833333333333334,57,5,ACGTCATAAGGTCATTCAGT,52,573502
araCp,7.166666666666667,47,5,ACGCGTGTAGAATCCTCGCG,42,599232
araCp,3.0,22,5,ACGCAGCTCCTGGAGGCCCA,17,594764
araCp,24.0,148,5,ACCTCAGCCCTGTCTGACTG,143,538039
araCp,9.666666666666666,62,5,ACCGGTGAGTACGGGCCGTT,57,560390
araCp,9.166666666666666,59,5,ACCCGGTGCTCACAACCGCA,54,599755
araCp,17.666666666666668,110,5,ACCATCTGGCGGGTACTAGA,105,529900
araCp,6.0,40,5,ACCATCTCCCGCTCTGGCTC,35,594690
araCp,11.333333333333334,72,5,ACCAGGCTAGGGAAGAACGA,67,587056
araCp,9.5,61,5,ACCAAGTTAAGCGTTCAAGT,56,532295
araCp,0.3333333333333333,6,5,ACATTTTAAACTATAGATGA,1,535907
araCp,8.5,55,5,ACATCTACGGCCCTAAGAGC,50,596974
araCp,10.333333333333334,66,5,ACAGCCCCACAGGCGTCGGT,61,537775
araCp,0.3333333333333333,6,5,ACACTCGCTTCGTAGACGCC,1,530761
araCp,13.333333333333334,84,5,ACAAGGGCAGTACACTCGGT,79,551331
araCp,12.333333333333334,78,5,ACAAGGATTTATCGTCAAAT,73,596094
araCp,9.166666666666666,59,5,ACAACATCCAAAGCGTAAGT,54,527325
araCp,0.3333333333333333,6,5,AATTAGGACTATGGGGAAGT,1,532307
araCp,8.166666666666666,53,5,AATGTGTGGGGTTCACCGCA,48,575319
araCp,0.3333333333333333,6,5,AATGTAATGACTAGAGTACT,1,534563
araCp,10.333333333333334,66,5,AATGGCCGAGTAAGTCCTAG,61,553820
araCp,0.3333333333333333,6,5,AATCTGTTCACTTATCAAGA,1,591585
araCp,6.833333333333333,45,5,AATACCTTCCTGTGTAACTG,40,542757
araCp,17.833333333333332,111,5,AAGTTGCCTGTGTGGAAATC,106,531203
araCp,6.666666666666667,44,5,AAGCTGAATTTAGTGATGCA,39,595960
araCp,1.1666666666666667,11,5,AACTTCTGCATGGCGTCCTT,6,540334
araCp,8.333333333333334,54,5,AACGACGAATTAGAGGGATC,49,584511
araCp,0.3333333333333333,6,5,AACCCTCGCACTACACTTAG,1,544989
araCp,7.666666666666667,50,5,AACCATGGTCTGCCGAAGCT,45,561941
araCp,8.833333333333334,57,5,AACAACCGCTCACTCGGTTA,52,536623
araCp,9.5,61,5,AAAGGCAAATGGGGCCATTC,56,575416
araCp,11.333333333333334,72,5,AAAGATCGCTTACAGACTTC,67,526781
araCp,10.166666666666666,65,5,AAAAATTATTGGGCGGATCC,60,570770
araCp,9.8,52,4,TTTTTTTCTGGGATGAGTTC,48,577214
araCp,11.0,58,4,TTTTCAACTATATGAGCCCT,54,568903
araCp,10.6,56,4,TTTGAACTACCTCTGGGGCT,52,598074
araCp,0.4,5,4,TTTCTTCACTGTGTGACGGG,1,596105
araCp,13.8,72,4,TTTATTTACCACGTTTACCA,68,526737
araCp,8.2,44,4,TTTAGGTGCACGGCCTATTC,40,558385
araCp,9.0,48,4,TTGTAATCAGCCTTCCCGGG,44,527207
araCp,9.6,51,4,TTCTATTTTGGGTGAATGCC,47,528786
araCp,15.6,81,4,TTATAATCCCAATACACGGA,77,541563
araCp,0.4,5,4,TTAGTGACTTAACGAGAGCG,1,552273
araCp,12.2,64,4,TTACGCCTGATCATCAAGTT,60,564197
araCp,0.4,5,4,TTAACTAACAGTCCTCTCGT,1,540470
araCp,10.0,53,4,TTAAATGACCATCTGAGGCT,49,530694
araCp,15.0,78,4,TGTACGGCACTATAAGTAAA,74,588193
araCp,8.6,46,4,TGGGGTTTTGTTTCATTCGG,42,525810
araCp,9.0,48,4,TGGGCATGGCATCCAGTCCT,44,602258
araCp,6.6,36,4,TGGCCGGGCAGCGATCACGG,32,531624
araCp,7.8,42,4,TCTTAGTTTTTACCTTCCGG,38,571628
araCp,10.6,56,4,TCTTAGAACGGCTTCATCCC,52,594857
araCp,17.0,88,4,TCTATAAACCTGATTCGTAT,84,572139
araCp,8.2,44,4,TCGTTGGCATTTTAGACGGG,40,533103
araCp,10.8,57,4,TCGTTCGTCGCATCTACAGC,53,560199
araCp,9.4,50,4,TCGTCTGGTTGATCTGAACG,46,581075
araCp,10.2,54,4,TCGTCAGCTGCAATGCTAAG,50,588557
araCp,9.2,49,4,TCGCACAGTGACGCGCTCAT,45,573762
araCp,0.4,5,4,TCGATATTATCTAGCGTTCT,1,566017
araCp,6.2,34,4,TCGACTATTCTGCGCAGATG,30,582111
araCp,15.6,81,4,TCCTTGATCTGAATCCAGAT,77,546192
araCp,4.0,23,4,TCCTCGTGCCCACGCGGTCA,19,586440
araCp,13.6,71,4,TCCTAACACCCGGAATTATG,67,537439
araCp,0.4,5,4,TCCCACGGACATAGAGTGTC,1,539757
araCp,13.6,71,4,TCATAAGACATGGACTGCCT,67,576809
araCp,0.4,5,4,TCAGCTGTCCCAAGCAAATC,1,527561
araCp,0.4,5,4,TCACGGACCGACTCGGCTTA,1,582726
araCp,16.4,85,4,TATTGTGGTTAGCGGTACCC,81,566433
araCp,22.6,116,4,TATGCGTCTCTCCCACGCAT,112,595789
araCp,0.4,5,4,TATGCGAAAGCAGCCCACAT,1,600520
araCp,0.4,5,4,TATCTGAAGGACATGAACCT,1,531250
araCp,15.8,82,4,TATCATGGGTACATTTTCGT,78,596647
araCp,36.8,187,4,TAGGTGGGCATAGGTGCGTT,183,554628
araCp,9.2,49,4,TAGGGTTACGATGAGACCAT,45,544431
araCp,13.2,69,4,TAGGATTCCTGAACCGGAAG,65,548002
araCp,15.0,78,4,TAGCGGGACGTATTCCGATT,74,536336
araCp,9.8,52,4,TAGCAGGAGGAGGGACAGTA,48,568469
araCp,9.0,48,4,TAGAATGTTCAGGCTCCGTC,44,554239
araCp,0.4,5,4,TACCCAAATTAGATGGTCTT,1,602853
araCp,18.8,97,4,TACCATTAAATGCTTATCTC,93,550632
araCp,13.0,68,4,TAAGGCCCGGGCGTGATTGT,64,600130
araCp,0.4,5,4,TAAGCGGATAAAAATCCCGT,1,554213
araCp,13.6,71,4,TAACGTGGCTAGTATGCATG,67,533101
araCp,27.2,139,4,GTTCCAAGTACATAGAAGGA,135,595232
araCp,0.4,5,4,GTGTCAAATACTTGCGACAA,1,556239
araCp,23.2,119,4,GTGGGTTCGACGCTGGACTC,115,529381
araCp,10.8,57,4,GTGCTTTGCCTAACTCAACA,53,600519
araCp,13.0,68,4,GTGCGAAGAATGGGTCACGG,64,531994
araCp,10.0,53,4,GTGATGGGTCGATCACTGGC,49,528875
araCp,0.4,5,4,GTCGTTTGAAACGCTTAGTT,1,532383
araCp,0.4,5,4,GTCCTGCGCTCCTATAACAA,1,562955
araCp,13.4,70,4,GTAGTAACTCGAAACGACTT,66,529243
araCp,0.4,5,4,GTAATCGCATGGGCTAATAC,1,529678
araCp,2.6,16,4,GGTTGTAAGATTCTAAAGAC,12,594741
araCp,0.4,5,4,GGTGCCCTCGTGGAATCCCG,1,602857
araCp,0.4,5,4,GGTGCCCATACACGATACTG,1,530195
araCp,12.8,67,4,GGTGAGCAAATGTTCACAAC,63,568466
araCp,0.4,5,4,GGGGGGTATCCTTCTGGCGT,1,552137
araCp,9.4,50,4,GGGGACAAGGGTTTATGTGT,46,591152
araCp,12.8,67,4,GGCTCAGAAACCAATTGTCG,63,526704
araCp,10.0,53,4,GGCGTCCGGTTACACGTATG,49,528232
araCp,12.0,63,4,GGCGGGGCTAGCGACGGGCT,59,555651
araCp,0.4,5,4,GGCGCAGAGCATCGTCGAGA,1,581594
araCp,8.8,47,4,GGCCGGGCGTTGGAATTGTC,43,573773
araCp,21.2,109,4,GGAGAAGAATATTCGGGCGG,105,562098
araCp,8.8,47,4,GCTTTCCTGGGATTGTCTCG,43,564866
araCp,0.4,5,4,GCTTCAGAAGAAATTTCCAG,1,570992
araCp,0.4,5,4,GCTCTAGGGTAGCGCCATGC,1,551668
araCp,0.8,7,4,GCGAGTTCTTCGGCGTACGC,3,547902
araCp,0.4,5,4,GCGAAAATAAGGGCACTTCT,1,588716
araCp,14.2,74,4,GCCGAGTCTCCTCCGACGGT,70,575390
araCp,13.8,72,4,GCCAGGAGAGGGTTTGACGA,68,575259
araCp,10.6,56,4,GCACTTTGCCTTGAGCAGGT,52,563609
araCp,10.4,55,4,GCAACCCGACTCTAAGGGTG,51,588253
araCp,12.6,66,4,GATGGTATAGGAATTTGGCT,62,569712
araCp,15.6,81,4,GATGGTAGCCAATTCACCAG,77,577430
araCp,13.0,68,4,GATGCCAACCGGACCCCAAT,64,569022
araCp,18.4,95,4,GAGGCACCGACAACTGAAAC,91,530117
araCp,0.4,5,4,GACTTGCTGAGGCAGCTGCT,1,598016
araCp,10.4,55,4,GACTCAGAGTAGTCGTGCAG,51,536109
araCp,23.6,121,4,GACGTGACACCTTTTTGGAA,117,589719
araCp,5.4,30,4,GACCCGATGAGTTTGTACGT,26,539885
araCp,13.2,69,4,GACACTCCCGGTCATGCCGG,65,531685
araCp,34.2,174,4,GAAGTTACGCGCACCAAAGG,170,576362
araCp,12.8,67,4,GAAGGTTGCCGGCAGCGTAG,63,535010
araCp,0.4,5,4,CTTACACCAGCCAAGCTGTG,1,562750
araCp,7.8,42,4,CTTAAACGCGGAAGTCTAAA,38,572001
araCp,12.4,65,4,CTGTCGATTATGACAAGAAA,61,581747
araCp,7.8,42,4,CTGTATAAGCTTGGGCCCGT,38,579165
araCp,14.4,75,4,CTGGAGACAGTAACGACAAG,71,525784
araCp,9.0,48,4,CTGATTGCCGAGCTGTAAAA,44,589234
araCp,5.0,28,4,CTGACCTCTTCAACCATGTC,24,555925
araCp,0.4,5,4,CTCGGAGCTTCGTACCAAGT,1,537784
araCp,4.6,26,4,CTCATCAGCTAGCACCGGGA,22,551086
araCp,2.4,15,4,CTCAGGCAGGAGAAGTGCTT,11,591951
araCp,12.4,65,4,CTATGAATCGATCGATGGGA,61,568001
araCp,23.4,120,4,CTATCCCTGAGAGCTTTGTG,116,594833
araCp,7.8,42,4,CTAGACGGCAATTCGGTACT,38,539846
araCp,6.2,34,4,CTACCTCTCCTATTATTAAT,30,531534
araCp,11.4,60,4,CGTTTAAACATGGCGGAGGT,56,577802
araCp,8.6,46,4,CGTTGGGCGCTATTCAACAT,42,594438
araCp,1.0,8,4,CGTGTGCTTGTGCAACATAA,4,548601
araCp,0.4,5,4,CGTCGTAAAGAAACTATTGA,1,574797
araCp,0.4,5,4,CGGGTCGTGCTTTAAGGCGT,1,564964
araCp,23.8,122,4,CGGCTTTTCTGCGTCGGTGG,118,577481
araCp,9.6,51,4,CGGCTAAGATGCCCAGATTA,47,552323
araCp,0.4,5,4,CGCGACTCGGTGTGACTATA,1,527020
araCp,10.2,54,4,CGACTCGATCTTGTTTACCT,50,574592
araCp,13.2,69,4,CGACAAGACCCCTTCTCACT,65,559208
araCp,13.0,68,4,CCTTGCCAACATTCTGTCCA,64,590170
araCp,10.2,54,4,CCTGTTGCCTAGGTGGGGAG,50,551055
araCp,10.2,54,4,CCTGTCCAAACAGCCGGTGC,50,593533
araCp,0.4,5,4,CCTGGGATTCGGACATACCT,1,529722
araCp,8.0,43,4,CCTCTCCCGCCCAGACAGCA,39,532727
araCp,8.2,44,4,CCTCGTTGGTCATAGGATGA,40,600661
araCp,0.6,6,4,CCGTAAGGGGGGATAGGTAA,2,555174
araCp,21.8,112,4,CCGGTCTTTACGTTTGAAGT,108,593245
araCp,11.8,62,4,CCCCTTGTAGTATGATGCCA,58,551726
araCp,34.6,176,4,CCCAGAGGTCAGTTACCAAA,172,534689
araCp,1.8,12,4,CCCACGATACTACATCCTGT,8,587636
araCp,13.4,70,4,CCATACTCCTTAACGTCCCC,66,552552
araCp,14.0,73,4,CCACATCGAAGAGAGACTCT,69,574623
araCp,13.0,68,4,CCAAATGTGATAGATCTCCA,64,555372
araCp,11.2,59,4,CATTTAGCCACGGACCCTGG,55,528432
araCp,0.4,5,4,CATTCAAACAGGTTAGCCAT,1,595997
araCp,11.0,58,4,CATGCTCACGACTCATCCCG,54,553188
araCp,13.6,71,4,CATGATACGCCCCGTTCTGT,67,559819
araCp,10.0,53,4,CAGTGCCTTTGCTCTCGAGT,49,588841
araCp,0.4,5,4,CAGTCAATAGCAGAGTAGGA,1,565584
araCp,14.6,76,4,CAGGTAATTTAGTATCTGAC,72,588257
araCp,8.2,44,4,CAGGCACCCCGTTCATGCCC,40,593277
araCp,6.0,33,4,CAGCTGGGTCGAGCCACGGG,29,571439
araCp,0.4,5,4,CAGACAAGTTCACGACGCGG,1,550373
araCp,15.4,80,4,CACGTGTTCCATCAGGTCCT,76,570152
araCp,17.4,90,4,CACAGTAGGATTGGAGTGTG,86,529919
araCp,13.4,70,4,CAACTCCCGGCGTCCACAGA,66,532918
araCp,0.4,5,4,CAAACATTGGACTGAGTTAA,1,566810
araCp,14.4,75,4,ATTCTGTCAATATACTAGGG,71,531422
araCp,4.8,27,4,ATTCGGACCCCATCTAGACT,23,555023
araCp,0.4,5,4,ATGGGCTATAAAATGGGTAA,1,559283
araCp,12.6,66,4,ATGGACATCCCGCGACAACC,62,539527
araCp,3.2,19,4,ATGCGTCGCGCCATGGTATG,15,548100
araCp,11.8,62,4,ATCTCTAGGACAACAAACAT,58,589087
araCp,6.6,36,4,ATCGGAGACTTTAGCTCTCT,32,568355
araCp,14.4,75,4,ATCCCTAGAGGCCGTTAACC,71,528818
araCp,11.8,62,4,ATCAATCGAGGGTATCACAG,58,535594
araCp,15.6,81,4,ATATATCTGCTTCATTACAC,77,545388
araCp,0.4,5,4,ATAGGGACAGGTTCGGTGTT,1,558390
araCp,11.4,60,4,ATAGCGCCGGTATTAAGGCT,56,562121
araCp,10.8,57,4,ATAGATGGGCTCACTGCTGG,53,535066
araCp,0.6,6,4,ATACATAGTACCCTGACCTT,2,576896
araCp,8.2,44,4,AGTTAATATGGGCTGAGGGG,40,579115
araCp,19.2,99,4,AGTGTATTGAACTCAATAGT,95,538546
araCp,7.0,38,4,AGTGGAATTCGGCGTTGATT,34,579676
araCp,14.6,76,4,AGTGCGAAAAGGTGTTTTTA,72,575948
araCp,10.2,54,4,AGTGCCTCGTTTTACACCCG,50,541044
araCp,0.4,5,4,AGTGAAGCGGCGTCCAACTC,1,570141
araCp,0.4,5,4,AGGGTATACTATATGTACAA,1,547763
araCp,13.0,68,4,AGGCGGCGTTCTCATTCGAT,64,591880
araCp,13.4,70,4,AGGCCAAATGAAGCATATGT,66,602492
araCp,11.8,62,4,AGGACTCCGATATGTACAAG,58,552454
araCp,10.8,57,4,AGCGCAAGGGGTAAGATCAT,53,575833
araCp,0.4,5,4,AGATCTATTAGATGTGGTTT,1,588821
araCp,17.2,89,4,AGAGAAGCCTCTTTATTGAA,85,593840
araCp,0.4,5,4,AGAAAACGATTTCCGTTGTA,1,549544
araCp,10.8,57,4,ACTTGGGGGTGATGACGCTA,53,593568
araCp,11.8,62,4,ACGGTGCTTGACGCTTTGAC,58,558015
araCp,0.4,5,4,ACGCCGTAAATACGCGTGGA,1,560304
araCp,0.4,5,4,ACGCCCCGGTACGTCCACGA,1,530122
araCp,11.8,62,4,ACGACGACACGGGTTATAAG,58,577769
araCp,15.0,78,4,ACCGACAAGACGTAGGCTAT,74,598361
araCp,12.4,65,4,ACATGGTAGCTTCCTGCGTG,61,576376
araCp,0.4,5,4,ACAGTGATCAAAGGCTCTAC,1,563947
araCp,11.0,58,4,ACACTTTATGTGTCGTTTCT,54,576585
araCp,22.8,117,4,ACACTCGGTGAGGAAGATTT,113,596154
araCp,12.0,63,4,ACAACCACAAGTGACGCCGC,59,601493
araCp,11.6,61,4,ACAAAGGGGTACAGATACGT,57,576318
araCp,14.0,73,4,ACAAAAAACGATGAGATCAA,69,581745
araCp,0.4,5,4,AATTGAGCCCCACTGCCGAA,1,590583
araCp,0.4,5,4,AATGACATGATTTGGTAATT,1,543597
araCp,5.2,29,4,AATCGCGCTCCAAGGAACAA,25,586322
araCp,13.2,69,4,AATAGCGAGGACCTGCCAGT,65,576502
araCp,5.4,30,4,AATACTCGCATATATCTGAA,26,552920
araCp,0.4,5,4,AATACGGTGTAGCAAAACAA,1,547336
araCp,14.6,76,4,AATAAGCTCGGTCTTACGAA,72,593540
araCp,10.0,53,4,AAGTCGTGGTCTGATGCCTA,49,574741
araCp,0.4,5,4,AAGTATTATGGACGAGAATG,1,526077
araCp,13.8,72,4,AAGGGATTAACGATCTATAC,68,572167
araCp,13.8,72,4,AACTTCACTTAGACATAATC,68,536932
araCp,0.4,5,4,AACACAGGACGGGTACATAT,1,545760
araCp,40.6,206,4,AAAGGGCTCATACTTATTCC,202,533016
araCp,22.8,117,4,AAACTTTCCAACACACTGAA,113,567713
araCp,14.25,59,3,TTTGGGCTTCGATGTGCAAG,56,533947
araCp,10.0,42,3,TTTCTATGGCGTCTGTACTA,39,536001
araCp,10.5,44,3,TTTCGCTTGCCTCCCCTTAA,41,574123
araCp,12.75,53,3,TTGTGACAGCGGGAATGGCT,50,542816
araCp,17.75,73,3,TTGCGCGGTCAAGATGAAAT,70,566942
araCp,0.5,4,3,TTGAGATACATAACATCGCC,1,603156
araCp,0.5,4,3,TTCGTGCGTCTGGTTGGGTC,1,553396
araCp,15.75,65,3,TTCGAGCACAGCGCCCGGTC,62,597252
araCp,18.0,74,3,TTCGAGAAGTACAAGGAACG,71,570501
araCp,16.0,66,3,TTATCTAAACGTTGGTATCC,63,537284
araCp,0.5,4,3,TTAGGAGCGCACGTACATTC,1,547105
araCp,17.75,73,3,TTAAAGGCTTTGTTATTCAG,70,559021
araCp,8.0,34,3,TTAAAAACTTCTGCTTTGCA,31,541286
araCp,13.75,57,3,TGTTTAGCGGTAGCTCCAAA,54,603247
araCp,26.25,107,3,TGTTCTGTGATGGGGAGGTG,104,531340
araCp,13.25,55,3,TGTTCACTTTCGGCGACGTG,52,598525
araCp,16.75,69,3,TGTTATCCTGTAAATTCCCT,66,530107
araCp,16.5,68,3,TGTGCGATTGTCGTAGATGG,65,545569
araCp,44.0,178,3,TGGGTTCCGGGCGGACTTAA,175,548783
araCp,0.5,4,3,TGCTGGATTGTATGCGGGAT,1,599213
araCp,17.5,72,3,TGCGGACTGTCCGAAGAGCA,69,558760
araCp,10.0,42,3,TGCCTTCCCAAGGGGCGTAT,39,587383
araCp,2.0,10,3,TGAGGGGTAGTCACCGGTGG,7,527141
araCp,28.5,116,3,TCTTCATTAGAAGTTCGAGT,113,585448
araCp,14.75,61,3,TCTGATCGAATACGCTCTCA,58,589685
araCp,6.5,28,3,TCTAGGGATAGTGCACCGTT,25,595540
araCp,23.5,96,3,TCTACGGCCGCCTCGTACGC,93,594852
araCp,32.5,132,3,TCGTAATGATAAAGGTAATT,129,593085
araCp,12.25,51,3,TCGGGCGTCTTGGTCCATCG,48,557997
araCp,9.0,38,3,TCGCGTGGCCACACCATTAT,35,552698
araCp,18.25,75,3,TCGCATACTAGGCAAGACAT,72,561495
araCp,15.25,63,3,TCCTTCTTTTTCAGGTTTGG,60,567758
araCp,41.25,167,3,TCATGATTAGTCGTTCGTTA,164,585460
araCp,14.75,61,3,TCAGTCTTCGTTTGAACACG,58,544175
araCp,15.75,65,3,TCAGGTCGGTAGTGGCCCAG,62,550627
araCp,15.75,65,3,TATACCCATGGACTCGGACT,62,578367
araCp,18.25,75,3,TAGGCGTGACATTCTTAAAA,72,591869
araCp,0.5,4,3,TAGCGGGTTAAGATGAGGCA,1,551370
araCp,24.25,99,3,TACTTCCCACAGCCTGGGTC,96,541978
araCp,59.25,239,3,TAATCCACTATCTAGGGCGA,236,590404
araCp,6.25,27,3,TAAGGCTCATACGGAGCACA,24,582503
araCp,0.5,4,3,TAAGGCACCTATTATGGAAG,1,542642
araCp,0.5,4,3,TAAAATGGTCATTGCCAAGG,1,553933
araCp,0.5,4,3,GTTTGTGTAGGGTAAGCGCT,1,568365
araCp,14.0,58,3,GTTTGGTCAACCGGGCAGCA,55,585906
araCp,0.5,4,3,GTTTGGATCGATCAATTTGT,1,581881
araCp,1.5,8,3,GTTCCCAGCCCTATATCCGT,5,557132
araCp,35.0,142,3,GTTCATATCTAAACACAACT,139,531333
araCp,0.5,4,3,GTTATTGAGGTTGCTCCGGT,1,568118
araCp,0.5,4,3,GTGTAACCCCGTCTGCCTAA,1,595546
araCp,0.5,4,3,GTGCTTGGTATTCATCTTCG,1,567634
araCp,10.5,44,3,GTCCCTAGTTGAGGGCCTTC,41,556215
araCp,13.5,56,3,GTCCCCAGTTGAACAAAATA,53,528861
araCp,25.25,103,3,GTCACAGCACGCACCAGTAG,100,532616
araCp,28.0,114,3,GTACTAATCATAAGACAAAT,111,533675
araCp,17.75,73,3,GGTGGTACTCATAACCAAGT,70,603326
araCp,18.0,74,3,GGTGGTAAACTGGACCTTAA,71,580146
araCp,0.5,4,3,GGTGCGCGTCATTTCGAGAA,1,533548
araCp,14.25,59,3,GGTGCCCGCGCTTATCAGTT,56,568589
araCp,14.0,58,3,GGTCTTCGCGTCTGTTACTC,55,530106
araCp,20.5,84,3,GGTAGATCCAGTTATAATAT,81,561273
araCp,0.5,4,3,GGTACAGCGGGTGTTGAGCT,1,556545
araCp,14.75,61,3,GGTAATTGCGTCGCATGGGG,58,540749
araCp,12.25,51,3,GGGATTCGCCTCTCCGTCGG,48,533932
araCp,8.75,37,3,GGCTAATCCGTCGCATTCTC,34,565813
araCp,29.25,119,3,GGCGGTACATACTGAAGGTA,116,548225
araCp,45.25,183,3,GGCATGTATACATTCCAAGC,180,543236
araCp,0.75,5,3,GGAGTGGAGTTTTACGTAGT,2,558377
araCp,13.5,56,3,GCTCGCTTCCAGTATGCATT,53,531259
araCp,11.25,47,3,GCGTAGATGAGCGACAATGA,44,525672
araCp,10.25,43,3,GCGCTTACACGCATCTTCTT,40,587425
araCp,11.75,49,3,GCGACTGGTCTGACGGGATA,46,558413
araCp,14.75,61,3,GCCTCTCGGGCCTGAACCTG,58,532242
araCp,18.0,74,3,GCCTAGAGAGCTTGCTGACA,71,541437
araCp,11.75,49,3,GCATCTATCCCCCCTTTGCT,46,546395
araCp,0.5,4,3,GCAGTGACGGAAAGTTATAA,1,558988
araCp,0.5,4,3,GCAAGTTTCCAAAATCGAAA,1,557775
araCp,1.0,6,3,GATGGCATGAAGGGACACCA,3,555112
araCp,137.25,551,3,GATGATCGAGCCCGTGGCTA,548,595964
araCp,17.75,73,3,GATAGCTTAGCGCTAAATAA,70,536386
araCp,0.5,4,3,GAGTTCCGATTGTTGCATGG,1,567126
araCp,17.75,73,3,GAGTATAAAAAGCGAGTTGC,70,581242
araCp,11.75,49,3,GAGGTCACAATATTATGATA,46,561076
araCp,15.75,65,3,GACTTGCCTCGTGGTCTCTG,62,568364
araCp,0.75,5,3,GACTGGAGAGCCACAAGTGT,2,590126
araCp,0.5,4,3,GACGGTTAAAGTCTAAATGT,1,538443
araCp,17.25,71,3,GACCTTTATAGCTAGAGCGA,68,575649
araCp,14.5,60,3,GACCACTGGAGCGAACAATG,57,583789
araCp,23.25,95,3,GAATGGGTGCCAAAGCCGTT,92,571627
araCp,8.5,36,3,GAATAGCCTCTCGGCACGGT,33,540152
araCp,13.25,55,3,GAAATGCTGCTTCGTGGTTC,52,548452
araCp,13.25,55,3,GAAAGGGACTGTCAATCCAA,52,592676
araCp,35.25,143,3,CTTCGTGACAGGGACCTTTG,140,537413
araCp,62.25,251,3,CTTAGCAGCAGGATTCGATA,248,554625
araCp,16.5,68,3,CTGGCGTAGCTTTTTGTAGT,65,558249
araCp,13.25,55,3,CTCGGAGCTTGTGCATGCAG,52,594831
araCp,14.5,60,3,CTCCTTAGCAGCTACAACGG,57,572277
araCp,0.75,5,3,CTCCAGTTTTCCAAACCCTC,2,531336
araCp,0.5,4,3,CTCCAACAGCAACTCCAAAG,1,563585
araCp,0.5,4,3,CTATTAAAGGACATGAATAT,1,593348
araCp,20.5,84,3,CTATCCTGTATGTTGTCTTA,81,602377
araCp,7.0,30,3,CTAGCAGCACTATTCGTACA,27,548893
araCp,19.0,78,3,CTAGAACCTGAGTCCTCCAC,75,549805
araCp,13.5,56,3,CTACGTTAGCTAGCAATTTG,53,567443
araCp,0.5,4,3,CTACACATCTGCATGTTGCG,1,533824
araCp,3.5,16,3,CTAAGATAACTTCGACCTCT,13,539180
araCp,0.5,4,3,CTAACTGTACTCGTTCTACC,1,556651
araCp,12.75,53,3,CTAAATCGGGTTGTTTGTTG,50,575084
araCp,16.5,68,3,CTAAATATACGAGCTAGTCC,65,557060
araCp,14.25,59,3,CGTTACGTGACGGAGTGTTA,56,582802
araCp,0.5,4,3,CGTGGGTTGCGGTTGACCAA,1,539005
araCp,49.0,198,3,CGTGCGTTGATAACTCCTCG,195,528815
araCp,0.75,5,3,CGTAGCTTAGTGAGCACGGC,2,595579
araCp,11.75,49,3,CGGTATGCCTCAAACACACG,46,570767
araCp,11.75,49,3,CGGTAAACCCTCAAGCGTAC,46,594832
araCp,0.5,4,3,CGGCTAGAAGATACATTATC,1,546746
araCp,13.5,56,3,CGGCATTTTTTTTTCAAAAA,53,528812
araCp,0.5,4,3,CGCTGGTCTTACTGCGTATT,1,596162
araCp,10.5,44,3,CGCGTCCGGAAGCTTGTGGC,41,561177
araCp,16.75,69,3,CGCGCTTAAGTGTACGAAAG,66,533626
araCp,12.0,50,3,CGCGCAGTTTGTCACATAAG,47,566289
araCp,0.5,4,3,CGCGAGCCGCCTTCATGCAG,1,571608
araCp,0.5,4,3,CGCCATGGCCGTGGATACCA,1,574285
araCp,0.5,4,3,CGAGTGCCAAGTATGTGATT,1,529462
araCp,16.0,66,3,CGAGTACAAAGAACTGAAGT,63,536033
araCp,6.75,29,3,CGAGCAGAAGCTGAAGATTT,26,553191
araCp,16.0,66,3,CGAACATATGACAACCGACC,63,551976
araCp,14.75,61,3,CCTTATGCAAGGACGGGGAA,58,588923
araCp,14.5,60,3,CCTGGTTCCGATATCAGTCT,57,561030
araCp,11.25,47,3,CCTGGTAGCCAGGTTACCAA,44,601447
araCp,22.5,92,3,CCTCGCTCAGGAGACTAAAA,89,551974
araCp,29.75,121,3,CCGTGCTACTTGCGCTGCTC,118,546157
araCp,17.25,71,3,CCGGGAAATGCACTGCTAAA,68,543903
araCp,27.25,111,3,CCCTGATGCGAGCCACCAGT,108,567622
araCp,12.0,50,3,CCCGGGCAGATTGGTAGTGT,47,583867
araCp,0.5,4,3,CCCCTATCCGATTCCCGCTC,1,529387
araCp,0.5,4,3,CCCCAGGCCGGTTACAAGTA,1,601702
araCp,1.5,8,3,CCCAGGATCATGCTGGTATT,5,549372
araCp,0.5,4,3,CCATTCCAGTTCGGGAGGAG,1,564162
araCp,15.5,64,3,CATTCTGATTTCAACCAGCG,61,543936
araCp,9.0,38,3,CATTAGGCAATATATGGGTG,35,551332
araCp,13.0,54,3,CATGACAAGCGTTCTGTCGT,51,578100
araCp,28.0,114,3,CATCGCATGACCAACATTGA,111,565397
araCp,32.75,133,3,CAGATAAAAGTGCGAAACGA,130,579140
araCp,50.25,203,3,CAGACTTAGAGGACCCGAGT,200,603319
araCp,19.5,80,3,CAGACATAACGAGTCAAAAA,77,579218
araCp,35.75,145,3,CACGTTGGTGCGGGTCACAC,142,529392
araCp,16.5,68,3,CACGGAGTGTAACTAATGAT,65,573434
araCp,0.5,4,3,CACGCCAGTGTGAACGTAAC,1,530120
araCp,0.5,4,3,CACATTTGCTTCTCTGTGTC,1,581853
araCp,0.75,5,3,CACACGAATTCCGATGTGAC,2,574600
araCp,0.5,4,3,CAACATTGAACTGGTCTGCT,1,598873
araCp,13.25,55,3,CAAAAGGGTCGCTTAGCTGC,52,537543
araCp,12.5,52,3,ATTTTAGTGAGACTGATAAG,49,557005
araCp,10.0,42,3,ATGCGAAGGTCTTAAACCTA,39,526501
araCp,0.5,4,3,ATCTGTATGAGTTTAAATCC,1,559798
araCp,13.0,54,3,ATCGCAAATGGCAATTGGCA,51,572548
araCp,11.75,49,3,ATCCATATTACTAGAGCAGG,46,568975
araCp,11.25,47,3,ATCACGCTGGCAGAACTCAA,44,525900
araCp,0.5,4,3,ATACCTAGCAACATTCGTCG,1,571109
araCp,0.5,4,3,AGTTTACACTCAAGATGTCC,1,529324
araCp,12.75,53,3,AGTGTCGCGGCCCATCGCTC,50,575235
araCp,23.5,96,3,AGTCTTCGAAACGGGCTATT,93,534662
araCp,22.0,90,3,AGTCCATAACCATCCATTAG,87,585644
araCp,17.25,71,3,AGTAGACGTAAGTTCTCGAG,68,531375
araCp,0.5,4,3,AGGGTTGGTAAAGCGTGGCA,1,581796
araCp,17.25,71,3,AGGGGACAACATCCGTAACC,68,540591
araCp,16.75,69,3,AGGAGATGGTCGTCGCAGCT,66,575300
araCp,13.25,55,3,AGCCCATGTCCTACGCCGAC,52,535590
araCp,17.75,73,3,AGAGAATACACTCGGTATTT,70,586692
araCp,0.5,4,3,AGACTTACGAGGATACCCCC,1,578881
araCp,0.5,4,3,AGACTCAAGCTGTCATCCTG,1,527371
araCp,19.5,80,3,ACTTAGATGACACGACGATT,77,593894
araCp,13.25,55,3,ACTTACTCCGGTCATTGGAA,52,546156
araCp,14.5,60,3,ACGTTTCTTGTTGATTTTTA,57,594486
araCp,13.0,54,3,ACGGGTTTTCACCAACTGCG,51,542993
araCp,15.5,64,3,ACGGGATAAATCGGTATCTT,61,557477
araCp,0.5,4,3,ACGCGTCTACAAGCGCTCTT,1,551748
araCp,16.75,69,3,ACCGAGCGCGATTGGATAAT,66,537769
araCp,0.5,4,3,ACCCGTCGAATAGGACGTTT,1,589706
araCp,15.25,63,3,ACCACGTTGTAGGTATATCG,60,588952
araCp,3.75,17,3,ACATGTCCCCGGAGACGTGG,14,558747
araCp,11.75,49,3,ACATGAGCGCTCCCAGGAAA,46,540524
araCp,18.0,74,3,ACAGTGTCGGTGCCCCTCCG,71,595979
araCp,17.0,70,3,ACAGTCTATGTCCGGGGTTA,67,533628
araCp,0.5,4,3,AATTAAATTTCGCAGGTATG,1,597662
araCp,16.25,67,3,AATCTTGTATGTGGATGTCC,64,603318
araCp,0.5,4,3,AATAACCGCTTAGATTGTGT,1,531331
araCp,16.75,69,3,AAGTACCATCGATAGGTGGA,66,564198
araCp,0.5,4,3,AAGGTGAAGTCGCAAGAGTT,1,572366
araCp,26.25,107,3,AAGCCAAGGACCTTCCGAAC,104,525897
araCp,20.25,83,3,AAGCATCTGTTGTACGTAAA,80,597772
araCp,19.0,78,3,AACGATTCGGCCCGAAGGAC,75,528106
araCp,13.75,57,3,AAAGTAGCTATGAGGCTAGG,54,593027
araCp,6.75,29,3,AAACGAATGGTAAGCGCAAC,26,603321
araCp,12.333333333333334,38,2,TTTGGGGGCATGGACTGAGC,36,545512
araCp,12.666666666666666,39,2,TTGTGAAACGCGCTAAGCAG,37,598134
araCp,0.6666666666666666,3,2,TTGTAGGAGAATGACCAGCC,1,582057
araCp,0.6666666666666666,3,2,TTCCGGTTCCGTCCCTCTCT,1,544670
araCp,21.666666666666668,66,2,TTCCATGCCAATTAGGAGGT,64,551343
araCp,23.333333333333332,71,2,TTAGCACGATGTATGTACCT,69,556994
araCp,0.6666666666666666,3,2,TTAGCAAACCTGCCCTAAAC,1,574870
araCp,1.6666666666666667,6,2,TTAAATCTGCCAGCGTTCTC,4,526136
araCp,0.6666666666666666,3,2,TGTGATTTATGATATTCAAA,1,555344
araCp,0.6666666666666666,3,2,TGGGTTTTGTTGGATACTGT,1,561546
araCp,19.333333333333332,59,2,TGGGGGTGTTCACAGCGCGT,57,569179
araCp,24.333333333333332,74,2,TGGGGGGGTGACCAGGCACC,72,600509
araCp,18.666666666666668,57,2,TGGGCAAGCCGAACGGTGGT,55,545236
araCp,0.6666666666666666,3,2,TGCAAATATTGATTATGACA,1,538852
araCp,19.0,58,2,TGAACCGTCTTTGGGAGCAA,56,553508
araCp,1.6666666666666667,6,2,TGAAAATATTTTTTGAGCAG,4,533811
araCp,20.0,61,2,TCTAACGGCAGTGCCGTTGC,59,554161
araCp,14.666666666666666,45,2,TCGGACTGGACGAGCCGAAT,43,561552
araCp,25.333333333333332,77,2,TCCTAGCCTAAATGTATTAA,75,582943
araCp,9.666666666666666,30,2,TCCCCGTCCTTGTCAGGCGC,28,531122
araCp,0.6666666666666666,3,2,TCATCGTCCAATTGAACACC,1,540512
araCp,21.666666666666668,66,2,TCATAACTCCAAAGACGGTC,64,573166
araCp,0.6666666666666666,3,2,TCATAAAGACCGGCGATAGG,1,544631
araCp,12.333333333333334,38,2,TCACTGTTCGTACCCGCAGC,36,602850
araCp,50.0,151,2,TCAAAGCTTCACTATCCTGG,149,536963
araCp,52.0,157,2,TCAAAACCTCTAAGGAGAAA,155,556650
araCp,0.6666666666666666,3,2,TATGGGTTGAAATGGGGATA,1,603054
araCp,0.6666666666666666,3,2,TATGATGATTAGCCTGAGAT,1,551203
araCp,0.6666666666666666,3,2,TATCATATGTCAAAACGTTA,1,537298
araCp,24.666666666666668,75,2,TAGGATCAAGAAGGTCGAGG,73,537307
araCp,23.666666666666668,72,2,TAGAAGTACGGGAGACGTTA,70,592987
araCp,18.666666666666668,57,2,TACTTATACGATAGATCTTG,55,580269
araCp,0.6666666666666666,3,2,TACCTGTGTATCGGGAGCGT,1,530321
araCp,0.6666666666666666,3,2,TAATGTAGCCACGTGACTCG,1,587403
araCp,27.0,82,2,TAACCGTCGCAGTAGTACTG,80,565179
araCp,0.6666666666666666,3,2,TAACCCTCGGCATACGTTCA,1,585694
araCp,36.0,109,2,GTTTGCGTAATAGGGCGCAT,107,561579
araCp,0.6666666666666666,3,2,GTTGGTTCGCCACAAGTGTG,1,603028
araCp,18.333333333333332,56,2,GTTGGACCACAGTAAGGAGT,54,569719
araCp,6.333333333333333,20,2,GTTGAGCACTATGCTGGTAA,18,598129
araCp,22.666666666666668,69,2,GTTCTGCTTGTGCCGAAAGG,67,558780
araCp,0.6666666666666666,3,2,GTGTGTTGATTCTTCATTGT,1,601718
araCp,22.666666666666668,69,2,GTGTCACTAGCGAGATCTAT,67,591104
araCp,0.6666666666666666,3,2,GTGAGATTTAACAGGGTCAT,1,548607
araCp,62.333333333333336,188,2,GTGACAGGGAGCATATGCTT,186,577478
araCp,0.6666666666666666,3,2,GTCTTAACGGTCCCACTAAA,1,600338
araCp,22.666666666666668,69,2,GTCCTCTTAGGATCGCTAGC,67,558864
araCp,0.6666666666666666,3,2,GTCCATTCTCATAGGCATTG,1,583513
araCp,21.333333333333332,65,2,GTATCGTTCCTAAGGCAGAT,63,588733
araCp,20.0,61,2,GTAGAGGTCTCTGTTCCAAG,59,583297
araCp,3.3333333333333335,11,2,GTACCTCTCCTATTATTAAT,9,531577
araCp,15.0,46,2,GTAATCTGGCTCAGAATACG,44,557533
araCp,21.0,64,2,GGTGTTGGAACATAGCATGT,62,597978
araCp,37.333333333333336,113,2,GGTAGGCTTCATAAAAATCA,111,548782
araCp,17.0,52,2,GGTACTTCGGTCTGGTTCCT,50,529173
araCp,0.6666666666666666,3,2,GGGGCATTGTGGATTCATCC,1,570458
araCp,23.333333333333332,71,2,GGCTCCGAACGACTGCTCTC,69,551732
araCp,11.666666666666666,36,2,GGCGGGCAATTTTGCAACGC,34,562186
araCp,17.666666666666668,54,2,GGCAACGGTCCTATAGGAGG,52,530669
araCp,24.333333333333332,74,2,GGATTGCTATTAGTGGTAAT,72,563276
araCp,13.666666666666666,42,2,GGACCAAGTCCCCCTATGAA,40,532667
araCp,14.666666666666666,45,2,GGAAGCTGTAGGAACCAGCC,43,542717
araCp,18.666666666666668,57,2,GGAACGGCATTTTCGTTTCT,55,587241
araCp,20.0,61,2,GCTTAATCCCGGTACGCCAG,59,532301
araCp,18.666666666666668,57,2,GCTCCCAAAGGACAGATGGA,55,532677
araCp,0.6666666666666666,3,2,GCGGATCGAAGTATTTGTCA,1,543371
araCp,27.0,82,2,GCGGATAGGGAAACCTAATT,80,589700
araCp,0.6666666666666666,3,2,GCGCTCTCTTCAGTTAACAG,1,577859
araCp,16.666666666666668,51,2,GCGAATTGCCATATGGGTTG,49,591505
araCp,15.0,46,2,GCCACATGCGGTGGGATTGT,44,577156
araCp,24.333333333333332,74,2,GCCAACGGGGGTGTATATGT,72,546149
araCp,15.0,46,2,GCATCCGGAGTATGAATAAC,44,586133
araCp,0.6666666666666666,3,2,GCAGTATCGGTGGTTTATTC,1,587223
araCp,19.0,58,2,GCAATATCAGGAACTCGAGC,56,533348
araCp,16.0,49,2,GCAAGCACAGGTTATGACAA,47,548353
araCp,14.333333333333334,44,2,GCAACGCCCAGTGCCCGGAA,42,600023
araCp,20.0,61,2,GATTTACTTAGCGGGCTATA,59,567688
araCp,0.6666666666666666,3,2,GATTAGCTTGTTTGCTGCAA,1,560743
araCp,52.333333333333336,158,2,GATGTCTGTGTATAAACGAA,156,576922
araCp,23.666666666666668,72,2,GATGGCACTACCGGCATATT,70,537441
araCp,5.333333333333333,17,2,GATCGAGCGCCGATGATAAC,15,580880
araCp,26.666666666666668,81,2,GAGGTGCCACAACGTGACAA,79,526015
araCp,8.333333333333334,26,2,GACTAATGCACGCGATGAAC,24,586387
araCp,21.333333333333332,65,2,GAATAACGGCAAGAAGCCTA,63,529433
araCp,16.333333333333332,50,2,CTTCGGTACCACTTCGATTC,48,546911
araCp,20.333333333333332,62,2,CTACATTTAGGGCTCAGCGT,60,581440
araCp,20.666666666666668,63,2,CGTGTTCACTACCGTGAGAT,61,534616
araCp,18.333333333333332,56,2,CGTGGTTTCCGCACAACTCT,54,534974
araCp,16.333333333333332,50,2,CGGGCGCCGTCGCCGCACTC,48,547656
araCp,0.6666666666666666,3,2,CGGGCAGTACGCGAATCGGA,1,576250
araCp,15.0,46,2,CGGGCAGATAGGATATGTGT,44,537504
araCp,28.0,85,2,CGGGAAACGTGCTTGCAAGT,83,591776
araCp,17.0,52,2,CGCCTCCGTCGAGTCGCTCT,50,571686
araCp,26.0,79,2,CGCATGTGTAGTACGTCTGT,77,528944
araCp,17.0,52,2,CGAGTTAAGACTCACGCGCG,50,600887
araCp,85.33333333333333,257,2,CGAGAGAGCACTAAGACATA,255,592459
araCp,0.6666666666666666,3,2,CGACGGCGCTACAGACACGT,1,601633
araCp,0.6666666666666666,3,2,CGACGGATCCGCTCTATCGA,1,545658
araCp,0.6666666666666666,3,2,CGACCGTGTTCCCGATCGGG,1,556874
araCp,0.6666666666666666,3,2,CGACATTATTTTCGACAGAT,1,577409
araCp,18.333333333333332,56,2,CGAATTGCACCCCATCACAA,54,530086
araCp,4.333333333333333,14,2,CCTTCAGTAGACGCTCCCCT,12,594390
araCp,0.6666666666666666,3,2,CCTCATCGTAGTGGAAGAGA,1,592348
araCp,14.0,43,2,CCGTGTCTCGCGTAGGACCG,41,529732
araCp,14.666666666666666,45,2,CCGGCCCGCCCCGAATCCTA,43,543802
araCp,0.6666666666666666,3,2,CCGCAGTGGGTTTCTGCACT,1,558247
araCp,38.0,115,2,CCGACTTGGTCAAGTACGCA,113,562130
araCp,22.333333333333332,68,2,CCCTCCGCCAGACAGCCATC,66,566222
araCp,0.6666666666666666,3,2,CCCCTGTTCTAGAGCTCTCC,1,540477
araCp,22.0,67,2,CCCAATCTAATAACCCATCT,65,529738
araCp,19.333333333333332,59,2,CCATGGAAAGACTCAGCGCA,57,603683
araCp,9.333333333333334,29,2,CCACCATAAATATTGATTCT,27,590341
araCp,32.0,97,2,CATGTTAAGACATTGAATGT,95,561011
araCp,27.0,82,2,CATATCACGAACAACCGACG,80,543972
araCp,15.666666666666666,48,2,CAGTTTCGTGCTGCGATGCA,46,583023
araCp,18.333333333333332,56,2,CAGGGTAAAGAGCTGGTTCG,54,528426
araCp,24.0,73,2,CAGGGGAAAACATGAGGCGA,71,562110
araCp,37.0,112,2,CAGCCTAAACGTGTAAGTAA,110,592445
araCp,23.333333333333332,71,2,CAGATCACGCAATTAGATAT,69,602658
araCp,22.333333333333332,68,2,CAGAGTGTAGAGAAGGCGTT,66,575197
araCp,0.6666666666666666,3,2,CAGAACCTTATAGTGGGGCG,1,526049
araCp,8.666666666666666,27,2,CACTTTAGACTACTGGCTTT,25,529687
araCp,34.333333333333336,104,2,CACATTGGAATCGGTGACGA,102,531466
araCp,0.6666666666666666,3,2,CAATGGGCCGAACTTGGGAT,1,580966
araCp,0.6666666666666666,3,2,CAAGAGGTTGTTAATAGAGA,1,559533
araCp,20.333333333333332,62,2,ATTTGGAGTGATTAGTAGGT,60,591761
araCp,15.333333333333334,47,2,ATTTACGCGCCAGTCTTGCC,45,592059
araCp,24.666666666666668,75,2,ATTCTTCCGCATAATATGTC,73,560566
araCp,0.6666666666666666,3,2,ATGTATTAGAAGGCACAGTC,1,599753
araCp,19.0,58,2,ATGTAGTACCAGGCGGGAGT,56,599928
araCp,24.666666666666668,75,2,ATGGGATTAGAGCACATCGA,73,594566
araCp,1.0,4,2,ATCTGGGTGCCCGGTTCCAA,2,586683
araCp,22.0,67,2,ATCGTCGTTACATGGGCGAA,65,588932
araCp,7.666666666666667,24,2,ATCGGGGTATCCGGATCCAC,22,534469
araCp,51.666666666666664,156,2,ATCATAGTGCGTATTCGCCA,154,549650
araCp,18.333333333333332,56,2,ATCACTCGCAGTATCCTGCG,54,578901
araCp,10.333333333333334,32,2,ATCACAACAGGCGTGGCGTT,30,562241
araCp,18.0,55,2,ATATGGCGTCTAATCTTATA,53,559427
araCp,23.333333333333332,71,2,ATATCCCAACATTCCAGTAA,69,588111
araCp,2.6666666666666665,9,2,ATAGTAGCAATCCGTGTAAA,7,574267
araCp,58.0,175,2,ATACGCGGTTAGGCGTCTTC,173,594283
araCp,19.666666666666668,60,2,AGGTCGCAGGTCTAAACGTT,58,567894
araCp,0.6666666666666666,3,2,AGGCTCTGAAATCGTGCCAA,1,565402
araCp,12.0,37,2,AGGCAACCAGTATCATGACA,35,534299
araCp,17.0,52,2,AGGAATCTGTCTCTGTTATA,50,577285
araCp,24.666666666666668,75,2,AGCAATACGTGTTACCCAGA,73,596020
araCp,17.333333333333332,53,2,AGCAACACTCTGCGTGCTTT,51,535893
araCp,27.333333333333332,83,2,AGAGCATATTTAACCTGATG,81,588807
araCp,20.0,61,2,ACTTCAACGGGGCGCGTTAC,59,558383
araCp,0.6666666666666666,3,2,ACTTAATAGCACCCGCATAT,1,591367
araCp,17.666666666666668,54,2,ACTGGACACGACCGGCCACC,52,561793
araCp,24.666666666666668,75,2,ACTGCTCAAACGATTGGTTC,73,591950
araCp,12.0,37,2,ACTGATGCACTTTCGGAATG,35,547987
araCp,0.6666666666666666,3,2,ACGTTAGTGAAACCCTGCAG,1,530512
araCp,22.666666666666668,69,2,ACGCTCGGCATTACTCATCA,67,597818
araCp,25.333333333333332,77,2,ACGCGTAGGAGGGTTGATTG,75,531359
araCp,20.666666666666668,63,2,ACGACAACTCTCTCGGAGTT,61,603487
araCp,20.333333333333332,62,2,ACCGTTGCGGACATTTTACC,60,557834
araCp,17.666666666666668,54,2,ACCAGCGTCACGCGCGTGAT,52,529905
araCp,62.333333333333336,188,2,ACATTAGAGATAACTCCGTC,186,559226
araCp,16.0,49,2,ACATCCGATGATAATGTTCG,47,529206
araCp,26.333333333333332,80,2,ACAGTATCAATAGTAAATAA,78,593788
araCp,43.666666666666664,132,2,ACACGCGGGGAGTGGGTAGA,130,575327
araCp,19.666666666666668,60,2,ACACCTTGTCGGCACCCTGG,58,589167
araCp,15.0,46,2,ACACCCCGGACAGCGTATGC,44,534062
araCp,18.333333333333332,56,2,AATAGATGGTGCGTCCGAAA,54,586809
araCp,21.333333333333332,65,2,AATAAGTCTCTGCGCACCCG,63,539463
araCp,22.0,67,2,AAGGTCATGTTGGCATAGAA,65,567021
araCp,0.6666666666666666,3,2,AACTCTAGACAGTTTCGCTA,1,592454
araCp,17.333333333333332,53,2,AACTCGAGCATGGATGACGA,51,576872
araCp,43.0,130,2,AACGTAGACTAATGTAAATT,128,541205
araCp,21.666666666666668,66,2,AACCCGACCTCAAGCTAGGG,64,568827
araCp,14.666666666666666,45,2,AAATGGCCACGGCCGTTGTT,43,554608
araCp,20.333333333333332,62,2,AAATATACCATGGATTTGAA,60,550379
araCp,21.666666666666668,66,2,AAAACGTCGCTCCAAGGCAG,64,556879
araCp,21.333333333333332,65,2,AAAAAGGACAGTAGTGCGGC,63,579323
araCp,27.5,55,1,TTTTAGCTCATTCTGGTTTA,54,579380
araCp,1.0,2,1,TTGTGGTCCATTTTTTCCGC,1,583984
araCp,1.0,2,1,TTGTAGGTTGACGCCGATTG,1,586356
araCp,91.5,183,1,TTGAGTTCTTCATTATTTAC,182,556658
araCp,30.5,61,1,TTGAGCAAGGCATCGGACAT,60,537696
araCp,35.5,71,1,TTCCCGACCTCCTTCAGTCT,70,594502
araCp,22.5,45,1,TTCACAGAAGCGCAGCCGTT,44,556736
araCp,25.0,50,1,TTATCGCCTTACGGATTCGC,49,552041
araCp,62.5,125,1,TTAGCAATCCTATAAATGCA,124,595815
araCp,25.0,50,1,TTACCGCGATCCATATCTTC,49,567472
araCp,28.5,57,1,TTAACGAGTGACCACTTTCT,56,565671
araCp,27.0,54,1,TTAACCCAACTCATAAGCAT,53,527980
araCp,73.5,147,1,TTAAATGTGGACTCACTGCT,146,534611
araCp,95.5,191,1,TGTTTGCTGTGTAAATCTGT,190,530103
araCp,23.5,47,1,TGTTGCAGTAGTTGTAGGCT,46,582465
araCp,31.0,62,1,TGTTCCAAAACGGAACCGGT,61,558879
araCp,1.0,2,1,TGTTCACGGCGTTATCTACT,1,530485
araCp,37.5,75,1,TGTGTTTAATCGACAAAGTT,74,527063
araCp,7.5,15,1,TGTCTGCCGGATTCTTTTCA,14,526731
araCp,1.0,2,1,TGTAAGGAGCTTGTAAACAG,1,530823
araCp,28.5,57,1,TGTAACTCCCTACCCGTTCA,56,563083
araCp,6.5,13,1,TGGCCACCTTCTTACGATGG,12,598349
araCp,28.5,57,1,TGGACGTCACTCGCTGCTTA,56,557812
araCp,16.5,33,1,TGCGCCCTGCGATGCACCGA,32,582276
araCp,20.0,40,1,TGCAACAGCGGCTGCATGGG,39,584324
araCp,153.0,306,1,TGAGTTAATGGGAATTGATA,305,563275
araCp,22.5,45,1,TGACGCAAGGCCAGCACAAT,44,533302
araCp,87.5,175,1,TGAAGGCTAGGGAATTGGTC,174,541554
araCp,39.5,79,1,TCTTTTGGAACTAAATCTGT,78,588470
araCp,26.5,53,1,TCTGCGGCAGGAAAGTCAAC,52,541452
araCp,1.5,3,1,TCTGCATTCTCCTCGGGAGG,2,564810
araCp,42.0,84,1,TCTCAGTAGTAAAACCTTTT,83,579915
araCp,1.0,2,1,TCGTACAGGTCTCCTAAGTG,1,550032
araCp,14.0,28,1,TCGAAGTTTCAGATACTATA,27,570703
araCp,1.0,2,1,TCGAAAGGGGAGCTCTCGCT,1,530127
araCp,1.0,2,1,TCCCACAGATGCTGCCATTA,1,559766
araCp,31.5,63,1,TCCATCAAGGATAGCATCGT,62,528132
araCp,44.0,88,1,TCAGACAATGTGGTACTTTA,87,569246
araCp,51.0,102,1,TATAGTAGGCATATAAAAGC,101,555353
araCp,23.5,47,1,TATAGCCACCGGCCTGCGTG,46,581632
araCp,31.5,63,1,TATAAAGGGCAATCAGACGA,62,575375
araCp,1.0,2,1,TAGGTGTCGTGGACTGAATG,1,570835
araCp,1.5,3,1,TAGCTATTAAAGAGCGCCTA,2,575574
araCp,1.0,2,1,TAGCCTATCCTATGAAGCTC,1,563137
araCp,1.0,2,1,TACTCAAATTATCCTCGCTA,1,603258
araCp,31.5,63,1,TACGTAAGCAAGGGGGACGA,62,558389
araCp,32.0,64,1,TACGAGGTGAGACTTAGTCA,63,569383
araCp,79.0,158,1,TACCAAAAGCCGGGGTAATG,157,594837
araCp,1.0,2,1,TACATTAGTAACCGGCTTTA,1,535558
araCp,42.0,84,1,TACAAGAGATCACAAGCTTT,83,574837
araCp,35.5,71,1,GTTTGAATATATAAAGTCCA,70,561738
araCp,41.0,82,1,GTTCACTTCAGTACCGTTTA,81,591332
araCp,27.5,55,1,GTTACTTGGCGATTGGTGGG,54,535905
araCp,28.5,57,1,GTCTGCGGGGAAACCCGAAC,56,544105
araCp,20.5,41,1,GTCGGGGAGACACTTAGTGT,40,531969
araCp,31.0,62,1,GTCCTTCCAACAATGTGTAG,61,590979
araCp,26.5,53,1,GTATGCTTAAGCCACGCCAG,52,532553
araCp,58.0,116,1,GTAGGAGCCACTGCAGTCTA,115,539442
araCp,1.0,2,1,GTAGATAGCTGCGTAGCTCA,1,554362
araCp,1.0,2,1,GTAATTCTTTATCCTTGCGT,1,533109
araCp,29.5,59,1,GGTGTAGACAGGCGTTTATA,58,536829
araCp,27.5,55,1,GGTCAGCCATATGTGGGAGT,54,585450
araCp,28.0,56,1,GGTCACGCTGGAACTTAGCC,55,585875
araCp,1.0,2,1,GGGGCAATAAGGACGGCTGG,1,594147
araCp,26.5,53,1,GGGCCTATGTGGGGAGGCAT,52,534683
araCp,79.0,158,1,GGGCACCTTATCGGTCATCT,157,561786
araCp,31.5,63,1,GGGAGTAATCTTGACTGTTG,62,596563
araCp,18.5,37,1,GGGAGCAACCAGCGGGCCAT,36,529200
araCp,20.5,41,1,GGGACATTTGGGTGCGCTGG,40,571669
araCp,38.5,77,1,GGCTTAGATATCAATAGAAC,76,525711
araCp,29.5,59,1,GGCGCGCAGAAGTGGGATTA,58,594064
araCp,7.5,15,1,GGCCCTGTAGGCACACCCAA,14,591790
araCp,1.0,2,1,GGCAAGCCCTCTCGAGTCGT,1,590773
araCp,1.0,2,1,GGATTCATATTATGAGACCT,1,569953
araCp,32.5,65,1,GGATACCGGGAACTGACACT,64,602201
araCp,1.0,2,1,GGAGCCGGAACGCCTAGACT,1,552406
araCp,28.5,57,1,GGAAGGCAAAATGCGTATTT,56,541669
araCp,23.5,47,1,GGAACAGTGAAGAACCCACT,46,564626
araCp,44.5,89,1,GCTCAGCTTCATCATGGTTT,88,564103
araCp,36.0,72,1,GCTACCCTATGGGATTAGCC,71,540595
araCp,58.0,116,1,GCTACATCCTTGCCGTTAAC,115,551840
araCp,1.0,2,1,GCTAACCGAAAAACACGGAT,1,553101
araCp,22.5,45,1,GCGAATTGTGATGATCGCCA,44,563385
araCp,33.0,66,1,GCGAATCCGAGTTGGGGCGA,65,532710
araCp,30.5,61,1,GCCTTACTTCTCATCCCACC,60,600092
araCp,12.0,24,1,GCCCGCACTGCGGGCGATTT,23,589340
araCp,6.5,13,1,GCCCAAAGACTGGAACGCGG,12,561692
araCp,64.5,129,1,GCATTGAAGTTGCCTTGGCC,128,602947
araCp,31.0,62,1,GCAGTTAATAGAGTTGAGTC,61,589960
araCp,29.5,59,1,GCAGGGGCTCGAACAACACA,58,536491
araCp,1.0,2,1,GCACTATTCGGGTTTAATGA,1,548764
araCp,1.0,2,1,GCAATAAGTGGCTGACAGAA,1,572250
araCp,29.5,59,1,GATCGGTTACAATGCTCCTG,58,560711
araCp,19.5,39,1,GAGTAGCACGCGCCACCGGG,38,557918
araCp,27.5,55,1,GAGAAACGCCTAACCATCGT,54,596918
araCp,37.0,74,1,GACTGGTTAGTTTCACCTGC,73,587236
araCp,66.5,133,1,GAAGACTGGACGACATCGTA,132,535906
araCp,1.0,2,1,CTTCTACCGGGACATGATTC,1,554340
araCp,160.5,321,1,CTTACTGGAGGGATTTTTGT,320,595975
araCp,34.0,68,1,CTTAAGCTGTACTTTTTTTG,67,554635
araCp,1.0,2,1,CTGTAGGGCAAATACCGAAT,1,594840
araCp,26.5,53,1,CTGCGTTCCGCAGGTGGAAG,52,525978
araCp,25.5,51,1,CTCTGGCCAAGTAGTCTATT,50,599352
araCp,28.5,57,1,CTCGCTCAGAAAGAAAGCGG,56,536843
araCp,1.0,2,1,CTCCGGAGGATACTCAGGCG,1,578143
araCp,33.0,66,1,CGGGGTATGCCGTAGTGTTG,65,538809
araCp,1.0,2,1,CGGCTGGCCAACGTGGGGAT,1,577451
araCp,15.5,31,1,CGGCCCAAACAACTTGCTTA,30,537900
araCp,33.0,66,1,CGGAAAGAGCTTCTCTCTGC,65,542499
araCp,31.5,63,1,CGCTTCTCAAAGTGGGAAAG,62,546430
araCp,21.0,42,1,CGCTACTACTCCGGGGAATG,41,587146
araCp,29.0,58,1,CGATAGTGCAGAGAATCAAG,57,532166
araCp,35.5,71,1,CCTTTATCTTACGAACACTC,70,558053
araCp,21.5,43,1,CCTCCGGTGTTTCGCAGAGA,42,564396
araCp,18.5,37,1,CCTACGTTGATTATTGATCG,36,526289
araCp,26.5,53,1,CCGGGTACGATAGCTACATT,52,595175
araCp,38.0,76,1,CCGGGGTCTGGCATGCAGGT,75,566921
araCp,24.5,49,1,CCGGATCCACAAATAGGCTT,48,532473
araCp,1.0,2,1,CCGGACGGTGAGACGTGGGA,1,532127
araCp,74.0,148,1,CCGAGGTTAATGTTCTATGG,147,562124
araCp,23.0,46,1,CCCGTTTCCGGACCATCGAG,45,603413
araCp,24.0,48,1,CCCGTAGGCTGTTCTGATAC,47,536602
araCp,1.0,2,1,CCCGGGCTTGTCTCGACTTA,1,590083
araCp,20.0,40,1,CCCGAAAGGTCCCAGCTATT,39,595195
araCp,33.5,67,1,CCCCTTTACGGGCCGTATTG,66,603222
araCp,43.5,87,1,CCCCTCGAGCGTTACTCTCC,86,575329
araCp,35.0,70,1,CCCATTCGACACGAACACTG,69,586400
araCp,22.0,44,1,CCCAAAATGTCCGTGTATAT,43,543375
araCp,1.0,2,1,CCAGTGCTGAGGACGGGGTT,1,597520
araCp,18.0,36,1,CCACTCGGGTTTGGGTTCGA,35,579803
araCp,62.5,125,1,CCAAGACTCTTCCGGTCTCT,124,566001
araCp,28.5,57,1,CATTACTGAAAGGGGGGGGT,56,603371
araCp,48.0,96,1,CATCCCACTAGGTGCGCCGA,95,541460
araCp,24.5,49,1,CATACCGGGGCTTTCATAGA,48,552557
araCp,1.0,2,1,CAGTCTTGGCAAGAGGTTCC,1,537291
araCp,39.0,78,1,CAGTAAGTCTATGTAGTCAA,77,553871
araCp,33.0,66,1,CAGGTGGTACCGAGAGGGGA,65,563049
araCp,1.0,2,1,CACTCTTGATAGGCGTGTTA,1,589687
araCp,40.5,81,1,CACATGATAGAACTACGTGT,80,549491
araCp,23.0,46,1,CAATCCATGTGAGGACCTGA,45,572812
araCp,28.5,57,1,CAAGTGAGAAACCGCATAGG,56,538966
araCp,23.5,47,1,CAAGGGTCGTTATTCAACCG,46,531479
araCp,25.0,50,1,CAACACTACACGTGCAAAAA,49,534693
araCp,37.0,74,1,CAAACAGCCAATCGAGCTGT,73,541962
araCp,5.0,10,1,CAAAACGTTATAAAAGATTC,9,588605
araCp,19.5,39,1,ATTTGAGAGACCAGGACCTA,38,573306
araCp,1.0,2,1,ATTGAAGATCTACCCACCTA,1,555610
araCp,62.0,124,1,ATTCAGTGCGGAAGTCATTT,123,554622
araCp,1.0,2,1,ATGTTGTATCCGATGAAATA,1,556513
araCp,1.0,2,1,ATGCCATATACCCTTTGAGG,1,597831
araCp,28.0,56,1,ATGCAGATGGTCGCGATTAA,55,556652
araCp,52.5,105,1,ATCAGAAAGTCGCACAACCA,104,579917
araCp,25.0,50,1,ATATGACTGAGTGAATTCGC,49,586282
araCp,1.0,2,1,ATAATCTGCACAGAGAAAGT,1,558302
araCp,29.0,58,1,ATAAGTGGAGCGGCGTTCCT,57,595865
araCp,38.0,76,1,AGTGTTTTGTAGATCCCAGT,75,572699
araCp,24.0,48,1,AGGGTTCGAGGGCTCGTGCC,47,527799
araCp,34.5,69,1,AGGGTATGAGTGCTAGCTGG,68,596524
araCp,13.5,27,1,AGGGGTTGTTATCTCCTTAT,26,564966
araCp,25.0,50,1,AGGGCCAGGGTCGAATCTGG,49,562115
araCp,1.0,2,1,AGGGAGCTCCAATCCCAGTT,1,588983
araCp,21.5,43,1,AGGCCCTGTGAACTCCCGGC,42,530679
araCp,34.5,69,1,AGCGGGGAGGGTGTACTAAA,68,569898
araCp,20.5,41,1,AGCGCACCTCGGAGCTACGT,40,541443
araCp,20.0,40,1,AGCGATTCTTCTGGGCTTAC,39,544161
araCp,64.0,128,1,AGCGAAGTTATTACAGGGTG,127,591759
araCp,1.0,2,1,AGCCCCTCTATAAGATGTTT,1,526797
araCp,15.5,31,1,AGCCAGCAGATTTTCAATAT,30,555737
araCp,33.5,67,1,AGCACCTAAACCTGACTCTT,66,537772
araCp,25.0,50,1,AGCAACCTTACAACTGTTGT,49,561430
araCp,29.5,59,1,AGATTTCCATTAGCGCTCCG,58,578045
araCp,34.0,68,1,AGATCAAGGCTTAGACACGT,67,552689
araCp,35.0,70,1,AGAGTGTTTCTATAAGGGCT,69,557660
araCp,25.0,50,1,AGACGTTCGCAGGGGATCCT,49,529373
araCp,1.0,2,1,AGACCCAACGGTACCATTGA,1,574605
araCp,35.5,71,1,AGAAGTTAGTCACTCCAGAC,70,597011
araCp,40.0,80,1,AGAAATTACACTATGACCAA,79,569135
araCp,41.5,83,1,ACTGAAGCATCTTAGCAAGT,82,552360
araCp,1.0,2,1,ACGGCCAGTCTTTTAAGGGT,1,575884
araCp,1.5,3,1,ACGCCAATTGTCTGAACAGT,2,531494
araCp,39.0,78,1,ACCTTTCCCCAACATCTTGG,77,565515
araCp,20.0,40,1,ACCTGGCGTCCAATCCCTCT,39,592593
araCp,1.0,2,1,ACATGCGAGGGCTCACCGTG,1,565596
araCp,29.5,59,1,ACAGGGTTGCGCCGCTCTAC,58,599217
araCp,20.5,41,1,ACAGGCTTGTGGCACGGTTC,40,579110
araCp,60.0,120,1,ACACTTCAACCGTACCGTAT,119,603012
araCp,25.5,51,1,AATTACGCAGCATGATAGGG,50,577467
araCp,1.0,2,1,AAGGTAGACACAATCTCACT,1,551614
araCp,63.5,127,1,AAGCGGAAAGCAGGAGAAAC,126,541537
araCp,33.0,66,1,AAGCGAGTACATTAAGGTGG,65,597039
araCp,22.5,45,1,AAGCCCGGCTATAGAAGTCT,44,598126
araCp,36.5,73,1,AAGCACGGGACAGACGCAGT,72,602443
araCp,61.5,123,1,AAGATTGTACCAGCAAACGC,122,529270
araCp,64.5,129,1,AACTGCCTTCCTGTTGACTC,128,541548
araCp,28.0,56,1,AACGTGCCAGAGTGTATTGA,55,530253
araCp,1.0,2,1,AACGGTAGGTGGGTCGTCTA,1,541494
araCp,25.0,50,1,AACCTACAGGGTTCCCTGTG,49,601078
araCp,38.0,76,1,AACATGGCTGAGTCCTGGAG,75,561034
araCp,43.5,87,1,AAATTAAGAGGAGCCTCAGG,86,545333
araCp,33.0,66,1,AAATAAAACTACCCCTACAG,65,570636
araCp,1.0,2,1,AAACTGGGCATCTTGGGGTT,1,575356
araCp,1.0,2,1,AAACTGGCCTAATCCGCGCC,1,540516
araCp,0.008928571428571428,111,111,CTGCATAACCGTCTCCTGTC,0,540888
araCp,0.009433962264150943,105,105,GTGGCGTACCTGTCCCATGT,0,526924
araCp,0.010638297872340425,93,93,AAGGGACATAGCTTCAGAAA,0,565658
araCp,0.010752688172043012,92,92,TCTACACACGCTGTTGCGGT,0,533607
araCp,0.010752688172043012,92,92,TCCTAGTCGAGCCGTCTCTA,0,568939
araCp,0.01098901098901099,90,90,CCTGTGAGTCAGGCATGAGA,0,541304
araCp,0.011494252873563218,86,86,GGGCAGCAGCGCTCTTATAG,0,538324
araCp,0.011904761904761904,83,83,CGGGGTGTAGTACCAGTCTT,0,570389
araCp,0.012195121951219513,81,81,GCCTCACGATGAAGTCTAAT,0,598530
araCp,0.012195121951219513,81,81,CTTCGAAGCAACTTGTCAGT,0,554400
araCp,0.012345679012345678,80,80,ACGGCGTAGGGTTAGAATGA,0,576658
araCp,0.012658227848101266,78,78,GGTAACTCTTTTGCTTTCTC,0,587924
araCp,0.01282051282051282,77,77,CCCCTCAGAACGAGCTACAG,0,570078
araCp,0.013157894736842105,75,75,AGCCAGTGGAATAAGCCCAT,0,572801
araCp,0.013513513513513514,73,73,GAGCCTCGATCCGCGCAGTA,0,577742
araCp,0.013513513513513514,73,73,AACAAGGTCAGCCGCCAGAT,0,540463
araCp,0.014492753623188406,68,68,TGGACGAGCCTAAATGTTCG,0,552240
araCp,0.014492753623188406,68,68,AAGCGTCGGGACCAGGGTTA,0,582059
araCp,0.014925373134328358,66,66,TTGGATATACCAACACCAAG,0,571619
araCp,0.014925373134328358,66,66,ATGCGCAGGGACTCTCGGGT,0,542830
araCp,0.014925373134328358,66,66,ATCAGACTAATCTACTAGAA,0,568357
araCp,0.015384615384615385,64,64,TTGCTTGGGAGCTGCGTATC,0,528207
araCp,0.015384615384615385,64,64,GGGCTATTCGCTCTACACCA,0,554089
araCp,0.015625,63,63,TGCATATTGCGCTGTTGTCT,0,546051
araCp,0.015625,63,63,GATCCGTGGACAGCCGGTAC,0,548348
araCp,0.015625,63,63,CGCTCCACCGTGGACGCGGT,0,552357
araCp,0.015873015873015872,62,62,GCTACTTACTCCGGATAAAC,0,558616
araCp,0.015873015873015872,62,62,CGTCCAATTCCGCGAAGGAA,0,581501
araCp,0.016129032258064516,61,61,ACTCTAACCGTTCTTGTCGT,0,531365
araCp,0.01639344262295082,60,60,TACGGATAGACCACCTCATT,0,528280
araCp,0.01639344262295082,60,60,CTGCGTAGTCGATGGTGCTG,0,538425
araCp,0.01639344262295082,60,60,CCCCTGGCGTGTTCCGCCTT,0,560618
araCp,0.01639344262295082,60,60,ACGGATATGCCAGGTGGCAT,0,557411
araCp,0.016666666666666666,59,59,GTAGCGTACTGATGGGTTTA,0,568529
araCp,0.016666666666666666,59,59,GGGCAGGACTCCCGGTCGAT,0,560131
araCp,0.016666666666666666,59,59,GCCGGGATCTTTCTCACAAG,0,575633
araCp,0.016666666666666666,59,59,CTGTCCGATGGACTGATGAC,0,546621
araCp,0.016666666666666666,59,59,CCGGAGACTAGGAGCAAGTG,0,563907
araCp,0.016666666666666666,59,59,AGACAAGCAGTTCGTACGGG,0,545084
araCp,0.01694915254237288,58,58,GCATTCCGCATCTCAAGGAG,0,539104
araCp,0.01694915254237288,58,58,CCACAGCTTTGATAAACAAA,0,525737
araCp,0.01694915254237288,58,58,AGCCCTTGCTGATTGAAAGT,0,536324
araCp,0.01694915254237288,58,58,AAAGCAACACGTTAAACGAA,0,525529
araCp,0.017241379310344827,57,57,AGTGTGGGACGCCAGGCGTT,0,534903
araCp,0.017241379310344827,57,57,AATTTAGTGTGCGTGGCGCA,0,527604
araCp,0.017543859649122806,56,56,TTATCCATTTCCTGCAATTT,0,525667
araCp,0.017857142857142856,55,55,CAAGAAGCGACAGTTACAGA,0,573523
araCp,0.017857142857142856,55,55,AGATCACAACGGTCGGTGTA,0,551620
araCp,0.01818181818181818,54,54,TCGCTATCGGATTTCTCTAT,0,551053
araCp,0.01818181818181818,54,54,CGAATCGTTGCGCTGCGAGA,0,540335
araCp,0.01818181818181818,54,54,CCAATTGAGCTTTACTAACA,0,539741
araCp,0.018518518518518517,53,53,TATGACGCAAGCATAGAAAT,0,582267
araCp,0.018518518518518517,53,53,TACCTTCAGACTGGAACACT,0,570918
araCp,0.018518518518518517,53,53,CGTGTTAGGGCTCTGTCAAT,0,535779
araCp,0.018518518518518517,53,53,AGCTCTGCTGTTCTAGAGTG,0,531127
araCp,0.018518518518518517,53,53,AACCAGGGGGTCCTACCCTA,0,558919
araCp,0.018867924528301886,52,52,TGTGCCACTTAGTTACAGCT,0,537676
araCp,0.018867924528301886,52,52,TAACTAAAGCTTTTGGGCGT,0,599363
araCp,0.018867924528301886,52,52,CGTCCTCAGCGCACCGGGTT,0,580572
araCp,0.018867924528301886,52,52,CGGGAATTTCTCCGAAAACA,0,557917
araCp,0.018867924528301886,52,52,CCCGGACATGAGGATGACGT,0,532603
araCp,0.018867924528301886,52,52,CAATGTCTCTTAGCCGGGCA,0,581420
araCp,0.018867924528301886,52,52,AAACAAGTTTTCTCAATCAG,0,567253
araCp,0.019230769230769232,51,51,TTGTTCATCGGGGAATCGGA,0,535841
araCp,0.019230769230769232,51,51,CTGGATGTGCAGACGCTGTA,0,597509
araCp,0.019230769230769232,51,51,CTCGAATGGGATTAACGACA,0,569112
araCp,0.019230769230769232,51,51,CACAGGTGGCCCACTATGTG,0,534839
araCp,0.019230769230769232,51,51,ATGTGGACAGAGATTCTCCA,0,526864
araCp,0.019230769230769232,51,51,AGGCAACGAAGCTAATGGCT,0,532424
araCp,0.0196078431372549,50,50,GTTTGGGCACGTTGCGAGAA,0,555137
araCp,0.0196078431372549,50,50,GCGTGCATCGCCTCGGCGCA,0,567420
araCp,0.0196078431372549,50,50,CGTCTTGTGGGAATAAATGT,0,554325
araCp,0.0196078431372549,50,50,CGCACAGGAGGGCATATGTC,0,590923
araCp,0.0196078431372549,50,50,CAGAGTTCAGTTTCTGCTGA,0,525882
araCp,0.0196078431372549,50,50,ACCTTCAACGTGAGGTAGAA,0,588133
araCp,0.02,49,49,GTCGAGGCAACGTTCGGTGT,0,535456
araCp,0.02,49,49,CTATGAGAGCGAGAATCCTA,0,596869
araCp,0.02,49,49,CGGGGCTGCTCCCGACGACT,0,541785
araCp,0.02,49,49,ATCTAATGGGCACGGTAGCT,0,529459
araCp,0.02,49,49,AGACGAGGTGTGGTCGAACA,0,551188
araCp,0.02040816326530612,48,48,TTTGTTTTTTTGAATAGTCA,0,532494
araCp,0.02040816326530612,48,48,GGGTAACTAACTGTATCGGT,0,541197
araCp,0.02040816326530612,48,48,CTTCAGTTACACTTTTACCA,0,584891
araCp,0.02040816326530612,48,48,CCGCGCATTACAGGTCATCA,0,598025
araCp,0.02040816326530612,48,48,CATCCTGTTTGCACACCTCA,0,592214
araCp,0.02040816326530612,48,48,CAAGTAAAGGAAGGCACTCA,0,562384
araCp,0.02040816326530612,48,48,AGATCGTCCAGGTGAACCTA,0,583183
araCp,0.02040816326530612,48,48,AGACATCGGGCCATCAGGCG,0,586041
araCp,0.02040816326530612,48,48,AATAGGTTTACCGATTCATA,0,597465
araCp,0.02040816326530612,48,48,AAGGTCGCCTAACATGGATT,0,531867
araCp,0.020833333333333332,47,47,TTGGTGGCTACTCGGAAAGA,0,583724
araCp,0.020833333333333332,47,47,GAAAATTAAACGAAGCCGAT,0,529686
araCp,0.020833333333333332,47,47,CACACCTATCGCTGTCCTCA,0,548080
araCp,0.020833333333333332,47,47,ATTGGAGTCCCGATTGCCGT,0,530893
araCp,0.02127659574468085,46,46,TGATGCGTTTCCTCCCTTCA,0,528056
araCp,0.02127659574468085,46,46,TCTCTACGTATAAAACGCTT,0,531012
araCp,0.02127659574468085,46,46,TCCCGTTGGGGATAGCCGCT,0,599975
araCp,0.02127659574468085,46,46,TATCGGTTAGCGCCAAGGTC,0,573226
araCp,0.02127659574468085,46,46,TACTTATTGACTACGATCAG,0,531071
araCp,0.02127659574468085,46,46,CGACCCTGAAGAGTCAACCT,0,535939
araCp,0.02127659574468085,46,46,CAGTTCTCGTCCACTCAACG,0,543205
araCp,0.02127659574468085,46,46,ATACGGTATGCGAGGAATAT,0,546329
araCp,0.02127659574468085,46,46,AGACCGGCACCAATGGAAAA,0,595597
araCp,0.021739130434782608,45,45,TTATGCATGCAGAGGACATT,0,558690
araCp,0.021739130434782608,45,45,TTATGAAGAGCTGAAGGTCC,0,550558
araCp,0.021739130434782608,45,45,TTAAATCAAGTGCATTGACG,0,541716
araCp,0.021739130434782608,45,45,TCTGTCCTGCTCCCAGTACT,0,543564
araCp,0.021739130434782608,45,45,TATTCCCCGGTATATGACCA,0,552515
araCp,0.021739130434782608,45,45,TATGTAACCCATCTGCCTGT,0,553321
araCp,0.021739130434782608,45,45,GGGGCATCCTCAAGACGGCG,0,592058
araCp,0.021739130434782608,45,45,GGCGGCCCTAGGCAGACCCG,0,550492
araCp,0.021739130434782608,45,45,GGCCGGGATGATAACCCCGT,0,573483
araCp,0.021739130434782608,45,45,GCTTTTCCTACGCTACTTAA,0,558527
araCp,0.021739130434782608,45,45,GCTCTGTTTCCAAGAAGACC,0,571427
araCp,0.021739130434782608,45,45,GATCCACGTTAATCGGTTGC,0,576464
araCp,0.021739130434782608,45,45,GAGAAAACGATTTGGACGTA,0,545451
araCp,0.021739130434782608,45,45,GAACTATTTCCGACACGTGA,0,570815
araCp,0.021739130434782608,45,45,CGTTAAATGCACACGGCATA,0,536264
araCp,0.021739130434782608,45,45,CAGTGAGCGATGCAGGCCCC,0,536253
araCp,0.021739130434782608,45,45,AGGATTTAGGACCGATAATG,0,554399
araCp,0.021739130434782608,45,45,AGCAGGACACGAGCTTGACG,0,532499
araCp,0.021739130434782608,45,45,AGAGGAGCGACATGAAACGA,0,584759
araCp,0.021739130434782608,45,45,ACTCGCCCTCCAATTTCAGC,0,568480
araCp,0.022222222222222223,44,44,TTCAATATGATTCAATTTTG,0,527015
araCp,0.022222222222222223,44,44,TGGTCCAACGTATCGCTTCT,0,554053
araCp,0.022222222222222223,44,44,TGGTAGGAGGGTATTGCGTA,0,537022
araCp,0.022222222222222223,44,44,TCAAAGGCGGAAACTTAAGA,0,550106
araCp,0.022222222222222223,44,44,TAGAAGGACCGTAAAATAAC,0,578512
araCp,0.022222222222222223,44,44,GCGCGACCCTATGCGGATTG,0,549345
araCp,0.022222222222222223,44,44,GCCCGGAGCTTTTGATGGAC,0,547349
araCp,0.022222222222222223,44,44,GACTTGATACCCTGGATCAC,0,526857
araCp,0.022222222222222223,44,44,CGTTCGCATGCCCTCCGAAG,0,574493
araCp,0.022222222222222223,44,44,CCCGCGTGTTGCCGCAATTA,0,578657
araCp,0.022222222222222223,44,44,AAACGGGGCACCGCAGACGT,0,569293
araCp,0.022727272727272728,43,43,TGCTGCCTCTTAAGCGCCAA,0,568536
araCp,0.022727272727272728,43,43,TCTTTAGGGACCCAGCTCAG,0,588714
araCp,0.022727272727272728,43,43,TATGTAGAAGTGTGCTTACT,0,548287
araCp,0.022727272727272728,43,43,GGTCTGATCGATTTGACCAC,0,559319
araCp,0.022727272727272728,43,43,GGGCGAGGAACGCGAGTCGT,0,572730
araCp,0.022727272727272728,43,43,GGCTCGCGGTCAAACCTAGT,0,589760
araCp,0.022727272727272728,43,43,GCCCCGCGCCGCATTGCGGA,0,529012
araCp,0.022727272727272728,43,43,GCCACGTATTGAAACAACGG,0,557412
araCp,0.022727272727272728,43,43,GCACCAGGGTGAAGACTTTA,0,581572
araCp,0.022727272727272728,43,43,GATATAGCTCTGTAGCTCCA,0,562885
araCp,0.022727272727272728,43,43,CTGGTTGATTACAGGGATAT,0,565822
araCp,0.022727272727272728,43,43,CGTCGTCATCGTTATGACTG,0,582561
araCp,0.022727272727272728,43,43,CGGACTTCCTTTACTGCGAC,0,568992
araCp,0.022727272727272728,43,43,ACGTAGATTATGTACTCTCT,0,562362
araCp,0.022727272727272728,43,43,ACCATTTGTGATTACACACA,0,525566
araCp,0.022727272727272728,43,43,AACTGGGAGTCATAGGCGGA,0,594334
araCp,0.023255813953488372,42,42,TGGACTGCGGCCTAAGCGGT,0,543203
araCp,0.023255813953488372,42,42,TGCGGCCCCACTTATGAAGA,0,562522
araCp,0.023255813953488372,42,42,TCTGAAAAATAGACATTGCA,0,558752
araCp,0.023255813953488372,42,42,TCGTGGAAACCGGTCGCTTT,0,553184
araCp,0.023255813953488372,42,42,TCGATTATTACATGCCCAGT,0,603234
araCp,0.023255813953488372,42,42,TCACTGTTGGGCGGGAATAT,0,541337
araCp,0.023255813953488372,42,42,GTCGAAATCCCACTCTCATG,0,529897
araCp,0.023255813953488372,42,42,GGGCCTCAAATAACATAAGA,0,559057
araCp,0.023255813953488372,42,42,GATGAGGCCCATACTGCAAG,0,561071
araCp,0.023255813953488372,42,42,GATAGCATGGTGAACTGCCA,0,525533
araCp,0.023255813953488372,42,42,CTATCACTTTGGAGATCAGA,0,552810
araCp,0.023255813953488372,42,42,CTAGTTTTTCGTTGTGGTTG,0,534287
araCp,0.023255813953488372,42,42,CCGAGGCCATACGGACGTCG,0,555884
araCp,0.023255813953488372,42,42,CCAGGCCGAGCCATGAGAAA,0,542980
araCp,0.023255813953488372,42,42,AGACGGGCGTATCAAACCCT,0,563811
araCp,0.023809523809523808,41,41,TTGAAGCAGACGGTCGTATT,0,547880
araCp,0.023809523809523808,41,41,TTCGCTTCCCTAAGGCGCTC,0,528654
araCp,0.023809523809523808,41,41,TGGGTGATTTCAATAACAGA,0,549010
araCp,0.023809523809523808,41,41,TGCGTACAAGCAAAGTAGAT,0,557452
araCp,0.023809523809523808,41,41,TGATGACAGCGAGCGGTTAC,0,599008
araCp,0.023809523809523808,41,41,TCGTTCTAAAAAAGAGTAGG,0,537020
araCp,0.023809523809523808,41,41,TAGATTCAGTCGAAAATTCG,0,554047
araCp,0.023809523809523808,41,41,TAAGCTACTGGAAATCCTAA,0,577195
araCp,0.023809523809523808,41,41,GTAGTTTGTCGAACTAAGAA,0,565056
araCp,0.023809523809523808,41,41,GGGTTCCGGGAAGGGCGCAG,0,545307
araCp,0.023809523809523808,41,41,GGGTTAGATGCGAGAGTGGA,0,528657
araCp,0.023809523809523808,41,41,GGCCCAGGTTGCCTCCTTGT,0,540533
araCp,0.023809523809523808,41,41,GCAATCTGCCCCTATGGCGC,0,579631
araCp,0.023809523809523808,41,41,GAGTCTGAGCGTGTCATTTA,0,561992
araCp,0.023809523809523808,41,41,GAGGCAGGCCTAGGCAGAAA,0,584192
araCp,0.023809523809523808,41,41,CTGAATTGCGTGCCGCGCTG,0,600136
araCp,0.023809523809523808,41,41,CTATAGCTGTGTATGATTAA,0,582148
araCp,0.023809523809523808,41,41,CTACTGTCGAGGAAACCAGT,0,548700
araCp,0.023809523809523808,41,41,CGTTACGCAAGTCACCACTA,0,586436
araCp,0.023809523809523808,41,41,CGACAGTTTCCGTAGTGGTA,0,566812
araCp,0.023809523809523808,41,41,ATAGTCTGCAGCTACCGAGT,0,554401
araCp,0.023809523809523808,41,41,ATAAACATCCCTCGGCCGCT,0,549257
araCp,0.023809523809523808,41,41,ACGGTACAAGTATGAAAGTA,0,572284
araCp,0.023809523809523808,41,41,ACATACATCACCTGATTGAA,0,570472
araCp,0.023809523809523808,41,41,ACACAATCCCGCTGAACCGA,0,531538
araCp,0.023809523809523808,41,41,AAGTTGCCATGTATCCTTAA,0,566110
araCp,0.023809523809523808,41,41,AAGCACCCAAGAGATGGGTG,0,533019
araCp,0.023809523809523808,41,41,AACGTATTCGCGCAAGTCTG,0,561130
araCp,0.024390243902439025,40,40,TTTAGCGCTGACGCATTAGA,0,545602
araCp,0.024390243902439025,40,40,TTTAACCCGCTGGGGGGACA,0,538641
araCp,0.024390243902439025,40,40,TTGTTACCACGATCGCCGCA,0,547550
araCp,0.024390243902439025,40,40,TTGGTGCGAGTTCTTCGGGT,0,587861
araCp,0.024390243902439025,40,40,TTCCGCCGGCAGTATCGTGC,0,566440
araCp,0.024390243902439025,40,40,TCGGCTGAGCGACCGGAGTA,0,529960
araCp,0.024390243902439025,40,40,TCCCTTTGTGAACTCGGACT,0,548289
araCp,0.024390243902439025,40,40,TAGATTTTTGGAGTTGCAAA,0,526394
araCp,0.024390243902439025,40,40,GTTACTGTAACGGCGCGCAT,0,559753
araCp,0.024390243902439025,40,40,GGCTGTTTCGCACCTATGAC,0,537547
araCp,0.024390243902439025,40,40,GGCCGTCATTTTTTGCACGC,0,559107
araCp,0.024390243902439025,40,40,GGACGGCATCAGAGCAATTT,0,541789
araCp,0.024390243902439025,40,40,GCACGGATGGGTCAAGTTTT,0,537705
araCp,0.024390243902439025,40,40,CTGCAGATGAGGCGTACGTG,0,588959
araCp,0.024390243902439025,40,40,CAAAACGTAAGTACCATCGT,0,574682
araCp,0.024390243902439025,40,40,ATGGGTATGGATATAAAGTA,0,598576
araCp,0.024390243902439025,40,40,AGTATGGATTGCACCCGGCC,0,595649
araCp,0.024390243902439025,40,40,ACGCCGCCCATGGGCGTTTA,0,541210
araCp,0.024390243902439025,40,40,AACGGATAATTGCGTGGACT,0,545894
araCp,0.025,39,39,TTGTTGGTTGCGTCTTTAAT,0,530380
araCp,0.025,39,39,TGTGTGGGCAGGGCGGATAA,0,602626
araCp,0.025,39,39,TGACCGTGGAGTGAGACGTC,0,539650
araCp,0.025,39,39,TCGTTCAAATAACAGGGCCA,0,591751
araCp,0.025,39,39,TACTTATCCAGGGACGGCAA,0,594376
araCp,0.025,39,39,GTGTGCGTCTATCAGAGTAT,0,557761
araCp,0.025,39,39,GGGATGAGGCACGGTCGTAT,0,546185
araCp,0.025,39,39,GGCCCCGCGTGTGAGAGCGT,0,552608
araCp,0.025,39,39,GGATAGATAGACATGCGTTA,0,585768
araCp,0.025,39,39,GAGAAAGCCGTGTGCGGACC,0,566853
araCp,0.025,39,39,CGTCCGAGGCGCTACTATAG,0,560712
araCp,0.025,39,39,CCTGTGAGAATTGGTCGGAT,0,526193
araCp,0.025,39,39,CCGCTGCGCTAAAGGGCGTA,0,549856
araCp,0.025,39,39,CCAGGCTAGCTTTTTCTGCC,0,585486
araCp,0.025,39,39,CCAACGTGCCCGTTCAATGT,0,577695
araCp,0.025,39,39,CAGTAGACTGCTCTGGTAAT,0,554547
araCp,0.025,39,39,ATTACCGTGCCCTGCTCGAA,0,541334
araCp,0.025,39,39,AGGACGCTCCCGTCAGGGAT,0,538195
araCp,0.025,39,39,AAGTATTGCAAATTGGATGA,0,571172
araCp,0.025,39,39,AACAGGGTGGTATGAATCAT,0,582305
araCp,0.02564102564102564,38,38,TTGGTTTTTCTGTACTTGAG,0,560789
araCp,0.02564102564102564,38,38,TTGGCCTATGCTTTATTTAT,0,561598
araCp,0.02564102564102564,38,38,TTAATCCAGTTGGGATGAAT,0,540634
araCp,0.02564102564102564,38,38,TGTAGAAGAAATACTGTCAT,0,574244
araCp,0.02564102564102564,38,38,TCGACAAGAGCTGCATTATG,0,554882
araCp,0.02564102564102564,38,38,TCCCAACGAAGCTTAAGATG,0,563900
araCp,0.02564102564102564,38,38,TAGCTATTGCTCGGCGGCAA,0,528708
araCp,0.02564102564102564,38,38,TACCCTGATTGTTTTGTTGT,0,542439
araCp,0.02564102564102564,38,38,TAATGCGTGCTCCCACCCAC,0,558194
araCp,0.02564102564102564,38,38,TAAGCGTTTAGGCCCGTTCC,0,565230
araCp,0.02564102564102564,38,38,GTCGAAGCTTCTATGATCGT,0,567005
araCp,0.02564102564102564,38,38,GGTAACATCCGGGGGCACGA,0,601389
araCp,0.02564102564102564,38,38,CTGCCCCGTGGATAATGAAG,0,581048
araCp,0.02564102564102564,38,38,CGCGTTGAAGTGACAGCGAC,0,558903
araCp,0.02564102564102564,38,38,CCGTTTTCCCCCCTTACCCG,0,544268
araCp,0.02564102564102564,38,38,CCCTGGTTGGACAGGTTTAG,0,548165
araCp,0.02564102564102564,38,38,CACTCAATATGGTTACGAAT,0,555570
araCp,0.02564102564102564,38,38,CAATTTTTCCAGTCGGGGGC,0,587480
araCp,0.02564102564102564,38,38,CAATGCGGCCGCCGGGGAAC,0,527010
araCp,0.02564102564102564,38,38,ATTGACATCGGTGCGGCTAT,0,582308
araCp,0.02564102564102564,38,38,AATACGGGAATTCTGGTTCA,0,568530
araCp,0.02631578947368421,37,37,TTGTCTGCACGGACTTGGAC,0,576244
araCp,0.02631578947368421,37,37,TTGACCGTCGTCAAGACTTT,0,543448
araCp,0.02631578947368421,37,37,TTATTTAGGCGGAAAGCGCG,0,571159
araCp,0.02631578947368421,37,37,TGTGTCGTCCTCTAGGAAGT,0,549785
araCp,0.02631578947368421,37,37,TGCCGGGGAGGTACAAAGTA,0,533099
araCp,0.02631578947368421,37,37,TCCCATATCCTACCCACATC,0,564816
araCp,0.02631578947368421,37,37,TCAAAATTCTTTAGTCTGGA,0,583455
araCp,0.02631578947368421,37,37,TACTCCATCGAACCATGGGA,0,565801
araCp,0.02631578947368421,37,37,GTCAGCTACAAATCCGAGCA,0,587734
araCp,0.02631578947368421,37,37,GTCACGTAGTTCGGAGAACG,0,597606
araCp,0.02631578947368421,37,37,GGTCAGCAGAAAAGCAAATA,0,547614
araCp,0.02631578947368421,37,37,GGGCAATAAACGGCTAGATC,0,527215
araCp,0.02631578947368421,37,37,GCGGTCCCATGTGAGCCCCT,0,570582
araCp,0.02631578947368421,37,37,GAGTTCCGTCAATATTGATA,0,551208
araCp,0.02631578947368421,37,37,CTGAGATAGCTAGTGCATCT,0,544095
araCp,0.02631578947368421,37,37,CGTCAGGCATCCGTCAGGCA,0,572974
araCp,0.02631578947368421,37,37,CCTGCAGACTGTTTCAGGCA,0,601678
araCp,0.02631578947368421,37,37,CCGTTGGTTAATAACAAATG,0,553348
araCp,0.02631578947368421,37,37,CCCTGTCAGGCTACGCCAAA,0,589199
araCp,0.02631578947368421,37,37,CCATTTTCTTTATAGAAATT,0,578790
araCp,0.02631578947368421,37,37,CAACGGTATAGTCCAGTTAT,0,593055
araCp,0.02631578947368421,37,37,ATGCAATATTCCGCATTATG,0,593783
araCp,0.02631578947368421,37,37,AGACAGAGGACCACTGAATG,0,566151
araCp,0.02631578947368421,37,37,ACTAATGGATTCCACATATA,0,533896
araCp,0.02631578947368421,37,37,ACGGCACAGACCACACGCAG,0,538478
araCp,0.02631578947368421,37,37,ACAAAATTCAGTTATACGAG,0,539989
araCp,0.02631578947368421,37,37,AACTAAGGGTATTTGCGGAA,0,564977
araCp,0.02631578947368421,37,37,AAACTCGGGTAACAAGGGCA,0,582601
araCp,0.02702702702702703,36,36,TGGTTCTAAGTAAGCTCGGA,0,540391
araCp,0.02702702702702703,36,36,TGGTGCCAGTGTGCTTGGCT,0,570991
araCp,0.02702702702702703,36,36,TATTTCTTAGCTTGACACAC,0,548970
araCp,0.02702702702702703,36,36,TAAATTGGTGTTCTCATAAG,0,555248
araCp,0.02702702702702703,36,36,GTTAGCCACGACTTAATGGT,0,546917
araCp,0.02702702702702703,36,36,GTGTTTCTGACTTGTGCGTA,0,553185
araCp,0.02702702702702703,36,36,GTCATGGTCGTGCCTATATT,0,591689
araCp,0.02702702702702703,36,36,GTACCTGCAAGATCTCCTAT,0,580797
araCp,0.02702702702702703,36,36,GGGGTTGTACAGATTTGGAT,0,566704
araCp,0.02702702702702703,36,36,GGACCATAGCGTCGGATTAA,0,562328
araCp,0.02702702702702703,36,36,GAGGGGGTTGCTAATATGTA,0,525563
araCp,0.02702702702702703,36,36,CTGGTGAACCGGTATGATTC,0,536959
araCp,0.02702702702702703,36,36,CGGTCCTCCATCACCGTGAT,0,574455
araCp,0.02702702702702703,36,36,CGAGTCACGTATACTGTGTT,0,532798
araCp,0.02702702702702703,36,36,CCTGTTGGCTCGCAGTTTTA,0,557805
araCp,0.02702702702702703,36,36,CCCCCAGAAGACGGTCGGAT,0,554588
araCp,0.02702702702702703,36,36,CCCATACGTTTCAGTGTGAA,0,576798
araCp,0.02702702702702703,36,36,CAGAAACGGAGTTGGTTGAA,0,582839
araCp,0.02702702702702703,36,36,ATCTATGGTAGCCGACTGCG,0,575116
araCp,0.02702702702702703,36,36,AGGAGGCAGAAGACAAGAAT,0,557413
araCp,0.02702702702702703,36,36,AGCGAAGTGCCCCGCCCTTC,0,555803
araCp,0.02702702702702703,36,36,AGCCTTCGTGCGGCCTCTTA,0,587422
araCp,0.02702702702702703,36,36,ACGTCGGGGCTTCACAAAGA,0,577982
araCp,0.02702702702702703,36,36,AACGAACGTGCCTCGCGCAT,0,542190
araCp,0.02702702702702703,36,36,AACCGACCATGATATCGGCC,0,527672
araCp,0.02702702702702703,36,36,AAATCAATATACATACACGG,0,533927
araCp,0.027777777777777776,35,35,TTCCGTTGTACGGAGTTCCA,0,558052
araCp,0.027777777777777776,35,35,TTAACCCAAACTCGTATTAA,0,527430
araCp,0.027777777777777776,35,35,TGCTGCAATCGTGCATATGC,0,551027
araCp,0.027777777777777776,35,35,TGCTCGTGGACTAGGATAAC,0,532468
araCp,0.027777777777777776,35,35,TCGCGCCGTTCACCTTGTTA,0,603398
araCp,0.027777777777777776,35,35,TCAGAGCAAAATCACGCATA,0,548222
araCp,0.027777777777777776,35,35,TATGTAGTATTGGAAGTGGT,0,593706
araCp,0.027777777777777776,35,35,TACACAACTTGCCACGTGTG,0,566365
araCp,0.027777777777777776,35,35,GTGTATCTTGGATGTGGTAT,0,536964
araCp,0.027777777777777776,35,35,GTCAGGGAGTGAAGCGGTCT,0,551243
araCp,0.027777777777777776,35,35,GCGACCCTATTCGTAGAGTA,0,561335
araCp,0.027777777777777776,35,35,GCAAAACAAAGCGGACGATT,0,530887
araCp,0.027777777777777776,35,35,GAGTGACGTTGCGCACCTTG,0,540695
araCp,0.027777777777777776,35,35,GACCATTCTATGTTACATTA,0,548926
araCp,0.027777777777777776,35,35,CTGAGAGTCCAATAGGAGCT,0,559454
araCp,0.027777777777777776,35,35,CTCGGTGGCCGTGAGGTCCT,0,554953
araCp,0.027777777777777776,35,35,CTCACCGGTCTCAAGAGATA,0,568670
araCp,0.027777777777777776,35,35,CTAAGCGGTTGCTCACATGC,0,562297
araCp,0.027777777777777776,35,35,CCTCGAATCTTAGTCGGCAG,0,562790
araCp,0.027777777777777776,35,35,CCGGTTCCTGTGAAGGATTC,0,530142
araCp,0.027777777777777776,35,35,ATCGCATAAGGGCGCGCTAA,0,551517
araCp,0.027777777777777776,35,35,ATCCGCAAAGAGGCTGAACA,0,529490
araCp,0.027777777777777776,35,35,AGGGCATGACTCCGATCATG,0,569440
araCp,0.027777777777777776,35,35,AGCCCCGGGGTCCTGATCAT,0,590705
araCp,0.027777777777777776,35,35,ACTAAGTAGCATCTGTCACC,0,535429
araCp,0.027777777777777776,35,35,ACGCGAGCTTTTCTCAAGGA,0,538479
araCp,0.027777777777777776,35,35,ACCCATACCTTTCACTAGAA,0,566561
araCp,0.027777777777777776,35,35,ACAGTAGCTATGGGAATGCT,0,525757
araCp,0.027777777777777776,35,35,ACACTGATCGGACACCTTAA,0,588160
araCp,0.027777777777777776,35,35,ACAAGTCATGCAACTTGGAC,0,562541
araCp,0.027777777777777776,35,35,ACAAGTACGTCGTAGGTGTC,0,537633
araCp,0.027777777777777776,35,35,AAGAGTGTAACTACCACTTG,0,601162
araCp,0.027777777777777776,35,35,AACTGGGAACATGGGCGATA,0,554711
araCp,0.02857142857142857,34,34,TTGTCGATACAACGTCTGCC,0,543056
araCp,0.02857142857142857,34,34,TTGCCATGAACTATGGAATA,0,562714
araCp,0.02857142857142857,34,34,TCATTACCGAATTGCCCTTC,0,558986
araCp,0.02857142857142857,34,34,TCAGACAGCCATCATCTAGA,0,531232
araCp,0.02857142857142857,34,34,TATCGAGGTCGCACCGTTGT,0,587304
araCp,0.02857142857142857,34,34,TACTCTATAGGCATACTGAA,0,529968
araCp,0.02857142857142857,34,34,TACAGGTGGTTTTGTTCCTG,0,539190
araCp,0.02857142857142857,34,34,GTGGCGATGGTTCAGGGTTG,0,533658
araCp,0.02857142857142857,34,34,GTAACAAATTGCTGCCAATG,0,540856
araCp,0.02857142857142857,34,34,GGTATGCATGTGTGCGTCAT,0,529491
araCp,0.02857142857142857,34,34,GGTACGAGGCGCCGTTAAGT,0,591688
araCp,0.02857142857142857,34,34,GGACGTGTGATACGATTTCA,0,528615
araCp,0.02857142857142857,34,34,GGACCCCTCTAACGCATGTT,0,550410
araCp,0.02857142857142857,34,34,GCTTGAAACTTAACTTTATC,0,574471
araCp,0.02857142857142857,34,34,GATTCCTACAGATGGGGGAG,0,553570
araCp,0.02857142857142857,34,34,CTACGTAACAAGTCAAGTGA,0,559393
araCp,0.02857142857142857,34,34,CTACGGCCACCTGCTAAGTA,0,553285
araCp,0.02857142857142857,34,34,CGGTAGCATTTCCAGTACGC,0,530756
araCp,0.02857142857142857,34,34,CGGGCCGACTCGTTGACCGG,0,561447
araCp,0.02857142857142857,34,34,CGGGAAAACTCAATTTAAAT,0,528655
araCp,0.02857142857142857,34,34,CGACGTTCACAAAGGAGATT,0,600010
araCp,0.02857142857142857,34,34,CGAATCACGTGTACCGATTT,0,541932
araCp,0.02857142857142857,34,34,CATCTCAGCTAGGTATCGAA,0,529116
araCp,0.02857142857142857,34,34,CAGCGTTCAGGGCAAACACT,0,597033
araCp,0.02857142857142857,34,34,CACTTACTGGAGCACTCTGG,0,581620
araCp,0.02857142857142857,34,34,ATGGTTTGGCTAGTTTAGTA,0,590755
araCp,0.02857142857142857,34,34,AGTTTCTCGTACGTGTCATG,0,537891
araCp,0.02857142857142857,34,34,AGTTTCAAGGGGGAATCGGC,0,566265
araCp,0.02857142857142857,34,34,AGTAGTCCCTCCCTCAAGCA,0,564221
araCp,0.02857142857142857,34,34,AGGAGTACACACACAGGGAG,0,542492
araCp,0.02857142857142857,34,34,AGCGGGATCGCGCATACCCT,0,535082
araCp,0.02857142857142857,34,34,AATTCGGCGCAGCCGGGCAA,0,592150
araCp,0.02857142857142857,34,34,AACTCCATATTGCTGCTCTA,0,566824
araCp,0.029411764705882353,33,33,TTAGGGAAGAGTCGGAAAAT,0,556782
araCp,0.029411764705882353,33,33,TGTCTTCATCGAGCCTCGGT,0,603435
araCp,0.029411764705882353,33,33,TGTAACGTGCTGGCGAAGGC,0,539965
araCp,0.029411764705882353,33,33,TCGTCCTTTCCGAAATCCTA,0,596487
araCp,0.029411764705882353,33,33,TCGGACTTTGCACAAACGGT,0,572436
araCp,0.029411764705882353,33,33,TCGCTCAACCTAGCTGTTGT,0,535402
araCp,0.029411764705882353,33,33,TCATTTTCTAAAGTCACGTG,0,587490
araCp,0.029411764705882353,33,33,TAGCACGCGGAATGCGAACT,0,561742
araCp,0.029411764705882353,33,33,TAATAAATGATCCAAGCGGA,0,535633
araCp,0.029411764705882353,33,33,GTTGAGCCGACTTCTATAAT,0,560563
araCp,0.029411764705882353,33,33,GTGTGTTTTGTGACCTATAG,0,527202
araCp,0.029411764705882353,33,33,GTCGCGAGGGTGTCAAGAGA,0,546627
araCp,0.029411764705882353,33,33,GTCATGAACGAATGCTCCAC,0,551813
araCp,0.029411764705882353,33,33,GGTTATCCAGAGTTGGCCTC,0,561181
araCp,0.029411764705882353,33,33,GGTCTTAGGCGGGGGCATGT,0,595256
araCp,0.029411764705882353,33,33,GGTACGCCTCTGAAGGAGAT,0,573005
araCp,0.029411764705882353,33,33,GGTAATTGGCGGTACACGCG,0,543768
araCp,0.029411764705882353,33,33,GGGTGTGTGCGTGATACCAC,0,530943
araCp,0.029411764705882353,33,33,GCATTGGTCGTAGAGATGCT,0,593120
araCp,0.029411764705882353,33,33,GCAGATTGCGTGACACTGAA,0,533661
araCp,0.029411764705882353,33,33,GATGCTATCCGGTTGAATTG,0,564461
araCp,0.029411764705882353,33,33,GAGTCATTGGAGTGTAATTA,0,590289
araCp,0.029411764705882353,33,33,GAGGCTTGACCCAATCTCAC,0,577806
araCp,0.029411764705882353,33,33,GACGTCGGGAGGCATCCAAC,0,526988
araCp,0.029411764705882353,33,33,CTGGAGGCTCGGGACGAAAG,0,595253
araCp,0.029411764705882353,33,33,CTATTCTGAGTCCCGTTTAG,0,527149
araCp,0.029411764705882353,33,33,CTATGCCTAAGTCCCAGATA,0,555314
araCp,0.029411764705882353,33,33,CTATGACACTATAGATACTT,0,561080
araCp,0.029411764705882353,33,33,CGTTTTTTAAATGTAATCCA,0,565177
araCp,0.029411764705882353,33,33,CGGTGGCACTTATAGCGCTC,0,590080
araCp,0.029411764705882353,33,33,CGGTCAGTACTTGACTGTAT,0,537852
araCp,0.029411764705882353,33,33,CGCTAGCATTTCTCGGGGAT,0,572727
araCp,0.029411764705882353,33,33,CGCGATTCGCCCAGGGATAT,0,559169
araCp,0.029411764705882353,33,33,CCTGCACCCGGACTGAACAC,0,580218
araCp,0.029411764705882353,33,33,CCGCATAGACGCAAGCAACT,0,583449
araCp,0.029411764705882353,33,33,CCGACGGCGCTCACATGTCG,0,550862
araCp,0.029411764705882353,33,33,CCACTTCGCGGGTACGATAT,0,551876
araCp,0.029411764705882353,33,33,CATCATAGTGGTCAGTTAAA,0,528285
araCp,0.029411764705882353,33,33,CAAGATGCTTAGTTCACCTG,0,542192
araCp,0.029411764705882353,33,33,ATTCCGTACCAGTCGTCGGA,0,582330
araCp,0.029411764705882353,33,33,ATGCCCCAGATCCTCGAGAT,0,552266
araCp,0.029411764705882353,33,33,ATACACAGAGATATCGGTGT,0,548480
araCp,0.029411764705882353,33,33,ACGCGAGGACGGGTTTTGTG,0,588715
araCp,0.029411764705882353,33,33,AATTGGTTGTGTGGTATTTA,0,572758
araCp,0.029411764705882353,33,33,AAGCGCCCGCGTCCTATGAT,0,584940
araCp,0.029411764705882353,33,33,AACGTTCTGCCGGGTTTGAT,0,544315
araCp,0.029411764705882353,33,33,AAAGGGTCTCAACTGGCCGG,0,545235
araCp,0.030303030303030304,32,32,TTTTTCCTTAGAGCCCCGAT,0,598541
araCp,0.030303030303030304,32,32,TTGTTGTCTGTCACAGTTGT,0,537325
araCp,0.030303030303030304,32,32,TTGCGAGCAGTGTACGACCA,0,592344
araCp,0.030303030303030304,32,32,TTATCGAATCGAAGCCACGC,0,548657
araCp,0.030303030303030304,32,32,TTAACCTGCAGCAAAGGACA,0,581500
araCp,0.030303030303030304,32,32,TGTTTGTAAACGAGCGCCAT,0,583510
araCp,0.030303030303030304,32,32,TGCAATTGTCGAAACCGGGT,0,584396
araCp,0.030303030303030304,32,32,TCGTGACGAGGCGCAAGCGA,0,557468
araCp,0.030303030303030304,32,32,TCGGAGATTGATTCTCTCGT,0,531035
araCp,0.030303030303030304,32,32,TCGCACGTCCATTAGGGGAT,0,575527
araCp,0.030303030303030304,32,32,TAGGAGACCAGTTTCTCGTA,0,579697
araCp,0.030303030303030304,32,32,TAAGACTCACGAACAGTTGG,0,598359
araCp,0.030303030303030304,32,32,GTTGATAGGCCGTACGGACA,0,539244
araCp,0.030303030303030304,32,32,GTGGAAGTAGGGGGAGTTCA,0,590456
araCp,0.030303030303030304,32,32,GTGATGCGACTTGCCAGATA,0,578942
araCp,0.030303030303030304,32,32,GTCTCTTATGCAGCTCCGAA,0,562930
araCp,0.030303030303030304,32,32,GTATGCGGTTTCAGCCAGGA,0,555316
araCp,0.030303030303030304,32,32,GTATCGCTAAGTCTTCATTT,0,576753
araCp,0.030303030303030304,32,32,GTAGTCGCTGGCAGGTGCTT,0,553598
araCp,0.030303030303030304,32,32,GGGTGTTGTACAATCCGGTA,0,583246
araCp,0.030303030303030304,32,32,GGGTCAAGTTGGCCCAAAGC,0,526401
araCp,0.030303030303030304,32,32,GGCGCGCACCTAAACAACTA,0,595498
araCp,0.030303030303030304,32,32,GGCCTCTTATGCCTTAGAGA,0,544093
araCp,0.030303030303030304,32,32,GGCAGGCATGAGCTGGTGCA,0,602046
araCp,0.030303030303030304,32,32,GCAGGGCTACACGGGTCCGG,0,601585
araCp,0.030303030303030304,32,32,GCAGGAATATATTTTTACAT,0,547548
araCp,0.030303030303030304,32,32,GCAATAGGCCATCACTTGTA,0,586983
araCp,0.030303030303030304,32,32,GCAAGAGAAAAGGAACCTCT,0,549868
araCp,0.030303030303030304,32,32,GAAATGTCGATGCGAAATCA,0,583321
araCp,0.030303030303030304,32,32,CTGGGATCTAACGTGCTCAC,0,561131
araCp,0.030303030303030304,32,32,CTGCAATACGAACGAACCGA,0,531802
araCp,0.030303030303030304,32,32,CTCCCCTGTTGGGAATACAA,0,555027
araCp,0.030303030303030304,32,32,CGTCACGAGTCGTTCCTGGT,0,526495
araCp,0.030303030303030304,32,32,CGGTTAGGCTAATGCGCCCA,0,565176
araCp,0.030303030303030304,32,32,CATTATCTGAGGGATAGTCG,0,567792
araCp,0.030303030303030304,32,32,CATGGGAACCCTCGTACTAT,0,574901
araCp,0.030303030303030304,32,32,CATGGAAAAAGAGGTTCGGT,0,551323
araCp,0.030303030303030304,32,32,CACATACGGCTACGCTTCTA,0,592813
araCp,0.030303030303030304,32,32,CAAACGACGCCTGCAACGAC,0,592812
araCp,0.030303030303030304,32,32,ATTGCTGGACTTAGAACAAA,0,554058
araCp,0.030303030303030304,32,32,ATGCATAGGCCTGGACATCG,0,540943
araCp,0.030303030303030304,32,32,ATAACATGAGTGGTATTTCT,0,539383
araCp,0.030303030303030304,32,32,AGCCCGAAAGGTACGCGAGG,0,588424
araCp,0.030303030303030304,32,32,AGATAGGAGTTGACGAAGCG,0,576583
araCp,0.030303030303030304,32,32,ACTCCCAGTTGTCAAATTGG,0,567787
araCp,0.030303030303030304,32,32,ACTATCCAAAGCAGCCACGT,0,576767
araCp,0.030303030303030304,32,32,ACGAAATGCAAGCGGTCCTG,0,582152
araCp,0.030303030303030304,32,32,ACACAGCGGCCCAGTTGCCT,0,556938
araCp,0.03125,31,31,TTTTCGGATACTCGTTCCTG,0,565561
araCp,0.03125,31,31,TTGTGCCGGCATATACCGCG,0,569375
araCp,0.03125,31,31,TTGGACATCACGGATTCTCG,0,527689
araCp,0.03125,31,31,TTAATGGAGGGCGTGCACTC,0,571567
araCp,0.03125,31,31,TTAATCTCTGACCCCAACTT,0,566880
araCp,0.03125,31,31,TGTCTAGATCCCCCACAAGT,0,572169
araCp,0.03125,31,31,TGGTTCAGTTTCCAACTATA,0,528284
araCp,0.03125,31,31,TGCGCTTCCCGCGCAACGGT,0,530232
araCp,0.03125,31,31,TGAGTCCACTGCACCGTGAA,0,562305
araCp,0.03125,31,31,TGACAATCATATTCCGTGAA,0,543140
araCp,0.03125,31,31,TCGTTTTTATACGTAGGCGG,0,555700
araCp,0.03125,31,31,TCCGGGGGAGTAAGTTGATG,0,592722
araCp,0.03125,31,31,TCCGGCTTTGGCATCATCGT,0,568223
araCp,0.03125,31,31,TAGCCAGCCAACAGGCGTAT,0,540958
araCp,0.03125,31,31,TACACATTTCAACTGGGCGT,0,531021
araCp,0.03125,31,31,TACAAGAGATATGTAGGCTA,0,560481
araCp,0.03125,31,31,GTTTTGACCACGTTCATTGA,0,580071
araCp,0.03125,31,31,GTTAGGTCCCAACAGTTCTC,0,536972
araCp,0.03125,31,31,GTTAAATTTGGGTCCTACCC,0,599551
araCp,0.03125,31,31,GTCTTGCTGGTCGAATCGGT,0,596759
araCp,0.03125,31,31,GTCCCGTGTAAGCGAGTAAA,0,578797
araCp,0.03125,31,31,GGTGCTATATGCCCCTTTAA,0,557422
araCp,0.03125,31,31,GGTGACTTGGGTACATCCTT,0,602369
araCp,0.03125,31,31,GGGTCACGTTGGGTTTTTCT,0,566962
araCp,0.03125,31,31,GGCCTGTGACACGGGCATAT,0,551549
araCp,0.03125,31,31,GGACAGCTATAGCTGGCAGA,0,537330
araCp,0.03125,31,31,GCTACGTATCATAAGTTGAC,0,529247
araCp,0.03125,31,31,GCGCAGGTGGCTTGACCCGT,0,572164
araCp,0.03125,31,31,GCATTTTCTAGCGTAGGTTT,0,549656
araCp,0.03125,31,31,GCAGGAGATCGGGGTTTACG,0,548912
araCp,0.03125,31,31,GCAGAGGATGTAGTGTGAAT,0,568351
araCp,0.03125,31,31,GATCGGGTGAGCTGAGATTC,0,573640
araCp,0.03125,31,31,GAGATCAAGATGCGGCACTT,0,588076
araCp,0.03125,31,31,GAAGGCAGAGTTTGCGGAAA,0,551128
araCp,0.03125,31,31,CTTAGGACGGCCTCGTCGGA,0,586726
araCp,0.03125,31,31,CTGGGGAACCTTGATGGCGA,0,590917
araCp,0.03125,31,31,CTGCGTTAAGAATACGGCTA,0,534786
araCp,0.03125,31,31,CGTTCTCCTCACTTGACGCC,0,580674
araCp,0.03125,31,31,CGTGAGAGAACTGTTATGAA,0,574399
araCp,0.03125,31,31,CGTATGTGTGCCTAGCCCGT,0,549768
araCp,0.03125,31,31,CGATACGCACGATATGGGAT,0,531075
araCp,0.03125,31,31,CGAGGCTTGACCAATCGAAT,0,594340
araCp,0.03125,31,31,CGACTGAAAGAGGAATAATT,0,583013
araCp,0.03125,31,31,CCTGCGACGTCACTTCGGGA,0,573432
araCp,0.03125,31,31,CCGTAAACAACACATGTCCC,0,569330
araCp,0.03125,31,31,CCGGGGTTCGCGGAGGATAT,0,600766
araCp,0.03125,31,31,CCGCTCAGGCATTAATGCTA,0,548820
araCp,0.03125,31,31,CCCGTATATTCGAAAAGTTA,0,568997
araCp,0.03125,31,31,CCCGGCCAGGCAGCTCAAGC,0,601974
araCp,0.03125,31,31,CCCGGAAGTAATGTAAAGGG,0,535463
araCp,0.03125,31,31,CCCGCATCAATCCGCCACCT,0,583771
araCp,0.03125,31,31,CCAGGGTTCATACGTTCCGC,0,540134
araCp,0.03125,31,31,CCACTTAGCGGCCCGATCCA,0,546908
araCp,0.03125,31,31,CAGTCTGAGCACTCTCCCAA,0,590281
araCp,0.03125,31,31,CAAGCAAGTAAGTCCCCCCA,0,573912
araCp,0.03125,31,31,ATTTAATGCGCGAAGTCATT,0,540687
araCp,0.03125,31,31,ATGATGGAGCTAGAACAGTT,0,583879
araCp,0.03125,31,31,ATGAGGAGCTAAAGTGGACA,0,576659
araCp,0.03125,31,31,ATCGGAGCCCGGTGCTGATG,0,545840
araCp,0.03125,31,31,ATCGAGGGTACTTGTAAGGT,0,590061
araCp,0.03125,31,31,ATCGAAGATCCCAAGGACTT,0,538194
araCp,0.03125,31,31,ATCCAAGGGGGTCTTGCGAT,0,567556
araCp,0.03125,31,31,ATACACTGGCTCCACGCCGG,0,563009
araCp,0.03125,31,31,AGTGTTACATCCTCGTTCTT,0,552221
araCp,0.03125,31,31,AGAAATATCACGTAGCAAAA,0,587460
araCp,0.03125,31,31,ACACATTGGGTATCATAGAT,0,575437
araCp,0.03125,31,31,AAGTAAGGGTTCCATTTCAT,0,530876
araCp,0.03125,31,31,AACCGTCCCCATTTCATTAT,0,540596
araCp,0.03125,31,31,AACCCCTGACTAGCCGGACT,0,561856
araCp,0.03125,31,31,AAAGCACTGTCCTTTTTGTA,0,554676
araCp,0.03225806451612903,30,30,TTTACGCCGAAGTCTGGGAT,0,574327
araCp,0.03225806451612903,30,30,TTATTGGTATTGGTCATTCC,0,543200
araCp,0.03225806451612903,30,30,TGGAACCAAACAGTTTGGCA,0,540590
araCp,0.03225806451612903,30,30,TGCGGGGGTATAGACATCTG,0,546660
araCp,0.03225806451612903,30,30,TGCGGCTTTGCTTATCCCAA,0,565345
araCp,0.03225806451612903,30,30,TGATTATTTCGAGCAACAGT,0,582162
araCp,0.03225806451612903,30,30,TCTCAAATTCGTTGTTATTA,0,581573
araCp,0.03225806451612903,30,30,TCGGTCTCACACTGTTCCTA,0,554295
araCp,0.03225806451612903,30,30,TCCATCACCTAAAAGAGGAA,0,601577
araCp,0.03225806451612903,30,30,TATTGGCATGCTAAGTATTG,0,553950
araCp,0.03225806451612903,30,30,TATTCCGTGGGTTTTGCGCA,0,576519
araCp,0.03225806451612903,30,30,TATGTCGCAGAGTGGGCAAG,0,569980
araCp,0.03225806451612903,30,30,TAACCTAGCCGTGAGCCACT,0,532118
araCp,0.03225806451612903,30,30,GTTTCCGTACCGATGGGTAC,0,600308
araCp,0.03225806451612903,30,30,GTTCGAGAGGTTGACTGTTC,0,551269
araCp,0.03225806451612903,30,30,GTTAAGCCTAAGCAATTTGC,0,586502
araCp,0.03225806451612903,30,30,GGTCCGCTAGCGAGACAGTA,0,566979
araCp,0.03225806451612903,30,30,GGTATAACTAAAAGTGATCA,0,598920
araCp,0.03225806451612903,30,30,GGTAGTCAGGGGTACGCCTT,0,590706
araCp,0.03225806451612903,30,30,GGGTGCTTATTAGGAGCACT,0,528358
araCp,0.03225806451612903,30,30,GGGTAGCCTATCCGCTGCGG,0,598481
araCp,0.03225806451612903,30,30,GGCCTCACCCGTTGGCTTGG,0,589754
araCp,0.03225806451612903,30,30,GGATGGTTCAGTATGTGTAT,0,568852
araCp,0.03225806451612903,30,30,GGAGCCGTCCAGTAACCCGC,0,602152
araCp,0.03225806451612903,30,30,GCCTATAGGCTCTTTTCATT,0,583395
araCp,0.03225806451612903,30,30,GCCACTTCTCCAATCGACGA,0,526181
araCp,0.03225806451612903,30,30,GCATTACGTGTTTTTCAGTA,0,543449
araCp,0.03225806451612903,30,30,GCAGCTACACCTGGCAGGTC,0,570694
araCp,0.03225806451612903,30,30,GCAAGTCGAGTTTATACGAA,0,588349
araCp,0.03225806451612903,30,30,GAAGCCATGTAACCCCATCC,0,584909
araCp,0.03225806451612903,30,30,GAAAATTGCTTGCTGGCGCG,0,540553
araCp,0.03225806451612903,30,30,CTTGACGCCATCACCGGGGT,0,532480
araCp,0.03225806451612903,30,30,CTTCGATTTGTTACACAGCT,0,529254
araCp,0.03225806451612903,30,30,CTGGACGTTCGCGTAACGAT,0,537331
araCp,0.03225806451612903,30,30,CTCCTTCGTTCTGTCCACGA,0,590942
araCp,0.03225806451612903,30,30,CGTCAGTGGAGGGCTTGAAT,0,541878
araCp,0.03225806451612903,30,30,CGACTTGGTGCGTTCTGTGA,0,539415
araCp,0.03225806451612903,30,30,CCGCAATGAGGACATCAGAG,0,543364
araCp,0.03225806451612903,30,30,CCCCTGCGGCTATTGCGGTA,0,579444
araCp,0.03225806451612903,30,30,CCCATGGATAAATATCAGAA,0,569710
araCp,0.03225806451612903,30,30,CAATCCGCTCAGGGAATGTA,0,547795
araCp,0.03225806451612903,30,30,ATTGCGTTCGCAGTTAGTTC,0,573324
araCp,0.03225806451612903,30,30,ATGAGCCAAAATCTAGAACA,0,563391
araCp,0.03225806451612903,30,30,ATCGAGGTGAATCGCACAGC,0,539535
araCp,0.03225806451612903,30,30,ATCAACCGCCAGACAAGTAG,0,566745
araCp,0.03225806451612903,30,30,ATATTTCCAAGCTATGTGGC,0,595059
araCp,0.03225806451612903,30,30,ATATGCTTTATCACGCCAGT,0,549346
araCp,0.03225806451612903,30,30,AGTGTAATTGCGTAAGTGCA,0,587051
araCp,0.03225806451612903,30,30,ACGCGATCGTAATATCCGAT,0,551673
araCp,0.03225806451612903,30,30,ACCGTGTTTGATAATTCAGG,0,541088
araCp,0.03225806451612903,30,30,ACCCTTTCGTTTCCTATGGA,0,531546
araCp,0.03225806451612903,30,30,ACATCCTAATATAGGAGCCA,0,572799
araCp,0.03225806451612903,30,30,ACACAAAAGGCGTCCGGCAA,0,529850
araCp,0.03225806451612903,30,30,AATAGGTCACTTTAGGCCTA,0,535377
araCp,0.03225806451612903,30,30,AAGTTTACCGTTTGAGTGCA,0,591300
araCp,0.03225806451612903,30,30,AAGCCCCAGTCTCGAGTAGA,0,579005
araCp,0.03225806451612903,30,30,AAACAGGGGTGACACGGCTT,0,585302
araCp,0.03333333333333333,29,29,TTACCGACGAGTTACACAGA,0,603239
araCp,0.03333333333333333,29,29,TGTTTGGCAAATTGGAACTA,0,553050
araCp,0.03333333333333333,29,29,TGGCTCTGCAGCGTAGCTTA,0,599725
araCp,0.03333333333333333,29,29,TGGAAGTTTATCAAGTCTAA,0,584730
araCp,0.03333333333333333,29,29,TGGAAAGCATTCGCCTTTTA,0,529562
araCp,0.03333333333333333,29,29,TGCGTTATGGTTCAGAACGA,0,538645
araCp,0.03333333333333333,29,29,TGCGCGACCTTATAGGGTTA,0,552108
araCp,0.03333333333333333,29,29,TGCGCCGCTGAGCTAGGCTG,0,566362
araCp,0.03333333333333333,29,29,TCGGTCTCCAAATAGCAGGC,0,572540
araCp,0.03333333333333333,29,29,TCGGCTGGGGATATACTCTC,0,590047
araCp,0.03333333333333333,29,29,TCACTCCTTCGGCCGCTTCT,0,545441
araCp,0.03333333333333333,29,29,TCAAAATAACATGCCTCACG,0,555938
araCp,0.03333333333333333,29,29,TAGGAGTCTGGGTAGCTACC,0,568856
araCp,0.03333333333333333,29,29,TAGACAAAAAGCAGCGATCT,0,555348
araCp,0.03333333333333333,29,29,TACAGAGACCGTATATCTAG,0,542256
araCp,0.03333333333333333,29,29,GTTTAATCCCACGCGTCCCA,0,526559
araCp,0.03333333333333333,29,29,GTCCCCAAGCTATAAGAGGT,0,571304
araCp,0.03333333333333333,29,29,GTCCATCGGCTTATGCAAAT,0,526186
araCp,0.03333333333333333,29,29,GGGGACGGTTTTGTTTGGGA,0,545725
araCp,0.03333333333333333,29,29,GGGCATTCGCCTAGGTTCTA,0,555601
araCp,0.03333333333333333,29,29,GGCTGTTTCCTTTGGTTGGT,0,546126
araCp,0.03333333333333333,29,29,GGCGCGACGGATATCCGTCC,0,542587
araCp,0.03333333333333333,29,29,GGAAATAGCAAATTGTCGTT,0,555534
araCp,0.03333333333333333,29,29,GCAGGTGAGTATGTTGTTCA,0,590621
araCp,0.03333333333333333,29,29,GATTTAAGATTAAAGCGCAA,0,574040
araCp,0.03333333333333333,29,29,GAGTACAGTCTCGAGCGCAG,0,593917
araCp,0.03333333333333333,29,29,GAGGCTGACATGGCGGTACA,0,567827
araCp,0.03333333333333333,29,29,GAAGACGCAGTGCAGCGCGA,0,548689
araCp,0.03333333333333333,29,29,CTTGTGGGTCCCAGGAGAGC,0,601175
araCp,0.03333333333333333,29,29,CTGGTACCTTTGTGTCTCGC,0,559381
araCp,0.03333333333333333,29,29,CTGCTCGGCAATGAGCTTTA,0,572121
araCp,0.03333333333333333,29,29,CTCTATACTGTTGCTCGAAG,0,568627
araCp,0.03333333333333333,29,29,CTAATTCCTTCTGCCTATCT,0,526539
araCp,0.03333333333333333,29,29,CGTAAGGTTCGTGGTACAAC,0,550485
araCp,0.03333333333333333,29,29,CGGTAGCTGGCCCCTCCACG,0,543725
araCp,0.03333333333333333,29,29,CGAGATTAGAGCTTTGGTTA,0,529274
araCp,0.03333333333333333,29,29,CGACACTCGATCCTAAGGAC,0,599883
araCp,0.03333333333333333,29,29,CCTGTCAGCTCTCTCGTGGC,0,532049
araCp,0.03333333333333333,29,29,CCTCAAGGTCCTTAACGGAT,0,568465
araCp,0.03333333333333333,29,29,CCGGTATGTTAGCTCAGGGA,0,586685
araCp,0.03333333333333333,29,29,CCCGCTCATGGAAGTGGATA,0,589100
araCp,0.03333333333333333,29,29,CCATACCAGCCCGAGCGTGG,0,551960
araCp,0.03333333333333333,29,29,CCAACACGGGCTGATCGTAT,0,526322
araCp,0.03333333333333333,29,29,CAAGGGTTCGGAGTGTAGAG,0,561910
araCp,0.03333333333333333,29,29,CAAGCATGGCTCTTATGCGC,0,596832
araCp,0.03333333333333333,29,29,ATTCTGCCACTGAGACCGTG,0,540464
araCp,0.03333333333333333,29,29,ATTCCGTATAGTCTGATTCT,0,558349
araCp,0.03333333333333333,29,29,ATGGACCGTGCGCTGTTAGA,0,560309
araCp,0.03333333333333333,29,29,ATGACCCCGGAAGAATCCTG,0,579501
araCp,0.03333333333333333,29,29,ATCTCGACCCTGCAAAGTCA,0,533165
araCp,0.03333333333333333,29,29,AGTGCAGCGGGCTACTGACC,0,531074
araCp,0.03333333333333333,29,29,AGGGCTCCGCGCGCAATCCG,0,533276
araCp,0.03333333333333333,29,29,AGGATCGCATGATAGGTATT,0,582169
araCp,0.03333333333333333,29,29,AGCCGGGACTTTTTCCAGGA,0,538091
araCp,0.03333333333333333,29,29,AGCAGCATAACGTTATGGAG,0,540106
araCp,0.03333333333333333,29,29,ACGTGATTTTGTGTCGGTAA,0,529150
araCp,0.03333333333333333,29,29,ACCATTCTTACACGGAAATT,0,587380
araCp,0.03333333333333333,29,29,ACAGCTGATCAGATCTGACA,0,544319
araCp,0.03333333333333333,29,29,AATCGCATACGCGATTGTGT,0,531960
araCp,0.03333333333333333,29,29,AAGCACCAGGTTGAACTCTG,0,562647
araCp,0.03333333333333333,29,29,AAAGGCATGAATTGAATATG,0,532546
araCp,0.03333333333333333,29,29,AAAGGATCTCCGTAATTTGT,0,577820
araCp,0.034482758620689655,28,28,TTTTGTTTTGTCAAAATACT,0,558139
araCp,0.034482758620689655,28,28,TTTAAGCAGGCTGCTATTGT,0,576679
araCp,0.034482758620689655,28,28,TTCTTTCATAGAACATCAGG,0,531692
araCp,0.034482758620689655,28,28,TTCTCTTACACTGTAGGGTA,0,602160
araCp,0.034482758620689655,28,28,TGGCGTTTATCAGGGATCAG,0,585137
araCp,0.034482758620689655,28,28,TGCGACCACAAAACCGTGTG,0,582153
araCp,0.034482758620689655,28,28,TGCCCCCCGCAGCATACATA,0,564445
araCp,0.034482758620689655,28,28,TGCAGGTTGGTGCGGAGACG,0,535773
araCp,0.034482758620689655,28,28,TGAGGTCACCGTAATGGATA,0,537728
araCp,0.034482758620689655,28,28,TCTGTCGCACTCTTGACTCA,0,544747
araCp,0.034482758620689655,28,28,TCGGGTCGTGATGCCCAACT,0,573285
araCp,0.034482758620689655,28,28,TCCCGGGTTTGAGCCACTAG,0,534764
araCp,0.034482758620689655,28,28,TCAAGGTGTAGCCTAGGCGC,0,570640
araCp,0.034482758620689655,28,28,TATCAGCCCCTGCCCACGAA,0,533698
araCp,0.034482758620689655,28,28,GTTCTGACTGTTCGTTGAAG,0,576571
araCp,0.034482758620689655,28,28,GTGCGGAGAGTAACAAATAA,0,549687
araCp,0.034482758620689655,28,28,GTCTGATCTTTCCTTAGGAA,0,540697
araCp,0.034482758620689655,28,28,GTCCGACGAACAAGATAAGA,0,588157
araCp,0.034482758620689655,28,28,GTCAAAGTAATTTTCCCCTA,0,526603
araCp,0.034482758620689655,28,28,GTACGAAACACATTTAAGTC,0,526142
araCp,0.034482758620689655,28,28,GTAATGACGTTGTATGCTCC,0,567785
araCp,0.034482758620689655,28,28,GGTCGAAATGCCTTGCGCAA,0,548219
araCp,0.034482758620689655,28,28,GGTCCGGGGAGGGTGGTGCT,0,540862
araCp,0.034482758620689655,28,28,GGCTTAGCATATCGTGCCTT,0,577493
araCp,0.034482758620689655,28,28,GCTGCGTCAGCGCGGTCAAA,0,561513
araCp,0.034482758620689655,28,28,GCTCATTCGGTCTGGTAAGC,0,540105
araCp,0.034482758620689655,28,28,GCTATCTTTGCGCTATGACT,0,570525
araCp,0.034482758620689655,28,28,GCGTGGCTGTCTGGTGTGGG,0,554209
araCp,0.034482758620689655,28,28,GCGAGGGGACGTTATACCCC,0,587427
araCp,0.034482758620689655,28,28,GCAGTTATTGAGGTTGCCTT,0,556289
araCp,0.034482758620689655,28,28,GCACCGTGGTAGTAATGAGA,0,528714
araCp,0.034482758620689655,28,28,GATTGGAGAGACTATAGAAT,0,558277
araCp,0.034482758620689655,28,28,GATCCTTGAGTTATTAAAAG,0,560509
araCp,0.034482758620689655,28,28,GAGGAGTTGTTTAGAAAAGG,0,559102
araCp,0.034482758620689655,28,28,GACGCACGGCCCGCCGTGGG,0,544155
araCp,0.034482758620689655,28,28,GAATCAGGGAGTGGACCAGA,0,589099
araCp,0.034482758620689655,28,28,GAAGCAGGCCCAAAAATGCA,0,570760
araCp,0.034482758620689655,28,28,CTTTGTAATATGGAGCACCA,0,563711
araCp,0.034482758620689655,28,28,CTTTCCCCTGGGTCCCATAG,0,528055
araCp,0.034482758620689655,28,28,CTGTAAGGTTTATTTAAAGC,0,537544
araCp,0.034482758620689655,28,28,CTCGGCTATACTTTCATAAG,0,591414
araCp,0.034482758620689655,28,28,CGTGGTGCTTGCTAGATATG,0,546048
araCp,0.034482758620689655,28,28,CGCTTAGGTAGTCGATTGCG,0,576463
araCp,0.034482758620689655,28,28,CGCTGCACCCGTCAATCGAT,0,579059
araCp,0.034482758620689655,28,28,CCTGACATGTCAATAACGTT,0,594280
araCp,0.034482758620689655,28,28,CCCAGAAGGCTGAAAATTGA,0,569289
araCp,0.034482758620689655,28,28,CCACTAGCATAAAACGGGAA,0,537216
araCp,0.034482758620689655,28,28,CAGAGGCCCTTATGTTCCTG,0,576047
araCp,0.034482758620689655,28,28,CACATCATCAATCTCGGGCA,0,586451
araCp,0.034482758620689655,28,28,CAAGTTCCAAAGTCCTAGCG,0,568056
araCp,0.034482758620689655,28,28,ATTAGTTTTATGTGCACTGT,0,566652
araCp,0.034482758620689655,28,28,ATGTTGCGTTACAGGGCCTT,0,594731
araCp,0.034482758620689655,28,28,ATCAGATGGGATTCAGGGAC,0,559749
araCp,0.034482758620689655,28,28,AGTTTGATAGAGCAGCTGTA,0,580910
araCp,0.034482758620689655,28,28,AGGGCTCTTGGGACCAGATA,0,567165
araCp,0.034482758620689655,28,28,AGGGAACTCGGGTAGCTCGA,0,596263
araCp,0.034482758620689655,28,28,AGGCGCAGCACATACACGCT,0,541884
araCp,0.034482758620689655,28,28,AGGAATTGTGGTTCTGTTAA,0,558104
araCp,0.034482758620689655,28,28,AGCTACCCAGCTTACCGATT,0,552516
araCp,0.034482758620689655,28,28,AGCGCCATAGGCAACAGGTG,0,533757
araCp,0.034482758620689655,28,28,AGCCAACGTGAGGGGTTCGG,0,536212
araCp,0.034482758620689655,28,28,ACTGCTACTACATAGCGGAA,0,547730
araCp,0.034482758620689655,28,28,ACCTAAGGGGACTATTAAGG,0,534064
araCp,0.034482758620689655,28,28,ACCGTGGATTTGATGCTAGC,0,535179
araCp,0.034482758620689655,28,28,ACAGTGCGTCTACAGGCCCG,0,543834
araCp,0.034482758620689655,28,28,ACAATTGGGTAATTACCCTT,0,575436
araCp,0.034482758620689655,28,28,AATCGTGATTCCAGTACAAG,0,568288
araCp,0.034482758620689655,28,28,AAGGGCGCCATGGTTACGCA,0,551252
araCp,0.034482758620689655,28,28,AAACTGAGAGGATATAGCTT,0,557227
araCp,0.03571428571428571,27,27,TTTTAGGAGAGGGACATCTG,0,554515
araCp,0.03571428571428571,27,27,TGCCTCCAAACTGCACGGTT,0,528492
araCp,0.03571428571428571,27,27,TGAAGATCATGGTACTTCTT,0,596087
araCp,0.03571428571428571,27,27,TCTGTAAAATGCGTCATCTT,0,554727
araCp,0.03571428571428571,27,27,TCTGGGGAGAGCTTTCGTAG,0,551651
araCp,0.03571428571428571,27,27,TCGGGAACTGTGCTTGAAAT,0,532043
araCp,0.03571428571428571,27,27,TCGCTAGTGCAAAAATTTCC,0,588065
araCp,0.03571428571428571,27,27,TCCTAGTAACAGAGCAAACC,0,546125
araCp,0.03571428571428571,27,27,TATCACGGCTCGTGCGGAAG,0,544694
araCp,0.03571428571428571,27,27,TACACTGAAGGGCAGCGCGG,0,528424
araCp,0.03571428571428571,27,27,TAAGTGTGAGCTGCAATACA,0,582621
araCp,0.03571428571428571,27,27,TAAAGGCTATTTTCTTGTGT,0,547608
araCp,0.03571428571428571,27,27,GTTGGCGGTCCGTAAGCCGC,0,568699
araCp,0.03571428571428571,27,27,GTTAGGAAACGCACGCGAAA,0,579209
araCp,0.03571428571428571,27,27,GTGTGAATGGTGGGCGAGGC,0,560583
araCp,0.03571428571428571,27,27,GTGTCTGGCGTGTGTTATGA,0,566734
araCp,0.03571428571428571,27,27,GTGTAGATGACTGATCCGCA,0,581782
araCp,0.03571428571428571,27,27,GTGGTGTCCTTTTTGACTGA,0,535941
araCp,0.03571428571428571,27,27,GTGGGCCGATTCCAGAACAG,0,532496
araCp,0.03571428571428571,27,27,GTGATGCCGTCAAATAATGG,0,544158
araCp,0.03571428571428571,27,27,GTCCTTGTGAGGCAAGTTTA,0,540872
araCp,0.03571428571428571,27,27,GTCCTCACATAGCTGATAGA,0,556549
araCp,0.03571428571428571,27,27,GGTACTCTCAGTCCTCCGCA,0,566924
araCp,0.03571428571428571,27,27,GGGTTAACACAGTATCCACT,0,601721
araCp,0.03571428571428571,27,27,GGGTGCCCTCGAAGTATGAA,0,581201
araCp,0.03571428571428571,27,27,GGCGTGAGAAATCCCATTGT,0,528154
araCp,0.03571428571428571,27,27,GGCCGATGCCCGGGCACAAT,0,542905
araCp,0.03571428571428571,27,27,GGACCCTGCATCCGACGGAC,0,592913
araCp,0.03571428571428571,27,27,GGAAGGTTTCGAGGTGTATG,0,586651
araCp,0.03571428571428571,27,27,GCTTATGAAGCGCCCTGTAC,0,532423
araCp,0.03571428571428571,27,27,GCTGGCCCATACGCATCGTG,0,531170
araCp,0.03571428571428571,27,27,GCGAGGCAGGGCGGTTTCCA,0,555604
araCp,0.03571428571428571,27,27,GCCGATCGCGCACCATGGAC,0,543673
araCp,0.03571428571428571,27,27,GCCCCGTTCCCGCAATTTAT,0,600147
araCp,0.03571428571428571,27,27,GCACATTATAGGCAACTCGC,0,581376
araCp,0.03571428571428571,27,27,GAGGCCCAATTTCCATCATG,0,542532
araCp,0.03571428571428571,27,27,GAGATTAGACCATCCTAAGC,0,590447
araCp,0.03571428571428571,27,27,GAGAGCGCTAACTATTTGCA,0,575750
araCp,0.03571428571428571,27,27,GACTCATGGGCTCAGTACGA,0,585069
araCp,0.03571428571428571,27,27,GAATAGTCCGTGTCGATTTG,0,566634
araCp,0.03571428571428571,27,27,GAAATTACGCTAAGCAAGGA,0,555791
araCp,0.03571428571428571,27,27,GAAAGGGCCTCTGACTACGT,0,567351
araCp,0.03571428571428571,27,27,CTTATATGTGGCCTAAGAAA,0,578082
araCp,0.03571428571428571,27,27,CTGGTGTTCCGCACTGCGAG,0,598128
araCp,0.03571428571428571,27,27,CTGGGCTCCGGGAGGTTTTT,0,597468
araCp,0.03571428571428571,27,27,CTGACAACTCGTCTTCAAGT,0,547977
araCp,0.03571428571428571,27,27,CTCAATGAGCCTCGGCACTA,0,599176
araCp,0.03571428571428571,27,27,CTACCCGCTACGTTATGTAT,0,598200
araCp,0.03571428571428571,27,27,CGTGGAAACTCATATAAAAG,0,573167
araCp,0.03571428571428571,27,27,CGGGATCAAACTGGACTGGA,0,571778
araCp,0.03571428571428571,27,27,CGCGTATCCCAACGGTTCGA,0,596088
araCp,0.03571428571428571,27,27,CGCCAGAAGTCTTGTATTCT,0,552524
araCp,0.03571428571428571,27,27,CGCACAAGTAAGATAAGACC,0,552611
araCp,0.03571428571428571,27,27,CGACTAACTCACTCTGCCAA,0,593081
araCp,0.03571428571428571,27,27,CGACCCAGTTGTGTTATATG,0,580471
araCp,0.03571428571428571,27,27,CCTACCCTGGGCGCAGGTTA,0,596768
araCp,0.03571428571428571,27,27,CCTACATGCGAAATCACGAA,0,568150
araCp,0.03571428571428571,27,27,CCGTGGGGACAGTAGTTCCA,0,567621
araCp,0.03571428571428571,27,27,CCGTGACGGCCGTGCTCACC,0,575969
araCp,0.03571428571428571,27,27,CCGATACTATGGACTGGTTA,0,567227
araCp,0.03571428571428571,27,27,CATGGGTCCACAGGACACCA,0,559600
araCp,0.03571428571428571,27,27,CATCTTAGAAAGACGGCGGG,0,562886
araCp,0.03571428571428571,27,27,CATCTAGCTGAAAGCGGGCT,0,584440
araCp,0.03571428571428571,27,27,CATATCGGTGAAGACAGCTA,0,533015
araCp,0.03571428571428571,27,27,CAGTGGTGTCATTGCGAGGC,0,584980
araCp,0.03571428571428571,27,27,CAGGTATCAAGCCCGTGTTG,0,573402
araCp,0.03571428571428571,27,27,CAGCCACATTCGCAACTCGC,0,532604
araCp,0.03571428571428571,27,27,CAATGTTACGTACGTATCTT,0,595340
araCp,0.03571428571428571,27,27,CAACTAATCTTGTACTCATT,0,577745
araCp,0.03571428571428571,27,27,CAAATCGGAGCTGTCACACA,0,546950
araCp,0.03571428571428571,27,27,ATTTCCGGCTTTGCCGGAAT,0,532075
araCp,0.03571428571428571,27,27,ATCTTTACTCAGTTCGACAG,0,577797
araCp,0.03571428571428571,27,27,ATCTACTAATGCGATCTGGC,0,543144
araCp,0.03571428571428571,27,27,ATCCTGTTAGGCCTGCTGAT,0,534009
araCp,0.03571428571428571,27,27,ATCAGATCGCGTAGTCAGGT,0,555829
araCp,0.03571428571428571,27,27,ATACACGGTCAGGTAAGGTT,0,599839
araCp,0.03571428571428571,27,27,AGTTGCCTACCATTATCTCT,0,532606
araCp,0.03571428571428571,27,27,AGTGCTTCCCTAGGTATTAT,0,586588
araCp,0.03571428571428571,27,27,AGTGCCTTGCAGTTAGGTAA,0,568337
araCp,0.03571428571428571,27,27,AGTCCATTTCCGCATGAATA,0,564884
araCp,0.03571428571428571,27,27,AGTCACAACAGCTTCTGTCA,0,540399
araCp,0.03571428571428571,27,27,AGTATCTGCGCCCCCTACCC,0,553128
araCp,0.03571428571428571,27,27,AGTACGTTGTAAGCTCGACA,0,555354
araCp,0.03571428571428571,27,27,AGCGCTACAAGCTTGGCAGG,0,577258
araCp,0.03571428571428571,27,27,ACGTGATTCAGGACGAAATT,0,573385
araCp,0.03571428571428571,27,27,ACGGCTAACAGTAAGGACTA,0,562566
araCp,0.03571428571428571,27,27,ACGCTGCGTTACGGTTTCGT,0,589597
araCp,0.03571428571428571,27,27,ACGAGCTCCGACGGTAGGAG,0,599386
araCp,0.03571428571428571,27,27,ACCTCAACCCGCTCGTGTAC,0,554094
araCp,0.03571428571428571,27,27,ACATTAGGGTGTTGATGCGT,0,591682
araCp,0.03571428571428571,27,27,AATGCACATACATCTGGGAT,0,562725
araCp,0.03571428571428571,27,27,AAGCATAGTAGTGAACTTCT,0,586435
araCp,0.03571428571428571,27,27,AACTGCTTTCGACTAACACA,0,542671
araCp,0.03571428571428571,27,27,AAAAAAACCTCCTGCTTGTG,0,596886
araCp,0.037037037037037035,26,26,TTTTGTGAGGGGGCTGCCGG,0,579354
araCp,0.037037037037037035,26,26,TTTGAGGATCGACAACGAAC,0,558615
araCp,0.037037037037037035,26,26,TTGTTCCTTTTTAGTAACTT,0,560993
araCp,0.037037037037037035,26,26,TTGTCGGCTTAATCGCAATT,0,570399
araCp,0.037037037037037035,26,26,TGTAACTACCAGGTTTCGTT,0,570409
araCp,0.037037037037037035,26,26,TGGCTACAGCCAATTTGCGT,0,533269
araCp,0.037037037037037035,26,26,TGGCAAGGGATACTCATGAC,0,558621
araCp,0.037037037037037035,26,26,TGAGAAACCCTCAAAGCGGC,0,550427
araCp,0.037037037037037035,26,26,TGACGCATCTCATCCTGGTG,0,543753
araCp,0.037037037037037035,26,26,TGACATAGGAAGTAGAACTA,0,557414
araCp,0.037037037037037035,26,26,TCTCTCGTCTCCGATCGTGT,0,576474
araCp,0.037037037037037035,26,26,TCGCCTATCACGATCGGCAT,0,551871
araCp,0.037037037037037035,26,26,TCGCAGTGTAAACCGGGCAT,0,567801
araCp,0.037037037037037035,26,26,TCGAGGTTTACCTCGCGTCA,0,532425
araCp,0.037037037037037035,26,26,TCCGTGTATAGGCAGAAACT,0,528066
araCp,0.037037037037037035,26,26,TAATCCTCGCGTGAAATTAA,0,556405
araCp,0.037037037037037035,26,26,TAAGGGCTGGGCGTGTTTAC,0,592070
araCp,0.037037037037037035,26,26,GTGGGCAATTGGTCCGCGTG,0,571982
araCp,0.037037037037037035,26,26,GTGCGTTTGGTTGTTAATAA,0,557225
araCp,0.037037037037037035,26,26,GTATGCGCGGAGTACGGCAA,0,592998
araCp,0.037037037037037035,26,26,GGTTGGCCTGTGATGATCAC,0,558521
araCp,0.037037037037037035,26,26,GGTTAAATCGGCGTTCAGGT,0,549652
araCp,0.037037037037037035,26,26,GGTCATTGGCTCGGCATTGA,0,600129
araCp,0.037037037037037035,26,26,GGTATACGTTTTCTCGACGA,0,593121
araCp,0.037037037037037035,26,26,GGGAGACAAAGGTGCTAGCC,0,585813
araCp,0.037037037037037035,26,26,GGCAACGCGTGCAAACATGA,0,543204
araCp,0.037037037037037035,26,26,GGACTTCGAAACGGCGAGTC,0,530792
araCp,0.037037037037037035,26,26,GCTGATTCGAAATCTCGGGA,0,601495
araCp,0.037037037037037035,26,26,GCGTCAGGCGAACGTATATA,0,600979
araCp,0.037037037037037035,26,26,GCGGCGTTTCCTCTGATACC,0,577263
araCp,0.037037037037037035,26,26,GCGGAAGCTTCAGCTAAAGA,0,538923
araCp,0.037037037037037035,26,26,GCGCAGGGGAAGAGGTAAAA,0,565606
araCp,0.037037037037037035,26,26,GCGACCTGTTGGGGGTATAA,0,582725
araCp,0.037037037037037035,26,26,GCCAAGCTCGCCTACTTATA,0,546186
araCp,0.037037037037037035,26,26,GATGGTGTTGAATATGCAAT,0,587581
araCp,0.037037037037037035,26,26,GATGACGCACTATGATCTTG,0,581911
araCp,0.037037037037037035,26,26,GATCGAGGGTCCGGCGGTTG,0,534787
araCp,0.037037037037037035,26,26,GAGCGCAGCCGATGTCCATG,0,559491
araCp,0.037037037037037035,26,26,GACTTTGTGCGGTTTATCAT,0,558141
araCp,0.037037037037037035,26,26,GAAATTCCACTGTAACAGTA,0,562928
araCp,0.037037037037037035,26,26,CTTTTGCCCAGTCGCAGCTC,0,560519
araCp,0.037037037037037035,26,26,CTTTAGGGTTGTCCTAATCC,0,541006
araCp,0.037037037037037035,26,26,CTGTGAGAACCCGCAGCGGG,0,570383
araCp,0.037037037037037035,26,26,CTCGGAAACTATTCGAGCTG,0,580369
araCp,0.037037037037037035,26,26,CTCCGTTTTGTGAGAAACAT,0,576799
araCp,0.037037037037037035,26,26,CTAACCAATATTCGATTGCG,0,527511
araCp,0.037037037037037035,26,26,CGTTATGTTATCGCACCGCG,0,599937
araCp,0.037037037037037035,26,26,CGTGGGTGTCATTTCACTAA,0,540592
araCp,0.037037037037037035,26,26,CGGGTCGCATGGGTCCAAAC,0,585907
araCp,0.037037037037037035,26,26,CGGGATGTACATCGGTGCTT,0,544040
araCp,0.037037037037037035,26,26,CGGAGGGGCTCGGGTACTTA,0,591102
araCp,0.037037037037037035,26,26,CCTTAGGGGTCAATGGCCTA,0,556206
araCp,0.037037037037037035,26,26,CCTGGACGTTCGATTGAAAA,0,552815
araCp,0.037037037037037035,26,26,CCGTCCGCCTGGTCATATAA,0,527673
araCp,0.037037037037037035,26,26,CCCGGGTGGACATGTGGCAG,0,601903
araCp,0.037037037037037035,26,26,CCCAGAAAACGCGTTTGAAT,0,545136
araCp,0.037037037037037035,26,26,CCCAAGCTGCGGTGATAGTG,0,568624
araCp,0.037037037037037035,26,26,CCATGCTGGTGGCGGATACT,0,548578
araCp,0.037037037037037035,26,26,CATGTAGAAAACTGCACGGT,0,560461
araCp,0.037037037037037035,26,26,CATGGGCTAGGTTCGGCGGC,0,569966
araCp,0.037037037037037035,26,26,CATCTTCGTGTAAGGTGAAG,0,584764
araCp,0.037037037037037035,26,26,CAGGTTCCCTCGGCACTATA,0,569834
araCp,0.037037037037037035,26,26,CAGCGCCCATGAATGAAATC,0,531843
araCp,0.037037037037037035,26,26,CAGCATGGATTACACGCTGA,0,541263
araCp,0.037037037037037035,26,26,CAGATTGGGACATCCTTTGT,0,601274
araCp,0.037037037037037035,26,26,CACGTCAAGCCATATAGTTA,0,562837
araCp,0.037037037037037035,26,26,CAATGAAGGCGACGACCAGT,0,576933
araCp,0.037037037037037035,26,26,CAACGCTCTTAGCGGACGAA,0,557930
araCp,0.037037037037037035,26,26,CAACAGAGAGAGAAAAACTC,0,570394
araCp,0.037037037037037035,26,26,ATTCAGCCCGGGGATTTAGT,0,567481
araCp,0.037037037037037035,26,26,ATGTGCAAGCGACTTAGCAT,0,573567
araCp,0.037037037037037035,26,26,ATGTAAAGGGCCACTTGACA,0,573417
araCp,0.037037037037037035,26,26,ATGAGGGCGAGTCAAGTGCA,0,561848
araCp,0.037037037037037035,26,26,ATGAAACGTACATTACGGTC,0,589414
araCp,0.037037037037037035,26,26,ATCTCTTGAGGCAAGCTGTA,0,541479
araCp,0.037037037037037035,26,26,ATCGCAGCTCGCACAGGCGG,0,552204
araCp,0.037037037037037035,26,26,ATCACAAATAGATCAACTTT,0,553349
araCp,0.037037037037037035,26,26,ATATCATCCTCTAAATAAGG,0,566156
araCp,0.037037037037037035,26,26,ATAGGTAAGTTGGAGGATGT,0,553132
araCp,0.037037037037037035,26,26,ATACTACTTTCTAGTTGCCC,0,583404
araCp,0.037037037037037035,26,26,AGGTCGGGGGCAGGCATATC,0,539022
araCp,0.037037037037037035,26,26,AGGGCATTGTCGTCAGCCAA,0,542437
araCp,0.037037037037037035,26,26,AGATGTACAGCAGGGTTCCT,0,553858
araCp,0.037037037037037035,26,26,AGATGATCGGTAAAGGCGTG,0,553385
araCp,0.037037037037037035,26,26,AGATAAATTTTGGGTATATT,0,559460
araCp,0.037037037037037035,26,26,ACTGGTGCAAATCATCAGTA,0,546678
araCp,0.037037037037037035,26,26,ACGCCATGTCGGCCGGTCTA,0,537041
araCp,0.037037037037037035,26,26,ACCTTCAAAGACTAACCACA,0,561923
araCp,0.037037037037037035,26,26,ACCTCGGAGGGAAAGAGAGA,0,570178
araCp,0.037037037037037035,26,26,ACCTAGGCTTCGCCAGCTAA,0,579309
araCp,0.037037037037037035,26,26,ACCAACGTGACGTTGGGGCT,0,540542
araCp,0.037037037037037035,26,26,ACATGCCAGAGCCATGCTAC,0,554106
araCp,0.037037037037037035,26,26,AATCACGCCTGCCAGACTCA,0,538243
araCp,0.037037037037037035,26,26,AAGGACATTGCAGAAATGTT,0,602577
araCp,0.037037037037037035,26,26,AAGCGTATTTGTCATAGAAG,0,585531
araCp,0.037037037037037035,26,26,AAAGATATACAATGCGTGAG,0,566922
araCp,0.037037037037037035,26,26,AAACTATTGCCTGGGCAATT,0,550733
araCp,0.038461538461538464,25,25,TTTTTATCGGATAATTTTCA,0,578218
araCp,0.038461538461538464,25,25,TTTGTCACCCATTCGTATTC,0,557810
araCp,0.038461538461538464,25,25,TTTGCGCAGCTAGCGTGTAG,0,590876
araCp,0.038461538461538464,25,25,TTTGAGCAGCAATTGTTGGT,0,594893
araCp,0.038461538461538464,25,25,TTGGCCTGACCGACGGTGTG,0,585499
araCp,0.038461538461538464,25,25,TTCGGATAGGAGATTCGCGA,0,550341
araCp,0.038461538461538464,25,25,TTAGGGGCTTATGTTCGTGT,0,548954
araCp,0.038461538461538464,25,25,TTACGGTACATTCAAACGGG,0,541876
araCp,0.038461538461538464,25,25,TGTTCCATATAGTAAATCTT,0,546118
araCp,0.038461538461538464,25,25,TGTGCGATTTCCTTAATGAT,0,563395
araCp,0.038461538461538464,25,25,TGTACCAGGTCAGCTGTGGT,0,552097
araCp,0.038461538461538464,25,25,TGGGCTGATGCGCACCCAGA,0,554092
araCp,0.038461538461538464,25,25,TGGGAATCAGTCGGTGCTCG,0,601478
araCp,0.038461538461538464,25,25,TGGCACGTAGAAATAAGAAT,0,562178
araCp,0.038461538461538464,25,25,TGCCTCATGAGACGGCGTAA,0,530408
araCp,0.038461538461538464,25,25,TGACAAGCGTTTCACCGTTA,0,591690
araCp,0.038461538461538464,25,25,TCTTTGATTATATGCGTGCA,0,549172
araCp,0.038461538461538464,25,25,TCGTAATACTCCTGCGTGCA,0,566935
araCp,0.038461538461538464,25,25,TCGACCCCGCTAATGCAACA,0,536857
araCp,0.038461538461538464,25,25,TCCGAGGCCGGCCATACCCA,0,545334
araCp,0.038461538461538464,25,25,TCATTCTAGACAACCGACAT,0,579964
araCp,0.038461538461538464,25,25,TATGTTGAACCTTTCCAATA,0,566823
araCp,0.038461538461538464,25,25,TAGTGTGGGATCATAAGGAA,0,525531
araCp,0.038461538461538464,25,25,TAACAATGTCCGAACGTGCT,0,538577
araCp,0.038461538461538464,25,25,TAACAAAGCAGGCACTCTAG,0,532816
araCp,0.038461538461538464,25,25,GTTGGCGAATATCCCCAGTA,0,526496
araCp,0.038461538461538464,25,25,GTTCATAGAAAATCGCACTG,0,550813
araCp,0.038461538461538464,25,25,GTCTTTGCCAGGACCACGCT,0,527863
araCp,0.038461538461538464,25,25,GTCGTCATGGGGTCATCCTC,0,545138
araCp,0.038461538461538464,25,25,GTATCTTCCCCGCGGGCGTG,0,547086
araCp,0.038461538461538464,25,25,GGGTACAGCGCAACACATAA,0,556284
araCp,0.038461538461538464,25,25,GGGGATGGGGACGGACTCCT,0,571824
araCp,0.038461538461538464,25,25,GGGCTCGACACGGGCCTTTC,0,540109
araCp,0.038461538461538464,25,25,GGCCTTGTTTTCCTCAAACT,0,554668
araCp,0.038461538461538464,25,25,GGCCCCGTACTCGGCCTGTA,0,584312
araCp,0.038461538461538464,25,25,GGCACCAGCTTTCAGGCAAT,0,529964
araCp,0.038461538461538464,25,25,GGATCGTAAATACCCAGGGG,0,526558
araCp,0.038461538461538464,25,25,GCTGACAGACGGCGAAGGTC,0,574230
araCp,0.038461538461538464,25,25,GCTCGGTCTCTTAGCAGGCA,0,561036
araCp,0.038461538461538464,25,25,GCTCCCGGAATAGAGGGTGT,0,578940
araCp,0.038461538461538464,25,25,GCGGGTGTGGTGGGAAAAAA,0,530158
araCp,0.038461538461538464,25,25,GCGACGTCTTTCATTACCGT,0,561346
araCp,0.038461538461538464,25,25,GCGACCCGAAGTTCCTCTAG,0,588907
araCp,0.038461538461538464,25,25,GCCTTGTGGAGTTATCCAGC,0,592674
araCp,0.038461538461538464,25,25,GCCTTGTCCACGCGCACTCA,0,555537
araCp,0.038461538461538464,25,25,GCCCCGCTGCTCAGCTCCGG,0,595001
araCp,0.038461538461538464,25,25,GCATGTTCAGGCATAACAGA,0,584569
araCp,0.038461538461538464,25,25,GCAGCTAGAAAATCTCGCCA,0,591254
araCp,0.038461538461538464,25,25,GCACTTAGGACGTAATTACC,0,601443
araCp,0.038461538461538464,25,25,GATTAGTGTTACATCTGCTG,0,548658
araCp,0.038461538461538464,25,25,GATGTCGGCAGGCGTAACAG,0,583200
araCp,0.038461538461538464,25,25,GAGCCGGGTGCCGAGTTCTG,0,553525
araCp,0.038461538461538464,25,25,GAGAGGCTACAAACTGGTGA,0,570080
araCp,0.038461538461538464,25,25,GACTTTTGTGTACACACGCC,0,535984
araCp,0.038461538461538464,25,25,GACTATTAGACAGCTTTAGA,0,543044
araCp,0.038461538461538464,25,25,GACAAGGGTCCAAGATGGTG,0,551052
araCp,0.038461538461538464,25,25,GAAGTCGTCCAAGACATCAT,0,528431
araCp,0.038461538461538464,25,25,GAAGCTCAGACCTTGGTTGT,0,533140
araCp,0.038461538461538464,25,25,CTGTTTCGCTCATGGGACGA,0,582955
araCp,0.038461538461538464,25,25,CTGTTGAAATGGTGGAATGA,0,598627
araCp,0.038461538461538464,25,25,CTATGGCTGTGCCGCTTGGA,0,594973
araCp,0.038461538461538464,25,25,CTACGTTACCGACCGGAAAA,0,563784
araCp,0.038461538461538464,25,25,CGTTTCGTTTCGGACTGGGT,0,570050
araCp,0.038461538461538464,25,25,CGGGCCTCGCTGATTGGGGT,0,529605
araCp,0.038461538461538464,25,25,CGGATGCCGTTAGTGAACAT,0,582809
araCp,0.038461538461538464,25,25,CGCCAGTGATCTAGATAGTA,0,572285
araCp,0.038461538461538464,25,25,CGCACTAAAGTCCGTAGCGT,0,534006
araCp,0.038461538461538464,25,25,CGAGTGTAGTTCTGACACTA,0,590614
araCp,0.038461538461538464,25,25,CGAAATGACCAAGATGATGA,0,538244
araCp,0.038461538461538464,25,25,CCGGTACCGTCATGATTTGA,0,603401
araCp,0.038461538461538464,25,25,CCGCCTATGTAAGCCTTACA,0,525668
araCp,0.038461538461538464,25,25,CCCCCCAATAATGTGTGCTT,0,578539
araCp,0.038461538461538464,25,25,CATGCTTGCCTGCTTCCTGA,0,572293
araCp,0.038461538461538464,25,25,CAGGGTGCATATATTGACAT,0,559648
araCp,0.038461538461538464,25,25,CAGAATCCATGATTTGGTAT,0,553984
araCp,0.038461538461538464,25,25,CACGGGACGTGGCCGGGATG,0,564621
araCp,0.038461538461538464,25,25,CAACGGTGCTCAATAATTTA,0,529095
araCp,0.038461538461538464,25,25,ATTTTCTAGGTTGATGCATG,0,532870
araCp,0.038461538461538464,25,25,ATTGAGGGAGCCAATATAAA,0,529832
araCp,0.038461538461538464,25,25,ATTCGACATGCGTATAGTTA,0,560340
araCp,0.038461538461538464,25,25,ATGATTAGACAGTATACCGT,0,559650
araCp,0.038461538461538464,25,25,ATGAGCGTCCAAGCCTGCCT,0,530501
araCp,0.038461538461538464,25,25,ATACACGCGTGGATGTCTCT,0,595051
araCp,0.038461538461538464,25,25,AGTGATGACACCTCGGGTTT,0,556150
araCp,0.038461538461538464,25,25,AGGGTCCACCGACGGATCGT,0,561429
araCp,0.038461538461538464,25,25,AGGACCCACTGAGCTTCAAC,0,558851
araCp,0.038461538461538464,25,25,ACTCGATGTTGCATGGGTTC,0,543962
araCp,0.038461538461538464,25,25,ACTCACGTGGGGAGCTCATC,0,544752
araCp,0.038461538461538464,25,25,ACTAGAGAGTGCATGGCCTT,0,573761
araCp,0.038461538461538464,25,25,ACGCGTAACTATGGGCTGGA,0,551660
araCp,0.038461538461538464,25,25,ACGCAGTAACAGGCCGCCCG,0,570204
araCp,0.038461538461538464,25,25,AATATTGTCATACATGGTAA,0,551815
araCp,0.038461538461538464,25,25,AAGTGTCCTAGGGAGTTATA,0,575467
araCp,0.038461538461538464,25,25,AAGTGGGAGTCCTGCATGAA,0,568067
araCp,0.038461538461538464,25,25,AACGTTCCGGGAGGCAGTTA,0,570817
araCp,0.038461538461538464,25,25,AACCCGAACTACCAAAGCGC,0,564891
araCp,0.038461538461538464,25,25,AAACGCCTCCAGGTACGGTT,0,596230
araCp,0.04,24,24,TTTCGGGCTAAGATTCATAT,0,541935
araCp,0.04,24,24,TTGTTGGATACTTGTAGATA,0,583772
araCp,0.04,24,24,TTGTTCCCGCAGAATGACAT,0,586583
araCp,0.04,24,24,TTCTTGTAAGAAATCCTAGA,0,559311
araCp,0.04,24,24,TTCCTGGGGTAGTAATAGTT,0,534501
araCp,0.04,24,24,TGGTAATGGAAACCAAAAGC,0,561336
araCp,0.04,24,24,TGGATTCGCTCGATGTAAAT,0,560333
araCp,0.04,24,24,TGGACGACAAGAGTCAGGCC,0,547021
araCp,0.04,24,24,TGATTACCTATGGTTTCACA,0,566702
araCp,0.04,24,24,TGATGGCGGCAGTGAGCGGA,0,532467
araCp,0.04,24,24,TGATGCCTATGCTTTGTAAA,0,551826
araCp,0.04,24,24,TGAGGAGCAAGACGCGTAAG,0,591813
araCp,0.04,24,24,TGAATGCCCTTATAATGAAT,0,558720
araCp,0.04,24,24,TCTAGATTGACCATACTTCA,0,574418
araCp,0.04,24,24,TCTAGATAACAGTAAGTCTA,0,556257
araCp,0.04,24,24,TCTAAACTGGCGTGTCCGAG,0,553273
araCp,0.04,24,24,TCGGGGGTCCTTACGGACCA,0,560573
araCp,0.04,24,24,TCGATCATCTACAGTCGCGT,0,582663
araCp,0.04,24,24,TCGACAGGTCGGGGGACTAT,0,544217
araCp,0.04,24,24,TCCGGTGTGCGTGGGGATGT,0,529798
araCp,0.04,24,24,TCCGAAGGGGGTTTCCGTCA,0,555438
araCp,0.04,24,24,TCATGTTGATTTATCCTCAT,0,548407
araCp,0.04,24,24,TCAGAAGCCAGTAGTGCCAG,0,535208
araCp,0.04,24,24,TCAATTACTTGATCGATTTA,0,546286
araCp,0.04,24,24,TCAAAGAAGTGTCGCGGTCT,0,556472
araCp,0.04,24,24,TATTGTGGCATACCAGCCCA,0,580676
araCp,0.04,24,24,TATAGGATACTCGAACGGCC,0,531631
araCp,0.04,24,24,TACGATCATTCAGGAGTCCA,0,583620
araCp,0.04,24,24,GTTGAAGGCATGTATGGATT,0,561342
araCp,0.04,24,24,GTTCTGGACCGAATGCGCTT,0,577720
araCp,0.04,24,24,GTTCGGCGTTGCGACACTTA,0,526890
araCp,0.04,24,24,GTGATTGCGACTGTCGGTTC,0,571895
araCp,0.04,24,24,GTACGTGATCACCCATAGTG,0,588341
araCp,0.04,24,24,GGTTACCATGGTTCGACAAT,0,555724
araCp,0.04,24,24,GGTGAGAAGTTCGTATTCTG,0,591345
araCp,0.04,24,24,GGTCGTTCGGACGGTATCGG,0,578223
araCp,0.04,24,24,GGTACGTTTGAATCTCGCAG,0,558648
araCp,0.04,24,24,GGGGGTAACTTCAAGTTCGT,0,578509
araCp,0.04,24,24,GGGCGCGAAAGTGACGTTCA,0,575489
araCp,0.04,24,24,GGGAGGTGAACGATCGAGAG,0,572694
araCp,0.04,24,24,GGCTCGACGTTGATACTCGA,0,532037
araCp,0.04,24,24,GGAGGGTTTTTGGTATCCAT,0,550366
araCp,0.04,24,24,GGAAGAGCATGAGCTTTGTG,0,576574
araCp,0.04,24,24,GCTGGATCGACTGCGTATGC,0,537013
araCp,0.04,24,24,GCACGCGGATAGAGGGTGCA,0,558430
araCp,0.04,24,24,GCACAGCAGACTTGTTCGTT,0,541684
araCp,0.04,24,24,GATTCGAGCTTGAGAGGGTC,0,601804
araCp,0.04,24,24,GAGTCCTCTGTCAACCGTTG,0,588592
araCp,0.04,24,24,GAGGTCGGGCTGGGCTCCAA,0,573021
araCp,0.04,24,24,GAGGCTCGGATATCTGGCGT,0,534167
araCp,0.04,24,24,GAGAGTAACCTCGCGGGTCG,0,557033
araCp,0.04,24,24,GACGGCAAAAAGCTTATAGT,0,573817
araCp,0.04,24,24,GACCACGGACCGTCTAGTTC,0,567899
araCp,0.04,24,24,GAAACTCCATTGAATCGGCT,0,576708
araCp,0.04,24,24,CTGACAGGTTCTGGGGATAG,0,534060
araCp,0.04,24,24,CTCGCTCGTGTAGGTATTTT,0,537031
araCp,0.04,24,24,CTATAACTTCGGTAAATAAT,0,551959
araCp,0.04,24,24,CTAGCCTAACAGGTACGCCA,0,530147
araCp,0.04,24,24,CGTCTAGGGTTGTGAATCGT,0,572931
araCp,0.04,24,24,CGTAACAAGTTACGCGATTC,0,542493
araCp,0.04,24,24,CGGGCGTCACCTGTCGATAT,0,558536
araCp,0.04,24,24,CGGGACGCGACCATAGCGTT,0,526064
araCp,0.04,24,24,CGGAACCATGCCCATCATCG,0,557700
araCp,0.04,24,24,CGCTTCACCGAACGAAACAG,0,537227
araCp,0.04,24,24,CGCTTACAACCGGTGTGCAA,0,570529
araCp,0.04,24,24,CGCCGGAATCTACAGTTGCA,0,548919
araCp,0.04,24,24,CGCCCGAATCCAATTTAGAA,0,582558
araCp,0.04,24,24,CGATATGTCTGCTGAGCCAA,0,540538
araCp,0.04,24,24,CGACAATGAAGACATACGGA,0,526278
araCp,0.04,24,24,CCTGTGAGATGCTTAGGCAG,0,568437
araCp,0.04,24,24,CCTCGCATGAAGCAGTTTGT,0,575005
araCp,0.04,24,24,CCGTACCCAACATGGCTCCC,0,534502
araCp,0.04,24,24,CCGCACACTCATCCTGGCGG,0,584072
araCp,0.04,24,24,CCGATCTCTCTTAAGATCCA,0,581730
araCp,0.04,24,24,CCAGGATTTAGAGCCAGCCA,0,526445
araCp,0.04,24,24,CAGAGGACACAGGCCAGTTA,0,574329
araCp,0.04,24,24,CACTTCACTGCCTATGTAAA,0,548690
araCp,0.04,24,24,CACGTTCCTGGCCGCGGTGT,0,572634
araCp,0.04,24,24,CACGTCCTTAGATCTGCATA,0,569885
araCp,0.04,24,24,CACGTACCGTCCGCGGGATA,0,598161
araCp,0.04,24,24,CACCACCGTCTCAGGGAACT,0,582956
araCp,0.04,24,24,CAAGATTTGTATGATGCTAG,0,555793
araCp,0.04,24,24,ATTTTACAGACTCAAACTTT,0,566042
araCp,0.04,24,24,ATTGTTAAAACGGATCCACG,0,540389
araCp,0.04,24,24,ATGGAAGAGGCTAGAACCGA,0,547552
araCp,0.04,24,24,ATGCGGGCGAAGAAAAACAA,0,526160
araCp,0.04,24,24,ATGCAAGAATTACCGTCGAG,0,570922
araCp,0.04,24,24,ATGAGCTATCACTTAGATAT,0,589959
araCp,0.04,24,24,ATATTCATGAGCTATCCACC,0,543159
araCp,0.04,24,24,ATATAGTGGTCGGTGTTACG,0,563547
araCp,0.04,24,24,ATACCATATCGATTAGGAAG,0,587788
araCp,0.04,24,24,ATAATGCCCCAATCTCGAAC,0,533172
araCp,0.04,24,24,AGTTCCACTTTACCAATTGG,0,592264
araCp,0.04,24,24,AGTCCAGACACCCCTGGGCA,0,531962
araCp,0.04,24,24,AGTCAACCGATGTAAGACTA,0,540639
araCp,0.04,24,24,AGGTGCAGCGGGTTCTTGGC,0,544979
araCp,0.04,24,24,AGGGTCCAGTTACCACGGCT,0,580577
araCp,0.04,24,24,AGAGCACCCCATACGAATGT,0,545199
araCp,0.04,24,24,AGACGGCGTGCAACGCTACT,0,573175
araCp,0.04,24,24,ACTGCACTCAAGCCCTTCTC,0,537545
araCp,0.04,24,24,ACGTCGGTACCATAGTGTAA,0,572539
araCp,0.04,24,24,ACGGAGGGCTGGTAACCTGT,0,583236
araCp,0.04,24,24,ACGCGTACGCTGTAGTACTT,0,558687
araCp,0.04,24,24,ACCTATGCCTAATTTGGAGT,0,581843
araCp,0.04,24,24,ACCACATGAGTCAGATCGTG,0,557341
araCp,0.04,24,24,ACATATTTTGGAACATTGGA,0,557628
araCp,0.04,24,24,AAGTATCGGCTCAAGCAACT,0,562046
araCp,0.04,24,24,AAGGGGAAAAGTCTGTCCAT,0,570146
araCp,0.04,24,24,AACGATACATTAAGTCCTTT,0,571447
araCp,0.04,24,24,AACACCCAAGCAGCAACGGT,0,555538
araCp,0.041666666666666664,23,23,TTTACAGTCAGAGCTGGGAC,0,536160
araCp,0.041666666666666664,23,23,TTGGGACGGTTCCGGGGCGG,0,544205
araCp,0.041666666666666664,23,23,TTGCGTAAGACGGGCTCCGG,0,568063
araCp,0.041666666666666664,23,23,TTGCGCTTAAGCACGCGCTA,0,568244
araCp,0.041666666666666664,23,23,TTCGATACAATAATTGTTAA,0,588713
araCp,0.041666666666666664,23,23,TTAGGCAGTACCGGGCAAAA,0,591568
araCp,0.041666666666666664,23,23,TGTTTAATATGGTCCTCGAG,0,592624
araCp,0.041666666666666664,23,23,TGTCAGGTCACCCGGAGTTT,0,599812
araCp,0.041666666666666664,23,23,TGTACCATTAAGTGTCAGAA,0,576205
araCp,0.041666666666666664,23,23,TGGGCATGTGGGCACGTTAC,0,569334
araCp,0.041666666666666664,23,23,TGGCAGATCTCGGAGCAATC,0,548814
araCp,0.041666666666666664,23,23,TGATTTCGTGGCTTATATAC,0,550488
araCp,0.041666666666666664,23,23,TGAGGGGCTTTGCAAACGTG,0,577928
araCp,0.041666666666666664,23,23,TCTATTAACAAATGTCACTA,0,562951
araCp,0.041666666666666664,23,23,TCTAGGCGCATCAAAGTAAT,0,548345
araCp,0.041666666666666664,23,23,TCGGGACCCGCCAAAAGTAT,0,569493
araCp,0.041666666666666664,23,23,TCAGTACATATAAGGTGACA,0,529617
araCp,0.041666666666666664,23,23,TCACTGATAGGAAGGCAGCA,0,526133
araCp,0.041666666666666664,23,23,TATTGTATTTCGTACGGTTT,0,598766
araCp,0.041666666666666664,23,23,TATCTGTAGTGTCTTACGTT,0,570139
araCp,0.041666666666666664,23,23,TAGGGATGTTCTGATGTGCG,0,578693
araCp,0.041666666666666664,23,23,TACTGCCGGTCGAGAAATTA,0,537563
araCp,0.041666666666666664,23,23,TACATGCTATTACCGGAGAG,0,562864
araCp,0.041666666666666664,23,23,TACATCGGATGCCAATCGGC,0,554526
araCp,0.041666666666666664,23,23,TACACATCTAATGATTAGCG,0,582674
araCp,0.041666666666666664,23,23,TAATAATGTACGAGTCAGTT,0,580998
araCp,0.041666666666666664,23,23,TAAGGGGAGTCGCAGGTATA,0,538080
araCp,0.041666666666666664,23,23,TAAGCCCGTTGTTATGTGAT,0,564199
araCp,0.041666666666666664,23,23,GTTCATGGACCTGTTTTATA,0,565928
araCp,0.041666666666666664,23,23,GTGTGGTATAGTACCGGGAC,0,570518
araCp,0.041666666666666664,23,23,GTGTCTGCAATTCACAGTAC,0,556118
araCp,0.041666666666666664,23,23,GTGTACGCGATTCATGTTAC,0,559750
araCp,0.041666666666666664,23,23,GTCGCGTACCGTCGTATCGC,0,546096
araCp,0.041666666666666664,23,23,GTCCAGGCTACGTGCTACAG,0,526598
araCp,0.041666666666666664,23,23,GTAGGCTATGATAGAGTATT,0,548237
araCp,0.041666666666666664,23,23,GTACCGGGTTGATATTGTAA,0,601798
araCp,0.041666666666666664,23,23,GTAAAAGTCGGGTTTAGGAA,0,566216
araCp,0.041666666666666664,23,23,GGTCGAAGGAAGCGAACGAT,0,549766
araCp,0.041666666666666664,23,23,GGTCCCTCAAGCGATATCAT,0,563119
araCp,0.041666666666666664,23,23,GGGTCAGCCCGAGTACGAAG,0,548412
araCp,0.041666666666666664,23,23,GGGCGCAAGATATTTTTGCA,0,601786
araCp,0.041666666666666664,23,23,GGCTTTAGATCATGAGCTCA,0,560969
araCp,0.041666666666666664,23,23,GGCGCCACGCCATCAGCCGT,0,550625
araCp,0.041666666666666664,23,23,GGCCTTGGAAACGATCATTT,0,539260
araCp,0.041666666666666664,23,23,GGCAGAGATACACATTAGAG,0,564763
araCp,0.041666666666666664,23,23,GGAGTGCTGCTGGGCACCAA,0,546233
araCp,0.041666666666666664,23,23,GGAGTATATACATCGACAGT,0,592627
araCp,0.041666666666666664,23,23,GGAAAGCGGCACATCGCGGA,0,549653
araCp,0.041666666666666664,23,23,GCTGCTCCAACCCACACCCT,0,538833
araCp,0.041666666666666664,23,23,GCTGCAACCTTCTACGTACG,0,538542
araCp,0.041666666666666664,23,23,GCTCACCCTTCCCCGGTTAT,0,572671
araCp,0.041666666666666664,23,23,GCTAGAGAAAAAAAGCGCCA,0,559225
araCp,0.041666666666666664,23,23,GCGTGGCCACCCTCCGGTGT,0,554939
araCp,0.041666666666666664,23,23,GCGTACGCGTGTGCCGCGAA,0,584763
araCp,0.041666666666666664,23,23,GCCTAAAACCGGTAAGAGTT,0,603441
araCp,0.041666666666666664,23,23,GCCGTCAGCTAGAGGTTTCG,0,540689
araCp,0.041666666666666664,23,23,GCAGTACACCGCTGTATGGG,0,545505
araCp,0.041666666666666664,23,23,GCACTTCGCGTACGCGCGTG,0,556856
araCp,0.041666666666666664,23,23,GCACAGCGTCAGTCCGTGGC,0,546489
araCp,0.041666666666666664,23,23,GATTTAACCGGAAGAATGGA,0,549173
araCp,0.041666666666666664,23,23,GATACGAGTCGTTTCGGGTA,0,568991
araCp,0.041666666666666664,23,23,GAGTCAATGCGGAGTTCATA,0,534405
araCp,0.041666666666666664,23,23,GAGCAGAGAGGAGCTGCAGT,0,595147
araCp,0.041666666666666664,23,23,GAGATTACACATGCCACGTG,0,530944
araCp,0.041666666666666664,23,23,GACCATAGGCGTCAGGGTCC,0,566595
araCp,0.041666666666666664,23,23,GAAACCCTGGGTAATGATTG,0,526234
araCp,0.041666666666666664,23,23,CTTCTTCAAGGTGTAGACAG,0,584736
araCp,0.041666666666666664,23,23,CTTATACGGAAATCATGATA,0,545202
araCp,0.041666666666666664,23,23,CTGCATTGTGGCAGTTGAGT,0,555718
araCp,0.041666666666666664,23,23,CTCTTGCTTTAGAAGACGCG,0,597869
araCp,0.041666666666666664,23,23,CTCGTTACACTGTGAAAGCC,0,587190
araCp,0.041666666666666664,23,23,CTCCAAGGCTCGACGAGAAT,0,552752
araCp,0.041666666666666664,23,23,CTACGTTTTGGCGGGTGAAA,0,596992
araCp,0.041666666666666664,23,23,CTAAGTTAGGATTTCCATCA,0,561550
araCp,0.041666666666666664,23,23,CGTTAGCTCCATCTATAACC,0,578685
araCp,0.041666666666666664,23,23,CGTCTTCATTAGGATGACCG,0,578446
araCp,0.041666666666666664,23,23,CGTCAACACTGTGTCTGTCA,0,583286
araCp,0.041666666666666664,23,23,CGGTCACTGAGGCTAAATTG,0,556944
araCp,0.041666666666666664,23,23,CGGAGTTGCACCCGTCCCGG,0,571166
araCp,0.041666666666666664,23,23,CGCGCCCGATATAATAGAGG,0,539669
araCp,0.041666666666666664,23,23,CGCCGGAGCCGTTAATTCTA,0,588945
araCp,0.041666666666666664,23,23,CGATCCGCGCCTTGTGACAA,0,558107
araCp,0.041666666666666664,23,23,CGAAGACCGCTAGATGACCA,0,545517
araCp,0.041666666666666664,23,23,CCTTCTTTGGGGCCTGTAAG,0,584183
araCp,0.041666666666666664,23,23,CCTTATGCAGGTCGGCCGAC,0,565807
araCp,0.041666666666666664,23,23,CCGTCCTACTTTCGCGCGTA,0,540392
araCp,0.041666666666666664,23,23,CCGTAATCCTCATCCATGTT,0,564316
araCp,0.041666666666666664,23,23,CCGGCCTTTGTTAAATCTAA,0,526984
araCp,0.041666666666666664,23,23,CCATCCTCGGATACTCAGCT,0,551126
araCp,0.041666666666666664,23,23,CATTCAAAAATCATGACAAA,0,544898
araCp,0.041666666666666664,23,23,CATGGGGCTACGCCCGACTG,0,531369
araCp,0.041666666666666664,23,23,CATCACCATCTACAGAGGAC,0,590879
araCp,0.041666666666666664,23,23,CATAGCCATTTGCATGTCTC,0,564734
araCp,0.041666666666666664,23,23,CATAATGTTAGGACAGCGAT,0,560912
araCp,0.041666666666666664,23,23,CAGGCTGGTGTGTGTGGAGT,0,556648
araCp,0.041666666666666664,23,23,CAGCCCTACGGAGAGCATAC,0,565664
araCp,0.041666666666666664,23,23,CAGCCACTCCGAGCAACCGT,0,542140
araCp,0.041666666666666664,23,23,CACTCCGGGAGTCGGACCCG,0,548223
araCp,0.041666666666666664,23,23,CACCATATTGAAGCCTGACC,0,543704
araCp,0.041666666666666664,23,23,CACAGCACACATGCACGAAC,0,558546
araCp,0.041666666666666664,23,23,CAAGGGCGACCTCTGGTAAT,0,549416
araCp,0.041666666666666664,23,23,CAACGTGACATGGAATGGAT,0,559123
araCp,0.041666666666666664,23,23,CAACCTCTCGTTGCAAGTGT,0,548554
araCp,0.041666666666666664,23,23,ATTTGCACGAGGGCCACACT,0,572508
araCp,0.041666666666666664,23,23,ATTACGTAGTGCCATCGCTT,0,568137
araCp,0.041666666666666664,23,23,ATGTGCGTGACAACGCACCA,0,541887
araCp,0.041666666666666664,23,23,ATGTAGCTTAAGAGGCCAAA,0,566809
araCp,0.041666666666666664,23,23,ATCTGCAAAAATACAATCCA,0,532164
araCp,0.041666666666666664,23,23,ATCGTGTTTTATTGGTACTG,0,533540
araCp,0.041666666666666664,23,23,ATCAGATAAGTCCATTTGAG,0,541718
araCp,0.041666666666666664,23,23,ATCACAATAGTCTTTCTAAA,0,553772
araCp,0.041666666666666664,23,23,ATAGTTAGTCCGCGGTGTTT,0,592948
araCp,0.041666666666666664,23,23,ATAAGTCAGTGACCCCAATA,0,565327
araCp,0.041666666666666664,23,23,ATAACTTCGGGCCTGTACCG,0,526368
araCp,0.041666666666666664,23,23,AGTTCGTTGTTCATTATAAT,0,601280
araCp,0.041666666666666664,23,23,AGTCTGACTTTGTTGTCACC,0,575524
araCp,0.041666666666666664,23,23,AGTACTAGACATAGAGCTGA,0,538648
araCp,0.041666666666666664,23,23,AGGTCCACACGATTCTCTCC,0,582973
araCp,0.041666666666666664,23,23,AGGGTTTCTTCTAACATTGG,0,557466
araCp,0.041666666666666664,23,23,AGGCGGAACTGATAAAGTAT,0,543210
araCp,0.041666666666666664,23,23,AGCTTGAAAGAAGAGATGTC,0,589065
araCp,0.041666666666666664,23,23,AGCAGGCTCGTATAAGGTAG,0,530141
araCp,0.041666666666666664,23,23,AGAGGGTAGGGTACGGGCTA,0,573642
araCp,0.041666666666666664,23,23,AGAGACAGGCGGTAGGTGGA,0,534250
araCp,0.041666666666666664,23,23,ACTTGCACCAAGGGCACCAT,0,547764
araCp,0.041666666666666664,23,23,ACTGCGACAAAGGAACCCGA,0,551340
araCp,0.041666666666666664,23,23,ACAAACCCCGGGAATACAAT,0,590208
araCp,0.041666666666666664,23,23,AATAATTGCTCAACTAGGAT,0,563117
araCp,0.041666666666666664,23,23,AAGGGTATTTGAGAATCAAC,0,548873
araCp,0.041666666666666664,23,23,AAGAGCAGTGACGTGACGTT,0,561427
araCp,0.041666666666666664,23,23,AAGAATGATGCCGGAGGTGT,0,590038
araCp,0.041666666666666664,23,23,AACTGAGTCCGCCCTTCAGA,0,565876
araCp,0.041666666666666664,23,23,AACGGCCTCATGCCAGTCTA,0,596536
araCp,0.041666666666666664,23,23,AAATGTACTTCGACCACTCC,0,581994
araCp,0.041666666666666664,23,23,AAATCTCAGGGTAGTTCTTT,0,557482
araCp,0.041666666666666664,23,23,AAAGCTTCCTCGGCTCATTT,0,591407
araCp,0.043478260869565216,22,22,TTTAATCTGTGACGTCTTTA,0,548229
araCp,0.043478260869565216,22,22,TTGGAACGGGCGAGTAGAAC,0,543054
araCp,0.043478260869565216,22,22,TTGCGGGCACCAGAATTCAA,0,572278
araCp,0.043478260869565216,22,22,TTGACGTCGAAGGACAATTG,0,583866
araCp,0.043478260869565216,22,22,TTCTTTATGAAGCAAATACC,0,539305
araCp,0.043478260869565216,22,22,TTCTTGGACGTTGCTTGGCG,0,548123
araCp,0.043478260869565216,22,22,TTCTAGACCAAGAGTTTATT,0,566274
araCp,0.043478260869565216,22,22,TTCGAAGATCAGGTAGAAAT,0,589610
araCp,0.043478260869565216,22,22,TTCAGGCTAGATATACGCAT,0,554360
araCp,0.043478260869565216,22,22,TTAGACACGGGTGCAGAAAT,0,525539
araCp,0.043478260869565216,22,22,TTACTCGGCTCCAGTGGGAT,0,586828
araCp,0.043478260869565216,22,22,TTAATATGGTGTTTGAGTTG,0,555199
araCp,0.043478260869565216,22,22,TGTTGCTATCGATAATCTAA,0,540167
araCp,0.043478260869565216,22,22,TGTTCGCCGTATAATCGATA,0,575561
araCp,0.043478260869565216,22,22,TGTAGGTGTCTCACACGGTA,0,568462
araCp,0.043478260869565216,22,22,TGGCAACATTATACTTAGGC,0,592225
araCp,0.043478260869565216,22,22,TGGAGGAGCATGTATGCATT,0,557809
araCp,0.043478260869565216,22,22,TGCTTCGGCCCCGGTAACGC,0,587081
araCp,0.043478260869565216,22,22,TGCTCCGAACCCGTCAGTGT,0,573260
araCp,0.043478260869565216,22,22,TGCGGCTGGTTCCCCAGGGC,0,535556
araCp,0.043478260869565216,22,22,TGCCGTAGAAGGACGCAATG,0,542949
araCp,0.043478260869565216,22,22,TGATGTATCGGGTACAACGC,0,600424
araCp,0.043478260869565216,22,22,TGAACGTAGAGTGTGTTAAG,0,574537
araCp,0.043478260869565216,22,22,TCTTGGAAGCGGGATAGTAA,0,588652
araCp,0.043478260869565216,22,22,TCTGTTATCATTCCAGTCCT,0,588655
araCp,0.043478260869565216,22,22,TCTCCTAGAGCTAAAATGTT,0,549781
araCp,0.043478260869565216,22,22,TCGTTGGTCGATTTTTACTA,0,548694
araCp,0.043478260869565216,22,22,TCGTCCGTATACCATTGTCA,0,597373
araCp,0.043478260869565216,22,22,TCGGTGTACGCTCAAACATT,0,597293
araCp,0.043478260869565216,22,22,TCGCACCATAGCGATGCCCA,0,562598
araCp,0.043478260869565216,22,22,TATCCGGCACTCGAATACGA,0,538649
araCp,0.043478260869565216,22,22,TATCATTCCGTTAAATGTAC,0,569194
araCp,0.043478260869565216,22,22,TATATACCCCTTTAGGCTAT,0,586154
araCp,0.043478260869565216,22,22,TAGGACTTAAGCCACCGCAC,0,571260
araCp,0.043478260869565216,22,22,TACGGCCTTAAAATCTCACA,0,562163
araCp,0.043478260869565216,22,22,TACCAAGGTCATTACTTCTA,0,530791
araCp,0.043478260869565216,22,22,TAATTCAAAGACCCCATCTT,0,572783
araCp,0.043478260869565216,22,22,TAACTTCTCGCGAATGACGT,0,589596
araCp,0.043478260869565216,22,22,TAAAGCGCTGGGTCTCTTTT,0,586544
araCp,0.043478260869565216,22,22,GTTTTCTAACGGCGGTGGTC,0,539436
araCp,0.043478260869565216,22,22,GTTTGCCGAAATCGACATAC,0,549606
araCp,0.043478260869565216,22,22,GTTGTACGAGATACTTGGTG,0,555546
araCp,0.043478260869565216,22,22,GTTGTAATCGATCGCGCTAA,0,582838
araCp,0.043478260869565216,22,22,GTGATGAAAGCGGTGTTGTT,0,577015
araCp,0.043478260869565216,22,22,GTCGCACGCACTCGAACTAA,0,565872
araCp,0.043478260869565216,22,22,GTAACGGGCTTGCCTTTCAC,0,598933
araCp,0.043478260869565216,22,22,GGTTTACGGCCGACTTCATC,0,562502
araCp,0.043478260869565216,22,22,GGTACACGCCCTCCGCTGTT,0,536541
araCp,0.043478260869565216,22,22,GGGTGAGGACCTTCGTACCA,0,570999
araCp,0.043478260869565216,22,22,GGGTAGCACAGATTCACATA,0,581736
araCp,0.043478260869565216,22,22,GGGGGGCAAAGCGGAGTCTA,0,556359
araCp,0.043478260869565216,22,22,GGGGCTTGTTGTAGCAGTGT,0,570594
araCp,0.043478260869565216,22,22,GGGGCTCACATCCTTTTATT,0,546325
araCp,0.043478260869565216,22,22,GGGCGCCTATCAGGCACCAG,0,533794
araCp,0.043478260869565216,22,22,GGGATGAGTAAGGATGGTGT,0,588141
araCp,0.043478260869565216,22,22,GGGAGTTCTCCTGTTTGTTA,0,566899
araCp,0.043478260869565216,22,22,GGCTCTGCATGCCCTGAGAA,0,536409
araCp,0.043478260869565216,22,22,GGCACTTGTACCGATGGACT,0,530331
araCp,0.043478260869565216,22,22,GGATGTAGATTATTCGCTCT,0,569713
araCp,0.043478260869565216,22,22,GGAGTCACCTCACCCACGGT,0,543491
araCp,0.043478260869565216,22,22,GGACATTGACCGGCCAATAA,0,567890
araCp,0.043478260869565216,22,22,GGACAGAACTGGTTGAACTC,0,570390
araCp,0.043478260869565216,22,22,GGAATGATCCGGGATCGGTC,0,562050
araCp,0.043478260869565216,22,22,GCTGAGAAATAACGACCCGT,0,564670
araCp,0.043478260869565216,22,22,GCTATATCGGACCGGCCGGT,0,593859
araCp,0.043478260869565216,22,22,GCGATGCAGCTGCTTTGGAG,0,594985
araCp,0.043478260869565216,22,22,GCGAGCAGTGGGACACTATA,0,593757
araCp,0.043478260869565216,22,22,GCCGCCCTCTATGCGTTACA,0,598938
araCp,0.043478260869565216,22,22,GCATGGCCGAGCGTTAACTG,0,546503
araCp,0.043478260869565216,22,22,GCAGTTGGGTAGTTGACAAA,0,580926
araCp,0.043478260869565216,22,22,GCACCGGAAGCTAGGGATAG,0,529318
araCp,0.043478260869565216,22,22,GATATACGGTGCTGGTATGT,0,567684
araCp,0.043478260869565216,22,22,GAGTGAAGTAGATATGTTAG,0,569149
araCp,0.043478260869565216,22,22,GAGGGACAGACCCGCGGGCT,0,585351
araCp,0.043478260869565216,22,22,GAGCGCCGACACAATTTTAT,0,553988
araCp,0.043478260869565216,22,22,GACTAGCTTGCTTTTCATAC,0,554477
araCp,0.043478260869565216,22,22,GACTAGATCAGGGAGTGCGG,0,583087
araCp,0.043478260869565216,22,22,GACCAACCGCCCAAGCCCCT,0,585686
araCp,0.043478260869565216,22,22,GAAGACAAGCATATTGACAT,0,544552
araCp,0.043478260869565216,22,22,GAACCTTTCCAGCATAAGTT,0,590473
araCp,0.043478260869565216,22,22,CTTTCCGGTTCCTAGCACGC,0,564279
araCp,0.043478260869565216,22,22,CTTCTAATCCGGTATTGTCA,0,547547
araCp,0.043478260869565216,22,22,CTTCGGGTTGTGAAGGCGCA,0,591361
araCp,0.043478260869565216,22,22,CTTATTCCCAATCGGTCGGT,0,571777
araCp,0.043478260869565216,22,22,CTGTTTTAGCGGAGTTCTTG,0,529028
araCp,0.043478260869565216,22,22,CTGTGATCCTAGTATGGCAT,0,550036
araCp,0.043478260869565216,22,22,CTGTAGTCGTAACTGGTTCG,0,549461
araCp,0.043478260869565216,22,22,CTGGATACATCAGAGATCTA,0,578787
araCp,0.043478260869565216,22,22,CTCGGTTTACTATAAGGGTT,0,593722
araCp,0.043478260869565216,22,22,CTCGGGCGCAGAGTCACCAA,0,567245
araCp,0.043478260869565216,22,22,CGTGGATAGACGATGTCTCG,0,556540
araCp,0.043478260869565216,22,22,CGTCACCCCGCGTCCAGACA,0,584482
araCp,0.043478260869565216,22,22,CGGGGTCACCGTCTATCTGT,0,558688
araCp,0.043478260869565216,22,22,CGGGCCTTACCAATGCCTCT,0,530950
araCp,0.043478260869565216,22,22,CGGCTGCAGCGGTGCCGCTA,0,532920
araCp,0.043478260869565216,22,22,CGCTAGTGAACTTTTCAGAG,0,532711
araCp,0.043478260869565216,22,22,CGAGGGCAAACAACTCGACA,0,552909
araCp,0.043478260869565216,22,22,CGAGACACGCGTACCGGACT,0,542371
araCp,0.043478260869565216,22,22,CGACCTTTAGGCGGTAATTG,0,548156
araCp,0.043478260869565216,22,22,CCTGTCTTTATTAAAATTCT,0,570086
araCp,0.043478260869565216,22,22,CCGGGTGCGCGACTGGAACT,0,537535
araCp,0.043478260869565216,22,22,CCGCGATCTTGAAACTTTAA,0,581130
araCp,0.043478260869565216,22,22,CCGAACCGGCTACTTGTTCC,0,566961
araCp,0.043478260869565216,22,22,CCCGTTCGGAAACAAAAGGT,0,530270
araCp,0.043478260869565216,22,22,CCACTAGGAGACTATTGACA,0,560936
araCp,0.043478260869565216,22,22,CAGTAGTGAGTGTTCGGAGA,0,580979
araCp,0.043478260869565216,22,22,CAGGTACGTACTTGCTTCGT,0,555498
araCp,0.043478260869565216,22,22,CAGGATTGCTTAGCGCGAGA,0,575756
araCp,0.043478260869565216,22,22,CAGCCCAGGACATCACGGAT,0,580810
araCp,0.043478260869565216,22,22,CAGATAGACGCGACTTGGGT,0,581688
araCp,0.043478260869565216,22,22,CAGAGGTACGTCATCCGTGA,0,587635
araCp,0.043478260869565216,22,22,CACTAGGCTGGGATCATCAT,0,541780
araCp,0.043478260869565216,22,22,CACGCTGGCCCATTTTTCTA,0,532389
araCp,0.043478260869565216,22,22,CACGCGTGCATATGGTATTT,0,540541
araCp,0.043478260869565216,22,22,CACCTCGCCTCAGGGGCTGT,0,594233
araCp,0.043478260869565216,22,22,CAAAATTGTATGATAATGGC,0,567397
araCp,0.043478260869565216,22,22,ATTCGAGAAGAGTACACTCT,0,564863
araCp,0.043478260869565216,22,22,ATTAGATTTACTTATACTGA,0,586675
araCp,0.043478260869565216,22,22,ATGTCAGTAGACGGTAGCGC,0,527290
araCp,0.043478260869565216,22,22,ATGGGTTGGTGATAAACTCG,0,567240
araCp,0.043478260869565216,22,22,ATGGGTGCCACAAGGTACAG,0,546234
araCp,0.043478260869565216,22,22,ATGAGCTGGCGGAGATTCTA,0,533338
araCp,0.043478260869565216,22,22,ATCATAATGGCCATGCGGGA,0,553353
araCp,0.043478260869565216,22,22,ATATTCAAAAGCTAGAGGCA,0,537044
araCp,0.043478260869565216,22,22,AGTCAGAGGCCAAACAAGGT,0,579359
araCp,0.043478260869565216,22,22,AGGTATTAGCTCGTGACCAA,0,571910
araCp,0.043478260869565216,22,22,AGCTCGGAACTATTCTTTAA,0,527021
araCp,0.043478260869565216,22,22,AGCTCATGGCACGCGTCTGA,0,548707
araCp,0.043478260869565216,22,22,AGCGTGAAGATTGTTGTCAA,0,549014
araCp,0.043478260869565216,22,22,AGCGCTAATGTACATGTTGG,0,525673
araCp,0.043478260869565216,22,22,AGCCGTGATCGGATAGCATC,0,586259
araCp,0.043478260869565216,22,22,AGCATGCGCGCAAGACCCAT,0,553010
araCp,0.043478260869565216,22,22,AGAGGTTGAACAATCTAAGT,0,537434
araCp,0.043478260869565216,22,22,AGACCGCGGAGACGAGAGAT,0,593934
araCp,0.043478260869565216,22,22,AGAATTTCCCTCCCGGGCGG,0,540535
araCp,0.043478260869565216,22,22,AGAATAGAGTTTCCCCTTTT,0,545508
araCp,0.043478260869565216,22,22,ACGGAGAACGTGAATTTCTT,0,540654
araCp,0.043478260869565216,22,22,ACGCTAGTGTAATGAACCCT,0,594715
araCp,0.043478260869565216,22,22,ACATTTGCCCCCACCGTGAA,0,542361
araCp,0.043478260869565216,22,22,ACATGGGGTACTTAAATTAT,0,532155
araCp,0.043478260869565216,22,22,AACCGGGTGGGCCACTGCGG,0,557048
araCp,0.043478260869565216,22,22,AACCCGATCCTGTAAATACT,0,576804
araCp,0.043478260869565216,22,22,AACAGGAGTCTACTGTTGGA,0,598127
araCp,0.043478260869565216,22,22,AAACATGTATGTGGGTGTCG,0,587326
araCp,0.043478260869565216,22,22,AAAAGGAGTAATGATTCCAA,0,551451
araCp,0.045454545454545456,21,21,TTTTCGCCATAGCGGACTAC,0,552173
araCp,0.045454545454545456,21,21,TTGGTTTACCTGTGTCTGGT,0,540124
araCp,0.045454545454545456,21,21,TTGGAGGCAACAAGCGCTCT,0,541200
araCp,0.045454545454545456,21,21,TTCCGTGCGCCCTAGGGATG,0,545721
araCp,0.045454545454545456,21,21,TTAAGTATCTAAGCAATTTA,0,592819
araCp,0.045454545454545456,21,21,TGTTTGTTAGCGGATGGTCA,0,572747
araCp,0.045454545454545456,21,21,TGTTGTAGGATTGTCTCGTG,0,575701
araCp,0.045454545454545456,21,21,TGTGCGTAGGGGACTACGAA,0,595058
araCp,0.045454545454545456,21,21,TGTCGCAGTTAACCAGATAC,0,582398
araCp,0.045454545454545456,21,21,TGGTGTGCAGACTAACTGCT,0,565311
araCp,0.045454545454545456,21,21,TGGTCTAGATTGCACGTCTA,0,585298
araCp,0.045454545454545456,21,21,TGGTACATCATCCACTTCTC,0,554724
araCp,0.045454545454545456,21,21,TGGCGACGTATGGATTGAAT,0,592726
araCp,0.045454545454545456,21,21,TGGAGTCACAACGGCTTACG,0,590188
araCp,0.045454545454545456,21,21,TGGAGCCCTCGAGCAGTGGA,0,555695
araCp,0.045454545454545456,21,21,TGCATTCTTTGCCGAAGCCA,0,577278
araCp,0.045454545454545456,21,21,TGCAGTTCTGTTCCTGCGCA,0,554521
araCp,0.045454545454545456,21,21,TGAGGGTACTATGCGACCCT,0,554710
araCp,0.045454545454545456,21,21,TCGCAAGTTGTGGGTAATTG,0,595412
araCp,0.045454545454545456,21,21,TCGATCCTTTCGGGGAAACA,0,536606
araCp,0.045454545454545456,21,21,TCCTGTTTGTCTCTATTTGA,0,598945
araCp,0.045454545454545456,21,21,TCCGTCTGACTATGGGCAAC,0,576811
araCp,0.045454545454545456,21,21,TCCACTAGGGAGCATCCAGT,0,582813
araCp,0.045454545454545456,21,21,TATAGGCTTAGCCATTTCTG,0,556937
araCp,0.045454545454545456,21,21,TAGGCGTGAAGAATATGGAA,0,528071
araCp,0.045454545454545456,21,21,TAGCAATCATTGGAAAGTTT,0,601741
araCp,0.045454545454545456,21,21,TAGAGGTCCGTTCGTCTACG,0,579515
araCp,0.045454545454545456,21,21,TACTTGTCCGATCGCCGGAA,0,560067
araCp,0.045454545454545456,21,21,TACTACCGCCACTCACTGTA,0,539298
araCp,0.045454545454545456,21,21,TACCTTCGGCATCGATCCGA,0,542197
araCp,0.045454545454545456,21,21,TACCCCTGAATCTAGTAGTA,0,601103
araCp,0.045454545454545456,21,21,TAATCCATCGATTGCTAGCG,0,540104
araCp,0.045454545454545456,21,21,TAAGCGGGAAGGCTCCTGGA,0,564789
araCp,0.045454545454545456,21,21,TAAGATAGTTTTGATGCCCG,0,531102
araCp,0.045454545454545456,21,21,TAACATCATAGGTTTCTTTT,0,552126
araCp,0.045454545454545456,21,21,TAAAAGCCAATGCGCATACT,0,553878
araCp,0.045454545454545456,21,21,GTTTGGCATACTTGGGGCAT,0,538856
araCp,0.045454545454545456,21,21,GTTGTGTCTGAGCTCGGCAG,0,532811
araCp,0.045454545454545456,21,21,GTTGTAGTTGTGCGGTGGCA,0,540589
araCp,0.045454545454545456,21,21,GTTGGGCAATGGCCGGTTAT,0,559499
araCp,0.045454545454545456,21,21,GTTCAGGTAAGATGCCAGGA,0,572195
araCp,0.045454545454545456,21,21,GTTATTTACTGTATCCTTAC,0,594218
araCp,0.045454545454545456,21,21,GTGGAGGTAGTTTGCAAGCT,0,589277
araCp,0.045454545454545456,21,21,GTGCGGAAGAACTAAGTTCT,0,578458
araCp,0.045454545454545456,21,21,GTGATCGCGCTCGTTTGCAT,0,530507
araCp,0.045454545454545456,21,21,GTCTAAAGTAAGCGAACTAT,0,535660
araCp,0.045454545454545456,21,21,GTATCCGGATTAGCACCGCG,0,601637
araCp,0.045454545454545456,21,21,GTACTTCCCAGATGACGGGA,0,555673
araCp,0.045454545454545456,21,21,GGTTAGCTGGTTCAAACAAC,0,559655
araCp,0.045454545454545456,21,21,GGTGGTACCGTATCTGCAGT,0,592989
araCp,0.045454545454545456,21,21,GGTCCTCCGTTAGGACCCGA,0,542322
araCp,0.045454545454545456,21,21,GGGGTGATGAACGGTTAAAA,0,531754
araCp,0.045454545454545456,21,21,GGGATTGAAACGTTGACGAC,0,587841
araCp,0.045454545454545456,21,21,GGCTTGAGGGTGCACCTTTC,0,560909
araCp,0.045454545454545456,21,21,GGCTGCAGTCGGTCCTACGC,0,536539
araCp,0.045454545454545456,21,21,GGCGCCTCAACCGCAAATTT,0,568210
araCp,0.045454545454545456,21,21,GGACCGGCCGTCGTGCGAAT,0,573505
araCp,0.045454545454545456,21,21,GGACCCCCACTCCCAAAACA,0,531628
araCp,0.045454545454545456,21,21,GGACAGTTACTATATAGGAC,0,555798
araCp,0.045454545454545456,21,21,GGAATCAGTTTCGCAGGCAA,0,562321
araCp,0.045454545454545456,21,21,GCTGGGCATCACAGGATTCC,0,548960
araCp,0.045454545454545456,21,21,GCTGCAGCGCCCTTAGATTG,0,542755
araCp,0.045454545454545456,21,21,GCGTGGGGCGTATCTTGGTC,0,549711
araCp,0.045454545454545456,21,21,GCGGTGCTATTATCGACCTA,0,540815
araCp,0.045454545454545456,21,21,GCGAGGCCAGCTCGAGAAGA,0,532560
araCp,0.045454545454545456,21,21,GCCGGGGCTTACAAGGGATG,0,581159
araCp,0.045454545454545456,21,21,GCCGAAATCGCTGGGACTCC,0,547613
araCp,0.045454545454545456,21,21,GCCCTGCGCAGGCGGGAGTC,0,581679
araCp,0.045454545454545456,21,21,GCAGAGGAATCTGACGGTGG,0,547727
araCp,0.045454545454545456,21,21,GCAAACTCTAGATTTTTAGG,0,569831
araCp,0.045454545454545456,21,21,GATTGGGGCAGCACAGAGGC,0,533810
araCp,0.045454545454545456,21,21,GATTCGTCCTACCTGCATTG,0,526375
araCp,0.045454545454545456,21,21,GATGGGACATTCAATTGTGA,0,596868
araCp,0.045454545454545456,21,21,GATGGACCTCCTTTCCTTGA,0,552985
araCp,0.045454545454545456,21,21,GATGAACCTAGAGGAGAGTA,0,555396
araCp,0.045454545454545456,21,21,GATCTCACGCAAGGAATCTG,0,553590
araCp,0.045454545454545456,21,21,GATCCGCGTTAGCACCTCCT,0,559358
araCp,0.045454545454545456,21,21,GATCAGGCGCCGCTCTCTAA,0,559654
araCp,0.045454545454545456,21,21,GAGGTGCCCCTCGGGTCATC,0,577273
araCp,0.045454545454545456,21,21,GACTCTACAGACGACGTCAA,0,527609
araCp,0.045454545454545456,21,21,GACCCGCCCCCGGTGTGAGA,0,582769
araCp,0.045454545454545456,21,21,GAATTTGAAAGGGCCTTAGC,0,550489
araCp,0.045454545454545456,21,21,GAATCTGTTACGTAAGTGCT,0,585381
araCp,0.045454545454545456,21,21,GAAGGGGGAACAGTTTTCAG,0,583707
araCp,0.045454545454545456,21,21,GAACCTGGTAAGCTTGTATT,0,526188
araCp,0.045454545454545456,21,21,GAAACTCCACGTCCGTTTAC,0,585993
araCp,0.045454545454545456,21,21,GAAAATCGAGCCTTGACACG,0,594828
araCp,0.045454545454545456,21,21,CTTCATTCCGTGCTGACAAG,0,566442
araCp,0.045454545454545456,21,21,CTTCAAGCCTGGGTGTTCTT,0,531447
araCp,0.045454545454545456,21,21,CTTAGGAAATGTAGGTCTAC,0,551187
araCp,0.045454545454545456,21,21,CTTAGACGCAGGGTGCGCGC,0,597996
araCp,0.045454545454545456,21,21,CTGTGAGTATAGGGAGTGCA,0,533951
araCp,0.045454545454545456,21,21,CTGTACAATCTCGAAGAACA,0,581592
araCp,0.045454545454545456,21,21,CTGCGGCCCCAGCACATAGG,0,555795
araCp,0.045454545454545456,21,21,CTCTGTTAGGCTGGTTGTGT,0,598076
araCp,0.045454545454545456,21,21,CTCCATAGGTTTGGCGGCCT,0,552761
araCp,0.045454545454545456,21,21,CTCATCGTAGCTTATACCCA,0,540857
araCp,0.045454545454545456,21,21,CTATCACGCGCAATTCATCT,0,526036
araCp,0.045454545454545456,21,21,CTAGTGTTGAAATCCGCACA,0,550093
araCp,0.045454545454545456,21,21,CTAGCTGGGCTGTCTTGGTC,0,528571
araCp,0.045454545454545456,21,21,CTAAGCACACATTTTGTGAC,0,575107
araCp,0.045454545454545456,21,21,CGGGTCCCCGCACGAGTGTC,0,593235
araCp,0.045454545454545456,21,21,CGGCATGAGTTGTGCACTGT,0,598315
araCp,0.045454545454545456,21,21,CGGAACAGGTCAGACACTTT,0,582516
araCp,0.045454545454545456,21,21,CGCGGGAACAGTTCGATCCT,0,595842
araCp,0.045454545454545456,21,21,CGCACGGATTGGAAGGTCTG,0,590548
araCp,0.045454545454545456,21,21,CGATTTTCTTTTATCAAACT,0,590117
araCp,0.045454545454545456,21,21,CCTGGTTAATTGGGGTAAAA,0,600089
araCp,0.045454545454545456,21,21,CCTAACGAGCGAGTGGAGGA,0,578338
araCp,0.045454545454545456,21,21,CCGGTCATTCTGTAAAACAG,0,565887
araCp,0.045454545454545456,21,21,CCGAGTTATAGGCGGGAACG,0,591668
araCp,0.045454545454545456,21,21,CCGAAAAATTCCTGTCCCAG,0,561438
araCp,0.045454545454545456,21,21,CCCCCATTCACGCAGCTCAC,0,599919
araCp,0.045454545454545456,21,21,CCAGACTGTTCATATCAAAC,0,531423
araCp,0.045454545454545456,21,21,CATTTTGCAAGTAGCATGTT,0,545975
araCp,0.045454545454545456,21,21,CATTACCGCCCGTCGGGGAT,0,575632
araCp,0.045454545454545456,21,21,CATGTGGAACTGTATGTCAG,0,576312
araCp,0.045454545454545456,21,21,CATGGACGAGCCCATCCAAT,0,600430
araCp,0.045454545454545456,21,21,CATGCCCCCCGGCTCTGGTA,0,554151
araCp,0.045454545454545456,21,21,CATGACTGTATCCCGTGCTA,0,570757
araCp,0.045454545454545456,21,21,CATCGAAGAGTGTGAAACTT,0,602954
araCp,0.045454545454545456,21,21,CATCCCATGGTAAAGGACTA,0,545088
araCp,0.045454545454545456,21,21,CATAGGGATGGACGTCCTTC,0,557971
araCp,0.045454545454545456,21,21,CATAGAGCCGACGCCTGCAG,0,549409
araCp,0.045454545454545456,21,21,CAGGTACCACATAACGATTC,0,564266
araCp,0.045454545454545456,21,21,CACATTCCGGCAAGGCTCCC,0,561785
araCp,0.045454545454545456,21,21,CACAGTTCCGTCCTCATCAG,0,530231
araCp,0.045454545454545456,21,21,CAATCTGCTCTCGGAGCGTG,0,527500
araCp,0.045454545454545456,21,21,CAAGCGTCGGATATTCGCAG,0,549059
araCp,0.045454545454545456,21,21,CAACTGTGCGGGTGATAGCT,0,577027
araCp,0.045454545454545456,21,21,ATTGGGTAGGTCCTCCGATC,0,542675
araCp,0.045454545454545456,21,21,ATGTTACAATCAGAACGCTG,0,556464
araCp,0.045454545454545456,21,21,ATGTGTAACGGCTCTCCGGT,0,578312
araCp,0.045454545454545456,21,21,ATGATTACCAACCTGCGAGA,0,546053
araCp,0.045454545454545456,21,21,ATCGTAGCAGTGTCCACGCA,0,600540
araCp,0.045454545454545456,21,21,ATCCCGATGTATTAGGACCG,0,529029
araCp,0.045454545454545456,21,21,ATATATTGGTAGAAAATTTG,0,578651
araCp,0.045454545454545456,21,21,AGTGAGTTGCGACAGCAAAG,0,531484
araCp,0.045454545454545456,21,21,AGTCCCCCCTTTTACGAACT,0,541345
araCp,0.045454545454545456,21,21,AGTAGTGATCCAAAAAGCTA,0,566482
araCp,0.045454545454545456,21,21,AGGCCTATGGTGCCCGACTC,0,574695
araCp,0.045454545454545456,21,21,AGCTTACGGTAGTTCTGTTC,0,542838
araCp,0.045454545454545456,21,21,AGCGTTTGAACATTGTAGGC,0,531363
araCp,0.045454545454545456,21,21,AGCCGACGCGAGAGTGCTTT,0,544639
araCp,0.045454545454545456,21,21,AGCCCAGTAATATCATGAGG,0,557640
araCp,0.045454545454545456,21,21,AGATCTACATTCCCTTATGT,0,562645
araCp,0.045454545454545456,21,21,ACTCCGTGGTGGTTGCCGAC,0,583456
araCp,0.045454545454545456,21,21,ACTACCATAGCTTATACTAG,0,586081
araCp,0.045454545454545456,21,21,ACGTATCGGCACGAAAGTCG,0,528277
araCp,0.045454545454545456,21,21,ACGGTAAGTCGCCCTCGCCT,0,602598
araCp,0.045454545454545456,21,21,ACGCCAATCAGTACTGGCGC,0,591442
araCp,0.045454545454545456,21,21,ACGACCGTTGGATGAACTGG,0,555142
araCp,0.045454545454545456,21,21,ACCAGAGCATTACAGAGTGA,0,585890
araCp,0.045454545454545456,21,21,ACCACGTAAGCGTATCCGAG,0,564191
araCp,0.045454545454545456,21,21,ACCAAGGGTGCTACTTAGGA,0,598232
araCp,0.045454545454545456,21,21,ACATCCTGTAGGAACTCTAA,0,571546
araCp,0.045454545454545456,21,21,ACATAACCGCAGTGCAATAA,0,602959
araCp,0.045454545454545456,21,21,ACAGGTAACACGACTCGGAA,0,578054
araCp,0.045454545454545456,21,21,ACAGAAATCAGAGTAGAGTC,0,537898
araCp,0.045454545454545456,21,21,ACACTAAATAGAGCTGTCAT,0,586587
araCp,0.045454545454545456,21,21,ACAAGCTCGTTCATTCAAGT,0,527059
araCp,0.045454545454545456,21,21,AATTAGGCGTCTCAGAAACC,0,580025
araCp,0.045454545454545456,21,21,AATGGGTCAGGGCGTGCCTC,0,562540
araCp,0.045454545454545456,21,21,AATGGGGACACGCCGTTGTT,0,576096
araCp,0.045454545454545456,21,21,AAGTCGTACTCATGACAGGC,0,578154
araCp,0.045454545454545456,21,21,AAGGTGAAGATTCAGCAGTA,0,599384
araCp,0.045454545454545456,21,21,AACGGCAGGTAATGATCCCG,0,600437
araCp,0.045454545454545456,21,21,AACCTGACGAGAAAAGATTT,0,536489
araCp,0.045454545454545456,21,21,AACCGTGCACGTGGGCCGAC,0,553037
araCp,0.045454545454545456,21,21,AACAGCTAGATTGGAACTCG,0,601104
araCp,0.045454545454545456,21,21,AAATCGGGTTGTCACATCCA,0,550640
araCp,0.045454545454545456,21,21,AAAGTACCCTGAATCGAAAA,0,541721
araCp,0.045454545454545456,21,21,AAACACCATACGCACGAGAA,0,551394
araCp,0.045454545454545456,21,21,AAAAGTTCGAGGCCGTATCG,0,538201
araCp,0.047619047619047616,20,20,TTTTCTCCGAATCTCTAACT,0,588902
araCp,0.047619047619047616,20,20,TTTTAGTTGCTAGTGCAGAG,0,538576
araCp,0.047619047619047616,20,20,TTTGAGGAAGTTGGGAATGA,0,571721
araCp,0.047619047619047616,20,20,TTTGACAGCTATTCCAATGC,0,527959
araCp,0.047619047619047616,20,20,TTTATTGCGTCCGCATTACT,0,568346
araCp,0.047619047619047616,20,20,TTTACCGTCGCATCCGATAA,0,582843
araCp,0.047619047619047616,20,20,TTTAACGAAGTAGTAACCTA,0,594685
araCp,0.047619047619047616,20,20,TTTAAACCTGCATACTGATG,0,583056
araCp,0.047619047619047616,20,20,TTGTTACAGCAATATAGTCT,0,575109
araCp,0.047619047619047616,20,20,TTGTCCCTTATGAGGGTACT,0,532878
araCp,0.047619047619047616,20,20,TTGTCAGTGCAAGCTTTCTT,0,595159
araCp,0.047619047619047616,20,20,TTGCAGGAGATATCTCCGGG,0,545203
araCp,0.047619047619047616,20,20,TTGATGTCCAAAATACCGTC,0,540627
araCp,0.047619047619047616,20,20,TTGAGGGTATCCGGGGCTAC,0,555947
araCp,0.047619047619047616,20,20,TTGACCCGTTAGCTTCAGCT,0,535294
araCp,0.047619047619047616,20,20,TTCGCTTCCTGATCCCGTCA,0,546184
araCp,0.047619047619047616,20,20,TTCCGGGAAAGTGCATTCCT,0,572551
araCp,0.047619047619047616,20,20,TTCAGTAATTGGGAAAATCT,0,582316
araCp,0.047619047619047616,20,20,TTCAGGGTACAAGCTGGCTA,0,526881
araCp,0.047619047619047616,20,20,TTACCCGAGGCCGAAGGCGT,0,553301
araCp,0.047619047619047616,20,20,TGTGTGGTGTGAGTTTCAAG,0,535957
araCp,0.047619047619047616,20,20,TGTCCCGAAGGAGGCGGCCA,0,570996
araCp,0.047619047619047616,20,20,TGGTTCGGGAGATCAAGTAA,0,594277
araCp,0.047619047619047616,20,20,TGGGGAACTTGAATCTAAAT,0,555902
araCp,0.047619047619047616,20,20,TGGCAACGCTACCACCAGAA,0,599992
araCp,0.047619047619047616,20,20,TGCTGGTCCGCCGCCGATGA,0,549904
araCp,0.047619047619047616,20,20,TGCGGCGGTTCGCGGTGGGG,0,549363
araCp,0.047619047619047616,20,20,TGAGGGTTTCAGATACATGC,0,530673
araCp,0.047619047619047616,20,20,TGACTCTAGTCCTTTTACGA,0,601170
araCp,0.047619047619047616,20,20,TGAAGGTACAAACGTTGGCC,0,555823
araCp,0.047619047619047616,20,20,TCTGGGGACCGCACGCCCTG,0,542948
araCp,0.047619047619047616,20,20,TCTGCTATTTTCAGGACTCT,0,560716
araCp,0.047619047619047616,20,20,TCTCGGCGCATGTCACGTTT,0,577782
araCp,0.047619047619047616,20,20,TCGGCGATTCATGCTACAGG,0,538496
araCp,0.047619047619047616,20,20,TCGATGAAGCTTAAAGCTTT,0,549881
araCp,0.047619047619047616,20,20,TCGAGGAATAAGTCCCCAGT,0,585909
araCp,0.047619047619047616,20,20,TCCTGCTTTTCGAGACTCGT,0,568584
araCp,0.047619047619047616,20,20,TCCTGAATGCATTCTGCTCC,0,557368
araCp,0.047619047619047616,20,20,TCCCTCGAGTCCATTGGTCT,0,582104
araCp,0.047619047619047616,20,20,TCCATGAAGCTTGATTAGTC,0,568749
araCp,0.047619047619047616,20,20,TCATTCGAGTATTGTTTGGA,0,587428
araCp,0.047619047619047616,20,20,TCAGCGGACGGCGCTCGATA,0,561045
araCp,0.047619047619047616,20,20,TCAGACCAATCTGAGAAGTG,0,574021
araCp,0.047619047619047616,20,20,TCAATTATTAAGCTGGTCAG,0,565197
araCp,0.047619047619047616,20,20,TCAAGCATGACTGGCCCACA,0,570015
araCp,0.047619047619047616,20,20,TCAAATTAAGGAGTGCCTCA,0,581158
araCp,0.047619047619047616,20,20,TATTCATAAGAATCTCCAAG,0,586790
araCp,0.047619047619047616,20,20,TATAGTAAAGCCGCCGTTTG,0,568673
araCp,0.047619047619047616,20,20,TAGGGGTGTTGAGTATTCAG,0,598209
araCp,0.047619047619047616,20,20,TAGCGGTCCAAGCTCGGAAG,0,567444
araCp,0.047619047619047616,20,20,TAGCGGGTCCGATTAGAGGC,0,537024
araCp,0.047619047619047616,20,20,TACTTGTCCGGATGCCGGAG,0,558908
araCp,0.047619047619047616,20,20,TACCGCAGTCAGCTACAGAA,0,583466
araCp,0.047619047619047616,20,20,TACATAAGGTGGGGGGCCCT,0,575945
araCp,0.047619047619047616,20,20,TAATGTCGGGCAGGATGAAA,0,557229
araCp,0.047619047619047616,20,20,TAAGTCTGGGTATTGCCTCA,0,545719
araCp,0.047619047619047616,20,20,TAAGCTAAAGTGTTCTCATA,0,545898
araCp,0.047619047619047616,20,20,TAACGGAAGTTTTATAGGTT,0,550864
araCp,0.047619047619047616,20,20,GTTTTCATATTGCATTCTGT,0,595479
araCp,0.047619047619047616,20,20,GTCCTGCCTTCCTCGGTCCA,0,558932
araCp,0.047619047619047616,20,20,GTCCGATGGGAATGCTCGAC,0,537883
araCp,0.047619047619047616,20,20,GTACTAGCCTCTACCCCGCT,0,555350
araCp,0.047619047619047616,20,20,GTAAAGAAGCCTTGGTCGAA,0,598079
araCp,0.047619047619047616,20,20,GTAAAACGCAAGAGTAAGGT,0,560057
araCp,0.047619047619047616,20,20,GGTGGATACTAATGCGGTCT,0,556589
araCp,0.047619047619047616,20,20,GGTGGACACACTTTTCAAAG,0,570297
araCp,0.047619047619047616,20,20,GGTCGATACAGAAGTTAGGT,0,570329
araCp,0.047619047619047616,20,20,GGTCAACGCGCAGTTGATGT,0,529251
araCp,0.047619047619047616,20,20,GGGGCCGACGTATCTCTACA,0,564869
araCp,0.047619047619047616,20,20,GGGGACAATTCTGTGCGATT,0,592442
araCp,0.047619047619047616,20,20,GGGCTGATCTTGAAGCGCAA,0,556330
araCp,0.047619047619047616,20,20,GGGATTTCGTACAGGCGTCG,0,557158
araCp,0.047619047619047616,20,20,GGCGCAGCCGTACAGTAGGT,0,589297
araCp,0.047619047619047616,20,20,GGCGAATCTTCAAGCCATAT,0,551519
araCp,0.047619047619047616,20,20,GGATACAGAATGAAAGAGTT,0,538689
araCp,0.047619047619047616,20,20,GGAGTTACCTTAGAGGCAGA,0,531017
araCp,0.047619047619047616,20,20,GGACTGGATCTCAGAGACAT,0,553501
araCp,0.047619047619047616,20,20,GGAATATAAGAGCGGCCCAG,0,548599
araCp,0.047619047619047616,20,20,GGAAGCTCACAAACGTCACT,0,602624
araCp,0.047619047619047616,20,20,GGAAAATCGGACTCGATAAC,0,544210
araCp,0.047619047619047616,20,20,GCTCCAAAGAGTTCCTTGTG,0,555690
araCp,0.047619047619047616,20,20,GCGGCTGCGTTCCGGGTAAA,0,557811
araCp,0.047619047619047616,20,20,GCGCCTCGGCGATTGAAGGT,0,585156
araCp,0.047619047619047616,20,20,GCGAATCGAGGTCATACCGT,0,577089
araCp,0.047619047619047616,20,20,GCCTGTCATTTTAGGTTCGG,0,540336
araCp,0.047619047619047616,20,20,GCCTACATGAAAGTAAGCCT,0,530395
araCp,0.047619047619047616,20,20,GCCGGGGGTGACGCACAACG,0,543201
araCp,0.047619047619047616,20,20,GCCGCTTGTAGCCACCGCCA,0,530955
araCp,0.047619047619047616,20,20,GATTGTCTTTCCGATTTCAG,0,555195
araCp,0.047619047619047616,20,20,GATGGGGCAAGCACCTGGGG,0,541007
araCp,0.047619047619047616,20,20,GATCACCAGACAGGCCGTTC,0,575982
araCp,0.047619047619047616,20,20,GATAATCAGCATGCCCGTAC,0,536698
araCp,0.047619047619047616,20,20,GAGATGCATTGACGGCGCGG,0,569176
araCp,0.047619047619047616,20,20,GAGATATCCACGCTCAGAGA,0,568578
araCp,0.047619047619047616,20,20,GAGACCGGGAATGTTCAGGG,0,581773
araCp,0.047619047619047616,20,20,GACTGCATTGGAGTCCTGTG,0,603356
araCp,0.047619047619047616,20,20,GACGGATGAGACCTCGCCCA,0,537711
araCp,0.047619047619047616,20,20,GAATTGGTCGGGACATTTTA,0,569146
araCp,0.047619047619047616,20,20,GAACGAAATTGACAAGCACA,0,560184
araCp,0.047619047619047616,20,20,GAAATAGGATGTTCGAAGTA,0,586139
araCp,0.047619047619047616,20,20,CTTGGGTAGCGTGTGTGGGA,0,544029
araCp,0.047619047619047616,20,20,CTTGGCGATTAAGTCTCGCA,0,596644
araCp,0.047619047619047616,20,20,CTTCGTATTCTTTATTTGGA,0,589202
araCp,0.047619047619047616,20,20,CTGGGAAATGACCAACCCGC,0,575546
araCp,0.047619047619047616,20,20,CTGCAGACGTCCCAGGATCT,0,594912
araCp,0.047619047619047616,20,20,CTGACTGGGCTACCGGGTGG,0,571043
araCp,0.047619047619047616,20,20,CTCTTAGGCTTTCGATGCGA,0,562455
araCp,0.047619047619047616,20,20,CTCTAGCGCAAGTTGTAGGC,0,585201
araCp,0.047619047619047616,20,20,CTCGGCTAGGACGCCCGAGG,0,543898
araCp,0.047619047619047616,20,20,CTCCATGTTCTTCGTGGTCT,0,563542
araCp,0.047619047619047616,20,20,CTATATCAAGGCAGAGTCGG,0,536784
araCp,0.047619047619047616,20,20,CTAGCCTATGGACCGAGCGA,0,536374
araCp,0.047619047619047616,20,20,CTAGAATCAATTGATACTCT,0,530629
araCp,0.047619047619047616,20,20,CTAAAAGATGTTAGAGGCAT,0,555761
araCp,0.047619047619047616,20,20,CGTGCAGAAGGCAGTCATGT,0,547448
araCp,0.047619047619047616,20,20,CGTCTCTCGGCTTCCATCTC,0,573378
araCp,0.047619047619047616,20,20,CGTCATGATGTTTGGAGTTG,0,543251
araCp,0.047619047619047616,20,20,CGGTGATTAGGCAAAGGTTA,0,591402
araCp,0.047619047619047616,20,20,CGGTGAACGTCCGTGTGAAG,0,590881
araCp,0.047619047619047616,20,20,CGGGGATACACATTCTGCGT,0,597839
araCp,0.047619047619047616,20,20,CGGATGGTCACCTCTTTATT,0,546194
araCp,0.047619047619047616,20,20,CGGATCACGGTCCCTCAACC,0,601613
araCp,0.047619047619047616,20,20,CGGAGAGTGTCCGATCAGGC,0,551245
araCp,0.047619047619047616,20,20,CGGAAAATTCCGATCGGAAA,0,577696
araCp,0.047619047619047616,20,20,CGCTTGTCATGTCGGCGTAC,0,563221
araCp,0.047619047619047616,20,20,CGCATGCATACGGGTACTGT,0,585559
araCp,0.047619047619047616,20,20,CGCAGATGATTTAGAAGGGA,0,552166
araCp,0.047619047619047616,20,20,CGCAGAGCTGTACTCCTCGT,0,535371
araCp,0.047619047619047616,20,20,CGAGCAGCATTAGTATTTGT,0,548552
araCp,0.047619047619047616,20,20,CGAGAAGGTGTGTACATCAA,0,567236
araCp,0.047619047619047616,20,20,CGACCTCAATATTGAGTGAT,0,595658
araCp,0.047619047619047616,20,20,CCTTAGGTTTTACCACGCCG,0,535715
araCp,0.047619047619047616,20,20,CCTATTAGTGCGGTGTGTCC,0,532967
araCp,0.047619047619047616,20,20,CCTAGGGCCAGACCATAACT,0,586686
araCp,0.047619047619047616,20,20,CCTAAGCCCTTTGGCTCAAT,0,541606
araCp,0.047619047619047616,20,20,CCGTCAGGTAGTGGGTGTGA,0,556476
araCp,0.047619047619047616,20,20,CCGGTGGATTCTTCATGGGA,0,577974
araCp,0.047619047619047616,20,20,CCGGAGTGAAGACAGAACCT,0,555429
araCp,0.047619047619047616,20,20,CCGATAGGGGGCCATACCAA,0,568217
araCp,0.047619047619047616,20,20,CCCTTCATAAGGAGAGAAAC,0,575181
araCp,0.047619047619047616,20,20,CCCTAGATCTCGTCATAAGT,0,591405
araCp,0.047619047619047616,20,20,CCCGGGATTGACGGATTCGG,0,567611
araCp,0.047619047619047616,20,20,CCCCTTGAACCCATTTAAAA,0,532664
araCp,0.047619047619047616,20,20,CCCCCTAAAACTAGGCTCAA,0,586140
araCp,0.047619047619047616,20,20,CCCCACCGGCCAGTGATTTT,0,531041
araCp,0.047619047619047616,20,20,CCCAAGGGCTGTAGGAACAG,0,542854
araCp,0.047619047619047616,20,20,CCCAAGAGCGTCGTTCGTAT,0,540883
araCp,0.047619047619047616,20,20,CCAGTGAGATAGCGATGACT,0,525740
araCp,0.047619047619047616,20,20,CCAGTCCGTGAGCATCAACC,0,544133
araCp,0.047619047619047616,20,20,CCAGAACAAAAAGGCCACCT,0,532369
araCp,0.047619047619047616,20,20,CCACCATAGGCCGCCTTTAC,0,530735
araCp,0.047619047619047616,20,20,CCAACACGGTCAGGCCAATT,0,579886
araCp,0.047619047619047616,20,20,CATGCGACTGGTGGTAGCTA,0,598449
araCp,0.047619047619047616,20,20,CATCGGACCGTCAAAGTAGT,0,553889
araCp,0.047619047619047616,20,20,CAGGTTTCTCCAATTGGATG,0,533524
araCp,0.047619047619047616,20,20,CAGGGGTATCGTGGTCACCA,0,539999
araCp,0.047619047619047616,20,20,CAGGGAGTACCGAAGAACGT,0,583730
araCp,0.047619047619047616,20,20,CAGGCCTGAGTAACCACTTC,0,541981
araCp,0.047619047619047616,20,20,CAGCGGACGATTTTTGACCT,0,575115
araCp,0.047619047619047616,20,20,CAGAACCCATTTTCAGAGGT,0,598377
araCp,0.047619047619047616,20,20,CACATGTTGTTCAAGCTATG,0,526928
araCp,0.047619047619047616,20,20,CACAAACTCCGGGATCAGCG,0,536766
araCp,0.047619047619047616,20,20,CAAGTCGGCCGACGCGCCTT,0,532162
araCp,0.047619047619047616,20,20,CAAGGCCTCGGTACGATTAA,0,564053
araCp,0.047619047619047616,20,20,ATTCGCTTCCGAGCTAGGAA,0,601028
araCp,0.047619047619047616,20,20,ATGTGAATAGGGGTTTAACT,0,537271
araCp,0.047619047619047616,20,20,ATGTAAGCTGGGAGGCCACG,0,558477
araCp,0.047619047619047616,20,20,ATGATTATCTTTATGAGGCA,0,533644
araCp,0.047619047619047616,20,20,ATGAATAACGGGCCGCCGGT,0,534294
araCp,0.047619047619047616,20,20,ATGAAGCAAGGTTAGGTTTT,0,572633
araCp,0.047619047619047616,20,20,ATCCAGGCACCCATGGCAAT,0,533341
araCp,0.047619047619047616,20,20,ATAGTCTTTTAGATATGACC,0,578318
araCp,0.047619047619047616,20,20,ATACTGCATGACGGACGGCC,0,558899
araCp,0.047619047619047616,20,20,AGTTCTTGTGTATACTTTCA,0,531751
araCp,0.047619047619047616,20,20,AGTGACCGGGGGTGATGTAC,0,550027
araCp,0.047619047619047616,20,20,AGGGTAGACGGTGAAATCAC,0,601722
araCp,0.047619047619047616,20,20,AGCTGCGTCTAACGACCTGT,0,555628
araCp,0.047619047619047616,20,20,AGCGGAGCGGTTCAGCCCCG,0,540769
araCp,0.047619047619047616,20,20,AGCCTGGAGTGTCAAACATA,0,545396
araCp,0.047619047619047616,20,20,AGCCATATATGAGCGCCATC,0,552686
araCp,0.047619047619047616,20,20,AGATGGCGTACGTACTGAAT,0,573288
araCp,0.047619047619047616,20,20,AGATATGAAAGGGAGTTCGG,0,574504
araCp,0.047619047619047616,20,20,AGATAAGTTAGCCAAGGCAT,0,592111
araCp,0.047619047619047616,20,20,AGAGACGGCTTGCTGGTTAT,0,582301
araCp,0.047619047619047616,20,20,ACTTGTAGCAGTAGTCAAGG,0,590754
araCp,0.047619047619047616,20,20,ACTGGATACACAGCCAAGGA,0,591160
araCp,0.047619047619047616,20,20,ACGGGATGGTCTGCTAACAT,0,554884
araCp,0.047619047619047616,20,20,ACGGCCGGTCCTCGTACGTT,0,544458
araCp,0.047619047619047616,20,20,ACGCATCTTGTGGTGGCCGA,0,532605
araCp,0.047619047619047616,20,20,ACGACGTACCATACCAGAGT,0,546729
araCp,0.047619047619047616,20,20,ACCGTTCCTTACCATACGGT,0,569216
araCp,0.047619047619047616,20,20,ACATGCCCCGGGTAGGTTGC,0,537502
araCp,0.047619047619047616,20,20,ACATCCGACAAAACCTTTGA,0,562932
araCp,0.047619047619047616,20,20,ACAGCATTTTACTGCCCGTA,0,596215
araCp,0.047619047619047616,20,20,ACACACCTAACGAGGCCATA,0,576412
araCp,0.047619047619047616,20,20,AATTTCTACATACGTGGATA,0,546528
araCp,0.047619047619047616,20,20,AATGCACGGTCGCGCCAGTT,0,532964
araCp,0.047619047619047616,20,20,AATGAGTCTGAATAATCTCG,0,600074
araCp,0.047619047619047616,20,20,AATATCTCAGGAGTGCGTAG,0,535083
araCp,0.047619047619047616,20,20,AATATAGTACCGGTACATGT,0,573116
araCp,0.047619047619047616,20,20,AAGGCCTAGACGTTCCCAGG,0,591890
araCp,0.047619047619047616,20,20,AAGCAGCGTCGCGGATGTTC,0,574626
araCp,0.047619047619047616,20,20,AACTGGGAAGATATGCTTCG,0,602396
araCp,0.047619047619047616,20,20,AACGTTTAGGCTCTTGTTCT,0,573874
araCp,0.047619047619047616,20,20,AACGCTGGCTCATCTTTAAC,0,529635
araCp,0.047619047619047616,20,20,AAATGACACTGTGAGGGCAA,0,553685
araCp,0.047619047619047616,20,20,AAAGCTTGTATGTGAGGGCA,0,528299
araCp,0.05,19,19,TTTTTTATTACGTTGCGTTA,0,600243
araCp,0.05,19,19,TTTTGTGTTTAAGTGAGGCT,0,555252
araCp,0.05,19,19,TTTGCCCACCTTATCTTAAG,0,568353
araCp,0.05,19,19,TTGTTGCGATGAGATGAAGT,0,554474
araCp,0.05,19,19,TTGAGTACCGACACATCCTG,0,562356
araCp,0.05,19,19,TTGACGCCGTTGGCGGTAGA,0,597514
araCp,0.05,19,19,TTGAATTTCTAAGCCGCTTA,0,546868
araCp,0.05,19,19,TTCTGTTTCATTATTTCGTC,0,532551
araCp,0.05,19,19,TTCTCTGCGAGCCTGAGACG,0,583676
araCp,0.05,19,19,TTAAGTAAAGGGACATCCAT,0,527080
araCp,0.05,19,19,TGTTTGGGTTGTAGTGGGTG,0,568220
araCp,0.05,19,19,TGTGCCATGTTGTTTGATAT,0,548495
araCp,0.05,19,19,TGTGAATATGGCGCACTATT,0,544495
araCp,0.05,19,19,TGTACGCCGGGTCACAGACA,0,562599
araCp,0.05,19,19,TGGTTGGATATCCCGTTTGG,0,545979
araCp,0.05,19,19,TGGTTATTTGCCGAAGGAGT,0,550764
araCp,0.05,19,19,TGGTTAGAAGTACTTGACTC,0,550286
araCp,0.05,19,19,TGGGGCTAGGTTAGTCGGCG,0,530945
araCp,0.05,19,19,TGGCTCGCCAATATTAAACT,0,584827
araCp,0.05,19,19,TGGAGGCGCTTGGCCCAGCA,0,602656
araCp,0.05,19,19,TGGACGTACAGAATACTCAG,0,590334
araCp,0.05,19,19,TGCCTCTCCCGGTGCTAGTT,0,597667
araCp,0.05,19,19,TGCAGGTCGTGTCGTTTTCA,0,539774
araCp,0.05,19,19,TGCAAGCTTATACTGTCGGC,0,558267
araCp,0.05,19,19,TGATGCGGCAGGAGCAGGGT,0,601904
araCp,0.05,19,19,TGAGTCATAAATCAGAAGAA,0,578972
araCp,0.05,19,19,TGAATCGTACGCCAGTACTC,0,539432
araCp,0.05,19,19,TGAACCAACCGAATAGGCTA,0,529601
araCp,0.05,19,19,TCTCAGTGGGCCATGGATGA,0,569841
araCp,0.05,19,19,TCTAGAGAGCTTGTTCAAGG,0,547881
araCp,0.05,19,19,TCTAATCGATGTTCATTGAC,0,601219
araCp,0.05,19,19,TCCCATAGGGTGAATTCTGT,0,537035
araCp,0.05,19,19,TCCAATGAAAGTTAACTTAA,0,528534
araCp,0.05,19,19,TCCAAGACAACGGGATAGGG,0,601491
araCp,0.05,19,19,TCACAGATTTGCCCGTATAT,0,546160
araCp,0.05,19,19,TCAATGGAGTATCAGCGTCC,0,560132
araCp,0.05,19,19,TATTCTTACATAGTGCCCTA,0,577197
araCp,0.05,19,19,TATTATCGACATTGCCCGGC,0,576151
araCp,0.05,19,19,TATCCGATACGTCTCGTCAT,0,569428
araCp,0.05,19,19,TAGGTCCTAAACGAGCACAC,0,586585
araCp,0.05,19,19,TAGGGAAACCCCACTCCTAA,0,560807
araCp,0.05,19,19,TAGGACCCGGCATGACACTT,0,566258
araCp,0.05,19,19,TAGATTAGAGGCCCGTATAT,0,541610
araCp,0.05,19,19,TAGAAACCAGTTAACAGCGT,0,580725
araCp,0.05,19,19,TAATGTAGTTATGGCCCCAG,0,593284
araCp,0.05,19,19,TAACAACTCCTTCAAGTAGA,0,545843
araCp,0.05,19,19,GTTTTCTGTAAGCGGTGGCG,0,553417
araCp,0.05,19,19,GTTGCAGCTCCCGATGCACG,0,595657
araCp,0.05,19,19,GTGGTGAGTCGTCCCCACCA,0,574454
araCp,0.05,19,19,GTGACTATAGGCATGCACTG,0,586489
araCp,0.05,19,19,GTATCCAGTGGTGTACTTCA,0,561881
araCp,0.05,19,19,GTAGGCCAAAAGCCTTATAC,0,527019
araCp,0.05,19,19,GTAGCATGCGACCCGTGTAG,0,567682
araCp,0.05,19,19,GTAACGGCCGGTTCCCGCAA,0,595483
araCp,0.05,19,19,GGGTGGCCATTTTCGTCGCC,0,531644
araCp,0.05,19,19,GGGTCTCTATAAGACAGCTA,0,571902
araCp,0.05,19,19,GGGGACAGTCTACAGTTCGA,0,540166
araCp,0.05,19,19,GGGCCGACGCAGCACGTGCC,0,526740
araCp,0.05,19,19,GGGCAGTAGCCACTGGAACA,0,589274
araCp,0.05,19,19,GGCTTTAATCAGGGCGAGGA,0,583793
araCp,0.05,19,19,GGCTGGAAATTGAGCAATGC,0,527679
araCp,0.05,19,19,GGCTACTGTGGCTTGGTCAC,0,589799
araCp,0.05,19,19,GGCGACTGAAATACGCGCCT,0,591956
araCp,0.05,19,19,GGCACTTCTCAAGCCTGTCA,0,544108
araCp,0.05,19,19,GGCACTCGTATCGAGCGCTT,0,566644
araCp,0.05,19,19,GGACCAGACGATCTTTCTAG,0,547904
araCp,0.05,19,19,GGAATAATTCGCCGTGTATA,0,572593
araCp,0.05,19,19,GGAAATGGGTATTCTGTCCG,0,599597
araCp,0.05,19,19,GGAAACTTTATGCATGTGGT,0,536407
araCp,0.05,19,19,GCTTTTCGCATATAGCTCTA,0,575462
araCp,0.05,19,19,GCTGCGGTATCCAATCGATA,0,592996
araCp,0.05,19,19,GCTATAATGGTTGCTTTTTT,0,558898
araCp,0.05,19,19,GCGTCCATGTGGCAAGAAAT,0,578136
araCp,0.05,19,19,GCGGACGAGGTTGCGCTGGG,0,558269
araCp,0.05,19,19,GCCCGGGTAATCCGGGATAA,0,565842
araCp,0.05,19,19,GCAAACATCATGGTCAGGAA,0,576950
araCp,0.05,19,19,GATTTCCGCCGCATACCGGC,0,574036
araCp,0.05,19,19,GATGGCGCTTATCAGCCGGC,0,552453
araCp,0.05,19,19,GATAGGGGAAGAATTTCGTG,0,556343
araCp,0.05,19,19,GAGTCTTACGATAGACGCTT,0,549959
araCp,0.05,19,19,GAGGTAACGACGACACCGCA,0,582841
araCp,0.05,19,19,GAGGGCACTCTGTTCTGGTC,0,569297
araCp,0.05,19,19,GAGCCTGGGGCGTCTGTTAG,0,586217
araCp,0.05,19,19,GAGCCGCGAGGATCGTCTCA,0,555220
araCp,0.05,19,19,GACTCAAACGACAACCGGCA,0,529494
araCp,0.05,19,19,GAACCCCCGATACAAAAGTT,0,569958
araCp,0.05,19,19,GAAACTATTGTGCAAGCGGA,0,542364
araCp,0.05,19,19,CTTGTTGATTTTATCAATGA,0,551244
araCp,0.05,19,19,CTTGTACCCACCTACAATAT,0,530148
araCp,0.05,19,19,CTTATAAAAACGTGGTAAGT,0,531610
araCp,0.05,19,19,CTGTGGGCCTACACTGACCA,0,550026
araCp,0.05,19,19,CTGGTGGATCCCACAGCCTT,0,563075
araCp,0.05,19,19,CTGCCGTATACATGAGGAGA,0,536551
araCp,0.05,19,19,CTGAAGCGTTGTACCCGTTG,0,563124
araCp,0.05,19,19,CTCTTTCGGGTAGTTCCTGC,0,526613
araCp,0.05,19,19,CTCTGCTGTTCGTACTCCAG,0,556940
araCp,0.05,19,19,CTCGGTGATTAACGTATGAT,0,547449
araCp,0.05,19,19,CTCCGACGACTCTGTTCGGG,0,564553
araCp,0.05,19,19,CTAGCGACCAGTGGACGTTA,0,587723
araCp,0.05,19,19,CGTGTATCTGTTATGATGGG,0,577361
araCp,0.05,19,19,CGTGCCCGGAAGGTTGAATG,0,565001
araCp,0.05,19,19,CGGTAGGGATGATCCCTCGG,0,573027
araCp,0.05,19,19,CGGTAATAGTGCTTAACATA,0,563388
araCp,0.05,19,19,CGGGTACGTCCTCAGTAAAT,0,594450
araCp,0.05,19,19,CGGCCACAGGTCAAGGAACA,0,587080
araCp,0.05,19,19,CGCAGTAACAGCTTTCTGCG,0,582139
araCp,0.05,19,19,CGAGTCTATTTCGTACCAGT,0,567395
araCp,0.05,19,19,CGAGAGTCTACACTAGGAAT,0,554328
araCp,0.05,19,19,CGACGTAAGTACGTGTGACT,0,562912
araCp,0.05,19,19,CGAATAGTTAATAGCGGTGA,0,528535
araCp,0.05,19,19,CCTTTGTCGGAACCTACAAT,0,584978
araCp,0.05,19,19,CCTTAGTAATATATTGTACT,0,536165
araCp,0.05,19,19,CCTCTCGGTGGCTACCATTA,0,541732
araCp,0.05,19,19,CCTACGAACCCTTATCAGGT,0,541666
araCp,0.05,19,19,CCGTGCCAATGGGACAATAT,0,581515
araCp,0.05,19,19,CCGTAGAACGCGTTCGGGCT,0,584110
araCp,0.05,19,19,CCGGCGCCGCCTTAGCTCCT,0,597434
araCp,0.05,19,19,CCGATATGACATCGCCGTTA,0,563223
araCp,0.05,19,19,CCGAGGTGCGTCAGGGGCAT,0,575528
araCp,0.05,19,19,CCCGTTAAGTTAGTTTGTGT,0,540635
araCp,0.05,19,19,CCCAAGCCTCATATCACTTC,0,583184
araCp,0.05,19,19,CCATTAAAAAGAGACCGCGG,0,588344
araCp,0.05,19,19,CCATAAATGGTGAGTCCGTC,0,533578
araCp,0.05,19,19,CCAGCTTCAAATACCGTGTG,0,570459
araCp,0.05,19,19,CATGGCTTGGTTCACGCATT,0,563278
araCp,0.05,19,19,CATGCTCGATATGACAGGAC,0,546718
araCp,0.05,19,19,CATACCTGCTAGGTAATTCA,0,569443
araCp,0.05,19,19,CAGTTTGTCCCATAGTCATG,0,555939
araCp,0.05,19,19,CAGGCCGTTTGGACCAAAGC,0,546127
araCp,0.05,19,19,CAGCCAGAGTACCCCCCCTA,0,574278
araCp,0.05,19,19,CAGAATGGGGTGGACAGTCG,0,594785
araCp,0.05,19,19,CAGAAAGTGGTCTCATGGAT,0,533669
araCp,0.05,19,19,CACGCTGTTGTTTCACATGG,0,567811
araCp,0.05,19,19,CACGCGGTTTCAATGTTTGG,0,563554
araCp,0.05,19,19,CACCACTAGCTGTTAAGTCA,0,569916
araCp,0.05,19,19,CACCACATGAGGAGAGGTTG,0,547794
araCp,0.05,19,19,CAAGGCATGGGGGGTAGTGG,0,550835
araCp,0.05,19,19,CAAGCTTGGGTACCGCGCGT,0,549866
araCp,0.05,19,19,CAACAGGTGGCAGTCGAGAG,0,555026
araCp,0.05,19,19,CAAAGCCTCGATGTTATAAT,0,599526
araCp,0.05,19,19,ATTTTATGCTTGTAGGCTCA,0,534902
araCp,0.05,19,19,ATTGGTCCCGGTCACTTAAA,0,566267
araCp,0.05,19,19,ATTGCAAGAGGATACGAAAC,0,594706
araCp,0.05,19,19,ATTCGAATGCTCGCAAGTGA,0,541744
araCp,0.05,19,19,ATGTCAAGGACAGACTCGTT,0,596893
araCp,0.05,19,19,ATGCATTTAGACCTTTCTCT,0,531746
araCp,0.05,19,19,ATGAGCCCGTTACTATGGGT,0,565419
araCp,0.05,19,19,ATCTGGAGAGGCATATTTCA,0,568206
araCp,0.05,19,19,ATCTGGAAGAGCGGAAGGTG,0,547664
araCp,0.05,19,19,ATCGGAGTCGAGCAAAACTT,0,577621
araCp,0.05,19,19,ATCCGAACAAGAGACGGTGC,0,546348
araCp,0.05,19,19,ATATCGGGCGGATTCCTTAA,0,553249
araCp,0.05,19,19,ATACAATTCTGTTCGCAACA,0,590777
araCp,0.05,19,19,ATAAATAAGGAGCACTAGAG,0,549665
araCp,0.05,19,19,AGTGGTCCTCCGCTTGCCTG,0,576246
araCp,0.05,19,19,AGGTCAATGTAGGAGAACAT,0,548666
araCp,0.05,19,19,AGGGCCTGTGTAAGCCACAG,0,569346
araCp,0.05,19,19,AGGCCTAGAAACAGATGGAA,0,562776
araCp,0.05,19,19,AGGAGATTCAGACGCCGGCA,0,602460
araCp,0.05,19,19,AGGACTTGTGTACCGTCTCA,0,542241
araCp,0.05,19,19,AGCGCGAGCATCTGGCCAGA,0,530730
araCp,0.05,19,19,AGCCCTCAGCACGGTTCGCA,0,548444
araCp,0.05,19,19,AGCATGATGGGAACAAAGGT,0,595350
araCp,0.05,19,19,AGCACAGGCGGCACCAAGCG,0,600329
araCp,0.05,19,19,AGATTAAAGGACACATTAAA,0,533974
araCp,0.05,19,19,AGAGTCTGATGTCATACTGT,0,525883
araCp,0.05,19,19,AGAGGGACTACCAGTGACGT,0,549037
araCp,0.05,19,19,AGAGCGGGTTGGCCGTAGAA,0,579712
araCp,0.05,19,19,AGAGACTTACAAGCATACGT,0,583685
araCp,0.05,19,19,ACTTATGCCAATGCGTTGTG,0,544626
araCp,0.05,19,19,ACTCGCGACATCTTATCGTT,0,562716
araCp,0.05,19,19,ACTCAGGCTGTTAAGTGTTG,0,537584
araCp,0.05,19,19,ACGTTGTGTCAGTATCACCA,0,567723
araCp,0.05,19,19,ACGTTCGATACAGCAGAAAA,0,562277
araCp,0.05,19,19,ACGTCATAGTTGGGTGAGGA,0,589881
araCp,0.05,19,19,ACGCATTAGTGCACAAGCAT,0,587298
araCp,0.05,19,19,ACGATACGCGCGTGAAGGAC,0,579404
araCp,0.05,19,19,ACCTGGCTGAAACGCCGTGT,0,566855
araCp,0.05,19,19,ACCGTCAGATTAGAAGCAAG,0,576045
araCp,0.05,19,19,ACCCATGTTAGAGTACGTGT,0,567997
araCp,0.05,19,19,ACCACGTCTAGGGCTACGCT,0,599086
araCp,0.05,19,19,ACACATTACAAGTAACTGTC,0,603283
araCp,0.05,19,19,ACACAACTTCAAACGGGCGT,0,580939
araCp,0.05,19,19,ACAAGCAGTAAAACCGGGAT,0,532549
araCp,0.05,19,19,AATGGTCTGTGGTCACTAGA,0,547058
araCp,0.05,19,19,AATCGCCTGGGTGTGGAAGA,0,534231
araCp,0.05,19,19,AATCAGTGCTGCGCTACGGT,0,560968
araCp,0.05,19,19,AAGTCTGGCAAGGGCGAGGA,0,574273
araCp,0.05,19,19,AAGTCGGGACCGATGCAACA,0,601178
araCp,0.05,19,19,AAGTCAGGCATCTCTGATAA,0,575477
araCp,0.05,19,19,AAGTAGCTTAACTCTATACA,0,536974
araCp,0.05,19,19,AAGCTTATCTATATGGAAAT,0,576946
araCp,0.05,19,19,AAGCTCAGGCTTGAAGCAAA,0,555197
araCp,0.05,19,19,AAGCGAAAACTACCTGGTAC,0,556719
araCp,0.05,19,19,AACTCGGCTACAGTGCGGTA,0,536461
araCp,0.05,19,19,AACGAGAATTTCCCTTACTT,0,574866
araCp,0.05,19,19,AACGACAAAAGGTGGATCTT,0,536568
araCp,0.05,19,19,AACCTATCGTTGTATATGGA,0,542036
araCp,0.05,19,19,AACAGGTTGCGGAGACGTAA,0,569579
araCp,0.05,19,19,AAATGGCTCGAAGCCGTCAT,0,541980
araCp,0.05,19,19,AAATCAGTGTCTGGTTCAAA,0,530381
araCp,0.05,19,19,AAAGGTTTTGCGGGTTGATT,0,570700
araCp,0.05,19,19,AAAGCCTCAGGATTGAGGAT,0,542849
araCp,0.05,19,19,AAACTTCACGTGAATCTCAA,0,602225
araCp,0.05,19,19,AAACCCCAGATCGGGAGTCT,0,588666
araCp,0.05263157894736842,18,18,TTTGTGTCCACATTAGATAA,0,598567
araCp,0.05263157894736842,18,18,TTTCTTTACAACCTAGTGCC,0,552687
araCp,0.05263157894736842,18,18,TTTCGACTACCCATGGGAGG,0,581579
araCp,0.05263157894736842,18,18,TTTATAAGCACAGGTCGTGC,0,547657
araCp,0.05263157894736842,18,18,TTTACCCAGACGGCCTTAGC,0,580817
araCp,0.05263157894736842,18,18,TTGGCACTTCTAACTATCCA,0,526893
araCp,0.05263157894736842,18,18,TTGGACCGGTGCCGTTGAGT,0,537340
araCp,0.05263157894736842,18,18,TTCCACAGTCCATATAATCT,0,591353
araCp,0.05263157894736842,18,18,TTCACCCAGATGTGGGACAT,0,539377
araCp,0.05263157894736842,18,18,TTCAAATGTTACTCAGCCTT,0,562503
araCp,0.05263157894736842,18,18,TTATGCATCACTGGCGGATA,0,566386
araCp,0.05263157894736842,18,18,TTATCTCTTGATGCTGCGAT,0,554709
araCp,0.05263157894736842,18,18,TTATCAGGGCAGGCGTCAAG,0,600805
araCp,0.05263157894736842,18,18,TGTGAGACGGCGAATCGGAA,0,601268
araCp,0.05263157894736842,18,18,TGTCTGACATAGTACGATAT,0,588559
araCp,0.05263157894736842,18,18,TGTACATAGGTCCCCTCGGA,0,603717
araCp,0.05263157894736842,18,18,TGGTAACGACCGGAGGGGAA,0,587291
araCp,0.05263157894736842,18,18,TGGCCTAGTTAGAGCTCGAC,0,556414
araCp,0.05263157894736842,18,18,TGGATCTGCGGGGCGGTGAT,0,562843
araCp,0.05263157894736842,18,18,TGGAGTCTTATGGGAGGGGT,0,546253
araCp,0.05263157894736842,18,18,TGGAGGTCGGTCTTGGAGCG,0,583770
araCp,0.05263157894736842,18,18,TGGACGCGTGCGGAGAAAAT,0,590011
araCp,0.05263157894736842,18,18,TGGAAAACCACCGGCCAGAA,0,561688
araCp,0.05263157894736842,18,18,TGCTAATTCGAGACCACGCT,0,576705
araCp,0.05263157894736842,18,18,TGCCTCAGCTGGACTACAAT,0,578984
araCp,0.05263157894736842,18,18,TGCCAGTTCCCAACGTCGTA,0,586874
araCp,0.05263157894736842,18,18,TGCATGAACCTTCTAATTAG,0,576457
araCp,0.05263157894736842,18,18,TGATGGAGCTTATGCAATAA,0,599988
araCp,0.05263157894736842,18,18,TGATAGAGATAAGCCGGGTA,0,553761
araCp,0.05263157894736842,18,18,TGAGTCCAGTAAGTCCTATT,0,558260
araCp,0.05263157894736842,18,18,TGACCACGTTGGCCGGTTGT,0,528533
araCp,0.05263157894736842,18,18,TGAACTTTCAAAACACTCAT,0,569142
araCp,0.05263157894736842,18,18,TGAAACATACGACGCAACCA,0,559621
araCp,0.05263157894736842,18,18,TCTTTGACTACCCGTATTAA,0,547012
araCp,0.05263157894736842,18,18,TCTTAAAGTATCTGGCTTGT,0,550424
araCp,0.05263157894736842,18,18,TCTGTCCTCCCGCTTAACGA,0,583747
araCp,0.05263157894736842,18,18,TCTCTCAGTAAGCCAATAAA,0,527741
araCp,0.05263157894736842,18,18,TCGTTAGCGACTACCTATGC,0,562058
araCp,0.05263157894736842,18,18,TCGGGTGGAGCGGTCGCACT,0,593253
araCp,0.05263157894736842,18,18,TCGCGTTCTCTGGTTAAATG,0,560881
araCp,0.05263157894736842,18,18,TCGCGTTAGTTCAGAAATTT,0,586353
araCp,0.05263157894736842,18,18,TCGCCGAGCGACAAGGTTTG,0,568347
araCp,0.05263157894736842,18,18,TCGCCCTTCGGCACGATCCC,0,561606
araCp,0.05263157894736842,18,18,TCGCCATTGCAACTAAAACA,0,575991
araCp,0.05263157894736842,18,18,TCGAGGTGCACCTTTAAGGA,0,551064
araCp,0.05263157894736842,18,18,TCCTTCTTTAATTCATCCTA,0,568463
araCp,0.05263157894736842,18,18,TCCTGCTGGCGTACTATCAA,0,533022
araCp,0.05263157894736842,18,18,TCCTATAATTGACCGGAACA,0,560283
araCp,0.05263157894736842,18,18,TCCCTCGCTATTATGGCCAT,0,537353
araCp,0.05263157894736842,18,18,TCATCTCGCCGGGCACAAGG,0,542668
araCp,0.05263157894736842,18,18,TCAGTATGGTTTTGGGAAAC,0,588391
araCp,0.05263157894736842,18,18,TCAGCGTTCCACACAATGAT,0,531255
araCp,0.05263157894736842,18,18,TCAGATGGCTTCCCTTGTCT,0,550678
araCp,0.05263157894736842,18,18,TCACATCCTACAAGTACACG,0,555138
araCp,0.05263157894736842,18,18,TCACAGTAGTTTGGTGATGC,0,545160
araCp,0.05263157894736842,18,18,TCAATCTGTCTAGCGCAGAG,0,575674
araCp,0.05263157894736842,18,18,TCAAAATCCCCGAACCAGTG,0,571821
araCp,0.05263157894736842,18,18,TATGCTACTAAGCCATAGCG,0,586437
araCp,0.05263157894736842,18,18,TATCGCCGTAGTAACGGACA,0,569198
araCp,0.05263157894736842,18,18,TATAGATCCCGTGGCAGGAC,0,581570
araCp,0.05263157894736842,18,18,TAGTACCGCACATGTTGTTC,0,589598
araCp,0.05263157894736842,18,18,TAGCTGCGCGGCTTTTTTCT,0,557760
araCp,0.05263157894736842,18,18,TAGAGAGTTCGACCGGCGTG,0,537523
araCp,0.05263157894736842,18,18,TACCCCCGATCCGAGCTGGA,0,549127
araCp,0.05263157894736842,18,18,TAAGATCATAACGTACGCGC,0,584840
araCp,0.05263157894736842,18,18,TAACTATCTGATCCTTCTGC,0,562603
araCp,0.05263157894736842,18,18,TAACTACAGACACTGTTATC,0,580993
araCp,0.05263157894736842,18,18,TAACCTGATAGGCAACAAAT,0,583643
araCp,0.05263157894736842,18,18,TAACATGGATGTGAATCCTA,0,551265
araCp,0.05263157894736842,18,18,GTTTTTCATACGTAAGAACT,0,543064
araCp,0.05263157894736842,18,18,GTTGGTAGCAAGGAAAGAAG,0,579356
araCp,0.05263157894736842,18,18,GTTGGGAAGGGATTTTCATG,0,592919
araCp,0.05263157894736842,18,18,GTTATATTTACTCTCAATCG,0,595563
araCp,0.05263157894736842,18,18,GTCACCAACTGTATAACAGC,0,590282
araCp,0.05263157894736842,18,18,GTATGTCATACGCACCACGC,0,598424
araCp,0.05263157894736842,18,18,GTACTCCTGAAACATTACGT,0,591467
araCp,0.05263157894736842,18,18,GTACGACAGATTAACGTTAG,0,570287
araCp,0.05263157894736842,18,18,GTAAGTCAATACCACTAACT,0,538984
araCp,0.05263157894736842,18,18,GTAAAAGTAGGTTCGTATGT,0,546692
araCp,0.05263157894736842,18,18,GGTCTGTGTAATTTAGGGAC,0,529460
araCp,0.05263157894736842,18,18,GGTCTCGACTTTATTGATCT,0,576157
araCp,0.05263157894736842,18,18,GGTCCGTGGCCACAAGACAG,0,583233
araCp,0.05263157894736842,18,18,GGTCCACTGCGTGACGCATA,0,554064
araCp,0.05263157894736842,18,18,GGGTTTTGCGCACAATCAAG,0,550673
araCp,0.05263157894736842,18,18,GGGTTGGATATTACGTCTTC,0,556451
araCp,0.05263157894736842,18,18,GGGTCGATCTCCAGCGTGAT,0,535561
araCp,0.05263157894736842,18,18,GGGCCACAGCTATACATGAG,0,586680
araCp,0.05263157894736842,18,18,GGGAAGGTCGCCAGGCAGGC,0,569416
araCp,0.05263157894736842,18,18,GGCTGTGCTTCTTTCCGGAG,0,601384
araCp,0.05263157894736842,18,18,GGCAATGATGCTGTCTACCG,0,598151
araCp,0.05263157894736842,18,18,GGATCTGTTCCTATACTCGA,0,548596
araCp,0.05263157894736842,18,18,GGACAGATGAAAAGTTTTGC,0,545904
araCp,0.05263157894736842,18,18,GCTTCCGAAGCGCCCTATCC,0,562511
araCp,0.05263157894736842,18,18,GCTGAGAAGCACTATCGAAT,0,591340
araCp,0.05263157894736842,18,18,GCGCTTTTCCATTCTAAGAA,0,549885
araCp,0.05263157894736842,18,18,GCGCACTAATCGCTCCTGAA,0,595848
araCp,0.05263157894736842,18,18,GCGATGCACTGGCGTGTAGC,0,583320
araCp,0.05263157894736842,18,18,GCCTCTGCTGTTCGAAGTGC,0,543848
araCp,0.05263157894736842,18,18,GCCGTTGAAGCCTGGGATTT,0,598579
araCp,0.05263157894736842,18,18,GCCGGCCGACCAGGAATCTA,0,543164
araCp,0.05263157894736842,18,18,GCCCGCTTGGGTACGAAGTT,0,568187
araCp,0.05263157894736842,18,18,GCCAGTAGGCGGAGGTGCGG,0,586088
araCp,0.05263157894736842,18,18,GCCAAGCAATAGAATTCCCA,0,530502
araCp,0.05263157894736842,18,18,GCAGTGAGCTGGTTTCCGTT,0,542912
araCp,0.05263157894736842,18,18,GCAGGGGATGTGGTCAATGC,0,535474
araCp,0.05263157894736842,18,18,GATGGTCCAAAACTTGAGCT,0,572990
araCp,0.05263157894736842,18,18,GATGATTCCGTGGGGGATAG,0,567608
araCp,0.05263157894736842,18,18,GATCAGAAAAGATGGTCAGA,0,575291
araCp,0.05263157894736842,18,18,GATAATTCACAACCTCAGTC,0,537152
araCp,0.05263157894736842,18,18,GAGGTGCAATCGACATGCAT,0,584438
araCp,0.05263157894736842,18,18,GAGGGATTTGTAGCTTAGAT,0,572483
araCp,0.05263157894736842,18,18,GAGGCGATTGGTGTATAGCG,0,552356
araCp,0.05263157894736842,18,18,GAGAGTGTCACCGAAGGTGT,0,527438
araCp,0.05263157894736842,18,18,GAGACTAGGTAGATCCGGTA,0,583882
araCp,0.05263157894736842,18,18,GAGAAATGGAGGTAGGGCGG,0,574820
araCp,0.05263157894736842,18,18,GACGTGAGTGGGGTAGTGGA,0,597740
araCp,0.05263157894736842,18,18,GACCAGAGACAAATTCCCAG,0,568682
araCp,0.05263157894736842,18,18,GACACTATTACGTCCGTCTC,0,594627
araCp,0.05263157894736842,18,18,GAATAATGTTTTTCCAACAG,0,560971
araCp,0.05263157894736842,18,18,GAATAATGCCCGAGCTGTTG,0,538431
araCp,0.05263157894736842,18,18,GAAGTCGGGTAATAGCGAAC,0,559658
araCp,0.05263157894736842,18,18,GAACTTTACCCACTATATAA,0,596519
araCp,0.05263157894736842,18,18,GAAAGTGCGAGGGTAACGAT,0,563209
araCp,0.05263157894736842,18,18,GAAAGTGCCTGCGTTAGGTT,0,573873
araCp,0.05263157894736842,18,18,GAAAGGCAGGCATCATCTGA,0,556605
araCp,0.05263157894736842,18,18,GAAAAAAATTAGGGCGCCGC,0,557624
araCp,0.05263157894736842,18,18,CTTTCTCTCTTTCAGATAGG,0,561035
araCp,0.05263157894736842,18,18,CTTGCTTTTGACTGCCTGAG,0,559751
araCp,0.05263157894736842,18,18,CTTGACGTATTTATTGTGCA,0,530407
araCp,0.05263157894736842,18,18,CTGTGAAGGAACCAGGGCCA,0,533612
araCp,0.05263157894736842,18,18,CTGGTAAAGGGTGGGTAGTT,0,558401
araCp,0.05263157894736842,18,18,CTGGCGGTATTTGGTGTCTT,0,552570
araCp,0.05263157894736842,18,18,CTGGACTTATGTCGCCACAT,0,534549
araCp,0.05263157894736842,18,18,CTGACGTGTGCTAATTTTTT,0,599388
araCp,0.05263157894736842,18,18,CTCTTAAGCCATGCGAGTCC,0,578309
araCp,0.05263157894736842,18,18,CTCTCATGTTGCTTGTCGCA,0,551689
araCp,0.05263157894736842,18,18,CTCCTTAGGATGCTCAGTAT,0,582142
araCp,0.05263157894736842,18,18,CTCAGCGTCCGTGACGGTCT,0,582888
araCp,0.05263157894736842,18,18,CTATTGCTGCGTGTAGTCAG,0,602458
araCp,0.05263157894736842,18,18,CTATGAGCAGATCCGTAGAG,0,539464
araCp,0.05263157894736842,18,18,CTATATTTCTTTGTTGGCAG,0,542721
araCp,0.05263157894736842,18,18,CTAGGGGGAGCCGTTGTACA,0,532045
araCp,0.05263157894736842,18,18,CTAATTCCTTTACCTATCGA,0,566645
araCp,0.05263157894736842,18,18,CTAAATGCATGGCGTCTGAG,0,556262
araCp,0.05263157894736842,18,18,CGTTGCCAGCCAACGGTTAT,0,575466
araCp,0.05263157894736842,18,18,CGTTACGTGTAGCCTTTCGC,0,530143
araCp,0.05263157894736842,18,18,CGTGTGGGCTTGCGAAAGGA,0,554001
araCp,0.05263157894736842,18,18,CGGTGCACTGATATACGCAT,0,584408
araCp,0.05263157894736842,18,18,CGGGGCAGGCGACGGTTGCT,0,572563
araCp,0.05263157894736842,18,18,CGGAAACCTATTGCACGACA,0,542075
araCp,0.05263157894736842,18,18,CGCCTGACTCACTCGAACCA,0,592108
araCp,0.05263157894736842,18,18,CGCCGTGAAAGGCTAACAGA,0,585832
araCp,0.05263157894736842,18,18,CGCCACTTGAATTGGAGTTA,0,562393
araCp,0.05263157894736842,18,18,CGCATAAAGCATACAAAAGG,0,589835
araCp,0.05263157894736842,18,18,CGCAGCTTGAGGCCCCCTGT,0,589033
araCp,0.05263157894736842,18,18,CGCACATGTGCGGGAAGAAT,0,594415
araCp,0.05263157894736842,18,18,CGAGATCTTCCTGCCTGTGT,0,584060
araCp,0.05263157894736842,18,18,CGACTGCGCTGCAACGATCG,0,603048
araCp,0.05263157894736842,18,18,CGACTAGGCTGCGAAGGTCA,0,565558
araCp,0.05263157894736842,18,18,CGAACGGATGTACGCTTGTT,0,598732
araCp,0.05263157894736842,18,18,CCTCGAAGTGAATAAGGACT,0,547348
araCp,0.05263157894736842,18,18,CCTCCCGACGTTTCTGTTCG,0,549425
araCp,0.05263157894736842,18,18,CCTACTCTATTAGGTACCAA,0,535583
araCp,0.05263157894736842,18,18,CCTAATTGCTGTTGTGTCCG,0,580484
araCp,0.05263157894736842,18,18,CCGTGGATTCATTCAGTCTC,0,596008
araCp,0.05263157894736842,18,18,CCGAGATACGTCAAACTTAT,0,547650
araCp,0.05263157894736842,18,18,CCGACAGCTCATTGGTCTTT,0,570656
araCp,0.05263157894736842,18,18,CCGAAATGGACGCGATTATT,0,567703
araCp,0.05263157894736842,18,18,CCCTTGTCCTAGCGTAGTGC,0,566154
araCp,0.05263157894736842,18,18,CCCCCCTCTGCAGCAAAACA,0,591714
araCp,0.05263157894736842,18,18,CCATATGGGACTCCGACCGG,0,541993
araCp,0.05263157894736842,18,18,CATCTGAGGTGCCAGCGTGG,0,581761
araCp,0.05263157894736842,18,18,CATCTCCTTACTTCTGGCTC,0,598426
araCp,0.05263157894736842,18,18,CATCTAGGTCTTCCGCTCGT,0,543239
araCp,0.05263157894736842,18,18,CATCCTGAATAGGAAAGATG,0,550205
araCp,0.05263157894736842,18,18,CATCAGAACTTGTCTACAAT,0,595345
araCp,0.05263157894736842,18,18,CATCACTACGGCCTCAAGAG,0,551522
araCp,0.05263157894736842,18,18,CAGTTTCGGTCGCAAACCTT,0,581861
araCp,0.05263157894736842,18,18,CAGTGGAATAGTACCCGTTG,0,555912
araCp,0.05263157894736842,18,18,CAGTATATGGGCACGCGTGA,0,602517
araCp,0.05263157894736842,18,18,CAGGGGGGTAGGTCGGCCAG,0,599081
araCp,0.05263157894736842,18,18,CAGCGTAGTATCCTAATTCA,0,563261
araCp,0.05263157894736842,18,18,CAGACCTAATCCACATCCTG,0,594943
araCp,0.05263157894736842,18,18,CACTCTCTTACGGTCGTGAG,0,574372
araCp,0.05263157894736842,18,18,CACCGGGTTCGGTGTAGCGT,0,545446
araCp,0.05263157894736842,18,18,CACCGACTTGTCGAGTCAAC,0,577665
araCp,0.05263157894736842,18,18,CACCACTGGCTACAATCAAG,0,570818
araCp,0.05263157894736842,18,18,CACAAGTCGTACATTATAGC,0,562499
araCp,0.05263157894736842,18,18,CAATAACTTTTGGCAGCGTA,0,530330
araCp,0.05263157894736842,18,18,CAACTGCATTACAGTCGAAC,0,530442
araCp,0.05263157894736842,18,18,CAACCCGTTGGGAATTTCGA,0,575829
araCp,0.05263157894736842,18,18,CAACCAATGTTTGTCAGGAG,0,533045
araCp,0.05263157894736842,18,18,CAAAGGGGGCGTAGGTGGAC,0,587238
araCp,0.05263157894736842,18,18,ATTTCGACACGATCGCTTTG,0,538579
araCp,0.05263157894736842,18,18,ATTGGTTAGGCACTGAGAGG,0,580018
araCp,0.05263157894736842,18,18,ATTGCCGTACCGCGACGACA,0,570747
araCp,0.05263157894736842,18,18,ATTGATTGCCACCGCCCATA,0,537341
araCp,0.05263157894736842,18,18,ATTCTAGGAAATCTTCACTT,0,579763
araCp,0.05263157894736842,18,18,ATTAGCTGTCTTCTAGGCGC,0,555047
araCp,0.05263157894736842,18,18,ATGGCAGACGAACGATACGT,0,557727
araCp,0.05263157894736842,18,18,ATGATGGCATGTGATGGGGG,0,584319
araCp,0.05263157894736842,18,18,ATCGGAAACTGAATCACTAT,0,572945
araCp,0.05263157894736842,18,18,ATCCTCGTGTGAACGTCAGT,0,574233
araCp,0.05263157894736842,18,18,ATCCGAGACAATCTGGTAAT,0,584921
araCp,0.05263157894736842,18,18,ATCCCCTAGGGCTGAGACTT,0,550455
araCp,0.05263157894736842,18,18,ATCAGCACATCACCAGCAGC,0,589028
araCp,0.05263157894736842,18,18,ATCAAGTGTCTACCGAGACA,0,594088
araCp,0.05263157894736842,18,18,ATACCTGTGCTATGGTGGGA,0,594002
araCp,0.05263157894736842,18,18,ATACAGATAATCCGCCCCAT,0,541341
araCp,0.05263157894736842,18,18,AGTTATCCATGTAACGAACG,0,574812
araCp,0.05263157894736842,18,18,AGTGGGCCTGGGCGAATTGT,0,528734
araCp,0.05263157894736842,18,18,AGTGCAGAAGGAATTGTTCG,0,589766
araCp,0.05263157894736842,18,18,AGTAAAGCCCTTCAGGCCAA,0,550685
araCp,0.05263157894736842,18,18,AGGTTTCAGAGTAGATGCAG,0,538205
araCp,0.05263157894736842,18,18,AGGTTCCGGATCCGACTCGT,0,551521
araCp,0.05263157894736842,18,18,AGGTAAGAGACGGGCGTATG,0,530238
araCp,0.05263157894736842,18,18,AGGGACTTGGGTCCGAACAA,0,558520
araCp,0.05263157894736842,18,18,AGGCGAGTGCGCAATCGGTG,0,592278
araCp,0.05263157894736842,18,18,AGGCCGCCTCATCCCAAAGC,0,601010
araCp,0.05263157894736842,18,18,AGCTTGGGGGATAGTTCACA,0,589262
araCp,0.05263157894736842,18,18,AGCGCTGAGGGGGTAAGAAG,0,566897
araCp,0.05263157894736842,18,18,AGCCACGCTATAAGAGAGGT,0,578334
araCp,0.05263157894736842,18,18,AGCAGGCTATCGCGAGGGCG,0,552141
araCp,0.05263157894736842,18,18,AGATCTGGCTTAGCGTGGAT,0,551238
araCp,0.05263157894736842,18,18,AGAGGGTGATTCACCACACT,0,532884
araCp,0.05263157894736842,18,18,ACTTTGCGGCTTGTTAAAAA,0,589201
araCp,0.05263157894736842,18,18,ACTTCGAATAAGAGCTCATG,0,526600
araCp,0.05263157894736842,18,18,ACTTCGAACGGGTAAAAAAT,0,530608
araCp,0.05263157894736842,18,18,ACTTCCGCGGAATTTTAATA,0,525552
araCp,0.05263157894736842,18,18,ACTCTACACAGTCCGTCCTA,0,555145
araCp,0.05263157894736842,18,18,ACTCGTTACTCCATAGTAGA,0,553124
araCp,0.05263157894736842,18,18,ACTCAAAACGGAGGAGCGAG,0,579438
araCp,0.05263157894736842,18,18,ACTATCAACCTGTGTCGTGT,0,581468
araCp,0.05263157894736842,18,18,ACTAGGATGCGTCACAGCGA,0,586465
araCp,0.05263157894736842,18,18,ACGTGATTGGCGCGCTCAGA,0,561165
araCp,0.05263157894736842,18,18,ACCGCTGACGTGACTTATCA,0,550963
araCp,0.05263157894736842,18,18,ACCGAATCGGCCTTTGGAGA,0,555032
araCp,0.05263157894736842,18,18,ACCCCATGGAGTGCGGGAAT,0,563717
araCp,0.05263157894736842,18,18,ACCCACCGCGGAATCTTAGT,0,590086
araCp,0.05263157894736842,18,18,ACCCAACAGATGTGACACAA,0,558265
araCp,0.05263157894736842,18,18,ACAGGTGATTGGAATAATTC,0,534153
araCp,0.05263157894736842,18,18,ACACTGATAGCGTTTCGCCA,0,549454
araCp,0.05263157894736842,18,18,ACAAGTTCAGTGCGCAAGTA,0,530829
araCp,0.05263157894736842,18,18,ACAAAGGCTCAGGTCTTCTG,0,551328
araCp,0.05263157894736842,18,18,AATTGGTGTATCTGTTTCTC,0,558556
araCp,0.05263157894736842,18,18,AATTCTGCTTAGTTTCTGAA,0,568757
araCp,0.05263157894736842,18,18,AATTCACAGCCTCTGCGATA,0,533210
araCp,0.05263157894736842,18,18,AATGCCGCAAAATACTGTGT,0,537121
araCp,0.05263157894736842,18,18,AATGCACTCTCTTGTGACGT,0,531747
araCp,0.05263157894736842,18,18,AATCATATGCGCGTATTGGC,0,544505
araCp,0.05263157894736842,18,18,AATATGGACCTTGACCTAGA,0,556593
araCp,0.05263157894736842,18,18,AAGTAATCCACACGGTCTAG,0,534792
araCp,0.05263157894736842,18,18,AAGCTGCTTGGGACTGCACT,0,538107
araCp,0.05263157894736842,18,18,AACTCGGCCGGGTACACGTG,0,561732
araCp,0.05263157894736842,18,18,AACTCGACGTTCTAGAAGGA,0,546299
araCp,0.05263157894736842,18,18,AACGTACATTCATGTGTCAA,0,581238
araCp,0.05263157894736842,18,18,AACCGCGACCTGCGTTACGA,0,531536
araCp,0.05263157894736842,18,18,AACCAGGGACGACTCGAGAG,0,543292
araCp,0.05263157894736842,18,18,AAATGGGGAATCTTTCGGCA,0,558750
araCp,0.05263157894736842,18,18,AAACCAGTGCCAGCCAGCTC,0,559669
araCp,0.05263157894736842,18,18,AAACAACGATTCTGCAACTA,0,572731
araCp,0.05263157894736842,18,18,AAAATAAGTAAAAGAAGCCA,0,585026
araCp,0.05555555555555555,17,17,TTTGTGGGTTGACGAGGGCA,0,586889
araCp,0.05555555555555555,17,17,TTTCTCATTTGTAGGACGCA,0,581676
araCp,0.05555555555555555,17,17,TTTCGCGGAGTTACTTACAG,0,602304
araCp,0.05555555555555555,17,17,TTTAGGTTGTCCGCCCCGGA,0,573644
araCp,0.05555555555555555,17,17,TTTAGAGCAGATTCGGCTGC,0,587589
araCp,0.05555555555555555,17,17,TTGTGTGGGTTAAAAAGGAA,0,536767
araCp,0.05555555555555555,17,17,TTGCGCGTTGCCCCTAGGAG,0,577973
araCp,0.05555555555555555,17,17,TTGAGTTAGTTCTTGTGTTT,0,563909
araCp,0.05555555555555555,17,17,TTCGACCGGCCCCGTCAGAT,0,599619
araCp,0.05555555555555555,17,17,TTCCTTGCTGTTCTAAGGCC,0,538726
araCp,0.05555555555555555,17,17,TTATTTGCGGGAAGTCAAAC,0,557311
araCp,0.05555555555555555,17,17,TTATGAGTCAATTGAGGGTT,0,549174
araCp,0.05555555555555555,17,17,TTATCACATCCCCTGCTCTT,0,552517
araCp,0.05555555555555555,17,17,TTAGCACTAGCCATTTGAGA,0,535243
araCp,0.05555555555555555,17,17,TTAAGGTCATGTATGAGGGC,0,588719
araCp,0.05555555555555555,17,17,TGTTGTCCGGAACTCATTTG,0,563550
araCp,0.05555555555555555,17,17,TGTGGCGGCAACTACCGGCA,0,600919
araCp,0.05555555555555555,17,17,TGTCGGTAAGCGCCGGACGC,0,571179
araCp,0.05555555555555555,17,17,TGTCGCATGACAATCTATCA,0,537360
araCp,0.05555555555555555,17,17,TGTATTGGAGGATAAGGCGA,0,536477
araCp,0.05555555555555555,17,17,TGTACTTATACCTACAGACC,0,587901
araCp,0.05555555555555555,17,17,TGGTTAGCACATCCCTGTGA,0,576991
araCp,0.05555555555555555,17,17,TGGGTGAACAGCGGAGCTTT,0,558926
araCp,0.05555555555555555,17,17,TGGCGAAAAGCTGTGTAAAA,0,528662
araCp,0.05555555555555555,17,17,TGGCCCTGCCACCGCACCTG,0,581514
araCp,0.05555555555555555,17,17,TGGATCAAACGCCTTCCTAG,0,537023
araCp,0.05555555555555555,17,17,TGCGTGGAAAGTTGGTTAAT,0,528312
araCp,0.05555555555555555,17,17,TGCATGGGAACTACTGGTTT,0,591431
araCp,0.05555555555555555,17,17,TGCAGGCTACGGCGACCGTA,0,528136
araCp,0.05555555555555555,17,17,TGCACAATGGATCCGATCGT,0,585414
araCp,0.05555555555555555,17,17,TGATAAACGACGTCGTCTCA,0,585714
araCp,0.05555555555555555,17,17,TGAGGTCGAGCGAGGGCGAC,0,536689
araCp,0.05555555555555555,17,17,TGAGAGTCTCTCAGGGCTTG,0,563345
araCp,0.05555555555555555,17,17,TGACTGTCAAACGAATATGA,0,575938
araCp,0.05555555555555555,17,17,TGAATCACAAAGCTACACGA,0,555750
araCp,0.05555555555555555,17,17,TCTGTTAGTGCATGGCCAAC,0,577264
araCp,0.05555555555555555,17,17,TCTATGTTTTTTCTGATTCA,0,599667
araCp,0.05555555555555555,17,17,TCTAAGGAGGTGCATTAGCA,0,538001
araCp,0.05555555555555555,17,17,TCGTTTCGGATGCGTGATAC,0,567297
araCp,0.05555555555555555,17,17,TCGTGGTAACGAGGTCTGAT,0,540277
araCp,0.05555555555555555,17,17,TCGTAATAAGAAAACCCGGT,0,584306
araCp,0.05555555555555555,17,17,TCGTAACCATCAAGTTCTTC,0,594897
araCp,0.05555555555555555,17,17,TCGGAATTACAGCCCTGCAG,0,538200
araCp,0.05555555555555555,17,17,TCGCGTTAGAAGTGGTAGCG,0,547842
araCp,0.05555555555555555,17,17,TCGCGGTCTATATAAACACT,0,538269
araCp,0.05555555555555555,17,17,TCGAGGCAGCCAAACACGTT,0,550021
araCp,0.05555555555555555,17,17,TCCCCGGGTGTATACGAACT,0,561134
araCp,0.05555555555555555,17,17,TCCAATTAGTTCAACTACCT,0,525680
araCp,0.05555555555555555,17,17,TCATTCTAAAGGAAAACCCT,0,559678
araCp,0.05555555555555555,17,17,TCAGGGTATTAGTCCAAAAA,0,589865
araCp,0.05555555555555555,17,17,TCACGGAACATAGAACCCAC,0,586965
araCp,0.05555555555555555,17,17,TAGTTTGTTGCATAGTCAGA,0,591051
araCp,0.05555555555555555,17,17,TAGGGGCTATAAATGTAGAG,0,567144
araCp,0.05555555555555555,17,17,TAGATACCGTAACGGGTGGG,0,550986
araCp,0.05555555555555555,17,17,TACGGAGTCCCGACGCTTCT,0,590287
araCp,0.05555555555555555,17,17,TACGCTTCAGGCAAGCGGCA,0,557415
araCp,0.05555555555555555,17,17,TACCGATAGCCGGGCAAGTA,0,541979
araCp,0.05555555555555555,17,17,TAATGGTCCTGGCTGTCAGT,0,553591
araCp,0.05555555555555555,17,17,TAAGTATTTGCATAGTGTTG,0,551148
araCp,0.05555555555555555,17,17,TAAGGGTCCAATCAGGGACA,0,597525
araCp,0.05555555555555555,17,17,GTTTATCGCAGGCCGCATAC,0,541808
araCp,0.05555555555555555,17,17,GTTTAGGTTTATCATTCTAC,0,576664
araCp,0.05555555555555555,17,17,GTTGCCTTGAACTCGACTGT,0,555349
araCp,0.05555555555555555,17,17,GTGTACACACGAGACCCCTT,0,549529
araCp,0.05555555555555555,17,17,GTGGTCCTATCCTTTATAAA,0,530506
araCp,0.05555555555555555,17,17,GTGGCTATTTGTGCAATTCT,0,573168
araCp,0.05555555555555555,17,17,GTGGCTAGTACGGCTCGGAT,0,585826
araCp,0.05555555555555555,17,17,GTGGCCGTCGTGCCGTCATT,0,551664
araCp,0.05555555555555555,17,17,GTGCAAAGCATCGGCTGAAC,0,549053
araCp,0.05555555555555555,17,17,GTGACCGCACTTTAAATCAT,0,543761
araCp,0.05555555555555555,17,17,GTCTCCTATAGAACTGTTGT,0,585696
araCp,0.05555555555555555,17,17,GTCAGACAGATCCCCATTTG,0,541663
araCp,0.05555555555555555,17,17,GTATCTTCTGTTTGATCCTG,0,552224
araCp,0.05555555555555555,17,17,GTATACGTTTCACGCGGAAC,0,588567
araCp,0.05555555555555555,17,17,GTATACAAAAGACTGCATGG,0,540987
araCp,0.05555555555555555,17,17,GTACGGGTAACACGAGTCTA,0,574890
araCp,0.05555555555555555,17,17,GGTTTGCAATAGAGTGACTT,0,599354
araCp,0.05555555555555555,17,17,GGTTGCGGGCAGGTCCCTTA,0,588072
araCp,0.05555555555555555,17,17,GGTTATAGCTTGGCAAACGT,0,547570
araCp,0.05555555555555555,17,17,GGTGAGTTGCAGGCAACCAA,0,581080
araCp,0.05555555555555555,17,17,GGTCGCGAGCAATTTTCGGG,0,580225
araCp,0.05555555555555555,17,17,GGTAGCTTTGAGTAATGGAC,0,596289
araCp,0.05555555555555555,17,17,GGGGCGTGGAGAATCTCCAA,0,602303
araCp,0.05555555555555555,17,17,GGGGCGAAAGCCCGTCTGCA,0,527606
araCp,0.05555555555555555,17,17,GGGATAACGTCCTCAGCTCT,0,536156
araCp,0.05555555555555555,17,17,GGCGTCGGAGGAGGTACCTC,0,564412
araCp,0.05555555555555555,17,17,GGCGTATCATCGAGTAAGGG,0,566340
araCp,0.05555555555555555,17,17,GGCCTGTGGCACAGCCCATG,0,567007
araCp,0.05555555555555555,17,17,GGCCTGGGTCATGTTTGCGA,0,543500
araCp,0.05555555555555555,17,17,GGCCTACTTACTACGTCGAA,0,572688
araCp,0.05555555555555555,17,17,GGCCGAGCCATTAAGCACGT,0,528956
araCp,0.05555555555555555,17,17,GGCAAGCGCACCGGAGCACG,0,526427
araCp,0.05555555555555555,17,17,GGATGGCTAAAGTCAGTAAC,0,599450
araCp,0.05555555555555555,17,17,GGATCGCTGTCGCGCACGAA,0,538903
araCp,0.05555555555555555,17,17,GGACCCTACCTTCCATTACA,0,566375
araCp,0.05555555555555555,17,17,GGACAGAGGCCGCCGTATTG,0,571313
araCp,0.05555555555555555,17,17,GGAACTAAGTGGGTTTCACT,0,564552
araCp,0.05555555555555555,17,17,GGAACAGATCAGAACTAGGT,0,593879
araCp,0.05555555555555555,17,17,GGAACAATGTGATCCGCATC,0,537884
araCp,0.05555555555555555,17,17,GCTGTGGTGGACTATAATAC,0,556123
araCp,0.05555555555555555,17,17,GCTCGCCTATGAGCCCTATA,0,593228
araCp,0.05555555555555555,17,17,GCTATAACCATGCTGGCTGT,0,598394
araCp,0.05555555555555555,17,17,GCTACCATGTATAGCTAGTA,0,584898
araCp,0.05555555555555555,17,17,GCGTGTAGGGATAAAGGGGA,0,542191
araCp,0.05555555555555555,17,17,GCGTAGTCCTTCTACTGGGC,0,597030
araCp,0.05555555555555555,17,17,GCGGTGGGCGTGGCAAAAGA,0,603250
araCp,0.05555555555555555,17,17,GCGGCAAGCGCAAGGCATCA,0,593402
araCp,0.05555555555555555,17,17,GCGCAATCGCTGTGTATTTT,0,541793
araCp,0.05555555555555555,17,17,GCGAGTAACTACCCTGGGAC,0,589398
araCp,0.05555555555555555,17,17,GCCGGGTTGGTCTGTGGGGG,0,584727
araCp,0.05555555555555555,17,17,GCCCCTGCAGTAGATCGGTG,0,602195
araCp,0.05555555555555555,17,17,GCCAGTATGTAGCCTAATAA,0,547661
araCp,0.05555555555555555,17,17,GCCAAGCTGAAAGACCGGTC,0,573767
araCp,0.05555555555555555,17,17,GCAGGAAGAAAATAAATTTT,0,535700
araCp,0.05555555555555555,17,17,GATTTAAAACCGTCCGATCT,0,598730
araCp,0.05555555555555555,17,17,GATAAAGAGTTCACCCAGTC,0,576302
araCp,0.05555555555555555,17,17,GAGGTTCGGTCGGATCAACC,0,544800
araCp,0.05555555555555555,17,17,GAGGGCTCGTAGTATTGGGA,0,554051
araCp,0.05555555555555555,17,17,GAGCTGTGAGTCGGTGAGTA,0,530510
araCp,0.05555555555555555,17,17,GAGCAGTCTTATTTGTATGA,0,528147
araCp,0.05555555555555555,17,17,GAGACTTCAATAGCTATCCC,0,601831
araCp,0.05555555555555555,17,17,GACTAAAGAAAAGTAAACCT,0,573232
araCp,0.05555555555555555,17,17,GACCTTCACAATCCGCGCAT,0,570508
araCp,0.05555555555555555,17,17,GAAATTTCATAGGAGACGTA,0,593720
araCp,0.05555555555555555,17,17,GAAAGTCCCCCAGCCCGCGT,0,535842
araCp,0.05555555555555555,17,17,CTTGGACAGAGTTCCCGTTT,0,532391
araCp,0.05555555555555555,17,17,CTTGAATGAGTCAGGGTGCT,0,571935
araCp,0.05555555555555555,17,17,CTTCTGTATAGGAATGACGT,0,535401
araCp,0.05555555555555555,17,17,CTTCCACTTCGGTTCCAGCT,0,578147
araCp,0.05555555555555555,17,17,CTTCATGTGATTGCGCCGTT,0,529047
araCp,0.05555555555555555,17,17,CTGTTTAGGTGCAATCCGCC,0,538252
araCp,0.05555555555555555,17,17,CTGTCGATAAAAGCGTCTGC,0,534526
araCp,0.05555555555555555,17,17,CTGGGGTGTGAACGAGATGA,0,597975
araCp,0.05555555555555555,17,17,CTGGGCACTTCGCGTCCTAG,0,565284
araCp,0.05555555555555555,17,17,CTGCGCTGGTGTTAAAGCGC,0,561140
araCp,0.05555555555555555,17,17,CTGCCCTTACCCCTGGGCAG,0,566111
araCp,0.05555555555555555,17,17,CTGCAGTATAGGTCACTTTA,0,526125
araCp,0.05555555555555555,17,17,CTGAGTGTTCAATTAATAGT,0,594341
araCp,0.05555555555555555,17,17,CTCGATTTTGTGGACCTGCA,0,528168
araCp,0.05555555555555555,17,17,CTCACCTACATGTACGAGGT,0,569793
araCp,0.05555555555555555,17,17,CTCAAAACAGCAAGCTAGAA,0,554736
araCp,0.05555555555555555,17,17,CTAGGGATCTAAAAGTGGCG,0,575463
araCp,0.05555555555555555,17,17,CTAGCCGTTTGCAAATCAAA,0,582318
araCp,0.05555555555555555,17,17,CTAATGGCCGATGAACAGGT,0,550431
araCp,0.05555555555555555,17,17,CGTTTTGTATAATTGCGAGT,0,555808
araCp,0.05555555555555555,17,17,CGTAGACGTCTATCACTCCC,0,531904
araCp,0.05555555555555555,17,17,CGGTTTGCCCAGAGACATGA,0,526992
araCp,0.05555555555555555,17,17,CGGGGCTGTGTGGTACCCCT,0,572482
araCp,0.05555555555555555,17,17,CGGGGACGCCCCTTAGACCA,0,567513
araCp,0.05555555555555555,17,17,CGGGCTCTAAGAGGCGTTCT,0,565637
araCp,0.05555555555555555,17,17,CGGGCTAGACATCGGGGCAG,0,559946
araCp,0.05555555555555555,17,17,CGGGAAGTCGCACACGCTTA,0,589473
araCp,0.05555555555555555,17,17,CGGCGTGCTATAAGTCTTTG,0,561618
araCp,0.05555555555555555,17,17,CGGATTGAAATAGCACTTAT,0,525834
araCp,0.05555555555555555,17,17,CGGACGGCTATCAAGTGTGA,0,538535
araCp,0.05555555555555555,17,17,CGCTCGCCATCCTTTCGCGG,0,593232
araCp,0.05555555555555555,17,17,CGCGCCTTGTCTGACGGCTA,0,591911
araCp,0.05555555555555555,17,17,CGCCGCAGGTCTGCAGTGTG,0,563089
araCp,0.05555555555555555,17,17,CGCCCCATTCTGGATTATGC,0,544097
araCp,0.05555555555555555,17,17,CGCACTTCTTGTGCACCCGC,0,601095
araCp,0.05555555555555555,17,17,CGATTTTGGCAATGTGTGAG,0,531019
araCp,0.05555555555555555,17,17,CGAGTGGACAAGTGGTTCTG,0,564566
araCp,0.05555555555555555,17,17,CGAGCTCTGAGTTGCCCAAG,0,570451
araCp,0.05555555555555555,17,17,CGAAAAGTTTTTGGATGAGC,0,599886
araCp,0.05555555555555555,17,17,CCTTGATTAGGCTCGCGGTA,0,534916
araCp,0.05555555555555555,17,17,CCTCTCATGAGGGTCTTGTG,0,602373
araCp,0.05555555555555555,17,17,CCTCCCGAGCAACTGGGTCT,0,554587
araCp,0.05555555555555555,17,17,CCTCATTCGAGAACAGAAGT,0,576480
araCp,0.05555555555555555,17,17,CCGTGAAAGTATTTCGTTTT,0,580418
araCp,0.05555555555555555,17,17,CCGCCCTATATATGTATGAT,0,577788
araCp,0.05555555555555555,17,17,CCGATAAGCCAATCAGTTTT,0,594763
araCp,0.05555555555555555,17,17,CCCTAAAGGGACTGTTTAGG,0,526267
araCp,0.05555555555555555,17,17,CCCGCCAGTGTCATAACCGC,0,598268
araCp,0.05555555555555555,17,17,CCCGAACGAAAGGCACTAGC,0,562167
araCp,0.05555555555555555,17,17,CCCCACACCCGGCGCACCTC,0,600863
araCp,0.05555555555555555,17,17,CCACGTGAGCAAACGCATAG,0,571774
araCp,0.05555555555555555,17,17,CCACAAACCAGCCTTGAGTT,0,545645
araCp,0.05555555555555555,17,17,CATTTTAGCTAGGCAAGGCG,0,542637
araCp,0.05555555555555555,17,17,CATTACGACTCTCGTACAAT,0,562193
araCp,0.05555555555555555,17,17,CATGTGGGGTCCGATATAGC,0,600981
araCp,0.05555555555555555,17,17,CATGTAAGAGCACGTCCCAT,0,551241
araCp,0.05555555555555555,17,17,CATGGCGCGCGCCCTCGGGA,0,531189
araCp,0.05555555555555555,17,17,CATCCACCCATCAAGGCTTG,0,553765
araCp,0.05555555555555555,17,17,CATAGTAACGCATTAGAGTG,0,530229
araCp,0.05555555555555555,17,17,CAGTGTTCCGCCTGTACATA,0,581245
araCp,0.05555555555555555,17,17,CAGTGGTCTGATACAATTAC,0,602249
araCp,0.05555555555555555,17,17,CAGTCCTAGCGTGGCACCAA,0,564060
araCp,0.05555555555555555,17,17,CAGGTTACTAATAAGCGTTG,0,599664
araCp,0.05555555555555555,17,17,CAGCAAGTAAAGGACCGTGT,0,591105
araCp,0.05555555555555555,17,17,CACTAAGCTGCCCTCGGATC,0,543563
araCp,0.05555555555555555,17,17,CACACGAGCGAGTGCACTTC,0,549063
araCp,0.05555555555555555,17,17,CACACCCAATTAAGATTCTA,0,597351
araCp,0.05555555555555555,17,17,CACAATTGCCTCTGCGGCAG,0,587055
araCp,0.05555555555555555,17,17,CACAAGAGCGGGGAAAAACA,0,546413
araCp,0.05555555555555555,17,17,CACAACGTTGCAAGCTGCAA,0,591602
araCp,0.05555555555555555,17,17,CAATTTGTCCCCCAGATGTC,0,534189
araCp,0.05555555555555555,17,17,CAAGCCAGTTTAAAAAGCTA,0,593495
araCp,0.05555555555555555,17,17,CAACCAGCCAGAGTATTCCG,0,542044
araCp,0.05555555555555555,17,17,CAAACGGCGGAACGGCACAG,0,545990
araCp,0.05555555555555555,17,17,ATTTTTTGAGTGCCGCAGGA,0,574459
araCp,0.05555555555555555,17,17,ATTTGGCCTTTGCGGTAATG,0,525787
araCp,0.05555555555555555,17,17,ATTGGTGTGCTTATTATAGA,0,595334
araCp,0.05555555555555555,17,17,ATTCTATTACAGGGGTAGAG,0,587479
araCp,0.05555555555555555,17,17,ATTCCAGCGAAGAAGCAGGC,0,573163
araCp,0.05555555555555555,17,17,ATGTCTGCAGTCATTCTATA,0,540094
araCp,0.05555555555555555,17,17,ATGGCTTGCCATGTTGCGAC,0,588851
araCp,0.05555555555555555,17,17,ATGCTGGTGACCGGAGAATA,0,589862
araCp,0.05555555555555555,17,17,ATCTCTGCTTACAAGAAATA,0,595434
araCp,0.05555555555555555,17,17,ATCGTTTCGTTTCTGTAACG,0,549860
araCp,0.05555555555555555,17,17,ATCGTAGTATGTCTAAGGCT,0,544998
araCp,0.05555555555555555,17,17,ATCGAATGTAATTAGAGTCT,0,529901
araCp,0.05555555555555555,17,17,ATCCTGGCGGGTACACTATG,0,584761
araCp,0.05555555555555555,17,17,ATCCGACGACGCCTTGACGA,0,548167
araCp,0.05555555555555555,17,17,ATCCAAGTATTAGGGGGAAG,0,536765
araCp,0.05555555555555555,17,17,ATCAGCTGGTTCGGTAGGAG,0,530339
araCp,0.05555555555555555,17,17,ATCAGCCCGAGATGAGGGTT,0,538259
araCp,0.05555555555555555,17,17,ATCACCAGTTGCATTCCTGT,0,573815
araCp,0.05555555555555555,17,17,ATCACACCTCGCAGGCTAGA,0,575434
araCp,0.05555555555555555,17,17,ATACTAACATACACGTAGCC,0,587073
araCp,0.05555555555555555,17,17,ATAATGTACAGTGCAGTAAA,0,569437
araCp,0.05555555555555555,17,17,ATAATCTGGTTCTTATAAGG,0,528489
araCp,0.05555555555555555,17,17,ATAAGAAGGTAATGAGCATT,0,553806
araCp,0.05555555555555555,17,17,AGTTCTTAGGAGGTACTGGT,0,571129
araCp,0.05555555555555555,17,17,AGTAGGCACGTGAACCAGCT,0,533201
araCp,0.05555555555555555,17,17,AGTAGACCTGCTTGTCCTCA,0,534806
araCp,0.05555555555555555,17,17,AGTACGCCTGGGGCGTGGGT,0,549203
araCp,0.05555555555555555,17,17,AGGTAACGCGCAAGGGATGT,0,547074
araCp,0.05555555555555555,17,17,AGGGGCACCCTGAAACGTAT,0,575628
araCp,0.05555555555555555,17,17,AGGCCACCTCGGTTTCATTG,0,580533
araCp,0.05555555555555555,17,17,AGGCAAGGGATAGTAACAAA,0,590649
araCp,0.05555555555555555,17,17,AGGAGCTAACATAATATACA,0,537777
araCp,0.05555555555555555,17,17,AGGACAAATGAGTGATGCCA,0,534416
araCp,0.05555555555555555,17,17,AGCTAATACGATGGTCTACG,0,541573
araCp,0.05555555555555555,17,17,AGCGCAGATCGCTACCAATA,0,549157
araCp,0.05555555555555555,17,17,AGCCTAAATATGGGCGTTGC,0,548349
araCp,0.05555555555555555,17,17,AGCAGATATACCTAGGGCCT,0,577631
araCp,0.05555555555555555,17,17,AGATTCCCTAGTTTGGCATA,0,558686
araCp,0.05555555555555555,17,17,AGATCGGCACGATGGCACTG,0,572367
araCp,0.05555555555555555,17,17,AGAGGGTAACCGCTCCTGGT,0,529863
araCp,0.05555555555555555,17,17,AGAATGATTGCGTTTCAATG,0,602334
araCp,0.05555555555555555,17,17,AGAAGTGGTCAATTAAGTTC,0,580929
araCp,0.05555555555555555,17,17,AGAAAACGGGTTGTCACAGA,0,596494
araCp,0.05555555555555555,17,17,ACTTGCATTACGGAGTGCAA,0,530790
araCp,0.05555555555555555,17,17,ACTGGGTGCAGCCGATTGTT,0,566602
araCp,0.05555555555555555,17,17,ACTCCCAATCTCGTATTCCA,0,588951
araCp,0.05555555555555555,17,17,ACTATCGGTCATCGTTACTT,0,563905
araCp,0.05555555555555555,17,17,ACTACTAGAGGCTTGTCGGT,0,594287
araCp,0.05555555555555555,17,17,ACTAACCCCTTGGAGTGACT,0,598866
araCp,0.05555555555555555,17,17,ACGCTCCACTGGTTTCGTGC,0,543224
araCp,0.05555555555555555,17,17,ACGCGTATGGCTTAGGACGA,0,572486
araCp,0.05555555555555555,17,17,ACGCGAGGAGAACTCCAACT,0,585107
araCp,0.05555555555555555,17,17,ACGCATTTCAATGCTGGTAA,0,590901
araCp,0.05555555555555555,17,17,ACCTGTAACTATTGTTTCGT,0,571361
araCp,0.05555555555555555,17,17,ACCTGATGTATGAGGGAGCA,0,600054
araCp,0.05555555555555555,17,17,ACCAGTTTGGCAGTTTCACG,0,558537
araCp,0.05555555555555555,17,17,ACCAACCCCCAAGTCTTTTA,0,601480
araCp,0.05555555555555555,17,17,ACATGATCATGTGAACAGTA,0,569788
araCp,0.05555555555555555,17,17,ACAGGGATTCACGGCGGTAC,0,572178
araCp,0.05555555555555555,17,17,ACACTGAGGAGGCGAGTCTC,0,554410
araCp,0.05555555555555555,17,17,ACACTCGTCCACCGTTGCGG,0,550561
araCp,0.05555555555555555,17,17,ACAACACAAATCGCATGTAT,0,538248
araCp,0.05555555555555555,17,17,AATTTATAGGGGTCTGGGGT,0,602341
araCp,0.05555555555555555,17,17,AAGTTTCCTTCATCCTATAG,0,578937
araCp,0.05555555555555555,17,17,AAGTTACCGTTCTGGCTGAA,0,599489
araCp,0.05555555555555555,17,17,AAGGTAGTCTAGTCAGGCTG,0,562765
araCp,0.05555555555555555,17,17,AAGGGCTAGCGTCGCCGTTA,0,595720
araCp,0.05555555555555555,17,17,AAGATCTTCAATGTGTTCCC,0,576482
araCp,0.05555555555555555,17,17,AAGAGCATTATCACGCGGGC,0,569582
araCp,0.05555555555555555,17,17,AAGAATGGTACAAATGGGAG,0,552006
araCp,0.05555555555555555,17,17,AACTGTCGGGTAGCTAAAAT,0,538986
araCp,0.05555555555555555,17,17,AACTCGCTGGTCCACGACGT,0,550089
araCp,0.05555555555555555,17,17,AACCTCAACCGGACAAGGAC,0,595840
araCp,0.05555555555555555,17,17,AACACGCCCAAAGGTGAAAA,0,586741
araCp,0.05555555555555555,17,17,AAATTTGACCCTCTCTTAAC,0,581388
araCp,0.05555555555555555,17,17,AAAGGATCACACTTTAGCTG,0,527154
araCp,0.05555555555555555,17,17,AAAGAGGTCGGGCTCCAATT,0,584315
araCp,0.05555555555555555,17,17,AAACGGTATCCATGAACAGA,0,572829
araCp,0.05555555555555555,17,17,AAACAGGATGGGATGTGAAG,0,587560
araCp,0.05555555555555555,17,17,AAAAATAATTGCTTTCCCCA,0,601616
araCp,0.058823529411764705,16,16,TTTGCTTTCGCGCGACTCGG,0,544715
araCp,0.058823529411764705,16,16,TTTCTTAACGCTTACCCAAG,0,575414
araCp,0.058823529411764705,16,16,TTTACTTTGTAACGGCAAAC,0,583065
araCp,0.058823529411764705,16,16,TTTACTATACCTCCCCAAGG,0,599828
araCp,0.058823529411764705,16,16,TTGTATTGGTTTAGCAGGCT,0,552654
araCp,0.058823529411764705,16,16,TTGGGCAGTAGGTTTCGGAT,0,557704
araCp,0.058823529411764705,16,16,TTGGCAGCGGACCTCGATTG,0,593093
araCp,0.058823529411764705,16,16,TTGCTAAAGTGAGTCCTCTG,0,575867
araCp,0.058823529411764705,16,16,TTGACTTTATTGGTCTGTCT,0,541617
araCp,0.058823529411764705,16,16,TTCTATCGAGTGAGTCTAAT,0,583058
araCp,0.058823529411764705,16,16,TTCCCGGGATGGCGTAAGCA,0,583066
araCp,0.058823529411764705,16,16,TTCATCACAGTTTGACTGTG,0,537373
araCp,0.058823529411764705,16,16,TTAGTATTACTGGCGATCGA,0,602576
araCp,0.058823529411764705,16,16,TTACTTCTCAGTACTTGGAC,0,549413
araCp,0.058823529411764705,16,16,TTACCGTGTTGAAAGTTCTA,0,571197
araCp,0.058823529411764705,16,16,TTACAATATTATCGGTTCCT,0,593816
araCp,0.058823529411764705,16,16,TTAACTGTTAGCATCGGCTC,0,571869
araCp,0.058823529411764705,16,16,TGTTTTTGGGGGGACACAAA,0,532672
araCp,0.058823529411764705,16,16,TGTTTGAGAATTCAGAGACA,0,601444
araCp,0.058823529411764705,16,16,TGTGCGTTGAGTGTGTCTAC,0,535088
araCp,0.058823529411764705,16,16,TGTATGAACCCGTGTATTTG,0,550298
araCp,0.058823529411764705,16,16,TGTAGTGGCGAACGGTCCAT,0,545652
araCp,0.058823529411764705,16,16,TGTACTCTACTTCGAATCTT,0,583731
araCp,0.058823529411764705,16,16,TGGTCGCGGTAATAGTACAA,0,590734
araCp,0.058823529411764705,16,16,TGGGATCGGTTAAATCTTCT,0,575536
araCp,0.058823529411764705,16,16,TGGCAATTGCCGTCGTCTCG,0,548451
araCp,0.058823529411764705,16,16,TGGAGCATCCGACTGAGGCG,0,594254
araCp,0.058823529411764705,16,16,TGGAGCACAGAATCGGAGTA,0,596492
araCp,0.058823529411764705,16,16,TGGACTTCGCTGGCAGAGCC,0,529685
araCp,0.058823529411764705,16,16,TGCGACTTTGAAATGGCAGT,0,547227
araCp,0.058823529411764705,16,16,TGCGACCCGAAACGTCAGCA,0,601977
araCp,0.058823529411764705,16,16,TGCACCACATAAAATGTCTA,0,550389
araCp,0.058823529411764705,16,16,TGAGTTTGGGCCGAGGTGCT,0,555310
araCp,0.058823529411764705,16,16,TGAGGTACGATACACCACAT,0,537335
araCp,0.058823529411764705,16,16,TGAGGGTGAGCAGGTTGTTG,0,583979
araCp,0.058823529411764705,16,16,TGAGAGAGCAGACACGGGTG,0,559028
araCp,0.058823529411764705,16,16,TGACCTACAAGAAACGCTCG,0,539440
araCp,0.058823529411764705,16,16,TCTTCTCTTAACATTACCGA,0,590602
araCp,0.058823529411764705,16,16,TCTGTGCAATCAACATACGG,0,546490
araCp,0.058823529411764705,16,16,TCTGCCCGGTAGCCAGCCAA,0,534537
araCp,0.058823529411764705,16,16,TCTGACGTAATGATCGCTAT,0,577521
araCp,0.058823529411764705,16,16,TCTAGATATCCCTTATATGT,0,544482
araCp,0.058823529411764705,16,16,TCGGTCTTGCCGTACCTGGG,0,539682
araCp,0.058823529411764705,16,16,TCGGCATGGGAACATAAATG,0,578677
araCp,0.058823529411764705,16,16,TCGGCAAGTCAGTACCACGA,0,539008
araCp,0.058823529411764705,16,16,TCGAGGCCATTCCGTCTTAG,0,542631
araCp,0.058823529411764705,16,16,TCGAAACGATCGACGGTTAA,0,565341
araCp,0.058823529411764705,16,16,TCCTGTCACTTAACACGTGT,0,542360
araCp,0.058823529411764705,16,16,TCCTCCGGTGGGCAATACTG,0,592200
araCp,0.058823529411764705,16,16,TCCTAGCTTCATTCTTCTTG,0,534724
araCp,0.058823529411764705,16,16,TCCGAGTCCGCGGAACGCGT,0,568854
araCp,0.058823529411764705,16,16,TCCCCCCCCTTATCTCAGGT,0,546196
araCp,0.058823529411764705,16,16,TCCCACCTAACGGTGACTCT,0,566113
araCp,0.058823529411764705,16,16,TCCAGCGCCCAGGTTCGGAA,0,548492
araCp,0.058823529411764705,16,16,TCCAAGGAATACGAACAAAA,0,567618
araCp,0.058823529411764705,16,16,TCAGGGATAGGGCTGCGTCA,0,591444
araCp,0.058823529411764705,16,16,TCAGCGGGGCGAGCCTAAAA,0,549170
araCp,0.058823529411764705,16,16,TCACCACACGTTGGCCGTTT,0,552452
araCp,0.058823529411764705,16,16,TCAAGGGGGTTATTAGCGAA,0,550523
araCp,0.058823529411764705,16,16,TATCGTTCGTGTCAAGGCAT,0,577901
araCp,0.058823529411764705,16,16,TATCCGGTTTACAACCGTAT,0,589312
araCp,0.058823529411764705,16,16,TATATCCGCTCGACCCGAAC,0,532940
araCp,0.058823529411764705,16,16,TAGGGGTCGAGACATGGAAT,0,591377
araCp,0.058823529411764705,16,16,TAGGGGGTAACCTGTACGCT,0,592691
araCp,0.058823529411764705,16,16,TAGGCAGGGGGTTCTGTCGT,0,592383
araCp,0.058823529411764705,16,16,TAGCCTCCTCTTCTAGCTTT,0,551299
araCp,0.058823529411764705,16,16,TAGCCCTGTTCGGCGCAGCA,0,576253
araCp,0.058823529411764705,16,16,TAGCCCGTGGCGTGATAAAG,0,558476
araCp,0.058823529411764705,16,16,TAGAGTCTATTGTGGCTCTA,0,566882
araCp,0.058823529411764705,16,16,TACATGCCCAAACCTCCCGG,0,552519
araCp,0.058823529411764705,16,16,TACATAGATATTTGTCTTTC,0,588668
araCp,0.058823529411764705,16,16,TACAATGGATCTTCACAGGT,0,543818
araCp,0.058823529411764705,16,16,TAATAACGAAGATGAGATGG,0,552462
araCp,0.058823529411764705,16,16,TAAGTGTGTCAATACAACGG,0,542138
araCp,0.058823529411764705,16,16,TAAGCCAGCTAATCTTTAGT,0,564865
araCp,0.058823529411764705,16,16,TAACTATAATCGACTACAGA,0,536396
araCp,0.058823529411764705,16,16,TAACGTGGTCATAAATCACA,0,539300
araCp,0.058823529411764705,16,16,TAAAAGTGGAGCGAAAACCC,0,582850
araCp,0.058823529411764705,16,16,GTTTAAGTCCAGGGAAGAGT,0,547605
araCp,0.058823529411764705,16,16,GTTGTATGCGGATTGAGCGC,0,559545
araCp,0.058823529411764705,16,16,GTTCTTACTAGGTGCGCCTA,0,539107
araCp,0.058823529411764705,16,16,GTTCTTACGCGAGACCCCTA,0,533205
araCp,0.058823529411764705,16,16,GTTCTATAGCTTCCAAGACA,0,592675
araCp,0.058823529411764705,16,16,GTTCCACTCCTCTTTTAGAG,0,560841
araCp,0.058823529411764705,16,16,GTTAGCCGCTGGCAGTTATG,0,526852
araCp,0.058823529411764705,16,16,GTGTGGTACTCCTTTAATTC,0,592873
araCp,0.058823529411764705,16,16,GTGTGATGGAGCGGATGTTT,0,578025
araCp,0.058823529411764705,16,16,GTGTCTGACGAATGACTTCT,0,533343
araCp,0.058823529411764705,16,16,GTGGACGGTCTACTGATCAG,0,526799
araCp,0.058823529411764705,16,16,GTGCTTGACGACATTTTACA,0,525569
araCp,0.058823529411764705,16,16,GTGACCGGCGGAAGCATGGA,0,571835
araCp,0.058823529411764705,16,16,GTCTGTACCGCGCAACAGTA,0,590579
araCp,0.058823529411764705,16,16,GTCTGTAATCATTTTTGATA,0,569975
araCp,0.058823529411764705,16,16,GTCGATGCCCGAGCGTAGTC,0,541133
araCp,0.058823529411764705,16,16,GTCGAGCACTCCTCAACTTT,0,593407
araCp,0.058823529411764705,16,16,GTCCGGTGCTGTTAGTTACT,0,526664
araCp,0.058823529411764705,16,16,GTCCGGTATTCGTAGGGGCA,0,531425
araCp,0.058823529411764705,16,16,GTCCGGCCCTCTGTTGGACT,0,532855
araCp,0.058823529411764705,16,16,GTCCCCCACACGTGGTCCCA,0,550948
araCp,0.058823529411764705,16,16,GTCAGCCCGGCTATCGGCGT,0,579569
araCp,0.058823529411764705,16,16,GTCACTATGCGCGTGCGGAA,0,533907
araCp,0.058823529411764705,16,16,GTCACCACCCATAGGCTTAA,0,563579
araCp,0.058823529411764705,16,16,GTATTGCATCATTCCATGAC,0,564620
araCp,0.058823529411764705,16,16,GTATGCCACTAAATTCGTCT,0,555024
araCp,0.058823529411764705,16,16,GTATGAGCACACTTGCTTCT,0,532725
araCp,0.058823529411764705,16,16,GTAGCGACCTCCTAAAACGC,0,586961
araCp,0.058823529411764705,16,16,GTACTGTGTGCGGAGCGGAG,0,601743
araCp,0.058823529411764705,16,16,GTACGACTGAGTCGGATGTA,0,527526
araCp,0.058823529411764705,16,16,GTAATATGCATGCGAGTCGC,0,537890
araCp,0.058823529411764705,16,16,GTAACCAAATCTAAGGGGGT,0,575110
araCp,0.058823529411764705,16,16,GGTTACCGTCCAACTGTTGG,0,525601
araCp,0.058823529411764705,16,16,GGTGTCGCCGAATGCGCTCT,0,573117
araCp,0.058823529411764705,16,16,GGTGCAGTCGAATTTAACCA,0,602044
araCp,0.058823529411764705,16,16,GGTATATTGGGGAGCAGAGA,0,560853
araCp,0.058823529411764705,16,16,GGTAGTAATGGTTCATTTTT,0,577877
araCp,0.058823529411764705,16,16,GGGTCGGTTGGGGGATAGGA,0,538099
araCp,0.058823529411764705,16,16,GGGGTCACCAGCAGGTCCCT,0,536686
araCp,0.058823529411764705,16,16,GGGGTAGTAGTGTTGGTAAG,0,585815
araCp,0.058823529411764705,16,16,GGGGTAAGCCAGTGAGGAGA,0,575016
araCp,0.058823529411764705,16,16,GGGCTGCCTAGGGCTACCAC,0,558054
araCp,0.058823529411764705,16,16,GGGCGATCTGAGACAAATAA,0,585554
araCp,0.058823529411764705,16,16,GGGAGTCTGAGTTTCATTAC,0,574533
araCp,0.058823529411764705,16,16,GGGAAGACTTTACCTCCAGA,0,527475
araCp,0.058823529411764705,16,16,GGGAAGAAGAACTCGCGGTG,0,571912
araCp,0.058823529411764705,16,16,GGCTGGGCATTACTGTGAAA,0,553581
araCp,0.058823529411764705,16,16,GGCGCATAGGTTTAACGAGA,0,585248
araCp,0.058823529411764705,16,16,GGCGACGCTCGCCCCGATGA,0,569654
araCp,0.058823529411764705,16,16,GGCATGGTACCTCAAATTGG,0,580226
araCp,0.058823529411764705,16,16,GGATATTAGCATCCAGGTAA,0,590455
araCp,0.058823529411764705,16,16,GGAGGCTGGGCACCCGGTTA,0,590780
araCp,0.058823529411764705,16,16,GGACTCGAAGAACCACGTAG,0,538600
araCp,0.058823529411764705,16,16,GGACTCACCTACTAGCGGTT,0,557855
araCp,0.058823529411764705,16,16,GGACTACGAGCTTGAGATAC,0,591306
araCp,0.058823529411764705,16,16,GGAAAGTCAGCTATGGCCCC,0,581269
araCp,0.058823529411764705,16,16,GGAAAGCTTGAAAGGCGTTG,0,570502
araCp,0.058823529411764705,16,16,GCTGTATGTCCTGGATGCAA,0,581943
araCp,0.058823529411764705,16,16,GCTCAGCCCCACATTATATG,0,538328
araCp,0.058823529411764705,16,16,GCGTGGCGTTCACAACCTCC,0,585903
araCp,0.058823529411764705,16,16,GCGGCGTCCAAACGCACGTA,0,543221
araCp,0.058823529411764705,16,16,GCGCGGAGCGTGAATTTAGT,0,588843
araCp,0.058823529411764705,16,16,GCGCAACCTCCGTACGGGAC,0,592680
araCp,0.058823529411764705,16,16,GCGAACAAGATTTTCCGTTC,0,556168
araCp,0.058823529411764705,16,16,GCCTCTTACAAACTCAATTA,0,591643
araCp,0.058823529411764705,16,16,GCCTCGAAGCACGCGTGATT,0,570133
araCp,0.058823529411764705,16,16,GCCTATGGGCGTGTGACCCA,0,542914
araCp,0.058823529411764705,16,16,GCCCAGACCCCTTACTTGGA,0,545798
araCp,0.058823529411764705,16,16,GCCATACGATGATAAACAGG,0,559459
araCp,0.058823529411764705,16,16,GCATGAATTAGCCGCTTCGT,0,539746
araCp,0.058823529411764705,16,16,GCAGTTGTTTTGGAAGCTGC,0,552814
araCp,0.058823529411764705,16,16,GCAGTGCTGGGCTATGATGT,0,555811
araCp,0.058823529411764705,16,16,GCACGATGAGCTTACATATG,0,586258
araCp,0.058823529411764705,16,16,GCACCCACTCACCACGACGT,0,554414
araCp,0.058823529411764705,16,16,GCAACCAATGGGAGGGCATA,0,576193
araCp,0.058823529411764705,16,16,GCAAAGCCGGAAGTGAACGG,0,564003
araCp,0.058823529411764705,16,16,GATTTAGGTCCAACCATGGG,0,590779
araCp,0.058823529411764705,16,16,GATGTCAAATGCGTCCTGTA,0,544955
araCp,0.058823529411764705,16,16,GATCGCTCACACGGTCCATT,0,593413
araCp,0.058823529411764705,16,16,GATCACGGGTCACATATGTT,0,587594
araCp,0.058823529411764705,16,16,GAGTGCCAAGTGTCATGTTC,0,569495
araCp,0.058823529411764705,16,16,GAGGGTCTCAGCTGTTTTGG,0,591471
araCp,0.058823529411764705,16,16,GAGCCGTACTAACTGTGGAT,0,532824
araCp,0.058823529411764705,16,16,GAGCAAAACGCGTAGAAGGT,0,544048
araCp,0.058823529411764705,16,16,GAGATGCGAGCTGGGGACAC,0,600931
araCp,0.058823529411764705,16,16,GAGACTTTACAGTAGTCGAT,0,542324
araCp,0.058823529411764705,16,16,GAGAAAGTTGGCAACTTACT,0,527062
araCp,0.058823529411764705,16,16,GACTTGTTCCCGTCCAGGTG,0,538757
araCp,0.058823529411764705,16,16,GACTCTTGAGGTTAATCATA,0,545072
araCp,0.058823529411764705,16,16,GACTCGCACTAATAGAACTT,0,590622
araCp,0.058823529411764705,16,16,GACTCACCATATGCCCTGAG,0,576711
araCp,0.058823529411764705,16,16,GACTAGTGTCTGGATTCCAT,0,550822
araCp,0.058823529411764705,16,16,GACCTTTCGACGAACGGATG,0,571012
araCp,0.058823529411764705,16,16,GACCTCACCGTAACTAGCCA,0,597256
araCp,0.058823529411764705,16,16,GACCGCAACCTGACAGGTGG,0,569613
araCp,0.058823529411764705,16,16,GACCGATGGTTTGTTTAATG,0,584683
araCp,0.058823529411764705,16,16,GAATTCGCCTATAAAAGGGC,0,587726
araCp,0.058823529411764705,16,16,GAAGGTTCTCTCAGTTCTTA,0,543196
araCp,0.058823529411764705,16,16,GAACCCTCGTAGTTATGCCT,0,551054
araCp,0.058823529411764705,16,16,GAACACGTCCACTCTAACGC,0,572430
araCp,0.058823529411764705,16,16,GAAATATGGGCGGTTGGCGG,0,537497
araCp,0.058823529411764705,16,16,CTTTTATGCCAACGCTCCCA,0,533117
araCp,0.058823529411764705,16,16,CTTTAGCTGTTCAAGGGGTT,0,528072
araCp,0.058823529411764705,16,16,CTTCAACTCTTGGACTCATT,0,588020
araCp,0.058823529411764705,16,16,CTTAGGGCAAAACTCTAAGT,0,531421
araCp,0.058823529411764705,16,16,CTTAATATTGATACACTGCC,0,580573
araCp,0.058823529411764705,16,16,CTGTTAGCGCCGCGACTTAA,0,602115
araCp,0.058823529411764705,16,16,CTGGTCTTCGGGAGCATACG,0,550735
araCp,0.058823529411764705,16,16,CTGCTTGGCTTCCTATATTT,0,575017
araCp,0.058823529411764705,16,16,CTGCTAGCAAGAATTGGTTT,0,549450
araCp,0.058823529411764705,16,16,CTGCGTGGGTGGGTGGAACT,0,575007
araCp,0.058823529411764705,16,16,CTGCCTCAACAAGGCTATCA,0,596502
araCp,0.058823529411764705,16,16,CTCTTAGACCGGGCGCGATT,0,546181
araCp,0.058823529411764705,16,16,CTCCTTAAAGTTGCAGATTA,0,579672
araCp,0.058823529411764705,16,16,CTCCGACCACTACTTTGAAA,0,600070
araCp,0.058823529411764705,16,16,CTCCAGACCTATCTCCCCGG,0,536377
araCp,0.058823529411764705,16,16,CTCATGAGTGTATCCGACAA,0,538519
araCp,0.058823529411764705,16,16,CTCATGAATCTTCGAAATCG,0,525568
araCp,0.058823529411764705,16,16,CTATTTGGCATTGTCCCCAA,0,552942
araCp,0.058823529411764705,16,16,CTATCGCTATTCGCACGTGG,0,591162
araCp,0.058823529411764705,16,16,CTATACCAAGCTTAGAAGTA,0,550730
araCp,0.058823529411764705,16,16,CTAGGACGGAACAGGTAACA,0,555292
araCp,0.058823529411764705,16,16,CTAGCGATCGGCAGGAAAAT,0,548619
araCp,0.058823529411764705,16,16,CTACCCTTAACAACAAGCCT,0,534298
araCp,0.058823529411764705,16,16,CTAATCCCTGGGGGTTTGCA,0,569111
araCp,0.058823529411764705,16,16,CTAACTATGATCGAGGATTT,0,552262
araCp,0.058823529411764705,16,16,CGTTCCTAGCGGCCACGGTT,0,567680
araCp,0.058823529411764705,16,16,CGTGTCGCACGCGTTACGGA,0,540562
araCp,0.058823529411764705,16,16,CGTCCCTTCCCGGCGTTGCT,0,531248
araCp,0.058823529411764705,16,16,CGTACGACGGTGTTCGAGGA,0,585011
araCp,0.058823529411764705,16,16,CGTAATTCGGAGCTCGATCA,0,574534
araCp,0.058823529411764705,16,16,CGGTGAATGTTGGTCCCCAC,0,566959
araCp,0.058823529411764705,16,16,CGGTCTTGGGCCAGGATGCA,0,555762
araCp,0.058823529411764705,16,16,CGGTCAACTGGTCAATGCTT,0,531079
araCp,0.058823529411764705,16,16,CGGTACGGTATCGGCTTAAT,0,592379
araCp,0.058823529411764705,16,16,CGGCTGGAGTTGAACCGGCT,0,581914
araCp,0.058823529411764705,16,16,CGGCTATCTGAGACCCGCAG,0,538693
araCp,0.058823529411764705,16,16,CGGAAAAAGCTTGCACCAGA,0,578468
araCp,0.058823529411764705,16,16,CGCTGTTTGTGCGGTTTTCT,0,549122
araCp,0.058823529411764705,16,16,CGCTAGATCCTTTCAGTCTT,0,549115
araCp,0.058823529411764705,16,16,CGCGGGTATGTTCGGGCAGG,0,581765
araCp,0.058823529411764705,16,16,CGCCTAGTTCGCGCGGTTTA,0,559674
araCp,0.058823529411764705,16,16,CGCACATTAAAAACATGCAA,0,575249
araCp,0.058823529411764705,16,16,CGCAAGTAAGCTTTCTTACC,0,579841
araCp,0.058823529411764705,16,16,CGATTGGTATGGGTCTCAGT,0,578019
araCp,0.058823529411764705,16,16,CGATTCGTGGTGAGACAGAT,0,581673
araCp,0.058823529411764705,16,16,CGATTCGGTAAAAAATAAAT,0,597155
araCp,0.058823529411764705,16,16,CGATCACATTTTGAGAAGCA,0,526749
araCp,0.058823529411764705,16,16,CGAGTGTACTCAATAACTAT,0,569116
araCp,0.058823529411764705,16,16,CCTGCGTCTCTATAGACCGT,0,570693
araCp,0.058823529411764705,16,16,CCTCGGGTCCCCAAGCACGG,0,550514
araCp,0.058823529411764705,16,16,CCTATTTGGAATCCGTTAGC,0,580164
araCp,0.058823529411764705,16,16,CCTATTGGCGGAACAGTATC,0,559945
araCp,0.058823529411764705,16,16,CCTAGGGATGATCGAAGGGC,0,569127
araCp,0.058823529411764705,16,16,CCTACTTGGGAATGACTTAT,0,531291
araCp,0.058823529411764705,16,16,CCTAAGAGCAATATAGATCC,0,544316
araCp,0.058823529411764705,16,16,CCGTAATCGGTCTACGATTG,0,549770
araCp,0.058823529411764705,16,16,CCGCACCCAGTGTAAGTAGT,0,546650
araCp,0.058823529411764705,16,16,CCGAGGACAGATGAATGGCA,0,571424
araCp,0.058823529411764705,16,16,CCCTGCCATAGGGATTGCGC,0,555616
araCp,0.058823529411764705,16,16,CCCGAGTGTCTCTGTGGTGC,0,576304
araCp,0.058823529411764705,16,16,CCCCTTAAACTCGCGCGCAC,0,530949
araCp,0.058823529411764705,16,16,CCCACGCTTTCGTTATCTAT,0,584926
araCp,0.058823529411764705,16,16,CCCACGCTCTTCCGGACGGG,0,586799
araCp,0.058823529411764705,16,16,CCATATCGTGGGTGGCTTTA,0,531598
araCp,0.058823529411764705,16,16,CCACCGCAGATAGGTCACGA,0,600290
araCp,0.058823529411764705,16,16,CCAATGGTTAAACATTCTAG,0,546121
araCp,0.058823529411764705,16,16,CATTGAACGGATCGGCGGCG,0,580326
araCp,0.058823529411764705,16,16,CATTACTGAGAGGGTATCCA,0,546141
araCp,0.058823529411764705,16,16,CATGTTTGTGAATGGTGGTC,0,531541
araCp,0.058823529411764705,16,16,CATCTTACTGTTTGCAAATA,0,568088
araCp,0.058823529411764705,16,16,CATCCTGTTCCTTGAGGTTG,0,603533
araCp,0.058823529411764705,16,16,CAGTAGATTGTGTCCTATGA,0,598891
araCp,0.058823529411764705,16,16,CAGGTGGACAGGTCTTATGA,0,560176
araCp,0.058823529411764705,16,16,CAGGTCACAGTGGAGGACTA,0,547841
araCp,0.058823529411764705,16,16,CAGGCGCTGGTTAAAGGTTG,0,591584
araCp,0.058823529411764705,16,16,CAGCATAGCGTTCTCTGGCA,0,561000
araCp,0.058823529411764705,16,16,CAGCAACTATCCGCCTGACT,0,561347
araCp,0.058823529411764705,16,16,CAGAGAGATCACTCTATTGT,0,545085
araCp,0.058823529411764705,16,16,CAGACAGAATCTGGGCGGTG,0,533501
araCp,0.058823529411764705,16,16,CAGAATTGTGCCACCTATTA,0,543269
araCp,0.058823529411764705,16,16,CAGAAGGATTATCTGTAAGA,0,590940
araCp,0.058823529411764705,16,16,CACGTGGAAATTAGTACCTT,0,558436
araCp,0.058823529411764705,16,16,CACGAAAGTAGGCATTGGAC,0,551958
araCp,0.058823529411764705,16,16,CACCGGAGATCCACTACGGG,0,568860
araCp,0.058823529411764705,16,16,CACCGAGCACATGTGGGGGT,0,591346
araCp,0.058823529411764705,16,16,CACATACTCTTTTCCGGTTT,0,548459
araCp,0.058823529411764705,16,16,CACAGCGTATGAACAGACCG,0,531868
araCp,0.058823529411764705,16,16,CACAAGAATGTCTCCGTATA,0,601815
araCp,0.058823529411764705,16,16,CACAACCAGTCTCCAACAGA,0,545208
araCp,0.058823529411764705,16,16,CAAGTCTCCATTGTCAGGTG,0,552701
araCp,0.058823529411764705,16,16,CAAGGAGCAGGCTGTCGCGT,0,525536
araCp,0.058823529411764705,16,16,CAAGCCCCATGAGACTGTAC,0,556268
araCp,0.058823529411764705,16,16,CAACGCATCGATCGCGGAGA,0,585411
araCp,0.058823529411764705,16,16,CAACCGAGGGCCGCTTGGGG,0,526934
araCp,0.058823529411764705,16,16,ATTTTTCAGAGCCCTTTAAA,0,553675
araCp,0.058823529411764705,16,16,ATTGTGAACGGTGCGTAACA,0,587643
araCp,0.058823529411764705,16,16,ATTGCGTGATAACCGTGCCT,0,554733
araCp,0.058823529411764705,16,16,ATTGCGCTTACGGTGTTGCA,0,568732
araCp,0.058823529411764705,16,16,ATTGATCATGTAAGAAAGGT,0,560004
araCp,0.058823529411764705,16,16,ATTCGTTGGTTTAAAGTCCC,0,559292
araCp,0.058823529411764705,16,16,ATTATTTTTTCCGTGAACTC,0,561371
araCp,0.058823529411764705,16,16,ATTACAGCCTGTTCAGCGCC,0,537095
araCp,0.058823529411764705,16,16,ATGTCCAAGTTCAGGATGTG,0,573072
araCp,0.058823529411764705,16,16,ATGGGCGAATCAGAGATGGG,0,553767
araCp,0.058823529411764705,16,16,ATGCCACGGCTTAAGAAAAT,0,538549
araCp,0.058823529411764705,16,16,ATGCCAAGAAGAGACGACTT,0,601650
araCp,0.058823529411764705,16,16,ATGACTGGCTATCCCAACCA,0,537064
araCp,0.058823529411764705,16,16,ATGACGAGGGGCAGACCAAA,0,549675
araCp,0.058823529411764705,16,16,ATCTCCGCGATAGGTGTTTA,0,570637
araCp,0.058823529411764705,16,16,ATCGGTGGGTGCATACTGCA,0,546781
araCp,0.058823529411764705,16,16,ATCCTGAAACGGACTGACTC,0,586591
araCp,0.058823529411764705,16,16,ATCAGGAGTTCTCATGTAAA,0,535139
araCp,0.058823529411764705,16,16,ATCAGATCTATAGGTTACAA,0,577809
araCp,0.058823529411764705,16,16,ATATGCGAACCCTTTACCTC,0,555677
araCp,0.058823529411764705,16,16,ATAGTCCTGCCCGAAAATGG,0,567560
araCp,0.058823529411764705,16,16,ATACGCGGGAAGGGGGACCG,0,557353
araCp,0.058823529411764705,16,16,ATACGAAGGGTGTGATGTTT,0,550503
araCp,0.058823529411764705,16,16,AGTGTAGATTAACAATGCGT,0,534084
araCp,0.058823529411764705,16,16,AGTGCTGAGTGGGTAAAAAG,0,593985
araCp,0.058823529411764705,16,16,AGTCCGGGCTCAGCTAGAGT,0,595922
araCp,0.058823529411764705,16,16,AGTAGGCAATACACTTCGCT,0,548812
araCp,0.058823529411764705,16,16,AGTAACTTGTCTGCCAAGAT,0,591238
araCp,0.058823529411764705,16,16,AGGTGGGCCGCTCTCCTCCC,0,527209
araCp,0.058823529411764705,16,16,AGGTATAATCGTTGAAGGCT,0,569431
araCp,0.058823529411764705,16,16,AGGGGTAGCCTTACCCATAG,0,573169
araCp,0.058823529411764705,16,16,AGGCTTGATAACAGTAGCCC,0,579636
araCp,0.058823529411764705,16,16,AGGCTCAGTGAAACCGTTTC,0,592727
araCp,0.058823529411764705,16,16,AGGCGAGAAGCTTGTCGATT,0,564956
araCp,0.058823529411764705,16,16,AGGCCAAAGGCTCACTCTTT,0,567857
araCp,0.058823529411764705,16,16,AGGATGTGGGCACGGAACGT,0,549915
araCp,0.058823529411764705,16,16,AGGATAGAGAGATGTGAATT,0,572421
araCp,0.058823529411764705,16,16,AGCTTCGAACGCGTCCTCAT,0,595764
araCp,0.058823529411764705,16,16,AGCTCTTTAAATAGATTTAG,0,567159
araCp,0.058823529411764705,16,16,AGCTATTGCTGATTGTGAAA,0,533186
araCp,0.058823529411764705,16,16,AGCTACTGTCTCCTTCGCGA,0,583391
araCp,0.058823529411764705,16,16,AGCGGTGATGGCCTGGCTAA,0,562224
araCp,0.058823529411764705,16,16,AGCCCCGGGCAATCCAGTTA,0,564093
araCp,0.058823529411764705,16,16,AGCAATGACAGAACCAATCT,0,554720
araCp,0.058823529411764705,16,16,AGCAACTTTTCAAGAGCCCA,0,573675
araCp,0.058823529411764705,16,16,AGAGTTAGCCCATCAACACA,0,599829
araCp,0.058823529411764705,16,16,AGAGGAGGACGTGTCTTCCG,0,554101
araCp,0.058823529411764705,16,16,AGACGACCCTCGGATGAAGT,0,599019
araCp,0.058823529411764705,16,16,ACTGTAGAAGGTGGTCCGCG,0,601477
araCp,0.058823529411764705,16,16,ACTGGCACGAGCGGTATATG,0,589922
araCp,0.058823529411764705,16,16,ACGGGTCATTCCGCGTAGAA,0,585252
araCp,0.058823529411764705,16,16,ACGGGTAAATTAGAGGCGAC,0,552584
araCp,0.058823529411764705,16,16,ACGGAGCCCGGATGATCGGG,0,569186
araCp,0.058823529411764705,16,16,ACGCTAATAAGGCTCCATTG,0,542616
araCp,0.058823529411764705,16,16,ACGATAAGTTGGTGTAAAGC,0,598327
araCp,0.058823529411764705,16,16,ACGAGTGAAATTACCGCATT,0,585822
araCp,0.058823529411764705,16,16,ACCGCTAGGGCATCCATGTG,0,562901
araCp,0.058823529411764705,16,16,ACCGCCGGGGAGAGTATAAG,0,568690
araCp,0.058823529411764705,16,16,ACCCGGATCCGACTTTTGAA,0,588963
araCp,0.058823529411764705,16,16,ACCAGGGAGGACAGGACTAA,0,544750
araCp,0.058823529411764705,16,16,ACCACGGCCTACCAAGCTGT,0,596866
araCp,0.058823529411764705,16,16,ACATTACTCGTGAGACGCAA,0,587972
araCp,0.058823529411764705,16,16,ACATGGTGCCCGGTCTGTAG,0,592638
araCp,0.058823529411764705,16,16,ACATATGCATAGTTAGAAAC,0,548406
araCp,0.058823529411764705,16,16,ACATAGACCCGGGTGCTTAA,0,567516
araCp,0.058823529411764705,16,16,ACAGATTCGATGGGAATCGC,0,536207
araCp,0.058823529411764705,16,16,ACACCCATAATGCGTAAGAG,0,601647
araCp,0.058823529411764705,16,16,ACAACACGTAGGCAGTTTTA,0,544640
araCp,0.058823529411764705,16,16,AATTTAAGCTGACACTAGGA,0,590279
araCp,0.058823529411764705,16,16,AATTGTGATCTCGCAGTGGT,0,543770
araCp,0.058823529411764705,16,16,AATTCTGGCTGATTCTCAAA,0,528364
araCp,0.058823529411764705,16,16,AATGTGACGTCTGGCAAAAC,0,598320
araCp,0.058823529411764705,16,16,AATCACCCCGAGACCTTGAG,0,565819
araCp,0.058823529411764705,16,16,AATAAAAAGCTGGGGCCATG,0,532587
araCp,0.058823529411764705,16,16,AAGTCCGTTATCCTGCAGCC,0,564146
araCp,0.058823529411764705,16,16,AAGGTCGGCGCACGGTTTGT,0,596829
araCp,0.058823529411764705,16,16,AAGGATGGTGACAGGGACCA,0,529860
araCp,0.058823529411764705,16,16,AAGGAGATATGTCTAGCCGG,0,545242
araCp,0.058823529411764705,16,16,AAGCGTGTGGGATACTTTTA,0,576432
araCp,0.058823529411764705,16,16,AAGCGCCCGACTCATTTCCA,0,577520
araCp,0.058823529411764705,16,16,AAGACGCTGAAGTGAGCCGT,0,531038
araCp,0.058823529411764705,16,16,AACGATGATCTGTCATGAAT,0,538203
araCp,0.058823529411764705,16,16,AACCATAGGGGAATGTCAGG,0,545091
araCp,0.058823529411764705,16,16,AAATTACCATATCGCTCAGT,0,540534
araCp,0.058823529411764705,16,16,AAAGCGTGCGGGCCAGTGGT,0,530668
araCp,0.058823529411764705,16,16,AAACTTAATATTTCACGAAC,0,583797
araCp,0.058823529411764705,16,16,AAACCAAAGAGGCCGTTTCA,0,588113
araCp,0.058823529411764705,16,16,AAAAGGGTAGTATATTTGTT,0,550049
araCp,0.0625,15,15,TTTGCGATGATTACTTCTAA,0,547382
araCp,0.0625,15,15,TTGGACCCTCGGCGACGCGA,0,526656
araCp,0.0625,15,15,TTGGAAGGCACTGTGGTGAG,0,568058
araCp,0.0625,15,15,TTGCTAGATTACTGCATGGG,0,552167
araCp,0.0625,15,15,TTGAGGTTCAGAAGGAAGCT,0,544625
araCp,0.0625,15,15,TTGAACATCTAGGCTTCGAG,0,565604
araCp,0.0625,15,15,TTCTTAGAGCAAAGTATGGA,0,539385
araCp,0.0625,15,15,TTCTGTAAACGTTGGTGTAT,0,578748
araCp,0.0625,15,15,TTCTGGTCGTGTTTCGCAGC,0,571517
araCp,0.0625,15,15,TTCTCGTCGTCTGATTACCG,0,527302
araCp,0.0625,15,15,TTCGACAGCCGTTAGTAAGG,0,562693
araCp,0.0625,15,15,TTATTAATGTGAACACCACA,0,540276
araCp,0.0625,15,15,TTATATACAGCGAGGAGACT,0,564815
araCp,0.0625,15,15,TTAGTTACCGGCTGATATAT,0,569540
araCp,0.0625,15,15,TTAGGACGGCACTTAGTGTA,0,585145
araCp,0.0625,15,15,TTAATCGATAGTTCTCGTGA,0,565496
araCp,0.0625,15,15,TTAAGCGCCGCTGCGGTTGC,0,536329
araCp,0.0625,15,15,TTAAATAACATTAGTATAGT,0,592900
araCp,0.0625,15,15,TTAAAGTCAAGGGCGCTCGT,0,539038
araCp,0.0625,15,15,TGTTTCACTTCGTTGTGTTA,0,526264
araCp,0.0625,15,15,TGTGGTACTTTCAACGATTC,0,566217
araCp,0.0625,15,15,TGTGCTTGAGAATCGTGACT,0,570083
araCp,0.0625,15,15,TGTGAGTCGAAGCCCTCAAT,0,566521
araCp,0.0625,15,15,TGTCAAAGGTTGATTGGTAG,0,588712
araCp,0.0625,15,15,TGTATTCGGTGGCAAGCGTA,0,537329
araCp,0.0625,15,15,TGTAAGTTGTCTTAACCGCA,0,557467
araCp,0.0625,15,15,TGTAAAGCTTGAAAGATGGA,0,575415
araCp,0.0625,15,15,TGGTTGGAAGAAGGACCTAT,0,583388
araCp,0.0625,15,15,TGGTTCGGGCGTGGGCCTAG,0,567065
araCp,0.0625,15,15,TGGTCGCACCGAAATCCATG,0,543264
araCp,0.0625,15,15,TGGGGAGACGCGGGCACTCT,0,571493
araCp,0.0625,15,15,TGGGAAAAGATACGTTAATC,0,528733
araCp,0.0625,15,15,TGGCACGGGTGCTCGAGACA,0,549802
araCp,0.0625,15,15,TGGCAAACTACCGCCTACTT,0,592203
araCp,0.0625,15,15,TGGATCTGAATACAGGTTCA,0,568535
araCp,0.0625,15,15,TGGAGTCGTATCGCCAGGAT,0,529164
araCp,0.0625,15,15,TGGAATATGCGCACAGGCTA,0,560978
araCp,0.0625,15,15,TGGAAGGGACAGTAGCACTA,0,536553
araCp,0.0625,15,15,TGCTCAGGTGTTCAGCGGGA,0,532349
araCp,0.0625,15,15,TGCAACTAGGTTGGGTACCT,0,578349
araCp,0.0625,15,15,TGAGATGCGAACCATTCACG,0,557488
araCp,0.0625,15,15,TGACGTAGCTAATCTAAATC,0,601204
araCp,0.0625,15,15,TGAAGTAAGAGCGCGTGCGC,0,545909
araCp,0.0625,15,15,TGAAGGTCAAAAAAAATCCT,0,591723
araCp,0.0625,15,15,TCTTTTCCACACCGATCTCT,0,584985
araCp,0.0625,15,15,TCTTCAACCGCGCTCACAGG,0,601717
araCp,0.0625,15,15,TCTTAAGACGTTTCCTGTCT,0,569701
araCp,0.0625,15,15,TCTGGAACAATCCCGGGTTT,0,578355
araCp,0.0625,15,15,TCTGCTACGCATCTGAGTTA,0,534347
araCp,0.0625,15,15,TCTCCTAAATACGGTTCATA,0,585010
araCp,0.0625,15,15,TCTAGCAACACATAACTTTA,0,554525
araCp,0.0625,15,15,TCTACGTGCTCATTGGCATG,0,597488
araCp,0.0625,15,15,TCGTTGCGCTCTTTCTCAGT,0,580098
araCp,0.0625,15,15,TCGTTCAAAAAACGGTCCGC,0,551136
araCp,0.0625,15,15,TCGGTGTCGCTCGAAGGGCA,0,561917
araCp,0.0625,15,15,TCGGGCGAGACAGTGAATGC,0,559810
araCp,0.0625,15,15,TCGGCTAAAGAGTACTTTTG,0,595335
araCp,0.0625,15,15,TCGGCCTGAGATGGAATTGA,0,570295
araCp,0.0625,15,15,TCGGCCCCGAAAGGCTATAT,0,598745
araCp,0.0625,15,15,TCGCCCAACAGATATTCATT,0,542161
araCp,0.0625,15,15,TCCGGTACATCGAAAAGTAT,0,571670
araCp,0.0625,15,15,TCCAAGGTGTCGCGTCGCGT,0,591072
araCp,0.0625,15,15,TCATTTTTAGTGCTGTCCTC,0,536068
araCp,0.0625,15,15,TCATTTAGCAGATGGATGAG,0,585184
araCp,0.0625,15,15,TCATACGGTTTCTCCGGCCA,0,569859
araCp,0.0625,15,15,TCATAAGTGTATGCCCTGAA,0,551677
araCp,0.0625,15,15,TCAGTACGGGTGTTTGTCTA,0,580920
araCp,0.0625,15,15,TCAGGGTGTGATGACAGGTC,0,602973
araCp,0.0625,15,15,TCAGCCAAGGCCCTCGGAGT,0,585518
araCp,0.0625,15,15,TCACTAAGCCCTTACGTGTG,0,557701
araCp,0.0625,15,15,TCACGACCACGTCACTTTAA,0,572546
araCp,0.0625,15,15,TCAATTCCGTAGGGGGTCCA,0,601819
araCp,0.0625,15,15,TCAACAGGGTTGGGTAAATG,0,595662
araCp,0.0625,15,15,TCAAATCACAACAGACATTT,0,529837
araCp,0.0625,15,15,TATTATTACAGCGCTGTGCT,0,588957
araCp,0.0625,15,15,TATGGGTTCGACAAGATCTA,0,562266
araCp,0.0625,15,15,TATGCGAATCGGCCGTTTAA,0,558522
araCp,0.0625,15,15,TATCATCACTCCATGTTGAT,0,583093
araCp,0.0625,15,15,TATATACTATTACGCGGCAT,0,548687
araCp,0.0625,15,15,TAGGGCGGGGATGGAACTTC,0,569853
araCp,0.0625,15,15,TAGGCCAGCCCTCTGAACTC,0,570507
araCp,0.0625,15,15,TAGAGGAAGAAGCTCCCGGG,0,596686
araCp,0.0625,15,15,TAGACGGCCGCCGATTAGTA,0,530145
araCp,0.0625,15,15,TACTGTAGTTATTGGTTTGA,0,555030
araCp,0.0625,15,15,TACCCAGCACCCTCCGCTTG,0,531158
araCp,0.0625,15,15,TACCAGCAGGTTCACCGATC,0,584255
araCp,0.0625,15,15,TAATTCTGATAGGCCGAGAC,0,585377
araCp,0.0625,15,15,TAATGGGTGTGTAGGTTGGT,0,592316
araCp,0.0625,15,15,TAATCGCACTTATAATATAG,0,581002
araCp,0.0625,15,15,TAATCACTTATGTCCTCAGG,0,559555
araCp,0.0625,15,15,TAATAGTCCATAATCAAGAA,0,546634
araCp,0.0625,15,15,TAATAGCTAAAATCGGCATT,0,564557
araCp,0.0625,15,15,TAAGTACACGGCGGTAGCAG,0,539246
araCp,0.0625,15,15,TAACGCGAGTTTGTAGTGAA,0,595937
araCp,0.0625,15,15,TAACCTCCAAGCCGCGATTG,0,584915
araCp,0.0625,15,15,GTTTGGTGGTTACTCACTCG,0,532732
araCp,0.0625,15,15,GTTTGGTACACGTACTGGAG,0,601719
araCp,0.0625,15,15,GTTGAACGGCAAACACCAGA,0,561993
araCp,0.0625,15,15,GTTCGGGTCAGAGACGAACG,0,590219
araCp,0.0625,15,15,GTTCGCAGCGGGTGCCTCTG,0,584906
araCp,0.0625,15,15,GTTCGAGTACGTTACACCCT,0,591347
araCp,0.0625,15,15,GTTATCTTACGACACGATGC,0,539660
araCp,0.0625,15,15,GTTACAGATACGGTCGCTAG,0,538927
araCp,0.0625,15,15,GTTAAGCACGGTAAGCGCTG,0,531704
araCp,0.0625,15,15,GTGTTTGGGCTTCCTCGATT,0,539437
araCp,0.0625,15,15,GTGTAAGGTAGACAGCGCGA,0,582230
araCp,0.0625,15,15,GTGCGCGTGAACTCTGTCTT,0,531927
araCp,0.0625,15,15,GTGACGTTAAAGTATGGATT,0,529413
araCp,0.0625,15,15,GTGAAGGGCCCCTCTTATCA,0,548489
araCp,0.0625,15,15,GTCTGGGTCGCGAGGTTTTT,0,603678
araCp,0.0625,15,15,GTCTGCGCCCCTTGCTCGCA,0,547504
araCp,0.0625,15,15,GTCTCCACGGACAGCAAATA,0,539762
araCp,0.0625,15,15,GTCGTACCAAATATCGGTAC,0,580486
araCp,0.0625,15,15,GTCCGACCCACGGCCTCTGC,0,538829
araCp,0.0625,15,15,GTCCCGCGCTTGGATTAAAC,0,579704
araCp,0.0625,15,15,GTCATACGAGGTCTTAACAT,0,545763
araCp,0.0625,15,15,GTCAATCGTTAATAAGCGTG,0,564210
araCp,0.0625,15,15,GTATCGCGGAGAGATTTGGT,0,565353
araCp,0.0625,15,15,GTAGACTCGTTGGGCTGCAA,0,549375
araCp,0.0625,15,15,GTACCCTGGGGAGATGCACA,0,603201
araCp,0.0625,15,15,GTACAGTTATGCGGCTCTCT,0,598440
araCp,0.0625,15,15,GTAATACTCGCCAACGTGGA,0,599397
araCp,0.0625,15,15,GGTTAAGCTCGGGTGGTGAT,0,590403
araCp,0.0625,15,15,GGTTAACCATTGCTCAGGAC,0,567291
araCp,0.0625,15,15,GGTCTGTCCGGTAGAGGGAT,0,563855
araCp,0.0625,15,15,GGTAACTCAGACGTACTGGT,0,534003
araCp,0.0625,15,15,GGGTTGCTATCAACAGGTGT,0,576225
araCp,0.0625,15,15,GGGTGTCACGGGGAGGCAGA,0,558754
araCp,0.0625,15,15,GGGTCGTAGCCCATGGACAA,0,569509
araCp,0.0625,15,15,GGGTAGGGATAAATCGGGAG,0,553571
araCp,0.0625,15,15,GGGGTCAGTGCCTGTAGACA,0,592912
araCp,0.0625,15,15,GGGGATCTGAACTCGTTTAC,0,561082
araCp,0.0625,15,15,GGGGACAGTCGCGACGTATA,0,570450
araCp,0.0625,15,15,GGGCTGTCAAATCATCGAGA,0,556591
araCp,0.0625,15,15,GGGCTAAGAAATAGGCTCAT,0,545011
araCp,0.0625,15,15,GGGACGGGTAGTACGGCTCA,0,589465
araCp,0.0625,15,15,GGCGTGCGACATTAGGGTGT,0,540113
araCp,0.0625,15,15,GGCGGCACACTAACCTAAAT,0,539250
araCp,0.0625,15,15,GGCGAAAAGACTGGGGGTGT,0,554848
araCp,0.0625,15,15,GGCATTACTTTGACATTTAA,0,586414
araCp,0.0625,15,15,GGCACTGTATCGAATCAACA,0,531914
araCp,0.0625,15,15,GGATTCTTAGGGAACGTTAG,0,599818
araCp,0.0625,15,15,GGATTCGTTGCACGTATGTG,0,582336
araCp,0.0625,15,15,GGATAGCGACTGTTGAGTCT,0,576598
araCp,0.0625,15,15,GGAGGCTAGTTCCGACATAT,0,556983
araCp,0.0625,15,15,GGAGCTCGATTAGGGCTCTC,0,550775
araCp,0.0625,15,15,GCTTGGTTGTTAAACAGTGG,0,548564
araCp,0.0625,15,15,GCTTACCACAGGCCATTACA,0,584631
araCp,0.0625,15,15,GCTGTAGGCCTAGGCTATTT,0,557752
araCp,0.0625,15,15,GCTCCAGACGGACCGCAGGT,0,553329
araCp,0.0625,15,15,GCTAGTTCGATCAGGGCGTT,0,529461
araCp,0.0625,15,15,GCGTGGTTAAGCGGACCGCA,0,535141
araCp,0.0625,15,15,GCGTACAGCATGACAGGCTG,0,574735
araCp,0.0625,15,15,GCGGCGTGGCCACCTTACGA,0,535069
araCp,0.0625,15,15,GCGCTATTGCAACACGTTGG,0,591817
araCp,0.0625,15,15,GCCGCGTATTGACAGGTGCA,0,571722
araCp,0.0625,15,15,GCCATCGGGGGCTTTGCGAG,0,581358
araCp,0.0625,15,15,GCCAGTATCCTCGGGGTAGA,0,563916
araCp,0.0625,15,15,GCACCCTTACCCATGCGCCA,0,529776
araCp,0.0625,15,15,GCAATGTCTATACGGAACCG,0,527212
araCp,0.0625,15,15,GCAACCAGCGACGCTGTCTA,0,578339
araCp,0.0625,15,15,GATTCGGAGATGATGTAACT,0,591114
araCp,0.0625,15,15,GATGTGCGATTCTTGTTAGA,0,530333
araCp,0.0625,15,15,GATGGCGAAGAGAAGGAGCT,0,567681
araCp,0.0625,15,15,GATGGCCACGCTTTAGGTAC,0,565992
araCp,0.0625,15,15,GATGCTTATCTACAAAGCCG,0,598150
araCp,0.0625,15,15,GATGATACGTTTCAGGCTAT,0,536943
araCp,0.0625,15,15,GATCTATGTCTGCAAAGTCG,0,585243
araCp,0.0625,15,15,GAGTTTGCTTGCGATTAGTC,0,558696
araCp,0.0625,15,15,GAGGTCCTGTCAGTACCTTG,0,575930
araCp,0.0625,15,15,GAGGTATAGGGGACAGGCAT,0,593419
araCp,0.0625,15,15,GAGGGTCTTCTCTGTTCATT,0,550345
araCp,0.0625,15,15,GACTAGGTATAAATTTATGA,0,597223
araCp,0.0625,15,15,GACGAGTCAGATTGCGCGTT,0,533943
araCp,0.0625,15,15,GACCGAATAATGTAATACGA,0,579455
araCp,0.0625,15,15,GACACGCACGGACACATATA,0,574182
araCp,0.0625,15,15,GAATGCTTTTTATTTCTTGT,0,574868
araCp,0.0625,15,15,GAATGAGCGTCTAGGTAGCT,0,542494
araCp,0.0625,15,15,GAACGGTCTACGAGACGGAC,0,561744
araCp,0.0625,15,15,CTTTAGTCAGAATTGGTGAA,0,560913
araCp,0.0625,15,15,CTTGGGACAGAAATCGGAGC,0,579462
araCp,0.0625,15,15,CTTGGAGCGATGAATGAAGC,0,529627
araCp,0.0625,15,15,CTTCTTGATGATATAACTAG,0,581207
araCp,0.0625,15,15,CTTCTAGCCTTAAAGGGACG,0,542187
araCp,0.0625,15,15,CTTCGGATTTAATAGACCCA,0,565564
araCp,0.0625,15,15,CTTCACTAAGCATTCCAGGA,0,596122
araCp,0.0625,15,15,CTTACTTGACATGTATGGCT,0,603109
araCp,0.0625,15,15,CTGGGTTGAACTCCACGTAG,0,544325
araCp,0.0625,15,15,CTGGCCGCCGGTCTGCGCGA,0,551347
araCp,0.0625,15,15,CTGGATCCTAGCGCTTCACT,0,552518
araCp,0.0625,15,15,CTGCTAGTTGATCTATATTG,0,555153
araCp,0.0625,15,15,CTGCCTGGCCCTACCTCTTC,0,555802
araCp,0.0625,15,15,CTGCAATGCCACGCCAATGA,0,591112
araCp,0.0625,15,15,CTGAGTCCCAAACCCAGGCG,0,560386
araCp,0.0625,15,15,CTCTTCCGCGTTAGCAGTGT,0,534236
araCp,0.0625,15,15,CTCTGCCTTGGCACTACTTA,0,574322
araCp,0.0625,15,15,CTCTACACGCGGGCACCACC,0,568943
araCp,0.0625,15,15,CTCGTGAGCGCAATATGATG,0,551147
araCp,0.0625,15,15,CTCCCGGTGGCGCTAAATAG,0,542183
araCp,0.0625,15,15,CTCCCATGCGCATACTCAGT,0,545069
araCp,0.0625,15,15,CTCAGGCAAGGTCGATTCGA,0,572117
araCp,0.0625,15,15,CTCAGATTTTAAAGCTAGAC,0,600634
araCp,0.0625,15,15,CTCAATAACCCCCTTCACCA,0,587293
araCp,0.0625,15,15,CTATTGTTGAAGGGTCCGCG,0,551962
araCp,0.0625,15,15,CTATAGAGCCGTTATGCTGT,0,558569
araCp,0.0625,15,15,CTATACGCCAGGATCTTTAC,0,592855
araCp,0.0625,15,15,CTAGGGGATCTGCGCCTCAG,0,535985
araCp,0.0625,15,15,CTACACATCGCCAAGACGCG,0,580519
araCp,0.0625,15,15,CTAAAATGGCCATAATGCAG,0,560979
araCp,0.0625,15,15,CGTGTAGAATACCACACCAG,0,586869
araCp,0.0625,15,15,CGTGCGTTCGAGCACTATCT,0,587585
araCp,0.0625,15,15,CGTCCTACGTGCGCTTGAGG,0,560866
araCp,0.0625,15,15,CGTCCGTTGGGTAGATTTGT,0,555246
araCp,0.0625,15,15,CGTCCATCAGGGCAACAATA,0,528314
araCp,0.0625,15,15,CGTAACCGTAAGTCGGACAA,0,600018
araCp,0.0625,15,15,CGTAAACTCAAACGCACTAC,0,592486
araCp,0.0625,15,15,CGGTCAGTATATTTTCCATT,0,587385
araCp,0.0625,15,15,CGGGTCGGAGGGGTAATTTA,0,579826
araCp,0.0625,15,15,CGGGCATTGTCTTACTGTCA,0,528574
araCp,0.0625,15,15,CGGCCCTCAAATCTGTTGAT,0,560741
araCp,0.0625,15,15,CGGAGTCGAATAATAGAGAC,0,592851
araCp,0.0625,15,15,CGGAAGATTCATACGTACAT,0,527006
araCp,0.0625,15,15,CGCGTTGCAGCTTGTTTGCC,0,594228
araCp,0.0625,15,15,CGATTTCGAGGGCTAACGCA,0,545605
araCp,0.0625,15,15,CGATAGTTCAACCCTTTTTC,0,573826
araCp,0.0625,15,15,CGAGAATTAGGCCTGTGACT,0,553084
araCp,0.0625,15,15,CGACCAGCCGAATACAGGCA,0,537032
araCp,0.0625,15,15,CCTGCATGAAAATTAAAGCA,0,566486
araCp,0.0625,15,15,CCTCAGCCGATTCATCCGTA,0,572067
araCp,0.0625,15,15,CCTATGGTTCAACGATATGG,0,542359
araCp,0.0625,15,15,CCTATACGCGTGGGAGGGAG,0,567737
araCp,0.0625,15,15,CCTAAGGCTATGCCATTAGG,0,568369
araCp,0.0625,15,15,CCTAAGCGCTGTCAAACGCT,0,578507
araCp,0.0625,15,15,CCGTCGAACAGAGTAAGCAT,0,549648
araCp,0.0625,15,15,CCGCATGTTTATTTGGCAGA,0,599926
araCp,0.0625,15,15,CCGATCAGCGCCTTCTGCGC,0,544746
araCp,0.0625,15,15,CCGACACACTGCCCCCGCCA,0,572368
araCp,0.0625,15,15,CCCGAGGTAAAAGGAGGATA,0,578743
araCp,0.0625,15,15,CCCCTTTGTGAGCTCGTACA,0,591018
araCp,0.0625,15,15,CCCCGAGACGCACCGAAAAG,0,589384
araCp,0.0625,15,15,CCCCCGGATCCCGGATTCTG,0,529335
araCp,0.0625,15,15,CCCCCCTGACCCTTACACTA,0,528139
araCp,0.0625,15,15,CCCCATGGATGGGCTTCAAT,0,580865
araCp,0.0625,15,15,CCCATTTATGGTGAGATAAT,0,592780
araCp,0.0625,15,15,CCACTTACTAATATCGAGGG,0,601166
araCp,0.0625,15,15,CCACGTGGCAGGTGACCGGA,0,551256
araCp,0.0625,15,15,CCACACCTTCCACTCTCTGT,0,587765
araCp,0.0625,15,15,CCAACCGAGCCGGATCACAC,0,534219
araCp,0.0625,15,15,CCAACACGGTGTAGCATGTC,0,575113
araCp,0.0625,15,15,CATTTGGCGCTTAATTCTCC,0,561365
araCp,0.0625,15,15,CATTAAATTGTCGCAGATCT,0,556746
araCp,0.0625,15,15,CATATCAGGCTCGCGTATAA,0,549528
araCp,0.0625,15,15,CATAAGGTGGAAGTTGAGCG,0,602775
araCp,0.0625,15,15,CAGTTTTCGGGCCACCGTAG,0,573484
araCp,0.0625,15,15,CAGTTTAACGCCTAGAGTCA,0,588134
araCp,0.0625,15,15,CAGTAAAGGTCCTGAATATG,0,538428
araCp,0.0625,15,15,CAGGTATACATCAAATAGGT,0,540760
araCp,0.0625,15,15,CAGCAACCTCAGCGGCCCGG,0,568420
araCp,0.0625,15,15,CAGATTACAATCGGTAGCTG,0,542378
araCp,0.0625,15,15,CAGAATACAAAAACAATAAT,0,556471
araCp,0.0625,15,15,CACGGAAGACGATGAGATTC,0,543652
araCp,0.0625,15,15,CACGAGTGAGGGTGTAACAA,0,537521
araCp,0.0625,15,15,CACCTCCCGGTAGGATTTAA,0,534921
araCp,0.0625,15,15,CACCGGTGATTCCATCAGTT,0,597721
araCp,0.0625,15,15,CACCGGCCAGACGAGGCCAG,0,560615
araCp,0.0625,15,15,CACCGGCACTCCCGTACTCG,0,585341
araCp,0.0625,15,15,CACCAGTGAGGGTTCTGTTT,0,563068
araCp,0.0625,15,15,CAATTGCCCGGGGATGACTC,0,552064
araCp,0.0625,15,15,CAATCTCGTTCGAGTTCCTA,0,602790
araCp,0.0625,15,15,CAAGTATCTCCGCGCGGTGT,0,584553
araCp,0.0625,15,15,CAAGAGACAGGACTGCCCTA,0,552196
araCp,0.0625,15,15,CAAAGTATATGAAAGAGGCG,0,555591
araCp,0.0625,15,15,ATTTTTATGTTAGTGGCTGC,0,597775
araCp,0.0625,15,15,ATTGATAAGAACCGACAGTA,0,555157
araCp,0.0625,15,15,ATTCGTGAGGTTCGTTGAAA,0,565566
araCp,0.0625,15,15,ATGTCCATCATTCCGTTGAA,0,544481
araCp,0.0625,15,15,ATGTACGGTAAACGACAGCC,0,589794
araCp,0.0625,15,15,ATGCTGCAGCTTTGACCTTA,0,577589
araCp,0.0625,15,15,ATGCGTAAAGTCCTACTTGG,0,600327
araCp,0.0625,15,15,ATGCGAGCGCTCATTTTTTG,0,559360
araCp,0.0625,15,15,ATCGGCCTCTCTACATTTAG,0,538797
araCp,0.0625,15,15,ATCCTCCCAAGAAACAGATG,0,601436
araCp,0.0625,15,15,ATCCGTGTATGAAGTAATTT,0,571564
araCp,0.0625,15,15,ATCCATTCAGGCAGACCCTG,0,560444
araCp,0.0625,15,15,ATATGTCTTAACCGAAAAGT,0,555572
araCp,0.0625,15,15,ATATCTGTTCGGGTAGCGAC,0,559805
araCp,0.0625,15,15,ATAATTTTTCATCTTGTCTC,0,571175
araCp,0.0625,15,15,ATAATCTATCAAACTTCGAA,0,536557
araCp,0.0625,15,15,ATAACTAGCTGCAAGTTATA,0,537163
araCp,0.0625,15,15,AGTTGTGCGACAGCGATCAC,0,557840
araCp,0.0625,15,15,AGTTGTGAAGCGTTGTAATT,0,587657
araCp,0.0625,15,15,AGTTAGAACTCTCAACTGCG,0,596504
araCp,0.0625,15,15,AGTGAAAGGGCTCCCAATCC,0,527617
araCp,0.0625,15,15,AGTCGGCTTTTGCTGAGAAA,0,580476
araCp,0.0625,15,15,AGTCATACGCCCATCTTCAG,0,601098
araCp,0.0625,15,15,AGTCACAACTTCTCGACTAA,0,557974
araCp,0.0625,15,15,AGTATACTGATTCTTCAAAT,0,573119
araCp,0.0625,15,15,AGTAAGGCTTATTTCTTGGA,0,530404
araCp,0.0625,15,15,AGGTTGTTACCAAATTCGTT,0,538215
araCp,0.0625,15,15,AGGTTGCCGGGCTTGATCGA,0,558770
araCp,0.0625,15,15,AGGTCGAGATGACGACAGCC,0,579078
araCp,0.0625,15,15,AGGTCCCATAGCTCAGCCCA,0,571488
araCp,0.0625,15,15,AGGTAGCTAGGCTTGCACGT,0,533668
araCp,0.0625,15,15,AGGGTGGCATCAAGTGCACT,0,581260
araCp,0.0625,15,15,AGGGTCAGGTTGCCAAACGC,0,529375
araCp,0.0625,15,15,AGGGCCTAGTCGCCCTCGAC,0,568573
araCp,0.0625,15,15,AGGCGGCCTAGAGGGGTAAC,0,601631
araCp,0.0625,15,15,AGGCCTCGGCCAATGAAACC,0,561985
araCp,0.0625,15,15,AGGCCCGGATTATGTGTGTC,0,572166
araCp,0.0625,15,15,AGGCCACATACACGGGACAT,0,586644
araCp,0.0625,15,15,AGGATCTTTGCAAGTTGGTT,0,525584
araCp,0.0625,15,15,AGGATCTCAAACAACAGGTT,0,575979
araCp,0.0625,15,15,AGCTGACCAGTCGGCCCAGC,0,526968
araCp,0.0625,15,15,AGCTCGTCGGATAGGTGAAG,0,592040
araCp,0.0625,15,15,AGCGCCTGTACACGTACGGG,0,567790
araCp,0.0625,15,15,AGCCAAAGGACGCGTCGAGG,0,590836
araCp,0.0625,15,15,AGCATCGTAGGGTTTGGCGA,0,595294
araCp,0.0625,15,15,AGCAGTGTAGATTCCGGGGT,0,594140
araCp,0.0625,15,15,AGCAGCGCGCCTGCCGCTAC,0,532723
araCp,0.0625,15,15,AGCAACCCACTGCATAGTGT,0,574739
araCp,0.0625,15,15,AGATTGCAACCCCCGTGCAA,0,543709
araCp,0.0625,15,15,AGAGTTTTGGTGTGGCCAAG,0,587918
araCp,0.0625,15,15,AGAGTGCGCCTAGTTGACAC,0,528672
araCp,0.0625,15,15,AGAGAATGTACCAGGCCAGA,0,553286
araCp,0.0625,15,15,AGACCATCCATTCGCGTGAA,0,538095
araCp,0.0625,15,15,AGAAGACCTCAAGCCTCGAA,0,581536
araCp,0.0625,15,15,ACTTATGAGCTAAGCCTTGG,0,597577
araCp,0.0625,15,15,ACTTACAATCCTCGCCGGCC,0,599687
araCp,0.0625,15,15,ACTGGATGTCAGCGCGAAAG,0,575654
araCp,0.0625,15,15,ACTGGAAGCTCGCTATGCAT,0,566331
araCp,0.0625,15,15,ACTGAATGGTAAATAAGTGA,0,588022
araCp,0.0625,15,15,ACTCTTGATGCTATACAGCG,0,597969
araCp,0.0625,15,15,ACTCTACCCAGGTCTTTCCC,0,561274
araCp,0.0625,15,15,ACTCGGACATCAGTCAAAAT,0,540131
araCp,0.0625,15,15,ACTCGATACTATTGTTGTCT,0,591458
araCp,0.0625,15,15,ACTCCAAATGGAGATACTAC,0,584642
araCp,0.0625,15,15,ACTAACGAACTCTATGAGGT,0,574846
araCp,0.0625,15,15,ACGGCGTTTTTTTTAGCGTA,0,569706
araCp,0.0625,15,15,ACGGCATTTGTCTTGTCCAG,0,594197
araCp,0.0625,15,15,ACGGCAACGCTGGCCCGAGG,0,589200
araCp,0.0625,15,15,ACGCACCGTGCAATGATCCT,0,589264
araCp,0.0625,15,15,ACGATCTAGGTACTCTCGAG,0,598033
araCp,0.0625,15,15,ACCTTTGATTGTAAGTGCTG,0,536690
araCp,0.0625,15,15,ACCTGAGATAGATTGAACAA,0,591303
araCp,0.0625,15,15,ACCTACAGAAGAGGAGGATT,0,584257
araCp,0.0625,15,15,ACCGGTCCGCTGGACCCGGA,0,592690
araCp,0.0625,15,15,ACCGAGGATCGATTTCGTGT,0,550884
araCp,0.0625,15,15,ACCCAGAGACACAATCGTCG,0,597669
araCp,0.0625,15,15,ACCAACTCTCGCCACGATAA,0,553869
araCp,0.0625,15,15,ACCAACCGTATGGTCAATGA,0,577500
araCp,0.0625,15,15,ACATGGATTTGATGCAGCAA,0,537204
araCp,0.0625,15,15,ACACTTGCTCGCCTCGACAG,0,543148
araCp,0.0625,15,15,AATTTAGGAAAGCCGGCACA,0,598497
araCp,0.0625,15,15,AATGTAATTGTTGCTAGCTG,0,544142
araCp,0.0625,15,15,AATGCCGAGCACGCAACGTC,0,559041
araCp,0.0625,15,15,AATGATTCTTTTAAACTACA,0,573447
araCp,0.0625,15,15,AAGTACGCACTGTAACATTA,0,581110
araCp,0.0625,15,15,AAGTAATGCCGTCAAGCTCT,0,595821
araCp,0.0625,15,15,AAGGTCACTCCATCTTCAAT,0,547549
araCp,0.0625,15,15,AAGGTCAAGCTTCGGAATCG,0,593364
araCp,0.0625,15,15,AAGGGAGAGTTCTAGGCAGC,0,555567
araCp,0.0625,15,15,AAGGAGTTCCGGTGTGTTGA,0,585896
araCp,0.0625,15,15,AAGGAGGCAATTGTCAACCT,0,561743
araCp,0.0625,15,15,AAGCTGGATCAGTAAGTTTA,0,531596
araCp,0.0625,15,15,AAGCGTAAGTCCCGCTAAGC,0,554212
araCp,0.0625,15,15,AAGATTTGCATACAAGGCTT,0,579842
araCp,0.0625,15,15,AACTAAGTTGGGCACTATTG,0,560460
araCp,0.0625,15,15,AACGGAAGGGTTTTGATCGG,0,544213
araCp,0.0625,15,15,AACGAAAAGACGCGTGAATT,0,585031
araCp,0.0625,15,15,AACCTGCAAGGCTGTATTGA,0,579301
araCp,0.0625,15,15,AACCTCCTTTCAATGGCAAC,0,551496
araCp,0.0625,15,15,AACCTCCCCTGCGAATAACA,0,567829
araCp,0.0625,15,15,AACAATTTATGCCCTAGGAG,0,542358
araCp,0.0625,15,15,AAATTCCGAATACACTCATT,0,549310
araCp,0.0625,15,15,AAATGGACGGGGGATCTAAT,0,595566
araCp,0.0625,15,15,AAAGTGTCTCAGTAGATGGT,0,542544
araCp,0.0625,15,15,AAAGGGGGATTGATGCCTCG,0,588316
araCp,0.0625,15,15,AAACTCCGCGATAAAGTCTT,0,529079
araCp,0.0625,15,15,AAACCTAACTATGTGGCTGA,0,542373
araCp,0.0625,15,15,AAAATTTGTTTTTCACTGCA,0,592179
araCp,0.0625,15,15,AAAAGTGGCTTGGCCTATCA,0,568489
araCp,0.06666666666666667,14,14,TTTTTAATGGCATCCTACGA,0,555943
araCp,0.06666666666666667,14,14,TTTTCCGCGACGTGAAGGCC,0,586397
araCp,0.06666666666666667,14,14,TTTGGAACAGGACGGCGTAT,0,603574
araCp,0.06666666666666667,14,14,TTTGACGTTTGATCGGACCT,0,581845
araCp,0.06666666666666667,14,14,TTTCCGTGGACTTACCCAGG,0,543729
araCp,0.06666666666666667,14,14,TTTATCTCGGCACGCAATCT,0,588088
araCp,0.06666666666666667,14,14,TTTACTGCTCGTCTTTATAC,0,549879
araCp,0.06666666666666667,14,14,TTTACTCCCTTACAAGGGGT,0,527103
araCp,0.06666666666666667,14,14,TTTACGAGGTACGGGCACCT,0,578799
araCp,0.06666666666666667,14,14,TTGTTTCCGGCCGTCTCGCG,0,528896
araCp,0.06666666666666667,14,14,TTGTGCACGCTCAAGGGCCA,0,559910
araCp,0.06666666666666667,14,14,TTGTACACGAATCAGGGGAA,0,544098
araCp,0.06666666666666667,14,14,TTGGTCTGGCAGGGGAGACA,0,528282
araCp,0.06666666666666667,14,14,TTGCTAGTTAGCGCCGGGAT,0,560440
araCp,0.06666666666666667,14,14,TTGCGAGTTGCAGAGTCTCT,0,526045
araCp,0.06666666666666667,14,14,TTCTTCCGCACAGTATAACA,0,530712
araCp,0.06666666666666667,14,14,TTCGTTAACCGGTGGTCCAT,0,587357
araCp,0.06666666666666667,14,14,TTCCAAGTCGAACGTCTCAT,0,560786
araCp,0.06666666666666667,14,14,TTATTGCGGTAGATATAATA,0,532997
araCp,0.06666666666666667,14,14,TTATGTTGCTACCCCACAGT,0,581674
araCp,0.06666666666666667,14,14,TTAGTATCAATCCCCAACGA,0,549286
araCp,0.06666666666666667,14,14,TTACGGACTACGTTTCCCAA,0,546340
araCp,0.06666666666666667,14,14,TTAACTACGTCCCCGAGGGT,0,551283
araCp,0.06666666666666667,14,14,TGTTTACATCCCAAACAACA,0,601437
araCp,0.06666666666666667,14,14,TGTGGTCCTTACGAAACTAC,0,576053
araCp,0.06666666666666667,14,14,TGTGGCCCCGAGACCCGGCG,0,529515
araCp,0.06666666666666667,14,14,TGTCCTGTACCTTCACGCTT,0,563548
araCp,0.06666666666666667,14,14,TGTCCGGGCCAAAGGCATGT,0,553076
araCp,0.06666666666666667,14,14,TGTCATTGCCCATCACGCTA,0,539546
araCp,0.06666666666666667,14,14,TGTATTTCCCCGGACCGTGG,0,537961
araCp,0.06666666666666667,14,14,TGTAGGAGCCCTACTCATCA,0,569619
araCp,0.06666666666666667,14,14,TGGTTACCAGGGTTGAAAGG,0,541213
araCp,0.06666666666666667,14,14,TGGGTAAGTCTAGGGCAGCA,0,573645
araCp,0.06666666666666667,14,14,TGGCCCTGTGCCTGTCCGAT,0,539668
araCp,0.06666666666666667,14,14,TGGCCCCGAACGACGCATGG,0,571693
araCp,0.06666666666666667,14,14,TGGAGCCGCCTTTTCGGTCC,0,567508
araCp,0.06666666666666667,14,14,TGCGCACCTCGTTGGGTACT,0,547096
araCp,0.06666666666666667,14,14,TGCGATATGAGGCTATTTCG,0,580574
araCp,0.06666666666666667,14,14,TGCCGAAGAATGTGACAAAA,0,565334
araCp,0.06666666666666667,14,14,TGCCAAATCGTTAGGCGGAT,0,585557
araCp,0.06666666666666667,14,14,TGCATCAATATGTAGCTCGC,0,564277
araCp,0.06666666666666667,14,14,TGCAGGACCCACTACCCTTG,0,586729
araCp,0.06666666666666667,14,14,TGCACGACCGTTATTCGAGG,0,602374
araCp,0.06666666666666667,14,14,TGCACAAGGAGGCCGCTGGT,0,563201
araCp,0.06666666666666667,14,14,TGATTACACGACGCCGCTCA,0,602313
araCp,0.06666666666666667,14,14,TGATCTGTAGTTTATCGACC,0,538730
araCp,0.06666666666666667,14,14,TGATATGGGTTGCCTACGAA,0,585700
araCp,0.06666666666666667,14,14,TGAACAGCTCAGGAAAGTTG,0,588762
araCp,0.06666666666666667,14,14,TGAAACTCGTGATAGCAGGG,0,526819
araCp,0.06666666666666667,14,14,TCTTACCTTCTAGCTCACAT,0,598591
araCp,0.06666666666666667,14,14,TCTCAGGTCTGGGGTTCGAA,0,563941
araCp,0.06666666666666667,14,14,TCTCACGACCGGATCACCGT,0,526182
araCp,0.06666666666666667,14,14,TCTATGTAGATATTGATTAT,0,560050
araCp,0.06666666666666667,14,14,TCTATCAAGATGACCCAGCC,0,549899
araCp,0.06666666666666667,14,14,TCTAGTACAGTCGGTTGACC,0,575694
araCp,0.06666666666666667,14,14,TCGTACCGGGATCATACACA,0,582226
araCp,0.06666666666666667,14,14,TCGGCTGCTTTGAGCAGTTA,0,545800
araCp,0.06666666666666667,14,14,TCGGACGCATGCGAAACTGT,0,546953
araCp,0.06666666666666667,14,14,TCGCTGATTACAGCACTAAT,0,540228
araCp,0.06666666666666667,14,14,TCGCCGTACGCGTACAGTGA,0,567789
araCp,0.06666666666666667,14,14,TCCCGGGGGACGAGGTCAAC,0,577980
araCp,0.06666666666666667,14,14,TCCCGGAAACATTGGCAATC,0,562918
araCp,0.06666666666666667,14,14,TCCAAGTACCGGTATGGAAG,0,579011
araCp,0.06666666666666667,14,14,TCATGCATACGGCACACCAA,0,565472
araCp,0.06666666666666667,14,14,TCATCATAGATAAACATTAC,0,555088
araCp,0.06666666666666667,14,14,TCAGGGGGTTGCTAACCTGA,0,554718
araCp,0.06666666666666667,14,14,TCAACTCGATGTATCATCTC,0,560296
araCp,0.06666666666666667,14,14,TCAAACGCCCTATAGGCTCA,0,588423
araCp,0.06666666666666667,14,14,TATTTAACTTCTTATGGGAC,0,577747
araCp,0.06666666666666667,14,14,TATTGGTTACGTTAAAAAAG,0,528211
araCp,0.06666666666666667,14,14,TATTAGGGTGGACCGTTGCC,0,591696
araCp,0.06666666666666667,14,14,TATTAGCGCACACGCGCTTC,0,590610
araCp,0.06666666666666667,14,14,TATTAAGTTGGTCGGGGGTC,0,577346
araCp,0.06666666666666667,14,14,TATCATTGCATACTCTAGGA,0,597851
araCp,0.06666666666666667,14,14,TATAATTCACTTCGGTCGAG,0,535782
araCp,0.06666666666666667,14,14,TATAACAATTGGATTCGATC,0,563260
araCp,0.06666666666666667,14,14,TAGGGATCTGCAAATACTGC,0,558711
araCp,0.06666666666666667,14,14,TAGGCATCGGGTTGCGTCCT,0,588295
araCp,0.06666666666666667,14,14,TAGCTTGAAGGGGTACAATT,0,586875
araCp,0.06666666666666667,14,14,TAGCCCCCTCCATTTGCGAC,0,592925
araCp,0.06666666666666667,14,14,TAGAAGAGCCTCGCACAGTT,0,582257
araCp,0.06666666666666667,14,14,TACTATACCAGCTCTGGATT,0,590618
araCp,0.06666666666666667,14,14,TACGAACCCGGATTTCGGTT,0,564859
araCp,0.06666666666666667,14,14,TACCGGCAGCCTAAACGGTT,0,542787
araCp,0.06666666666666667,14,14,TACCGCGTTTTCATCGAAGG,0,532426
araCp,0.06666666666666667,14,14,TACCGACTGTTTCAATCTCG,0,583241
araCp,0.06666666666666667,14,14,TACAGGTTCGGACCCTCGGG,0,563204
araCp,0.06666666666666667,14,14,TAATTTGGGGAGCGCTTTTA,0,539386
araCp,0.06666666666666667,14,14,TAATGTGAGCCTCCGGTGAT,0,542050
araCp,0.06666666666666667,14,14,TAATGGTTGAAAGGGTGAAG,0,574403
araCp,0.06666666666666667,14,14,TAAGTAGCCCACCTCAGAAA,0,560457
araCp,0.06666666666666667,14,14,TAAAGCTGATGCTGCGGAGG,0,554404
araCp,0.06666666666666667,14,14,GTTTTCTAGTGCCCCGGTCT,0,548887
araCp,0.06666666666666667,14,14,GTTTCCAATCGTCTCCAATC,0,562661
araCp,0.06666666666666667,14,14,GTTGTTGGTAGCTCACGTTG,0,557826
araCp,0.06666666666666667,14,14,GTTCACCGCCAACCCGGGGT,0,571188
araCp,0.06666666666666667,14,14,GTTATCGCAACAGGAGAGAC,0,588181
araCp,0.06666666666666667,14,14,GTTAGCTAACTGATCGCATT,0,559315
araCp,0.06666666666666667,14,14,GTTACTGCTCAAGCCGGCAA,0,527216
araCp,0.06666666666666667,14,14,GTGGTTTATGACCCCAAGGT,0,539505
araCp,0.06666666666666667,14,14,GTGGAGTTCTCCAGCAGCGC,0,591094
araCp,0.06666666666666667,14,14,GTGCGGATAGCTTCACATGA,0,599808
araCp,0.06666666666666667,14,14,GTGCCTGGGCACCTAGAATT,0,592766
araCp,0.06666666666666667,14,14,GTGCAGACTCCGAGAGCTAT,0,547014
araCp,0.06666666666666667,14,14,GTGATACGTCGCTTCCCCAT,0,582012
araCp,0.06666666666666667,14,14,GTGAACCCAAGTCTTAATCT,0,566333
araCp,0.06666666666666667,14,14,GTCTCTTCAGGTCGATGAGT,0,580287
araCp,0.06666666666666667,14,14,GTCTAACACCGGGCATCTGA,0,532429
araCp,0.06666666666666667,14,14,GTCGGTAATGATCAGGCCAC,0,556356
araCp,0.06666666666666667,14,14,GTCCTACGGTCGGACACAGA,0,547652
araCp,0.06666666666666667,14,14,GTCAGTCATGCTTATGGGCT,0,548910
araCp,0.06666666666666667,14,14,GTCAGTAAGGAGCCGGAATG,0,576243
araCp,0.06666666666666667,14,14,GTCAATACCATTTACGTATG,0,540044
araCp,0.06666666666666667,14,14,GTATCGGCTATCCGCCGCCT,0,575998
araCp,0.06666666666666667,14,14,GTAGGTTAACGTTCAATGGC,0,541946
araCp,0.06666666666666667,14,14,GTAGGCTCGAGAAAAATGGT,0,577302
araCp,0.06666666666666667,14,14,GTACTACACGGAACCATTGT,0,571443
araCp,0.06666666666666667,14,14,GTACTAATTAAGCGACTGCC,0,534461
araCp,0.06666666666666667,14,14,GTAATTTACTCTTCTTTCTA,0,549370
araCp,0.06666666666666667,14,14,GGTCAGGGTTACACTTCATT,0,556221
araCp,0.06666666666666667,14,14,GGTACGCAGACCGAAAAGAT,0,579368
araCp,0.06666666666666667,14,14,GGTAAAGCAATCAACGGTTT,0,591050
araCp,0.06666666666666667,14,14,GGTAAAATAAGCTTCTCTAC,0,549577
araCp,0.06666666666666667,14,14,GGGTTGATGCATAACTGTGG,0,544425
araCp,0.06666666666666667,14,14,GGGTCGATAGTGGTTGGCGA,0,548409
araCp,0.06666666666666667,14,14,GGGGTATTCTCCGGGTTGCA,0,572965
araCp,0.06666666666666667,14,14,GGGGGCCAGCAGATCGGCGT,0,560455
araCp,0.06666666666666667,14,14,GGGGAGGCTCCCGTTTAGGA,0,588496
araCp,0.06666666666666667,14,14,GGGGAGGACGGGACAATGCC,0,581848
araCp,0.06666666666666667,14,14,GGGGAACTTTTTGGCGAGAT,0,526827
araCp,0.06666666666666667,14,14,GGGGAAACGATTATCGCGTT,0,571305
araCp,0.06666666666666667,14,14,GGGCCAATGTGGACCATTAT,0,585816
araCp,0.06666666666666667,14,14,GGGAGTCACATCTTTAGCTT,0,550649
araCp,0.06666666666666667,14,14,GGCTTTTCGTGTAGTGACTA,0,568675
araCp,0.06666666666666667,14,14,GGCTCACGAACAGTGGTGTA,0,558056
araCp,0.06666666666666667,14,14,GGCTACGACAATTCCTGCTC,0,584835
araCp,0.06666666666666667,14,14,GGCGTGACAACTATCGGTGG,0,575438
araCp,0.06666666666666667,14,14,GGCGCACGTTGCAAACGCCA,0,580534
araCp,0.06666666666666667,14,14,GGCCTCCGCATTGACGGGTA,0,574094
araCp,0.06666666666666667,14,14,GGCCACAGGGCGCGCTGATG,0,588670
araCp,0.06666666666666667,14,14,GGCCAAGAACATAGCCCGTG,0,602371
araCp,0.06666666666666667,14,14,GGCAGGTCTCGGGGTCGCCA,0,540179
araCp,0.06666666666666667,14,14,GGCAACAACACACCGGCTAG,0,600057
araCp,0.06666666666666667,14,14,GGATTGTTATCATTGCGAAG,0,550439
araCp,0.06666666666666667,14,14,GGATTAGATTAAGCCTTCAA,0,545836
araCp,0.06666666666666667,14,14,GGATGGCTATATGCCGTCCA,0,594554
araCp,0.06666666666666667,14,14,GGATAGCAATTCAATGCCTT,0,537361
araCp,0.06666666666666667,14,14,GGAGTTCAAGGCGGCATACA,0,565814
araCp,0.06666666666666667,14,14,GGAGGCCTCTGCGTCTACAA,0,533441
araCp,0.06666666666666667,14,14,GGAGAAGTGCCTACTTGGCT,0,599678
araCp,0.06666666666666667,14,14,GGACTTGACCCCAAAGTCTA,0,549659
araCp,0.06666666666666667,14,14,GGACGTGACCAAGATCTAGT,0,533733
araCp,0.06666666666666667,14,14,GCTGAGTAACTACCTTTCGT,0,584649
araCp,0.06666666666666667,14,14,GCTGACAAGAGACAGTGAAG,0,565598
araCp,0.06666666666666667,14,14,GCTCGGTATAGACTGTATAT,0,581541
araCp,0.06666666666666667,14,14,GCGTTAAGATCCGCTGGCTG,0,593395
araCp,0.06666666666666667,14,14,GCGTCCCCGTCTTTCCTGCA,0,549864
araCp,0.06666666666666667,14,14,GCGGGTCACGTGAGCCTCCT,0,548931
araCp,0.06666666666666667,14,14,GCGGGCAGAGCCAGGCTTGC,0,545284
araCp,0.06666666666666667,14,14,GCGGGAGTGGTCGCCAAGAC,0,575468
araCp,0.06666666666666667,14,14,GCGGCTCCTGATGCCTAATG,0,540594
araCp,0.06666666666666667,14,14,GCGGAAGTGGGCCTTAAAAG,0,591829
araCp,0.06666666666666667,14,14,GCGCTTGCCATCTCGTGGAT,0,548744
araCp,0.06666666666666667,14,14,GCGCTTAAACTGCGGCGTCC,0,553526
araCp,0.06666666666666667,14,14,GCGCTCACCTACGCCTATCG,0,531192
araCp,0.06666666666666667,14,14,GCGCAGCCGTAACAAATCTA,0,573029
araCp,0.06666666666666667,14,14,GCGAGCAATCTGATCTGTCG,0,561898
araCp,0.06666666666666667,14,14,GCGACGAAGCTCGTGGAAGT,0,539248
araCp,0.06666666666666667,14,14,GCCTCGGCGGTAGAATCAAT,0,542688
araCp,0.06666666666666667,14,14,GCCTACTCGACCCGCACGTA,0,595158
araCp,0.06666666666666667,14,14,GCCGCGCGAGGGGTCCTCGC,0,603200
araCp,0.06666666666666667,14,14,GCCGCCACAGAGTACACGGT,0,564336
araCp,0.06666666666666667,14,14,GCCCGGATATGGTTTTCTGT,0,577109
araCp,0.06666666666666667,14,14,GCCATATAGTTCGCCTTATT,0,541480
araCp,0.06666666666666667,14,14,GCCATATACGCCATCTTCGC,0,600317
araCp,0.06666666666666667,14,14,GCCAACGGGGTTCGGGCGAT,0,576242
araCp,0.06666666666666667,14,14,GCATCGATCCGGATGCCTTA,0,567270
araCp,0.06666666666666667,14,14,GCATAATACCGTGGAAAACA,0,538724
araCp,0.06666666666666667,14,14,GCACGTGCGTGTCCGTCCTG,0,527683
araCp,0.06666666666666667,14,14,GCAAGCGTACTCAATCACGT,0,600628
araCp,0.06666666666666667,14,14,GATTTTTTACCGAATTCTCT,0,538432
araCp,0.06666666666666667,14,14,GATTTTCTGCTGAAAATCTC,0,554098
araCp,0.06666666666666667,14,14,GATGCATCGCGGCACGACTG,0,562284
araCp,0.06666666666666667,14,14,GATCCAACGCAAATTGCATC,0,594675
araCp,0.06666666666666667,14,14,GATCAGTGGGACGGTGAACA,0,575798
araCp,0.06666666666666667,14,14,GAGTTGCCACCAATCGAAAG,0,549641
araCp,0.06666666666666667,14,14,GAGGGGGTACAGCAACTCAA,0,567818
araCp,0.06666666666666667,14,14,GAGGCGTAGCGATTTGAAGT,0,598890
araCp,0.06666666666666667,14,14,GAGCTTTATCGAGTTTTCAC,0,552098
araCp,0.06666666666666667,14,14,GAGCTGGGACGGTAGAGACC,0,525670
araCp,0.06666666666666667,14,14,GAGCTATCGCACTGCTAACA,0,598762
araCp,0.06666666666666667,14,14,GAGCGCCACGGTGTACCCCA,0,569581
araCp,0.06666666666666667,14,14,GAGCCGGTGTGACAGAAACT,0,535945
araCp,0.06666666666666667,14,14,GACTGCGCACCCCGCGTTCA,0,545209
araCp,0.06666666666666667,14,14,GACTAGCGTGACCTCCACGT,0,546549
araCp,0.06666666666666667,14,14,GACGGTGAGTCTTCCTGGGT,0,603526
araCp,0.06666666666666667,14,14,GACGGACAACGGCGTGAACT,0,596004
araCp,0.06666666666666667,14,14,GACCGGTCCCCAATCCGGTA,0,536337
araCp,0.06666666666666667,14,14,GACACGGACACGGTCACTAT,0,602000
araCp,0.06666666666666667,14,14,GAAAAGGGGGGGCCACACAG,0,577153
araCp,0.06666666666666667,14,14,CTTTGGGAATGGGACTAGAA,0,526899
araCp,0.06666666666666667,14,14,CTTTAAACAAAAGGCCTGTT,0,554285
araCp,0.06666666666666667,14,14,CTTGTACCTTATAATGCTCA,0,578513
araCp,0.06666666666666667,14,14,CTTGAATGGGATGCGTAGTA,0,550554
araCp,0.06666666666666667,14,14,CTTAGTAATGTCCCTAGACC,0,593595
araCp,0.06666666666666667,14,14,CTGTTAGCGACGTAAATGCC,0,593738
araCp,0.06666666666666667,14,14,CTGCTATGCTCCTGAAAGCT,0,577816
araCp,0.06666666666666667,14,14,CTGCGCTATCACAAGCCTTA,0,602162
araCp,0.06666666666666667,14,14,CTGCCGGAAGGATCTAAGAA,0,585665
araCp,0.06666666666666667,14,14,CTGCCGCTCTTAGAGGACGT,0,579169
araCp,0.06666666666666667,14,14,CTGCCGCCTAATGTGAATCC,0,558633
araCp,0.06666666666666667,14,14,CTGATGCTGTTATCGAAGGG,0,583464
araCp,0.06666666666666667,14,14,CTGAAACATCAATCACGGAG,0,557919
araCp,0.06666666666666667,14,14,CTCTTACCTTGACTCTTATC,0,547357
araCp,0.06666666666666667,14,14,CTCCCCCGGCGTTGCGCAGA,0,601723
araCp,0.06666666666666667,14,14,CTCCCCACAGGGCATTTCTG,0,587169
araCp,0.06666666666666667,14,14,CTCATGCCGCATGGGCGGTC,0,560449
araCp,0.06666666666666667,14,14,CTCAATTCCCTTGGGTATCC,0,575106
araCp,0.06666666666666667,14,14,CTATCGTTGGTTCCAGTGAA,0,577627
araCp,0.06666666666666667,14,14,CTAGGGAGACTGATAGCATG,0,553176
araCp,0.06666666666666667,14,14,CTAGGGACATATTGTTTACG,0,558646
araCp,0.06666666666666667,14,14,CTAGCGATCTCGACATGGTA,0,558937
araCp,0.06666666666666667,14,14,CTAGACTCGGTCTGAACAAT,0,555766
araCp,0.06666666666666667,14,14,CTAAGCGGACTCCTCCCCGT,0,543712
araCp,0.06666666666666667,14,14,CGTTCACCATAGGAGCCGTG,0,525573
araCp,0.06666666666666667,14,14,CGTTAGGCCAACGGGACTGG,0,596267
araCp,0.06666666666666667,14,14,CGTGGTCGAGTCGTCACCGT,0,570773
araCp,0.06666666666666667,14,14,CGTGGGCGGCATAATTCAGT,0,558146
araCp,0.06666666666666667,14,14,CGTGGCTGCATGTACTCACT,0,588588
araCp,0.06666666666666667,14,14,CGGTCTCGGACCTGTAAGCG,0,593392
araCp,0.06666666666666667,14,14,CGGTCGACGGGTCCTTGATT,0,575764
araCp,0.06666666666666667,14,14,CGGGGGCGTCTCGCGCGAAG,0,532515
araCp,0.06666666666666667,14,14,CGGGGACCGGTACTAGATTG,0,583868
araCp,0.06666666666666667,14,14,CGGGCCGAGGAGGATGAATG,0,560632
araCp,0.06666666666666667,14,14,CGGCGCCCATTTCCATCGTG,0,530511
araCp,0.06666666666666667,14,14,CGGAGTCGGCTACTTTGAGA,0,531094
araCp,0.06666666666666667,14,14,CGGAATCGCTCATATTTTTT,0,561945
araCp,0.06666666666666667,14,14,CGCGGGGAGAGTCCGATATG,0,547525
araCp,0.06666666666666667,14,14,CGCGGATCGACCTATCTTAT,0,534071
araCp,0.06666666666666667,14,14,CGCGCCCAACAAGTTACCTA,0,553421
araCp,0.06666666666666667,14,14,CGCGATTGGGAAGATAGTGA,0,550778
araCp,0.06666666666666667,14,14,CGCGAGAGAATCAGTCGGGC,0,587968
araCp,0.06666666666666667,14,14,CGCATTTGTCTCGCCTACCA,0,595697
araCp,0.06666666666666667,14,14,CGACTCGCAGGTGATATAGG,0,534288
araCp,0.06666666666666667,14,14,CGACAAAGGGGACAGGTGAA,0,570741
araCp,0.06666666666666667,14,14,CGAATGTCCCCTATACTTTA,0,574398
araCp,0.06666666666666667,14,14,CGAAAGTCTGTGCTTAAATG,0,556463
araCp,0.06666666666666667,14,14,CCTTTGTATTGTTTAAATGA,0,530948
araCp,0.06666666666666667,14,14,CCTTTATGGTCATCGTCCTG,0,563903
araCp,0.06666666666666667,14,14,CCTTCAAGACTATGAATGTC,0,569902
araCp,0.06666666666666667,14,14,CCTGTCATACAATGGAAAGG,0,540362
araCp,0.06666666666666667,14,14,CCTGGCCCTGTCCATACTGA,0,570017
araCp,0.06666666666666667,14,14,CCTGGCATACTCAGTCCCCA,0,566808
araCp,0.06666666666666667,14,14,CCTGAGGCAGGAATTGAAAC,0,531919
araCp,0.06666666666666667,14,14,CCTGACGTCTATGACACGGC,0,559537
araCp,0.06666666666666667,14,14,CCTGACGCAAGGTCCAGGCT,0,526384
araCp,0.06666666666666667,14,14,CCTCCAGTTTATCTCGACAT,0,568377
araCp,0.06666666666666667,14,14,CCTAGGACGCTGACATGCGA,0,535330
araCp,0.06666666666666667,14,14,CCGTGTGCCGAGATTTGTGC,0,579474
araCp,0.06666666666666667,14,14,CCGTCTTCCAAAATCCTCGA,0,546695
araCp,0.06666666666666667,14,14,CCGTCAATCAAGTAGCGAAT,0,565803
araCp,0.06666666666666667,14,14,CCGGTTATTGCTCTGGACAG,0,546628
araCp,0.06666666666666667,14,14,CCGGACATGAGGATGCTGAT,0,573521
araCp,0.06666666666666667,14,14,CCGAGTTTGGGAACGTACAA,0,582449
araCp,0.06666666666666667,14,14,CCGACATTAGTTCACTATTG,0,594950
araCp,0.06666666666666667,14,14,CCGACAGAGCTTTGCCTTCT,0,542534
araCp,0.06666666666666667,14,14,CCCTCTATGTAAGATCCAAA,0,550629
araCp,0.06666666666666667,14,14,CCCCCCTGGAGGATCGCTGG,0,594892
araCp,0.06666666666666667,14,14,CCCAGTCAAGACTGGCGGAT,0,560320
araCp,0.06666666666666667,14,14,CCCAGCCCTGCGTGGAATCT,0,575695
araCp,0.06666666666666667,14,14,CCCACTGAGGGTTTATTTTC,0,602120
araCp,0.06666666666666667,14,14,CCATGACTGCTAGCTTCATG,0,558662
araCp,0.06666666666666667,14,14,CCAGTCGGCAGAGTGAGTCG,0,597670
araCp,0.06666666666666667,14,14,CCAGTACCATCAGCGATCTA,0,565536
araCp,0.06666666666666667,14,14,CCACGTGGTTACCAACTGTT,0,590575
araCp,0.06666666666666667,14,14,CATGTGCTCTGTGACCCTCA,0,571987
araCp,0.06666666666666667,14,14,CATGTCTACGCCTCGATTGT,0,597968
araCp,0.06666666666666667,14,14,CATGGTTTAGGGTCGGTTTT,0,553522
araCp,0.06666666666666667,14,14,CATGGATACTTAATGAGTCC,0,540832
araCp,0.06666666666666667,14,14,CATCCCACCGAGTAGTCAGA,0,553438
araCp,0.06666666666666667,14,14,CATATAGAAACACCTACGAC,0,533035
araCp,0.06666666666666667,14,14,CAGTTTAAACGACGGGCGCA,0,553952
araCp,0.06666666666666667,14,14,CAGTTGGTGAGGTTACGTGG,0,583326
araCp,0.06666666666666667,14,14,CAGTATAGAAGCCATCTTGT,0,576125
araCp,0.06666666666666667,14,14,CAGTATAAGGTCTGGGCAGG,0,560852
araCp,0.06666666666666667,14,14,CAGGTAACGCACGGCATTTA,0,527927
araCp,0.06666666666666667,14,14,CAGGGTTGCCAAGCACCACT,0,569175
araCp,0.06666666666666667,14,14,CAGGCATAGGGATAGATCTC,0,529833
araCp,0.06666666666666667,14,14,CAGCCGGTGCCAGCCCCATG,0,559455
araCp,0.06666666666666667,14,14,CAGCCCCTAGATTCTTGGGG,0,577810
araCp,0.06666666666666667,14,14,CAGCAAATGTGTCAACATTG,0,593065
araCp,0.06666666666666667,14,14,CAGACCCTGGTTACCCTATC,0,559212
araCp,0.06666666666666667,14,14,CACGAGGAGTCAACGGGCGG,0,559406
araCp,0.06666666666666667,14,14,CACCTTTGCTTGAGTGCAGG,0,595869
araCp,0.06666666666666667,14,14,CACCGCCACTCCGCCGATGA,0,527594
araCp,0.06666666666666667,14,14,CACATTAATTGAAGTGCTCT,0,537144
araCp,0.06666666666666667,14,14,CACACATACAGCCGTGTGAT,0,528656
araCp,0.06666666666666667,14,14,CAAGCATTGACCCACGGGTA,0,599012
araCp,0.06666666666666667,14,14,CAAGAGACGCGAAGATCAGA,0,545291
araCp,0.06666666666666667,14,14,CAACTGAACAGATCCCGTTT,0,574037
araCp,0.06666666666666667,14,14,CAACCTGATACGAATTTCTA,0,565261
araCp,0.06666666666666667,14,14,CAAAAAGGCGCACACCCAGA,0,574041
araCp,0.06666666666666667,14,14,ATTTGGTGGTACTAGGTATT,0,584611
araCp,0.06666666666666667,14,14,ATTTCTCCCGAAGCACGGAC,0,539990
araCp,0.06666666666666667,14,14,ATTGCGAGGCAACCCACTAA,0,601921
araCp,0.06666666666666667,14,14,ATTCGCGAAACGCGGTCGCA,0,579963
araCp,0.06666666666666667,14,14,ATTAGCTCTGGCTAGGTGGG,0,600251
araCp,0.06666666666666667,14,14,ATTACTATTCTATTGGATAG,0,562065
araCp,0.06666666666666667,14,14,ATGTTTTATACTTTGTTGGC,0,598795
araCp,0.06666666666666667,14,14,ATGTCGAACTGATAGAGCGA,0,582882
araCp,0.06666666666666667,14,14,ATGGTGCGCCGGGGGCTCTT,0,585277
araCp,0.06666666666666667,14,14,ATGGTGATACGCGAGCCCGA,0,525967
araCp,0.06666666666666667,14,14,ATGGTAATGGCGGTCTGCAA,0,543889
araCp,0.06666666666666667,14,14,ATGCGAATAGAAGTATTCTG,0,557224
araCp,0.06666666666666667,14,14,ATCTGGTACATGATCGCCAT,0,531579
araCp,0.06666666666666667,14,14,ATCTCTTCGCACAGCCACAA,0,540043
araCp,0.06666666666666667,14,14,ATCTCTAGAGATATCCTGGT,0,545082
araCp,0.06666666666666667,14,14,ATCTCGTCAGGATAAACTAT,0,561031
araCp,0.06666666666666667,14,14,ATCTCCCTGTATCTAGCGTG,0,553147
araCp,0.06666666666666667,14,14,ATCGGGGACTGAGCACCCAT,0,566324
araCp,0.06666666666666667,14,14,ATCGGCAAGGACTTACCTAA,0,593916
araCp,0.06666666666666667,14,14,ATCCTGTTCTCGATCAACGG,0,527159
araCp,0.06666666666666667,14,14,ATCCTGCTTATCTATTGGTC,0,537882
araCp,0.06666666666666667,14,14,ATCATCAGTGCGTCAGGAAA,0,595783
araCp,0.06666666666666667,14,14,ATATCCGTTACCTTTCCAGA,0,551235
araCp,0.06666666666666667,14,14,ATATCAATTAACCGCATATA,0,582886
araCp,0.06666666666666667,14,14,ATAGGGGCTAGCAGGCGAGG,0,570744
araCp,0.06666666666666667,14,14,ATAGCCCAGGGAACTCCGGG,0,562269
araCp,0.06666666666666667,14,14,ATAGCACTTGGCAGATTGCT,0,557881
araCp,0.06666666666666667,14,14,ATACGCCAGTCCTCTGTCTT,0,538385
araCp,0.06666666666666667,14,14,ATAAGAGGGACATGGCCCAA,0,551875
araCp,0.06666666666666667,14,14,AGTTATGGGTGGCATTCCCC,0,599979
araCp,0.06666666666666667,14,14,AGTTAATGTTTTGCTACTCA,0,597031
araCp,0.06666666666666667,14,14,AGTGTGATTTTGCGGACAGT,0,558901
araCp,0.06666666666666667,14,14,AGTGTCTGGGACACCGCCCT,0,540395
araCp,0.06666666666666667,14,14,AGTGCCGGGTTCCGTACGGC,0,539701
araCp,0.06666666666666667,14,14,AGTAATATATGTGAGTATCT,0,584265
araCp,0.06666666666666667,14,14,AGGTTCTGGGTAATTAGGCC,0,556207
araCp,0.06666666666666667,14,14,AGGTTATCGTAAACAACCAA,0,598487
araCp,0.06666666666666667,14,14,AGGTCCATCCGACAGGTCTA,0,586626
araCp,0.06666666666666667,14,14,AGGTCAGAACCGATGTAGGA,0,531027
araCp,0.06666666666666667,14,14,AGGTAGCTAGTCTGGCGGGT,0,583677
araCp,0.06666666666666667,14,14,AGGGGACCGGATACGGGTTA,0,549312
araCp,0.06666666666666667,14,14,AGGCTGCATTGGATCAGATC,0,542670
araCp,0.06666666666666667,14,14,AGGCGTTTCAGTTGTAGGCA,0,592921
araCp,0.06666666666666667,14,14,AGGAAGCACTTTTCGTGTTT,0,526515
araCp,0.06666666666666667,14,14,AGCTTGCGAGGAATATCGAG,0,570820
araCp,0.06666666666666667,14,14,AGCGCTATGTCTGGAGGGAT,0,577620
araCp,0.06666666666666667,14,14,AGCCCTGTAAGAGCTCTAAT,0,586737
araCp,0.06666666666666667,14,14,AGCAGGAAAGTAAGCACCTA,0,563018
araCp,0.06666666666666667,14,14,AGCACTCAGGTGGGCGATTA,0,572291
araCp,0.06666666666666667,14,14,AGCAATGTATTATCCCTTTT,0,579008
araCp,0.06666666666666667,14,14,AGCAAATTAGTGGAGCGTAT,0,537948
araCp,0.06666666666666667,14,14,AGATTCTCCGTAGAGTGTAT,0,585488
araCp,0.06666666666666667,14,14,AGATGCCGTCGGGTTCTGGC,0,570826
araCp,0.06666666666666667,14,14,AGATCTAGGCCCTACTGATT,0,547229
araCp,0.06666666666666667,14,14,AGATAGTGCAAGGGAACTCT,0,531612
araCp,0.06666666666666667,14,14,AGAGCTGGATATTCGTCGCC,0,530446
araCp,0.06666666666666667,14,14,AGACTCACCGTTAATGGAGG,0,538382
araCp,0.06666666666666667,14,14,AGAATTCGCGTACTTATGTT,0,530788
araCp,0.06666666666666667,14,14,AGAATCGTTCAATGGTTCAG,0,559203
araCp,0.06666666666666667,14,14,ACTTAACTAACGTCAAAGAT,0,581254
araCp,0.06666666666666667,14,14,ACTGGATCCAAACAATTGGA,0,574552
araCp,0.06666666666666667,14,14,ACTGAACAACTTGGTATTGG,0,595219
araCp,0.06666666666666667,14,14,ACTAGAATGAAGAAAATGGT,0,535789
araCp,0.06666666666666667,14,14,ACTAATATGCTCATCACGGG,0,561028
araCp,0.06666666666666667,14,14,ACTAACTCAGCGGAGACGCC,0,531533
araCp,0.06666666666666667,14,14,ACGGGTTTGGACGGGAGTAG,0,552629
araCp,0.06666666666666667,14,14,ACGGGAAGTCTTACGCCCCC,0,567646
araCp,0.06666666666666667,14,14,ACGCCTCCGGAGCACAGTTA,0,548455
araCp,0.06666666666666667,14,14,ACCTCCGGTTATTTATCCCC,0,598040
araCp,0.06666666666666667,14,14,ACCTATCAGTCGTGGACAAG,0,586805
araCp,0.06666666666666667,14,14,ACCCTACTGACTATCTAGTG,0,580642
araCp,0.06666666666666667,14,14,ACCACTCGACGAGGCAGCAG,0,587588
araCp,0.06666666666666667,14,14,ACATTCTCTGGAACTTACGT,0,572550
araCp,0.06666666666666667,14,14,ACAGCTTAGCAAACCAACAG,0,532838
araCp,0.06666666666666667,14,14,ACACCGTATTTCTTCCTCAC,0,565754
araCp,0.06666666666666667,14,14,AATTGAGTCCTAACCAGGTT,0,570998
araCp,0.06666666666666667,14,14,AATTAGTTTAAACTTGTAAA,0,528846
araCp,0.06666666666666667,14,14,AATGGTATCAAATCTAAAGG,0,593347
araCp,0.06666666666666667,14,14,AATGGCGTGCTGGGGTGTCC,0,554734
araCp,0.06666666666666667,14,14,AATGGAGGACCTTGGATATG,0,552628
araCp,0.06666666666666667,14,14,AATCGTTGTTCATGCTGGTT,0,591164
araCp,0.06666666666666667,14,14,AATCGGCCGTTCCTAGGTCG,0,526742
araCp,0.06666666666666667,14,14,AATAGGTGATCCTGCGGAAG,0,583539
araCp,0.06666666666666667,14,14,AATACGCAAGATTGTAGTTA,0,557759
araCp,0.06666666666666667,14,14,AAGTAAGCTCAGACAAGACC,0,525793
araCp,0.06666666666666667,14,14,AAGGGTTGCGAGTTATTCAC,0,529276
araCp,0.06666666666666667,14,14,AAGCTTCAAGGCTTCCCATG,0,576314
araCp,0.06666666666666667,14,14,AAGCGAGTTGCTGGGCATGT,0,542106
araCp,0.06666666666666667,14,14,AAGATGTACACCCACGGGAT,0,561773
araCp,0.06666666666666667,14,14,AACTTTATATCGTAATAGGT,0,571655
araCp,0.06666666666666667,14,14,AACTATTATAGCGCGCTAAC,0,545445
araCp,0.06666666666666667,14,14,AACGTTTAGTGGGTCTGAAG,0,552430
araCp,0.06666666666666667,14,14,AACGGGGACCGGGTGAAACA,0,538014
araCp,0.06666666666666667,14,14,AACCGTAGGTGAAGAGCATA,0,586693
araCp,0.06666666666666667,14,14,AACCGGCGACGGTTCTGTAC,0,556936
araCp,0.06666666666666667,14,14,AACCCCATATACCTTAACTA,0,540746
araCp,0.06666666666666667,14,14,AACCCATCATCTAACCCCTG,0,544795
araCp,0.06666666666666667,14,14,AACCATCGGGTCAAATGGGT,0,526209
araCp,0.06666666666666667,14,14,AACATCCTGGTTGCGGCTAA,0,525818
araCp,0.06666666666666667,14,14,AACAGAGTGTCAGTTATACA,0,548556
araCp,0.06666666666666667,14,14,AACACTTTACGTGTATCAAG,0,538616
araCp,0.06666666666666667,14,14,AACACAATGAATTCCATGAG,0,528532
araCp,0.06666666666666667,14,14,AACAAGCGCAGTCTCGCAAT,0,588220
araCp,0.06666666666666667,14,14,AAATGGGGAGACACAGAGTA,0,580159
araCp,0.06666666666666667,14,14,AAATCTGAGCCCTATGCGAT,0,565108
araCp,0.06666666666666667,14,14,AAAGTTCTTGTGAAATCGTT,0,531072
araCp,0.06666666666666667,14,14,AAACTAAGAATTTAATGATA,0,564875
araCp,0.06666666666666667,14,14,AAACCCATGTGCAACGATGG,0,584753
araCp,0.06666666666666667,14,14,AAACACACGGTTAAATGATA,0,541061
araCp,0.06666666666666667,14,14,AAAAGTTTGTCTTCACAGTC,0,576667
araCp,0.07142857142857142,13,13,TTTGGGGAGCTTCGACCCTA,0,587773
araCp,0.07142857142857142,13,13,TTTGGACACCTAGGAGAATC,0,553187
araCp,0.07142857142857142,13,13,TTTGATCCTTAACCTTCCAG,0,548488
araCp,0.07142857142857142,13,13,TTTGATATCAGTCGTGGGAC,0,543705
araCp,0.07142857142857142,13,13,TTTCTTCGATAACTCTCTTG,0,577341
araCp,0.07142857142857142,13,13,TTTCTATAAGTCGCATTTGT,0,563253
araCp,0.07142857142857142,13,13,TTTCTACAGAAGGGCAGCAT,0,579217
araCp,0.07142857142857142,13,13,TTTCGTGGTCCCCAAATCAA,0,549064
araCp,0.07142857142857142,13,13,TTTCATGAGTCTGATTAGAA,0,566763
araCp,0.07142857142857142,13,13,TTTCACAAGGTAGAGGACAG,0,570649
araCp,0.07142857142857142,13,13,TTTACTATTGGCACCAGGCG,0,592754
araCp,0.07142857142857142,13,13,TTTACGGCTTTCATCCAAAA,0,597630
araCp,0.07142857142857142,13,13,TTTAACGGTCCCAATTGTCA,0,540279
araCp,0.07142857142857142,13,13,TTGTACGAATTCGATTTTGT,0,551248
araCp,0.07142857142857142,13,13,TTGGTCCGTGGAACCCGTAT,0,588861
araCp,0.07142857142857142,13,13,TTGGGTATTACCTACTGTTT,0,590766
araCp,0.07142857142857142,13,13,TTGGGCACAAACGGAAGTTG,0,580472
araCp,0.07142857142857142,13,13,TTGCGATACTTGCACCCACT,0,559462
araCp,0.07142857142857142,13,13,TTGCCACTAGGCATTGTAAG,0,550197
araCp,0.07142857142857142,13,13,TTGCAATGATCGCGTTCGCG,0,592450
araCp,0.07142857142857142,13,13,TTGAATAGCGGGACGGGTAC,0,588858
araCp,0.07142857142857142,13,13,TTGAACAAACTCATCCCCGT,0,532736
araCp,0.07142857142857142,13,13,TTCGGAGTGTGTGCCTCATG,0,531213
araCp,0.07142857142857142,13,13,TTCCCTTGGGATGGCCTATT,0,546625
araCp,0.07142857142857142,13,13,TTCAATGTCTGGCCATGATG,0,585299
araCp,0.07142857142857142,13,13,TTCAAATTCCCACTCTCACT,0,558617
araCp,0.07142857142857142,13,13,TTATTTAGGTCAGACACATA,0,593194
araCp,0.07142857142857142,13,13,TTATTGCGCCCGCTTTGTCT,0,576400
araCp,0.07142857142857142,13,13,TTATGAGCAGTAGTGCATGA,0,562723
araCp,0.07142857142857142,13,13,TTATCAGTAAAGGTATTGTT,0,567448
araCp,0.07142857142857142,13,13,TTATATGCTTACATACTTAA,0,576984
araCp,0.07142857142857142,13,13,TTATACCCTACGGTTTTGCT,0,567166
araCp,0.07142857142857142,13,13,TTAGTCTGTTGCAGAACAGT,0,583536
araCp,0.07142857142857142,13,13,TTAGGAACCAGAATCGTCAT,0,544836
araCp,0.07142857142857142,13,13,TTAGATTGAGCAGCCAAATT,0,600100
araCp,0.07142857142857142,13,13,TTAGAAGCAAACGTGTATTC,0,538439
araCp,0.07142857142857142,13,13,TTACTGGGATGATCCGGTGA,0,574180
araCp,0.07142857142857142,13,13,TTACGGATCGCTATAACTCC,0,562281
araCp,0.07142857142857142,13,13,TTACCCACTAAAAGAGATTG,0,560443
araCp,0.07142857142857142,13,13,TTAACTGGTAGCATGGAAAC,0,544392
araCp,0.07142857142857142,13,13,TTAACCAGCTCAGACGGTTA,0,592315
araCp,0.07142857142857142,13,13,TGTGTCATTACTACTGCTGC,0,570334
araCp,0.07142857142857142,13,13,TGTGGAGGATGCCAGTCAGT,0,599786
araCp,0.07142857142857142,13,13,TGTGAAGGTTAAGGGACAAT,0,543966
araCp,0.07142857142857142,13,13,TGTACGCACATACGCATCTC,0,538837
araCp,0.07142857142857142,13,13,TGGGGTGCGTCTAAACATTG,0,542107
araCp,0.07142857142857142,13,13,TGGGACGATGTATCGACTTG,0,594735
araCp,0.07142857142857142,13,13,TGGCTTGAGCGTGGTCACGT,0,548077
araCp,0.07142857142857142,13,13,TGGCGTTGCCGTCGAAAATA,0,603065
araCp,0.07142857142857142,13,13,TGGACCCACAATTGCAGCTC,0,558312
araCp,0.07142857142857142,13,13,TGCTGCATTTCAGGACCGAA,0,545731
araCp,0.07142857142857142,13,13,TGCTCCAAGGTTCGTCGGCA,0,542954
araCp,0.07142857142857142,13,13,TGCTAACATAACTAATGCGG,0,551513
araCp,0.07142857142857142,13,13,TGCGTTATTTTTCCCGCGTG,0,589329
araCp,0.07142857142857142,13,13,TGCGTGTTTCCCATTACGCA,0,532585
araCp,0.07142857142857142,13,13,TGCGGACCCCAATGAGGCTT,0,600711
araCp,0.07142857142857142,13,13,TGCCAGATTCTAATATGCTA,0,544036
araCp,0.07142857142857142,13,13,TGCAGGATCAGACACACCAT,0,550628
araCp,0.07142857142857142,13,13,TGCAGCTTAGGCGGTACTCG,0,599181
araCp,0.07142857142857142,13,13,TGCACTAAAGCGGTATAAAC,0,594591
araCp,0.07142857142857142,13,13,TGCACGAAGAGAGGTCAGGT,0,538441
araCp,0.07142857142857142,13,13,TGCACCGCGACCCATTGAAT,0,525718
araCp,0.07142857142857142,13,13,TGATTATTAGTTGCTGTACA,0,531709
araCp,0.07142857142857142,13,13,TGATGCGGGGGCCACAAAAT,0,592679
araCp,0.07142857142857142,13,13,TGATCTGGTACCCAACCGCA,0,597441
araCp,0.07142857142857142,13,13,TGAGGCCCCGAGGAGGCTCA,0,541274
araCp,0.07142857142857142,13,13,TGAGCCTTGTTTTCAAGACT,0,587348
araCp,0.07142857142857142,13,13,TGACTTCATGTAAGCAGTCT,0,539880
araCp,0.07142857142857142,13,13,TGACTACTTAATATTGGCGA,0,551927
araCp,0.07142857142857142,13,13,TGAATCCCTGACAGCACACA,0,573084
araCp,0.07142857142857142,13,13,TGAAAGCTGCCACGGTTCTC,0,531775
araCp,0.07142857142857142,13,13,TCTGGTTCACGATTTGTTGT,0,538598
araCp,0.07142857142857142,13,13,TCTGGCAGGCATGATAAGTG,0,580426
araCp,0.07142857142857142,13,13,TCTCTTGGCCGAAGCAGCTT,0,598132
araCp,0.07142857142857142,13,13,TCTCGTCGTTAGAGTGTTTG,0,542339
araCp,0.07142857142857142,13,13,TCTCGCAGGAATGTTAGATG,0,546680
araCp,0.07142857142857142,13,13,TCTCCCCAGGCTCATACGGA,0,561276
araCp,0.07142857142857142,13,13,TCTAGGTGAATTTGGCGGAC,0,584009
araCp,0.07142857142857142,13,13,TCTAATCCGCAGTGCTGAAA,0,527892
araCp,0.07142857142857142,13,13,TCGTTCTGTAACTGTGAATG,0,545846
araCp,0.07142857142857142,13,13,TCGTTCAAACGTTCCCGCTT,0,576073
araCp,0.07142857142857142,13,13,TCGTCTCAAGGAGTGGAGAT,0,544502
araCp,0.07142857142857142,13,13,TCGTAGGGACTCTGGGCCAG,0,596320
araCp,0.07142857142857142,13,13,TCGGAATCGGAGAGCGACCT,0,573719
araCp,0.07142857142857142,13,13,TCGGAACGTTATCGCAGGAA,0,545241
araCp,0.07142857142857142,13,13,TCCTGCCCTCCCGAGAAGTA,0,538178
araCp,0.07142857142857142,13,13,TCCTGACCGACTTTGGGTTC,0,533732
araCp,0.07142857142857142,13,13,TCCGCAACCGCGTTTCGCCG,0,535265
araCp,0.07142857142857142,13,13,TCCCGGTGCCTCTTACACAG,0,569390
araCp,0.07142857142857142,13,13,TCCCCCGACAAGCACATTTT,0,564259
araCp,0.07142857142857142,13,13,TCCACGTGGGAGCGAACGGA,0,580682
araCp,0.07142857142857142,13,13,TCAGTCTACGCGCGTAATGG,0,530842
araCp,0.07142857142857142,13,13,TCAGCACGAAATGCAAGCCT,0,574416
araCp,0.07142857142857142,13,13,TCAAGGGGATTCGACAGTTC,0,585495
araCp,0.07142857142857142,13,13,TATTTTGTTATTGCGTCAAC,0,575166
araCp,0.07142857142857142,13,13,TATTGGAAAATGTCAGAGCT,0,572932
araCp,0.07142857142857142,13,13,TATTCATGTCCTCCTGTCAT,0,574874
araCp,0.07142857142857142,13,13,TATGCGAACATCTACATGCC,0,573321
araCp,0.07142857142857142,13,13,TATGCAGGCGTGTTTCGCGG,0,555910
araCp,0.07142857142857142,13,13,TATCCAACTTCCGTGAGTTT,0,546004
araCp,0.07142857142857142,13,13,TATAAGGCAATTGCCCGGTT,0,589611
araCp,0.07142857142857142,13,13,TAGCCGGGGCACTATGACGA,0,567294
araCp,0.07142857142857142,13,13,TAGAAGCCGGACCAAGCAGG,0,536072
araCp,0.07142857142857142,13,13,TACTCCCAGGTGTACTTGCA,0,592160
araCp,0.07142857142857142,13,13,TACCTCACTAGGAGCATACT,0,551411
araCp,0.07142857142857142,13,13,TACCCGGTGGGCGTGGGTAT,0,536786
araCp,0.07142857142857142,13,13,TACACGGGGTCGTACAACGC,0,565765
araCp,0.07142857142857142,13,13,TAATTTGGGCGAGTTCTCTA,0,573389
araCp,0.07142857142857142,13,13,TAAGGTCGTAGCTACCGAAG,0,558551
araCp,0.07142857142857142,13,13,TAAGCGGTCCAGTTGAGTTA,0,527568
araCp,0.07142857142857142,13,13,TAAGCATTAGTACTTGGGCA,0,531583
araCp,0.07142857142857142,13,13,TAACTCGAAGGCTCGACGAA,0,573296
araCp,0.07142857142857142,13,13,TAACTCACTATTTAGGGCTT,0,525743
araCp,0.07142857142857142,13,13,TAACCTTAGCAGTAGTTATG,0,552218
araCp,0.07142857142857142,13,13,TAAAATACCGAACCAGACGA,0,553122
araCp,0.07142857142857142,13,13,GTTTTTTACATGTTAGGTAT,0,538902
araCp,0.07142857142857142,13,13,GTTTCTAGCCCCGTTATATT,0,579125
araCp,0.07142857142857142,13,13,GTTTCCGGTCGCTATGGAAT,0,573568
araCp,0.07142857142857142,13,13,GTTTCATGCAAGTCACGTGG,0,581775
araCp,0.07142857142857142,13,13,GTTGGCGTATAATCGAACTG,0,570258
araCp,0.07142857142857142,13,13,GTTGCCTCCTACGAGTGGTT,0,531870
araCp,0.07142857142857142,13,13,GTTCATAAACATAATGGTTC,0,578106
araCp,0.07142857142857142,13,13,GTTCAGACTACGGGCCATAG,0,599780
araCp,0.07142857142857142,13,13,GTGTTGGTGGGCCTCTAGTC,0,555531
araCp,0.07142857142857142,13,13,GTGTGCTCGCCTGGTAATTC,0,567004
araCp,0.07142857142857142,13,13,GTGTCGCACTATGGGAATCC,0,540598
araCp,0.07142857142857142,13,13,GTGTACGTGCGCCACAAGTT,0,584830
araCp,0.07142857142857142,13,13,GTGCTGGGACTGTGCACAGA,0,541687
araCp,0.07142857142857142,13,13,GTGAGTCTCAGCAGTGACGA,0,581411
araCp,0.07142857142857142,13,13,GTGAGCTGCCGTCCCCGCAT,0,533353
araCp,0.07142857142857142,13,13,GTCTTGTGAGGCTATGCTGA,0,566599
araCp,0.07142857142857142,13,13,GTCTTCGTATATCCGGGTCG,0,538703
araCp,0.07142857142857142,13,13,GTCTGGCAGTCTGCTCAACG,0,525577
araCp,0.07142857142857142,13,13,GTCGGTATGAGCATCGGATG,0,555033
araCp,0.07142857142857142,13,13,GTCCCCAGTATCACAATCAT,0,527166
araCp,0.07142857142857142,13,13,GTCAACAGACACTAGATCCA,0,582374
araCp,0.07142857142857142,13,13,GTATGTGGTTCTAGCAGCTA,0,569385
araCp,0.07142857142857142,13,13,GTACGGGCCGATGTTATGGT,0,536321
araCp,0.07142857142857142,13,13,GTACATATTAAAGCAACAAT,0,583776
araCp,0.07142857142857142,13,13,GTACACGCGACCCAGTAGAG,0,568167
araCp,0.07142857142857142,13,13,GGTTTGGGGTAAATCGTAGC,0,565812
araCp,0.07142857142857142,13,13,GGTTGCAAGCCCGAAAGGAT,0,592371
araCp,0.07142857142857142,13,13,GGTTGATACGTAAGGAACGG,0,549054
araCp,0.07142857142857142,13,13,GGTGTCTGTTCAAACGTAAG,0,533504
araCp,0.07142857142857142,13,13,GGTGTAGATCGGCTTTCTAC,0,536002
araCp,0.07142857142857142,13,13,GGTCGGCAGACTGTTTTACT,0,589456
araCp,0.07142857142857142,13,13,GGTCCTACTCCAGGGGACGA,0,581681
araCp,0.07142857142857142,13,13,GGTCAGGCAAGGAGAGATAA,0,589607
araCp,0.07142857142857142,13,13,GGTAGCCAAAGGGCACGTTA,0,530168
araCp,0.07142857142857142,13,13,GGTACGAACTATTGTAGAAA,0,601915
araCp,0.07142857142857142,13,13,GGTAATGCCGCGGGCATCAT,0,582526
araCp,0.07142857142857142,13,13,GGTAACCGACCATGGCTACT,0,543659
araCp,0.07142857142857142,13,13,GGTAACAAGTGCTTCGGCCT,0,582181
araCp,0.07142857142857142,13,13,GGGTCCTCAACTATTGAGAA,0,527249
araCp,0.07142857142857142,13,13,GGGGGATTCAATCGTTAACT,0,579433
araCp,0.07142857142857142,13,13,GGGGGAGGCTAGTTGTATAG,0,572507
araCp,0.07142857142857142,13,13,GGGCTTATGTCTACACCGTA,0,576321
araCp,0.07142857142857142,13,13,GGGCTCCGTTGTTAATCTGC,0,566710
araCp,0.07142857142857142,13,13,GGGCGCACCCTTTTCTAATA,0,601368
araCp,0.07142857142857142,13,13,GGGCAAGATGTCACCCCAGG,0,570044
araCp,0.07142857142857142,13,13,GGGAGTTCCTCGCGAAAGGA,0,582891
araCp,0.07142857142857142,13,13,GGGAATGCAGGACATCACAG,0,531228
araCp,0.07142857142857142,13,13,GGCTTTCAAAAGGCGTTTAA,0,593200
araCp,0.07142857142857142,13,13,GGCGTTTGCGGGTTTCTGCG,0,534221
araCp,0.07142857142857142,13,13,GGCATTGTCAAGCGTGGGCT,0,557817
araCp,0.07142857142857142,13,13,GGCAGCCGCGAATGGTGGAC,0,536116
araCp,0.07142857142857142,13,13,GGCACCACCCTTTCCACGCA,0,535805
araCp,0.07142857142857142,13,13,GGCAAATCGGGCTTTACGTA,0,541985
araCp,0.07142857142857142,13,13,GGATTATTCCACGGTAGTAC,0,528612
araCp,0.07142857142857142,13,13,GGATGTGAGGCACCTTCATC,0,561074
araCp,0.07142857142857142,13,13,GGATGGACAGAAAAAGGTCG,0,582435
araCp,0.07142857142857142,13,13,GGATCGGGTCAGAACTCGCT,0,536178
araCp,0.07142857142857142,13,13,GGAGTTTCACAAACCCGGGA,0,564889
araCp,0.07142857142857142,13,13,GGAGGTTTGATGTAGCTCGC,0,566435
araCp,0.07142857142857142,13,13,GGAGGGCGGCGGACGGGGTG,0,594017
araCp,0.07142857142857142,13,13,GGAGACATATATCACGGACA,0,541012
araCp,0.07142857142857142,13,13,GGACGCCTTATAACCGTTTC,0,598157
araCp,0.07142857142857142,13,13,GGACGCCTGGTGTCAGGGTC,0,553607
araCp,0.07142857142857142,13,13,GGACCCCCTCGCGTTATTAT,0,549147
araCp,0.07142857142857142,13,13,GGACATAAATTAGACCCTTG,0,570925
araCp,0.07142857142857142,13,13,GGACACATGCAGTGAGGGCA,0,588334
araCp,0.07142857142857142,13,13,GGAATATTTATTATGTGGGG,0,595666
araCp,0.07142857142857142,13,13,GGAAGGATGTAAGTAAACAA,0,532853
araCp,0.07142857142857142,13,13,GGAAGGAGAAATGACATTAA,0,600853
araCp,0.07142857142857142,13,13,GGAAAAGGGAATCACAATAA,0,544526
araCp,0.07142857142857142,13,13,GGAAAACCGGCTCTCAGTCC,0,564114
araCp,0.07142857142857142,13,13,GCTTTATCCGTGCGCTTCAA,0,590125
araCp,0.07142857142857142,13,13,GCTGACTTGCCGAACCTGTC,0,536866
araCp,0.07142857142857142,13,13,GCTCTATCGAGAACTCAGAT,0,560352
araCp,0.07142857142857142,13,13,GCTCAGGGCCGTCAGGTGAT,0,534201
araCp,0.07142857142857142,13,13,GCTAGACTAACCACCTTTAC,0,590407
araCp,0.07142857142857142,13,13,GCTAGACAGCCGGAGTTTCT,0,568069
araCp,0.07142857142857142,13,13,GCTACTTACCAGGTCGCTCT,0,568759
araCp,0.07142857142857142,13,13,GCGGGGTGGGATACATTCGC,0,533662
araCp,0.07142857142857142,13,13,GCGGGCATTGCCTATCTGTC,0,529361
araCp,0.07142857142857142,13,13,GCGGGAGAACCCATCTTGAT,0,545897
araCp,0.07142857142857142,13,13,GCGAGATCCATCCCCCGGCT,0,543888
araCp,0.07142857142857142,13,13,GCCTAGGGGGCTAATATTAG,0,538800
araCp,0.07142857142857142,13,13,GCCGTTTCAGTAATTGTCAA,0,583689
araCp,0.07142857142857142,13,13,GCCGGGCTGTCTAAGGAGTG,0,534841
araCp,0.07142857142857142,13,13,GCCGGCATGCCATAAGGAAA,0,596264
araCp,0.07142857142857142,13,13,GCCGCGTGATCTCACTATCA,0,553676
araCp,0.07142857142857142,13,13,GCCCTGTTTAGGGATGTAGG,0,564260
araCp,0.07142857142857142,13,13,GCCCATTTTTTGCTACCCGC,0,565708
araCp,0.07142857142857142,13,13,GCCATACTAACCCACTTTGG,0,595302
araCp,0.07142857142857142,13,13,GCCAAAGAATAAAGCCCAAG,0,559864
araCp,0.07142857142857142,13,13,GCATTCACACACGTCCGTAC,0,553983
araCp,0.07142857142857142,13,13,GCATGGAGGCCTGTGATCGT,0,538977
araCp,0.07142857142857142,13,13,GCATCGTTGCTACCCCGGAC,0,598617
araCp,0.07142857142857142,13,13,GCAGTCATTAGAGAATTTAG,0,553813
araCp,0.07142857142857142,13,13,GCAGTCAGAGCCTGTTCGAA,0,570124
araCp,0.07142857142857142,13,13,GCAGAGTATATTCATCTTTA,0,560510
araCp,0.07142857142857142,13,13,GCAGACTTCAGCGCCCCTAA,0,564193
araCp,0.07142857142857142,13,13,GCACGGGATAAAAAGTGTAT,0,526367
araCp,0.07142857142857142,13,13,GCAATTCACGACTGAGCCAG,0,542733
araCp,0.07142857142857142,13,13,GCAAGAGGGATTGGGGCATA,0,552704
araCp,0.07142857142857142,13,13,GATTCGGGCGAAGGATGAAG,0,534212
araCp,0.07142857142857142,13,13,GATGTCAGGAGGTAGTCGGA,0,544894
araCp,0.07142857142857142,13,13,GATGTAGACAGTAGGTGATA,0,563929
araCp,0.07142857142857142,13,13,GATGGGTAAACTAGAATGAA,0,540097
araCp,0.07142857142857142,13,13,GATGCTGTCGGTTAAGTTAT,0,593256
araCp,0.07142857142857142,13,13,GATGCACTTCAGGAGTATCG,0,572048
araCp,0.07142857142857142,13,13,GATCTCGGCCGTGACATGAT,0,560975
araCp,0.07142857142857142,13,13,GATCCCGTCCTTTTAAGGAA,0,578515
araCp,0.07142857142857142,13,13,GATAACATTAGGCCCTCACT,0,597136
araCp,0.07142857142857142,13,13,GAGGCGAATCGAGACCCTTT,0,575940
araCp,0.07142857142857142,13,13,GAGCTAACCTAAACTCCATG,0,597986
araCp,0.07142857142857142,13,13,GAGCATGTGTTGTTTACGGA,0,526455
araCp,0.07142857142857142,13,13,GAGATAGGCCATGACCGTAG,0,553210
araCp,0.07142857142857142,13,13,GACTGGTTTAAATATCGCAA,0,569512
araCp,0.07142857142857142,13,13,GACTGCCTTTCGGACATGTT,0,527681
araCp,0.07142857142857142,13,13,GACTCCTGCAGTCGTACTGG,0,589207
araCp,0.07142857142857142,13,13,GACTAGAAAAGTAACGTTGG,0,583465
araCp,0.07142857142857142,13,13,GACGTTCAACTTGCCGAGTG,0,546339
araCp,0.07142857142857142,13,13,GACGTCGTATCAAGGCGAAT,0,546491
araCp,0.07142857142857142,13,13,GACGGTGCTGCGCCGGATGA,0,587285
araCp,0.07142857142857142,13,13,GACGCGGTAATGAATATCCC,0,603684
araCp,0.07142857142857142,13,13,GACCTTTACAGCGAAAGTTA,0,568372
araCp,0.07142857142857142,13,13,GACCTCTTAACTGAGCTGAT,0,579979
araCp,0.07142857142857142,13,13,GACCTCACCAGTATCTCTTC,0,595602
araCp,0.07142857142857142,13,13,GACATAAGTCCACTGTCAAT,0,540718
araCp,0.07142857142857142,13,13,GACACTTTTTAGCGCGACCT,0,582970
araCp,0.07142857142857142,13,13,GAATTTGGACCAACTTAAAA,0,596057
araCp,0.07142857142857142,13,13,GAATGAGTCTCGAAGTGCGT,0,527506
araCp,0.07142857142857142,13,13,GAAGGATTCAAGGTCTGAGA,0,584443
araCp,0.07142857142857142,13,13,GAAGCTGCTGGGGGGCTTCA,0,549079
araCp,0.07142857142857142,13,13,GAAGCGAACAGGCTTGAGAC,0,543152
araCp,0.07142857142857142,13,13,GAACTGGCCCCTCCCTGTAA,0,542363
araCp,0.07142857142857142,13,13,GAACGCTCGCACTTCTGGTA,0,601249
araCp,0.07142857142857142,13,13,GAACCGGCGCGAACCGCTAA,0,549862
araCp,0.07142857142857142,13,13,GAAAGATAGTCTGTCAGCGA,0,579721
araCp,0.07142857142857142,13,13,CTTGGCAGACCAAACCAAAT,0,562011
araCp,0.07142857142857142,13,13,CTTCGGCACCGGACTTCAAG,0,558243
araCp,0.07142857142857142,13,13,CTTCGCAGGGTTGAGAACCC,0,551325
araCp,0.07142857142857142,13,13,CTTCGACCGACTCGTGCGTT,0,577837
araCp,0.07142857142857142,13,13,CTTATGCCGAATTAGTTCGG,0,586759
araCp,0.07142857142857142,13,13,CTTATCTCGCGCCCCGTCGC,0,560617
araCp,0.07142857142857142,13,13,CTTACCCGTCCTAGCAAGGA,0,594655
araCp,0.07142857142857142,13,13,CTTAAACGGGAGTCCTACAA,0,560734
araCp,0.07142857142857142,13,13,CTGGGATTACCGTGCACGTT,0,597608
araCp,0.07142857142857142,13,13,CTGGCGGGCATTTAGAGCAT,0,552817
araCp,0.07142857142857142,13,13,CTGCTTACGATAGCCTTAGT,0,557863
araCp,0.07142857142857142,13,13,CTGCGATAAGCTACTCAACA,0,563440
araCp,0.07142857142857142,13,13,CTGCCGATTCCACGCGGCTA,0,554666
araCp,0.07142857142857142,13,13,CTGAGCTTCGATCGCCTTAG,0,553283
araCp,0.07142857142857142,13,13,CTCTTGAGCATCATTTGAGA,0,578528
araCp,0.07142857142857142,13,13,CTCTGTGTCTCTAATTCGAG,0,583982
araCp,0.07142857142857142,13,13,CTCTGCCGGCCGCGCCAGCG,0,602324
araCp,0.07142857142857142,13,13,CTCTACCGCGGTGTGTCGGA,0,564821
araCp,0.07142857142857142,13,13,CTCGTGTAAGGAAAACTGAT,0,556468
araCp,0.07142857142857142,13,13,CTCACGTCCGGAGACGAAAC,0,591351
araCp,0.07142857142857142,13,13,CTATGAAAGAGGCAGACGGC,0,596865
araCp,0.07142857142857142,13,13,CTATCACAGTTATTCTAGAC,0,559337
araCp,0.07142857142857142,13,13,CTAGGGCACCGGGTGGTCTC,0,526873
araCp,0.07142857142857142,13,13,CTAGGAGTAATACGGTCAGT,0,556553
araCp,0.07142857142857142,13,13,CTACTGCTTCGCCACTGTCC,0,549296
araCp,0.07142857142857142,13,13,CTACTAAGGAGATTGTACTA,0,576144
araCp,0.07142857142857142,13,13,CTACATGTTATTGGGCCGTG,0,529896
araCp,0.07142857142857142,13,13,CTAATCGTCTGCCGTGAAAA,0,580079
araCp,0.07142857142857142,13,13,CTAAACTGTTTACCCTATGA,0,547092
araCp,0.07142857142857142,13,13,CGTTCCGTTCGTCCGCGCCA,0,588000
araCp,0.07142857142857142,13,13,CGTTCAGAGCCACGAATCGC,0,554107
araCp,0.07142857142857142,13,13,CGTTACCAGACTGCCAAAAG,0,566869
araCp,0.07142857142857142,13,13,CGTTAAGGGGGTTCAATTGT,0,550620
araCp,0.07142857142857142,13,13,CGTGCAGCTGGGTCGCTTTG,0,565180
araCp,0.07142857142857142,13,13,CGTCTCTGTCCCCGGTCGGT,0,572369
araCp,0.07142857142857142,13,13,CGTCAAAAGGGGGTAGGAGA,0,563606
araCp,0.07142857142857142,13,13,CGTAGCGTATCTCGTTTTCG,0,569062
araCp,0.07142857142857142,13,13,CGTAGCAGTAGTACAAGCTT,0,550156
araCp,0.07142857142857142,13,13,CGTACTGCGGACTGCAAGCA,0,584895
araCp,0.07142857142857142,13,13,CGGTCCGCGAAGCGTTTCCT,0,583453
araCp,0.07142857142857142,13,13,CGGGTGAAGGCACGTCGCGT,0,603674
araCp,0.07142857142857142,13,13,CGGGGCAGTTACCTCGGTCA,0,540922
araCp,0.07142857142857142,13,13,CGGCCCGGGCTACTTTATTG,0,531487
araCp,0.07142857142857142,13,13,CGGACGGCAGGGATACCTTA,0,539275
araCp,0.07142857142857142,13,13,CGGACCGGCAGTGAGCATCA,0,541091
araCp,0.07142857142857142,13,13,CGGAATTTCCCCTTCTCTCC,0,529842
araCp,0.07142857142857142,13,13,CGCTGGGCAGTGCTGATCGG,0,559395
araCp,0.07142857142857142,13,13,CGCTCACGTCCTGTCAGGGA,0,579225
araCp,0.07142857142857142,13,13,CGCTATCCTGGGGGGGGCAT,0,536473
araCp,0.07142857142857142,13,13,CGCTAGCCATCCCCTCGTAT,0,538229
araCp,0.07142857142857142,13,13,CGCCTTCAGAGCCTTTTACC,0,602277
araCp,0.07142857142857142,13,13,CGCCGGAGCATATGAAATAG,0,588809
araCp,0.07142857142857142,13,13,CGCCCCTCTCCCCGACAGTG,0,537962
araCp,0.07142857142857142,13,13,CGCAGTGGCATCGATAAATA,0,571011
araCp,0.07142857142857142,13,13,CGATTTCATTTATAATGGAA,0,547559
araCp,0.07142857142857142,13,13,CGATCGTCAGCCCATTGCAA,0,550812
araCp,0.07142857142857142,13,13,CGAGTACGCGTTCGCACGTT,0,539202
araCp,0.07142857142857142,13,13,CGAGCCGCGGTCATATCCGT,0,552614
araCp,0.07142857142857142,13,13,CGAATGGGTAATATATCATA,0,529320
araCp,0.07142857142857142,13,13,CGAACCGGGACACCGCGGAT,0,536487
araCp,0.07142857142857142,13,13,CCTTAGGCCTTACGTGAGCG,0,576043
araCp,0.07142857142857142,13,13,CCTGGAAAGGCACTCCCACC,0,578265
araCp,0.07142857142857142,13,13,CCTGAAGTCCGAGTACGCTG,0,587649
araCp,0.07142857142857142,13,13,CCTCGGACAGGCACCAGATG,0,571174
araCp,0.07142857142857142,13,13,CCTCCTATGCGACCTAGAGG,0,601074
araCp,0.07142857142857142,13,13,CCTCAACTAAGGCTCACCTG,0,563714
araCp,0.07142857142857142,13,13,CCTAGTCGGCAGGGTTAAAG,0,567633
araCp,0.07142857142857142,13,13,CCTAGCAATTGATTATACTT,0,601479
araCp,0.07142857142857142,13,13,CCGTGTGACGCTTCCGTTGT,0,576310
araCp,0.07142857142857142,13,13,CCGTGAACACGACGGTTTGT,0,592321
araCp,0.07142857142857142,13,13,CCGGGGCTGCGCTGAATCGA,0,596220
araCp,0.07142857142857142,13,13,CCGCTTAAGATTTATACAAC,0,559264
araCp,0.07142857142857142,13,13,CCGCTCGGGAAGTAAAAAAA,0,546002
araCp,0.07142857142857142,13,13,CCGCGGACCTCGTCACAGCA,0,529994
araCp,0.07142857142857142,13,13,CCGCCCCGATGGATATCCCT,0,538919
araCp,0.07142857142857142,13,13,CCGCAAAGGTCCCGCACGGT,0,543057
araCp,0.07142857142857142,13,13,CCGATTAAGTAGGGCAATGC,0,570077
araCp,0.07142857142857142,13,13,CCGATGCCGTGAATGCATAT,0,569073
araCp,0.07142857142857142,13,13,CCGACGTGTCGGACTTCAGA,0,588602
araCp,0.07142857142857142,13,13,CCCTTTTTAACTTATTTACT,0,532236
araCp,0.07142857142857142,13,13,CCCTAAAAAGAGTCACTCGA,0,574377
araCp,0.07142857142857142,13,13,CCCGTTTATAATGTGTGCTT,0,550776
araCp,0.07142857142857142,13,13,CCCATGTCCCGTCAGAGCGC,0,558004
araCp,0.07142857142857142,13,13,CCCATCAACCGATCCTGTGC,0,576111
araCp,0.07142857142857142,13,13,CCATTATTGGCCCCCGGTTC,0,581728
araCp,0.07142857142857142,13,13,CCATGTAGTAAGCCTTTTGA,0,532368
araCp,0.07142857142857142,13,13,CCATCTCAGCAGAGAGCGTC,0,537478
araCp,0.07142857142857142,13,13,CCATAATGGATTTGCAGATT,0,558333
araCp,0.07142857142857142,13,13,CCAGTTTGTACCGCTGACTG,0,551598
araCp,0.07142857142857142,13,13,CCAGGGATTCAGCTTAGCAA,0,577642
araCp,0.07142857142857142,13,13,CCAGATCCTCGGCACGACAA,0,537629
araCp,0.07142857142857142,13,13,CATTTGGCGCTATTTTTCCA,0,578983
araCp,0.07142857142857142,13,13,CATTAGTGACTGTCCCGCTA,0,591165
araCp,0.07142857142857142,13,13,CATTAACAGGTAGAGACCGT,0,569182
araCp,0.07142857142857142,13,13,CATGTTAAGGGATTCTATTG,0,533549
araCp,0.07142857142857142,13,13,CATGGTCGCGAGCTCTCTCC,0,587299
araCp,0.07142857142857142,13,13,CATGCTTAGCCTCAACTGCT,0,530387
araCp,0.07142857142857142,13,13,CATGACTATTGTCGGGTTAC,0,543353
araCp,0.07142857142857142,13,13,CATCCATTGGCCCGATACTT,0,578603
araCp,0.07142857142857142,13,13,CATAATGTATAGTGCTCGGT,0,573491
araCp,0.07142857142857142,13,13,CAGTTCATACTGCACTGTAG,0,586887
araCp,0.07142857142857142,13,13,CAGGGCCTCTCGCACAAGCA,0,602027
araCp,0.07142857142857142,13,13,CAGGCAGATTCTGACCCCAC,0,546961
araCp,0.07142857142857142,13,13,CAGGCAACCATGGCTGCTGA,0,588862
araCp,0.07142857142857142,13,13,CAGGAGTTTGGAAGGGGTGA,0,539433
araCp,0.07142857142857142,13,13,CAGCTGTTCGACGGCACCTC,0,557490
araCp,0.07142857142857142,13,13,CAGCTCGGTTCTGGCTATTG,0,584675
araCp,0.07142857142857142,13,13,CAGCGGATAATGGCCGGATA,0,564841
araCp,0.07142857142857142,13,13,CAGCCTGGCTCTAGGGTAGT,0,601709
araCp,0.07142857142857142,13,13,CAGCAACCTCACTGCCCTGA,0,533685
araCp,0.07142857142857142,13,13,CAGATGACTTTATCGCAAGA,0,581986
araCp,0.07142857142857142,13,13,CAGAGGGTAAGATCTCAAAT,0,551190
araCp,0.07142857142857142,13,13,CACTATATCTAAGCCTCTAC,0,573780
araCp,0.07142857142857142,13,13,CACTAACAGCATAGAACAGC,0,528746
araCp,0.07142857142857142,13,13,CACTAAAGCCGTGATTAGGC,0,588233
araCp,0.07142857142857142,13,13,CACGTTCGAAGAAAGGTATA,0,602126
araCp,0.07142857142857142,13,13,CACGTGGCTTAAACGTCAGG,0,600807
araCp,0.07142857142857142,13,13,CACGGTATAAAATATCTGCC,0,593158
araCp,0.07142857142857142,13,13,CACCTCGACCGAGCGTCCTA,0,540875
araCp,0.07142857142857142,13,13,CACACACGGTGCGCATATCC,0,558440
araCp,0.07142857142857142,13,13,CAATCCGCCCACGTCTATAG,0,587059
araCp,0.07142857142857142,13,13,CAATCACGCATTCTGGATGA,0,545183
araCp,0.07142857142857142,13,13,CAAGGTCCTTGCAGTTCAAT,0,540078
araCp,0.07142857142857142,13,13,CAACCTTATAACTAATACGG,0,591828
araCp,0.07142857142857142,13,13,CAAACTCGGATTGATTTCCA,0,584844
araCp,0.07142857142857142,13,13,CAAACCTCTCTTCTTTTAGT,0,552095
araCp,0.07142857142857142,13,13,CAAAAGAGTGCGAACGTCTC,0,594146
araCp,0.07142857142857142,13,13,ATTTGTTTTTGTTCAGTGCT,0,549013
araCp,0.07142857142857142,13,13,ATTTACCAGCGCTGTGGGCA,0,581240
araCp,0.07142857142857142,13,13,ATTGTTTAAGGCGAATGTGA,0,526037
araCp,0.07142857142857142,13,13,ATTGCCCAATGTATCTTAGT,0,526372
araCp,0.07142857142857142,13,13,ATTGACGGTTGTCCCGTCCA,0,578605
araCp,0.07142857142857142,13,13,ATTCTAGGGGCTAAGTCAGA,0,547840
araCp,0.07142857142857142,13,13,ATTCGGGTGCTGTTAATACT,0,538937
araCp,0.07142857142857142,13,13,ATTCCATCTCCGGTTGACAA,0,584822
araCp,0.07142857142857142,13,13,ATTATCACCCCCTCCTCGTA,0,578559
araCp,0.07142857142857142,13,13,ATTAGCATACAGACGTTAAT,0,594752
araCp,0.07142857142857142,13,13,ATTAGATCCACGAGTGCACC,0,561544
araCp,0.07142857142857142,13,13,ATTACAACGCGCATGCGATC,0,587384
araCp,0.07142857142857142,13,13,ATGTGGGTGCTAGACCTGCT,0,586307
araCp,0.07142857142857142,13,13,ATGTATAAGCCGAACTGGTT,0,549239
araCp,0.07142857142857142,13,13,ATGGTGTTCATGTGTTAACA,0,573379
araCp,0.07142857142857142,13,13,ATGGGTTTTAACCCAGGCTC,0,526050
araCp,0.07142857142857142,13,13,ATGGGCCTTCGCTTGCGTGC,0,546230
araCp,0.07142857142857142,13,13,ATGCTCGGACACGGTTGTAA,0,548075
araCp,0.07142857142857142,13,13,ATGCGTCGAGGAATGACCGA,0,569963
araCp,0.07142857142857142,13,13,ATGCGCGGCGCGAAACCTTT,0,538839
araCp,0.07142857142857142,13,13,ATCTTGGCAGTGCGCCCCAT,0,578413
araCp,0.07142857142857142,13,13,ATCTGGTCTTCTACATACAG,0,526141
araCp,0.07142857142857142,13,13,ATCTGCAAGTTCCGTTTCCA,0,543255
araCp,0.07142857142857142,13,13,ATCTATAAACTGTCCTAGGC,0,573788
araCp,0.07142857142857142,13,13,ATCCCGGATAAGACAATCAT,0,533271
araCp,0.07142857142857142,13,13,ATCCCCCCCATAATCTTTCA,0,527542
araCp,0.07142857142857142,13,13,ATCCAACGGATGCCTGGGTT,0,561339
araCp,0.07142857142857142,13,13,ATATGGCTCTCCTATGACCA,0,541881
araCp,0.07142857142857142,13,13,ATATATGAGCTAAACGTAGT,0,586565
araCp,0.07142857142857142,13,13,ATATATCTCTGTTCTACTAC,0,582385
araCp,0.07142857142857142,13,13,ATATAGGGTTAATAAGTAAT,0,543973
araCp,0.07142857142857142,13,13,ATAGGGAGCAACTACAATTG,0,534432
araCp,0.07142857142857142,13,13,ATACGCGCCGAGGCCTGCCC,0,551312
araCp,0.07142857142857142,13,13,ATACGCCAACTCGAAGCGGA,0,589604
araCp,0.07142857142857142,13,13,ATAACTCTCCTTACCACCTA,0,582375
araCp,0.07142857142857142,13,13,ATAAATATACAAAAGGATAC,0,555603
araCp,0.07142857142857142,13,13,AGTTGCCGTGGGTGCAACGC,0,589981
araCp,0.07142857142857142,13,13,AGTTCGGGGCGTATCTTGTC,0,555305
araCp,0.07142857142857142,13,13,AGTTAAATTCTAGGGTTAGT,0,597306
araCp,0.07142857142857142,13,13,AGTGGTGTGATCCGGTCGGA,0,564203
araCp,0.07142857142857142,13,13,AGTGGGCTATTGGAGCAAGT,0,566655
araCp,0.07142857142857142,13,13,AGTGCTGCGTGTCAAATGCC,0,553362
araCp,0.07142857142857142,13,13,AGTGATTCAAGGGCAATACA,0,573955
araCp,0.07142857142857142,13,13,AGTCTGTGCATGCTCAATTT,0,539186
araCp,0.07142857142857142,13,13,AGTCTGATTGGTTAGTGAAA,0,548083
araCp,0.07142857142857142,13,13,AGTCTACGGGGAATGAGACG,0,536919
araCp,0.07142857142857142,13,13,AGTATGATGTGGACAACGAC,0,603243
araCp,0.07142857142857142,13,13,AGGTACTGGGGGAACCAAAA,0,557747
araCp,0.07142857142857142,13,13,AGGTACTGCGTGGGTGAGGA,0,594265
araCp,0.07142857142857142,13,13,AGGTACCCTAGGGCGCGGAG,0,578476
araCp,0.07142857142857142,13,13,AGGTAACAGCATCACACCCT,0,601121
araCp,0.07142857142857142,13,13,AGGGTATTTCAATGCCGTGC,0,585821
araCp,0.07142857142857142,13,13,AGGGTAAGCTTGCCTATCGT,0,558242
araCp,0.07142857142857142,13,13,AGGGGATTCAAACAGTGCCT,0,597682
araCp,0.07142857142857142,13,13,AGGGCTATGGTGTTCCGGGT,0,568021
araCp,0.07142857142857142,13,13,AGGGAATCAGTGTTTATCCC,0,554226
araCp,0.07142857142857142,13,13,AGGCTCGTTCACCCTCGTCG,0,600245
araCp,0.07142857142857142,13,13,AGGCGGCTTATCTGGCATAT,0,563771
araCp,0.07142857142857142,13,13,AGGATCCATCTGACACGAAG,0,546843
araCp,0.07142857142857142,13,13,AGCGTATTACGAATGGCACC,0,553095
araCp,0.07142857142857142,13,13,AGCGAGTTGTGGAGTACTCA,0,557942
araCp,0.07142857142857142,13,13,AGCCTTGCAGCGTTTCGCGT,0,542217
araCp,0.07142857142857142,13,13,AGCCTGTAGGACCGGGGACA,0,603064
araCp,0.07142857142857142,13,13,AGCCAACACTCTCCCTGATA,0,592061
araCp,0.07142857142857142,13,13,AGCCAAAGTGCCAGTGCCAT,0,543774
araCp,0.07142857142857142,13,13,AGCAATGTACGTCCAATAGA,0,601181
araCp,0.07142857142857142,13,13,AGCAACTCCCACGCGGACAA,0,558105
araCp,0.07142857142857142,13,13,AGATTTTACGTTAGGAAAAA,0,580229
araCp,0.07142857142857142,13,13,AGATTCGTCTTAGACTCAGA,0,545892
araCp,0.07142857142857142,13,13,AGATTAAGTATGCCCATTAG,0,580921
araCp,0.07142857142857142,13,13,AGATCTCAGACGTCTCCGAG,0,564194
araCp,0.07142857142857142,13,13,AGATATCGAATCTGGATGCT,0,532812
araCp,0.07142857142857142,13,13,AGATAGGTAACAGCATACAT,0,566731
araCp,0.07142857142857142,13,13,AGAGTTAGGCCTTGTGCCTA,0,591949
araCp,0.07142857142857142,13,13,AGAGTATTGGTCCTAGGGTC,0,575252
araCp,0.07142857142857142,13,13,AGAGGTCTTCGTGTGTAGGG,0,529496
araCp,0.07142857142857142,13,13,AGAGACCACGTACGCTGGGG,0,544336
araCp,0.07142857142857142,13,13,AGACAAAGGAAGCGGCGATC,0,548436
araCp,0.07142857142857142,13,13,AGAAGCATTTGAACGCTGCC,0,601483
araCp,0.07142857142857142,13,13,AGAACCGCGTAACCCTGGTT,0,573266
araCp,0.07142857142857142,13,13,ACTTGGGCCATCGCCCACAC,0,579679
araCp,0.07142857142857142,13,13,ACTTGACCGACCGATGCGGT,0,531380
araCp,0.07142857142857142,13,13,ACTTAAGGTGGGCCAAGAAC,0,536756
araCp,0.07142857142857142,13,13,ACTCGTGCACCTTTGAAAGC,0,544591
araCp,0.07142857142857142,13,13,ACTCCTGAGTATGTGCGTCT,0,594614
araCp,0.07142857142857142,13,13,ACTATTGCGAGACGTAAAAT,0,595785
araCp,0.07142857142857142,13,13,ACTATATCGTCGCTGTAAGG,0,585698
araCp,0.07142857142857142,13,13,ACGTTCCAGCAAGAGCCCCC,0,579865
araCp,0.07142857142857142,13,13,ACGTCTAATTGGGGGACCCT,0,584949
araCp,0.07142857142857142,13,13,ACGTCGGAACCATTCCTGAC,0,568228
araCp,0.07142857142857142,13,13,ACGTCAGCGCAAGCCCTTGA,0,588504
araCp,0.07142857142857142,13,13,ACGTAAACACTAGAGTCAGC,0,549651
araCp,0.07142857142857142,13,13,ACGGTTCAGAAGTACTGATG,0,552362
araCp,0.07142857142857142,13,13,ACGCTGCTCTACACCGGTCC,0,571130
araCp,0.07142857142857142,13,13,ACGCTCGGCTGGGCCAAGGA,0,529420
araCp,0.07142857142857142,13,13,ACGCGTCTAACGGTGAGTCT,0,572401
araCp,0.07142857142857142,13,13,ACGCCTTTCATCGCCACTCC,0,603169
araCp,0.07142857142857142,13,13,ACGCACTCAACAGTGTCCTT,0,575838
araCp,0.07142857142857142,13,13,ACGCAAGAATGTAATCGATG,0,528620
araCp,0.07142857142857142,13,13,ACGATTCTCCTCGGCCAGTC,0,575869
araCp,0.07142857142857142,13,13,ACGAGGATGGCCGCGTGGAA,0,544487
araCp,0.07142857142857142,13,13,ACGACGCTGCGACTTGAGTT,0,537569
araCp,0.07142857142857142,13,13,ACGACCAACCGCTATAATTG,0,558337
araCp,0.07142857142857142,13,13,ACCGTCACAATTAGGTGATT,0,594587
araCp,0.07142857142857142,13,13,ACCGCCAGTGATCGGTGTGT,0,591864
araCp,0.07142857142857142,13,13,ACCGCATCTTTTCGGGTCAT,0,584500
araCp,0.07142857142857142,13,13,ACCGAACAGGCGCTCTCTCC,0,531906
araCp,0.07142857142857142,13,13,ACCCCGCTGGTGCGGGCGCA,0,565880
araCp,0.07142857142857142,13,13,ACATTTATCGTGGCGCTCCC,0,575828
araCp,0.07142857142857142,13,13,ACATGTAACATTGGGCGCTA,0,600677
araCp,0.07142857142857142,13,13,ACAGGAAAGTGCGTTTAACA,0,547242
araCp,0.07142857142857142,13,13,ACAGCCGAGGCGTTGCGTTT,0,587864
araCp,0.07142857142857142,13,13,AATTTGCTTCAGACCTGCGT,0,559815
araCp,0.07142857142857142,13,13,AATGCCTCCGTAGGGTGCGC,0,599189
araCp,0.07142857142857142,13,13,AATGAGCGTCCTTTGACTTA,0,584787
araCp,0.07142857142857142,13,13,AATCGGGGTGATCTAACTAA,0,599124
araCp,0.07142857142857142,13,13,AATCGAGTATGCGTAGCTCA,0,586104
araCp,0.07142857142857142,13,13,AATCAAAGGTGGTTGCACAC,0,560724
araCp,0.07142857142857142,13,13,AATAAGATCTCCGCACGTGA,0,583323
araCp,0.07142857142857142,13,13,AAGTCTTTCCAGGTGCTAGG,0,577196
araCp,0.07142857142857142,13,13,AAGTAGAAGTACGTGAGTAT,0,569002
araCp,0.07142857142857142,13,13,AAGGGTTCGAGGGCCATAGG,0,583060
araCp,0.07142857142857142,13,13,AAGGCGCTGTGATTATGTTA,0,568140
araCp,0.07142857142857142,13,13,AAGCGCAGGAAAGGATCCAA,0,585353
araCp,0.07142857142857142,13,13,AAGCAGGGGCGCTGTCTCTA,0,598282
araCp,0.07142857142857142,13,13,AAGCACGCTTGGAGCTCTAT,0,539115
araCp,0.07142857142857142,13,13,AAGAGCACAGACGGTAAATC,0,537560
araCp,0.07142857142857142,13,13,AAGAGAAGGCCGTATTTTAC,0,597211
araCp,0.07142857142857142,13,13,AAGAATATACGGACCCGCAA,0,543662
araCp,0.07142857142857142,13,13,AACTTCACCACCTCTTCCCC,0,546302
araCp,0.07142857142857142,13,13,AACTGCGCCTACTAATCTAC,0,572966
araCp,0.07142857142857142,13,13,AACGTGCCAGGCGGTTCATG,0,558730
araCp,0.07142857142857142,13,13,AACGTAGTGCGGCCTATAAT,0,526216
araCp,0.07142857142857142,13,13,AACGCGACGACTTGATACGG,0,566065
araCp,0.07142857142857142,13,13,AACGATGTCCTCATTTCTAG,0,559755
araCp,0.07142857142857142,13,13,AACCTACCAGAAGTCATCAG,0,555886
araCp,0.07142857142857142,13,13,AACCCACGTCAGTGATGCAA,0,555055
araCp,0.07142857142857142,13,13,AACCATTATTCTCCTTGGGT,0,564482
araCp,0.07142857142857142,13,13,AACCAGAAAGAACTTCGGCG,0,544628
araCp,0.07142857142857142,13,13,AAATTTTCCCTCGAAAAGTG,0,597623
araCp,0.07142857142857142,13,13,AAATATTGAGAGTGACCACG,0,555473
araCp,0.07142857142857142,13,13,AAAGTGCATAATGCGGCCCT,0,535704
araCp,0.07142857142857142,13,13,AAAGGGGTGTCAGTTGGGCG,0,544550
araCp,0.07142857142857142,13,13,AAACTCAAGGTTGCGACGAG,0,547370
araCp,0.07142857142857142,13,13,AAAAGGATAAGGGTTAGTCT,0,563280
araCp,0.07142857142857142,13,13,AAAAGAAAAACAGGTTGTTA,0,534384
araCp,0.07692307692307693,12,12,TTTTTGAAGTGCATGTGCGC,0,588019
araCp,0.07692307692307693,12,12,TTTGGTATGGCAAACAAGAT,0,561191
araCp,0.07692307692307693,12,12,TTTGGCGTCTACGCACGAGC,0,559500
araCp,0.07692307692307693,12,12,TTTCGCCGGTATCATGTCTT,0,598926
araCp,0.07692307692307693,12,12,TTTCCGGATATGCAATATGC,0,568861
araCp,0.07692307692307693,12,12,TTTCAAGTTCTGACAGGATT,0,572686
araCp,0.07692307692307693,12,12,TTTACTTCACCTTTTCGTTG,0,567696
araCp,0.07692307692307693,12,12,TTTAATGGCACACTGTAACC,0,590417
araCp,0.07692307692307693,12,12,TTGTTCGGCTCTAGAGGCCT,0,532701
araCp,0.07692307692307693,12,12,TTGTATCCCAGGGTTTATGT,0,545848
araCp,0.07692307692307693,12,12,TTGTAACAATGAATCAACAG,0,582606
araCp,0.07692307692307693,12,12,TTGGCGTTTGGTGTCTATAG,0,537436
araCp,0.07692307692307693,12,12,TTGCGCTTGAGCCACAACTT,0,573647
araCp,0.07692307692307693,12,12,TTGCATCTGGTCTAGTCGAA,0,534922
araCp,0.07692307692307693,12,12,TTGATCCAATGCAGAGTTTG,0,589152
araCp,0.07692307692307693,12,12,TTGACTGGACCTGATTGCGT,0,590871
araCp,0.07692307692307693,12,12,TTCTGTCGCGCACGCGGGGC,0,545375
araCp,0.07692307692307693,12,12,TTCTATCCGGCTTCATTGCA,0,548230
araCp,0.07692307692307693,12,12,TTCTAAAACTTTTAAATTCA,0,593857
araCp,0.07692307692307693,12,12,TTCGGTGTCCGGGTGCGGCG,0,594078
araCp,0.07692307692307693,12,12,TTCGGCGGCAGGGAACTGGG,0,559527
araCp,0.07692307692307693,12,12,TTCGAATCGTGCTCCCCGCT,0,560316
araCp,0.07692307692307693,12,12,TTCGAAGGGAGCAAACGTCC,0,582302
araCp,0.07692307692307693,12,12,TTCCTTCGTTTAGCTGGGCT,0,549854
araCp,0.07692307692307693,12,12,TTCCTCGACGCGGAGTACGG,0,591244
araCp,0.07692307692307693,12,12,TTCCCTGACTTCACGCCCTC,0,559953
araCp,0.07692307692307693,12,12,TTCCAGGCTACCGGTGCTCA,0,552911
araCp,0.07692307692307693,12,12,TTCATAATTACGTGCCGCGT,0,549350
araCp,0.07692307692307693,12,12,TTATTTGACTATGAGTAGGT,0,554002
araCp,0.07692307692307693,12,12,TTATTCTAGGATACAGTTAT,0,584082
araCp,0.07692307692307693,12,12,TTATTAAGTTAGGTTGCTTA,0,602029
araCp,0.07692307692307693,12,12,TTATGCTGACAGGGAAATAG,0,567339
araCp,0.07692307692307693,12,12,TTATGATTTCCCATGGAAGT,0,541196
araCp,0.07692307692307693,12,12,TTATATCGGGATATCACAGC,0,537630
araCp,0.07692307692307693,12,12,TTAGCTCCAGCTCAAGTATT,0,547169
araCp,0.07692307692307693,12,12,TTACTTACGGAACCCAGCAA,0,546338
araCp,0.07692307692307693,12,12,TTACGGCACCGTCCCCGTCC,0,548159
araCp,0.07692307692307693,12,12,TTACGCTGGCTCGGGTTTTG,0,538427
araCp,0.07692307692307693,12,12,TTACCCTAGCATCATGTGAG,0,566165
araCp,0.07692307692307693,12,12,TTACAGTTCGGGAGATCTAG,0,540991
araCp,0.07692307692307693,12,12,TTACACGGCCAACAACAGTC,0,548557
araCp,0.07692307692307693,12,12,TTAAGTCGCGCGACAGCGGG,0,590735
araCp,0.07692307692307693,12,12,TGTTCTCAAACTGACCGGAT,0,594887
araCp,0.07692307692307693,12,12,TGTGTCTAAAGAGGAGCTTA,0,530214
araCp,0.07692307692307693,12,12,TGTGCATATACTTCTGGGCG,0,574960
araCp,0.07692307692307693,12,12,TGTCGGACGCACAGCGGGCA,0,557464
araCp,0.07692307692307693,12,12,TGTAATTAGATCTGAAACTG,0,531395
araCp,0.07692307692307693,12,12,TGTAAGCGCGACCCAGTTTC,0,601183
araCp,0.07692307692307693,12,12,TGGTTCGATAGCTATCGAGT,0,550494
araCp,0.07692307692307693,12,12,TGGTGCATATTACCCAAAGG,0,568720
araCp,0.07692307692307693,12,12,TGGGTTATATTCCAGATTCC,0,557592
araCp,0.07692307692307693,12,12,TGGGTGAGATCAAGGTGAGT,0,596214
araCp,0.07692307692307693,12,12,TGGGATTACCTACTGAACTA,0,562943
araCp,0.07692307692307693,12,12,TGGGAAAAACCGGGTTGGTG,0,535307
araCp,0.07692307692307693,12,12,TGGCGTCCGGGTACAGCATT,0,571483
araCp,0.07692307692307693,12,12,TGGATAGATGGCGCTATAAT,0,581739
araCp,0.07692307692307693,12,12,TGGAGTGTCAGGTTCTCGAA,0,570302
araCp,0.07692307692307693,12,12,TGGACACTTGTACAGAGGCT,0,536164
araCp,0.07692307692307693,12,12,TGGACAATACGAGAAAGGCA,0,596981
araCp,0.07692307692307693,12,12,TGCTGGTATTGCCGGATCTC,0,535224
araCp,0.07692307692307693,12,12,TGCGTTTACATGGCTATCAT,0,550103
araCp,0.07692307692307693,12,12,TGCGGGCCTAAAGGCACTCG,0,552354
araCp,0.07692307692307693,12,12,TGCGCACCAGAGACACAGAT,0,551186
araCp,0.07692307692307693,12,12,TGCGAATTTTTCTCCGTTTC,0,538717
araCp,0.07692307692307693,12,12,TGCGAACGTACTACCACACT,0,527200
araCp,0.07692307692307693,12,12,TGCCAGGAGGTAGTTTCCAG,0,584831
araCp,0.07692307692307693,12,12,TGCAACTAACTTTTATGTTA,0,538974
araCp,0.07692307692307693,12,12,TGCAAATAGTCGGTCTAAGC,0,550487
araCp,0.07692307692307693,12,12,TGATGATCCCGCCGTCTTTT,0,554402
araCp,0.07692307692307693,12,12,TGATGACTTGTCGCGTGGGA,0,547344
araCp,0.07692307692307693,12,12,TGAGGCTGTCCCGCGCTCCT,0,565808
araCp,0.07692307692307693,12,12,TGAGGCTAGACCCTTGGGTG,0,556341
araCp,0.07692307692307693,12,12,TGACTCTACGGCGCATAACA,0,544757
araCp,0.07692307692307693,12,12,TGACCGCCCGGTCTGAGCTC,0,540476
araCp,0.07692307692307693,12,12,TCTTCTTCGTTCGCTGTCGT,0,590168
araCp,0.07692307692307693,12,12,TCTCTACCGCCAGCGGCACA,0,580384
araCp,0.07692307692307693,12,12,TCTCCAGTCTTGGCTCGAAT,0,559821
araCp,0.07692307692307693,12,12,TCTATGCGAGGGGATTAGGG,0,601225
araCp,0.07692307692307693,12,12,TCTAATCACCTCGCAGCTGC,0,558761
araCp,0.07692307692307693,12,12,TCTAAGGGGTCAGAGAGGGA,0,594795
araCp,0.07692307692307693,12,12,TCGTTGACACAAGTCTCAAC,0,528389
araCp,0.07692307692307693,12,12,TCGTGCCTCCCCTGGGCGAG,0,536674
araCp,0.07692307692307693,12,12,TCGGTCCATAGAGTTCGACA,0,544388
araCp,0.07692307692307693,12,12,TCGGTATCGTGACGACAGAC,0,581575
araCp,0.07692307692307693,12,12,TCGCCTAGGTGTATGGTAGG,0,559310
araCp,0.07692307692307693,12,12,TCGCCCAGGGTCGCCATAGA,0,597477
araCp,0.07692307692307693,12,12,TCGAGTTGCAGGCCTAGAAT,0,571349
araCp,0.07692307692307693,12,12,TCGAGACTAAGGAGGAATGT,0,525927
araCp,0.07692307692307693,12,12,TCCTTTAGTATCGGGCTGCC,0,577768
araCp,0.07692307692307693,12,12,TCCTCGAAACAGAGGTTCAA,0,559218
araCp,0.07692307692307693,12,12,TCCGAAGTATAATCCTCACT,0,573533
araCp,0.07692307692307693,12,12,TCCATAAACTGACTGTATAA,0,542216
araCp,0.07692307692307693,12,12,TCCAGTTAAATCAGGGTCCT,0,582958
araCp,0.07692307692307693,12,12,TCCAGGGCTGGCGACCACAT,0,571449
araCp,0.07692307692307693,12,12,TCAGGAACTTTAGACGATCG,0,551341
araCp,0.07692307692307693,12,12,TCAGACGCAGATCTGCGACA,0,536254
araCp,0.07692307692307693,12,12,TCACGCGCGTTAAACAGGGA,0,550929
araCp,0.07692307692307693,12,12,TCACCTATATTCCAAGGACT,0,585911
araCp,0.07692307692307693,12,12,TCACCCGAACAAACGCTTTT,0,542792
araCp,0.07692307692307693,12,12,TCACCCCCGTACGCGTGTGA,0,568128
araCp,0.07692307692307693,12,12,TCACACGACGGCAATATACG,0,573446
araCp,0.07692307692307693,12,12,TCAATCCGCACGTCTCCGAC,0,542769
araCp,0.07692307692307693,12,12,TATTGGGGATGTACCGGAGA,0,548877
araCp,0.07692307692307693,12,12,TATTCTAAGGTCTTAGATTA,0,553860
araCp,0.07692307692307693,12,12,TATGGTAGATAGTCGGCACA,0,531199
araCp,0.07692307692307693,12,12,TATCTACGCATGCTAAAAAA,0,544170
araCp,0.07692307692307693,12,12,TATCGTTAATTTTTTATTGA,0,560001
araCp,0.07692307692307693,12,12,TATCCCGGGCAGGGTAGAGA,0,567064
araCp,0.07692307692307693,12,12,TATCCATAAGGAAGCCCGCA,0,566925
araCp,0.07692307692307693,12,12,TATCAGAAATATTAGAATAT,0,561132
araCp,0.07692307692307693,12,12,TATACACCTCGACCGTCCTG,0,602337
araCp,0.07692307692307693,12,12,TAGTGCCGGAACGCGGAATA,0,566195
araCp,0.07692307692307693,12,12,TAGGACGGTACGACTACCGA,0,525893
araCp,0.07692307692307693,12,12,TAGCGTCCCGTATCCGAGGC,0,601797
araCp,0.07692307692307693,12,12,TAGCGAAACTTAGCTTATCA,0,546011
araCp,0.07692307692307693,12,12,TAGCCTCACTTAACTAGACG,0,528218
araCp,0.07692307692307693,12,12,TAGCATTAGCAAGTGGTTCG,0,596269
araCp,0.07692307692307693,12,12,TAGCATCTAGGGACAAGTGT,0,555455
araCp,0.07692307692307693,12,12,TAGCAAGCCTACTATTTGAG,0,597135
araCp,0.07692307692307693,12,12,TAGATGATATACGGAGGCGC,0,545237
araCp,0.07692307692307693,12,12,TAGAGCAAATCGCCATGATA,0,584900
araCp,0.07692307692307693,12,12,TACTTTCTGGTCCTCGCTAT,0,601586
araCp,0.07692307692307693,12,12,TACTGCTTATGCCATGAGGT,0,542900
araCp,0.07692307692307693,12,12,TACTCTGGTCACCAAGGGTC,0,600566
araCp,0.07692307692307693,12,12,TACGGCTCGGCCAATCCGGA,0,597923
araCp,0.07692307692307693,12,12,TACGCAGGTAAGCTAGAGGA,0,603706
araCp,0.07692307692307693,12,12,TACGAAGCTGTTGGTCCTTT,0,530571
araCp,0.07692307692307693,12,12,TACCTCTCCAAGCGCGGCGC,0,591942
araCp,0.07692307692307693,12,12,TACCTACACGTCAAACGGTT,0,550138
araCp,0.07692307692307693,12,12,TACATCGCTGTAATCGGAAC,0,591161
araCp,0.07692307692307693,12,12,TACAGGAGGTTCTGAACGGG,0,576565
araCp,0.07692307692307693,12,12,TACAGAGGCAACTGAAGCTA,0,554520
araCp,0.07692307692307693,12,12,TACAATAGTGTATTTTTCAG,0,587902
araCp,0.07692307692307693,12,12,TAATTGCTCATGCCGTTGAT,0,591680
araCp,0.07692307692307693,12,12,TAATACGGGTACGCACCAGT,0,588356
araCp,0.07692307692307693,12,12,TAACACTGTGCCATTAGTGA,0,578213
araCp,0.07692307692307693,12,12,TAAAGTGTACTTAGCTACAA,0,529633
araCp,0.07692307692307693,12,12,TAAAAAAATGGTTTGGGTAG,0,539673
araCp,0.07692307692307693,12,12,GTTGCGCCCAGGTGTGGAAT,0,565119
araCp,0.07692307692307693,12,12,GTTGATAAACGAGCTCGCGA,0,559487
araCp,0.07692307692307693,12,12,GTTCTTTCGTCAATCACCGG,0,583232
araCp,0.07692307692307693,12,12,GTTCTAAGCGGATTTATCCA,0,528851
araCp,0.07692307692307693,12,12,GTTCAATTGTTTATTGTGAT,0,567462
araCp,0.07692307692307693,12,12,GTGTTCCACGAACCTGACGG,0,540609
araCp,0.07692307692307693,12,12,GTGTGGGTTGGAGGATGCTC,0,555672
araCp,0.07692307692307693,12,12,GTGGTAAGTTTGTGGCGGTA,0,566698
araCp,0.07692307692307693,12,12,GTGGGATCGATCGCTATTAT,0,527152
araCp,0.07692307692307693,12,12,GTGGCTACGGGGAAGAGGCA,0,571170
araCp,0.07692307692307693,12,12,GTGGATGTGCCCCCAAAAGC,0,572504
araCp,0.07692307692307693,12,12,GTGGATCAAAAACCCGTGCG,0,542761
araCp,0.07692307692307693,12,12,GTGCAGAAAGTTTCTTATTG,0,573334
araCp,0.07692307692307693,12,12,GTGACATACGCTAGTTTTAA,0,533026
araCp,0.07692307692307693,12,12,GTCTGCGAGAAGTCAGGACC,0,585691
araCp,0.07692307692307693,12,12,GTCGTCTCATGCGCCCAGTT,0,567616
araCp,0.07692307692307693,12,12,GTCGGTTTAATCTGCTTGTT,0,538785
araCp,0.07692307692307693,12,12,GTCCGCATAACCAGGTGTGC,0,591804
araCp,0.07692307692307693,12,12,GTCCGCACCAGGCAGGTCTG,0,585306
araCp,0.07692307692307693,12,12,GTCCAAGTGCGCCCTTTGTT,0,532063
araCp,0.07692307692307693,12,12,GTCATATTTACCGGCAACCG,0,569219
araCp,0.07692307692307693,12,12,GTCAATTGTAGGCAATATTA,0,535410
araCp,0.07692307692307693,12,12,GTAGATCGGCTCTATGAGAC,0,555496
araCp,0.07692307692307693,12,12,GTACGAGTCCTGTGCGGTCA,0,577251
araCp,0.07692307692307693,12,12,GTACAGCAGATGCGCTTAGA,0,535387
araCp,0.07692307692307693,12,12,GGTTCGCAGCTTTACACGGA,0,600127
araCp,0.07692307692307693,12,12,GGTGTCCCCATCGCGTTTCG,0,601234
araCp,0.07692307692307693,12,12,GGTGGGCCATGGAGAAGGGA,0,530895
araCp,0.07692307692307693,12,12,GGTGATCGACAATTTGCTCA,0,558852
araCp,0.07692307692307693,12,12,GGTCTTCGACGGTGAAAATT,0,526981
araCp,0.07692307692307693,12,12,GGTCTACCCAGGGACAATAT,0,542955
araCp,0.07692307692307693,12,12,GGTCATGAACTCCATGTGAA,0,555474
araCp,0.07692307692307693,12,12,GGTCACGCTACATCAGCTCA,0,573736
araCp,0.07692307692307693,12,12,GGTATATCATATGGGCACAA,0,576716
araCp,0.07692307692307693,12,12,GGTAGGACTTGTTTTAGAGA,0,550210
araCp,0.07692307692307693,12,12,GGTACCCGTTCGGTCTCGCG,0,592986
araCp,0.07692307692307693,12,12,GGTACATGGCTTACCACAAT,0,563128
araCp,0.07692307692307693,12,12,GGGTGGACTGTTCAGGTTCA,0,574234
araCp,0.07692307692307693,12,12,GGGTGCCCTCCAGAGCTGTT,0,593147
araCp,0.07692307692307693,12,12,GGGTGAGGGGACCGCTGAGG,0,573571
araCp,0.07692307692307693,12,12,GGGTCTCTCTATAAACAGGT,0,562911
araCp,0.07692307692307693,12,12,GGGTCAGGGTGCCGCCTACG,0,536962
araCp,0.07692307692307693,12,12,GGGGTGACCTGGCTTGGGAC,0,555578
araCp,0.07692307692307693,12,12,GGGGTCTGGGCTTAGGGCGT,0,551694
araCp,0.07692307692307693,12,12,GGGGTCCCTCCTTATATTGA,0,540685
araCp,0.07692307692307693,12,12,GGGGGCATTGCTCGTCCTGT,0,563808
araCp,0.07692307692307693,12,12,GGGGGATAGTGGAGCCTCAG,0,526599
araCp,0.07692307692307693,12,12,GGGGCATGAGCAGCGTTGGT,0,540885
araCp,0.07692307692307693,12,12,GGGGCAGTTGGATTAGCTCC,0,563555
araCp,0.07692307692307693,12,12,GGGCTTCAACTTGAGTTACT,0,543614
araCp,0.07692307692307693,12,12,GGGCATCCAGAAACTGATAC,0,600415
araCp,0.07692307692307693,12,12,GGGCAGGTTACGCATAACTC,0,547260
araCp,0.07692307692307693,12,12,GGGCAGATACTCCTCCTGAT,0,552758
araCp,0.07692307692307693,12,12,GGGCAAGGCATTTACCTTAC,0,570775
araCp,0.07692307692307693,12,12,GGGAAAGTAGCGCCGTCTTA,0,574417
araCp,0.07692307692307693,12,12,GGCTTGATGTATCCTGTGGT,0,572047
araCp,0.07692307692307693,12,12,GGCTGCGAAAACCTATAAAT,0,558261
araCp,0.07692307692307693,12,12,GGCTCTCCGCCGAACGGCAA,0,563370
araCp,0.07692307692307693,12,12,GGCTCTCATACCGGACATGA,0,564414
araCp,0.07692307692307693,12,12,GGCTAGCGCGCCCCGAGGAG,0,560186
araCp,0.07692307692307693,12,12,GGCTAGACAATGGAGTCGAA,0,578804
araCp,0.07692307692307693,12,12,GGCGTGTCGCGCCGCCAGGG,0,556542
araCp,0.07692307692307693,12,12,GGCGGCCGAAACACGCCACA,0,539709
araCp,0.07692307692307693,12,12,GGCGCCCAATCGATTGATGT,0,552305
araCp,0.07692307692307693,12,12,GGCCCTGGTGGTTACAATTA,0,539894
araCp,0.07692307692307693,12,12,GGCCCCCCAGTTATCGTCGT,0,575046
araCp,0.07692307692307693,12,12,GGCATAGTTTAAGCAATTCT,0,567457
araCp,0.07692307692307693,12,12,GGCAGACGGGTATAGACCGT,0,540671
araCp,0.07692307692307693,12,12,GGCAACAGTTGATCCACAAT,0,570748
araCp,0.07692307692307693,12,12,GGATGACGAAAGCGCCACGT,0,571856
araCp,0.07692307692307693,12,12,GGATACAAATATGGGTTATC,0,580582
araCp,0.07692307692307693,12,12,GGATAAGCTCTCACCTGATG,0,565298
araCp,0.07692307692307693,12,12,GGAGGTGAATATTTAGACCG,0,530690
araCp,0.07692307692307693,12,12,GGAGGCCCTTTGTATAATGA,0,560974
araCp,0.07692307692307693,12,12,GGAGATTAGTGCCGCTTGGT,0,529504
araCp,0.07692307692307693,12,12,GGACGTTGAAAAGGACGAAC,0,600784
araCp,0.07692307692307693,12,12,GGACGCGGCGTCAGCGTGTA,0,571173
araCp,0.07692307692307693,12,12,GGACCCTGGCCCTGAAAGAG,0,549535
araCp,0.07692307692307693,12,12,GGACAGTATACTCACGTGAT,0,573121
araCp,0.07692307692307693,12,12,GGAATTGCAATAAGAACCCT,0,526044
araCp,0.07692307692307693,12,12,GGAAGATACAAGTGGATACG,0,570286
araCp,0.07692307692307693,12,12,GCTTTGCCTTTTCCTTAACA,0,560803
araCp,0.07692307692307693,12,12,GCTGTTAAGCTAGAGACTGA,0,551874
araCp,0.07692307692307693,12,12,GCTGTGCAGTATGGCGGGCT,0,568070
araCp,0.07692307692307693,12,12,GCTCAATCTAGACCCCCTGG,0,542627
araCp,0.07692307692307693,12,12,GCTAGTCTGGCAGGAGGATC,0,553293
araCp,0.07692307692307693,12,12,GCTACCTCTTGTTTAGAAAT,0,535790
araCp,0.07692307692307693,12,12,GCGTGTGACTAACTAGCAAT,0,592642
araCp,0.07692307692307693,12,12,GCGTCTGGCAGATCAGGTGT,0,572183
araCp,0.07692307692307693,12,12,GCGTCCAGCTGTTGTGGATA,0,527620
araCp,0.07692307692307693,12,12,GCGGTATACTAAGGTCAAGT,0,577790
araCp,0.07692307692307693,12,12,GCGGTAACGTTTTCCTAAAT,0,599002
araCp,0.07692307692307693,12,12,GCGGCAATATCGAGTTCTTT,0,572176
araCp,0.07692307692307693,12,12,GCGGAACTAAGATGGCTCGT,0,596489
araCp,0.07692307692307693,12,12,GCGAACGCAAAGAGGCCGAC,0,556539
araCp,0.07692307692307693,12,12,GCCTTCTTTACTCGCCAATG,0,580021
araCp,0.07692307692307693,12,12,GCCTGGGGTATCCAAGAAGA,0,536988
araCp,0.07692307692307693,12,12,GCCTACTTGCGATCTGGAGG,0,549858
araCp,0.07692307692307693,12,12,GCCTAACGGGGGCTCATCAA,0,551399
araCp,0.07692307692307693,12,12,GCCGTGCAGTGAAACCCCCA,0,548359
araCp,0.07692307692307693,12,12,GCCGGCCAAGTTAATCTAGG,0,575262
araCp,0.07692307692307693,12,12,GCCGGACGGATAATATGGCT,0,585719
araCp,0.07692307692307693,12,12,GCCGCTCGCTGGTGAGGTAT,0,556384
araCp,0.07692307692307693,12,12,GCCCTGAGAACTCTATTCGA,0,587464
araCp,0.07692307692307693,12,12,GCCCGACCGGCGGATGGTTA,0,599981
araCp,0.07692307692307693,12,12,GCCATCTTCGTAAGCCAGTC,0,533568
araCp,0.07692307692307693,12,12,GCCATAGAGAGCTGTTCACT,0,544905
araCp,0.07692307692307693,12,12,GCCAGTTTGGTCCGGACGAC,0,574684
araCp,0.07692307692307693,12,12,GCCACACTATCATCAACATT,0,531438
araCp,0.07692307692307693,12,12,GCATCTAATGTATCGGGGCG,0,549552
araCp,0.07692307692307693,12,12,GCATATCGTTTTGACTCGGT,0,578522
araCp,0.07692307692307693,12,12,GCAGTGACTTGGCTTTAAGC,0,550802
araCp,0.07692307692307693,12,12,GCACTTGGTTAGGATTAACA,0,571100
araCp,0.07692307692307693,12,12,GCACCATGAATCCATATATG,0,559323
araCp,0.07692307692307693,12,12,GCACACTTGAAGTGTGTCTT,0,574892
araCp,0.07692307692307693,12,12,GCACAATGTTCTCTAGCATG,0,558533
araCp,0.07692307692307693,12,12,GCAATAGCTTGAAGGGGGCA,0,603051
araCp,0.07692307692307693,12,12,GATGCTAGATTCGAGTGGGC,0,564065
araCp,0.07692307692307693,12,12,GATCTTATGGCGTACCTGCA,0,599171
araCp,0.07692307692307693,12,12,GATATCCACCACTGTAAGGT,0,542767
araCp,0.07692307692307693,12,12,GATAAGAATTTTTTCTGGCG,0,557300
araCp,0.07692307692307693,12,12,GAGTGCACTTCACATAATAG,0,539526
araCp,0.07692307692307693,12,12,GAGTAAAATACCATGCTATT,0,552004
araCp,0.07692307692307693,12,12,GAGGGAATACGGAACACCAT,0,528395
araCp,0.07692307692307693,12,12,GAGCGCCTTGTGTGACACAA,0,534079
araCp,0.07692307692307693,12,12,GAGCATCGAGCTGGTCCTTT,0,545785
araCp,0.07692307692307693,12,12,GAGCAGCCCCGACGCATCTC,0,543799
araCp,0.07692307692307693,12,12,GAGACTGTTCCGGCTGTCGT,0,591450
araCp,0.07692307692307693,12,12,GAGACATACCCGGAGGGGTT,0,595557
araCp,0.07692307692307693,12,12,GACTCTGGTCATGTGCAACC,0,531542
araCp,0.07692307692307693,12,12,GACGTTGATAACCAGTCGTA,0,598480
araCp,0.07692307692307693,12,12,GACGTTAGCCAACATAACCC,0,583871
araCp,0.07692307692307693,12,12,GACGTAATTGTCACTGGATG,0,558993
araCp,0.07692307692307693,12,12,GACGGGAATAGGCTACAGTT,0,540556
araCp,0.07692307692307693,12,12,GACGCCAAAGTGGCTAGGCA,0,573578
araCp,0.07692307692307693,12,12,GAATGGGGATTAGCTTTCGG,0,593034
araCp,0.07692307692307693,12,12,GAATATTGCTATGGCTCTGC,0,540686
araCp,0.07692307692307693,12,12,GAATAACTCTCTCAGCAGGT,0,572742
araCp,0.07692307692307693,12,12,GAAGGTCGTCTTCCGTTGGT,0,582667
araCp,0.07692307692307693,12,12,GAAGGTATTTTTCGGCAGAT,0,581479
araCp,0.07692307692307693,12,12,GAAGCTATCCGGAGAGCAAG,0,526865
araCp,0.07692307692307693,12,12,GAACAGGGCCTAAAGCGTCT,0,536270
araCp,0.07692307692307693,12,12,GAACAATCCAAACCTTGGCT,0,532807
araCp,0.07692307692307693,12,12,GAAATGGTATTAGCGAGCTC,0,584451
araCp,0.07692307692307693,12,12,GAAAAACCTCCTTGCCCCGG,0,529770
araCp,0.07692307692307693,12,12,CTTTTTGAGGGCAACCTACG,0,549396
araCp,0.07692307692307693,12,12,CTTTCATGACTGACGCGGAT,0,579965
araCp,0.07692307692307693,12,12,CTTTAGGTCGCGGATACTTT,0,543816
araCp,0.07692307692307693,12,12,CTTGGGTGGTGCCTCATGGG,0,571431
araCp,0.07692307692307693,12,12,CTTGAGGATGCACGCTCGGA,0,546300
araCp,0.07692307692307693,12,12,CTTCCAGCTAAATGGTCGGA,0,569113
araCp,0.07692307692307693,12,12,CTGTCGCCAGAGGAGGGGCA,0,579530
araCp,0.07692307692307693,12,12,CTGTCGCAAGGTGCCAGGTA,0,583682
araCp,0.07692307692307693,12,12,CTGTACCAGGCGTTCTTATC,0,539877
araCp,0.07692307692307693,12,12,CTGGGGTCAAAATAGCTTTT,0,552997
araCp,0.07692307692307693,12,12,CTGGCATTCGTATTAGGCGG,0,573367
araCp,0.07692307692307693,12,12,CTGGAATGGTTCATAAACGA,0,589396
araCp,0.07692307692307693,12,12,CTGCTTCGAGTTCCTGTGAC,0,554810
araCp,0.07692307692307693,12,12,CTGCGTAGCCGATTGGATTA,0,587305
araCp,0.07692307692307693,12,12,CTGCATATTTCAAGGTGAGG,0,539557
araCp,0.07692307692307693,12,12,CTGATGGACCACTAGAGGAA,0,570834
araCp,0.07692307692307693,12,12,CTGAGGACCACCTATTGATC,0,593919
araCp,0.07692307692307693,12,12,CTCTGCGAAACTCTCATTAA,0,532146
araCp,0.07692307692307693,12,12,CTCTACTTCCTTCTTATTCG,0,534543
araCp,0.07692307692307693,12,12,CTCCTATTAAGCTCTCAAGG,0,586654
araCp,0.07692307692307693,12,12,CTCCGAATCGCTTCGCACTA,0,561573
araCp,0.07692307692307693,12,12,CTCCCCGGAGCCCATCGCAA,0,559004
araCp,0.07692307692307693,12,12,CTCAGGTGATGTTCGTGGAG,0,585492
araCp,0.07692307692307693,12,12,CTATGCTCCATTGCGGGTTA,0,564715
araCp,0.07692307692307693,12,12,CTATGATCTAGATTAAAGGT,0,591747
araCp,0.07692307692307693,12,12,CTATCCCCCAATAGAATATG,0,580277
araCp,0.07692307692307693,12,12,CTAAATACTGCCGCTACTCT,0,553506
araCp,0.07692307692307693,12,12,CGTTTCCGACTCCCTGCTCA,0,563650
araCp,0.07692307692307693,12,12,CGTTGTTGCTCGTGGTGACA,0,551777
araCp,0.07692307692307693,12,12,CGTTCAATCAATTTAGGTGT,0,591556
araCp,0.07692307692307693,12,12,CGTTACGATACAGCGAGATA,0,535426
araCp,0.07692307692307693,12,12,CGTGTCCGCCACGATTAGCA,0,538245
araCp,0.07692307692307693,12,12,CGTGGATACTAAACCCGGAG,0,598936
araCp,0.07692307692307693,12,12,CGTGGAGTTAGATAGGACTG,0,603195
araCp,0.07692307692307693,12,12,CGTCCTGCTGGCGCCGCCGT,0,602784
araCp,0.07692307692307693,12,12,CGTATTACATTATTCTGCCA,0,540487
araCp,0.07692307692307693,12,12,CGTAATAAACGTTAGACAGA,0,526870
araCp,0.07692307692307693,12,12,CGGTTTTTCGGTTGTGGTCC,0,564105
araCp,0.07692307692307693,12,12,CGGGGCCGCCCTCAGTGCCA,0,535187
araCp,0.07692307692307693,12,12,CGGCTTGCAGGAAATACTTG,0,583245
araCp,0.07692307692307693,12,12,CGGAGTCTTATCTTCTTTCG,0,550575
araCp,0.07692307692307693,12,12,CGGAGCTCTTGCGAATAACC,0,593095
araCp,0.07692307692307693,12,12,CGGACTTCCGAATCCGATGA,0,586602
araCp,0.07692307692307693,12,12,CGGACCGGGAGGCTAGGATA,0,578526
araCp,0.07692307692307693,12,12,CGGAAAGCGAGGTCGGTCAT,0,598935
araCp,0.07692307692307693,12,12,CGCTCCTAACCTCGGGCGCG,0,580970
araCp,0.07692307692307693,12,12,CGCTCAGGAGGGGGGTGTGC,0,557121
araCp,0.07692307692307693,12,12,CGCTCAGACTCAGCAGCATA,0,554099
araCp,0.07692307692307693,12,12,CGCGCGGTGCCACGCTGGCT,0,539663
araCp,0.07692307692307693,12,12,CGCCCCTGCGTAACTCTTAT,0,577735
araCp,0.07692307692307693,12,12,CGCAGGCTGTGAGCGTCCGG,0,530670
araCp,0.07692307692307693,12,12,CGCACTTGCTCAAGGTATGT,0,584392
araCp,0.07692307692307693,12,12,CGCAAGTAACGGTAACCCAC,0,600980
araCp,0.07692307692307693,12,12,CGATTGTAAACTCCTTTCGG,0,537267
araCp,0.07692307692307693,12,12,CGATATGTCGGACCTGTCGT,0,547238
araCp,0.07692307692307693,12,12,CGATAAGGGATCCTGGACCA,0,583472
araCp,0.07692307692307693,12,12,CGAGTTTCTGACTTGATGAG,0,599404
araCp,0.07692307692307693,12,12,CGAGCTTGCTAGTCTGCACC,0,540961
araCp,0.07692307692307693,12,12,CGAGAGTGGTTAAAACCTTG,0,564140
araCp,0.07692307692307693,12,12,CGACGACAAACTTGTATCCA,0,573251
araCp,0.07692307692307693,12,12,CGACAACCTATCGTTCAAAC,0,571772
araCp,0.07692307692307693,12,12,CGAAATTTTAGGATGTTTGA,0,556416
araCp,0.07692307692307693,12,12,CGAAATGAACGTGCTAATAT,0,552322
araCp,0.07692307692307693,12,12,CCTTGTCGTTCTTCGTTAAT,0,559582
araCp,0.07692307692307693,12,12,CCTTCAAGTAGCTATCCATT,0,543963
araCp,0.07692307692307693,12,12,CCTTAAATAAGAACAATGAG,0,534505
araCp,0.07692307692307693,12,12,CCTGTTGGGATCACACATCG,0,526010
araCp,0.07692307692307693,12,12,CCTCTCGGTGCGTTCTCACC,0,531089
araCp,0.07692307692307693,12,12,CCTCCCCGGAACCGCTACAT,0,543817
araCp,0.07692307692307693,12,12,CCTCACTAGGATATTTCTGT,0,530297
araCp,0.07692307692307693,12,12,CCGTGCTATGCTCGTTAGAT,0,526217
araCp,0.07692307692307693,12,12,CCGTCGTTGATTAATTTTAA,0,588237
araCp,0.07692307692307693,12,12,CCGTCCCCAGATAAGGAGAT,0,539876
araCp,0.07692307692307693,12,12,CCGGTCCCGGTGTACCGCGT,0,546854
araCp,0.07692307692307693,12,12,CCGGGCTGTGATTTAACCAG,0,556910
araCp,0.07692307692307693,12,12,CCGCTGGTGTTAGTGCGGAT,0,595664
araCp,0.07692307692307693,12,12,CCGCGGTGTTTTCGGGAGTG,0,544419
araCp,0.07692307692307693,12,12,CCGCCTGGCTTGTGAAAAGT,0,571582
araCp,0.07692307692307693,12,12,CCGCAAATACCGAACAACGT,0,569965
araCp,0.07692307692307693,12,12,CCGATTAGCCTAAATCCGCT,0,528451
araCp,0.07692307692307693,12,12,CCGAGGCGTGACTAGAAACA,0,558512
araCp,0.07692307692307693,12,12,CCGAGATGTTAGCGTGCGTT,0,541232
araCp,0.07692307692307693,12,12,CCGACGCTCTCTGTGCAGCA,0,565392
araCp,0.07692307692307693,12,12,CCGACCTAGGCTTATACCGA,0,535185
araCp,0.07692307692307693,12,12,CCCTTGGGTGAACCTTCGGA,0,532857
araCp,0.07692307692307693,12,12,CCCTGGAGCATGAAGCGCGG,0,575562
araCp,0.07692307692307693,12,12,CCCTCATTCTGATTGGAAAG,0,580592
araCp,0.07692307692307693,12,12,CCCGGTCTAATAATCTTCAG,0,580613
araCp,0.07692307692307693,12,12,CCCGCTATAAGTCTCGGATA,0,572070
araCp,0.07692307692307693,12,12,CCCCCGACGGGCTAGTTGTC,0,575223
araCp,0.07692307692307693,12,12,CCATTCCAAAGCTTGGCTCT,0,571574
araCp,0.07692307692307693,12,12,CCATGTACACACTACTCGGT,0,551001
araCp,0.07692307692307693,12,12,CCATGGCTCCGTAATGATTT,0,589316
araCp,0.07692307692307693,12,12,CCATGATAAATGCTTTACAG,0,551997
araCp,0.07692307692307693,12,12,CCATCTTGGATCCGTCGAGC,0,571108
araCp,0.07692307692307693,12,12,CCATCTATCATTTCCCCTGG,0,592377
araCp,0.07692307692307693,12,12,CCAGGGGACGGAGAGACGCA,0,532942
araCp,0.07692307692307693,12,12,CCAGATAGTGTCCCGGAGCC,0,564212
araCp,0.07692307692307693,12,12,CCAGAACCAGCACAATCAAG,0,526266
araCp,0.07692307692307693,12,12,CCACGTAGGCGTCGAGGCTC,0,535525
araCp,0.07692307692307693,12,12,CCACATTTGGGAAATCAAAC,0,552306
araCp,0.07692307692307693,12,12,CCAATTTCTTGCAACTAAGC,0,580607
araCp,0.07692307692307693,12,12,CCAAAGCATATAGCAATCCA,0,539025
araCp,0.07692307692307693,12,12,CATTTCCAAGCCGAATAACA,0,556465
araCp,0.07692307692307693,12,12,CATTCGGGTCTTTATGCTGT,0,529356
araCp,0.07692307692307693,12,12,CATGTTCCCTGGGCAGTGAC,0,576777
araCp,0.07692307692307693,12,12,CATGGATAGACTCAGTTGTG,0,598053
araCp,0.07692307692307693,12,12,CATCGTTTTTCCCGGAAAAA,0,590213
araCp,0.07692307692307693,12,12,CATCGGGGTGATATATGCAA,0,538915
araCp,0.07692307692307693,12,12,CATCGGATCGGACATTAAGT,0,563723
araCp,0.07692307692307693,12,12,CATCCGATCAGGCGGTGGAG,0,581920
araCp,0.07692307692307693,12,12,CATCCCTCCCGGAGAGCTAG,0,564104
araCp,0.07692307692307693,12,12,CATCATGCCGCAGTTATGAG,0,555785
araCp,0.07692307692307693,12,12,CATATAATGGATGTAACGAA,0,579718
araCp,0.07692307692307693,12,12,CATAGAGACTAGGGCCAGGC,0,598308
araCp,0.07692307692307693,12,12,CAGTGGCACAGCTATTGACG,0,545743
araCp,0.07692307692307693,12,12,CACTTGGATCTCCATTCTAT,0,585070
araCp,0.07692307692307693,12,12,CACGCGGTCGGAAATGACTA,0,570974
araCp,0.07692307692307693,12,12,CACGATTCTCCTACCAGTGT,0,526511
araCp,0.07692307692307693,12,12,CACGAATCGTAGCGTGCCGT,0,575038
araCp,0.07692307692307693,12,12,CACCTTGATGGAGTCTGTTG,0,593784
araCp,0.07692307692307693,12,12,CACCTACGAACGTCTTCGGT,0,592810
araCp,0.07692307692307693,12,12,CACCGACAGTCAATCACGGA,0,535897
araCp,0.07692307692307693,12,12,CACCAAACTACATAGCATGA,0,550645
araCp,0.07692307692307693,12,12,CACAGATAGGCACGTCTCGG,0,586444
araCp,0.07692307692307693,12,12,CACACGCAAGTCCACCTTCG,0,542340
araCp,0.07692307692307693,12,12,CAATGCGTTGATCTTCGGGA,0,589278
araCp,0.07692307692307693,12,12,CAATCCAAAGAGGTGGAGTA,0,558424
araCp,0.07692307692307693,12,12,CAAGTAGAGGTAAATTAATA,0,582379
araCp,0.07692307692307693,12,12,CAAGGGGCTACCGCTAAACG,0,534757
araCp,0.07692307692307693,12,12,CAAGGAACCGTCAACTGGAA,0,595351
araCp,0.07692307692307693,12,12,CAAGCTGTAGATCCTGCTAG,0,589153
araCp,0.07692307692307693,12,12,CAAGCCTACTCCTCAGTATG,0,594618
araCp,0.07692307692307693,12,12,CAAGACATCGATTCGTGTGT,0,542515
araCp,0.07692307692307693,12,12,CAACTAAAACCCTATTCAGC,0,577494
araCp,0.07692307692307693,12,12,CAAATCGTCTGCACCCCCTG,0,593727
araCp,0.07692307692307693,12,12,CAAAGTGGAGGAAGCGACGA,0,578864
araCp,0.07692307692307693,12,12,CAAACATTATCAGGACGTGT,0,525530
araCp,0.07692307692307693,12,12,CAAAAAGACATGCCTCTAGG,0,594791
araCp,0.07692307692307693,12,12,ATTTTGGCCACCTTGAACTC,0,558485
araCp,0.07692307692307693,12,12,ATTTTCTGGTGGAGTTTAGG,0,585155
araCp,0.07692307692307693,12,12,ATTTGCTCCATCCAACCGAG,0,549514
araCp,0.07692307692307693,12,12,ATTTCTTTTACGCACTCTAT,0,574236
araCp,0.07692307692307693,12,12,ATTTCCGCGCCCTAAAGTGT,0,590922
araCp,0.07692307692307693,12,12,ATTTCAAGCTATAGGGTGAG,0,589867
araCp,0.07692307692307693,12,12,ATTGCCAGGCTGAGTAAGCG,0,546542
araCp,0.07692307692307693,12,12,ATTGAAAAGCATCAACAGGA,0,573069
araCp,0.07692307692307693,12,12,ATTCTCTCAGACGAACTATA,0,585513
araCp,0.07692307692307693,12,12,ATTCTAAATCAATTAGCTCG,0,560839
araCp,0.07692307692307693,12,12,ATTCGTCCAACCGGGAATTA,0,544792
araCp,0.07692307692307693,12,12,ATTAGGAGCTTCGCAGGTGG,0,593488
araCp,0.07692307692307693,12,12,ATTAAATATAAGGTGGGCAA,0,568205
araCp,0.07692307692307693,12,12,ATGTTGGTACGCTTCGGGGA,0,572925
araCp,0.07692307692307693,12,12,ATGTCGTGGGTGCTGGACTA,0,563153
araCp,0.07692307692307693,12,12,ATGTAGAGCCCTTCTGTTGG,0,594138
araCp,0.07692307692307693,12,12,ATGGGTAGTAACGTTTCCAT,0,603406
araCp,0.07692307692307693,12,12,ATGGGGAACGTGTAGATCGT,0,525790
araCp,0.07692307692307693,12,12,ATGGGCCTAATAGGCCTAAT,0,580313
araCp,0.07692307692307693,12,12,ATGGAGCACTCGGGCTCAGA,0,532741
araCp,0.07692307692307693,12,12,ATGGAATACAAATGCCCCTA,0,593991
araCp,0.07692307692307693,12,12,ATGCTTGAGTTATTGTCGCA,0,581677
araCp,0.07692307692307693,12,12,ATGCTTAGCAGTAACGGTTC,0,587112
araCp,0.07692307692307693,12,12,ATGCTGCTTCGTTTCATCAG,0,584559
araCp,0.07692307692307693,12,12,ATGCGCTACGCCGGGACCCT,0,548617
araCp,0.07692307692307693,12,12,ATGCATAGGCAGGTTTGAAT,0,560374
araCp,0.07692307692307693,12,12,ATGAGGTTTGACGTGGCTCT,0,596108
araCp,0.07692307692307693,12,12,ATGACTCCGGGGATTTATAT,0,570206
araCp,0.07692307692307693,12,12,ATCTTGCATGGAAGACGAAT,0,540913
araCp,0.07692307692307693,12,12,ATCTGTTGGGTCATATTGTA,0,539878
araCp,0.07692307692307693,12,12,ATCTATAGGGGCCACGGTTG,0,564831
araCp,0.07692307692307693,12,12,ATCGGGCTTCTATGGGTTCA,0,527242
araCp,0.07692307692307693,12,12,ATCGGATACCGATGTGCGAT,0,527442
araCp,0.07692307692307693,12,12,ATCGAGATGAACGTTGTCCA,0,552195
araCp,0.07692307692307693,12,12,ATCCTTCCTATACAAAGTCG,0,531663
araCp,0.07692307692307693,12,12,ATCCGACGGTATACGTTCTC,0,550731
araCp,0.07692307692307693,12,12,ATATGGGTACGTAGAAGGCG,0,544758
araCp,0.07692307692307693,12,12,ATAGGTCTTAAGGTACGAAA,0,589580
araCp,0.07692307692307693,12,12,ATAATGAGGAAGTGAGCGTT,0,532234
araCp,0.07692307692307693,12,12,AGTTGCCGCCATGCCCCCAC,0,597045
araCp,0.07692307692307693,12,12,AGTTCCGGAGTTTTGGTATA,0,561078
araCp,0.07692307692307693,12,12,AGTTACCCGAGCCGTACCTA,0,561327
araCp,0.07692307692307693,12,12,AGTGGTACACAGGATTAATA,0,588682
araCp,0.07692307692307693,12,12,AGTGCAAATCGACCCAGGCG,0,549861
araCp,0.07692307692307693,12,12,AGTCTTACCCCGCTTTCGAA,0,567332
araCp,0.07692307692307693,12,12,AGTCCGGATACGCGCACACA,0,592112
araCp,0.07692307692307693,12,12,AGTCCCACCTGGATTCGTTA,0,599955
araCp,0.07692307692307693,12,12,AGTAGGCCGAGCTCACAAGG,0,553759
araCp,0.07692307692307693,12,12,AGTACGCGCTTATAACTGCC,0,586604
araCp,0.07692307692307693,12,12,AGGTAATCGTTGGCGGGCAA,0,570827
araCp,0.07692307692307693,12,12,AGGGTTATTTAGACTGCCAA,0,591653
araCp,0.07692307692307693,12,12,AGGGTTATTCTAAAAGTTGA,0,590444
araCp,0.07692307692307693,12,12,AGGGTCCAAATCGCACCGGC,0,585812
araCp,0.07692307692307693,12,12,AGGGCTGCTCTTGGAAGTCT,0,534857
araCp,0.07692307692307693,12,12,AGGCTCGTGCGGATTGAACG,0,580054
araCp,0.07692307692307693,12,12,AGGAGATTTAGGCTTAATAT,0,551942
araCp,0.07692307692307693,12,12,AGGAGATTACCTTGAGGGAC,0,532881
araCp,0.07692307692307693,12,12,AGGAGAACCTTGTTTGTCAT,0,563129
araCp,0.07692307692307693,12,12,AGCTTGCAAGCTAGATAACT,0,591316
araCp,0.07692307692307693,12,12,AGCTTCTGATCCAGCGCATA,0,595296
araCp,0.07692307692307693,12,12,AGCTGTATTCGATGGGTAAG,0,558758
araCp,0.07692307692307693,12,12,AGCTGGAGGTCCCAAGGCCT,0,567404
araCp,0.07692307692307693,12,12,AGCTCAGCAACAATAGGTAG,0,547788
araCp,0.07692307692307693,12,12,AGCGTTGGTCCTAAGGCGTG,0,546799
araCp,0.07692307692307693,12,12,AGCGTGTAGTGCACCGTCTC,0,531386
araCp,0.07692307692307693,12,12,AGCGATCTAAGTGCACGCCC,0,529596
araCp,0.07692307692307693,12,12,AGCGACTGCCCGGGTCTGAT,0,572286
araCp,0.07692307692307693,12,12,AGCCTGGGTTATCCCCTTTG,0,570878
araCp,0.07692307692307693,12,12,AGCCGGAGACGTAGGTGTGA,0,570639
araCp,0.07692307692307693,12,12,AGCCCTCCGCATAAGGCTAA,0,586257
araCp,0.07692307692307693,12,12,AGCCCTAAGTATTTGGTGGT,0,566494
araCp,0.07692307692307693,12,12,AGCCACGAGCATTGTGTAAC,0,586349
araCp,0.07692307692307693,12,12,AGCCACACACTTAGGTGGTC,0,550306
araCp,0.07692307692307693,12,12,AGCATCGGAGACAATGCGTT,0,556544
araCp,0.07692307692307693,12,12,AGCAGGGCTTGAAAAAGGAA,0,537918
araCp,0.07692307692307693,12,12,AGCAATCTAATTTTCGATCG,0,560240
araCp,0.07692307692307693,12,12,AGCAAAAGCCGGAGTTATTG,0,598771
araCp,0.07692307692307693,12,12,AGAGCGTCCATGACACTAGA,0,602879
araCp,0.07692307692307693,12,12,AGAGAGTGAGGCAATTGCGT,0,587872
araCp,0.07692307692307693,12,12,AGACTTTCGGACCTTACCTA,0,581612
araCp,0.07692307692307693,12,12,AGACTGTGCCCTAGCCCACT,0,566987
araCp,0.07692307692307693,12,12,AGAAAGTCTATCGGAACTCA,0,599827
araCp,0.07692307692307693,12,12,ACTTGGGAGTCGTAGTAGAT,0,582140
araCp,0.07692307692307693,12,12,ACTGTGTGTACGTGACGGCA,0,588597
araCp,0.07692307692307693,12,12,ACTCGCATACTCGCCGATTC,0,539808
araCp,0.07692307692307693,12,12,ACTCCCAGATGCTGTTGTCC,0,530010
araCp,0.07692307692307693,12,12,ACGTGTCCGCGGATTGCACA,0,590351
araCp,0.07692307692307693,12,12,ACGTGCTTCACATGAGTTGG,0,541781
araCp,0.07692307692307693,12,12,ACGGGGTTAAAAGCGGTTCA,0,603061
araCp,0.07692307692307693,12,12,ACGGACGCAAGAGAGGATGT,0,529415
araCp,0.07692307692307693,12,12,ACGACTCCATAGGTCCGTTA,0,563072
araCp,0.07692307692307693,12,12,ACGAAGTTCTAGCTAGTTGA,0,563945
araCp,0.07692307692307693,12,12,ACCTTAGGTTATAGCGTTAT,0,584015
araCp,0.07692307692307693,12,12,ACCGGCCGAGCCCGGGAGAT,0,535669
araCp,0.07692307692307693,12,12,ACCCTTTAGCATGTTGGAGT,0,531221
araCp,0.07692307692307693,12,12,ACCCCGTGAACCCGAGACAA,0,546288
araCp,0.07692307692307693,12,12,ACCAGGTAAATAATTGCTTT,0,551397
araCp,0.07692307692307693,12,12,ACATTCTGACCCCTATCGCG,0,598278
araCp,0.07692307692307693,12,12,ACATGTTTTACCTCAAGGAA,0,596757
araCp,0.07692307692307693,12,12,ACATCTAGGGTCTTGGGCTA,0,550022
araCp,0.07692307692307693,12,12,ACATCGCTCTAAGAGGGGAC,0,564008
araCp,0.07692307692307693,12,12,ACATAGACGTCGGGCGGTAG,0,540489
araCp,0.07692307692307693,12,12,ACAGGCGCGGTTAGCTGTAA,0,537506
araCp,0.07692307692307693,12,12,ACACTCTATCGTAAGGGAAG,0,531807
araCp,0.07692307692307693,12,12,ACAAGTAGGATACAACAGGT,0,597579
araCp,0.07692307692307693,12,12,ACAAAAGTGACGACTGGCGG,0,532511
araCp,0.07692307692307693,12,12,AATTTGGGCGGCGATGGATG,0,543414
araCp,0.07692307692307693,12,12,AATTGGTTGTTGATTGATAA,0,567512
araCp,0.07692307692307693,12,12,AATTCATGATGCCTATCGGT,0,578816
araCp,0.07692307692307693,12,12,AATGCAACATAACATCCCGT,0,541358
araCp,0.07692307692307693,12,12,AATCGGCGCCTGTTTTTGCA,0,593597
araCp,0.07692307692307693,12,12,AATCAGGCGTTTCTCACGTT,0,594447
araCp,0.07692307692307693,12,12,AATAGGATTTAACTCCGCGT,0,578882
araCp,0.07692307692307693,12,12,AATAAGCATCGTGGTTAGAA,0,583902
araCp,0.07692307692307693,12,12,AATAACACTCAGGGTGAGTG,0,601108
araCp,0.07692307692307693,12,12,AAGTGAAGAACGGAGCGATT,0,554007
araCp,0.07692307692307693,12,12,AAGTCGGATTGCGGTACCCA,0,565575
araCp,0.07692307692307693,12,12,AAGGTCAGGTTATCTGTCAC,0,545309
araCp,0.07692307692307693,12,12,AAGGGTTTTGTTGATCTCAG,0,570711
araCp,0.07692307692307693,12,12,AAGGGGTCAAGCAGGACAGT,0,556126
araCp,0.07692307692307693,12,12,AAGGCTCTCACATTATATGT,0,551051
araCp,0.07692307692307693,12,12,AAGCGAATGGATTAAGACCA,0,526210
araCp,0.07692307692307693,12,12,AAGAGCGGAAAGGTTCGCGG,0,569832
araCp,0.07692307692307693,12,12,AAGACGAGAGTCCAGTCGCA,0,551735
araCp,0.07692307692307693,12,12,AAGACCTCCTAGTGGACGGT,0,593591
araCp,0.07692307692307693,12,12,AAGAACTGAGTATTCGTCAC,0,535959
araCp,0.07692307692307693,12,12,AACGTGCCGATTTCCACCTC,0,571027
araCp,0.07692307692307693,12,12,AACCCTTGTTAACATGGAAA,0,594982
araCp,0.07692307692307693,12,12,AACCAGCGGATTCGGCGGAG,0,548000
araCp,0.07692307692307693,12,12,AACAGACCGTGAATAGTGTC,0,580415
araCp,0.07692307692307693,12,12,AAATGCCTTCATTTAGGAGA,0,526191
araCp,0.07692307692307693,12,12,AAATATTTGGACTGAAAGAG,0,555299
araCp,0.07692307692307693,12,12,AAAGCGCCTGGAAACACTTT,0,537065
araCp,0.07692307692307693,12,12,AAAGAAGGTATGAATGCTTG,0,530024
araCp,0.07692307692307693,12,12,AAACTCGGGGATGTGCGTTT,0,590327
araCp,0.07692307692307693,12,12,AAACCATCCGAGAGCATGAC,0,590527
araCp,0.07692307692307693,12,12,AAAAGGAACTAATGTTACTA,0,541094
araCp,0.07692307692307693,12,12,AAAACGAGGGACTAACTAAC,0,527035
araCp,0.07692307692307693,12,12,AAAAACTGCGCTGAGTTAAT,0,535992
araCp,0.08333333333333333,11,11,TTTTGGGATACCAAACTACA,0,555139
araCp,0.08333333333333333,11,11,TTTTACGGAATCTCAACGGT,0,535342
araCp,0.08333333333333333,11,11,TTTTAACCGTGCTGATATCT,0,541095
araCp,0.08333333333333333,11,11,TTTGTCCAGTACTACCTCTT,0,556099
araCp,0.08333333333333333,11,11,TTTGTAGTTCCTCAGGTACA,0,570485
araCp,0.08333333333333333,11,11,TTTGAGGATCGAGTCCTTAC,0,590413
araCp,0.08333333333333333,11,11,TTTCGGTAGATGGGGGTTGA,0,533206
araCp,0.08333333333333333,11,11,TTTCCGCTCAACCATGCCGT,0,529589
araCp,0.08333333333333333,11,11,TTTCCCATCATGGAGGGGTT,0,580546
araCp,0.08333333333333333,11,11,TTTCACAATCGGGATGTTCG,0,546168
araCp,0.08333333333333333,11,11,TTTAAGTTTCGCCACACGGC,0,583333
araCp,0.08333333333333333,11,11,TTGTTTCACGTACGTTAGAT,0,538250
araCp,0.08333333333333333,11,11,TTGTTGCTAAACCTTCATAT,0,563942
araCp,0.08333333333333333,11,11,TTGTTCTAGTGAACTCAAAA,0,597356
araCp,0.08333333333333333,11,11,TTGTGTCAGCACTTATGTCA,0,545723
araCp,0.08333333333333333,11,11,TTGTCGGGAGACTTAGCATA,0,578658
araCp,0.08333333333333333,11,11,TTGGTCTCTCCCGAGCGGGG,0,582423
araCp,0.08333333333333333,11,11,TTGGTAAAGTTACGCACAAA,0,558530
araCp,0.08333333333333333,11,11,TTGGCCGTACCTCGTGGTTA,0,591037
araCp,0.08333333333333333,11,11,TTGGACGTTTGCTAACTCTA,0,530165
araCp,0.08333333333333333,11,11,TTGCTCGAGCACGAATAACT,0,558925
araCp,0.08333333333333333,11,11,TTGCCCAATCGAACTTCTCC,0,585134
araCp,0.08333333333333333,11,11,TTGCATTATGATCACGCTAA,0,547018
araCp,0.08333333333333333,11,11,TTGCAGGGATATCAAAGGCA,0,529696
araCp,0.08333333333333333,11,11,TTGAGTTCCAACAACGTGCT,0,534641
araCp,0.08333333333333333,11,11,TTCTGGACGGAACGCCCTCG,0,544530
araCp,0.08333333333333333,11,11,TTCGTTCAAGGCACCGGTAT,0,587780
araCp,0.08333333333333333,11,11,TTCGTCATAGAACCTTTGGT,0,539685
araCp,0.08333333333333333,11,11,TTCGATCTGGTAGATCTTCT,0,573917
araCp,0.08333333333333333,11,11,TTCGAATCGCGAAATAAGAC,0,562546
araCp,0.08333333333333333,11,11,TTCCACAAGTTTCTACTTAG,0,589044
araCp,0.08333333333333333,11,11,TTCAGGGGTAGTCAGAAAAA,0,578225
araCp,0.08333333333333333,11,11,TTCAAGGATGTCAAAAGAGA,0,594898
araCp,0.08333333333333333,11,11,TTATTATTGGATTCAGAGTA,0,536923
araCp,0.08333333333333333,11,11,TTATCAAGCTACGCTATCCA,0,548236
araCp,0.08333333333333333,11,11,TTATACTTCGGGGTTCTACA,0,540325
araCp,0.08333333333333333,11,11,TTAGGGATTGCGGGGGCATC,0,547994
araCp,0.08333333333333333,11,11,TTAGCCTCGGCAAACTCTAC,0,560454
araCp,0.08333333333333333,11,11,TTACGGATACAACTCTGTTT,0,562386
araCp,0.08333333333333333,11,11,TGTTTTAGGTCGTGGAAGGG,0,552408
araCp,0.08333333333333333,11,11,TGTTTCGTGTATGGGACTAA,0,537764
araCp,0.08333333333333333,11,11,TGTTTATGAGGGCACAATCA,0,542971
araCp,0.08333333333333333,11,11,TGTTGCCTGGCCCACCTTTC,0,597436
araCp,0.08333333333333333,11,11,TGTCCAGAGTCATATTCCCG,0,584461
araCp,0.08333333333333333,11,11,TGTAGGTTCAGTGGAGCTCT,0,540838
araCp,0.08333333333333333,11,11,TGTAGGCCTTAACTCTAGGA,0,547828
araCp,0.08333333333333333,11,11,TGTAATACGTTCTTAGGCTT,0,583655
araCp,0.08333333333333333,11,11,TGGTTCTCACTAGATGCGTC,0,556546
araCp,0.08333333333333333,11,11,TGGTGTTCTGTACGTCCCTT,0,535142
araCp,0.08333333333333333,11,11,TGGTGTGGGCGATACTCAAG,0,574232
araCp,0.08333333333333333,11,11,TGGTGCTGTGTAACCCTAAG,0,575795
araCp,0.08333333333333333,11,11,TGGTCTGTATTCCGGATACG,0,576719
araCp,0.08333333333333333,11,11,TGGTACTGACTCGCTACGAG,0,582661
araCp,0.08333333333333333,11,11,TGGGCCTCCGATAGGGTGTA,0,590082
araCp,0.08333333333333333,11,11,TGGGATAGGGCTGTATACCC,0,532889
araCp,0.08333333333333333,11,11,TGGCTTTAGATAGTTAAATG,0,532471
araCp,0.08333333333333333,11,11,TGGCCATATTCAAATCGGCA,0,532666
araCp,0.08333333333333333,11,11,TGGACACCCCTAAGCCGAGC,0,547244
araCp,0.08333333333333333,11,11,TGCTTGACTACCTGTGAATG,0,541198
araCp,0.08333333333333333,11,11,TGCTACCCCGCGCAGCTCGC,0,544320
araCp,0.08333333333333333,11,11,TGCGGGGTGTTGGTTGTAGT,0,548600
araCp,0.08333333333333333,11,11,TGCGCAACGACGCAGGATAT,0,586731
araCp,0.08333333333333333,11,11,TGCGACTCCTAGGAGATAAA,0,600813
araCp,0.08333333333333333,11,11,TGCCTATTAATCGATATAAC,0,551168
araCp,0.08333333333333333,11,11,TGCCGCTATCAGGCCGGCCG,0,529584
araCp,0.08333333333333333,11,11,TGCAGTACCCTGGTGACTGA,0,548175
araCp,0.08333333333333333,11,11,TGCAGCCTCAACCCCACGGC,0,530241
araCp,0.08333333333333333,11,11,TGCAATGCCTGACGCGGATA,0,550890
araCp,0.08333333333333333,11,11,TGATCGAGCTTCGATGGCTT,0,531496
araCp,0.08333333333333333,11,11,TGATCATGCCCTTTTCGACT,0,557231
araCp,0.08333333333333333,11,11,TGAGGATCCAGGTGGAATCT,0,596308
araCp,0.08333333333333333,11,11,TGAGAGACTTCTATGTTTCT,0,545137
araCp,0.08333333333333333,11,11,TGACCAGTTGGTGTCAACTT,0,544571
araCp,0.08333333333333333,11,11,TCTTTGGCGTCTTAGACAAT,0,584501
araCp,0.08333333333333333,11,11,TCTTGTTAAAATCTTACTCA,0,536095
araCp,0.08333333333333333,11,11,TCTTAACCCCACGTGGCAAC,0,557344
araCp,0.08333333333333333,11,11,TCTGGGCCACAAGGTTCTGA,0,539849
araCp,0.08333333333333333,11,11,TCTGGCCATGTTTGCTTGCA,0,588875
araCp,0.08333333333333333,11,11,TCTGCTGCGTCCTTGTCGGT,0,574715
araCp,0.08333333333333333,11,11,TCTCTTTACGGTGGGTCAGA,0,581854
araCp,0.08333333333333333,11,11,TCTCTTCGACGGCGGGAAGT,0,554048
araCp,0.08333333333333333,11,11,TCTCTCAACGAGGCGGAGGA,0,545980
araCp,0.08333333333333333,11,11,TCTCTAACAGTGGTATCTAG,0,594680
araCp,0.08333333333333333,11,11,TCGTTTGTCCACCGCAGAGC,0,539662
araCp,0.08333333333333333,11,11,TCGTTGCGGTATCCTGGCTT,0,529149
araCp,0.08333333333333333,11,11,TCGTGGCGTCAGTTGGCGAG,0,592332
araCp,0.08333333333333333,11,11,TCGTCTCCTGCTAGACGGAC,0,582885
araCp,0.08333333333333333,11,11,TCGTCTAGGTGTTTATGTTG,0,581106
araCp,0.08333333333333333,11,11,TCGTATCTATCATCTAACTG,0,558268
araCp,0.08333333333333333,11,11,TCGGTACCCCCTGATACGGT,0,542589
araCp,0.08333333333333333,11,11,TCGGGATACAAGTACCTAAC,0,535369
araCp,0.08333333333333333,11,11,TCGCGTACGGTTCTAGTTTT,0,559341
araCp,0.08333333333333333,11,11,TCGCCGGTCGTTTACGCTCC,0,559316
araCp,0.08333333333333333,11,11,TCGCAGTTCGGTTGTCACCC,0,594126
araCp,0.08333333333333333,11,11,TCGCAACTTAAACTGTCTTG,0,578747
araCp,0.08333333333333333,11,11,TCGACTCAACATATGACAAA,0,547161
araCp,0.08333333333333333,11,11,TCGACGTAATTCGAAGTCAG,0,533268
araCp,0.08333333333333333,11,11,TCGAATGCTATATAGGGCAA,0,544459
araCp,0.08333333333333333,11,11,TCCTGGAGCATATGTCGTAA,0,559685
araCp,0.08333333333333333,11,11,TCCCAGTAGCCGGCGTGCCT,0,539749
araCp,0.08333333333333333,11,11,TCCATTATCTTATACCCGAT,0,597424
araCp,0.08333333333333333,11,11,TCCATGTGAAGATACCCGCA,0,575569
araCp,0.08333333333333333,11,11,TCCAGTTCCCCGCGAGGGAT,0,595064
araCp,0.08333333333333333,11,11,TCCACTCCTTCACTGTAGAT,0,593839
araCp,0.08333333333333333,11,11,TCCAAAAATACATCGTCTCC,0,529011
araCp,0.08333333333333333,11,11,TCATTTGCGACAAGCCCTTT,0,603440
araCp,0.08333333333333333,11,11,TCATTCGACTCCTTTCGTGG,0,562767
araCp,0.08333333333333333,11,11,TCATTATATTATTCTATACG,0,573853
araCp,0.08333333333333333,11,11,TCATACTTTAGGGCCTGCAT,0,603697
araCp,0.08333333333333333,11,11,TCAGGAAGCTCAGATCCCAT,0,553063
araCp,0.08333333333333333,11,11,TCACTTCGGGTAGTTACAGG,0,544042
araCp,0.08333333333333333,11,11,TCACTCATGGCTCCCGTAGT,0,564639
araCp,0.08333333333333333,11,11,TCACTATTCCAAGATCCAAT,0,576720
araCp,0.08333333333333333,11,11,TCACGTGTGCTCTAACGTTA,0,583736
araCp,0.08333333333333333,11,11,TCACCCACTGGCCCGTTCCC,0,560321
araCp,0.08333333333333333,11,11,TCAATGGAAGGCAGTATGAA,0,537703
araCp,0.08333333333333333,11,11,TCAACAGTCTATTGGAGGTA,0,593981
araCp,0.08333333333333333,11,11,TCAAATGTGGCTGTGCACTG,0,554780
araCp,0.08333333333333333,11,11,TATTAATCCGGGCAGTCAAT,0,528322
araCp,0.08333333333333333,11,11,TATGTATATTGGGACGGGAC,0,589433
araCp,0.08333333333333333,11,11,TATGTAAGCTGGTAAAGGAT,0,530801
araCp,0.08333333333333333,11,11,TATGGACTATGTGCTGAGCT,0,565690
araCp,0.08333333333333333,11,11,TATGCTACGGACACGAAGAT,0,534794
araCp,0.08333333333333333,11,11,TATGCCTCGGGTGAGCCCCC,0,545046
araCp,0.08333333333333333,11,11,TATCTAACAGCATACAAAAA,0,599160
araCp,0.08333333333333333,11,11,TATCGGTCCGACTTTAGGTT,0,573240
araCp,0.08333333333333333,11,11,TATATGACGCATTAGAGCCT,0,557282
araCp,0.08333333333333333,11,11,TATAGTTTGGCGGTCTCTGC,0,593415
araCp,0.08333333333333333,11,11,TATAGCCGAGCAAAACAGAG,0,552413
araCp,0.08333333333333333,11,11,TATAAACATGAGGCTACGCA,0,541109
araCp,0.08333333333333333,11,11,TAGTGAATGGCCTTCATGGA,0,529408
araCp,0.08333333333333333,11,11,TAGGCCTAAATGCGGTTGTT,0,597114
araCp,0.08333333333333333,11,11,TAGGCCGCGGGTGTTCGTTA,0,554911
araCp,0.08333333333333333,11,11,TAGGAATTCGAGTCAGATGC,0,603421
araCp,0.08333333333333333,11,11,TAGCCCAGGTTTCGCGTAGT,0,562453
araCp,0.08333333333333333,11,11,TAGAGGCATTTAGCAGAGGT,0,576335
araCp,0.08333333333333333,11,11,TAGAGCATTGGCGCCATGCT,0,581710
araCp,0.08333333333333333,11,11,TACTTATTATGAGGGCTATA,0,530675
araCp,0.08333333333333333,11,11,TACTGTACATTAATGCGGCC,0,597871
araCp,0.08333333333333333,11,11,TACTGGAGCACGCCAAATAT,0,543844
araCp,0.08333333333333333,11,11,TACTGCAAGTTGTACACGTT,0,569327
araCp,0.08333333333333333,11,11,TACGTACTGTTTGGACTGTC,0,547655
araCp,0.08333333333333333,11,11,TACGGTTCGTGCCCGACTGG,0,572006
araCp,0.08333333333333333,11,11,TACGCTTCCAATGCCATTTT,0,563518
araCp,0.08333333333333333,11,11,TACGCGGTACTGGTTGGGAC,0,558927
araCp,0.08333333333333333,11,11,TACCTCACCAGAGCATTGTA,0,554537
araCp,0.08333333333333333,11,11,TACCGGCTATTCTCATTGAC,0,576557
araCp,0.08333333333333333,11,11,TACCATTCCTGCAGATAGAA,0,557238
araCp,0.08333333333333333,11,11,TACCATCCATGTGGTGTTGT,0,602311
araCp,0.08333333333333333,11,11,TAATTTGAGCAGAAAGCGGG,0,535560
araCp,0.08333333333333333,11,11,TAATGGGGTAATGCGGTTCA,0,535147
araCp,0.08333333333333333,11,11,TAATGGCGCAGTAACAAGGC,0,591229
araCp,0.08333333333333333,11,11,TAATGCATGATGTGATAAGA,0,540701
araCp,0.08333333333333333,11,11,TAATGCAGCGCACCACAATT,0,531703
araCp,0.08333333333333333,11,11,TAAGTTCTAACTCACTCAAG,0,531581
araCp,0.08333333333333333,11,11,TAAGTTCATTTTGTATCGAA,0,530006
araCp,0.08333333333333333,11,11,TAAGCATTCGAAACAGCGGT,0,597319
araCp,0.08333333333333333,11,11,TAACGCCCACAGTAGAATCC,0,557621
araCp,0.08333333333333333,11,11,TAACATCAATTCCAATCCGA,0,596255
araCp,0.08333333333333333,11,11,TAACAAACGTTCCTCACGGG,0,563407
araCp,0.08333333333333333,11,11,TAAATCGCCAATAGTTAGCT,0,544629
araCp,0.08333333333333333,11,11,TAAAGTTGTTGGAGCCTAGG,0,559820
araCp,0.08333333333333333,11,11,TAAAGTGACATGAGTACCGG,0,539837
araCp,0.08333333333333333,11,11,TAAACTGTTGCACCATGGCA,0,538134
araCp,0.08333333333333333,11,11,TAAACCTTGTCGCCTGGGCG,0,602782
araCp,0.08333333333333333,11,11,GTTTGCACCGTACCGACATA,0,556270
araCp,0.08333333333333333,11,11,GTTGTTCTCATATACGATCC,0,546064
araCp,0.08333333333333333,11,11,GTTGTGAAATATTCCCCGGA,0,577799
araCp,0.08333333333333333,11,11,GTTCCCTTAAGAAGAATTTT,0,557768
araCp,0.08333333333333333,11,11,GTTCATTCGGTAACATCGTT,0,582225
araCp,0.08333333333333333,11,11,GTTAGCTCGAATACGACTTT,0,588025
araCp,0.08333333333333333,11,11,GTGTTGAGGGTCTCTAAACT,0,570246
araCp,0.08333333333333333,11,11,GTGTGTGTCCACAGACAAAA,0,577939
araCp,0.08333333333333333,11,11,GTGTGGGGGAGAACATTGAT,0,570120
araCp,0.08333333333333333,11,11,GTGTCGCAATCAGGAACTGG,0,594365
araCp,0.08333333333333333,11,11,GTGGTTAGAATGCGAAGCTT,0,558922
araCp,0.08333333333333333,11,11,GTGGTAGCCGGCGTGATTCG,0,593800
araCp,0.08333333333333333,11,11,GTGGGGGTACGATCAGTCTT,0,543163
araCp,0.08333333333333333,11,11,GTGGAGTCTGCTGCACAAAA,0,562542
araCp,0.08333333333333333,11,11,GTGCTCATAAGACAGTTGAT,0,584682
araCp,0.08333333333333333,11,11,GTGATTATAGTTTAGCGGAA,0,528578
araCp,0.08333333333333333,11,11,GTGAGGCAGTTTAGCCATAG,0,581925
araCp,0.08333333333333333,11,11,GTGACCCAAACGCGGCCCCT,0,545893
araCp,0.08333333333333333,11,11,GTGAATATAAGAATGTGATC,0,559202
araCp,0.08333333333333333,11,11,GTCTTACAAACTAGCGCGCA,0,557437
araCp,0.08333333333333333,11,11,GTCTATTAGTCGCTCCCAGT,0,587724
araCp,0.08333333333333333,11,11,GTCGGTCAAGAAAGTCCTAG,0,550149
araCp,0.08333333333333333,11,11,GTCGCATTCGTACGGACTAG,0,598687
araCp,0.08333333333333333,11,11,GTCCTGTACGCCGTCGGTAG,0,598390
araCp,0.08333333333333333,11,11,GTCCTATATATGGGAAACTG,0,544069
araCp,0.08333333333333333,11,11,GTCCGGATTCGGGGGCAGGC,0,575254
araCp,0.08333333333333333,11,11,GTCCCATTCCTCATTTCGAA,0,553372
araCp,0.08333333333333333,11,11,GTCAATACACCTATTGGCAA,0,540202
araCp,0.08333333333333333,11,11,GTATGTGTCCGTCTTACTAT,0,559074
araCp,0.08333333333333333,11,11,GTATGGTACTGGAGTCTACT,0,534785
araCp,0.08333333333333333,11,11,GTATACGAATTCCTCATTCA,0,579403
araCp,0.08333333333333333,11,11,GTAGTACCTGATTTTAACAT,0,597035
araCp,0.08333333333333333,11,11,GTAGCCTAGTCCCCGAGTGT,0,554781
araCp,0.08333333333333333,11,11,GTAATTTCTGCTCGGAACAT,0,545801
araCp,0.08333333333333333,11,11,GTAATCTTCCGGCGGTAATA,0,544702
araCp,0.08333333333333333,11,11,GTAATCCGCGAGTCAGGTTT,0,529100
araCp,0.08333333333333333,11,11,GTAACTCAGGGGGGCACGTA,0,601473
araCp,0.08333333333333333,11,11,GTAACGTGATGTTCTGATGA,0,551700
araCp,0.08333333333333333,11,11,GGTTGATGGGATCGATCGCA,0,598427
araCp,0.08333333333333333,11,11,GGTTGACTTTCGGGTCGTGC,0,538872
araCp,0.08333333333333333,11,11,GGTTCTCCTTGTACGGCATC,0,579966
araCp,0.08333333333333333,11,11,GGTTACTTTTATAGAAGATC,0,596876
araCp,0.08333333333333333,11,11,GGTTACACGCAGTGGCAAAG,0,565692
araCp,0.08333333333333333,11,11,GGTGCGGACACCAGCGCGTC,0,550080
araCp,0.08333333333333333,11,11,GGTGATGCCTCAAACACAGG,0,534468
araCp,0.08333333333333333,11,11,GGTGACACGCGTTAATGCCA,0,551179
araCp,0.08333333333333333,11,11,GGTCATAGCGGTTGCGATGA,0,578604
araCp,0.08333333333333333,11,11,GGTCAGATTGACAGATCCCA,0,547101
araCp,0.08333333333333333,11,11,GGGTTCTACGCACACGAGTT,0,549984
araCp,0.08333333333333333,11,11,GGGTGGTTCTAGGCATGTGG,0,591011
araCp,0.08333333333333333,11,11,GGGTGGCATAGGTCCTGAAC,0,572969
araCp,0.08333333333333333,11,11,GGGGTGGACGAGTTTCCGAA,0,532427
araCp,0.08333333333333333,11,11,GGGGGGACGGTGTCTAACGG,0,592735
araCp,0.08333333333333333,11,11,GGGGGATCGCATCATGCGTC,0,538983
araCp,0.08333333333333333,11,11,GGGGCCTTGTCCCAACCTTA,0,585417
araCp,0.08333333333333333,11,11,GGGGCAGAAGGGACATGGAT,0,591168
araCp,0.08333333333333333,11,11,GGGGATGCCTCTTGATCAAA,0,542321
araCp,0.08333333333333333,11,11,GGGCGTGAAGCACGCCAGGG,0,601388
araCp,0.08333333333333333,11,11,GGGCGGTGTGAATCTTTTGT,0,586787
araCp,0.08333333333333333,11,11,GGGCGATTGGTAGATACCCA,0,592143
araCp,0.08333333333333333,11,11,GGGATCTTGCTGACCTGGGA,0,578519
araCp,0.08333333333333333,11,11,GGCTTTGGCATCGCAGACGC,0,531073
araCp,0.08333333333333333,11,11,GGCTCCATCGCTTGGCGACG,0,538584
araCp,0.08333333333333333,11,11,GGCGGGCACCTTAAGGGGGG,0,552299
araCp,0.08333333333333333,11,11,GGCGGGATGAACGTCAGCAG,0,543125
araCp,0.08333333333333333,11,11,GGCGACACTGTCGGTCTGCA,0,539651
araCp,0.08333333333333333,11,11,GGCCCGCGCCCAGATTCTGT,0,589112
araCp,0.08333333333333333,11,11,GGCCAATCTGGGAAGAGTAA,0,545272
araCp,0.08333333333333333,11,11,GGCACCCTAATGACTTCCTA,0,564556
araCp,0.08333333333333333,11,11,GGATGAAACAACGTGATGAG,0,599837
araCp,0.08333333333333333,11,11,GGATATCGGGGACAGAGGGT,0,595452
araCp,0.08333333333333333,11,11,GGAGTATGTTATTATGGCGG,0,527540
araCp,0.08333333333333333,11,11,GGAGGCTGCGATGGGATGGT,0,535999
araCp,0.08333333333333333,11,11,GGAGAAGCGAGGTGTGAGAT,0,577060
araCp,0.08333333333333333,11,11,GGACGGAGGTAGCTTTTTGG,0,598392
araCp,0.08333333333333333,11,11,GGACGAAGTGAAGCAAGAGA,0,536425
araCp,0.08333333333333333,11,11,GGACCGCCTTTCTAACTTGA,0,582517
araCp,0.08333333333333333,11,11,GGAACGCTCGACGAATTTAG,0,531201
araCp,0.08333333333333333,11,11,GCTTGGATTAATCCTCGGCA,0,559328
araCp,0.08333333333333333,11,11,GCTTGCTATACGCGGTCATA,0,582040
araCp,0.08333333333333333,11,11,GCTTATGTGTTCCGCTGTTG,0,554003
araCp,0.08333333333333333,11,11,GCTTAGAGCAACTCACACTC,0,536470
araCp,0.08333333333333333,11,11,GCTGTCATAAGTGGCGTGGC,0,545062
araCp,0.08333333333333333,11,11,GCTGTCAGTTCCATACACTT,0,592538
araCp,0.08333333333333333,11,11,GCTGGTTTGTGTACGTATTG,0,555599
araCp,0.08333333333333333,11,11,GCTAAACTGCTTACATGGAT,0,530688
araCp,0.08333333333333333,11,11,GCTAAACGGGCAGCTTTCGG,0,552245
araCp,0.08333333333333333,11,11,GCGTAACCCTATAGCGGGTC,0,571689
araCp,0.08333333333333333,11,11,GCGGTCCGGTCAATTAGCAT,0,567029
araCp,0.08333333333333333,11,11,GCGGGTTTACCGGGTCTAGT,0,585572
araCp,0.08333333333333333,11,11,GCGGCGTACTTGGGAACTGC,0,549247
araCp,0.08333333333333333,11,11,GCGGATAAGTTTGTCGTATC,0,573030
araCp,0.08333333333333333,11,11,GCGGAGTCAGGTTCGTCCAC,0,587344
araCp,0.08333333333333333,11,11,GCGCTGCAATTATGAAGCAA,0,537238
araCp,0.08333333333333333,11,11,GCGCCGGGCGGTAGAGCGAT,0,590445
araCp,0.08333333333333333,11,11,GCCTCGTGACCTTAACAAAG,0,541604
araCp,0.08333333333333333,11,11,GCCTATTTTATGAGCACAGC,0,576953
araCp,0.08333333333333333,11,11,GCCGGCTGGAGGGCTTTAGC,0,593508
araCp,0.08333333333333333,11,11,GCCGACGACCCATGCCGTAA,0,566186
araCp,0.08333333333333333,11,11,GCCCTTCCCCCTGAGGCCCA,0,580794
araCp,0.08333333333333333,11,11,GCCCCGTCCACTGAACTGCA,0,536157
araCp,0.08333333333333333,11,11,GCCATTAAACAGGGAGATGG,0,541886
araCp,0.08333333333333333,11,11,GCCATATAACTGTGGAGATG,0,550020
araCp,0.08333333333333333,11,11,GCATCGTTCAGGAAGTACTG,0,566136
araCp,0.08333333333333333,11,11,GCATCAGATCAAAAAACCGA,0,591323
araCp,0.08333333333333333,11,11,GCATCACAGTGTGCTATTTT,0,576051
araCp,0.08333333333333333,11,11,GCATACCTGACTTGATCCGT,0,574914
araCp,0.08333333333333333,11,11,GCAGGGCGAGCATGACTTCT,0,555699
araCp,0.08333333333333333,11,11,GCAGGGATCCTCACTCTGCA,0,537716
araCp,0.08333333333333333,11,11,GCAGCGATAGGCGGTAATTG,0,545722
araCp,0.08333333333333333,11,11,GCAGCAGATTGGGGTTCCGG,0,586596
araCp,0.08333333333333333,11,11,GCACGATGCTCGCAAGTTTA,0,534389
araCp,0.08333333333333333,11,11,GCACAGCCACGTATGATTGA,0,576462
araCp,0.08333333333333333,11,11,GCAAATGTCGCAGTCCGGAG,0,599251
araCp,0.08333333333333333,11,11,GCAAAGCGACCTTGCGTGGT,0,546629
araCp,0.08333333333333333,11,11,GATGTCATAAGGCCATCGCA,0,550889
araCp,0.08333333333333333,11,11,GATGGCCCGAGAGTTAAAAC,0,577867
araCp,0.08333333333333333,11,11,GATGGAGATACCACATCCCG,0,582407
araCp,0.08333333333333333,11,11,GATGATCGCTTCACATCAAA,0,560368
araCp,0.08333333333333333,11,11,GATCCGTACCATCGGGGTTG,0,568419
araCp,0.08333333333333333,11,11,GATATTAATTGCGCAGATTT,0,560592
araCp,0.08333333333333333,11,11,GATAGCAGGGCATGTCAGAT,0,592914
araCp,0.08333333333333333,11,11,GAGTTTCTCGGATAAATTTC,0,553450
araCp,0.08333333333333333,11,11,GAGGCTCCTTTCGTGCACTT,0,527797
araCp,0.08333333333333333,11,11,GAGGATCGGTCTAACTCGAA,0,595603
araCp,0.08333333333333333,11,11,GAGCGGGAGTGCGACTAGAG,0,581993
araCp,0.08333333333333333,11,11,GAGCCCTTGAGTTAACTGCT,0,597288
araCp,0.08333333333333333,11,11,GAGCCCCTTAGTGGCGGTAT,0,568704
araCp,0.08333333333333333,11,11,GAGCAAGAGAACAGTGATGT,0,536611
araCp,0.08333333333333333,11,11,GAGATAAGCTGCAAGTATGA,0,547048
araCp,0.08333333333333333,11,11,GAGAGTACAGGGTGTACAAC,0,583509
araCp,0.08333333333333333,11,11,GAGACTTAGTAGGTGTATAT,0,579634
araCp,0.08333333333333333,11,11,GAGACTACTCGGGAATAAGA,0,531433
araCp,0.08333333333333333,11,11,GAGACGGCAAAGCCTCGCTG,0,567939
araCp,0.08333333333333333,11,11,GACTGAGGTGTACACAAACA,0,563271
araCp,0.08333333333333333,11,11,GACTCTCATTCGGGGTTCGA,0,576014
araCp,0.08333333333333333,11,11,GACGTCGGCCGGTACGTTTG,0,595683
araCp,0.08333333333333333,11,11,GACGTATTTTATAGCCGGTA,0,529344
araCp,0.08333333333333333,11,11,GACCGTCCTGCCCTGGTGAG,0,571525
araCp,0.08333333333333333,11,11,GACATATCCTTAGGGCAGCA,0,577829
araCp,0.08333333333333333,11,11,GACAGGCCTTCGAACGCGAT,0,587592
araCp,0.08333333333333333,11,11,GACAAAATATCTCACCTCTT,0,537767
araCp,0.08333333333333333,11,11,GAATTGGCAACCGATAGTAA,0,599815
araCp,0.08333333333333333,11,11,GAATGATAGCATCCAAGCGC,0,537849
araCp,0.08333333333333333,11,11,GAATATTCAACACACTCCTT,0,574631
araCp,0.08333333333333333,11,11,GAATAGGCTGTGAGTCGGGG,0,564895
araCp,0.08333333333333333,11,11,GAATAGGACTTTACAGTGTC,0,567096
araCp,0.08333333333333333,11,11,GAAGTTTATTCACATAGGAA,0,591443
araCp,0.08333333333333333,11,11,GAAGTTCTACACATGGTGAT,0,589169
araCp,0.08333333333333333,11,11,GAAGTGTATGCATCAGAATG,0,535850
araCp,0.08333333333333333,11,11,GAAGGCGGTGTTCCTTCAGT,0,600067
araCp,0.08333333333333333,11,11,GAAGGACTTCCATTGGAATA,0,566811
araCp,0.08333333333333333,11,11,GAAGCCTCGATAAGGACGAG,0,550732
araCp,0.08333333333333333,11,11,GAAGCCTACAAAAAGTACCT,0,580940
araCp,0.08333333333333333,11,11,GAACGGATGACTTGCAAGTA,0,597133
araCp,0.08333333333333333,11,11,GAACGCTAACTAGAGTCCCA,0,556629
araCp,0.08333333333333333,11,11,GAACGATTGTGTAATCTACT,0,568767
araCp,0.08333333333333333,11,11,GAACCAACTCGCACGACTAT,0,591107
araCp,0.08333333333333333,11,11,GAAACTCGCAAAGCGGCGCC,0,581913
araCp,0.08333333333333333,11,11,GAAAAGTTGTTTGGGATGCA,0,547202
araCp,0.08333333333333333,11,11,CTTTTATACAGCGTCCACCA,0,578803
araCp,0.08333333333333333,11,11,CTTTAAAGTACCAGATGGAG,0,551125
araCp,0.08333333333333333,11,11,CTTGGGCAACCTACGAATCC,0,567084
araCp,0.08333333333333333,11,11,CTTGGGACGCTCCTTGATTA,0,547819
araCp,0.08333333333333333,11,11,CTTGGCTCGGTGACGGTTAC,0,536427
araCp,0.08333333333333333,11,11,CTTGGAGACATAAAGAATAT,0,557289
araCp,0.08333333333333333,11,11,CTTCCATAAGCGGCCTGTCT,0,578000
araCp,0.08333333333333333,11,11,CTTATCCTGAGTCAACTGCA,0,564084
araCp,0.08333333333333333,11,11,CTTATAAACGGCTATGGACG,0,555930
araCp,0.08333333333333333,11,11,CTTACGCTCGGGGTGTTGAC,0,583999
araCp,0.08333333333333333,11,11,CTTAACCGCAAATCTTTTGA,0,567233
araCp,0.08333333333333333,11,11,CTGTGTTTCAGCTACAATGC,0,550567
araCp,0.08333333333333333,11,11,CTGTGAGCCTGGCGAACGCT,0,530389
araCp,0.08333333333333333,11,11,CTGTCTACAAGAATGTTTAG,0,584735
araCp,0.08333333333333333,11,11,CTGTATCGGGGGAGTACCGA,0,543112
araCp,0.08333333333333333,11,11,CTGTAGGGGTGACTCTCGGG,0,572886
araCp,0.08333333333333333,11,11,CTGGGGTCGCCAGGTCCACT,0,589600
araCp,0.08333333333333333,11,11,CTGGCCCACACCATCCCTGG,0,595921
araCp,0.08333333333333333,11,11,CTGGACCCTAACCTGGCTAC,0,566048
araCp,0.08333333333333333,11,11,CTGGAAAACAGTAATTTCAC,0,542185
araCp,0.08333333333333333,11,11,CTGCTCGTTGGCCCTAATCC,0,549060
araCp,0.08333333333333333,11,11,CTGCGTGTTATCCATCATTG,0,592943
araCp,0.08333333333333333,11,11,CTGCGGGAGGGACAAGTCAG,0,543897
araCp,0.08333333333333333,11,11,CTGCGCGGCGGTTTGGTGAT,0,565435
araCp,0.08333333333333333,11,11,CTGCCAAACATGCTGCGGAG,0,602461
araCp,0.08333333333333333,11,11,CTGCATTTCGACCTCCTTTA,0,525696
araCp,0.08333333333333333,11,11,CTGCAGCCTGCGAACGGTAT,0,546249
araCp,0.08333333333333333,11,11,CTGATATGTTCTTCTACGCC,0,545329
araCp,0.08333333333333333,11,11,CTGAAGAGACTGACGTCCAC,0,582222
araCp,0.08333333333333333,11,11,CTGAACAGGACAAGTTCAAT,0,545799
araCp,0.08333333333333333,11,11,CTGAAAGCCGTTGTTGCCCC,0,567809
araCp,0.08333333333333333,11,11,CTCTCCCCGGTAAAGGTGGG,0,539889
araCp,0.08333333333333333,11,11,CTCGTTTTCCCAACGGAAAA,0,577212
araCp,0.08333333333333333,11,11,CTCCGCTCTTACCCCAGTGC,0,592605
araCp,0.08333333333333333,11,11,CTCCACGCTCAGAACCGTCT,0,580365
araCp,0.08333333333333333,11,11,CTCCAACCAGCTAACAGGCC,0,551604
araCp,0.08333333333333333,11,11,CTCATTTATTTTAGAGCAAT,0,589263
araCp,0.08333333333333333,11,11,CTCAGTAGGCAGACTCGGTT,0,563479
araCp,0.08333333333333333,11,11,CTCAGAGGAATCTCCGAGCA,0,549562
araCp,0.08333333333333333,11,11,CTATGCCCGGTGACAGATAG,0,596877
araCp,0.08333333333333333,11,11,CTATCGTTAACTAATCACTA,0,583514
araCp,0.08333333333333333,11,11,CTATAACGTCCCCTACTTTA,0,559339
araCp,0.08333333333333333,11,11,CTAGGTGTTACGTTATAGGG,0,576209
araCp,0.08333333333333333,11,11,CTAGGAGAGACATGGGATCC,0,588562
araCp,0.08333333333333333,11,11,CTACGCAAAATTTGGCTTCA,0,538987
araCp,0.08333333333333333,11,11,CTAAAATATCCCGGCGAACA,0,548486
araCp,0.08333333333333333,11,11,CTAAAAGGGGTTCAGGGTGT,0,572304
araCp,0.08333333333333333,11,11,CGTTTGTCATCCTCCTAACT,0,555260
araCp,0.08333333333333333,11,11,CGTTGTACTGGAGTATGTAT,0,530917
araCp,0.08333333333333333,11,11,CGTTGGGAACACCAGATTAT,0,538122
araCp,0.08333333333333333,11,11,CGTTGATCTTCAGTTCGCCC,0,556757
araCp,0.08333333333333333,11,11,CGTGACTTGGGCCGAGATCT,0,554398
araCp,0.08333333333333333,11,11,CGTCCCGTTTCTTTTATGCA,0,569341
araCp,0.08333333333333333,11,11,CGTCCCGCGAACGCAATTAT,0,595144
araCp,0.08333333333333333,11,11,CGTATGGAGTAATGCCGGAG,0,591277
araCp,0.08333333333333333,11,11,CGTAGCATGCTGCAGGTTTC,0,578039
araCp,0.08333333333333333,11,11,CGTAATTACGTGTTACATAG,0,576313
araCp,0.08333333333333333,11,11,CGTAAAATTCCTGCTGGGTA,0,525674
araCp,0.08333333333333333,11,11,CGGTCATAAACGAGGGGCCA,0,578939
araCp,0.08333333333333333,11,11,CGGGCCACTTTAAGCATATA,0,549029
araCp,0.08333333333333333,11,11,CGGGAATATTTGGGATGGCC,0,565952
araCp,0.08333333333333333,11,11,CGGCGGCAGCGATGCCGGAC,0,540338
araCp,0.08333333333333333,11,11,CGGCGAAACAGGCGGCTATT,0,580439
araCp,0.08333333333333333,11,11,CGGCATCCTGATATTCTACG,0,586101
araCp,0.08333333333333333,11,11,CGGATGCTCGGCGATTTGCG,0,557542
araCp,0.08333333333333333,11,11,CGGATGACGCATGTGAATTA,0,573561
araCp,0.08333333333333333,11,11,CGGACTAGCTTCCAATGCCT,0,586456
araCp,0.08333333333333333,11,11,CGGAATGCTTGCCCCAATGG,0,572980
araCp,0.08333333333333333,11,11,CGCTGTGGCACGTGAAACTT,0,589763
araCp,0.08333333333333333,11,11,CGCTCGTTGGACGGTCACTT,0,560915
araCp,0.08333333333333333,11,11,CGCGAGTGCCCAAGGTCGTT,0,528373
araCp,0.08333333333333333,11,11,CGCGACGCCTCGATGGAGAT,0,545239
araCp,0.08333333333333333,11,11,CGCCCACCGGTGCTTCTTCC,0,582950
araCp,0.08333333333333333,11,11,CGCATCCCTGCTCCTATGGC,0,543041
araCp,0.08333333333333333,11,11,CGATACCAACCGGGCCGCAA,0,597131
araCp,0.08333333333333333,11,11,CGAGGCCAGATAGTTCTGAG,0,556941
araCp,0.08333333333333333,11,11,CGAGAGTCCTTTGCATAATT,0,578448
araCp,0.08333333333333333,11,11,CGACGATGCATGCCCGAATT,0,589868
araCp,0.08333333333333333,11,11,CGACACTTCCCCAAAACCAA,0,552171
araCp,0.08333333333333333,11,11,CGAAAGCTAGAGCAGAATTT,0,548354
araCp,0.08333333333333333,11,11,CGAAACGTAGTACGGGGTTG,0,588780
araCp,0.08333333333333333,11,11,CCTTCTTCGTGATCGGGCGA,0,569964
araCp,0.08333333333333333,11,11,CCTTATTCGGCCCGGCGAGG,0,538402
araCp,0.08333333333333333,11,11,CCTGTTGGTCACAAAGGCGT,0,580994
araCp,0.08333333333333333,11,11,CCTGGCAAGGAGCTTGAGCC,0,569498
araCp,0.08333333333333333,11,11,CCTGATTGTTCAAGTATTCT,0,595339
araCp,0.08333333333333333,11,11,CCTGAAATCAGCACGACTTT,0,531374
araCp,0.08333333333333333,11,11,CCTCCAATGTCAGAGCCGAC,0,539247
araCp,0.08333333333333333,11,11,CCTCACCAAAGGATCGTAAT,0,567638
araCp,0.08333333333333333,11,11,CCTATTTGAGCCGACTCGGT,0,595604
araCp,0.08333333333333333,11,11,CCTATTCAGAACGGGTTTCG,0,585319
araCp,0.08333333333333333,11,11,CCTAGCATGTGTAATCCCTA,0,547607
araCp,0.08333333333333333,11,11,CCGTTGGGGGTAGGTGCCGC,0,576135
araCp,0.08333333333333333,11,11,CCGTTAGTGCTGATCCTTCG,0,568170
araCp,0.08333333333333333,11,11,CCGTGTTCCATTGGCAGACA,0,551129
araCp,0.08333333333333333,11,11,CCGTGTCGATCCTGCCGTCT,0,540229
araCp,0.08333333333333333,11,11,CCGTGCTAAGGTTTATATAA,0,598620
araCp,0.08333333333333333,11,11,CCGTGCATCAGCAAGAGATA,0,562646
araCp,0.08333333333333333,11,11,CCGTCCTCGGCTCGCCGTCT,0,591541
araCp,0.08333333333333333,11,11,CCGTACTCTACCTAGGGACG,0,596652
araCp,0.08333333333333333,11,11,CCGTACACTCAGACATTCTC,0,550570
araCp,0.08333333333333333,11,11,CCGGTCCCTGAAAATGATGG,0,531531
araCp,0.08333333333333333,11,11,CCGGTAGCTCAGACAAACTT,0,586079
araCp,0.08333333333333333,11,11,CCGGGTGATGAGTGTACTGA,0,588623
araCp,0.08333333333333333,11,11,CCGGGGTGCTGCCAATTTTC,0,595069
araCp,0.08333333333333333,11,11,CCGGGCTTGGGCTCGGTGAC,0,538692
araCp,0.08333333333333333,11,11,CCGGGCTATATTTCGAGGGA,0,539382
araCp,0.08333333333333333,11,11,CCGCCTCTTTCTTGTCGTAG,0,593707
araCp,0.08333333333333333,11,11,CCGCCAGGGCTATGCAGAGG,0,576481
araCp,0.08333333333333333,11,11,CCGCAAATGCGGGGGCCGAT,0,528859
araCp,0.08333333333333333,11,11,CCGATATGATGTCTACTGAC,0,599633
araCp,0.08333333333333333,11,11,CCGAGTGTCAATCAAACGGC,0,561986
araCp,0.08333333333333333,11,11,CCGAGCTCACTGGACATTAG,0,563562
araCp,0.08333333333333333,11,11,CCGAGATCGCATAAACTTTA,0,560141
araCp,0.08333333333333333,11,11,CCGAAGTGCTCCACCTCCTC,0,562500
araCp,0.08333333333333333,11,11,CCCTTAGTAACAGAGTAGTT,0,526057
araCp,0.08333333333333333,11,11,CCCTGGGATCTGTAAAATAC,0,575421
araCp,0.08333333333333333,11,11,CCCTGCCGATGAAAAGGCGT,0,596817
araCp,0.08333333333333333,11,11,CCCTCTAGCTGATACATACT,0,561681
araCp,0.08333333333333333,11,11,CCCTAGAGCTATTATTACGA,0,567888
araCp,0.08333333333333333,11,11,CCCGGTCTTCAAATCCGCTG,0,599911
araCp,0.08333333333333333,11,11,CCCGGAAGGAGACCATCTAA,0,588541
araCp,0.08333333333333333,11,11,CCCGCATAGCACCCACTAGG,0,565520
araCp,0.08333333333333333,11,11,CCATGGAAACAAGGAGGGGT,0,544672
araCp,0.08333333333333333,11,11,CCATCTTCCATGTGATCGGG,0,600272
araCp,0.08333333333333333,11,11,CCATCGGGTTCCTTCCGACC,0,594971
araCp,0.08333333333333333,11,11,CCATCACGGGGTTGAGATTT,0,558457
araCp,0.08333333333333333,11,11,CCATCACCCAGGGGGATTCT,0,530163
araCp,0.08333333333333333,11,11,CCACGCCCGAATGCAGAGTA,0,555204
araCp,0.08333333333333333,11,11,CCAATTTCGCGCACTATGAT,0,603676
araCp,0.08333333333333333,11,11,CCAAGTCGTGATACTCCATC,0,597284
araCp,0.08333333333333333,11,11,CCAACTATCCCGCGTCCGAG,0,588289
araCp,0.08333333333333333,11,11,CCAAATGATTCCAGATACCC,0,538404
araCp,0.08333333333333333,11,11,CATTTTCCTAGGTGTTGTAG,0,584195
araCp,0.08333333333333333,11,11,CATTCTGGTCCCCACTCGCA,0,532864
araCp,0.08333333333333333,11,11,CATTAGGGAACAACCTAGTA,0,596096
araCp,0.08333333333333333,11,11,CATGTGATCAACCCAGGCCA,0,533120
araCp,0.08333333333333333,11,11,CATGGCCCACGGGCATGAGC,0,577080
araCp,0.08333333333333333,11,11,CATGCAAACACCAACCCTCA,0,587107
araCp,0.08333333333333333,11,11,CATGAACGCTCAGAGTAAGT,0,526972
araCp,0.08333333333333333,11,11,CATCTCATCTTGGCAGGTTT,0,575937
araCp,0.08333333333333333,11,11,CAGTTGGGGATTTATGAACG,0,589310
araCp,0.08333333333333333,11,11,CAGTGCGTGCCTGTATGCTG,0,594257
araCp,0.08333333333333333,11,11,CAGTCTGGTTCTTTTTCCAG,0,527732
araCp,0.08333333333333333,11,11,CAGTAATGAATCGCCCCCCA,0,598459
araCp,0.08333333333333333,11,11,CAGGTTGCATCCAGTAGCCA,0,555790
araCp,0.08333333333333333,11,11,CAGGGTGCATCATATTAGTA,0,534924
araCp,0.08333333333333333,11,11,CAGCTATTGTTTCGGCCATA,0,539255
araCp,0.08333333333333333,11,11,CAGCGCGAGACGCCCGGATG,0,526911
araCp,0.08333333333333333,11,11,CAGCCCATCGGTGTCACGTT,0,578601
araCp,0.08333333333333333,11,11,CAGCATTAGCAAGCGTGTAG,0,553213
araCp,0.08333333333333333,11,11,CAGATGTCGTTGGTGGATTC,0,573184
araCp,0.08333333333333333,11,11,CAGAGTAATCCTCGTTTAAA,0,544466
araCp,0.08333333333333333,11,11,CAGAGCGAGGGCAAAGGGGA,0,587904
araCp,0.08333333333333333,11,11,CAGAGATGTCGAGTGCGGTA,0,528031
araCp,0.08333333333333333,11,11,CACTGACCCATGCGGCACTC,0,561004
araCp,0.08333333333333333,11,11,CACTCTGAATGTTTCCGGGT,0,555309
araCp,0.08333333333333333,11,11,CACGTAACATTGGTTTAGTC,0,526126
araCp,0.08333333333333333,11,11,CACGGGAGCGCTCTGATGAA,0,591870
araCp,0.08333333333333333,11,11,CACGGCCCTGAAGGATTCTG,0,530199
araCp,0.08333333333333333,11,11,CACGCGCGCCGCTATGGACA,0,537339
araCp,0.08333333333333333,11,11,CACCTAATGTATGAGGTGTT,0,542702
araCp,0.08333333333333333,11,11,CACCGCCTTTGTCAGCGCGG,0,592729
araCp,0.08333333333333333,11,11,CACCAATCTATGAGGCGATG,0,554811
araCp,0.08333333333333333,11,11,CACCAAATTGGCGAGGGCGG,0,536417
araCp,0.08333333333333333,11,11,CACAGTTTCATCGTTTATCC,0,541807
araCp,0.08333333333333333,11,11,CACAGGTCGCAATCCGATTG,0,576983
araCp,0.08333333333333333,11,11,CACAGCCCTTCGTTGCCAGG,0,581471
araCp,0.08333333333333333,11,11,CACAGAGCGGGAACGTCTTG,0,540951
araCp,0.08333333333333333,11,11,CACACCACTGCGATTTGAGG,0,555345
araCp,0.08333333333333333,11,11,CACACACGGCGGCATCTTTG,0,539185
araCp,0.08333333333333333,11,11,CACAACGTTTCAGAGCCTAA,0,593159
araCp,0.08333333333333333,11,11,CAATGTTAAGCCGTAAGCAT,0,587784
araCp,0.08333333333333333,11,11,CAAGGCCCATAGTACTCTAG,0,583679
araCp,0.08333333333333333,11,11,CAAGGAGTGGATCGGCAAGC,0,564355
araCp,0.08333333333333333,11,11,CAACTGCAGCCAGTGTTTCG,0,601572
araCp,0.08333333333333333,11,11,CAACGGTATGGTTTCGCATG,0,568422
araCp,0.08333333333333333,11,11,CAACGCCTAATGTTTACGCT,0,547505
araCp,0.08333333333333333,11,11,CAACCGATGGTGCACACGAG,0,540404
araCp,0.08333333333333333,11,11,CAACCGAGCGCCGGTGGAAA,0,602234
araCp,0.08333333333333333,11,11,CAACCCTTCTGGGAATCTAT,0,603155
araCp,0.08333333333333333,11,11,CAAAGGCTGTCCGAGTATTA,0,577157
araCp,0.08333333333333333,11,11,CAAAGAGGGAGAAGATACCT,0,552692
araCp,0.08333333333333333,11,11,ATTTTAACATCTGGGCTCAG,0,537949
araCp,0.08333333333333333,11,11,ATTTCTAGTTGGCCGTGCGA,0,583403
araCp,0.08333333333333333,11,11,ATTTCGATTGGGGTAGCCAT,0,603486
araCp,0.08333333333333333,11,11,ATTTCCTAAATAGGCACCTT,0,529903
araCp,0.08333333333333333,11,11,ATTTAGTTATGGTAGGTGCA,0,571310
araCp,0.08333333333333333,11,11,ATTTAAATGGTACAGTCAAG,0,581926
araCp,0.08333333333333333,11,11,ATTGGCCGCATGTCCTTGAA,0,549330
araCp,0.08333333333333333,11,11,ATTGATGGCTGAAGATAAAT,0,559507
araCp,0.08333333333333333,11,11,ATTCTTAACACGCACCGGAT,0,565104
araCp,0.08333333333333333,11,11,ATTCGATAGCGTTAGATGCT,0,549713
araCp,0.08333333333333333,11,11,ATTAGTTTAATGGCGATACA,0,552233
araCp,0.08333333333333333,11,11,ATTAGGTCCGTCAGTTTTAG,0,571830
araCp,0.08333333333333333,11,11,ATTAGGGGTTCTATATGCAA,0,538618
araCp,0.08333333333333333,11,11,ATGTCCCGAACTCACAGATT,0,585315
araCp,0.08333333333333333,11,11,ATGTATTCATTAAATAGACA,0,556989
araCp,0.08333333333333333,11,11,ATGTATCTACCTCGAAGATA,0,538795
araCp,0.08333333333333333,11,11,ATGGTAATCGAATTCGCGAG,0,533126
araCp,0.08333333333333333,11,11,ATGCTAGCACCGTCGGGACA,0,576758
araCp,0.08333333333333333,11,11,ATGCGCCTCACAGCCCGTGC,0,567156
araCp,0.08333333333333333,11,11,ATGCCTATTGCCCAATATGC,0,586826
araCp,0.08333333333333333,11,11,ATGCAGATGAGTTTAATCGT,0,571898
araCp,0.08333333333333333,11,11,ATGATTAAAACCAGGTGCCC,0,525700
araCp,0.08333333333333333,11,11,ATGAGAAGGATCACTTGAGA,0,530208
araCp,0.08333333333333333,11,11,ATGACAAGGCAACGACCATG,0,578149
araCp,0.08333333333333333,11,11,ATCTGCTGTGTTTTTTTAGA,0,526818
araCp,0.08333333333333333,11,11,ATCTAACTTCCTTCGTCTCT,0,577343
araCp,0.08333333333333333,11,11,ATCGATATGAACGACCAGCT,0,585769
araCp,0.08333333333333333,11,11,ATCGAGGCCATTAGTGGGGT,0,572232
araCp,0.08333333333333333,11,11,ATCCATAAGATACTTTTGTG,0,529332
araCp,0.08333333333333333,11,11,ATCCAATGTGAAAAGATTAG,0,530146
araCp,0.08333333333333333,11,11,ATCAGTCGCGTTGTAACCTG,0,550361
araCp,0.08333333333333333,11,11,ATATGTTCGCACCGAGGGAG,0,528062
araCp,0.08333333333333333,11,11,ATATGGACTTCCTGGGCGCA,0,584096
araCp,0.08333333333333333,11,11,ATATCTCAAACTCAACGTTT,0,583713
araCp,0.08333333333333333,11,11,ATATACAGTCTGTGTACGAA,0,595805
araCp,0.08333333333333333,11,11,ATAGTTCGTTAGGATTCAAG,0,549958
araCp,0.08333333333333333,11,11,ATAGTCAACTTCTAAGATGG,0,533931
araCp,0.08333333333333333,11,11,ATAGAGACCGTTGACCGCTA,0,564504
araCp,0.08333333333333333,11,11,ATACGTAATCGTGGGCGTGA,0,600884
araCp,0.08333333333333333,11,11,ATACGCATGCGGAATAATCG,0,533174
araCp,0.08333333333333333,11,11,ATACCTCTACAGTGGCGGAT,0,600932
araCp,0.08333333333333333,11,11,ATAACTTGACCTGGATTAAA,0,532329
araCp,0.08333333333333333,11,11,AGTTTTTATGTTCCGACATT,0,536158
araCp,0.08333333333333333,11,11,AGTTTAGTGATCGCAAGGAT,0,543653
araCp,0.08333333333333333,11,11,AGTTTACAAGGGACCACGGT,0,561877
araCp,0.08333333333333333,11,11,AGTTGACGACCGCGTATTTA,0,534295
araCp,0.08333333333333333,11,11,AGTTCAATTAGATTTGTCGT,0,568968
araCp,0.08333333333333333,11,11,AGTTATTTCCTCGTGTGGTA,0,575146
araCp,0.08333333333333333,11,11,AGTGGACTACTTTACAAGTG,0,536609
araCp,0.08333333333333333,11,11,AGTGGACATGCATATCGTCA,0,583256
araCp,0.08333333333333333,11,11,AGTAGAAGTTAAGGTACCTG,0,577460
araCp,0.08333333333333333,11,11,AGTAAGCAATCTGCTCCCCC,0,573304
araCp,0.08333333333333333,11,11,AGGTATATGCTTAAGCAGCT,0,541719
araCp,0.08333333333333333,11,11,AGGGGTACTCACTACTATGA,0,567694
araCp,0.08333333333333333,11,11,AGGGCTGTCGCAGGTCGTTA,0,568382
araCp,0.08333333333333333,11,11,AGGGACATCTGATGTATCCA,0,601750
araCp,0.08333333333333333,11,11,AGGCTCAGCCGAAAGCCGGT,0,537048
araCp,0.08333333333333333,11,11,AGGCCCGGAGAGGCGGAAGC,0,592746
araCp,0.08333333333333333,11,11,AGGCCCACTGTACTTAGTAA,0,597049
araCp,0.08333333333333333,11,11,AGGCATATTCGCTTGAGACT,0,562279
araCp,0.08333333333333333,11,11,AGGAGGGTCATAGAAGGCGA,0,602486
araCp,0.08333333333333333,11,11,AGGACCGGGGGCACAGATTT,0,537158
araCp,0.08333333333333333,11,11,AGGACAGGTGTAGCGTATAT,0,597554
araCp,0.08333333333333333,11,11,AGCTTCCTAGTCATGTACCG,0,542626
araCp,0.08333333333333333,11,11,AGCTCACACTGGCTTTCCTT,0,543839
araCp,0.08333333333333333,11,11,AGCTATGCTAGCCAGTAAAA,0,578877
araCp,0.08333333333333333,11,11,AGCGGAGAAATGGCCAGGGT,0,599156
araCp,0.08333333333333333,11,11,AGCGAGAAGGGGCTAATTCC,0,555267
araCp,0.08333333333333333,11,11,AGCCTGCGCTCCAGGGACCT,0,597637
araCp,0.08333333333333333,11,11,AGCCCGGTCCTCTCGGTGCC,0,547892
araCp,0.08333333333333333,11,11,AGCCCCCTTCGTGCGGTTAA,0,598396
araCp,0.08333333333333333,11,11,AGATTCCGTTCGCCGACCGC,0,550939
araCp,0.08333333333333333,11,11,AGATGTGACTTATGCCAATA,0,552956
araCp,0.08333333333333333,11,11,AGATCACTATGGGTGCGCGC,0,544726
araCp,0.08333333333333333,11,11,AGAGTCGTCCGGTTTAGCCG,0,547451
araCp,0.08333333333333333,11,11,AGAGTCAAACGCCATTTGTT,0,573070
araCp,0.08333333333333333,11,11,AGAGCACCGCTGCTAGGTAC,0,552244
araCp,0.08333333333333333,11,11,AGACCGCCATACCAAAGTAT,0,546193
araCp,0.08333333333333333,11,11,AGACCGACTTACCGGCGGGT,0,554784
araCp,0.08333333333333333,11,11,AGACAGCGATCGAATGATCA,0,583129
araCp,0.08333333333333333,11,11,AGAATACAGGAAGATCCGGG,0,548562
araCp,0.08333333333333333,11,11,ACTTGAAATTCGGTGCATGC,0,558902
araCp,0.08333333333333333,11,11,ACTTCTTACTTTATGGTATT,0,536960
araCp,0.08333333333333333,11,11,ACTTCATCGAGGTTCTGAAT,0,536098
araCp,0.08333333333333333,11,11,ACTTAAAACGTCGCTCTTTT,0,560787
araCp,0.08333333333333333,11,11,ACTCTTGCGTCACATGATCC,0,595023
araCp,0.08333333333333333,11,11,ACTCTCTAGCCGAATGTTAC,0,538989
araCp,0.08333333333333333,11,11,ACTCGGTGACCCAGAACTTC,0,572141
araCp,0.08333333333333333,11,11,ACTACTCATGAGCAGTCGAA,0,585392
araCp,0.08333333333333333,11,11,ACTAATACCCCGTCCAATTG,0,565869
araCp,0.08333333333333333,11,11,ACGTTAGCAAGTAATGTTGT,0,553201
araCp,0.08333333333333333,11,11,ACGTGTCCTCTGCTCGAGCT,0,547033
araCp,0.08333333333333333,11,11,ACGTCCTTAGTTGCTAAGAA,0,558334
araCp,0.08333333333333333,11,11,ACGGCATGCGGGGGTCGTCC,0,536679
araCp,0.08333333333333333,11,11,ACGGAGCAATTCCCTCTCAG,0,555940
araCp,0.08333333333333333,11,11,ACGCTAGAGTTCGTGTCTGT,0,583648
araCp,0.08333333333333333,11,11,ACGCGGTCTAACGGGCTACT,0,584460
araCp,0.08333333333333333,11,11,ACGATTATGGCGAAGGCGAT,0,597564
araCp,0.08333333333333333,11,11,ACGAGTAGGGCGCGTGCCTA,0,602725
araCp,0.08333333333333333,11,11,ACGAAATGTCCCTGGTTAAT,0,601136
araCp,0.08333333333333333,11,11,ACCTGCAGATTTTGACCCAA,0,536852
araCp,0.08333333333333333,11,11,ACCTCTGGTCGTGCCTCGCA,0,573580
araCp,0.08333333333333333,11,11,ACCTAAAGCGATAAGCAGTA,0,555776
araCp,0.08333333333333333,11,11,ACCGTCAGTGATATCAATGT,0,601632
araCp,0.08333333333333333,11,11,ACCGGGTGCGTGTTCGGGTA,0,573082
araCp,0.08333333333333333,11,11,ACCGGGGCCTGTAATAGAGC,0,592202
araCp,0.08333333333333333,11,11,ACCGAGTTTGTGGGATCGTG,0,584318
araCp,0.08333333333333333,11,11,ACCCTCAGAGGGGGTTTACG,0,564858
araCp,0.08333333333333333,11,11,ACCCAACTTGTTATGTACGG,0,558282
araCp,0.08333333333333333,11,11,ACCATGTGCCCATTATACTC,0,533195
araCp,0.08333333333333333,11,11,ACCATCTTCCCTCTCGGAGA,0,541283
araCp,0.08333333333333333,11,11,ACCAGTCAATGACAACTGGG,0,540898
araCp,0.08333333333333333,11,11,ACCACGACAGCACCCATGCC,0,561372
araCp,0.08333333333333333,11,11,ACATGCACCCACCAGCCAAT,0,526371
araCp,0.08333333333333333,11,11,ACAGGGAGTTATTGGATGCT,0,554102
araCp,0.08333333333333333,11,11,ACAGCTTTTTTGAAACTGAC,0,578084
araCp,0.08333333333333333,11,11,ACAGAAGCCCGCTTCGTAGC,0,555696
araCp,0.08333333333333333,11,11,ACACCTGGTGTGGAACAGTA,0,574482
araCp,0.08333333333333333,11,11,ACACCGCGCGCTCACACCTA,0,535301
araCp,0.08333333333333333,11,11,ACACCCTAAAGCTTGCTTGA,0,587252
araCp,0.08333333333333333,11,11,AATTCACTAAGGCTGGCGAG,0,572317
araCp,0.08333333333333333,11,11,AATTATGTCTCCGTAAAGTC,0,547327
araCp,0.08333333333333333,11,11,AATGGCGGCAAAGCTTATTA,0,544185
araCp,0.08333333333333333,11,11,AATCTGTTGTCAAAAGAGGC,0,531641
araCp,0.08333333333333333,11,11,AATCTCGTCTTTTAACAGTG,0,554888
araCp,0.08333333333333333,11,11,AATCTCACGTCGGCATAGTT,0,578617
araCp,0.08333333333333333,11,11,AATCCGGGATGGCCTACTCT,0,589920
araCp,0.08333333333333333,11,11,AATCCGGACATCCTATGGCA,0,555702
araCp,0.08333333333333333,11,11,AATCAACCGTCGTCTGGGTA,0,559806
araCp,0.08333333333333333,11,11,AATATGTATTAAGCCTGAGC,0,571838
araCp,0.08333333333333333,11,11,AAGTGGAATGTCTCCACCAA,0,582546
araCp,0.08333333333333333,11,11,AAGTGACTTTCTGAGGATTG,0,592266
araCp,0.08333333333333333,11,11,AAGTCCACGCGCGCCGGTAC,0,564109
araCp,0.08333333333333333,11,11,AAGTATGAAATTGGCATAAC,0,583686
araCp,0.08333333333333333,11,11,AAGGTCGCGACCCAGTTTTT,0,601231
araCp,0.08333333333333333,11,11,AAGGCTTCGTAAGATGTGCG,0,561924
araCp,0.08333333333333333,11,11,AAGGAGGGTGCCTATATTCA,0,553880
araCp,0.08333333333333333,11,11,AAGCTCAGATCCTGTGAAGA,0,584783
araCp,0.08333333333333333,11,11,AAGCGTAGGTCGCCGAAGTC,0,581114
araCp,0.08333333333333333,11,11,AAGCGGGATTCCAGACTCGT,0,579164
araCp,0.08333333333333333,11,11,AAGCCCCCTCATCAGCGCTC,0,537438
araCp,0.08333333333333333,11,11,AAGAGGTTTTGTTCTAGTTC,0,601372
araCp,0.08333333333333333,11,11,AAGAGGGGCTAACTTCTGCC,0,563959
araCp,0.08333333333333333,11,11,AAGACTGGCACAACGCTCCA,0,586873
araCp,0.08333333333333333,11,11,AACTTCCCGGGTGTGTCTTC,0,543890
araCp,0.08333333333333333,11,11,AACTGTCATACGGATTCGAC,0,603415
araCp,0.08333333333333333,11,11,AACTGGGCGCCACCGTGCAA,0,559804
araCp,0.08333333333333333,11,11,AACTGCTGACTCAGGACGCT,0,568974
araCp,0.08333333333333333,11,11,AACTACCTTTCTTAGCAATC,0,571168
araCp,0.08333333333333333,11,11,AACGGGCGCCAGGCAGAGTA,0,585219
araCp,0.08333333333333333,11,11,AACGGATATAGTAGGATTGT,0,541892
araCp,0.08333333333333333,11,11,AACCACATTGACTCTCTGTA,0,534783
araCp,0.08333333333333333,11,11,AAATTGTCCGTGGAAGGGCG,0,542581
araCp,0.08333333333333333,11,11,AAATGCAGAGGATTGATAAC,0,545318
araCp,0.08333333333333333,11,11,AAATGCACCACATGGCATAA,0,546052
araCp,0.08333333333333333,11,11,AAATCGTCACGTACGAATTG,0,575256
araCp,0.08333333333333333,11,11,AAAGAACTTCTAGGGTTGCC,0,597998
araCp,0.08333333333333333,11,11,AAACTAATTAGGGAGACTGG,0,542139
araCp,0.08333333333333333,11,11,AAACCGATTCATAGAAGACT,0,558224
araCp,0.08333333333333333,11,11,AAAATACGTTAATTTACGGC,0,582445
araCp,0.08333333333333333,11,11,AAAACGGTATCCCAGCAGTT,0,602393
araCp,0.09090909090909091,10,10,TTTTTCTCTAAAAACGTCGA,0,554339
araCp,0.09090909090909091,10,10,TTTTAATTTCGGTCCATTAA,0,529966
araCp,0.09090909090909091,10,10,TTTCCGTGCGTCTCGGCCAC,0,570132
araCp,0.09090909090909091,10,10,TTTCAGTTCGCCACCAAACA,0,584424
araCp,0.09090909090909091,10,10,TTTCACATCATCGAATGGCC,0,549853
araCp,0.09090909090909091,10,10,TTTAGCCGATCGGCCAATCT,0,575225
araCp,0.09090909090909091,10,10,TTGTTGTCAGCATTGATGGC,0,572256
araCp,0.09090909090909091,10,10,TTGTACATCCTGATCAGTTA,0,584092
araCp,0.09090909090909091,10,10,TTGGTGTTTCACTGCACATA,0,558656
araCp,0.09090909090909091,10,10,TTGGTCGAGAGCCATGGGAC,0,530731
araCp,0.09090909090909091,10,10,TTGGGGACCGTTTCGTTTGA,0,574740
araCp,0.09090909090909091,10,10,TTGGCTGGGTAAGGGTAATA,0,553144
araCp,0.09090909090909091,10,10,TTGCGTATGTGTGGAATTTG,0,554827
araCp,0.09090909090909091,10,10,TTGATCAGCCGTCAGGCGAA,0,587854
araCp,0.09090909090909091,10,10,TTCTGTTGTTTCATTTCCAG,0,531430
araCp,0.09090909090909091,10,10,TTCTCTTCGAGGTACTCCAA,0,535184
araCp,0.09090909090909091,10,10,TTCTCGTGGTAGGCTGTTCC,0,589412
araCp,0.09090909090909091,10,10,TTCGTTGCATAGCCGGATGT,0,567105
araCp,0.09090909090909091,10,10,TTCGTGGGTACATATGGACT,0,564873
araCp,0.09090909090909091,10,10,TTCGGTGACTCTAAGTTCTT,0,599440
araCp,0.09090909090909091,10,10,TTCGGCCAGGCGGAACGCGG,0,577522
araCp,0.09090909090909091,10,10,TTCGCAGACATTTTATAAGA,0,533050
araCp,0.09090909090909091,10,10,TTCGATATTGTCTCAAAGTC,0,553857
araCp,0.09090909090909091,10,10,TTCGATAAGCCTGTCAATAG,0,586077
araCp,0.09090909090909091,10,10,TTCCACGAGGATGGATATCT,0,586439
araCp,0.09090909090909091,10,10,TTCATAGAGATAAAAAGATT,0,565513
araCp,0.09090909090909091,10,10,TTCAAACGGGCCGGGGAACA,0,572360
araCp,0.09090909090909091,10,10,TTATGGTAAACCAGTGGAAA,0,531435
araCp,0.09090909090909091,10,10,TTATCGGCCAGCTGCCAATT,0,577496
araCp,0.09090909090909091,10,10,TTATCCTATGTACGGTTGGT,0,595905
araCp,0.09090909090909091,10,10,TTATATAAAGTATGAGTGGG,0,585773
araCp,0.09090909090909091,10,10,TTAGTTTCCGGATACCTTAA,0,559324
araCp,0.09090909090909091,10,10,TTAGGATGTGTTTGGACAAT,0,584849
araCp,0.09090909090909091,10,10,TTACTGTGCCGTATAAGAGC,0,590646
araCp,0.09090909090909091,10,10,TTACTGATCATGGGACCGGG,0,540318
araCp,0.09090909090909091,10,10,TTACGTTACACTCGTGGGAT,0,566436
araCp,0.09090909090909091,10,10,TTACCTTGCAGCCCCAGTGG,0,532510
araCp,0.09090909090909091,10,10,TTACCGGACCTGTACTTGAA,0,534162
araCp,0.09090909090909091,10,10,TTAAAGTCGTCATCCCCAAT,0,568095
araCp,0.09090909090909091,10,10,TGTTATACGAATACCGGGGT,0,563254
araCp,0.09090909090909091,10,10,TGTGTTATTTCCCTTGGCCC,0,538581
araCp,0.09090909090909091,10,10,TGTGGCGAAGCATTAATGGC,0,533695
araCp,0.09090909090909091,10,10,TGTCTCCCAAGCGCCCATTG,0,579698
araCp,0.09090909090909091,10,10,TGTCTAGACAGCCCTGCCAT,0,563290
araCp,0.09090909090909091,10,10,TGTCCGGGGCCTTGATCCTG,0,587105
araCp,0.09090909090909091,10,10,TGTCCGACTCACGCGCATAC,0,559370
araCp,0.09090909090909091,10,10,TGTAGTCCGGCGATTCATCA,0,548428
araCp,0.09090909090909091,10,10,TGTACGGCATCCTTATCCCT,0,531715
araCp,0.09090909090909091,10,10,TGTAAAGAGCCATACGGCTT,0,538325
araCp,0.09090909090909091,10,10,TGGTCATTGACCAACAGATT,0,555812
araCp,0.09090909090909091,10,10,TGGTCAATCGCCGGTCTGAC,0,542693
araCp,0.09090909090909091,10,10,TGGGCTTTGGTGGATCTGTA,0,527831
araCp,0.09090909090909091,10,10,TGGGATTCCGCCCTACACTG,0,581617
araCp,0.09090909090909091,10,10,TGGCTGCGGCATGCGCGGCA,0,544958
araCp,0.09090909090909091,10,10,TGGCTACTCGGAAGAGCTTC,0,584455
araCp,0.09090909090909091,10,10,TGGCGACGTGCAGCAATTAA,0,528616
araCp,0.09090909090909091,10,10,TGGCCACATGAAGGGCACGT,0,587827
araCp,0.09090909090909091,10,10,TGGCAGATTCGGATGACGGC,0,599295
araCp,0.09090909090909091,10,10,TGGCAGAAGATAGAAGGCGA,0,542904
araCp,0.09090909090909091,10,10,TGGATTGACCTCCTTGGCTG,0,553812
araCp,0.09090909090909091,10,10,TGGATTATCACACCCAGGTC,0,573283
araCp,0.09090909090909091,10,10,TGGATAAAAAGCCTTCCAGT,0,529032
araCp,0.09090909090909091,10,10,TGGAGAGCTCCCACCTTATA,0,587790
araCp,0.09090909090909091,10,10,TGGACGTCCCGTACACCTCA,0,567194
araCp,0.09090909090909091,10,10,TGCTTAAGTGTTTAGGGTGG,0,546236
araCp,0.09090909090909091,10,10,TGCTGAAGCCTTATTCTCCT,0,589620
araCp,0.09090909090909091,10,10,TGCTCATATGGTAGTGTCGT,0,553479
araCp,0.09090909090909091,10,10,TGCTATTGCCTCAGCACAAT,0,598195
araCp,0.09090909090909091,10,10,TGCGTCGTCATCTCTGGATT,0,599017
araCp,0.09090909090909091,10,10,TGCGGATCAGAGTTGATACA,0,572541
araCp,0.09090909090909091,10,10,TGCGACCCCCTATTAGGCTT,0,537086
araCp,0.09090909090909091,10,10,TGCCGCCGCCAGACAATTTT,0,587116
araCp,0.09090909090909091,10,10,TGCCGATTTCTCCTTGAGGT,0,599618
araCp,0.09090909090909091,10,10,TGCCACACATGATTAGCTCT,0,563004
araCp,0.09090909090909091,10,10,TGCATGTGGCGTGTATTTAC,0,566570
araCp,0.09090909090909091,10,10,TGCAGCCCGATCACCGCCAT,0,582268
araCp,0.09090909090909091,10,10,TGCAATAACGGACCGCGTCA,0,567331
araCp,0.09090909090909091,10,10,TGCAAGCATCACAACTAGCA,0,540930
araCp,0.09090909090909091,10,10,TGATTAATAAACCGAGGTCT,0,558805
araCp,0.09090909090909091,10,10,TGATGGGTTACACAATCAAC,0,561893
araCp,0.09090909090909091,10,10,TGAGGTGAAACTATGTTCTT,0,597359
araCp,0.09090909090909091,10,10,TGAGGGAGCACCATAACTGA,0,594681
araCp,0.09090909090909091,10,10,TGAGGATATAATCACGATTG,0,598770
araCp,0.09090909090909091,10,10,TGAGCGCATGCAACACGTGA,0,590381
araCp,0.09090909090909091,10,10,TGAGAGATCTGTGTTAATGA,0,554518
araCp,0.09090909090909091,10,10,TGACTAGCCATGATTTTGAT,0,598476
araCp,0.09090909090909091,10,10,TGACGAAGGGTGCGCTCGTG,0,534801
araCp,0.09090909090909091,10,10,TGACCTTGGGAGCCGGATGT,0,577213
araCp,0.09090909090909091,10,10,TGACCGCCGCCGGAAGTCCA,0,546349
araCp,0.09090909090909091,10,10,TGAATATTCACAGCTCAATT,0,570140
araCp,0.09090909090909091,10,10,TGAAGTAGAGGTCCCCGGAT,0,579709
araCp,0.09090909090909091,10,10,TCTTTCACCAATAATGGAGC,0,530749
araCp,0.09090909090909091,10,10,TCTTGAATACTCGAGAGGCT,0,580028
araCp,0.09090909090909091,10,10,TCTGGCACATGGTAGCCATT,0,555298
araCp,0.09090909090909091,10,10,TCTGCAAGCGGAGGTTCAAC,0,586141
araCp,0.09090909090909091,10,10,TCTGAGCCATTTATTTTTGC,0,580912
araCp,0.09090909090909091,10,10,TCTCACGATGACGGCGTAGT,0,584557
araCp,0.09090909090909091,10,10,TCGTTCTAGACCAACACCCC,0,568287
araCp,0.09090909090909091,10,10,TCGTCTAACCGTAGATGGGT,0,533872
araCp,0.09090909090909091,10,10,TCGTATTTACCTGATACATT,0,554529
araCp,0.09090909090909091,10,10,TCGGTTCTGTTATTCTTAGT,0,537519
araCp,0.09090909090909091,10,10,TCGGTAGTAGCCGAGCGCCT,0,567800
araCp,0.09090909090909091,10,10,TCGGGACGCTAATGGTCGTA,0,539322
araCp,0.09090909090909091,10,10,TCGGCTCTGCTGCAAGTCCT,0,533526
araCp,0.09090909090909091,10,10,TCGAAGTCTGATACTGGTGT,0,596733
araCp,0.09090909090909091,10,10,TCCTGGCTATGAGCGACCGC,0,559884
araCp,0.09090909090909091,10,10,TCCTAAGTCTTGGACAACAA,0,573683
araCp,0.09090909090909091,10,10,TCCGGGAGGGTTACTTATAC,0,537573
araCp,0.09090909090909091,10,10,TCCGCTACACCATTACCTCG,0,552119
araCp,0.09090909090909091,10,10,TCCCGAGTAACATTTCATCC,0,566951
araCp,0.09090909090909091,10,10,TCCCCGGTCGCAGTATCCCA,0,595160
araCp,0.09090909090909091,10,10,TCCCCGCTTAAGTAAACCCG,0,578698
araCp,0.09090909090909091,10,10,TCCCAACGGTAGCCAACGGT,0,550934
araCp,0.09090909090909091,10,10,TCCATGCTGGTTCCCAGCGT,0,582304
araCp,0.09090909090909091,10,10,TCCAGCGGCTCTTCCCTCAT,0,575205
araCp,0.09090909090909091,10,10,TCCAGCAATGATTGATAGTT,0,564483
araCp,0.09090909090909091,10,10,TCCACAAAACAGTCCGGACC,0,586632
araCp,0.09090909090909091,10,10,TCATGGGTCAGTGATAGCAA,0,566817
araCp,0.09090909090909091,10,10,TCAGCTCGCACGGCACGCAC,0,541340
araCp,0.09090909090909091,10,10,TCAGAGTTAAGAGACTGTGT,0,546496
araCp,0.09090909090909091,10,10,TCACGCACACGGGTGAAGAA,0,537578
araCp,0.09090909090909091,10,10,TCAATTTGGGCTATCGTCTC,0,537043
araCp,0.09090909090909091,10,10,TCAATAAGCATCTCGGACTA,0,578986
araCp,0.09090909090909091,10,10,TCAACAACGAGCGATCCTAT,0,539882
araCp,0.09090909090909091,10,10,TCAAAGAAGTTGTAGTCTCC,0,545213
araCp,0.09090909090909091,10,10,TATTGAACCTGCCGGAGTTT,0,555227
araCp,0.09090909090909091,10,10,TATTCTGGCAACCTCGAACA,0,529246
araCp,0.09090909090909091,10,10,TATTATTTGCACAGGACTCA,0,538834
araCp,0.09090909090909091,10,10,TATTATCAGAAGGGCAAGGG,0,552964
araCp,0.09090909090909091,10,10,TATGGAGCACACAGGGTGGT,0,595450
araCp,0.09090909090909091,10,10,TATGCTATAACCTCTTGTGG,0,578800
araCp,0.09090909090909091,10,10,TATGAACGCTCGACCGAATC,0,555485
araCp,0.09090909090909091,10,10,TATCGCCTGCTGATTCCACA,0,534837
araCp,0.09090909090909091,10,10,TATCGAAAGATTCCGCCATT,0,575986
araCp,0.09090909090909091,10,10,TATCCGTGGAGATGCCCTCT,0,532158
araCp,0.09090909090909091,10,10,TATACATGGTCCAATAACTG,0,569174
araCp,0.09090909090909091,10,10,TAGGTCTTATCGAGTAAGCT,0,583130
araCp,0.09090909090909091,10,10,TAGGCAATTGCGGTATCTAA,0,540230
araCp,0.09090909090909091,10,10,TAGGACAGCCATTCGGCTTT,0,557234
araCp,0.09090909090909091,10,10,TAGCTGTTGGCGACCTGAGG,0,560130
araCp,0.09090909090909091,10,10,TAGCTGGCAAGTGTAGAATG,0,548158
araCp,0.09090909090909091,10,10,TAGCGACCTGCGGTAAAAGG,0,572728
araCp,0.09090909090909091,10,10,TAGCATCCTATAATGTGAAT,0,543322
araCp,0.09090909090909091,10,10,TAGAGACTCAAGTCTTGCAT,0,579062
araCp,0.09090909090909091,10,10,TAGACAGGCAATCGAGTCTA,0,547141
araCp,0.09090909090909091,10,10,TAGAAACCGGCTCATGGCGT,0,550559
araCp,0.09090909090909091,10,10,TACTTTAGCTCATGCGCAAG,0,593921
araCp,0.09090909090909091,10,10,TACTGGGCAATACGGCATTA,0,562824
araCp,0.09090909090909091,10,10,TACTGACACAAAGAACTGTT,0,562898
araCp,0.09090909090909091,10,10,TACTAGGGTCAGGAAAGACG,0,587072
araCp,0.09090909090909091,10,10,TACGTTAAACAAGTCTGACC,0,539048
araCp,0.09090909090909091,10,10,TACGGGCCGAACAAGATAGC,0,566622
araCp,0.09090909090909091,10,10,TACGCGCCTCGCCAATCATA,0,568858
araCp,0.09090909090909091,10,10,TACATCCAGTGCTATGCGGC,0,593861
araCp,0.09090909090909091,10,10,TACACCGCTCTCAAGCAACT,0,594966
araCp,0.09090909090909091,10,10,TACAACTTGTAGTTCACGTG,0,538143
araCp,0.09090909090909091,10,10,TAATTATCAAGCCAGTCAAG,0,597919
araCp,0.09090909090909091,10,10,TAATCCGCTCACGAGAGCCA,0,542705
araCp,0.09090909090909091,10,10,TAATCACGTGTCGTCGAACG,0,550818
araCp,0.09090909090909091,10,10,TAAGTGATGTGAGAGACTGG,0,580526
araCp,0.09090909090909091,10,10,TAAGTAGAAAAGTCCACTAG,0,526605
araCp,0.09090909090909091,10,10,TAAGCGCTGGAACCAGTCAA,0,579512
araCp,0.09090909090909091,10,10,TAAGCGATGGACCTCGGAAT,0,563615
araCp,0.09090909090909091,10,10,TAAGCCTAGTTGCCTTGAAC,0,561607
araCp,0.09090909090909091,10,10,TAAGCATCAGGTTTTGTATG,0,597989
araCp,0.09090909090909091,10,10,TAAGATGATCGCTCCTTTCT,0,554669
araCp,0.09090909090909091,10,10,TAACTGATAATCTCATTCCA,0,565800
araCp,0.09090909090909091,10,10,TAACTATGAATACTTGCGCC,0,559088
araCp,0.09090909090909091,10,10,TAACGGTGTCATAAGCGTTT,0,590726
araCp,0.09090909090909091,10,10,TAACGGATCGTCAGTTAGGG,0,580272
araCp,0.09090909090909091,10,10,TAACCCCGGGTCATCATAGA,0,537431
araCp,0.09090909090909091,10,10,TAAAGCGCGCAAAGTACGAC,0,576476
araCp,0.09090909090909091,10,10,TAAAAGTAGTGGTTACCGCG,0,570515
araCp,0.09090909090909091,10,10,GTTTCTTCATAATTATACTT,0,541373
araCp,0.09090909090909091,10,10,GTTGTACGGGGTATGCTCCA,0,539203
araCp,0.09090909090909091,10,10,GTTCGCGGCGATCACCCCCT,0,561129
araCp,0.09090909090909091,10,10,GTTACGCTCTCGGAGACAAC,0,538906
araCp,0.09090909090909091,10,10,GTTAATACGATTACTCGGAC,0,595535
araCp,0.09090909090909091,10,10,GTGTGATTTACAGACGATCC,0,575526
araCp,0.09090909090909091,10,10,GTGTAGGTTCTATGAAATCG,0,587446
araCp,0.09090909090909091,10,10,GTGGGTGATGACAGACGCAG,0,530056
araCp,0.09090909090909091,10,10,GTGGCCGCGCTTGGCACAGT,0,528080
araCp,0.09090909090909091,10,10,GTGGCACAGGTTAGGCGCTT,0,568371
araCp,0.09090909090909091,10,10,GTGGATCGCTGGTATGCCGC,0,535798
araCp,0.09090909090909091,10,10,GTGCTGGAGTCTCTGAGATC,0,554478
araCp,0.09090909090909091,10,10,GTGCTCCGTCTCCTTCCGAC,0,595216
araCp,0.09090909090909091,10,10,GTGCGTTCTCAAGTTAAGTT,0,580311
araCp,0.09090909090909091,10,10,GTGCGTTAAGTGTGTCAGTT,0,591113
araCp,0.09090909090909091,10,10,GTGATGTACGGATTGCTCAC,0,557820
araCp,0.09090909090909091,10,10,GTGAGGACAGTCAGAGCAGT,0,578899
araCp,0.09090909090909091,10,10,GTGACGCGGAACAGTTTGCT,0,539748
araCp,0.09090909090909091,10,10,GTGAAAGCACTAAGGGATGT,0,549867
araCp,0.09090909090909091,10,10,GTCGGAACACGGATGTGGCG,0,596780
araCp,0.09090909090909091,10,10,GTCGCCGGCGCAGTTCTGTA,0,579654
araCp,0.09090909090909091,10,10,GTCCGATGCGGGTGAAGTAG,0,541799
araCp,0.09090909090909091,10,10,GTCCATGATTAATGTGTACA,0,559987
araCp,0.09090909090909091,10,10,GTCATTTGAACAAAAAGTAT,0,535403
araCp,0.09090909090909091,10,10,GTCAGCATATAATTTAGCCC,0,555497
araCp,0.09090909090909091,10,10,GTATGGGACACTCCAAGGGT,0,550816
araCp,0.09090909090909091,10,10,GTATGATGTCAGATTCCCAT,0,543043
araCp,0.09090909090909091,10,10,GTATCGGCCATTGACACACA,0,587010
araCp,0.09090909090909091,10,10,GTATCGCCACACAGGCAGGT,0,558766
araCp,0.09090909090909091,10,10,GTATCATAGTTTAGTGGGAT,0,560193
araCp,0.09090909090909091,10,10,GTATACAGAATGAAGTTTTC,0,587494
araCp,0.09090909090909091,10,10,GTAGTTCACATTGGACCACA,0,525945
araCp,0.09090909090909091,10,10,GTACTGACATGTGCTTTGGC,0,586629
araCp,0.09090909090909091,10,10,GTACGAGACTGGGTCGTGGT,0,586205
araCp,0.09090909090909091,10,10,GTAAGAGCACGGTAGATAGT,0,548653
araCp,0.09090909090909091,10,10,GGTTGCGACTCGTATATTTT,0,560578
araCp,0.09090909090909091,10,10,GGTGGGCGTGGTTGTCCCGT,0,601123
araCp,0.09090909090909091,10,10,GGTCGTCATGACAGCTCTTC,0,557342
araCp,0.09090909090909091,10,10,GGTCCCACAGTGATAGTTAA,0,541363
araCp,0.09090909090909091,10,10,GGTATGTATCATTGTAAGGA,0,598177
araCp,0.09090909090909091,10,10,GGTAGGCATAAACGGTGAAC,0,581582
araCp,0.09090909090909091,10,10,GGTAGGAACCCGGATGGCCA,0,584419
araCp,0.09090909090909091,10,10,GGTACGATTTTCCTGACTAA,0,539000
araCp,0.09090909090909091,10,10,GGTAACCTCGCTTATGTCTA,0,581173
araCp,0.09090909090909091,10,10,GGTAAATACTGCCTGATCCA,0,571788
araCp,0.09090909090909091,10,10,GGGTGCCAACCTAGTGGACT,0,559599
araCp,0.09090909090909091,10,10,GGGTCTCCCAAGTGCGGCCT,0,592189
araCp,0.09090909090909091,10,10,GGGTCGTCGGATGACAACCG,0,547447
araCp,0.09090909090909091,10,10,GGGGTCATTTCGAGCCGCTT,0,554326
araCp,0.09090909090909091,10,10,GGGGCGATGTTGCAAAAACT,0,539954
araCp,0.09090909090909091,10,10,GGGGAACCTTTACGAGAATG,0,587932
araCp,0.09090909090909091,10,10,GGGCTCCATAACCATGGTAA,0,591025
araCp,0.09090909090909091,10,10,GGGCTAAACTCGACTTTTTC,0,549080
araCp,0.09090909090909091,10,10,GGGCGTATGGGGCAAAGAAA,0,529021
araCp,0.09090909090909091,10,10,GGGCAGTAACTCCATTCCGT,0,602151
araCp,0.09090909090909091,10,10,GGGCAACGGCCGGGAAATCT,0,579065
araCp,0.09090909090909091,10,10,GGCTGTCGTGATTTCGGCCC,0,535007
araCp,0.09090909090909091,10,10,GGCCATGGACCTTCGGTGTA,0,590760
araCp,0.09090909090909091,10,10,GGCCAAGTGTAGTGTTTGAG,0,546264
araCp,0.09090909090909091,10,10,GGCATCCGACTAGCACATTC,0,586640
araCp,0.09090909090909091,10,10,GGCATAATAATACGAGGTTT,0,564860
araCp,0.09090909090909091,10,10,GGATTTCGGATCCAATATGA,0,593968
araCp,0.09090909090909091,10,10,GGAGGTAAAACCATTATCAG,0,527518
araCp,0.09090909090909091,10,10,GGAGCTAACTTAGCGGCCAT,0,583952
araCp,0.09090909090909091,10,10,GGAGACCTATCGAAGGTAAA,0,563656
araCp,0.09090909090909091,10,10,GGAATTTCGGCCGAGCTTAG,0,594232
araCp,0.09090909090909091,10,10,GGAACGAACTTGTGTAGTGA,0,562727
araCp,0.09090909090909091,10,10,GGAAAAGGCGCATCCTGATT,0,542682
araCp,0.09090909090909091,10,10,GCTTTGGTAAAGAGTGAGAC,0,586546
araCp,0.09090909090909091,10,10,GCTTCCCATAGCTAGGGCGG,0,533406
araCp,0.09090909090909091,10,10,GCTTAATGTTAAACATAGCC,0,548405
araCp,0.09090909090909091,10,10,GCTGTGTTACCCAAGTACGC,0,573819
araCp,0.09090909090909091,10,10,GCTGGACATATCTTTATCTA,0,587087
araCp,0.09090909090909091,10,10,GCTGCTTCTTGATGCTAGTA,0,558109
araCp,0.09090909090909091,10,10,GCTCTATCTACAGATGCACG,0,556019
araCp,0.09090909090909091,10,10,GCTCCGTTTCGCTGGTAGCC,0,533448
araCp,0.09090909090909091,10,10,GCTCCGTCAGAAGTACCCGG,0,584930
araCp,0.09090909090909091,10,10,GCTCAGTCAGGATCTGGAAA,0,541779
araCp,0.09090909090909091,10,10,GCTAGGTATGAAGGCTGGAA,0,582058
araCp,0.09090909090909091,10,10,GCTAATAGCCGCTCGGCTAG,0,538647
araCp,0.09090909090909091,10,10,GCGTTATTTGGGTACTATCA,0,536040
araCp,0.09090909090909091,10,10,GCGTTATTGAACCATTGCAA,0,564957
araCp,0.09090909090909091,10,10,GCGTCAACCCGTTCGCTTTT,0,590573
araCp,0.09090909090909091,10,10,GCGTATTGACAAGCTAACTC,0,529131
araCp,0.09090909090909091,10,10,GCGGTGCCAATGAGCCTAGG,0,598798
araCp,0.09090909090909091,10,10,GCGGTAATTGCCACGCACCA,0,599087
araCp,0.09090909090909091,10,10,GCGCTTGTTACGGGGTAAAG,0,578767
araCp,0.09090909090909091,10,10,GCGCGTGATTGTTCACCTTG,0,528069
araCp,0.09090909090909091,10,10,GCGCGGTACCATTGGCCGAG,0,585941
araCp,0.09090909090909091,10,10,GCGCACGAGCCGGCACTACC,0,542255
araCp,0.09090909090909091,10,10,GCGCACACATTACCTGAGTA,0,583927
araCp,0.09090909090909091,10,10,GCGATCCAACTTTGACTAAC,0,582927
araCp,0.09090909090909091,10,10,GCGATCATGCATTATCACGG,0,578137
araCp,0.09090909090909091,10,10,GCGACCTCGCCCGGTTTGGT,0,593604
araCp,0.09090909090909091,10,10,GCGAAGGTAGCTTTCAAGTG,0,550123
araCp,0.09090909090909091,10,10,GCGAACCAGATGGGTACTGG,0,570100
araCp,0.09090909090909091,10,10,GCCTCGCAAGTACTTGGGTG,0,563674
araCp,0.09090909090909091,10,10,GCCTATCCTTGCGTACTACG,0,556212
araCp,0.09090909090909091,10,10,GCCGTGGCATTTATGTCTCT,0,591654
araCp,0.09090909090909091,10,10,GCCGACAAAAGTATCCATGA,0,597883
araCp,0.09090909090909091,10,10,GCCCGTCTGTTTGCCTCAGA,0,534025
araCp,0.09090909090909091,10,10,GCCCCCCCTAGGGTTTCAAC,0,534233
araCp,0.09090909090909091,10,10,GCCCATCAATGGTCCTCCAT,0,598569
araCp,0.09090909090909091,10,10,GCATCTACTTGCATCACACG,0,533461
araCp,0.09090909090909091,10,10,GCATCCCCGAAATTTTCGGG,0,547479
araCp,0.09090909090909091,10,10,GCATATATTTGCGACAATCA,0,592626
araCp,0.09090909090909091,10,10,GCATACCCGGGCAACATGCC,0,584841
araCp,0.09090909090909091,10,10,GCAGCATTTTGGTGCAGTCC,0,530334
araCp,0.09090909090909091,10,10,GCACGGCGAGGACCCGAGGC,0,533127
araCp,0.09090909090909091,10,10,GCACACCATCGGCGTGGCGC,0,575248
araCp,0.09090909090909091,10,10,GCAAGCGGCTGCTACATAAC,0,592391
araCp,0.09090909090909091,10,10,GCAAGCAGGGAACCGCGCCA,0,601918
araCp,0.09090909090909091,10,10,GCAACCTCGATGGCAAGAGT,0,562412
araCp,0.09090909090909091,10,10,GATGTGATGCTTCCCCGACT,0,541132
araCp,0.09090909090909091,10,10,GATGGGATGCTTTGGCGGCA,0,535846
araCp,0.09090909090909091,10,10,GATCTTCTTCGTCTAAATTG,0,552456
araCp,0.09090909090909091,10,10,GATCATACCCAGGTTAATAT,0,560447
araCp,0.09090909090909091,10,10,GATATGAGACGCGGGCGATA,0,559306
araCp,0.09090909090909091,10,10,GATAGGCAATTACGCGGTGT,0,528715
araCp,0.09090909090909091,10,10,GATAGATATGGCTTGTCATG,0,542784
araCp,0.09090909090909091,10,10,GATAAGGAATGGGGGACCAT,0,542224
araCp,0.09090909090909091,10,10,GAGTGCACGTCCCGCCGATC,0,539654
araCp,0.09090909090909091,10,10,GAGTCGGCGTGCGTAGGTAG,0,532273
araCp,0.09090909090909091,10,10,GAGTCCTTTACTGGCAAATG,0,566658
araCp,0.09090909090909091,10,10,GAGTAGAGAGTGACGCTTGT,0,578340
araCp,0.09090909090909091,10,10,GAGGTAACGCTCAAACTTAA,0,591408
araCp,0.09090909090909091,10,10,GAGGGGTTCAGGGTACCGGA,0,551592
araCp,0.09090909090909091,10,10,GAGGAGAGTAAACGCAACGA,0,535869
araCp,0.09090909090909091,10,10,GAGCTCCCTCTGATTGGAGC,0,557714
araCp,0.09090909090909091,10,10,GAGCGGCGGTATTCGTGCCT,0,593796
araCp,0.09090909090909091,10,10,GAGCAGTTTCATGTGAGCTG,0,560623
araCp,0.09090909090909091,10,10,GAGAAGCACGCCATGCTACA,0,597137
araCp,0.09090909090909091,10,10,GACTTTGACTGTTAAGGATG,0,591231
araCp,0.09090909090909091,10,10,GACTTGTCTGCGTACCTAGT,0,589373
araCp,0.09090909090909091,10,10,GACTGTTTAACTAGAGTTTA,0,596298
araCp,0.09090909090909091,10,10,GACGTGGTCGAGCCCCCAAC,0,526905
araCp,0.09090909090909091,10,10,GACGGGTGCAACTGCGTGAA,0,584316
araCp,0.09090909090909091,10,10,GACCTGTGGGTGAGATCGTC,0,545442
araCp,0.09090909090909091,10,10,GACCTGAAGACGGCCCAGGG,0,587774
araCp,0.09090909090909091,10,10,GACCTCCCCCGCAACAGGAT,0,599792
araCp,0.09090909090909091,10,10,GACCGAAGCCGATGTGGTGC,0,534320
araCp,0.09090909090909091,10,10,GACCAAGATCTGCGGATCAA,0,564294
araCp,0.09090909090909091,10,10,GACAGTTATGTTTCCAGGGT,0,583910
araCp,0.09090909090909091,10,10,GACAGGGTAGAGGGGGAGGA,0,571380
araCp,0.09090909090909091,10,10,GACACGATGCCTGAAACCCG,0,558591
araCp,0.09090909090909091,10,10,GACACCCGTGAACACTTTTT,0,564036
araCp,0.09090909090909091,10,10,GAAGTTGACGTGAGGGATTA,0,574272
araCp,0.09090909090909091,10,10,GAAGTGGGTACGAGGAATCA,0,597884
araCp,0.09090909090909091,10,10,GAAGGGTTCCGAAACTCAAC,0,529572
araCp,0.09090909090909091,10,10,GAAGACTACCGTCTCCGCAT,0,558777
araCp,0.09090909090909091,10,10,GAACTTTCTTTGAAACGTAG,0,567619
araCp,0.09090909090909091,10,10,GAACGTGCTGGGGCTACATT,0,585923
araCp,0.09090909090909091,10,10,GAAATGTCTTTGGTTAGTTA,0,587842
araCp,0.09090909090909091,10,10,GAAATCGTTTCCGCGGCGTT,0,594304
araCp,0.09090909090909091,10,10,GAAAGTGATCCTGAAATGTA,0,546534
araCp,0.09090909090909091,10,10,GAAACTCATATTTAAGAGTT,0,591324
araCp,0.09090909090909091,10,10,GAAAACAGAACTTGTCTTTT,0,589155
araCp,0.09090909090909091,10,10,CTTTGCTTACTTAGGCGGAT,0,556121
araCp,0.09090909090909091,10,10,CTTGCTAACCTTCCAGTAGT,0,531693
araCp,0.09090909090909091,10,10,CTTGCCGCAAGCAACAAGGC,0,560870
araCp,0.09090909090909091,10,10,CTTCGTATACAGTCGAATGG,0,563350
araCp,0.09090909090909091,10,10,CTTCACTCCCTGCAGTCGGC,0,580588
araCp,0.09090909090909091,10,10,CTTACTTACTTGACAGCCAG,0,564136
araCp,0.09090909090909091,10,10,CTTAACTGAATCTCCGATTG,0,592016
araCp,0.09090909090909091,10,10,CTGTTTAAAGGGTCACACCA,0,558519
araCp,0.09090909090909091,10,10,CTGTCCGTACCTCGTATTCT,0,532306
araCp,0.09090909090909091,10,10,CTGTACCGTCAGATTGTTTT,0,527328
araCp,0.09090909090909091,10,10,CTGTAAAAAGTCCTCTCTGG,0,574833
araCp,0.09090909090909091,10,10,CTGGTGGATCAAGTTATCAG,0,577369
araCp,0.09090909090909091,10,10,CTGGGCATCGCAGGGAGCAT,0,567558
araCp,0.09090909090909091,10,10,CTGGGACTGCATATTCTCGC,0,567077
araCp,0.09090909090909091,10,10,CTGGCATGATACGCTACACA,0,536845
araCp,0.09090909090909091,10,10,CTGGAAATTGCCCCGTGGTC,0,558176
araCp,0.09090909090909091,10,10,CTGCCGATTCATACCTTAGC,0,562610
araCp,0.09090909090909091,10,10,CTGATGAGGGGACATCCAAA,0,557712
araCp,0.09090909090909091,10,10,CTGATACACTAACAGGTTTC,0,588510
araCp,0.09090909090909091,10,10,CTGAGTTAGTACATGAGAAG,0,544055
araCp,0.09090909090909091,10,10,CTGACAAGCGATAATCCATA,0,547368
araCp,0.09090909090909091,10,10,CTGAACGTCAAATCACTGTG,0,552320
araCp,0.09090909090909091,10,10,CTGAAATTTCTTATAGTTCA,0,542633
araCp,0.09090909090909091,10,10,CTGAAAAGTATTGTTGTAAG,0,573152
araCp,0.09090909090909091,10,10,CTCTGAAAGGAAATAGGCCT,0,592190
araCp,0.09090909090909091,10,10,CTCTAGCGACTATATAGGCT,0,559383
araCp,0.09090909090909091,10,10,CTCGTTAAGAGAATCCTGAC,0,591711
araCp,0.09090909090909091,10,10,CTCGCACCTTCGATGTATCA,0,549106
araCp,0.09090909090909091,10,10,CTCCTAAATTGGAAGCCCTA,0,579635
araCp,0.09090909090909091,10,10,CTCCGACTCGGGGTATTCAG,0,594479
araCp,0.09090909090909091,10,10,CTCATAGTTGTTGCTTCGGC,0,587342
araCp,0.09090909090909091,10,10,CTCAGGCACGATTTACCCCT,0,547724
araCp,0.09090909090909091,10,10,CTCAAGATGTCAGCCCCCTG,0,534474
araCp,0.09090909090909091,10,10,CTATTAGAGTCAGTACTGTC,0,578267
araCp,0.09090909090909091,10,10,CTATTAGACCTCTACGAGAC,0,560453
araCp,0.09090909090909091,10,10,CTATCCTTCTTTAACGAACT,0,526620
araCp,0.09090909090909091,10,10,CTATAGAAGTTAGTACTGAT,0,589606
araCp,0.09090909090909091,10,10,CTAGGTTACGTGGTATGTAT,0,576712
araCp,0.09090909090909091,10,10,CTAGGTGCCCACGGTTTTGC,0,553186
araCp,0.09090909090909091,10,10,CTACGAGCCCGAGCTGACGG,0,589990
araCp,0.09090909090909091,10,10,CTACCGTCAGTACCGGTCTT,0,582659
araCp,0.09090909090909091,10,10,CTACAGTAAGACATTCACGC,0,600896
araCp,0.09090909090909091,10,10,CTAATGGTACAGTGCCTAAA,0,570368
araCp,0.09090909090909091,10,10,CTAATCTAGACTGTAGTTAA,0,537142
araCp,0.09090909090909091,10,10,CTAATCCTGGCGCGCGACAT,0,526745
araCp,0.09090909090909091,10,10,CTAAGGGTCAAAAATACGAT,0,589045
araCp,0.09090909090909091,10,10,CTAACATACAGTATAATGCA,0,550039
araCp,0.09090909090909091,10,10,CTAAAGTGGCGTACACGCCT,0,576994
araCp,0.09090909090909091,10,10,CTAAAGGCCGTAATGTCACA,0,551334
araCp,0.09090909090909091,10,10,CGTTTCCGGCAGCGGCGCGG,0,581655
araCp,0.09090909090909091,10,10,CGTTTATCGCCATGAAAATG,0,598431
araCp,0.09090909090909091,10,10,CGTTTACTCTAAGGTGGTGA,0,571429
araCp,0.09090909090909091,10,10,CGTTCGGTCAAGGACGATAT,0,560397
araCp,0.09090909090909091,10,10,CGTTCACGAGTCACTCCGCA,0,567624
araCp,0.09090909090909091,10,10,CGTGGTCCTGAAAAGCGGTG,0,556353
araCp,0.09090909090909091,10,10,CGTGGGAGGCGCTAGGTAGA,0,546136
araCp,0.09090909090909091,10,10,CGTGCATACAATGGTCCTAT,0,580136
araCp,0.09090909090909091,10,10,CGTGCAGATAGATGAGACTA,0,542777
araCp,0.09090909090909091,10,10,CGTCTCAGTAGTCCGATTAC,0,569466
araCp,0.09090909090909091,10,10,CGTCGTGCGGACTCTTGACC,0,544621
araCp,0.09090909090909091,10,10,CGTCCGGGACCTAGGGACAG,0,597816
araCp,0.09090909090909091,10,10,CGTCACGCCATGAAGGGCCT,0,565619
araCp,0.09090909090909091,10,10,CGTATGTCGTAGGATGCGCC,0,539528
araCp,0.09090909090909091,10,10,CGTAGATTCATAGGCATCAT,0,589795
araCp,0.09090909090909091,10,10,CGTACGGATCGTCAGCTTTC,0,576130
araCp,0.09090909090909091,10,10,CGTACAAGGTAACCTAGGCA,0,565418
araCp,0.09090909090909091,10,10,CGGTTGTGTTTAGATTGAAG,0,552443
araCp,0.09090909090909091,10,10,CGGTTGAAACGATGCGTTTG,0,546197
araCp,0.09090909090909091,10,10,CGGTCCTGGATACCGAGCCT,0,563312
araCp,0.09090909090909091,10,10,CGGTCAGCTCTTTTCAAGGC,0,586251
araCp,0.09090909090909091,10,10,CGGGTTCGTGGTGGGCTAGA,0,600484
araCp,0.09090909090909091,10,10,CGGGTGGTTAACGGCCTAGT,0,582443
araCp,0.09090909090909091,10,10,CGGGTCTTTTTTGTGGTTCG,0,531819
araCp,0.09090909090909091,10,10,CGGGGTATGATCGGGACTCG,0,545068
araCp,0.09090909090909091,10,10,CGGGGAATATGTGGCACGCC,0,570370
araCp,0.09090909090909091,10,10,CGGGATGTTTCTGATGGTGT,0,556120
araCp,0.09090909090909091,10,10,CGGCGTTCCGTAATCGTTAT,0,572180
araCp,0.09090909090909091,10,10,CGGCGTGTCCGATACACAAT,0,576401
araCp,0.09090909090909091,10,10,CGGCCTGCGAAGTGCCGGGT,0,542253
araCp,0.09090909090909091,10,10,CGGCCTCCGTACTCTTGCGA,0,552084
araCp,0.09090909090909091,10,10,CGGCAGATACGTATACTCAT,0,592997
araCp,0.09090909090909091,10,10,CGCTGCGTACACACAAGGTG,0,553622
araCp,0.09090909090909091,10,10,CGCTGCACGAAGGGGCCGGA,0,556516
araCp,0.09090909090909091,10,10,CGCTCGCAATCGGTACGTCA,0,539996
araCp,0.09090909090909091,10,10,CGCGTCAGGCGTGTGGCCTA,0,555469
araCp,0.09090909090909091,10,10,CGCGCGCAGTGTGCCAGTCT,0,586271
araCp,0.09090909090909091,10,10,CGCGCCCCGCACGAAAGAGG,0,579771
araCp,0.09090909090909091,10,10,CGCGAATGTCCGGTTTTCTC,0,552241
araCp,0.09090909090909091,10,10,CGCCTGAAAGACTGGACACT,0,532660
araCp,0.09090909090909091,10,10,CGCCGACATTGGGTACCTAT,0,568821
araCp,0.09090909090909091,10,10,CGCATTGCTACCGGACGTCA,0,598792
araCp,0.09090909090909091,10,10,CGCATCGTAAATCCATTTGC,0,553894
araCp,0.09090909090909091,10,10,CGCAGGTTGCAAATCTGACT,0,573714
araCp,0.09090909090909091,10,10,CGCACTGTTGTTTTAGCAGC,0,591806
araCp,0.09090909090909091,10,10,CGCACCCTCGGAGCTTAAGC,0,539073
araCp,0.09090909090909091,10,10,CGATGGACCTAACAGCGAAT,0,554777
araCp,0.09090909090909091,10,10,CGATACATTTGATTCCGCGC,0,541093
araCp,0.09090909090909091,10,10,CGATAACGTGGTGATTCTGA,0,554103
araCp,0.09090909090909091,10,10,CGAGTATAGAAGATTTGTGA,0,579307
araCp,0.09090909090909091,10,10,CGAGGTCTTATCGAACCGGG,0,602625
araCp,0.09090909090909091,10,10,CGAGGCCAGAGGATAGCAAA,0,563613
araCp,0.09090909090909091,10,10,CGAGATCCTGTGACCAAACG,0,576498
araCp,0.09090909090909091,10,10,CGACGAGGATGGGATAGAGG,0,561449
araCp,0.09090909090909091,10,10,CGACCTCAGGATCAGCATGT,0,582255
araCp,0.09090909090909091,10,10,CGAATATGAGCTTCCTCTGA,0,570224
araCp,0.09090909090909091,10,10,CGAATATCAGGGCAACAAAT,0,591233
araCp,0.09090909090909091,10,10,CCTTTTATGCGTAGTGGGCT,0,602508
araCp,0.09090909090909091,10,10,CCTTAGGAACATGTTCTCGT,0,577713
araCp,0.09090909090909091,10,10,CCTGTGTATGTGTTAGGAAC,0,567063
araCp,0.09090909090909091,10,10,CCTGGCGGCCAGGCGAGTCC,0,544066
araCp,0.09090909090909091,10,10,CCTGCCACGATACAATACAA,0,597404
araCp,0.09090909090909091,10,10,CCTCGCGCGTTCATGTCGTA,0,556897
araCp,0.09090909090909091,10,10,CCTCCTAGTTGGGTAACCCC,0,536961
araCp,0.09090909090909091,10,10,CCTACTATCGGGATTCTGCG,0,537334
araCp,0.09090909090909091,10,10,CCGTGTGCTCTTTCAGGCCA,0,578533
araCp,0.09090909090909091,10,10,CCGTGACCCGACTTTGGTCA,0,582397
araCp,0.09090909090909091,10,10,CCGTCTATCAACGTCATGGG,0,542116
araCp,0.09090909090909091,10,10,CCGTCCTATTGCGAATCACT,0,531287
araCp,0.09090909090909091,10,10,CCGTCCGGTCTAAGTGCAAT,0,578421
araCp,0.09090909090909091,10,10,CCGTATTGACGTCATGTCGA,0,562413
araCp,0.09090909090909091,10,10,CCGGTCTACGCCAGTTGGCC,0,575538
araCp,0.09090909090909091,10,10,CCGGGTCGGACGAATCTAGG,0,556119
araCp,0.09090909090909091,10,10,CCGGGGGATCATGCTTTCTT,0,533895
araCp,0.09090909090909091,10,10,CCGGCGCCTGGAAGCTTGAA,0,596231
araCp,0.09090909090909091,10,10,CCGGAGATTGAGACCGAAGC,0,578660
araCp,0.09090909090909091,10,10,CCGCGTGGTCCGAGTCTTTC,0,584100
araCp,0.09090909090909091,10,10,CCGCCATTTGTTCCTGGCAT,0,546685
araCp,0.09090909090909091,10,10,CCGCATCTCCTATGGGGGTA,0,600743
araCp,0.09090909090909091,10,10,CCGAGTTTAAAACAGTAAAA,0,547745
araCp,0.09090909090909091,10,10,CCGACCTAGGCCCTTGACAG,0,534157
araCp,0.09090909090909091,10,10,CCCTTTTTGATCTGTCTTGT,0,592601
araCp,0.09090909090909091,10,10,CCCTTATATCCCCATATGGT,0,566972
araCp,0.09090909090909091,10,10,CCCTGTATATCTCAGTAAGC,0,542150
araCp,0.09090909090909091,10,10,CCCTAGGATCGATCGCTCCT,0,550507
araCp,0.09090909090909091,10,10,CCCTACCCGGGCCACAGCGT,0,561039
araCp,0.09090909090909091,10,10,CCCGTTGATGGACGATGTGT,0,528617
araCp,0.09090909090909091,10,10,CCCGTTCCATTATGGTGTAG,0,569708
araCp,0.09090909090909091,10,10,CCCGTTAGAGCTACAGCAAA,0,575716
araCp,0.09090909090909091,10,10,CCCGTCTCTCACTATGCCTG,0,526074
araCp,0.09090909090909091,10,10,CCCGTCGTTTCCTGTGCCCA,0,538538
araCp,0.09090909090909091,10,10,CCCGTATGTGTGACCCTAGC,0,587597
araCp,0.09090909090909091,10,10,CCCGCGGACCGCATGGATAC,0,586793
araCp,0.09090909090909091,10,10,CCATGGGAGACTGAATAGGT,0,528716
araCp,0.09090909090909091,10,10,CCATGCATGAACTATCTCGG,0,537738
araCp,0.09090909090909091,10,10,CCATCTGAGCAAGGTACATG,0,590104
araCp,0.09090909090909091,10,10,CCAGGGGCAACCGCGTCACT,0,559889
araCp,0.09090909090909091,10,10,CCAGGCCACATTGCGACGGT,0,550195
araCp,0.09090909090909091,10,10,CCAGCATGCATCGCCGGTAA,0,557337
araCp,0.09090909090909091,10,10,CCAGAGGCCTAACAACTTCC,0,533334
araCp,0.09090909090909091,10,10,CCACATGCCCGATTCGTAAC,0,549678
araCp,0.09090909090909091,10,10,CCACAGAAGCTTTGGTGCTC,0,576194
araCp,0.09090909090909091,10,10,CCAAGAGATGCATAGTCAAC,0,572866
araCp,0.09090909090909091,10,10,CCAACAGGCCCGATTGCCCG,0,563727
araCp,0.09090909090909091,10,10,CCAAAGGGGGAATTTAGGTT,0,545073
araCp,0.09090909090909091,10,10,CATTCCTAGTGGAACCAACA,0,531080
araCp,0.09090909090909091,10,10,CATTACGAAAAGATTTTTGG,0,543814
araCp,0.09090909090909091,10,10,CATGCAAGTAAGTCTAGTTT,0,536794
araCp,0.09090909090909091,10,10,CATGAGGTCTCGGGGTTTAC,0,567410
araCp,0.09090909090909091,10,10,CATCGTTTTTACCACACGGT,0,553762
araCp,0.09090909090909091,10,10,CATCAGGGGGCGCCAATCCC,0,545212
araCp,0.09090909090909091,10,10,CATCAGGCTCAGAGACGGTC,0,531972
araCp,0.09090909090909091,10,10,CATATGCGGAATTGCCTGTA,0,590733
araCp,0.09090909090909091,10,10,CAGTACGTTGACTGATCATG,0,569214
araCp,0.09090909090909091,10,10,CAGGTGCGGAACTGCCTATC,0,537101
araCp,0.09090909090909091,10,10,CAGGCTTGGAGGAGACGACT,0,560533
araCp,0.09090909090909091,10,10,CAGGAAGGGGTAGCTACCGT,0,529526
araCp,0.09090909090909091,10,10,CAGCTAGTCGGCTTACTGTC,0,528743
araCp,0.09090909090909091,10,10,CAGCGTCTCACAATGTCGGC,0,558614
araCp,0.09090909090909091,10,10,CAGCGGACGGACGGCCAGAT,0,536928
araCp,0.09090909090909091,10,10,CAGCGCGGCGACCCAAGCGT,0,525888
araCp,0.09090909090909091,10,10,CAGCATGGACGTCTCCGACA,0,597921
araCp,0.09090909090909091,10,10,CAGAAGGTTTAACCTATCAT,0,547903
araCp,0.09090909090909091,10,10,CACTTGGGACTATGTCGCTA,0,544553
araCp,0.09090909090909091,10,10,CACTGGACGAATTGGCTGGT,0,564276
araCp,0.09090909090909091,10,10,CACTCGTAAACCCCCATTGA,0,563495
araCp,0.09090909090909091,10,10,CACGATGGCCGGTTTGCCGG,0,566051
araCp,0.09090909090909091,10,10,CACCTTCACGATAACCACTA,0,528928
araCp,0.09090909090909091,10,10,CACCTAAAGTAGACCATACC,0,558803
araCp,0.09090909090909091,10,10,CACCGGAAACGTTCATCGAC,0,558371
araCp,0.09090909090909091,10,10,CACCCGACTGTAATGACGCA,0,576575
araCp,0.09090909090909091,10,10,CACAGGCTGCAGCCAATCAA,0,589118
araCp,0.09090909090909091,10,10,CAATTGGGTGAAAGTCATTT,0,584776
araCp,0.09090909090909091,10,10,CAATGTCACGTCCGGGTCGG,0,584469
araCp,0.09090909090909091,10,10,CAATCGCTCCCCTGAGTTGA,0,526560
araCp,0.09090909090909091,10,10,CAAGTTCACGTTGTGATTCT,0,529608
araCp,0.09090909090909091,10,10,CAAGGGTCATTGCATAGGCG,0,568695
araCp,0.09090909090909091,10,10,CAAGGCTAGACCACCTATCT,0,556361
araCp,0.09090909090909091,10,10,CAACTTAACATTCTTTCTCT,0,587499
araCp,0.09090909090909091,10,10,CAACTCTCAGTTGTGCTTCA,0,555369
araCp,0.09090909090909091,10,10,CAACGATCACATGGTGGGCA,0,592002
araCp,0.09090909090909091,10,10,CAACAGGGGTAATGCTGCAG,0,590846
araCp,0.09090909090909091,10,10,CAAAGATGAGGATATACCTA,0,570609
araCp,0.09090909090909091,10,10,CAAACTCGCAAACCTATGGA,0,554889
araCp,0.09090909090909091,10,10,CAAACTATGCACGACAGTTC,0,591343
araCp,0.09090909090909091,10,10,CAAAAAATAGGGCTATAGGT,0,593203
araCp,0.09090909090909091,10,10,ATTTTTTAAAATGAGCGTCT,0,558586
araCp,0.09090909090909091,10,10,ATTGTGATGGTACGGCTGTC,0,526270
araCp,0.09090909090909091,10,10,ATTGATTAACAGGCCTCTCG,0,602068
araCp,0.09090909090909091,10,10,ATTGAAAAATATGAGACTCG,0,546779
araCp,0.09090909090909091,10,10,ATTCTAAGGAAGCAGGCTGT,0,574542
araCp,0.09090909090909091,10,10,ATTCGTTTGTGTCATGGGAT,0,551166
araCp,0.09090909090909091,10,10,ATTCGCGATGAAGTCTCAAT,0,542370
araCp,0.09090909090909091,10,10,ATTCCATCGGAAGCGCAGTG,0,589380
araCp,0.09090909090909091,10,10,ATTATTAAGCGGTATGCTTT,0,595558
araCp,0.09090909090909091,10,10,ATTAATCCCAGCTTCTAGAT,0,560280
araCp,0.09090909090909091,10,10,ATGTTCCGGTCGAAAATCGC,0,570010
araCp,0.09090909090909091,10,10,ATGTTAAGAGATGTCGATAA,0,560399
araCp,0.09090909090909091,10,10,ATGTTAACGCTGGTTGTAAG,0,578380
araCp,0.09090909090909091,10,10,ATGTCATTCACTAACTGCTG,0,577933
araCp,0.09090909090909091,10,10,ATGGGTTATAGTCTGCCGGA,0,585620
araCp,0.09090909090909091,10,10,ATGGGTCGGCTCATCTAATC,0,573487
araCp,0.09090909090909091,10,10,ATGGGGGTCCGCGCTCAAGA,0,598166
araCp,0.09090909090909091,10,10,ATGGGATCAGGAATGCCCGT,0,599180
araCp,0.09090909090909091,10,10,ATGGAGGTCGCCCGCGTCTC,0,594797
araCp,0.09090909090909091,10,10,ATGGACACAATAGCCATCCA,0,596363
araCp,0.09090909090909091,10,10,ATGGAAGTGCGGTCTGGTGC,0,549661
araCp,0.09090909090909091,10,10,ATGCAGTACAAGGACTACAC,0,585012
araCp,0.09090909090909091,10,10,ATGATGTATGGATACCCACA,0,558689
araCp,0.09090909090909091,10,10,ATGATGGACAGCGACGATTG,0,575126
araCp,0.09090909090909091,10,10,ATGATATGCCGATATCGGGG,0,561771
araCp,0.09090909090909091,10,10,ATGAAGCGGTTGCGATCGAC,0,539664
araCp,0.09090909090909091,10,10,ATCTTGATGCAAAACTGGTA,0,528878
araCp,0.09090909090909091,10,10,ATCTCAGGCATTAGCAGTGT,0,532609
araCp,0.09090909090909091,10,10,ATCGGGCAGTAGTACCGAGT,0,600852
araCp,0.09090909090909091,10,10,ATCGCCGGGATCTGGCCTCG,0,603050
araCp,0.09090909090909091,10,10,ATCGCATAGAATCTCTCGAT,0,589024
araCp,0.09090909090909091,10,10,ATCGCACCTTACATTATGGC,0,531010
araCp,0.09090909090909091,10,10,ATCCGAGGGGCTTTGGCCCT,0,566966
araCp,0.09090909090909091,10,10,ATCCAGGGTCCGGACCCGTA,0,543169
araCp,0.09090909090909091,10,10,ATCCACGGCCATCAAGAGGT,0,560656
araCp,0.09090909090909091,10,10,ATCAGGCATTCGTGTCTAGA,0,577107
araCp,0.09090909090909091,10,10,ATCAGATTTGATACGATAGT,0,596680
araCp,0.09090909090909091,10,10,ATCACTCTTCTCTTGGGAAG,0,603145
araCp,0.09090909090909091,10,10,ATATTACTTCGGTGCGTAAT,0,555863
araCp,0.09090909090909091,10,10,ATATCCTTTATCCCACTCTG,0,530095
araCp,0.09090909090909091,10,10,ATATCCCCAGGGAGTCTCCA,0,560654
araCp,0.09090909090909091,10,10,ATAGTGGAGTCACGTACGTT,0,572813
araCp,0.09090909090909091,10,10,ATAGTCAAGTGCTAGGGATC,0,540948
araCp,0.09090909090909091,10,10,ATAGGCGCCGCCCTATGAAT,0,529559
araCp,0.09090909090909091,10,10,ATACATACGCGTAATCATTT,0,593780
araCp,0.09090909090909091,10,10,ATAATCGCAGTACGCAGAAT,0,536166
araCp,0.09090909090909091,10,10,ATAACGGTATTCTAATTTGA,0,593679
araCp,0.09090909090909091,10,10,ATAACATATGGTGAACTGCT,0,556458
araCp,0.09090909090909091,10,10,ATAAAACCGATGCATTGTAT,0,567940
araCp,0.09090909090909091,10,10,AGTTACGCAACGGGCAAAAA,0,587350
araCp,0.09090909090909091,10,10,AGTGAGCCAGTACGAAGGGA,0,546060
araCp,0.09090909090909091,10,10,AGTGACAACGCATCGGCTTG,0,536616
araCp,0.09090909090909091,10,10,AGTGAACAGGGATTCTCCCC,0,531134
araCp,0.09090909090909091,10,10,AGTCTCTTTGCGGGTGTAAG,0,533940
araCp,0.09090909090909091,10,10,AGTCTCGACTTCACGGGAAC,0,538701
araCp,0.09090909090909091,10,10,AGTCTCCTTGGACTTCGGTG,0,560459
araCp,0.09090909090909091,10,10,AGTCTAGTACCAGACGGCTT,0,548956
araCp,0.09090909090909091,10,10,AGTCAGCGCAGTCTACGTAA,0,557421
araCp,0.09090909090909091,10,10,AGTATTGGTGTTCGCCAATA,0,589602
araCp,0.09090909090909091,10,10,AGTATGCCGCGGCAAGCGGA,0,539384
araCp,0.09090909090909091,10,10,AGTAGTTAGCTCTGGAGAGG,0,552219
araCp,0.09090909090909091,10,10,AGTAGGCCCTGTCTTACTCA,0,563340
araCp,0.09090909090909091,10,10,AGTACCGCATGGGAGACTCC,0,537987
araCp,0.09090909090909091,10,10,AGTAACGCTATGGTTTGGGG,0,595867
araCp,0.09090909090909091,10,10,AGGTGGGAGGCACATAGGTT,0,586396
araCp,0.09090909090909091,10,10,AGGTCAGAACGAAAGTCTAG,0,562639
araCp,0.09090909090909091,10,10,AGGGCGCCTAACGCTTGGTA,0,598937
araCp,0.09090909090909091,10,10,AGGCTAGGTGCTGTACCCCC,0,530271
araCp,0.09090909090909091,10,10,AGGCGGCTGTCATGCAGTAT,0,547516
araCp,0.09090909090909091,10,10,AGGCCGTTCCCTATTATCGC,0,531809
araCp,0.09090909090909091,10,10,AGGAGAGGGTTTAACGTAGG,0,554471
araCp,0.09090909090909091,10,10,AGGACTACGGCACCTCTCAG,0,540309
araCp,0.09090909090909091,10,10,AGGAAGCCTCAACGGCGTCG,0,594375
araCp,0.09090909090909091,10,10,AGCTTCTTCTGGCGCTTGGC,0,596486
araCp,0.09090909090909091,10,10,AGCTAAGCCCTACCTGCTGT,0,586934
araCp,0.09090909090909091,10,10,AGCTAAATATTGTACGGGTT,0,591996
araCp,0.09090909090909091,10,10,AGCGGTCGTCTAACCTCATT,0,543386
araCp,0.09090909090909091,10,10,AGCGGGTAACCGCGAGGAAA,0,554844
araCp,0.09090909090909091,10,10,AGCGGCAAGGAGAACTAACT,0,563779
araCp,0.09090909090909091,10,10,AGCAGTTCTTCGCCTCGGCT,0,534622
araCp,0.09090909090909091,10,10,AGCACTTAAGGATGACCCAA,0,525738
araCp,0.09090909090909091,10,10,AGCAAGGGCTACACGCTCCA,0,592502
araCp,0.09090909090909091,10,10,AGCAAATTTCCGCGTCTCGA,0,581888
araCp,0.09090909090909091,10,10,AGATTCTTGCCCACTGCGTT,0,583909
araCp,0.09090909090909091,10,10,AGATTCCGTCTCGCGCACTA,0,539839
araCp,0.09090909090909091,10,10,AGATGCGGGGGGGAATGCTT,0,583534
araCp,0.09090909090909091,10,10,AGAGTGCAAAGATGACTGGG,0,534155
araCp,0.09090909090909091,10,10,AGAGGCGTGTATGAGTAGCC,0,558345
araCp,0.09090909090909091,10,10,AGAGCGACGAAAGTTGGAAT,0,581417
araCp,0.09090909090909091,10,10,AGACTTTGAGGAGCTTAAGT,0,534196
araCp,0.09090909090909091,10,10,AGACTATAAAAAGGGCTTTA,0,526108
araCp,0.09090909090909091,10,10,AGAAAACCGTCAGTTGCTTA,0,549303
araCp,0.09090909090909091,10,10,ACTTGTTCACACCGCGATTG,0,554184
araCp,0.09090909090909091,10,10,ACTTGATGGCTCTTGATGGG,0,559329
araCp,0.09090909090909091,10,10,ACTGCATGGGGGCGACAATT,0,539290
araCp,0.09090909090909091,10,10,ACTGAGTCGCAACTTACCTT,0,556437
araCp,0.09090909090909091,10,10,ACTGAGAGGGATTTTGACAA,0,576794
araCp,0.09090909090909091,10,10,ACTGAAACACGGGGTGGATG,0,562351
araCp,0.09090909090909091,10,10,ACTCGGATAACAGGACTTCA,0,567386
araCp,0.09090909090909091,10,10,ACTCGAGAACAGTGAATACT,0,551076
araCp,0.09090909090909091,10,10,ACTCCCCAACGGGGTTGTCA,0,534908
araCp,0.09090909090909091,10,10,ACTCAGTCCAGGAGTTTCCT,0,599094
araCp,0.09090909090909091,10,10,ACTATAGCGCTAGAGAGAGT,0,599893
araCp,0.09090909090909091,10,10,ACTAGCTATTTTCACTTTCG,0,539958
araCp,0.09090909090909091,10,10,ACTAGCACAGACGGGGACGA,0,599166
araCp,0.09090909090909091,10,10,ACTACAGTAAAGCGTCTCGT,0,595313
araCp,0.09090909090909091,10,10,ACGTGAGATGTACCGCGCAA,0,586883
araCp,0.09090909090909091,10,10,ACGTCCCGCACCTGAGCGCG,0,536342
araCp,0.09090909090909091,10,10,ACGTATGGGCATTTCCGATA,0,566378
araCp,0.09090909090909091,10,10,ACGTAGTTACACCTTGGCAA,0,532618
araCp,0.09090909090909091,10,10,ACGTAAGAGACATTAATAGA,0,572059
araCp,0.09090909090909091,10,10,ACGTAAATCACGATCAAGTA,0,554905
araCp,0.09090909090909091,10,10,ACGGTCGATATCCGTGAACC,0,572165
araCp,0.09090909090909091,10,10,ACGCAGGACGGCGTGAGTAA,0,601882
araCp,0.09090909090909091,10,10,ACGCAATCAGCCTCGGAACT,0,540904
araCp,0.09090909090909091,10,10,ACGATCTTCGCTCTGGCACA,0,558423
araCp,0.09090909090909091,10,10,ACGACGAGATACTATTTCCG,0,526397
araCp,0.09090909090909091,10,10,ACGAACAAGCAATCCATCAA,0,562498
araCp,0.09090909090909091,10,10,ACGAAAAGAGAACGGAAATC,0,583626
araCp,0.09090909090909091,10,10,ACCGTGTGGTTGGGCAGTCC,0,563885
araCp,0.09090909090909091,10,10,ACCGTCTGCAAAGGGGCAAT,0,526823
araCp,0.09090909090909091,10,10,ACCCATGCGAGCGCACATAC,0,544944
araCp,0.09090909090909091,10,10,ACCCAGTCCTCCGCGGTGTA,0,586589
araCp,0.09090909090909091,10,10,ACCCAACAACATCGATAACA,0,556111
araCp,0.09090909090909091,10,10,ACCACGATCGTACTGCATAA,0,580448
araCp,0.09090909090909091,10,10,ACCACAGTCCACCTTGTTAT,0,562381
araCp,0.09090909090909091,10,10,ACCAAGGCGTTTGAGGAATG,0,529975
araCp,0.09090909090909091,10,10,ACATGTACATATATGGCTTG,0,575246
araCp,0.09090909090909091,10,10,ACAGTTGGTCATCTTTAACT,0,556783
araCp,0.09090909090909091,10,10,ACAGGCCCACCTGAATCTAA,0,571500
araCp,0.09090909090909091,10,10,ACAGGAATACCATCCTATCA,0,579322
araCp,0.09090909090909091,10,10,ACAGCCCATTGGCTTACCGT,0,549449
araCp,0.09090909090909091,10,10,ACAGCATATGCCTTACTCAC,0,550861
araCp,0.09090909090909091,10,10,ACACTGGAGTATGTGGGCTA,0,572306
araCp,0.09090909090909091,10,10,ACACTGCGCGATTTCCTAGG,0,590834
araCp,0.09090909090909091,10,10,ACACGGCACAGCTGTGTCTA,0,593600
araCp,0.09090909090909091,10,10,ACACGGAGAGGGTATTGATT,0,574286
araCp,0.09090909090909091,10,10,ACAATTTGGTCAAATGGTCT,0,555692
araCp,0.09090909090909091,10,10,ACAATGTGTTCACTGCTTGG,0,529787
araCp,0.09090909090909091,10,10,ACAAGGAGTGTTCGCTAATC,0,567903
araCp,0.09090909090909091,10,10,ACAACATACTACCTGTAATG,0,543397
araCp,0.09090909090909091,10,10,AATTTCATGAAGACTGACAT,0,593425
araCp,0.09090909090909091,10,10,AATTATCAGAACGTATGTGC,0,562267
araCp,0.09090909090909091,10,10,AATTACATACTGTAAATGTA,0,534551
araCp,0.09090909090909091,10,10,AATTAAGTACTAGCGCGACG,0,586635
araCp,0.09090909090909091,10,10,AATGCTCGTGCCACACGATC,0,532611
araCp,0.09090909090909091,10,10,AATGCTAAAAAACTGCTAGC,0,555102
araCp,0.09090909090909091,10,10,AATGAAGTCCAGGTCGTTGC,0,598624
araCp,0.09090909090909091,10,10,AATCGGCACAGAGCAGCTCT,0,601374
araCp,0.09090909090909091,10,10,AATAGTTGCGCCCAGGACTT,0,565763
araCp,0.09090909090909091,10,10,AATAGGGCGTACTGTAACTG,0,569588
araCp,0.09090909090909091,10,10,AATAGCTTAGAGCAGCGTAA,0,567150
araCp,0.09090909090909091,10,10,AAGTGGTCCAATCAGGAAAG,0,588033
araCp,0.09090909090909091,10,10,AAGTGACCGGTTCACAACCT,0,551870
araCp,0.09090909090909091,10,10,AAGTATCGATGATGGAATCG,0,570530
araCp,0.09090909090909091,10,10,AAGGGCATCCCTTCGGTGTA,0,565929
araCp,0.09090909090909091,10,10,AAGCTGGACTCAGTACTACA,0,566920
araCp,0.09090909090909091,10,10,AAGCGTTTGCAATTGAATAT,0,576407
araCp,0.09090909090909091,10,10,AAGCGCTCGAATGGCTAAAA,0,564446
araCp,0.09090909090909091,10,10,AAGCCTCGCATTTTCATCCT,0,578988
araCp,0.09090909090909091,10,10,AAGCAAAGTCGTATGAATCA,0,528573
araCp,0.09090909090909091,10,10,AAGATTCAAAGGACAGCGTT,0,534548
araCp,0.09090909090909091,10,10,AAGAAGAACAGCCTTCGCTG,0,576568
araCp,0.09090909090909091,10,10,AACTACAATTTTCGCGGGCA,0,532517
araCp,0.09090909090909091,10,10,AACGCTGACAGATCACTGGG,0,526989
araCp,0.09090909090909091,10,10,AACGCGTGTCGTAATGCCCT,0,569592
araCp,0.09090909090909091,10,10,AACGAAAACCGTGACCAGAT,0,571099
araCp,0.09090909090909091,10,10,AACCGGGGTGGCTTCAGAGG,0,603161
araCp,0.09090909090909091,10,10,AACCGCAAATATTTAATACC,0,552554
araCp,0.09090909090909091,10,10,AACCAAAGCACTACGGGTGC,0,535708
araCp,0.09090909090909091,10,10,AACACCGAGCGATGAGCGAA,0,586556
araCp,0.09090909090909091,10,10,AAATGGGTCTTACATCATGC,0,556625
araCp,0.09090909090909091,10,10,AAATCTATAAGCCACATTGT,0,564242
araCp,0.09090909090909091,10,10,AAATCGGCTAGTCGTTTGGT,0,554533
araCp,0.09090909090909091,10,10,AAATAAGAGTGCCCCTGTAC,0,544206
araCp,0.09090909090909091,10,10,AAAGGCGGGAAAAAACTGTA,0,569703
araCp,0.09090909090909091,10,10,AAAGGCGAAAATTCAAGTAT,0,591656
araCp,0.09090909090909091,10,10,AAAGGAGCCAATATCGGTAA,0,584911
araCp,0.09090909090909091,10,10,AAAGACGAATTTAAGGTGAG,0,574035
araCp,0.09090909090909091,10,10,AAACTGCATAGATGCCGAAC,0,597738
araCp,0.09090909090909091,10,10,AAACAGCGTTTAGTCAATCA,0,564629
araCp,0.09090909090909091,10,10,AAACAACACACTTTAAGGAT,0,539777
araCp,0.09090909090909091,10,10,AAAACCAGACAGTTCACCTC,0,540719
araCp,0.1,9,9,TTTTTTTGTGGAACATTACT,0,534480
araCp,0.1,9,9,TTTTTTCACTCTCATCTCGA,0,537492
araCp,0.1,9,9,TTTTCGCGTCGCCAAATACA,0,547226
araCp,0.1,9,9,TTTGTTCTCATTCGGAGAGA,0,555475
araCp,0.1,9,9,TTTGTGCCGAGTCCTGCCTA,0,581143
araCp,0.1,9,9,TTTGTGCAGTCAAACCTCCT,0,553593
araCp,0.1,9,9,TTTGTCGGGTATCCCCACGC,0,562212
araCp,0.1,9,9,TTTGCAGGGCACAGAACATG,0,576279
araCp,0.1,9,9,TTTCTTACGAGGTCCCCAGG,0,565599
araCp,0.1,9,9,TTTCTGTCCTCGGGCGAGGT,0,527753
araCp,0.1,9,9,TTTCTATCGCATCGTCCGGT,0,552607
araCp,0.1,9,9,TTTCCAGGAATATGAGAGGC,0,593834
araCp,0.1,9,9,TTTCATTGGTGTCCTAGAAC,0,562009
araCp,0.1,9,9,TTTCAGCCTGTCATCTCGCT,0,572137
araCp,0.1,9,9,TTTATGATAAACGGCGGGTG,0,542708
araCp,0.1,9,9,TTTAGGTTTTGGATTACCCT,0,597672
araCp,0.1,9,9,TTTAGCCCTACCAGAAGAGA,0,526624
araCp,0.1,9,9,TTTAGAACCGGGTAACCCGA,0,566139
araCp,0.1,9,9,TTGTGTTTCTACTTTGATCG,0,547897
araCp,0.1,9,9,TTGTAAACCAGGGAGATAAG,0,582337
araCp,0.1,9,9,TTGGGTCGCCTTAGGGGGCG,0,591947
araCp,0.1,9,9,TTGGGGTATGCACAAACGGT,0,600686
araCp,0.1,9,9,TTGGCGTTGTTAGTCCGCGA,0,559444
araCp,0.1,9,9,TTGGAACCTTGACCTTTAGT,0,558830
araCp,0.1,9,9,TTGCTAGGAACGTAGTGAGT,0,572053
araCp,0.1,9,9,TTGCCAATTGCTCCTGGTCT,0,602298
araCp,0.1,9,9,TTGCATTCGTTTGCCACGAC,0,563262
araCp,0.1,9,9,TTGATTGCGGTTCAAGCATT,0,580996
araCp,0.1,9,9,TTGATCTGATGGAACGGCGC,0,574392
araCp,0.1,9,9,TTGAACGGTTTTTCGGAGTT,0,587405
araCp,0.1,9,9,TTCTTAGGTATCAACTCATG,0,535787
araCp,0.1,9,9,TTCTTAAGAGGCCCGATGTT,0,560667
araCp,0.1,9,9,TTCTGGCTCGAGACGAGGTA,0,591411
araCp,0.1,9,9,TTCTGGCGTCATTGCACGAC,0,534398
araCp,0.1,9,9,TTCTGAGGAATGATAGGGAT,0,568672
araCp,0.1,9,9,TTCTAGGGGGAGGGCAATGT,0,596317
araCp,0.1,9,9,TTCTAAGCGGTAGTCGGTAG,0,567014
araCp,0.1,9,9,TTCGAACAATGGGTATGGCA,0,583237
araCp,0.1,9,9,TTCCTGGCGCGTAGCGGGGC,0,558262
araCp,0.1,9,9,TTCCTAGGATTTCCTATACG,0,548868
araCp,0.1,9,9,TTCCGTTTCGTTGACTGGTC,0,599385
araCp,0.1,9,9,TTCCGCGGCAAAACCCTCTC,0,556978
araCp,0.1,9,9,TTCCCGGGCGGGAATTAGCA,0,579347
araCp,0.1,9,9,TTCCCGCGAGAGGAAAGAGG,0,546893
araCp,0.1,9,9,TTCCACGAGAGTACGTGGAA,0,544828
araCp,0.1,9,9,TTATCCACCACGTCCAGAAG,0,551512
araCp,0.1,9,9,TTATACCCCCTACGGACAAT,0,591121
araCp,0.1,9,9,TTAGCAAGACAAGAGACAGA,0,528059
araCp,0.1,9,9,TTAGATATGGGTAGGGCATT,0,543887
araCp,0.1,9,9,TTACGGACACGTTTGTACAC,0,553998
araCp,0.1,9,9,TTACGCGAAGCGCCGTGCAA,0,567714
araCp,0.1,9,9,TTACCACGCCGTACGTCATC,0,530934
araCp,0.1,9,9,TTAATGTGTATCGAAAGAGT,0,559863
araCp,0.1,9,9,TTAATCTAAGCCGTTGATGC,0,573284
araCp,0.1,9,9,TTAAGCGGTACTACATGGAC,0,598105
araCp,0.1,9,9,TTAAAGCGTCCTCAACACAT,0,526199
araCp,0.1,9,9,TTAAAGCAGCCCACACAGTC,0,596021
araCp,0.1,9,9,TGTTTGCTGTCGAGACAAAC,0,544450
araCp,0.1,9,9,TGTTTGCCCACGTTGTCCAA,0,552877
araCp,0.1,9,9,TGTTATTCGGTGAGATGTCT,0,566055
araCp,0.1,9,9,TGTTAGTGAGAGCTAATGGG,0,582602
araCp,0.1,9,9,TGTGTTTTACACTGCCTCAT,0,587760
araCp,0.1,9,9,TGTGTATCGAACTTTAGGTA,0,597626
araCp,0.1,9,9,TGTGGCCACATTGGGCACCA,0,576985
araCp,0.1,9,9,TGTCTCCGCCGCATATAGGA,0,557789
araCp,0.1,9,9,TGTCAAGCGCGTCGTTCTGC,0,590116
araCp,0.1,9,9,TGTCAAACTTAGGACAGATT,0,533664
araCp,0.1,9,9,TGTAGGATCGTATTTTTCTC,0,528096
araCp,0.1,9,9,TGGTGAACGGGGCGGCTCTC,0,551966
araCp,0.1,9,9,TGGGGCGATACCATGGGATA,0,555713
araCp,0.1,9,9,TGGGCGTGCGGTGTGTACGT,0,601366
araCp,0.1,9,9,TGGGAGCAGACGTGGTACTC,0,567229
araCp,0.1,9,9,TGGCGTTGTATGTCGGCGAG,0,590658
araCp,0.1,9,9,TGGCGGGGCTGGAGTAACCT,0,598388
araCp,0.1,9,9,TGGATTTCTTTTGCGCGAAT,0,561812
araCp,0.1,9,9,TGGAGTGAACTAATGAAGAG,0,583211
araCp,0.1,9,9,TGGACGTTTTATATTGATGC,0,571846
araCp,0.1,9,9,TGGAATATCTTTGCTTGCCA,0,584502
araCp,0.1,9,9,TGGAAGGGCCTTCAGGCTCG,0,600355
araCp,0.1,9,9,TGCTGGTGCTCAAGGGACAG,0,549464
araCp,0.1,9,9,TGCCTCCGGGTGCATCTGTG,0,579522
araCp,0.1,9,9,TGCCGGCTCGATAATTATAC,0,597406
araCp,0.1,9,9,TGCATTATAGACCTCAAGAA,0,579628
araCp,0.1,9,9,TGCATTAAGAACGCGAATAT,0,577752
araCp,0.1,9,9,TGCACCACGGGACCTTGTCT,0,592702
araCp,0.1,9,9,TGATTCAATCGCCGGAGCAG,0,593891
araCp,0.1,9,9,TGATGCGAACTCGTGCCTAG,0,525748
araCp,0.1,9,9,TGATCGAAGCCCTGTGGTGC,0,556155
araCp,0.1,9,9,TGATCCAAATGTATCATTTA,0,538484
araCp,0.1,9,9,TGATCAGCGTAGCAGTTGCA,0,598026
araCp,0.1,9,9,TGATCAGCGGAAGGAGTGAG,0,595561
araCp,0.1,9,9,TGATCAAGTGCCAGAGGACC,0,588570
araCp,0.1,9,9,TGAGGGTTCCCGCCGCTCGC,0,537440
araCp,0.1,9,9,TGAGCTATCACATAAAAATA,0,532126
araCp,0.1,9,9,TGAGAACGTGTCAGCGCTAC,0,550222
araCp,0.1,9,9,TGACGAACGTTTGTGAGGGA,0,590079
araCp,0.1,9,9,TGAATTTTTGGCCTGCTGGA,0,542937
araCp,0.1,9,9,TGAAGTCGATTAAAGCTATA,0,559457
araCp,0.1,9,9,TGAAGCTCACCTAGAGGAGT,0,549536
araCp,0.1,9,9,TGAACCGAATAAGCCGGCAT,0,575765
araCp,0.1,9,9,TCTTTCGTGTTCCGGCTGCG,0,530047
araCp,0.1,9,9,TCTTGCGTCGGCAATCAAGA,0,529094
araCp,0.1,9,9,TCTTCGGTTTACAAGGCAAT,0,542214
araCp,0.1,9,9,TCTTAGCTCATTGTGTACAT,0,559072
araCp,0.1,9,9,TCTGCAACTCATCTCGAGGT,0,536120
araCp,0.1,9,9,TCTCGGTCACGCTCACCGAA,0,570971
araCp,0.1,9,9,TCTCCAGTACCGCGTCACGG,0,559676
araCp,0.1,9,9,TCTCAGACTCGACTAACTAC,0,549428
araCp,0.1,9,9,TCTATAAATGACGATGATCA,0,593852
araCp,0.1,9,9,TCTAGTCCCATGTGATAGAT,0,538685
araCp,0.1,9,9,TCTAGTAGTACAGCCTAATG,0,593958
araCp,0.1,9,9,TCGTCTGAGGGACACCGCAA,0,528600
araCp,0.1,9,9,TCGTCACTGTTCTTACTTTG,0,546424
araCp,0.1,9,9,TCGGTTAATTTATAATTATT,0,539743
araCp,0.1,9,9,TCGGGGTGACAGGCAGGGTT,0,551396
araCp,0.1,9,9,TCGGCTGTATGAAGAGGACA,0,574875
araCp,0.1,9,9,TCGGCGACCTAAAAGACATT,0,557145
araCp,0.1,9,9,TCGCTGGACAATATTGTTGC,0,558483
araCp,0.1,9,9,TCGAGGTATTCAAAACTACA,0,554513
araCp,0.1,9,9,TCGAGACTAGCCTCGAACGC,0,573023
araCp,0.1,9,9,TCGAATATTCGATCATTTTC,0,526507
araCp,0.1,9,9,TCGAAGCAAGGTTCACGCAT,0,531613
araCp,0.1,9,9,TCGAAACACTTCGCGACCAC,0,561310
araCp,0.1,9,9,TCCTTCCATCCCTCGTACCT,0,526087
araCp,0.1,9,9,TCCTTATTCTGAGTAGACTG,0,598434
araCp,0.1,9,9,TCCTGCGTGCGTGCTCCACT,0,552143
araCp,0.1,9,9,TCCTGCGTGCAGACGAGGTT,0,574654
araCp,0.1,9,9,TCCTGCATAATCAAGGACGT,0,581680
araCp,0.1,9,9,TCCTCTGGTTAGAAGACGTA,0,600770
araCp,0.1,9,9,TCCTCTCAAGATCTCGCGGC,0,565687
araCp,0.1,9,9,TCCTCGCCATATCTGTGTAG,0,532433
araCp,0.1,9,9,TCCGGTCACCATACTGCGGT,0,542220
araCp,0.1,9,9,TCCGGTACATGGTTGGACAG,0,527457
araCp,0.1,9,9,TCCCTGGCCGGCCATCTTTA,0,566336
araCp,0.1,9,9,TCCCGTTTGTGATCCGGAGT,0,546743
araCp,0.1,9,9,TCCACCAAGCGGATGTATAT,0,567547
araCp,0.1,9,9,TCCAAGCACTGTGTCCCGGA,0,564406
araCp,0.1,9,9,TCCAAGCAACGGTAACACAC,0,550088
araCp,0.1,9,9,TCATGTTTTACTTAATAAAA,0,527311
araCp,0.1,9,9,TCATAGCCGACCGTGCCGGT,0,571192
araCp,0.1,9,9,TCAGGGGTATGTCTGAACAC,0,578970
araCp,0.1,9,9,TCAGGCCGTGCGCGAGGTCA,0,557142
araCp,0.1,9,9,TCAGGAAGAAATCTCACATG,0,562411
araCp,0.1,9,9,TCAGCACTCCACCGCCACGT,0,566587
araCp,0.1,9,9,TCAGCAATTAGTGCGGATAG,0,578141
araCp,0.1,9,9,TCACTCGGGGCTCTCAATAC,0,597699
araCp,0.1,9,9,TCACTCGGCAGCACTCGGTC,0,536446
araCp,0.1,9,9,TCACGAGAAGGTTGGAACTT,0,537157
araCp,0.1,9,9,TCACAGGGGGATTTCAAGAC,0,535555
araCp,0.1,9,9,TCAATTGATGATCCATCGAA,0,593723
araCp,0.1,9,9,TCAATTAGAAGCTCTTTGAA,0,577145
araCp,0.1,9,9,TCAATGTTCAATTTGGTGCT,0,552618
araCp,0.1,9,9,TCAAGCCTTAATTGAACGCG,0,594472
araCp,0.1,9,9,TCAACTGCAAATTCCTGTCT,0,590089
araCp,0.1,9,9,TCAAACTACAGCTGAGATCA,0,599088
araCp,0.1,9,9,TATTGGGTATACGTTTGGAG,0,578490
araCp,0.1,9,9,TATTAGCTTTATCTTCCCGG,0,529991
araCp,0.1,9,9,TATGCGTCCCTTCGGGGAAA,0,602585
araCp,0.1,9,9,TATCGCCTGTTGTGCTCAAC,0,589209
araCp,0.1,9,9,TATCATGTGGTAGGACTTAA,0,601240
araCp,0.1,9,9,TAGGTTGAAGGGATATTCTT,0,533449
araCp,0.1,9,9,TAGGTGGGATGATAGACTTG,0,554229
araCp,0.1,9,9,TAGGGGCCGAAGGGGTTGCA,0,546254
araCp,0.1,9,9,TAGGGAAGAATGTCTGGACG,0,590474
araCp,0.1,9,9,TAGGCCGGGGCGAACTCGTA,0,574343
araCp,0.1,9,9,TAGGCAAGGCCAGTTGAAGG,0,574083
araCp,0.1,9,9,TAGGAGTTCTATTTAGCGAG,0,564291
araCp,0.1,9,9,TAGCTTACGGGGCTGGCGTA,0,589971
araCp,0.1,9,9,TAGCAGAAGTCGTTCGATGT,0,566515
araCp,0.1,9,9,TAGATTACGGCTCCAAATGC,0,535493
araCp,0.1,9,9,TAGAGGTTCGTAGTCCCACT,0,550342
araCp,0.1,9,9,TAGACTGTAGTGCTTAGACA,0,580419
araCp,0.1,9,9,TACTTTATACGAAGCCGTGC,0,557042
araCp,0.1,9,9,TACTGAATTAGATTTAAGCA,0,600313
araCp,0.1,9,9,TACTCTCCAATAACTGGGAG,0,538127
araCp,0.1,9,9,TACTAGGCTTCCTGCCAGTT,0,527431
araCp,0.1,9,9,TACGCTGGGTCGAAGAGCGG,0,597513
araCp,0.1,9,9,TACGCTATGGTCTCCGTCGT,0,600602
araCp,0.1,9,9,TACGCGCCAAAACGATTCTA,0,549178
araCp,0.1,9,9,TACCGGTGGCTTTGCCCAGC,0,535039
araCp,0.1,9,9,TACATTAAAGAAGGCTTCCT,0,541261
araCp,0.1,9,9,TACAGTAGGAGGAGTTTCCT,0,584672
araCp,0.1,9,9,TACAGGAGCTGGCACAGTCA,0,597541
araCp,0.1,9,9,TACACTTTAACCTAAGACCC,0,595009
araCp,0.1,9,9,TACAATTCTACATAAACACA,0,588358
araCp,0.1,9,9,TAATAGCTCCTTCGTTCTAA,0,586630
araCp,0.1,9,9,TAAGGTATCACCCGTTATGG,0,587843
araCp,0.1,9,9,TAAGGGAGTCTATCGAGAGG,0,527566
araCp,0.1,9,9,TAAGGCTAGAACGGATGGTT,0,565509
araCp,0.1,9,9,TAAGGAGCGGACTCAAGTGG,0,538045
araCp,0.1,9,9,TAAGAATTGGTCTGCCCGAA,0,526411
araCp,0.1,9,9,TAACTGCGGCGCATCGTGGA,0,547314
araCp,0.1,9,9,TAACTCCGAGTAGCGCGAGA,0,527213
araCp,0.1,9,9,TAACGCTTTTACACCTAGCC,0,564125
araCp,0.1,9,9,TAAATTCCGTCTAGCGTCAG,0,558756
araCp,0.1,9,9,GTTTGCTAGAGATAAAGCGA,0,542981
araCp,0.1,9,9,GTTTCCGGTGCTTTGCGTCT,0,600061
araCp,0.1,9,9,GTTTCCCCACCCGCGAAGGC,0,546492
araCp,0.1,9,9,GTTTAAATCGGGGGAAACGG,0,590359
araCp,0.1,9,9,GTTGTTTACAGTCCTGTCCT,0,588870
araCp,0.1,9,9,GTTGTTCAGCGTTTATCCAC,0,584158
araCp,0.1,9,9,GTTGTTACGCGGCGCATTCA,0,533310
araCp,0.1,9,9,GTTGTGATGGCCCGAGCCAC,0,599355
araCp,0.1,9,9,GTTGTGAACTAAACCAACAT,0,533355
araCp,0.1,9,9,GTTCGGTCGAGCGCATTGCG,0,559613
araCp,0.1,9,9,GTTCGGCAGCACACCAGCCG,0,535591
araCp,0.1,9,9,GTTCCGTAAATGCCTGCTAG,0,588361
araCp,0.1,9,9,GTTCCGGGTCCCAACACTCA,0,525755
araCp,0.1,9,9,GTTATTTTACATGTGTTAGA,0,588854
araCp,0.1,9,9,GTTATTGTCCAGGACACCCA,0,566569
araCp,0.1,9,9,GTTAAATGAGGGGCTTTACA,0,542749
araCp,0.1,9,9,GTTAAATCAGCATGTCTGCA,0,601110
araCp,0.1,9,9,GTGTTAGCAATCGGGGTGTG,0,539374
araCp,0.1,9,9,GTGTGCCTGGGGGATCGGGT,0,571583
araCp,0.1,9,9,GTGTGCACTAACGCATCCTG,0,567565
araCp,0.1,9,9,GTGTGAGTTATACCGAAAGT,0,576525
araCp,0.1,9,9,GTGTATTTAGTTTAAGAGCA,0,557364
araCp,0.1,9,9,GTGTAGGGCAGATTAGCCTT,0,563212
araCp,0.1,9,9,GTGTAAGTGTACTACCAGTT,0,588530
araCp,0.1,9,9,GTGGTTCTCCCCAGGGAGGA,0,531491
araCp,0.1,9,9,GTGGGACAATAGATATATAA,0,547861
araCp,0.1,9,9,GTGGCGTAATACCCCGCATT,0,560401
araCp,0.1,9,9,GTGCGATGGCTGGCGGCTCG,0,538853
araCp,0.1,9,9,GTGCGATCTAGCGAGCTGTA,0,537555
araCp,0.1,9,9,GTGCCGACATTTATACTTCT,0,533167
araCp,0.1,9,9,GTGCACACATGCCCACTTGT,0,602562
araCp,0.1,9,9,GTGAAGGCAGTTACGTCTGA,0,566109
araCp,0.1,9,9,GTCTTCATGAGCTCATTCTC,0,597104
araCp,0.1,9,9,GTCTATTGTAATGCAGGCGA,0,561345
araCp,0.1,9,9,GTCTATGTCCACCGTCTAAG,0,569725
araCp,0.1,9,9,GTCGTTTCATGATACGGCGG,0,556601
araCp,0.1,9,9,GTCGTTACATGTCCCACTCG,0,554694
araCp,0.1,9,9,GTCGTCGCGGGACCCGCGTT,0,579662
araCp,0.1,9,9,GTCCTTAATTCTGGCCTGAT,0,556908
araCp,0.1,9,9,GTCCGGCCAAGTAGTAGCTT,0,551697
araCp,0.1,9,9,GTCCAGTCACAGGTATGTCT,0,569802
araCp,0.1,9,9,GTCCAGCCTCCAATGGGAGG,0,542852
araCp,0.1,9,9,GTCAAAGTTCCCACAAGCGT,0,597060
araCp,0.1,9,9,GTATTGGGCCTTAATGAGTC,0,554036
araCp,0.1,9,9,GTATGAAAAGGGCTTTGTCG,0,599389
araCp,0.1,9,9,GTATCAGTTGTCCTTTCGTT,0,581373
araCp,0.1,9,9,GTATAGTTATTTCTTGCAGT,0,586394
araCp,0.1,9,9,GTAGGATACAAATTTACGAA,0,550313
araCp,0.1,9,9,GTAGCCGCTCCTGTTGTCGC,0,550200
araCp,0.1,9,9,GTAGCCATGGGAAGGATAGC,0,580706
araCp,0.1,9,9,GTAGATGCAGAGTTGAACTT,0,545737
araCp,0.1,9,9,GTACTGGGCATCTAGGTCCA,0,598668
araCp,0.1,9,9,GTACTGCGAGCTTATGTCTT,0,558640
araCp,0.1,9,9,GTACGCGCAAATGCAAGCTT,0,530609
araCp,0.1,9,9,GTACATGCCTTAAAACTTTT,0,555763
araCp,0.1,9,9,GTAATCGCAAGTGTTTAGTG,0,585066
araCp,0.1,9,9,GTAAGGTCCATGGCGGCAGT,0,587254
araCp,0.1,9,9,GTAAGGGTCTTGCAGGCCCA,0,542901
araCp,0.1,9,9,GTAAGCACGGTAGGAAGCGC,0,568004
araCp,0.1,9,9,GTAACTGAATACGTTTGGGT,0,559872
araCp,0.1,9,9,GTAACAGTCTGAGGCGCATC,0,543110
araCp,0.1,9,9,GTAAAAGCCGCGCCATCTCG,0,532615
araCp,0.1,9,9,GTAAAAACTCACGCAACAAG,0,582800
araCp,0.1,9,9,GTAAAAACGTGAGGTAGCGA,0,590317
araCp,0.1,9,9,GGTTTTTACTTGACTTGCTG,0,538931
araCp,0.1,9,9,GGTTTTCCCAAGGTCTCTTC,0,591529
araCp,0.1,9,9,GGTTTGGTATTGGATCACTT,0,581917
araCp,0.1,9,9,GGTTGCGTGCCAAGCCTTTA,0,538586
araCp,0.1,9,9,GGTTGCCATGAAACGGTCTT,0,592683
araCp,0.1,9,9,GGTTCCGTCATATGCCGATC,0,596600
araCp,0.1,9,9,GGTTCAGAGAGATGTAGCCG,0,571306
araCp,0.1,9,9,GGTGGGAGCAAATGTGCATG,0,570245
araCp,0.1,9,9,GGTGGCGAGGGGTATCTCGT,0,575285
araCp,0.1,9,9,GGTCGGCATTGTCGCATATG,0,542163
araCp,0.1,9,9,GGTCAGGGTGGATTGCACAT,0,537287
araCp,0.1,9,9,GGTCAGGCTTGGCTGGCCGT,0,534979
araCp,0.1,9,9,GGTAGTATTATGATTCGGAG,0,529331
araCp,0.1,9,9,GGTAGGGGGCTTGTCGGATA,0,558047
araCp,0.1,9,9,GGTACATCCGTCTCAGGCTT,0,549543
araCp,0.1,9,9,GGGTTTCCGCTTGCCTTTGT,0,563812
araCp,0.1,9,9,GGGTTCCGAACAACAGAAAA,0,557993
araCp,0.1,9,9,GGGTTAATTTGCGATGTGAC,0,548161
araCp,0.1,9,9,GGGTGTGCACGACGACGGCG,0,559618
araCp,0.1,9,9,GGGTCTATACATCGAACTAT,0,573405
araCp,0.1,9,9,GGGTCGGCATCTGAGCGCCA,0,565891
araCp,0.1,9,9,GGGTATTGGGGAGCTACTAG,0,581629
araCp,0.1,9,9,GGGTAATCTCTCAACCGTTT,0,539852
araCp,0.1,9,9,GGGTAACCGGTTTACGTCTC,0,595153
araCp,0.1,9,9,GGGGTATCAGACTCACTTTG,0,574713
araCp,0.1,9,9,GGGGCTCCGTAATTCTGGAT,0,589228
araCp,0.1,9,9,GGGGCAGTAGTAGGGCGGCA,0,599977
araCp,0.1,9,9,GGGGATTCTGTTGAGACGTC,0,535193
araCp,0.1,9,9,GGGGAAACCGAGGACCTATC,0,567526
araCp,0.1,9,9,GGGCAAGCGAAAACTCGTTA,0,536671
araCp,0.1,9,9,GGGACTTTTCAGAGGGATCA,0,602414
araCp,0.1,9,9,GGGACTACATTCATCGGAGG,0,570408
araCp,0.1,9,9,GGGACCCGGCGACCAATTCA,0,555477
araCp,0.1,9,9,GGGAAGTTCGAATGCCGATT,0,600242
araCp,0.1,9,9,GGCTTCGAAATCTCAAAAAT,0,564784
araCp,0.1,9,9,GGCTGGACCATTTGTAGCTT,0,532632
araCp,0.1,9,9,GGCTGCAGCGCTAATGTTAC,0,592151
araCp,0.1,9,9,GGCTCGAGCCCTCTTCAAGG,0,588462
araCp,0.1,9,9,GGCTATGTGTTTTCCAGGGG,0,535090
araCp,0.1,9,9,GGCGTCCCGGTAATGCTAGG,0,591641
araCp,0.1,9,9,GGCGGTTCTCATAGATGCTT,0,583289
araCp,0.1,9,9,GGCGAGGCAAGCACGGGCAA,0,541376
araCp,0.1,9,9,GGCCGCGAATCCCTAGTGTC,0,587440
araCp,0.1,9,9,GGCATTCGTACCCTATTGGA,0,551931
araCp,0.1,9,9,GGCAGGAGGTCAGCTCTCCG,0,529147
araCp,0.1,9,9,GGCAGCGCAGTTCATGGTTG,0,595408
araCp,0.1,9,9,GGCACACCAGGGCTTGGGAA,0,544013
araCp,0.1,9,9,GGATGTGCTTGTGTCAAATC,0,525598
araCp,0.1,9,9,GGATGTCCCGTCGGGCCTTG,0,593517
araCp,0.1,9,9,GGATACCTTACCTGAACGAG,0,579630
araCp,0.1,9,9,GGAGTGGTACGAGGGGTATA,0,588718
araCp,0.1,9,9,GGAGGTAGGCCTTGAGTATG,0,538489
araCp,0.1,9,9,GGAGGGAAGTGTACCGTGAA,0,527724
araCp,0.1,9,9,GGAGCTTGGAACTGCGACCG,0,564005
araCp,0.1,9,9,GGACCTCGCCCATACTCGCT,0,550360
araCp,0.1,9,9,GGACCCACGTGCTCGGTGTA,0,556323
araCp,0.1,9,9,GGACCCACCTACATACAACC,0,575629
araCp,0.1,9,9,GGACAATGAATGAGTTACAG,0,534514
araCp,0.1,9,9,GGAACGATAGTCTCACGGTT,0,566771
araCp,0.1,9,9,GGAACATCAGGGATTTTTCT,0,588304
araCp,0.1,9,9,GCTTTTTGCAGTGTCTGCAG,0,571584
araCp,0.1,9,9,GCTTTTCCTACGCTACGTTA,0,558543
araCp,0.1,9,9,GCTTTCCGACCGGGGCGGGT,0,527728
araCp,0.1,9,9,GCTTTAGTTGGCGGCCCAGA,0,559117
araCp,0.1,9,9,GCTTGTTTATGATGGACAGA,0,599390
araCp,0.1,9,9,GCTGTTGGAACATTGGGTCT,0,560670
araCp,0.1,9,9,GCTGGAATGGTGTAAGGCGG,0,533665
araCp,0.1,9,9,GCTGATGTTTCATAGTGAGA,0,543772
araCp,0.1,9,9,GCTCGTCGAGGGAGACGCCC,0,602296
araCp,0.1,9,9,GCTCGGACAACGTACGGTTG,0,591464
araCp,0.1,9,9,GCTATGTCCATTGTTTTCTT,0,569557
araCp,0.1,9,9,GCTATGCGGCACCGTTCCTA,0,544180
araCp,0.1,9,9,GCTAGGAGTACGACACGTTT,0,553039
araCp,0.1,9,9,GCTAGAGCGTAGAAGGTTCA,0,572566
araCp,0.1,9,9,GCTACAGAGGCCGCCGCTCG,0,538356
araCp,0.1,9,9,GCTAACCTGAGCAAACCAGC,0,556050
araCp,0.1,9,9,GCGTTACTAGGACGCCTGGA,0,543714
araCp,0.1,9,9,GCGTGTTTAACTGGGGTGGT,0,542368
araCp,0.1,9,9,GCGTCACTTCGTGAAGCTCA,0,529412
araCp,0.1,9,9,GCGGGCGCGTGACACCTCTG,0,551092
araCp,0.1,9,9,GCGGCGTGAAGAAGAATCGA,0,531011
araCp,0.1,9,9,GCGGCATAATTTCAGGTAAG,0,586660
araCp,0.1,9,9,GCGGAGGCGGATAGAGGGCC,0,581472
araCp,0.1,9,9,GCGGAAGTACATGCGACCAC,0,588947
araCp,0.1,9,9,GCGCGGTTTCGCAATACTTC,0,580046
araCp,0.1,9,9,GCGCCCCTTTTATACTGTCA,0,553155
araCp,0.1,9,9,GCGCAAACTTAGCCCCAAGA,0,563525
araCp,0.1,9,9,GCGATGTTCTCGAGTGGGTT,0,562774
araCp,0.1,9,9,GCGATGCGGGACACGCCACG,0,537270
araCp,0.1,9,9,GCGATCTGCGTCAGGTAGCT,0,586425
araCp,0.1,9,9,GCGAGTCTACTCACGCACTT,0,596664
araCp,0.1,9,9,GCGAGGCATCTTAATCGCAA,0,581956
araCp,0.1,9,9,GCGACTAGGCCTAGCCTCGA,0,528768
araCp,0.1,9,9,GCGAACCAATACGGAACTAA,0,558012
araCp,0.1,9,9,GCCTTCCGACATGCAGCCCT,0,595538
araCp,0.1,9,9,GCCTGTTCATCCAATATATG,0,558482
araCp,0.1,9,9,GCCGGTCAGACGAAAGTAGC,0,547972
araCp,0.1,9,9,GCCGGCCTGTCCAGCAGCGT,0,582167
araCp,0.1,9,9,GCCGCTGACTTACCATTAAT,0,551063
araCp,0.1,9,9,GCCGCTCTGACCTATCATCA,0,534464
araCp,0.1,9,9,GCCGCACGTCGGTTATGCAT,0,554936
araCp,0.1,9,9,GCCGAGGTTAAAACGCGTTA,0,540195
araCp,0.1,9,9,GCCCTCCCTCTGGGGTAGAC,0,588272
araCp,0.1,9,9,GCCCGTTACCCTGCGACGTC,0,587178
araCp,0.1,9,9,GCCCGCTTGTCTACTACGTC,0,573300
araCp,0.1,9,9,GCCCCGAAAGGTAATGGGGG,0,527309
araCp,0.1,9,9,GCCCCCGGACAAACTGCTTC,0,558332
araCp,0.1,9,9,GCCAACGTATAGCCATGACT,0,532250
araCp,0.1,9,9,GCATTTCGGTCTGAGGCATG,0,589751
araCp,0.1,9,9,GCATGTCCGGAGCAGGGCTA,0,525741
araCp,0.1,9,9,GCATGGAGGTCTCAGAGCAT,0,540771
araCp,0.1,9,9,GCATCCGGCCTAAGACGGGT,0,586207
araCp,0.1,9,9,GCATCATAATGTACCTACAT,0,594026
araCp,0.1,9,9,GCATACATGTTACGTAGGTC,0,560208
araCp,0.1,9,9,GCAGTGACAACACCAATTGA,0,546129
araCp,0.1,9,9,GCAGTCTTACGCCCGACTGA,0,578208
araCp,0.1,9,9,GCAGCCGAATTAGACCAGGC,0,575804
araCp,0.1,9,9,GCAGACAAAAAGTCCAAGGA,0,601547
araCp,0.1,9,9,GCACTGGTCCTTGAAGTGAC,0,565752
araCp,0.1,9,9,GCACGGAGTCCGATAATAAT,0,583835
araCp,0.1,9,9,GCACCCATTTCTCAAGGGAA,0,560970
araCp,0.1,9,9,GCACACTGTAGGGCAAAGCG,0,578753
araCp,0.1,9,9,GCAATATGCCGCGAGTTCTC,0,565996
araCp,0.1,9,9,GCAACCTTTACAATATTCGG,0,550941
araCp,0.1,9,9,GCAAATTGTTTGCTTAAGCA,0,560894
araCp,0.1,9,9,GCAAACGTGTGTAGAAGCTC,0,539898
araCp,0.1,9,9,GATTTTTCCCGTAACAATAT,0,597540
araCp,0.1,9,9,GATTGAACGACTCGGTAGTA,0,596982
araCp,0.1,9,9,GATTCTCACATCCTAAAAGC,0,560735
araCp,0.1,9,9,GATGGTACGCTAATTTCCTT,0,572447
araCp,0.1,9,9,GATGCTCGGGATCCCGTTTC,0,583230
araCp,0.1,9,9,GATCACAAGCTTTACAAGAG,0,556140
araCp,0.1,9,9,GATATTACTACCTTTTGTTA,0,579774
araCp,0.1,9,9,GATATAAGACCATCTATAGG,0,567362
araCp,0.1,9,9,GATAATGTGCAAGTAGGCAA,0,537701
araCp,0.1,9,9,GATAAGGTTTTCTAGAAGCG,0,560450
araCp,0.1,9,9,GATAAGGGTATAGCAAGCTA,0,602582
araCp,0.1,9,9,GATAAACTTGCCCGTAATGT,0,578819
araCp,0.1,9,9,GAGTGCAGCGTTCCGCTACC,0,543208
araCp,0.1,9,9,GAGTGAGGCCGTCGTTTGGG,0,599449
araCp,0.1,9,9,GAGTCATGCCGCACGAACAC,0,545319
araCp,0.1,9,9,GAGTATTAGCGGGGACTTAG,0,535460
araCp,0.1,9,9,GAGTAGTTGGACCATTTTAC,0,582879
araCp,0.1,9,9,GAGTAGACTCACCCCGTTAA,0,600263
araCp,0.1,9,9,GAGGGTGTCAAACTGATTCT,0,554554
araCp,0.1,9,9,GAGGGCCTTTATACTAAGGC,0,546697
araCp,0.1,9,9,GAGGGACACTACAACAGATC,0,563122
araCp,0.1,9,9,GAGGAGACAAAGGGGCATAG,0,575426
araCp,0.1,9,9,GAGCTCGCGACGGCTACGCA,0,599756
araCp,0.1,9,9,GAGCGCCCGATATCAAGTAC,0,542258
araCp,0.1,9,9,GAGCCCGAATAATAGCTCTT,0,573634
araCp,0.1,9,9,GAGCCCACCTATGGCGTAGG,0,553141
araCp,0.1,9,9,GAGATGTTTTGCTAGCTAGA,0,529208
araCp,0.1,9,9,GAGAGGGCTAACATGGATTC,0,543570
araCp,0.1,9,9,GAGACACGGTAGCGATAGCT,0,599973
araCp,0.1,9,9,GAGAATTTCGAGGGGGAGTC,0,575432
araCp,0.1,9,9,GAGAATCCAAAGCTTCGCGT,0,559964
araCp,0.1,9,9,GACTGCGGCATAGTAACACC,0,540420
araCp,0.1,9,9,GACTCCGCGAATGTCCAGAC,0,598284
araCp,0.1,9,9,GACTACGGCAGAGTGATCGC,0,546277
araCp,0.1,9,9,GACGTGCATAGAGGCAGATG,0,585515
araCp,0.1,9,9,GACGCGGCTTTGCCTAGGGC,0,537025
araCp,0.1,9,9,GACCTCTTTGGAACCACATA,0,538700
araCp,0.1,9,9,GACCGCACGGAGTTGAAGGG,0,544901
araCp,0.1,9,9,GACCCTTTGAGGACACTCCC,0,547507
araCp,0.1,9,9,GACCAAGTCGTGAGTGCACA,0,580860
araCp,0.1,9,9,GACAGACTGACTGCTTTTAC,0,559702
araCp,0.1,9,9,GACAATCGGGGGATTTTGGC,0,581104
araCp,0.1,9,9,GAATTCACGCGATTTCATGA,0,565762
araCp,0.1,9,9,GAATTAGTTGTGCGGAGAGG,0,554535
araCp,0.1,9,9,GAATCGTTTCCGTTAGTTTT,0,556790
araCp,0.1,9,9,GAATAGTTATCGGCGACCGA,0,529800
araCp,0.1,9,9,GAATACAGTGACGAACGGGT,0,580656
araCp,0.1,9,9,GAAGGTCCCTGGGGCTCAGT,0,546740
araCp,0.1,9,9,GAAGGCCGTTCGCGAATGTA,0,554782
araCp,0.1,9,9,GAAGGACCTTCGAGGTATTC,0,569014
araCp,0.1,9,9,GAAGCGCACCTGCCGACTTG,0,546866
araCp,0.1,9,9,GAACGGTTATATGCTATCTA,0,557648
araCp,0.1,9,9,GAACCCAACTTCACGCCGTA,0,554517
araCp,0.1,9,9,GAACCAGCGGTAAGTGAAGA,0,581585
araCp,0.1,9,9,GAACAGCATGCGTGTCCGCT,0,602729
araCp,0.1,9,9,GAAATTCCTATCAGTCATTC,0,552879
araCp,0.1,9,9,GAAATGGCCACTATCCTCTC,0,596875
araCp,0.1,9,9,CTTTTCCGGGTGGCACCTTA,0,590832
araCp,0.1,9,9,CTTTGATGAGAGAATCATTT,0,589163
araCp,0.1,9,9,CTTTAACACGGGGGCGGACA,0,583431
araCp,0.1,9,9,CTTGTTTCATGGTTGCGATT,0,602289
araCp,0.1,9,9,CTTGGCCAGGTTGGTTCGCT,0,557350
araCp,0.1,9,9,CTTGATTCTTGGTACGCGTG,0,587856
araCp,0.1,9,9,CTTGATCACCGAATACACAA,0,553414
araCp,0.1,9,9,CTTCGATGTTTGGCCACAGT,0,568942
araCp,0.1,9,9,CTTCCTGTCGAATTCAGGAA,0,596884
araCp,0.1,9,9,CTTCCAGACTGAACCTGGAT,0,551634
araCp,0.1,9,9,CTTATGGTTTATATTAAAAC,0,560501
araCp,0.1,9,9,CTTATACAATTTCACTCGGC,0,537846
araCp,0.1,9,9,CTTAGGGATGACCGCTCCTG,0,536788
araCp,0.1,9,9,CTTAGATCCTGACTAATGTC,0,529658
araCp,0.1,9,9,CTTACTAGAGACAAGATGGC,0,554591
araCp,0.1,9,9,CTTACAAAATCTCCACGATC,0,592869
araCp,0.1,9,9,CTGTTTTGGGTACTCTAGGT,0,527899
araCp,0.1,9,9,CTGTTATAGGATTCGACTAG,0,535631
araCp,0.1,9,9,CTGTTAAGCGGGACAACAAT,0,556807
araCp,0.1,9,9,CTGTGTTTCTGTGCAGTCAT,0,527986
araCp,0.1,9,9,CTGTGACTTTGGTTCCGCGT,0,556164
araCp,0.1,9,9,CTGTCCCGGCATTCATCTCA,0,562247
araCp,0.1,9,9,CTGTAGCCCATCCGTGGGTA,0,527240
araCp,0.1,9,9,CTGTAAGCCCGATCGCGTTG,0,599759
araCp,0.1,9,9,CTGGGTGAACGGAAGTTGGT,0,576062
araCp,0.1,9,9,CTGGGTCATTCCGTTGAACG,0,568240
araCp,0.1,9,9,CTGGGAGATAGGAGCGGTGC,0,543829
araCp,0.1,9,9,CTGGCTTAAACTATCGGTGC,0,583401
araCp,0.1,9,9,CTGGCCCGTACCTCCTGACG,0,560728
araCp,0.1,9,9,CTGGCACTAGCTGCCCGTCA,0,595143
araCp,0.1,9,9,CTGGAGGAGACATACTAGCT,0,573037
araCp,0.1,9,9,CTGCTGCACATATACCGCCT,0,550363
araCp,0.1,9,9,CTGCGGGTTTATCGAAAATG,0,550512
araCp,0.1,9,9,CTGCCGATTGGGAGCCTTAT,0,567465
araCp,0.1,9,9,CTGCATGCATGCAGAATTTC,0,558450
araCp,0.1,9,9,CTGCAAAGGTAGATTCAGCC,0,560338
araCp,0.1,9,9,CTGATTGTGCGGCACCGGGA,0,573443
araCp,0.1,9,9,CTGAGCATCGGATTCGGCCA,0,533952
araCp,0.1,9,9,CTGAACAGTTATCTCGCCTA,0,595495
araCp,0.1,9,9,CTCTCGGTTAGCATTTCTCG,0,571323
araCp,0.1,9,9,CTCTCCTCTTCCAGTCATTA,0,543061
araCp,0.1,9,9,CTCGGTTACGATCAGGTAGG,0,598152
araCp,0.1,9,9,CTCGCCAAACTGCAGTACGG,0,528313
araCp,0.1,9,9,CTCGAGGCTGATCACGGAAA,0,584729
araCp,0.1,9,9,CTCGACGCAGGGGGCAACGT,0,578422
araCp,0.1,9,9,CTCGAACATATTTTCTCTTA,0,584189
araCp,0.1,9,9,CTCCGTTCCGGGGGCTGTGT,0,563982
araCp,0.1,9,9,CTCCGACCCCCGAGCCGAAA,0,560151
araCp,0.1,9,9,CTCATGCTCGGCGCGACCAT,0,560278
araCp,0.1,9,9,CTCAAAGAGTTGTTGATTAT,0,598942
araCp,0.1,9,9,CTATTGACGTTTATTTGTTA,0,585582
araCp,0.1,9,9,CTATGTCCAAAGATTCGGGT,0,553484
araCp,0.1,9,9,CTATGGAATACGTAAGAAAC,0,531804
araCp,0.1,9,9,CTATGCGCTGTGCTCAGCGA,0,538088
araCp,0.1,9,9,CTATGAGTGATAGTTTATCG,0,571681
araCp,0.1,9,9,CTATGAAAACATTTTATGCC,0,576234
araCp,0.1,9,9,CTAGCGTCCACGGTCCTCTT,0,530532
araCp,0.1,9,9,CTAGATGTAGGTCCAATCTC,0,576627
araCp,0.1,9,9,CTAGATGCCACCTCGCACAA,0,596771
araCp,0.1,9,9,CTAGAGCTTTCATGGAGGAC,0,574936
araCp,0.1,9,9,CTAGAAACTCTCTAGGGGAG,0,592656
araCp,0.1,9,9,CTACCGGCTTGAGTGCCTTT,0,597510
araCp,0.1,9,9,CTACCCAGCCTTTAGTGTGG,0,538869
araCp,0.1,9,9,CTAACCCTACATTAAGTTTG,0,562863
araCp,0.1,9,9,CTAAAGATTAGTAACGGAAT,0,549119
araCp,0.1,9,9,CGTTGAGGGGATGCTGTCTC,0,564701
araCp,0.1,9,9,CGTTGAATCTTCCTGTGAAG,0,549084
araCp,0.1,9,9,CGTTCATAAACAACGAAACG,0,549931
araCp,0.1,9,9,CGTGTGCTGTCGCAAATATT,0,545550
araCp,0.1,9,9,CGTGGGTCAACTTTTTCGGA,0,532962
araCp,0.1,9,9,CGTGCCCTAACCCACTCCGC,0,589538
araCp,0.1,9,9,CGTCGCCAGCGCATGCCCGC,0,588205
araCp,0.1,9,9,CGTATGGGGCAATCCTGCAG,0,593558
araCp,0.1,9,9,CGTATAGCCAGCATCAGCAA,0,591832
araCp,0.1,9,9,CGTAGTACGGCTGATCTAGA,0,578537
araCp,0.1,9,9,CGTAGCAAGGTCTTTACAGT,0,574239
araCp,0.1,9,9,CGTAGATCACAGAGTCAGGA,0,600135
araCp,0.1,9,9,CGTAGAATCATTACTACCGG,0,570475
araCp,0.1,9,9,CGTACGTTACAGCAGGCGAC,0,553875
araCp,0.1,9,9,CGTACATCCTACGCAGAAGG,0,528400
araCp,0.1,9,9,CGGTTCGTTCGTACGACCAC,0,600105
araCp,0.1,9,9,CGGTCGCTACGAGTCGTTGG,0,545952
araCp,0.1,9,9,CGGTACAATAACTTTCGTAA,0,570115
araCp,0.1,9,9,CGGTAAGGCATAAACGCATA,0,566573
araCp,0.1,9,9,CGGGTCATACTCCTCCTAGA,0,601916
araCp,0.1,9,9,CGGGGCGACCTTGCATAAGG,0,552314
araCp,0.1,9,9,CGGGGCATGACTTTACCCAC,0,555207
araCp,0.1,9,9,CGGGCTACCCCGATTCAAAT,0,586633
araCp,0.1,9,9,CGGGCAATAGTAACGCTGAG,0,544622
araCp,0.1,9,9,CGGCTTGAACGTTTTGCTTG,0,539770
araCp,0.1,9,9,CGGCGGGAGAACAAATGATT,0,571064
araCp,0.1,9,9,CGGCGAGCACTACGGTAAGT,0,551509
araCp,0.1,9,9,CGGCCGGTGAGTAGACTTGG,0,578517
araCp,0.1,9,9,CGGATTGGACCCTCAGTGAT,0,547110
araCp,0.1,9,9,CGGACGCCGTCGAGGATGTG,0,537220
araCp,0.1,9,9,CGGACCGCCTCAGCGAGTAT,0,554528
araCp,0.1,9,9,CGCTTTACATCACATGGAGC,0,549290
araCp,0.1,9,9,CGCTGACACGACAACGAGGT,0,539150
araCp,0.1,9,9,CGCTCGCTACGAGTGATCTC,0,570764
araCp,0.1,9,9,CGCGTTGGTAGAGCACACAG,0,528710
araCp,0.1,9,9,CGCGGGTAAGCCGCACGCTA,0,595857
araCp,0.1,9,9,CGCGGCTCTCACCTCTCTGT,0,589991
araCp,0.1,9,9,CGCGCTGGATGACATTCGGA,0,563857
araCp,0.1,9,9,CGCGCGGCTGGCTCATGGAC,0,558749
araCp,0.1,9,9,CGCGACGCTGGTACCTAAGG,0,542621
araCp,0.1,9,9,CGCGACAGCTTTACGGTCCG,0,571502
araCp,0.1,9,9,CGCCGAACACGGGACATAAT,0,593654
araCp,0.1,9,9,CGCCCATTCCTGTTGCGTAG,0,529023
araCp,0.1,9,9,CGCCACCTATCACCAGGTTC,0,558225
araCp,0.1,9,9,CGCCACAAGCTCTAGCGGGA,0,568298
araCp,0.1,9,9,CGCCAATGAGGACTTAAAAC,0,565605
araCp,0.1,9,9,CGCATGCATCAGCCGGTAAC,0,599995
araCp,0.1,9,9,CGATTTATACAATCTCGAGT,0,539417
araCp,0.1,9,9,CGATCGTTAACTTGAAACAC,0,528058
araCp,0.1,9,9,CGATACGAAGGCCGAGCCAA,0,580800
araCp,0.1,9,9,CGAGTCTAGATGCAGTACGT,0,535484
araCp,0.1,9,9,CGAGTCTAAACAACGGTAGC,0,586193
araCp,0.1,9,9,CGAGGTTCGGGAGCAAGGAT,0,564487
araCp,0.1,9,9,CGAGGGTGCCTCCTAAGTTC,0,561450
araCp,0.1,9,9,CGACGCTAGGGTATGGTCGC,0,576642
araCp,0.1,9,9,CGACACGGGCTGCGCAGACG,0,546681
araCp,0.1,9,9,CGAAGGGCCTGACGATTCAT,0,592263
araCp,0.1,9,9,CGAACTCAATGTTACCTTTT,0,569434
araCp,0.1,9,9,CGAACCCCGATCTTCGCGTG,0,573995
araCp,0.1,9,9,CGAACCAAAAGTGTGGACTC,0,547134
araCp,0.1,9,9,CGAAACGCGCATAAGGTTGA,0,603244
araCp,0.1,9,9,CCTTTTCTGATTGTTCCAGT,0,531696
araCp,0.1,9,9,CCTTTGTTCCAGCATTACAT,0,545526
araCp,0.1,9,9,CCTTTCGTGCTCTCGCGGTT,0,552612
araCp,0.1,9,9,CCTTCGCTGAACTACATCAT,0,560616
araCp,0.1,9,9,CCTTCGCATGGCCAAGAATC,0,536483
araCp,0.1,9,9,CCTTCGACTAAGAGAGGGTG,0,585675
araCp,0.1,9,9,CCTTACCAGATGTGGAACGA,0,596892
araCp,0.1,9,9,CCTTACATCGCACCCACGCG,0,572976
araCp,0.1,9,9,CCTTACATAATTACTGCAGT,0,529921
araCp,0.1,9,9,CCTCGTTTAGTAATTTCACG,0,529716
araCp,0.1,9,9,CCTCGGGACGAGGGTGGTCG,0,576752
araCp,0.1,9,9,CCTCCTGGCACTCCTTGTGA,0,565158
araCp,0.1,9,9,CCTATGACGTATCAAAACGA,0,601116
araCp,0.1,9,9,CCTACGTCACATCGAGCGGG,0,546920
araCp,0.1,9,9,CCTACCGAATACGTACACCT,0,527211
araCp,0.1,9,9,CCTAATGCGTAGGGACGGCG,0,589838
araCp,0.1,9,9,CCTAAATGCTCACGGCCATA,0,533385
araCp,0.1,9,9,CCGTTGTGTACAAAATTTCT,0,541575
araCp,0.1,9,9,CCGTTCGAGCACTAAAAAGC,0,572648
araCp,0.1,9,9,CCGTGAGCCCAACCTACCCG,0,598428
araCp,0.1,9,9,CCGTAAGCTACGAGAAGCAT,0,550638
araCp,0.1,9,9,CCGGTCTAGCTAACCTGTAA,0,548688
araCp,0.1,9,9,CCGGATATGAAAGTAATTCA,0,575692
araCp,0.1,9,9,CCGGACGCGCCAGGGGGGCC,0,544462
araCp,0.1,9,9,CCGCGTTACAAGCTTTGGAA,0,547089
araCp,0.1,9,9,CCGCCGGTTGTCCGTATCCA,0,591365
araCp,0.1,9,9,CCGCATTGGTCATCATATCT,0,535518
araCp,0.1,9,9,CCGATGCTATCGTGCCTGCA,0,582063
araCp,0.1,9,9,CCGATCCCGGTAGTGTGGCT,0,562884
araCp,0.1,9,9,CCGATAATTCTATAGGTCCT,0,573066
araCp,0.1,9,9,CCGAGTTAAATGATGACGGG,0,580640
araCp,0.1,9,9,CCGAATTCAGCCTTTATTGG,0,528536
araCp,0.1,9,9,CCGAATCCCAGCGTACGCTT,0,566401
araCp,0.1,9,9,CCCTGCCACCGCACAGCTGT,0,568208
araCp,0.1,9,9,CCCTGAGTATGATCGGATCC,0,540341
araCp,0.1,9,9,CCCTCCCACTCAACGCTTCA,0,594688
araCp,0.1,9,9,CCCGTCCTAGACATAACTGT,0,600920
araCp,0.1,9,9,CCCGCTAGGGCGAGCTTATC,0,585690
araCp,0.1,9,9,CCCGCCCAGGCTTCCACGTT,0,576663
araCp,0.1,9,9,CCCGCAGGTGACATCCATTC,0,581297
araCp,0.1,9,9,CCCGCAGAGGACATCTCAGC,0,548722
araCp,0.1,9,9,CCCGCACATGTTAGTGCGTG,0,601390
araCp,0.1,9,9,CCCGAAAATTCGGACGGTCC,0,545748
araCp,0.1,9,9,CCCCGGCTGCCTCATGACGG,0,558343
araCp,0.1,9,9,CCCCGCGAACAATCAATGGC,0,596517
araCp,0.1,9,9,CCCCCATCTACTAGCGTAGA,0,538436
araCp,0.1,9,9,CCCCAGCCAACCTAACTTAA,0,550580
araCp,0.1,9,9,CCCAGTAGGAGCTCGGCTTA,0,560137
araCp,0.1,9,9,CCCAGGGGTACTTAGGTAGC,0,575885
araCp,0.1,9,9,CCATGTGCCTCAGCGTTGTC,0,589802
araCp,0.1,9,9,CCATATTTCACGGACATTCG,0,577261
araCp,0.1,9,9,CCATACTGACGACATTAGTT,0,550288
araCp,0.1,9,9,CCATAACATTCTCTGGTCAT,0,545205
araCp,0.1,9,9,CCAGCGTGGAGTAAGTAGAG,0,579885
araCp,0.1,9,9,CCAGCGGAATCCTTTCCCTG,0,542619
araCp,0.1,9,9,CCAGACCTGAGCCATCGAGT,0,536770
araCp,0.1,9,9,CCACTTGATGTCGCGCTTAG,0,573381
araCp,0.1,9,9,CCACGAGAGTTCTACTGAAG,0,588648
araCp,0.1,9,9,CCAATTTACCGAAGTCTGCA,0,588662
araCp,0.1,9,9,CCAATCTGTCAACCCGGTCT,0,572708
araCp,0.1,9,9,CCAATCGCGACCTGAAATCT,0,577492
araCp,0.1,9,9,CCAAGAGTTGCCGATCCAAA,0,530394
araCp,0.1,9,9,CCAACAGTATGTTGCTCAAT,0,541375
araCp,0.1,9,9,CATTTAACTGCACTTCCTTA,0,550418
araCp,0.1,9,9,CATTGCATGTCTAGGCTTAT,0,563505
araCp,0.1,9,9,CATTCTCATATGGTGTCTCA,0,586863
araCp,0.1,9,9,CATTCTATTAGTTCTATGTG,0,527675
araCp,0.1,9,9,CATTAACAAATCTTGAGCTT,0,560437
araCp,0.1,9,9,CATGTCACTTGGGTGTTGCC,0,573430
araCp,0.1,9,9,CATGTACGTACCAAATGGCA,0,586450
araCp,0.1,9,9,CATCGCGGCGGACGCTTGAC,0,561609
araCp,0.1,9,9,CATCCCTTTCCGGTCCTGTG,0,585382
araCp,0.1,9,9,CATCATTTATTCTCGTCTGT,0,571177
araCp,0.1,9,9,CATCACCAAGGAGGGCTAAT,0,580112
araCp,0.1,9,9,CATCAAACTTATGGGTGAGG,0,567074
araCp,0.1,9,9,CATATTTGTTTTGTTGCTAC,0,542329
araCp,0.1,9,9,CATAGGGCAATAAATCTCAA,0,553245
araCp,0.1,9,9,CATAGAATTACTCCGTCTTG,0,569940
araCp,0.1,9,9,CATACCACCAGACACTGAAG,0,558286
araCp,0.1,9,9,CAGTCTAGCTGTGATGCGGC,0,546202
araCp,0.1,9,9,CAGTAACTTATTCGTATTTG,0,546547
araCp,0.1,9,9,CAGGTTACGGATATTTGACT,0,555336
araCp,0.1,9,9,CAGGGAAACCCGTGCGGCTA,0,576315
araCp,0.1,9,9,CAGCTGCGCTCCCCTTTAGT,0,594243
araCp,0.1,9,9,CAGCCGAGGACAATTTCCGG,0,556612
araCp,0.1,9,9,CAGCCCGGATAAAGATCAAA,0,534830
araCp,0.1,9,9,CAGACTCCCTGGACGATCAC,0,578981
araCp,0.1,9,9,CACTTAATCTCGGCACCTTG,0,544851
araCp,0.1,9,9,CACTGAGTTGGGCATCATAC,0,602154
araCp,0.1,9,9,CACTCTCACTCCGCTGCTCT,0,587911
araCp,0.1,9,9,CACGTGGTGCTATCCCCGCT,0,577786
araCp,0.1,9,9,CACGCGGACATTCTCCGGAA,0,553868
araCp,0.1,9,9,CACGACTAGAACCCATCCTT,0,590458
araCp,0.1,9,9,CACCGCCCCACAATTGAGCC,0,562659
araCp,0.1,9,9,CACCCTATCGCTGAAGGGTA,0,592992
araCp,0.1,9,9,CACATGTGTTTATCGGGCCT,0,551127
araCp,0.1,9,9,CACACTTGTGATATGGAAAG,0,557873
araCp,0.1,9,9,CACACCGCGTCTCACCGAAT,0,530736
araCp,0.1,9,9,CAATTTCGCGTCCAACTACA,0,568770
araCp,0.1,9,9,CAATGGCGTTTTTGAACGAT,0,563245
araCp,0.1,9,9,CAATCTATCCGAGATGATCC,0,593971
araCp,0.1,9,9,CAATCCGTTGATTGCTGCCC,0,545014
araCp,0.1,9,9,CAATATAGGGCACAAGATTA,0,546255
araCp,0.1,9,9,CAAGGCGTCATCGAGGCTCG,0,538434
araCp,0.1,9,9,CAAGGCACGTACATAATGTA,0,562456
araCp,0.1,9,9,CAAGGAAGGGGGAGCGTATT,0,582642
araCp,0.1,9,9,CAAGCGAATTGCTTAGTCTT,0,602165
araCp,0.1,9,9,CAAGCACGAGTAGACATAAG,0,532121
araCp,0.1,9,9,CAACACGACATCTGACCCAA,0,567953
araCp,0.1,9,9,CAAATCGTAGCTATGCGGAC,0,544317
araCp,0.1,9,9,CAAATAACATCATCCCAGAA,0,599398
araCp,0.1,9,9,CAAACAACGGAAAACTAGGG,0,558647
araCp,0.1,9,9,ATTTGGGGTGGTTATTTCTG,0,577178
araCp,0.1,9,9,ATTTGGGCTCGTCTGTTCCA,0,595618
araCp,0.1,9,9,ATTTAGAATGCGTCAATGAC,0,542701
araCp,0.1,9,9,ATTGCGTGTAGGGGCTAATA,0,545403
araCp,0.1,9,9,ATTGCGGCCATCAGTTGAAT,0,529049
araCp,0.1,9,9,ATTGCGATACATAGAAGATA,0,530951
araCp,0.1,9,9,ATTCGGTTAAATACGTACCC,0,568700
araCp,0.1,9,9,ATTCGCACGTTAAGGGAGGG,0,600250
araCp,0.1,9,9,ATTCCCAACGCTATCATTTT,0,527678
araCp,0.1,9,9,ATTATATTACTCCTCGTTCT,0,536914
araCp,0.1,9,9,ATTAAACGCGGAAGGGCTAA,0,532814
araCp,0.1,9,9,ATGTTTATCCCAGGCTCGGA,0,587057
araCp,0.1,9,9,ATGTTCAAATTCGCATTAAC,0,526391
araCp,0.1,9,9,ATGTTATTGCTGACTGACCG,0,565779
araCp,0.1,9,9,ATGTGCCAACTATTGAAAGA,0,559603
araCp,0.1,9,9,ATGTCATCCTGTGGCGCTTC,0,594678
araCp,0.1,9,9,ATGGTGATGGATTTGCTGAT,0,596823
araCp,0.1,9,9,ATGGTATTCTCCGCGGCCGA,0,567539
araCp,0.1,9,9,ATGGGTTTCTAACTAACTGT,0,579788
araCp,0.1,9,9,ATGGGATCCTGTAACGCTTC,0,597289
araCp,0.1,9,9,ATGGCGCTGCTCTTGCCCGT,0,582757
araCp,0.1,9,9,ATGGATATTAAAGACGTCTA,0,589625
araCp,0.1,9,9,ATGGAGAATTGGGCATGTTT,0,589670
araCp,0.1,9,9,ATGCTCGGCAAGGTCGGAGG,0,565075
araCp,0.1,9,9,ATGCATATGGCACGTCTATG,0,579776
araCp,0.1,9,9,ATGCACGCATGGTCGGTCAT,0,600667
araCp,0.1,9,9,ATGACGTTGCGTGCACGCTG,0,529552
araCp,0.1,9,9,ATGACGAGGTGTTGTTCTAC,0,580671
araCp,0.1,9,9,ATGAACCGTCGCGTAATTGC,0,537872
araCp,0.1,9,9,ATCTTTTGATTAGTTGTAAC,0,536862
araCp,0.1,9,9,ATCTTATATGAGAAACTTCG,0,531125
araCp,0.1,9,9,ATCTTATAGTGATCAGTGAC,0,545890
araCp,0.1,9,9,ATCTATGTTCATGTCCGAGT,0,538482
araCp,0.1,9,9,ATCTACTGTCGTAATTGTAT,0,581105
araCp,0.1,9,9,ATCTAAGTTGCGCGTTGGCC,0,574332
araCp,0.1,9,9,ATCGGTAGAGAAGTATATCA,0,569845
araCp,0.1,9,9,ATCGGTAAGGAATTGGTATA,0,546792
araCp,0.1,9,9,ATCGGCATACTTTTCAGCTT,0,555907
araCp,0.1,9,9,ATCGGAATTAATGTCTGCGC,0,577211
araCp,0.1,9,9,ATCGCAATAGGCCTCGCGAC,0,545020
araCp,0.1,9,9,ATCGATGGCAAGTCCTGCAG,0,549422
araCp,0.1,9,9,ATCCGTCATCCGCTTAGTCT,0,593725
araCp,0.1,9,9,ATCCGGAGAGCCAATAGGCC,0,525553
araCp,0.1,9,9,ATCCGATGTTCTTTAGCCGT,0,574275
araCp,0.1,9,9,ATCCCGATCGAGTACACTGC,0,571437
araCp,0.1,9,9,ATCATCATTCTCATAGTTTA,0,576202
araCp,0.1,9,9,ATCATATTAAACCGGGAAAA,0,557129
araCp,0.1,9,9,ATCAAGACGCGTATTGTATA,0,574685
araCp,0.1,9,9,ATCAACGCAGAAGGTTAATG,0,568526
araCp,0.1,9,9,ATATTCGGGAGAAAATCGGA,0,555941
araCp,0.1,9,9,ATATCCCACTATGAGCTTCT,0,569114
araCp,0.1,9,9,ATAGCCTGGTTGACTTCTGG,0,545978
araCp,0.1,9,9,ATAGCATTAGATGGCGGGTA,0,544985
araCp,0.1,9,9,ATAGAGGTTCGTCAAAGAAT,0,566456
araCp,0.1,9,9,ATACAGCGATTGAGTTGAGC,0,543997
araCp,0.1,9,9,ATACACGAGTTACTTTCGGG,0,554331
araCp,0.1,9,9,AGTTTTTAAAGAACGGTTTT,0,564718
araCp,0.1,9,9,AGTTGTTTTGGATCATCTTC,0,594596
araCp,0.1,9,9,AGTTCGTAAACGTCCCAGCG,0,528494
araCp,0.1,9,9,AGTTAAGTATGTAGGGTACT,0,601224
araCp,0.1,9,9,AGTGGGACTTGATCTATCGT,0,532077
araCp,0.1,9,9,AGTGGAACCCAAGAGTCAAC,0,535459
araCp,0.1,9,9,AGTGCTTACGTGACCGGCCA,0,533610
araCp,0.1,9,9,AGTGCTGTAAGCGAATTCTG,0,556858
araCp,0.1,9,9,AGTGCTCGGGTCTGGCATAT,0,531762
araCp,0.1,9,9,AGTGCGGTTCCTGTTCATGG,0,562738
araCp,0.1,9,9,AGTGAGGAAAGCAAGATTAA,0,563607
araCp,0.1,9,9,AGTCTCGGTGCATCGCCATT,0,572679
araCp,0.1,9,9,AGTCCCATAAATCTTAAGTA,0,588755
araCp,0.1,9,9,AGTCCAGGTAGTACATCCGT,0,540879
araCp,0.1,9,9,AGTCCAAAGATTGCGGACCC,0,539533
araCp,0.1,9,9,AGTATACCTACACCCGTCAT,0,526945
araCp,0.1,9,9,AGTAGTTTCTTAGTGGTAGA,0,590122
araCp,0.1,9,9,AGTACTGCGCAGCCACATGC,0,544328
araCp,0.1,9,9,AGTACCGGATTACAATGGAA,0,599073
araCp,0.1,9,9,AGTACACGCACTCGCTGCTG,0,562595
araCp,0.1,9,9,AGTAAGTTTACAAACAGAGG,0,528904
araCp,0.1,9,9,AGTAAGCTTTCAGCCCGTAG,0,545997
araCp,0.1,9,9,AGTAAGATGGTAAACCCCAA,0,567999
araCp,0.1,9,9,AGGTCCCGCGGGCAGGCTTG,0,541288
araCp,0.1,9,9,AGGTCAAGTAAATTTTACCA,0,576702
araCp,0.1,9,9,AGGTATTCCAGTAAGTTTCT,0,528725
araCp,0.1,9,9,AGGTAGACCAGCTGACTCGC,0,592781
araCp,0.1,9,9,AGGGTTCGCCCTAATCAGGT,0,530277
araCp,0.1,9,9,AGGGTGGGCGCTCCGCTATG,0,549964
araCp,0.1,9,9,AGGGTATTAGGCTGTAGTGT,0,566729
araCp,0.1,9,9,AGGGGCTCGCGTGACTGTTG,0,590683
araCp,0.1,9,9,AGGGGATGATCTCCATTACA,0,565178
araCp,0.1,9,9,AGGCTGCTCGCCACATTACT,0,599436
araCp,0.1,9,9,AGGCTCACTTCCCTGCTACT,0,571185
araCp,0.1,9,9,AGGCGGGCGTAGGCTGTGGT,0,582001
araCp,0.1,9,9,AGGCGAGGTGTAAGAGCCTA,0,552606
araCp,0.1,9,9,AGGCATCAGTGGTGGAGGAT,0,550234
araCp,0.1,9,9,AGGCAGACTTCTTAGGTTGT,0,527076
araCp,0.1,9,9,AGGAGTGTAATCTGACCGAT,0,567837
araCp,0.1,9,9,AGCTTTAACCCAGGAGCACT,0,598646
araCp,0.1,9,9,AGCTGTCAGCTTATGAGTGA,0,554343
araCp,0.1,9,9,AGCTATCGCGGTGTAGCGGG,0,544096
araCp,0.1,9,9,AGCTAAAGTACATGCGCGAT,0,588418
araCp,0.1,9,9,AGCGGAAAGGTTTTTCTGCA,0,567030
araCp,0.1,9,9,AGCGATCGACAGCGTTTACG,0,603577
araCp,0.1,9,9,AGCGACGAGGACTTACGTAA,0,540540
araCp,0.1,9,9,AGCCGCGATAGGCCTGCCAT,0,564265
araCp,0.1,9,9,AGCATATGAACGCGCACCTG,0,546131
araCp,0.1,9,9,AGCAGTATCCCAGGCTCAGG,0,557990
araCp,0.1,9,9,AGCAGCGAGATTATGGGCGT,0,571702
araCp,0.1,9,9,AGATGTCTAATAGTATCCGA,0,541339
araCp,0.1,9,9,AGATCTGCTAATTGGCATAA,0,576834
araCp,0.1,9,9,AGATCCGAGTGCCCTATGTT,0,595745
araCp,0.1,9,9,AGATCAGCGACATTATCGTC,0,579002
araCp,0.1,9,9,AGAGGTAGGGTAGGTCGGTT,0,541995
araCp,0.1,9,9,AGAGCGCCACATAATGAACT,0,600401
araCp,0.1,9,9,AGAGCCCACAAGGTAAAAGG,0,557472
araCp,0.1,9,9,AGAGCACGTCCAACCGCGAT,0,574988
araCp,0.1,9,9,AGAGCACCGGACCGTCAACT,0,590753
araCp,0.1,9,9,AGACTGTATCGTCTACATAT,0,556277
araCp,0.1,9,9,AGACGAAAATTCTTGCTTGT,0,535300
araCp,0.1,9,9,AGACCCACAAATGGGTTGTG,0,589815
araCp,0.1,9,9,AGACACAGGATGGTCACCGT,0,599186
araCp,0.1,9,9,AGAACGACCTTGCACACTTA,0,584371
araCp,0.1,9,9,ACTTTTATGGGCTACTGATA,0,548232
araCp,0.1,9,9,ACTTTATGGAGTGATGTAAG,0,561381
araCp,0.1,9,9,ACTTAGGGGTTAATTTTAAT,0,578155
araCp,0.1,9,9,ACTGGGCATCGATGGCCCCT,0,531298
araCp,0.1,9,9,ACTGGATTAAGGTTCAAGAA,0,580265
araCp,0.1,9,9,ACTACGGCTTCCAGCGTATC,0,550907
araCp,0.1,9,9,ACGTTCTTTTTAAGGTGAAA,0,595220
araCp,0.1,9,9,ACGTTATTAGCAAGCGCTGT,0,529252
araCp,0.1,9,9,ACGTTAGGATGAGTTGTCAG,0,535313
araCp,0.1,9,9,ACGTGGTGATCCGTTACAAC,0,561279
araCp,0.1,9,9,ACGTGGGAGGGTGTATGGCA,0,577633
araCp,0.1,9,9,ACGTGGAACCCCCATCGTTG,0,540821
araCp,0.1,9,9,ACGTCTCAGTCGTGGGAAAT,0,526043
araCp,0.1,9,9,ACGTCTACGGCACGCGTTGA,0,534827
araCp,0.1,9,9,ACGTATTGGCATACGGTAGA,0,540918
araCp,0.1,9,9,ACGTAGCGCTAGCGAAGGAT,0,595330
araCp,0.1,9,9,ACGGTCGAGACGGGTAGTCA,0,542917
araCp,0.1,9,9,ACGGGTGTTGTTTTAGAAGA,0,549462
araCp,0.1,9,9,ACGGGCTTTCTACCACCAGT,0,585772
araCp,0.1,9,9,ACGGCGGATGTTCTCCTGGT,0,554726
araCp,0.1,9,9,ACGGACGCCATGAATGCAAT,0,575745
araCp,0.1,9,9,ACGGAATCTGAAAGAGTCCA,0,548875
araCp,0.1,9,9,ACGCGGTTATCGTTATCGAT,0,601377
araCp,0.1,9,9,ACGCCCCCTATTTCACAAAG,0,555547
araCp,0.1,9,9,ACGCCCAGGTAGGAGTCGGG,0,586151
araCp,0.1,9,9,ACGCCAGTTGACCGGTTTTT,0,583295
araCp,0.1,9,9,ACGCATGGTACTGGCTGCAG,0,545732
araCp,0.1,9,9,ACGATTTCAACACTATAGAC,0,527394
araCp,0.1,9,9,ACGATGTCCGTACTGAGCAT,0,537893
araCp,0.1,9,9,ACGAAATGGAGGCCCGACAG,0,539752
araCp,0.1,9,9,ACCTTCGTCCGCCGCAGTAA,0,544698
araCp,0.1,9,9,ACCTTAGAGGCAGTCCGGAT,0,527510
araCp,0.1,9,9,ACCTGTTTGAGCCAAACGTT,0,594337
araCp,0.1,9,9,ACCTCGGAATGGCCGAGCAG,0,538864
araCp,0.1,9,9,ACCTCGAGACTGCAATTTAA,0,562657
araCp,0.1,9,9,ACCTATTGAGACAGCGTGCT,0,550346
araCp,0.1,9,9,ACCGTGAGGGGCGTTCTGCT,0,576357
araCp,0.1,9,9,ACCGGGTTCGGCTGCCAAAT,0,525828
araCp,0.1,9,9,ACCGCTTCACACGTTCACAC,0,565663
araCp,0.1,9,9,ACCGCTGGAACAGTCGATCC,0,584330
araCp,0.1,9,9,ACCGCCACGGCGAGTTGGGG,0,530159
araCp,0.1,9,9,ACCCTCCATATTCTGAGGTC,0,575978
araCp,0.1,9,9,ACCCCTCCAACTGTGGGCAT,0,544463
araCp,0.1,9,9,ACCCCGGTGACAACGAGGTT,0,576818
araCp,0.1,9,9,ACCAGGTGTGTGCGCGCGTT,0,582186
araCp,0.1,9,9,ACCAGAACTACATCAGGGTA,0,532181
araCp,0.1,9,9,ACCAACATGTCCGGAGGAAA,0,570678
araCp,0.1,9,9,ACATCGGCTTGAGTAGCGAG,0,584613
araCp,0.1,9,9,ACATACCTTTTTTTAGCCGT,0,587174
araCp,0.1,9,9,ACACTCATGTGCAGTGAGGG,0,540205
araCp,0.1,9,9,ACACGTGGGAATGTGACCAA,0,529974
araCp,0.1,9,9,ACACGCAGGAGGGGTTCAAC,0,532959
araCp,0.1,9,9,ACACATGTCTGCCGTAGTCA,0,603246
araCp,0.1,9,9,ACAATTGCTAGCTTTTCGTT,0,580316
araCp,0.1,9,9,ACAAGTGTCAAAAAAAATAT,0,579035
araCp,0.1,9,9,ACAAGCTAGTCCCCAGGTGC,0,594072
araCp,0.1,9,9,ACAAGATTGCTGGGGGCCTA,0,585013
araCp,0.1,9,9,ACAACTATCGACTAGCCGTA,0,593261
araCp,0.1,9,9,ACAACCTGGGCTAACTGTAT,0,532476
araCp,0.1,9,9,ACAAACCGTGATCCGATCAA,0,590756
araCp,0.1,9,9,AATTTCCATAATTGTGAAAA,0,569294
araCp,0.1,9,9,AATTTCCAGCCCAGTCGTTC,0,591455
araCp,0.1,9,9,AATTTACCATCCGATTTCGA,0,576303
araCp,0.1,9,9,AATTTAAGGATTGCCTACTT,0,557443
araCp,0.1,9,9,AATTCTAGCACCTGGTGGTC,0,578583
araCp,0.1,9,9,AATTCCGGAAGCTTACCCGA,0,579564
araCp,0.1,9,9,AATGTTTGGACGCGCTGGGT,0,532291
araCp,0.1,9,9,AATGTTTGAATTGCCCGAAG,0,555245
araCp,0.1,9,9,AATGTGGCCCAGCTTCAAAG,0,534133
araCp,0.1,9,9,AATCGACAAACATGCGTGTT,0,557898
araCp,0.1,9,9,AATCAGTGTTCTTTTATGTG,0,588720
araCp,0.1,9,9,AATATCACGATGCTCATACT,0,574467
araCp,0.1,9,9,AATAGGCTGAAAGACCCATG,0,548484
araCp,0.1,9,9,AATACGAACTACAGTCTGTG,0,577255
araCp,0.1,9,9,AATAATTTAACGTAGGCGGC,0,530684
araCp,0.1,9,9,AAGTTAGATGTCTCTGAGAC,0,579645
araCp,0.1,9,9,AAGTCACTGTTCGCAGTCAG,0,538644
araCp,0.1,9,9,AAGGGGTTATTACCGTACCG,0,602191
araCp,0.1,9,9,AAGGCACTTACGCTTGGCGA,0,548180
araCp,0.1,9,9,AAGCTGATTGATTGACCTAA,0,598519
araCp,0.1,9,9,AAGCGATCCTTTGGTTGATC,0,600854
araCp,0.1,9,9,AAGCCATCGCGGTACTTGCA,0,545037
araCp,0.1,9,9,AAGATCAAACAGTAGAATAA,0,555557
araCp,0.1,9,9,AAGATAGCCGCAATACTTGG,0,589909
araCp,0.1,9,9,AAGAAGTCTTTTGAAAATTG,0,581997
araCp,0.1,9,9,AAGAAAGTGGATCCCTCACT,0,591451
araCp,0.1,9,9,AACTTTAGCCATCAACGCTA,0,553514
araCp,0.1,9,9,AACTGCGCTTCAGACCGGCT,0,562914
araCp,0.1,9,9,AACTAAAGGTGTAGCCCCAG,0,603249
araCp,0.1,9,9,AACGGTGACACCGAGCTGGC,0,593589
araCp,0.1,9,9,AACGGCAAACTACCGGGCAG,0,549232
araCp,0.1,9,9,AACGGACCACAGACATGAAT,0,574763
araCp,0.1,9,9,AACGCACGTCATGAGAGGAT,0,584484
araCp,0.1,9,9,AACGCAATGTTATAGCTAAA,0,572920
araCp,0.1,9,9,AACCCTCCGAACTCAATCGT,0,567067
araCp,0.1,9,9,AACCCCCTGTTTTCACCGCG,0,547802
araCp,0.1,9,9,AACATCCCAAGGAACCATTG,0,565122
araCp,0.1,9,9,AACAATAAGGCAACAGCTGA,0,543026
araCp,0.1,9,9,AAATAGCCTACCTGAAATAC,0,583262
araCp,0.1,9,9,AAAGTTACATTACGTTCAAT,0,603536
araCp,0.1,9,9,AAAGACCGAACAATGGATAC,0,574801
araCp,0.1,9,9,AAACTTTAATACAGTGAGTG,0,556804
araCp,0.1,9,9,AAACTTACATCACCTTTGAG,0,575923
araCp,0.1,9,9,AAACGTGGCTTTAATAACAA,0,546691
araCp,0.1,9,9,AAACGCGTAGTATGGGATTG,0,595301
araCp,0.1,9,9,AAACATCTCAAGAATTTTGG,0,566635
araCp,0.1,9,9,AAACACCTTCGGCTCACTTG,0,559349
araCp,0.1,9,9,AAAAGACTTCCGGATTGTAC,0,574249
araCp,0.1,9,9,AAAACCCTACTGAACACTCA,0,549658
araCp,0.1,9,9,AAAAATCATTGCTATGCGGC,0,569921
araCp,0.1,9,9,AAAAACGGGAGAGCTAAGAG,0,601991
araCp,0.1111111111111111,8,8,TTTTGCACGGTTCGTTTCTA,0,563135
araCp,0.1111111111111111,8,8,TTTTGAGAATTAAGCAAGCC,0,528519
araCp,0.1111111111111111,8,8,TTTTCAGGGTTCTTGAGGTC,0,569973
araCp,0.1111111111111111,8,8,TTTTACCGGAGAACGTAAAC,0,574711
araCp,0.1111111111111111,8,8,TTTGTGCTATCCTTTACCCA,0,576210
araCp,0.1111111111111111,8,8,TTTGAGAAAGGTAACCGGAT,0,578033
araCp,0.1111111111111111,8,8,TTTCTGTAGGTCCTCTCGAT,0,553389
araCp,0.1111111111111111,8,8,TTTCTGGAACCTAGCTCGAA,0,559949
araCp,0.1111111111111111,8,8,TTTCCTCCGTATAGGATTCC,0,536038
araCp,0.1111111111111111,8,8,TTGTGACAGATTCGGTGTGC,0,599483
araCp,0.1111111111111111,8,8,TTGTCTGGATATTGTTATGG,0,534356
araCp,0.1111111111111111,8,8,TTGTCAGTCCCTCGGCTGAA,0,555036
araCp,0.1111111111111111,8,8,TTGGTCCTAAGGTCTGAGCT,0,587703
araCp,0.1111111111111111,8,8,TTGGGTGGTATCGTTCGCTT,0,576986
araCp,0.1111111111111111,8,8,TTGCTTAAGCATGAACAGTG,0,600564
araCp,0.1111111111111111,8,8,TTGCTGGCGGAGGGACGCAA,0,548419
araCp,0.1111111111111111,8,8,TTGCTGAGATTCAAAAAAGA,0,583729
araCp,0.1111111111111111,8,8,TTGCGTTGTTCCTAGTCCTT,0,562792
araCp,0.1111111111111111,8,8,TTGCGTATAATATCAGGAGT,0,554091
araCp,0.1111111111111111,8,8,TTGCGGTAGGCAAGCCTACT,0,571506
araCp,0.1111111111111111,8,8,TTGCCTAGTACTGCGTGTCC,0,537682
araCp,0.1111111111111111,8,8,TTGCAAAGTGAGATGTATAC,0,587971
araCp,0.1111111111111111,8,8,TTGATTCAATAACCTAAGAG,0,589125
araCp,0.1111111111111111,8,8,TTGAGTTTCCGGTCATTCTA,0,577029
araCp,0.1111111111111111,8,8,TTGACCTCGTTGGGGCCAGT,0,546307
araCp,0.1111111111111111,8,8,TTGAATAGGCTACCCAGAAC,0,570232
araCp,0.1111111111111111,8,8,TTCTTCCATGGTGTAGGAAT,0,594241
araCp,0.1111111111111111,8,8,TTCTTAGGTATAAGCAAGAT,0,565380
araCp,0.1111111111111111,8,8,TTCTATTGTCACAACCTCCA,0,562327
araCp,0.1111111111111111,8,8,TTCGTTGTTGCCTTTCGGGT,0,544151
araCp,0.1111111111111111,8,8,TTCGTGTTAGTTTTTTGAAG,0,540537
araCp,0.1111111111111111,8,8,TTCGGTATATTTATACATCT,0,543362
araCp,0.1111111111111111,8,8,TTCGGGTGCACGACTGGTTT,0,543287
araCp,0.1111111111111111,8,8,TTCGGCGGTGTCCAGCGCGA,0,542475
araCp,0.1111111111111111,8,8,TTCGATCCTGTATCTCTCTA,0,594201
araCp,0.1111111111111111,8,8,TTCGAGGGGACGTGACGCCT,0,574413
araCp,0.1111111111111111,8,8,TTCCTGGTATAAATTAGTTC,0,539792
araCp,0.1111111111111111,8,8,TTCCTCGCAGAAAACAGTAG,0,526413
araCp,0.1111111111111111,8,8,TTCCCCTTCAGCCTAACTAT,0,577198
araCp,0.1111111111111111,8,8,TTCCATTTAGGCCTCACTGT,0,583210
araCp,0.1111111111111111,8,8,TTCAGGCGAGCAGGGACAGT,0,560351
araCp,0.1111111111111111,8,8,TTCAGGAGTGGTCGGTCCTC,0,589603
araCp,0.1111111111111111,8,8,TTCAGCTTCCGGACCGGCGG,0,601588
araCp,0.1111111111111111,8,8,TTCACTTGAGAAACGCTCAA,0,581682
araCp,0.1111111111111111,8,8,TTCAAACCTAACCGTCGTTT,0,588663
araCp,0.1111111111111111,8,8,TTATTGTCTTTGGCTATCGG,0,577783
araCp,0.1111111111111111,8,8,TTATTGACGTCCACCGGTTA,0,564537
araCp,0.1111111111111111,8,8,TTATCTCGTTACCATATCTG,0,547009
araCp,0.1111111111111111,8,8,TTATCCCGACTGCCGAAATC,0,601820
araCp,0.1111111111111111,8,8,TTATACGCCGCAGGAATCGC,0,568477
araCp,0.1111111111111111,8,8,TTAGTCGAACCGCTGCGACC,0,553764
araCp,0.1111111111111111,8,8,TTAGGATCTAAATTGTGTGG,0,563014
araCp,0.1111111111111111,8,8,TTAGAAAACTGCTATAAACG,0,593079
araCp,0.1111111111111111,8,8,TTACTTGAACTATAATGTAT,0,527969
araCp,0.1111111111111111,8,8,TTACTGGTGGGATCACGTCA,0,536738
araCp,0.1111111111111111,8,8,TTACTAACCTGTAGCCAGAG,0,566445
araCp,0.1111111111111111,8,8,TTACGAGTGCGTCCACGAGA,0,596698
araCp,0.1111111111111111,8,8,TTAAGTACCGGCCGGGGTAG,0,568164
araCp,0.1111111111111111,8,8,TTAAGACTCAATTCTCGGGG,0,554530
araCp,0.1111111111111111,8,8,TTAACTACAAGCGTCAGGGC,0,541589
araCp,0.1111111111111111,8,8,TTAAAATCAGGGTGCAGTCC,0,530674
araCp,0.1111111111111111,8,8,TGTTTGGATTCATTCACCTC,0,600574
araCp,0.1111111111111111,8,8,TGTTTGGACGACCACTTCAG,0,549072
araCp,0.1111111111111111,8,8,TGTTCTGAGGAATGATCACT,0,578419
araCp,0.1111111111111111,8,8,TGTTCGATCCCTACTCCGCT,0,561379
araCp,0.1111111111111111,8,8,TGTTATTAGCGAGGAGGACG,0,595422
araCp,0.1111111111111111,8,8,TGTTAGTCGGGGTGTAGACC,0,600800
araCp,0.1111111111111111,8,8,TGTTAATCGTAGGGCTCGTC,0,578086
araCp,0.1111111111111111,8,8,TGTGTTGCGGGTGGCGTTTC,0,577661
araCp,0.1111111111111111,8,8,TGTGTCTAGGCATTCTGGTT,0,533873
araCp,0.1111111111111111,8,8,TGTGAGTTGATTTGCCAATC,0,548880
araCp,0.1111111111111111,8,8,TGTGAAACTAGAAAACACTG,0,549686
araCp,0.1111111111111111,8,8,TGTCTGTGGTATCGGGGTTA,0,588176
araCp,0.1111111111111111,8,8,TGTCGTCTGTGGTGGACTCA,0,543669
araCp,0.1111111111111111,8,8,TGTCGTAAAGCCGTAAGATC,0,577040
araCp,0.1111111111111111,8,8,TGTCAACAGCTGGGTTCCGA,0,568492
araCp,0.1111111111111111,8,8,TGTAGGGACCACATAAGGGT,0,564678
araCp,0.1111111111111111,8,8,TGTAGCCCAAGGTTCTACAA,0,587742
araCp,0.1111111111111111,8,8,TGTACTATACGTCCTCAAGG,0,570831
araCp,0.1111111111111111,8,8,TGTACCCAGGTGAGGCGGCA,0,542041
araCp,0.1111111111111111,8,8,TGTACCAGGCAGGCATAGAT,0,550729
araCp,0.1111111111111111,8,8,TGTAAGTGACTGTCGGATGG,0,528541
araCp,0.1111111111111111,8,8,TGGGTTCTAGCAGCCCTGGA,0,552850
araCp,0.1111111111111111,8,8,TGGGTAAGAAACTGGGTCCT,0,532108
araCp,0.1111111111111111,8,8,TGGGGTGGGTATGTCGTATC,0,598106
araCp,0.1111111111111111,8,8,TGGGGTCACCAGGGCGTTTA,0,567822
araCp,0.1111111111111111,8,8,TGGGCTTTGACGACAAGGGC,0,534989
araCp,0.1111111111111111,8,8,TGGGATCCGGATGGGGAGAT,0,551197
araCp,0.1111111111111111,8,8,TGGCGGCTAGCGTCTGCAAA,0,551587
araCp,0.1111111111111111,8,8,TGGCAAGCGCGTGATCTTAT,0,533823
araCp,0.1111111111111111,8,8,TGGAGGCCAAGTATGTGCTC,0,553883
araCp,0.1111111111111111,8,8,TGGAGCGTCGCCGGTGTCTT,0,598188
araCp,0.1111111111111111,8,8,TGGACGGCGCTGAACTATAC,0,568747
araCp,0.1111111111111111,8,8,TGGACCCTGTACTTACCACA,0,582504
araCp,0.1111111111111111,8,8,TGGACACATAGGAGATCAAC,0,536920
araCp,0.1111111111111111,8,8,TGGACAAGCCTCAGGGGTGT,0,536532
araCp,0.1111111111111111,8,8,TGGAACTAGGGGTTGGTATT,0,535390
araCp,0.1111111111111111,8,8,TGCTTTTGGACGGGACTGAC,0,545314
araCp,0.1111111111111111,8,8,TGCTGTAGCAAGTTGCCGCG,0,577079
araCp,0.1111111111111111,8,8,TGCGGGGGCTGGTCGTGAAG,0,555800
araCp,0.1111111111111111,8,8,TGCGGACCGAAGCGGGTCAA,0,584050
araCp,0.1111111111111111,8,8,TGCGGAAGAGGTACACCGCA,0,546391
araCp,0.1111111111111111,8,8,TGCGCGGGAACACCGCTCCA,0,581413
araCp,0.1111111111111111,8,8,TGCGCGACAGGAATCAACAG,0,593002
araCp,0.1111111111111111,8,8,TGCGCATTGGTTACGCTGAA,0,543415
araCp,0.1111111111111111,8,8,TGCGATTGTGTTACTATCAC,0,581768
araCp,0.1111111111111111,8,8,TGCCATAATCCAAAGGGTAA,0,540261
araCp,0.1111111111111111,8,8,TGCCAGCAGTTAGGAGTGAG,0,529353
araCp,0.1111111111111111,8,8,TGCACGGGTCTTAGCTGTTG,0,572177
araCp,0.1111111111111111,8,8,TGATTGGTAAATTCGGGCTA,0,596442
araCp,0.1111111111111111,8,8,TGATTGATTAGTTGTACATC,0,596312
araCp,0.1111111111111111,8,8,TGATGTTTTACGCGAGTGGA,0,597225
araCp,0.1111111111111111,8,8,TGATGCAAAAATTCCGACCA,0,582603
araCp,0.1111111111111111,8,8,TGATCCGTTCTATGAATGGT,0,553456
araCp,0.1111111111111111,8,8,TGAGTGCACCGGGAGCCCGT,0,566714
araCp,0.1111111111111111,8,8,TGAGTCAGCGTCACTCGGAG,0,566108
araCp,0.1111111111111111,8,8,TGAGGTCGTATGTATCGAAT,0,554347
araCp,0.1111111111111111,8,8,TGAGGCTGCGCTTTCAACCA,0,542512
araCp,0.1111111111111111,8,8,TGAGACAGCATTTGTTACAG,0,595236
araCp,0.1111111111111111,8,8,TGACTTTTCCTAAGGTTTTG,0,540057
araCp,0.1111111111111111,8,8,TGACGTTCTCCCCCAGTCAT,0,573062
araCp,0.1111111111111111,8,8,TGACGGTGTTGCCACGGAGA,0,571329
araCp,0.1111111111111111,8,8,TGACCTCAAGACGAGCCATA,0,533349
araCp,0.1111111111111111,8,8,TGACATCCGGGGACCCGGAT,0,555818
araCp,0.1111111111111111,8,8,TGAACTCAAAGGGAGGCTGT,0,535257
araCp,0.1111111111111111,8,8,TGAACGCCCATTACCTGCAA,0,565738
araCp,0.1111111111111111,8,8,TGAACAAATACGTCCCTCCA,0,580020
araCp,0.1111111111111111,8,8,TGAAAAGGTTATTCCATATA,0,572033
araCp,0.1111111111111111,8,8,TCTTTCGGAGTAAAACGCTT,0,595777
araCp,0.1111111111111111,8,8,TCTTCTGTCTCAAAGTAATC,0,535616
araCp,0.1111111111111111,8,8,TCTTCATTGCTAGGAGCAAA,0,535487
araCp,0.1111111111111111,8,8,TCTTCATAGAGTCGAAGACG,0,545198
araCp,0.1111111111111111,8,8,TCTGTCCAACAACGGCCAGT,0,599346
araCp,0.1111111111111111,8,8,TCTGGTGGTCGCGGCCTACG,0,554786
araCp,0.1111111111111111,8,8,TCTGGATAGGATAAAAATTC,0,532381
araCp,0.1111111111111111,8,8,TCTGCGGGTAAGGCCTATAG,0,542146
araCp,0.1111111111111111,8,8,TCTGCATAAACGGGTCGAGA,0,603125
araCp,0.1111111111111111,8,8,TCTGCACTCCGCTCCGTAAT,0,532334
araCp,0.1111111111111111,8,8,TCTCTAAAAACTATAAGTAG,0,540795
araCp,0.1111111111111111,8,8,TCTCCAGAGGCAGCGGGGAT,0,563768
araCp,0.1111111111111111,8,8,TCTCAACAAACGTTGCCTCT,0,533718
araCp,0.1111111111111111,8,8,TCTACCAATGCGACGTTGGT,0,533175
araCp,0.1111111111111111,8,8,TCTAAACTAAGATCAGGCAT,0,564110
araCp,0.1111111111111111,8,8,TCGTTGGGGTACAATAGGCC,0,596645
araCp,0.1111111111111111,8,8,TCGTGGTGGTCATCTTCACG,0,542624
araCp,0.1111111111111111,8,8,TCGTCTTTAGTTTTGGGGGT,0,576839
araCp,0.1111111111111111,8,8,TCGTCGAGCGATGCGATACG,0,536508
araCp,0.1111111111111111,8,8,TCGGGTTTGGTACTTCCAGG,0,575758
araCp,0.1111111111111111,8,8,TCGGGGGGTAGGGTTCCGTA,0,593786
araCp,0.1111111111111111,8,8,TCGGGGGACCGAGAAAGAGA,0,602294
araCp,0.1111111111111111,8,8,TCGGGCATACGCTTTATGGT,0,573965
araCp,0.1111111111111111,8,8,TCGGCGTGGTTTACCCCGAT,0,535946
araCp,0.1111111111111111,8,8,TCGGATGCGACTCACGCATA,0,577554
araCp,0.1111111111111111,8,8,TCGGATATCCGGGACCTAAC,0,599810
araCp,0.1111111111111111,8,8,TCGGACGCATCGAACCCTTA,0,550741
araCp,0.1111111111111111,8,8,TCGCTCTGGAATAGACCCAC,0,587625
araCp,0.1111111111111111,8,8,TCGCCTCTAGCAGGGTTTGT,0,526271
araCp,0.1111111111111111,8,8,TCGCATTGACAAGAGGCTTT,0,539372
araCp,0.1111111111111111,8,8,TCGCAGGTTTCTAGTGGCGA,0,559483
araCp,0.1111111111111111,8,8,TCGATAATATATCGTCTAAC,0,533623
araCp,0.1111111111111111,8,8,TCGAGGGGAAACCCAGAATG,0,597037
araCp,0.1111111111111111,8,8,TCGAGGCAGGCTTAGTCATA,0,578844
araCp,0.1111111111111111,8,8,TCCGGTCTCGATTTCCGAAC,0,539655
araCp,0.1111111111111111,8,8,TCCGCTGCCGTTTGCTATAC,0,595748
araCp,0.1111111111111111,8,8,TCCGAGTAGCGGATTATGAT,0,552967
araCp,0.1111111111111111,8,8,TCCCGTATGCACTGCCTTGG,0,590224
araCp,0.1111111111111111,8,8,TCCCGGCGTTCGTTCAGTGT,0,599614
araCp,0.1111111111111111,8,8,TCCCCCAGAGAGATAGGTCC,0,545444
araCp,0.1111111111111111,8,8,TCCATTATAGGCCAAGAAAC,0,528930
araCp,0.1111111111111111,8,8,TCCATCCTTCGAACATATAC,0,556428
araCp,0.1111111111111111,8,8,TCCACCCAGAACTGAGGTTA,0,534307
araCp,0.1111111111111111,8,8,TCCAACTGGCGATACAGCGG,0,566692
araCp,0.1111111111111111,8,8,TCATTACAGTAAAGGCTGCA,0,531908
araCp,0.1111111111111111,8,8,TCATGTTCGTCGAACCGTGT,0,595145
araCp,0.1111111111111111,8,8,TCATCTTTGTCAAGTATACC,0,554824
araCp,0.1111111111111111,8,8,TCATACGATGAGTCAAGCAT,0,546760
araCp,0.1111111111111111,8,8,TCAGTTAGAGCATGTCTCGG,0,556125
araCp,0.1111111111111111,8,8,TCAGTACCTCGACATCGGAT,0,566332
araCp,0.1111111111111111,8,8,TCAGCGACCAGTGGCGGTGA,0,566970
araCp,0.1111111111111111,8,8,TCAGCGAAAACCGCAAGAGC,0,539657
araCp,0.1111111111111111,8,8,TCAGCACCCAAGATATTCAT,0,577290
araCp,0.1111111111111111,8,8,TCAGATGTAACGCCCCCCTC,0,561441
araCp,0.1111111111111111,8,8,TCACTGCAACCATGGGCTGA,0,559501
araCp,0.1111111111111111,8,8,TCACTCCCAGTGCTTATGCG,0,597317
araCp,0.1111111111111111,8,8,TCAATTGTAAGGCGTCAAGC,0,527362
araCp,0.1111111111111111,8,8,TCAAGACCGTATAACATTGA,0,556363
araCp,0.1111111111111111,8,8,TCAAATACACGTACAACATA,0,602413
araCp,0.1111111111111111,8,8,TATTGAACAAAGAGGATGAT,0,527040
araCp,0.1111111111111111,8,8,TATTATACAGCAGATCTCCG,0,548869
araCp,0.1111111111111111,8,8,TATTACGTTTGTTAGAAAAA,0,541344
araCp,0.1111111111111111,8,8,TATGTCACCTCGTATCCCTG,0,565423
araCp,0.1111111111111111,8,8,TATGGAAAAAACGTTTGTGC,0,574992
araCp,0.1111111111111111,8,8,TATGACAAATCGGAGTGTCT,0,554834
araCp,0.1111111111111111,8,8,TATCGTCCCCTTAGGGAAGT,0,530020
araCp,0.1111111111111111,8,8,TATCGCCTACCACACGTACG,0,533466
araCp,0.1111111111111111,8,8,TATCGAGTGGTTCGTATACT,0,570234
araCp,0.1111111111111111,8,8,TATACTGAGAAGTTAACGGA,0,541615
araCp,0.1111111111111111,8,8,TAGGGTGTTTCACGAGCAAA,0,584768
araCp,0.1111111111111111,8,8,TAGGGACATAGCAGATCCTA,0,558787
araCp,0.1111111111111111,8,8,TAGGCTTATGTTCGAGTCAT,0,550351
araCp,0.1111111111111111,8,8,TAGGCGCTCCTCTATTGTGT,0,535102
araCp,0.1111111111111111,8,8,TAGCATCCTGGGAACCAGGG,0,537051
araCp,0.1111111111111111,8,8,TAGATACGAGCATCACGTTT,0,542754
araCp,0.1111111111111111,8,8,TAGAGCGCATGCGTGAAAGC,0,575994
araCp,0.1111111111111111,8,8,TAGACTGTCAGAAAAAATGT,0,569623
araCp,0.1111111111111111,8,8,TAGAATGCAATGCGCGAGCC,0,593335
araCp,0.1111111111111111,8,8,TACTTCACACTTTGTAATAT,0,555094
araCp,0.1111111111111111,8,8,TACTGAGCACGCTCGACAAA,0,593987
araCp,0.1111111111111111,8,8,TACTAGCGCAGCATACAGCT,0,555158
araCp,0.1111111111111111,8,8,TACGGGGAAATGGGCCTATT,0,561537
araCp,0.1111111111111111,8,8,TACCGTAATGATCCAGGACT,0,601981
araCp,0.1111111111111111,8,8,TACCGCAAAACTCAGCCTCA,0,545895
araCp,0.1111111111111111,8,8,TACCATGCAGTAAGGTCAAC,0,535200
araCp,0.1111111111111111,8,8,TACCACCCATGGGCGTACTT,0,546721
araCp,0.1111111111111111,8,8,TACCACAGCTCTGTGTATTT,0,531051
araCp,0.1111111111111111,8,8,TACATTTAAAGGAGCCCACC,0,571000
araCp,0.1111111111111111,8,8,TAATTCGCGTGCTAGTGTGG,0,587389
araCp,0.1111111111111111,8,8,TAATTCAAGGGCCGAGGGAT,0,528739
araCp,0.1111111111111111,8,8,TAATGGATCGCCGGAGGCTT,0,592292
araCp,0.1111111111111111,8,8,TAATGGACACATAGCTCGCC,0,589395
araCp,0.1111111111111111,8,8,TAAGTGGTAACTGGTTAGCA,0,563560
araCp,0.1111111111111111,8,8,TAAGTGAGCCTCTCAGGTCA,0,568793
araCp,0.1111111111111111,8,8,TAAGGCATCAAAGAGAGCGA,0,562830
araCp,0.1111111111111111,8,8,TAAGCTGGCGGGCGCAGTCC,0,595068
araCp,0.1111111111111111,8,8,TAAGCGGGATTCGGACCACT,0,528060
araCp,0.1111111111111111,8,8,TAAGAGTAGTGGTTTTAAGC,0,581124
araCp,0.1111111111111111,8,8,TAACGTCTTCGCGTGAAGTG,0,590603
araCp,0.1111111111111111,8,8,TAACGGCACTCTCAATGCAG,0,564755
araCp,0.1111111111111111,8,8,TAACGCGGCGGACCCAAGAT,0,582170
araCp,0.1111111111111111,8,8,TAACCAGCAAGTTGAGCGCT,0,557127
araCp,0.1111111111111111,8,8,TAAAGGAGCGAACACAGTTT,0,554352
araCp,0.1111111111111111,8,8,TAAACCAATTCGTCTCTAAA,0,557532
araCp,0.1111111111111111,8,8,GTTTTTGGCCGATCGGCTGA,0,599092
araCp,0.1111111111111111,8,8,GTTTTTAACAGGTCCAAGCA,0,542287
araCp,0.1111111111111111,8,8,GTTTTGCGCTAAGATAAGTA,0,595494
araCp,0.1111111111111111,8,8,GTTTCAGAAAAGACGGAAAG,0,564237
araCp,0.1111111111111111,8,8,GTTTACTCTTAAGGGGATCG,0,530026
araCp,0.1111111111111111,8,8,GTTGTTTGTAATATTTCGAA,0,550707
araCp,0.1111111111111111,8,8,GTTGTGCGCATTAACCTACG,0,542959
araCp,0.1111111111111111,8,8,GTTGGTGGGTGGCGGTACAT,0,550462
araCp,0.1111111111111111,8,8,GTTGCCATGGGCCAGTGCTG,0,593709
araCp,0.1111111111111111,8,8,GTTCTGTCACGTCAAATAGA,0,571025
araCp,0.1111111111111111,8,8,GTTCCTCGGAAGGAGAGGCT,0,575928
araCp,0.1111111111111111,8,8,GTTCCAGCACGTAGACGTCA,0,572170
araCp,0.1111111111111111,8,8,GTTCATCGACGAGCAAATAC,0,564048
araCp,0.1111111111111111,8,8,GTTATAGATAATTGGCTACA,0,544311
araCp,0.1111111111111111,8,8,GTGTTGGAGTCACGGTATGT,0,551539
araCp,0.1111111111111111,8,8,GTGTTCGTCGCTTGTTGCAT,0,571345
araCp,0.1111111111111111,8,8,GTGTTACGATGAAGACGAAT,0,543046
araCp,0.1111111111111111,8,8,GTGTACCAAAGTAGCTGACT,0,573172
araCp,0.1111111111111111,8,8,GTGGGCAAACGGGTGTTAGT,0,580898
araCp,0.1111111111111111,8,8,GTGGGATGACAACGCTTTAA,0,563040
araCp,0.1111111111111111,8,8,GTGGGAAGCAGCGCTCGGAG,0,525941
araCp,0.1111111111111111,8,8,GTGCCTCCATTCAAAAAGGG,0,570860
araCp,0.1111111111111111,8,8,GTGATCGTTACGGTGATACC,0,579577
araCp,0.1111111111111111,8,8,GTGATCCATGTTCAGACTTT,0,527168
araCp,0.1111111111111111,8,8,GTGAATTTTGGAAGGCGCTT,0,529468
araCp,0.1111111111111111,8,8,GTCTTCTAGCAGGCGTGTTC,0,583565
araCp,0.1111111111111111,8,8,GTCTGCTCCCTTGAATCCCA,0,580379
araCp,0.1111111111111111,8,8,GTCTGCTCAGTCACCGGTCA,0,562176
araCp,0.1111111111111111,8,8,GTCGTTGGAACACCCAACCT,0,539078
araCp,0.1111111111111111,8,8,GTCGTGGTTAATACGATAGA,0,532161
araCp,0.1111111111111111,8,8,GTCGTATGGGGCTATAGCCG,0,593289
araCp,0.1111111111111111,8,8,GTCGTAGATCATGCACTCTT,0,552252
araCp,0.1111111111111111,8,8,GTCGGATAGATAAGGACGTA,0,565601
araCp,0.1111111111111111,8,8,GTCGCTCCCTTACGGCTATC,0,585944
araCp,0.1111111111111111,8,8,GTCGAGGGACGACAGATAAT,0,595553
araCp,0.1111111111111111,8,8,GTCCTCACAACGCCGTAGAG,0,555575
araCp,0.1111111111111111,8,8,GTCCATTTGTTTGCCCTGCA,0,551821
araCp,0.1111111111111111,8,8,GTCCAGTTTATGTGAGACAT,0,598433
araCp,0.1111111111111111,8,8,GTCCAGTCGTCTTCACCAAA,0,573916
araCp,0.1111111111111111,8,8,GTCATATATTATTGACATGA,0,550299
araCp,0.1111111111111111,8,8,GTCAAGGTGCGTAACATCTA,0,543607
araCp,0.1111111111111111,8,8,GTATGGCCGTGCCGCTTGGA,0,567231
araCp,0.1111111111111111,8,8,GTATGCATAGACTCAGCCCC,0,563079
araCp,0.1111111111111111,8,8,GTATGAGTAGTGGCAAGACT,0,581157
araCp,0.1111111111111111,8,8,GTATCGGTAGAGGTGGCTGG,0,575258
araCp,0.1111111111111111,8,8,GTATAAATTCGGGGCACGGC,0,587137
araCp,0.1111111111111111,8,8,GTAGTCCACAAGGCACAGCA,0,601223
araCp,0.1111111111111111,8,8,GTAGTATCGGACCGATCGAG,0,574660
araCp,0.1111111111111111,8,8,GTAGGACATGAAACCTGCTG,0,600480
araCp,0.1111111111111111,8,8,GTAGCTGGTTGTCTGATGTC,0,551963
araCp,0.1111111111111111,8,8,GTAGCCGCCGCTCTCGATGG,0,526206
araCp,0.1111111111111111,8,8,GTAGATACTATAACCTTAAG,0,537344
araCp,0.1111111111111111,8,8,GTACTTGGGATAAGTCGCCC,0,582900
araCp,0.1111111111111111,8,8,GTACGTTTTACCGTAACCGG,0,548622
araCp,0.1111111111111111,8,8,GTAAGTAGGGGTGGATGGCA,0,597249
araCp,0.1111111111111111,8,8,GTAAGATACCTCCGAAGAGC,0,599594
araCp,0.1111111111111111,8,8,GTAACTAGATAATGTAGATC,0,542443
araCp,0.1111111111111111,8,8,GTAAAAATGAAGCCCTATAT,0,593205
araCp,0.1111111111111111,8,8,GGTTGGCATTGTTGCGTGAA,0,583568
araCp,0.1111111111111111,8,8,GGTTCATTCCCTAGCGTCAA,0,570917
araCp,0.1111111111111111,8,8,GGTTATAGCAGGGTTTGTAG,0,585080
araCp,0.1111111111111111,8,8,GGTTAGAGGTGTATAGATGA,0,540967
araCp,0.1111111111111111,8,8,GGTGGTGGACCCGTATTACG,0,542281
araCp,0.1111111111111111,8,8,GGTGGGCGGACTCGATCAGT,0,544265
araCp,0.1111111111111111,8,8,GGTGGCAGGGTGCATAATTT,0,534912
araCp,0.1111111111111111,8,8,GGTGCGTTCATCGCTCGTCA,0,547162
araCp,0.1111111111111111,8,8,GGTGATAGGTCGGGTTCGGG,0,569656
araCp,0.1111111111111111,8,8,GGTGAGCGACTTCAGATGGA,0,582464
araCp,0.1111111111111111,8,8,GGTCTCGACTGCGGTTTGCA,0,559836
araCp,0.1111111111111111,8,8,GGTCCCGCCTACCGAAAGGT,0,532538
araCp,0.1111111111111111,8,8,GGTCATCCGCGTGTGCTGCG,0,573171
araCp,0.1111111111111111,8,8,GGTCACCCTATTAAGAGCCT,0,594100
araCp,0.1111111111111111,8,8,GGTAGCGATATACTCCTCCA,0,538255
araCp,0.1111111111111111,8,8,GGTAAAACAGAACGATCATT,0,534166
araCp,0.1111111111111111,8,8,GGGTTTAAGGTTAGCACATC,0,588601
araCp,0.1111111111111111,8,8,GGGTGCACAACGAAAGTACG,0,593640
araCp,0.1111111111111111,8,8,GGGTCTGCCCTGCCCTACAA,0,545671
araCp,0.1111111111111111,8,8,GGGTAGACATTTTTAGTTTA,0,555903
araCp,0.1111111111111111,8,8,GGGGGCCGGAGCGAGACAAG,0,536882
araCp,0.1111111111111111,8,8,GGGGGACGCCGCCCGCGCAA,0,544313
araCp,0.1111111111111111,8,8,GGGGAGCGCCTGAGCCCTAC,0,536619
araCp,0.1111111111111111,8,8,GGGCTGACTCCACAGCATGT,0,583234
araCp,0.1111111111111111,8,8,GGGCGCTTGGGGCGTCATGT,0,580109
araCp,0.1111111111111111,8,8,GGGCCGGCCGCGTATTTCGC,0,529745
araCp,0.1111111111111111,8,8,GGGCATTCCAAGCTCGGCTG,0,573789
araCp,0.1111111111111111,8,8,GGGCATAAGCGGGCTGCAGG,0,582091
araCp,0.1111111111111111,8,8,GGGCAGAGGAATGTTACTAA,0,526097
araCp,0.1111111111111111,8,8,GGGCACCTGCCCGAAGGGCA,0,561270
araCp,0.1111111111111111,8,8,GGGAGCCTACCCATCCACTT,0,527229
araCp,0.1111111111111111,8,8,GGGAATTCGCTCATGTAATG,0,562678
araCp,0.1111111111111111,8,8,GGGAACGCGTTAATCTAGAC,0,537485
araCp,0.1111111111111111,8,8,GGCTTTAGGCACATGTGAAC,0,530255
araCp,0.1111111111111111,8,8,GGCTTATCAGCAGTTGCAAC,0,529020
araCp,0.1111111111111111,8,8,GGCGTGAGGGCGCAACGAAA,0,568112
araCp,0.1111111111111111,8,8,GGCGGTGTAATGCCATTATT,0,562882
araCp,0.1111111111111111,8,8,GGCGCACTATTAAAGGTTAT,0,592654
araCp,0.1111111111111111,8,8,GGCCTACGGCCAGCCATTTC,0,581494
araCp,0.1111111111111111,8,8,GGCCTAATACTTCAGTCTCA,0,578758
araCp,0.1111111111111111,8,8,GGCCGGCGTCAGCACATACT,0,600150
araCp,0.1111111111111111,8,8,GGCCCGCGCTCTACGTCACC,0,582371
araCp,0.1111111111111111,8,8,GGCCATGTTACGTCTGACGT,0,543964
araCp,0.1111111111111111,8,8,GGCCACTCTCGGGAGGGGAG,0,543007
araCp,0.1111111111111111,8,8,GGCCACCGACAATTGCATTG,0,556985
araCp,0.1111111111111111,8,8,GGCAGCAAGGCTCACCGGCA,0,560514
araCp,0.1111111111111111,8,8,GGCAAGAGAACCGGGCGCCC,0,543000
araCp,0.1111111111111111,8,8,GGATGCCAGTTTCACAGGAG,0,556421
araCp,0.1111111111111111,8,8,GGATATGCCTTTACGCAACG,0,570163
araCp,0.1111111111111111,8,8,GGAGGCGTCTTTGTGACAAT,0,530838
araCp,0.1111111111111111,8,8,GGAGCACTTACGACCAGCGA,0,578650
araCp,0.1111111111111111,8,8,GGACTTGAGGCGAATCCCCC,0,561095
araCp,0.1111111111111111,8,8,GGACTAAAGAACTCCGAGAC,0,531439
araCp,0.1111111111111111,8,8,GGACGTTGCAAATTATCTGT,0,549803
araCp,0.1111111111111111,8,8,GGACATGGCTCATTTGTTTG,0,575927
araCp,0.1111111111111111,8,8,GGACAATATTCGATTGAGAG,0,545742
araCp,0.1111111111111111,8,8,GGAATCCTCGGACGGTTGTC,0,555341
araCp,0.1111111111111111,8,8,GGAATACGGCCGCGTCGTCT,0,541115
araCp,0.1111111111111111,8,8,GGAAGGGCGAAGTCCCCTAG,0,528505
araCp,0.1111111111111111,8,8,GGAAGAGGTGAGTGCCTATG,0,576800
araCp,0.1111111111111111,8,8,GGAAGACGCAGAACCGTGTC,0,587135
araCp,0.1111111111111111,8,8,GCTTCGCGCGTAATGGAGTA,0,551151
araCp,0.1111111111111111,8,8,GCTTCCACTTTGACTGCGTG,0,554349
araCp,0.1111111111111111,8,8,GCTGCGACGTGGGGGCAATG,0,545257
araCp,0.1111111111111111,8,8,GCTGCAGATTTAGCACCCAT,0,564049
araCp,0.1111111111111111,8,8,GCTGAATTATGGAGCCAGCA,0,588822
araCp,0.1111111111111111,8,8,GCTCTCATGTCTCCAGCTTG,0,547876
araCp,0.1111111111111111,8,8,GCTCTAGCTGTTTTCGAGAA,0,551665
araCp,0.1111111111111111,8,8,GCTCTACGTGTAACGATTAC,0,537336
araCp,0.1111111111111111,8,8,GCTCGAGCGCGAGGTATGCT,0,593292
araCp,0.1111111111111111,8,8,GCTCGACTCATGGTTCTCCT,0,601120
araCp,0.1111111111111111,8,8,GCTAGTTGCGTCACCCATGG,0,586748
araCp,0.1111111111111111,8,8,GCTAGCAGTATCTCGGCTGT,0,591812
araCp,0.1111111111111111,8,8,GCTACTCCATCAATGTCAGA,0,597853
araCp,0.1111111111111111,8,8,GCTAACTCTAGATCCACGGT,0,563390
araCp,0.1111111111111111,8,8,GCGTGTGGGCGAGTCACACT,0,552471
araCp,0.1111111111111111,8,8,GCGTCGAAAGTAATCGAATA,0,557389
araCp,0.1111111111111111,8,8,GCGTCAACCAGGCGTTCTCG,0,568960
araCp,0.1111111111111111,8,8,GCGGGTCGATAACCTTGACA,0,537433
araCp,0.1111111111111111,8,8,GCGGGTCAACGTCAAAGGCG,0,588338
araCp,0.1111111111111111,8,8,GCGGGCCTGAAAGTTTCTAT,0,538089
araCp,0.1111111111111111,8,8,GCGGGAACCCATCCGGTAAT,0,545802
araCp,0.1111111111111111,8,8,GCGGAAGACCGTCATCTCAC,0,547347
araCp,0.1111111111111111,8,8,GCGCCTATGGACCGACGTAT,0,580149
araCp,0.1111111111111111,8,8,GCGCACCTCCGATACTGTAA,0,585931
araCp,0.1111111111111111,8,8,GCGATTACCGCCTCTTGCTC,0,579711
araCp,0.1111111111111111,8,8,GCGAATCAGCACTTAATTCC,0,535791
araCp,0.1111111111111111,8,8,GCCTTTTTATGTTCCAGGAT,0,573383
araCp,0.1111111111111111,8,8,GCCTTGACTCCCGGTCTATG,0,526259
araCp,0.1111111111111111,8,8,GCCTGCAACGTCTTCTAACG,0,586385
araCp,0.1111111111111111,8,8,GCCTGAATAGAAGCGCACAG,0,572697
araCp,0.1111111111111111,8,8,GCCTCTGTCTTTCCACTACC,0,599071
araCp,0.1111111111111111,8,8,GCCTACGAATAGCTGACCCA,0,582155
araCp,0.1111111111111111,8,8,GCCGTCATACGTCACACGAC,0,600899
araCp,0.1111111111111111,8,8,GCCGTAACTCAGCGCGATTC,0,579975
araCp,0.1111111111111111,8,8,GCCGCTCTACATAAGATTGA,0,526393
araCp,0.1111111111111111,8,8,GCCGATAAACACTGGTGTCT,0,553049
araCp,0.1111111111111111,8,8,GCCCGTGGTCATACTCCGGC,0,582143
araCp,0.1111111111111111,8,8,GCCATGACAGGTGGACTCGT,0,537667
araCp,0.1111111111111111,8,8,GCCATAAGTGGCGTAAAATT,0,548240
araCp,0.1111111111111111,8,8,GCCAGGTCCGGTGAGAGGCA,0,590418
araCp,0.1111111111111111,8,8,GCCAATTGTGGCCGCTCCCT,0,603693
araCp,0.1111111111111111,8,8,GCCAATTCAATGCTTACGGC,0,576041
araCp,0.1111111111111111,8,8,GCCAATGTCGTACCAGCCAA,0,601044
araCp,0.1111111111111111,8,8,GCATCTATGGTCCCAAAGAA,0,552754
araCp,0.1111111111111111,8,8,GCATATAGCGGGCGCGATGC,0,571258
araCp,0.1111111111111111,8,8,GCATAGTCCCTTAGTACCTA,0,570299
araCp,0.1111111111111111,8,8,GCATAGGGGTATCTCGTTCT,0,588494
araCp,0.1111111111111111,8,8,GCAGCTCGGCAACCGGTTGC,0,597543
araCp,0.1111111111111111,8,8,GCAGCTATCACGATGTATAT,0,526738
araCp,0.1111111111111111,8,8,GCAGCCCGTCCATACTGCCT,0,590463
araCp,0.1111111111111111,8,8,GCACTTAAACAGGCGTCAAA,0,563383
araCp,0.1111111111111111,8,8,GCACCTTCGAGCTGATTATG,0,558066
araCp,0.1111111111111111,8,8,GCACCCCCAACTATCGTGGC,0,548127
araCp,0.1111111111111111,8,8,GCAATAGTGGACAAATGGCC,0,554563
araCp,0.1111111111111111,8,8,GCAAGTGGCTAACCTGTTAA,0,532317
araCp,0.1111111111111111,8,8,GCAACTCAGTGGATCTTCAG,0,528935
araCp,0.1111111111111111,8,8,GCAAAATATGATCGTTCGAG,0,600439
araCp,0.1111111111111111,8,8,GATTTTGGTATTCTGCGTTG,0,555146
araCp,0.1111111111111111,8,8,GATTATTAATGGTCAACCCT,0,581418
araCp,0.1111111111111111,8,8,GATTAATCTCGATGGTATGT,0,547855
araCp,0.1111111111111111,8,8,GATGCGGTGTGCGCCCATTG,0,545128
araCp,0.1111111111111111,8,8,GATGCCCCACGTCCTTAGTT,0,600285
araCp,0.1111111111111111,8,8,GATGCAATTTCTCGTTTCGG,0,585378
araCp,0.1111111111111111,8,8,GATCGGTGTGGTAATAGCAT,0,527395
araCp,0.1111111111111111,8,8,GATCCAATGCCTTGGAGACA,0,599509
araCp,0.1111111111111111,8,8,GATATATTGTGTACAAAGTT,0,576566
araCp,0.1111111111111111,8,8,GATAGATTTATAAGCATCAA,0,568153
araCp,0.1111111111111111,8,8,GATACGTACAGATGGGAGCC,0,564969
araCp,0.1111111111111111,8,8,GATAACGTTAGGCAGTGCGT,0,529624
araCp,0.1111111111111111,8,8,GAGTCGTGTCTCAATATATA,0,558447
araCp,0.1111111111111111,8,8,GAGTATCGATCAAATTGGTT,0,555368
araCp,0.1111111111111111,8,8,GAGTATCCGCACTACCGGAC,0,568748
araCp,0.1111111111111111,8,8,GAGTAGCTCTGCAGCACCCT,0,598883
araCp,0.1111111111111111,8,8,GAGTAGAGAACCATGCCTCT,0,576264
araCp,0.1111111111111111,8,8,GAGTAACCGGGCAGGTTTCA,0,600838
araCp,0.1111111111111111,8,8,GAGTAAATAATTGTAGTCAA,0,571040
araCp,0.1111111111111111,8,8,GAGGTGTCCGTTCCAAAACG,0,591371
araCp,0.1111111111111111,8,8,GAGGGGACTACTTGGGAGGG,0,545755
araCp,0.1111111111111111,8,8,GAGGGCGCATCCAGAACTAC,0,595168
araCp,0.1111111111111111,8,8,GAGGCGATAGTTGCGACCGA,0,553361
araCp,0.1111111111111111,8,8,GAGGATCAATGCAAAACCTC,0,545201
araCp,0.1111111111111111,8,8,GAGGAGGTAACCCAGCGGGA,0,548130
araCp,0.1111111111111111,8,8,GAGCCGTCCAGGGTTTCTAA,0,584705
araCp,0.1111111111111111,8,8,GAGCCCTATCAAGGCCGGAT,0,541137
araCp,0.1111111111111111,8,8,GAGCAGGAATGTTGTTAGGA,0,534582
araCp,0.1111111111111111,8,8,GAGATCGGGCGTAGGTTATA,0,557056
araCp,0.1111111111111111,8,8,GACTGTGGCTAACCCAACCC,0,565168
araCp,0.1111111111111111,8,8,GACTACATCGTTAAAGCCAG,0,581581
araCp,0.1111111111111111,8,8,GACGTTCTGGATAATTCGTT,0,564090
araCp,0.1111111111111111,8,8,GACGTGTGTTTCATTGACAC,0,527622
araCp,0.1111111111111111,8,8,GACGTAAACCAGCTCATGCA,0,552647
araCp,0.1111111111111111,8,8,GACGGCACCTATACCTCCCA,0,593044
araCp,0.1111111111111111,8,8,GACCTTTGCCTTGGAAATTG,0,564770
araCp,0.1111111111111111,8,8,GACCCCACAAATTTGCGCTC,0,593403
araCp,0.1111111111111111,8,8,GACCATCGCTGATTCCTTCT,0,593372
araCp,0.1111111111111111,8,8,GACCAGACTGTCCCTTTCAT,0,557251
araCp,0.1111111111111111,8,8,GACAGGTAACAAGGTAGCTT,0,557416
araCp,0.1111111111111111,8,8,GACAATATACTAGCTCCCTA,0,590486
araCp,0.1111111111111111,8,8,GACAACTGACTCGGACAGTA,0,573581
araCp,0.1111111111111111,8,8,GACAACCAATTGGGTACTTC,0,595053
araCp,0.1111111111111111,8,8,GACAACATGTTGTCGTGGAA,0,555618
araCp,0.1111111111111111,8,8,GAATTGACCTTTAAAAGGTT,0,559881
araCp,0.1111111111111111,8,8,GAATGGGTGGTAGGCCAATT,0,584295
araCp,0.1111111111111111,8,8,GAATCAGATACAGCCCCGTG,0,594230
araCp,0.1111111111111111,8,8,GAAGTACGTTGTGCAGAGGG,0,532120
araCp,0.1111111111111111,8,8,GAAGGTATCCATATAGGGAG,0,533297
araCp,0.1111111111111111,8,8,GAAGATAAGTGTCTAAAACT,0,533930
araCp,0.1111111111111111,8,8,GAAGAATTTCAACGTTAGTC,0,547011
araCp,0.1111111111111111,8,8,GAACTATCTTCTACGGCTAA,0,562406
araCp,0.1111111111111111,8,8,GAACCTTTCGTACGCGAATA,0,553815
araCp,0.1111111111111111,8,8,GAACCGCTTGGGGTCGTAGT,0,552063
araCp,0.1111111111111111,8,8,GAACAAAACGTATGGCACAC,0,558767
araCp,0.1111111111111111,8,8,GAAATGTCTCACCCCGCTAG,0,549772
araCp,0.1111111111111111,8,8,GAAAATTTGGACTCATCGTA,0,530455
araCp,0.1111111111111111,8,8,GAAAACAGACATCGTATAAA,0,571896
araCp,0.1111111111111111,8,8,CTTTGTAGTCAATGCAGCCC,0,598928
araCp,0.1111111111111111,8,8,CTTTGCTGTCGGTTAGTATG,0,589475
araCp,0.1111111111111111,8,8,CTTTCCCGCATAAGACCATT,0,555685
araCp,0.1111111111111111,8,8,CTTGTGGGTGGGGTGAGCGA,0,544649
araCp,0.1111111111111111,8,8,CTTGTGGAGCGGTTAACTTT,0,593260
araCp,0.1111111111111111,8,8,CTTGCCTCACCCAGCACTCT,0,542419
araCp,0.1111111111111111,8,8,CTTGACGTATGCGCCAACCA,0,553355
araCp,0.1111111111111111,8,8,CTTGAATCATAACTCTTTTT,0,587423
araCp,0.1111111111111111,8,8,CTTCTTGCCGGCGTCGGGTG,0,595329
araCp,0.1111111111111111,8,8,CTTCTGTGACCGCATACGCA,0,549195
araCp,0.1111111111111111,8,8,CTTCGCAAGGTGCGGGTAGG,0,555029
araCp,0.1111111111111111,8,8,CTTCCCGCGCCGTGAAGTGC,0,525975
araCp,0.1111111111111111,8,8,CTTCAGTCAAAAGATCTATT,0,541009
araCp,0.1111111111111111,8,8,CTTATGTTCACAGGGACCAG,0,528220
araCp,0.1111111111111111,8,8,CTTATGTGGATAGATAAAGG,0,528197
araCp,0.1111111111111111,8,8,CTTATGCCTCTGGCACGCGT,0,538298
araCp,0.1111111111111111,8,8,CTTATGCAGTGATCGCAGGA,0,525856
araCp,0.1111111111111111,8,8,CTTATATTCATTGGATACCT,0,542145
araCp,0.1111111111111111,8,8,CTTACCGCTGGATCACACCT,0,567525
araCp,0.1111111111111111,8,8,CTTAACATGTAGTAGCCAGT,0,579409
araCp,0.1111111111111111,8,8,CTTAACACTATCACAGTCCG,0,544211
araCp,0.1111111111111111,8,8,CTGTATGGGCGGTTATAATG,0,571118
araCp,0.1111111111111111,8,8,CTGGCGTCAGGTTAGAGCTG,0,542953
araCp,0.1111111111111111,8,8,CTGGACGACTGCTTGAAAGT,0,574393
araCp,0.1111111111111111,8,8,CTGGAAATCCTTGAGCTCCC,0,543047
araCp,0.1111111111111111,8,8,CTGCCTTGGTTGTCTGGAGC,0,549767
araCp,0.1111111111111111,8,8,CTGATATGTTAAATCCTATT,0,603579
araCp,0.1111111111111111,8,8,CTGACCTTTCGCCGTTTCAA,0,562806
araCp,0.1111111111111111,8,8,CTGAATGGGGATCTCACTCA,0,577590
araCp,0.1111111111111111,8,8,CTCTGTGAGCACTCGTAGCG,0,540333
araCp,0.1111111111111111,8,8,CTCTGGGCCTCAATCTACTA,0,569277
araCp,0.1111111111111111,8,8,CTCTGAGAATTCCGTGTCGC,0,541106
araCp,0.1111111111111111,8,8,CTCTACTTTCGTGACGCTTA,0,532955
araCp,0.1111111111111111,8,8,CTCGGTCTGCATGAGAAGCC,0,594775
araCp,0.1111111111111111,8,8,CTCGGGGCTAAACCGGCCGT,0,570087
araCp,0.1111111111111111,8,8,CTCGCACGTGAGGGATTCCA,0,556348
araCp,0.1111111111111111,8,8,CTCCCACACGGTTACTACCT,0,552759
araCp,0.1111111111111111,8,8,CTCCAGTGGACGCCACGAGG,0,531773
araCp,0.1111111111111111,8,8,CTCCACAGCCCGACCGGAAA,0,549233
araCp,0.1111111111111111,8,8,CTCATATCTGCTGGCTCTTT,0,592066
araCp,0.1111111111111111,8,8,CTCAGTCACTGATTGAGGGA,0,595146
araCp,0.1111111111111111,8,8,CTCAGGGTTACTGTTTAGCA,0,569934
araCp,0.1111111111111111,8,8,CTCAGCCATTACGGAAGGCA,0,536181
araCp,0.1111111111111111,8,8,CTCAGCACCTTCGGTCTGTA,0,596444
araCp,0.1111111111111111,8,8,CTATTTTAGCTACCGGGGCT,0,526334
araCp,0.1111111111111111,8,8,CTATTCTTTCAGGTTCGAGT,0,565951
araCp,0.1111111111111111,8,8,CTATCAATCGGTTTGGAGCC,0,538999
araCp,0.1111111111111111,8,8,CTATAGTATGGACGCTGCAC,0,581466
araCp,0.1111111111111111,8,8,CTATAGTATCACTACGGGGC,0,544904
araCp,0.1111111111111111,8,8,CTATACATTGGATACTGGTG,0,566164
araCp,0.1111111111111111,8,8,CTAGGTCTATAGCCGGTTAG,0,536763
araCp,0.1111111111111111,8,8,CTAGCGCTTCCAACTTCCGG,0,527904
araCp,0.1111111111111111,8,8,CTAGATAGCCCTCCCCGAGT,0,575865
araCp,0.1111111111111111,8,8,CTACTACAATTGGATTTCAA,0,585540
araCp,0.1111111111111111,8,8,CTAAGCATCGTTATGTATGG,0,597026
araCp,0.1111111111111111,8,8,CTAAGACTGAGAGACTGTAA,0,571276
araCp,0.1111111111111111,8,8,CTAACCATGGGAGTGCAGTA,0,593077
araCp,0.1111111111111111,8,8,CGTTTAAGGGACCAGGATGT,0,531020
araCp,0.1111111111111111,8,8,CGTTCTAGCATCCAGCGGGA,0,569054
araCp,0.1111111111111111,8,8,CGTTCATCATTGGTCTGCCT,0,549917
araCp,0.1111111111111111,8,8,CGTGGGTGAGTGACATCGAC,0,548597
araCp,0.1111111111111111,8,8,CGTGGAGGCCAGATAACTCC,0,559199
araCp,0.1111111111111111,8,8,CGTGATTGCGAGTCGTCTCA,0,581382
araCp,0.1111111111111111,8,8,CGTGATCCTCTCAGCGGTAA,0,555847
araCp,0.1111111111111111,8,8,CGTCGAGGTGTGGATTTAGT,0,593661
araCp,0.1111111111111111,8,8,CGTCAGAGCAATACGGGTGT,0,576934
araCp,0.1111111111111111,8,8,CGGTTATGCAACGAGGCATT,0,567148
araCp,0.1111111111111111,8,8,CGGTGGAGTCGGGAGTCACA,0,567614
araCp,0.1111111111111111,8,8,CGGTCCCCACATCAACAGCA,0,557932
araCp,0.1111111111111111,8,8,CGGTCAGCGCCCAGAATCTC,0,540642
araCp,0.1111111111111111,8,8,CGGTATTCAAAAGACAAGAT,0,552303
araCp,0.1111111111111111,8,8,CGGGTGGCTTCTCATCCAAC,0,564766
araCp,0.1111111111111111,8,8,CGGGGCGGTGTTCCAGGTAC,0,583701
araCp,0.1111111111111111,8,8,CGGCTTCGTTGGGGATTCAG,0,527536
araCp,0.1111111111111111,8,8,CGGCGTTGGAGTTGATAGGA,0,551544
araCp,0.1111111111111111,8,8,CGGCGTGAGAGGGGGACGTA,0,554510
araCp,0.1111111111111111,8,8,CGGCGGGGTTACAATTCAGA,0,570871
araCp,0.1111111111111111,8,8,CGGCCTGGCATCACGCTGGG,0,571945
araCp,0.1111111111111111,8,8,CGGCAGACTCATAGTCTTGA,0,599549
araCp,0.1111111111111111,8,8,CGGCACTTGAATAGAAACGT,0,554787
araCp,0.1111111111111111,8,8,CGGCAACTTTCATACTGCAA,0,591060
araCp,0.1111111111111111,8,8,CGGATGGCCCTACGCACATG,0,568055
araCp,0.1111111111111111,8,8,CGGAGGAGGGATAATAGACT,0,553416
araCp,0.1111111111111111,8,8,CGGACTATGCGTCGGTCTTA,0,544100
araCp,0.1111111111111111,8,8,CGGAAGTGCACGTTGGAACA,0,538299
araCp,0.1111111111111111,8,8,CGGAAAACAAGCTATTGATG,0,547907
araCp,0.1111111111111111,8,8,CGCTTTCTCGGATTCCTTTA,0,557480
araCp,0.1111111111111111,8,8,CGCTGGGCGGCGTGTACCTT,0,530469
araCp,0.1111111111111111,8,8,CGCTGCACTACACCGGTGAA,0,550046
araCp,0.1111111111111111,8,8,CGCTCAAGTTCTGTAGATGG,0,546963
araCp,0.1111111111111111,8,8,CGCGTGTAGGGACGGGCTGG,0,542365
araCp,0.1111111111111111,8,8,CGCGTAGCCTTATGTTGTTC,0,581510
araCp,0.1111111111111111,8,8,CGCGCTGCTAAGGTGTGATT,0,547790
araCp,0.1111111111111111,8,8,CGCGATCGGCTCAACCGGAA,0,556127
araCp,0.1111111111111111,8,8,CGCGAACGCCTATACAGACC,0,570285
araCp,0.1111111111111111,8,8,CGCCTGTTACGCAGGCTCAA,0,557717
araCp,0.1111111111111111,8,8,CGCCCCCGTATTGTACTGTA,0,574485
araCp,0.1111111111111111,8,8,CGCCAGTCTGATAACCAGTA,0,584737
araCp,0.1111111111111111,8,8,CGCCAGAATCCTACGAGTTT,0,594279
araCp,0.1111111111111111,8,8,CGCCAAAGCCCAGAACGCCG,0,590369
araCp,0.1111111111111111,8,8,CGCAATCACTATGTCCTTAC,0,579357
araCp,0.1111111111111111,8,8,CGATAGTCGGCCTTCCTATA,0,550953
araCp,0.1111111111111111,8,8,CGATAGTCAGGCATCTCCGG,0,540870
araCp,0.1111111111111111,8,8,CGATAGCCTTGAACGTAAGG,0,585733
araCp,0.1111111111111111,8,8,CGAGTTTCGGCGCATTCACA,0,592227
araCp,0.1111111111111111,8,8,CGAGTATCTGCGAGCCGGGC,0,550679
araCp,0.1111111111111111,8,8,CGAGGAATAATCTTCAATGA,0,599976
araCp,0.1111111111111111,8,8,CGAATTTCAGTTGGGCCTGG,0,536781
araCp,0.1111111111111111,8,8,CGAATGGACACGATTCACCC,0,572663
araCp,0.1111111111111111,8,8,CGAATGAGATAAAATTCCGT,0,594968
araCp,0.1111111111111111,8,8,CGAATACGTTCATTTTGTGT,0,576042
araCp,0.1111111111111111,8,8,CGAACCGAATCGGACGCAAA,0,553486
araCp,0.1111111111111111,8,8,CCTTCTCACTATCTCTGGTG,0,592325
araCp,0.1111111111111111,8,8,CCTGGCTAGTTCAGCCATTT,0,558935
araCp,0.1111111111111111,8,8,CCTGCGGGGATCCGCTAACT,0,553953
araCp,0.1111111111111111,8,8,CCTCGGGTACTCGCGCACTA,0,586947
araCp,0.1111111111111111,8,8,CCTCGGCAGTATCCGAGCGG,0,602617
araCp,0.1111111111111111,8,8,CCTCACAGATTTTCGCATGT,0,603143
araCp,0.1111111111111111,8,8,CCTATGGGGAATAAACATGC,0,534976
araCp,0.1111111111111111,8,8,CCTAGTTCGTTTTGGGCTAT,0,539764
araCp,0.1111111111111111,8,8,CCTAGGTCTAATAGCCTCTC,0,530709
araCp,0.1111111111111111,8,8,CCTAACGGTTTCCTGAGCGG,0,532986
araCp,0.1111111111111111,8,8,CCGTTGGCGTTGCGGTGAAT,0,592859
araCp,0.1111111111111111,8,8,CCGTGTCACGCTCTCACAAG,0,564798
araCp,0.1111111111111111,8,8,CCGTGACCATAACCGGGGAA,0,588916
araCp,0.1111111111111111,8,8,CCGTCTATAATACATGCCAT,0,595087
araCp,0.1111111111111111,8,8,CCGTCAACCTTACGTTTCGA,0,543058
araCp,0.1111111111111111,8,8,CCGTAGCAGCGGGACATAAG,0,533554
araCp,0.1111111111111111,8,8,CCGGTACTTTATCCATGATG,0,570536
araCp,0.1111111111111111,8,8,CCGGCTGGCTCAACTCTCAA,0,542452
araCp,0.1111111111111111,8,8,CCGGAGTCTGGCCCGTGGCA,0,600611
araCp,0.1111111111111111,8,8,CCGGACCGAACTAAGACGTT,0,603681
araCp,0.1111111111111111,8,8,CCGGAATGCGTGCCCTCGGC,0,552461
araCp,0.1111111111111111,8,8,CCGCCTTAACGAGCCCGCCC,0,589256
araCp,0.1111111111111111,8,8,CCGCCAATAATATTAAATAC,0,567239
araCp,0.1111111111111111,8,8,CCGCAAGCAGGGGCCTGGTT,0,560448
araCp,0.1111111111111111,8,8,CCGATCTCCGGACAGGCCTA,0,528937
araCp,0.1111111111111111,8,8,CCGATAAATAACCGGCCAGG,0,565465
araCp,0.1111111111111111,8,8,CCGAAGGAGGATAGTAGATG,0,551336
araCp,0.1111111111111111,8,8,CCGAAGATACCTTATCGTGA,0,563730
araCp,0.1111111111111111,8,8,CCCTTGCTGGTATCTTGAAT,0,579163
araCp,0.1111111111111111,8,8,CCCTACGCACTCTCATATTC,0,565855
araCp,0.1111111111111111,8,8,CCCGTCCAAGGGATTTCGTA,0,549558
araCp,0.1111111111111111,8,8,CCCGTACTGTCGGGAAATTC,0,552564
araCp,0.1111111111111111,8,8,CCCGTAAGGTTATAAGTATG,0,571738
araCp,0.1111111111111111,8,8,CCCGATGGATTCTGGTTCGA,0,536419
araCp,0.1111111111111111,8,8,CCCCGTAAAACAATGTACCT,0,602785
araCp,0.1111111111111111,8,8,CCCCGCCTTGGGACATGCCT,0,534423
araCp,0.1111111111111111,8,8,CCCCGACCCCGAGTGCCCAG,0,568591
araCp,0.1111111111111111,8,8,CCCCATGGCGTCATCCTCCG,0,575590
araCp,0.1111111111111111,8,8,CCCATGATGACAAGGAAATC,0,596191
araCp,0.1111111111111111,8,8,CCATGTTCACTTGTAGCCTA,0,602058
araCp,0.1111111111111111,8,8,CCATGGTCAGTAAGGCCCCT,0,542598
araCp,0.1111111111111111,8,8,CCATGCCACGACAATATCCT,0,590768
araCp,0.1111111111111111,8,8,CCAGTTATCTAGTTTGAAGC,0,548610
araCp,0.1111111111111111,8,8,CCAGGGTCTGTACTGAAATA,0,599301
araCp,0.1111111111111111,8,8,CCAGAATGCAATGTCCGGCC,0,538540
araCp,0.1111111111111111,8,8,CCACTCACGCCAGTTTTAGA,0,560469
araCp,0.1111111111111111,8,8,CCACTAAATAAGCTGCGATA,0,582677
araCp,0.1111111111111111,8,8,CCACGAAGACATCCACCTAG,0,554361
araCp,0.1111111111111111,8,8,CCACCTTCTCTTGCTGAGAC,0,532177
araCp,0.1111111111111111,8,8,CCACCTTACGTCCCCTCAAC,0,594441
araCp,0.1111111111111111,8,8,CCACCCCCGAGGAAGGGTTA,0,525703
araCp,0.1111111111111111,8,8,CCAATATCTGATAGGGCAGT,0,549988
araCp,0.1111111111111111,8,8,CCAAGTCCGTTTTAGATCGG,0,579517
araCp,0.1111111111111111,8,8,CCAACATTGCACCAGGGTTT,0,547356
araCp,0.1111111111111111,8,8,CCAAATGTAAGTCTCCAGGG,0,551536
araCp,0.1111111111111111,8,8,CATTGTTTGTAGACTGTTTT,0,598375
araCp,0.1111111111111111,8,8,CATTGAGGGCACTACAACAA,0,548174
araCp,0.1111111111111111,8,8,CATTCAACGGGCTACCTGCA,0,585764
araCp,0.1111111111111111,8,8,CATTAATACCAGTACGGGCA,0,559602
araCp,0.1111111111111111,8,8,CATGTTACGGTGATCAGACA,0,592324
araCp,0.1111111111111111,8,8,CATGTACGCAAATCTCTAGG,0,562454
araCp,0.1111111111111111,8,8,CATGGTTTTTACTGGAGCTG,0,538731
araCp,0.1111111111111111,8,8,CATGGCTCTCCGCTGAGCCG,0,601825
araCp,0.1111111111111111,8,8,CATGCATGAAAGTAATGATC,0,549827
araCp,0.1111111111111111,8,8,CATGAGCGCGTTAAAAAGAC,0,597090
araCp,0.1111111111111111,8,8,CATGACGGTTCAAGCAAGTT,0,559163
araCp,0.1111111111111111,8,8,CATCGCTGCGGGAGGATACA,0,546292
araCp,0.1111111111111111,8,8,CATCGATATTCGAATAAGGA,0,596305
araCp,0.1111111111111111,8,8,CATCACCCTGTATCCTTCAT,0,552996
araCp,0.1111111111111111,8,8,CATCAAACCGTTGGGAAGTC,0,570930
araCp,0.1111111111111111,8,8,CATATGCGCTGGGAAACGTC,0,581675
araCp,0.1111111111111111,8,8,CATATAGCAGGCCGCACGCA,0,583293
araCp,0.1111111111111111,8,8,CATACTCGTGAACAAATTTA,0,579962
araCp,0.1111111111111111,8,8,CAGTTTAGGTTCTAGCTCTA,0,601042
araCp,0.1111111111111111,8,8,CAGTTGTAACCGGTGATACG,0,573597
araCp,0.1111111111111111,8,8,CAGTACGCTACACTAGCTTT,0,552001
araCp,0.1111111111111111,8,8,CAGTACAGACACTCTTGCAT,0,593756
araCp,0.1111111111111111,8,8,CAGGTGCCTCAGGCTGTCAC,0,573641
araCp,0.1111111111111111,8,8,CAGGTCCCAGCCCGCCCCCG,0,558264
araCp,0.1111111111111111,8,8,CAGGTAGCGCCATTTCCGTT,0,597375
araCp,0.1111111111111111,8,8,CAGGGGTCATTCTTTTGTCC,0,598531
araCp,0.1111111111111111,8,8,CAGGCCATACAAATTGAGTC,0,533339
araCp,0.1111111111111111,8,8,CAGGCCAGATAAGAGTTATG,0,579642
araCp,0.1111111111111111,8,8,CAGGACATTAGGCTAAAAGT,0,549057
araCp,0.1111111111111111,8,8,CAGCTGTCGCTTGACCCAAT,0,566078
araCp,0.1111111111111111,8,8,CAGCTCCCTGTGTGGGGATT,0,556947
araCp,0.1111111111111111,8,8,CAGCGGATTGCGATTGTCAG,0,589497
araCp,0.1111111111111111,8,8,CAGAAATACAATGGGGAAGT,0,543583
araCp,0.1111111111111111,8,8,CAGAAAGGAGCTTTGGCATC,0,534290
araCp,0.1111111111111111,8,8,CACTTGACTGACCGGGTATG,0,530275
araCp,0.1111111111111111,8,8,CACTTATGTAGGGAGAGGCT,0,540620
araCp,0.1111111111111111,8,8,CACTGTTTTTCTAAGCGTGT,0,568786
araCp,0.1111111111111111,8,8,CACTGGCTAATCTTCACTTC,0,541544
araCp,0.1111111111111111,8,8,CACTGCGGGACCATATTTGG,0,537853
araCp,0.1111111111111111,8,8,CACTCGGTGGGGGGGTTGTC,0,571823
araCp,0.1111111111111111,8,8,CACTCGAGGGACGTATGTGC,0,571617
araCp,0.1111111111111111,8,8,CACTAAAGAGGGGTACAGGG,0,553996
araCp,0.1111111111111111,8,8,CACGTGACAGCGTCCTTGGC,0,560731
araCp,0.1111111111111111,8,8,CACGCCTGGGGATATATCTA,0,580228
araCp,0.1111111111111111,8,8,CACGCAGGTAGATCAAATCG,0,583417
araCp,0.1111111111111111,8,8,CACGACTGGGATTCACCAAT,0,527301
araCp,0.1111111111111111,8,8,CACCGTATTCGGACAATTTT,0,566292
araCp,0.1111111111111111,8,8,CACCGCCCGTAAACTACTCA,0,530508
araCp,0.1111111111111111,8,8,CACCGCAAGACTCGTACACA,0,580297
araCp,0.1111111111111111,8,8,CACCGATCAGTAGAATGTGT,0,555973
araCp,0.1111111111111111,8,8,CACCATGGATTGGGTCTTAT,0,529352
araCp,0.1111111111111111,8,8,CACATGGCCGGCTTAGACTG,0,547887
araCp,0.1111111111111111,8,8,CACATCGTTCATCATCGGAA,0,587692
araCp,0.1111111111111111,8,8,CACAGTTACACATTGGGAGC,0,571001
araCp,0.1111111111111111,8,8,CACAGCCTTATACCATATAT,0,542590
araCp,0.1111111111111111,8,8,CACAGCCTGGCCCACGAGGC,0,558439
araCp,0.1111111111111111,8,8,CACAATTCCCGAGATGCAAA,0,536672
araCp,0.1111111111111111,8,8,CACAAAGCGGCGTAGCCCTC,0,585517
araCp,0.1111111111111111,8,8,CAATGACTCTGGGAGGAAGG,0,538044
araCp,0.1111111111111111,8,8,CAATCGAGGTTGCTAGTAAC,0,535890
araCp,0.1111111111111111,8,8,CAATCCCGTGTGAGAGTGGG,0,548157
araCp,0.1111111111111111,8,8,CAATAGTGGACAGGGATTGA,0,584041
araCp,0.1111111111111111,8,8,CAAGGTTCTCGTGGGAAGGA,0,541104
araCp,0.1111111111111111,8,8,CAAGGACACCGACACTTGTT,0,602491
araCp,0.1111111111111111,8,8,CAAGATATGGGTCAGTCACT,0,590946
araCp,0.1111111111111111,8,8,CAACTACGTAAAGCTCTATG,0,544561
araCp,0.1111111111111111,8,8,CAACGTCCCCCTTTTGATTA,0,597927
araCp,0.1111111111111111,8,8,CAACGGTGAGATCTTCTACG,0,576532
araCp,0.1111111111111111,8,8,CAACGCGATAAATTCGATGT,0,527747
araCp,0.1111111111111111,8,8,CAACGAGTGCGAATCGGCTT,0,570214
araCp,0.1111111111111111,8,8,CAACAGTGATCCTGCCTACA,0,562711
araCp,0.1111111111111111,8,8,CAACAGGAAACATCCCGATG,0,563858
araCp,0.1111111111111111,8,8,CAAAGTAGTTCAACAATCGT,0,580578
araCp,0.1111111111111111,8,8,CAAACATGTTGCGCAGACGA,0,579977
araCp,0.1111111111111111,8,8,CAAAATACAGCTCCGTGTCA,0,547085
araCp,0.1111111111111111,8,8,ATTTTCCCAGTGCGACATTG,0,563496
araCp,0.1111111111111111,8,8,ATTTTACGCGCGTTGGCCCG,0,564139
araCp,0.1111111111111111,8,8,ATTTGGTCATGTCGCGCTAG,0,536105
araCp,0.1111111111111111,8,8,ATTTGGTAGATTTTCAGTAT,0,576597
araCp,0.1111111111111111,8,8,ATTTGGCCGTTGGAACGCGC,0,593708
araCp,0.1111111111111111,8,8,ATTTCATAGTCGGTTGAGTG,0,588129
araCp,0.1111111111111111,8,8,ATTTCACCTTCAGTTTAATT,0,583285
araCp,0.1111111111111111,8,8,ATTTAACAGCCCCTCTACTA,0,583390
araCp,0.1111111111111111,8,8,ATTGTTGTCCGCCGGCGAAT,0,594933
araCp,0.1111111111111111,8,8,ATTGATCCAAGGTTTCGCTA,0,556527
araCp,0.1111111111111111,8,8,ATTGAGCATACCCCTCCATT,0,575015
araCp,0.1111111111111111,8,8,ATTCTTTAAGCACACTGGAT,0,587111
araCp,0.1111111111111111,8,8,ATTCTGGCATGAATATCCTG,0,577636
araCp,0.1111111111111111,8,8,ATTCGAGGTAAACTCATACA,0,554250
araCp,0.1111111111111111,8,8,ATTCACCGATTAGACGATCG,0,537448
araCp,0.1111111111111111,8,8,ATTATGTTTCGGCCGCACGC,0,540794
araCp,0.1111111111111111,8,8,ATTACGAATTCGTGCGGGGG,0,562556
araCp,0.1111111111111111,8,8,ATTAATATCGCAGATCGCAT,0,526056
araCp,0.1111111111111111,8,8,ATTAAGTAGCTTCGTCGAAG,0,533372
araCp,0.1111111111111111,8,8,ATGTGTGTTACAGCGCCTGG,0,567222
araCp,0.1111111111111111,8,8,ATGTGGCAATGTGCATAGTG,0,602011
araCp,0.1111111111111111,8,8,ATGTGCCAGACCACTTTTTT,0,569051
araCp,0.1111111111111111,8,8,ATGTCTGTGATTGTCTATAG,0,531285
araCp,0.1111111111111111,8,8,ATGTCATGTGAATGAATCAT,0,602728
araCp,0.1111111111111111,8,8,ATGTACTCCACATCCCCTCT,0,564535
araCp,0.1111111111111111,8,8,ATGTAAATAGTAAAGGCCAA,0,582109
araCp,0.1111111111111111,8,8,ATGGTGCGCTGAGATTAATC,0,569674
araCp,0.1111111111111111,8,8,ATGGGACATACAAACCAAAA,0,573493
araCp,0.1111111111111111,8,8,ATGGGACAGCCCGATAGAGT,0,575142
araCp,0.1111111111111111,8,8,ATGGCAGTCTTGCAAGGCTT,0,558022
araCp,0.1111111111111111,8,8,ATGCGTGAACGCGTCAAACT,0,530800
araCp,0.1111111111111111,8,8,ATGCCACTGTGAGGGCTACA,0,542617
araCp,0.1111111111111111,8,8,ATGCCAACATAGTAACCTTG,0,570388
araCp,0.1111111111111111,8,8,ATGCACCTCTCGGCTCTCTG,0,562881
araCp,0.1111111111111111,8,8,ATGATGCGCTAGTTTAGTTT,0,558524
araCp,0.1111111111111111,8,8,ATGAGTTAGAGACATATTTG,0,544263
araCp,0.1111111111111111,8,8,ATGAGTAGCTGTTCACAGGT,0,555992
araCp,0.1111111111111111,8,8,ATGAGGTATATCTACCACTA,0,595696
araCp,0.1111111111111111,8,8,ATGAATATGAGCAAGCCTCC,0,558063
araCp,0.1111111111111111,8,8,ATCTTGGGATTCAGGGATCT,0,541126
araCp,0.1111111111111111,8,8,ATCTGCTGATGACAGGCACC,0,598692
araCp,0.1111111111111111,8,8,ATCTGCACCATCGGTAAGTG,0,600552
araCp,0.1111111111111111,8,8,ATCTGAAAGAGAGTTATAAC,0,589951
araCp,0.1111111111111111,8,8,ATCTAAGGGGTGTGCAAAGA,0,545093
araCp,0.1111111111111111,8,8,ATCTAAACAAAGCGGTTTCC,0,580281
araCp,0.1111111111111111,8,8,ATCGGTTTTAAAGGAGCGTA,0,531920
araCp,0.1111111111111111,8,8,ATCGGTTACGTGAGACTGTC,0,566719
araCp,0.1111111111111111,8,8,ATCGCCATCCTATGGAAAAA,0,543539
araCp,0.1111111111111111,8,8,ATCGCATTAGGGGGTGCACG,0,577154
araCp,0.1111111111111111,8,8,ATCCTTACAAGGCGTCACTG,0,585563
araCp,0.1111111111111111,8,8,ATCCAATCAGTAGAGACAAA,0,535406
araCp,0.1111111111111111,8,8,ATCCAAGGAATTCCTGCACT,0,597206
araCp,0.1111111111111111,8,8,ATCATATTCAAAGTGACGGT,0,602727
araCp,0.1111111111111111,8,8,ATCAGTCTTAGGCGTCACTG,0,547342
araCp,0.1111111111111111,8,8,ATCAGGCTCCTGCCGTGAGC,0,585202
araCp,0.1111111111111111,8,8,ATCAGAGGGTGTTACTACGG,0,529630
araCp,0.1111111111111111,8,8,ATCAAGAGCCCACTATAAGG,0,550037
araCp,0.1111111111111111,8,8,ATATTTGGCCCACGTTGGCT,0,526052
araCp,0.1111111111111111,8,8,ATATGAGCGCCAACCATGGG,0,572427
araCp,0.1111111111111111,8,8,ATATCGTCCCAGGCATCTTG,0,554978
araCp,0.1111111111111111,8,8,ATATCACATCCCACTGCCCA,0,532228
araCp,0.1111111111111111,8,8,ATATATTCACCTGCCCTTTT,0,543115
araCp,0.1111111111111111,8,8,ATATAGAGTGAATCACCGCC,0,564122
araCp,0.1111111111111111,8,8,ATATAATAAGTGTAGGCAGA,0,583344
araCp,0.1111111111111111,8,8,ATAGTCGCCACGCGATAAGT,0,552404
araCp,0.1111111111111111,8,8,ATAGGGCCACATGAGTCCTC,0,575032
araCp,0.1111111111111111,8,8,ATAGGAGCATAGAGGTTCCT,0,540600
araCp,0.1111111111111111,8,8,ATAGGACTATGCACTGGATG,0,583719
araCp,0.1111111111111111,8,8,ATAGCCGCTAAAGTTGCACT,0,527047
araCp,0.1111111111111111,8,8,ATACTTCAATTGCTCAGGCA,0,525907
araCp,0.1111111111111111,8,8,ATACTGGCTAGCTTGGCATA,0,540294
araCp,0.1111111111111111,8,8,ATACTCAAGAGTGTGATATA,0,564952
araCp,0.1111111111111111,8,8,ATACGTAAGTACCAACATGG,0,528929
araCp,0.1111111111111111,8,8,ATACGGTGTGTTTTGCAGAT,0,553296
araCp,0.1111111111111111,8,8,ATACGGTCCATGGAGTGACT,0,537264
araCp,0.1111111111111111,8,8,ATACGAAAACTGACCACATC,0,585348
araCp,0.1111111111111111,8,8,ATACCCGTGGGGCTGTTTAC,0,576160
araCp,0.1111111111111111,8,8,ATACCAATGCTTCAAAATTC,0,587779
araCp,0.1111111111111111,8,8,ATACAACTTAACCACTGAGT,0,531483
araCp,0.1111111111111111,8,8,ATAATCGGTTTGCTGTTACA,0,595347
araCp,0.1111111111111111,8,8,ATAAGTTTAATTAATTTGTT,0,601230
araCp,0.1111111111111111,8,8,AGTTCAATTGTAGGGGAGCT,0,569331
araCp,0.1111111111111111,8,8,AGTTAACCGTCTCATGTAAA,0,549804
araCp,0.1111111111111111,8,8,AGTGTGCGCACCGGTCACTG,0,593180
araCp,0.1111111111111111,8,8,AGTCTGGAACTTGCCTGCAG,0,552703
araCp,0.1111111111111111,8,8,AGTCTCCGGGTTCATGCTCT,0,589026
araCp,0.1111111111111111,8,8,AGTAGACGGATGATGCATAA,0,553910
araCp,0.1111111111111111,8,8,AGTACCAGAAGACTGGCGGT,0,545518
araCp,0.1111111111111111,8,8,AGGTCGAGTACTGTCCAGTG,0,571678
araCp,0.1111111111111111,8,8,AGGTCACGGGGGCATAGCCC,0,542409
araCp,0.1111111111111111,8,8,AGGTCACCTGTTGTGAGCCT,0,546067
araCp,0.1111111111111111,8,8,AGGTAGCTTGGATTAGATAC,0,539624
araCp,0.1111111111111111,8,8,AGGTACCTGATTTCCATTAT,0,563618
araCp,0.1111111111111111,8,8,AGGTAAGCAATTTCAGTGTA,0,538718
araCp,0.1111111111111111,8,8,AGGTAACAATGCAAGTTGTG,0,586896
araCp,0.1111111111111111,8,8,AGGGTTTAAGCAGTCTCCAG,0,561925
araCp,0.1111111111111111,8,8,AGGGTAAAGGACGAGTTAAG,0,584258
araCp,0.1111111111111111,8,8,AGGGGGACTATGACTGGAAT,0,547975
araCp,0.1111111111111111,8,8,AGGGCTGGCTCTGCCCCTGG,0,552421
araCp,0.1111111111111111,8,8,AGGGATACACACGGATTGTG,0,527175
araCp,0.1111111111111111,8,8,AGGGAAAGACTAGGCATCCC,0,527720
araCp,0.1111111111111111,8,8,AGGCTGACCATGGGCTGATT,0,547172
araCp,0.1111111111111111,8,8,AGGCGGCCGCCCCATGGTTC,0,563544
araCp,0.1111111111111111,8,8,AGGCCGCTAAATCGGCCGGT,0,563159
araCp,0.1111111111111111,8,8,AGGCCGAATGTTGCAGTCTC,0,571510
araCp,0.1111111111111111,8,8,AGGATGGGGCTGGTTCCTCT,0,603528
araCp,0.1111111111111111,8,8,AGGAGACAGCAGCTGACATT,0,528126
araCp,0.1111111111111111,8,8,AGGACCCTTGACCAAATTAC,0,571621
araCp,0.1111111111111111,8,8,AGGAATCCGGGTGGGTAGGC,0,591944
araCp,0.1111111111111111,8,8,AGGAAGTTCGAGTGTGTAAA,0,558344
araCp,0.1111111111111111,8,8,AGGAAGACATTAGCCTGTTT,0,566173
araCp,0.1111111111111111,8,8,AGGAAAGAGCACTCTGTTTG,0,567797
araCp,0.1111111111111111,8,8,AGCTTTACTTTGGCACAATG,0,582448
araCp,0.1111111111111111,8,8,AGCTGCGATGCCGTCGTCAT,0,548927
araCp,0.1111111111111111,8,8,AGCTCAAGCACCTGGGCACG,0,567256
araCp,0.1111111111111111,8,8,AGCGCGACTGAGCGGGGGAC,0,552170
araCp,0.1111111111111111,8,8,AGCCCATACAGAGCAGACGA,0,561601
araCp,0.1111111111111111,8,8,AGCAGCCGTTATGGTCCGGG,0,568534
araCp,0.1111111111111111,8,8,AGCAGAAGCCGTCTCGGGTA,0,592221
araCp,0.1111111111111111,8,8,AGCAATGGTGTCGTTCTGCC,0,560658
araCp,0.1111111111111111,8,8,AGATTATTGGTCGCTCGCGG,0,585105
araCp,0.1111111111111111,8,8,AGATGATGAGTCGAAGCCTA,0,538811
araCp,0.1111111111111111,8,8,AGATACAAACATCGGAGAGT,0,554838
araCp,0.1111111111111111,8,8,AGAGTTGAAAGCGCTCACTC,0,529653
araCp,0.1111111111111111,8,8,AGAGTTCCAGCATCGAGGAC,0,571381
araCp,0.1111111111111111,8,8,AGAGTTAGCGAGATAAGTCG,0,575417
araCp,0.1111111111111111,8,8,AGAGTGCAGGCTACTGTATT,0,544940
araCp,0.1111111111111111,8,8,AGAGGAGTTAAGGTGCTGCC,0,542740
araCp,0.1111111111111111,8,8,AGAGCCTAAAATCAGTGGTG,0,555807
araCp,0.1111111111111111,8,8,AGAGCCCATCAACAGGCAGG,0,534913
araCp,0.1111111111111111,8,8,AGACAAAGGGGTTTCACCCG,0,563552
araCp,0.1111111111111111,8,8,AGAAAGTATCCACTGAGTGG,0,556480
araCp,0.1111111111111111,8,8,ACTTTACGAGTAATAGATAG,0,579971
araCp,0.1111111111111111,8,8,ACTTCGGGGTATGACTGCCC,0,596554
araCp,0.1111111111111111,8,8,ACTGTCCCGATGTCACGAGG,0,533948
araCp,0.1111111111111111,8,8,ACTGTACAGCGGAGAGAGTT,0,552899
araCp,0.1111111111111111,8,8,ACTGGTTCCGAGAGACGCTT,0,581770
araCp,0.1111111111111111,8,8,ACTGGGGTTGGGAGGTGTGG,0,551891
araCp,0.1111111111111111,8,8,ACTGCTGGTCGGGGGACCGG,0,560490
araCp,0.1111111111111111,8,8,ACTGCAGCGGGAGTGCAGTA,0,583036
araCp,0.1111111111111111,8,8,ACTCTGATACGTCCCCAATA,0,561428
araCp,0.1111111111111111,8,8,ACTCCTGAAGATGTTTCTTG,0,596687
araCp,0.1111111111111111,8,8,ACTCCTCGGCCGTCGGTACC,0,591811
araCp,0.1111111111111111,8,8,ACTCCAGAGCTTCTGGGCAT,0,595488
araCp,0.1111111111111111,8,8,ACTATAAGCACTGACACCTT,0,525697
araCp,0.1111111111111111,8,8,ACTACTATGGTGCTCTAAGT,0,570808
araCp,0.1111111111111111,8,8,ACTACGCTCCATTTGCATTC,0,551591
araCp,0.1111111111111111,8,8,ACTAACCTTAGACTAATGTA,0,525574
araCp,0.1111111111111111,8,8,ACTAAATGCAGGGGCTCTAT,0,531925
araCp,0.1111111111111111,8,8,ACGTTCCCTGTATTTCGGTA,0,548377
araCp,0.1111111111111111,8,8,ACGTGAGGGCTTTTTGGTAT,0,541940
araCp,0.1111111111111111,8,8,ACGTAGTGGACCGGCAACGA,0,554332
araCp,0.1111111111111111,8,8,ACGTAGCGAGTAATTACTAT,0,539611
araCp,0.1111111111111111,8,8,ACGTAACCTGCTTGATACGA,0,555213
araCp,0.1111111111111111,8,8,ACGGTAAGATTATGGTACCT,0,562192
araCp,0.1111111111111111,8,8,ACGGCTCACGGCGTCTAACC,0,541090
araCp,0.1111111111111111,8,8,ACGGAGAGCCCAGAACGCCG,0,544224
araCp,0.1111111111111111,8,8,ACGCTTCCCAGATGCAGTAG,0,558481
araCp,0.1111111111111111,8,8,ACGCGGATGTTTAGCCCCGA,0,595485
araCp,0.1111111111111111,8,8,ACGCGATCTCCGACTCCTAT,0,562557
araCp,0.1111111111111111,8,8,ACGCCTGCGTAAGATTAAGG,0,550104
araCp,0.1111111111111111,8,8,ACGCAAGGAGCGCAAGTGTA,0,590611
araCp,0.1111111111111111,8,8,ACGATGCCGCGGTCTCCTGC,0,554523
araCp,0.1111111111111111,8,8,ACGATCGGGAGGGTCACTTG,0,540867
araCp,0.1111111111111111,8,8,ACGAGGCATACAGTACCGCA,0,589409
araCp,0.1111111111111111,8,8,ACGACCAATTGTGTGTCATT,0,546557
araCp,0.1111111111111111,8,8,ACGAAGAACGGTCAAGCGGT,0,589410
araCp,0.1111111111111111,8,8,ACGAACTGGTTGCATCAGAT,0,603075
araCp,0.1111111111111111,8,8,ACCTTTTGTCGATGGCATAC,0,600895
araCp,0.1111111111111111,8,8,ACCTTCCGTGGTAGCTATTC,0,569332
araCp,0.1111111111111111,8,8,ACCTTCAAATTCACCTTGAG,0,540371
araCp,0.1111111111111111,8,8,ACCTTAGTAAGGCTAGCGAA,0,539740
araCp,0.1111111111111111,8,8,ACCTGGCTGTTCGTTACCGG,0,563763
araCp,0.1111111111111111,8,8,ACCTCTGGGCTTTCCACTCA,0,553578
araCp,0.1111111111111111,8,8,ACCGGATAACATTCATAGCC,0,540906
araCp,0.1111111111111111,8,8,ACCGCGAGTGATTCCCGCAT,0,553650
araCp,0.1111111111111111,8,8,ACCGCATGGGCCAATCTCCG,0,569785
araCp,0.1111111111111111,8,8,ACCCTTGAATGGCACCATAA,0,596545
araCp,0.1111111111111111,8,8,ACCCTGTAATTTACGGGCAA,0,599874
araCp,0.1111111111111111,8,8,ACCCGGACCGCCTAAAATTT,0,526535
araCp,0.1111111111111111,8,8,ACCCGGACAAGATCAGCCAC,0,569296
araCp,0.1111111111111111,8,8,ACCCCGGAGAGCTCTTGGCA,0,557837
araCp,0.1111111111111111,8,8,ACCCACAACTGACGGGTATG,0,535112
araCp,0.1111111111111111,8,8,ACCATTGGTTGGCTCCTGGT,0,581513
araCp,0.1111111111111111,8,8,ACCAGCGCGCCTAAAAAAAT,0,532322
araCp,0.1111111111111111,8,8,ACCAAGTTAGATTTCTAGCT,0,542639
araCp,0.1111111111111111,8,8,ACCAAAGCGTAACGGTACCC,0,571243
araCp,0.1111111111111111,8,8,ACATGCTTCTGCCCGCCTAC,0,556265
araCp,0.1111111111111111,8,8,ACATCGTGCCATCCGGGGGC,0,571019
araCp,0.1111111111111111,8,8,ACATCAATATAGCTCGCGTG,0,545376
araCp,0.1111111111111111,8,8,ACAGCCGTAGCGTCAACGGT,0,584087
araCp,0.1111111111111111,8,8,ACACGGCAACGGTCGTAAGT,0,575220
araCp,0.1111111111111111,8,8,ACACGACAACGTCACGACGG,0,570645
araCp,0.1111111111111111,8,8,ACACCCAAAGATATATGTAA,0,525629
araCp,0.1111111111111111,8,8,ACAATTGGAATCAGCGAGCC,0,545021
araCp,0.1111111111111111,8,8,ACAATAGAAGATTTTACATA,0,535844
araCp,0.1111111111111111,8,8,ACAACGTGGTTAATCGGTGG,0,536603
araCp,0.1111111111111111,8,8,ACAACGCCATCTCGGGTGCA,0,566603
araCp,0.1111111111111111,8,8,AATTTACGAGATTCAGCTAG,0,546334
araCp,0.1111111111111111,8,8,AATTGATAGGCGCTCTCCAG,0,579204
araCp,0.1111111111111111,8,8,AATTCGCACTCTTACGGAGA,0,598865
araCp,0.1111111111111111,8,8,AATTATTAGTATGGCAGGAT,0,589711
araCp,0.1111111111111111,8,8,AATTAAACCCATGGTCGCGG,0,535222
araCp,0.1111111111111111,8,8,AATGTCGTCCTAGGGAGACA,0,576342
araCp,0.1111111111111111,8,8,AATGCTACCGTGCGTGTTTC,0,533678
araCp,0.1111111111111111,8,8,AATGCGCTCTTGTGTCATCA,0,576756
araCp,0.1111111111111111,8,8,AATGCATTTCCCGATGGGGG,0,561766
araCp,0.1111111111111111,8,8,AATGCAATTGTTGAAGACCC,0,552623
araCp,0.1111111111111111,8,8,AATGATCGACCGTAGGGGGT,0,581809
araCp,0.1111111111111111,8,8,AATCGATCAGATTACGATAT,0,534950
araCp,0.1111111111111111,8,8,AATCCGATCCGCGATCCGCC,0,593490
araCp,0.1111111111111111,8,8,AATCCCAGCAATCCCCGTAT,0,591503
araCp,0.1111111111111111,8,8,AATCACCAAGATTTTTCTCG,0,575910
araCp,0.1111111111111111,8,8,AATAGTTACCGGCAAATAGC,0,538218
araCp,0.1111111111111111,8,8,AATAGGTACAAGACTCTGGC,0,568204
araCp,0.1111111111111111,8,8,AATAACATGAGAAGAGTTCT,0,535569
araCp,0.1111111111111111,8,8,AAGTTTTTCTGTGGAGTGGG,0,527608
araCp,0.1111111111111111,8,8,AAGTTTGGAACTTCAACTAG,0,586763
araCp,0.1111111111111111,8,8,AAGTTGACAGCGCGAACGAA,0,547148
araCp,0.1111111111111111,8,8,AAGTCCTTCCTGGGCGTTGT,0,589903
araCp,0.1111111111111111,8,8,AAGTCCATTGTCTTAGTCAT,0,579980
araCp,0.1111111111111111,8,8,AAGTATGGGGTGAGCAGTCT,0,576252
araCp,0.1111111111111111,8,8,AAGTATACGTCCGAGGCCAT,0,589554
araCp,0.1111111111111111,8,8,AAGTAGCGATCGCAAATTAT,0,544461
araCp,0.1111111111111111,8,8,AAGTACTCATTTTTCTTCCC,0,581340
araCp,0.1111111111111111,8,8,AAGGTTAAAAGACAAGACGC,0,550213
araCp,0.1111111111111111,8,8,AAGGGTTGATCTATTGAGTG,0,557168
araCp,0.1111111111111111,8,8,AAGGCTCCTTGATCGAGCTT,0,561126
araCp,0.1111111111111111,8,8,AAGGCACGCATACGACCGGG,0,574046
araCp,0.1111111111111111,8,8,AAGGATCTGCCCGGTCTAGC,0,556721
araCp,0.1111111111111111,8,8,AAGCTTCCGGGCGAGGAGAA,0,527871
araCp,0.1111111111111111,8,8,AAGCGCGCACCTAAGATCGC,0,529019
araCp,0.1111111111111111,8,8,AAGCGCCAGCCGCAGCCAGA,0,579888
araCp,0.1111111111111111,8,8,AAGCGACGCATTGCCCTTTT,0,562451
araCp,0.1111111111111111,8,8,AAGATAGGGTTACTCAATAA,0,578958
araCp,0.1111111111111111,8,8,AAGAGCAATCGAGGACGTGG,0,589800
araCp,0.1111111111111111,8,8,AAGAATTCCAATTAGGGTTG,0,532917
araCp,0.1111111111111111,8,8,AAGAATGACCTGAACGCCTC,0,568646
araCp,0.1111111111111111,8,8,AACTTTCGATGTCAGCAGGG,0,526567
araCp,0.1111111111111111,8,8,AACTTCGTTAAGCATGGTGT,0,547016
araCp,0.1111111111111111,8,8,AACTGTCCAGCATTTTCGTC,0,570098
araCp,0.1111111111111111,8,8,AACTGCGCTTTCGGGGTTAT,0,566052
araCp,0.1111111111111111,8,8,AACTCCGTCACCAGTGAGTC,0,573868
araCp,0.1111111111111111,8,8,AACGGTTCGACCGCTCCAAT,0,529197
araCp,0.1111111111111111,8,8,AACGGATTATCTGTGCCCGT,0,584971
araCp,0.1111111111111111,8,8,AACGAATCCCGGTCAGCGAC,0,588556
araCp,0.1111111111111111,8,8,AACGAAGTTCTTGCTCCTGG,0,549698
araCp,0.1111111111111111,8,8,AACCGCTTTGACAACCGGCC,0,582507
araCp,0.1111111111111111,8,8,AACCACATAGAGATTTCATC,0,561235
araCp,0.1111111111111111,8,8,AACATAATCAGATTAGCAGT,0,533209
araCp,0.1111111111111111,8,8,AACAGGGGTCTATGTACCCA,0,574843
araCp,0.1111111111111111,8,8,AACAGCCTCTTATATGAAGA,0,535481
araCp,0.1111111111111111,8,8,AACACTCACGGGGTCCAGAT,0,602244
araCp,0.1111111111111111,8,8,AACAAGGATAGTCTCTCGGT,0,534350
araCp,0.1111111111111111,8,8,AACAAATATTCTTAGATTGA,0,571356
araCp,0.1111111111111111,8,8,AAATTCGGTTGACTCGGACT,0,566696
araCp,0.1111111111111111,8,8,AAATGTCCTCAAGCCTCTTA,0,580231
araCp,0.1111111111111111,8,8,AAATCCATGTTATAGTGTCA,0,584760
araCp,0.1111111111111111,8,8,AAATATCAGGCTGGAACGAG,0,585640
araCp,0.1111111111111111,8,8,AAATACCCGAGCGTGTAAGT,0,590935
araCp,0.1111111111111111,8,8,AAATACCCCGGGCAACCACT,0,532357
araCp,0.1111111111111111,8,8,AAAGTCATACCATAGTGCGA,0,602972
araCp,0.1111111111111111,8,8,AAAGGGTACTGCCTTCAATG,0,602049
araCp,0.1111111111111111,8,8,AAAGGGGGTATGCATAGACT,0,589428
araCp,0.1111111111111111,8,8,AAAGCGCCCTATAGAGAGGT,0,579192
araCp,0.1111111111111111,8,8,AAACTCCGTATGAATACACC,0,574652
araCp,0.1111111111111111,8,8,AAACATGATCGCGGGGCACA,0,582872
araCp,0.1111111111111111,8,8,AAAATACGTTTCTATCGGAT,0,583037
araCp,0.1111111111111111,8,8,AAAAGGCAGTTCCGGGTTGA,0,561765
araCp,0.1111111111111111,8,8,AAAAGCCATCGTGACTCTAC,0,546289
araCp,0.125,7,7,TTTTTTAAATGACGCGCAAC,0,595570
araCp,0.125,7,7,TTTTTCGCTGTGTACGCGGT,0,594253
araCp,0.125,7,7,TTTTTCAGGAATCACCTACA,0,597625
araCp,0.125,7,7,TTTTGTAAATCTTATTCGCT,0,557874
araCp,0.125,7,7,TTTTCCCGCATTCCTAGTAT,0,591542
araCp,0.125,7,7,TTTTACTATGCTCGTCTCTT,0,527984
araCp,0.125,7,7,TTTGTTTAAATGTCCAGGGG,0,572051
araCp,0.125,7,7,TTTGTCTATTGCTTTCTTAT,0,546296
araCp,0.125,7,7,TTTGTATCACGTCGTCCAAA,0,565330
araCp,0.125,7,7,TTTGGGGTTGTAGCGGTCTT,0,528507
araCp,0.125,7,7,TTTGGGATCTGTAAGGTTGC,0,527809
araCp,0.125,7,7,TTTGGATACTATATGATTCT,0,600369
araCp,0.125,7,7,TTTGGAGACTCCGCTGTGGC,0,594038
araCp,0.125,7,7,TTTGCATGCTTGTCTGCAAC,0,567515
araCp,0.125,7,7,TTTGACAATTAAGCTATTGG,0,545078
araCp,0.125,7,7,TTTCTGGCCGAAGCAATAGC,0,537908
araCp,0.125,7,7,TTTCTGAGGTAAAGTTTCGT,0,556988
araCp,0.125,7,7,TTTCGGCAGGTAAAGTGTAT,0,552640
araCp,0.125,7,7,TTTCCGTTGTCCCCTTCGTG,0,554010
araCp,0.125,7,7,TTTCCGACACTTTTGCTGGC,0,579344
araCp,0.125,7,7,TTTCCCTAGCAATTAGCGCA,0,590763
araCp,0.125,7,7,TTTCAAGCTTGCACGCTGTC,0,571327
araCp,0.125,7,7,TTTATCAAGGGGGCGCATTT,0,563713
araCp,0.125,7,7,TTTAGGCGGTACAATAGCAA,0,531636
araCp,0.125,7,7,TTTAGCGGATACACGGTGCT,0,551929
araCp,0.125,7,7,TTTAACTGCGGATCTTGCCA,0,597421
araCp,0.125,7,7,TTGTTAAATTCTCGTCACCT,0,578230
araCp,0.125,7,7,TTGTGGCTTATTTGATGGGG,0,536000
araCp,0.125,7,7,TTGTGGACTGCTCTGTGCGC,0,541513
araCp,0.125,7,7,TTGTGATAAACAGGAATTAT,0,593269
araCp,0.125,7,7,TTGTCCCGCCCTGACCGTAG,0,531373
araCp,0.125,7,7,TTGTACATATGTCGTGCATT,0,570945
araCp,0.125,7,7,TTGGTACTCTTGCCGTACAG,0,526706
araCp,0.125,7,7,TTGGGTTACGGCCCCTGTGA,0,549238
araCp,0.125,7,7,TTGGGCGAATCAAAAGGTCC,0,559759
araCp,0.125,7,7,TTGGGCCGTTTCGTTTAACA,0,590060
araCp,0.125,7,7,TTGGGCCCCGCAGCAACCTC,0,594035
araCp,0.125,7,7,TTGGCTGTATGTACTCATTC,0,568286
araCp,0.125,7,7,TTGGCGGCAATCGAGGGGTA,0,578431
araCp,0.125,7,7,TTGGCCGTAAGGACACTCTG,0,545712
araCp,0.125,7,7,TTGCTTAGACCTTCTTATAG,0,566665
araCp,0.125,7,7,TTGCTACCAGTGAACTTAGA,0,561611
araCp,0.125,7,7,TTGCGACCAGCGACTGACAC,0,601402
araCp,0.125,7,7,TTGCCGGCAAGCGCGTTATC,0,599615
araCp,0.125,7,7,TTGCCAGTAAAAGCGAACCT,0,573353
araCp,0.125,7,7,TTGCAGAAAAGGGAATTCCT,0,582055
araCp,0.125,7,7,TTGCACAAAACTTCATCGAA,0,602953
araCp,0.125,7,7,TTGATTCGCATACATAACTC,0,540947
araCp,0.125,7,7,TTGATTCGACCTCAATTATC,0,574941
araCp,0.125,7,7,TTGATACCCTAATTCTGATA,0,567095
araCp,0.125,7,7,TTGAGTGCGCGATTGCCAGA,0,585825
araCp,0.125,7,7,TTGAGATCTAGGGCCACTAA,0,536287
araCp,0.125,7,7,TTCTTTAGCCTTCGCCAAAC,0,565939
araCp,0.125,7,7,TTCTTCCTACCGTGTTTCGT,0,568773
araCp,0.125,7,7,TTCTGGTAGGTAGTTATGGA,0,536330
araCp,0.125,7,7,TTCTCTGATCTCACACCGAG,0,558156
araCp,0.125,7,7,TTCTAGACTAAATGTTTGGC,0,569720
araCp,0.125,7,7,TTCTACTGAACATACCCCTA,0,566890
araCp,0.125,7,7,TTCTAAGGTATCTGGAAAAA,0,573135
araCp,0.125,7,7,TTCGTTCACGGACGCTTCCA,0,535688
araCp,0.125,7,7,TTCGCCGGCTCGTTTTAATC,0,601325
araCp,0.125,7,7,TTCGATTTGAGGAGAAGTAT,0,544895
araCp,0.125,7,7,TTCGATAGTTGAAAACCCTA,0,545835
araCp,0.125,7,7,TTCGACCCACGCTGCGCGTT,0,575132
araCp,0.125,7,7,TTCGAAATGTTTATCGTTCC,0,538042
araCp,0.125,7,7,TTCCTTGCCCTGTTTAGTTT,0,549857
araCp,0.125,7,7,TTCCGCACTTTGTTATAACT,0,593330
araCp,0.125,7,7,TTCCCCGTGGGTTGATCGAT,0,542654
araCp,0.125,7,7,TTCATACGGCTCTGAGCTCA,0,600998
araCp,0.125,7,7,TTCAATCTGCGATACGCGGA,0,561227
araCp,0.125,7,7,TTCAACGTGTATTAGTCATG,0,527158
araCp,0.125,7,7,TTATTTGTGGCGTGTAAAGA,0,567993
araCp,0.125,7,7,TTATGTTACGCGAGGGACAG,0,563397
araCp,0.125,7,7,TTATGTGCAGCCGAGTGCCT,0,540429
araCp,0.125,7,7,TTATCAGATTAACGAGGGAT,0,556618
araCp,0.125,7,7,TTATATTAGTCACGTGTGGT,0,583538
araCp,0.125,7,7,TTATACATCGCCTCCAAGCA,0,549553
araCp,0.125,7,7,TTAGTCGGAACCACGGCTGA,0,531557
araCp,0.125,7,7,TTAGGCTTAAGTATCCGAAT,0,584446
araCp,0.125,7,7,TTAGCATGGTAGTGCTGTCC,0,570886
araCp,0.125,7,7,TTAGCAAAAGTCTGTGCGGT,0,541594
araCp,0.125,7,7,TTAGACATTCGACAGTAGAT,0,526518
araCp,0.125,7,7,TTACTTGGCCCGTCTCGCGA,0,539162
araCp,0.125,7,7,TTACTCGCGGCGCGGTATAT,0,586202
araCp,0.125,7,7,TTACCTCGATTAACTTTGCA,0,574514
araCp,0.125,7,7,TTACATCAGGCAGCTCCCAT,0,576766
araCp,0.125,7,7,TTAAGGTTTATCGTTGAAGA,0,526399
araCp,0.125,7,7,TTAAGGGCATCTCTAAGTAG,0,563710
araCp,0.125,7,7,TTAACCCAGTTATCTGATTG,0,587156
araCp,0.125,7,7,TGTTTGGAAATAACAGCGCG,0,588055
araCp,0.125,7,7,TGTTTAAAATTATAGTGTGC,0,588790
araCp,0.125,7,7,TGTTCTCTTTGGAGACGAGA,0,528644
araCp,0.125,7,7,TGTTATAATGAATTTGTATT,0,600680
araCp,0.125,7,7,TGTGTCAGAGATAGCCTCGG,0,600876
araCp,0.125,7,7,TGTGGTGTACGCGAATAAGG,0,564717
araCp,0.125,7,7,TGTGATGTCTGTCACCTTTT,0,584045
araCp,0.125,7,7,TGTGATATGGCTAAGTAAAT,0,557979
araCp,0.125,7,7,TGTCTCTTGGCAAGGCTGTA,0,551489
araCp,0.125,7,7,TGTCGGCATCCTCTTACCTC,0,563633
araCp,0.125,7,7,TGTCGCATTTCTAAGCGTTC,0,526027
araCp,0.125,7,7,TGTCGCACCGTACGAATGTA,0,525749
araCp,0.125,7,7,TGTCGAAGAGGCCTAAGTAG,0,577009
araCp,0.125,7,7,TGTCCCACAGCACACTTCAT,0,554514
araCp,0.125,7,7,TGTCCAGAACGCTAAGACAC,0,575183
araCp,0.125,7,7,TGTATCCGTGTAAAAGAGTG,0,553368
araCp,0.125,7,7,TGTAGCTGGAAATTTAACGG,0,545204
araCp,0.125,7,7,TGTACGGATCTTAGGGGATG,0,566158
araCp,0.125,7,7,TGTAAGTGAGAATCAGGGAA,0,545616
araCp,0.125,7,7,TGTAAGAGGGGGCCGGGTCC,0,590566
araCp,0.125,7,7,TGGTGATAACAGCTAAGCGT,0,559652
araCp,0.125,7,7,TGGTAGGCTTTCCCAGCTAA,0,558147
araCp,0.125,7,7,TGGTAGCCTTCACCAAGATC,0,562214
araCp,0.125,7,7,TGGTAACTTCCACGGGACCA,0,528675
araCp,0.125,7,7,TGGTAACCTAGGAGGCAGAG,0,582331
araCp,0.125,7,7,TGGGTATTTGTAGTAGGAAG,0,568632
araCp,0.125,7,7,TGGGTAAATACCGTGTCACC,0,548288
araCp,0.125,7,7,TGGGGTTGTCTGACATCCGT,0,595621
araCp,0.125,7,7,TGGGGTGTCCGGCAAATAAA,0,568623
araCp,0.125,7,7,TGGGGGCTCGCCGCTTAGTA,0,598597
araCp,0.125,7,7,TGGGAACGGACATTTCGGAC,0,526459
araCp,0.125,7,7,TGGCTAATGGTCCATGTAGA,0,555631
araCp,0.125,7,7,TGGCGTCCATGTTCTTGCTC,0,577133
araCp,0.125,7,7,TGGAGTATACTATATGGAGG,0,586037
araCp,0.125,7,7,TGGAAGTACGAGGACACTCA,0,543821
araCp,0.125,7,7,TGCTTGGTTAACACGGCATT,0,574089
araCp,0.125,7,7,TGCTTAGTGAGACTTCCGAT,0,534926
araCp,0.125,7,7,TGCTAGCATCCGAATAATCG,0,583570
araCp,0.125,7,7,TGCGTACGCAGGTACAACGT,0,553540
araCp,0.125,7,7,TGCGCGAGTCGGTACGTGTG,0,583725
araCp,0.125,7,7,TGCGAAATACCTCCTGTTAG,0,598222
araCp,0.125,7,7,TGCCTTAGACGCACTCTCTT,0,580241
araCp,0.125,7,7,TGCCGTAAGTGGCATTAAAT,0,579868
araCp,0.125,7,7,TGCCGGCTGTGGCTCTTAAC,0,547456
araCp,0.125,7,7,TGCCATAGAACTTTGAATCA,0,556466
araCp,0.125,7,7,TGCATGGCATAATTCACCCC,0,533682
araCp,0.125,7,7,TGCAGATATCTGCTAACTAC,0,539864
araCp,0.125,7,7,TGCACGCTAAAGCGCCATTG,0,526512
araCp,0.125,7,7,TGATTTCCAATGGGCTTGGA,0,558198
araCp,0.125,7,7,TGATTCCGGCGTCACTCGCA,0,544476
araCp,0.125,7,7,TGATGCAAGGTCTGCGTGTT,0,528645
araCp,0.125,7,7,TGATGATGCCGGCTATATCA,0,595305
araCp,0.125,7,7,TGATGAGTGTTTGCGGTACA,0,590531
araCp,0.125,7,7,TGATCGCCTAGGGTAAAGTG,0,583206
araCp,0.125,7,7,TGATCACTGCGAGTCGCTTG,0,563265
araCp,0.125,7,7,TGATAAGTGGATTTTGGGCT,0,593258
araCp,0.125,7,7,TGAGTGTCTGGCCCTGCACC,0,582506
araCp,0.125,7,7,TGAGTCAATACCACACATGA,0,603079
araCp,0.125,7,7,TGAGTATCAATATAGTGTGA,0,537706
araCp,0.125,7,7,TGAGGGTGGAACCGAGGGTT,0,570509
araCp,0.125,7,7,TGAGCTACGAAACAGCGTTA,0,600392
araCp,0.125,7,7,TGAGCGTATCGCGTTTCGCG,0,575957
araCp,0.125,7,7,TGAGCCTTGAATACTCGGTC,0,581162
araCp,0.125,7,7,TGAGCCACAGATTGAATGCA,0,578956
araCp,0.125,7,7,TGAGATTCTTTCGGGGGCAG,0,582147
araCp,0.125,7,7,TGACTGCTAAGACTCAGTTT,0,549474
araCp,0.125,7,7,TGACCCAGGTCTCCCGTTAA,0,530911
araCp,0.125,7,7,TGAACTTCGCTAATGAGTTC,0,570332
araCp,0.125,7,7,TGAACTGTTGCAGCAAATTT,0,582265
araCp,0.125,7,7,TGAACGTTCATGCTATATAT,0,583119
araCp,0.125,7,7,TGAAACCCCAACGACTGGTG,0,531698
araCp,0.125,7,7,TCTTCGTTGACTCAAGGACC,0,570239
araCp,0.125,7,7,TCTTAGAAAACCAAGCAGTT,0,555953
araCp,0.125,7,7,TCTGGCCTGTAAGCGCTTTA,0,591722
araCp,0.125,7,7,TCTGCGAGTAGGTAAAATAC,0,527313
araCp,0.125,7,7,TCTCTGGTGAATGCGACTAA,0,574761
araCp,0.125,7,7,TCTCATGATGTCAGAGAGAC,0,540065
araCp,0.125,7,7,TCTCATCGACAACGGGAGCA,0,545654
araCp,0.125,7,7,TCTCAAGCCAATCGCTCACA,0,551802
araCp,0.125,7,7,TCTATTCTGGGTAGCATCCA,0,583282
araCp,0.125,7,7,TCTATTATTATGTTACGGCC,0,534232
araCp,0.125,7,7,TCTATGAACGGCGTGTAATA,0,544845
araCp,0.125,7,7,TCTATCGGGGATGATAGGGT,0,587243
araCp,0.125,7,7,TCTAAGTCATTGCCGGTCGG,0,562228
araCp,0.125,7,7,TCTAAGCACCGGTACAGACT,0,569066
araCp,0.125,7,7,TCGTTTATGCGCCAAAAGTC,0,528172
araCp,0.125,7,7,TCGTTCACATTGGGTTTGAA,0,595468
araCp,0.125,7,7,TCGTTATGAAATGCCGAATG,0,587434
araCp,0.125,7,7,TCGTGCATAGGGGAACTCGA,0,597741
araCp,0.125,7,7,TCGGTTTCGTCGAGTTACCA,0,576675
araCp,0.125,7,7,TCGGTGTTTGTGTCATAGTA,0,580621
araCp,0.125,7,7,TCGGCTGGCAATATGAGACG,0,566896
araCp,0.125,7,7,TCGGATAGTTGGGTCGTACG,0,526030
araCp,0.125,7,7,TCGCTTCTCCTATAATAGTG,0,545720
araCp,0.125,7,7,TCGCTGCGGCTTATCATCAT,0,598488
araCp,0.125,7,7,TCGCGCTCGTGAACCGCATG,0,549364
araCp,0.125,7,7,TCGCGACGGTCTGTACACGT,0,590971
araCp,0.125,7,7,TCGATTGGTGCGCGCTATAA,0,600609
araCp,0.125,7,7,TCGATTCAATGCGGTGCGAG,0,562168
araCp,0.125,7,7,TCGAGGAATGCTTTTCGGTC,0,586730
araCp,0.125,7,7,TCGAACTTTTGGTCAAACTT,0,572393
araCp,0.125,7,7,TCCTGGGGTGCACTGCTTCA,0,573824
araCp,0.125,7,7,TCCTGCCTTGGCTTCACGGA,0,578608
araCp,0.125,7,7,TCCTATATTTGTGATATTTG,0,532501
araCp,0.125,7,7,TCCTATAACATCGCGGCCGT,0,592816
araCp,0.125,7,7,TCCGTTCCACCTTTCGCAAA,0,560921
araCp,0.125,7,7,TCCCTAAGTTGTGGGTCAGC,0,545429
araCp,0.125,7,7,TCCCGATCGCGCGGCACTTG,0,564921
araCp,0.125,7,7,TCCATTGGAACCACGCTGGA,0,527066
araCp,0.125,7,7,TCCATGGGATGCGGTGGGTC,0,570692
araCp,0.125,7,7,TCCAAATAGGTTTGATCGGA,0,540013
araCp,0.125,7,7,TCATTCGAGATCTGCCTCGA,0,537357
araCp,0.125,7,7,TCATTCACCGGCGTACTCGG,0,542864
araCp,0.125,7,7,TCATAACTGGATGTCTTTGC,0,541102
araCp,0.125,7,7,TCAGTTCTTTATGGGTTCGA,0,573569
araCp,0.125,7,7,TCAGTGATTGAGACTTTTTA,0,551678
araCp,0.125,7,7,TCAGCTGGGAAAACTTCTAT,0,528179
araCp,0.125,7,7,TCAGCGCTTCGCGAAACTAC,0,546844
araCp,0.125,7,7,TCAGCAGCTCTTACCGCTTG,0,563366
araCp,0.125,7,7,TCACTTTTAGGATCTCACGT,0,600883
araCp,0.125,7,7,TCACTGGTGCGTCAGGCTTC,0,536682
araCp,0.125,7,7,TCACGTCACGGGCGCACTTT,0,600463
araCp,0.125,7,7,TCACGGTTTAGGCACCCCAT,0,600098
araCp,0.125,7,7,TCACGCGGCGGTAATTTTTG,0,571046
araCp,0.125,7,7,TCACCCCTAAGAAAGGATTA,0,539026
araCp,0.125,7,7,TCACCATTGCTTCCGTAATT,0,545527
araCp,0.125,7,7,TCAAGCTCTAGATCGCGGTG,0,600262
araCp,0.125,7,7,TATTTTCGAAGACACTATGG,0,598698
araCp,0.125,7,7,TATTTGGAGGTCCAGTGAGT,0,529978
araCp,0.125,7,7,TATTAGCGAAGGTTGGATTA,0,555303
araCp,0.125,7,7,TATTAAGGCCAAGACACCAA,0,560714
araCp,0.125,7,7,TATGTGAAAGGTAGGTTCCT,0,550378
araCp,0.125,7,7,TATGTCTTAGTCGCCAATAA,0,540949
araCp,0.125,7,7,TATGTCATTCAATTTTCCGA,0,542764
araCp,0.125,7,7,TATGTATTGGAGTGGGTTTC,0,555607
araCp,0.125,7,7,TATGTATGGCTGTGCTGCTC,0,525608
araCp,0.125,7,7,TATGGTACTGCGTAGATGCC,0,540645
araCp,0.125,7,7,TATGGGCGGGTACCGGTAGA,0,527374
araCp,0.125,7,7,TATGCCCACTCCTGGGCCAT,0,579739
araCp,0.125,7,7,TATGACCACGCAGACTTGCC,0,561562
araCp,0.125,7,7,TATCTCTACTGCACCATTAG,0,529110
araCp,0.125,7,7,TATCGGAAATTACATCGCTC,0,602299
araCp,0.125,7,7,TATCGCAGCATACGCCATAC,0,560726
araCp,0.125,7,7,TATCCTGAGCCTGTTGTGCT,0,537574
araCp,0.125,7,7,TATCATAATCGTCGTTGTCC,0,567333
araCp,0.125,7,7,TATATTGGAGCGAATCTGCT,0,526224
araCp,0.125,7,7,TATACGATGCATCGTCCTTA,0,582132
araCp,0.125,7,7,TATAAGAGCACAGCGTAAAT,0,565694
araCp,0.125,7,7,TAGGGGAGGCGCCTATTTTA,0,601671
araCp,0.125,7,7,TAGGCCTTTTTAATTTCCAG,0,580542
araCp,0.125,7,7,TAGGCCCGCATGCTGTGTCT,0,573512
araCp,0.125,7,7,TAGGCATGGGACGCAGTACT,0,563551
araCp,0.125,7,7,TAGGATCTTTTATTCAGCCA,0,588368
araCp,0.125,7,7,TAGCGTCTAGTCTGCAAGCA,0,569577
araCp,0.125,7,7,TAGCCCGAGGCGACCTCATG,0,600418
araCp,0.125,7,7,TAGCCAGCGCCTGACTTCTA,0,597824
araCp,0.125,7,7,TAGCAGTACGCAGAAATTTG,0,593168
araCp,0.125,7,7,TAGCAGGTCAGGCTCCAGCA,0,572116
araCp,0.125,7,7,TAGCAAGGGGTCATTTGATG,0,571337
araCp,0.125,7,7,TAGATACCACAACAGTTTTT,0,553672
araCp,0.125,7,7,TAGATAATGATATTAGAATT,0,596827
araCp,0.125,7,7,TAGAGTATGGGGAAAAGCAA,0,527378
araCp,0.125,7,7,TAGACGACGACCACGCGAAC,0,547164
araCp,0.125,7,7,TACTTTATTTAGTAGTTGTG,0,552987
araCp,0.125,7,7,TACTGCCTTAGTTCTGCTGG,0,593730
araCp,0.125,7,7,TACTCCTGCGGCGTGCAACA,0,564955
araCp,0.125,7,7,TACTACGTTTGCTGTTATGC,0,573586
araCp,0.125,7,7,TACTACCTTCGTGGATGTCA,0,576797
araCp,0.125,7,7,TACGGGGCAGATTAGGACTG,0,543146
araCp,0.125,7,7,TACGGGCTAGAGGAGGGATC,0,591191
araCp,0.125,7,7,TACCTTACTGCTGATTGTGT,0,577412
araCp,0.125,7,7,TACCTATATAGAATTTAACT,0,526672
araCp,0.125,7,7,TACCGGACGTCCGTTCCAAT,0,562059
araCp,0.125,7,7,TACCCGGTACCTCATTGTGT,0,540284
araCp,0.125,7,7,TACCCGGGCTCAATGGGTGC,0,564004
araCp,0.125,7,7,TACCATGGTTAACTGGTGCG,0,551234
araCp,0.125,7,7,TACCAGGGGACAGGTCGTGT,0,577570
araCp,0.125,7,7,TACCAAACCCTTTAAGTAGT,0,602797
araCp,0.125,7,7,TACATTGTGGAGTGGGTATT,0,570816
araCp,0.125,7,7,TACATGGTCGGGGGCTAGGG,0,558984
araCp,0.125,7,7,TACATAGGAAGTTCACCTAT,0,586634
araCp,0.125,7,7,TACAGGATCTTTCAGTCATG,0,576670
araCp,0.125,7,7,TACACACTTCGGATTTGCTC,0,525904
araCp,0.125,7,7,TACAACAAAATTGGAACACC,0,567234
araCp,0.125,7,7,TAATTGACGGCGCGCTCATG,0,559002
araCp,0.125,7,7,TAATTCATAGACATCGGCGA,0,560139
araCp,0.125,7,7,TAATTCAGATGGAGTTTAAG,0,542453
araCp,0.125,7,7,TAATGTTACGTAGGAAATCT,0,586487
araCp,0.125,7,7,TAATGATGAAGGGCACGGTT,0,598014
araCp,0.125,7,7,TAATACTCATCAATCCTGGA,0,603306
araCp,0.125,7,7,TAATAAAAACTACTGAGTGA,0,529418
araCp,0.125,7,7,TAAGGCTTAGCCGGTTTGAG,0,548082
araCp,0.125,7,7,TAAGCTCTACTCCTTTTGTA,0,593438
araCp,0.125,7,7,TAAGCGGTACGAGGTCAGCC,0,551811
araCp,0.125,7,7,TAAGCAGGAGACGTTTGGTA,0,568752
araCp,0.125,7,7,TAACTGCAGGCCCAGATCTC,0,529051
araCp,0.125,7,7,TAACGCGCCGCGGCAAATAA,0,538098
araCp,0.125,7,7,TAACCCTAGCCAGCCCCCAA,0,576405
araCp,0.125,7,7,TAACAGCGTGTGTTTAAACA,0,561072
araCp,0.125,7,7,TAAAGTTGGGAGTCTATTTA,0,582410
araCp,0.125,7,7,TAAAGGCCCCTCCCAGGCTT,0,591348
araCp,0.125,7,7,TAAACATGACCGAGCCTTGC,0,593641
araCp,0.125,7,7,TAAAACAGCAGATCGATAGA,0,584565
araCp,0.125,7,7,GTTTGTAAGTCATGTATCAC,0,570920
araCp,0.125,7,7,GTTTCGGTCTAATCTAAATT,0,544829
araCp,0.125,7,7,GTTTAAGCCCCGCCATACGT,0,565884
araCp,0.125,7,7,GTTGGACCTCCATATCTCTA,0,573318
araCp,0.125,7,7,GTTGCCGGGGCATTACCAGG,0,601313
araCp,0.125,7,7,GTTGAAATACTTTACATAAC,0,570181
araCp,0.125,7,7,GTTCTTGGTGAGCCGAAGGC,0,553364
araCp,0.125,7,7,GTTCTCACAGGCATGTAGCG,0,538463
araCp,0.125,7,7,GTTCGTAGCCTTAATTGGAT,0,546122
araCp,0.125,7,7,GTTCGGCTTCTTGTAGGAGT,0,574356
araCp,0.125,7,7,GTTCGATCAGAATGTCACGA,0,585870
araCp,0.125,7,7,GTTCATCCTGCGGTCAGGTC,0,537484
araCp,0.125,7,7,GTTCACCACGCGGACGGGAT,0,548909
araCp,0.125,7,7,GTTATTTTTCGCCACTCCTT,0,565421
araCp,0.125,7,7,GTTAGTGTACGACCGCCTTC,0,559114
araCp,0.125,7,7,GTTAGAATATGAGTGAGGAA,0,574002
araCp,0.125,7,7,GTTACCTCTCGGGTAGCACA,0,563396
araCp,0.125,7,7,GTTACAAGGACTACTGAACA,0,538774
araCp,0.125,7,7,GTGTTCTGAGGTTGTGTAAT,0,545912
araCp,0.125,7,7,GTGTAATTTCAGGATCTATG,0,526035
araCp,0.125,7,7,GTGTAAAAGAGTGTGGGGTT,0,586452
araCp,0.125,7,7,GTGGTACGCCGCAGCGAGTT,0,527406
araCp,0.125,7,7,GTGGGTTGCCTCTCGCCCTC,0,595198
araCp,0.125,7,7,GTGGGCCTGGCACAGAAGCA,0,563478
araCp,0.125,7,7,GTGGCTTATATCTCTCTAGA,0,578337
araCp,0.125,7,7,GTGGCTGGGTGGTGAAAGAA,0,559876
araCp,0.125,7,7,GTGGACTACAGTGGGAGCTA,0,575760
araCp,0.125,7,7,GTGGAACTCCGCGAGCTAGC,0,565506
araCp,0.125,7,7,GTGCTTTCTGTATTATCGTT,0,559882
araCp,0.125,7,7,GTGCTCCCGACAAAGGCGCA,0,583235
araCp,0.125,7,7,GTGCGAAGCTCACCGATGAA,0,526204
araCp,0.125,7,7,GTGCGAACCTATGGTGTCGG,0,577033
araCp,0.125,7,7,GTGATCCATTTCGGTAGAGA,0,537113
araCp,0.125,7,7,GTGAGGTCCGCCCATGAAAA,0,593010
araCp,0.125,7,7,GTGAGGGCGGTGCCGGGAAT,0,529293
araCp,0.125,7,7,GTGAGGCGTGTTAAAAGTTG,0,539404
araCp,0.125,7,7,GTGAAGCCGTCTCCAGTTAA,0,566631
araCp,0.125,7,7,GTGAACGGGGGAGGAAGTCT,0,591403
araCp,0.125,7,7,GTCTTGTGTTCACCGAATCC,0,573429
araCp,0.125,7,7,GTCTCGCGGGCATACCGTGT,0,602358
araCp,0.125,7,7,GTCGTGTACCGAACTTAAGA,0,541941
araCp,0.125,7,7,GTCGGGTTCGACTGGTTGCC,0,588146
araCp,0.125,7,7,GTCGAGGAGTTTCGGGGGTA,0,590596
araCp,0.125,7,7,GTCCGTCAACGACTGGACGG,0,596590
araCp,0.125,7,7,GTCCGGACGCGGCCAAACTC,0,538996
araCp,0.125,7,7,GTCATTCTTCACACCTGCCC,0,580148
araCp,0.125,7,7,GTCATCCCGCGGGTACTCTC,0,590450
araCp,0.125,7,7,GTCAGCAGAAGAAGGTGTGA,0,575117
araCp,0.125,7,7,GTCAGAGCGTTTGTGGATCT,0,570677
araCp,0.125,7,7,GTATTGACTACGTGACCCAC,0,560914
araCp,0.125,7,7,GTATGGACACCAGTGTCAGG,0,603365
araCp,0.125,7,7,GTATCACAAAGACGCTGAAA,0,567861
araCp,0.125,7,7,GTATAGACCGCTGACAGCGG,0,584529
araCp,0.125,7,7,GTATACCTTGAATTTGTGTT,0,541897
araCp,0.125,7,7,GTAGTTCCGCCATGAAGCGC,0,575182
araCp,0.125,7,7,GTAGGTCAACATCTTGGGAC,0,592273
araCp,0.125,7,7,GTAGCCCGTAGTGAATGTCA,0,596653
araCp,0.125,7,7,GTAGATAAGAGTGGAGCAGT,0,590212
araCp,0.125,7,7,GTAGAACAGCAGATTGCGAC,0,598028
araCp,0.125,7,7,GTAGAAAAGTTAACAACACA,0,579082
araCp,0.125,7,7,GTACGCTGTATTTACTTATG,0,539761
araCp,0.125,7,7,GTACCCGCGTTATGGACTGA,0,593957
araCp,0.125,7,7,GTACCAGCTCGTGGAGCTCC,0,579937
araCp,0.125,7,7,GTACATCGTGGCACATCTGA,0,565565
araCp,0.125,7,7,GTACAGATCTTACTGATGTG,0,573967
araCp,0.125,7,7,GTAATTCTTATTTGGGGCTA,0,527702
araCp,0.125,7,7,GTAAGAAAACCTGGCCATGG,0,596760
araCp,0.125,7,7,GTAAACCACGCTAGCTCGTA,0,560411
araCp,0.125,7,7,GGTTTCCGAAGGGGAATTCA,0,529025
araCp,0.125,7,7,GGTTATCCCAACGTTATGGG,0,537141
araCp,0.125,7,7,GGTTAGCAAACGGCGGAGGA,0,539606
araCp,0.125,7,7,GGTTACAACGCATGGGAGAG,0,595807
araCp,0.125,7,7,GGTTAACCGAATCCCAGCAT,0,593896
araCp,0.125,7,7,GGTGTGGAAGTACTTAGTAG,0,538591
araCp,0.125,7,7,GGTGGCATCATGGCCTGAAT,0,543412
araCp,0.125,7,7,GGTGCTCAAAAGCGTCGTTC,0,533437
araCp,0.125,7,7,GGTGAGTTCATGTCGTCTCC,0,530563
araCp,0.125,7,7,GGTGAGTATCCTTGTAAAAG,0,561499
araCp,0.125,7,7,GGTGAGCGGACCGGGCTTCA,0,540009
araCp,0.125,7,7,GGTCGTAGTGTTTCAGGCCT,0,563782
araCp,0.125,7,7,GGTCCTATTAATAGGACAGA,0,547622
araCp,0.125,7,7,GGTCCGGCGCACAAAGGAAG,0,596761
araCp,0.125,7,7,GGTCCCATCCCGGTACGATG,0,582253
araCp,0.125,7,7,GGTCAACGGTGGACACCTCA,0,558724
araCp,0.125,7,7,GGTCAAATCGCCGATCATCC,0,543763
araCp,0.125,7,7,GGTAGGCGCAATGCCTGTAT,0,599304
araCp,0.125,7,7,GGTAGGAAGAAGTCGTGATA,0,547728
araCp,0.125,7,7,GGTAGAGATAAGAGTAGAAC,0,525956
araCp,0.125,7,7,GGTACCTCGCCGGACCTGAC,0,554054
araCp,0.125,7,7,GGTACCCCGTCTCCCGGAAG,0,587860
araCp,0.125,7,7,GGTAATCAGGACGAGACCTG,0,577766
araCp,0.125,7,7,GGGTTCGGCGTGGTTGTATG,0,600849
araCp,0.125,7,7,GGGTCCAGGCGTAATAGCGT,0,554057
araCp,0.125,7,7,GGGTATCGCCTTGATTTCTA,0,536094
araCp,0.125,7,7,GGGTATAGAGGCTACATCTC,0,560799
araCp,0.125,7,7,GGGTAGGTAAGTAGATTGTC,0,546662
araCp,0.125,7,7,GGGTACTAGGCCTGGGCGCT,0,563074
araCp,0.125,7,7,GGGGGCGTGACTTTGGGTCA,0,600446
araCp,0.125,7,7,GGGGGAATGATGTGTAGATG,0,587828
araCp,0.125,7,7,GGGGATGCGTCGAACCGATT,0,540472
araCp,0.125,7,7,GGGCTTCCCAAACGGGAATG,0,537338
araCp,0.125,7,7,GGGCTAGTTAAAGTCCACGG,0,541877
araCp,0.125,7,7,GGGCTACAGGTGAGGTCTCC,0,567972
araCp,0.125,7,7,GGGCGGATCTTCCAGGAAGG,0,559267
araCp,0.125,7,7,GGGCCAACTTACATTCGTTC,0,594042
araCp,0.125,7,7,GGGCATCCCATTACACGGGT,0,542709
araCp,0.125,7,7,GGGCAGCCGAGGCTGGGGTG,0,558905
araCp,0.125,7,7,GGGAGTGTTCTCCTTTACCG,0,574193
araCp,0.125,7,7,GGGACTTGACAGTCCTATTA,0,580641
araCp,0.125,7,7,GGGACGATGCCATCTCTGTA,0,542968
araCp,0.125,7,7,GGGAAAGCATAAATAAAGCC,0,540532
araCp,0.125,7,7,GGCTGTGTAGTCTATTTTTG,0,531655
araCp,0.125,7,7,GGCTGCTGGTTACTAAGCCC,0,591821
araCp,0.125,7,7,GGCTGAGATGCCACGGGTTA,0,582113
araCp,0.125,7,7,GGCTCGGTCCATCGCATAGT,0,599394
araCp,0.125,7,7,GGCTCGGGCCTGTGGGAATA,0,575537
araCp,0.125,7,7,GGCTAAGTCTGCTCATACGC,0,527562
araCp,0.125,7,7,GGCGTTTTAATGCCTGCGCG,0,529205
araCp,0.125,7,7,GGCGGGATTCTCATATGAAC,0,553951
araCp,0.125,7,7,GGCGCGGGGCACTCAGTGAG,0,594104
araCp,0.125,7,7,GGCCTACTTTCAACGAAATT,0,534623
araCp,0.125,7,7,GGCCGTCTAACGGCCTGCAG,0,554186
araCp,0.125,7,7,GGCCGGACCCAGGACTTCAG,0,577592
araCp,0.125,7,7,GGCCGCTGGGCGAGAGCGCG,0,597863
araCp,0.125,7,7,GGCCCGACGCACCCTCGTCA,0,598686
araCp,0.125,7,7,GGCATAAGTGAGTAAGATCT,0,543901
araCp,0.125,7,7,GGCAGGCGGACAGTACTCGA,0,587343
araCp,0.125,7,7,GGCAGACTTGAGGGGCATCT,0,536640
araCp,0.125,7,7,GGCACATTCTTGCGGTTCAA,0,570841
araCp,0.125,7,7,GGATTTCTTGCTACCTATAG,0,543483
araCp,0.125,7,7,GGATTTACCTCATCACGTCC,0,570403
araCp,0.125,7,7,GGATGTTTCGAGTTGCGAAG,0,567446
araCp,0.125,7,7,GGATGTCGGATCCCGGCAGT,0,559325
araCp,0.125,7,7,GGAGTATGATATCCTAACGG,0,551239
araCp,0.125,7,7,GGAGCATCATGCGACCTCAA,0,542000
araCp,0.125,7,7,GGACTGAACAGTCAGAATTC,0,590715
araCp,0.125,7,7,GGACGTCGGGGTTTACCTTA,0,581623
araCp,0.125,7,7,GGACGGCACTCGCATGTCGT,0,586292
araCp,0.125,7,7,GGACCGTGCCGGGTTCGTCC,0,589656
araCp,0.125,7,7,GGACCGCTATATGTGCCCGC,0,580576
araCp,0.125,7,7,GGACATGAACTTGGGTGGAA,0,572683
araCp,0.125,7,7,GGACAGTCGGGACTCTGGAA,0,551450
araCp,0.125,7,7,GGACACACACCGAGATCGTG,0,599580
araCp,0.125,7,7,GGAATGGACGACCCATTAAC,0,538694
araCp,0.125,7,7,GGAATAAATCCTTATCCACT,0,602119
araCp,0.125,7,7,GGAAGGCCCCGTTGGAAGCC,0,538907
araCp,0.125,7,7,GGAAGCCTCGCCGGGTCGTC,0,556600
araCp,0.125,7,7,GGAACCGTACAATTGCGCCG,0,536406
araCp,0.125,7,7,GGAACCGGCACGGCTTAGGA,0,572522
araCp,0.125,7,7,GCTTGTGCGTAGAATACTCA,0,528101
araCp,0.125,7,7,GCTTGACAGAACACACTCTT,0,585215
araCp,0.125,7,7,GCTTCTTGTCGTACCGTCCA,0,589864
araCp,0.125,7,7,GCTTCCGTCTTTACCGACTG,0,571161
araCp,0.125,7,7,GCTTAGCCGTTAAAGAGCTG,0,526453
araCp,0.125,7,7,GCTTAATCCTCGAGCCACTT,0,567387
araCp,0.125,7,7,GCTTAATAGGGAGACTAAGA,0,591101
araCp,0.125,7,7,GCTGGAATGTTCACTACCAT,0,540786
araCp,0.125,7,7,GCTGCGGACGTCAGTGGTCC,0,550415
araCp,0.125,7,7,GCTGCGAGAGAGTCCGCACA,0,578148
araCp,0.125,7,7,GCTGAACGTAGCGGTATGTT,0,532484
araCp,0.125,7,7,GCTCTATAGGGTAATTACTA,0,590297
araCp,0.125,7,7,GCTCTAGGCATCAGGGAAGA,0,561226
araCp,0.125,7,7,GCTCCCGAGCGCCCGCCCAA,0,569301
araCp,0.125,7,7,GCTCCCAAACTCATCCCAAC,0,578467
araCp,0.125,7,7,GCTCACTAGAAACTAATTGA,0,603465
araCp,0.125,7,7,GCTCACGACTGCGCAGGAAG,0,587406
araCp,0.125,7,7,GCTCAATTGCATACGCAACT,0,537551
araCp,0.125,7,7,GCTATACTGTTGCGGATGTG,0,541904
araCp,0.125,7,7,GCTAGTCAGGCCATTCTAGC,0,543663
araCp,0.125,7,7,GCTAGAAGTAGACACGGTGG,0,584677
araCp,0.125,7,7,GCTACAGCGATCGCGTGTGA,0,531523
araCp,0.125,7,7,GCTAATAGTCGTCAGCTTTA,0,546788
araCp,0.125,7,7,GCTAACTCTCTGGATCTTAA,0,555249
araCp,0.125,7,7,GCGTTTTTATCTCTGTAACG,0,570981
araCp,0.125,7,7,GCGTTTGAAGCCACTAAGGT,0,553778
araCp,0.125,7,7,GCGTGTTCATACATTTGAGT,0,561501
araCp,0.125,7,7,GCGTCTTTTAATGGGGCGAC,0,529145
araCp,0.125,7,7,GCGTCTGTTTCTCGTTCGGT,0,586480
araCp,0.125,7,7,GCGTCCTTTGTTACGCGCGT,0,533181
araCp,0.125,7,7,GCGTCATTGTTAGGGAAGCA,0,592222
araCp,0.125,7,7,GCGTCAGTAGTCTTTTTTTT,0,601314
araCp,0.125,7,7,GCGGGTGTGGCAATAAGATC,0,555901
araCp,0.125,7,7,GCGGCGCTATTGGCACGAGC,0,573287
araCp,0.125,7,7,GCGGCCGCAAGGGGGACCCG,0,533722
araCp,0.125,7,7,GCGGACTTTTGCACGATTAG,0,575634
araCp,0.125,7,7,GCGCGAGCTTGGCTTAGATC,0,589267
araCp,0.125,7,7,GCGCGACGTGGGAGTAATAT,0,579976
araCp,0.125,7,7,GCGCCGTTGTGTGTTCTCTC,0,548365
araCp,0.125,7,7,GCGCCGTCGCTTGAGATGTA,0,573741
araCp,0.125,7,7,GCGCATAACTAAGATTGTTA,0,569422
araCp,0.125,7,7,GCGCAGCCCCATTCCTCTTG,0,537583
araCp,0.125,7,7,GCGATCTGATTGATCTCGTC,0,540808
araCp,0.125,7,7,GCGATCGTACGTAGTGCGCA,0,580825
araCp,0.125,7,7,GCGAGCCGACCCCGCTGTAC,0,579898
araCp,0.125,7,7,GCGAGAGAACAGTAATTCTA,0,572850
araCp,0.125,7,7,GCGACCCAAACTCATCCAAG,0,532316
araCp,0.125,7,7,GCGAAGCGGGATTCATCTGA,0,580826
araCp,0.125,7,7,GCCTTGTTCGCCCTCGGCCC,0,559504
araCp,0.125,7,7,GCCTTAGTATAGCATACACG,0,592297
araCp,0.125,7,7,GCCTTACGCCATTACTCAAC,0,572071
araCp,0.125,7,7,GCCTTAAAATTAACGGAAGT,0,565983
araCp,0.125,7,7,GCCTCAACTCTTGGTTACAT,0,570927
araCp,0.125,7,7,GCCGTAATGGGGTACCAGTG,0,593652
araCp,0.125,7,7,GCCGGAGGCAGAACGTACCA,0,603548
araCp,0.125,7,7,GCCCTCACTCCGAAATGTCC,0,567329
araCp,0.125,7,7,GCCCGAAACATCTTGGCATC,0,527744
araCp,0.125,7,7,GCCCCAGTTGGTTAGTACTT,0,535204
araCp,0.125,7,7,GCCCAATGCGGTCGTGGCTC,0,525602
araCp,0.125,7,7,GCCATTCCTACCATCCGGGG,0,581763
araCp,0.125,7,7,GCCATCCAATGGAGCTAATG,0,543631
araCp,0.125,7,7,GCCAGGATGCGTACCTGAGA,0,526452
araCp,0.125,7,7,GCCAGAGCTCGAAATGAGGT,0,537881
araCp,0.125,7,7,GCCAACGTGGGCCATAACGA,0,597970
araCp,0.125,7,7,GCATTACGCGCATAGGCTAC,0,568679
araCp,0.125,7,7,GCAGGCGGATCATTAGGAGA,0,562929
araCp,0.125,7,7,GCAGGAGAGGCAAGCTCTGT,0,564172
araCp,0.125,7,7,GCAGATGGAGTCAATGTACG,0,531229
araCp,0.125,7,7,GCACTGTCGTCACATCATCT,0,586208
araCp,0.125,7,7,GCAATGTGCAACGTCGTACT,0,560129
araCp,0.125,7,7,GCAAATCCTAGAATGATTCT,0,554856
araCp,0.125,7,7,GATTTTGATCTTAATCGTCT,0,531993
araCp,0.125,7,7,GATTGGGTAGACCGCTGTAT,0,569735
araCp,0.125,7,7,GATTCCCGGTAGGAGAACTA,0,538831
araCp,0.125,7,7,GATTAGCAATGGTCCTCACC,0,589863
araCp,0.125,7,7,GATGGAGCCCTTCTTTAACT,0,562336
araCp,0.125,7,7,GATCTCGGGTCAGGCCGTAG,0,576538
araCp,0.125,7,7,GATCAGTTGCCAGTAGAAGA,0,527327
araCp,0.125,7,7,GATCAAGACTCAGCGTCAAG,0,527443
araCp,0.125,7,7,GATACAACGCATCGCTCGGA,0,548519
araCp,0.125,7,7,GAGTTTGTCACATTGATAGG,0,563483
araCp,0.125,7,7,GAGTTTGGATTCAATCAACG,0,583769
araCp,0.125,7,7,GAGTTTGAAGAGCACCCGTC,0,538359
araCp,0.125,7,7,GAGTTAAGAGGTAAAGGAGC,0,530908
araCp,0.125,7,7,GAGTGGACGTTTAAGTGCAG,0,527320
araCp,0.125,7,7,GAGTCGGGCTCTAGATGTAC,0,603164
araCp,0.125,7,7,GAGGCTTTACCATGTAGCAA,0,554454
araCp,0.125,7,7,GAGGCGCATTAGGATAGCAT,0,594067
araCp,0.125,7,7,GAGCTAGTCCCAAGGGTCGT,0,543832
araCp,0.125,7,7,GAGCGGGGTTTAATTGGTGA,0,526997
araCp,0.125,7,7,GAGCCCCAGATCTGTAGACA,0,565183
araCp,0.125,7,7,GAGATGCTAACTTGCTAAAC,0,531495
araCp,0.125,7,7,GAGATCTACCTCCTCTCGCA,0,576569
araCp,0.125,7,7,GAGACGGGTACTTCCTGTCT,0,562052
araCp,0.125,7,7,GACTTTATTCTGTGGCCCGA,0,560272
araCp,0.125,7,7,GACTCCCCAGTGACTTAGCA,0,553042
araCp,0.125,7,7,GACTCCCATTGACACCACTG,0,564107
araCp,0.125,7,7,GACTAGCGCTTATCTCACAG,0,581484
araCp,0.125,7,7,GACGTAAATTGAGTTACTGA,0,602203
araCp,0.125,7,7,GACGGGCTTCGCAGCTCTCT,0,525543
araCp,0.125,7,7,GACGCCAGAGAGTGAGCCAT,0,593923
araCp,0.125,7,7,GACGATCTACCTAGAGGTGG,0,542459
araCp,0.125,7,7,GACCTCGCGTTGCTAAGTAA,0,561083
araCp,0.125,7,7,GACCTAGTAGCGGCCGGGGC,0,529176
araCp,0.125,7,7,GACCGGCACAGAATGCCCTC,0,548410
araCp,0.125,7,7,GACCCCATGTAGCTAACCGT,0,562179
araCp,0.125,7,7,GACATACGCGGACCACGGAA,0,597287
araCp,0.125,7,7,GACACGCGAAGTAAATTTAA,0,593298
araCp,0.125,7,7,GACACATCCCGTAGCGGCTT,0,584977
araCp,0.125,7,7,GACAAGTCTATTCTGCCCCG,0,543131
araCp,0.125,7,7,GACAAGCTCTGTGTATATCC,0,601803
araCp,0.125,7,7,GACAAATTTCGTTCTTAGGT,0,541278
araCp,0.125,7,7,GAATTTAGAAGCTATGGATT,0,573039
araCp,0.125,7,7,GAATTCCCCGGACCTCCAGC,0,599984
araCp,0.125,7,7,GAATTCAGAATACGATAAGG,0,585901
araCp,0.125,7,7,GAATGTTATCGGCACCATGG,0,544830
araCp,0.125,7,7,GAATGTCTATTAGCGGTTTA,0,537672
araCp,0.125,7,7,GAATGCGATATCGATGTCAG,0,534842
araCp,0.125,7,7,GAATCAGCGGTCTCGTGCCG,0,591239
araCp,0.125,7,7,GAATAAGCGGTCCGGTTCAT,0,535404
araCp,0.125,7,7,GAAGGTAGGTGTGGGGGTCC,0,556787
araCp,0.125,7,7,GAAGGCACACTCAAGAAAGG,0,539993
araCp,0.125,7,7,GAAGGACCAGTCACGGTCCA,0,588853
araCp,0.125,7,7,GAAGCAGGGCAATGAGGCTG,0,534562
araCp,0.125,7,7,GAAGATGTTCTGGTGCCCCC,0,542929
araCp,0.125,7,7,GAACTAATCTTCGGGTGTCC,0,568467
araCp,0.125,7,7,GAACGACCAGTTGAGCACGA,0,533200
araCp,0.125,7,7,GAACGAATGCGGTGGGACGA,0,530416
araCp,0.125,7,7,GAACACGGCATAGGACTCAG,0,585618
araCp,0.125,7,7,GAAATCCCGATAGCTTTGGC,0,573440
araCp,0.125,7,7,GAAAGTCTGACCTGACGGGG,0,553288
araCp,0.125,7,7,GAAAGGCAGACCGTGCCTCG,0,532185
araCp,0.125,7,7,GAAACACGTGTTTCGGAAAT,0,555602
araCp,0.125,7,7,GAAAATATTCCGCCCGCGTG,0,588110
araCp,0.125,7,7,GAAAAAGCATCGGTACAGAA,0,555963
araCp,0.125,7,7,CTTTTTTCGCGAAGGAACTT,0,576001
araCp,0.125,7,7,CTTTCTAATTACCGCAGCGC,0,566927
araCp,0.125,7,7,CTTTCGGTATCGGGGGAAAG,0,563914
araCp,0.125,7,7,CTTTCAAGAGAGTATGGTCG,0,592888
araCp,0.125,7,7,CTTTAAATGTCATAGACGGG,0,568941
araCp,0.125,7,7,CTTGTGGCACGAAGCGAAGT,0,529902
araCp,0.125,7,7,CTTGTATCTTAGTAGGGGTA,0,585684
araCp,0.125,7,7,CTTGTAGGTAATACATTTGT,0,602683
araCp,0.125,7,7,CTTGGGCGCGAATACAACCA,0,549131
araCp,0.125,7,7,CTTGGGAATGTGTGGGGTTT,0,597396
araCp,0.125,7,7,CTTGGCTACACAGTAGTCAC,0,583778
araCp,0.125,7,7,CTTGACGTAAGTGGCGGTGT,0,590782
araCp,0.125,7,7,CTTCCGCCCCTTAAGTTCGT,0,555623
araCp,0.125,7,7,CTTCATTTTCAGTGCCCAGG,0,538997
araCp,0.125,7,7,CTTCATTGAACGTTAGCCGC,0,543366
araCp,0.125,7,7,CTTCAGGTATCCATTGATCA,0,552268
araCp,0.125,7,7,CTTCAGCCGACCAAAATTCT,0,583396
araCp,0.125,7,7,CTTACATGGAGGCACTACGT,0,570038
araCp,0.125,7,7,CTTAACCGTATGCAAGGGGT,0,553613
araCp,0.125,7,7,CTGTTTTCGACTGGGAGCCC,0,577542
araCp,0.125,7,7,CTGTTGCAACGTATGAGTAG,0,560323
araCp,0.125,7,7,CTGTTAACGCCGGGTAGATC,0,564970
araCp,0.125,7,7,CTGTGGGGGCTAGTTTGAGC,0,582670
araCp,0.125,7,7,CTGTATTTATAACGTGTACG,0,545509
araCp,0.125,7,7,CTGGTCTTATGGCATCAGGC,0,579466
araCp,0.125,7,7,CTGGTCGTGCGCGACGACTT,0,538448
araCp,0.125,7,7,CTGGTCATCGCCACCTGGCC,0,600922
araCp,0.125,7,7,CTGGGATACGTTTCCTGCAA,0,587247
araCp,0.125,7,7,CTGGGAAGAGTATGTCCATA,0,572527
araCp,0.125,7,7,CTGGCCCGCTACCGGACGCG,0,536328
araCp,0.125,7,7,CTGGCATTAAAGGTAGCATC,0,586047
araCp,0.125,7,7,CTGCGGGCCTTCGAAATAGT,0,590498
araCp,0.125,7,7,CTGCGATCTACTTACCCAGA,0,556342
araCp,0.125,7,7,CTGCATGCCGATGGTAGTAA,0,575566
araCp,0.125,7,7,CTGCAAAGAGGTGGTATAAT,0,527987
araCp,0.125,7,7,CTGAGGGTGTAGTCTCCAAT,0,537010
araCp,0.125,7,7,CTGAGGGCTAGTATACCTTG,0,562218
araCp,0.125,7,7,CTGACTCCTCTCTAGCTGAT,0,574375
araCp,0.125,7,7,CTGAAGAACCGACTACGAGA,0,536349
araCp,0.125,7,7,CTGAACGGTTCAAACTCGTG,0,597109
araCp,0.125,7,7,CTCTTTCACAAAGTGTCTTA,0,561918
araCp,0.125,7,7,CTCTTGACTACTCCTTCGTT,0,572280
araCp,0.125,7,7,CTCTCTATATGAGGTGGGGA,0,591241
araCp,0.125,7,7,CTCTCGAGGCTTTTGCATGC,0,538473
araCp,0.125,7,7,CTCGTTCCTATCCACTTTAA,0,598680
araCp,0.125,7,7,CTCGGAGAGCTAATAACGAG,0,598693
araCp,0.125,7,7,CTCGCGAGAGGAAGTCTAAT,0,593197
araCp,0.125,7,7,CTCGCACAGGAAGTCGCACG,0,603198
araCp,0.125,7,7,CTCGATTCGCTCCTAACTAA,0,534762
araCp,0.125,7,7,CTCGACATCCGGTCATCGCA,0,559811
araCp,0.125,7,7,CTCCTTAAAGGGATATATTT,0,597294
araCp,0.125,7,7,CTCCGGCGCCTCACGGTAAA,0,537219
araCp,0.125,7,7,CTCCGGCGACCACACGCCGG,0,528976
araCp,0.125,7,7,CTCCGCGCCCGTGATCCGGA,0,536175
araCp,0.125,7,7,CTCCACTGTCCGTTCTCACG,0,585685
araCp,0.125,7,7,CTCATCTGACACAGACTATG,0,542562
araCp,0.125,7,7,CTCATCGTGCGTATTAGCGA,0,569969
araCp,0.125,7,7,CTCAGGTAGTGTCCTATACA,0,598996
araCp,0.125,7,7,CTCACCGGGTGAGAAGGTAG,0,535143
araCp,0.125,7,7,CTCAATATACCTCATCACTG,0,536745
araCp,0.125,7,7,CTCAACCCAGTTTCCATAGG,0,591658
araCp,0.125,7,7,CTCAACATAATCCTAGTCTT,0,585622
araCp,0.125,7,7,CTATTGATTAATAGCTCGGA,0,576203
araCp,0.125,7,7,CTATCATATGGCTGCGGCCG,0,577566
araCp,0.125,7,7,CTATAAGGTGAGCAATGCTC,0,572929
araCp,0.125,7,7,CTAGTTGAAACATAACATCC,0,547398
araCp,0.125,7,7,CTAGTTACCAGGATGGGCCT,0,589292
araCp,0.125,7,7,CTAGTGTACATTTATCGGAC,0,559780
araCp,0.125,7,7,CTAGTAATTCATGTACAGTG,0,568048
araCp,0.125,7,7,CTAGGTCAAATTGACAGGGA,0,563773
araCp,0.125,7,7,CTAGGCTTCTTTGTAGATTT,0,537462
araCp,0.125,7,7,CTAGACGGACGGGATCTACC,0,602969
araCp,0.125,7,7,CTACGACCAGGAGACTTCAC,0,533581
araCp,0.125,7,7,CTACATTTCGCGAAACCCGT,0,571041
araCp,0.125,7,7,CTACATGATCTACTGTGTAT,0,566501
araCp,0.125,7,7,CTACAGTCACATGGCGATCA,0,553914
araCp,0.125,7,7,CTAATTCTACTTTATTTGTT,0,571438
araCp,0.125,7,7,CTAATAATGTAGTTGCGGAG,0,545206
araCp,0.125,7,7,CTAACTGGAGCGGTTGCGGA,0,587733
araCp,0.125,7,7,CTAAACCTACCTCCAAATAG,0,580029
araCp,0.125,7,7,CTAAACACCAGAGTGTCTAC,0,562288
araCp,0.125,7,7,CGTTGTGTCGCAATTACGGT,0,597984
araCp,0.125,7,7,CGTTCCCAATCTGGTAGATT,0,562164
araCp,0.125,7,7,CGTTCCAGTCCCACACGATA,0,530751
araCp,0.125,7,7,CGTTATATAGAATTTCTCTA,0,590443
araCp,0.125,7,7,CGTGTTGGAAATCGTGTTTA,0,596397
araCp,0.125,7,7,CGTGTGTTCCGCTGCAAGTG,0,531193
araCp,0.125,7,7,CGTGCTTTGAAGCTCATCAC,0,542117
araCp,0.125,7,7,CGTCTTTTGAGGTCGCTCAT,0,564159
araCp,0.125,7,7,CGTCTTCCGGCCGTATTAGC,0,594062
araCp,0.125,7,7,CGTCTAAATGGAGATCATGT,0,560396
araCp,0.125,7,7,CGTCGGACGTCCATATAATC,0,581525
araCp,0.125,7,7,CGTCGCTAGTGTCAACCTGC,0,572361
araCp,0.125,7,7,CGTCCCCGCGTCTAGCGGTT,0,535679
araCp,0.125,7,7,CGTCATTTGGCTGCTTCCCT,0,567990
araCp,0.125,7,7,CGTATGTACGACATGGTTCT,0,554473
araCp,0.125,7,7,CGTATCACCGGTCACGATAA,0,551720
araCp,0.125,7,7,CGTACGGTGTCTTTATATGA,0,535405
araCp,0.125,7,7,CGTACCTTTTGACGAAAGAC,0,594643
araCp,0.125,7,7,CGTAATGTGGAGGTGCGTGG,0,601839
araCp,0.125,7,7,CGGTTTCACGATGTATAGAT,0,578383
araCp,0.125,7,7,CGGTGTTTGCCCGGCAATCT,0,566985
araCp,0.125,7,7,CGGTGGCCCACCGTGTACCT,0,601105
araCp,0.125,7,7,CGGTGACCCCTACACCTCCG,0,580325
araCp,0.125,7,7,CGGTCGGTAGACATGAGCCT,0,542367
araCp,0.125,7,7,CGGTCATCTACTAGAGGAGA,0,585171
araCp,0.125,7,7,CGGTCAGGGTGTGGGGCTGC,0,603058
araCp,0.125,7,7,CGGGTTGGTGGACGGTCAAG,0,538429
araCp,0.125,7,7,CGGGTGGCATATAAAAGACC,0,594524
araCp,0.125,7,7,CGGGTCACATTAAGTAGGGT,0,580919
araCp,0.125,7,7,CGGGTATGCGCAGACGGTTC,0,530519
araCp,0.125,7,7,CGGGGTGGTCAGCAGGGGGA,0,555366
araCp,0.125,7,7,CGGGGTACAGGCCAAGAGAG,0,535502
araCp,0.125,7,7,CGGGCAGTAGTTAACTGCTC,0,593104
araCp,0.125,7,7,CGGGATTGTAGGATCAAAGG,0,586599
araCp,0.125,7,7,CGGCTAGCAAGCAAACATAT,0,600928
araCp,0.125,7,7,CGGCGGAGCCCGTCCTATCA,0,549940
araCp,0.125,7,7,CGGCACCAAAGAGCAGCTCA,0,563724
araCp,0.125,7,7,CGGCAAAGGCCAACGGACCG,0,577239
araCp,0.125,7,7,CGGATCCTACTGGGGGGTAT,0,597873
araCp,0.125,7,7,CGGAGAGAAGCGACAGCTTA,0,563484
araCp,0.125,7,7,CGGACTTAAATTACTTGATC,0,587569
araCp,0.125,7,7,CGGACAGCTCTGACGCATAT,0,562872
araCp,0.125,7,7,CGCTTTCGGACTCGAAAATC,0,545316
araCp,0.125,7,7,CGCTATGTCCAACCATGTGC,0,595525
araCp,0.125,7,7,CGCGTCCACTAATATATGAG,0,552115
araCp,0.125,7,7,CGCGGTTTTTAACTGTATAG,0,552990
araCp,0.125,7,7,CGCGGTCAGGTATCAGTGTA,0,559547
araCp,0.125,7,7,CGCGGGACTGCGTCGCTTGG,0,537272
araCp,0.125,7,7,CGCGGCGCTCGACGGGAGCA,0,547913
araCp,0.125,7,7,CGCGGACGCCGAGTTGCGTC,0,580328
araCp,0.125,7,7,CGCGCAGGATCTATGACACC,0,536480
araCp,0.125,7,7,CGCGCAACAGTCTTATTTGA,0,584077
araCp,0.125,7,7,CGCGACGGGCGGTTAGACAA,0,565501
araCp,0.125,7,7,CGCGACGCCCCTAGTCTACA,0,563920
araCp,0.125,7,7,CGCCTTTTACTCGTGGGATG,0,569615
araCp,0.125,7,7,CGCCCTGAGGTCTGTCAAAT,0,546847
araCp,0.125,7,7,CGCATGATAGTACGGGGATG,0,599726
araCp,0.125,7,7,CGCATAAGCGCTCCTAGGTC,0,596824
araCp,0.125,7,7,CGCAGTCTTACAACTACTAG,0,586142
araCp,0.125,7,7,CGCAAACTTTCTGGGACATG,0,534608
araCp,0.125,7,7,CGATTAGCTCGTGGATGCAG,0,533659
araCp,0.125,7,7,CGATGGGACTATGCCGTCAT,0,530466
araCp,0.125,7,7,CGATCTACTGAATCTTTTCC,0,572168
araCp,0.125,7,7,CGATCGATGCTCGCGACAGA,0,566225
araCp,0.125,7,7,CGATAGAACGTCAACAGCAG,0,531535
araCp,0.125,7,7,CGATACTATAAATGTGGTGC,0,535305
araCp,0.125,7,7,CGAGTAGATCGAACCCTCGG,0,567102
araCp,0.125,7,7,CGAGCATGTGCCCTTCACTC,0,551430
araCp,0.125,7,7,CGACTGGCGTTGTCGTACAG,0,537554
araCp,0.125,7,7,CGACTCCGGGTATCCGCTAA,0,525885
araCp,0.125,7,7,CGACGCACGGCCGGGGGCTT,0,581626
araCp,0.125,7,7,CGACCTTCATGTGACAAGGA,0,527363
araCp,0.125,7,7,CGACCGGGCTCGGACTTATG,0,541883
araCp,0.125,7,7,CGAATATATGAGACTCGGCA,0,561344
araCp,0.125,7,7,CGAAGCCACGTCCCTTGATA,0,565514
araCp,0.125,7,7,CGAACTGTCCACCCTGTGGC,0,580038
araCp,0.125,7,7,CGAACGATAAGTTCCTAGCA,0,568908
araCp,0.125,7,7,CGAAAGTACCAATTTCTCGC,0,535698
araCp,0.125,7,7,CCTTTGCGGGTCGAATCGAG,0,555251
araCp,0.125,7,7,CCTTTCTCTTGAAATTTCGC,0,560967
araCp,0.125,7,7,CCTTTATAAGCGAAAGACGT,0,595784
araCp,0.125,7,7,CCTTGGCGAGTGCTCTTGCC,0,544959
araCp,0.125,7,7,CCTTGACGGGGTGCCCTAGC,0,526183
araCp,0.125,7,7,CCTTCTATCACATGTTTGTA,0,575498
araCp,0.125,7,7,CCTTCATCGGTAGCACGTGC,0,529703
araCp,0.125,7,7,CCTTAGGACAACCTCTAAAG,0,547654
araCp,0.125,7,7,CCTTAATAGCCGAGTTATGT,0,564596
araCp,0.125,7,7,CCTTAAAACAGTTTGTTTAA,0,567898
araCp,0.125,7,7,CCTGTGCTGGAGTCACTAAG,0,560804
araCp,0.125,7,7,CCTGGTTTGCAGCGTGTGAC,0,555492
araCp,0.125,7,7,CCTGGAGGAAATAATTCTAT,0,558351
araCp,0.125,7,7,CCTGCCTCGCACGGCTGAAC,0,548725
araCp,0.125,7,7,CCTGATAGTCGAATTCGGTC,0,536490
araCp,0.125,7,7,CCTGACCCTTTTATTCGGTA,0,561503
araCp,0.125,7,7,CCTCTCGATGGCCACGGTTA,0,530012
araCp,0.125,7,7,CCTCGTGTACACCACGAATT,0,585072
araCp,0.125,7,7,CCTCCTCTTTCATAGCTTCG,0,553994
araCp,0.125,7,7,CCTCACCCATTCGTGCCGGG,0,592878
araCp,0.125,7,7,CCTATACTTCATTTCCTAAT,0,560136
araCp,0.125,7,7,CCTATAACTAAATACGACGA,0,573130
araCp,0.125,7,7,CCTAGCTAGCTAGCATTTTA,0,529612
araCp,0.125,7,7,CCTAGCGGTTATTTCACGGT,0,597367
araCp,0.125,7,7,CCTACCGTTGATAGGAGAGC,0,539200
araCp,0.125,7,7,CCTACACATGCAAGACATTA,0,525847
araCp,0.125,7,7,CCTAAGGTTCGATTCCAATT,0,551415
araCp,0.125,7,7,CCTAAGGGGCCTGCTTTGAG,0,556009
araCp,0.125,7,7,CCTAAACCCTGCACATGACA,0,582108
araCp,0.125,7,7,CCGTCTAGTAACCCACGTCA,0,565674
araCp,0.125,7,7,CCGTCGGTTGGCAACCTCAT,0,543065
araCp,0.125,7,7,CCGGTCACACCCGCTAGAGA,0,566726
araCp,0.125,7,7,CCGGGTGGCCCCGTCGTGGC,0,531915
araCp,0.125,7,7,CCGGGGTCATTTAGAGAGAT,0,587315
araCp,0.125,7,7,CCGGCTTCCCCGGCCATAAG,0,581107
araCp,0.125,7,7,CCGGATCAAGTCGCTTTATG,0,545252
araCp,0.125,7,7,CCGGAGCCTTGAAAGATTTC,0,550359
araCp,0.125,7,7,CCGCGTCGTCGCCCTAATAC,0,567705
araCp,0.125,7,7,CCGCGCTACCAATTAGTTAG,0,543791
araCp,0.125,7,7,CCGCCGTTGGTGTACTACCT,0,532068
araCp,0.125,7,7,CCGATGTAAGGGTCATGGCA,0,588089
araCp,0.125,7,7,CCGAGCTCATGACGCTCGGG,0,552265
araCp,0.125,7,7,CCCTTAGGTAGGGGGTATTG,0,565062
araCp,0.125,7,7,CCCTGGTAAGCAGGCGTGTT,0,599048
araCp,0.125,7,7,CCCTGGGTATGTGCCAATCG,0,601746
araCp,0.125,7,7,CCCTCGGAGATTCGGAGGGA,0,541740
araCp,0.125,7,7,CCCTCCCAACTACAATGTTG,0,561360
araCp,0.125,7,7,CCCGGTCCGTCCAACCCTAA,0,583630
araCp,0.125,7,7,CCCGAACTTAGCAGTCATTG,0,591921
araCp,0.125,7,7,CCCCGGCACAACGAGTGTAT,0,525579
araCp,0.125,7,7,CCCCAGGATTCAAGCTATAA,0,551477
araCp,0.125,7,7,CCCCAATACTTGACCTCGTC,0,602346
araCp,0.125,7,7,CCCATTTACTACGGGACCGA,0,553795
araCp,0.125,7,7,CCCATCGACTAATGCTTAGC,0,561600
araCp,0.125,7,7,CCCAATGTGCAGAAATTATA,0,528162
araCp,0.125,7,7,CCATGATCTATGCTTTGCTT,0,553671
araCp,0.125,7,7,CCATCCGCTCAACAACGTTC,0,539261
araCp,0.125,7,7,CCATCCGACCTACCCTTAGT,0,535997
araCp,0.125,7,7,CCATCCACAAGTAAGGCTAG,0,591315
araCp,0.125,7,7,CCATATGTGTACTGCACATC,0,598030
araCp,0.125,7,7,CCAGTCTGCCGGTTGCCGGC,0,532974
araCp,0.125,7,7,CCAGTAGCCAACCGGTACCG,0,572917
araCp,0.125,7,7,CCAGGGGAACCCACAACGGT,0,553879
araCp,0.125,7,7,CCAGGACTAAAGCCGGCTCG,0,537225
araCp,0.125,7,7,CCAGCACAGTCTTCAATTCT,0,531420
araCp,0.125,7,7,CCAGATTAGTGACTCTGGCA,0,561376
araCp,0.125,7,7,CCAGACAAGCCGATGGTTAC,0,597395
araCp,0.125,7,7,CCAGAATTACAGTCGGGGCT,0,536184
araCp,0.125,7,7,CCAGAAGCGCAAGGCACCCC,0,602524
araCp,0.125,7,7,CCACGACCCGAACCCAAGTC,0,538543
araCp,0.125,7,7,CCAATTACAGAGTTTTTGTT,0,548923
araCp,0.125,7,7,CCAAGTTCCTTGCCCCCGGC,0,545724
araCp,0.125,7,7,CCAAAGAGCCCCGACTTAAT,0,555476
araCp,0.125,7,7,CCAAAATCGTGATGCCTGAA,0,551307
araCp,0.125,7,7,CATTTTCCAGTCGTAATTGG,0,558982
araCp,0.125,7,7,CATTCTCTAATGGCGCTTCC,0,585851
araCp,0.125,7,7,CATTAAGCCCTCACATCTCG,0,549460
araCp,0.125,7,7,CATGTATCTGTCCCCTCAAA,0,586299
araCp,0.125,7,7,CATGGGGGAGAATTGATATG,0,527817
araCp,0.125,7,7,CATGGATACGGGGTAGTCTT,0,540054
araCp,0.125,7,7,CATGCGAATGTGTCGCCCGA,0,551253
araCp,0.125,7,7,CATGAGTGAACGCGAGCACT,0,561281
araCp,0.125,7,7,CATCTCGTCGTTTGAAATAT,0,602675
araCp,0.125,7,7,CATCTAATTGGCAGCTTAAT,0,574461
araCp,0.125,7,7,CATCGTTTGCGAGCCCTTGT,0,587300
araCp,0.125,7,7,CATCGTGCGGAAAACACTCT,0,568996
araCp,0.125,7,7,CATCGTCAGACGATCGGTTT,0,527644
araCp,0.125,7,7,CATCAACACCACCAGCGCGA,0,565188
araCp,0.125,7,7,CATATTGCGATTAATCTTTG,0,591350
araCp,0.125,7,7,CATATGTACGTTCCCCCGTG,0,555257
araCp,0.125,7,7,CATAGTGTGCGGGGAAGGAC,0,577865
araCp,0.125,7,7,CATAAGTGCGTCGGGTTTGT,0,588500
araCp,0.125,7,7,CATAACGTTTATCTGATGCC,0,528538
araCp,0.125,7,7,CATAACATGGCTCAGCAGAA,0,526135
araCp,0.125,7,7,CATAAATCTCAAAGCGGGTA,0,577379
araCp,0.125,7,7,CAGTTGAATTGACCACAACC,0,542979
araCp,0.125,7,7,CAGTTACGGCACTCACCTTT,0,553527
araCp,0.125,7,7,CAGTTAAATCTTACGTTCTC,0,569058
araCp,0.125,7,7,CAGTCTTTTAGGCACTACTA,0,600767
araCp,0.125,7,7,CAGTCTGGGCCATTATTTTA,0,557612
araCp,0.125,7,7,CAGTCGTACGGGTCGGCAAA,0,552633
araCp,0.125,7,7,CAGTAGTTGCTATTAGTCTG,0,527318
araCp,0.125,7,7,CAGGTGCCATTTAGCGGTGC,0,536711
araCp,0.125,7,7,CAGGTCTAGATCAAAAAGCC,0,582389
araCp,0.125,7,7,CAGGGTCTTCTTCTCTGCGT,0,581459
araCp,0.125,7,7,CAGGGGGATGCGCTTCTATA,0,525916
araCp,0.125,7,7,CAGGCTGTATTCCATTTCAA,0,578695
araCp,0.125,7,7,CAGGCGCCAAGCTGACGAAT,0,551680
araCp,0.125,7,7,CAGGCCGTCAGGCGTGCTCT,0,566709
araCp,0.125,7,7,CAGGCACGACGTGTTTCTCA,0,545153
araCp,0.125,7,7,CAGGATGAGGAAATGTGCCA,0,602114
araCp,0.125,7,7,CAGGAGTTAGCCTTCATCCC,0,529109
araCp,0.125,7,7,CAGCGATCCAACCCTTACTT,0,559765
araCp,0.125,7,7,CAGATCCCGAGGCCACCTCT,0,528429
araCp,0.125,7,7,CAGAAGCTGCTGGCTGCCCT,0,571802
araCp,0.125,7,7,CACTGTCCTGGTGCCCGGTG,0,560843
araCp,0.125,7,7,CACTGGGATTATGTATAGAA,0,569143
araCp,0.125,7,7,CACTATGGCTATTTTTCCAT,0,530119
araCp,0.125,7,7,CACTAACAATCCGACAGAGC,0,595665
araCp,0.125,7,7,CACGCTCTCTCCACGGGTCA,0,592259
araCp,0.125,7,7,CACGATTACAGATCCGGTCA,0,600831
araCp,0.125,7,7,CACGACATTTTGCATACTCG,0,592833
araCp,0.125,7,7,CACCCCGGGGATTTAATAGA,0,548915
araCp,0.125,7,7,CACCCCATTTCGTCGCTACA,0,554524
araCp,0.125,7,7,CACCCATGGGCAACGGAGAC,0,569049
araCp,0.125,7,7,CACATTAAAGATATCGAGCT,0,595687
araCp,0.125,7,7,CACATGGAAAGTTCGGGAGC,0,529091
araCp,0.125,7,7,CACAGTAAGTAATTACTTGT,0,537860
araCp,0.125,7,7,CACAGCTGTGGGATTTATAT,0,572233
araCp,0.125,7,7,CACAACCCTTCCGAAAGCGA,0,533984
araCp,0.125,7,7,CAATATAGTGTACAGGCGAG,0,539697
araCp,0.125,7,7,CAAGGGCCTACACAGGTCGC,0,582604
araCp,0.125,7,7,CAACCTACCGGCCATTAATG,0,564033
araCp,0.125,7,7,CAACAGCCGAGGTTTACAGC,0,527077
araCp,0.125,7,7,CAACAGACAGAGATCGAAGT,0,578099
araCp,0.125,7,7,CAACACGGTTCGGGAAAAAT,0,534383
araCp,0.125,7,7,CAACACGGCAAGCCCTCCTC,0,554545
araCp,0.125,7,7,CAAATCTACTCACATTCACT,0,558639
araCp,0.125,7,7,CAAATCGCACTCGGACTAGA,0,546062
araCp,0.125,7,7,CAAATACATAAATACACTTG,0,531093
araCp,0.125,7,7,CAAAGCATTGTGGTTGCGGA,0,530959
araCp,0.125,7,7,CAAAGCAAGCGATTTTGACA,0,574938
araCp,0.125,7,7,CAAACGCTTTGTCTATTCAA,0,557999
araCp,0.125,7,7,CAAACATCTTCGATTGCCCA,0,589974
araCp,0.125,7,7,CAAAATCAGGGCTAAACAAT,0,567006
araCp,0.125,7,7,CAAAACGCCATAGCAGGAAT,0,530400
araCp,0.125,7,7,ATTTGTAGAGAAACCAATAT,0,584989
araCp,0.125,7,7,ATTTGGAAAGCGGGATTGGC,0,534158
araCp,0.125,7,7,ATTTCCTTAAATTAGGGTGA,0,596309
araCp,0.125,7,7,ATTTACTTTCGTTTTGCCCA,0,536985
araCp,0.125,7,7,ATTGGTACCCAGTGAAGTGG,0,528664
araCp,0.125,7,7,ATTGGATAGTCAAGTCAAGT,0,586082
araCp,0.125,7,7,ATTGGAGCTAATGGCTCCCT,0,535006
araCp,0.125,7,7,ATTGGACAATACGGTGGGGA,0,587504
araCp,0.125,7,7,ATTGCTCGTCGTTATGGAGC,0,540652
araCp,0.125,7,7,ATTGCATCAGGCCAGTTTCG,0,600562
araCp,0.125,7,7,ATTGCAGGGTTCCTTTTAGT,0,529634
araCp,0.125,7,7,ATTGAAAGGTCTTCATCAAG,0,528555
araCp,0.125,7,7,ATTCTTCTTCTTAGCGGTTT,0,543830
araCp,0.125,7,7,ATTCGGTAAAACGAACCTCA,0,555727
araCp,0.125,7,7,ATTCCTAGCTGGTCTTGTCA,0,531938
araCp,0.125,7,7,ATTCCCACAGGAACACACCA,0,548352
araCp,0.125,7,7,ATTCAAAGTCTCGACCGCTG,0,598645
araCp,0.125,7,7,ATTATTTAGTCGTAGTTATG,0,564144
araCp,0.125,7,7,ATTATATTATAGTTAGGTAC,0,600134
araCp,0.125,7,7,ATTATAAATGCCCATCATCA,0,590966
araCp,0.125,7,7,ATTAGCAGGACGCTACTACT,0,581868
araCp,0.125,7,7,ATTAGAAAGTGGATCCCGAG,0,548898
araCp,0.125,7,7,ATTACGCGCAGCAGGCGGTA,0,575856
araCp,0.125,7,7,ATGTTTCGCCCTGCACAGGG,0,573351
araCp,0.125,7,7,ATGTTTCACTTGGGGTCGCC,0,557746
araCp,0.125,7,7,ATGTTCACCGGTTGCAAATC,0,530579
araCp,0.125,7,7,ATGTTAATCTCTCGCTTGTG,0,536646
araCp,0.125,7,7,ATGTGGGAGCGCAAATGGTT,0,534289
araCp,0.125,7,7,ATGTGGACGTTGCCCAGCCT,0,554667
araCp,0.125,7,7,ATGTCTTTCCATTGTGCTGC,0,587547
araCp,0.125,7,7,ATGTCATCTGTACACCAACC,0,542170
araCp,0.125,7,7,ATGTAGACTTGTGATTTATG,0,574349
araCp,0.125,7,7,ATGTAGACCCAGGGCCGCTC,0,557870
araCp,0.125,7,7,ATGGGCGGTCTAATGAAGCT,0,594427
araCp,0.125,7,7,ATGGGATTTTAACGGTAGTG,0,600236
araCp,0.125,7,7,ATGGAAGGACTGTGCATAAT,0,573233
araCp,0.125,7,7,ATGCCAATACGTCTGCGCGT,0,578938
araCp,0.125,7,7,ATGCATGTGATTAAGCTGAA,0,586355
araCp,0.125,7,7,ATGCACAGAGCACGCGTGGA,0,598790
araCp,0.125,7,7,ATGCAATCACGTGCGCGCCA,0,545643
araCp,0.125,7,7,ATGCAAAATCGCTCGAGGTA,0,596649
araCp,0.125,7,7,ATGATGTCACTGACCTCAAT,0,558746
araCp,0.125,7,7,ATGAGTTAATGGACGCCAAC,0,566640
araCp,0.125,7,7,ATGAGGCTGCCCGCGAAAGG,0,529680
araCp,0.125,7,7,ATGACCCCGGGATGCACGCT,0,584914
araCp,0.125,7,7,ATGACAAATTGCACTCAGTA,0,546863
araCp,0.125,7,7,ATCTTCCTACGCCTTATCTG,0,534396
araCp,0.125,7,7,ATCTAGTCACGAAAGAATAA,0,573945
araCp,0.125,7,7,ATCTACAGTGGCTCGCTAAT,0,534555
araCp,0.125,7,7,ATCGGACAAGCCATTCGCCA,0,563013
araCp,0.125,7,7,ATCGCGGATGCGTTACCTCC,0,547088
araCp,0.125,7,7,ATCGAGTTTTGTTCGTCCGT,0,562166
araCp,0.125,7,7,ATCCTTCATCTTAACTTCAC,0,530035
araCp,0.125,7,7,ATCCTGGCCGTCAGCACTAA,0,602300
araCp,0.125,7,7,ATCCGGACGATGAATCCACG,0,559164
araCp,0.125,7,7,ATCCGAAATAGCACTGAAAG,0,564269
araCp,0.125,7,7,ATCCCTTGACTATTATTTCT,0,547888
araCp,0.125,7,7,ATCCAGGCCAGCCTGGCGTA,0,597160
araCp,0.125,7,7,ATCATTATATTTGAAATTAC,0,555083
araCp,0.125,7,7,ATCAGCCGCAATTCCGTAAA,0,582315
araCp,0.125,7,7,ATCAGAATCTTTTATAGTGA,0,586181
araCp,0.125,7,7,ATCACGAGTTAAATAAGAAC,0,539841
araCp,0.125,7,7,ATATGTCCTTTAACTAAGTA,0,584142
araCp,0.125,7,7,ATATGGGGCGTTCGTTACCT,0,555471
araCp,0.125,7,7,ATATGCATATGACGATTCTG,0,527067
araCp,0.125,7,7,ATATGATGAATGCCGCATTT,0,531234
araCp,0.125,7,7,ATATCAGGACAGGAGCATAA,0,562605
araCp,0.125,7,7,ATAGTTGAGAGGCCGTGTAC,0,603362
araCp,0.125,7,7,ATAGTGTCTTCGGCTACTCA,0,603204
araCp,0.125,7,7,ATAGTGTCTGCTTGACGTGT,0,598321
araCp,0.125,7,7,ATAGTCTCAGATGATGGGCT,0,571282
araCp,0.125,7,7,ATAGGGTACATCGACATCGC,0,584442
araCp,0.125,7,7,ATAGCTTAGCTCGCGCAACC,0,540045
araCp,0.125,7,7,ATACGTCACGCCGCCTTGGC,0,563382
araCp,0.125,7,7,ATACGGCAATCAGTGGAGAC,0,534630
araCp,0.125,7,7,ATACGAGACTAGTAGCAATT,0,544761
araCp,0.125,7,7,ATACCAGGGAAACCTACAAA,0,548429
araCp,0.125,7,7,ATACATGCTTCTCAGGCGAT,0,591089
araCp,0.125,7,7,ATACAATAGCACACAGGTGT,0,584893
araCp,0.125,7,7,ATAAGTTACTAGCGTAGGGG,0,560288
araCp,0.125,7,7,ATAACCCGGCGTAGGAACCT,0,540646
araCp,0.125,7,7,ATAAACTGGGCATGTCTCCC,0,566255
araCp,0.125,7,7,ATAAAAGGGGCTAGAATACT,0,597355
araCp,0.125,7,7,AGTTTTCTATTGGAAAGCAG,0,536323
araCp,0.125,7,7,AGTTTGATGTAGGAGTGATC,0,532582
araCp,0.125,7,7,AGTTTCTTCCCAACCATGGT,0,592460
araCp,0.125,7,7,AGTTGGGTCGCTGATCGAGG,0,593956
araCp,0.125,7,7,AGTTACTGTGCCAGTACTGA,0,593521
araCp,0.125,7,7,AGTGTTATACCGCAACCTCG,0,571328
araCp,0.125,7,7,AGTGTACACGTCCACGATTC,0,526980
araCp,0.125,7,7,AGTGGTACCCAGGCAGTCGT,0,528679
araCp,0.125,7,7,AGTGCTCGATCGCTTGTTGC,0,585898
araCp,0.125,7,7,AGTGCCACCACGCCAGCAGT,0,562948
araCp,0.125,7,7,AGTGCATATTTTATAGGGCG,0,564019
araCp,0.125,7,7,AGTGACGATTGTCGAAATAA,0,602701
araCp,0.125,7,7,AGTCGTAATCACACTGCGCC,0,571845
araCp,0.125,7,7,AGTCCTGGCCATATGTTAAC,0,535400
araCp,0.125,7,7,AGTCCCTCTATAGAAGGTAA,0,532069
araCp,0.125,7,7,AGTAGGAGCCATTGCGCTCC,0,589300
araCp,0.125,7,7,AGTAAGTTGACTAACGACGT,0,576821
araCp,0.125,7,7,AGGTTGCTTCCCTTAATTCA,0,542903
araCp,0.125,7,7,AGGTGTACATGCCGACGCAT,0,583342
araCp,0.125,7,7,AGGTGGTTCGAGCGGTAATC,0,535498
araCp,0.125,7,7,AGGTGGGTTTATGCATCGGC,0,558091
araCp,0.125,7,7,AGGTGGCCGAGTTATTTTTG,0,536547
araCp,0.125,7,7,AGGTGGAGTAAGGAGTCTGG,0,559525
araCp,0.125,7,7,AGGTCAGCTTGCTTCAACCT,0,567068
araCp,0.125,7,7,AGGTCAAGGCATCATTAAAG,0,593257
araCp,0.125,7,7,AGGTATTTTCAAACCGAATG,0,541585
araCp,0.125,7,7,AGGGTGGCGTATGTGAACAT,0,544052
araCp,0.125,7,7,AGGGGGTGAAGACTGGACTT,0,557938
araCp,0.125,7,7,AGGGGGCATTTGATGGTCGC,0,543883
araCp,0.125,7,7,AGGGGAAGGAGGAAACCACT,0,559834
araCp,0.125,7,7,AGGGCGGGACCGGGATTAAC,0,536544
araCp,0.125,7,7,AGGGATCTGGCCCCAGTTTA,0,561891
araCp,0.125,7,7,AGGGAGCGTTGCGATTCATA,0,565936
araCp,0.125,7,7,AGGGACAATCCATTAGCCGT,0,600133
araCp,0.125,7,7,AGGCTGCCTTTAAAGCTGAT,0,581645
araCp,0.125,7,7,AGGCGTGAATTAACGTTAAT,0,527340
araCp,0.125,7,7,AGGCGTCTGGGACCTGAAAG,0,532949
araCp,0.125,7,7,AGGCCTGTGGCAAGGCATCA,0,572062
araCp,0.125,7,7,AGGAGACTAAATCGAATGAT,0,541727
araCp,0.125,7,7,AGGACCAGGCAGAGTGAACT,0,564660
araCp,0.125,7,7,AGGACCACATTTGCTCAGCT,0,578369
araCp,0.125,7,7,AGGAACTAATGGGTACAACG,0,592267
araCp,0.125,7,7,AGCTTGTCACTAAATATGGT,0,547754
araCp,0.125,7,7,AGCTTCCAGTACCAACAGGC,0,582450
araCp,0.125,7,7,AGCTCTCCCACAGATATCTC,0,580590
araCp,0.125,7,7,AGCTCGACGAGCCTGGTTAC,0,576012
araCp,0.125,7,7,AGCTCCCTGTTTACATAATT,0,603270
araCp,0.125,7,7,AGCGTTTACTTATAATGTAG,0,588172
araCp,0.125,7,7,AGCGTGCGTGGCCTTTGGGG,0,527432
araCp,0.125,7,7,AGCGGGGTGGTACGTAGGAC,0,556860
araCp,0.125,7,7,AGCGGGAAAGGAGCCTTTCA,0,576322
araCp,0.125,7,7,AGCGGCGAGTTTCGTACGGC,0,551923
araCp,0.125,7,7,AGCGCCTATCACCACAACGT,0,549538
araCp,0.125,7,7,AGCGCCGGGGCGGGCGTAAC,0,600280
araCp,0.125,7,7,AGCGCCATTGCATTTAACCT,0,525638
araCp,0.125,7,7,AGCGCAGAAGTCGGACTAAG,0,595651
araCp,0.125,7,7,AGCGAGAACTGATGAAAGAG,0,583249
araCp,0.125,7,7,AGCGAGAAAAGTCCACGTAC,0,576981
araCp,0.125,7,7,AGCGAAGGAGGGGGTCGCGG,0,531584
araCp,0.125,7,7,AGCCTGAGTTGACACGGCCT,0,556635
araCp,0.125,7,7,AGCACTCGAGGATCGGTCAT,0,581361
araCp,0.125,7,7,AGCAATTCTATGGCCGCGAA,0,559962
araCp,0.125,7,7,AGATGGCCATTTCGCGCGGC,0,544288
araCp,0.125,7,7,AGATGCTCGGCGTACCCCCT,0,528061
araCp,0.125,7,7,AGATCGACGGGTACTTCCAG,0,527869
araCp,0.125,7,7,AGAGTGGCGGGCTCTGATTT,0,582794
araCp,0.125,7,7,AGAGTGAGAAGTGCAGGTTA,0,593162
araCp,0.125,7,7,AGAGGTGAGGCTGGCTTTGG,0,577114
araCp,0.125,7,7,AGAGGCCAGAAACGGATATA,0,586625
araCp,0.125,7,7,AGAGGATCCTTCGATGATTA,0,546728
araCp,0.125,7,7,AGAGAGCTTATGCCAGCGAA,0,538211
araCp,0.125,7,7,AGACTTAACGGGGTTTTAGG,0,583393
araCp,0.125,7,7,AGACTCTATTAGTTGTGAAA,0,597720
araCp,0.125,7,7,AGACTCCCCGTCTAGCGGAT,0,527329
araCp,0.125,7,7,AGACTACCACGAGCCCGAGT,0,589197
araCp,0.125,7,7,AGAATCAACGATGCAGGGTA,0,574693
araCp,0.125,7,7,AGAAGGGTGCGATAGCCAAC,0,559465
araCp,0.125,7,7,AGAAGAATCGCCTCAGATTG,0,572545
araCp,0.125,7,7,AGAACTTCTGTTGTTCACAC,0,544445
araCp,0.125,7,7,AGAACGCGCGGGTGGCCCAT,0,549950
araCp,0.125,7,7,AGAAAGGTGTCTCTGGGTCA,0,599856
araCp,0.125,7,7,ACTGGAGCCACCGTCGTTAT,0,548241
araCp,0.125,7,7,ACTGGAGAGACGGAGGGAGA,0,581239
araCp,0.125,7,7,ACTGCGTCTCAGGGAGTATA,0,532668
araCp,0.125,7,7,ACTCTTTTTTGGATCAAGAG,0,546493
araCp,0.125,7,7,ACTCTGCTGGAATCTTGACG,0,566256
araCp,0.125,7,7,ACTCTAAACGGGGCAACACA,0,557125
araCp,0.125,7,7,ACTCGGGGCTCCTTGCCGAT,0,538656
araCp,0.125,7,7,ACTCGGGAGCTATGTCTAGG,0,584528
araCp,0.125,7,7,ACTCATTCACAACGTTCAAT,0,533937
araCp,0.125,7,7,ACTCATAGAATTTCACAATA,0,579559
araCp,0.125,7,7,ACTCACTTCCCAGTACTACA,0,598262
araCp,0.125,7,7,ACTACGTGTGAGGAAGTTTA,0,563532
araCp,0.125,7,7,ACGTTCTGGCGTGTCCCCAT,0,582056
araCp,0.125,7,7,ACGTTAATCTACGTGGATCC,0,600479
araCp,0.125,7,7,ACGTGTCTGCGCGATTCTAT,0,541576
araCp,0.125,7,7,ACGTGCTGGGGGAACAGCTT,0,526369
araCp,0.125,7,7,ACGTGCATCGGCTTCGCACA,0,531006
araCp,0.125,7,7,ACGTGAACGTCCCTAGTAGC,0,592950
araCp,0.125,7,7,ACGTCCCCGTGGTTTACGTT,0,574694
araCp,0.125,7,7,ACGTCAACGCCGGATTAAGT,0,562512
araCp,0.125,7,7,ACGTACCTAAACCCCCTCGC,0,578750
araCp,0.125,7,7,ACGTAAGTTGATGTTTGGGA,0,527935
araCp,0.125,7,7,ACGGTAAGTGATAATCTCTA,0,547225
araCp,0.125,7,7,ACGGGTCGATCTTCTCATTA,0,530237
araCp,0.125,7,7,ACGGGTACCTAGACCGGATG,0,587126
araCp,0.125,7,7,ACGCTAGCCCTGTGTTAAGA,0,536373
araCp,0.125,7,7,ACGCCTATGAAAGTTCCTTA,0,538553
araCp,0.125,7,7,ACGCCGAAGTTTGTAACTAG,0,574896
araCp,0.125,7,7,ACGATTTGAAGAGTTGTTGT,0,573613
araCp,0.125,7,7,ACCTTTGGATCGGCGCGCGG,0,527414
araCp,0.125,7,7,ACCTTTCGTGTGTCACCACG,0,530082
araCp,0.125,7,7,ACCTCGGAGTATTTGGTACC,0,552483
araCp,0.125,7,7,ACCTCAAGCTCAAGTCTTTG,0,537337
araCp,0.125,7,7,ACCTAGTTATAGTGCCTTTG,0,553580
araCp,0.125,7,7,ACCTAAATGGGTAATCGTTT,0,590396
araCp,0.125,7,7,ACCGTGGGATTTGTCATGTA,0,602574
araCp,0.125,7,7,ACCGTACATCGAAGGCCAAG,0,599940
araCp,0.125,7,7,ACCGGCGGCCAGCTTCAGGT,0,575428
araCp,0.125,7,7,ACCGACTTCTCATTCCAGGG,0,556302
araCp,0.125,7,7,ACCGACCCAGCTTAAAGCAT,0,559762
araCp,0.125,7,7,ACCCTGATAGCAAGTATCAT,0,560996
araCp,0.125,7,7,ACCCTAAGCAAAGCTATAAG,0,574283
araCp,0.125,7,7,ACCCGCGCGGTGAGAACAGG,0,531141
araCp,0.125,7,7,ACCCAATCTTATAGCTAGAT,0,595017
araCp,0.125,7,7,ACCAGTGGATAACATCCCGT,0,561185
araCp,0.125,7,7,ACCAGGCCCAATTCCACTGC,0,557644
araCp,0.125,7,7,ACCACTGGGGAATCGAGAGG,0,601515
araCp,0.125,7,7,ACCACAATAAATCGTCATTA,0,601395
araCp,0.125,7,7,ACCAAATGATAACAGGCTGT,0,546755
araCp,0.125,7,7,ACATCTTTAGGGAGGTCATT,0,533687
araCp,0.125,7,7,ACATCCAGGGCACTACAAAC,0,532674
araCp,0.125,7,7,ACATAATTCAACGTGCTTGC,0,534500
araCp,0.125,7,7,ACATAAATTGCATGCGTGTC,0,562165
araCp,0.125,7,7,ACAGTGTGTTCTTTTTCCGC,0,538835
araCp,0.125,7,7,ACAGGATGTTGTCCGCCGGC,0,563032
araCp,0.125,7,7,ACAGCGCTCCCGTCGCGTAC,0,591945
araCp,0.125,7,7,ACAGCATGACGCGGCTGATC,0,584679
araCp,0.125,7,7,ACACGCTTGGTCCACGATTT,0,548969
araCp,0.125,7,7,ACACATCATCCTTGGGGTAG,0,589992
araCp,0.125,7,7,ACACACAACCATACTTCCGC,0,526768
araCp,0.125,7,7,ACACAATAAAACCCGCCACT,0,598429
araCp,0.125,7,7,ACACAAGGATAGACATGCTT,0,551795
araCp,0.125,7,7,ACAAGAGGTGGGTATTCGGC,0,586344
araCp,0.125,7,7,ACAAACTGCGCAGGAAAGGT,0,596415
araCp,0.125,7,7,AATTTGTATAACGAATGTGC,0,531293
araCp,0.125,7,7,AATTTCCAACTCGGAGCACT,0,550468
araCp,0.125,7,7,AATTGCGTTTGGACCTTGGC,0,533702
araCp,0.125,7,7,AATTCGTCTCATGCTCCTCG,0,567438
araCp,0.125,7,7,AATTCCCAGGCAAGCCCCGG,0,574744
araCp,0.125,7,7,AATTACGGACTATCTAAGCG,0,573492
araCp,0.125,7,7,AATGGGCACATGGGTCAATA,0,547621
araCp,0.125,7,7,AATGGACAATTCGGCAACCC,0,531025
araCp,0.125,7,7,AATGCCATGGGAGCTCCACG,0,541910
araCp,0.125,7,7,AATGCAACCTAGAGGTCCTC,0,562587
araCp,0.125,7,7,AATGACGTACAGCTTAGACT,0,560167
araCp,0.125,7,7,AATGAAAGCTGTGACTTTTA,0,586428
araCp,0.125,7,7,AATCGTGCTGGAGACCCTTA,0,538654
araCp,0.125,7,7,AATCATGTCTCGTATCTAAG,0,599383
araCp,0.125,7,7,AATCACCCCGTGGGATCTGA,0,537964
araCp,0.125,7,7,AATACTGGCCGGTTCTGTTC,0,580343
araCp,0.125,7,7,AATAATTTCTTGTTCGCAGC,0,551475
araCp,0.125,7,7,AATAACACGTTCGAATCGTC,0,557983
araCp,0.125,7,7,AAGTTTGGAACTCATACCGG,0,552012
araCp,0.125,7,7,AAGTAGTTGCACGTTTGTTT,0,547990
araCp,0.125,7,7,AAGTACGAGACGTATCAGTT,0,544507
araCp,0.125,7,7,AAGGTACAAACTAACCATTG,0,533153
araCp,0.125,7,7,AAGGTAAATGTGGGACGTAT,0,537099
araCp,0.125,7,7,AAGGCTTATAAGCTGTAAGT,0,567757
araCp,0.125,7,7,AAGGATTACTGCCAATCGAC,0,564892
araCp,0.125,7,7,AAGGAGTTTAAGGGGACGAT,0,577087
araCp,0.125,7,7,AAGGAGAAGGTGGCTAAGTA,0,601621
araCp,0.125,7,7,AAGCTTGTTCGCAACCTGGC,0,575255
araCp,0.125,7,7,AAGCTGGGTAAGGTCATGTC,0,572802
araCp,0.125,7,7,AAGCTAACGGTTCACAAACG,0,596029
araCp,0.125,7,7,AAGCGTCGCTTGTGTAGTAG,0,534190
araCp,0.125,7,7,AAGCGAACAATAGTATAGTC,0,578333
araCp,0.125,7,7,AAGCCGATGGTTACCCCAGT,0,551613
araCp,0.125,7,7,AAGCAGGTTAACGTGCGGGT,0,551932
araCp,0.125,7,7,AAGAGAGTGTATTGGGCTTA,0,589270
araCp,0.125,7,7,AAGAAGGTTGATCAGCGGGG,0,528486
araCp,0.125,7,7,AAGAAGCTTGGGCAAGAACC,0,531866
araCp,0.125,7,7,AAGAAATGCACTAAGCGTCG,0,565016
araCp,0.125,7,7,AACTCGGTGGGGGAGATATG,0,533958
araCp,0.125,7,7,AACTCGGGTCTGAACAAAAG,0,594022
araCp,0.125,7,7,AACTCACCGAGCGTGCTATC,0,544038
araCp,0.125,7,7,AACTACGACCTTACCTCGGT,0,592521
araCp,0.125,7,7,AACTAACGACTTACAGTATC,0,588954
araCp,0.125,7,7,AACGTTTTTTGTTCCTACGC,0,554108
araCp,0.125,7,7,AACGTTCTTAATTTCTCTAT,0,581701
araCp,0.125,7,7,AACGTACAATCCATAACACT,0,540050
araCp,0.125,7,7,AACGGGTCCTTGAAAGCATT,0,577978
araCp,0.125,7,7,AACGGGTCCAGAATACGCCA,0,559016
araCp,0.125,7,7,AACGCCAAGCCAATCATAAG,0,563815
araCp,0.125,7,7,AACGATTCAATTCTGGTAGT,0,539090
araCp,0.125,7,7,AACCTTTCCAAACACGTGAA,0,574667
araCp,0.125,7,7,AACCTCTAAGTCCCCTGGGC,0,546719
araCp,0.125,7,7,AACCGTGTGGCCGAACCCAT,0,599151
araCp,0.125,7,7,AACCGAGTAATTACCTGAGG,0,603410
araCp,0.125,7,7,AACCAACGGACATCTGGTAA,0,573083
araCp,0.125,7,7,AACATTACGGCGGCTCGAAG,0,598575
araCp,0.125,7,7,AACATGCGGATTACCCTGGT,0,568464
araCp,0.125,7,7,AACAGTTTGGGCAATATACC,0,545733
araCp,0.125,7,7,AACAGTAATGAGTGTGCCGT,0,595349
araCp,0.125,7,7,AAATACTGGTGCGCAGCTCC,0,600431
araCp,0.125,7,7,AAATAATCACTGTGATTTTG,0,560400
araCp,0.125,7,7,AAAGTCTAGTTTTCCAGTTT,0,602245
araCp,0.125,7,7,AAAGGTTTCACCTAGTGCGG,0,557808
araCp,0.125,7,7,AAAGGTAGAGTCCCGCACAT,0,592270
araCp,0.125,7,7,AAAGGGCGGCCCGATGATGT,0,595171
araCp,0.125,7,7,AAAGCCGCCCTCTCCGTTGT,0,556152
araCp,0.125,7,7,AAAGACTTGTCTTTTCGAAT,0,564842
araCp,0.125,7,7,AAACTTTGCCCCAATTCGGT,0,563596
araCp,0.125,7,7,AAACTCTCCCTGTGACTCCC,0,549716
araCp,0.125,7,7,AAACTAGCTTCGTCGCTAAG,0,579000
araCp,0.125,7,7,AAACCGCAACGGGAGCTCGA,0,527382
araCp,0.125,7,7,AAACCGAATCCTAGCCGCGG,0,596074
araCp,0.125,7,7,AAAACTGATTACGGTAATCG,0,555532
araCp,0.125,7,7,AAAAATATGGTAGGATTTAA,0,572136
araCp,0.125,7,7,AAAAAGTGCTAACGGGCTTT,0,530320
araCp,0.14285714285714285,6,6,TTTTTTTCTTCGAGGACCGC,0,573650
araCp,0.14285714285714285,6,6,TTTTTTCCTACAGCCCTATA,0,561730
araCp,0.14285714285714285,6,6,TTTTTCAGGGTGAGATCTGC,0,531268
araCp,0.14285714285714285,6,6,TTTTTATCTCACTGAATCAA,0,600064
araCp,0.14285714285714285,6,6,TTTTGTCGCAGGTCGCTGTC,0,557154
araCp,0.14285714285714285,6,6,TTTTCGCTTGCGTTTCATTC,0,560973
araCp,0.14285714285714285,6,6,TTTTATTATAGGTTGATTAT,0,543840
araCp,0.14285714285714285,6,6,TTTTAGTAACACGACAAGCA,0,560475
araCp,0.14285714285714285,6,6,TTTTAGATCAGGTTACTCAG,0,588351
araCp,0.14285714285714285,6,6,TTTGTGGTTGCATGCCTTAA,0,563317
araCp,0.14285714285714285,6,6,TTTGTATTCGGGGGCATGCT,0,534723
araCp,0.14285714285714285,6,6,TTTGGTGACTTCAGCAGGAT,0,529760
araCp,0.14285714285714285,6,6,TTTGGCGGATCTCAGAGTCC,0,533287
araCp,0.14285714285714285,6,6,TTTGGCCTCCCAGGAGCATG,0,579302
araCp,0.14285714285714285,6,6,TTTGAACGCTGGCATCTTGT,0,539226
araCp,0.14285714285714285,6,6,TTTGAAAGTGATCCTCATAC,0,527150
araCp,0.14285714285714285,6,6,TTTCTACTAAACGGACTCTG,0,581474
araCp,0.14285714285714285,6,6,TTTCTAAGCGCTGGCTAGGT,0,598131
araCp,0.14285714285714285,6,6,TTTCGTCATGCGAGCCACCG,0,566711
araCp,0.14285714285714285,6,6,TTTCCAGCCCGGTGGTTCAG,0,592455
araCp,0.14285714285714285,6,6,TTTATTAACGTACAAAAGTT,0,556135
araCp,0.14285714285714285,6,6,TTTAGCTGCTCGTCAGCTAC,0,541518
araCp,0.14285714285714285,6,6,TTTACTTGTAGCTTTGGCGA,0,590118
araCp,0.14285714285714285,6,6,TTTACCGGCATAGCGGAAAG,0,538087
araCp,0.14285714285714285,6,6,TTTACCGAGGTTATAGGGAA,0,555608
araCp,0.14285714285714285,6,6,TTTACCCTCCTGTCAAGAGT,0,573384
araCp,0.14285714285714285,6,6,TTTAATCAGGGTTGGAGTAC,0,596092
araCp,0.14285714285714285,6,6,TTTAAGAAGTGTCACATCAG,0,584622
araCp,0.14285714285714285,6,6,TTTAACGTGCGTTCCGAGAG,0,561238
araCp,0.14285714285714285,6,6,TTTAAATCTCGCTATAAATC,0,576808
araCp,0.14285714285714285,6,6,TTGTTAGAGAACCAAGAGAC,0,579306
araCp,0.14285714285714285,6,6,TTGTGAGCGCAGCCGTATGT,0,568085
araCp,0.14285714285714285,6,6,TTGTCCACTCTTGCCCACAT,0,540295
araCp,0.14285714285714285,6,6,TTGTAAAGATCTAGCTGCCA,0,534800
araCp,0.14285714285714285,6,6,TTGGGGGCGAACGTGTATCA,0,567804
araCp,0.14285714285714285,6,6,TTGGGGGAAACGTCATAGTA,0,589796
araCp,0.14285714285714285,6,6,TTGGGGCTCCCTAGAGTCCG,0,584341
araCp,0.14285714285714285,6,6,TTGGCGTCAGATCAAGCTCT,0,592991
araCp,0.14285714285714285,6,6,TTGCCGTGCCCTCAGATGGT,0,593699
araCp,0.14285714285714285,6,6,TTGCCCTTATCTTCTCACCT,0,548953
araCp,0.14285714285714285,6,6,TTGCACTGAGCCATTCTCAC,0,575001
araCp,0.14285714285714285,6,6,TTGCAATCTGAGTTGGCACT,0,525583
araCp,0.14285714285714285,6,6,TTGCAACTTACTCCCCTGCA,0,585897
araCp,0.14285714285714285,6,6,TTGAGTACCTCCGTGTTCTT,0,537580
araCp,0.14285714285714285,6,6,TTGAGCCATCGAATCTGTTC,0,602580
araCp,0.14285714285714285,6,6,TTGAATACTCTCCTGTGGAG,0,583459
araCp,0.14285714285714285,6,6,TTCTTACCTAGCAACACTTA,0,581109
araCp,0.14285714285714285,6,6,TTCTGTAGACGCTAAAATAC,0,544854
araCp,0.14285714285714285,6,6,TTCTATAGATCCTAGCTGCT,0,597399
araCp,0.14285714285714285,6,6,TTCTAACAGATCCTCGGCCA,0,563649
araCp,0.14285714285714285,6,6,TTCGGCATCTCCGATGTGGT,0,563912
araCp,0.14285714285714285,6,6,TTCGCTCTAATTTAACAAAC,0,556785
araCp,0.14285714285714285,6,6,TTCGCAGCAGCGTAGTGGCA,0,544842
araCp,0.14285714285714285,6,6,TTCCGTTAGTCCAAGGAATT,0,588073
araCp,0.14285714285714285,6,6,TTCCGCGTTTAGTTACCCTC,0,526028
araCp,0.14285714285714285,6,6,TTCCGCACGGCCACTACAAT,0,555001
araCp,0.14285714285714285,6,6,TTCCCAGGAAATGTAACCGG,0,589681
araCp,0.14285714285714285,6,6,TTCCACGTTCTCTACTCCTG,0,528659
araCp,0.14285714285714285,6,6,TTCCAACGAGTTGGTGTGTA,0,543771
araCp,0.14285714285714285,6,6,TTCACCGCTTATGACCCGGA,0,563675
araCp,0.14285714285714285,6,6,TTATTAATAACTGCTGTTGC,0,596772
araCp,0.14285714285714285,6,6,TTATGCTAGATCTTAGTATG,0,583573
araCp,0.14285714285714285,6,6,TTATAGCTACCAAGTTCGTG,0,573273
araCp,0.14285714285714285,6,6,TTAGAACGGTCGATATCCTT,0,530566
araCp,0.14285714285714285,6,6,TTACTATGAAGCAATATAGT,0,545018
araCp,0.14285714285714285,6,6,TTACCCGTAAAAATTGTGCG,0,566079
araCp,0.14285714285714285,6,6,TTACAGTATGTCCTCTCTTG,0,572862
araCp,0.14285714285714285,6,6,TTACACGAACGGTAAGAGCT,0,603197
araCp,0.14285714285714285,6,6,TTACACAGGTGGTCACAGCT,0,533457
araCp,0.14285714285714285,6,6,TTAATCTCATCCATAAGCAA,0,540232
araCp,0.14285714285714285,6,6,TTAAAGCGGCCATGTCCTAG,0,533551
araCp,0.14285714285714285,6,6,TGTTTCGAATAGATCGCTCT,0,548427
araCp,0.14285714285714285,6,6,TGTTGCAACGTGTATCGTGG,0,562394
araCp,0.14285714285714285,6,6,TGTTCGATGCAAAGCGTACA,0,584264
araCp,0.14285714285714285,6,6,TGTTACTGGATCATGTGACT,0,572666
araCp,0.14285714285714285,6,6,TGTTACGGCCCTAAATATAT,0,573729
araCp,0.14285714285714285,6,6,TGTGGTACGCGAAGTATGAT,0,534925
araCp,0.14285714285714285,6,6,TGTGCTCATGCCTGGTTTTA,0,544796
araCp,0.14285714285714285,6,6,TGTGATGCGCCAAGGGCTAC,0,567341
araCp,0.14285714285714285,6,6,TGTCTGCGGGTTTACATTGA,0,591645
araCp,0.14285714285714285,6,6,TGTCCTGAAATGAGGGCCAC,0,593963
araCp,0.14285714285714285,6,6,TGTCCGGCATCCATTGTACT,0,568222
araCp,0.14285714285714285,6,6,TGTCCATATCCGTTACTGGA,0,546262
araCp,0.14285714285714285,6,6,TGTATGATAGTATGGATGCA,0,564112
araCp,0.14285714285714285,6,6,TGTAGTCATTGTTACAGAAT,0,565225
araCp,0.14285714285714285,6,6,TGTAGACGGCCGGGAGGGGG,0,588303
araCp,0.14285714285714285,6,6,TGTACATGGCAAGGTATTCA,0,547545
araCp,0.14285714285714285,6,6,TGTAATGTTGGGGCTCGTCC,0,553903
araCp,0.14285714285714285,6,6,TGGTTTTTTAGAAAGAGCGG,0,598879
araCp,0.14285714285714285,6,6,TGGTTCAGAGTGCACAATGT,0,546731
araCp,0.14285714285714285,6,6,TGGTGAAAGTTATGTAGTGG,0,534768
araCp,0.14285714285714285,6,6,TGGTCACTTTTTAGCCGAAA,0,526292
araCp,0.14285714285714285,6,6,TGGTATTATGGATGCGTAAG,0,564278
araCp,0.14285714285714285,6,6,TGGTATAAAAGGGTTCACTA,0,569121
araCp,0.14285714285714285,6,6,TGGTACAGCGCAGAAGGTGC,0,569727
araCp,0.14285714285714285,6,6,TGGTAAGCCCACCACTTTAA,0,567301
araCp,0.14285714285714285,6,6,TGGGTGAGGGCCGTGTACCC,0,589880
araCp,0.14285714285714285,6,6,TGGGGTGGCAATGATTCTAA,0,592689
araCp,0.14285714285714285,6,6,TGGGGCGGCACACCCGAAAG,0,578834
araCp,0.14285714285714285,6,6,TGGGGACCATATCGGGATTC,0,581509
araCp,0.14285714285714285,6,6,TGGGCTCATTCAGGAAGCGA,0,531367
araCp,0.14285714285714285,6,6,TGGGCCATTCGGCACATGCA,0,549183
araCp,0.14285714285714285,6,6,TGGGCCAATAACGTAGGGAT,0,530282
araCp,0.14285714285714285,6,6,TGGGCCAATAACCACTCACA,0,554446
araCp,0.14285714285714285,6,6,TGGGAGGGGCAATAGCCCAG,0,587292
araCp,0.14285714285714285,6,6,TGGGAGGGCTTATGTACCAA,0,562326
araCp,0.14285714285714285,6,6,TGGGACATATACCTTAGACT,0,586315
araCp,0.14285714285714285,6,6,TGGCTGTCAGCCCTCCAGAA,0,578649
araCp,0.14285714285714285,6,6,TGGCGCAGTGGCTCGGAACC,0,581236
araCp,0.14285714285714285,6,6,TGGCCGCTATGACAGGTTAC,0,573506
araCp,0.14285714285714285,6,6,TGGCCAGCGCCCCGCGGCAA,0,574748
araCp,0.14285714285714285,6,6,TGGCCAAACGGCCCGCGTGA,0,537029
araCp,0.14285714285714285,6,6,TGGCAACACGTTGCGTAGAT,0,573648
araCp,0.14285714285714285,6,6,TGGCAAATATTGCAGTAAGG,0,592600
araCp,0.14285714285714285,6,6,TGGCAAAGCCCATATATGTA,0,573828
araCp,0.14285714285714285,6,6,TGGATACGGTCGCACGGGGG,0,599006
araCp,0.14285714285714285,6,6,TGGAATGCCGTACCGCATGA,0,578836
araCp,0.14285714285714285,6,6,TGCTTGGGGGACTGACGCGC,0,576875
araCp,0.14285714285714285,6,6,TGCTTGCTGCTGAGTCAATG,0,591453
araCp,0.14285714285714285,6,6,TGCTGATCGATTGCCTATTA,0,556133
araCp,0.14285714285714285,6,6,TGCTGACATCGGTATGCAAA,0,554826
araCp,0.14285714285714285,6,6,TGCGTTCCAGTGTCGCTGTT,0,547269
araCp,0.14285714285714285,6,6,TGCGTGAACACATATCCTAG,0,561567
araCp,0.14285714285714285,6,6,TGCGTAGTTCATTGAGCCCT,0,531441
araCp,0.14285714285714285,6,6,TGCCTGGGATCAACAGTACC,0,576206
araCp,0.14285714285714285,6,6,TGCCATCTCCTTTACATTAC,0,586499
araCp,0.14285714285714285,6,6,TGCCACCAGTGTTGGTATGC,0,602384
araCp,0.14285714285714285,6,6,TGCATCATCGCACAGGTTCT,0,601394
araCp,0.14285714285714285,6,6,TGCATAGTCGTGTTGCGTAG,0,569618
araCp,0.14285714285714285,6,6,TGCAGATACCATCGGAAGAC,0,556271
araCp,0.14285714285714285,6,6,TGCACGTTGCGTCCTGGGGT,0,534246
araCp,0.14285714285714285,6,6,TGCACAACTAGAGCAGCAAA,0,530005
araCp,0.14285714285714285,6,6,TGCAATACAGGACCCGCAGT,0,556729
araCp,0.14285714285714285,6,6,TGATGTTGAAGTCCACTCCA,0,542679
araCp,0.14285714285714285,6,6,TGATCTTACGGTTCCCTTTA,0,594309
araCp,0.14285714285714285,6,6,TGATAGCGCCATCGCCAGAA,0,561933
araCp,0.14285714285714285,6,6,TGAGTGCCGAGTACGGTCAC,0,591308
araCp,0.14285714285714285,6,6,TGAGGGATTGCTGTCCAGGA,0,555355
araCp,0.14285714285714285,6,6,TGAGCAATGGGCCGGATCGT,0,555961
araCp,0.14285714285714285,6,6,TGAGAAAAGACTTATCCTTT,0,582069
araCp,0.14285714285714285,6,6,TGACTGAGAAAACTCAACCA,0,564568
araCp,0.14285714285714285,6,6,TGACTAAGTTTTAGCATCAA,0,592946
araCp,0.14285714285714285,6,6,TGACCCGTACACACCTGAGT,0,588109
araCp,0.14285714285714285,6,6,TGACATCGATAGGTTTTGCG,0,546239
araCp,0.14285714285714285,6,6,TGAATCTACCGAAAGTAGAT,0,540271
araCp,0.14285714285714285,6,6,TGAATAAATCACGGGGATCA,0,555889
araCp,0.14285714285714285,6,6,TGAAGATTGCGCCGGTGGAG,0,570655
araCp,0.14285714285714285,6,6,TGAAACCCTCGAGGTACGAA,0,570088
araCp,0.14285714285714285,6,6,TCTTTTGGTATATACAGGGG,0,546793
araCp,0.14285714285714285,6,6,TCTTTTAGTCCTAATCTTTC,0,603699
araCp,0.14285714285714285,6,6,TCTTTCTCGCCAGACAGTCA,0,553430
araCp,0.14285714285714285,6,6,TCTTTACACTAATAATGTTG,0,599149
araCp,0.14285714285714285,6,6,TCTTGCTCAAAGTCCAGGCT,0,573915
araCp,0.14285714285714285,6,6,TCTTGAACATTGGAATCGCT,0,543421
araCp,0.14285714285714285,6,6,TCTGTTAACATGGCGAACTA,0,600376
araCp,0.14285714285714285,6,6,TCTGGGTCCCTCCGCCCCTT,0,538092
araCp,0.14285714285714285,6,6,TCTGCGATATGTTTATCCAT,0,545143
araCp,0.14285714285714285,6,6,TCTCGTTGCGCAGCCCGTCG,0,572738
araCp,0.14285714285714285,6,6,TCTCGCCCACATTATTACAC,0,580911
araCp,0.14285714285714285,6,6,TCTCCTTAGCGAGTACTTTT,0,569007
araCp,0.14285714285714285,6,6,TCTCCGAGGCAAACGACATC,0,555679
araCp,0.14285714285714285,6,6,TCTCATCGTCAAATATGTAG,0,542269
araCp,0.14285714285714285,6,6,TCTCAGACTTCCATTGCTTC,0,564856
araCp,0.14285714285714285,6,6,TCTCACCGCTTCGTGTGTGA,0,543731
araCp,0.14285714285714285,6,6,TCTCAATCTGTTCGCGATAG,0,555597
araCp,0.14285714285714285,6,6,TCTCAATCGGTAGGTGGTAC,0,533780
araCp,0.14285714285714285,6,6,TCTATAGCATGAGCTTTGTG,0,603355
araCp,0.14285714285714285,6,6,TCTATAATATCACCACAGAA,0,579405
araCp,0.14285714285714285,6,6,TCGTCGTACGCTAAGCATGC,0,573793
araCp,0.14285714285714285,6,6,TCGTATTTTTATACGTAGGT,0,589389
araCp,0.14285714285714285,6,6,TCGTATACAGGTTCTCTAGC,0,587608
araCp,0.14285714285714285,6,6,TCGTACTCCCGATTAGTTAG,0,598753
araCp,0.14285714285714285,6,6,TCGGTTAACCAGGAAGCTAG,0,588363
araCp,0.14285714285714285,6,6,TCGGTCACTTCTCCTGTCAT,0,526876
araCp,0.14285714285714285,6,6,TCGGGCTCACAGATTGGTAA,0,572872
araCp,0.14285714285714285,6,6,TCGGGATGAGTGGATTCCTC,0,536405
araCp,0.14285714285714285,6,6,TCGGCGGTAGTTGAATCTCT,0,574314
araCp,0.14285714285714285,6,6,TCGCTCGAACGACTAGCTTC,0,558884
araCp,0.14285714285714285,6,6,TCGCGGTGGTATCCCTGTCG,0,533096
araCp,0.14285714285714285,6,6,TCGCGCGGAAGGTGAGGTCT,0,561466
araCp,0.14285714285714285,6,6,TCGCCCGGTGGCAACAAGGT,0,573024
araCp,0.14285714285714285,6,6,TCGCAAGCAGGAAGCCTATT,0,585537
araCp,0.14285714285714285,6,6,TCGATCAAACACTTCGTCTC,0,538263
araCp,0.14285714285714285,6,6,TCGATACGTTACCTCCGATC,0,526079
araCp,0.14285714285714285,6,6,TCGAGGCTGCGTCTCCAGTC,0,576415
araCp,0.14285714285714285,6,6,TCGAGAATTTGGGACCGTCA,0,541383
araCp,0.14285714285714285,6,6,TCGACGAATAGGTAATGTGG,0,528070
araCp,0.14285714285714285,6,6,TCGAAGGATGGCGCACTGCT,0,565535
araCp,0.14285714285714285,6,6,TCCTTGTCACTTAACGCGCA,0,543133
araCp,0.14285714285714285,6,6,TCCTTCATCTATTCTCGTAT,0,533739
araCp,0.14285714285714285,6,6,TCCTTAATGTACCACTCGTT,0,570016
araCp,0.14285714285714285,6,6,TCCTCTAACCGAAAATCCGC,0,578646
araCp,0.14285714285714285,6,6,TCCTCCTAGGGGTCAGTCAG,0,545986
araCp,0.14285714285714285,6,6,TCCGTAAGTCTAATGGATAC,0,577083
araCp,0.14285714285714285,6,6,TCCGGTTGGCTGCCACCCGG,0,574756
araCp,0.14285714285714285,6,6,TCCGCCACTGAAGAGGTTAC,0,565437
araCp,0.14285714285714285,6,6,TCCGAGATGTAGGGGGTTGT,0,581363
araCp,0.14285714285714285,6,6,TCCCTACTTTAGTGCAGCAG,0,597925
araCp,0.14285714285714285,6,6,TCCCGGGCTTTTGGCATGAA,0,561845
araCp,0.14285714285714285,6,6,TCCCGATATCCGTCCGTCAA,0,553485
araCp,0.14285714285714285,6,6,TCCCAGCCGGTAAACATGCT,0,571491
araCp,0.14285714285714285,6,6,TCCCACCAAAGTAGAGTTGA,0,598959
araCp,0.14285714285714285,6,6,TCCCAAATAGGTCTGGCGGA,0,581050
araCp,0.14285714285714285,6,6,TCCAATGGGGTCAAAGGGCG,0,591952
araCp,0.14285714285714285,6,6,TCCAAGCGAATTGCACACGT,0,553519
araCp,0.14285714285714285,6,6,TCCAACGAAGTAGAAAATTA,0,589691
araCp,0.14285714285714285,6,6,TCATGGTTCAGCGATTCTAG,0,546224
araCp,0.14285714285714285,6,6,TCATGGCCATCCATAGCGCG,0,578342
araCp,0.14285714285714285,6,6,TCATGCAGGCCGTTTTCATT,0,576060
araCp,0.14285714285714285,6,6,TCAGTTTAAAGATTATTACG,0,561015
araCp,0.14285714285714285,6,6,TCAGTACATGCGGCGCGGAT,0,532048
araCp,0.14285714285714285,6,6,TCAGGGCATTCTGTTCGAGC,0,547103
araCp,0.14285714285714285,6,6,TCAGGACTTGTTGTTTTCGG,0,570074
araCp,0.14285714285714285,6,6,TCAGCTGCCACCAAGCGAAG,0,579733
araCp,0.14285714285714285,6,6,TCAGCCGTTAATATCCGATT,0,602426
araCp,0.14285714285714285,6,6,TCACGATGCATTCTGTAGCC,0,538046
araCp,0.14285714285714285,6,6,TCACCTTTCCGATTCTACAC,0,567307
araCp,0.14285714285714285,6,6,TCAATGACGCAGTTGCGGCC,0,566116
araCp,0.14285714285714285,6,6,TCAACCCGTCAAGACCGACT,0,588119
araCp,0.14285714285714285,6,6,TCAAAACAAACAGGAACGCT,0,593970
araCp,0.14285714285714285,6,6,TATGGGCTCTTTTCAGCACC,0,561560
araCp,0.14285714285714285,6,6,TATGGCCGGTAGGTGGCAGT,0,599116
araCp,0.14285714285714285,6,6,TATGGAAATCTAGTATGGTA,0,559636
araCp,0.14285714285714285,6,6,TATGCTGCAATCAGGTGACC,0,567623
araCp,0.14285714285714285,6,6,TATGCGCGTGCGGACTGCAG,0,602233
araCp,0.14285714285714285,6,6,TATGCAGACGAGGTATTCAG,0,538992
araCp,0.14285714285714285,6,6,TATGAGCAACATTTTTAAAA,0,561351
araCp,0.14285714285714285,6,6,TATGAAAGACCGATTTTGAG,0,539320
araCp,0.14285714285714285,6,6,TATCTTTTGTTCAGGGTGAC,0,590223
araCp,0.14285714285714285,6,6,TATCTGCCGTGGCCATACGT,0,560289
araCp,0.14285714285714285,6,6,TATCGGAGATTGTTCATCAA,0,532557
araCp,0.14285714285714285,6,6,TATCGACAATAAGGCTCTCC,0,597557
araCp,0.14285714285714285,6,6,TATCCTAGGATAAATAAAGT,0,533168
araCp,0.14285714285714285,6,6,TATCCGGGTGACGAAGCTCA,0,581329
araCp,0.14285714285714285,6,6,TATCCGGACACCAGTGGATG,0,564418
araCp,0.14285714285714285,6,6,TATATGAACACTCGACCCGC,0,581618
araCp,0.14285714285714285,6,6,TATATAGCGAAGTTTGAGGA,0,589601
araCp,0.14285714285714285,6,6,TATAAGTTACCGGGACAGCC,0,593496
araCp,0.14285714285714285,6,6,TAGTCATCCCCACTCACGAT,0,574092
araCp,0.14285714285714285,6,6,TAGGTGAGGGACAAGGGCGC,0,589929
araCp,0.14285714285714285,6,6,TAGGTCTGCCATTACGTATG,0,546548
araCp,0.14285714285714285,6,6,TAGGTCACAGTTGATCATGA,0,585271
araCp,0.14285714285714285,6,6,TAGGGAAGCTTCAGTTTGTG,0,550091
araCp,0.14285714285714285,6,6,TAGGCTATCCTACATCGGGG,0,547612
araCp,0.14285714285714285,6,6,TAGGCAATCCTTTTCATCGA,0,594151
araCp,0.14285714285714285,6,6,TAGGACGCCTTCAGAAAATT,0,577184
araCp,0.14285714285714285,6,6,TAGGACATTTCAGCGTTGTT,0,526746
araCp,0.14285714285714285,6,6,TAGCTCAAAGTAACTCTGAT,0,541353
araCp,0.14285714285714285,6,6,TAGCGACCGCAGGAGCGCGT,0,527695
araCp,0.14285714285714285,6,6,TAGCAGCGTAGAAGTATGTC,0,584053
araCp,0.14285714285714285,6,6,TAGAGCGCGTTACAAGATTC,0,596005
araCp,0.14285714285714285,6,6,TAGACCACAAATGTTCGGAT,0,537642
araCp,0.14285714285714285,6,6,TAGAAGAAAGATGTGACGTG,0,553110
araCp,0.14285714285714285,6,6,TAGAAACGCACCTTGATAAT,0,553094
araCp,0.14285714285714285,6,6,TACTGCCCTGTGAGGCGCGG,0,553412
araCp,0.14285714285714285,6,6,TACGTCTACAACATCATGGA,0,601311
araCp,0.14285714285714285,6,6,TACGGCGACGCATGGCTAGG,0,530622
araCp,0.14285714285714285,6,6,TACGCGGTCTTTGATTCGAC,0,534915
araCp,0.14285714285714285,6,6,TACGATTGAAAAGCGGTCAA,0,553480
araCp,0.14285714285714285,6,6,TACGAGTCCCGCTCAGGCGT,0,525936
araCp,0.14285714285714285,6,6,TACCGTCGGCCTGTGACCGT,0,587339
araCp,0.14285714285714285,6,6,TACCCACGTGGGCTCATACG,0,590887
araCp,0.14285714285714285,6,6,TACATCAGGACTCATCGGAG,0,541107
araCp,0.14285714285714285,6,6,TACACATGCAAAAGGACTAG,0,573460
araCp,0.14285714285714285,6,6,TACAAGGATAAGAGCCACTA,0,557147
araCp,0.14285714285714285,6,6,TAATTTGGCAATTGCTCACG,0,592758
araCp,0.14285714285714285,6,6,TAATTGTAAAAGACGCTCGT,0,532676
araCp,0.14285714285714285,6,6,TAATTGGGACGGGTGTAGAG,0,602385
araCp,0.14285714285714285,6,6,TAATTAAAGTCGCAGCGAGT,0,532805
araCp,0.14285714285714285,6,6,TAATGGTGTACAAACGTAAT,0,543365
araCp,0.14285714285714285,6,6,TAATGCGATCACTCTCCTAC,0,537496
araCp,0.14285714285714285,6,6,TAATGCACTGTACCGATTTC,0,570226
araCp,0.14285714285714285,6,6,TAATCTCCATAGAGTGATTC,0,538593
araCp,0.14285714285714285,6,6,TAATACCCTGACCAACAATT,0,594291
araCp,0.14285714285714285,6,6,TAAGTCTTAAAAGTGAGCAG,0,532235
araCp,0.14285714285714285,6,6,TAAGGTTGCTTATTTAGACC,0,601236
araCp,0.14285714285714285,6,6,TAAGCGCCCCACCGGTGGGA,0,571334
araCp,0.14285714285714285,6,6,TAACTGCACGGCCATTGGCC,0,561445
araCp,0.14285714285714285,6,6,TAACCGATCGATGCTTTGTT,0,593960
araCp,0.14285714285714285,6,6,TAACATCGACGTACGTGGAC,0,571456
araCp,0.14285714285714285,6,6,TAACACGATTTCTTTCGGCT,0,532019
araCp,0.14285714285714285,6,6,TAAATTGGATCGAAACTTAC,0,535663
araCp,0.14285714285714285,6,6,TAAATTCGCAGTTATTTTCA,0,566807
araCp,0.14285714285714285,6,6,TAAATGGTTTTGCGGTGCTA,0,590530
araCp,0.14285714285714285,6,6,TAAAGCATGAATCTGGGCCT,0,566163
araCp,0.14285714285714285,6,6,GTTTGGGGCGTGGAGGGGGA,0,585688
araCp,0.14285714285714285,6,6,GTTTCATCACTGCCGCCCGT,0,592699
araCp,0.14285714285714285,6,6,GTTTCACAAAGCTGATAGGG,0,574911
araCp,0.14285714285714285,6,6,GTTTACGCGTTCTCTCAGGG,0,593045
araCp,0.14285714285714285,6,6,GTTGTGTTTTACGGGTCAAT,0,564475
araCp,0.14285714285714285,6,6,GTTGTGCAAATACCCCTCAT,0,558710
araCp,0.14285714285714285,6,6,GTTGGCGCAGTTAACAGTGC,0,568294
araCp,0.14285714285714285,6,6,GTTGGCAGTATTGATTCGGC,0,544113
araCp,0.14285714285714285,6,6,GTTGCTATACTCGAATCGGG,0,543487
araCp,0.14285714285714285,6,6,GTTGCCGGCGAGTCTAAGGA,0,571315
araCp,0.14285714285714285,6,6,GTTCGTGCCCCCGATGTAGC,0,597924
araCp,0.14285714285714285,6,6,GTTCGGGCTCACGCGTGACA,0,600657
araCp,0.14285714285714285,6,6,GTTCGAATGTGGGCAGATTT,0,556990
araCp,0.14285714285714285,6,6,GTTCCTTTGTCAGGGATTGC,0,597981
araCp,0.14285714285714285,6,6,GTTCATTTGCACACTGGGAA,0,552819
araCp,0.14285714285714285,6,6,GTTCATAAGCCGAGATTATC,0,572692
araCp,0.14285714285714285,6,6,GTTCACGATTTCTCTACCGA,0,547475
araCp,0.14285714285714285,6,6,GTTAGTCTAAGAACCGAGTA,0,578316
araCp,0.14285714285714285,6,6,GTTACCAGAATTAGGTGTCT,0,563130
araCp,0.14285714285714285,6,6,GTTAAAGCAGGGTACCGCAG,0,532761
araCp,0.14285714285714285,6,6,GTGTTTCTCTGAAATTGTAG,0,548499
araCp,0.14285714285714285,6,6,GTGTTCAGACCCGGTTCATA,0,592616
araCp,0.14285714285714285,6,6,GTGTTAAAGTTTAGATGGAT,0,601228
araCp,0.14285714285714285,6,6,GTGTCTATTCTAGAGACGCT,0,584981
araCp,0.14285714285714285,6,6,GTGTATGAGACCCCGGAGAT,0,601397
araCp,0.14285714285714285,6,6,GTGTATCCGGAGACGAGCTA,0,579044
araCp,0.14285714285714285,6,6,GTGGGTGTAGATACATCCTG,0,583261
araCp,0.14285714285714285,6,6,GTGGGAGAATTAACCCGAAG,0,530606
araCp,0.14285714285714285,6,6,GTGGAGCGCTTGAATTGGGT,0,593926
araCp,0.14285714285714285,6,6,GTGGAGATAGAAACCATGCG,0,527105
araCp,0.14285714285714285,6,6,GTGCTTGTGCACTTGGTACT,0,553851
araCp,0.14285714285714285,6,6,GTGCTAATGAAACGAACTAC,0,564215
araCp,0.14285714285714285,6,6,GTGCCATTACCTGGACATTT,0,589057
araCp,0.14285714285714285,6,6,GTGCCACGGGCGGAACTCGA,0,542656
araCp,0.14285714285714285,6,6,GTGCACTCCCGTCTTTCCTA,0,532241
araCp,0.14285714285714285,6,6,GTGAGACTATGGGACCTTTA,0,559966
araCp,0.14285714285714285,6,6,GTGACTAGGCAGACGCCCAG,0,536971
araCp,0.14285714285714285,6,6,GTCTTATGGCTTCCTGATAA,0,529528
araCp,0.14285714285714285,6,6,GTCTGAGAGCTTAGATGAAT,0,544918
araCp,0.14285714285714285,6,6,GTCTCGGCTTGATCGGGTTG,0,593714
araCp,0.14285714285714285,6,6,GTCTCCTATGCCCCGAACGC,0,550614
araCp,0.14285714285714285,6,6,GTCGGCGTGGACCTGTTTTG,0,603008
araCp,0.14285714285714285,6,6,GTCGCTGTATAGTGGGCAAT,0,554779
araCp,0.14285714285714285,6,6,GTCGCCTGACACTTTGTGAA,0,537354
araCp,0.14285714285714285,6,6,GTCCTCCCGGCCATATCTAG,0,545966
araCp,0.14285714285714285,6,6,GTCCCTCCCCGCTAGGCATG,0,529428
araCp,0.14285714285714285,6,6,GTCCCCGCTTCAATAGATAA,0,579797
araCp,0.14285714285714285,6,6,GTCCCATGAATGGCTTGCCA,0,556857
araCp,0.14285714285714285,6,6,GTCCATGCGATTACGGACTA,0,573362
araCp,0.14285714285714285,6,6,GTCCATCGATATCGGCTTGT,0,527292
araCp,0.14285714285714285,6,6,GTCAGACTACCCTTAGTGTA,0,561362
araCp,0.14285714285714285,6,6,GTCAATTTGCCAGCGGACAT,0,572235
araCp,0.14285714285714285,6,6,GTCAATTATCCGGAATCAGA,0,569591
araCp,0.14285714285714285,6,6,GTATGGGTGGATTTTTGTGG,0,568691
araCp,0.14285714285714285,6,6,GTATCCTCTGCTGCAGCAAA,0,537296
araCp,0.14285714285714285,6,6,GTATATAGTAGTTCATGCCC,0,540942
araCp,0.14285714285714285,6,6,GTATAGACAACGGCTTTAAG,0,599339
araCp,0.14285714285714285,6,6,GTATACTAACTAATGAGAAA,0,555364
araCp,0.14285714285714285,6,6,GTAGTGCGGGTTGTGTGACG,0,574736
araCp,0.14285714285714285,6,6,GTAGGCTTTGGGTTATATGT,0,601106
araCp,0.14285714285714285,6,6,GTAGGCACGCTTGCGTGTCC,0,532326
araCp,0.14285714285714285,6,6,GTAGCTAAAGTGTGCTCTTG,0,573132
araCp,0.14285714285714285,6,6,GTAGCGGAGTACGCAAAATT,0,536259
araCp,0.14285714285714285,6,6,GTAGATACTGACTGTGACGG,0,574702
araCp,0.14285714285714285,6,6,GTAGAGCCATACCTGGAAAC,0,540578
araCp,0.14285714285714285,6,6,GTACTAAGCGTTTAAGTGCC,0,555281
araCp,0.14285714285714285,6,6,GTACGTGTTCATATAGTGAG,0,579794
araCp,0.14285714285714285,6,6,GTACCCGCGCAATGTCCCCT,0,580217
araCp,0.14285714285714285,6,6,GTAATTTGCGTTGGGCCCTC,0,548160
araCp,0.14285714285714285,6,6,GTAATAATCCTGTGAGACAA,0,571581
araCp,0.14285714285714285,6,6,GTAAGGGCACTCGCCCCTTA,0,530946
araCp,0.14285714285714285,6,6,GTAACTGGGCTAGAAGTATT,0,557691
araCp,0.14285714285714285,6,6,GTAACGGCGTCGCGTTCTCT,0,596572
araCp,0.14285714285714285,6,6,GTAACCGTCGATTTGACGGC,0,565745
araCp,0.14285714285714285,6,6,GTAACACGTGACTGGGCTTA,0,545728
araCp,0.14285714285714285,6,6,GGTTTGACAGTCTGATCTTG,0,566061
araCp,0.14285714285714285,6,6,GGTTGGTATAAATGATCCCG,0,573949
araCp,0.14285714285714285,6,6,GGTTGATTTGTCGCCAAAAT,0,576884
araCp,0.14285714285714285,6,6,GGTTCGGTAGACGAATGTTG,0,595157
araCp,0.14285714285714285,6,6,GGTTCGATATGCTTAATCTG,0,553453
araCp,0.14285714285714285,6,6,GGTTCATTCAACGACTTATT,0,568068
araCp,0.14285714285714285,6,6,GGTTATCACTACCCGGCTTC,0,544408
araCp,0.14285714285714285,6,6,GGTTAGAAGGACAGAGCGGC,0,579108
araCp,0.14285714285714285,6,6,GGTGTATAGGCACAGCTGGT,0,560922
araCp,0.14285714285714285,6,6,GGTGTACATTCATATAGTTC,0,529414
araCp,0.14285714285714285,6,6,GGTGGACTGATTACGCAACT,0,539243
araCp,0.14285714285714285,6,6,GGTGCCTACGGCATCTCCAA,0,579329
araCp,0.14285714285714285,6,6,GGTGATTGTGCAGCCTTTTG,0,563617
araCp,0.14285714285714285,6,6,GGTGATGTCCATGGCACGAG,0,598690
araCp,0.14285714285714285,6,6,GGTCTTGGTTGATCGACGAA,0,551459
araCp,0.14285714285714285,6,6,GGTCGGTTGTAATATAAGAA,0,593928
araCp,0.14285714285714285,6,6,GGTCGCGCCGGGGAGCTAAC,0,541503
araCp,0.14285714285714285,6,6,GGTCGATCCATCGGGCCATG,0,531489
araCp,0.14285714285714285,6,6,GGTCCTGAATCGGGACGTCT,0,580702
araCp,0.14285714285714285,6,6,GGTCCTAGCGCCGTTAGCAT,0,571782
araCp,0.14285714285714285,6,6,GGTCCGTATCTGCCGTATCA,0,553583
araCp,0.14285714285714285,6,6,GGTCCCATACTTTTACACAT,0,526524
araCp,0.14285714285714285,6,6,GGTCACCTTCCTCGACGCTG,0,574734
araCp,0.14285714285714285,6,6,GGTATTTTTATAGGGATACT,0,541284
araCp,0.14285714285714285,6,6,GGTATCTTCGAAGACGAGCG,0,538580
araCp,0.14285714285714285,6,6,GGTAGGGAAGTGTTGGCCCT,0,591012
araCp,0.14285714285714285,6,6,GGTAGCAAGGCTGTTCAAAT,0,536225
araCp,0.14285714285714285,6,6,GGTAACCCCGACCCGCTTAA,0,558341
araCp,0.14285714285714285,6,6,GGGTGGGCGTAGTTTGTCCC,0,588340
araCp,0.14285714285714285,6,6,GGGTCAGGTTTTTATCGGTT,0,530898
araCp,0.14285714285714285,6,6,GGGTAGAATAAACAGTAGGA,0,569536
araCp,0.14285714285714285,6,6,GGGGTTTCCATACAACGAGA,0,574998
araCp,0.14285714285714285,6,6,GGGGGTTCAGAAACTGAACT,0,548613
araCp,0.14285714285714285,6,6,GGGGGTGGGCTCGAACTACG,0,598697
araCp,0.14285714285714285,6,6,GGGGGGGCTTCGACTGGTAG,0,582890
araCp,0.14285714285714285,6,6,GGGGGATAACCAAAGATTTT,0,563341
araCp,0.14285714285714285,6,6,GGGGATCCGGGTTATCGTAA,0,582307
araCp,0.14285714285714285,6,6,GGGGAACTCGGCGAAGGCAA,0,584643
araCp,0.14285714285714285,6,6,GGGCTTCTCTTAATGAAATG,0,590902
araCp,0.14285714285714285,6,6,GGGCTGACAGAAACAATCAC,0,534029
araCp,0.14285714285714285,6,6,GGGCTATCCGCTGTAGACGC,0,600441
araCp,0.14285714285714285,6,6,GGGCGTAATCGCCGATTTGT,0,581051
araCp,0.14285714285714285,6,6,GGGCGGAATTGGGTGGAAAT,0,566318
araCp,0.14285714285714285,6,6,GGGCCGGTGAAGTTATAACG,0,570607
araCp,0.14285714285714285,6,6,GGGCCGGAGTGTATGTCTCC,0,559513
araCp,0.14285714285714285,6,6,GGGCATGTCTGAGTTCGCGA,0,586973
araCp,0.14285714285714285,6,6,GGGCACAGTCTTCGGGTGTC,0,546637
araCp,0.14285714285714285,6,6,GGGCACACCACCAGCCCGAT,0,539860
araCp,0.14285714285714285,6,6,GGGAGTCGAATAATGGAGCT,0,545207
araCp,0.14285714285714285,6,6,GGGAGAGACTAGCTCAAGTT,0,545860
araCp,0.14285714285714285,6,6,GGGACTGAATCGCCACCCTT,0,585689
araCp,0.14285714285714285,6,6,GGGACACGGGCCTTGGGGGC,0,566886
araCp,0.14285714285714285,6,6,GGGAACAGTTTGTCACACCC,0,563005
araCp,0.14285714285714285,6,6,GGCTTAAGCACTCTGTTTAT,0,564063
araCp,0.14285714285714285,6,6,GGCTCTGGCTGTTAGAGTAC,0,531427
araCp,0.14285714285714285,6,6,GGCTCTATACAATTGGATAG,0,576311
araCp,0.14285714285714285,6,6,GGCTCGGACTTACTGTGGGT,0,540278
araCp,0.14285714285714285,6,6,GGCTAGCCAATCTTATGGGT,0,577026
araCp,0.14285714285714285,6,6,GGCTAGAGGCAATTAACGAT,0,530577
araCp,0.14285714285714285,6,6,GGCTACTCGAGTACATCGTA,0,527554
araCp,0.14285714285714285,6,6,GGCGTGTAACATATAATAGT,0,593420
araCp,0.14285714285714285,6,6,GGCGGTGTCCCTCTAGTACA,0,594911
araCp,0.14285714285714285,6,6,GGCGCGACTGCGGCTTCTGG,0,576404
araCp,0.14285714285714285,6,6,GGCGATCCAGGACTTTTTTA,0,541989
araCp,0.14285714285714285,6,6,GGCGAGAAACGTGACTGTTT,0,578112
araCp,0.14285714285714285,6,6,GGCCTAGTGGGTTCACGCCA,0,587669
araCp,0.14285714285714285,6,6,GGCCGAGGTAGACACGATTC,0,591527
araCp,0.14285714285714285,6,6,GGCCCGGGGCCGGGACTCTG,0,547521
araCp,0.14285714285714285,6,6,GGCCCGGGATAAGACCTTAG,0,527304
araCp,0.14285714285714285,6,6,GGCCATGAAATTTCCCAGGC,0,570243
araCp,0.14285714285714285,6,6,GGCATGTTAAGGTTTCACGA,0,530649
araCp,0.14285714285714285,6,6,GGCATGCCTGTTATCTACTC,0,579731
araCp,0.14285714285714285,6,6,GGCATAATAGGGGGGGTGAT,0,538702
araCp,0.14285714285714285,6,6,GGCACAGGCACTGCCATATC,0,579060
araCp,0.14285714285714285,6,6,GGCAACATGATACTATCATG,0,553378
araCp,0.14285714285714285,6,6,GGCAAAAGGAGCCCTTTATG,0,529621
araCp,0.14285714285714285,6,6,GGATTATGTTAAGAGTCCCA,0,585079
araCp,0.14285714285714285,6,6,GGATTATCGCTTCGTCGATC,0,590001
araCp,0.14285714285714285,6,6,GGATCGCAGGAGCCGACCTT,0,559653
araCp,0.14285714285714285,6,6,GGATCAGCTTATCTCTCGGA,0,568696
araCp,0.14285714285714285,6,6,GGATAAGATTCACCCTATTT,0,577819
araCp,0.14285714285714285,6,6,GGATAACAAATCCGAGTCAG,0,594366
araCp,0.14285714285714285,6,6,GGAGTTCAGCTTCCTTAGGG,0,565897
araCp,0.14285714285714285,6,6,GGAGTCAAATCTAGCCGTGT,0,566642
araCp,0.14285714285714285,6,6,GGAGGTAGTTGACAGTCCCG,0,599344
araCp,0.14285714285714285,6,6,GGAGCTTCGACTTCCGTACA,0,581991
araCp,0.14285714285714285,6,6,GGACTTCGGGGGTAGGTCCC,0,567803
araCp,0.14285714285714285,6,6,GGACTGTTAGGCTTCCAGTT,0,525826
araCp,0.14285714285714285,6,6,GGACTGTGAGATGACTTTCT,0,570483
araCp,0.14285714285714285,6,6,GGACCTGCGCGAGGTAGGAT,0,595889
araCp,0.14285714285714285,6,6,GGACCGCGTGTGCATTGTAG,0,548012
araCp,0.14285714285714285,6,6,GGACCGATAGCAATGATAGT,0,581801
araCp,0.14285714285714285,6,6,GGACATGTGTAACCAGAAGC,0,540483
araCp,0.14285714285714285,6,6,GGAATCAGCCGCATATGGAC,0,565060
araCp,0.14285714285714285,6,6,GGAATATCGCCCAAAGCGAG,0,592778
araCp,0.14285714285714285,6,6,GGAAGCCTACGACTTGACGG,0,529799
araCp,0.14285714285714285,6,6,GGAACTTCGGCCGGCTCTAT,0,530515
araCp,0.14285714285714285,6,6,GGAAATTCCTAGACGCTGCC,0,556827
araCp,0.14285714285714285,6,6,GGAAACGCCGATTCGTCGCT,0,570857
araCp,0.14285714285714285,6,6,GGAAACATGAAGGTAGCTGG,0,584587
araCp,0.14285714285714285,6,6,GCTTTGTTACATCATACTAA,0,595912
araCp,0.14285714285714285,6,6,GCTTTCCATATAGGCCATAA,0,595881
araCp,0.14285714285714285,6,6,GCTTGGCACGGTTTGTTTCA,0,535238
araCp,0.14285714285714285,6,6,GCTTCGTTCAGTCCCAAGAC,0,598980
araCp,0.14285714285714285,6,6,GCTTATGTGTTTTGGTATGC,0,537679
araCp,0.14285714285714285,6,6,GCTTACTCAGTATACTTGAG,0,587489
araCp,0.14285714285714285,6,6,GCTGTTTATATCTCTTAGCG,0,589496
araCp,0.14285714285714285,6,6,GCTGTTGTAAGGCGCATGTT,0,601705
araCp,0.14285714285714285,6,6,GCTGGTAAAACTTTTGCTTC,0,556825
araCp,0.14285714285714285,6,6,GCTGGCGGTATAGTGTCAAT,0,562340
araCp,0.14285714285714285,6,6,GCTGGCAAGCACATACTGCT,0,574625
araCp,0.14285714285714285,6,6,GCTGCGGATCCAGGGTGACG,0,535284
araCp,0.14285714285714285,6,6,GCTGCAGTGACCCTCGGTTA,0,534038
araCp,0.14285714285714285,6,6,GCTGACAGAGGGCCATCTTA,0,555832
araCp,0.14285714285714285,6,6,GCTCTACAGGGGACCTAAAA,0,576943
araCp,0.14285714285714285,6,6,GCTATACGCAGGTAAGGACA,0,592786
araCp,0.14285714285714285,6,6,GCTACGCGCCACGTGTGAAG,0,526759
araCp,0.14285714285714285,6,6,GCTACGATCTGAAGGTCCGT,0,535792
araCp,0.14285714285714285,6,6,GCTACCGCGAGCATGCGGCT,0,545139
araCp,0.14285714285714285,6,6,GCTAATGTAATCTACAACCA,0,557783
araCp,0.14285714285714285,6,6,GCTAAGTTCATCAAGAGTTA,0,583743
araCp,0.14285714285714285,6,6,GCTAAAGTGGTCGTTGGGGA,0,557590
araCp,0.14285714285714285,6,6,GCGTGTATATTGAGCGTGCG,0,579772
araCp,0.14285714285714285,6,6,GCGTGGCGCTTTCTAAGCCC,0,586467
araCp,0.14285714285714285,6,6,GCGTCGTCTCAACTAACGGA,0,550323
araCp,0.14285714285714285,6,6,GCGTCAAGGTAATACTCGTC,0,545080
araCp,0.14285714285714285,6,6,GCGTAACTCTAGGCGTTCGC,0,548879
araCp,0.14285714285714285,6,6,GCGGTGGCTACAAGAGGTAG,0,529101
araCp,0.14285714285714285,6,6,GCGGGTTCGTATTATAGGCA,0,589640
araCp,0.14285714285714285,6,6,GCGGCGCACTCTGATGGCTG,0,558245
araCp,0.14285714285714285,6,6,GCGGATACTTTCGGACGCCA,0,575250
araCp,0.14285714285714285,6,6,GCGCGATTCCCATGTAGCTA,0,563426
araCp,0.14285714285714285,6,6,GCGCACTGGGGATCCCATTC,0,587272
araCp,0.14285714285714285,6,6,GCGATTAGCCAGCGAACACT,0,537892
araCp,0.14285714285714285,6,6,GCGAGGAAGTCGCCGACAAC,0,585508
araCp,0.14285714285714285,6,6,GCGACGGCGCATGGTCGGCT,0,539842
araCp,0.14285714285714285,6,6,GCGAACTGCTATTGAGCGAA,0,577585
araCp,0.14285714285714285,6,6,GCGAAAGGAGGAAGGTCCCT,0,579139
araCp,0.14285714285714285,6,6,GCGAAACGTGATAGGAAAAA,0,602833
araCp,0.14285714285714285,6,6,GCGAAACCAGCACGGGCACT,0,569702
araCp,0.14285714285714285,6,6,GCCTTGGGCAGGGGTGTGTT,0,570014
araCp,0.14285714285714285,6,6,GCCTTAGTAGCATAATAGTG,0,545620
araCp,0.14285714285714285,6,6,GCCTAATGCCTTCAGAGCTT,0,550753
araCp,0.14285714285714285,6,6,GCCGTCCCGAGTTTCGTGCG,0,567610
araCp,0.14285714285714285,6,6,GCCGGGGGAGCAGTCTGTAT,0,546926
araCp,0.14285714285714285,6,6,GCCGCCTTCAGATAGTTCAC,0,596404
araCp,0.14285714285714285,6,6,GCCGCCGCCACAAGACTACT,0,554861
araCp,0.14285714285714285,6,6,GCCGAGAAGAGGGATTGGGA,0,589599
araCp,0.14285714285714285,6,6,GCCCTTGAGACCAGGAGGTG,0,602251
araCp,0.14285714285714285,6,6,GCCCGTGTACTCGACATTAT,0,535477
araCp,0.14285714285714285,6,6,GCCCGGAACCAAACATTAGA,0,557566
araCp,0.14285714285714285,6,6,GCCCCGACTGGAAGGCGTGT,0,539612
araCp,0.14285714285714285,6,6,GCCCCGAAATAGACGTATGG,0,571152
araCp,0.14285714285714285,6,6,GCCCACCTGCGCGACTTAGA,0,536791
araCp,0.14285714285714285,6,6,GCCATTTGTGGATAACTCTT,0,575662
araCp,0.14285714285714285,6,6,GCCAGCGGCTCCGCGCTTTT,0,574323
araCp,0.14285714285714285,6,6,GCCACGGAACAGAGCTACGT,0,599264
araCp,0.14285714285714285,6,6,GCCAACATACCCGGCACGCT,0,534437
araCp,0.14285714285714285,6,6,GCATGGGGCGCATGGTGATT,0,560403
araCp,0.14285714285714285,6,6,GCATCGCTACGAACCACAAC,0,533674
araCp,0.14285714285714285,6,6,GCATCACGGTTACATGTCCA,0,599114
araCp,0.14285714285714285,6,6,GCATATCCCTGGGTCTAAAT,0,541146
araCp,0.14285714285714285,6,6,GCATACCTTCCTGGTGGACA,0,526996
araCp,0.14285714285714285,6,6,GCATAAAGACAGAGGGTGAT,0,577906
araCp,0.14285714285714285,6,6,GCAGGGTGATGCATTTTCGG,0,584079
araCp,0.14285714285714285,6,6,GCAGGAAATGAAATGTTAGT,0,540882
araCp,0.14285714285714285,6,6,GCAGCGCTGATGTTTAATCA,0,577287
araCp,0.14285714285714285,6,6,GCAGCGCAAAAGCTAGATTA,0,539584
araCp,0.14285714285714285,6,6,GCAGCAGCAAGGGAGATACC,0,599011
araCp,0.14285714285714285,6,6,GCACTCGCCTTACGGCTGCT,0,584444
araCp,0.14285714285714285,6,6,GCACGTTGGTATACGCGAGC,0,550997
araCp,0.14285714285714285,6,6,GCACGGGAATCGTTATGGCT,0,563868
araCp,0.14285714285714285,6,6,GCACGGCTCCCCCGGTTAAA,0,542636
araCp,0.14285714285714285,6,6,GCACCTATCGGTCCAAGAAC,0,594896
araCp,0.14285714285714285,6,6,GCACACTTGTGGAATAGGGA,0,581729
araCp,0.14285714285714285,6,6,GCACAATTAGTAAATAAAGA,0,577800
araCp,0.14285714285714285,6,6,GCAATTTGTCAGGCTATATT,0,529062
araCp,0.14285714285714285,6,6,GCAATTTGATTCCTTGTTCT,0,590461
araCp,0.14285714285714285,6,6,GCAAGTCTGTGTCGTACGGA,0,589040
araCp,0.14285714285714285,6,6,GCAAGGTTGCCGTATCCGCT,0,594330
araCp,0.14285714285714285,6,6,GCAAGCGGCAGGTTATCAGA,0,583248
araCp,0.14285714285714285,6,6,GCAACTGGTTCGATCCTAAT,0,570162
araCp,0.14285714285714285,6,6,GATTTCTAACTCATGCTGGC,0,557280
araCp,0.14285714285714285,6,6,GATTGGCCTCTGCCGCAATT,0,574468
araCp,0.14285714285714285,6,6,GATTGGCCCTCTGTTGAGTA,0,598048
araCp,0.14285714285714285,6,6,GATTGAGAAGTTTGTACCCA,0,589886
araCp,0.14285714285714285,6,6,GATTGAACTCTTCTGTCCTT,0,535359
araCp,0.14285714285714285,6,6,GATGTTGCATCTACGGGTGG,0,529336
araCp,0.14285714285714285,6,6,GATGGTTAGGGCCGTAGGGT,0,564876
araCp,0.14285714285714285,6,6,GATGGACCAAGCGGTACTAT,0,603151
araCp,0.14285714285714285,6,6,GATGACGCTGAGTCAGAGGC,0,527563
araCp,0.14285714285714285,6,6,GATCTATTCGAGCACAAGTG,0,580586
araCp,0.14285714285714285,6,6,GATCGTCTTTTATTACGGGT,0,577161
araCp,0.14285714285714285,6,6,GATCGGGGGTTTATTAGATT,0,551566
araCp,0.14285714285714285,6,6,GATCGGACATCAGAGGTTTT,0,570340
araCp,0.14285714285714285,6,6,GATCGCGCGCGGCTATGGTT,0,581844
araCp,0.14285714285714285,6,6,GATCCCTTTATCGGGATTCC,0,585529
araCp,0.14285714285714285,6,6,GATCACTCATTTACTCTTTC,0,563849
araCp,0.14285714285714285,6,6,GATAGCTACAAATTATACCT,0,583120
araCp,0.14285714285714285,6,6,GATACTCAATGTGTAAAACA,0,601380
araCp,0.14285714285714285,6,6,GATACCACAGGAAAACGAAA,0,548350
araCp,0.14285714285714285,6,6,GATACAACAAAGGCGAGTGG,0,542384
araCp,0.14285714285714285,6,6,GATAACCTGAGAAGGCGTTA,0,542566
araCp,0.14285714285714285,6,6,GAGTTGAGCGCGTGCAAGGC,0,583334
araCp,0.14285714285714285,6,6,GAGGTTTCCATGCGGGGTGA,0,563852
araCp,0.14285714285714285,6,6,GAGGGTGGCTACCATCTGTG,0,560620
araCp,0.14285714285714285,6,6,GAGGGGGTATGATAGCATTG,0,555648
araCp,0.14285714285714285,6,6,GAGGGACATTTGTGTTGATG,0,537091
araCp,0.14285714285714285,6,6,GAGGCTTGGGTAGCCCCCCA,0,584184
araCp,0.14285714285714285,6,6,GAGGCCAAAGACTGAATTGG,0,559554
araCp,0.14285714285714285,6,6,GAGGCACTTATCATGGGGTG,0,530915
araCp,0.14285714285714285,6,6,GAGGATAACGGGGTAAGGGA,0,551481
araCp,0.14285714285714285,6,6,GAGCCTATTCGCGAAATGAA,0,550658
araCp,0.14285714285714285,6,6,GAGCCAAACGACAATCTATA,0,526977
araCp,0.14285714285714285,6,6,GAGCATGGTCGAGCTTCCCA,0,543796
araCp,0.14285714285714285,6,6,GAGCAAACCAGGTACGTGTT,0,538569
araCp,0.14285714285714285,6,6,GAGATAGTCAAGTAGCGAAA,0,582159
araCp,0.14285714285714285,6,6,GAGATAATTGGCATTATAGT,0,570464
araCp,0.14285714285714285,6,6,GAGAGGTGGCCGGGTCCGAC,0,587559
araCp,0.14285714285714285,6,6,GAGAGATGGCGGACGATTCA,0,576370
araCp,0.14285714285714285,6,6,GAGACGCTGCAGCCGTGAAA,0,542237
araCp,0.14285714285714285,6,6,GAGACCAGGAGTCCGAGCAG,0,569749
araCp,0.14285714285714285,6,6,GACTTCAACTGTCAGTGATA,0,587640
araCp,0.14285714285714285,6,6,GACTTAATGGTCATACCGTC,0,562264
araCp,0.14285714285714285,6,6,GACTCTGGATTGAAGTTGGT,0,566585
araCp,0.14285714285714285,6,6,GACTCCGCTAACTACTCATT,0,591016
araCp,0.14285714285714285,6,6,GACTCCGAAGCGGCATTCGA,0,538904
araCp,0.14285714285714285,6,6,GACTCCCTAGTGACGCTTAG,0,570337
araCp,0.14285714285714285,6,6,GACTAGCGCCGGCAATCGGC,0,563427
araCp,0.14285714285714285,6,6,GACGTTCAGACACATTATAC,0,581858
araCp,0.14285714285714285,6,6,GACGTGAGAAACCGACGTTC,0,561942
araCp,0.14285714285714285,6,6,GACCGGTCTCGCAACAGTCT,0,585781
araCp,0.14285714285714285,6,6,GACCGGGCCTGGATCATTAC,0,599733
araCp,0.14285714285714285,6,6,GACCGCAATGCTTACTAATC,0,547254
araCp,0.14285714285714285,6,6,GACCGATTTATAATGAAGAA,0,575470
araCp,0.14285714285714285,6,6,GACCCAAGTGCTCAATTTTT,0,549295
araCp,0.14285714285714285,6,6,GACAGGCGCTAAGACTCATA,0,556299
araCp,0.14285714285714285,6,6,GACAGCGCTTTGAAAAGGAC,0,579706
araCp,0.14285714285714285,6,6,GACAGCAGAGCCGGGACAAG,0,571467
araCp,0.14285714285714285,6,6,GACACGCGCATAGGTCAAGG,0,586627
araCp,0.14285714285714285,6,6,GACACAGGTGTATCGCCCTA,0,545281
araCp,0.14285714285714285,6,6,GACAAGGTTTAACGGGACAG,0,528803
araCp,0.14285714285714285,6,6,GACAACTTCCGACTGTTTTT,0,603543
araCp,0.14285714285714285,6,6,GACAAAAGCTCGACTCTGAC,0,599106
araCp,0.14285714285714285,6,6,GAATTATATTTTATTTCGAT,0,564910
araCp,0.14285714285714285,6,6,GAATTAAGAGTGTACAAGTT,0,542641
araCp,0.14285714285714285,6,6,GAATCAGCTCACCTACCAGA,0,530676
araCp,0.14285714285714285,6,6,GAATCACGTCTCCTACTTCT,0,597615
araCp,0.14285714285714285,6,6,GAATAGTGTGCGAAAACAGG,0,543668
araCp,0.14285714285714285,6,6,GAAGTCTCGCGGATAACGTT,0,540193
araCp,0.14285714285714285,6,6,GAAGTCAGGCCCGTTGCCAG,0,561679
araCp,0.14285714285714285,6,6,GAAGTAGACCGGGGAGGGAT,0,537552
araCp,0.14285714285714285,6,6,GAAGGTTTAGAGGGAAAAAT,0,576871
araCp,0.14285714285714285,6,6,GAAGGTCCATCGCTAGTGTT,0,583117
araCp,0.14285714285714285,6,6,GAAGGGTACTACCTCGGTCG,0,545910
araCp,0.14285714285714285,6,6,GAAGCTCGGTGGCAAGTGCA,0,588353
araCp,0.14285714285714285,6,6,GAAGCCCGACATACAACGTT,0,590630
araCp,0.14285714285714285,6,6,GAAGAACTCTTTCAGCAAGC,0,601975
araCp,0.14285714285714285,6,6,GAACTGTCCACAATTACCGA,0,553862
araCp,0.14285714285714285,6,6,GAACTAGGACTACAAAAAAA,0,541014
araCp,0.14285714285714285,6,6,GAACGGCCTAAGTCAAGACA,0,565259
araCp,0.14285714285714285,6,6,GAACGCCAGTTAGGACAAGT,0,572570
araCp,0.14285714285714285,6,6,GAACGATGTCCTAGGTCTTA,0,534564
araCp,0.14285714285714285,6,6,GAACCTAGGCCGAGTACTTT,0,564416
araCp,0.14285714285714285,6,6,GAACCGTCACAGACTGTTTC,0,585345
araCp,0.14285714285714285,6,6,GAACAGTGGCTTCAGGTCGT,0,563272
araCp,0.14285714285714285,6,6,GAAATGCACTCTGCAGTCCC,0,601990
araCp,0.14285714285714285,6,6,GAAAGGAAGGTGTAGTTGAT,0,572460
araCp,0.14285714285714285,6,6,GAAAGCATCCCTCCTGGCTT,0,557052
araCp,0.14285714285714285,6,6,GAAAGCAGGGGTTCCTGTCG,0,545330
araCp,0.14285714285714285,6,6,GAAAGAGTCAAGCTTTGCCC,0,595502
araCp,0.14285714285714285,6,6,GAAAGAGGTAGCCACGGTCT,0,580258
araCp,0.14285714285714285,6,6,GAAAATTGCTTAAGTTGCAG,0,545516
araCp,0.14285714285714285,6,6,GAAAAGCGTTTACGGGTGCA,0,573086
araCp,0.14285714285714285,6,6,CTTTTTCCACAGGATTAGCG,0,588354
araCp,0.14285714285714285,6,6,CTTTCGCACATCGCGCCGTG,0,559986
araCp,0.14285714285714285,6,6,CTTTCAGGGTAATAACAAGT,0,593398
araCp,0.14285714285714285,6,6,CTTTATTGCATCGTGCGTCG,0,582880
araCp,0.14285714285714285,6,6,CTTTAGGAACACCACTTCGT,0,587645
araCp,0.14285714285714285,6,6,CTTGGCAGTTTTCGCACTGC,0,585431
araCp,0.14285714285714285,6,6,CTTGCAATATAATCGGGGTC,0,602308
araCp,0.14285714285714285,6,6,CTTGAGCATTGGTTAAGAGG,0,550788
araCp,0.14285714285714285,6,6,CTTCTTGCCGTGAGGCTGAT,0,557952
araCp,0.14285714285714285,6,6,CTTCGTCCGGTGGTAAACTA,0,553799
araCp,0.14285714285714285,6,6,CTTCGGGGATGACGGAGTTG,0,554075
araCp,0.14285714285714285,6,6,CTTCGAGTTCGGTGCTGGTA,0,577350
araCp,0.14285714285714285,6,6,CTTCGAGCGTGATCTTGCAT,0,550829
araCp,0.14285714285714285,6,6,CTTCCACCCCCTCTACTTAA,0,584691
araCp,0.14285714285714285,6,6,CTTCACAGGCTCTCGAGGTT,0,594967
araCp,0.14285714285714285,6,6,CTTATGGCGAACACTGCAGA,0,587058
araCp,0.14285714285714285,6,6,CTTATCTCAAGACTCAGGTC,0,570879
araCp,0.14285714285714285,6,6,CTTAGGGAGCGAGCCGCATC,0,571181
araCp,0.14285714285714285,6,6,CTTACCATGCCCGTCTGCTC,0,534995
araCp,0.14285714285714285,6,6,CTTAATGTTCTTGACACCAA,0,602772
araCp,0.14285714285714285,6,6,CTGTTTTCAACGCACTGCTT,0,569248
araCp,0.14285714285714285,6,6,CTGTGGTACAGGCCTTTCAA,0,533496
araCp,0.14285714285714285,6,6,CTGTCTTACCAGCCGGCGCG,0,564421
araCp,0.14285714285714285,6,6,CTGGGCATGGGTGACCGGTA,0,547862
araCp,0.14285714285714285,6,6,CTGGGACGGTACGGATCCCT,0,596778
araCp,0.14285714285714285,6,6,CTGGCTCCCCAGGGACCGAG,0,526832
araCp,0.14285714285714285,6,6,CTGGCGTACGATCGATCACA,0,602028
araCp,0.14285714285714285,6,6,CTGGAGCGGTCTAATTGACA,0,576570
araCp,0.14285714285714285,6,6,CTGCTTACCTGTACCAGACA,0,532451
araCp,0.14285714285714285,6,6,CTGCTGCTCTAGCGGCAGAT,0,565618
araCp,0.14285714285714285,6,6,CTGCTGAGTTCGGTGGCAAG,0,571031
araCp,0.14285714285714285,6,6,CTGCGACGGCACACTCATCC,0,555380
araCp,0.14285714285714285,6,6,CTGCCGACAGGGACCTGCTT,0,527640
araCp,0.14285714285714285,6,6,CTGATTTTTAGATAGCGCGC,0,584078
araCp,0.14285714285714285,6,6,CTGATTAAGCACCTTTGGAT,0,553924
araCp,0.14285714285714285,6,6,CTGAGTTACCGAATCTAAGC,0,568995
araCp,0.14285714285714285,6,6,CTGAGCTTGCTCCTCACGAG,0,538917
araCp,0.14285714285714285,6,6,CTGACTGTGCCACTGTCTGG,0,575718
araCp,0.14285714285714285,6,6,CTGAAAGTAAAAGCTAAAGC,0,572373
araCp,0.14285714285714285,6,6,CTGAAAGAACTGACCACAGA,0,572973
araCp,0.14285714285714285,6,6,CTGAAACTCGACAAGAGTAG,0,525957
araCp,0.14285714285714285,6,6,CTGAAAATCGTCTCCCCGCT,0,537352
araCp,0.14285714285714285,6,6,CTCTTGGTACCGGTGCGTAC,0,578514
araCp,0.14285714285714285,6,6,CTCTGGTGCTAGAAGGCCGA,0,564280
araCp,0.14285714285714285,6,6,CTCTGCTCGGGGTCAGCAAA,0,576940
araCp,0.14285714285714285,6,6,CTCTGACTCGGTATTTCGAT,0,540572
araCp,0.14285714285714285,6,6,CTCTAAACTTCTCTTCAGGG,0,568237
araCp,0.14285714285714285,6,6,CTCGGTGATGTAGTTTGGTG,0,593497
araCp,0.14285714285714285,6,6,CTCGGTATCCGACACAGGTG,0,561819
araCp,0.14285714285714285,6,6,CTCGCATAGGCATCAGCCAG,0,591234
araCp,0.14285714285714285,6,6,CTCCTCCCTACATGTAATTT,0,584936
araCp,0.14285714285714285,6,6,CTCCGTTTGGCCTTTGAACT,0,563575
araCp,0.14285714285714285,6,6,CTCCGCGAACGGACCTTTCT,0,599732
araCp,0.14285714285714285,6,6,CTCCAGGTGAAGCGGAAACT,0,602894
araCp,0.14285714285714285,6,6,CTCCACGTCACGTAGACACA,0,582321
araCp,0.14285714285714285,6,6,CTCATTGGCGAACACTCGAT,0,576065
araCp,0.14285714285714285,6,6,CTCATCCAGCGTGGGGGGTA,0,576823
araCp,0.14285714285714285,6,6,CTCATAGGGTCTGTTTACGT,0,559119
araCp,0.14285714285714285,6,6,CTCACATACAAGATTGTGGC,0,561053
araCp,0.14285714285714285,6,6,CTATTCCGGTGCTAGCTTAA,0,592274
araCp,0.14285714285714285,6,6,CTATGAAGGAAGTATGGAGT,0,603449
araCp,0.14285714285714285,6,6,CTATCGGCACCCGGATAGCT,0,562213
araCp,0.14285714285714285,6,6,CTAGTATAATCTTTGAGTCA,0,564443
araCp,0.14285714285714285,6,6,CTAGGTTACCCTTACGTGAA,0,548316
araCp,0.14285714285714285,6,6,CTAGGTGCCTAGGTTCAACT,0,601520
araCp,0.14285714285714285,6,6,CTAGGGTGGTTGGTTAAGCA,0,597397
araCp,0.14285714285714285,6,6,CTAGGGTCTCGGCCCCCTGG,0,559878
araCp,0.14285714285714285,6,6,CTAGCAAGGCGGCAGGGTCA,0,570926
araCp,0.14285714285714285,6,6,CTAGATCCGGGATCGCAGCA,0,530991
araCp,0.14285714285714285,6,6,CTAGATATAGTCAACGAGTA,0,546206
araCp,0.14285714285714285,6,6,CTAGACGCGCCAGAACAAGA,0,542211
araCp,0.14285714285714285,6,6,CTACGTCGATTCGGCTGTAC,0,559126
araCp,0.14285714285714285,6,6,CTACGAGGCCTGTGATTATA,0,593326
araCp,0.14285714285714285,6,6,CTACGACAAGGATCTCTATT,0,554090
araCp,0.14285714285714285,6,6,CTACAAGTTTGTCAATTAAC,0,544099
araCp,0.14285714285714285,6,6,CTAACCGAATAGCACAATGA,0,591389
araCp,0.14285714285714285,6,6,CTAACAATTATTTCTAGGCT,0,577172
araCp,0.14285714285714285,6,6,CGTTTGTCACATAAAGGCCT,0,601954
araCp,0.14285714285714285,6,6,CGTTTGGCTGCGTCAGGAAG,0,552359
araCp,0.14285714285714285,6,6,CGTTTCTAGCACAGCCGTAC,0,595182
araCp,0.14285714285714285,6,6,CGTTGGTGTCGTAAAGGGTC,0,585627
araCp,0.14285714285714285,6,6,CGTTGCTCAGCGGCAGATCG,0,533608
araCp,0.14285714285714285,6,6,CGTTGCGCCGGTGCAAGTAG,0,574800
araCp,0.14285714285714285,6,6,CGTTGCACTACGGCTGTGTG,0,529805
araCp,0.14285714285714285,6,6,CGTTCGCGACGTCACCAGTG,0,590781
araCp,0.14285714285714285,6,6,CGTTACCGACCCAATTAGGA,0,554371
araCp,0.14285714285714285,6,6,CGTTAAACCCCCGGCGGGCA,0,554265
araCp,0.14285714285714285,6,6,CGTGTTTTTAGGGCCGCGGC,0,574794
araCp,0.14285714285714285,6,6,CGTGCTGTCGTGGGTTGGAC,0,544896
araCp,0.14285714285714285,6,6,CGTCTTGTTCTGCGGCCTAT,0,547176
araCp,0.14285714285714285,6,6,CGTCTTCGGTTAGCGTACAA,0,533663
araCp,0.14285714285714285,6,6,CGTCGGTCCTCGGTTACCAG,0,582691
araCp,0.14285714285714285,6,6,CGTCCTCATTTACTTGCAGT,0,525725
araCp,0.14285714285714285,6,6,CGTCACGTTTATGTTTTTCT,0,587694
araCp,0.14285714285714285,6,6,CGTAGGCCTTTGTTCGACTT,0,571451
araCp,0.14285714285714285,6,6,CGTACACCTTCGTACTTTCA,0,569852
araCp,0.14285714285714285,6,6,CGTAACACTCTGGGGCACTC,0,574189
araCp,0.14285714285714285,6,6,CGGTTTGCTGAGTTAAACCT,0,527685
araCp,0.14285714285714285,6,6,CGGTTGCCCGGATCCAGTAA,0,585415
araCp,0.14285714285714285,6,6,CGGTGGAGTTCTGGAATGTA,0,545074
araCp,0.14285714285714285,6,6,CGGTCGTTAATCTATATCTC,0,591108
araCp,0.14285714285714285,6,6,CGGTCGCGCTTGATTAGGGT,0,540513
araCp,0.14285714285714285,6,6,CGGGTGCAGTTCGATGTTTG,0,539739
araCp,0.14285714285714285,6,6,CGGGTAGGCTTTGAATTCTG,0,529620
araCp,0.14285714285714285,6,6,CGGGTACACAATTTCACAAA,0,537981
araCp,0.14285714285714285,6,6,CGGGGTGCACCATCGTTATC,0,575702
araCp,0.14285714285714285,6,6,CGGGGTATATTATGCCTTGT,0,563582
araCp,0.14285714285714285,6,6,CGGGGATGGTGGATGTCGGG,0,575963
araCp,0.14285714285714285,6,6,CGGGCGGTGCAGCAGGTGGG,0,598095
araCp,0.14285714285714285,6,6,CGGGCACTTTTACAGAAGCA,0,599343
araCp,0.14285714285714285,6,6,CGGGATCCGTTCAGACCCCT,0,575565
araCp,0.14285714285714285,6,6,CGGCTTTTAAGAGCGGTAAA,0,560551
araCp,0.14285714285714285,6,6,CGGCTATGTGCCGAGGTTCA,0,595161
araCp,0.14285714285714285,6,6,CGGCGTGTCGTGTGCCTCAC,0,575999
araCp,0.14285714285714285,6,6,CGGCCTTCTGTGTGGGAGTA,0,531852
araCp,0.14285714285714285,6,6,CGGCCCGGTATAAAGATTGA,0,572863
araCp,0.14285714285714285,6,6,CGGCACTTCTAGGTAGAAAC,0,593876
araCp,0.14285714285714285,6,6,CGGATGCATGTAGTGTAACT,0,593498
araCp,0.14285714285714285,6,6,CGGAGGTATACAAAGCTTAG,0,600007
araCp,0.14285714285714285,6,6,CGGACGAGGTTGTTTCTAGG,0,530062
araCp,0.14285714285714285,6,6,CGGACCGATATGCGGCAAAT,0,597067
araCp,0.14285714285714285,6,6,CGGAATGCGCCTAAACACAA,0,536906
araCp,0.14285714285714285,6,6,CGGAACAACTCAACTCCGGA,0,563384
araCp,0.14285714285714285,6,6,CGCTTTGTCAGTGAACTGCA,0,555796
araCp,0.14285714285714285,6,6,CGCTTCCCGGGCGTGTGACG,0,571801
araCp,0.14285714285714285,6,6,CGCTGTATTTAGCGTGTATC,0,588339
araCp,0.14285714285714285,6,6,CGCTGACCACACCAAGACAT,0,535259
araCp,0.14285714285714285,6,6,CGCTCGCGTTTACGTGACGC,0,525564
araCp,0.14285714285714285,6,6,CGCTCCATAGTGACATACTC,0,562070
araCp,0.14285714285714285,6,6,CGCTAGCCAGGACGTGGCCA,0,596009
araCp,0.14285714285714285,6,6,CGCTACTCTACCGAGAGTCC,0,546287
araCp,0.14285714285714285,6,6,CGCTACAGTTGAAAGATAGT,0,526503
araCp,0.14285714285714285,6,6,CGCGTTTCAGTTTGCGTAAT,0,533528
araCp,0.14285714285714285,6,6,CGCGTATCTAATCAAATTCC,0,539426
araCp,0.14285714285714285,6,6,CGCGCTGGGAGCCGCGGAAT,0,566144
araCp,0.14285714285714285,6,6,CGCGCATAGCGAGTAACTGG,0,543214
araCp,0.14285714285714285,6,6,CGCGACCGACCGGATCACAG,0,592284
araCp,0.14285714285714285,6,6,CGCGAAAAACCCAGAGTAAT,0,542068
araCp,0.14285714285714285,6,6,CGCCTAAGCCTTCAAGGCGC,0,556862
araCp,0.14285714285714285,6,6,CGCCGTATCAAGTGCTTCAG,0,543530
araCp,0.14285714285714285,6,6,CGCCAGTATTAAAAGCCAGG,0,594704
araCp,0.14285714285714285,6,6,CGCATAGTTCATTGTATTCA,0,566932
araCp,0.14285714285714285,6,6,CGCAGGGATGATAGTATTAC,0,538141
araCp,0.14285714285714285,6,6,CGCAGGCTTTGACCACAAGT,0,568902
araCp,0.14285714285714285,6,6,CGCAGAGAAGGCGTGGGTTA,0,575877
araCp,0.14285714285714285,6,6,CGCACCTAGGGCTCTCCCAT,0,532803
araCp,0.14285714285714285,6,6,CGCAATTCACCAGCGATCTA,0,571850
araCp,0.14285714285714285,6,6,CGATTTGATCTTTGATAAAT,0,594227
araCp,0.14285714285714285,6,6,CGATTTAGGGACTCAGTTGG,0,555891
araCp,0.14285714285714285,6,6,CGATTGTCGTCGTGGGAGCT,0,590853
araCp,0.14285714285714285,6,6,CGATCGACGCGGACTTTTGC,0,583622
araCp,0.14285714285714285,6,6,CGATCCATATAAACTGCGAT,0,531774
araCp,0.14285714285714285,6,6,CGATCAGTCGGCTTCAACGT,0,539321
araCp,0.14285714285714285,6,6,CGATATACCCCCAGTGATGT,0,532780
araCp,0.14285714285714285,6,6,CGAGCTCACGAGCAGTGGAT,0,535674
araCp,0.14285714285714285,6,6,CGACTGGAGAGCAAGAATTC,0,597574
araCp,0.14285714285714285,6,6,CGACGTCTCTCAAGTGTCGG,0,584820
araCp,0.14285714285714285,6,6,CGACGCTGGTCCAACCATTT,0,591954
araCp,0.14285714285714285,6,6,CGACGCCGATAGGAGTCTCT,0,574494
araCp,0.14285714285714285,6,6,CGACCCGGCAAAACCGACCC,0,586076
araCp,0.14285714285714285,6,6,CGACCCAGACGTGTAGACAA,0,594936
araCp,0.14285714285714285,6,6,CGACCAAATCTATCGGCTTT,0,592818
araCp,0.14285714285714285,6,6,CGAATTGCAGAAGGTTAGGG,0,564454
araCp,0.14285714285714285,6,6,CGAATGGACAGACAGGTAGA,0,529411
araCp,0.14285714285714285,6,6,CGAAGGGGCCGATTCTCACC,0,587910
araCp,0.14285714285714285,6,6,CGAAATTTTCGCTGGCCTTG,0,549408
araCp,0.14285714285714285,6,6,CGAAAGGGTACATTAGGATT,0,570504
araCp,0.14285714285714285,6,6,CGAAACACCGTCTTTCTCCA,0,544477
araCp,0.14285714285714285,6,6,CCTTTGCTTCTTCGAGGCTA,0,558620
araCp,0.14285714285714285,6,6,CCTTTGCGCCGGCTTGGTGT,0,552186
araCp,0.14285714285714285,6,6,CCTTTCTCGCGATCTTACGT,0,549784
araCp,0.14285714285714285,6,6,CCTTTCCACGATTTAAATGT,0,576717
araCp,0.14285714285714285,6,6,CCTTGGTGTTTTTACAGTTT,0,538911
araCp,0.14285714285714285,6,6,CCTTCTGTAGAATAATTTGA,0,597350
araCp,0.14285714285714285,6,6,CCTTCGAGACTAAATGTCAA,0,570650
araCp,0.14285714285714285,6,6,CCTTACCCCGGCACTGCTAG,0,557010
araCp,0.14285714285714285,6,6,CCTGTGATTGCGCGTGGACT,0,555588
araCp,0.14285714285714285,6,6,CCTGTACGGCTTGTAGCTTA,0,526805
araCp,0.14285714285714285,6,6,CCTGGCTCCGTTGGTACTTA,0,580616
araCp,0.14285714285714285,6,6,CCTGGACTGGGTGCCCGGGT,0,585030
araCp,0.14285714285714285,6,6,CCTGCAGCGCTCGAGTTACT,0,557471
araCp,0.14285714285714285,6,6,CCTCGTGCGGCAGAGCCCTG,0,585566
araCp,0.14285714285714285,6,6,CCTCGACTATGCATTCAGGT,0,587117
araCp,0.14285714285714285,6,6,CCTCATGTCGTAACGTCACT,0,545393
araCp,0.14285714285714285,6,6,CCTCAGCTTTGTTGGTTTCG,0,546584
araCp,0.14285714285714285,6,6,CCTCAGATGGACCTAAGGCA,0,541361
araCp,0.14285714285714285,6,6,CCTATTTTCGAGACCACCTC,0,572120
araCp,0.14285714285714285,6,6,CCTATGCGTGGTAAATCATT,0,598091
araCp,0.14285714285714285,6,6,CCTATGCCATAGCCGTCTTC,0,554536
araCp,0.14285714285714285,6,6,CCTAGTGTAGGGCATTTGCA,0,535703
araCp,0.14285714285714285,6,6,CCGTTTTGTTTGGGTCGCCC,0,592761
araCp,0.14285714285714285,6,6,CCGTTTCTCCACATTGTAAC,0,600834
araCp,0.14285714285714285,6,6,CCGTTGGATTCTTGATGAAT,0,575211
araCp,0.14285714285714285,6,6,CCGTGTCACACTGCGTCGTT,0,586252
araCp,0.14285714285714285,6,6,CCGTGGCAGTAGGCATGCCC,0,547317
araCp,0.14285714285714285,6,6,CCGTCCGGATGGCCTGCCTC,0,593858
araCp,0.14285714285714285,6,6,CCGGTTCGTTATAAAGAAGG,0,571979
araCp,0.14285714285714285,6,6,CCGGTGCAATGAACATGAAT,0,553992
araCp,0.14285714285714285,6,6,CCGGTCAAGTGGGCTGGTGC,0,564643
araCp,0.14285714285714285,6,6,CCGGGGTGATCATGTTAGAT,0,560353
araCp,0.14285714285714285,6,6,CCGGGCTAAAATTACGCGCT,0,603273
araCp,0.14285714285714285,6,6,CCGGCTGGGGTGGTTTATGT,0,584917
araCp,0.14285714285714285,6,6,CCGGCTCTACTTGTTACCAC,0,597253
araCp,0.14285714285714285,6,6,CCGGCTAGTCGAGCGACTGA,0,535198
araCp,0.14285714285714285,6,6,CCGGCCAGCGTCACATCAAT,0,534154
araCp,0.14285714285714285,6,6,CCGGACGGGAAGGGCGTGAG,0,536834
araCp,0.14285714285714285,6,6,CCGGACCGGTACGCTTTTGG,0,552905
araCp,0.14285714285714285,6,6,CCGCTGTGAAGGCCTACCGT,0,535874
araCp,0.14285714285714285,6,6,CCGCGGTCTTAGGGAGAGGT,0,567306
araCp,0.14285714285714285,6,6,CCGCGCGCATTAATCCGACG,0,552194
araCp,0.14285714285714285,6,6,CCGCGACCGCTAGGATACAG,0,568607
araCp,0.14285714285714285,6,6,CCGCCTATTAGGAACGTACT,0,557260
araCp,0.14285714285714285,6,6,CCGCCGGGTGAGACGGTCGC,0,585761
araCp,0.14285714285714285,6,6,CCGAGGTGTGACGCTACGTG,0,593008
araCp,0.14285714285714285,6,6,CCGAGCTGTGATGATCGCCT,0,528724
araCp,0.14285714285714285,6,6,CCGACCGCCCACTCGAACGG,0,602659
araCp,0.14285714285714285,6,6,CCGACATGATGTGACTAACA,0,592659
araCp,0.14285714285714285,6,6,CCGAATTTCACGCATGAAAG,0,575564
araCp,0.14285714285714285,6,6,CCGAAAGGCGGGAGTTAAGG,0,533740
araCp,0.14285714285714285,6,6,CCCTTTGCTCCAGTGGTATT,0,547970
araCp,0.14285714285714285,6,6,CCCTTGCGCGGGGGGCGACC,0,563015
araCp,0.14285714285714285,6,6,CCCTTAGGTTATCTCCCCAA,0,598285
araCp,0.14285714285714285,6,6,CCCTGTCGGGGAAACCGCGC,0,597353
araCp,0.14285714285714285,6,6,CCCTATGTCCCGTTACAGGT,0,581529
araCp,0.14285714285714285,6,6,CCCTAGCGTGAATTTTTTAA,0,546073
araCp,0.14285714285714285,6,6,CCCTAACTGAGAGCTCACCA,0,589753
araCp,0.14285714285714285,6,6,CCCGCGTGTCCGCGGCACTA,0,531499
araCp,0.14285714285714285,6,6,CCCGCAGTATTAGGTAGAAG,0,561490
araCp,0.14285714285714285,6,6,CCCGAGGCTCGCCCGCAGGA,0,539308
araCp,0.14285714285714285,6,6,CCCGACAGAAGAAAACTTCA,0,577573
araCp,0.14285714285714285,6,6,CCCGAAAAGTACCATCCCGG,0,571775
araCp,0.14285714285714285,6,6,CCCCTTAAGCAGGCTCATTG,0,552401
araCp,0.14285714285714285,6,6,CCCCGTGCTGTCATGTTGTT,0,529595
araCp,0.14285714285714285,6,6,CCCCGTGCAGCTCGGAGGGG,0,578460
araCp,0.14285714285714285,6,6,CCCCCTTTTCATTTCGGATG,0,602778
araCp,0.14285714285714285,6,6,CCCCCGTCCCCTAGCAGATC,0,562571
araCp,0.14285714285714285,6,6,CCCATCTGTTAGTAATTCGA,0,526195
araCp,0.14285714285714285,6,6,CCCATCCTATAAGCGGCGCA,0,603545
araCp,0.14285714285714285,6,6,CCCAGTCTACCACAACCTCG,0,579410
araCp,0.14285714285714285,6,6,CCCAGGTTTTAACCTACAAC,0,539389
araCp,0.14285714285714285,6,6,CCCACCTAGTGATCGGTGCA,0,532470
araCp,0.14285714285714285,6,6,CCCAATCTTTTGAGAACGAT,0,557565
araCp,0.14285714285714285,6,6,CCATTGACGTCTAATACTAC,0,578346
araCp,0.14285714285714285,6,6,CCATTCGCGTAAGGAGCTAC,0,581764
araCp,0.14285714285714285,6,6,CCATTCCGCGTGCATCATCA,0,532430
araCp,0.14285714285714285,6,6,CCATGTCGCGCGCGAATAGA,0,560958
araCp,0.14285714285714285,6,6,CCATGGGTAAGCAGTACAGA,0,598957
araCp,0.14285714285714285,6,6,CCATGGGCTATCCCTGACTG,0,573026
araCp,0.14285714285714285,6,6,CCATACTTAAGTTTTTCTCA,0,581800
araCp,0.14285714285714285,6,6,CCAGGGTCTAGAACTTTCAC,0,550423
araCp,0.14285714285714285,6,6,CCAGGCCTGATGCGTGAAGT,0,573476
araCp,0.14285714285714285,6,6,CCAGCTTTTGTTTCGCTTTG,0,531711
araCp,0.14285714285714285,6,6,CCAGAGACTTGTCACAGACG,0,547160
araCp,0.14285714285714285,6,6,CCAGACATAGCAGAGCTCCA,0,588828
araCp,0.14285714285714285,6,6,CCACTTACCCGTCAGTCAGT,0,571126
araCp,0.14285714285714285,6,6,CCACTGGAAAAAGTTGACTA,0,549082
araCp,0.14285714285714285,6,6,CCACTCGAGTTGCGGCACCA,0,594672
araCp,0.14285714285714285,6,6,CCACGCCAACTGAGACATAC,0,578437
araCp,0.14285714285714285,6,6,CCACGCAACGTGCTCGTCGG,0,588501
araCp,0.14285714285714285,6,6,CCACGATAGACCGCGGTCTG,0,543226
araCp,0.14285714285714285,6,6,CCACCAGGTAGGGGTGTGTG,0,591355
araCp,0.14285714285714285,6,6,CCAATTACATTTCATTCACA,0,559942
araCp,0.14285714285714285,6,6,CCAATCGCCCATCGTGGTCC,0,589869
araCp,0.14285714285714285,6,6,CCAATATTTAAGCTGCTATT,0,602091
araCp,0.14285714285714285,6,6,CCAAGTCGCACCCGGTCATT,0,568725
araCp,0.14285714285714285,6,6,CCAAGCATCCCCTGAATATT,0,575880
araCp,0.14285714285714285,6,6,CCAAGATTTAGTCTCTATCG,0,562385
araCp,0.14285714285714285,6,6,CCAAGACACCGAGATAGGGT,0,599665
araCp,0.14285714285714285,6,6,CCAACGCTCTTGCTCTGTCT,0,538126
araCp,0.14285714285714285,6,6,CCAACCGCGAAAAGGGTGGG,0,599623
araCp,0.14285714285714285,6,6,CCAAAGCGCAGTCCTGAACG,0,528183
araCp,0.14285714285714285,6,6,CCAAAGAACTTGCCGCTGGC,0,549818
araCp,0.14285714285714285,6,6,CATTTCAGTTGTCTTTTGAG,0,587591
araCp,0.14285714285714285,6,6,CATTGGGAAAGGACCCGTAC,0,547553
araCp,0.14285714285714285,6,6,CATTGGACTCCCAGACAGTT,0,573234
araCp,0.14285714285714285,6,6,CATTGATAAGTAGCGTGGAC,0,552889
araCp,0.14285714285714285,6,6,CATTACGCAAACACGACTGT,0,556145
araCp,0.14285714285714285,6,6,CATTACCAGGCGGGGATGAT,0,564886
araCp,0.14285714285714285,6,6,CATGTGGGGACTATTGTATT,0,581737
araCp,0.14285714285714285,6,6,CATGTCCTTTTATGTAGCGT,0,588985
araCp,0.14285714285714285,6,6,CATGGGGCAGCCCCACATTA,0,541918
araCp,0.14285714285714285,6,6,CATGAGCGATACAAGTCATC,0,566381
araCp,0.14285714285714285,6,6,CATGAAGGTAAAACACGGTA,0,549989
araCp,0.14285714285714285,6,6,CATCTGATCAAGGAAGTATT,0,529349
araCp,0.14285714285714285,6,6,CATCGTCGGGACAAGTCCTG,0,563010
araCp,0.14285714285714285,6,6,CATCATCTACCATCGGGGCT,0,562747
araCp,0.14285714285714285,6,6,CATCAAAGTGTATCAGCCAG,0,533910
araCp,0.14285714285714285,6,6,CATATTATAAAAGATAAAGT,0,530547
araCp,0.14285714285714285,6,6,CATATCTGGGAGAACCCTGG,0,587994
araCp,0.14285714285714285,6,6,CATATATATCAGGTCGCACT,0,586551
araCp,0.14285714285714285,6,6,CATACTGCGCATAGACGTGT,0,540231
araCp,0.14285714285714285,6,6,CATACCCAGTTAGACTATAG,0,597769
araCp,0.14285714285714285,6,6,CAGTTCTTCTCGTTGTTAGA,0,562182
araCp,0.14285714285714285,6,6,CAGTGGTGCATACGCACTAT,0,538409
araCp,0.14285714285714285,6,6,CAGTGGTGATAGGGTAAGCG,0,583774
araCp,0.14285714285714285,6,6,CAGTGGGTTGGGCGAGCCGA,0,543157
araCp,0.14285714285714285,6,6,CAGTGCGGGAGGATCAATAA,0,535566
araCp,0.14285714285714285,6,6,CAGTGCATCGGTCAGATTTA,0,542109
araCp,0.14285714285714285,6,6,CAGTAGGGATCTGCGTACAC,0,571822
araCp,0.14285714285714285,6,6,CAGTAGACGCCGGATACGCG,0,587110
araCp,0.14285714285714285,6,6,CAGTACGCTAGACCGGAACG,0,535624
araCp,0.14285714285714285,6,6,CAGGTTACAATCCAGATCGA,0,590954
araCp,0.14285714285714285,6,6,CAGGTATACGGACCTGGGAA,0,538769
araCp,0.14285714285714285,6,6,CAGGGTTTTACATGTTAACT,0,550555
araCp,0.14285714285714285,6,6,CAGGCTCTATTACACCCGAT,0,534195
araCp,0.14285714285714285,6,6,CAGGCTCCGCCGACCAACTA,0,586884
araCp,0.14285714285714285,6,6,CAGGCGGAGAACAATGGTCT,0,581608
araCp,0.14285714285714285,6,6,CAGGAGTAGCACATACCAGT,0,527078
araCp,0.14285714285714285,6,6,CAGGACCCCAAGTAAATCCT,0,599118
araCp,0.14285714285714285,6,6,CAGCTGTGTCCGAGCCGCGG,0,581126
araCp,0.14285714285714285,6,6,CAGCTATCCTCGCATAAGCA,0,564342
araCp,0.14285714285714285,6,6,CAGCGTGGCAGGCTAGCCAG,0,583146
araCp,0.14285714285714285,6,6,CAGCGGGACTTGAAGCGCCC,0,563936
araCp,0.14285714285714285,6,6,CAGCGGCACTCAAGATCTTA,0,567805
araCp,0.14285714285714285,6,6,CAGCCCACCAGTAAATTGTT,0,536284
araCp,0.14285714285714285,6,6,CAGCACTGGCCGCCTATAGC,0,541936
araCp,0.14285714285714285,6,6,CAGCACGCTTAAAGCAATGA,0,528602
araCp,0.14285714285714285,6,6,CAGATTTCTTGTCATTAAAC,0,583995
araCp,0.14285714285714285,6,6,CAGAGGCACCTTGGCATACA,0,552316
araCp,0.14285714285714285,6,6,CAGAGACTCCTTGCCATAAT,0,596871
araCp,0.14285714285714285,6,6,CAGACGTGTTGGTGATTAGT,0,593354
araCp,0.14285714285714285,6,6,CAGACACCTTGCCCGCGATC,0,589877
araCp,0.14285714285714285,6,6,CAGAAATAGTCATTTGTTAA,0,575612
araCp,0.14285714285714285,6,6,CACTTACAACCGTTGAGGAT,0,559568
araCp,0.14285714285714285,6,6,CACTGCCGGCGCGCTGCTTT,0,558428
araCp,0.14285714285714285,6,6,CACTGACGCTGTGAGTGAGT,0,539648
araCp,0.14285714285714285,6,6,CACTCGCGTTTTAATAGAGT,0,563809
araCp,0.14285714285714285,6,6,CACGTAATCCATACATTCCT,0,534545
araCp,0.14285714285714285,6,6,CACGGTTCGAGATAGGGAGT,0,578013
araCp,0.14285714285714285,6,6,CACGGTAGGTTGTAACGGGA,0,556980
araCp,0.14285714285714285,6,6,CACGGGGGAGCCGATAAGCA,0,535480
araCp,0.14285714285714285,6,6,CACGAGTGGCCTTGATATGA,0,579285
araCp,0.14285714285714285,6,6,CACCGTGTGGGCTAAGTCAC,0,580495
araCp,0.14285714285714285,6,6,CACCCTCGAGGGGAACGCTG,0,576044
araCp,0.14285714285714285,6,6,CACCCTATTGTGGTACGAAT,0,596531
araCp,0.14285714285714285,6,6,CACCCGTGTATGCTTATAAA,0,570838
araCp,0.14285714285714285,6,6,CACCCCGAACTGGATACTGT,0,601617
araCp,0.14285714285714285,6,6,CACCATTGTGCACATGGCAC,0,562565
araCp,0.14285714285714285,6,6,CACCATGCGAGGATTTACCT,0,555887
araCp,0.14285714285714285,6,6,CACATCCCGTCTGCTGGTCA,0,538695
araCp,0.14285714285714285,6,6,CACATAGCAATTGACTTTTT,0,560452
araCp,0.14285714285714285,6,6,CACAGTTGAAGTAGTTCATA,0,534696
araCp,0.14285714285714285,6,6,CACAGAGAAGCCATCCTGAT,0,540117
araCp,0.14285714285714285,6,6,CACAATCTTCAACCCGTCGT,0,602166
araCp,0.14285714285714285,6,6,CACAAGCCTGAGTACTCAAC,0,575855
araCp,0.14285714285714285,6,6,CAATGGTAAATAGCGGTCTT,0,541499
araCp,0.14285714285714285,6,6,CAATCCTAAAAGTGGCTGTA,0,580370
araCp,0.14285714285714285,6,6,CAATATAGCTGAAATTCTTT,0,587868
araCp,0.14285714285714285,6,6,CAATAGTCTTTAACATCGCG,0,549055
araCp,0.14285714285714285,6,6,CAATACCACCGATAGAGCAT,0,556597
araCp,0.14285714285714285,6,6,CAATAAATAGTAAACGTCCG,0,546163
araCp,0.14285714285714285,6,6,CAAGTCCATCCGTTCAAGCA,0,597431
araCp,0.14285714285714285,6,6,CAAGGTGCCCTAATGCCTTC,0,532646
araCp,0.14285714285714285,6,6,CAAGCCACCGAAGTTTGAGA,0,525884
araCp,0.14285714285714285,6,6,CAAGCATGTCGGGTGATGGT,0,571851
araCp,0.14285714285714285,6,6,CAAGAACGCTCTCTGGTCGT,0,561451
araCp,0.14285714285714285,6,6,CAACTGGTTGAGCAGTATTA,0,539245
araCp,0.14285714285714285,6,6,CAACTCCGCTGTTCCCGGGG,0,584575
araCp,0.14285714285714285,6,6,CAACGGAAGACTAGGAGTCA,0,595032
araCp,0.14285714285714285,6,6,CAACGCAGCGTCATTGGATT,0,600316
araCp,0.14285714285714285,6,6,CAACCGGGTTAGGGCATCAG,0,528491
araCp,0.14285714285714285,6,6,CAACCGCCTATTAGACAAAC,0,530185
araCp,0.14285714285714285,6,6,CAACCCTCCAAGATGTGATC,0,560797
araCp,0.14285714285714285,6,6,CAACACAGATTTACAGTGAG,0,597788
araCp,0.14285714285714285,6,6,CAACAACGTTCCGCCACGCT,0,561143
araCp,0.14285714285714285,6,6,CAACAAACCACCGCTCCTCA,0,578335
araCp,0.14285714285714285,6,6,CAAATGTGCGTGCAGGAGAA,0,575696
araCp,0.14285714285714285,6,6,CAAATCTAGTGTCAAGCATA,0,589459
araCp,0.14285714285714285,6,6,CAAAGCAAGGCCCGGACAGA,0,526483
araCp,0.14285714285714285,6,6,CAAACTGCTTTCCTAGTAGT,0,537998
araCp,0.14285714285714285,6,6,CAAAAGAGTACTGGCCTTCT,0,545954
araCp,0.14285714285714285,6,6,ATTTTTGTATGAGACCATCT,0,534293
araCp,0.14285714285714285,6,6,ATTTTAGCTCGCTTACTGTT,0,552616
araCp,0.14285714285714285,6,6,ATTTTAAGTCTACGGCCTAT,0,527758
araCp,0.14285714285714285,6,6,ATTTGGACTTTCATCAAGCT,0,526051
araCp,0.14285714285714285,6,6,ATTTCCGCTTGGGAAGTTGG,0,591871
araCp,0.14285714285714285,6,6,ATTTATGGATCGACTCTAAT,0,548411
araCp,0.14285714285714285,6,6,ATTTAACTAGGCTTGGCTCG,0,543955
araCp,0.14285714285714285,6,6,ATTGGTCCAATGCAAATGCC,0,597666
araCp,0.14285714285714285,6,6,ATTGGGGTCATCTATTTCCA,0,590209
araCp,0.14285714285714285,6,6,ATTGCCAACAGGTAGATGAG,0,573120
araCp,0.14285714285714285,6,6,ATTGAGCTTGTCGCAGCAGT,0,586040
araCp,0.14285714285714285,6,6,ATTGAAGCATACCTCCTTCG,0,563081
araCp,0.14285714285714285,6,6,ATTCTAATTTGACGGCACCT,0,591440
araCp,0.14285714285714285,6,6,ATTCTAAAAACGCGATCATA,0,536439
araCp,0.14285714285714285,6,6,ATTCGTTAACACATACGTAG,0,598381
araCp,0.14285714285714285,6,6,ATTCGTCATACTGTCAGCCA,0,527387
araCp,0.14285714285714285,6,6,ATTCACGCTAAGGAAGAGAG,0,549335
araCp,0.14285714285714285,6,6,ATTCAAATAATCATGCCGAC,0,569731
araCp,0.14285714285714285,6,6,ATTATAAGCACGTACTACCA,0,551763
araCp,0.14285714285714285,6,6,ATTAGTATTCCTTGCATTAC,0,571458
araCp,0.14285714285714285,6,6,ATTAGTACTAGCGGTTTGGT,0,557905
araCp,0.14285714285714285,6,6,ATTAGGCAAACGCCAGTGCG,0,540866
araCp,0.14285714285714285,6,6,ATTAGCTAGAATACTCTGCG,0,583068
araCp,0.14285714285714285,6,6,ATTACCTGGATAAAGCGAAT,0,601083
araCp,0.14285714285714285,6,6,ATTAAGGTGACTGCAGATAG,0,557762
araCp,0.14285714285714285,6,6,ATTAAATAATCTGACCTATA,0,596006
araCp,0.14285714285714285,6,6,ATGTTAGAGACGGTAAAGGT,0,599488
araCp,0.14285714285714285,6,6,ATGTCTACTGATTACAGGAA,0,603532
araCp,0.14285714285714285,6,6,ATGTCTACAGTCAAACAGTA,0,580521
araCp,0.14285714285714285,6,6,ATGTCGTCATTGGTAGGGGA,0,597250
araCp,0.14285714285714285,6,6,ATGTCGGGCAACTCCACGAA,0,579565
araCp,0.14285714285714285,6,6,ATGTAGAATGACTCTCGAAG,0,575067
araCp,0.14285714285714285,6,6,ATGTACTCGTCTCCTGTTCA,0,596725
araCp,0.14285714285714285,6,6,ATGGGTGCACTTTGACAGTT,0,586391
araCp,0.14285714285714285,6,6,ATGGGGTCATAAAGGGAAGT,0,545443
araCp,0.14285714285714285,6,6,ATGGGGCAGGAATCAGGTTC,0,601251
araCp,0.14285714285714285,6,6,ATGGCCCTCGGCGGTGCGTC,0,538607
araCp,0.14285714285714285,6,6,ATGGACAGTGTTAGACGGGT,0,591697
araCp,0.14285714285714285,6,6,ATGCTATTGTCTACCTGGCG,0,527742
araCp,0.14285714285714285,6,6,ATGCTACATCGGATCGCATT,0,571616
araCp,0.14285714285714285,6,6,ATGCGATGCACGGCTGTGAA,0,563499
araCp,0.14285714285714285,6,6,ATGCCGAGCTCCTGCGGCAT,0,559168
araCp,0.14285714285714285,6,6,ATGCAACTTCGCATCTTTGT,0,599214
araCp,0.14285714285714285,6,6,ATGATGGGACGTGACTGGCG,0,547312
araCp,0.14285714285714285,6,6,ATGATACCAGTGCGCGCAGG,0,578132
araCp,0.14285714285714285,6,6,ATGAGTGTTGCCATGTGGAT,0,563222
araCp,0.14285714285714285,6,6,ATGAGGCTCGTCAACAAGCC,0,528641
araCp,0.14285714285714285,6,6,ATGAGCGCTGATGAACTGAT,0,571205
araCp,0.14285714285714285,6,6,ATGAGACCAACCCCAGCCCT,0,532208
araCp,0.14285714285714285,6,6,ATGACCCCTTTCGTGAGCCG,0,577398
araCp,0.14285714285714285,6,6,ATGAACTATACTCACGGCAG,0,586098
araCp,0.14285714285714285,6,6,ATGAAATTTGACGCGGGGTT,0,572245
araCp,0.14285714285714285,6,6,ATGAAATGATGCTTTAAAAG,0,534303
araCp,0.14285714285714285,6,6,ATCTTTTTCGTTATTGATGC,0,581447
araCp,0.14285714285714285,6,6,ATCTGCAAGTAAAGGCCCAT,0,549870
araCp,0.14285714285714285,6,6,ATCTGATCACTCTGGTAGGC,0,584572
araCp,0.14285714285714285,6,6,ATCTAGGGCAAGATAGGCAT,0,552769
araCp,0.14285714285714285,6,6,ATCGGACCTTTCTCACGTAG,0,552242
araCp,0.14285714285714285,6,6,ATCGACTCGCTGAGTCCACA,0,595316
araCp,0.14285714285714285,6,6,ATCCTGTCAGACTCTAGTAG,0,584848
araCp,0.14285714285714285,6,6,ATCCCTGATCCGGGCGCAAT,0,531988
araCp,0.14285714285714285,6,6,ATCCCGTCAATTCCTATCCA,0,581779
araCp,0.14285714285714285,6,6,ATCCCCTCCAGCTCCGACGC,0,574348
araCp,0.14285714285714285,6,6,ATCCAGGTCAAGCTTGCCAC,0,602573
araCp,0.14285714285714285,6,6,ATCCAATCTCTCTCGGCTTT,0,602827
araCp,0.14285714285714285,6,6,ATCACTGAGCGATATGTTGC,0,543615
araCp,0.14285714285714285,6,6,ATCACGAGGCTGGCCGGTGC,0,587228
araCp,0.14285714285714285,6,6,ATCAACGATGTACCCGGGTC,0,567693
araCp,0.14285714285714285,6,6,ATATTACAGGTAGTTGAAAG,0,534471
araCp,0.14285714285714285,6,6,ATATGGTCACCTGCTAAAAG,0,556946
araCp,0.14285714285714285,6,6,ATATCTGATTCCTAGTCCAT,0,557585
araCp,0.14285714285714285,6,6,ATATCGTTCTTTATCCCAAA,0,534935
araCp,0.14285714285714285,6,6,ATATCCTAACTTGGTAGCAA,0,553482
araCp,0.14285714285714285,6,6,ATATCAAGTGATGGGGTTGC,0,567393
araCp,0.14285714285714285,6,6,ATATATGGTTTGATTTTTGC,0,582884
araCp,0.14285714285714285,6,6,ATATATATGTGGAAGGAATG,0,529224
araCp,0.14285714285714285,6,6,ATAGTTTCAAAACGCTTCAA,0,563488
araCp,0.14285714285714285,6,6,ATAGTTACTATTTCAACCGG,0,535461
araCp,0.14285714285714285,6,6,ATAGTGGAGCCTACGAAGTT,0,596423
araCp,0.14285714285714285,6,6,ATAGTGCATTTCAGTGTTCT,0,568716
araCp,0.14285714285714285,6,6,ATAGTACCGCAGTGAACGTA,0,557586
araCp,0.14285714285714285,6,6,ATAGCGACCGCAAAATACAT,0,526084
araCp,0.14285714285714285,6,6,ATACTACGATTGCTATCGGT,0,600888
araCp,0.14285714285714285,6,6,ATACGTAGTACCCACGGTTT,0,590882
araCp,0.14285714285714285,6,6,ATACATACTCTCCCAGTGAG,0,594927
araCp,0.14285714285714285,6,6,ATACACTTATTTTTGTTCGT,0,553773
araCp,0.14285714285714285,6,6,ATACAATGGAGCATTAACTC,0,532690
araCp,0.14285714285714285,6,6,ATACAAGCACGGGTTACAGG,0,592606
araCp,0.14285714285714285,6,6,ATAATTTTTGCAGTATGGAT,0,591642
araCp,0.14285714285714285,6,6,ATAATTGAGGCACGTGCGGT,0,544890
araCp,0.14285714285714285,6,6,ATAATTATGTGTATCTCATG,0,567846
araCp,0.14285714285714285,6,6,ATAATGGAAATGTTCCCTAA,0,535589
araCp,0.14285714285714285,6,6,ATAAGGAACCGGCGAGGCTA,0,592629
araCp,0.14285714285714285,6,6,ATAACACGTTCTGGACCCCA,0,543536
araCp,0.14285714285714285,6,6,ATAAATCACGTTTACACGCA,0,598808
araCp,0.14285714285714285,6,6,ATAAATAGCCATATTCCGAG,0,548363
araCp,0.14285714285714285,6,6,ATAAAGCAAGTGCCGAACAC,0,536444
araCp,0.14285714285714285,6,6,ATAAACCAGTGTCAAAAGGC,0,557046
araCp,0.14285714285714285,6,6,AGTTGCATGGAGGTTACGTT,0,588066
araCp,0.14285714285714285,6,6,AGTTCTTAGGGTCAGGCACA,0,587358
araCp,0.14285714285714285,6,6,AGTTACCCCTTCACTTTGAG,0,556003
araCp,0.14285714285714285,6,6,AGTTAAAATGCGAATCGGAC,0,562292
araCp,0.14285714285714285,6,6,AGTGTTATTTCGTAGGTGGA,0,529727
araCp,0.14285714285714285,6,6,AGTGGTTCAACTTTAGAGAT,0,576056
araCp,0.14285714285714285,6,6,AGTGCTTCTATTTAACCGTC,0,576536
araCp,0.14285714285714285,6,6,AGTGAGTTAATTAAGGGCCA,0,547400
araCp,0.14285714285714285,6,6,AGTGAAAATGGACGATAGTC,0,567612
araCp,0.14285714285714285,6,6,AGTCAGGCTAGATTCCGTAC,0,545025
araCp,0.14285714285714285,6,6,AGTCAGACTCAGCACACTAT,0,581301
araCp,0.14285714285714285,6,6,AGTACCCAGGTGGGAATGGA,0,597517
araCp,0.14285714285714285,6,6,AGTAATTTGTCGGGGGGATC,0,564709
araCp,0.14285714285714285,6,6,AGTAATTACCCTGACGGACG,0,576520
araCp,0.14285714285714285,6,6,AGGTTTCTTTTTAGATCGGT,0,587935
araCp,0.14285714285714285,6,6,AGGTTCGTGAACGGGCCAGC,0,561193
araCp,0.14285714285714285,6,6,AGGTTACCTGGAATTGAAAA,0,557293
araCp,0.14285714285714285,6,6,AGGTGCTTAGGCGGAGGATC,0,602506
araCp,0.14285714285714285,6,6,AGGTGCCGGTTGTCACCTGT,0,558924
araCp,0.14285714285714285,6,6,AGGTATCGGGCGAGTTGCGG,0,554954
araCp,0.14285714285714285,6,6,AGGTAAGGGGGGTGGACTAA,0,545386
araCp,0.14285714285714285,6,6,AGGTAAATTAGCAGGCTAGG,0,540956
araCp,0.14285714285714285,6,6,AGGGTCCAGTCATTTGCGCT,0,584175
araCp,0.14285714285714285,6,6,AGGGGTGAAAGTCCGTGAGG,0,558378
araCp,0.14285714285714285,6,6,AGGGCCTACGTTCTATTCGC,0,582166
araCp,0.14285714285714285,6,6,AGGGCCGAAGCTGTACGAAC,0,600083
araCp,0.14285714285714285,6,6,AGGCTTGCTTTCGTAGGGCA,0,586263
araCp,0.14285714285714285,6,6,AGGCTAGGTCGTATTGACCA,0,559775
araCp,0.14285714285714285,6,6,AGGCGTCTATATGGCAGCTG,0,551725
araCp,0.14285714285714285,6,6,AGGCGTATGCGAGCAGCCTT,0,558661
araCp,0.14285714285714285,6,6,AGGCGTAGACCGCAGGTCAG,0,581364
araCp,0.14285714285714285,6,6,AGGCGATGGCGGAGGGGTTA,0,603610
araCp,0.14285714285714285,6,6,AGGCCGCTCACATAATATAA,0,587512
araCp,0.14285714285714285,6,6,AGGCATTTGTTTGGTAAAGG,0,534550
araCp,0.14285714285714285,6,6,AGGCATTCTAGGGAAGATAA,0,572002
araCp,0.14285714285714285,6,6,AGGCAACCGAAATGCGGAGT,0,546132
araCp,0.14285714285714285,6,6,AGGATCGATTCCTTTGGGCA,0,572984
araCp,0.14285714285714285,6,6,AGGAGTAATTTCTGCTACGG,0,589158
araCp,0.14285714285714285,6,6,AGGAGGGGGGTATTCCAGAG,0,596283
araCp,0.14285714285714285,6,6,AGGAGCGTGCGTATATTGGG,0,534349
araCp,0.14285714285714285,6,6,AGGACTCGTGCCGAAGAGGC,0,559058
araCp,0.14285714285714285,6,6,AGGACTAAGCGTAGATGCTG,0,597994
araCp,0.14285714285714285,6,6,AGGACGTTGTCCATTCAGAT,0,537516
araCp,0.14285714285714285,6,6,AGGACCACGTAACGGCAACT,0,573435
araCp,0.14285714285714285,6,6,AGGAAGTGGAGCTGCCGTGT,0,552813
araCp,0.14285714285714285,6,6,AGGAACGTCCGGTGCCTTCC,0,548414
araCp,0.14285714285714285,6,6,AGCTGCTTCATAACTTGAGG,0,564972
araCp,0.14285714285714285,6,6,AGCTGCCGATGATGTGTAGG,0,569883
araCp,0.14285714285714285,6,6,AGCTGAACATTTTCGGCATC,0,525676
araCp,0.14285714285714285,6,6,AGCTCCACTCCGATTATCCC,0,537589
araCp,0.14285714285714285,6,6,AGCTATATACTTCGCTCCGA,0,576129
araCp,0.14285714285714285,6,6,AGCTAGCCGACCAGTGGTCG,0,537632
araCp,0.14285714285714285,6,6,AGCGTACCGCGGACCGTGGC,0,593964
araCp,0.14285714285714285,6,6,AGCGGAGCCGCAGGCTGATC,0,580713
araCp,0.14285714285714285,6,6,AGCGCGATCCAGTTTTTAGA,0,569358
araCp,0.14285714285714285,6,6,AGCGAGTAAAAGTGTATGTT,0,590049
araCp,0.14285714285714285,6,6,AGCGAAACCTCCGAAGGACA,0,550596
araCp,0.14285714285714285,6,6,AGCCCGCTAAGTGTGCCAGT,0,540270
araCp,0.14285714285714285,6,6,AGCCATCATTTAGTCTTATT,0,529807
araCp,0.14285714285714285,6,6,AGCATGGATTTAAAAACGCC,0,535230
araCp,0.14285714285714285,6,6,AGCATACAAAAGATTATCAG,0,599728
araCp,0.14285714285714285,6,6,AGCAGTTAAGGTGAGTTGTT,0,531724
araCp,0.14285714285714285,6,6,AGCAGGGCGAGCCCCACATT,0,590053
araCp,0.14285714285714285,6,6,AGCAGCTACTTGACTCCTGG,0,545662
araCp,0.14285714285714285,6,6,AGCACAAACGCATTGTTAGG,0,533215
araCp,0.14285714285714285,6,6,AGCAATGTCAATGGCAGGAG,0,571104
araCp,0.14285714285714285,6,6,AGCAAGCATGAATGACAGCG,0,578140
araCp,0.14285714285714285,6,6,AGATGGACGGAATGCGAGTG,0,600066
araCp,0.14285714285714285,6,6,AGATGATGTTTACACTCATT,0,584398
araCp,0.14285714285714285,6,6,AGATGAAGAGAATCGCATGA,0,590711
araCp,0.14285714285714285,6,6,AGATGAACTGGGTGGGCTCG,0,551058
araCp,0.14285714285714285,6,6,AGAGTTGAGCTCCGGCCACA,0,597508
araCp,0.14285714285714285,6,6,AGAGTTATGTAGCCCCCTAT,0,553053
araCp,0.14285714285714285,6,6,AGAGTCCATTTTGTAGCGGA,0,546398
araCp,0.14285714285714285,6,6,AGAGTATTTCGTGTCCTCGA,0,548360
araCp,0.14285714285714285,6,6,AGAGTACGTTGTATGTCGAT,0,537673
araCp,0.14285714285714285,6,6,AGAGGCTATGACGGGTGTGA,0,549620
araCp,0.14285714285714285,6,6,AGAGCTCCCACGTTTAAACT,0,582883
araCp,0.14285714285714285,6,6,AGAGATTTACGGGGATGCCT,0,589423
araCp,0.14285714285714285,6,6,AGAGACGGAGGGATTCTATG,0,590790
araCp,0.14285714285714285,6,6,AGACTAAGGGTACAGCCACA,0,597029
araCp,0.14285714285714285,6,6,AGACGCAGTCCGCTGAAGCT,0,535817
araCp,0.14285714285714285,6,6,AGACCGTATACAGGATCTTA,0,563688
araCp,0.14285714285714285,6,6,AGACAGGGAAGGGCACCAGT,0,598281
araCp,0.14285714285714285,6,6,AGACAGGCCGTTCAGCTTAT,0,550278
araCp,0.14285714285714285,6,6,AGACAATGGAGCAGATTTGA,0,584965
araCp,0.14285714285714285,6,6,AGAATTTGTCTTCTTCGTCT,0,594075
araCp,0.14285714285714285,6,6,AGAATTAATCACCGCTGAAT,0,588955
araCp,0.14285714285714285,6,6,AGAATAGTGGACGCGCGTAA,0,569967
araCp,0.14285714285714285,6,6,AGAAGTGGTGGTAAAACACA,0,547276
araCp,0.14285714285714285,6,6,AGAAGTAGGCCTCGTAGATC,0,525890
araCp,0.14285714285714285,6,6,AGAAGGGGAAAAGGGTCATT,0,559469
araCp,0.14285714285714285,6,6,AGAACGTAGAGTATTGTCGT,0,532431
araCp,0.14285714285714285,6,6,AGAACAACCTTAGCCGGTCA,0,564967
araCp,0.14285714285714285,6,6,AGAAATTCCACAATAGGTTA,0,544248
araCp,0.14285714285714285,6,6,AGAAACGTACCGCTAGGGTT,0,570296
araCp,0.14285714285714285,6,6,ACTTTCCCAGACAGAACAGT,0,541281
araCp,0.14285714285714285,6,6,ACTTGCCCGGCCGACACGGG,0,596696
araCp,0.14285714285714285,6,6,ACTTGATGTGCTAGAAGTAT,0,554800
araCp,0.14285714285714285,6,6,ACTTCGTCTTTTCATGAGAT,0,566688
araCp,0.14285714285714285,6,6,ACTTCACGGTCTTCGGGACT,0,597932
araCp,0.14285714285714285,6,6,ACTTAATCTGGATTTGAAAC,0,535987
araCp,0.14285714285714285,6,6,ACTGAACCATGGTGATGCAA,0,580440
araCp,0.14285714285714285,6,6,ACTCTGAGTAGTCCGTTCTA,0,550734
araCp,0.14285714285714285,6,6,ACTCGTTGCTGCCCCGCCGT,0,540138
araCp,0.14285714285714285,6,6,ACTCGGGGGTCGTCGCACGT,0,568184
araCp,0.14285714285714285,6,6,ACTCCTACATCTAATGAAGG,0,543769
araCp,0.14285714285714285,6,6,ACTCCATAGGCAAATCCTAG,0,585300
araCp,0.14285714285714285,6,6,ACTCAAGTCAGTCCGCGGCT,0,547364
araCp,0.14285714285714285,6,6,ACGTTTGTCCTCGGACGTCA,0,553045
araCp,0.14285714285714285,6,6,ACGTTCCGCATGCGACGAGG,0,531929
araCp,0.14285714285714285,6,6,ACGTGTCAACCAGAACTTGG,0,531485
araCp,0.14285714285714285,6,6,ACGTGGTTTGAGCCAGGAGT,0,562180
araCp,0.14285714285714285,6,6,ACGTGCCTTACGGTAGGTGA,0,602490
araCp,0.14285714285714285,6,6,ACGTCCGTTTTGGTGTAGTC,0,549534
araCp,0.14285714285714285,6,6,ACGTAGGCGAATAGGTGCAG,0,577209
araCp,0.14285714285714285,6,6,ACGTAATCTTATGCAGGCAT,0,586637
araCp,0.14285714285714285,6,6,ACGTAACAACAGTCGGGGCA,0,585535
araCp,0.14285714285714285,6,6,ACGGTTTCCTCGTGTATGTA,0,584136
araCp,0.14285714285714285,6,6,ACGGTCATTTGGAAGTCACT,0,579212
araCp,0.14285714285714285,6,6,ACGGGTTCATTAATAGAGAC,0,580220
araCp,0.14285714285714285,6,6,ACGGGTACTGGCTCTCTAGA,0,584828
araCp,0.14285714285714285,6,6,ACGGGGCAGAAGTTACCAGG,0,573717
araCp,0.14285714285714285,6,6,ACGGGCGATCCACCACTCCT,0,554374
araCp,0.14285714285714285,6,6,ACGGGATTGTTAAAAAATGA,0,530250
araCp,0.14285714285714285,6,6,ACGGGAAGATTGCTATGCTG,0,591661
araCp,0.14285714285714285,6,6,ACGCGGTACTACCGGTAGGC,0,533439
araCp,0.14285714285714285,6,6,ACGCGGCTCCCGTATGTTTC,0,540026
araCp,0.14285714285714285,6,6,ACGCCTCGGGTTCAAGCAGC,0,589258
araCp,0.14285714285714285,6,6,ACGCCCGGCATTGGGTATAG,0,562779
araCp,0.14285714285714285,6,6,ACGCCATCTGAAATGAAGAA,0,600790
araCp,0.14285714285714285,6,6,ACGAGCGAAGGATTCGATCC,0,548453
araCp,0.14285714285714285,6,6,ACGAGAGCTGTAGAAGAAAA,0,535044
araCp,0.14285714285714285,6,6,ACGACACGCGTACGTCTGGC,0,560056
araCp,0.14285714285714285,6,6,ACGACACATTCGTTGCGGCG,0,590959
araCp,0.14285714285714285,6,6,ACGACAAGTGCGCACGCAGA,0,534150
araCp,0.14285714285714285,6,6,ACGAAGACTAAACTGGCGTA,0,567160
araCp,0.14285714285714285,6,6,ACGAACTGGTGCCATGTTCC,0,537894
araCp,0.14285714285714285,6,6,ACCTGTGTTTACTAATCCAT,0,536838
araCp,0.14285714285714285,6,6,ACCTATTGGGTTAGGGTGCA,0,572189
araCp,0.14285714285714285,6,6,ACCTATTCGCGGCTCCTCTA,0,553481
araCp,0.14285714285714285,6,6,ACCTAATCCCCTGGTGTACA,0,541955
araCp,0.14285714285714285,6,6,ACCTAAGGCAATTATCCAGA,0,595654
araCp,0.14285714285714285,6,6,ACCTAACATGGAGGTTATCT,0,598075
araCp,0.14285714285714285,6,6,ACCGTTGTTAGCGAGTGACT,0,575021
araCp,0.14285714285714285,6,6,ACCGCGAACGAATCTGTTTC,0,553064
araCp,0.14285714285714285,6,6,ACCGCCTATGGTCAACGTCG,0,585015
araCp,0.14285714285714285,6,6,ACCGCATAACCGGACCAACA,0,576621
araCp,0.14285714285714285,6,6,ACCGACCAGTCGCAAATCAC,0,602590
araCp,0.14285714285714285,6,6,ACCCTTACGTGCGGCCAACT,0,554913
araCp,0.14285714285714285,6,6,ACCCGTTAGGCTTGATAAGT,0,559660
araCp,0.14285714285714285,6,6,ACCCGAGCAAAACCGTACAC,0,559833
araCp,0.14285714285714285,6,6,ACCCATTGAGGGCAAAGGTG,0,602661
araCp,0.14285714285714285,6,6,ACCCAGTAGTGCCAGTAGTA,0,536069
araCp,0.14285714285714285,6,6,ACCCACGTTATTGTCAAATC,0,576459
araCp,0.14285714285714285,6,6,ACCAGACGTAGTGAGTTTAC,0,560531
araCp,0.14285714285714285,6,6,ACCACTTCGTTGACCGGGGA,0,533826
araCp,0.14285714285714285,6,6,ACCACCGGGCAAGGAAGGCT,0,587974
araCp,0.14285714285714285,6,6,ACCAAGAATTGGCCGTAAAT,0,536856
araCp,0.14285714285714285,6,6,ACATTCTGGGGTTGTACACG,0,582610
araCp,0.14285714285714285,6,6,ACATTCGGAGGGTTGGGGCA,0,594386
araCp,0.14285714285714285,6,6,ACATGGTCAGCATCGCCATA,0,602886
araCp,0.14285714285714285,6,6,ACATGGGGTCAGTTGTAGCG,0,550686
araCp,0.14285714285714285,6,6,ACATGCGGTCCTAAGACTTA,0,587076
araCp,0.14285714285714285,6,6,ACATCTTTTACAGCTGATCC,0,575755
araCp,0.14285714285714285,6,6,ACAGTCGCAGTAATAAGACT,0,585255
araCp,0.14285714285714285,6,6,ACAGGTTCGAGGGGGAACGA,0,542001
araCp,0.14285714285714285,6,6,ACAGGTACGTGCCGATATTA,0,594065
araCp,0.14285714285714285,6,6,ACAGGCCCAGGAGTTTGGAC,0,565751
araCp,0.14285714285714285,6,6,ACAGGAGCATCAATAGGCTT,0,544703
araCp,0.14285714285714285,6,6,ACAGATCAAGTTATGAACTT,0,531295
araCp,0.14285714285714285,6,6,ACAGAATACCCGCTCAGTGT,0,597523
araCp,0.14285714285714285,6,6,ACAGAAGGCGGGCGCCAGCA,0,560585
araCp,0.14285714285714285,6,6,ACACCCGTGTGGAAAACTGT,0,603282
araCp,0.14285714285714285,6,6,ACACCCGGCTGTTTAACCGT,0,572918
araCp,0.14285714285714285,6,6,ACACAAGCCGTGTAACTGTG,0,544054
araCp,0.14285714285714285,6,6,ACAATCATTAGGCTCTGCTA,0,580924
araCp,0.14285714285714285,6,6,ACAAGCGGGTAGGGAATATA,0,532829
araCp,0.14285714285714285,6,6,ACAAGAGGATTGCGTGCTGA,0,599290
araCp,0.14285714285714285,6,6,ACAACAACGGTTGGGGCGAG,0,576942
araCp,0.14285714285714285,6,6,AATTTTTCCCAGGATCGGAG,0,561178
araCp,0.14285714285714285,6,6,AATTCAACTAGGATTTACAA,0,552812
araCp,0.14285714285714285,6,6,AATTACTCAACCAGAAGAAA,0,550441
araCp,0.14285714285714285,6,6,AATGGTCCGAACGCGGTCGG,0,536617
araCp,0.14285714285714285,6,6,AATGCCAGTGGGTCATATAC,0,530385
araCp,0.14285714285714285,6,6,AATGCACTACTGCCCGGGTT,0,526869
araCp,0.14285714285714285,6,6,AATGCAATGGGCAGACGACA,0,580380
araCp,0.14285714285714285,6,6,AATGATTACGTTAGCTGGTA,0,541888
araCp,0.14285714285714285,6,6,AATGAGGCCATGTGTAACAG,0,528863
araCp,0.14285714285714285,6,6,AATGACGGCTATTGTAATCT,0,531983
araCp,0.14285714285714285,6,6,AATCTCGGTACCCTTCATTG,0,572734
araCp,0.14285714285714285,6,6,AATCTCAACAAGTGATCCGG,0,589875
araCp,0.14285714285714285,6,6,AATCGGTCATGGGTATTCTA,0,601188
araCp,0.14285714285714285,6,6,AATCCGGACATCAAGCGCTC,0,594040
araCp,0.14285714285714285,6,6,AATCCCGAGCACTCCACGGG,0,603583
araCp,0.14285714285714285,6,6,AATCACAACGGGACTACAAT,0,550641
araCp,0.14285714285714285,6,6,AATCAAGTATTGATTAACAA,0,546499
araCp,0.14285714285714285,6,6,AATATGATCTGCACAATCGA,0,579801
araCp,0.14285714285714285,6,6,AATATCATTATGCTTTTTGT,0,580041
araCp,0.14285714285714285,6,6,AATAGTCGGCCATGTCGGAG,0,544963
araCp,0.14285714285714285,6,6,AATAGTCCCAGTGATGTGTG,0,585500
araCp,0.14285714285714285,6,6,AATAGGGGTTGCAGTGCGGC,0,536896
araCp,0.14285714285714285,6,6,AATACCTCTCCTTGCGTCTC,0,526171
araCp,0.14285714285714285,6,6,AATACCAGGGAGACCCGCGT,0,598294
araCp,0.14285714285714285,6,6,AAGTTTAGCCAACTGTTCTG,0,569876
araCp,0.14285714285714285,6,6,AAGTTTACCTGCTCGCGTCA,0,564267
araCp,0.14285714285714285,6,6,AAGTTTAAGCCCAGGTCTGC,0,588417
araCp,0.14285714285714285,6,6,AAGTTCAATAGTGCTACATG,0,556722
araCp,0.14285714285714285,6,6,AAGTTATAGGCCGTTGCCAA,0,530845
araCp,0.14285714285714285,6,6,AAGTGTGAGTGCTGGAAGCG,0,557371
araCp,0.14285714285714285,6,6,AAGTCTACAGCAACCCAGTG,0,597300
araCp,0.14285714285714285,6,6,AAGGTCTAGCATTTTATCTA,0,594708
araCp,0.14285714285714285,6,6,AAGGGTACCTTAAGTAGCGG,0,583185
araCp,0.14285714285714285,6,6,AAGGCTTCGCGCAGATCTGG,0,559214
araCp,0.14285714285714285,6,6,AAGGACTCCGTTCATACCCG,0,543590
araCp,0.14285714285714285,6,6,AAGGACGGGCTCTAATAGTT,0,588083
araCp,0.14285714285714285,6,6,AAGCTGCCCGCGAATGACTA,0,570466
araCp,0.14285714285714285,6,6,AAGCTACTGCAACGGCACCT,0,556185
araCp,0.14285714285714285,6,6,AAGCGTGACATCACTCTCGC,0,550784
araCp,0.14285714285714285,6,6,AAGCGGTTTGGGTGCAGGCG,0,534198
araCp,0.14285714285714285,6,6,AAGCGAGTTTATTGCATAAG,0,528221
araCp,0.14285714285714285,6,6,AAGCCAAATAGTAAGCGGGA,0,535748
araCp,0.14285714285714285,6,6,AAGCATACTCGGGACGACGT,0,580378
araCp,0.14285714285714285,6,6,AAGATTCCGTCTCACACCGG,0,593785
araCp,0.14285714285714285,6,6,AAGAGCGCGCTCGGGCGGTA,0,561222
araCp,0.14285714285714285,6,6,AAGACTACCTGACCATGTCT,0,570013
araCp,0.14285714285714285,6,6,AAGACATCCCTTAATCTATT,0,557830
araCp,0.14285714285714285,6,6,AAGACAAAAGCGCTACCTTG,0,587930
araCp,0.14285714285714285,6,6,AAGAAGTAGCCCCCCATGTG,0,575210
araCp,0.14285714285714285,6,6,AACTTAGAAGCCTTTAAATT,0,597988
araCp,0.14285714285714285,6,6,AACTGTTAAAGTGCGTAAGA,0,527482
araCp,0.14285714285714285,6,6,AACTGTCATTGCTTGCAGGT,0,579909
araCp,0.14285714285714285,6,6,AACTGATCGCAACAGCGGGT,0,537549
araCp,0.14285714285714285,6,6,AACTGAGCGAATTGCGCCAC,0,528385
araCp,0.14285714285714285,6,6,AACTCGCTTACATCCATATT,0,565126
araCp,0.14285714285714285,6,6,AACTCGCATTTATGCAACTC,0,549751
araCp,0.14285714285714285,6,6,AACTCGAGGGTTCGGACGAA,0,589089
araCp,0.14285714285714285,6,6,AACTCCTAAATGCATTGGAA,0,564871
araCp,0.14285714285714285,6,6,AACGGTTGGGTACGCACCTC,0,554334
araCp,0.14285714285714285,6,6,AACGCGAACGCAACAGTCAC,0,574183
araCp,0.14285714285714285,6,6,AACGAATTTCTGGTCAGTGC,0,535317
araCp,0.14285714285714285,6,6,AACGAATTCTCCGTTCTAGG,0,526967
araCp,0.14285714285714285,6,6,AACCTAAATGAGATAGACTG,0,542687
araCp,0.14285714285714285,6,6,AACCGCTTAAAGCCAACGAA,0,590133
araCp,0.14285714285714285,6,6,AACCATCTAGGGGTCGGCAT,0,575002
araCp,0.14285714285714285,6,6,AACCACTTACGATCGAAGAC,0,546951
araCp,0.14285714285714285,6,6,AACCACTGATGCGGCCAGGG,0,539941
araCp,0.14285714285714285,6,6,AACCAAGGAGTAGCTTTGGT,0,590627
araCp,0.14285714285714285,6,6,AACAGGTCGGTATCCACATC,0,601994
araCp,0.14285714285714285,6,6,AACAGGGGGTAGTGCCAGGT,0,569084
araCp,0.14285714285714285,6,6,AACAATGTTGTCGATTTGAT,0,569634
araCp,0.14285714285714285,6,6,AAATTAAACCTCACTGCCGT,0,571558
araCp,0.14285714285714285,6,6,AAATGAGGGGCACCTGTCCA,0,568940
araCp,0.14285714285714285,6,6,AAATCGTCATAGTAGGCTAT,0,552116
araCp,0.14285714285714285,6,6,AAATCGGCAAGTCCCAGTGG,0,535567
araCp,0.14285714285714285,6,6,AAATCAGCGATGATATAAGT,0,566895
araCp,0.14285714285714285,6,6,AAATCAGATCGACACAGAAC,0,560727
araCp,0.14285714285714285,6,6,AAATATAGAAGTAGCTTGGT,0,561280
araCp,0.14285714285714285,6,6,AAATAATGGCCCAGGGCTTG,0,574187
araCp,0.14285714285714285,6,6,AAAGTTGTGATACAAGCTCA,0,588838
araCp,0.14285714285714285,6,6,AAAGTGACTGCCATGGGGTC,0,582370
araCp,0.14285714285714285,6,6,AAAGTGACCCTTTAAGGCCG,0,588962
araCp,0.14285714285714285,6,6,AAAGGCACTAACTAACGTTA,0,571687
araCp,0.14285714285714285,6,6,AAAGGAAAGGTCTCGAGGCT,0,528722
araCp,0.14285714285714285,6,6,AAAGAGAACAAGGTTGAAGT,0,550349
araCp,0.14285714285714285,6,6,AAACTGTCCCTTCACTAGAT,0,557074
araCp,0.14285714285714285,6,6,AAACGTGGCCTAAGGATCAG,0,550616
araCp,0.14285714285714285,6,6,AAACCATGTTCCCCATTAAC,0,535697
araCp,0.14285714285714285,6,6,AAACATCGCTCTGCAGTCTT,0,602096
araCp,0.14285714285714285,6,6,AAAACTTCCGGATGGTTCCT,0,538799
araCp,0.14285714285714285,6,6,AAAACTCATCTAGCCGCTGG,0,552968
araCp,0.14285714285714285,6,6,AAAACGGTGAACTCGCGCGC,0,543328
araCp,0.14285714285714285,6,6,AAAACGGCAAACCATTGATC,0,532062
araCp,0.14285714285714285,6,6,AAAACAATAGACAACAAAAT,0,597736
araCp,0.14285714285714285,6,6,AAAAACTGTAGGGGTCTCGA,0,549963
araCp,0.16666666666666666,5,5,TTTTTCTCGCAGATGACGAA,0,548098
araCp,0.16666666666666666,5,5,TTTTGTTGAAGCGATCATCA,0,574453
araCp,0.16666666666666666,5,5,TTTTGTACAATGGATTCTCA,0,553252
araCp,0.16666666666666666,5,5,TTTTGGGCGCCTTTTGCAAA,0,603023
araCp,0.16666666666666666,5,5,TTTTGGCGCTCTCTCTTATG,0,568383
araCp,0.16666666666666666,5,5,TTTTGCGCAACGGATATAAT,0,594024
araCp,0.16666666666666666,5,5,TTTTCTATGGGCAGATTGAG,0,567831
araCp,0.16666666666666666,5,5,TTTTCTAAAAGATCGCTCAT,0,555370
araCp,0.16666666666666666,5,5,TTTGGGTGTGCTACTTTAGA,0,573194
araCp,0.16666666666666666,5,5,TTTGGGTGAATATTAGCCAA,0,536346
araCp,0.16666666666666666,5,5,TTTGGCCTCGAGATCAACGA,0,570644
araCp,0.16666666666666666,5,5,TTTGCTCAGCGGAGATCCTC,0,563143
araCp,0.16666666666666666,5,5,TTTGCGGTACGCAGGCGACT,0,529606
araCp,0.16666666666666666,5,5,TTTGCAGCACACGTGCTCGG,0,533073
araCp,0.16666666666666666,5,5,TTTGAAGCTTTTGCCCTTTA,0,584447
araCp,0.16666666666666666,5,5,TTTCTGATTGGATCTCTACT,0,573918
araCp,0.16666666666666666,5,5,TTTCGTATGCCCGCAGGTCT,0,539171
araCp,0.16666666666666666,5,5,TTTCGGCAATCCACTGACCT,0,540286
araCp,0.16666666666666666,5,5,TTTCGACTCAGAATGGACCT,0,546203
araCp,0.16666666666666666,5,5,TTTCACAGCATGATGAGATT,0,563681
araCp,0.16666666666666666,5,5,TTTATCTCTCTCGTGGGAAA,0,561922
araCp,0.16666666666666666,5,5,TTTAGTAGGTCTTGTTCGCC,0,598769
araCp,0.16666666666666666,5,5,TTTAGGTATTTGATGTCACA,0,559318
araCp,0.16666666666666666,5,5,TTTACTTGATGCGTCGCCTA,0,538136
araCp,0.16666666666666666,5,5,TTTACGACGTCCGAGAGGCT,0,540414
araCp,0.16666666666666666,5,5,TTTAATCAGACATTCTCGGA,0,535940
araCp,0.16666666666666666,5,5,TTTAACAAGATTTTAGGATA,0,600138
araCp,0.16666666666666666,5,5,TTGTTTCGAGGAAATCAGTC,0,559386
araCp,0.16666666666666666,5,5,TTGTTGGGGACGTGCCGATT,0,577199
araCp,0.16666666666666666,5,5,TTGTTGAATACGTTCTTGCA,0,574009
araCp,0.16666666666666666,5,5,TTGTTCCCTGTCATATTGCA,0,588411
araCp,0.16666666666666666,5,5,TTGTTACCGGTTCCGATTAT,0,584364
araCp,0.16666666666666666,5,5,TTGTGCGCCCATGGTCGCAA,0,530982
araCp,0.16666666666666666,5,5,TTGTGCCTGGCTATTTATCA,0,584147
araCp,0.16666666666666666,5,5,TTGTGAGATACGGTATGTGC,0,572744
araCp,0.16666666666666666,5,5,TTGTCCTCTCGGGTAGCTAC,0,569408
araCp,0.16666666666666666,5,5,TTGTATGGATTAGGCACAGT,0,585502
araCp,0.16666666666666666,5,5,TTGTAGGCCTATTTAAATAT,0,562399
araCp,0.16666666666666666,5,5,TTGTAGATTAAACCAGTATT,0,540768
araCp,0.16666666666666666,5,5,TTGGTTCACGGGACGTCAAT,0,574915
araCp,0.16666666666666666,5,5,TTGGTCTCTGGTCTGTTCCA,0,580266
araCp,0.16666666666666666,5,5,TTGGTATTTCTTGCCTGTTA,0,599447
araCp,0.16666666666666666,5,5,TTGGGTGATCGCCTTGTTGG,0,567069
araCp,0.16666666666666666,5,5,TTGGGTAGCTCGTTCACGTG,0,550314
araCp,0.16666666666666666,5,5,TTGGGTAGAGCTGCTCCACA,0,587347
araCp,0.16666666666666666,5,5,TTGGGGAAGCGTAGCATAAT,0,589500
araCp,0.16666666666666666,5,5,TTGGGCTGGACGGGGTCGGA,0,580890
araCp,0.16666666666666666,5,5,TTGGCTGGCCCAAGCCGGAT,0,544925
araCp,0.16666666666666666,5,5,TTGGCCTATAGCCTGAGTAC,0,590708
araCp,0.16666666666666666,5,5,TTGGATTTCGAGTCCTCATT,0,581255
araCp,0.16666666666666666,5,5,TTGGAGAATAGCCAGATAGG,0,531957
araCp,0.16666666666666666,5,5,TTGCTGTCCCTGTAATGTAC,0,588432
araCp,0.16666666666666666,5,5,TTGCTAGCCGTGCACGTGAA,0,601657
araCp,0.16666666666666666,5,5,TTGCGTGGAGGGACGTAAAC,0,592945
araCp,0.16666666666666666,5,5,TTGCGTGCGATTCCCAGAGT,0,561519
araCp,0.16666666666666666,5,5,TTGCCTTGTACCAGTGTTAC,0,537211
araCp,0.16666666666666666,5,5,TTGCCTTCTCCTCTCCCCGC,0,542380
araCp,0.16666666666666666,5,5,TTGCCGTACGACTATCTATA,0,571127
araCp,0.16666666666666666,5,5,TTGCAATACAATAGGATACC,0,554483
araCp,0.16666666666666666,5,5,TTGCAAATAAGGATTAAAAC,0,527070
araCp,0.16666666666666666,5,5,TTGATCGTTGACACAATCCG,0,573731
araCp,0.16666666666666666,5,5,TTGATAGCTTCCGTGCATAC,0,593176
araCp,0.16666666666666666,5,5,TTGACGTTACTAAAGTGCCT,0,594240
araCp,0.16666666666666666,5,5,TTGAATCGGCAACACCCGGT,0,542829
araCp,0.16666666666666666,5,5,TTCTGCTATATGTGGCTAAG,0,585737
araCp,0.16666666666666666,5,5,TTCTCGACGGGCACGCATAT,0,557748
araCp,0.16666666666666666,5,5,TTCTACTGTAGGAGCCAAAG,0,592106
araCp,0.16666666666666666,5,5,TTCTAAGAGTACCCTGACGG,0,540217
araCp,0.16666666666666666,5,5,TTCTAACGAAATAGACAGGG,0,534292
araCp,0.16666666666666666,5,5,TTCGTGAGGAACACAACGAT,0,599831
araCp,0.16666666666666666,5,5,TTCGGCGGAGGGCCACAACT,0,539124
araCp,0.16666666666666666,5,5,TTCGGAACGAGAAGCGCTTC,0,583563
araCp,0.16666666666666666,5,5,TTCGCTTCGGTAACGTACCT,0,586829
araCp,0.16666666666666666,5,5,TTCGCCGTAGGACCCAAACT,0,599407
araCp,0.16666666666666666,5,5,TTCGACTACGCTATGCAAAA,0,579513
araCp,0.16666666666666666,5,5,TTCGACCTCTTTATTCCAAT,0,525905
araCp,0.16666666666666666,5,5,TTCGAATTTATGCTTCGGAT,0,550911
araCp,0.16666666666666666,5,5,TTCCTACTAGGGGGCACAAA,0,602292
araCp,0.16666666666666666,5,5,TTCCGCTGGGACCCCTAGTA,0,589870
araCp,0.16666666666666666,5,5,TTCCGCGTAATAAGTGCTCA,0,551819
araCp,0.16666666666666666,5,5,TTCCACGTAATAATGGGTAC,0,543207
araCp,0.16666666666666666,5,5,TTCCAACCAGTGATGTCACG,0,528321
araCp,0.16666666666666666,5,5,TTCAAGTAACATACATGAGG,0,544324
araCp,0.16666666666666666,5,5,TTCAAGCAATACACCTAGAA,0,586280
araCp,0.16666666666666666,5,5,TTATTTGCAGTCGCGCGCGC,0,574742
araCp,0.16666666666666666,5,5,TTATTCTTAACTCAAATGTT,0,540394
araCp,0.16666666666666666,5,5,TTATTCGTCATTTACGTAAC,0,526128
araCp,0.16666666666666666,5,5,TTATATCAAAATAGCCTAGA,0,570049
araCp,0.16666666666666666,5,5,TTAGAGGTAAATGGATCGAA,0,564671
araCp,0.16666666666666666,5,5,TTAGAACTCGACTACTCGTA,0,554713
araCp,0.16666666666666666,5,5,TTACGGGTGGTGAGGATAGG,0,571668
araCp,0.16666666666666666,5,5,TTACGAAGAGGTCGCGAGTG,0,542299
araCp,0.16666666666666666,5,5,TTAATAAGCCTTTCACAACC,0,572983
araCp,0.16666666666666666,5,5,TTAAGTCTTAAGCTATAACC,0,582349
araCp,0.16666666666666666,5,5,TTAAGCATCTTCGACTCCGC,0,557434
araCp,0.16666666666666666,5,5,TTAAGCAGGACACTCTTTAT,0,551562
araCp,0.16666666666666666,5,5,TTAAATTAAATCGAATTGGT,0,573188
araCp,0.16666666666666666,5,5,TTAAATATTGGGGTCTTCGT,0,563832
araCp,0.16666666666666666,5,5,TGTTTTGGGGCTAAGAGGCC,0,532844
araCp,0.16666666666666666,5,5,TGTTTCCCGGGACTTGAAAA,0,534357
araCp,0.16666666666666666,5,5,TGTTCGCAAAATGTTTGAGC,0,591158
araCp,0.16666666666666666,5,5,TGTTCGATTGCCACTCGCGC,0,586237
araCp,0.16666666666666666,5,5,TGTTATTTTGATCCGTAAAT,0,542148
araCp,0.16666666666666666,5,5,TGTTAGTAGCAGGTTGAAAA,0,564562
araCp,0.16666666666666666,5,5,TGTTAGGGAACTGCAACTCA,0,581415
araCp,0.16666666666666666,5,5,TGTTAGGCGCGCCATTAGAA,0,584176
araCp,0.16666666666666666,5,5,TGTTACGGCACATAACTTGG,0,548315
araCp,0.16666666666666666,5,5,TGTTAAGCTTAAAGGAATAG,0,590791
araCp,0.16666666666666666,5,5,TGTGTGCGGGACGGCATAAC,0,558157
araCp,0.16666666666666666,5,5,TGTGTGCAGTGCGTCGCAAG,0,575699
araCp,0.16666666666666666,5,5,TGTGGGTAGTCTTAAAGAGT,0,579973
araCp,0.16666666666666666,5,5,TGTGGGCTTAACTATTGATT,0,533981
araCp,0.16666666666666666,5,5,TGTGCGATTTCCTACCCGAC,0,599690
araCp,0.16666666666666666,5,5,TGTGCATAGACAGGTTTGAT,0,575638
araCp,0.16666666666666666,5,5,TGTGATTCCATTCCCGGTAT,0,562007
araCp,0.16666666666666666,5,5,TGTGATACGGTTCCGTGCCG,0,552000
araCp,0.16666666666666666,5,5,TGTGAGGCCTTAAGCCAATA,0,568676
araCp,0.16666666666666666,5,5,TGTCTTATCTTCGAGCTCAG,0,588366
araCp,0.16666666666666666,5,5,TGTCTCTTCAGTGTGGCCTA,0,527018
araCp,0.16666666666666666,5,5,TGTCTAGGCCCCGACACGCT,0,592412
araCp,0.16666666666666666,5,5,TGTCCGTGCCGGATCGGTAG,0,537978
araCp,0.16666666666666666,5,5,TGTCATTGAAAGGACTATGA,0,577345
araCp,0.16666666666666666,5,5,TGTCAAGAACCGCGGCTTAT,0,590731
araCp,0.16666666666666666,5,5,TGTATATCGGCCAGTGCCTA,0,555711
araCp,0.16666666666666666,5,5,TGTAGTAAATTGGTTTGCAT,0,552105
araCp,0.16666666666666666,5,5,TGTACTCAGCACCACATAGA,0,550100
araCp,0.16666666666666666,5,5,TGTACGTACCATATAATCTT,0,549180
araCp,0.16666666666666666,5,5,TGTACGAGCATAGAATGAGA,0,596163
araCp,0.16666666666666666,5,5,TGGTTGCCTGAATAGTAGTA,0,574105
araCp,0.16666666666666666,5,5,TGGTGCCGGAGGGTGCACGC,0,581348
araCp,0.16666666666666666,5,5,TGGTCTCTCGATCTGGATTA,0,553769
araCp,0.16666666666666666,5,5,TGGTCTCGCGCCCCCCCGCG,0,531143
araCp,0.16666666666666666,5,5,TGGTCGGTGACGCTTCTCAC,0,551939
araCp,0.16666666666666666,5,5,TGGTCCGTCCTTGCCTATTA,0,563666
araCp,0.16666666666666666,5,5,TGGTCAACCCCTCACCTATA,0,580796
araCp,0.16666666666666666,5,5,TGGTAACCTCCGCATCCCTC,0,535146
araCp,0.16666666666666666,5,5,TGGGGTGAATCATTAACTTA,0,557944
araCp,0.16666666666666666,5,5,TGGGGGGTTTCGGCTTGTTT,0,600143
araCp,0.16666666666666666,5,5,TGGGCTCTATATTAGGCTCT,0,541222
araCp,0.16666666666666666,5,5,TGGGCGGTACTTCCGCAGAG,0,569077
araCp,0.16666666666666666,5,5,TGGGCCGGTTAGCGAGTCTT,0,544044
araCp,0.16666666666666666,5,5,TGGGCAACGCCATGAAGCAA,0,526569
araCp,0.16666666666666666,5,5,TGGCTTTCGGTGCCGGTGCC,0,534931
araCp,0.16666666666666666,5,5,TGGCCTGTGTGTACTCTGTT,0,549628
araCp,0.16666666666666666,5,5,TGGCCAACGTAGATACCCGT,0,602199
araCp,0.16666666666666666,5,5,TGGCAGTGTTGGTCGCCCTG,0,593236
araCp,0.16666666666666666,5,5,TGGCAGATCATGTGCTATCG,0,588420
araCp,0.16666666666666666,5,5,TGGATTCAGATCTACGCGTA,0,593809
araCp,0.16666666666666666,5,5,TGGATCGAAGCACGGAGTGC,0,566819
araCp,0.16666666666666666,5,5,TGGAGTGGTGGGGATCGTCA,0,568781
araCp,0.16666666666666666,5,5,TGGAGCGTCACATGCGGCCA,0,588558
araCp,0.16666666666666666,5,5,TGGACCCGCCCGCGCCATCT,0,534412
araCp,0.16666666666666666,5,5,TGGACACTGGCACTGCCTCA,0,565875
araCp,0.16666666666666666,5,5,TGGAACTTTTGCTCGGTTTC,0,560155
araCp,0.16666666666666666,5,5,TGGAACTATATAAATGTTGT,0,589661
araCp,0.16666666666666666,5,5,TGCTGGCCGGTACTTACGTC,0,564622
araCp,0.16666666666666666,5,5,TGCTGCAGGGTGCACAATGG,0,534291
araCp,0.16666666666666666,5,5,TGCTCTCGGGCATCGATGTA,0,533821
araCp,0.16666666666666666,5,5,TGCTATAAGGACTCTGTCAA,0,580881
araCp,0.16666666666666666,5,5,TGCTAATGATGCTTCGCCCT,0,599451
araCp,0.16666666666666666,5,5,TGCTAAACATTGGCTAGTAG,0,535037
araCp,0.16666666666666666,5,5,TGCGGTTGAAGGCTAGCCTT,0,538537
araCp,0.16666666666666666,5,5,TGCGGTATGTGGAGTTGCTT,0,602147
araCp,0.16666666666666666,5,5,TGCGGAGCGACCGCTTGCCT,0,548233
araCp,0.16666666666666666,5,5,TGCCTGGACATGATGACCCA,0,543989
araCp,0.16666666666666666,5,5,TGCCAGGTACGTGTTTCCCG,0,577247
araCp,0.16666666666666666,5,5,TGCCAGATTTAATACACGTA,0,544585
araCp,0.16666666666666666,5,5,TGCATTGGTTGCACAGGCTG,0,548458
araCp,0.16666666666666666,5,5,TGCACTTGTATGCCTTTGCG,0,597737
araCp,0.16666666666666666,5,5,TGCAATTAATGGCGCTATCA,0,558179
araCp,0.16666666666666666,5,5,TGCAATGAATAAAGTCCTTT,0,570357
araCp,0.16666666666666666,5,5,TGCAAGCTTAAACTGGGGAT,0,593815
araCp,0.16666666666666666,5,5,TGATTTACCAAGTAAGCTGA,0,547849
araCp,0.16666666666666666,5,5,TGATTGGGCGGATCCCATCT,0,555799
araCp,0.16666666666666666,5,5,TGATGTAGTAAGAGGAGCTA,0,570891
araCp,0.16666666666666666,5,5,TGATGGTTCAAAGACAGGAG,0,593873
araCp,0.16666666666666666,5,5,TGATGGAGTATGTGCACTCC,0,540342
araCp,0.16666666666666666,5,5,TGATGACTCTACGTGCTGGT,0,545449
araCp,0.16666666666666666,5,5,TGATCTCAAACAAGGCTCAC,0,549471
araCp,0.16666666666666666,5,5,TGATCGGTCAGAACAGCAGT,0,535431
araCp,0.16666666666666666,5,5,TGATAAATTTTCTTCTAGCA,0,589377
araCp,0.16666666666666666,5,5,TGAGTTTATTCACAACACGT,0,573869
araCp,0.16666666666666666,5,5,TGAGTCGGTAAAACCTTTTC,0,572675
araCp,0.16666666666666666,5,5,TGAGACTGTGCTGCATCTAA,0,536548
araCp,0.16666666666666666,5,5,TGACTAGGGCGTATTTGGTT,0,542471
araCp,0.16666666666666666,5,5,TGACGTTCACGAACGCGCGG,0,570397
araCp,0.16666666666666666,5,5,TGACCGCTTTGGCACCCTAT,0,566661
araCp,0.16666666666666666,5,5,TGACAGCCTCTGTTATGTAC,0,525814
araCp,0.16666666666666666,5,5,TGACACATTGTCAAAGAGAG,0,535264
araCp,0.16666666666666666,5,5,TGACACAGAATAATAGCGAC,0,570862
araCp,0.16666666666666666,5,5,TGAATGTTTTAGGGTACAGT,0,546401
araCp,0.16666666666666666,5,5,TGAAGTCAGTTAGACAGTTG,0,546850
araCp,0.16666666666666666,5,5,TGAAGGGATAGATTCCTTGA,0,556079
araCp,0.16666666666666666,5,5,TGAAGCCGGCACGTACTTCG,0,572512
araCp,0.16666666666666666,5,5,TGAAGATGGACTCCGGGCCA,0,539911
araCp,0.16666666666666666,5,5,TGAAGACCACGTCGGAGAGC,0,533363
araCp,0.16666666666666666,5,5,TGAACGATCGTGCCCTAGCC,0,599434
araCp,0.16666666666666666,5,5,TGAACAGTGCCTATGTCGGC,0,584970
araCp,0.16666666666666666,5,5,TGAACAATATCAGACGGTGG,0,581328
araCp,0.16666666666666666,5,5,TGAAATACTCGATACATTGA,0,602776
araCp,0.16666666666666666,5,5,TCTTTTTTAACGTTCGGTGG,0,599074
araCp,0.16666666666666666,5,5,TCTTTGTGAGGACTAAGTTC,0,544599
araCp,0.16666666666666666,5,5,TCTTTCCATTACGGTGGAAC,0,549260
araCp,0.16666666666666666,5,5,TCTTTAAACGCTTAAACGAA,0,532678
araCp,0.16666666666666666,5,5,TCTTCTAGATAATTCCGTTT,0,544448
araCp,0.16666666666666666,5,5,TCTTAGGCTTGTGGGTGTAT,0,581596
araCp,0.16666666666666666,5,5,TCTGTATACATTAAAGCGAG,0,566984
araCp,0.16666666666666666,5,5,TCTGGGTTACTGCGGTTACT,0,559667
araCp,0.16666666666666666,5,5,TCTGGCTTATTCTTCCATCA,0,541138
araCp,0.16666666666666666,5,5,TCTGCAACGGTCCCGCGTGA,0,529794
araCp,0.16666666666666666,5,5,TCTCTGCGATGCGGGAGTCG,0,589876
araCp,0.16666666666666666,5,5,TCTCTGCCCCCTAATCGCAT,0,534315
araCp,0.16666666666666666,5,5,TCTCGGCATGTAGGACAGCT,0,533279
araCp,0.16666666666666666,5,5,TCTCGCCAGGATGTTTCGGT,0,582460
araCp,0.16666666666666666,5,5,TCTCGAACGTATTTTTGATG,0,582698
araCp,0.16666666666666666,5,5,TCTCCGGTGCATTACCCGGG,0,543402
araCp,0.16666666666666666,5,5,TCTCAGTTCGAGCCGCCTAC,0,597423
araCp,0.16666666666666666,5,5,TCTCACTGCAACTTCTACAC,0,552776
araCp,0.16666666666666666,5,5,TCTCAAATTAATCTATGCGT,0,596443
araCp,0.16666666666666666,5,5,TCTAGTTCATTGTTGGTCTA,0,527972
araCp,0.16666666666666666,5,5,TCTAGACTGACATAGTAAGG,0,600335
araCp,0.16666666666666666,5,5,TCTAACCGACCAACGAGTTC,0,559204
araCp,0.16666666666666666,5,5,TCGTTTTGGATGTCTGGGCA,0,549971
araCp,0.16666666666666666,5,5,TCGTTTTAAACGTATGACAT,0,568708
araCp,0.16666666666666666,5,5,TCGTGCTAAAGGTAACGTGA,0,575734
araCp,0.16666666666666666,5,5,TCGTCTGCACGCCGCAATGC,0,593505
araCp,0.16666666666666666,5,5,TCGTCTGAGGGTCAGTACCA,0,592740
araCp,0.16666666666666666,5,5,TCGTACAGTAATGGACAATT,0,548784
araCp,0.16666666666666666,5,5,TCGGTGGCAGCTATCGTGTG,0,531235
araCp,0.16666666666666666,5,5,TCGGTACAGGTCTTAACACG,0,579375
araCp,0.16666666666666666,5,5,TCGGTAACTATTACGTTAAC,0,552056
araCp,0.16666666666666666,5,5,TCGGGTTCGGCACACATATC,0,542592
araCp,0.16666666666666666,5,5,TCGGGTGCATCCTTCGGCTA,0,545554
araCp,0.16666666666666666,5,5,TCGGGGACACGCCTGTTACA,0,552825
araCp,0.16666666666666666,5,5,TCGGGCTCCCGTCCGCGCCC,0,562602
araCp,0.16666666666666666,5,5,TCGGGATGCGAGTGATATAC,0,556344
araCp,0.16666666666666666,5,5,TCGGCTCTTTACCATGTGAT,0,572887
araCp,0.16666666666666666,5,5,TCGGCGCGACTTACATTGAT,0,558359
araCp,0.16666666666666666,5,5,TCGGATTTGGACTTTCGGGT,0,547726
araCp,0.16666666666666666,5,5,TCGCTTGCAGACTCACATCC,0,544218
araCp,0.16666666666666666,5,5,TCGCCTGGGAAAAGCAAGAT,0,578520
araCp,0.16666666666666666,5,5,TCGCAGCGAAATAAAGATTT,0,595850
araCp,0.16666666666666666,5,5,TCGCACGGTGGTTAGCGAAA,0,569150
araCp,0.16666666666666666,5,5,TCGCACGATAAACATCAAAG,0,540314
araCp,0.16666666666666666,5,5,TCGATTTTATCCGAGTAAAC,0,582842
araCp,0.16666666666666666,5,5,TCGAGCTACGTTCTATTATA,0,586398
araCp,0.16666666666666666,5,5,TCGACGTCGAAAGCGTGTGT,0,540287
araCp,0.16666666666666666,5,5,TCGAATTAACCGCCGATTTT,0,564271
araCp,0.16666666666666666,5,5,TCGAATAATGTTATGACTAA,0,563259
araCp,0.16666666666666666,5,5,TCGAAGAAGTCGCAACGCCA,0,601855
araCp,0.16666666666666666,5,5,TCGAACCAGTTAATAAAAGC,0,558526
araCp,0.16666666666666666,5,5,TCGAAACCAGACCCCTACGA,0,531650
araCp,0.16666666666666666,5,5,TCGAAAAACCTCTTTCGTAT,0,565161
araCp,0.16666666666666666,5,5,TCCTTTAAAAGGAAAGAAGG,0,603141
araCp,0.16666666666666666,5,5,TCCTTGGATTCTGTTCAGGC,0,557397
araCp,0.16666666666666666,5,5,TCCTGTGTACATTACACACT,0,543869
araCp,0.16666666666666666,5,5,TCCTCTGGCGTTTGTCTGTA,0,586389
araCp,0.16666666666666666,5,5,TCCTCTCTGATTGGATGGCC,0,584769
araCp,0.16666666666666666,5,5,TCCGTTTGCAAGCGGAGGTA,0,595925
araCp,0.16666666666666666,5,5,TCCGGGCAAAATTTGTGCTC,0,567691
araCp,0.16666666666666666,5,5,TCCGGCCATAGAATGGCGGT,0,593163
araCp,0.16666666666666666,5,5,TCCGGAGAGGAAAATACATA,0,599663
araCp,0.16666666666666666,5,5,TCCGGACGAGGTGTTTCCTG,0,582892
araCp,0.16666666666666666,5,5,TCCGACACGTACCACATAAC,0,591592
araCp,0.16666666666666666,5,5,TCCCCGCTTATCACTTCCAA,0,532724
araCp,0.16666666666666666,5,5,TCCCCCGACCACAGTTTCAC,0,593693
araCp,0.16666666666666666,5,5,TCCCATCATAGCCTCTTGGT,0,595141
araCp,0.16666666666666666,5,5,TCCATGTCGGGACCATAATT,0,573575
araCp,0.16666666666666666,5,5,TCCATCAATAAATCTCTATA,0,551515
araCp,0.16666666666666666,5,5,TCCAGCGGGTAATGACGTAT,0,550019
araCp,0.16666666666666666,5,5,TCCAAGGGCATTTCTCTTGG,0,594389
araCp,0.16666666666666666,5,5,TCATTGTTGTTTAAAATTAA,0,536275
araCp,0.16666666666666666,5,5,TCATGAAGTATCCATTTTAG,0,569056
araCp,0.16666666666666666,5,5,TCATCTCTAGTCCAGCTAGT,0,558163
araCp,0.16666666666666666,5,5,TCATCGGAGTTTTAGTCAGG,0,573246
araCp,0.16666666666666666,5,5,TCATCATGAACGTCATGTCA,0,539106
araCp,0.16666666666666666,5,5,TCATACCTTAGAACAAGGTA,0,553207
araCp,0.16666666666666666,5,5,TCATAAATTAAAGCCTAATT,0,553510
araCp,0.16666666666666666,5,5,TCAGTTACGCATCCCCAGGT,0,543417
araCp,0.16666666666666666,5,5,TCAGTACGATTTTTTGGCGA,0,602097
araCp,0.16666666666666666,5,5,TCAGGTGACCTTCGCTATCG,0,569612
araCp,0.16666666666666666,5,5,TCAGGGGGGTGCTGGGAGGA,0,589543
araCp,0.16666666666666666,5,5,TCAGGATGGGCATTGTCTAA,0,598002
araCp,0.16666666666666666,5,5,TCAGCTCGTGACTTAATAAG,0,554697
araCp,0.16666666666666666,5,5,TCAGATCCATGCATAATCAA,0,532634
araCp,0.16666666666666666,5,5,TCAGAGGGGGAACAGCCCCT,0,595344
araCp,0.16666666666666666,5,5,TCAGACTATGAGGGATCTTC,0,571426
araCp,0.16666666666666666,5,5,TCACGGGGGGTCCACCGCTG,0,553606
araCp,0.16666666666666666,5,5,TCACGACTCAACAGTCGGAT,0,561749
araCp,0.16666666666666666,5,5,TCACCGTTCTATTACGGGCA,0,551242
araCp,0.16666666666666666,5,5,TCACAGCTAGACTTGTCCTA,0,542285
araCp,0.16666666666666666,5,5,TCAAGCTTCAGAGTGGTGCA,0,586892
araCp,0.16666666666666666,5,5,TCAAGAAAGGATCAAGCAAG,0,533660
araCp,0.16666666666666666,5,5,TCAACCGGTGAATTTCGTGA,0,584271
araCp,0.16666666666666666,5,5,TCAACCGGCAACAGGTGTAA,0,562201
araCp,0.16666666666666666,5,5,TCAACCAGTGTCGAGGCTAG,0,596568
araCp,0.16666666666666666,5,5,TCAAACTGCGAAGCCTATTA,0,579210
araCp,0.16666666666666666,5,5,TATTTTGGGAAGAGTGAACG,0,528214
araCp,0.16666666666666666,5,5,TATTTCTGCGGCGGTTTTGC,0,556592
araCp,0.16666666666666666,5,5,TATTTATATACTTCATAACG,0,550274
araCp,0.16666666666666666,5,5,TATTGGATTTCGGAGTCTCG,0,582458
araCp,0.16666666666666666,5,5,TATTGCGATCAAGGACCCAC,0,548073
araCp,0.16666666666666666,5,5,TATTGAAATGACTCTGTGTT,0,586802
araCp,0.16666666666666666,5,5,TATTACCAGTATGCCACGAT,0,540170
araCp,0.16666666666666666,5,5,TATTAAATCATGAGACACAC,0,529657
araCp,0.16666666666666666,5,5,TATGCTTCACTCTCCCCGTA,0,564348
araCp,0.16666666666666666,5,5,TATGATCGGCCAGTCGAGGG,0,549468
araCp,0.16666666666666666,5,5,TATGACAGACATAGCATGCT,0,538653
araCp,0.16666666666666666,5,5,TATGAATGTTCTTTTTGCGA,0,530190
araCp,0.16666666666666666,5,5,TATGAAAATTGCAACTCCCC,0,601258
araCp,0.16666666666666666,5,5,TATCTGCACGTCGCCTTGGA,0,526139
araCp,0.16666666666666666,5,5,TATCTAATGCCTCCTTATGC,0,551998
araCp,0.16666666666666666,5,5,TATCGTCGCTCGATCAAATA,0,578893
araCp,0.16666666666666666,5,5,TATCGCTGTCTAGGTTTCCA,0,540649
araCp,0.16666666666666666,5,5,TATCCTGCATCAGCGGATAC,0,541170
araCp,0.16666666666666666,5,5,TATCCCATTTGGAAAACCGA,0,600751
araCp,0.16666666666666666,5,5,TATCCATTCCAAGCTACCTT,0,601670
araCp,0.16666666666666666,5,5,TATCCAATGGTTTCCGCTCA,0,589619
araCp,0.16666666666666666,5,5,TATATCGCCACGAATTGAGA,0,595691
araCp,0.16666666666666666,5,5,TATATATAACTCGGAGACCC,0,566567
araCp,0.16666666666666666,5,5,TATAGTGGACTGCTTGTGTG,0,582773
araCp,0.16666666666666666,5,5,TATAGGTACGGATAATATTC,0,542297
araCp,0.16666666666666666,5,5,TATAGAAGTTCGTCCATATA,0,547793
araCp,0.16666666666666666,5,5,TATAATTTTCCTCGTACGAG,0,583135
araCp,0.16666666666666666,5,5,TATAATATCTTGCAGCTAGT,0,548663
araCp,0.16666666666666666,5,5,TATAACTGCGCGAACTATCA,0,554055
araCp,0.16666666666666666,5,5,TATAACCGAAGATATAGAAT,0,584823
araCp,0.16666666666666666,5,5,TAGTCTGGAATGACACGGAA,0,550209
araCp,0.16666666666666666,5,5,TAGGTGCAGCGAGCTTGTAA,0,599948
araCp,0.16666666666666666,5,5,TAGGGTAACTCTAGTGCCGC,0,582862
araCp,0.16666666666666666,5,5,TAGGGCATTGGCTAAGTGCA,0,558412
araCp,0.16666666666666666,5,5,TAGGGCAAGATGAGCTCCGG,0,599296
araCp,0.16666666666666666,5,5,TAGGGATACCCCTTGATCGG,0,584267
araCp,0.16666666666666666,5,5,TAGGCGGTAATCGTGCACTA,0,556478
araCp,0.16666666666666666,5,5,TAGGCCAACGGATATTAAGC,0,548551
araCp,0.16666666666666666,5,5,TAGGCAGTCGGGTTGCTTTG,0,552066
araCp,0.16666666666666666,5,5,TAGGCACGAGCTTAGCCCGC,0,558623
araCp,0.16666666666666666,5,5,TAGCGTCGCCGCGCATCGCG,0,538840
araCp,0.16666666666666666,5,5,TAGCCTGAATGCACATGCAA,0,551276
araCp,0.16666666666666666,5,5,TAGCAAACATACGTCAACAC,0,586929
araCp,0.16666666666666666,5,5,TAGATCCCAAAATTGCCATC,0,540221
araCp,0.16666666666666666,5,5,TAGATATGGGAGCGAGCGAC,0,571454
araCp,0.16666666666666666,5,5,TAGATACACAGCGCCTGGAA,0,594414
araCp,0.16666666666666666,5,5,TAGAGCACAAGGGTCACATT,0,574520
araCp,0.16666666666666666,5,5,TAGACCGAACTATATGCATA,0,582433
araCp,0.16666666666666666,5,5,TAGAACTCTTTTGCCTGCGT,0,528660
araCp,0.16666666666666666,5,5,TAGAAATGTGCTAGGGTATA,0,554173
araCp,0.16666666666666666,5,5,TAGAAAAAGCCTCTTGGTCA,0,527026
araCp,0.16666666666666666,5,5,TACTTTTCTATAGTTTTAAT,0,587612
araCp,0.16666666666666666,5,5,TACTGTACTCCTATGGTGGT,0,559808
araCp,0.16666666666666666,5,5,TACTGGTAACCGACGTTGTT,0,540604
araCp,0.16666666666666666,5,5,TACGTCATTGACTATGCTTA,0,566588
araCp,0.16666666666666666,5,5,TACGGGACGTGGGTTAAGAG,0,593648
araCp,0.16666666666666666,5,5,TACGATACGATGCTGTCTAT,0,546075
araCp,0.16666666666666666,5,5,TACGACCCGCTTGATTGCTG,0,562604
araCp,0.16666666666666666,5,5,TACCTCTGATAGAAGTAAAA,0,577871
araCp,0.16666666666666666,5,5,TACCGGATGTGCTCAAGGTC,0,581528
araCp,0.16666666666666666,5,5,TACCGACTCATCTCCCCCTT,0,547375
araCp,0.16666666666666666,5,5,TACCATTATTGCAATCCGTC,0,543490
araCp,0.16666666666666666,5,5,TACATCATCCACGCCGTGCG,0,577028
araCp,0.16666666666666666,5,5,TACATAGGTTCTAGCACTCG,0,589272
araCp,0.16666666666666666,5,5,TACAGCTTCCGGGTCTGGAA,0,534733
araCp,0.16666666666666666,5,5,TACAATAGCAGCAAGTCAGT,0,564282
araCp,0.16666666666666666,5,5,TACAACAGGACTGGTCTGTA,0,578142
araCp,0.16666666666666666,5,5,TAATTTCGGTCAGTTGGACA,0,543418
araCp,0.16666666666666666,5,5,TAATGCATCGTCGGTGAAAA,0,596222
araCp,0.16666666666666666,5,5,TAATCGGTTACGGACTTAGT,0,561003
araCp,0.16666666666666666,5,5,TAATCGGACCGCACATGGAT,0,602306
araCp,0.16666666666666666,5,5,TAATCCCCGTGCGAGGGTCA,0,601536
araCp,0.16666666666666666,5,5,TAATAGGTCAGTACCAAGTA,0,554593
araCp,0.16666666666666666,5,5,TAAGTTATCTTGTTATTACT,0,563964
araCp,0.16666666666666666,5,5,TAAGGATGCTCAGTTATGGT,0,555842
araCp,0.16666666666666666,5,5,TAAGCTGTCTTCAAGCGAGA,0,532739
araCp,0.16666666666666666,5,5,TAAGATTGAATTGCTCCTTT,0,553789
araCp,0.16666666666666666,5,5,TAACTGTGGTGCACTCAGCC,0,546962
araCp,0.16666666666666666,5,5,TAACTAGAATACATTCGGAT,0,594468
araCp,0.16666666666666666,5,5,TAACGGTCATGTGTACTGGG,0,530797
araCp,0.16666666666666666,5,5,TAAATTGCCGGGAGTCCGAG,0,562203
araCp,0.16666666666666666,5,5,TAAATATATTTCTGGAAGCC,0,559651
araCp,0.16666666666666666,5,5,TAAAGCATATCTGAGGCAGA,0,592337
araCp,0.16666666666666666,5,5,TAAACTGAGGGTTAAAGACA,0,596049
araCp,0.16666666666666666,5,5,TAAACTCGAGGAGCAGAAAA,0,577516
araCp,0.16666666666666666,5,5,TAAACCGCACAACTCCGCGC,0,572505
araCp,0.16666666666666666,5,5,TAAACAGCAACAGTATAGGA,0,555039
araCp,0.16666666666666666,5,5,GTTTTTCACCAACTGAAGAT,0,545142
araCp,0.16666666666666666,5,5,GTTTTTAGTAGACCGTATCG,0,576200
araCp,0.16666666666666666,5,5,GTTTGGGCAGGCTAGATTTC,0,534355
araCp,0.16666666666666666,5,5,GTTTGAGGCGTGTGGGAACG,0,581000
araCp,0.16666666666666666,5,5,GTTTGAATTGCCCTAGCATG,0,577372
araCp,0.16666666666666666,5,5,GTTTCGGATAGTTTCACAGG,0,583290
araCp,0.16666666666666666,5,5,GTTTCGAGCCTCCACAGCTC,0,558072
araCp,0.16666666666666666,5,5,GTTTCCGAAGATTCAGAAAT,0,590308
araCp,0.16666666666666666,5,5,GTTTATACGACCTGTCCGTA,0,601145
araCp,0.16666666666666666,5,5,GTTGGTCTAGCCGGGTCAGG,0,537409
araCp,0.16666666666666666,5,5,GTTCTGGCATGGCTAGCACG,0,574985
araCp,0.16666666666666666,5,5,GTTCTCCTACAGGCTGCAGA,0,535667
araCp,0.16666666666666666,5,5,GTTCTCACCGATCGCGCACA,0,548466
araCp,0.16666666666666666,5,5,GTTCGGAAGTGTGTAAGCCA,0,575431
araCp,0.16666666666666666,5,5,GTTCGAACCGCGCCGCGCAA,0,564009
araCp,0.16666666666666666,5,5,GTTCCACAGTAGTTTGTCCT,0,562270
araCp,0.16666666666666666,5,5,GTTATTTCGCTAATGAAGGC,0,548832
araCp,0.16666666666666666,5,5,GTTATGGAGATGATTATCAG,0,567343
araCp,0.16666666666666666,5,5,GTTACATCTAAATGTACTAT,0,591953
araCp,0.16666666666666666,5,5,GTGTTTCTGATCGGTTAGCA,0,602777
araCp,0.16666666666666666,5,5,GTGTGCGGCATACGGTGATG,0,533891
araCp,0.16666666666666666,5,5,GTGTCCTGGTGATCATGGCA,0,555250
araCp,0.16666666666666666,5,5,GTGTAAGCCCAATACGACTC,0,586117
araCp,0.16666666666666666,5,5,GTGTAAATAGGTAGTTTGAA,0,536860
araCp,0.16666666666666666,5,5,GTGGTAGTGTCTACACAAGG,0,552052
araCp,0.16666666666666666,5,5,GTGGTACCTATGGGCGGTGA,0,534265
araCp,0.16666666666666666,5,5,GTGGGTCCGGATATCCAGAG,0,552773
araCp,0.16666666666666666,5,5,GTGGGCTTTAATTCGTACCT,0,547354
araCp,0.16666666666666666,5,5,GTGGCAATGCCTATGTGCGT,0,548543
araCp,0.16666666666666666,5,5,GTGGAGGGATCATTTATTCC,0,562252
araCp,0.16666666666666666,5,5,GTGCTGAAGCATTTGTGAGA,0,554115
araCp,0.16666666666666666,5,5,GTGCTCGGCACAGGATATGA,0,594581
araCp,0.16666666666666666,5,5,GTGCTCCAGGCCCTGGTGGC,0,584781
araCp,0.16666666666666666,5,5,GTGCTATTTGAAAGGTCGGA,0,531702
araCp,0.16666666666666666,5,5,GTGCGAGCACGACTGTGATC,0,588946
araCp,0.16666666666666666,5,5,GTGCCCGCACGCGAACGTCT,0,572246
araCp,0.16666666666666666,5,5,GTGCCAGTCTCCCGTCCAAA,0,565010
araCp,0.16666666666666666,5,5,GTGCACGGGTGCGCTATCAA,0,579274
araCp,0.16666666666666666,5,5,GTGCAAGTCTTTGTGATGTA,0,566221
araCp,0.16666666666666666,5,5,GTGATCGTGCTCCCTGCGGC,0,541720
araCp,0.16666666666666666,5,5,GTGACCGGTGTTGCAAGAAA,0,555945
araCp,0.16666666666666666,5,5,GTGAATTCTACTCTTTGAGT,0,593080
araCp,0.16666666666666666,5,5,GTGAACAAGGCCCGAATTTT,0,602527
araCp,0.16666666666666666,5,5,GTGAAATGCGTATACCTTTC,0,534732
araCp,0.16666666666666666,5,5,GTCTTGTTGCTGTTAGTGAA,0,569716
araCp,0.16666666666666666,5,5,GTCTTAGTAAAAGTGGATTT,0,556784
araCp,0.16666666666666666,5,5,GTCTGGTACTGTTCCGTTCT,0,598961
araCp,0.16666666666666666,5,5,GTCTGATTCAGTATATCATG,0,530243
araCp,0.16666666666666666,5,5,GTCTCTTACGTTCGTGCATG,0,559377
araCp,0.16666666666666666,5,5,GTCTCATACCTCTCGGGCCG,0,586100
araCp,0.16666666666666666,5,5,GTCTATGGTTGAGAACTTCC,0,597484
araCp,0.16666666666666666,5,5,GTCTAGTCGCACATTGTTCC,0,592216
araCp,0.16666666666666666,5,5,GTCTAGGTAGACACAGGTTA,0,558400
araCp,0.16666666666666666,5,5,GTCTAAGGATCCTCAAGATT,0,556210
araCp,0.16666666666666666,5,5,GTCGTGCACCGCCTTTAATA,0,594222
araCp,0.16666666666666666,5,5,GTCGTGATCGTGCCTTGGAT,0,545515
araCp,0.16666666666666666,5,5,GTCGTCATATGCCTGTCATT,0,595576
araCp,0.16666666666666666,5,5,GTCGGTATGCGTTGGGTGCA,0,597595
araCp,0.16666666666666666,5,5,GTCGGCGGCGTCTAAGCAGA,0,549177
araCp,0.16666666666666666,5,5,GTCGATTGTAGCCTAGATGT,0,588618
araCp,0.16666666666666666,5,5,GTCGAGTCCGTCGGATGGTT,0,541049
araCp,0.16666666666666666,5,5,GTCCTTGTTTCCAGTACACA,0,595456
araCp,0.16666666666666666,5,5,GTCCTTATCGCGTAGGCTCA,0,538738
araCp,0.16666666666666666,5,5,GTCCTGCCCTCCGTAGATAG,0,540273
araCp,0.16666666666666666,5,5,GTCCTGAATACGGCCAACTG,0,569118
araCp,0.16666666666666666,5,5,GTCCCTAGACCAGTGGCCTT,0,587134
araCp,0.16666666666666666,5,5,GTCCAATTGAGCCATTTACG,0,598100
araCp,0.16666666666666666,5,5,GTCATTAAAACGCTAGGTAC,0,556272
araCp,0.16666666666666666,5,5,GTCATGTGAAGAATTCATAG,0,552926
araCp,0.16666666666666666,5,5,GTCATACTGGTCAATAATAC,0,578644
araCp,0.16666666666666666,5,5,GTCACGACTCAATTATCATG,0,574919
araCp,0.16666666666666666,5,5,GTCACAGAGACGCCTCCCAT,0,555675
araCp,0.16666666666666666,5,5,GTATTGCGTTGGCTGAGTAT,0,603117
araCp,0.16666666666666666,5,5,GTATTCGCGGCCCTGATTCT,0,537040
araCp,0.16666666666666666,5,5,GTATTCCACTCTAAGTCCCA,0,601030
araCp,0.16666666666666666,5,5,GTATGCAAATTGGTTTTGGA,0,587885
araCp,0.16666666666666666,5,5,GTATCCGTATCCGAATAGCA,0,534782
araCp,0.16666666666666666,5,5,GTATATCTAGCGGGGATTGC,0,556214
araCp,0.16666666666666666,5,5,GTAGGTTCTAAGTGCCTTCC,0,536870
araCp,0.16666666666666666,5,5,GTAGGGTTTAGGGGGTCAGA,0,576696
araCp,0.16666666666666666,5,5,GTAGGATCTAGCGCGTCGAT,0,537026
araCp,0.16666666666666666,5,5,GTAGCTGCGATTTGTACGTT,0,537366
araCp,0.16666666666666666,5,5,GTAGCGGCGATAGTGGCAGT,0,555508
araCp,0.16666666666666666,5,5,GTAGCACCAACGCTAACCTT,0,561204
araCp,0.16666666666666666,5,5,GTAGATCCGGCAGCAAATAC,0,556557
araCp,0.16666666666666666,5,5,GTAGATAATATACAGGTCTA,0,577528
araCp,0.16666666666666666,5,5,GTACGCCAGTCCTATGTAGC,0,543919
araCp,0.16666666666666666,5,5,GTACCGCGCTAACAGGATTA,0,530619
araCp,0.16666666666666666,5,5,GTACCCTGGCTTGCTACCAT,0,552278
araCp,0.16666666666666666,5,5,GTACCCCCTCTGACTACCAC,0,527402
araCp,0.16666666666666666,5,5,GTACCAAAGGGACAAGAAAA,0,571042
araCp,0.16666666666666666,5,5,GTACATGCAGAGCTTTGCTC,0,577808
araCp,0.16666666666666666,5,5,GTAATGGCAGGGGTAAGCAG,0,563553
araCp,0.16666666666666666,5,5,GTAACCTGTCTCGCTATGGT,0,536501
araCp,0.16666666666666666,5,5,GTAAAAATTCGATAGAGATT,0,531159
araCp,0.16666666666666666,5,5,GGTTGTGCTTAGATCTCCCC,0,560404
araCp,0.16666666666666666,5,5,GGTTGTATAGTCTTCCGAGG,0,525706
araCp,0.16666666666666666,5,5,GGTTGGCCTGCTGACGGAGA,0,531218
araCp,0.16666666666666666,5,5,GGTTGAGCGACAGAGATAGA,0,553290
araCp,0.16666666666666666,5,5,GGTTGACCCCGAGTAGCAAA,0,585704
araCp,0.16666666666666666,5,5,GGTTGACAAATTAAGTCAAT,0,595437
araCp,0.16666666666666666,5,5,GGTTCGGGACCATGATGCTG,0,541265
araCp,0.16666666666666666,5,5,GGTTCATATCCCATTGCGCA,0,569367
araCp,0.16666666666666666,5,5,GGTTCAATTAACGACAACGA,0,555425
araCp,0.16666666666666666,5,5,GGTTAGATGCTAAGTTTGTC,0,560329
araCp,0.16666666666666666,5,5,GGTGTGTATTCTGCCGCACC,0,532169
araCp,0.16666666666666666,5,5,GGTGCCAACCCGACGACTGC,0,572536
araCp,0.16666666666666666,5,5,GGTGATTAGGGTCCACGCAG,0,599057
araCp,0.16666666666666666,5,5,GGTCTCATGCAGAGCTGCCG,0,595747
araCp,0.16666666666666666,5,5,GGTCCTAGTTTGGACACATG,0,566889
araCp,0.16666666666666666,5,5,GGTCCGATAATACTTGGCAT,0,534462
araCp,0.16666666666666666,5,5,GGTCCACGACCGGGTGGGAT,0,534028
araCp,0.16666666666666666,5,5,GGTCCAATCACGCACTGTCT,0,529016
araCp,0.16666666666666666,5,5,GGTCAGAATCCAGCCGCCCA,0,526460
araCp,0.16666666666666666,5,5,GGTATTCACTGCATTGGTCG,0,569481
araCp,0.16666666666666666,5,5,GGTATGCGTCCCACTTAGCG,0,561509
araCp,0.16666666666666666,5,5,GGTATCCTTAGCGTGCGGAA,0,564984
araCp,0.16666666666666666,5,5,GGTAGGCTTACGTAGGGTAG,0,574247
araCp,0.16666666666666666,5,5,GGTAGGCGTCAGGTTGCGCC,0,594885
araCp,0.16666666666666666,5,5,GGTACGACTTGATTGCGCGT,0,569846
araCp,0.16666666666666666,5,5,GGTACCAGCTCTATGCAAGT,0,537447
araCp,0.16666666666666666,5,5,GGTACACGGTGGTCTTGTAA,0,584901
araCp,0.16666666666666666,5,5,GGTAAAGCCCCATGACCCGC,0,564677
araCp,0.16666666666666666,5,5,GGGTTCCTACTAATAGACCC,0,586075
araCp,0.16666666666666666,5,5,GGGTTAGCTAGCGTCGGGCT,0,554078
araCp,0.16666666666666666,5,5,GGGTGGGGGCCCATCGCTAT,0,598782
araCp,0.16666666666666666,5,5,GGGTGGACTGTACCCCGTTG,0,549455
araCp,0.16666666666666666,5,5,GGGTGATACGGCAGTGACGT,0,569144
araCp,0.16666666666666666,5,5,GGGTCAGTCGGGCAGAGCCC,0,577427
araCp,0.16666666666666666,5,5,GGGTATGGTAGTCGGAGTAA,0,530166
araCp,0.16666666666666666,5,5,GGGTAGTTGGATTGCGGAAA,0,575003
araCp,0.16666666666666666,5,5,GGGTAGAAGTAAAATTTGAA,0,573074
araCp,0.16666666666666666,5,5,GGGTACCGTGAGTGCCACAT,0,536570
araCp,0.16666666666666666,5,5,GGGGTTAAATGTTGGACGGA,0,585165
araCp,0.16666666666666666,5,5,GGGGACCGCAGCCATGAGGC,0,573213
araCp,0.16666666666666666,5,5,GGGGAACGCAGTCACTCTAT,0,570613
araCp,0.16666666666666666,5,5,GGGCTTTTTGTCTAGTCCTC,0,583059
araCp,0.16666666666666666,5,5,GGGCTGATAAGGCATTTCCG,0,553287
araCp,0.16666666666666666,5,5,GGGCGTAGAGCAAGACAGGT,0,528497
araCp,0.16666666666666666,5,5,GGGCGCCGGTACTCAGTGTT,0,551995
araCp,0.16666666666666666,5,5,GGGCGAATTTCCAGGCGCTG,0,534399
araCp,0.16666666666666666,5,5,GGGATTAGGCGACAGCTCCA,0,588197
araCp,0.16666666666666666,5,5,GGGAGGCTAAAATCTTAAGT,0,574993
araCp,0.16666666666666666,5,5,GGCTTCTTTTCACACATTTT,0,593984
araCp,0.16666666666666666,5,5,GGCTTACCGTGGAAACGATC,0,537864
araCp,0.16666666666666666,5,5,GGCTTAAAATCGGCGGGTCG,0,567442
araCp,0.16666666666666666,5,5,GGCTGCGTATAAACAAGACC,0,538794
araCp,0.16666666666666666,5,5,GGCTCAGATATAACTATAGG,0,557295
araCp,0.16666666666666666,5,5,GGCTATGAACGGGTCTTCGT,0,573872
araCp,0.16666666666666666,5,5,GGCTACACATAATCGAATAT,0,596666
araCp,0.16666666666666666,5,5,GGCGTTAGCGGTGCGTTTAA,0,539744
araCp,0.16666666666666666,5,5,GGCGGCCGGACAACTCCCAT,0,581531
araCp,0.16666666666666666,5,5,GGCGGAATAGGTTTTGTAAT,0,573899
araCp,0.16666666666666666,5,5,GGCGCTCACTTCGCAGTAAG,0,560635
araCp,0.16666666666666666,5,5,GGCGCATTAGTATTCTCTTG,0,526698
araCp,0.16666666666666666,5,5,GGCGAGCGGATGAGATGCTA,0,525589
araCp,0.16666666666666666,5,5,GGCCTGCTAGAGACCAGCCA,0,560845
araCp,0.16666666666666666,5,5,GGCCGACAGTGAGGCGGGAT,0,600286
araCp,0.16666666666666666,5,5,GGCCCCAATTAGCTATCAAT,0,582359
araCp,0.16666666666666666,5,5,GGCCAACAGATCTAATGTTG,0,556791
araCp,0.16666666666666666,5,5,GGCATCGTTTAGTGTTAAAT,0,594978
araCp,0.16666666666666666,5,5,GGCATACTACATTGAGATAA,0,587857
araCp,0.16666666666666666,5,5,GGCATAAGTTGTCCGATCGC,0,596769
araCp,0.16666666666666666,5,5,GGCACGCGTTTCGTCAAAGC,0,536372
araCp,0.16666666666666666,5,5,GGCACCGGGTTCAAACGGCC,0,567287
araCp,0.16666666666666666,5,5,GGCACCGCGGCTAATCTATA,0,545383
araCp,0.16666666666666666,5,5,GGATTGGCAGCATGAGCACG,0,581127
araCp,0.16666666666666666,5,5,GGATTAAGTACGTCATTATT,0,559807
araCp,0.16666666666666666,5,5,GGATGGTATTCCAGGGACTC,0,595718
araCp,0.16666666666666666,5,5,GGATGGGCTCAAAGGCAGAT,0,542115
araCp,0.16666666666666666,5,5,GGATCTCGTCTCCCCCCCTC,0,595094
araCp,0.16666666666666666,5,5,GGAGTTCATCACAAAATAAC,0,584363
araCp,0.16666666666666666,5,5,GGAGTCGTGCTCTATATTTA,0,553957
araCp,0.16666666666666666,5,5,GGAGGCCGGATACGGTCGTT,0,551686
araCp,0.16666666666666666,5,5,GGAGCTCTGTAGTCGTGGTG,0,559683
araCp,0.16666666666666666,5,5,GGAGACTTCCGCATTCTATA,0,582164
araCp,0.16666666666666666,5,5,GGAGACTACTCCGCATAGTG,0,600934
araCp,0.16666666666666666,5,5,GGACTACTATGACGGTGTAA,0,587537
araCp,0.16666666666666666,5,5,GGACGCCGCGCCGGGGCGTC,0,581487
araCp,0.16666666666666666,5,5,GGACCGTCAAGCAAACTAAT,0,554105
araCp,0.16666666666666666,5,5,GGACCGGTGGGGGGGGTCTA,0,587748
araCp,0.16666666666666666,5,5,GGACCGAGCACTATTAGATG,0,529688
araCp,0.16666666666666666,5,5,GGACCAAAAATAGTTAGCAG,0,537983
araCp,0.16666666666666666,5,5,GGACAAGCCGGTTCTAAAAT,0,599658
araCp,0.16666666666666666,5,5,GGAATCGTGTCGAGTATCAA,0,556580
araCp,0.16666666666666666,5,5,GGAATACGGGGACACGGTTA,0,529060
araCp,0.16666666666666666,5,5,GGAATAAAGTTGTCTGTAGA,0,585642
araCp,0.16666666666666666,5,5,GGAAGGTATGTTCCATTGGG,0,592386
araCp,0.16666666666666666,5,5,GGAAAGCAGACAATCTTGGT,0,589146
araCp,0.16666666666666666,5,5,GGAAACGAAGCGCTACTTTG,0,590058
araCp,0.16666666666666666,5,5,GCTTTTGGACAAGAAGCCAA,0,526758
araCp,0.16666666666666666,5,5,GCTTGGAAAGTTCAGGCGAG,0,531303
araCp,0.16666666666666666,5,5,GCTTGATCGGCCTCCGTCTG,0,580584
araCp,0.16666666666666666,5,5,GCTTAGAGCAAATACTACAA,0,575044
araCp,0.16666666666666666,5,5,GCTTAACTTGGAAAGACCTT,0,573528
araCp,0.16666666666666666,5,5,GCTGGGTTATGTTAGACAAA,0,540468
araCp,0.16666666666666666,5,5,GCTGCTCCAGGTGTGGCTCC,0,539040
araCp,0.16666666666666666,5,5,GCTGCCGCGAGTTTGGTCTC,0,573076
araCp,0.16666666666666666,5,5,GCTGCCCCACCTAATGGCCA,0,564268
araCp,0.16666666666666666,5,5,GCTGAATACTGCATCAATTT,0,546735
araCp,0.16666666666666666,5,5,GCTCGTTTCCAGCAAGCTAC,0,572174
araCp,0.16666666666666666,5,5,GCTCGTGGGCACAGCGAAGC,0,576187
araCp,0.16666666666666666,5,5,GCTCGTCTAAGGTAGGTATG,0,563820
araCp,0.16666666666666666,5,5,GCTCGGATCGTTGTAAGCTT,0,583906
araCp,0.16666666666666666,5,5,GCTCGAGGTCTAAAAGAAAC,0,598205
araCp,0.16666666666666666,5,5,GCTCCGCCTCCGCCCGGTAT,0,602647
araCp,0.16666666666666666,5,5,GCTCCCAGTTCACTAGAGTT,0,526208
araCp,0.16666666666666666,5,5,GCTCCCAGAAACCTTACCTG,0,565343
araCp,0.16666666666666666,5,5,GCTCACTTACTACCGCCAAC,0,555714
araCp,0.16666666666666666,5,5,GCTCAAGCGAAAGCGGTACG,0,540174
araCp,0.16666666666666666,5,5,GCTATCAGGACCTCTGGCGC,0,554178
araCp,0.16666666666666666,5,5,GCTAGCGGTCCTCTACTGGT,0,603409
araCp,0.16666666666666666,5,5,GCTAGAGCGGTCGAGCTACT,0,575429
araCp,0.16666666666666666,5,5,GCTACATTCTCAAGATCTTG,0,546059
araCp,0.16666666666666666,5,5,GCTAAGCTATCTGCCAACTC,0,550087
araCp,0.16666666666666666,5,5,GCTAAAGCGGTCATCATTGG,0,547789
araCp,0.16666666666666666,5,5,GCGTTGGGCGGTGGGCTCCT,0,527380
araCp,0.16666666666666666,5,5,GCGTGTCGCTCAGCTAGTGA,0,580049
araCp,0.16666666666666666,5,5,GCGTGATCTTTTTTCCCTGG,0,595365
araCp,0.16666666666666666,5,5,GCGTCTTATAAGGTAAGTCG,0,546390
araCp,0.16666666666666666,5,5,GCGTCGTCCCTTCGCGTGCA,0,576849
araCp,0.16666666666666666,5,5,GCGTCATAAGAGAACGGGGA,0,542789
araCp,0.16666666666666666,5,5,GCGGTTGGTCTTGTGTGTTT,0,602236
araCp,0.16666666666666666,5,5,GCGGTGACCAGCTTGCACAT,0,600777
araCp,0.16666666666666666,5,5,GCGGTCCGGAGCACGATAAA,0,574291
araCp,0.16666666666666666,5,5,GCGGGGTGCACGTGGCACGG,0,590844
araCp,0.16666666666666666,5,5,GCGGCTTGGCTAGATGGATA,0,581068
araCp,0.16666666666666666,5,5,GCGGCTTCATGGCTCATGAG,0,555388
araCp,0.16666666666666666,5,5,GCGGCCGATGAACACTAGCG,0,537718
araCp,0.16666666666666666,5,5,GCGGATCCTTTTCGATTCAT,0,537899
araCp,0.16666666666666666,5,5,GCGGACATTTGACGTTTTAC,0,556878
araCp,0.16666666666666666,5,5,GCGGAAGACGACAGCATTTA,0,550438
araCp,0.16666666666666666,5,5,GCGCTTTCAGCACCATATTA,0,568666
araCp,0.16666666666666666,5,5,GCGCTTGAGGAATATCGTCT,0,575064
araCp,0.16666666666666666,5,5,GCGCTGGCATTGCGGACTAG,0,540047
araCp,0.16666666666666666,5,5,GCGCCATATTCTAGTGGCCG,0,533879
araCp,0.16666666666666666,5,5,GCGCCAGCTTTGGTGCCTAT,0,531459
araCp,0.16666666666666666,5,5,GCGCAAGGTTATGCTTTATT,0,563477
araCp,0.16666666666666666,5,5,GCGCAAGACGCTGACTGGAT,0,582126
araCp,0.16666666666666666,5,5,GCGATGTCGCTCGATAAGGG,0,586631
araCp,0.16666666666666666,5,5,GCGAGAGAGAAGCACGTGTT,0,562296
araCp,0.16666666666666666,5,5,GCGAGACGACTCGACGCGTA,0,545951
araCp,0.16666666666666666,5,5,GCGACTTGGCTCTTCGTTAT,0,562946
araCp,0.16666666666666666,5,5,GCGACGGGGGTCAATGAGAA,0,548961
araCp,0.16666666666666666,5,5,GCGACGAAATGTCAAAGACT,0,528862
araCp,0.16666666666666666,5,5,GCGACCAGAATATTACGACG,0,593131
araCp,0.16666666666666666,5,5,GCCTTGAGAATACTTATTTG,0,546861
araCp,0.16666666666666666,5,5,GCCTTCTACATCTAGTCCTT,0,601077
araCp,0.16666666666666666,5,5,GCCTCTTGACGCAGATGCGG,0,541211
araCp,0.16666666666666666,5,5,GCCGGGCGCGGACGGAATTC,0,531039
araCp,0.16666666666666666,5,5,GCCGGATTACCGTACGATCG,0,525623
araCp,0.16666666666666666,5,5,GCCGCGGGGGTATTTATTCA,0,542151
araCp,0.16666666666666666,5,5,GCCGATGGGCGCGTAGTCTT,0,550300
araCp,0.16666666666666666,5,5,GCCGACGACATATTATCTCC,0,541870
araCp,0.16666666666666666,5,5,GCCGAACTACCTCTTTCCCG,0,556033
araCp,0.16666666666666666,5,5,GCCCGCGAAACTGTTACCGT,0,602193
araCp,0.16666666666666666,5,5,GCCCCGAGCGTTTTGTTGGA,0,561620
araCp,0.16666666666666666,5,5,GCCAGTGGCTTGTCACGTTT,0,561801
araCp,0.16666666666666666,5,5,GCCAGTAGCCAATCTGTGGA,0,540001
araCp,0.16666666666666666,5,5,GCCAGAACTGTCGAGGGCGA,0,540344
araCp,0.16666666666666666,5,5,GCCACTTAAGCCGGGCTCGT,0,575942
araCp,0.16666666666666666,5,5,GCCACTGTGCGGATACCTTC,0,570939
araCp,0.16666666666666666,5,5,GCCACTGCGAATATACCCTC,0,583451
araCp,0.16666666666666666,5,5,GCCACGGTTGTCGAGGTCCT,0,587106
araCp,0.16666666666666666,5,5,GCCAAATATGACGGGAGGTA,0,594631
araCp,0.16666666666666666,5,5,GCATTTGGGGCGGACAATTA,0,602198
araCp,0.16666666666666666,5,5,GCATTGGTACGTACATATGC,0,593333
araCp,0.16666666666666666,5,5,GCATTCATATTCGTTTGTTT,0,575799
araCp,0.16666666666666666,5,5,GCATTCACTGATCTCAGGGA,0,535094
araCp,0.16666666666666666,5,5,GCATTCAAGTTTGCCTCTGC,0,535472
araCp,0.16666666666666666,5,5,GCATTATCTGGCCCTCAATC,0,585403
araCp,0.16666666666666666,5,5,GCATGTTCTAAGCGCCCCCT,0,595352
araCp,0.16666666666666666,5,5,GCATATCACGGTCCTCTCTA,0,544646
araCp,0.16666666666666666,5,5,GCATAGTACAGGCGGTTAGT,0,590710
araCp,0.16666666666666666,5,5,GCATACCTAGCGTACATTCC,0,547830
araCp,0.16666666666666666,5,5,GCATAAACGTTCCCCATACT,0,581633
araCp,0.16666666666666666,5,5,GCAGTTTCAACCCTTGCGTT,0,528542
araCp,0.16666666666666666,5,5,GCAGTTTATCGAGACCGCGG,0,525754
araCp,0.16666666666666666,5,5,GCAGTAGGTCGGGACAGTTT,0,586157
araCp,0.16666666666666666,5,5,GCAGATGTACTAAGTGCATG,0,569836
araCp,0.16666666666666666,5,5,GCAGAGAGGGGACGTAATCC,0,560777
araCp,0.16666666666666666,5,5,GCAGAAACTCACACCATGGG,0,561192
araCp,0.16666666666666666,5,5,GCACTTTCAACATGGCGGTT,0,545240
araCp,0.16666666666666666,5,5,GCACGGGGATCTAAGAGACA,0,539462
araCp,0.16666666666666666,5,5,GCACGGCAGGAGGGGAGGGA,0,540963
araCp,0.16666666666666666,5,5,GCACAGATCCTTAAACTTTC,0,544416
araCp,0.16666666666666666,5,5,GCACAAATAATCGTCTCTGG,0,603240
araCp,0.16666666666666666,5,5,GCAATTCTACTTTTACAGGG,0,559045
araCp,0.16666666666666666,5,5,GCAAGTTTAACTCTCAGATC,0,571920
araCp,0.16666666666666666,5,5,GCAACGTTACGATAGGATAT,0,571914
araCp,0.16666666666666666,5,5,GCAAAGCCGACAGGTAAGAC,0,602780
araCp,0.16666666666666666,5,5,GATTGATTGTATGCCATACA,0,547167
araCp,0.16666666666666666,5,5,GATTGAAACCAGTTATCGTA,0,529289
araCp,0.16666666666666666,5,5,GATTATGTGTGCTACGCTGC,0,580541
araCp,0.16666666666666666,5,5,GATTACGTCAAAACTTCCTC,0,530850
araCp,0.16666666666666666,5,5,GATTAAGGATAGATATAATG,0,538664
araCp,0.16666666666666666,5,5,GATGTGCTTTGCTCGCCCCT,0,544030
araCp,0.16666666666666666,5,5,GATGTGCATCATTTGACCCT,0,585503
araCp,0.16666666666666666,5,5,GATGTACTAGTCCAGATGGG,0,583213
araCp,0.16666666666666666,5,5,GATGGGCGGCTGATTTGTAG,0,526747
araCp,0.16666666666666666,5,5,GATGGCTACTGATAGTAGCG,0,529868
araCp,0.16666666666666666,5,5,GATGGCGGGTCGGGACACAG,0,602156
araCp,0.16666666666666666,5,5,GATGGACCAAAAACAGCCTG,0,556737
araCp,0.16666666666666666,5,5,GATGCCACTTTACCGGGCTC,0,602290
araCp,0.16666666666666666,5,5,GATGCAACTAGGTGGTCTTA,0,549459
araCp,0.16666666666666666,5,5,GATGAAGGCCCGAGAGCAGA,0,557088
araCp,0.16666666666666666,5,5,GATCTGAGATTTAACCGATT,0,590085
araCp,0.16666666666666666,5,5,GATCGCGTCTTCACTAACTC,0,527195
araCp,0.16666666666666666,5,5,GATCGAGCACTGCGGTCTAA,0,548691
araCp,0.16666666666666666,5,5,GATCCTTATTGAGAGTAAAT,0,549297
araCp,0.16666666666666666,5,5,GATCCGTACCATGGCTCGCG,0,558185
araCp,0.16666666666666666,5,5,GATCCCGGGGATCTAATCAT,0,597700
araCp,0.16666666666666666,5,5,GATATTCCCGGGACGTGGTC,0,569356
araCp,0.16666666666666666,5,5,GATATCGGTCCCCAGACGAA,0,570583
araCp,0.16666666666666666,5,5,GATAGAGACGAGTTTGGGAA,0,529501
araCp,0.16666666666666666,5,5,GATACGATTTGAGTGGAGGG,0,553986
araCp,0.16666666666666666,5,5,GATAAAATTCTAAGCCTGGA,0,575889
araCp,0.16666666666666666,5,5,GAGTTAGACGGCCGGCTACT,0,569905
araCp,0.16666666666666666,5,5,GAGTGGGAAACGTGACAGTA,0,545845
araCp,0.16666666666666666,5,5,GAGTCTGGCCTATTGTTTAA,0,525968
araCp,0.16666666666666666,5,5,GAGTCGGAAACTTGGCGAAC,0,573408
araCp,0.16666666666666666,5,5,GAGTCATCTTCATTCGCGGC,0,559026
araCp,0.16666666666666666,5,5,GAGTACCCAATTTACATACA,0,546919
araCp,0.16666666666666666,5,5,GAGTAATACCAGGTGCTCAA,0,535629
araCp,0.16666666666666666,5,5,GAGGTTAGCCTCGAGAGTAG,0,531942
araCp,0.16666666666666666,5,5,GAGGGAGAGGTCAGAAGACG,0,574538
araCp,0.16666666666666666,5,5,GAGGCTTTATGCAAGGTCTC,0,602347
araCp,0.16666666666666666,5,5,GAGGCTACCCCAGTTTCAAA,0,601978
araCp,0.16666666666666666,5,5,GAGGCCGTTCAACACCACTA,0,544624
araCp,0.16666666666666666,5,5,GAGGACGTGCTCTAGGCTGG,0,562944
araCp,0.16666666666666666,5,5,GAGCGTCGAACTGACAAGGC,0,528760
araCp,0.16666666666666666,5,5,GAGCCTCGGACTTTAACGTT,0,562827
araCp,0.16666666666666666,5,5,GAGCATGGTGGTCTCCAGCC,0,563430
araCp,0.16666666666666666,5,5,GAGCACTGCATGGTGGGACT,0,590941
araCp,0.16666666666666666,5,5,GAGCACCAGAAATTTAAACA,0,562019
araCp,0.16666666666666666,5,5,GAGCACATCGGTCCTGTGGA,0,536016
araCp,0.16666666666666666,5,5,GAGAGGGTCCGAGAAAGGCC,0,575722
araCp,0.16666666666666666,5,5,GAGACGACGACCGGACATTG,0,556872
araCp,0.16666666666666666,5,5,GAGACCCTCTGCACGGACTA,0,552331
araCp,0.16666666666666666,5,5,GAGACAGTCCGGCTCATGAT,0,534397
araCp,0.16666666666666666,5,5,GACTTTGTCGGAGCTCAAAA,0,558152
araCp,0.16666666666666666,5,5,GACTTGGGCATGTAGTTTTA,0,531616
araCp,0.16666666666666666,5,5,GACTGGGTAATTAGATGAGC,0,529665
araCp,0.16666666666666666,5,5,GACTGGCCGCTCGCATGCGT,0,551087
araCp,0.16666666666666666,5,5,GACTGCCAAGGCGAAGTCCT,0,575178
araCp,0.16666666666666666,5,5,GACTCGGTGACTAGGGTCGT,0,597583
araCp,0.16666666666666666,5,5,GACTAGCTTTAGCACGGATT,0,565585
araCp,0.16666666666666666,5,5,GACGTTTATACATCCGAAGC,0,544264
araCp,0.16666666666666666,5,5,GACGTGTGCTATTCTACCAG,0,533813
araCp,0.16666666666666666,5,5,GACGCTGGGGCTACAATAAC,0,553123
araCp,0.16666666666666666,5,5,GACGCCGCGTGAGCTTTCGC,0,589254
araCp,0.16666666666666666,5,5,GACGCACCAGCTCGCAATTC,0,569366
araCp,0.16666666666666666,5,5,GACGAGCAGGTAGAGCCGGT,0,582070
araCp,0.16666666666666666,5,5,GACCTGATTTCACAGTTCGT,0,533407
araCp,0.16666666666666666,5,5,GACCTACCTGTTTTTCGCCG,0,530881
araCp,0.16666666666666666,5,5,GACCGTGCGAACTGGACAAT,0,573777
araCp,0.16666666666666666,5,5,GACCAAGACCTTTTTGTCAA,0,531968
araCp,0.16666666666666666,5,5,GACATCCGGAGTGCAGTTTG,0,552992
araCp,0.16666666666666666,5,5,GACATAGCTTAATGAGTGGT,0,558095
araCp,0.16666666666666666,5,5,GACAGCGTGACAAGGGGGAG,0,553055
araCp,0.16666666666666666,5,5,GACACATTGGGAATTACGAA,0,533130
araCp,0.16666666666666666,5,5,GACAAGGTCATGCCAGCGGA,0,591515
araCp,0.16666666666666666,5,5,GACAACTGGCAACTCGTCTC,0,555481
araCp,0.16666666666666666,5,5,GACAACAGCCCGATAAGAAA,0,586970
araCp,0.16666666666666666,5,5,GACAAAGGATACCCTGAGCT,0,549068
araCp,0.16666666666666666,5,5,GAATGTAAGAGTTCTCCACT,0,556280
araCp,0.16666666666666666,5,5,GAATGGTACTTTTATGGAAA,0,593263
araCp,0.16666666666666666,5,5,GAATCAGTGCTATGACCTGG,0,601360
araCp,0.16666666666666666,5,5,GAAGTAGAACGCCACTCGCC,0,558504
araCp,0.16666666666666666,5,5,GAAGGGGCCGGCAAAAGTGG,0,568880
araCp,0.16666666666666666,5,5,GAAGGGAGCGGTTGCTGTAT,0,597739
araCp,0.16666666666666666,5,5,GAAGCGTTCCTCGGAGGACG,0,579775
araCp,0.16666666666666666,5,5,GAAGCATCCAATCAGTAAGT,0,564258
araCp,0.16666666666666666,5,5,GAAGAGTTAGAGCCTTTCGC,0,573978
araCp,0.16666666666666666,5,5,GAAGAGGCTTTATACGGCCA,0,568345
araCp,0.16666666666666666,5,5,GAAGACTTCCGCCGCGTAGG,0,545378
araCp,0.16666666666666666,5,5,GAACTGTCGCTCAAAGGGAC,0,527838
araCp,0.16666666666666666,5,5,GAACTCGGTTCTAGGCACTA,0,597210
araCp,0.16666666666666666,5,5,GAACGGAGTGTTACAAACGG,0,592272
araCp,0.16666666666666666,5,5,GAACCTATAGCAAGTCGGTT,0,547890
araCp,0.16666666666666666,5,5,CTTTTTGATCGACTTTCTCC,0,560052
araCp,0.16666666666666666,5,5,CTTTTTATCACACACGCAGC,0,600163
araCp,0.16666666666666666,5,5,CTTGTTTAGGCACTGATAGA,0,592697
araCp,0.16666666666666666,5,5,CTTGTCCACTTATTGATCGG,0,581589
araCp,0.16666666666666666,5,5,CTTGGGGCACGGAGACACAC,0,568681
araCp,0.16666666666666666,5,5,CTTGGATCACTATCGAACGA,0,557575
araCp,0.16666666666666666,5,5,CTTGGACTGGTGACGTCGAG,0,572690
araCp,0.16666666666666666,5,5,CTTGATTCGACGCAGCCGCA,0,577937
araCp,0.16666666666666666,5,5,CTTGATAACGTGCCCGTAAT,0,593037
araCp,0.16666666666666666,5,5,CTTGAGCCGGGTCCGCTCGG,0,550834
araCp,0.16666666666666666,5,5,CTTGAGATTGATAGTTTAGA,0,536622
araCp,0.16666666666666666,5,5,CTTGACAACCATAGCTAGAA,0,542180
araCp,0.16666666666666666,5,5,CTTGAATAGATAAGAAAGGC,0,558153
araCp,0.16666666666666666,5,5,CTTCTTTTGTGATGGTGTTT,0,586490
araCp,0.16666666666666666,5,5,CTTCTATAAGCTGACGTGAA,0,597057
araCp,0.16666666666666666,5,5,CTTCTAGAGCAATGCATAAG,0,525636
araCp,0.16666666666666666,5,5,CTTCGTTCTGAGGGCAGCCT,0,596408
araCp,0.16666666666666666,5,5,CTTCGGAGAGCTGACGTCCA,0,535212
araCp,0.16666666666666666,5,5,CTTCCCGCATGTATTAGCGA,0,568794
araCp,0.16666666666666666,5,5,CTTCCAAAGGGAGTGGTCAC,0,570012
araCp,0.16666666666666666,5,5,CTTATTGCAAACGGCTACGA,0,559313
araCp,0.16666666666666666,5,5,CTTATTCATGCACGAATGCG,0,575451
araCp,0.16666666666666666,5,5,CTTATGACTCGCCATACGCC,0,539259
araCp,0.16666666666666666,5,5,CTTACGCACAATTATATAGT,0,577254
araCp,0.16666666666666666,5,5,CTTACCCTATTGTAGGCGTC,0,548693
araCp,0.16666666666666666,5,5,CTTAACTGGCAGGCTAATGA,0,549477
araCp,0.16666666666666666,5,5,CTGTTGATCAAGTGAGAGTA,0,596520
araCp,0.16666666666666666,5,5,CTGTCTTGTAAATGTGAATG,0,544014
araCp,0.16666666666666666,5,5,CTGTCTGCAGCAAATCGTCT,0,546722
araCp,0.16666666666666666,5,5,CTGTCGGCGCCTGGGAAGAA,0,579236
araCp,0.16666666666666666,5,5,CTGTACTATGTCTTTAATTT,0,545614
araCp,0.16666666666666666,5,5,CTGGCAACATTCGGCGACGT,0,588856
araCp,0.16666666666666666,5,5,CTGGAGTTTACCAGATAGTA,0,565816
araCp,0.16666666666666666,5,5,CTGCTTGGGTCTGGTTCTCG,0,544556
araCp,0.16666666666666666,5,5,CTGCGGCCCCATACTAAGGT,0,590344
araCp,0.16666666666666666,5,5,CTGCCAGTGCCACGTCCGAA,0,526800
araCp,0.16666666666666666,5,5,CTGATGGTGTCGCTCCGCGA,0,567338
araCp,0.16666666666666666,5,5,CTGATCCTCCCGGGTAGCCT,0,544797
araCp,0.16666666666666666,5,5,CTGAAATGATTGAGGGGACG,0,543944
araCp,0.16666666666666666,5,5,CTCTTTCGAGCTCTCCGAAC,0,558703
araCp,0.16666666666666666,5,5,CTCTGTGTTCGATAGGGTCA,0,529022
araCp,0.16666666666666666,5,5,CTCTATCTCGAGGGGTGGCC,0,534010
araCp,0.16666666666666666,5,5,CTCTAGGATGTTCTGTGACT,0,585434
araCp,0.16666666666666666,5,5,CTCGTTTTGAGGCGCTATGA,0,581180
araCp,0.16666666666666666,5,5,CTCGTTCCTTTCTTTCCTAG,0,547609
araCp,0.16666666666666666,5,5,CTCGTTAAGGGTAATATTAT,0,569125
araCp,0.16666666666666666,5,5,CTCGTCGGCTATAACCGCGC,0,602224
araCp,0.16666666666666666,5,5,CTCGGCTGCCTTGCGACTGT,0,601295
araCp,0.16666666666666666,5,5,CTCGATGGCATCCGCGCTGG,0,543079
araCp,0.16666666666666666,5,5,CTCGATAACTAACATAAAGA,0,530058
araCp,0.16666666666666666,5,5,CTCGAACGCATAACATCGTA,0,602185
araCp,0.16666666666666666,5,5,CTCCTTTGTTTCGATGAATT,0,574751
araCp,0.16666666666666666,5,5,CTCCTTGGCGCGGTGCTGTC,0,586321
araCp,0.16666666666666666,5,5,CTCCTTACGACAGTCGGTGG,0,583584
araCp,0.16666666666666666,5,5,CTCCTACTGGCGAACGGTGC,0,545457
araCp,0.16666666666666666,5,5,CTCCGTCAGAAAAATATAAC,0,579178
araCp,0.16666666666666666,5,5,CTCCACGCCGTCTCTCGTAA,0,543342
araCp,0.16666666666666666,5,5,CTCATGTAGTGGAGATGCGT,0,584051
araCp,0.16666666666666666,5,5,CTCAGATCGACGAAACGCGA,0,601167
araCp,0.16666666666666666,5,5,CTCAAGGGGCTACATTTCTC,0,589866
araCp,0.16666666666666666,5,5,CTCAAGGACGCTGAACGCAT,0,540111
araCp,0.16666666666666666,5,5,CTATTCCACTCCGTACCAGA,0,598038
araCp,0.16666666666666666,5,5,CTATGCGCATTAAATGGACG,0,544826
araCp,0.16666666666666666,5,5,CTATAAACGTTAAAGTGGGT,0,528689
araCp,0.16666666666666666,5,5,CTAGGGTCAGACACGGGAAT,0,531910
araCp,0.16666666666666666,5,5,CTAGGCACCTGGTTTTTAGA,0,582015
araCp,0.16666666666666666,5,5,CTAGGCACACTGTGAAGTTT,0,594981
araCp,0.16666666666666666,5,5,CTAGCTCGGGGTCGTGTGGT,0,526059
araCp,0.16666666666666666,5,5,CTAGCATTTTATGGGAAGTA,0,554344
araCp,0.16666666666666666,5,5,CTAGCAGTCGCTCGAAACGT,0,603288
araCp,0.16666666666666666,5,5,CTAGATCGGTAAACAATTGT,0,601232
araCp,0.16666666666666666,5,5,CTAGATACGAGCCTCATTTC,0,563556
araCp,0.16666666666666666,5,5,CTAGAGATGTCTTGGGCCAT,0,565805
araCp,0.16666666666666666,5,5,CTAGACGGACCAATCTTCTC,0,562278
araCp,0.16666666666666666,5,5,CTACTCATCTCCACATGCCC,0,565252
araCp,0.16666666666666666,5,5,CTACTATACAGCGGCAAGGC,0,592154
araCp,0.16666666666666666,5,5,CTACCCGTATACTTGATCTT,0,583031
araCp,0.16666666666666666,5,5,CTACCCCCCAATCTGCCAAC,0,588844
araCp,0.16666666666666666,5,5,CTACCCAGTTCGTGCGTCAT,0,560538
araCp,0.16666666666666666,5,5,CTACCAGTTTCTCGATCGCC,0,559812
araCp,0.16666666666666666,5,5,CTACACAACAAGCTCATCCT,0,565065
araCp,0.16666666666666666,5,5,CGTTTGTCATGGCACCCGTA,0,543039
araCp,0.16666666666666666,5,5,CGTTTGTACATGTAGACTAA,0,585347
araCp,0.16666666666666666,5,5,CGTTTCGGAACACACCGTTG,0,546699
araCp,0.16666666666666666,5,5,CGTTGCTACTCAAGGGACTT,0,582314
araCp,0.16666666666666666,5,5,CGTTATCACGACCACAAGGA,0,555371
araCp,0.16666666666666666,5,5,CGTTAAAATGAGGGCGCCCA,0,594835
araCp,0.16666666666666666,5,5,CGTGTAAAGGGGTAATTTCC,0,549420
araCp,0.16666666666666666,5,5,CGTGGTGTCGCTAACGGCAG,0,579079
araCp,0.16666666666666666,5,5,CGTGGAACTCCACGCCGTTT,0,569291
araCp,0.16666666666666666,5,5,CGTGCTTCTTTAACGACGAG,0,541134
araCp,0.16666666666666666,5,5,CGTGCATTGGACCCTACGCT,0,532141
araCp,0.16666666666666666,5,5,CGTCGGCATGGCTTAACCCT,0,554789
araCp,0.16666666666666666,5,5,CGTCCTGGGTAACCTGTTTC,0,540863
araCp,0.16666666666666666,5,5,CGTCCGGGTCACGCTCACAG,0,589114
araCp,0.16666666666666666,5,5,CGTCACGGCTCCAACACTCG,0,574400
araCp,0.16666666666666666,5,5,CGTCAAACCTTAATATTGGC,0,530000
araCp,0.16666666666666666,5,5,CGTATGGCAGTGGTCGTTGC,0,541057
araCp,0.16666666666666666,5,5,CGTATGCTTGTTATTCTATT,0,570417
araCp,0.16666666666666666,5,5,CGTAGTTGCTTGCGTGGTAA,0,531642
araCp,0.16666666666666666,5,5,CGTAGTGGACGTCAATGATA,0,540396
araCp,0.16666666666666666,5,5,CGTAGTATACTGAGGACCTG,0,593797
araCp,0.16666666666666666,5,5,CGTAGCTGATAGATTTGCCC,0,560988
araCp,0.16666666666666666,5,5,CGTACACGTCCATATGGGAA,0,575711
araCp,0.16666666666666666,5,5,CGTAAGTAACATAGGCCGGC,0,558941
araCp,0.16666666666666666,5,5,CGGTGTCGATGCAACATTGC,0,535466
araCp,0.16666666666666666,5,5,CGGTGGCATCTATAAGTATT,0,568893
araCp,0.16666666666666666,5,5,CGGTATAACATTGAACGGAA,0,528208
araCp,0.16666666666666666,5,5,CGGTACGGCCAGAATAATCC,0,600029
araCp,0.16666666666666666,5,5,CGGTAAGAATATCGCTACTT,0,534008
araCp,0.16666666666666666,5,5,CGGGTAGGAGGCGCTCGTCT,0,566721
araCp,0.16666666666666666,5,5,CGGGGTCGTGCGCACTACTC,0,561473
araCp,0.16666666666666666,5,5,CGGGGGCGTACTCCCTGTTT,0,579229
araCp,0.16666666666666666,5,5,CGGGGGCAGGCAATGGTTGT,0,544064
araCp,0.16666666666666666,5,5,CGGGGGACGCTTGCAATTCA,0,567550
araCp,0.16666666666666666,5,5,CGGGGAACATTCTCATTCGA,0,594166
araCp,0.16666666666666666,5,5,CGGGCTTTCCTAATCTAATG,0,566888
araCp,0.16666666666666666,5,5,CGGGCAACTCACAGTGAGTG,0,581434
araCp,0.16666666666666666,5,5,CGGGATACGGGAATGCGGTC,0,555683
araCp,0.16666666666666666,5,5,CGGGACTGCTTGGAAAACAT,0,572975
araCp,0.16666666666666666,5,5,CGGGACATTTATAGGGCATA,0,560565
araCp,0.16666666666666666,5,5,CGGGACATAACGTGTTCGGA,0,551070
araCp,0.16666666666666666,5,5,CGGGAAGCACTTGCGCATAT,0,600014
araCp,0.16666666666666666,5,5,CGGCTTGGATGGAGTATAGC,0,572704
araCp,0.16666666666666666,5,5,CGGCTTGACTTATCCTTCGC,0,532524
araCp,0.16666666666666666,5,5,CGGCTTCTGTGGTAATTGCC,0,567080
araCp,0.16666666666666666,5,5,CGGCGGTTTCGGTGATCGGC,0,552525
araCp,0.16666666666666666,5,5,CGGCGGTGGAGAGAAGGACT,0,536265
araCp,0.16666666666666666,5,5,CGGCGGGTGAGAGAGCCTAT,0,600326
araCp,0.16666666666666666,5,5,CGGCAGTTTACGCCTATTCT,0,583985
araCp,0.16666666666666666,5,5,CGGATGGGTGGGGGTTGTCA,0,577510
araCp,0.16666666666666666,5,5,CGGAGGGCTTCATAGATCTG,0,541894
araCp,0.16666666666666666,5,5,CGGAGGCATGAGTGTTTTAG,0,554386
araCp,0.16666666666666666,5,5,CGGACCATACATAACTGCCT,0,538602
araCp,0.16666666666666666,5,5,CGGACAGGACCTTCCCTCAT,0,539068
araCp,0.16666666666666666,5,5,CGGACAAAGTACCGGTGGAA,0,544607
araCp,0.16666666666666666,5,5,CGGAATACAATACGCGGGTG,0,537912
araCp,0.16666666666666666,5,5,CGGAAGTCGCACTTTAACCT,0,539773
araCp,0.16666666666666666,5,5,CGCTTTCCATAGGCTTTTAA,0,588987
araCp,0.16666666666666666,5,5,CGCTTGACCGTCAATAGAAC,0,546165
araCp,0.16666666666666666,5,5,CGCTGGTGCTGCTGTGCGGC,0,548859
araCp,0.16666666666666666,5,5,CGCTGCGATTGGGGAGGGTC,0,573643
araCp,0.16666666666666666,5,5,CGCTCGAGTCCTACCCTCCG,0,570075
araCp,0.16666666666666666,5,5,CGCTCCCTACTGTAACGCGT,0,530450
araCp,0.16666666666666666,5,5,CGCTATACGTGCAGGCCAGT,0,549392
araCp,0.16666666666666666,5,5,CGCTACTGTGGTATGACCGC,0,562771
araCp,0.16666666666666666,5,5,CGCGTTCTGGCGGCAATTAG,0,584470
araCp,0.16666666666666666,5,5,CGCGCTTTCAGATGCCTAAG,0,582732
araCp,0.16666666666666666,5,5,CGCGCAGCCGCACGCATCGC,0,599508
araCp,0.16666666666666666,5,5,CGCGACTATCCATCTTTCTA,0,532765
araCp,0.16666666666666666,5,5,CGCCGTCTTCCGATCTTAAC,0,555707
araCp,0.16666666666666666,5,5,CGCCGGAACGGGCGAAACAA,0,566053
araCp,0.16666666666666666,5,5,CGCCGAATGGCCAAGAATGT,0,540181
araCp,0.16666666666666666,5,5,CGCCCAGCTCGAGGGCACGG,0,529737
araCp,0.16666666666666666,5,5,CGCCATCACGATGTCCAACA,0,542614
araCp,0.16666666666666666,5,5,CGCATCTTGTTGTACTAACG,0,565333
araCp,0.16666666666666666,5,5,CGCACCGGGCTCTGTCTGGT,0,552857
araCp,0.16666666666666666,5,5,CGCAAGCGCGCCATGTCATG,0,602386
araCp,0.16666666666666666,5,5,CGCAACTAGGTCAACGAGTG,0,530447
araCp,0.16666666666666666,5,5,CGCAAAGCTCTGACTTAGGC,0,572745
araCp,0.16666666666666666,5,5,CGATTTACGTTTAATTCGTT,0,545819
araCp,0.16666666666666666,5,5,CGATTGCTGGTCGGGCAGAT,0,544176
araCp,0.16666666666666666,5,5,CGATTCCACAGGACTCGGCC,0,569183
araCp,0.16666666666666666,5,5,CGATTAGTCGTCCATGCAAC,0,527481
araCp,0.16666666666666666,5,5,CGATGAGGGCATTCCACGTC,0,546912
araCp,0.16666666666666666,5,5,CGATATAGACAAGGTCTGTT,0,592552
araCp,0.16666666666666666,5,5,CGATAAGGTGGGAGGGCAAA,0,527610
araCp,0.16666666666666666,5,5,CGAGTGATAGCAGCATACTG,0,563549
araCp,0.16666666666666666,5,5,CGAGGGTCCATGAGGAAGTG,0,566226
araCp,0.16666666666666666,5,5,CGAGCGTGACGACACTTACA,0,602150
araCp,0.16666666666666666,5,5,CGAGCACTTGAGGGCAGTGG,0,580340
araCp,0.16666666666666666,5,5,CGACTGTTTTAAATACGCTT,0,548865
araCp,0.16666666666666666,5,5,CGACTAGAAGCCGTCTAGCA,0,573068
araCp,0.16666666666666666,5,5,CGACTACGTGGGCCATCAGG,0,597664
araCp,0.16666666666666666,5,5,CGACTAATTGTGGCAGTCCG,0,528747
araCp,0.16666666666666666,5,5,CGACGGACTAACGACACTCG,0,590179
araCp,0.16666666666666666,5,5,CGACCTGAATGCATATTACT,0,580723
araCp,0.16666666666666666,5,5,CGACCTATAAGGTACATGGC,0,535489
araCp,0.16666666666666666,5,5,CGACCATGACGTACCTCGCA,0,561267
araCp,0.16666666666666666,5,5,CGACCAGACGAAGATATAAT,0,591393
araCp,0.16666666666666666,5,5,CGACATCTTCAATTACCCGC,0,538842
araCp,0.16666666666666666,5,5,CGACAGTAAGGTTTCTTCGG,0,579308
araCp,0.16666666666666666,5,5,CGACACACGGCTACTCCTGC,0,576618
araCp,0.16666666666666666,5,5,CGAATGTAAGGCTATGACAA,0,534159
araCp,0.16666666666666666,5,5,CGAAGGAGAGAAAAGAACCC,0,601432
araCp,0.16666666666666666,5,5,CGAAGACAACCGTTAGATCA,0,545439
araCp,0.16666666666666666,5,5,CGAACATGGCGAGCCGCAGG,0,550095
araCp,0.16666666666666666,5,5,CGAAAGGGGGATGATTGACA,0,540077
araCp,0.16666666666666666,5,5,CGAAACGCCCCTTTCGGGAT,0,529777
araCp,0.16666666666666666,5,5,CCTTGTTGACGTAGGTTGTA,0,583564
araCp,0.16666666666666666,5,5,CCTTGTTCGGCCCCATTAGA,0,571140
araCp,0.16666666666666666,5,5,CCTTGGCTTTTAACATATGA,0,599347
araCp,0.16666666666666666,5,5,CCTTGCACGGGAAGGGTCTA,0,526573
araCp,0.16666666666666666,5,5,CCTTGAATAGCCGAGATGAT,0,548293
araCp,0.16666666666666666,5,5,CCTTCTCAAAGCATATAGCC,0,534772
araCp,0.16666666666666666,5,5,CCTTCATGGGAGTTACAAAT,0,535181
araCp,0.16666666666666666,5,5,CCTTACTCAAAATTAGAGTT,0,573760
araCp,0.16666666666666666,5,5,CCTTACCTACATAATCACAC,0,577501
araCp,0.16666666666666666,5,5,CCTGTTCTTAGCCAATCTGG,0,565287
araCp,0.16666666666666666,5,5,CCTGTTACAGTACGGTATGA,0,563141
araCp,0.16666666666666666,5,5,CCTGTCGTGTCTTCGCAATG,0,557686
araCp,0.16666666666666666,5,5,CCTGGTATTCCATGGAATAA,0,562748
araCp,0.16666666666666666,5,5,CCTGGGGACCGGCGGGGACA,0,586503
araCp,0.16666666666666666,5,5,CCTGCTGCGGCTTGTTTAAG,0,551526
araCp,0.16666666666666666,5,5,CCTGCGACAACCGCGTGGGA,0,526699
araCp,0.16666666666666666,5,5,CCTGACGGTTTGTCAGAACA,0,538935
araCp,0.16666666666666666,5,5,CCTCTGGCACGCACTATGAA,0,531755
araCp,0.16666666666666666,5,5,CCTCGGCACATTGAAACAGA,0,574194
araCp,0.16666666666666666,5,5,CCTCCTCGCACACAGCAGAT,0,593872
araCp,0.16666666666666666,5,5,CCTCAACCTTGGGGCTTAAG,0,526778
araCp,0.16666666666666666,5,5,CCTATGTAAGCCCGAGTGAC,0,552527
araCp,0.16666666666666666,5,5,CCTATCTCAGTCCGAGCCGT,0,553030
araCp,0.16666666666666666,5,5,CCTAGGTCACGTTAACTCAA,0,573454
araCp,0.16666666666666666,5,5,CCTAGCCGTCTGGAGGAAAT,0,545653
araCp,0.16666666666666666,5,5,CCTAGATCTGCCGTATGGCC,0,542570
araCp,0.16666666666666666,5,5,CCTAGAGAGCGAGCTACCCA,0,556012
araCp,0.16666666666666666,5,5,CCTAATTAATACGCAAGCCC,0,568540
araCp,0.16666666666666666,5,5,CCTAACTACACTACACGCTT,0,600631
araCp,0.16666666666666666,5,5,CCGTTCTTGGCAAAATTCTC,0,571507
araCp,0.16666666666666666,5,5,CCGTTCAGGTAAGTATATAT,0,602338
araCp,0.16666666666666666,5,5,CCGTGTGCGGACCAGGTGGA,0,535986
araCp,0.16666666666666666,5,5,CCGTGTATGCTGTGATATGG,0,579432
araCp,0.16666666666666666,5,5,CCGTGGTGCAAGCTATTGCT,0,576769
araCp,0.16666666666666666,5,5,CCGTGGTCCGTCCGGCACCT,0,547020
araCp,0.16666666666666666,5,5,CCGTATTTAAATTAGTAGTT,0,528845
araCp,0.16666666666666666,5,5,CCGTATGTATCGATGCTGAT,0,589276
araCp,0.16666666666666666,5,5,CCGTAGTTTGCGGTAAGAGA,0,545007
araCp,0.16666666666666666,5,5,CCGTAACAGCTGTAGGCATT,0,569505
araCp,0.16666666666666666,5,5,CCGGTGTCGCCGGTCCGCTA,0,532669
araCp,0.16666666666666666,5,5,CCGGTGGCCTAATGATGCCT,0,559548
araCp,0.16666666666666666,5,5,CCGGTCAAAGCTTAAGTTTG,0,527102
araCp,0.16666666666666666,5,5,CCGGGTATCCGTTGCGCGCA,0,569050
araCp,0.16666666666666666,5,5,CCGGCATCAAGGCGCATCAG,0,540280
araCp,0.16666666666666666,5,5,CCGGATGCCGGGCGCCAACA,0,550490
araCp,0.16666666666666666,5,5,CCGGAATTCTACCACAGCCG,0,547506
araCp,0.16666666666666666,5,5,CCGGAAATTGCTGGAGTGGA,0,575349
araCp,0.16666666666666666,5,5,CCGCTACTCTCGCTAAGCTT,0,575231
araCp,0.16666666666666666,5,5,CCGCGGGACTTGCACCAAGA,0,592015
araCp,0.16666666666666666,5,5,CCGCAATTAATCAGAACGCC,0,551324
araCp,0.16666666666666666,5,5,CCGCAACCTGAGTGGCAATT,0,593961
araCp,0.16666666666666666,5,5,CCGAGAGCCGCGAGCGGCGT,0,559569
araCp,0.16666666666666666,5,5,CCGACAAGTAATCAGTGCGT,0,558275
araCp,0.16666666666666666,5,5,CCGAACGAGCCCTGACGAGC,0,571992
araCp,0.16666666666666666,5,5,CCCTTTAAATGGTGTCGCAA,0,578510
araCp,0.16666666666666666,5,5,CCCTTGTGTGTTCCGGGAAT,0,566568
araCp,0.16666666666666666,5,5,CCCTGTCGTACGGTGACGTT,0,559809
araCp,0.16666666666666666,5,5,CCCTGCACAAAGACCGTATC,0,583243
araCp,0.16666666666666666,5,5,CCCTCAGGGACCTTTTTTAG,0,534754
araCp,0.16666666666666666,5,5,CCCTATCATCCTTACAAGGC,0,576324
araCp,0.16666666666666666,5,5,CCCTATATATCAGTATTGGA,0,597175
araCp,0.16666666666666666,5,5,CCCTAGGGCATTCTCGCCCT,0,557973
araCp,0.16666666666666666,5,5,CCCGTTATTACATATCGGAC,0,560389
araCp,0.16666666666666666,5,5,CCCGGTCCGGCGTACCTCGG,0,585208
araCp,0.16666666666666666,5,5,CCCGGGCGCTTACTGTCGCC,0,601373
araCp,0.16666666666666666,5,5,CCCGGCGTGAAAATCCTTAA,0,593393
araCp,0.16666666666666666,5,5,CCCGCCTTCCAGTAAAGAAT,0,548980
araCp,0.16666666666666666,5,5,CCCGCCTTCAACCGATTGGG,0,576308
araCp,0.16666666666666666,5,5,CCCGCCTTAACGGGTCGATG,0,535235
araCp,0.16666666666666666,5,5,CCCGAGATGCTAGCATACAG,0,575700
araCp,0.16666666666666666,5,5,CCCCTCATGAGGGCTGTTAA,0,536787
araCp,0.16666666666666666,5,5,CCCCGTCTGCCTAATTTGGA,0,533488
araCp,0.16666666666666666,5,5,CCCCGCTCTCATAATGGAAG,0,578488
araCp,0.16666666666666666,5,5,CCCCCCATGACTCGGCGTTG,0,559883
araCp,0.16666666666666666,5,5,CCCCATTCGGAAAGTTCCAT,0,570532
araCp,0.16666666666666666,5,5,CCCCATTATCGAATAATCTC,0,541266
araCp,0.16666666666666666,5,5,CCCCACATCAACTCACGTGT,0,556387
araCp,0.16666666666666666,5,5,CCCCAATATCCCGGAGAGCT,0,547097
araCp,0.16666666666666666,5,5,CCCATCTCTACCGAATAGTT,0,568693
araCp,0.16666666666666666,5,5,CCCAGGCTGGCTGTCTGTCC,0,529569
araCp,0.16666666666666666,5,5,CCCAGGATGAACCTATGGAA,0,568224
araCp,0.16666666666666666,5,5,CCCACTTGGCGGCTGAGTAA,0,534570
araCp,0.16666666666666666,5,5,CCCAATTATGCACCTCGCGG,0,571566
araCp,0.16666666666666666,5,5,CCATTGTAGGTTGCGGCGCT,0,573485
araCp,0.16666666666666666,5,5,CCATTGGGGGAGTCGGCACA,0,572376
araCp,0.16666666666666666,5,5,CCATGCAAATTTCGTTATTC,0,530899
araCp,0.16666666666666666,5,5,CCATCTTACAGGGGAATTAA,0,561735
araCp,0.16666666666666666,5,5,CCATCCTTCATCCCCAGTTG,0,565906
araCp,0.16666666666666666,5,5,CCATAGGCCACCTTTATTAT,0,545861
araCp,0.16666666666666666,5,5,CCAGTTTTTGAAAATCGCCA,0,568349
araCp,0.16666666666666666,5,5,CCAGTTTTATAGAAGCTCAA,0,583986
araCp,0.16666666666666666,5,5,CCAGTGGGGTAGGCGCCTAC,0,569391
araCp,0.16666666666666666,5,5,CCAGTCCTCGGTGGATGGTA,0,603272
araCp,0.16666666666666666,5,5,CCAGTAGCGGGGCTGCGTGT,0,558674
araCp,0.16666666666666666,5,5,CCAGGAATTTATGTTACCAT,0,602481
araCp,0.16666666666666666,5,5,CCAGCTATTGGGAACAAACT,0,556859
araCp,0.16666666666666666,5,5,CCAGCAGGGACGACGGATAT,0,571589
araCp,0.16666666666666666,5,5,CCAGAAGGTTTACTGCAATA,0,555577
araCp,0.16666666666666666,5,5,CCACTGGGATAACTTTCTTA,0,544409
araCp,0.16666666666666666,5,5,CCACGTTGCAGTTCGAGAAA,0,584270
araCp,0.16666666666666666,5,5,CCACGTCCAGTCACGACACA,0,533278
araCp,0.16666666666666666,5,5,CCACCTGTAAAACGTCCATA,0,559871
araCp,0.16666666666666666,5,5,CCACCTGGCTGCCCCAGACT,0,596121
araCp,0.16666666666666666,5,5,CCAAGTCCCTATAGACGTTG,0,558921
araCp,0.16666666666666666,5,5,CCAAGTATTCGTACGGTTAA,0,547773
araCp,0.16666666666666666,5,5,CCAAGAATGGCTCTGCATCA,0,539435
araCp,0.16666666666666666,5,5,CCAAGAATCATTCAAATAAC,0,534353
araCp,0.16666666666666666,5,5,CCAACTAGGGAACAGTGCAT,0,591364
araCp,0.16666666666666666,5,5,CCAACGGCCACATAGTGAGC,0,538516
araCp,0.16666666666666666,5,5,CCAAACGACCACTCCGTTGT,0,559207
araCp,0.16666666666666666,5,5,CATTTACAGGAGTACATTGC,0,539201
araCp,0.16666666666666666,5,5,CATTGCGACCGTCATTAAAG,0,526763
araCp,0.16666666666666666,5,5,CATTGACTCGGTACTAGCGA,0,595342
araCp,0.16666666666666666,5,5,CATTGAATCGCCAAAGGGGG,0,542100
araCp,0.16666666666666666,5,5,CATTCGCCGGGTCTCTTCCT,0,594683
araCp,0.16666666666666666,5,5,CATTACGGTTTTCTCATACT,0,602053
araCp,0.16666666666666666,5,5,CATTACCCAAGTCCAAAAGT,0,535989
araCp,0.16666666666666666,5,5,CATGTTGATAGGGGGAACTA,0,590586
araCp,0.16666666666666666,5,5,CATGTGCTCCTAAGGTCAGA,0,559068
araCp,0.16666666666666666,5,5,CATGTCCTAACGTAATCCTC,0,562921
araCp,0.16666666666666666,5,5,CATGTCCCCACTGGTGAACG,0,572859
araCp,0.16666666666666666,5,5,CATGGGGTAGAGACAAAATC,0,603702
araCp,0.16666666666666666,5,5,CATGGACACCGGGATCCCGT,0,531977
araCp,0.16666666666666666,5,5,CATGCGTTTAACGTAATATT,0,530809
araCp,0.16666666666666666,5,5,CATCTGTTTCGGGGGGGGCG,0,567630
araCp,0.16666666666666666,5,5,CATCGGTAGCAAGCGGTGAA,0,556266
araCp,0.16666666666666666,5,5,CATCGCGTGACAGCTTGAAG,0,602297
araCp,0.16666666666666666,5,5,CATCCTGGGGGAGGAAATGG,0,562323
araCp,0.16666666666666666,5,5,CATCCTATAGAGAGTCGGTC,0,538490
araCp,0.16666666666666666,5,5,CATCCGCGCGAGCGAATCGA,0,557926
araCp,0.16666666666666666,5,5,CATCAGGGAAGGAGTATCGT,0,550868
araCp,0.16666666666666666,5,5,CATCAGCGCCAGCCACCCGG,0,573297
araCp,0.16666666666666666,5,5,CATCAACGATGAGGTTTACC,0,528713
araCp,0.16666666666666666,5,5,CATATGTCTCTATTATTCAG,0,556195
araCp,0.16666666666666666,5,5,CATAGGAGCTGCTATAAGCA,0,577169
araCp,0.16666666666666666,5,5,CAGTTTCATGGAGTCTGACA,0,529676
araCp,0.16666666666666666,5,5,CAGTTCGGAGGGGTATGTGT,0,530831
araCp,0.16666666666666666,5,5,CAGTTACTGTGATCACCCAT,0,591429
araCp,0.16666666666666666,5,5,CAGTGGGTGGGAGAAATTGA,0,554100
araCp,0.16666666666666666,5,5,CAGTGGGCGTGGAGCAATGT,0,570602
araCp,0.16666666666666666,5,5,CAGTCGCCTTCCCAGGGACT,0,597362
araCp,0.16666666666666666,5,5,CAGTATAGTTTCAGTTATGG,0,574973
araCp,0.16666666666666666,5,5,CAGGCGACGACACGACAAGA,0,577093
araCp,0.16666666666666666,5,5,CAGGATTAGGCAAGTGTACC,0,544139
araCp,0.16666666666666666,5,5,CAGGAGGGGGTACTGCGTCG,0,534182
araCp,0.16666666666666666,5,5,CAGCTTTGGCCAATCTGGCA,0,587903
araCp,0.16666666666666666,5,5,CAGCTGAATAGGTTCACATA,0,579783
araCp,0.16666666666666666,5,5,CAGCGGTGATAGGTTCGTAA,0,544107
araCp,0.16666666666666666,5,5,CAGCGAGGCCAGTGATATGA,0,533465
araCp,0.16666666666666666,5,5,CAGCCTGGGACAAGAATGTG,0,538832
araCp,0.16666666666666666,5,5,CAGCCGTCTTTTCTCGCGAT,0,602957
araCp,0.16666666666666666,5,5,CAGCAGGAAGGGCTTTTGAA,0,536263
araCp,0.16666666666666666,5,5,CAGATGTCCGGGGGGACAAT,0,577530
araCp,0.16666666666666666,5,5,CAGATCAAGTGGCGTTGGGT,0,598768
araCp,0.16666666666666666,5,5,CAGAGTCTATTTACTTGAAG,0,566266
araCp,0.16666666666666666,5,5,CAGAGCAATGTTAACTAGAT,0,552711
araCp,0.16666666666666666,5,5,CAGAGACTTATCGGCGATCG,0,553884
araCp,0.16666666666666666,5,5,CAGAACGAGCTAGGAAGAGA,0,590138
araCp,0.16666666666666666,5,5,CAGAAACCATGAGAAAGGGG,0,542678
araCp,0.16666666666666666,5,5,CACTTATCTTGCTCCTTAAG,0,546773
araCp,0.16666666666666666,5,5,CACTGATATCAGGGTAAGTA,0,576810
araCp,0.16666666666666666,5,5,CACTCATGCGTGAATAAGGG,0,539754
araCp,0.16666666666666666,5,5,CACTAATGCCTCGGCCTTAC,0,552551
araCp,0.16666666666666666,5,5,CACGTGTGCGCCAAGGCATG,0,582196
araCp,0.16666666666666666,5,5,CACGTCGGAAATTGTCCCTT,0,602242
araCp,0.16666666666666666,5,5,CACGTCGAAAGTAAGGAGAA,0,594580
araCp,0.16666666666666666,5,5,CACGTACGGGCTGGCCCTCT,0,578823
araCp,0.16666666666666666,5,5,CACGGTCGGACGCTGAAGTA,0,576414
araCp,0.16666666666666666,5,5,CACGGTCAACCAGGAGCCTG,0,562993
araCp,0.16666666666666666,5,5,CACGGAGCAGGGTTTGATAT,0,561625
araCp,0.16666666666666666,5,5,CACGCTCGGGCCTTCGGGGG,0,567346
araCp,0.16666666666666666,5,5,CACCGCCTATTACCATCTCT,0,528249
araCp,0.16666666666666666,5,5,CACCCGTTTCGTCCTGTTGA,0,535485
araCp,0.16666666666666666,5,5,CACATATTTGTTCATAGAGG,0,539310
araCp,0.16666666666666666,5,5,CACATATTGTCAGGGGAACA,0,593728
araCp,0.16666666666666666,5,5,CACAGTTTGATACCGATGTG,0,577137
araCp,0.16666666666666666,5,5,CACAGCACAAAGAGAGTGGT,0,530028
araCp,0.16666666666666666,5,5,CACACGGTTCGAACTGTAAA,0,535182
araCp,0.16666666666666666,5,5,CACAAACAGCCCAAAACTTT,0,558854
araCp,0.16666666666666666,5,5,CAATTTACGATTTTAACTAA,0,561434
araCp,0.16666666666666666,5,5,CAATGTAATGGAAGCATGAG,0,577504
araCp,0.16666666666666666,5,5,CAATATGACACGGACGGGCA,0,600855
araCp,0.16666666666666666,5,5,CAATAACTGGGTCCCTAAGA,0,531805
araCp,0.16666666666666666,5,5,CAAGGTTACGGCAAGTGGAG,0,545052
araCp,0.16666666666666666,5,5,CAAGGGGTCACTATCCTGCA,0,546693
araCp,0.16666666666666666,5,5,CAAGCCTTTTGTCTCTAGAG,0,586562
araCp,0.16666666666666666,5,5,CAAGATGGATGAGAAGGATA,0,540726
araCp,0.16666666666666666,5,5,CAACTGGGAGCTCCTTTCCG,0,562847
araCp,0.16666666666666666,5,5,CAACTGGCGGTTGTTATCCT,0,581408
araCp,0.16666666666666666,5,5,CAACTAGACGATCCAAGGTA,0,585081
araCp,0.16666666666666666,5,5,CAACCCATTATTGCTTCTGG,0,541310
araCp,0.16666666666666666,5,5,CAACAACCCCAGGTCAGAAA,0,529441
araCp,0.16666666666666666,5,5,CAACAAACGGTGCAATAGGG,0,571393
araCp,0.16666666666666666,5,5,CAAATGCCGAACGCTGTTCG,0,602795
araCp,0.16666666666666666,5,5,CAAATCCAGCTCACTCTCGT,0,549796
araCp,0.16666666666666666,5,5,CAAATACTTCCCGTAGTACG,0,528257
araCp,0.16666666666666666,5,5,CAAAGTCCTTGCAGAACTCG,0,562001
araCp,0.16666666666666666,5,5,CAAAGGGTATACATGAACAC,0,591427
araCp,0.16666666666666666,5,5,CAAACTAATGTGTGCTACAC,0,541013
araCp,0.16666666666666666,5,5,CAAAAGCTCGATTTGTGATC,0,534012
araCp,0.16666666666666666,5,5,ATTTTTGCGCCGGTACGGTT,0,529475
araCp,0.16666666666666666,5,5,ATTTTGACCACTGCAGCCAT,0,536858
araCp,0.16666666666666666,5,5,ATTTTCTGTTTCTCGGAAGC,0,598206
araCp,0.16666666666666666,5,5,ATTTGGTAACGGTTGCGCGC,0,546846
araCp,0.16666666666666666,5,5,ATTTGATTTACATACTCTCA,0,560474
araCp,0.16666666666666666,5,5,ATTTCTTGTTTAGGCTTCTT,0,561741
araCp,0.16666666666666666,5,5,ATTTCTTCCACATTTCCTAC,0,578237
araCp,0.16666666666666666,5,5,ATTTCGGTGGAGAGTTGCTT,0,557283
araCp,0.16666666666666666,5,5,ATTTCCCTGGTACCTGGCGA,0,567289
araCp,0.16666666666666666,5,5,ATTTATCCGTCGCAACGCGT,0,535470
araCp,0.16666666666666666,5,5,ATTTAGCTTTGGGTTCTAAA,0,570293
araCp,0.16666666666666666,5,5,ATTTACGAGCGGTTCCTCTT,0,586198
araCp,0.16666666666666666,5,5,ATTTAACTCTCCCCGGGACA,0,533530
araCp,0.16666666666666666,5,5,ATTGTTGCCAGCCGGTTTTC,0,557171
araCp,0.16666666666666666,5,5,ATTGTGTGGGACAAGGTACC,0,553758
araCp,0.16666666666666666,5,5,ATTGGGGTGTAGCGGCTCTT,0,563709
araCp,0.16666666666666666,5,5,ATTGATAGCTGGAGGAATCT,0,590775
araCp,0.16666666666666666,5,5,ATTCTGAAAGAACGGTTTGA,0,526364
araCp,0.16666666666666666,5,5,ATTCCGCCTCCTTCACTTTA,0,586272
araCp,0.16666666666666666,5,5,ATTCCCCGAATCCTCAACTC,0,540972
araCp,0.16666666666666666,5,5,ATTCCCATTGAGTTCATATA,0,583802
araCp,0.16666666666666666,5,5,ATTCAGGGCGAGTGGCACCG,0,556829
araCp,0.16666666666666666,5,5,ATTCAGGCTTGGGTCCCTTT,0,579859
araCp,0.16666666666666666,5,5,ATTCACGTGTAGCTGGACAA,0,534394
araCp,0.16666666666666666,5,5,ATTCAAAACATTAAACTCGT,0,558907
araCp,0.16666666666666666,5,5,ATTATTGCTCTTCGGCTTCG,0,544902
araCp,0.16666666666666666,5,5,ATTAGGAGACATCGCCCTCA,0,587586
araCp,0.16666666666666666,5,5,ATTACGTTGTTGCATTCAAC,0,573404
araCp,0.16666666666666666,5,5,ATTACAGACGCTGATGCGGG,0,585259
araCp,0.16666666666666666,5,5,ATTAAACACATTTGAGATGC,0,550143
araCp,0.16666666666666666,5,5,ATGTTCGTCAACCACCGAGA,0,549204
araCp,0.16666666666666666,5,5,ATGTTCAAACGCTGGCTTGG,0,569502
araCp,0.16666666666666666,5,5,ATGTTACGTCTTTAATTTTG,0,546723
araCp,0.16666666666666666,5,5,ATGTGATCGCATCAGCCACT,0,595727
araCp,0.16666666666666666,5,5,ATGTCTGCGGGAGGACATCA,0,586822
araCp,0.16666666666666666,5,5,ATGTCCACGAGGCCTCTTAT,0,584856
araCp,0.16666666666666666,5,5,ATGTACCCGGACAGCCCGAC,0,542014
araCp,0.16666666666666666,5,5,ATGGTGATGGGGGCGCCCGC,0,590128
araCp,0.16666666666666666,5,5,ATGGTCTAAACTCATATAAA,0,564785
araCp,0.16666666666666666,5,5,ATGGGTTTAGTCCTATATAT,0,545655
araCp,0.16666666666666666,5,5,ATGGGGTATAGTCCTTCTTT,0,580227
araCp,0.16666666666666666,5,5,ATGGGCTCGATAACCACTCT,0,551652
araCp,0.16666666666666666,5,5,ATGGGAGATACCCGAACCCA,0,566739
araCp,0.16666666666666666,5,5,ATGGCTAGCCAAGGGGAGGG,0,556638
araCp,0.16666666666666666,5,5,ATGGCCGTGTAAGTAGTGAC,0,578344
araCp,0.16666666666666666,5,5,ATGCGGTGAACGAGCAATAG,0,560334
araCp,0.16666666666666666,5,5,ATGCGGTATGTCACACCAGG,0,544767
araCp,0.16666666666666666,5,5,ATGCGGGGATAGTCATTCGT,0,556845
araCp,0.16666666666666666,5,5,ATGCCAGGCTCGACGCCGTA,0,585133
araCp,0.16666666666666666,5,5,ATGCATATGTTGGGTCGGGC,0,587482
araCp,0.16666666666666666,5,5,ATGCACAAGTTAGCGGTTCC,0,591264
araCp,0.16666666666666666,5,5,ATGATCGCCATTGGCCACGA,0,588950
araCp,0.16666666666666666,5,5,ATGATAAGCGTAAAATACTC,0,528588
araCp,0.16666666666666666,5,5,ATGATAAGAGATTAGGTCGG,0,592436
araCp,0.16666666666666666,5,5,ATGAGCCGGATTGATAGTGA,0,553995
araCp,0.16666666666666666,5,5,ATGAATCCTTTCTAGCTCTA,0,530448
araCp,0.16666666666666666,5,5,ATCTTATGGGATAACAGCTA,0,595218
araCp,0.16666666666666666,5,5,ATCTTACAATCGGTTTGAGA,0,567425
araCp,0.16666666666666666,5,5,ATCTCCTCGGATATAGCATG,0,568684
araCp,0.16666666666666666,5,5,ATCTATCATACACTGGAAAG,0,571048
araCp,0.16666666666666666,5,5,ATCGGTAGTCTATTTCGTAA,0,599049
araCp,0.16666666666666666,5,5,ATCGCGCGTGGAAGTGAGGG,0,535588
araCp,0.16666666666666666,5,5,ATCGCCCTGGGCTACTCGGC,0,542714
araCp,0.16666666666666666,5,5,ATCGAGTATCTTACGCCGGA,0,575830
araCp,0.16666666666666666,5,5,ATCGAACGTCACTCTGTTGC,0,564623
araCp,0.16666666666666666,5,5,ATCCGCTGCTAGGATGACCT,0,587290
araCp,0.16666666666666666,5,5,ATCCGACAACGGCTCTTAGA,0,566801
araCp,0.16666666666666666,5,5,ATCCCGCATTACAGAGCAAA,0,534843
araCp,0.16666666666666666,5,5,ATCCACTACTGGGAACTCTC,0,576137
araCp,0.16666666666666666,5,5,ATCATTTACACGCTGTAGTT,0,574527
araCp,0.16666666666666666,5,5,ATCATCGGGTATATTGCCCG,0,541297
araCp,0.16666666666666666,5,5,ATCATCCTTTCATAGCACCA,0,574016
araCp,0.16666666666666666,5,5,ATCAGTGCGGTCCTCATGTG,0,573497
araCp,0.16666666666666666,5,5,ATCAGTCCGGTTGTTGCCGG,0,561194
araCp,0.16666666666666666,5,5,ATCAGAAACGGGACATTTTT,0,570597
araCp,0.16666666666666666,5,5,ATCACTTCCATAACTACCCC,0,583061
araCp,0.16666666666666666,5,5,ATCACTGAATCGTTGCGCTC,0,529717
araCp,0.16666666666666666,5,5,ATCACCTCCAGAAATCGTTA,0,534684
araCp,0.16666666666666666,5,5,ATCACACAATACGTATTGTA,0,530869
araCp,0.16666666666666666,5,5,ATATTGCCGGAACGCCGCCT,0,587486
araCp,0.16666666666666666,5,5,ATATTAGAAGACAGGGGGTT,0,563866
araCp,0.16666666666666666,5,5,ATATGACCCGTAGGTATTCT,0,570090
araCp,0.16666666666666666,5,5,ATATATTAGCTGTCGCATTA,0,534256
araCp,0.16666666666666666,5,5,ATATACTCCCGTTGCACGAG,0,580200
araCp,0.16666666666666666,5,5,ATATAAAACGAAAGAAAAGG,0,548660
araCp,0.16666666666666666,5,5,ATAGTTCACGAAAGGTTTTC,0,530365
araCp,0.16666666666666666,5,5,ATAGTCTTATGTGAGATAAG,0,592485
araCp,0.16666666666666666,5,5,ATAGCTGGGAGCAGTTACCT,0,586785
araCp,0.16666666666666666,5,5,ATAGCTCGAATGGGAGTTTC,0,544510
araCp,0.16666666666666666,5,5,ATAGCGGTTATCCATACGTC,0,540224
araCp,0.16666666666666666,5,5,ATAGCCAATCGGAATATGCT,0,548992
araCp,0.16666666666666666,5,5,ATAGACCCCTAAACCCGCGT,0,560409
araCp,0.16666666666666666,5,5,ATAGACACGGGGTGCAACAC,0,560327
araCp,0.16666666666666666,5,5,ATACGGTTGACTTAGGCAAG,0,569660
araCp,0.16666666666666666,5,5,ATACCAGATGGTCATGGTGT,0,541885
araCp,0.16666666666666666,5,5,ATACATAACAGGGGTACAAT,0,567995
araCp,0.16666666666666666,5,5,ATACAACTATCGAAAGTAGC,0,541633
araCp,0.16666666666666666,5,5,ATAATTTTCTATTAGATCAA,0,541747
araCp,0.16666666666666666,5,5,ATAATTGGTATTAGCCCTTC,0,590217
araCp,0.16666666666666666,5,5,ATAAGGGATGTTTTGACTGC,0,591014
araCp,0.16666666666666666,5,5,ATAAGGCTCTCGCCAAAACC,0,541270
araCp,0.16666666666666666,5,5,ATAAGACCACCAGTCTTAAG,0,551872
araCp,0.16666666666666666,5,5,ATAACTGTCTCTATAAGGCT,0,578168
araCp,0.16666666666666666,5,5,ATAACGTCTGCTATGGTGGA,0,541206
araCp,0.16666666666666666,5,5,ATAACCCGACGTCATGCGGA,0,556138
araCp,0.16666666666666666,5,5,ATAACATGGTTAAATAGACG,0,542823
araCp,0.16666666666666666,5,5,ATAAATGCCGTGGACCTGGT,0,598621
araCp,0.16666666666666666,5,5,ATAAAGGCTTGGATCGGCGT,0,595877
araCp,0.16666666666666666,5,5,AGTTTTCGGGATCTTGAGCA,0,533726
araCp,0.16666666666666666,5,5,AGTTTGATGGTGGCCTCCGT,0,573809
araCp,0.16666666666666666,5,5,AGTTTCCATACGTGCTATTA,0,551690
araCp,0.16666666666666666,5,5,AGTTTAGTGCACTCCGGAAA,0,558692
araCp,0.16666666666666666,5,5,AGTTGGTTACTCGTGGGTTG,0,560190
araCp,0.16666666666666666,5,5,AGTTGGACCATTCAGGGTTT,0,544499
araCp,0.16666666666666666,5,5,AGTTGCTTCGGTAGGAGAAC,0,583201
araCp,0.16666666666666666,5,5,AGTTCAGCTGATACTGATTC,0,535950
araCp,0.16666666666666666,5,5,AGTGTGACCACGAAAGAGAA,0,578768
araCp,0.16666666666666666,5,5,AGTGTAAATGCATATAGTGA,0,545928
araCp,0.16666666666666666,5,5,AGTGGTGTAATGGAGCGCCT,0,599817
araCp,0.16666666666666666,5,5,AGTGGGCTAATCAACGGAAA,0,566105
araCp,0.16666666666666666,5,5,AGTGGCCCTGATAAGGCGAT,0,535677
araCp,0.16666666666666666,5,5,AGTGCGTCCGTCGGCCTACG,0,536008
araCp,0.16666666666666666,5,5,AGTGCCCGGGCACGGGACAG,0,582840
araCp,0.16666666666666666,5,5,AGTGATGTGATATGCGGACC,0,553847
araCp,0.16666666666666666,5,5,AGTGAAGTCTAGGAATGCTC,0,568711
araCp,0.16666666666666666,5,5,AGTCTTATCCTGCCTACATG,0,570454
araCp,0.16666666666666666,5,5,AGTCTGTTAGGCTTTAAACA,0,535241
araCp,0.16666666666666666,5,5,AGTCTCACAGCTTCCTCGGT,0,530689
araCp,0.16666666666666666,5,5,AGTCTAGTCGCGCTCCTAGG,0,546983
araCp,0.16666666666666666,5,5,AGTCGCGCCCCTGTTTACTC,0,535615
araCp,0.16666666666666666,5,5,AGTCGAGTGCCTCCAATGAT,0,578124
araCp,0.16666666666666666,5,5,AGTCCACCCCAGCGTCTACA,0,533454
araCp,0.16666666666666666,5,5,AGTATAGACATAACCCCACA,0,596833
araCp,0.16666666666666666,5,5,AGTATACATGGACTGGGTTT,0,599584
araCp,0.16666666666666666,5,5,AGTATACACATTTAGATGTA,0,543481
araCp,0.16666666666666666,5,5,AGTAGAATTCTTATGAACTG,0,563648
araCp,0.16666666666666666,5,5,AGTACACAGGGCTATTTATA,0,587414
araCp,0.16666666666666666,5,5,AGTAAGGTGATAAAGACTAC,0,580678
araCp,0.16666666666666666,5,5,AGGTTGTCTCGTCGTAGTGT,0,587399
araCp,0.16666666666666666,5,5,AGGTTGATAGAGGCCTGGTC,0,547459
araCp,0.16666666666666666,5,5,AGGTGTTGTGCCTTCTAATT,0,578022
araCp,0.16666666666666666,5,5,AGGTATGTGAGTACTCGAAT,0,531878
araCp,0.16666666666666666,5,5,AGGTATCACCCAACTCTGTG,0,549583
araCp,0.16666666666666666,5,5,AGGTAGGTCGTACTTTGTTA,0,575573
araCp,0.16666666666666666,5,5,AGGTAGCTATCATCCAGCAC,0,557264
araCp,0.16666666666666666,5,5,AGGTACTATGACATTCTGCT,0,593860
araCp,0.16666666666666666,5,5,AGGGTTGATTGTGAATCATC,0,548344
araCp,0.16666666666666666,5,5,AGGGCCATCAGTCCACTCAG,0,546933
araCp,0.16666666666666666,5,5,AGGCTGCAGCCTACTGTAGG,0,564338
araCp,0.16666666666666666,5,5,AGGCTATCGTAGGTACTGTC,0,539786
araCp,0.16666666666666666,5,5,AGGCGTGGGTTTTGTACTTA,0,556867
araCp,0.16666666666666666,5,5,AGGCGTAAGTGTTCAACGTT,0,562958
araCp,0.16666666666666666,5,5,AGGCCCTAAACTTAACTTGT,0,591612
araCp,0.16666666666666666,5,5,AGGCCCCTGCCCTAAAGCTA,0,581865
araCp,0.16666666666666666,5,5,AGGCCCCTCTGGGTCCCTGC,0,572374
araCp,0.16666666666666666,5,5,AGGCATAATTACAGTCTAAG,0,565325
araCp,0.16666666666666666,5,5,AGGCACAGTTGAAGCTATGA,0,574596
araCp,0.16666666666666666,5,5,AGGATTGGTGGTCAATTGTA,0,564625
araCp,0.16666666666666666,5,5,AGGATGGGATGTGTTCATAT,0,595843
araCp,0.16666666666666666,5,5,AGGAGTTTTGACGTGAAGCT,0,534193
araCp,0.16666666666666666,5,5,AGGAGAGAATCTCAAAGGAT,0,541796
araCp,0.16666666666666666,5,5,AGGAGAACTTAGAACGCTTA,0,597563
araCp,0.16666666666666666,5,5,AGGACTTATCTCTAGATAGC,0,547556
araCp,0.16666666666666666,5,5,AGGACTCAGGATACGGTTTA,0,556415
araCp,0.16666666666666666,5,5,AGGACTAAAGCAGGTATTGG,0,538805
araCp,0.16666666666666666,5,5,AGGAATTCAATCATCTTGTC,0,589371
araCp,0.16666666666666666,5,5,AGCTTTAAATTGCTTCAATA,0,535687
araCp,0.16666666666666666,5,5,AGCTTCATGTGCGGAGGGGG,0,553651
araCp,0.16666666666666666,5,5,AGCTCCTAGTACTGTTTACT,0,554232
araCp,0.16666666666666666,5,5,AGCTCAAGATTAGGTAACGT,0,576213
araCp,0.16666666666666666,5,5,AGCTATTCGGAGCCCAAAGA,0,558232
araCp,0.16666666666666666,5,5,AGCTAGTTGCTTCGTTTCGA,0,562508
araCp,0.16666666666666666,5,5,AGCTAGGCAGCAAGTCCTCT,0,599662
araCp,0.16666666666666666,5,5,AGCGGTATATCATCACGGAC,0,545279
araCp,0.16666666666666666,5,5,AGCGGCGGCTGCTCTTGTAT,0,570894
araCp,0.16666666666666666,5,5,AGCGCCGAATGGCTGCCCGC,0,588849
araCp,0.16666666666666666,5,5,AGCGATTGAGTCAAGGGAAA,0,586254
araCp,0.16666666666666666,5,5,AGCGAGGAGTCACTCACGGT,0,545944
araCp,0.16666666666666666,5,5,AGCGAACACCACATCAGTGA,0,589468
araCp,0.16666666666666666,5,5,AGCGAAATTTCACTTGTCTA,0,565358
araCp,0.16666666666666666,5,5,AGCCTGGTATGAGTGGGTTT,0,556808
araCp,0.16666666666666666,5,5,AGCCCTTACTCTTGTTCGTA,0,566041
araCp,0.16666666666666666,5,5,AGCCATGGAACCCCTGGTAA,0,528435
araCp,0.16666666666666666,5,5,AGCCATGATGCATTACATCT,0,527117
araCp,0.16666666666666666,5,5,AGCCAGTCGTTATTTAACTT,0,576083
araCp,0.16666666666666666,5,5,AGCATGAGTTAGCCACGTCC,0,554857
araCp,0.16666666666666666,5,5,AGCACTGTAGCTACCCAGTT,0,558339
araCp,0.16666666666666666,5,5,AGCACCGAAACCTTAGTGTA,0,593338
araCp,0.16666666666666666,5,5,AGCACCAACCGTTGAGGACG,0,544913
araCp,0.16666666666666666,5,5,AGCAAGTAAACAATTGACTC,0,532308
araCp,0.16666666666666666,5,5,AGCAAAGGTGTCAAGGGTTC,0,601943
araCp,0.16666666666666666,5,5,AGATTGCCGGGAGCTGACCA,0,575138
araCp,0.16666666666666666,5,5,AGATGGAGGTGCCCGTCAGT,0,551888
araCp,0.16666666666666666,5,5,AGATGCTGCCACCAGATCGG,0,603099
araCp,0.16666666666666666,5,5,AGATGCGCCGGTTCATTAGG,0,553299
araCp,0.16666666666666666,5,5,AGATCCAAGCGGTGCCCCCA,0,583935
araCp,0.16666666666666666,5,5,AGATCACGCCTAATTAAGGC,0,547927
araCp,0.16666666666666666,5,5,AGATACTTCTTCGTGCTTCA,0,567700
araCp,0.16666666666666666,5,5,AGAGTACCGTGATCACAGAT,0,536382
araCp,0.16666666666666666,5,5,AGAGGCCTAGACCAATAGCC,0,557294
araCp,0.16666666666666666,5,5,AGAGGAACGCTAAGCTCTGT,0,578214
araCp,0.16666666666666666,5,5,AGAGCTGGCGCCTAACGTGG,0,532800
araCp,0.16666666666666666,5,5,AGAGCTACCCTGGAGATTGT,0,570196
araCp,0.16666666666666666,5,5,AGAGCTAAATGAAGGACAGC,0,549401
araCp,0.16666666666666666,5,5,AGAGACTGGGGCGCGACTGC,0,573189
araCp,0.16666666666666666,5,5,AGAGACATATATTTGAGACG,0,596188
araCp,0.16666666666666666,5,5,AGACTACGCTCAGCCACCAG,0,543974
araCp,0.16666666666666666,5,5,AGACTAAGCGAGATGAATTA,0,558755
araCp,0.16666666666666666,5,5,AGACGCGGCCAGGGCGCCGT,0,545583
araCp,0.16666666666666666,5,5,AGACGCAGAAACAGCCACCA,0,553488
araCp,0.16666666666666666,5,5,AGACCCTCCTGGCTTTTGTC,0,554247
araCp,0.16666666666666666,5,5,AGACCAGCTTCGTGACAAGT,0,533040
araCp,0.16666666666666666,5,5,AGACAACCGGCCACCGCAAC,0,595002
araCp,0.16666666666666666,5,5,AGAATGGAGCATGGATTAAC,0,547882
araCp,0.16666666666666666,5,5,AGAAGTTCGCAGAAATTAAT,0,554084
araCp,0.16666666666666666,5,5,AGAAGGAATACCCCGCGGGT,0,561195
araCp,0.16666666666666666,5,5,AGAAGCCCCGATGCATCAAG,0,541988
araCp,0.16666666666666666,5,5,AGAACTTCTATGGCGCTTGT,0,546298
araCp,0.16666666666666666,5,5,AGAACGTCTATCCCCGCATG,0,590441
araCp,0.16666666666666666,5,5,AGAACAATGTGACGGCGTTT,0,566236
araCp,0.16666666666666666,5,5,AGAAATATGGGGGCGATGGC,0,543699
araCp,0.16666666666666666,5,5,ACTTTAATAACGCGATGACT,0,546246
araCp,0.16666666666666666,5,5,ACTTGTCATAAGGAATGACC,0,563612
araCp,0.16666666666666666,5,5,ACTTATGCTCGACGGAACAT,0,595067
araCp,0.16666666666666666,5,5,ACTTAAGGGTCTGTTTAAAA,0,585020
araCp,0.16666666666666666,5,5,ACTGTTTTTGGCCAGTTTAT,0,534264
araCp,0.16666666666666666,5,5,ACTGTTTGGCGGGGGGTCAC,0,595102
araCp,0.16666666666666666,5,5,ACTGTTCAGGTAAGCAGTAC,0,602714
araCp,0.16666666666666666,5,5,ACTGTGGGCTATTGCGGATC,0,565383
araCp,0.16666666666666666,5,5,ACTGGTCAGAGGCAGGTAGT,0,543062
araCp,0.16666666666666666,5,5,ACTGGCCGAAACACGGTCAA,0,565578
araCp,0.16666666666666666,5,5,ACTGCTCAGCTCACTAGAAG,0,528318
araCp,0.16666666666666666,5,5,ACTGCCACGCTGGGCCCGAC,0,528984
araCp,0.16666666666666666,5,5,ACTGAACGCGGTTTACGATT,0,580076
araCp,0.16666666666666666,5,5,ACTCTGACCAAATTATGGGG,0,589376
araCp,0.16666666666666666,5,5,ACTCTCCGTCGTAAACAATT,0,587582
araCp,0.16666666666666666,5,5,ACTCGTCAGTTAACGGAAAC,0,573791
araCp,0.16666666666666666,5,5,ACTCGATTCAAGTGGTGATT,0,590698
araCp,0.16666666666666666,5,5,ACTCCCACAGTCACCGCGGA,0,566707
araCp,0.16666666666666666,5,5,ACTCATCCAGGGCTGGTCTT,0,570572
araCp,0.16666666666666666,5,5,ACTCAGCTTCGGCTACGTAC,0,576134
araCp,0.16666666666666666,5,5,ACTCACGTTTGATGTAAGAA,0,574706
araCp,0.16666666666666666,5,5,ACTATTAATGGAAGAACACA,0,599443
araCp,0.16666666666666666,5,5,ACTACGCATGCCCTCGACCG,0,564738
araCp,0.16666666666666666,5,5,ACTACCGGCGTCCTAATGAT,0,537915
araCp,0.16666666666666666,5,5,ACTAATATATATTCCAGATC,0,568171
araCp,0.16666666666666666,5,5,ACTAAGACTGGGAATGTATA,0,530284
araCp,0.16666666666666666,5,5,ACGTTTACATTGGTGAACAC,0,567364
araCp,0.16666666666666666,5,5,ACGTTGGTTGTCCCCCACTC,0,587667
araCp,0.16666666666666666,5,5,ACGTTACAACACGGGTATCT,0,588526
araCp,0.16666666666666666,5,5,ACGTGGTCAGGACTCACGAG,0,531424
araCp,0.16666666666666666,5,5,ACGTGAGTCAGAATCCCAAC,0,553357
araCp,0.16666666666666666,5,5,ACGTCTACCGGTCGAAATTA,0,599850
araCp,0.16666666666666666,5,5,ACGTCATACTCTCGGGATAA,0,570777
araCp,0.16666666666666666,5,5,ACGTAGATTGTGGGACGACC,0,543606
araCp,0.16666666666666666,5,5,ACGGTGCAATGAAGATTGGT,0,549104
araCp,0.16666666666666666,5,5,ACGGTCCTGGAAAGGTCCGT,0,542003
araCp,0.16666666666666666,5,5,ACGGTATGCACACATTCGAA,0,566633
araCp,0.16666666666666666,5,5,ACGGTAGAACCCTGTGCAGC,0,569887
araCp,0.16666666666666666,5,5,ACGGGTTTCGTCGTTACCAA,0,572811
araCp,0.16666666666666666,5,5,ACGGGTCTTCGCATTCTTGG,0,590933
araCp,0.16666666666666666,5,5,ACGGCATGATAGCTCCATGT,0,545606
araCp,0.16666666666666666,5,5,ACGGACAGGACTGTGCTCAC,0,581071
araCp,0.16666666666666666,5,5,ACGCTGTTTCCTGTGTCGCC,0,588112
araCp,0.16666666666666666,5,5,ACGCGGGGGTATTCACAGGG,0,583628
araCp,0.16666666666666666,5,5,ACGCGAGAGAGCGAGGAACG,0,556159
araCp,0.16666666666666666,5,5,ACGCCGACCTCCGAGTTGAG,0,570845
araCp,0.16666666666666666,5,5,ACGCCCACGGGTGTAAAAAT,0,530626
araCp,0.16666666666666666,5,5,ACGCCATGGCGAACTCAACG,0,558181
araCp,0.16666666666666666,5,5,ACGCATCGTCCATTTTACAA,0,533822
araCp,0.16666666666666666,5,5,ACGCAACTGTGCGATAGGAA,0,583791
araCp,0.16666666666666666,5,5,ACGACCGTCAGCACCTTGGT,0,585384
araCp,0.16666666666666666,5,5,ACGAATTCTAAACGGGCCGG,0,552058
araCp,0.16666666666666666,5,5,ACGAAGCCACAGCACGCAAA,0,572175
araCp,0.16666666666666666,5,5,ACGAACATTTCATGGAACTG,0,581278
araCp,0.16666666666666666,5,5,ACCTTTTAAGGCTTTTATGT,0,587171
araCp,0.16666666666666666,5,5,ACCTGGCTCAGATACACAGT,0,569435
araCp,0.16666666666666666,5,5,ACCTGCTCCTCACCAAAGTC,0,549654
araCp,0.16666666666666666,5,5,ACCTGATCACTCGGGAACTT,0,570896
araCp,0.16666666666666666,5,5,ACCTATAATGTTGTAGATCA,0,594888
araCp,0.16666666666666666,5,5,ACCTACGCGGCAGGGTTGAT,0,534124
araCp,0.16666666666666666,5,5,ACCTAATATGGTCGTTATTA,0,528727
araCp,0.16666666666666666,5,5,ACCTAAAAGGGACGTGCTGA,0,529030
araCp,0.16666666666666666,5,5,ACCGTGGAGACGTACGGGCG,0,579160
araCp,0.16666666666666666,5,5,ACCGGTCCTTGAACACCACA,0,592487
araCp,0.16666666666666666,5,5,ACCGAGTCAGTAAGTTTCGA,0,571631
araCp,0.16666666666666666,5,5,ACCCTAGGGCATTCGAGTAG,0,545159
araCp,0.16666666666666666,5,5,ACCCTAATTACGGTCATTCG,0,580657
araCp,0.16666666666666666,5,5,ACCCGGCCCTACGTGATACT,0,536125
araCp,0.16666666666666666,5,5,ACCCCAGGCTCACACTACAA,0,600779
araCp,0.16666666666666666,5,5,ACCCATGGGAACCTAGAGAA,0,561890
araCp,0.16666666666666666,5,5,ACCCAGGTTATTAGATAGGA,0,572928
araCp,0.16666666666666666,5,5,ACCCACAGCCCCTGCCCAAT,0,572113
araCp,0.16666666666666666,5,5,ACCCAATGAATGGACCGGTC,0,570171
araCp,0.16666666666666666,5,5,ACCCAAGTCTTTTCCCTGTC,0,588153
araCp,0.16666666666666666,5,5,ACCAAGCTCTTCACCATGGC,0,542859
araCp,0.16666666666666666,5,5,ACATGGGTGTTTTTTCGCGT,0,555147
araCp,0.16666666666666666,5,5,ACATGCTGCGCATTAAGTGT,0,570575
araCp,0.16666666666666666,5,5,ACATGCACACTGACTGCTGT,0,603274
araCp,0.16666666666666666,5,5,ACATCTCAGCGGTCCATTGA,0,586201
araCp,0.16666666666666666,5,5,ACATCCATCCCGTGAGGGTA,0,591583
araCp,0.16666666666666666,5,5,ACAGTTATCCAGGTGAGTAG,0,586900
araCp,0.16666666666666666,5,5,ACAGTAGGCTGAATCGTGTC,0,584254
araCp,0.16666666666666666,5,5,ACAGGTCCGCATCGAGGTTC,0,559276
araCp,0.16666666666666666,5,5,ACAGGGATACTTTCATTTTG,0,546842
araCp,0.16666666666666666,5,5,ACAGCCCAGGCGATGTATTT,0,551320
araCp,0.16666666666666666,5,5,ACAGAGTTACTAGAATGGTC,0,574004
araCp,0.16666666666666666,5,5,ACAGAGGGCTCCCTTTACTT,0,592809
araCp,0.16666666666666666,5,5,ACACTTTTGATCGGGGAATT,0,565283
araCp,0.16666666666666666,5,5,ACACTGCCCTTGAACAGAAC,0,531991
araCp,0.16666666666666666,5,5,ACACTATCAGTAACGTCGTA,0,585206
araCp,0.16666666666666666,5,5,ACACGTAACTAAGCTTCACG,0,597521
araCp,0.16666666666666666,5,5,ACACGGGTTACTTTTGTGCC,0,548779
araCp,0.16666666666666666,5,5,ACACCGTTCAATTACGGTCA,0,554519
araCp,0.16666666666666666,5,5,ACACCATGGGGCCAGTGCTC,0,577352
araCp,0.16666666666666666,5,5,ACACCAGGGAGCTGGGACAC,0,559505
araCp,0.16666666666666666,5,5,ACACAACCGTGGGGGACTTG,0,527718
araCp,0.16666666666666666,5,5,ACAATGTTAAAGGACAATGT,0,586174
araCp,0.16666666666666666,5,5,ACAATGAAATGTCTTGCCCA,0,540637
araCp,0.16666666666666666,5,5,ACAAGGCTTCTGAGAATCGC,0,588970
araCp,0.16666666666666666,5,5,ACAACAGTCCGAGGGAATTT,0,537568
araCp,0.16666666666666666,5,5,ACAAACAACGTCAATCCCAC,0,565303
araCp,0.16666666666666666,5,5,AATTTTTTGGCCATGACTGG,0,534074
araCp,0.16666666666666666,5,5,AATTTTAAGGCGATAATTGT,0,568474
araCp,0.16666666666666666,5,5,AATTTGTTTCGATTATTGTG,0,544272
araCp,0.16666666666666666,5,5,AATTTACCTAGCTAAGAGGC,0,571720
araCp,0.16666666666666666,5,5,AATTGTTGGATTTTTGGGAA,0,548656
araCp,0.16666666666666666,5,5,AATTGCGTTACTTACCGCAG,0,556899
araCp,0.16666666666666666,5,5,AATTATTACGGTTGGCCGTT,0,573964
araCp,0.16666666666666666,5,5,AATTATGCTCGGCAATTTCT,0,586495
araCp,0.16666666666666666,5,5,AATTATCACGATACTGGGTC,0,565109
araCp,0.16666666666666666,5,5,AATGTAGCTGTACAGGTAAC,0,528882
araCp,0.16666666666666666,5,5,AATGGTACCGGACCATAAGC,0,578282
araCp,0.16666666666666666,5,5,AATGCCTGACCGGAGATATT,0,584401
araCp,0.16666666666666666,5,5,AATGCACCGTCAGGCCCAGA,0,528392
araCp,0.16666666666666666,5,5,AATGATTCGATAGAATACAA,0,534089
araCp,0.16666666666666666,5,5,AATCGGGTCTTCCCATGTTA,0,536325
araCp,0.16666666666666666,5,5,AATCCTGTGATTATACGGGT,0,583780
araCp,0.16666666666666666,5,5,AATCATCGCGTAGCAGTACC,0,555835
araCp,0.16666666666666666,5,5,AATCATATAAGTGCCTTAGG,0,581571
araCp,0.16666666666666666,5,5,AATCATAGCGTACAGTTTCC,0,573071
araCp,0.16666666666666666,5,5,AATCAGAGGTTCTAAAAAGT,0,527231
araCp,0.16666666666666666,5,5,AATATTCAGCACGGTCGTAG,0,559954
araCp,0.16666666666666666,5,5,AATAAGGTATGCTCTAACGC,0,591715
araCp,0.16666666666666666,5,5,AATAAAGTCTGAGAGGGCCA,0,571623
araCp,0.16666666666666666,5,5,AATAAAGCTTGGCAGTAACG,0,533299
araCp,0.16666666666666666,5,5,AATAAAATCTCTGGATGTTA,0,593833
araCp,0.16666666666666666,5,5,AAGTTGTCTAGACCGCAAGT,0,529849
araCp,0.16666666666666666,5,5,AAGTTACCAGTTCGGCGCAA,0,576048
araCp,0.16666666666666666,5,5,AAGTGAGATCCCCCCAGACT,0,592370
araCp,0.16666666666666666,5,5,AAGTCGTTAACCGTGGGGAT,0,555381
araCp,0.16666666666666666,5,5,AAGTCACCAGGTGGAAGGGA,0,547384
araCp,0.16666666666666666,5,5,AAGTAAGATCCTAACCTGTG,0,581766
araCp,0.16666666666666666,5,5,AAGGTTGCCCTACGTGTGAA,0,543351
araCp,0.16666666666666666,5,5,AAGGTGTAGGGGCTTACAAT,0,538202
araCp,0.16666666666666666,5,5,AAGGTCGATTTACCCGGTAA,0,576668
araCp,0.16666666666666666,5,5,AAGGTCCCTAGTTCAGTACT,0,600991
araCp,0.16666666666666666,5,5,AAGGTATTGTGCGCACACTC,0,535953
araCp,0.16666666666666666,5,5,AAGGGATTAACTGGACTGCT,0,603424
araCp,0.16666666666666666,5,5,AAGGCTTTCACTGGACTTTC,0,597613
araCp,0.16666666666666666,5,5,AAGGCTTATTAGCATATGAC,0,562458
araCp,0.16666666666666666,5,5,AAGGACCACGATCCAGTATT,0,572753
araCp,0.16666666666666666,5,5,AAGCGGTATCTACCCATGAA,0,538258
araCp,0.16666666666666666,5,5,AAGCGGATCTCCGTGAACGT,0,579610
araCp,0.16666666666666666,5,5,AAGATTAAAATATATTGTCG,0,593799
araCp,0.16666666666666666,5,5,AAGACGGGGGCGAGCGCAGA,0,546331
araCp,0.16666666666666666,5,5,AAGAATTCAACCCGCACTTT,0,562596
araCp,0.16666666666666666,5,5,AAGAATGGGGGATGGTAATA,0,595847
araCp,0.16666666666666666,5,5,AACTTTTCCTGAGTCACTCG,0,549246
araCp,0.16666666666666666,5,5,AACTTGAATGACTTAGTACG,0,565969
araCp,0.16666666666666666,5,5,AACTTCGCAGGATTAGAATG,0,576146
araCp,0.16666666666666666,5,5,AACTGCCGGGATTCTTGGTG,0,552269
araCp,0.16666666666666666,5,5,AACTACAGTCATTGTTTGAT,0,601816
araCp,0.16666666666666666,5,5,AACGTGTAGTCATGTGTTTC,0,577613
araCp,0.16666666666666666,5,5,AACGTGGGGGTTTAAATGAT,0,585637
araCp,0.16666666666666666,5,5,AACGTCGTCTAGCGATGGGT,0,563402
araCp,0.16666666666666666,5,5,AACGTACGTTCCTCATCTCG,0,597718
araCp,0.16666666666666666,5,5,AACGTACACACTATTTTTGC,0,572735
araCp,0.16666666666666666,5,5,AACGGTGTAACAGGTTTTGA,0,554112
araCp,0.16666666666666666,5,5,AACGGCGTGCGTGACGTGCT,0,551185
araCp,0.16666666666666666,5,5,AACGCTCCTTGGCCGACTAA,0,525867
araCp,0.16666666666666666,5,5,AACGCCGCGGAATTCCGTAG,0,568285
araCp,0.16666666666666666,5,5,AACGCAGTCTATTATTTGGT,0,564312
araCp,0.16666666666666666,5,5,AACCGCGCAACATGTTGCGT,0,584904
araCp,0.16666666666666666,5,5,AACCGCCCGGAGAAAGCCGA,0,528289
araCp,0.16666666666666666,5,5,AACCCTTTGCAACCGTGTTT,0,534758
araCp,0.16666666666666666,5,5,AACCCAAAAAAGGCGCTCCA,0,582444
araCp,0.16666666666666666,5,5,AACATGGGAGTGTCGCGTTC,0,582909
araCp,0.16666666666666666,5,5,AACACCCATCACTCTGGGGT,0,566191
araCp,0.16666666666666666,5,5,AAATTTCTGCTCACAGCACG,0,556997
araCp,0.16666666666666666,5,5,AAATTGTGAATCTCTATCTG,0,543993
araCp,0.16666666666666666,5,5,AAATTGGTCGGCAGTAGAAG,0,557998
araCp,0.16666666666666666,5,5,AAATCCTTTGGTCCCTCATT,0,532750
araCp,0.16666666666666666,5,5,AAATCCAGGGTAAAATCTTA,0,582312
araCp,0.16666666666666666,5,5,AAAGGTAGTAGTAAGCTGGT,0,590920
araCp,0.16666666666666666,5,5,AAAGGCCGAATCGATACAGG,0,541042
araCp,0.16666666666666666,5,5,AAAGCGGTGACTGACCTCAT,0,572020
araCp,0.16666666666666666,5,5,AAAGCATCTGAGATATAGCA,0,550230
araCp,0.16666666666666666,5,5,AAAGCAGAGCGGGTACAATA,0,563381
araCp,0.16666666666666666,5,5,AAAGACCGGTCTTAGGAGCG,0,538231
araCp,0.16666666666666666,5,5,AAACTTGCCAAACTGTGCCT,0,542193
araCp,0.16666666666666666,5,5,AAACGTTCACCACACCACGT,0,538858
araCp,0.16666666666666666,5,5,AAACGGTCCCACAGTATGGT,0,547845
araCp,0.16666666666666666,5,5,AAACGCTAGACATGTCCCTT,0,563651
araCp,0.16666666666666666,5,5,AAACCTCACTCCGCCCCGTC,0,582980
araCp,0.16666666666666666,5,5,AAACACCTTTGTCTAAACTC,0,592209
araCp,0.16666666666666666,5,5,AAACACCGCTGTCAAGTGTA,0,548611
araCp,0.16666666666666666,5,5,AAAAGAATAGAAAGGAAACT,0,592796
araCp,0.16666666666666666,5,5,AAAACTTACCACACTTCGAA,0,596228
araCp,0.16666666666666666,5,5,AAAACTGTGCCCAGGCCACC,0,591243
araCp,0.16666666666666666,5,5,AAAACTCTCGTTCGGGGAGG,0,594637
araCp,0.16666666666666666,5,5,AAAAACGATAAGCAGCAACT,0,570596
araCp,0.2,4,4,TTTTTATAGCGCACCTACTA,0,563564
araCp,0.2,4,4,TTTTGAGTTGACATGCAGCC,0,538643
araCp,0.2,4,4,TTTTATCAGTTCAGCTTCGG,0,566357
araCp,0.2,4,4,TTTTAATGAGTTAGTTGTCT,0,551222
araCp,0.2,4,4,TTTTAAGGAACCAGGCTAAG,0,597865
araCp,0.2,4,4,TTTTAAAAGGCGGCAACACG,0,583992
araCp,0.2,4,4,TTTGTGTAACACAGGTAGCA,0,579312
araCp,0.2,4,4,TTTGTATCCCGCTAAGTAGA,0,562797
araCp,0.2,4,4,TTTGGTCGTAGGTCTCTCAA,0,557199
araCp,0.2,4,4,TTTGCGTTTCTCTGCTCGGG,0,525981
araCp,0.2,4,4,TTTGCGCGGGTCATGTGGTG,0,563728
araCp,0.2,4,4,TTTGCGCCGGAATAATACAT,0,564950
araCp,0.2,4,4,TTTGCATTCGCCATATTGAG,0,544749
araCp,0.2,4,4,TTTGCATGAGAGCCAGGCCA,0,556995
araCp,0.2,4,4,TTTCTTAGCATCGGCCAGGT,0,540977
araCp,0.2,4,4,TTTCGGTCACCCAATTGGCG,0,585389
araCp,0.2,4,4,TTTCCTGGCCTATTAGCCCG,0,573293
araCp,0.2,4,4,TTTCCTCGGCCAGTATCTTT,0,594136
araCp,0.2,4,4,TTTCATGTACCTTTAACCGG,0,562064
araCp,0.2,4,4,TTTCATACGCTTTGCAATCA,0,585672
araCp,0.2,4,4,TTTCACCTCGGTGTCACGAA,0,603236
araCp,0.2,4,4,TTTATTCTTTTTGATCCAGG,0,532612
araCp,0.2,4,4,TTTAGGTGCACCGGGTTACA,0,572749
araCp,0.2,4,4,TTTACGTATCTATCTAGTGG,0,573428
araCp,0.2,4,4,TTTACCTCGGGTGCAGCAAA,0,548727
araCp,0.2,4,4,TTTAACGTGTAGTCTCAGAG,0,564572
araCp,0.2,4,4,TTTAAAACGTGTGCACTTCT,0,570954
araCp,0.2,4,4,TTGTTTTACATCGAGCGCCA,0,582259
araCp,0.2,4,4,TTGTTGGATCGCCCGGCTCT,0,534129
araCp,0.2,4,4,TTGTGACGTAGTCGTAGTGT,0,541809
araCp,0.2,4,4,TTGTCTGAGAGGAACGGTTT,0,601126
araCp,0.2,4,4,TTGTCTCGTTTCGAGTTCTC,0,528169
araCp,0.2,4,4,TTGTCTCCGCGTACCTAAGT,0,531205
araCp,0.2,4,4,TTGTCGTTTGGCGGTTATAG,0,587810
araCp,0.2,4,4,TTGTCGGACGGCGACATGTC,0,590342
araCp,0.2,4,4,TTGTCGATTTCAATAGGGTT,0,569107
araCp,0.2,4,4,TTGTCGATGAGACCCCATTT,0,535191
araCp,0.2,4,4,TTGTCAGATACACCCCTTTT,0,578098
araCp,0.2,4,4,TTGGTTTGTGCCTTCTCACA,0,547895
araCp,0.2,4,4,TTGGTTGCTGCCTACGGAAT,0,562803
araCp,0.2,4,4,TTGGTAGTGCTACCACCCTG,0,528215
araCp,0.2,4,4,TTGGTACATAGGTGGAGTGT,0,558155
araCp,0.2,4,4,TTGGTAACTGCTTGAATAGC,0,589935
araCp,0.2,4,4,TTGGGGGGAACGTGTCTAGA,0,601920
araCp,0.2,4,4,TTGGCCAGAGTAGGAATTTG,0,574495
araCp,0.2,4,4,TTGGCCAAACCTCTCACAGG,0,592681
araCp,0.2,4,4,TTGGCAACAAGAATTTCAGC,0,596651
araCp,0.2,4,4,TTGGACGTAAAGGTGCGGCT,0,568977
araCp,0.2,4,4,TTGGAAGTCTCGAGCTTTAC,0,548821
araCp,0.2,4,4,TTGGAAATTACATTGGACGA,0,580612
araCp,0.2,4,4,TTGCTGTGCAGCTCTTCGTA,0,568709
araCp,0.2,4,4,TTGCTAAGGTGTCCGTTTCC,0,528972
araCp,0.2,4,4,TTGCCTGTTAAGCCGGCGCT,0,551249
araCp,0.2,4,4,TTGCCCTAGGGTCTACCAGG,0,533365
araCp,0.2,4,4,TTGCCCAGACCCCCTTGTCC,0,592181
araCp,0.2,4,4,TTGCCATAGCATACAAATTT,0,598453
araCp,0.2,4,4,TTGAGTCGATCCGCATAGTC,0,573566
araCp,0.2,4,4,TTGACTTGGCGTAATTAGTC,0,563654
araCp,0.2,4,4,TTGACTAAGAGTCAAGAGCT,0,598203
araCp,0.2,4,4,TTGACGTTGGTTGGACCAGG,0,586214
araCp,0.2,4,4,TTGACGGAGCGGTTATTTCG,0,545029
araCp,0.2,4,4,TTGAAGGGAGGGCTATTCTA,0,546500
araCp,0.2,4,4,TTGAAATAAATTTAAGACCA,0,579520
araCp,0.2,4,4,TTCTTTATGGTTCGATACTC,0,559405
araCp,0.2,4,4,TTCTGTAAAACCGTTCGTAG,0,570543
araCp,0.2,4,4,TTCTCAGTGCATGGATGGCA,0,585574
araCp,0.2,4,4,TTCTATTAATCAACGCACGA,0,598171
araCp,0.2,4,4,TTCTATAATACGTGAATACT,0,558809
araCp,0.2,4,4,TTCTACGATGTCGTCACCGA,0,576286
araCp,0.2,4,4,TTCGTCTGGCCGTCCCGTTG,0,599309
araCp,0.2,4,4,TTCGGCCCGATTCCCTGGAG,0,569228
araCp,0.2,4,4,TTCGGATGTGGCACCTTATG,0,555544
araCp,0.2,4,4,TTCGCTTTATTCTGCAAAAT,0,585087
araCp,0.2,4,4,TTCCTTACCGCTCCTGATCG,0,544134
araCp,0.2,4,4,TTCCTATGTAGAAGATTTTG,0,554013
araCp,0.2,4,4,TTCCGTGTACGAATGACGAC,0,596095
araCp,0.2,4,4,TTCCGGACTGTCAAATGTAA,0,583416
araCp,0.2,4,4,TTCCGCATGCAACGCATATT,0,588238
araCp,0.2,4,4,TTCCCTGGCGGTAGGCCTTT,0,555682
araCp,0.2,4,4,TTCCCGTGCCAGTGCCAGAG,0,585641
araCp,0.2,4,4,TTCCCCAGCCTTATACATTT,0,526661
araCp,0.2,4,4,TTCATGGATCGGGGAATCCA,0,580106
araCp,0.2,4,4,TTCATCTTACGAGGGTGGTA,0,526140
araCp,0.2,4,4,TTCAGGTAGATCTATGTCGC,0,571452
araCp,0.2,4,4,TTCAGGACTGGAGATGCCGC,0,561395
araCp,0.2,4,4,TTCACTCATTACGGCAGAGA,0,549085
araCp,0.2,4,4,TTCACCGAAACCACAGAACG,0,538313
araCp,0.2,4,4,TTCACATTTGGGATCTTTTC,0,586395
araCp,0.2,4,4,TTCACAGCCCCCGTTGGGCT,0,526285
araCp,0.2,4,4,TTCACACTCGGCATACTGCT,0,583328
araCp,0.2,4,4,TTCAATGTATTTCATATATC,0,602469
araCp,0.2,4,4,TTCAATCTTGAGTTCAATGC,0,535383
araCp,0.2,4,4,TTCAAGTCTGCAATTTGGTT,0,599110
araCp,0.2,4,4,TTCAAGTAGGCCATACATCC,0,536540
araCp,0.2,4,4,TTCAAGCATTACCGGCGTCC,0,552256
araCp,0.2,4,4,TTCAACATACATTCGCTGAA,0,571106
araCp,0.2,4,4,TTATTTTTTAATCAGTCATC,0,560279
araCp,0.2,4,4,TTATTCGGTCTAGTAAGGGG,0,536591
araCp,0.2,4,4,TTATTAAGTGATCCACTATA,0,590363
araCp,0.2,4,4,TTATGTCCATTGGATTCACT,0,552615
araCp,0.2,4,4,TTATGCGAGTGGCTGAATGG,0,528607
araCp,0.2,4,4,TTATCTGGCCTGAAGGTCCT,0,599927
araCp,0.2,4,4,TTATCTATACTCCACTGACT,0,589841
araCp,0.2,4,4,TTATCACAACTGCACGGAAT,0,543373
araCp,0.2,4,4,TTATATGCATAACCCTTTTA,0,567070
araCp,0.2,4,4,TTAGTTGCTCATGCAAGGTA,0,600069
araCp,0.2,4,4,TTAGTTAAGATGGCGGGACG,0,557665
araCp,0.2,4,4,TTAGTAAGTGTCGTCGGACA,0,578382
araCp,0.2,4,4,TTAGGTTTCCCCTCAAACTT,0,602882
araCp,0.2,4,4,TTAGGCGCAAACAAAACTAT,0,592166
araCp,0.2,4,4,TTAGGCCGGATACACCTGCA,0,576937
araCp,0.2,4,4,TTAGGAAGCGAAAATTTTAT,0,576214
araCp,0.2,4,4,TTAGCCGACCATCTGGTGAT,0,542291
araCp,0.2,4,4,TTACTGCGTACAGCTTTAAT,0,561357
araCp,0.2,4,4,TTACTGAGCTAATCACGTGG,0,590943
araCp,0.2,4,4,TTACGCCAGTGCTTCGGCTA,0,528455
araCp,0.2,4,4,TTACCGCCTTGCGAATCTCG,0,594311
araCp,0.2,4,4,TTACATTACCTATACCAGAC,0,526203
araCp,0.2,4,4,TTACAGAATTCTTATAAGTT,0,556541
araCp,0.2,4,4,TTACACCTAGCACAGTTCGA,0,567954
araCp,0.2,4,4,TTACACCGTGTCTCAACGGC,0,527973
araCp,0.2,4,4,TTACAACGTTTACATGCGAA,0,599814
araCp,0.2,4,4,TTACAACCTAGTTTGCCGCA,0,581953
araCp,0.2,4,4,TTAATTTCTACCCTTGCTGC,0,572588
araCp,0.2,4,4,TTAATTATGCGCGGTTCATT,0,585838
araCp,0.2,4,4,TTAATCTCCTTCCGAAACCC,0,588337
araCp,0.2,4,4,TTAATCCGAAACGGTGTGAC,0,576140
araCp,0.2,4,4,TTAAGTCACTCTGGCGTTTC,0,556061
araCp,0.2,4,4,TTAAGGAGATCTATTGTTCT,0,567066
araCp,0.2,4,4,TTAAGCGGATTGGTATTATT,0,593334
araCp,0.2,4,4,TTAAATTATGGACAGGAATA,0,530830
araCp,0.2,4,4,TTAAACGAGCTCATCAGTAA,0,546494
araCp,0.2,4,4,TTAAAATCACATGCACCGGG,0,545249
araCp,0.2,4,4,TGTTTATCGGAATTGCACAC,0,594682
araCp,0.2,4,4,TGTTTAATTATGTGAGACAA,0,597338
araCp,0.2,4,4,TGTTCTTGCTAGCAGGACCA,0,569247
araCp,0.2,4,4,TGTTCTAGGATAGGCGAGCG,0,573486
araCp,0.2,4,4,TGTTCCTTCAAGGGAAAGGG,0,590975
araCp,0.2,4,4,TGTTCAACTAACAAGTCGAA,0,532367
araCp,0.2,4,4,TGTTACTCCCGTAGAGGAGA,0,543548
araCp,0.2,4,4,TGTTACGTATAGGGCAGATC,0,581414
araCp,0.2,4,4,TGTGTGCAGCCAGTACGGGT,0,528732
araCp,0.2,4,4,TGTGTACTGAGTCACGCGAG,0,542033
araCp,0.2,4,4,TGTGGTTAGTCTAAACCCCG,0,536675
araCp,0.2,4,4,TGTGGTCCCTGTGCCCGGTC,0,564817
araCp,0.2,4,4,TGTGGTCAGCTGTGAGCATT,0,575955
araCp,0.2,4,4,TGTGCTACTGACCGCAAAAA,0,565032
araCp,0.2,4,4,TGTGACTGCTTCGGATTGAT,0,577784
araCp,0.2,4,4,TGTGAATGTAATTAGTCTGT,0,548828
araCp,0.2,4,4,TGTCTACGGACTACCAGCGA,0,586732
araCp,0.2,4,4,TGTCTACATTAGTAGAAATC,0,593845
araCp,0.2,4,4,TGTCGGGTCTTCAAGCCCGG,0,571084
araCp,0.2,4,4,TGTCGATGGTTGGAAGGCAA,0,533337
araCp,0.2,4,4,TGTCCAGGCAGGCGTCGATG,0,563619
araCp,0.2,4,4,TGTCACTGTCTCGCATATCA,0,590339
araCp,0.2,4,4,TGTCAAAGGCCAAGAACTGC,0,596648
araCp,0.2,4,4,TGTATTATTGACGTCTTCTT,0,594890
araCp,0.2,4,4,TGTAGATTAAAAGTGTAGCC,0,600806
araCp,0.2,4,4,TGGTTTTGCTGAGACACTTA,0,584560
araCp,0.2,4,4,TGGTTCGTCTTGTACATATG,0,557288
araCp,0.2,4,4,TGGTTCCGTTTGGGTTCGGT,0,538857
araCp,0.2,4,4,TGGTTCAGCATTGTGTCAAC,0,537971
araCp,0.2,4,4,TGGTGGGTAGAAGGAGCAAT,0,545522
araCp,0.2,4,4,TGGTCTTCGCCTCCTGTAAA,0,601323
araCp,0.2,4,4,TGGTCGGAGTCTTGTTCTAA,0,601275
araCp,0.2,4,4,TGGTAGGGTTTGCCGGTAGT,0,537283
araCp,0.2,4,4,TGGTACGACTCGGATCAAGT,0,543165
araCp,0.2,4,4,TGGGTTGCGCATCAACGCCA,0,577645
araCp,0.2,4,4,TGGGTGAAGATTTGACCAGT,0,588475
araCp,0.2,4,4,TGGGGGGTAATAGTTCAATC,0,584629
araCp,0.2,4,4,TGGGATCACAGGTCTTTACG,0,569532
araCp,0.2,4,4,TGGGATAGTGCCACATGATC,0,570251
araCp,0.2,4,4,TGGCTCTGCCACTGACTGTC,0,532386
araCp,0.2,4,4,TGGCTAAACACCAGGCCCAC,0,540222
araCp,0.2,4,4,TGGCGTTAATATTGGCGGAG,0,551739
araCp,0.2,4,4,TGGCGGGGATCCAAATCAAT,0,550421
araCp,0.2,4,4,TGGCCTCAAACTGCACTGAC,0,546545
araCp,0.2,4,4,TGGCCCTGACTGTGTGGTCT,0,531171
araCp,0.2,4,4,TGGATTCAGGGGTAGGTCAT,0,602122
araCp,0.2,4,4,TGGATATGGAGCCGCTCTAC,0,545216
araCp,0.2,4,4,TGGAGCTCGTCAGACGGCAT,0,598165
araCp,0.2,4,4,TGGACGCGGACCCCACCGCT,0,537097
araCp,0.2,4,4,TGGAATTCGATAGTATACTG,0,572893
araCp,0.2,4,4,TGGAATCTTTTGGCAACAGT,0,582972
araCp,0.2,4,4,TGGAAGGCGCCAGGCTTCAT,0,602743
araCp,0.2,4,4,TGGAACGTGTTCGTGTGGTC,0,548719
araCp,0.2,4,4,TGCTTCCGGATGTATGGATA,0,544838
araCp,0.2,4,4,TGCTGCAGGCAGCTTTTAGC,0,548963
araCp,0.2,4,4,TGCTGCAGAGTCCTTTCAGT,0,599482
araCp,0.2,4,4,TGCTCTCTTTTGGGTGATTA,0,596448
araCp,0.2,4,4,TGCTCGGGGTGTCTTCCGTA,0,581007
araCp,0.2,4,4,TGCTCGACGGATCCGGATTC,0,549114
araCp,0.2,4,4,TGCTCCGAATTTACTATTAT,0,576537
araCp,0.2,4,4,TGCTCAACAATAAAAATGGC,0,576049
araCp,0.2,4,4,TGCTAACTTATGTGAGGATA,0,587670
araCp,0.2,4,4,TGCGTCTAACTATCTGTGTT,0,552227
araCp,0.2,4,4,TGCGTAAGTGTGAGAATTCG,0,534618
araCp,0.2,4,4,TGCGCTACGGGACGAGAATA,0,598886
araCp,0.2,4,4,TGCGCACATCGGGGGTGCTC,0,588656
araCp,0.2,4,4,TGCGAGATTGTCGCTTACTC,0,553589
araCp,0.2,4,4,TGCGAGAGGGACGCAAATGT,0,581346
araCp,0.2,4,4,TGCGAAATATGTCTTGCGAT,0,526994
araCp,0.2,4,4,TGCCGCCACAGGCGGCCAGT,0,559752
araCp,0.2,4,4,TGCCATGAACTCCGATGGGT,0,595684
araCp,0.2,4,4,TGCATAGCGGAAAGGCATCG,0,594523
araCp,0.2,4,4,TGCAGGCGGCGCAAAACACT,0,570972
araCp,0.2,4,4,TGCAGACAATGATAGGGCTT,0,580793
araCp,0.2,4,4,TGCACTTCAGGTCACAGGGA,0,601320
araCp,0.2,4,4,TGCACGCTCCAGGATCCCGA,0,576737
araCp,0.2,4,4,TGCACGCGTCTTTGTCGCGT,0,546903
araCp,0.2,4,4,TGATGAGTAGAGCAGTAGGT,0,579652
araCp,0.2,4,4,TGATCTGGGCCGCGGTCACA,0,556039
araCp,0.2,4,4,TGATCACCGGAGTTCTCGTC,0,574344
araCp,0.2,4,4,TGATACGCGCGGCACGGGAC,0,571683
araCp,0.2,4,4,TGATAAAACCTCTAGGGTCC,0,572943
araCp,0.2,4,4,TGAGTTCCAGCCGAGAGAGA,0,570294
araCp,0.2,4,4,TGAGGGGACCAGAGTGCTTC,0,560494
araCp,0.2,4,4,TGAGGCCTAATATCATACCA,0,553377
araCp,0.2,4,4,TGAGCTACAAGTCTAGGAGG,0,569153
araCp,0.2,4,4,TGAGATGTAAAATATCTAGT,0,567583
araCp,0.2,4,4,TGAGATGGTTTCCTACGTGC,0,566153
araCp,0.2,4,4,TGAGAGACACATTACAAAAA,0,543896
araCp,0.2,4,4,TGAGAACTTCCATGGCCTTC,0,561547
araCp,0.2,4,4,TGACTCATTACGCTCGCATA,0,576256
araCp,0.2,4,4,TGACGGGTTGCAGGGTCAAT,0,590801
araCp,0.2,4,4,TGACGATTAGACTCGCGGCG,0,576661
araCp,0.2,4,4,TGACGAAACCGTACTTTTCA,0,547455
araCp,0.2,4,4,TGACCGGCAAATTGCCTTTT,0,534363
araCp,0.2,4,4,TGAATTGATTAATGAAGGTA,0,566820
araCp,0.2,4,4,TGAATGATATTGCGATACCG,0,551971
araCp,0.2,4,4,TGAACTTAGGCGATTCCCGC,0,581243
araCp,0.2,4,4,TCTTGTCCCAGGCATACAAG,0,560337
araCp,0.2,4,4,TCTTCGGATCCGTCACTCAG,0,565120
araCp,0.2,4,4,TCTTCCCGCGGCAATCAAGT,0,558445
araCp,0.2,4,4,TCTTATTGAATTCGTCCGAC,0,584360
araCp,0.2,4,4,TCTGGGTATAGAGGAGAGGT,0,589108
araCp,0.2,4,4,TCTGGGCTCGTCGTGCAAGA,0,529660
araCp,0.2,4,4,TCTGCGTCTACTTGGTTAGT,0,554264
araCp,0.2,4,4,TCTGAAACGGTAGCTCGGGG,0,602966
araCp,0.2,4,4,TCTCGCCTGACCCCATTTCA,0,550912
araCp,0.2,4,4,TCTCGCATGGGTTCCTTGAT,0,539587
araCp,0.2,4,4,TCTCCTGGGCAAAGACGTTT,0,552797
araCp,0.2,4,4,TCTCCTCGGAGAATATAGGT,0,594204
araCp,0.2,4,4,TCTCCGGTAATACTATGCGA,0,589382
araCp,0.2,4,4,TCTCCATGCTTAAGAAAGGT,0,534309
araCp,0.2,4,4,TCTCATCGATGGCCCACTCT,0,557631
araCp,0.2,4,4,TCTCAATCTTAGATGTTCGT,0,583008
araCp,0.2,4,4,TCTATTCTCTCGGTTTGGAA,0,568897
araCp,0.2,4,4,TCTATAACAGCAGTGAACTC,0,555163
araCp,0.2,4,4,TCTAGTGGTCAAACAGTAGC,0,537902
araCp,0.2,4,4,TCTAGGAATCACACCGCGTG,0,586479
araCp,0.2,4,4,TCTAGAGGACCGCTCCTGGA,0,543274
araCp,0.2,4,4,TCTACTCTGCACCATCGGCG,0,595942
araCp,0.2,4,4,TCTACGTAGTGCATGTCCGC,0,554242
araCp,0.2,4,4,TCTAATGCTTTATTCAAAGG,0,535620
araCp,0.2,4,4,TCTAAGACAGGGCGGTGATC,0,541698
araCp,0.2,4,4,TCGTTGTTAGCGAGCAGATA,0,556479
araCp,0.2,4,4,TCGTGAGAGCGTCTAAGGTC,0,595085
araCp,0.2,4,4,TCGTCATCCGGCGATTCAGC,0,557470
araCp,0.2,4,4,TCGGTGTGCTATGACGTTTG,0,564675
araCp,0.2,4,4,TCGGGTCTGTGCAAGGACAC,0,534351
araCp,0.2,4,4,TCGGGGTTTCCATCGACGCA,0,564712
araCp,0.2,4,4,TCGGCCTGTGCTTAGTCTCG,0,595750
araCp,0.2,4,4,TCGGACACTCTGTGTTTGTG,0,575119
araCp,0.2,4,4,TCGGACACATACCACGCGAG,0,541045
araCp,0.2,4,4,TCGGAATCTATTTGAGGTCA,0,590859
araCp,0.2,4,4,TCGCTTGCGAAATGGGATAT,0,574336
araCp,0.2,4,4,TCGCGTTTGTCTCATCAAAA,0,567502
araCp,0.2,4,4,TCGCGTCAACTGTACTGGGA,0,581715
araCp,0.2,4,4,TCGCGGTGAGATTACCCCGT,0,529699
araCp,0.2,4,4,TCGCGCCTCGGATGAGTTTT,0,602980
araCp,0.2,4,4,TCGCGATCTTCGATTTTATG,0,548874
araCp,0.2,4,4,TCGCCGGGTGCTATAAAGCG,0,576258
araCp,0.2,4,4,TCGCCGCCGCGCCTGAAGAG,0,538029
araCp,0.2,4,4,TCGCCACTCATAAGGACAAC,0,568483
araCp,0.2,4,4,TCGCAAGGGATACGAAGTGT,0,564811
araCp,0.2,4,4,TCGATAACTCACAATGGTGG,0,599131
araCp,0.2,4,4,TCGACATGAGGGTGACCATG,0,587481
araCp,0.2,4,4,TCGAAGTAGATTATTGTGTT,0,554027
araCp,0.2,4,4,TCGAAGATGTTAACGATAGA,0,602678
araCp,0.2,4,4,TCGAACATGAATGGGTCCTT,0,536362
araCp,0.2,4,4,TCCGTTCCCTTTAAAGCGCA,0,589713
araCp,0.2,4,4,TCCGGTCGAGGAGTACCCTC,0,551196
araCp,0.2,4,4,TCCGCGATTTGCATAGCCAG,0,589164
araCp,0.2,4,4,TCCGCACTTCGAAATAATTA,0,580913
araCp,0.2,4,4,TCCGACCCCTTGTACGAGTA,0,587054
araCp,0.2,4,4,TCCCTAAGGGCCGTTTTACA,0,541161
araCp,0.2,4,4,TCCCGTGCGGCCGCCGCCTA,0,593663
araCp,0.2,4,4,TCCCGGACCTTGGCCTCGTG,0,562672
araCp,0.2,4,4,TCCCAACAAGGTGTAAAGGC,0,576417
araCp,0.2,4,4,TCCATGCGTGGAGAGGGTTG,0,588302
araCp,0.2,4,4,TCCATCGCGTAAGTATCCGC,0,564077
araCp,0.2,4,4,TCCATCATGGATAACTAGGG,0,531015
araCp,0.2,4,4,TCCATCAGGGTGCGTGTTAT,0,599978
araCp,0.2,4,4,TCCATACAGAATTTGCACCC,0,551838
araCp,0.2,4,4,TCCACTCGAGCCACCTGGGC,0,533621
araCp,0.2,4,4,TCCAATATCGGTGATCCGAT,0,554987
araCp,0.2,4,4,TCCAACGTGCCGAGTTTTGT,0,595753
araCp,0.2,4,4,TCATTAGAAGCCGCACTGAA,0,527646
araCp,0.2,4,4,TCATCCTAGTTCAACGGTAA,0,598912
araCp,0.2,4,4,TCATCATCATGAAGGTCTAT,0,563070
araCp,0.2,4,4,TCATAGGGCAGCGTTAATCT,0,577815
araCp,0.2,4,4,TCATACTGAAGTAGTGTTGG,0,549927
araCp,0.2,4,4,TCATAACTTATGGACTGCCA,0,532735
araCp,0.2,4,4,TCAGGCTTACGCCATGTGCG,0,551879
araCp,0.2,4,4,TCAGGATTGAGACGAGCCCC,0,602636
araCp,0.2,4,4,TCAGATCTAGCGTATCTTCC,0,539473
araCp,0.2,4,4,TCAGAGGCGAACGCTTAAAG,0,550515
araCp,0.2,4,4,TCAGAAGGCGGTTAGTGTCA,0,594804
araCp,0.2,4,4,TCACTTTGTGGCTTAAAAGC,0,585140
araCp,0.2,4,4,TCACTTCTTTACACACTTTC,0,562793
araCp,0.2,4,4,TCACTGACCAGAGTCTCGGT,0,556792
araCp,0.2,4,4,TCACTCTTAATAGGCAGGTT,0,560395
araCp,0.2,4,4,TCACGCTTGGAGGAGCTGTT,0,587369
araCp,0.2,4,4,TCACCTGGACGGTAATTTCA,0,535847
araCp,0.2,4,4,TCACCTGAGCGTGCTACTAT,0,590623
araCp,0.2,4,4,TCACCGCCGTCCCCCGGGGT,0,592199
araCp,0.2,4,4,TCACCCAATGGCTTCAATTG,0,569264
araCp,0.2,4,4,TCACAGACCGCATTGCTGAA,0,565920
araCp,0.2,4,4,TCACAATGGATATCGAACCT,0,587430
araCp,0.2,4,4,TCAATACTTGGCGTCAGGTG,0,588236
araCp,0.2,4,4,TCAAGAACAGAGCGGTGTAT,0,569450
araCp,0.2,4,4,TCAACTGGCAGGAGGCACTA,0,589861
araCp,0.2,4,4,TCAACCTACATTGAAATACC,0,554109
araCp,0.2,4,4,TCAAATGCGCGTCCGGGAAA,0,582387
araCp,0.2,4,4,TATTGTTTACGAGGAGGAAT,0,561843
araCp,0.2,4,4,TATTCGTTGCGGGTGCCCTA,0,526091
araCp,0.2,4,4,TATTATTTACCATCGCTGCG,0,570216
araCp,0.2,4,4,TATTATGTGTTGGTTTTTCT,0,584010
araCp,0.2,4,4,TATGTCTCACTCTTAATGGT,0,563412
araCp,0.2,4,4,TATGTACGCTCTGGGTTTTG,0,578433
araCp,0.2,4,4,TATGCCATAGCACGCCGATA,0,597322
araCp,0.2,4,4,TATGCAAATCTAGGTCTCCA,0,581587
araCp,0.2,4,4,TATGAACTGGGTATCAGGCC,0,601238
araCp,0.2,4,4,TATGAACTGAGGTAACTGTA,0,544418
araCp,0.2,4,4,TATCTTCCCGCGTAGAGATC,0,534417
araCp,0.2,4,4,TATCGGCGAGCACTTACGTT,0,601788
araCp,0.2,4,4,TATCGCAATCTGCTGCTTGG,0,602669
araCp,0.2,4,4,TATCCCTTACATTCGAATAT,0,586350
araCp,0.2,4,4,TATCCAGAGCATAAGTTTGG,0,536853
araCp,0.2,4,4,TATCCAGACGTGATAGGTAG,0,545668
araCp,0.2,4,4,TATCCACCGAGTAGCGAATC,0,582847
araCp,0.2,4,4,TATATTGCCGAGGCGCCTTA,0,540666
araCp,0.2,4,4,TATATGTCCGACGCGTCACG,0,588775
araCp,0.2,4,4,TATATCGCGTGGATTACCTG,0,531753
araCp,0.2,4,4,TATATCCTTCCGTAGTTTAT,0,548462
araCp,0.2,4,4,TATATATTTAAGACGAGAGG,0,526608
araCp,0.2,4,4,TATAGGCGTCTCTCGGGATA,0,555045
araCp,0.2,4,4,TAGTTTGGATGCCCGCCTCG,0,558013
araCp,0.2,4,4,TAGTCCCTCGGTGAGAGTCA,0,543676
araCp,0.2,4,4,TAGGTGATTGATATGGGTCT,0,590730
araCp,0.2,4,4,TAGGTGAGGAAAGTGTGCTA,0,558995
araCp,0.2,4,4,TAGGTCGAGTAGTCCAGTGT,0,569593
araCp,0.2,4,4,TAGGTCATACCAGCGAATGC,0,545976
araCp,0.2,4,4,TAGGCGTACAGTTCTGGATC,0,549144
araCp,0.2,4,4,TAGGCATCCCCGCGCGGTAG,0,587650
araCp,0.2,4,4,TAGGATCTCTGGTCGATCAC,0,600252
araCp,0.2,4,4,TAGGACGTAAGGCAACGCGA,0,582120
araCp,0.2,4,4,TAGGACGGGATCGAGTGCAT,0,549324
araCp,0.2,4,4,TAGCTTGAACGTATGCAGAT,0,529615
araCp,0.2,4,4,TAGCTAACGAGTTCACCCAG,0,591517
araCp,0.2,4,4,TAGCTAAAGTGTGAGGAACG,0,550289
araCp,0.2,4,4,TAGCGTAGCCCATGCTCGCC,0,568751
araCp,0.2,4,4,TAGCGCGTTCAGTATCATCC,0,594033
araCp,0.2,4,4,TAGCGAGCTCCTAACCGGCT,0,584733
araCp,0.2,4,4,TAGCACCCCTTAGCAAGTTG,0,542908
araCp,0.2,4,4,TAGCAAGGTTCCTTGGTACG,0,590645
araCp,0.2,4,4,TAGAGTTGCCAGAGCCTAGT,0,561109
araCp,0.2,4,4,TAGAGGGACCCATAAACATC,0,559758
araCp,0.2,4,4,TAGAGAATTTTGACCTTCGA,0,585820
araCp,0.2,4,4,TAGACCTGTTTCACTGGGAC,0,599125
araCp,0.2,4,4,TAGACAGATGGGCGCCCGGG,0,567699
araCp,0.2,4,4,TACTTTCAGGAGCCTGATGA,0,572425
araCp,0.2,4,4,TACTGATAATAGTACTCTGG,0,550883
araCp,0.2,4,4,TACTCTTCACTCCTTTACCA,0,565335
araCp,0.2,4,4,TACTCTGACTACCCGATACA,0,585393
araCp,0.2,4,4,TACTCGTTCAAAAACTGAGT,0,529907
araCp,0.2,4,4,TACTAGGGTGAAGTCTGGCC,0,558387
araCp,0.2,4,4,TACGGGTAATACAAGAAAGC,0,582562
araCp,0.2,4,4,TACGGGGGAGGGCACAGCGT,0,540955
araCp,0.2,4,4,TACGGGATTAGTTGAGACCA,0,531640
araCp,0.2,4,4,TACGGATTTTATGTTTTAAG,0,583021
araCp,0.2,4,4,TACGGAGCTCGTTTATCGGG,0,578943
araCp,0.2,4,4,TACGGAACAGACACGTCGGG,0,566046
araCp,0.2,4,4,TACGCTCAATTGGATACGGT,0,590084
araCp,0.2,4,4,TACGAGCACTTTCAACGAGC,0,580510
araCp,0.2,4,4,TACGAATGGTGGCTAGCTTG,0,537856
araCp,0.2,4,4,TACCTCCTGTTATGGCACCC,0,563655
araCp,0.2,4,4,TACCTATTGTATGGAGAGCC,0,579701
araCp,0.2,4,4,TACCGTTGACCGATTTCCAT,0,539196
araCp,0.2,4,4,TACCGGGTCTAGTCGGGCTA,0,593644
araCp,0.2,4,4,TACCGGCTTGCGCACAGTAT,0,589421
araCp,0.2,4,4,TACCGCGGGTATAAATTGCT,0,550837
araCp,0.2,4,4,TACCCTGGAGCAATACTGAT,0,533746
araCp,0.2,4,4,TACATCATTTTGTTTGTCGC,0,592077
araCp,0.2,4,4,TACAGTTGTTGCTCCCCTCT,0,591579
araCp,0.2,4,4,TACACTTTGTAGAGCCTAGT,0,590616
araCp,0.2,4,4,TACACCAATGAGCGTGTCGC,0,576885
araCp,0.2,4,4,TACAAATAGTTATGAGAAGC,0,594595
araCp,0.2,4,4,TAATTCCCATTCTTGCTCAG,0,562172
araCp,0.2,4,4,TAATTCATACTTCGGCGCAG,0,593547
araCp,0.2,4,4,TAATGGCGTAGCAATGTGTG,0,531940
araCp,0.2,4,4,TAATCTCTAGATATATTCAG,0,577801
araCp,0.2,4,4,TAATCATTGAGCCCTCAAGA,0,552106
araCp,0.2,4,4,TAATCAAGGAGATGGTACGG,0,536777
araCp,0.2,4,4,TAATATGCAACAGGAACGCA,0,594695
araCp,0.2,4,4,TAATACGGACGTTATGAACT,0,580761
araCp,0.2,4,4,TAAGGGGGCGTTCTCAGTAC,0,566458
araCp,0.2,4,4,TAAGGGACATTACAACAGGC,0,570842
araCp,0.2,4,4,TAAGCGGCCCAGCTGGGATG,0,587610
araCp,0.2,4,4,TAAGCATGTCGCTTATTTCC,0,548224
araCp,0.2,4,4,TAAGATGCTCCGGCCCCGCA,0,580063
araCp,0.2,4,4,TAAGACACCGCTCGTCATAA,0,529607
araCp,0.2,4,4,TAAGAACCCGTCGGGCAGTC,0,594141
araCp,0.2,4,4,TAACGAGCGTTTCAATTGTA,0,548842
araCp,0.2,4,4,TAACGACAACCTAGCGTATA,0,596736
araCp,0.2,4,4,TAACCGCTACCCTCTTATGA,0,526465
araCp,0.2,4,4,TAACCGCACGACCAATTATT,0,576068
araCp,0.2,4,4,TAACCATCTGTTAGTCACGA,0,529385
araCp,0.2,4,4,TAAATTTTGCACTCCCTATC,0,543355
araCp,0.2,4,4,TAAATTTTACTGACTAATTT,0,567243
araCp,0.2,4,4,TAAATTTTAAAAGCCCCGGC,0,533841
araCp,0.2,4,4,TAAATTGGTGGTGACGGCTA,0,559767
araCp,0.2,4,4,TAAATTAATACTCTGAAGAA,0,576567
araCp,0.2,4,4,TAAATGATTCGGGTTAAGTC,0,578521
araCp,0.2,4,4,TAAATCAAACACAGTCAGCA,0,557306
araCp,0.2,4,4,TAAAGGGATAGGTGTCCCTG,0,575309
araCp,0.2,4,4,TAAAGCGTGCTAATGAGTGT,0,529920
araCp,0.2,4,4,TAAACAGTTCCTTTGAAGAG,0,540291
araCp,0.2,4,4,GTTTTTATCCTCCCACGTGA,0,534586
araCp,0.2,4,4,GTTTTCTACTTTAAACAGTC,0,556292
araCp,0.2,4,4,GTTTTAGACATTCAAGGCAT,0,575518
araCp,0.2,4,4,GTTTGGGTCCCACGTATCAA,0,552526
araCp,0.2,4,4,GTTTGCTGGGACAGCGCATA,0,595554
araCp,0.2,4,4,GTTTCGGACGACCTACGATT,0,583988
araCp,0.2,4,4,GTTTACACGAAGAGGGTTGA,0,574926
araCp,0.2,4,4,GTTGTGTTTTCGGTGTTGTC,0,595375
araCp,0.2,4,4,GTTGTCTAGGCTTCAGTTAG,0,553497
araCp,0.2,4,4,GTTGGGTGCCCAAATATTCA,0,580815
araCp,0.2,4,4,GTTGGGAGAACGCCATAAGG,0,561776
araCp,0.2,4,4,GTTGGCATTCTCTTGGTCGT,0,564078
araCp,0.2,4,4,GTTGCGCGGAATCGGTAGAT,0,568870
araCp,0.2,4,4,GTTGCAAGGCCATACTGACA,0,587916
araCp,0.2,4,4,GTTGAGCGGTTGCACAGGAC,0,533125
araCp,0.2,4,4,GTTGACCAGTTGGTCTTGCA,0,553987
araCp,0.2,4,4,GTTCTGGCGCTTTGGCGGGA,0,597320
araCp,0.2,4,4,GTTCTCCGATAACTATGCAG,0,553937
araCp,0.2,4,4,GTTCGGAAGCAGTTTGCCTG,0,582161
araCp,0.2,4,4,GTTCGATCGACTGGCAACAC,0,594142
araCp,0.2,4,4,GTTCCCTGAGAAGGTCGCAT,0,578388
araCp,0.2,4,4,GTTCAACATCTGTTGACAGA,0,549930
araCp,0.2,4,4,GTTATTGAGAGTTTGCAAGA,0,581539
araCp,0.2,4,4,GTTATGAAGGGCAGCCTCGA,0,593982
araCp,0.2,4,4,GTTAGTGCAAACCTTAATTG,0,589418
araCp,0.2,4,4,GTTAGCGTTATGATCAATAT,0,570712
araCp,0.2,4,4,GTTAATTAGTAAGGGCCTCA,0,584890
araCp,0.2,4,4,GTGTTCGTTGGGACGGGCAA,0,555078
araCp,0.2,4,4,GTGTTCACATTTCGATGTGT,0,593753
araCp,0.2,4,4,GTGTTAAGGACCAGGCCTTT,0,538124
araCp,0.2,4,4,GTGTGTGTCGGCATAGATCA,0,568848
araCp,0.2,4,4,GTGTGTACAAGTATGCGTGA,0,558881
araCp,0.2,4,4,GTGTCAGCCAGATAGATGGA,0,592484
araCp,0.2,4,4,GTGTAGGCGAGATAGCCTTG,0,586933
araCp,0.2,4,4,GTGTAATTTTATTGACACGA,0,572741
araCp,0.2,4,4,GTGGTGTGGTCTTGCGTCTT,0,582511
araCp,0.2,4,4,GTGGTGTCAGCACGCATGTA,0,577282
araCp,0.2,4,4,GTGGGTATAGCACCGGTGTA,0,552993
araCp,0.2,4,4,GTGGGCGTATGGTTAAATTT,0,596219
araCp,0.2,4,4,GTGGCCCGGGCACCAAAACG,0,545158
araCp,0.2,4,4,GTGGATGTGCGTGGGGATCA,0,537721
araCp,0.2,4,4,GTGGAATTCGGGAAGTTAAT,0,594335
araCp,0.2,4,4,GTGCTGCTATAAAGTCAGAG,0,561337
araCp,0.2,4,4,GTGCGTGATATGAGCGCGGC,0,586347
araCp,0.2,4,4,GTGCCCCCGCTTATGGGTTA,0,581257
araCp,0.2,4,4,GTGCATAGCTCTATCCACGA,0,526469
araCp,0.2,4,4,GTGCAGTCTTTAGACTCAAA,0,581470
araCp,0.2,4,4,GTGCAGACATGGGGGAGGCT,0,529965
araCp,0.2,4,4,GTGCAAGATAACCTCTCTTG,0,532388
araCp,0.2,4,4,GTGAGTGTTGGACTCCTAGT,0,594105
araCp,0.2,4,4,GTGAGGGCGTTCACCTGGAG,0,579430
araCp,0.2,4,4,GTGACACCATCCACTGAACT,0,561889
araCp,0.2,4,4,GTGAATGCTGTCTACCCGGG,0,531881
araCp,0.2,4,4,GTGAAGACGAGTTACTGAAA,0,527419
araCp,0.2,4,4,GTGAACTTTTTATCCAGTCG,0,538083
araCp,0.2,4,4,GTGAACCGGGATGTATAGTA,0,560535
araCp,0.2,4,4,GTCTTTGCCGTAGTTTCTTT,0,580388
araCp,0.2,4,4,GTCTTTCAGGCTTACGTCTG,0,544326
araCp,0.2,4,4,GTCTGGACGGTGTGATTATG,0,587118
araCp,0.2,4,4,GTCTCTCAATGTATAAAACT,0,581481
araCp,0.2,4,4,GTCTCAGTTGGGCTGATGCA,0,554310
araCp,0.2,4,4,GTCTCAGAAGAAGAGTAAAC,0,599717
araCp,0.2,4,4,GTCTATCGGTCCCAGACCAC,0,567187
araCp,0.2,4,4,GTCGTGGTTATGGTTCTCAG,0,554470
araCp,0.2,4,4,GTCGTATCCCGTATTGGTGC,0,575647
araCp,0.2,4,4,GTCGGGAAACACGCTCGATT,0,532156
araCp,0.2,4,4,GTCGCAGGCCTGGTGGTCCT,0,585865
araCp,0.2,4,4,GTCCGAAGGAGGTCAAGTAG,0,540648
araCp,0.2,4,4,GTCCCTTTCAGGCGGGCATC,0,586283
araCp,0.2,4,4,GTCCCTTGCCGGAACGCACG,0,560051
araCp,0.2,4,4,GTCCATTAAAACGAGTCGAA,0,600567
araCp,0.2,4,4,GTCCAATGCACTTTATCGCG,0,537208
araCp,0.2,4,4,GTCATACCTAGCTAGACGGA,0,567378
araCp,0.2,4,4,GTCACGGCGCCACAATGAGC,0,560985
araCp,0.2,4,4,GTCACCACTCGGAAAGTGGC,0,564854
araCp,0.2,4,4,GTCAATGGCAAAAGCGTGAT,0,572664
araCp,0.2,4,4,GTCAAATATACGTCCAGGGC,0,601297
araCp,0.2,4,4,GTATTCGTGTTTTGCTTGGG,0,547684
araCp,0.2,4,4,GTATTCGGTACAGAGAACTG,0,572777
araCp,0.2,4,4,GTATTATGGGATGGCTTACA,0,531262
araCp,0.2,4,4,GTATGTTCAGAAGTCCGCCC,0,592528
araCp,0.2,4,4,GTATGAGTTGCCTTCGCACC,0,527097
araCp,0.2,4,4,GTATCGCTACCGACTGCTAA,0,548773
araCp,0.2,4,4,GTATCACCATTGCTTGTAGG,0,562383
araCp,0.2,4,4,GTATAGAGATATAGTATCGT,0,546669
araCp,0.2,4,4,GTATACACACTCTCCGCAAT,0,595819
araCp,0.2,4,4,GTAGGCTTAGCTCGTCATAT,0,567697
araCp,0.2,4,4,GTAGCGTCCTCCCATATACT,0,552255
araCp,0.2,4,4,GTACTTACTCTAACACTTAT,0,538510
araCp,0.2,4,4,GTACGAAAGTTGCAGCCGTA,0,554553
araCp,0.2,4,4,GTACCTTTCTCATCGGACTA,0,536904
araCp,0.2,4,4,GTACACAATTACCGTTCTAA,0,574807
araCp,0.2,4,4,GTAATTAACGTCAATAATTC,0,543625
araCp,0.2,4,4,GTAATCGAGCACTAAACGTA,0,575543
araCp,0.2,4,4,GTAATCCAGGTCCCCATGCT,0,538279
araCp,0.2,4,4,GTAATATGAGAAGTTGCCAA,0,555549
araCp,0.2,4,4,GTAAGTCAGAGTGGGACAGT,0,572258
araCp,0.2,4,4,GTAACAGATCTTCCGAATAC,0,565302
araCp,0.2,4,4,GTAAATTAGCGCCTTAGCGG,0,551964
araCp,0.2,4,4,GTAAAACGCAAGTGTCAATT,0,601365
araCp,0.2,4,4,GGTTTTTCTGAGCTCAATCT,0,590144
araCp,0.2,4,4,GGTTTGTATAAAGCTGCGGC,0,589217
araCp,0.2,4,4,GGTTTATGACGAGCACGGCA,0,540064
araCp,0.2,4,4,GGTTGTGATATTTTGGCTTA,0,533218
araCp,0.2,4,4,GGTTGACGTTAAAAGTCAAG,0,564402
araCp,0.2,4,4,GGTTCTGATCAATAATGCGG,0,600065
araCp,0.2,4,4,GGTTCGGTGCCTTAGATTGT,0,586967
araCp,0.2,4,4,GGTTATCTTTGTGCCCGGGG,0,529783
araCp,0.2,4,4,GGTTAGGGCACCCTAGGGGT,0,565492
araCp,0.2,4,4,GGTTAGCTTCTAAAACAAGG,0,559744
araCp,0.2,4,4,GGTTAGCCGCCATAGGACAG,0,526861
araCp,0.2,4,4,GGTTAAGTAATCACTAGAAA,0,556273
araCp,0.2,4,4,GGTTAAGACATGCTGAAAGT,0,534719
araCp,0.2,4,4,GGTTAAAGACCGCTCGGGCA,0,577417
araCp,0.2,4,4,GGTGTTTTACGGAAGAGCGC,0,580428
araCp,0.2,4,4,GGTGTATATATTAGAGTTAA,0,544385
araCp,0.2,4,4,GGTGCGTCGGTTACCGTCTA,0,568229
araCp,0.2,4,4,GGTGCCACATTCTAAGTGCA,0,602359
araCp,0.2,4,4,GGTGAGGTATGACTATTGAA,0,552371
araCp,0.2,4,4,GGTGAAGTCAGTTGATGTTG,0,590606
araCp,0.2,4,4,GGTCTGTGGAGGACGGGTTT,0,542376
araCp,0.2,4,4,GGTCTGCTATGACGATGAGG,0,527539
araCp,0.2,4,4,GGTCTAAATGGTGGCGGGAA,0,559760
araCp,0.2,4,4,GGTCGGCTGGACTTATTTCG,0,596864
araCp,0.2,4,4,GGTCCTTGGTTTATGTGGGT,0,601130
araCp,0.2,4,4,GGTCCTGTGCTCCGCTCCAT,0,569723
araCp,0.2,4,4,GGTCCCCGCGAAGGTACCAG,0,592517
araCp,0.2,4,4,GGTCAGCTGGTCCACTCGGT,0,566316
araCp,0.2,4,4,GGTCACTCGCCTCCCTAGAT,0,602039
araCp,0.2,4,4,GGTCACGGCGACGTGCCGAG,0,562463
araCp,0.2,4,4,GGTATGCGAGACGGAAGCCT,0,596655
araCp,0.2,4,4,GGTATGATCGCCAGGCTTAA,0,530743
araCp,0.2,4,4,GGTAGTTGGTAGCCTCGGCC,0,591357
araCp,0.2,4,4,GGTAGGCTGGGCGTCCCGGT,0,600592
araCp,0.2,4,4,GGTAGAGACTGAGTCCTATC,0,546696
araCp,0.2,4,4,GGTACAGGATAATCAAAGGT,0,544949
araCp,0.2,4,4,GGTAATTACATGACTGCTTG,0,580481
araCp,0.2,4,4,GGTAACTGTATTTCAGCTTT,0,578034
araCp,0.2,4,4,GGTAACTAAGTTTGACCTTG,0,546739
araCp,0.2,4,4,GGGTTATATGTTATTCTGGT,0,526519
araCp,0.2,4,4,GGGTGATAAATCTAAGGTTT,0,548708
araCp,0.2,4,4,GGGTCTTAATTCTAGCCAGA,0,549336
araCp,0.2,4,4,GGGTCTATACTACTGGTCTT,0,575180
araCp,0.2,4,4,GGGTCCGGTATAGCTCTGCC,0,601730
araCp,0.2,4,4,GGGTCACCAATTTAGTTGGT,0,599666
araCp,0.2,4,4,GGGTCAAACTGTTAATTTGT,0,561212
araCp,0.2,4,4,GGGTACCCGCTTGCATTTAA,0,586639
araCp,0.2,4,4,GGGGTTAAATCGAGAGGCGG,0,549533
araCp,0.2,4,4,GGGGTGGTCGTCCAGCTAAC,0,537628
araCp,0.2,4,4,GGGGTCTCCGCTGCTACATT,0,564477
araCp,0.2,4,4,GGGGTCGGAGGAGTCACGAT,0,532286
araCp,0.2,4,4,GGGGTCCTCTGCACTCCGGA,0,578418
araCp,0.2,4,4,GGGGGGGCCGGCATTCAAGG,0,561920
araCp,0.2,4,4,GGGGGCTGCACACACTTCAT,0,603586
araCp,0.2,4,4,GGGGGACAGAGGGGGTCCTT,0,572431
araCp,0.2,4,4,GGGGCATAGTGTAGGGGTCA,0,525604
araCp,0.2,4,4,GGGGCAGCATGAGTCGGTCG,0,531923
araCp,0.2,4,4,GGGGATAGGAGACCAGTCTT,0,602419
araCp,0.2,4,4,GGGGAGGATACATATGGTCC,0,552352
araCp,0.2,4,4,GGGGAGAGTTGCGGAGTGAT,0,546725
araCp,0.2,4,4,GGGCTTGACACCAACTCTAT,0,602035
araCp,0.2,4,4,GGGCTGTCGGGGGTACAAAA,0,596097
araCp,0.2,4,4,GGGCTCCTTCAACAGTCAAC,0,586523
araCp,0.2,4,4,GGGCTCCACATGAAGCTTCA,0,590662
araCp,0.2,4,4,GGGCGCTCCCAGCCTTTGCC,0,560458
araCp,0.2,4,4,GGGCCTGTGGCAGCGAGCTT,0,578445
araCp,0.2,4,4,GGGCCGTCTGGGGATGTTCC,0,547733
araCp,0.2,4,4,GGGCCGCTTTAGACTAGGCA,0,558180
araCp,0.2,4,4,GGGCATGCCGTGTGCGCCAG,0,551282
araCp,0.2,4,4,GGGCATCACGCCGAGGCTTG,0,579959
araCp,0.2,4,4,GGGCAGGCTCTTGAGCGAGG,0,543515
araCp,0.2,4,4,GGGCACTGCGTTACTAGGAT,0,573118
araCp,0.2,4,4,GGGATCTGAAGGGAAAGCAG,0,563354
araCp,0.2,4,4,GGGATCAGTATCCCATAATC,0,592368
araCp,0.2,4,4,GGGATAATTCAATTGTCAGG,0,556231
araCp,0.2,4,4,GGGAGTTCCTTTCCAAGTAC,0,570356
araCp,0.2,4,4,GGGACTTTGCAAGTAAGTTC,0,589107
araCp,0.2,4,4,GGGACTTGGTTGCACTCTAA,0,581577
araCp,0.2,4,4,GGGACCGGAGATATACCATA,0,570040
araCp,0.2,4,4,GGCTTTGGGGTTGATGGACA,0,581431
araCp,0.2,4,4,GGCTTATTGCACATCGCCAG,0,596285
araCp,0.2,4,4,GGCTGTTCGTGAGTCAGCAA,0,535732
araCp,0.2,4,4,GGCTGCAGTTGCTATAATTT,0,594761
araCp,0.2,4,4,GGCTCATAAGACTGTCTCTG,0,533770
araCp,0.2,4,4,GGCGTGCGAGCGGAGGTGCT,0,543461
araCp,0.2,4,4,GGCGTAATAAACGAATTGAT,0,569222
araCp,0.2,4,4,GGCGGTTTCTCTCTTCTCTC,0,556117
araCp,0.2,4,4,GGCGGTTGAGCGCCAGATTT,0,565685
araCp,0.2,4,4,GGCGACTTAACTCCGGCGGG,0,555445
araCp,0.2,4,4,GGCCTCATACTGGCACAATT,0,578715
araCp,0.2,4,4,GGCCGTGGTGGACTTGGGGC,0,526007
araCp,0.2,4,4,GGCCGTAAAGACTCTAGAAC,0,593712
araCp,0.2,4,4,GGCCGCATAATACTGCAGGT,0,565413
araCp,0.2,4,4,GGCCGCACTTTTCTTGTCTT,0,572054
araCp,0.2,4,4,GGCCATGTAAAAAGGGGTAC,0,587180
araCp,0.2,4,4,GGCCATATATAGTTCCCGCT,0,580965
araCp,0.2,4,4,GGCATAAGGTAGCCCCGGGG,0,594739
araCp,0.2,4,4,GGCAGTGACCTGCGGGCTAT,0,538300
araCp,0.2,4,4,GGCACTCGCAGGAACATAAC,0,578263
araCp,0.2,4,4,GGCACCTTGGTCGTTAGACG,0,595165
araCp,0.2,4,4,GGCACACGTTCGTATCAGGA,0,565124
araCp,0.2,4,4,GGCACACCACGGAATTGCCG,0,586486
araCp,0.2,4,4,GGCAATTCTTGTGTGTAACA,0,573998
araCp,0.2,4,4,GGCAATGATTTTAAATTTTA,0,546593
araCp,0.2,4,4,GGCAATGAATCACTCATTTA,0,575639
araCp,0.2,4,4,GGCAATCAGTCGGCAGCAGT,0,537553
araCp,0.2,4,4,GGCAATCAGGGTCTGGTTTC,0,539312
araCp,0.2,4,4,GGCAAGCTCAAATGTTTCGA,0,560319
araCp,0.2,4,4,GGCAACTGGTCGATTCGGGG,0,549241
araCp,0.2,4,4,GGCAAACAAAAAACCCTCCT,0,591077
araCp,0.2,4,4,GGATTTGTAGTCCGTTAATG,0,570806
araCp,0.2,4,4,GGATTGAAATCACTCGAGTG,0,573548
araCp,0.2,4,4,GGATGGAGAATACGGGATGT,0,565973
araCp,0.2,4,4,GGATCTTGAGAACCCGGGTC,0,581383
araCp,0.2,4,4,GGATCTACAGAGAACTTACC,0,600673
araCp,0.2,4,4,GGATAGCATCAAAGAGGTCG,0,565144
araCp,0.2,4,4,GGATACTTGGGGTACGTCAA,0,532050
araCp,0.2,4,4,GGATACTCTCAAAGCCTTGT,0,550821
araCp,0.2,4,4,GGAGTTTATAAGAGGATAAG,0,580110
araCp,0.2,4,4,GGAGTGGGTACCCTCCGCCC,0,585074
araCp,0.2,4,4,GGAGTAGAAATGACCAGTAA,0,534426
araCp,0.2,4,4,GGAGGTTGAGTAGGTGAAGA,0,599983
araCp,0.2,4,4,GGAGGTGATTTCAGGAGGCA,0,551883
araCp,0.2,4,4,GGAGGGGCTTCTTCAATTAT,0,596343
araCp,0.2,4,4,GGAGCCACAGGGCTACAGCA,0,527398
araCp,0.2,4,4,GGAGATCCCGTCAAGAAATT,0,563380
araCp,0.2,4,4,GGAGAGATTCTTCTTGGATC,0,544961
araCp,0.2,4,4,GGAGAGATCAGTAACGACCC,0,529689
araCp,0.2,4,4,GGAGACGGTCGGTCACGACC,0,587390
araCp,0.2,4,4,GGAGAAAGCGTAAAACCTAT,0,550745
araCp,0.2,4,4,GGACTGAGGCAGAGGCAATA,0,593705
araCp,0.2,4,4,GGACCTGTACCCGCCCACCC,0,553015
araCp,0.2,4,4,GGACCGATAAAAAAGCAGTG,0,546794
araCp,0.2,4,4,GGACCCGGATCGAGGCTATA,0,529409
araCp,0.2,4,4,GGACCATAGCTACTTATATC,0,558626
araCp,0.2,4,4,GGAATCTGTAGCCACACCGC,0,536673
araCp,0.2,4,4,GGAACTTCATGCCTCAACTT,0,545947
araCp,0.2,4,4,GGAAAGCGCGATGCGGTACA,0,556190
araCp,0.2,4,4,GGAAAGCCCCGACCAAATTC,0,547405
araCp,0.2,4,4,GCTTTTAAATACTGGGATAA,0,566493
araCp,0.2,4,4,GCTTTGGGTCTATAGCAGCT,0,581465
araCp,0.2,4,4,GCTTTCTAAGAAAAAGCCCT,0,550623
araCp,0.2,4,4,GCTTTATTATTGGCATCCTC,0,602731
araCp,0.2,4,4,GCTTTATCTTGAGCCGGTGA,0,574551
araCp,0.2,4,4,GCTTGGGCATCTTGGCCTTA,0,526034
araCp,0.2,4,4,GCTTGATCCGAGGGCCTTTC,0,547138
araCp,0.2,4,4,GCTTCCTGTTCCCGTAGAGC,0,530804
araCp,0.2,4,4,GCTTCCGTGTATAGAGCTCA,0,532695
araCp,0.2,4,4,GCTTCCAAACGACCGGGGGA,0,602875
araCp,0.2,4,4,GCTTCAATAAATCCGCGATA,0,593328
araCp,0.2,4,4,GCTTAAGAGGCGGACCTGGT,0,547093
araCp,0.2,4,4,GCTGTGTGAGAACCCTGCAG,0,566761
araCp,0.2,4,4,GCTGTGGGCGCCCGGGCGTT,0,572097
araCp,0.2,4,4,GCTGTACGAGAAATCAGTCA,0,565856
araCp,0.2,4,4,GCTGGTTCTGGACCCTCAGG,0,580700
araCp,0.2,4,4,GCTGGGGGGGTGGCATTGTT,0,600802
araCp,0.2,4,4,GCTGGACGCCCGCGCCGGAG,0,537489
araCp,0.2,4,4,GCTGGACCAGGTCCTAGGTA,0,597052
araCp,0.2,4,4,GCTGCGCAGAGGTCGCCAAG,0,552494
araCp,0.2,4,4,GCTCCTTACTGCATAGCCCT,0,579573
araCp,0.2,4,4,GCTCCGACCGGCATCATCTA,0,567272
araCp,0.2,4,4,GCTCCAAGGAGGAGTTGAAA,0,533110
araCp,0.2,4,4,GCTCATCCGGCCTGTTGTTA,0,591029
araCp,0.2,4,4,GCTCATACGGTAAGAATTTG,0,588503
araCp,0.2,4,4,GCTCACTGCCAAGCAAGAGT,0,577526
araCp,0.2,4,4,GCTATGGCCTGGGGGACTTT,0,554300
araCp,0.2,4,4,GCTATGCGTTGCCCGAATCA,0,569757
araCp,0.2,4,4,GCTATCGCCAAGGGTGACGG,0,532313
araCp,0.2,4,4,GCTAGTTCGTGTGGCTGAAA,0,567151
araCp,0.2,4,4,GCTAGGCCTTCGAAGGTAAG,0,526523
araCp,0.2,4,4,GCTACTCAAATACAGCTGGA,0,596532
araCp,0.2,4,4,GCTACGCAGTAAAGGATCCT,0,561189
araCp,0.2,4,4,GCTAAGGGCTTTGTCATCCA,0,527898
araCp,0.2,4,4,GCGTTTATATCTCCTATTGG,0,569968
araCp,0.2,4,4,GCGTTCAACCCCATAGATTG,0,570516
araCp,0.2,4,4,GCGTTAGATTTCCCTGGGCC,0,561368
araCp,0.2,4,4,GCGTGAGCCTAGGGGAACGA,0,575202
araCp,0.2,4,4,GCGTCTTTGGGCATCGAAGA,0,551258
araCp,0.2,4,4,GCGTATTGTTAGCTATGATT,0,551662
araCp,0.2,4,4,GCGTAGGCCGCACCTTGTCT,0,585086
araCp,0.2,4,4,GCGGTCATCTACGCGGAGAG,0,542620
araCp,0.2,4,4,GCGGTAGTCCAGCCACCGGG,0,532680
araCp,0.2,4,4,GCGGGCTTCTAATAGAGCCC,0,561179
araCp,0.2,4,4,GCGGCGCTCCAGGCTTGTGT,0,551471
araCp,0.2,4,4,GCGGCGCAATCAAATTCGAA,0,537645
araCp,0.2,4,4,GCGGATCGCTTGTTCAATAG,0,591010
araCp,0.2,4,4,GCGGATATTAAACTCTCCCT,0,563785
araCp,0.2,4,4,GCGGATAGATGACCTCCAAC,0,592133
araCp,0.2,4,4,GCGGAGTTCATCTATTACAA,0,593259
araCp,0.2,4,4,GCGGAGGTATGCTCTCGGTA,0,557730
araCp,0.2,4,4,GCGCGCGGTGCAGAGGATGT,0,582985
araCp,0.2,4,4,GCGCCGCCGAACTTACGTAC,0,536967
araCp,0.2,4,4,GCGCCATTGCACATGGCGCT,0,540690
araCp,0.2,4,4,GCGCAGTCTCCACGCCACGA,0,565883
araCp,0.2,4,4,GCGCAGATCATACCAAATCA,0,530739
araCp,0.2,4,4,GCGCACGGAACGGCCTACGG,0,543206
araCp,0.2,4,4,GCGCAATCGAATCGAAGTGT,0,549352
araCp,0.2,4,4,GCGCAAAAACGATTCCAGGT,0,559979
araCp,0.2,4,4,GCGATATAAGGAGAAGGTGT,0,555151
araCp,0.2,4,4,GCGACGATCTCCTTACGCCA,0,584976
araCp,0.2,4,4,GCGACCACACTGCAGTACTG,0,528825
araCp,0.2,4,4,GCGAATAGGTCCGAGACGGC,0,539027
araCp,0.2,4,4,GCGAAGGTCTTCCGGCCATC,0,554950
araCp,0.2,4,4,GCGAACACCGATGTGATGTT,0,536629
araCp,0.2,4,4,GCGAAAAAATATGGTGACGT,0,539419
araCp,0.2,4,4,GCCTTGTAGTCTTCAAAGGC,0,556259
araCp,0.2,4,4,GCCTTAGCATGAGTTCTAGA,0,595670
araCp,0.2,4,4,GCCTGGTGGGAGCAACCGTT,0,581123
araCp,0.2,4,4,GCCTGCTTAGGCATTCTGGA,0,563389
araCp,0.2,4,4,GCCTCCCACGGCGCGAAGAG,0,592167
araCp,0.2,4,4,GCCTCATAGAGCGACCGATG,0,566076
araCp,0.2,4,4,GCCTACTACGCAAGTTCATG,0,577868
araCp,0.2,4,4,GCCTACGGATTCAGCGAGGG,0,538815
araCp,0.2,4,4,GCCGGTTAATTCAGTTTCTA,0,535764
araCp,0.2,4,4,GCCGGTGCTCTGTGCGGTCG,0,579484
araCp,0.2,4,4,GCCGCGCACGCAGCACGTGA,0,566724
araCp,0.2,4,4,GCCGACCTACTATAAATGTT,0,563132
araCp,0.2,4,4,GCCGACAGCGGTTGGCGTCT,0,584994
araCp,0.2,4,4,GCCCTTGAACCGAACACGTT,0,568036
araCp,0.2,4,4,GCCCTTACGCAGTCTGTCCT,0,570549
araCp,0.2,4,4,GCCCGATGATCGCTCGGGCT,0,537348
araCp,0.2,4,4,GCCCGAACTGGAGTCAGGCT,0,536883
araCp,0.2,4,4,GCCCCTATCCTATAATCTGT,0,533021
araCp,0.2,4,4,GCCCCACAGGTAGGGTAAAA,0,582905
araCp,0.2,4,4,GCCAGTTATGAGTAGCGCGC,0,577081
araCp,0.2,4,4,GCCAGGGATTTATGCCTTAA,0,541279
araCp,0.2,4,4,GCCAGCCCTTCGGTAGACAT,0,569882
araCp,0.2,4,4,GCCAATACAGTCCTGCGAGA,0,542048
araCp,0.2,4,4,GCCAACAGTACACGGGAAAG,0,579064
araCp,0.2,4,4,GCCAAACGCCTTTGGATCTG,0,547259
araCp,0.2,4,4,GCATTTCAACGAGTGAAAAC,0,583316
araCp,0.2,4,4,GCATGTTACCGGTATCTGGA,0,597244
araCp,0.2,4,4,GCATGACGGATTACAATCGC,0,594431
araCp,0.2,4,4,GCATCTCTTGCGGCAGAAGA,0,547316
araCp,0.2,4,4,GCATCCGGGCCACTTGGATG,0,560655
araCp,0.2,4,4,GCATCACCAGGGAATATAAA,0,554762
araCp,0.2,4,4,GCATAAACGTAGATTGAACG,0,586573
araCp,0.2,4,4,GCAGGTAGAACTGCTCAGCA,0,530236
araCp,0.2,4,4,GCAGGGGACTACAACTTGTT,0,530017
araCp,0.2,4,4,GCAGCGCCGGTTTATTCCAG,0,579335
araCp,0.2,4,4,GCACTCTACAAGGGAGTCAC,0,597257
araCp,0.2,4,4,GCACGTAAAAGTAGAGCTGC,0,551516
araCp,0.2,4,4,GCACCAAATCGAACTCCAAA,0,581631
araCp,0.2,4,4,GCACATTTAGCTATTGCCAT,0,596500
araCp,0.2,4,4,GCACAGATACTACCCGATGA,0,590714
araCp,0.2,4,4,GCAATTTTATTACGGACAAT,0,575288
araCp,0.2,4,4,GCAATTGTCAATCGTGTGCA,0,577086
araCp,0.2,4,4,GCAATGTGGCGTGATGGGCT,0,562582
araCp,0.2,4,4,GCAAGGCCTGGTAATTGTGG,0,603590
araCp,0.2,4,4,GCAAATGATATCGTATACCT,0,583839
araCp,0.2,4,4,GCAAAGGTCACGCCACTGAC,0,580814
araCp,0.2,4,4,GCAAAATTGTGCAACGCCGG,0,597132
araCp,0.2,4,4,GATTGTAGTTGCGCATAACA,0,529127
araCp,0.2,4,4,GATTCTATGTTTGAACAGTT,0,559191
araCp,0.2,4,4,GATTCAGCTCGGGAAGATCC,0,579027
araCp,0.2,4,4,GATTCAAAAGTTTTATCTTG,0,547029
araCp,0.2,4,4,GATTATGTTGGCGGGGTCGG,0,600365
araCp,0.2,4,4,GATGTTCAGGATAGATTCTC,0,539991
araCp,0.2,4,4,GATGGGATGAGATTGAACGG,0,594069
araCp,0.2,4,4,GATGCTATCGTCTTCTCAAT,0,576727
araCp,0.2,4,4,GATGCCATTTTTCTCAGTAT,0,537445
araCp,0.2,4,4,GATGCAGGTTGAGGTCAGAG,0,555367
araCp,0.2,4,4,GATGATCCAACAATGAAGCG,0,580371
araCp,0.2,4,4,GATGAATAAATTGAGCCTCA,0,563591
araCp,0.2,4,4,GATCCGGGTACGTCGTTCGG,0,600270
araCp,0.2,4,4,GATCATAAAACATGGTAGCA,0,564981
araCp,0.2,4,4,GATCAGTGTCTTAGCGTTTC,0,562942
araCp,0.2,4,4,GATATGTCTCCGTTGAGAGT,0,567904
araCp,0.2,4,4,GATAGTGAAACAATATGTAC,0,584207
araCp,0.2,4,4,GATAGCTAATTGGTTTGCGG,0,587337
araCp,0.2,4,4,GATACTTAGTCAGCGCAGCC,0,565425
araCp,0.2,4,4,GATACCTTGGTTACGTGGGC,0,539062
araCp,0.2,4,4,GATACCAAGGGTGCACATTG,0,554891
araCp,0.2,4,4,GATAACCGGTTATAGTTGAA,0,585235
araCp,0.2,4,4,GATAACAGGGTATTTTCAAG,0,526046
araCp,0.2,4,4,GAGTGTTAGTAAACTCAATA,0,590131
araCp,0.2,4,4,GAGTGGGACGAAATAGGCGA,0,545820
araCp,0.2,4,4,GAGTGCGACGAGAACTCTCA,0,587751
araCp,0.2,4,4,GAGTCGGTGTTGTGCGAAGA,0,564129
araCp,0.2,4,4,GAGTCGGGGGCAACTTGCCG,0,555365
araCp,0.2,4,4,GAGTCAGGGGTAGGCTGGTT,0,585549
araCp,0.2,4,4,GAGTAGGTGGGGAGTCAAGG,0,575698
araCp,0.2,4,4,GAGGTTCCAACACATCAGGA,0,565573
araCp,0.2,4,4,GAGGTCTGACACTATTAATC,0,540061
araCp,0.2,4,4,GAGGTACCTGGCCTGACGCC,0,595746
araCp,0.2,4,4,GAGGGTGTGGCCTGGCGAAG,0,578876
araCp,0.2,4,4,GAGGGCACGATTGTCTGTGT,0,526111
araCp,0.2,4,4,GAGGCGGCGTTACGGGACAG,0,601263
araCp,0.2,4,4,GAGGCCGGAGCCGATGTCCT,0,529329
araCp,0.2,4,4,GAGGAGTGGTCAACTTTTGC,0,552583
araCp,0.2,4,4,GAGCGTATTGCGCTCACATT,0,549251
araCp,0.2,4,4,GAGCCTGTCTATATGTAGAC,0,601337
araCp,0.2,4,4,GAGCCATTGCATATCGGTAT,0,529844
araCp,0.2,4,4,GAGCCAGATGTACGGATCCT,0,544398
araCp,0.2,4,4,GAGCAAACTGTATCGTGAAC,0,580168
araCp,0.2,4,4,GAGATTCCGGTTGTCCTAAT,0,598029
araCp,0.2,4,4,GAGAGTTTCGGGCTCCATCG,0,592157
araCp,0.2,4,4,GAGAGGCCAATCTTAGCCCT,0,559952
araCp,0.2,4,4,GAGAGCACCTCCCACCCGTA,0,580147
araCp,0.2,4,4,GAGAGAATGGCTATTACCCG,0,553577
araCp,0.2,4,4,GAGACCTCTCGACCGATCAG,0,592838
araCp,0.2,4,4,GAGACAATCGACCTAGATGC,0,531243
araCp,0.2,4,4,GAGAACGTCGTGTAGATCCT,0,602602
araCp,0.2,4,4,GAGAACCTCGACCGGTAAGG,0,529616
araCp,0.2,4,4,GAGAAAAGGTGTATCCCAGC,0,535582
araCp,0.2,4,4,GACTTGGCGCCACATCACTG,0,544391
araCp,0.2,4,4,GACTTGAGATCTTGGTACTT,0,557618
araCp,0.2,4,4,GACTTCGCGCTACAACTTAA,0,549575
araCp,0.2,4,4,GACTGGCACTGCAAGGTACT,0,569438
araCp,0.2,4,4,GACTGCTTTGTAACCCTCCG,0,551195
araCp,0.2,4,4,GACTCGGGGCTGGATCGACC,0,561551
araCp,0.2,4,4,GACTCCGCTTTTTGAAACTT,0,575037
araCp,0.2,4,4,GACTATTTTTTTATCAGCGG,0,600814
araCp,0.2,4,4,GACTAGGTTTTAAACACCTG,0,562002
araCp,0.2,4,4,GACTAGGTTCTCCCAACCGA,0,597724
araCp,0.2,4,4,GACTACGGAGATGACTAGAG,0,553093
araCp,0.2,4,4,GACTAAGTTCATCCAAGTCC,0,531371
araCp,0.2,4,4,GACGGTCCTATTTTACTTGA,0,554632
araCp,0.2,4,4,GACGGCACTGGAGAAACATT,0,541356
araCp,0.2,4,4,GACGGAGTGCAAGCCTCTCC,0,601152
araCp,0.2,4,4,GACGATCAAAGCAGTCTCTG,0,590409
araCp,0.2,4,4,GACCTGACGCGATGATTCCG,0,550180
araCp,0.2,4,4,GACCCCCCCCGAGGGGCTTC,0,530901
araCp,0.2,4,4,GACATCTTCTACCGTTTCAC,0,537042
araCp,0.2,4,4,GACATAATCGCATGCTGCTG,0,563269
araCp,0.2,4,4,GACAGGAAGATCGGGCTGAG,0,567724
araCp,0.2,4,4,GACACTATAGCGCCGCCCAG,0,570961
araCp,0.2,4,4,GACACAAGTGATCAGCCAAT,0,586086
araCp,0.2,4,4,GACAACGCGATCTGCCTGCG,0,543045
araCp,0.2,4,4,GAATTGTGACATACGAGATT,0,533642
araCp,0.2,4,4,GAATTCTGTGTTCGCCCGGG,0,531879
araCp,0.2,4,4,GAATTCAATTAGAGAATTCA,0,601659
araCp,0.2,4,4,GAATGCCCTTCCGGTAATGG,0,537437
araCp,0.2,4,4,GAATCACCGAGAACGCTAGC,0,590727
araCp,0.2,4,4,GAATACAGGGCATTGGATAT,0,573438
araCp,0.2,4,4,GAAGGGCGTGTTGTCGTATG,0,548699
araCp,0.2,4,4,GAAGCTGGATCCTTATGGGG,0,547939
araCp,0.2,4,4,GAAGCAGCCCGTCAGTCAAA,0,567402
araCp,0.2,4,4,GAAGAGGTGGTGTAGTCTGC,0,565698
araCp,0.2,4,4,GAAGACTTCTGGAGAATTTG,0,536100
araCp,0.2,4,4,GAAGAACCTAGCGTATTCCT,0,563481
araCp,0.2,4,4,GAACTGTTCATTCAAAAGAA,0,540897
araCp,0.2,4,4,GAACGACTGTTAAATTACCA,0,562768
araCp,0.2,4,4,GAACGAAGTCGCCGAGAAAT,0,578817
araCp,0.2,4,4,GAACCTGCGGCTCATATGGT,0,531393
araCp,0.2,4,4,GAACCCGGCGCGCGATGATC,0,536036
araCp,0.2,4,4,GAACCCAGCACAACTGACTT,0,544612
araCp,0.2,4,4,GAACATGGGTGGAGCTGAGC,0,562947
araCp,0.2,4,4,GAACAAGAATCGGAGAGCAA,0,567251
araCp,0.2,4,4,GAAATACAAGAGAATCATAG,0,564536
araCp,0.2,4,4,GAAAGTGCGCCGTTAAACTT,0,588661
araCp,0.2,4,4,GAAAGGACCGACGCGAAGCC,0,603468
araCp,0.2,4,4,GAAAGCAACTTAGCAGCGCC,0,561651
araCp,0.2,4,4,GAAACTCATGAAAGAAACCC,0,530293
araCp,0.2,4,4,GAAAAGTCTGGCGTGACAGG,0,580696
araCp,0.2,4,4,GAAAAGGGCGGATCCAGCGA,0,556670
araCp,0.2,4,4,GAAAAGCTTGGTGCCGGGGT,0,601139
araCp,0.2,4,4,GAAAAGCGGTTCCGGCGGAG,0,548128
araCp,0.2,4,4,GAAAAGCCCCATGGAGGCCT,0,580644
araCp,0.2,4,4,GAAAACAGCCACTCGTAACC,0,557920
araCp,0.2,4,4,CTTTTTTGGGAGAACGCATG,0,579523
araCp,0.2,4,4,CTTTTGTTGGTCTGTGCCGG,0,556886
araCp,0.2,4,4,CTTTTAAAACCAGTAATCCT,0,603698
araCp,0.2,4,4,CTTTGTTACCTAAGAAACTG,0,575540
araCp,0.2,4,4,CTTTGCTACGAGCTGAGACA,0,589160
araCp,0.2,4,4,CTTTCTCAAATAATTGTAGT,0,540714
araCp,0.2,4,4,CTTTCGGCGGGATGTCGGTA,0,597198
araCp,0.2,4,4,CTTTCAGGGAACTAGGGGTG,0,550943
araCp,0.2,4,4,CTTTCACCGCCCGACTCGTA,0,593088
araCp,0.2,4,4,CTTTCAACAACCTCACTTTA,0,578463
araCp,0.2,4,4,CTTTATCAAGGACGTCCTTA,0,539879
araCp,0.2,4,4,CTTGTTTACTCTTTCACGCT,0,566210
araCp,0.2,4,4,CTTGTGGGACCTAAACCGAC,0,571723
araCp,0.2,4,4,CTTGGACAATGACACTCTGT,0,577979
araCp,0.2,4,4,CTTGGAAGCAATACTGTTCA,0,541605
araCp,0.2,4,4,CTTGCGTGTAGGTACGTGAG,0,533954
araCp,0.2,4,4,CTTGCGTCCCCTTACCAACA,0,544215
araCp,0.2,4,4,CTTGAGAATCTTGGATTACG,0,537262
araCp,0.2,4,4,CTTCTGTATATCCAGAGGCC,0,561203
araCp,0.2,4,4,CTTCTCTTGAGCTTTGTAAC,0,587426
araCp,0.2,4,4,CTTCGTTCTGGGTCATTCCA,0,558948
araCp,0.2,4,4,CTTCGGGGGGGGAAGAAATT,0,555512
araCp,0.2,4,4,CTTCCTAGGAAGGGGTGTGA,0,570391
araCp,0.2,4,4,CTTCACCGAGGTGCTTCTAA,0,552766
araCp,0.2,4,4,CTTCACAGCCTACGCACGGC,0,593341
araCp,0.2,4,4,CTTATTAGGTGATTTGTCCT,0,542855
araCp,0.2,4,4,CTTATATTATTTGTACAAGG,0,581412
araCp,0.2,4,4,CTTACCTTACCTCATGTTCA,0,572502
araCp,0.2,4,4,CTTAATGGAACGTAAAGTCA,0,554066
araCp,0.2,4,4,CTTAACCTACACACCTGCAG,0,569188
araCp,0.2,4,4,CTTAAAGTCGGTCTGTATCA,0,530623
araCp,0.2,4,4,CTGTTTTCGTTGGGGCAGCC,0,538057
araCp,0.2,4,4,CTGTTTCCCCCTGAGTAAAC,0,566257
araCp,0.2,4,4,CTGTTTCATTGTTTACCTGA,0,564051
araCp,0.2,4,4,CTGTGTATGCATTCGCCATT,0,558451
araCp,0.2,4,4,CTGTAGCTAGCGCGCCGAAA,0,597199
araCp,0.2,4,4,CTGTACGCGGTCGCGGAATG,0,572396
araCp,0.2,4,4,CTGTACAGTATAAACCCCTC,0,589279
araCp,0.2,4,4,CTGGTTCTTTACGGGCAGAC,0,539049
araCp,0.2,4,4,CTGGTGTGGTCAGTTGCACC,0,552744
araCp,0.2,4,4,CTGGGTTAGGAGGGAAAGGA,0,584771
araCp,0.2,4,4,CTGGGTCAATTATCGGCAGT,0,582326
araCp,0.2,4,4,CTGGGAGCAGCGATTATTAC,0,537215
araCp,0.2,4,4,CTGGGACGGCGTGGGAAAGG,0,589501
araCp,0.2,4,4,CTGGCTTCAAATCCGAAACT,0,590040
araCp,0.2,4,4,CTGGCTACTTTGCGTCGCGC,0,553046
araCp,0.2,4,4,CTGGCTAATTGAACAGCCAA,0,599629
araCp,0.2,4,4,CTGGACGCAGGCTGAACTTA,0,553246
araCp,0.2,4,4,CTGGAAGCGGATACATTCGC,0,577888
araCp,0.2,4,4,CTGCTGCATGTGCTCTTAGG,0,555908
araCp,0.2,4,4,CTGCTCAACGTTTGGAGCCT,0,525593
araCp,0.2,4,4,CTGCGGCGAGTAGAATCGGA,0,538803
araCp,0.2,4,4,CTGCGGAACAAGCCGGGAGT,0,591941
araCp,0.2,4,4,CTGCCTTTTACTAGCCCGAA,0,545322
araCp,0.2,4,4,CTGCCGAGTGATCTAAGCTA,0,571796
araCp,0.2,4,4,CTGCCCCTTCCGTGGTCTGC,0,547662
araCp,0.2,4,4,CTGCACTGCTATGATAATTA,0,592831
araCp,0.2,4,4,CTGCAAGCAGTGTACCTGAT,0,550307
araCp,0.2,4,4,CTGATCTATGCCGCCCCAAG,0,541430
araCp,0.2,4,4,CTGAGGTTGTCTTATGTTGT,0,535101
araCp,0.2,4,4,CTGACCCCGCAGCAGGAAAT,0,571692
araCp,0.2,4,4,CTGACCCAGGGGTACGGCAT,0,602750
araCp,0.2,4,4,CTGACAGTCAGGGAATCATG,0,560277
araCp,0.2,4,4,CTGAAGGGCATAGGACACTC,0,543493
araCp,0.2,4,4,CTGAACGAGGGCTGCGTCCT,0,538844
araCp,0.2,4,4,CTCTTTGTCTGCTAAACGTC,0,538909
araCp,0.2,4,4,CTCTTTAGGGAGAGGGGTTT,0,592589
araCp,0.2,4,4,CTCTTGCTTTCGCGGATAAT,0,560425
araCp,0.2,4,4,CTCTTCTGGGGCTTGCGCCT,0,572262
araCp,0.2,4,4,CTCTTCACATCTCCTGACTG,0,574355
araCp,0.2,4,4,CTCTTAACCCTTGGCGACGT,0,575011
araCp,0.2,4,4,CTCTGATGGGGTGAAACAAG,0,576413
araCp,0.2,4,4,CTCTGATCATCTATGTTAAA,0,589341
araCp,0.2,4,4,CTCTCCTCCGCGTTCCTAAT,0,579819
araCp,0.2,4,4,CTCTCCGATTTCCATCTGGT,0,534297
araCp,0.2,4,4,CTCTCATAACCCTTAGCTGG,0,531304
araCp,0.2,4,4,CTCTCACCGATAAGAGGGTT,0,545179
araCp,0.2,4,4,CTCTAGCGTTTTACCCCTTC,0,566616
araCp,0.2,4,4,CTCTACTCCCGGCTTGCGGT,0,556684
araCp,0.2,4,4,CTCGTTCGGTAATTTAGATC,0,588457
araCp,0.2,4,4,CTCGTTCGAACGCTCGTCAC,0,535150
araCp,0.2,4,4,CTCGGTTTGCACTGAACCAT,0,602050
araCp,0.2,4,4,CTCGGCTTTCGAAAGGGACT,0,552965
araCp,0.2,4,4,CTCGCTCGACGGTACTTAGG,0,583325
araCp,0.2,4,4,CTCGCGACCTGCGTAGCAAC,0,584145
araCp,0.2,4,4,CTCGAGTTTTGCAAACTCAG,0,599197
araCp,0.2,4,4,CTCCCTGTGCTCTATTTACA,0,601988
araCp,0.2,4,4,CTCCAAATCCGAAGATTCGG,0,564997
araCp,0.2,4,4,CTCAGGGTTTCTGTAAATCT,0,575934
araCp,0.2,4,4,CTCAGCAAAAGAACACCGGA,0,559772
araCp,0.2,4,4,CTCACTAATTTTCAGGTTAA,0,547848
araCp,0.2,4,4,CTCACATTAACAGGGATTGG,0,581463
araCp,0.2,4,4,CTCAAGCAGGACGAGATCAC,0,567147
araCp,0.2,4,4,CTCAAAAGTTCCGTGTACGC,0,530545
araCp,0.2,4,4,CTATTGATATTGTAGATAGA,0,529268
araCp,0.2,4,4,CTATTAGTAGCGTACATATG,0,554061
araCp,0.2,4,4,CTATGTGTTGTTCTGTCAAT,0,570797
araCp,0.2,4,4,CTATGATAGTCATGCTGCCT,0,540321
araCp,0.2,4,4,CTATCTTAAGTAGATGAGCT,0,559129
araCp,0.2,4,4,CTATCTGTGGGTGTATCACG,0,599543
araCp,0.2,4,4,CTATCTACACGACAACGTAT,0,567018
araCp,0.2,4,4,CTATCGGCGTGCCGTCTGGT,0,542327
araCp,0.2,4,4,CTATCATATGCAGATAATTA,0,564052
araCp,0.2,4,4,CTATATAGACGTTGTCGTAA,0,577625
araCp,0.2,4,4,CTAGTTCCTCACCGTCTAAG,0,572978
araCp,0.2,4,4,CTAGTGAAATACTTCGAAAT,0,560662
araCp,0.2,4,4,CTAGGCGTCGAGTCTATCCT,0,535183
araCp,0.2,4,4,CTAGGCATAGGTAGCCATTT,0,531767
araCp,0.2,4,4,CTAGCTACCCCCTTGGGGCA,0,600924
araCp,0.2,4,4,CTAGCCCCCTAGACATTTCA,0,601101
araCp,0.2,4,4,CTAGCCATTAGGATGTAATC,0,597940
araCp,0.2,4,4,CTAGCCATTAACATTAGGGG,0,542526
araCp,0.2,4,4,CTAGAGAGTGCACATCGATA,0,538921
araCp,0.2,4,4,CTACTGACATCTATTGAGGG,0,553958
araCp,0.2,4,4,CTACGGGGGTTAACTACTGT,0,558442
araCp,0.2,4,4,CTACGCGATTGTTGAAATCA,0,579070
araCp,0.2,4,4,CTACGCCTTCGACATTCGCG,0,590348
araCp,0.2,4,4,CTACGCATGATCTAAGGGAG,0,547796
araCp,0.2,4,4,CTACGATGGGCTGCCTCATC,0,590000
araCp,0.2,4,4,CTACGAGTGAAAGACCATCT,0,526124
araCp,0.2,4,4,CTACCTTAGAAAGTCCATCT,0,541924
araCp,0.2,4,4,CTACCCTGAGGCCATCAATC,0,563230
araCp,0.2,4,4,CTACATACCAACTCACTTGA,0,539328
araCp,0.2,4,4,CTAATTCCCGAGCGCAAGGG,0,538658
araCp,0.2,4,4,CTAATGAAGGAGTGTGTTCT,0,600342
araCp,0.2,4,4,CTAAGGCCCCAGAGTGGACC,0,533356
araCp,0.2,4,4,CTAAGAATCAATAGAACGTT,0,542858
araCp,0.2,4,4,CTAAATCACGATTCTTAAGA,0,548816
araCp,0.2,4,4,CTAAAGTGCCAACGTCCCGT,0,601191
araCp,0.2,4,4,CTAAAAGTGTTGGTCTCGTG,0,539393
araCp,0.2,4,4,CTAAAAGATTAGGTGGTGAA,0,553366
araCp,0.2,4,4,CGTTTTATTGGTCACCGAAA,0,551737
araCp,0.2,4,4,CGTTTGCACTATCGGCTGAC,0,530879
araCp,0.2,4,4,CGTTTACGTCGCACGGTTCG,0,529499
araCp,0.2,4,4,CGTTGGTCCCATTCTGATCC,0,588948
araCp,0.2,4,4,CGTTGGATCGGTCAGATAGT,0,597130
araCp,0.2,4,4,CGTTCGGTGACCCTCCTGCA,0,564432
araCp,0.2,4,4,CGTTATGGGAAATTTTTTTA,0,594628
araCp,0.2,4,4,CGTTATCGGTTCTCACCAGG,0,546350
araCp,0.2,4,4,CGTTATAAGTGGACTGTATT,0,569736
araCp,0.2,4,4,CGTTAGGCGGCTGTCGCTAC,0,578508
araCp,0.2,4,4,CGTTAGACGATTGTTTAATT,0,552700
araCp,0.2,4,4,CGTTACGGCTCGAGAACCAT,0,598049
araCp,0.2,4,4,CGTTACCGGGCTTTAACGTA,0,567031
araCp,0.2,4,4,CGTTACAGTTCCGTGATGTA,0,538742
araCp,0.2,4,4,CGTGTTAAGGTAGAGTCATG,0,538612
araCp,0.2,4,4,CGTGTCGAATGGTCTGCGTT,0,594369
araCp,0.2,4,4,CGTGTCCCTCTAGATCCGAA,0,597449
araCp,0.2,4,4,CGTGGTTTGTTGAAGCCAGA,0,543452
araCp,0.2,4,4,CGTGCGATTGAGGCCAGGTA,0,603049
araCp,0.2,4,4,CGTGCGAAAAGATAGGCCAC,0,569504
araCp,0.2,4,4,CGTGCATCGCAAGTTACAGT,0,578717
araCp,0.2,4,4,CGTGATGAGAGTACCGCTTC,0,545610
araCp,0.2,4,4,CGTGAATAAAGGCGTATACC,0,537558
araCp,0.2,4,4,CGTGAACATCGTGAAACGGG,0,555885
araCp,0.2,4,4,CGTCTTATTACTCGAGAGAG,0,549140
araCp,0.2,4,4,CGTCTGGTGGTGAGCCCTGC,0,550040
araCp,0.2,4,4,CGTCTCTAACCTCTCGCACA,0,565766
araCp,0.2,4,4,CGTCGCTGAAATATTGGGCT,0,528283
araCp,0.2,4,4,CGTCGCGATAGTTCGCCAGG,0,581011
araCp,0.2,4,4,CGTCCGACCAGTAAAAATGG,0,554842
araCp,0.2,4,4,CGTCCAGAGTAGGCGGAAGT,0,577105
araCp,0.2,4,4,CGTCAGTTAAATCAATCACA,0,576061
araCp,0.2,4,4,CGTCACCCTGGTAGGGGCAA,0,553620
araCp,0.2,4,4,CGTCAATTGCTGGTTGTACA,0,569622
araCp,0.2,4,4,CGTCAAGATCGGCTCAGAAA,0,550196
araCp,0.2,4,4,CGTATGGGCTTTTTAGACAT,0,584676
araCp,0.2,4,4,CGTATAGCCATTCGACGAGT,0,574082
araCp,0.2,4,4,CGTAGTGAAATAGGTTTAAA,0,594860
araCp,0.2,4,4,CGTAGCTACGGCTAAGCTAT,0,599095
araCp,0.2,4,4,CGTACCATTTTTAGCCCTCT,0,565668
araCp,0.2,4,4,CGTACATTCGGCTCCTACGC,0,601740
araCp,0.2,4,4,CGTAATTGAAAAGTTCTTTT,0,560571
araCp,0.2,4,4,CGTAATGTTTAGATGCATGA,0,565823
araCp,0.2,4,4,CGTAACGAAGTCTCATGGGT,0,543627
araCp,0.2,4,4,CGGTTTCAATCGGTCCCTAA,0,573890
araCp,0.2,4,4,CGGTTGGCGCTCGCAGATCT,0,596430
araCp,0.2,4,4,CGGTTACTGTGCTAAGGGAA,0,545750
araCp,0.2,4,4,CGGTGGCATCCGCTTATGGG,0,560976
araCp,0.2,4,4,CGGTCACAGGCGGTTAAGAC,0,528653
araCp,0.2,4,4,CGGTAAGGAAGTTGAGCGAA,0,557241
araCp,0.2,4,4,CGGGTTAGACCGTGAGGTAC,0,584138
araCp,0.2,4,4,CGGGTCCCAAATCGGATGTC,0,590226
araCp,0.2,4,4,CGGGTCCAGATGGACGGGTA,0,597562
araCp,0.2,4,4,CGGGTCAGCGTTGGATCATA,0,548916
araCp,0.2,4,4,CGGGGTCGAAAACGCTTTGA,0,573579
araCp,0.2,4,4,CGGGGGCGTATCTATGCTCA,0,560721
araCp,0.2,4,4,CGGGGGCATGTAACGCCATA,0,543404
araCp,0.2,4,4,CGGGGCTTCGCCACCTATCT,0,568302
araCp,0.2,4,4,CGGGGCCAGCAAATACGATT,0,589472
araCp,0.2,4,4,CGGGGATAACGAGAACCGCG,0,590097
araCp,0.2,4,4,CGGGCTAGGCCCATCGTTGT,0,527222
araCp,0.2,4,4,CGGGCGCTACTTGAGTTCGG,0,573627
araCp,0.2,4,4,CGGGCCACGACGCGCTCCCA,0,574490
araCp,0.2,4,4,CGGGCAATCAAATTCTCACA,0,599632
araCp,0.2,4,4,CGGGATGCGGAGGACATAGG,0,567970
araCp,0.2,4,4,CGGGATCTGTGGGAGGTCTG,0,539951
araCp,0.2,4,4,CGGGAGGAAGACGGGTTAAT,0,563684
araCp,0.2,4,4,CGGGAGATGTGTTGATTCTG,0,585634
araCp,0.2,4,4,CGGCTTCCTTTTGAAGCACA,0,551344
araCp,0.2,4,4,CGGCTCATAGTGTCCGTACT,0,577167
araCp,0.2,4,4,CGGCGTGGCAGTTGTTACAC,0,532254
araCp,0.2,4,4,CGGCGGGGATGTACATATAG,0,599393
araCp,0.2,4,4,CGGCGCATGCTTTGATGCCG,0,590644
araCp,0.2,4,4,CGGCCGAGGCACCGAGAGTT,0,563400
araCp,0.2,4,4,CGGCATGTACTAAGTCGGCA,0,600801
araCp,0.2,4,4,CGGCAAGTCATACGGTGGCG,0,583414
araCp,0.2,4,4,CGGATGTGTAGGCTGACTGG,0,571579
araCp,0.2,4,4,CGGATGCAAGAACCTACCCA,0,546201
araCp,0.2,4,4,CGGATCTAATCGGCGAAGCT,0,554805
araCp,0.2,4,4,CGGATCGTGAAAGTGTCCCA,0,572276
araCp,0.2,4,4,CGGATACCCAATAGGCATGC,0,537640
araCp,0.2,4,4,CGGAGGCCTCCTTATAAGAT,0,577725
araCp,0.2,4,4,CGGAGCTCGCCCATTTCGTG,0,531553
araCp,0.2,4,4,CGGACTTACCTCACGACAGT,0,576755
araCp,0.2,4,4,CGGACGGGACCTAGATCCAG,0,581774
araCp,0.2,4,4,CGGAAGGCGTTCGGGGACAG,0,598307
araCp,0.2,4,4,CGGAACATGAGATTGAGGCA,0,535358
araCp,0.2,4,4,CGCTTTCATCGGCCGACTCC,0,590718
araCp,0.2,4,4,CGCTTGTCCCCGTAGACCCT,0,573540
araCp,0.2,4,4,CGCTTCTCAGATGCTAGAGC,0,601326
araCp,0.2,4,4,CGCTTCGCAGTTAGTTGCCA,0,550521
araCp,0.2,4,4,CGCTGTTCTCACTCGCGGCC,0,597814
araCp,0.2,4,4,CGCTGGTTTTGCTCTTCCGG,0,603481
araCp,0.2,4,4,CGCTGACTATCGCCGTATGC,0,596646
araCp,0.2,4,4,CGCGTCCGTCTATTAGGGGG,0,581568
araCp,0.2,4,4,CGCGGTTACGGTCACGTCAA,0,574472
araCp,0.2,4,4,CGCGGCAAGCCTCTGGCGGT,0,592376
araCp,0.2,4,4,CGCCTTAGTAAACCGTTGGT,0,581175
araCp,0.2,4,4,CGCCGTTAGTAGTTGAATTA,0,568090
araCp,0.2,4,4,CGCCGTGCCATCTGTTCGCT,0,599016
araCp,0.2,4,4,CGCCGGATCTGAGTAATTTA,0,547358
araCp,0.2,4,4,CGCCGCTCGGTTTAGGTATT,0,547180
araCp,0.2,4,4,CGCCCTTGCTACACGCACCG,0,558650
araCp,0.2,4,4,CGCCCCTCTCTATACCTCCC,0,530514
araCp,0.2,4,4,CGCCCCACACATGGACAATA,0,540426
araCp,0.2,4,4,CGCATCGCGTGATAGTATCG,0,556998
araCp,0.2,4,4,CGCATAGCGCTGGTGCAGCC,0,549800
araCp,0.2,4,4,CGCAGAGAATCCGTTGCGTC,0,596017
araCp,0.2,4,4,CGCAGACGAACATCGTCCCT,0,588779
araCp,0.2,4,4,CGCACTGTTCGCTGTCAAAT,0,547353
araCp,0.2,4,4,CGCACTAGGTTTATTTGGGA,0,589612
araCp,0.2,4,4,CGCAAGGTTGGGGTCAGTTA,0,533629
araCp,0.2,4,4,CGATTCACGGGGCATGTAGA,0,537783
araCp,0.2,4,4,CGATTAGCTCTATTATTACA,0,561710
araCp,0.2,4,4,CGATGTTAAGGGGACGCACG,0,582741
araCp,0.2,4,4,CGATGTACGTCACCGGTGGA,0,552677
araCp,0.2,4,4,CGATGCTGAGCTTTTGCGCT,0,552169
araCp,0.2,4,4,CGATGAAAGCACGACGCGGA,0,565953
araCp,0.2,4,4,CGATCCAATGGGGTTCCGGA,0,537174
araCp,0.2,4,4,CGATCAAACCGACACGCAGC,0,554723
araCp,0.2,4,4,CGATATTATCTGTGTAGTTC,0,553655
araCp,0.2,4,4,CGATAACTGAGTCCATTTCT,0,568284
araCp,0.2,4,4,CGAGTCACATCAGGGCAATC,0,533689
araCp,0.2,4,4,CGAGTAAAGAGCGGTACCAG,0,547792
araCp,0.2,4,4,CGAGGTTCGACTATGTACAA,0,578710
araCp,0.2,4,4,CGAGGTCAAAGGATATGCGA,0,595883
araCp,0.2,4,4,CGAGGGACGCACCCAGACGA,0,568312
araCp,0.2,4,4,CGAGGAAATATGGGTCATCT,0,596667
araCp,0.2,4,4,CGAGCATTGAACGATAATGA,0,537613
araCp,0.2,4,4,CGAGATTTCTTTCCACTGGC,0,533871
araCp,0.2,4,4,CGAGATTCTGGGCCGCTGCC,0,537218
araCp,0.2,4,4,CGAGATCTGATTGCCTAACT,0,548294
araCp,0.2,4,4,CGAGAGTCCGTAGTTCCTTA,0,552960
araCp,0.2,4,4,CGAGAGTAGCTGCCGACATA,0,541208
araCp,0.2,4,4,CGACTGAGCTTTGATCCGGG,0,525575
araCp,0.2,4,4,CGACTACAGGTTGCGTAGTG,0,550268
araCp,0.2,4,4,CGACGGTTGTCGAACTCGGG,0,587834
araCp,0.2,4,4,CGACGGTCAGGGAATGGCCA,0,601973
araCp,0.2,4,4,CGACGGATGGCCGTACGTTC,0,596561
araCp,0.2,4,4,CGACGCGGATACGGCCTGTC,0,567557
araCp,0.2,4,4,CGACCGTCATATGGGCGTTG,0,556417
araCp,0.2,4,4,CGACCCGGAGAGTTGCGACG,0,545339
araCp,0.2,4,4,CGACCCCCGCTCGGGTGACT,0,569751
araCp,0.2,4,4,CGACAGGGAATATTTCGTAC,0,535781
araCp,0.2,4,4,CGACAGGCGCTCAGGGGTCG,0,589698
araCp,0.2,4,4,CGAAATACGTTCAATATGAG,0,552663
araCp,0.2,4,4,CGAAAAAGCCTAGCGCGGCT,0,547233
araCp,0.2,4,4,CCTTTCGTGCCCACCTCCGT,0,533741
araCp,0.2,4,4,CCTTTCGTCGTCGTTACAAC,0,531152
araCp,0.2,4,4,CCTTGCACATAGGCATAGCA,0,561008
araCp,0.2,4,4,CCTTGATGATTATCGCCACA,0,555914
araCp,0.2,4,4,CCTTCGTATAATGTAACTAT,0,573693
araCp,0.2,4,4,CCTTCCAGCAACTGAGAGTA,0,563274
araCp,0.2,4,4,CCTTCATTCACGGAGGATCA,0,577534
araCp,0.2,4,4,CCTTCAAATGCGGGAGTCCT,0,590260
araCp,0.2,4,4,CCTTATGATTTTGCGATCTA,0,547929
araCp,0.2,4,4,CCTTATGAAGTATTAAAAAG,0,532956
araCp,0.2,4,4,CCTTATCGGCCAAGAGATCG,0,574556
araCp,0.2,4,4,CCTGTCGGCAAAAGGGTACA,0,541686
araCp,0.2,4,4,CCTGGGTCATCTAGTGGCCT,0,599903
araCp,0.2,4,4,CCTGCCTTTAAGCAGTGCCA,0,556131
araCp,0.2,4,4,CCTGCCTGGTGAGTACGTGC,0,571079
araCp,0.2,4,4,CCTGCATGGTTACACGCGGA,0,549192
araCp,0.2,4,4,CCTGATCCCGGTCACGTCAG,0,593742
araCp,0.2,4,4,CCTGAGTTGTATCGCCGGGG,0,569378
araCp,0.2,4,4,CCTGAGTGCTCGCACGTGCG,0,538354
araCp,0.2,4,4,CCTGAAGGAGTCTTAGCAGC,0,538743
araCp,0.2,4,4,CCTCTCGTCAGACATCGATT,0,554327
araCp,0.2,4,4,CCTCTAATTAGAGACGTTAA,0,551004
araCp,0.2,4,4,CCTCGGTCCCAATTATTTCC,0,563398
araCp,0.2,4,4,CCTCGGCCCGTCTCGTGCTT,0,589332
araCp,0.2,4,4,CCTCATGACAGCTCTTTTGA,0,539041
araCp,0.2,4,4,CCTCATCACTATCACCTTTG,0,548095
araCp,0.2,4,4,CCTCAAGGGGCAAAGGCCGA,0,603202
araCp,0.2,4,4,CCTAGTAAACGTCACTCTCG,0,546639
araCp,0.2,4,4,CCTACTAAAGGTATAGCGAG,0,575287
araCp,0.2,4,4,CCTACGACAACCCGCCAACG,0,581163
araCp,0.2,4,4,CCTACAGGGGCGTTACCTTT,0,583635
araCp,0.2,4,4,CCTAAGTGAATGGGAAGTAA,0,570605
araCp,0.2,4,4,CCTAAGGGCGATCAATTTGT,0,569187
araCp,0.2,4,4,CCGTGTACGGACGAACTCTA,0,584982
araCp,0.2,4,4,CCGTCCGTACAATTAATCCG,0,530449
araCp,0.2,4,4,CCGTCAACATTAGATTACGA,0,540929
araCp,0.2,4,4,CCGTACCGCCGTCTCATGGT,0,589051
araCp,0.2,4,4,CCGTACCCAGACCAGGAGCC,0,565755
araCp,0.2,4,4,CCGGTCCGGCGGGCGGTTGG,0,552189
araCp,0.2,4,4,CCGGGGTTCTTCCGATTTGC,0,579360
araCp,0.2,4,4,CCGGGGAGTCCACGTTACTG,0,536255
araCp,0.2,4,4,CCGGGATTGGTAGTCCTGGG,0,531490
araCp,0.2,4,4,CCGGCGGTACAGCAGCTTTC,0,568426
araCp,0.2,4,4,CCGGCATCGATTGAGCCGCG,0,575781
araCp,0.2,4,4,CCGGATAGAGTAGGAAGACA,0,526926
araCp,0.2,4,4,CCGCTTGTATCGAGAATGAC,0,579189
araCp,0.2,4,4,CCGCTCCAGGTATTCCACTG,0,549709
araCp,0.2,4,4,CCGCGTCCTTTGGTAATGGG,0,555827
araCp,0.2,4,4,CCGCCTAAGCGTATTCAACT,0,565630
araCp,0.2,4,4,CCGCCGGATCATCTAGAGTA,0,593430
araCp,0.2,4,4,CCGCCCCGTCTACATCCCCA,0,571193
araCp,0.2,4,4,CCGCCACATTGTTGCGGGAG,0,600081
araCp,0.2,4,4,CCGATCGACTCAGCAGCGCT,0,583460
araCp,0.2,4,4,CCGATATAGTGTAGGTAAAA,0,526100
araCp,0.2,4,4,CCGAACTCCAAGCATGCCCA,0,542973
araCp,0.2,4,4,CCCTTTAAGACTCGCCCCGG,0,533532
araCp,0.2,4,4,CCCTGCTAAGTACCTTACTG,0,576222
araCp,0.2,4,4,CCCTGCGTATAGGTTTCCAT,0,562361
araCp,0.2,4,4,CCCTAGCACTTTAACCATGC,0,550192
araCp,0.2,4,4,CCCGTTTTAGACTTGGAACT,0,570710
araCp,0.2,4,4,CCCGGGGTCTGTGCTGAAAG,0,533697
araCp,0.2,4,4,CCCGGCAGTGCTTCTGGGCG,0,532555
araCp,0.2,4,4,CCCGGACTAGGACTTAACGA,0,525692
araCp,0.2,4,4,CCCGATAAGGGGGGACCGAA,0,594811
araCp,0.2,4,4,CCCCTTTGAACACCACGTCC,0,596705
araCp,0.2,4,4,CCCCTGGGCTGCCATGGGCA,0,584160
araCp,0.2,4,4,CCCCTGGGAAACCGTAACAG,0,563202
araCp,0.2,4,4,CCCCGGCATTCATGTCGTAA,0,526856
araCp,0.2,4,4,CCCCGCCGCAACAAATCTTC,0,525535
araCp,0.2,4,4,CCCCACTTTGTCGTTGGTAT,0,536798
araCp,0.2,4,4,CCCATCCGGCAATTGCTTAA,0,555794
araCp,0.2,4,4,CCCAGCTGCCTGCTTTACCT,0,540608
araCp,0.2,4,4,CCCAGCTATCGCGCTCCCGA,0,557141
araCp,0.2,4,4,CCCACGAGCCTCAGTTCTTG,0,570995
araCp,0.2,4,4,CCCACGACGGGCAAGTGACA,0,554341
araCp,0.2,4,4,CCCACCTAGTGGTAGCAGTA,0,531448
araCp,0.2,4,4,CCATTGCGGGACAGGCAAAA,0,526946
araCp,0.2,4,4,CCATTCCCTGGATTGTTTGT,0,577811
araCp,0.2,4,4,CCATTCATTCTGGCCACTAG,0,573764
araCp,0.2,4,4,CCATTCAATCGTCCGCGGGA,0,534400
araCp,0.2,4,4,CCATGCGCTCTATTAGACCA,0,577338
araCp,0.2,4,4,CCATGAACTGTCGGCATCAC,0,592118
araCp,0.2,4,4,CCATCACTCCATCAACTTTA,0,600493
araCp,0.2,4,4,CCAGTCGAGAAGTTAATTAG,0,526395
araCp,0.2,4,4,CCAGTCCGAATATGTGCCGG,0,548825
araCp,0.2,4,4,CCAGGATGCCTGGAAGGAGC,0,548563
araCp,0.2,4,4,CCAGCCCAAGGCGAACGCTA,0,556925
araCp,0.2,4,4,CCAGCACTAGATCCCAGCGG,0,593485
araCp,0.2,4,4,CCACTCTAAATACTCGGCCC,0,528439
araCp,0.2,4,4,CCACGCTGATGGAGGATTAT,0,583893
araCp,0.2,4,4,CCACGCATCGTATTACTATA,0,571307
araCp,0.2,4,4,CCACCTCGGTGGTTGGGGCG,0,589437
araCp,0.2,4,4,CCACCAGGAGGCACTCGGGT,0,566881
araCp,0.2,4,4,CCACAGTCCGGGAGTTGTCA,0,526932
araCp,0.2,4,4,CCACAAGCGCATCCAGTCCA,0,591928
araCp,0.2,4,4,CCAATTAGGAGGATTGTACG,0,526880
araCp,0.2,4,4,CCAATCATGGTCCTCTCATA,0,559990
araCp,0.2,4,4,CCAATCACTTCTTGTTCGAT,0,586990
araCp,0.2,4,4,CCAAGATTCGCGGTGAGGCT,0,595700
araCp,0.2,4,4,CCAAGAGTGAGATGTATGAA,0,560998
araCp,0.2,4,4,CCAAAGATCTTAGAGGGAAT,0,532163
araCp,0.2,4,4,CCAAACAGAAAACCGGATGG,0,592658
araCp,0.2,4,4,CATTTTAAAAACGATGACCG,0,559607
araCp,0.2,4,4,CATTTCGTGTTATGTATAGT,0,530454
araCp,0.2,4,4,CATTGTGTAGCGAGTGGCTA,0,568650
araCp,0.2,4,4,CATTGAGTTTCATTTATTAG,0,594418
araCp,0.2,4,4,CATTCTGACCTCAATGATGA,0,602531
araCp,0.2,4,4,CATTCGCAATTGGGGCATGG,0,552533
araCp,0.2,4,4,CATTACTCAATTAGGCACAG,0,555134
araCp,0.2,4,4,CATGTTCTGGCTAAGCACGA,0,579214
araCp,0.2,4,4,CATGTGCGTGTCCGACCCTG,0,537518
araCp,0.2,4,4,CATGCGTCTGGATGCAACGT,0,545181
araCp,0.2,4,4,CATGCGTCGCGCTTCGGCTG,0,584508
araCp,0.2,4,4,CATGCGAGAATTGCCATCAA,0,537694
araCp,0.2,4,4,CATGACCTTAGTGGCGCTGC,0,572883
araCp,0.2,4,4,CATCTATTGTGAGTCCTCGA,0,531840
araCp,0.2,4,4,CATCTAGGCGGATCCCGTGA,0,560723
araCp,0.2,4,4,CATCCCTCATCTTATCAATC,0,571889
araCp,0.2,4,4,CATCCCGCGACCGTAGTTAT,0,592105
araCp,0.2,4,4,CATCAATCTAATACTTGAAC,0,598319
araCp,0.2,4,4,CATAGGCGTAAGCACTGATA,0,542835
araCp,0.2,4,4,CATAGATCAAGTACAATGTA,0,603551
araCp,0.2,4,4,CATACTTCTGGTCCTTTGGT,0,596012
araCp,0.2,4,4,CATACTGCCAACTGTAGCCC,0,526743
araCp,0.2,4,4,CATACCAGGTAATTTGCGAG,0,591565
araCp,0.2,4,4,CATAAGATATAAATCGTAAC,0,567788
araCp,0.2,4,4,CATAACCACCAAGATAAAGC,0,596311
araCp,0.2,4,4,CAGTTGTAAATGTCAACTCT,0,582856
araCp,0.2,4,4,CAGTGTGTTATACATGGTGC,0,533736
araCp,0.2,4,4,CAGTGCCCCCCTACGAGAAT,0,540717
araCp,0.2,4,4,CAGTCAGGAGAAAAAACATT,0,582223
araCp,0.2,4,4,CAGGGTTCCTCTAGCAAAGT,0,565568
araCp,0.2,4,4,CAGGGTCAGCCGAGAGCGCA,0,603001
araCp,0.2,4,4,CAGGACATCCTCCAAAGAAC,0,578523
araCp,0.2,4,4,CAGCGTCAAGTATTCTCTCC,0,526906
araCp,0.2,4,4,CAGCGGGTTCTATTACGGTT,0,542244
araCp,0.2,4,4,CAGCAGGAAGTTCTTGGCCG,0,559647
araCp,0.2,4,4,CAGATCCCCAGACTTCTTCA,0,538387
araCp,0.2,4,4,CAGATCCAAAGTGGCCGGTA,0,584042
araCp,0.2,4,4,CAGAGCTGTCTTGAGTATCG,0,585623
araCp,0.2,4,4,CAGAGCGGGAGATTGACTTC,0,601379
araCp,0.2,4,4,CAGAGCATGCCACCATCTCC,0,587633
araCp,0.2,4,4,CAGACTTAACCTGCTAAGGA,0,602976
araCp,0.2,4,4,CAGACGTGTTTGAATCCAAA,0,593877
araCp,0.2,4,4,CAGAAAATGTACTGAAGGTT,0,546513
araCp,0.2,4,4,CACTTTGACCTTACATGACG,0,584309
araCp,0.2,4,4,CACTGCTGTATGCATTTTAA,0,551012
araCp,0.2,4,4,CACTGCTGCGTGGTAGCAAG,0,580056
araCp,0.2,4,4,CACTGCGCGTCATGGTACGA,0,525766
araCp,0.2,4,4,CACTCTTTATGCCTAGTCGT,0,563830
araCp,0.2,4,4,CACTCGAATTTCGGTGCCTC,0,585360
araCp,0.2,4,4,CACTCCCAAAAGACTGGGTT,0,577160
araCp,0.2,4,4,CACTCATGGCGTAATCCGGT,0,546352
araCp,0.2,4,4,CACTACGGAAGTAGAATTAA,0,594652
araCp,0.2,4,4,CACGTGTGGTAGACATAGCT,0,570696
araCp,0.2,4,4,CACGGTAACTCCGACCCTAG,0,527624
araCp,0.2,4,4,CACGGTAACGTGGTGGTGTT,0,565417
araCp,0.2,4,4,CACGGGCGCGTAAGGGGCGC,0,581419
araCp,0.2,4,4,CACGGGAAGTTGCGGGGACA,0,576640
araCp,0.2,4,4,CACGCATTGAGGGGGTTGAA,0,542927
araCp,0.2,4,4,CACGAGGCGGCCAGCTACAA,0,544164
araCp,0.2,4,4,CACCTCGGCATTTCGGTGGT,0,594465
araCp,0.2,4,4,CACCTACTTTTGTAGCCTCC,0,541811
araCp,0.2,4,4,CACCGCGATATTCTTTGTAC,0,596569
araCp,0.2,4,4,CACCGAACCGGGGCTCAGTT,0,557236
araCp,0.2,4,4,CACCCTGGGCCGTCGAGAAT,0,541484
araCp,0.2,4,4,CACCCGCTTAAGAAACAGGT,0,589970
araCp,0.2,4,4,CACATTAAGGCTACGCTGGA,0,576340
araCp,0.2,4,4,CACATGGCTAGTGATGGTCC,0,601795
araCp,0.2,4,4,CACATAGTCCCGCTCTAATG,0,589813
araCp,0.2,4,4,CACATAATTTCGGAGATTAG,0,542112
araCp,0.2,4,4,CACAGTGCTCTTTAATCCTG,0,573790
araCp,0.2,4,4,CACAGTCAGGGCGTACCCAA,0,562781
araCp,0.2,4,4,CACAGAGTATAATGCCGGGT,0,527303
araCp,0.2,4,4,CACAACAGGACGGATACCAA,0,553653
araCp,0.2,4,4,CAATTGAGGTGTCGCGAGGA,0,595797
araCp,0.2,4,4,CAATTATTTGCACGCTTCAC,0,552308
araCp,0.2,4,4,CAATGAAGTCGATTTCTCGC,0,540056
araCp,0.2,4,4,CAATCTAATAGCCTGTATGG,0,536018
araCp,0.2,4,4,CAATAGAGACCCTGCGGTAA,0,594148
araCp,0.2,4,4,CAATAATCCACATATCTTCA,0,602730
araCp,0.2,4,4,CAATAAACTCCTTACATCAT,0,548085
araCp,0.2,4,4,CAAGTTGCAAGGGCTTTAGT,0,595007
araCp,0.2,4,4,CAAGTGGGGTTGAAAGCATA,0,532873
araCp,0.2,4,4,CAAGTGGCGATTTAAACTTT,0,594620
araCp,0.2,4,4,CAAGTGATATTATCTCGAGC,0,550201
araCp,0.2,4,4,CAAGTCTCACCACACTTGTA,0,567991
araCp,0.2,4,4,CAAGTCAGTCAGATCCGAAC,0,549985
araCp,0.2,4,4,CAAGTACGCCACGAGTCGCT,0,593358
araCp,0.2,4,4,CAAGGGTTAACAAACGCCGT,0,562175
araCp,0.2,4,4,CAAGGGGATGAAAATTTGTT,0,593082
araCp,0.2,4,4,CAAGCGATCTAAAAGGGAAC,0,603630
araCp,0.2,4,4,CAACCATTTAAGGAAGCCAC,0,597631
araCp,0.2,4,4,CAACATGGTCGGCCAACATT,0,589097
araCp,0.2,4,4,CAACAGAGCAATCCGCAGTT,0,527574
araCp,0.2,4,4,CAACACCAGCGTGGTAAGGT,0,546058
araCp,0.2,4,4,CAAATTCACGGAGCAGGGTC,0,543968
araCp,0.2,4,4,CAAATCCCTTGTAAACCATG,0,542473
araCp,0.2,4,4,CAAATATGCACCTGGTACTT,0,541159
araCp,0.2,4,4,CAAAGTATTAGATTCGTATT,0,571654
araCp,0.2,4,4,CAAAGCGTGGATCGAGGCCT,0,542252
araCp,0.2,4,4,CAAAGACAAGTCATTCTTTA,0,580659
araCp,0.2,4,4,CAAACCAATGACCAGAAGTA,0,571728
araCp,0.2,4,4,CAAAATCCCAGACGGATTCT,0,573609
araCp,0.2,4,4,ATTTTCAATGACACAGGAGG,0,585423
araCp,0.2,4,4,ATTTGTGACCCGAGCTGCGG,0,532729
araCp,0.2,4,4,ATTTGCTGGGCATCAAGCAG,0,557823
araCp,0.2,4,4,ATTTCTGTTACGGGCTATGT,0,598034
araCp,0.2,4,4,ATTTCGGCTACAGATGACCC,0,533124
araCp,0.2,4,4,ATTTCAAGACATTTTTAAAT,0,598524
araCp,0.2,4,4,ATTTATGACCTCGACTTAGT,0,602974
araCp,0.2,4,4,ATTTATCCTTCGAGCGGTCA,0,528235
araCp,0.2,4,4,ATTTAGTGGCCTCCGCGCGG,0,595913
araCp,0.2,4,4,ATTGTGCCCAAGACTTGGCA,0,595436
araCp,0.2,4,4,ATTGGGCGTGCTTTGTAGCG,0,589157
araCp,0.2,4,4,ATTGGAGGGTCGTTCCATAT,0,600201
araCp,0.2,4,4,ATTGGACCAAACTTTCCGTA,0,572614
araCp,0.2,4,4,ATTGCGCGTTTGATTTTATA,0,573305
araCp,0.2,4,4,ATTGCAACTGTCTTTGTAGC,0,603587
araCp,0.2,4,4,ATTGCAACTCTTCACCGCGT,0,579303
araCp,0.2,4,4,ATTGATTATGCGTTGACGCA,0,561282
araCp,0.2,4,4,ATTGATGGCCGTCCTGCTGA,0,587082
araCp,0.2,4,4,ATTGAGACAGTTAGCTACGT,0,576079
araCp,0.2,4,4,ATTGAAGCGACGGCCTTCGG,0,577758
araCp,0.2,4,4,ATTCTAAGCTGCCGGGGCTC,0,577205
araCp,0.2,4,4,ATTCGTGGATGTGTATTTAT,0,534966
araCp,0.2,4,4,ATTCGGTTGAGCTCTAAACA,0,568825
araCp,0.2,4,4,ATTCGAGGGAGCATCGACTT,0,589757
araCp,0.2,4,4,ATTCCCCTTTAACTTGTTTG,0,573595
araCp,0.2,4,4,ATTCATAGCACCTGGTACAC,0,566187
araCp,0.2,4,4,ATTCAGAAATTAACCGAAGT,0,538413
araCp,0.2,4,4,ATTATTGAGTGACTCTTCTC,0,580075
araCp,0.2,4,4,ATTATGAGGTAACATTCAAT,0,556067
araCp,0.2,4,4,ATTATATAGTTTGATAGCAG,0,579661
araCp,0.2,4,4,ATTAGTGGGGTCGGGCTACG,0,590785
araCp,0.2,4,4,ATTAGTAAGTCCTCCAGCTT,0,581476
araCp,0.2,4,4,ATTAGCCGCGGTATGGTAAA,0,526821
araCp,0.2,4,4,ATTAGACTATGCACTCCTGT,0,575487
araCp,0.2,4,4,ATTACTGAGGCGCCAGAGTC,0,542857
araCp,0.2,4,4,ATTAATGTCAGCTCGATGTT,0,578910
araCp,0.2,4,4,ATTAATCTCCAAATGACTTT,0,575988
araCp,0.2,4,4,ATGTTTCTGGCTCAACCCCA,0,538814
araCp,0.2,4,4,ATGTTTCGAGTTATGAAAAG,0,601489
araCp,0.2,4,4,ATGTTTCACTCAACCAATTT,0,594808
araCp,0.2,4,4,ATGTGGGGGATAGCGCTCTA,0,571853
araCp,0.2,4,4,ATGTGATTCCGGGGTAGTTC,0,559604
araCp,0.2,4,4,ATGTCTGGTCATCAACTTCT,0,545644
araCp,0.2,4,4,ATGTCGCAGCAACTACATTT,0,590893
araCp,0.2,4,4,ATGTAGACATATACCACTAA,0,582010
araCp,0.2,4,4,ATGGTGAAGCTGCTTTTCAA,0,584803
araCp,0.2,4,4,ATGGTAACGTTAGGCGGGAG,0,552697
araCp,0.2,4,4,ATGGGTCTAACCTGAGGATC,0,538771
araCp,0.2,4,4,ATGGGGGTCGTAGTCAGGTA,0,556024
araCp,0.2,4,4,ATGGCGGCCTGGGGGTGATG,0,577903
araCp,0.2,4,4,ATGGCCGAATAGGTACCACT,0,528251
araCp,0.2,4,4,ATGGCACCTCGACTGCTACT,0,529779
araCp,0.2,4,4,ATGGATATATAATTAGGGCG,0,530279
araCp,0.2,4,4,ATGGATACAGAGCTGCGGCA,0,585997
araCp,0.2,4,4,ATGGACCCTTGGTAGCGATT,0,594482
araCp,0.2,4,4,ATGCTATTGCCCGAGTCTCT,0,578878
araCp,0.2,4,4,ATGCGCCTGTACAACTAGGT,0,566699
araCp,0.2,4,4,ATGCATGCGGCTTGGAACTT,0,590424
araCp,0.2,4,4,ATGATTCGCGATTAGCCAGT,0,568064
araCp,0.2,4,4,ATGATTACTCGATTCCTGGG,0,591833
araCp,0.2,4,4,ATGATGCTGCTTCCATTAAT,0,569810
araCp,0.2,4,4,ATGATCTTCTCAGCCACCGA,0,534673
araCp,0.2,4,4,ATGATATGCAGATATGAGCT,0,572197
araCp,0.2,4,4,ATGAGGGGTTTAGAAGACTT,0,567416
araCp,0.2,4,4,ATGACATGGAGCCCACCCTG,0,601665
araCp,0.2,4,4,ATGAATTAAGTTAATGCGGT,0,547839
araCp,0.2,4,4,ATGAAAAAGACGTAACCTTT,0,596284
araCp,0.2,4,4,ATCTTTCTATACGAATCTTA,0,569342
araCp,0.2,4,4,ATCTTGCTGTGGCTGTCCCA,0,602662
araCp,0.2,4,4,ATCTTGAGAGTAAGCAGGCC,0,566157
araCp,0.2,4,4,ATCTTCGCGAGGCCGGGTAA,0,540331
araCp,0.2,4,4,ATCTTACACTAAACTCGTGA,0,575792
araCp,0.2,4,4,ATCTGCCCCACGTTCAACAG,0,603454
araCp,0.2,4,4,ATCTGACCGGAACAGTATGA,0,559265
araCp,0.2,4,4,ATCTGAATCGACACCTGCAG,0,526323
araCp,0.2,4,4,ATCTCGGGGGGACATTGAGA,0,526306
araCp,0.2,4,4,ATCTATGTCGTGATCGACCA,0,589022
araCp,0.2,4,4,ATCTAGATGCAGAACATAAT,0,576081
araCp,0.2,4,4,ATCTACATAGAATCAGATAC,0,575495
araCp,0.2,4,4,ATCGTTCCAGGACACCTAGT,0,600220
araCp,0.2,4,4,ATCGTTAAAATAAGCTATGT,0,564108
araCp,0.2,4,4,ATCGTGGACGGCATTGGATA,0,562504
araCp,0.2,4,4,ATCGTATCCCGGTTATCACA,0,576928
araCp,0.2,4,4,ATCGGGTTCACGTGCCCATC,0,593965
araCp,0.2,4,4,ATCGGATTTAAACGGTAGGC,0,586204
araCp,0.2,4,4,ATCGCCGGTTCCATCGTTAC,0,557764
araCp,0.2,4,4,ATCGCCGCTTGTCTGGAATT,0,537669
araCp,0.2,4,4,ATCGAGCCATGTAACCCCCC,0,531247
araCp,0.2,4,4,ATCGACCCGCAGCTGGCGGC,0,593813
araCp,0.2,4,4,ATCCTTGTATGAGGAGCCGG,0,536676
araCp,0.2,4,4,ATCCTTCAGGTATCCAGATG,0,529284
araCp,0.2,4,4,ATCCTGCCGGATACTTGTAA,0,582963
araCp,0.2,4,4,ATCCTAATCCGGACCAGGTG,0,547024
araCp,0.2,4,4,ATCCGTGCGTCTTGTTTTTC,0,547008
araCp,0.2,4,4,ATCCGAATAACGGGGCAGCG,0,589319
araCp,0.2,4,4,ATCCCGGTTTTCTTCATCCA,0,561862
araCp,0.2,4,4,ATCAGAAGATGATGAATAAC,0,595191
araCp,0.2,4,4,ATCACTTTTAGTCCTAAGGA,0,592724
araCp,0.2,4,4,ATCACGGTGCAATGCCCTCC,0,550895
araCp,0.2,4,4,ATCAACGATTTTTTGACCTA,0,575191
araCp,0.2,4,4,ATCAAATCCGACTCCAACGA,0,528418
araCp,0.2,4,4,ATATGGTATGGTTGTGTCCC,0,585926
araCp,0.2,4,4,ATATGGATGGTAAGACCCAG,0,587654
araCp,0.2,4,4,ATATGCGAGCAATTGCGCAG,0,601557
araCp,0.2,4,4,ATATCGGCGGCGAGATGTCA,0,574878
araCp,0.2,4,4,ATATCCAGTAACCATTCTGT,0,532269
araCp,0.2,4,4,ATATACGAATTCGACCATAG,0,556718
araCp,0.2,4,4,ATAGTGTAAACCTGTTGGAT,0,590809
araCp,0.2,4,4,ATAGTATATAATTATGACTC,0,603360
araCp,0.2,4,4,ATAGTATAGGAATCGGGGCG,0,583517
araCp,0.2,4,4,ATAGTAGGTTTGTGAACTCT,0,572329
araCp,0.2,4,4,ATAGGTCAGCCAAGTCCAAC,0,590578
araCp,0.2,4,4,ATAGGGGGCTGAGCCAGCGA,0,528658
araCp,0.2,4,4,ATAGGCTTGCAGTCTCGGCC,0,545839
araCp,0.2,4,4,ATAGGCTGTTACGAATGCCA,0,550263
araCp,0.2,4,4,ATAGCACTCTATGGCGGGTA,0,581072
araCp,0.2,4,4,ATAGACTTCGCGGTCACTCA,0,558137
araCp,0.2,4,4,ATACTGTCTCGTCCAAGGAT,0,575430
araCp,0.2,4,4,ATACTCTGCAACAAAATGCC,0,590177
araCp,0.2,4,4,ATACTACAGACCGGACGGTT,0,568677
araCp,0.2,4,4,ATACTAATGATACGCTGGGT,0,592599
araCp,0.2,4,4,ATACGGTCAATCATAGACCG,0,595833
araCp,0.2,4,4,ATACGGGGGTGTAGCGCATA,0,597358
araCp,0.2,4,4,ATACGCCCGTAGCCTAGGCA,0,537387
araCp,0.2,4,4,ATACGATATTGAGTCACCAC,0,597161
araCp,0.2,4,4,ATACGAATACTAGCACCGCA,0,567951
araCp,0.2,4,4,ATACCCTCGGCGACGGCCCA,0,550982
araCp,0.2,4,4,ATACAGACTCGAAGTTATCA,0,535060
araCp,0.2,4,4,ATAATAATCAGAGCGGGGAT,0,531085
araCp,0.2,4,4,ATAAGTATCACGGAATTGTA,0,581261
araCp,0.2,4,4,ATAAGCCGCGTGTAGCGTAG,0,565917
araCp,0.2,4,4,ATAAGCCATTGAGGTTACAA,0,544094
araCp,0.2,4,4,ATAACACTAAGACCGTAACG,0,546063
araCp,0.2,4,4,ATAAATTTCGCACGGGCCCT,0,544950
araCp,0.2,4,4,AGTTTAGCTCGTTTGAAACG,0,541748
araCp,0.2,4,4,AGTTGCCAGTACAAGGCTAT,0,541240
araCp,0.2,4,4,AGTTCGATGCAAGGTACAGA,0,560851
araCp,0.2,4,4,AGTTCGACCCAACCATCATT,0,590985
araCp,0.2,4,4,AGTTCCTCACCTCGTGCGCC,0,556130
araCp,0.2,4,4,AGTTCCGTCACGTTCACTTG,0,594520
araCp,0.2,4,4,AGTGTACTGTTGCCGTCCAT,0,584262
araCp,0.2,4,4,AGTGGTAGACTTGTGGTCCA,0,527840
araCp,0.2,4,4,AGTGGTAAGAGGTGATTCGA,0,536973
araCp,0.2,4,4,AGTGGATTATGAATGAGTAA,0,532344
araCp,0.2,4,4,AGTGCCTGCCTGGACTCGGA,0,590590
araCp,0.2,4,4,AGTGCCAATTCTTGATTGCT,0,550880
araCp,0.2,4,4,AGTGCAGGGATCGGCTCCAA,0,603537
araCp,0.2,4,4,AGTGCAGACACCCTAACGGT,0,527220
araCp,0.2,4,4,AGTGATGTTCGGGGATTTAT,0,597178
araCp,0.2,4,4,AGTCTCATGAGTGTCTATGT,0,543922
araCp,0.2,4,4,AGTCGAGCCGGCTGTCTTGC,0,549771
araCp,0.2,4,4,AGTCCTTGTTTACCTGCATA,0,532684
araCp,0.2,4,4,AGTCCTTGTCGTTATGAATG,0,552556
araCp,0.2,4,4,AGTCCTATGATAGCTCGTAA,0,530962
araCp,0.2,4,4,AGTCAGTAGGTATAGGCACT,0,534933
araCp,0.2,4,4,AGTCAAGAGGCTCGTTGGCA,0,541787
araCp,0.2,4,4,AGTCAAAGGTTTACGACTGG,0,530335
araCp,0.2,4,4,AGTATGACGCAGGGTGTGAA,0,560828
araCp,0.2,4,4,AGTAGTCGGTATGAATTTAG,0,595252
araCp,0.2,4,4,AGTAGTACCCAGTTGATAGG,0,540388
araCp,0.2,4,4,AGTAGGGCGATGTTGTTTGA,0,555201
araCp,0.2,4,4,AGTACCGGCATTTCGGCTAT,0,543149
araCp,0.2,4,4,AGTACATGACCCGGGTATCA,0,593836
araCp,0.2,4,4,AGTACAGCTATTTAAACTGA,0,551646
araCp,0.2,4,4,AGTAAGGGTCCAGGCTCCTT,0,546967
araCp,0.2,4,4,AGGTTGTAGGGTGCGAGCGC,0,554739
araCp,0.2,4,4,AGGTTGAATTATGAACCGCA,0,533517
araCp,0.2,4,4,AGGTTCTTTTGCATCTGCCA,0,589898
araCp,0.2,4,4,AGGTTCTACATTAATTGTCA,0,542759
araCp,0.2,4,4,AGGTTAAAGAGTCGGTCCCA,0,597391
araCp,0.2,4,4,AGGTGTGCAAGATATTCCGC,0,584837
araCp,0.2,4,4,AGGTGTGAAGCAACACTTTC,0,580091
araCp,0.2,4,4,AGGTGATGTCCTGACTCGGG,0,597496
araCp,0.2,4,4,AGGTGATCCAGTACCGATAG,0,595915
araCp,0.2,4,4,AGGTCGCCGGAGCGGGAAAG,0,595761
araCp,0.2,4,4,AGGTCCTGAAGAATGCGGGA,0,529323
araCp,0.2,4,4,AGGTCACTCTCGTAGCTCTT,0,603157
araCp,0.2,4,4,AGGTATGTTGGTCCATGGTC,0,579560
araCp,0.2,4,4,AGGGTATTCTGGGGACGTAA,0,568840
araCp,0.2,4,4,AGGGGTAGCAGTATGGAAAG,0,587637
araCp,0.2,4,4,AGGGGAACGGGCACGCTCGA,0,557358
araCp,0.2,4,4,AGGGCAGATTTTGGGAATAG,0,577121
araCp,0.2,4,4,AGGGCAAATGAGCGTTGATT,0,565821
araCp,0.2,4,4,AGGGAGGGATGGGTTGTATC,0,584476
araCp,0.2,4,4,AGGGAGAGAACATGGTACTT,0,528980
araCp,0.2,4,4,AGGGAGAACGTTGAGATGCT,0,549776
araCp,0.2,4,4,AGGGACGCCCCAGGATGGGA,0,544209
araCp,0.2,4,4,AGGCGTATATCAGGTGTTCC,0,567521
araCp,0.2,4,4,AGGCCTGGTGGATCTATCAG,0,551224
araCp,0.2,4,4,AGGCCCTTATATGGCATTGT,0,571569
araCp,0.2,4,4,AGGCATTCCATCGCGCTGTG,0,562515
araCp,0.2,4,4,AGGCATCGCATATTATATTA,0,566368
araCp,0.2,4,4,AGGCAGGACTCAAGAATCGG,0,557040
araCp,0.2,4,4,AGGCACTTTAGAACGGCTGT,0,537453
araCp,0.2,4,4,AGGCACCCCCTCCGACCGTG,0,601725
araCp,0.2,4,4,AGGCAAGATACAGGGCAGGG,0,542042
araCp,0.2,4,4,AGGATTAGTATATCGCTCAC,0,561250
araCp,0.2,4,4,AGGAGTACGCCGTAGATCAT,0,536401
araCp,0.2,4,4,AGGAGAACCTGAATACGCGG,0,572661
araCp,0.2,4,4,AGGACTCTGGAGCTATGATT,0,541991
araCp,0.2,4,4,AGGACCGGCACTAGGTTCAC,0,569061
araCp,0.2,4,4,AGGAATGGCCGCTCGTCCTA,0,602243
araCp,0.2,4,4,AGCTTCTGGGAGGTTACAAT,0,563069
araCp,0.2,4,4,AGCTTACTTCCTCAACTGAA,0,583698
araCp,0.2,4,4,AGCTGCTGACGTTGGGGAGT,0,565221
araCp,0.2,4,4,AGCTGACTGCGATTGCACTT,0,556373
araCp,0.2,4,4,AGCTCTGCGATGGAAGCCAT,0,595786
araCp,0.2,4,4,AGCTCTAGCGTGTACAGGGA,0,580044
araCp,0.2,4,4,AGCTACGGTGAGGCACTCTC,0,538678
araCp,0.2,4,4,AGCTACCCCGAGTTTAGCTT,0,547045
araCp,0.2,4,4,AGCGTTCGGGAAGGATGGTA,0,570248
araCp,0.2,4,4,AGCGTTCCGCTTGGCAGGAT,0,543117
araCp,0.2,4,4,AGCGTAAAACACATTAGTGA,0,569774
araCp,0.2,4,4,AGCGGTCAGCCTGATCCCAT,0,597783
araCp,0.2,4,4,AGCGGCCTGAGTGTCGTTTA,0,528166
araCp,0.2,4,4,AGCGGCCATAAGCGGTGGCT,0,554424
araCp,0.2,4,4,AGCGGATGGCAGCTGGTAGA,0,596091
araCp,0.2,4,4,AGCGCAAATTAAGGCTACAT,0,530681
araCp,0.2,4,4,AGCGACATCGTATGGCTCCA,0,569148
araCp,0.2,4,4,AGCCTTCACGCAGCAGGTGC,0,531217
araCp,0.2,4,4,AGCCGGTCTCACGATCAGCC,0,545513
araCp,0.2,4,4,AGCCGGCAAGAGGGAAGTGT,0,578426
araCp,0.2,4,4,AGCCCCGGCTAAATAATATA,0,541008
araCp,0.2,4,4,AGCCCAGAATGCTTTCGGGA,0,530786
araCp,0.2,4,4,AGCCATTTGTGATCACTAAT,0,571585
araCp,0.2,4,4,AGCATTTAAGGGTCCACGAT,0,582068
araCp,0.2,4,4,AGATTGAGATCGAAAACCTG,0,566650
araCp,0.2,4,4,AGATGGTTACCACGAGTGCT,0,597050
araCp,0.2,4,4,AGATGGAGATGGCCCTGGAC,0,538570
araCp,0.2,4,4,AGATGCGCAGCGCGTCACGT,0,568829
araCp,0.2,4,4,AGATGACGAGATAATGTCGG,0,572618
araCp,0.2,4,4,AGATCCCGAGGCGTGACTAC,0,584415
araCp,0.2,4,4,AGATATCGAATCACGTACCG,0,580438
araCp,0.2,4,4,AGATAGGAACGACAGCCACA,0,580802
araCp,0.2,4,4,AGATAGAATGTAATAGTCTC,0,529731
araCp,0.2,4,4,AGAGGTGACCATGGTAACCC,0,575207
araCp,0.2,4,4,AGAGGCGTATAGTTTCAAAA,0,527210
araCp,0.2,4,4,AGAGGCGGTCCTTTAAGTCC,0,541264
araCp,0.2,4,4,AGAGGAATAAAGCAGGTTGA,0,542064
araCp,0.2,4,4,AGAGCCACTGACGGAGATGA,0,567996
araCp,0.2,4,4,AGAGAGTTCAAACCCATGAC,0,592174
araCp,0.2,4,4,AGAGAACTGGCATACGATTT,0,579723
araCp,0.2,4,4,AGACTTCTAACTTTCGGTAA,0,595066
araCp,0.2,4,4,AGACTCCATTGTTATCGCAA,0,547721
araCp,0.2,4,4,AGACTCCACGCCTCTAGATA,0,555771
araCp,0.2,4,4,AGACGCCTACTTGTGCACAC,0,591691
araCp,0.2,4,4,AGACGAGTCTGGTCCACAGG,0,564086
araCp,0.2,4,4,AGACCTCAGTAGACAGACAT,0,594066
araCp,0.2,4,4,AGACCGTCGCATAGTATATA,0,537533
araCp,0.2,4,4,AGACCCTCCTCCAGGCATGA,0,584744
araCp,0.2,4,4,AGACAGTATAAGTAGCCTCT,0,526068
araCp,0.2,4,4,AGACAGCTTTTCGGGCGTGA,0,572412
araCp,0.2,4,4,AGACACACGTTGTAGACGCT,0,599848
araCp,0.2,4,4,AGACAACAAGACAGACACTT,0,600419
araCp,0.2,4,4,AGAAGCCCAAGTGCTTGGGT,0,566123
araCp,0.2,4,4,AGAAGAGGCTAACAAGAACC,0,545699
araCp,0.2,4,4,AGAACTACGCCTACGATAAG,0,603059
araCp,0.2,4,4,AGAACGGCAGCCCGCCGCCT,0,593893
araCp,0.2,4,4,ACTTTTTAAGTTCTAACGGC,0,559814
araCp,0.2,4,4,ACTTTTCTGTTAGGGGGCAA,0,551165
araCp,0.2,4,4,ACTTTGTCGTATTGGGCACA,0,584836
araCp,0.2,4,4,ACTTTCGTGATGCACCATAT,0,544304
araCp,0.2,4,4,ACTTTCCCAAAGCCTGGGGA,0,560048
araCp,0.2,4,4,ACTTGTCATTAGGGGAGTGT,0,578313
araCp,0.2,4,4,ACTTGCTTCGCCGGCTTAGA,0,530337
araCp,0.2,4,4,ACTTCTTAGAGTGATGCGGA,0,567440
araCp,0.2,4,4,ACTTCTGAACGTAGGAATTC,0,532434
araCp,0.2,4,4,ACTTCTCTTCCACGTGATGG,0,580312
araCp,0.2,4,4,ACTTCGTAGCATCCTGGTGT,0,589532
araCp,0.2,4,4,ACTTCAATTAAACAGTTCAT,0,583549
araCp,0.2,4,4,ACTTATAGATCTGGGATCAG,0,526843
araCp,0.2,4,4,ACTTAACGAGGAGGCGCTCC,0,537365
araCp,0.2,4,4,ACTGTCAACAGACCCATTGT,0,588949
araCp,0.2,4,4,ACTGGTGCCTTATAGACGCG,0,599949
araCp,0.2,4,4,ACTGGTCTAGGACGGCGGGA,0,527225
araCp,0.2,4,4,ACTGGGACATACCCTAATAT,0,534849
araCp,0.2,4,4,ACTGCTATTACCTCGCGAAA,0,545808
araCp,0.2,4,4,ACTGCGAGTCTATTACTTTT,0,555287
araCp,0.2,4,4,ACTGCCCCTAGGTCAAAGCA,0,574933
araCp,0.2,4,4,ACTGATGGCTTCCAGATTTC,0,540066
araCp,0.2,4,4,ACTGACCCCTTTCAGTTAGG,0,574544
araCp,0.2,4,4,ACTCGCTGGCTGCACGGGTG,0,552463
araCp,0.2,4,4,ACTATAACATGTCGAGTACT,0,556786
araCp,0.2,4,4,ACTAGCTCCAGTCCCACTCA,0,551056
araCp,0.2,4,4,ACTACTATAAAGTTCCAACC,0,537345
araCp,0.2,4,4,ACTACCGTTTCTTCAGGTTA,0,535464
araCp,0.2,4,4,ACTAAACGAATTTACCGAAC,0,593550
araCp,0.2,4,4,ACTAAACAACGGTGGCTGCG,0,601207
araCp,0.2,4,4,ACGTTGCGATCAATGAAGGG,0,594742
araCp,0.2,4,4,ACGTGCGTTCTGGACAGTGA,0,589889
araCp,0.2,4,4,ACGTCTTGGCCGCATCTTTT,0,552712
araCp,0.2,4,4,ACGTATGATAAATGACCGTA,0,568796
araCp,0.2,4,4,ACGTAGGACATATCCTCTAA,0,541906
araCp,0.2,4,4,ACGTAGAATAGTTATTCAGT,0,536692
araCp,0.2,4,4,ACGTACCGTTGCTAAAGTCA,0,600826
araCp,0.2,4,4,ACGTAACTTCTGGCGTCGTA,0,569884
araCp,0.2,4,4,ACGGTTTAAGGGCAAGTTTG,0,602732
araCp,0.2,4,4,ACGGTTGCCATATCTACAGG,0,534917
araCp,0.2,4,4,ACGGTGTCCGATACTTGAGC,0,541105
araCp,0.2,4,4,ACGGTCTGGGGGATATCCCC,0,534149
araCp,0.2,4,4,ACGGGCGAGCCCATGAGCCT,0,539166
araCp,0.2,4,4,ACGGAGAGCCCGCGTAGACA,0,586648
araCp,0.2,4,4,ACGGACCGTTATCCCTTTTA,0,596157
araCp,0.2,4,4,ACGCTTGCAATGCCCCATGG,0,596359
araCp,0.2,4,4,ACGCGGTGCAGCATGCCCGG,0,560626
araCp,0.2,4,4,ACGCGAACAGCCTGAAGAAA,0,536680
araCp,0.2,4,4,ACGCCTGGTGAGAGTTTTAA,0,581508
araCp,0.2,4,4,ACGCATTTAGTCTGTCTGAC,0,589609
araCp,0.2,4,4,ACGCATGCAGTTTCGCTCCT,0,601164
araCp,0.2,4,4,ACGAGGGGATAGGGGCGGTT,0,548151
araCp,0.2,4,4,ACGAGATATAGAGTAACACA,0,568592
araCp,0.2,4,4,ACGACACGATTGATCTTAGA,0,552632
araCp,0.2,4,4,ACCTGAAGGTGTATTTGACG,0,578611
araCp,0.2,4,4,ACCTCTAACATGAGGCCCTA,0,595417
araCp,0.2,4,4,ACCTAATGCATAACCCTTGG,0,597845
araCp,0.2,4,4,ACCTAACATGCCCGGTAAGT,0,589551
araCp,0.2,4,4,ACCGTACTGATTTTGTGTGA,0,563503
araCp,0.2,4,4,ACCGTACGTTCGTACAATAC,0,543258
araCp,0.2,4,4,ACCGGGCGTCCTGGAGTGCT,0,542806
araCp,0.2,4,4,ACCGCGTAAGTCGAGATGAA,0,577977
araCp,0.2,4,4,ACCGCCCAGGAATGAGAACT,0,596870
araCp,0.2,4,4,ACCGAAACCTGTAGCACGGT,0,527113
araCp,0.2,4,4,ACCCTTGTCATACTTCTGCC,0,574098
araCp,0.2,4,4,ACCCTTCTGGCGTTACGCGA,0,566601
araCp,0.2,4,4,ACCCTTCCAGCGAGAGGTTG,0,548305
araCp,0.2,4,4,ACCCGTGGTGATAGGGAGGT,0,527061
araCp,0.2,4,4,ACCCGGTCAAAAAATCAACG,0,590309
araCp,0.2,4,4,ACCCGGTATTGTTGAATTTC,0,583748
araCp,0.2,4,4,ACCCCCTGAAAATCAGGACA,0,582198
araCp,0.2,4,4,ACCCCAGGCTCCAATGCACT,0,590850
araCp,0.2,4,4,ACCCACTCTGTAAATGCTTT,0,550249
araCp,0.2,4,4,ACCATTGGGAGGACACGGGA,0,592742
araCp,0.2,4,4,ACCATCGCTCGAACGCTTGC,0,537804
araCp,0.2,4,4,ACCATCACCAGTGAAACGAT,0,561198
araCp,0.2,4,4,ACCATATCACGGTTCGACAG,0,540452
araCp,0.2,4,4,ACCATACGCGTAGGCAGCGG,0,563125
araCp,0.2,4,4,ACCAGTGATGGGAGGAAGGG,0,603251
araCp,0.2,4,4,ACCAGGTGAACGAAGCGACG,0,527287
araCp,0.2,4,4,ACCAGAGTTACGAGGCAGGC,0,560445
araCp,0.2,4,4,ACCACGTCTAAGGCGGGCAT,0,600778
araCp,0.2,4,4,ACCACAACGAGGGAGATAAG,0,595003
araCp,0.2,4,4,ACATTTTCACTTCGGACAGA,0,574464
araCp,0.2,4,4,ACATTCTAGGAACCCCCGTG,0,584638
araCp,0.2,4,4,ACATTAGTGTACTGAAGGGG,0,549426
araCp,0.2,4,4,ACATCCTTGGGTAGCGCTGA,0,593668
araCp,0.2,4,4,ACAGTTATCGGTTATCCGCG,0,592988
araCp,0.2,4,4,ACAGTCACGTCATGGTTCGT,0,535795
araCp,0.2,4,4,ACAGGTACCGATGACTCGTG,0,539751
araCp,0.2,4,4,ACAGCCCGCAACTCATTGCT,0,544127
araCp,0.2,4,4,ACAGAGTTAAGGAGCACCCT,0,569244
araCp,0.2,4,4,ACAGACAAACTCAGTGTTTT,0,584765
araCp,0.2,4,4,ACACTGGCGAATCGGGATCG,0,543585
araCp,0.2,4,4,ACACCTAGACAGGGTATATA,0,563139
araCp,0.2,4,4,ACACATTTAAACGGCAAACC,0,585929
araCp,0.2,4,4,ACACATCCGTATAACCTGAG,0,530615
araCp,0.2,4,4,ACACACCGTCCAAGTGCACT,0,579363
araCp,0.2,4,4,ACAACTTTAGCATCTGTTTC,0,549607
araCp,0.2,4,4,ACAACCTCAATTGGTAATCC,0,567511
araCp,0.2,4,4,ACAACCCGACTAGGACGAGA,0,572257
araCp,0.2,4,4,ACAACCATCGTACTACTTTT,0,549937
araCp,0.2,4,4,ACAAAGCACTCAAGAGGGGC,0,576199
araCp,0.2,4,4,AATTTTGCAGAACATTCGGC,0,548914
araCp,0.2,4,4,AATTTAGTCTGCTATGAAAC,0,528577
araCp,0.2,4,4,AATTTACCAGGTCCTGCTCG,0,540641
araCp,0.2,4,4,AATTGACTACCCATGTCGGT,0,530248
araCp,0.2,4,4,AATTCTGACGTGACTGCATA,0,573200
araCp,0.2,4,4,AATGTCTTTACCGTCTGCAT,0,577940
araCp,0.2,4,4,AATGGTAGGGTTCGTCCGAC,0,571833
araCp,0.2,4,4,AATGGCTCATGTGCCTGGCG,0,552617
araCp,0.2,4,4,AATGCGGGGTCGCGTGTTAA,0,591514
araCp,0.2,4,4,AATGAGCGATCGTAGGGATC,0,564944
araCp,0.2,4,4,AATGACAAAGGCACTTTCCA,0,583019
araCp,0.2,4,4,AATCTTGGGACCGAGAAGAT,0,555670
araCp,0.2,4,4,AATCGTAGCGACTTGTACCC,0,572491
araCp,0.2,4,4,AATCGCCTGGGCCATAGCGG,0,557501
araCp,0.2,4,4,AATCCATTTAAAACTTTTTA,0,601367
araCp,0.2,4,4,AATCATTCACCGTAGACAAA,0,549676
araCp,0.2,4,4,AATCACATCTCCTAAGGGCA,0,579664
araCp,0.2,4,4,AATATGTAACACCAGCCGGC,0,566372
araCp,0.2,4,4,AATATGAAACACCGTGTACG,0,556904
araCp,0.2,4,4,AATATCTTTAGGTGTCTCCT,0,546730
araCp,0.2,4,4,AATAGCAAGCAGTCAACAAG,0,588244
araCp,0.2,4,4,AATAGACACGCGCATTCATA,0,595263
araCp,0.2,4,4,AATAGACACCATATAGAACA,0,559672
araCp,0.2,4,4,AATAAACTTCACAGGTTGTC,0,545520
araCp,0.2,4,4,AAGTGGATGTGTCCTTGTTT,0,575124
araCp,0.2,4,4,AAGTCCTAGGCCTTACATCA,0,580421
araCp,0.2,4,4,AAGTCAGGGCGACTTATCAG,0,566887
araCp,0.2,4,4,AAGTCAAGTTGCGTGTGAGG,0,536828
araCp,0.2,4,4,AAGTACGGGCTCTATTGAGG,0,579572
araCp,0.2,4,4,AAGTAAATGAGCGCAGACGA,0,575419
araCp,0.2,4,4,AAGGGGCAATGAGTTTTGAC,0,572804
araCp,0.2,4,4,AAGGGAACAGGAGGCACCAA,0,579737
araCp,0.2,4,4,AAGGCTCCCTATACTACTTG,0,593416
araCp,0.2,4,4,AAGGCCTCATTGCATCTAAA,0,550833
araCp,0.2,4,4,AAGGCACAAGACCCCACGAT,0,577118
araCp,0.2,4,4,AAGGACTCGATCGAACAGGT,0,541607
araCp,0.2,4,4,AAGCTGCCGACGTTCGCGTG,0,580273
araCp,0.2,4,4,AAGCTAACGATGCCCCGATA,0,588683
araCp,0.2,4,4,AAGCATCGACCTGCTTCCGG,0,536484
araCp,0.2,4,4,AAGATCGCGACTAGGAAATA,0,564719
araCp,0.2,4,4,AAGAGGTAACACGACTTGGT,0,602985
araCp,0.2,4,4,AAGAGCCCGGCTATCTGGAA,0,572072
araCp,0.2,4,4,AAGAGATTCGACTGCTTTCA,0,550945
araCp,0.2,4,4,AAGAATCGCAAACTAACGTA,0,553134
araCp,0.2,4,4,AAGAACTCAATGTTACGGCG,0,594086
araCp,0.2,4,4,AAGAACGCAGTAGGCGGGTT,0,550303
araCp,0.2,4,4,AACTTCCTCCATGGTATGCT,0,568533
araCp,0.2,4,4,AACTGGCCCACAGGCGTGGA,0,557285
araCp,0.2,4,4,AACTCCGGTTGGGGGGGTCA,0,598097
araCp,0.2,4,4,AACTAGAATCCACCATCACC,0,559407
araCp,0.2,4,4,AACTACTATTCGCGATGTAA,0,599896
araCp,0.2,4,4,AACTAACGATCTCTGCTCTA,0,529789
araCp,0.2,4,4,AACGTTGGCAGGTGCCGCTC,0,545651
araCp,0.2,4,4,AACGTGAGGTCGTGCCCCGG,0,578548
araCp,0.2,4,4,AACGTCCAGGGGTCAATGTA,0,555243
araCp,0.2,4,4,AACGGGGTCCAGTGGTTGTA,0,576805
araCp,0.2,4,4,AACGGCGTGTTTGGAGTCAG,0,531299
araCp,0.2,4,4,AACGGAGGGGAGATTGACAG,0,544916
araCp,0.2,4,4,AACGCTAGCCTCAGAAGTTT,0,572402
araCp,0.2,4,4,AACGCTACACTTCATAGCCT,0,525717
araCp,0.2,4,4,AACGCACAAGACGCAGCGTC,0,582103
araCp,0.2,4,4,AACCTTCTTGTCAAGCGTAA,0,577931
araCp,0.2,4,4,AACCTTATTGAGCAGGGGCG,0,589781
araCp,0.2,4,4,AACCGTGAGAGAAGTCTTTT,0,601322
araCp,0.2,4,4,AACCGGGTCACGGGCATCAT,0,560336
araCp,0.2,4,4,AACCGCTACATTCATGAGCA,0,565191
araCp,0.2,4,4,AACCCGTACGAGGCGTTATT,0,590129
araCp,0.2,4,4,AACCCCCGCGTAATGTCTCT,0,592271
araCp,0.2,4,4,AACCCCAAGAGGCTCGGGTC,0,600877
araCp,0.2,4,4,AACCACTCGGGGTGCTGCGG,0,603704
araCp,0.2,4,4,AACATGTTAGCCATCGACTT,0,571114
araCp,0.2,4,4,AACATGGGATAGCCTGAATG,0,564147
araCp,0.2,4,4,AACAGTGTATGTGCAAAGCC,0,539292
araCp,0.2,4,4,AACACCATTCACCCTGATAT,0,544322
araCp,0.2,4,4,AAATTGCCATTTAGATTCGA,0,573390
araCp,0.2,4,4,AAATTCGGGGGGCCTTAAAT,0,566218
araCp,0.2,4,4,AAATGTTTCTCCCAATAAAT,0,570611
araCp,0.2,4,4,AAATGGTTTGCATACGTGGA,0,595078
araCp,0.2,4,4,AAATGGCCGGCCCGCACAGC,0,538483
araCp,0.2,4,4,AAATGGACAGAACGGACCCT,0,589801
araCp,0.2,4,4,AAATGCCATCTAACCTGCGC,0,595752
araCp,0.2,4,4,AAATCTGGGTAATGAAAACT,0,590102
araCp,0.2,4,4,AAATCTCAAGAAGGCTTAGT,0,585350
araCp,0.2,4,4,AAATATCAGGACTACCTACT,0,583872
araCp,0.2,4,4,AAATAGGCTGGTACCATGGT,0,590576
araCp,0.2,4,4,AAAGTGGTACTTATAATTTT,0,557455
araCp,0.2,4,4,AAAGTCGTCAAGATGCGTAC,0,596217
araCp,0.2,4,4,AAAGTCGATAGCCGACATTA,0,597194
araCp,0.2,4,4,AAAGGCCTTATCTTGATCAA,0,585995
araCp,0.2,4,4,AAAGATTTCACTATAAGTTT,0,563357
araCp,0.2,4,4,AAAGAGCCTAGATCCTCTTT,0,588632
araCp,0.2,4,4,AAACTCAATAACAACCCGTT,0,578020
araCp,0.2,4,4,AAACCTTCCTGTCTTATGTA,0,532941
araCp,0.2,4,4,AAACCTCGGCTACGTTTACA,0,550938
araCp,0.2,4,4,AAAATATACATGTACTGAGC,0,576410
araCp,0.2,4,4,AAAATAATGTGTCCTGACAG,0,540108
araCp,0.2,4,4,AAAAGGTTTCGTATTAATTC,0,543780
araCp,0.2,4,4,AAAAGGTTCATATTAGATCA,0,526187
araCp,0.2,4,4,AAAAGCATAGGAGAGGTAGA,0,601163
araCp,0.2,4,4,AAAAGAAAGTCACGGTAAAC,0,567439
araCp,0.2,4,4,AAAACTTCGCTTTTTCTACT,0,575861
araCp,0.2,4,4,AAAACAGGGGTCCTTGTATT,0,566045
araCp,0.25,3,3,TTTTTTAGAACCAGAAAACA,0,588980
araCp,0.25,3,3,TTTTTGCACATGTCAAAGCT,0,549411
araCp,0.25,3,3,TTTTTATCGCTTCGCCCTAT,0,569866
araCp,0.25,3,3,TTTTGGAATAAGAAGTCGAA,0,566893
araCp,0.25,3,3,TTTTGCAGTTATGCACGGCG,0,566282
araCp,0.25,3,3,TTTTGATTTAGTGCACCAAC,0,563077
araCp,0.25,3,3,TTTTCTCCAGTGTATGGCAC,0,536905
araCp,0.25,3,3,TTTTAGCCTTCACCGGAGGT,0,588495
araCp,0.25,3,3,TTTGTCAATTCTTATATTAA,0,530072
araCp,0.25,3,3,TTTGTATTATTTAGAAGCCC,0,544045
araCp,0.25,3,3,TTTGTACCCAGTCATATTGT,0,566681
araCp,0.25,3,3,TTTGGTATGTATAGAATAAG,0,570344
araCp,0.25,3,3,TTTGGATGACACCGGTGTCC,0,535496
araCp,0.25,3,3,TTTGGAGCAATGGGATACTG,0,588883
araCp,0.25,3,3,TTTGCTTAATGTGCGACAAA,0,556286
araCp,0.25,3,3,TTTGCTGGTTATCTTGGCAA,0,530564
araCp,0.25,3,3,TTTGCAATTTACAGCACAAC,0,594534
araCp,0.25,3,3,TTTGCAATCGTATTTTACCC,0,583627
araCp,0.25,3,3,TTTGATGGAATAACGCTTCC,0,563545
araCp,0.25,3,3,TTTGAGTCTAACGGTATGGA,0,532626
araCp,0.25,3,3,TTTCTTAGGTGACATTGAGG,0,582617
araCp,0.25,3,3,TTTCTACCATAGTTGCATGA,0,541321
araCp,0.25,3,3,TTTCGTGCTACTACGTCTGA,0,580522
araCp,0.25,3,3,TTTCGTATATCCACTAAGAC,0,574947
araCp,0.25,3,3,TTTCGACGCACGTACTGCCA,0,584610
araCp,0.25,3,3,TTTCCTCACCGGGCGTATAA,0,567819
araCp,0.25,3,3,TTTCCATATTCCCCGGGTGA,0,587595
araCp,0.25,3,3,TTTCATTTACCTGGTACGCG,0,555576
araCp,0.25,3,3,TTTCATGCCTCGGTCATAAA,0,591186
araCp,0.25,3,3,TTTCACACGTGAGGCGACCA,0,571178
araCp,0.25,3,3,TTTATTAATTGCTCCGGAAT,0,574297
araCp,0.25,3,3,TTTATGACTCGGGGCGTAAC,0,539252
araCp,0.25,3,3,TTTATGACGGATCCTAGGTC,0,536981
araCp,0.25,3,3,TTTATACAGGCGCCTAGACC,0,587863
araCp,0.25,3,3,TTTAGTTAGTTCTTCACATA,0,545761
araCp,0.25,3,3,TTTAGGCGAACCCTCGAAAG,0,571215
araCp,0.25,3,3,TTTACGTTTGCGATCACAAA,0,586772
araCp,0.25,3,3,TTTACGCAGTAAAGGCTCTT,0,583242
araCp,0.25,3,3,TTTACACGGAGATCGGGGTT,0,588243
araCp,0.25,3,3,TTTAAAAAAGGTAGAAATTC,0,571565
araCp,0.25,3,3,TTGTTGGTGGAAGCAGTGCA,0,535186
araCp,0.25,3,3,TTGTTGGGTGATATAGACGT,0,544223
araCp,0.25,3,3,TTGTTGAGCCTCATAAAAGT,0,577556
araCp,0.25,3,3,TTGTTCGTGGCAGGCGCATT,0,590243
araCp,0.25,3,3,TTGTGGCTCTATTGTTAACT,0,584480
araCp,0.25,3,3,TTGTGATTCCCTTAGAAGCT,0,531040
araCp,0.25,3,3,TTGTGACATTAGACAGGGTC,0,580320
araCp,0.25,3,3,TTGTGAATAATTTGGCACCA,0,589318
araCp,0.25,3,3,TTGTCTTTGTAAGGACACGG,0,556505
araCp,0.25,3,3,TTGTCGGGAGTTTCTATCAG,0,570743
araCp,0.25,3,3,TTGTCCGACACAATGATAAC,0,570716
araCp,0.25,3,3,TTGTATAGTGAAATGCACTC,0,532840
araCp,0.25,3,3,TTGTAGCGGGCAATGAGATG,0,590323
araCp,0.25,3,3,TTGTAGAGCCTCTACAGCCC,0,567441
araCp,0.25,3,3,TTGTAAATCACCGGTTGGAT,0,554122
araCp,0.25,3,3,TTGGTCACTTGAGTGTCTGG,0,540836
araCp,0.25,3,3,TTGGTATGAGAGGGGGGACG,0,537950
araCp,0.25,3,3,TTGGTATCTTTTTACGGTCA,0,583277
araCp,0.25,3,3,TTGGGGCGATGCAACTGGTC,0,528404
araCp,0.25,3,3,TTGGGGCAACTTCATCCATT,0,600434
araCp,0.25,3,3,TTGGGACAACTTAGATAACT,0,590572
araCp,0.25,3,3,TTGGCTCTCATATTCGTGGG,0,590198
araCp,0.25,3,3,TTGGCGAATGCAGGTCTGCG,0,538765
araCp,0.25,3,3,TTGGCCGTCCGCAGCTTGAC,0,538390
araCp,0.25,3,3,TTGGCCAGAATCTGGCATGT,0,589750
araCp,0.25,3,3,TTGCTGCTATCACCGAGGCG,0,578455
araCp,0.25,3,3,TTGCTACCATACTTCATGGG,0,546018
araCp,0.25,3,3,TTGCGTCAACGACTCCCAAG,0,588813
araCp,0.25,3,3,TTGCGCAACATTCACTACAA,0,536702
araCp,0.25,3,3,TTGCGAGTCTTTCGGATCCC,0,576139
araCp,0.25,3,3,TTGCGAAATTGTCGTGGGAT,0,573659
araCp,0.25,3,3,TTGCCTAGAGCATGATGAGT,0,592828
araCp,0.25,3,3,TTGCAGTCGGCTGTAAGTCA,0,543516
araCp,0.25,3,3,TTGCAGTACTTATACTACCC,0,550112
araCp,0.25,3,3,TTGCACGTTCTTGGCCATCC,0,586053
araCp,0.25,3,3,TTGCAAAGTAGTACTCGTTA,0,555774
araCp,0.25,3,3,TTGATTAGGGTGGCTCTCGT,0,553621
araCp,0.25,3,3,TTGATGCGCGATGCCTCAAT,0,578040
araCp,0.25,3,3,TTGATCGTGTATCTTATCAT,0,566319
araCp,0.25,3,3,TTGAGATCCTCCTCACACAG,0,526499
araCp,0.25,3,3,TTGAATAGTACACCGGCGAA,0,602071
araCp,0.25,3,3,TTGAACGAATACAACCAGGT,0,526167
araCp,0.25,3,3,TTGAACGAAAAGTGTCAGCA,0,569880
araCp,0.25,3,3,TTGAACCGGCCGCGGCACAT,0,572383
araCp,0.25,3,3,TTGAACAGATTCAGCAATTC,0,549586
araCp,0.25,3,3,TTCTTTCAGAGAAGCAAGTG,0,548558
araCp,0.25,3,3,TTCTTATTGTCGATACGTTT,0,542456
araCp,0.25,3,3,TTCTTAGAACGGCCGTATCT,0,590290
araCp,0.25,3,3,TTCTGTAAGAGAATAGGTCA,0,590648
araCp,0.25,3,3,TTCTGAGTTTGGTATACGAC,0,571588
araCp,0.25,3,3,TTCTCGAAAAGTGTTAGAGG,0,572055
araCp,0.25,3,3,TTCTCAACTCTTGACCGTAT,0,591596
araCp,0.25,3,3,TTCTATACCCGTCAGAATGT,0,587634
araCp,0.25,3,3,TTCTACCGTCGCGAGCGGCC,0,544266
araCp,0.25,3,3,TTCGTTGGGCGTGTTAAGGT,0,550836
araCp,0.25,3,3,TTCGTTCACTTTTTCTGCCT,0,564998
araCp,0.25,3,3,TTCGTGAAATTCTAGCGATA,0,542304
araCp,0.25,3,3,TTCGGTTCAGTATATTGGTT,0,579889
araCp,0.25,3,3,TTCGGTCCTGACTAACGAAC,0,540638
araCp,0.25,3,3,TTCGGCTCTACCTCCGAGAC,0,546857
araCp,0.25,3,3,TTCGGAAACTACCGAAAGTC,0,537498
araCp,0.25,3,3,TTCGCAAAGCGGGTCAATGT,0,579257
araCp,0.25,3,3,TTCGAGAGGTGAGTAGACTA,0,545401
araCp,0.25,3,3,TTCGACATAAACACTTCATG,0,572869
araCp,0.25,3,3,TTCGAAGTTTGCTCACCCAG,0,562068
araCp,0.25,3,3,TTCCTGGCCGGCGCGGACCA,0,526686
araCp,0.25,3,3,TTCCTAGAGATGAAATAACC,0,576325
araCp,0.25,3,3,TTCCGGCTGACGCCCGGAAC,0,528067
araCp,0.25,3,3,TTCCGATGATCGCCGTAGTC,0,566488
araCp,0.25,3,3,TTCCCGGCGGACCCGTTCCT,0,589206
araCp,0.25,3,3,TTCATGCCCCATTATATTGG,0,577654
araCp,0.25,3,3,TTCAGTGGTCCTGGCTAAAA,0,547983
araCp,0.25,3,3,TTCAGTGACAGTCATGTTAT,0,532834
araCp,0.25,3,3,TTCAGGGTCGCTCAAGTGCG,0,549188
araCp,0.25,3,3,TTCAGACACTTAATAGTTTG,0,571831
araCp,0.25,3,3,TTCACGGAAGTAGAGATCAC,0,564953
araCp,0.25,3,3,TTCACAAACAGAGTAGATCT,0,548733
araCp,0.25,3,3,TTCAATTTGACCAAGGGGGT,0,557802
araCp,0.25,3,3,TTCAATGTATAATCGCGTGG,0,547163
araCp,0.25,3,3,TTCAATCATGTCAGGCCTAG,0,569732
araCp,0.25,3,3,TTCAACGCCCAGTAGGGTGC,0,544447
araCp,0.25,3,3,TTATTGACGCGCCAAATATC,0,569826
araCp,0.25,3,3,TTATGGCCCTCCCCTGCAAA,0,541967
araCp,0.25,3,3,TTATGCCACGACTCCGGCTC,0,559868
araCp,0.25,3,3,TTATCGGAGCTATCCAACTA,0,525684
araCp,0.25,3,3,TTATCGCAATTCCGGCTCTC,0,577425
araCp,0.25,3,3,TTATCGATCAACGTTTACAT,0,529636
araCp,0.25,3,3,TTATATTCTCGCGACTTTGT,0,580493
araCp,0.25,3,3,TTATATATTGCGACTTTATT,0,583706
araCp,0.25,3,3,TTAGTTACTCGGAGAAAGCC,0,591519
araCp,0.25,3,3,TTAGTGAGTGCTTGGTGGCC,0,601656
araCp,0.25,3,3,TTAGGTGTGTGTTTCACGCC,0,542497
araCp,0.25,3,3,TTAGGAACAGTGGCACCTCA,0,557770
araCp,0.25,3,3,TTAGCTATTGCCTCTTCGGG,0,561190
araCp,0.25,3,3,TTAGCTAGACTCCTTGAGGG,0,555942
araCp,0.25,3,3,TTAGCAAGGGCTCGACTTGT,0,591610
araCp,0.25,3,3,TTAGATTCAGGCCTTCATGC,0,594410
araCp,0.25,3,3,TTAGACTCTTTATAGGTGTT,0,579702
araCp,0.25,3,3,TTAGAAACTCAGCCTTCATC,0,533020
araCp,0.25,3,3,TTACGGATGGCCGGATCGCA,0,526013
araCp,0.25,3,3,TTACCTCGAGTGAATGTTAT,0,573075
araCp,0.25,3,3,TTACCCTCAAAAATCAAGCA,0,602073
araCp,0.25,3,3,TTACACACGCCATGGGGCGG,0,581176
araCp,0.25,3,3,TTACAATTACGACTGTTCGG,0,571246
araCp,0.25,3,3,TTAATTTTTTTTACAGTTAG,0,533119
araCp,0.25,3,3,TTAATTAGTTTACGCTCGGT,0,550369
araCp,0.25,3,3,TTAATAGGGTCACCGCATCA,0,547620
araCp,0.25,3,3,TTAATAACCCATCCGTCATT,0,572428
araCp,0.25,3,3,TTAAGGGTCTCCGGTTCTAA,0,526974
araCp,0.25,3,3,TTAAGGATCGGCTGCCGCGA,0,566713
araCp,0.25,3,3,TTAAGCTGCTGTTTACGTGG,0,536899
araCp,0.25,3,3,TTAAGCGCAGCGCAGCAAAA,0,570828
araCp,0.25,3,3,TTAAGCAACCGGTCAGTTCC,0,538914
araCp,0.25,3,3,TTAAGATATGGTAAATTCTC,0,590529
araCp,0.25,3,3,TTAAGAGATTTCAGACCTCA,0,553533
araCp,0.25,3,3,TTAAGAAACCCTAAACTTTG,0,588910
araCp,0.25,3,3,TTAACTCAAAAGCGCGCCCG,0,556425
araCp,0.25,3,3,TTAACGGGTTGACTACAGTG,0,544921
araCp,0.25,3,3,TTAACATAGCTCAACGGAGT,0,562903
araCp,0.25,3,3,TTAACATAGCGGAGTTACAG,0,576467
araCp,0.25,3,3,TTAAATTTTCCGTGCCGAAT,0,584509
araCp,0.25,3,3,TTAAATGGGCTGTTGCATTA,0,565274
araCp,0.25,3,3,TTAAATCCCATACTGATTGT,0,587066
araCp,0.25,3,3,TTAAACTTGACATGCGCTCC,0,592954
araCp,0.25,3,3,TTAAACGGAGCGTGTCGGAT,0,535656
araCp,0.25,3,3,TTAAAACTGGGTTGTTCTCA,0,565134
araCp,0.25,3,3,TGTTTGCCGTAGCTTGCGCA,0,582803
araCp,0.25,3,3,TGTTGTGCGCCAGTACAACT,0,564007
araCp,0.25,3,3,TGTTGCCCTGAGAAAGTGAG,0,563667
araCp,0.25,3,3,TGTTCTCTACCGGTGACTCG,0,585410
araCp,0.25,3,3,TGTTCTCGTCAAAATCCGGG,0,537709
araCp,0.25,3,3,TGTTCCACCACGATGGGACG,0,572091
araCp,0.25,3,3,TGTTCAAGATTTGTACCGTG,0,599617
araCp,0.25,3,3,TGTTACAGGCCGCGAATTGT,0,538707
araCp,0.25,3,3,TGTGTGTCAACTCGGCACGT,0,598869
araCp,0.25,3,3,TGTGTCTAGACAAACTTAGA,0,557469
araCp,0.25,3,3,TGTGGTCGCGCATCGGCAAT,0,537285
araCp,0.25,3,3,TGTGGGATCGGTTGATCACA,0,527157
araCp,0.25,3,3,TGTGGCGTCAGGATCGTAAA,0,599225
araCp,0.25,3,3,TGTGCCGGGTTGAATGTGGG,0,529947
araCp,0.25,3,3,TGTCTATGATCTACATGTGA,0,547626
araCp,0.25,3,3,TGTCGTTGTGTAGCAAACAG,0,600309
araCp,0.25,3,3,TGTCGGATAGTGGGCCAAAC,0,561136
araCp,0.25,3,3,TGTCATGCTCCAAAGTGAGG,0,526602
araCp,0.25,3,3,TGTCAGTTTGCGTTCGAGGG,0,576136
araCp,0.25,3,3,TGTCAAGTGTAGCCTGATGT,0,584494
araCp,0.25,3,3,TGTAAGCCTTGTCTGGGCGA,0,554358
araCp,0.25,3,3,TGTAAGAGGGCTCAGATCTT,0,599779
araCp,0.25,3,3,TGGTTGCTATGACCGGTTAA,0,584259
araCp,0.25,3,3,TGGTGACCTAGGGTACCCTA,0,545511
araCp,0.25,3,3,TGGTCGGTGCTGGAAAAGGT,0,541217
araCp,0.25,3,3,TGGTCATACGTTTACTCAAG,0,571966
araCp,0.25,3,3,TGGTCAAGCGAGGGTAAGGC,0,545647
araCp,0.25,3,3,TGGTATCCCAACTGGCTACA,0,529855
araCp,0.25,3,3,TGGTATAACTTGAGTTGGTA,0,585717
araCp,0.25,3,3,TGGTAGAATACTGGCTCCCA,0,532123
araCp,0.25,3,3,TGGTACTTCCCGTCGATCGG,0,541001
araCp,0.25,3,3,TGGGTCATGTCCTCCTGAGC,0,563257
araCp,0.25,3,3,TGGGGTTAGATTATATTATA,0,549414
araCp,0.25,3,3,TGGGGCGGAAAGTTAGGTAG,0,542555
araCp,0.25,3,3,TGGGCTCGCGTGCACCCAGC,0,542465
araCp,0.25,3,3,TGGGCTCGCATCCTACCAAT,0,571677
araCp,0.25,3,3,TGGGCGTTACGCTCACGTAC,0,602834
araCp,0.25,3,3,TGGGCCAGAAAGATTGGGAG,0,591248
araCp,0.25,3,3,TGGGCCACAGGCATCTGTGA,0,582038
araCp,0.25,3,3,TGGGAGGTGCTGCTCACCTC,0,583571
araCp,0.25,3,3,TGGGAGCTAGCCTTTCGGAG,0,532246
araCp,0.25,3,3,TGGCGGCGTCTAGTACGTTG,0,564680
araCp,0.25,3,3,TGGCGCGGCGCGCTTAATAC,0,536769
araCp,0.25,3,3,TGGCACAAATGCAACGGCAT,0,589451
araCp,0.25,3,3,TGGAGGTGGGTCATTGACTT,0,560069
araCp,0.25,3,3,TGGAGGGCGGCCAAGATCTT,0,549244
araCp,0.25,3,3,TGGAGGAGCTGACGTCGCCT,0,603163
araCp,0.25,3,3,TGGACGAATTTATGGTTTAG,0,549933
araCp,0.25,3,3,TGGACAAGGGACTAACCTCC,0,542850
araCp,0.25,3,3,TGGAACCATATTTTTCAGGC,0,577498
araCp,0.25,3,3,TGCTTGTATCACAGCCGACC,0,564714
araCp,0.25,3,3,TGCTTGGGGTCAGACGCACA,0,550702
araCp,0.25,3,3,TGCTTGGGATCGAACACCGC,0,574331
araCp,0.25,3,3,TGCTTAACTACACAACGATT,0,535227
araCp,0.25,3,3,TGCTGGCCCTCAGGCACGCC,0,562016
araCp,0.25,3,3,TGCTCTTCATTAACGAAGAA,0,591960
araCp,0.25,3,3,TGCTCGAAGGCTATTCACCT,0,572674
araCp,0.25,3,3,TGCTCATAAGAGTGCATGCA,0,600541
araCp,0.25,3,3,TGCTCAGCTAGTAGATGAAA,0,549718
araCp,0.25,3,3,TGCTCACCGGTGAAGCTAAC,0,536133
araCp,0.25,3,3,TGCGTTCCGCCAGTATCGGC,0,546684
araCp,0.25,3,3,TGCGTGGTAGGTCTTCTGAA,0,542986
araCp,0.25,3,3,TGCGTCTTTGGCTCTTTCGG,0,559209
araCp,0.25,3,3,TGCGGCGAGACAACCCGCTG,0,533541
araCp,0.25,3,3,TGCGGCAACATCTAGTCTCT,0,529575
araCp,0.25,3,3,TGCGCTCTCGCCCCATCTGC,0,554992
araCp,0.25,3,3,TGCGCGACAAGCAGCCCGAA,0,573534
araCp,0.25,3,3,TGCGCCATAAAGTCAAGGCC,0,538393
araCp,0.25,3,3,TGCGACAGCGATGAAGAACG,0,597530
araCp,0.25,3,3,TGCGAAGTGTAATGTGTTAC,0,584260
araCp,0.25,3,3,TGCCTCCGGCTAAAGGAGGT,0,573803
araCp,0.25,3,3,TGCCGTAACAGGCAACAGAC,0,534197
araCp,0.25,3,3,TGCCGCCAACCAATGACGCC,0,585449
araCp,0.25,3,3,TGCCGCAATAGATATCAACC,0,549361
araCp,0.25,3,3,TGCCGATTACTACTAACCGC,0,548249
araCp,0.25,3,3,TGCCGAATTTAACGATATAG,0,575190
araCp,0.25,3,3,TGCCCTCGGGTTTTAATGCT,0,580863
araCp,0.25,3,3,TGCCCCCACTCCGATAGACA,0,526526
araCp,0.25,3,3,TGCCCACGTTATGCCAGGGT,0,581366
araCp,0.25,3,3,TGCCCAATAGGTCGCGCTTG,0,554702
araCp,0.25,3,3,TGCCCAAGGTAGGCAGTATT,0,564155
araCp,0.25,3,3,TGCCATACTGCAAAGTGACG,0,534904
araCp,0.25,3,3,TGCCAGTAGATTCGGTTGAA,0,527236
araCp,0.25,3,3,TGCACGAGGGATCAACCAAT,0,551080
araCp,0.25,3,3,TGCACCTATGCACCAGTTGT,0,540129
araCp,0.25,3,3,TGCAATCCATGTTGGGCTGT,0,591410
araCp,0.25,3,3,TGATTTTCGTTAGAAAGCGC,0,575863
araCp,0.25,3,3,TGATTTCAACTTGTGAAAGT,0,584314
araCp,0.25,3,3,TGATTACCAACTTTAGGTTC,0,597304
araCp,0.25,3,3,TGATGCCCCGTCACAGAACA,0,554469
araCp,0.25,3,3,TGATCGCTATTGACGGACAT,0,585164
araCp,0.25,3,3,TGAGGTAGGTAGACAGGGTA,0,574560
araCp,0.25,3,3,TGAGCGAATTCTATGGCCAT,0,585220
araCp,0.25,3,3,TGAGAGCCAAGATAGTGCTA,0,549258
araCp,0.25,3,3,TGACTTTAAGATTGTACGTC,0,565489
araCp,0.25,3,3,TGACTCTGTGGCAGTACAGC,0,577702
araCp,0.25,3,3,TGACGCTTTCGTTTTGCATA,0,565426
araCp,0.25,3,3,TGACGCGACTATAGATCGGT,0,525764
araCp,0.25,3,3,TGACGAGCGAATTTAATGGT,0,541228
araCp,0.25,3,3,TGACACTCTATTGTTTACTG,0,541401
araCp,0.25,3,3,TGAACTCATAGATGACACGC,0,545788
araCp,0.25,3,3,TGAACTATATGATGTTTAAT,0,578792
araCp,0.25,3,3,TGAAATGGTTATGACAACAG,0,555613
araCp,0.25,3,3,TGAAATGACATTACTTGGGA,0,574944
araCp,0.25,3,3,TGAAAAAATTGCTAAAGTTT,0,600027
araCp,0.25,3,3,TCTTTGAGCCATTTTATAGA,0,591562
araCp,0.25,3,3,TCTTTCTACACGCTGCCCTT,0,546573
araCp,0.25,3,3,TCTTGGAAATAGAACCAGGA,0,562715
araCp,0.25,3,3,TCTTGCGCTTCTGGACAAAC,0,564699
araCp,0.25,3,3,TCTTGCGCGATGTTTTGGGG,0,534614
araCp,0.25,3,3,TCTTCGCCCGGGTTACGTAT,0,534829
araCp,0.25,3,3,TCTTATGCTTTCTATTGGAA,0,595778
araCp,0.25,3,3,TCTTACCGTTTATTGTAGTC,0,575482
araCp,0.25,3,3,TCTGTGTTAGGTCGATCCTT,0,567843
araCp,0.25,3,3,TCTGGCGGGTAAGAGTCTGC,0,572988
araCp,0.25,3,3,TCTGCTTCGACAGTGAAGCG,0,582399
araCp,0.25,3,3,TCTGCGCACGAGCACGCAGG,0,539444
araCp,0.25,3,3,TCTGATTTCGTAGGATCGCA,0,596587
araCp,0.25,3,3,TCTGATACCAAAGCAGCAGC,0,597707
araCp,0.25,3,3,TCTGAGCGGGCGGTTTGTAA,0,598930
araCp,0.25,3,3,TCTGAGAGTTTAGGCGGATC,0,592319
araCp,0.25,3,3,TCTGACGTGCCTTAAGAAAC,0,537294
araCp,0.25,3,3,TCTGACACGGCTGGGCACAC,0,578217
araCp,0.25,3,3,TCTCTTCGGGAAACGTCAGT,0,560621
araCp,0.25,3,3,TCTCCAGAGGCGATAGCTCC,0,556965
araCp,0.25,3,3,TCTCAGCTACTACTAAGCAT,0,591017
araCp,0.25,3,3,TCTATCTGTATTAGATACGA,0,582454
araCp,0.25,3,3,TCTATATGCATCATCCCGGA,0,582239
araCp,0.25,3,3,TCTAGTTTGAACCTGTTATT,0,599152
araCp,0.25,3,3,TCTAGGGAGCCAAATGTGTG,0,585077
araCp,0.25,3,3,TCTAATTGACCATATAGTCC,0,536678
araCp,0.25,3,3,TCTAAAACGTTTGTAGAATG,0,599891
araCp,0.25,3,3,TCGTTTTGGATTTAGTTCTA,0,539594
araCp,0.25,3,3,TCGTTCTTCGCGTCCGCTTG,0,545900
araCp,0.25,3,3,TCGTTCATACAGGTAGTTGG,0,536908
araCp,0.25,3,3,TCGTTCAGTTCGTTATGGAT,0,571634
araCp,0.25,3,3,TCGTGTTAATACGGAACTAA,0,534728
araCp,0.25,3,3,TCGTGATTGGTCCCGTTTAA,0,577188
araCp,0.25,3,3,TCGTCTGACTCCCGGCACAT,0,529571
araCp,0.25,3,3,TCGTCGGTCGTGACTTGCTC,0,587179
araCp,0.25,3,3,TCGTCGCATTAACCGACTCG,0,546295
araCp,0.25,3,3,TCGTATGCAGCCGCTTCCCT,0,569833
araCp,0.25,3,3,TCGTATAAACCTAACTTGAA,0,600140
araCp,0.25,3,3,TCGTAGGCAAACGTGCGTTG,0,526714
araCp,0.25,3,3,TCGTAATGGGGGTGGACCAG,0,547352
araCp,0.25,3,3,TCGGTTTCTAGGAGTGGAAC,0,584148
araCp,0.25,3,3,TCGGTTTCCCTCCAGCGGGT,0,598108
araCp,0.25,3,3,TCGGTTACGTAGACAGTAGG,0,554641
araCp,0.25,3,3,TCGGTTAAGTGTGAAGATTT,0,564496
araCp,0.25,3,3,TCGGTGGCAGCCAGAGGCGC,0,564672
araCp,0.25,3,3,TCGGTGAGGCGGAATAAGCG,0,578689
araCp,0.25,3,3,TCGGTATAGTGAAGCAGGGC,0,554221
araCp,0.25,3,3,TCGGTAGCTTTATGTCCCGA,0,539585
araCp,0.25,3,3,TCGGTAATACAGTCGAGAAT,0,543913
araCp,0.25,3,3,TCGGGGTCTTGACATTCTAA,0,595086
araCp,0.25,3,3,TCGGGCATGGGCATTCAAGC,0,600630
araCp,0.25,3,3,TCGGCGATACGACTACTCAA,0,596999
araCp,0.25,3,3,TCGGCAAGCATTATAAGACC,0,578755
araCp,0.25,3,3,TCGGACGCATAACTCCTAAT,0,538365
araCp,0.25,3,3,TCGCTATGTTTGACATGCCA,0,529026
araCp,0.25,3,3,TCGCGTATGCAACTTTGCAG,0,598019
araCp,0.25,3,3,TCGCGCTCCAACACGGCCTT,0,548937
araCp,0.25,3,3,TCGCCATTATCTGTCGTTGC,0,571453
araCp,0.25,3,3,TCGCACGGTATCGGTACTAC,0,541783
araCp,0.25,3,3,TCGCAAGGACTATCGTGGGC,0,578875
araCp,0.25,3,3,TCGATTTGCGGGTGCGTTGA,0,576999
araCp,0.25,3,3,TCGATCTGATGCTTATGCGA,0,559673
araCp,0.25,3,3,TCGATACCAATTTTCTTTTT,0,549501
araCp,0.25,3,3,TCGAGTCAGCTGGTATGGAA,0,602583
araCp,0.25,3,3,TCGAGGAACGTAAGTCAACT,0,591559
araCp,0.25,3,3,TCGAGCGTCCCCACTGGGCA,0,596786
araCp,0.25,3,3,TCGACTGGGAACACTCTTAA,0,566660
araCp,0.25,3,3,TCCTTTAGGCTTAAAACTGA,0,567704
araCp,0.25,3,3,TCCTTACGTCTAACCCTATA,0,570099
araCp,0.25,3,3,TCCTGGGGGGCTCATGCAGT,0,592871
araCp,0.25,3,3,TCCTGGACATAATTCAAATC,0,574292
araCp,0.25,3,3,TCCTAGCCCATACTCGAACT,0,556952
araCp,0.25,3,3,TCCGTGACCTGCGGTTCGCT,0,568493
araCp,0.25,3,3,TCCGTCGGCTAGCTCGCGTG,0,600916
araCp,0.25,3,3,TCCGTATCAATTTGACTTTT,0,574745
araCp,0.25,3,3,TCCGGGGTCGATGACCCGTT,0,529865
araCp,0.25,3,3,TCCGGCAGTAGCGGAAGAGT,0,527926
araCp,0.25,3,3,TCCGCTTCCCTAGCGCTCAA,0,588768
araCp,0.25,3,3,TCCGCGTCCATAGGTTCTCG,0,573490
araCp,0.25,3,3,TCCGCGGTTCGTAACGGTTA,0,537617
araCp,0.25,3,3,TCCGCCGGGAGGATGTTTTT,0,532047
araCp,0.25,3,3,TCCGCCGACAATAACCGCGC,0,540703
araCp,0.25,3,3,TCCGAGTGCTAGCACGGGAT,0,558813
araCp,0.25,3,3,TCCGAATCTATGATGTGTAC,0,567913
araCp,0.25,3,3,TCCCTGTTTCGGTCTCCGCT,0,564375
araCp,0.25,3,3,TCCCTGCCGGGAAGTGTCAT,0,540575
araCp,0.25,3,3,TCCCTACGGGAGCGGAAGCG,0,572399
araCp,0.25,3,3,TCCCGCCCCGCTAACGTAGC,0,593437
araCp,0.25,3,3,TCCCCAGCCAGCCAGCCCCG,0,536326
araCp,0.25,3,3,TCCCAGCGTCGGTCCAGGAT,0,550999
araCp,0.25,3,3,TCCATGTAAGGCGCGGAATT,0,600960
araCp,0.25,3,3,TCCAGGGCTAGAACACTCGA,0,542215
araCp,0.25,3,3,TCCAGCTGAATGCAAGCTGA,0,595405
araCp,0.25,3,3,TCCACCTAAGTTGTAGCCTG,0,589529
araCp,0.25,3,3,TCCACCCACCTGCCAGGTGC,0,531666
araCp,0.25,3,3,TCCAAGGCCTCCTGATGCCT,0,545603
araCp,0.25,3,3,TCATTTTACAGGGCCCAGGG,0,592632
araCp,0.25,3,3,TCATTTGACTCTAAGGTGAG,0,585494
araCp,0.25,3,3,TCATTAACGACACGCTAATG,0,571085
araCp,0.25,3,3,TCATGTATTCTTACAGGACC,0,541828
araCp,0.25,3,3,TCATGTAGGGGAATTATACT,0,548208
araCp,0.25,3,3,TCATGAACTGGTGGTCGTAC,0,586477
araCp,0.25,3,3,TCATCTACCATGAATACAGC,0,533624
araCp,0.25,3,3,TCATCGCGAGTTAGTGCCTT,0,583189
araCp,0.25,3,3,TCATATGAAGCAAACTGGTA,0,552995
araCp,0.25,3,3,TCATACGCAGGGTCCAATAT,0,528761
araCp,0.25,3,3,TCAGTTGGTAATCGGTCATT,0,566303
araCp,0.25,3,3,TCAGTTCGGGCACAGACAAG,0,560736
araCp,0.25,3,3,TCAGTCCAGACATTGACGAA,0,573025
araCp,0.25,3,3,TCAGCACTTGCGACCTGACT,0,600808
araCp,0.25,3,3,TCAGAGACTCGAACCGGCCG,0,588969
araCp,0.25,3,3,TCACTTCACTGACCATCCAC,0,585346
araCp,0.25,3,3,TCACGTTTTTTGAGGCGCCT,0,584854
araCp,0.25,3,3,TCACGGACTTGGAACTGCAG,0,570024
araCp,0.25,3,3,TCACCTTAGTGGTGTTCGTC,0,585497
araCp,0.25,3,3,TCACCGCTTGTCGGGGACGG,0,563386
araCp,0.25,3,3,TCACCGAGGGCATCGAGGCA,0,548701
araCp,0.25,3,3,TCACCCTTTTCACCACCCAA,0,564263
araCp,0.25,3,3,TCACATGCATTAGCGCGGGG,0,581797
araCp,0.25,3,3,TCACATCCCAATTAGTCGGT,0,540640
araCp,0.25,3,3,TCACAGCGGATTTGGGGCTC,0,531231
araCp,0.25,3,3,TCACAGACTCCTGTGATACC,0,580400
araCp,0.25,3,3,TCAAGGTCAATGTCCGGTTG,0,543074
araCp,0.25,3,3,TCAACAAAGGGACACGCGTT,0,568060
araCp,0.25,3,3,TCAAAGGGAGGACGCACGCC,0,559142
araCp,0.25,3,3,TATTTTTAACCTGTGGCACT,0,583924
araCp,0.25,3,3,TATTTCCCCCGGCGGCTCTC,0,568598
araCp,0.25,3,3,TATTGTGTCATACTGGGGGT,0,548777
araCp,0.25,3,3,TATTGGTCTCGTTGCGTTCC,0,541685
araCp,0.25,3,3,TATTGACAGTATTTTATCGC,0,536492
araCp,0.25,3,3,TATTCTACGCAGATGTTCCG,0,543984
araCp,0.25,3,3,TATTCGCGCAACCAAAGCCG,0,541538
araCp,0.25,3,3,TATTACTCCTCGCAATTAAG,0,531522
araCp,0.25,3,3,TATGCCTAAAGGCTTGTTGT,0,599159
araCp,0.25,3,3,TATGCCAGCAGCGGGTAGGG,0,563883
araCp,0.25,3,3,TATGAGCCCGAGCGAGGCTC,0,564305
araCp,0.25,3,3,TATCTCTTGCCAACAGAGGG,0,572208
araCp,0.25,3,3,TATCTCGCTAACGGTTAACT,0,546199
araCp,0.25,3,3,TATCTCGACTCAAACTCAAC,0,564307
araCp,0.25,3,3,TATCGTTGCGCACCCCGATT,0,571268
araCp,0.25,3,3,TATCGGACGAGCAGGAGCAA,0,542328
araCp,0.25,3,3,TATCGATTACATATTTTGTA,0,569004
araCp,0.25,3,3,TATCCCAGGATTCGATTTAG,0,545506
araCp,0.25,3,3,TATCCAATGGCAAGAATAAT,0,529720
araCp,0.25,3,3,TATCAAGGCAGGGGACGCGC,0,574176
araCp,0.25,3,3,TATATTCTCTCCGCGTTTCA,0,549886
araCp,0.25,3,3,TATATGCCGATGTAAGCCTT,0,583157
araCp,0.25,3,3,TATATCCCAGGCACTAGAAC,0,568868
araCp,0.25,3,3,TATAGTTATAGGACAATGTT,0,553130
araCp,0.25,3,3,TATAGGGTCCTAGATGTGGT,0,534909
araCp,0.25,3,3,TATAGCTTGGTCTGTTTGAG,0,542541
araCp,0.25,3,3,TATACGACGACTGTGAACTT,0,548304
araCp,0.25,3,3,TATACAGTGGACTATGCGGT,0,602547
araCp,0.25,3,3,TATAATTAAAACCGAAAAAA,0,581403
araCp,0.25,3,3,TATAATGAGCGTGGTCCGGC,0,549294
araCp,0.25,3,3,TAGTTTCTGTGTACATGTTA,0,529550
araCp,0.25,3,3,TAGTTCCGGGATCGTTACCT,0,578145
araCp,0.25,3,3,TAGTATCCTGTAAGGCCTGT,0,550877
araCp,0.25,3,3,TAGGTTTCAGTAGTTAGTTC,0,588374
araCp,0.25,3,3,TAGGTTATGTCGGGCTTTCA,0,594384
araCp,0.25,3,3,TAGGTGTTCCGTCCTCAGGT,0,538349
araCp,0.25,3,3,TAGGTCATTCGATGCAAGTT,0,574999
araCp,0.25,3,3,TAGGTATAATTGGTATGAGA,0,587782
araCp,0.25,3,3,TAGGGGTGCTCTCTCTTAAG,0,527704
araCp,0.25,3,3,TAGGGGTGATTGGGAGGGTT,0,571699
araCp,0.25,3,3,TAGGGGCCGTAACTTCAGCG,0,560006
araCp,0.25,3,3,TAGGGCGAAGAACTACGACC,0,549938
araCp,0.25,3,3,TAGGGCCCGCACTGTGAACC,0,561740
araCp,0.25,3,3,TAGGCGTGGCGTCGTATGGC,0,558284
araCp,0.25,3,3,TAGGCAACTAAGGGATTCCC,0,538114
araCp,0.25,3,3,TAGGACCTGGCGATCCGCTG,0,545553
araCp,0.25,3,3,TAGGACAGCAAGAAGAGCGA,0,581660
araCp,0.25,3,3,TAGGACACTTAACTATATGT,0,577110
araCp,0.25,3,3,TAGCTGCGCTACGGCGGTGT,0,553009
araCp,0.25,3,3,TAGCTGAACTTCTGGGTCTG,0,577629
araCp,0.25,3,3,TAGCTCGATGCGGACGCTTC,0,568851
araCp,0.25,3,3,TAGCTCCGCCTAATGCACGG,0,550622
araCp,0.25,3,3,TAGCTCCCTTGACCATCGGA,0,595790
araCp,0.25,3,3,TAGCGTGGGACGTTGGGATC,0,534200
araCp,0.25,3,3,TAGCGGCCGCAAACAAGGCT,0,562888
araCp,0.25,3,3,TAGCCTTTGACTCGCCAGTA,0,532946
araCp,0.25,3,3,TAGCCTGGAGGCGCAGTTGT,0,599323
araCp,0.25,3,3,TAGCATTTCCGTCAGCGCAA,0,589654
araCp,0.25,3,3,TAGCAAGCCGGAAAGGATTT,0,542634
araCp,0.25,3,3,TAGATTGCGCATCACGAGCC,0,565433
araCp,0.25,3,3,TAGATTCTCACCTACGTAAA,0,539461
araCp,0.25,3,3,TAGATGTGAGGCTTATGATG,0,586084
araCp,0.25,3,3,TAGATGGGTGCTAAGTTGAG,0,593332
araCp,0.25,3,3,TAGATAAAAAGAAGTCAGCA,0,579863
araCp,0.25,3,3,TAGAGCCGATGTTCACCACT,0,580441
araCp,0.25,3,3,TAGAGCAATATTGAGATCTT,0,562731
araCp,0.25,3,3,TAGACTACGCATCTCCAACA,0,545747
araCp,0.25,3,3,TAGAAGGATGATCAAGATTC,0,536837
araCp,0.25,3,3,TAGAAGAGTCGCCAATCTTG,0,591032
araCp,0.25,3,3,TAGAACAAGACCCGTCGTCC,0,590955
araCp,0.25,3,3,TACTGCCCAGGGACGCGTAG,0,535783
araCp,0.25,3,3,TACTCGAATTCAATTGTGTC,0,577634
araCp,0.25,3,3,TACTCGAAATTTCGGACACG,0,580828
araCp,0.25,3,3,TACTCACCTCCCGTTTGGCT,0,533107
araCp,0.25,3,3,TACGGTAGCGCCGTAAATTA,0,541891
araCp,0.25,3,3,TACGGGTATGAACCGTTAGC,0,553500
araCp,0.25,3,3,TACGGGACAATTCTAAATTG,0,538085
araCp,0.25,3,3,TACGGACTGTATACACTTGT,0,550433
araCp,0.25,3,3,TACGCGGACACAGTCATAAT,0,578029
araCp,0.25,3,3,TACGCCTCGGGGGCTGAATG,0,600422
araCp,0.25,3,3,TACGACGTGACCGCTCAGAC,0,579511
araCp,0.25,3,3,TACCTATAATGCTAGAAATT,0,602793
araCp,0.25,3,3,TACCTACTCTAAGCTGCGTC,0,586796
araCp,0.25,3,3,TACCGGTTTGACGGTGAGGG,0,594396
araCp,0.25,3,3,TACCGGGCATCTCCCAAAAG,0,574989
araCp,0.25,3,3,TACCCTGCGATGGGATGAGG,0,595648
araCp,0.25,3,3,TACCCTGACAAGATCTGATC,0,528523
araCp,0.25,3,3,TACCCAGGCTGAGGGTAGCA,0,535483
araCp,0.25,3,3,TACCATGTTTTAGCGGAGTC,0,564394
araCp,0.25,3,3,TACCAGGAAGTGCGTGTAGA,0,586386
araCp,0.25,3,3,TACCAGACTATCGCAATCAT,0,582090
araCp,0.25,3,3,TACCAAAACGTTTGCAGTTA,0,588234
araCp,0.25,3,3,TACATTACACTGTCCGTAGT,0,539160
araCp,0.25,3,3,TACATCGCTACAGCTCACTC,0,565925
araCp,0.25,3,3,TACATATGGCGCGATCAGTC,0,595152
araCp,0.25,3,3,TACAGTTATGGTGCATGGTA,0,590660
araCp,0.25,3,3,TACAGCGTCTATGGTAGTTG,0,593779
araCp,0.25,3,3,TACAGAGTATAGGACGTCTG,0,578171
araCp,0.25,3,3,TACAGAACAATACTTAGCGA,0,525649
araCp,0.25,3,3,TACACTTGACGCGGCGCTCT,0,597511
araCp,0.25,3,3,TACACGCAGTCGGGCGTGGC,0,576510
araCp,0.25,3,3,TACACCAGCTCCTTCCATGC,0,552859
araCp,0.25,3,3,TACACATACACAACGCCTCC,0,555966
araCp,0.25,3,3,TACAATGCGCGGACACCGTA,0,574038
araCp,0.25,3,3,TACAATAAAACATTGACATT,0,570503
araCp,0.25,3,3,TACAAAGACGACTGGCTCGG,0,565934
araCp,0.25,3,3,TACAAAATTCGGCTCAATCT,0,577163
araCp,0.25,3,3,TAATTGCGTAGCACTACCTG,0,584846
araCp,0.25,3,3,TAATGTGTTTGATAGTTACC,0,532490
araCp,0.25,3,3,TAATAGGGTGTTGGAAAGTT,0,549935
araCp,0.25,3,3,TAATAGCGCGTGGCTGTAAA,0,566666
araCp,0.25,3,3,TAATAATCGCCAACGTAAGG,0,546066
araCp,0.25,3,3,TAAGTCGTCTGTATCCCGGT,0,572947
araCp,0.25,3,3,TAAGTACGAAGTGCGGGGAG,0,571450
araCp,0.25,3,3,TAAGGTGACCCGGCCCTCGG,0,548636
araCp,0.25,3,3,TAAGGGTGGGATTGAAGCCC,0,591358
araCp,0.25,3,3,TAAGGGCGTGGAGCAAGGGG,0,587789
araCp,0.25,3,3,TAAGGCAGTCCCGTAACGTT,0,538225
araCp,0.25,3,3,TAAGGAATCGGAGTAGAACC,0,582684
araCp,0.25,3,3,TAAGCCTGTTGAATACGCGG,0,560153
araCp,0.25,3,3,TAAGCCTGCGTACTAAGACC,0,603213
araCp,0.25,3,3,TAAGCATACGGATGTTCGCG,0,560120
araCp,0.25,3,3,TAAGATATACCAGTCACGCG,0,537869
araCp,0.25,3,3,TAAGATAGCAATCTCCCCTA,0,529157
araCp,0.25,3,3,TAAGAAGCATCGTCTGTACT,0,594956
araCp,0.25,3,3,TAAGAAAAGGTCTGCTGGCG,0,591648
araCp,0.25,3,3,TAACTGGAGAACACAGGGAG,0,590873
araCp,0.25,3,3,TAACGACTCTTCGTTAGATG,0,584102
araCp,0.25,3,3,TAACCCAACCCGGATTCGGC,0,561029
araCp,0.25,3,3,TAACCATGTCCGGAAAGAAT,0,556884
araCp,0.25,3,3,TAACATTACGGGTGACACGG,0,533281
araCp,0.25,3,3,TAACATGCGTAAACCTGCTG,0,564200
araCp,0.25,3,3,TAACACCTGGCAGGCGCCCT,0,550646
araCp,0.25,3,3,TAACAAGGAAACGACATTGA,0,586592
araCp,0.25,3,3,TAAATTCGGAGTCGGTAACT,0,581846
araCp,0.25,3,3,TAAATGAAGCCAGGGGATCG,0,534621
araCp,0.25,3,3,TAAATCATAATCTGGTTACC,0,590784
araCp,0.25,3,3,TAAATCAAAATTTAACCCCT,0,595675
araCp,0.25,3,3,TAAAGGTATCAGTAATCAAG,0,571626
araCp,0.25,3,3,TAAACGCGGAAGTCTCCTGC,0,536327
araCp,0.25,3,3,TAAAATGGATGTGGGCCTGT,0,541492
araCp,0.25,3,3,GTTTTGTAGGTCCTAGCAAA,0,525965
araCp,0.25,3,3,GTTTTGGCGTATGTCGAACG,0,537273
araCp,0.25,3,3,GTTTCGGTCATCTATTATGT,0,584564
araCp,0.25,3,3,GTTTCATGCCCAACGCATAT,0,546765
araCp,0.25,3,3,GTTTAGTTTTGTACGTACTC,0,554988
araCp,0.25,3,3,GTTTAAGTCTAAGTTCCGGT,0,544109
araCp,0.25,3,3,GTTGTGGAAGGATTTTGGTT,0,554627
araCp,0.25,3,3,GTTGGGCATTCCCGAAGTAT,0,590713
araCp,0.25,3,3,GTTGGATCAGGTCCCTTGTT,0,529963
araCp,0.25,3,3,GTTGGAACAGCATTGGCCAA,0,537147
araCp,0.25,3,3,GTTGCTGCATGAACATCGCT,0,597299
araCp,0.25,3,3,GTTGCGCCCCCGCAGATAAT,0,556543
araCp,0.25,3,3,GTTGCGACAACTTTGGTTGC,0,600432
araCp,0.25,3,3,GTTGCATTTGCCTGTCTAAT,0,599554
araCp,0.25,3,3,GTTGCATAAAGGTATGCGCC,0,568511
araCp,0.25,3,3,GTTGATTCTCCGAGTATCGA,0,526061
araCp,0.25,3,3,GTTGAGCGGCTCAAGTCAAT,0,536268
araCp,0.25,3,3,GTTCTGGTGATTACTATCAG,0,571428
araCp,0.25,3,3,GTTCTCCTTTAAATAGCGCG,0,538928
araCp,0.25,3,3,GTTCTAGCGTGCCAGTATAC,0,569333
araCp,0.25,3,3,GTTCGTTATGGTACGTCTAC,0,576592
araCp,0.25,3,3,GTTCGGCCGAGCTAAAGAAT,0,546485
araCp,0.25,3,3,GTTCCGTCGGATGGGTCCCC,0,541526
araCp,0.25,3,3,GTTCCATATCCTATTTTACT,0,578071
araCp,0.25,3,3,GTTCACCGCATATTTGAGAA,0,557569
araCp,0.25,3,3,GTTCACCCTATAGGGACCGA,0,535823
araCp,0.25,3,3,GTTATGAAGTACTATGACAT,0,549660
araCp,0.25,3,3,GTTATCTAAACCCGAGGTGT,0,540688
araCp,0.25,3,3,GTTATAAACTAAGCTAGGGA,0,549360
araCp,0.25,3,3,GTTAGTAGGTCTAAGCATAG,0,563431
araCp,0.25,3,3,GTTAGCTGAGACGGTAGAAA,0,549559
araCp,0.25,3,3,GTTAGCGGAATAGGTGAACT,0,553891
araCp,0.25,3,3,GTTAGCCCATCCAACCCCTG,0,574873
araCp,0.25,3,3,GTTAGCCAGGATTGGAGGGA,0,566776
araCp,0.25,3,3,GTTAGCCAAACTATGAATGG,0,575805
araCp,0.25,3,3,GTTACTCACCCCCTCGCGCT,0,537810
araCp,0.25,3,3,GTTACCACGGAAATATATGT,0,539023
araCp,0.25,3,3,GTTAAGCGAGGCGAGTATAT,0,525955
araCp,0.25,3,3,GTGTTCGGTCTAGCTCAACT,0,538086
araCp,0.25,3,3,GTGTGGGCGTATAGTGCCTG,0,564117
araCp,0.25,3,3,GTGTGCATAATTCGAATAAT,0,547921
araCp,0.25,3,3,GTGTCGCACAGTCATGGTAC,0,596316
araCp,0.25,3,3,GTGTCCAGATTGGGTACCAG,0,576724
araCp,0.25,3,3,GTGTCAAGTTACGATTCGTA,0,602908
araCp,0.25,3,3,GTGTAGTGACTAGACCAGAT,0,574629
araCp,0.25,3,3,GTGGTGAGTTATTTGGAGCA,0,544513
araCp,0.25,3,3,GTGGTATAGACGCTATCTAT,0,567949
araCp,0.25,3,3,GTGGTACAGACGGCACCTTA,0,538180
araCp,0.25,3,3,GTGGTAATCGCATCATACAC,0,561338
araCp,0.25,3,3,GTGGGCTTATTGTAAGACAT,0,527122
araCp,0.25,3,3,GTGGGCCACATATGCAAGGA,0,593989
araCp,0.25,3,3,GTGGGCCACACTGGACGGGC,0,569001
araCp,0.25,3,3,GTGGCTTAGGTGTCGCTCTT,0,539001
araCp,0.25,3,3,GTGGCAATCAGCACCGCCCG,0,558059
araCp,0.25,3,3,GTGGATCAGCTCGCAAAGAC,0,535302
araCp,0.25,3,3,GTGGAGGCCCGAATCGTACA,0,572028
araCp,0.25,3,3,GTGCTTCCGGAGCCCGTGAT,0,596150
araCp,0.25,3,3,GTGCTGCTCGCGACGGCAAA,0,589469
araCp,0.25,3,3,GTGCTGCACTGACTGCTTCG,0,578905
araCp,0.25,3,3,GTGCTCTGGTAACACGCCGC,0,552093
araCp,0.25,3,3,GTGCTAGCAGGGATATACGA,0,595939
araCp,0.25,3,3,GTGCGAGTTGTGTTGGGCTT,0,534740
araCp,0.25,3,3,GTGCGACGCAAAACTCCGAT,0,565647
araCp,0.25,3,3,GTGCCTGCCCGGCGTAGTGC,0,539249
araCp,0.25,3,3,GTGCCACTCGTAAATCGTGG,0,575826
araCp,0.25,3,3,GTGCAGTCGGTTCGGTGTCT,0,542450
araCp,0.25,3,3,GTGCAGACGAAGTCAGGAAG,0,578802
araCp,0.25,3,3,GTGCACGTTTTAATGGGTGT,0,589257
araCp,0.25,3,3,GTGATTCCGGATCTTGCGGT,0,544232
araCp,0.25,3,3,GTGATATTAGTTGAATGCGT,0,564751
araCp,0.25,3,3,GTGAGTGAGCCGTGCATGCT,0,561148
araCp,0.25,3,3,GTGACCAAGGGGCACTTAAC,0,569454
araCp,0.25,3,3,GTGACAGAACTGACGCAATA,0,567322
araCp,0.25,3,3,GTGAAACTCGACGGAGATAT,0,588521
araCp,0.25,3,3,GTCTTGTCATGAACGTATTG,0,539825
araCp,0.25,3,3,GTCTTGGATTTTTATGAAGA,0,586563
araCp,0.25,3,3,GTCTTCTGTAGATTGTACAG,0,596407
araCp,0.25,3,3,GTCTCCTTCATCGCCAGAAA,0,581241
araCp,0.25,3,3,GTCTCAAGCCGCATCGTCCA,0,560999
araCp,0.25,3,3,GTCTATTATAAACTCGTTCT,0,580677
araCp,0.25,3,3,GTCTATACACAGCACAACTT,0,577347
araCp,0.25,3,3,GTCTACGTCACAGCGATGTC,0,557474
araCp,0.25,3,3,GTCGCGAGCACGGTATAACG,0,595259
araCp,0.25,3,3,GTCGCCGACCGGGCCTTCGA,0,550933
araCp,0.25,3,3,GTCGCAAATTACACTTAGAG,0,564299
araCp,0.25,3,3,GTCGATTTGTGTTAAATGAC,0,549001
araCp,0.25,3,3,GTCGAAGTCGTTTAGCGGAA,0,531090
araCp,0.25,3,3,GTCGAAATTATTCCCGCATT,0,552880
araCp,0.25,3,3,GTCGAAATCTCTGCAACAAC,0,526632
araCp,0.25,3,3,GTCCTTTATTAGAGTCAGGT,0,544810
araCp,0.25,3,3,GTCCTTAGTCCACGACCCTA,0,554870
araCp,0.25,3,3,GTCCGGCAGTAGCTATGCCC,0,588908
araCp,0.25,3,3,GTCCGATTGTGTAAAATTGT,0,572495
araCp,0.25,3,3,GTCCCACGTCCACGAGTAGT,0,596825
araCp,0.25,3,3,GTCCAGCTCTACGCAATGGT,0,589621
araCp,0.25,3,3,GTCATTACCCACAATCTAGA,0,558229
araCp,0.25,3,3,GTCATGAGGGCAGTACGTTG,0,570406
araCp,0.25,3,3,GTCATGAAATGCAGCGTAAG,0,553830
araCp,0.25,3,3,GTCATCGTACGCTCGCTGGG,0,601193
araCp,0.25,3,3,GTCATCCGTCAGTGTGCATA,0,564010
araCp,0.25,3,3,GTCATAATAAAATGCAAACT,0,574815
araCp,0.25,3,3,GTCAGGATTGTAGTGTGGAT,0,550355
araCp,0.25,3,3,GTCAGCGCAGAGTTTTCGGA,0,564383
araCp,0.25,3,3,GTCAGCCGTGTGTCGCTTTA,0,589420
araCp,0.25,3,3,GTCAGATCCGGCGGACTGGC,0,560016
araCp,0.25,3,3,GTCAGACTTCTCCCTCTTTG,0,583892
araCp,0.25,3,3,GTCAAGGTGTGAGCGTACGT,0,529036
araCp,0.25,3,3,GTATTTGTATATGCGTTAGG,0,551977
araCp,0.25,3,3,GTATTTCGCGCAACGGAATG,0,552702
araCp,0.25,3,3,GTATTGTTAGCACTTCAAAG,0,546751
araCp,0.25,3,3,GTATTATGGGCGTCAATCGC,0,553595
araCp,0.25,3,3,GTATTAGATTATGGATTCTC,0,567947
araCp,0.25,3,3,GTATCTGAGTTGATCATATG,0,589503
araCp,0.25,3,3,GTATCGGCGAGTCAGCCTAG,0,542189
araCp,0.25,3,3,GTATCAGTATCTCGATTAAA,0,590582
araCp,0.25,3,3,GTAGTGAGTTCATAGAGACG,0,585939
araCp,0.25,3,3,GTAGTCCGCGAATGGGATAG,0,571102
araCp,0.25,3,3,GTAGCAACCTTTAAGCGCCC,0,586195
araCp,0.25,3,3,GTAGAGGAGATGCGTATGTG,0,573576
araCp,0.25,3,3,GTACGTGATTGAGCTTACAT,0,573952
araCp,0.25,3,3,GTACGGGGACAGCTTTTCGT,0,587980
araCp,0.25,3,3,GTACGGGCAAGTCCCGACCA,0,526561
araCp,0.25,3,3,GTACGAACCCACACATTGGC,0,533738
araCp,0.25,3,3,GTACAGTGATTGGCCCGCAC,0,559038
araCp,0.25,3,3,GTACAGAGCGTTTAGACACT,0,531301
araCp,0.25,3,3,GTACACTGCGGATCTAAACC,0,574995
araCp,0.25,3,3,GTACACGCTTGGCTACGGCA,0,588603
araCp,0.25,3,3,GTACAAGCCTTAGAGCCCGC,0,560257
araCp,0.25,3,3,GTAATTCCTTATATCTACTT,0,533266
araCp,0.25,3,3,GTAATCAACCCGATCCCGGC,0,560526
araCp,0.25,3,3,GTAAGCGTGCGATGTAGTTC,0,565401
araCp,0.25,3,3,GTAACTGACGATAGTGAAGA,0,577484
araCp,0.25,3,3,GTAACTCAGCCTCACTATGT,0,552585
araCp,0.25,3,3,GGTTTGAGTATCGCGCTATG,0,528240
araCp,0.25,3,3,GGTTTATAAAGAAAAACCTA,0,548460
araCp,0.25,3,3,GGTTGTTGGTCACAGCGGAG,0,564251
araCp,0.25,3,3,GGTTGCCTCACGGGCTATGT,0,593749
araCp,0.25,3,3,GGTTGCAGCACCGCGGTCGT,0,557933
araCp,0.25,3,3,GGTTGATTGCGTTTCAGGGA,0,587940
araCp,0.25,3,3,GGTTGACTTGCCGAGGCAGT,0,599496
araCp,0.25,3,3,GGTTGACATGTTTACCAGTA,0,556474
araCp,0.25,3,3,GGTTCTACAACCAGAACTTT,0,595311
araCp,0.25,3,3,GGTTCGACTGTCCATATTCG,0,572226
araCp,0.25,3,3,GGTTAGACACCGAAGTTATC,0,556673
araCp,0.25,3,3,GGTTACGGAGATTCCAATTA,0,543811
araCp,0.25,3,3,GGTGTCGCTCTTTAGCCGGA,0,573524
araCp,0.25,3,3,GGTGTCAATTGACCACCCGA,0,536384
araCp,0.25,3,3,GGTGGTCACTTTATTTCCGA,0,550928
araCp,0.25,3,3,GGTGGGGCCTGACTACCAGT,0,565235
araCp,0.25,3,3,GGTGGATCTCAACTTGGATA,0,537857
araCp,0.25,3,3,GGTGGACCTAGAGAGTCCGA,0,565669
araCp,0.25,3,3,GGTGCTTACGTGGATAATTT,0,565597
araCp,0.25,3,3,GGTGATTGGTCCTCTGACGA,0,527024
araCp,0.25,3,3,GGTCTTTATGCTCACGTCCA,0,549245
araCp,0.25,3,3,GGTCTGTTCTAGCATCGATG,0,530249
araCp,0.25,3,3,GGTCTCGAGTTAATTTCATA,0,591883
araCp,0.25,3,3,GGTCTCAGGATAATCCAACA,0,588759
araCp,0.25,3,3,GGTCGGCTTCGCTCGCGTGT,0,534672
araCp,0.25,3,3,GGTCCGATGAGGGTAGAATA,0,595172
araCp,0.25,3,3,GGTCCGAAGATGGTAGTGGC,0,560567
araCp,0.25,3,3,GGTCCAGCCATACCGATTCC,0,596879
araCp,0.25,3,3,GGTCAGTCGATTACATACTT,0,530021
araCp,0.25,3,3,GGTATGGGTTGGGCAAAGGT,0,560758
araCp,0.25,3,3,GGTAGGTGGAGACGTAAGCT,0,529973
araCp,0.25,3,3,GGTAGGAATAGTTTCGGCAG,0,570642
araCp,0.25,3,3,GGTACTGGGTTAATATATAT,0,527074
araCp,0.25,3,3,GGTACGGATGTTAACGGCTT,0,529201
araCp,0.25,3,3,GGTACATATAATTGTCTCAA,0,555998
araCp,0.25,3,3,GGTAAGAGACCGGAAATGAG,0,528371
araCp,0.25,3,3,GGTAAAACTGAGTCCAGCGT,0,602310
araCp,0.25,3,3,GGGTTGCTACAAATTGATGG,0,532675
araCp,0.25,3,3,GGGTGGACGTCGGTGACGGC,0,602603
araCp,0.25,3,3,GGGTGCGAATTGCTCGAGCC,0,550375
araCp,0.25,3,3,GGGTCGTTTACCCTGTACGG,0,535804
araCp,0.25,3,3,GGGTATTAAATTACACCACT,0,563409
araCp,0.25,3,3,GGGTATATAAACGAACTGGG,0,576669
araCp,0.25,3,3,GGGGTTAAGAGTCCGTACGA,0,546225
araCp,0.25,3,3,GGGGGGACTACCCGATCGGT,0,594374
araCp,0.25,3,3,GGGGGCCTGGAATGTGGTGG,0,544473
araCp,0.25,3,3,GGGGGACAAATCTGCATCCA,0,543406
araCp,0.25,3,3,GGGGCTGGGAAGACGAGTGA,0,536823
araCp,0.25,3,3,GGGGCCGGACGGTTGTCGTA,0,597217
araCp,0.25,3,3,GGGGCAGATTCGTAGTCGTT,0,603557
araCp,0.25,3,3,GGGGAGCAAAGTCAAAAAGT,0,574274
araCp,0.25,3,3,GGGCTTTTCATTTTCTAATA,0,580497
araCp,0.25,3,3,GGGCTTAAACCGGCACCGAT,0,553365
araCp,0.25,3,3,GGGCTGCAGTGGTCAACGGT,0,574282
araCp,0.25,3,3,GGGCTGATGATGGTTTGTCA,0,548370
araCp,0.25,3,3,GGGCTATAGAGCGTGGCCAC,0,531634
araCp,0.25,3,3,GGGCGTCGAAACAAGGGGGG,0,590199
araCp,0.25,3,3,GGGCCGGTTTGACGTCTCCA,0,567128
araCp,0.25,3,3,GGGCCATGCTGTTATGATTG,0,578081
araCp,0.25,3,3,GGGCATTCGGTTTGTAAAAC,0,576131
araCp,0.25,3,3,GGGCAGGCATTTTCTTCGGT,0,600082
araCp,0.25,3,3,GGGATCTCAGACGAGGATAT,0,563614
araCp,0.25,3,3,GGGATCTAAAGCCGCGTGTG,0,599126
araCp,0.25,3,3,GGGATACACCGGGGGGTTGA,0,561060
araCp,0.25,3,3,GGGACGGCTATCCCAGTGCC,0,546498
araCp,0.25,3,3,GGGACCAGTGTTAGACAGCA,0,559773
araCp,0.25,3,3,GGGAAGTACCCTTTGGAGTC,0,529553
araCp,0.25,3,3,GGGAAGGGTGAAGCGCTATT,0,566945
araCp,0.25,3,3,GGGAACTCAGTGTACCATGG,0,598197
araCp,0.25,3,3,GGGAACGGAGGCGGACAGTC,0,587961
araCp,0.25,3,3,GGCTTGTGGCGGCTTCAGGT,0,565390
araCp,0.25,3,3,GGCTTCATCTTAAGCAGTCA,0,553432
araCp,0.25,3,3,GGCTCCTACGCGGTACCGTT,0,575744
araCp,0.25,3,3,GGCTATTGGGGCATGAATAG,0,603529
araCp,0.25,3,3,GGCTAGGTGTTTACAGGAGA,0,540935
araCp,0.25,3,3,GGCTAGACAATGTCTCTTTG,0,583079
araCp,0.25,3,3,GGCGTCTACAGGTTGGGTAC,0,556740
araCp,0.25,3,3,GGCGGTGATGAAGGTTTAAG,0,576623
araCp,0.25,3,3,GGCGCGAACATGTACTGCCA,0,601673
araCp,0.25,3,3,GGCGCCTGTGGTGTGTCTCT,0,571836
araCp,0.25,3,3,GGCGCCATTAACTTGGCGTA,0,529338
araCp,0.25,3,3,GGCGACGGCCTTCTATTCTT,0,550782
araCp,0.25,3,3,GGCCTTTGGATTGTTTGACC,0,531961
araCp,0.25,3,3,GGCCTGCGTCGAGCCGGGGT,0,539724
araCp,0.25,3,3,GGCCTAGTTCAACTCCTTGA,0,549872
araCp,0.25,3,3,GGCCTACTGTGTCTATCTAG,0,547967
araCp,0.25,3,3,GGCCGTCCGATGAACTGAAT,0,538551
araCp,0.25,3,3,GGCCGGCTAGTCGTAGAAGG,0,534859
araCp,0.25,3,3,GGCCGATTGGGTGCCTTACA,0,578235
araCp,0.25,3,3,GGCCATGGAAACCCTTCGTA,0,535819
araCp,0.25,3,3,GGCCAGACCTCGGAAATCGG,0,580283
araCp,0.25,3,3,GGCATTCGAGCACGCTATTG,0,568552
araCp,0.25,3,3,GGCATGTGGGATTCAGCAAT,0,556418
araCp,0.25,3,3,GGCATACTACGAAGGTGTAA,0,587498
araCp,0.25,3,3,GGCAGGCACCCGCACACTCA,0,558018
araCp,0.25,3,3,GGCAGAAGCCGCAACAGCCG,0,570941
araCp,0.25,3,3,GGCACGGGGAGTTCATGGCA,0,596855
araCp,0.25,3,3,GGCACCGGAAGTAAATGGGA,0,570202
araCp,0.25,3,3,GGCACCCGCGCGGAAGATCA,0,595071
araCp,0.25,3,3,GGCACCATTAGGCGTGGATC,0,568634
araCp,0.25,3,3,GGCAAGTTTAAAAACTAAAC,0,572766
araCp,0.25,3,3,GGCAAGATCTTTGTTAAATT,0,525752
araCp,0.25,3,3,GGCAAGACATCACCCACAAT,0,579026
araCp,0.25,3,3,GGATTTGCCCAGAATAGATA,0,534387
araCp,0.25,3,3,GGATTCTTTTCAGTCTAGGA,0,555028
araCp,0.25,3,3,GGATGGATCCCAGCGGTGCA,0,582335
araCp,0.25,3,3,GGATGAGCTGACATGTCTAC,0,567794
araCp,0.25,3,3,GGATAGTTTCCATTGAGTAG,0,526379
araCp,0.25,3,3,GGAGTATCAACTGATCGCCG,0,538748
araCp,0.25,3,3,GGAGGAGCCGATGTGACTAT,0,549902
araCp,0.25,3,3,GGAGCTCGCGAAGAATATTG,0,568370
araCp,0.25,3,3,GGAGCTAATCTAACTTTATA,0,548713
araCp,0.25,3,3,GGAGCGACCTGGCTTTTACC,0,576763
araCp,0.25,3,3,GGAGATTTTGTTCGGGCGCA,0,602026
araCp,0.25,3,3,GGACTGAGTTATATCACCTG,0,543656
araCp,0.25,3,3,GGACTATTCTTATATGGCCC,0,577094
araCp,0.25,3,3,GGACGGGGAAGGTTCGCGAG,0,542815
araCp,0.25,3,3,GGACGACCGCCCTTACGTTT,0,532567
araCp,0.25,3,3,GGACCCCTAACACGTCTTGC,0,525701
araCp,0.25,3,3,GGACCATGATCATTTGTATT,0,592574
araCp,0.25,3,3,GGACACTGTGAGAAACCACG,0,595185
araCp,0.25,3,3,GGACAAGTCAGCAATTAGCT,0,585567
araCp,0.25,3,3,GGAATTCGGGATCCTGTTCC,0,602622
araCp,0.25,3,3,GGAATGGAATTATGGAGGCG,0,555444
araCp,0.25,3,3,GGAATGAACATGCCGACCAA,0,586163
araCp,0.25,3,3,GGAATCCGTTGGCCTTTGAC,0,575025
araCp,0.25,3,3,GGAAGTGTGTTCTCCTTATA,0,545677
araCp,0.25,3,3,GGAAGCTGGGATGTTGTCAT,0,570158
araCp,0.25,3,3,GGAAGAGTCTATATTTTCGC,0,585818
araCp,0.25,3,3,GGAACGGACCTGCCTCAGAG,0,582793
araCp,0.25,3,3,GGAACACTCAGAGAGGATGG,0,567817
araCp,0.25,3,3,GGAACAACGTGGAGCCCTTC,0,579072
araCp,0.25,3,3,GGAAATGGGCAGTGGTGCCC,0,568685
araCp,0.25,3,3,GCTTTGAATGGCTAGTGACC,0,574746
araCp,0.25,3,3,GCTTTATAAACCAGAATACC,0,593588
araCp,0.25,3,3,GCTTGAAGTCAGCTGTTTGG,0,549400
araCp,0.25,3,3,GCTTCTAACTCTTGTGCACA,0,595419
araCp,0.25,3,3,GCTTAGTGATTGTTAATGCG,0,539903
araCp,0.25,3,3,GCTTACTTTTGTGAATTGCT,0,580053
araCp,0.25,3,3,GCTTACTGAGTCGTTTCGAT,0,566786
araCp,0.25,3,3,GCTGCTCTCTCGTCGGCGTA,0,544126
araCp,0.25,3,3,GCTGACCGCCTTGACTCATT,0,565841
araCp,0.25,3,3,GCTCTCGTGGTATACTGTAA,0,547807
araCp,0.25,3,3,GCTCTACGCTTAACTGGTAA,0,592737
araCp,0.25,3,3,GCTCGTGAGAATAGCTTCGT,0,548256
araCp,0.25,3,3,GCTCGGCCAGACTCATCACA,0,591119
araCp,0.25,3,3,GCTCCGCTTTATAATAGGTT,0,602336
araCp,0.25,3,3,GCTCAGAAACGGACGAGTGA,0,536340
araCp,0.25,3,3,GCTATGTACGGGTCGAACAT,0,582775
araCp,0.25,3,3,GCTATAGAACCCAGGGGGTA,0,576175
araCp,0.25,3,3,GCTAGCGCCCACAATGCCCG,0,587764
araCp,0.25,3,3,GCTAATATGTACGGTGATGA,0,547476
araCp,0.25,3,3,GCTAAGTAGATCCAGTCGGA,0,596425
araCp,0.25,3,3,GCTAACTCCCACTCTGCGCA,0,598210
araCp,0.25,3,3,GCGTTGCAGGACGTTTGTGA,0,558938
araCp,0.25,3,3,GCGTTGATTCAGCTCTCTGT,0,585462
araCp,0.25,3,3,GCGTGTATGATCCCGCTCTG,0,574362
araCp,0.25,3,3,GCGTGGCCTAAAATCGATAG,0,587647
araCp,0.25,3,3,GCGTGCGCAAACAAAGGATC,0,585028
araCp,0.25,3,3,GCGTGCGAGAGACAAACGCG,0,581795
araCp,0.25,3,3,GCGTCTACGCATGGGGGATG,0,558248
araCp,0.25,3,3,GCGTCAGGCGCATTTGTTGA,0,587722
araCp,0.25,3,3,GCGTACAGGGGCAATAAAAA,0,564538
araCp,0.25,3,3,GCGTAATTTCCGATCCGCAG,0,571578
araCp,0.25,3,3,GCGTAAACGTGTGCTCATTT,0,548081
araCp,0.25,3,3,GCGGTTTTCGAGCTGCAGCC,0,595052
araCp,0.25,3,3,GCGGTTTAACTTAGTACACG,0,582221
araCp,0.25,3,3,GCGGTTCCTACACGCAAATC,0,556573
araCp,0.25,3,3,GCGGTGGGATGCACCCCTAA,0,555804
araCp,0.25,3,3,GCGGGCTAGCTATGGTGACA,0,576964
araCp,0.25,3,3,GCGGGCGTGGCTTACAACTA,0,585788
araCp,0.25,3,3,GCGGCTAGGGGCAATACTCC,0,557061
araCp,0.25,3,3,GCGGCTAATTTCTAGGAACG,0,543370
araCp,0.25,3,3,GCGGCGACTCGAGCGGAGAT,0,578366
araCp,0.25,3,3,GCGGCAGTTTAGAGTTCACG,0,596130
araCp,0.25,3,3,GCGGCAGGTCTATAGTAGCT,0,533219
araCp,0.25,3,3,GCGGAGAACGATGAACTTCC,0,540302
araCp,0.25,3,3,GCGCTTGTGGCAAGCTAAAC,0,560062
araCp,0.25,3,3,GCGCTGCCGGTTCGCTCGCC,0,585986
araCp,0.25,3,3,GCGCGGTCTCCTTGTTGAAA,0,532297
araCp,0.25,3,3,GCGCGCTTAGCTGAACTACA,0,584620
araCp,0.25,3,3,GCGCCTCGGAAAAGGGTTTA,0,533760
araCp,0.25,3,3,GCGCATGATATCGTTTAGGC,0,584448
araCp,0.25,3,3,GCGCATCACGGTTTTTTACC,0,594380
araCp,0.25,3,3,GCGCAGGAAGGAGTCATATG,0,559087
araCp,0.25,3,3,GCGCACATACTATTGTGCGA,0,583728
araCp,0.25,3,3,GCGCAAATCACCGCCTCGGT,0,596139
araCp,0.25,3,3,GCGATGTGTTATCCGCTTAG,0,563131
araCp,0.25,3,3,GCGATCTGCCCGCACGCGAT,0,540700
araCp,0.25,3,3,GCGATATCATTACGCATCCC,0,541275
araCp,0.25,3,3,GCGAGTCTATGGTGCCGGGC,0,593915
araCp,0.25,3,3,GCGAGGCATCGCGGAATCAC,0,551595
araCp,0.25,3,3,GCGAGCAAGCACTCAGTGCA,0,543257
araCp,0.25,3,3,GCGAGATAGGTCCAAGAGCG,0,594229
araCp,0.25,3,3,GCGAGACACGGAGTTACCCC,0,600235
araCp,0.25,3,3,GCGACTTGCTGCAGCCGACA,0,594292
araCp,0.25,3,3,GCGACTATAGTACGGATGAC,0,554977
araCp,0.25,3,3,GCGAATATCGGACGGGTTGG,0,574242
araCp,0.25,3,3,GCGAACCACGCGCCCTTAAT,0,598500
araCp,0.25,3,3,GCCTTCGGACAGAGGGTACC,0,549561
araCp,0.25,3,3,GCCTTATTCAGAGGTAGCCA,0,536422
araCp,0.25,3,3,GCCTGCAGACGCTCCGAGTC,0,556142
araCp,0.25,3,3,GCCTGACTATCGCTCTGCGA,0,569616
araCp,0.25,3,3,GCCTCTCCGGGCAAATGCTC,0,561754
araCp,0.25,3,3,GCCTCTATGGAAGAGCATAC,0,549572
araCp,0.25,3,3,GCCTCAAGCTTGTACGCGAA,0,549311
araCp,0.25,3,3,GCCTAATTTCGGGCAAGAGA,0,577266
araCp,0.25,3,3,GCCGTTGCCTATGTCATAAA,0,565299
araCp,0.25,3,3,GCCGTTCTCGGAGACACCGT,0,601286
araCp,0.25,3,3,GCCGTCAACCATACAAGCAT,0,564111
araCp,0.25,3,3,GCCGGTAGACCGTGGGCGGA,0,593941
araCp,0.25,3,3,GCCGGGTAACCTTGGGGCTT,0,553360
araCp,0.25,3,3,GCCGCGGCCCGGCCTATTCC,0,552577
araCp,0.25,3,3,GCCGAACGAGCATGAACTTT,0,595308
araCp,0.25,3,3,GCCCTTATGGCGGGGACGGT,0,597103
araCp,0.25,3,3,GCCCTGTATTGGATGTACAA,0,533870
araCp,0.25,3,3,GCCCTCTAGTTGCCCGGCCT,0,535462
araCp,0.25,3,3,GCCCGTCGTCAGAGCCGACG,0,560362
araCp,0.25,3,3,GCCCGGTCGATTTCGTTTAC,0,572457
araCp,0.25,3,3,GCCCGGCTGATCGCCCTGGG,0,568084
araCp,0.25,3,3,GCCCGGAGGAAACCTGTTTC,0,574288
araCp,0.25,3,3,GCCCGAGGTCGCATACTGGG,0,588285
araCp,0.25,3,3,GCCCCTTTCCGGCAGCGTGC,0,530473
araCp,0.25,3,3,GCCCCCGCAAAAGCAGCGGC,0,558496
araCp,0.25,3,3,GCCCCATCTATCGTGCACTC,0,571259
araCp,0.25,3,3,GCCCCACAAGTTGCCGTCGG,0,526815
araCp,0.25,3,3,GCCATCCTCTTCCCTGAGAT,0,582625
araCp,0.25,3,3,GCCAGTCTGCAGCGTTCCAT,0,548538
araCp,0.25,3,3,GCCAGCATGCAGGATGCGAG,0,549852
araCp,0.25,3,3,GCCAGACCAGGAATCCTTAA,0,585933
araCp,0.25,3,3,GCCACACTGCGTCTAGATAC,0,565080
araCp,0.25,3,3,GCCAATAGCCAATATATAGC,0,581458
araCp,0.25,3,3,GCATTTCTTACAACTGTCGG,0,547288
araCp,0.25,3,3,GCATTGTACGGGTTGAGGTT,0,586806
araCp,0.25,3,3,GCATGCGTAGTGGCATTGCC,0,548076
araCp,0.25,3,3,GCATCTGCCGTTCTTATGTT,0,543824
araCp,0.25,3,3,GCATCCTGAGCATGGTACTA,0,549301
araCp,0.25,3,3,GCATCACTCTCATGACTCGA,0,581690
araCp,0.25,3,3,GCATACGTCCGGGCACTCCT,0,529185
araCp,0.25,3,3,GCAGTACCAGAGGTTCCGCC,0,548705
araCp,0.25,3,3,GCAGCATGGGGACCCTCGGG,0,547551
araCp,0.25,3,3,GCAGATGTATATTTCAGTTA,0,558985
araCp,0.25,3,3,GCAGATGACTCACAAAATGT,0,578795
araCp,0.25,3,3,GCAGATCCGGGCCCATGGGT,0,568072
araCp,0.25,3,3,GCAGATAGTTCGGGACCGGT,0,551413
araCp,0.25,3,3,GCAGATACTTGTACCCCCCT,0,543266
araCp,0.25,3,3,GCAGAGGATTTGTGCCCGTA,0,545161
araCp,0.25,3,3,GCAGACCCGGGGCACTTCGT,0,538916
araCp,0.25,3,3,GCAGAACCGCGGCCCAGGGT,0,593787
araCp,0.25,3,3,GCACGTGCCTGCAACGATCT,0,547252
araCp,0.25,3,3,GCACGCCAAGATGACGCATT,0,556594
araCp,0.25,3,3,GCACGACACCATTGTGATCG,0,600017
araCp,0.25,3,3,GCACCGTTAGTCATATAAGA,0,528669
araCp,0.25,3,3,GCACCCAATCTGCTCGGTAG,0,584046
araCp,0.25,3,3,GCACACACCCTTCGCAACGA,0,573885
araCp,0.25,3,3,GCACAATAGATCAAGGGCAA,0,550823
araCp,0.25,3,3,GCAAGTGGGGCGTTTAGCAT,0,553025
araCp,0.25,3,3,GCAAGGGTTAAGTTTTGCGA,0,536104
araCp,0.25,3,3,GCAAACCCCCGATCGCCCGA,0,573038
araCp,0.25,3,3,GCAAACCACTTTATGCCCTC,0,528153
araCp,0.25,3,3,GATTTTGCCCTGCTGGGAAT,0,564347
araCp,0.25,3,3,GATTTTCGGGGGCTGTATTC,0,573423
araCp,0.25,3,3,GATTGGTTCACACTTTACCC,0,559757
araCp,0.25,3,3,GATTCGTAATCTAGAGGATT,0,558525
araCp,0.25,3,3,GATTCAGAGAATTTACAGTT,0,556515
araCp,0.25,3,3,GATTAGTCTCTCGGTCGCGG,0,603359
araCp,0.25,3,3,GATTACCAAGATCGCGCTAC,0,532837
araCp,0.25,3,3,GATTAAAACACCACCGCACC,0,544154
araCp,0.25,3,3,GATGGTAATCACGGGGACCC,0,526222
araCp,0.25,3,3,GATGGGCTAGGAGCCTACGG,0,569059
araCp,0.25,3,3,GATGGGAGGAAAGCCGATGG,0,547780
araCp,0.25,3,3,GATGAGACTATTTACAGGTT,0,585285
araCp,0.25,3,3,GATGAACTGGTGCCAAAGAT,0,589561
araCp,0.25,3,3,GATCGGGTAGTAAAGCGACA,0,532173
araCp,0.25,3,3,GATCCGCCAACACTTAGCGT,0,589525
araCp,0.25,3,3,GATCCCTCACCTGCACGTAA,0,571719
araCp,0.25,3,3,GATCATGACGTCGCTTGAAT,0,526675
araCp,0.25,3,3,GATCAACCTACAGTCCCTCT,0,557774
araCp,0.25,3,3,GATAGTCCTTCCAGCATTGG,0,544799
araCp,0.25,3,3,GATAGTATCGTTGTTGCAGG,0,566946
araCp,0.25,3,3,GATAGGAGACGACAACGGCC,0,539295
araCp,0.25,3,3,GATACGATTCTCTCGCTGAA,0,572729
araCp,0.25,3,3,GATAAGCCGCGGCAAGTCCA,0,580962
araCp,0.25,3,3,GATAAGATTGTTATCACGGT,0,561221
araCp,0.25,3,3,GATAAAAGGGACACTGGACA,0,593038
araCp,0.25,3,3,GAGTTTGGACCAAGGCGCTT,0,535995
araCp,0.25,3,3,GAGTTCATTGGACGCCGCAA,0,544833
araCp,0.25,3,3,GAGTGGGTTCTTATGAACCC,0,581915
araCp,0.25,3,3,GAGTGGCATCTTCGTTCAAA,0,577265
araCp,0.25,3,3,GAGTGATGACGCGCGGCCCA,0,555500
araCp,0.25,3,3,GAGTCGGGCTCGGACACGTT,0,578215
araCp,0.25,3,3,GAGTCACAGGGTGCCGCCCA,0,568631
araCp,0.25,3,3,GAGTATGAAGGGCACGTCCT,0,529298
araCp,0.25,3,3,GAGTATCGTGAAGATGTCCG,0,540183
araCp,0.25,3,3,GAGTACTTAAAAGTTGAGCC,0,559027
araCp,0.25,3,3,GAGGTGCCGTGTTCATCCCT,0,595135
araCp,0.25,3,3,GAGGTGCAATAATCGTTCCG,0,547743
araCp,0.25,3,3,GAGGTCAACGGGATTATTGT,0,526297
araCp,0.25,3,3,GAGGTAGTGGAGTGCCAGGA,0,530522
araCp,0.25,3,3,GAGGTAACTGAACCATCCAA,0,577841
araCp,0.25,3,3,GAGGGAGCGGACGTCGATGC,0,564264
araCp,0.25,3,3,GAGGGAAGTAACCGCTGGAA,0,531966
araCp,0.25,3,3,GAGGCGCGGCAACCTAGCGC,0,533347
araCp,0.25,3,3,GAGGAGATCTAAGCGCTGTG,0,572828
araCp,0.25,3,3,GAGGACCTTGCTCGGGACTT,0,576949
araCp,0.25,3,3,GAGCTCGACTTGGTGTTTCC,0,583680
araCp,0.25,3,3,GAGCGCTGATAACACTGGGC,0,533032
araCp,0.25,3,3,GAGCCTGCTACTTCTACCAC,0,562857
araCp,0.25,3,3,GAGCCCCTTCACAGGTCGGA,0,600734
araCp,0.25,3,3,GAGAGGCTGGCACGCGAACG,0,546029
araCp,0.25,3,3,GAGAGCCTCTGTAAGTCCCC,0,545384
araCp,0.25,3,3,GAGACCATCCTAACGACTGG,0,526654
araCp,0.25,3,3,GAGACATACCGCGCATGGCA,0,544387
araCp,0.25,3,3,GAGAATAGGCAGTACGGAAC,0,590349
araCp,0.25,3,3,GAGAACCGGGATCGAAAGAT,0,570290
araCp,0.25,3,3,GAGAAAAGTCGTCCCGAGTC,0,574326
araCp,0.25,3,3,GACTTTTCAGGCGGGGAAAA,0,551925
araCp,0.25,3,3,GACTTGACAGCCGTCTACGC,0,562766
araCp,0.25,3,3,GACTGTATGACGACGGCGGT,0,551006
araCp,0.25,3,3,GACTGGGCCGGCCTGACGAA,0,537586
araCp,0.25,3,3,GACTGCTTTTCGATCGGTAA,0,596379
araCp,0.25,3,3,GACTGCTAGTAATTGGGTAC,0,578987
araCp,0.25,3,3,GACTCGTTCGGATTAAGTGC,0,594428
araCp,0.25,3,3,GACTCAGGGTATTCGGGGTT,0,556523
araCp,0.25,3,3,GACTCAACTTTCACTTGTGG,0,593922
araCp,0.25,3,3,GACTAAGGGGCTCCAATCGG,0,528361
araCp,0.25,3,3,GACTAAAAAGGTACAGCACG,0,553440
araCp,0.25,3,3,GACGTCTAAGAAGGTTGTTG,0,568212
araCp,0.25,3,3,GACGTCCTGCAGCTACGATG,0,581902
araCp,0.25,3,3,GACGTAGGCTGCCTCGTCGG,0,598425
araCp,0.25,3,3,GACGTAGCTTTGTTTTCGGA,0,526527
araCp,0.25,3,3,GACGGTTTGAACGGGACCAT,0,549492
araCp,0.25,3,3,GACGGGCGCTTCCCTTATCA,0,542257
araCp,0.25,3,3,GACGGCCAGTGTCTAAGGGT,0,539605
araCp,0.25,3,3,GACGGCCAAATAAAATACTA,0,545878
araCp,0.25,3,3,GACGCCTTCGCGTGACGCCT,0,566227
araCp,0.25,3,3,GACGCAGGAGTTTCGTGGTC,0,578447
araCp,0.25,3,3,GACCTGGGGTCGAAATGTGA,0,555165
araCp,0.25,3,3,GACCTACTATCCAATGAAGT,0,535857
araCp,0.25,3,3,GACCGATCTTCAGTGGTTCA,0,531967
araCp,0.25,3,3,GACCCTATAGAGACGCAATA,0,574755
araCp,0.25,3,3,GACCATTCCTCGTGGCAGGA,0,553511
araCp,0.25,3,3,GACCACAGAGCACTTAAATT,0,542334
araCp,0.25,3,3,GACATCCGGCACACGCTCGC,0,557992
araCp,0.25,3,3,GACATATATTCAAGCTCGCT,0,547443
araCp,0.25,3,3,GACAGTCGTGGTTTCCGAGG,0,543242
araCp,0.25,3,3,GACACTAGACGAACGCTGAG,0,540490
araCp,0.25,3,3,GACACGGCATATCGCACAGA,0,584920
araCp,0.25,3,3,GACACGCGTAAAACGATTGA,0,598130
araCp,0.25,3,3,GACACGCAACAGCGGTCATA,0,561341
araCp,0.25,3,3,GACACGACGAAGCGCCCTAG,0,562187
araCp,0.25,3,3,GACACCTTATGCTCTACTCG,0,563939
araCp,0.25,3,3,GACACATCGTAGGTTGGTAT,0,579764
araCp,0.25,3,3,GACAATAGAATTCAGAGCTG,0,578095
araCp,0.25,3,3,GACAACGGGCGCACGTACTG,0,593685
araCp,0.25,3,3,GAATGCGGATCCGCCAAGAG,0,587786
araCp,0.25,3,3,GAATGCGCTGAAAACCATTC,0,527803
araCp,0.25,3,3,GAATATGTTGTAGAGTACTT,0,557715
araCp,0.25,3,3,GAATACGTTCTGGTATCATC,0,551993
araCp,0.25,3,3,GAAGTGTGTGTTGAAAAATG,0,579935
araCp,0.25,3,3,GAAGTGGCATAGTCCGGCCT,0,588703
araCp,0.25,3,3,GAAGTGAATGTTCTAAGCGG,0,578776
araCp,0.25,3,3,GAAGTATTACCTCACGTGGA,0,549689
araCp,0.25,3,3,GAAGGCCTCGGCATCGGACC,0,557335
araCp,0.25,3,3,GAAGGACCATGCCCACTCCA,0,543513
araCp,0.25,3,3,GAAGGAATCTCTCGTAGAAT,0,556077
araCp,0.25,3,3,GAAGCGTGCAGTAGATTGGA,0,585168
araCp,0.25,3,3,GAACTGTTGCTTCATATAAG,0,583537
araCp,0.25,3,3,GAACATTTTCATCTTTAGGA,0,589273
araCp,0.25,3,3,GAACATCGTCGCACAAGAAG,0,591147
araCp,0.25,3,3,GAAATGACAAATGAATCACC,0,558494
araCp,0.25,3,3,GAAATCCGGTACGACGCCGA,0,580276
araCp,0.25,3,3,GAAAGCTCGGATGGGAGCGT,0,578961
araCp,0.25,3,3,CTTTTTAGGGGGGTGGTGAT,0,552434
araCp,0.25,3,3,CTTTTGGTCTGCCCTTTCGG,0,545035
araCp,0.25,3,3,CTTTTCTATTGTAGCTGTCT,0,566701
araCp,0.25,3,3,CTTTGGGTGTGTCGGCTATC,0,537047
araCp,0.25,3,3,CTTTCACGATGTCATGTGGC,0,575841
araCp,0.25,3,3,CTTTATTCGAGGCGTCACTT,0,543690
araCp,0.25,3,3,CTTTATGAGCCATAGTGAAG,0,539653
araCp,0.25,3,3,CTTTATACAAAGGCCCAATA,0,535568
araCp,0.25,3,3,CTTTAGTACCCTCAGATCGT,0,587664
araCp,0.25,3,3,CTTTAGAAGGATATTATGTT,0,602295
araCp,0.25,3,3,CTTGTTAAACTGTATGACCA,0,560113
araCp,0.25,3,3,CTTGTGACTGGAAGTAGGGG,0,551514
araCp,0.25,3,3,CTTGGTTCTGTATTAGTAGT,0,571180
araCp,0.25,3,3,CTTGGGCAATACGCCTCCCG,0,530203
araCp,0.25,3,3,CTTGGGATTATTCCAGGGGT,0,558936
araCp,0.25,3,3,CTTGCTGACGTGCAATTGAT,0,592949
araCp,0.25,3,3,CTTGCGGATGGTTCTTGGAT,0,572981
araCp,0.25,3,3,CTTGCGGAATGGTAGTCTAT,0,593455
araCp,0.25,3,3,CTTGAATATTTCAGCATAAG,0,577527
araCp,0.25,3,3,CTTGAACAGATGAAGGGGCA,0,540728
araCp,0.25,3,3,CTTCTGTTGAGGTGTTACAA,0,565445
araCp,0.25,3,3,CTTCTGGTGCATGATAGCCT,0,601253
araCp,0.25,3,3,CTTCTACCAGACGACCGAGG,0,565067
araCp,0.25,3,3,CTTCGTTTCCGATTTGTAGA,0,597476
araCp,0.25,3,3,CTTCGATGTATCATTGATGC,0,592489
araCp,0.25,3,3,CTTCCTCCGCGGATCTTAAA,0,550736
araCp,0.25,3,3,CTTCACGGGATCGGACATCA,0,560090
araCp,0.25,3,3,CTTATTAGCGAGGACGCGTC,0,526310
araCp,0.25,3,3,CTTATGGTCCGGTCAGGGTA,0,554993
araCp,0.25,3,3,CTTATGGGCGTTCTGCTGTA,0,597301
araCp,0.25,3,3,CTTATCGTTCCGTGAGGTAA,0,562865
araCp,0.25,3,3,CTTAGGGCGGGATGCCGGTT,0,554735
araCp,0.25,3,3,CTTACTCTTATCGTTGCTCA,0,583675
araCp,0.25,3,3,CTTAAGGGAATGCTCGAATA,0,578945
araCp,0.25,3,3,CTTAACACTTTGAGGGGATT,0,578089
araCp,0.25,3,3,CTTAAATATCCGGGAGAGTT,0,597974
araCp,0.25,3,3,CTGTCGAAGCCATCGTGCCA,0,593939
araCp,0.25,3,3,CTGTCCCCGCTGGCTGTCAG,0,549027
araCp,0.25,3,3,CTGTCATCTTGAGCAGTGAT,0,566534
araCp,0.25,3,3,CTGTCATATCCTTGAGTCAA,0,564261
araCp,0.25,3,3,CTGTAGACAGTACACAGAAA,0,561880
araCp,0.25,3,3,CTGTAGAAGTGGCGAGCGGT,0,576504
araCp,0.25,3,3,CTGTACTCATCTACTGACTA,0,600374
araCp,0.25,3,3,CTGGTTAGACGACTGCTTAC,0,595678
araCp,0.25,3,3,CTGGTATAGCTCCGGACAAA,0,543097
araCp,0.25,3,3,CTGGAGCCCGTTTCCTAAGG,0,558572
araCp,0.25,3,3,CTGGAGATGTACTTTATGGT,0,540142
araCp,0.25,3,3,CTGGACCGATTGGGCTTCGT,0,544275
araCp,0.25,3,3,CTGGAATTCGCTTAATGGGT,0,548244
araCp,0.25,3,3,CTGCGCCTCCCTGCGTACTG,0,528248
araCp,0.25,3,3,CTGCGAGTAGGTATCTAGTG,0,533018
araCp,0.25,3,3,CTGCCTGGTTTGGGTGGTTT,0,582949
araCp,0.25,3,3,CTGCATAAACATAATTAGGC,0,581475
araCp,0.25,3,3,CTGCAAAAGCTCTGAGCCTC,0,530562
araCp,0.25,3,3,CTGAGTCGTTGTAGAGAAAA,0,561619
araCp,0.25,3,3,CTGAGGGTCCGGAACGCCAT,0,558431
araCp,0.25,3,3,CTGAGCCTATTGGTTCCTCG,0,554748
araCp,0.25,3,3,CTGAGCCCTAAGTCGCGGAT,0,556389
araCp,0.25,3,3,CTGAGATCATCCGGGTATTT,0,595751
araCp,0.25,3,3,CTGAACCCAGTAGACACAAT,0,583253
araCp,0.25,3,3,CTCTTTCTAGAATGGTCCGT,0,554353
araCp,0.25,3,3,CTCTGAAATTTCTGCGATGA,0,531429
araCp,0.25,3,3,CTCTCAGTTTCTATTTGTTC,0,525840
araCp,0.25,3,3,CTCTCAGCAGTTAGGGCAAT,0,548301
araCp,0.25,3,3,CTCTATTCGGTTGAGTTGCT,0,563930
araCp,0.25,3,3,CTCTAGGTCTGGCTGCAGAA,0,543561
araCp,0.25,3,3,CTCTAATTAAGTCGGCTGTT,0,593561
araCp,0.25,3,3,CTCTAACCAGTACGCGCTCT,0,593005
araCp,0.25,3,3,CTCGTTTTGGATATTCTTAA,0,574638
araCp,0.25,3,3,CTCGTGTCTCCGCCTAATGT,0,528594
araCp,0.25,3,3,CTCGGCAATGCTCCTTTAGC,0,576704
araCp,0.25,3,3,CTCGCTGAGGTCGATACGCC,0,527471
araCp,0.25,3,3,CTCGAAGTGATAGCGTTGGT,0,596746
araCp,0.25,3,3,CTCGAAATCTCAAATACAAA,0,547100
araCp,0.25,3,3,CTCGAAAGTTTACTGGCGAT,0,548086
araCp,0.25,3,3,CTCCGGGGCCGTAGCGGGGG,0,538733
araCp,0.25,3,3,CTCCCTAGAGTTGTGGGTTT,0,598634
araCp,0.25,3,3,CTCCCGGGCCGAGTGATGTA,0,536700
araCp,0.25,3,3,CTCCCGCGAAGGCCGGGGAA,0,548958
araCp,0.25,3,3,CTCCCAGTGATTTGGGGGCT,0,578950
araCp,0.25,3,3,CTCCAGGTAGGTCCTGTAAT,0,566730
araCp,0.25,3,3,CTCCACGCACCCCGGAAGTC,0,572852
araCp,0.25,3,3,CTCATTACCCACGGAAAACA,0,568147
araCp,0.25,3,3,CTCATGTTGTCTTTTCGGAC,0,575140
araCp,0.25,3,3,CTCATCGCCGTACGGCCAGC,0,533505
araCp,0.25,3,3,CTCATCAGCCGAAATTTCAG,0,556001
araCp,0.25,3,3,CTCAGGCGAACATATAACAT,0,545955
araCp,0.25,3,3,CTCACGGGATATTGTGTGAC,0,556084
araCp,0.25,3,3,CTCACATGCTGATACTGGTA,0,528981
araCp,0.25,3,3,CTCAATAGGCACCGTCGGAT,0,539334
araCp,0.25,3,3,CTCAACGGGCTTCACCAGGA,0,544630
araCp,0.25,3,3,CTCAAAGCCGGCCGCACGGG,0,565966
araCp,0.25,3,3,CTATGTGCCTCACGAGTAGG,0,526105
araCp,0.25,3,3,CTATCGTGCGTTCGCGAGTA,0,536509
araCp,0.25,3,3,CTATCCGTGCTGATCGTCAC,0,553763
araCp,0.25,3,3,CTATATGGAAGTTTCCGGCA,0,596540
araCp,0.25,3,3,CTATAGCCGGAGTAGTCCTT,0,565021
araCp,0.25,3,3,CTATAATCATGGCCTTGATT,0,599889
araCp,0.25,3,3,CTAGTCCAGACAATGATATG,0,528864
araCp,0.25,3,3,CTAGTAGGACTTAACAGAAC,0,529718
araCp,0.25,3,3,CTAGCGCGTTCGCTAGGCGA,0,546583
araCp,0.25,3,3,CTAGCGCACGACTTCGAGAA,0,530896
araCp,0.25,3,3,CTAGCCAACGGCTATGGACA,0,572311
araCp,0.25,3,3,CTAGAAGCAGGGAAACAAAG,0,593320
araCp,0.25,3,3,CTAGAAATAATCAAGAACTA,0,547273
araCp,0.25,3,3,CTACTAGCTTCAGGGATTGC,0,548091
araCp,0.25,3,3,CTACGTCAGGCTAAGGAAGA,0,555888
araCp,0.25,3,3,CTACGGACGACCACCCTCAC,0,594089
araCp,0.25,3,3,CTACGATCTCGATGGTATCG,0,590291
araCp,0.25,3,3,CTACCTGTCTTAATGCAGTC,0,578699
araCp,0.25,3,3,CTACCCTCGTCCCCCCAGGA,0,593863
araCp,0.25,3,3,CTACCCCCAAAGACGATCTG,0,590709
araCp,0.25,3,3,CTACCAGTGGAGTACTCGGA,0,540417
araCp,0.25,3,3,CTACCAGCACTTGGTTCACA,0,563356
araCp,0.25,3,3,CTACAGAGTGTGCGGAATAT,0,588701
araCp,0.25,3,3,CTACAAGCACTCGTGATATG,0,577202
araCp,0.25,3,3,CTAATCACTGGGACCCGCAA,0,569550
araCp,0.25,3,3,CTAAGTGGTGCAAGCGGAGT,0,587907
araCp,0.25,3,3,CTAACCCACTACTCACTCTT,0,580065
araCp,0.25,3,3,CTAAAGGGCCACGGCACCTC,0,526611
araCp,0.25,3,3,CTAAAACGGTCTGACTCGCA,0,593999
araCp,0.25,3,3,CGTTTGGGACGAATTTGGGG,0,560442
araCp,0.25,3,3,CGTTCTGGTGGGTAAAAACC,0,569057
araCp,0.25,3,3,CGTTCTCTTGGTCTCGACAT,0,565885
araCp,0.25,3,3,CGTTCGAAAAGACTCTGTCC,0,543685
araCp,0.25,3,3,CGTTCAGGCTCGTTCAACGT,0,545646
araCp,0.25,3,3,CGTGTTTTCGTTATCTAACG,0,579377
araCp,0.25,3,3,CGTGTCGGGATCCGAGGGAT,0,593717
araCp,0.25,3,3,CGTGTCCGCCTGAGTATAGA,0,535169
araCp,0.25,3,3,CGTGTAACCATCAATAATAA,0,557773
araCp,0.25,3,3,CGTGGAGATCGCCTTAGCGC,0,543147
araCp,0.25,3,3,CGTGCTGTTTCGCCTAGCTG,0,571444
araCp,0.25,3,3,CGTGCTACAACCGTTGCGGT,0,587288
araCp,0.25,3,3,CGTGCGGGCTGACTTATTGA,0,542707
araCp,0.25,3,3,CGTGCCGCATAGATTGTAGT,0,547816
araCp,0.25,3,3,CGTGATAACAACGTCATTTG,0,570473
araCp,0.25,3,3,CGTGACTAGGTAGGAAAAGG,0,541147
araCp,0.25,3,3,CGTCTTAGCGATCACTGCAT,0,602036
araCp,0.25,3,3,CGTCTGTGCCGTATGCCAAA,0,558563
araCp,0.25,3,3,CGTCGTGAAATATGCGAACG,0,554062
araCp,0.25,3,3,CGTCCGCATACACGTGGACG,0,603527
araCp,0.25,3,3,CGTCCCCAGTAATGAGCACA,0,537145
araCp,0.25,3,3,CGTCCCATTCTCTGACTCAC,0,527857
araCp,0.25,3,3,CGTCCATTCTAGCGCACCCC,0,585647
araCp,0.25,3,3,CGTCCATCCGGGCGAGTGAT,0,525756
araCp,0.25,3,3,CGTCACTGCTGGGTTCCTGA,0,574209
araCp,0.25,3,3,CGTATAGGTGTTATCAGGAT,0,572646
araCp,0.25,3,3,CGTAGTCTTTATAGAATGGC,0,550693
araCp,0.25,3,3,CGTAGTCAAGTCTTTCGAGG,0,565234
araCp,0.25,3,3,CGTAGTACATAACTCTCGCC,0,591251
araCp,0.25,3,3,CGTAGGCTGGCCTCCCTAGC,0,596265
araCp,0.25,3,3,CGTAGCCGGAAGGGGAATTA,0,533609
araCp,0.25,3,3,CGTACGCTCGGTGTAGTAGT,0,571254
araCp,0.25,3,3,CGTACGAGAGCGGTAACCCT,0,598893
araCp,0.25,3,3,CGTACCGCTTCGGCCCCAGT,0,555435
araCp,0.25,3,3,CGTACCCAGTGTTGCTACGA,0,570330
araCp,0.25,3,3,CGTAATGAAGTTGTTCTCCT,0,597628
araCp,0.25,3,3,CGGTTCCGGCACCAGGAACA,0,565612
araCp,0.25,3,3,CGGTTATATAACCCAGCGAT,0,574335
araCp,0.25,3,3,CGGTCTTTAACCCCATCGGT,0,539897
araCp,0.25,3,3,CGGTCTCACCGAGCAGGGAA,0,589526
araCp,0.25,3,3,CGGTCGTCAGATAATTATTG,0,581697
araCp,0.25,3,3,CGGTAGTTCCAGAGGGTTGA,0,543978
araCp,0.25,3,3,CGGTAGAGATGTCCGTAGCA,0,545469
araCp,0.25,3,3,CGGGTGCTCTTACCTCTGAC,0,567317
araCp,0.25,3,3,CGGGTCCAAGGGATCCTACG,0,534401
araCp,0.25,3,3,CGGGGTGCGGAATGAGGTTT,0,592655
araCp,0.25,3,3,CGGGGAGGTGGGCACCCTAG,0,549632
araCp,0.25,3,3,CGGGGACGATAATTGAATTA,0,596327
araCp,0.25,3,3,CGGGCGAGGTGTTCAGGAGA,0,571644
araCp,0.25,3,3,CGGGAGGGATCCCGCAGGTA,0,587144
araCp,0.25,3,3,CGGGAACTAGCATTGGGGGT,0,601630
araCp,0.25,3,3,CGGCTTTGATGCATTACCAG,0,576903
araCp,0.25,3,3,CGGCTGACCCGCGGGCTCTT,0,592555
araCp,0.25,3,3,CGGCGTTCTTCAGTACCGAT,0,529146
araCp,0.25,3,3,CGGCGGTACGTGACATCTGC,0,574796
araCp,0.25,3,3,CGGCCGTCTCGACGCGATGT,0,578760
araCp,0.25,3,3,CGGCCAGTCTGGCGCGACGT,0,591971
araCp,0.25,3,3,CGGCCAGAGATTTTTACTTA,0,593186
araCp,0.25,3,3,CGGATCGGCGTGAGACGAAC,0,538251
araCp,0.25,3,3,CGGATACTCTGAAGCGCTGA,0,532103
araCp,0.25,3,3,CGGAGGCCGCATAGCGCGAT,0,599212
araCp,0.25,3,3,CGGACACAATTTGCGAATGA,0,532159
araCp,0.25,3,3,CGGAATAGCGACTCGCGACA,0,576273
araCp,0.25,3,3,CGGAAGTTAATCTGGGAACT,0,600278
araCp,0.25,3,3,CGGAACTTCGACTTGTGATC,0,551730
araCp,0.25,3,3,CGCTTTTCAGCGTGCCCGTC,0,562554
araCp,0.25,3,3,CGCTTGGGTGTTATGGATCT,0,590803
araCp,0.25,3,3,CGCTTCCATATAGACATATA,0,599647
araCp,0.25,3,3,CGCTTCACTAAGGTTTCTAG,0,595421
araCp,0.25,3,3,CGCTGGGCCCCTGCCCCGAT,0,563362
araCp,0.25,3,3,CGCTGCGGTTGTTCATGAGT,0,592592
araCp,0.25,3,3,CGCTGACTCGGAATCAGCCT,0,554673
araCp,0.25,3,3,CGCTCTCCTTATCGAAGGGA,0,528334
araCp,0.25,3,3,CGCTCCTAATGTCAACACCT,0,570706
araCp,0.25,3,3,CGCTCCACCGATACGTACCC,0,538430
araCp,0.25,3,3,CGCTCAATCCGATCAGGATG,0,564828
araCp,0.25,3,3,CGCTATCCGCATAGGGATTA,0,583588
araCp,0.25,3,3,CGCTAGCAGCTGGCCGGATG,0,547474
araCp,0.25,3,3,CGCTACTTCGACTGGCATAT,0,591502
araCp,0.25,3,3,CGCTACTGTGGTATGACGGC,0,562773
araCp,0.25,3,3,CGCGTAGTTAAAAGCAGGAT,0,592520
araCp,0.25,3,3,CGCGGGTCTGCCGCCCGGAT,0,570107
araCp,0.25,3,3,CGCGGGGTTACGCCCCGAAC,0,575314
araCp,0.25,3,3,CGCGGGATCCTGTAGAACTA,0,531114
araCp,0.25,3,3,CGCGGGACGAAGATTCGTTC,0,601155
araCp,0.25,3,3,CGCGGATTTATACGATCGGC,0,603322
araCp,0.25,3,3,CGCGGATGTTTGATATGGGA,0,571989
araCp,0.25,3,3,CGCGCTTTTGCCTCCCACAA,0,589637
araCp,0.25,3,3,CGCGCTAGTTAGACGATCCA,0,560860
araCp,0.25,3,3,CGCGCGTTGAACCCTTCTGC,0,549128
araCp,0.25,3,3,CGCGCATTCACCGGTTGTCA,0,564725
araCp,0.25,3,3,CGCGCATCATGGTTAGTGCG,0,529326
araCp,0.25,3,3,CGCGCAGATAAAAGAGCGTC,0,581003
araCp,0.25,3,3,CGCGATTCCGGTACTACTGG,0,575746
araCp,0.25,3,3,CGCGATAGGGCCATGTGGAA,0,591873
araCp,0.25,3,3,CGCGAGTTAAGATCCGTTCG,0,536435
araCp,0.25,3,3,CGCCTTGCGCATGAGGGTGC,0,588810
araCp,0.25,3,3,CGCCTGTTCCGTCCTAAGAG,0,595441
araCp,0.25,3,3,CGCCGTAGATCTATCTGGAT,0,561500
araCp,0.25,3,3,CGCCGGGAAACTTCACAAAG,0,549458
araCp,0.25,3,3,CGCCGGAGATTGTCGTGCGG,0,566168
araCp,0.25,3,3,CGCCGACTTGGCGGTCTGTC,0,584157
araCp,0.25,3,3,CGCCACCCAAAGGGTCAGAG,0,591360
araCp,0.25,3,3,CGCCACAAATGATTCATGAC,0,555606
araCp,0.25,3,3,CGCCAAGCCACCATAGGCAT,0,570405
araCp,0.25,3,3,CGCATTAGTCATAGATTGGA,0,599220
araCp,0.25,3,3,CGCAGTCGAATAAGGGCCGC,0,600490
araCp,0.25,3,3,CGCAGAGAAGCTTCAAGCGT,0,586206
araCp,0.25,3,3,CGCACTCATATGGTAAACCG,0,589962
araCp,0.25,3,3,CGCAATCCATCGTTAGAGAC,0,586552
araCp,0.25,3,3,CGCAACGATTATACATGATT,0,544076
araCp,0.25,3,3,CGATTTCCGGTCGTTACCTC,0,545960
araCp,0.25,3,3,CGATTGTTTTGGTCGGCAGG,0,526502
araCp,0.25,3,3,CGATTATGGTCAAGTACCTA,0,565482
araCp,0.25,3,3,CGATTAGGACGCGGTGCATT,0,532131
araCp,0.25,3,3,CGATCTGTTGCTTTTGAATG,0,550394
araCp,0.25,3,3,CGATAGGTGTTCATTCAAAG,0,568961
araCp,0.25,3,3,CGATAGACAAATAGTCAGTG,0,533616
araCp,0.25,3,3,CGATAGAAAACCTTGCCGGT,0,585489
araCp,0.25,3,3,CGATAATTGCAATAGTAAGA,0,533047
araCp,0.25,3,3,CGAGTTCGACTCAAACGGGT,0,531029
araCp,0.25,3,3,CGAGTTAGTAGGCCAGAATA,0,572468
araCp,0.25,3,3,CGAGTGTCAGTAGTTCATCC,0,592928
araCp,0.25,3,3,CGAGTGTATAACGGGATCCT,0,597418
araCp,0.25,3,3,CGAGTGATAGAGTGGTAAAC,0,562887
araCp,0.25,3,3,CGAGTGAACCGGCTCTAGCA,0,576734
araCp,0.25,3,3,CGAGTCCAGGGCTACCCCAA,0,571601
araCp,0.25,3,3,CGAGGAGATGCACACACCTG,0,587866
araCp,0.25,3,3,CGAGCGGTCTCCTCTGTATA,0,532400
araCp,0.25,3,3,CGAGCATCACCGCAGTGCGT,0,540055
araCp,0.25,3,3,CGAGATGATCAATGGCTCCT,0,571227
araCp,0.25,3,3,CGAGATCTCAAACATCTCTC,0,595293
araCp,0.25,3,3,CGACTGTAAGAGAGACCAGG,0,566107
araCp,0.25,3,3,CGACGTACCGTTCTACGGAC,0,596118
araCp,0.25,3,3,CGACGCATATGTGAGTGAGG,0,582766
araCp,0.25,3,3,CGACCGCGATAGCCATGAGT,0,544228
araCp,0.25,3,3,CGACAGGTGGAACCCCTTTT,0,547756
araCp,0.25,3,3,CGAATGGAAGATATTCCACG,0,567844
araCp,0.25,3,3,CGAATATTAATTAGCGCCGT,0,559024
araCp,0.25,3,3,CGAATAGTATTCTGTATACA,0,556959
araCp,0.25,3,3,CGAATAAGCCTTTGAAATGT,0,544650
araCp,0.25,3,3,CGAAGACAGGGTCTGAAAGC,0,580008
araCp,0.25,3,3,CGAACGACTGTACTCTGAGA,0,528100
araCp,0.25,3,3,CGAAATCGCACTGTTAGCTC,0,575878
araCp,0.25,3,3,CGAAAGTACTGAAATTGTCA,0,548029
araCp,0.25,3,3,CGAAAGCTGCGCACAAGGTA,0,586877
araCp,0.25,3,3,CGAAAGCCGGCGCAGGCTTC,0,572982
araCp,0.25,3,3,CGAAACCTGCCCCCGGCTCC,0,595845
araCp,0.25,3,3,CCTTTTTGGGCAATCACTAT,0,552966
araCp,0.25,3,3,CCTTTGCCGTCACACGATTA,0,542644
araCp,0.25,3,3,CCTTTAACGGCTACGCGCCC,0,593099
araCp,0.25,3,3,CCTTGACTATCAAGGCTTCA,0,553436
araCp,0.25,3,3,CCTTCTTTTGTTATTAGTCA,0,551038
araCp,0.25,3,3,CCTTCTCTCGGCATATATGT,0,592030
araCp,0.25,3,3,CCTTCTCGGCAGCGCTTACA,0,593937
araCp,0.25,3,3,CCTTCGCCATTCCGAAATAA,0,532276
araCp,0.25,3,3,CCTTCAGTTTAACTGATAAC,0,602791
araCp,0.25,3,3,CCTTCAACCGCGTCTTTCAT,0,579057
araCp,0.25,3,3,CCTTATCCCTGGGGCGCCGT,0,567237
araCp,0.25,3,3,CCTGTTCTTAGCATCCGGGG,0,552051
araCp,0.25,3,3,CCTGTGTCTGTGTTCGGTGT,0,584251
araCp,0.25,3,3,CCTGTGCAATTTTATAATAC,0,555472
araCp,0.25,3,3,CCTGTCTCCCGTCGGCACGT,0,547330
araCp,0.25,3,3,CCTGTCGAGTCGGGCTAGCT,0,578087
araCp,0.25,3,3,CCTGCCGGGCAATGGCTGCT,0,580274
araCp,0.25,3,3,CCTGACCAAGTGGTGTAGGG,0,572437
araCp,0.25,3,3,CCTCTTACTTTCGCGCTTCT,0,562653
araCp,0.25,3,3,CCTCTGTCCGGTGTGCAGAC,0,587121
araCp,0.25,3,3,CCTCTAGAGAAGTTGGTCCA,0,554592
araCp,0.25,3,3,CCTCGGTTCGCTTTACATGT,0,602208
araCp,0.25,3,3,CCTCCGACAGCTTCGAGGGG,0,571781
araCp,0.25,3,3,CCTCCAATCATTCCCGATGT,0,538792
araCp,0.25,3,3,CCTCAACGGAATGTGACGTA,0,592356
araCp,0.25,3,3,CCTATTTTGGTAGGACTCGT,0,566736
araCp,0.25,3,3,CCTATATATGGTCATGTGCC,0,556053
araCp,0.25,3,3,CCTATAGTACTTCAAACTGG,0,535635
araCp,0.25,3,3,CCTAGTTGTGGATTAGGCAA,0,549443
araCp,0.25,3,3,CCTAGGTTACGCGGCATTAC,0,599237
araCp,0.25,3,3,CCTAGGGTTAAACTTCGCTT,0,587826
araCp,0.25,3,3,CCTAGGCACGCCCCAAGTTC,0,532171
araCp,0.25,3,3,CCTAGATGGCCTCACCCGTC,0,591876
araCp,0.25,3,3,CCTAGAAGCGGGCAAGAGTC,0,582568
araCp,0.25,3,3,CCTACCGCCGCTCAGGTTCT,0,576586
araCp,0.25,3,3,CCTACAACCGCCAAGGCGGT,0,588101
araCp,0.25,3,3,CCGTTCCCTTCTTTCAAGGT,0,539955
araCp,0.25,3,3,CCGTTCCATTGAATCATGAA,0,570882
araCp,0.25,3,3,CCGTTAGACTTGAAAGCCAA,0,571673
araCp,0.25,3,3,CCGTGCGGTTGACATGGACG,0,554664
araCp,0.25,3,3,CCGTGCCCCTATGGCAAATT,0,544451
araCp,0.25,3,3,CCGTGATCGACAGCAATATG,0,532248
araCp,0.25,3,3,CCGTGACCTTCCTCCGATGC,0,545561
araCp,0.25,3,3,CCGTCGTAAATGTTAGCCAT,0,542720
araCp,0.25,3,3,CCGTCCGGCAACAGCAACTT,0,550301
araCp,0.25,3,3,CCGTCCATGGACCCAGTGAG,0,560488
araCp,0.25,3,3,CCGTCACCCTTTACGGCCGA,0,531984
araCp,0.25,3,3,CCGTATTGTCTGGCCGTAAT,0,593507
araCp,0.25,3,3,CCGGTACATAGACTTCTAAT,0,529106
araCp,0.25,3,3,CCGGGGTTAATGGGGCCGGA,0,587510
araCp,0.25,3,3,CCGGGATTGGTCTGGACACC,0,569662
araCp,0.25,3,3,CCGGCACTGCTACATTCAAC,0,555141
araCp,0.25,3,3,CCGGACGGTAAGCTGAGGCT,0,575719
araCp,0.25,3,3,CCGCTGGTCCAGTACGCAGG,0,549537
araCp,0.25,3,3,CCGCTAATCGATGAATTCAC,0,549354
araCp,0.25,3,3,CCGCGCTCAGTGCAACTACA,0,571682
araCp,0.25,3,3,CCGCCTATGTAGTAACCCCT,0,567047
araCp,0.25,3,3,CCGCCCATAAGTGGTAGCGT,0,602017
araCp,0.25,3,3,CCGCAAAGAGTCTTTAGGGG,0,527008
araCp,0.25,3,3,CCGAGTGCCGCCGCCTCCGA,0,587524
araCp,0.25,3,3,CCGAGTATATGGAGTCAGTG,0,541399
araCp,0.25,3,3,CCGAGGTCCGTCGGTGACGG,0,588860
araCp,0.25,3,3,CCGAGGGGCCCCACACTTGT,0,527160
araCp,0.25,3,3,CCGAGACCGGTCGCCATCAC,0,531024
araCp,0.25,3,3,CCGACCCTGGTTGTCAGCTT,0,603263
araCp,0.25,3,3,CCGACAAGGGCAGCCGTTGC,0,530002
araCp,0.25,3,3,CCGAACGGTCTCGACAATGG,0,575247
araCp,0.25,3,3,CCCTGTTTCCCCATCGCAAC,0,542695
araCp,0.25,3,3,CCCTGGTAAATTATAGAAGC,0,603705
araCp,0.25,3,3,CCCTGCCATTGGCAGACTCG,0,587052
araCp,0.25,3,3,CCCTGCACACATCCCTGGGG,0,567914
araCp,0.25,3,3,CCCTGATTAGGGGCTCAGTA,0,581234
araCp,0.25,3,3,CCCTCGGAAACTTCCTTGGT,0,557394
araCp,0.25,3,3,CCCTCCCTATTCTTATTATG,0,583081
araCp,0.25,3,3,CCCTCAGAGAGGTGGATACA,0,547119
araCp,0.25,3,3,CCCTATACAATGTTAACGTG,0,547588
araCp,0.25,3,3,CCCGTGAACGTTCCGGATCC,0,566965
araCp,0.25,3,3,CCCGTCGTGAGTGCTCATTC,0,546200
araCp,0.25,3,3,CCCGCTTAGCTGAGTTCAGG,0,534311
araCp,0.25,3,3,CCCGCAGGCAATTGGAAGAT,0,535418
araCp,0.25,3,3,CCCCTGTAAGAAAATTTTCC,0,590136
araCp,0.25,3,3,CCCCTCCATTTAGGCCGGAG,0,565292
araCp,0.25,3,3,CCCCGGTTCTGTTCGGCTCC,0,562290
araCp,0.25,3,3,CCCCGGCTCGAGATTTGGTT,0,557927
araCp,0.25,3,3,CCCCGGCCTGGGGAAGATAA,0,530543
araCp,0.25,3,3,CCCCGCTTACGGTGGTCGCA,0,565837
araCp,0.25,3,3,CCCCGCCGGCACTTGTCTGA,0,579648
araCp,0.25,3,3,CCCCGACTACGATAAATACT,0,602037
araCp,0.25,3,3,CCCCCTTGCAGGAGCTCCCC,0,569195
araCp,0.25,3,3,CCCCCCCTGTGCAAACGCGA,0,574894
araCp,0.25,3,3,CCCCATTCAACCTTGCATGC,0,530256
araCp,0.25,3,3,CCCCAGAGAGGAGTTCGTTG,0,539759
araCp,0.25,3,3,CCCATTATGTGTAGTCTTTC,0,589495
araCp,0.25,3,3,CCCATACATCCCTAGTATGG,0,566864
araCp,0.25,3,3,CCCAGTTAGGTAATTCTGAT,0,565294
araCp,0.25,3,3,CCCAGGAATGGTCATACGCC,0,577750
araCp,0.25,3,3,CCCAGCGTCTGCGCCTGGAT,0,586924
araCp,0.25,3,3,CCCACTGGTTGGGCTTACCT,0,554497
araCp,0.25,3,3,CCCACTGCCTCTCACCTGTC,0,565247
araCp,0.25,3,3,CCCACCTATGGGAATGAGTT,0,594165
araCp,0.25,3,3,CCCACCGAAACTCTCGGGGC,0,540427
araCp,0.25,3,3,CCCAAGAATGCTCCAGGAGT,0,553043
araCp,0.25,3,3,CCCAACTAATAAGTAGGAAC,0,539910
araCp,0.25,3,3,CCATTTTTGGGTCGTTAATC,0,601033
araCp,0.25,3,3,CCATTCCAGAATGCCGAAAC,0,595056
araCp,0.25,3,3,CCATTATAACTACATCAAGC,0,569024
araCp,0.25,3,3,CCATTAGAATACTTTATAGG,0,594420
araCp,0.25,3,3,CCATGTCGCCACCTTCTCAC,0,542404
araCp,0.25,3,3,CCATGGATCTAAGTACTACT,0,537146
araCp,0.25,3,3,CCATGCAAAGAATAAGCCCC,0,565576
araCp,0.25,3,3,CCATCTTCCACTGCCAGTTG,0,537965
araCp,0.25,3,3,CCATCCCGAGAACTGTACAA,0,540365
araCp,0.25,3,3,CCATCATCGCCTCAGTCGAT,0,586144
araCp,0.25,3,3,CCATCAGGCCCTGCCACTCC,0,544489
araCp,0.25,3,3,CCATATGGAATGCTTGGTTT,0,531306
araCp,0.25,3,3,CCATAGGGTGGGATATCACC,0,570113
araCp,0.25,3,3,CCATAGAGGACGGTACGAAC,0,557711
araCp,0.25,3,3,CCATAATACCAGTGCCCGGT,0,578978
araCp,0.25,3,3,CCATAAGCTCTGGACCTTTG,0,596566
araCp,0.25,3,3,CCAGTGTAATCATTCCGTGT,0,535799
araCp,0.25,3,3,CCAGTCCATGGCCCGATCAC,0,587170
araCp,0.25,3,3,CCAGTACGAGTTATGGGCAT,0,582182
araCp,0.25,3,3,CCAGGGGCCAAATAATCCAC,0,586161
araCp,0.25,3,3,CCAGGGCGGTCCTGGGCGGA,0,580927
araCp,0.25,3,3,CCAGGCCTATTCTCAGCATG,0,603245
araCp,0.25,3,3,CCAGGATCCCAGATAACGCA,0,556518
araCp,0.25,3,3,CCAGCTCTCTGCGGAAGGTA,0,591681
araCp,0.25,3,3,CCAGCCGCGTGACTGCAGCC,0,554293
araCp,0.25,3,3,CCAGCCCCGTAAGCGCCATG,0,599997
araCp,0.25,3,3,CCAGCATACGGTGTAATAGA,0,528790
araCp,0.25,3,3,CCAGCAGCTGAGATTTGACT,0,551622
araCp,0.25,3,3,CCAGATCTGTGCTTGACGGG,0,572927
araCp,0.25,3,3,CCAGATCTGCACGGGGAAAA,0,595605
araCp,0.25,3,3,CCACTGGTGCTCCCCATATC,0,569015
araCp,0.25,3,3,CCACTATTTGTGTCACCGCA,0,546554
araCp,0.25,3,3,CCACTACAAAACAGTCGGAA,0,564273
araCp,0.25,3,3,CCACGTGCAACTCTTGATTC,0,588863
araCp,0.25,3,3,CCACGTCACGAACATACCAG,0,598909
araCp,0.25,3,3,CCACGGGCAACCGCCCCAAG,0,562867
araCp,0.25,3,3,CCACGGCGTGTCTGGGTTCA,0,527109
araCp,0.25,3,3,CCACCGCTTTTTAACCCCAC,0,547690
araCp,0.25,3,3,CCACCGACGTTCTCCGGGTC,0,553515
araCp,0.25,3,3,CCACCCTGCGACGGGGCTCG,0,593422
araCp,0.25,3,3,CCACAGATGACGCGATGGTC,0,549277
araCp,0.25,3,3,CCAATTGGGAACCAGATGTT,0,535226
araCp,0.25,3,3,CCAATTGCATAGCGGGGGAT,0,555357
araCp,0.25,3,3,CCAAGTGTTCTAATGGTATC,0,587340
araCp,0.25,3,3,CCAACTACGAGGTAAGAGAA,0,530840
araCp,0.25,3,3,CCAACGTAGCTTTATCATCT,0,584366
araCp,0.25,3,3,CCAACGCTGGGAGGCTCATA,0,587882
araCp,0.25,3,3,CCAACGAAATCGGATATCAG,0,603154
araCp,0.25,3,3,CCAACCACTGCTCGTCAGGA,0,571050
araCp,0.25,3,3,CCAAAGGACTCGAGCTTATC,0,594316
araCp,0.25,3,3,CCAAACCAGGTTCCACCTAC,0,527064
araCp,0.25,3,3,CATTTTCGATCGTTACTCCT,0,556350
araCp,0.25,3,3,CATTTCGGCGGCCGGCCTGT,0,549569
araCp,0.25,3,3,CATTTATATGTGTTTGGCCA,0,569005
araCp,0.25,3,3,CATTTAAAACGGGTATACGG,0,547956
araCp,0.25,3,3,CATTGGGCGTGAGTTCATAG,0,591866
araCp,0.25,3,3,CATTGGGACAATCACAAAGT,0,536161
araCp,0.25,3,3,CATTGGCGTCATGGATCGGT,0,542736
araCp,0.25,3,3,CATTCTGGAGTCAAGATGAA,0,566350
araCp,0.25,3,3,CATTCCCAGAATTGTCTCAA,0,570018
araCp,0.25,3,3,CATTATACATAGATGACGCT,0,538437
araCp,0.25,3,3,CATTAGTGGTATGGAGCGGG,0,525943
araCp,0.25,3,3,CATTAAAGTGGCGGTGGATA,0,541664
araCp,0.25,3,3,CATGTTTACGTAATAGTGCC,0,589811
araCp,0.25,3,3,CATGTTAAGAGCGCCTTCAG,0,557228
araCp,0.25,3,3,CATGCTTGGACCTTGATGCG,0,551933
araCp,0.25,3,3,CATGCTTAGTGCCTCGTGGA,0,548590
araCp,0.25,3,3,CATGCGGCTGGGGGGAAGAT,0,570104
araCp,0.25,3,3,CATGCAAGTCGGGAGGATCA,0,554489
araCp,0.25,3,3,CATCTGAGGAAAATCTGCAC,0,550568
araCp,0.25,3,3,CATCGGTATACCTCCACACG,0,583187
araCp,0.25,3,3,CATCGGTAACTCCATGAATG,0,566341
araCp,0.25,3,3,CATCGGAACAACTACATTCA,0,559970
araCp,0.25,3,3,CATCGATCGCAAATGACCCC,0,562304
araCp,0.25,3,3,CATCCGCAGCTCATGCTAGA,0,531629
araCp,0.25,3,3,CATCCCCGAGCGCAAGATAA,0,585364
araCp,0.25,3,3,CATCCAGTATGTCTCGGTCC,0,595914
araCp,0.25,3,3,CATCCAAATTATACCATCCC,0,526562
araCp,0.25,3,3,CATATGTGAGTCCCGGCATC,0,588808
araCp,0.25,3,3,CATATCGATTCCAAAATACA,0,542405
araCp,0.25,3,3,CATATATACAACGGCAGCTT,0,566705
araCp,0.25,3,3,CATATAAATGCTTTACTCTC,0,544383
araCp,0.25,3,3,CATAGTTGAGGACGACTTTG,0,547806
araCp,0.25,3,3,CATAGTGCAGACGCTCGAGG,0,567841
araCp,0.25,3,3,CATAGTGACTATTAGATGCG,0,570194
araCp,0.25,3,3,CATAGGGGGCAGTGGGCATA,0,533964
araCp,0.25,3,3,CATACGGTGACTTGGTAGGC,0,531033
araCp,0.25,3,3,CATACGAAGACGTCAGTCCG,0,558987
araCp,0.25,3,3,CATACCCCTTAGTTATCTCG,0,597685
araCp,0.25,3,3,CATAACTAGGCGACCACGCC,0,559061
araCp,0.25,3,3,CAGTTTCGGAGCGTGGCTTA,0,539964
araCp,0.25,3,3,CAGTTGAAAGGCCATGCGAA,0,595011
araCp,0.25,3,3,CAGTGTTTTTCGCACGTAAA,0,572310
araCp,0.25,3,3,CAGTGTCTGGGTCCCGGCAT,0,592732
araCp,0.25,3,3,CAGTGTATCCCCACGCGGAA,0,538965
araCp,0.25,3,3,CAGTCTAAACACAAACCGTT,0,570901
araCp,0.25,3,3,CAGTCCACAGACCCTTAGCA,0,559825
araCp,0.25,3,3,CAGTATTGTCGCTAGGGAGT,0,559905
araCp,0.25,3,3,CAGTAGTCATGGATTTAATA,0,554851
araCp,0.25,3,3,CAGTAGATCAGTCTTTGTTC,0,559120
araCp,0.25,3,3,CAGTACCATCATCAGATTGT,0,592744
araCp,0.25,3,3,CAGGTGAGGCGTGCACTATT,0,564113
araCp,0.25,3,3,CAGGTCTCCCTTACCTTCGG,0,590524
araCp,0.25,3,3,CAGGTAATATACTTAAGACG,0,554306
araCp,0.25,3,3,CAGGGTGTTCGGTTGGGCCA,0,570282
araCp,0.25,3,3,CAGGGGTAGCCGTGCAGCCA,0,554237
araCp,0.25,3,3,CAGGGGGCCGCGCCGTAGTA,0,547463
araCp,0.25,3,3,CAGGGGCCTTTTACTTAACC,0,599460
araCp,0.25,3,3,CAGGGAGCATTAAGGACATA,0,592527
araCp,0.25,3,3,CAGGCTCTTCACTCTGCGAT,0,544801
araCp,0.25,3,3,CAGGCCTAGCTCGAAATGAA,0,561161
araCp,0.25,3,3,CAGGCACCGCGCTTGAGGCA,0,598137
araCp,0.25,3,3,CAGCGTGGACATTTCCATGG,0,581435
araCp,0.25,3,3,CAGCCTCCACGGCGGCATCA,0,526115
araCp,0.25,3,3,CAGCCATAAATCCCCCGGGA,0,559148
araCp,0.25,3,3,CAGCCAAAGTCTAGCATTAC,0,584428
araCp,0.25,3,3,CAGCATCCTAACCCAGGAGT,0,556734
araCp,0.25,3,3,CAGCAGTTAGTCGAATTGAG,0,552009
araCp,0.25,3,3,CAGCAAACACGTCGAGGAAC,0,544839
araCp,0.25,3,3,CAGATGCGTGGATGTTACGG,0,539550
araCp,0.25,3,3,CAGATGCGATAAGGTCAGGT,0,549118
araCp,0.25,3,3,CAGATCAGGACCTACCGCGA,0,555323
araCp,0.25,3,3,CAGAGCCTGCGATAATAAGT,0,555877
araCp,0.25,3,3,CAGACGTTTTGGCGCGACAC,0,581172
araCp,0.25,3,3,CAGACACCTAAGGACTCCCA,0,570786
araCp,0.25,3,3,CAGAACGTGTCGCACCCAAA,0,560407
araCp,0.25,3,3,CACTTTCCGGTCCGAGCTCG,0,595438
araCp,0.25,3,3,CACTTTCATAGAATATGTGG,0,562004
araCp,0.25,3,3,CACTTAGCCGTCTGACTATT,0,543927
araCp,0.25,3,3,CACTCGACAGCGGTTTCCGA,0,570460
araCp,0.25,3,3,CACTCAGACGGACCCGGCCC,0,591590
araCp,0.25,3,3,CACTATATCTTGGATCCCTT,0,599885
araCp,0.25,3,3,CACTAAGCCGATCGTTTCCC,0,555098
araCp,0.25,3,3,CACTAACCACTACGGTTTTA,0,527110
araCp,0.25,3,3,CACGGGGTTAGAGATATCCT,0,599620
araCp,0.25,3,3,CACGCTGAACGGGGGGAGAC,0,569909
araCp,0.25,3,3,CACGCATGACTTAGCTCTCA,0,565935
araCp,0.25,3,3,CACGATCAATGACCAAACCT,0,570910
araCp,0.25,3,3,CACCTTGGAACTAGCCGGCT,0,591242
araCp,0.25,3,3,CACCTTGAGGCACATAGGGG,0,568230
araCp,0.25,3,3,CACCTTCCCAGCCAAAGTAC,0,537887
araCp,0.25,3,3,CACCTCTGTGGTTCCAATAA,0,535072
araCp,0.25,3,3,CACCTAAGTAGTGTGAGGCG,0,593571
araCp,0.25,3,3,CACCGATAAAGGAATGAACT,0,563497
araCp,0.25,3,3,CACCCTGGTAACGCTCAGCT,0,536217
araCp,0.25,3,3,CACCCGGTTCCAGCGAAGAT,0,568962
araCp,0.25,3,3,CACCCGATACCCCACGGGCG,0,561138
araCp,0.25,3,3,CACCAGGCACTGGAGCCCTG,0,550290
araCp,0.25,3,3,CACCAGCTTTGCCCTCACAC,0,603320
araCp,0.25,3,3,CACATTAGTGGCGTGTGTCA,0,598705
araCp,0.25,3,3,CACATGAGCAAACTGGGTGC,0,556987
araCp,0.25,3,3,CACATGAATGTTCATCACGA,0,591188
araCp,0.25,3,3,CACATCTACGCGGCGTGCGT,0,553673
araCp,0.25,3,3,CACATCGCTCCCGAGTCCTT,0,550617
araCp,0.25,3,3,CACAGACTAAAAAAGTGCGG,0,575819
araCp,0.25,3,3,CACACTAAGTCCCCTCGCTG,0,536746
araCp,0.25,3,3,CACACGTTAGTAACACAAAA,0,565830
araCp,0.25,3,3,CACACGCACGCGAGTCTGAC,0,599634
araCp,0.25,3,3,CACACCGCTCTAGTTTGTCT,0,591390
araCp,0.25,3,3,CACAAGAGTGCAAGCTCGCA,0,576847
araCp,0.25,3,3,CACAAAAAACGTGAAAGCGA,0,588202
araCp,0.25,3,3,CAATTCAGGGGGGGATAAAC,0,587120
araCp,0.25,3,3,CAATTACCATGGGTAACGCT,0,552710
araCp,0.25,3,3,CAATGTTCCGCTGATTGAGG,0,562597
araCp,0.25,3,3,CAATGTGTCAATAATACCGG,0,599013
araCp,0.25,3,3,CAATCGATGGATTGACGTTA,0,568953
araCp,0.25,3,3,CAATCCCAGTATCGGAAATT,0,574883
araCp,0.25,3,3,CAATAATTTCCATGAATCTA,0,572514
araCp,0.25,3,3,CAATAATCTACCAATAGCGC,0,585789
araCp,0.25,3,3,CAAGTTTTGCTGCGTTTGAC,0,602099
araCp,0.25,3,3,CAAGTAGGTCTCAGAACCGA,0,579807
araCp,0.25,3,3,CAAGTAGAGCGCATGTACCG,0,599490
araCp,0.25,3,3,CAAGCGATAGTCCCTCTCAT,0,578275
araCp,0.25,3,3,CAAGCCCCCGGCAATCGTAT,0,589510
araCp,0.25,3,3,CAAGATGGCTTTGACTAGGC,0,548974
araCp,0.25,3,3,CAAGAGGCGCTTCAGGTACA,0,579837
araCp,0.25,3,3,CAAGAAGTTTCGACGGGATA,0,575484
araCp,0.25,3,3,CAAGAAGCGGGACCGCGAGT,0,568562
araCp,0.25,3,3,CAACTTATATTACAACCCTA,0,573877
araCp,0.25,3,3,CAACTGGACCGCAAGGTACC,0,550241
araCp,0.25,3,3,CAACTGCCGTGCCCGGGTTG,0,590864
araCp,0.25,3,3,CAACTCGGAACGCCAGGCGC,0,581503
araCp,0.25,3,3,CAACGGTCAGTTACACCTAC,0,552706
araCp,0.25,3,3,CAACGGGAACCCTCTTTAAT,0,598306
araCp,0.25,3,3,CAACGCCACCGCCTTTCACT,0,558263
araCp,0.25,3,3,CAACCCGGTGCATTGTGAGA,0,549720
araCp,0.25,3,3,CAACCCGGAATTCTGTATAT,0,555642
araCp,0.25,3,3,CAACATCCAGCGGGCCTCTT,0,572023
araCp,0.25,3,3,CAACAGGCTGGATATGGAGT,0,535239
araCp,0.25,3,3,CAACAATGGAGAAGCTACGA,0,599108
araCp,0.25,3,3,CAAATCGAAAGAGGCTCGCT,0,594686
araCp,0.25,3,3,CAAATCCCCGAATCGCGGCT,0,556374
araCp,0.25,3,3,CAAATAAATCTTTCTGGGTG,0,571225
araCp,0.25,3,3,CAAAGTTTGTACGATTCTTC,0,538204
araCp,0.25,3,3,CAAAGGTATGCAAGGGCACT,0,539029
araCp,0.25,3,3,CAAAGATCCGTGGCTTCGTG,0,569302
araCp,0.25,3,3,CAAACTGTTGATAGTTACTG,0,582571
araCp,0.25,3,3,CAAACGTGCTGATGCTGATC,0,573077
araCp,0.25,3,3,CAAACGTGCCTGGGGGGATC,0,587061
araCp,0.25,3,3,CAAACCTACTGTGGCTGGTG,0,546394
araCp,0.25,3,3,CAAAATACATTGTCTTAGCC,0,554267
araCp,0.25,3,3,CAAAAGGGGCCTAAGCAGCA,0,532080
araCp,0.25,3,3,CAAAAAAGTCGAACTCGGAG,0,555308
araCp,0.25,3,3,ATTTTTGCACTCGGCTTTGC,0,557347
araCp,0.25,3,3,ATTTTCTTAAGTGAACTGCG,0,600837
araCp,0.25,3,3,ATTTTATATACGAGAGGTAT,0,544813
araCp,0.25,3,3,ATTTGCATCGCATGCATGAG,0,559103
araCp,0.25,3,3,ATTTCTAGACGGGCGGGACA,0,552558
araCp,0.25,3,3,ATTTCCGCCATTAGGCATTC,0,559756
araCp,0.25,3,3,ATTTCACAAGTTTTTGCGAC,0,537300
araCp,0.25,3,3,ATTTATGCTTAGCGGGATCA,0,545280
araCp,0.25,3,3,ATTTATCGTTCCATCGGGGG,0,578166
araCp,0.25,3,3,ATTTAGGTCCTTCCCCATTT,0,585308
araCp,0.25,3,3,ATTTAGCCCGGGCCGAGGGT,0,527560
araCp,0.25,3,3,ATTTACGAGGCGCCTGGCAA,0,590857
araCp,0.25,3,3,ATTTAATAACCTAACCTGGA,0,548897
araCp,0.25,3,3,ATTGTTGCCAACATACAGAC,0,564742
araCp,0.25,3,3,ATTGGCTTGCGCTTACGTAA,0,551981
araCp,0.25,3,3,ATTGCGGAAGGTTGATGAAA,0,574277
araCp,0.25,3,3,ATTGATGATGAAGCCGACTA,0,601744
araCp,0.25,3,3,ATTGACAAAGTTCACAAGTC,0,582981
araCp,0.25,3,3,ATTGAACCTATCCCCTTGTC,0,587909
araCp,0.25,3,3,ATTCTTACGAACAGTATATT,0,598378
araCp,0.25,3,3,ATTCTGGCCACTGGGGATCA,0,581695
araCp,0.25,3,3,ATTCTGGAGGGTGGTGGTTT,0,578059
araCp,0.25,3,3,ATTCTCCTTCATACCTGGCA,0,526498
araCp,0.25,3,3,ATTCTCAAGGATAATGTAAA,0,560809
araCp,0.25,3,3,ATTCTAACGTAGTTCGCAGT,0,527041
araCp,0.25,3,3,ATTCGCTAGTAGCAGAGTAA,0,592733
araCp,0.25,3,3,ATTCGATGCCAGGCACATGT,0,558101
araCp,0.25,3,3,ATTCCTGATGAGGACGGGCT,0,601277
araCp,0.25,3,3,ATTCCAGCCAAGATCTCCAA,0,567114
araCp,0.25,3,3,ATTCAGTCGTATCGGAGGCT,0,558057
araCp,0.25,3,3,ATTCAGGCGTCTAAGAGTGT,0,572046
araCp,0.25,3,3,ATTCAGAAGGTGATTTTTAT,0,601362
araCp,0.25,3,3,ATTCAAACCGTAAGAGCTAG,0,571311
araCp,0.25,3,3,ATTATTTTGGATTAATAACT,0,541491
araCp,0.25,3,3,ATTATCTAAGCACGCCTACG,0,574080
araCp,0.25,3,3,ATTACTGGGAATGATGCCCT,0,588086
araCp,0.25,3,3,ATTACTCTGCACCGTAATCT,0,593187
araCp,0.25,3,3,ATTACGCTACACGGAATCAT,0,558279
araCp,0.25,3,3,ATTACCAATCTGTATATGGG,0,587239
araCp,0.25,3,3,ATTACACACCGTGGACACGT,0,533758
araCp,0.25,3,3,ATTAATGCAATGGGCGATCT,0,536026
araCp,0.25,3,3,ATTAATATTCTGTTCATGCT,0,584235
araCp,0.25,3,3,ATGTGAGGTGTTGGTCCCAC,0,529781
araCp,0.25,3,3,ATGTAGTTATCGCCGTGAGG,0,585343
araCp,0.25,3,3,ATGTACCCAAAGGCTGATAG,0,583479
araCp,0.25,3,3,ATGTAAGAGTTCCCGCAGTT,0,563127
araCp,0.25,3,3,ATGGTGAGGGGGACGCTGCC,0,572123
araCp,0.25,3,3,ATGGTCGCGGCGAGGCGACA,0,530961
araCp,0.25,3,3,ATGGGTTATCAGTTGGTACT,0,550287
araCp,0.25,3,3,ATGGGTAGTTGGGCGAATCA,0,580688
araCp,0.25,3,3,ATGGGGGCATGACTGCGGTC,0,528434
araCp,0.25,3,3,ATGGGAAGTTGATCTGTCAT,0,564558
araCp,0.25,3,3,ATGGCTAAGTAACAGTCGCA,0,557226
araCp,0.25,3,3,ATGGCGGCGGGCGTAATCTC,0,576760
araCp,0.25,3,3,ATGGCGCCTCATCCGCGTAC,0,572145
araCp,0.25,3,3,ATGGCGCCCGGAAGTTATTT,0,591260
araCp,0.25,3,3,ATGGAATTAACGTGGTACAC,0,561784
araCp,0.25,3,3,ATGCTTACCCCTCCGATGCT,0,578291
araCp,0.25,3,3,ATGCTATAATTCCTCCAGTT,0,583354
araCp,0.25,3,3,ATGCGGCAAGTGGGAATGTG,0,597665
araCp,0.25,3,3,ATGCCCCTGAACTCTATAGC,0,574523
araCp,0.25,3,3,ATGATGCACGCCCGATGAAG,0,580627
araCp,0.25,3,3,ATGAGGCTTCAGGATCTTTG,0,593979
araCp,0.25,3,3,ATGACTGTGAATTGTATTGT,0,558861
araCp,0.25,3,3,ATGACGTTCCGGTGATGCCA,0,575054
araCp,0.25,3,3,ATGACCCGGCACTTTACCAA,0,556264
araCp,0.25,3,3,ATGAAGCCGTAAGCGACATA,0,541054
araCp,0.25,3,3,ATCTTCACCTCGCTCCGGTC,0,579785
araCp,0.25,3,3,ATCTGCAAAGCCATACGTAA,0,540558
araCp,0.25,3,3,ATCTGAAAATACTCCAAGGG,0,550305
araCp,0.25,3,3,ATCTATAGCGTTGGCGTTTC,0,548125
araCp,0.25,3,3,ATCTAGTGAGCGACGAATCC,0,527833
araCp,0.25,3,3,ATCTAAGTGGCAAGTATCGG,0,575595
araCp,0.25,3,3,ATCGTCCACTGCTATCTGAG,0,592493
araCp,0.25,3,3,ATCGTATGTAACGAGCAAAA,0,591163
araCp,0.25,3,3,ATCGTAATTGGCCAGTCTTG,0,595475
araCp,0.25,3,3,ATCGGAAAGTGGCTGCAATA,0,569962
araCp,0.25,3,3,ATCGCGTCGGACTGACCATC,0,591307
araCp,0.25,3,3,ATCGCCCAGGGTCGCTGAGC,0,577328
araCp,0.25,3,3,ATCGCCAGAGGATCACCGGC,0,603516
araCp,0.25,3,3,ATCGATGTTGAGTGGCGGCA,0,586413
araCp,0.25,3,3,ATCGACTAGCCAGCCGGCAG,0,541447
araCp,0.25,3,3,ATCGAAGGAGTCTGATTCTT,0,589109
araCp,0.25,3,3,ATCCTTGCTCACGCTCGCTC,0,544972
araCp,0.25,3,3,ATCCTAACCTTGAAAGATTT,0,547893
araCp,0.25,3,3,ATCCGACTTCCTCTTGAGTT,0,544056
araCp,0.25,3,3,ATCCATCCGGGGGCAACTCG,0,527404
araCp,0.25,3,3,ATCCAGACTGGGCGATACGT,0,578461
araCp,0.25,3,3,ATCCACGATCTTGCCTCAAA,0,599192
araCp,0.25,3,3,ATCATTATACCTACAGACAC,0,587639
araCp,0.25,3,3,ATCATTAAATAAGAAACAAC,0,562718
araCp,0.25,3,3,ATCATGGTGATTGAAAAATG,0,584449
araCp,0.25,3,3,ATCAGTTAGATCAACAAAGC,0,553664
araCp,0.25,3,3,ATCAGTACTATGGTATTGAA,0,547565
araCp,0.25,3,3,ATCAGGCTTACAGCCTAGAA,0,528751
araCp,0.25,3,3,ATCAGCTCACTACTCAATGA,0,528396
araCp,0.25,3,3,ATCAGCATGGGTAAGTCTGT,0,582263
araCp,0.25,3,3,ATCACTCATGATGTTAGCGT,0,550208
araCp,0.25,3,3,ATCACCAATGCCATCGACGC,0,577718
araCp,0.25,3,3,ATCACACGTCCGGTCGTTCA,0,531982
araCp,0.25,3,3,ATCAAGTAGTATCCGCGGGT,0,554828
araCp,0.25,3,3,ATCAACCGCACTCCGTTATG,0,579161
araCp,0.25,3,3,ATATGGGCCGGACTTGGGGT,0,545081
araCp,0.25,3,3,ATATGATCCTGTCGTGAAAA,0,583578
araCp,0.25,3,3,ATATCTACAGTGCGCAAAAA,0,526275
araCp,0.25,3,3,ATATCGTCCCTACTGATAGA,0,534419
araCp,0.25,3,3,ATATCCGGACAAACCGGGAG,0,581006
araCp,0.25,3,3,ATATAATTCGTTGTCGGGAT,0,562931
araCp,0.25,3,3,ATATAAGGTCGAGAATTGAG,0,530758
araCp,0.25,3,3,ATATAACCGGGAGCGGACAG,0,548426
araCp,0.25,3,3,ATAGTGTGCTAAATTATCAA,0,569737
araCp,0.25,3,3,ATAGTAGCAGAGCTGTCGAT,0,556171
araCp,0.25,3,3,ATAGTACTCTCGCACTGTTG,0,547734
araCp,0.25,3,3,ATAGGCTGTGCACTCGTTAA,0,584775
araCp,0.25,3,3,ATAGCGGCGGTACTCAGCGT,0,588441
araCp,0.25,3,3,ATAGATTGCTTGTTCGTTTG,0,546972
araCp,0.25,3,3,ATAGATCGGGAGTTTATGCA,0,567534
araCp,0.25,3,3,ATAGAAAAGCTATTAGTGAG,0,554958
araCp,0.25,3,3,ATACTCGCCTAATTACCAGT,0,545317
araCp,0.25,3,3,ATACTATTGGGTTAAGCCCT,0,554561
araCp,0.25,3,3,ATACGGTGCCCTAATGCTAA,0,531200
araCp,0.25,3,3,ATACGCCTACTGGTCAAGTA,0,587439
araCp,0.25,3,3,ATACCTATTCTAATGCCGGA,0,544348
araCp,0.25,3,3,ATACCAGGTGTCTTCACAAG,0,534720
araCp,0.25,3,3,ATACATCAACCGCATCGGTT,0,574290
araCp,0.25,3,3,ATACAGTATACAAAGAAATA,0,589296
araCp,0.25,3,3,ATACACTCAGATCGCCCCCA,0,541893
araCp,0.25,3,3,ATACAATTCATGCGGGGTTC,0,538438
araCp,0.25,3,3,ATACAAGTCGAGTTGCAGAT,0,537803
araCp,0.25,3,3,ATACAAAACTTCGGAGGGCG,0,573122
araCp,0.25,3,3,ATAATTCAGGGAGTCGCAAA,0,602343
araCp,0.25,3,3,ATAATCGGCCCCTTTTATTG,0,529343
araCp,0.25,3,3,ATAATAGTCCGTTTAGCCTG,0,538139
araCp,0.25,3,3,ATAATAAGAGACCACTCCAG,0,557567
araCp,0.25,3,3,ATAAAGTACTATTCTCAGGC,0,526365
araCp,0.25,3,3,AGTTTACCGAGCTGGTTTTG,0,602457
araCp,0.25,3,3,AGTTGTCAGCCCGCTTCAGT,0,568247
araCp,0.25,3,3,AGTTCGGCACCACAAACGCA,0,600856
araCp,0.25,3,3,AGTTCCTCTGGCTACGAGGG,0,589528
araCp,0.25,3,3,AGTTCCGTCGGTACACTTGT,0,573332
araCp,0.25,3,3,AGTTCCCTCTCCCACCCGCC,0,593264
araCp,0.25,3,3,AGTTACCCCGTTGGTGGTTA,0,536728
araCp,0.25,3,3,AGTGTTGATGGATTCAACTG,0,557573
araCp,0.25,3,3,AGTGTTGATATGTGGCGTGG,0,562547
araCp,0.25,3,3,AGTGTTACAAATCACTACTG,0,598888
araCp,0.25,3,3,AGTGTGTTGAAAGGCTGTCA,0,529618
araCp,0.25,3,3,AGTGTGGTCTCCATATGTTA,0,597838
araCp,0.25,3,3,AGTGTGCATGCAGTTTTTAA,0,549550
araCp,0.25,3,3,AGTGTGACGTTTGTTGGCCT,0,564749
araCp,0.25,3,3,AGTGTATACAACCAACCCAC,0,562227
araCp,0.25,3,3,AGTGGCGAGGTCCGTGTTAG,0,536688
araCp,0.25,3,3,AGTGGACGAGGATTTGACTA,0,600614
araCp,0.25,3,3,AGTGCGTCTATCCTTACACG,0,596846
araCp,0.25,3,3,AGTGCGACGAGAATGAACAA,0,566805
araCp,0.25,3,3,AGTGCCAACGTACTTAGGAA,0,566161
araCp,0.25,3,3,AGTGATCGCGGGTGCAATTC,0,582236
araCp,0.25,3,3,AGTGATATAGTGGGGTACTT,0,576844
araCp,0.25,3,3,AGTGAGGGGAACGTGGAGGG,0,527884
araCp,0.25,3,3,AGTGAGATATCTTTGACGCT,0,585340
araCp,0.25,3,3,AGTGACACGGAGTTCATCCT,0,546402
araCp,0.25,3,3,AGTCTGCTGGACGGCGTCCG,0,570652
araCp,0.25,3,3,AGTCTCATCAGTCGCAAGAA,0,587680
araCp,0.25,3,3,AGTCTCATAGCCGCCAATTC,0,562048
araCp,0.25,3,3,AGTCGGGCTGTTGCGCCCGT,0,578754
araCp,0.25,3,3,AGTCGCTTAAGCGGTATCCC,0,563652
araCp,0.25,3,3,AGTCGCGCCGGCACCGACAG,0,581033
araCp,0.25,3,3,AGTCGCATGCCGTGGGTGGA,0,529214
araCp,0.25,3,3,AGTCCATGTGAAGTCTCATG,0,538460
araCp,0.25,3,3,AGTCCAGAGGCTCTCAATTT,0,590303
araCp,0.25,3,3,AGTCCAATGCACGTCTTCCT,0,532128
araCp,0.25,3,3,AGTCATTCAACGGAAAACCA,0,528856
araCp,0.25,3,3,AGTCATGTAGTGGCGTCGAT,0,600620
araCp,0.25,3,3,AGTAGGAGTTGTACAAGGTG,0,526194
araCp,0.25,3,3,AGTAGCCCTAGCGCCATGGT,0,535573
araCp,0.25,3,3,AGTACCTCCCTCTCTCAACA,0,526130
araCp,0.25,3,3,AGTAAGTCCCTCTTATTATA,0,585709
araCp,0.25,3,3,AGTAAGGATCTAGCACGAGG,0,592842
araCp,0.25,3,3,AGTAACTCTAGCGGAAATAC,0,587801
araCp,0.25,3,3,AGTAACCTGATGGATGGGGT,0,598256
araCp,0.25,3,3,AGGTTAGTGATGACTTATGT,0,559692
araCp,0.25,3,3,AGGTTAACGAAGGGCGTTAT,0,599045
araCp,0.25,3,3,AGGTGTTCCCGGCTACGGCT,0,544730
araCp,0.25,3,3,AGGTGGCACGGAAGTGCACA,0,603339
araCp,0.25,3,3,AGGTGCGTATCCCGGGATAG,0,572919
araCp,0.25,3,3,AGGTGATTTTTCAACCTGGT,0,550878
araCp,0.25,3,3,AGGTGATGGTTTCGGGGAAT,0,599954
araCp,0.25,3,3,AGGTCTTTTTGCAGTACGTG,0,551386
araCp,0.25,3,3,AGGTCGCTACAGGGCGGCTA,0,586388
araCp,0.25,3,3,AGGTCCGAGCTGATAACTAC,0,574195
araCp,0.25,3,3,AGGTCATGCTGTGAGTGAAA,0,571793
araCp,0.25,3,3,AGGTATTGGAACCATACAAT,0,556982
araCp,0.25,3,3,AGGTATGTTTAATGACTGTG,0,580019
araCp,0.25,3,3,AGGTAGCACAGACTTCTCCA,0,576530
araCp,0.25,3,3,AGGTACACTCTGGTAAGACT,0,588298
araCp,0.25,3,3,AGGTAAGTCTCCGGCGGGTT,0,552910
araCp,0.25,3,3,AGGGTCCTTGTGTTGCCCGG,0,584829
araCp,0.25,3,3,AGGGTAATAAACGGCAAACA,0,598882
araCp,0.25,3,3,AGGGGCAGCGGGTTTGACGC,0,567022
araCp,0.25,3,3,AGGGCCACTTCTATGTATCT,0,578300
araCp,0.25,3,3,AGGGATTCTCAGGGGTCCTC,0,585943
araCp,0.25,3,3,AGGCTTAAACAACTGTTCTA,0,577126
araCp,0.25,3,3,AGGCTACTGGGGATGGTATG,0,548372
araCp,0.25,3,3,AGGCGTTGATCCTAGCCGAC,0,566576
araCp,0.25,3,3,AGGCGGCGTTGGCTGGTTTT,0,568193
araCp,0.25,3,3,AGGCCTGCCGGCGGAGGACT,0,528304
araCp,0.25,3,3,AGGCCGTTTTGCCTGCCACG,0,532621
araCp,0.25,3,3,AGGCCACTGATTCGATCGTA,0,593098
araCp,0.25,3,3,AGGCATTGATTACCAGTGAA,0,590636
araCp,0.25,3,3,AGGCAGGAGGCTCATAGAAA,0,573315
araCp,0.25,3,3,AGGCAGCAAGAGATATCCGA,0,534676
araCp,0.25,3,3,AGGCACGGTAGGCAAGACCC,0,531506
araCp,0.25,3,3,AGGATTCGGTGGAGTCATTA,0,600059
araCp,0.25,3,3,AGGATGCGCCGAGCGAGTTC,0,599913
araCp,0.25,3,3,AGGAGGGATCCTTTAGGATT,0,533640
araCp,0.25,3,3,AGGAGCCGCCGTTTATTCAC,0,563790
araCp,0.25,3,3,AGGAGCCCACGGTAGAACAT,0,582574
araCp,0.25,3,3,AGGAGCACAATAGCTATCAG,0,528540
araCp,0.25,3,3,AGGAGATTCAAGGGGTATTT,0,541481
araCp,0.25,3,3,AGGAGACAGCCATGTATTCA,0,596791
araCp,0.25,3,3,AGGACGTATCCGAGAGGCCA,0,585251
araCp,0.25,3,3,AGGACGCCGACGAGGAACGA,0,537222
araCp,0.25,3,3,AGGACGATGGCTAGTTGGTT,0,546188
araCp,0.25,3,3,AGGAAGTAGTAAAAAAAGGT,0,544588
araCp,0.25,3,3,AGGAAAGTTACTGTACATCC,0,567814
araCp,0.25,3,3,AGGAAAGCGTTGGGAAACGT,0,587997
araCp,0.25,3,3,AGCTTTAAAAGTCGGACTCT,0,544166
araCp,0.25,3,3,AGCTTCTCAAAGGCCCGGTA,0,551085
araCp,0.25,3,3,AGCTTCGATTGTAATGGCAT,0,575534
araCp,0.25,3,3,AGCTTCCCTTGTCAATCGAT,0,564809
araCp,0.25,3,3,AGCTTCAACCAAGAGGCGAC,0,572372
araCp,0.25,3,3,AGCTTACCGTCGAGCAGGGG,0,538734
araCp,0.25,3,3,AGCTGTGTGTCGCGGGTGAA,0,565701
araCp,0.25,3,3,AGCTGCTCTCCAGGGGCGTA,0,591492
araCp,0.25,3,3,AGCTCCATATTGCTGCTATG,0,547385
araCp,0.25,3,3,AGCTATGATCACGCGCGAGG,0,540946
araCp,0.25,3,3,AGCTAGCCCAAATACCGCGT,0,594149
araCp,0.25,3,3,AGCTACTGTCTTGAATGCCT,0,584503
araCp,0.25,3,3,AGCTACAGAACGACCGGATT,0,580366
araCp,0.25,3,3,AGCTAAGACCGGTCCATCTC,0,572936
araCp,0.25,3,3,AGCGTTGAGAAACCATGTGA,0,576218
araCp,0.25,3,3,AGCGTTAGTGTCATTGATTT,0,535622
araCp,0.25,3,3,AGCGTCACTCCTGGCCGGGG,0,578757
araCp,0.25,3,3,AGCGGTCCGTAATTTATCCG,0,579847
araCp,0.25,3,3,AGCGGCGTATTTAGACGCAG,0,571465
araCp,0.25,3,3,AGCGCGACTCGTGGGGCCAG,0,531713
araCp,0.25,3,3,AGCGCGAATGCCATGAGTGC,0,563758
araCp,0.25,3,3,AGCGAAATCTGGCGTCGGCT,0,566219
araCp,0.25,3,3,AGCCGTTCTGGACCGAATTC,0,577365
araCp,0.25,3,3,AGCCGGTTTATAGACCGCGC,0,596337
araCp,0.25,3,3,AGCCGGTGAAGCCACGAATC,0,530354
araCp,0.25,3,3,AGCCGGCTTAAGCTCACGGG,0,559597
araCp,0.25,3,3,AGCCGCATGAAGTCCAGCAA,0,554490
araCp,0.25,3,3,AGCCCTGTTGGCGCGCATGC,0,603459
araCp,0.25,3,3,AGCCCCCTGCACTAGCCGGG,0,547702
araCp,0.25,3,3,AGCCAATAGGCATATGATCG,0,578610
araCp,0.25,3,3,AGCATGAGTCTCCCTCGCGA,0,532742
araCp,0.25,3,3,AGCATGAGGGACCGTTTCTA,0,536881
araCp,0.25,3,3,AGCATCCCCAAGGACTTGTT,0,588346
araCp,0.25,3,3,AGCATAGGCCCAACCCTAGA,0,593084
araCp,0.25,3,3,AGCAGTTTTTATAGTGAGTC,0,575568
araCp,0.25,3,3,AGCAGCTTAATTGACGCGAC,0,579138
araCp,0.25,3,3,AGCAGCTGTCGGAAAAACCT,0,534798
araCp,0.25,3,3,AGCACGTCCGTTATGACCTC,0,533141
araCp,0.25,3,3,AGCAAGTTTAATGTTTCTAG,0,572213
araCp,0.25,3,3,AGCAAGGTGTGGTGAGGACG,0,529396
araCp,0.25,3,3,AGCAAGCTCGGGCCATGCTA,0,600034
araCp,0.25,3,3,AGCAACTTTCCCGGTCTCAG,0,527525
araCp,0.25,3,3,AGATTGTTGGTATTCTAGGT,0,600333
araCp,0.25,3,3,AGATTCACAAGTTTAGTAGA,0,525812
araCp,0.25,3,3,AGATGTCGTTGACCAATCAA,0,579579
araCp,0.25,3,3,AGATGGGTGAGTAATTTCAG,0,589846
araCp,0.25,3,3,AGATGCAATTAGTGCAGTGG,0,600269
araCp,0.25,3,3,AGATAACGCAACATTCCCTC,0,544965
araCp,0.25,3,3,AGAGTTATACCGCCTGGATG,0,577194
araCp,0.25,3,3,AGAGTACCAGGCCATCGCAA,0,570541
araCp,0.25,3,3,AGAGTAATAAGTGGACGGAA,0,561505
araCp,0.25,3,3,AGAGCTACATGATCCGTTAG,0,533753
araCp,0.25,3,3,AGAGCGTCGAACCTCATTCG,0,542791
araCp,0.25,3,3,AGAGCACTTCTCGTAACCAA,0,531451
araCp,0.25,3,3,AGAGATTATTGAACTCGTGT,0,533941
araCp,0.25,3,3,AGAGATGCCATGGTCTCTGT,0,566248
araCp,0.25,3,3,AGAGATAGCTTTAGTATCTA,0,590745
araCp,0.25,3,3,AGAGAGTCACGCTACACCGT,0,576936
araCp,0.25,3,3,AGAGAAGCAGTTCGCTTTTA,0,573396
araCp,0.25,3,3,AGACTTTAGCGGCCAACCTT,0,533759
araCp,0.25,3,3,AGACGGTTGGGCGCACGCCA,0,542712
araCp,0.25,3,3,AGACGAACTCGATTTACTCG,0,562835
araCp,0.25,3,3,AGACCGTCCCGCTGAACTTC,0,590247
araCp,0.25,3,3,AGACCCTGCGTGAATCATCT,0,552785
araCp,0.25,3,3,AGAATGCATACTGGCGTCCG,0,588958
araCp,0.25,3,3,AGAATCTTAGGAAAAGACAA,0,596282
araCp,0.25,3,3,AGAATAACTTTTTTGCAGGC,0,573053
araCp,0.25,3,3,AGAATAACCCGCATTGGGCT,0,600531
araCp,0.25,3,3,AGAAGTTGTTGCTTAGATTA,0,540345
araCp,0.25,3,3,AGAAGTTGAGCCTCGCGTCT,0,527298
araCp,0.25,3,3,AGAACTCATCGGAGGTTTCT,0,534285
araCp,0.25,3,3,AGAACGACAGATCGGATTGG,0,563071
araCp,0.25,3,3,AGAACATGAACGCCGGATGT,0,562933
araCp,0.25,3,3,AGAAAGGGGTCAATACCAAC,0,565657
araCp,0.25,3,3,AGAAAGGCCAGCCGGCAGGA,0,592114
araCp,0.25,3,3,AGAAACGGACACGTCAATGG,0,526146
araCp,0.25,3,3,AGAAAACGAGATGATTCCAG,0,530459
araCp,0.25,3,3,ACTTTACCTGCCGGAAACTG,0,551337
araCp,0.25,3,3,ACTTGTTCACACGTTACTAC,0,578093
araCp,0.25,3,3,ACTTGGTCTCGACATTGCTT,0,541403
araCp,0.25,3,3,ACTTGGGAGCAACAACGGCA,0,570095
araCp,0.25,3,3,ACTTCGTAGATCCCGGCCTA,0,598257
araCp,0.25,3,3,ACTTCAGCTTGCAGCACAGA,0,577945
araCp,0.25,3,3,ACTTCACGAGACGTGTCATA,0,542982
araCp,0.25,3,3,ACTTAGTGACACTCCCCCCC,0,597121
araCp,0.25,3,3,ACTTACACCGCCCTTACGTT,0,565185
araCp,0.25,3,3,ACTTAATCAAGTCGATACGA,0,580153
araCp,0.25,3,3,ACTGTTTAAAGAGAACCTTC,0,542853
araCp,0.25,3,3,ACTGTACTAAGAAGCGGGTT,0,534784
araCp,0.25,3,3,ACTGGATATCGCCTGAACTA,0,586882
araCp,0.25,3,3,ACTGGAATCCAATGTCGTCT,0,562828
araCp,0.25,3,3,ACTGCTCTTCTAAGGGCGAG,0,598023
araCp,0.25,3,3,ACTGAGAGTGTCAAGCTCGG,0,567143
araCp,0.25,3,3,ACTGACTACGCATCACTTCT,0,529780
araCp,0.25,3,3,ACTCTTTAGAGTCTAGCAGT,0,553096
araCp,0.25,3,3,ACTCTTCTTATGCTTAGACT,0,573126
araCp,0.25,3,3,ACTCTGCCACTCCCGAAAAC,0,585024
araCp,0.25,3,3,ACTCGTTCTGCCAGGTCGGC,0,532925
araCp,0.25,3,3,ACTCGGTCGAGTGGAACAAA,0,559284
araCp,0.25,3,3,ACTCGGCTGACGCACCCATT,0,542015
araCp,0.25,3,3,ACTCGGACACATACTTCGTC,0,539659
araCp,0.25,3,3,ACTCGCTTACGATCTATATT,0,575465
araCp,0.25,3,3,ACTCCTCATGCGTGTGTTTA,0,600749
araCp,0.25,3,3,ACTCCCCACCACTCGTATCT,0,531092
araCp,0.25,3,3,ACTCCACGTTCTACATCTTC,0,573649
araCp,0.25,3,3,ACTCCACGAAGTGACGGAAT,0,577155
araCp,0.25,3,3,ACTCAGAAGCGTATCAGCCC,0,556981
araCp,0.25,3,3,ACTCACTGCGATTTCCACAT,0,562350
araCp,0.25,3,3,ACTCAAGAGGGTGCGGCGCA,0,594979
araCp,0.25,3,3,ACTATTCATAGGCCTCGGGT,0,527880
araCp,0.25,3,3,ACTAGCCGATGGTACGAAGA,0,590769
araCp,0.25,3,3,ACTAGAGCTACCGGTTTTTA,0,554244
araCp,0.25,3,3,ACTACTCCGGGACAGGGTTT,0,567959
araCp,0.25,3,3,ACTACGTGGGCCAAAGGCGA,0,546396
araCp,0.25,3,3,ACTACCGATTATCCGTATCC,0,536283
araCp,0.25,3,3,ACTACCAATGAGGTCCACCT,0,601024
araCp,0.25,3,3,ACTACAACACAGTGGGAAGC,0,552302
araCp,0.25,3,3,ACGTTTACGTTCGTGCTCAA,0,559096
araCp,0.25,3,3,ACGTTGTTACAGACGGTAGT,0,584490
araCp,0.25,3,3,ACGTTCTTTAGGAGCCCACT,0,558489
araCp,0.25,3,3,ACGTTCCCCTGGTTACCAAC,0,534163
araCp,0.25,3,3,ACGTTAGGGCGGCGCTCTCT,0,572426
araCp,0.25,3,3,ACGTTACCCAACATTTGTGA,0,576929
araCp,0.25,3,3,ACGTTACAGCAGTTGGATAG,0,592482
araCp,0.25,3,3,ACGTGTAAGATACGCTAGCC,0,557871
araCp,0.25,3,3,ACGTGGCGGTGCCACTTGTG,0,581619
araCp,0.25,3,3,ACGTGGATTCGTCCTGCAGC,0,551688
araCp,0.25,3,3,ACGTCTCTTTATGTTGCCGG,0,601156
araCp,0.25,3,3,ACGTCATGCCCGGAATATTA,0,570933
araCp,0.25,3,3,ACGTACGGGTAAATTTAACG,0,549071
araCp,0.25,3,3,ACGGTTCAGGGGCGCAATTC,0,599294
araCp,0.25,3,3,ACGGTCGTGGAATATAAAAT,0,565957
araCp,0.25,3,3,ACGGTACACCCTCGCTCCAC,0,598878
araCp,0.25,3,3,ACGGGCGGGGTCGGGAAGTA,0,589012
araCp,0.25,3,3,ACGGCATACCCCAAGGACAT,0,595282
araCp,0.25,3,3,ACGGATCGACCGGAACTGTG,0,575905
araCp,0.25,3,3,ACGGAATGGTAGCAGTTTAT,0,580104
araCp,0.25,3,3,ACGCTTGAAACTGGTGGAGT,0,542303
araCp,0.25,3,3,ACGCTCGTACGGTGAGCTTG,0,537636
araCp,0.25,3,3,ACGCGATTGGATCGCTATAA,0,553558
araCp,0.25,3,3,ACGCCGATCCTGTAGGTGGG,0,580023
araCp,0.25,3,3,ACGCCATTCGGGTTGAAAGT,0,547446
araCp,0.25,3,3,ACGATCGTACGGAAGTTCAC,0,559770
araCp,0.25,3,3,ACGATAGACATTGGTTTGAG,0,582844
araCp,0.25,3,3,ACGAGGAGTTCGTAGGCGCG,0,551488
araCp,0.25,3,3,ACGACTCCTCGGAGCTCGGT,0,548609
araCp,0.25,3,3,ACGACCATTTAATCTTCGAC,0,530784
araCp,0.25,3,3,ACGACATCAGCCCGATGTGG,0,570876
araCp,0.25,3,3,ACGAATGTCAGCCTAGGATT,0,566231
araCp,0.25,3,3,ACGAACGCTCACTGGTCCTA,0,558632
araCp,0.25,3,3,ACGAAATGCCCCTTAGGAAC,0,554791
araCp,0.25,3,3,ACCTTGCGAATTAATTATCT,0,544654
araCp,0.25,3,3,ACCTTGCCTTCCTCAGGATT,0,561158
araCp,0.25,3,3,ACCTGGTGCGGTCATGTAAT,0,540356
araCp,0.25,3,3,ACCTGCATTGATCTCGCCTT,0,591764
araCp,0.25,3,3,ACCTCCCGCAAGGGGGGTGC,0,565662
araCp,0.25,3,3,ACCTCCAATAATTGTTAAGA,0,602232
araCp,0.25,3,3,ACCTAATACTCGGTATAAGT,0,600958
araCp,0.25,3,3,ACCGTTTGTTGGTATCAAAT,0,550866
araCp,0.25,3,3,ACCGTCGTTTAGCGAGATTG,0,531912
araCp,0.25,3,3,ACCGTCGTAGTCACTAATTA,0,575341
araCp,0.25,3,3,ACCGGGATACGTGAAGGCAA,0,569508
araCp,0.25,3,3,ACCGGCCTCAGCACGTTAGG,0,581375
araCp,0.25,3,3,ACCGATGAGAGCCGATTAGT,0,586343
araCp,0.25,3,3,ACCGAAGTACGGTACTTAGT,0,575591
araCp,0.25,3,3,ACCCTGCTACTTGGGATGCG,0,578047
araCp,0.25,3,3,ACCCTCCATCACCCTCGGCT,0,539675
araCp,0.25,3,3,ACCCTACTACTTACAAACCA,0,545613
araCp,0.25,3,3,ACCCGAAGCGGGGTGCCTCC,0,552298
araCp,0.25,3,3,ACCCCGTCCGCCGGCTGTCG,0,565202
araCp,0.25,3,3,ACCCCCTTATGGGTTTGCGT,0,545686
araCp,0.25,3,3,ACCCCAAGCTGAAGACGTGC,0,560402
araCp,0.25,3,3,ACCCAGCGCAGTGTTCTAAG,0,567998
araCp,0.25,3,3,ACCCAACTATACTGATCTAC,0,589605
araCp,0.25,3,3,ACCCAACGGGGTTGGGCTTG,0,576456
araCp,0.25,3,3,ACCAGTGTCGGGTTACAGGA,0,575458
araCp,0.25,3,3,ACCACGGTATGTTAGAGTGG,0,552504
araCp,0.25,3,3,ACATTTGCCTAGTGCTTTAC,0,571101
araCp,0.25,3,3,ACATTTCAGTGCGTATGGCA,0,536965
araCp,0.25,3,3,ACATTGTGGTGGTTCGTCCT,0,563660
araCp,0.25,3,3,ACATTGAAAGGCTTACTAAC,0,537760
araCp,0.25,3,3,ACATTCTGACTTTATTCCAT,0,544307
araCp,0.25,3,3,ACATTACGCTGTCCAAATGG,0,579452
araCp,0.25,3,3,ACATGGGTCGGCCCTGGAAT,0,532907
araCp,0.25,3,3,ACATGCTGCACCCATTCAAC,0,537203
araCp,0.25,3,3,ACATGCCAGCGTTGTGGAAA,0,562404
araCp,0.25,3,3,ACATCTGGTGCTAGGGACGG,0,597125
araCp,0.25,3,3,ACATCTCCACGTGTACGGTA,0,572068
araCp,0.25,3,3,ACATCCCTTTCAAACGGTCC,0,593251
araCp,0.25,3,3,ACATATTAAATTATAGCTTT,0,559421
araCp,0.25,3,3,ACATAGCATGAGCGCCAAGA,0,536073
araCp,0.25,3,3,ACATAATTCAGGGGAAAGCA,0,587132
araCp,0.25,3,3,ACAGTTTACAGAGAGTCTGG,0,591496
araCp,0.25,3,3,ACAGTTCGATGAAGGTACTT,0,572127
araCp,0.25,3,3,ACAGTGGCTAAGGCACCCTT,0,563642
araCp,0.25,3,3,ACAGTCAAGTCAGTGTTTCG,0,576458
araCp,0.25,3,3,ACAGTACTCTACATACCTCA,0,551262
araCp,0.25,3,3,ACAGGTGTGATCTTCGAGAA,0,555068
araCp,0.25,3,3,ACAGGTGACACAGTCATCAA,0,598639
araCp,0.25,3,3,ACAGGAAGAAGTGAAGCGGC,0,551873
araCp,0.25,3,3,ACAGCGTTTCACAGTGTTTT,0,531128
araCp,0.25,3,3,ACAGCCATCGCTGCCATGTG,0,561234
araCp,0.25,3,3,ACAGATGCAACCGCCGAGTC,0,538705
araCp,0.25,3,3,ACAGATGAGAGTCGTTCAGC,0,545682
araCp,0.25,3,3,ACAGATCAGGCGCTTTAGCT,0,575754
araCp,0.25,3,3,ACAGAATATCAGTCGGCCCC,0,557921
araCp,0.25,3,3,ACACTGCTGAATGCATATAA,0,584845
araCp,0.25,3,3,ACACGTTTGTGCCCTACCTA,0,553489
araCp,0.25,3,3,ACACGTCGCTACGTAGATCC,0,574229
araCp,0.25,3,3,ACACGGAACCTTTCCGGCGG,0,587436
araCp,0.25,3,3,ACACCCATAGGCGAGGGGCC,0,552688
araCp,0.25,3,3,ACACATGTGCGTCGTAGCTG,0,594522
araCp,0.25,3,3,ACACATGGTTATGATTCGCT,0,543176
araCp,0.25,3,3,ACACAGCGGGCCAATCCAGG,0,532009
araCp,0.25,3,3,ACAATTGTAAGTTGAGGCAG,0,540858
araCp,0.25,3,3,ACAATAAGTGATGCGCAATA,0,539755
araCp,0.25,3,3,ACAAGTAACAGTCAGACTGG,0,602192
araCp,0.25,3,3,ACAAGCCGCACTCGTACACT,0,558642
araCp,0.25,3,3,ACAAGCAATCCAGGCCGTCG,0,561433
araCp,0.25,3,3,ACAAGATAGAGGATGCCGGA,0,570944
araCp,0.25,3,3,ACAAGATACAAGTTCAGTCA,0,553816
araCp,0.25,3,3,ACAACAATTACTGATGGTTC,0,592336
araCp,0.25,3,3,ACAAACAGCATTTATCCCAC,0,533989
araCp,0.25,3,3,AATTTCCAACGCAGGTTTGT,0,569625
araCp,0.25,3,3,AATTGGGACCGTGCTTATTC,0,548168
araCp,0.25,3,3,AATTGGCACTGGTTCAAGGT,0,549617
araCp,0.25,3,3,AATTGCTTTCAGCCCTAAAT,0,553138
araCp,0.25,3,3,AATTGAAGACGTAGACTGCT,0,595353
araCp,0.25,3,3,AATTCTCGGCATCAGAGGGA,0,543988
araCp,0.25,3,3,AATTCTCCATTATGGATGTT,0,533777
araCp,0.25,3,3,AATTCGCTTGCATCCTAATA,0,571440
araCp,0.25,3,3,AATTCCTGGACTCCCCGCGT,0,595685
araCp,0.25,3,3,AATTCACAGCTACCTACTCT,0,551219
araCp,0.25,3,3,AATTATGTCAACTCTCCCCA,0,541945
araCp,0.25,3,3,AATTACTTGGGTCGTCGAAA,0,585376
araCp,0.25,3,3,AATGTTACTGCTAGCACAAT,0,557363
araCp,0.25,3,3,AATGTCTTCTTTCAAGACCA,0,526006
araCp,0.25,3,3,AATGTCGCACATGAATGAAC,0,593525
araCp,0.25,3,3,AATGGCTCTGCTGAGTGACT,0,544410
araCp,0.25,3,3,AATGGACCAGGTGTCGTGCT,0,564083
araCp,0.25,3,3,AATGCTGCAAAGGTCGAGTC,0,579738
araCp,0.25,3,3,AATCTTGCGGACCGGAGTGG,0,548850
araCp,0.25,3,3,AATCTGTCAGTACTGAGATG,0,561733
araCp,0.25,3,3,AATCTCATGTTCCCACTGCT,0,554903
araCp,0.25,3,3,AATCTAGGGGGATAATGTGA,0,533763
araCp,0.25,3,3,AATCGTGATCAATAAGGATA,0,602631
araCp,0.25,3,3,AATCGTCCGTGACAGTGGTA,0,573726
araCp,0.25,3,3,AATCGGTTGCCTTTCGCGGC,0,588472
araCp,0.25,3,3,AATCGGATCCGGTCCTCTGT,0,562310
araCp,0.25,3,3,AATCCTCTTACACAGGTAGT,0,559948
araCp,0.25,3,3,AATCCGGGATGTAGGCTAAT,0,598042
araCp,0.25,3,3,AATCCGATGACGTGTATGCC,0,532608
araCp,0.25,3,3,AATCCCCTACCACATATACT,0,568610
araCp,0.25,3,3,AATCCACAGAGACCACTCCG,0,583579
araCp,0.25,3,3,AATCATCATACCTCATTTCC,0,550956
araCp,0.25,3,3,AATCAGAGTGTCGTCCTGAA,0,600891
araCp,0.25,3,3,AATCACCCGTATTTGGCCGT,0,599051
araCp,0.25,3,3,AATCAACCGACCTATTCTCA,0,527367
araCp,0.25,3,3,AATCAACACGTTACCTTGGA,0,599785
araCp,0.25,3,3,AATATTCGTGCCACGGGCGA,0,599291
araCp,0.25,3,3,AATATTATGAAGCAAGCAGT,0,538246
araCp,0.25,3,3,AATATGTTTGTAGAAATTAG,0,570151
araCp,0.25,3,3,AATATGGGATTCAGTACCTT,0,563567
araCp,0.25,3,3,AATATCAGCACGTGGTAAAT,0,552458
araCp,0.25,3,3,AATAGATAGTACATGCTAAT,0,539494
araCp,0.25,3,3,AATACGGTCCACACAGGTTT,0,536177
araCp,0.25,3,3,AATACCGTCAACATGAAGAC,0,578752
araCp,0.25,3,3,AATACCAGCAGGTATAAAAT,0,595370
araCp,0.25,3,3,AATAATATATCCATGCTTAT,0,568808
araCp,0.25,3,3,AATAAGAGGGGTAGTGCAAC,0,570520
araCp,0.25,3,3,AATAACAGATAGGGAGCGTC,0,594085
araCp,0.25,3,3,AAGTTCTCAGCCCTGTCCAA,0,589566
araCp,0.25,3,3,AAGTCGGCGTCATGGAGGAC,0,527614
araCp,0.25,3,3,AAGTAAATGTGTCGCTCGGG,0,526766
araCp,0.25,3,3,AAGGTGTCACATGTATGTCC,0,602416
araCp,0.25,3,3,AAGGGTGCCATCATACGTTG,0,525906
araCp,0.25,3,3,AAGGGGGCCATTCCCTTGGC,0,594737
araCp,0.25,3,3,AAGGGACTCCGTTATCACAA,0,588855
araCp,0.25,3,3,AAGGCGGTCTCGGAGATTAG,0,551899
araCp,0.25,3,3,AAGGATTCTTAATCGGAGTT,0,593634
araCp,0.25,3,3,AAGGATCTCCGATATTGTTT,0,538426
araCp,0.25,3,3,AAGGAGTCACCATCAACCTT,0,601695
araCp,0.25,3,3,AAGGACCGGCCAGACTTGCG,0,537278
araCp,0.25,3,3,AAGGACCATTTTATATGCAT,0,549601
araCp,0.25,3,3,AAGCTTTAGATACCCAGTGA,0,550896
araCp,0.25,3,3,AAGCTAGTTGACAGTTAGAC,0,564195
araCp,0.25,3,3,AAGCGTGTTTGTATACGTGC,0,536315
araCp,0.25,3,3,AAGCGCGTCATCGCCCTGAA,0,567090
araCp,0.25,3,3,AAGCCGCTAGGACGGACCTG,0,543649
araCp,0.25,3,3,AAGCAGCAAGTTGTGAGGCC,0,528711
araCp,0.25,3,3,AAGCAGAAGAGCGAGTCGCT,0,588024
araCp,0.25,3,3,AAGCACGCGGCAATGCCGTA,0,531909
araCp,0.25,3,3,AAGCACCATTTAGTCTACGA,0,592516
araCp,0.25,3,3,AAGATAATTATTTTACGGCA,0,590813
araCp,0.25,3,3,AAGAGGACGCCTCGCCCCTC,0,538096
araCp,0.25,3,3,AAGAATTGCGAGTCACGATA,0,568877
araCp,0.25,3,3,AAGAAGCGCCTTATATTAGT,0,601532
araCp,0.25,3,3,AAGAAGAATTCAATGGTTTG,0,527844
araCp,0.25,3,3,AAGAACGTCGTTCACCCAGT,0,592307
araCp,0.25,3,3,AAGAACACCTTGGAATAAAC,0,582145
araCp,0.25,3,3,AAGAAACGTACAGGTAATGT,0,595954
araCp,0.25,3,3,AACTTTGGACATGGCTGTAA,0,551145
araCp,0.25,3,3,AACTTCCAAAGCGGAGCCAT,0,548292
araCp,0.25,3,3,AACTGTTGAGACATGAATAC,0,563877
araCp,0.25,3,3,AACTGTGGAGTAAGTCCATG,0,594271
araCp,0.25,3,3,AACTGGCTTGGAGAACTTTA,0,569012
araCp,0.25,3,3,AACTGAAGGTAGTTGAAGTG,0,599627
araCp,0.25,3,3,AACTATAGAGTTTAGCTTGA,0,542518
araCp,0.25,3,3,AACTACAGGCGCTTTTTTTA,0,601676
araCp,0.25,3,3,AACGTCCATTTATCACCATT,0,579562
araCp,0.25,3,3,AACGGTTCTACCACAGTTTG,0,551590
araCp,0.25,3,3,AACGGATTTGGAGGACCGGA,0,577700
araCp,0.25,3,3,AACGGACCGGGCCGTACATT,0,528150
araCp,0.25,3,3,AACGCTCCGGCCCACAGGGG,0,527439
araCp,0.25,3,3,AACGCGCTCCGTGTGAAGAA,0,578247
araCp,0.25,3,3,AACGCGACCGGGGGCTCGTT,0,586411
araCp,0.25,3,3,AACGCCAACTGGCCCTTGGA,0,584907
araCp,0.25,3,3,AACGAACTACCTACAAGGCT,0,601652
araCp,0.25,3,3,AACCTGAATTAAGTTGCGCC,0,544256
araCp,0.25,3,3,AACCCTATTACGAAGTCCGT,0,572922
araCp,0.25,3,3,AACCCAATACACTTAGGTTC,0,540715
araCp,0.25,3,3,AACCAGTTTTGGGCTGTCCG,0,569392
araCp,0.25,3,3,AACAGTTAGCGCGTGGATTC,0,578375
araCp,0.25,3,3,AACAGCTGTAAGACCCTAGG,0,546211
araCp,0.25,3,3,AACACGGTAAGGTACATACC,0,572173
araCp,0.25,3,3,AACACCTCGCATGCACAAAC,0,549410
araCp,0.25,3,3,AACAATTAATTTGCTACACA,0,559839
araCp,0.25,3,3,AACAAAAAAGCGGGGACTTC,0,538741
araCp,0.25,3,3,AAATTTTCGCTGGCTCGACA,0,562945
araCp,0.25,3,3,AAATGTGAGATATTACCGTG,0,530772
araCp,0.25,3,3,AAATGGTCGCAAGTCCCAGT,0,538347
araCp,0.25,3,3,AAATGCTCTCACTCAGAAAC,0,569653
araCp,0.25,3,3,AAATGCAGGGGATCTCGTCT,0,570589
araCp,0.25,3,3,AAATGAGTTTCTGAAACGCG,0,534122
araCp,0.25,3,3,AAATCTTCATGCCTATATTG,0,593411
araCp,0.25,3,3,AAATCGTCAATGGTTTCGAC,0,535229
araCp,0.25,3,3,AAATCAAGACCTGAGAAAAC,0,543063
araCp,0.25,3,3,AAATACGGTCAGGGTAAGAG,0,590951
araCp,0.25,3,3,AAAGTTTTCCGCTTAGGCCA,0,570766
araCp,0.25,3,3,AAAGTGAGTAGCGGTCATTT,0,560520
araCp,0.25,3,3,AAAGTCAGCGTGGCCTCTCA,0,588241
araCp,0.25,3,3,AAAGGGTTCTAATCTTGTCT,0,537780
araCp,0.25,3,3,AAAGGGCTGGAGGGCGTGAG,0,528333
araCp,0.25,3,3,AAAGGGCTGCGTCTCTCCAC,0,580423
araCp,0.25,3,3,AAAGGATCGCAAAGACTAAG,0,582962
araCp,0.25,3,3,AAAGGAAAATGGGTCGGCTC,0,579132
araCp,0.25,3,3,AAAGAGTATGACTGGCTAAG,0,584059
araCp,0.25,3,3,AAAGAACAATGTTTCGCCGG,0,547647
araCp,0.25,3,3,AAACTGTGCAGTTTACACTC,0,527033
araCp,0.25,3,3,AAACGTTGCCGCCGCGTATA,0,567167
araCp,0.25,3,3,AAACGTAAAACCCTATTTAC,0,571776
araCp,0.25,3,3,AAAATTGGTGCTAGTGCTTA,0,593255
araCp,0.25,3,3,AAAAGGGTGACTATCACAGG,0,540225
araCp,0.25,3,3,AAAAGGAATGGGCCGTATTA,0,557892
araCp,0.25,3,3,AAAACGGCGCACTGAGCGTT,0,601070
araCp,0.25,3,3,AAAACCTGCTCCTTACGGGG,0,571925
araCp,0.25,3,3,AAAAACCCCCTGACACGCAT,0,550696
araCp,0.3333333333333333,2,2,TTTTTGTACTATCGTTAAAA,0,560328
araCp,0.3333333333333333,2,2,TTTTTATCCCATTTTGGATA,0,572644
araCp,0.3333333333333333,2,2,TTTTTAAAATGCATTGTGTC,0,581656
araCp,0.3333333333333333,2,2,TTTTGTGGTTACTTCTGTGA,0,594645
araCp,0.3333333333333333,2,2,TTTTGGTCCGGCCGTATAAC,0,555541
araCp,0.3333333333333333,2,2,TTTTGGCGTCTAAGAAACTA,0,546865
araCp,0.3333333333333333,2,2,TTTTGGAGTGCGCTGGGTTA,0,530144
araCp,0.3333333333333333,2,2,TTTTGGAGAGAATGCCAAGA,0,529256
araCp,0.3333333333333333,2,2,TTTTGCCACGCTCGCGAGTT,0,544229
araCp,0.3333333333333333,2,2,TTTTCGGTGCTACGAAATTG,0,536827
araCp,0.3333333333333333,2,2,TTTTCCTTAGGCAACGCTGT,0,540079
araCp,0.3333333333333333,2,2,TTTTCAAGATATCGGTCTAT,0,597565
araCp,0.3333333333333333,2,2,TTTTATCGGACTCCTCCGGA,0,566584
araCp,0.3333333333333333,2,2,TTTTATAGCGGTATTTTGGT,0,586497
araCp,0.3333333333333333,2,2,TTTTACCCAGATCATAGCAT,0,555160
araCp,0.3333333333333333,2,2,TTTTAAACTGTGAGGGGCAA,0,557578
araCp,0.3333333333333333,2,2,TTTGTGAAATGAGCCGCATG,0,552756
araCp,0.3333333333333333,2,2,TTTGGCGGGAACCTGGGACT,0,580367
araCp,0.3333333333333333,2,2,TTTGGCCTATCCGATGGCAT,0,531155
araCp,0.3333333333333333,2,2,TTTGGATTGGATGACCCACA,0,592678
araCp,0.3333333333333333,2,2,TTTGGAGGAGGTCACGGGTG,0,529153
araCp,0.3333333333333333,2,2,TTTGCACCCTAACTCTAACT,0,585386
araCp,0.3333333333333333,2,2,TTTGATTATACGGTACTTTA,0,549612
araCp,0.3333333333333333,2,2,TTTGAGTGAGTCTAAAAATG,0,547128
araCp,0.3333333333333333,2,2,TTTCTAGTGCGGGTCTGATC,0,528163
araCp,0.3333333333333333,2,2,TTTCTAACGGTGGACGACAC,0,538062
araCp,0.3333333333333333,2,2,TTTCGTCTGTTGTTCAGATG,0,541388
araCp,0.3333333333333333,2,2,TTTCGGCGTGTTATCGTTAT,0,535510
araCp,0.3333333333333333,2,2,TTTCGCGGCAAAGCATTTCC,0,601361
araCp,0.3333333333333333,2,2,TTTCCGTCACAACTATCGGT,0,581055
araCp,0.3333333333333333,2,2,TTTCAGTGCAGTTACGAGAT,0,526978
araCp,0.3333333333333333,2,2,TTTCAGGCGCGTCCTCAACA,0,584204
araCp,0.3333333333333333,2,2,TTTATTATCTATTAACTGCA,0,547971
araCp,0.3333333333333333,2,2,TTTATGGTGCAGCAACGTCT,0,550463
araCp,0.3333333333333333,2,2,TTTATGGAGTTCTGGGAGAT,0,577529
araCp,0.3333333333333333,2,2,TTTAGTGTCCCGCTGGATCT,0,549381
araCp,0.3333333333333333,2,2,TTTAGTAGTAGTACGGCTTA,0,562870
araCp,0.3333333333333333,2,2,TTTAGGAAGGGATTACCGCG,0,529931
araCp,0.3333333333333333,2,2,TTTAGCTCTGATACGCTTAA,0,571228
araCp,0.3333333333333333,2,2,TTTAGAAACAGGGTTGGGTT,0,527073
araCp,0.3333333333333333,2,2,TTTACCGGTACATGGTGCAC,0,566152
araCp,0.3333333333333333,2,2,TTTACCGAGAGCGCCTAGTC,0,554754
araCp,0.3333333333333333,2,2,TTTAATGTGTGTCTCATGTG,0,590425
araCp,0.3333333333333333,2,2,TTTAACTTAGTGGACCCGTT,0,553911
araCp,0.3333333333333333,2,2,TTTAACGGGAATGCAAAGAA,0,550648
araCp,0.3333333333333333,2,2,TTGTTGCGTCGAAGGTAACG,0,555099
araCp,0.3333333333333333,2,2,TTGTTATGGAATCAGGGGGA,0,599464
araCp,0.3333333333333333,2,2,TTGTTATGAGAGTCTAGTAG,0,563559
araCp,0.3333333333333333,2,2,TTGTGTTCGTCGGTGGTTAC,0,540545
araCp,0.3333333333333333,2,2,TTGTGCGTTCAGCGCGCCTC,0,597315
araCp,0.3333333333333333,2,2,TTGTGCCAGGCATACGGATA,0,535738
araCp,0.3333333333333333,2,2,TTGTCGCGGCCGCTAAGTCA,0,548415
araCp,0.3333333333333333,2,2,TTGTCGATTCGCATCAGGGA,0,568065
araCp,0.3333333333333333,2,2,TTGTCGAAGGCTCCTTCGGG,0,567509
araCp,0.3333333333333333,2,2,TTGTCCGCTGAGACCTTTAC,0,591341
araCp,0.3333333333333333,2,2,TTGTAGTTGAAAGGATCAGC,0,563625
araCp,0.3333333333333333,2,2,TTGTAATGATAAGCCATCGG,0,551510
araCp,0.3333333333333333,2,2,TTGTAAACTGACGGCTTAGG,0,538401
araCp,0.3333333333333333,2,2,TTGGTTAGTTTTGCCTAGCA,0,527890
araCp,0.3333333333333333,2,2,TTGGTGGTTCTGCTACCTTA,0,598964
araCp,0.3333333333333333,2,2,TTGGTAAACAAGTAGATGCC,0,571164
araCp,0.3333333333333333,2,2,TTGGGACCTCGGGGGGTAAC,0,547091
araCp,0.3333333333333333,2,2,TTGGCTGTAACCACCGGCGA,0,585839
araCp,0.3333333333333333,2,2,TTGGCCGGTGGATACAAGTA,0,533317
araCp,0.3333333333333333,2,2,TTGGCATTGTTTATTTACAA,0,574690
araCp,0.3333333333333333,2,2,TTGGATCGGTTCAACTATAC,0,573896
araCp,0.3333333333333333,2,2,TTGGATCATACAAGACGCTA,0,583873
araCp,0.3333333333333333,2,2,TTGGACTACTTAATACCGGC,0,544755
araCp,0.3333333333333333,2,2,TTGGAATAAGTGCTACCTAC,0,597537
araCp,0.3333333333333333,2,2,TTGCTTTTATGCCTACCGGC,0,574562
araCp,0.3333333333333333,2,2,TTGCTGTAACCCGCTGGAAC,0,584132
araCp,0.3333333333333333,2,2,TTGCTCTCTCTTTTAGGGTT,0,570318
araCp,0.3333333333333333,2,2,TTGCGTAATACAGCTCACAT,0,555480
araCp,0.3333333333333333,2,2,TTGCGGCACAGCTAACAAGT,0,545612
araCp,0.3333333333333333,2,2,TTGCCTTCCCATCCTCATAT,0,543813
araCp,0.3333333333333333,2,2,TTGCCTCGGCATGTTCTCGC,0,600000
araCp,0.3333333333333333,2,2,TTGCCGAACGGACTGATATT,0,588221
araCp,0.3333333333333333,2,2,TTGCCATTTCCGTAAGATTA,0,541690
araCp,0.3333333333333333,2,2,TTGCCAATATGTGGTAAAAT,0,592063
araCp,0.3333333333333333,2,2,TTGCATACTCAGGTGTTAGT,0,578607
araCp,0.3333333333333333,2,2,TTGCAGGCTAGTAAGCGGTT,0,581990
araCp,0.3333333333333333,2,2,TTGATTACGACGCGAGATTG,0,576533
araCp,0.3333333333333333,2,2,TTGATGGTGACGCCAGTCTC,0,545392
araCp,0.3333333333333333,2,2,TTGATACGCGCACCTCGTCA,0,581831
araCp,0.3333333333333333,2,2,TTGAGGTTGACGCGTCGCTA,0,598578
araCp,0.3333333333333333,2,2,TTGAGGTTATAAGCCCGGAC,0,561188
araCp,0.3333333333333333,2,2,TTGAGAGGCCCGAGAAAACA,0,560005
araCp,0.3333333333333333,2,2,TTGACGGGCATCAAATTTGG,0,585174
araCp,0.3333333333333333,2,2,TTGACCCGCCATTCGTTCTG,0,535887
araCp,0.3333333333333333,2,2,TTGACAAACTCGCTAATAGC,0,543961
araCp,0.3333333333333333,2,2,TTGAACTAAACTGAGTGATG,0,579264
araCp,0.3333333333333333,2,2,TTCTTTCCGAAGATCCGGTC,0,565840
araCp,0.3333333333333333,2,2,TTCTTGGAGGCAGGAATGGG,0,552109
araCp,0.3333333333333333,2,2,TTCTTATGTAAGTCTGAACG,0,570588
araCp,0.3333333333333333,2,2,TTCTTAGGAGACGATTGAGC,0,598336
araCp,0.3333333333333333,2,2,TTCTGTAAAACCTTGTACAT,0,537854
araCp,0.3333333333333333,2,2,TTCTGACAAAACTTCGACTC,0,597370
araCp,0.3333333333333333,2,2,TTCTCACAGAATAGAAGAAC,0,582266
araCp,0.3333333333333333,2,2,TTCTATGGCAAAGACAGTCA,0,592540
araCp,0.3333333333333333,2,2,TTCTATCTGTACTCATTCTT,0,528065
araCp,0.3333333333333333,2,2,TTCTACCTGTAACTGGGATG,0,560659
araCp,0.3333333333333333,2,2,TTCGTTGTTTGTACCAGGCA,0,578231
araCp,0.3333333333333333,2,2,TTCGTTCAGGATTCGTTGCA,0,581504
araCp,0.3333333333333333,2,2,TTCGTGGGACCGGGGAACAC,0,562741
araCp,0.3333333333333333,2,2,TTCGGGGGTTGTCATACTTT,0,588473
araCp,0.3333333333333333,2,2,TTCGGCATAAAGGGATCTGA,0,561851
araCp,0.3333333333333333,2,2,TTCGGATCTCGGGTTCTGTA,0,549710
araCp,0.3333333333333333,2,2,TTCGCGCGATTTTCGGATGT,0,563088
araCp,0.3333333333333333,2,2,TTCGCCGCTCAAGTCGTACA,0,578359
araCp,0.3333333333333333,2,2,TTCGCAAATCGGTGCCCAGT,0,596399
araCp,0.3333333333333333,2,2,TTCGAGTAGCGCGGAGTCTG,0,574668
araCp,0.3333333333333333,2,2,TTCGAGAGCTGACTGTTAGG,0,582596
araCp,0.3333333333333333,2,2,TTCGACACTACTGGCAGGGT,0,580930
araCp,0.3333333333333333,2,2,TTCGAAAGGCGCGGAGGAGC,0,559067
araCp,0.3333333333333333,2,2,TTCCTTCATTGGCCGTACTA,0,565349
araCp,0.3333333333333333,2,2,TTCCTGTTGGTCTTCACTTC,0,572254
araCp,0.3333333333333333,2,2,TTCCGCGCACAGGCATCAAA,0,575420
araCp,0.3333333333333333,2,2,TTCCGAGTCGCTTCCTACCT,0,525895
araCp,0.3333333333333333,2,2,TTCCCTCGAGGAGGCGTAAG,0,558923
araCp,0.3333333333333333,2,2,TTCCCCACAATGCATGTGCA,0,539899
araCp,0.3333333333333333,2,2,TTCCAGCGATGGTCGAGGCA,0,556375
araCp,0.3333333333333333,2,2,TTCCAATTAGGACACTCGCC,0,603144
araCp,0.3333333333333333,2,2,TTCATTCTGGTGTGCGCGAC,0,600234
araCp,0.3333333333333333,2,2,TTCATGCTGGGACCAAGGGC,0,587933
araCp,0.3333333333333333,2,2,TTCATCTTACCCGATACACA,0,531135
araCp,0.3333333333333333,2,2,TTCATCTGTCACGGTTTGCA,0,591882
araCp,0.3333333333333333,2,2,TTCATCGGAAGGGATTAAGA,0,533768
araCp,0.3333333333333333,2,2,TTCATCGAGGGAGTGTGTCG,0,588348
araCp,0.3333333333333333,2,2,TTCATACCCGCTGCTTGGTG,0,562772
araCp,0.3333333333333333,2,2,TTCATAATGCAAATTGCTTG,0,530151
araCp,0.3333333333333333,2,2,TTCAATAGCATCTATACATT,0,538400
araCp,0.3333333333333333,2,2,TTCAAGCTAAGAATCGTGAG,0,596654
araCp,0.3333333333333333,2,2,TTATTATTAAGCGCACGAAT,0,560935
araCp,0.3333333333333333,2,2,TTATTAAGGGAGACCATGGA,0,565660
araCp,0.3333333333333333,2,2,TTATGGGATTCTCGCTTATT,0,572228
araCp,0.3333333333333333,2,2,TTATGATTAAGATGAACCCC,0,585207
araCp,0.3333333333333333,2,2,TTATCTGCATATTTAGAGTA,0,547031
araCp,0.3333333333333333,2,2,TTATCGGCAGCGAAGCTCTC,0,559506
araCp,0.3333333333333333,2,2,TTATCCGTAGCAAAGAGCAG,0,537210
araCp,0.3333333333333333,2,2,TTATCACGTCGGTGGTATGA,0,585558
araCp,0.3333333333333333,2,2,TTATATTGATTAGTACATCC,0,593357
araCp,0.3333333333333333,2,2,TTATACCGAAAAGGAAGCTC,0,527138
araCp,0.3333333333333333,2,2,TTAGTGGACGGACATGATCT,0,537741
araCp,0.3333333333333333,2,2,TTAGTCCAAAGCAGCTTTTA,0,596314
araCp,0.3333333333333333,2,2,TTAGTATCTGCACCCGCAGC,0,580937
araCp,0.3333333333333333,2,2,TTAGTAACCCTCGTCAAAAT,0,595608
araCp,0.3333333333333333,2,2,TTAGGGACGGTCCGAGAGCA,0,594625
araCp,0.3333333333333333,2,2,TTAGGCGGTTCAGGTGGCCC,0,552267
araCp,0.3333333333333333,2,2,TTAGGCAAGCGTCTAGGGGC,0,588332
araCp,0.3333333333333333,2,2,TTAGGACTCATGCTACCTTG,0,603367
araCp,0.3333333333333333,2,2,TTAGCGTGGTGGAGTAGTAA,0,532948
araCp,0.3333333333333333,2,2,TTAGCAGCCGCAAAAGTACG,0,554552
araCp,0.3333333333333333,2,2,TTAGATCTTTCGACGCTAAT,0,531139
araCp,0.3333333333333333,2,2,TTAGAACTTCATAGGAGCAG,0,572569
araCp,0.3333333333333333,2,2,TTAGAACTTAGCCGTTCGGG,0,587683
araCp,0.3333333333333333,2,2,TTACTACGTGCGGACGGCGT,0,591710
araCp,0.3333333333333333,2,2,TTACGTGCCCGTTTGTACGT,0,585396
araCp,0.3333333333333333,2,2,TTACGCCAATCATTAAACAG,0,568015
araCp,0.3333333333333333,2,2,TTACCTGGCGTTAGACGCTA,0,547648
araCp,0.3333333333333333,2,2,TTACCTCTCTGGATGTGGCT,0,577626
araCp,0.3333333333333333,2,2,TTACCCCGAATCAGACCCCA,0,602565
araCp,0.3333333333333333,2,2,TTACCAGAGGGTTGCTTTGG,0,573456
araCp,0.3333333333333333,2,2,TTACAGCACATTTATGCGCT,0,590831
araCp,0.3333333333333333,2,2,TTACAACCCGTCGTATATTG,0,581526
araCp,0.3333333333333333,2,2,TTAATTGCAGACCCGATACC,0,585047
araCp,0.3333333333333333,2,2,TTAATTACCACTACAGGGGG,0,543670
araCp,0.3333333333333333,2,2,TTAAGTTCGGTCGTAACCGG,0,600277
araCp,0.3333333333333333,2,2,TTAAGTGGGCAATGACGAAA,0,586952
araCp,0.3333333333333333,2,2,TTAAGTAATGGTATACGCAA,0,591423
araCp,0.3333333333333333,2,2,TTAAGGTTGATACTATTGTA,0,525998
araCp,0.3333333333333333,2,2,TTAAGAGATAATTTGAGGGA,0,557078
araCp,0.3333333333333333,2,2,TTAAATTTCGCCTTGTGTTG,0,563933
araCp,0.3333333333333333,2,2,TTAAACGTTCGGCGTACGCC,0,544333
araCp,0.3333333333333333,2,2,TTAAACGGGAGTATAGGAGT,0,546789
araCp,0.3333333333333333,2,2,TTAAACCGGGGCGTGAACTC,0,526304
araCp,0.3333333333333333,2,2,TTAAACATCAGATCTGGTAT,0,563661
araCp,0.3333333333333333,2,2,TGTTTTAGGTGGATTATGAG,0,542683
araCp,0.3333333333333333,2,2,TGTTTACTTAAAAATTAATT,0,551273
araCp,0.3333333333333333,2,2,TGTTTAATTCTGTGAGACGA,0,583818
araCp,0.3333333333333333,2,2,TGTTGTAAAGGGGCTTGGGA,0,596794
araCp,0.3333333333333333,2,2,TGTTGATGCGCTGCGTAAAC,0,545217
araCp,0.3333333333333333,2,2,TGTTGAGGGTTTATGTTGCC,0,530702
araCp,0.3333333333333333,2,2,TGTTCTTTCCGGCCGGCAAT,0,582440
araCp,0.3333333333333333,2,2,TGTTCTCGCAACGTTTAGCG,0,591177
araCp,0.3333333333333333,2,2,TGTTCTAGTAGCCGCAAAGC,0,531760
araCp,0.3333333333333333,2,2,TGTTCGAATGTGAATGCACG,0,542535
araCp,0.3333333333333333,2,2,TGTTCCGCTAGGAAAGATCT,0,537182
araCp,0.3333333333333333,2,2,TGTTCATTCGGGGATGGATA,0,592598
araCp,0.3333333333333333,2,2,TGTTCAGGAAGCGATACGCT,0,549351
araCp,0.3333333333333333,2,2,TGTTAGTGGGTCGTATCAGG,0,584832
araCp,0.3333333333333333,2,2,TGTTAGGACTGACGAACAGA,0,560931
araCp,0.3333333333333333,2,2,TGTTAGAGCCAGTACTTTAG,0,538754
araCp,0.3333333333333333,2,2,TGTGTCTACGGACACATAAC,0,602749
araCp,0.3333333333333333,2,2,TGTGTCGCATCGTAGCTAGA,0,599644
araCp,0.3333333333333333,2,2,TGTGTCCTGTGCGGTTAGGG,0,553435
araCp,0.3333333333333333,2,2,TGTGTAGGTCCCAGCCCCTT,0,562183
araCp,0.3333333333333333,2,2,TGTGCTCGCAATCGAATTGT,0,540601
araCp,0.3333333333333333,2,2,TGTGCTCATGGAAGTCCCGA,0,587730
araCp,0.3333333333333333,2,2,TGTGATATAGGCTCAAGCCC,0,574639
araCp,0.3333333333333333,2,2,TGTGAGTTAAGCTCCCACAA,0,549480
araCp,0.3333333333333333,2,2,TGTCTGCCTGATCGCCGTGC,0,546191
araCp,0.3333333333333333,2,2,TGTCTCGGAATCAATAAGGG,0,528309
araCp,0.3333333333333333,2,2,TGTCTATTGTAGATCATACC,0,537483
araCp,0.3333333333333333,2,2,TGTCGGTTAAGGATCTAGGG,0,598305
araCp,0.3333333333333333,2,2,TGTCGGCCTTACTCTCGGGG,0,550619
araCp,0.3333333333333333,2,2,TGTCGATTCGATTCATCATG,0,556424
araCp,0.3333333333333333,2,2,TGTCCTTTAAACGAAAATAG,0,573582
araCp,0.3333333333333333,2,2,TGTCCTCGCCTCCAAGATCC,0,575883
araCp,0.3333333333333333,2,2,TGTCCGCCCCTGTCTCGGTA,0,585662
araCp,0.3333333333333333,2,2,TGTCATCTCAGTAAGTTCAG,0,531123
araCp,0.3333333333333333,2,2,TGTCATCGTCCAGGACGATG,0,544050
araCp,0.3333333333333333,2,2,TGTCAGTTTGGTTTGTTTCT,0,583881
araCp,0.3333333333333333,2,2,TGTCACAGTAAGGAAGGAAA,0,580963
araCp,0.3333333333333333,2,2,TGTCACAAGCCCGTACACTG,0,567839
araCp,0.3333333333333333,2,2,TGTATGGTCAGTGTGGGAAG,0,543569
araCp,0.3333333333333333,2,2,TGTATCGTAGATAACGTCTC,0,545740
araCp,0.3333333333333333,2,2,TGTAGTTAGTATTATATACA,0,600368
araCp,0.3333333333333333,2,2,TGTAGTCGAGGTGTGGTTAG,0,569746
araCp,0.3333333333333333,2,2,TGTAGGCCCAAGGAATCCGA,0,534300
araCp,0.3333333333333333,2,2,TGTACTCTGTGAACGGGTGA,0,601710
araCp,0.3333333333333333,2,2,TGTACTCTCGTGTGAGATGC,0,553665
araCp,0.3333333333333333,2,2,TGTACGTGAAGACGCCAACT,0,542910
araCp,0.3333333333333333,2,2,TGTACCGCCACGTTAGTAAT,0,579756
araCp,0.3333333333333333,2,2,TGTACCACATTAGAGGTATA,0,571389
araCp,0.3333333333333333,2,2,TGTACAGAGGTCAGCTAAGT,0,595202
araCp,0.3333333333333333,2,2,TGTAATTCCTGGTTAAGGGA,0,569429
araCp,0.3333333333333333,2,2,TGTAAGTTCGGTCGCTCTGA,0,584674
araCp,0.3333333333333333,2,2,TGTAACAACCACTCATGAAG,0,572124
araCp,0.3333333333333333,2,2,TGGTTGTATGGGAAGCCCTA,0,547625
araCp,0.3333333333333333,2,2,TGGTTCGCTAATGATTAGCT,0,561455
araCp,0.3333333333333333,2,2,TGGTTAGGGAAGGTTGGCGC,0,572362
araCp,0.3333333333333333,2,2,TGGTGTTGTTGCCTAAGCGT,0,588434
araCp,0.3333333333333333,2,2,TGGTGTGGGTACGTTCGTTT,0,569063
araCp,0.3333333333333333,2,2,TGGTGGCTGACACCCCATTT,0,598397
araCp,0.3333333333333333,2,2,TGGTGGAACATCCACAGGTC,0,580795
araCp,0.3333333333333333,2,2,TGGTGCGTATACTGTTTCCA,0,530750
araCp,0.3333333333333333,2,2,TGGTCGCGTGTACCCGCGTC,0,541117
araCp,0.3333333333333333,2,2,TGGTCCCGACGCCGTCATAA,0,565749
araCp,0.3333333333333333,2,2,TGGTAGCTTTCTCGTTTTCG,0,581847
araCp,0.3333333333333333,2,2,TGGTAGATAGTTGACGGGAT,0,567514
araCp,0.3333333333333333,2,2,TGGTACGTGCCAGTTCAACT,0,598958
araCp,0.3333333333333333,2,2,TGGGTCGCCCGGATGTTCGT,0,585073
araCp,0.3333333333333333,2,2,TGGGTACACGAAGGCGGACT,0,601029
araCp,0.3333333333333333,2,2,TGGGGTGACACGGAGGCAGG,0,561603
araCp,0.3333333333333333,2,2,TGGGGCATTAGTTCCTTTCG,0,556174
araCp,0.3333333333333333,2,2,TGGGCTCCGCGTACGAATAA,0,538209
araCp,0.3333333333333333,2,2,TGGGCTCATATCATGTCCCA,0,542722
araCp,0.3333333333333333,2,2,TGGGCGCTAGAGCGTAATCC,0,550644
araCp,0.3333333333333333,2,2,TGGGATTTAGTTCGTTGTGT,0,594599
araCp,0.3333333333333333,2,2,TGGGACTCACACACTGTGTC,0,565927
araCp,0.3333333333333333,2,2,TGGGAACAAGGAGAATGCTA,0,559380
araCp,0.3333333333333333,2,2,TGGCTCCGACCACTGTAGGT,0,589120
araCp,0.3333333333333333,2,2,TGGCGTTGTACGTTGGCCCA,0,531736
araCp,0.3333333333333333,2,2,TGGCGGTAGTTAGAGCCGTT,0,559269
araCp,0.3333333333333333,2,2,TGGCGGGATCGGAGGCTGTG,0,554829
araCp,0.3333333333333333,2,2,TGGCGCCGGGTTAGTCGCCT,0,567901
araCp,0.3333333333333333,2,2,TGGCCGTCTACGGTGCGCGC,0,530054
araCp,0.3333333333333333,2,2,TGGCCCGTTGCTGAAGGAAG,0,587297
araCp,0.3333333333333333,2,2,TGGCCAGCTTGTTAAACCGA,0,531911
araCp,0.3333333333333333,2,2,TGGCACCGGTGCATGTTCTA,0,584561
araCp,0.3333333333333333,2,2,TGGCAACACTGGAGTGACAC,0,575761
araCp,0.3333333333333333,2,2,TGGAGTGTCGATTAAGCTGG,0,556419
araCp,0.3333333333333333,2,2,TGGAGTCGAGTGTGTCAGAT,0,561457
araCp,0.3333333333333333,2,2,TGGAGGTGTCTGTTGTCGTC,0,582007
araCp,0.3333333333333333,2,2,TGGACGGACGGACAGAGGGG,0,526889
araCp,0.3333333333333333,2,2,TGGACACGGATTTATGACAT,0,568101
araCp,0.3333333333333333,2,2,TGGAAGTGCATGGATATGAA,0,588637
araCp,0.3333333333333333,2,2,TGGAAGCCGTCGCGTTCGCC,0,599550
araCp,0.3333333333333333,2,2,TGGAACACATGGTTAATCTC,0,596722
araCp,0.3333333333333333,2,2,TGGAAAGGATAAGATGAGTC,0,550453
araCp,0.3333333333333333,2,2,TGCTATGGGTCTTGTAAGAG,0,544598
araCp,0.3333333333333333,2,2,TGCGTGTGTACCACGGCACC,0,585561
araCp,0.3333333333333333,2,2,TGCGTAGCCTGTCTTAGCCT,0,569821
araCp,0.3333333333333333,2,2,TGCGGCCTGTACTGAAGACC,0,599830
araCp,0.3333333333333333,2,2,TGCGGCCGCTTCGGGTTAAA,0,595223
araCp,0.3333333333333333,2,2,TGCGGAACACAAGCATTAGT,0,579254
araCp,0.3333333333333333,2,2,TGCGCTTAATGGTACGTCTT,0,548918
araCp,0.3333333333333333,2,2,TGCGCTGCAGTCTTGCGGGT,0,554853
araCp,0.3333333333333333,2,2,TGCGCAAGGACCACACCGGT,0,573721
araCp,0.3333333333333333,2,2,TGCCTTGGCATCATAGCGGT,0,600862
araCp,0.3333333333333333,2,2,TGCCTTATGAGACGGTCGTC,0,537816
araCp,0.3333333333333333,2,2,TGCCGGGATACTAAGTTCAC,0,557626
araCp,0.3333333333333333,2,2,TGCCGCATGTTTCACAAGGG,0,595407
araCp,0.3333333333333333,2,2,TGCCCTTTCTTGAATATTTC,0,570823
araCp,0.3333333333333333,2,2,TGCCCTCTATCTACCCGCCC,0,527317
araCp,0.3333333333333333,2,2,TGCCCATGAAACAGGTCCAT,0,551555
araCp,0.3333333333333333,2,2,TGCCCAGATTCCAAGTGGTG,0,567452
araCp,0.3333333333333333,2,2,TGCCAGTTTAAGAGACTCAA,0,535038
araCp,0.3333333333333333,2,2,TGCCAGGTTCCATATCCAGC,0,590761
araCp,0.3333333333333333,2,2,TGCCAAATGCCCTTGTACGA,0,585570
araCp,0.3333333333333333,2,2,TGCCAAACACGGTGGGATAA,0,529115
araCp,0.3333333333333333,2,2,TGCATGAAACCAGGGAATGT,0,550110
araCp,0.3333333333333333,2,2,TGCAGGTTCGCGGCCCACGG,0,562606
araCp,0.3333333333333333,2,2,TGCAGGGGAAGTCGGTCATG,0,569241
araCp,0.3333333333333333,2,2,TGCAGCGGCGGGTTGTCGCT,0,571779
araCp,0.3333333333333333,2,2,TGCAGAACGCGGATCGCGGT,0,539052
araCp,0.3333333333333333,2,2,TGCACTTCCTGGACTACACA,0,558954
araCp,0.3333333333333333,2,2,TGCACTGGATAACAGATACC,0,589135
araCp,0.3333333333333333,2,2,TGCACGTGTCCTAGAGCCGA,0,580461
araCp,0.3333333333333333,2,2,TGCACGTGCATGCGTATAAA,0,565997
araCp,0.3333333333333333,2,2,TGCACGGCCGTATTTCACGT,0,539607
araCp,0.3333333333333333,2,2,TGCACCACATGGCCTTTGAG,0,597570
araCp,0.3333333333333333,2,2,TGCACCAAGTCGCAGAACTT,0,557924
araCp,0.3333333333333333,2,2,TGCAATAGCTGTTGCAGTAA,0,579176
araCp,0.3333333333333333,2,2,TGCAAATAGGGGGATTGGTT,0,544291
araCp,0.3333333333333333,2,2,TGATTGCAGGTGCCGGTAGT,0,572860
araCp,0.3333333333333333,2,2,TGATTCCAAGTACCTCATGA,0,561340
araCp,0.3333333333333333,2,2,TGATGTAAACTTTCCGGAAA,0,557043
araCp,0.3333333333333333,2,2,TGATGACCCACAATGTTTAT,0,559999
araCp,0.3333333333333333,2,2,TGATCTAGTCGTCTTAGGGG,0,552465
araCp,0.3333333333333333,2,2,TGATCAGCATCTGCTATGAT,0,593246
araCp,0.3333333333333333,2,2,TGATCACGGAGAAGAGGAAG,0,543327
araCp,0.3333333333333333,2,2,TGATACGAGGGCGAAAGATA,0,564827
araCp,0.3333333333333333,2,2,TGATAATGGTCGGAGGCACA,0,582380
araCp,0.3333333333333333,2,2,TGAGTTTTTCCTTCAATTCG,0,587230
araCp,0.3333333333333333,2,2,TGAGTAGTTTTCGGTGGCTA,0,526522
araCp,0.3333333333333333,2,2,TGAGGTGGTCTACGGACCGT,0,561361
araCp,0.3333333333333333,2,2,TGAGGGGCCGAGTGAGGTAA,0,569813
araCp,0.3333333333333333,2,2,TGAGGACATTCCCTTATGAC,0,565025
araCp,0.3333333333333333,2,2,TGAGATACCCCGGCGTAGCC,0,548976
araCp,0.3333333333333333,2,2,TGACTTTAATCTGATAAATG,0,534553
araCp,0.3333333333333333,2,2,TGACGTCCTGATTAATTATT,0,600882
araCp,0.3333333333333333,2,2,TGACGGCAAGCGCGCACATA,0,580623
araCp,0.3333333333333333,2,2,TGACGAGCCCGCGATAGGGA,0,587587
araCp,0.3333333333333333,2,2,TGACCTTTTGCCTCACAGGC,0,580364
araCp,0.3333333333333333,2,2,TGACCTTTAATAGTTATGCC,0,556303
araCp,0.3333333333333333,2,2,TGACCGTTACAGTGGGCGCC,0,593820
araCp,0.3333333333333333,2,2,TGACCGCGATCCTCAGCGGC,0,540236
araCp,0.3333333333333333,2,2,TGACCGCCGAAATTCCCGCT,0,550150
araCp,0.3333333333333333,2,2,TGACAGGTGTTCGAAGGCGT,0,582442
araCp,0.3333333333333333,2,2,TGACACCTCCAGTATGATCA,0,598486
araCp,0.3333333333333333,2,2,TGACAAACCAAGTTTTGAAC,0,598470
araCp,0.3333333333333333,2,2,TGAAGGGGGAACCCGTGATG,0,580866
araCp,0.3333333333333333,2,2,TGAAGGAACCGGTGATGAAC,0,587941
araCp,0.3333333333333333,2,2,TGAAGCCCATCCGGCAAATG,0,530171
araCp,0.3333333333333333,2,2,TGAAGAAAGCACACAAGCTC,0,581946
araCp,0.3333333333333333,2,2,TGAACTGTTGACCCTAGACA,0,529908
araCp,0.3333333333333333,2,2,TGAACTGGGCAATGGGGCCT,0,594849
araCp,0.3333333333333333,2,2,TGAACCTGAGGCGCGATTAA,0,556482
araCp,0.3333333333333333,2,2,TGAACCGCTATGATATGTTA,0,586004
araCp,0.3333333333333333,2,2,TGAACAAAACCTAGAGTACG,0,557346
araCp,0.3333333333333333,2,2,TCTTTGGACGGATATGTTAG,0,570034
araCp,0.3333333333333333,2,2,TCTTGCGCGGTAGGATAGGG,0,586266
araCp,0.3333333333333333,2,2,TCTTGCCCCGAATAAATCTG,0,590814
araCp,0.3333333333333333,2,2,TCTTCTCTTGACAGCACCTG,0,531788
araCp,0.3333333333333333,2,2,TCTTCGGTTACCGTCTATGT,0,558779
araCp,0.3333333333333333,2,2,TCTTCGGTCTAAGCCATTGG,0,595655
araCp,0.3333333333333333,2,2,TCTTCCAGGGGATCCTCAAT,0,534358
araCp,0.3333333333333333,2,2,TCTTCATTCCTCTATCTGAT,0,540240
araCp,0.3333333333333333,2,2,TCTTCACTTTCCATTTTCCA,0,551486
araCp,0.3333333333333333,2,2,TCTTATTCCACAATCCCGGA,0,548084
araCp,0.3333333333333333,2,2,TCTTAGCGGTACTAATATTC,0,582768
araCp,0.3333333333333333,2,2,TCTTAAAGGAGGAAATTGAC,0,568907
araCp,0.3333333333333333,2,2,TCTGTGCTGGGTCGCTTCTT,0,597864
araCp,0.3333333333333333,2,2,TCTGTACCGGACACTAAGAC,0,603493
araCp,0.3333333333333333,2,2,TCTGGGGATTTGCAATGGAA,0,537870
araCp,0.3333333333333333,2,2,TCTGGCTAGGTCATATTTCT,0,552641
araCp,0.3333333333333333,2,2,TCTGGACGATTCTGCGCGGT,0,546509
araCp,0.3333333333333333,2,2,TCTGGAAAGAGAAATGCCAA,0,589105
araCp,0.3333333333333333,2,2,TCTGCTCATTCTTTGAGATG,0,588840
araCp,0.3333333333333333,2,2,TCTGCGCACCGTGACCTTGT,0,553960
araCp,0.3333333333333333,2,2,TCTGATGACCAATGCGGTCC,0,548813
araCp,0.3333333333333333,2,2,TCTGAAACTTAGTTGGGGGG,0,535658
araCp,0.3333333333333333,2,2,TCTCTTGCTGTGGTGTACAT,0,589039
araCp,0.3333333333333333,2,2,TCTCTCTATAGTATGGTAAA,0,540479
araCp,0.3333333333333333,2,2,TCTCGTGAACATTGTAAGAT,0,590110
araCp,0.3333333333333333,2,2,TCTCGGTCCGTTTATAGATA,0,595638
araCp,0.3333333333333333,2,2,TCTCGGCGGCGATGATATGG,0,572967
araCp,0.3333333333333333,2,2,TCTCGGCCTCTAGGGTACTA,0,529114
araCp,0.3333333333333333,2,2,TCTCGGAGAGTTACGGCTCT,0,576435
araCp,0.3333333333333333,2,2,TCTCGGACCAGATGCTAAGA,0,559270
araCp,0.3333333333333333,2,2,TCTCGCTTGCAAGGCATCAT,0,529969
araCp,0.3333333333333333,2,2,TCTCGCGGTCTACTCAATGA,0,583452
araCp,0.3333333333333333,2,2,TCTCCGTGAACTGTCAGGTA,0,592839
araCp,0.3333333333333333,2,2,TCTCCGGTGTCAAATAGGTG,0,547187
araCp,0.3333333333333333,2,2,TCTCCCTGGCCTCATCTATA,0,595403
araCp,0.3333333333333333,2,2,TCTCCAACCTACTCTGCCGT,0,539400
araCp,0.3333333333333333,2,2,TCTCATGTTGCGTATTGCCT,0,559517
araCp,0.3333333333333333,2,2,TCTCATCAATTTCTCCAACC,0,553779
araCp,0.3333333333333333,2,2,TCTCAGACCGGCCGCCTCCG,0,594383
araCp,0.3333333333333333,2,2,TCTATCACGGTGATACCTTA,0,573532
araCp,0.3333333333333333,2,2,TCTATATGCGGTGTTCACGT,0,555609
araCp,0.3333333333333333,2,2,TCTAGTTAGTATTTCACAGC,0,589159
araCp,0.3333333333333333,2,2,TCTAGGTCGCCCGGCTGTTT,0,583727
araCp,0.3333333333333333,2,2,TCTAGGAATATGCTGGCAGC,0,525768
araCp,0.3333333333333333,2,2,TCTAGCACTATAGAGGCCAA,0,597515
araCp,0.3333333333333333,2,2,TCTAGATGTAATAAAGACGG,0,529841
araCp,0.3333333333333333,2,2,TCTAGACCAGAGGTTAGGCT,0,592995
araCp,0.3333333333333333,2,2,TCTAGAATTATCGAGTGCAG,0,557372
araCp,0.3333333333333333,2,2,TCTACTGCAAAATGATTCTA,0,557367
araCp,0.3333333333333333,2,2,TCTACTATCGTATCATTAAC,0,530969
araCp,0.3333333333333333,2,2,TCTACTAGCGGGCTCAAGAA,0,581995
araCp,0.3333333333333333,2,2,TCTACTAATTCGTATCTCTT,0,586547
araCp,0.3333333333333333,2,2,TCTACCTAGATAACATCCAT,0,561708
araCp,0.3333333333333333,2,2,TCTAATCTCGCTCTTTACAT,0,568421
araCp,0.3333333333333333,2,2,TCTAACTCACTTGCGCTTGC,0,598688
araCp,0.3333333333333333,2,2,TCGTTTTTTGAAGGCGTGGT,0,600786
araCp,0.3333333333333333,2,2,TCGTTTGCTCCGCCGACTCT,0,540571
araCp,0.3333333333333333,2,2,TCGTTCTCCGAAGCGTGAGC,0,556637
araCp,0.3333333333333333,2,2,TCGTTAAAATGGTCACTATC,0,560456
araCp,0.3333333333333333,2,2,TCGTGTCCCCTTTCGACGAC,0,580874
araCp,0.3333333333333333,2,2,TCGTGCTAATGGCACGGTAG,0,587309
araCp,0.3333333333333333,2,2,TCGTCGCAGACACTGTGATT,0,593434
araCp,0.3333333333333333,2,2,TCGTAGTAGCGAGCTGAGTA,0,527915
araCp,0.3333333333333333,2,2,TCGTACCGATCACTCATAGG,0,564058
araCp,0.3333333333333333,2,2,TCGGTGTGCGGCGGCCCAAA,0,595610
araCp,0.3333333333333333,2,2,TCGGTCTGCTGGCGCTCAGT,0,555218
araCp,0.3333333333333333,2,2,TCGGTAACGCACATAGGGTC,0,542072
araCp,0.3333333333333333,2,2,TCGGGCTACCCCGGCTTATC,0,578452
araCp,0.3333333333333333,2,2,TCGGGCAACAACCCCAGGGG,0,569441
araCp,0.3333333333333333,2,2,TCGGGAATTTGAATGCGAAC,0,542201
araCp,0.3333333333333333,2,2,TCGGCAGCTAGCCAGCATAT,0,564131
araCp,0.3333333333333333,2,2,TCGGAGCGAAATTGCCGGCC,0,587266
araCp,0.3333333333333333,2,2,TCGCTTCGCAGCGCAGGAAC,0,596351
araCp,0.3333333333333333,2,2,TCGCTGGGCGGTGTGTGACT,0,579639
araCp,0.3333333333333333,2,2,TCGCTGACGTCGCTGCCTAG,0,537033
araCp,0.3333333333333333,2,2,TCGCTAGGAACTAATTGAAA,0,567517
araCp,0.3333333333333333,2,2,TCGCGCTACATTGTACACAC,0,554717
araCp,0.3333333333333333,2,2,TCGCGATGTGTCTCAGCACG,0,557777
araCp,0.3333333333333333,2,2,TCGCGAACCCCGCTCGCTAT,0,567650
araCp,0.3333333333333333,2,2,TCGCCTCTCTGCGTCCAACT,0,542114
araCp,0.3333333333333333,2,2,TCGCCATATGGGGTTCTTCA,0,546968
araCp,0.3333333333333333,2,2,TCGCATTGCTATATTGTTCA,0,599723
araCp,0.3333333333333333,2,2,TCGCAGTGAATGAGCTGCTT,0,553780
araCp,0.3333333333333333,2,2,TCGCACCGGGTAGGTTAACC,0,572669
araCp,0.3333333333333333,2,2,TCGATAAAGGGTCCGCCAGC,0,554223
araCp,0.3333333333333333,2,2,TCGAGTTTGGGTACGACCCC,0,525773
araCp,0.3333333333333333,2,2,TCGAGTCAGACCAGTCGAAG,0,537799
araCp,0.3333333333333333,2,2,TCGAGTCAAACGGTGGGCGA,0,567848
araCp,0.3333333333333333,2,2,TCGAGTATGAGGGAGCTTGT,0,597392
araCp,0.3333333333333333,2,2,TCGAGCCGCGAGTAGTGTAC,0,561888
araCp,0.3333333333333333,2,2,TCGAGCCAATATCGTCGGGT,0,594772
araCp,0.3333333333333333,2,2,TCGAGAAATTACAAATGCAG,0,567667
araCp,0.3333333333333333,2,2,TCGACCTGGCGATGGGAGAC,0,527365
araCp,0.3333333333333333,2,2,TCGACATTAGAGAGCCGAGT,0,594513
araCp,0.3333333333333333,2,2,TCGACATATATATGGTCAAC,0,545790
araCp,0.3333333333333333,2,2,TCGACAACAGACCGTACAGT,0,525911
araCp,0.3333333333333333,2,2,TCGACAAAAAAACAGGTGGT,0,534940
araCp,0.3333333333333333,2,2,TCGAATGGAAGCATCTTGAA,0,599724
araCp,0.3333333333333333,2,2,TCGAAGTCACCAAGTTTTCC,0,575472
araCp,0.3333333333333333,2,2,TCGAACTTGGCCCTCGATGC,0,598386
araCp,0.3333333333333333,2,2,TCGAAAGTGAACCACGCTCT,0,566715
araCp,0.3333333333333333,2,2,TCGAAAATTCCGCGCAGCCT,0,540249
araCp,0.3333333333333333,2,2,TCCTTTGTCATAAAAAGTAC,0,562216
araCp,0.3333333333333333,2,2,TCCTTTCCAAGCCCAGGTGT,0,578516
araCp,0.3333333333333333,2,2,TCCTTCAACGCTAACCTTCA,0,587108
araCp,0.3333333333333333,2,2,TCCTGGTCCAAACTTTAGGG,0,573798
araCp,0.3333333333333333,2,2,TCCTGGGAGCTACGGTGCCA,0,598636
araCp,0.3333333333333333,2,2,TCCTGACTCCCGGGTCCGAG,0,552370
araCp,0.3333333333333333,2,2,TCCTGAACGCAATCACGAAA,0,582798
araCp,0.3333333333333333,2,2,TCCTCGTAGGTACTCACCTT,0,581741
araCp,0.3333333333333333,2,2,TCCTCACTGCGTCCGCACCC,0,566572
araCp,0.3333333333333333,2,2,TCCTATGCTCTTTACGAGAG,0,542381
araCp,0.3333333333333333,2,2,TCCTATAGGGACCTTCGGGG,0,596303
araCp,0.3333333333333333,2,2,TCCTACCTTTTTTTATGCAA,0,589939
araCp,0.3333333333333333,2,2,TCCGGTTTCTAGTAACGTTT,0,574603
araCp,0.3333333333333333,2,2,TCCGGGTGGTAGTGGGCTCG,0,556811
araCp,0.3333333333333333,2,2,TCCGGGGGGAAACCTCGTGT,0,584979
araCp,0.3333333333333333,2,2,TCCGGCGTATCGTTATGTAT,0,526448
araCp,0.3333333333333333,2,2,TCCGCTTGCGGGCTTAAGTT,0,597333
araCp,0.3333333333333333,2,2,TCCGCGTGGTACCAGAGAGC,0,536431
araCp,0.3333333333333333,2,2,TCCGCATCAGTAACGCATGC,0,538025
araCp,0.3333333333333333,2,2,TCCCTGCTTGGGGGACAACA,0,597447
araCp,0.3333333333333333,2,2,TCCCGTGCGCCAGTTTAGAG,0,551156
araCp,0.3333333333333333,2,2,TCCCGAATGAGCCCAAGCTT,0,581339
araCp,0.3333333333333333,2,2,TCCATCGAGCGTAGCTCACG,0,565336
araCp,0.3333333333333333,2,2,TCCATAATCTGAGACGGTAC,0,531138
araCp,0.3333333333333333,2,2,TCCAGGGCGAGTTGAGATTT,0,543408
araCp,0.3333333333333333,2,2,TCCAGCGTAGATTAGCCGAA,0,544394
araCp,0.3333333333333333,2,2,TCCAGCATGAAAGCATTTTG,0,542166
araCp,0.3333333333333333,2,2,TCCAGAGACTCCGTCCTTAA,0,528579
araCp,0.3333333333333333,2,2,TCCACCGCCTCGCGAGTCTT,0,548728
araCp,0.3333333333333333,2,2,TCCACCCTGGGAGGTACATG,0,581326
araCp,0.3333333333333333,2,2,TCCACCCGTTGAAAACAACG,0,566884
araCp,0.3333333333333333,2,2,TCCAAATCTTTGCAAAAAAA,0,582619
araCp,0.3333333333333333,2,2,TCATTTGGATGCCCCTCGTG,0,575453
araCp,0.3333333333333333,2,2,TCATTGGATGCGTAGCTTTA,0,571325
araCp,0.3333333333333333,2,2,TCATGTGAATCCGCTCACTC,0,542991
araCp,0.3333333333333333,2,2,TCATGTCGCTCTTTGCACTT,0,594723
araCp,0.3333333333333333,2,2,TCATGTATCGGCACGGTGTC,0,542248
araCp,0.3333333333333333,2,2,TCATGCTCAAATACATGTCC,0,540881
araCp,0.3333333333333333,2,2,TCATGCAGCGAAATGCTAAG,0,569274
araCp,0.3333333333333333,2,2,TCATGAACCCATTACCATCT,0,555581
araCp,0.3333333333333333,2,2,TCATACGCGATTCCACAGAC,0,577463
araCp,0.3333333333333333,2,2,TCATAATGGCAGTTAAAGTC,0,550293
araCp,0.3333333333333333,2,2,TCATAAAACGAGCGTGGGTA,0,582564
araCp,0.3333333333333333,2,2,TCAGTGTGGCAAATGGAATA,0,553143
araCp,0.3333333333333333,2,2,TCAGTGTCGGTTCTTGTCGT,0,553197
araCp,0.3333333333333333,2,2,TCAGTGCCGACTTAAGCTAG,0,559210
araCp,0.3333333333333333,2,2,TCAGTGCAGCGATCCGTTAT,0,586320
araCp,0.3333333333333333,2,2,TCAGTGAGGTTAACTATTAT,0,554886
araCp,0.3333333333333333,2,2,TCAGTCACGTTGGATCGAAC,0,539881
araCp,0.3333333333333333,2,2,TCAGTCACCCACTGACCTGA,0,569661
araCp,0.3333333333333333,2,2,TCAGGTCTCATAGAACGGAC,0,588198
araCp,0.3333333333333333,2,2,TCAGGAGTTAGGTTGGCGCA,0,569018
araCp,0.3333333333333333,2,2,TCAGCATCAGCGATGGAATC,0,554745
araCp,0.3333333333333333,2,2,TCAGCACTCACTGGTCCCTC,0,591826
araCp,0.3333333333333333,2,2,TCAGATATCTGTCGGTCCAA,0,546922
araCp,0.3333333333333333,2,2,TCACGTTTTCGTGGGGATTT,0,587646
araCp,0.3333333333333333,2,2,TCACGGGCGGAGCATGATAA,0,544286
araCp,0.3333333333333333,2,2,TCACGGGAATTCAAATCCGT,0,577862
araCp,0.3333333333333333,2,2,TCACGGATCCTTGCAAGAAT,0,544563
araCp,0.3333333333333333,2,2,TCACATAGAAGTAACATCGT,0,583632
araCp,0.3333333333333333,2,2,TCACACAGGCCTTATTAAAT,0,597618
araCp,0.3333333333333333,2,2,TCAATTGCGGGGGAGTCTGG,0,546497
araCp,0.3333333333333333,2,2,TCAATGCCCCAAAGCGAGCC,0,535988
araCp,0.3333333333333333,2,2,TCAATACATGACTCCTGCAA,0,548983
araCp,0.3333333333333333,2,2,TCAAGTAGAACAGTCACTGA,0,529017
araCp,0.3333333333333333,2,2,TCAAGGGTCGTGCCGTGGCC,0,574802
araCp,0.3333333333333333,2,2,TCAAGAGCGATTACTACGCC,0,569854
araCp,0.3333333333333333,2,2,TCAAGACTCTATGATATGGA,0,602685
araCp,0.3333333333333333,2,2,TCAACGTTAATAGGGGGCGG,0,541060
araCp,0.3333333333333333,2,2,TCAACGCTGGGCATTAAAAC,0,575609
araCp,0.3333333333333333,2,2,TCAAAGGTATTGTCAGTCAC,0,592300
araCp,0.3333333333333333,2,2,TCAAACTATAGGGCTGGGAT,0,593746
araCp,0.3333333333333333,2,2,TCAAACGGAAGGTTGGACAG,0,576956
araCp,0.3333333333333333,2,2,TCAAACCTTTCGCGTCTGCA,0,602157
araCp,0.3333333333333333,2,2,TATTTGGTTGGGGATGAAAT,0,530352
araCp,0.3333333333333333,2,2,TATTTGGGGAGAATTGGTTT,0,546152
araCp,0.3333333333333333,2,2,TATTGATCGTTACTATACAT,0,529791
araCp,0.3333333333333333,2,2,TATTCCCAGTGGGACGCTAC,0,578654
araCp,0.3333333333333333,2,2,TATTCACCTGTTGATTAGTT,0,601655
araCp,0.3333333333333333,2,2,TATTATTCTGATCTCGGTTC,0,556128
araCp,0.3333333333333333,2,2,TATTAGCGGTCGTTATGGAG,0,538491
araCp,0.3333333333333333,2,2,TATTAAGGAATTTTAATTCT,0,598155
araCp,0.3333333333333333,2,2,TATGTGTTCTTCCTGACGTG,0,590148
araCp,0.3333333333333333,2,2,TATGTGCATAGCTTACGGCA,0,538026
araCp,0.3333333333333333,2,2,TATGTACCTATCTCTGATTG,0,564540
araCp,0.3333333333333333,2,2,TATGGACGACCACGAGCTCT,0,561630
araCp,0.3333333333333333,2,2,TATGCGGCTCGAGTCATCTA,0,584972
araCp,0.3333333333333333,2,2,TATGCGCCGCCCAAGGCAAG,0,581293
araCp,0.3333333333333333,2,2,TATGACAGGATCCGACGTTG,0,532438
araCp,0.3333333333333333,2,2,TATGAACTTGCAGGCTTGGC,0,547322
araCp,0.3333333333333333,2,2,TATCTGACGCTAAAGGAATC,0,559957
araCp,0.3333333333333333,2,2,TATCTACAGTATTACGTCCA,0,559893
araCp,0.3333333333333333,2,2,TATCGGGATCGTCGAAGACT,0,551211
araCp,0.3333333333333333,2,2,TATCGGCATTTTAGCGATGT,0,596326
araCp,0.3333333333333333,2,2,TATCGAAACCAGCATAGGTA,0,542454
araCp,0.3333333333333333,2,2,TATCCTGGGGGACGAACGTC,0,580821
araCp,0.3333333333333333,2,2,TATCATAATCTAAAATGAGT,0,581449
araCp,0.3333333333333333,2,2,TATCAGTGACGTGATCGCTC,0,570630
araCp,0.3333333333333333,2,2,TATCAGGTATAAGTACAAGA,0,593229
araCp,0.3333333333333333,2,2,TATCACGTCCGATCGAGTGG,0,526556
araCp,0.3333333333333333,2,2,TATCAATGCTTGATGCGAGC,0,595406
araCp,0.3333333333333333,2,2,TATATGTAGGCGCCAACCAA,0,568441
araCp,0.3333333333333333,2,2,TATATGATTCAATGTGTTTA,0,592929
araCp,0.3333333333333333,2,2,TATATGATAGAGTTGGGGGT,0,529939
araCp,0.3333333333333333,2,2,TATAGTCCATACAATTCCTT,0,566244
araCp,0.3333333333333333,2,2,TATAGGTCATTACCCGCACC,0,591683
araCp,0.3333333333333333,2,2,TATAGGCATTACTGGGCCGG,0,552223
araCp,0.3333333333333333,2,2,TATAGACTCCACCTCCCGCA,0,562031
araCp,0.3333333333333333,2,2,TATACGAGTTCACATTCATT,0,539265
araCp,0.3333333333333333,2,2,TATACCGACTCGTTTGGGGT,0,568471
araCp,0.3333333333333333,2,2,TATACACCTGGACGGTAGTA,0,563309
araCp,0.3333333333333333,2,2,TAGTGAGGTTTGTCATGAAG,0,546975
araCp,0.3333333333333333,2,2,TAGGTTGGTCGGATGCACGT,0,539883
araCp,0.3333333333333333,2,2,TAGGTTGCCAGTACTTCGAA,0,540058
araCp,0.3333333333333333,2,2,TAGGTGATTAATCGCTTTCT,0,596577
araCp,0.3333333333333333,2,2,TAGGTAATTAGCCCTTGGGG,0,564088
araCp,0.3333333333333333,2,2,TAGGTAAGCGGCGGTGGGCT,0,598947
araCp,0.3333333333333333,2,2,TAGGGGACCCTGCTGCAGCT,0,566484
araCp,0.3333333333333333,2,2,TAGGCCCGTATAGCATAGTT,0,528265
araCp,0.3333333333333333,2,2,TAGGAGGCCCTCCTTTTGCC,0,575862
araCp,0.3333333333333333,2,2,TAGGAATGGACCGTATAGGT,0,534090
araCp,0.3333333333333333,2,2,TAGGAATAAACCTTACGGGT,0,525671
araCp,0.3333333333333333,2,2,TAGCTTCCAAACCGGTGCAA,0,598921
araCp,0.3333333333333333,2,2,TAGCTACGGCGCGTACCTTT,0,571529
araCp,0.3333333333333333,2,2,TAGCGTAAACCGTTGGCTCA,0,565448
araCp,0.3333333333333333,2,2,TAGCGGACGAGTCTTGCAAC,0,561805
araCp,0.3333333333333333,2,2,TAGCGAAACCCGGGCTTTCC,0,556883
araCp,0.3333333333333333,2,2,TAGCCTGAATACTACGCGCC,0,591912
araCp,0.3333333333333333,2,2,TAGCCGGGCGCACATCCTGG,0,542495
araCp,0.3333333333333333,2,2,TAGCCCTCCCACTGTATAAA,0,528589
araCp,0.3333333333333333,2,2,TAGCCCAAAAGATCTATCCT,0,598172
araCp,0.3333333333333333,2,2,TAGCATTAAAGCTGCGGTGC,0,541287
araCp,0.3333333333333333,2,2,TAGCACCCCTTTCAATATGC,0,544167
araCp,0.3333333333333333,2,2,TAGCAAAGTGGTCCATATGG,0,571783
araCp,0.3333333333333333,2,2,TAGATGCATTGGAGCCTCTA,0,545681
araCp,0.3333333333333333,2,2,TAGAGTTGCTTGGGGCGGCA,0,527686
araCp,0.3333333333333333,2,2,TAGAGGGCTAAAAGGGATTT,0,600544
araCp,0.3333333333333333,2,2,TAGAGCGTGTAGAAAGGTAG,0,548271
araCp,0.3333333333333333,2,2,TAGAGAGGGCGGTTTAGAGA,0,600440
araCp,0.3333333333333333,2,2,TAGACGAGCTCGTGCGAGAG,0,538933
araCp,0.3333333333333333,2,2,TAGACAAAAATCTGCGCGTC,0,534477
araCp,0.3333333333333333,2,2,TAGAATGGCGTTGGTGGAAG,0,537224
araCp,0.3333333333333333,2,2,TAGAATACAGTCCGTTGATT,0,563954
araCp,0.3333333333333333,2,2,TAGAACACTAGGGTGGTTTA,0,578794
araCp,0.3333333333333333,2,2,TAGAAAATTCCGGATGCGCT,0,570101
araCp,0.3333333333333333,2,2,TACTTGAGGGGGTGCGACAG,0,564272
araCp,0.3333333333333333,2,2,TACTGTCTTGTCCTCCGAAG,0,572798
araCp,0.3333333333333333,2,2,TACTGGGGGGCTTCTCCCAG,0,593040
araCp,0.3333333333333333,2,2,TACTGCGTAAAGGCGACGGT,0,551806
araCp,0.3333333333333333,2,2,TACTCTGACTGTGATACTGC,0,602301
araCp,0.3333333333333333,2,2,TACTCGTAATGCTTACAGGA,0,528840
araCp,0.3333333333333333,2,2,TACTCCGCATTTGGCTAAGT,0,584968
araCp,0.3333333333333333,2,2,TACTCCAATGGCGGTACGGT,0,585619
araCp,0.3333333333333333,2,2,TACTCATGTAAACGCAGGCG,0,567798
araCp,0.3333333333333333,2,2,TACGTCTCCTGGCCGGTTTT,0,564583
araCp,0.3333333333333333,2,2,TACGTACGTGCCGTTCCCTT,0,550012
araCp,0.3333333333333333,2,2,TACGTACGGGCCACCGAGTA,0,543031
araCp,0.3333333333333333,2,2,TACGGTTCTTCCAGGAAGCC,0,546016
araCp,0.3333333333333333,2,2,TACGGGCACCTAGCCGGACA,0,547470
araCp,0.3333333333333333,2,2,TACGGAGTACCCCGATTTAA,0,558916
araCp,0.3333333333333333,2,2,TACGCGGACTGTTTGGGGCA,0,576888
araCp,0.3333333333333333,2,2,TACGCCTGGTATTTTGCATC,0,554314
araCp,0.3333333333333333,2,2,TACGAGTGTTATAAGTCGCA,0,546244
araCp,0.3333333333333333,2,2,TACGAGAATATGACAAAGAG,0,563777
araCp,0.3333333333333333,2,2,TACGACAACTATAACGCATT,0,599900
araCp,0.3333333333333333,2,2,TACGAAGTAATGTATCCTCT,0,579439
araCp,0.3333333333333333,2,2,TACCTGGCTTACCAAAGCAT,0,541817
araCp,0.3333333333333333,2,2,TACCTGCCACGCGGAAAGAA,0,566391
araCp,0.3333333333333333,2,2,TACCTGATCAGTAGTTTATC,0,554435
araCp,0.3333333333333333,2,2,TACCTATCCGGTAACGGGAG,0,598389
araCp,0.3333333333333333,2,2,TACCGTGGTGTGGTGGCTGG,0,600550
araCp,0.3333333333333333,2,2,TACCGTGGCAGGTAGTATAT,0,540492
araCp,0.3333333333333333,2,2,TACCGATCCCCAAGTCCCAG,0,587590
araCp,0.3333333333333333,2,2,TACCGAGGCTCTCGGGACGA,0,592333
araCp,0.3333333333333333,2,2,TACCCCATGCAGTCAGGCGT,0,528581
araCp,0.3333333333333333,2,2,TACCACGTATGCAATGCGAT,0,581622
araCp,0.3333333333333333,2,2,TACCAAAGGGAACCGTAGCA,0,559620
araCp,0.3333333333333333,2,2,TACAGGTCGAATGGGCGGCA,0,539658
araCp,0.3333333333333333,2,2,TACAGCATCACCTCCCATAG,0,553503
araCp,0.3333333333333333,2,2,TACAGAACACTATCTGTGGA,0,585510
araCp,0.3333333333333333,2,2,TACACCGTAGTACTCTGCCG,0,600058
araCp,0.3333333333333333,2,2,TACACCCAGCATCGGTAGTA,0,550901
araCp,0.3333333333333333,2,2,TACACATCTCGACCTTTATC,0,561736
araCp,0.3333333333333333,2,2,TACAACCGGCGGGGCAGGAC,0,537677
araCp,0.3333333333333333,2,2,TACAAACGCTGACTATGGTT,0,587775
araCp,0.3333333333333333,2,2,TAATGGTCAGCTGTGATCTA,0,525831
araCp,0.3333333333333333,2,2,TAATGCTAGGCAGCTGCGAT,0,575474
araCp,0.3333333333333333,2,2,TAATGCATAGATCCCGTCGT,0,568292
araCp,0.3333333333333333,2,2,TAATCGCTCGGTTACGGCCA,0,544506
araCp,0.3333333333333333,2,2,TAATATATGGCACCGCAAGG,0,535362
araCp,0.3333333333333333,2,2,TAATAGTAATCCATCTCAAC,0,538901
araCp,0.3333333333333333,2,2,TAATACGGTATATAGAACCT,0,548481
araCp,0.3333333333333333,2,2,TAATAAACGGGGGGCGCCCT,0,592395
araCp,0.3333333333333333,2,2,TAAGTTAAAAAGAAAAGGGT,0,544948
araCp,0.3333333333333333,2,2,TAAGTGTCAGTAAATCGCCA,0,542369
araCp,0.3333333333333333,2,2,TAAGTGACTTGGTGTACCTT,0,579757
araCp,0.3333333333333333,2,2,TAAGGTCTGTTTAAACAATC,0,591615
araCp,0.3333333333333333,2,2,TAAGGTCAAACCCATCCCTA,0,530347
araCp,0.3333333333333333,2,2,TAAGGGGACAAGGCAACGGA,0,558058
araCp,0.3333333333333333,2,2,TAAGCTAATTGTACAGGCGA,0,589117
araCp,0.3333333333333333,2,2,TAAGCCGGGTTGGTCACATT,0,566237
araCp,0.3333333333333333,2,2,TAAGAGAGAGCGACCACTAG,0,535853
araCp,0.3333333333333333,2,2,TAAGACGCGAGATAGCGGTG,0,553867
araCp,0.3333333333333333,2,2,TAAGAATTCTAAATCTCGCC,0,574363
araCp,0.3333333333333333,2,2,TAACTCATCCCCAGATCAGA,0,589030
araCp,0.3333333333333333,2,2,TAACTCACAGTGTCATGCGG,0,603255
araCp,0.3333333333333333,2,2,TAACTAGCGGTCTCAATCCA,0,575323
araCp,0.3333333333333333,2,2,TAACGTGCGGTCTCACCGGA,0,561104
araCp,0.3333333333333333,2,2,TAACGCTTTGGTGTGCAGGG,0,561149
araCp,0.3333333333333333,2,2,TAACCTGGACTACCATCGGG,0,587798
araCp,0.3333333333333333,2,2,TAACCGCATGTACGCTCGTG,0,571183
araCp,0.3333333333333333,2,2,TAACCCAAATTCGTTTCTGT,0,550527
araCp,0.3333333333333333,2,2,TAACAGGACGTAATGTGCCT,0,544393
araCp,0.3333333333333333,2,2,TAAATTTAGCACGCATCTCA,0,573722
araCp,0.3333333333333333,2,2,TAAATTAATACCATCTCCAA,0,548876
araCp,0.3333333333333333,2,2,TAAATGGGCGCCGACTACAC,0,574899
araCp,0.3333333333333333,2,2,TAAATCTGTATATTAGATGG,0,594497
araCp,0.3333333333333333,2,2,TAAATCTAGCCGGGTGTCTG,0,562553
araCp,0.3333333333333333,2,2,TAAAGTGTTGTCGTAGGTGT,0,567762
araCp,0.3333333333333333,2,2,TAAAGGTTATGCCTTACCAG,0,592238
araCp,0.3333333333333333,2,2,TAAAGAATGGGGCGTCTTGG,0,526471
araCp,0.3333333333333333,2,2,TAAACGCTTCAACGGAGGCC,0,539039
araCp,0.3333333333333333,2,2,TAAACGATTAAGAGAGGTGC,0,585569
araCp,0.3333333333333333,2,2,TAAAATCCTTGCACAGCCGA,0,526132
araCp,0.3333333333333333,2,2,TAAAAGTGATCGAGACTTTC,0,529977
araCp,0.3333333333333333,2,2,GTTTTGAGACAGGCGCACGG,0,526033
araCp,0.3333333333333333,2,2,GTTTCTGGGTGATTTTGCTG,0,539109
araCp,0.3333333333333333,2,2,GTTTCTAGATTGGGGTCAAG,0,588258
araCp,0.3333333333333333,2,2,GTTTCGGAGATGTGAGAGTC,0,574555
araCp,0.3333333333333333,2,2,GTTTCGACGTCGGGGATAAG,0,554714
araCp,0.3333333333333333,2,2,GTTTAACGTCGTAAGAAGTA,0,529725
araCp,0.3333333333333333,2,2,GTTGTAGAACGGATTAATTT,0,544454
araCp,0.3333333333333333,2,2,GTTGTAAGGAGTCTTATGTG,0,579881
araCp,0.3333333333333333,2,2,GTTGGCTTTGAACAATGGGT,0,589874
araCp,0.3333333333333333,2,2,GTTGGAGGCTCGGGTGTATG,0,547725
araCp,0.3333333333333333,2,2,GTTGCAACATCAGTTGTACA,0,580749
araCp,0.3333333333333333,2,2,GTTCTGGACTAGTCCTGTAT,0,540377
araCp,0.3333333333333333,2,2,GTTCTCAGCCAGGAATATTG,0,526238
araCp,0.3333333333333333,2,2,GTTCGTTCAGTGCGCAACCG,0,527813
araCp,0.3333333333333333,2,2,GTTCGCCTGACAGGGCCCTA,0,593959
araCp,0.3333333333333333,2,2,GTTCCTAATCTTCGAGGAGT,0,575371
araCp,0.3333333333333333,2,2,GTTCCGTCAGCTGGAGCTAA,0,597032
araCp,0.3333333333333333,2,2,GTTCCCGGTGCCTAAGCCTG,0,529506
araCp,0.3333333333333333,2,2,GTTCCAACTACAATCCTTTC,0,597047
araCp,0.3333333333333333,2,2,GTTCCAAATTGCGCCCTCAA,0,558027
araCp,0.3333333333333333,2,2,GTTCATCTATAGGCTAAAAT,0,538750
araCp,0.3333333333333333,2,2,GTTCATCCGGGCCATCTGTG,0,547182
araCp,0.3333333333333333,2,2,GTTAGTACAAAGCCGGCAAG,0,601137
araCp,0.3333333333333333,2,2,GTTACTGCGAGCCTGACATA,0,543924
araCp,0.3333333333333333,2,2,GTTACTACTGGTCGCGGCCA,0,528398
araCp,0.3333333333333333,2,2,GTTACCTTCGTTAGCGGTGA,0,567833
araCp,0.3333333333333333,2,2,GTTACCCTTTGCAGCTGCCC,0,594733
araCp,0.3333333333333333,2,2,GTTACACTAAGTTACTCCTT,0,559528
araCp,0.3333333333333333,2,2,GTTAATCTAGTTTACGATTT,0,560133
araCp,0.3333333333333333,2,2,GTGTTGCCACCTGAGTCCAT,0,592352
araCp,0.3333333333333333,2,2,GTGTTATGTTATCCCCTGGT,0,594135
araCp,0.3333333333333333,2,2,GTGTTAGACTAACAGCGAAT,0,548920
araCp,0.3333333333333333,2,2,GTGTTACGACCGAGCCATCA,0,545741
araCp,0.3333333333333333,2,2,GTGTGTGAAACCCGGGTTGA,0,600188
araCp,0.3333333333333333,2,2,GTGTGGAATCTTGATCGTGC,0,542685
araCp,0.3333333333333333,2,2,GTGTGATAACGTCAGGTTCT,0,530576
araCp,0.3333333333333333,2,2,GTGTGAAGTGTGGGTCGTCT,0,542194
araCp,0.3333333333333333,2,2,GTGTCTATAGCGGGAAGGAT,0,588621
araCp,0.3333333333333333,2,2,GTGTCCGTTGGCACCGCCTA,0,572971
araCp,0.3333333333333333,2,2,GTGTCCCGCGTATCAATCAT,0,527297
araCp,0.3333333333333333,2,2,GTGTCAGATGAGCCCACTGT,0,538492
araCp,0.3333333333333333,2,2,GTGTATGGGCTACGTAAGCA,0,554366
araCp,0.3333333333333333,2,2,GTGTACCAGCTCCGGCTCAG,0,564861
araCp,0.3333333333333333,2,2,GTGGTTTGGGACTGAATCCC,0,543265
araCp,0.3333333333333333,2,2,GTGGTTGGGTACCGTTAAAA,0,567683
araCp,0.3333333333333333,2,2,GTGGTGCTGCCGGCGGTTAA,0,593450
araCp,0.3333333333333333,2,2,GTGGTCCGGACTAAAAACAA,0,592952
araCp,0.3333333333333333,2,2,GTGGTCAAGCATGGGTAGCC,0,534640
araCp,0.3333333333333333,2,2,GTGGGTTAGCTTGGCCGCAG,0,591757
araCp,0.3333333333333333,2,2,GTGGGTAACCCTACGGGCAT,0,567449
araCp,0.3333333333333333,2,2,GTGGGGCTCTGGCCGAGCAT,0,539055
araCp,0.3333333333333333,2,2,GTGGGCAAGTTCACTCGGTA,0,597891
araCp,0.3333333333333333,2,2,GTGGCTCGTCTGCATTAGGG,0,566930
araCp,0.3333333333333333,2,2,GTGGCGTACCTGTACATTCA,0,577210
araCp,0.3333333333333333,2,2,GTGGATATCACAAACCGCAG,0,529909
araCp,0.3333333333333333,2,2,GTGGATACAGGGGAAGTCCC,0,571198
araCp,0.3333333333333333,2,2,GTGGACGAGCCTTAAGGGTA,0,542774
araCp,0.3333333333333333,2,2,GTGGACGACCGCCGATTTGA,0,588589
araCp,0.3333333333333333,2,2,GTGGACCAAATCGCCACAAT,0,531500
araCp,0.3333333333333333,2,2,GTGGAAAATTAGGCAAGTAG,0,530008
araCp,0.3333333333333333,2,2,GTGCGTTTTGGGAGTTCCAA,0,528736
araCp,0.3333333333333333,2,2,GTGCGGAAAGCATAGAATAC,0,588583
araCp,0.3333333333333333,2,2,GTGCGCCGATATTTGTGTTT,0,539170
araCp,0.3333333333333333,2,2,GTGCATTCGTTGGTCTGTCT,0,527627
araCp,0.3333333333333333,2,2,GTGCAGTTAATGCCTATATT,0,532390
araCp,0.3333333333333333,2,2,GTGCAGGAAGGTTACAATCA,0,544377
araCp,0.3333333333333333,2,2,GTGATTGCAGAACGATTTTG,0,540049
araCp,0.3333333333333333,2,2,GTGATAGGCAGCTATGGTGT,0,599909
araCp,0.3333333333333333,2,2,GTGAGATGCATATTGCTAAT,0,544490
araCp,0.3333333333333333,2,2,GTGAGACTACAAGTCCGGAC,0,552582
araCp,0.3333333333333333,2,2,GTGACTGAGTAGCCACAGCC,0,601873
araCp,0.3333333333333333,2,2,GTGACGTACATCTCCGCCTA,0,600992
araCp,0.3333333333333333,2,2,GTGAAGCGGTACTAGCTGGT,0,543661
araCp,0.3333333333333333,2,2,GTCTTCCAGGGAAAGTGCAC,0,530740
araCp,0.3333333333333333,2,2,GTCTGTCGCCATGATCGGCA,0,554624
araCp,0.3333333333333333,2,2,GTCTGGGACCATGCTTTAGA,0,593017
araCp,0.3333333333333333,2,2,GTCTGCTTAGCGATAGACAG,0,573254
araCp,0.3333333333333333,2,2,GTCTGACCGGTGCGCTATAG,0,573328
araCp,0.3333333333333333,2,2,GTCTCCGAAACACCATGGTC,0,529911
araCp,0.3333333333333333,2,2,GTCTAGCTGGACTGCAACTC,0,537114
araCp,0.3333333333333333,2,2,GTCTACTTCCTTCTTATTCG,0,534592
araCp,0.3333333333333333,2,2,GTCTAACATGGAACGGAGAA,0,557666
araCp,0.3333333333333333,2,2,GTCGTGACCCGAGTCTGCCG,0,578306
araCp,0.3333333333333333,2,2,GTCGGTTAAGGAGGCGTACA,0,591322
araCp,0.3333333333333333,2,2,GTCGGCTTATAGGAACACTC,0,592644
araCp,0.3333333333333333,2,2,GTCGGCCTAACTGTTGTTTA,0,537562
araCp,0.3333333333333333,2,2,GTCGGATAAGAACTACTCGG,0,587183
araCp,0.3333333333333333,2,2,GTCGGAGGCGTCATAGTGTA,0,530525
araCp,0.3333333333333333,2,2,GTCGCCAGATTGCCCATCTA,0,593367
araCp,0.3333333333333333,2,2,GTCGCATTTCGGCGATTTAT,0,590613
araCp,0.3333333333333333,2,2,GTCGCACGAGCCATAGGATA,0,536003
araCp,0.3333333333333333,2,2,GTCGCAATCGCGGGAATTAT,0,535029
araCp,0.3333333333333333,2,2,GTCGATTGCCATTGCAAAAA,0,571988
araCp,0.3333333333333333,2,2,GTCGATCTTACTATGCACCA,0,599396
araCp,0.3333333333333333,2,2,GTCCGTCCCTCTGTTTACTC,0,563817
araCp,0.3333333333333333,2,2,GTCCGTATCCCGTCCTGTCG,0,571497
araCp,0.3333333333333333,2,2,GTCCGTACAAGTATTGGAAG,0,576826
araCp,0.3333333333333333,2,2,GTCCGGACGGATAGCCGTAT,0,549116
araCp,0.3333333333333333,2,2,GTCCGCTTGTCGTTGGACTG,0,552436
araCp,0.3333333333333333,2,2,GTCCGCCAGATATAGTCCTT,0,549130
araCp,0.3333333333333333,2,2,GTCCGCCACCTTGTCGGGAA,0,530201
araCp,0.3333333333333333,2,2,GTCCGAATGCGCCGTGGGGT,0,527205
araCp,0.3333333333333333,2,2,GTCCCGTCTGCGGTATGCCA,0,563623
araCp,0.3333333333333333,2,2,GTCCCCGATTTGCTGAAATA,0,571785
araCp,0.3333333333333333,2,2,GTCCCAGACGCCTTATATTC,0,581852
araCp,0.3333333333333333,2,2,GTCCAAGCCCTTCGATCAGG,0,526678
araCp,0.3333333333333333,2,2,GTCATTATTTCGTAAGTTCC,0,549610
araCp,0.3333333333333333,2,2,GTCATATGTCAAGCGCGTCG,0,573601
araCp,0.3333333333333333,2,2,GTCAGTACCCCCCCATTACT,0,537967
araCp,0.3333333333333333,2,2,GTCAGGCATTAAAGTGCCCA,0,578153
araCp,0.3333333333333333,2,2,GTCAGAGCGATCAGCCATCG,0,525983
araCp,0.3333333333333333,2,2,GTCAGACAGGCGATGCTGTT,0,526925
araCp,0.3333333333333333,2,2,GTCACCCCCTCCCCTCGGCT,0,592814
araCp,0.3333333333333333,2,2,GTCACCCCATACGAAGGTAC,0,600889
araCp,0.3333333333333333,2,2,GTCAATTCGAGCCCCTAGGA,0,582894
araCp,0.3333333333333333,2,2,GTCAATGGGGGTATGTAGCT,0,532866
araCp,0.3333333333333333,2,2,GTCAAATGATTTCCTAACAG,0,582322
araCp,0.3333333333333333,2,2,GTCAAAGGTTCTTTAGCTTG,0,554639
araCp,0.3333333333333333,2,2,GTATTTTGTCCACGGAGTGT,0,577208
araCp,0.3333333333333333,2,2,GTATTCGGGAGACAACCAAT,0,547923
araCp,0.3333333333333333,2,2,GTATTCAACTAAATAGTGGA,0,526673
araCp,0.3333333333333333,2,2,GTATGCCCATGTGCTGAAGC,0,556598
araCp,0.3333333333333333,2,2,GTATGATTAACGGATTTAGT,0,574769
araCp,0.3333333333333333,2,2,GTATGAGACTAATGTTGGTG,0,599009
araCp,0.3333333333333333,2,2,GTATCTGTGGCTCTAAAAGG,0,600487
araCp,0.3333333333333333,2,2,GTATCTAATATACGGTTAGC,0,568998
araCp,0.3333333333333333,2,2,GTATCGTTTTTTCACTATGT,0,577344
araCp,0.3333333333333333,2,2,GTATCCTGAGTACAAGCGTC,0,601278
araCp,0.3333333333333333,2,2,GTATCATAATCGTCGCTGGA,0,591446
araCp,0.3333333333333333,2,2,GTATATAAGTTGGAAGAGGT,0,574535
araCp,0.3333333333333333,2,2,GTATAGATATATAACGATAT,0,571244
araCp,0.3333333333333333,2,2,GTATAGAGCGTCGGACAGGA,0,545390
araCp,0.3333333333333333,2,2,GTATACCTGATAACTCTTCA,0,555161
araCp,0.3333333333333333,2,2,GTAGTTTTATTGCTCTGGAT,0,548393
araCp,0.3333333333333333,2,2,GTAGTTGGCTATATACAGCT,0,547256
araCp,0.3333333333333333,2,2,GTAGTGGCTACCGAACAGAT,0,602877
araCp,0.3333333333333333,2,2,GTAGTGATCAACTCCGTAGG,0,601312
araCp,0.3333333333333333,2,2,GTAGTAGAGCACCTACGTCA,0,532020
araCp,0.3333333333333333,2,2,GTAGGATGGATTTTGCGAAT,0,603688
araCp,0.3333333333333333,2,2,GTAGGATGACTTTTTCGAGT,0,585924
araCp,0.3333333333333333,2,2,GTAGCTGTTATGATAGGAAG,0,593252
araCp,0.3333333333333333,2,2,GTAGCGTCAACAAAGGGTCA,0,576153
araCp,0.3333333333333333,2,2,GTAGCCATTCCAGAAAAACA,0,577746
araCp,0.3333333333333333,2,2,GTAGCCATGTATATCACTAG,0,590355
araCp,0.3333333333333333,2,2,GTAGACGAATCGACCCTCGT,0,597691
araCp,0.3333333333333333,2,2,GTACTTTGCACACTGCACTC,0,531237
araCp,0.3333333333333333,2,2,GTACTTAATAGGCCTCAAAC,0,539273
araCp,0.3333333333333333,2,2,GTACTGTGTCCGCCATGAGG,0,549196
araCp,0.3333333333333333,2,2,GTACTGCATCTCGGGTGCCT,0,525597
araCp,0.3333333333333333,2,2,GTACGTACTTCGTCCGATGT,0,579386
araCp,0.3333333333333333,2,2,GTACGGTAAAGTGGCCTCTG,0,533471
araCp,0.3333333333333333,2,2,GTACGGCTCATCGCAGCTAG,0,571724
araCp,0.3333333333333333,2,2,GTACGCGGCAATCAGGGATC,0,534698
araCp,0.3333333333333333,2,2,GTACCTGCAAGTTCTCCTCT,0,580849
araCp,0.3333333333333333,2,2,GTACCTCAAGGTCGCCCACC,0,531444
araCp,0.3333333333333333,2,2,GTACCCGGGGGAAACCTTAG,0,564164
araCp,0.3333333333333333,2,2,GTACCCGCTCCTCTTAGGTG,0,556183
araCp,0.3333333333333333,2,2,GTACCCGATTAGAAGTGAAC,0,576718
araCp,0.3333333333333333,2,2,GTACCCAGAAATTGGATTGC,0,554025
araCp,0.3333333333333333,2,2,GTACCAACCTTATCCGGACC,0,573996
araCp,0.3333333333333333,2,2,GTACAGTTTCCGACCAGAGA,0,541791
araCp,0.3333333333333333,2,2,GTACAACGTCCAATTAGACT,0,599592
araCp,0.3333333333333333,2,2,GTAAGTGCACTCTGCTTAAA,0,598110
araCp,0.3333333333333333,2,2,GTAAATCTGCCGATGCCATG,0,599486
araCp,0.3333333333333333,2,2,GTAAACCATAAAGCTGGGGT,0,599480
araCp,0.3333333333333333,2,2,GTAAAAGGCAGCTCTCAGGA,0,557036
araCp,0.3333333333333333,2,2,GGTTTACCTTCCGGTAACAG,0,580372
araCp,0.3333333333333333,2,2,GGTTTAAAATCGGTCTCACT,0,558955
araCp,0.3333333333333333,2,2,GGTTGGTGTTTCTCGTGTCA,0,568348
araCp,0.3333333333333333,2,2,GGTTGGGAGTGAATAAAAAC,0,560342
araCp,0.3333333333333333,2,2,GGTTGCGTAACTTAGGGGCT,0,537016
araCp,0.3333333333333333,2,2,GGTTCCTCGCAGGGTTCTAT,0,597433
araCp,0.3333333333333333,2,2,GGTTCACCTCAATCTAGCCC,0,527680
araCp,0.3333333333333333,2,2,GGTTCAATACGTATCAATCC,0,536101
araCp,0.3333333333333333,2,2,GGTTCAAGGTGAAAAACCGT,0,552507
araCp,0.3333333333333333,2,2,GGTTACCCTCCGCGAGGACC,0,590003
araCp,0.3333333333333333,2,2,GGTTAAGCCGGGATTGTGAG,0,536449
araCp,0.3333333333333333,2,2,GGTTAACATAAGTACACTAA,0,535706
araCp,0.3333333333333333,2,2,GGTTAAAGCCATTGGGCAAC,0,544545
araCp,0.3333333333333333,2,2,GGTGTGATGGTTTGTGATTC,0,563360
araCp,0.3333333333333333,2,2,GGTGTCCTTAGCCATAAATC,0,591230
araCp,0.3333333333333333,2,2,GGTGTAATAGTCTACACTCG,0,559382
araCp,0.3333333333333333,2,2,GGTGGTGCCAAGCTGCTATG,0,552484
araCp,0.3333333333333333,2,2,GGTGGTATCGCTCTGGGGGA,0,544137
araCp,0.3333333333333333,2,2,GGTGGCCAATCTAAAGCCTT,0,541249
araCp,0.3333333333333333,2,2,GGTGATAGGCAATTTAGTGT,0,540006
araCp,0.3333333333333333,2,2,GGTGACTACCGGGCGAGCGG,0,563421
araCp,0.3333333333333333,2,2,GGTGACGGGCAAAGAAGGAC,0,570143
araCp,0.3333333333333333,2,2,GGTCTTTATCTATTCTTTGT,0,541843
araCp,0.3333333333333333,2,2,GGTCTGTTCGTTGCTCTAGC,0,590599
araCp,0.3333333333333333,2,2,GGTCGTTTGCAGGAAGAGAG,0,581955
araCp,0.3333333333333333,2,2,GGTCGCACGCGGTCCCCCTA,0,528684
araCp,0.3333333333333333,2,2,GGTCCTTGATGCACGTCCGT,0,580070
araCp,0.3333333333333333,2,2,GGTCCTCAGAAACTGGGATT,0,592846
araCp,0.3333333333333333,2,2,GGTCCGGACAAAAACCGGAG,0,566006
araCp,0.3333333333333333,2,2,GGTCATAAACCTAAAATTCC,0,584695
araCp,0.3333333333333333,2,2,GGTCACTATCAGACGTGGCA,0,539665
araCp,0.3333333333333333,2,2,GGTCACGGTACGTGGCCAAG,0,600724
araCp,0.3333333333333333,2,2,GGTCACCGGATCTAGTGGTA,0,537039
araCp,0.3333333333333333,2,2,GGTCAATTACCCCAAGCTCT,0,552772
araCp,0.3333333333333333,2,2,GGTCAAGACTATGGTGGGGA,0,598357
araCp,0.3333333333333333,2,2,GGTCAACGATCGACCCTTGT,0,599465
araCp,0.3333333333333333,2,2,GGTATTAAGACAAGGGCCTC,0,534965
araCp,0.3333333333333333,2,2,GGTATGCGGGGTACGGGGTA,0,567356
araCp,0.3333333333333333,2,2,GGTATCGCACGGTGCCGTCT,0,529734
araCp,0.3333333333333333,2,2,GGTATAACACGTATATTTTG,0,590918
araCp,0.3333333333333333,2,2,GGTAGGTCGCGACTGGATGC,0,535699
araCp,0.3333333333333333,2,2,GGTAGGAGCTAAGTATCAGT,0,541110
araCp,0.3333333333333333,2,2,GGTAGAGCGGGTCTAATAAC,0,566383
araCp,0.3333333333333333,2,2,GGTACTAATAGTGTTTTCGC,0,556014
araCp,0.3333333333333333,2,2,GGTACAGCGTATATCCAATA,0,526748
araCp,0.3333333333333333,2,2,GGTAATAGCTATCGGTTAAT,0,532563
araCp,0.3333333333333333,2,2,GGTAATACTTTATACTGCCT,0,527201
araCp,0.3333333333333333,2,2,GGTAAGGGTAGAACAAATGG,0,551034
araCp,0.3333333333333333,2,2,GGTAACTGGTACTCAGCCAC,0,543565
araCp,0.3333333333333333,2,2,GGTAAACCTACCATGAGCAA,0,542196
araCp,0.3333333333333333,2,2,GGGTTTCGCGGCGATGTTAG,0,588909
araCp,0.3333333333333333,2,2,GGGTTTATAAGATAATCCAT,0,578900
araCp,0.3333333333333333,2,2,GGGTTGAATGCGAAACGCGT,0,544986
araCp,0.3333333333333333,2,2,GGGTTAAATGCAGCTCAAAC,0,566993
araCp,0.3333333333333333,2,2,GGGTCTTTTATACACGGACT,0,537351
araCp,0.3333333333333333,2,2,GGGTCGGGTTAGCCCCTCAA,0,538578
araCp,0.3333333333333333,2,2,GGGTCGAAAAGCGCGCCCTT,0,595260
araCp,0.3333333333333333,2,2,GGGTCCGTGCTTAGTGCACT,0,581165
araCp,0.3333333333333333,2,2,GGGTCCAATTATTGAGAGGA,0,546389
araCp,0.3333333333333333,2,2,GGGTCCAAAGGAAAGGTTCA,0,531106
araCp,0.3333333333333333,2,2,GGGTCACTCAATAGATAAAC,0,579567
araCp,0.3333333333333333,2,2,GGGTATGAGCCACTGATTGG,0,536110
araCp,0.3333333333333333,2,2,GGGTAGAAAGCTTCAGCGGT,0,527293
araCp,0.3333333333333333,2,2,GGGTAACCCGTCAGTTCTAG,0,558443
araCp,0.3333333333333333,2,2,GGGGTTACTTGGTTCACTGT,0,567201
araCp,0.3333333333333333,2,2,GGGGTGTGCTAAGCTATGAG,0,532924
araCp,0.3333333333333333,2,2,GGGGTAATCGCTACTCTCAC,0,551407
araCp,0.3333333333333333,2,2,GGGGGGCAACGGTAATCCGG,0,554887
araCp,0.3333333333333333,2,2,GGGGGCTACCGTTCACTTCA,0,578482
araCp,0.3333333333333333,2,2,GGGGCCATAAGGAGGAGCGT,0,552335
araCp,0.3333333333333333,2,2,GGGGAGGTATTCAAGACAGC,0,533875
araCp,0.3333333333333333,2,2,GGGGACGGAGGGGGACACGG,0,565806
araCp,0.3333333333333333,2,2,GGGGAATCTTAGCCGTCGTC,0,580145
araCp,0.3333333333333333,2,2,GGGCTTTCTGAGTAGACGCC,0,534722
araCp,0.3333333333333333,2,2,GGGCTTGCTCTTGCATCGGT,0,570950
araCp,0.3333333333333333,2,2,GGGCTTCTCAGTAGCAAAGG,0,527965
araCp,0.3333333333333333,2,2,GGGCGTCGGAGACAATTCCT,0,590488
araCp,0.3333333333333333,2,2,GGGCGGGCCCTCCGTCAAGT,0,526513
araCp,0.3333333333333333,2,2,GGGCCTCCCTAACCAGTTGG,0,530932
araCp,0.3333333333333333,2,2,GGGCCGGTCCGGGTTGTACT,0,549693
araCp,0.3333333333333333,2,2,GGGCCGGAGGTGTTCTGAGT,0,550044
araCp,0.3333333333333333,2,2,GGGCCAAGTGTTACTTATGT,0,603588
araCp,0.3333333333333333,2,2,GGGCAGACGCTTGTATCTTG,0,569998
araCp,0.3333333333333333,2,2,GGGCACTATCCCCGCCGACA,0,577635
araCp,0.3333333333333333,2,2,GGGCACAGCGACACTCCGGA,0,552301
araCp,0.3333333333333333,2,2,GGGCAAGAAGCTTAGCTAAC,0,576870
araCp,0.3333333333333333,2,2,GGGCAACGTGTCGGATACAA,0,532397
araCp,0.3333333333333333,2,2,GGGATTGGGTGATTGTGGGT,0,578530
araCp,0.3333333333333333,2,2,GGGATCACTGAATTTGGTTG,0,595834
araCp,0.3333333333333333,2,2,GGGATAATGACAACCCGGGA,0,530152
araCp,0.3333333333333333,2,2,GGGAGTACTTCTTAGACTAT,0,570717
araCp,0.3333333333333333,2,2,GGGAGAGGATCCTTCGCACC,0,599542
araCp,0.3333333333333333,2,2,GGGAGAATCAGCCTTGCAGA,0,572751
araCp,0.3333333333333333,2,2,GGGACGTCCCCGTCCAAACT,0,557844
araCp,0.3333333333333333,2,2,GGGAACGGCCCCACTCACAC,0,592347
araCp,0.3333333333333333,2,2,GGCTTTAAGAGAATCTGGGA,0,527279
araCp,0.3333333333333333,2,2,GGCTGTGTTGCGCTCACTAA,0,531545
araCp,0.3333333333333333,2,2,GGCTGTGTAGCAAGTTTAGA,0,589379
araCp,0.3333333333333333,2,2,GGCTGTAGGTGTCGTCAATG,0,588599
araCp,0.3333333333333333,2,2,GGCTGGTAACGTAGCTACAT,0,597781
araCp,0.3333333333333333,2,2,GGCTGCATGCCCACCAACAG,0,534070
araCp,0.3333333333333333,2,2,GGCTGAATAGGGTGGCGGAC,0,596073
araCp,0.3333333333333333,2,2,GGCTCGAATAGGGGATCTAT,0,591827
araCp,0.3333333333333333,2,2,GGCTCCCGATTAAGGAATAT,0,572565
araCp,0.3333333333333333,2,2,GGCTATCTCGAGCGATGGAG,0,537034
araCp,0.3333333333333333,2,2,GGCTACGGCCACGTAATTTC,0,547250
araCp,0.3333333333333333,2,2,GGCTACAAGTATGGCTCGGA,0,545918
araCp,0.3333333333333333,2,2,GGCTAACTCATCTACGGCAT,0,572449
araCp,0.3333333333333333,2,2,GGCGTTTGGTCGGGTACGAT,0,525571
araCp,0.3333333333333333,2,2,GGCGTGCTATTTTCTTATTC,0,557872
araCp,0.3333333333333333,2,2,GGCGTCTGCTGGCCAGAATA,0,525576
araCp,0.3333333333333333,2,2,GGCGTACAGGGGTTAATTGA,0,527283
araCp,0.3333333333333333,2,2,GGCGGGACGGTCAACTCTCA,0,527145
araCp,0.3333333333333333,2,2,GGCGGCTGGCTAAAAGTGTC,0,594285
araCp,0.3333333333333333,2,2,GGCGGCGTTCCCGTAATTGA,0,553090
araCp,0.3333333333333333,2,2,GGCGGCCGACTCATGGGTAT,0,583976
araCp,0.3333333333333333,2,2,GGCGGCATGGCTGGGCACGT,0,563337
araCp,0.3333333333333333,2,2,GGCGCTGCTCCTACAGCAAC,0,599165
araCp,0.3333333333333333,2,2,GGCGCCTGGCCCTCGCATTC,0,565282
araCp,0.3333333333333333,2,2,GGCGCCGATCCTATTTAGAT,0,541432
araCp,0.3333333333333333,2,2,GGCGCAGATCCCATCGGTGC,0,546881
araCp,0.3333333333333333,2,2,GGCGACGATTACACCATGGA,0,603046
araCp,0.3333333333333333,2,2,GGCGAAAGACTAGAAAGGTC,0,560024
araCp,0.3333333333333333,2,2,GGCCTTTTTAACTCACCATC,0,561091
araCp,0.3333333333333333,2,2,GGCCTGAATAATAGTACGTT,0,585506
araCp,0.3333333333333333,2,2,GGCCTCCGAAAAACGGTGGC,0,527436
araCp,0.3333333333333333,2,2,GGCCGTCCATGCGTTCCCCC,0,535733
araCp,0.3333333333333333,2,2,GGCCGCCGAGCCACGACAGC,0,600331
araCp,0.3333333333333333,2,2,GGCCCTCGACACGTGGTGCC,0,571732
araCp,0.3333333333333333,2,2,GGCCCGGCACTCATCCGTAA,0,572926
araCp,0.3333333333333333,2,2,GGCCCGCACACAAGGCTAAA,0,581987
araCp,0.3333333333333333,2,2,GGCCCGAGGCTAGTGTATCT,0,588206
araCp,0.3333333333333333,2,2,GGCCCCTAAGTGCGCCCCCA,0,586774
araCp,0.3333333333333333,2,2,GGCCCAGTTGACTAGCATTC,0,528377
araCp,0.3333333333333333,2,2,GGCCAGGCTCCAGGCGGAGT,0,563492
araCp,0.3333333333333333,2,2,GGCCAGCGTTGGTAATCGCA,0,541172
araCp,0.3333333333333333,2,2,GGCCACCCCCCACATTAGGA,0,579674
araCp,0.3333333333333333,2,2,GGCATGTTTCCCTAGACGCA,0,572808
araCp,0.3333333333333333,2,2,GGCATCTAGGGCCGATACTT,0,593674
araCp,0.3333333333333333,2,2,GGCATAAACGCTTCTAGGAA,0,540704
araCp,0.3333333333333333,2,2,GGCAGCGCGTGCCAAGAAAG,0,581813
araCp,0.3333333333333333,2,2,GGCAGAATACACAGAGCTTC,0,574885
araCp,0.3333333333333333,2,2,GGCACTTACGCAGAAGTAGG,0,540330
araCp,0.3333333333333333,2,2,GGCACGGTCTATGCTCATTT,0,575926
araCp,0.3333333333333333,2,2,GGCACAGTCAATAGGTAACT,0,560933
araCp,0.3333333333333333,2,2,GGATTTCCAAGTTGCCTGGC,0,596323
araCp,0.3333333333333333,2,2,GGATTTCAATTGTGGCACTG,0,536543
araCp,0.3333333333333333,2,2,GGATTCGGAGAGTAATATGT,0,548930
araCp,0.3333333333333333,2,2,GGATTAAGTACGGCAACATC,0,526668
araCp,0.3333333333333333,2,2,GGATGTTCGGAACGGGCCAC,0,537028
araCp,0.3333333333333333,2,2,GGATGCTGAAGGGAGCTAGT,0,569881
araCp,0.3333333333333333,2,2,GGATGCGCTAGAGGACCGCG,0,601099
araCp,0.3333333333333333,2,2,GGATGCCGACGCCCCCCGTT,0,591064
araCp,0.3333333333333333,2,2,GGATCTTTATGTGTTAAGAA,0,543766
araCp,0.3333333333333333,2,2,GGATCACGTACCGGGGCCGG,0,532071
araCp,0.3333333333333333,2,2,GGATATGGTCCCCAGACACG,0,599221
araCp,0.3333333333333333,2,2,GGATAGGCTACTGAGTAACT,0,540182
araCp,0.3333333333333333,2,2,GGATAGCTGCAGTATATTAG,0,531614
araCp,0.3333333333333333,2,2,GGATAACTTTTAGGGTGAAG,0,584310
araCp,0.3333333333333333,2,2,GGAGTCTGCATGGTAAATGC,0,591589
araCp,0.3333333333333333,2,2,GGAGTAGGGACAGGGAGGTC,0,553798
araCp,0.3333333333333333,2,2,GGAGGTTAGTTACCGGGGCT,0,529463
araCp,0.3333333333333333,2,2,GGAGGTCACTTGCCCCAATT,0,535942
araCp,0.3333333333333333,2,2,GGAGCATCGGGGAATTAGTA,0,592083
araCp,0.3333333333333333,2,2,GGAGATGGATAATTGCGGCC,0,570469
araCp,0.3333333333333333,2,2,GGAGAGCAGCGGGAATTTCG,0,554806
araCp,0.3333333333333333,2,2,GGAGAACGAGTTGTAGGGAA,0,586749
araCp,0.3333333333333333,2,2,GGACCTGCGCATGGCAATAT,0,552226
araCp,0.3333333333333333,2,2,GGACCCCCGGCTGTCATGTT,0,600817
araCp,0.3333333333333333,2,2,GGACCACGCAAGTGACATGC,0,568713
araCp,0.3333333333333333,2,2,GGACAAAGGGGGAACATTCA,0,598807
araCp,0.3333333333333333,2,2,GGAATGGGGGCCCGGCGCGA,0,573148
araCp,0.3333333333333333,2,2,GGAATGCGGCTGCCGGCCGT,0,529728
araCp,0.3333333333333333,2,2,GGAATAGAAGACGCGTGGGG,0,563467
araCp,0.3333333333333333,2,2,GGAATACAGGAATCGCCAAA,0,533552
araCp,0.3333333333333333,2,2,GGAAGTTAGGGGGCAATCTA,0,578103
araCp,0.3333333333333333,2,2,GGAAGCAGTAGCCCAAGGAC,0,554292
araCp,0.3333333333333333,2,2,GGAAGAGCGACTGCTACTGC,0,564433
araCp,0.3333333333333333,2,2,GGAAGACACGCTGTGCCATT,0,532930
araCp,0.3333333333333333,2,2,GGAACTTGTCAATTCCGATT,0,578865
araCp,0.3333333333333333,2,2,GGAACAGCTACAGGGGGTAT,0,565602
araCp,0.3333333333333333,2,2,GGAAAGAACTTTGGGGTACC,0,529614
araCp,0.3333333333333333,2,2,GGAAAAACATCATCAAGACT,0,562293
araCp,0.3333333333333333,2,2,GCTTTGACGGGATTCACTTT,0,600843
araCp,0.3333333333333333,2,2,GCTTTCTGGCGAACGAAGGT,0,545323
araCp,0.3333333333333333,2,2,GCTTTCCCATTAGACACCAC,0,556038
araCp,0.3333333333333333,2,2,GCTTTAGGAACGCCCGACAT,0,566223
araCp,0.3333333333333333,2,2,GCTTTAAAATGTTGGGATGC,0,539187
araCp,0.3333333333333333,2,2,GCTTGGTTTGGAACAAAGTT,0,559418
araCp,0.3333333333333333,2,2,GCTTCCGTATGACAGAAGTC,0,574984
araCp,0.3333333333333333,2,2,GCTTCCCTACGTCATATTGT,0,598547
araCp,0.3333333333333333,2,2,GCTTCACTAAGTCTGAGAGG,0,525973
araCp,0.3333333333333333,2,2,GCTTATTTCAAAGTCCGTGT,0,575027
araCp,0.3333333333333333,2,2,GCTTATACGAGAATGCATCT,0,525992
araCp,0.3333333333333333,2,2,GCTTACGGCTCCCACAGGCA,0,539075
araCp,0.3333333333333333,2,2,GCTTACCTTTAATTCGAACT,0,550869
araCp,0.3333333333333333,2,2,GCTGTGCGCCTGATGCACGC,0,588903
araCp,0.3333333333333333,2,2,GCTGTCTGGTGAGAGGAACC,0,540122
araCp,0.3333333333333333,2,2,GCTGTCGTGAAGCCATTCTG,0,586943
araCp,0.3333333333333333,2,2,GCTGGTTTGAGCACGCTTCA,0,584551
araCp,0.3333333333333333,2,2,GCTGGGGACTCGGGGTTGTA,0,551476
araCp,0.3333333333333333,2,2,GCTGGAAGCACTGCAGGCCA,0,563772
araCp,0.3333333333333333,2,2,GCTGGAAAGCTTTAAGTGCA,0,533017
araCp,0.3333333333333333,2,2,GCTGCTCGCGCGACTCAGGT,0,587906
araCp,0.3333333333333333,2,2,GCTGATCAGCATAAGCTCTC,0,602241
araCp,0.3333333333333333,2,2,GCTGAGGGCTAGACCCTATT,0,553512
araCp,0.3333333333333333,2,2,GCTGAGACACGCGGATTAGT,0,558092
araCp,0.3333333333333333,2,2,GCTGACGATGATTCGTCCGA,0,599888
araCp,0.3333333333333333,2,2,GCTCTCTAGGGCGAAAAGCG,0,597281
araCp,0.3333333333333333,2,2,GCTCTCTAACAGGTTTTATC,0,541220
araCp,0.3333333333333333,2,2,GCTCTCCGGCCGGGGTACAT,0,554418
araCp,0.3333333333333333,2,2,GCTCAAAAAGCAGGCGCCCA,0,534685
araCp,0.3333333333333333,2,2,GCTATGTATTGGATTCCCAG,0,581191
araCp,0.3333333333333333,2,2,GCTACCGAATATCAAGTCTT,0,554227
araCp,0.3333333333333333,2,2,GCTAACATGTAGTGACACCA,0,544028
araCp,0.3333333333333333,2,2,GCTAAAGTATATCTCGGTCA,0,578929
araCp,0.3333333333333333,2,2,GCTAAAAAAAATTCACAAAT,0,559475
araCp,0.3333333333333333,2,2,GCGTGTTGCTATAGTGAACC,0,539538
araCp,0.3333333333333333,2,2,GCGTGTATAAGGGGATTCAA,0,530212
araCp,0.3333333333333333,2,2,GCGTGGTCCAGGGAATGCGA,0,565521
araCp,0.3333333333333333,2,2,GCGTGAGTTGGTCACTCTGG,0,577402
araCp,0.3333333333333333,2,2,GCGTGAGTTCATGAATTCCC,0,590916
araCp,0.3333333333333333,2,2,GCGTCGGATACGGACGGGGT,0,566646
araCp,0.3333333333333333,2,2,GCGTCATTCCCGGATACAGG,0,528735
araCp,0.3333333333333333,2,2,GCGTCATTAGACTCATTCCT,0,584834
araCp,0.3333333333333333,2,2,GCGTAGAGATATGTAGAAAA,0,562712
araCp,0.3333333333333333,2,2,GCGGTTTGTAGAGCGGGTTA,0,595453
araCp,0.3333333333333333,2,2,GCGGTGGGGGATCCGCTGTG,0,548959
araCp,0.3333333333333333,2,2,GCGGTCCACGTCAGAAGCGA,0,575893
araCp,0.3333333333333333,2,2,GCGGGTATTCCGAGGGCGCT,0,600773
araCp,0.3333333333333333,2,2,GCGGGGTGCACATTCATACC,0,584554
araCp,0.3333333333333333,2,2,GCGGGGAGAGGCACACGCGT,0,579282
araCp,0.3333333333333333,2,2,GCGGGCGCCCCATGGCTGTT,0,534185
araCp,0.3333333333333333,2,2,GCGGGCAGATCTTCCTCATT,0,577885
araCp,0.3333333333333333,2,2,GCGGCCGTAAGGGTCAGACG,0,564883
araCp,0.3333333333333333,2,2,GCGGCATGGCCGTGCTTAAG,0,548569
araCp,0.3333333333333333,2,2,GCGGAGGTACGAATAATTCA,0,577397
araCp,0.3333333333333333,2,2,GCGGAGCTTCCGCAGAGCTA,0,558853
araCp,0.3333333333333333,2,2,GCGGAAGTTGAAAATGCGGA,0,565328
araCp,0.3333333333333333,2,2,GCGCTCCGTAGTGGCAGCTA,0,599210
araCp,0.3333333333333333,2,2,GCGCGTTCTGGGCATAGTAT,0,538100
araCp,0.3333333333333333,2,2,GCGCGTAGTTATTCCGTACA,0,577385
araCp,0.3333333333333333,2,2,GCGCGTACGTGGTACGTGTA,0,538435
araCp,0.3333333333333333,2,2,GCGCGGTCATGGCCAGAGTC,0,584859
araCp,0.3333333333333333,2,2,GCGCGCTCCGCACATAGGTG,0,552561
araCp,0.3333333333333333,2,2,GCGCGAACGCGCTCGAGACT,0,565451
araCp,0.3333333333333333,2,2,GCGCCTTCTAGTACAACTCT,0,564758
araCp,0.3333333333333333,2,2,GCGCCGTGCCCCCCCAGTAG,0,600604
araCp,0.3333333333333333,2,2,GCGCAGGGTTCGTCACTGGA,0,594289
araCp,0.3333333333333333,2,2,GCGCAGGAACTGTTTCCAAC,0,558011
araCp,0.3333333333333333,2,2,GCGATGTTAACCTTGCCCTT,0,531512
araCp,0.3333333333333333,2,2,GCGATGCAGTCCAAGTAGTG,0,555037
araCp,0.3333333333333333,2,2,GCGAGGCAATTACCCAAAGT,0,527030
araCp,0.3333333333333333,2,2,GCGAGCCCCCAGGATGGCTC,0,591994
araCp,0.3333333333333333,2,2,GCGACGGCACATCTTGTCCG,0,573309
araCp,0.3333333333333333,2,2,GCGACGCTAGTCAACTGCAA,0,567118
araCp,0.3333333333333333,2,2,GCGACCGGGAATTGGGCCGT,0,532447
araCp,0.3333333333333333,2,2,GCGACCGATCCAGCGCAGCG,0,584570
araCp,0.3333333333333333,2,2,GCGACCGAGGCTTACAACGT,0,544569
araCp,0.3333333333333333,2,2,GCGAATCCCGGTATCACGGC,0,582662
araCp,0.3333333333333333,2,2,GCGAAGATCAGAACAGGAAG,0,589031
araCp,0.3333333333333333,2,2,GCCTTCTTCCAGGCTTCATC,0,528858
araCp,0.3333333333333333,2,2,GCCTGTGCAGGAACATTTTG,0,546371
araCp,0.3333333333333333,2,2,GCCTGGAATTTGTAGTAAGG,0,544941
araCp,0.3333333333333333,2,2,GCCTGATTGACCCGAAGCAA,0,597676
araCp,0.3333333333333333,2,2,GCCTGAGAGTGGGCATGGCA,0,598630
araCp,0.3333333333333333,2,2,GCCTCTATAGATCACATTCA,0,527142
araCp,0.3333333333333333,2,2,GCCTCCGGCAAAACGCAATT,0,594080
araCp,0.3333333333333333,2,2,GCCTAGGAAAGTGTGGACCC,0,563605
araCp,0.3333333333333333,2,2,GCCTAACCCTGTGATCTGTC,0,599956
araCp,0.3333333333333333,2,2,GCCGTTTGCATACCTAAGAC,0,579810
araCp,0.3333333333333333,2,2,GCCGTCATGAAGCATTTCTT,0,560855
araCp,0.3333333333333333,2,2,GCCGGCAGAAATACATTCCT,0,582907
araCp,0.3333333333333333,2,2,GCCGGAAGTAATGTAAAGGG,0,535528
araCp,0.3333333333333333,2,2,GCCGCGGTGCGTGGAGATCT,0,540547
araCp,0.3333333333333333,2,2,GCCGCGCCAGGGCAATCCCA,0,599201
araCp,0.3333333333333333,2,2,GCCGCACTGTACGCTTCCAT,0,588091
araCp,0.3333333333333333,2,2,GCCGATGGGACTGCTTAGCC,0,531320
araCp,0.3333333333333333,2,2,GCCGATGGAATCGGGGTTCA,0,553529
araCp,0.3333333333333333,2,2,GCCGAGGGGTGCGCATGGAC,0,602538
araCp,0.3333333333333333,2,2,GCCGAAGGTTTAGCCTCGAT,0,568251
araCp,0.3333333333333333,2,2,GCCGAACCGCATTTGTATGT,0,558033
araCp,0.3333333333333333,2,2,GCCGAAAGCCCCTCGCGCCA,0,561218
araCp,0.3333333333333333,2,2,GCCCTGTTATCTGTATCCGG,0,580997
araCp,0.3333333333333333,2,2,GCCCTGGCGGTCTGCATGAC,0,543733
araCp,0.3333333333333333,2,2,GCCCCGAGAAGGTCTTCAGT,0,581113
araCp,0.3333333333333333,2,2,GCCCCCGTTCGCAGTTACAA,0,579844
araCp,0.3333333333333333,2,2,GCCCCCGCTCCTTCGTATGT,0,577124
araCp,0.3333333333333333,2,2,GCCCCACTGAGTCCGGCGCT,0,532174
araCp,0.3333333333333333,2,2,GCCCCACCGGAATGAAGGTA,0,586078
araCp,0.3333333333333333,2,2,GCCCATTCCCCACCCCTACA,0,528638
araCp,0.3333333333333333,2,2,GCCATTGTCGCAAGCTTCGG,0,566728
araCp,0.3333333333333333,2,2,GCCATAAAGGATGTCGGGGC,0,598420
araCp,0.3333333333333333,2,2,GCCAGTCCGGTGACTCCTTT,0,564674
araCp,0.3333333333333333,2,2,GCCAGTCAGTTACGGCCCGC,0,544806
araCp,0.3333333333333333,2,2,GCCAGCGTTGTCAACGTCTT,0,540806
araCp,0.3333333333333333,2,2,GCCACGATTTCACAAAAAGA,0,600561
araCp,0.3333333333333333,2,2,GCCAAGTGCCGACTATGACT,0,564559
araCp,0.3333333333333333,2,2,GCCAAGGGGGGTAGTAGGCT,0,569842
araCp,0.3333333333333333,2,2,GCCAAAGCCCCCGAGACTGT,0,548308
araCp,0.3333333333333333,2,2,GCATTGTTGCATGTATGGGT,0,577880
araCp,0.3333333333333333,2,2,GCATTGTGTGTGTTGCGATC,0,565959
araCp,0.3333333333333333,2,2,GCATGGAAATGTTAGGGAAC,0,553524
araCp,0.3333333333333333,2,2,GCATCTGACGACCGGTATTT,0,548529
araCp,0.3333333333333333,2,2,GCATCCGGCTAGGCCGCTCA,0,554476
araCp,0.3333333333333333,2,2,GCATCATGAGAAGCAGAAAG,0,567260
araCp,0.3333333333333333,2,2,GCATAGAGCCCCGACTATCT,0,574536
araCp,0.3333333333333333,2,2,GCATAAGAGGGTGCCGTAGA,0,535865
araCp,0.3333333333333333,2,2,GCAGTGGTGATTGTCCGGTG,0,584680
araCp,0.3333333333333333,2,2,GCAGGAACGTGAGGGAGTGA,0,585067
araCp,0.3333333333333333,2,2,GCAGCAGGTGCTCTGCCTCC,0,572490
araCp,0.3333333333333333,2,2,GCAGATTATATACTTTGAAC,0,565609
araCp,0.3333333333333333,2,2,GCAGATGTTATTTCCTAATC,0,537972
araCp,0.3333333333333333,2,2,GCAGATGATAAATTGGCCTG,0,557359
araCp,0.3333333333333333,2,2,GCAGATATTTGGCTCAACCT,0,585937
araCp,0.3333333333333333,2,2,GCAGAGTGCAAGTCTTCCAC,0,539396
araCp,0.3333333333333333,2,2,GCAGAGGAACAATATTACGA,0,525580
araCp,0.3333333333333333,2,2,GCACTTTCGACGACTTAGTA,0,598436
araCp,0.3333333333333333,2,2,GCACTATCGGAAGGGCCGTA,0,589537
araCp,0.3333333333333333,2,2,GCACGTAGAGGCAAAGAACT,0,536618
araCp,0.3333333333333333,2,2,GCACGCTCGGATATCTCTAC,0,600765
araCp,0.3333333333333333,2,2,GCACGCGTTATAAGGTTAAT,0,538753
araCp,0.3333333333333333,2,2,GCACGCGCTACATTTACCCT,0,599840
araCp,0.3333333333333333,2,2,GCACGCATTCCCGTTCGGGG,0,575076
araCp,0.3333333333333333,2,2,GCACGATTTATTACAAGACA,0,590067
araCp,0.3333333333333333,2,2,GCACCTGCGCGAAGGCACTC,0,577295
araCp,0.3333333333333333,2,2,GCACCGAGTCCTTGTAAAAA,0,563822
araCp,0.3333333333333333,2,2,GCACCCCCGCGGGGCTAGCA,0,572871
araCp,0.3333333333333333,2,2,GCACCAAGCGTCACAGTCAT,0,575418
araCp,0.3333333333333333,2,2,GCACATTTTTGCTTTCGTGT,0,554941
araCp,0.3333333333333333,2,2,GCACAAGCATGGGTGCTGAG,0,558630
araCp,0.3333333333333333,2,2,GCAATTTGCTTCAAAAGAAA,0,540387
araCp,0.3333333333333333,2,2,GCAATGCAACGTAGAATTTC,0,601713
araCp,0.3333333333333333,2,2,GCAATCTTATTAGCGCTCCT,0,537634
araCp,0.3333333333333333,2,2,GCAATACATGGCCTCGCCAG,0,576901
araCp,0.3333333333333333,2,2,GCAACCGTTTCTATTCTTGT,0,591274
araCp,0.3333333333333333,2,2,GCAAATGTGTGATTCCCGTT,0,584690
araCp,0.3333333333333333,2,2,GCAAAAGCAGCCCGACCTTT,0,593318
araCp,0.3333333333333333,2,2,GATTTGTAGGATGGCGACAA,0,569017
araCp,0.3333333333333333,2,2,GATTCAAAACCGGGGAGCGA,0,560609
araCp,0.3333333333333333,2,2,GATTATTTTATCTCGGGGAT,0,541167
araCp,0.3333333333333333,2,2,GATTATAGAATCCGCCAACT,0,578319
araCp,0.3333333333333333,2,2,GATTAGTTTTTCACTGTCAT,0,593737
araCp,0.3333333333333333,2,2,GATGTGCCGAGCTTCAATTG,0,602550
araCp,0.3333333333333333,2,2,GATGTAGCTGTCTTCGGCTG,0,528939
araCp,0.3333333333333333,2,2,GATGGGCCTCGGAACTGATA,0,545385
araCp,0.3333333333333333,2,2,GATGGCGAAGAGTAGGAGCT,0,567782
araCp,0.3333333333333333,2,2,GATGCGCTGAACCATGAAAC,0,540011
araCp,0.3333333333333333,2,2,GATGCCTGGGAACTGTTGGT,0,545656
araCp,0.3333333333333333,2,2,GATGCCGACGATAAGTGTAT,0,561263
araCp,0.3333333333333333,2,2,GATGCAGATCATTTTTTATC,0,593977
araCp,0.3333333333333333,2,2,GATGCAAGCATTCAAGTCTT,0,567161
araCp,0.3333333333333333,2,2,GATGACGTTAATCTAGGGAA,0,603436
araCp,0.3333333333333333,2,2,GATGAAGCCATCCGGCTAAC,0,527774
araCp,0.3333333333333333,2,2,GATCTTTCATTAAATAGGCC,0,597538
araCp,0.3333333333333333,2,2,GATCTGGAACTGGAGCACAG,0,533097
araCp,0.3333333333333333,2,2,GATCTCTCACGTTTGCAGAT,0,595203
araCp,0.3333333333333333,2,2,GATCTATCGTCGTCTAATTA,0,571217
araCp,0.3333333333333333,2,2,GATCGCGTAGTAGGGGGTGC,0,598589
araCp,0.3333333333333333,2,2,GATCCAACAAGGGTCGCGTG,0,582869
araCp,0.3333333333333333,2,2,GATCAGTTGCGAAAAGCAGT,0,537603
araCp,0.3333333333333333,2,2,GATCAACGCCGGTGGTGCGT,0,550885
araCp,0.3333333333333333,2,2,GATATTTGGCCTAACAGAGT,0,567992
araCp,0.3333333333333333,2,2,GATATTCAATTTCGAGCCGC,0,543655
araCp,0.3333333333333333,2,2,GATATCTAGCGCGACGATGG,0,536172
araCp,0.3333333333333333,2,2,GATAGGCTTACTCCGTCCTA,0,578245
araCp,0.3333333333333333,2,2,GATAGACCTGCACGCGGGTA,0,551597
araCp,0.3333333333333333,2,2,GATACGCCGGGATTCACCTT,0,542711
araCp,0.3333333333333333,2,2,GATAATGATTTTCGACTAAT,0,595447
araCp,0.3333333333333333,2,2,GATAAGTGTCGAGCCATCGG,0,603542
araCp,0.3333333333333333,2,2,GAGTTCTTGCCACGGTCCGT,0,536556
araCp,0.3333333333333333,2,2,GAGTTAGTAGAGTGGAATCG,0,569711
araCp,0.3333333333333333,2,2,GAGTTAGGGTTCCCCTGTGA,0,543135
araCp,0.3333333333333333,2,2,GAGTGTAATGTCGAACGCAG,0,579618
araCp,0.3333333333333333,2,2,GAGTCGATGAATTATACCTC,0,549874
araCp,0.3333333333333333,2,2,GAGTCAAGTATATACGCTGA,0,534604
araCp,0.3333333333333333,2,2,GAGTAGCTACATTGGCAGCT,0,525609
araCp,0.3333333333333333,2,2,GAGGTCGCCCTCAGGTCTTC,0,594798
araCp,0.3333333333333333,2,2,GAGGGTGCCCAACTTTACAT,0,561991
araCp,0.3333333333333333,2,2,GAGGGAGGTCCGTCATGTTA,0,544802
araCp,0.3333333333333333,2,2,GAGGCGCCTTGCCGTTCTGG,0,553208
araCp,0.3333333333333333,2,2,GAGGATCCTCAGTATGCTAT,0,530057
araCp,0.3333333333333333,2,2,GAGGAGCCACGGATACGCGC,0,592817
araCp,0.3333333333333333,2,2,GAGGACACGGGCTTTCACAG,0,556385
araCp,0.3333333333333333,2,2,GAGCTCAAAGACCGAACCCC,0,573302
araCp,0.3333333333333333,2,2,GAGCTAGGCGCTTGGTCAAA,0,577454
araCp,0.3333333333333333,2,2,GAGCTACGGTAGTTATACGC,0,528968
araCp,0.3333333333333333,2,2,GAGCTAATGGCGCCACTGTT,0,581814
araCp,0.3333333333333333,2,2,GAGCTAAGCGTGCTAGGTAC,0,598380
araCp,0.3333333333333333,2,2,GAGCGTCTGGTTGGGGGGTC,0,554065
araCp,0.3333333333333333,2,2,GAGCGTAAGAAAACGGGCGA,0,570906
araCp,0.3333333333333333,2,2,GAGCGGTTGGTATAGTTACC,0,594889
araCp,0.3333333333333333,2,2,GAGCGGGGTCAACCGTATAT,0,584670
araCp,0.3333333333333333,2,2,GAGCGGCCCGAAGGGTTCCA,0,585076
araCp,0.3333333333333333,2,2,GAGCGCCGTGTACTGTCTGC,0,552560
araCp,0.3333333333333333,2,2,GAGCGAGTGTTACGGGTCGA,0,532393
araCp,0.3333333333333333,2,2,GAGCCCGTACAATGCGGCAT,0,582910
araCp,0.3333333333333333,2,2,GAGCCATGAAATCATTAAAT,0,546079
araCp,0.3333333333333333,2,2,GAGCCAACACTCAGATACAC,0,552643
araCp,0.3333333333333333,2,2,GAGCATTCTATAGATATTCT,0,595863
araCp,0.3333333333333333,2,2,GAGCATTCATTCTACGACAT,0,565944
araCp,0.3333333333333333,2,2,GAGCATGGTCCCGACCAACC,0,567447
araCp,0.3333333333333333,2,2,GAGCACAAAACTATGCATCG,0,587599
araCp,0.3333333333333333,2,2,GAGATTAGCGTGGGTGTACA,0,549837
araCp,0.3333333333333333,2,2,GAGATCTCGAACATTTTTAT,0,525833
araCp,0.3333333333333333,2,2,GAGATCGTACGTGCTGGCCA,0,587173
araCp,0.3333333333333333,2,2,GAGATCCGAGAGAGCCCAGG,0,601482
araCp,0.3333333333333333,2,2,GAGAGCTGCGCGTCACCTCG,0,530561
araCp,0.3333333333333333,2,2,GAGAGAGAAACTCAAAAAAG,0,549288
araCp,0.3333333333333333,2,2,GAGACCCTCATCCTCGATGG,0,581876
araCp,0.3333333333333333,2,2,GAGACAAGACCGCTGTAGGT,0,558318
araCp,0.3333333333333333,2,2,GAGAATTTACTAAGGACCGG,0,551134
araCp,0.3333333333333333,2,2,GAGAAATATCTATGCAACCA,0,562717
araCp,0.3333333333333333,2,2,GAGAAAAACCCGAGTATGGC,0,534472
araCp,0.3333333333333333,2,2,GACTTGATACTATATATGGG,0,573392
araCp,0.3333333333333333,2,2,GACTTAGTGACCTTTGGCAG,0,536722
araCp,0.3333333333333333,2,2,GACTGCGCATACCGGTCCGA,0,544426
araCp,0.3333333333333333,2,2,GACTCTCACACGTGCTCACA,0,543977
araCp,0.3333333333333333,2,2,GACTATGATATACGTTCCTT,0,603015
araCp,0.3333333333333333,2,2,GACTATCTGCCACGAAGTCT,0,594740
araCp,0.3333333333333333,2,2,GACTAGCGCCTTGACCCGAG,0,577756
araCp,0.3333333333333333,2,2,GACGTACACGGCAGCATGGA,0,595671
araCp,0.3333333333333333,2,2,GACGGTTCCGTTATAGCCAG,0,535651
araCp,0.3333333333333333,2,2,GACGGATCTGTGGTAGTGAG,0,596014
araCp,0.3333333333333333,2,2,GACGCTGTTAGGGACCAGAC,0,536809
araCp,0.3333333333333333,2,2,GACGCATCGGCGTTAAAGAC,0,602213
araCp,0.3333333333333333,2,2,GACGATGCCTCGTCCGGGAC,0,558151
araCp,0.3333333333333333,2,2,GACGAGGATAACTCGTTTCC,0,537027
araCp,0.3333333333333333,2,2,GACGACGGAATCGGGCGCTT,0,526521
araCp,0.3333333333333333,2,2,GACCTTGGGCGGTGTGTTGC,0,552836
araCp,0.3333333333333333,2,2,GACCTTCTATCAATAACCTA,0,550388
araCp,0.3333333333333333,2,2,GACCTCTTGCAGGAAAAAGG,0,597466
araCp,0.3333333333333333,2,2,GACCTCGGCGATCAGGCGCT,0,577894
araCp,0.3333333333333333,2,2,GACCTCCTTAGACCGCAGAC,0,558676
araCp,0.3333333333333333,2,2,GACCGGCGGTTGATTAGCGC,0,598017
araCp,0.3333333333333333,2,2,GACCGCGTGACGTCCACCAC,0,532867
araCp,0.3333333333333333,2,2,GACCGCCAATTTACGCTACC,0,579767
araCp,0.3333333333333333,2,2,GACCGCACCATTTACCCTGC,0,533818
araCp,0.3333333333333333,2,2,GACCCTGCGCTTCCACCAAG,0,554357
araCp,0.3333333333333333,2,2,GACCCGCCTGCATCATAGCA,0,536714
araCp,0.3333333333333333,2,2,GACCCCGTTCAAGATTGGTT,0,534467
araCp,0.3333333333333333,2,2,GACCATAGGAAGATCAGAAT,0,579367
araCp,0.3333333333333333,2,2,GACCAGCTCACCGCTTTGTT,0,537257
araCp,0.3333333333333333,2,2,GACATGTGGCTCCAAGCGTA,0,598461
araCp,0.3333333333333333,2,2,GACATACCTTCGATGGCTCT,0,600259
araCp,0.3333333333333333,2,2,GACAGGTCACATGTAGTAAG,0,571840
araCp,0.3333333333333333,2,2,GACAGGGCAATCAGGTCCCC,0,579777
araCp,0.3333333333333333,2,2,GACAGACGCACATCATTTCA,0,579950
araCp,0.3333333333333333,2,2,GACACCCGCCCGGCATTTAT,0,557582
araCp,0.3333333333333333,2,2,GACAAGGCTGGTAAAAAGAC,0,565913
araCp,0.3333333333333333,2,2,GACAACTAAGACTGGGCAAA,0,541680
araCp,0.3333333333333333,2,2,GAATTAATATGAAGGGGCCA,0,567969
araCp,0.3333333333333333,2,2,GAATGAAAAGGTTGTTTGCC,0,586215
araCp,0.3333333333333333,2,2,GAATCTATGTGATTTCGAAA,0,559901
araCp,0.3333333333333333,2,2,GAATCGTCAAAGTACGAACT,0,535712
araCp,0.3333333333333333,2,2,GAATCACCCTAATCGAATAG,0,565243
araCp,0.3333333333333333,2,2,GAATCAATGAATTGGGTGAC,0,570489
araCp,0.3333333333333333,2,2,GAATACGGCCTCGTATATTA,0,529555
araCp,0.3333333333333333,2,2,GAATAAGGTGGTGAGATCCT,0,574396
araCp,0.3333333333333333,2,2,GAAGTGGATGGTCCGGGTGT,0,527663
araCp,0.3333333333333333,2,2,GAAGTGCCGTATCGAAATTT,0,562643
araCp,0.3333333333333333,2,2,GAAGTGAGCGCATGACTGAA,0,569021
araCp,0.3333333333333333,2,2,GAAGGGTTACACTCCACAAT,0,549308
araCp,0.3333333333333333,2,2,GAAGGGTAGGTCAAATTTAC,0,579649
araCp,0.3333333333333333,2,2,GAAGGCAACATAACCCCTCG,0,557922
araCp,0.3333333333333333,2,2,GAAGGAAAACCTGCCTACCC,0,564959
araCp,0.3333333333333333,2,2,GAAGCAAGCGTTCCCTCGTG,0,530516
araCp,0.3333333333333333,2,2,GAACTTCAATAAGTGTTACT,0,572870
araCp,0.3333333333333333,2,2,GAACTCTGAAGTTAAGCGCA,0,569500
araCp,0.3333333333333333,2,2,GAACTACTAATCCGATCTGG,0,583332
araCp,0.3333333333333333,2,2,GAACGAGGTAAATGAAATGC,0,571647
araCp,0.3333333333333333,2,2,GAACGACAAGTGGCCAGTCA,0,585965
araCp,0.3333333333333333,2,2,GAACCCCGTGCGCTACAGGA,0,554959
araCp,0.3333333333333333,2,2,GAACATTTGTGGCATAAGGC,0,573768
araCp,0.3333333333333333,2,2,GAACATTAATGGTATCCCGC,0,593535
araCp,0.3333333333333333,2,2,GAACATACCAGGTCCGATAC,0,557041
araCp,0.3333333333333333,2,2,GAACAAGTATATGCCTGTGT,0,552539
araCp,0.3333333333333333,2,2,GAACAAGAATAGAACGATTA,0,555556
araCp,0.3333333333333333,2,2,GAAATGGAAGATGCGCGGAC,0,549783
araCp,0.3333333333333333,2,2,GAAATAGCGCCCAAGGCTAG,0,568046
araCp,0.3333333333333333,2,2,GAAAGGCTTTCCTTGAGCCA,0,595759
araCp,0.3333333333333333,2,2,GAAAGACGGGCTGGTATGCG,0,586595
araCp,0.3333333333333333,2,2,GAAACTTATTGAGGTTGCGA,0,531314
araCp,0.3333333333333333,2,2,GAAACGGGGGTAAGGGCAGC,0,537674
araCp,0.3333333333333333,2,2,GAAACGGAGAAGGCCATACT,0,601072
araCp,0.3333333333333333,2,2,GAAAATCTGACCCCCAGGGT,0,556809
araCp,0.3333333333333333,2,2,GAAAACAATGGCCTAGGAGT,0,541312
araCp,0.3333333333333333,2,2,GAAAAAGGGGTTCTAAATTG,0,560081
araCp,0.3333333333333333,2,2,CTTTTTTCTATCTGTAACAT,0,568674
araCp,0.3333333333333333,2,2,CTTTTGAGTAAGGTGGTATG,0,595493
araCp,0.3333333333333333,2,2,CTTTTCGGTTACGGGAACCG,0,561289
araCp,0.3333333333333333,2,2,CTTTTAAGCGTATGTTCACA,0,535424
araCp,0.3333333333333333,2,2,CTTTGGTGAGAAGACGGGTG,0,588138
araCp,0.3333333333333333,2,2,CTTTGGGTATTATATATCTG,0,557538
araCp,0.3333333333333333,2,2,CTTTGGGGCGCATATTCGCC,0,600637
araCp,0.3333333333333333,2,2,CTTTGATCGTGTCAACGCTA,0,556434
araCp,0.3333333333333333,2,2,CTTTCTCAGGGGCGCAATAC,0,564014
araCp,0.3333333333333333,2,2,CTTTCGTCGTGCCTCAAATG,0,526528
araCp,0.3333333333333333,2,2,CTTTCCGATGGGGAAACACG,0,597973
araCp,0.3333333333333333,2,2,CTTTCATATGCCTTAAGGCT,0,547450
araCp,0.3333333333333333,2,2,CTTTATTATGGTATATGACC,0,596310
araCp,0.3333333333333333,2,2,CTTTAGCTCCCTCTGTCATG,0,580223
araCp,0.3333333333333333,2,2,CTTTAAGGCGCTTCCAACAG,0,545650
araCp,0.3333333333333333,2,2,CTTGTTTGGCGAGGGCTAAA,0,542779
araCp,0.3333333333333333,2,2,CTTGTTAAGCTCCCGCGGAG,0,549187
araCp,0.3333333333333333,2,2,CTTGGGAATGTCCATACCCA,0,526753
araCp,0.3333333333333333,2,2,CTTGGCGTTTGGACCAAAGC,0,572301
araCp,0.3333333333333333,2,2,CTTGCTGGATTAGGTGATCA,0,571827
araCp,0.3333333333333333,2,2,CTTGCGCAACCCCCCCTTGT,0,559665
araCp,0.3333333333333333,2,2,CTTGCATGGGTCAAAGAGGG,0,548494
araCp,0.3333333333333333,2,2,CTTGATCAACTTTAATTCTC,0,546068
araCp,0.3333333333333333,2,2,CTTGAGTGGCGAATGGAAAA,0,538265
araCp,0.3333333333333333,2,2,CTTGAGAGGTAACGAGAGAG,0,592858
araCp,0.3333333333333333,2,2,CTTGAAAGGCTCTGTGCGTA,0,549126
araCp,0.3333333333333333,2,2,CTTCTTTGTGTCACATCCCT,0,531418
araCp,0.3333333333333333,2,2,CTTCTTAATATATTCAACCC,0,569377
araCp,0.3333333333333333,2,2,CTTCTCAACCTAAGCTGGAC,0,537565
araCp,0.3333333333333333,2,2,CTTCGTGCCGTCAGATGGTC,0,567302
araCp,0.3333333333333333,2,2,CTTCGTATACAATCGGATGA,0,559875
araCp,0.3333333333333333,2,2,CTTCGCACGTACGCCTCCCT,0,593744
araCp,0.3333333333333333,2,2,CTTCCGCTAGGATGGAAGGG,0,549625
araCp,0.3333333333333333,2,2,CTTCCGAGATTCCATCAAGT,0,581387
araCp,0.3333333333333333,2,2,CTTCCCTTGACTCGAGTTGA,0,574681
araCp,0.3333333333333333,2,2,CTTCCCGCTGAGGACATGCG,0,581511
araCp,0.3333333333333333,2,2,CTTCCCCATGTGAGGTCTCT,0,535645
araCp,0.3333333333333333,2,2,CTTCAAATGAATGAGTATGA,0,574420
araCp,0.3333333333333333,2,2,CTTATGATAAACGCACTCTA,0,582039
araCp,0.3333333333333333,2,2,CTTATATGGCCAGGGCACAA,0,581591
araCp,0.3333333333333333,2,2,CTTATATACTGAGCAGTCAA,0,564021
araCp,0.3333333333333333,2,2,CTTATACTTAACCATATAAG,0,549078
araCp,0.3333333333333333,2,2,CTTATACGTCCTTACTCTGT,0,580363
araCp,0.3333333333333333,2,2,CTTAGTGCCGTTGGGGTTCC,0,584880
araCp,0.3333333333333333,2,2,CTTAGGTATGTCATCTCAAA,0,554258
araCp,0.3333333333333333,2,2,CTTAGCACCCGAGATTGTTT,0,593765
araCp,0.3333333333333333,2,2,CTTAGAAGCCGGGCGTCTTT,0,573654
araCp,0.3333333333333333,2,2,CTTACTATGCCTTCAAACTT,0,573180
araCp,0.3333333333333333,2,2,CTTACTAGGAATCGTTCGGA,0,559944
araCp,0.3333333333333333,2,2,CTTAATGACCTGGATTGGAC,0,551523
araCp,0.3333333333333333,2,2,CTTAACGACCTAACCATAAC,0,535334
araCp,0.3333333333333333,2,2,CTGTTATACCCGTGGACTTG,0,583897
araCp,0.3333333333333333,2,2,CTGTTATACACCACAGGTTA,0,530891
araCp,0.3333333333333333,2,2,CTGTTAATTGAATAGTGGGG,0,541043
araCp,0.3333333333333333,2,2,CTGTGTCGGATAGAGTAGTT,0,547905
araCp,0.3333333333333333,2,2,CTGTGTATTTGGGACAGAAG,0,565570
araCp,0.3333333333333333,2,2,CTGTGCGGTGCGACGTACAT,0,536715
araCp,0.3333333333333333,2,2,CTGTGCGCGGGGACGTTTCA,0,600964
araCp,0.3333333333333333,2,2,CTGTGAGCACTCAGGTTTCC,0,588979
araCp,0.3333333333333333,2,2,CTGTGACGGATCGCTCAACG,0,592449
araCp,0.3333333333333333,2,2,CTGTGACCGGCTCCACTTCG,0,564915
araCp,0.3333333333333333,2,2,CTGTGAAGTGGTTGATTAAT,0,542998
araCp,0.3333333333333333,2,2,CTGTCTGCGACATAGCTGGT,0,555202
araCp,0.3333333333333333,2,2,CTGTCTCCTTTTGGCTTAGA,0,596774
araCp,0.3333333333333333,2,2,CTGTCCTTTCGATTTCGGCA,0,589747
araCp,0.3333333333333333,2,2,CTGTCCCTTTCTGATGAAAC,0,550370
araCp,0.3333333333333333,2,2,CTGTCCCCCCAATATCTCAT,0,589594
araCp,0.3333333333333333,2,2,CTGTATGTTCAAATGCTCCT,0,540650
araCp,0.3333333333333333,2,2,CTGTAGTCAAACTGTAATGC,0,552174
araCp,0.3333333333333333,2,2,CTGTAGTATGCGAATCACGA,0,593901
araCp,0.3333333333333333,2,2,CTGTAGCTTAACGCAGGAGT,0,600164
araCp,0.3333333333333333,2,2,CTGGTCTCACCATGAGAATA,0,528963
araCp,0.3333333333333333,2,2,CTGGTCCGGAGTATTGAGTG,0,573834
araCp,0.3333333333333333,2,2,CTGGTATAGGGGCACACACA,0,568866
araCp,0.3333333333333333,2,2,CTGGGGGGCTCCACACCATC,0,531016
araCp,0.3333333333333333,2,2,CTGGGGAAGATATAGCCGTC,0,573452
araCp,0.3333333333333333,2,2,CTGGGATCGTAATGTCGGAC,0,591637
araCp,0.3333333333333333,2,2,CTGGCTCGAATATACAACCG,0,577218
araCp,0.3333333333333333,2,2,CTGGCTAGGCTAGATCTCTG,0,543560
araCp,0.3333333333333333,2,2,CTGGCACGCTCTCTCTGGGA,0,574191
araCp,0.3333333333333333,2,2,CTGCTTAACTTGTCCACCCA,0,592916
araCp,0.3333333333333333,2,2,CTGCTGTACAGTACCAATCG,0,566295
araCp,0.3333333333333333,2,2,CTGCTGCGACATAGAATTTA,0,549877
araCp,0.3333333333333333,2,2,CTGCTCAGAATGGACTAAGG,0,561343
araCp,0.3333333333333333,2,2,CTGCTATCTTAGCAGGACGG,0,557719
araCp,0.3333333333333333,2,2,CTGCTAGGTTTTCGCATAGG,0,573355
araCp,0.3333333333333333,2,2,CTGCGGATAGATCTTGTACA,0,603561
araCp,0.3333333333333333,2,2,CTGCGCGCTAATTTACTCGC,0,577206
araCp,0.3333333333333333,2,2,CTGCGATTCCGCGTTCGCGT,0,533379
araCp,0.3333333333333333,2,2,CTGAGTGGCTTCACCGGCCC,0,578412
araCp,0.3333333333333333,2,2,CTGAGAGTCCAATTGGAGCT,0,559494
araCp,0.3333333333333333,2,2,CTGACTTGACGGATTTCGAT,0,593657
araCp,0.3333333333333333,2,2,CTGACTCTCACATCGCGACC,0,598900
araCp,0.3333333333333333,2,2,CTGACGTCGTGGTCGCCAAC,0,555571
araCp,0.3333333333333333,2,2,CTGACGATTAGGCGGTGGCT,0,595400
araCp,0.3333333333333333,2,2,CTGACACGTGGGTTAGGGTA,0,586220
araCp,0.3333333333333333,2,2,CTGAATTAAACTGATTAGAT,0,559146
araCp,0.3333333333333333,2,2,CTGAATCCTCCTGGGAAATC,0,525886
araCp,0.3333333333333333,2,2,CTGAAGACTCCCTCAATCGA,0,600323
araCp,0.3333333333333333,2,2,CTGAACGGAGTTGTACAGCC,0,581359
araCp,0.3333333333333333,2,2,CTGAAAATAGTCGTACTGTG,0,582668
araCp,0.3333333333333333,2,2,CTCTTAGTGGAAGGGTCTGA,0,558819
araCp,0.3333333333333333,2,2,CTCTTAAGGTTTTTGGATCC,0,566898
araCp,0.3333333333333333,2,2,CTCTTAAACTGGTGCTTTTG,0,541994
araCp,0.3333333333333333,2,2,CTCTGTGTTTAGCACTAACT,0,578845
araCp,0.3333333333333333,2,2,CTCTGGGGCTTATTCATTGT,0,587296
araCp,0.3333333333333333,2,2,CTCTGGACCCGAGCCGTCCA,0,589351
araCp,0.3333333333333333,2,2,CTCTGAGCCTGTACTAGATT,0,568350
araCp,0.3333333333333333,2,2,CTCTCATAGACAAGGTACAC,0,538331
araCp,0.3333333333333333,2,2,CTCTCACTCTCTCGGGGGAG,0,575693
araCp,0.3333333333333333,2,2,CTCTATTGAGTCAAGTTATC,0,537958
araCp,0.3333333333333333,2,2,CTCTAAAGCTGGGCATTACT,0,533747
araCp,0.3333333333333333,2,2,CTCGTGGTCGAAGACTATCT,0,587601
araCp,0.3333333333333333,2,2,CTCGTGCCAGGATAGAAGAA,0,585668
araCp,0.3333333333333333,2,2,CTCGTATAGCTGGGCAGGTT,0,573962
araCp,0.3333333333333333,2,2,CTCGGTCGCTCGGAGCTATG,0,602874
araCp,0.3333333333333333,2,2,CTCGGGATTTAGGAGAATAG,0,594043
araCp,0.3333333333333333,2,2,CTCGGCTTGGGCAATATATT,0,565427
araCp,0.3333333333333333,2,2,CTCGGCTCGTCATAATGTGA,0,566919
araCp,0.3333333333333333,2,2,CTCGGCCTTCAAGTACCGCT,0,541671
araCp,0.3333333333333333,2,2,CTCGCATCTACGGCAAAGGT,0,560589
araCp,0.3333333333333333,2,2,CTCGAATATGCCTCCTCCTA,0,530283
araCp,0.3333333333333333,2,2,CTCCTCTAATAATGCCATTT,0,578415
araCp,0.3333333333333333,2,2,CTCCTCAAAGACCACGGAGT,0,581550
araCp,0.3333333333333333,2,2,CTCCTATCGTTACCGATAGA,0,580474
araCp,0.3333333333333333,2,2,CTCCGTCTTCCGTAAGCGCT,0,603105
araCp,0.3333333333333333,2,2,CTCCCGCAGTAGCGCTGGTG,0,546326
araCp,0.3333333333333333,2,2,CTCCCATATAGGTTGCAAGG,0,571904
araCp,0.3333333333333333,2,2,CTCCAGCAGCAGGGGATCGG,0,569549
araCp,0.3333333333333333,2,2,CTCCACCACTTGCGCAGCAG,0,588721
araCp,0.3333333333333333,2,2,CTCCAAGAATCTAGCCTGAA,0,548768
araCp,0.3333333333333333,2,2,CTCATGGTTGTAGTACGACT,0,597425
araCp,0.3333333333333333,2,2,CTCATATGATGTTACCATCT,0,599475
araCp,0.3333333333333333,2,2,CTCATAATCCACCTAGCTCA,0,562969
araCp,0.3333333333333333,2,2,CTCAGTTGGCGAAACTTTTC,0,543270
araCp,0.3333333333333333,2,2,CTCAGCCAGGTGTTCGAGGG,0,591054
araCp,0.3333333333333333,2,2,CTCACTATTGAGAGTGACCT,0,555822
araCp,0.3333333333333333,2,2,CTCACCCAGGCGGAACGCCA,0,574252
araCp,0.3333333333333333,2,2,CTCAATCACGCGAAATGGTT,0,548290
araCp,0.3333333333333333,2,2,CTCAAGAATACGACTTAGGG,0,549488
araCp,0.3333333333333333,2,2,CTCAACGCGCCATCATAGTA,0,569167
araCp,0.3333333333333333,2,2,CTATTTCTGACATAGGCGTG,0,535488
araCp,0.3333333333333333,2,2,CTATTTACACTTTCGAATCT,0,545167
araCp,0.3333333333333333,2,2,CTATTTAACTACCAAACAGA,0,562078
araCp,0.3333333333333333,2,2,CTATTGTGCGGAAAGGGCTT,0,591995
araCp,0.3333333333333333,2,2,CTATGTTAAAGACAGTAAGT,0,544344
araCp,0.3333333333333333,2,2,CTATGAGCACGAGAAGTCGG,0,528360
araCp,0.3333333333333333,2,2,CTATGAACTCCTGAGGTTGC,0,566969
araCp,0.3333333333333333,2,2,CTATCGTTATTAGTACATGC,0,528128
araCp,0.3333333333333333,2,2,CTATATAGATAGATAATAGA,0,588998
araCp,0.3333333333333333,2,2,CTATACCTGGGGGACACTTA,0,599133
araCp,0.3333333333333333,2,2,CTATACACTACCTATGAGCA,0,525896
araCp,0.3333333333333333,2,2,CTAGTGTTCGCAACCAAACA,0,603720
araCp,0.3333333333333333,2,2,CTAGGCGAGATTGCCTACGT,0,578694
araCp,0.3333333333333333,2,2,CTAGGCGAAGAGTGTTGCAC,0,567941
araCp,0.3333333333333333,2,2,CTAGGAATCTGCTTATCGGT,0,565999
araCp,0.3333333333333333,2,2,CTAGCGCGCTAACCAGGACA,0,564201
araCp,0.3333333333333333,2,2,CTAGCGCATGACCGGTACTG,0,557923
araCp,0.3333333333333333,2,2,CTAGAGTGGCAGTGTCAACG,0,588717
araCp,0.3333333333333333,2,2,CTAGAGGTACTGCTGCTTTG,0,554377
araCp,0.3333333333333333,2,2,CTAGAGCGAAAAGGAGCTTC,0,600518
araCp,0.3333333333333333,2,2,CTAGAAGGTTTTACCTTTCT,0,568166
araCp,0.3333333333333333,2,2,CTACTTAATGTTAGTGGCGT,0,587975
araCp,0.3333333333333333,2,2,CTACTGAGCCGTGTTTCCTC,0,553160
araCp,0.3333333333333333,2,2,CTACTCTCATTCGCGATGAT,0,576251
araCp,0.3333333333333333,2,2,CTACCTGTGCCACCACGATG,0,541111
araCp,0.3333333333333333,2,2,CTACCGTCTCCACCCGTTTG,0,538801
araCp,0.3333333333333333,2,2,CTACCATCACATACGAACTG,0,600042
araCp,0.3333333333333333,2,2,CTACCAGCTCCAGGGGGGGG,0,530705
araCp,0.3333333333333333,2,2,CTACAGAAGTAGGTATGACC,0,587876
araCp,0.3333333333333333,2,2,CTACACTGTTAAACGGTTCC,0,566199
araCp,0.3333333333333333,2,2,CTAATCATTAGAACCATGCT,0,583063
araCp,0.3333333333333333,2,2,CTAAGTGCCATCTCACGTAT,0,603227
araCp,0.3333333333333333,2,2,CTAAGCGAGGGCTTACACAC,0,543281
araCp,0.3333333333333333,2,2,CTAACGGATTGCGATGGTGT,0,548878
araCp,0.3333333333333333,2,2,CTAACCTAAAAAGCCTATTT,0,545659
araCp,0.3333333333333333,2,2,CTAACCCGTAAAGGGAGGAA,0,550146
araCp,0.3333333333333333,2,2,CGTTTGTATCTTACTTACCA,0,549633
araCp,0.3333333333333333,2,2,CGTTGGGAATCTAGCGTCGG,0,543407
araCp,0.3333333333333333,2,2,CGTTGCCCACCATCCAGTAA,0,597472
araCp,0.3333333333333333,2,2,CGTTGAGCCAATTTGGATCA,0,573656
araCp,0.3333333333333333,2,2,CGTTCTTACTCAGGCATGGC,0,596983
araCp,0.3333333333333333,2,2,CGTTCTGCACGCCGAGGGTA,0,555801
araCp,0.3333333333333333,2,2,CGTTCGTGAAAGATCTCCTC,0,559829
araCp,0.3333333333333333,2,2,CGTTCGTAACGTAAGGGTGA,0,536493
araCp,0.3333333333333333,2,2,CGTTCCGAGCACGGCGTCCA,0,553168
araCp,0.3333333333333333,2,2,CGTGTCTGTCAAGGTCGCGC,0,547274
araCp,0.3333333333333333,2,2,CGTGTCGTGAGATCAGAGTC,0,599025
araCp,0.3333333333333333,2,2,CGTGTCCTGTTCTCACCCGG,0,534121
araCp,0.3333333333333333,2,2,CGTGTATTCGTTTTTTATGC,0,586513
araCp,0.3333333333333333,2,2,CGTGGTTTACTGCTAGTACT,0,597290
araCp,0.3333333333333333,2,2,CGTGGTTAAGGTTCATGCGG,0,557900
araCp,0.3333333333333333,2,2,CGTGGGTCTTTCGTGCCTTG,0,556469
araCp,0.3333333333333333,2,2,CGTGCACCCGATTCCGAATG,0,559175
araCp,0.3333333333333333,2,2,CGTGCAACTTGACACGTGGC,0,576787
araCp,0.3333333333333333,2,2,CGTGATGGCTGATCACCGGG,0,580583
araCp,0.3333333333333333,2,2,CGTGATAGCTTGGCCCATAG,0,577821
araCp,0.3333333333333333,2,2,CGTGACCAGTAGCGCCCAGG,0,593986
araCp,0.3333333333333333,2,2,CGTGAATAGACGGGAATAAG,0,598323
araCp,0.3333333333333333,2,2,CGTCTTGTTTGCCATCTGAC,0,563264
araCp,0.3333333333333333,2,2,CGTCCTGTCGAGAACCACGG,0,576806
araCp,0.3333333333333333,2,2,CGTCCGCTAGGCCTTGTCAA,0,603147
araCp,0.3333333333333333,2,2,CGTCCGAGAGCAGTTTAGCA,0,548251
araCp,0.3333333333333333,2,2,CGTCCCCCGAGAACGGCTAG,0,583044
araCp,0.3333333333333333,2,2,CGTCCACGTTGAAAAACGTT,0,574510
araCp,0.3333333333333333,2,2,CGTCCAACGAGGCTGCAAGT,0,589415
araCp,0.3333333333333333,2,2,CGTCAGGGCGAGCTATACAT,0,551068
araCp,0.3333333333333333,2,2,CGTCAATACCACCTAGGCCA,0,583815
araCp,0.3333333333333333,2,2,CGTCAAAGTTAAGCAATTGT,0,589507
araCp,0.3333333333333333,2,2,CGTATTTTAATAGGCGAACC,0,554511
araCp,0.3333333333333333,2,2,CGTATCGTGCTCACCCGAGC,0,547809
araCp,0.3333333333333333,2,2,CGTAGGCATCCTGGGAAGTT,0,574659
araCp,0.3333333333333333,2,2,CGTAGACTACCGATCAAAGT,0,549005
araCp,0.3333333333333333,2,2,CGTACTGTGCCGGGGTCCGG,0,550013
araCp,0.3333333333333333,2,2,CGTACTGCTATAGGGTGCAG,0,545273
araCp,0.3333333333333333,2,2,CGTACCGAGCGTGCGAGGAA,0,575286
araCp,0.3333333333333333,2,2,CGTACCAGATGTTATCAGCA,0,554406
araCp,0.3333333333333333,2,2,CGTACAAAGAGTTGTCCGCC,0,551072
araCp,0.3333333333333333,2,2,CGTAAGGTTTATTGATTCGG,0,551133
araCp,0.3333333333333333,2,2,CGGTTTGGTTATGTAACACA,0,591512
araCp,0.3333333333333333,2,2,CGGTTCTGTAACATCTGTTC,0,592536
araCp,0.3333333333333333,2,2,CGGTTATATCTACGCTGAAC,0,532258
araCp,0.3333333333333333,2,2,CGGTTAGGGCACACTCGCAT,0,532240
araCp,0.3333333333333333,2,2,CGGTTAAGACGGTTTGCCCA,0,536169
araCp,0.3333333333333333,2,2,CGGTGTCTTCCGCTTGGTCA,0,554732
araCp,0.3333333333333333,2,2,CGGTGGTGGGTCTGCCCATG,0,571756
araCp,0.3333333333333333,2,2,CGGTCTGCAGGATCGAATGA,0,552045
araCp,0.3333333333333333,2,2,CGGTCGAGCTGGAAAGGTGT,0,593345
araCp,0.3333333333333333,2,2,CGGTATGTTTATAATGGCGG,0,573495
araCp,0.3333333333333333,2,2,CGGTATGGACACGATACGAT,0,585727
araCp,0.3333333333333333,2,2,CGGTACGGTGGCGCCCCTTT,0,588096
araCp,0.3333333333333333,2,2,CGGTAATATCTGCAGTTCAT,0,573094
araCp,0.3333333333333333,2,2,CGGGTGGATAGTTAATGCTA,0,531851
araCp,0.3333333333333333,2,2,CGGGTGCATACCCGTAGACG,0,557570
araCp,0.3333333333333333,2,2,CGGGTCTCAATTTACTGCTG,0,568750
araCp,0.3333333333333333,2,2,CGGGGTTCTAGCATCCTCTG,0,575333
araCp,0.3333333333333333,2,2,CGGGCTTAAGAGCCGGTAGT,0,562936
araCp,0.3333333333333333,2,2,CGGGCCAACAGTCGCACCCT,0,581441
araCp,0.3333333333333333,2,2,CGGGCATTACTGACCTTGGG,0,538249
araCp,0.3333333333333333,2,2,CGGGATAGCCTCTGGTGGAC,0,535501
araCp,0.3333333333333333,2,2,CGGGAGGAGGCCGGTTTTGA,0,579951
araCp,0.3333333333333333,2,2,CGGGACCGGTGGATCGACTC,0,526631
araCp,0.3333333333333333,2,2,CGGGACATCACGTGTCTCTC,0,565007
araCp,0.3333333333333333,2,2,CGGGAAGATTTGGGATGGCC,0,565938
araCp,0.3333333333333333,2,2,CGGCTGGTGCAAGTCAAATG,0,534561
araCp,0.3333333333333333,2,2,CGGCTGAATACCTGTATTGT,0,594953
araCp,0.3333333333333333,2,2,CGGCTCGGTCGAAGTCAAAT,0,601923
araCp,0.3333333333333333,2,2,CGGCTCAGCGCCCCGGGTTA,0,547497
araCp,0.3333333333333333,2,2,CGGCTAGTGTGCGCCCTCCT,0,564606
araCp,0.3333333333333333,2,2,CGGCGGCATGCGAGCAGATT,0,540826
araCp,0.3333333333333333,2,2,CGGCGCTGGTCCAGCTTCAC,0,531492
araCp,0.3333333333333333,2,2,CGGCGCCAAAGCAGCTGGAA,0,592625
araCp,0.3333333333333333,2,2,CGGCCTTACTTGCTTCTCTC,0,549189
araCp,0.3333333333333333,2,2,CGGCCTCTGGAGAGAGCTGA,0,549356
araCp,0.3333333333333333,2,2,CGGCCGTTGGCTCTAACGAT,0,562221
araCp,0.3333333333333333,2,2,CGGCCCCTGTTACAGGGTGA,0,569535
araCp,0.3333333333333333,2,2,CGGCATTAGCTTCATGCCAT,0,547329
araCp,0.3333333333333333,2,2,CGGCATAGAGGCCGGGGACC,0,555182
araCp,0.3333333333333333,2,2,CGGCAGCGCAAGAAATTTAT,0,560010
araCp,0.3333333333333333,2,2,CGGCACGTCCTGCTCTGATC,0,559388
araCp,0.3333333333333333,2,2,CGGATGGCTTTCGTTTTTGT,0,559128
araCp,0.3333333333333333,2,2,CGGATCGGCATTCCAGTTTT,0,579866
araCp,0.3333333333333333,2,2,CGGATATGTCCACATACCTC,0,598225
araCp,0.3333333333333333,2,2,CGGAGGTTACGCTGTTCGAA,0,528741
araCp,0.3333333333333333,2,2,CGGAGGATATGGGCAGTATT,0,576195
araCp,0.3333333333333333,2,2,CGGACTAACCTAACGGACAT,0,582966
araCp,0.3333333333333333,2,2,CGGACGTTCATTGGCGCGCG,0,530662
araCp,0.3333333333333333,2,2,CGGACGGTAATATGTGGCTT,0,555539
araCp,0.3333333333333333,2,2,CGGACATTGCGCAGACGTCA,0,527208
araCp,0.3333333333333333,2,2,CGCTTGTATGAGCACCCGTG,0,554118
araCp,0.3333333333333333,2,2,CGCTTGGCAGTTGAGACAGG,0,556708
araCp,0.3333333333333333,2,2,CGCTTAGTCTCCACGGGTGC,0,596697
araCp,0.3333333333333333,2,2,CGCTTAGCGCGGGTCCGTAC,0,543498
araCp,0.3333333333333333,2,2,CGCTGTTGCGCTCTAAACGA,0,565184
araCp,0.3333333333333333,2,2,CGCTGTGTTCGCCAATCGCT,0,557137
araCp,0.3333333333333333,2,2,CGCTCTATTGTGAAACAAAG,0,603211
araCp,0.3333333333333333,2,2,CGCTCCTAATCCGGATTTGG,0,585425
araCp,0.3333333333333333,2,2,CGCTCCCTCAAGCACTCTAA,0,601796
araCp,0.3333333333333333,2,2,CGCTCAAATGGTTTGACACA,0,569218
araCp,0.3333333333333333,2,2,CGCTAGTTGGCGAGCAGGGA,0,578619
araCp,0.3333333333333333,2,2,CGCTAGCTTTGACTCTCAGG,0,558804
araCp,0.3333333333333333,2,2,CGCTAAGACCCCGACCGGCT,0,536792
araCp,0.3333333333333333,2,2,CGCGTACGCTGGATCACAAG,0,575608
araCp,0.3333333333333333,2,2,CGCGTACCGCGTAATCAGCA,0,591885
araCp,0.3333333333333333,2,2,CGCGGTATAGGTACCTTACT,0,590944
araCp,0.3333333333333333,2,2,CGCGGATCTTGGTTTGCGTT,0,535796
araCp,0.3333333333333333,2,2,CGCGCAGCCTAATATACTCA,0,531690
araCp,0.3333333333333333,2,2,CGCGCACTTTGGCGGGCATT,0,586655
araCp,0.3333333333333333,2,2,CGCGATTGTTGTGTAGTATG,0,548584
araCp,0.3333333333333333,2,2,CGCGAGGCGTGTCGAATGGT,0,532726
araCp,0.3333333333333333,2,2,CGCGAGAGAAATCCTTTGCT,0,556002
araCp,0.3333333333333333,2,2,CGCGAGACCACGGTAAGCCG,0,536900
araCp,0.3333333333333333,2,2,CGCCTTGAACAGGCGCAAGT,0,535343
araCp,0.3333333333333333,2,2,CGCCGTAAGTGTTTGTTAGA,0,529342
araCp,0.3333333333333333,2,2,CGCCGGCACCTTTGAACCTA,0,563206
araCp,0.3333333333333333,2,2,CGCCGCTGTTGCCGGCTCTT,0,551545
araCp,0.3333333333333333,2,2,CGCCCGAGTTCTTCGCACGA,0,538697
araCp,0.3333333333333333,2,2,CGCCCCATCTAAGAGTGTAT,0,553081
araCp,0.3333333333333333,2,2,CGCCATGAAGTCCGGTATAA,0,546550
araCp,0.3333333333333333,2,2,CGCATTTAGGACAATGGTAC,0,593051
araCp,0.3333333333333333,2,2,CGCATGAGTTGGCATTATGT,0,560331
araCp,0.3333333333333333,2,2,CGCATCAGCGAACTAACGCC,0,565943
araCp,0.3333333333333333,2,2,CGCAGTTGTATAATGAGTTC,0,537355
araCp,0.3333333333333333,2,2,CGCAGCATATCATGCTCTGT,0,559529
araCp,0.3333333333333333,2,2,CGCACGCAGCATGAAATAAC,0,570580
araCp,0.3333333333333333,2,2,CGCACCGCGCTAAGATTACT,0,544725
araCp,0.3333333333333333,2,2,CGCACCACTTCACTTTAAAC,0,573910
araCp,0.3333333333333333,2,2,CGCAATTTTAGTGCTCGCTA,0,572017
araCp,0.3333333333333333,2,2,CGCAAGGCAAGGGTTAAAAA,0,568368
araCp,0.3333333333333333,2,2,CGATTTTAGAGGCGACTCGA,0,549397
araCp,0.3333333333333333,2,2,CGATTCTCTAATAACATTCC,0,570213
araCp,0.3333333333333333,2,2,CGATGTCAGTAACATACGGG,0,565592
araCp,0.3333333333333333,2,2,CGATGAAGGTATCCACGTAA,0,551420
araCp,0.3333333333333333,2,2,CGATCGAGAGGGAACATGGC,0,595284
araCp,0.3333333333333333,2,2,CGATAGCTTGATCGATCGGA,0,568680
araCp,0.3333333333333333,2,2,CGATAAGTGATTACGGATTA,0,561094
araCp,0.3333333333333333,2,2,CGAGTGCAGATCGAATGAAG,0,583327
araCp,0.3333333333333333,2,2,CGAGCGTTGGCGCTAACCAT,0,600162
araCp,0.3333333333333333,2,2,CGAGATTTATCGCCGAGTGA,0,597247
araCp,0.3333333333333333,2,2,CGACTGTTCGGTCACTACTA,0,575631
araCp,0.3333333333333333,2,2,CGACTATAAATCTACTGTGA,0,592107
araCp,0.3333333333333333,2,2,CGACGCTAGGATCCCGATGA,0,567061
araCp,0.3333333333333333,2,2,CGACCTCCTGAGCATCATGT,0,577399
araCp,0.3333333333333333,2,2,CGACCACATTGGTTAATGCT,0,590005
araCp,0.3333333333333333,2,2,CGAATGCTTATAGCCAAAAG,0,540245
araCp,0.3333333333333333,2,2,CGAATCCACGACCCATCTAC,0,533409
araCp,0.3333333333333333,2,2,CGAAGGTCACGAGCCGCAGT,0,535803
araCp,0.3333333333333333,2,2,CGAACTCAGGCACTACGCGG,0,530882
araCp,0.3333333333333333,2,2,CGAACCGAAACAGACATGTT,0,552908
araCp,0.3333333333333333,2,2,CGAACCCAATGATCATGTAA,0,550781
araCp,0.3333333333333333,2,2,CGAACCAGGAAGGGGTTAGC,0,601542
araCp,0.3333333333333333,2,2,CGAAAACCGGCAGTCACAGT,0,570721
araCp,0.3333333333333333,2,2,CCTTTTCACGATAGATTTTA,0,573766
araCp,0.3333333333333333,2,2,CCTTTGGTGTCGAATTCATG,0,591552
araCp,0.3333333333333333,2,2,CCTTTGCCCGCATTTGGTAG,0,542277
araCp,0.3333333333333333,2,2,CCTTTCTGTTCTTTGATCGG,0,595402
araCp,0.3333333333333333,2,2,CCTTTCGGTCATGCGAGTGG,0,602471
araCp,0.3333333333333333,2,2,CCTTTCCCGGGCTCGCCTTG,0,565431
araCp,0.3333333333333333,2,2,CCTTTAAGTATCGGAGCTTG,0,598400
araCp,0.3333333333333333,2,2,CCTTGGTCCACCACGTCACA,0,594765
araCp,0.3333333333333333,2,2,CCTTGCTGAGTTAAGGGGTT,0,548819
araCp,0.3333333333333333,2,2,CCTTGCATATGAGTAATGCG,0,600936
araCp,0.3333333333333333,2,2,CCTTGATGTCGCCTCTCACC,0,589771
araCp,0.3333333333333333,2,2,CCTTGATCTCTGATGACTGA,0,555198
araCp,0.3333333333333333,2,2,CCTTCGCGTATTAACGCGCT,0,565818
araCp,0.3333333333333333,2,2,CCTTCCAAAACTATGAGTTC,0,542956
araCp,0.3333333333333333,2,2,CCTTATATAGGAACCCCATA,0,557880
araCp,0.3333333333333333,2,2,CCTTAGGCGGGTACACATTC,0,537805
araCp,0.3333333333333333,2,2,CCTTAAAAGTTCCGCTATCA,0,549655
araCp,0.3333333333333333,2,2,CCTGGGTGACTAACCTGGGA,0,592013
araCp,0.3333333333333333,2,2,CCTGGGGCCACAGCAGGCCA,0,595314
araCp,0.3333333333333333,2,2,CCTGGGCTCCCAACATAAAA,0,576070
araCp,0.3333333333333333,2,2,CCTGGGAGGTGACGACTCCG,0,559426
araCp,0.3333333333333333,2,2,CCTGCCGCTTGAAGTCTCTT,0,557646
araCp,0.3333333333333333,2,2,CCTGCAAGCGCAGGTCGGTT,0,581112
araCp,0.3333333333333333,2,2,CCTGAGCTGAGTGGCGCTTG,0,558124
araCp,0.3333333333333333,2,2,CCTGAGCATCTTTACACCTA,0,589113
araCp,0.3333333333333333,2,2,CCTGAAGCCTGCATCTCCTT,0,600664
araCp,0.3333333333333333,2,2,CCTCTATGCTCACACCCCAT,0,551101
araCp,0.3333333333333333,2,2,CCTCGTTACCGAACGGTTCA,0,595048
araCp,0.3333333333333333,2,2,CCTCGCTGGCATGGACAGCA,0,594529
araCp,0.3333333333333333,2,2,CCTCGAAGGTAACCAGTCGG,0,570338
araCp,0.3333333333333333,2,2,CCTCCTCCTGCGCTTGAAAC,0,559236
araCp,0.3333333333333333,2,2,CCTCCCCCATGGGCCTGACA,0,591972
araCp,0.3333333333333333,2,2,CCTCCACAGCTAGGTTTGTG,0,528383
araCp,0.3333333333333333,2,2,CCTCATCTCTGTCACAGCAA,0,575111
araCp,0.3333333333333333,2,2,CCTCAGGTTTGTACTTCCCT,0,541219
araCp,0.3333333333333333,2,2,CCTCACTCCTTGAGTAACGG,0,583118
araCp,0.3333333333333333,2,2,CCTATGCGATTCGATCGCTC,0,582228
araCp,0.3333333333333333,2,2,CCTAGTGTACCTAGCAGAGG,0,590278
araCp,0.3333333333333333,2,2,CCTAGTGCAACGTGTATCAA,0,556880
araCp,0.3333333333333333,2,2,CCTACTGTGAGTTGCGCGTC,0,591167
araCp,0.3333333333333333,2,2,CCTACGTTAAGTCTGGGTCC,0,580523
araCp,0.3333333333333333,2,2,CCTACGCTCCGTGTCTAGCA,0,600413
araCp,0.3333333333333333,2,2,CCTACCTTTAATTGCAACAA,0,538932
araCp,0.3333333333333333,2,2,CCGTTTAGGATTAGGAGAAG,0,578266
araCp,0.3333333333333333,2,2,CCGTTTAAAGGATTTTGGTG,0,556473
araCp,0.3333333333333333,2,2,CCGTTCCGCAAACTATACCA,0,546015
araCp,0.3333333333333333,2,2,CCGTTAGGTCGATCGACTGT,0,527907
araCp,0.3333333333333333,2,2,CCGTGCGGAATATGCGACCA,0,549035
araCp,0.3333333333333333,2,2,CCGTCGCTAACTAAGCATTC,0,566684
araCp,0.3333333333333333,2,2,CCGTCCGTTAGAGTTGTAGC,0,575013
araCp,0.3333333333333333,2,2,CCGTCCACGTCTCTTCGTGC,0,527559
araCp,0.3333333333333333,2,2,CCGTACATCTGAGAACATGA,0,566746
araCp,0.3333333333333333,2,2,CCGGTTCATTAACGGCGTCA,0,586645
araCp,0.3333333333333333,2,2,CCGGTGACAACCCTGAGACA,0,588079
araCp,0.3333333333333333,2,2,CCGGTCAATGAGGGTGGGCT,0,602693
araCp,0.3333333333333333,2,2,CCGGTATACGAGTTTAGAGT,0,577177
araCp,0.3333333333333333,2,2,CCGGGTCGGACTCTCCGTTT,0,563138
araCp,0.3333333333333333,2,2,CCGGGTCGAGAAGCCGGGGG,0,590091
araCp,0.3333333333333333,2,2,CCGGGGCACTGTGAGATACC,0,532541
araCp,0.3333333333333333,2,2,CCGGGAGGTGCGTGGCTCTA,0,593610
araCp,0.3333333333333333,2,2,CCGGCGGGGCTACTTTGTTG,0,602227
araCp,0.3333333333333333,2,2,CCGGCATACATGTTGTACGT,0,555359
araCp,0.3333333333333333,2,2,CCGGAGAGATGTTACGGACA,0,535860
araCp,0.3333333333333333,2,2,CCGGACTGGGGGTCGTGGAA,0,595876
araCp,0.3333333333333333,2,2,CCGGACGCTATCGGTAGACC,0,598566
araCp,0.3333333333333333,2,2,CCGGAACTTGGGCCTACTTA,0,597995
araCp,0.3333333333333333,2,2,CCGCTATTGGTACCAGGTTA,0,598577
araCp,0.3333333333333333,2,2,CCGCTAACGACTGCCGTACA,0,595341
araCp,0.3333333333333333,2,2,CCGCGGACGCACCGGAGCAG,0,553804
araCp,0.3333333333333333,2,2,CCGCGAGACTGCCAGATAAT,0,584123
araCp,0.3333333333333333,2,2,CCGCCTTCTCACAATATAGT,0,570022
araCp,0.3333333333333333,2,2,CCGCCCGTCGGGATTTGTAA,0,541662
araCp,0.3333333333333333,2,2,CCGCCAGGCTAGTATCCCCC,0,547769
araCp,0.3333333333333333,2,2,CCGCCACTTGTATATGACCT,0,589374
araCp,0.3333333333333333,2,2,CCGCCAAAGCTAGTACAAGC,0,559947
araCp,0.3333333333333333,2,2,CCGCATACTCGCTGGGGTAT,0,541595
araCp,0.3333333333333333,2,2,CCGCACAAGTCACCGTTGTT,0,569229
araCp,0.3333333333333333,2,2,CCGATTCACAATTAGACGGT,0,530053
araCp,0.3333333333333333,2,2,CCGATTAGGGCATATAGGAG,0,550223
araCp,0.3333333333333333,2,2,CCGATTACTCATCCATGTCT,0,554420
araCp,0.3333333333333333,2,2,CCGATGCTACTAAGTACGCA,0,550437
araCp,0.3333333333333333,2,2,CCGATGACGCCTTCCAAGGT,0,528372
araCp,0.3333333333333333,2,2,CCGATCGTCCAGAGATCTAA,0,551257
araCp,0.3333333333333333,2,2,CCGATCGGCTCGTCGGGTTA,0,550198
araCp,0.3333333333333333,2,2,CCGATCCATAGAAAGTCCGT,0,571362
araCp,0.3333333333333333,2,2,CCGATCAGCTCCGGCTATAT,0,556933
araCp,0.3333333333333333,2,2,CCGATACAGTCAGTTAGCCC,0,554543
araCp,0.3333333333333333,2,2,CCGAGTTGAGAGTACGGGCA,0,546572
araCp,0.3333333333333333,2,2,CCGACGCGCAAGTCTTTGGT,0,557481
araCp,0.3333333333333333,2,2,CCGACCCATCTTTGGCAAAT,0,552250
araCp,0.3333333333333333,2,2,CCGAAAGCATTATCTTCAGC,0,539727
araCp,0.3333333333333333,2,2,CCCTTTAGAGTCCTCTTCAA,0,558420
araCp,0.3333333333333333,2,2,CCCTGTCAAAGAGTGGTCAA,0,601334
araCp,0.3333333333333333,2,2,CCCTGGCGGTTTCTTCTATC,0,560663
araCp,0.3333333333333333,2,2,CCCTCTGTGACCCGCGCATA,0,592863
araCp,0.3333333333333333,2,2,CCCGTGCGACGGGTAGGCTC,0,569728
araCp,0.3333333333333333,2,2,CCCGTAAGACCTCCGTCTAT,0,557349
araCp,0.3333333333333333,2,2,CCCGGCCCCCTTCCACCTGA,0,533815
araCp,0.3333333333333333,2,2,CCCGCTATGTCGAGGGCACA,0,563011
araCp,0.3333333333333333,2,2,CCCGCCGGCTCCATTGTTTT,0,528866
araCp,0.3333333333333333,2,2,CCCGCAGTGCTCCGACAATA,0,590608
araCp,0.3333333333333333,2,2,CCCGATGGAAGGACGGAGTT,0,588781
araCp,0.3333333333333333,2,2,CCCGATATCACATGTGGATG,0,597380
araCp,0.3333333333333333,2,2,CCCGACGTAGCCACCTCGGC,0,560788
araCp,0.3333333333333333,2,2,CCCCTTTGGCGCCTTTGCTG,0,562335
araCp,0.3333333333333333,2,2,CCCCTGCGTGAAGGAATTGT,0,570874
araCp,0.3333333333333333,2,2,CCCCGGACTCGTAGCTTGCG,0,568795
araCp,0.3333333333333333,2,2,CCCCGGAAGGCTGACCTGTG,0,531156
araCp,0.3333333333333333,2,2,CCCCGACTCGAAACACCTGC,0,535514
araCp,0.3333333333333333,2,2,CCCCCCGCCGCGTCCCTATA,0,566468
araCp,0.3333333333333333,2,2,CCCCAGACCGTGCCGGAGAA,0,536956
araCp,0.3333333333333333,2,2,CCCATAGGGAAGCGCAAAGG,0,594736
araCp,0.3333333333333333,2,2,CCCAGGAGCGGCTACTTTTC,0,593060
araCp,0.3333333333333333,2,2,CCCAGAGCCGCCAGGCTGTG,0,595627
araCp,0.3333333333333333,2,2,CCCACGTCTTCCTGTAGTTA,0,537733
araCp,0.3333333333333333,2,2,CCCACCCAAACAAGTGAGGC,0,538617
araCp,0.3333333333333333,2,2,CCCACCAGGAACATGAGTCG,0,564208
araCp,0.3333333333333333,2,2,CCCACACCACCGTTGCTATG,0,583136
araCp,0.3333333333333333,2,2,CCCACAAAGGAGCGAATGGC,0,585390
araCp,0.3333333333333333,2,2,CCCAATAACCCGCGCCCATC,0,550630
araCp,0.3333333333333333,2,2,CCATTTATTCATTCCCGGGG,0,528666
araCp,0.3333333333333333,2,2,CCATTGGGACGGGTGTGATC,0,574271
araCp,0.3333333333333333,2,2,CCATTGATGACGGGCAGTCT,0,562640
araCp,0.3333333333333333,2,2,CCATTACACGCCCTAGCTTC,0,555923
araCp,0.3333333333333333,2,2,CCATGTATTCTATTCCCCCC,0,528193
araCp,0.3333333333333333,2,2,CCATGGCTGTATACGAATGC,0,537452
araCp,0.3333333333333333,2,2,CCATGCCGGCCCACCGTGGT,0,562345
araCp,0.3333333333333333,2,2,CCATCGGGAGGGTATCCAAA,0,550237
araCp,0.3333333333333333,2,2,CCATCCGGTAAAGGGGCCAA,0,541352
araCp,0.3333333333333333,2,2,CCATAGCACTACTGCAGGGT,0,569313
araCp,0.3333333333333333,2,2,CCATACTGCGTCGGGTCGTT,0,590027
araCp,0.3333333333333333,2,2,CCATAATAGAGTAGTTTTTA,0,594296
araCp,0.3333333333333333,2,2,CCAGTATTATAGTGTAGATC,0,552247
araCp,0.3333333333333333,2,2,CCAGGTGTCGTTCAATTGAG,0,559376
araCp,0.3333333333333333,2,2,CCAGGCTCTGGAACTCATTC,0,564951
araCp,0.3333333333333333,2,2,CCAGCTGGCTATCATTTAGG,0,580594
araCp,0.3333333333333333,2,2,CCAGATGAGCCATTGGCCAT,0,541162
araCp,0.3333333333333333,2,2,CCAGACGTGGAATACGCTAT,0,594323
araCp,0.3333333333333333,2,2,CCAGACGAGATGGAAGGTAT,0,559320
araCp,0.3333333333333333,2,2,CCAGAACTCGCTGTTATCTA,0,598173
araCp,0.3333333333333333,2,2,CCACTTGCTGCCAGGTCGGA,0,583615
araCp,0.3333333333333333,2,2,CCACCAATGGGAACTGTGTC,0,545313
araCp,0.3333333333333333,2,2,CCACATTACTTGTAACGTTC,0,576449
araCp,0.3333333333333333,2,2,CCACACAACTATAAGTATCT,0,576475
araCp,0.3333333333333333,2,2,CCAATCCGTTTCTTCAGCCT,0,539563
araCp,0.3333333333333333,2,2,CCAATCCGAAGTCGAAAACA,0,560313
araCp,0.3333333333333333,2,2,CCAAGTCCAGAAACCGGTGC,0,579028
araCp,0.3333333333333333,2,2,CCAACGATTGCACTCCTAGG,0,589878
araCp,0.3333333333333333,2,2,CCAACCGGACGTTCCACGAA,0,576687
araCp,0.3333333333333333,2,2,CCAACATGTCCCGCGGGTTC,0,534795
araCp,0.3333333333333333,2,2,CCAACATCACGCCGCCAAGT,0,600740
araCp,0.3333333333333333,2,2,CCAACAGGAATGTGACATGT,0,602755
araCp,0.3333333333333333,2,2,CCAAATGAATCTCAATATAA,0,551349
araCp,0.3333333333333333,2,2,CATTTTGCCGACTGTGGTGT,0,583746
araCp,0.3333333333333333,2,2,CATTTGTCTTGCTGTCGTTA,0,575261
araCp,0.3333333333333333,2,2,CATTTCTTTTGAACGGACAA,0,526755
araCp,0.3333333333333333,2,2,CATTTCCCGCGCCAAACGGT,0,567821
araCp,0.3333333333333333,2,2,CATTTATTTCAGTCGGATCT,0,583738
araCp,0.3333333333333333,2,2,CATTGTATAGCTAACACCGT,0,534639
araCp,0.3333333333333333,2,2,CATTGGTCCGGCCCTTTGTG,0,572220
araCp,0.3333333333333333,2,2,CATTCCTCGACCAAGACTGC,0,595918
araCp,0.3333333333333333,2,2,CATTATCCGTCAGCTGGAAT,0,539394
araCp,0.3333333333333333,2,2,CATTAGTACTCACTAAGTAG,0,575427
araCp,0.3333333333333333,2,2,CATGTTGGCCACCCCGCTAA,0,529299
araCp,0.3333333333333333,2,2,CATGTCAATTCCTGCTGGGA,0,563686
araCp,0.3333333333333333,2,2,CATGGCGTCTTAGTTCATCT,0,584190
araCp,0.3333333333333333,2,2,CATGCTGAATCCTAGTCCGA,0,583208
araCp,0.3333333333333333,2,2,CATGATGGGAACTGGTCAAA,0,593094
araCp,0.3333333333333333,2,2,CATGATAATTACCGGGACCT,0,551607
araCp,0.3333333333333333,2,2,CATGAGAGGGTATGCGCGGT,0,566727
araCp,0.3333333333333333,2,2,CATGAATTCTCGTACACCGA,0,551357
araCp,0.3333333333333333,2,2,CATCTGATGTTTGAGGGATT,0,534238
araCp,0.3333333333333333,2,2,CATCTCTAACGATACCGGCC,0,598133
araCp,0.3333333333333333,2,2,CATCGTGCTTAGTTTCTTCT,0,590654
araCp,0.3333333333333333,2,2,CATCGTATTATTTAACCTCT,0,583193
araCp,0.3333333333333333,2,2,CATCGAGATCGATGGAGTAT,0,568577
araCp,0.3333333333333333,2,2,CATCCTTTCGGCGTGGACCT,0,561987
araCp,0.3333333333333333,2,2,CATCCGGTTTTAGTACAGAG,0,594623
araCp,0.3333333333333333,2,2,CATCCACGCCGATAGAGCCC,0,527819
araCp,0.3333333333333333,2,2,CATCATCTGCGTAGGACTTC,0,588901
araCp,0.3333333333333333,2,2,CATCAGCACACAACCATTTA,0,542387
araCp,0.3333333333333333,2,2,CATCACAGTATTACGCAGCT,0,557527
araCp,0.3333333333333333,2,2,CATCAAGAGGATGCTCACTA,0,582468
araCp,0.3333333333333333,2,2,CATATGGAGCTACGTAATAA,0,586727
araCp,0.3333333333333333,2,2,CATATGCTGTGAACCGATCT,0,552631
araCp,0.3333333333333333,2,2,CATATGAGAACCGTCCCCAC,0,586093
araCp,0.3333333333333333,2,2,CATATCCAGCTATGGTTAAG,0,555836
araCp,0.3333333333333333,2,2,CATATAGACTTGTACTGCGT,0,588207
araCp,0.3333333333333333,2,2,CATAGTAAGTGTCCAAACAT,0,563662
araCp,0.3333333333333333,2,2,CATAGGTTCAATGTCATGAA,0,572558
araCp,0.3333333333333333,2,2,CATAGATAACTCACAAGATG,0,560603
araCp,0.3333333333333333,2,2,CATAGAATAGATTTTTTTGT,0,576290
araCp,0.3333333333333333,2,2,CATACTCGAGGTTTGCGGAT,0,590546
araCp,0.3333333333333333,2,2,CATACGCAAAATTATTTCTA,0,591554
araCp,0.3333333333333333,2,2,CATACAACTGGGGGCACTCG,0,547121
araCp,0.3333333333333333,2,2,CATAAGGTGGCCCTACGCCA,0,588078
araCp,0.3333333333333333,2,2,CATAACCGGGAGTCCGAACG,0,599107
araCp,0.3333333333333333,2,2,CATAAATCTGGCGTGTCGCG,0,595859
araCp,0.3333333333333333,2,2,CAGTTGTCATCACTAACTGG,0,544518
araCp,0.3333333333333333,2,2,CAGTTGAGGGTGTTTAGTTT,0,559865
araCp,0.3333333333333333,2,2,CAGTGTGGATAACCGCAAAG,0,564898
araCp,0.3333333333333333,2,2,CAGTGCATGTCTCAGTTCAG,0,599155
araCp,0.3333333333333333,2,2,CAGTGACTGATGGCGGAATG,0,546214
araCp,0.3333333333333333,2,2,CAGTGACGGTTTGCAGCCTC,0,573658
araCp,0.3333333333333333,2,2,CAGTGACATACGTTTGCCCG,0,547992
araCp,0.3333333333333333,2,2,CAGTCTAGCCGCAAGCGGGT,0,539598
araCp,0.3333333333333333,2,2,CAGTCGATGCGGGGGATCAA,0,600687
araCp,0.3333333333333333,2,2,CAGGTTGCTTCGCATCATAC,0,587905
araCp,0.3333333333333333,2,2,CAGGTTCATTTTTTCGAGAT,0,568769
araCp,0.3333333333333333,2,2,CAGGTACTGTCGTAGCCAAG,0,600489
araCp,0.3333333333333333,2,2,CAGGTAATTTAAAGCTAATC,0,562062
araCp,0.3333333333333333,2,2,CAGGGGCTACCCTAATAGTC,0,555379
araCp,0.3333333333333333,2,2,CAGGGCCTTCGTGTGGCACA,0,536414
araCp,0.3333333333333333,2,2,CAGGGCAACGATGACTTTGT,0,603619
araCp,0.3333333333333333,2,2,CAGGGACATTCGAGTATGGC,0,549299
araCp,0.3333333333333333,2,2,CAGGCGCCATTAAATGGCTG,0,572556
araCp,0.3333333333333333,2,2,CAGGCCGGCCAGATATACAA,0,538339
araCp,0.3333333333333333,2,2,CAGGCCAATATGGTATCCCC,0,588842
araCp,0.3333333333333333,2,2,CAGGCAGTTCGGAGGCACTA,0,525845
araCp,0.3333333333333333,2,2,CAGGCACGGGAGGTTTGTTC,0,598806
araCp,0.3333333333333333,2,2,CAGGCACCGCAACTGAGATA,0,561182
araCp,0.3333333333333333,2,2,CAGGATCTCGGGCTTACGAG,0,574190
araCp,0.3333333333333333,2,2,CAGGAACTGAGTAAGCTCTC,0,541982
araCp,0.3333333333333333,2,2,CAGCTATCGGGCCAGATCTT,0,534061
araCp,0.3333333333333333,2,2,CAGCTATCCCTAGGTCATCG,0,595156
araCp,0.3333333333333333,2,2,CAGCGTTGGTGGTCTATCCC,0,570217
araCp,0.3333333333333333,2,2,CAGCGCGTGCCGACGGCTGA,0,538132
araCp,0.3333333333333333,2,2,CAGCGAGCCGCGGGAGATGA,0,599311
araCp,0.3333333333333333,2,2,CAGCCGTTCGCTCAATCCTT,0,570708
araCp,0.3333333333333333,2,2,CAGCATGTGGTTGCTCGGGG,0,568497
araCp,0.3333333333333333,2,2,CAGCATACATATCAGTCGCA,0,546268
araCp,0.3333333333333333,2,2,CAGCACCATTCTGGTCGAAT,0,546017
araCp,0.3333333333333333,2,2,CAGCAATTGTACTATTAGCG,0,560183
araCp,0.3333333333333333,2,2,CAGCAAACCAACTCGTATAA,0,558106
araCp,0.3333333333333333,2,2,CAGATTAAAGCTAGCCAGCC,0,601276
araCp,0.3333333333333333,2,2,CAGAGGTGTCATACTTCTTG,0,554876
araCp,0.3333333333333333,2,2,CAGAGGGTGTTCGGGTATAG,0,583134
araCp,0.3333333333333333,2,2,CAGAGGAGGCCCGCCGAGGG,0,588152
araCp,0.3333333333333333,2,2,CAGAGCAAACAAGCGACTTG,0,597610
araCp,0.3333333333333333,2,2,CAGAGACGCGGGTACTTCAA,0,541500
araCp,0.3333333333333333,2,2,CAGAAGTTTTTGGATCTGTT,0,575827
araCp,0.3333333333333333,2,2,CAGAAGGAAATTAATTCATG,0,546821
araCp,0.3333333333333333,2,2,CAGAACCGACGCTTGCTGCT,0,585541
araCp,0.3333333333333333,2,2,CAGAAACGGGAGCGTCTGGT,0,549453
araCp,0.3333333333333333,2,2,CAGAAAAGGCGCTCGCCGCG,0,538604
araCp,0.3333333333333333,2,2,CACTTTAATCGCAATAGCTG,0,559279
araCp,0.3333333333333333,2,2,CACTTGATGGCGCTATCTCA,0,535719
araCp,0.3333333333333333,2,2,CACTTGAGGCGACCAGTACT,0,531771
araCp,0.3333333333333333,2,2,CACTTCCGGGGTGTCCTGCC,0,552521
araCp,0.3333333333333333,2,2,CACTGGGGGTAGAACTCAAA,0,543150
araCp,0.3333333333333333,2,2,CACTGGCGTTCTGCCAAGTC,0,587967
araCp,0.3333333333333333,2,2,CACTGGCATTCAGTCTGGAT,0,583691
araCp,0.3333333333333333,2,2,CACTGCGATCCTGGGTGAGA,0,597553
araCp,0.3333333333333333,2,2,CACTGACGCAGTACGGTTAC,0,533928
araCp,0.3333333333333333,2,2,CACTCCTCGGACATGCTCCC,0,545454
araCp,0.3333333333333333,2,2,CACGTCAAATCTTGATAGAA,0,533749
araCp,0.3333333333333333,2,2,CACGGTTGGGATATGACCAA,0,592423
araCp,0.3333333333333333,2,2,CACGGACCAAGTGAACTTCA,0,601006
araCp,0.3333333333333333,2,2,CACGCCATGAACAGGAAATG,0,564909
araCp,0.3333333333333333,2,2,CACGATTTCATACCAAAGCC,0,591381
araCp,0.3333333333333333,2,2,CACGAGCTGGAAGCATACAG,0,542210
araCp,0.3333333333333333,2,2,CACGAATTGCGGTATCAGGT,0,526423
araCp,0.3333333333333333,2,2,CACCTTAGTTCCGTTATTTA,0,560901
araCp,0.3333333333333333,2,2,CACCTTAATTGTCCCGATCA,0,589408
araCp,0.3333333333333333,2,2,CACCTGCTGCCGCTGCGGGA,0,540959
araCp,0.3333333333333333,2,2,CACCTCCAATCGTTTTTTCG,0,529700
araCp,0.3333333333333333,2,2,CACCGTTCCGCATACGTTTC,0,553663
araCp,0.3333333333333333,2,2,CACCGCGTTAGGAGGTGCCT,0,534873
araCp,0.3333333333333333,2,2,CACCGCGGAGTAATCTCGCA,0,600603
araCp,0.3333333333333333,2,2,CACCATAGACGTGACCGTGG,0,598868
araCp,0.3333333333333333,2,2,CACCAGGGTGTGAAGTGGAG,0,559612
araCp,0.3333333333333333,2,2,CACCAGCAGTGCCGCTTAAC,0,558595
araCp,0.3333333333333333,2,2,CACCAAAGTTAATGATATAC,0,574042
araCp,0.3333333333333333,2,2,CACATTTGGTCATTTCCTTA,0,547663
araCp,0.3333333333333333,2,2,CACAGAGGGGACCACGCTGA,0,562656
araCp,0.3333333333333333,2,2,CACAGAGCTCGGGACCTGTA,0,588574
araCp,0.3333333333333333,2,2,CACACTCTGCCCCCCGAAGT,0,544846
araCp,0.3333333333333333,2,2,CACACTAATTGTCTGAGGCA,0,545479
araCp,0.3333333333333333,2,2,CACACGCAGCAAGCAAGGTT,0,560680
araCp,0.3333333333333333,2,2,CACACGAGCGCCGGATAAGT,0,590885
araCp,0.3333333333333333,2,2,CACACAGAGCCAATAAATCA,0,539445
araCp,0.3333333333333333,2,2,CACAATCGTGTAGACGGCTA,0,545617
araCp,0.3333333333333333,2,2,CAATTTAGGGGGGCACCAGT,0,534854
araCp,0.3333333333333333,2,2,CAATTCCCCCGCCAATCCTT,0,536423
araCp,0.3333333333333333,2,2,CAATTCATATAAGTGGGAAT,0,533436
araCp,0.3333333333333333,2,2,CAATGTCCCCGTAACTAATC,0,564752
araCp,0.3333333333333333,2,2,CAATGGCCATTATGCAAAAT,0,587697
araCp,0.3333333333333333,2,2,CAATGCTGATAAATGTGTCC,0,581495
araCp,0.3333333333333333,2,2,CAATGCTCTTTGATACGTTT,0,562391
araCp,0.3333333333333333,2,2,CAATCGTTGACATTGTTCGA,0,546656
araCp,0.3333333333333333,2,2,CAATCGGTAGTTTAGCGAAG,0,586744
araCp,0.3333333333333333,2,2,CAATCGGGAAAAGAGCGTGA,0,557875
araCp,0.3333333333333333,2,2,CAATCCGAACGGACCTTCAA,0,600256
araCp,0.3333333333333333,2,2,CAATCCCAGGACGGAGTGAC,0,585148
araCp,0.3333333333333333,2,2,CAATATGGGCTCAAATTTGC,0,532263
araCp,0.3333333333333333,2,2,CAATACGCGCCTCAGGCCCA,0,530620
araCp,0.3333333333333333,2,2,CAAGTAAGACGTGAAAACAA,0,595766
araCp,0.3333333333333333,2,2,CAAGGGAGAGCGTGGTTTCA,0,575703
araCp,0.3333333333333333,2,2,CAAGGCACCCGAAAGATCCT,0,589029
araCp,0.3333333333333333,2,2,CAAGCACGTTTTGTCTTACC,0,566694
araCp,0.3333333333333333,2,2,CAAGATGGTAATTGACAGTC,0,567689
araCp,0.3333333333333333,2,2,CAAGAGTTCTGTTAAAGTTG,0,529511
araCp,0.3333333333333333,2,2,CAACTGTGCTCTAGTGCGCG,0,554840
araCp,0.3333333333333333,2,2,CAACTCGGCCAGTATAAATG,0,542213
araCp,0.3333333333333333,2,2,CAACGGTAGCTAGGAAGTCC,0,530610
araCp,0.3333333333333333,2,2,CAACGAGAGTATGGAAGCCG,0,578553
araCp,0.3333333333333333,2,2,CAACCTCTTTGCGTACACCA,0,592416
araCp,0.3333333333333333,2,2,CAACATCCCCTGCCTCCAGC,0,556646
araCp,0.3333333333333333,2,2,CAACATCAGGGGGATCCCAT,0,570091
araCp,0.3333333333333333,2,2,CAAATGGGCAGTAGGGGAAC,0,540643
araCp,0.3333333333333333,2,2,CAAATCTGACGTAGGGGCTA,0,571791
araCp,0.3333333333333333,2,2,CAAAGTGGCTGGGATCACCT,0,591563
araCp,0.3333333333333333,2,2,CAAAGCTGATATCCTTGCAG,0,576817
araCp,0.3333333333333333,2,2,CAAAGCTCATTAAGATTCCT,0,538214
araCp,0.3333333333333333,2,2,CAAAGATATGCTACCTTCGG,0,547572
araCp,0.3333333333333333,2,2,CAAAGAGAGGGGCCAACATT,0,585084
araCp,0.3333333333333333,2,2,CAAACTTGGGATTTACAGAG,0,599439
araCp,0.3333333333333333,2,2,CAAACGGATTATTAGGCCGA,0,542047
araCp,0.3333333333333333,2,2,CAAACGCATTGGCGGAGGGC,0,535949
araCp,0.3333333333333333,2,2,CAAACGACAAGGAACCGAGT,0,528414
araCp,0.3333333333333333,2,2,CAAACCGTCTGGGAATGTCT,0,567617
araCp,0.3333333333333333,2,2,CAAACAGGCTGTAAACCTGG,0,597307
araCp,0.3333333333333333,2,2,CAAAAGGAGTCTGCATCAGT,0,562285
araCp,0.3333333333333333,2,2,CAAAACGTGCCCTTCGATAT,0,556291
araCp,0.3333333333333333,2,2,ATTTTGTATTTGCTTAGGGA,0,552749
araCp,0.3333333333333333,2,2,ATTTTGCACCCCAGAATATC,0,549662
araCp,0.3333333333333333,2,2,ATTTTCACACGGTCGTCAAT,0,584327
araCp,0.3333333333333333,2,2,ATTTTATCGTTCGATACGGC,0,563940
araCp,0.3333333333333333,2,2,ATTTGGGTAGGTAGCAACGT,0,526616
araCp,0.3333333333333333,2,2,ATTTGCTTGATGGTCTACAT,0,601711
araCp,0.3333333333333333,2,2,ATTTGAATAGGCGACACGTT,0,539195
araCp,0.3333333333333333,2,2,ATTTCTGGGCGACCCCGGTA,0,554407
araCp,0.3333333333333333,2,2,ATTTCTGCAGTTCCCTTCTG,0,583016
araCp,0.3333333333333333,2,2,ATTTCGGTATCGTCATAAGA,0,590406
araCp,0.3333333333333333,2,2,ATTTATTCATCTTTCAGGAC,0,580026
araCp,0.3333333333333333,2,2,ATTTATAAATGGCACATAAA,0,583552
araCp,0.3333333333333333,2,2,ATTTAGGCAAACGCATGGAC,0,546228
araCp,0.3333333333333333,2,2,ATTTAGCGAATGCGCGGAAG,0,546347
araCp,0.3333333333333333,2,2,ATTTAGATATGGTTATTGGC,0,549869
araCp,0.3333333333333333,2,2,ATTTAGAGCGTCATGTTCGC,0,602529
araCp,0.3333333333333333,2,2,ATTTACTCGCTACAACGACA,0,551261
araCp,0.3333333333333333,2,2,ATTTAAGCTAGTCCCGAGTC,0,585616
araCp,0.3333333333333333,2,2,ATTTAAAAATTCCCCCGATT,0,554307
araCp,0.3333333333333333,2,2,ATTGTTAGGGACGTCTACTA,0,601941
araCp,0.3333333333333333,2,2,ATTGTGCTGTCCCGAATATC,0,534969
araCp,0.3333333333333333,2,2,ATTGTATTTGATGAGTCGGA,0,538361
araCp,0.3333333333333333,2,2,ATTGTATAGTGGTGAGACGT,0,535884
araCp,0.3333333333333333,2,2,ATTGGGAGTTATTCGAGCAA,0,571039
araCp,0.3333333333333333,2,2,ATTGGCGGTCCCCACCAAGT,0,571423
araCp,0.3333333333333333,2,2,ATTGGACACAGGATAATACA,0,536910
araCp,0.3333333333333333,2,2,ATTGCTTGTCGTGAATATTT,0,578105
araCp,0.3333333333333333,2,2,ATTGAGTGTTGCAGCGGCTG,0,557814
araCp,0.3333333333333333,2,2,ATTGAATTCCGTTGTCTAAT,0,526530
araCp,0.3333333333333333,2,2,ATTCTTGACTCAACCTGGGT,0,538459
araCp,0.3333333333333333,2,2,ATTCTCTCCGTTCTGGCTAT,0,565879
araCp,0.3333333333333333,2,2,ATTCTACGAGGTTTTGATGT,0,530098
araCp,0.3333333333333333,2,2,ATTCTACGAACGGTCAATGC,0,562836
araCp,0.3333333333333333,2,2,ATTCGTGCGTACACATTTAT,0,537818
araCp,0.3333333333333333,2,2,ATTCGGCCTTGCAATTTGCC,0,581052
araCp,0.3333333333333333,2,2,ATTCGGCAGGGGGAGCCAGC,0,600361
araCp,0.3333333333333333,2,2,ATTCCTTGCAATTCTCAATC,0,532734
araCp,0.3333333333333333,2,2,ATTCCTCGCAAAGGCATCAC,0,559522
araCp,0.3333333333333333,2,2,ATTCCAGCTGGCAAATGAAC,0,576596
araCp,0.3333333333333333,2,2,ATTCCACTCTTTGAGAAGAA,0,585152
araCp,0.3333333333333333,2,2,ATTCAATCAGCGATTGCAGA,0,533531
araCp,0.3333333333333333,2,2,ATTATGTGGATAAGAGTATT,0,562796
araCp,0.3333333333333333,2,2,ATTAGTGGGCCATACCAGTA,0,551605
araCp,0.3333333333333333,2,2,ATTAGGTGTCAGTGTGCACG,0,597561
araCp,0.3333333333333333,2,2,ATTAGAGTCGCGTTTTCTAC,0,576106
araCp,0.3333333333333333,2,2,ATTAGAACGGTGTGACTACA,0,545097
araCp,0.3333333333333333,2,2,ATTACTCTCACTTCTCTAAC,0,568958
araCp,0.3333333333333333,2,2,ATTAAGCGTAGTAATAAATC,0,580435
araCp,0.3333333333333333,2,2,ATTAACGCTGAGAGGATACG,0,526330
araCp,0.3333333333333333,2,2,ATGTTTTGCTAATCTCCGCT,0,565665
araCp,0.3333333333333333,2,2,ATGTTTATGCTTTCTATGAG,0,569379
araCp,0.3333333333333333,2,2,ATGTGCATATGGCGGCCTGT,0,539854
araCp,0.3333333333333333,2,2,ATGTGATTGAGTGCATTCTC,0,531370
araCp,0.3333333333333333,2,2,ATGTGATCCGCACTGACAAG,0,579906
araCp,0.3333333333333333,2,2,ATGTCTAGATGCCCAAACTT,0,565181
araCp,0.3333333333333333,2,2,ATGTCGGCACGGATGCTCTC,0,595814
araCp,0.3333333333333333,2,2,ATGTCCAGGGTCTTACGGAT,0,526579
araCp,0.3333333333333333,2,2,ATGTCACATAGCCTCGGTCG,0,530834
araCp,0.3333333333333333,2,2,ATGTATGGCTCCTAGTTGCG,0,527479
araCp,0.3333333333333333,2,2,ATGTATCAGATTGGCACCAT,0,576620
araCp,0.3333333333333333,2,2,ATGTATACGAGAAGAGAACA,0,571376
araCp,0.3333333333333333,2,2,ATGTAGTAAATATGCCGGTG,0,531694
araCp,0.3333333333333333,2,2,ATGTACTAGGCTTCAAGTCA,0,557073
araCp,0.3333333333333333,2,2,ATGTAAAGGAGATTCTTCCC,0,565746
araCp,0.3333333333333333,2,2,ATGGTTCTTGTAGAGTGTCA,0,600742
araCp,0.3333333333333333,2,2,ATGGTTCGAGAAGTCAATGT,0,530007
araCp,0.3333333333333333,2,2,ATGGTCCCCACGAAGAAGTG,0,529432
araCp,0.3333333333333333,2,2,ATGGTCCACATACCGAACAG,0,550140
araCp,0.3333333333333333,2,2,ATGGGGTAAAGTAGGGCCTT,0,592467
araCp,0.3333333333333333,2,2,ATGGGCCACACCGCGGTTCA,0,576582
araCp,0.3333333333333333,2,2,ATGGGATGTGGCGTTGGCCT,0,546675
araCp,0.3333333333333333,2,2,ATGGCCCAGTCAAACCGGGG,0,598162
araCp,0.3333333333333333,2,2,ATGGCAGGAAACATATTTAT,0,563225
araCp,0.3333333333333333,2,2,ATGGATTTGTCACTATGTCA,0,545618
araCp,0.3333333333333333,2,2,ATGGATGTGAGGGGAGTAAA,0,579700
araCp,0.3333333333333333,2,2,ATGGATCTATTCAGACAGTT,0,561853
araCp,0.3333333333333333,2,2,ATGCTTCTGCTCTTGGCTGG,0,565087
araCp,0.3333333333333333,2,2,ATGCTCAATTAGACCGCTGT,0,594922
araCp,0.3333333333333333,2,2,ATGCGTCCGGACGCATGGGG,0,545267
araCp,0.3333333333333333,2,2,ATGCCGTTAAACCACCGGCA,0,528430
araCp,0.3333333333333333,2,2,ATGCCGCATATCACAAGTAT,0,593185
araCp,0.3333333333333333,2,2,ATGCCCAATTTCAAGTCATA,0,588757
araCp,0.3333333333333333,2,2,ATGCCATAGACATGACATAC,0,578348
araCp,0.3333333333333333,2,2,ATGCCACCGACCAAAGCTCG,0,567900
araCp,0.3333333333333333,2,2,ATGCCAAGGGGGCTCAAATA,0,570545
araCp,0.3333333333333333,2,2,ATGCAAATTTTGTCGCACTC,0,544657
araCp,0.3333333333333333,2,2,ATGATTATTCGTCTCACGAC,0,562745
araCp,0.3333333333333333,2,2,ATGATCCCCGGCCTATGCAG,0,591904
araCp,0.3333333333333333,2,2,ATGAGTTTTAAACTAGAGTA,0,575571
araCp,0.3333333333333333,2,2,ATGAGTATATGTTATATTGA,0,574948
araCp,0.3333333333333333,2,2,ATGAGCTAACCAATGAGACT,0,539790
araCp,0.3333333333333333,2,2,ATGAGCCTCAAACGTTTCCT,0,567938
araCp,0.3333333333333333,2,2,ATGAGATCGTCGCATGAACT,0,596935
araCp,0.3333333333333333,2,2,ATGAGACCGAGTCAGGTTTC,0,535944
araCp,0.3333333333333333,2,2,ATGAGACCCGGCACTTTTCA,0,580715
araCp,0.3333333333333333,2,2,ATGACTTGCAATAGACCCTA,0,569497
araCp,0.3333333333333333,2,2,ATGACATCAGCCGCAGCGAC,0,585023
araCp,0.3333333333333333,2,2,ATGAACGAGAGCACGTCACA,0,541113
araCp,0.3333333333333333,2,2,ATGAAAAGTTACCTAATGTA,0,593128
araCp,0.3333333333333333,2,2,ATCTGGCTCAGGGGGAGGAT,0,563870
araCp,0.3333333333333333,2,2,ATCTGCTTCGGTCCCGATCG,0,591963
araCp,0.3333333333333333,2,2,ATCTCGACACTGCGAAATCG,0,536394
araCp,0.3333333333333333,2,2,ATCTCCGGCATCGGAGGAAT,0,525682
araCp,0.3333333333333333,2,2,ATCTCAAGTCTCGGACTCAC,0,529250
araCp,0.3333333333333333,2,2,ATCTATGGCTACTTGGGCGG,0,576725
araCp,0.3333333333333333,2,2,ATCTATAGATGATTCTGCTT,0,554564
araCp,0.3333333333333333,2,2,ATCTAGTGACTACAGAACCA,0,540465
araCp,0.3333333333333333,2,2,ATCTAACCTCATGGCAGAGT,0,563647
araCp,0.3333333333333333,2,2,ATCGTTGGTTCAATAACCTA,0,533939
araCp,0.3333333333333333,2,2,ATCGTGGTCCTGCTCAAGAC,0,539034
araCp,0.3333333333333333,2,2,ATCGTGGAGTGAATTGGCGG,0,580263
araCp,0.3333333333333333,2,2,ATCGTGCAAAATGGTCAGTG,0,539360
araCp,0.3333333333333333,2,2,ATCGCTTCGAGCCTGTAACG,0,591052
araCp,0.3333333333333333,2,2,ATCGCCGGTTGTTAGATCCG,0,596828
araCp,0.3333333333333333,2,2,ATCGAGTTTAAAGCGATTCT,0,603476
araCp,0.3333333333333333,2,2,ATCGAGGTGATGCTACTTGT,0,594106
araCp,0.3333333333333333,2,2,ATCCTGGTGAATCACAGGAG,0,555214
araCp,0.3333333333333333,2,2,ATCCTCGCCTTCATGCTATT,0,577406
araCp,0.3333333333333333,2,2,ATCCTAACCTTTTTACAGTA,0,602794
araCp,0.3333333333333333,2,2,ATCCGTTTCGTAGCTCAAAA,0,575748
araCp,0.3333333333333333,2,2,ATCCGAGACATGAGCCACGG,0,585234
araCp,0.3333333333333333,2,2,ATCCCTTATGCTCCGATTCC,0,558700
araCp,0.3333333333333333,2,2,ATCCCGCTAAGGGTATCAGT,0,593913
araCp,0.3333333333333333,2,2,ATCCCCAGAACGCTGTACGT,0,596564
araCp,0.3333333333333333,2,2,ATCCAGGAATTGGTTTTCAT,0,564760
araCp,0.3333333333333333,2,2,ATCCAAAAATCCCGATCTTT,0,589902
araCp,0.3333333333333333,2,2,ATCATACTGACGAAGAGATG,0,546716
araCp,0.3333333333333333,2,2,ATCAGTTTGCACTTGTGGAT,0,557378
araCp,0.3333333333333333,2,2,ATCAGGTCGGAGGCACACGT,0,529271
araCp,0.3333333333333333,2,2,ATCAGCTGTTTTCTTTGGTG,0,536901
araCp,0.3333333333333333,2,2,ATCAGCTCGGGTGTGATTTA,0,535315
araCp,0.3333333333333333,2,2,ATCAGCGGAGTCTAAATGTA,0,556861
araCp,0.3333333333333333,2,2,ATCAGAAAGCTGTGGGGCAA,0,596604
araCp,0.3333333333333333,2,2,ATCACTGGCGTGCGTCATCC,0,584090
araCp,0.3333333333333333,2,2,ATCACGAACTTACTCCGATC,0,567013
araCp,0.3333333333333333,2,2,ATCAATGAGATCGCAATGAC,0,600974
araCp,0.3333333333333333,2,2,ATCAACGAGTTAATCCCCCA,0,600803
araCp,0.3333333333333333,2,2,ATCAAACGAGCAAGTGGTAC,0,539680
araCp,0.3333333333333333,2,2,ATATTGCCTTGCTCATAAAG,0,566720
araCp,0.3333333333333333,2,2,ATATTCTAGGATAGTGCCTT,0,546238
araCp,0.3333333333333333,2,2,ATATGGGTTGTTTATCGGGA,0,539293
araCp,0.3333333333333333,2,2,ATATGGGCACTAATAGGGAG,0,580354
araCp,0.3333333333333333,2,2,ATATGGGATAGCGACTCCAG,0,542200
araCp,0.3333333333333333,2,2,ATATGCGAGGAAGGAAGTAT,0,548258
araCp,0.3333333333333333,2,2,ATATGCACCAAGCACGGTTG,0,553256
araCp,0.3333333333333333,2,2,ATATGAGTCATATGCGGTAG,0,560053
araCp,0.3333333333333333,2,2,ATAGTAGCCACGTATACTCA,0,556340
araCp,0.3333333333333333,2,2,ATAGTACAAAAGCCGGGGCA,0,596226
araCp,0.3333333333333333,2,2,ATAGGTGGCCCAATTAAAAC,0,586001
araCp,0.3333333333333333,2,2,ATAGGCGCTTTAGTGATTTG,0,577224
araCp,0.3333333333333333,2,2,ATAGGCCCGTGACTGGCTCA,0,599565
araCp,0.3333333333333333,2,2,ATAGGACCGATCAGGTAAGC,0,542039
araCp,0.3333333333333333,2,2,ATAGCAACCCCTCATTAATC,0,551373
araCp,0.3333333333333333,2,2,ATAGAATGCTAAGGTTTTAT,0,568946
araCp,0.3333333333333333,2,2,ATACTTGGCCTGATCCAAGC,0,569684
araCp,0.3333333333333333,2,2,ATACTCAGGCTCGTGGCTAC,0,578021
araCp,0.3333333333333333,2,2,ATACGGACGCATTATCCCCT,0,598773
araCp,0.3333333333333333,2,2,ATACGCTTGCATTACAATGG,0,549212
araCp,0.3333333333333333,2,2,ATACGATATTTCTAGAAAGT,0,554179
araCp,0.3333333333333333,2,2,ATACCTATCTTCTCACGCCC,0,598833
araCp,0.3333333333333333,2,2,ATACCCCGCGGCTGGATAGC,0,572977
araCp,0.3333333333333333,2,2,ATAATTCCCCTTTCACGCAA,0,569426
araCp,0.3333333333333333,2,2,ATAATGACGTCAGAAGCTAG,0,584404
araCp,0.3333333333333333,2,2,ATAAGTCAGTCGTGAGCTTC,0,573322
araCp,0.3333333333333333,2,2,ATAAGCTGGGTATAGGGGGA,0,588765
araCp,0.3333333333333333,2,2,ATAACCGAGTTGATGTCAGT,0,577893
araCp,0.3333333333333333,2,2,ATAAAGGGAGTATCACAGGG,0,551880
araCp,0.3333333333333333,2,2,AGTTTTGTTGTCATCGCTGA,0,558697
araCp,0.3333333333333333,2,2,AGTTTTACAATTGGGAGGGC,0,596186
araCp,0.3333333333333333,2,2,AGTTTGCACGGCGGTCGGCC,0,584966
araCp,0.3333333333333333,2,2,AGTTTCATCTGTCCGTTCGG,0,535455
araCp,0.3333333333333333,2,2,AGTTTACAACCCTCGGAAAA,0,532952
araCp,0.3333333333333333,2,2,AGTTTAACAGTGGGCGGATC,0,539188
araCp,0.3333333333333333,2,2,AGTTGTTCTCCTCTTGCTCA,0,554618
araCp,0.3333333333333333,2,2,AGTTGCGTTCTTTCGTTCAA,0,570821
araCp,0.3333333333333333,2,2,AGTTGCAATCAAACATTCCC,0,561921
araCp,0.3333333333333333,2,2,AGTTCGTGTGCTGGTGCTGG,0,601502
araCp,0.3333333333333333,2,2,AGTTCCCCTGGAAGGGTGAA,0,536522
araCp,0.3333333333333333,2,2,AGTTATGGCTTCCTCCTCCT,0,589509
araCp,0.3333333333333333,2,2,AGTTATCCCCCCATGACCGT,0,588405
araCp,0.3333333333333333,2,2,AGTGTGGGGTTGAAGCTGAA,0,575747
araCp,0.3333333333333333,2,2,AGTGTGGAGGTCTAGCGTAT,0,591603
araCp,0.3333333333333333,2,2,AGTGTGCCTAAGTTCGGTGG,0,574937
araCp,0.3333333333333333,2,2,AGTGGAGCTTTTTGCCGACG,0,536071
araCp,0.3333333333333333,2,2,AGTGGAGCTTCGCCCTGAAG,0,562651
araCp,0.3333333333333333,2,2,AGTGGAAACATCTAGGCACG,0,578552
araCp,0.3333333333333333,2,2,AGTGCTGTGCATTAAACTGG,0,562560
araCp,0.3333333333333333,2,2,AGTGCGTTAAGGAACCATTA,0,598314
araCp,0.3333333333333333,2,2,AGTGCATTGGCCTTCGCCAT,0,589941
araCp,0.3333333333333333,2,2,AGTGCAGACCGACGACACAG,0,560884
araCp,0.3333333333333333,2,2,AGTGCAATGATTACTACCGA,0,554596
araCp,0.3333333333333333,2,2,AGTGCAACTGGGGTTCCAAT,0,602417
araCp,0.3333333333333333,2,2,AGTGACAGATACGATTGTAG,0,559445
araCp,0.3333333333333333,2,2,AGTCTCCCTTAAACCTGCCT,0,600377
araCp,0.3333333333333333,2,2,AGTCTCCACTCAGCCACTCA,0,548579
araCp,0.3333333333333333,2,2,AGTCTCAGGTTGAATCTTGT,0,592060
araCp,0.3333333333333333,2,2,AGTCTCAACCTACGACAACC,0,567075
araCp,0.3333333333333333,2,2,AGTCGGGTGTAACGTGTCCA,0,602190
araCp,0.3333333333333333,2,2,AGTCGCGCAAGTCCGTATCT,0,527445
araCp,0.3333333333333333,2,2,AGTCCGGCGTTCATGAGGAA,0,552881
araCp,0.3333333333333333,2,2,AGTCCCTATCGACAGGTAGA,0,546860
araCp,0.3333333333333333,2,2,AGTCCATTACAATGATTGCA,0,532622
araCp,0.3333333333333333,2,2,AGTCCACCTTTTCGTATACA,0,531964
araCp,0.3333333333333333,2,2,AGTCAGGGCCTTCATTGAAC,0,556579
araCp,0.3333333333333333,2,2,AGTCACGTTAACTCTACAAA,0,538736
araCp,0.3333333333333333,2,2,AGTCAAGGGTTCTTGTTGAA,0,601949
araCp,0.3333333333333333,2,2,AGTCAACCCACGTTGGATTA,0,587663
araCp,0.3333333333333333,2,2,AGTATGTTTTTATATATCAC,0,553424
araCp,0.3333333333333333,2,2,AGTATGTCGGTGGATTTGGC,0,575849
araCp,0.3333333333333333,2,2,AGTAGGGCGTGTAGTATAAT,0,592985
araCp,0.3333333333333333,2,2,AGTACTTGTAACCATCCAGT,0,586542
araCp,0.3333333333333333,2,2,AGTACCCATTTTACTTGGTC,0,592501
araCp,0.3333333333333333,2,2,AGTAATTGCGAGAGCCTATA,0,528869
araCp,0.3333333333333333,2,2,AGTAAGATGGCCCCTCTGAC,0,592441
araCp,0.3333333333333333,2,2,AGTAACGACTGCTTCATACG,0,547811
araCp,0.3333333333333333,2,2,AGTAACATGCTGCACTCGGA,0,602333
araCp,0.3333333333333333,2,2,AGGTTTTCAAATTCCGAGAC,0,577431
araCp,0.3333333333333333,2,2,AGGTTGTCTGATCTACCGCA,0,559065
araCp,0.3333333333333333,2,2,AGGTTGGGAGGCTCCATTCC,0,566752
araCp,0.3333333333333333,2,2,AGGTTGGCGCGGCTCCTCTC,0,530413
araCp,0.3333333333333333,2,2,AGGTTGGCCATCAGTAATGC,0,552138
araCp,0.3333333333333333,2,2,AGGTTCTAGCACTATGGACA,0,530186
araCp,0.3333333333333333,2,2,AGGTTAGCGGATCGCACACA,0,529148
araCp,0.3333333333333333,2,2,AGGTTAAAGCATGGGGTCGC,0,576573
araCp,0.3333333333333333,2,2,AGGTGCGCACGCACATCGTG,0,536086
araCp,0.3333333333333333,2,2,AGGTGAACAAGTCCTCAGTC,0,530837
araCp,0.3333333333333333,2,2,AGGTCTTACATTTAACAAGG,0,560746
araCp,0.3333333333333333,2,2,AGGTCTAGTGGTTCCAGTTT,0,527584
araCp,0.3333333333333333,2,2,AGGTCGGCCTTGACTTGGGG,0,598898
araCp,0.3333333333333333,2,2,AGGTCCGAATATGATGGAAA,0,580885
araCp,0.3333333333333333,2,2,AGGTATAGGTTTTCCTTCAC,0,548938
araCp,0.3333333333333333,2,2,AGGTAGTCATAACGTGTCAG,0,595336
araCp,0.3333333333333333,2,2,AGGTAGCCATGGCGGTCCAA,0,533767
araCp,0.3333333333333333,2,2,AGGGTGCATCGGGGGATCGC,0,565139
araCp,0.3333333333333333,2,2,AGGGTCCGGCCGAAGATTAG,0,580034
araCp,0.3333333333333333,2,2,AGGGTACGTGATCAGTGTCG,0,557622
araCp,0.3333333333333333,2,2,AGGGGTATGAACGATGCGTA,0,528537
araCp,0.3333333333333333,2,2,AGGGCCATATCTACTCTGGT,0,544032
araCp,0.3333333333333333,2,2,AGGGCAAAGGCCTTGCATGA,0,553791
araCp,0.3333333333333333,2,2,AGGGATCATACTATATATGT,0,601075
araCp,0.3333333333333333,2,2,AGGGACCTGCGACATATTTG,0,527447
araCp,0.3333333333333333,2,2,AGGCTGTACTAGGTTACGTC,0,547735
araCp,0.3333333333333333,2,2,AGGCTGGCACATCAGGACCA,0,557494
araCp,0.3333333333333333,2,2,AGGCTGGAACATCTTGTCTT,0,527324
araCp,0.3333333333333333,2,2,AGGCTACCGACATCCTGTCA,0,585891
araCp,0.3333333333333333,2,2,AGGCTAAAATAATTGCTTCA,0,569995
araCp,0.3333333333333333,2,2,AGGCGGAAGACCTCCGGTAC,0,560713
araCp,0.3333333333333333,2,2,AGGCGCAAGCTGATTGCGTA,0,576648
araCp,0.3333333333333333,2,2,AGGCGAATGCCGATCAGGTG,0,577476
araCp,0.3333333333333333,2,2,AGGCCCATGAACGTAACCGT,0,595501
araCp,0.3333333333333333,2,2,AGGCCACGCAGCACGTAATG,0,556662
araCp,0.3333333333333333,2,2,AGGCAGTCGGCTGTCTTCAA,0,573530
araCp,0.3333333333333333,2,2,AGGCACAAAAACCCTTTCAA,0,556056
araCp,0.3333333333333333,2,2,AGGATGTGTGTACACCGCGA,0,575929
araCp,0.3333333333333333,2,2,AGGATGGACGACGAATACTT,0,534973
araCp,0.3333333333333333,2,2,AGGAGTGGCACGAACTTGAC,0,557499
araCp,0.3333333333333333,2,2,AGGAGTCTGCTATTCCGGGG,0,554904
araCp,0.3333333333333333,2,2,AGGAGGGCTCGGTTCTGTCT,0,531916
araCp,0.3333333333333333,2,2,AGGAGGGCCAAAGGTTACTC,0,556108
araCp,0.3333333333333333,2,2,AGGAGGCCATAAATTCACCC,0,573740
araCp,0.3333333333333333,2,2,AGGAGACGGCGTCTGTCGGT,0,563437
araCp,0.3333333333333333,2,2,AGGAGAACCCTGCCCGTAGC,0,573526
araCp,0.3333333333333333,2,2,AGGACTTGGCTAACAAAGTT,0,563583
araCp,0.3333333333333333,2,2,AGGAAGCAGTCGCATTGTAA,0,543185
araCp,0.3333333333333333,2,2,AGCTTGTGGTGCAATGTGGC,0,532182
araCp,0.3333333333333333,2,2,AGCTTCATTGCGATTGATAT,0,597874
araCp,0.3333333333333333,2,2,AGCTTAACCCTCGTGCAATA,0,563759
araCp,0.3333333333333333,2,2,AGCTTAAACTACCTGCTTAC,0,536356
araCp,0.3333333333333333,2,2,AGCTGGTAACGAAATTGGGT,0,551857
araCp,0.3333333333333333,2,2,AGCTGGGTTGCTTTTTACAC,0,574295
araCp,0.3333333333333333,2,2,AGCTGCTTGAGACGCCTGAT,0,541694
araCp,0.3333333333333333,2,2,AGCTCGGCCTCAGCCCACTA,0,553964
araCp,0.3333333333333333,2,2,AGCTCAATGTCATACGGTAG,0,540022
araCp,0.3333333333333333,2,2,AGCTAGCACCGACAGCAGGG,0,563841
araCp,0.3333333333333333,2,2,AGCTAGACGGTAGGATGTGG,0,579058
araCp,0.3333333333333333,2,2,AGCGTTTGGTATCAGAAATT,0,601401
araCp,0.3333333333333333,2,2,AGCGTGTCTCCTTACATCAT,0,526396
araCp,0.3333333333333333,2,2,AGCGTGCAATGCCTAGCCAA,0,530027
araCp,0.3333333333333333,2,2,AGCGTCCAGTTACCCCGGCC,0,570798
araCp,0.3333333333333333,2,2,AGCGGTGTTATGAGCCGTTC,0,543679
araCp,0.3333333333333333,2,2,AGCGGGGCTGCACCGAATTG,0,542046
araCp,0.3333333333333333,2,2,AGCGCGCTCTGCGTTTAGGT,0,578273
araCp,0.3333333333333333,2,2,AGCGATTGAGTCCTTAATAC,0,591096
araCp,0.3333333333333333,2,2,AGCGATTAACTACTATTATC,0,600829
araCp,0.3333333333333333,2,2,AGCGAGAAACTACCAACACA,0,538523
araCp,0.3333333333333333,2,2,AGCGACGTAATTCGGCTAGA,0,587345
araCp,0.3333333333333333,2,2,AGCGAAAGAAGAAAACTTAA,0,542972
araCp,0.3333333333333333,2,2,AGCCTGCCAACACGCCCACA,0,562777
araCp,0.3333333333333333,2,2,AGCCTGACACAAATGAGATA,0,587522
araCp,0.3333333333333333,2,2,AGCCTCCAGTCGGCCAAGGT,0,536208
araCp,0.3333333333333333,2,2,AGCCTCACCCGCATGGGTAT,0,558842
araCp,0.3333333333333333,2,2,AGCCTAGCATACACGCCTAA,0,530499
araCp,0.3333333333333333,2,2,AGCCTAGAGTGCGATAGTTA,0,554540
araCp,0.3333333333333333,2,2,AGCCTACTAAGGTAAACCGT,0,540968
araCp,0.3333333333333333,2,2,AGCCGGCCGAATGTCCGTGC,0,588788
araCp,0.3333333333333333,2,2,AGCCGATCTGTCCTTACATC,0,592161
araCp,0.3333333333333333,2,2,AGCCCTAAAGTGAACCCAGA,0,570109
araCp,0.3333333333333333,2,2,AGCCCCGGGCAACCTACGCC,0,581349
araCp,0.3333333333333333,2,2,AGCCCCGACTCATGCGGGAA,0,547979
araCp,0.3333333333333333,2,2,AGCCCAGAGGTATGATATGA,0,543330
araCp,0.3333333333333333,2,2,AGCCAGCGTTAGCGAGGGAG,0,559574
araCp,0.3333333333333333,2,2,AGCCAGCCGGGATCGCCTTT,0,546385
araCp,0.3333333333333333,2,2,AGCCAAAGACCATTGGTAGA,0,556382
araCp,0.3333333333333333,2,2,AGCAGCCTATTTGCTTTAAC,0,581333
araCp,0.3333333333333333,2,2,AGCAGACGCCTATAACGGCA,0,568143
araCp,0.3333333333333333,2,2,AGCAGAATACGTGGAAGTCA,0,533228
araCp,0.3333333333333333,2,2,AGCACGAAAGCCGGCTGGTC,0,535234
araCp,0.3333333333333333,2,2,AGCACCGGTTTATTGGTATC,0,533754
araCp,0.3333333333333333,2,2,AGCAACCCAGCCCATTGGGA,0,529498
araCp,0.3333333333333333,2,2,AGCAAAGTTTCAGTATGGTG,0,567627
araCp,0.3333333333333333,2,2,AGCAAACTATCATGCAGGAG,0,563029
araCp,0.3333333333333333,2,2,AGCAAAACGGGATATCTATG,0,587554
araCp,0.3333333333333333,2,2,AGATTTATCAATTTACAATT,0,526407
araCp,0.3333333333333333,2,2,AGATTCGATCGCACGATCCA,0,545164
araCp,0.3333333333333333,2,2,AGATTCCTGAGCCGCGTGGG,0,573676
araCp,0.3333333333333333,2,2,AGATTAGAGGAAGACGGGAA,0,602855
araCp,0.3333333333333333,2,2,AGATGTTGATTAGGTCCGAA,0,569928
araCp,0.3333333333333333,2,2,AGATGGCTACTAGACCTTAA,0,581523
araCp,0.3333333333333333,2,2,AGATCTGCGGGTTTGTGTGG,0,574405
araCp,0.3333333333333333,2,2,AGATCGGGGGTTCTTGTCAT,0,568574
araCp,0.3333333333333333,2,2,AGATCAAGTGCATCGGAAGC,0,571998
araCp,0.3333333333333333,2,2,AGATCAAAGCGTGCCCGATT,0,591524
araCp,0.3333333333333333,2,2,AGATATTAGTAGCTAAACTC,0,559022
araCp,0.3333333333333333,2,2,AGATACGGATTCCACGGGCG,0,563595
araCp,0.3333333333333333,2,2,AGATAATCCCTGGCAGTGTA,0,603662
araCp,0.3333333333333333,2,2,AGAGGCCCGGCGCGTCTGTT,0,570026
araCp,0.3333333333333333,2,2,AGAGGAGAAGGTGGGGCCAC,0,569837
araCp,0.3333333333333333,2,2,AGAGCTTCCAAGACCGATTA,0,573441
araCp,0.3333333333333333,2,2,AGAGCACCTAAGTCGTCCTT,0,551822
araCp,0.3333333333333333,2,2,AGAGCACCGGACCGTCACCT,0,590827
araCp,0.3333333333333333,2,2,AGAGACAATCGAGGAATGTC,0,544077
araCp,0.3333333333333333,2,2,AGACTTTTCATACTGCACAT,0,572146
araCp,0.3333333333333333,2,2,AGACTGTTTTCTCGTATGAA,0,577948
araCp,0.3333333333333333,2,2,AGACTGTCTCTCACAGCTCT,0,543667
araCp,0.3333333333333333,2,2,AGACTCCATGACGTATTCAC,0,530835
araCp,0.3333333333333333,2,2,AGACTACGCCGGGATGCAGA,0,573924
araCp,0.3333333333333333,2,2,AGACGGGCAAAGTTGTCATC,0,549175
araCp,0.3333333333333333,2,2,AGACGGAGAGGCCATGGCGC,0,563668
araCp,0.3333333333333333,2,2,AGACCCTGACGCTGTGGCTC,0,526985
araCp,0.3333333333333333,2,2,AGACATTGCCACGAGCTGAA,0,549402
araCp,0.3333333333333333,2,2,AGACATTCACTGCGACAGCC,0,597581
araCp,0.3333333333333333,2,2,AGACATATCGGCTAGTTGCC,0,592331
araCp,0.3333333333333333,2,2,AGACAGTAAAGTTGTGGCTA,0,539306
araCp,0.3333333333333333,2,2,AGAATAGTATTATTGGCACT,0,542718
araCp,0.3333333333333333,2,2,AGAATACTTAGTACGAGGCA,0,600325
araCp,0.3333333333333333,2,2,AGAAGTGGTTTCAATGTGTT,0,564225
araCp,0.3333333333333333,2,2,AGAAGTGAACATAGGTCGAG,0,596704
araCp,0.3333333333333333,2,2,AGAAGTCACTACAGTGGGAG,0,550500
araCp,0.3333333333333333,2,2,AGAAGGCTTATCCTCGGTAT,0,527294
araCp,0.3333333333333333,2,2,AGAAGCAGGTGAGTACCACA,0,593239
araCp,0.3333333333333333,2,2,AGAACGTGACAAATCCTGTA,0,532305
araCp,0.3333333333333333,2,2,AGAACCTTTCCAGCCGGGGG,0,548921
araCp,0.3333333333333333,2,2,AGAACCGTACAGTTTAGAAG,0,528957
araCp,0.3333333333333333,2,2,AGAACCGATGTAAATCCGCT,0,541584
araCp,0.3333333333333333,2,2,AGAACCATGTATGCGAAGGT,0,528731
araCp,0.3333333333333333,2,2,ACTTTTGGACACTAAGACCA,0,602143
araCp,0.3333333333333333,2,2,ACTTTCTTAGGTTATGATGT,0,571271
araCp,0.3333333333333333,2,2,ACTTGTGTGCGGACATCTTT,0,528134
araCp,0.3333333333333333,2,2,ACTTGCGGGATGGCAAATGA,0,588027
araCp,0.3333333333333333,2,2,ACTTCGGGTGGTCCTATAAT,0,554835
araCp,0.3333333333333333,2,2,ACTTATCGCTCAATCCCCGG,0,572462
araCp,0.3333333333333333,2,2,ACTTAGTAAGTCTTAAGGTA,0,578325
araCp,0.3333333333333333,2,2,ACTTACGATAGCCAGCTATC,0,570348
araCp,0.3333333333333333,2,2,ACTTAACACGGCCTCGGTTT,0,555351
araCp,0.3333333333333333,2,2,ACTTAAATTCGGGATAGCTA,0,555517
araCp,0.3333333333333333,2,2,ACTGTTTTACATGACGTATG,0,574212
araCp,0.3333333333333333,2,2,ACTGTCTTTGGATTCCAAAA,0,577274
araCp,0.3333333333333333,2,2,ACTGGTGAGCACATAGGCAG,0,548214
araCp,0.3333333333333333,2,2,ACTGGGACTGCGGGGCCGTT,0,529111
araCp,0.3333333333333333,2,2,ACTGGCGATGTGTGGACTGA,0,529845
araCp,0.3333333333333333,2,2,ACTGGATAATGGGCGTAGCG,0,584230
araCp,0.3333333333333333,2,2,ACTGGAGTAACAAGTGCTCT,0,599811
araCp,0.3333333333333333,2,2,ACTGCACCGACGTTGAGTCG,0,577753
araCp,0.3333333333333333,2,2,ACTGAATAGCGGTAGGTACC,0,556749
araCp,0.3333333333333333,2,2,ACTCTAATGCCCCATGCCCT,0,543124
araCp,0.3333333333333333,2,2,ACTCGTCAAAAAAGTGATTC,0,569305
araCp,0.3333333333333333,2,2,ACTCGTAGGTCGTGTACTGA,0,537213
araCp,0.3333333333333333,2,2,ACTCGTACCAATCTCACCAG,0,551404
araCp,0.3333333333333333,2,2,ACTCGCATCGTTCTTACGGC,0,602291
araCp,0.3333333333333333,2,2,ACTCGATTGTAACAAAAGCC,0,528503
araCp,0.3333333333333333,2,2,ACTCGATTCGTTACACTACG,0,571923
araCp,0.3333333333333333,2,2,ACTCGACAGGAAACAACGTG,0,545335
araCp,0.3333333333333333,2,2,ACTCCGTCAAGTTGGTCAGG,0,554218
araCp,0.3333333333333333,2,2,ACTCAATGCCCTATCAATGA,0,559219
araCp,0.3333333333333333,2,2,ACTATTTCGGTTGGACAGTA,0,532432
araCp,0.3333333333333333,2,2,ACTATTGGGTCCACATTTGA,0,589744
araCp,0.3333333333333333,2,2,ACTATGCTACCTGGAAACTG,0,562237
araCp,0.3333333333333333,2,2,ACTATCCTTAGTGTTCGCAA,0,546034
araCp,0.3333333333333333,2,2,ACTATAAGCGTCAACTTAGT,0,544163
araCp,0.3333333333333333,2,2,ACTAGGACTTGTTGCTAAAG,0,531302
araCp,0.3333333333333333,2,2,ACTAGGAACTGAGTGACCTG,0,575189
araCp,0.3333333333333333,2,2,ACTAGCATAACCGTTTAGCT,0,574201
araCp,0.3333333333333333,2,2,ACTACTGCCAGTAATCAAGG,0,576782
araCp,0.3333333333333333,2,2,ACTACCTGCAAGCGATTACC,0,539242
araCp,0.3333333333333333,2,2,ACTACCGTATGGTTAGATTT,0,549006
araCp,0.3333333333333333,2,2,ACTAAATTAGGTCCAGACAA,0,578091
araCp,0.3333333333333333,2,2,ACGTTTTGGGCTATCTATGA,0,527759
araCp,0.3333333333333333,2,2,ACGTTTTAGTGATGGGCGTC,0,541436
araCp,0.3333333333333333,2,2,ACGTGTAAGCCTCCACCTTT,0,585828
araCp,0.3333333333333333,2,2,ACGTGGCGTACTCAAATTGC,0,547808
araCp,0.3333333333333333,2,2,ACGTGCTCCTTGATTGAATG,0,581287
araCp,0.3333333333333333,2,2,ACGTGCACCCCACTGCGCAC,0,598223
araCp,0.3333333333333333,2,2,ACGTGATTGCGCCCCAATTA,0,593562
araCp,0.3333333333333333,2,2,ACGTGAGGCCCTTCGGGCTA,0,574248
araCp,0.3333333333333333,2,2,ACGTCTTGGGGGGTATTAGT,0,575366
araCp,0.3333333333333333,2,2,ACGTCCTATTAGGCGTTAGA,0,544718
araCp,0.3333333333333333,2,2,ACGTAGCGTTCGAACGTGTA,0,527507
araCp,0.3333333333333333,2,2,ACGGTCGGATCACAGCAGAT,0,562641
araCp,0.3333333333333333,2,2,ACGGTCCGGGACCCCTCAAT,0,536666
araCp,0.3333333333333333,2,2,ACGGGGCCCGGCGCTCCCGT,0,556555
araCp,0.3333333333333333,2,2,ACGGGACGCTCACCGTGCTA,0,577468
araCp,0.3333333333333333,2,2,ACGGCGATGGATTTTGATCA,0,528287
araCp,0.3333333333333333,2,2,ACGGCACCAGCAGTCGAACC,0,551209
araCp,0.3333333333333333,2,2,ACGGATATCTGCAGTTGGCA,0,584704
araCp,0.3333333333333333,2,2,ACGGACCGCAGTGTTATCTT,0,544424
araCp,0.3333333333333333,2,2,ACGGACACTCCGGTGAGTCC,0,542747
araCp,0.3333333333333333,2,2,ACGGACAATCTTTGGGGCTG,0,597116
araCp,0.3333333333333333,2,2,ACGGAAGGATTTGTCTGGCC,0,528365
araCp,0.3333333333333333,2,2,ACGCTTGGCTATGGACACAA,0,576761
araCp,0.3333333333333333,2,2,ACGCTGGTTCTCTCTTACCT,0,592677
araCp,0.3333333333333333,2,2,ACGCTAACATAGGAGTCAAT,0,550259
araCp,0.3333333333333333,2,2,ACGCGGGTATCCATGCCGCC,0,579638
araCp,0.3333333333333333,2,2,ACGCATCTTTTTAGAGGGAC,0,535363
araCp,0.3333333333333333,2,2,ACGCACCTCTCATAGTGGTT,0,563663
araCp,0.3333333333333333,2,2,ACGCAATGACAGCCCGGGAG,0,560287
araCp,0.3333333333333333,2,2,ACGATCGTATAGGTTGCCCG,0,603617
araCp,0.3333333333333333,2,2,ACGATCGGCCGCAACGGGAT,0,529972
araCp,0.3333333333333333,2,2,ACGATAGGTGTTGCTCAACA,0,600656
araCp,0.3333333333333333,2,2,ACGAGTAATTGTCGTCCAAT,0,557239
araCp,0.3333333333333333,2,2,ACGACGTCCGCCAGGGTTGC,0,538392
araCp,0.3333333333333333,2,2,ACGACCCAAAATACTCTCTT,0,589631
araCp,0.3333333333333333,2,2,ACCTTTGTCTGCGTTCCTCT,0,565246
araCp,0.3333333333333333,2,2,ACCTGTCTTTAGGCATACGT,0,531289
araCp,0.3333333333333333,2,2,ACCTGGATCGGACTGCCATG,0,574044
araCp,0.3333333333333333,2,2,ACCTCTCGGCCCTTAAACCT,0,555600
araCp,0.3333333333333333,2,2,ACCTCGTACTAAGCCATTTC,0,537770
araCp,0.3333333333333333,2,2,ACCTCGCTACCAGCGGTTAT,0,535788
araCp,0.3333333333333333,2,2,ACCTCCTACGGGATTCGCGC,0,578281
araCp,0.3333333333333333,2,2,ACCTCCGCTGCTTGACGCCG,0,560994
araCp,0.3333333333333333,2,2,ACCTAGCCTCTAGTCCTTGG,0,583078
araCp,0.3333333333333333,2,2,ACCGTTAATAGAGACATCCC,0,558188
araCp,0.3333333333333333,2,2,ACCGGTAACATCGAAGGTAG,0,561122
araCp,0.3333333333333333,2,2,ACCGGGTCCTGTTTTCAGAC,0,545467
araCp,0.3333333333333333,2,2,ACCGGGCTAGACGACGTTAT,0,528442
araCp,0.3333333333333333,2,2,ACCGGGCGGAACAACTTGTG,0,555009
araCp,0.3333333333333333,2,2,ACCGGAACTGTGATGAACGG,0,549845
araCp,0.3333333333333333,2,2,ACCGGAACGGGTTTGACCAA,0,551296
araCp,0.3333333333333333,2,2,ACCGCGGCGTTGCTAGATGG,0,550416
araCp,0.3333333333333333,2,2,ACCGCATTATGCGGTTCGAC,0,588498
araCp,0.3333333333333333,2,2,ACCGCAGCGACACGACCAGT,0,571894
araCp,0.3333333333333333,2,2,ACCGATTGGTTATCATAAGA,0,555732
araCp,0.3333333333333333,2,2,ACCGATAAAGTGGCAGCTGA,0,546256
araCp,0.3333333333333333,2,2,ACCGAAACTCGCAAGCTACA,0,549928
araCp,0.3333333333333333,2,2,ACCCTTCCGTGGAATCTCAA,0,535214
araCp,0.3333333333333333,2,2,ACCCTGATCGGCTCGAATGA,0,527335
araCp,0.3333333333333333,2,2,ACCCTGAGAACTGGCTATAC,0,583283
araCp,0.3333333333333333,2,2,ACCCTCGGCGACTCTCATTA,0,557653
araCp,0.3333333333333333,2,2,ACCCTCATACTATCATCATT,0,576128
araCp,0.3333333333333333,2,2,ACCCGTTGGCCTTGTGTCTG,0,572198
araCp,0.3333333333333333,2,2,ACCCGGTCGCCACCAAAACA,0,576245
araCp,0.3333333333333333,2,2,ACCCGGGGGATAGTCTAATT,0,582106
araCp,0.3333333333333333,2,2,ACCCGGAATGGAGGTTAAAA,0,569585
araCp,0.3333333333333333,2,2,ACCCGCCGTGTACGATGTAT,0,585044
araCp,0.3333333333333333,2,2,ACCCCTGGGGCTGACAAGGG,0,552984
araCp,0.3333333333333333,2,2,ACCCCTCGTGATTATTTGTC,0,582666
araCp,0.3333333333333333,2,2,ACCCCGCTTGAAAATGCGTA,0,566207
araCp,0.3333333333333333,2,2,ACCCCGAAGCAAAATGGCTA,0,553294
araCp,0.3333333333333333,2,2,ACCCCCACCGCATCTAAAAC,0,568409
araCp,0.3333333333333333,2,2,ACCCCAGGTTCCTTTGGTGT,0,540442
araCp,0.3333333333333333,2,2,ACCCCAACGTATCCGCCGAA,0,594987
araCp,0.3333333333333333,2,2,ACCATTAAGTCGCTATGCTC,0,537358
araCp,0.3333333333333333,2,2,ACCATCGTAGTACGTCCAGC,0,528729
araCp,0.3333333333333333,2,2,ACCATAAAAGAAGAGATCGT,0,583550
araCp,0.3333333333333333,2,2,ACCAGTAAACTTAGCGACTC,0,577776
araCp,0.3333333333333333,2,2,ACCAGGCATGCGTACAGCAA,0,537782
araCp,0.3333333333333333,2,2,ACCAATGAGCCCTAGAGCAT,0,534125
araCp,0.3333333333333333,2,2,ACCAATACAGCCCATATTCG,0,559266
araCp,0.3333333333333333,2,2,ACCAACTAATAGAATCCGGA,0,598884
araCp,0.3333333333333333,2,2,ACATTTAATTACAGAATAGT,0,578815
araCp,0.3333333333333333,2,2,ACATTGATCTCTCTGCCGGT,0,592893
araCp,0.3333333333333333,2,2,ACATCTTCAAAAGGATCGGA,0,527072
araCp,0.3333333333333333,2,2,ACATCTCTCAAATAAACAGT,0,532536
araCp,0.3333333333333333,2,2,ACATCGTGTTGCAGTATCCT,0,530149
araCp,0.3333333333333333,2,2,ACATCGGTTTGTTCCCTGGA,0,595354
araCp,0.3333333333333333,2,2,ACATCCAAACCTATTTGACT,0,533146
araCp,0.3333333333333333,2,2,ACATATGCAGCTGAGCAAGG,0,602699
araCp,0.3333333333333333,2,2,ACATATCGTGTCGAGCCGCA,0,593281
araCp,0.3333333333333333,2,2,ACATATATTCGGCGAATTAC,0,572279
araCp,0.3333333333333333,2,2,ACATAGTGCCCGAATCGCGT,0,592637
araCp,0.3333333333333333,2,2,ACATACCGTGCGTCCGCCCA,0,550966
araCp,0.3333333333333333,2,2,ACAGTTTTGGATCCGACGCA,0,579003
araCp,0.3333333333333333,2,2,ACAGTGTCACAGTCTGAAGA,0,538547
araCp,0.3333333333333333,2,2,ACAGGGCCCTGCCCCTTATG,0,545377
araCp,0.3333333333333333,2,2,ACAGGCGAGCTAGTGTGACT,0,591312
araCp,0.3333333333333333,2,2,ACAGCTTAGAGAAACTGTAC,0,599313
araCp,0.3333333333333333,2,2,ACAGCTAGATGGGCACTTCT,0,544503
araCp,0.3333333333333333,2,2,ACAGCCCGATTTATATTGGA,0,550633
araCp,0.3333333333333333,2,2,ACAGATGGGTGTGTACAAGC,0,582154
araCp,0.3333333333333333,2,2,ACACTTCCCTAAGACTTTCC,0,536413
araCp,0.3333333333333333,2,2,ACACGTCTTGGGTCTTGGGG,0,575925
araCp,0.3333333333333333,2,2,ACACGTCTAAGTAGTCGATA,0,538164
araCp,0.3333333333333333,2,2,ACACGGTCCCATCGATATGG,0,547183
araCp,0.3333333333333333,2,2,ACACCATGCGCGCTGTAGCT,0,602180
araCp,0.3333333333333333,2,2,ACACCAACAGTAGGAGGGCA,0,592703
araCp,0.3333333333333333,2,2,ACACAGGGAGATCCAAGCGC,0,528665
araCp,0.3333333333333333,2,2,ACACACCGTGACGTTTCCGT,0,563590
araCp,0.3333333333333333,2,2,ACAATTCGCCGCATATTGTT,0,589023
araCp,0.3333333333333333,2,2,ACAATGGCTTATTGACGTGG,0,586897
araCp,0.3333333333333333,2,2,ACAATGCTCACCTGGGCCAT,0,555892
araCp,0.3333333333333333,2,2,ACAATGAAAGGTGCGGTGTT,0,577092
araCp,0.3333333333333333,2,2,ACAATAGACAGCGGAGTGCG,0,559086
araCp,0.3333333333333333,2,2,ACAAGTGCCAGACAGCCAGC,0,573465
araCp,0.3333333333333333,2,2,ACAAGTCACGGCATTATGGG,0,529970
araCp,0.3333333333333333,2,2,ACAAGCGGCAGATGACAGAG,0,587391
araCp,0.3333333333333333,2,2,ACAACGGGGTTCAGCGGGGT,0,534022
araCp,0.3333333333333333,2,2,ACAACCGGATAAAGGTGCGT,0,538670
araCp,0.3333333333333333,2,2,ACAACCGGAAGTTATTGCGG,0,603680
araCp,0.3333333333333333,2,2,ACAACCCAATTGTTGCACCC,0,530616
araCp,0.3333333333333333,2,2,ACAAAGTCGATATCGGCATC,0,578310
araCp,0.3333333333333333,2,2,ACAAAGCTGCACGAGCATAA,0,550886
araCp,0.3333333333333333,2,2,ACAAACCTCGGCTCCGCTCT,0,576600
araCp,0.3333333333333333,2,2,ACAAACCCCTGTTTTCGAAT,0,529159
araCp,0.3333333333333333,2,2,AATTTTCTAGAGTATACAAA,0,554135
araCp,0.3333333333333333,2,2,AATTTCCTGACTCGGGGAAT,0,526185
araCp,0.3333333333333333,2,2,AATTTCAAAGCGTATTAGAG,0,541890
araCp,0.3333333333333333,2,2,AATTTAGTGAGCCATTGTTA,0,560055
araCp,0.3333333333333333,2,2,AATTGATGGATCATCGCGTC,0,574749
araCp,0.3333333333333333,2,2,AATTCTGGTAGTCTTAGGCA,0,584006
araCp,0.3333333333333333,2,2,AATTCAGTTATTATCGGTCT,0,545977
araCp,0.3333333333333333,2,2,AATTATGTCCAGTGTAGGCC,0,525823
araCp,0.3333333333333333,2,2,AATGTTGCTGTGATTGCTCC,0,553109
araCp,0.3333333333333333,2,2,AATGTCATTTGCCAACGAGG,0,537124
araCp,0.3333333333333333,2,2,AATGGTTCAACAGTAAGTAG,0,566323
araCp,0.3333333333333333,2,2,AATGGGTTCTCCGCCCCTCC,0,548021
araCp,0.3333333333333333,2,2,AATGGATCCCGACTACCGCG,0,535439
araCp,0.3333333333333333,2,2,AATGCGTCAGCTCGTTAGAT,0,584563
araCp,0.3333333333333333,2,2,AATGCGATGGTGGCGTTTTT,0,594774
araCp,0.3333333333333333,2,2,AATGCCTAGGTCCTATGCTG,0,568459
araCp,0.3333333333333333,2,2,AATGATGACAAAATCAAGAC,0,531741
araCp,0.3333333333333333,2,2,AATGATCTAAAAAGCTCGCT,0,572453
araCp,0.3333333333333333,2,2,AATGAGTCCCGCTATGGGGC,0,565771
araCp,0.3333333333333333,2,2,AATGAGTCATAGCCACTTCC,0,591958
araCp,0.3333333333333333,2,2,AATCTGTCATAAGGAATTGA,0,559519
araCp,0.3333333333333333,2,2,AATCTACATCACAATGTGCA,0,538963
araCp,0.3333333333333333,2,2,AATCGTGATCCTTACTTTGT,0,547765
araCp,0.3333333333333333,2,2,AATCGTGAACACAACCTCGA,0,589546
araCp,0.3333333333333333,2,2,AATCGGACCACGGACACTTT,0,529037
araCp,0.3333333333333333,2,2,AATCGCACGTTAAGCACGTG,0,574689
araCp,0.3333333333333333,2,2,AATCCTTTGCCGACCTGGCA,0,558653
araCp,0.3333333333333333,2,2,AATCCGTGGTAAGTGCCTAA,0,548901
araCp,0.3333333333333333,2,2,AATCCGCGTGCTCTATAATG,0,541114
araCp,0.3333333333333333,2,2,AATCCGCAACGGTCCCACTG,0,527886
araCp,0.3333333333333333,2,2,AATCATGGAACGTAAGAGTC,0,545793
araCp,0.3333333333333333,2,2,AATCAGTACAAGGGTACCAA,0,564881
araCp,0.3333333333333333,2,2,AATCACATGCCAGAGTTCTA,0,571213
araCp,0.3333333333333333,2,2,AATATTTCCTGGAACCCCAT,0,580108
araCp,0.3333333333333333,2,2,AATATTGCATAGTCGTTTAC,0,539268
araCp,0.3333333333333333,2,2,AATATGATAGCGCCCTTTCC,0,546356
araCp,0.3333333333333333,2,2,AATATATGGGGCTACCCGGC,0,537279
araCp,0.3333333333333333,2,2,AATAGGATCCGGACTAAAGC,0,541728
araCp,0.3333333333333333,2,2,AATAGCCGCATAGCTCATGC,0,531588
araCp,0.3333333333333333,2,2,AATACGTAGGGTACACATGT,0,571524
araCp,0.3333333333333333,2,2,AATACCATAGAGGCGGATTT,0,589964
araCp,0.3333333333333333,2,2,AATACATTAGTTGAACCAGC,0,537261
araCp,0.3333333333333333,2,2,AATAAATAGACTCCGCCGAT,0,552011
araCp,0.3333333333333333,2,2,AATAAAACTTGTGGAGCCAT,0,600799
araCp,0.3333333333333333,2,2,AAGTTTAGCGGTTTCGTGCA,0,593486
araCp,0.3333333333333333,2,2,AAGTTTAATCAGTATACGAT,0,601332
araCp,0.3333333333333333,2,2,AAGTGGACAATGGACATTGT,0,554020
araCp,0.3333333333333333,2,2,AAGTGCAGTGCACTTGCTCC,0,543717
araCp,0.3333333333333333,2,2,AAGTCTCCGGAAACGTACAC,0,541434
araCp,0.3333333333333333,2,2,AAGTCTAACTGATACGGACG,0,525935
araCp,0.3333333333333333,2,2,AAGTCGTTAAGGAGCATTTA,0,549806
araCp,0.3333333333333333,2,2,AAGTATCTTTCGGACGATGC,0,602783
araCp,0.3333333333333333,2,2,AAGTAGTATTCGCGGTACGA,0,563960
araCp,0.3333333333333333,2,2,AAGTACTATCTTGCTGGTTC,0,568291
araCp,0.3333333333333333,2,2,AAGTAAGCTGCCGTTGCCAA,0,584842
araCp,0.3333333333333333,2,2,AAGGTGTGCAGTACATTGCG,0,555862
araCp,0.3333333333333333,2,2,AAGGTCTGATAGATAAGTAG,0,541214
araCp,0.3333333333333333,2,2,AAGGGTTACTACAATAATTC,0,601843
araCp,0.3333333333333333,2,2,AAGGGTGTCTCATGTAAATT,0,534697
araCp,0.3333333333333333,2,2,AAGGGGAGTCCAGGTCATCA,0,571740
araCp,0.3333333333333333,2,2,AAGGGCTTCTTGACGAATCC,0,575985
araCp,0.3333333333333333,2,2,AAGGCGACGTCATCGACCAG,0,583389
araCp,0.3333333333333333,2,2,AAGGCCAGCTCCTGTTTTGT,0,579532
araCp,0.3333333333333333,2,2,AAGGCACGATTCCACTTTAA,0,539345
araCp,0.3333333333333333,2,2,AAGGCACGACCCAGTACGCC,0,545812
araCp,0.3333333333333333,2,2,AAGGATTTAACTTCGTCAAA,0,569538
araCp,0.3333333333333333,2,2,AAGGATAGTAGTTTACGTTT,0,600012
araCp,0.3333333333333333,2,2,AAGGAGTAACTAAGCTCATA,0,576461
araCp,0.3333333333333333,2,2,AAGGACTGTGCGGTATCGCA,0,589639
araCp,0.3333333333333333,2,2,AAGGAAAGGAGTCAGGGTTG,0,550386
araCp,0.3333333333333333,2,2,AAGCTCTCTCTGGCCACAGC,0,553587
araCp,0.3333333333333333,2,2,AAGCTCAGAAAGTCCACCCA,0,543862
araCp,0.3333333333333333,2,2,AAGCTCACGTCTACCGGCCG,0,566167
araCp,0.3333333333333333,2,2,AAGCGTTTCTTGGCAGCTGA,0,556248
araCp,0.3333333333333333,2,2,AAGCCTTGGCCCATCTTCTA,0,600671
araCp,0.3333333333333333,2,2,AAGCAGGGTCTGGTTCAAGT,0,529775
araCp,0.3333333333333333,2,2,AAGATCCCCTTTTCGAAGAA,0,550930
araCp,0.3333333333333333,2,2,AAGATACTAAAACGCATACG,0,537888
araCp,0.3333333333333333,2,2,AAGAGTGCCTGTGCGACTCT,0,592716
araCp,0.3333333333333333,2,2,AAGAGGATGGCTGGGGGACT,0,534428
araCp,0.3333333333333333,2,2,AAGAGGATGAATTGGTATAA,0,603575
araCp,0.3333333333333333,2,2,AAGACGTGGACAGTAGTGAC,0,599157
araCp,0.3333333333333333,2,2,AAGACGGGTTAATGCAATAT,0,549016
araCp,0.3333333333333333,2,2,AAGACGATGAACAGTCAAAC,0,586158
araCp,0.3333333333333333,2,2,AAGACCGGCGCCGTTCTGTG,0,574071
araCp,0.3333333333333333,2,2,AAGACCAATTGAATCACTTT,0,593642
araCp,0.3333333333333333,2,2,AAGACAGATATGTCGAATGA,0,560301
araCp,0.3333333333333333,2,2,AAGAATCGCTGTCGAGTTCT,0,598648
araCp,0.3333333333333333,2,2,AAGAACCTACAATCCTTGGT,0,592631
araCp,0.3333333333333333,2,2,AACTTCCTCTAAGTGAGATA,0,592821
araCp,0.3333333333333333,2,2,AACTGTATTTATTGGTAATA,0,528586
araCp,0.3333333333333333,2,2,AACTGATACGTTTACTGATG,0,599669
araCp,0.3333333333333333,2,2,AACTGAATTTTCCGTAACGA,0,578498
araCp,0.3333333333333333,2,2,AACTGAAAGTTATGGTTCAC,0,555833
araCp,0.3333333333333333,2,2,AACTCTTAAATTGCGCGAAC,0,527101
araCp,0.3333333333333333,2,2,AACTCTGTCAGAGCGGCATG,0,561523
araCp,0.3333333333333333,2,2,AACTCGCCACTGCAGTCGGG,0,539583
araCp,0.3333333333333333,2,2,AACTCATTCCCAAGCCATCG,0,582105
araCp,0.3333333333333333,2,2,AACTAACCGATGATAGGAGT,0,576979
araCp,0.3333333333333333,2,2,AACGTTATGATGAAATAAGA,0,559231
araCp,0.3333333333333333,2,2,AACGTGCCGTTAGGAATGGA,0,589849
araCp,0.3333333333333333,2,2,AACGTCCCATCTGGTTTCTC,0,569076
araCp,0.3333333333333333,2,2,AACGTCAGAAATTCAGTCTT,0,545716
araCp,0.3333333333333333,2,2,AACGGTGCTGAGTGAATATG,0,568702
araCp,0.3333333333333333,2,2,AACGGTAGGCGACTGTCTAC,0,553787
araCp,0.3333333333333333,2,2,AACGGGAAAACAATTGATGA,0,597680
araCp,0.3333333333333333,2,2,AACGGCAACTCTATTCGGTA,0,562424
araCp,0.3333333333333333,2,2,AACGCATTAGTGTCAGTATT,0,573933
araCp,0.3333333333333333,2,2,AACGAGACGACGGTTTGGCC,0,567826
araCp,0.3333333333333333,2,2,AACGAAATACCTCAGTTTGT,0,577340
araCp,0.3333333333333333,2,2,AACCGGTCGTGGGTCATTGA,0,533319
araCp,0.3333333333333333,2,2,AACCGCCCTCGAAGACGAAT,0,546845
araCp,0.3333333333333333,2,2,AACCGATTGAGGCTAGCGCT,0,575931
araCp,0.3333333333333333,2,2,AACCCTAAGTTATGTGTCGT,0,549347
araCp,0.3333333333333333,2,2,AACCCGCCCGAAATGACAGC,0,590676
araCp,0.3333333333333333,2,2,AACCCGCCCCGCTTACGTTT,0,545842
araCp,0.3333333333333333,2,2,AACCCAAGTCACCCGGCTAC,0,574457
araCp,0.3333333333333333,2,2,AACCCAAATCGAGAGCGAGA,0,561311
araCp,0.3333333333333333,2,2,AACATGTACATTTATTAGGT,0,601983
araCp,0.3333333333333333,2,2,AACATCGGACCCGGAACGGC,0,529548
araCp,0.3333333333333333,2,2,AACATCCGGACGTAGTGGCT,0,553241
araCp,0.3333333333333333,2,2,AACATAGTACTCAGCTTGAT,0,527244
araCp,0.3333333333333333,2,2,AACAGTGAGCCACTGCTAAG,0,538384
araCp,0.3333333333333333,2,2,AACAGTCCTGGCAGGAGCTT,0,599523
araCp,0.3333333333333333,2,2,AACAGGTTGTTTAAACATCA,0,572933
araCp,0.3333333333333333,2,2,AACACCGTTCATCAATTCCT,0,559347
araCp,0.3333333333333333,2,2,AACACCGCTTCTTTCCTAAC,0,545774
araCp,0.3333333333333333,2,2,AAATTTCTACTTGTAGATAA,0,593502
araCp,0.3333333333333333,2,2,AAATTGCTCGGGGAATGTTC,0,551661
araCp,0.3333333333333333,2,2,AAATTCCCTCCTTATTTGGT,0,541216
araCp,0.3333333333333333,2,2,AAATGTGGCTGTAGTTGAGG,0,585770
araCp,0.3333333333333333,2,2,AAATGCGACCATAGGGAGTG,0,597535
araCp,0.3333333333333333,2,2,AAATGCAGTCTGCTCTGAGA,0,595887
araCp,0.3333333333333333,2,2,AAATCTTCCTCATACGGTAG,0,596530
araCp,0.3333333333333333,2,2,AAATCCGTGTAGGACATATA,0,580916
araCp,0.3333333333333333,2,2,AAATCCCACATCTTCGATTT,0,587330
araCp,0.3333333333333333,2,2,AAATCAGGTACATTTTACTT,0,532808
araCp,0.3333333333333333,2,2,AAATATTTCTTGGCATGGGG,0,569817
araCp,0.3333333333333333,2,2,AAATATGCTTTGGTAATCAT,0,578801
araCp,0.3333333333333333,2,2,AAATAGTGTCCACCCAAGAA,0,551401
araCp,0.3333333333333333,2,2,AAAGTGCTGGCCTTGCCTCG,0,598160
araCp,0.3333333333333333,2,2,AAAGGTTCAATGAGCGACCA,0,542448
araCp,0.3333333333333333,2,2,AAAGGTGTTATGCACTGTCA,0,583275
araCp,0.3333333333333333,2,2,AAAGGGTCTAGCTACCCAGC,0,542141
araCp,0.3333333333333333,2,2,AAAGGGAGTAATATCCGAGT,0,593594
araCp,0.3333333333333333,2,2,AAAGGAAGACAACACGCTCA,0,548608
araCp,0.3333333333333333,2,2,AAAGCCATAGTCGCTTCTCT,0,587316
araCp,0.3333333333333333,2,2,AAAGCATACAATACGGGTCA,0,553205
araCp,0.3333333333333333,2,2,AAAGAGATTCGGTCATAAGA,0,535028
araCp,0.3333333333333333,2,2,AAAGAATAGTGAAGGCCCGG,0,555375
araCp,0.3333333333333333,2,2,AAACTTCGCTCCGTCCAATA,0,547417
araCp,0.3333333333333333,2,2,AAACTCGTGCTATTGGACAA,0,528165
araCp,0.3333333333333333,2,2,AAACGGATATTGCACTGTAT,0,541022
araCp,0.3333333333333333,2,2,AAACGCAAGTAAGATTCCCG,0,547543
araCp,0.3333333333333333,2,2,AAACCGGACGAGTACGATGG,0,601371
araCp,0.3333333333333333,2,2,AAACCGCTAGCCCCGTCCAC,0,566790
araCp,0.3333333333333333,2,2,AAACCAAGGGGATGGAATTC,0,538247
araCp,0.3333333333333333,2,2,AAAATTTTGGAATATAGGGG,0,549875
araCp,0.3333333333333333,2,2,AAAATGGTCCTGGACGTATT,0,573957
araCp,0.3333333333333333,2,2,AAAATACGCGTCTGGATCCA,0,575257
araCp,0.3333333333333333,2,2,AAAAGTACCTTTCGTGCTAC,0,556957
araCp,0.3333333333333333,2,2,AAAAGTAATGTGTCTATGGT,0,547065
araCp,0.3333333333333333,2,2,AAAACCTTTCATTTGCGATG,0,549133
araCp,0.3333333333333333,2,2,AAAACCGCGAAAAGGGCAAC,0,602145
araCp,0.3333333333333333,2,2,AAAAATGCCCGAGAAATCCG,0,602666
araCp,0.3333333333333333,2,2,AAAAATCGCTTAACAAGAGC,0,562513
araCp,0.5,1,1,TTTTTTTTGACATATGTCTT,0,552903
araCp,0.5,1,1,TTTTTTATGACATCTCCTCC,0,593542
araCp,0.5,1,1,TTTTGTGATGTACGATCCTT,0,559223
araCp,0.5,1,1,TTTTGTGAAGCTCCAATAAA,0,581416
araCp,0.5,1,1,TTTTGGTGTCCATTGGTGGA,0,600904
araCp,0.5,1,1,TTTTGGTCGCGATGGTAAAT,0,600851
araCp,0.5,1,1,TTTTGGCCTCACAACGGACA,0,566047
araCp,0.5,1,1,TTTTGCTTGAATGCTGGGAC,0,546507
araCp,0.5,1,1,TTTTGCTCTCCGTGTGTTCC,0,552172
araCp,0.5,1,1,TTTTGCATCTCGACGCCTAT,0,528902
araCp,0.5,1,1,TTTTGACAACTACCCTCCTC,0,549176
araCp,0.5,1,1,TTTTCTTATTGGGCCGTTGC,0,587021
araCp,0.5,1,1,TTTTCTACGTTGGTATCCTA,0,600389
araCp,0.5,1,1,TTTTCCAATGCGTGCTGCGA,0,529187
araCp,0.5,1,1,TTTTAGTGGCAGTGAGTGTC,0,547365
araCp,0.5,1,1,TTTTAGTAATCCGACCTAGA,0,588442
araCp,0.5,1,1,TTTTAGAAAACAGAGCGGTC,0,543259
araCp,0.5,1,1,TTTGTGGTTCGCTGCGTAAT,0,542063
araCp,0.5,1,1,TTTGGGCGTCTTCGGTATGT,0,540424
araCp,0.5,1,1,TTTGGGCGGTCAGGCGGGGC,0,588365
araCp,0.5,1,1,TTTGCTTATAATATGCGGAA,0,576713
araCp,0.5,1,1,TTTGCTCTGAAACGCAGTTC,0,550613
araCp,0.5,1,1,TTTGCCTTCTTTTAGCAAGA,0,565632
araCp,0.5,1,1,TTTGCCTAGAGAGGAAGCCC,0,539438
araCp,0.5,1,1,TTTGATAGGTCGGCACCCAC,0,566302
araCp,0.5,1,1,TTTGATAGATGAAATGAAGA,0,535574
araCp,0.5,1,1,TTTGAACCGCCCATTATTCT,0,585766
araCp,0.5,1,1,TTTCTTCATCGCGTGGCCTG,0,529929
araCp,0.5,1,1,TTTCTGCGATGTCGTTTGGT,0,551751
araCp,0.5,1,1,TTTCTAATAGGTCTAGGCCT,0,541317
araCp,0.5,1,1,TTTCGTACGCCTGAATTTAC,0,538261
araCp,0.5,1,1,TTTCGAATCGTCTAGAGGAC,0,573242
araCp,0.5,1,1,TTTCCTTGTTTCGCGTGCGA,0,549485
araCp,0.5,1,1,TTTCCTATCAGGGGGCTCTC,0,557419
araCp,0.5,1,1,TTTCATGCGTTAAGCAAAAT,0,540716
araCp,0.5,1,1,TTTCATAAAACCGTCGAAGT,0,588028
araCp,0.5,1,1,TTTCAGGCAGATGTCGCTTC,0,584894
araCp,0.5,1,1,TTTCACGTTTTTAATGGTGC,0,602425
araCp,0.5,1,1,TTTCACAGAATCTTTCTATC,0,594969
araCp,0.5,1,1,TTTATTGGCAACGATGTATC,0,532001
araCp,0.5,1,1,TTTATGGATTCTGTCTGAGT,0,574270
araCp,0.5,1,1,TTTATACAGGGAGTAAGCAG,0,556122
araCp,0.5,1,1,TTTAGTCCTGGGAGCAGGGA,0,532759
araCp,0.5,1,1,TTTAGGGAGGATTTAGAGGT,0,578765
araCp,0.5,1,1,TTTAGCAATAGTGTATCATC,0,550302
araCp,0.5,1,1,TTTAGAGACCGGGAGACATG,0,563787
araCp,0.5,1,1,TTTAGACGTCCATGCAAGCT,0,528608
araCp,0.5,1,1,TTTACTTCGTACTTTGCTCA,0,531407
araCp,0.5,1,1,TTTACTTCGGCAAGTTTTGG,0,572414
araCp,0.5,1,1,TTTACGGCTGTGGAGTTGAT,0,527114
araCp,0.5,1,1,TTTACCTCTTGGCTTTTCAC,0,554301
araCp,0.5,1,1,TTTACCGAAGTGGTCTACGT,0,574374
araCp,0.5,1,1,TTTACAGTTCTGGTGCGGTG,0,579077
araCp,0.5,1,1,TTTACAGGTTTCCGGGAAGT,0,579286
araCp,0.5,1,1,TTTAATTGCATAGGATCGGT,0,543567
araCp,0.5,1,1,TTTAATCGGATCGCAGTCAT,0,599705
araCp,0.5,1,1,TTTAACAGGTCGGTCTACCC,0,591181
araCp,0.5,1,1,TTTAACACTTACTGGCACCG,0,548680
araCp,0.5,1,1,TTTAAAGTTGTGAGCCGGCC,0,576050
araCp,0.5,1,1,TTTAAAGTCCAATGACTGAT,0,538879
araCp,0.5,1,1,TTTAAACAGCGTACTTAACC,0,600366
araCp,0.5,1,1,TTGTTTCCTTCTATCAGACT,0,570461
araCp,0.5,1,1,TTGTTAACAGCCGTTCCTCT,0,584232
araCp,0.5,1,1,TTGTGAAAGCGTCCTGAGCC,0,595199
araCp,0.5,1,1,TTGTCGTCATAGCGTGCATA,0,559950
araCp,0.5,1,1,TTGTCCTCGTACTTAGCGGG,0,536701
araCp,0.5,1,1,TTGTCCGAGAGGGATGTGTG,0,593967
araCp,0.5,1,1,TTGTCACGGTGGGAAATCGA,0,543174
araCp,0.5,1,1,TTGTAGATGTGCCGTCCAGG,0,540766
araCp,0.5,1,1,TTGTACGCACGGTTTCCTTG,0,571384
araCp,0.5,1,1,TTGTACAAAAGCGCTAAACC,0,575062
araCp,0.5,1,1,TTGTAAGGGGTACCTTTGGG,0,540668
araCp,0.5,1,1,TTGTAAAACGTTTAGCGATT,0,592205
araCp,0.5,1,1,TTGGTTTTTGTCAAAATTCA,0,602736
araCp,0.5,1,1,TTGGTGTACTAGCCCGAAGA,0,553906
araCp,0.5,1,1,TTGGTGCCAGATCACATTTA,0,597255
araCp,0.5,1,1,TTGGTCTCCGCTTGAGGTTA,0,591224
araCp,0.5,1,1,TTGGTCTATCTCATACACGT,0,532953
araCp,0.5,1,1,TTGGGTGTTGAATCCTCTTG,0,527037
araCp,0.5,1,1,TTGGGTGGTAATGGCATTCC,0,557996
araCp,0.5,1,1,TTGGGTCTGGCACTACATGA,0,553521
araCp,0.5,1,1,TTGGGTCAACATTACGCGTG,0,599003
araCp,0.5,1,1,TTGGGGGTCATGTGGACAGG,0,565125
araCp,0.5,1,1,TTGGGGGAAAACATCTAACG,0,602158
araCp,0.5,1,1,TTGGGGAAAAACGATTAATT,0,542288
araCp,0.5,1,1,TTGGGCTACTCCACACGGAC,0,541578
araCp,0.5,1,1,TTGGGAGATGCTCTAGCCGA,0,584063
araCp,0.5,1,1,TTGGGACGCAAAGCCCCCGT,0,548606
araCp,0.5,1,1,TTGGCTACGCTAAAATGCGT,0,594212
araCp,0.5,1,1,TTGGCCGGCACGATCTGCTG,0,527605
araCp,0.5,1,1,TTGGCAGACCGCCTCGCTGG,0,531018
araCp,0.5,1,1,TTGGCACCAGTTGACTCATT,0,539355
araCp,0.5,1,1,TTGGATCTTACGTCCGGCAC,0,574214
araCp,0.5,1,1,TTGGACCAATGACGTAAATT,0,598376
araCp,0.5,1,1,TTGGAATAAATTGATGATCT,0,575194
araCp,0.5,1,1,TTGGAACCCACCAGGTCAGA,0,531735
araCp,0.5,1,1,TTGGAACATGGCCTGGATTT,0,587642
araCp,0.5,1,1,TTGCTCGTTCGGACACGAGC,0,554449
araCp,0.5,1,1,TTGCTCGGGTCACGGGATTG,0,586112
araCp,0.5,1,1,TTGCTATCTATGGGCCTCTG,0,554330
araCp,0.5,1,1,TTGCTAGGATCCATGCTGTG,0,560678
araCp,0.5,1,1,TTGCGTGAGGTTCTGCTCTC,0,544486
araCp,0.5,1,1,TTGCGCGGCCTTGAAGCTAT,0,530180
araCp,0.5,1,1,TTGCGCGAGTATTGAGATCT,0,595852
araCp,0.5,1,1,TTGCGAGCCAAACTCGGTCG,0,532691
araCp,0.5,1,1,TTGCCAGTGGTACAAGCAGT,0,568340
araCp,0.5,1,1,TTGCCAGCCATCAAAAGTAT,0,602553
araCp,0.5,1,1,TTGCCAACAATATTTTTGTA,0,540469
araCp,0.5,1,1,TTGCCAAATATCAGGGGAGT,0,598804
araCp,0.5,1,1,TTGCATTTGGATCCAAGGGC,0,556349
araCp,0.5,1,1,TTGCATTGGCGCAGTAACTT,0,534244
araCp,0.5,1,1,TTGCATCACATGCTCGTGTA,0,541456
araCp,0.5,1,1,TTGCATATAAGCAAAGTAAG,0,584320
araCp,0.5,1,1,TTGCAGTGAACTGAGAATCA,0,578345
araCp,0.5,1,1,TTGCAGCACGGTGTCTGCAC,0,586348
araCp,0.5,1,1,TTGCACCACAAGATACTTGC,0,547363
araCp,0.5,1,1,TTGCAACTACTGTAACAATG,0,563489
araCp,0.5,1,1,TTGATGACTCGGGAGGCTCA,0,570667
araCp,0.5,1,1,TTGATCAGGCCAATGAAGGT,0,541613
araCp,0.5,1,1,TTGAGTTTTGGGTTGAACAA,0,581277
araCp,0.5,1,1,TTGAGTGGGTTTTAAGGGCT,0,572022
araCp,0.5,1,1,TTGAGTAATATATCTATCAT,0,546529
araCp,0.5,1,1,TTGAGGATTCCGAGTAGTCT,0,587921
araCp,0.5,1,1,TTGAGACCGGGACGCTGTGT,0,571679
araCp,0.5,1,1,TTGACTTAACGAGCTGGAAT,0,561278
araCp,0.5,1,1,TTGACAACCGGTTTTGTATC,0,574991
araCp,0.5,1,1,TTGAATTCGCCCAGCGAAGT,0,551073
araCp,0.5,1,1,TTGAACGTAAGGTATCACCA,0,548101
araCp,0.5,1,1,TTCTTTTACAGGGCACGAAT,0,535562
araCp,0.5,1,1,TTCTTGTGTAACTAGCTCTA,0,558939
araCp,0.5,1,1,TTCTTGGTTTAAACGGGTTC,0,532937
araCp,0.5,1,1,TTCTTGGCAGCTTCGATCAA,0,557579
araCp,0.5,1,1,TTCTTGCCCCGTTCTCAGTT,0,549626
araCp,0.5,1,1,TTCTTGATCGCTGTTGCTCG,0,541574
araCp,0.5,1,1,TTCTTACACCTTATGGTTGC,0,528881
araCp,0.5,1,1,TTCTTAATCTAGCTCCGTTC,0,578848
araCp,0.5,1,1,TTCTGTAACCGAATATCACC,0,529642
araCp,0.5,1,1,TTCTGCAACTTACATCAACC,0,578179
araCp,0.5,1,1,TTCTGATGTGCAGTTTGGTA,0,553709
araCp,0.5,1,1,TTCTCTGCACATTGGCCATA,0,542053
araCp,0.5,1,1,TTCTCTATTACCGCTTCGAG,0,570763
araCp,0.5,1,1,TTCTCGGCTGGGTGGGCACT,0,558392
araCp,0.5,1,1,TTCTCGGCTAACCGGAAACC,0,568657
araCp,0.5,1,1,TTCTAAGTAGGGGATCGGTA,0,531710
araCp,0.5,1,1,TTCGTTGGGAAAACGCATGC,0,591597
araCp,0.5,1,1,TTCGTGGACTGCAATTGGCT,0,579924
araCp,0.5,1,1,TTCGTGATTAACACGCTTTG,0,549969
araCp,0.5,1,1,TTCGTCTGGATCGCAGTCAC,0,584692
araCp,0.5,1,1,TTCGTCTGACGCCATGCTAT,0,602559
araCp,0.5,1,1,TTCGGGCAGCTCACAGTCGT,0,599870
araCp,0.5,1,1,TTCGGCACGCATACGTGTGC,0,553711
araCp,0.5,1,1,TTCGGATACGATGTGAAAGG,0,535412
araCp,0.5,1,1,TTCGGACGCTTTAGCGGGAT,0,564713
araCp,0.5,1,1,TTCGCCTTGAACTGGGCAAC,0,525614
araCp,0.5,1,1,TTCGCAAGCAGTGTGGAGAT,0,598834
araCp,0.5,1,1,TTCGAGCTGAACGCTGCTCG,0,587728
araCp,0.5,1,1,TTCGAATTATACATGGAACA,0,574897
araCp,0.5,1,1,TTCGAAATTGATTAGGTTCA,0,599170
araCp,0.5,1,1,TTCGAAACACCGACGGTCCC,0,532665
araCp,0.5,1,1,TTCCTGGTTCCACATAACCA,0,586109
araCp,0.5,1,1,TTCCTGGATACAACTCGTGC,0,555254
araCp,0.5,1,1,TTCCTAGATCGCATCTGGCG,0,579084
araCp,0.5,1,1,TTCCTAGATCAAATCTTACG,0,545546
araCp,0.5,1,1,TTCCGTCACACGATTCGGAC,0,540274
araCp,0.5,1,1,TTCCGGTGGCTGTGAGAGGT,0,564072
araCp,0.5,1,1,TTCCGGGGATCCGGGTTCTA,0,556976
araCp,0.5,1,1,TTCCGACGCAATCTCCAATG,0,571010
araCp,0.5,1,1,TTCCCAGCTTTGCACTGCAA,0,590544
araCp,0.5,1,1,TTCCAGGTAGCTGTAATCCC,0,556455
araCp,0.5,1,1,TTCATTCCTGTCTCCGACGG,0,582818
araCp,0.5,1,1,TTCATGGCCGATTGCAAGTT,0,546341
araCp,0.5,1,1,TTCATATGTTAAGCCTAACA,0,537951
araCp,0.5,1,1,TTCATATCCGATACGCATAT,0,581769
araCp,0.5,1,1,TTCAGTTTTCGAGTTGAAGG,0,532574
araCp,0.5,1,1,TTCAGGGTCAGAACTGGCAT,0,544063
araCp,0.5,1,1,TTCAGCTTCCTATTGCCAGA,0,530892
araCp,0.5,1,1,TTCAGCGTCACAATGATATC,0,576856
araCp,0.5,1,1,TTCACTGTACCTAAATTAAT,0,572118
araCp,0.5,1,1,TTCACTGCTTCTCTAGCTTC,0,565968
araCp,0.5,1,1,TTCACGCTCTGCACTTTATG,0,595714
araCp,0.5,1,1,TTCACCATTATTGGAGCAGA,0,576959
araCp,0.5,1,1,TTCACCAGCTGCCAGCATGG,0,546683
araCp,0.5,1,1,TTCAATGTGATATAGATTTA,0,575200
araCp,0.5,1,1,TTCAATGATTAGCAATACTT,0,555394
araCp,0.5,1,1,TTCAATACCGAAGACATCAA,0,550214
araCp,0.5,1,1,TTCAAGAAGTTAAGATGTGG,0,577910
araCp,0.5,1,1,TTCAAAAGATTGTAGTACTA,0,546816
araCp,0.5,1,1,TTATTTACACAGGGGCCTCC,0,543959
araCp,0.5,1,1,TTATTGTACGCATATGTCAG,0,532402
araCp,0.5,1,1,TTATTATGCTACAGCTGCTC,0,562689
araCp,0.5,1,1,TTATGTACATGGGGGTATCC,0,595940
araCp,0.5,1,1,TTATGGATTCTCACGCGGAT,0,574881
araCp,0.5,1,1,TTATGGACTGATGTGTTGCT,0,539213
araCp,0.5,1,1,TTATGCTGCGAAAGCCGGTC,0,540822
araCp,0.5,1,1,TTATGCCGACTCCGCGGTAT,0,603056
araCp,0.5,1,1,TTATGCCCCGTATGACAAGG,0,567641
araCp,0.5,1,1,TTATGAAGGCAGATACACTT,0,599777
araCp,0.5,1,1,TTATGAACATTAAATCTGAG,0,580917
araCp,0.5,1,1,TTATCTATAGCTCTTCCCCA,0,530890
araCp,0.5,1,1,TTATCTAACCTGTATGTAAA,0,543114
araCp,0.5,1,1,TTATCATGCAGTCGAGCGGT,0,580529
araCp,0.5,1,1,TTATCATCATTGGTGCGTCG,0,603535
araCp,0.5,1,1,TTATATCCCATCACCAGCAA,0,585017
araCp,0.5,1,1,TTATACATTCATGCCCTGAG,0,548692
araCp,0.5,1,1,TTAGTCAGACACAAATGAAA,0,578980
araCp,0.5,1,1,TTAGGTGTTCGTATTAGGAC,0,576248
araCp,0.5,1,1,TTAGGCCTTAAAATGTAAAC,0,565112
araCp,0.5,1,1,TTAGGCAATACGATCCGATA,0,595980
araCp,0.5,1,1,TTAGGAAGTTGCAATCGTGA,0,571182
araCp,0.5,1,1,TTAGCTCACGATGCGCTTAT,0,527712
araCp,0.5,1,1,TTAGCAAGCCTAGCCAGCGG,0,543730
araCp,0.5,1,1,TTAGCAACGGTGCCAGGCGA,0,556282
araCp,0.5,1,1,TTAGAACGAGGTAATAGATC,0,528798
araCp,0.5,1,1,TTACTTGCTTCATCTTCGGC,0,554472
araCp,0.5,1,1,TTACTATATTCGGGTTCCGC,0,572882
araCp,0.5,1,1,TTACTAAATAATATTTATGC,0,597286
araCp,0.5,1,1,TTACGTAATAAGCATCGCCG,0,598570
araCp,0.5,1,1,TTACGGCCTGATGGTGATTA,0,531190
araCp,0.5,1,1,TTACGCAGATTTGGTCCCCG,0,598731
araCp,0.5,1,1,TTACGAGCCCTCCCTTAGCG,0,576004
araCp,0.5,1,1,TTACCCGCGCAGAACAGAGG,0,538208
araCp,0.5,1,1,TTACCCCGTTTTTCCTTGCG,0,545398
araCp,0.5,1,1,TTACCAGCTTCTATTTTGAG,0,573131
araCp,0.5,1,1,TTACCACTCCCGCATCGGTT,0,589553
araCp,0.5,1,1,TTACATGTGACGCGCCCTGA,0,535881
araCp,0.5,1,1,TTACAGCCCATGACGAGGTA,0,589261
araCp,0.5,1,1,TTAATGCGTGTAATGTCTTA,0,603576
araCp,0.5,1,1,TTAATCCGAAATGCCCGATA,0,593650
araCp,0.5,1,1,TTAAGTTTCCCCTAGAGCTC,0,549421
araCp,0.5,1,1,TTAAAGCTATTTCGTGGACT,0,585869
araCp,0.5,1,1,TTAAACGGCGCGGTAATTCC,0,551994
araCp,0.5,1,1,TGTTTGCTACTAGACTATTC,0,584732
araCp,0.5,1,1,TGTTCGGCTTGTGCGGCATT,0,537766
araCp,0.5,1,1,TGTTCGGATATGACGGTATC,0,568588
araCp,0.5,1,1,TGTTCAGGGAGCGTGTGACT,0,569734
araCp,0.5,1,1,TGTTCACTCCTTCACATGGT,0,534742
araCp,0.5,1,1,TGTTCACCGTGCGCGCAGTG,0,577362
araCp,0.5,1,1,TGTTCAAACAATACCAGGCG,0,573128
araCp,0.5,1,1,TGTTATCCAGGGAACGGGTT,0,562564
araCp,0.5,1,1,TGTTAGGCCAAGCATCTTCA,0,561534
araCp,0.5,1,1,TGTTAGGAGCATGATCGCAA,0,558885
araCp,0.5,1,1,TGTTAGCGCGGGGGAGCCCC,0,535276
araCp,0.5,1,1,TGTGTGACCAAGCGAACTCG,0,564054
araCp,0.5,1,1,TGTGTCTGTCTCCACTGGCG,0,574705
araCp,0.5,1,1,TGTGTCGCAAGATCTAGAGG,0,542173
araCp,0.5,1,1,TGTGTATCCGAGGTAGTAAT,0,559379
araCp,0.5,1,1,TGTGGTGTCCATACTGTCAA,0,542394
araCp,0.5,1,1,TGTGGGACGCTACGCGAGTG,0,564306
araCp,0.5,1,1,TGTGGCTAGAGTTTAGAATG,0,601173
araCp,0.5,1,1,TGTGCTCGCTGCTGGATAAT,0,596068
araCp,0.5,1,1,TGTGCGCTTAAAGGTTTGGA,0,592224
araCp,0.5,1,1,TGTGCGAGGTATGTTTATTG,0,545757
araCp,0.5,1,1,TGTGCGAAACGAGACCAAAG,0,562248
araCp,0.5,1,1,TGTGAAATTATAGCGGTTAC,0,586460
araCp,0.5,1,1,TGTGAAAGAGTCGTGCCAGG,0,590771
araCp,0.5,1,1,TGTCTGTAGCCTAGGGATCA,0,561715
araCp,0.5,1,1,TGTCTGATAGCAACTAGATG,0,573301
araCp,0.5,1,1,TGTCGTGGAAACGCGAAGGC,0,540804
araCp,0.5,1,1,TGTCGGACATTACGGGGGCT,0,529639
araCp,0.5,1,1,TGTCGCGATACTCCAGCCTC,0,568583
araCp,0.5,1,1,TGTCGATGAAAGGAACAATT,0,590231
araCp,0.5,1,1,TGTCGAACAGTTTTCGTCAA,0,548221
araCp,0.5,1,1,TGTCCGTGGTGGGTCTTGTG,0,582271
araCp,0.5,1,1,TGTCATCCTGTGATTATCAC,0,558145
araCp,0.5,1,1,TGTCATCAAAAGTCTAGAGC,0,573535
araCp,0.5,1,1,TGTCAATTAGTCCCGCGATA,0,601002
araCp,0.5,1,1,TGTCAATCTCTCGCGACGAC,0,536889
araCp,0.5,1,1,TGTATGTTCGCTACTTCGCC,0,563284
araCp,0.5,1,1,TGTATCTTAAGAACGAGGTG,0,563403
araCp,0.5,1,1,TGTAGTGTTTGAGGTAATTA,0,557451
araCp,0.5,1,1,TGTAGGGGCAAAAGGGGATT,0,536516
araCp,0.5,1,1,TGTAGGATACAACGGCGAGT,0,529649
araCp,0.5,1,1,TGTAGCACTCCACTACGTGT,0,587360
araCp,0.5,1,1,TGTAGATAGGACCTTGGCGG,0,571250
araCp,0.5,1,1,TGTAGAACGCACTATTGGTC,0,527498
araCp,0.5,1,1,TGTAAGGTACAATGGCTGTC,0,554731
araCp,0.5,1,1,TGTAAAGGCTTGGTAGTGAG,0,582219
araCp,0.5,1,1,TGGTTTAGCGAGGTCGAAAG,0,563299
araCp,0.5,1,1,TGGTTGCCGCCGAACTATGC,0,547627
araCp,0.5,1,1,TGGTTCTTTCTAACGGGGTG,0,580491
araCp,0.5,1,1,TGGTTCCCGCAGCGTCATGC,0,534310
araCp,0.5,1,1,TGGTTACCTGTAGTTCCGCT,0,556570
araCp,0.5,1,1,TGGTGTTGAGTACGGCAGCA,0,531757
araCp,0.5,1,1,TGGTGGGGTCATAGCAGGGC,0,601485
araCp,0.5,1,1,TGGTGCTTCATTGAAGTACC,0,547894
araCp,0.5,1,1,TGGTCTCGTACGACACCTTG,0,601243
araCp,0.5,1,1,TGGTCGGAAGAGTAACCATT,0,571568
araCp,0.5,1,1,TGGTATAAGCACGCGCGATT,0,587781
araCp,0.5,1,1,TGGGTTGTGGGGATGACTCA,0,589674
araCp,0.5,1,1,TGGGTTCTCGTATATCGGTG,0,554249
araCp,0.5,1,1,TGGGTTATGGATCTAATGTA,0,561101
araCp,0.5,1,1,TGGGTGTATTGTGTATGACG,0,532292
araCp,0.5,1,1,TGGGTGCCACTCCGTTTCGT,0,554452
araCp,0.5,1,1,TGGGTATCGTACAGGATAGA,0,601544
araCp,0.5,1,1,TGGGGGGACTCATGTCGTTG,0,543262
araCp,0.5,1,1,TGGGGGAGTTGGGAAGCTTC,0,537069
araCp,0.5,1,1,TGGGGGAAATATATTGAGAC,0,568214
araCp,0.5,1,1,TGGGGCCTCACGGACCGAGT,0,552787
araCp,0.5,1,1,TGGGCATCGGGTTAGAGAAT,0,557331
araCp,0.5,1,1,TGGGAGGAAAGGAGGGGATT,0,534860
araCp,0.5,1,1,TGGGACGCAGAAAGTGGGAT,0,530105
araCp,0.5,1,1,TGGGAATTTTTGGAGTTTAA,0,601976
araCp,0.5,1,1,TGGCTGTTCTGTGGCGTGTC,0,598297
araCp,0.5,1,1,TGGCTGGGATTGGACGCGTC,0,593574
araCp,0.5,1,1,TGGCTCACCCCGCCTCGGAC,0,564313
araCp,0.5,1,1,TGGCTCAAACCAAATGGAGA,0,548944
araCp,0.5,1,1,TGGCTAAAGAGGCGGCTTCA,0,574287
araCp,0.5,1,1,TGGCGGATGGACAGCGTTGC,0,525811
araCp,0.5,1,1,TGGCGAGGTCACTTTGTGCC,0,532892
araCp,0.5,1,1,TGGCCTCTCTCAGTGGTCAC,0,540864
araCp,0.5,1,1,TGGCCGTAGCGGTTCCACAT,0,569604
araCp,0.5,1,1,TGGCCGGGATTCCCGGCTGA,0,546686
araCp,0.5,1,1,TGGCCCGTTAAGAACCTGTC,0,544396
araCp,0.5,1,1,TGGCCAGACACAAGAGGCGA,0,536693
araCp,0.5,1,1,TGGCAGGGTGAGGTGAATAG,0,556007
araCp,0.5,1,1,TGGCAGATACAGAGAGAGCT,0,553865
araCp,0.5,1,1,TGGCACGAAGGGGAGTTCAG,0,546208
araCp,0.5,1,1,TGGCAAGGAGCTTCCCTGAG,0,573107
araCp,0.5,1,1,TGGATTCCGCTGCATCGAGT,0,533493
araCp,0.5,1,1,TGGATTAATGTTGCCTGCTT,0,528590
araCp,0.5,1,1,TGGATAACTCACCAGTAGGT,0,525537
araCp,0.5,1,1,TGGAGCCTGAACAACTGTGC,0,568575
araCp,0.5,1,1,TGGAGCATAGAATACATTCA,0,578835
araCp,0.5,1,1,TGCTTCTGCCACCTCGGAGA,0,597154
araCp,0.5,1,1,TGCTTAATCTAGAGAGACTC,0,602792
araCp,0.5,1,1,TGCTGCCGGCAACTATTACT,0,583888
araCp,0.5,1,1,TGCTGAACGGCTTGATGAGC,0,536485
araCp,0.5,1,1,TGCTCGTGTCGGGGTGGAGA,0,570097
araCp,0.5,1,1,TGCTCGGTCGGAAGAGACCA,0,595928
araCp,0.5,1,1,TGCTCGGCTCGAGTTACAAC,0,599842
araCp,0.5,1,1,TGCTCGGCTCCTGGATATCT,0,527108
araCp,0.5,1,1,TGCTCCATACACGTTCGGTC,0,581940
araCp,0.5,1,1,TGCTCATAGACGCAAACGTT,0,554994
araCp,0.5,1,1,TGCTATCGTTCAACGCTAAT,0,530972
araCp,0.5,1,1,TGCTAACGACCGGGCGTATC,0,581869
araCp,0.5,1,1,TGCGGCAATCCTCCGGCCCT,0,592820
araCp,0.5,1,1,TGCGCTGGTTTCGTCCCCCT,0,594630
araCp,0.5,1,1,TGCGCCCGTGGGACGCTCCA,0,551374
araCp,0.5,1,1,TGCGCCATATTTTGCAGAGT,0,567931
araCp,0.5,1,1,TGCGATGCTGTGCACGAGAT,0,578381
araCp,0.5,1,1,TGCGAGTATAGGAGTATGCG,0,538988
araCp,0.5,1,1,TGCGAGTAAAAATAGCTCCC,0,600483
araCp,0.5,1,1,TGCCTTCTGGTTAGCTATTG,0,602781
araCp,0.5,1,1,TGCCTGTCGGAATGGGCCAC,0,572763
araCp,0.5,1,1,TGCCGGGCTAGCCATGCCAT,0,597729
araCp,0.5,1,1,TGCCGCAGTTTTTGAGCGAG,0,601905
araCp,0.5,1,1,TGCCCTATACGAGATAGGAG,0,530713
araCp,0.5,1,1,TGCCCGAAACAAGTGCAGAA,0,570997
araCp,0.5,1,1,TGCCATTTCATCGGGTGGCA,0,553970
araCp,0.5,1,1,TGCCATAAGGGTTCTGATAC,0,559224
araCp,0.5,1,1,TGCCAGTCGCATGCGTTTAA,0,571309
araCp,0.5,1,1,TGCCAGAATGTATCCTCAAG,0,549452
araCp,0.5,1,1,TGCATTTTAGCACTAGGCAG,0,561236
araCp,0.5,1,1,TGCATTGGTGTTTTATATAT,0,550109
araCp,0.5,1,1,TGCATTGGACTAACCATTTT,0,584865
araCp,0.5,1,1,TGCATGCGAGAGAATGGGCT,0,560393
araCp,0.5,1,1,TGCAGTGAAAATATCCCTCA,0,565577
araCp,0.5,1,1,TGCAGGAATGACACCCCCCA,0,566315
araCp,0.5,1,1,TGCACCTGGCACGCGGGAAG,0,552369
araCp,0.5,1,1,TGCACCGATTAGTCACTTCA,0,581930
araCp,0.5,1,1,TGCACCCCAGGCGAGGGAGC,0,561696
araCp,0.5,1,1,TGCACAAAGCCACAGGGCGG,0,532559
araCp,0.5,1,1,TGCAATGGCAGCGTCGCTCC,0,527824
araCp,0.5,1,1,TGCAAGAAGTACTCTGCATG,0,526031
araCp,0.5,1,1,TGCAAACGACAGGAGGCTTA,0,567419
araCp,0.5,1,1,TGATGTTTGGCTCATAAGTT,0,536550
araCp,0.5,1,1,TGATGGGCGTGCCGGTTGAG,0,552217
araCp,0.5,1,1,TGATGGCCAATACTACGCCG,0,601071
araCp,0.5,1,1,TGATCCGGTGTCTTATGGGA,0,544496
araCp,0.5,1,1,TGATCCCAGCGACTGGTTGC,0,603461
araCp,0.5,1,1,TGATAGGTTAGATTCAGAGC,0,587431
araCp,0.5,1,1,TGATACTGATATCTCCCGTC,0,534258
araCp,0.5,1,1,TGATAAGTCTAAGAATCTGC,0,572506
araCp,0.5,1,1,TGAGTGTAAGAACTTAAGTT,0,546690
araCp,0.5,1,1,TGAGTGACATTCAGAGTATC,0,578866
araCp,0.5,1,1,TGAGTATCAGACGGCACACT,0,566578
araCp,0.5,1,1,TGAGGTTTTATTGCTATGGG,0,554494
araCp,0.5,1,1,TGAGGGGAGAGCTTGTTCGA,0,595917
araCp,0.5,1,1,TGAGCCCGGATCCGTATGGT,0,533546
araCp,0.5,1,1,TGAGCCCAGTGTCGGCTGGT,0,596789
araCp,0.5,1,1,TGAGCAGTACAATTGGACAT,0,594074
araCp,0.5,1,1,TGAGCAATTTATTTTCGTAC,0,576158
araCp,0.5,1,1,TGAGATTCGGAGTAGAAAAG,0,592076
araCp,0.5,1,1,TGAGATGTGGATCTTCAGGG,0,577117
araCp,0.5,1,1,TGACTTTGGTTGCCCACATG,0,550751
araCp,0.5,1,1,TGACTTGAGTGTGACTGTGT,0,559357
araCp,0.5,1,1,TGACTTGACATCAGTCCCCG,0,594476
araCp,0.5,1,1,TGACTGTTGGGGGTACGCTT,0,598337
araCp,0.5,1,1,TGACTGTGGGCGGTCTAGGT,0,597687
araCp,0.5,1,1,TGACTGCATAGTATATTTGG,0,600423
araCp,0.5,1,1,TGACTATCTATGCACCATTG,0,583592
araCp,0.5,1,1,TGACGTCAAGGCACAAAAAA,0,553035
araCp,0.5,1,1,TGACGGGTTCAATCATAGCT,0,589482
araCp,0.5,1,1,TGACGATTAATACGCGCATT,0,578524
araCp,0.5,1,1,TGACCCTGCGTCGAAGCAGT,0,573529
araCp,0.5,1,1,TGAATCGGCCCAGCGAACGC,0,593355
araCp,0.5,1,1,TGAATAGCCCTATGGGTTTT,0,564137
araCp,0.5,1,1,TGAAGGGGTACAGCATCGAT,0,560919
araCp,0.5,1,1,TGAAGACGAAAGTCCACAGA,0,566566
araCp,0.5,1,1,TGAAATTCCCCGGTAGACCC,0,564163
araCp,0.5,1,1,TGAAAGCAGTGGACCGTTCT,0,578786
araCp,0.5,1,1,TGAAAAGCACGACACACCCG,0,548300
araCp,0.5,1,1,TCTTTTTCAGGCTATTAGAA,0,579063
araCp,0.5,1,1,TCTTTTGTTTCGCAGCTATA,0,532312
araCp,0.5,1,1,TCTTTTCCTGCACGCAAACG,0,552522
araCp,0.5,1,1,TCTTTCAACCGGATCGGCCC,0,569627
araCp,0.5,1,1,TCTTGGCAAACTGATACGTA,0,529483
araCp,0.5,1,1,TCTTCTCGTGGGATTGGCAT,0,551478
araCp,0.5,1,1,TCTTAGTTGCTCGTAGTAAC,0,568354
araCp,0.5,1,1,TCTTAAACGCCGGCCCCATC,0,553679
araCp,0.5,1,1,TCTGTTGGGCTTAGAAAAAA,0,544671
araCp,0.5,1,1,TCTGTTCGCGGTCCGAGGGT,0,579813
araCp,0.5,1,1,TCTGTGGTGTGTGAAAGTTC,0,542536
araCp,0.5,1,1,TCTGTGCCAATTATGTCATT,0,546519
araCp,0.5,1,1,TCTGTATTAGCCGGGTCTAT,0,560584
araCp,0.5,1,1,TCTGGCGCCATCGCCTGGAT,0,533459
araCp,0.5,1,1,TCTGGATGCTGCGCCATCGT,0,569722
araCp,0.5,1,1,TCTGGATACAAAGTAATGAG,0,566741
araCp,0.5,1,1,TCTGCTGAATGGACATCAAT,0,603073
araCp,0.5,1,1,TCTGCTAACTCTCGTTGGTT,0,581251
araCp,0.5,1,1,TCTGCGCGGAGGTTGCTCAT,0,602734
araCp,0.5,1,1,TCTGCGAGGGGGTAGTCAGG,0,527731
araCp,0.5,1,1,TCTGCACACCACACCCCTCT,0,545422
araCp,0.5,1,1,TCTGATGAGTGCTACTTATA,0,589154
araCp,0.5,1,1,TCTGATAGAAAATCCCGGGT,0,564061
araCp,0.5,1,1,TCTGATACGGGTAGGGCATT,0,597102
araCp,0.5,1,1,TCTCTTGCGCAGAATTTTCA,0,567073
araCp,0.5,1,1,TCTCTTAATGTTTCCCTAGC,0,567490
araCp,0.5,1,1,TCTCTACTAGCAATTACCAC,0,531806
araCp,0.5,1,1,TCTCGCCGGAATCGGCCGTA,0,555594
araCp,0.5,1,1,TCTCATGTTTTAAGACTTCT,0,583302
araCp,0.5,1,1,TCTCATCGTCAGACCGGGGA,0,562432
araCp,0.5,1,1,TCTCACGTCAGAGTAAACCA,0,554253
araCp,0.5,1,1,TCTCAACTCCTAAGTACACC,0,551586
araCp,0.5,1,1,TCTATTGAAGACGGTACCCA,0,564546
araCp,0.5,1,1,TCTATTCCAGGCATAGGGGA,0,550417
araCp,0.5,1,1,TCTAGGTCGCTAATTGTCAG,0,595559
araCp,0.5,1,1,TCTAGCGGGGATCGTCCGAC,0,602078
araCp,0.5,1,1,TCTAGAGGTGCCGTTGAATC,0,528627
araCp,0.5,1,1,TCTACTTGGCAGGTTCTCTG,0,541268
araCp,0.5,1,1,TCTACTGGAATTGGGGGCCA,0,558140
araCp,0.5,1,1,TCTACGTCTCAACGAGTGGC,0,554883
araCp,0.5,1,1,TCTACCTTCGGTACGCGGGG,0,525921
araCp,0.5,1,1,TCTACCGGGAGCGTCTTCTT,0,575850
araCp,0.5,1,1,TCTACCAGAGACGGAGCGAC,0,561211
araCp,0.5,1,1,TCTACAAGAGGTCAATTTGC,0,598474
araCp,0.5,1,1,TCTAATAAGCGTAAATAATT,0,550367
araCp,0.5,1,1,TCTAAGTCTAAACTTTTTGA,0,593790
araCp,0.5,1,1,TCTAACCAACCTGAAAGCGC,0,558426
araCp,0.5,1,1,TCTAAAGTAAGTGGGCGGCC,0,526442
araCp,0.5,1,1,TCTAAAGGCCAGGCTGCAGG,0,561687
araCp,0.5,1,1,TCTAAACGCAGAACGAACCT,0,539775
araCp,0.5,1,1,TCTAAAAAGTCTCAGCCCCT,0,546158
araCp,0.5,1,1,TCGTTACTGATTGCATAGAA,0,533700
araCp,0.5,1,1,TCGTGGTCGATCGTATTGGG,0,563597
araCp,0.5,1,1,TCGTGCGATAGGTCGTTGCA,0,531936
araCp,0.5,1,1,TCGTGAGGGCCGACCGGTCT,0,566075
araCp,0.5,1,1,TCGTGACGCCCCCCGACACC,0,572950
araCp,0.5,1,1,TCGTCTAAGCGAATAGCGAT,0,578756
araCp,0.5,1,1,TCGTCGGCCGTGCAGATCGT,0,538821
araCp,0.5,1,1,TCGTCGGAGGTATTGAATGG,0,540304
araCp,0.5,1,1,TCGTCGCAGGCAGTCCCGTA,0,535659
araCp,0.5,1,1,TCGTCCCGAAATGTCTGTCA,0,538260
araCp,0.5,1,1,TCGTCCCAAATTTGTCTTGT,0,599223
araCp,0.5,1,1,TCGTCAGAGACGAATGCCCA,0,542860
araCp,0.5,1,1,TCGTATAAATTCCTCACCGC,0,584997
araCp,0.5,1,1,TCGGTGGAACGGACGTGGGT,0,561032
araCp,0.5,1,1,TCGGTCCTTGTCGTACAGTA,0,601487
araCp,0.5,1,1,TCGGTACACATTACCGTGCC,0,555678
araCp,0.5,1,1,TCGGTAAGTCTCGGAGGAGA,0,590222
araCp,0.5,1,1,TCGGGGCCATGACCCAACTC,0,594338
araCp,0.5,1,1,TCGGGGAGGGGCAGGCCACA,0,600715
araCp,0.5,1,1,TCGGGCTAAGATTTGGTCTT,0,570032
araCp,0.5,1,1,TCGGGCCAGATGATGTATGT,0,544123
araCp,0.5,1,1,TCGGGAGTGGGCGTACGTTG,0,590605
araCp,0.5,1,1,TCGGCTCACGTAGGTATAAT,0,539952
araCp,0.5,1,1,TCGGCGGTGGACGTAGTTAA,0,551288
araCp,0.5,1,1,TCGGCGGAAACGTCATGTCT,0,536231
araCp,0.5,1,1,TCGGCCTATCAAGAACGGCG,0,545541
araCp,0.5,1,1,TCGGATCCCGTTGGCGACTC,0,597432
araCp,0.5,1,1,TCGGAGTTCAGACCGTAGTT,0,560748
araCp,0.5,1,1,TCGGACATCAAAGGGACCGT,0,540440
araCp,0.5,1,1,TCGCTTGCAAGAGGTGTTCG,0,536411
araCp,0.5,1,1,TCGCTTATCAAGGAATGGTG,0,533574
araCp,0.5,1,1,TCGCTGTAAATCGTCGGTGT,0,555705
araCp,0.5,1,1,TCGCTGAAGGCCGCCCATCT,0,578633
araCp,0.5,1,1,TCGCTCCATACTACCCTCGT,0,559415
araCp,0.5,1,1,TCGCTAGGTGGTAACTCCTG,0,599869
araCp,0.5,1,1,TCGCTAGGAGCGGATAGCTT,0,537596
araCp,0.5,1,1,TCGCTAGAGTCGAAAGCTGA,0,541395
araCp,0.5,1,1,TCGCGTTCAATGGTGTCTAC,0,575840
araCp,0.5,1,1,TCGCGGTCACACGCCTCAGT,0,548037
araCp,0.5,1,1,TCGCGCTCTTTGATAAGGCC,0,557968
araCp,0.5,1,1,TCGCGCTAAACGCAAACCCC,0,542561
araCp,0.5,1,1,TCGCGATACTCAGATAGCTA,0,548696
araCp,0.5,1,1,TCGCCTGATAACGGTGTGAG,0,561088
araCp,0.5,1,1,TCGCCCGTCGCTTAGGCGAT,0,576490
araCp,0.5,1,1,TCGCCAAACCTAGTTTCAGC,0,545184
araCp,0.5,1,1,TCGCATCTAGCATTTTTAAT,0,601159
araCp,0.5,1,1,TCGCAGCTCTACCTGCGGCT,0,599158
araCp,0.5,1,1,TCGATGCTTATGGCAAGCGC,0,557291
araCp,0.5,1,1,TCGATGAATTCGTATAGGAT,0,581709
araCp,0.5,1,1,TCGATCATAGGCCAGTGTCA,0,570638
araCp,0.5,1,1,TCGACTCGAGGGAGAACGAT,0,590442
araCp,0.5,1,1,TCGACGGGGTGTCCGGACAT,0,594398
araCp,0.5,1,1,TCGACCACTACTTGCCTCGT,0,571352
araCp,0.5,1,1,TCGACACCGCGAAATTGGAC,0,538150
araCp,0.5,1,1,TCGAATCTGGGCTCCCGCAA,0,562005
araCp,0.5,1,1,TCGAATCCGCCAGATTTGCA,0,556218
araCp,0.5,1,1,TCGAAGGCCACGCAGACGTC,0,565411
araCp,0.5,1,1,TCGAACTAGGAAGGCGATAT,0,558578
araCp,0.5,1,1,TCGAAAGTCTTAGTTGTGAG,0,540920
araCp,0.5,1,1,TCCTTTACGTGTAACCGGCT,0,567744
araCp,0.5,1,1,TCCTTGGGTTGAACAGAGAT,0,587731
araCp,0.5,1,1,TCCTTGGCAACGCTAAATGC,0,540139
araCp,0.5,1,1,TCCTTATCGTTCTGAGATAC,0,553200
araCp,0.5,1,1,TCCTTAGTGGCTATCAACCT,0,564732
araCp,0.5,1,1,TCCTTAACCTGTCATAACTT,0,575741
araCp,0.5,1,1,TCCTGGTAATCCCTCCTTGA,0,599395
araCp,0.5,1,1,TCCTGGTAAGCGCCTTTCGA,0,569764
araCp,0.5,1,1,TCCTGATGAGAGATTTAGTC,0,555162
araCp,0.5,1,1,TCCTCCTGGGATCAGGGAAG,0,580864
araCp,0.5,1,1,TCCTACGTCCATCTGTTAAG,0,571508
araCp,0.5,1,1,TCCTACGCAAGGACAGGGCC,0,594886
araCp,0.5,1,1,TCCTACGATATCGGGTTCCT,0,577466
araCp,0.5,1,1,TCCTAAAACTATAGCGAGCC,0,569894
araCp,0.5,1,1,TCCGTAGTCTACAATCTTTA,0,584925
araCp,0.5,1,1,TCCGGTTTAAAAGCACTTAT,0,546128
araCp,0.5,1,1,TCCGGGAGCGAATACGATCA,0,542466
araCp,0.5,1,1,TCCGGCCGCATGTCAATAAA,0,538307
araCp,0.5,1,1,TCCGGCACGTCGTTGGTGCC,0,600665
araCp,0.5,1,1,TCCGCTTCAGCGCCGGGCTT,0,529273
araCp,0.5,1,1,TCCGCCCCAAATAAAGGGGG,0,542950
araCp,0.5,1,1,TCCGCATAAACGGATTTGGT,0,593489
araCp,0.5,1,1,TCCGAGACTATTGGTGCCGG,0,557702
araCp,0.5,1,1,TCCCTAGTGTGATAAATTGT,0,574699
araCp,0.5,1,1,TCCCGTGTAAACTTTATTAT,0,554348
araCp,0.5,1,1,TCCCGTATCTTCGTACCACA,0,602378
araCp,0.5,1,1,TCCCGGCTGAGGCTTTAGTG,0,561448
araCp,0.5,1,1,TCCCGAAGGGCTGAGGCCAT,0,589268
araCp,0.5,1,1,TCCCAGGGACCAGATGAGGT,0,556008
araCp,0.5,1,1,TCCCAGCCGCTAGACTAACT,0,580215
araCp,0.5,1,1,TCCCAAGTACTTCGATTGTG,0,560302
araCp,0.5,1,1,TCCCAAATTCCTGCCAACAT,0,551066
araCp,0.5,1,1,TCCCAAAGCCTGAGCAATAC,0,560800
araCp,0.5,1,1,TCCATTTTTGGCCCGAGGGA,0,574700
araCp,0.5,1,1,TCCATTAGTTATGCCATTAG,0,539750
araCp,0.5,1,1,TCCATCGGGTCGCAGCGTAA,0,545462
araCp,0.5,1,1,TCCATCCGGGTATCGCTGAA,0,591110
araCp,0.5,1,1,TCCAGGGTGGCTTGCGGCAA,0,559048
araCp,0.5,1,1,TCCACTGGGGCAAATGGGTT,0,564570
araCp,0.5,1,1,TCCACTCGTATGTGCATCGG,0,537038
araCp,0.5,1,1,TCCACGTGTGGTCTAGTGGT,0,567401
araCp,0.5,1,1,TCCACGGGCGTGCCTGGGGC,0,582051
araCp,0.5,1,1,TCCACGGGATTGTATAAATT,0,562302
araCp,0.5,1,1,TCCAAGGTAGCCCGATCAGA,0,568881
araCp,0.5,1,1,TCCAACGACGGCAGATTGAG,0,551090
araCp,0.5,1,1,TCATTGACTTAGTGATAGGT,0,542574
araCp,0.5,1,1,TCATTAGGGCGAACAAAGTC,0,544460
araCp,0.5,1,1,TCATCTGCTCAAAGCGTAGA,0,583127
araCp,0.5,1,1,TCATCGCGCCATATCTATGC,0,588266
araCp,0.5,1,1,TCATCCGCTGGGTGCGCGTA,0,546501
araCp,0.5,1,1,TCATCAAAATTGAAGTCTTG,0,589381
araCp,0.5,1,1,TCATATGTCCAAACTCGGGA,0,600788
araCp,0.5,1,1,TCATATGGCATGACCGGGGG,0,584227
araCp,0.5,1,1,TCATATGAGACGCTGAGATT,0,552734
araCp,0.5,1,1,TCATACTGAAGAACTTCTCA,0,590877
araCp,0.5,1,1,TCAGTTTAACCGATTGGCTA,0,572056
araCp,0.5,1,1,TCAGTGTACAAGTGTAAGGA,0,562960
araCp,0.5,1,1,TCAGTGGGATTTGCTCGTAG,0,571094
araCp,0.5,1,1,TCAGGGTGTGCAGCTCAAAA,0,534381
araCp,0.5,1,1,TCAGGGTGTCTGTGTGTACA,0,579740
araCp,0.5,1,1,TCAGGGGCCGGTTGACGGCG,0,565454
araCp,0.5,1,1,TCAGGATCTTTGGGACCCAA,0,536576
araCp,0.5,1,1,TCAGAGTGCAGTCACTAACG,0,545470
araCp,0.5,1,1,TCAGAGATAAGAACTAAGAG,0,548573
araCp,0.5,1,1,TCACTGTCTTCGCACGTGGC,0,534678
araCp,0.5,1,1,TCACTAAAAAGACTCCTTCC,0,587354
araCp,0.5,1,1,TCACGTCAGCGGAAACTGCA,0,562893
araCp,0.5,1,1,TCACGGTGCCGGGTGCAGTC,0,600351
araCp,0.5,1,1,TCACGGAACTGAAGGCCATA,0,587208
araCp,0.5,1,1,TCACGCGGAAGTGTTACGTG,0,544554
araCp,0.5,1,1,TCACGCGAATTACCTCGTCG,0,532200
araCp,0.5,1,1,TCACGAGCCGTGCTTACCCC,0,556490
araCp,0.5,1,1,TCACCCCGGGAAATTGTTAG,0,596726
araCp,0.5,1,1,TCACCACACACTTAATCAAC,0,591071
araCp,0.5,1,1,TCACATCATCCCCGGCAGGC,0,569974
araCp,0.5,1,1,TCACAAGCAGTAATATGTTA,0,544570
araCp,0.5,1,1,TCAATGGGCTCAGCGACTGG,0,560707
araCp,0.5,1,1,TCAATCTCGGCAAAGCCCTC,0,579550
araCp,0.5,1,1,TCAATCAAGAGGGTAACTAG,0,574081
araCp,0.5,1,1,TCAATACTCTAGCCCATAAT,0,561118
araCp,0.5,1,1,TCAAGTTGTACGATATTGGT,0,555453
araCp,0.5,1,1,TCAAGTCACTTGGGCGGGGG,0,601950
araCp,0.5,1,1,TCAAGAAAACATTTCCGCCG,0,565331
araCp,0.5,1,1,TCAAATCGATGAACCATAGA,0,533785
araCp,0.5,1,1,TCAAAGTGCGTGGTTCTACA,0,539191
araCp,0.5,1,1,TCAAAATTGAGGTGGGGTCT,0,539818
araCp,0.5,1,1,TCAAAATGGGCAATAGATGA,0,566326
araCp,0.5,1,1,TCAAAAGCGATTGCATGGCT,0,578948
araCp,0.5,1,1,TATTTTTACAGTCTCACGAT,0,554836
araCp,0.5,1,1,TATTTTGCACATGCCATATA,0,593587
araCp,0.5,1,1,TATTTCACAATAGCATTTAG,0,530009
araCp,0.5,1,1,TATTGTTAAAAAAGCAAATC,0,526265
araCp,0.5,1,1,TATTGGGAGAAGAGCGTCGT,0,571111
araCp,0.5,1,1,TATTGCGGTATGCGTTGGGC,0,528427
araCp,0.5,1,1,TATTGAGAGTTGATAATTCC,0,599676
araCp,0.5,1,1,TATTCTGCAGTGCACACGTG,0,600364
araCp,0.5,1,1,TATTATTATAATCTCATCTC,0,575603
araCp,0.5,1,1,TATTATCGACAAATGTTACA,0,576288
araCp,0.5,1,1,TATGTTCGTCCTGGGGATGT,0,572832
araCp,0.5,1,1,TATGGGTACCTACGATATTT,0,571298
araCp,0.5,1,1,TATGGGGCTCGCACTCCCGG,0,535718
araCp,0.5,1,1,TATGGATGCGCCAATCCGGC,0,528420
araCp,0.5,1,1,TATGGACTTACGCGTGAAGT,0,556191
araCp,0.5,1,1,TATGCTGACCGTGGAACTGG,0,555206
araCp,0.5,1,1,TATGCCGAATAGAGGTAGAT,0,578234
araCp,0.5,1,1,TATGCCCTTGATAATCCATA,0,531913
araCp,0.5,1,1,TATGCATAGGAGGAGCCGTG,0,558055
araCp,0.5,1,1,TATCGTGACGGAAATAACAG,0,587944
araCp,0.5,1,1,TATCGCCATTGGTGGATAGC,0,584405
araCp,0.5,1,1,TATCGCACCCGCCCCTGGGA,0,539108
araCp,0.5,1,1,TATCGACCCTCGATTTTCAG,0,588534
araCp,0.5,1,1,TATCCGCACTAGCTTTCTCA,0,572282
araCp,0.5,1,1,TATCCGACCCATGCCGCGTG,0,538652
araCp,0.5,1,1,TATCCCTATCATGAACGGTG,0,536911
araCp,0.5,1,1,TATCCCGCGCGCGGCTAGCG,0,562342
araCp,0.5,1,1,TATCAGGTCCCGGTAGGACC,0,537118
araCp,0.5,1,1,TATCAGAGTAATGTAATCCT,0,566975
araCp,0.5,1,1,TATCACTGTACTGAGTTGAA,0,565900
araCp,0.5,1,1,TATCAAGGGTTAAATGTGTT,0,531555
araCp,0.5,1,1,TATCAACGCATGACCGCGAA,0,544656
araCp,0.5,1,1,TATATGGATCCAGGAGCGGT,0,570533
araCp,0.5,1,1,TATATCCGGCCCGCCAAGAC,0,569231
araCp,0.5,1,1,TATAGGCTCCTATGAGGGTG,0,542604
araCp,0.5,1,1,TATAGCCTTGCGCGTACCGC,0,577031
araCp,0.5,1,1,TATAGACGCGAAGGAAACAA,0,552276
araCp,0.5,1,1,TATACGGTGTGCTTTTGTGG,0,551666
araCp,0.5,1,1,TATAATGGTGAGCCAAATCG,0,599600
araCp,0.5,1,1,TATAAGACTCTCGGGGTGGC,0,554854
araCp,0.5,1,1,TATAACTGATAGCGGAACTA,0,601587
araCp,0.5,1,1,TATAAAGATTCCTGTGAAAA,0,600258
araCp,0.5,1,1,TATAAACATGGGCATAAGAC,0,576622
araCp,0.5,1,1,TAGTCCGAAGTAGCCAGAAG,0,601573
araCp,0.5,1,1,TAGTCCCGTCAGCGCCCCTC,0,578102
araCp,0.5,1,1,TAGTATAATGTTGTAGCATC,0,579840
araCp,0.5,1,1,TAGGTTGAATCAGTACATTA,0,597412
araCp,0.5,1,1,TAGGGGCGTCCCCATGCGAT,0,601174
araCp,0.5,1,1,TAGGGGCAATAGCACAAACT,0,570019
araCp,0.5,1,1,TAGGGGAGCGCGTTTGTTAC,0,531766
araCp,0.5,1,1,TAGGGCAGAATAAGGAAATC,0,600055
araCp,0.5,1,1,TAGGGACTCGATTGGCATGC,0,542765
araCp,0.5,1,1,TAGGGAAAGGTTCGCACGAT,0,602094
araCp,0.5,1,1,TAGGCTGGGAGTTAATCAGT,0,545536
araCp,0.5,1,1,TAGGATAACTCAGCGCCTCT,0,545350
araCp,0.5,1,1,TAGGAGATGTGGGAGACGCT,0,535248
araCp,0.5,1,1,TAGGACGGAGGTCGATAGAA,0,590055
araCp,0.5,1,1,TAGCTTGGTCACGCAAATTT,0,594445
araCp,0.5,1,1,TAGCTTCTGTATTATGGACC,0,556793
araCp,0.5,1,1,TAGCTGGAAACGACGGCAGG,0,551533
araCp,0.5,1,1,TAGCTGATCGTAGTATCAAT,0,533892
araCp,0.5,1,1,TAGCTGAAAGGTTCTTAAAG,0,554847
araCp,0.5,1,1,TAGCTCTTATTAGTACCACA,0,559326
araCp,0.5,1,1,TAGCTCTCTGGCACGTGGGT,0,563774
araCp,0.5,1,1,TAGCTCACTCTTGCAATATA,0,564339
araCp,0.5,1,1,TAGCGGCGTCACGCACCTGT,0,550892
araCp,0.5,1,1,TAGCGCGCGCTATCCAGTCT,0,542265
araCp,0.5,1,1,TAGCCTACAATTGGGGATTT,0,589325
araCp,0.5,1,1,TAGCCGCAAAAGGGGCAGCA,0,549497
araCp,0.5,1,1,TAGCCCATGCCAGATGTGGA,0,551406
araCp,0.5,1,1,TAGCCCAATGGTTGTCGTTT,0,579919
araCp,0.5,1,1,TAGCATAGCCAAAAAGACCG,0,546851
araCp,0.5,1,1,TAGCATAAATACCTGACGTT,0,597167
araCp,0.5,1,1,TAGCACTAAATCGTACTATA,0,571486
araCp,0.5,1,1,TAGCACGTTAGGTTCTCGAC,0,550325
araCp,0.5,1,1,TAGCAAATTTAGTTCCACTA,0,587184
araCp,0.5,1,1,TAGATGGCCGGACCATTCTT,0,602737
araCp,0.5,1,1,TAGATGGCAGCGGACAAAAG,0,534752
araCp,0.5,1,1,TAGATCCTGCTAGAATCTTA,0,595459
araCp,0.5,1,1,TAGATCAGAGGTTCGCAAAG,0,531389
araCp,0.5,1,1,TAGATAAGACCGCTGACTTA,0,551150
araCp,0.5,1,1,TAGAGGTACCGCGGGCTAGG,0,531332
araCp,0.5,1,1,TAGAGGGGGAGACGATCACC,0,597689
araCp,0.5,1,1,TAGAGAAGGCGAGAGGCTGG,0,580501
araCp,0.5,1,1,TAGACAGTGAAAGTTATAAC,0,564849
araCp,0.5,1,1,TAGAAGTAGGTGCGCCAGAA,0,591289
araCp,0.5,1,1,TAGAAGGTATAGGTTGGTAC,0,573463
araCp,0.5,1,1,TACTTTCTGTTTCTGGGGTC,0,545146
araCp,0.5,1,1,TACTTGTTAGGAGTAAAAAT,0,560582
araCp,0.5,1,1,TACTTATGTTGAATCGGACT,0,592381
araCp,0.5,1,1,TACTCCTCACAAGACGTTCC,0,564635
araCp,0.5,1,1,TACTCCGCCATAGCAGCTTC,0,583634
araCp,0.5,1,1,TACTCCGAATCCGGGGCTCT,0,561471
araCp,0.5,1,1,TACTAGGTCCTCGATCGTAT,0,588595
araCp,0.5,1,1,TACTAGCAAAAGGTGGTGCA,0,533102
araCp,0.5,1,1,TACGTCCCAGCTCGTTTCAG,0,598384
araCp,0.5,1,1,TACGTACTGGCTAATTTAGG,0,570079
araCp,0.5,1,1,TACGGTCGCTCTGACTGTGA,0,565113
araCp,0.5,1,1,TACGGTATGCCGGGAGTCAA,0,557079
araCp,0.5,1,1,TACGGTATCTAGAGTTGGGG,0,579967
araCp,0.5,1,1,TACGGGGTCCTAAACATCAT,0,560059
araCp,0.5,1,1,TACGGGGAGTAGGACTAAGT,0,542010
araCp,0.5,1,1,TACGGACTGACCTTCTTGTA,0,600557
araCp,0.5,1,1,TACGCGGGTTTCGACTATCT,0,584359
araCp,0.5,1,1,TACGCGCGGTTTCATTCCGG,0,576509
araCp,0.5,1,1,TACGCCGTAAGTGACGCGAC,0,572290
araCp,0.5,1,1,TACGCATCCTAAGGAAAGCT,0,549217
araCp,0.5,1,1,TACGATGATCTCCCTGCCGA,0,578416
araCp,0.5,1,1,TACGAGGGTCCGTGACGATG,0,525691
araCp,0.5,1,1,TACGAGCACCCAATTGAGGG,0,585802
araCp,0.5,1,1,TACGAAACTTCACAGGGGTG,0,536238
araCp,0.5,1,1,TACCTTTTAAGCGGTATGGA,0,582895
araCp,0.5,1,1,TACCTTTCGGTGTACGAGGT,0,593164
araCp,0.5,1,1,TACCGTTTCCACAGAATACA,0,536697
araCp,0.5,1,1,TACCGTTAACCGTCCTCGTT,0,603102
araCp,0.5,1,1,TACCGTGGCCTGCATATTCC,0,583133
araCp,0.5,1,1,TACCGTGCACATTACCAAAT,0,570064
araCp,0.5,1,1,TACCGTAGGTAAAGTCTTGA,0,579448
araCp,0.5,1,1,TACCGGCGCCTTCGGGGACG,0,580986
araCp,0.5,1,1,TACCGCAATCACTCCTAAGA,0,587729
araCp,0.5,1,1,TACCCTGGTCGCAACTGCAT,0,561038
araCp,0.5,1,1,TACCATGGAGCAGTACTACA,0,557588
araCp,0.5,1,1,TACCAGGGTTAGAGCTGATA,0,576722
araCp,0.5,1,1,TACCAAATGCATTGTAGCAA,0,600755
araCp,0.5,1,1,TACATTTACCCTCGCGTGCA,0,532416
araCp,0.5,1,1,TACATGACCGTTAACTTCAG,0,593130
araCp,0.5,1,1,TACATAATCGGTTAAGCTAG,0,543642
araCp,0.5,1,1,TACAGCGTTCCGGGACCAAT,0,563100
araCp,0.5,1,1,TACACTTCCCTACTCAATGA,0,564741
araCp,0.5,1,1,TACACTAACATGAACGCTAG,0,549415
araCp,0.5,1,1,TACACGGACCTTTTAGTTAA,0,579320
araCp,0.5,1,1,TACACGCCGGATTGGGTGGG,0,537507
araCp,0.5,1,1,TACACGCCGATGGACGGATG,0,602060
araCp,0.5,1,1,TACAATTACGTAAAGACGGA,0,549965
araCp,0.5,1,1,TACAATAGGTATCAATAACG,0,559715
araCp,0.5,1,1,TAATTTAAATTACGTTAGGT,0,562242
araCp,0.5,1,1,TAATTGGCCCGCGAAGTAAT,0,582158
araCp,0.5,1,1,TAATTCGCATTTCGGTCTCA,0,551893
araCp,0.5,1,1,TAATTCACATGCTCGTTACT,0,554747
araCp,0.5,1,1,TAATTAGTGGCGGTAGTTCG,0,533482
araCp,0.5,1,1,TAATGGGGGTGCGCGGACTT,0,594034
araCp,0.5,1,1,TAATGGCGGGTCGCAGACGT,0,552969
araCp,0.5,1,1,TAATGACAAGTCCATCTGCT,0,550296
araCp,0.5,1,1,TAATGAACGATCCTTCCGTC,0,538021
araCp,0.5,1,1,TAATCTGCATAGCGAGTGAG,0,566929
araCp,0.5,1,1,TAATCCACCAGTCCGCTAAT,0,527521
araCp,0.5,1,1,TAATCATAAGCCCCGGCCTG,0,576472
araCp,0.5,1,1,TAATATACGCGGGTCTTAAA,0,575125
araCp,0.5,1,1,TAATAAAATCCGGTAGCGGT,0,562973
araCp,0.5,1,1,TAAGTTACTGATCTGTGATT,0,592327
araCp,0.5,1,1,TAAGTCAGGCAAAGGCAAGC,0,599863
araCp,0.5,1,1,TAAGTCAAAAGTGCTGAGTG,0,563338
araCp,0.5,1,1,TAAGCGCGGACCGGTGTTGG,0,547178
araCp,0.5,1,1,TAAGCGAGTGAGTCGTTCCG,0,549276
araCp,0.5,1,1,TAAGCCTAACCGGAGTCAAC,0,535731
araCp,0.5,1,1,TAAGCCGCCGCATAGGGAGT,0,546081
araCp,0.5,1,1,TAAGATTGGTCGAGTTGTTC,0,574876
araCp,0.5,1,1,TAAGATGCATAAATAGTTAG,0,549097
araCp,0.5,1,1,TAAGATGCACCCTGACAGCT,0,554405
araCp,0.5,1,1,TAAGATGAATAGGATGTAGT,0,526466
araCp,0.5,1,1,TAAGATATCTTGGGTAAGCT,0,559961
araCp,0.5,1,1,TAAGACAGTTCCAACGGGCT,0,590059
araCp,0.5,1,1,TAACTTTCGCCGAGGTTAGC,0,541058
araCp,0.5,1,1,TAACTTCCGGCGCAAATGTT,0,565444
araCp,0.5,1,1,TAACGCCCTCCGGTGTGAAG,0,554602
araCp,0.5,1,1,TAACGCAAAAACCGTCATGG,0,589714
araCp,0.5,1,1,TAACCTGTCCGGGTTGTTCT,0,543622
araCp,0.5,1,1,TAACCTGATTCTAACACCGG,0,576271
araCp,0.5,1,1,TAACCCCCCAAGTGGTCCAG,0,563203
araCp,0.5,1,1,TAACATTCTACGACGCTCTT,0,599004
araCp,0.5,1,1,TAACAACTAGCACGTCTAAG,0,601160
araCp,0.5,1,1,TAAATGAATCATCCAGGTGC,0,552989
araCp,0.5,1,1,TAAATCTTGAGGCAGAGTGA,0,542770
araCp,0.5,1,1,TAAATCTTCAGGGCTGTTTA,0,566815
araCp,0.5,1,1,TAAATAGGGTTGTACATAAT,0,548567
araCp,0.5,1,1,TAAAGTGTCTAACCCGTTAT,0,540085
araCp,0.5,1,1,TAAAGGATGTCACTCGGTTC,0,576638
araCp,0.5,1,1,TAAAGGAACATATATACTCT,0,593000
araCp,0.5,1,1,TAAAGATCGTAGGTGGGTCT,0,555315
araCp,0.5,1,1,TAAACTGTCCGACACGCGAC,0,584381
araCp,0.5,1,1,TAAACGTGCTTTACGTGTAA,0,526855
araCp,0.5,1,1,TAAACATGCGGGTTATTCCC,0,526197
araCp,0.5,1,1,TAAAACGGCACCGGTATGGC,0,554597
araCp,0.5,1,1,TAAAAATAAGCGGATGTGCC,0,570578
araCp,0.5,1,1,GTTTTAAAACTGTTTACTCA,0,595669
araCp,0.5,1,1,GTTTGTCAATCTCATTCCGG,0,564634
araCp,0.5,1,1,GTTTGTAGCCCGGCGGCATT,0,603284
araCp,0.5,1,1,GTTTGGCCCCGGTAGGCGAA,0,565889
araCp,0.5,1,1,GTTTGCGGCCCCTGTCTGGT,0,533274
araCp,0.5,1,1,GTTTGCACTGTTGTCGATGC,0,532338
araCp,0.5,1,1,GTTTCGAAAGTTTGGAGCTT,0,553794
araCp,0.5,1,1,GTTTCCGGCCAGCAATTACG,0,553572
araCp,0.5,1,1,GTTTCCGGATATTAGTTACT,0,547843
araCp,0.5,1,1,GTTTCCATGACAGCCCTAAT,0,582391
araCp,0.5,1,1,GTTTACCCGTCAGTGCTTAG,0,602494
araCp,0.5,1,1,GTTGTTGGTCTGAAGCCTCC,0,571189
araCp,0.5,1,1,GTTGTAGGAGAAAAGCCTTT,0,584463
araCp,0.5,1,1,GTTGTAAATGTTCCAGGAAC,0,552914
araCp,0.5,1,1,GTTGGGCCTTGTGAGACAGC,0,571487
araCp,0.5,1,1,GTTGGGCAGTATAATTGGGG,0,574955
araCp,0.5,1,1,GTTGGGAATCTGTTCATATC,0,588421
araCp,0.5,1,1,GTTGCTGGCGCGACGCATGT,0,587432
araCp,0.5,1,1,GTTGCGTGAACCCGTGACCC,0,575730
araCp,0.5,1,1,GTTGCGCACTCGGCTTGCTG,0,581583
araCp,0.5,1,1,GTTGATTTGCTCGCGCTACG,0,553993
araCp,0.5,1,1,GTTGATTACATGCATTGTCT,0,572956
araCp,0.5,1,1,GTTGATGCGAAAGACTGTCT,0,601761
araCp,0.5,1,1,GTTGATAAATGGATACAGCT,0,531721
araCp,0.5,1,1,GTTGAGTGTTGCCCAAAGAC,0,593718
araCp,0.5,1,1,GTTGAGGCTAACCATTGCGT,0,565368
araCp,0.5,1,1,GTTGACCACATAGGGACGTA,0,587660
araCp,0.5,1,1,GTTGAACATCGCCTTCCATA,0,539626
araCp,0.5,1,1,GTTCGTGTAGAAACACAGTC,0,595909
araCp,0.5,1,1,GTTCGGATTTGTACCCCGGC,0,587735
araCp,0.5,1,1,GTTCGAAGTCAACATAACGG,0,573403
araCp,0.5,1,1,GTTCCGTGTTATAGGCCTAG,0,562457
araCp,0.5,1,1,GTTCCGAAACTCCAACGAAG,0,591981
araCp,0.5,1,1,GTTCCATTTAAGACGGTCTG,0,583987
araCp,0.5,1,1,GTTCATTGGACTTTGATATC,0,539809
araCp,0.5,1,1,GTTCATCTACGTGTCCCTCC,0,537231
araCp,0.5,1,1,GTTCATAACGAGGGGCGAAA,0,540220
araCp,0.5,1,1,GTTCAGCTAGGAACGGTTCT,0,582457
araCp,0.5,1,1,GTTCAAAGTCGTAGTCAGAA,0,542366
araCp,0.5,1,1,GTTAGTTGGCAGAGGCGACT,0,583458
araCp,0.5,1,1,GTTAGTGTGCACTGTGATCT,0,553845
araCp,0.5,1,1,GTTAGATTAATAACCTTTCG,0,549613
araCp,0.5,1,1,GTTACTGACGCATGGGGAAA,0,601184
araCp,0.5,1,1,GTTACGGCAGCCACAGTCCA,0,558784
araCp,0.5,1,1,GTTACATATAAAATCCGGAA,0,587736
araCp,0.5,1,1,GTTACAATCGGCCCGGTGAT,0,590651
araCp,0.5,1,1,GTTAATTCGGCCGCAAGGGG,0,540663
araCp,0.5,1,1,GTTAATCTATCAGTCGGTGG,0,547179
araCp,0.5,1,1,GTTAAAGTTTGCACATTGGA,0,583894
araCp,0.5,1,1,GTTAAACTGTCCCTATTCCC,0,540886
araCp,0.5,1,1,GTGTTTTTAAAAGCGTCTAG,0,566402
araCp,0.5,1,1,GTGTTAGCGGTTTACGCCTA,0,596010
araCp,0.5,1,1,GTGTTACCTCTGCTAGCGTG,0,588865
araCp,0.5,1,1,GTGTGTAGCCACAGAGTTGG,0,558528
araCp,0.5,1,1,GTGTGGAGATTAGATCGCGG,0,545756
araCp,0.5,1,1,GTGTGCTGCTTCGTTATTTT,0,586797
araCp,0.5,1,1,GTGTGCAGCTCGTGACCTTA,0,583516
araCp,0.5,1,1,GTGTGAACGCTCCAAGTTCG,0,529379
araCp,0.5,1,1,GTGTCTTCAAAGGCCACCTG,0,584086
araCp,0.5,1,1,GTGTCTCGGAAATGGGCTGG,0,539567
araCp,0.5,1,1,GTGTCAATTACAACGATCAT,0,540127
araCp,0.5,1,1,GTGTATCGGCTTCTGTCGTA,0,580822
araCp,0.5,1,1,GTGTAGGTTTTGGCATTTGG,0,540175
araCp,0.5,1,1,GTGTAGGGTAGCTAAATGCT,0,595490
araCp,0.5,1,1,GTGTAGGCTCCGAAGTTCCA,0,549271
araCp,0.5,1,1,GTGTAAAAAATTGTTGCATG,0,587799
araCp,0.5,1,1,GTGGTTTGCACCTCCTCAAT,0,577792
araCp,0.5,1,1,GTGGTATGCCTCTTTGATGC,0,593230
araCp,0.5,1,1,GTGGGCTTCTATGTTAATGC,0,576343
araCp,0.5,1,1,GTGGGCATCAATCCTTCATG,0,561110
araCp,0.5,1,1,GTGGGCACAAGGGATCTGAA,0,536445
araCp,0.5,1,1,GTGGCGGGTGTCGATTTTCA,0,568155
araCp,0.5,1,1,GTGGCATTTCTGTGCATAGA,0,555924
araCp,0.5,1,1,GTGGACCCGTGACTTTCCAT,0,542401
araCp,0.5,1,1,GTGCTTTCGATAATATGCTT,0,585407
araCp,0.5,1,1,GTGCTAGTGTAACACGGTCT,0,564631
araCp,0.5,1,1,GTGCGGAATCCGATAGTGTT,0,551928
araCp,0.5,1,1,GTGCGCGGGTCGATTGCAAG,0,531700
araCp,0.5,1,1,GTGCGCGACGCCATTGCCAT,0,564958
araCp,0.5,1,1,GTGCGAGAAATTACTCAGCA,0,564879
araCp,0.5,1,1,GTGCGACGCGTCAATCAATA,0,559985
araCp,0.5,1,1,GTGCACTAGCCGCATTAGAC,0,556287
araCp,0.5,1,1,GTGCACATCAAACAATATAG,0,545529
araCp,0.5,1,1,GTGCAAGTTGATAGGATCGC,0,558990
araCp,0.5,1,1,GTGCAAAATGCAAATATCTT,0,535889
araCp,0.5,1,1,GTGATGGATCTGAGGGACCT,0,548667
araCp,0.5,1,1,GTGATAGCATGTGGAAATAG,0,548046
araCp,0.5,1,1,GTGAGTATTGTGGATTCGGT,0,598778
araCp,0.5,1,1,GTGAGGTGCAACCTCTGAAG,0,539920
araCp,0.5,1,1,GTGAGGGTTGACTACTATAT,0,597474
araCp,0.5,1,1,GTGAGCAACGAGTAATGTGC,0,599500
araCp,0.5,1,1,GTGAGAGTTTCTATGTAAGT,0,534802
araCp,0.5,1,1,GTGAGAGAGGCATACGAATT,0,588136
araCp,0.5,1,1,GTGAGAATGCTAGAGGAATG,0,568158
araCp,0.5,1,1,GTGACTAGGGTCTAGGCCGC,0,589839
araCp,0.5,1,1,GTGACCTTCAGGAACAGCCT,0,528553
araCp,0.5,1,1,GTGACAACAGAACATAGGTA,0,539977
araCp,0.5,1,1,GTGAATTTAGATTTACTCGC,0,527099
araCp,0.5,1,1,GTGAATTGAGCAAATCCAGT,0,549807
araCp,0.5,1,1,GTGAATCAACAGGAACCCTG,0,547351
araCp,0.5,1,1,GTGAAGGCGGGGCAAACAGT,0,579929
araCp,0.5,1,1,GTGAACTTGAGCCTCTTAAG,0,576780
araCp,0.5,1,1,GTGAACGATACTATTTATGT,0,585556
araCp,0.5,1,1,GTGAACATAGAGCGTAGCGA,0,543855
araCp,0.5,1,1,GTCTTACCGACAGCGGGCGA,0,559903
araCp,0.5,1,1,GTCTGTGTTTGGCCAACGAT,0,585091
araCp,0.5,1,1,GTCTGGCGGCACGTGCTAAT,0,599583
araCp,0.5,1,1,GTCTGGCCATTAGAACATAC,0,570659
araCp,0.5,1,1,GTCTGCCGGGAGGTGGTTAT,0,567955
araCp,0.5,1,1,GTCTCTCTGCGGGCACGTCA,0,535365
araCp,0.5,1,1,GTCTCATACACTGGGGTGCA,0,590783
araCp,0.5,1,1,GTCTCACAGAAATAGGGCTA,0,597231
araCp,0.5,1,1,GTCTATTAACCGTAGAATCG,0,540329
araCp,0.5,1,1,GTCTATCTGTACACGTTTGC,0,546252
araCp,0.5,1,1,GTCGTGCTCGACCGAAATCC,0,599587
araCp,0.5,1,1,GTCGGTCGCCGGGTCGAACA,0,584534
araCp,0.5,1,1,GTCGGTATTTGGGTGCAGCT,0,564158
araCp,0.5,1,1,GTCGGGGCGGGAGCTGGGTG,0,577535
araCp,0.5,1,1,GTCGGCCGCGGTAGATGCTC,0,531046
araCp,0.5,1,1,GTCGGCAATCAGGGCTCAAA,0,554096
araCp,0.5,1,1,GTCGGATTGACATCATCAAT,0,534811
araCp,0.5,1,1,GTCGGATTCGGGTTTGGTTT,0,602883
araCp,0.5,1,1,GTCGCTTTATCTTTGGTCCA,0,566262
araCp,0.5,1,1,GTCGCGACATGCGTCCTCTT,0,574653
araCp,0.5,1,1,GTCGCCCCCGACCTCAGAGA,0,545415
araCp,0.5,1,1,GTCGATCCACCGCCGGCCCT,0,586048
araCp,0.5,1,1,GTCCTTATTCAGGATGCCTT,0,575775
araCp,0.5,1,1,GTCCTGAGCGCATATTTAAG,0,535326
araCp,0.5,1,1,GTCCGTGGAGTAATTAGCGA,0,533470
araCp,0.5,1,1,GTCCGCACTTGTGAGAACAG,0,590362
araCp,0.5,1,1,GTCCGCACGGTCTGGTTTTA,0,557978
araCp,0.5,1,1,GTCCGAGCACCAAAGGCGGA,0,597531
araCp,0.5,1,1,GTCCCGGAGGCCTCCCTAAC,0,599351
araCp,0.5,1,1,GTCCCGCTGTTAGCCCGCGG,0,527534
araCp,0.5,1,1,GTCCCCTTCACAAAGACATG,0,546303
araCp,0.5,1,1,GTCCATTCATAAGTAGCTGG,0,543836
araCp,0.5,1,1,GTCCAGACTTGTGGTGTTGA,0,541848
araCp,0.5,1,1,GTCCAGACAGCCATCTCAAG,0,562325
araCp,0.5,1,1,GTCCACCGACACACCGGGCA,0,542906
araCp,0.5,1,1,GTCATCCTCCCCCCGGCGTT,0,599576
araCp,0.5,1,1,GTCATAAAAATAGTTATTGA,0,573147
araCp,0.5,1,1,GTCAGATTTACGACAGCGGA,0,570948
araCp,0.5,1,1,GTCACGGGGGCGTCGGAGGT,0,571986
araCp,0.5,1,1,GTCACGGGACCGTCCATCAA,0,533913
araCp,0.5,1,1,GTCAACTGGGCAAAGAGTTA,0,525817
araCp,0.5,1,1,GTCAACCGACGCTAACGTAC,0,552243
araCp,0.5,1,1,GTCAACCAAGAGTGGATATC,0,544017
araCp,0.5,1,1,GTATTTGCCATACACAATCT,0,598421
araCp,0.5,1,1,GTATTCGCAGGGGCTTTGAT,0,541489
araCp,0.5,1,1,GTATTACTGCTTGGTTGTCA,0,536684
araCp,0.5,1,1,GTATGTCCAAGGCTAATGGT,0,558904
araCp,0.5,1,1,GTATGTCAGCTACTCTCCAC,0,568362
araCp,0.5,1,1,GTATCGACCTGGCTTGGGAC,0,532614
araCp,0.5,1,1,GTATCCCTTATGGTTGGCAG,0,557111
araCp,0.5,1,1,GTATAGTGAAGCGGATAGTT,0,581714
araCp,0.5,1,1,GTATAGTATGGGTACGTACC,0,542622
araCp,0.5,1,1,GTATAGTAGAAGCCTAACAG,0,590452
araCp,0.5,1,1,GTATAGACGCCTACCACGGG,0,532232
araCp,0.5,1,1,GTATAACTCCTAATTTTTCC,0,586083
araCp,0.5,1,1,GTAGTGCACCCAATCTGAAA,0,556013
araCp,0.5,1,1,GTAGTAGTCTAACCGTCAGG,0,569339
araCp,0.5,1,1,GTAGTACTAACGCATTGGGC,0,585899
araCp,0.5,1,1,GTAGTACCGACGAGAGTCCA,0,565826
araCp,0.5,1,1,GTAGGAGTTGACCGGACAAT,0,570614
araCp,0.5,1,1,GTAGCTATTGGCCATAGTAA,0,556839
araCp,0.5,1,1,GTAGCTATTCCACAGACGGA,0,564206
araCp,0.5,1,1,GTAGATATACCTTGGCCCAC,0,580928
araCp,0.5,1,1,GTAGACCAGTTACGCCATGA,0,577869
araCp,0.5,1,1,GTAGAACTATGAAAGTGACA,0,568144
araCp,0.5,1,1,GTACTTTTGGGGCGTGCTGC,0,542913
araCp,0.5,1,1,GTACTTATCCAGCACGGGGT,0,587691
araCp,0.5,1,1,GTACTGATTCTCATAATACC,0,598082
araCp,0.5,1,1,GTACTCAGAAGCACAGAGCG,0,599112
araCp,0.5,1,1,GTACGGTGCTGGATTAGAAT,0,530289
araCp,0.5,1,1,GTACGGATATATATGGCTAC,0,532021
araCp,0.5,1,1,GTACGCCGTTTCGGAGGCTC,0,535666
araCp,0.5,1,1,GTACCTATGCCAGACGTTTT,0,578829
araCp,0.5,1,1,GTACCGGAGAGTCTGGCTCG,0,603311
araCp,0.5,1,1,GTACCGACCAGTAGCTGAGT,0,563364
araCp,0.5,1,1,GTACCCTCCAAAATCATCCA,0,546995
araCp,0.5,1,1,GTACATGTAGATGTCATCAC,0,542585
araCp,0.5,1,1,GTACACGGCTCCAGTCCGAA,0,540973
araCp,0.5,1,1,GTACACATTGCCCATTGCTC,0,555977
araCp,0.5,1,1,GTACACATGGACGCTCCTTA,0,553505
araCp,0.5,1,1,GTACACACGAGGGTTTAACG,0,561700
araCp,0.5,1,1,GTAATTATATGATCTAGCTC,0,585711
araCp,0.5,1,1,GTAATGTGTTGGAAAACGTG,0,535724
araCp,0.5,1,1,GTAATCGATAATGTTGTGGT,0,593397
araCp,0.5,1,1,GTAAGTAGGATAAGTATTGG,0,578690
araCp,0.5,1,1,GTAAGGAGGCTGATTACTAT,0,598109
araCp,0.5,1,1,GTAAGCCGGGCGCCGGAATC,0,588590
araCp,0.5,1,1,GTAAGAACTTTCGGGTTCTG,0,561350
araCp,0.5,1,1,GTAACAGAGCGGTATAGAGT,0,526446
araCp,0.5,1,1,GTAAATGCGAGCGTAATTAT,0,576869
araCp,0.5,1,1,GTAAACTTGCCTCGCTCTAG,0,564415
araCp,0.5,1,1,GGTTTTTGATTTACTAAAAA,0,526076
araCp,0.5,1,1,GGTTTTTCGCGCGATGTAAA,0,587787
araCp,0.5,1,1,GGTTTTCTCTAAGCGTAACG,0,568665
araCp,0.5,1,1,GGTTTAGAGGCTGCAATCTA,0,583884
araCp,0.5,1,1,GGTTGGTCGTTCGTAATCCG,0,592645
araCp,0.5,1,1,GGTTGCATGGTTCGCAGCAG,0,576941
araCp,0.5,1,1,GGTTGAGGTAAGAGCGTCAA,0,593461
araCp,0.5,1,1,GGTTGAGCACTCTACCCCCC,0,545994
araCp,0.5,1,1,GGTTCGTTCCTCTCAAAGCC,0,574456
araCp,0.5,1,1,GGTTCGCGGAGACATCATCC,0,590725
araCp,0.5,1,1,GGTTCCTTAAAAAGCCGCGC,0,543914
araCp,0.5,1,1,GGTTCCCCCTGATCACCCCT,0,593233
araCp,0.5,1,1,GGTGTGCTCTTATCGGCTAC,0,539599
araCp,0.5,1,1,GGTGTACGAAGTGGCATTGG,0,591401
araCp,0.5,1,1,GGTGTACACACACCCTATCC,0,601227
araCp,0.5,1,1,GGTGTACAAAAGAGATATTG,0,596238
araCp,0.5,1,1,GGTGGGGAGACCATGCAGTC,0,565095
araCp,0.5,1,1,GGTGGCGTGCGTCCACGATG,0,581120
araCp,0.5,1,1,GGTGGAGCTACGAGGTGCGG,0,558554
araCp,0.5,1,1,GGTGCTGGTGTTCGAAATAT,0,569606
araCp,0.5,1,1,GGTGCGTAGGAAGGGCACAT,0,542680
araCp,0.5,1,1,GGTGCGGCATTTCTTTGCGA,0,525709
araCp,0.5,1,1,GGTGCAAGGAAGTCTTGGCA,0,573374
araCp,0.5,1,1,GGTGATTTTTGTTGGAAAAG,0,568920
araCp,0.5,1,1,GGTGAGTACTAGAGAGTGCA,0,544677
araCp,0.5,1,1,GGTGACGTTACCTCCCGCGC,0,551014
araCp,0.5,1,1,GGTGACGCAGACTCCAGTAT,0,542690
araCp,0.5,1,1,GGTGACCGGGACCTATAACC,0,537695
araCp,0.5,1,1,GGTGACCCAAAATCCGGGCG,0,550742
araCp,0.5,1,1,GGTCTTCTGCGAATCTATTC,0,535120
araCp,0.5,1,1,GGTCGTACTACAAGTTCCAT,0,540901
araCp,0.5,1,1,GGTCGGATATCAATGCGGCC,0,562510
araCp,0.5,1,1,GGTCGATAGCGCACATGCGG,0,559828
araCp,0.5,1,1,GGTCCGAGTGTCTAACTTAG,0,552906
araCp,0.5,1,1,GGTCAGCGCGACACCAGTCA,0,587213
araCp,0.5,1,1,GGTCAAATTTTAGTGATCGT,0,566756
araCp,0.5,1,1,GGTATGTGCCCTGAGAAGGG,0,574133
araCp,0.5,1,1,GGTATCACGGTTCAATCGGA,0,581272
araCp,0.5,1,1,GGTAGGCCGAGTCTAAAACT,0,529265
araCp,0.5,1,1,GGTACTTCGATACTCGGCGC,0,600568
araCp,0.5,1,1,GGTACTCTAATGGGACCCGT,0,564467
araCp,0.5,1,1,GGTACGTCTCCTAAGCTACA,0,528717
araCp,0.5,1,1,GGTACGAGGCACGCGAGCCA,0,599358
araCp,0.5,1,1,GGTACGACACTTTGCGGTAT,0,547569
araCp,0.5,1,1,GGTACCGTAGTGGCGATCCT,0,573382
araCp,0.5,1,1,GGTACCCTTTTAATGCAGTT,0,532738
araCp,0.5,1,1,GGTACAGAGCGCCATTCACA,0,538144
araCp,0.5,1,1,GGTACACCCTTCACGATATC,0,546715
araCp,0.5,1,1,GGTAATGTCCGGATTACAAT,0,555772
araCp,0.5,1,1,GGTAAGAATACGTTAATTAT,0,528472
araCp,0.5,1,1,GGGTTTTTGACAATCACAAG,0,551761
araCp,0.5,1,1,GGGTTTCCAAAGGCCTGTGT,0,577230
araCp,0.5,1,1,GGGTTATATAGACCCTAATG,0,559344
araCp,0.5,1,1,GGGTGTTTCCGGCTCGCCTC,0,583222
araCp,0.5,1,1,GGGTGGGTACTGCTTTTGCA,0,559998
araCp,0.5,1,1,GGGTGCTAGCGCACTAACCT,0,533469
araCp,0.5,1,1,GGGTGAGCAGTTCGAGGAAT,0,548228
araCp,0.5,1,1,GGGTGAGACCATTTGTGTGG,0,575630
araCp,0.5,1,1,GGGTCTTTCCGACAGCGTCC,0,548310
araCp,0.5,1,1,GGGTCTTCACATGTAATCGG,0,560801
araCp,0.5,1,1,GGGTCCTGATAGGTCTGACA,0,536912
araCp,0.5,1,1,GGGTCCACGAGGCATCGCTG,0,533883
araCp,0.5,1,1,GGGTCAGAAGGTTCGAACGC,0,592524
araCp,0.5,1,1,GGGTCACGCGATGAGATGAT,0,571636
araCp,0.5,1,1,GGGTATACGGGATTGGGGTC,0,527046
araCp,0.5,1,1,GGGTAGAACACGAGGCATCT,0,568580
araCp,0.5,1,1,GGGTACGCATGCGAGGCGCA,0,537577
araCp,0.5,1,1,GGGTACAAGCAGTCTCACTC,0,603708
araCp,0.5,1,1,GGGTAATGGCGCGCAGGAGA,0,587388
araCp,0.5,1,1,GGGTAATGGATGCGAGATCC,0,559020
araCp,0.5,1,1,GGGTAATCCACTTGCTCTCT,0,559888
araCp,0.5,1,1,GGGGTTGTCAGATTTAGATT,0,594803
araCp,0.5,1,1,GGGGTAGAGGTGGTGAGGGA,0,580052
araCp,0.5,1,1,GGGGTAAGCTCGGACATCAA,0,602674
araCp,0.5,1,1,GGGGGGTCTATGCCGTAACT,0,539151
araCp,0.5,1,1,GGGGGGCCTGGGAAGGTTTT,0,526877
araCp,0.5,1,1,GGGGGCGAGGGGATGTTAGT,0,546980
araCp,0.5,1,1,GGGGGCAACATTACAACGGT,0,597825
araCp,0.5,1,1,GGGGCTTCTCGCTGTAGGGG,0,575475
araCp,0.5,1,1,GGGGCTTATCAATCGGTTAG,0,534169
araCp,0.5,1,1,GGGGCGGGACCTGAAAAACT,0,570737
araCp,0.5,1,1,GGGGCGCTATATCATACTGT,0,560174
araCp,0.5,1,1,GGGGCCACACACACTTTAAA,0,557057
araCp,0.5,1,1,GGGGATTACATTTGAGCGCG,0,585998
araCp,0.5,1,1,GGGGATCGGATCCGGAGGAT,0,548227
araCp,0.5,1,1,GGGGATCCTAATTAGTTGGT,0,600868
araCp,0.5,1,1,GGGGAGTTGTAGCTTACGGC,0,545762
araCp,0.5,1,1,GGGGAGGACCCCCAGTCAAA,0,563093
araCp,0.5,1,1,GGGGACAACGCGCAACCGGG,0,587896
araCp,0.5,1,1,GGGCTGGAAGATCTAATCGT,0,582795
araCp,0.5,1,1,GGGCTGCATTGTGACTTCCT,0,566155
araCp,0.5,1,1,GGGCTCGTACGCTGGTCTGT,0,550199
araCp,0.5,1,1,GGGCTAAATTCGCACCTATA,0,601073
araCp,0.5,1,1,GGGCGCGCAGACACGTAACC,0,576662
araCp,0.5,1,1,GGGCCTTGACCTCTTCTGCC,0,589130
araCp,0.5,1,1,GGGCCTACCGCACTACGTAA,0,576330
araCp,0.5,1,1,GGGCCAGCATAGTCGTACTA,0,588177
araCp,0.5,1,1,GGGCATATACTTGATCACAT,0,537564
araCp,0.5,1,1,GGGCATACGATAACAGTAAA,0,602174
araCp,0.5,1,1,GGGCAGCCATGTGGTACATT,0,543433
araCp,0.5,1,1,GGGCACCTCAGTCTTCTGGC,0,561680
araCp,0.5,1,1,GGGCACCGGTGGGCGTTGGT,0,563217
araCp,0.5,1,1,GGGCACCATGAAACCTATTT,0,541011
araCp,0.5,1,1,GGGCACAAAACACTGGTACC,0,542795
araCp,0.5,1,1,GGGATTATGTATCCACGGGT,0,557541
araCp,0.5,1,1,GGGATGGTAGTGATCCGCGT,0,569259
araCp,0.5,1,1,GGGATGGACAAGGTATCATT,0,595414
araCp,0.5,1,1,GGGATACTTTACTGTTTGAT,0,570342
araCp,0.5,1,1,GGGATAAACCAACGGGGTTT,0,557769
araCp,0.5,1,1,GGGAGGTTGACTTGTCTTGG,0,550315
araCp,0.5,1,1,GGGAGCATATGGGTTTCATC,0,531930
araCp,0.5,1,1,GGGAGACGCATGAAATTCTT,0,579166
araCp,0.5,1,1,GGGAGAATAGTCATTGCTTT,0,559281
araCp,0.5,1,1,GGGACTCCCTCTAGGCTTAT,0,542057
araCp,0.5,1,1,GGGACTATTGATGGCTCTCA,0,593953
araCp,0.5,1,1,GGGACTAAATCGGCTACAGA,0,598699
araCp,0.5,1,1,GGGACGCAAGCAAATGTTAC,0,581270
araCp,0.5,1,1,GGGAATACTGTGTATTTCTC,0,548234
araCp,0.5,1,1,GGGAACCGATAGTACAACGT,0,574243
araCp,0.5,1,1,GGCTTTAAGCACCAGGGCCA,0,580125
araCp,0.5,1,1,GGCTTCGCTGAATAGATTCC,0,546216
araCp,0.5,1,1,GGCTTCCCTCAGGTAGTATC,0,540176
araCp,0.5,1,1,GGCTTATTCCGATGCTTTAC,0,565810
araCp,0.5,1,1,GGCTGTATCTCCTTGGTTCC,0,529539
araCp,0.5,1,1,GGCTGCGTCTCGATTAATGC,0,531697
araCp,0.5,1,1,GGCTGCGATCCCGGGAGCGA,0,554130
araCp,0.5,1,1,GGCTGATGCTCTGCCGAAGT,0,537735
araCp,0.5,1,1,GGCTGACGGTTAGTAGGCCA,0,554952
araCp,0.5,1,1,GGCTCAGCCACTTCTTCTCA,0,554725
araCp,0.5,1,1,GGCTCACGGCGTAAATACTT,0,547856
araCp,0.5,1,1,GGCTCAACGGTCTTTCTTAC,0,548836
araCp,0.5,1,1,GGCTATCCGGCAGAGCGCGA,0,526232
araCp,0.5,1,1,GGCTAGGTCCATAATCTATC,0,596232
araCp,0.5,1,1,GGCTACGTCGATCTAATCTC,0,564458
araCp,0.5,1,1,GGCTACCCACATAGAGAGGA,0,530878
araCp,0.5,1,1,GGCTACAAGATGTTGGAAAG,0,584706
araCp,0.5,1,1,GGCTAACGGCTCGGTCGAGG,0,546251
araCp,0.5,1,1,GGCGTCCATGTCTAGATCAC,0,545622
araCp,0.5,1,1,GGCGTAAGCTGGTTCAGGTG,0,601340
araCp,0.5,1,1,GGCGGTTCGCGACCCGTGAC,0,591457
araCp,0.5,1,1,GGCGGTGTTTAACCCAGGGT,0,526464
araCp,0.5,1,1,GGCGGTGTACTGAAGAGGGG,0,592068
araCp,0.5,1,1,GGCGGTATGGGCGGTAGCCT,0,587913
araCp,0.5,1,1,GGCGGGTTCTGGGGCGGATC,0,573946
araCp,0.5,1,1,GGCGGCTAAAGTGGCTAGAA,0,566304
araCp,0.5,1,1,GGCGGATCCAAGTTCGAGTA,0,587249
araCp,0.5,1,1,GGCGCAACGAAGTGTCCAGA,0,601351
araCp,0.5,1,1,GGCGATCACTGTCCTACGGA,0,567232
araCp,0.5,1,1,GGCGAGTAAAAAGTCATGTG,0,533149
araCp,0.5,1,1,GGCCGATTACGGAGCTGCCC,0,533538
araCp,0.5,1,1,GGCCGATCGGTAGGAGGGTG,0,547798
araCp,0.5,1,1,GGCCGAGGTCTAGGGCAGCA,0,570265
araCp,0.5,1,1,GGCCGACATAAGTGCTACGT,0,533955
araCp,0.5,1,1,GGCCCGAGTTCCTTCCGACT,0,571490
araCp,0.5,1,1,GGCCATGGAAGGTCGGCAGC,0,544001
araCp,0.5,1,1,GGCCAATGGATCAGCGTCAT,0,592736
araCp,0.5,1,1,GGCATGGCTGTCTACAGGCT,0,544664
araCp,0.5,1,1,GGCATCCGTTTACGAACCTA,0,542460
araCp,0.5,1,1,GGCATCAGCGCAGAAGAATG,0,540721
araCp,0.5,1,1,GGCAGTCCCCTACGCCAAGT,0,571980
araCp,0.5,1,1,GGCAGGACTGTTTTTTGGTC,0,558557
araCp,0.5,1,1,GGCAGCCAGGATATGGGGAG,0,560177
araCp,0.5,1,1,GGCACTGGCCCAAGGTAAGC,0,546934
araCp,0.5,1,1,GGCACTCATTTACTGCAAGT,0,599123
araCp,0.5,1,1,GGCACGCTATGTAAGGTTGT,0,560013
araCp,0.5,1,1,GGCACCGATTCAAGCGATTT,0,594589
araCp,0.5,1,1,GGCAATTCGGGACCATGAGA,0,600062
araCp,0.5,1,1,GGCAATTAAGCCTGTGGTGC,0,601672
araCp,0.5,1,1,GGCAATAAGACATCGGGTAA,0,574972
araCp,0.5,1,1,GGATTCTTACTGTGTACCTT,0,527238
araCp,0.5,1,1,GGATTACCTGTTGCCCCAAC,0,557009
araCp,0.5,1,1,GGATGTGTTGGGAGCGTGCG,0,593043
araCp,0.5,1,1,GGATGTGAAAAATATGATAT,0,559131
araCp,0.5,1,1,GGATGTCCCGGGGGCCATAG,0,595853
araCp,0.5,1,1,GGATGCTCAATATCCGATTT,0,567230
araCp,0.5,1,1,GGATCTGGGGGATGAACCCC,0,525805
araCp,0.5,1,1,GGATCTATAACGGGTCGGTC,0,592341
araCp,0.5,1,1,GGATCGGTTCAGCATAATAG,0,555710
araCp,0.5,1,1,GGATCGCGCATTTAGAGGAG,0,557112
araCp,0.5,1,1,GGATATTGTATGTTGAACTT,0,526190
araCp,0.5,1,1,GGATATTGCGTTTCGAGGAC,0,600131
araCp,0.5,1,1,GGATATTAAGGAATCGTTGG,0,561952
araCp,0.5,1,1,GGATATATGCATCTTCGGAT,0,542697
araCp,0.5,1,1,GGATAGTATTGTTTTTGCTG,0,603006
araCp,0.5,1,1,GGATAGCAGTAGACAAGTCG,0,597403
araCp,0.5,1,1,GGAGTGCATGCCGGAGCTTT,0,564968
araCp,0.5,1,1,GGAGTGAACGAGACTTCTGA,0,569655
araCp,0.5,1,1,GGAGTACGTCACATACAGAA,0,559172
araCp,0.5,1,1,GGAGGTTTGCCAGTGGATAA,0,587485
araCp,0.5,1,1,GGAGGGTTGTGCGCTAAGAA,0,531140
araCp,0.5,1,1,GGAGGCGGTAGAACCGCTCA,0,558798
araCp,0.5,1,1,GGAGGCACAAAACTACCCCC,0,545452
araCp,0.5,1,1,GGAGGAGTAACTTAGATTAT,0,583429
araCp,0.5,1,1,GGAGCGTGATCAGCTCTCCA,0,538230
araCp,0.5,1,1,GGAGCCGCAGTCACTCGGCA,0,567802
araCp,0.5,1,1,GGAGATGTGGCGATGCCCTG,0,538912
araCp,0.5,1,1,GGAGAGCTCTATTCCACGCC,0,583644
araCp,0.5,1,1,GGAGAGCCTATGGATCTAGA,0,555680
araCp,0.5,1,1,GGAGAAGGAGAGGTTCCAAA,0,546859
araCp,0.5,1,1,GGAGAAAAACAATGGGCGGG,0,568027
araCp,0.5,1,1,GGACTCCATAGTTAAGCTCC,0,579858
araCp,0.5,1,1,GGACGGGCGAACGAGATGAG,0,595552
araCp,0.5,1,1,GGACGGCCCTGCCTGTAACG,0,559866
araCp,0.5,1,1,GGACGCAAAGGTAATCTTAC,0,576864
araCp,0.5,1,1,GGACCTCCCCTGTATCTAAT,0,596398
araCp,0.5,1,1,GGACCGAGTTGACAACAAAT,0,565522
araCp,0.5,1,1,GGACCATTACGCCTGATGGC,0,598557
araCp,0.5,1,1,GGACCAGACGTATCTGGTTC,0,551278
araCp,0.5,1,1,GGACCACAAAATCAGGAGAA,0,554015
araCp,0.5,1,1,GGACACTGGCCGACCCACTT,0,550478
araCp,0.5,1,1,GGACAATAGTCAAATACGTA,0,547376
araCp,0.5,1,1,GGAATTAGCGTAAGGTGAGA,0,574704
araCp,0.5,1,1,GGAAGGACCTCCGATCGTGC,0,572809
araCp,0.5,1,1,GGAACTTGACTGCTATTGGG,0,525940
araCp,0.5,1,1,GGAACTCCCACAGACTCGTT,0,588551
araCp,0.5,1,1,GGAACCTTCAATTGTTACCA,0,588144
araCp,0.5,1,1,GGAAAGATTGGTGAGCAGGT,0,589266
araCp,0.5,1,1,GGAAAGAAGGGCAATTATCA,0,572736
araCp,0.5,1,1,GGAAACTAGGGGGGATCCAG,0,542623
araCp,0.5,1,1,GGAAACGTGGCCTGCGGTAC,0,527938
araCp,0.5,1,1,GGAAAATTGCCTGCCATGCG,0,600311
araCp,0.5,1,1,GCTTTTTTAGGGGGTTGTAG,0,592294
araCp,0.5,1,1,GCTTTTACGCCTGACTGGCT,0,561638
araCp,0.5,1,1,GCTTTTACCTGGAGCTGACG,0,569336
araCp,0.5,1,1,GCTTTGTAAACGAACAGGTA,0,596089
araCp,0.5,1,1,GCTTTGCGCGCTTAAGCGAC,0,542119
araCp,0.5,1,1,GCTTTCGGTTATTATTAAGA,0,581799
araCp,0.5,1,1,GCTTTCATTGAGTATCCTTT,0,570275
araCp,0.5,1,1,GCTTGTGGATTGCATATCGT,0,599499
araCp,0.5,1,1,GCTTGATAGCGCCCCCCTTT,0,599507
araCp,0.5,1,1,GCTTGAAGAACACGCCGCTA,0,582632
araCp,0.5,1,1,GCTTCGCCTCAATCTATTGG,0,540757
araCp,0.5,1,1,GCTTCAGGCTGACAATGTGG,0,533462
araCp,0.5,1,1,GCTGTTGATCATAATTATTG,0,526143
araCp,0.5,1,1,GCTGTTAGTAAACTGTGTAG,0,558067
araCp,0.5,1,1,GCTGTCGCCTATCGAACGTC,0,552407
araCp,0.5,1,1,GCTGTCCTCAACCAAGTAGG,0,532211
araCp,0.5,1,1,GCTGTCAGCGTGAAGCGGTT,0,565430
araCp,0.5,1,1,GCTGTACTCTGATGGATTAT,0,534421
araCp,0.5,1,1,GCTGTAAGATTGCACGTATC,0,582575
araCp,0.5,1,1,GCTGGTCAAAAGAATTAGAG,0,547749
araCp,0.5,1,1,GCTGGACATCGCACAGGGTA,0,602990
araCp,0.5,1,1,GCTGATGCGGCCCTGGGGAA,0,533565
araCp,0.5,1,1,GCTGATCTAGGAACTAATTA,0,568888
araCp,0.5,1,1,GCTGATAGGCTAGGTCGAGG,0,581267
araCp,0.5,1,1,GCTGAGGCCATGGGCTGAAA,0,585109
araCp,0.5,1,1,GCTGACAGTCTGACAAGGGG,0,525688
araCp,0.5,1,1,GCTGAACCGCCCCTCAATTC,0,589657
araCp,0.5,1,1,GCTGAAATCCGGGCGCCCGG,0,603209
araCp,0.5,1,1,GCTGAAAACCTCGGCGAACC,0,589347
araCp,0.5,1,1,GCTCTGACGGCGTAACGTTT,0,549567
araCp,0.5,1,1,GCTCTACCGGAGGGTGTCCC,0,583069
araCp,0.5,1,1,GCTCTAAGGATAGCCATAGC,0,578974
araCp,0.5,1,1,GCTCGTTACCTAAAGGAGAA,0,540185
araCp,0.5,1,1,GCTCGATGTGTGATAAGTGA,0,566313
araCp,0.5,1,1,GCTCCAGCACTGTGACGCGC,0,602173
araCp,0.5,1,1,GCTCAGCCACGAATAAGTAA,0,533672
araCp,0.5,1,1,GCTCACTATTTCTGTGCAGG,0,587855
araCp,0.5,1,1,GCTCAATGTATGCGCGCGAA,0,530497
araCp,0.5,1,1,GCTATGTGACGTAAGTCTTA,0,578946
araCp,0.5,1,1,GCTATGGATCCTCAGCTCGA,0,564382
araCp,0.5,1,1,GCTATGCAAAGCCACTGCAT,0,563794
araCp,0.5,1,1,GCTATGAAACTTAAATTCAG,0,526065
araCp,0.5,1,1,GCTATCTCCATGGTCTGTAG,0,531290
araCp,0.5,1,1,GCTATCCCTAGTATATCGGA,0,569707
araCp,0.5,1,1,GCTAGGTACCGTGGGTGGCA,0,570547
araCp,0.5,1,1,GCTAGCATCAGCAGCATCAG,0,537214
araCp,0.5,1,1,GCTACTGGGCTATCTCAAGG,0,566027
araCp,0.5,1,1,GCTACTGCGTGTAGCTAGAA,0,548198
araCp,0.5,1,1,GCTACGTCACATGGGAACTG,0,542402
araCp,0.5,1,1,GCTACGCTGAAGTTGATACT,0,528854
araCp,0.5,1,1,GCTACAGGGCATGAGAGATT,0,598169
araCp,0.5,1,1,GCTAATAGGCATACCGGTTC,0,544035
araCp,0.5,1,1,GCTAATACGGACACCATCTG,0,571750
araCp,0.5,1,1,GCTAATACGCCTCCCCAGCA,0,576700
araCp,0.5,1,1,GCTAAGAGGCGATCACCCTA,0,575872
araCp,0.5,1,1,GCTAAACTGATAAGTCACAT,0,593691
araCp,0.5,1,1,GCTAAAACAACCAACTCCGT,0,536739
araCp,0.5,1,1,GCGTTCCTCCGAATTGCCTC,0,564650
araCp,0.5,1,1,GCGTTCAGGGATCTTCCGAG,0,581663
araCp,0.5,1,1,GCGTCGTTCGCGAGCCCAAA,0,525618
araCp,0.5,1,1,GCGTCCCCTCACTGTTCTCC,0,556703
araCp,0.5,1,1,GCGTATCCTGTGCGGTCAAT,0,536210
araCp,0.5,1,1,GCGGTTCTGGGTGGGGGAAT,0,528619
araCp,0.5,1,1,GCGGTTACACAGAACTCATT,0,550773
araCp,0.5,1,1,GCGGTACATAAAATGCGTAT,0,558271
araCp,0.5,1,1,GCGGGGTTGCCGGCTAGTCG,0,584673
araCp,0.5,1,1,GCGGGCCTCTTGCTTTAGAC,0,592590
araCp,0.5,1,1,GCGGGAGCATTCTCGATTGG,0,542162
araCp,0.5,1,1,GCGGCTGACAACAATTTAGT,0,582054
araCp,0.5,1,1,GCGGCATTACTGGCATTATT,0,530390
araCp,0.5,1,1,GCGGCATCAACAGTTGGAAG,0,545315
araCp,0.5,1,1,GCGGACAGGGCGGTAGACAT,0,571256
araCp,0.5,1,1,GCGGAAATGGTGCCAACTGA,0,598902
araCp,0.5,1,1,GCGCTTTCTCCCGAGTCTGG,0,560737
araCp,0.5,1,1,GCGCTGTGTCGGCATCATTT,0,583001
araCp,0.5,1,1,GCGCTAGGCAACGAAGACTC,0,553507
araCp,0.5,1,1,GCGCGTGATTTTTTGTGGTA,0,599570
araCp,0.5,1,1,GCGCGCCCATAAGAGTCCAG,0,540720
araCp,0.5,1,1,GCGCGATAGATCGCAGGTGA,0,582173
araCp,0.5,1,1,GCGCCTTCCTATTGATCGAC,0,557303
araCp,0.5,1,1,GCGCAGGGTCTAGAGAGTGA,0,592064
araCp,0.5,1,1,GCGACTGGTAGACGTCGTGT,0,573427
araCp,0.5,1,1,GCGACTACGTCCTGATCGTG,0,561296
araCp,0.5,1,1,GCGACCAATCGCGTCTCTAA,0,534063
araCp,0.5,1,1,GCGAATGCAGGTCAGTTCGT,0,539154
araCp,0.5,1,1,GCGAAGTCTGCATCCTCCGA,0,598572
araCp,0.5,1,1,GCCTTCGCCGCACATCGGAT,0,549333
araCp,0.5,1,1,GCCTGGTGCCCAGAACCCCT,0,532745
araCp,0.5,1,1,GCCTGGGGCTATTCCATCGG,0,550738
araCp,0.5,1,1,GCCTGGATTCAGCTGCTTTC,0,547519
araCp,0.5,1,1,GCCTGGATCGTTGGGGATAG,0,532243
araCp,0.5,1,1,GCCTGCGTACGAAGTACTAC,0,532017
araCp,0.5,1,1,GCCTGATTGCTCTCCATTAG,0,567015
araCp,0.5,1,1,GCCTGAACAAGCCCGGTTAC,0,557946
araCp,0.5,1,1,GCCTCTCTACAGAGACACAG,0,583744
araCp,0.5,1,1,GCCTCAGTATTTGAATGAAC,0,547267
araCp,0.5,1,1,GCCTATCTGGAAGCGTAGCG,0,585655
araCp,0.5,1,1,GCCTAGATCCGAGACTGATC,0,550976
araCp,0.5,1,1,GCCTACTCATCGCATGGCAA,0,560930
araCp,0.5,1,1,GCCGTTCATGAGGACCTTAA,0,528474
araCp,0.5,1,1,GCCGTAAAGCCGCGACCAGC,0,583329
araCp,0.5,1,1,GCCGGAAGCTTCTGCCGCAT,0,559710
araCp,0.5,1,1,GCCGCTCCGGGGTTTAAGAC,0,537130
araCp,0.5,1,1,GCCGCTAGGTCCTGATATAT,0,584625
araCp,0.5,1,1,GCCGACGCACCGAGTCGCCA,0,561431
araCp,0.5,1,1,GCCGAAACAGCGGTTTGGAC,0,598777
araCp,0.5,1,1,GCCCTGTCGGAGCACCGTCT,0,581462
araCp,0.5,1,1,GCCCTAGCACCGCCTTGTCA,0,531486
araCp,0.5,1,1,GCCCGTTAGTAGTACAAACG,0,581362
araCp,0.5,1,1,GCCCGTGTTGGTCGTAGAAC,0,533874
araCp,0.5,1,1,GCCCGGCTGGGTGTGACCTA,0,556263
araCp,0.5,1,1,GCCCGAGTAACGCTCGACGA,0,566967
araCp,0.5,1,1,GCCATTAGGGGGCACATCGA,0,530524
araCp,0.5,1,1,GCCATGGGCTTAGGCGGGGG,0,553054
araCp,0.5,1,1,GCCACTTGTGTGGAGAGCGG,0,570027
araCp,0.5,1,1,GCCACGCGACGTTGGTGATC,0,593167
araCp,0.5,1,1,GCCAATCGTACGAATCATGC,0,586203
araCp,0.5,1,1,GCCAAACCTACTTGCGTTCG,0,587235
araCp,0.5,1,1,GCATGGGCCTTGAAAGGGAC,0,598727
araCp,0.5,1,1,GCATGGGCCTCGTGCTCGTC,0,541380
araCp,0.5,1,1,GCATCAAACAGGACAATGGT,0,592861
araCp,0.5,1,1,GCATAGTCAGTCTGTGCCAA,0,575956
araCp,0.5,1,1,GCATACTCGGTACCGCGCTT,0,531889
araCp,0.5,1,1,GCAGTCTATGGTTTGTTCGT,0,533308
araCp,0.5,1,1,GCAGTAGTCGATTCGTTATG,0,561530
araCp,0.5,1,1,GCAGCTACAGGGATCTGCGT,0,579024
araCp,0.5,1,1,GCAGAAAGACGCTATCCTCT,0,570897
araCp,0.5,1,1,GCACTGGGGTGGAAGTCATG,0,558178
araCp,0.5,1,1,GCACTCGTGCTACGATCGGC,0,530513
araCp,0.5,1,1,GCACGGGAAGTTTGCTAGTA,0,549668
araCp,0.5,1,1,GCACGCTGCGGACCCACTCG,0,598706
araCp,0.5,1,1,GCACGCCCGTAATTGGGACA,0,587700
araCp,0.5,1,1,GCACCGGGGTTACTTTGATT,0,573449
araCp,0.5,1,1,GCACCGAGATGTCTAACCTG,0,568956
araCp,0.5,1,1,GCACCCTCCGTAAGAGTGAA,0,570219
araCp,0.5,1,1,GCACCCGGATAACCCTAGAC,0,560790
araCp,0.5,1,1,GCACAGGTTACTCCAGTTCT,0,566448
araCp,0.5,1,1,GCACAATATGGATAACGCTC,0,587992
araCp,0.5,1,1,GCACAAGATAGTTGCCTTCT,0,586267
araCp,0.5,1,1,GCAATTCCCCGGAGTCCGCG,0,538257
araCp,0.5,1,1,GCAATGCGTAACTCTAGTGG,0,594504
araCp,0.5,1,1,GCAAGGACCGGCGCCCTTGG,0,550762
araCp,0.5,1,1,GCAACTCGGAACACACGAAC,0,558356
araCp,0.5,1,1,GCAACGTCGAGAAAGCTGGC,0,562063
araCp,0.5,1,1,GCAACGGACAAAATTCACCT,0,594786
araCp,0.5,1,1,GCAACGAGGAACTGTTTCTA,0,530456
araCp,0.5,1,1,GCAAAGATTTGCTATAGTTC,0,596525
araCp,0.5,1,1,GCAAACGCCGGTTGGAATCT,0,590686
araCp,0.5,1,1,GCAAAAAGCTTGGCACCTCT,0,553413
araCp,0.5,1,1,GATTTTTGAGCGGGGCAAGA,0,575009
araCp,0.5,1,1,GATTTGAATTACTTGGTATC,0,597422
araCp,0.5,1,1,GATTTCATCAATCAACGGAG,0,539054
araCp,0.5,1,1,GATTGTGGTGCGTTCGACCT,0,574840
araCp,0.5,1,1,GATTCCTGAGCTCCCTGTTC,0,587018
araCp,0.5,1,1,GATTCCTCAGTACTTTTATA,0,593309
araCp,0.5,1,1,GATTCCAGCAATTTGGTAGG,0,548929
araCp,0.5,1,1,GATTCACTGGCTTAATACTT,0,602109
araCp,0.5,1,1,GATTACCAGCCAGAGTTAAT,0,526080
araCp,0.5,1,1,GATGTCTCGTCAGGTAGCTT,0,544849
araCp,0.5,1,1,GATGGTAACATGTTGGGCCA,0,533456
araCp,0.5,1,1,GATGCGTGTTAGTACCCGCT,0,602610
araCp,0.5,1,1,GATGAGGGAATGGGCGTAGA,0,543787
araCp,0.5,1,1,GATGACAGGCTTACAAACGT,0,552768
araCp,0.5,1,1,GATCTCTTAGCCAGACAATG,0,595572
araCp,0.5,1,1,GATCTAGTACAGCAGCGCTG,0,600833
araCp,0.5,1,1,GATCGCTATACGTTTTTGTG,0,528671
araCp,0.5,1,1,GATCGCCTATTACACTTCCA,0,541282
araCp,0.5,1,1,GATCGAGACTTGGCCCATGT,0,553202
araCp,0.5,1,1,GATCGAGACCCGGATACCGT,0,547531
araCp,0.5,1,1,GATCCGTATCTGCGGTGTTA,0,559718
araCp,0.5,1,1,GATCCCGCCCCTCAGCAAAG,0,594539
araCp,0.5,1,1,GATCCAGACCGGCGGCACAG,0,550219
araCp,0.5,1,1,GATCATAGTAGATCTACCAT,0,538667
araCp,0.5,1,1,GATCAGGCCGCAGTGTATTC,0,583462
araCp,0.5,1,1,GATCAGCTAGATACCTCTAC,0,553087
araCp,0.5,1,1,GATCAAGGCGGTATATGTAT,0,556685
araCp,0.5,1,1,GATATGTCTGCGGCGACGAG,0,533671
araCp,0.5,1,1,GATATGCGTGTGTTTTCTAC,0,596785
araCp,0.5,1,1,GATAGTTGGGGATGAAGGCA,0,525782
araCp,0.5,1,1,GATAGTTGCAAACATAATGC,0,579246
araCp,0.5,1,1,GATAGGGAGGGTTATGAGGG,0,537592
araCp,0.5,1,1,GATAGGCAGGTGCACCAGGG,0,565289
araCp,0.5,1,1,GATACTACGGACACAAAGAG,0,595595
araCp,0.5,1,1,GATAATGACGACTTCTTGTT,0,542934
araCp,0.5,1,1,GATAATCAACTAAATTCTGA,0,548720
araCp,0.5,1,1,GATAAGTGTGATAAAGCAAG,0,571927
araCp,0.5,1,1,GATAAATCATTCCACGGCAA,0,598387
araCp,0.5,1,1,GAGTTTTTCCTTCAACTGGT,0,533769
araCp,0.5,1,1,GAGTTACAGCGTTGAAGTAT,0,534302
araCp,0.5,1,1,GAGTGAGGTTCACCTGTACA,0,587255
araCp,0.5,1,1,GAGTCTCTTTGGATTGGGGT,0,547473
araCp,0.5,1,1,GAGTCAGACCGTCTAAAGCC,0,526505
araCp,0.5,1,1,GAGTATGAGTACGATCCCGA,0,592403
araCp,0.5,1,1,GAGTACATTGTCGGAGCATA,0,559464
araCp,0.5,1,1,GAGGTTCTAGAGCTCGGATA,0,573413
araCp,0.5,1,1,GAGGTGTTATCCACTGATCT,0,580416
araCp,0.5,1,1,GAGGTGATTACCCTGCACGA,0,577002
araCp,0.5,1,1,GAGGTCCTGCGCCACTTAGT,0,564413
araCp,0.5,1,1,GAGGGTGCGACAAGTAATTA,0,574019
araCp,0.5,1,1,GAGGGGCCGTGTGGATCTGC,0,552364
araCp,0.5,1,1,GAGGGGAGATACTATATGAT,0,528233
araCp,0.5,1,1,GAGGGATAGGTGTATCTTGC,0,554665
araCp,0.5,1,1,GAGGCTGCCGGTCGCCCGAT,0,572637
araCp,0.5,1,1,GAGGCCTAGCTTCCAACCGT,0,535266
araCp,0.5,1,1,GAGGCCGGTAGGTGTACGAG,0,558348
araCp,0.5,1,1,GAGGATCTGCTGCTACAGAT,0,602340
araCp,0.5,1,1,GAGCTGACATAGTAGCGCCG,0,567175
araCp,0.5,1,1,GAGCTCAGGCTGGCCACGTA,0,542554
araCp,0.5,1,1,GAGCGTGACATTGTTTTCTG,0,567299
araCp,0.5,1,1,GAGCGCTAACGTAATATGGC,0,575313
araCp,0.5,1,1,GAGCCCTAACAAGAAAGAAT,0,554491
araCp,0.5,1,1,GAGCCCGGCCTGAACCTTAC,0,549932
araCp,0.5,1,1,GAGCATTCTGGGACAGGGCA,0,542374
araCp,0.5,1,1,GAGCAGGTCCTCGCAGGGAC,0,526326
araCp,0.5,1,1,GAGATTCAGCGCGCGTCAGA,0,582319
araCp,0.5,1,1,GAGAACACTACCATACGGAG,0,551206
araCp,0.5,1,1,GAGAAAGTCATCATCAATAA,0,558311
araCp,0.5,1,1,GAGAAACGCCAATATCATCT,0,569178
araCp,0.5,1,1,GACTTTTACGTGCTCACCAA,0,533264
araCp,0.5,1,1,GACTTGTGGCGCCCGCTGCG,0,532533
araCp,0.5,1,1,GACTTATCCCATGTCACAGA,0,537167
araCp,0.5,1,1,GACTGTGGTGAGATTCGAAG,0,595055
araCp,0.5,1,1,GACTGTGCCGCTCTCTGGTT,0,553028
araCp,0.5,1,1,GACTGGCCGGGCATAAATTC,0,601187
araCp,0.5,1,1,GACTGCTTAGCATTCTGGGT,0,582678
araCp,0.5,1,1,GACTCGATTATAGATTGAAT,0,563107
araCp,0.5,1,1,GACTATAGGAGCCCGATAAA,0,537486
araCp,0.5,1,1,GACTATAAGTTTGAATAGTA,0,528702
araCp,0.5,1,1,GACTATAACTGGAACCTCTT,0,579211
araCp,0.5,1,1,GACTAGACGTCACGACATTC,0,596324
araCp,0.5,1,1,GACTACAGTAGCTTATGGTT,0,558846
araCp,0.5,1,1,GACGTCTGAGCCGAATGTAT,0,555490
araCp,0.5,1,1,GACGTAGAACCATCTATGGT,0,528572
araCp,0.5,1,1,GACGGTTCAACTAAGTCTAA,0,544764
araCp,0.5,1,1,GACGGTGATCGCGTCTCGCG,0,541015
araCp,0.5,1,1,GACGCTTAGGCGATGTAAAG,0,555565
araCp,0.5,1,1,GACGCGCTCCGCCCTAATAT,0,583378
araCp,0.5,1,1,GACGCCCTTGAGTAGATATC,0,575060
araCp,0.5,1,1,GACGCCATTCGGACGCAGAT,0,589677
araCp,0.5,1,1,GACGATTTTATGGGCATAGC,0,590672
araCp,0.5,1,1,GACGATACGAACGTTAGGAT,0,527883
araCp,0.5,1,1,GACCTTGAGGCGTTACACCG,0,542411
araCp,0.5,1,1,GACCTCACATACTAGGACGT,0,559023
araCp,0.5,1,1,GACCGTTCTTCTATTAACAT,0,554730
araCp,0.5,1,1,GACCGTGATACTCGCATCAA,0,526744
araCp,0.5,1,1,GACCGGTCTTGCACATCCGT,0,530067
araCp,0.5,1,1,GACCGCGAAAGATGGTACAC,0,554532
araCp,0.5,1,1,GACCGAACCCCTCATGGACA,0,569251
araCp,0.5,1,1,GACCCAATATTAACTAGGGT,0,559336
araCp,0.5,1,1,GACCATGAGTCAGCCCTCTA,0,578985
araCp,0.5,1,1,GACCAGTACTCGGAGCCGTC,0,595749
araCp,0.5,1,1,GACCAATTCGTGGGTTCCGA,0,562332
araCp,0.5,1,1,GACCAATTAAACCTCTACAG,0,588967
araCp,0.5,1,1,GACATGGCTACCTATCATGA,0,533773
araCp,0.5,1,1,GACATAACGAGACGGTCTTA,0,529296
araCp,0.5,1,1,GACAGTTTTCTCTAAGATTG,0,564965
araCp,0.5,1,1,GACACTGTGTAGTACTGGCG,0,534313
araCp,0.5,1,1,GACACGCTAACGTCGTTAGG,0,549820
araCp,0.5,1,1,GACAAGTGCGGGTACCCACT,0,603337
araCp,0.5,1,1,GACAAGCAATAGATCTGGAG,0,557393
araCp,0.5,1,1,GACAAGATCTCTATAACTCG,0,529244
araCp,0.5,1,1,GACAAGAGGGACAGACTTCG,0,543957
araCp,0.5,1,1,GACAAATGGTCAGCTGGGTA,0,583030
araCp,0.5,1,1,GACAAAGGCCATTATATTAA,0,584325
araCp,0.5,1,1,GACAAAGACATCCATGGAAG,0,546783
araCp,0.5,1,1,GACAAAACTTACTATCTCGT,0,530960
araCp,0.5,1,1,GAATTTTGCCGCCTGTTTCC,0,587584
araCp,0.5,1,1,GAATTGGTACCAACCTTTGC,0,532003
araCp,0.5,1,1,GAATGTGAGAATTGTTTTCA,0,596859
araCp,0.5,1,1,GAATGTCGTGAATATGTTCC,0,586992
araCp,0.5,1,1,GAATGGAGCGTAAGCTCGGA,0,558772
araCp,0.5,1,1,GAATGCGTACACAAGATTTG,0,537954
araCp,0.5,1,1,GAATGATCGGACCCGATCCA,0,543920
araCp,0.5,1,1,GAATCCGCGGGCTGATACGG,0,545534
araCp,0.5,1,1,GAAGTTTCTGTTTTTATCCT,0,526859
araCp,0.5,1,1,GAAGTCGTCTACCTCTATAA,0,548984
araCp,0.5,1,1,GAAGTAGACTGGGCTCGGCG,0,559764
araCp,0.5,1,1,GAAGTAAAGATGTCCCCAAT,0,575516
araCp,0.5,1,1,GAAGGGGCTCGGGCTGTTCA,0,590925
araCp,0.5,1,1,GAAGGCGGTCAGAGTCCCGA,0,574824
araCp,0.5,1,1,GAAGGCATCCTCGAAACAGT,0,601461
araCp,0.5,1,1,GAAGCTCAGATCGGGAGTTT,0,552921
araCp,0.5,1,1,GAAGCACGCACATTTCAGCG,0,568620
araCp,0.5,1,1,GAAGATGACGATGGTCCACG,0,550010
araCp,0.5,1,1,GAACTGTCATATCTTCGCAA,0,568360
araCp,0.5,1,1,GAACTGAAATCGGCATCCGG,0,543677
araCp,0.5,1,1,GAACGCGTAGTACAACACTT,0,544728
araCp,0.5,1,1,GAACGATCAGCAGTGTCTTT,0,568952
araCp,0.5,1,1,GAACCGACATGACTCGGCTT,0,580861
araCp,0.5,1,1,GAACCCTTTGTATCATAGAC,0,573179
araCp,0.5,1,1,GAACCCGCGCTCGGACCCAT,0,535990
araCp,0.5,1,1,GAACACGGGTTCGTCACATA,0,580062
araCp,0.5,1,1,GAACAAGTGAAGGGCCTATG,0,585504
araCp,0.5,1,1,GAACAACTGGGCGATCGGCG,0,591961
araCp,0.5,1,1,GAAATTTCTCATTCGTTAGA,0,579983
araCp,0.5,1,1,GAAATTTATCGCTATTTTGG,0,562808
araCp,0.5,1,1,GAAATTGCCCGGGGCTGACA,0,589072
araCp,0.5,1,1,GAAATGTATCCCTTGAACTG,0,562737
araCp,0.5,1,1,GAAATATGGCATGCAACACT,0,532935
araCp,0.5,1,1,GAAAGCGAGGTCCAGAGTTA,0,535632
araCp,0.5,1,1,GAAAGAGCCGAGGTGTCCGA,0,526927
araCp,0.5,1,1,GAAACGGGGCAGTGTATGAA,0,581535
araCp,0.5,1,1,GAAACGCTCTCAGTTTGGCG,0,577791
araCp,0.5,1,1,GAAACCTTCTCTTTAGGTTC,0,547391
araCp,0.5,1,1,GAAACACATGTCGCGGCTTG,0,531323
araCp,0.5,1,1,GAAAAATGGACATTTGAGGG,0,532671
araCp,0.5,1,1,GAAAAAAAGTAGGAAAGCGG,0,534385
araCp,0.5,1,1,CTTTTGTAGCTCAAATAAAC,0,586978
araCp,0.5,1,1,CTTTTGCTTAGTTTATGCTA,0,599111
araCp,0.5,1,1,CTTTTGACACATATCATGTA,0,543728
araCp,0.5,1,1,CTTTTATTGGCCGTAGATTG,0,572049
araCp,0.5,1,1,CTTTTAGTGGACTAAATCAT,0,552253
araCp,0.5,1,1,CTTTTACAATACGACGCGCG,0,575464
araCp,0.5,1,1,CTTTCTAAGGGCGCACGAGA,0,532437
araCp,0.5,1,1,CTTTCGCACCCTCAAGGATC,0,597365
araCp,0.5,1,1,CTTTAGTGGAGGACGATATA,0,580951
araCp,0.5,1,1,CTTTAGTGCGTAATAACGGA,0,582515
araCp,0.5,1,1,CTTTAGCGTCAATTTGTATG,0,558859
araCp,0.5,1,1,CTTTACAATACAGACGCACC,0,571499
araCp,0.5,1,1,CTTTAATAGCGGTCAATACT,0,573968
araCp,0.5,1,1,CTTTAACAAGGACATTGGCT,0,562102
araCp,0.5,1,1,CTTGTGTGTGAGTCTTTGAT,0,566298
araCp,0.5,1,1,CTTGTGGCGGCTACTCCAAT,0,603484
araCp,0.5,1,1,CTTGGTTACACACGATGGGG,0,592872
araCp,0.5,1,1,CTTGGTGGAGCGATATATCC,0,602628
araCp,0.5,1,1,CTTGGCAGATACTTATTGGT,0,580446
araCp,0.5,1,1,CTTGGACGGACCCTGCAAAA,0,571733
araCp,0.5,1,1,CTTGGAAAAGGAGCGGAGGT,0,531537
araCp,0.5,1,1,CTTGCGAGTAAAAGTCAGGA,0,584892
araCp,0.5,1,1,CTTGCCCCTCTGCTCCGTCA,0,528962
araCp,0.5,1,1,CTTGAAATAGGTTCGTGGTG,0,586097
araCp,0.5,1,1,CTTCTGTGTTATCTTGGGCT,0,591598
araCp,0.5,1,1,CTTCGTTTTAACAAAAATAA,0,585893
araCp,0.5,1,1,CTTCGTCTGACGTGAGAAAA,0,571316
araCp,0.5,1,1,CTTCGGATCTTATTAGGTGA,0,602509
araCp,0.5,1,1,CTTCGCTGTGTTTACCACGC,0,529561
araCp,0.5,1,1,CTTCCTGTCAGGGACGTGGC,0,547555
araCp,0.5,1,1,CTTCATATGAGTGGGCAGTG,0,560951
araCp,0.5,1,1,CTTCATAGCCGTATCTCAGC,0,527649
araCp,0.5,1,1,CTTATTGCCTTAGCCTACAC,0,540925
araCp,0.5,1,1,CTTATCAAGCAGGTGTAGGA,0,594542
araCp,0.5,1,1,CTTATATCGGACATAGAAGA,0,587320
araCp,0.5,1,1,CTTAGTCATTAATTATTATG,0,563422
araCp,0.5,1,1,CTTAGGAAGGTCGCATGAAA,0,580196
araCp,0.5,1,1,CTTAGCGTAGCGTTCTGAGC,0,587732
araCp,0.5,1,1,CTTAGCCGAACATTCCCTTT,0,539045
araCp,0.5,1,1,CTTACACCATGACTGGCTCA,0,580291
araCp,0.5,1,1,CTTAATAGCTTAGATTTAAA,0,599898
araCp,0.5,1,1,CTGTTAAAAGTGTGATTTCC,0,536712
araCp,0.5,1,1,CTGTGTTTGAGAGATCTCAC,0,556309
araCp,0.5,1,1,CTGTGCCGGGGAACCCCACT,0,600079
araCp,0.5,1,1,CTGTGCATTACCCTTGCCTT,0,558129
araCp,0.5,1,1,CTGTCGTGAAGTTTACAAGA,0,562097
araCp,0.5,1,1,CTGTCGGCTTAACTAGATTG,0,588805
araCp,0.5,1,1,CTGTCCCTTGGTCGGTTGAC,0,545274
araCp,0.5,1,1,CTGTCATTGGTACGATCACA,0,567825
araCp,0.5,1,1,CTGTATCCGTGCCGCACACA,0,585498
araCp,0.5,1,1,CTGTATACTACGCGTGCACC,0,568455
araCp,0.5,1,1,CTGTAGATTTGAACATATGT,0,553954
araCp,0.5,1,1,CTGTACTAAACTGGGTATCC,0,582146
araCp,0.5,1,1,CTGTACATGGTTTCGACGTC,0,559794
araCp,0.5,1,1,CTGTAATTTAGGGAAGTGCG,0,557047
araCp,0.5,1,1,CTGTAAGGTATAATACGAAT,0,531372
araCp,0.5,1,1,CTGGTTTCTCGAACTACCAT,0,572942
araCp,0.5,1,1,CTGGTACTGTCGTATGGTCT,0,549634
araCp,0.5,1,1,CTGGGTCGTTGCCTTGGGGG,0,576982
araCp,0.5,1,1,CTGGGTAAGGCGGGTGGATT,0,577664
araCp,0.5,1,1,CTGGGCCAGGGCAGGAGCGG,0,599255
araCp,0.5,1,1,CTGGGATGCCCCCCCTTTGA,0,526373
araCp,0.5,1,1,CTGGCGTGGCTGAGCGTATC,0,598422
araCp,0.5,1,1,CTGGCGCATTGTTTTCACAT,0,569982
araCp,0.5,1,1,CTGGCCCCTCATCTGACGTA,0,572698
araCp,0.5,1,1,CTGGCAGCTAGCAACCCTGC,0,562423
araCp,0.5,1,1,CTGGAACGTCAAGCAAAACA,0,548322
araCp,0.5,1,1,CTGCTTCTTTTCCTCGTCAG,0,590950
araCp,0.5,1,1,CTGCTCAAGAGAGATGAGCC,0,549021
araCp,0.5,1,1,CTGCGGGCAAATACTCCCCA,0,575580
araCp,0.5,1,1,CTGCGCTATGCTGTGCTCCA,0,568468
araCp,0.5,1,1,CTGCGCGTCGGGGTAGTGAG,0,578058
araCp,0.5,1,1,CTGCGCCTGGTTATACTACT,0,546387
araCp,0.5,1,1,CTGCATTGTTCACCGAGTAG,0,565280
araCp,0.5,1,1,CTGCAATAACATAAGGTGTG,0,544706
araCp,0.5,1,1,CTGATAGTCCAGGTAATAGG,0,548811
araCp,0.5,1,1,CTGATACCGAAGGTACGAGA,0,558231
araCp,0.5,1,1,CTGAGGTAAAGTTGGGTCCG,0,554610
araCp,0.5,1,1,CTGACTTAAGCAAGGTTCCA,0,585862
araCp,0.5,1,1,CTGACGGTCTTGGCCTGGTT,0,543008
araCp,0.5,1,1,CTGACAGTTGGAAATCTTGG,0,533536
araCp,0.5,1,1,CTGACACCGTAACTTCCCTC,0,596148
araCp,0.5,1,1,CTGACAACTGAAGAAGCTGC,0,535228
araCp,0.5,1,1,CTGACAAATGTTCGGTCCAG,0,595598
araCp,0.5,1,1,CTGAATGCGACGATGCATGG,0,594769
araCp,0.5,1,1,CTGAATACGATGCCGTGAGC,0,551417
araCp,0.5,1,1,CTCTTTGGTCACCGTGATAT,0,572726
araCp,0.5,1,1,CTCTGTTGACGGTTGCTGGT,0,577875
araCp,0.5,1,1,CTCTGTTATTGGAACGTCCC,0,596818
araCp,0.5,1,1,CTCTGGGTCCCTAGGCCTCT,0,563027
araCp,0.5,1,1,CTCTGCGTACAATAGTGCCT,0,593664
araCp,0.5,1,1,CTCTGATGTTGGGTCAGCCG,0,579916
araCp,0.5,1,1,CTCTGACAACTACGCTACGG,0,551096
araCp,0.5,1,1,CTCTCCTTCGCAGCGAGTCG,0,530085
araCp,0.5,1,1,CTCTATTTGGAAATCTTGCG,0,549148
araCp,0.5,1,1,CTCTATTCACCATCATGCTT,0,536991
araCp,0.5,1,1,CTCTAGTTGCCCGACCGCTC,0,595457
araCp,0.5,1,1,CTCTAGCTCGCTTTAACTCA,0,582861
araCp,0.5,1,1,CTCGTAGGTCTACTAGGAAA,0,591066
araCp,0.5,1,1,CTCGGTGGGTTGAGTATAGC,0,577381
araCp,0.5,1,1,CTCGGTAAAGGCTCGGATTC,0,575759
araCp,0.5,1,1,CTCGGCTGTCGGCGGGACTA,0,542263
araCp,0.5,1,1,CTCGGCGTTCCCTGTACGTG,0,596837
araCp,0.5,1,1,CTCGGATGGGTATCGGACTA,0,573298
araCp,0.5,1,1,CTCGCGTTCGGAGGAAACTA,0,583207
araCp,0.5,1,1,CTCGAGCTGCATATGCGGCT,0,572533
araCp,0.5,1,1,CTCGACCTGTACAGAATACC,0,553386
araCp,0.5,1,1,CTCCTTGTTAGTCGCGTCTC,0,579355
araCp,0.5,1,1,CTCCGTGTCAGTGTATACGG,0,593394
araCp,0.5,1,1,CTCCGTGGCAGTGATATTTG,0,551693
araCp,0.5,1,1,CTCCGGGCATACTGGCGCTT,0,548358
araCp,0.5,1,1,CTCCGGCCACGAACGGCCGC,0,572494
araCp,0.5,1,1,CTCCCTTCTATTAAGGCGCA,0,545256
araCp,0.5,1,1,CTCCCTAATGGGTCGAGATC,0,588727
araCp,0.5,1,1,CTCCCACTTATCATTCAGTA,0,535323
araCp,0.5,1,1,CTCCCACATCTGTCCTGGAC,0,592490
araCp,0.5,1,1,CTCCCAAACAATATCTTGGC,0,576521
araCp,0.5,1,1,CTCCATGGGTTATGGATCAA,0,562838
araCp,0.5,1,1,CTCCAGGGGGGAGTGACCAA,0,558979
araCp,0.5,1,1,CTCCAGGGACTCACGCCCCG,0,570268
araCp,0.5,1,1,CTCCACTAGCCGACCAAAGG,0,602116
araCp,0.5,1,1,CTCCACGGGACTGAGAGCAA,0,539504
araCp,0.5,1,1,CTCCACGCAATGCGCGTACA,0,587026
araCp,0.5,1,1,CTCCACACGGCCAGGATCGC,0,525942
araCp,0.5,1,1,CTCCAACCCGCCAGTCATGG,0,598876
araCp,0.5,1,1,CTCATCCGTACGTCTTCCCC,0,580158
araCp,0.5,1,1,CTCATCATCCCACATACTTT,0,576141
araCp,0.5,1,1,CTCATAACCGGTCGAGGTCC,0,539730
araCp,0.5,1,1,CTCAGGCACGGGCCTCTGCC,0,583137
araCp,0.5,1,1,CTCAGCATAAATCTAAAGTC,0,597774
araCp,0.5,1,1,CTCACTGCATATCGATTCCG,0,589365
araCp,0.5,1,1,CTCAAGGTGTTGGTCTATGC,0,542184
araCp,0.5,1,1,CTCAAGGCCTCCCATCCTGC,0,561237
araCp,0.5,1,1,CTCAAACGCGTCATCAGTAG,0,540905
araCp,0.5,1,1,CTATTCCCCTTGAAGGCTGA,0,550924
araCp,0.5,1,1,CTATTCAGTTTTCGATTGCG,0,577743
araCp,0.5,1,1,CTATGGCATCTCAATCGCGA,0,557233
araCp,0.5,1,1,CTATGGACCTCGTGAAAAAC,0,560135
araCp,0.5,1,1,CTATGCCCGTGTCAGGGAAG,0,564262
araCp,0.5,1,1,CTATCTCACGAAGTACGCGA,0,598430
araCp,0.5,1,1,CTATCCGGACGAAGGCCGGT,0,538632
araCp,0.5,1,1,CTATCCGCCTCGCGGACACA,0,563289
araCp,0.5,1,1,CTATCCCAGTCCGTAAAGGA,0,581478
araCp,0.5,1,1,CTATATTCATTCTGGACTAT,0,598383
araCp,0.5,1,1,CTATAGAGATTATATGTACA,0,567965
araCp,0.5,1,1,CTATACACTACGGCGGGCGT,0,594071
araCp,0.5,1,1,CTAGTGACTCAGCTTATTAA,0,582284
araCp,0.5,1,1,CTAGTCCAACGCTCCTTGTA,0,549348
araCp,0.5,1,1,CTAGTAGCCGCTACAAGTGT,0,597147
araCp,0.5,1,1,CTAGGGCACGCCCCGCTCGA,0,541116
araCp,0.5,1,1,CTAGGCCGTAGCTTGACTTC,0,585301
araCp,0.5,1,1,CTAGGACCAGTACCGATCGG,0,575440
araCp,0.5,1,1,CTAGCTGGTGAGTGGTTCGA,0,580004
araCp,0.5,1,1,CTAGCTGCGCAAGTGAATCG,0,588105
araCp,0.5,1,1,CTAGCCTGAACATCTTGCTC,0,545245
araCp,0.5,1,1,CTAGCATCTGAATAAAGCCC,0,588312
araCp,0.5,1,1,CTAGCATAGTGGAGGCTCCA,0,590180
araCp,0.5,1,1,CTAGATTTGCCCTTTTGGAT,0,544973
araCp,0.5,1,1,CTAGAGTTTGTACTGTCCTT,0,575989
araCp,0.5,1,1,CTAGACCTTTTGGACCATAT,0,586118
araCp,0.5,1,1,CTACTATCTCCCGCATTACT,0,549556
araCp,0.5,1,1,CTACGTTGATTTCTAAAGGG,0,539378
araCp,0.5,1,1,CTACGTTCCAGGGTGATCAG,0,540300
araCp,0.5,1,1,CTACGGCTGAGGACAGATAC,0,598018
araCp,0.5,1,1,CTACGCATACCTAGAGGGTG,0,564085
araCp,0.5,1,1,CTACGCAGAATACATTAGAC,0,555681
araCp,0.5,1,1,CTACGAAAGGGGTTAAGGCA,0,570702
araCp,0.5,1,1,CTACCGTCCTGCTCGATTCG,0,553551
araCp,0.5,1,1,CTACCAACCGGTCTAGTAAC,0,529151
araCp,0.5,1,1,CTACATGACGGGTCTATCCG,0,537212
araCp,0.5,1,1,CTACAGTACTGGCACCAATC,0,531648
araCp,0.5,1,1,CTACAGGCTCAATAAGCAAG,0,589749
araCp,0.5,1,1,CTACACGACTCCATGGCCAA,0,601451
araCp,0.5,1,1,CTACACACCGTGGCCGCCTC,0,535194
araCp,0.5,1,1,CTAATTCTGGAGGGGGGCGC,0,560350
araCp,0.5,1,1,CTAATTCAGTTTGATACGCC,0,540750
araCp,0.5,1,1,CTAAGGTTACAAGTGACCAA,0,543837
araCp,0.5,1,1,CTAAGGTGCGATGTCCCTTA,0,593351
araCp,0.5,1,1,CTAACTTTGAATTTAACCGA,0,602618
araCp,0.5,1,1,CTAACTGAGGAGAGCACAAC,0,558807
araCp,0.5,1,1,CTAAATCGATGATCTGCATA,0,585948
araCp,0.5,1,1,CGTTTATCGCATATCGATAG,0,544558
araCp,0.5,1,1,CGTTGGGTGCCCAGGGCGTT,0,559422
araCp,0.5,1,1,CGTTGCCGCAGCATCGAGGT,0,546884
araCp,0.5,1,1,CGTTCTTAATGAATACGTTT,0,578563
araCp,0.5,1,1,CGTTCGAATTGAGGTGTGGC,0,578224
araCp,0.5,1,1,CGTTACTACCTAGTTGGCAA,0,590647
araCp,0.5,1,1,CGTTACGGAGCAGGGCAGGC,0,602230
araCp,0.5,1,1,CGTTAAAGAGCTGGTCACGC,0,546651
araCp,0.5,1,1,CGTTAAAAAAAAAATGCTAA,0,556073
araCp,0.5,1,1,CGTGTTGCCTGATGGCTTTG,0,583138
araCp,0.5,1,1,CGTGTAACACTCCAGCAGTT,0,567897
araCp,0.5,1,1,CGTGTAAAGGGATCCCTGCT,0,573307
araCp,0.5,1,1,CGTGGTTGAGCATGATTTCG,0,572680
araCp,0.5,1,1,CGTGGGCTGAAATCTGAGCA,0,593752
araCp,0.5,1,1,CGTGCGGACTTACTAATCGC,0,542218
araCp,0.5,1,1,CGTGACAACACAGACAACTT,0,542686
araCp,0.5,1,1,CGTGAATGGATATTAAAAGG,0,586945
araCp,0.5,1,1,CGTCGTTAGGTGCCAATGCG,0,567348
araCp,0.5,1,1,CGTCGTAAATCACGCCTGAG,0,570223
araCp,0.5,1,1,CGTCGGGAGGGCATTCCGTC,0,596281
araCp,0.5,1,1,CGTCGCGGGACTGGCCACTT,0,599784
araCp,0.5,1,1,CGTCGCCAAACATTAATCCA,0,578647
araCp,0.5,1,1,CGTCGAGAACTTCTATCAAT,0,532767
araCp,0.5,1,1,CGTCCTGTGGTTATTGGAAA,0,567620
araCp,0.5,1,1,CGTCCCATGCCCAGTGAAGG,0,579666
araCp,0.5,1,1,CGTCCATTCAAACATACTTT,0,588615
araCp,0.5,1,1,CGTCCATCGCGACTATAATT,0,553979
araCp,0.5,1,1,CGTCCAGGCATCGCACCGTG,0,526666
araCp,0.5,1,1,CGTCCACATGACGCCTGGCT,0,535643
araCp,0.5,1,1,CGTCATGATGGCAGCATGGT,0,549705
araCp,0.5,1,1,CGTCACCTGCGGACTTATAA,0,540288
araCp,0.5,1,1,CGTCAAGTGTTATAACTGTC,0,599822
araCp,0.5,1,1,CGTATGATCGTAACGTTTTC,0,550932
araCp,0.5,1,1,CGTATGACGTATTTAATGGA,0,565896
araCp,0.5,1,1,CGTATCTTGGCTAATGCGAC,0,582045
araCp,0.5,1,1,CGTAGTTAGGGGTGAATAGT,0,539915
araCp,0.5,1,1,CGTAGTAATCAGCCCCGACC,0,573603
araCp,0.5,1,1,CGTAGCATGGGTAGTCCTCA,0,559121
araCp,0.5,1,1,CGTACTGGTTGCAATTAGAT,0,528074
araCp,0.5,1,1,CGTACTCCTATCCAATGGTT,0,590343
araCp,0.5,1,1,CGTACTAAAAACCACTGTTC,0,552816
araCp,0.5,1,1,CGTACGTACCTACGAATCGT,0,602654
araCp,0.5,1,1,CGTACGGCTGGGAGCGTATA,0,535849
araCp,0.5,1,1,CGTACATTTAAGCTGAGTTT,0,526009
araCp,0.5,1,1,CGTACACGCGCAGAGGGAGC,0,561133
araCp,0.5,1,1,CGTAAGACTTGCTTCCGGTT,0,587438
araCp,0.5,1,1,CGTAACGGATGGGATGATTA,0,550228
araCp,0.5,1,1,CGTAAATTTAACGTTTGCTA,0,579770
araCp,0.5,1,1,CGGTTCTCGAAGGCCGCTTC,0,603241
araCp,0.5,1,1,CGGTTATTGTCTAGTGCGTT,0,593739
araCp,0.5,1,1,CGGTTATGGTGCAATTACGA,0,583405
araCp,0.5,1,1,CGGTTACGCATAGGAGCACT,0,583309
araCp,0.5,1,1,CGGTGTGAAGGCTCGTAATA,0,577567
araCp,0.5,1,1,CGGTGCCTTCGATCGCAAAG,0,593231
araCp,0.5,1,1,CGGTGATCGCGGCCAATGGC,0,561348
araCp,0.5,1,1,CGGTGAGACTCGACACGTTT,0,576535
araCp,0.5,1,1,CGGTCGATATAGATACACAT,0,550787
araCp,0.5,1,1,CGGTCATAGATCTAGGGTCT,0,599588
araCp,0.5,1,1,CGGTCAGTTTGTGTTGCCCG,0,554421
araCp,0.5,1,1,CGGTAGTAAAACATGATAAC,0,594521
araCp,0.5,1,1,CGGTACTACGCAAAGCACCA,0,589725
araCp,0.5,1,1,CGGTACATTAATTTCGTACA,0,574759
araCp,0.5,1,1,CGGTAAAAACGAGGCAGCTT,0,556979
araCp,0.5,1,1,CGGGTTGTACTGCCCTCACC,0,558325
araCp,0.5,1,1,CGGGTTAGCGCTAAGCCATA,0,557489
araCp,0.5,1,1,CGGGTGATGTTAATGATCAA,0,570106
araCp,0.5,1,1,CGGGTGATAATATGTTCGGA,0,583645
araCp,0.5,1,1,CGGGTCCGTCAGAAAGCAGG,0,554501
araCp,0.5,1,1,CGGGTCCGCTCAATTGGCTG,0,527569
araCp,0.5,1,1,CGGGGTGATAAACGTATACG,0,549728
araCp,0.5,1,1,CGGGGTAACTACAATCTAGG,0,593268
araCp,0.5,1,1,CGGGCTGATTAACGTGTGAC,0,538536
araCp,0.5,1,1,CGGGCTAATTAGATGCGTTC,0,586243
araCp,0.5,1,1,CGGGCGTGGTTAGTCTAGTA,0,555946
araCp,0.5,1,1,CGGGCGCTAGGGTCTTATGC,0,583255
araCp,0.5,1,1,CGGGCGCCAATATCCAGAGG,0,554183
araCp,0.5,1,1,CGGGCACCTCAGTCTATTCT,0,588664
araCp,0.5,1,1,CGGGATTTGGAGCACTCACT,0,568792
araCp,0.5,1,1,CGGGAAAAACTGAGGGAGCA,0,586044
araCp,0.5,1,1,CGGCTCATACTGAGTGTCGC,0,587552
araCp,0.5,1,1,CGGCGTGCGACTCAATTTTT,0,549484
araCp,0.5,1,1,CGGCGCCTGGGTTTGACGAG,0,553509
araCp,0.5,1,1,CGGCGCATCTGATCATATGC,0,566043
araCp,0.5,1,1,CGGCGACCTGGTCGGACACA,0,577761
araCp,0.5,1,1,CGGCGAATTCAAAAGCACAA,0,526614
araCp,0.5,1,1,CGGCCTGAACTTTACGGTAA,0,595018
araCp,0.5,1,1,CGGCCGTAATCCTCGAGAGT,0,529160
araCp,0.5,1,1,CGGCCCTCAGGCGTGGCGGC,0,553775
araCp,0.5,1,1,CGGCCCCTATAGTATGGTTG,0,559221
araCp,0.5,1,1,CGGCCCCTAGGTAAGAATCC,0,547699
araCp,0.5,1,1,CGGCCCAGGTCATGTAGCGC,0,588847
araCp,0.5,1,1,CGGCCACAGGTATGTTACGT,0,527924
araCp,0.5,1,1,CGGCAGAATCTCAATGTTCT,0,577986
araCp,0.5,1,1,CGGATTATACGGTAAGTTCT,0,572517
araCp,0.5,1,1,CGGATCCCGAGTATAAGCAA,0,546622
araCp,0.5,1,1,CGGATCAGTATCGCTGCATG,0,553461
araCp,0.5,1,1,CGGACCTGTTAGACCTTATT,0,568020
araCp,0.5,1,1,CGGACCTGTAGCCCTAAAGA,0,586524
araCp,0.5,1,1,CGGACAGCACAACTAGGACA,0,565173
araCp,0.5,1,1,CGGACAACTTGAATGGGGTC,0,551648
araCp,0.5,1,1,CGGAAGTCTATTTGATGCTC,0,532908
araCp,0.5,1,1,CGGAAGAATCTAGTACTCCG,0,600926
araCp,0.5,1,1,CGGAAAGGAACTTCGCTGGC,0,534699
araCp,0.5,1,1,CGCTTCCGGAACGTTTGTGA,0,567718
araCp,0.5,1,1,CGCTTACTGGCTATAGCCGA,0,537356
araCp,0.5,1,1,CGCTGTTGAAGTATTCGGGT,0,527087
araCp,0.5,1,1,CGCTGGTACGGTTATAATGT,0,552113
araCp,0.5,1,1,CGCTCGTTCCATGTGAGGTC,0,574549
araCp,0.5,1,1,CGCTCGATAGTCTCAAGTGA,0,541497
araCp,0.5,1,1,CGCTCAATTCAACTCCCACA,0,600142
araCp,0.5,1,1,CGCTATAGCGGTGCCTCTAG,0,568683
araCp,0.5,1,1,CGCTAGAGTGATCTACACAT,0,568783
araCp,0.5,1,1,CGCTACGGAACATCACGTGG,0,603078
araCp,0.5,1,1,CGCGTCCCTCGGATAGAGGA,0,548591
araCp,0.5,1,1,CGCGTCACCTATGCTCCCAG,0,558437
araCp,0.5,1,1,CGCGGTGACTAAGGATCCGG,0,601707
araCp,0.5,1,1,CGCGGTCTGAAAACGGATGG,0,538847
araCp,0.5,1,1,CGCGGCATCCTCGATGTTTA,0,586194
araCp,0.5,1,1,CGCGCTTGGCAGTAGGACTC,0,542275
araCp,0.5,1,1,CGCGCTGAGGCTTACAATCT,0,536256
araCp,0.5,1,1,CGCGCCGACAGCGAGCTCGG,0,527434
araCp,0.5,1,1,CGCGCACTTTCTTAGAAATT,0,595882
araCp,0.5,1,1,CGCGCAACTTGGTTGCCACA,0,597438
araCp,0.5,1,1,CGCGATTTGGGAGTAGGAAG,0,593208
araCp,0.5,1,1,CGCGAGGCGGGGTACAATTA,0,552358
araCp,0.5,1,1,CGCGACGACTATCAGTTCGC,0,572364
araCp,0.5,1,1,CGCGACACTTATTGATATGG,0,571799
araCp,0.5,1,1,CGCGAAAGGGCCATGTGTGT,0,563796
araCp,0.5,1,1,CGCCTTCATGTCTGATGCAT,0,542149
araCp,0.5,1,1,CGCCTGGCATGGTCGTCTTG,0,529465
araCp,0.5,1,1,CGCCTGCCGCATAAGTCGCT,0,547883
araCp,0.5,1,1,CGCCTCAATAAACGAGAGCG,0,551084
araCp,0.5,1,1,CGCCGCCTTACGGGCCGTGG,0,565143
araCp,0.5,1,1,CGCCCTTGGCTCGGGGTCTC,0,566288
araCp,0.5,1,1,CGCCCTGGGACGGCATAATA,0,557307
araCp,0.5,1,1,CGCCCGGGGAAGCATGTGTA,0,547359
araCp,0.5,1,1,CGCCCGGGCAACGCAAAACT,0,597043
araCp,0.5,1,1,CGCCCGCACTATCCTACTTT,0,545901
araCp,0.5,1,1,CGCCCCTTCTCCTTGAGCGA,0,560284
araCp,0.5,1,1,CGCCAGAGCTTCGGTACGGG,0,566270
araCp,0.5,1,1,CGCATTGGTACGCCCCACTA,0,588226
araCp,0.5,1,1,CGCATTGGGGGATGTAAACG,0,548866
araCp,0.5,1,1,CGCATGGGCAACCCAAGAGA,0,585560
araCp,0.5,1,1,CGCATGACATGTAACGCTTA,0,566716
araCp,0.5,1,1,CGCATCTTTTAGTACCAAGA,0,570209
araCp,0.5,1,1,CGCATCTATCATCGCGGTGG,0,534067
araCp,0.5,1,1,CGCAGTAGGGAAATCGTGGT,0,557655
araCp,0.5,1,1,CGCAGGTCTGGCGCAGTTAG,0,555101
araCp,0.5,1,1,CGCAGATGGAGAAACCATGC,0,557425
araCp,0.5,1,1,CGCAGAATCGATTCTTCACA,0,587306
araCp,0.5,1,1,CGCACGAGACCAGGACCGCG,0,603686
araCp,0.5,1,1,CGCACCTTTGCGCCGGGGAA,0,536855
araCp,0.5,1,1,CGCACCTAAAAAGCGCCATT,0,546569
araCp,0.5,1,1,CGCAAGTCGCACTATACGAT,0,543271
araCp,0.5,1,1,CGCAACTCACGACAGAAAGC,0,600804
araCp,0.5,1,1,CGATTTAAGTTCCGGTAAGA,0,563420
araCp,0.5,1,1,CGATTGCTGGCCAGTCGTCG,0,554297
araCp,0.5,1,1,CGATTCCTGCCCGAAGTGAG,0,597913
araCp,0.5,1,1,CGATTATGTCAAGCTCCTGT,0,580807
araCp,0.5,1,1,CGATTAATAGTTTATCGACG,0,598682
araCp,0.5,1,1,CGATTAAACGGCCCACGTCC,0,582971
araCp,0.5,1,1,CGATGGTCTCAAGATCGCTA,0,576008
araCp,0.5,1,1,CGATGATCGGATCATAGAGG,0,574918
araCp,0.5,1,1,CGATGAAATTCAACCATCTT,0,554907
araCp,0.5,1,1,CGATCTTCCTGCAAAATTTT,0,570144
araCp,0.5,1,1,CGATCCACGAGGGCTGAAAT,0,562517
araCp,0.5,1,1,CGATATTTACCATTGGGTGC,0,561874
araCp,0.5,1,1,CGATATCAGAGGAGTTAGGA,0,538070
araCp,0.5,1,1,CGATAGTAGCGAGGTAACTT,0,553199
araCp,0.5,1,1,CGATAGAGAACTCCACTGCG,0,536982
araCp,0.5,1,1,CGATACTGTTTAGTCCACTT,0,556991
araCp,0.5,1,1,CGATACATATGAATTAGCGA,0,602363
araCp,0.5,1,1,CGAGTTCTTTTAAGCAACCG,0,587655
araCp,0.5,1,1,CGAGTTCGCAAACAGGACTA,0,566659
araCp,0.5,1,1,CGAGTGCAGCCTGGAATGGA,0,569197
araCp,0.5,1,1,CGAGGTGATGACCAGGGGTA,0,537996
araCp,0.5,1,1,CGAGCTATGCGTCTGATTCA,0,600683
araCp,0.5,1,1,CGAGCTACGCTCTAGATCAA,0,540025
araCp,0.5,1,1,CGAGCGGAGGGCGCTCTTCC,0,575645
araCp,0.5,1,1,CGAGCGCTAACAATGACGAT,0,548706
araCp,0.5,1,1,CGAGCCATGGCTCCTCTCTA,0,544695
araCp,0.5,1,1,CGAGCATACGAATTCTTCCA,0,587989
araCp,0.5,1,1,CGAGCAGGCGATGTCTTCAA,0,547206
araCp,0.5,1,1,CGAGATCCCGATTTACAAAT,0,541539
araCp,0.5,1,1,CGAGAGTTGGGGGAACCCGG,0,600346
araCp,0.5,1,1,CGAGAAGACATTATTGCTCA,0,558338
araCp,0.5,1,1,CGACTGTCCAACAGATGTAT,0,567468
araCp,0.5,1,1,CGACTGGCCTATTAGATAGA,0,533535
araCp,0.5,1,1,CGACTATCACCCATGGGAAA,0,597681
araCp,0.5,1,1,CGACTAACCCTCTGATTAGG,0,581505
araCp,0.5,1,1,CGACGGCCTTGATGTGTCAC,0,576394
araCp,0.5,1,1,CGACCGTGTAACATTTCACC,0,533272
araCp,0.5,1,1,CGACCCTTTTGGTCCCTTAT,0,568871
araCp,0.5,1,1,CGACCCAAAAGACCCGGGGG,0,582669
araCp,0.5,1,1,CGACACGGGCTGAAGAAAAG,0,593552
araCp,0.5,1,1,CGACAACAACGAACTATGTT,0,563863
araCp,0.5,1,1,CGAATTTCTCGTAAAGGCTC,0,601203
araCp,0.5,1,1,CGAATATCCCGATCTGAGAA,0,559075
araCp,0.5,1,1,CGAATAATTCTCGGGCGACA,0,574688
araCp,0.5,1,1,CGAAGTTTTCGTGACGCAGT,0,532497
araCp,0.5,1,1,CGAAGTCTGAGAACGCGTAT,0,601791
araCp,0.5,1,1,CGAAGCTCTACCTAAGTGTA,0,525846
araCp,0.5,1,1,CGAAGACGCCCAGAGATTCC,0,595008
araCp,0.5,1,1,CGAACTAAAGTCCACGTCGT,0,591547
araCp,0.5,1,1,CGAACGTATCGGGATGTGCT,0,547981
araCp,0.5,1,1,CGAAAGGATAGGCTGGAAAG,0,559571
araCp,0.5,1,1,CGAAACGTAGATCGACTAAG,0,578867
araCp,0.5,1,1,CGAAAAGTTCCATGGCTAGA,0,584762
araCp,0.5,1,1,CGAAAACAAGAAAGCCTCTA,0,574733
araCp,0.5,1,1,CCTTTTAGGTATCAACGTTG,0,549731
araCp,0.5,1,1,CCTTGTATTTGGCTCAGAGA,0,556149
araCp,0.5,1,1,CCTTCGCCGGAGCCCAGATC,0,570681
araCp,0.5,1,1,CCTTCCGCAGTGGGATGCCT,0,549982
araCp,0.5,1,1,CCTTCCAGGTAGTTTATTTG,0,579535
araCp,0.5,1,1,CCTTATCGCCGCAGCGAGCA,0,573313
araCp,0.5,1,1,CCTTAGGAAGTGAACCATGC,0,589614
araCp,0.5,1,1,CCTTAGCACCGAGAGGTACT,0,586825
araCp,0.5,1,1,CCTTAGATGAGACGCACGTA,0,592903
araCp,0.5,1,1,CCTGTTTAGCACGGCAGAGT,0,591955
araCp,0.5,1,1,CCTGTGATCTTTGCAGTTAG,0,558307
araCp,0.5,1,1,CCTGTCCGTGTCAAAGCTGA,0,563887
araCp,0.5,1,1,CCTGTAGGTGGTTTCGCCCA,0,565659
araCp,0.5,1,1,CCTGTAATACCTTCAGATGA,0,576626
araCp,0.5,1,1,CCTGGTGGTCGTACGCGTAG,0,579252
araCp,0.5,1,1,CCTGGGTGACCGCCACCCTT,0,576385
araCp,0.5,1,1,CCTGGGTCGCGCATGAGTGC,0,551322
araCp,0.5,1,1,CCTGGCGGTTTCTATTATAA,0,580392
araCp,0.5,1,1,CCTGGAGCTACCATAATTGA,0,528872
araCp,0.5,1,1,CCTGGAACCTGAACAAATAT,0,580535
araCp,0.5,1,1,CCTGCTGGAGTTCTGTAATT,0,533396
araCp,0.5,1,1,CCTGCTACCGGGGGTCCCTT,0,548632
araCp,0.5,1,1,CCTGCGTAGAGCTCTAATGA,0,534202
araCp,0.5,1,1,CCTGATTAGAGATTGGTGTG,0,581939
araCp,0.5,1,1,CCTCTTGGGGCACCGTATTA,0,564975
araCp,0.5,1,1,CCTCTTGCGCCCTTACGCAA,0,558285
araCp,0.5,1,1,CCTCTGTCTCCGCGGTCGTC,0,587451
araCp,0.5,1,1,CCTCTGGTCCTCACTTATCA,0,536694
araCp,0.5,1,1,CCTCTCCGATAAGCGGGGAG,0,526318
araCp,0.5,1,1,CCTCTAGTCGATACGGGCGC,0,528259
araCp,0.5,1,1,CCTCGTATCATCTCAACAGT,0,556853
araCp,0.5,1,1,CCTCGGTACGGGAGTTAGAT,0,532620
araCp,0.5,1,1,CCTCCTTTTTAGCTATTCCG,0,534015
araCp,0.5,1,1,CCTCCTCTTCGCCTTTTATG,0,542043
araCp,0.5,1,1,CCTCCCTACGTGAGGGCCGC,0,564196
araCp,0.5,1,1,CCTCCCCTGTCTGTAGGACC,0,530621
araCp,0.5,1,1,CCTCATCCCCGTAACGCAAC,0,585162
araCp,0.5,1,1,CCTCAGGGGCTAAGAATCAG,0,588823
araCp,0.5,1,1,CCTCACTAGGGGCATGCATA,0,557384
araCp,0.5,1,1,CCTCACACCTAATAAACGCC,0,531081
araCp,0.5,1,1,CCTCACAACGTAGAGTGGGG,0,581919
araCp,0.5,1,1,CCTATGGGGTTGTCATTGAT,0,541714
araCp,0.5,1,1,CCTATGGCGTTTATTACTAC,0,549287
araCp,0.5,1,1,CCTATGCCCAGTAGAGGCAG,0,571843
araCp,0.5,1,1,CCTATAAGGGTAAGGAAAAG,0,560063
araCp,0.5,1,1,CCTACGCCGGTGACTATAGA,0,558212
araCp,0.5,1,1,CCTACCTTTTCGTACGAATT,0,579563
araCp,0.5,1,1,CCTAATGCATTGTCTTATGT,0,586784
araCp,0.5,1,1,CCTAACGTCACAGTCACTGT,0,598264
araCp,0.5,1,1,CCGTTAGATTGAATCTAAAA,0,581584
araCp,0.5,1,1,CCGTGTTGATCCGGGTCTCA,0,548889
araCp,0.5,1,1,CCGTGTGGAGTCATACGGAT,0,529179
araCp,0.5,1,1,CCGTGCCTCGGGGCCAACTA,0,603538
araCp,0.5,1,1,CCGTCCGTCACCTAGACAGA,0,599463
araCp,0.5,1,1,CCGTCATCGGATAGTGGATT,0,548829
araCp,0.5,1,1,CCGTATGAGGACCGGCAAGA,0,530121
araCp,0.5,1,1,CCGTAAAGACCATCACAATG,0,594505
araCp,0.5,1,1,CCGGTTCCCACGCTCCATAC,0,575900
araCp,0.5,1,1,CCGGTGGAGGCACTGTCAAT,0,549812
araCp,0.5,1,1,CCGGTCGTACCGAATCGTGT,0,552713
araCp,0.5,1,1,CCGGTAACCGCCTTCAATAC,0,536810
araCp,0.5,1,1,CCGGGGCACATCTATGCAGT,0,587338
araCp,0.5,1,1,CCGGCTACATTCGCCTTGGA,0,577632
araCp,0.5,1,1,CCGGCATATGGTCACTAAGC,0,569849
araCp,0.5,1,1,CCGGACCCAACGAGGGTATC,0,530018
araCp,0.5,1,1,CCGGACACAACGACCTATAA,0,552275
araCp,0.5,1,1,CCGGAAGTCGTCCGATAGGA,0,549978
araCp,0.5,1,1,CCGGAAGAACGCTATATGGC,0,571266
araCp,0.5,1,1,CCGCTGGTCCACATATCTAC,0,578104
araCp,0.5,1,1,CCGCTGATGACATGTTTATT,0,543847
araCp,0.5,1,1,CCGCTCTCGGCAGAGATGTC,0,546960
araCp,0.5,1,1,CCGCTCGTCCTAACTCACAA,0,542111
araCp,0.5,1,1,CCGCTAGCAGACAAAGTGGC,0,571680
araCp,0.5,1,1,CCGCGTTTAAAGCCTGTCGT,0,556603
araCp,0.5,1,1,CCGCGTATTGATTTATCGAG,0,584134
araCp,0.5,1,1,CCGCGGGCGGACTGAAAACA,0,593361
araCp,0.5,1,1,CCGCGCGGGCGCTGGAACAA,0,597600
araCp,0.5,1,1,CCGCGCCCAATCCGAGGCCA,0,538386
araCp,0.5,1,1,CCGCGAACATGCTACCAAAT,0,596152
araCp,0.5,1,1,CCGCCGATCGGGTACAGTGG,0,575891
araCp,0.5,1,1,CCGCCGATCACCAAGGTCTT,0,601806
araCp,0.5,1,1,CCGCCGAGGCTATGCATCTT,0,601658
araCp,0.5,1,1,CCGCATGGTGAATAAGTATG,0,587409
araCp,0.5,1,1,CCGCAGCATAGGCTCAGAGT,0,571675
araCp,0.5,1,1,CCGATTGGACGGGTAGCGGG,0,599442
araCp,0.5,1,1,CCGATTAGCTTCGACACTTC,0,560464
araCp,0.5,1,1,CCGATGTTGTGAGTATTTAC,0,562871
araCp,0.5,1,1,CCGATGTATTGAGCTTAGGC,0,571503
araCp,0.5,1,1,CCGATGACCTCATATACGAG,0,600497
araCp,0.5,1,1,CCGATCATATTCAAGGCTGT,0,528549
araCp,0.5,1,1,CCGACCTGGACTGGACTATT,0,565681
araCp,0.5,1,1,CCGACACATTTAGCTGGACC,0,601593
araCp,0.5,1,1,CCGAAGGTGGATCCAGCATA,0,563543
araCp,0.5,1,1,CCGAACTCACTTGCTAGTGA,0,541487
araCp,0.5,1,1,CCGAAAGGGATTCGACATGG,0,588277
araCp,0.5,1,1,CCCTTTTACAACGAGGGCAT,0,540393
araCp,0.5,1,1,CCCTGTAAATGGACCAGTAT,0,584055
araCp,0.5,1,1,CCCTGCCGCGATGGGGCTTC,0,579243
araCp,0.5,1,1,CCCTCTAGCCGGGGGTCGAG,0,528718
araCp,0.5,1,1,CCCTCCATCTTCGCGTCAGA,0,571351
araCp,0.5,1,1,CCCTATTAGACTAATCACTG,0,541483
araCp,0.5,1,1,CCCTAGAGACCGATCGGAAC,0,598391
araCp,0.5,1,1,CCCGTTAGATGCCTTGACGT,0,528085
araCp,0.5,1,1,CCCGTGGCTGTGAATTATAT,0,599525
araCp,0.5,1,1,CCCGTCCCGCCGAGTTCACG,0,531611
araCp,0.5,1,1,CCCGTATCGACAGTAACCCA,0,536927
araCp,0.5,1,1,CCCGTAGTGGTACGAAATAT,0,598316
araCp,0.5,1,1,CCCGTACTATCCGTTAGGCC,0,527519
araCp,0.5,1,1,CCCGTACATTGGGTGTGGTC,0,533177
araCp,0.5,1,1,CCCGTACAGAACACTAATAA,0,578023
araCp,0.5,1,1,CCCGGTAGTTTAAGCATTCC,0,569915
araCp,0.5,1,1,CCCGGGTGCGCTGCATATCC,0,562236
araCp,0.5,1,1,CCCGGCCAAATATTGATAGT,0,530487
araCp,0.5,1,1,CCCGCTTGGCAGGGGAACGG,0,588410
araCp,0.5,1,1,CCCGCTACCCGCGAGTAATG,0,584043
araCp,0.5,1,1,CCCGCCTAACGTCACAGCGA,0,564120
araCp,0.5,1,1,CCCGAAATCTGGATACCTGT,0,526152
araCp,0.5,1,1,CCCCTTGCGAGAGCGCGTGT,0,550457
araCp,0.5,1,1,CCCCTACATGTTGTCAAAGG,0,533820
araCp,0.5,1,1,CCCCGCGTCAGCATGTGAAC,0,579521
araCp,0.5,1,1,CCCCGCCTCTGACCAGAGAG,0,599545
araCp,0.5,1,1,CCCCCTCGGGGAGCCCCTTA,0,596205
araCp,0.5,1,1,CCCCCCACTGACTCCTAGCA,0,583265
araCp,0.5,1,1,CCCCAGTTTCTGACGGCTCG,0,592034
araCp,0.5,1,1,CCCCAGGAAGAGTACCTTGG,0,546333
araCp,0.5,1,1,CCCCACGAGATCGATGGAGC,0,550297
araCp,0.5,1,1,CCCATTGGGAGGAAGGAGCA,0,536560
araCp,0.5,1,1,CCCATGACGACCGCAGATAT,0,557130
araCp,0.5,1,1,CCCATAGAATGGCAGGCGTA,0,561957
araCp,0.5,1,1,CCCATAAGTTGCGCGACGGC,0,534566
araCp,0.5,1,1,CCCAGTGTGACTTGACGCTA,0,558099
araCp,0.5,1,1,CCCAGCCAGATGGTGCTCTT,0,592843
araCp,0.5,1,1,CCCAGCAACGAAAAAGCCAT,0,549732
araCp,0.5,1,1,CCCACTGGGGATGATACGTA,0,542805
araCp,0.5,1,1,CCCACACTTAGTAAGTAGAC,0,578184
araCp,0.5,1,1,CCCACACGTATCGAACTGGT,0,548291
araCp,0.5,1,1,CCCAACCAGAGGACCCAGAT,0,548456
araCp,0.5,1,1,CCCAACATTGACCGTTCAAC,0,527053
araCp,0.5,1,1,CCCAAAACGAAGGGACGGGG,0,586426
araCp,0.5,1,1,CCATTTTTTTGTGACGAGTT,0,565237
araCp,0.5,1,1,CCATTTGGGCGCTATTCTCG,0,551729
araCp,0.5,1,1,CCATTTCTTCTTCCGTCATA,0,539512
araCp,0.5,1,1,CCATTCCTGTCGGAAAAGCC,0,601589
araCp,0.5,1,1,CCATTATTCATGCCTTTCAC,0,547986
araCp,0.5,1,1,CCATGCCCTACCCATCCTCT,0,569403
araCp,0.5,1,1,CCATGAGGGTGGTGATCTTA,0,563084
araCp,0.5,1,1,CCATGAGCACGACACAATCA,0,600200
araCp,0.5,1,1,CCATGACTCTCCCGCCACTG,0,549403
araCp,0.5,1,1,CCATCTGTGTGAGCTTAGTA,0,577082
araCp,0.5,1,1,CCATCAACCCCTGTCTAATA,0,579080
araCp,0.5,1,1,CCATATCAAAAGATAACCGA,0,598405
araCp,0.5,1,1,CCAGTTATTTCTTGTGAAAC,0,539113
araCp,0.5,1,1,CCAGGTGGTCTCAATCGCAA,0,585987
araCp,0.5,1,1,CCAGGGACTCTGTAGAGGTC,0,531198
araCp,0.5,1,1,CCAGGCTAGCCGTTCCACGC,0,550563
araCp,0.5,1,1,CCAGGATGTATTAACTCGCT,0,545034
araCp,0.5,1,1,CCAGGACGGTCAGGACCCGT,0,586868
araCp,0.5,1,1,CCAGCGTCTTCATTACGGCA,0,548177
araCp,0.5,1,1,CCAGCGCCGAATGTCCCCAA,0,533506
araCp,0.5,1,1,CCAGCCAGGTATCTTCGCGC,0,566496
araCp,0.5,1,1,CCACTGGCGTTAAGACTTAA,0,581184
araCp,0.5,1,1,CCACTATCGTAGGGGACCCA,0,532845
araCp,0.5,1,1,CCACGTAGCCTTTGCCACAA,0,576602
araCp,0.5,1,1,CCACGGGAGTAATCGACTGG,0,557504
araCp,0.5,1,1,CCACGCTTGTATGGCCCCCT,0,573145
araCp,0.5,1,1,CCACGAGGCTAGTTCTGGAT,0,573997
araCp,0.5,1,1,CCACCGCGTCATATGACGAC,0,572241
araCp,0.5,1,1,CCACCAATTAGTACCCCACG,0,532828
araCp,0.5,1,1,CCACATCGTGGCAATCTTGC,0,554715
araCp,0.5,1,1,CCACAGTGTTGAGTAGGTCC,0,545729
araCp,0.5,1,1,CCACAGTGCCTCCTCACACA,0,584927
araCp,0.5,1,1,CCAATTCGACGCTATGGTCT,0,567357
araCp,0.5,1,1,CCAATGATGACCGACTAGGG,0,578600
araCp,0.5,1,1,CCAAGTTGCACTTTCATCTA,0,592696
araCp,0.5,1,1,CCAAGGGCGCGGGTGAGATA,0,573865
araCp,0.5,1,1,CCAAGCTCAGTGGTAACAAT,0,597034
araCp,0.5,1,1,CCAACTGCCCCCGACAAGTT,0,557725
araCp,0.5,1,1,CCAAATACTTGTGCTCGGAT,0,551139
araCp,0.5,1,1,CCAAATACGACCTACAGTTT,0,538533
araCp,0.5,1,1,CCAAAGGGGAAACCCACCGA,0,538043
araCp,0.5,1,1,CCAAACATTGATCCCGATCT,0,581922
araCp,0.5,1,1,CCAAAACTACTCGACGGCTC,0,542672
araCp,0.5,1,1,CCAAAAATCTCCCCCTAGGC,0,564723
araCp,0.5,1,1,CATTTCCCATGGTCTATCTT,0,591523
araCp,0.5,1,1,CATTGTGCACTAGACCGTGT,0,549725
araCp,0.5,1,1,CATTGTGACTGTTGCGAGGT,0,556116
araCp,0.5,1,1,CATTGTATTGCGGGTCAAAC,0,530308
araCp,0.5,1,1,CATTGGTAAGCGTCCACAGT,0,574566
araCp,0.5,1,1,CATTGGGGCAGTCATAGGCT,0,539120
araCp,0.5,1,1,CATTGCTCCTATATACACCA,0,575939
araCp,0.5,1,1,CATTGCCTGTTCCATAACAG,0,584329
araCp,0.5,1,1,CATTGAGGTACAACCCCACG,0,583681
araCp,0.5,1,1,CATTCTCGACGCTCTCTCTG,0,575881
araCp,0.5,1,1,CATTCCGTACTTAGTGAAGG,0,531926
araCp,0.5,1,1,CATTATGTGTGTCTCCTGGT,0,592163
araCp,0.5,1,1,CATTAGGTATGGACCCGTTG,0,529848
araCp,0.5,1,1,CATTACATGGTTAGATCCGT,0,598350
araCp,0.5,1,1,CATGTTCCGCGGTGTTCTGC,0,595499
araCp,0.5,1,1,CATGTAAGATCAAGCCTTTT,0,528688
araCp,0.5,1,1,CATGGTTGCCTGCTTGCTCA,0,568766
araCp,0.5,1,1,CATGGGTGAAGTCGTGAGGG,0,560690
araCp,0.5,1,1,CATGGCTTATCGCTTACGAT,0,574541
araCp,0.5,1,1,CATGGCCGTGTATATTCACA,0,584555
araCp,0.5,1,1,CATGGAGGTGTTAACGAGGC,0,599791
araCp,0.5,1,1,CATGCTGTCATACATGTAGG,0,561641
araCp,0.5,1,1,CATGCTAATAGCATTTCAGA,0,536081
araCp,0.5,1,1,CATGCGGGAAGTGCGCGCTG,0,579472
araCp,0.5,1,1,CATGCGAATTTAACTTGCTC,0,529390
araCp,0.5,1,1,CATGCCTCTGCTGGGCCGAC,0,556906
araCp,0.5,1,1,CATGCACGTGAGGGGACTGG,0,597536
araCp,0.5,1,1,CATGAGGCAACCGGCGGAGG,0,543113
araCp,0.5,1,1,CATCTTAGCCGGCGGGGACA,0,525786
araCp,0.5,1,1,CATCTGTTGTTCTCATTTTA,0,569807
araCp,0.5,1,1,CATCTCCTGTAGGGCTGTAG,0,536379
araCp,0.5,1,1,CATCTATCCCGGGCGCGTGC,0,530726
araCp,0.5,1,1,CATCGTTTGTCAATTCGGCT,0,532548
araCp,0.5,1,1,CATCGCGGAACCCAGCGGTA,0,598324
araCp,0.5,1,1,CATCGCAACTGGGTCCGCAG,0,570301
araCp,0.5,1,1,CATCCTTGAGTTAGATCTCG,0,563869
araCp,0.5,1,1,CATCCTTGAGAGTTTTATCG,0,540400
araCp,0.5,1,1,CATCCTAATCCAGATTAGGA,0,534508
araCp,0.5,1,1,CATCCGGGGGGATATACAGG,0,569078
araCp,0.5,1,1,CATCCCTGGTTACTATATGT,0,538117
araCp,0.5,1,1,CATCCAAGACTATCAGAAAC,0,598538
araCp,0.5,1,1,CATCCAACTCAGAGAACAGG,0,529563
araCp,0.5,1,1,CATCATAGGTCATGACCGAA,0,548947
araCp,0.5,1,1,CATCAGAATAGGCTCGACCT,0,547118
araCp,0.5,1,1,CATCAAACTGCCGGGCCTTA,0,596730
araCp,0.5,1,1,CATATGCTGGTCAGAAAGGA,0,537668
araCp,0.5,1,1,CATAGTAATGGCGGTGGGCT,0,531695
araCp,0.5,1,1,CATAGGGCAACCACATCTAA,0,580115
araCp,0.5,1,1,CATAGATCGATATTCTTTCA,0,532645
araCp,0.5,1,1,CATAGAATCGCTATGAGCTA,0,529471
araCp,0.5,1,1,CATACCGGTATCACACAAAG,0,537268
araCp,0.5,1,1,CATACAGGAGGGGTTACAGT,0,567414
araCp,0.5,1,1,CATACACGGCCTGCTCTCGG,0,537111
araCp,0.5,1,1,CATACAACTGCTGGGTTCTC,0,551065
araCp,0.5,1,1,CATAATGTGGGTTTCAAAAA,0,567092
araCp,0.5,1,1,CATAAATGTTTCATACCTTT,0,558362
araCp,0.5,1,1,CAGTTGAAGGGGTGAGTGCA,0,560157
araCp,0.5,1,1,CAGTTAGGGGTACCATAGTA,0,587488
araCp,0.5,1,1,CAGTGGTAATGCATGGTGAT,0,534789
araCp,0.5,1,1,CAGTCTCGTTTAATTTTTGT,0,538335
araCp,0.5,1,1,CAGTCTAGCGTTTTACTAAC,0,539875
araCp,0.5,1,1,CAGTATGATCTGAGCAATGT,0,557309
araCp,0.5,1,1,CAGTACCTTCTTGCACAAGA,0,541550
araCp,0.5,1,1,CAGTAACGGATATGGCTTGT,0,549154
araCp,0.5,1,1,CAGGTGTACAGGTAATACCC,0,526320
araCp,0.5,1,1,CAGGTAAGAACAGAACGTTA,0,544708
araCp,0.5,1,1,CAGGGTAGGCAGTACGTAGG,0,565011
araCp,0.5,1,1,CAGGGCGATACCAGAATATT,0,542007
araCp,0.5,1,1,CAGGCCTGCAGAAACCGCAC,0,581988
araCp,0.5,1,1,CAGGATAAACCGTAATTACT,0,549557
araCp,0.5,1,1,CAGGAGCACTGATGCCCCCT,0,540800
araCp,0.5,1,1,CAGGAACGAGAGTAACCGCA,0,536428
araCp,0.5,1,1,CAGGAAACTGCGATGACGTT,0,549069
araCp,0.5,1,1,CAGCGCACGTAACGACGGCC,0,603522
araCp,0.5,1,1,CAGCGCAAGCCACTTTTAGA,0,551109
araCp,0.5,1,1,CAGCGAACGCCAAAGGGACA,0,598527
araCp,0.5,1,1,CAGCGAAAGAGTAAATCACA,0,593993
araCp,0.5,1,1,CAGCCGAGTACGGCTCAAGT,0,538191
araCp,0.5,1,1,CAGCATAACAGCATGTGTTA,0,570949
araCp,0.5,1,1,CAGCAACACTTCTGGGAGTC,0,559076
araCp,0.5,1,1,CAGATCGTTGGAGAAAAGTG,0,540696
araCp,0.5,1,1,CAGATAATGTCTACGATCAC,0,559659
araCp,0.5,1,1,CAGAGTCTCTATTGGTGGTG,0,559560
araCp,0.5,1,1,CAGAGTCAACGCAGGCATCG,0,532456
araCp,0.5,1,1,CAGAGTATAAGGTAGCAAGC,0,538137
araCp,0.5,1,1,CAGAGGGTAGTCTGCAAGGG,0,595359
araCp,0.5,1,1,CAGAGCGGTATGTAATTCAC,0,531633
araCp,0.5,1,1,CAGAGAAAGCTGGATACGTA,0,569240
araCp,0.5,1,1,CAGACGCTGGAGAGAACGAT,0,602533
araCp,0.5,1,1,CAGACAGATTAGTTGGCGAT,0,580649
araCp,0.5,1,1,CAGAAAATGAATCCGGCGAC,0,603196
araCp,0.5,1,1,CACTTGGGTTAATTTGCAAT,0,555787
araCp,0.5,1,1,CACTGTAGTTCACTAAGAAC,0,579013
araCp,0.5,1,1,CACTGGGGCTACACGGAGAC,0,564319
araCp,0.5,1,1,CACTGCGCAGGAATCGCATT,0,546080
araCp,0.5,1,1,CACTCGAGCTTTCTTGGTTA,0,531621
araCp,0.5,1,1,CACTCAGGAGGTGACCATGG,0,581486
araCp,0.5,1,1,CACTCACTCCGTCGGATGTA,0,557430
araCp,0.5,1,1,CACGTGGACCTCACCTTGGG,0,592153
araCp,0.5,1,1,CACGTACGCGTGGCGACTAT,0,594300
araCp,0.5,1,1,CACGTAAGATACCCGCCTAC,0,587737
araCp,0.5,1,1,CACGGTGCCTCCAAGATAAC,0,572298
araCp,0.5,1,1,CACGGTCGTAGGAGCACACA,0,561714
araCp,0.5,1,1,CACGGTAGGGGTGTAGAGTC,0,580950
araCp,0.5,1,1,CACGGCTTGCCCACTTCCTC,0,530384
araCp,0.5,1,1,CACGGCTCCATGACCAACGG,0,579223
araCp,0.5,1,1,CACGGATAGCACACAGGTAT,0,547670
araCp,0.5,1,1,CACGCTTGTCAATAAAGTAC,0,594144
araCp,0.5,1,1,CACGCAGAGGATAATGACGC,0,528086
araCp,0.5,1,1,CACGAGTGTCTGCACGCGGC,0,525681
araCp,0.5,1,1,CACCTGTCTCCATCAGCATC,0,535993
araCp,0.5,1,1,CACCGTTCCCATTTGTATGG,0,543410
araCp,0.5,1,1,CACCGTCGAACTCAAGGAAC,0,556237
araCp,0.5,1,1,CACCGTCCGTCTCTCGGGAA,0,534023
araCp,0.5,1,1,CACCGAATGATGCAACGACG,0,591232
araCp,0.5,1,1,CACCACTATAAACTATACAG,0,556548
araCp,0.5,1,1,CACCACAGCCACGTGATCAG,0,589539
araCp,0.5,1,1,CACATTGCAAACCGGACAGC,0,527397
araCp,0.5,1,1,CACATGCAATCATGCATGGG,0,529834
araCp,0.5,1,1,CACATATCCACGCAGACAAT,0,561258
araCp,0.5,1,1,CACATACGCCGGACTCTAAT,0,544031
araCp,0.5,1,1,CACAGGGCTCTCTTACGCTG,0,539148
araCp,0.5,1,1,CACAGCACTCATTGGTCAAT,0,580873
araCp,0.5,1,1,CACAGCAAAAAGCTCGGCAA,0,536951
araCp,0.5,1,1,CACACTTCTGACCTGAGGAA,0,539030
araCp,0.5,1,1,CACACGCGGGTAGTGGAGAA,0,596527
araCp,0.5,1,1,CACACGAGGACTCCGTGTTT,0,592223
araCp,0.5,1,1,CACAATTCGGGGAGCCCTAT,0,598625
araCp,0.5,1,1,CACAATCCGGTTTAGTGAAA,0,531252
araCp,0.5,1,1,CACAAGGTTGACCGACTGGA,0,600450
araCp,0.5,1,1,CACAACTCGTTCAAGATTCT,0,596669
araCp,0.5,1,1,CAATTTGTGGGGTGTAACAC,0,568053
araCp,0.5,1,1,CAATTTGCGGTAAGATTTAG,0,526219
araCp,0.5,1,1,CAATTTGCACGCGCCTCAAG,0,553596
araCp,0.5,1,1,CAATTTCCCTACGCAACACG,0,537582
araCp,0.5,1,1,CAATTGGTCTATGCGCCTCT,0,600676
araCp,0.5,1,1,CAATTGGGACTTGTAGCATC,0,585361
araCp,0.5,1,1,CAATTGGCCATCCAATATGT,0,574408
araCp,0.5,1,1,CAATTCGCTAATGTGGTTGT,0,581713
araCp,0.5,1,1,CAATTATGGTACAAGGGAAA,0,558366
araCp,0.5,1,1,CAATGCAGCCCTGTGCCATA,0,552423
araCp,0.5,1,1,CAATGATTCGTGGGGACTGA,0,577216
araCp,0.5,1,1,CAATCTCATTTAAAGTCATA,0,540358
araCp,0.5,1,1,CAATCGAGCGTCATAGTTCT,0,545514
araCp,0.5,1,1,CAATCCCTCCGCTCCTCGGA,0,540711
araCp,0.5,1,1,CAATATTACCAATAGTCAGA,0,539468
araCp,0.5,1,1,CAATATGAGGCGCCAACGGT,0,554429
araCp,0.5,1,1,CAATACTTTAACTACGACGG,0,565398
araCp,0.5,1,1,CAATACGAGATAGTATTACA,0,531144
araCp,0.5,1,1,CAATAAACATGATAGGCGCT,0,595866
araCp,0.5,1,1,CAAGTTTTACCCCACTTCCA,0,526825
araCp,0.5,1,1,CAAGTTCGGCTCTCGTAGTC,0,582340
araCp,0.5,1,1,CAAGTGGGATGTGCGCAAAT,0,538559
araCp,0.5,1,1,CAAGTCGATAGGATTTACTC,0,528719
araCp,0.5,1,1,CAAGTCCAGTCTTAAATGCG,0,586085
araCp,0.5,1,1,CAAGTAGACCTGTTCATAGG,0,582183
araCp,0.5,1,1,CAAGGTGCGCTCAGTGGAGT,0,563023
araCp,0.5,1,1,CAAGGGTAAGTCGGCGTTAG,0,582743
araCp,0.5,1,1,CAAGGATTGAACGAATCTGA,0,531133
araCp,0.5,1,1,CAAGGAGGTGGCGGAAGTGC,0,566971
araCp,0.5,1,1,CAAGCTGGACACACTTAGAG,0,564359
araCp,0.5,1,1,CAAGCGGAACCGTTTGGCCG,0,538807
araCp,0.5,1,1,CAAGCCGTTATAAACATTTC,0,593713
araCp,0.5,1,1,CAAGAGCCTGTGCCTACGAG,0,547598
araCp,0.5,1,1,CAAGAGACTGCGATAATTAA,0,552820
araCp,0.5,1,1,CAAGACTGCGACGGTTGTAA,0,540593
araCp,0.5,1,1,CAAGACATATCCAACGAGTC,0,551114
araCp,0.5,1,1,CAACTTGGTTTGTTATATGT,0,597193
araCp,0.5,1,1,CAACTGACGCGGATTACGTA,0,549043
araCp,0.5,1,1,CAACTCGTCTTCGTCATATT,0,546078
araCp,0.5,1,1,CAACTATAAGTTAGATAAAA,0,589651
araCp,0.5,1,1,CAACGTATGGTTTTGGCTCA,0,541203
araCp,0.5,1,1,CAACGGTGCGCAGTAGTCCG,0,592633
araCp,0.5,1,1,CAACGGGGCTTGTTCTTGCC,0,598874
araCp,0.5,1,1,CAACGGAAAAGTTTTGTAAT,0,532687
araCp,0.5,1,1,CAACGCCATAGAACCCCCGT,0,601172
araCp,0.5,1,1,CAACGATATAACACTCGAAC,0,579725
araCp,0.5,1,1,CAACGATAGACCCACATGGT,0,583244
araCp,0.5,1,1,CAACCGCGTTAGCAGCGCGT,0,599438
araCp,0.5,1,1,CAACCGCCCCATCATTCGCT,0,555209
araCp,0.5,1,1,CAACCATGGCACTTTTCAGT,0,538254
araCp,0.5,1,1,CAACATGTGACGACGGTATA,0,551934
araCp,0.5,1,1,CAACAGTCCAATCTAAAGGA,0,551141
araCp,0.5,1,1,CAACAACTGGGGATGTGTAG,0,573349
araCp,0.5,1,1,CAAATTCCGGAGGAGATCAA,0,543376
araCp,0.5,1,1,CAAATGCGTGGGACTGCCCC,0,576671
araCp,0.5,1,1,CAAATACCACGCTGTCTTCC,0,563207
araCp,0.5,1,1,CAAAGTTGTAATGGAAGCGG,0,580138
araCp,0.5,1,1,CAAAGGTTATGTCCTGTTGT,0,581031
araCp,0.5,1,1,CAAAGGTGTGAAAGTTTCAT,0,589641
araCp,0.5,1,1,CAAAGGTCTTGAATCCACTC,0,575987
araCp,0.5,1,1,CAAAGGCCGTATTGGAGCTT,0,593254
araCp,0.5,1,1,CAAACTCATTCGGGCTCGCA,0,597938
araCp,0.5,1,1,CAAAATAGTTGAAAACCAGA,0,599275
araCp,0.5,1,1,CAAAAGAGGGCATGACATAC,0,588250
araCp,0.5,1,1,ATTTTTTCCATACGCCCGAG,0,590607
araCp,0.5,1,1,ATTTTGGATGTCAAGGCAAG,0,532705
araCp,0.5,1,1,ATTTTCACAGCCGGTCTATT,0,568219
araCp,0.5,1,1,ATTTTAGTCTCCAACCCCCA,0,583785
araCp,0.5,1,1,ATTTCGTCTCAGAGGCGCAG,0,597470
araCp,0.5,1,1,ATTTCGGAGCGGCGCGGGGC,0,557340
araCp,0.5,1,1,ATTTCCCGAAGTCGCGCTCG,0,558336
araCp,0.5,1,1,ATTTCACCCGTTAGGAGTGT,0,531239
araCp,0.5,1,1,ATTTATGCGTTCGGTCGTAG,0,583551
araCp,0.5,1,1,ATTTATCGAGGAGAACACAT,0,541707
araCp,0.5,1,1,ATTTATAACTGAGCGCAGAT,0,553244
araCp,0.5,1,1,ATTTAAGCTCGCCTACAGAA,0,566403
araCp,0.5,1,1,ATTTAAAACACGTCAACTTT,0,584367
araCp,0.5,1,1,ATTGTTCTATTGGACGGTGG,0,576075
araCp,0.5,1,1,ATTGTGGTTTCGCCGAGTTT,0,568363
araCp,0.5,1,1,ATTGGTGGAGGTCTTGTGGG,0,540860
araCp,0.5,1,1,ATTGGTAGTAGTGTAGGGGT,0,586002
araCp,0.5,1,1,ATTGGGTTGCTGCTGACGTC,0,540359
araCp,0.5,1,1,ATTGGAGGCAAATGTTTATA,0,552213
araCp,0.5,1,1,ATTGCCTTCATTACACCAGG,0,594792
araCp,0.5,1,1,ATTGCCATGTGCTGAGGCCT,0,597752
araCp,0.5,1,1,ATTGATGGTTAAGCCCCGAC,0,543827
araCp,0.5,1,1,ATTGATAAACACTTTAGAAG,0,557131
araCp,0.5,1,1,ATTCTGATCTGCCATATTTA,0,532403
araCp,0.5,1,1,ATTCTCCGCCAACGTACGTC,0,526935
araCp,0.5,1,1,ATTCGCGTCATCTCGGTGCC,0,577259
araCp,0.5,1,1,ATTCGAAGCGCTGCTTCAAC,0,584850
araCp,0.5,1,1,ATTCGAACCCCGCAAGAGAC,0,583541
araCp,0.5,1,1,ATTCCTCACGTTACGCACGA,0,551212
araCp,0.5,1,1,ATTCCTACATAGCTAAAGGA,0,601497
araCp,0.5,1,1,ATTCCGGTTAATTTGAACCC,0,561353
araCp,0.5,1,1,ATTCCGCCGTAGCAGTTCGA,0,591784
araCp,0.5,1,1,ATTCCGACTTCTATGTTCCA,0,583805
araCp,0.5,1,1,ATTCCCATGCAGCTGATATC,0,532525
araCp,0.5,1,1,ATTCCAGCATTGGACCATTG,0,571355
araCp,0.5,1,1,ATTCCACAGTTGACAACGAT,0,528652
araCp,0.5,1,1,ATTCATGTTATTGATAAGAA,0,560354
araCp,0.5,1,1,ATTCATGTCGTGTTCAGTTG,0,587311
araCp,0.5,1,1,ATTCACTCACTCCGACGGAT,0,586469
araCp,0.5,1,1,ATTCACACAATCGTTGACAA,0,527393
araCp,0.5,1,1,ATTCAAGTCCACGGTTGGAA,0,571059
araCp,0.5,1,1,ATTATTCAAGCGGGGATGCT,0,562416
araCp,0.5,1,1,ATTATAAGTTTCATTGCCTA,0,583075
araCp,0.5,1,1,ATTAGAGTCGCGTTTTCTAA,0,576100
araCp,0.5,1,1,ATTACTAGCGATGGGTAAGG,0,571231
araCp,0.5,1,1,ATTACCCACATTTCCTGCAT,0,558462
araCp,0.5,1,1,ATTACCCAACAGCTAGGGAT,0,561164
araCp,0.5,1,1,ATTAATGCCATGGCTCTCGG,0,546964
araCp,0.5,1,1,ATTAATGAAAGTCCATTATT,0,528057
araCp,0.5,1,1,ATTAACTGTCTTACAGGTAG,0,576345
araCp,0.5,1,1,ATTAAAGTATGGCATCCCCT,0,567107
araCp,0.5,1,1,ATTAAAGGTAACGTCGCTCT,0,582042
araCp,0.5,1,1,ATGTTGGGTATCCGTTCACG,0,567250
araCp,0.5,1,1,ATGTGTGCGGCGTCACGTTG,0,568162
araCp,0.5,1,1,ATGTGTACTTTGATGTGTTA,0,550126
araCp,0.5,1,1,ATGTGTACACCCTAATTGGT,0,551930
araCp,0.5,1,1,ATGTGGATGGTCGGCGGGTC,0,551305
araCp,0.5,1,1,ATGTGAGCGAAAGTCCGTCC,0,535380
araCp,0.5,1,1,ATGTCTTTTATGGATCGGTT,0,553307
araCp,0.5,1,1,ATGTCCTGCTCTAGCTCCAC,0,556169
araCp,0.5,1,1,ATGTCAGTTAGCCTTCAGCC,0,530987
araCp,0.5,1,1,ATGTCAGCTACTATATCGAA,0,547388
araCp,0.5,1,1,ATGTATCTTTTATCTAAACA,0,560981
araCp,0.5,1,1,ATGTATATCGGTAATCGAGT,0,567905
araCp,0.5,1,1,ATGGTGGTCTGAGATTGTTG,0,538619
araCp,0.5,1,1,ATGGTCCAGACGGGGACGAC,0,543441
araCp,0.5,1,1,ATGGGGTCGATAGTCCCCTT,0,540914
araCp,0.5,1,1,ATGGGCTACAGCTAGGCGAA,0,581700
araCp,0.5,1,1,ATGGCGTAGCGGTACAAGGC,0,533605
araCp,0.5,1,1,ATGGCCGGTACATACCTTAT,0,564115
araCp,0.5,1,1,ATGGAGTTTGAAATCAGTGG,0,530376
araCp,0.5,1,1,ATGGAGTGCGCGTTGGGTAA,0,577935
araCp,0.5,1,1,ATGGAGGTCGCATTTCCGTG,0,600078
araCp,0.5,1,1,ATGGAACTCCATTATATATA,0,600839
araCp,0.5,1,1,ATGGAAATAGAAGCACTTGA,0,561989
araCp,0.5,1,1,ATGCTTTAGAGGTCGCTGTT,0,552918
araCp,0.5,1,1,ATGCTGGGAAAATGAAACGC,0,599444
araCp,0.5,1,1,ATGCGGGATAACAATGCCGG,0,573839
araCp,0.5,1,1,ATGCGGCAGTTGGGTATCCA,0,528806
araCp,0.5,1,1,ATGCGACACAGGTACCAAAC,0,549419
araCp,0.5,1,1,ATGCCTGATTGGAAAGTAAT,0,602922
araCp,0.5,1,1,ATGCCCTGCTAATCCCCCGA,0,554599
araCp,0.5,1,1,ATGCCCCGTACCATTTCCCT,0,556493
araCp,0.5,1,1,ATGCCAAATTGTCCTCTGAT,0,542278
araCp,0.5,1,1,ATGCAGTGCAAGCTCCTTCC,0,533776
araCp,0.5,1,1,ATGCAGGTGGAAGATGACGT,0,548659
araCp,0.5,1,1,ATGCAGCGGGACTTGCATGA,0,573778
araCp,0.5,1,1,ATGCACCGGAAATTTTAAAA,0,536191
araCp,0.5,1,1,ATGCAACCGTCGTCTTAGGC,0,558108
araCp,0.5,1,1,ATGATGTCAGCATTGCCGCG,0,527203
araCp,0.5,1,1,ATGATGGTTAAGGATGTAAA,0,581249
araCp,0.5,1,1,ATGATCCAACTCGACCGCAT,0,581855
araCp,0.5,1,1,ATGATAAATATGGCTAGTTT,0,558226
araCp,0.5,1,1,ATGAGTGGGAGGGAGGACCT,0,585952
araCp,0.5,1,1,ATGAGGTAATTGCATAGAAT,0,557418
araCp,0.5,1,1,ATGAGGGCTCATTATACGGC,0,556996
araCp,0.5,1,1,ATGAGCTCGCGGTTATAGGT,0,583281
araCp,0.5,1,1,ATGAGCGATCCTCAAAGCGG,0,537194
araCp,0.5,1,1,ATGACTGCCTGTACTGGTTC,0,551403
araCp,0.5,1,1,ATGACCGAAACCCGTATTAG,0,533108
araCp,0.5,1,1,ATGACAGGATGCTTAATGTT,0,603277
araCp,0.5,1,1,ATGACAAACTGAATCTGTGT,0,578328
araCp,0.5,1,1,ATGAATGTAGATCGGAAAAC,0,597028
araCp,0.5,1,1,ATGAATAATATCAGGATAGT,0,580175
araCp,0.5,1,1,ATGAAGTGGTACGGGGGTCA,0,590121
araCp,0.5,1,1,ATCTTTCCATCAGCCGGCGG,0,528767
araCp,0.5,1,1,ATCTTCGGCGGGATGCCTAC,0,567806
araCp,0.5,1,1,ATCTTATCGAATGAGAATCT,0,573787
araCp,0.5,1,1,ATCTCCGGGGGACTTCCCAC,0,548668
araCp,0.5,1,1,ATCTCCGATCCGGAGCCATA,0,588586
araCp,0.5,1,1,ATCTATAGTGAGAACACTAA,0,547586
araCp,0.5,1,1,ATCTAGTATGGTCTACAGTA,0,531387
araCp,0.5,1,1,ATCTAAGCCCCGATGGGGTC,0,588925
araCp,0.5,1,1,ATCTAAATGGATACTTTTTG,0,542444
araCp,0.5,1,1,ATCGTCCGCAGTGTGGAACG,0,590454
araCp,0.5,1,1,ATCGTACTACGCGAGGGCTG,0,602134
araCp,0.5,1,1,ATCGGTTAGTCTATTTGACA,0,585800
araCp,0.5,1,1,ATCGGTCCCCCGTCTGTACT,0,551005
araCp,0.5,1,1,ATCGGGAAACCTTGAAGGCC,0,543986
araCp,0.5,1,1,ATCGGCACCCTGTTAACAAC,0,544267
araCp,0.5,1,1,ATCGCGCTGTGTTGCGGTCG,0,562349
araCp,0.5,1,1,ATCGAGTACACTGAGACCAC,0,586051
araCp,0.5,1,1,ATCCTGGACTGGGCTTTATT,0,544037
araCp,0.5,1,1,ATCCTCTTACGCTGTAGTAT,0,536012
araCp,0.5,1,1,ATCCGTTAATCCAGCTGTTC,0,571534
araCp,0.5,1,1,ATCCGCAATAACATCTGATA,0,566545
araCp,0.5,1,1,ATCCGAGGATTAGGTCGAAG,0,578527
araCp,0.5,1,1,ATCCCTGTTTACATTCTTAT,0,536107
araCp,0.5,1,1,ATCCCACAGGGTGCCAACTA,0,547488
araCp,0.5,1,1,ATCCAAATGGGAGTCTCAGT,0,536082
araCp,0.5,1,1,ATCATTTGAACATTGGCCGT,0,583026
araCp,0.5,1,1,ATCATGTACCAAGACGTCCA,0,554600
araCp,0.5,1,1,ATCATCAAGTTCCCCCTGGA,0,584634
araCp,0.5,1,1,ATCAGTTATTACAACAATGG,0,597717
araCp,0.5,1,1,ATCAGGAGCCTGTGCTGTCC,0,580648
araCp,0.5,1,1,ATCAGCAGGTTTGTTGCCAG,0,600539
araCp,0.5,1,1,ATCACTAACTCCGTCTATTT,0,591097
araCp,0.5,1,1,ATCACCAGGGATCGTCGCAT,0,571736
araCp,0.5,1,1,ATCAAGGTTAGCCTAAGTGG,0,587912
araCp,0.5,1,1,ATCAAGCCTTCGGCAACTTA,0,600496
araCp,0.5,1,1,ATCAACGTATGACCCGTTAT,0,558698
araCp,0.5,1,1,ATCAAAAGTAGCCCATTATT,0,530111
araCp,0.5,1,1,ATATTGGAGGGCGCCTTCGC,0,592984
araCp,0.5,1,1,ATATTGATGAGATCGAAAGC,0,572638
araCp,0.5,1,1,ATATTCTTCTCGCCTCTATG,0,541041
araCp,0.5,1,1,ATATTACGGATGTATTATTA,0,566485
araCp,0.5,1,1,ATATGCTTTTAGATGTGAGG,0,549657
araCp,0.5,1,1,ATATCCATTGCTAAGCTAAT,0,576208
araCp,0.5,1,1,ATATCACTCGTGTGATATGT,0,543612
araCp,0.5,1,1,ATATCACGACATGAACCTAG,0,591022
araCp,0.5,1,1,ATATCAATTCTCCTATCGTA,0,582989
araCp,0.5,1,1,ATATATTGTTCGCATGGGTA,0,547738
araCp,0.5,1,1,ATATAGGCTCGTACAGCATA,0,553323
araCp,0.5,1,1,ATAGTTGTCTCGGCTAAATC,0,554243
araCp,0.5,1,1,ATAGGTAACTTTCCTATAAG,0,561599
araCp,0.5,1,1,ATAGGGTCGCGAGCCAGCTT,0,545525
araCp,0.5,1,1,ATAGGGGTTGTGTCAGTGTA,0,599182
araCp,0.5,1,1,ATAGGCTTGTCAGTGTGAAA,0,593510
araCp,0.5,1,1,ATAGCTGGATCCTTTGATCG,0,593288
araCp,0.5,1,1,ATAGCCGATGCTGGAAAATC,0,559813
araCp,0.5,1,1,ATAGATGGGGACGTGATTGT,0,566865
araCp,0.5,1,1,ATAGAGGTTGTAGGAGTGCC,0,555430
araCp,0.5,1,1,ATAGACCATCACCCCATACT,0,538351
araCp,0.5,1,1,ATAGACACGTTGGTCTCGCA,0,602423
araCp,0.5,1,1,ATACTTCCCGCTGGCGAGAC,0,576507
araCp,0.5,1,1,ATACGTCGCTACACGACTAG,0,553236
araCp,0.5,1,1,ATACGTCAAACACTCACTTC,0,577357
araCp,0.5,1,1,ATACGGTCGCAATGCCCTAT,0,571901
araCp,0.5,1,1,ATACGGTACCTGCGACACCT,0,569729
araCp,0.5,1,1,ATACGGATTTGGCATGCCAT,0,591093
araCp,0.5,1,1,ATACCTAGATCTATCCCATT,0,559563
araCp,0.5,1,1,ATACCAGCCCTAGAGCATGC,0,561154
araCp,0.5,1,1,ATACAGCGGTCGTGTATAAC,0,585289
araCp,0.5,1,1,ATAATGTGGGGGCGGTTACA,0,527196
araCp,0.5,1,1,ATAACGAAACACACCATAGG,0,564468
araCp,0.5,1,1,ATAACCCGGGGAGGGATCTA,0,601119
araCp,0.5,1,1,ATAACCAAGTGCCCCAGCGG,0,571187
araCp,0.5,1,1,ATAACACCGATCTCGTTACG,0,583600
araCp,0.5,1,1,ATAAATTATTAAAATTTGCA,0,527900
araCp,0.5,1,1,ATAAATCGGGCCTATTCTCT,0,533690
araCp,0.5,1,1,AGTTTTGCTGGTGAGTACAC,0,532659
araCp,0.5,1,1,AGTTTTCATTTTTCCTCTTC,0,580672
araCp,0.5,1,1,AGTTCTGGTTTGGGGAAATA,0,597723
araCp,0.5,1,1,AGTTCTACCTGAGTGCAGAT,0,533417
araCp,0.5,1,1,AGTTCTACATCAGGCTTCAG,0,533737
araCp,0.5,1,1,AGTTCCTCGCCGAAGTTGTT,0,587831
araCp,0.5,1,1,AGTTCCGACTGCTGTAATCT,0,580947
araCp,0.5,1,1,AGTTCACCTAGGTCAGGTTT,0,528819
araCp,0.5,1,1,AGTTATCTCCAATGCCATTC,0,539403
araCp,0.5,1,1,AGTTAGTATCGTAGGTACCC,0,555564
araCp,0.5,1,1,AGTTAGATTCTAGTTTGCTT,0,570230
araCp,0.5,1,1,AGTTACTAGCTTGGTTCATC,0,582559
araCp,0.5,1,1,AGTTACAGAGTCTGGGGAGC,0,537906
araCp,0.5,1,1,AGTGTTGACGAAGTGGGGTT,0,527966
araCp,0.5,1,1,AGTGTTACCCATCTTAAATG,0,565726
araCp,0.5,1,1,AGTGTCAGGTCTGGAAAGCA,0,574296
araCp,0.5,1,1,AGTGTCACTGTATTGCAAAC,0,532972
araCp,0.5,1,1,AGTGTCAAAGAGTTCCCATC,0,527509
araCp,0.5,1,1,AGTGTATAACCTACTACTGC,0,576676
araCp,0.5,1,1,AGTGGTAGATATCACGGTTG,0,592322
araCp,0.5,1,1,AGTGGGTGATCATGGACGCT,0,536663
araCp,0.5,1,1,AGTGGCATTGTGGCCGCAAC,0,595154
araCp,0.5,1,1,AGTGGAAAGGGTGGCCCAGC,0,575135
araCp,0.5,1,1,AGTGCTTGTATGGTAGGCGC,0,582386
araCp,0.5,1,1,AGTGCTCACCTGGATTCGTA,0,587336
araCp,0.5,1,1,AGTGCGTCGGCAAAGACAAG,0,586491
araCp,0.5,1,1,AGTGCGTCCCATTGTCTACT,0,541053
araCp,0.5,1,1,AGTGCAGACGTTACTAACAG,0,535192
araCp,0.5,1,1,AGTGATTAAGCACAGTTGCT,0,598153
araCp,0.5,1,1,AGTGATGGAGACCGGGCCAA,0,535087
araCp,0.5,1,1,AGTGATAATGTCACTTATGG,0,565918
araCp,0.5,1,1,AGTGACGAAATACTCGCAGC,0,570331
araCp,0.5,1,1,AGTGAACACGCATAGTGTCT,0,572772
araCp,0.5,1,1,AGTCTTGAGCCCCGCCCGAC,0,568855
araCp,0.5,1,1,AGTCGTAATAACACATGGCT,0,582395
araCp,0.5,1,1,AGTCGGTGTAACTTCTGATT,0,545758
araCp,0.5,1,1,AGTCCGTCGCCTTGTTCAAG,0,579429
araCp,0.5,1,1,AGTCCAATTCACCTCGTCCT,0,573856
araCp,0.5,1,1,AGTCATCTTGGCGTATCCGT,0,585726
araCp,0.5,1,1,AGTCATATCTCGTGGCGTGT,0,536194
araCp,0.5,1,1,AGTCAGGCGATCAAATCGTT,0,554499
araCp,0.5,1,1,AGTCAAATTCAATAGTAGTT,0,587565
araCp,0.5,1,1,AGTATTTAGCGCCCACTAGC,0,596840
araCp,0.5,1,1,AGTATGTCGTGATAGCAAGC,0,540474
araCp,0.5,1,1,AGTAGTTACAAATTGCTTAA,0,532943
araCp,0.5,1,1,AGTAGAACTAGGTCTAAGAA,0,579646
araCp,0.5,1,1,AGTAATAATTGAGCACATAA,0,525934
araCp,0.5,1,1,AGTAAGCTAAGTATGACTCC,0,560752
araCp,0.5,1,1,AGTAACTACAGAATTTTCGA,0,554350
araCp,0.5,1,1,AGTAACGTCTCTAGCACTCG,0,559424
araCp,0.5,1,1,AGTAACGTCAGTATCCAGTG,0,578989
araCp,0.5,1,1,AGTAACGCCGCGCCAGGATG,0,567288
araCp,0.5,1,1,AGGTTTGAACCTTACAGACT,0,561809
araCp,0.5,1,1,AGGTTTCATTACGCCCCTAT,0,578322
araCp,0.5,1,1,AGGTTCGTTTCGGACGAATT,0,558094
araCp,0.5,1,1,AGGTTCCTTCATCGGCATGT,0,590358
araCp,0.5,1,1,AGGTTCCGTAGTGAAAGAAT,0,544260
araCp,0.5,1,1,AGGTTAACGGCGCGCTAAGG,0,602093
araCp,0.5,1,1,AGGTGCGACGACTCTGACAC,0,557833
araCp,0.5,1,1,AGGTCGTACGAGGCGAGGCA,0,543706
araCp,0.5,1,1,AGGTCGGTAAAATAGGTCAA,0,585850
araCp,0.5,1,1,AGGTATGGACACAAAGTTGT,0,589081
araCp,0.5,1,1,AGGTAGCGGAACTTCTTTAT,0,601157
araCp,0.5,1,1,AGGTAGAACAGTCGGAATAA,0,569185
araCp,0.5,1,1,AGGTACACGTAACTAAGTCA,0,574595
araCp,0.5,1,1,AGGTAAAAACAAAACGGCTT,0,596571
araCp,0.5,1,1,AGGGTTTTTATTGGCCTTGG,0,550225
araCp,0.5,1,1,AGGGTGCGGGGTAGGCGGTG,0,586657
araCp,0.5,1,1,AGGGGCACTTTCTTGGTCGC,0,593339
araCp,0.5,1,1,AGGGGCACGCTTGAGTGATT,0,565344
araCp,0.5,1,1,AGGGCTTCGCCTCGCGAGGT,0,530988
araCp,0.5,1,1,AGGGCGTCTCGGGCTACCTG,0,555684
araCp,0.5,1,1,AGGGCGGTGTGGCAGACGCA,0,533558
araCp,0.5,1,1,AGGGCCGCATCCTTGGTGAA,0,571974
araCp,0.5,1,1,AGGGATAACATTGCTCCCTG,0,561290
araCp,0.5,1,1,AGGGACTTGGTTAATTTATT,0,586801
araCp,0.5,1,1,AGGGAATTCTGGGGGTCAGG,0,576988
araCp,0.5,1,1,AGGGAATCATTAACCAAACC,0,542416
araCp,0.5,1,1,AGGCTGGAAGGCAAATGACC,0,599278
araCp,0.5,1,1,AGGCTGCCTTGCCCTCGCGC,0,533633
araCp,0.5,1,1,AGGCTAGCTTTGATTTCGGC,0,583018
araCp,0.5,1,1,AGGCTAACAATCTATAGGCT,0,560014
araCp,0.5,1,1,AGGCGCTACCGTCAGCTGTA,0,540191
araCp,0.5,1,1,AGGCGCCGCTGGAATTTTCC,0,602722
araCp,0.5,1,1,AGGCGCAATATCGCGTACTT,0,532921
araCp,0.5,1,1,AGGCGAATGCTCACTGGGGT,0,576608
araCp,0.5,1,1,AGGCCTCTGCGATTGCATCT,0,569254
araCp,0.5,1,1,AGGCCTCTAGTTCGCCCTTC,0,572227
araCp,0.5,1,1,AGGCCGCTGGGCGGTAGGTG,0,601596
araCp,0.5,1,1,AGGCCAAGATGTACACCACG,0,530883
araCp,0.5,1,1,AGGCAGTTGCCTGTTACGCA,0,545243
araCp,0.5,1,1,AGGCAGCCTAAGGACGATGG,0,594729
araCp,0.5,1,1,AGGCACTTAATTTTATACTA,0,546907
araCp,0.5,1,1,AGGCAACAACGCAGGTTCCG,0,555816
araCp,0.5,1,1,AGGATTGTTTAGATGGTCGC,0,565394
araCp,0.5,1,1,AGGATGCTAAACAAATGCAA,0,591957
araCp,0.5,1,1,AGGATAGGCAAGCGGGATAG,0,544049
araCp,0.5,1,1,AGGACTAGCTTGGGTGATAG,0,597363
araCp,0.5,1,1,AGGACTAAAGGGCGTTTACA,0,595503
araCp,0.5,1,1,AGGACGGATTCTGTGTCAGA,0,550606
araCp,0.5,1,1,AGGACATCCGAGCCCGATCG,0,602859
araCp,0.5,1,1,AGGAACTTTAAATCACGTCA,0,598810
araCp,0.5,1,1,AGCTTTGGGTCATTCTCACT,0,545005
araCp,0.5,1,1,AGCTTATATTGCTGAACGAG,0,591888
araCp,0.5,1,1,AGCTTAGCTCTGTGAGATCA,0,574990
araCp,0.5,1,1,AGCTGCACTTCGCAACCTCA,0,564819
araCp,0.5,1,1,AGCTCTGCTTTCAGTCAAGT,0,542110
araCp,0.5,1,1,AGCTCGATGGCCCGACTGTC,0,597500
araCp,0.5,1,1,AGCTCCTTCTAACAGCCTAA,0,577401
araCp,0.5,1,1,AGCTCCGACACCTTCAAACG,0,540962
araCp,0.5,1,1,AGCTCCCTCTGAAGTATGAT,0,577981
araCp,0.5,1,1,AGCTCAACGCACCTGAACTG,0,594206
araCp,0.5,1,1,AGCTACCAGAATCACGCAGG,0,552601
araCp,0.5,1,1,AGCTAAACTGTCTCCGTTGC,0,592731
araCp,0.5,1,1,AGCGTTCATGCATCGCCAAC,0,597204
araCp,0.5,1,1,AGCGTTAATGGTAAATTTTG,0,566264
araCp,0.5,1,1,AGCGTGTTGCCAACGACGCA,0,531858
araCp,0.5,1,1,AGCGTGAACGTCCACACATT,0,550380
araCp,0.5,1,1,AGCGTGAAATAAAGGTCTAG,0,586603
araCp,0.5,1,1,AGCGTAGAGGCGGATGCGTA,0,585141
araCp,0.5,1,1,AGCGTACTTCATGCGCCATG,0,555236
araCp,0.5,1,1,AGCGCGTCTAAACAGGTACG,0,590016
araCp,0.5,1,1,AGCGCGGGTACGGTTAGCAA,0,586984
araCp,0.5,1,1,AGCGCGGCAACTCCTTCCAG,0,530079
araCp,0.5,1,1,AGCGCGCGCTACTTAAGTCA,0,588697
araCp,0.5,1,1,AGCGAGGCAGGACGCTCTGT,0,550990
araCp,0.5,1,1,AGCGACCTCGATCATAGGCC,0,549947
araCp,0.5,1,1,AGCGAAGGTTCTTGAAAACG,0,528149
araCp,0.5,1,1,AGCCTTCCCGAATCGACACC,0,598325
araCp,0.5,1,1,AGCCTTAAGGAGGAGTGGCC,0,547392
araCp,0.5,1,1,AGCCTGATGTCATTGAGTTT,0,572434
araCp,0.5,1,1,AGCCTCAATAACTTAGGTGA,0,567473
araCp,0.5,1,1,AGCCTATCCGGCCGTATACG,0,546677
araCp,0.5,1,1,AGCCGATCCTGGTACAGATC,0,559688
araCp,0.5,1,1,AGCCGATATGCGTCGTGTGG,0,542724
araCp,0.5,1,1,AGCCCTCCCGATTTTACGTA,0,598035
araCp,0.5,1,1,AGCCAGCTCCTTCGGTATCT,0,586618
araCp,0.5,1,1,AGCCAGATTTCCTGGACGGT,0,596143
araCp,0.5,1,1,AGCCACCCCTTGGGGCACCT,0,585910
araCp,0.5,1,1,AGCCAATCCCGGCGCTATAG,0,567158
araCp,0.5,1,1,AGCCAAAGTAGGTCCAAACG,0,576190
araCp,0.5,1,1,AGCATGCTATCTTTCAGTGT,0,567093
araCp,0.5,1,1,AGCATCCGGTCTAATCCTGT,0,558484
araCp,0.5,1,1,AGCAGTTTCACCCCGGTACT,0,547422
araCp,0.5,1,1,AGCAGTTCGAAGGGGCAAAA,0,549306
araCp,0.5,1,1,AGCAGCTTCAGTGCACAAAC,0,539143
araCp,0.5,1,1,AGCAGCCCACCCTCAACGTT,0,576207
araCp,0.5,1,1,AGCAGATGGCAAGTCTCTTG,0,527962
araCp,0.5,1,1,AGCAGATATTAAGTGAGGAC,0,547759
araCp,0.5,1,1,AGCACTCCCGGTCTAACACA,0,603387
araCp,0.5,1,1,AGCACGTACGGCGATGGATC,0,602999
araCp,0.5,1,1,AGCACGCCGGTTTTGTGGCG,0,532820
araCp,0.5,1,1,AGCACGCCAGCAATTACGGG,0,562408
araCp,0.5,1,1,AGCAATTACCAGTGGAATAA,0,530700
araCp,0.5,1,1,AGCAAGTCCGTGTGTGATCC,0,571348
araCp,0.5,1,1,AGCAAAAGGCGGCTAGGGCA,0,586056
araCp,0.5,1,1,AGATTTGTGAGTTCGGAGTA,0,540130
araCp,0.5,1,1,AGATTTACGTCGCGTAACGT,0,530471
araCp,0.5,1,1,AGATTCCATCTTGCAGACGC,0,567458
araCp,0.5,1,1,AGATTACAACACGGCACCCC,0,564609
araCp,0.5,1,1,AGATGTTTCTAAAATGGACA,0,593196
araCp,0.5,1,1,AGATGTTTCCGTGGGGTTGG,0,556915
araCp,0.5,1,1,AGATGTTCAAGTAAGATAGT,0,594421
araCp,0.5,1,1,AGATGTTACGGCGGCACCTG,0,592755
araCp,0.5,1,1,AGATGTATGGTGCGGGGCGT,0,533474
araCp,0.5,1,1,AGATGCGCAAGAATAATCGG,0,569067
araCp,0.5,1,1,AGATGAACAGTGTCGTCAAT,0,563404
araCp,0.5,1,1,AGATCCGCAATGGCACATGC,0,571900
araCp,0.5,1,1,AGATAGGATCATGGGTGTGG,0,591513
araCp,0.5,1,1,AGAGTCTTAAGCGCCTTGCC,0,554180
araCp,0.5,1,1,AGAGTCTGAAACTCCGTATA,0,534241
araCp,0.5,1,1,AGAGTCGCGGGGCCACGGGG,0,597993
araCp,0.5,1,1,AGAGTCCTTAGCGGCTCAGG,0,569079
araCp,0.5,1,1,AGAGGGATTTTATGCTCAAG,0,592682
araCp,0.5,1,1,AGAGGAATGCGATTGAGATA,0,584662
araCp,0.5,1,1,AGAGCTATGGGATACTCCTG,0,561965
araCp,0.5,1,1,AGAGCGTGATCATTTTATGC,0,565295
araCp,0.5,1,1,AGAGAGTTCGGCTGGGAGAG,0,567891
araCp,0.5,1,1,AGAGAGCCTTATGGGAAGCA,0,553289
araCp,0.5,1,1,AGACTGGCCTCATATTTTAC,0,563859
araCp,0.5,1,1,AGACTGCAAAGCTTTGAACG,0,567304
araCp,0.5,1,1,AGACTAGCATAGACGAGTGC,0,547063
araCp,0.5,1,1,AGACGGTCTGCTAACACCTA,0,564087
araCp,0.5,1,1,AGACGCATTGATGTCCCGGA,0,586838
araCp,0.5,1,1,AGACGCAGAGTCCTCACAGT,0,568344
araCp,0.5,1,1,AGACGATCAAATACAAGCTA,0,560286
araCp,0.5,1,1,AGACCCGGCATGAACGCAGT,0,535096
araCp,0.5,1,1,AGACCCGCCTTAGATGCGTT,0,585143
araCp,0.5,1,1,AGACCACCACCGCAGCTTCG,0,559402
araCp,0.5,1,1,AGACCAATGTGAATGAAACC,0,557681
araCp,0.5,1,1,AGACATGCTCAAGTGCATAC,0,526447
araCp,0.5,1,1,AGACAATTTGAGCCTCGTAG,0,556027
araCp,0.5,1,1,AGAATGGCACGACGATTCAC,0,574645
araCp,0.5,1,1,AGAATCTCTTCACGGGGCAA,0,542037
araCp,0.5,1,1,AGAATCATATAGGTAACTTG,0,580270
araCp,0.5,1,1,AGAAGCGCTACAGAACTCTA,0,593866
araCp,0.5,1,1,AGAACTCATGATTCCAAGGG,0,527045
araCp,0.5,1,1,AGAACGAATTGTGTAGGGAA,0,600381
araCp,0.5,1,1,AGAAATGTTCGTATTAGCTA,0,576227
araCp,0.5,1,1,AGAAAGAACCGCAAGCGACT,0,583697
araCp,0.5,1,1,AGAAACCTGTCACGTCTTTT,0,559201
araCp,0.5,1,1,AGAAAAAAAAGTGTGGCACC,0,601217
araCp,0.5,1,1,ACTTTTTTCGCGATGTCATA,0,552021
araCp,0.5,1,1,ACTTTGTCATCCTAAGCCAA,0,538545
araCp,0.5,1,1,ACTTTCTTCTAGCGGCTAGG,0,577499
araCp,0.5,1,1,ACTTGCGATCCGCCGTAAAT,0,581628
araCp,0.5,1,1,ACTTGCCTTAGTTGGGCATT,0,527520
araCp,0.5,1,1,ACTTGCACGGGAGTGAGTGC,0,579191
araCp,0.5,1,1,ACTTCTAGTTGAAAATGAAC,0,530016
araCp,0.5,1,1,ACTTCGGTTAAACTTGAGAT,0,533138
araCp,0.5,1,1,ACTTCGGGGGCGCTTGGGTG,0,600858
araCp,0.5,1,1,ACTTCCGAGGATCTTAGACC,0,545703
araCp,0.5,1,1,ACTTCAGGCCCACAATGATG,0,588362
araCp,0.5,1,1,ACTTATTTGGTTCCGCGAAT,0,577666
araCp,0.5,1,1,ACTTAGGTAGTAGTTCAAAT,0,526798
araCp,0.5,1,1,ACTTAGACACTCGGGAGTAA,0,533249
araCp,0.5,1,1,ACTTACTCATCTTCCTTCTT,0,544241
araCp,0.5,1,1,ACTGTGCCGACGGACTGCAT,0,595650
araCp,0.5,1,1,ACTGGTCTGCGAGCTAACCG,0,564370
araCp,0.5,1,1,ACTGGTCGGGATACAACATA,0,590312
araCp,0.5,1,1,ACTGGCAAATGTTTTGATAC,0,543419
araCp,0.5,1,1,ACTGCTACGAAGTGCTGGAC,0,551326
araCp,0.5,1,1,ACTGCGTATACGTGAATATT,0,585124
araCp,0.5,1,1,ACTGCGCCCGGTCTACAGCT,0,579081
araCp,0.5,1,1,ACTGCATACTCTCATCATCC,0,555140
araCp,0.5,1,1,ACTGAGCTTTGCACAGGTCC,0,553648
araCp,0.5,1,1,ACTGACTGATTTTGCAACTG,0,549789
araCp,0.5,1,1,ACTGAATAGCGAGGCCAATG,0,592588
araCp,0.5,1,1,ACTGAAGACGGATTGGCAAA,0,582889
araCp,0.5,1,1,ACTCTTTCCGTTTGTTCATC,0,563502
araCp,0.5,1,1,ACTCTTCGATCGCGTGGACT,0,560391
araCp,0.5,1,1,ACTCTGGACGTCGAAATGTT,0,564853
araCp,0.5,1,1,ACTCGGCGCACGGCCTGAGT,0,554960
araCp,0.5,1,1,ACTCGAGCCAGGTAGCACTT,0,549061
araCp,0.5,1,1,ACTCCTGGATATTCAACGCG,0,593177
araCp,0.5,1,1,ACTCCGTCCCGCGTACGCGC,0,560149
araCp,0.5,1,1,ACTCATTTGGTTAATTTATT,0,555361
araCp,0.5,1,1,ACTCATTTCAGGTGCAGTAA,0,590740
araCp,0.5,1,1,ACTCACTTATTGTTACTAAG,0,590018
araCp,0.5,1,1,ACTCACGAGTGGGTTGGACT,0,558641
araCp,0.5,1,1,ACTCAACGGTTACAGCAGAG,0,599441
araCp,0.5,1,1,ACTATTTCAACCGGCGTTAA,0,561506
araCp,0.5,1,1,ACTATGTCTGGCCGAGGCAT,0,540950
araCp,0.5,1,1,ACTATGGGGTGGGCATCAAC,0,574048
araCp,0.5,1,1,ACTATACTTATTTACGGATA,0,546870
araCp,0.5,1,1,ACTAGTTCACGAGCACGCAC,0,530361
araCp,0.5,1,1,ACTAGCGGGCGCAGTAGAAG,0,574097
araCp,0.5,1,1,ACTAGCCGACCGTATGAGTG,0,557065
araCp,0.5,1,1,ACTACCTCGATTCGGCACTA,0,593118
araCp,0.5,1,1,ACTACCATGACCAGAGCGTT,0,555579
araCp,0.5,1,1,ACTACCAGTGGCAAGTGGCT,0,592094
araCp,0.5,1,1,ACTACAACTTGCCCGGCGGC,0,591578
araCp,0.5,1,1,ACGTTGCAGAAAAAACGGCA,0,599813
araCp,0.5,1,1,ACGTTGAGAGACGGCGCATG,0,544903
araCp,0.5,1,1,ACGTTCGTAGAGCCTTCTGA,0,598230
araCp,0.5,1,1,ACGTGGCTTAGACCGCTTTA,0,583072
araCp,0.5,1,1,ACGTGGCGTCCATCATTATC,0,592857
araCp,0.5,1,1,ACGTGGACATAGTCGGTAAA,0,549023
araCp,0.5,1,1,ACGTGCTCGGCCCCCCATGT,0,541078
araCp,0.5,1,1,ACGTGACGCACGGCCATAAC,0,534556
araCp,0.5,1,1,ACGTGAACGCGCGATGAAAT,0,586089
araCp,0.5,1,1,ACGTCAGTCCATACGTCATT,0,570429
araCp,0.5,1,1,ACGTAGCTTTGATCAGACCC,0,565500
araCp,0.5,1,1,ACGTAGAGCTGAGGGCAGGA,0,553369
araCp,0.5,1,1,ACGTAACTACGAACGGTGAT,0,581369
araCp,0.5,1,1,ACGGTGCTTTGGGTGCGCGA,0,592139
araCp,0.5,1,1,ACGGGGGTCCAGCGCTTTAC,0,536948
araCp,0.5,1,1,ACGGGAGGAGACACCATCCC,0,599775
araCp,0.5,1,1,ACGGCTTGTATGCGCAGCCT,0,550987
araCp,0.5,1,1,ACGGCGCTTGTAGCAAATGG,0,586758
araCp,0.5,1,1,ACGGCGAGTCGAAAGAACTC,0,573394
araCp,0.5,1,1,ACGGCGAGGAGCATGGTTGG,0,547462
araCp,0.5,1,1,ACGGCCAACATATTTCACTC,0,557765
araCp,0.5,1,1,ACGGCATCGCACTGGTGGAT,0,603399
araCp,0.5,1,1,ACGGCACATAATATAGTCAC,0,579431
araCp,0.5,1,1,ACGCTGTCTTTGCTTTCGGG,0,529854
araCp,0.5,1,1,ACGCTGGATTAACACGAATG,0,526012
araCp,0.5,1,1,ACGCTCTGAAGGGTAAGAGA,0,536143
araCp,0.5,1,1,ACGCTACAGGGGATTTTCTT,0,589102
araCp,0.5,1,1,ACGCTAACGACACGCTGCCA,0,538968
araCp,0.5,1,1,ACGCGTATTGTCAGTTCACT,0,601771
araCp,0.5,1,1,ACGCGGTCAAGGGCTACCGT,0,544068
araCp,0.5,1,1,ACGCGGGCGTACATGCTACA,0,562567
araCp,0.5,1,1,ACGCGGAAATCAAACGTTGG,0,558542
araCp,0.5,1,1,ACGCCGGGTGGAAAGTTATG,0,567486
araCp,0.5,1,1,ACGCCCGTAGTTCGGGGCAT,0,602411
araCp,0.5,1,1,ACGCATCTCTGGGTTGTAGA,0,591269
araCp,0.5,1,1,ACGCAGGTCTACAAATACTC,0,581142
araCp,0.5,1,1,ACGCAAATCATAAGCGCTAA,0,568081
araCp,0.5,1,1,ACGCAAACTCTTACGTTAAG,0,578085
araCp,0.5,1,1,ACGATAGGGCACTGACGCGG,0,593682
araCp,0.5,1,1,ACGATAAGTTGATTCTGTCA,0,560054
araCp,0.5,1,1,ACGAGTTGAACTGGGGGTCC,0,595287
araCp,0.5,1,1,ACGAGTAGTTTCCTGTTGGG,0,561331
araCp,0.5,1,1,ACGAGGGTAGTCTCGGTTTT,0,596810
araCp,0.5,1,1,ACGAGGATAAGCACAGTACT,0,601638
araCp,0.5,1,1,ACGACTAATGGAGCGGACGC,0,556795
araCp,0.5,1,1,ACGAAGAGGGAACCATACGG,0,527514
araCp,0.5,1,1,ACGAAGACGGACTGGGGAAA,0,601842
araCp,0.5,1,1,ACGAACTTCCCTCAATGGTT,0,559040
araCp,0.5,1,1,ACGAACGTACATAGTGGTCT,0,596555
araCp,0.5,1,1,ACGAACCTTTGTCTTCGGTC,0,581822
araCp,0.5,1,1,ACGAACAGCTGGGCTTCTAT,0,545327
araCp,0.5,1,1,ACCTTGCGACATGGTACATC,0,541244
araCp,0.5,1,1,ACCTTATTTGCGATTTGAGA,0,574795
araCp,0.5,1,1,ACCTTATTCTCTTCCAATAT,0,528020
araCp,0.5,1,1,ACCTGGGCGGCCTACCCGTG,0,560083
araCp,0.5,1,1,ACCTGAGGCGAAGACCGGCG,0,594583
araCp,0.5,1,1,ACCTCCATCTGTCCGGCTCC,0,588199
araCp,0.5,1,1,ACCTCAAATATTCCGCCGAT,0,593837
araCp,0.5,1,1,ACCTAGACCCTCCCAAAATA,0,598658
araCp,0.5,1,1,ACCGTGATGAGGCGGTCTAC,0,590693
araCp,0.5,1,1,ACCGTATATTCATTGCCGGT,0,590288
araCp,0.5,1,1,ACCGGGGTGAATTATTTGGA,0,565140
araCp,0.5,1,1,ACCGGGATATAGCCGATCAG,0,583343
araCp,0.5,1,1,ACCGGGAATCTCGAGTTAAA,0,525722
araCp,0.5,1,1,ACCGGCACCGCCTCTGGCCA,0,597678
araCp,0.5,1,1,ACCGGACTGAGGAGGCCAGG,0,532821
araCp,0.5,1,1,ACCGCGCGTATGGTTTCTGT,0,600202
araCp,0.5,1,1,ACCGATTTAGTTGGGGGACC,0,558230
araCp,0.5,1,1,ACCGATCGACGATATATTTG,0,592622
araCp,0.5,1,1,ACCCTGTTATAGGTATGTCT,0,549560
araCp,0.5,1,1,ACCCTCTAGGGTGGAACCCA,0,584423
araCp,0.5,1,1,ACCCGTGAAGTGATTCTTCT,0,541832
araCp,0.5,1,1,ACCCGGTGGTTCTAATCCTC,0,535097
araCp,0.5,1,1,ACCCCTCTGTCGAGATTAGT,0,578238
araCp,0.5,1,1,ACCCCTCAGTTATAGCTTAC,0,601714
araCp,0.5,1,1,ACCCCGCATTGAGACTGAAT,0,529054
araCp,0.5,1,1,ACCCCAGCCTTGACATCCAA,0,579592
araCp,0.5,1,1,ACCCCAAAAAGGGGGGCGAG,0,538480
araCp,0.5,1,1,ACCCAGTCTGGTCATACTGG,0,566492
araCp,0.5,1,1,ACCCACGGCCAGTAAGCTAT,0,541378
araCp,0.5,1,1,ACCATCCGAACCAGGTACGG,0,585355
araCp,0.5,1,1,ACCATAGACCCCTGGACCCA,0,528001
araCp,0.5,1,1,ACCATACGAGTGTGTGAGTT,0,579412
araCp,0.5,1,1,ACCAGTATCATTCGAGATAG,0,600543
araCp,0.5,1,1,ACCAGGGGTTCCATTTTCAC,0,540660
araCp,0.5,1,1,ACCAGGCTGCCTACGAAGTC,0,528075
araCp,0.5,1,1,ACCAGCTCCGGGAGGTGTAA,0,552327
araCp,0.5,1,1,ACCAGCCTCCGGCCACGACG,0,574956
araCp,0.5,1,1,ACCACGGCCACACAATTTGT,0,580278
araCp,0.5,1,1,ACCACGAGGAATCATTAAAT,0,583543
araCp,0.5,1,1,ACCAAGGCTATTGTTCTTAT,0,529043
araCp,0.5,1,1,ACCAACGTTGTAGTTATGTA,0,568308
araCp,0.5,1,1,ACCAACGGTTGTATTACGTC,0,571006
araCp,0.5,1,1,ACCAAAGTAAATTGATTGCT,0,556029
araCp,0.5,1,1,ACATTTCCGCCCGAGAGCGT,0,541741
araCp,0.5,1,1,ACATTGCCGCACGGTACTCG,0,590965
araCp,0.5,1,1,ACATTATGTTCGGACGGGTG,0,583345
araCp,0.5,1,1,ACATTAGAATAGACGATGCG,0,573724
araCp,0.5,1,1,ACATGTTAGACGCGGATTCC,0,549987
araCp,0.5,1,1,ACATGTGATTGGTCCAGACC,0,536863
araCp,0.5,1,1,ACATGGCGGTGAAAGCGTGG,0,576954
araCp,0.5,1,1,ACATGCCACGTCGCCCACCT,0,534558
araCp,0.5,1,1,ACATGATTTAGACTCCTCCT,0,564469
araCp,0.5,1,1,ACATGATATACATGCATCTT,0,541592
araCp,0.5,1,1,ACATGAACGTCCGACTTTAT,0,587205
araCp,0.5,1,1,ACATCTCCATGCCCATCGCA,0,571226
araCp,0.5,1,1,ACATCATTGGACTCTTGGCA,0,554131
araCp,0.5,1,1,ACATATATTCGTCGATAAGA,0,558239
araCp,0.5,1,1,ACAGTTTGTTGTCACTACTT,0,567172
araCp,0.5,1,1,ACAGTTGTTACACCGATGAT,0,584801
araCp,0.5,1,1,ACAGTGAGGGGCAATGCACG,0,569971
araCp,0.5,1,1,ACAGTCGTCTCCTCGCGATG,0,533344
araCp,0.5,1,1,ACAGTCGGTGGCATGCGCTG,0,550806
araCp,0.5,1,1,ACAGTAGAAGCGAAAGTTCG,0,541136
araCp,0.5,1,1,ACAGTACACCTTTTGCTGAC,0,526813
araCp,0.5,1,1,ACAGGTCGCAAAGAGGCCCA,0,567607
araCp,0.5,1,1,ACAGGTACTTGCTTCAGGAG,0,575640
araCp,0.5,1,1,ACAGGGAATTTAGATAATTC,0,561206
araCp,0.5,1,1,ACAGGCAAGGGTGTAAAGGA,0,585581
araCp,0.5,1,1,ACAGGATGGCGGGCCTTAGG,0,550574
araCp,0.5,1,1,ACAGCTACAGTGTAAGGGAT,0,577260
araCp,0.5,1,1,ACAGATCGGCAGCATGTCTA,0,592955
araCp,0.5,1,1,ACAGATAGCTGCCTCTAGGC,0,544907
araCp,0.5,1,1,ACAGAGCTCGAAATGGAGGA,0,563476
araCp,0.5,1,1,ACACTTTAGCTCTCGTTGCT,0,549824
araCp,0.5,1,1,ACACTGCCCGTGGTAAGGCC,0,579821
araCp,0.5,1,1,ACACTCGGCTTCAATGTAGT,0,551947
araCp,0.5,1,1,ACACTAGCCATTCTTGAGAT,0,583794
araCp,0.5,1,1,ACACGGGGGATTCTACTTAT,0,579407
araCp,0.5,1,1,ACACCTTGATGGCTAATGTC,0,565689
araCp,0.5,1,1,ACACCGTCAGGATCGGTCTT,0,530552
araCp,0.5,1,1,ACACCGTACGTATGCGACAA,0,548822
araCp,0.5,1,1,ACACATATGGACTCCTGCAA,0,532875
araCp,0.5,1,1,ACACAGGGCCAAAAGCGCAG,0,591466
araCp,0.5,1,1,ACACACTGGCGCTGAGATTT,0,556208
araCp,0.5,1,1,ACACAAGTAGCGCTGGCGTA,0,588371
araCp,0.5,1,1,ACAATTCTCCTACGGTAATA,0,567754
araCp,0.5,1,1,ACAAGTTATTAGGGCATGTC,0,576930
araCp,0.5,1,1,ACAAGTCTCCTCCTAGTCAA,0,570280
araCp,0.5,1,1,ACAAGTCCCGAGCCCAAAAT,0,578321
araCp,0.5,1,1,ACAAGGGCAGGCCACGGGGT,0,555559
araCp,0.5,1,1,ACAAGGAGAACTAACGCCGT,0,565512
araCp,0.5,1,1,ACAAGCCGGTAGAAGTCTTG,0,556173
araCp,0.5,1,1,ACAAGCCCTTAGGTAGGGCA,0,558397
araCp,0.5,1,1,ACAAGATCTAGCTGTTTTTC,0,587457
araCp,0.5,1,1,ACAACGAGTTTAATAGGGGA,0,572004
araCp,0.5,1,1,ACAACCTGTTCGATGTGGCC,0,540876
araCp,0.5,1,1,ACAACATAACAGACTTTGGA,0,602681
araCp,0.5,1,1,ACAACAAACAATGGTAGGGG,0,557018
araCp,0.5,1,1,ACAAATTGTCATTACAGGAG,0,571848
araCp,0.5,1,1,ACAAAGGACGTGGCGAGTCT,0,576085
araCp,0.5,1,1,ACAAACTTGGATCGACCACC,0,545187
araCp,0.5,1,1,AATTTTTAAACAAACCGGGA,0,563913
araCp,0.5,1,1,AATTTGTTCCCGGCCTTTCT,0,545387
araCp,0.5,1,1,AATTTGCGGTACAGTGGCCA,0,553052
araCp,0.5,1,1,AATTTGCACGAATGACGCGT,0,589317
araCp,0.5,1,1,AATTTAGTTAATAAGGTGAC,0,550292
araCp,0.5,1,1,AATTGAAAACGTAATAGGGA,0,565106
araCp,0.5,1,1,AATTCGCCCTCCTTCCTTGG,0,595019
araCp,0.5,1,1,AATTCATCGTTCGACGGTGG,0,555489
araCp,0.5,1,1,AATTATGCCCCTTGGTAGGC,0,591475
araCp,0.5,1,1,AATTATCCCATACACTACTC,0,559307
araCp,0.5,1,1,AATTAGGACAAAGGCATAAG,0,581580
araCp,0.5,1,1,AATGTTTGATTTTTGTCGCC,0,570291
araCp,0.5,1,1,AATGTTTAGAGTATTAACGG,0,599887
araCp,0.5,1,1,AATGTAGCAAACCAGTTTGA,0,603295
araCp,0.5,1,1,AATGGTTAGTGAGCCAACCC,0,546827
araCp,0.5,1,1,AATGGGCCGCACCGGCTTGA,0,556730
araCp,0.5,1,1,AATGGCTTCCGTAGAGGATG,0,554070
araCp,0.5,1,1,AATGCTCTTAAACATGCACT,0,582820
araCp,0.5,1,1,AATGCGAAGTGTACTAGGAC,0,572842
araCp,0.5,1,1,AATGCCCGCCATCCGATTTC,0,531253
araCp,0.5,1,1,AATGAATGCATCATGGACTA,0,581099
araCp,0.5,1,1,AATGAATCGCGAAAGTGTGG,0,581781
araCp,0.5,1,1,AATCTTCCTAATGCTGAGAC,0,560465
araCp,0.5,1,1,AATCTGCACAAGAATTATAG,0,553876
araCp,0.5,1,1,AATCTCGCAATATGGTACCA,0,569518
araCp,0.5,1,1,AATCTAGTTTTCATTCGAAA,0,541737
araCp,0.5,1,1,AATCGGGGGAGAGGTACTGG,0,557825
araCp,0.5,1,1,AATCGGGGCAATACCGGACG,0,537305
araCp,0.5,1,1,AATCGCATGCCGGTCATCAC,0,531660
araCp,0.5,1,1,AATCGATGTTTACGTGGCAA,0,528959
araCp,0.5,1,1,AATCGAACGGGGAAAGTCAT,0,599506
araCp,0.5,1,1,AATCGAAAAGTCTGAACAAC,0,587679
araCp,0.5,1,1,AATCCTGTGGCTGTGTATCC,0,549479
araCp,0.5,1,1,AATCCTCACTTAAGGACTCA,0,596061
araCp,0.5,1,1,AATCCGAGGACATTGGTAGA,0,590322
araCp,0.5,1,1,AATCAGGATTTGGCAGGGTG,0,557069
araCp,0.5,1,1,AATCAGATTTGGGGATATAA,0,602489
araCp,0.5,1,1,AATCACGGACAGATGCGTAT,0,576534
araCp,0.5,1,1,AATCACGAAGCGTAAATATA,0,545814
araCp,0.5,1,1,AATATGTCTTTGCCTTTCCT,0,601753
araCp,0.5,1,1,AATATCATGCAAATACAGTG,0,602534
araCp,0.5,1,1,AATAGTAGGTTCTAACTGAA,0,551683
araCp,0.5,1,1,AATAGGCTGGCAGTCCTGTG,0,573827
araCp,0.5,1,1,AATAGGCTACAGGATGCAAG,0,592944
araCp,0.5,1,1,AATAGCTTTGAGAAGATATT,0,563144
araCp,0.5,1,1,AATAGATGAGTTGCTTTCCA,0,576422
araCp,0.5,1,1,AATACCTGTGCTTCGCATGG,0,590366
araCp,0.5,1,1,AATACATTCAGTAGCCGTTC,0,533031
araCp,0.5,1,1,AATAATTGCATCTAGTGGAG,0,595245
araCp,0.5,1,1,AATAAACATACAACCGTTGA,0,542055
araCp,0.5,1,1,AATAAAATTTAGCTTAGCAA,0,586871
araCp,0.5,1,1,AAGTGCCATAGGAGAGTTAT,0,576339
araCp,0.5,1,1,AAGTGAGAATCGAGGAATGG,0,563814
araCp,0.5,1,1,AAGTCTGGGGGCCGTCAAAT,0,580234
araCp,0.5,1,1,AAGTCCGGCGACGTATTGAC,0,547968
araCp,0.5,1,1,AAGTAGAGTCCCTCCCCAAA,0,543485
araCp,0.5,1,1,AAGTACACCCATATTACAGT,0,585098
araCp,0.5,1,1,AAGTACACCAACATATGCTT,0,534234
araCp,0.5,1,1,AAGGTTGCCCTACAGTCAAG,0,566499
araCp,0.5,1,1,AAGGTTCGGAGACGTACCAG,0,602968
araCp,0.5,1,1,AAGGTCCTATCGACTGGATA,0,544033
araCp,0.5,1,1,AAGGTCATCTGTCTACTTTA,0,585610
araCp,0.5,1,1,AAGGTATCGAAGATTCGTCA,0,556427
araCp,0.5,1,1,AAGGTATCAATGCCGCAAAT,0,541121
araCp,0.5,1,1,AAGGTAACGATCGGAGAAGT,0,578751
araCp,0.5,1,1,AAGGGTGTCACACAGGTCCA,0,582227
araCp,0.5,1,1,AAGGGGCAGAGTGTCCCAAT,0,589997
araCp,0.5,1,1,AAGGGGCACGGCCGCTTGGT,0,574611
araCp,0.5,1,1,AAGGGACTCCGTAATATACA,0,557099
araCp,0.5,1,1,AAGGGAAACCGACCCAGCAA,0,585917
araCp,0.5,1,1,AAGGCACATCTCTTTTGGCC,0,527437
araCp,0.5,1,1,AAGGAGGGGGGGAGTCTTAG,0,578038
araCp,0.5,1,1,AAGGACAAAGTGGAGGCTAC,0,552853
araCp,0.5,1,1,AAGCTTGATATGTGCCGCGT,0,548267
araCp,0.5,1,1,AAGCTTAAATTACCTCATGC,0,552777
araCp,0.5,1,1,AAGCTCCAAGGGACAGTCGC,0,570263
araCp,0.5,1,1,AAGCGGCCCAATTGACTCTA,0,563570
araCp,0.5,1,1,AAGCGCTTTCTTAGAGGCCC,0,598623
araCp,0.5,1,1,AAGCGCTGCGTATTGCCCTC,0,599461
araCp,0.5,1,1,AAGCGATATAACTGGCCTTG,0,528222
araCp,0.5,1,1,AAGCGAACTCTGTTTAATGT,0,603567
araCp,0.5,1,1,AAGCCTTGAGAATAGTACTA,0,540751
araCp,0.5,1,1,AAGCCGACCTCTGTGGCTGA,0,574782
araCp,0.5,1,1,AAGCAGGGCGACAGTCTGAC,0,545222
araCp,0.5,1,1,AAGCACAGTCGGACACCATT,0,593808
araCp,0.5,1,1,AAGATTTAAAACGGTCCAGT,0,593410
araCp,0.5,1,1,AAGATGTATAGCACGATATT,0,595856
araCp,0.5,1,1,AAGATGCTAACTTTCCCATA,0,586415
araCp,0.5,1,1,AAGATGATTCGTCTCGCATC,0,601503
araCp,0.5,1,1,AAGATCTCAAGACCTTGGGT,0,572487
araCp,0.5,1,1,AAGAGGTCAGGATGATAATG,0,546336
araCp,0.5,1,1,AAGAGGGCATATATCAGAGA,0,600810
araCp,0.5,1,1,AAGAGCATTCTTCATGGTGT,0,545263
araCp,0.5,1,1,AAGAGATGTGGCTCAATGCC,0,581178
araCp,0.5,1,1,AAGAGATACAGTGTAAACCC,0,558340
araCp,0.5,1,1,AAGAGAGTTTCTTCTTTCAC,0,554783
araCp,0.5,1,1,AAGACGTGTTCAACTCACAT,0,601886
araCp,0.5,1,1,AAGACGTGCTAGCCCTGGTG,0,530458
araCp,0.5,1,1,AAGACGGAAAAGACTCTGAA,0,584604
araCp,0.5,1,1,AACTTTTATTGGACCATTTG,0,547002
araCp,0.5,1,1,AACTTTGCTTAACTAAGAAG,0,547898
araCp,0.5,1,1,AACTTGGGTACATTATCATA,0,583114
araCp,0.5,1,1,AACTTCGGGTGGATACGTCA,0,586155
araCp,0.5,1,1,AACTTATGTGGTCTTTAAAG,0,569427
araCp,0.5,1,1,AACTTATATGAGGGGGCACT,0,535657
araCp,0.5,1,1,AACTTAAAGGCCAGCGAGAA,0,572343
araCp,0.5,1,1,AACTGTTATACCCGCTTGCA,0,550522
araCp,0.5,1,1,AACTGGTCGTTTGTTTGTGA,0,560718
araCp,0.5,1,1,AACTGAAAGGGCCTGTTGTC,0,557953
araCp,0.5,1,1,AACTCGTCGATTCATTCCAG,0,537993
araCp,0.5,1,1,AACTCGGACCTCCTATTAAT,0,533370
araCp,0.5,1,1,AACTCGAAGAATGGTACTAC,0,575214
araCp,0.5,1,1,AACTCAGTAATAATTTAAGG,0,537536
araCp,0.5,1,1,AACTCACGTGAAAATGCGTT,0,550024
araCp,0.5,1,1,AACTAGACATTATCGCCCGG,0,540841
araCp,0.5,1,1,AACTACGGAAAATGGGCGAT,0,554797
araCp,0.5,1,1,AACGTTTCCATGGGTGCGGA,0,588080
araCp,0.5,1,1,AACGTGGCATTAAACCTTAA,0,603115
araCp,0.5,1,1,AACGTGCCTCGCGGCGGACC,0,543616
araCp,0.5,1,1,AACGTCTCAACTAGAAACGA,0,550988
araCp,0.5,1,1,AACGTCATGGGGAAGTGACG,0,561988
araCp,0.5,1,1,AACGTATTTGCCAAGTAGAT,0,589626
araCp,0.5,1,1,AACGGTTTATTCGTCCAAGA,0,568289
araCp,0.5,1,1,AACGGCCTACGCAGTGCTGT,0,587674
araCp,0.5,1,1,AACGGCAGGTTACCAGCCTA,0,543121
araCp,0.5,1,1,AACGGATTCCTAAGGTAGAG,0,601933
araCp,0.5,1,1,AACGGAAATGGTTCCCGCAA,0,573097
araCp,0.5,1,1,AACGCTCTGCTTCACAGACC,0,536138
araCp,0.5,1,1,AACGCGCAACTGGGGGCTTA,0,561504
araCp,0.5,1,1,AACGATGTCGAACCGTATGA,0,594005
araCp,0.5,1,1,AACGAGAGAATACCTGGGGT,0,589427
araCp,0.5,1,1,AACCTTTCGTACAGCCCGGA,0,550320
araCp,0.5,1,1,AACCGAGTACATGGCCTGTG,0,583382
araCp,0.5,1,1,AACCCTTAAGAGCAATTGGG,0,572714
araCp,0.5,1,1,AACCCGGTTTCACCAGGCTT,0,562347
araCp,0.5,1,1,AACCAGTTGGTCAGGCCGTG,0,573684
araCp,0.5,1,1,AACCAGTCAAACCTCCTGTA,0,548604
araCp,0.5,1,1,AACCACCTCGTCCGGGCGGG,0,538666
araCp,0.5,1,1,AACCAAGACGTATAGGTTGA,0,546248
araCp,0.5,1,1,AACAGTCCGACAATGGTAGA,0,562608
araCp,0.5,1,1,AACAGATCTACACAAAGTGG,0,544707
araCp,0.5,1,1,AACAGAGTATATACCCCCCT,0,588135
araCp,0.5,1,1,AACACGAGAGGTATAGTCCT,0,532883
araCp,0.5,1,1,AACACACATTAAGAGTCTGA,0,539299
araCp,0.5,1,1,AACAAACCGCCGGAAATATG,0,596919
araCp,0.5,1,1,AAATTGCGGGGCGGATGTAT,0,567501
araCp,0.5,1,1,AAATTAGATTTGTGGATTAC,0,527607
araCp,0.5,1,1,AAATTAGAACCTGCTAGATC,0,532507
araCp,0.5,1,1,AAATTACTTAGATAGGTCCA,0,588018
araCp,0.5,1,1,AAATTAAAGTTTAATCGAGG,0,536005
araCp,0.5,1,1,AAATTAAACTGGGTCGTAAA,0,576880
araCp,0.5,1,1,AAATGACTGTCAACTCAATC,0,555640
araCp,0.5,1,1,AAATGACCCGGGGGAGAGCA,0,600019
araCp,0.5,1,1,AAATCTAAAACGGAATGGGG,0,529899
araCp,0.5,1,1,AAATCGTAGGCCCTACATTC,0,544406
araCp,0.5,1,1,AAATCAGCCGGGCGACGGGA,0,528763
araCp,0.5,1,1,AAATCAACGTGCCCTGCTCC,0,534875
araCp,0.5,1,1,AAATATGAATTTGGCAAAAA,0,545000
araCp,0.5,1,1,AAATAAGAATACTACAAGAT,0,542923
araCp,0.5,1,1,AAAGTGGTCACGAAACAATA,0,556305
araCp,0.5,1,1,AAAGTGAATTATGTTGCTCA,0,546599
araCp,0.5,1,1,AAAGTCGTAATGGACGGTAA,0,541262
araCp,0.5,1,1,AAAGTCATTTAGAAGCTGTT,0,584141
araCp,0.5,1,1,AAAGGTGGCTCTAAGAAAAG,0,590033
araCp,0.5,1,1,AAAGGGTATTTCCGCAGCGT,0,540659
araCp,0.5,1,1,AAAGGGGCCAGCAGACGGAA,0,532766
araCp,0.5,1,1,AAAGGGCTGTAATCCCTCTG,0,569304
araCp,0.5,1,1,AAAGGGCAACAATCTTTGAT,0,580813
araCp,0.5,1,1,AAAGGAGCGACTAATGTTTA,0,592025
araCp,0.5,1,1,AAAGGAATGCACTTAACAAT,0,544053
araCp,0.5,1,1,AAAGCTGTGGCCTCGAGTAC,0,533846
araCp,0.5,1,1,AAAGCTCGGGTAACGGCACG,0,579015
araCp,0.5,1,1,AAAGCCTTAGTCGGGGACTC,0,602880
araCp,0.5,1,1,AAAGCCTTAGACATTCGGCA,0,550008
araCp,0.5,1,1,AAAGCAATGGCGGGGCATAT,0,575127
araCp,0.5,1,1,AAAGCAACCAGATTCAGCTG,0,532172
araCp,0.5,1,1,AAAGATACTGTGATGGCGAA,0,585150
araCp,0.5,1,1,AAAGATACTGTCTTTCTGCT,0,590587
araCp,0.5,1,1,AAAGAGCGTCTCTAGTTACA,0,553422
araCp,0.5,1,1,AAAGAGATTACGCCGAGTGC,0,602641
araCp,0.5,1,1,AAAGACCCTAGGCATCGCGA,0,576505
araCp,0.5,1,1,AAAGAAGCATAGCCTTGAAA,0,588726
araCp,0.5,1,1,AAAGAACTGGGTATACCCTG,0,556565
araCp,0.5,1,1,AAACTTTCTCATGATTGACT,0,564905
araCp,0.5,1,1,AAACTAGACACTCGTGCGGT,0,579843
araCp,0.5,1,1,AAACGTTTCCGTTTTTTACG,0,559003
araCp,0.5,1,1,AAACGTCGCTGGTTTAGCGT,0,602459
araCp,0.5,1,1,AAACGGGTTAAGCACTATTT,0,542132
araCp,0.5,1,1,AAACGCGCCGCGGCGGCAGT,0,536335
araCp,0.5,1,1,AAACGAAGTAATGCGAACGT,0,542597
araCp,0.5,1,1,AAACCTTAGCGCATGTGGCG,0,542964
araCp,0.5,1,1,AAACCTCCCGCGACCTAGCG,0,557887
araCp,0.5,1,1,AAACCTCAGTCACGACAAGG,0,583617
araCp,0.5,1,1,AAACCGTGCAGTTGGTGAGG,0,593770
araCp,0.5,1,1,AAACCGGACATAGTGATTTT,0,543213
araCp,0.5,1,1,AAACATACTAATAATGTGGT,0,584305
araCp,0.5,1,1,AAACAGTCATTAGCGACATC,0,570538
araCp,0.5,1,1,AAAATTGGCTGACGGGAAAG,0,554117
araCp,0.5,1,1,AAAATTAAGCGACTTATCCT,0,556966
araCp,0.5,1,1,AAAATGATCGGCTTTGGACG,0,536613
araCp,0.5,1,1,AAAATAGCCGCACTAGGGCA,0,579338
araCp,0.5,1,1,AAAATAGCATCAGTGCGATC,0,595251
araCp,0.5,1,1,AAAACTCTGCCGGTAAAACG,0,558538
araCp,0.5,1,1,AAAACTCCCCGTTAGTCGAG,0,586096
araCp,0.5,1,1,AAAACGTCTCAGCAATCAGG,0,594556
araCp,0.5,1,1,AAAACAGGGACCATGGTTTT,0,590540
araCp,0.5,1,1,AAAACACCCTTCATTAGCGT,0,542023
araCp,0.5,1,1,AAAACAACGTGATCACCAGG,0,528897
araCp,0.5,1,1,AAAAAATTCTCTACTACAAC,0,571562
araCp,0.5,1,1,AAAAAACGGTCCAAGCGGCC,0,562294
araCp,282.0,281,0,AGTGTCCGCTCGTCCGTTGA,281,585453
araCp,184.0,183,0,ATGGGGATAAAGTGAGGCAA,183,576349
araCp,180.0,179,0,TTCGTGACCCATACTTCCAT,179,562147
araCp,177.0,176,0,ATATCACAATACCGTCACCA,176,603005
araCp,152.0,151,0,GGGTATATGTTGCGAACTGG,151,595974
araCp,148.0,147,0,TGACACTATTAGAGATGGAA,147,560674
araCp,145.0,144,0,TCGACTCCCCGTAACTGTAT,144,593405
araCp,141.0,140,0,AAGTCTTAACGGAAGGTACA,140,594863
araCp,135.0,134,0,CATCACTTCGGTAACTTCAC,134,551143
araCp,124.0,123,0,GATGACCAACTCTCTTTGTT,123,562112
araCp,121.0,120,0,TAACTCAGTGAACCCTTGTG,120,588437
araCp,120.0,119,0,CGATCGCTGTAATAGCCTCA,119,526690
araCp,119.0,118,0,GCGATAGTCTTACATGTTTA,118,596102
araCp,119.0,118,0,AAAGTACGTTGTACGTCGGA,118,532070
araCp,103.0,102,0,GAAGGAGGAGAGTCCCCTGT,102,589806
araCp,102.0,101,0,TTGTTCGGCATGATAAGTGC,101,581586
araCp,101.0,100,0,AATGTCTTAGGAAGATAGTT,100,579570
araCp,98.0,97,0,CCGGTGGATCAGGTCCGCAG,97,555342
araCp,95.0,94,0,CCGTGCGGTGGAAGGCGTGC,94,591772
araCp,91.0,90,0,ATTGAGCACTTGTAGCAATA,90,577949
araCp,90.0,89,0,GCCCGGTTTGCCAATTCATT,89,535892
araCp,88.0,87,0,TGACTCCGATTAAGACGTAT,87,571375
araCp,82.0,81,0,GGGACACAGCAACTAAATTA,81,534981
araCp,81.0,80,0,TCTCGCCTGCGCACAGACTC,80,603635
araCp,79.0,78,0,TGGTTAGTTGGTCTACTAAG,78,565381
araCp,79.0,78,0,CATGACCTGTAATGGAACGA,78,530094
araCp,78.0,77,0,GGAATCCTGATTATAATCAG,77,526451
araCp,78.0,77,0,CTTAGTAAGCACCGTGGTCT,77,565151
araCp,77.0,76,0,TTTGGTACCGGATGTTGCCC,76,603632
araCp,77.0,76,0,TCCACTTATAGGCGCATTTC,76,577990
araCp,77.0,76,0,GTGATCATCCACTAATTGAT,76,574942
araCp,74.0,73,0,TTCCGACGGACATCCACTCT,73,579071
araCp,71.0,70,0,TTTAATATGTGGGCATGTGG,70,594836
araCp,71.0,70,0,ACGAGGTTTTCATTGTATGT,70,530849
araCp,70.0,69,0,TTCAGTTTGGGTGTTACGGT,69,581752
araCp,70.0,69,0,GGTACTACACGTTGTCACGG,69,551670
araCp,70.0,69,0,GCGGGATTCATTGATCGCGG,69,528107
araCp,70.0,69,0,CAGAGTGAGTAATGAGTATA,69,527798
araCp,69.0,68,0,CAGTCCTTCATCAACACCGA,68,573947
araCp,68.0,67,0,TAGGAGGCTATCATTGTTCC,67,534668
araCp,68.0,67,0,GGTCCAAATTCAGGATCATT,67,530115
araCp,68.0,67,0,GATCGGCTGTCTTCAGTATC,67,596022
araCp,67.0,66,0,CGTCCTGATGGCATCATCGT,66,559334
araCp,66.0,65,0,CATCCTAAACTACGCTCTTC,65,561556
araCp,65.0,64,0,TCGCGTTATTGAAATGACAC,64,546645
araCp,65.0,64,0,GTCATCAGCAATTCTTAAAT,64,602914
araCp,65.0,64,0,CTGAACGGAATTTGAGTGAC,64,543592
araCp,65.0,64,0,AGACAAAGTCAAGGGAGTGT,64,603323
araCp,64.0,63,0,GAATCGTATTTTGCCCCCCA,63,583322
araCp,64.0,63,0,CTCCACTTGGACTAGAAACA,63,526563
araCp,64.0,63,0,ATTCATGACTGGTTGAGTGG,63,575325
araCp,64.0,63,0,ACAATCAGGGGCAACGACAA,63,602255
araCp,62.0,61,0,TTAGAGCAGTAACTTTGGTC,61,583467
araCp,62.0,61,0,TGGACACGTTCGTATGTTCA,61,573799
araCp,62.0,61,0,GTCGCCTTCAGCCCTGTTTA,61,527537
araCp,61.0,60,0,GTAAAGCCCCATTATAACGT,60,569715
araCp,61.0,60,0,CGGATTTCAGGTACTTGGCC,60,572480
araCp,61.0,60,0,AATGGTCCCACGGATGTGCA,60,537800
araCp,60.0,59,0,TATGGGTGCCCAGTAGACAC,59,546285
araCp,60.0,59,0,GTCGCTCCATACATGATGTT,59,584144
araCp,60.0,59,0,GGCCTTCGTCTTTTCGGATA,59,597822
araCp,60.0,59,0,GCCCACTGTCCTCTCCCGAA,59,586690
araCp,60.0,59,0,CTAATTATCATGAAGGATAA,59,582866
araCp,59.0,58,0,GCGACTTATGCACGTCGAGT,58,595923
araCp,59.0,58,0,CTATTTTGGGGTTCGTTATC,58,592525
araCp,59.0,58,0,CCGCCATCTAGGTGCAATGA,58,584445
araCp,59.0,58,0,CATAGAGGCACGGAAACAAG,58,590221
araCp,58.0,57,0,ACTCACAGATGGAAGCCTTT,57,573150
araCp,57.0,56,0,GCTTGGGACACGAACCTTTA,56,526404
araCp,57.0,56,0,CGGAGGAGATTTCACTTGGG,56,595084
araCp,57.0,56,0,CAGGAAAGGGGAATACGGTC,56,539690
araCp,57.0,56,0,ATTATTCTTATGATTTGTCG,56,560676
araCp,56.0,55,0,GCTTTGACTACTAATGTGAC,55,528490
araCp,56.0,55,0,CAGTAACCACACAGGCTCAA,55,593316
araCp,55.0,54,0,CTTGGTCCCGACGGGATCAG,54,586494
araCp,55.0,54,0,CGCCTAAGAGTTCCCCCGTC,54,549712
araCp,55.0,54,0,AGATGATTTGTAACCCGAAG,54,546434
araCp,54.0,53,0,TATTTGTGCCTGAGCTAATC,53,598202
araCp,54.0,53,0,GGCCTGACACTCTGTATTCT,53,529199
araCp,54.0,53,0,CTTCGATGAGTCGAGTCATC,53,564213
araCp,54.0,53,0,AAGGCACGATGAGCGGGTGT,53,549322
araCp,53.0,52,0,AAGGCATCCCGCGAAGTTCG,52,554619
araCp,53.0,52,0,AACCGATGGTCCAAGGAGCA,52,534388
araCp,52.0,51,0,TGCAAGCTGGGGCATAACGT,51,595970
araCp,52.0,51,0,AGAAGACTGCCTTCGTTCGA,51,580580
araCp,51.0,50,0,TGAAATTCCAGACGAAGCTT,50,600371
araCp,51.0,50,0,TAGCCGGCGTCTGACTACCA,50,569932
araCp,50.0,49,0,TTCAACGGCAGAGCTCAGGG,49,588425
araCp,50.0,49,0,TCAATCAGGCAGACCCTGGT,49,594533
araCp,50.0,49,0,GTGTAAGGGATTACCGTGGG,49,541527
araCp,50.0,49,0,ACGTTGATTCGTCACAGCTA,49,542038
araCp,49.0,48,0,CGGCCAGACCTTAGGTCATC,48,581860
araCp,49.0,48,0,CATGACATAGGTTTTCAATA,48,576891
araCp,48.0,47,0,CATGAGTCGAGATGCTCTTC,47,535885
araCp,47.0,46,0,TGCTTCCAGCAGGACACAAG,46,584154
araCp,47.0,46,0,GAGCCTATTCCGCCGCGGGA,46,598236
araCp,47.0,46,0,CTCAGCTCAGAGTTGGGTGG,46,577553
araCp,47.0,46,0,CGATGTCCAGAGGTATATGC,46,578708
araCp,46.0,45,0,GTCTATTGTGCGATCTGGCG,45,580324
araCp,46.0,45,0,GGGGGTCCCCCATTTGCGAC,45,531618
araCp,46.0,45,0,AACTAATTATGCTGAAGAAC,45,543344
araCp,45.0,44,0,TCTGGATGAAGCATTGCAAC,44,585624
araCp,45.0,44,0,GTCTGCATCCGCCCTCATGG,44,592380
araCp,45.0,44,0,GATGGCATTTTATCCTCATC,44,528366
araCp,44.0,43,0,TTTCACCCGCTTCCGTTAGA,43,559198
araCp,44.0,43,0,GCGCGCGTTAATGGTCCATG,43,577023
araCp,44.0,43,0,ACCGATCGAATAATCGCGCC,43,587785
araCp,43.0,42,0,GGGATCATGTAATCAGCTAC,42,586932
araCp,43.0,42,0,GGAGGTGATTTACTTATTGC,42,536707
araCp,43.0,42,0,GAATGGCCTGCTGCCGGAAC,42,542271
araCp,41.0,40,0,TTTTGTATTGGTGGTCTCCA,40,577090
araCp,41.0,40,0,TAGCAAACAACATAAGAGAT,40,598892
araCp,41.0,40,0,CTCGGTCGCCAGGGCCCTAC,40,597402
araCp,41.0,40,0,CCAGCCAGGTTGGTCCCGTC,40,554657
araCp,39.0,38,0,TGCGCCTCCGGCGAGGACCT,38,598213
araCp,39.0,38,0,CTTATATCCTACCCGCATTC,38,537275
araCp,39.0,38,0,CCCAGGCTGCTCTGTGCTCC,38,597966
araCp,39.0,38,0,CACACGTCCTACCTGTAGGC,38,601034
araCp,38.0,37,0,GTTGTAACACCGTGCGGTGA,37,557931
araCp,36.0,35,0,GGGAGATCCCCTAAGATGAG,35,588929
araCp,34.0,33,0,GTAGGCCATGGACCAAGGCT,33,577840
araCp,34.0,33,0,CCCAACCGCTAGTAGGAGCA,33,528931
araCp,34.0,33,0,ATACTACCCTCCCCATGCTA,33,552715
araCp,33.0,32,0,CGGTCATGGTGGGGCTGCTT,32,581273
araCp,30.0,29,0,TGTGCTCAGGCAGAGAAAAT,29,536716
araCp,30.0,29,0,ACATGGTTTCATACGCCCCT,29,583350
araCp,29.0,28,0,CGAGGAATTTACATCACCAC,28,579456
araCp,29.0,28,0,CCTCTGCAAAATTTTCTTGT,28,532951
araCp,28.0,27,0,AACCAATGGACGAGGGTACA,27,596834
araCp,27.0,26,0,GCGTGCGCGACTGGACACTT,26,595986
araCp,25.0,24,0,CTCCCCACCCTTCGATTACA,24,558415
araCp,24.0,23,0,GGCGAAGCTAATAACGGGCG,23,548007
araCp,22.0,21,0,CGTTCAGTCGGGAGTATGAG,21,549891
araCp,19.0,18,0,CCTCTCCAGCACGCGCAACC,18,545877
araCp,14.0,13,0,CCCTGGTAAAGGGCGACTCA,13,603342
araCp,13.0,12,0,TTCAAAAACCACAGAAATTA,12,561355
araCp,11.0,10,0,AGGCCCTCTATAAGTTGTTT,10,526796
araCp,10.0,9,0,AGGTTGAACGACGCCGGTGG,9,546466
araCp,8.0,7,0,AGACTACCACTGTAACTAGT,7,545197
araCp,5.0,4,0,GTCTGCTTTATGCGGAGAGT,4,541568
araCp,4.0,3,0,CTATGCGAGAGCCTAACATT,3,536871
araCp,3.0,2,0,GAGTCAGCGCTGTTAGGACA,2,553475
araCp,2.0,1,0,TTTGGCGCTCACAGCCGTGT,1,551731
araCp,2.0,1,0,TTTGATGAGTATTGAAGGCC,1,527889
araCp,2.0,1,0,TTTACCCATGACATTCAGCG,1,534191
araCp,2.0,1,0,TTCGACCAGGGTCCATCCCT,1,585457
araCp,2.0,1,0,TGGTAAAGCGACCGACCTGC,1,552714
araCp,2.0,1,0,TGGGCACCCCACCGGTGGGC,1,531986
araCp,2.0,1,0,TCGCCTTCCAGAAACGCCTT,1,600700
araCp,2.0,1,0,TCGATAACCCTAACCGTTGA,1,528159
araCp,2.0,1,0,TCGAATGCGTGTTGGGACGA,1,573165
araCp,2.0,1,0,TCCGAGGATCCAGTTTAGTC,1,526806
araCp,2.0,1,0,TATTCGGTCAGTGGTTAATT,1,573308
araCp,2.0,1,0,TATACTCGGCTTCTACACTA,1,587351
araCp,2.0,1,0,TAAACATACGGGTTATAGCG,1,548771
araCp,2.0,1,0,GTTTTGAATGGTGGAAGAGT,1,553844
araCp,2.0,1,0,GTGTCAAGGCTTTCCCGGCA,1,568841
araCp,2.0,1,0,GTCTGTTTTATAATTTCAGC,1,587915
araCp,2.0,1,0,GTCTCCTTTGCGCTCATTAT,1,587830
araCp,2.0,1,0,GTCGCGGCAAGGGAAATGCC,1,531339
araCp,2.0,1,0,GTATGCGGACCGCGCTCGTC,1,588657
araCp,2.0,1,0,GGTCACCCTTGGCTTAAGTA,1,534188
araCp,2.0,1,0,GCTAGCGTTTCACAAATCAA,1,603609
araCp,2.0,1,0,GCATATATAGGAACCGGCAT,1,535912
araCp,2.0,1,0,GCAGTCAGTTATTAAAAATG,1,576348
araCp,2.0,1,0,GATACGATGATCAATTTAAG,1,590828
araCp,2.0,1,0,GATACATTGTAGCGACCTAT,1,530066
araCp,2.0,1,0,GAAATATATACTGGCCGATC,1,546293
araCp,2.0,1,0,CTCAGAGCTCCCGGAGCCAA,1,559472
araCp,2.0,1,0,CGTCGGGGTCAACACATCTC,1,570030
araCp,2.0,1,0,CGGGGTATTAAAGATAGGTG,1,531305
araCp,2.0,1,0,CGCTTCTCCACATGGGGTTA,1,529210
araCp,2.0,1,0,CGAACGGTTTCTGGCGTGTT,1,540401
araCp,2.0,1,0,CCAACCGTCATTCTAAAACT,1,585447
araCp,2.0,1,0,CATGAACTTCTCGCCAGCAA,1,545259
araCp,2.0,1,0,CAACTTCTGTCATAGCGCTA,1,578473
araCp,2.0,1,0,ATGTGTCGATATACAGGCCA,1,564013
araCp,2.0,1,0,ATCGGGATCCATATATCAAG,1,578035
araCp,2.0,1,0,ATCGGAGTGCTCGCACTCAA,1,575697
araCp,2.0,1,0,ATACGAGGCAGTGCCCCAAC,1,590800
araCp,2.0,1,0,AGTGCCAGCTCGTGAATTGA,1,559116
araCp,2.0,1,0,AGCTGACCGAAATACCCCCC,1,573125
araCp,2.0,1,0,AGCGGATGAACGCAGTGCTA,1,591120
araCp,2.0,1,0,AGATATCGTTACCATAACCT,1,593329
araCp,2.0,1,0,ACGCTCTACAAGTTATTGTG,1,548514
araCp,2.0,1,0,ACCATTTCTGCGTAACCAGG,1,580896
araCp,2.0,1,0,AAGAGGAGCTCGACCACCAT,1,576019
araCp,2.0,1,0,AACCTAGAAGCCTCAGCGGG,1,562890
araCp,2.0,1,0,AACAGTGAGGATACGGACTG,1,579665
araCp,2.0,1,0,AAAGTAGCCAGGCTCGGGAG,1,531816
araCp,2.0,1,0,AAACACTATAGAACAATAGC,1,529195
