name,relative_counts,ct,ct_0,barcode,ct_1,barcode_ind
ygfM_xdhD_predicted,0.42153846153846153,460,324,CCTGTGTGCCCGTGGGTAAA,136,4863910
ygfM_xdhD_predicted,0.24892703862660945,289,232,TGCCGGGCCTATGGTGGTTT,57,4875156
ygfM_xdhD_predicted,0.5782312925170068,230,146,CGGCCACGGTTCGGGTCGGA,84,4869337
ygfM_xdhD_predicted,0.6159420289855072,221,137,CCACCGTGAGCACTTGCCAA,84,4875161
ygfM_xdhD_predicted,0.6176470588235294,218,135,AAATCGGGGGTCTGTGAGAC,83,4865434
ygfM_xdhD_predicted,0.30275229357798167,140,108,GCATACCGTGCATGCGTTAA,32,4881455
ygfM_xdhD_predicted,0.3425925925925926,143,107,TACAGAGTGGTTCGATACGT,36,4865638
ygfM_xdhD_predicted,0.9150943396226415,201,105,TTGGAAGGAGCTGTTCATAT,96,4870022
ygfM_xdhD_predicted,0.6415094339622641,172,105,CCTTCGGGAGTATACTTCCA,67,4881161
ygfM_xdhD_predicted,0.53,151,99,GGCTGCATCTGGATCCCGGT,52,4873209
ygfM_xdhD_predicted,0.02040816326530612,98,97,AGTCCTGAGAAGCTATCAGT,1,4864813
ygfM_xdhD_predicted,0.6458333333333334,156,95,ATTGCATTTCGAGCGAATAA,61,4878775
ygfM_xdhD_predicted,0.23157894736842105,115,94,CGCGCTTAACGGTTGATGAA,21,4863796
ygfM_xdhD_predicted,0.5698924731182796,144,92,CTTGGTATGACCACTTATAC,52,4875402
ygfM_xdhD_predicted,0.7956989247311828,165,92,CGGGGACGCGAGGTAGGAGA,73,4870879
ygfM_xdhD_predicted,0.3076923076923077,117,90,TAGCATGGAGTCTGATGAGA,27,4874835
ygfM_xdhD_predicted,0.45054945054945056,130,90,GCGTAATGCAATCCTAGATG,40,4866691
ygfM_xdhD_predicted,0.16483516483516483,104,90,GCCGCTAGCCATCTATGATG,14,4889265
ygfM_xdhD_predicted,0.7912087912087912,161,90,GACGCAAGCACAGCAAGGTA,71,4877601
ygfM_xdhD_predicted,0.4943820224719101,131,88,TCGACCATGGCTGATTTATT,43,4874428
ygfM_xdhD_predicted,0.1348314606741573,99,88,TCCGCCGTGTCAGCTTAGCA,11,4870611
ygfM_xdhD_predicted,0.5842696629213483,139,88,TAAGAGCCTTATGTTAAACT,51,4864039
ygfM_xdhD_predicted,0.75,152,87,AATTCGCATGATATTCTAGA,65,4884023
ygfM_xdhD_predicted,0.38095238095238093,114,83,GAATAACACTATCCAACCTT,31,4880295
ygfM_xdhD_predicted,0.21951219512195122,98,81,TAGACAGTTTTTGGCCCTTA,17,4872070
ygfM_xdhD_predicted,0.24390243902439024,100,81,GTGGGGTGGTTTTAAGTAGT,19,4866670
ygfM_xdhD_predicted,0.2625,99,79,ATGATTCTTCCGCAATCCAT,20,4871603
ygfM_xdhD_predicted,0.9620253164556962,153,78,CGGCTGCCGGGAAAAGAGAA,75,4866520
ygfM_xdhD_predicted,0.5822784810126582,123,78,CCTGCAGAATATAGAGCGTG,45,4869857
ygfM_xdhD_predicted,0.5897435897435898,122,77,GAGGGCTGTTAAGTTGCGTC,45,4867315
ygfM_xdhD_predicted,0.025974025974025976,77,76,GGACGATCAAAGGGAGAGGA,1,4895436
ygfM_xdhD_predicted,0.18666666666666668,87,74,TCCGTGGTTTTGGAGGTACG,13,4865660
ygfM_xdhD_predicted,0.88,139,74,CAGGGGTCGGTTTGCCGCTT,65,4882628
ygfM_xdhD_predicted,0.5333333333333333,113,74,ACAGCCCAGAATTATATTAA,39,4868193
ygfM_xdhD_predicted,1.1333333333333333,158,74,AACCCCCTCTTCGCAACGAT,84,4891994
ygfM_xdhD_predicted,1.5733333333333333,191,74,AAACGCATCCAATTTATTTT,117,4872475
ygfM_xdhD_predicted,0.7702702702702703,129,73,TGTGATCGCTTTATCATCGT,56,4864120
ygfM_xdhD_predicted,0.8783783783783784,137,73,TGCCGGCTACTGGCTTCCAT,64,4867209
ygfM_xdhD_predicted,0.5342465753424658,110,72,GCGTTTGAATGGTACAGAAC,38,4865361
ygfM_xdhD_predicted,0.4931506849315068,107,72,CTTGATTCGCTTCCGGCTCT,35,4879654
ygfM_xdhD_predicted,0.7534246575342466,126,72,CCGACAGATAGTACTATTGC,54,4878906
ygfM_xdhD_predicted,0.22535211267605634,85,70,TTATCTACGCACCTCCACTT,15,4871078
ygfM_xdhD_predicted,0.647887323943662,115,70,TGTAAGGTTCCCGGTCGGCA,45,4874012
ygfM_xdhD_predicted,0.4788732394366197,103,70,AAGACTGCAGCAGATTGACA,33,4878392
ygfM_xdhD_predicted,0.35714285714285715,93,69,TTGGCAACCACCTAACTCAT,24,4870507
ygfM_xdhD_predicted,0.2,82,69,GATTGCTACCTGCGGTCTAG,13,4865690
ygfM_xdhD_predicted,1.1142857142857143,146,69,GATGGTGTATATAATGCTTA,77,4866100
ygfM_xdhD_predicted,1.0,138,69,ATCACTGTCCTCGTATTCTT,69,4877458
ygfM_xdhD_predicted,0.5362318840579711,104,68,TGCCAGCCGTTCTCCCGTGG,36,4874335
ygfM_xdhD_predicted,0.10144927536231885,74,68,TCCAGGGTGCTTCAGGCGCG,6,4875197
ygfM_xdhD_predicted,0.15942028985507245,78,68,TAAGGTTTGAGCGATGTTGA,10,4880387
ygfM_xdhD_predicted,0.6666666666666666,113,68,GTCCTTTCATCGGGGTTTGA,45,4873607
ygfM_xdhD_predicted,0.7681159420289855,120,68,GGTTTCATGATCAGTAAAGT,52,4867674
ygfM_xdhD_predicted,0.19117647058823528,79,67,CGTCGTGTGCCAATCAGAGG,12,4873958
ygfM_xdhD_predicted,0.40298507462686567,92,66,GAGCGCTCCCTTTAGTCTTA,26,4870381
ygfM_xdhD_predicted,0.4626865671641791,96,66,GACGCGGACCTATTCTGCAT,30,4867492
ygfM_xdhD_predicted,0.04477611940298507,68,66,CCAGTTGTACGAGCTACTCC,2,4869665
ygfM_xdhD_predicted,2.014925373134328,200,66,CAGCCACTTCAAGAATATGG,134,4870635
ygfM_xdhD_predicted,2.0,196,65,TCCTAGTCGGTGCAGTCTAA,131,4896265
ygfM_xdhD_predicted,0.3333333333333333,86,65,TATGTATTTCAGACCTGGCG,21,4864986
ygfM_xdhD_predicted,0.030303030303030304,66,65,AATCGGACCACGCAGAAATG,1,4897674
ygfM_xdhD_predicted,0.03076923076923077,65,64,GATAAGGACTACGGGATAAT,1,4894369
ygfM_xdhD_predicted,0.09230769230769231,69,64,CTCTCGTGCCCTTTCTTACT,5,4871443
ygfM_xdhD_predicted,0.7846153846153846,114,64,ACATCCATCGGCGATGATAA,50,4885410
ygfM_xdhD_predicted,0.8923076923076924,121,64,AATGCGCATAGACGCATTTA,57,4866840
ygfM_xdhD_predicted,0.28125,80,63,TGCTGTGAGGCCAGACGAAT,17,4870109
ygfM_xdhD_predicted,0.4375,90,63,GTCTTTCTAGACGTCGGAGT,27,4890544
ygfM_xdhD_predicted,0.6349206349206349,101,62,TTAATTACTGGTTAAAAGCG,39,4863937
ygfM_xdhD_predicted,0.31746031746031744,81,62,GGTGTTAATCTTACGCTTCG,19,4867210
ygfM_xdhD_predicted,1.7301587301587302,170,62,GGCAACGAAAGGTATTCTCT,108,4874594
ygfM_xdhD_predicted,0.031746031746031744,63,62,CAACCTATTAGGCTGGGTCA,1,4893276
ygfM_xdhD_predicted,0.031746031746031744,63,62,ACGCAAATGGGCTTTTCATT,1,4878965
ygfM_xdhD_predicted,1.532258064516129,155,61,TGAAGGTTGTGTACAGCCGA,94,4868681
ygfM_xdhD_predicted,0.11290322580645161,67,61,GGCGAAGCAAGAGAATTTGA,6,4879491
ygfM_xdhD_predicted,0.6290322580645161,99,61,GCATACGCGCGTTAGAGGCA,38,4876123
ygfM_xdhD_predicted,0.5806451612903226,96,61,ATGCGGGTTCACTTGCTACT,35,4864138
ygfM_xdhD_predicted,1.3064516129032258,141,61,AATACATGTACGACACACAT,80,4895937
ygfM_xdhD_predicted,0.5409836065573771,92,60,TTATTCACGCAGAGCGTCTA,32,4871809
ygfM_xdhD_predicted,0.19672131147540983,71,60,GAGGGGGAAGCAGCGGAGTT,11,4868192
ygfM_xdhD_predicted,0.45901639344262296,87,60,CACGCCACGCCTCTGAATAA,27,4889888
ygfM_xdhD_predicted,0.6065573770491803,96,60,ATTCATCCGCGTCGCCGTGT,36,4866737
ygfM_xdhD_predicted,0.5833333333333334,93,59,GTCTACGGAACTACAAGGGT,34,4896998
ygfM_xdhD_predicted,0.16666666666666666,68,59,GCGGAACTGAGAACCGCAAA,9,4884920
ygfM_xdhD_predicted,0.23333333333333334,72,59,CACGCGAGGGGTAAATCCTC,13,4891020
ygfM_xdhD_predicted,0.5423728813559322,89,58,TAGGCTAGTTGGTGTAGTGT,31,4875988
ygfM_xdhD_predicted,0.423728813559322,82,58,CTGGGGGTACACATGCACAA,24,4874840
ygfM_xdhD_predicted,0.2542372881355932,72,58,CTAATATGAACCAAGGAAGT,14,4865499
ygfM_xdhD_predicted,0.15254237288135594,66,58,CCAGCGGTGCTGGCGCGCCT,8,4894284
ygfM_xdhD_predicted,0.4915254237288136,86,58,ATGTGGCTAAGTGTAGTCAG,28,4864401
ygfM_xdhD_predicted,0.4915254237288136,86,58,ATAGATCGACACGGACTCGT,28,4874164
ygfM_xdhD_predicted,0.7457627118644068,101,58,AGCCATTTAGCCTAAATTTA,43,4871408
ygfM_xdhD_predicted,0.3728813559322034,79,58,AATGACGGCAATGCGGACGC,21,4876317
ygfM_xdhD_predicted,2.086206896551724,177,57,TTTAATAGTTCCTTCTTTCT,120,4878423
ygfM_xdhD_predicted,0.43103448275862066,81,57,TGCAAGCCTGGAAGGTTTTT,24,4870904
ygfM_xdhD_predicted,0.7931034482758621,102,57,TCCTGACTACTCGGATATAG,45,4866337
ygfM_xdhD_predicted,0.1896551724137931,67,57,GATAAGCCTCCTACTTGATC,10,4880932
ygfM_xdhD_predicted,0.13793103448275862,64,57,AGAGGTACGGTCTGGTGTTT,7,4867246
ygfM_xdhD_predicted,0.9122807017543859,107,56,GGGAGTAACCTAGGAGATAC,51,4864137
ygfM_xdhD_predicted,0.5087719298245614,84,56,GCATGTAGTAGCCCTCGAGA,28,4890017
ygfM_xdhD_predicted,0.8596491228070176,104,56,GACCCCTCCAGTGGAGTTGC,48,4863852
ygfM_xdhD_predicted,0.14035087719298245,63,56,CTGGTCATTGCTCGATTACA,7,4866487
ygfM_xdhD_predicted,0.2807017543859649,71,56,CGGCTGTAAAAAACGTTCCC,15,4880918
ygfM_xdhD_predicted,0.7543859649122807,98,56,AGGCGGATCGGTAAAGTAAC,42,4883218
ygfM_xdhD_predicted,0.6842105263157895,94,56,AGGCGCCTCGTCACAGCCGG,38,4871159
ygfM_xdhD_predicted,0.32142857142857145,72,55,TTTGTTGTGACTGAAAAAAT,17,4883480
ygfM_xdhD_predicted,0.4107142857142857,77,55,TTTCCCCTTGACCGTACATA,22,4867528
ygfM_xdhD_predicted,0.5714285714285714,86,55,TTCCGGCTTTTGGATCACTA,31,4869716
ygfM_xdhD_predicted,2.5892857142857144,199,55,TGTCAATCCGGGTGGCGACA,144,4866392
ygfM_xdhD_predicted,0.19642857142857142,65,55,TCCGGAAATCGTGTCCACTT,10,4868529
ygfM_xdhD_predicted,1.4464285714285714,135,55,GGCCCCCCTATTAGTCAACT,80,4880557
ygfM_xdhD_predicted,1.0357142857142858,112,55,AGTTCTAGCTTCGCGTGTGA,57,4880011
ygfM_xdhD_predicted,0.4909090909090909,80,54,TCAGTTGGTCGGTCGGTTCG,26,4864969
ygfM_xdhD_predicted,0.03636363636363636,55,54,TAGTCCTTGCTATTCTTCGC,1,4871427
ygfM_xdhD_predicted,0.16363636363636364,62,54,TAAGTTGCAACTCCGAATAC,8,4875424
ygfM_xdhD_predicted,0.34545454545454546,72,54,GGAACCTGTCGATACGCTAA,18,4872808
ygfM_xdhD_predicted,0.2545454545454545,67,54,CTTTCAGTTTATAGCATAGA,13,4863819
ygfM_xdhD_predicted,0.8909090909090909,102,54,CGAAGCAGGTGGGATATAGG,48,4882295
ygfM_xdhD_predicted,0.8181818181818182,98,54,CAATACGGTTAAGTAGGGGA,44,4879694
ygfM_xdhD_predicted,0.36363636363636365,73,54,ATCGGTCCGTCATATTACGA,19,4871697
ygfM_xdhD_predicted,0.8727272727272727,101,54,AAATACATGTCTAAAAAAGG,47,4895375
ygfM_xdhD_predicted,0.7592592592592593,93,53,TATCTGCTCGAGTTGTACGG,40,4882753
ygfM_xdhD_predicted,0.37037037037037035,72,53,GGTTAGTCTTGAACATGAAT,19,4869858
ygfM_xdhD_predicted,0.6481481481481481,87,53,GGGGACCAGTAGACACGTTA,34,4869217
ygfM_xdhD_predicted,0.46296296296296297,77,53,CTTGGGGAATATTTGAAATG,24,4889409
ygfM_xdhD_predicted,0.48148148148148145,78,53,CGTTAGCGCTTTTGATCAAG,25,4869596
ygfM_xdhD_predicted,0.5,79,53,CCCACTCGTTTCATATGTTC,26,4872062
ygfM_xdhD_predicted,0.6851851851851852,89,53,CCATTACCGTACTAATTGTC,36,4876314
ygfM_xdhD_predicted,0.48148148148148145,78,53,CAGGACCCTTGGGGTTGTAT,25,4869645
ygfM_xdhD_predicted,0.3333333333333333,70,53,CAGCGGACAGCAATCCGATT,17,4869063
ygfM_xdhD_predicted,0.35185185185185186,71,53,ATAACACCTAACGAAAGACA,18,4870240
ygfM_xdhD_predicted,0.9444444444444444,103,53,ACGGCCGCATTTTTGTTGAT,50,4868951
ygfM_xdhD_predicted,0.5660377358490566,81,52,TTTATCCTTAATGGAGGCCT,29,4897655
ygfM_xdhD_predicted,1.1320754716981132,111,52,TTGGCCGAGCCGTACAGCAT,59,4868653
ygfM_xdhD_predicted,0.18867924528301888,61,52,TGTAGATTAGCCTTGCGGAC,9,4885498
ygfM_xdhD_predicted,1.0188679245283019,105,52,TGTAACTGCCGACCTGAAAG,53,4865827
ygfM_xdhD_predicted,0.07547169811320754,55,52,TCAGGCGGAACCGGGGCCAC,3,4886647
ygfM_xdhD_predicted,0.9245283018867925,100,52,TAACTTCTACTACCTTCTGT,48,4868968
ygfM_xdhD_predicted,0.9245283018867925,100,52,TAAAGGGTATGCATGTGTTC,48,4864780
ygfM_xdhD_predicted,0.5660377358490566,81,52,GGGGCCAGTCGCGGGCCTAG,29,4898783
ygfM_xdhD_predicted,0.49056603773584906,77,52,GCAGGTGGGTAACATCCCAA,25,4870905
ygfM_xdhD_predicted,0.07547169811320754,55,52,GACCAGGCGCTTGGGCTCAT,3,4863892
ygfM_xdhD_predicted,0.41509433962264153,73,52,GACATAAGTCGAGGACCTAG,21,4868965
ygfM_xdhD_predicted,0.2641509433962264,65,52,CTGCGCCGATGTTCGAAACC,13,4865005
ygfM_xdhD_predicted,0.37735849056603776,71,52,CGGTAAGACAAACCATCAGA,19,4878400
ygfM_xdhD_predicted,0.7358490566037735,90,52,CAAACTATAGGCCCCCTTGG,38,4867501
ygfM_xdhD_predicted,0.038461538461538464,52,51,TGGTATTACACCAGGTGCCT,1,4896207
ygfM_xdhD_predicted,0.4807692307692308,75,51,TGCCACCGGGCGGCCCGAGA,24,4891892
ygfM_xdhD_predicted,0.7692307692307693,90,51,TGAAAAGGCGCGAATATGAT,39,4873158
ygfM_xdhD_predicted,0.4230769230769231,72,51,TCGCAGACTCGGATAGGATT,21,4867417
ygfM_xdhD_predicted,1.2884615384615385,117,51,GTACGGGACTCCTGCCCTGG,66,4865433
ygfM_xdhD_predicted,0.46153846153846156,74,51,GAAACTGACACCGCACTATC,23,4890525
ygfM_xdhD_predicted,0.15384615384615385,58,51,CTTTCAAAGTCGCGGTGGCT,7,4896722
ygfM_xdhD_predicted,0.4807692307692308,75,51,CTAACCGACCAATCACGACT,24,4865422
ygfM_xdhD_predicted,0.5769230769230769,80,51,CACCAGTGGGGTATCGCTTT,29,4876126
ygfM_xdhD_predicted,0.21568627450980393,60,50,TGCTCCACATCCTGATCGGC,10,4863886
ygfM_xdhD_predicted,1.9411764705882353,148,50,TGACTTTGAAACCGTTATCT,98,4870733
ygfM_xdhD_predicted,0.45098039215686275,72,50,TGAATACCCTGGGTTTTATG,22,4879773
ygfM_xdhD_predicted,0.3333333333333333,66,50,GGGCCATAGTTCGGACGGTA,16,4891777
ygfM_xdhD_predicted,0.3333333333333333,66,50,GCAGCGTATCGAAAGCCCAT,16,4865826
ygfM_xdhD_predicted,0.49019607843137253,74,50,CTGCGATGGACGTTGTACAC,24,4886151
ygfM_xdhD_predicted,2.196078431372549,161,50,CTCCAACATGCAAAGATCAA,111,4870003
ygfM_xdhD_predicted,0.21568627450980393,60,50,CCGTGGACGTTTGGGCTTTG,10,4882036
ygfM_xdhD_predicted,0.8431372549019608,92,50,ACCACGTCCGCAGCGAAAGC,42,4889721
ygfM_xdhD_predicted,0.6862745098039216,84,50,AACAACGTTCTTAAGGGCAT,34,4869091
ygfM_xdhD_predicted,1.9,143,49,TTGCAAATTGCGGTACCCTG,94,4865952
ygfM_xdhD_predicted,1.12,104,49,TGTTCCTCCACAGTTAGTAA,55,4873199
ygfM_xdhD_predicted,0.22,59,49,GGCGACCAGCTGATTGTTGA,10,4875303
ygfM_xdhD_predicted,0.12,54,49,GATCTGTAGCTGGTACATGT,5,4864722
ygfM_xdhD_predicted,0.04,50,49,CGAGTGGTGTCGTTTAGAAG,1,4869779
ygfM_xdhD_predicted,0.74,85,49,CCAGTATTGTAAAACCGAAT,36,4871345
ygfM_xdhD_predicted,1.76,136,49,CACAGATTAAAGACGCCAGC,87,4893940
ygfM_xdhD_predicted,0.56,76,49,ATGTTATACTTCTGTGAGCT,27,4886816
ygfM_xdhD_predicted,0.08,52,49,ATGCCGACCCCCACAATTCT,3,4880510
ygfM_xdhD_predicted,0.38,67,49,ATGAATCAGTCACGACTATT,18,4879128
ygfM_xdhD_predicted,0.34,65,49,ATATCAAGCGGGGACTAAGT,16,4867341
ygfM_xdhD_predicted,0.061224489795918366,50,48,GATCGCTGGAGCCTCTTCTG,2,4880085
ygfM_xdhD_predicted,0.46938775510204084,70,48,CGTCGTGAGGATGCGATACT,22,4876841
ygfM_xdhD_predicted,0.4489795918367347,69,48,CGACTGGTACCACTGAGAAG,21,4878913
ygfM_xdhD_predicted,0.4897959183673469,71,48,CCTTGGCCCGGACGCAGAGG,23,4895704
ygfM_xdhD_predicted,0.9795918367346939,95,48,ATCACGACCATCACCAAACT,47,4889707
ygfM_xdhD_predicted,0.04081632653061224,49,48,AGTTAACCGGCCGCGAGTGT,1,4866340
ygfM_xdhD_predicted,0.30612244897959184,62,48,AGCCGTTCTGGCGGGCGGTG,14,4879021
ygfM_xdhD_predicted,0.30612244897959184,62,48,ACTCAGCCTACGGACCTTAG,14,4873263
ygfM_xdhD_predicted,0.8979591836734694,91,48,ACAGCTTGTAATTTACAGCA,43,4866014
ygfM_xdhD_predicted,0.5,70,47,TTGGCTAACCTACCGGTACA,23,4864035
ygfM_xdhD_predicted,0.625,76,47,TTCGTTAGCGTAATTCTCGT,29,4866706
ygfM_xdhD_predicted,1.5625,121,47,TCTTGTCTACACCTACTGTT,74,4868149
ygfM_xdhD_predicted,0.16666666666666666,54,47,TCCACGCCAACATACCGGAG,7,4865795
ygfM_xdhD_predicted,0.4583333333333333,68,47,TATACCGCTCGTGTCCCAAA,21,4870112
ygfM_xdhD_predicted,0.6041666666666666,75,47,TATAAGACCGTCGTGGCACA,28,4875732
ygfM_xdhD_predicted,0.5833333333333334,74,47,GCTAGATCCCTGCTGAGCTA,27,4898999
ygfM_xdhD_predicted,1.1875,103,47,GAGCACGTGCTGTTGTGTAG,56,4895165
ygfM_xdhD_predicted,0.041666666666666664,48,47,CTTTCTGAGACGTACCACGT,1,4880606
ygfM_xdhD_predicted,0.3541666666666667,63,47,CTTACCATTAAAATAAACGC,16,4872037
ygfM_xdhD_predicted,0.5625,73,47,CGGGTCGTAAGAGACAAATG,26,4873713
ygfM_xdhD_predicted,0.0625,49,47,CCACGGGGGGGTAAAGCGTG,2,4864298
ygfM_xdhD_predicted,1.375,112,47,CAGGAAGTCGTTAATTTATT,65,4879405
ygfM_xdhD_predicted,0.4791666666666667,69,47,CAAGGGGGACCATGAATGGA,22,4872555
ygfM_xdhD_predicted,0.041666666666666664,48,47,AGGCATACGGGGGGAGGATT,1,4877810
ygfM_xdhD_predicted,0.5833333333333334,74,47,AGCCGCACAGCGAGTACCAA,27,4873278
ygfM_xdhD_predicted,0.041666666666666664,48,47,ACAGTCTGGGTGGCAGACAG,1,4873882
ygfM_xdhD_predicted,1.5,118,47,ACAAACTGGGTCGTATGCCC,71,4869189
ygfM_xdhD_predicted,1.1666666666666667,102,47,AAAGAATTTTCTCGAGGAAT,55,4883460
ygfM_xdhD_predicted,0.0425531914893617,47,46,TTTGCCGATTCCTTACTAAG,1,4866358
ygfM_xdhD_predicted,1.0638297872340425,95,46,TCTGCCGGGTGTAACCTGTA,49,4870639
ygfM_xdhD_predicted,0.8085106382978723,83,46,TCGTAAGGTTGTACAATACC,37,4864891
ygfM_xdhD_predicted,0.7021276595744681,78,46,GCGGAACGTAGGTCCATTGT,32,4864452
ygfM_xdhD_predicted,0.3617021276595745,62,46,GACCTAGGACATCCCTGTAG,16,4870515
ygfM_xdhD_predicted,0.723404255319149,79,46,CGACTACCATTCGTCTGTTT,33,4865996
ygfM_xdhD_predicted,1.1702127659574468,100,46,ATGTGAATTGGTCAATTTTT,54,4866640
ygfM_xdhD_predicted,0.23404255319148937,56,46,AGCTTCACTGAAACCCGAAG,10,4880392
ygfM_xdhD_predicted,1.2553191489361701,104,46,ACGATACGGGCATGGTCCTA,58,4873005
ygfM_xdhD_predicted,1.0851063829787233,96,46,AATCCGACTACCTGTTTAAG,50,4885707
ygfM_xdhD_predicted,1.2340425531914894,103,46,AACGCTTCCATGGATTGCTA,57,4869458
ygfM_xdhD_predicted,0.043478260869565216,46,45,TTTCGACCGCTGGATCTTAA,1,4872956
ygfM_xdhD_predicted,0.6304347826086957,73,45,TTGTGAACACGGATAGAACA,28,4874300
ygfM_xdhD_predicted,0.043478260869565216,46,45,TGCCTTCAATGCCGTGGGTA,1,4875633
ygfM_xdhD_predicted,1.7608695652173914,125,45,TGCCGGTTTAAAAGCGGTCG,80,4872516
ygfM_xdhD_predicted,0.5869565217391305,71,45,TATACGGGATTCATGATCAG,26,4880194
ygfM_xdhD_predicted,1.9565217391304348,134,45,TACAGAAGAACTCTTAGAGA,89,4875120
ygfM_xdhD_predicted,0.15217391304347827,51,45,GTCGCTTAAAATCCTTCGAG,6,4868883
ygfM_xdhD_predicted,0.13043478260869565,50,45,GGCAACCAGGCCACCGACCT,5,4871952
ygfM_xdhD_predicted,0.5652173913043478,70,45,GCACTTCCTGCCAGGTGTGT,25,4890296
ygfM_xdhD_predicted,1.1304347826086956,96,45,GCAATAGAGGCCGCGGCGCA,51,4886179
ygfM_xdhD_predicted,0.9347826086956522,87,45,GAGGACTTAAAGCCACTAGA,42,4892805
ygfM_xdhD_predicted,0.5,67,45,GAGAGGCTAAGTAGCAGTAT,22,4876902
ygfM_xdhD_predicted,0.34782608695652173,60,45,CGACCTAGCAACGGCCTTCA,15,4865172
ygfM_xdhD_predicted,0.9782608695652174,89,45,CCGAAATCATTTATCCTGAG,44,4882202
ygfM_xdhD_predicted,1.2826086956521738,103,45,CAGTATTGCCGTTTGCACGA,58,4898901
ygfM_xdhD_predicted,0.7391304347826086,78,45,ATTTAGAAAGGCGTACCTGT,33,4869090
ygfM_xdhD_predicted,2.5,159,45,ATAGATGGATACTAGAATCT,114,4874166
ygfM_xdhD_predicted,0.06521739130434782,47,45,AGGTAAACAGTGGCAATGCG,2,4882891
ygfM_xdhD_predicted,0.5333333333333333,67,44,GGTAGTGTGTCAATCGTGGA,23,4884878
ygfM_xdhD_predicted,0.6666666666666666,73,44,GGATGGGCATTCGAAGCGCC,29,4884651
ygfM_xdhD_predicted,0.08888888888888889,47,44,GGACGGCTGTGGTACGACTA,3,4886330
ygfM_xdhD_predicted,0.5555555555555556,68,44,GGACACTACATCCTGGTACT,24,4864593
ygfM_xdhD_predicted,1.488888888888889,110,44,GACGCGGACTAGGCGATCAC,66,4865894
ygfM_xdhD_predicted,1.0888888888888888,92,44,GAATATCGTAATGGAAAGAC,48,4876443
ygfM_xdhD_predicted,0.28888888888888886,56,44,CGGCAGGACCCTACTCGAAG,12,4876007
ygfM_xdhD_predicted,0.4,61,44,CAGACCGCGCAGTGACGAGT,17,4872291
ygfM_xdhD_predicted,1.711111111111111,120,44,ACTAGCTCCGGAAGGCCCCA,76,4874696
ygfM_xdhD_predicted,1.1363636363636365,92,43,TTCCGCTGGTCGTTAGAGGA,49,4885704
ygfM_xdhD_predicted,1.5454545454545454,110,43,TGGTGATTTCAAATCGTCAA,67,4866221
ygfM_xdhD_predicted,1.1818181818181819,94,43,TATTGTATTTTCCAGTTTAG,51,4883193
ygfM_xdhD_predicted,0.4772727272727273,63,43,GGCCGCGCTGAGGTAGGCGC,20,4870658
ygfM_xdhD_predicted,0.3181818181818182,56,43,GCCAGCTGTTCTTCTCGCCT,13,4886890
ygfM_xdhD_predicted,0.4318181818181818,61,43,GATCCACTTTAGGATTCGAA,18,4873723
ygfM_xdhD_predicted,0.13636363636363635,48,43,GATAACACCACTTGGCAAGA,5,4879106
ygfM_xdhD_predicted,0.18181818181818182,50,43,GAGCTTAAGGAGTATTTGCT,7,4870025
ygfM_xdhD_predicted,1.3636363636363635,102,43,GAAGTATATACGGAACCACC,59,4865757
ygfM_xdhD_predicted,0.045454545454545456,44,43,CTCGACTCGTTCTTTAACGG,1,4885325
ygfM_xdhD_predicted,0.18181818181818182,50,43,CCAGGCATGTACGGGAGTGT,7,4882087
ygfM_xdhD_predicted,0.045454545454545456,44,43,CATGCGGTGCGTAAAATGTT,1,4882442
ygfM_xdhD_predicted,0.5,64,43,ATTAATTGATTGGTGAGCAT,21,4867971
ygfM_xdhD_predicted,0.25,53,43,ATGGTCCTAGTCCAGTGATT,10,4893731
ygfM_xdhD_predicted,0.5909090909090909,68,43,AGCCATGTTATGCAAGTAAC,25,4895094
ygfM_xdhD_predicted,0.045454545454545456,44,43,ACGGTAGTCGCCTGACATTC,1,4872862
ygfM_xdhD_predicted,0.5,64,43,ACGGGTGTGCACCGCCGGAG,21,4866738
ygfM_xdhD_predicted,1.2272727272727273,96,43,AAGTTGGTACAATGCGCAAT,53,4886306
ygfM_xdhD_predicted,0.9772727272727273,85,43,AAGGTCCAGCAAGGTTCCTT,42,4898871
ygfM_xdhD_predicted,0.75,75,43,AAAGGGCGTCTACAGGACTA,32,4890022
ygfM_xdhD_predicted,0.06976744186046512,44,42,TGATACAAGGGGGCACTTAG,2,4868369
ygfM_xdhD_predicted,0.9534883720930233,82,42,TAGAGACCGAGACTTTCAAG,40,4868508
ygfM_xdhD_predicted,0.9302325581395349,81,42,TACCCCGTTATGATGTTAAT,39,4898008
ygfM_xdhD_predicted,0.6046511627906976,67,42,GTTTCGATCGCCTATGGAGG,25,4875942
ygfM_xdhD_predicted,0.5116279069767442,63,42,GGCGATGAGTGTCCGACTCA,21,4864918
ygfM_xdhD_predicted,0.4883720930232558,62,42,CCGTAAACTATTTTCCCAGA,20,4865796
ygfM_xdhD_predicted,0.046511627906976744,43,42,CCCCGTCAAAGTGCCGGGTC,1,4886833
ygfM_xdhD_predicted,0.046511627906976744,43,42,CAGGTGCACCACCGGTACGT,1,4899301
ygfM_xdhD_predicted,0.5581395348837209,65,42,AGGGTAGGCTGTCCATTTGT,23,4873804
ygfM_xdhD_predicted,0.7209302325581395,72,42,ACAGCCACCTATGCATTTGA,30,4865553
ygfM_xdhD_predicted,0.7906976744186046,75,42,AAGTGACGCGAGCGCGGACT,33,4867499
ygfM_xdhD_predicted,0.5714285714285714,64,41,TTTAGAAGGTAGTCAGACAT,23,4890902
ygfM_xdhD_predicted,1.3571428571428572,97,41,TTCCAGTTGAGCTTCACGCA,56,4878538
ygfM_xdhD_predicted,0.047619047619047616,42,41,TTAGCTGTCGTCGGTTGCTA,1,4881028
ygfM_xdhD_predicted,0.09523809523809523,44,41,TTAGATCATTCTGTGGGGTG,3,4875656
ygfM_xdhD_predicted,0.07142857142857142,43,41,TCTCAGTTCATCGCTCCCAT,2,4868124
ygfM_xdhD_predicted,1.4285714285714286,100,41,TCCATAAGACTGTATGATTT,59,4895296
ygfM_xdhD_predicted,0.3333333333333333,54,41,TCACTACTTGTACCGTAAAG,13,4884039
ygfM_xdhD_predicted,0.47619047619047616,60,41,TAATGGTGAACCATTCAGGA,19,4886736
ygfM_xdhD_predicted,1.9285714285714286,121,41,GCTGATTTGTGTTCCCCTCA,80,4876644
ygfM_xdhD_predicted,0.3333333333333333,54,41,GAGGCTTCAACGCCCGATTT,13,4881423
ygfM_xdhD_predicted,0.38095238095238093,56,41,CTTGCTCTGGTCGAGGGCGT,15,4882598
ygfM_xdhD_predicted,2.5238095238095237,146,41,CTTCACTGAATTAGTCAAGT,105,4870312
ygfM_xdhD_predicted,0.47619047619047616,60,41,CCTGAGGGCCGCATACATCG,19,4881469
ygfM_xdhD_predicted,0.8095238095238095,74,41,CCAGTATTGTTAAGCTAGTA,33,4875003
ygfM_xdhD_predicted,0.7142857142857143,70,41,AGGGCGCGAGTTGTCAGGCG,29,4878760
ygfM_xdhD_predicted,1.0952380952380953,86,41,AGACTAATTCGGGAGGTAGC,45,4886607
ygfM_xdhD_predicted,0.30952380952380953,53,41,ACGAAGTCTTATTGAGCCCA,12,4889881
ygfM_xdhD_predicted,0.8333333333333334,75,41,AAGTGAATCTGCCGGGTCGT,34,4869859
ygfM_xdhD_predicted,0.7380952380952381,71,41,AAGCTAACGTTTTCGCACCG,30,4886596
ygfM_xdhD_predicted,0.3170731707317073,52,40,TGGCCCTCTAGTGTGACGAA,12,4877843
ygfM_xdhD_predicted,0.6829268292682927,67,40,TGAAATTCCGCAGAAGCGGA,27,4875580
ygfM_xdhD_predicted,1.0,80,40,GTTGCATAAAATCACTTACA,40,4864970
ygfM_xdhD_predicted,0.8292682926829268,73,40,GTCGCATGAAGCTAGAGGTC,33,4881594
ygfM_xdhD_predicted,0.5609756097560976,62,40,GTCAATACAGCGTACGGTTG,22,4874434
ygfM_xdhD_predicted,0.4634146341463415,58,40,GGTCCCAGGCTCCGAGCGAA,18,4873805
ygfM_xdhD_predicted,1.3902439024390243,96,40,GGCCTCCACCTTACCGCAAG,56,4888045
ygfM_xdhD_predicted,0.6341463414634146,65,40,GAGTTCAGTACAGGCGTGAC,25,4873552
ygfM_xdhD_predicted,1.3170731707317074,93,40,GAAGTATTGTGTTCGGCTTG,53,4864725
ygfM_xdhD_predicted,0.7317073170731707,69,40,CTTTTGCGCCCCAGCAATGT,29,4888012
ygfM_xdhD_predicted,1.2926829268292683,92,40,CTCTCACATGCGTCTTGATC,52,4865421
ygfM_xdhD_predicted,0.34146341463414637,53,40,CTCCTCAGCTGAAAAGTATC,13,4877663
ygfM_xdhD_predicted,0.36585365853658536,54,40,CGTTCACGGGCTTGCCGAAT,14,4874352
ygfM_xdhD_predicted,0.34146341463414637,53,40,CAAAGCTCTTTACCACTCTG,13,4867915
ygfM_xdhD_predicted,0.4146341463414634,56,40,ATCAACCCAGGCATCAACTG,16,4878184
ygfM_xdhD_predicted,0.04878048780487805,41,40,AGGATGCAGATAGGCCTCTT,1,4896618
ygfM_xdhD_predicted,0.6,62,39,TCCTCGAAAGCGCTGGGCCT,23,4867281
ygfM_xdhD_predicted,2.025,119,39,GTCCCGTTTCGTGAGCTGTA,80,4865755
ygfM_xdhD_predicted,0.175,45,39,GAGCAGAAGTATGACAGAAT,6,4884844
ygfM_xdhD_predicted,0.275,49,39,GAAAGCCTCGTGCTGCGCAG,10,4876543
ygfM_xdhD_predicted,0.2,46,39,CGAGCTCTCAAAGGGTATCA,7,4886511
ygfM_xdhD_predicted,0.775,69,39,CGAGAGTCTGCCGAATACGG,30,4881758
ygfM_xdhD_predicted,0.375,53,39,CCTGATCCTCAGCTTGGCCA,14,4870023
ygfM_xdhD_predicted,1.1,82,39,CCGAAGAGAGTACACCTGGG,43,4866287
ygfM_xdhD_predicted,2.6,142,39,CATCCTGGGTCCAGCCCGGA,103,4882415
ygfM_xdhD_predicted,0.375,53,39,CACGGTTGCTGTGGGCGGAT,14,4887380
ygfM_xdhD_predicted,0.275,49,39,CAAGGCCATCCTGTTGATTT,10,4865337
ygfM_xdhD_predicted,1.25,88,39,ATAAGTCTACTCGCTACGCG,49,4898420
ygfM_xdhD_predicted,0.2,46,39,AGATGATAAATCTGACTCTG,7,4890480
ygfM_xdhD_predicted,1.7,106,39,AAGGACCTCCGTCGAGCCAC,67,4894352
ygfM_xdhD_predicted,1.3333333333333333,89,38,TGGCCGGCCTGCTTACGTGA,51,4864787
ygfM_xdhD_predicted,1.9230769230769231,112,38,TGCGCGACTACCGAATGTCA,74,4873161
ygfM_xdhD_predicted,1.435897435897436,93,38,TCTTGGCCAAATATTTAGAA,55,4885425
ygfM_xdhD_predicted,1.7435897435897436,105,38,TCGAGACCTAACCATTTTGG,67,4875281
ygfM_xdhD_predicted,0.46153846153846156,55,38,TCCCTACTATGTTGTTTCAC,17,4864783
ygfM_xdhD_predicted,0.10256410256410256,41,38,TCCCGGCGAGGCCAACCCGA,3,4888655
ygfM_xdhD_predicted,0.1794871794871795,44,38,TAACGGCGGTCCATCTCCGA,6,4884934
ygfM_xdhD_predicted,0.3333333333333333,50,38,GTTCGAATTGAGTTCTGTCT,12,4894833
ygfM_xdhD_predicted,1.5384615384615385,97,38,GTTAAACTCTTGCCGTATCA,59,4877406
ygfM_xdhD_predicted,0.46153846153846156,55,38,GTGTATTTAAAGCGTCGTGG,17,4888287
ygfM_xdhD_predicted,0.05128205128205128,39,38,GGTTCCTCTCTGAGGCCCCC,1,4883481
ygfM_xdhD_predicted,0.4358974358974359,54,38,GATGTACCTTCAGCTAATGT,16,4868249
ygfM_xdhD_predicted,0.07692307692307693,40,38,GAACAAGTCGGGCAAATGGT,2,4894858
ygfM_xdhD_predicted,0.7435897435897436,66,38,CTCTGTGAGATCTCGAGTAA,28,4864041
ygfM_xdhD_predicted,0.15384615384615385,43,38,CGAATTCGTCGTGCTGTGAC,5,4870382
ygfM_xdhD_predicted,2.58974358974359,138,38,CCTTGTAATCGAGAAAACGT,100,4873534
ygfM_xdhD_predicted,0.7435897435897436,66,38,ATACCCGAGACGGCGCGGTG,28,4895352
ygfM_xdhD_predicted,0.05128205128205128,39,38,ACGCGCGGGATCAGTGGTCA,1,4887514
ygfM_xdhD_predicted,0.23076923076923078,46,38,ACAAAGTCTATTACATTTCG,8,4873609
ygfM_xdhD_predicted,0.7948717948717948,68,38,AACTCAAATGCAAGTCGTAC,30,4877929
ygfM_xdhD_predicted,1.9210526315789473,109,37,TGTATGGCTTGTCTCGGTAA,72,4870699
ygfM_xdhD_predicted,0.4473684210526316,53,37,TGTAATCCACAGATCGATAC,16,4864090
ygfM_xdhD_predicted,1.4210526315789473,90,37,TCCAACTACGTTGCATGAAT,53,4897394
ygfM_xdhD_predicted,1.0263157894736843,75,37,TCACGGACAACGTAAACAGA,38,4874158
ygfM_xdhD_predicted,1.5,93,37,TACGAGACGTCGCCCCAGTA,56,4885988
ygfM_xdhD_predicted,0.05263157894736842,38,37,GTCGAGGGGTAGCCGACGTC,1,4869067
ygfM_xdhD_predicted,0.4473684210526316,53,37,GCCGTCGAGCCATGCCTTGG,16,4880643
ygfM_xdhD_predicted,0.868421052631579,69,37,CTATCATATTCGGTTGGGGA,32,4882970
ygfM_xdhD_predicted,0.7105263157894737,63,37,CGATGGGGGCGCCCCCCGGT,26,4869118
ygfM_xdhD_predicted,0.4473684210526316,53,37,CCGAAAAACTTGCTAACCGT,16,4872665
ygfM_xdhD_predicted,0.8421052631578947,68,37,CCACGATAGAGCCTGACCGT,31,4871699
ygfM_xdhD_predicted,0.7894736842105263,66,37,CATGAGCAAGATCCTGTAAG,29,4880272
ygfM_xdhD_predicted,0.13157894736842105,41,37,CAGGTAAAACTGCCATCTGT,4,4869299
ygfM_xdhD_predicted,0.631578947368421,60,37,CAGGACAGCTAGCCGGGATT,23,4871156
ygfM_xdhD_predicted,1.394736842105263,89,37,CACCATTGTATCCGAACATG,52,4885411
ygfM_xdhD_predicted,1.5,93,37,CAAGCTTAGGCGCTGAGTAG,56,4883373
ygfM_xdhD_predicted,1.105263157894737,78,37,CAACGCGTCTGACTACCCTA,41,4865560
ygfM_xdhD_predicted,0.2894736842105263,47,37,ATCACTCACCGTGATTGACA,10,4866958
ygfM_xdhD_predicted,0.23684210526315788,45,37,ATACAGCAAAGACAGGAGGC,8,4869541
ygfM_xdhD_predicted,1.263157894736842,84,37,AGTCGATTTCTTTGCTATTA,47,4865219
ygfM_xdhD_predicted,0.3684210526315789,50,37,AGGAACACTGCGCGTTTAGG,13,4868265
ygfM_xdhD_predicted,0.5263157894736842,56,37,AGCGTATCCCGCGACGGCGA,19,4875304
ygfM_xdhD_predicted,0.7105263157894737,63,37,ACCCGCGACGATCTATAGTG,26,4888230
ygfM_xdhD_predicted,1.1081081081081081,76,36,TTTCGCCGGCTGGGTTATAT,40,4870919
ygfM_xdhD_predicted,1.0,72,36,TTCGGTTCGGATGCGCGACA,36,4866525
ygfM_xdhD_predicted,0.6216216216216216,58,36,TGATAGTAAGGCTGTACGAA,22,4868045
ygfM_xdhD_predicted,0.05405405405405406,37,36,TGAGGTTCCGTGTATTAGCA,1,4877880
ygfM_xdhD_predicted,0.40540540540540543,50,36,TCCCGCCTATGAAATTTTTA,14,4867865
ygfM_xdhD_predicted,0.6486486486486487,59,36,TCAATGACACAAGGAAGAAT,23,4877760
ygfM_xdhD_predicted,0.1891891891891892,42,36,GTGCGACGAACAACTGACCG,6,4865018
ygfM_xdhD_predicted,1.6756756756756757,97,36,GTGATTATAGGTCCCATGTT,61,4864450
ygfM_xdhD_predicted,1.7567567567567568,100,36,GTAGGCTGAAGCTGAAGCAA,64,4880137
ygfM_xdhD_predicted,0.05405405405405406,37,36,GGTCACAACCTGGGTTATGC,1,4877263
ygfM_xdhD_predicted,1.0,72,36,GGGCTTGAGGGGATGTGCTT,36,4881717
ygfM_xdhD_predicted,0.8648648648648649,67,36,GGCGACGCCTCGTCAGTGGC,31,4883343
ygfM_xdhD_predicted,1.7027027027027026,98,36,GCGCAAATAAGCAAAAATCC,62,4868415
ygfM_xdhD_predicted,0.16216216216216217,41,36,GAGTTAACACCAGGCCACAT,5,4877489
ygfM_xdhD_predicted,0.7027027027027027,61,36,GAGCTAGCTCTGGTATTCCG,25,4876125
ygfM_xdhD_predicted,0.8918918918918919,68,36,CTGTTTCAAACCATCTTAAC,32,4886129
ygfM_xdhD_predicted,0.05405405405405406,37,36,CTCAGCTTTTGAATCGCAGG,1,4877341
ygfM_xdhD_predicted,0.2702702702702703,45,36,CTAAAAAAGTGCCCGGGTCT,9,4867525
ygfM_xdhD_predicted,0.10810810810810811,39,36,CCGCTAAAGCCTAGCCGAGC,3,4878475
ygfM_xdhD_predicted,0.5945945945945946,57,36,CCCTGGTAGACAGTTTGACG,21,4868820
ygfM_xdhD_predicted,0.5675675675675675,56,36,CATTTCGAGCGAGGAATCAT,20,4882791
ygfM_xdhD_predicted,1.1891891891891893,79,36,CATTCACCATCCATTCTAAG,43,4897786
ygfM_xdhD_predicted,1.2702702702702702,82,36,CATAACTCGCAAGTCAATGA,46,4896377
ygfM_xdhD_predicted,0.7027027027027027,61,36,CAGTGTGACAGCTGGTTCGC,25,4895412
ygfM_xdhD_predicted,0.6216216216216216,58,36,CAAGTTGCTGAGCTAATTCT,22,4865922
ygfM_xdhD_predicted,0.8648648648648649,67,36,CAAGTGACCCCACGGTTAGA,31,4863999
ygfM_xdhD_predicted,0.6486486486486487,59,36,CAACGCAGGATGTCCAGTGA,23,4872590
ygfM_xdhD_predicted,1.5675675675675675,93,36,ATTGTGGTTAGGTATCTGTA,57,4870588
ygfM_xdhD_predicted,1.0,72,36,ATTGAACGGCAAACGGACAA,36,4870668
ygfM_xdhD_predicted,0.6216216216216216,58,36,ATGGTGGGGGTATATTGGGA,22,4870567
ygfM_xdhD_predicted,0.5405405405405406,55,36,ATCAGGCTGGACTTTGCTGT,19,4890700
ygfM_xdhD_predicted,2.6216216216216215,132,36,ATATCACCCTGACGCTAAAT,96,4880583
ygfM_xdhD_predicted,0.3783783783783784,49,36,ATACGAGGACGAGCGCCACA,13,4883398
ygfM_xdhD_predicted,0.8378378378378378,66,36,AGTACTGCCGTCTGGATTAG,30,4882278
ygfM_xdhD_predicted,1.0,72,36,AGTACCGATTGGCGGCTTTC,36,4865867
ygfM_xdhD_predicted,2.675675675675676,134,36,ACAAGCGATTCAAAGAACTC,98,4866629
ygfM_xdhD_predicted,0.5405405405405406,55,36,AAGCCGGACCGATGCCAGCG,19,4896598
ygfM_xdhD_predicted,1.6756756756756757,97,36,AACCGGTCGGTTTCGGTGGC,61,4895167
ygfM_xdhD_predicted,0.6944444444444444,59,35,TTTGAGTACACGATGCCCTC,24,4892290
ygfM_xdhD_predicted,0.5277777777777778,53,35,TTCAGGTCTCGCTGTAGTTT,18,4896348
ygfM_xdhD_predicted,0.05555555555555555,36,35,TTCAACTCGTGAAACACAAC,1,4892804
ygfM_xdhD_predicted,1.6388888888888888,93,35,TGGCAAGACCCGCCAGTCTG,58,4869597
ygfM_xdhD_predicted,0.05555555555555555,36,35,TGGACATTTGAGATTCTGCA,1,4895915
ygfM_xdhD_predicted,0.5555555555555556,54,35,TGCATACTGGTTCTGGCTTT,19,4872822
ygfM_xdhD_predicted,1.5555555555555556,90,35,TCTACGAGCTCCGTTCATAA,55,4880339
ygfM_xdhD_predicted,0.3611111111111111,47,35,TAGCGCTCGACGTACGGAGC,12,4877453
ygfM_xdhD_predicted,0.75,61,35,TACTTAAGCCGGCATTGGAT,26,4885184
ygfM_xdhD_predicted,0.08333333333333333,37,35,GTTCACCTCGTATACCTCGA,2,4877722
ygfM_xdhD_predicted,0.6111111111111112,56,35,GTTCACAAAGTGCGAGATTC,21,4869247
ygfM_xdhD_predicted,2.361111111111111,119,35,GTAGCCAGATCGAACCGGCC,84,4871955
ygfM_xdhD_predicted,0.8611111111111112,65,35,GGTCACATTGACCGTGACAA,30,4887620
ygfM_xdhD_predicted,1.1111111111111112,74,35,GGGCAACTGCAATCCTCAAG,39,4882234
ygfM_xdhD_predicted,2.111111111111111,110,35,GGCTATCATTGATCCAGGTA,75,4873405
ygfM_xdhD_predicted,0.05555555555555555,36,35,GGACCAGCCGACGCATCGCA,1,4885449
ygfM_xdhD_predicted,0.5,52,35,GCTAACTTACATGCTATGCA,17,4878788
ygfM_xdhD_predicted,0.5,52,35,GCCACCCTAGACGTACCGAT,17,4881851
ygfM_xdhD_predicted,1.7777777777777777,98,35,CTATTCTGTATGGAAGGTAA,63,4896288
ygfM_xdhD_predicted,0.6944444444444444,59,35,CGAGTGGTTATTGACTTTGT,24,4872268
ygfM_xdhD_predicted,0.2222222222222222,42,35,CGAGCTGACGCTCTTACCAA,7,4889587
ygfM_xdhD_predicted,1.9722222222222223,105,35,CCTTATAGATCCTCTTGAAC,70,4869758
ygfM_xdhD_predicted,1.1111111111111112,74,35,CCGCCCACCATCGCATCCAT,39,4878655
ygfM_xdhD_predicted,0.3888888888888889,48,35,CCATTGAAGACTCTCGTCTT,13,4864067
ygfM_xdhD_predicted,0.7222222222222222,60,35,CACGTATAGGGTTGGAGGCA,25,4873680
ygfM_xdhD_predicted,1.5833333333333333,91,35,CACCGTGAGGCTTTAGGGGG,56,4865968
ygfM_xdhD_predicted,1.0555555555555556,72,35,CAACAAGACATCCCTGCTGG,37,4898707
ygfM_xdhD_predicted,1.1111111111111112,74,35,ATGTTTTCTAACGAGCCCTA,39,4864102
ygfM_xdhD_predicted,2.7222222222222223,132,35,ATCCAACGTCTCCAAATTAC,97,4864671
ygfM_xdhD_predicted,0.05555555555555555,36,35,AGGCGGAACGGAAATGATGT,1,4865804
ygfM_xdhD_predicted,0.1388888888888889,39,35,AGGCAGCTGCACCGAGACTT,4,4875918
ygfM_xdhD_predicted,0.5277777777777778,53,35,ACGTTTATAATAGATGGTGG,18,4872531
ygfM_xdhD_predicted,0.3055555555555556,45,35,AATAGAAATACACATCAATT,10,4878136
ygfM_xdhD_predicted,0.75,61,35,AAGGGCTTTTGGGCCGTGGT,26,4897496
ygfM_xdhD_predicted,1.1666666666666667,76,35,AAGGAGGAGAGACACAGGTA,41,4895221
ygfM_xdhD_predicted,0.08333333333333333,37,35,AACCTGCAACGAGACAGCGA,2,4873306
ygfM_xdhD_predicted,0.6944444444444444,59,35,AACAAGATCTGGCAGGTAAG,24,4866465
ygfM_xdhD_predicted,0.22857142857142856,41,34,TTTAGCGTTCGAGTGCAATA,7,4871471
ygfM_xdhD_predicted,0.7428571428571429,59,34,TGTCTCCCACACACTACCAA,25,4897299
ygfM_xdhD_predicted,0.3142857142857143,44,34,TGCCGTGGGCCAGTAGGGAT,10,4875358
ygfM_xdhD_predicted,0.14285714285714285,38,34,TGAGGATTGACAGTAAGTCC,4,4883319
ygfM_xdhD_predicted,0.17142857142857143,39,34,TGAGCCGCTATGTGTTGCTA,5,4880887
ygfM_xdhD_predicted,1.8,96,34,TCTTTGCACGGCTCTATCTG,62,4891979
ygfM_xdhD_predicted,1.3142857142857143,79,34,TCGTAGTTAGGCAGACGGCA,45,4871200
ygfM_xdhD_predicted,0.6571428571428571,56,34,TACATAAGAAACGTGGTCAA,22,4885881
ygfM_xdhD_predicted,0.6857142857142857,57,34,GTTCGCGTCGTAGTATAAGG,23,4867489
ygfM_xdhD_predicted,1.2857142857142858,78,34,GTGACATACTAACCGTTTAC,44,4876865
ygfM_xdhD_predicted,1.1428571428571428,73,34,GTGAATGGTATGGTTAGGAA,39,4872410
ygfM_xdhD_predicted,0.14285714285714285,38,34,GGGTGCCCGTTTATAATGAT,4,4884939
ygfM_xdhD_predicted,1.1142857142857143,72,34,GGCTTACTGGCCACCTTAAA,38,4876467
ygfM_xdhD_predicted,0.9142857142857143,65,34,GCACAAAATCGGCATGAACA,31,4874501
ygfM_xdhD_predicted,1.0571428571428572,70,34,CGGTATTGAGGGCTTTCGAT,36,4895634
ygfM_xdhD_predicted,1.0285714285714285,69,34,CGGGATAGCGTATGGCTAGG,35,4868882
ygfM_xdhD_predicted,1.3142857142857143,79,34,CGAGGGTTATAGGGCTTTAT,45,4895044
ygfM_xdhD_predicted,0.2,40,34,CGAATCCAACTAACTAGCCC,6,4874861
ygfM_xdhD_predicted,0.6857142857142857,57,34,CCTTAGAGAACAGCGGCCTA,23,4879696
ygfM_xdhD_predicted,2.5714285714285716,123,34,CCTACACTTGGAAAACGTTA,89,4883642
ygfM_xdhD_predicted,0.3142857142857143,44,34,CACGTATTGGCAAGCCTCCA,10,4895065
ygfM_xdhD_predicted,0.6857142857142857,57,34,CAAGGCTGGTGCGCCCTGAT,23,4872554
ygfM_xdhD_predicted,1.3714285714285714,81,34,AGTGTAAGCACGCGGTGAAT,47,4895325
ygfM_xdhD_predicted,0.8,61,34,AGTGGATCGGCTTCCTATTG,27,4864198
ygfM_xdhD_predicted,0.6571428571428571,56,34,AGTCTTATCAAGCTTTGTAC,22,4889805
ygfM_xdhD_predicted,1.3428571428571427,80,34,AGGCGTCGGAATAACATCAG,46,4865611
ygfM_xdhD_predicted,1.0285714285714285,69,34,AGCGTTCATCGGGGTCTGAT,35,4871663
ygfM_xdhD_predicted,0.5714285714285714,53,34,AGAAGCCGGCTACTGGACAT,19,4887467
ygfM_xdhD_predicted,1.5142857142857142,86,34,ACTTAGCTTATCATTTTCCC,52,4883538
ygfM_xdhD_predicted,0.6,54,34,ACGTCAACTCACTATGCTCA,20,4874970
ygfM_xdhD_predicted,1.0571428571428572,70,34,ACATAGCAACTGTGTAATCA,36,4886857
ygfM_xdhD_predicted,0.34285714285714286,45,34,AACTGATGGCGCGAGGTAGA,11,4876585
ygfM_xdhD_predicted,0.5142857142857142,51,34,AACGGTTCAGCGATCAGCGG,17,4866360
ygfM_xdhD_predicted,1.0588235294117647,68,33,TTGCACAAACGGCGCGTCTT,35,4869754
ygfM_xdhD_predicted,0.17647058823529413,38,33,TTCAGTTAGCTTAATGGGGC,5,4871662
ygfM_xdhD_predicted,0.17647058823529413,38,33,TTAGCCGTGACTCAGGTTTC,5,4887669
ygfM_xdhD_predicted,0.11764705882352941,36,33,TCGTATACCACCCAGCGCCT,3,4890039
ygfM_xdhD_predicted,2.588235294117647,120,33,TCAAGAGGAGCAATATCGCA,87,4894958
ygfM_xdhD_predicted,0.5,49,33,TACGGTTAGGCATCACGATC,16,4872690
ygfM_xdhD_predicted,0.058823529411764705,34,33,TAATGGAACAACGGATGCCC,1,4863797
ygfM_xdhD_predicted,0.8823529411764706,62,33,GTTGCTATCGATAACCTGGC,29,4880957
ygfM_xdhD_predicted,0.058823529411764705,34,33,GTAGGGCGACAGAAAATTAA,1,4884416
ygfM_xdhD_predicted,1.411764705882353,80,33,GGTGCACACGTCCAATTAGA,47,4891378
ygfM_xdhD_predicted,0.058823529411764705,34,33,GGTCTAACTCCACGGACATT,1,4891805
ygfM_xdhD_predicted,0.23529411764705882,40,33,GCTACTGGTTTGAAAGTGAT,7,4866495
ygfM_xdhD_predicted,0.8235294117647058,60,33,GATGAAGGAAATTTATGGGT,27,4890600
ygfM_xdhD_predicted,0.5,49,33,GAGATCCTGCTAGTTCCTGC,16,4886455
ygfM_xdhD_predicted,0.7941176470588235,59,33,GAGACTCCTCTTTGGTTACA,26,4885006
ygfM_xdhD_predicted,0.7352941176470589,57,33,GAAAGCTAATGGCACCATTT,24,4882509
ygfM_xdhD_predicted,0.7941176470588235,59,33,CTTCAACATAAAAGATACGA,26,4876075
ygfM_xdhD_predicted,1.1764705882352942,72,33,CTGGATCGATGCGGATAAAC,39,4873657
ygfM_xdhD_predicted,0.2647058823529412,41,33,CTAGCTGACTCTTTAGTGTT,8,4892458
ygfM_xdhD_predicted,0.6764705882352942,55,33,CGCATTTCAATTAGATATTG,22,4883033
ygfM_xdhD_predicted,1.588235294117647,86,33,CGAAGAGTCGTATTCGCAAT,53,4878090
ygfM_xdhD_predicted,1.088235294117647,69,33,CCGTCCGTAGAAAAAAAAAT,36,4864989
ygfM_xdhD_predicted,0.6470588235294118,54,33,CAAAATGATTGCGGCGAGGT,21,4883958
ygfM_xdhD_predicted,1.0294117647058822,67,33,ATGCGCAGGCCTCGGCCGCT,34,4881609
ygfM_xdhD_predicted,0.058823529411764705,34,33,AGTCTTGCAGCATCTAACGT,1,4878488
ygfM_xdhD_predicted,0.4411764705882353,47,33,AGGGGTCCAAACGCGGAAAG,14,4894138
ygfM_xdhD_predicted,0.5588235294117647,51,33,AGAGTTGCGAGGCGCTAAGC,18,4867166
ygfM_xdhD_predicted,1.1470588235294117,71,33,ACGCTAGTGCACGGGATTAT,38,4871854
ygfM_xdhD_predicted,0.058823529411764705,34,33,ACCTACCATTATCAACTAGA,1,4871077
ygfM_xdhD_predicted,2.176470588235294,106,33,AAGCGAGGACTCTTCCTATC,73,4883597
ygfM_xdhD_predicted,1.7058823529411764,90,33,AAGATCCGAAAAGAACCTTT,57,4863998
ygfM_xdhD_predicted,0.15151515151515152,36,32,TTTTCTATGTCTATCACAGT,4,4877087
ygfM_xdhD_predicted,0.12121212121212122,35,32,TTCCATTTTTTCGAATTTGA,3,4866423
ygfM_xdhD_predicted,0.45454545454545453,46,32,TGCTGACACCAAAGTGTATA,14,4873883
ygfM_xdhD_predicted,0.36363636363636365,43,32,TCCGCTCTGCTTACGCGGAG,11,4876371
ygfM_xdhD_predicted,0.7575757575757576,56,32,TCATTAATAACGAGTTTTCT,24,4887788
ygfM_xdhD_predicted,0.6363636363636364,52,32,GTGTTAATCGGAAAAATTGG,20,4892945
ygfM_xdhD_predicted,0.7878787878787878,57,32,GTGAGTTTTGCGTCAACCAA,25,4882215
ygfM_xdhD_predicted,0.48484848484848486,47,32,GGTTTCTCCGTGTTCATCGG,15,4869279
ygfM_xdhD_predicted,0.18181818181818182,37,32,GGTGGTGCGGCCAGAGTAGA,5,4886131
ygfM_xdhD_predicted,1.878787878787879,93,32,GGGCAATGGACTGGCGAAAT,61,4871094
ygfM_xdhD_predicted,1.0,64,32,GCCTGCCTATCGTACAAAAA,32,4864262
ygfM_xdhD_predicted,0.6666666666666666,53,32,GATTCATATTCGCCATATTT,21,4893570
ygfM_xdhD_predicted,0.5454545454545454,49,32,CTGCTCATTCCCGCCACTCC,17,4873030
ygfM_xdhD_predicted,1.2121212121212122,71,32,CTCGGGAGACGAGCCCCTCA,39,4892685
ygfM_xdhD_predicted,0.24242424242424243,39,32,CGCTTGATAACGATGGTTCA,7,4893481
ygfM_xdhD_predicted,0.5454545454545454,49,32,CGCTATAAGGAGAGTTCAAC,17,4867430
ygfM_xdhD_predicted,0.5151515151515151,48,32,CCTTCTCCTCGGATTGGGAT,16,4871840
ygfM_xdhD_predicted,0.6060606060606061,51,32,CCGTTCTGGTTCTGCATCAC,19,4885581
ygfM_xdhD_predicted,0.7272727272727273,55,32,CCACGACCCAGAACCACGAC,23,4881397
ygfM_xdhD_predicted,1.1818181818181819,70,32,CAGGTTCAACTGTCATCTTG,38,4884088
ygfM_xdhD_predicted,0.42424242424242425,45,32,CACGAGCCGACTTGAATTAT,13,4869977
ygfM_xdhD_predicted,0.6363636363636364,52,32,CACAGCGTTTGTAATTTCAT,20,4865543
ygfM_xdhD_predicted,0.8787878787878788,60,32,CAATCCTCACCGATCCGTCA,28,4883859
ygfM_xdhD_predicted,0.7272727272727273,55,32,ATGCTGTACTTGCCCTAATC,23,4878026
ygfM_xdhD_predicted,0.12121212121212122,35,32,ATAGCAATCGTGGCTGATCA,3,4894461
ygfM_xdhD_predicted,1.0,64,32,AGTCAACGGATATAGTTCTG,32,4877809
ygfM_xdhD_predicted,0.9696969696969697,63,32,AGGGAGGTCTAGGCAAGCCC,31,4894570
ygfM_xdhD_predicted,0.3333333333333333,42,32,AGATGTTGTGACCGTCATCA,10,4886870
ygfM_xdhD_predicted,1.4242424242424243,78,32,AGAACACTGTTAGATTACGT,46,4879818
ygfM_xdhD_predicted,1.0909090909090908,67,32,ACTGGTTTATGTATGCGATT,35,4894608
ygfM_xdhD_predicted,1.606060606060606,84,32,ACTCTGGGATTAGATTCAGA,52,4895737
ygfM_xdhD_predicted,0.48484848484848486,47,32,AAGTATTATAGCCAATAAGC,15,4868778
ygfM_xdhD_predicted,0.48484848484848486,47,32,AACGTCTAGTGCGGCGCGGA,15,4896033
ygfM_xdhD_predicted,0.6666666666666666,53,32,AACGTAAAAACAATGCATCA,21,4868817
ygfM_xdhD_predicted,0.7575757575757576,56,32,AACGCTAGCCTATTGCATTG,24,4873004
ygfM_xdhD_predicted,0.9696969696969697,63,32,AACGACCTTGTCTGACCTTT,31,4886991
ygfM_xdhD_predicted,0.53125,47,31,TTTGACAATAGGCCAACTTG,16,4893653
ygfM_xdhD_predicted,0.46875,45,31,TGTTGTCCAATTAGCACCTG,14,4883191
ygfM_xdhD_predicted,0.0625,32,31,TGCACCCGTTTCATACGAAC,1,4871377
ygfM_xdhD_predicted,0.59375,49,31,TGACAACTATTTTAAGAGTA,18,4869218
ygfM_xdhD_predicted,0.09375,33,31,TCGGACACCGTTTGTTTTAA,2,4899621
ygfM_xdhD_predicted,0.78125,55,31,TAGCACACCGAACGCATTAG,24,4868952
ygfM_xdhD_predicted,0.6875,52,31,TAAGGAAGACATGGCTGTAT,21,4879912
ygfM_xdhD_predicted,0.53125,47,31,TAACGGGTACGGAGCGAGTA,16,4884502
ygfM_xdhD_predicted,1.65625,83,31,GTTGGGCTAACCGATATCAG,52,4864359
ygfM_xdhD_predicted,1.6875,84,31,GTGCACCAAGACATGCTCAT,53,4899396
ygfM_xdhD_predicted,0.71875,53,31,GTAATTTGGTCGGATGCGAG,22,4870732
ygfM_xdhD_predicted,0.46875,45,31,GGTCCGTCGCCTACTGCAGA,14,4884022
ygfM_xdhD_predicted,0.0625,32,31,GGAACCAATTGTTCGTCCCA,1,4887073
ygfM_xdhD_predicted,1.09375,65,31,GCGTATCGGGAGAGGGAACA,34,4878283
ygfM_xdhD_predicted,1.21875,69,31,GCCGTCCACGATCCATATTC,38,4873718
ygfM_xdhD_predicted,1.25,70,31,GATCCCTGACCTGAAGTAGT,39,4890172
ygfM_xdhD_predicted,1.40625,75,31,GAGGGAACATACTCGCCTAG,44,4876338
ygfM_xdhD_predicted,0.21875,37,31,CTTGAGAACTGTTCGTCATA,6,4872267
ygfM_xdhD_predicted,1.4375,76,31,CTTCACAGTTGGCCCTTCGC,45,4881392
ygfM_xdhD_predicted,1.625,82,31,CTCGCTCAGTACCCGTTTCG,51,4867279
ygfM_xdhD_predicted,0.78125,55,31,CGTTCTGAGGTCGAGCTTAC,24,4866630
ygfM_xdhD_predicted,0.09375,33,31,CGTTAGTGTCCGGGTCCCAT,2,4868953
ygfM_xdhD_predicted,0.4375,44,31,CCTCTTAGCGCGTCACAACA,13,4873060
ygfM_xdhD_predicted,0.46875,45,31,CCGCCGAGGGGTACTTCCCG,14,4873276
ygfM_xdhD_predicted,0.0625,32,31,CCCAGGCTACCCTATGGAAC,1,4895269
ygfM_xdhD_predicted,0.875,58,31,CCAGTCATCGCATATTACTA,27,4885910
ygfM_xdhD_predicted,0.96875,61,31,CAGGAACAGTCATGGCGTTG,30,4879088
ygfM_xdhD_predicted,0.78125,55,31,CAGAGCAAAGGAGAGAAGCT,24,4878787
ygfM_xdhD_predicted,2.15625,99,31,ATTTCGGGAGTTTCCTCCCC,68,4879530
ygfM_xdhD_predicted,0.15625,35,31,AGTCGGGGCTGATTGCGTTA,4,4892918
ygfM_xdhD_predicted,0.5625,48,31,ACTGGCTTTTATCGTGGTGA,17,4871605
ygfM_xdhD_predicted,0.53125,47,31,ACGCGGCGTTCGATGCCGGT,16,4890667
ygfM_xdhD_predicted,0.34375,41,31,ACACCATGTTAGCCTTTACT,10,4867677
ygfM_xdhD_predicted,2.8125,120,31,ACAACATTGGTAAAAACGGG,89,4873229
ygfM_xdhD_predicted,0.4375,44,31,AATCATCCGTACACCTAGCA,13,4884620
ygfM_xdhD_predicted,0.7741935483870968,53,30,TTCGGTGATGTAATGGTGTG,23,4881373
ygfM_xdhD_predicted,0.0967741935483871,32,30,TTCCGGTGTAGGATGAGTAT,2,4871501
ygfM_xdhD_predicted,2.3225806451612905,101,30,TTCACTATGACAAGCTCAAT,71,4878935
ygfM_xdhD_predicted,0.5161290322580645,45,30,TTATGAGAATAAGTGCTTTC,15,4893849
ygfM_xdhD_predicted,0.12903225806451613,33,30,TGTGGAATTATACCCCTCGA,3,4867889
ygfM_xdhD_predicted,0.45161290322580644,43,30,TGTCGGGTATAGAGCCCCAA,13,4882397
ygfM_xdhD_predicted,0.8064516129032258,54,30,TGGAAAAGAGATGGTTTAAA,24,4868969
ygfM_xdhD_predicted,1.4193548387096775,73,30,TGACGGTTCCCCCAGCGCAA,43,4887535
ygfM_xdhD_predicted,0.0967741935483871,32,30,TCAGTTTCCGATAAGGGAAG,2,4877576
ygfM_xdhD_predicted,0.2903225806451613,38,30,TCACGCCATTCTCCTACGTG,8,4869674
ygfM_xdhD_predicted,2.2580645161290325,99,30,TACACTTTGGTAGTGGCTGA,69,4896266
ygfM_xdhD_predicted,0.7741935483870968,53,30,GTTCGCGCGGCGGCTGTAAA,23,4883750
ygfM_xdhD_predicted,0.6451612903225806,49,30,GTTCATTAGACGCTCATTAG,19,4875437
ygfM_xdhD_predicted,1.6129032258064515,79,30,GTTATATCACTGTGATCTTG,49,4890135
ygfM_xdhD_predicted,1.2258064516129032,67,30,GTGCGTGTGGATTTTGGGTG,37,4866135
ygfM_xdhD_predicted,1.1612903225806452,65,30,GTGACCGCATGTCCAATATC,35,4890541
ygfM_xdhD_predicted,0.6774193548387096,50,30,GGGGCGTTACCGTCTCACTC,20,4864520
ygfM_xdhD_predicted,0.41935483870967744,42,30,GCTTTACGTTCTTGTTGAGC,12,4872857
ygfM_xdhD_predicted,0.7096774193548387,51,30,GAGCAGTATCCCCTGCCTAC,21,4868506
ygfM_xdhD_predicted,1.5806451612903225,78,30,GACTCGGTACACATGTTGGT,48,4865500
ygfM_xdhD_predicted,2.6129032258064515,110,30,GACGTGAGAACTGCAGACTC,80,4867572
ygfM_xdhD_predicted,0.4838709677419355,44,30,GACCGTGAGAACTACTCGGG,14,4875095
ygfM_xdhD_predicted,0.9032258064516129,57,30,GAACAACTGCCGGGCTCCTA,27,4885582
ygfM_xdhD_predicted,0.6774193548387096,50,30,CGTTTATCCACCCACCTGTG,20,4868656
ygfM_xdhD_predicted,2.225806451612903,98,30,CGGAATCTCTGTAAACTTAA,68,4874726
ygfM_xdhD_predicted,0.7741935483870968,53,30,CCCCCTAATTGGAGCATTTG,23,4877235
ygfM_xdhD_predicted,0.2903225806451613,38,30,CATTTCTTCTCCCTTTCATT,8,4886425
ygfM_xdhD_predicted,0.45161290322580644,43,30,ATGAATGTGGAGCACGACCT,13,4872351
ygfM_xdhD_predicted,0.3870967741935484,41,30,ATATATGTTTCCCGGTCTAA,11,4877688
ygfM_xdhD_predicted,0.3548387096774194,40,30,ATACATTTAAGAGAGTCAGC,10,4877080
ygfM_xdhD_predicted,1.6451612903225807,80,30,AGTACTATACGGTATGATGT,50,4895818
ygfM_xdhD_predicted,0.6129032258064516,48,30,AGGGGTCCAAAGAGATCTAC,18,4885553
ygfM_xdhD_predicted,1.1290322580645162,64,30,AGGGCAGTGTTGTGCGCTAT,34,4886444
ygfM_xdhD_predicted,0.6129032258064516,48,30,AGCGACGATTGATGCTAAAA,18,4885537
ygfM_xdhD_predicted,0.3225806451612903,39,30,ACTAGGGGATGTTATCCAGG,9,4865143
ygfM_xdhD_predicted,1.1290322580645162,64,30,AAGATAACTCCTCTTCCTTT,34,4871883
ygfM_xdhD_predicted,0.3870967741935484,41,30,AAAGGACAGGAAGCGCTACA,11,4864988
ygfM_xdhD_predicted,1.0,58,29,TTTGTACCCTAAGACGCAGG,29,4872253
ygfM_xdhD_predicted,0.8333333333333334,53,29,TTGGTTGTACTTAGAAATGT,24,4867074
ygfM_xdhD_predicted,0.5,43,29,TTCTACACTTGGATAGACTT,14,4865467
ygfM_xdhD_predicted,0.3,37,29,TTCCTGGTAACGCATGGCTA,8,4892288
ygfM_xdhD_predicted,3.1,121,29,TGGAGCCTATTGCCATCACT,92,4885253
ygfM_xdhD_predicted,0.8666666666666667,54,29,TGATAGCGCGAGGTATATTG,25,4877854
ygfM_xdhD_predicted,0.7333333333333333,50,29,TGAGACGGCCGGCGGGGAAA,21,4885236
ygfM_xdhD_predicted,1.2333333333333334,65,29,TGACAAACACAGTGAGGACA,36,4896246
ygfM_xdhD_predicted,0.23333333333333334,35,29,TCGTAGCTAAAGCACGCCTT,6,4875275
ygfM_xdhD_predicted,0.5333333333333333,44,29,TCGGCCCCACTTTTGTGGCC,15,4883703
ygfM_xdhD_predicted,0.43333333333333335,41,29,TCGACATAGGTATCACACCT,12,4875687
ygfM_xdhD_predicted,1.2666666666666666,66,29,TCGAACCGGAGGGTCGTTTT,37,4872007
ygfM_xdhD_predicted,0.4666666666666667,42,29,TCAGACACGGAGTGAGCATG,13,4875432
ygfM_xdhD_predicted,0.7333333333333333,50,29,TCACACTACATATCCCGCTT,21,4893097
ygfM_xdhD_predicted,0.9333333333333333,56,29,TCAAAACTGTCCACTCGAAG,27,4875704
ygfM_xdhD_predicted,1.2,64,29,GTTTCGCCGGAATATGGGGA,35,4867805
ygfM_xdhD_predicted,0.3333333333333333,38,29,GGAAGGTCAGTACTAACTCC,9,4892385
ygfM_xdhD_predicted,0.7,49,29,GCAAGTTGTTATTGGCGACA,20,4890340
ygfM_xdhD_predicted,0.3,37,29,GAGTTCATATTGCGGGTTTC,8,4865866
ygfM_xdhD_predicted,0.6,46,29,GAGCGCTATTATGCTCCCCA,17,4875978
ygfM_xdhD_predicted,0.8333333333333334,53,29,GAACAAGCCTCGATCACACT,24,4872496
ygfM_xdhD_predicted,1.0666666666666667,60,29,CTGGCTATTTAATGGACTTT,31,4896326
ygfM_xdhD_predicted,1.3333333333333333,68,29,CTGGCCTTAGACAACTTAGA,39,4864257
ygfM_xdhD_predicted,0.4666666666666667,42,29,CTGCACTTGGCCGGTTGCGG,13,4878651
ygfM_xdhD_predicted,1.4333333333333333,71,29,CTCTGAACCTCTGCCACATC,42,4867455
ygfM_xdhD_predicted,2.966666666666667,117,29,CGCTTTTAACGGCCTTGCCT,88,4872094
ygfM_xdhD_predicted,0.7666666666666667,51,29,CGCCCGTTCACCCAAATGAG,22,4869620
ygfM_xdhD_predicted,0.5666666666666667,45,29,CGCACAGGACATGACCGTAA,16,4882136
ygfM_xdhD_predicted,2.066666666666667,90,29,CGAGATGATAATGCTGGGCT,61,4889939
ygfM_xdhD_predicted,0.06666666666666667,30,29,CGACCGACGTACACACCGAG,1,4888794
ygfM_xdhD_predicted,0.06666666666666667,30,29,CGAACCGTGACATTTCTGGT,1,4884992
ygfM_xdhD_predicted,1.4666666666666666,72,29,CCGATACTACGTTTCCGGGT,43,4873331
ygfM_xdhD_predicted,1.4,70,29,CCACCCCGCTCGAACAGCTA,41,4895092
ygfM_xdhD_predicted,1.6333333333333333,77,29,CACTAACCTAAAGTAGCCAA,48,4877140
ygfM_xdhD_predicted,2.2333333333333334,95,29,CAATAGTAGCGAGCTCACAA,66,4876056
ygfM_xdhD_predicted,0.2,34,29,ATTTGCTACGGCATACCATG,5,4886124
ygfM_xdhD_predicted,0.2,34,29,ATGGGGATATTAAACCGTAG,5,4885038
ygfM_xdhD_predicted,1.4,70,29,ATGCGCAGCTCGTTGTAACA,41,4873059
ygfM_xdhD_predicted,1.0666666666666667,60,29,AGGTATATGTTGGTTCATGC,31,4892009
ygfM_xdhD_predicted,0.1,31,29,AGATGATACGAATGGCGTCC,2,4891245
ygfM_xdhD_predicted,0.8333333333333334,53,29,ACTAAAGTTACTTAGGTCAT,24,4890396
ygfM_xdhD_predicted,0.4666666666666667,42,29,ACGGTTATGTCCACAGTGCT,13,4870862
ygfM_xdhD_predicted,0.5666666666666667,45,29,ACGCCTTATGTTAGCGATAT,16,4874379
ygfM_xdhD_predicted,0.8333333333333334,53,29,ACCATCTATTTCAGTTTTAC,24,4877156
ygfM_xdhD_predicted,0.36666666666666664,39,29,AATGAGATAAAGTCCGTTCA,10,4868917
ygfM_xdhD_predicted,1.0,58,29,AATACGGAGCATTATATGCT,29,4879858
ygfM_xdhD_predicted,0.8333333333333334,53,29,AAACTCCAATGACATAAGCT,24,4885989
ygfM_xdhD_predicted,2.206896551724138,91,28,TTGAACAAAGGTATTTAAAC,63,4863798
ygfM_xdhD_predicted,0.2413793103448276,34,28,TGTTTACCGTTGAGCGCGGT,6,4895194
ygfM_xdhD_predicted,1.2758620689655173,64,28,TGTTCATAATTACCATTAGC,36,4871155
ygfM_xdhD_predicted,0.4482758620689655,40,28,TGTCCGATTCTAATCACTGG,12,4866906
ygfM_xdhD_predicted,1.7241379310344827,77,28,TGTATCGGTTAAAGCGGAGA,49,4883999
ygfM_xdhD_predicted,0.7931034482758621,50,28,TGGCAGGTCAAGGAGTTACA,22,4865466
ygfM_xdhD_predicted,0.8275862068965517,51,28,TGCGTCACCCATCAGTCGTT,23,4882170
ygfM_xdhD_predicted,1.103448275862069,59,28,TCTGGCCGCGGTATAAGTAT,31,4877548
ygfM_xdhD_predicted,0.6206896551724138,45,28,TCTGCAATCAGCCCCCATGT,17,4866250
ygfM_xdhD_predicted,0.06896551724137931,29,28,TCGACTGCAGCAACAGATAA,1,4882258
ygfM_xdhD_predicted,0.06896551724137931,29,28,TCCGGCACGAGTCCTATGAA,1,4864382
ygfM_xdhD_predicted,2.103448275862069,88,28,TCCCGGGTCCTTGGAAATTC,60,4898994
ygfM_xdhD_predicted,0.06896551724137931,29,28,TATCGGGATAATACTGACCC,1,4889252
ygfM_xdhD_predicted,0.4827586206896552,41,28,TAGGTTTTTGCCTTTGGGGT,13,4889410
ygfM_xdhD_predicted,0.5862068965517241,44,28,TACGTGCAATAAAGACAGAA,16,4868802
ygfM_xdhD_predicted,2.3793103448275863,96,28,GTGGTGACACCGTTTCGGGT,68,4880733
ygfM_xdhD_predicted,0.7241379310344828,48,28,GTAGCTCTGACTCACTTCAT,20,4873910
ygfM_xdhD_predicted,1.6206896551724137,74,28,GGCTATTACACAAGGCGGTT,46,4892865
ygfM_xdhD_predicted,0.1724137931034483,32,28,GGACCTCGTAGTCATCTCGG,4,4871000
ygfM_xdhD_predicted,0.06896551724137931,29,28,GCTGCTACGCGGATTGGCTT,1,4893857
ygfM_xdhD_predicted,1.1724137931034482,61,28,GCGCTCCGGCCAATGCGAAA,33,4866744
ygfM_xdhD_predicted,0.5172413793103449,42,28,GCGCGTTACGCAAAGATGTA,14,4893177
ygfM_xdhD_predicted,0.6896551724137931,47,28,GCCCTGAATGGATCAATTGG,19,4888800
ygfM_xdhD_predicted,0.9310344827586207,54,28,GCAGACAGCACTCTTTGGGG,26,4893769
ygfM_xdhD_predicted,1.1379310344827587,60,28,GACCGAATGGGTAGGGGGCT,32,4882089
ygfM_xdhD_predicted,0.9310344827586207,54,28,GAATGGGTGGGTGGTTAGAA,26,4864567
ygfM_xdhD_predicted,0.06896551724137931,29,28,CTTTGGTTGGATTTTAGGTT,1,4874122
ygfM_xdhD_predicted,1.7586206896551724,78,28,CTATCACGGTCATCAGAGCT,50,4899261
ygfM_xdhD_predicted,0.3448275862068966,37,28,CTAGTCTCGGTTCTTAACAG,9,4875435
ygfM_xdhD_predicted,0.8275862068965517,51,28,CTACCTGGGCGATGGAGATG,23,4897295
ygfM_xdhD_predicted,1.4137931034482758,68,28,CTACACCTACCAGAGACAAA,40,4890893
ygfM_xdhD_predicted,1.0689655172413792,58,28,CGTTGCTTCAACGAGTATAA,30,4888405
ygfM_xdhD_predicted,0.6896551724137931,47,28,CGTTCACTGTTTTTACCTTT,19,4869726
ygfM_xdhD_predicted,1.3103448275862069,65,28,CGTCTAGCTGCCGTATCGGT,37,4890101
ygfM_xdhD_predicted,0.6551724137931034,46,28,CGTATTAGAACGAGATGGAC,18,4881967
ygfM_xdhD_predicted,0.7241379310344828,48,28,CGGCCTATGTGACCTGCACG,20,4883867
ygfM_xdhD_predicted,0.5862068965517241,44,28,CGCCAAGAATCCCTTGAGTG,16,4875258
ygfM_xdhD_predicted,0.9655172413793104,55,28,CGATGATAGCGGATGACATT,27,4873403
ygfM_xdhD_predicted,0.10344827586206896,30,28,CGATGACCACCGCTTAGTTA,2,4863825
ygfM_xdhD_predicted,2.103448275862069,88,28,CCGGAAAGTTCTTAACCAGA,60,4864900
ygfM_xdhD_predicted,0.7586206896551724,49,28,CCACAGGAAAACTAAAGTTG,21,4866301
ygfM_xdhD_predicted,0.4482758620689655,40,28,CCAAGCCTCGGAAGTAGCGA,12,4885469
ygfM_xdhD_predicted,0.06896551724137931,29,28,CACGGAATGTTCTGACCAGT,1,4869957
ygfM_xdhD_predicted,0.06896551724137931,29,28,CACCCGAACAAACATCCTGT,1,4899368
ygfM_xdhD_predicted,0.5172413793103449,42,28,ATATTTGTCGATTAGAAAGC,14,4886589
ygfM_xdhD_predicted,1.3448275862068966,66,28,ATATTTCGAGTCTAGGTGGT,38,4884877
ygfM_xdhD_predicted,0.06896551724137931,29,28,ATAACGATGTTAGTTATATA,1,4865555
ygfM_xdhD_predicted,0.3448275862068966,37,28,ACGCTGCTATCCCCAACACA,9,4873672
ygfM_xdhD_predicted,1.896551724137931,82,28,ACGCCTATTAAAGGCGCTGC,54,4885124
ygfM_xdhD_predicted,0.8275862068965517,51,28,ACGCACCATGCGCCCCGGCG,23,4869378
ygfM_xdhD_predicted,1.6206896551724137,74,28,ACCGTTTTTGCAACATCGGA,46,4876638
ygfM_xdhD_predicted,0.7931034482758621,50,28,ACCGACTGTATTGCTTTCAA,22,4885536
ygfM_xdhD_predicted,0.06896551724137931,29,28,AATACCCACACAGCTTTTGC,1,4873010
ygfM_xdhD_predicted,1.103448275862069,59,28,AAGCTCCTAGATAATGATCA,31,4866061
ygfM_xdhD_predicted,0.27586206896551724,35,28,AACGCGGGTCACTACACTAA,7,4896391
ygfM_xdhD_predicted,0.13793103448275862,31,28,AACATGTAGCTCCAATGAAA,3,4874230
ygfM_xdhD_predicted,2.9642857142857144,109,27,TTTATGACGGCATTCTGATA,82,4881264
ygfM_xdhD_predicted,0.21428571428571427,32,27,TTTAACCCTGCGGTAAGCTG,5,4871798
ygfM_xdhD_predicted,0.8928571428571429,51,27,TTGGCTTAGCGTTGCGTGTT,24,4896128
ygfM_xdhD_predicted,0.4642857142857143,39,27,TTGAACAGAGGGAACAATTG,12,4884839
ygfM_xdhD_predicted,0.6785714285714286,45,27,TTATGACTGCTCCTGACTTG,18,4897195
ygfM_xdhD_predicted,0.07142857142857142,28,27,TTACGGTACTTTCAGGCAAA,1,4867095
ygfM_xdhD_predicted,1.5357142857142858,69,27,TTAAGCGTGCCTTCATGTAT,42,4887628
ygfM_xdhD_predicted,0.8928571428571429,51,27,TGTAAACTATTAAATGTGCG,24,4866914
ygfM_xdhD_predicted,1.1785714285714286,59,27,TGGGTATTGAACGGGAGCAG,32,4890604
ygfM_xdhD_predicted,1.8571428571428572,78,27,TCTTGTTTAAAATCCGCATC,51,4878743
ygfM_xdhD_predicted,1.1428571428571428,58,27,TCTGTCTCTTGGCGTCGGTA,31,4867161
ygfM_xdhD_predicted,0.4642857142857143,39,27,TCATAGCAGTATGGAGCAAA,12,4891373
ygfM_xdhD_predicted,1.5714285714285714,70,27,TATTGAACACGTCCGGTCTT,43,4887494
ygfM_xdhD_predicted,1.3571428571428572,64,27,TACTGAACCCGGCTTATAAT,37,4874239
ygfM_xdhD_predicted,4.571428571428571,154,27,GTTCGCGAAGACTCAGGAGT,127,4885651
ygfM_xdhD_predicted,0.4642857142857143,39,27,GTGTGGTGGGGGAGAGTCAA,12,4886061
ygfM_xdhD_predicted,1.6428571428571428,72,27,GTCACAGATTCGATCATGAC,45,4880847
ygfM_xdhD_predicted,0.25,33,27,GGGTAGCCAGTCTGTCCTTG,6,4888757
ygfM_xdhD_predicted,2.4642857142857144,95,27,GGCTCTGCCAGATGCATGAC,68,4865297
ygfM_xdhD_predicted,0.5714285714285714,42,27,GCTCCAATAGGCCGGTATAA,15,4877085
ygfM_xdhD_predicted,0.8214285714285714,49,27,GCGCCTTCTTCGAAGAGAAG,22,4864898
ygfM_xdhD_predicted,1.4285714285714286,66,27,GCGATAGGACAGTAACCTAT,39,4886370
ygfM_xdhD_predicted,0.21428571428571427,32,27,GCCTGAATTTGGCGGATTAT,5,4888075
ygfM_xdhD_predicted,0.8928571428571429,51,27,GCCCTCCAAATGTTTCTCTC,24,4869319
ygfM_xdhD_predicted,0.7857142857142857,48,27,GATGATGGCGTATGTGAGTA,21,4892826
ygfM_xdhD_predicted,1.25,61,27,GATACGTACACGTGGTTTTT,34,4876404
ygfM_xdhD_predicted,0.5,40,27,GACAGTTTACGATCTGGTGT,13,4888894
ygfM_xdhD_predicted,0.6071428571428571,43,27,CTGCGAACTTCCAACCTCGG,16,4889090
ygfM_xdhD_predicted,0.6785714285714286,45,27,CGTTCCTTTACACAAGCGTT,18,4887305
ygfM_xdhD_predicted,0.2857142857142857,34,27,CGCTCCTTCCCGCGACGGCA,7,4891554
ygfM_xdhD_predicted,2.0,82,27,CGCCTTGTCGCCCCACTCTT,55,4895326
ygfM_xdhD_predicted,1.4285714285714286,66,27,CGATATCCTCGAATTAGAGA,39,4868643
ygfM_xdhD_predicted,0.07142857142857142,28,27,CCCCGAGAGGGGTGCTTTGC,1,4873447
ygfM_xdhD_predicted,0.39285714285714285,37,27,CCATGTCCTCTCCTTACTGT,10,4885609
ygfM_xdhD_predicted,0.17857142857142858,31,27,CCAGTCAGGACTGGCGGGAG,4,4883353
ygfM_xdhD_predicted,0.7142857142857143,46,27,CCACGCAGGTGGGGATGTGA,19,4873159
ygfM_xdhD_predicted,0.07142857142857142,28,27,CCACCAGGACATGTGGACAA,1,4870026
ygfM_xdhD_predicted,0.07142857142857142,28,27,CATTAAGCGGTACCACCGAT,1,4892303
ygfM_xdhD_predicted,0.39285714285714285,37,27,CATCTGCCATCTCAATGTCA,10,4889780
ygfM_xdhD_predicted,0.10714285714285714,29,27,CAGAGTCACCCCTTAAGCCT,2,4884721
ygfM_xdhD_predicted,1.6428571428571428,72,27,CAGAAAGTTCATGTTGGCAG,45,4866036
ygfM_xdhD_predicted,2.642857142857143,100,27,CACCATGGCCCAGTTCGACA,73,4879522
ygfM_xdhD_predicted,0.14285714285714285,30,27,CAAAGTCACACCGGCCCACT,3,4877055
ygfM_xdhD_predicted,0.5357142857142857,41,27,ATTTCGGGTCACGTGCCCTA,14,4878622
ygfM_xdhD_predicted,1.7142857142857142,74,27,ATCCTATAGGCTTTATACTG,47,4868915
ygfM_xdhD_predicted,0.39285714285714285,37,27,ATCACCTCTCTTAATGTCCT,10,4875792
ygfM_xdhD_predicted,1.0,54,27,AGTTCGGCGGGCGAAAAAAT,27,4866673
ygfM_xdhD_predicted,0.75,47,27,AGTAGGAAGGGCAATTTCAA,20,4886588
ygfM_xdhD_predicted,0.17857142857142858,31,27,AGTACATAACGGGTTTACAT,4,4886789
ygfM_xdhD_predicted,1.0,54,27,AGGTCATAGATTAGAAAGCG,27,4867197
ygfM_xdhD_predicted,1.9285714285714286,80,27,AAGATACGCGAGATTGGCTC,53,4892307
ygfM_xdhD_predicted,0.5,40,27,AAGACTAGGGAGGACTGCGC,13,4880730
ygfM_xdhD_predicted,0.14285714285714285,30,27,AAATTCCACGAGGCGATGAG,3,4863862
ygfM_xdhD_predicted,1.5357142857142858,69,27,AAATCGTCTTCAGATACCGT,42,4866157
ygfM_xdhD_predicted,0.5,40,27,AAAATTGGCCTTCTAAGCCG,13,4868132
ygfM_xdhD_predicted,0.5357142857142857,41,27,AAAATCGCGTCGGCGTGAAG,14,4865554
ygfM_xdhD_predicted,0.37037037037037035,35,26,TTTTTCAACATGTAGCTGGC,9,4892339
ygfM_xdhD_predicted,0.5185185185185185,39,26,TTTAGTGGGCTGCGTGCGGC,13,4890217
ygfM_xdhD_predicted,1.9259259259259258,77,26,TTGCGTCGGCGCTTCGGATT,51,4870580
ygfM_xdhD_predicted,1.4074074074074074,63,26,TTGCCCTTATCCTTAATTGG,37,4864239
ygfM_xdhD_predicted,1.2962962962962963,60,26,TTGCATCTGGTTTAGGAGCT,34,4870571
ygfM_xdhD_predicted,2.4444444444444446,91,26,TTCTGGCAGCCCTTCCGACA,65,4895013
ygfM_xdhD_predicted,0.8518518518518519,48,26,TTCAGTAGATCTACCCTGCT,22,4872591
ygfM_xdhD_predicted,0.18518518518518517,30,26,TTCAATCTATTTTACCAGGT,4,4894520
ygfM_xdhD_predicted,0.8148148148148148,47,26,TTATACGGGGATAAGTTCTA,21,4881876
ygfM_xdhD_predicted,2.2222222222222223,85,26,TGTGGTCGAGATTCTAACCT,59,4893684
ygfM_xdhD_predicted,1.7777777777777777,73,26,TGTCTTAGACCTCTGCGGAC,47,4888680
ygfM_xdhD_predicted,1.962962962962963,78,26,TGCGATTTTCGGAGGCACGA,52,4890265
ygfM_xdhD_predicted,4.666666666666667,151,26,TGAATCGCAGAGTGTACTGC,125,4870241
ygfM_xdhD_predicted,0.7777777777777778,46,26,TCTTGACGGGGGAAAAGGGT,20,4892711
ygfM_xdhD_predicted,0.7407407407407407,45,26,TCTGTACAGGTTTTCTGCTG,19,4873767
ygfM_xdhD_predicted,0.18518518518518517,30,26,TCGATTGCCAAGGCGATTGG,4,4868873
ygfM_xdhD_predicted,0.07407407407407407,27,26,TCCGCCTCCAACCCTGCGGA,1,4897458
ygfM_xdhD_predicted,1.6296296296296295,69,26,TACAAGAATGACGGATGTAC,43,4885554
ygfM_xdhD_predicted,0.8888888888888888,49,26,GTAGGTATATTCCACTATCT,23,4867215
ygfM_xdhD_predicted,0.9259259259259259,50,26,GTACTAACCTTCCGTATAGA,24,4874402
ygfM_xdhD_predicted,0.25925925925925924,32,26,GTACCGTTTCTCGCGTCCGT,6,4885359
ygfM_xdhD_predicted,0.6296296296296297,42,26,GGCCCTACGACGTGGCGTAT,16,4866880
ygfM_xdhD_predicted,0.5555555555555556,40,26,GGCCCCGCCGTCGTATGACA,14,4880532
ygfM_xdhD_predicted,0.2222222222222222,31,26,GCGAAAGAACCGTCCTTCAT,5,4868370
ygfM_xdhD_predicted,0.8518518518518519,48,26,GCCGGGCACCTCGAACTGGA,22,4867050
ygfM_xdhD_predicted,0.7037037037037037,44,26,GATGACAACATCCCATGTCT,18,4878442
ygfM_xdhD_predicted,0.07407407407407407,27,26,GATAGGTTTCCTGTGTACTA,1,4866177
ygfM_xdhD_predicted,1.8518518518518519,75,26,GAATTCATAGAGCTCTGAGT,49,4893466
ygfM_xdhD_predicted,1.1851851851851851,57,26,GAAGTACGGCGATGAACCAC,31,4869246
ygfM_xdhD_predicted,0.2962962962962963,33,26,CTTCGCCACTTACTCGTCAT,7,4885026
ygfM_xdhD_predicted,2.037037037037037,80,26,CTTCAGATGTTATTCCGTTT,54,4868934
ygfM_xdhD_predicted,1.3333333333333333,61,26,CTGTGTTTCAGTTCCCGCAT,35,4872567
ygfM_xdhD_predicted,0.6666666666666666,43,26,CTGTCTTATGGACTGCGTAC,17,4898590
ygfM_xdhD_predicted,0.9629629629629629,51,26,CTCTCCACGCCATGTACTAC,25,4867453
ygfM_xdhD_predicted,0.5185185185185185,39,26,CTCTAAATACCAGGGCTCGC,13,4868464
ygfM_xdhD_predicted,0.8888888888888888,49,26,CGTAACCTTCACGTGTATAA,23,4884842
ygfM_xdhD_predicted,0.8518518518518519,48,26,CGGGCTACCACCAATCGTAC,22,4881691
ygfM_xdhD_predicted,1.7037037037037037,71,26,CGCAATCCCGGGGTAGTTGA,45,4886354
ygfM_xdhD_predicted,0.07407407407407407,27,26,CCTTCCCAGTGTAATCCATA,1,4869888
ygfM_xdhD_predicted,0.07407407407407407,27,26,CCTATTCACATGAATGACAG,1,4880275
ygfM_xdhD_predicted,0.8888888888888888,49,26,CCCTATACATTTAACATCAA,23,4889585
ygfM_xdhD_predicted,2.1481481481481484,83,26,CATGCAAAGGCAAGTACCCT,57,4874921
ygfM_xdhD_predicted,3.0,106,26,CATATCAATGCCTTGCCCCT,80,4892827
ygfM_xdhD_predicted,1.9259259259259258,77,26,CAGCCACCGGTCATTGTCTT,51,4865309
ygfM_xdhD_predicted,0.07407407407407407,27,26,CAGACCTAGGTCGTTAAGCT,1,4869508
ygfM_xdhD_predicted,0.07407407407407407,27,26,CACAACTTACGATTCTAATC,1,4895651
ygfM_xdhD_predicted,0.7777777777777778,46,26,ATGGTGGGTAGACTTACAAT,20,4879475
ygfM_xdhD_predicted,0.48148148148148145,38,26,AGGTAGTGTGGCGACCACAG,12,4881479
ygfM_xdhD_predicted,1.2962962962962963,60,26,AGGAACCTACTGTTCACGCT,34,4879418
ygfM_xdhD_predicted,2.4444444444444446,91,26,ACGTACGGCATCGCAGGCCA,65,4885682
ygfM_xdhD_predicted,2.3703703703703702,89,26,ACGGAGTTCTCCGGACTTTG,63,4866819
ygfM_xdhD_predicted,1.1851851851851851,57,26,ACGCTGTTTTGCTACGGTGG,31,4864723
ygfM_xdhD_predicted,0.7037037037037037,44,26,ACCACAATCGAGTTAAAGGA,18,4870546
ygfM_xdhD_predicted,0.7037037037037037,44,26,ACAATGGGAAGATGAGGAAA,18,4874499
ygfM_xdhD_predicted,0.7777777777777778,46,26,AAGAACCGTTAACAAGCTTG,20,4873589
ygfM_xdhD_predicted,0.8148148148148148,47,26,AACAATTCTACAGTGAAACG,21,4890006
ygfM_xdhD_predicted,0.7777777777777778,46,26,AAACAAGATACGATTATCGC,20,4879193
ygfM_xdhD_predicted,0.6153846153846154,40,25,TTTAACGGACCCAATGCTGT,15,4890990
ygfM_xdhD_predicted,1.4615384615384615,62,25,TTCTGCGCTATTTATGCAAC,37,4869060
ygfM_xdhD_predicted,0.5384615384615384,38,25,TTCGTAGGTTCCAGATTTGT,13,4869120
ygfM_xdhD_predicted,0.6538461538461539,41,25,TGTAGTGGTAGCGTCCAGCT,16,4893277
ygfM_xdhD_predicted,0.8846153846153846,47,25,TGGTCTATGTCGGCGTGCTT,22,4895917
ygfM_xdhD_predicted,2.8076923076923075,97,25,TGGCAAGCCTCAGAAAGCCT,72,4864678
ygfM_xdhD_predicted,1.0769230769230769,52,25,TGGACCGCCGTCGTGTCCTC,27,4869861
ygfM_xdhD_predicted,1.1153846153846154,53,25,TGCTTTCGCGGGGGGAGGGA,28,4887630
ygfM_xdhD_predicted,0.07692307692307693,26,25,TGCGACTCGCGGCACGAGAT,1,4881137
ygfM_xdhD_predicted,0.8846153846153846,47,25,TGCAGTAAGTGCGGCAACAA,22,4882125
ygfM_xdhD_predicted,0.15384615384615385,28,25,TGATCCTGCTCGTAAGTCTA,3,4864822
ygfM_xdhD_predicted,0.5769230769230769,39,25,TGAGTCAGGGAATGCTACTT,14,4869271
ygfM_xdhD_predicted,0.8076923076923077,45,25,TCGCCCACCCTAGCAGGCGA,20,4884407
ygfM_xdhD_predicted,1.6923076923076923,68,25,TATTTCACACCCACCTTGAG,43,4875937
ygfM_xdhD_predicted,1.3076923076923077,58,25,TATGTTCTTAACCGGTCACG,33,4877640
ygfM_xdhD_predicted,1.2307692307692308,56,25,TAGTTACCTAAATTAGATTG,31,4865178
ygfM_xdhD_predicted,0.7692307692307693,44,25,TAGGGTTTTACGTCTATTTG,19,4874370
ygfM_xdhD_predicted,0.6538461538461539,41,25,GTGGGAGGAAGGATCCCCTA,16,4870903
ygfM_xdhD_predicted,1.1923076923076923,55,25,GTCCCCCTACGGCTTATCGT,30,4896059
ygfM_xdhD_predicted,1.3846153846153846,60,25,GGGAAAGTGTCCCGTCTGTA,35,4873766
ygfM_xdhD_predicted,0.34615384615384615,33,25,GGCTTGAGGGCTGTTAGATC,8,4875048
ygfM_xdhD_predicted,2.4615384615384617,88,25,GGCCGCTAAGGGTGAGTTCA,63,4870447
ygfM_xdhD_predicted,1.1153846153846154,53,25,GGACTTGGAATACAGAGCAA,28,4873476
ygfM_xdhD_predicted,0.3076923076923077,32,25,GCTCCTCTCCCGGTGAGCCT,7,4887423
ygfM_xdhD_predicted,0.5384615384615384,38,25,GCCGCGTTTAAATCGTGACG,13,4888170
ygfM_xdhD_predicted,0.4230769230769231,35,25,GCATGATTCATCCAATGGCC,10,4871953
ygfM_xdhD_predicted,0.2692307692307692,31,25,GAGTAAGGAAGCGGTGTAAA,6,4873556
ygfM_xdhD_predicted,2.0384615384615383,77,25,GACCATTTATATGCCGAAGC,52,4893123
ygfM_xdhD_predicted,0.9230769230769231,48,25,GAATCATCGACACCGTACGT,23,4882085
ygfM_xdhD_predicted,0.8846153846153846,47,25,GAAGGAGCGCCGGTGTGATA,22,4890066
ygfM_xdhD_predicted,0.2692307692307692,31,25,CTGGCGTTGTGATCGACACC,6,4869477
ygfM_xdhD_predicted,1.1923076923076923,55,25,CGTGGCCTTCACACCAGCCT,30,4893869
ygfM_xdhD_predicted,0.23076923076923078,30,25,CGGGTAGACGGTTTACTCCT,5,4871016
ygfM_xdhD_predicted,1.0384615384615385,51,25,CGGGGCAACTTGAATCACTT,26,4867654
ygfM_xdhD_predicted,0.9615384615384616,49,25,CGAGAGGGTACAAAAATGGA,24,4888304
ygfM_xdhD_predicted,0.9230769230769231,48,25,CGAACGCCTGTTCTCCGCCC,23,4877113
ygfM_xdhD_predicted,1.0,50,25,CCTTGTCCGCGACATGCCTA,25,4887601
ygfM_xdhD_predicted,1.2307692307692308,56,25,CCGTGCCTTCCTATCAACGT,31,4864299
ygfM_xdhD_predicted,1.0,50,25,CCGTGCCGGGTGAGTGAGTG,25,4866637
ygfM_xdhD_predicted,1.6153846153846154,66,25,CCGTAATGGGTTAGTGTCCA,41,4873273
ygfM_xdhD_predicted,0.07692307692307693,26,25,CCGGGAGCATCCTTGTAGTG,1,4878312
ygfM_xdhD_predicted,0.8846153846153846,47,25,CCCACTCCGCTATAGGCTAG,22,4872149
ygfM_xdhD_predicted,2.230769230769231,82,25,CAGTCTACGGCTCGGTTCTA,57,4882396
ygfM_xdhD_predicted,0.5769230769230769,39,25,CACCACCTTCCTGGAGGGAT,14,4882088
ygfM_xdhD_predicted,0.6923076923076923,42,25,CAACGTCGTAATTCCGCGTT,17,4869442
ygfM_xdhD_predicted,1.7692307692307692,70,25,ATTGTATCGATTGCTGCGAC,45,4897242
ygfM_xdhD_predicted,0.6923076923076923,42,25,ATTCCTTGACTAGCCCGAGT,17,4864572
ygfM_xdhD_predicted,0.2692307692307692,31,25,ATCGTGCATAATAGACTCCA,6,4877328
ygfM_xdhD_predicted,1.0,50,25,ATCGCATTTCGGGGTTACAT,25,4896029
ygfM_xdhD_predicted,0.6923076923076923,42,25,ATATCCGTTCGGAGATACAC,17,4881623
ygfM_xdhD_predicted,1.6153846153846154,66,25,ATATAAATTGGGATCCAATC,41,4886325
ygfM_xdhD_predicted,0.5769230769230769,39,25,ATACCGCGATCGGGACGATT,14,4875914
ygfM_xdhD_predicted,0.2692307692307692,31,25,AGCTTGATCCCACCCGTACG,6,4864421
ygfM_xdhD_predicted,0.5384615384615384,38,25,AGCGCAGACTCTTCTGATCA,13,4878783
ygfM_xdhD_predicted,1.3846153846153846,60,25,AGCCCTTACTCCATGGCGTA,35,4889007
ygfM_xdhD_predicted,0.11538461538461539,27,25,ACGGATCGAACGCTTATTGA,2,4887173
ygfM_xdhD_predicted,0.07692307692307693,26,25,ACGCCCGAGACTCCCTCAGG,1,4886422
ygfM_xdhD_predicted,0.6538461538461539,41,25,ACATTTAGCAAAGTTGAAGT,16,4880608
ygfM_xdhD_predicted,0.3076923076923077,32,25,ACATTGAGCTAATGTCCCAG,7,4875356
ygfM_xdhD_predicted,0.07692307692307693,26,25,AAGTCTACTGTGTGAGTGAT,1,4883354
ygfM_xdhD_predicted,0.5769230769230769,39,25,AAGAGCGAGGTAAGAGTAGT,14,4868865
ygfM_xdhD_predicted,3.68,115,24,TTTGGTCAGTCCGGGTGCAG,91,4866534
ygfM_xdhD_predicted,1.04,49,24,TTTCTAAGCCCCTCCTCTAA,25,4865640
ygfM_xdhD_predicted,1.0,48,24,TTTACCAGTTCTCACCGGAT,24,4887232
ygfM_xdhD_predicted,0.8,43,24,TTGGATGCGACCTAGCGGGT,19,4866059
ygfM_xdhD_predicted,0.24,29,24,TTATGGGTTTTCGTTCTGGG,5,4887694
ygfM_xdhD_predicted,0.56,37,24,TTATGATGAAAGCCTCGCTG,13,4887327
ygfM_xdhD_predicted,0.08,25,24,TTAGGGCTGCCTTTTTCCCA,1,4872851
ygfM_xdhD_predicted,0.6,38,24,TGTGTCTATATCAACATCGG,14,4895599
ygfM_xdhD_predicted,0.08,25,24,TGGTAGCGGTTGGGAGGCAA,1,4894573
ygfM_xdhD_predicted,0.08,25,24,TGGCACCGACCTCTGTGTTT,1,4870922
ygfM_xdhD_predicted,0.84,44,24,TGGACTTGAGCTAGGCCCGA,20,4878500
ygfM_xdhD_predicted,1.52,61,24,TGCCCTTTTCAAGTGACAGA,37,4880712
ygfM_xdhD_predicted,0.8,43,24,TCCGCGTGGGTGGCGTAGGA,19,4883580
ygfM_xdhD_predicted,1.16,52,24,TCCAGGGCCGATAAAGCCGT,28,4890797
ygfM_xdhD_predicted,0.28,30,24,TAGGTACTTTTACACTGGCA,6,4868387
ygfM_xdhD_predicted,0.6,38,24,TAGATTTAGTATTCTTGTGA,14,4866488
ygfM_xdhD_predicted,0.24,29,24,TAATCTCGAGACGCAACTAA,5,4881300
ygfM_xdhD_predicted,1.12,51,24,GTTAAGCCAGGGTGACACCC,27,4898002
ygfM_xdhD_predicted,0.48,35,24,GTGATCCTTGATCCGGATGA,11,4878011
ygfM_xdhD_predicted,4.96,147,24,GTCCTTCTATGGCGCTTTTT,123,4877228
ygfM_xdhD_predicted,0.96,47,24,GTAGAGTAGAGCTACTCCAA,23,4887737
ygfM_xdhD_predicted,1.6,63,24,GGTTTGAGAGTGGTCTACCA,39,4880562
ygfM_xdhD_predicted,2.36,82,24,GGTGTTATACCACAATCACG,58,4892074
ygfM_xdhD_predicted,1.56,62,24,GGTCCGGGGTTCAGAGTAAT,38,4870106
ygfM_xdhD_predicted,0.2,28,24,GGGATGAACTTGTTCCGTCT,4,4882414
ygfM_xdhD_predicted,0.6,38,24,GGACCGGAAGGGGGGATTAG,14,4872151
ygfM_xdhD_predicted,3.36,107,24,GGACATGCTCATTCCTTAGC,83,4872327
ygfM_xdhD_predicted,0.72,41,24,GCTTTATACCAGACCTAGTC,17,4867192
ygfM_xdhD_predicted,1.28,55,24,GCGGTTGAAGTAAGATATTC,31,4869929
ygfM_xdhD_predicted,1.48,60,24,GCGCCCTCCGGTAAAGATCG,36,4882311
ygfM_xdhD_predicted,1.2,53,24,GCGAGCTTGGTTCAGTAGCG,29,4867810
ygfM_xdhD_predicted,0.08,25,24,GCGAGACCAAGGGGACTATC,1,4894183
ygfM_xdhD_predicted,0.64,39,24,GCCGGCAGATCCGACACAGG,15,4866638
ygfM_xdhD_predicted,0.6,38,24,GCCGCCTCACACGGCCTCCT,14,4884233
ygfM_xdhD_predicted,0.68,40,24,GCAGCTGTATTGATAAACAG,16,4896023
ygfM_xdhD_predicted,0.84,44,24,GATTTGCCAGACCGTGCTCT,20,4874658
ygfM_xdhD_predicted,2.0,73,24,GATGAATGCTCCTTATAACC,49,4875022
ygfM_xdhD_predicted,0.56,37,24,GATAGTGATAAGATCCATAT,13,4876566
ygfM_xdhD_predicted,0.16,27,24,GAATCAGTGGTTTTTCGGAG,3,4865847
ygfM_xdhD_predicted,0.52,36,24,CTTTCAGCCATTTGCAAGAC,12,4892048
ygfM_xdhD_predicted,0.72,41,24,CTTGAAAAAGCTTGTATCGG,17,4884656
ygfM_xdhD_predicted,1.4,58,24,CTTAGTGAACGCGGCATAAA,34,4870461
ygfM_xdhD_predicted,0.52,36,24,CTCCGTATTTGGCTAACGTC,12,4877539
ygfM_xdhD_predicted,0.92,46,24,CGTTAATTCGGTGACCGTCA,22,4898789
ygfM_xdhD_predicted,0.72,41,24,CGTGATATATAACACTCAAG,17,4878592
ygfM_xdhD_predicted,0.72,41,24,CGTAACCACTTTTCAATTTT,17,4892095
ygfM_xdhD_predicted,0.08,25,24,CGCGGCCGTGCATAAAAGCT,1,4877324
ygfM_xdhD_predicted,0.24,29,24,CGCATCAACACTCAATGGAA,5,4866153
ygfM_xdhD_predicted,0.16,27,24,CGATATGCAGGTGATTAGCT,3,4882866
ygfM_xdhD_predicted,0.6,38,24,CCGCGCTGTATAAATGGAAC,14,4882865
ygfM_xdhD_predicted,2.08,75,24,CCGAGGACCGCGTAGCCTTC,51,4874757
ygfM_xdhD_predicted,0.68,40,24,CCCTATTTTACAGGTATTCG,16,4866463
ygfM_xdhD_predicted,1.92,71,24,CCCAGGATCCGTCATGCTTG,47,4868982
ygfM_xdhD_predicted,1.12,51,24,CCAATCCCTTCTGGCGGTTC,27,4868851
ygfM_xdhD_predicted,0.12,26,24,CCAAATACGTCGATACACAT,2,4872495
ygfM_xdhD_predicted,0.56,37,24,CATTTTTCCCACTACCGCGA,13,4889487
ygfM_xdhD_predicted,1.12,51,24,CATTTTGGCCATTGGGCACC,27,4874842
ygfM_xdhD_predicted,0.52,36,24,CATACACGCTTATGGCCCCC,12,4889643
ygfM_xdhD_predicted,0.84,44,24,CAGGGGCCGGTGTGCCGCGC,20,4877656
ygfM_xdhD_predicted,0.76,42,24,CAGCTTTGAAGGAACAATAA,18,4880529
ygfM_xdhD_predicted,0.08,25,24,CACTGCGATCAAGATTACGT,1,4886064
ygfM_xdhD_predicted,0.08,25,24,CAACCCCCCACCCGGGCTTA,1,4885413
ygfM_xdhD_predicted,0.32,31,24,CAAAGAACCATGCATGCAGG,7,4880429
ygfM_xdhD_predicted,1.24,54,24,CAAACCCGAGACGGATCAAG,30,4867622
ygfM_xdhD_predicted,0.44,34,24,ATGGTTAATGCGCGCTAGAA,10,4875788
ygfM_xdhD_predicted,1.56,62,24,ATGGTGAATAATGGCCCCCG,38,4873083
ygfM_xdhD_predicted,0.92,46,24,ATGCTATAATTGTCAGCTAT,22,4893125
ygfM_xdhD_predicted,1.48,60,24,ATCACCAAGTCGAGCGGTTT,36,4869222
ygfM_xdhD_predicted,0.96,47,24,ATATGCTCTGAGACTGGAGA,23,4869119
ygfM_xdhD_predicted,1.84,69,24,AGTAACCATGTGCCATCTTA,45,4888336
ygfM_xdhD_predicted,1.04,49,24,AGGTTCATCGAAATCGAGTC,25,4869036
ygfM_xdhD_predicted,0.64,39,24,ACTGGTGTACTCCCGACGCA,15,4876903
ygfM_xdhD_predicted,1.36,57,24,ACGTACTGGTTGAGACTCCT,33,4874773
ygfM_xdhD_predicted,1.28,55,24,ACGCCTTCGTGGATCATCCC,31,4888433
ygfM_xdhD_predicted,0.08,25,24,ACCGGGTCAGGCCTGTTCTG,1,4886620
ygfM_xdhD_predicted,0.6,38,24,ACCCGATTTTTACTAAGATT,14,4865846
ygfM_xdhD_predicted,0.92,46,24,ACACAAAAACGTGGTCATCA,22,4887119
ygfM_xdhD_predicted,1.6,63,24,AATTCAGGCCGCTGTCTGAC,39,4878179
ygfM_xdhD_predicted,1.08,50,24,AATACGGTGATATACTGGAC,26,4870167
ygfM_xdhD_predicted,1.84,69,24,AAGATACAATCGCCTTACTT,45,4866527
ygfM_xdhD_predicted,0.6,38,24,AACTCGAATCCATCATGACT,14,4876376
ygfM_xdhD_predicted,1.4,58,24,AAAATTTTTTACCCAGTTTG,34,4893520
ygfM_xdhD_predicted,1.96,72,24,AAAACCAAGTATACCTTCCG,48,4864626
ygfM_xdhD_predicted,1.1666666666666667,50,23,TTTCTCGACATGTTAGTTAG,27,4864595
ygfM_xdhD_predicted,0.08333333333333333,24,23,TTGGATTCGAGAATTGGCCA,1,4896363
ygfM_xdhD_predicted,1.4166666666666667,56,23,TTATTCTGGGCTTAGTATCT,33,4873920
ygfM_xdhD_predicted,1.0416666666666667,47,23,TTAGAACCGGCACTAAGTCG,24,4889720
ygfM_xdhD_predicted,0.5,34,23,TGGAGGTTAAGCGACGCTAG,11,4888594
ygfM_xdhD_predicted,1.0833333333333333,48,23,TGCTGATCGACCCGTACCCA,25,4880217
ygfM_xdhD_predicted,0.125,25,23,TGCAACCTGTGACGCTACAT,2,4877545
ygfM_xdhD_predicted,0.9166666666666666,44,23,TGATTCAGGGGACCTCGAGA,21,4891973
ygfM_xdhD_predicted,0.08333333333333333,24,23,TGAGAAACGAATGCCCCTTT,1,4890632
ygfM_xdhD_predicted,1.2916666666666667,53,23,TGAACGGTCATATGCTTTGT,30,4879286
ygfM_xdhD_predicted,0.8333333333333334,42,23,TCTCGCGGGAGGAATCGGCT,19,4893439
ygfM_xdhD_predicted,1.1666666666666667,50,23,TCTAACGGGAAGTCACCAAA,27,4882967
ygfM_xdhD_predicted,1.0833333333333333,48,23,TCGATGTCATCAGCCAAATA,25,4873003
ygfM_xdhD_predicted,1.0,46,23,TCAATAGACTGCCTATAGGT,23,4868125
ygfM_xdhD_predicted,0.7916666666666666,41,23,TCAACCGCACGAGTCTGGCC,18,4866904
ygfM_xdhD_predicted,2.9583333333333335,93,23,TATTTCTTATGACTGCAGAT,70,4887233
ygfM_xdhD_predicted,3.1666666666666665,98,23,TACTTAACGGAAGGCAGCTA,75,4883413
ygfM_xdhD_predicted,1.1666666666666667,50,23,TACCCAATATTTCACATAGC,27,4896960
ygfM_xdhD_predicted,1.25,52,23,TACACCTGTACAAGCAATAC,29,4883382
ygfM_xdhD_predicted,0.875,43,23,GTTCATTTAGGCCCATACTT,20,4892785
ygfM_xdhD_predicted,0.5833333333333334,36,23,GTGGCCTCAATACCCCCCTG,13,4887487
ygfM_xdhD_predicted,1.375,55,23,GTACATTCTGGAGGCTATGA,32,4866743
ygfM_xdhD_predicted,0.8333333333333334,42,23,GGTGCTCACAACTATTGTGG,19,4885296
ygfM_xdhD_predicted,1.1666666666666667,50,23,GGGTTAGTAAAGGCAAAATC,27,4875800
ygfM_xdhD_predicted,0.875,43,23,GGGTGGTCCGGAAACGCAGG,20,4884379
ygfM_xdhD_predicted,0.8333333333333334,42,23,GGGTATATCCTCAACTTCTT,19,4893084
ygfM_xdhD_predicted,0.25,28,23,GGGTACCACCTCATAGCTGT,5,4864340
ygfM_xdhD_predicted,0.125,25,23,GGGGACTTTCAAACGTATCG,2,4889714
ygfM_xdhD_predicted,1.5416666666666667,59,23,GGCGTCATGCAGCATATATC,36,4880582
ygfM_xdhD_predicted,2.2083333333333335,75,23,GGCATGGCCGATAAGCCGAT,52,4871376
ygfM_xdhD_predicted,0.2916666666666667,29,23,GGATAAAAATCAAATTTGGT,6,4871701
ygfM_xdhD_predicted,0.7916666666666666,41,23,GGACATGGTTCCGAGAAGTT,18,4884881
ygfM_xdhD_predicted,0.5833333333333334,36,23,GCATGCGTGATGACCCGTGC,13,4882625
ygfM_xdhD_predicted,1.2083333333333333,51,23,GACTACTCGTAAGGAACTAT,28,4891719
ygfM_xdhD_predicted,0.7916666666666666,41,23,GAACATTGCGAACGTGAGGT,18,4866769
ygfM_xdhD_predicted,0.9166666666666666,44,23,GAAAAGGTCCGAATGGCAAG,21,4887939
ygfM_xdhD_predicted,0.9583333333333334,45,23,CTTGCTAGCAGGACCTCCGA,22,4896695
ygfM_xdhD_predicted,0.16666666666666666,26,23,CTAGATAGACGCCCTACAGT,3,4875764
ygfM_xdhD_predicted,1.25,52,23,CGTGCGGATTGGGGGCGTGA,29,4865199
ygfM_xdhD_predicted,1.6666666666666667,62,23,CGGAGGGCTAATGCGATTTG,39,4865013
ygfM_xdhD_predicted,0.7916666666666666,41,23,CGCGTGTAAATATAGGTCCT,18,4877538
ygfM_xdhD_predicted,0.6666666666666666,38,23,CGCATGGTCAGGGTTGGGTA,15,4895254
ygfM_xdhD_predicted,0.08333333333333333,24,23,CGACCAGAGTTCGATTCAAG,1,4891023
ygfM_xdhD_predicted,0.5416666666666666,35,23,CCTACCAAAGATCGGTTTTT,12,4877032
ygfM_xdhD_predicted,2.5,82,23,CCGGGCTGCGTGTCATCGAA,59,4883695
ygfM_xdhD_predicted,0.7916666666666666,41,23,CCCAATCCTTGATAGTCCAT,18,4881370
ygfM_xdhD_predicted,0.4583333333333333,33,23,CCAGAGCCGACGTGGGTGTT,10,4867676
ygfM_xdhD_predicted,0.4583333333333333,33,23,CCAAACCGTCAGGGATAGAC,10,4872241
ygfM_xdhD_predicted,1.0416666666666667,47,23,CATGGCCAATTCACACTGCA,24,4870021
ygfM_xdhD_predicted,0.4166666666666667,32,23,CATGGAGAGGTTCCTCACCA,9,4890682
ygfM_xdhD_predicted,0.08333333333333333,24,23,CACCCGTTCCATTATCCCTG,1,4876124
ygfM_xdhD_predicted,0.5,34,23,CACATGGTTCATACGAGGAT,11,4897370
ygfM_xdhD_predicted,2.25,76,23,CAACTGTGCGTCCCTTCGCT,53,4879914
ygfM_xdhD_predicted,0.3333333333333333,30,23,CAAAAGTCATCAGTTTCTAG,7,4868247
ygfM_xdhD_predicted,1.1666666666666667,50,23,ATTGGATTCCTTGGCACCCT,27,4898516
ygfM_xdhD_predicted,1.0833333333333333,48,23,ATGCTCACTTTACTGCCCAA,25,4886361
ygfM_xdhD_predicted,0.08333333333333333,24,23,ATCGGGACCCCCACCAGTAG,1,4866959
ygfM_xdhD_predicted,0.3333333333333333,30,23,ATCAACATCCGGGATAGATT,7,4890671
ygfM_xdhD_predicted,0.08333333333333333,24,23,AGTGCCGGGTACAGCGTTGG,1,4888274
ygfM_xdhD_predicted,1.0,46,23,AGATAAGCAGAGCACGAGCA,23,4877309
ygfM_xdhD_predicted,1.0833333333333333,48,23,AGAATTGTTGAGGGGGCGGT,25,4897038
ygfM_xdhD_predicted,1.2916666666666667,53,23,AGAATTCGGGTGTGGAATAG,30,4882464
ygfM_xdhD_predicted,0.25,28,23,AGAATCACGCTTTTAGGGCA,5,4873994
ygfM_xdhD_predicted,0.08333333333333333,24,23,AGAAATAATCTCATCCTGTG,1,4870107
ygfM_xdhD_predicted,1.125,49,23,ACTTGTCGGGACCTCCCTAT,26,4881492
ygfM_xdhD_predicted,0.16666666666666666,26,23,ACTATCAACCGGTTATCTTT,3,4884084
ygfM_xdhD_predicted,1.1666666666666667,50,23,ACAGTGACCACGTAGAACGG,27,4892300
ygfM_xdhD_predicted,0.75,40,23,ACAAGAAAGGTGCAGCCAGA,17,4869173
ygfM_xdhD_predicted,0.5416666666666666,35,23,AATAGGCTAAATGGGGTTAA,12,4885515
ygfM_xdhD_predicted,0.8333333333333334,42,23,AACCTGCTCGTAATCTATGT,19,4870727
ygfM_xdhD_predicted,0.30434782608695654,28,22,TTTGAGACACCGGCGGCTGT,6,4864099
ygfM_xdhD_predicted,0.8695652173913043,41,22,TTTCGGTGGCAAATGTGTTT,19,4892640
ygfM_xdhD_predicted,0.08695652173913043,23,22,TTTCATGTTAACGATCCATT,1,4885665
ygfM_xdhD_predicted,1.5217391304347827,56,22,TTTAATTATTCTCAGAACAA,34,4880843
ygfM_xdhD_predicted,0.34782608695652173,29,22,TTCTTGTTGTTCATCGGACC,7,4878013
ygfM_xdhD_predicted,0.7391304347826086,38,22,TTCACCCCGAAAGATCATTA,16,4865194
ygfM_xdhD_predicted,1.1304347826086956,47,22,TTATCTTATTGCGTAAACGT,25,4893202
ygfM_xdhD_predicted,0.08695652173913043,23,22,TGGGAGGTTTGACTCCACGG,1,4891158
ygfM_xdhD_predicted,1.6521739130434783,59,22,TGGGACAGGCCTACCGCCAT,37,4890123
ygfM_xdhD_predicted,0.43478260869565216,31,22,TGGAACGTTCACATTATAAG,9,4870852
ygfM_xdhD_predicted,0.5217391304347826,33,22,TGAGTACGAATTCAAGCTCC,11,4875963
ygfM_xdhD_predicted,0.21739130434782608,26,22,TGAAGCACGCTGTGCAATTC,4,4870587
ygfM_xdhD_predicted,0.6521739130434783,36,22,TCTTGGGCGTCTTATTAGAT,14,4893129
ygfM_xdhD_predicted,0.08695652173913043,23,22,TCTACATGCAAGTATCTGTA,1,4863808
ygfM_xdhD_predicted,1.391304347826087,53,22,TAAGTTGTAGGCAACATAAG,31,4888278
ygfM_xdhD_predicted,0.7391304347826086,38,22,TAACGCCGAATACAGACCTC,16,4873155
ygfM_xdhD_predicted,0.43478260869565216,31,22,GTGTGTCGGTTAATTGAGCA,9,4871802
ygfM_xdhD_predicted,0.782608695652174,39,22,GTGTGAGCGCACCCGGGTTT,17,4881005
ygfM_xdhD_predicted,0.2608695652173913,27,22,GTCTCTTATCACCGTTCCCT,5,4886514
ygfM_xdhD_predicted,2.260869565217391,73,22,GTCGGCTTGTAGGAATGAAG,51,4867322
ygfM_xdhD_predicted,0.13043478260869565,24,22,GTCGAAACACTCTAAGCCTA,2,4883365
ygfM_xdhD_predicted,1.0869565217391304,46,22,GGTTCATCTCCTCCTTCAAA,24,4868160
ygfM_xdhD_predicted,0.782608695652174,39,22,GGGCCATTTTGTAGGCCGAC,17,4871017
ygfM_xdhD_predicted,1.0869565217391304,46,22,GGCTTCATAGAAAACCAGTA,24,4897141
ygfM_xdhD_predicted,0.34782608695652173,29,22,GGCGCCCACAGGGACAAATA,7,4873810
ygfM_xdhD_predicted,1.2608695652173914,50,22,GGAAATTCAAGGACCGCCAA,28,4868274
ygfM_xdhD_predicted,0.9565217391304348,43,22,GCTCTCGCCTATACCTGCAG,21,4875703
ygfM_xdhD_predicted,0.391304347826087,30,22,GCCATTCCGCGGCAACATGT,8,4866443
ygfM_xdhD_predicted,0.8260869565217391,40,22,GCATAGTCCTATGACTGCTG,18,4874328
ygfM_xdhD_predicted,0.08695652173913043,23,22,GATAGCATGCCCAATCCCGT,1,4874235
ygfM_xdhD_predicted,0.21739130434782608,26,22,GACGAGACTTGCGGGGCAGC,4,4894341
ygfM_xdhD_predicted,2.0434782608695654,68,22,GAATGCTTAATGTAAGACTT,46,4869195
ygfM_xdhD_predicted,0.17391304347826086,25,22,CTACGTCCACGTCACCCAGC,3,4882017
ygfM_xdhD_predicted,1.6956521739130435,60,22,CGTCCGTGTACGCTCATAAG,38,4887879
ygfM_xdhD_predicted,1.9565217391304348,66,22,CGTCCCCAATGAATACTCTC,44,4879319
ygfM_xdhD_predicted,2.130434782608696,70,22,CGGTATCAAGTTCAAGGGGA,48,4887153
ygfM_xdhD_predicted,2.0869565217391304,69,22,CGGAGCCTCTCTCCGTCATG,47,4871593
ygfM_xdhD_predicted,1.9565217391304348,66,22,CGCACGTAAGGTTGGCCCAC,44,4893111
ygfM_xdhD_predicted,0.08695652173913043,23,22,CGATCATGCATCAAGTGAAC,1,4871015
ygfM_xdhD_predicted,0.782608695652174,39,22,CCTTCAGAGCTGACGAGACT,17,4897979
ygfM_xdhD_predicted,1.1304347826086956,47,22,CCGGTGTAAGACTGGAAGAA,25,4872587
ygfM_xdhD_predicted,1.0,44,22,CATAATAGCCCGCGCTACGG,22,4889835
ygfM_xdhD_predicted,0.9130434782608695,42,22,CAGTGCTGCACTTCCCATGG,20,4866799
ygfM_xdhD_predicted,0.13043478260869565,24,22,CAGGAACTAGCCTTAAATCT,2,4892799
ygfM_xdhD_predicted,0.9130434782608695,42,22,CACTTTCCTGTACCATGTAT,20,4881424
ygfM_xdhD_predicted,0.43478260869565216,31,22,CAACTATACAAGATCGATTC,9,4898687
ygfM_xdhD_predicted,0.6956521739130435,37,22,ATTGGCTCGTTATGCTTCTA,15,4885890
ygfM_xdhD_predicted,0.782608695652174,39,22,ATTATTTGGCGTAAAAATAG,17,4867744
ygfM_xdhD_predicted,1.0,44,22,ATGTTCGATCGTCTCGGACA,22,4892709
ygfM_xdhD_predicted,0.08695652173913043,23,22,ATGCGCTGTCAGATTATACA,1,4877725
ygfM_xdhD_predicted,0.13043478260869565,24,22,ATGCCTAGGAACGTTTCGCT,2,4888334
ygfM_xdhD_predicted,2.391304347826087,76,22,ATCCCGTATAAGACGTTGGG,54,4894423
ygfM_xdhD_predicted,0.08695652173913043,23,22,ATCAATCGCGTTAGTTGAGC,1,4866869
ygfM_xdhD_predicted,5.608695652173913,150,22,ATCAATACTTATTCGTCAGA,128,4870809
ygfM_xdhD_predicted,0.08695652173913043,23,22,ATAAACTTGTCCGTAGGCCG,1,4870149
ygfM_xdhD_predicted,0.391304347826087,30,22,AGTCACCCGAACAAGTAAAC,8,4873249
ygfM_xdhD_predicted,3.347826086956522,98,22,AGGCGGCACTTAGGTCGATG,76,4864361
ygfM_xdhD_predicted,1.0434782608695652,45,22,ACGCGTGGTATCATGGGGTG,23,4888821
ygfM_xdhD_predicted,0.6086956521739131,35,22,ACCGGACCACCGCTTAGATT,13,4872562
ygfM_xdhD_predicted,2.0869565217391304,69,22,ACACACATTGGATCGTTTAC,47,4894751
ygfM_xdhD_predicted,0.6086956521739131,35,22,AATCTTGTCACGTTAGCCCG,13,4893768
ygfM_xdhD_predicted,0.9565217391304348,43,22,AAGGGGCAACTCGTTAGGCT,21,4877059
ygfM_xdhD_predicted,1.2608695652173914,50,22,AACTCCTATGTGTTCACAGG,28,4887069
ygfM_xdhD_predicted,0.5652173913043478,34,22,AAATCAAATTCTATTCGTTA,12,4866053
ygfM_xdhD_predicted,0.5217391304347826,33,22,AAATAAGCTTCAAAAACTTG,11,4888530
ygfM_xdhD_predicted,0.45454545454545453,30,21,TTTGAACCGTACTCGCTTTA,9,4897182
ygfM_xdhD_predicted,1.1363636363636365,45,21,TTGTACGTCAGAGTTTCCGG,24,4886783
ygfM_xdhD_predicted,0.8181818181818182,38,21,TTCTCGTACTAAAGGAACGA,17,4875770
ygfM_xdhD_predicted,1.4090909090909092,51,21,TTCGTGGATCGATGGTTAAT,30,4871018
ygfM_xdhD_predicted,0.8636363636363636,39,21,TTCCCTCGCGGCTTTCGATT,18,4865919
ygfM_xdhD_predicted,1.0,42,21,TGTAGTTTCCCGTTGGAATG,21,4898468
ygfM_xdhD_predicted,0.3181818181818182,27,21,TGGCTGTCGCCAGAGTGTAC,6,4883944
ygfM_xdhD_predicted,0.3181818181818182,27,21,TGCGATAGAACAACACGTCT,6,4882284
ygfM_xdhD_predicted,1.5454545454545454,54,21,TGCCCGTTGCTATGGAACGT,33,4878044
ygfM_xdhD_predicted,0.6363636363636364,34,21,TGAGCCCATACTTAGTGGTA,13,4875249
ygfM_xdhD_predicted,0.13636363636363635,23,21,TGACCTCACCTCAAACCGTC,2,4898599
ygfM_xdhD_predicted,0.22727272727272727,25,21,TCTGGAAACGGTGGGAATGG,4,4892275
ygfM_xdhD_predicted,0.09090909090909091,22,21,TCCGGCAGTACCATCCATTG,1,4873829
ygfM_xdhD_predicted,1.0,42,21,TCCAAACGAGTCAGCTAATC,21,4898093
ygfM_xdhD_predicted,0.36363636363636365,28,21,TATTAATTTTCGTCGGAGAG,7,4887249
ygfM_xdhD_predicted,0.36363636363636365,28,21,TAATCTCCTCCGACCGCCGC,7,4880391
ygfM_xdhD_predicted,2.8636363636363638,83,21,GTCGGACTTAACTGTCTGTT,62,4867695
ygfM_xdhD_predicted,1.0,42,21,GTCCTTATCTACCCAGTTTC,21,4889616
ygfM_xdhD_predicted,0.3181818181818182,27,21,GTCATAATGCGCACCTATTT,6,4868613
ygfM_xdhD_predicted,1.5909090909090908,55,21,GTAACTGTGCCGCTCTTCTA,34,4884880
ygfM_xdhD_predicted,0.09090909090909091,22,21,GGTGTGATGCCGAATCTTCG,1,4874289
ygfM_xdhD_predicted,0.5,31,21,GGTCAATGCTCACGTCGCAT,10,4883417
ygfM_xdhD_predicted,0.2727272727272727,26,21,GGTAGCCGGTAGCCCTAGCA,5,4869860
ygfM_xdhD_predicted,1.2727272727272727,48,21,GGGCTGAAAGTTGTGAACAT,27,4864148
ygfM_xdhD_predicted,0.22727272727272727,25,21,GGCTGCGTGTTCACTTAACA,4,4876001
ygfM_xdhD_predicted,1.0,42,21,GGCATAGGACCCACCAACCT,21,4869601
ygfM_xdhD_predicted,0.13636363636363635,23,21,GGACTGCTGCCATGCAGTGC,2,4894648
ygfM_xdhD_predicted,2.5,75,21,GCTTTGTGTGCCGCTCTCCG,54,4891432
ygfM_xdhD_predicted,1.3181818181818181,49,21,GCTTCGGGTTACGGAAGTCT,28,4885175
ygfM_xdhD_predicted,0.7727272727272727,37,21,GCTTACACGGGGGGTTCAGT,16,4878782
ygfM_xdhD_predicted,0.5,31,21,GCTGGCGGATCAAGGTGGCT,10,4894944
ygfM_xdhD_predicted,0.09090909090909091,22,21,GCGGGACGAGTCCTTGAAAC,1,4868121
ygfM_xdhD_predicted,0.09090909090909091,22,21,GCGCATGGTACCTTCAAGCG,1,4889064
ygfM_xdhD_predicted,2.909090909090909,84,21,GAGGCGAGGCGTTTATAGCA,63,4873449
ygfM_xdhD_predicted,0.13636363636363635,23,21,GAGCGTGAGATATCTCTAGT,2,4889412
ygfM_xdhD_predicted,1.0,42,21,GAGCATTCCTCTGCTCGCGT,21,4868668
ygfM_xdhD_predicted,0.09090909090909091,22,21,GAATACTCGGCCGAAACATG,1,4898086
ygfM_xdhD_predicted,1.2272727272727273,47,21,GAAATTGTCCTAAGCGGTCA,26,4869827
ygfM_xdhD_predicted,1.0909090909090908,44,21,CTTAGAGCTTTTGTCGTCCG,23,4871105
ygfM_xdhD_predicted,0.4090909090909091,29,21,CTCGGGGCGCCTGTCAAACT,8,4898744
ygfM_xdhD_predicted,0.6363636363636364,34,21,CTCCCTGTCAAGACTGAGCT,13,4872278
ygfM_xdhD_predicted,0.9545454545454546,41,21,CTCAAGGGTTTGGATAATAA,20,4884994
ygfM_xdhD_predicted,1.5454545454545454,54,21,CTAGCCTTAAGCGCGTACGA,33,4889408
ygfM_xdhD_predicted,2.0454545454545454,65,21,CTACTTCCCGGCACAGTACG,44,4867570
ygfM_xdhD_predicted,1.0,42,21,CGGCGCAAGTGCGCATCATT,21,4895169
ygfM_xdhD_predicted,0.5909090909090909,33,21,CGCATCCCAATCCCGTAACT,12,4893662
ygfM_xdhD_predicted,0.2727272727272727,26,21,CCTATAGTCTGAAGAACTAA,5,4880623
ygfM_xdhD_predicted,1.8181818181818181,60,21,CCTAAACAGGCTCAGCGTCT,39,4884356
ygfM_xdhD_predicted,1.2727272727272727,48,21,CCCATTTTGCTAGCCAAGTG,27,4893294
ygfM_xdhD_predicted,0.09090909090909091,22,21,CCAGGTTTGGTACAGGTCTT,1,4875872
ygfM_xdhD_predicted,0.5454545454545454,32,21,CCAAACTTGTCCGGCTGTCC,11,4863981
ygfM_xdhD_predicted,0.09090909090909091,22,21,CAGTGCCGGTTCACCTAATA,1,4870350
ygfM_xdhD_predicted,0.6818181818181818,35,21,CAGATATCGTGAACACACCC,14,4878511
ygfM_xdhD_predicted,1.2272727272727273,47,21,CACCCTGGCGGACGGGTCAG,26,4877229
ygfM_xdhD_predicted,0.6818181818181818,35,21,CAAAAGAGTTCATTGTGCCC,14,4879359
ygfM_xdhD_predicted,0.9090909090909091,40,21,ATTTCGAGCCCGGAGAGAGG,19,4865424
ygfM_xdhD_predicted,1.1363636363636365,45,21,ATTCCCTTCCAATGGGATTG,24,4869339
ygfM_xdhD_predicted,0.09090909090909091,22,21,ATAGTGAAGAGTTTTGAATG,1,4882399
ygfM_xdhD_predicted,1.8181818181818181,60,21,AGTCACTCGGCATTAACGAG,39,4888353
ygfM_xdhD_predicted,0.5454545454545454,32,21,AGGGACAACAATGCAGATGT,11,4889669
ygfM_xdhD_predicted,2.8636363636363638,83,21,AGGACCATTTCTGGTCCCAA,62,4876029
ygfM_xdhD_predicted,0.7272727272727273,36,21,AGCTTGCGACCCGGGGTAGC,15,4887070
ygfM_xdhD_predicted,1.5454545454545454,54,21,AGCGCGGGGCTTGCTGCGCA,33,4893705
ygfM_xdhD_predicted,2.1818181818181817,68,21,AGCCGTATTTGCAATACTTC,47,4885311
ygfM_xdhD_predicted,1.0909090909090908,44,21,AGCCAGCTCATCGCTCATGA,23,4897561
ygfM_xdhD_predicted,0.7272727272727273,36,21,ACTTAGCAGGTGGATATGCT,15,4879611
ygfM_xdhD_predicted,1.0,42,21,ACTGGCTTGTTTCGTGGCAA,21,4866523
ygfM_xdhD_predicted,0.7272727272727273,36,21,ACTCCTTAGAGGCAATCTTG,15,4876045
ygfM_xdhD_predicted,3.8181818181818183,104,21,ACTATTAATGTAGTCGCCCT,83,4864476
ygfM_xdhD_predicted,1.2272727272727273,47,21,ACGTAAGACTACGATCCGTA,26,4877975
ygfM_xdhD_predicted,0.3181818181818182,27,21,ACGCGTGTACTTTGCAGCTG,6,4870596
ygfM_xdhD_predicted,0.5,31,21,ACCTTACAACCCTAGTCCTT,10,4879404
ygfM_xdhD_predicted,0.6363636363636364,34,21,ACCTCAGGCGACCGGCGAGT,13,4887618
ygfM_xdhD_predicted,0.45454545454545453,30,21,ACCTATAGCTTTTTTAGTGT,9,4886986
ygfM_xdhD_predicted,0.2727272727272727,26,21,ACCGCGTCAGGGTGGAGTTA,5,4877197
ygfM_xdhD_predicted,0.8181818181818182,38,21,ACAAGATCTGGGTCCTCGTT,17,4874429
ygfM_xdhD_predicted,1.0,42,21,AACCCTGGAGCACCTGAACC,21,4865951
ygfM_xdhD_predicted,0.13636363636363635,23,21,AACCCCGCATTACTTTCCTT,2,4868406
ygfM_xdhD_predicted,1.5,53,21,AAAGAGGGCACCAAAGACAT,32,4899514
ygfM_xdhD_predicted,0.45454545454545453,30,21,AAACTTGAGCTGCCCACAGG,9,4886259
ygfM_xdhD_predicted,1.4090909090909092,51,21,AAAACCTAAGAAGGGATCCA,30,4899157
ygfM_xdhD_predicted,0.9523809523809523,39,20,TTTGCCACGTTATTACTATG,19,4879514
ygfM_xdhD_predicted,0.8571428571428571,37,20,TTGAATAAGTCACCACTTCG,17,4880692
ygfM_xdhD_predicted,0.09523809523809523,21,20,TTGAAATCGAGATGTCGCTG,1,4876108
ygfM_xdhD_predicted,0.38095238095238093,27,20,TTCTTGTCAAAAAGGCTCAT,7,4882344
ygfM_xdhD_predicted,1.0476190476190477,41,20,TTCCGTAGTCTCGTTCGATA,21,4875959
ygfM_xdhD_predicted,0.8095238095238095,36,20,TTCCCTTAAGGCAGCGCTAT,16,4895507
ygfM_xdhD_predicted,2.1904761904761907,65,20,TTAATACAGTCTGACCTCAC,45,4874041
ygfM_xdhD_predicted,0.5714285714285714,31,20,TGGTTCTCACAGCGCTAGTT,11,4871747
ygfM_xdhD_predicted,2.6666666666666665,75,20,TGGGAAGGCCGGCAGCATCT,55,4869200
ygfM_xdhD_predicted,0.47619047619047616,29,20,TGACGTCCTGGGTCACTGCC,9,4870164
ygfM_xdhD_predicted,1.3333333333333333,47,20,TCTCCCAGGATGCGAGTTGG,27,4864475
ygfM_xdhD_predicted,0.8095238095238095,36,20,TCGTCGGTGACCCAATATAG,16,4864428
ygfM_xdhD_predicted,2.238095238095238,66,20,TCGGGACTTTTGTCCCTCCT,46,4885007
ygfM_xdhD_predicted,0.09523809523809523,21,20,TCCTACTGGCCGGCGCACAT,1,4893650
ygfM_xdhD_predicted,2.3333333333333335,68,20,TCCGTGCTAATTTTGCTGAC,48,4879144
ygfM_xdhD_predicted,1.8095238095238095,57,20,TCCGGGCGTAGAGTGTGATT,37,4865271
ygfM_xdhD_predicted,0.6666666666666666,33,20,TCAGGACAATAGCTTAGACA,13,4880671
ygfM_xdhD_predicted,1.0,40,20,TATGCGCGTCTCACATGACT,20,4886027
ygfM_xdhD_predicted,0.2857142857142857,25,20,TAAGCGACTCGGTTGTGGGA,5,4868010
ygfM_xdhD_predicted,1.0476190476190477,41,20,TAAAGATGAACGCTACAAAG,21,4882856
ygfM_xdhD_predicted,0.9047619047619048,38,20,GTTCCATCTTCTCGGCAGAT,18,4890707
ygfM_xdhD_predicted,0.9047619047619048,38,20,GTGGGCCTCAATCCCCTGTG,18,4890347
ygfM_xdhD_predicted,1.380952380952381,48,20,GTGGAAAGACAAGGGCTTAT,28,4882550
ygfM_xdhD_predicted,0.6190476190476191,32,20,GTGCTGAAAAGCGTTGATGT,12,4873169
ygfM_xdhD_predicted,2.0,61,20,GTAATGCTAATTAAAATCGT,41,4884904
ygfM_xdhD_predicted,0.7142857142857143,34,20,GGTTGACATGGCGGATTTAT,14,4868532
ygfM_xdhD_predicted,1.380952380952381,48,20,GGTGATGGATTCAACAATGG,28,4865243
ygfM_xdhD_predicted,0.9523809523809523,39,20,GGGCTGACCGGGATGTGCGA,19,4867800
ygfM_xdhD_predicted,1.4285714285714286,49,20,GGCCGTTTTACCCCGACTCC,29,4887794
ygfM_xdhD_predicted,2.6666666666666665,75,20,GCTCACTTCAGACGCCCTCG,55,4876568
ygfM_xdhD_predicted,0.5238095238095238,30,20,GCCCAGAGGAAGTTAAGGCA,10,4870920
ygfM_xdhD_predicted,1.0476190476190477,41,20,GATTGGACAGAGGATCTCGC,21,4874643
ygfM_xdhD_predicted,1.0476190476190477,41,20,GATGATACAGCACAGACGCT,21,4892135
ygfM_xdhD_predicted,0.5238095238095238,30,20,GATGAGGGCGATAGTGATCG,10,4865998
ygfM_xdhD_predicted,0.47619047619047616,29,20,GAGTCAGGCTGCCCTGAGTC,9,4866116
ygfM_xdhD_predicted,0.3333333333333333,26,20,GAGGGCTTGTTGTACGTCTA,6,4885470
ygfM_xdhD_predicted,1.3333333333333333,47,20,GAAGAATTTGCTCTCCGCTT,27,4869672
ygfM_xdhD_predicted,2.6666666666666665,75,20,CTGCTCTGTTTCCAACCGTT,55,4873715
ygfM_xdhD_predicted,0.7619047619047619,35,20,CTAGAAGGAATAACGGTACT,15,4892306
ygfM_xdhD_predicted,0.09523809523809523,21,20,CTACGGAAGTGTCTGTAGTC,1,4873172
ygfM_xdhD_predicted,0.09523809523809523,21,20,CTAACACGATCGTTTTCGCG,1,4869570
ygfM_xdhD_predicted,0.09523809523809523,21,20,CGTTGTATTGTATATGTCCA,1,4868534
ygfM_xdhD_predicted,0.8095238095238095,36,20,CGGCAGTAGCGACGCGCTCA,16,4880364
ygfM_xdhD_predicted,0.8095238095238095,36,20,CGGATCATGGTACCCGCATG,16,4876884
ygfM_xdhD_predicted,0.09523809523809523,21,20,CGGAGCCCCACTTAAGAGAA,1,4887244
ygfM_xdhD_predicted,0.42857142857142855,28,20,CGCGCCCACTGCACGCAGAA,8,4886703
ygfM_xdhD_predicted,1.0952380952380953,42,20,CGCCGTATAAGATTCGCAGG,22,4888470
ygfM_xdhD_predicted,0.09523809523809523,21,20,CGCATCTAGCATCTTTTCAC,1,4878988
ygfM_xdhD_predicted,0.09523809523809523,21,20,CGCAAGAAACGGGTAATGGA,1,4878674
ygfM_xdhD_predicted,1.0952380952380953,42,20,CGATATTCGTCTGACGGCAG,22,4881271
ygfM_xdhD_predicted,0.09523809523809523,21,20,CGATAGTATGTATTCACACA,1,4884433
ygfM_xdhD_predicted,0.09523809523809523,21,20,CGAAGTAACGTTCTTACGTC,1,4888469
ygfM_xdhD_predicted,1.6666666666666667,54,20,CCTGGCCCCAAGGCTTAGGA,34,4887864
ygfM_xdhD_predicted,1.0,40,20,CCTAGGCAAAGGATGGTCCT,20,4875705
ygfM_xdhD_predicted,1.0952380952380953,42,20,CCCGCCCTGTTCACCGCAAC,22,4865381
ygfM_xdhD_predicted,2.380952380952381,69,20,CCCCATGTGCACGCCATGTT,49,4891838
ygfM_xdhD_predicted,1.1428571428571428,43,20,CATATACCGGGAACGGCTTT,23,4881658
ygfM_xdhD_predicted,0.6666666666666666,33,20,CAGGCCTCAATAGCCATATG,13,4898362
ygfM_xdhD_predicted,0.09523809523809523,21,20,CACGCGGAGCACCTGTCCTA,1,4892815
ygfM_xdhD_predicted,1.380952380952381,48,20,CAATTCGACTGTGGGAAGGA,28,4872535
ygfM_xdhD_predicted,3.0,82,20,ATTAAGTCAGAATCTAGCAA,62,4890946
ygfM_xdhD_predicted,0.8571428571428571,37,20,ATGACAGACGTCGTCCTCTG,17,4893056
ygfM_xdhD_predicted,0.5238095238095238,30,20,ATCTGGTAATGGGTAGCGAG,10,4895514
ygfM_xdhD_predicted,0.14285714285714285,22,20,ATCGGAAAACTCAAAAGTAA,2,4891041
ygfM_xdhD_predicted,0.9523809523809523,39,20,AGGTGAAATGATTCACGCGA,19,4884960
ygfM_xdhD_predicted,0.09523809523809523,21,20,AGGAAAGGCCACTGCATTTT,1,4874583
ygfM_xdhD_predicted,2.7142857142857144,76,20,AGCCCATTGAGGAGCTGAGA,56,4887940
ygfM_xdhD_predicted,1.6666666666666667,54,20,AGCCATCTAGGTTCCCCAAG,34,4893480
ygfM_xdhD_predicted,0.19047619047619047,23,20,AGACAACGGGATGAGTATCG,3,4896393
ygfM_xdhD_predicted,1.0,40,20,ACGGCTCGAGCCAATCACGG,20,4864333
ygfM_xdhD_predicted,1.0952380952380953,42,20,ACGAGTAAGGGATCGGAGAT,22,4887303
ygfM_xdhD_predicted,0.38095238095238093,27,20,ACAGGACGGGCTTGAACCTT,7,4892100
ygfM_xdhD_predicted,0.09523809523809523,21,20,ACAAGCACCCCTGGTTGGCT,1,4895767
ygfM_xdhD_predicted,0.7619047619047619,35,20,AATGGCAGGTTGCTTTATTA,15,4875030
ygfM_xdhD_predicted,1.7142857142857142,55,20,AAGTGTTCGCACCTACTACA,35,4885210
ygfM_xdhD_predicted,1.619047619047619,53,20,AAGAGCGTCTTCCACTGGCG,33,4890398
ygfM_xdhD_predicted,1.0476190476190477,41,20,AACGCCAAGGGTACTGTTAT,21,4883358
ygfM_xdhD_predicted,0.1,20,19,TTTTGCTCATCCTGGAGAGT,1,4897199
ygfM_xdhD_predicted,1.2,42,19,TTTTAAGTAATTAGTGTCAC,23,4884662
ygfM_xdhD_predicted,2.95,77,19,TTTCCAGCGTGTGGAGCTCT,58,4864474
ygfM_xdhD_predicted,0.8,34,19,TTCTCTGAAACGTTACAAAG,15,4872209
ygfM_xdhD_predicted,0.45,27,19,TTCCCCAAGAGAGAATAAGA,8,4893181
ygfM_xdhD_predicted,0.8,34,19,TTAGGCAACGCTAAAGTACT,15,4882621
ygfM_xdhD_predicted,0.55,29,19,TTACTAAGGAGGAAAATAAT,10,4899546
ygfM_xdhD_predicted,0.9,36,19,TTAACTCACTGAAATCAGGA,17,4898748
ygfM_xdhD_predicted,3.45,87,19,TGGTGGGTGACCTCCTAAAC,68,4898269
ygfM_xdhD_predicted,1.2,42,19,TGCTGCTCTAGCGGGAAGAA,23,4875399
ygfM_xdhD_predicted,1.4,46,19,TGCCACCGTAAACCTCAGAA,27,4889604
ygfM_xdhD_predicted,0.1,20,19,TGATGCCGAAGGAAAGGGCG,1,4891321
ygfM_xdhD_predicted,0.3,24,19,TGAGTGCCGGACTAAGGAGG,5,4863969
ygfM_xdhD_predicted,0.2,22,19,TGACCGAACTCCTCTGACAT,3,4875282
ygfM_xdhD_predicted,1.0,38,19,TGACACGAATAATATAATAC,19,4877081
ygfM_xdhD_predicted,1.4,46,19,TCTTGTTTGCTCCTTCGCAT,27,4871649
ygfM_xdhD_predicted,0.95,37,19,TCGTGCTACAACCTCGGGAG,18,4884630
ygfM_xdhD_predicted,0.9,36,19,TCGTCGTACAGTCAGATTGT,17,4882190
ygfM_xdhD_predicted,3.1,80,19,TCGCACGATGTCGGAACATA,61,4884343
ygfM_xdhD_predicted,1.2,42,19,TCCAAAAGTGAGACGATAGG,23,4867700
ygfM_xdhD_predicted,1.6,50,19,TCAGGATAATAAAGCTCTTA,31,4881160
ygfM_xdhD_predicted,2.75,73,19,TAGTCAATCCGATCAGGCCA,54,4869540
ygfM_xdhD_predicted,0.65,31,19,TAGATACGGCGAATCGTCAT,12,4877971
ygfM_xdhD_predicted,0.15,21,19,TAAGCTTGACGTTCAAAATA,2,4885864
ygfM_xdhD_predicted,0.75,33,19,GTTTTAAGGATGAACGAGGA,14,4892461
ygfM_xdhD_predicted,1.3,44,19,GTCTTGTCTGGCGAGAAGTA,25,4882949
ygfM_xdhD_predicted,0.1,20,19,GTCATTCCGTAGGGGTATGT,1,4865241
ygfM_xdhD_predicted,0.5,28,19,GTAAGTTTACACGTTGTTCC,9,4892136
ygfM_xdhD_predicted,3.65,91,19,GTAAACAGGCGGAAGTACCA,72,4897706
ygfM_xdhD_predicted,1.45,47,19,GGTTTGACGTATGGCCACTA,28,4893208
ygfM_xdhD_predicted,0.5,28,19,GGTGCAGGCCTTTGCTTGAA,9,4892536
ygfM_xdhD_predicted,2.5,68,19,GGTCTAACAGAGATAGTAAA,49,4888078
ygfM_xdhD_predicted,0.25,23,19,GGGGACCAAGCACGAGATTT,4,4875626
ygfM_xdhD_predicted,0.45,27,19,GGATCCGATTATGATCATTT,8,4891888
ygfM_xdhD_predicted,1.2,42,19,GCTCTTTTGTGACCGCCGTT,23,4898081
ygfM_xdhD_predicted,0.15,21,19,GCTCTATCGTTTAGCGGTAA,2,4867280
ygfM_xdhD_predicted,2.15,61,19,GCCTCATACTTTGAGGGCTG,42,4865511
ygfM_xdhD_predicted,1.2,42,19,GCCCGGACTTGCGATCTTTT,23,4886312
ygfM_xdhD_predicted,0.1,20,19,GCCATTGAGCCCCAGAATGA,1,4882013
ygfM_xdhD_predicted,0.1,20,19,GATGTTAGAGCCAGTGCTTC,1,4891005
ygfM_xdhD_predicted,1.75,53,19,GATGGAGACTAAGCCCCGCA,34,4887614
ygfM_xdhD_predicted,0.1,20,19,GATCACCAGCAGTCGTTAAT,1,4877983
ygfM_xdhD_predicted,0.65,31,19,GAGCGTGTTGAACGGAGTTA,12,4889548
ygfM_xdhD_predicted,2.15,61,19,GAGACCGAATCACGTGAAAT,42,4892664
ygfM_xdhD_predicted,0.1,20,19,GAACGCAACAAGTTTGGTTC,1,4882818
ygfM_xdhD_predicted,0.15,21,19,GAAAGATAGTGATACGTATT,2,4897236
ygfM_xdhD_predicted,0.95,37,19,GAAAATTTAATCACGTCATT,18,4868129
ygfM_xdhD_predicted,1.6,50,19,CTTCCATGCTCGTCTTTAAT,31,4868966
ygfM_xdhD_predicted,1.15,41,19,CTGTAGTAGCCAACCCAGTA,22,4870864
ygfM_xdhD_predicted,1.05,39,19,CTGGCGTTGATTAGGGTCAC,20,4897450
ygfM_xdhD_predicted,0.85,35,19,CTGCCCCTTGCTGGAGCGTA,16,4894263
ygfM_xdhD_predicted,1.15,41,19,CTCTTTTACAACCCGTATCT,22,4889116
ygfM_xdhD_predicted,2.75,73,19,CTATTGACTGGCAGCAAAAG,54,4876215
ygfM_xdhD_predicted,0.1,20,19,CTAGAGGCAGACGCGAATAG,1,4889464
ygfM_xdhD_predicted,0.15,21,19,CTACTAAATTCTGCCGGCCC,2,4876548
ygfM_xdhD_predicted,1.05,39,19,CTACGAAAGACTGAAGTGCA,20,4897481
ygfM_xdhD_predicted,1.45,47,19,CGCAGCACTTAACATCCGCT,28,4872154
ygfM_xdhD_predicted,0.15,21,19,CGATGAATTTGCAGCCGCTT,2,4898322
ygfM_xdhD_predicted,0.3,24,19,CGAGTCATTATGGAAATCCA,5,4887117
ygfM_xdhD_predicted,0.75,33,19,CGAACAGCGCTATCCTAAGG,14,4868392
ygfM_xdhD_predicted,0.8,34,19,CCTGGTGATGTGATGAGGCA,15,4885386
ygfM_xdhD_predicted,3.45,87,19,CCCGGTATTTAAATGAGGGG,68,4874739
ygfM_xdhD_predicted,2.7,72,19,CCATTAATCTCCCCATAGGT,53,4878565
ygfM_xdhD_predicted,0.8,34,19,CATGTACGCTCGACTCCCAC,15,4897965
ygfM_xdhD_predicted,0.8,34,19,CATGAAGCAGGGCCGGTAAT,15,4875553
ygfM_xdhD_predicted,0.1,20,19,CAGATGTGAAATCGCCGAGT,1,4879031
ygfM_xdhD_predicted,0.6,30,19,CAGACGCTCTTGTTACGTTA,11,4870463
ygfM_xdhD_predicted,1.55,49,19,ATTGCGGTAAACCTAGGATT,30,4865559
ygfM_xdhD_predicted,1.05,39,19,ATCGTGCCGGGTGCCGGTGT,20,4871030
ygfM_xdhD_predicted,0.85,35,19,ATCGGGGCTAATTTCTTCTG,16,4889711
ygfM_xdhD_predicted,0.65,31,19,AGTTAGTCGCATAACACGGG,12,4874702
ygfM_xdhD_predicted,1.8,54,19,AGTGTGGATATAGAACCTAT,35,4868133
ygfM_xdhD_predicted,2.45,67,19,AGTCTACCTCTGATAACAAC,48,4883877
ygfM_xdhD_predicted,0.35,25,19,AGTCCAGCTCCGGAGCGATA,6,4866755
ygfM_xdhD_predicted,1.15,41,19,AGCTCGAGGGGAATCATGAG,22,4866326
ygfM_xdhD_predicted,1.4,46,19,AGACTGGTGCGCCGTTCTGA,27,4874573
ygfM_xdhD_predicted,1.4,46,19,AGAAGCTAAGTGAACGGTAC,27,4871664
ygfM_xdhD_predicted,1.1,40,19,ACTTTAATCCCGGATCCGTC,21,4867935
ygfM_xdhD_predicted,1.1,40,19,ACGGTTCATAGCCACACGGA,21,4894402
ygfM_xdhD_predicted,0.65,31,19,ACCTCTCCGCCGGGGTGTGG,12,4895118
ygfM_xdhD_predicted,2.0,58,19,ACCCATGCGACTTTATGCGA,39,4893648
ygfM_xdhD_predicted,1.4,46,19,ACAGGAGCAACATGAAACTC,27,4880351
ygfM_xdhD_predicted,0.15,21,19,ACAACATGGTACGTCTTAAG,2,4895808
ygfM_xdhD_predicted,0.75,33,19,AATTAATTACGGTCTCTAAT,14,4869651
ygfM_xdhD_predicted,1.6,50,19,AATGCAGGAGCTACGCCTAG,31,4875186
ygfM_xdhD_predicted,0.3,24,19,AATCTGGCATCTGATGTAGA,5,4888927
ygfM_xdhD_predicted,0.55,29,19,AACGGTCTTAGCGTATTCGG,10,4883439
ygfM_xdhD_predicted,1.3,44,19,AACACGCCCGGAATTCCCTG,25,4893573
ygfM_xdhD_predicted,0.1,20,19,AAAACAGACTGTAAAGCCTA,1,4870880
ygfM_xdhD_predicted,0.3684210526315789,24,18,TTTTTTTAGGTTGGACTTAC,6,4873036
ygfM_xdhD_predicted,1.8421052631578947,52,18,TTGTATGGGCGGCAATCGAA,34,4898312
ygfM_xdhD_predicted,0.47368421052631576,26,18,TTGGCATGAGTTTGCGTCGG,8,4880787
ygfM_xdhD_predicted,0.7368421052631579,31,18,TTGCCTGATGTCACGCTTGA,13,4887488
ygfM_xdhD_predicted,0.10526315789473684,19,18,TTATTTGTTACAGCTGACTA,1,4892659
ygfM_xdhD_predicted,2.6315789473684212,67,18,TTATCATATATCCCCGTCTA,49,4883777
ygfM_xdhD_predicted,1.105263157894737,38,18,TTACGCGACACCAAAGATCA,20,4876096
ygfM_xdhD_predicted,0.47368421052631576,26,18,TGTGTGAGATGGCAGCAAAT,8,4874053
ygfM_xdhD_predicted,1.263157894736842,41,18,TGTGTCCCGCGACGGGATTC,23,4865074
ygfM_xdhD_predicted,0.7894736842105263,32,18,TGTGCGGGATACGGTGGTAG,14,4896018
ygfM_xdhD_predicted,1.4736842105263157,45,18,TGTCCCGGTCCGGGGGTATA,27,4867320
ygfM_xdhD_predicted,1.8421052631578947,52,18,TGGGCGGGAGATGGTATCTG,34,4896060
ygfM_xdhD_predicted,0.21052631578947367,21,18,TGCGAAGCGCCTAAGTGCGA,3,4883148
ygfM_xdhD_predicted,0.47368421052631576,26,18,TCGGGATTTCAGGCCAACAC,8,4888872
ygfM_xdhD_predicted,1.4210526315789473,44,18,TCCTTTCTGCAAACCGTTCA,26,4881904
ygfM_xdhD_predicted,1.1578947368421053,39,18,TCCTTTAGGCGTAACAACAA,21,4885819
ygfM_xdhD_predicted,1.0,36,18,TCCAAACATACTCTCCGTGT,18,4872524
ygfM_xdhD_predicted,1.105263157894737,38,18,TATCGTATTCATCGTGATCT,20,4882604
ygfM_xdhD_predicted,1.368421052631579,43,18,TACTAATCATGCCGGGGATG,25,4889537
ygfM_xdhD_predicted,3.3684210526315788,81,18,TAAGTCGGGATTCCGTTACA,63,4882364
ygfM_xdhD_predicted,1.6842105263157894,49,18,GTGATCTTCCACCCGGATGA,31,4884458
ygfM_xdhD_predicted,1.263157894736842,41,18,GTCGCTGATGGATCGCATTG,23,4879493
ygfM_xdhD_predicted,1.631578947368421,48,18,GTATTTGGTATACAACGTAT,30,4885169
ygfM_xdhD_predicted,1.736842105263158,50,18,GGTACGACAAAGTGATGGGG,32,4896644
ygfM_xdhD_predicted,1.0,36,18,GGTAAGCTTATTCTAAGTCT,18,4870462
ygfM_xdhD_predicted,0.10526315789473684,19,18,GGAGTTTCTCCACTGAAGAC,1,4897238
ygfM_xdhD_predicted,0.10526315789473684,19,18,GGACTATCGAGAGGATGGCA,1,4880859
ygfM_xdhD_predicted,1.5789473684210527,47,18,GGAAACCCGTCAAGCACGAG,29,4882326
ygfM_xdhD_predicted,2.0526315789473686,56,18,GCTTTCCTTTATTTCTGGTT,38,4872515
ygfM_xdhD_predicted,0.21052631578947367,21,18,GCGGCATATTGCCATCGTTG,3,4866339
ygfM_xdhD_predicted,0.47368421052631576,26,18,GCGACATGATGGGTCATCAA,8,4869042
ygfM_xdhD_predicted,1.631578947368421,48,18,GCCGATCCGAGGTCGTGAGT,30,4877655
ygfM_xdhD_predicted,0.5789473684210527,28,18,GCCATACGTTCGCCACCGGA,10,4869891
ygfM_xdhD_predicted,0.3684210526315789,24,18,GCAACATGTCCTCTAGTTGT,6,4881734
ygfM_xdhD_predicted,1.4210526315789473,44,18,GATTGATGGCGAAAAGCCGT,26,4865971
ygfM_xdhD_predicted,0.631578947368421,29,18,GATTCAAAGATTCGCCCCCC,11,4875400
ygfM_xdhD_predicted,0.21052631578947367,21,18,GACTCCATCCCACCATGAAG,3,4871799
ygfM_xdhD_predicted,0.7894736842105263,32,18,GAACGTAAATCTATCGGCTC,14,4867894
ygfM_xdhD_predicted,0.5789473684210527,28,18,GAACCCCTATTGCTGTGTCT,10,4874337
ygfM_xdhD_predicted,1.2105263157894737,40,18,GAAAATGTGTCACGCATGCA,22,4864330
ygfM_xdhD_predicted,0.8421052631578947,33,18,CTTGGAGTTACTGGACGTTA,15,4887392
ygfM_xdhD_predicted,0.47368421052631576,26,18,CTTGACAGCGTTGGCCCCAA,8,4886421
ygfM_xdhD_predicted,0.7368421052631579,31,18,CTGTATGCCAAAGTTTTGAG,13,4875346
ygfM_xdhD_predicted,0.47368421052631576,26,18,CTGGTTCAAAATGGACCTCA,8,4885683
ygfM_xdhD_predicted,1.0,36,18,CTGATGATAGTGTTACCCGA,18,4882527
ygfM_xdhD_predicted,1.2105263157894737,40,18,CTACGTTAAAGAATGGTTAT,22,4885446
ygfM_xdhD_predicted,0.8947368421052632,34,18,CTACGGGCAGGTCATGTCTA,16,4884697
ygfM_xdhD_predicted,0.9473684210526315,35,18,CGGGGCCGCTGCCCGAAAAA,17,4876771
ygfM_xdhD_predicted,1.2105263157894737,40,18,CGCGGCTGCATCACCTGCAA,22,4895742
ygfM_xdhD_predicted,2.8421052631578947,71,18,CGCCAGTCCTATAGAGGGAA,53,4894373
ygfM_xdhD_predicted,1.0,36,18,CGAATAGCCGGTACGGCCCC,18,4887206
ygfM_xdhD_predicted,0.3684210526315789,24,18,CCTTCATGTCTGAGGACCTA,6,4897578
ygfM_xdhD_predicted,0.631578947368421,29,18,CCTTAGCGGGTATTTACTAT,11,4896822
ygfM_xdhD_predicted,2.263157894736842,60,18,CCTTACGTCTACGTATAATA,42,4869615
ygfM_xdhD_predicted,0.47368421052631576,26,18,CCGTGTTTAGGCAAACAGCG,8,4867757
ygfM_xdhD_predicted,0.47368421052631576,26,18,CCGTCAGGGAGACGCAGGGC,8,4865926
ygfM_xdhD_predicted,2.1578947368421053,58,18,CCGAGGTGCGGCAGCCCTGT,40,4874342
ygfM_xdhD_predicted,1.894736842105263,53,18,CATGGCTCTTCCATTTTTCT,35,4875775
ygfM_xdhD_predicted,1.0526315789473684,37,18,CATCATAATCCTCTCCTAAG,19,4871392
ygfM_xdhD_predicted,0.42105263157894735,25,18,CATAAACCTCAGCTAATATA,7,4866873
ygfM_xdhD_predicted,2.526315789473684,65,18,CACTGCCGAGAACATGAAAT,47,4873205
ygfM_xdhD_predicted,0.15789473684210525,20,18,CACGTTCCGGAATTAAATTA,2,4885959
ygfM_xdhD_predicted,0.8947368421052632,34,18,CACACTAACGCTAACTCTTG,16,4877885
ygfM_xdhD_predicted,1.4736842105263157,45,18,CAAGATCACCTCCGAGTTAA,27,4869059
ygfM_xdhD_predicted,0.10526315789473684,19,18,ATCATCGCAAGCTAAAGTAG,1,4884500
ygfM_xdhD_predicted,0.8421052631578947,33,18,ATCACAGGGATTATAGAAAC,15,4863913
ygfM_xdhD_predicted,0.8421052631578947,33,18,ATATCGAACGCGTACTTCAG,15,4896885
ygfM_xdhD_predicted,1.2105263157894737,40,18,AGGGACGGTAATAGGTGCAG,22,4878005
ygfM_xdhD_predicted,0.10526315789473684,19,18,AGCTTTTGATCAGGGACATA,1,4895228
ygfM_xdhD_predicted,0.6842105263157895,30,18,AGCCCCTGCTGGCCCTTGCG,12,4881912
ygfM_xdhD_predicted,2.5789473684210527,66,18,AGCCCCCGCAGGGGCGGACT,48,4879527
ygfM_xdhD_predicted,2.736842105263158,69,18,AGCAAATTACTGAGCAGACT,51,4877631
ygfM_xdhD_predicted,1.0,36,18,AGAGCAGCATGGTTAGAGAC,18,4899241
ygfM_xdhD_predicted,1.0,36,18,AGACTACCACTGCATATCCT,18,4864453
ygfM_xdhD_predicted,0.8421052631578947,33,18,AGAAGGTTCGTCCACGCGAG,15,4881480
ygfM_xdhD_predicted,1.736842105263158,50,18,ACGTACTACCTGTAGGTAGG,32,4896346
ygfM_xdhD_predicted,0.7894736842105263,32,18,ACGTAAGCCTTCGGTGCAAG,14,4871468
ygfM_xdhD_predicted,1.105263157894737,38,18,ACGCCACTTTATTCCGTAAA,20,4875494
ygfM_xdhD_predicted,2.1578947368421053,58,18,ACCTTACGGCAAACTGCAGG,40,4875657
ygfM_xdhD_predicted,1.3157894736842106,42,18,ACCCTCTGAATCTGCCGTAA,24,4873032
ygfM_xdhD_predicted,0.10526315789473684,19,18,ACACGCCATAGTCTGGACTG,1,4868662
ygfM_xdhD_predicted,1.263157894736842,41,18,AATCAAGCAAGACTTGGAGA,23,4869863
ygfM_xdhD_predicted,0.10526315789473684,19,18,AAGTTAAGCATCATAAGGCG,1,4888013
ygfM_xdhD_predicted,0.8947368421052632,34,18,AAGAATAGTCCACTACCGAT,16,4877198
ygfM_xdhD_predicted,0.10526315789473684,19,18,AACGGCCCCGGGGGAAAGAA,1,4882956
ygfM_xdhD_predicted,0.42105263157894735,25,18,AAACCATTGAAAGTCTCAAA,7,4896786
ygfM_xdhD_predicted,1.7222222222222223,47,17,TTTTGCCGGGAGACTGGATT,30,4894959
ygfM_xdhD_predicted,0.6666666666666666,28,17,TTTACCATTGCACGCCAACT,11,4890218
ygfM_xdhD_predicted,0.8333333333333334,31,17,TTTAAAGCCCTTGACTGCGA,14,4888665
ygfM_xdhD_predicted,1.2777777777777777,39,17,TTGGGTAGGTGTATGGAATA,22,4874675
ygfM_xdhD_predicted,0.7222222222222222,29,17,TTGGGGTGAGATGAGCGTAA,12,4893758
ygfM_xdhD_predicted,1.6666666666666667,46,17,TTCCCCTAACCTGGGATTAG,29,4880432
ygfM_xdhD_predicted,2.3333333333333335,58,17,TTACTTCTTCCATAATTTGC,41,4877814
ygfM_xdhD_predicted,1.4444444444444444,42,17,TTACGCTCAGCCAAAGGAGG,25,4896229
ygfM_xdhD_predicted,1.5,43,17,TTAAAATAGCGACAGGGCGC,26,4882112
ygfM_xdhD_predicted,1.6666666666666667,46,17,TGTGCTAAAACTAGATGGCG,29,4890483
ygfM_xdhD_predicted,0.2777777777777778,21,17,TGTACCGGGTACACTGCAGT,4,4886568
ygfM_xdhD_predicted,0.1111111111111111,18,17,TGCCCGGTGTCTTGTAAAGG,1,4868603
ygfM_xdhD_predicted,0.1111111111111111,18,17,TGCATTTCAGCTCGGCGGGA,1,4897796
ygfM_xdhD_predicted,5.055555555555555,107,17,TGCAAATCGTAAGCCTTTCA,90,4895843
ygfM_xdhD_predicted,0.1111111111111111,18,17,TGAATGGCCTTTACGCCCCG,1,4887046
ygfM_xdhD_predicted,1.6111111111111112,45,17,TGAAATCGACGGCAGACGAA,28,4871322
ygfM_xdhD_predicted,0.9444444444444444,33,17,TCTATTGTGTCATCGCATCA,16,4870981
ygfM_xdhD_predicted,0.8333333333333334,31,17,TCTAGGGACCCTCGTTTACG,14,4882954
ygfM_xdhD_predicted,0.1111111111111111,18,17,TCGCCGCTGTCCGTATCTAT,1,4867637
ygfM_xdhD_predicted,2.2777777777777777,57,17,TCGCCCGCAGTTAGAGCGTA,40,4870032
ygfM_xdhD_predicted,0.8333333333333334,31,17,TCGAAATGCCCGAGGGTTTT,14,4875018
ygfM_xdhD_predicted,0.2222222222222222,20,17,TCCGTGTCCAAGGCCGGACA,3,4872628
ygfM_xdhD_predicted,0.7777777777777778,30,17,TCCCGTCGAGTGTCTATGTC,13,4892321
ygfM_xdhD_predicted,1.0,34,17,TCCACCCGCGACCCACGGTA,17,4882301
ygfM_xdhD_predicted,2.9444444444444446,69,17,TCACAGTTGGTAGAATCACG,52,4865661
ygfM_xdhD_predicted,0.2222222222222222,20,17,TCAAGGAAACGCGTAAAGTA,3,4886067
ygfM_xdhD_predicted,1.7777777777777777,48,17,TATGGTAGCGCGAATTCAGC,31,4875986
ygfM_xdhD_predicted,1.7222222222222223,47,17,TATAGCTAAGTCCGTGTACT,30,4886074
ygfM_xdhD_predicted,1.0,34,17,TAGGTAGTATGCTAACGTCC,17,4873863
ygfM_xdhD_predicted,1.5555555555555556,44,17,TACTAATCACGCACCAAAGA,27,4895489
ygfM_xdhD_predicted,0.8333333333333334,31,17,TAAGGTAGAATCTGGGACTT,14,4883815
ygfM_xdhD_predicted,0.16666666666666666,19,17,GTTCGAGAGGGCTGCTCTTC,2,4884314
ygfM_xdhD_predicted,0.1111111111111111,18,17,GTCGCTGAGCATGAGTCGGT,1,4897754
ygfM_xdhD_predicted,3.6666666666666665,82,17,GTCCAATCAATACCTGTTGA,65,4883644
ygfM_xdhD_predicted,0.7222222222222222,29,17,GTCAGTATCTCAGTCTGGAA,12,4898391
ygfM_xdhD_predicted,1.7222222222222223,47,17,GTCACCTTTATATTCTGGGG,30,4885715
ygfM_xdhD_predicted,0.8333333333333334,31,17,GTACAATGAAAAGGATACAC,14,4868014
ygfM_xdhD_predicted,1.7777777777777777,48,17,GGTGGGAACTACATAGGCGT,31,4890508
ygfM_xdhD_predicted,1.5,43,17,GGTGGCGGGAAGTACATCAG,26,4866911
ygfM_xdhD_predicted,2.1666666666666665,55,17,GGGTATTCCAAATGAAACTT,38,4891740
ygfM_xdhD_predicted,3.5,79,17,GGGTACATTTACATCATTCA,62,4867806
ygfM_xdhD_predicted,0.9444444444444444,33,17,GGCCTCGGGCATGGAGAAAC,16,4891416
ygfM_xdhD_predicted,2.7222222222222223,65,17,GGCATGATGCGCCTTCTATC,48,4891126
ygfM_xdhD_predicted,0.2222222222222222,20,17,GGATCAACGGAAGTTGAAGC,3,4883869
ygfM_xdhD_predicted,0.1111111111111111,18,17,GCTTTTGTTCTAAACTGCTA,1,4873889
ygfM_xdhD_predicted,0.5,25,17,GCTGCCTCAGGCCGGTTCAA,8,4889708
ygfM_xdhD_predicted,0.3333333333333333,22,17,GAGCCGGACAGGTGAAACAG,5,4895396
ygfM_xdhD_predicted,2.2777777777777777,57,17,GAGATACCCCCTAGCGATCT,40,4869756
ygfM_xdhD_predicted,0.8333333333333334,31,17,GACAGGTCATTCCAAAGTCG,14,4888390
ygfM_xdhD_predicted,1.2222222222222223,38,17,GAAGTTAGTATGGCCCGTCG,21,4882023
ygfM_xdhD_predicted,0.1111111111111111,18,17,GAACTGGATTGTAGGAGGAG,1,4869870
ygfM_xdhD_predicted,1.0555555555555556,35,17,CTTCGAACCCCTTCCAACAA,18,4894315
ygfM_xdhD_predicted,1.3888888888888888,41,17,CTTATGCTGCAAGTAGCGGA,24,4893576
ygfM_xdhD_predicted,4.222222222222222,92,17,CTTATCTGAGAAACTCCATA,75,4872072
ygfM_xdhD_predicted,2.111111111111111,54,17,CTATTAAACGCTTCCCAGTG,37,4887029
ygfM_xdhD_predicted,0.7777777777777778,30,17,CTATGGTGATAGACAGCTCA,13,4890299
ygfM_xdhD_predicted,0.3888888888888889,23,17,CGTTTTTGCCGATGCTCAAC,6,4888411
ygfM_xdhD_predicted,4.777777777777778,102,17,CGCCAATCACCAGGTTGGTA,85,4890071
ygfM_xdhD_predicted,0.9444444444444444,33,17,CGAGGGTAAGTCTATTCAGT,16,4889008
ygfM_xdhD_predicted,1.2777777777777777,39,17,CGAGAGTGCTGCAACGGAAC,22,4899570
ygfM_xdhD_predicted,0.1111111111111111,18,17,CCTAGGCTACGGTCAGTATA,1,4873881
ygfM_xdhD_predicted,0.1111111111111111,18,17,CCGGTCAACGGCCTTGAGCA,1,4870272
ygfM_xdhD_predicted,0.9444444444444444,33,17,CCGACGTAAGGCAGTTTACA,16,4887638
ygfM_xdhD_predicted,1.5555555555555556,44,17,CCCGTATCAATGTGTCTTAC,27,4893355
ygfM_xdhD_predicted,0.4444444444444444,24,17,CCAGTAGTGTGTTAGGTTTA,7,4880806
ygfM_xdhD_predicted,2.0555555555555554,53,17,CCAGAGAGCGGAAAGTTGGT,36,4898023
ygfM_xdhD_predicted,1.3333333333333333,40,17,CCACTGGCACCAATAAAGTC,23,4866838
ygfM_xdhD_predicted,0.6666666666666666,28,17,CCACGCCTTAGAGTTTGTCA,11,4895709
ygfM_xdhD_predicted,0.7222222222222222,29,17,CATGTTCGTGTGGTCGTCGG,12,4887644
ygfM_xdhD_predicted,2.8333333333333335,67,17,CACGCGCCAGACATATATCA,50,4879196
ygfM_xdhD_predicted,0.8333333333333334,31,17,CACAAGCACCAAGAGTAGAC,14,4876942
ygfM_xdhD_predicted,0.7222222222222222,29,17,CAAAACGGGCCAGTGTTACT,12,4886092
ygfM_xdhD_predicted,5.444444444444445,114,17,ATTGGCTTTTAGTTCCACCA,97,4865362
ygfM_xdhD_predicted,1.0555555555555556,35,17,ATGACCTCGGGAGCAGGCCA,18,4878308
ygfM_xdhD_predicted,0.1111111111111111,18,17,ATGAACTCTTATTTGAGCAT,1,4877689
ygfM_xdhD_predicted,1.2222222222222223,38,17,ATCGTTGTCTGGCTTATAAA,21,4866284
ygfM_xdhD_predicted,1.0,34,17,ATCCAGACGCTTCTTAGTTG,17,4895924
ygfM_xdhD_predicted,0.3333333333333333,22,17,AGTTAATGGGGGTGGTCCTT,5,4897225
ygfM_xdhD_predicted,1.4444444444444444,42,17,AGCTTCCATGGCTAGGTGGT,25,4894664
ygfM_xdhD_predicted,0.3888888888888889,23,17,AGAGAGCCAGCATATCCCCG,6,4866753
ygfM_xdhD_predicted,0.8888888888888888,32,17,ACTCTTCCCCTTCTGGCAAC,15,4865251
ygfM_xdhD_predicted,1.3888888888888888,41,17,ACTAGATCAGTGGCCCAGCT,24,4869922
ygfM_xdhD_predicted,0.9444444444444444,33,17,ACGTGACTACCAATTTGGTA,16,4884102
ygfM_xdhD_predicted,0.8888888888888888,32,17,ACGCAGCTTCGTTCATCAGA,15,4890666
ygfM_xdhD_predicted,0.1111111111111111,18,17,ACGCACAGGAGTGGCCGTTA,1,4865423
ygfM_xdhD_predicted,1.6111111111111112,45,17,ACCTAAGTCAGTTATCCAAT,28,4895561
ygfM_xdhD_predicted,0.4444444444444444,24,17,ACCAGGTGATTAGCGCCAGT,7,4889416
ygfM_xdhD_predicted,0.6111111111111112,27,17,AATCAAGGCTCGATGTTAGC,10,4864928
ygfM_xdhD_predicted,1.1666666666666667,37,17,AATAACATTGTCCGTTGGCT,20,4892407
ygfM_xdhD_predicted,0.3333333333333333,22,17,AAGAAGAGTACTTCTGAGCT,5,4882218
ygfM_xdhD_predicted,0.9444444444444444,33,17,AACGTCGCAAGGCTCTTGGA,16,4876700
ygfM_xdhD_predicted,0.1111111111111111,18,17,AACGAAGCCAGCGGAGGCCT,1,4899370
ygfM_xdhD_predicted,0.6666666666666666,28,17,AAAAATACTACAGGGGACGA,11,4873894
ygfM_xdhD_predicted,0.7058823529411765,27,16,TTGGGGCTAGGACTATGAGG,11,4866586
ygfM_xdhD_predicted,0.5882352941176471,25,16,TTGCGAGGTCGCCGGTGGTC,9,4895960
ygfM_xdhD_predicted,1.0588235294117647,33,16,TTCTTCTCGCGCTCATTTTC,17,4894967
ygfM_xdhD_predicted,0.11764705882352941,17,16,TTCGCGTATGGCTAGGAACA,1,4897915
ygfM_xdhD_predicted,1.9411764705882353,48,16,TTCAGGGGCAGCACGCTAGC,32,4889361
ygfM_xdhD_predicted,0.11764705882352941,17,16,TTATCAGATGCGACGGCTGT,1,4877315
ygfM_xdhD_predicted,3.3529411764705883,72,16,TTACTGAGACAGCAATTGAG,56,4879273
ygfM_xdhD_predicted,1.9411764705882353,48,16,TTAATCCCGATGACACGTAA,32,4894485
ygfM_xdhD_predicted,2.176470588235294,52,16,TGTGGGGTTAAGAAATGTAG,36,4873719
ygfM_xdhD_predicted,1.3529411764705883,38,16,TGGCATTCGGGTCCGACCGG,22,4872109
ygfM_xdhD_predicted,1.0,32,16,TGACTGACAGGTCTATCCAG,16,4881919
ygfM_xdhD_predicted,0.7647058823529411,28,16,TGACTCCGCTCTACAAGGCG,12,4890360
ygfM_xdhD_predicted,1.2941176470588236,37,16,TGACCAGATGCACATTACTT,21,4867127
ygfM_xdhD_predicted,2.411764705882353,56,16,TCGTAGTCTTCAGCTGATCA,40,4886517
ygfM_xdhD_predicted,1.2352941176470589,36,16,TCGCTTGTGGTCTCGATAAA,20,4873472
ygfM_xdhD_predicted,0.11764705882352941,17,16,TCCGTCTTGGTCGGGAGTAT,1,4868937
ygfM_xdhD_predicted,1.0,32,16,TCACAAGCGCGACGATGTAT,16,4871472
ygfM_xdhD_predicted,1.1176470588235294,34,16,TCAAGGGCCACCCAAACGAC,18,4871911
ygfM_xdhD_predicted,1.8823529411764706,47,16,TATGCTTAGAGGCGCGAATA,31,4884454
ygfM_xdhD_predicted,0.17647058823529413,18,16,TATCCTGGTACGATTGGCCA,2,4893017
ygfM_xdhD_predicted,0.11764705882352941,17,16,TATCCTGGGTCGTGTCTTGG,1,4886328
ygfM_xdhD_predicted,2.6470588235294117,60,16,TAGGCAGATGCACTACGATA,44,4888011
ygfM_xdhD_predicted,1.0588235294117647,33,16,TACTCATATCTTCTTCGCTA,17,4881034
ygfM_xdhD_predicted,0.11764705882352941,17,16,TACAGCGCGACCAGGGGTCT,1,4867507
ygfM_xdhD_predicted,0.9411764705882353,31,16,GTTGTCGGGTCGCTAATTGA,15,4882207
ygfM_xdhD_predicted,2.4705882352941178,57,16,GTTATCTTGTCTGGATAGCT,41,4877973
ygfM_xdhD_predicted,1.2352941176470589,36,16,GTTAAGATCACTCTGGGCGC,20,4895656
ygfM_xdhD_predicted,0.5294117647058824,24,16,GTCCCCGGGCTAAATCCCGT,8,4878629
ygfM_xdhD_predicted,1.0588235294117647,33,16,GTAAGAACTTGCGCCCTGGT,17,4889670
ygfM_xdhD_predicted,0.5294117647058824,24,16,GGTGTATGATTCTTTCGGGG,8,4865306
ygfM_xdhD_predicted,1.1176470588235294,34,16,GGGCATCCCCCGTGGGTGTA,18,4864047
ygfM_xdhD_predicted,3.0588235294117645,67,16,GGCGGAGAAAGATGCGCCGG,51,4897715
ygfM_xdhD_predicted,1.7058823529411764,44,16,GGCACAATTGTAGCTCACGC,28,4872957
ygfM_xdhD_predicted,0.11764705882352941,17,16,GCCTTCCCTACCCACCTAAA,1,4889671
ygfM_xdhD_predicted,0.29411764705882354,20,16,GCCGTAAAGTCCTCCTGATG,4,4888516
ygfM_xdhD_predicted,0.7058823529411765,27,16,GCCACCATCGCGGTCCGGGA,11,4896378
ygfM_xdhD_predicted,1.0,32,16,GCATCTATAAGGCCTCCTCC,16,4870006
ygfM_xdhD_predicted,4.470588235294118,91,16,GCAGTAAGACTCAGTTTGGT,75,4874929
ygfM_xdhD_predicted,0.17647058823529413,18,16,GCACGCCATTTCTCCATGTA,2,4866694
ygfM_xdhD_predicted,2.8823529411764706,64,16,GCACCGAGCCAAACAGATGA,48,4897861
ygfM_xdhD_predicted,0.47058823529411764,23,16,GATGTTTAACCGGGCCTCCA,7,4872755
ygfM_xdhD_predicted,0.29411764705882354,20,16,GATACTGTCAGAGTCGGATT,4,4869433
ygfM_xdhD_predicted,3.1176470588235294,68,16,CTTTCAAACGATTTGTGGTG,52,4879536
ygfM_xdhD_predicted,2.0588235294117645,50,16,CTGTATTATTTCCTTGCTCC,34,4884327
ygfM_xdhD_predicted,0.4117647058823529,22,16,CTGTAGTCCGGAACAAGGTG,6,4889457
ygfM_xdhD_predicted,0.5294117647058824,24,16,CTGGTGGGCGGGAGTGATAA,8,4883891
ygfM_xdhD_predicted,0.5294117647058824,24,16,CTGGGGGGCCAGCGGGCGGT,8,4872218
ygfM_xdhD_predicted,0.35294117647058826,21,16,CTGACATGACCGTTCCGAGT,5,4872817
ygfM_xdhD_predicted,0.23529411764705882,19,16,CTCTTATTGTAGAACATCCT,3,4866426
ygfM_xdhD_predicted,1.6470588235294117,43,16,CGTTGGTATGATATGCGTGA,27,4879192
ygfM_xdhD_predicted,1.411764705882353,39,16,CGTTACGGTACGTGATCACG,23,4882362
ygfM_xdhD_predicted,0.7647058823529411,28,16,CGTATTCTTCGTTGGACTTG,12,4875417
ygfM_xdhD_predicted,0.23529411764705882,19,16,CGGATAATGCATGACTCTTT,3,4872831
ygfM_xdhD_predicted,3.3529411764705883,72,16,CGGAGATTCACGAGGTAACA,56,4870273
ygfM_xdhD_predicted,0.4117647058823529,22,16,CGCTATATATGGTACGTGCT,6,4870840
ygfM_xdhD_predicted,0.11764705882352941,17,16,CGCCCGCACATGCCAAGTCT,1,4879089
ygfM_xdhD_predicted,2.176470588235294,52,16,CCTAACATGGTCTTGGTAAT,36,4886243
ygfM_xdhD_predicted,0.11764705882352941,17,16,CCGTGGGCCTAGACAATGCG,1,4888476
ygfM_xdhD_predicted,2.5294117647058822,58,16,CCCGAGACGGCAGGTCTCAC,42,4890198
ygfM_xdhD_predicted,1.0588235294117647,33,16,CCCCGCCAGCGGGCCAGTCA,17,4881394
ygfM_xdhD_predicted,1.0,32,16,CCCCATGTGCGCTTCATATA,16,4882903
ygfM_xdhD_predicted,1.5294117647058822,41,16,CATCACTGTGCCCCTTCTAT,25,4893532
ygfM_xdhD_predicted,2.8823529411764706,64,16,CATAGTGCGCGAATGTCCCC,48,4891810
ygfM_xdhD_predicted,1.0,32,16,CATAGGATTATGGCCATTGC,16,4864826
ygfM_xdhD_predicted,2.176470588235294,52,16,CACGCGAACTCTGTACTATA,36,4879861
ygfM_xdhD_predicted,1.0588235294117647,33,16,CAAGCCCACATCGGATTCGT,17,4873013
ygfM_xdhD_predicted,4.470588235294118,91,16,CAACCGGAATAGAGGCGAGA,75,4867304
ygfM_xdhD_predicted,1.1176470588235294,34,16,ATTCACACAAGGGGAATTTA,18,4869956
ygfM_xdhD_predicted,0.11764705882352941,17,16,ATTATCCAACGGGGAGTCTA,1,4877812
ygfM_xdhD_predicted,0.11764705882352941,17,16,ATTAAAGGATGAACCGCGGC,1,4866597
ygfM_xdhD_predicted,0.11764705882352941,17,16,ATCGGTTATGATAGGTGCAA,1,4894061
ygfM_xdhD_predicted,1.411764705882353,39,16,ATCCTGCGATGGACAAGGTT,23,4872581
ygfM_xdhD_predicted,0.6470588235294118,26,16,ATCAGTCGAGATCTACATGA,10,4893861
ygfM_xdhD_predicted,0.11764705882352941,17,16,AGTTGATCAGCTGTAATACA,1,4893518
ygfM_xdhD_predicted,0.11764705882352941,17,16,AGTCACAGTGGGTAGATCGT,1,4867160
ygfM_xdhD_predicted,2.2941176470588234,54,16,AGTATAGGTTGCCAAAGGCA,38,4896496
ygfM_xdhD_predicted,2.411764705882353,56,16,AGGTTTTGTCATGAGTTACG,40,4873356
ygfM_xdhD_predicted,1.5294117647058822,41,16,AGCACAAGCACAAGGCATGG,25,4881673
ygfM_xdhD_predicted,1.3529411764705883,38,16,AGATTGTGGCAAGTTATGGC,22,4867970
ygfM_xdhD_predicted,1.2941176470588236,37,16,AGAGGAGACTATTGCAACCT,21,4866105
ygfM_xdhD_predicted,1.0588235294117647,33,16,ACTTTACGGCTGCTATTGCA,17,4896749
ygfM_xdhD_predicted,0.29411764705882354,20,16,ACTTAACCGAGCCCTGCAGC,4,4875898
ygfM_xdhD_predicted,1.2941176470588236,37,16,ACTAGCAGATGCTTTCATAC,21,4868399
ygfM_xdhD_predicted,1.7058823529411764,44,16,ACCTTGTGCGGTCGCCTATT,28,4868531
ygfM_xdhD_predicted,3.176470588235294,69,16,ACCGCCATATTAACCAGAAG,53,4873201
ygfM_xdhD_predicted,0.9411764705882353,31,16,ACCCCCCAGCGAAGAAGGTG,15,4882539
ygfM_xdhD_predicted,0.47058823529411764,23,16,ACCAATTAATTGCCATCGTC,7,4880567
ygfM_xdhD_predicted,1.1176470588235294,34,16,ACAGCCGGATGAATACCAAC,18,4890070
ygfM_xdhD_predicted,3.764705882352941,79,16,ACACTCTCAGACCACGTAAT,63,4873450
ygfM_xdhD_predicted,1.7058823529411764,44,16,ACACACTAAACAGGATTAAA,28,4875862
ygfM_xdhD_predicted,0.11764705882352941,17,16,ACACAAATGCGACGGTTGTC,1,4870211
ygfM_xdhD_predicted,0.8823529411764706,30,16,ACAAGCTTCTATAGCATGCG,14,4887379
ygfM_xdhD_predicted,1.2941176470588236,37,16,ACAACTAAGCACCCAAGGTT,21,4886971
ygfM_xdhD_predicted,0.11764705882352941,17,16,AAGAAAATATCAGACGTTGA,1,4884634
ygfM_xdhD_predicted,2.5294117647058822,58,16,AACGCAAGCCGTGCAGATCT,42,4869074
ygfM_xdhD_predicted,0.7647058823529411,28,16,AAATACTGCGCTGATAAGCT,12,4880354
ygfM_xdhD_predicted,0.625,24,15,TTGAGTTACGTGCCTTCGAA,9,4892807
ygfM_xdhD_predicted,3.375,68,15,TTGACATCGTGCGATTCGAA,53,4887810
ygfM_xdhD_predicted,0.6875,25,15,TTCGGGTAAAACATGAGAAC,10,4865691
ygfM_xdhD_predicted,2.375,52,15,TTACGCCGTATGGTCATTGT,37,4871411
ygfM_xdhD_predicted,0.875,28,15,TGTTTTTTCAGGTGGGTCGC,13,4886790
ygfM_xdhD_predicted,0.8125,27,15,TGTTCGAACGATATACCGCA,12,4872778
ygfM_xdhD_predicted,0.8125,27,15,TGTGCGGTAACCCGAGTCAC,12,4877669
ygfM_xdhD_predicted,1.125,32,15,TGCTTAGTCTCGGGGTTTCA,17,4868530
ygfM_xdhD_predicted,0.8125,27,15,TGAGTTGTCTCTAACGTTTG,12,4865008
ygfM_xdhD_predicted,0.9375,29,15,TGAAACAGGGTAAGGGCGTA,14,4881900
ygfM_xdhD_predicted,0.125,16,15,TCTGGTACTCAAACCTGGAT,1,4875483
ygfM_xdhD_predicted,2.3125,51,15,TCGACGCCATAAGCACACCC,36,4868422
ygfM_xdhD_predicted,1.875,44,15,TCCACTTCACTGGGAAATGA,29,4877271
ygfM_xdhD_predicted,1.625,40,15,TAGAACTCAATGCGTGTTAA,25,4872598
ygfM_xdhD_predicted,0.125,16,15,TACGGTTGAGATTGGCTAAG,1,4871853
ygfM_xdhD_predicted,0.375,20,15,TACGCTGGTTCCACCCGACT,5,4872899
ygfM_xdhD_predicted,1.125,32,15,GTTGTTATCGCCACTGTAAT,17,4885655
ygfM_xdhD_predicted,2.0625,47,15,GTTGTCAACACTCTCACCGG,32,4869400
ygfM_xdhD_predicted,1.0,30,15,GTGCTGGGGTAACCTTCCGG,15,4888819
ygfM_xdhD_predicted,0.125,16,15,GTGCGCATCCGGAATATGAA,1,4873819
ygfM_xdhD_predicted,0.125,16,15,GTGCAACACCTCTTACTTAC,1,4893729
ygfM_xdhD_predicted,1.75,42,15,GTCGCACCTATCCTGCCTAC,27,4876540
ygfM_xdhD_predicted,1.0625,31,15,GGTTTAGAGTTCTAAGGCAA,16,4895135
ygfM_xdhD_predicted,0.3125,19,15,GGTGACCGAGATTAGAGCAA,4,4878047
ygfM_xdhD_predicted,0.3125,19,15,GGTCAAAGAGCTGACAACCA,4,4890892
ygfM_xdhD_predicted,2.75,58,15,GGTATCTACGTTGACACCTG,43,4874427
ygfM_xdhD_predicted,1.625,40,15,GGGTATCCGGAATCACAATT,25,4891982
ygfM_xdhD_predicted,0.75,26,15,GGCGCAGCCATTACCAGAGC,11,4871983
ygfM_xdhD_predicted,3.4375,69,15,GCTTGTTCAGAGTAGTCACA,54,4893751
ygfM_xdhD_predicted,1.0625,31,15,GCTCGTCTGAACGTGATCTG,16,4881521
ygfM_xdhD_predicted,1.3125,35,15,GCGGAATATTGGCCGTTCAC,20,4896151
ygfM_xdhD_predicted,1.3125,35,15,GCCTACCACTCATCCGTCAC,20,4884591
ygfM_xdhD_predicted,0.8125,27,15,GCCCGCTAGTTTCAGGTAAG,12,4898541
ygfM_xdhD_predicted,0.875,28,15,GATATATTCCGGCGGTATTA,13,4879186
ygfM_xdhD_predicted,1.375,36,15,GATACCCGACGCAACCTCTG,21,4878031
ygfM_xdhD_predicted,1.3125,35,15,GAGATGGTGAGCGGTGCGTC,20,4877005
ygfM_xdhD_predicted,0.4375,21,15,GAGATACTATCGTTTGATTT,6,4889334
ygfM_xdhD_predicted,1.75,42,15,GACTTGCTTCAACATTTTTA,27,4870660
ygfM_xdhD_predicted,0.5,22,15,GAAAGCGTCGGGCTCGCTTC,7,4887425
ygfM_xdhD_predicted,1.6875,41,15,CTTGAAGGCTGTCGGGATTG,26,4896290
ygfM_xdhD_predicted,1.5625,39,15,CTTGAACTACGTGCTTTTTG,24,4870816
ygfM_xdhD_predicted,1.625,40,15,CTTCTCAAGCCGTGATCCAA,25,4897347
ygfM_xdhD_predicted,1.0625,31,15,CTCCCCGGTGCGACACCATG,16,4867418
ygfM_xdhD_predicted,1.8125,43,15,CTAGGCCCTGGGTACATCCT,28,4893146
ygfM_xdhD_predicted,2.1875,49,15,CTAGCCTTCGGTTAAGGACA,34,4866771
ygfM_xdhD_predicted,0.125,16,15,CTACTATAATGTCTAGCACT,1,4897244
ygfM_xdhD_predicted,0.5625,23,15,CGTTCCGTAGTCCAAGGGAG,8,4878972
ygfM_xdhD_predicted,0.125,16,15,CGTCCGTCATTCTGCCAATA,1,4893892
ygfM_xdhD_predicted,2.5,54,15,CGTCCATGTTCTTTTTCCCA,39,4892667
ygfM_xdhD_predicted,2.875,60,15,CGGTGAGTAGGGACCAAGTT,45,4880026
ygfM_xdhD_predicted,0.8125,27,15,CGGTAGAAACTACAATCTAT,12,4873033
ygfM_xdhD_predicted,1.1875,33,15,CGGAGCGGCTGAACGCAGTA,18,4896677
ygfM_xdhD_predicted,0.1875,17,15,CGCGTCTGAAGGAGAGCAAC,2,4869721
ygfM_xdhD_predicted,0.9375,29,15,CGCCCCGATTTATGGGGCCG,14,4867070
ygfM_xdhD_predicted,0.5625,23,15,CGCCACGGTCCGATTTGTGA,8,4891244
ygfM_xdhD_predicted,1.5,38,15,CGATCGAGTTCCTGAATATC,23,4885614
ygfM_xdhD_predicted,0.125,16,15,CGACACGAATTCTATACGGC,1,4874791
ygfM_xdhD_predicted,1.0,30,15,CGAATGCTGACGATGACTAC,15,4894700
ygfM_xdhD_predicted,0.125,16,15,CGAATGACTGGTCCTGTCTG,1,4889463
ygfM_xdhD_predicted,2.375,52,15,CCTTTAGCCGTGAGGCAAGA,37,4884234
ygfM_xdhD_predicted,1.25,34,15,CCTTGGCCTTTCTGACATAC,19,4894350
ygfM_xdhD_predicted,1.125,32,15,CCGGTAGGCTGACGTACATG,17,4877698
ygfM_xdhD_predicted,0.125,16,15,CCGGCTGAACTTTATCGGGG,1,4864141
ygfM_xdhD_predicted,5.375,100,15,CCGATAACGTGATATATTCT,85,4897855
ygfM_xdhD_predicted,1.0625,31,15,CATTGGATGGAGAGTCTTGA,16,4867162
ygfM_xdhD_predicted,0.9375,29,15,CATGTATTATGTAGCTCGGT,14,4895475
ygfM_xdhD_predicted,0.75,26,15,CATGAGGAATTGGTAGAGCA,11,4868922
ygfM_xdhD_predicted,2.125,48,15,CATCTCCAAGGGATCTCGTG,33,4869604
ygfM_xdhD_predicted,0.625,24,15,CATCGAGCAAAATCTAGTGA,9,4883720
ygfM_xdhD_predicted,0.25,18,15,CAGGTGTGTTTCGGCTAAAT,3,4874401
ygfM_xdhD_predicted,0.125,16,15,CACGCTGACGCTATGTGGAA,1,4886672
ygfM_xdhD_predicted,1.5,38,15,CACCCGGGCAATTTGATATT,23,4886472
ygfM_xdhD_predicted,1.375,36,15,CACAGACAAGCACGCCATTA,21,4897799
ygfM_xdhD_predicted,0.875,28,15,CAATACAGTAGCAGTACCAT,13,4867574
ygfM_xdhD_predicted,1.0,30,15,CAAACCCCGCGAAATAGAAG,15,4882576
ygfM_xdhD_predicted,1.5625,39,15,ATCGTAAAGGGTTAGACTTC,24,4883195
ygfM_xdhD_predicted,0.625,24,15,ATATTCCTGTTGTTGTCCTT,9,4886735
ygfM_xdhD_predicted,2.125,48,15,ATAGTACCAGCGTTCCGGCG,33,4863821
ygfM_xdhD_predicted,1.0625,31,15,ATAAGTCTGGTAATGAACGT,16,4885579
ygfM_xdhD_predicted,2.3125,51,15,AGTTTGTGGGTTGTAGCATT,36,4865561
ygfM_xdhD_predicted,0.75,26,15,AGTTCAGACGGGCTCGGCTT,11,4891141
ygfM_xdhD_predicted,1.375,36,15,AGTCCCGGAAAACTATATGG,21,4874433
ygfM_xdhD_predicted,1.625,40,15,AGGTCCAGGTTATTTGCTGT,25,4866663
ygfM_xdhD_predicted,2.3125,51,15,AGGGCTTCTTCCGAGGGCCA,36,4865240
ygfM_xdhD_predicted,0.9375,29,15,AGGGATGTTGCAACGGGAAT,14,4898736
ygfM_xdhD_predicted,1.8125,43,15,AGGCTAGGCATTATTGCATA,28,4872347
ygfM_xdhD_predicted,3.5,70,15,ACGTGACGGCCGGGCGGTTA,55,4898737
ygfM_xdhD_predicted,0.1875,17,15,ACGGGCAACAATGGCAAACG,2,4895991
ygfM_xdhD_predicted,0.3125,19,15,ACGCTAACAGCATTAGGAAA,4,4873324
ygfM_xdhD_predicted,1.875,44,15,ACGCGAACGCGTTTAGGTGC,29,4896690
ygfM_xdhD_predicted,1.3125,35,15,ACGCCGTTTTAGGGGCGTCT,20,4875490
ygfM_xdhD_predicted,0.125,16,15,ACGCAACGCGTTAACGGCCA,1,4885240
ygfM_xdhD_predicted,1.5,38,15,ACGACGCTGCTAGGATGATT,23,4894887
ygfM_xdhD_predicted,1.25,34,15,ACCGGCAAGTAGGCTAAAAC,19,4888895
ygfM_xdhD_predicted,2.1875,49,15,ACATGGGTGATTATATGTGT,34,4881135
ygfM_xdhD_predicted,0.625,24,15,ACATCACCTTATTTACATTA,9,4888464
ygfM_xdhD_predicted,0.6875,25,15,ACAGAATACTCGGAACCGGA,10,4886211
ygfM_xdhD_predicted,0.1875,17,15,AAGCGATGTTACCCAAATTG,2,4872754
ygfM_xdhD_predicted,0.125,16,15,AAGCACGTCATTGTAGGAAG,1,4883228
ygfM_xdhD_predicted,1.4375,37,15,AAGAGGTTTAATTGCTTTGC,22,4893013
ygfM_xdhD_predicted,1.875,44,15,AACGGCTTTTGCACAGGGAG,29,4881143
ygfM_xdhD_predicted,1.5625,39,15,AACGAAGTGATTTCGGTTTT,24,4868978
ygfM_xdhD_predicted,2.8125,59,15,AACCAATCCAAGTGTGTCGT,44,4871565
ygfM_xdhD_predicted,1.5625,39,15,AAAGAATGCCCTGACAATTT,24,4872585
ygfM_xdhD_predicted,0.13333333333333333,15,14,TTTCGAAATACAGCTACACG,1,4884026
ygfM_xdhD_predicted,3.0,58,14,TTTATTGCTGTAATTGTTTC,44,4886309
ygfM_xdhD_predicted,2.1333333333333333,45,14,TTTACCTGTTTGATGCACAG,31,4885495
ygfM_xdhD_predicted,2.2666666666666666,47,14,TTTAAAGGTTTGCTTTGTGG,33,4898428
ygfM_xdhD_predicted,4.4,79,14,TTGAGTCCTGGTATTGGCCC,65,4894519
ygfM_xdhD_predicted,1.5333333333333334,36,14,TTGAGCCCGGAAAGGATGCA,22,4891784
ygfM_xdhD_predicted,0.9333333333333333,27,14,TTCGAGTCCACCAACTTATG,13,4865923
ygfM_xdhD_predicted,0.13333333333333333,15,14,TTCACGGCCTCGGCGCCGTT,1,4880555
ygfM_xdhD_predicted,1.2666666666666666,32,14,TTATACTACCTTAGTAATAT,18,4885418
ygfM_xdhD_predicted,1.2666666666666666,32,14,TTAGCCTCGAGAGGATGTTA,18,4886280
ygfM_xdhD_predicted,2.8666666666666667,56,14,TGTTTACAGTCCAAGTCTTA,42,4894368
ygfM_xdhD_predicted,1.7333333333333334,39,14,TGTTAACAGGAAGGTAGCCT,25,4869755
ygfM_xdhD_predicted,1.1333333333333333,30,14,TGTGCGGTCCATCGGCCAAT,16,4896725
ygfM_xdhD_predicted,1.5333333333333334,36,14,TGGAACGAAACGCCCTCAGC,22,4884095
ygfM_xdhD_predicted,2.533333333333333,51,14,TGCAAACCTTCTAGAAAGTA,37,4883192
ygfM_xdhD_predicted,0.3333333333333333,18,14,TGATTCGCCACTAACGCTCC,4,4891513
ygfM_xdhD_predicted,1.6,37,14,TGATGCGGGCAGCGTGGTCA,23,4867071
ygfM_xdhD_predicted,1.4666666666666666,35,14,TGACTGTTGGAACTCTGAGA,21,4897425
ygfM_xdhD_predicted,0.6,22,14,TCTCCGGGCTCACCGATCAG,8,4883940
ygfM_xdhD_predicted,0.5333333333333333,21,14,TCGTCAGGCAATCGCCGTAA,7,4865532
ygfM_xdhD_predicted,0.4666666666666667,20,14,TCGCGATCACTGACGTTGTT,6,4886785
ygfM_xdhD_predicted,0.4666666666666667,20,14,TCCTCCACCCCCGAGGCAAC,6,4869117
ygfM_xdhD_predicted,0.4666666666666667,20,14,TCAATTAAAGGGCCTGCGAA,6,4883714
ygfM_xdhD_predicted,4.266666666666667,77,14,TCAATGCTGATGGTTGGGCC,63,4864167
ygfM_xdhD_predicted,0.8666666666666667,26,14,TAGGGTTAGATCAAGGCAGA,12,4874700
ygfM_xdhD_predicted,0.6666666666666666,23,14,TACTGTCAGTCGTTCCCGCT,9,4875623
ygfM_xdhD_predicted,0.6,22,14,TAAAGACGGGGTGTTATACA,8,4895346
ygfM_xdhD_predicted,0.9333333333333333,27,14,GTTTTTGTTGGATGTCTGCC,13,4872758
ygfM_xdhD_predicted,1.0666666666666667,29,14,GTTTCATAACACAAACCGTG,15,4896715
ygfM_xdhD_predicted,0.9333333333333333,27,14,GTGGACATTCAATTGTAGAT,13,4881665
ygfM_xdhD_predicted,0.6,22,14,GTATTCGGTTTGCGCGCTAC,8,4874470
ygfM_xdhD_predicted,0.13333333333333333,15,14,GTATCAATTAACTGAACCCA,1,4897681
ygfM_xdhD_predicted,3.2,61,14,GGTTAACAGGTGTCAGAGAA,47,4874928
ygfM_xdhD_predicted,1.2,31,14,GGTGGCTAAACCAGCCGACT,17,4898897
ygfM_xdhD_predicted,0.26666666666666666,17,14,GGTGGCGTTAGTGGCGGTAT,3,4883400
ygfM_xdhD_predicted,1.7333333333333334,39,14,GGTCATGACCCCAATAGTAC,25,4872326
ygfM_xdhD_predicted,1.7333333333333334,39,14,GGCGCCGAGGGGCATAATCA,25,4887597
ygfM_xdhD_predicted,0.4,19,14,GGATTGTCGACAGTTCACTA,5,4890971
ygfM_xdhD_predicted,0.26666666666666666,17,14,GCTACCTCACCGATCGGTTA,3,4871980
ygfM_xdhD_predicted,0.8,25,14,GCGCATTAAATTCGTTGGGT,11,4871164
ygfM_xdhD_predicted,1.8666666666666667,41,14,GCCTCTAGATACTGACAGAA,27,4876406
ygfM_xdhD_predicted,1.7333333333333334,39,14,GCCTACAATATTCCGGACGG,25,4887166
ygfM_xdhD_predicted,1.1333333333333333,30,14,GCCGCGGAAGGTCCATTGAC,16,4884197
ygfM_xdhD_predicted,0.4666666666666667,20,14,GCCCAATAGATGTAGCGGTC,6,4883699
ygfM_xdhD_predicted,1.6666666666666667,38,14,GCCAGCACCGGCCTACCAGC,24,4876995
ygfM_xdhD_predicted,0.4,19,14,GAGGCCGTACCCCCCTAGGC,5,4877811
ygfM_xdhD_predicted,1.2666666666666666,32,14,GAGCATCCGGCCGGACGCGT,18,4865724
ygfM_xdhD_predicted,2.3333333333333335,48,14,GACAATGGGCGCCTCGCAGA,34,4895496
ygfM_xdhD_predicted,4.266666666666667,77,14,GAATTGCCGTAAGAATGAAA,63,4864296
ygfM_xdhD_predicted,0.3333333333333333,18,14,GAATACAGGGGCCCGGAGTA,4,4873323
ygfM_xdhD_predicted,2.6,52,14,GAACTGGAGGCGCCTATGAA,38,4886964
ygfM_xdhD_predicted,0.13333333333333333,15,14,GAACGACGGGAATGCTCCCC,1,4891040
ygfM_xdhD_predicted,1.3333333333333333,33,14,GAACCCAAGACTATGAGCTT,19,4865713
ygfM_xdhD_predicted,1.3333333333333333,33,14,CTTTCCTTGCGCTCCCAGCT,19,4874775
ygfM_xdhD_predicted,2.3333333333333335,48,14,CTTTCAACCGATAGTAAATA,34,4891350
ygfM_xdhD_predicted,1.3333333333333333,33,14,CTTGTGGGTTTCGAAAGTGA,19,4878426
ygfM_xdhD_predicted,2.3333333333333335,48,14,CTTGTAAGCCCTTGGGTCCG,34,4888105
ygfM_xdhD_predicted,1.2666666666666666,32,14,CTTGCATTCTTAAAAGACTT,18,4875615
ygfM_xdhD_predicted,5.6,97,14,CTGTTGACCCAGTAAGACTT,83,4869460
ygfM_xdhD_predicted,0.26666666666666666,17,14,CTCTGGGTTAGAGCTCCCCG,3,4878310
ygfM_xdhD_predicted,0.8666666666666667,26,14,CTCTGACGAGTAGGGGAGCG,12,4894484
ygfM_xdhD_predicted,1.0666666666666667,29,14,CTCCTGTACGCGGAGGTGCC,15,4869402
ygfM_xdhD_predicted,1.8666666666666667,41,14,CTCCGATAGTACAAAGTTCA,27,4881456
ygfM_xdhD_predicted,0.13333333333333333,15,14,CTCCAAAGACAACTGACGAG,1,4880607
ygfM_xdhD_predicted,0.13333333333333333,15,14,CTAGAATACATTAACGATCA,1,4889435
ygfM_xdhD_predicted,1.0666666666666667,29,14,CGTTGAATCGGATAGCTAGC,15,4892607
ygfM_xdhD_predicted,1.3333333333333333,33,14,CGTTACGTGTAATGCCTTGC,19,4889375
ygfM_xdhD_predicted,3.533333333333333,66,14,CGTTAAGTGGAGCGCCTGTT,52,4882281
ygfM_xdhD_predicted,1.5333333333333334,36,14,CGGGTGTCTTGCGTCGGTCA,22,4871913
ygfM_xdhD_predicted,0.13333333333333333,15,14,CGGGGAGCGCCCAGGGTTCG,1,4893217
ygfM_xdhD_predicted,1.4,34,14,CGGCCCGCAGCTCTGACCGG,20,4884694
ygfM_xdhD_predicted,0.6666666666666666,23,14,CGGAGACTTGGCACAGTTGC,9,4884000
ygfM_xdhD_predicted,1.4,34,14,CGCTACGGCAGAGGACGCTA,20,4891127
ygfM_xdhD_predicted,1.1333333333333333,30,14,CGCGTCAAGTGTTCTGCCTT,16,4883937
ygfM_xdhD_predicted,1.9333333333333333,42,14,CGCAGCCATACGCTGGTACC,28,4889132
ygfM_xdhD_predicted,2.4,49,14,CGATTTTCAAAGGACGGTTT,35,4885496
ygfM_xdhD_predicted,1.4,34,14,CGAGTCTCAGTGGGAACCTG,20,4887767
ygfM_xdhD_predicted,1.3333333333333333,33,14,CGACAAGTAACTCACTCATT,19,4892610
ygfM_xdhD_predicted,1.3333333333333333,33,14,CGAAATTTCATGGTACCCTG,19,4865954
ygfM_xdhD_predicted,1.2666666666666666,32,14,CGAAAATTGATGGACATAAA,18,4876151
ygfM_xdhD_predicted,1.6666666666666667,38,14,CCTGTCTAAGTGGTGACTAG,24,4884936
ygfM_xdhD_predicted,1.5333333333333334,36,14,CCTGCTACTTCGAACATGCA,22,4876428
ygfM_xdhD_predicted,1.0,28,14,CCGGTATCAGGGCGGCGACA,14,4890082
ygfM_xdhD_predicted,0.13333333333333333,15,14,CCCTTCCGGTGTGAATGCCT,1,4872647
ygfM_xdhD_predicted,2.1333333333333333,45,14,CCATGAACACGGATGAACGT,31,4869759
ygfM_xdhD_predicted,2.2,46,14,CCAAGCGTATCTTTGCTAAA,32,4864281
ygfM_xdhD_predicted,1.4666666666666666,35,14,CCAACATTAGAGGCTCAAAC,21,4866750
ygfM_xdhD_predicted,0.13333333333333333,15,14,CATTGCACCATCGGGGGTCT,1,4896412
ygfM_xdhD_predicted,0.9333333333333333,27,14,CATCTGTACAATAGACAGCT,13,4888237
ygfM_xdhD_predicted,1.6,37,14,CAATGCAATCGTAAGTCTAT,23,4875163
ygfM_xdhD_predicted,2.1333333333333333,45,14,CAAGTGGTCCAGTCAGCCGA,31,4877653
ygfM_xdhD_predicted,0.13333333333333333,15,14,CAAGTGGGTATAGGAGAAAA,1,4866641
ygfM_xdhD_predicted,1.0,28,14,CAACAGTGTTTTCGCGTCTG,14,4868619
ygfM_xdhD_predicted,1.0666666666666667,29,14,CAAAGGGGGTGTTGAGTGAC,15,4888984
ygfM_xdhD_predicted,1.4666666666666666,35,14,ATTTTTGGAAGAAAACAGCT,21,4891201
ygfM_xdhD_predicted,2.1333333333333333,45,14,ATTTGTGGCACCTATTACTG,31,4868196
ygfM_xdhD_predicted,2.066666666666667,44,14,ATTGATAAGTTTACCGCTTC,30,4867386
ygfM_xdhD_predicted,3.2666666666666666,62,14,ATTAAACCACGGCCAATCTC,48,4877158
ygfM_xdhD_predicted,2.2,46,14,ATGCTTCCATGGTGCTCGTT,32,4893313
ygfM_xdhD_predicted,1.0666666666666667,29,14,ATGCATTAACGGTGCCAATG,15,4878291
ygfM_xdhD_predicted,0.26666666666666666,17,14,ATCTCTACATGGACACTGTT,3,4878927
ygfM_xdhD_predicted,3.1333333333333333,60,14,ATCCATAGTGTAGGATTGAA,46,4884440
ygfM_xdhD_predicted,1.1333333333333333,30,14,AGTCTTCTTCGACTCAGCAG,16,4892109
ygfM_xdhD_predicted,0.9333333333333333,27,14,AGTCATACTTAGATTCAAGT,13,4868405
ygfM_xdhD_predicted,0.4,19,14,AGTAAAATGCTCTCCGGATG,5,4868368
ygfM_xdhD_predicted,1.2,31,14,AGGTTTGTCTTGACCGTGAT,17,4878626
ygfM_xdhD_predicted,2.2666666666666666,47,14,AGGTTGGACTCCCTTATGTA,33,4880350
ygfM_xdhD_predicted,2.066666666666667,44,14,AGGTCGTCCACACGAAATGG,30,4897378
ygfM_xdhD_predicted,0.2,16,14,AGGTAAGTCAATAGGTGTGT,2,4884210
ygfM_xdhD_predicted,1.8666666666666667,41,14,AGGGTGAAGTGGCCTAAAGT,27,4877837
ygfM_xdhD_predicted,2.533333333333333,51,14,AGGCAATACGGAAGTAGGTA,37,4869440
ygfM_xdhD_predicted,0.6666666666666666,23,14,AGCGGGAAGGGTTTATGCGC,9,4896330
ygfM_xdhD_predicted,2.4,49,14,AGCCCAAAGATGACGTCATT,35,4888746
ygfM_xdhD_predicted,2.3333333333333335,48,14,AGCCAGCAATCTCTTAGGTA,34,4880465
ygfM_xdhD_predicted,2.2,46,14,AGAACTGACCAGGCAGGTAG,32,4892348
ygfM_xdhD_predicted,0.13333333333333333,15,14,ACTATGCATGTTATCGCACT,1,4865639
ygfM_xdhD_predicted,0.4666666666666667,20,14,ACGGGCATACTATAGGACTG,6,4885666
ygfM_xdhD_predicted,2.2666666666666666,47,14,ACCTATCGAGTGGGGTCGTC,33,4896414
ygfM_xdhD_predicted,0.4666666666666667,20,14,ACATTCTCCCGAAGGGAATA,6,4894000
ygfM_xdhD_predicted,1.0,28,14,ACAGGGGCACCCGTTATCGT,14,4864077
ygfM_xdhD_predicted,0.4666666666666667,20,14,AATTCGGGCTTGAGTAAACG,6,4895469
ygfM_xdhD_predicted,1.6666666666666667,38,14,AATTAGATAAGGTATAGTCT,24,4870355
ygfM_xdhD_predicted,3.6666666666666665,68,14,AATGACCTTGGTTAATACGC,54,4867343
ygfM_xdhD_predicted,0.7333333333333333,24,14,AATATCCAATTCCCCCGGAA,10,4888236
ygfM_xdhD_predicted,2.4,49,14,AATACGTCACACCCCAATGT,35,4886152
ygfM_xdhD_predicted,0.6666666666666666,23,14,AATACGTAAGCCCTTTCAGC,9,4893172
ygfM_xdhD_predicted,1.4,34,14,AAGTCATCGAAGCCATGGGA,20,4880413
ygfM_xdhD_predicted,0.5714285714285714,20,13,TTGGCTAAGCATCACCAATG,7,4887085
ygfM_xdhD_predicted,1.6428571428571428,35,13,TTGACTATTACTGTTGTGTT,22,4885186
ygfM_xdhD_predicted,0.14285714285714285,14,13,TTCCCCCATACTGGCATCAT,1,4893149
ygfM_xdhD_predicted,5.571428571428571,90,13,TTCATAGCGTCTGTGCTTAT,77,4864773
ygfM_xdhD_predicted,1.4285714285714286,32,13,TTCATAGAAACCCTTGGTCA,19,4883954
ygfM_xdhD_predicted,1.5,33,13,TTCAGGGGTGGAGAGGTTAG,20,4889345
ygfM_xdhD_predicted,1.7142857142857142,36,13,TTACTTTAGTATAGACATTA,23,4884794
ygfM_xdhD_predicted,0.5,19,13,TTACCGGATGCGAAAATTGT,6,4883666
ygfM_xdhD_predicted,2.5714285714285716,48,13,TTAATCATTTACCACTACAG,35,4885091
ygfM_xdhD_predicted,0.35714285714285715,17,13,TGTCATATCGGTTCTTATGA,4,4879443
ygfM_xdhD_predicted,0.7142857142857143,22,13,TGGGTCATGCTTCTGCAGCA,9,4874355
ygfM_xdhD_predicted,1.2857142857142858,30,13,TGGCGGAACGGACTTTGGTG,17,4880793
ygfM_xdhD_predicted,1.6428571428571428,35,13,TGGCATGATACAAGTTAAAT,22,4880168
ygfM_xdhD_predicted,0.9285714285714286,25,13,TGGCACGTATCACAAACAAA,12,4864824
ygfM_xdhD_predicted,0.7857142857142857,23,13,TGCTCCGGTCTTCTAACCCG,10,4897325
ygfM_xdhD_predicted,1.0,26,13,TGCGTATGTGTATGTAGGTA,13,4897974
ygfM_xdhD_predicted,1.2857142857142858,30,13,TGCACGGGACATAATGACAA,17,4887324
ygfM_xdhD_predicted,3.5,61,13,TGACACTGTGGCCACCGACT,48,4873560
ygfM_xdhD_predicted,0.2857142857142857,16,13,TGAAAATGGGGATGCCAAGG,3,4888037
ygfM_xdhD_predicted,0.14285714285714285,14,13,TCTCTTGCACATGGTAACTG,1,4884637
ygfM_xdhD_predicted,0.9285714285714286,25,13,TCTCGACGGTAACAATCGCG,12,4871231
ygfM_xdhD_predicted,3.642857142857143,63,13,TCGGCCTGCCCTAGCTGCCC,50,4898639
ygfM_xdhD_predicted,1.4285714285714286,32,13,TCCCCGGGAATGTCAGCCCC,19,4865898
ygfM_xdhD_predicted,0.7142857142857143,22,13,TCCCACGCCGGTGGCGGCTG,9,4881700
ygfM_xdhD_predicted,2.642857142857143,49,13,TCAGTGAGAGCATCCGCATG,36,4866110
ygfM_xdhD_predicted,1.5,33,13,TCAGGTGTGCGGGCCAGGGC,20,4878452
ygfM_xdhD_predicted,0.9285714285714286,25,13,TCAGGCCATGGGGCCGAAAG,12,4870133
ygfM_xdhD_predicted,0.5,19,13,TATATGTCAGCCTTATCCGT,6,4866388
ygfM_xdhD_predicted,2.142857142857143,42,13,TATAGTGTGCTTACCTTCGC,29,4881117
ygfM_xdhD_predicted,0.5,19,13,TAGGCTGTGTGAACTGCGGG,6,4875276
ygfM_xdhD_predicted,0.14285714285714285,14,13,TACGAGCGACATCAGAGAAG,1,4880211
ygfM_xdhD_predicted,0.14285714285714285,14,13,TACCCGTTCTGCAACCCTGT,1,4896546
ygfM_xdhD_predicted,0.14285714285714285,14,13,TACAGTCCCTGCAAACCGTA,1,4887358
ygfM_xdhD_predicted,1.2142857142857142,29,13,TACAATAGACAAGTAATTTA,16,4898279
ygfM_xdhD_predicted,3.357142857142857,59,13,TAAGATATAATTTTGCTCTC,46,4888444
ygfM_xdhD_predicted,5.357142857142857,87,13,TAACTCTCTCAAATACCGCA,74,4874927
ygfM_xdhD_predicted,0.9285714285714286,25,13,GTGAGTGTCCCAGGGCTGGT,12,4868720
ygfM_xdhD_predicted,1.0,26,13,GTCAGGACATAAGCGACAGC,13,4893630
ygfM_xdhD_predicted,0.5,19,13,GTAAGGCTGCCCTCTCGGAA,6,4887938
ygfM_xdhD_predicted,3.5,61,13,GGTGTATTCTATAGCGCCTG,48,4880969
ygfM_xdhD_predicted,0.35714285714285715,17,13,GGGACGCCGGATCTGTCGCT,4,4880334
ygfM_xdhD_predicted,1.7857142857142858,37,13,GGCTGATACCCCGAACCGGC,24,4898626
ygfM_xdhD_predicted,0.6428571428571429,21,13,GGAGCGTGATAACATCCGGA,8,4873203
ygfM_xdhD_predicted,0.14285714285714285,14,13,GCTAGATCTAATGGGGTTGC,1,4882037
ygfM_xdhD_predicted,2.2142857142857144,43,13,GCGCCTTAACAGGCCTCCTG,30,4893700
ygfM_xdhD_predicted,0.14285714285714285,14,13,GCCTTAATAAAGGGCATCAG,1,4896963
ygfM_xdhD_predicted,2.0,40,13,GCCGTTCGACGACTCTAGAC,27,4880645
ygfM_xdhD_predicted,0.14285714285714285,14,13,GCCCGAGTGTAGCATTTGGT,1,4878832
ygfM_xdhD_predicted,0.2857142857142857,16,13,GCCAGGCTCGCAACCGATTT,3,4893463
ygfM_xdhD_predicted,0.8571428571428571,24,13,GCACTCATTTTGTTGCGGCT,11,4884442
ygfM_xdhD_predicted,2.0,40,13,GATTTACACAGAATTTTTCC,27,4883388
ygfM_xdhD_predicted,1.2142857142857142,29,13,GATGTGCCCTAGGTTGTGCC,16,4883622
ygfM_xdhD_predicted,0.21428571428571427,15,13,GATCGGAGACAAGGCGAGCT,2,4893425
ygfM_xdhD_predicted,0.14285714285714285,14,13,GAGGAATTGCTTTATCTGCG,1,4894024
ygfM_xdhD_predicted,0.14285714285714285,14,13,GAGAAATTCGGTACCGTCGT,1,4866391
ygfM_xdhD_predicted,0.14285714285714285,14,13,GACTATAGGCTGACTACCAG,1,4890257
ygfM_xdhD_predicted,0.9285714285714286,25,13,GACTAGGTGCTGAAAAGGGA,12,4887729
ygfM_xdhD_predicted,1.2857142857142858,30,13,GACGACGTCAGTCCCTTGGA,17,4877477
ygfM_xdhD_predicted,0.14285714285714285,14,13,GACCGCGAACTAAGATTTCA,1,4864538
ygfM_xdhD_predicted,0.2857142857142857,16,13,GAATGGGCCGACATGCCGTC,3,4883700
ygfM_xdhD_predicted,0.14285714285714285,14,13,GAAGTTGCCGTTGTGCCGCG,1,4879194
ygfM_xdhD_predicted,2.357142857142857,45,13,GAAGCATCCCGTTGGGTCCT,32,4870389
ygfM_xdhD_predicted,1.1428571428571428,28,13,CTTCGAAGCAGCCCAATAGC,15,4892893
ygfM_xdhD_predicted,1.9285714285714286,39,13,CTTACGGTGTCCTGTATGCT,26,4864370
ygfM_xdhD_predicted,1.6428571428571428,35,13,CTTAACGTTCCTGAGTGGGG,22,4883708
ygfM_xdhD_predicted,1.6428571428571428,35,13,CTGGCGCATGTCAGAAACTC,22,4874261
ygfM_xdhD_predicted,4.0,68,13,CTGGAAGCTCCCGTTAGGTA,55,4868397
ygfM_xdhD_predicted,3.2142857142857144,57,13,CTGCACTCACCATCGGATCA,44,4896490
ygfM_xdhD_predicted,1.0714285714285714,27,13,CTCTGGGTATGTATCATGTT,14,4881969
ygfM_xdhD_predicted,1.9285714285714286,39,13,CTCTACTCCGGTTCTTTGTC,26,4864735
ygfM_xdhD_predicted,1.2857142857142858,30,13,CTCGTCTCAACGGCGGAGGT,17,4877836
ygfM_xdhD_predicted,0.9285714285714286,25,13,CTCGACCGATAGTACGTTAT,12,4878969
ygfM_xdhD_predicted,1.1428571428571428,28,13,CTAGCGGTAATGTATGTTTA,15,4876074
ygfM_xdhD_predicted,2.357142857142857,45,13,CTAAATGTATTAGTAGGTCG,32,4877573
ygfM_xdhD_predicted,0.14285714285714285,14,13,CGTTCAGTAATACGTAAGCG,1,4891600
ygfM_xdhD_predicted,1.8571428571428572,38,13,CGTGTAAAGTTGGGGTAAGG,25,4871229
ygfM_xdhD_predicted,1.7857142857142858,37,13,CGGCCAGCGAATCCCCAGTG,24,4893054
ygfM_xdhD_predicted,1.0,26,13,CGGACGGCATTACACGCCGA,13,4883317
ygfM_xdhD_predicted,0.14285714285714285,14,13,CGGACCATTCTGGTTGTCAA,1,4873465
ygfM_xdhD_predicted,1.6428571428571428,35,13,CGCGAACGACAAGATACGTG,22,4873909
ygfM_xdhD_predicted,0.14285714285714285,14,13,CGCAGTCTCCCTTGCTGATT,1,4885400
ygfM_xdhD_predicted,0.5714285714285714,20,13,CGCAGATAGTTGGTATCGTA,7,4871445
ygfM_xdhD_predicted,1.4285714285714286,32,13,CGAACTCCAATTCCTACAGC,19,4896284
ygfM_xdhD_predicted,0.7142857142857143,22,13,CCTTCCTTCGCGTCAAACCT,9,4873043
ygfM_xdhD_predicted,3.142857142857143,56,13,CCTAGTACGTCTTAGCTTGA,43,4893574
ygfM_xdhD_predicted,1.1428571428571428,28,13,CCGTTAATGAGCGTCGCGGG,15,4894638
ygfM_xdhD_predicted,0.42857142857142855,18,13,CCGTGAGTCGCGGTCTGCAT,5,4877318
ygfM_xdhD_predicted,2.4285714285714284,46,13,CCCGGTGGTAACTCCAGAGA,33,4869683
ygfM_xdhD_predicted,1.3571428571428572,31,13,CCCCACACCCCTACTTGGTA,18,4867802
ygfM_xdhD_predicted,1.5,33,13,CCCACACAGCAAGTTTCGCG,20,4866956
ygfM_xdhD_predicted,2.142857142857143,42,13,CCACACAAACTCCGCCTAGT,29,4875386
ygfM_xdhD_predicted,0.5,19,13,CATCTATCACTACTCCGACC,6,4891843
ygfM_xdhD_predicted,2.7142857142857144,50,13,CATCCGACCTGGCGACTATT,37,4867490
ygfM_xdhD_predicted,0.14285714285714285,14,13,CAGGAAATATCACGGGAAGT,1,4889802
ygfM_xdhD_predicted,0.8571428571428571,24,13,CAGGAAACCGGCCCCACTTA,11,4881410
ygfM_xdhD_predicted,2.642857142857143,49,13,CAGACACTTCAAGGGCATAG,36,4875454
ygfM_xdhD_predicted,1.3571428571428572,31,13,CACTCATGCTTGGGAGGGCT,18,4890661
ygfM_xdhD_predicted,1.0,26,13,CACAGTCTTAGAGAGTTACT,13,4899282
ygfM_xdhD_predicted,0.14285714285714285,14,13,CAAGCACTAGGGCCGTGTCA,1,4869617
ygfM_xdhD_predicted,0.7857142857142857,23,13,CAACCAGGGACGAGCGTTGG,10,4894180
ygfM_xdhD_predicted,0.14285714285714285,14,13,CAAACATGAGGCACTTTAGA,1,4875052
ygfM_xdhD_predicted,4.0,68,13,ATTGGCACGATCTTAGCTTA,55,4877057
ygfM_xdhD_predicted,2.5,47,13,ATTATGGTAAATGTCATCGA,34,4868258
ygfM_xdhD_predicted,0.6428571428571429,21,13,ATGAAAGGCTGTTGGATTAT,8,4869667
ygfM_xdhD_predicted,0.9285714285714286,25,13,ATCTCGTATGCGAAAAACCC,12,4889598
ygfM_xdhD_predicted,0.14285714285714285,14,13,ATCGTTTGTCCGCGGGAATT,1,4870286
ygfM_xdhD_predicted,3.5714285714285716,62,13,ATCCTCCAGTTTGCATCTCC,49,4895649
ygfM_xdhD_predicted,2.7857142857142856,51,13,ATAGCCATGAAGATATGGCA,38,4865125
ygfM_xdhD_predicted,0.7142857142857143,22,13,ATACTTAGGCGTCACCATCA,9,4890500
ygfM_xdhD_predicted,2.2142857142857144,43,13,ATAAGCCGAGCATTTCCCGT,30,4864673
ygfM_xdhD_predicted,2.7857142857142856,51,13,AGTGAACTCTGTCTTGGACA,38,4879837
ygfM_xdhD_predicted,0.14285714285714285,14,13,AGTCTCCTAGTGCGTCCAAG,1,4870550
ygfM_xdhD_predicted,0.8571428571428571,24,13,AGTCCCGGTCGGGCGAGAAG,11,4866101
ygfM_xdhD_predicted,0.8571428571428571,24,13,AGGGCCGCGCCGCAATGCTT,11,4883239
ygfM_xdhD_predicted,0.35714285714285715,17,13,AGGATGCGATGGTTTCCTCA,4,4896362
ygfM_xdhD_predicted,0.21428571428571427,15,13,AGCGGACCCGTAAGAGGGGT,2,4898266
ygfM_xdhD_predicted,1.7857142857142858,37,13,AGCCCAGTGAGCTGAGGATT,24,4865303
ygfM_xdhD_predicted,1.4285714285714286,32,13,AGAGACGTCTTGCTTCTAAT,19,4886591
ygfM_xdhD_predicted,0.14285714285714285,14,13,AGACTGGCAGGTCGGCACTC,1,4875617
ygfM_xdhD_predicted,2.2142857142857144,43,13,AGAACATGGGGGCGCGTCCA,30,4875222
ygfM_xdhD_predicted,1.3571428571428572,31,13,ACTTATCTTTAAATGACCAA,18,4873978
ygfM_xdhD_predicted,1.5,33,13,ACTGGTCCGCACCCTTGTCG,20,4884938
ygfM_xdhD_predicted,1.8571428571428572,38,13,ACTCTCTAGATAGCTTTCCC,25,4864756
ygfM_xdhD_predicted,0.14285714285714285,14,13,ACGCTTTCTCTAGTGAAGAT,1,4884838
ygfM_xdhD_predicted,1.9285714285714286,39,13,ACGCGCCCGTTCTTTGTATA,26,4891093
ygfM_xdhD_predicted,0.5714285714285714,20,13,ACCCGCCGGGTCCTGCTCGT,7,4895093
ygfM_xdhD_predicted,1.0,26,13,ACCCCTGGCACTGGTTGCTA,13,4877813
ygfM_xdhD_predicted,1.2857142857142858,30,13,ACATCCACAACCACGGCCAC,17,4868516
ygfM_xdhD_predicted,3.642857142857143,63,13,ACAGACCGTGACCCCTGCAA,50,4880494
ygfM_xdhD_predicted,0.21428571428571427,15,13,ACAAGCGATAGGAAAGCCAT,2,4880672
ygfM_xdhD_predicted,2.0,40,13,ACAAAAAGTCTATCGGTTAA,27,4878388
ygfM_xdhD_predicted,1.3571428571428572,31,13,AATTAGCAAATTGTTACCAA,18,4894162
ygfM_xdhD_predicted,1.7857142857142858,37,13,AATCCCAACGGATAGTTGTT,24,4892925
ygfM_xdhD_predicted,0.42857142857142855,18,13,AATCAAGGGCAGGGCTGTCC,5,4897269
ygfM_xdhD_predicted,0.42857142857142855,18,13,AAGTGCTTTGTTACTCTCGC,5,4892456
ygfM_xdhD_predicted,1.0,26,13,AAGGTCCCTTGCTTCTCTAC,13,4892602
ygfM_xdhD_predicted,0.2857142857142857,16,13,AAGGTACGACTATTTTCCCA,3,4882015
ygfM_xdhD_predicted,1.7857142857142858,37,13,AAGGCTGCCGAACGTACAAA,24,4894760
ygfM_xdhD_predicted,2.5,47,13,AAATTTTACAGTCCCGGGTC,34,4885591
ygfM_xdhD_predicted,7.714285714285714,120,13,AAATTAGTATCGGAGGGTGC,107,4887463
ygfM_xdhD_predicted,4.428571428571429,74,13,AAATAATGCCTGATGCCTTT,61,4891829
ygfM_xdhD_predicted,1.3571428571428572,31,13,AAACTCTGCTCTTGTTTCTT,18,4867118
ygfM_xdhD_predicted,1.6428571428571428,35,13,AAAATCTGGTGATAAGCGCA,22,4886250
ygfM_xdhD_predicted,1.5,33,13,AAAACGCAGACAACTGCCTG,20,4876210
ygfM_xdhD_predicted,1.1428571428571428,28,13,AAAAACAGTCGCCGCCATTG,15,4869890
ygfM_xdhD_predicted,0.5384615384615384,18,12,TTTCACGGACTCACGCACTC,6,4888690
ygfM_xdhD_predicted,3.1538461538461537,52,12,TTGCCGTAACCCTCCACAGG,40,4895140
ygfM_xdhD_predicted,2.4615384615384617,43,12,TTCTGTGAGTGCCATAACAT,31,4892968
ygfM_xdhD_predicted,0.15384615384615385,13,12,TTCTCGCATTAGTATCTGTT,1,4882532
ygfM_xdhD_predicted,1.3846153846153846,29,12,TTCGACACATTGGTGGCTCC,17,4888586
ygfM_xdhD_predicted,3.3076923076923075,54,12,TTCCTATTTAGTTCGCGAGT,42,4875828
ygfM_xdhD_predicted,0.15384615384615385,13,12,TTAAATCTCGCGGTTGAATC,1,4868090
ygfM_xdhD_predicted,0.15384615384615385,13,12,TTAAAAAGGACGACAGCTGG,1,4898000
ygfM_xdhD_predicted,0.15384615384615385,13,12,TGTTATTTTCTCGACTGCAT,1,4878356
ygfM_xdhD_predicted,2.8461538461538463,48,12,TGGTTTCGTGGCAGCCCATG,36,4883810
ygfM_xdhD_predicted,0.7692307692307693,21,12,TGGGATTAATACCGACACAG,9,4888946
ygfM_xdhD_predicted,1.0,24,12,TGCGGCTCGTTTTGAGGGAC,12,4880141
ygfM_xdhD_predicted,0.7692307692307693,21,12,TGCAATTTCGCCTGAATTCT,9,4864489
ygfM_xdhD_predicted,1.6153846153846154,32,12,TGCAATGTGGTAGGGAGGTT,20,4887050
ygfM_xdhD_predicted,2.6153846153846154,45,12,TGATTCTCCTTTACTTAGTA,33,4876299
ygfM_xdhD_predicted,1.4615384615384615,30,12,TGAGCGTATAGGCAACCTGC,18,4867500
ygfM_xdhD_predicted,5.230769230769231,79,12,TGAATACGCAGAGCGAAGAC,67,4895356
ygfM_xdhD_predicted,0.6153846153846154,19,12,TCTTTCCGGGTGAAAGTACG,7,4874794
ygfM_xdhD_predicted,4.384615384615385,68,12,TCGTAACATGCTGTGCAATT,56,4883540
ygfM_xdhD_predicted,1.0,24,12,TCGGTGACTACCTCGTCTTA,12,4886629
ygfM_xdhD_predicted,2.076923076923077,38,12,TCGACCCAAGCTAATCAGGG,26,4868554
ygfM_xdhD_predicted,1.6923076923076923,33,12,TCGAATCGGACTAGCCATTT,21,4892972
ygfM_xdhD_predicted,1.0769230769230769,25,12,TCCTGTAAGCGGGTCTCGAG,13,4865246
ygfM_xdhD_predicted,1.8461538461538463,35,12,TCCCATCACGACTTAACATA,23,4872985
ygfM_xdhD_predicted,6.615384615384615,97,12,TCACTACGAAGCCATTTACA,85,4895636
ygfM_xdhD_predicted,0.15384615384615385,13,12,TATGTAATCTGGTCTTATGG,1,4886725
ygfM_xdhD_predicted,2.230769230769231,40,12,TATGAAAACCCAACCTCCCC,28,4871014
ygfM_xdhD_predicted,2.076923076923077,38,12,TAGGCAGATTGTTAAGGGGT,26,4876906
ygfM_xdhD_predicted,1.5384615384615385,31,12,TAGACCTGGTGGCGCGTGCA,19,4894909
ygfM_xdhD_predicted,2.1538461538461537,39,12,TACTGGAGAATAAGCTTCAG,27,4883203
ygfM_xdhD_predicted,0.6153846153846154,19,12,TACTCTCCAATGCGTGAGCG,7,4887047
ygfM_xdhD_predicted,4.6923076923076925,72,12,TACTATGTGCAAAGCCGGGA,60,4899586
ygfM_xdhD_predicted,2.3846153846153846,42,12,TACGCCGGCTTTACCCTGCA,30,4865349
ygfM_xdhD_predicted,1.0,24,12,TACCAGTCTAGTCGGCTTTA,12,4871533
ygfM_xdhD_predicted,0.15384615384615385,13,12,TAACTTCTTTTAACTGAGCA,1,4890907
ygfM_xdhD_predicted,1.0,24,12,GTTTGGCATCGCCTATAATA,12,4890750
ygfM_xdhD_predicted,1.0,24,12,GTTGTCTAGTGGGCACGCAA,12,4868357
ygfM_xdhD_predicted,1.3076923076923077,28,12,GTTGTACGGTACTGTCTGTT,16,4864785
ygfM_xdhD_predicted,0.3076923076923077,15,12,GTTCTGTAAGTTCATTCCCT,3,4869424
ygfM_xdhD_predicted,0.9230769230769231,23,12,GTTCTCTGTTAGAAGTCCTC,11,4890504
ygfM_xdhD_predicted,1.6153846153846154,32,12,GTTCATCATGTCAACACCCG,20,4875826
ygfM_xdhD_predicted,1.6923076923076923,33,12,GTTAACAGTGGCTTGTAGTA,21,4892740
ygfM_xdhD_predicted,1.7692307692307692,34,12,GTGTATCCGTCTTCGTGGCC,22,4868512
ygfM_xdhD_predicted,1.9230769230769231,36,12,GTGCTGTATGCCGCAACATG,24,4895328
ygfM_xdhD_predicted,1.0,24,12,GTGCGCAATCCAAGGGAGCG,12,4889513
ygfM_xdhD_predicted,1.6153846153846154,32,12,GTCGCGGAGCGTCAGTCTTC,20,4883511
ygfM_xdhD_predicted,1.8461538461538463,35,12,GTCCTAACGTTATCAGTTTT,23,4886593
ygfM_xdhD_predicted,1.3846153846153846,29,12,GTCCCTCCCGCGGCAAGTTC,17,4873598
ygfM_xdhD_predicted,0.15384615384615385,13,12,GTCATACCGTAGATCAACAA,1,4895807
ygfM_xdhD_predicted,5.3076923076923075,80,12,GTATACCCTACAGTGGAAAT,68,4872640
ygfM_xdhD_predicted,0.5384615384615384,18,12,GTAACGGCTGTCCTCGAACT,6,4896111
ygfM_xdhD_predicted,1.0,24,12,GGTTGGAGCTACGATCATTA,12,4893640
ygfM_xdhD_predicted,1.0769230769230769,25,12,GGTTCTAATCTGTCGGCTAC,13,4864422
ygfM_xdhD_predicted,5.153846153846154,78,12,GGTCTTCTATCATCCTTTAT,66,4881514
ygfM_xdhD_predicted,1.8461538461538463,35,12,GGGTCTAATCAGTACTGAAA,23,4872650
ygfM_xdhD_predicted,1.2307692307692308,27,12,GGCAGAAGGCGAGCCGCTGT,15,4873511
ygfM_xdhD_predicted,1.7692307692307692,34,12,GCTTTGATTCAAGTTGCGTA,22,4883409
ygfM_xdhD_predicted,1.6153846153846154,32,12,GCTTGGGTTCCGTATGTCAC,20,4894906
ygfM_xdhD_predicted,1.9230769230769231,36,12,GCTACCTCGGCTCTTGACGA,24,4865518
ygfM_xdhD_predicted,1.5384615384615385,31,12,GCCTCAACACATTGACGTGA,19,4891419
ygfM_xdhD_predicted,0.15384615384615385,13,12,GCCGCGTTACCCCTCGCTTA,1,4866931
ygfM_xdhD_predicted,2.769230769230769,47,12,GCCCTTTCGGACGCTACAAG,35,4880439
ygfM_xdhD_predicted,0.5384615384615384,18,12,GCCACTTTCAATGTCTGAAA,6,4895747
ygfM_xdhD_predicted,0.15384615384615385,13,12,GCATCGACTCGACATCGAAA,1,4871235
ygfM_xdhD_predicted,0.7692307692307693,21,12,GATTCGGCGTTTCCAGACTT,9,4877878
ygfM_xdhD_predicted,2.3846153846153846,42,12,GATGTCTCTGTAAAGAACTG,30,4866628
ygfM_xdhD_predicted,0.5384615384615384,18,12,GAGGAGATCTAAGCCATCAA,6,4895914
ygfM_xdhD_predicted,1.4615384615384615,30,12,GAGATACTACCAAATAGCCT,18,4883657
ygfM_xdhD_predicted,0.3076923076923077,15,12,GAGAGATAAGCGCTTTGGAA,3,4886664
ygfM_xdhD_predicted,1.6923076923076923,33,12,GACTTTTTATACCTGAGCAG,21,4881032
ygfM_xdhD_predicted,2.5384615384615383,44,12,GAAGATTAGGAACATTTCGT,32,4870745
ygfM_xdhD_predicted,0.15384615384615385,13,12,CTGATTCTGGTGTCGGGAAC,1,4869123
ygfM_xdhD_predicted,3.076923076923077,51,12,CTCCTGTTAGGACGCCGAGT,39,4897609
ygfM_xdhD_predicted,1.0,24,12,CTCCAATTGGCGCCTCTTGG,12,4871852
ygfM_xdhD_predicted,1.1538461538461537,26,12,CTCCAAGTGATTCGTGAAGT,14,4867652
ygfM_xdhD_predicted,2.230769230769231,40,12,CTAGTAAGCGATCCTCTTTA,28,4872428
ygfM_xdhD_predicted,0.15384615384615385,13,12,CGTGTTCCAGTTGAGGAGGT,1,4871146
ygfM_xdhD_predicted,2.5384615384615383,44,12,CGTGACCATCGAATAATGAG,32,4884993
ygfM_xdhD_predicted,1.0769230769230769,25,12,CGTACCTGTCCAGGCAACTG,13,4875774
ygfM_xdhD_predicted,0.9230769230769231,23,12,CGGCTAAGACAGTGAACGAA,11,4891953
ygfM_xdhD_predicted,1.6923076923076923,33,12,CGGCGAAGAAGGGTTCGAGC,21,4891963
ygfM_xdhD_predicted,0.15384615384615385,13,12,CGCTTCAGAAACCTCCTCTT,1,4878540
ygfM_xdhD_predicted,0.15384615384615385,13,12,CGCTAGACGGCTCGCTCCCA,1,4865431
ygfM_xdhD_predicted,0.23076923076923078,14,12,CGCGGATTATAATGATTCTA,2,4878911
ygfM_xdhD_predicted,1.5384615384615385,31,12,CGCGATGCACCGTTGAAACT,19,4897261
ygfM_xdhD_predicted,1.2307692307692308,27,12,CCTTGACGCAAGCGGGCTTG,15,4864904
ygfM_xdhD_predicted,1.5384615384615385,31,12,CCTCAAGTTGCCCAGCAAAG,19,4896751
ygfM_xdhD_predicted,1.3076923076923077,28,12,CCTACTTATAGGTCGTGTGA,16,4876632
ygfM_xdhD_predicted,0.15384615384615385,13,12,CCGTGGCCAAAGCACTTTTG,1,4882386
ygfM_xdhD_predicted,0.15384615384615385,13,12,CCGTGGACGGGACGGTCAGA,1,4886214
ygfM_xdhD_predicted,0.5384615384615384,18,12,CCGACCATGACAGCTACAAG,6,4883094
ygfM_xdhD_predicted,0.5384615384615384,18,12,CCCTGCAGACAGAAGCCATA,6,4892919
ygfM_xdhD_predicted,0.15384615384615385,13,12,CCCGCAGCCCCTATTTCAGG,1,4880905
ygfM_xdhD_predicted,1.3076923076923077,28,12,CCCCCCGGCGCTCTTTGGTC,16,4864154
ygfM_xdhD_predicted,2.923076923076923,49,12,CCAGGTATAGGAGATCAAGC,37,4882892
ygfM_xdhD_predicted,2.8461538461538463,48,12,CATGGTCGGCATGAGAGGTA,36,4877842
ygfM_xdhD_predicted,1.9230769230769231,36,12,CATCCCTTGTGACTGGTCTT,24,4884160
ygfM_xdhD_predicted,1.1538461538461537,26,12,CATACTCAAGGAAGCCAGTC,14,4865426
ygfM_xdhD_predicted,1.3076923076923077,28,12,CAGTAAGTAGGATTCGTTAA,16,4867223
ygfM_xdhD_predicted,2.076923076923077,38,12,CAGATTTGGGACGATTTTAC,26,4883044
ygfM_xdhD_predicted,0.8461538461538461,22,12,CACAGCCTTTATCATTTCAT,10,4878181
ygfM_xdhD_predicted,2.6923076923076925,46,12,CAAGTCTTTATTTGGCACTT,34,4869734
ygfM_xdhD_predicted,3.230769230769231,53,12,CAAAGCGTCGCCAGAATGAG,41,4883601
ygfM_xdhD_predicted,1.4615384615384615,30,12,CAAACTACAAATTGAGAAAA,18,4887420
ygfM_xdhD_predicted,2.923076923076923,49,12,CAAACATGTAATACCAGTAT,37,4882246
ygfM_xdhD_predicted,2.076923076923077,38,12,ATTGTTCAACGTCTTCTAGT,26,4882592
ygfM_xdhD_predicted,0.15384615384615385,13,12,ATTCCTGACAGCTCGCGCCA,1,4885494
ygfM_xdhD_predicted,1.0769230769230769,25,12,ATTATCTAGACCACACCTAA,13,4865393
ygfM_xdhD_predicted,1.1538461538461537,26,12,ATGTAGATGCCACTTGAAAG,14,4886558
ygfM_xdhD_predicted,0.15384615384615385,13,12,ATCTTGTTTTCACTTGGCGT,1,4866292
ygfM_xdhD_predicted,0.5384615384615384,18,12,ATCGTCATGCTATGAAGGAA,6,4870984
ygfM_xdhD_predicted,0.46153846153846156,17,12,ATCACCCCGTCGTAGGGGGG,5,4867896
ygfM_xdhD_predicted,2.0,37,12,ATATTCATAAAAATTATCTG,25,4866133
ygfM_xdhD_predicted,6.6923076923076925,98,12,AGGCTTGTGTCGTAGAGGAC,86,4867443
ygfM_xdhD_predicted,1.3846153846153846,29,12,AGAGTAGCCAGAGTTTCGGC,17,4871095
ygfM_xdhD_predicted,0.6153846153846154,19,12,AGAAGCACTTTCCCATCTTG,7,4879984
ygfM_xdhD_predicted,0.46153846153846156,17,12,ACGTGACTTGGGAACGTCAA,5,4889592
ygfM_xdhD_predicted,0.9230769230769231,23,12,ACGCAAGGGAAACTCCTTGA,11,4880910
ygfM_xdhD_predicted,1.9230769230769231,36,12,ACGATGGTCGGGAACGATCA,24,4877313
ygfM_xdhD_predicted,2.6153846153846154,45,12,ACCGCTCAGTAGCACAGCAG,33,4886693
ygfM_xdhD_predicted,1.2307692307692308,27,12,ACCCACGCCAATCGGAGCCA,15,4887357
ygfM_xdhD_predicted,1.9230769230769231,36,12,ACCAATTCTTTACGGAACCA,24,4895659
ygfM_xdhD_predicted,1.3846153846153846,29,12,ACATCTAGTTAGCGAGGATG,17,4874987
ygfM_xdhD_predicted,0.7692307692307693,21,12,ACAGTACTTAGTGTGAGATC,9,4880269
ygfM_xdhD_predicted,3.6923076923076925,59,12,ACACTAGGGCAAATACACAT,47,4894941
ygfM_xdhD_predicted,0.15384615384615385,13,12,ACACAGGAGTAGACCACGGC,1,4887999
ygfM_xdhD_predicted,0.23076923076923078,14,12,AATCGAGTGTGCAATGGACG,2,4872691
ygfM_xdhD_predicted,3.4615384615384617,56,12,AATAACCTTATATGGGGACA,44,4881611
ygfM_xdhD_predicted,1.6153846153846154,32,12,AAGTGGCGTATGGAACCCTG,20,4879930
ygfM_xdhD_predicted,1.0769230769230769,25,12,AAGCTCATGCCACCGAGTAG,13,4886183
ygfM_xdhD_predicted,1.0,24,12,AAGCGGGCCCCTGACAGACA,12,4866676
ygfM_xdhD_predicted,1.3076923076923077,28,12,AAAGCCGTCCAGTCATTTGC,16,4865120
ygfM_xdhD_predicted,2.5384615384615383,44,12,AAAACTGCCACTGGACTGGT,32,4875943
ygfM_xdhD_predicted,0.3333333333333333,14,11,TTTCAACTAAAGTTACAATC,3,4882924
ygfM_xdhD_predicted,0.16666666666666666,12,11,TTGTCGCTACCGTTCAGCGT,1,4870293
ygfM_xdhD_predicted,0.16666666666666666,12,11,TTGATGATATAACCAGCAGG,1,4863961
ygfM_xdhD_predicted,3.5833333333333335,53,11,TTGATGACCTCGGCTCACAC,42,4876823
ygfM_xdhD_predicted,1.9166666666666667,33,11,TTCGTATACGTTTATCGCCT,22,4887489
ygfM_xdhD_predicted,0.25,13,11,TTCGATGATCAATGGCCTTG,2,4865193
ygfM_xdhD_predicted,0.16666666666666666,12,11,TTATGTGTTAATTCCAATGT,1,4866454
ygfM_xdhD_predicted,4.0,58,11,TGTACCATCAGGGCCGTAGA,47,4871935
ygfM_xdhD_predicted,0.16666666666666666,12,11,TGGCTGCCCGGAGCCAAGAT,1,4868507
ygfM_xdhD_predicted,1.1666666666666667,24,11,TGCTTTATTCAGATGGGGCA,13,4892097
ygfM_xdhD_predicted,2.1666666666666665,36,11,TGCTAGAGTTTCCCTAAGCT,25,4871807
ygfM_xdhD_predicted,0.16666666666666666,12,11,TGCGCTAAAACTATACCATT,1,4876801
ygfM_xdhD_predicted,3.1666666666666665,48,11,TGAACACAAGATTTCTGCCT,37,4892920
ygfM_xdhD_predicted,3.0833333333333335,47,11,TCTTGTGTTAATCCCAAGGA,36,4890775
ygfM_xdhD_predicted,1.4166666666666667,27,11,TCTCTTTCTGTAAAAGCTTG,16,4879958
ygfM_xdhD_predicted,1.75,31,11,TCTATTTGTGCGGTTAAGTC,20,4881142
ygfM_xdhD_predicted,1.9166666666666667,33,11,TCGTGGATTGGTCCGCACGT,22,4889719
ygfM_xdhD_predicted,3.0833333333333335,47,11,TCGTCTAAAAAGTGAAAGGA,36,4886125
ygfM_xdhD_predicted,0.3333333333333333,14,11,TCGATGATGGGCGGATAATA,3,4873990
ygfM_xdhD_predicted,2.3333333333333335,38,11,TCGAGGGCTCTGGTCATGCG,27,4888007
ygfM_xdhD_predicted,5.916666666666667,81,11,TCGAGGAAAGCTAACGTTGA,70,4869720
ygfM_xdhD_predicted,0.16666666666666666,12,11,TCCGTTGGCGTATTGTGGTG,1,4898236
ygfM_xdhD_predicted,5.0,70,11,TCAGAGTGTGGAGTTGCCTA,59,4880962
ygfM_xdhD_predicted,1.0833333333333333,23,11,TCACTTCCGTTAAAAGGCGT,12,4892178
ygfM_xdhD_predicted,1.9166666666666667,33,11,TATCGCTGCAACGTCCATCT,22,4895393
ygfM_xdhD_predicted,0.25,13,11,TAGCTGTGGATCATTCCAAT,2,4886932
ygfM_xdhD_predicted,0.6666666666666666,18,11,TACTCCTCGCCATGGATTCG,7,4871792
ygfM_xdhD_predicted,1.25,25,11,TACCGCGGCTTGCAAGATCA,14,4880798
ygfM_xdhD_predicted,0.16666666666666666,12,11,TACACCGGAGCCGTAGTCAG,1,4873811
ygfM_xdhD_predicted,1.5,28,11,TAATGTCTCCGGTTACCTCA,17,4892075
ygfM_xdhD_predicted,1.25,25,11,TAAGTGTCGATCGAACCGAT,14,4880960
ygfM_xdhD_predicted,1.8333333333333333,32,11,TAAACGCAACTGGGCGTTTA,21,4864378
ygfM_xdhD_predicted,0.6666666666666666,18,11,GTTTACACGATCGGTTGCGA,7,4894429
ygfM_xdhD_predicted,0.75,19,11,GTGTGGAGGATCAGACGCTG,8,4888139
ygfM_xdhD_predicted,0.16666666666666666,12,11,GTGGCTAATGCTATTGAAAT,1,4878391
ygfM_xdhD_predicted,1.75,31,11,GTGGACAAGAGGCACCGATG,20,4881141
ygfM_xdhD_predicted,1.5833333333333333,29,11,GTGCCGGCTCGCCGGAACAA,18,4887182
ygfM_xdhD_predicted,0.6666666666666666,18,11,GTGATTCAGGGTGAACGCCT,7,4866642
ygfM_xdhD_predicted,0.16666666666666666,12,11,GTCTTTGGGATCGTCCCAGT,1,4886944
ygfM_xdhD_predicted,0.16666666666666666,12,11,GTATGACCTGGCTTGCGAAT,1,4864929
ygfM_xdhD_predicted,2.5833333333333335,41,11,GTACATGAAAAACACTAGCG,30,4894971
ygfM_xdhD_predicted,1.4166666666666667,27,11,GGTGCTATGCAGACTCGTAC,16,4871625
ygfM_xdhD_predicted,0.16666666666666666,12,11,GGTCCGAGGCCGAGTCTGTG,1,4888148
ygfM_xdhD_predicted,1.5,28,11,GGGTTTTGAACGCGGGCACA,17,4893296
ygfM_xdhD_predicted,0.3333333333333333,14,11,GGGGAGCGATTTTACTCGTA,3,4898308
ygfM_xdhD_predicted,6.333333333333333,86,11,GGCTATTCAGGGTTTTCGGA,75,4896091
ygfM_xdhD_predicted,0.16666666666666666,12,11,GGCCACAAGGTGTGTTCGAT,1,4881841
ygfM_xdhD_predicted,0.8333333333333334,20,11,GGACTGGGTCATAGACGAGA,9,4880972
ygfM_xdhD_predicted,3.6666666666666665,54,11,GCTCGCATGCCGATTGGCGA,43,4882298
ygfM_xdhD_predicted,1.6666666666666667,30,11,GCTCCACTGATCGCAGGCGG,19,4875661
ygfM_xdhD_predicted,0.16666666666666666,12,11,GCTACCGTAAGTCTTGGATC,1,4883108
ygfM_xdhD_predicted,0.75,19,11,GCGCGTTAACCGTAAAAGAC,8,4876928
ygfM_xdhD_predicted,1.5,28,11,GCGCAGCAATATCTAATCGG,17,4866740
ygfM_xdhD_predicted,1.75,31,11,GCCGTTCAGTCGGGTGATAA,20,4898608
ygfM_xdhD_predicted,1.75,31,11,GCCCCGGCATGTAAGGTCGC,20,4875274
ygfM_xdhD_predicted,0.3333333333333333,14,11,GCCCATCCGGTGAGCTGCGG,3,4893407
ygfM_xdhD_predicted,2.5,40,11,GATCGAAAAACATTTGATTA,29,4886894
ygfM_xdhD_predicted,0.6666666666666666,18,11,GATATGTCGTAGGTGGGACG,7,4863890
ygfM_xdhD_predicted,2.1666666666666665,36,11,GACTTACTCTTTCGGTGCAA,25,4867947
ygfM_xdhD_predicted,1.0833333333333333,23,11,GACGCTTTATCCATAAAAGA,12,4894119
ygfM_xdhD_predicted,0.6666666666666666,18,11,GACCGATGATGATGGAGTGT,7,4898578
ygfM_xdhD_predicted,0.9166666666666666,21,11,GACCCTACCCGGCGAGGTCG,10,4887316
ygfM_xdhD_predicted,2.75,43,11,GACAGAGCACGAACCTATCC,32,4897235
ygfM_xdhD_predicted,2.1666666666666665,36,11,GAAGTGATATAGGAGTGAGG,25,4895060
ygfM_xdhD_predicted,2.0,34,11,CTTTTTTTGAGCGTACTCTA,23,4865461
ygfM_xdhD_predicted,1.5833333333333333,29,11,CTTCTAGATGTCGTCACCCG,18,4894214
ygfM_xdhD_predicted,3.1666666666666665,48,11,CTCAAAAATTCTATAACAAG,37,4872541
ygfM_xdhD_predicted,2.25,37,11,CTAGGAATCTGCCGTTACTC,26,4873807
ygfM_xdhD_predicted,1.4166666666666667,27,11,CTAAGGCTATTCGAAGGGTA,16,4870327
ygfM_xdhD_predicted,0.25,13,11,CGGTGCAGATAGTCCGCCCG,2,4876600
ygfM_xdhD_predicted,1.25,25,11,CGGGCCCCTCCAACCGTTCA,14,4874203
ygfM_xdhD_predicted,1.0,22,11,CGGCTTAGCAGACGTCCGAA,11,4890992
ygfM_xdhD_predicted,0.16666666666666666,12,11,CGCGGTGTTGGCGTGTAACC,1,4885538
ygfM_xdhD_predicted,0.5,16,11,CGCGCATGACAAATGGCACT,5,4873977
ygfM_xdhD_predicted,1.3333333333333333,26,11,CGATGGCTTAAATCAATAAA,15,4894139
ygfM_xdhD_predicted,0.25,13,11,CGAGAATGGCAATGCGCCAA,2,4865088
ygfM_xdhD_predicted,0.16666666666666666,12,11,CCTTTTGAACGCTAAGTGAT,1,4894756
ygfM_xdhD_predicted,2.1666666666666665,36,11,CCTTTTCGATGACGTAACAG,25,4881027
ygfM_xdhD_predicted,0.16666666666666666,12,11,CCTGGCGACCCACCCGTCAA,1,4865612
ygfM_xdhD_predicted,1.6666666666666667,30,11,CCTGAATGAAACTCTCCTGG,19,4897946
ygfM_xdhD_predicted,1.0833333333333333,23,11,CCGTGTAGAGGCTTGAAACA,12,4884924
ygfM_xdhD_predicted,0.25,13,11,CCGGCCGGTAGGTACCGGGC,2,4892944
ygfM_xdhD_predicted,0.25,13,11,CCGAAGGGTAGATTCTCCTC,2,4891219
ygfM_xdhD_predicted,1.0833333333333333,23,11,CCCTAAGACGGGTACAAGAT,12,4881622
ygfM_xdhD_predicted,1.5,28,11,CCATGTTACTCACAGGGCCT,17,4869769
ygfM_xdhD_predicted,0.5833333333333334,17,11,CCAGCCACATACTTCTAATG,6,4884536
ygfM_xdhD_predicted,3.75,55,11,CATGTACGAGTTACCGGATT,44,4865717
ygfM_xdhD_predicted,0.9166666666666666,21,11,CATCCGGACCTCCTGAGTAC,10,4897260
ygfM_xdhD_predicted,2.0833333333333335,35,11,CATACTTAACACGAGGCCGC,24,4874234
ygfM_xdhD_predicted,0.16666666666666666,12,11,CATAACGGTGGTAGGAATTA,1,4882893
ygfM_xdhD_predicted,0.5833333333333334,17,11,CAGTTGAGCAGAGGATCCGG,6,4884688
ygfM_xdhD_predicted,1.25,25,11,CACGCCGGTTTCCCAATGAT,14,4894885
ygfM_xdhD_predicted,1.4166666666666667,27,11,CACCTTTATGGCTGGCCCGC,16,4880913
ygfM_xdhD_predicted,0.5,16,11,CACCGGTTTTGGGGTCTTAC,5,4866312
ygfM_xdhD_predicted,0.6666666666666666,18,11,CACCGCGATGGGCGTTTGAT,7,4890627
ygfM_xdhD_predicted,1.25,25,11,CAAGCGACTACATCCAGGGA,14,4869008
ygfM_xdhD_predicted,0.9166666666666666,21,11,CAAGATATAATGGTGACCCG,10,4871101
ygfM_xdhD_predicted,1.75,31,11,CAACGAGGCTTTAGGCAGAA,20,4884047
ygfM_xdhD_predicted,2.1666666666666665,36,11,CAACCTCTCCACTGGCTACG,25,4870055
ygfM_xdhD_predicted,2.1666666666666665,36,11,ATTTGGGCATAAAGAAAGGT,25,4889920
ygfM_xdhD_predicted,1.5,28,11,ATTAGGGGCGGCTTGTCTAT,17,4866004
ygfM_xdhD_predicted,0.6666666666666666,18,11,ATGGTACCACACGCGCCTGC,7,4889266
ygfM_xdhD_predicted,2.5,40,11,ATGCTGCTCTCTCGTGGTGC,29,4886150
ygfM_xdhD_predicted,0.16666666666666666,12,11,ATGCGGAACCCGTTGAGCGA,1,4877724
ygfM_xdhD_predicted,6.416666666666667,87,11,ATGATACTCCTATTACTCGA,76,4875434
ygfM_xdhD_predicted,0.6666666666666666,18,11,ATCGTGCGTGCAGCTGGATA,7,4886618
ygfM_xdhD_predicted,1.9166666666666667,33,11,ATCACATGCATCGAAAATGC,22,4888483
ygfM_xdhD_predicted,2.3333333333333335,38,11,ATATTGCCAGCAATGTCACC,27,4891179
ygfM_xdhD_predicted,1.4166666666666667,27,11,ATAGTGTATCGTGCCAGTTA,16,4864632
ygfM_xdhD_predicted,1.4166666666666667,27,11,ATAAAGCATAGTGGTGCAAG,16,4875861
ygfM_xdhD_predicted,2.0833333333333335,35,11,AGTGACCTATCACGAACTAA,24,4884483
ygfM_xdhD_predicted,0.5833333333333334,17,11,AGGGTCTGCGCACGATACTA,6,4894610
ygfM_xdhD_predicted,0.6666666666666666,18,11,AGGCGGCCTTACGTCCAGTT,7,4865173
ygfM_xdhD_predicted,0.25,13,11,AGGAGGATCTTTGTTCAACT,2,4875216
ygfM_xdhD_predicted,2.3333333333333335,38,11,AGCGCTAGTACGTACGGGTT,27,4890735
ygfM_xdhD_predicted,0.5,16,11,AGCGCAGCAGAAGATTATAA,5,4888146
ygfM_xdhD_predicted,0.25,13,11,AGCCGTTCGCTCAATTTAAT,2,4889233
ygfM_xdhD_predicted,3.75,55,11,AGATGGCTTACCTCCTGCTG,44,4890948
ygfM_xdhD_predicted,0.3333333333333333,14,11,AGATAAAAAGCTACCGGTAG,3,4887141
ygfM_xdhD_predicted,3.9166666666666665,57,11,AGAGCTCAGCGTACGGGCGA,46,4881060
ygfM_xdhD_predicted,0.6666666666666666,18,11,AGACCATGCGAACTTGTTCG,7,4874628
ygfM_xdhD_predicted,0.4166666666666667,15,11,AGAAGCCTATTGCCGTCCCT,4,4876113
ygfM_xdhD_predicted,2.6666666666666665,42,11,AGAAGATAACGCGTCTTGCA,31,4883843
ygfM_xdhD_predicted,3.0,46,11,ACTTGTCGTCAACCGGACCT,35,4897650
ygfM_xdhD_predicted,0.16666666666666666,12,11,ACTTGTCCGATCGTCATCAA,1,4880890
ygfM_xdhD_predicted,0.6666666666666666,18,11,ACTTGACCTGGGAAAGCCCA,7,4893410
ygfM_xdhD_predicted,3.25,49,11,ACTGTGTACAAGGTTCGCGT,38,4875767
ygfM_xdhD_predicted,0.16666666666666666,12,11,ACTCGCGTAAACGCACGGGA,1,4889087
ygfM_xdhD_predicted,5.583333333333333,77,11,ACTAAGTTTGAGATCATCGA,66,4872425
ygfM_xdhD_predicted,0.5833333333333334,17,11,ACGGATTTGCCTGTGAGTCT,6,4881421
ygfM_xdhD_predicted,0.8333333333333334,20,11,ACGATTACGCTGAACGACGT,9,4866012
ygfM_xdhD_predicted,0.16666666666666666,12,11,ACCTTGATATGGCGTATACG,1,4864366
ygfM_xdhD_predicted,3.0,46,11,ACAGACAGCCGCTACGAAGG,35,4868908
ygfM_xdhD_predicted,1.4166666666666667,27,11,ACAACTAACGTTCGGAGGCT,16,4869287
ygfM_xdhD_predicted,1.4166666666666667,27,11,AATTTGATAGCTACATCATT,16,4897250
ygfM_xdhD_predicted,1.3333333333333333,26,11,AATTATCCTGGTGAGTTGAA,15,4874185
ygfM_xdhD_predicted,1.4166666666666667,27,11,AATGGGAAACATTGACATCC,16,4874062
ygfM_xdhD_predicted,2.0833333333333335,35,11,AATCCACGAGTCAATAAACT,24,4889755
ygfM_xdhD_predicted,0.8333333333333334,20,11,AAGTTATCGAATCATAGTGG,9,4880731
ygfM_xdhD_predicted,1.5833333333333333,29,11,AAGTGCGGATCACTACGACG,18,4896620
ygfM_xdhD_predicted,0.16666666666666666,12,11,AAGTATGACTCGGAGCCGTG,1,4892172
ygfM_xdhD_predicted,2.75,43,11,AAGATACGCCATGTCATAAG,32,4865340
ygfM_xdhD_predicted,3.75,55,11,AAGAGGACTAATTGGAATCT,44,4870202
ygfM_xdhD_predicted,0.6666666666666666,18,11,AACCATCCACTCGGCCTAGG,7,4877244
ygfM_xdhD_predicted,1.4166666666666667,27,11,AAAGGTTTAATTTGCGCACG,16,4875501
ygfM_xdhD_predicted,1.7272727272727273,28,10,TTTTCACGCCTCTACTGTGG,18,4893602
ygfM_xdhD_predicted,1.4545454545454546,25,10,TTTGGGCCACGTCTGATTGC,15,4867164
ygfM_xdhD_predicted,2.090909090909091,32,10,TTGTACCTCGTCAGCACTTT,22,4880647
ygfM_xdhD_predicted,0.6363636363636364,16,10,TTGCAGCACTAGGCTCAGAG,6,4873213
ygfM_xdhD_predicted,3.0,42,10,TTGATATTCTAGTCTGACGG,32,4873140
ygfM_xdhD_predicted,3.272727272727273,45,10,TTCGCTTACCCGGGGTGAGC,35,4876353
ygfM_xdhD_predicted,1.3636363636363635,24,10,TTCCCGTCAGTTATTTAAGA,14,4885519
ygfM_xdhD_predicted,2.0,31,10,TTCCAGGGCCGATAAGTGTG,21,4889681
ygfM_xdhD_predicted,2.272727272727273,34,10,TTCACACCTATCGCGCAATT,24,4868256
ygfM_xdhD_predicted,6.545454545454546,81,10,TTATAACGTTGACCTGCGGC,71,4895745
ygfM_xdhD_predicted,0.8181818181818182,18,10,TGTTGGTAAAGCGGGATATT,8,4879534
ygfM_xdhD_predicted,2.272727272727273,34,10,TGTCATTTGTCCCCAAGTGG,24,4875279
ygfM_xdhD_predicted,2.5454545454545454,37,10,TGTAGACCGCCCATAGGCGT,27,4883035
ygfM_xdhD_predicted,3.3636363636363638,46,10,TGGTATGCCAGAGATCGCTT,36,4872677
ygfM_xdhD_predicted,0.18181818181818182,11,10,TGGGCGTCTGAGGCAGTGTC,1,4889341
ygfM_xdhD_predicted,3.1818181818181817,44,10,TGGGCCAAGATCAGAATGTA,34,4877160
ygfM_xdhD_predicted,3.6363636363636362,49,10,TGCTTAGACCGGATAAACTT,39,4887416
ygfM_xdhD_predicted,0.45454545454545453,14,10,TGCGTGCTACGTACGGTACT,4,4887774
ygfM_xdhD_predicted,1.4545454545454546,25,10,TGCGCTGAACGCCCTGGGTG,15,4866307
ygfM_xdhD_predicted,3.1818181818181817,44,10,TGCCTCCTTCTAGGGAAGCT,34,4872611
ygfM_xdhD_predicted,3.090909090909091,43,10,TGCCCCTGATCTGATACTGC,33,4866658
ygfM_xdhD_predicted,3.909090909090909,52,10,TGACGCGACATAAATTGGTC,42,4891099
ygfM_xdhD_predicted,2.8181818181818183,40,10,TCTTCGTCGGAACCGGGAGG,30,4869079
ygfM_xdhD_predicted,2.909090909090909,41,10,TCGTTACCATCAGCAATAGG,31,4882306
ygfM_xdhD_predicted,1.9090909090909092,30,10,TCGTCGGGTCCATGGATGTG,20,4867772
ygfM_xdhD_predicted,1.6363636363636365,27,10,TCGTCCTCTCATTGCCGAAT,17,4871125
ygfM_xdhD_predicted,1.7272727272727273,28,10,TCGGATGGTTCGCCCTTGAT,18,4874207
ygfM_xdhD_predicted,0.36363636363636365,13,10,TCGGAAATCAAGATTCCCAT,3,4875985
ygfM_xdhD_predicted,1.9090909090909092,30,10,TCGAGGGTCCAGATACGGAA,20,4895916
ygfM_xdhD_predicted,2.0,31,10,TCACCCTAGTAGTAGGCTCG,21,4865669
ygfM_xdhD_predicted,1.0,20,10,TATGTTACAACTTTCTGTTT,10,4883868
ygfM_xdhD_predicted,1.3636363636363635,24,10,TATGGACTTGTTAGCGAACA,14,4865879
ygfM_xdhD_predicted,4.818181818181818,62,10,TATCATTTATCACCGAGTCA,52,4877909
ygfM_xdhD_predicted,1.5454545454545454,26,10,TATAAACTTTACGCCAATTA,16,4892201
ygfM_xdhD_predicted,0.2727272727272727,12,10,TACTTATCACATGTGTACCA,2,4866467
ygfM_xdhD_predicted,2.3636363636363638,35,10,TAAGGGCTGGTCCTTCTGGT,25,4889046
ygfM_xdhD_predicted,0.18181818181818182,11,10,TAAAGATCCCGCTAAGCGAA,1,4875786
ygfM_xdhD_predicted,0.18181818181818182,11,10,TAAAGACCTACGGAACCATC,1,4867565
ygfM_xdhD_predicted,0.7272727272727273,17,10,GTGTGGTCACGTCCAATGAT,7,4897298
ygfM_xdhD_predicted,0.2727272727272727,12,10,GTCGAAGAGCTACACGGCCT,2,4881038
ygfM_xdhD_predicted,0.18181818181818182,11,10,GTATTCTGGGTGACTAACAG,1,4884589
ygfM_xdhD_predicted,0.9090909090909091,19,10,GTATCGAACTGTCTCCAAAG,9,4870521
ygfM_xdhD_predicted,2.272727272727273,34,10,GTATACTAACGGGACTGATG,24,4888058
ygfM_xdhD_predicted,2.0,31,10,GGTCCTTAGATTGATCCTAT,21,4880196
ygfM_xdhD_predicted,1.5454545454545454,26,10,GGTACGGCTGTCCATTTGCA,16,4865800
ygfM_xdhD_predicted,1.0,20,10,GGGTCATCCGTTGTCAGTTC,10,4869421
ygfM_xdhD_predicted,1.1818181818181819,22,10,GGGTACACGTAGGTAAAACT,12,4879126
ygfM_xdhD_predicted,1.4545454545454546,25,10,GGGGTCCTGTCCATCCTATC,15,4890249
ygfM_xdhD_predicted,3.272727272727273,45,10,GGGGCTGCCGACCATCGGTC,35,4873371
ygfM_xdhD_predicted,1.6363636363636365,27,10,GGGGATACGTTTCCTTCCTG,17,4881807
ygfM_xdhD_predicted,3.909090909090909,52,10,GGGGAGTGACTAGCTCTTAC,42,4874383
ygfM_xdhD_predicted,2.090909090909091,32,10,GGGCAGGCCGCGGCTCCTGT,22,4883125
ygfM_xdhD_predicted,1.5454545454545454,26,10,GGCCGGCAGAACCCGAGACG,16,4867717
ygfM_xdhD_predicted,1.1818181818181819,22,10,GGCCCCGGGCTGGGTATAGA,12,4891328
ygfM_xdhD_predicted,1.5454545454545454,26,10,GGACGGTGAGGTACTATCGC,16,4870836
ygfM_xdhD_predicted,1.7272727272727273,28,10,GGAAGTGCGAGTTATTGAGT,18,4874624
ygfM_xdhD_predicted,4.818181818181818,62,10,GCGTACGATGTCCCCGTAGT,52,4897591
ygfM_xdhD_predicted,0.2727272727272727,12,10,GCCCTGTGAGCCTCTCAGTG,2,4874109
ygfM_xdhD_predicted,2.090909090909091,32,10,GATTGAATACCGGGATGCAG,22,4865338
ygfM_xdhD_predicted,1.4545454545454546,25,10,GATTAAATCGACAATCCAGC,15,4866555
ygfM_xdhD_predicted,1.3636363636363635,24,10,GATGATTTTGATCGGAACAA,14,4866123
ygfM_xdhD_predicted,0.45454545454545453,14,10,GAGTTGGGTCCTTTAAGACT,4,4875563
ygfM_xdhD_predicted,2.3636363636363638,35,10,GAGTTCGACGTGAACATGTC,25,4880013
ygfM_xdhD_predicted,0.45454545454545453,14,10,GAGGCACGGTGCCCAGTGAT,4,4896792
ygfM_xdhD_predicted,2.1818181818181817,33,10,GAGCCACGGTTAGGACGAGT,23,4893229
ygfM_xdhD_predicted,0.7272727272727273,17,10,GACCTGGAAGAGCGGTGTAA,7,4872308
ygfM_xdhD_predicted,1.7272727272727273,28,10,GACATGTCCGGTATTCAAAT,18,4868755
ygfM_xdhD_predicted,0.18181818181818182,11,10,GACACTATCTAATAATCCTC,1,4896889
ygfM_xdhD_predicted,3.1818181818181817,44,10,GAACCACCGTCTAGCTCAGG,34,4882006
ygfM_xdhD_predicted,3.909090909090909,52,10,CTTTTTGTCCCGAAGTGTAA,42,4876588
ygfM_xdhD_predicted,0.2727272727272727,12,10,CTTTCATCTAAAAGGCCACC,2,4864007
ygfM_xdhD_predicted,2.272727272727273,34,10,CTTTACTTAGCAGGCCATTC,24,4897122
ygfM_xdhD_predicted,2.4545454545454546,36,10,CTTACGTAAATGGCTACGAA,26,4891698
ygfM_xdhD_predicted,2.6363636363636362,38,10,CTTACAATCCTTCGTCCGCT,28,4896906
ygfM_xdhD_predicted,3.5454545454545454,48,10,CTGGCTCTGACGTCTCTACT,38,4898645
ygfM_xdhD_predicted,0.6363636363636364,16,10,CTGCGGCGTTCCTTTTAGTC,6,4888759
ygfM_xdhD_predicted,1.9090909090909092,30,10,CTGAATACCTAGTTCTGTGA,20,4872014
ygfM_xdhD_predicted,0.36363636363636365,13,10,CTAAAGAGGAGGTCATTTCG,3,4866844
ygfM_xdhD_predicted,1.7272727272727273,28,10,CGTGGATAAGGGATCCTATG,18,4889326
ygfM_xdhD_predicted,2.090909090909091,32,10,CGGCAGGGGGTCCCCCTGTG,22,4895587
ygfM_xdhD_predicted,0.5454545454545454,15,10,CGGAGCGTTAACTGCAGCGG,5,4879467
ygfM_xdhD_predicted,1.5454545454545454,26,10,CGGAATAACCGCAGCCATCC,16,4871244
ygfM_xdhD_predicted,1.4545454545454546,25,10,CGCGATACCGGTTCATACCC,15,4882618
ygfM_xdhD_predicted,0.18181818181818182,11,10,CGCCGTCCAATTTTGCCTTT,1,4873638
ygfM_xdhD_predicted,1.6363636363636365,27,10,CGATGAGGGTCTCTGGATAC,17,4868818
ygfM_xdhD_predicted,0.5454545454545454,15,10,CGAGTAGCTGTAGACGGTAA,5,4899628
ygfM_xdhD_predicted,0.18181818181818182,11,10,CGAACCGCAGGAATAAGGTC,1,4881947
ygfM_xdhD_predicted,0.9090909090909091,19,10,CCTGTCCGGCACCAATAAAT,9,4884752
ygfM_xdhD_predicted,1.7272727272727273,28,10,CCTGTCAAAGTCGCCGAGCC,18,4872449
ygfM_xdhD_predicted,17.09090909090909,197,10,CCTGCCTAACGCTTTGCCGA,187,4874920
ygfM_xdhD_predicted,1.6363636363636365,27,10,CCTAGGTCTCGCGACGGTCT,17,4870088
ygfM_xdhD_predicted,1.2727272727272727,23,10,CCCGACGGGAATAGCCAACG,13,4880020
ygfM_xdhD_predicted,1.3636363636363635,24,10,CCCCATAGATGCTCAGTTTA,14,4886161
ygfM_xdhD_predicted,2.272727272727273,34,10,CCCAATCGAGCGGGGCTGGT,24,4877611
ygfM_xdhD_predicted,4.2727272727272725,56,10,CCAGGTTCACACCTCAGCCT,46,4875001
ygfM_xdhD_predicted,0.18181818181818182,11,10,CCAATATGACTCTACATCCC,1,4894378
ygfM_xdhD_predicted,0.18181818181818182,11,10,CATTTGTGGTTAGGCAACCC,1,4892898
ygfM_xdhD_predicted,2.0,31,10,CATAGTTTGCAGTTGCCATT,21,4894908
ygfM_xdhD_predicted,4.181818181818182,55,10,CAGTGCTAAGGAAATTGGCT,45,4873750
ygfM_xdhD_predicted,1.7272727272727273,28,10,CAGGACAAGAGGCGTCCAAT,18,4870888
ygfM_xdhD_predicted,1.4545454545454546,25,10,CAGGAAGGAGCGGGAGACGA,15,4893775
ygfM_xdhD_predicted,5.454545454545454,69,10,CAGAGGGTGGGCCTCTTTGC,59,4879248
ygfM_xdhD_predicted,2.0,31,10,CAGACGTGTGCGGATAGCAT,21,4887062
ygfM_xdhD_predicted,0.2727272727272727,12,10,CAGACGCGTCCTTGCGTCCT,2,4869047
ygfM_xdhD_predicted,1.1818181818181819,22,10,CACGTGCTGCAGCCGGCCAA,12,4872045
ygfM_xdhD_predicted,2.0,31,10,CACGTATTGAGGTGTCAGGC,21,4886365
ygfM_xdhD_predicted,2.0,31,10,CACGGTCGGGCTCGACCGAG,21,4899353
ygfM_xdhD_predicted,1.0,20,10,CAAGTCGCTATGTGATTTTG,10,4893798
ygfM_xdhD_predicted,1.4545454545454546,25,10,CAAGGTGTCAGATCTCTTTT,15,4886482
ygfM_xdhD_predicted,0.2727272727272727,12,10,CAACTCCAAGGGGACCTCCT,2,4880019
ygfM_xdhD_predicted,2.0,31,10,CAAATGGGGACCCGGTCCGT,21,4869543
ygfM_xdhD_predicted,0.18181818181818182,11,10,ATTTGGGAGAAAATCCAGCT,1,4870165
ygfM_xdhD_predicted,0.6363636363636364,16,10,ATTACGCGAACAGCCGCGGT,6,4865662
ygfM_xdhD_predicted,3.8181818181818183,51,10,ATGAGTCGTCTAGGACTCCT,41,4871968
ygfM_xdhD_predicted,0.18181818181818182,11,10,ATCCGAGCCAATCGTGGGTT,1,4882529
ygfM_xdhD_predicted,1.6363636363636365,27,10,ATAGGCGCCCCGCCATCTAT,17,4867048
ygfM_xdhD_predicted,2.5454545454545454,37,10,ATAGATGGTAGCGAATAGCG,27,4871736
ygfM_xdhD_predicted,1.9090909090909092,30,10,ATACACCCCACGTCGGGTTA,20,4887867
ygfM_xdhD_predicted,0.18181818181818182,11,10,ATAACTCAGAATTACTGGTC,1,4893742
ygfM_xdhD_predicted,1.8181818181818181,29,10,AGTGCTCGAATTGCATAGCA,19,4882048
ygfM_xdhD_predicted,0.18181818181818182,11,10,AGTCTTTGATACAGCAATGG,1,4896495
ygfM_xdhD_predicted,2.0,31,10,AGTCAATAGTTCGCCAGAGC,21,4864792
ygfM_xdhD_predicted,3.272727272727273,45,10,AGGTCAGAACCTGCGGATCA,35,4887508
ygfM_xdhD_predicted,2.272727272727273,34,10,AGGGGAGACGCTCTCTACTC,24,4884683
ygfM_xdhD_predicted,1.5454545454545454,26,10,AGGAATCGCTAAGGGCATTA,16,4893886
ygfM_xdhD_predicted,1.1818181818181819,22,10,AGCGATTGTTCAAGGCTGCG,12,4872915
ygfM_xdhD_predicted,0.9090909090909091,19,10,AGCCTCAATGGTAGTTTACG,9,4869981
ygfM_xdhD_predicted,1.9090909090909092,30,10,AGATACGCAAGCGTGGAATG,20,4880686
ygfM_xdhD_predicted,3.4545454545454546,47,10,AGAGATAACACTTCCTGTAC,37,4898920
ygfM_xdhD_predicted,0.2727272727272727,12,10,ACTTGGCTGGCCGTTTCAAA,2,4872865
ygfM_xdhD_predicted,2.727272727272727,39,10,ACTCAACGGCGTGCTCAATA,29,4865101
ygfM_xdhD_predicted,1.0,20,10,ACGGACTTCTCGCGGAATGA,10,4886738
ygfM_xdhD_predicted,0.18181818181818182,11,10,ACGAAGGCGAGGACGCTGAC,1,4874267
ygfM_xdhD_predicted,0.18181818181818182,11,10,ACCTAACGCGCCTGCCGGGG,1,4877630
ygfM_xdhD_predicted,1.3636363636363635,24,10,ACCGCCCAGGACCGTCACAC,14,4868822
ygfM_xdhD_predicted,0.18181818181818182,11,10,ACCAACTCGGCAGTACCGGT,1,4880308
ygfM_xdhD_predicted,1.6363636363636365,27,10,AATGACTATAGGCCCTGATA,17,4876663
ygfM_xdhD_predicted,0.7272727272727273,17,10,AATCCTATAATCAAGATTTA,7,4876466
ygfM_xdhD_predicted,4.181818181818182,55,10,AATCAGATACGGAGCATGGC,45,4876097
ygfM_xdhD_predicted,3.727272727272727,50,10,AATAGTCTATCTCTCTTTGT,40,4891604
ygfM_xdhD_predicted,0.9090909090909091,19,10,AAGCTCACTGTAGATCAAGT,9,4866472
ygfM_xdhD_predicted,0.18181818181818182,11,10,AAGCGCTCACGACTACACGT,1,4878675
ygfM_xdhD_predicted,2.090909090909091,32,10,AAGCGCACGAGTACCAGCCT,22,4890677
ygfM_xdhD_predicted,2.727272727272727,39,10,AACGATTACCAGTCAGCGTG,29,4892758
ygfM_xdhD_predicted,8.636363636363637,104,10,AACCTTGATCTGTGGTGCTT,94,4876745
ygfM_xdhD_predicted,1.4545454545454546,25,10,AACCCTGGGGGTAAGTCATC,15,4878178
ygfM_xdhD_predicted,2.6363636363636362,38,10,AAATTGGATCGATCATCTAG,28,4889180
ygfM_xdhD_predicted,4.454545454545454,58,10,AAATGTCCTGCCCTGAGGTA,48,4892892
ygfM_xdhD_predicted,1.2727272727272727,23,10,AAATGCAACTCCTCTGCGGA,13,4896100
ygfM_xdhD_predicted,0.9090909090909091,19,10,AAATCGTCCCTTTGACAGGA,9,4898317
ygfM_xdhD_predicted,0.18181818181818182,11,10,AAACGAGATGGTTAGAAACA,1,4871584
ygfM_xdhD_predicted,2.272727272727273,34,10,AAAAATGGTCTCCCAGGTTG,24,4888948
ygfM_xdhD_predicted,4.7,55,9,TTTTCAGGTGCCAGACTGGA,46,4876776
ygfM_xdhD_predicted,0.9,17,9,TTTTCAACGGTTCCATTACA,8,4892604
ygfM_xdhD_predicted,1.9,27,9,TTTAATGTTATCTCTGGTTG,18,4871368
ygfM_xdhD_predicted,0.2,10,9,TTGTGATTTTATCAGATATA,1,4874471
ygfM_xdhD_predicted,0.6,14,9,TTGGGTGTTAGCCTAAACCA,5,4885740
ygfM_xdhD_predicted,1.4,22,9,TTGGACCGGAGTTTTTGGCC,13,4884021
ygfM_xdhD_predicted,2.2,30,9,TTGGAAAAGGCCCTTGACCA,21,4896835
ygfM_xdhD_predicted,2.9,37,9,TTCTGGATTTCGGGTGAGCA,28,4896183
ygfM_xdhD_predicted,0.5,13,9,TTCGTGCTAGCGATGAGCAG,4,4875681
ygfM_xdhD_predicted,6.0,68,9,TTCCCTGTTGAATTAAGCTT,59,4873233
ygfM_xdhD_predicted,1.7,25,9,TTCACGGGCGTTGCTCTTAT,16,4865275
ygfM_xdhD_predicted,0.2,10,9,TTATGCACTCTGGGGGCAAC,1,4872741
ygfM_xdhD_predicted,0.2,10,9,TTAATGCCAAATTTCAGCAT,1,4888080
ygfM_xdhD_predicted,2.1,29,9,TGTTGGGATGAATGGTGGCT,20,4892313
ygfM_xdhD_predicted,2.0,28,9,TGTTCGTTGTGTAGGAACTT,19,4892514
ygfM_xdhD_predicted,0.4,12,9,TGTGGTATAGGAAAGTTTTA,3,4867522
ygfM_xdhD_predicted,0.6,14,9,TGTAATGTAAAGGGTCGCTC,5,4883936
ygfM_xdhD_predicted,2.9,37,9,TGGCAATAGCGTATACAGAC,28,4866595
ygfM_xdhD_predicted,0.7,15,9,TGCTGTATACTTGTAAGTCT,6,4872504
ygfM_xdhD_predicted,0.2,10,9,TGCTGGTCTCCTAGAACACT,1,4868510
ygfM_xdhD_predicted,0.7,15,9,TGCTCAATGTTCAATGTACT,6,4878659
ygfM_xdhD_predicted,4.4,52,9,TGCCGTTTTTCTTGGCGGTA,43,4895703
ygfM_xdhD_predicted,1.1,19,9,TGATAGCACGAACCACGAGC,10,4895369
ygfM_xdhD_predicted,2.6,34,9,TGAGCGTAATAGTTCAGATT,25,4882703
ygfM_xdhD_predicted,0.2,10,9,TGACTGCAGTGCATATATCG,1,4877577
ygfM_xdhD_predicted,2.3,31,9,TGAAACATTATCATCCTTTC,22,4887268
ygfM_xdhD_predicted,1.6,24,9,TCTTACGATCAGGGGGTCTG,15,4876551
ygfM_xdhD_predicted,1.3,21,9,TCTGACTGGGTGTAGGTTCT,12,4871464
ygfM_xdhD_predicted,3.8,46,9,TCTCACTAACGGAACATGAC,37,4894913
ygfM_xdhD_predicted,3.1,39,9,TCGTAAAAGATCGGGCCATC,30,4871632
ygfM_xdhD_predicted,2.1,29,9,TCGGGTTGCGTGACGTGTAT,20,4883782
ygfM_xdhD_predicted,3.3,41,9,TCCCAAGAGTCGGGAGACAT,32,4864403
ygfM_xdhD_predicted,0.3,11,9,TCCAGGGATCTGGCTATAAT,2,4874265
ygfM_xdhD_predicted,0.6,14,9,TCATCATCCAGTGGGGTGAG,5,4889093
ygfM_xdhD_predicted,1.5,23,9,TATGGTCATATTACGGTCGA,14,4865430
ygfM_xdhD_predicted,1.1,19,9,TATGGATACGCTTCTACACT,10,4867712
ygfM_xdhD_predicted,6.3,71,9,TATATCAGCGCTACAAACCT,62,4884308
ygfM_xdhD_predicted,3.6,44,9,TATAGTCATAGTGCGGCCGC,35,4879926
ygfM_xdhD_predicted,1.0,18,9,TACGTTGGCTGAACTCAAGC,9,4872039
ygfM_xdhD_predicted,0.4,12,9,TAAGTGCAATAAATATAGTA,3,4864788
ygfM_xdhD_predicted,0.7,15,9,TAAGGTAACTTCGTCTGGGT,6,4892796
ygfM_xdhD_predicted,5.8,66,9,TAAGATCTAAGGCTCCACGT,57,4893247
ygfM_xdhD_predicted,3.5,43,9,TAACTAAGCCTGGCAGGAAT,34,4878009
ygfM_xdhD_predicted,2.8,36,9,GTTTCACCTCGGAGCTCGGC,27,4893420
ygfM_xdhD_predicted,0.5,13,9,GTTCGCAATTCTGTCAATAC,4,4887675
ygfM_xdhD_predicted,1.6,24,9,GTTACCAAATATATCGCTTC,15,4889641
ygfM_xdhD_predicted,0.8,16,9,GTGCTCTCGAATCTCTACAA,7,4884747
ygfM_xdhD_predicted,1.5,23,9,GTGAGTAGGGTTTGTTCCTA,14,4888140
ygfM_xdhD_predicted,2.8,36,9,GTCTTCTGTCTTCTGGTACT,27,4891691
ygfM_xdhD_predicted,1.6,24,9,GTCTTAGTTTACCTTTTGGA,15,4873327
ygfM_xdhD_predicted,1.7,25,9,GTCCGACTTGCCTGTTCTGT,16,4888196
ygfM_xdhD_predicted,0.6,14,9,GTCCCCTGTTAGGTGTCTGT,5,4870472
ygfM_xdhD_predicted,4.0,48,9,GTCATTTTAGTAAGTTTTAG,39,4880826
ygfM_xdhD_predicted,1.9,27,9,GTCATTATGGGATGGGTTAG,18,4898099
ygfM_xdhD_predicted,1.6,24,9,GTCACCCAAGGTCACAGCCA,15,4886627
ygfM_xdhD_predicted,0.4,12,9,GTATTAAAGTTAAGGTAGAA,3,4882996
ygfM_xdhD_predicted,2.5,33,9,GTATCGATATCCGTTATAGG,24,4877543
ygfM_xdhD_predicted,1.3,21,9,GTACCATGTTTCGTTCCGAC,12,4884846
ygfM_xdhD_predicted,1.6,24,9,GTACAGGCGTTCAACACTCC,15,4893310
ygfM_xdhD_predicted,0.2,10,9,GGTTTAATAGACTCCACATC,1,4874957
ygfM_xdhD_predicted,1.5,23,9,GGTTCAGGCACAGGGTTCAT,14,4892942
ygfM_xdhD_predicted,6.2,70,9,GGTCGGAGATTCATTACCCA,61,4875153
ygfM_xdhD_predicted,0.5,13,9,GGGTCACGTTGGGGCCACGT,4,4874381
ygfM_xdhD_predicted,0.2,10,9,GGGCCCAACTGTCGCATATT,1,4889456
ygfM_xdhD_predicted,0.2,10,9,GGGATCCATAGGTTCTAGAA,1,4883640
ygfM_xdhD_predicted,0.3,11,9,GGGACTCAGATGGGGGTGCA,2,4882286
ygfM_xdhD_predicted,1.1,19,9,GGCTACTTCCGGGTCCTGAC,10,4869834
ygfM_xdhD_predicted,1.0,18,9,GGCCTAGCTTAGATAGTTTG,9,4887441
ygfM_xdhD_predicted,0.2,10,9,GGACAAGCACTAACATAACA,1,4871568
ygfM_xdhD_predicted,4.4,52,9,GGAAGGTCCACGGATATTTA,43,4875199
ygfM_xdhD_predicted,0.7,15,9,GCTTGACAACAATCGGTGCA,6,4893930
ygfM_xdhD_predicted,0.2,10,9,GCTTACACGGAAAGCGAACA,1,4869655
ygfM_xdhD_predicted,2.7,35,9,GCGTGTACACGACCGCTAAT,26,4897536
ygfM_xdhD_predicted,0.2,10,9,GCCGCCGAAGGGTTCTGAGA,1,4880323
ygfM_xdhD_predicted,1.6,24,9,GCATTATCTCCAAAGCTACT,15,4880464
ygfM_xdhD_predicted,4.3,51,9,GCAGAGACCTTTATGCGTAT,42,4864757
ygfM_xdhD_predicted,0.2,10,9,GATTGTAGCTAGTGTCGATG,1,4883876
ygfM_xdhD_predicted,0.7,15,9,GATGTTTTACGTTGGGACTG,6,4878684
ygfM_xdhD_predicted,1.9,27,9,GATCTGGAGAAGTGTATATG,18,4877088
ygfM_xdhD_predicted,1.8,26,9,GAGGGAGTACGAAGGACGAA,17,4891890
ygfM_xdhD_predicted,0.5,13,9,GAGCTAGTCATCGATGCGTA,4,4879471
ygfM_xdhD_predicted,1.1,19,9,GAAATGGGACACAATCCACA,10,4879561
ygfM_xdhD_predicted,1.9,27,9,CTTCTTGAGTTAAATTTAAC,18,4870476
ygfM_xdhD_predicted,0.6,14,9,CTGTTCGCAGGTCCCGCTTA,5,4886648
ygfM_xdhD_predicted,3.4,42,9,CTGAGGAAAAGCCTTCACAC,33,4895316
ygfM_xdhD_predicted,3.6,44,9,CTCTAAGCCTTTGAGCCCCT,35,4895233
ygfM_xdhD_predicted,2.6,34,9,CGTGCTGGGCCTTTTGCACT,25,4886609
ygfM_xdhD_predicted,1.3,21,9,CGTGCGATCCGCGCCCGGAA,12,4865203
ygfM_xdhD_predicted,1.5,23,9,CGTAGTGTCCATGTAGCACG,14,4891054
ygfM_xdhD_predicted,4.3,51,9,CGTACCGGCAGCTCAACAAC,42,4897938
ygfM_xdhD_predicted,0.2,10,9,CGGCGCAGGTGCGGCCCGGA,1,4897802
ygfM_xdhD_predicted,1.5,23,9,CGGCAGCAGCATTTTTATTT,14,4867826
ygfM_xdhD_predicted,3.0,38,9,CGCTTGACGATCGGGGTCAT,29,4899438
ygfM_xdhD_predicted,0.9,17,9,CGCTACCGAGGGTTTCCTGA,8,4871149
ygfM_xdhD_predicted,1.9,27,9,CGCGTCTAACAAATTGGATG,18,4892263
ygfM_xdhD_predicted,1.2,20,9,CGCGGTCACCCTGTCCTAAA,11,4873156
ygfM_xdhD_predicted,2.4,32,9,CGCGGCGCATCACAAGGATC,23,4896744
ygfM_xdhD_predicted,0.2,10,9,CGCCTCGAAAGCCTCCCCCG,1,4864893
ygfM_xdhD_predicted,0.2,10,9,CGCCATCGCACATACCCCCA,1,4889626
ygfM_xdhD_predicted,0.2,10,9,CGCATCTGTATAAACAGTGA,1,4875309
ygfM_xdhD_predicted,0.8,16,9,CGAGGCAGTCAGGATTCCCC,7,4869174
ygfM_xdhD_predicted,1.8,26,9,CCTTGGCGCGAGTTGCGAGG,17,4895560
ygfM_xdhD_predicted,0.3,11,9,CCTGTCTATAGATGATGCGG,2,4896831
ygfM_xdhD_predicted,0.5,13,9,CCTCTTGCGAACTACTAAAT,4,4874602
ygfM_xdhD_predicted,0.9,17,9,CCTACTGTGTTCCGGATCGT,8,4889088
ygfM_xdhD_predicted,5.1,59,9,CCTACCGAGGTACATGACAC,50,4873676
ygfM_xdhD_predicted,0.4,12,9,CCTAACGTAAGGTTCCCGGT,3,4883444
ygfM_xdhD_predicted,0.2,10,9,CCGGACTAGGCGCGGGTCTT,1,4864247
ygfM_xdhD_predicted,2.5,33,9,CCGAATTACTTTTCCCAAAA,24,4877644
ygfM_xdhD_predicted,0.7,15,9,CCCGTAACTGTTCGAATGCA,6,4891817
ygfM_xdhD_predicted,2.6,34,9,CCCGAATGGCACGACAGCCT,25,4885331
ygfM_xdhD_predicted,1.8,26,9,CCCACTGGCGTAACTTAGTC,17,4885573
ygfM_xdhD_predicted,1.3,21,9,CCCACAAACTGAGGCCAAAT,12,4879513
ygfM_xdhD_predicted,0.2,10,9,CCCAATTATTGAGGCGGCCG,1,4887954
ygfM_xdhD_predicted,1.7,25,9,CCAGTTTCAGATGGAGGCTC,16,4874849
ygfM_xdhD_predicted,0.2,10,9,CCAGCTTGAGTGCCCGTATT,1,4873924
ygfM_xdhD_predicted,1.0,18,9,CCAGCTGCGTTGCTGGCAGA,9,4870084
ygfM_xdhD_predicted,2.5,33,9,CCAGCGCTTGATCACGCGTA,24,4889909
ygfM_xdhD_predicted,0.4,12,9,CCACGTTCCGCGGATCTTTG,3,4880400
ygfM_xdhD_predicted,0.6,14,9,CCAAGTAAGTCAGGGAGGTT,5,4891377
ygfM_xdhD_predicted,1.3,21,9,CATATAAGTTGCTTTCATTA,12,4873463
ygfM_xdhD_predicted,1.8,26,9,CATACATGTAAAATCATTCC,17,4896470
ygfM_xdhD_predicted,1.8,26,9,CATAATCTGGGAAACAAGAC,17,4890858
ygfM_xdhD_predicted,2.2,30,9,CACCGCTCTAGCTCACCATA,21,4878183
ygfM_xdhD_predicted,2.4,32,9,CAATCGCATTTCCGCCAACG,23,4891988
ygfM_xdhD_predicted,2.3,31,9,ATTTAGACTGTAGTTTCCAC,22,4868049
ygfM_xdhD_predicted,4.9,57,9,ATTGCCGGCGGACAGTCAGC,48,4871441
ygfM_xdhD_predicted,3.3,41,9,ATTGCACGCGTCCAAGTCAG,32,4883276
ygfM_xdhD_predicted,3.1,39,9,ATTGCACAGGTGCATGCCTG,30,4874320
ygfM_xdhD_predicted,2.3,31,9,ATGTCGCCGTCGTACTCGTT,22,4889284
ygfM_xdhD_predicted,0.2,10,9,ATGACGTAGGTGCTCCCAGA,1,4865238
ygfM_xdhD_predicted,0.7,15,9,ATCTATTGCCTCGTGGAGAC,6,4889828
ygfM_xdhD_predicted,1.8,26,9,ATATGCTTCAAGTCTAGCCG,17,4877568
ygfM_xdhD_predicted,1.2,20,9,ATATCGTAAGAGGAGCTAAT,11,4889927
ygfM_xdhD_predicted,1.7,25,9,ATAGAGTTCCTGGAAAAGTT,16,4877127
ygfM_xdhD_predicted,2.2,30,9,AGTGTTAACGTTAAGACAGA,21,4876753
ygfM_xdhD_predicted,0.8,16,9,AGTGGGGGACTATAATATCT,7,4899424
ygfM_xdhD_predicted,2.7,35,9,AGTCGTCACCGCTGGAGTGC,26,4873658
ygfM_xdhD_predicted,0.3,11,9,AGTCCTTTAACATTATGGAA,2,4886623
ygfM_xdhD_predicted,3.7,45,9,AGTAAGATTGTTGACGTATG,36,4879971
ygfM_xdhD_predicted,0.6,14,9,AGGTTTAGAGCATGCATGAT,5,4893512
ygfM_xdhD_predicted,2.8,36,9,AGGCTTATATGCATGGGCCG,27,4887585
ygfM_xdhD_predicted,0.2,10,9,AGGAACACAACGTTATTTGA,1,4867170
ygfM_xdhD_predicted,5.0,58,9,AGCGTTTTCGTGTAGTGAAC,49,4891756
ygfM_xdhD_predicted,1.6,24,9,AGCGGAGTGAACGTTCCCAC,15,4892444
ygfM_xdhD_predicted,2.4,32,9,AGCAATGCGTACCACGGATC,23,4867776
ygfM_xdhD_predicted,0.2,10,9,AGATTGGTCACAACCAATAC,1,4889586
ygfM_xdhD_predicted,0.3,11,9,AGAGAAAAAACTAAAAAGGA,2,4889830
ygfM_xdhD_predicted,0.2,10,9,AGACCCACCACTGCCTCTAG,1,4899339
ygfM_xdhD_predicted,3.6,44,9,ACTGTCCGTTCTAGCATCTA,35,4873935
ygfM_xdhD_predicted,0.5,13,9,ACTCTGTAATTGTGTGGTTT,4,4891568
ygfM_xdhD_predicted,0.2,10,9,ACGTTTCAAGAATCGTGGGT,1,4881625
ygfM_xdhD_predicted,2.5,33,9,ACGGTATAAATAACAGTGTA,24,4866502
ygfM_xdhD_predicted,1.1,19,9,ACGGCGGTATCGTGTCGCTC,10,4898261
ygfM_xdhD_predicted,0.8,16,9,ACGCCCTTTCTCACTAACAC,7,4881578
ygfM_xdhD_predicted,1.6,24,9,ACCGCCAAATGATCTGTAGG,15,4873349
ygfM_xdhD_predicted,1.1,19,9,ACATACAATTGTTCCGTAAC,10,4888991
ygfM_xdhD_predicted,4.0,48,9,ACAGTTTGACAATGCTGCTA,39,4886597
ygfM_xdhD_predicted,0.2,10,9,ACACCTGCTAGCTATGTCGG,1,4865220
ygfM_xdhD_predicted,1.5,23,9,AATTGTCCAAACCGAGCTAG,14,4881266
ygfM_xdhD_predicted,3.2,40,9,AATTCTGTGCCACCAATCAA,31,4867786
ygfM_xdhD_predicted,1.8,26,9,AATTACCCCTAAAGCTGACA,17,4866257
ygfM_xdhD_predicted,0.2,10,9,AATATTTAGACCTAGGTGTG,1,4896819
ygfM_xdhD_predicted,0.5,13,9,AAGTTGCGTCGCTCTTAAGA,4,4899611
ygfM_xdhD_predicted,0.7,15,9,AACTGCCAGCCCTCCATAGG,6,4869032
ygfM_xdhD_predicted,6.8,76,9,AACAAGGGTCTGTCTAAAGG,67,4867975
ygfM_xdhD_predicted,1.4,22,9,AAATCAGGTAGATTAAGCAA,13,4866346
ygfM_xdhD_predicted,0.2,10,9,AAATATTGCGCTATATCCGA,1,4885193
ygfM_xdhD_predicted,0.2,10,9,AAAAAGTTCGCAGCTACCTT,1,4893010
ygfM_xdhD_predicted,1.8888888888888888,24,8,TTTTCCCCATGAGTCGGCAG,16,4883015
ygfM_xdhD_predicted,7.777777777777778,77,8,TTTTAGGCATTAGTTTGAGA,69,4888343
ygfM_xdhD_predicted,0.5555555555555556,12,8,TTTCTTGTCGTATACTGAGT,4,4889187
ygfM_xdhD_predicted,2.0,25,8,TTGTGTGCGACTATTGCGCC,17,4878313
ygfM_xdhD_predicted,6.888888888888889,69,8,TTGTCCGGAGCGACTGCATG,61,4876919
ygfM_xdhD_predicted,2.3333333333333335,28,8,TTGTAATGGCGCCCGAACTT,20,4876439
ygfM_xdhD_predicted,3.111111111111111,35,8,TTGAAGACGTTCAGCGACCT,27,4895627
ygfM_xdhD_predicted,0.3333333333333333,10,8,TTCTTAAAGCCTCACCGTGA,2,4890793
ygfM_xdhD_predicted,0.2222222222222222,9,8,TTCTATTTCGATCAGAGGGT,1,4897123
ygfM_xdhD_predicted,0.7777777777777778,14,8,TTCCGGTTGTATCCGTCGTT,6,4894057
ygfM_xdhD_predicted,1.3333333333333333,19,8,TTCCAAGCACAGTCAAACGT,11,4867815
ygfM_xdhD_predicted,1.2222222222222223,18,8,TTCACAGCGACACAGAGTTT,10,4887269
ygfM_xdhD_predicted,5.555555555555555,57,8,TTAGGGTCAGTCTTGTCTGA,49,4897891
ygfM_xdhD_predicted,4.111111111111111,44,8,TGTTGCCATAGATTAGGCTC,36,4868575
ygfM_xdhD_predicted,3.5555555555555554,39,8,TGTTCGTGTAAAGTCTAATT,31,4873594
ygfM_xdhD_predicted,1.5555555555555556,21,8,TGTGTGAGCCTACATGGACG,13,4864048
ygfM_xdhD_predicted,1.8888888888888888,24,8,TGTGCGGACTCTGGAACGCC,16,4885322
ygfM_xdhD_predicted,3.2222222222222223,36,8,TGTCCTCAGGTCGGGTCATA,28,4884211
ygfM_xdhD_predicted,9.0,88,8,TGTAATGTCCGACCGGCACC,80,4884193
ygfM_xdhD_predicted,4.555555555555555,48,8,TGGTGGGTCTAGAAAGTGCA,40,4879972
ygfM_xdhD_predicted,0.5555555555555556,12,8,TGGGTCCAAGCCGCTAGGCG,4,4882848
ygfM_xdhD_predicted,0.2222222222222222,9,8,TGGGCATTTGGACCCCGCTT,1,4891039
ygfM_xdhD_predicted,0.2222222222222222,9,8,TGGCATAAATTCGAACACTC,1,4865054
ygfM_xdhD_predicted,0.2222222222222222,9,8,TGGATTAATCAACACGAAGA,1,4879835
ygfM_xdhD_predicted,4.777777777777778,50,8,TGCTCACCGGGCTGACCGCA,42,4883641
ygfM_xdhD_predicted,1.1111111111111112,17,8,TGCCTCGCATTAACAAATGG,9,4887825
ygfM_xdhD_predicted,3.4444444444444446,38,8,TGCCCTTCGATCTCTAGAAC,30,4887048
ygfM_xdhD_predicted,0.8888888888888888,15,8,TGACTATACACCTGTGCTGA,7,4885746
ygfM_xdhD_predicted,4.444444444444445,47,8,TCTTCCAAACGCTACATAGT,39,4869513
ygfM_xdhD_predicted,4.555555555555555,48,8,TCTCAGCTACTAAAAGCTTA,40,4877155
ygfM_xdhD_predicted,2.4444444444444446,29,8,TCTAGGTAAGGGTCGAATTT,21,4869579
ygfM_xdhD_predicted,2.0,25,8,TCGTGCCAGTATGAGCTTTC,17,4877135
ygfM_xdhD_predicted,2.4444444444444446,29,8,TCGGGTAACACACATCGGCC,21,4890985
ygfM_xdhD_predicted,1.8888888888888888,24,8,TCGGGAAACCTGCTCCAATC,16,4887220
ygfM_xdhD_predicted,1.5555555555555556,21,8,TCCTAACAAGCTTCTATAGT,13,4885034
ygfM_xdhD_predicted,1.0,16,8,TCCGGTGGTACCGATGCAGC,8,4887997
ygfM_xdhD_predicted,2.6666666666666665,31,8,TCCAGGTGAACCGCCAATCG,23,4888050
ygfM_xdhD_predicted,2.6666666666666665,31,8,TCCACTCCTAAAATTATTTC,23,4872693
ygfM_xdhD_predicted,1.3333333333333333,19,8,TCAATCTCCGACGACCCAGG,11,4863865
ygfM_xdhD_predicted,6.555555555555555,66,8,TCAAAATGCTATGGGCGGCT,58,4885358
ygfM_xdhD_predicted,2.2222222222222223,27,8,TATATTAGGAACTCTGGTAC,19,4896591
ygfM_xdhD_predicted,2.7777777777777777,32,8,TAGGGGTAGCTTAAGCGGGA,24,4864485
ygfM_xdhD_predicted,2.6666666666666665,31,8,TAGCTTTGGCAGGAGTGCTC,23,4881878
ygfM_xdhD_predicted,1.2222222222222223,18,8,TACGACATAGGCCCTATGTC,10,4881936
ygfM_xdhD_predicted,1.2222222222222223,18,8,TACCATTGAATACTGTCATT,10,4896727
ygfM_xdhD_predicted,0.3333333333333333,10,8,TAATAAGTAATCTGGTAGGA,2,4878324
ygfM_xdhD_predicted,3.0,34,8,TAAGTTCGTGCCGTGGGCTA,26,4874946
ygfM_xdhD_predicted,2.4444444444444446,29,8,TAACGGCTGTACAAATGCCT,21,4893378
ygfM_xdhD_predicted,6.111111111111111,62,8,GTTTCTATGGGAAGTCTACC,54,4894536
ygfM_xdhD_predicted,0.5555555555555556,12,8,GTGCTGCGCAGAGAACGGGC,4,4864086
ygfM_xdhD_predicted,5.222222222222222,54,8,GTCCACAGGACTGTCTACTA,46,4874836
ygfM_xdhD_predicted,2.2222222222222223,27,8,GTCAGGTTATCTCCAGGAAC,19,4868517
ygfM_xdhD_predicted,1.2222222222222223,18,8,GTCACTAGCTCCACTGGCCT,10,4870169
ygfM_xdhD_predicted,0.7777777777777778,14,8,GTATTTCCACATCAACGGGA,6,4884822
ygfM_xdhD_predicted,5.555555555555555,57,8,GTATGGTGGACTAACCCTCC,49,4897651
ygfM_xdhD_predicted,0.5555555555555556,12,8,GTAAAGCGGAGGCTTAACCT,4,4869630
ygfM_xdhD_predicted,4.111111111111111,44,8,GTAAAATCACCTTGTTATGT,36,4893605
ygfM_xdhD_predicted,0.2222222222222222,9,8,GGTGGATAGGATTCGCAAAC,1,4889591
ygfM_xdhD_predicted,2.2222222222222223,27,8,GGGTATGAGAACTTGGAGCT,19,4892060
ygfM_xdhD_predicted,6.888888888888889,69,8,GGGGACCCCTTGGGGGGGGA,61,4890602
ygfM_xdhD_predicted,0.2222222222222222,9,8,GGGACAAGGCATGATGGCGA,1,4896535
ygfM_xdhD_predicted,2.6666666666666665,31,8,GGCTCGCTGCTGGTCAAAGA,23,4869383
ygfM_xdhD_predicted,2.0,25,8,GGCTACTTTCAACCAGTAAG,17,4880999
ygfM_xdhD_predicted,0.2222222222222222,9,8,GGCAACAATTACGTACGAAC,1,4878698
ygfM_xdhD_predicted,0.8888888888888888,15,8,GGAGTGCCTTTCGCCGCCGC,7,4878593
ygfM_xdhD_predicted,2.111111111111111,26,8,GGAGGCTCCTCCACACTTAT,18,4869005
ygfM_xdhD_predicted,0.4444444444444444,11,8,GGAGCTCGTACATCTAAGAT,3,4885297
ygfM_xdhD_predicted,0.2222222222222222,9,8,GGAGACAGGTTCATCCTGTA,1,4868150
ygfM_xdhD_predicted,2.111111111111111,26,8,GGACTCGCAGGAGCGCGCGT,18,4882484
ygfM_xdhD_predicted,0.3333333333333333,10,8,GCGTTACTCTTGTTCCGGCA,2,4891155
ygfM_xdhD_predicted,2.3333333333333335,28,8,GCGTGTGGCATGTAATCCTG,20,4887150
ygfM_xdhD_predicted,0.2222222222222222,9,8,GCGTAGCTGTGTGAAAATGG,1,4869369
ygfM_xdhD_predicted,0.7777777777777778,14,8,GCGATTATTGACAAGATCGG,6,4883964
ygfM_xdhD_predicted,1.8888888888888888,24,8,GCCGGGCCACCAAGAAATCA,16,4883352
ygfM_xdhD_predicted,1.1111111111111112,17,8,GCAGCCTGAAATATTTCCAA,9,4879039
ygfM_xdhD_predicted,0.2222222222222222,9,8,GCAACGTGCAACAAAACGAA,1,4880214
ygfM_xdhD_predicted,2.6666666666666665,31,8,GATTTCTTGGATATTGACTA,23,4882784
ygfM_xdhD_predicted,1.7777777777777777,23,8,GATGTTCATCATCACTGGGG,15,4868658
ygfM_xdhD_predicted,2.5555555555555554,30,8,GATAGCGTCGTGACCAACAT,22,4874656
ygfM_xdhD_predicted,0.2222222222222222,9,8,GATACGACTGATGGACCAAT,1,4882325
ygfM_xdhD_predicted,0.8888888888888888,15,8,GATACCCTTTATGGTATTAG,7,4899244
ygfM_xdhD_predicted,3.7777777777777777,41,8,GAGGTATGTCCGATGTCTGA,33,4874183
ygfM_xdhD_predicted,1.7777777777777777,23,8,GAGGATAATTTCATCAACTT,15,4887695
ygfM_xdhD_predicted,0.2222222222222222,9,8,GAGCGGGCACCGCAGATGGT,1,4884888
ygfM_xdhD_predicted,0.2222222222222222,9,8,GAGCAGATTCTGCATCCAGA,1,4877956
ygfM_xdhD_predicted,0.4444444444444444,11,8,GAGATTTTTACTATTATTGC,3,4874313
ygfM_xdhD_predicted,1.0,16,8,GACTAGTTATGCACGGACCT,8,4880899
ygfM_xdhD_predicted,0.8888888888888888,15,8,GACTAAACAGCGGAGCCCTG,7,4889945
ygfM_xdhD_predicted,3.0,34,8,GACGCGACAGTACCATATAC,26,4865256
ygfM_xdhD_predicted,1.1111111111111112,17,8,GACCGACGTAATTCCTTGAC,9,4893955
ygfM_xdhD_predicted,2.3333333333333335,28,8,GAAAGTTATTAACGAGTACG,20,4898785
ygfM_xdhD_predicted,1.2222222222222223,18,8,CTTTTGGTGCGTCGTCGAGA,10,4883942
ygfM_xdhD_predicted,1.8888888888888888,24,8,CTTGTGATTGGTGCACCTAG,16,4889144
ygfM_xdhD_predicted,1.7777777777777777,23,8,CTTATTGGTGCGCCCCACTT,15,4875383
ygfM_xdhD_predicted,2.888888888888889,33,8,CTTACGTTGCAATGAGGGGC,25,4880402
ygfM_xdhD_predicted,5.777777777777778,59,8,CTGGAACTCAAAGTCATGAT,51,4882725
ygfM_xdhD_predicted,0.6666666666666666,13,8,CTCTCCGCGCGGCTCATTAG,5,4892350
ygfM_xdhD_predicted,0.3333333333333333,10,8,CTCTCCGAATACAATTAGAT,2,4897787
ygfM_xdhD_predicted,0.4444444444444444,11,8,CTCGTTAATCCTAGTCTAGG,3,4873210
ygfM_xdhD_predicted,0.2222222222222222,9,8,CTCCACCTGCATTTGCCCAA,1,4885880
ygfM_xdhD_predicted,1.6666666666666667,22,8,CTATGACTCTACTTCCTCCA,14,4865155
ygfM_xdhD_predicted,2.888888888888889,33,8,CTAGGCTTTTCTTCCCACTA,25,4881568
ygfM_xdhD_predicted,1.4444444444444444,20,8,CTAGGCGTACGACGAACCGA,12,4878505
ygfM_xdhD_predicted,2.111111111111111,26,8,CTACCCCTACGGCGTAGTTT,18,4867785
ygfM_xdhD_predicted,2.4444444444444446,29,8,CTAAAGCGTTATGGCTCGCC,21,4888176
ygfM_xdhD_predicted,0.2222222222222222,9,8,CGTCTTGTCACTATGCCAGC,1,4888059
ygfM_xdhD_predicted,0.2222222222222222,9,8,CGTAGGCTCAGTACCGCCTC,1,4871050
ygfM_xdhD_predicted,3.2222222222222223,36,8,CGGGCATAAACGCGTGTTCA,28,4868127
ygfM_xdhD_predicted,0.7777777777777778,14,8,CGGGAACTGTATCTGTACTT,6,4875056
ygfM_xdhD_predicted,0.2222222222222222,9,8,CGGCTGTGGTCCACCCACTT,1,4866451
ygfM_xdhD_predicted,2.4444444444444446,29,8,CGGACAAAACAGCATCGGCT,21,4895891
ygfM_xdhD_predicted,1.5555555555555556,21,8,CGGAAAACACGGTTACTTCA,13,4864030
ygfM_xdhD_predicted,3.0,34,8,CGCAGCCGTCACCTGGATAA,26,4876949
ygfM_xdhD_predicted,1.8888888888888888,24,8,CGAGTCTCTGCCTTGATACG,16,4881491
ygfM_xdhD_predicted,2.111111111111111,26,8,CGAGGGAGACACCTGCTCAA,18,4868391
ygfM_xdhD_predicted,3.7777777777777777,41,8,CCTGATGGGTAAATCAGTGA,33,4876623
ygfM_xdhD_predicted,0.7777777777777778,14,8,CCTGAACTACGGGCTTTTCA,6,4867426
ygfM_xdhD_predicted,1.1111111111111112,17,8,CCTCTGACAGAATTACGGGG,9,4875945
ygfM_xdhD_predicted,2.6666666666666665,31,8,CCTAGCGCCTGACAGCACCA,23,4887790
ygfM_xdhD_predicted,0.5555555555555556,12,8,CCGTACAACTCATTTCGAGT,4,4868468
ygfM_xdhD_predicted,1.4444444444444444,20,8,CCCTGAAACCTGGGTCGGGG,12,4875091
ygfM_xdhD_predicted,0.3333333333333333,10,8,CCCCGAGTTCATTTCAACTA,2,4892394
ygfM_xdhD_predicted,2.6666666666666665,31,8,CCCCAGACCTTTGTGTAGTG,23,4865280
ygfM_xdhD_predicted,1.5555555555555556,21,8,CCCACCGACCCATTGCTTTT,13,4871630
ygfM_xdhD_predicted,2.6666666666666665,31,8,CCATTCTTAAAGGCGAATGA,23,4892894
ygfM_xdhD_predicted,0.2222222222222222,9,8,CATTGCAAGAATATCTGGTC,1,4885389
ygfM_xdhD_predicted,4.666666666666667,49,8,CATGTGATGGACGGTCTATC,41,4876480
ygfM_xdhD_predicted,2.4444444444444446,29,8,CATCGACTTCCGTTAATCGA,21,4893657
ygfM_xdhD_predicted,2.4444444444444446,29,8,CATACCATCTGTTTGGTGAT,21,4872288
ygfM_xdhD_predicted,4.555555555555555,48,8,CATAACTCTGCAAGCCACTG,40,4899221
ygfM_xdhD_predicted,0.2222222222222222,9,8,CAGGAAGAACCAAGCCACGC,1,4898968
ygfM_xdhD_predicted,0.6666666666666666,13,8,CAGCTAGACTACGATGGCCT,5,4875584
ygfM_xdhD_predicted,0.2222222222222222,9,8,CAGAGGTATTAAGACCCGCG,1,4883961
ygfM_xdhD_predicted,2.6666666666666665,31,8,CACCTGTATAAAGAATCTTT,23,4889485
ygfM_xdhD_predicted,0.2222222222222222,9,8,CAATTATGCGGCCTGGCAAA,1,4874642
ygfM_xdhD_predicted,2.4444444444444446,29,8,CAACTTAGCGTTGGTATCTC,21,4883267
ygfM_xdhD_predicted,4.111111111111111,44,8,ATTTTTTATATTAGTCTGGC,36,4883992
ygfM_xdhD_predicted,0.2222222222222222,9,8,ATTTGGGCGCTTGATTTTCC,1,4888958
ygfM_xdhD_predicted,2.3333333333333335,28,8,ATTTCATCCGCGTTGTGTGC,20,4886093
ygfM_xdhD_predicted,1.1111111111111112,17,8,ATTATATATTGAATATGATC,9,4871577
ygfM_xdhD_predicted,3.0,34,8,ATGTAGTATGCTTCAAGTTC,26,4896711
ygfM_xdhD_predicted,0.4444444444444444,11,8,ATGTACAATGACGAGAGATC,3,4873184
ygfM_xdhD_predicted,2.2222222222222223,27,8,ATCAGACACTTTTTCGAGAT,19,4868085
ygfM_xdhD_predicted,2.2222222222222223,27,8,ATACAACACCATTCATAAAA,19,4869780
ygfM_xdhD_predicted,2.7777777777777777,32,8,ATAATCCATGATTTTGCCCA,24,4893571
ygfM_xdhD_predicted,2.3333333333333335,28,8,AGTCAACCGCATTAATTTAT,20,4867032
ygfM_xdhD_predicted,3.7777777777777777,41,8,AGGTGCTGGGAGTTCATCCC,33,4880515
ygfM_xdhD_predicted,0.8888888888888888,15,8,AGGGGCCACACCTGTAAGTC,7,4880470
ygfM_xdhD_predicted,3.3333333333333335,37,8,AGCTCGATATCTAGACCCAT,29,4879836
ygfM_xdhD_predicted,0.2222222222222222,9,8,AGAACGACGTAATCACGCGG,1,4865973
ygfM_xdhD_predicted,3.4444444444444446,38,8,AGAAATTGAGTCTCGGTTGA,30,4881657
ygfM_xdhD_predicted,0.2222222222222222,9,8,ACTGCCACTAGGGATGAGTG,1,4891931
ygfM_xdhD_predicted,1.3333333333333333,19,8,ACTGAACATACACGCCTCAA,11,4899109
ygfM_xdhD_predicted,1.7777777777777777,23,8,ACTCGCTAGATGGACTTCGG,15,4872732
ygfM_xdhD_predicted,1.2222222222222223,18,8,ACGGTTCTCACGTAATTCCA,10,4891628
ygfM_xdhD_predicted,4.111111111111111,44,8,ACGGCGTACTTTGGTGCGGG,36,4873789
ygfM_xdhD_predicted,5.0,52,8,ACGGCCCCGGCCATCTCTTT,44,4885259
ygfM_xdhD_predicted,0.2222222222222222,9,8,ACGGCAACGGGATCCGCGAA,1,4881330
ygfM_xdhD_predicted,1.5555555555555556,21,8,ACCGGTCACTTTGATAGTTA,13,4898010
ygfM_xdhD_predicted,0.2222222222222222,9,8,ACCGGGGTCTCACACCTGAA,1,4888020
ygfM_xdhD_predicted,1.7777777777777777,23,8,ACATTGGTGTGTATATGGAT,15,4868914
ygfM_xdhD_predicted,0.4444444444444444,11,8,ACAGGAACAGCGGACAATAT,3,4884943
ygfM_xdhD_predicted,2.5555555555555554,30,8,ACACCTCGGAAGACATATTT,22,4868489
ygfM_xdhD_predicted,3.0,34,8,ACACCCGGGGCCATCTGTGA,26,4889640
ygfM_xdhD_predicted,4.111111111111111,44,8,ACAATACGGGATTAGGAGCT,36,4897196
ygfM_xdhD_predicted,0.4444444444444444,11,8,ACAAGGTTCGCTCCCGAGCA,3,4887730
ygfM_xdhD_predicted,1.8888888888888888,24,8,AATGAGATGCCAATAATAAT,16,4880046
ygfM_xdhD_predicted,4.0,43,8,AATCTCAGTACAAGACCATT,35,4878225
ygfM_xdhD_predicted,1.7777777777777777,23,8,AAGGAGTTCCGAATCCTAGG,15,4885787
ygfM_xdhD_predicted,6.111111111111111,62,8,AAGGAGCGCCCTCACCACTC,54,4890644
ygfM_xdhD_predicted,0.2222222222222222,9,8,AACCGCGATGAAACTGCGTC,1,4898320
ygfM_xdhD_predicted,4.111111111111111,44,8,AACCCGGGCTAATAACAGGT,36,4884592
ygfM_xdhD_predicted,4.555555555555555,48,8,AAACGATGTTTCCCAGTTCG,40,4891022
ygfM_xdhD_predicted,1.0,14,7,TTTTTGCATACAAGAGACCA,7,4883752
ygfM_xdhD_predicted,4.0,38,7,TTTTGGCAGAGCAAGCACAT,31,4891926
ygfM_xdhD_predicted,2.25,24,7,TTTCTGGTGCTATACACTCG,17,4866858
ygfM_xdhD_predicted,3.625,35,7,TTTCTCCGGTCAGGTGGCAG,28,4880513
ygfM_xdhD_predicted,0.25,8,7,TTTCAGCACGGATCAGGAGC,1,4873781
ygfM_xdhD_predicted,0.25,8,7,TTTATCTTAGTGCACGATGA,1,4877041
ygfM_xdhD_predicted,3.75,36,7,TTGAAATAACGACGCTTTCC,29,4863856
ygfM_xdhD_predicted,4.0,38,7,TTATGCACATAGTTATATTT,31,4884040
ygfM_xdhD_predicted,0.25,8,7,TTATCGCCACTGCTTTGATC,1,4878341
ygfM_xdhD_predicted,2.0,22,7,TGTGGCATCGGCAAATAGGT,15,4866429
ygfM_xdhD_predicted,3.5,34,7,TGTAATTCTGGCGAGACTTT,27,4890899
ygfM_xdhD_predicted,2.75,28,7,TGTAAGCAGAGGGTTCGCGG,21,4870589
ygfM_xdhD_predicted,1.625,19,7,TGTAAAGGTGAGACCAGCTG,12,4872764
ygfM_xdhD_predicted,2.125,23,7,TGGAGGATATATAACTTACA,16,4899276
ygfM_xdhD_predicted,0.375,9,7,TGGAAAAGTGGTTCTCCACA,2,4884156
ygfM_xdhD_predicted,5.75,52,7,TGCTCCTGGGAACCTCACGT,45,4877082
ygfM_xdhD_predicted,0.875,13,7,TGCTATCGATACCACCTTTA,6,4868020
ygfM_xdhD_predicted,1.875,21,7,TGCTAGGTGATGTCGTGTTC,14,4880357
ygfM_xdhD_predicted,5.625,51,7,TGCGTCGTGATCACCTTATT,44,4881955
ygfM_xdhD_predicted,2.5,26,7,TGCAATTAAGTCTTCCAATT,19,4892282
ygfM_xdhD_predicted,0.25,8,7,TGAGAAGTCTACCGCAAACA,1,4885246
ygfM_xdhD_predicted,3.25,32,7,TCTCGAGAGCCCAACGGACT,25,4880349
ygfM_xdhD_predicted,1.625,19,7,TCGGGTATCAAAACGTTCCA,12,4887204
ygfM_xdhD_predicted,0.25,8,7,TCGGCTGGGGCTTCGTAATT,1,4873748
ygfM_xdhD_predicted,2.5,26,7,TCGCGCCTCGCAAAAATAAC,19,4893476
ygfM_xdhD_predicted,2.125,23,7,TCGAGTAATGAACCGAACAA,16,4871318
ygfM_xdhD_predicted,5.5,50,7,TCCGACGATAAGTCCCATTT,43,4888141
ygfM_xdhD_predicted,2.75,28,7,TCAAGGGCGGTTCTATAAGT,21,4872734
ygfM_xdhD_predicted,7.75,68,7,TATTTGAGACGATGGTATAC,61,4875982
ygfM_xdhD_predicted,1.0,14,7,TAGGGTAATTTCAATATAAT,7,4868537
ygfM_xdhD_predicted,0.875,13,7,TAGCTCTGTAAATTTTGGAG,6,4883912
ygfM_xdhD_predicted,3.75,36,7,TAATCTTGCTTACGCGTCTG,29,4887356
ygfM_xdhD_predicted,0.25,8,7,TAATCGGGGGATCAACATGA,1,4881262
ygfM_xdhD_predicted,3.75,36,7,TAAGGCCCTTCCATACAGAG,29,4897278
ygfM_xdhD_predicted,4.25,40,7,TAAGCGTCGGCTTTAGGTTC,33,4872620
ygfM_xdhD_predicted,6.375,57,7,GTTTTCTACGATTTGTACTA,50,4887065
ygfM_xdhD_predicted,3.625,35,7,GTTAGCATCAGCTATCCGAA,28,4876228
ygfM_xdhD_predicted,2.25,24,7,GTGTTAGACGCGGTCGAAAG,17,4865030
ygfM_xdhD_predicted,3.375,33,7,GTGGGGAGCAGTCGCGACCC,26,4895208
ygfM_xdhD_predicted,0.25,8,7,GTGGAACTTCACGGATTCAG,1,4880885
ygfM_xdhD_predicted,4.0,38,7,GTGATAGTTCGGAAGCCCCA,31,4889163
ygfM_xdhD_predicted,1.625,19,7,GTGACGGTCCGGCGGGAAGC,12,4863973
ygfM_xdhD_predicted,1.75,20,7,GTCTACCGCGCGTGCGATCA,13,4872618
ygfM_xdhD_predicted,1.375,17,7,GTCGTGTTAGGGCTCATGGA,10,4892617
ygfM_xdhD_predicted,0.375,9,7,GTCGTCTCCGAATGTGTATG,2,4889724
ygfM_xdhD_predicted,4.0,38,7,GTCATCTCTCCGCCTTATTC,31,4882961
ygfM_xdhD_predicted,4.125,39,7,GTAGGGCCTGCTTCCAGTCT,32,4873843
ygfM_xdhD_predicted,0.375,9,7,GTAACAGAGACCTCCCCAAA,2,4868034
ygfM_xdhD_predicted,0.25,8,7,GGTTAAGAATGCATAGGGGG,1,4880921
ygfM_xdhD_predicted,3.375,33,7,GGGTAACGGTCATCTCTATA,26,4872237
ygfM_xdhD_predicted,2.25,24,7,GGGGACGGATTCATGTAAAA,17,4866831
ygfM_xdhD_predicted,1.75,20,7,GGGCGTAACCCCCGGTAAAT,13,4890041
ygfM_xdhD_predicted,2.75,28,7,GGGCCGGGTTTATATTTTTG,21,4878971
ygfM_xdhD_predicted,2.125,23,7,GGCATGATAACTCTTACCCA,16,4897266
ygfM_xdhD_predicted,2.5,26,7,GGCACTTCATCTGTGCACCA,19,4890795
ygfM_xdhD_predicted,4.25,40,7,GGAGTATGCCGACTTCGAGA,33,4885798
ygfM_xdhD_predicted,1.375,17,7,GCTTAACGATATGAGAACTG,10,4866302
ygfM_xdhD_predicted,3.0,30,7,GCTAACCTTAAGGGTTGGGG,23,4887036
ygfM_xdhD_predicted,4.375,41,7,GCGTGCGCCAGTGCCCGGCA,34,4889094
ygfM_xdhD_predicted,1.875,21,7,GCGTCGTCCCCGGTACAAAG,14,4892988
ygfM_xdhD_predicted,2.125,23,7,GCGGATACGTGTCGCATTAC,16,4895177
ygfM_xdhD_predicted,3.0,30,7,GCGAAGTCGTATTATAACGT,23,4868360
ygfM_xdhD_predicted,1.875,21,7,GCATACACAGAACTGGTGGG,14,4886452
ygfM_xdhD_predicted,0.75,12,7,GCAGCTACTGAAACTTCGCA,5,4879361
ygfM_xdhD_predicted,1.25,16,7,GCACTGGGATATGAAGATGG,9,4894291
ygfM_xdhD_predicted,5.25,48,7,GATGCCGAAACGGCACCTAA,41,4885921
ygfM_xdhD_predicted,0.25,8,7,GATAAGCGTAACGAGACTAG,1,4890771
ygfM_xdhD_predicted,0.25,8,7,GAGTTGGTAATTCGTGACAC,1,4865596
ygfM_xdhD_predicted,1.25,16,7,GAGGTGGTTCGTGGGTGCGA,9,4883676
ygfM_xdhD_predicted,2.5,26,7,GAGGGGGTCATTTACTACTG,19,4872789
ygfM_xdhD_predicted,0.25,8,7,GAGCCCAACTGAACCGTACC,1,4888190
ygfM_xdhD_predicted,1.375,17,7,GACTATGTGATATCTGTGAT,10,4877648
ygfM_xdhD_predicted,2.5,26,7,GACCATCAGCGTATTTTGCC,19,4886254
ygfM_xdhD_predicted,1.5,18,7,GAAAGTCGTGCTCTGGCCTG,11,4878864
ygfM_xdhD_predicted,1.75,20,7,CTTGGGACTCGGGCAAGGCC,13,4878894
ygfM_xdhD_predicted,2.75,28,7,CTTACCCGTTCTTTGTTAAT,21,4866278
ygfM_xdhD_predicted,0.5,10,7,CTGTCACGGAGGAATTTGGT,3,4881858
ygfM_xdhD_predicted,1.375,17,7,CTGGCTGGACCGGGCTTCAT,10,4872021
ygfM_xdhD_predicted,1.875,21,7,CTGGACGGCGCGCTGGAACC,14,4876346
ygfM_xdhD_predicted,7.75,68,7,CTCTTGTCAAAGTTTCATTT,61,4877089
ygfM_xdhD_predicted,1.5,18,7,CTCTCGATATATCCTTGGGG,11,4884240
ygfM_xdhD_predicted,1.25,16,7,CTCGCTAAATTCTTCGTGTT,9,4887712
ygfM_xdhD_predicted,0.25,8,7,CTCCTACCATATCTATATGA,1,4898339
ygfM_xdhD_predicted,0.625,11,7,CTCATCGTTTTTGTATAGTT,4,4871203
ygfM_xdhD_predicted,2.25,24,7,CTAGCTCCCGTTCGGCCTGC,17,4880198
ygfM_xdhD_predicted,2.375,25,7,CTAAAGCCTACCACGGAAAC,18,4875915
ygfM_xdhD_predicted,4.125,39,7,CGTTCCAGACGCCTGTATTA,32,4893124
ygfM_xdhD_predicted,1.75,20,7,CGTGATATCGTTAGTACGAC,13,4879845
ygfM_xdhD_predicted,0.25,8,7,CGTCGAGTGACCTCTCAGTA,1,4895357
ygfM_xdhD_predicted,5.375,49,7,CGTATTGTTGTCTCGAAGCG,42,4896399
ygfM_xdhD_predicted,6.375,57,7,CGGGTGCCCCCAGGGCCACC,50,4882012
ygfM_xdhD_predicted,0.25,8,7,CGGCCTCTAGATGCTGTATA,1,4875638
ygfM_xdhD_predicted,3.0,30,7,CGGCCTCCTGTCTTTAGTTT,23,4899349
ygfM_xdhD_predicted,2.625,27,7,CGCCCATTCGCCTGATGGAC,20,4888552
ygfM_xdhD_predicted,0.25,8,7,CGCCAAGGGAATTGTATGAT,1,4886135
ygfM_xdhD_predicted,0.25,8,7,CGATCCTATCCGCCACGAGG,1,4879448
ygfM_xdhD_predicted,1.875,21,7,CGATATTACTGCGCGGTAAC,14,4881655
ygfM_xdhD_predicted,2.25,24,7,CCTTCGCTTAAGGGCGGAAA,17,4868141
ygfM_xdhD_predicted,1.0,14,7,CCTTATAATAGACTTGACGT,7,4889813
ygfM_xdhD_predicted,0.25,8,7,CCTCTGGGGACCGGCTGGGG,1,4891250
ygfM_xdhD_predicted,2.625,27,7,CCGTTCTTATTAAGTTTCTA,20,4865981
ygfM_xdhD_predicted,0.25,8,7,CCGAACGTCTTAGTCGGATT,1,4873050
ygfM_xdhD_predicted,0.375,9,7,CCCCGCTTCCCAGTCAGCAG,2,4881943
ygfM_xdhD_predicted,1.75,20,7,CCCATCTCCACAATGGTTGG,13,4887506
ygfM_xdhD_predicted,3.5,34,7,CCAGTGTTGTTGCGCCACAT,27,4869760
ygfM_xdhD_predicted,3.125,31,7,CCAGATGCGGTCTGGTCTGA,24,4896382
ygfM_xdhD_predicted,1.375,17,7,CCACGAGTCTATCATTGTTA,10,4896097
ygfM_xdhD_predicted,0.625,11,7,CATTGACTACTGGGTTCTTT,4,4888776
ygfM_xdhD_predicted,2.0,22,7,CATTGACGGTTACAGATAAC,15,4882427
ygfM_xdhD_predicted,1.25,16,7,CATGGAATCAGAAGCCCTCC,9,4880855
ygfM_xdhD_predicted,2.5,26,7,CATGATGGGGGTTGCCGGAG,19,4880762
ygfM_xdhD_predicted,2.0,22,7,CATCTCGCCGCGGAAGACCT,15,4891834
ygfM_xdhD_predicted,3.125,31,7,CATACGGCTTGTGAAAACGT,24,4893794
ygfM_xdhD_predicted,1.875,21,7,CAGTTACGGGGTCGCACACA,14,4873046
ygfM_xdhD_predicted,3.0,30,7,CAGTGCGCAGATTTTCATCA,23,4894023
ygfM_xdhD_predicted,1.25,16,7,CAGACGCCAGACATGTTAAT,9,4898486
ygfM_xdhD_predicted,1.125,15,7,CAGAATATATTGAGCGCTAA,8,4881840
ygfM_xdhD_predicted,1.625,19,7,CACTGACTATGCATAGACGA,12,4877180
ygfM_xdhD_predicted,2.75,28,7,CACTCCTCGCCACGCATGGG,21,4896413
ygfM_xdhD_predicted,1.875,21,7,CACGTGTCACGCGAGTCCAT,14,4873749
ygfM_xdhD_predicted,0.25,8,7,CAATGGCCCCTAAGGCTTAT,1,4879846
ygfM_xdhD_predicted,5.375,49,7,CAACTTTGAGACGAAACGTG,42,4875827
ygfM_xdhD_predicted,2.625,27,7,CAACGAAATTTCGTGTCTTC,20,4897184
ygfM_xdhD_predicted,1.875,21,7,CAACAGAAGGGCAGCATCTG,14,4895512
ygfM_xdhD_predicted,1.5,18,7,CAAAGAGACTGCAGTGTAGC,11,4885354
ygfM_xdhD_predicted,2.5,26,7,ATTTTTGAGTTAGCCGTTGT,19,4874061
ygfM_xdhD_predicted,0.25,8,7,ATTTGTTGCAGGCCTTTGCA,1,4877931
ygfM_xdhD_predicted,3.75,36,7,ATTTCTGTGGGAGTAAATCC,29,4880976
ygfM_xdhD_predicted,8.75,76,7,ATTTCAAGAACTTTAGCAGG,69,4874939
ygfM_xdhD_predicted,1.0,14,7,ATTGCCTATTTTTACTACGC,7,4888531
ygfM_xdhD_predicted,1.125,15,7,ATTCCTCGGGGTGCAACATG,8,4884965
ygfM_xdhD_predicted,4.25,40,7,ATGTGGAGATCTAGCGACTG,33,4880831
ygfM_xdhD_predicted,0.5,10,7,ATGTCTATAATTTTCAACGC,3,4882302
ygfM_xdhD_predicted,2.875,29,7,ATGCCATGATGCCGTAGCGT,22,4878373
ygfM_xdhD_predicted,2.25,24,7,ATCTACGCATGGCTTCGTAG,17,4881500
ygfM_xdhD_predicted,4.875,45,7,ATCGTATGTTCGATGCGTCT,38,4893929
ygfM_xdhD_predicted,0.25,8,7,ATCGGCCTCCTCGAGAGAGT,1,4873752
ygfM_xdhD_predicted,1.125,15,7,ATCCTGTAGCGGGGTGCCGT,8,4865621
ygfM_xdhD_predicted,1.625,19,7,AGTGGACACGCGGTATCGCG,12,4866119
ygfM_xdhD_predicted,3.0,30,7,AGTGACGGATGGGATTTGAT,23,4877036
ygfM_xdhD_predicted,2.0,22,7,AGTATAAATGGTCCCTGTTG,15,4873936
ygfM_xdhD_predicted,1.375,17,7,AGTACCTGAATCAATCTGAT,10,4872023
ygfM_xdhD_predicted,1.125,15,7,AGTACCCGGCGGAGTTAGTT,8,4887352
ygfM_xdhD_predicted,0.5,10,7,AGGTGTACACGAGACTGGTG,3,4865274
ygfM_xdhD_predicted,2.25,24,7,AGGGCAAGCGTTTCGATCGA,17,4897356
ygfM_xdhD_predicted,1.375,17,7,AGCTTGGGATAGCGACCAGT,10,4890622
ygfM_xdhD_predicted,1.0,14,7,AGCGTGTAGAGCTTGCCTTC,7,4884337
ygfM_xdhD_predicted,1.25,16,7,AGCGATCTTGTATGATTGAT,9,4875355
ygfM_xdhD_predicted,4.125,39,7,AGCAGAGCCATTGTACCGGG,32,4866686
ygfM_xdhD_predicted,1.5,18,7,ACTGTCTACTACCAGAGCAA,11,4888002
ygfM_xdhD_predicted,0.625,11,7,ACTGAGCGCAGTGTGCTTTG,4,4871232
ygfM_xdhD_predicted,1.5,18,7,ACTCTACTGACGCGTTTGGT,11,4892411
ygfM_xdhD_predicted,0.375,9,7,ACTATAATTATTTAGGGTAT,2,4899603
ygfM_xdhD_predicted,0.25,8,7,ACGCCGATAGTGAATATTAA,1,4892837
ygfM_xdhD_predicted,5.25,48,7,ACGACGTACGCAATTCACGC,41,4891927
ygfM_xdhD_predicted,1.75,20,7,ACGAAGGGGAATAACGACGG,13,4891129
ygfM_xdhD_predicted,2.5,26,7,ACGAACATCTGGTGCCTTAA,19,4897061
ygfM_xdhD_predicted,0.25,8,7,ACCTTTGATGCTTCTCTAAT,1,4871580
ygfM_xdhD_predicted,6.5,58,7,ACCGAGACGGGGGAAAACAC,51,4864689
ygfM_xdhD_predicted,1.375,17,7,ACCGACGTCCGTTCAAAACA,10,4876357
ygfM_xdhD_predicted,2.125,23,7,ACCCGGTGGGTGGATTAGCT,16,4893923
ygfM_xdhD_predicted,0.75,12,7,ACCCCAGCCCGTCGGCACTG,5,4889122
ygfM_xdhD_predicted,3.125,31,7,ACCCAAGCTGCTAGCACTCG,24,4891489
ygfM_xdhD_predicted,3.125,31,7,ACCACTAGCTGCCGAACTGA,24,4877364
ygfM_xdhD_predicted,3.375,33,7,ACATTAGTGCCGACGCAACA,26,4893212
ygfM_xdhD_predicted,1.0,14,7,ACAGTTACCGTACAAAGGTT,7,4892948
ygfM_xdhD_predicted,6.125,55,7,ACAGACGGTAAAAAGGTACA,48,4872705
ygfM_xdhD_predicted,0.5,10,7,ACACTAGGCCTGAAATGGTA,3,4865071
ygfM_xdhD_predicted,2.625,27,7,AATTATAAGACAAATTCAAA,20,4869718
ygfM_xdhD_predicted,2.75,28,7,AATCGAGTCCACCGGGCCTC,21,4875206
ygfM_xdhD_predicted,0.25,8,7,AATCGAAATAAGGGAAGCTC,1,4872542
ygfM_xdhD_predicted,3.25,32,7,AATCACGGAACCGGTACTAG,25,4880540
ygfM_xdhD_predicted,0.25,8,7,AATAGAACATCATGTGGACA,1,4868372
ygfM_xdhD_predicted,6.75,60,7,AAGGGCTCCATTTGGCGATG,53,4865564
ygfM_xdhD_predicted,1.375,17,7,AAGGAATTTAAGCTATAGCA,10,4897886
ygfM_xdhD_predicted,2.875,29,7,AAGCTCAAGAAATTAAAGTA,22,4893891
ygfM_xdhD_predicted,1.0,14,7,AAGACCACCGAGTAAAGGTC,7,4880283
ygfM_xdhD_predicted,2.25,24,7,AACGCAAAATGGCCATCGAA,17,4889010
ygfM_xdhD_predicted,2.0,22,7,AACCGGCTCAGTCTAGTTGT,15,4881345
ygfM_xdhD_predicted,2.375,25,7,AACATGAAAACACCACTGTA,18,4890651
ygfM_xdhD_predicted,1.625,19,7,AACAGGCCAATGGCCAGAGA,12,4898411
ygfM_xdhD_predicted,0.5,10,7,AACAAAAGAATTGAATGATC,3,4870082
ygfM_xdhD_predicted,3.25,32,7,AAATGTGAGTATATCGGGCA,25,4898230
ygfM_xdhD_predicted,0.75,12,7,AAAGCTACGCGCTTTCCATG,5,4896679
ygfM_xdhD_predicted,1.0,14,7,AAACGTGGATCGTACAGGCC,7,4868484
ygfM_xdhD_predicted,0.75,12,7,AAACCATGGTACTAGAGAAC,5,4884727
ygfM_xdhD_predicted,3.25,32,7,AAAAGGTGCCAACCAGACCC,25,4887311
ygfM_xdhD_predicted,4.25,40,7,AAAAAGAGGTTTAACAATTG,33,4885125
ygfM_xdhD_predicted,3.0,26,6,TTTACCCCGTATCCCGAGTT,20,4894674
ygfM_xdhD_predicted,2.7142857142857144,24,6,TTGTTTCCACTCTTTACTTT,18,4871238
ygfM_xdhD_predicted,0.5714285714285714,9,6,TTCCTAGACGTACCCTGCCA,3,4882486
ygfM_xdhD_predicted,0.2857142857142857,7,6,TTAGTAGTGGAAACCATTTT,1,4866042
ygfM_xdhD_predicted,0.7142857142857143,10,6,TTAGCCACCTATTTCGTGCT,4,4877645
ygfM_xdhD_predicted,3.7142857142857144,31,6,TTACGCGGTTCTAAAGGATA,25,4891709
ygfM_xdhD_predicted,4.0,33,6,TTACGAGATGTGCAGTAGAC,27,4871217
ygfM_xdhD_predicted,6.0,47,6,TTAAGAATTCGGGCAAACCA,41,4864432
ygfM_xdhD_predicted,5.0,40,6,TGTCCTCGTGTCAGCTTGCT,34,4881733
ygfM_xdhD_predicted,1.5714285714285714,16,6,TGTATGCATTCATGATCAGA,10,4876747
ygfM_xdhD_predicted,0.2857142857142857,7,6,TGTATCAATGTAACCAGGCG,1,4864204
ygfM_xdhD_predicted,1.2857142857142858,14,6,TGTAATTCACAGAGAGTTGC,8,4890233
ygfM_xdhD_predicted,4.571428571428571,37,6,TGCAACGTGGAATTATTTGG,31,4884462
ygfM_xdhD_predicted,1.1428571428571428,13,6,TCTTAGTTTCGATGAGGTGC,7,4877844
ygfM_xdhD_predicted,2.857142857142857,25,6,TCTGACAGTAGGACGCCACC,19,4899250
ygfM_xdhD_predicted,3.142857142857143,27,6,TCGTTGTACCACGGTCCACT,21,4885791
ygfM_xdhD_predicted,10.857142857142858,81,6,TCGTGCGGCCCGGAATTTGG,75,4891867
ygfM_xdhD_predicted,0.2857142857142857,7,6,TCGAGATCGAGACTAATGAC,1,4892637
ygfM_xdhD_predicted,4.142857142857143,34,6,TCGAATGTCTCAAATGGTTT,28,4895091
ygfM_xdhD_predicted,6.857142857142857,53,6,TCCTTTATACCTTGAATGCT,47,4883901
ygfM_xdhD_predicted,3.4285714285714284,29,6,TCCTCGCCAGAGCCACTCAT,23,4878596
ygfM_xdhD_predicted,3.142857142857143,27,6,TCATTGTCACTATTCGTGGT,21,4894744
ygfM_xdhD_predicted,1.5714285714285714,16,6,TATATTACATAACCAATAGG,10,4897566
ygfM_xdhD_predicted,3.5714285714285716,30,6,TAGTCTGCTAGAAACGCACC,24,4869723
ygfM_xdhD_predicted,2.142857142857143,20,6,TAGGGTTGAAAACTGCACGT,14,4899196
ygfM_xdhD_predicted,2.0,19,6,TAGGGGGGGGGCATTTGGTC,13,4889155
ygfM_xdhD_predicted,4.142857142857143,34,6,TAGATTCGTTAGACTCGAAC,28,4874125
ygfM_xdhD_predicted,2.2857142857142856,21,6,TAGATAAGCAATTCTAATGA,15,4892539
ygfM_xdhD_predicted,0.7142857142857143,10,6,TAGACTTCGCAGCTAAACCA,4,4875519
ygfM_xdhD_predicted,4.0,33,6,TACGTATAGCACCACTGGGT,27,4898520
ygfM_xdhD_predicted,1.4285714285714286,15,6,TAAGTCTCGGTAATTAAGCT,9,4865469
ygfM_xdhD_predicted,2.2857142857142856,21,6,GTTTGGACCTCACACGTGTT,15,4898080
ygfM_xdhD_predicted,5.571428571428571,44,6,GTTTCTGTACGTATAACACG,38,4889207
ygfM_xdhD_predicted,6.142857142857143,48,6,GTTCGGTGTTTCGTGAGAGC,42,4868747
ygfM_xdhD_predicted,0.5714285714285714,9,6,GTTATACACGTATCGGTATG,3,4877488
ygfM_xdhD_predicted,0.42857142857142855,8,6,GTGTATCACCAAGGCGAGAA,2,4882702
ygfM_xdhD_predicted,1.7142857142857142,17,6,GTGTAAGTAGAACTTTTCAT,11,4886999
ygfM_xdhD_predicted,2.2857142857142856,21,6,GTGAGGCTTAGCAAGGGAAT,15,4898867
ygfM_xdhD_predicted,2.857142857142857,25,6,GTCGCTCACGATTAACGCTC,19,4869219
ygfM_xdhD_predicted,5.0,40,6,GGTCGCCCTCTCGTTCTCTA,34,4877537
ygfM_xdhD_predicted,4.857142857142857,39,6,GGTATCCACCAAGACTCATG,33,4881981
ygfM_xdhD_predicted,5.428571428571429,43,6,GGTAAGGTGACCGCTTAACA,37,4887916
ygfM_xdhD_predicted,0.2857142857142857,7,6,GGGTTGGAGTTATGTACTAG,1,4869955
ygfM_xdhD_predicted,2.4285714285714284,22,6,GGGTGTTTAAAACAACCATG,16,4894697
ygfM_xdhD_predicted,1.7142857142857142,17,6,GGGTATCATACCGCACATAT,11,4890402
ygfM_xdhD_predicted,1.5714285714285714,16,6,GGGCGTTCAGATCAAAGTGA,10,4869788
ygfM_xdhD_predicted,2.857142857142857,25,6,GGGCAAGGTCCGATTACCCG,19,4867254
ygfM_xdhD_predicted,1.2857142857142858,14,6,GGATTCTTGGTGTATGATGT,8,4875620
ygfM_xdhD_predicted,2.142857142857143,20,6,GGATGACCCGGAAAAGTCGC,14,4869178
ygfM_xdhD_predicted,4.857142857142857,39,6,GGATCCAGCGAAGAGTCTCT,33,4864870
ygfM_xdhD_predicted,1.7142857142857142,17,6,GGAGGTATGGGTCGAGATAT,11,4879633
ygfM_xdhD_predicted,0.2857142857142857,7,6,GGACAAGAGATTTAGGATTC,1,4880663
ygfM_xdhD_predicted,0.7142857142857143,10,6,GGAAACGCTCGCCAACCGTT,4,4876603
ygfM_xdhD_predicted,0.7142857142857143,10,6,GCTGCTTGAAGCAGTGCGGG,4,4884300
ygfM_xdhD_predicted,1.2857142857142858,14,6,GCTGATTGAGCGCCTTCACT,8,4879802
ygfM_xdhD_predicted,7.857142857142857,60,6,GCTCAGGTACAGTTGAACTC,54,4883299
ygfM_xdhD_predicted,1.0,12,6,GCGGTGTGACTATTTTCCTA,6,4889411
ygfM_xdhD_predicted,0.2857142857142857,7,6,GCGAAACTAGGAACAACGTG,1,4879256
ygfM_xdhD_predicted,0.8571428571428571,11,6,GCATTTGGCGCATATTAGTA,5,4879841
ygfM_xdhD_predicted,3.0,26,6,GCAGTGATCCGAGCTCTGTT,20,4867200
ygfM_xdhD_predicted,6.0,47,6,GCAGTCATGGGAGAACCTGA,41,4890610
ygfM_xdhD_predicted,1.0,12,6,GCAGGGCCTGCAACACAGTT,6,4885953
ygfM_xdhD_predicted,1.4285714285714286,15,6,GCAGGACAATAGATAGTAAT,9,4887615
ygfM_xdhD_predicted,2.7142857142857144,24,6,GCAGCCTTGCGATCTTCAAG,18,4872381
ygfM_xdhD_predicted,3.2857142857142856,28,6,GCAATCCGTCCACAGGACTT,22,4885263
ygfM_xdhD_predicted,2.4285714285714284,22,6,GATGCATGCCGCTAGCACGG,16,4880012
ygfM_xdhD_predicted,3.4285714285714284,29,6,GATAGCGTTTAGGAATCCTT,23,4865492
ygfM_xdhD_predicted,3.857142857142857,32,6,GATACTCTCCGCCTTGTGAA,26,4898517
ygfM_xdhD_predicted,1.7142857142857142,17,6,GACTCGTTATATAGAAAATT,11,4880766
ygfM_xdhD_predicted,2.4285714285714284,22,6,GACACCGGTCCGAAAAATAG,16,4883433
ygfM_xdhD_predicted,0.2857142857142857,7,6,GAACTGAAGATCGGCAAGAT,1,4865344
ygfM_xdhD_predicted,1.7142857142857142,17,6,GAACCACCACTCCCCTGTAG,11,4869507
ygfM_xdhD_predicted,1.8571428571428572,18,6,GAAACTATACATACCGCTTC,12,4864242
ygfM_xdhD_predicted,0.42857142857142855,8,6,GAAAATACCCCTTGCTCTTG,2,4876165
ygfM_xdhD_predicted,0.2857142857142857,7,6,CTTTTTCATGCCATGTGTTG,1,4898129
ygfM_xdhD_predicted,1.1428571428571428,13,6,CTTTAGAAGGTGGGCAACAA,7,4878804
ygfM_xdhD_predicted,0.2857142857142857,7,6,CTTATAAAGACTGTATTCGT,1,4866255
ygfM_xdhD_predicted,1.8571428571428572,18,6,CTGTGTAAACGCCACATTTG,12,4869124
ygfM_xdhD_predicted,4.714285714285714,38,6,CTGTAGGATTATTCAGGGTG,32,4867822
ygfM_xdhD_predicted,0.2857142857142857,7,6,CTGCGGGCTCTGGATGAGGA,1,4872443
ygfM_xdhD_predicted,1.7142857142857142,17,6,CTCTCAGTAACGAAGTCTTC,11,4875547
ygfM_xdhD_predicted,3.0,26,6,CTCGGCAGGGTGAACCTCAA,20,4884559
ygfM_xdhD_predicted,1.8571428571428572,18,6,CTCCAGCAGTGCGATTTGAG,12,4869631
ygfM_xdhD_predicted,5.428571428571429,43,6,CTCCAAGTCCGACTGGTCTG,37,4894743
ygfM_xdhD_predicted,9.857142857142858,74,6,CTATCTGTGTGTCATTAGGT,68,4866875
ygfM_xdhD_predicted,3.142857142857143,27,6,CTAAAGGGCGCAAGTTCAGA,21,4875515
ygfM_xdhD_predicted,3.0,26,6,CGTTGCTAACCCCCAACCTT,20,4878790
ygfM_xdhD_predicted,3.2857142857142856,28,6,CGGTTGTACTAGAGATTCGC,22,4878051
ygfM_xdhD_predicted,1.5714285714285714,16,6,CGGTATTTAGACTAGACTAC,10,4867571
ygfM_xdhD_predicted,0.7142857142857143,10,6,CGCCCCTCTGCGCGGCCGGA,4,4878346
ygfM_xdhD_predicted,0.8571428571428571,11,6,CGATCAACTCGCGCAGTTTA,5,4875900
ygfM_xdhD_predicted,0.42857142857142855,8,6,CGAGTGTGAGTTCTTTTACC,2,4874609
ygfM_xdhD_predicted,2.2857142857142856,21,6,CGAGGCACAATTACGCACCC,15,4889273
ygfM_xdhD_predicted,3.4285714285714284,29,6,CCTTTAATCGTCATAGAGTC,23,4878873
ygfM_xdhD_predicted,3.0,26,6,CCTATTGCAGGTAATGTGCC,20,4881268
ygfM_xdhD_predicted,4.142857142857143,34,6,CCGCGCTGGGGTGACGTAAA,28,4883748
ygfM_xdhD_predicted,0.2857142857142857,7,6,CCGACACCGATCTGTTAAAA,1,4878662
ygfM_xdhD_predicted,5.857142857142857,46,6,CCCGATTCCGGCATCATGAT,40,4878484
ygfM_xdhD_predicted,4.714285714285714,38,6,CCATTTGAGGAGATGAGGCA,32,4877090
ygfM_xdhD_predicted,2.5714285714285716,23,6,CCATACATAAATCACGTAGT,17,4876757
ygfM_xdhD_predicted,2.4285714285714284,22,6,CCAGGATTGTGGAGTGTGCC,16,4874577
ygfM_xdhD_predicted,1.0,12,6,CATGTCGGTCAGCCGCCATA,6,4864919
ygfM_xdhD_predicted,2.142857142857143,20,6,CATAGGGAATGGTGCGAAGT,14,4898654
ygfM_xdhD_predicted,4.0,33,6,CATAAATTGATTGAAATCGC,27,4868075
ygfM_xdhD_predicted,3.0,26,6,CAGTAGACTAGAAGTCCGTA,20,4869403
ygfM_xdhD_predicted,1.5714285714285714,16,6,CAGTAAACCGCGTAATGACT,10,4881771
ygfM_xdhD_predicted,0.2857142857142857,7,6,CACTTTTACTATAATCGCCC,1,4881296
ygfM_xdhD_predicted,2.142857142857143,20,6,CACGGCCCCGAGTAGGCAAA,14,4873934
ygfM_xdhD_predicted,7.571428571428571,58,6,CACGGCACTACCTATAAAGG,52,4885500
ygfM_xdhD_predicted,6.428571428571429,50,6,CACCACCCGCATAACCTAGA,44,4886037
ygfM_xdhD_predicted,2.2857142857142856,21,6,CACAGGGGTGTCGTTCACGA,15,4887313
ygfM_xdhD_predicted,1.0,12,6,CAATTCGAAGAGCTCCGGCG,6,4880145
ygfM_xdhD_predicted,4.285714285714286,35,6,CAATCGTTTAGGACTTGACA,29,4896789
ygfM_xdhD_predicted,1.7142857142857142,17,6,CAAGGAGTATGCCATCGTCT,11,4887066
ygfM_xdhD_predicted,5.714285714285714,45,6,CAACACCGGCCACGCACTAG,39,4892776
ygfM_xdhD_predicted,5.857142857142857,46,6,CAAATTTGTTGCATTTATAG,40,4869401
ygfM_xdhD_predicted,3.142857142857143,27,6,CAAAGGTTTTTACGCTGTTA,21,4881974
ygfM_xdhD_predicted,3.4285714285714284,29,6,CAAAGAAGGGGATATCAGGC,23,4878810
ygfM_xdhD_predicted,0.8571428571428571,11,6,CAAACCGTTGGTGACTGTCA,5,4893658
ygfM_xdhD_predicted,3.857142857142857,32,6,ATTTCCAATAGTGATCCCGA,26,4874924
ygfM_xdhD_predicted,4.571428571428571,37,6,ATTGGTCGTTGAGAGACCAC,31,4872963
ygfM_xdhD_predicted,1.0,12,6,ATTCGTCGCCTAAGGCCATT,6,4886099
ygfM_xdhD_predicted,4.857142857142857,39,6,ATTCGTCAATCAGTAATCTA,33,4865480
ygfM_xdhD_predicted,5.285714285714286,42,6,ATTACCTTAGTAACTTAGAG,36,4868927
ygfM_xdhD_predicted,2.2857142857142856,21,6,ATTAAAAGAGGACAGTGCCC,15,4871234
ygfM_xdhD_predicted,5.571428571428571,44,6,ATGGGCCTTGGTACCAATTC,38,4883865
ygfM_xdhD_predicted,3.142857142857143,27,6,ATGGCAATCTGAAACTCCGT,21,4881297
ygfM_xdhD_predicted,1.1428571428571428,13,6,ATGACGCCTGATGCGGGCGC,7,4871579
ygfM_xdhD_predicted,0.2857142857142857,7,6,ATCTTAACAGTCGATGTCCC,1,4897284
ygfM_xdhD_predicted,3.7142857142857144,31,6,ATCAGGCCTTCATTCCGCTA,25,4873383
ygfM_xdhD_predicted,2.857142857142857,25,6,ATCAACAGTTCAATTTAAGG,19,4866329
ygfM_xdhD_predicted,7.571428571428571,58,6,ATCAAAGTTTACTAAAGTTT,52,4888731
ygfM_xdhD_predicted,0.42857142857142855,8,6,ATATGGATCATCTCTAGTTG,2,4898708
ygfM_xdhD_predicted,3.142857142857143,27,6,ATAGTATCAATACGTAATCA,21,4897306
ygfM_xdhD_predicted,2.7142857142857144,24,6,ATACTAGCTCATCGGTGCAT,18,4887401
ygfM_xdhD_predicted,0.42857142857142855,8,6,AGGCATCAATTGTCAGGACA,2,4864782
ygfM_xdhD_predicted,5.0,40,6,AGGCAATCGCACTCTACACG,34,4873080
ygfM_xdhD_predicted,2.4285714285714284,22,6,AGACCTATCATCTGTGCGCC,16,4872787
ygfM_xdhD_predicted,2.2857142857142856,21,6,ACTGTATGTTATATCCCAAT,15,4884385
ygfM_xdhD_predicted,0.42857142857142855,8,6,ACTCCGAATAAGTTCCATCA,2,4876122
ygfM_xdhD_predicted,4.714285714285714,38,6,ACGCAAGACCAACGCTACGG,32,4889450
ygfM_xdhD_predicted,0.42857142857142855,8,6,ACGAATTCCGGGCCGGCTGG,2,4892524
ygfM_xdhD_predicted,0.2857142857142857,7,6,ACCGTACTAAAATGTGGCTC,1,4884111
ygfM_xdhD_predicted,2.0,19,6,ACATTCGTTGAGTACAGTGC,13,4882500
ygfM_xdhD_predicted,1.0,12,6,AATTGTTCGTACATACTATC,6,4885486
ygfM_xdhD_predicted,1.7142857142857142,17,6,AATGTTTTAATTTGAATTCC,11,4878355
ygfM_xdhD_predicted,0.2857142857142857,7,6,AATGGTATGCTTGTTACCTG,1,4872583
ygfM_xdhD_predicted,0.8571428571428571,11,6,AAGTCTCACGCTAGGATATA,5,4864825
ygfM_xdhD_predicted,0.42857142857142855,8,6,AAGTAGGCTCACTTCATTCG,2,4866370
ygfM_xdhD_predicted,4.142857142857143,34,6,AAGCTCGAGAGTAGGGGATA,28,4872377
ygfM_xdhD_predicted,0.2857142857142857,7,6,AAGCGGACTTTTTTACTCTA,1,4878315
ygfM_xdhD_predicted,3.4285714285714284,29,6,AAGCACTTCATTCTGGTACA,23,4884106
ygfM_xdhD_predicted,4.428571428571429,36,6,AACTCTGCCTTGGGTATGAC,30,4876085
ygfM_xdhD_predicted,3.2857142857142856,28,6,AACGAGTGGTGTTGGGAGAG,22,4899059
ygfM_xdhD_predicted,0.2857142857142857,7,6,AACCTGCACGTCTCTAAAGG,1,4873031
ygfM_xdhD_predicted,2.2857142857142856,21,6,AACCAGGATTAATTGTGAGC,15,4893578
ygfM_xdhD_predicted,0.2857142857142857,7,6,AACATCGGGTGTCCCGGACA,1,4878372
ygfM_xdhD_predicted,2.2857142857142856,21,6,AAATCCAATATAAATCCCAC,15,4897361
ygfM_xdhD_predicted,2.7142857142857144,24,6,AAAGATACAACGGACGGATG,18,4880760
ygfM_xdhD_predicted,7.166666666666667,47,5,TTTGTGAGCTAGAACGTCAT,42,4892780
ygfM_xdhD_predicted,1.5,13,5,TTTGGCGTGTACGCGCTACA,8,4872642
ygfM_xdhD_predicted,1.8333333333333333,15,5,TTTGCATTTTTCGACATGAA,10,4894361
ygfM_xdhD_predicted,8.333333333333334,54,5,TTTCCGTCAAAACTAAGTCG,49,4891556
ygfM_xdhD_predicted,7.5,49,5,TTGCTTGGAGCCTTCCAGTT,44,4886998
ygfM_xdhD_predicted,1.1666666666666667,11,5,TTGCTGTCGTGCAGGTCCGT,6,4879620
ygfM_xdhD_predicted,2.6666666666666665,20,5,TTGCTGAGTCCGGGTGTCGA,15,4869321
ygfM_xdhD_predicted,5.0,34,5,TTGAAACTTGGTGAGGTGGA,29,4870438
ygfM_xdhD_predicted,0.3333333333333333,6,5,TTCTCGGTGATGTCGTCAAA,1,4879555
ygfM_xdhD_predicted,2.5,19,5,TTCGACGAGAGTCAAAGACA,14,4868011
ygfM_xdhD_predicted,2.1666666666666665,17,5,TTAGGCGGTCATCTACCAGA,12,4897513
ygfM_xdhD_predicted,9.166666666666666,59,5,TTACGGTCTACTCCAAAAGT,54,4867684
ygfM_xdhD_predicted,0.5,7,5,TTAAGAATGCTCAATTAGAA,2,4898430
ygfM_xdhD_predicted,5.0,34,5,TGTAATACGCAACGACCATT,29,4866015
ygfM_xdhD_predicted,4.166666666666667,29,5,TGGTCACCTCCCTGACATGC,24,4891993
ygfM_xdhD_predicted,0.3333333333333333,6,5,TGGGGTTGTCAACCTATGGA,1,4894591
ygfM_xdhD_predicted,2.1666666666666665,17,5,TGGGGGCGCCTGTATATCCA,12,4891191
ygfM_xdhD_predicted,3.5,25,5,TGGGCCGGGTCCCGCAGTTG,20,4896048
ygfM_xdhD_predicted,0.3333333333333333,6,5,TGGATTCCGGAAGTGTTCTT,1,4868083
ygfM_xdhD_predicted,0.3333333333333333,6,5,TGACCAGCAGGAGGGCCTGC,1,4876803
ygfM_xdhD_predicted,0.3333333333333333,6,5,TGAAAGTTAATAGGATTAGA,1,4885121
ygfM_xdhD_predicted,1.1666666666666667,11,5,TCTCTCATATTCCTCGCTGG,6,4885981
ygfM_xdhD_predicted,0.3333333333333333,6,5,TCTCTATTGCAAGAGCACGC,1,4867784
ygfM_xdhD_predicted,2.6666666666666665,20,5,TCTAGATATTCTTTACTCCT,15,4878344
ygfM_xdhD_predicted,0.3333333333333333,6,5,TCCGGTGTCATGGTTGTTAA,1,4897457
ygfM_xdhD_predicted,4.0,28,5,TCCGGAGAACAAAAAACCAA,23,4895046
ygfM_xdhD_predicted,2.5,19,5,TCCCAAGATATTAAGCGCGT,14,4864464
ygfM_xdhD_predicted,3.5,25,5,TCATCCCGCTAGTAGCGTAA,20,4875712
ygfM_xdhD_predicted,1.1666666666666667,11,5,TCATACTGATTAGTAAGCTT,6,4894555
ygfM_xdhD_predicted,2.3333333333333335,18,5,TCAAGACCCCACGTAATGAA,13,4886342
ygfM_xdhD_predicted,2.0,16,5,TATGCTATGAACGGCCGATT,11,4888234
ygfM_xdhD_predicted,2.0,16,5,TATCCTGGTCACCTAATTCA,11,4864903
ygfM_xdhD_predicted,6.166666666666667,41,5,TAGGGATTTTCAACCGCGGG,36,4879161
ygfM_xdhD_predicted,5.0,34,5,TAGCCTCGGGGCATTTGCGC,29,4886745
ygfM_xdhD_predicted,1.1666666666666667,11,5,TACTGTGATAGGAGACCTCT,6,4898978
ygfM_xdhD_predicted,2.0,16,5,TACGTCGTACAGCCGCGTAC,11,4880353
ygfM_xdhD_predicted,1.8333333333333333,15,5,TAATGCATCATGTACAGTGG,10,4879160
ygfM_xdhD_predicted,1.5,13,5,TAAGTGCCATGTAGGACATC,8,4883500
ygfM_xdhD_predicted,3.3333333333333335,24,5,TAAGCGATGCTAATGAATGA,19,4885312
ygfM_xdhD_predicted,2.5,19,5,TAAGACACCTTGATACTATG,14,4895042
ygfM_xdhD_predicted,2.8333333333333335,21,5,GTTATCACTCTGCACTTGTA,16,4897092
ygfM_xdhD_predicted,0.3333333333333333,6,5,GTGTTGCGATACTACGTGGC,1,4875158
ygfM_xdhD_predicted,6.166666666666667,41,5,GTGCAAGATGGAATCCCATC,36,4867913
ygfM_xdhD_predicted,4.666666666666667,32,5,GTGATTAAGCTAGTTAGACT,27,4881346
ygfM_xdhD_predicted,2.5,19,5,GTCATATTGTTCTGCCTATG,14,4893699
ygfM_xdhD_predicted,5.833333333333333,39,5,GTCACAGTGCGCGCCTCCGG,34,4885837
ygfM_xdhD_predicted,2.5,19,5,GTAGGGTAGGCATCTAGAAA,14,4870336
ygfM_xdhD_predicted,0.3333333333333333,6,5,GTACATTCCGCTATCACATA,1,4891852
ygfM_xdhD_predicted,4.0,28,5,GTAATAGTTAAACTTGTGTT,23,4866536
ygfM_xdhD_predicted,4.166666666666667,29,5,GGTTTACGCCGTACAAGTGT,24,4876284
ygfM_xdhD_predicted,0.3333333333333333,6,5,GGTTGTGGACTATGTGACTT,1,4889427
ygfM_xdhD_predicted,0.3333333333333333,6,5,GGTCATTTGCCGTGATAAGG,1,4893725
ygfM_xdhD_predicted,2.5,19,5,GGGTTCACCTATACTTTCAT,14,4893462
ygfM_xdhD_predicted,1.3333333333333333,12,5,GGGTGGATATATCACAGACG,7,4874931
ygfM_xdhD_predicted,3.8333333333333335,27,5,GGGGTTCCTTTCCAGCGAAC,22,4866524
ygfM_xdhD_predicted,2.3333333333333335,18,5,GGGGAAATGCAGCGGGGCTG,13,4895787
ygfM_xdhD_predicted,3.6666666666666665,26,5,GGCGAAGGATGGTTAAGTCA,21,4870506
ygfM_xdhD_predicted,3.6666666666666665,26,5,GGCCGTCTTAGATAGAGGTT,21,4879652
ygfM_xdhD_predicted,3.8333333333333335,27,5,GGCCATCACTACGATAATGC,22,4882614
ygfM_xdhD_predicted,0.5,7,5,GGCACGTTGCCATCCATACA,2,4883250
ygfM_xdhD_predicted,5.166666666666667,35,5,GGAAGTAAGTGTCCTTGCCC,30,4872084
ygfM_xdhD_predicted,3.0,22,5,GCTTGGCGGCAAAGTACACC,17,4892641
ygfM_xdhD_predicted,2.1666666666666665,17,5,GCTTCTAGGGTTTGGTATTC,12,4895907
ygfM_xdhD_predicted,5.333333333333333,36,5,GCTTAACTTAAGGTTAAAAG,31,4873139
ygfM_xdhD_predicted,1.1666666666666667,11,5,GCTAGTTATTTCACACGCAG,6,4887450
ygfM_xdhD_predicted,2.5,19,5,GCAAAAGACGACCCTTGGAA,14,4890586
ygfM_xdhD_predicted,2.5,19,5,GATAGGGGCTCCGAAGACGG,14,4894846
ygfM_xdhD_predicted,0.8333333333333334,9,5,GATACGGGTATACCTAAAAC,4,4897004
ygfM_xdhD_predicted,1.8333333333333333,15,5,GAGTGAGAAGACTATATTCT,10,4887854
ygfM_xdhD_predicted,1.5,13,5,GAGGTTTGCCAGATCTTTAA,8,4881627
ygfM_xdhD_predicted,4.333333333333333,30,5,GAGCGGTGGAACACTTCATA,25,4870625
ygfM_xdhD_predicted,0.3333333333333333,6,5,GAGAGGCTCTCGTAGGCTTA,1,4899655
ygfM_xdhD_predicted,4.0,28,5,GAGACTGTCCCACGAGCGTG,23,4869836
ygfM_xdhD_predicted,1.6666666666666667,14,5,GACACATCCAGCTTCACCCG,9,4882465
ygfM_xdhD_predicted,0.3333333333333333,6,5,GAACGTACGGGCTGAGGCCC,1,4882300
ygfM_xdhD_predicted,0.6666666666666666,8,5,CTTATCCCCGACGGATCGCA,3,4890072
ygfM_xdhD_predicted,0.3333333333333333,6,5,CTGTGCCCTCGCATTATCTT,1,4875641
ygfM_xdhD_predicted,6.5,43,5,CTGATGCAGCCATTCACCAT,38,4899317
ygfM_xdhD_predicted,2.6666666666666665,20,5,CTCATACCAACGAATTGCTG,15,4868371
ygfM_xdhD_predicted,1.0,10,5,CTCAGTCATATCTCTAATAT,5,4872832
ygfM_xdhD_predicted,3.6666666666666665,26,5,CTACCAAGGGCACGCAGAGA,21,4879490
ygfM_xdhD_predicted,4.666666666666667,32,5,CTAATCTTACTGCCCTAACC,27,4897859
ygfM_xdhD_predicted,4.666666666666667,32,5,CTAAGCAAGTGAGCTATAGG,27,4868168
ygfM_xdhD_predicted,2.0,16,5,CTAAGACGGTAGTGTGACGA,11,4884223
ygfM_xdhD_predicted,2.6666666666666665,20,5,CGGTCGCCGGACCTAGATGG,15,4886429
ygfM_xdhD_predicted,0.3333333333333333,6,5,CGGGCATAATGATGTATCTT,1,4875084
ygfM_xdhD_predicted,1.5,13,5,CGGAATGCGGAGAGCCCGCA,8,4881460
ygfM_xdhD_predicted,4.0,28,5,CGATGATACACATGATGCTC,23,4892121
ygfM_xdhD_predicted,9.833333333333334,63,5,CGACTACTGCTGCTCGTAAC,58,4882953
ygfM_xdhD_predicted,0.5,7,5,CCTCGGGTCTGAGTGGGTAC,2,4896814
ygfM_xdhD_predicted,7.333333333333333,48,5,CCTATACGGAGCGTGGCGCT,43,4890631
ygfM_xdhD_predicted,4.5,31,5,CCGTTTCTCCGCAGACAGGA,26,4879479
ygfM_xdhD_predicted,0.3333333333333333,6,5,CCGTTTCGATCTTTGGCCTC,1,4885811
ygfM_xdhD_predicted,5.0,34,5,CCGGGATTGTTGGAGCGTAC,29,4896189
ygfM_xdhD_predicted,2.6666666666666665,20,5,CCGCCCTGGGAATCCCCGGC,15,4892661
ygfM_xdhD_predicted,4.166666666666667,29,5,CCCCTCGATGTGATCCTTTA,24,4884492
ygfM_xdhD_predicted,10.833333333333334,69,5,CCAGGCACAGCCCTAATCTA,64,4877775
ygfM_xdhD_predicted,3.1666666666666665,23,5,CCACTTTCTTTCCGATAAGT,18,4875930
ygfM_xdhD_predicted,5.833333333333333,39,5,CCACTATAAATGTGGATATC,34,4871323
ygfM_xdhD_predicted,1.8333333333333333,15,5,CATGTACTACGGATGGAACT,10,4879239
ygfM_xdhD_predicted,2.5,19,5,CATGCAGGCTCCTTGGGCAT,14,4882905
ygfM_xdhD_predicted,8.666666666666666,56,5,CATCGAGCTAAGCCACTTGC,51,4868165
ygfM_xdhD_predicted,2.0,16,5,CAGGCGCGCAGTACCGTATC,11,4871042
ygfM_xdhD_predicted,0.3333333333333333,6,5,CAGCTCCGGCGAAGTTCGTT,1,4898057
ygfM_xdhD_predicted,1.0,10,5,CAGCGGGCAAGCTTTGTCAA,5,4873166
ygfM_xdhD_predicted,3.1666666666666665,23,5,CACTTTCTAGAGGCAGGTCG,18,4880536
ygfM_xdhD_predicted,4.333333333333333,30,5,CACTATACTTCCGAAAAGTG,25,4868356
ygfM_xdhD_predicted,2.0,16,5,CACGACACCACAGCGAGTAA,11,4864183
ygfM_xdhD_predicted,2.8333333333333335,21,5,CACCGTGGCCCACTACAACA,16,4881398
ygfM_xdhD_predicted,3.0,22,5,CACCCCCTCACTCATATAGT,17,4875342
ygfM_xdhD_predicted,0.3333333333333333,6,5,CACCCAAATAGTCAGAGCAA,1,4885005
ygfM_xdhD_predicted,3.0,22,5,CAAGGGTTTAAATCTTAGGC,17,4889489
ygfM_xdhD_predicted,2.0,16,5,CAACAAGGAATACAGCTGGT,11,4891785
ygfM_xdhD_predicted,1.1666666666666667,11,5,CAAAATGCCCAGATATAAGA,6,4898286
ygfM_xdhD_predicted,0.8333333333333334,9,5,ATTGGCACCCAAGGTTTGAT,4,4881349
ygfM_xdhD_predicted,0.5,7,5,ATTATTACGGGTCCTGTAAA,2,4869348
ygfM_xdhD_predicted,0.3333333333333333,6,5,ATGTGCGAATCCGGGTTCAC,1,4891125
ygfM_xdhD_predicted,1.5,13,5,ATGGTCCACGAATGTAAGGT,8,4894662
ygfM_xdhD_predicted,0.3333333333333333,6,5,ATGGGCAGACCGCAGAGTCA,1,4884728
ygfM_xdhD_predicted,6.0,40,5,ATGAAAGAGGAGGAACCGGT,35,4866538
ygfM_xdhD_predicted,0.8333333333333334,9,5,ATCTATCGTCCATTCGGTTA,4,4874341
ygfM_xdhD_predicted,1.1666666666666667,11,5,ATCGTATGGACTCGCGGAAT,6,4873912
ygfM_xdhD_predicted,1.3333333333333333,12,5,ATCCTACATGATCCGAGTCT,7,4885933
ygfM_xdhD_predicted,2.0,16,5,ATCCGAGTCACCAACAAACC,11,4895124
ygfM_xdhD_predicted,1.6666666666666667,14,5,ATCCCCGGCAGCCCGGGTAT,9,4882126
ygfM_xdhD_predicted,1.5,13,5,ATCAATTGTTAGCGGTCCCT,8,4866262
ygfM_xdhD_predicted,3.1666666666666665,23,5,ATAGCTGAGCAAATCGAAGT,18,4872967
ygfM_xdhD_predicted,2.1666666666666665,17,5,ATACTCCCTCCGAGGACAAA,12,4877667
ygfM_xdhD_predicted,3.8333333333333335,27,5,ATACCAGTAGTACGGAGGGT,22,4876761
ygfM_xdhD_predicted,4.5,31,5,ATAAGCCTATCATGGCTCCA,26,4866513
ygfM_xdhD_predicted,3.5,25,5,AGTTGCGCCCCCAGTCTAGT,20,4879929
ygfM_xdhD_predicted,2.6666666666666665,20,5,AGTTCCTCAACTCAGGCTAT,15,4866163
ygfM_xdhD_predicted,8.166666666666666,53,5,AGTTACTGCGATAGCATGAT,48,4890043
ygfM_xdhD_predicted,8.666666666666666,56,5,AGTCCCCCTGCATTGTACCT,51,4867092
ygfM_xdhD_predicted,1.5,13,5,AGTCAAATTACGCGTCCGAA,8,4879613
ygfM_xdhD_predicted,2.1666666666666665,17,5,AGGTCCAGTATCTACATCGA,12,4880875
ygfM_xdhD_predicted,5.5,37,5,AGGGTGAACTTACTTGCAAA,32,4875924
ygfM_xdhD_predicted,1.3333333333333333,12,5,AGGGGGATGTAGTGTCCAGT,7,4894104
ygfM_xdhD_predicted,5.333333333333333,36,5,AGGATTGACTTATGAGCTAC,31,4878508
ygfM_xdhD_predicted,1.0,10,5,AGGATGTTTTCATAACGGTA,5,4886723
ygfM_xdhD_predicted,0.3333333333333333,6,5,AGGACCACTCGGAACGATCT,1,4869987
ygfM_xdhD_predicted,0.3333333333333333,6,5,AGCCCGTGCTGAGCGTCGGC,1,4882228
ygfM_xdhD_predicted,2.8333333333333335,21,5,AGCATCTTCCGAAAGAGTCG,16,4886584
ygfM_xdhD_predicted,3.3333333333333335,24,5,AGATCCAAATCAAAGTGGAT,19,4883732
ygfM_xdhD_predicted,5.333333333333333,36,5,AGAGATCTAACGTATTGCAA,31,4885835
ygfM_xdhD_predicted,2.1666666666666665,17,5,AGAAAGCATGTAAGGTCAGT,12,4887534
ygfM_xdhD_predicted,15.666666666666666,98,5,ACTTTTCCGGATGTCAGCCA,93,4888447
ygfM_xdhD_predicted,9.166666666666666,59,5,ACTATTAGGTTCCCCTACAT,54,4882813
ygfM_xdhD_predicted,0.5,7,5,ACTACGGCTATGTGAGATCA,2,4867627
ygfM_xdhD_predicted,2.0,16,5,ACGGCGGAGGTTAAAAAGGA,11,4881217
ygfM_xdhD_predicted,3.6666666666666665,26,5,ACGGCCAGACCCCCGAGTAC,21,4878784
ygfM_xdhD_predicted,2.0,16,5,ACGACGGAACGTACTAAGAT,11,4894199
ygfM_xdhD_predicted,0.3333333333333333,6,5,ACGAATTGTTAGTTGTTAGA,1,4880299
ygfM_xdhD_predicted,4.0,28,5,ACCTCGGACGCGTGCGACCT,23,4896700
ygfM_xdhD_predicted,0.3333333333333333,6,5,ACCCCGAACTTATTATATAA,1,4866605
ygfM_xdhD_predicted,4.833333333333333,33,5,ACAGCCTTTCACGAAACAAT,28,4883770
ygfM_xdhD_predicted,4.833333333333333,33,5,ACACTTGTAGGGCGTGTGGT,28,4888592
ygfM_xdhD_predicted,4.666666666666667,32,5,ACAAGTACCCATCCTGGTAG,27,4891102
ygfM_xdhD_predicted,4.5,31,5,AATTCGCACAGCTAATCTAT,26,4874444
ygfM_xdhD_predicted,6.0,40,5,AATCCCATTGCGTCTGAAGA,35,4891208
ygfM_xdhD_predicted,5.0,34,5,AAGTGCAACCAACAGGAAGA,29,4892790
ygfM_xdhD_predicted,0.3333333333333333,6,5,AAGGATCAACGATCCGGTTT,1,4893379
ygfM_xdhD_predicted,1.8333333333333333,15,5,AAGCGTTTCCCTTCCTAAAT,10,4891463
ygfM_xdhD_predicted,3.0,22,5,AAGCCAAAAACCGCGTAAAT,17,4885714
ygfM_xdhD_predicted,3.5,25,5,AAGAGATTTTCGATATAAGT,20,4885049
ygfM_xdhD_predicted,3.6666666666666665,26,5,AACGCTGGAGGAATCTACCC,21,4890397
ygfM_xdhD_predicted,6.166666666666667,41,5,AAATCAATCTCGACCCCACT,36,4872546
ygfM_xdhD_predicted,2.5,19,5,AAACTCCGTTCGGAAAGTGT,14,4872000
ygfM_xdhD_predicted,4.5,31,5,AAAATAGAAAATAAGTATTG,26,4892513
ygfM_xdhD_predicted,4.0,23,4,TTTTAAGCTAAGATCCACCG,19,4893793
ygfM_xdhD_predicted,0.4,5,4,TTTGAAACCTGACTTTTAGC,1,4863833
ygfM_xdhD_predicted,1.0,8,4,TTTCTTTATGTCACTATTAA,4,4891688
ygfM_xdhD_predicted,3.6,21,4,TTTATTGCCGCTGAGTGCAA,17,4893333
ygfM_xdhD_predicted,0.4,5,4,TTTATGACGATTTGCAAGGG,1,4886942
ygfM_xdhD_predicted,2.4,15,4,TTGTAGGGTTGTGCCGTGAG,11,4876343
ygfM_xdhD_predicted,6.4,35,4,TTGGGGGTCGGATCGGGTAT,31,4878483
ygfM_xdhD_predicted,0.8,7,4,TTGGGCTCTTCCTTGTTGAA,3,4870409
ygfM_xdhD_predicted,9.6,51,4,TTGGCACTGTGTGGCAGTAT,47,4871198
ygfM_xdhD_predicted,3.8,22,4,TTGCCCTATACGTCACGTAG,18,4889048
ygfM_xdhD_predicted,0.8,7,4,TTCTGAGTATTTATCATTAG,3,4880442
ygfM_xdhD_predicted,3.6,21,4,TTCTCTTCGAACAATGCAAG,17,4891254
ygfM_xdhD_predicted,3.0,18,4,TTCTATCCGAGCTCCATCAG,14,4886113
ygfM_xdhD_predicted,2.0,13,4,TTCGTTCTCGTATAAGTCTC,9,4868310
ygfM_xdhD_predicted,6.2,34,4,TTCGAGCGGCCATCGGATCA,30,4879619
ygfM_xdhD_predicted,4.6,26,4,TTCACAGGCGGACAAAGAAC,22,4876104
ygfM_xdhD_predicted,0.6,6,4,TTAGGAAACCCGTTAACTGC,2,4866529
ygfM_xdhD_predicted,5.0,28,4,TTACCCTGCCTCTTTGCCCT,24,4889016
ygfM_xdhD_predicted,3.0,18,4,TGTTGTGCTCAAGTGCCTCA,14,4887235
ygfM_xdhD_predicted,7.4,40,4,TGTGGACTAGGGGTCCTGGA,36,4884698
ygfM_xdhD_predicted,0.4,5,4,TGTCCACCCTTAAATTTGGT,1,4867626
ygfM_xdhD_predicted,7.2,39,4,TGTCATGCAAGGGCCAATAG,35,4884209
ygfM_xdhD_predicted,8.8,47,4,TGTCACTAGGTCTTGACATA,43,4881849
ygfM_xdhD_predicted,4.6,26,4,TGGTACGTGTCGCACGGGGT,22,4867400
ygfM_xdhD_predicted,0.6,6,4,TGGATGCAGTTAGTCGTCCA,2,4883001
ygfM_xdhD_predicted,2.8,17,4,TGGATACATCGGCGAATATT,13,4867974
ygfM_xdhD_predicted,5.8,32,4,TGGACCCAGCAAAGGGAAGT,28,4867834
ygfM_xdhD_predicted,0.8,7,4,TGCTAGGTATGCCCGCCTTG,3,4891816
ygfM_xdhD_predicted,4.6,26,4,TGCTACACGTAACTGTTTTG,22,4863871
ygfM_xdhD_predicted,6.0,33,4,TGCGGCTTAATGGGGAAATA,29,4875444
ygfM_xdhD_predicted,3.0,18,4,TGAGGACGTTTACGAATCCT,14,4873620
ygfM_xdhD_predicted,5.4,30,4,TGACGCCGGTAAATCTGATT,26,4875050
ygfM_xdhD_predicted,0.6,6,4,TCTGTGCTGATTAAGGGGAT,2,4894135
ygfM_xdhD_predicted,4.6,26,4,TCTCTGGCCGCAAGTATTGC,22,4882505
ygfM_xdhD_predicted,0.4,5,4,TCGTTTGACAGAACTTAAGA,1,4871212
ygfM_xdhD_predicted,3.2,19,4,TCGGCGATCGGTCCGTTAGT,15,4882193
ygfM_xdhD_predicted,10.8,57,4,TCGATGGAGGTAACCACTAT,53,4895421
ygfM_xdhD_predicted,3.4,20,4,TCCTGTTGCAAGCACCCAGC,16,4871696
ygfM_xdhD_predicted,2.0,13,4,TCCAAAACCGGACGTTAGTC,9,4879141
ygfM_xdhD_predicted,3.2,19,4,TCACTCATGATGAAACTGGT,15,4882152
ygfM_xdhD_predicted,1.8,12,4,TCACACCAGATTTTGCGGAT,8,4875090
ygfM_xdhD_predicted,0.6,6,4,TCAACCAGGACCAAAGCCCG,2,4891427
ygfM_xdhD_predicted,5.4,30,4,TATCTCAGGCACACCATTGT,26,4898402
ygfM_xdhD_predicted,3.8,22,4,TATAGCCCAGCCGCCCTACA,18,4873351
ygfM_xdhD_predicted,1.2,9,4,TAGATATTAGAAGATGGCAG,5,4897879
ygfM_xdhD_predicted,2.2,14,4,TACGGCCCGAGTTCACGAGA,10,4877906
ygfM_xdhD_predicted,0.4,5,4,TACATACTGTCACGTTGAAG,1,4881223
ygfM_xdhD_predicted,2.2,14,4,TAATTTAGTTGTACCCGTAT,10,4867325
ygfM_xdhD_predicted,0.6,6,4,TAAGTTTTTAAGGTAATTAG,2,4878573
ygfM_xdhD_predicted,2.6,16,4,GTTTGACTCTACCTAGGGGA,12,4887075
ygfM_xdhD_predicted,3.4,20,4,GTTGTGTCTATATGGATTGA,16,4898165
ygfM_xdhD_predicted,1.6,11,4,GTTACGGGGGGGAACGTAGT,7,4872012
ygfM_xdhD_predicted,0.6,6,4,GTGATTATCCGTTACCCGTC,2,4878542
ygfM_xdhD_predicted,3.2,19,4,GTCGAAGGAAAGCTGGAAGT,15,4868408
ygfM_xdhD_predicted,3.0,18,4,GTATATCGGCTCTGCGGGGC,14,4866336
ygfM_xdhD_predicted,1.8,12,4,GTAACGAGTTGGCCCTGGCA,8,4874290
ygfM_xdhD_predicted,3.0,18,4,GTAAAGCGTCGGCTGTCCTC,14,4873313
ygfM_xdhD_predicted,2.6,16,4,GGTCGATCTTGCCTGAGTAT,12,4870406
ygfM_xdhD_predicted,2.6,16,4,GGGTTAGGGCTGACACTGAA,12,4874655
ygfM_xdhD_predicted,2.2,14,4,GGGGTATAGCCGTTCTTTCA,10,4866297
ygfM_xdhD_predicted,1.6,11,4,GGACCGGGTACGGATACGGT,7,4879819
ygfM_xdhD_predicted,3.0,18,4,GGACCCGTGCGTGAACTCGA,14,4881879
ygfM_xdhD_predicted,0.4,5,4,GGAAGGCCGGACGCGGCAAG,1,4879032
ygfM_xdhD_predicted,6.6,36,4,GCTGTTGAGCCGCGAACCTT,32,4890843
ygfM_xdhD_predicted,0.4,5,4,GCTACGGCCGCTTTGATTGT,1,4870846
ygfM_xdhD_predicted,3.2,19,4,GCGTTATAGGCGGGTCGGCA,15,4886069
ygfM_xdhD_predicted,0.4,5,4,GCGGTAGGTCCCGGTTAACC,1,4888321
ygfM_xdhD_predicted,4.4,25,4,GCGCTTTCCCTTAATCTTGG,21,4869340
ygfM_xdhD_predicted,1.4,10,4,GCGCTCGTGTACTCCTAATC,6,4880850
ygfM_xdhD_predicted,4.2,24,4,GCGCGACAGCTTTTATCGAA,20,4886771
ygfM_xdhD_predicted,3.8,22,4,GCCGGGCCTCCAAAGGTTAA,18,4874260
ygfM_xdhD_predicted,1.2,9,4,GCCGACGGAGGTGGACAGCC,5,4883749
ygfM_xdhD_predicted,3.4,20,4,GCCCGCCAAGCCGGTAATGG,16,4888557
ygfM_xdhD_predicted,0.4,5,4,GCCCAAACACGATGTTTATG,1,4893856
ygfM_xdhD_predicted,6.0,33,4,GCATGCGGATGAGGTCCATT,29,4870314
ygfM_xdhD_predicted,2.2,14,4,GCAGGTTCACGGATCGATAA,10,4872222
ygfM_xdhD_predicted,3.4,20,4,GCACGAGCTTATCGCAATCC,16,4897506
ygfM_xdhD_predicted,12.4,65,4,GCACCATCCCATCAGGGAGT,61,4878803
ygfM_xdhD_predicted,21.0,108,4,GCAAACCTGTCCTCGTTTGA,104,4897689
ygfM_xdhD_predicted,5.4,30,4,GATGGGCCATTCAGTGGCTC,26,4886428
ygfM_xdhD_predicted,0.4,5,4,GATGCTCGTTCGCCGCTCCA,1,4867088
ygfM_xdhD_predicted,0.4,5,4,GATGAGGACGGAGACTAATA,1,4895579
ygfM_xdhD_predicted,2.4,15,4,GATATGCTGGCACATCTAGG,11,4877840
ygfM_xdhD_predicted,1.0,8,4,GAGTGTTCCAGTGCCAGGAC,4,4871435
ygfM_xdhD_predicted,0.6,6,4,GAGTGATCTGGGAGTGCGGT,2,4896409
ygfM_xdhD_predicted,9.0,48,4,GAGACATTAAGGACACAAAA,44,4891874
ygfM_xdhD_predicted,4.4,25,4,GACGTTCCTTTTCTTATATA,21,4878476
ygfM_xdhD_predicted,8.2,44,4,GACCTAGTGTGTGCCAAGAC,40,4870430
ygfM_xdhD_predicted,2.8,17,4,GAATCGAGCTACAGCGGTTG,13,4886707
ygfM_xdhD_predicted,2.4,15,4,GAACGTTCCATTGACCCGAA,11,4896553
ygfM_xdhD_predicted,6.4,35,4,GAAAGGCGAAGGATGTCACA,31,4868365
ygfM_xdhD_predicted,2.4,15,4,CTTTTTTCACTATTTACGTA,11,4891461
ygfM_xdhD_predicted,3.2,19,4,CTTTGTAAGAGCTTTGCTCT,15,4885085
ygfM_xdhD_predicted,0.4,5,4,CTTTAAACTATGGTGCTACA,1,4886832
ygfM_xdhD_predicted,4.4,25,4,CTTACCTGGGGGGTGATAAA,21,4890048
ygfM_xdhD_predicted,5.8,32,4,CTGTTCAAATTTGCCGATTC,28,4873890
ygfM_xdhD_predicted,7.0,38,4,CTGTGTTAGTTTAATGACCG,34,4870422
ygfM_xdhD_predicted,4.2,24,4,CTCATGTTGCCTAACGGTCA,20,4897241
ygfM_xdhD_predicted,0.4,5,4,CTATGCGGTAGGAGGAAAGA,1,4882407
ygfM_xdhD_predicted,4.4,25,4,CTAACCGAGGGCCCACCACT,21,4881489
ygfM_xdhD_predicted,0.4,5,4,CTAAAGGGGCATCGGTTAAA,1,4898429
ygfM_xdhD_predicted,4.8,27,4,CGTTGTACGAGCTCGACTGC,23,4884056
ygfM_xdhD_predicted,5.6,31,4,CGTTACAACCCTGAACTTTT,27,4884883
ygfM_xdhD_predicted,1.2,9,4,CGTATCTAATATAATGGCTG,5,4894466
ygfM_xdhD_predicted,0.6,6,4,CGTAGATCGGAGCACCACCC,2,4897007
ygfM_xdhD_predicted,0.4,5,4,CGGCCCCAAGAACACGTTAT,1,4888816
ygfM_xdhD_predicted,7.0,38,4,CGCTTTCAACACTTCCTACA,34,4891721
ygfM_xdhD_predicted,4.4,25,4,CGCCCCAGTGTTACGGTCCG,21,4879058
ygfM_xdhD_predicted,5.4,30,4,CGAGTTCAAACTTGATTGAA,26,4889942
ygfM_xdhD_predicted,0.6,6,4,CGAGCCCTAAACGCAGAGCA,2,4888762
ygfM_xdhD_predicted,0.4,5,4,CGACATCATCAGTGTTATCA,1,4881320
ygfM_xdhD_predicted,4.2,24,4,CCTTGTGATTCGCTTGTAGC,20,4880685
ygfM_xdhD_predicted,0.6,6,4,CCTTGGTCGAAAGTTGATAT,2,4873886
ygfM_xdhD_predicted,3.2,19,4,CCTGTTTCGGCACGACGAGT,15,4880741
ygfM_xdhD_predicted,6.6,36,4,CCTGGCCGGTTTAGCTCCCC,32,4873866
ygfM_xdhD_predicted,4.4,25,4,CCTGATAGTAGGTCATCATA,21,4890849
ygfM_xdhD_predicted,4.0,23,4,CCTCCGCTGTTTCTAATCTA,19,4894541
ygfM_xdhD_predicted,2.0,13,4,CCTCAATATCGTGATTCTAC,9,4869669
ygfM_xdhD_predicted,4.0,23,4,CCCGACGATTGAGGGACCCT,19,4865895
ygfM_xdhD_predicted,0.8,7,4,CCAGGGGAAAATGAAGCTCC,3,4891685
ygfM_xdhD_predicted,7.4,40,4,CCACTATAAAGTGGTCACCC,36,4897824
ygfM_xdhD_predicted,10.4,55,4,CCAATGGATATTTTTACGGA,51,4880242
ygfM_xdhD_predicted,2.8,17,4,CCAAAATCGTTCCTCTAACT,13,4899454
ygfM_xdhD_predicted,3.8,22,4,CATTTGTTTCGGATATCCGT,18,4867456
ygfM_xdhD_predicted,9.0,48,4,CATGACACTGTAATTATTTT,44,4874930
ygfM_xdhD_predicted,1.0,8,4,CATCCCCAGGAATGTAGGGG,4,4879025
ygfM_xdhD_predicted,1.8,12,4,CATAAGCCGAGAGTATCGCT,8,4889940
ygfM_xdhD_predicted,2.4,15,4,CAGTGGTTTGGGGGCCGTTT,11,4886939
ygfM_xdhD_predicted,2.8,17,4,CAGTGACGTGTATCCCCCTC,13,4892690
ygfM_xdhD_predicted,2.8,17,4,CACTTGTATGGGGACTCTTA,13,4872500
ygfM_xdhD_predicted,4.8,27,4,CAATTGCCGCATCAATCACA,23,4878008
ygfM_xdhD_predicted,3.4,20,4,CAACTTGCGCTACGTGGTAT,16,4884187
ygfM_xdhD_predicted,2.4,15,4,CAACTGCCTTGGATTTCCGG,11,4899321
ygfM_xdhD_predicted,0.4,5,4,CAACTCCCGAAGGTTTAGCG,1,4872304
ygfM_xdhD_predicted,1.4,10,4,ATTTTCACCCGAGTGTTGCA,6,4884956
ygfM_xdhD_predicted,5.6,31,4,ATTTCTCAAGTACATGTATA,27,4890328
ygfM_xdhD_predicted,3.2,19,4,ATTTAGCAAATCCAATGATC,15,4876506
ygfM_xdhD_predicted,4.8,27,4,ATTGTATAGAGCTCGTACGT,23,4886107
ygfM_xdhD_predicted,0.4,5,4,ATTGTACGTGGTAACGTGTG,1,4885208
ygfM_xdhD_predicted,2.0,13,4,ATTGATCTTGAGGAGGGCAA,9,4877401
ygfM_xdhD_predicted,1.8,12,4,ATTCACTTAAGATATTGAAC,8,4875359
ygfM_xdhD_predicted,3.0,18,4,ATTAGTGCAACCGCGCAACT,14,4868288
ygfM_xdhD_predicted,1.0,8,4,ATCGAAGACATAGGGGCGTA,4,4894837
ygfM_xdhD_predicted,4.4,25,4,ATCCATCAGTGTTCTGTATA,21,4865021
ygfM_xdhD_predicted,2.2,14,4,ATCCAACTCGGCCGCCAGCG,10,4891813
ygfM_xdhD_predicted,0.4,5,4,ATCAATCCTTGGTTAGTGTC,1,4869202
ygfM_xdhD_predicted,3.4,20,4,ATAGAGGAAATTTGACGCCA,16,4873085
ygfM_xdhD_predicted,2.6,16,4,ATAAATAGCGTTGCGTGGGT,12,4887377
ygfM_xdhD_predicted,3.8,22,4,AGTTATCGTCGTCAAAACAT,18,4887439
ygfM_xdhD_predicted,0.4,5,4,AGTGTTAATTTACCCATGGA,1,4896237
ygfM_xdhD_predicted,6.0,33,4,AGTCTGGAGAACTACTTTTC,29,4866910
ygfM_xdhD_predicted,6.4,35,4,AGTCTCGTAAGGGCGCCTCG,31,4889192
ygfM_xdhD_predicted,0.4,5,4,AGTATGTAAGGGTCAAGTTG,1,4866871
ygfM_xdhD_predicted,3.6,21,4,AGGTTGCAGGCAATGCCGGT,17,4867779
ygfM_xdhD_predicted,4.0,23,4,AGGGTTTGCCGGCGGGCACC,19,4880551
ygfM_xdhD_predicted,6.4,35,4,AGGGTTAAGCGAGGAAAGTC,31,4875992
ygfM_xdhD_predicted,3.4,20,4,AGGCGTTAATCTGAAAATTG,16,4875710
ygfM_xdhD_predicted,0.4,5,4,AGCTTTATCATCCGGCGCTT,1,4870424
ygfM_xdhD_predicted,2.2,14,4,AGCTCAAATTCCGTGTCACC,10,4868281
ygfM_xdhD_predicted,6.0,33,4,AGCGTTTTACGTGTCTAAGT,29,4882243
ygfM_xdhD_predicted,2.4,15,4,AGCGGGGTGCCGTATCGTCA,11,4889937
ygfM_xdhD_predicted,9.0,48,4,AGCGCCACCCTAAACATTTC,44,4882086
ygfM_xdhD_predicted,1.2,9,4,AGCAGGGTTGAATTACCCTT,5,4869237
ygfM_xdhD_predicted,1.8,12,4,AGCAGGCCAGTGGGGCCGAA,8,4868294
ygfM_xdhD_predicted,4.0,23,4,AGCACCGGATGCCAGGTCGT,19,4885807
ygfM_xdhD_predicted,4.8,27,4,AGCAAGGACCATATCTGCGG,23,4875171
ygfM_xdhD_predicted,0.4,5,4,AGAGCGTATTGGTCACCGTT,1,4892806
ygfM_xdhD_predicted,3.4,20,4,AGACTACCAATCTATTTTAC,16,4871718
ygfM_xdhD_predicted,3.8,22,4,ACTTATCTATGTATCAACTC,18,4870201
ygfM_xdhD_predicted,1.8,12,4,ACTGGCTACTCCACTCGTAT,8,4868471
ygfM_xdhD_predicted,3.2,19,4,ACTCCATTTCTTCTGAAGTT,15,4892101
ygfM_xdhD_predicted,6.4,35,4,ACGTCGAGGGTCTAATCGGA,31,4898819
ygfM_xdhD_predicted,2.6,16,4,ACGGACGATATGACTTAGGC,12,4882093
ygfM_xdhD_predicted,3.6,21,4,ACGGAATTTCGAGGTAATCC,17,4868976
ygfM_xdhD_predicted,7.4,40,4,ACGCTGCATAAGTACAACCT,36,4881093
ygfM_xdhD_predicted,2.8,17,4,ACCGTTCGTCACGCGGCTTC,13,4869418
ygfM_xdhD_predicted,2.4,15,4,ACCGCTGCTCGGCTCGGGGG,11,4894797
ygfM_xdhD_predicted,7.6,41,4,ACCCCGCCTACGTGACTCTA,37,4892222
ygfM_xdhD_predicted,5.6,31,4,ACCCACTTCGACCCCCTGTA,27,4895796
ygfM_xdhD_predicted,3.2,19,4,ACCATATCGAGCGATAGCTA,15,4896605
ygfM_xdhD_predicted,2.8,17,4,ACATTCCTTAGCACCTAGTG,13,4874301
ygfM_xdhD_predicted,2.0,13,4,ACACTGGCGTAGGGATAGAC,9,4866845
ygfM_xdhD_predicted,1.2,9,4,AATGCGTTTCGGGGTAGGCT,5,4874017
ygfM_xdhD_predicted,0.6,6,4,AATCTGCACCTTGTATGAGT,2,4884198
ygfM_xdhD_predicted,8.0,43,4,AATCAATACAGCAATGAGAA,39,4873475
ygfM_xdhD_predicted,0.8,7,4,AAGTTGTCCGGCCCCACCCT,3,4888016
ygfM_xdhD_predicted,0.6,6,4,AAGTGTTCAAGGGCTTCCAT,2,4874923
ygfM_xdhD_predicted,2.6,16,4,AAGGGCCACGCCGGCCAATT,12,4889956
ygfM_xdhD_predicted,5.6,31,4,AACTTCCTCAGGTGAAAAGT,27,4866570
ygfM_xdhD_predicted,3.4,20,4,AACTTCAGCCCTAGACTGAC,16,4889231
ygfM_xdhD_predicted,2.0,13,4,AACTCTATTGACTTGAATAT,9,4880303
ygfM_xdhD_predicted,2.4,15,4,AACCGTAAAGGACAGGCCCT,11,4875162
ygfM_xdhD_predicted,2.4,15,4,AACATGACGCTGAGGAAGCA,11,4875440
ygfM_xdhD_predicted,0.4,5,4,AAATGGAGGGTCTCGTATCT,1,4878427
ygfM_xdhD_predicted,6.0,33,4,AAAGGGATGGAATTTACGGT,29,4868217
ygfM_xdhD_predicted,0.4,5,4,AAAAAACCTACGAGGTACGA,1,4869093
ygfM_xdhD_predicted,9.0,38,3,TTTTCACTCACGCAAGTCAC,35,4883453
ygfM_xdhD_predicted,8.25,35,3,TTTGGCGACGGGAACTCGGT,32,4867544
ygfM_xdhD_predicted,7.0,30,3,TTTCTGACCCAACTTGCGAC,27,4864373
ygfM_xdhD_predicted,4.5,20,3,TTGTTTGTCCACGTTATTGT,17,4875569
ygfM_xdhD_predicted,0.5,4,3,TTGTTCTGGAGGCAGGAATG,1,4891148
ygfM_xdhD_predicted,3.0,14,3,TTGTGACAGGCAGTATGCTT,11,4878498
ygfM_xdhD_predicted,8.25,35,3,TTGGCTGTCGCGTTGGGTCT,32,4877039
ygfM_xdhD_predicted,5.0,22,3,TTGGCTACCCTTCACGAGTG,19,4869272
ygfM_xdhD_predicted,3.0,14,3,TTGACAAGGTATGAAAAAAC,11,4866447
ygfM_xdhD_predicted,0.75,5,3,TTCGCGTGCATTTAACGACG,2,4872273
ygfM_xdhD_predicted,4.75,21,3,TTCCGTCCCGCAAAGGATGA,18,4884168
ygfM_xdhD_predicted,6.25,27,3,TTCCATCACTCAGCCGCCCG,24,4889968
ygfM_xdhD_predicted,4.5,20,3,TTACCACAAGAGACGCGGAG,17,4883159
ygfM_xdhD_predicted,10.5,44,3,TGTGCCAGTCACACTTCGCA,41,4892500
ygfM_xdhD_predicted,3.0,14,3,TGTCTCTAAAGGTCAAGGGG,11,4898521
ygfM_xdhD_predicted,5.25,23,3,TGTAGAAAGCGACGAATACC,20,4869837
ygfM_xdhD_predicted,3.75,17,3,TGTACGGTCTTCGCGCCGCG,14,4896168
ygfM_xdhD_predicted,3.5,16,3,TGGTGGAGTACGCGATCAAT,13,4889313
ygfM_xdhD_predicted,3.75,17,3,TGGGTGGTGGGTTCAATGGG,14,4867117
ygfM_xdhD_predicted,6.0,26,3,TGGGTCCTTTATCCACAATT,23,4877615
ygfM_xdhD_predicted,0.5,4,3,TGGACACAAGGGTAGACTTA,1,4892382
ygfM_xdhD_predicted,9.75,41,3,TGCTCGATGGATTAAAATTC,38,4896231
ygfM_xdhD_predicted,21.5,88,3,TGCATTTTTCGCTTGAGCGC,85,4888459
ygfM_xdhD_predicted,3.0,14,3,TGCACAAGACCGTGCTGCGG,11,4866818
ygfM_xdhD_predicted,2.0,10,3,TGATTACGCTATATATGATT,7,4872942
ygfM_xdhD_predicted,1.0,6,3,TGACCAGTCGTACGTGATGG,3,4885673
ygfM_xdhD_predicted,0.5,4,3,TCAGTACAATCAGCAGCAGA,1,4892601
ygfM_xdhD_predicted,4.75,21,3,TCAGGCCGTTTCGCCTGAGC,18,4875804
ygfM_xdhD_predicted,8.0,34,3,TCAGAACGGTATTGGCTTAG,31,4874962
ygfM_xdhD_predicted,0.75,5,3,TCACAAGCAATGCCATAACA,2,4897589
ygfM_xdhD_predicted,5.75,25,3,TATTTTGTAAATCATATTGC,22,4873232
ygfM_xdhD_predicted,1.75,9,3,TATGAGCTCTCGGTTCAGTT,6,4892457
ygfM_xdhD_predicted,5.25,23,3,TATCGCGTAACTGATCCTCA,20,4879947
ygfM_xdhD_predicted,8.75,37,3,TATATATAGCGTCCGTGGAA,34,4883264
ygfM_xdhD_predicted,3.5,16,3,TACGCCAGTTCCGGTTGCTT,13,4879623
ygfM_xdhD_predicted,4.75,21,3,TAAGCCAACCGTCGAGAGAA,18,4876980
ygfM_xdhD_predicted,0.5,4,3,GTTTTCTCCTAGTTGTCAAC,1,4899199
ygfM_xdhD_predicted,1.0,6,3,GTCTAGTACGTAGCCATGTT,3,4877348
ygfM_xdhD_predicted,2.25,11,3,GTCTAGGCATCCTCGACATC,8,4876410
ygfM_xdhD_predicted,3.0,14,3,GTCAAAAGCCATAACCATGG,11,4878654
ygfM_xdhD_predicted,4.5,20,3,GTAGAGGGGGAAGTTAGGTC,17,4895359
ygfM_xdhD_predicted,2.75,13,3,GTACAACCTGACTGCTGTTT,10,4890098
ygfM_xdhD_predicted,4.0,18,3,GGTGGAGCTCATTGGCGGTT,15,4898376
ygfM_xdhD_predicted,0.5,4,3,GGTCGGAATAGGAAAGTTGC,1,4874985
ygfM_xdhD_predicted,2.75,13,3,GGGCATAAACATGTCTCCGG,10,4886710
ygfM_xdhD_predicted,9.25,39,3,GGCGCGTTCGCGTAATACCT,36,4883919
ygfM_xdhD_predicted,8.5,36,3,GGCCTAGTCACTTTAGTCAA,33,4879409
ygfM_xdhD_predicted,13.5,56,3,GGATTGTCTAGGTGCCAACA,53,4886063
ygfM_xdhD_predicted,10.0,42,3,GGAGGCATCGCACAATCACG,39,4896478
ygfM_xdhD_predicted,6.75,29,3,GCTGGGGTGAGCCTACAATA,26,4874572
ygfM_xdhD_predicted,2.75,13,3,GCTCGGCCTAGGGATTGTTC,10,4875579
ygfM_xdhD_predicted,0.5,4,3,GCTCGGAAGGTGATAATCAA,1,4896396
ygfM_xdhD_predicted,4.5,20,3,GCTACTCGGTAGTTGCTAAC,17,4884758
ygfM_xdhD_predicted,0.5,4,3,GCGCTTATAAGTTGGTGGGG,1,4894728
ygfM_xdhD_predicted,7.75,33,3,GCGCTGGCAATGATCGCGTA,30,4894232
ygfM_xdhD_predicted,1.0,6,3,GCGCTCCTGATGGAAATATC,3,4871542
ygfM_xdhD_predicted,6.5,28,3,GCCTGTGGCCTAATGTCGGA,25,4897237
ygfM_xdhD_predicted,1.0,6,3,GCCGTCTCGTACTCCACAAG,3,4889425
ygfM_xdhD_predicted,1.75,9,3,GCCCGGCTACTCTGGCGTTT,6,4894874
ygfM_xdhD_predicted,6.25,27,3,GCCCGCTTATAAAACCGGTG,24,4868376
ygfM_xdhD_predicted,0.75,5,3,GCATGCTCGATATGCTCTTG,2,4876546
ygfM_xdhD_predicted,4.0,18,3,GATTTGTCCGGAAGCAATAG,15,4897574
ygfM_xdhD_predicted,3.25,15,3,GATTGTGAGAGCAAGGGTCC,12,4887034
ygfM_xdhD_predicted,0.75,5,3,GATGTCAGGCGGGTAGAGGT,2,4898170
ygfM_xdhD_predicted,2.25,11,3,GATATCAGGGCGAGCCGGGG,8,4866144
ygfM_xdhD_predicted,4.5,20,3,GATAACTAGCACTCCTGGAA,17,4876454
ygfM_xdhD_predicted,0.5,4,3,GAGTGAGTCGTTGGCACGAG,1,4882712
ygfM_xdhD_predicted,5.0,22,3,GAGTCCTATACTCCCGAAGA,19,4890342
ygfM_xdhD_predicted,8.25,35,3,GAGGTTACAGCGCCTAGGTA,32,4889859
ygfM_xdhD_predicted,4.25,19,3,GAGAGATGGTTTAGACGGGA,16,4892301
ygfM_xdhD_predicted,0.75,5,3,GACTGGATGCCCCGTTGTAC,2,4885516
ygfM_xdhD_predicted,4.25,19,3,GACCTAGGTTTTTGGCGCGT,16,4897221
ygfM_xdhD_predicted,0.5,4,3,CTTTTGGTGTGAAGTTCTTC,1,4867608
ygfM_xdhD_predicted,4.75,21,3,CTTTTAGAGGCAGATCGGTT,18,4880088
ygfM_xdhD_predicted,0.75,5,3,CTTGTATGTGCTGGATCATT,2,4891538
ygfM_xdhD_predicted,5.25,23,3,CTTGGTGATTGTTTGATACG,20,4891073
ygfM_xdhD_predicted,0.5,4,3,CTTAGTTACTACGTGGATGA,1,4898143
ygfM_xdhD_predicted,12.5,52,3,CTTAGAGTAAATCAGCTGAT,49,4897854
ygfM_xdhD_predicted,3.0,14,3,CTGTCAATATTTCTGACCAG,11,4878053
ygfM_xdhD_predicted,3.0,14,3,CTCTTGTCTGTTAGCTGTTC,11,4887537
ygfM_xdhD_predicted,0.5,4,3,CTCGACCGAACCTCTCCCAG,1,4870135
ygfM_xdhD_predicted,1.5,8,3,CTACCCCTTGTCTTTGGATA,5,4879341
ygfM_xdhD_predicted,6.5,28,3,CGTTGAATGTAGAGAAGACG,25,4896227
ygfM_xdhD_predicted,2.5,12,3,CGTGCCCATGAACGCAACTC,9,4867342
ygfM_xdhD_predicted,4.0,18,3,CGTACGCGAGCAGACGATAC,15,4871412
ygfM_xdhD_predicted,4.25,19,3,CGGCGCGGTTTGGTACTACT,16,4887621
ygfM_xdhD_predicted,1.25,7,3,CGGCCTGAAGGACAACGAGG,4,4896559
ygfM_xdhD_predicted,4.0,18,3,CGGATTTTATTTATACTTCG,15,4880725
ygfM_xdhD_predicted,3.0,14,3,CGCTAGTAACATGGAAAAAA,11,4864365
ygfM_xdhD_predicted,6.75,29,3,CGCTAGACTACAAGCTACGA,26,4880690
ygfM_xdhD_predicted,1.5,8,3,CGCGGGTAATCCCCTCTGGA,5,4886144
ygfM_xdhD_predicted,4.5,20,3,CGCCGGTGGCCACACACCCG,17,4888952
ygfM_xdhD_predicted,1.0,6,3,CGATTCAGAAAGTGCTTTTT,3,4874948
ygfM_xdhD_predicted,11.0,46,3,CGATTATGGTTAATATGAAG,43,4891632
ygfM_xdhD_predicted,5.75,25,3,CGATGGGCCAACTGGATTGG,22,4870108
ygfM_xdhD_predicted,4.25,19,3,CGAGGGTTTTTAGTGGATTA,16,4873310
ygfM_xdhD_predicted,5.0,22,3,CGAGGCAACAGGGCCGAATG,19,4864940
ygfM_xdhD_predicted,0.75,5,3,CCTTCGGTGATAAAGGTCCA,2,4885565
ygfM_xdhD_predicted,3.0,14,3,CCTCCATGGAATGCCAGACC,11,4884487
ygfM_xdhD_predicted,13.0,54,3,CCTAGACAAATGTTATTAAG,51,4891863
ygfM_xdhD_predicted,0.5,4,3,CCTAAGTCTCATGATAAATC,1,4897390
ygfM_xdhD_predicted,4.25,19,3,CCTAAAACGTACCGTGTGAA,16,4880674
ygfM_xdhD_predicted,4.25,19,3,CCGTTCTGTGTTGAACTATC,16,4895681
ygfM_xdhD_predicted,3.25,15,3,CCGGCTTAGTGAAGCCGGTA,12,4895877
ygfM_xdhD_predicted,5.75,25,3,CCGGAAGTGATTGATCCTGG,22,4885517
ygfM_xdhD_predicted,0.5,4,3,CCGCCCGTATTCCTGCGGAA,1,4890093
ygfM_xdhD_predicted,8.0,34,3,CCCTGATTCCTATTTGGACA,31,4884840
ygfM_xdhD_predicted,5.25,23,3,CCCGACCGCTAAGGTTCGGC,20,4868201
ygfM_xdhD_predicted,4.5,20,3,CCCACCAAGTGCCTTCACAT,17,4886160
ygfM_xdhD_predicted,1.5,8,3,CCATGACGGCGGGTCAGAGC,5,4869571
ygfM_xdhD_predicted,1.75,9,3,CCACTTGTAGCGGGCTACAG,6,4887122
ygfM_xdhD_predicted,5.0,22,3,CCACCAACCCGTCGGTATTC,19,4864927
ygfM_xdhD_predicted,5.75,25,3,CATGAGCACGATTTAATTGC,22,4894653
ygfM_xdhD_predicted,6.25,27,3,CATCTCGTCGCTAACATATT,24,4888949
ygfM_xdhD_predicted,6.0,26,3,CATCAATGGACCCGTGTGCC,23,4889804
ygfM_xdhD_predicted,3.25,15,3,CATATGCCCCGGTGCACATA,12,4897005
ygfM_xdhD_predicted,4.5,20,3,CAGTCCCTTGGGCCAAGCGT,17,4872490
ygfM_xdhD_predicted,0.5,4,3,CAGTAGGCGGGCGGGGGACC,1,4895306
ygfM_xdhD_predicted,5.75,25,3,CAGCGAGCAGCTCATGGGGC,22,4871800
ygfM_xdhD_predicted,3.0,14,3,CAAGTAGCAGGCGCTCGTGG,11,4888284
ygfM_xdhD_predicted,7.75,33,3,CAAACGGTTCTGTGTGGGTC,30,4872477
ygfM_xdhD_predicted,1.75,9,3,ATTAGCTCTCACGGCATGGT,6,4880369
ygfM_xdhD_predicted,3.0,14,3,ATGCTTAGGAGATATTTCGA,11,4879225
ygfM_xdhD_predicted,3.75,17,3,ATATGATCTGATTGGTCGGA,14,4894534
ygfM_xdhD_predicted,5.75,25,3,ATAGTGGAACACACTTTGTT,22,4899356
ygfM_xdhD_predicted,1.5,8,3,ATAGTACTGTACCGTACCCC,5,4876470
ygfM_xdhD_predicted,3.5,16,3,ATAGGGCTAGGATGATCATG,13,4889198
ygfM_xdhD_predicted,3.25,15,3,ATACATCTTTACCTACTTAG,12,4899386
ygfM_xdhD_predicted,5.25,23,3,ATAAGCCTGGGTAGCAAATC,20,4897080
ygfM_xdhD_predicted,4.5,20,3,AGTTCGTTGCGAGAGTTGCC,17,4881794
ygfM_xdhD_predicted,2.25,11,3,AGTCGTAGCGAAACGGGTAC,8,4864044
ygfM_xdhD_predicted,5.5,24,3,AGTATCCGCAAGCGCACTAC,21,4866051
ygfM_xdhD_predicted,7.0,30,3,AGGCGCTCCAATTCCTAGGA,27,4880626
ygfM_xdhD_predicted,4.5,20,3,AGGCCTCATTAGTTACGTGT,17,4867827
ygfM_xdhD_predicted,1.5,8,3,AGCGTAATCAAAAGTGCGTG,5,4897129
ygfM_xdhD_predicted,2.5,12,3,AGCGGCACTCTCTGCCTGAT,9,4896320
ygfM_xdhD_predicted,0.75,5,3,AGCGCGCCAGAACGAGGCTG,2,4869075
ygfM_xdhD_predicted,0.75,5,3,AGCAGTTCCTTGTCTAGCCC,2,4895113
ygfM_xdhD_predicted,6.5,28,3,AGCAATCTCCTCGGTTATGC,25,4887580
ygfM_xdhD_predicted,3.75,17,3,AGCAAGGCAGCACGCAGGGT,14,4882747
ygfM_xdhD_predicted,8.25,35,3,AGCAAACTGCTCTTGCCGTT,32,4886631
ygfM_xdhD_predicted,1.75,9,3,AGATGATACGGGTCCTTATG,6,4888312
ygfM_xdhD_predicted,0.75,5,3,AGAACCTGTTATGTTCCTGG,2,4883725
ygfM_xdhD_predicted,5.0,22,3,ACTTGGTTCAAAATCTCAGA,19,4872674
ygfM_xdhD_predicted,4.0,18,3,ACTGTCACCTTCCCTGAGTT,15,4878574
ygfM_xdhD_predicted,4.5,20,3,ACTAGTCGGTAGCATATTGC,17,4885452
ygfM_xdhD_predicted,5.25,23,3,ACGTATGAGGCACAAAATCT,20,4880252
ygfM_xdhD_predicted,1.75,9,3,ACGGGCCAGTTATTGCCCCA,6,4883270
ygfM_xdhD_predicted,5.75,25,3,ACGCCCATCTCTGCGTGCAT,22,4885963
ygfM_xdhD_predicted,10.5,44,3,ACATGCCATGACACTATTTT,41,4886506
ygfM_xdhD_predicted,10.75,45,3,ACAGTTCGTCGATCCGTGGC,42,4898728
ygfM_xdhD_predicted,1.0,6,3,AATGTCGTGTCTATCCTTTA,3,4864943
ygfM_xdhD_predicted,3.25,15,3,AATGCCTCATACGGATGACA,12,4887049
ygfM_xdhD_predicted,0.5,4,3,AATATCTTATACATCGGCCT,1,4865762
ygfM_xdhD_predicted,1.75,9,3,AAGGGGCCTCCAAACAGATG,6,4876694
ygfM_xdhD_predicted,6.25,27,3,AAGGGCCGATGTTTACATTT,24,4866158
ygfM_xdhD_predicted,4.75,21,3,AAGGCTCGTCTTCCTACAAG,18,4896384
ygfM_xdhD_predicted,5.25,23,3,AAGCAGGGTGTGTATCGGGA,20,4866773
ygfM_xdhD_predicted,7.25,31,3,AAGCAAACAAACGTTCATCG,28,4876806
ygfM_xdhD_predicted,5.0,22,3,AACTTTCACGAGAGCAACGA,19,4892418
ygfM_xdhD_predicted,5.0,22,3,AACGCGGTTGTGGTACATGA,19,4863905
ygfM_xdhD_predicted,0.5,4,3,AACCCAGCTATGCAATGCTT,1,4893671
ygfM_xdhD_predicted,5.5,24,3,AACAGTCCACCTTGGCTACT,21,4879206
ygfM_xdhD_predicted,4.5,20,3,AAATAGTATGCGGAATGCCC,17,4875815
ygfM_xdhD_predicted,7.5,32,3,AAAGGAACTCGTTCTTCCAT,29,4894068
ygfM_xdhD_predicted,1.5,8,3,AAAAAAAGGAGGGGGGTGCA,5,4897305
ygfM_xdhD_predicted,2.6666666666666665,9,2,TTTTGCGGGTACAACGCATT,7,4884129
ygfM_xdhD_predicted,11.0,34,2,TTGTGGCCATGATAGATTTT,32,4896533
ygfM_xdhD_predicted,1.3333333333333333,5,2,TTGGATACCAGGCGTCCGGG,3,4890237
ygfM_xdhD_predicted,4.0,13,2,TTCTTGGACGGTGCCCCTGT,11,4877107
ygfM_xdhD_predicted,0.6666666666666666,3,2,TTCGCCACTATACTTAGCCG,1,4880825
ygfM_xdhD_predicted,2.3333333333333335,8,2,TTCGATCTATTATCGTAACC,6,4879386
ygfM_xdhD_predicted,4.666666666666667,15,2,TTCCTGGTGTCATAGTTACA,13,4878968
ygfM_xdhD_predicted,11.0,34,2,TTCACACAGACCACTGAGTG,32,4882897
ygfM_xdhD_predicted,9.0,28,2,TTACAGCCCTCTCCGTCGAT,26,4887465
ygfM_xdhD_predicted,7.333333333333333,23,2,TTACAAGGGTACTTAACACC,21,4896842
ygfM_xdhD_predicted,10.333333333333334,32,2,TTAAGTAATCCACCCAGAAG,30,4886450
ygfM_xdhD_predicted,0.6666666666666666,3,2,TGTGGTAGCTGCGATCGATT,1,4889694
ygfM_xdhD_predicted,12.0,37,2,TGGATAAGTGCCTAAATAGA,35,4880735
ygfM_xdhD_predicted,0.6666666666666666,3,2,TGCCTTTGAGGATTTTCGCT,1,4893804
ygfM_xdhD_predicted,7.0,22,2,TGCATGCAGAGCACGTTCAC,20,4890088
ygfM_xdhD_predicted,0.6666666666666666,3,2,TGATGATATGATTTGAACAA,1,4874977
ygfM_xdhD_predicted,4.0,13,2,TGATCCCCGACCTAGAACTA,11,4875537
ygfM_xdhD_predicted,6.0,19,2,TCTTTTATTGTAGTCGCAAG,17,4871201
ygfM_xdhD_predicted,6.0,19,2,TCTCTGACCATAAATGTAGT,17,4879366
ygfM_xdhD_predicted,3.3333333333333335,11,2,TCTAGGTCACAGTACACGCT,9,4872753
ygfM_xdhD_predicted,9.333333333333334,29,2,TCGTTTTTCAGTCAGATCCA,27,4876975
ygfM_xdhD_predicted,9.0,28,2,TCGTTGTGCAGTATATGTAA,26,4883967
ygfM_xdhD_predicted,3.0,10,2,TCGGCCCCGGGACGTCGAGC,8,4890479
ygfM_xdhD_predicted,3.0,10,2,TCCCTCAACTTTAGGGGTCA,8,4881222
ygfM_xdhD_predicted,5.333333333333333,17,2,TCCATTCAGATCTCTCAGTT,15,4868153
ygfM_xdhD_predicted,5.0,16,2,TCATAGTATCCGTCATTTGA,14,4864674
ygfM_xdhD_predicted,3.0,10,2,TCAGTACATTTTACAAATAT,8,4863939
ygfM_xdhD_predicted,0.6666666666666666,3,2,TCAGATAGGGTAAGGATGGG,1,4894262
ygfM_xdhD_predicted,6.0,19,2,TCACGTATACATTCTCAGCC,17,4896292
ygfM_xdhD_predicted,0.6666666666666666,3,2,TCACGGACTTGCACGTGGCA,1,4898893
ygfM_xdhD_predicted,3.3333333333333335,11,2,TATTTATAGACGAAGTATGG,9,4897558
ygfM_xdhD_predicted,5.0,16,2,TATGCAATCCGAATGGCGAA,14,4885207
ygfM_xdhD_predicted,2.6666666666666665,9,2,TATGAGCGCGGTAAAAAACC,7,4865957
ygfM_xdhD_predicted,0.6666666666666666,3,2,TATCGGTCTCGATAATGTTA,1,4887738
ygfM_xdhD_predicted,5.666666666666667,18,2,TATCACGTTCAGGGGGTTGT,16,4876214
ygfM_xdhD_predicted,1.6666666666666667,6,2,TATAGACCCTCGTGATCCTC,4,4869153
ygfM_xdhD_predicted,6.666666666666667,21,2,TAGCCCGTGGAGTTAGATCA,19,4866933
ygfM_xdhD_predicted,0.6666666666666666,3,2,TACCTTAGACATCCGGACCT,1,4865308
ygfM_xdhD_predicted,6.666666666666667,21,2,TACCGCGGGGTCTAACGTGC,19,4874357
ygfM_xdhD_predicted,6.666666666666667,21,2,TACCAATGATTGCAACTCTG,19,4896015
ygfM_xdhD_predicted,5.0,16,2,TACATCATCAAACTGCGCGC,14,4869875
ygfM_xdhD_predicted,7.333333333333333,23,2,TAAATTATGTGGATAGGGTT,21,4878536
ygfM_xdhD_predicted,12.666666666666666,39,2,TAAATAAAGCTAGAGTCTAG,37,4882433
ygfM_xdhD_predicted,1.3333333333333333,5,2,GTTACGCCATCAGGGATCGA,3,4899677
ygfM_xdhD_predicted,0.6666666666666666,3,2,GTGTAAGTCGATAGACTATC,1,4892933
ygfM_xdhD_predicted,1.0,4,2,GTGCGTAGATATAGCGTATT,2,4882549
ygfM_xdhD_predicted,9.0,28,2,GTGCCTAACGGTGGACCTAC,26,4886567
ygfM_xdhD_predicted,0.6666666666666666,3,2,GTCTGGTCCTCGGGGAGGCG,1,4886216
ygfM_xdhD_predicted,6.0,19,2,GTCTCCAGAACACGGACCAA,17,4866802
ygfM_xdhD_predicted,4.0,13,2,GTCTATGATACACGTCGTTA,11,4873831
ygfM_xdhD_predicted,5.333333333333333,17,2,GTCAAATGCGAAATCATCTA,15,4873808
ygfM_xdhD_predicted,6.333333333333333,20,2,GTATCCCGGATCATAGTGAA,18,4886046
ygfM_xdhD_predicted,0.6666666666666666,3,2,GGTTTTATTTCCTGACGTGA,1,4896683
ygfM_xdhD_predicted,4.0,13,2,GGTTGTGAGACAAAAGTATC,11,4881058
ygfM_xdhD_predicted,18.333333333333332,56,2,GGGCATCTTATCTTGCTTGA,54,4888446
ygfM_xdhD_predicted,5.333333333333333,17,2,GGGACTATCGCCCGCTTCCC,15,4876042
ygfM_xdhD_predicted,6.333333333333333,20,2,GGGACGATGGGTGCTACAAA,18,4895884
ygfM_xdhD_predicted,8.333333333333334,26,2,GGCGTTACACTTATTCGGCA,24,4867787
ygfM_xdhD_predicted,0.6666666666666666,3,2,GGCGCTGTCCTCCCGGGCAT,1,4881181
ygfM_xdhD_predicted,9.333333333333334,29,2,GGCCTTCACCTTCAGGCCAC,27,4888455
ygfM_xdhD_predicted,6.666666666666667,21,2,GGCACCTTTCCGCGTACGGG,19,4863863
ygfM_xdhD_predicted,0.6666666666666666,3,2,GGATCTGTGAATAAAGAGAA,1,4873069
ygfM_xdhD_predicted,6.0,19,2,GGAAGCGATAGCCTTCTGTA,17,4882452
ygfM_xdhD_predicted,6.333333333333333,20,2,GGAAGCACGCTGACGCGAGT,18,4865813
ygfM_xdhD_predicted,5.333333333333333,17,2,GCTCGCGAGGGTTACCGGAA,15,4890122
ygfM_xdhD_predicted,1.0,4,2,GCGGTTCATCGGGGCGTCGT,2,4865990
ygfM_xdhD_predicted,3.3333333333333335,11,2,GCGGCGCCCTGTCAGCACCG,9,4865089
ygfM_xdhD_predicted,17.666666666666668,54,2,GCGCTGTACGCTGGATCCGT,52,4889353
ygfM_xdhD_predicted,1.3333333333333333,5,2,GCGCAACGTGTACCACTAGA,3,4872480
ygfM_xdhD_predicted,0.6666666666666666,3,2,GCCTGTAGCGTTTCGGCTTG,1,4896170
ygfM_xdhD_predicted,0.6666666666666666,3,2,GCCTAGTAAACTCGACACTA,1,4894518
ygfM_xdhD_predicted,8.0,25,2,GCCATGAGTGAGGCTCGAAT,23,4894540
ygfM_xdhD_predicted,0.6666666666666666,3,2,GCATTCTACCAGGGGGCGGA,1,4881583
ygfM_xdhD_predicted,6.0,19,2,GCACAGGTCGGGTCGTTTGT,17,4897346
ygfM_xdhD_predicted,0.6666666666666666,3,2,GATTTTTTGCGAGTATACCC,1,4879441
ygfM_xdhD_predicted,7.0,22,2,GATGCGTCACTTATGGAGAG,20,4876544
ygfM_xdhD_predicted,0.6666666666666666,3,2,GATAACGGTTCGAGCCTCAG,1,4883089
ygfM_xdhD_predicted,0.6666666666666666,3,2,GACTGTGCATCAATATGCAG,1,4891279
ygfM_xdhD_predicted,4.0,13,2,GACTGGCTAGCTGGCAGGGG,11,4875969
ygfM_xdhD_predicted,0.6666666666666666,3,2,GACAGGAGGCATGCGTACGG,1,4893483
ygfM_xdhD_predicted,1.6666666666666667,6,2,GAATCCTGTGAGGAGAAGGA,4,4877536
ygfM_xdhD_predicted,1.3333333333333333,5,2,GAAGGGTTGTGGTTTTCGAC,3,4889984
ygfM_xdhD_predicted,4.666666666666667,15,2,GAAGCTACTGTCTGTTCATA,13,4888785
ygfM_xdhD_predicted,16.666666666666668,51,2,GAAGATGGGTCGCGACGAGA,49,4873122
ygfM_xdhD_predicted,0.6666666666666666,3,2,GAAGAGCCGGGTAATTGCGC,1,4873791
ygfM_xdhD_predicted,17.0,52,2,GAACTCTGTCCCCAATGGGT,50,4878752
ygfM_xdhD_predicted,7.333333333333333,23,2,GAACTCCGTAGTGGGTGGTA,21,4873952
ygfM_xdhD_predicted,0.6666666666666666,3,2,GAAATAGTAGTAAGTGTAGG,1,4890108
ygfM_xdhD_predicted,6.333333333333333,20,2,CTTTGACCGGAAGGCATTGA,18,4886431
ygfM_xdhD_predicted,3.0,10,2,CTTGGGACCACCCGAGGTCA,8,4866498
ygfM_xdhD_predicted,5.0,16,2,CTTGGATTAGAATCTCGCCT,14,4867877
ygfM_xdhD_predicted,4.333333333333333,14,2,CTTGAGGCTTAGTGCGGGGA,12,4875371
ygfM_xdhD_predicted,0.6666666666666666,3,2,CTGCAAACGGACTAGGACAC,1,4876917
ygfM_xdhD_predicted,0.6666666666666666,3,2,CTGATTGTGAGGGAGGCATA,1,4877014
ygfM_xdhD_predicted,7.333333333333333,23,2,CTCGTGGGGCTTCCCCCCTG,21,4890387
ygfM_xdhD_predicted,1.3333333333333333,5,2,CTCCTGTAAGGTAAGCGAGG,3,4898652
ygfM_xdhD_predicted,5.0,16,2,CTCACAATGCAGAAAGCGCT,14,4890224
ygfM_xdhD_predicted,8.0,25,2,CTATACTCCTCGATTCGCTC,23,4888684
ygfM_xdhD_predicted,5.666666666666667,18,2,CTATAAAGGAAAAAGGCACC,16,4878681
ygfM_xdhD_predicted,11.0,34,2,CTAGCTAAGGCTCCTCCCGT,32,4891398
ygfM_xdhD_predicted,0.6666666666666666,3,2,CGTTGCCTACTCGCCCCCCG,1,4883304
ygfM_xdhD_predicted,7.0,22,2,CGTTGAGCCTGTGTTACGTG,20,4892356
ygfM_xdhD_predicted,9.0,28,2,CGTTACCCCCTTGGTATCTC,26,4867083
ygfM_xdhD_predicted,2.6666666666666665,9,2,CGTGTCACCCCTGAGTAGAT,7,4899225
ygfM_xdhD_predicted,3.3333333333333335,11,2,CGTGCAAAGATTTAGGCAAC,9,4868898
ygfM_xdhD_predicted,2.3333333333333335,8,2,CGTCCCTAAAAAACCACACT,6,4877839
ygfM_xdhD_predicted,0.6666666666666666,3,2,CGTATTCGGGAGCGAGCGGG,1,4897527
ygfM_xdhD_predicted,5.0,16,2,CGTATATACTGCCGACTCTG,14,4887347
ygfM_xdhD_predicted,1.0,4,2,CGGGAAGTGGGGCTATTGGT,2,4887145
ygfM_xdhD_predicted,8.666666666666666,27,2,CGGCAGTTCCAGGGAACTAG,25,4892349
ygfM_xdhD_predicted,13.0,40,2,CGGAGTACAGCCGAGACATC,38,4890928
ygfM_xdhD_predicted,1.0,4,2,CGGACACCACTGATCATTAG,2,4890407
ygfM_xdhD_predicted,1.0,4,2,CGCGGCGGCGACAAGTGTCA,2,4887178
ygfM_xdhD_predicted,1.6666666666666667,6,2,CGCGGACACAGTGCGGCACG,4,4895054
ygfM_xdhD_predicted,1.3333333333333333,5,2,CGCCTACACAGGTACCGATG,3,4872622
ygfM_xdhD_predicted,5.333333333333333,17,2,CGATTTGAGCCCGCTACAGC,15,4877471
ygfM_xdhD_predicted,5.0,16,2,CGATTCAGAGGGGTAGGATA,14,4899200
ygfM_xdhD_predicted,7.333333333333333,23,2,CGATGTAACGTTTTATGGAC,21,4876828
ygfM_xdhD_predicted,2.0,7,2,CGATCATTGGGAGAGGGCTC,5,4874599
ygfM_xdhD_predicted,11.0,34,2,CGAGCTGACAGGTCTGGATG,32,4895143
ygfM_xdhD_predicted,7.0,22,2,CGAGCGCCGTCCTTAGGCTA,20,4873265
ygfM_xdhD_predicted,14.333333333333334,44,2,CGACGCGGAACCGCGCCCCC,42,4874291
ygfM_xdhD_predicted,6.333333333333333,20,2,CGACAGGGCGGCCGGACGTG,18,4865805
ygfM_xdhD_predicted,11.666666666666666,36,2,CGAACCGTACTACAGGGGAT,34,4888197
ygfM_xdhD_predicted,8.333333333333334,26,2,CCTAAATGAGCACTGTAATG,24,4892692
ygfM_xdhD_predicted,10.0,31,2,CCCTGATACAGTCGAAAACG,29,4899192
ygfM_xdhD_predicted,0.6666666666666666,3,2,CCCTACATTATGGGCGCTTA,1,4863968
ygfM_xdhD_predicted,2.0,7,2,CCCAGATCCGCTTTGGTCGC,5,4893601
ygfM_xdhD_predicted,1.0,4,2,CCAAATATAGCACAAGGAGA,2,4866305
ygfM_xdhD_predicted,5.666666666666667,18,2,CATTGTATCCTTTAACACTG,16,4887896
ygfM_xdhD_predicted,4.666666666666667,15,2,CATTCGCAGGCTTCCCGTTG,13,4868759
ygfM_xdhD_predicted,6.0,19,2,CATTACCACGTCCTGCTGAT,17,4885915
ygfM_xdhD_predicted,4.0,13,2,CATAAGGACCTAATAAGGGA,11,4886625
ygfM_xdhD_predicted,1.0,4,2,CAGTCTCATTGAGTCATTAG,2,4881035
ygfM_xdhD_predicted,9.333333333333334,29,2,CACTACTGGGCCTATCCTGA,27,4877068
ygfM_xdhD_predicted,7.0,22,2,CACGGACCCGGAGTTCCTCC,20,4878778
ygfM_xdhD_predicted,0.6666666666666666,3,2,CACATCTCGTGTGTCATCAC,1,4878562
ygfM_xdhD_predicted,0.6666666666666666,3,2,CAATGGCGCGTTCAAAAGTG,1,4896035
ygfM_xdhD_predicted,3.0,10,2,CAACCAACAGATGGCGTCCC,8,4899450
ygfM_xdhD_predicted,6.0,19,2,CAAACGGCTACCCAATCAGC,17,4869761
ygfM_xdhD_predicted,0.6666666666666666,3,2,ATTATTATGTGAGGTTGTTC,1,4876717
ygfM_xdhD_predicted,2.3333333333333335,8,2,ATGGAGAAACACTTTACCTT,6,4898502
ygfM_xdhD_predicted,11.333333333333334,35,2,ATGCCCAGGGACCAATTGAA,33,4885213
ygfM_xdhD_predicted,7.0,22,2,ATCTTCGCCAAGTTATGGAT,20,4884393
ygfM_xdhD_predicted,9.666666666666666,30,2,ATCAGCTCGTTACTTCCATA,28,4864187
ygfM_xdhD_predicted,3.6666666666666665,12,2,ATCAAACGACCCCGCCCTTG,10,4893068
ygfM_xdhD_predicted,12.666666666666666,39,2,ATAAAACAACCTCTCGCCAC,37,4866693
ygfM_xdhD_predicted,1.0,4,2,AGTACCGACACACATCATGT,2,4864076
ygfM_xdhD_predicted,1.0,4,2,AGGGGGTGAATGATGTACTT,2,4895669
ygfM_xdhD_predicted,11.0,34,2,AGGGGATTCGCAATAAGCTA,32,4873868
ygfM_xdhD_predicted,6.666666666666667,21,2,AGGCAAAAAATTTCGAATTA,19,4867890
ygfM_xdhD_predicted,8.0,25,2,AGCTCTTAATATGGATTTTG,23,4867746
ygfM_xdhD_predicted,4.333333333333333,14,2,AGCCCCCGTCTCGAGTCTTT,12,4896381
ygfM_xdhD_predicted,8.666666666666666,27,2,AGCAAATCACCTACGGGAAA,25,4892310
ygfM_xdhD_predicted,0.6666666666666666,3,2,AGATGGAGAGAGTCATCCCG,1,4886873
ygfM_xdhD_predicted,1.0,4,2,AGAGGCTGCCGCAATCGACA,2,4882931
ygfM_xdhD_predicted,7.0,22,2,AGACCTCTTTGATACAATTT,20,4877388
ygfM_xdhD_predicted,4.333333333333333,14,2,AGAACTCACACCCGGAGTTC,12,4897342
ygfM_xdhD_predicted,0.6666666666666666,3,2,ACTCTTCGATCGGTGCTGAG,1,4892056
ygfM_xdhD_predicted,1.3333333333333333,5,2,ACTCATCTGCCGTACACTCG,3,4885672
ygfM_xdhD_predicted,5.0,16,2,ACTAGAACGACGCGACAACG,14,4865370
ygfM_xdhD_predicted,10.0,31,2,ACGTTGGACACGGGCACGCT,29,4868207
ygfM_xdhD_predicted,7.333333333333333,23,2,ACGTTAGTATAGGAGCTATG,21,4897682
ygfM_xdhD_predicted,8.666666666666666,27,2,ACGTGGGTTTAAGTGTTCCG,25,4879312
ygfM_xdhD_predicted,3.3333333333333335,11,2,ACGGGAACATTATCTGCACT,9,4871044
ygfM_xdhD_predicted,16.0,49,2,ACGGCCCATTATGGCACCCT,47,4897124
ygfM_xdhD_predicted,2.0,7,2,ACGCTAACCTGTGTTGTTTT,5,4886281
ygfM_xdhD_predicted,6.666666666666667,21,2,ACGCCAGTGGAGAGCATCCT,19,4881677
ygfM_xdhD_predicted,0.6666666666666666,3,2,ACGAGGACTCGTCACCTGTA,1,4870551
ygfM_xdhD_predicted,11.0,34,2,ACCTTGGCCCCATAGTAAGC,32,4894717
ygfM_xdhD_predicted,8.333333333333334,26,2,ACCTCACCATGATCGCACGC,24,4893779
ygfM_xdhD_predicted,7.333333333333333,23,2,ACCCTGGAACGTAGGTGGCT,21,4896301
ygfM_xdhD_predicted,0.6666666666666666,3,2,ACCCCAGTCGTCCTGGATAG,1,4890551
ygfM_xdhD_predicted,1.6666666666666667,6,2,AATTGTATTCATTTAGAAAT,4,4888626
ygfM_xdhD_predicted,9.333333333333334,29,2,AATACCGGATTATGGATCCC,27,4887895
ygfM_xdhD_predicted,0.6666666666666666,3,2,AAGTTCTCTGACTTAAGGTG,1,4878085
ygfM_xdhD_predicted,3.6666666666666665,12,2,AAGGTAATCTTGTTGTTTGG,10,4887649
ygfM_xdhD_predicted,6.0,19,2,AAGATTCGTTTACGCATTTA,17,4869675
ygfM_xdhD_predicted,2.3333333333333335,8,2,AACCAGATCAGGGTGATGTG,6,4871582
ygfM_xdhD_predicted,2.5,5,1,TTTCGTAGCTAGAGTTATTG,4,4869801
ygfM_xdhD_predicted,5.0,10,1,TTTCAGGAGCAGGTTGGGAA,9,4871914
ygfM_xdhD_predicted,14.0,28,1,TTTAGGGTCCTTAGCGCCGG,27,4898735
ygfM_xdhD_predicted,16.5,33,1,TTGTGTTTAAGGGGCACGGC,32,4881950
ygfM_xdhD_predicted,20.0,40,1,TTGGTCCCAATCAGCCCAGG,39,4896853
ygfM_xdhD_predicted,3.5,7,1,TTGGCCTCCCGAAGCTCCTT,6,4870279
ygfM_xdhD_predicted,9.0,18,1,TTCGCGGCCCCTATACGAGA,17,4896485
ygfM_xdhD_predicted,13.5,27,1,TTCCACTGCCGAGCGCCTCG,26,4864933
ygfM_xdhD_predicted,9.5,19,1,TTATTACGTGACGCTACCCT,18,4879133
ygfM_xdhD_predicted,6.5,13,1,TTATGTCTCAAGATTTTTTG,12,4867911
ygfM_xdhD_predicted,1.0,2,1,TTATACTCGCATTCAAGGGT,1,4893418
ygfM_xdhD_predicted,2.5,5,1,TTACCCAACGTTGCGCGAAA,4,4877544
ygfM_xdhD_predicted,2.0,4,1,TGTTCACGTCTATGGTCGAT,3,4891104
ygfM_xdhD_predicted,1.0,2,1,TGGTGAAGCTAGGGCTACGC,1,4865808
ygfM_xdhD_predicted,1.0,2,1,TGGTAGTAGTTAAAGGCGAC,1,4889803
ygfM_xdhD_predicted,1.0,2,1,TGGATGCGCCTATAACAACA,1,4887998
ygfM_xdhD_predicted,10.5,21,1,TGCGCGCTCGAACAGTCTCC,20,4882288
ygfM_xdhD_predicted,14.5,29,1,TGCCCTCAATTGCGATGGAT,28,4866062
ygfM_xdhD_predicted,1.0,2,1,TGCACGGCCGGTACCGTTTG,1,4867823
ygfM_xdhD_predicted,6.5,13,1,TGATGACCAGCGTTATGCTA,12,4880486
ygfM_xdhD_predicted,2.5,5,1,TCGTACGGTGGATCCTCGTA,4,4888215
ygfM_xdhD_predicted,2.0,4,1,TCCTTACAGGTTCCAAGATA,3,4888021
ygfM_xdhD_predicted,18.0,36,1,TCCTAAACTTGGGACTCTGT,35,4864306
ygfM_xdhD_predicted,10.0,20,1,TCCCTGCCACAGCCATAAAT,19,4882019
ygfM_xdhD_predicted,10.5,21,1,TCCCTCTGAATGCAACGCTA,20,4893594
ygfM_xdhD_predicted,3.0,6,1,TCAAGCATTAGGGGTGATCT,5,4876554
ygfM_xdhD_predicted,27.5,55,1,TATCTTGGGTATGTAAGGTT,54,4869190
ygfM_xdhD_predicted,12.0,24,1,TATCACGTTCATGTAGAATT,23,4867981
ygfM_xdhD_predicted,3.5,7,1,TAGGCGCGTTTTGAGTTTGA,6,4889544
ygfM_xdhD_predicted,7.0,14,1,TACCCCTCCCGTATGGCCAT,13,4879439
ygfM_xdhD_predicted,12.0,24,1,TAATCATGGCACTCGTGTCG,23,4878730
ygfM_xdhD_predicted,1.0,2,1,TAAAAGGACTTCTCTGGGTT,1,4866108
ygfM_xdhD_predicted,2.0,4,1,GTTGACAAAGTGCCAATGAC,3,4881613
ygfM_xdhD_predicted,1.0,2,1,GTGGTATGTCTAGCATCGTG,1,4864728
ygfM_xdhD_predicted,9.5,19,1,GTCTCGGCCTGCTCTGGCTG,18,4872840
ygfM_xdhD_predicted,8.0,16,1,GTCGTTCCGTATTTCCAGGC,15,4887629
ygfM_xdhD_predicted,15.5,31,1,GTATGCCTACACAAAGACCA,30,4873862
ygfM_xdhD_predicted,6.5,13,1,GTAGGGGTAAGCCTGCGGTG,12,4892857
ygfM_xdhD_predicted,8.5,17,1,GTACACGTTTTTAGACGCGA,16,4868866
ygfM_xdhD_predicted,5.5,11,1,GGTTTCGTCCTCCACAAATT,10,4885899
ygfM_xdhD_predicted,3.5,7,1,GGTTTACCTGGTTAGGTTTT,6,4883091
ygfM_xdhD_predicted,13.0,26,1,GGTTCCACAGTTTAGTACCT,25,4899155
ygfM_xdhD_predicted,9.0,18,1,GGTACTTTTTCATAGAGTAA,17,4891629
ygfM_xdhD_predicted,11.0,22,1,GGGTAAATCCGCGCAAACGA,21,4865723
ygfM_xdhD_predicted,10.0,20,1,GGGCGGGATCCCAATGACTG,19,4869575
ygfM_xdhD_predicted,6.5,13,1,GGGAGCCCCTGGAAGATGGC,12,4874698
ygfM_xdhD_predicted,8.5,17,1,GGCTGATATCGGCCCGAATT,16,4873915
ygfM_xdhD_predicted,2.0,4,1,GGCGAATGGCAACGCCAGCA,3,4891655
ygfM_xdhD_predicted,11.5,23,1,GGAACAACCGATATGTTTTA,22,4865242
ygfM_xdhD_predicted,1.0,2,1,GCTCCAAATCAAACCTGCCG,1,4895557
ygfM_xdhD_predicted,16.0,32,1,GCTACTTCTCGGCAGACCCG,31,4869938
ygfM_xdhD_predicted,6.5,13,1,GCGAAGGCTGCGTCCTCAGA,12,4885019
ygfM_xdhD_predicted,8.0,16,1,GCCTATTTTTAATGCGTCGT,15,4870207
ygfM_xdhD_predicted,13.0,26,1,GCCATTGTAATCCTAATCAA,25,4897958
ygfM_xdhD_predicted,1.0,2,1,GCCACGTAGTGTGATCCCCT,1,4892140
ygfM_xdhD_predicted,3.0,6,1,GCATATCCGGGCTCACTGCG,5,4875306
ygfM_xdhD_predicted,11.0,22,1,GATTCAGACCCTTAGCGACC,21,4885040
ygfM_xdhD_predicted,4.0,8,1,GATCGTAACTCGGTTGTTTA,7,4898506
ygfM_xdhD_predicted,5.0,10,1,GACCACGGGTTAGCCGAGTG,9,4896272
ygfM_xdhD_predicted,12.5,25,1,GAATCGCCGGAGTTAAGAGA,24,4880922
ygfM_xdhD_predicted,30.0,60,1,GAACTTGACCGAGAAAATGA,59,4884475
ygfM_xdhD_predicted,9.0,18,1,GAACTAATTAATTCGATACA,17,4887576
ygfM_xdhD_predicted,6.5,13,1,GAACCACGGGACACGATAAT,12,4884614
ygfM_xdhD_predicted,1.5,3,1,CTGTTCACTCGCATTAACCG,2,4878814
ygfM_xdhD_predicted,12.5,25,1,CTGGCCCACCGGATAGTCCA,24,4867646
ygfM_xdhD_predicted,17.0,34,1,CTGCAACTACCGTTTTAGGG,33,4871293
ygfM_xdhD_predicted,7.0,14,1,CTCTCTGGTCACTTCAACCA,13,4866644
ygfM_xdhD_predicted,3.5,7,1,CTCCATTGTTATTTACGCCG,6,4891110
ygfM_xdhD_predicted,7.0,14,1,CTCATTTAAACGCGCCCAAA,13,4879821
ygfM_xdhD_predicted,7.0,14,1,CTATGGCATTGGGTCACTAT,13,4898745
ygfM_xdhD_predicted,5.5,11,1,CTAGGTTCGCCAACAATATT,10,4869188
ygfM_xdhD_predicted,9.0,18,1,CTAAGAATTAGAAATATGCA,17,4889527
ygfM_xdhD_predicted,1.0,2,1,CTAACAACCCGTCAAGCGAC,1,4891893
ygfM_xdhD_predicted,2.5,5,1,CGTACCGGCATCGGGATTCC,4,4894792
ygfM_xdhD_predicted,5.5,11,1,CGGTGCCGAGAATTTCGTAA,10,4885277
ygfM_xdhD_predicted,8.0,16,1,CGGTACTAAAGATGTGGAGA,15,4890699
ygfM_xdhD_predicted,1.5,3,1,CGGAGACCATTGTTGCTGCA,2,4876365
ygfM_xdhD_predicted,1.0,2,1,CGCGGTTGCGACCATTTGTA,1,4879597
ygfM_xdhD_predicted,3.5,7,1,CGCGGGTACGTTCGAGTAAA,6,4872316
ygfM_xdhD_predicted,18.5,37,1,CGCCAACCACGTCGTCGATT,36,4871604
ygfM_xdhD_predicted,8.0,16,1,CGCAGGAGCACGCTGATCTG,15,4878895
ygfM_xdhD_predicted,12.0,24,1,CGAGTATTCCGTCATTTCGA,23,4877703
ygfM_xdhD_predicted,3.0,6,1,CGACTTACGACCACGCCAGG,5,4898435
ygfM_xdhD_predicted,9.5,19,1,CCTTAGGCCCCCGTTTCGTG,18,4879598
ygfM_xdhD_predicted,10.5,21,1,CCTCACTTTCGATACAGGGG,20,4865277
ygfM_xdhD_predicted,11.0,22,1,CCTATGAGTAAAGCCGCTAA,21,4868695
ygfM_xdhD_predicted,2.0,4,1,CCTATACCTTCGCTTATGTT,3,4873537
ygfM_xdhD_predicted,14.0,28,1,CCTATAACCACGCTAGCGGT,27,4894802
ygfM_xdhD_predicted,13.5,27,1,CCGGTTAGGGTTTCCTGAGC,26,4885794
ygfM_xdhD_predicted,12.5,25,1,CCGATAGATTTCTGGGTTTG,24,4875270
ygfM_xdhD_predicted,1.0,2,1,CCCGTTCAGAATCACGCGAT,1,4876636
ygfM_xdhD_predicted,11.5,23,1,CCCGTATGACGATGTTCTAC,22,4865301
ygfM_xdhD_predicted,10.5,21,1,CCCACGGGTGGCAGAGAAGC,20,4889267
ygfM_xdhD_predicted,4.0,8,1,CCAGTGTATGACCGGTCCCC,7,4898689
ygfM_xdhD_predicted,11.5,23,1,CCACGTGACCGAGCCACGTG,22,4889536
ygfM_xdhD_predicted,6.0,12,1,CATTCGGTCATTTTCTTGAA,11,4879724
ygfM_xdhD_predicted,4.0,8,1,CATTAGGTTCAGCACGTGGG,7,4889824
ygfM_xdhD_predicted,7.5,15,1,CATCGAGCTACCCTCTGAGT,14,4872681
ygfM_xdhD_predicted,19.0,38,1,CATCCCGTGATCTCAATTTT,37,4891700
ygfM_xdhD_predicted,11.0,22,1,CAGGGAGGGTGGGGATCACA,21,4896643
ygfM_xdhD_predicted,4.5,9,1,CAGAAGCTGTTTATCTTCTT,8,4865888
ygfM_xdhD_predicted,1.0,2,1,CACTGAATGCCCGGTATCGT,1,4876576
ygfM_xdhD_predicted,3.5,7,1,CACCCCGGGCCTCGGTGCTG,6,4895347
ygfM_xdhD_predicted,4.5,9,1,CACCACATGACAGGTTCATG,8,4898196
ygfM_xdhD_predicted,9.5,19,1,CACAGCGCTTCCCCCTCAGA,18,4872296
ygfM_xdhD_predicted,9.5,19,1,CAATCGCACATCTGTATTGG,18,4870280
ygfM_xdhD_predicted,7.5,15,1,ATTTAAAGCAGAGGTTGTTA,14,4886155
ygfM_xdhD_predicted,4.0,8,1,ATTGATCGATGTGGGACCCC,7,4881889
ygfM_xdhD_predicted,24.5,49,1,ATTCTTTTGAGCAATCACTG,48,4887287
ygfM_xdhD_predicted,6.0,12,1,ATTATCGGATGAAAATCGTT,11,4886447
ygfM_xdhD_predicted,2.5,5,1,ATGGATATGGTCGCTTCACA,4,4893315
ygfM_xdhD_predicted,11.0,22,1,ATGATATCTCGCTCAAGACC,21,4892788
ygfM_xdhD_predicted,1.0,2,1,ATCTACTTGGTTGGAAGGAA,1,4881543
ygfM_xdhD_predicted,8.5,17,1,ATCGCGTGCCCGATAGTTTT,16,4876146
ygfM_xdhD_predicted,6.5,13,1,ATCAGCTTTATTATCACCAT,12,4893087
ygfM_xdhD_predicted,1.0,2,1,ATCACGAACCAATTATTGGC,1,4868535
ygfM_xdhD_predicted,1.5,3,1,ATATGAGCCTTGGCGTGAGC,2,4875072
ygfM_xdhD_predicted,10.0,20,1,AGTTCTCAGGGAAATGGATT,19,4883078
ygfM_xdhD_predicted,4.5,9,1,AGTTCTATGGCATATGGCCC,8,4869101
ygfM_xdhD_predicted,7.5,15,1,AGTATCGGGCTCTGGACTAC,14,4890434
ygfM_xdhD_predicted,1.5,3,1,AGTAACGGTAGCGTTGAAGT,2,4882812
ygfM_xdhD_predicted,3.5,7,1,AGGGGTAACCCGGCATATGG,6,4885011
ygfM_xdhD_predicted,1.0,2,1,AGGGGCAAAATTTTATCCGG,1,4892643
ygfM_xdhD_predicted,3.5,7,1,AGGCTGATCGCCCCCGTAAA,6,4896388
ygfM_xdhD_predicted,1.0,2,1,AGCGGTCTTGAACAGGGACA,1,4871354
ygfM_xdhD_predicted,11.5,23,1,AGCGCTTTGGTTTCACATGG,22,4881867
ygfM_xdhD_predicted,8.0,16,1,AGCATTTAATAAATGCGAAG,15,4877415
ygfM_xdhD_predicted,17.5,35,1,AGACGGGGATCCTGGCAACA,34,4875131
ygfM_xdhD_predicted,1.0,2,1,ACTGCGCACTCGCGATACGC,1,4875027
ygfM_xdhD_predicted,9.0,18,1,ACTGATACAGCGGAAGGCCT,17,4867063
ygfM_xdhD_predicted,11.5,23,1,ACTCGTCCAATATTCAGTCT,22,4875707
ygfM_xdhD_predicted,7.5,15,1,ACTCAGCATACCTCATGTCA,14,4877605
ygfM_xdhD_predicted,14.5,29,1,ACGGGTATTGGGTAGGTAGA,28,4896528
ygfM_xdhD_predicted,7.0,14,1,ACGCTAGAGATGTCGGTGGG,13,4890792
ygfM_xdhD_predicted,1.0,2,1,ACGCCCCCATACTGCACCGC,1,4884911
ygfM_xdhD_predicted,15.5,31,1,ACGCAAAAGTGCCGATAGGC,30,4890895
ygfM_xdhD_predicted,1.0,2,1,ACCCGCCGGCAAGCTGGGAA,1,4895844
ygfM_xdhD_predicted,5.5,11,1,ACATTTGAGCGGCCAATCCG,10,4896491
ygfM_xdhD_predicted,10.0,20,1,ACATTACGCATCTGCATGAA,19,4884215
ygfM_xdhD_predicted,13.5,27,1,ACAGAACCTAAGAATCTATA,26,4866359
ygfM_xdhD_predicted,14.5,29,1,ACACGAAGGGGGAGTGGTCC,28,4892590
ygfM_xdhD_predicted,4.5,9,1,ACAAAGGCTGTCTGCTGCCT,8,4882619
ygfM_xdhD_predicted,4.5,9,1,ACAAACTCCCTCAGTTTACA,8,4887074
ygfM_xdhD_predicted,6.0,12,1,AATTTTGTCCCTGTTGCACT,11,4893376
ygfM_xdhD_predicted,14.0,28,1,AATACATATAGAAGAGTCCG,27,4892190
ygfM_xdhD_predicted,1.0,2,1,AAGTGGGAGGGAGAAGGATC,1,4895095
ygfM_xdhD_predicted,11.0,22,1,AAGGTAGGTTATCAGGGTGA,21,4896790
ygfM_xdhD_predicted,8.5,17,1,AAGGGACGAATGGATGCTGC,16,4875124
ygfM_xdhD_predicted,15.0,30,1,AAGGCGGCTTTTCCATGGTG,29,4888875
ygfM_xdhD_predicted,5.5,11,1,AAGCCTCAGGTCTAATTTAC,10,4877403
ygfM_xdhD_predicted,3.5,7,1,AACTGGGCCCTGTTGTACAT,6,4885380
ygfM_xdhD_predicted,1.0,2,1,AACCCACATACTCCCTCGCT,1,4896455
ygfM_xdhD_predicted,9.5,19,1,AAATATTCTTCGTGCATTCG,18,4872901
ygfM_xdhD_predicted,0.011764705882352941,84,84,GGCACGCGTAAATGAACATA,0,4880115
ygfM_xdhD_predicted,0.014285714285714285,69,69,TGCGTGGATTCCCAAAAGGT,0,4894044
ygfM_xdhD_predicted,0.014705882352941176,67,67,TCATGAGGGAGCACCCCTAG,0,4874600
ygfM_xdhD_predicted,0.015151515151515152,65,65,GTGCTAACGGGTACCGTACG,0,4887223
ygfM_xdhD_predicted,0.015151515151515152,65,65,ATGCCCCGGCGTGACATGGT,0,4874838
ygfM_xdhD_predicted,0.015625,63,63,ACCCACGGGGTATTGGACTA,0,4873001
ygfM_xdhD_predicted,0.015873015873015872,62,62,ACAAAAGGGTCGATGCGATA,0,4881144
ygfM_xdhD_predicted,0.01639344262295082,60,60,CCAAGCGTTAGTTCGGGGAG,0,4883534
ygfM_xdhD_predicted,0.01639344262295082,60,60,CCAAGCGATAAAAGAAGGTC,0,4884319
ygfM_xdhD_predicted,0.01639344262295082,60,60,AGATACCTATGGCGGGGGGA,0,4891909
ygfM_xdhD_predicted,0.01694915254237288,58,58,AGCCACTCACACCAAATCGA,0,4868573
ygfM_xdhD_predicted,0.017543859649122806,56,56,TTTTCCATCGGCGGGATCAT,0,4884631
ygfM_xdhD_predicted,0.017543859649122806,56,56,TAAATAAACACTAGAAAGAA,0,4869196
ygfM_xdhD_predicted,0.01818181818181818,54,54,TGTCGCGATGGGACCCGCAT,0,4890866
ygfM_xdhD_predicted,0.01818181818181818,54,54,CCGCTGAGAGGGGGTATTGG,0,4878473
ygfM_xdhD_predicted,0.01818181818181818,54,54,ACTTGATGGCTCGTTGATAT,0,4864065
ygfM_xdhD_predicted,0.01818181818181818,54,54,ACGTTCTCCTCTGCCTGCAG,0,4878623
ygfM_xdhD_predicted,0.018518518518518517,53,53,AGGGGATCCGCATAACCATT,0,4870005
ygfM_xdhD_predicted,0.018867924528301886,52,52,TTGCGATACACCATATAGCA,0,4878219
ygfM_xdhD_predicted,0.019230769230769232,51,51,CCGCACGTTCACGCAATAAT,0,4871079
ygfM_xdhD_predicted,0.019230769230769232,51,51,CAGGTAAGAAGTGACCGGTA,0,4867745
ygfM_xdhD_predicted,0.0196078431372549,50,50,GCCTCTGACGGCCGATCAAC,0,4886617
ygfM_xdhD_predicted,0.0196078431372549,50,50,GCCCACTTCAATAAAACGGG,0,4880919
ygfM_xdhD_predicted,0.0196078431372549,50,50,CAACATTCACCACATACTTA,0,4869197
ygfM_xdhD_predicted,0.02,49,49,TTAGCAAAGAAGTTATGCTT,0,4896670
ygfM_xdhD_predicted,0.02,49,49,GTCTAAGCAAGGGATACCAC,0,4890019
ygfM_xdhD_predicted,0.02,49,49,CTTGCGTCAAGGGACCCTTA,0,4868652
ygfM_xdhD_predicted,0.02,49,49,ACTCTATCGCCATGTGGTCA,0,4899177
ygfM_xdhD_predicted,0.02040816326530612,48,48,TGACTCTTAAAATCGAGGCA,0,4870313
ygfM_xdhD_predicted,0.02040816326530612,48,48,GAAAAGTTGCTTGCTTTGAG,0,4865456
ygfM_xdhD_predicted,0.020833333333333332,47,47,CGCAAAGGCACGGAGCTTGT,0,4891493
ygfM_xdhD_predicted,0.020833333333333332,47,47,AGTTCGCCCTCCAGGGCTTG,0,4869457
ygfM_xdhD_predicted,0.02127659574468085,46,46,TTCGACCACTTAACAGCTTT,0,4883483
ygfM_xdhD_predicted,0.02127659574468085,46,46,TTAAACTTGAAGTGTTTAAC,0,4880478
ygfM_xdhD_predicted,0.02127659574468085,46,46,TCGTGTGCGCTCTCATGGTA,0,4895680
ygfM_xdhD_predicted,0.02127659574468085,46,46,CGAATGGTGGAGTGGTAGTT,0,4864566
ygfM_xdhD_predicted,0.02127659574468085,46,46,CAAGTGAACCTATGATGCGG,0,4871444
ygfM_xdhD_predicted,0.021739130434782608,45,45,TTTATCGACGTAGTCAATTT,0,4886282
ygfM_xdhD_predicted,0.021739130434782608,45,45,TCGCAGCGGGACTAGATGAT,0,4878499
ygfM_xdhD_predicted,0.021739130434782608,45,45,CCCGGCGTTCATACAAAGTA,0,4888748
ygfM_xdhD_predicted,0.022222222222222223,44,44,GTGACCACCCGACAGTCGGT,0,4880388
ygfM_xdhD_predicted,0.022222222222222223,44,44,GGTGTTTTTCGAGTGAAATC,0,4866553
ygfM_xdhD_predicted,0.022222222222222223,44,44,CTCCAGATTACGCTCATTCC,0,4888409
ygfM_xdhD_predicted,0.022222222222222223,44,44,CAGTCCAGGGTCCAGATGTG,0,4893604
ygfM_xdhD_predicted,0.022222222222222223,44,44,CACAGCCCATTCCAAAGTCT,0,4864339
ygfM_xdhD_predicted,0.022727272727272728,43,43,TCAACAAGCGTACGTAATAC,0,4895789
ygfM_xdhD_predicted,0.022727272727272728,43,43,GGGACGGGTTAGCATTAATG,0,4893270
ygfM_xdhD_predicted,0.022727272727272728,43,43,CGCCATAAACGCTACCCCAG,0,4872606
ygfM_xdhD_predicted,0.022727272727272728,43,43,ACGCGGGTAGTGTGTTACGA,0,4867968
ygfM_xdhD_predicted,0.022727272727272728,43,43,ACAGATGCCAATCAGTGTGT,0,4866868
ygfM_xdhD_predicted,0.023255813953488372,42,42,TTCGCAACGAGTGGATTACA,0,4870667
ygfM_xdhD_predicted,0.023255813953488372,42,42,TCTAGGAGGCGGGCGGGTCA,0,4874724
ygfM_xdhD_predicted,0.023255813953488372,42,42,GTCCACTATTGAAGGTTATA,0,4877405
ygfM_xdhD_predicted,0.023255813953488372,42,42,CTAGGTTTCGCGCTAGACAA,0,4898206
ygfM_xdhD_predicted,0.023255813953488372,42,42,CGAACCTGCCGCTTTTGGCG,0,4881292
ygfM_xdhD_predicted,0.023255813953488372,42,42,AGCGTGGCTGCACTTGACTA,0,4891488
ygfM_xdhD_predicted,0.023809523809523808,41,41,TGTGTTAACTGTCAGTTAAG,0,4879190
ygfM_xdhD_predicted,0.023809523809523808,41,41,TCGAGCGGCCCACCATACTA,0,4865516
ygfM_xdhD_predicted,0.023809523809523808,41,41,TAGCGTCTTGGGTTGTGCTA,0,4883295
ygfM_xdhD_predicted,0.023809523809523808,41,41,GGTTCTGGACTTCTGCCAAT,0,4875946
ygfM_xdhD_predicted,0.023809523809523808,41,41,CGGGGTGTCAACTTGTCTGG,0,4871635
ygfM_xdhD_predicted,0.023809523809523808,41,41,CGCTCTGCCGTTAATTCGCC,0,4886685
ygfM_xdhD_predicted,0.023809523809523808,41,41,CGCCGGAATGAGATTGTGGA,0,4868776
ygfM_xdhD_predicted,0.023809523809523808,41,41,CCAACAATGATCACGCACAT,0,4876645
ygfM_xdhD_predicted,0.023809523809523808,41,41,ACAATAGTCCAATTTGACAG,0,4881461
ygfM_xdhD_predicted,0.023809523809523808,41,41,AAATAGCAGACCTCGTGTTA,0,4880244
ygfM_xdhD_predicted,0.024390243902439025,40,40,GCGGCCAAACCCGCCCAGCT,0,4869245
ygfM_xdhD_predicted,0.024390243902439025,40,40,GCACAGGAGAGACGGGTACT,0,4864085
ygfM_xdhD_predicted,0.024390243902439025,40,40,GAGGTTCGATAGGGATGGCT,0,4869671
ygfM_xdhD_predicted,0.024390243902439025,40,40,CCTATTTATTCCATAAGTAC,0,4873581
ygfM_xdhD_predicted,0.024390243902439025,40,40,CACGCCGTTTGTTAAGGTCA,0,4881426
ygfM_xdhD_predicted,0.024390243902439025,40,40,ACGATGAAGGGCGCCTTTAC,0,4865736
ygfM_xdhD_predicted,0.024390243902439025,40,40,AATGGCAATATAAAGATTCA,0,4876834
ygfM_xdhD_predicted,0.025,39,39,TTTTTGAGTACTCGGCCGCC,0,4880114
ygfM_xdhD_predicted,0.025,39,39,TTTGGGAGGTTTGCTAGTGG,0,4881640
ygfM_xdhD_predicted,0.025,39,39,TGTGCCGACGGTGTGAAGCA,0,4886290
ygfM_xdhD_predicted,0.025,39,39,GTTCGAGGCCTGGTTGCTAT,0,4872697
ygfM_xdhD_predicted,0.025,39,39,GTGGACACTCGCTGTCTCTT,0,4887696
ygfM_xdhD_predicted,0.025,39,39,CTCCCTGCAACCCAACATGA,0,4880662
ygfM_xdhD_predicted,0.025,39,39,CCACGAGGTAGGATGCAAAT,0,4875374
ygfM_xdhD_predicted,0.025,39,39,CCACAAATTTGGTCCGGGAA,0,4873914
ygfM_xdhD_predicted,0.025,39,39,CATTCTGACCACACACGGAA,0,4868598
ygfM_xdhD_predicted,0.025,39,39,ACAAAGACGTGCAAATCGCT,0,4876770
ygfM_xdhD_predicted,0.02564102564102564,38,38,TCCTCGACCGTCCTACTCGC,0,4880268
ygfM_xdhD_predicted,0.02564102564102564,38,38,TAACGCGCGTGCTCTGTCGG,0,4869919
ygfM_xdhD_predicted,0.02564102564102564,38,38,GTTCGACTGCTATTACATCT,0,4872150
ygfM_xdhD_predicted,0.02564102564102564,38,38,GGGAACTCAGTAGCGGTCCC,0,4887862
ygfM_xdhD_predicted,0.02564102564102564,38,38,GCGGCTTCTACGGACACATA,0,4878036
ygfM_xdhD_predicted,0.02564102564102564,38,38,GCGGACAAGTTTATTAGAAG,0,4867566
ygfM_xdhD_predicted,0.02564102564102564,38,38,GCCTACGGATTCAGAATTAT,0,4871076
ygfM_xdhD_predicted,0.02564102564102564,38,38,CCTTTACATGAAACACCTCA,0,4865118
ygfM_xdhD_predicted,0.02564102564102564,38,38,CCGAATTATGAACGATGTGC,0,4863897
ygfM_xdhD_predicted,0.02564102564102564,38,38,CCCTCTGTCAATGATTCTAG,0,4868657
ygfM_xdhD_predicted,0.02564102564102564,38,38,CCCCGGGATCACTTCATAGA,0,4895624
ygfM_xdhD_predicted,0.02564102564102564,38,38,AGGCGGCAAACAAGCATATC,0,4867564
ygfM_xdhD_predicted,0.02564102564102564,38,38,ACCGGGGACATCTAGCTGGC,0,4865270
ygfM_xdhD_predicted,0.02631578947368421,37,37,TTGTAAAATACGTTGTAGAA,0,4875901
ygfM_xdhD_predicted,0.02631578947368421,37,37,TGCATACTATGGCTGGTTGA,0,4884452
ygfM_xdhD_predicted,0.02631578947368421,37,37,TACGTATGAATCTGCGCCGT,0,4867578
ygfM_xdhD_predicted,0.02631578947368421,37,37,TACGGCAACGATTGTAGTCT,0,4865993
ygfM_xdhD_predicted,0.02631578947368421,37,37,GGTGTCCTTTTGATCGCCGA,0,4872958
ygfM_xdhD_predicted,0.02631578947368421,37,37,GCTGGGATTCCGTAGAACTT,0,4870132
ygfM_xdhD_predicted,0.02631578947368421,37,37,GCTACCAATCACATTCCAGT,0,4890482
ygfM_xdhD_predicted,0.02631578947368421,37,37,CCGGCGCCAAAATGTGCCTG,0,4888302
ygfM_xdhD_predicted,0.02631578947368421,37,37,CATCTTAAGTTGCCCAAGGA,0,4865296
ygfM_xdhD_predicted,0.02631578947368421,37,37,CAGAGGCCCCATGGAATTGA,0,4886369
ygfM_xdhD_predicted,0.02631578947368421,37,37,ATTTCGGTTACTTCTTAACA,0,4872566
ygfM_xdhD_predicted,0.02631578947368421,37,37,ATCCGAGACATGATTGCCAA,0,4865463
ygfM_xdhD_predicted,0.02702702702702703,36,36,TGTTGTGCCACAGGGCTCCA,0,4870868
ygfM_xdhD_predicted,0.02702702702702703,36,36,GTCTACTGTGGGGAAAACAG,0,4871494
ygfM_xdhD_predicted,0.02702702702702703,36,36,GGCATTATCCGCGAGGTTGT,0,4865007
ygfM_xdhD_predicted,0.02702702702702703,36,36,CGCCACCCCCCTGATCGCTG,0,4866672
ygfM_xdhD_predicted,0.02702702702702703,36,36,CGAAGAAACTGCATGTAGGT,0,4864364
ygfM_xdhD_predicted,0.02702702702702703,36,36,CCAATAGTCAGGCGATTTGC,0,4883957
ygfM_xdhD_predicted,0.02702702702702703,36,36,CAAACGTACTTCGCGTGACA,0,4881887
ygfM_xdhD_predicted,0.02702702702702703,36,36,ATCTAATTTGATGACCAGCA,0,4878732
ygfM_xdhD_predicted,0.02702702702702703,36,36,ACGAGCTCAGTCGAGCCCAT,0,4869407
ygfM_xdhD_predicted,0.027777777777777776,35,35,TCAGTCGCTTCACCACAGAT,0,4870636
ygfM_xdhD_predicted,0.027777777777777776,35,35,TCAAAGGATCACAAGAAGTT,0,4873746
ygfM_xdhD_predicted,0.027777777777777776,35,35,TACGAGGAGTTTCAATCCAC,0,4875576
ygfM_xdhD_predicted,0.027777777777777776,35,35,GTTCATATCACGTGCTATAC,0,4865084
ygfM_xdhD_predicted,0.027777777777777776,35,35,GTTAGATTCGATGCGATTTG,0,4866797
ygfM_xdhD_predicted,0.027777777777777776,35,35,GTTACTGCAGGCTAAGTAGA,0,4876100
ygfM_xdhD_predicted,0.027777777777777776,35,35,GTCTGTTAGACAAGCGGCTA,0,4864701
ygfM_xdhD_predicted,0.027777777777777776,35,35,GTCTGTAAGTACGACGGTAC,0,4884684
ygfM_xdhD_predicted,0.027777777777777776,35,35,GATTGAAAAGGTTAACCCCA,0,4869757
ygfM_xdhD_predicted,0.027777777777777776,35,35,GAATTGCCCCAGGCCAAGTT,0,4887486
ygfM_xdhD_predicted,0.027777777777777776,35,35,CTGGGTTATTCGCGTAGCAT,0,4873423
ygfM_xdhD_predicted,0.027777777777777776,35,35,CGGGAAAGCAAATGAAATCC,0,4881689
ygfM_xdhD_predicted,0.027777777777777776,35,35,CGCTGCCCGGGTATCCCGCT,0,4868006
ygfM_xdhD_predicted,0.027777777777777776,35,35,CATTCAACCAATGAATAAGA,0,4868823
ygfM_xdhD_predicted,0.027777777777777776,35,35,CACACTCTAAGTCAGCGGCG,0,4871851
ygfM_xdhD_predicted,0.027777777777777776,35,35,CAACTCCTCCGCTGCAATTA,0,4890924
ygfM_xdhD_predicted,0.027777777777777776,35,35,ATTCCACACAGTCAGTGGGG,0,4872008
ygfM_xdhD_predicted,0.027777777777777776,35,35,AGGAGTTGAACTGGTGACCA,0,4888303
ygfM_xdhD_predicted,0.027777777777777776,35,35,AGATGAATTGACTTGCTCGT,0,4871519
ygfM_xdhD_predicted,0.027777777777777776,35,35,ACCGAACGAGACAGGTACCA,0,4872856
ygfM_xdhD_predicted,0.027777777777777776,35,35,ACATCGCGCCGGCAATCACT,0,4894987
ygfM_xdhD_predicted,0.027777777777777776,35,35,AACGATGCGCTTGAACCTAC,0,4883844
ygfM_xdhD_predicted,0.02857142857142857,34,34,TTAGAGCGAACACCGTTTTA,0,4869038
ygfM_xdhD_predicted,0.02857142857142857,34,34,TGGGTTGGTCGCAGGTAAAT,0,4890662
ygfM_xdhD_predicted,0.02857142857142857,34,34,TGATCATTGCAACAAGGATT,0,4877727
ygfM_xdhD_predicted,0.02857142857142857,34,34,TCGGTTTTATGAGGACATCC,0,4869538
ygfM_xdhD_predicted,0.02857142857142857,34,34,TATGCGCCGAGGTCCTGGTT,0,4871450
ygfM_xdhD_predicted,0.02857142857142857,34,34,TATGAGGCATAAGTCTCGTA,0,4892909
ygfM_xdhD_predicted,0.02857142857142857,34,34,TATCTGAGTGACCGACGCTT,0,4871760
ygfM_xdhD_predicted,0.02857142857142857,34,34,TACTTTACCTATGTGAACGA,0,4869976
ygfM_xdhD_predicted,0.02857142857142857,34,34,GTAGCGCATCAGTAAGTTGG,0,4878072
ygfM_xdhD_predicted,0.02857142857142857,34,34,GGTTAGGACCGTGGCTCTTA,0,4869320
ygfM_xdhD_predicted,0.02857142857142857,34,34,GGTGTTCCTCGGGCTAACTT,0,4878841
ygfM_xdhD_predicted,0.02857142857142857,34,34,GCTGCACCACCTCTACGATT,0,4876646
ygfM_xdhD_predicted,0.02857142857142857,34,34,GCGGCGGAGGCGGAAGGAGG,0,4889011
ygfM_xdhD_predicted,0.02857142857142857,34,34,CCTGACTACTTAACATTAGG,0,4891163
ygfM_xdhD_predicted,0.02857142857142857,34,34,CATTCGAAGTTATAGACCTG,0,4890944
ygfM_xdhD_predicted,0.02857142857142857,34,34,AGTTCCTGTGGTAATAAAGC,0,4889244
ygfM_xdhD_predicted,0.02857142857142857,34,34,ACCAGGCACCAACTGGAGGC,0,4880729
ygfM_xdhD_predicted,0.029411764705882353,33,33,TTTGGACCAGGGAGCGTACG,0,4896349
ygfM_xdhD_predicted,0.029411764705882353,33,33,TGAGATTGGCACGATTATAT,0,4888292
ygfM_xdhD_predicted,0.029411764705882353,33,33,TATGTTCTACTGGGACTCTG,0,4874500
ygfM_xdhD_predicted,0.029411764705882353,33,33,TATAGGCTGCCTTAGGGTTG,0,4865335
ygfM_xdhD_predicted,0.029411764705882353,33,33,TAATTATGTACTATGACACA,0,4874245
ygfM_xdhD_predicted,0.029411764705882353,33,33,TAATACATACCCGCCCACGA,0,4866252
ygfM_xdhD_predicted,0.029411764705882353,33,33,GCGCAAATCGGGGTGATGTA,0,4867300
ygfM_xdhD_predicted,0.029411764705882353,33,33,CTCCGTGGAGCCGTAAGGCT,0,4884474
ygfM_xdhD_predicted,0.029411764705882353,33,33,CCTGTCTCAGCGGCCCCGGC,0,4881237
ygfM_xdhD_predicted,0.029411764705882353,33,33,CCGCTTATTTGTTACCCTCG,0,4883032
ygfM_xdhD_predicted,0.029411764705882353,33,33,CCCCGATGCATTCCGCATAG,0,4867617
ygfM_xdhD_predicted,0.029411764705882353,33,33,AGGCACGTAAATAAGAGTAA,0,4896787
ygfM_xdhD_predicted,0.029411764705882353,33,33,ACCGGTTACCACATCTACAC,0,4886014
ygfM_xdhD_predicted,0.029411764705882353,33,33,AAGATGAGTCGGCCGGACCA,0,4876567
ygfM_xdhD_predicted,0.029411764705882353,33,33,AAAGTTGACTTAAGACAGGC,0,4892180
ygfM_xdhD_predicted,0.030303030303030304,32,32,TTTGGTAACCGACCCATAAT,0,4868644
ygfM_xdhD_predicted,0.030303030303030304,32,32,GTGCAACTACAGACGCTTCC,0,4870937
ygfM_xdhD_predicted,0.030303030303030304,32,32,GCGCGAAGAACCAGAGACTT,0,4865739
ygfM_xdhD_predicted,0.030303030303030304,32,32,GACTGTGTAGTCACACTCTT,0,4892287
ygfM_xdhD_predicted,0.030303030303030304,32,32,GACAAAAGACTGCCTATATT,0,4892789
ygfM_xdhD_predicted,0.030303030303030304,32,32,GAATGACTTGCCGGCAGGGA,0,4895040
ygfM_xdhD_predicted,0.030303030303030304,32,32,CTGTAAGTCACGGGTCCTGT,0,4876185
ygfM_xdhD_predicted,0.030303030303030304,32,32,CGTAACTACAGTAATAGTTC,0,4896389
ygfM_xdhD_predicted,0.030303030303030304,32,32,ATTGGGCATCATTTCGTTGA,0,4868689
ygfM_xdhD_predicted,0.030303030303030304,32,32,ATGCAGGGCGCCTGGTCTAA,0,4870134
ygfM_xdhD_predicted,0.030303030303030304,32,32,ATCGTCGTTCCTCTTACAAA,0,4873834
ygfM_xdhD_predicted,0.030303030303030304,32,32,ATAACCTAATATGCCCTATG,0,4878043
ygfM_xdhD_predicted,0.030303030303030304,32,32,AGGAGTCGAATCCGGGGAGA,0,4871197
ygfM_xdhD_predicted,0.030303030303030304,32,32,AGCCTTCGTGAGTATTGTCT,0,4884083
ygfM_xdhD_predicted,0.030303030303030304,32,32,AGAACCGGAGGTTGTCTCAG,0,4882483
ygfM_xdhD_predicted,0.030303030303030304,32,32,AAGGAATCACGCTGGTCAAT,0,4898555
ygfM_xdhD_predicted,0.030303030303030304,32,32,AACAAGAGTAATAATTATGA,0,4868388
ygfM_xdhD_predicted,0.03125,31,31,TTGACAGACGATTTTCGAGG,0,4881375
ygfM_xdhD_predicted,0.03125,31,31,TGCGCTAGCTAATTGCCGTA,0,4876622
ygfM_xdhD_predicted,0.03125,31,31,TCTGCTGTCAAATACCCGCG,0,4884768
ygfM_xdhD_predicted,0.03125,31,31,TCTCCGGTCTCGCTTACTAT,0,4888943
ygfM_xdhD_predicted,0.03125,31,31,TATCTCCAGAGTCAGACCGT,0,4870441
ygfM_xdhD_predicted,0.03125,31,31,TAATGTCATCATACAGCGCA,0,4881261
ygfM_xdhD_predicted,0.03125,31,31,GGTTTCATTCAATGTAACAT,0,4895010
ygfM_xdhD_predicted,0.03125,31,31,GATCACCGCCACTAGCCAGG,0,4893132
ygfM_xdhD_predicted,0.03125,31,31,CTAGTTATGAATGCTATGAT,0,4878180
ygfM_xdhD_predicted,0.03125,31,31,CGCTTGGTAACACACTCTAT,0,4884744
ygfM_xdhD_predicted,0.03125,31,31,CGCAGTACACATTTCACCCA,0,4873430
ygfM_xdhD_predicted,0.03125,31,31,CCACCCTTGCAGTGGATAGA,0,4882343
ygfM_xdhD_predicted,0.03125,31,31,CCACAATTCAGGCGCGGCAT,0,4874409
ygfM_xdhD_predicted,0.03125,31,31,AGTCTGGGATGGCCTGCAAG,0,4878061
ygfM_xdhD_predicted,0.03125,31,31,ACCTTGGTGCCTCAGAGACA,0,4866037
ygfM_xdhD_predicted,0.03125,31,31,ACCTGTAGGACCTTTTCCTA,0,4881234
ygfM_xdhD_predicted,0.03125,31,31,ACAGCCAACCACTCTCATTA,0,4867380
ygfM_xdhD_predicted,0.03225806451612903,30,30,TTTTTCCGAATGATTACTCA,0,4864968
ygfM_xdhD_predicted,0.03225806451612903,30,30,TCTATTCGACCGTTGGTCCA,0,4864238
ygfM_xdhD_predicted,0.03225806451612903,30,30,TCACGTCTTTGGTGCCATTT,0,4885911
ygfM_xdhD_predicted,0.03225806451612903,30,30,GTTCTCGGGCGTCGATAGAG,0,4872148
ygfM_xdhD_predicted,0.03225806451612903,30,30,GGCTGTATGAATAAGGACTA,0,4867895
ygfM_xdhD_predicted,0.03225806451612903,30,30,GCATGGCAGCCAAATGTGAG,0,4896577
ygfM_xdhD_predicted,0.03225806451612903,30,30,GCATCGCAGCTTGACCTGCA,0,4888797
ygfM_xdhD_predicted,0.03225806451612903,30,30,CTCGTTGAAGGGGGCAACAG,0,4866017
ygfM_xdhD_predicted,0.03225806451612903,30,30,CTCGCGGAGGCCCCTTTGCT,0,4873728
ygfM_xdhD_predicted,0.03225806451612903,30,30,CCCCTGCCGGATGATTGTAC,0,4899066
ygfM_xdhD_predicted,0.03225806451612903,30,30,ATTACGGTCTGCGGGCTGGC,0,4873656
ygfM_xdhD_predicted,0.03225806451612903,30,30,AGTGACCCACACATTCGGAC,0,4883323
ygfM_xdhD_predicted,0.03225806451612903,30,30,AGAGTAATACTTCACCCGTT,0,4872212
ygfM_xdhD_predicted,0.03225806451612903,30,30,AGAACAGCCCGGCCTAATCA,0,4886788
ygfM_xdhD_predicted,0.03225806451612903,30,30,AATGCGCGAGCGCATCGGGA,0,4899593
ygfM_xdhD_predicted,0.03225806451612903,30,30,AAGTTCACACCTTTTTATCA,0,4874971
ygfM_xdhD_predicted,0.03225806451612903,30,30,AAATAAACCGCATCTGAGAG,0,4871518
ygfM_xdhD_predicted,0.03225806451612903,30,30,AAAAACCCGGTCTCTGGGGT,0,4876866
ygfM_xdhD_predicted,0.03333333333333333,29,29,TTTCTGTGTGGAATCAGGAG,0,4869231
ygfM_xdhD_predicted,0.03333333333333333,29,29,TTGGCGTGTAGGTCCCTCTA,0,4871349
ygfM_xdhD_predicted,0.03333333333333333,29,29,TTCTCAGGACACCAGAGGCG,0,4865145
ygfM_xdhD_predicted,0.03333333333333333,29,29,TGTCGTCTAGGCAATAAGGA,0,4886360
ygfM_xdhD_predicted,0.03333333333333333,29,29,TGGGCAGAACCTTAGCGTGA,0,4882641
ygfM_xdhD_predicted,0.03333333333333333,29,29,TGGCTTGCCACAGCAAAGGA,0,4892096
ygfM_xdhD_predicted,0.03333333333333333,29,29,TAGGAGACAAGGCCGATGCA,0,4871933
ygfM_xdhD_predicted,0.03333333333333333,29,29,GTTCTTCGACTTAATGGTAT,0,4878004
ygfM_xdhD_predicted,0.03333333333333333,29,29,GGCTCTCTTTCTAGGCGACA,0,4869539
ygfM_xdhD_predicted,0.03333333333333333,29,29,GGATTGTCAGCATAGCTGCT,0,4886757
ygfM_xdhD_predicted,0.03333333333333333,29,29,CTACGTTAAAATGCAACTAG,0,4866919
ygfM_xdhD_predicted,0.03333333333333333,29,29,CGTTTGCACGCCTTCTGTGC,0,4876057
ygfM_xdhD_predicted,0.03333333333333333,29,29,CCGACGTAGAGTCTAGGGGG,0,4874059
ygfM_xdhD_predicted,0.03333333333333333,29,29,CAGCAACGTGCGGTGTGTTG,0,4879726
ygfM_xdhD_predicted,0.03333333333333333,29,29,CAAGCGATCGCACCAGGTCA,0,4867858
ygfM_xdhD_predicted,0.03333333333333333,29,29,ATAGCCCGGATCTTGTATCA,0,4891611
ygfM_xdhD_predicted,0.03333333333333333,29,29,AGTTAACACCGGCGCTTTAG,0,4867866
ygfM_xdhD_predicted,0.03333333333333333,29,29,AGATGACACGCTCTTCAGGA,0,4895115
ygfM_xdhD_predicted,0.03333333333333333,29,29,ACGCATGCTGAAAATATCGA,0,4877954
ygfM_xdhD_predicted,0.03333333333333333,29,29,ACATTGGGGTATTATGTAGA,0,4883142
ygfM_xdhD_predicted,0.03333333333333333,29,29,AAAAGCAAGTGGTCTATCTG,0,4877427
ygfM_xdhD_predicted,0.034482758620689655,28,28,TTAGGGAGGCAAAAATACGC,0,4882480
ygfM_xdhD_predicted,0.034482758620689655,28,28,TGTAGTTGTGAGATTAAGAA,0,4870148
ygfM_xdhD_predicted,0.034482758620689655,28,28,TGACACGGGAACGCCGCCGG,0,4877935
ygfM_xdhD_predicted,0.034482758620689655,28,28,TCATCCGCCAGCTTACGATT,0,4866708
ygfM_xdhD_predicted,0.034482758620689655,28,28,TCACTAGCTTCTGAAGAGAA,0,4873510
ygfM_xdhD_predicted,0.034482758620689655,28,28,TCAAGGTTACGTAGACACAC,0,4895975
ygfM_xdhD_predicted,0.034482758620689655,28,28,TAAAATCGCTTGTAGGAAAA,0,4893467
ygfM_xdhD_predicted,0.034482758620689655,28,28,GTTGGCAAAGTTCGTTGATA,0,4879671
ygfM_xdhD_predicted,0.034482758620689655,28,28,GGTTCAGCGATGGCCAATTG,0,4871758
ygfM_xdhD_predicted,0.034482758620689655,28,28,GGGTTTTACAGGGATGCAGT,0,4883881
ygfM_xdhD_predicted,0.034482758620689655,28,28,GGCACCGTACACGTGGGGAA,0,4881325
ygfM_xdhD_predicted,0.034482758620689655,28,28,GATCTTGATTCAGCTAGATG,0,4864949
ygfM_xdhD_predicted,0.034482758620689655,28,28,GAGATCCCACGTGGCTTGAG,0,4891643
ygfM_xdhD_predicted,0.034482758620689655,28,28,GAGAGCCGAGGCATACTCGT,0,4871733
ygfM_xdhD_predicted,0.034482758620689655,28,28,CTCTGTTTATCAAACGCCGA,0,4888471
ygfM_xdhD_predicted,0.034482758620689655,28,28,CTCAACTGCGGCCTGACACC,0,4888817
ygfM_xdhD_predicted,0.034482758620689655,28,28,CGTTTGCTATGTGGATCGTA,0,4879084
ygfM_xdhD_predicted,0.034482758620689655,28,28,CGTCGCTCACATTGAGTAGG,0,4864168
ygfM_xdhD_predicted,0.034482758620689655,28,28,CGGTGTCTAAGATCGGTAAG,0,4867845
ygfM_xdhD_predicted,0.034482758620689655,28,28,CGCAGCGTCTTTGTTCAAAA,0,4868684
ygfM_xdhD_predicted,0.034482758620689655,28,28,CGCAGCAGTCATTCAGACTA,0,4879697
ygfM_xdhD_predicted,0.034482758620689655,28,28,CCATCCGGAATTCGCTTCTT,0,4883911
ygfM_xdhD_predicted,0.034482758620689655,28,28,CCAGATCGGGCGTTGTGTTA,0,4878719
ygfM_xdhD_predicted,0.034482758620689655,28,28,CCACAGTCAATGCGGGCTGT,0,4896012
ygfM_xdhD_predicted,0.034482758620689655,28,28,CATAGGGGATGGATTGATGC,0,4874322
ygfM_xdhD_predicted,0.034482758620689655,28,28,ATTGGCGCATCGAATACGTC,0,4865633
ygfM_xdhD_predicted,0.034482758620689655,28,28,ATCGGCACTTAAGACGGTCA,0,4873673
ygfM_xdhD_predicted,0.034482758620689655,28,28,ATAAGTGCAACGTCGGGCTG,0,4878976
ygfM_xdhD_predicted,0.034482758620689655,28,28,AGAAACTAAAAGCTCCAGGT,0,4864909
ygfM_xdhD_predicted,0.034482758620689655,28,28,ACTAAAACCACGGCGCGACG,0,4891832
ygfM_xdhD_predicted,0.034482758620689655,28,28,ACCGAGAACCACCTAACCCA,0,4888357
ygfM_xdhD_predicted,0.034482758620689655,28,28,AATTAATAAATATGAGTCAG,0,4880172
ygfM_xdhD_predicted,0.034482758620689655,28,28,AATGCTTTAACAGCGTACTT,0,4888576
ygfM_xdhD_predicted,0.034482758620689655,28,28,AATGAAGAGGGCGGAAAGTA,0,4883419
ygfM_xdhD_predicted,0.034482758620689655,28,28,AACTGAACTTCGTTCAAGGG,0,4878854
ygfM_xdhD_predicted,0.03571428571428571,27,27,TTCATTCTTGCATCGGAAAA,0,4869273
ygfM_xdhD_predicted,0.03571428571428571,27,27,TTCACATCTCAATACTCCGG,0,4886446
ygfM_xdhD_predicted,0.03571428571428571,27,27,TGCAGGTTTCTCAGTGTACC,0,4892608
ygfM_xdhD_predicted,0.03571428571428571,27,27,TCACAGCTACCGGTCTCTTT,0,4878016
ygfM_xdhD_predicted,0.03571428571428571,27,27,TAGCGCGACAACGCCTAGTT,0,4891921
ygfM_xdhD_predicted,0.03571428571428571,27,27,TACCCACGTGGGAGGCACGT,0,4878006
ygfM_xdhD_predicted,0.03571428571428571,27,27,GTGAGCAAATACACACCATG,0,4864360
ygfM_xdhD_predicted,0.03571428571428571,27,27,GTAGACGCGCTCCTTTGCAA,0,4895576
ygfM_xdhD_predicted,0.03571428571428571,27,27,GTACAGGCGCAGACAGTGAA,0,4887673
ygfM_xdhD_predicted,0.03571428571428571,27,27,GGGTTTGGCCCCGTTTGGTA,0,4868509
ygfM_xdhD_predicted,0.03571428571428571,27,27,GGGGATCTCCCACCAGGCGT,0,4881591
ygfM_xdhD_predicted,0.03571428571428571,27,27,GGGCAGGGGAAATTGATTAA,0,4890165
ygfM_xdhD_predicted,0.03571428571428571,27,27,GCTTCCCCTTCACACCGGTT,0,4885257
ygfM_xdhD_predicted,0.03571428571428571,27,27,GCCAGGAACACCGGTTGTCG,0,4881453
ygfM_xdhD_predicted,0.03571428571428571,27,27,GAGGAACAAAGGACTAATGC,0,4887592
ygfM_xdhD_predicted,0.03571428571428571,27,27,CTGAATAGTAAGAGTGAGCA,0,4885909
ygfM_xdhD_predicted,0.03571428571428571,27,27,CGCTGCTATTAGCTACGCGG,0,4866490
ygfM_xdhD_predicted,0.03571428571428571,27,27,CGATACGTGCCCTTCTTTTT,0,4868248
ygfM_xdhD_predicted,0.03571428571428571,27,27,CCGTGAGATGATGGCGTCTG,0,4886569
ygfM_xdhD_predicted,0.03571428571428571,27,27,CCAAGGATTCATTGGATAAG,0,4878104
ygfM_xdhD_predicted,0.03571428571428571,27,27,CATGAGGGTAATCAATGGAA,0,4884601
ygfM_xdhD_predicted,0.03571428571428571,27,27,CACGCATAGTTTTGAATGGG,0,4880569
ygfM_xdhD_predicted,0.03571428571428571,27,27,CACCCTCAAGGCGACTTTGC,0,4882476
ygfM_xdhD_predicted,0.03571428571428571,27,27,CAAGGCGCCTAACGGTTACT,0,4892516
ygfM_xdhD_predicted,0.03571428571428571,27,27,ATTCAGCGCATGTTTGTGTC,0,4890606
ygfM_xdhD_predicted,0.03571428571428571,27,27,ATCAAGTCAGTGACCGCTAC,0,4868164
ygfM_xdhD_predicted,0.03571428571428571,27,27,AGTCACCCAGCCAGTAAAAT,0,4870881
ygfM_xdhD_predicted,0.03571428571428571,27,27,AGGGCGTTACGCCCGATGCT,0,4878869
ygfM_xdhD_predicted,0.03571428571428571,27,27,AGAGATGCGTCTCGACGGAG,0,4865948
ygfM_xdhD_predicted,0.03571428571428571,27,27,AGACTTCATTCCCCTAAAGA,0,4878376
ygfM_xdhD_predicted,0.03571428571428571,27,27,ACCTGCCTCGGTACAGTTAT,0,4877354
ygfM_xdhD_predicted,0.03571428571428571,27,27,ACAAGATCAATTTAGTCGCT,0,4887536
ygfM_xdhD_predicted,0.037037037037037035,26,26,TTGTGGCAGGCGATTCATGT,0,4890121
ygfM_xdhD_predicted,0.037037037037037035,26,26,TTCGCCTCAAGGGGTCAGGC,0,4870530
ygfM_xdhD_predicted,0.037037037037037035,26,26,TGTGACAGTAAAATTTAGAA,0,4882479
ygfM_xdhD_predicted,0.037037037037037035,26,26,TGAGGCTGCCTGAGCTGTCT,0,4865197
ygfM_xdhD_predicted,0.037037037037037035,26,26,TGAAGCGACTTCGGGTGAGT,0,4881232
ygfM_xdhD_predicted,0.037037037037037035,26,26,TCGTTGCCCATACGGGCAGA,0,4876004
ygfM_xdhD_predicted,0.037037037037037035,26,26,TCCTTGTCTCGCCTACGCGA,0,4876440
ygfM_xdhD_predicted,0.037037037037037035,26,26,TCCCCGTTAATTTCCGCTAG,0,4870910
ygfM_xdhD_predicted,0.037037037037037035,26,26,TACCCATAAGCCCCAATCTA,0,4896462
ygfM_xdhD_predicted,0.037037037037037035,26,26,TACATAATACTCTGCCTAAT,0,4886015
ygfM_xdhD_predicted,0.037037037037037035,26,26,GTTTAGGTAAATTGGGGAAA,0,4896383
ygfM_xdhD_predicted,0.037037037037037035,26,26,GTGGGACTGCACATTAAAGA,0,4889646
ygfM_xdhD_predicted,0.037037037037037035,26,26,GTATTCACGTTTGACTTGAT,0,4884366
ygfM_xdhD_predicted,0.037037037037037035,26,26,GGCCTAGTAATCTCGTTTTC,0,4887923
ygfM_xdhD_predicted,0.037037037037037035,26,26,GGCACGCTTCGGAGGAAGTA,0,4896446
ygfM_xdhD_predicted,0.037037037037037035,26,26,GCTTGCGCTTGAAGTCCCAT,0,4886332
ygfM_xdhD_predicted,0.037037037037037035,26,26,GATTAGTCCAGTGTTGAGAG,0,4880535
ygfM_xdhD_predicted,0.037037037037037035,26,26,CTTAGCCGTGGACTGGCGCA,0,4879076
ygfM_xdhD_predicted,0.037037037037037035,26,26,CTAGCCAGAGTCCTGGCGGC,0,4873635
ygfM_xdhD_predicted,0.037037037037037035,26,26,CTAATTCAACAGCCCGTACG,0,4896608
ygfM_xdhD_predicted,0.037037037037037035,26,26,CGGGCTCGCCACTACAATTT,0,4876479
ygfM_xdhD_predicted,0.037037037037037035,26,26,CGGACTGGTGTGGTGTGGAG,0,4885832
ygfM_xdhD_predicted,0.037037037037037035,26,26,CCGTACCGGTGTCAGATCGG,0,4896936
ygfM_xdhD_predicted,0.037037037037037035,26,26,CCCAGTCTATCGGGAGGATC,0,4872812
ygfM_xdhD_predicted,0.037037037037037035,26,26,CATGTGCATGCCAGGTTCGT,0,4894118
ygfM_xdhD_predicted,0.037037037037037035,26,26,CACCCTTGCGACAGCCGGAT,0,4888354
ygfM_xdhD_predicted,0.037037037037037035,26,26,CAAGCAAATTACGTGATTTA,0,4879338
ygfM_xdhD_predicted,0.037037037037037035,26,26,CAAGACAATCTACGGGTAAT,0,4885545
ygfM_xdhD_predicted,0.037037037037037035,26,26,ATTTGCTAGATTGATTCGCT,0,4899459
ygfM_xdhD_predicted,0.037037037037037035,26,26,AGTTTATCTTAGTTAACTTG,0,4865509
ygfM_xdhD_predicted,0.037037037037037035,26,26,ACTCCGGGAAGGAATTGCCC,0,4887922
ygfM_xdhD_predicted,0.037037037037037035,26,26,ACGGTGGACCTACAAGACGG,0,4870942
ygfM_xdhD_predicted,0.037037037037037035,26,26,ACGACTTCGCAATACTTGCA,0,4870997
ygfM_xdhD_predicted,0.037037037037037035,26,26,AATGAAATCAGCCGTTCAGA,0,4865700
ygfM_xdhD_predicted,0.037037037037037035,26,26,AATAGGTTTCACCTCAGCGT,0,4876695
ygfM_xdhD_predicted,0.037037037037037035,26,26,AACGAGTTTAGAATGCAACA,0,4899357
ygfM_xdhD_predicted,0.038461538461538464,25,25,TTTGGAGTGATTGGTACTTA,0,4889480
ygfM_xdhD_predicted,0.038461538461538464,25,25,TTTATGTGTTATTGATCATC,0,4882091
ygfM_xdhD_predicted,0.038461538461538464,25,25,TTAACGCTACAGCATGGATT,0,4869288
ygfM_xdhD_predicted,0.038461538461538464,25,25,TGATTTATACATAGGAGTGT,0,4877846
ygfM_xdhD_predicted,0.038461538461538464,25,25,TGACGGAGTATTTAGGATAA,0,4875554
ygfM_xdhD_predicted,0.038461538461538464,25,25,TCGTGACTAGGATGGATGGT,0,4893898
ygfM_xdhD_predicted,0.038461538461538464,25,25,TCATACGAGGCTTTAAAGCA,0,4874814
ygfM_xdhD_predicted,0.038461538461538464,25,25,TCAAGGTATGACAACGAGTG,0,4884066
ygfM_xdhD_predicted,0.038461538461538464,25,25,TATATACCTCGCTTAGGGCA,0,4870671
ygfM_xdhD_predicted,0.038461538461538464,25,25,TAGGGGCGGGGCGCATGAGT,0,4889783
ygfM_xdhD_predicted,0.038461538461538464,25,25,TAGGGCGAAACGACCATATT,0,4890200
ygfM_xdhD_predicted,0.038461538461538464,25,25,GTTCGGTGCGGGGCATGGGT,0,4886504
ygfM_xdhD_predicted,0.038461538461538464,25,25,GTCTGTGCTCAATGGAAACA,0,4898443
ygfM_xdhD_predicted,0.038461538461538464,25,25,GTATCCCGCTCTATGCAGTG,0,4880801
ygfM_xdhD_predicted,0.038461538461538464,25,25,GGTTGCAGACATTCCCCATA,0,4886904
ygfM_xdhD_predicted,0.038461538461538464,25,25,GGGCTTAAGCACCCCTAAAT,0,4870399
ygfM_xdhD_predicted,0.038461538461538464,25,25,GGCTCAAGGCATTCGTTTTT,0,4864628
ygfM_xdhD_predicted,0.038461538461538464,25,25,GGATCTACCAGATCCCTGGT,0,4893012
ygfM_xdhD_predicted,0.038461538461538464,25,25,GGAGGTATACGAAACAGGCC,0,4878663
ygfM_xdhD_predicted,0.038461538461538464,25,25,GCTCACACGCTAGGTGACTT,0,4890168
ygfM_xdhD_predicted,0.038461538461538464,25,25,GCGAACCCGACCAAAGAAAT,0,4866330
ygfM_xdhD_predicted,0.038461538461538464,25,25,GCCACGTAACGCCCACATAG,0,4874093
ygfM_xdhD_predicted,0.038461538461538464,25,25,GCACCATTGTCTTGCGCCGA,0,4880845
ygfM_xdhD_predicted,0.038461538461538464,25,25,GATTATTCAGTAAGCAGTTA,0,4876285
ygfM_xdhD_predicted,0.038461538461538464,25,25,GACGTTGGCGACTATCATCA,0,4869804
ygfM_xdhD_predicted,0.038461538461538464,25,25,CTTGTTCTTCCTTGCTATAT,0,4868967
ygfM_xdhD_predicted,0.038461538461538464,25,25,CTTAGGGGGACGCTCGGGGT,0,4881824
ygfM_xdhD_predicted,0.038461538461538464,25,25,CTCTTAGGGCATGGAGCGTA,0,4887668
ygfM_xdhD_predicted,0.038461538461538464,25,25,CTAAGACATTCTGAAATTTG,0,4891458
ygfM_xdhD_predicted,0.038461538461538464,25,25,CGGTTAGCGCCTTCAACAAG,0,4870548
ygfM_xdhD_predicted,0.038461538461538464,25,25,CGCTAGGGCTCCCACCAACT,0,4864532
ygfM_xdhD_predicted,0.038461538461538464,25,25,CGCCTTGCAGATCTTTACTG,0,4890235
ygfM_xdhD_predicted,0.038461538461538464,25,25,CGATGTGGGCTGGTTGGGAC,0,4878918
ygfM_xdhD_predicted,0.038461538461538464,25,25,CCTCCAAGCAGAGACAGATT,0,4875711
ygfM_xdhD_predicted,0.038461538461538464,25,25,CCGAAGCTAATGTTCTGCGT,0,4896305
ygfM_xdhD_predicted,0.038461538461538464,25,25,CCCGCGGACAGCGGAGATCA,0,4891866
ygfM_xdhD_predicted,0.038461538461538464,25,25,CATAGACGCCCTTAGAAGTA,0,4868123
ygfM_xdhD_predicted,0.038461538461538464,25,25,CAGAGTCACGCATGCGCTCA,0,4889689
ygfM_xdhD_predicted,0.038461538461538464,25,25,CACACGGTGTAGGATGTTCG,0,4890655
ygfM_xdhD_predicted,0.038461538461538464,25,25,ATGTGCAAGGGTGTTCCGTG,0,4895454
ygfM_xdhD_predicted,0.038461538461538464,25,25,ATGGCAAATGGGCACACTGT,0,4893641
ygfM_xdhD_predicted,0.038461538461538464,25,25,ATCACATCACAATCCAATTA,0,4882969
ygfM_xdhD_predicted,0.038461538461538464,25,25,ATAACACTGTGAGTTAGCAT,0,4877604
ygfM_xdhD_predicted,0.038461538461538464,25,25,ATAAATACGCGAATCGGCGG,0,4876925
ygfM_xdhD_predicted,0.038461538461538464,25,25,ACTGGTGCTACTCTGCATGG,0,4879129
ygfM_xdhD_predicted,0.038461538461538464,25,25,ACTCATACGATCATCAGCGC,0,4892153
ygfM_xdhD_predicted,0.038461538461538464,25,25,ACCGATTACCAAATAGGGGT,0,4864987
ygfM_xdhD_predicted,0.038461538461538464,25,25,ACAAGGACGGTTCTGTTGCT,0,4884735
ygfM_xdhD_predicted,0.038461538461538464,25,25,AATCACAGTGTTACTGTATC,0,4882244
ygfM_xdhD_predicted,0.038461538461538464,25,25,AAGTGCCCTCACTTGAGATG,0,4888584
ygfM_xdhD_predicted,0.038461538461538464,25,25,AAGTCAAGAGGGTCTGACGA,0,4879913
ygfM_xdhD_predicted,0.038461538461538464,25,25,AAGATGCAAAGTGACGCTCA,0,4897783
ygfM_xdhD_predicted,0.04,24,24,TTAGCTTATTTATCGGTAGC,0,4875686
ygfM_xdhD_predicted,0.04,24,24,TGGTGTGCCCTCGCGTAGAA,0,4880434
ygfM_xdhD_predicted,0.04,24,24,TGGAGGCCAGCTAATCCATT,0,4886218
ygfM_xdhD_predicted,0.04,24,24,TGCGACGTCGCCCTGCACGG,0,4880176
ygfM_xdhD_predicted,0.04,24,24,TGAAAATATGTGCTGCTCTG,0,4869577
ygfM_xdhD_predicted,0.04,24,24,TCCGAAGTGTTGACACCACG,0,4865363
ygfM_xdhD_predicted,0.04,24,24,TCATATCAACGATTTCATAC,0,4864454
ygfM_xdhD_predicted,0.04,24,24,TCACCACTTTATCAGTATTT,0,4893180
ygfM_xdhD_predicted,0.04,24,24,TCAACGAGTAGCATCGCGTT,0,4893652
ygfM_xdhD_predicted,0.04,24,24,TATTCGGAACACCTAGCCCC,0,4898126
ygfM_xdhD_predicted,0.04,24,24,TAAATGTATGACACATTGGA,0,4870012
ygfM_xdhD_predicted,0.04,24,24,GTGGCTATTGTGGAGCCGGC,0,4870243
ygfM_xdhD_predicted,0.04,24,24,GTCTGGGACAGGGTTTAGGA,0,4886123
ygfM_xdhD_predicted,0.04,24,24,GGGAAACGCGCTGTCGCATT,0,4867318
ygfM_xdhD_predicted,0.04,24,24,GCCCACGATGTCGAATATCT,0,4890626
ygfM_xdhD_predicted,0.04,24,24,GCAGTTCGTACGGGCGATTA,0,4881230
ygfM_xdhD_predicted,0.04,24,24,GACGGACGTAACCATTGTTA,0,4889047
ygfM_xdhD_predicted,0.04,24,24,GAAAGCAGCGCGCAGTGAGT,0,4866468
ygfM_xdhD_predicted,0.04,24,24,CGCGTGTCTGTCGAATAAAG,0,4886549
ygfM_xdhD_predicted,0.04,24,24,CGACAACCGAGGAATTCAGG,0,4890654
ygfM_xdhD_predicted,0.04,24,24,CCGGGGCTAGGAAAGCAAGA,0,4875152
ygfM_xdhD_predicted,0.04,24,24,CCGCGCTGACTTCTGTCGTA,0,4892585
ygfM_xdhD_predicted,0.04,24,24,CCGATTTGCGACGGTAGGAA,0,4884580
ygfM_xdhD_predicted,0.04,24,24,CCCTTCGATCGAGCAACACA,0,4894557
ygfM_xdhD_predicted,0.04,24,24,CCCACCGCGATACTAGACTT,0,4880719
ygfM_xdhD_predicted,0.04,24,24,CATTTTCGTGATACCGAAGA,0,4890703
ygfM_xdhD_predicted,0.04,24,24,ATTTGATTAACGCTTATGAC,0,4873496
ygfM_xdhD_predicted,0.04,24,24,ATTCGCTGCTGACCTTAGTC,0,4882902
ygfM_xdhD_predicted,0.04,24,24,ATGCCGTGGTTCCCCGCGGC,0,4887512
ygfM_xdhD_predicted,0.04,24,24,AGTATTCACATTATTTTTTC,0,4880315
ygfM_xdhD_predicted,0.04,24,24,AAGTCTGGACCTGAGGTTTT,0,4882617
ygfM_xdhD_predicted,0.04,24,24,AAGTCGGTGGAATTCCGGTC,0,4879060
ygfM_xdhD_predicted,0.041666666666666664,23,23,TTGGATGCATGGACATGGTA,0,4888922
ygfM_xdhD_predicted,0.041666666666666664,23,23,TTAATCGACGCAGGTATGAA,0,4879923
ygfM_xdhD_predicted,0.041666666666666664,23,23,TGTTCTCCATGTTTTTTCGA,0,4868665
ygfM_xdhD_predicted,0.041666666666666664,23,23,TGAGTGGGATGGACTATATA,0,4879995
ygfM_xdhD_predicted,0.041666666666666664,23,23,TGAACCTCCGCTATACGACT,0,4876504
ygfM_xdhD_predicted,0.041666666666666664,23,23,TGAACCCGATGACTCAATCC,0,4874229
ygfM_xdhD_predicted,0.041666666666666664,23,23,TCGTTGAAGCCCATGTTAAT,0,4878630
ygfM_xdhD_predicted,0.041666666666666664,23,23,TCAGATTGGGACAGCTCCGC,0,4867928
ygfM_xdhD_predicted,0.041666666666666664,23,23,TCAGACCGTCGTTGACTGAG,0,4898535
ygfM_xdhD_predicted,0.041666666666666664,23,23,TCACCACACTAAGGCATGAG,0,4875802
ygfM_xdhD_predicted,0.041666666666666664,23,23,TATACACGACATGTTATCCA,0,4870200
ygfM_xdhD_predicted,0.041666666666666664,23,23,TAGGCGCGGTGCTTATCATT,0,4864700
ygfM_xdhD_predicted,0.041666666666666664,23,23,TAGCTCTCTGATGAGATCAG,0,4874170
ygfM_xdhD_predicted,0.041666666666666664,23,23,GTTGACGGCGAACTGTAGGG,0,4864546
ygfM_xdhD_predicted,0.041666666666666664,23,23,GTGTACATCGGGGCTCGCGT,0,4870457
ygfM_xdhD_predicted,0.041666666666666664,23,23,GTGCGGGATAATGGTTCAGG,0,4865882
ygfM_xdhD_predicted,0.041666666666666664,23,23,GTGCCAACTTGAGATGTGGT,0,4896692
ygfM_xdhD_predicted,0.041666666666666664,23,23,GTAGGATGGTATCTCGTCCA,0,4868358
ygfM_xdhD_predicted,0.041666666666666664,23,23,GGTATCTTCTTTTACCAACA,0,4887016
ygfM_xdhD_predicted,0.041666666666666664,23,23,GGGCCAGGGTCCATCACTAC,0,4881436
ygfM_xdhD_predicted,0.041666666666666664,23,23,GGAGAGGGGATCCAGTTGTC,0,4866035
ygfM_xdhD_predicted,0.041666666666666664,23,23,GCTGCACAAACTCCCCGATG,0,4876904
ygfM_xdhD_predicted,0.041666666666666664,23,23,GCTGAGTCTTTTCACGTGTT,0,4885705
ygfM_xdhD_predicted,0.041666666666666664,23,23,GCGTTTGTATCGTTACCGGA,0,4898679
ygfM_xdhD_predicted,0.041666666666666664,23,23,GAAGGAGCGGCATTCATTGT,0,4874058
ygfM_xdhD_predicted,0.041666666666666664,23,23,GAAAGCAATCACCATTGTAT,0,4875457
ygfM_xdhD_predicted,0.041666666666666664,23,23,CTTTGAGTGCGCCCCTTCTT,0,4890576
ygfM_xdhD_predicted,0.041666666666666664,23,23,CTTCTGATTCTGTATCGTGT,0,4869889
ygfM_xdhD_predicted,0.041666666666666664,23,23,CTGGGTTGCTCTAATTGGCA,0,4882701
ygfM_xdhD_predicted,0.041666666666666664,23,23,CTGATCCAAAACGCTGATAT,0,4867211
ygfM_xdhD_predicted,0.041666666666666664,23,23,CTACATGGTGTTCATCATTC,0,4871559
ygfM_xdhD_predicted,0.041666666666666664,23,23,CGTACTCTCGGTAGGGGGAT,0,4880587
ygfM_xdhD_predicted,0.041666666666666664,23,23,CGGCGCGGCTCTATCCGATT,0,4883070
ygfM_xdhD_predicted,0.041666666666666664,23,23,CGGACAGGAGCAAAATTGCG,0,4867286
ygfM_xdhD_predicted,0.041666666666666664,23,23,CGATTGTACCTTGAGCTAAC,0,4883733
ygfM_xdhD_predicted,0.041666666666666664,23,23,CGAGCGCGACTCTATGGCAA,0,4892764
ygfM_xdhD_predicted,0.041666666666666664,23,23,CCTCATGGGAAAAGACATCT,0,4866154
ygfM_xdhD_predicted,0.041666666666666664,23,23,CCGTAGGGATTTAGTTTAGC,0,4889186
ygfM_xdhD_predicted,0.041666666666666664,23,23,CCGGCACGCGACATTGACGA,0,4865950
ygfM_xdhD_predicted,0.041666666666666664,23,23,CCGGAAAGTGCGCATTCACG,0,4879755
ygfM_xdhD_predicted,0.041666666666666664,23,23,CCGCAAACTTGATCCGACAT,0,4880412
ygfM_xdhD_predicted,0.041666666666666664,23,23,CCCGTCCGGTTGGCACGGTA,0,4881088
ygfM_xdhD_predicted,0.041666666666666664,23,23,CCCGGGAAGCGCAAGACACA,0,4882351
ygfM_xdhD_predicted,0.041666666666666664,23,23,CAGTTAGTATATGTGCAGAT,0,4876782
ygfM_xdhD_predicted,0.041666666666666664,23,23,CAGCTAACCTAGTTGACGGC,0,4887841
ygfM_xdhD_predicted,0.041666666666666664,23,23,CAGAGACTTTAGAGTAGACA,0,4898724
ygfM_xdhD_predicted,0.041666666666666664,23,23,CAAGTGCCCTATGGCTTGAC,0,4869763
ygfM_xdhD_predicted,0.041666666666666664,23,23,CAACATAGTTTTGCGGGCGA,0,4876586
ygfM_xdhD_predicted,0.041666666666666664,23,23,ATTTAGTCAAGCACAATAGG,0,4870062
ygfM_xdhD_predicted,0.041666666666666664,23,23,ATGTACCAATACCAAACAGA,0,4881978
ygfM_xdhD_predicted,0.041666666666666664,23,23,ATGAACATGGCGATGTTCTG,0,4869893
ygfM_xdhD_predicted,0.041666666666666664,23,23,ATGAACATCTTTTGACTATA,0,4877086
ygfM_xdhD_predicted,0.041666666666666664,23,23,AGCTCAAGTTACGACAGTCA,0,4871133
ygfM_xdhD_predicted,0.041666666666666664,23,23,AGCACGTGTAGATCGCGCCT,0,4877978
ygfM_xdhD_predicted,0.041666666666666664,23,23,AGATGCACATATGCAATCGG,0,4868717
ygfM_xdhD_predicted,0.041666666666666664,23,23,AGAGGGCGTCCGCTGAATGG,0,4880365
ygfM_xdhD_predicted,0.041666666666666664,23,23,ACTCGAGATCCCTTACAGGA,0,4872880
ygfM_xdhD_predicted,0.041666666666666664,23,23,AATTGGAATCGAGGTGGGAA,0,4866894
ygfM_xdhD_predicted,0.041666666666666664,23,23,AATCATCGGCTAATCCAGCG,0,4885450
ygfM_xdhD_predicted,0.041666666666666664,23,23,AACCTGGTTCAATGGGACGC,0,4885612
ygfM_xdhD_predicted,0.041666666666666664,23,23,AAAAAGGCAGATTGAGGCCA,0,4879601
ygfM_xdhD_predicted,0.043478260869565216,22,22,TTACTCACCTTGCGAGGTCC,0,4891759
ygfM_xdhD_predicted,0.043478260869565216,22,22,TGTTGTGCGCGCCTACATAA,0,4884473
ygfM_xdhD_predicted,0.043478260869565216,22,22,TGTAGCTTGAATGACGATAG,0,4877761
ygfM_xdhD_predicted,0.043478260869565216,22,22,TGGGATGCAGCAAAGGTTAC,0,4864278
ygfM_xdhD_predicted,0.043478260869565216,22,22,TGCAGGCGTAATGAATGTGT,0,4894935
ygfM_xdhD_predicted,0.043478260869565216,22,22,TCTCAAGATCGCCGCCCAAT,0,4882758
ygfM_xdhD_predicted,0.043478260869565216,22,22,TCCCGACATACGGCTTAATT,0,4868389
ygfM_xdhD_predicted,0.043478260869565216,22,22,TAACATCCTATGATTACTTC,0,4881682
ygfM_xdhD_predicted,0.043478260869565216,22,22,GTTATATAGGACTAGCGGAC,0,4867524
ygfM_xdhD_predicted,0.043478260869565216,22,22,GTGCTCATACACTGTACAAA,0,4872641
ygfM_xdhD_predicted,0.043478260869565216,22,22,GTGCAATGGTTCTATTGCTC,0,4873608
ygfM_xdhD_predicted,0.043478260869565216,22,22,GTGAGTTGGTCGCATTATAA,0,4895268
ygfM_xdhD_predicted,0.043478260869565216,22,22,GTCATTAATATCCCCTTTTG,0,4873347
ygfM_xdhD_predicted,0.043478260869565216,22,22,GGTTCTCCATTGGAGACCAA,0,4899668
ygfM_xdhD_predicted,0.043478260869565216,22,22,GGGCAAATCACGAGACGGGT,0,4891046
ygfM_xdhD_predicted,0.043478260869565216,22,22,GGGAACATCTCGAGCACGAT,0,4865094
ygfM_xdhD_predicted,0.043478260869565216,22,22,GGCGAGCGCTGCTTGGTTAT,0,4891168
ygfM_xdhD_predicted,0.043478260869565216,22,22,GGCCGCTGTGATCCGCCGTC,0,4881875
ygfM_xdhD_predicted,0.043478260869565216,22,22,GCTTATTTCCCCGTAAAATG,0,4894900
ygfM_xdhD_predicted,0.043478260869565216,22,22,GCGAGAGAGGGTCACATTCT,0,4867875
ygfM_xdhD_predicted,0.043478260869565216,22,22,GCCCTCTTCGTAAGCGATCA,0,4871302
ygfM_xdhD_predicted,0.043478260869565216,22,22,GCCCAAGTCAGGGTCGCTGT,0,4878445
ygfM_xdhD_predicted,0.043478260869565216,22,22,GAGGGTAATTCTTTCTAATC,0,4885350
ygfM_xdhD_predicted,0.043478260869565216,22,22,GAATCAGTGAAGGTATTGGA,0,4884703
ygfM_xdhD_predicted,0.043478260869565216,22,22,CTCTCATAGAGAGGCCCGTT,0,4867914
ygfM_xdhD_predicted,0.043478260869565216,22,22,CTAACCAGTAAAATCCCGCA,0,4864292
ygfM_xdhD_predicted,0.043478260869565216,22,22,CGTGTCAGACTCCCGATATG,0,4878003
ygfM_xdhD_predicted,0.043478260869565216,22,22,CGTGACAGCTTTACGCCTAG,0,4885045
ygfM_xdhD_predicted,0.043478260869565216,22,22,CGGTTGCTGACAAACAGGCC,0,4868267
ygfM_xdhD_predicted,0.043478260869565216,22,22,CGGCGTCGAAATCGGTTTGA,0,4893980
ygfM_xdhD_predicted,0.043478260869565216,22,22,CGGCCGCTTGCACGCATGAT,0,4888171
ygfM_xdhD_predicted,0.043478260869565216,22,22,CGGATCATTATACATCATCA,0,4869475
ygfM_xdhD_predicted,0.043478260869565216,22,22,CCACGTAGAGCGTGCCACGG,0,4884364
ygfM_xdhD_predicted,0.043478260869565216,22,22,CAGGGGTCGAGTTGTGGCTC,0,4888869
ygfM_xdhD_predicted,0.043478260869565216,22,22,CAAGCCAACTTGCCTATTTA,0,4882507
ygfM_xdhD_predicted,0.043478260869565216,22,22,ATGGCGTAATCGCGTTGGGA,0,4875479
ygfM_xdhD_predicted,0.043478260869565216,22,22,ATGCCTAGCTACTTATCCAG,0,4883126
ygfM_xdhD_predicted,0.043478260869565216,22,22,ATCAACGGGACCGGCTTTGG,0,4882843
ygfM_xdhD_predicted,0.043478260869565216,22,22,AGTATCGGGACTCGTAGAGG,0,4882951
ygfM_xdhD_predicted,0.043478260869565216,22,22,AGGTAGACCGGAATTTTAGC,0,4863820
ygfM_xdhD_predicted,0.043478260869565216,22,22,AGGGGTTAGTAAGGGCGTGT,0,4899304
ygfM_xdhD_predicted,0.043478260869565216,22,22,AGGGAGGTAAATCATCCCCG,0,4866039
ygfM_xdhD_predicted,0.043478260869565216,22,22,AGATCTACAGTTGTCGAGGG,0,4885116
ygfM_xdhD_predicted,0.043478260869565216,22,22,AGAGGCGCTAGTAAGGCCGG,0,4877061
ygfM_xdhD_predicted,0.043478260869565216,22,22,AGAGCCGGTCCACAGTATGC,0,4885239
ygfM_xdhD_predicted,0.043478260869565216,22,22,AGAGATCAAGAGACCCAGCC,0,4879801
ygfM_xdhD_predicted,0.043478260869565216,22,22,AGAGAGCGGGTTATTCTATA,0,4890743
ygfM_xdhD_predicted,0.043478260869565216,22,22,AGACTACATGCTTGGCCAAG,0,4895679
ygfM_xdhD_predicted,0.043478260869565216,22,22,ACTGTGTAATGGGAGGACAT,0,4883549
ygfM_xdhD_predicted,0.043478260869565216,22,22,ACTCGGAATCGAAACTCCTC,0,4866083
ygfM_xdhD_predicted,0.043478260869565216,22,22,ACGGCCGGCCGAATAATGTA,0,4867579
ygfM_xdhD_predicted,0.043478260869565216,22,22,ACATAAGCCAGAAGGCGAAA,0,4877430
ygfM_xdhD_predicted,0.043478260869565216,22,22,ACACTCTGCGCCACTATCCT,0,4872514
ygfM_xdhD_predicted,0.043478260869565216,22,22,AAGTCAGCTATTAGGGGACC,0,4872607
ygfM_xdhD_predicted,0.043478260869565216,22,22,AACACTACCCTACCACAAGT,0,4882146
ygfM_xdhD_predicted,0.043478260869565216,22,22,AAAACTATTAAAGGGGGTTA,0,4865584
ygfM_xdhD_predicted,0.045454545454545456,21,21,TTTTTATGACTGAAGTTCTA,0,4883811
ygfM_xdhD_predicted,0.045454545454545456,21,21,TTTGGGCCAACGACATAGTT,0,4865298
ygfM_xdhD_predicted,0.045454545454545456,21,21,TTGTGGGCTTCTTTTCTTAC,0,4886036
ygfM_xdhD_predicted,0.045454545454545456,21,21,TTGGTCTAAACGACGTGCGC,0,4882347
ygfM_xdhD_predicted,0.045454545454545456,21,21,TGTAGGTTCGGGAAAGTGGT,0,4893513
ygfM_xdhD_predicted,0.045454545454545456,21,21,TGTAGGGTTGACTTTCGAAC,0,4871357
ygfM_xdhD_predicted,0.045454545454545456,21,21,TGGTGAAATCCTATTGGTAA,0,4884284
ygfM_xdhD_predicted,0.045454545454545456,21,21,TGAACCTTGTCACGGGGCAG,0,4892381
ygfM_xdhD_predicted,0.045454545454545456,21,21,TCGGCGCGTTTCACGGCATG,0,4887239
ygfM_xdhD_predicted,0.045454545454545456,21,21,TCGAATTCCCGAGTTGCTGA,0,4869786
ygfM_xdhD_predicted,0.045454545454545456,21,21,TATGTTAAAGAACTACCTCA,0,4887349
ygfM_xdhD_predicted,0.045454545454545456,21,21,TATGAGCCGTAGGGTGAGGA,0,4870421
ygfM_xdhD_predicted,0.045454545454545456,21,21,TAAGGGATTTTGCATTCAGT,0,4883164
ygfM_xdhD_predicted,0.045454545454545456,21,21,TAAGCATCGAAACGTGTGAA,0,4868122
ygfM_xdhD_predicted,0.045454545454545456,21,21,TAAGAATGCGTCCTATGGTA,0,4871979
ygfM_xdhD_predicted,0.045454545454545456,21,21,GTTTCGTGGAATGTTAATAG,0,4883515
ygfM_xdhD_predicted,0.045454545454545456,21,21,GTGGGCCGTGCATTTCAATT,0,4876587
ygfM_xdhD_predicted,0.045454545454545456,21,21,GGTGGGTTCGCTTAACCGGA,0,4881690
ygfM_xdhD_predicted,0.045454545454545456,21,21,GGGTCACGTATATACGAAAT,0,4878624
ygfM_xdhD_predicted,0.045454545454545456,21,21,GGGCGGCGGTAAAGGCTAGA,0,4866045
ygfM_xdhD_predicted,0.045454545454545456,21,21,GGGCAGATGAACATATGAGT,0,4863936
ygfM_xdhD_predicted,0.045454545454545456,21,21,GGATCGCGGAAGAAAATCTG,0,4876522
ygfM_xdhD_predicted,0.045454545454545456,21,21,GGAGTTTTATTTCAGGGTAG,0,4869019
ygfM_xdhD_predicted,0.045454545454545456,21,21,GCGTATTTCTCCCGATTTCA,0,4876240
ygfM_xdhD_predicted,0.045454545454545456,21,21,GCCATCCGTCTGCCACGCTA,0,4880111
ygfM_xdhD_predicted,0.045454545454545456,21,21,GCCACCCTTTGAGGTCACCG,0,4885448
ygfM_xdhD_predicted,0.045454545454545456,21,21,GCACACCTGTTACAATGCGA,0,4881688
ygfM_xdhD_predicted,0.045454545454545456,21,21,GCAATTGTAAGGGGAAACTA,0,4868974
ygfM_xdhD_predicted,0.045454545454545456,21,21,GATTTAACCACTTCTCGGGT,0,4882400
ygfM_xdhD_predicted,0.045454545454545456,21,21,GATGATGGTCGTGCGAGGAA,0,4872450
ygfM_xdhD_predicted,0.045454545454545456,21,21,GATCGTCAATATCCAGATGA,0,4869183
ygfM_xdhD_predicted,0.045454545454545456,21,21,GATATTCTTGTAATACACAT,0,4892379
ygfM_xdhD_predicted,0.045454545454545456,21,21,GAGTCCTTTTTGGAGGTAGT,0,4891971
ygfM_xdhD_predicted,0.045454545454545456,21,21,GAGATTAGGACGTTACGTGA,0,4890359
ygfM_xdhD_predicted,0.045454545454545456,21,21,GACTTTAAAAACCTTTCGGC,0,4896282
ygfM_xdhD_predicted,0.045454545454545456,21,21,GAATTCTGCTATCGTGCGAG,0,4865432
ygfM_xdhD_predicted,0.045454545454545456,21,21,GAATCGATTGCCTATCCTAC,0,4899580
ygfM_xdhD_predicted,0.045454545454545456,21,21,GAATCATGGGTCATGGCGAA,0,4880759
ygfM_xdhD_predicted,0.045454545454545456,21,21,CTTAGCCTTTATGAACACCT,0,4897469
ygfM_xdhD_predicted,0.045454545454545456,21,21,CGTTATTATCTATTAGTTAA,0,4865009
ygfM_xdhD_predicted,0.045454545454545456,21,21,CGGTCGGAGTGCCAGTCTAC,0,4881572
ygfM_xdhD_predicted,0.045454545454545456,21,21,CGGCAAAGCGGCGTGGCGGG,0,4874257
ygfM_xdhD_predicted,0.045454545454545456,21,21,CGGAGTCACGGGGATTAACC,0,4863956
ygfM_xdhD_predicted,0.045454545454545456,21,21,CGAAATTAAGTTTGTAGTTT,0,4884769
ygfM_xdhD_predicted,0.045454545454545456,21,21,CCTTATAGCCTGCGTACGAG,0,4867202
ygfM_xdhD_predicted,0.045454545454545456,21,21,CCCTGCGCCTAATGGCGGTG,0,4874200
ygfM_xdhD_predicted,0.045454545454545456,21,21,CCCAATCAGGGGTACACTAA,0,4886651
ygfM_xdhD_predicted,0.045454545454545456,21,21,CCAGAACGGTCTGGCGTAAA,0,4883161
ygfM_xdhD_predicted,0.045454545454545456,21,21,CAGATTTCACCAGTAAAAAT,0,4885167
ygfM_xdhD_predicted,0.045454545454545456,21,21,CACGGGGAAAGTCTTTGACT,0,4865465
ygfM_xdhD_predicted,0.045454545454545456,21,21,CACGGATGTGCTCGGGCTGG,0,4885118
ygfM_xdhD_predicted,0.045454545454545456,21,21,CACGAGTCGGCCGTCTATCT,0,4870504
ygfM_xdhD_predicted,0.045454545454545456,21,21,CAAACGGTGGACATATTCGA,0,4894359
ygfM_xdhD_predicted,0.045454545454545456,21,21,ATGGGATCACAGTAGATTCT,0,4879639
ygfM_xdhD_predicted,0.045454545454545456,21,21,ATCATAAGCGACTATCCAGA,0,4897610
ygfM_xdhD_predicted,0.045454545454545456,21,21,AGTTAGCTTACCTGCTGCAA,0,4895392
ygfM_xdhD_predicted,0.045454545454545456,21,21,AGTCTGGGGATTGTGGCCCG,0,4871165
ygfM_xdhD_predicted,0.045454545454545456,21,21,AGTCTAGGAAAAAGCTTGGA,0,4892639
ygfM_xdhD_predicted,0.045454545454545456,21,21,AGTCATTGTTATCAGGTAGG,0,4876547
ygfM_xdhD_predicted,0.045454545454545456,21,21,AGTCAGGCGGGGTCCAGGAT,0,4889644
ygfM_xdhD_predicted,0.045454545454545456,21,21,AGTCAGATAAGCATCAAGTC,0,4885737
ygfM_xdhD_predicted,0.045454545454545456,21,21,ACGTGTGCAGGTTTTTCAGG,0,4890313
ygfM_xdhD_predicted,0.045454545454545456,21,21,ACCGGATCCGGGGGTAATTT,0,4894212
ygfM_xdhD_predicted,0.045454545454545456,21,21,ACAATTGGGAAATGGGTTAC,0,4884027
ygfM_xdhD_predicted,0.045454545454545456,21,21,AAGCGTCCGGCTTCAGAATG,0,4895131
ygfM_xdhD_predicted,0.045454545454545456,21,21,AAACTACCGTTCCGCGATTC,0,4894693
ygfM_xdhD_predicted,0.045454545454545456,21,21,AAACAGGGATGCAATTCGTG,0,4875023
ygfM_xdhD_predicted,0.047619047619047616,20,20,TTTTTCAACCCGGTTGTAGC,0,4873477
ygfM_xdhD_predicted,0.047619047619047616,20,20,TTTCGACAGCAGTTTTTATG,0,4869436
ygfM_xdhD_predicted,0.047619047619047616,20,20,TTGTTAGACTAAGTCAGTAG,0,4879241
ygfM_xdhD_predicted,0.047619047619047616,20,20,TTATCGTAATGAGGGCGGTG,0,4877201
ygfM_xdhD_predicted,0.047619047619047616,20,20,TGTGTTGAGAAATTTGAAAG,0,4893226
ygfM_xdhD_predicted,0.047619047619047616,20,20,TGTGACTGCTAGTTTAGCGT,0,4876339
ygfM_xdhD_predicted,0.047619047619047616,20,20,TGTCTCGACTCAACCCGCCG,0,4872153
ygfM_xdhD_predicted,0.047619047619047616,20,20,TGGTCGCCTCCCAGTCAATG,0,4892708
ygfM_xdhD_predicted,0.047619047619047616,20,20,TGGCAATAGAAGTGAATATG,0,4891887
ygfM_xdhD_predicted,0.047619047619047616,20,20,TGGACAGGTCTATCCGTCAA,0,4877346
ygfM_xdhD_predicted,0.047619047619047616,20,20,TCGCCTAACCTAGGATCCGA,0,4885194
ygfM_xdhD_predicted,0.047619047619047616,20,20,TCCTTTGAGCAACAGCAAGT,0,4896892
ygfM_xdhD_predicted,0.047619047619047616,20,20,TCCGTACCAGATCCGAGTGG,0,4868067
ygfM_xdhD_predicted,0.047619047619047616,20,20,TCCGACTGGTTTACAGGGAC,0,4897484
ygfM_xdhD_predicted,0.047619047619047616,20,20,TCCAACGAATCGCCAAGTAA,0,4892686
ygfM_xdhD_predicted,0.047619047619047616,20,20,TCATCGGGGATCTTTCCGGG,0,4864015
ygfM_xdhD_predicted,0.047619047619047616,20,20,TCAACTTTCCACACCGAGAA,0,4887164
ygfM_xdhD_predicted,0.047619047619047616,20,20,TAGGTAGTATCTGAGGTCCT,0,4892923
ygfM_xdhD_predicted,0.047619047619047616,20,20,TAGACCAATCCGCTGATTAG,0,4869434
ygfM_xdhD_predicted,0.047619047619047616,20,20,TAAGGGGACTCACTTCCGAA,0,4890926
ygfM_xdhD_predicted,0.047619047619047616,20,20,GTGTCATCAGAAGGAAGCCA,0,4891771
ygfM_xdhD_predicted,0.047619047619047616,20,20,GTCATTGGAAGTCGGAAGCT,0,4888802
ygfM_xdhD_predicted,0.047619047619047616,20,20,GTATGTAAGTCCTCTATCGT,0,4898234
ygfM_xdhD_predicted,0.047619047619047616,20,20,GTAATACGTCATACCTTTTG,0,4882997
ygfM_xdhD_predicted,0.047619047619047616,20,20,GGTTGCGAGATTGAATGAAT,0,4884422
ygfM_xdhD_predicted,0.047619047619047616,20,20,GGTTATAAGGAGCCATATAG,0,4880319
ygfM_xdhD_predicted,0.047619047619047616,20,20,GGGTTGCGAGCCGACGATAT,0,4878389
ygfM_xdhD_predicted,0.047619047619047616,20,20,GGCGCAATACCAGGTATATA,0,4897509
ygfM_xdhD_predicted,0.047619047619047616,20,20,GGCCGGTTCGACGAGGATCC,0,4869684
ygfM_xdhD_predicted,0.047619047619047616,20,20,GGATCTAGTGTCACTGCGAC,0,4889230
ygfM_xdhD_predicted,0.047619047619047616,20,20,GGAATTGGCATGATATAGTG,0,4889547
ygfM_xdhD_predicted,0.047619047619047616,20,20,GGAAGTTTGGAGGACGGGTT,0,4897050
ygfM_xdhD_predicted,0.047619047619047616,20,20,GCTCTTCTTGTGTGCCGGGT,0,4874758
ygfM_xdhD_predicted,0.047619047619047616,20,20,GCTCGAGTGCACTGGCACAT,0,4873951
ygfM_xdhD_predicted,0.047619047619047616,20,20,GCGGTGAAATTCCATCACAC,0,4877056
ygfM_xdhD_predicted,0.047619047619047616,20,20,GCCCACACATCCGACGTACT,0,4897839
ygfM_xdhD_predicted,0.047619047619047616,20,20,GCATAGTTGGGAAGTGTGAA,0,4869416
ygfM_xdhD_predicted,0.047619047619047616,20,20,GAGCGGCGTGTACGACTGGC,0,4878590
ygfM_xdhD_predicted,0.047619047619047616,20,20,GAGATCACTTGGGAATACTA,0,4871298
ygfM_xdhD_predicted,0.047619047619047616,20,20,GACCCGACTCGAAGCCTACA,0,4867307
ygfM_xdhD_predicted,0.047619047619047616,20,20,GACAATCCCATTTCGTTCTA,0,4875302
ygfM_xdhD_predicted,0.047619047619047616,20,20,CTTTACGCCACTTCACATAC,0,4869996
ygfM_xdhD_predicted,0.047619047619047616,20,20,CTTGGGGACGTGGTATGGAG,0,4893201
ygfM_xdhD_predicted,0.047619047619047616,20,20,CTTCGTACGATCTAGTTACT,0,4886671
ygfM_xdhD_predicted,0.047619047619047616,20,20,CTTCAAATGTTGACCTGACG,0,4874091
ygfM_xdhD_predicted,0.047619047619047616,20,20,CTGTCGGTATAAATACAATG,0,4871954
ygfM_xdhD_predicted,0.047619047619047616,20,20,CTGTCCTTAATGAGGACGTG,0,4884845
ygfM_xdhD_predicted,0.047619047619047616,20,20,CTAGGACCTCACCGGACCAA,0,4883586
ygfM_xdhD_predicted,0.047619047619047616,20,20,CTAGATATGAGGGGGGCGGT,0,4874657
ygfM_xdhD_predicted,0.047619047619047616,20,20,CGTTTGCTGAGCCGTGCCAG,0,4897452
ygfM_xdhD_predicted,0.047619047619047616,20,20,CGTCCTTGCATGGGCGTAAG,0,4896886
ygfM_xdhD_predicted,0.047619047619047616,20,20,CGAGGAAGCGCTTCAACTAC,0,4865044
ygfM_xdhD_predicted,0.047619047619047616,20,20,CGAATCCCCCATGGGAATGA,0,4892092
ygfM_xdhD_predicted,0.047619047619047616,20,20,CGAATACTTGACTTCTCCGA,0,4889460
ygfM_xdhD_predicted,0.047619047619047616,20,20,CCTTTTCGTCTTGCATGGTC,0,4877345
ygfM_xdhD_predicted,0.047619047619047616,20,20,CCGGCGAGGCAATTACCTAA,0,4885014
ygfM_xdhD_predicted,0.047619047619047616,20,20,CCGCCATGTATGGAACTCGG,0,4886737
ygfM_xdhD_predicted,0.047619047619047616,20,20,CCGCACCTTATGCCGACTGA,0,4869468
ygfM_xdhD_predicted,0.047619047619047616,20,20,CCCGCTGATGATCTAATTAT,0,4897174
ygfM_xdhD_predicted,0.047619047619047616,20,20,CCCCAGGGGCCAGTATACGT,0,4864662
ygfM_xdhD_predicted,0.047619047619047616,20,20,CCAGACTTTCGGAGGGGATC,0,4880920
ygfM_xdhD_predicted,0.047619047619047616,20,20,CACGTATTCGAGGCTCTCTC,0,4869572
ygfM_xdhD_predicted,0.047619047619047616,20,20,CACGAACTAAACTGCTAGAC,0,4896676
ygfM_xdhD_predicted,0.047619047619047616,20,20,CACCCGAAATGAGCTTATAG,0,4877494
ygfM_xdhD_predicted,0.047619047619047616,20,20,CAATGTCCTTGAGCATTTCC,0,4894231
ygfM_xdhD_predicted,0.047619047619047616,20,20,ATTCTTGTAGCGCATCTACG,0,4894819
ygfM_xdhD_predicted,0.047619047619047616,20,20,ATGGTTTAGTCAATATCGAA,0,4889052
ygfM_xdhD_predicted,0.047619047619047616,20,20,ATGGCAGAGGACCGACCCAA,0,4896804
ygfM_xdhD_predicted,0.047619047619047616,20,20,ATGAGCATAGTTCCGAGCGA,0,4882837
ygfM_xdhD_predicted,0.047619047619047616,20,20,ATCAATCACATTTCCGGTAT,0,4889062
ygfM_xdhD_predicted,0.047619047619047616,20,20,ATACGTTAACACCAGAACTC,0,4896067
ygfM_xdhD_predicted,0.047619047619047616,20,20,ATAAAGGGGAATCCAAATCC,0,4880071
ygfM_xdhD_predicted,0.047619047619047616,20,20,AGTGTCTTGAAAATATTATA,0,4865121
ygfM_xdhD_predicted,0.047619047619047616,20,20,AGGCCTTCCGGAGATAGGCT,0,4880734
ygfM_xdhD_predicted,0.047619047619047616,20,20,AGGCAGCTATGTTATAGTGA,0,4884460
ygfM_xdhD_predicted,0.047619047619047616,20,20,AGCTGCATTTTTTTCGTCTC,0,4870002
ygfM_xdhD_predicted,0.047619047619047616,20,20,AGCTCTAGGTACCAGGCGAT,0,4885747
ygfM_xdhD_predicted,0.047619047619047616,20,20,AGCATGAGTGGGAGACGGTT,0,4868963
ygfM_xdhD_predicted,0.047619047619047616,20,20,AGACTCCTGGAGCGAGAGTC,0,4893515
ygfM_xdhD_predicted,0.047619047619047616,20,20,ACGGAGGCAACTATTGCTCT,0,4870016
ygfM_xdhD_predicted,0.047619047619047616,20,20,ACGCGAACTCGGCGAGACAG,0,4873086
ygfM_xdhD_predicted,0.047619047619047616,20,20,ACCTCAAGGTTCTAAGCTTG,0,4883487
ygfM_xdhD_predicted,0.047619047619047616,20,20,ACCACACATGTCGATGAAAA,0,4892253
ygfM_xdhD_predicted,0.047619047619047616,20,20,AAGGTGGGTGATGCAAGAAG,0,4877914
ygfM_xdhD_predicted,0.047619047619047616,20,20,AAGGGGAACGGGGAATATTA,0,4869160
ygfM_xdhD_predicted,0.047619047619047616,20,20,AAGCAACGTCCGAGGCGCGT,0,4866554
ygfM_xdhD_predicted,0.047619047619047616,20,20,AACGTCAGTTCTCTGCGCAA,0,4896953
ygfM_xdhD_predicted,0.047619047619047616,20,20,AACCGCGGTGACACTGCGTC,0,4893377
ygfM_xdhD_predicted,0.047619047619047616,20,20,AACCATACAACGGCATCCGC,0,4878661
ygfM_xdhD_predicted,0.05,19,19,TTGGTAAATGTTTCGATTCC,0,4897967
ygfM_xdhD_predicted,0.05,19,19,TTGCTTCAAATTGCCGCTCA,0,4878840
ygfM_xdhD_predicted,0.05,19,19,TTAGGTATGGACGGTTGCAG,0,4870460
ygfM_xdhD_predicted,0.05,19,19,TTAGAATACAAGAGATTCAC,0,4877642
ygfM_xdhD_predicted,0.05,19,19,TTACCCCTTACCTTTGAACT,0,4898247
ygfM_xdhD_predicted,0.05,19,19,TTAATTTGAGGCAGGCTGGC,0,4868110
ygfM_xdhD_predicted,0.05,19,19,TGTATCTTGCAAAAAGCGTT,0,4874574
ygfM_xdhD_predicted,0.05,19,19,TGGTTTACGCCTCATTTAGA,0,4869499
ygfM_xdhD_predicted,0.05,19,19,TGGTCGCTAGGTAATTGACG,0,4876805
ygfM_xdhD_predicted,0.05,19,19,TGCGTGCTGAAGGGGCAACG,0,4868352
ygfM_xdhD_predicted,0.05,19,19,TGAGCGGGTCATGATTGGGG,0,4882894
ygfM_xdhD_predicted,0.05,19,19,TGAAGCCGTGCTAAATTCGA,0,4890240
ygfM_xdhD_predicted,0.05,19,19,TGAACGCTACGCAACAAAAC,0,4863915
ygfM_xdhD_predicted,0.05,19,19,TCTAGGTCTTCGGAGAAGGT,0,4886094
ygfM_xdhD_predicted,0.05,19,19,TCTAGGACATAGTATAGGTA,0,4879400
ygfM_xdhD_predicted,0.05,19,19,TCCGGGGGCATTAGCCCGGC,0,4875176
ygfM_xdhD_predicted,0.05,19,19,TCAGAAAGGTCGTAGTTGCT,0,4887222
ygfM_xdhD_predicted,0.05,19,19,TCAAGTCCTCGTTAGCATAA,0,4899595
ygfM_xdhD_predicted,0.05,19,19,TAGAAAGCATATAGCCTGGA,0,4885052
ygfM_xdhD_predicted,0.05,19,19,TACTAAATTAATGGGCATTC,0,4871571
ygfM_xdhD_predicted,0.05,19,19,TACGGAGATCTGCGTGGATG,0,4874847
ygfM_xdhD_predicted,0.05,19,19,TACGCAGGTGCAACTGGATA,0,4884894
ygfM_xdhD_predicted,0.05,19,19,TAAGGCAATCTGAAACGACC,0,4866677
ygfM_xdhD_predicted,0.05,19,19,TAAAATGGATGAAAGGTTGC,0,4872009
ygfM_xdhD_predicted,0.05,19,19,GTTCTATGTAAGGCGTTATG,0,4899428
ygfM_xdhD_predicted,0.05,19,19,GTTCAGAGCAGGAGTAAAGG,0,4871621
ygfM_xdhD_predicted,0.05,19,19,GTCTTGGGCATCGTTGCTGT,0,4889092
ygfM_xdhD_predicted,0.05,19,19,GTATGGGAACGAACAGCCAA,0,4876340
ygfM_xdhD_predicted,0.05,19,19,GTATAACTTGCTCGCCTTCA,0,4880394
ygfM_xdhD_predicted,0.05,19,19,GTAACGGAGAGGGCCCACGC,0,4864420
ygfM_xdhD_predicted,0.05,19,19,GGTGGTGCGGCCCTACACAC,0,4884261
ygfM_xdhD_predicted,0.05,19,19,GGTGCAAAAGGCAAACAAAG,0,4893688
ygfM_xdhD_predicted,0.05,19,19,GGTCCAGGTGTGTTTCACCT,0,4891049
ygfM_xdhD_predicted,0.05,19,19,GGGTACCGGAGTGAGTATCC,0,4864363
ygfM_xdhD_predicted,0.05,19,19,GGGCTAGAGTGCGCCCCCGT,0,4889466
ygfM_xdhD_predicted,0.05,19,19,GGCCACAGATAATTGCTGCA,0,4892977
ygfM_xdhD_predicted,0.05,19,19,GGCAATAGCATGCAACTGTT,0,4897082
ygfM_xdhD_predicted,0.05,19,19,GGCAACAGCTTTGATTTCCC,0,4868355
ygfM_xdhD_predicted,0.05,19,19,GGATAGTCTGCGGGGTGAAT,0,4874708
ygfM_xdhD_predicted,0.05,19,19,GGACCGAGGCAGTGGCCCTG,0,4894957
ygfM_xdhD_predicted,0.05,19,19,GCGTCGCACTCCAAGATATA,0,4894820
ygfM_xdhD_predicted,0.05,19,19,GCCCGTTTGGGCCACACCCC,0,4881231
ygfM_xdhD_predicted,0.05,19,19,GCACTTAGGGCTAATCAACG,0,4865617
ygfM_xdhD_predicted,0.05,19,19,GCAAAGACCCTCCGCAAGTC,0,4883011
ygfM_xdhD_predicted,0.05,19,19,GATCTGCAGCGATGAATTTA,0,4872790
ygfM_xdhD_predicted,0.05,19,19,GATAATGCGCCATATGTGAT,0,4873562
ygfM_xdhD_predicted,0.05,19,19,GAGGGGCAGTATATTTCGTT,0,4877312
ygfM_xdhD_predicted,0.05,19,19,GAGGAGAATCATGCAGCGGA,0,4864376
ygfM_xdhD_predicted,0.05,19,19,GACCATCACGATCCAGGTCC,0,4896549
ygfM_xdhD_predicted,0.05,19,19,GACAGATGCAGGACCCGGCT,0,4888889
ygfM_xdhD_predicted,0.05,19,19,GAACCAGCGATTTAAAAATC,0,4878847
ygfM_xdhD_predicted,0.05,19,19,CTTGGATGAGGCATTCATGT,0,4865788
ygfM_xdhD_predicted,0.05,19,19,CTTCTTGTCGTAACGTTTTA,0,4872813
ygfM_xdhD_predicted,0.05,19,19,CTGTAGAGGGCTCCAAGGTC,0,4874856
ygfM_xdhD_predicted,0.05,19,19,CTGGCTGTAGAGGGAAGGAC,0,4886372
ygfM_xdhD_predicted,0.05,19,19,CTGCCAGGTCCAATATGTCT,0,4874467
ygfM_xdhD_predicted,0.05,19,19,CTGAGCATTATCCATGAAAC,0,4871751
ygfM_xdhD_predicted,0.05,19,19,CTCTCGCGGGGCCATAAATT,0,4886744
ygfM_xdhD_predicted,0.05,19,19,CTCTCACTGTTTGCTTCACT,0,4871626
ygfM_xdhD_predicted,0.05,19,19,CTCAGATAAAAATACCGTGC,0,4898331
ygfM_xdhD_predicted,0.05,19,19,CTCAGAATCTCATACGGGCT,0,4893112
ygfM_xdhD_predicted,0.05,19,19,CTACTCACGCTATGTGGGAG,0,4879204
ygfM_xdhD_predicted,0.05,19,19,CGGAATGGAAAATCAAGGGT,0,4879287
ygfM_xdhD_predicted,0.05,19,19,CGGAAGCTCTGTGCCGCAGC,0,4869345
ygfM_xdhD_predicted,0.05,19,19,CGCGCGCGTCGGACTAACTT,0,4877903
ygfM_xdhD_predicted,0.05,19,19,CGATTTCTATTGTATTTGCG,0,4899433
ygfM_xdhD_predicted,0.05,19,19,CGATGTAAGCGGTATCTGCA,0,4885092
ygfM_xdhD_predicted,0.05,19,19,CGATAAACAGGTTTGTCTAG,0,4874162
ygfM_xdhD_predicted,0.05,19,19,CGAGGCCAAATACAATAACG,0,4864089
ygfM_xdhD_predicted,0.05,19,19,CCTGTGGAAACATAGGTTGG,0,4872038
ygfM_xdhD_predicted,0.05,19,19,CCTATGCTGGCGGGGGCCTT,0,4890487
ygfM_xdhD_predicted,0.05,19,19,CCGCACGATTTCATTTTTCT,0,4864271
ygfM_xdhD_predicted,0.05,19,19,CCCGTCAGTAAGTCAGGAGG,0,4881906
ygfM_xdhD_predicted,0.05,19,19,CCACACAGTGTAGACGCAGC,0,4884266
ygfM_xdhD_predicted,0.05,19,19,CAGTATGGGGCGCCTTTGTT,0,4871836
ygfM_xdhD_predicted,0.05,19,19,CAGCAGCAACTGCATAGGTA,0,4865799
ygfM_xdhD_predicted,0.05,19,19,CAGAGAGTCATCTCGTCAAG,0,4890852
ygfM_xdhD_predicted,0.05,19,19,CACGCAACTTCCCCGCTCTG,0,4873485
ygfM_xdhD_predicted,0.05,19,19,CACAGGAGGAATACTCTGCA,0,4866907
ygfM_xdhD_predicted,0.05,19,19,CACAAGACTAGGTTGGGACA,0,4891806
ygfM_xdhD_predicted,0.05,19,19,CAACCTTGAATAGGTGCTTT,0,4883357
ygfM_xdhD_predicted,0.05,19,19,ATTGGGTTTCATATCTGTTA,0,4887770
ygfM_xdhD_predicted,0.05,19,19,ATGTTTACACAAACCGACAT,0,4883375
ygfM_xdhD_predicted,0.05,19,19,ATGATCAGATGATCAAGAGA,0,4888352
ygfM_xdhD_predicted,0.05,19,19,ATCAATAGTCTTAGGGACAC,0,4877602
ygfM_xdhD_predicted,0.05,19,19,ATATGTTGACCAACTCAATT,0,4896887
ygfM_xdhD_predicted,0.05,19,19,ATACCTTGGTCGCAAAACCC,0,4873558
ygfM_xdhD_predicted,0.05,19,19,AGTAGCAGCAACAGACGAGA,0,4885668
ygfM_xdhD_predicted,0.05,19,19,AGTAAACACTCCACTTGGTT,0,4891223
ygfM_xdhD_predicted,0.05,19,19,AGGACGGTGCGTCTCAGACT,0,4892203
ygfM_xdhD_predicted,0.05,19,19,AGCACTGACCCGGCTACTGC,0,4874740
ygfM_xdhD_predicted,0.05,19,19,AGACGTGGAAAGTTCCACGG,0,4870698
ygfM_xdhD_predicted,0.05,19,19,ACCGTATTAGGGCCATGCGA,0,4883555
ygfM_xdhD_predicted,0.05,19,19,ACCATCGTGGTCTATTGAGT,0,4893058
ygfM_xdhD_predicted,0.05,19,19,ACCACGCCTCGTGTCAATTT,0,4896548
ygfM_xdhD_predicted,0.05,19,19,ACATACGGGAAAGTCCGTCA,0,4864092
ygfM_xdhD_predicted,0.05,19,19,ACAGGACGAGGAGACTAGAC,0,4870815
ygfM_xdhD_predicted,0.05,19,19,AATTGCTCGAATACTTATTT,0,4894343
ygfM_xdhD_predicted,0.05,19,19,AATTGCTAATATTTCGTATT,0,4895983
ygfM_xdhD_predicted,0.05,19,19,AATGGTCAGTTTATTCGATA,0,4869151
ygfM_xdhD_predicted,0.05,19,19,AATGAGGCGCGGATTTCGCT,0,4884899
ygfM_xdhD_predicted,0.05,19,19,AATACGCGTCACGGGCGGGA,0,4889825
ygfM_xdhD_predicted,0.05,19,19,AAGGGGGTCAACCTGTAAAA,0,4866786
ygfM_xdhD_predicted,0.05,19,19,AAGCTCAGAAATGTTTGTTA,0,4895064
ygfM_xdhD_predicted,0.05,19,19,AAGATCCTTTTGCTTGGGAT,0,4896684
ygfM_xdhD_predicted,0.05,19,19,AACTGCGGCGCGTGTCACGG,0,4876772
ygfM_xdhD_predicted,0.05,19,19,AAAGCTGAACAATCTCAGGA,0,4889680
ygfM_xdhD_predicted,0.05,19,19,AAACTCACATTCATTGCGGT,0,4878541
ygfM_xdhD_predicted,0.05,19,19,AAAAGTCCCGCTAATCGGAA,0,4883098
ygfM_xdhD_predicted,0.05263157894736842,18,18,TTGGTCTCCATCAACCGGAC,0,4875981
ygfM_xdhD_predicted,0.05263157894736842,18,18,TTGATCGAAGCCGGGCATAC,0,4872155
ygfM_xdhD_predicted,0.05263157894736842,18,18,TTGAGGCCTTGGCCCTACCC,0,4895437
ygfM_xdhD_predicted,0.05263157894736842,18,18,TTCTGAATGAGCGCGCGCTC,0,4866938
ygfM_xdhD_predicted,0.05263157894736842,18,18,TTCCAGGTAGCCTTTTCCAT,0,4873325
ygfM_xdhD_predicted,0.05263157894736842,18,18,TTATTCCGCAACTCCGTTTT,0,4878390
ygfM_xdhD_predicted,0.05263157894736842,18,18,TTATGAGCGGACGCCTCCCG,0,4886220
ygfM_xdhD_predicted,0.05263157894736842,18,18,TTACCCGCGGTACGGGGTCT,0,4865464
ygfM_xdhD_predicted,0.05263157894736842,18,18,TGTTGGGCGTGCTTTTGCTT,0,4887434
ygfM_xdhD_predicted,0.05263157894736842,18,18,TGTCCACCTAGAGTATCCAT,0,4867212
ygfM_xdhD_predicted,0.05263157894736842,18,18,TGTATACGCTGCTATATTGC,0,4886592
ygfM_xdhD_predicted,0.05263157894736842,18,18,TGGTGCTTGGGGTGAAGCTT,0,4865949
ygfM_xdhD_predicted,0.05263157894736842,18,18,TGCCGCTTAAATGCCTAAAT,0,4894243
ygfM_xdhD_predicted,0.05263157894736842,18,18,TCGCCCTTTCATTTCTTGTA,0,4874175
ygfM_xdhD_predicted,0.05263157894736842,18,18,TCCTCCACTACATAGACTCT,0,4869500
ygfM_xdhD_predicted,0.05263157894736842,18,18,TATGGTCACGTTGGAAACGT,0,4885544
ygfM_xdhD_predicted,0.05263157894736842,18,18,TAGGGGACGAAACAGAGTTG,0,4871805
ygfM_xdhD_predicted,0.05263157894736842,18,18,TAGCCCATGCACGACTAAGT,0,4873962
ygfM_xdhD_predicted,0.05263157894736842,18,18,TACTATCAGTGTACACAGGC,0,4866160
ygfM_xdhD_predicted,0.05263157894736842,18,18,TAAAGACACATGACCACAAC,0,4893126
ygfM_xdhD_predicted,0.05263157894736842,18,18,GTTTGGGCCAGGCCGGTATG,0,4872560
ygfM_xdhD_predicted,0.05263157894736842,18,18,GTTTGACCACAATGTGTTCA,0,4888708
ygfM_xdhD_predicted,0.05263157894736842,18,18,GTTGTTGTTGACTTGTTATG,0,4864004
ygfM_xdhD_predicted,0.05263157894736842,18,18,GTGATTGGGAATACCATCCG,0,4874742
ygfM_xdhD_predicted,0.05263157894736842,18,18,GTCATAAGGTGGCGTCAACA,0,4865128
ygfM_xdhD_predicted,0.05263157894736842,18,18,GTCACTGCGTGGTGCATAGA,0,4883672
ygfM_xdhD_predicted,0.05263157894736842,18,18,GTAGGCCTAGTTGTTAATAT,0,4892762
ygfM_xdhD_predicted,0.05263157894736842,18,18,GGTCTACCACTATGGCAGAT,0,4898710
ygfM_xdhD_predicted,0.05263157894736842,18,18,GGTATCGCAGGCCATATGTC,0,4869725
ygfM_xdhD_predicted,0.05263157894736842,18,18,GGTAGTTTATAGCATTTGGA,0,4872266
ygfM_xdhD_predicted,0.05263157894736842,18,18,GGGGGCACGTTCCCAGACGG,0,4887637
ygfM_xdhD_predicted,0.05263157894736842,18,18,GGGGAAATCACAAGGAGAGA,0,4873636
ygfM_xdhD_predicted,0.05263157894736842,18,18,GGGAGCCCATCAGGTATAGT,0,4889807
ygfM_xdhD_predicted,0.05263157894736842,18,18,GGCGTGCGGCCCTCTATGAG,0,4876868
ygfM_xdhD_predicted,0.05263157894736842,18,18,GGCCTTACATCGTCGAGGAG,0,4874345
ygfM_xdhD_predicted,0.05263157894736842,18,18,GGCAAGCGGAGACCCACTGC,0,4884320
ygfM_xdhD_predicted,0.05263157894736842,18,18,GGATGTACTAGGCCAAGGTT,0,4886182
ygfM_xdhD_predicted,0.05263157894736842,18,18,GGAGGCGTCATCGAACAGAC,0,4879588
ygfM_xdhD_predicted,0.05263157894736842,18,18,GGACGCCCGCGGGTTCCCAA,0,4880911
ygfM_xdhD_predicted,0.05263157894736842,18,18,GGAAAGTTTCTAAGGTGGCG,0,4882824
ygfM_xdhD_predicted,0.05263157894736842,18,18,GCTTTGCCTGAGACGAAGTA,0,4896445
ygfM_xdhD_predicted,0.05263157894736842,18,18,GCTGATGGGACAGACTTTCT,0,4874118
ygfM_xdhD_predicted,0.05263157894736842,18,18,GCGTATAGCGACCTAGTGAC,0,4868892
ygfM_xdhD_predicted,0.05263157894736842,18,18,GCGGAAGCTCTTCTGATATC,0,4885617
ygfM_xdhD_predicted,0.05263157894736842,18,18,GCGACCCTTAATCTGTACCA,0,4865714
ygfM_xdhD_predicted,0.05263157894736842,18,18,GCCTAAGGACCTATTCGACT,0,4873424
ygfM_xdhD_predicted,0.05263157894736842,18,18,GCCGGTTTTCCCATAAAGCA,0,4891912
ygfM_xdhD_predicted,0.05263157894736842,18,18,GCCGATCATCTGAAGGCGAA,0,4871776
ygfM_xdhD_predicted,0.05263157894736842,18,18,GCCAAGCCTTCGTCCCGGGT,0,4868920
ygfM_xdhD_predicted,0.05263157894736842,18,18,GATGTTTCCAATCGTCCCGT,0,4871407
ygfM_xdhD_predicted,0.05263157894736842,18,18,GATGCCAGCTCCCTAGTCTC,0,4889861
ygfM_xdhD_predicted,0.05263157894736842,18,18,GATGATTCCAAAGACCAGGA,0,4895913
ygfM_xdhD_predicted,0.05263157894736842,18,18,GAATACAAATTGTCTGGAGA,0,4879079
ygfM_xdhD_predicted,0.05263157894736842,18,18,CTTGCGGGGCAGCAAGATGC,0,4869198
ygfM_xdhD_predicted,0.05263157894736842,18,18,CTTCACTATTCACGGGCGTT,0,4864087
ygfM_xdhD_predicted,0.05263157894736842,18,18,CTGGCCCTTACGTAGCCTGT,0,4879915
ygfM_xdhD_predicted,0.05263157894736842,18,18,CTGACTTCATAGGCGTCACT,0,4878482
ygfM_xdhD_predicted,0.05263157894736842,18,18,CTCTCGGACCACGGGAGGGT,0,4889356
ygfM_xdhD_predicted,0.05263157894736842,18,18,CTCCAGTTAGGCGACGGATA,0,4887373
ygfM_xdhD_predicted,0.05263157894736842,18,18,CTAGTCACCGGGGAATTCGT,0,4888532
ygfM_xdhD_predicted,0.05263157894736842,18,18,CTACCGCGTTGGAGTCGTTG,0,4879735
ygfM_xdhD_predicted,0.05263157894736842,18,18,CTAACGCGTCCAGGACGCGA,0,4883322
ygfM_xdhD_predicted,0.05263157894736842,18,18,CGTCATGCTTGATTACTACG,0,4881089
ygfM_xdhD_predicted,0.05263157894736842,18,18,CGCTCGGTTCACAGCGAGAG,0,4896992
ygfM_xdhD_predicted,0.05263157894736842,18,18,CGCGTTCCTTATTTAGGCAG,0,4864947
ygfM_xdhD_predicted,0.05263157894736842,18,18,CGCAGTCGGGATACTACTCG,0,4872752
ygfM_xdhD_predicted,0.05263157894736842,18,18,CGATTTCCACCGCAGTTCAT,0,4888517
ygfM_xdhD_predicted,0.05263157894736842,18,18,CGATCATGGTGCGCCGGGCG,0,4872333
ygfM_xdhD_predicted,0.05263157894736842,18,18,CCTTGAGGGAACGATTAGTA,0,4870387
ygfM_xdhD_predicted,0.05263157894736842,18,18,CCTAAGGCGGGCGCTAATCG,0,4889162
ygfM_xdhD_predicted,0.05263157894736842,18,18,CCGTTCTCAATTATGCGTCG,0,4876830
ygfM_xdhD_predicted,0.05263157894736842,18,18,CCGCCCTTTGCAAGCCCTGA,0,4886001
ygfM_xdhD_predicted,0.05263157894736842,18,18,CCGAGCCGCGGACTAACGAG,0,4882901
ygfM_xdhD_predicted,0.05263157894736842,18,18,CCGAGACATCTTGTACGCGA,0,4865150
ygfM_xdhD_predicted,0.05263157894736842,18,18,CCCTGGATGAGGATCGGCAA,0,4868601
ygfM_xdhD_predicted,0.05263157894736842,18,18,CCCGCTGTTCTGACCCTATA,0,4864233
ygfM_xdhD_predicted,0.05263157894736842,18,18,CCACTATCTGGCGGACGTCA,0,4884806
ygfM_xdhD_predicted,0.05263157894736842,18,18,CCACGAAACCAGAAGTTGAA,0,4864730
ygfM_xdhD_predicted,0.05263157894736842,18,18,CATCTACCGTGTCTACCTGC,0,4877163
ygfM_xdhD_predicted,0.05263157894736842,18,18,CATACGGCTTAGCAAAAGGG,0,4889613
ygfM_xdhD_predicted,0.05263157894736842,18,18,CAATTTCGTGTTAGAGCGAA,0,4887897
ygfM_xdhD_predicted,0.05263157894736842,18,18,CAATGCCCAATGGACTAGGA,0,4890152
ygfM_xdhD_predicted,0.05263157894736842,18,18,CAACTCGTAAGCGATCTATT,0,4894850
ygfM_xdhD_predicted,0.05263157894736842,18,18,CAACGTAAAACGAATAATTG,0,4871557
ygfM_xdhD_predicted,0.05263157894736842,18,18,CAAAATTTTGTGGTTTCATT,0,4869790
ygfM_xdhD_predicted,0.05263157894736842,18,18,ATTCCAATGATTTCGATTGG,0,4879551
ygfM_xdhD_predicted,0.05263157894736842,18,18,ATTAAACTTTGCTACCCTCC,0,4870814
ygfM_xdhD_predicted,0.05263157894736842,18,18,ATGTGCCCACAGGGGGGGCA,0,4882320
ygfM_xdhD_predicted,0.05263157894736842,18,18,ATGACTATCTGTGAACCGCT,0,4864000
ygfM_xdhD_predicted,0.05263157894736842,18,18,ATCCAAGTCAATGTGAGCGA,0,4875714
ygfM_xdhD_predicted,0.05263157894736842,18,18,ATATGGGGCCTGCATCGCGG,0,4881882
ygfM_xdhD_predicted,0.05263157894736842,18,18,AGTCAGCATATAGGCGAATG,0,4890426
ygfM_xdhD_predicted,0.05263157894736842,18,18,AGTCAAACCTAAATCTGGCC,0,4890851
ygfM_xdhD_predicted,0.05263157894736842,18,18,AGGACTTGGATAAAGGCGAT,0,4880925
ygfM_xdhD_predicted,0.05263157894736842,18,18,AGCGCTTCGGCTTATCACCC,0,4864736
ygfM_xdhD_predicted,0.05263157894736842,18,18,AGCACGGTGAAGCTCACATT,0,4870553
ygfM_xdhD_predicted,0.05263157894736842,18,18,AGAGAACTGATTTGGGCACA,0,4873037
ygfM_xdhD_predicted,0.05263157894736842,18,18,AGAAAGTAGGGCGCATAATA,0,4880430
ygfM_xdhD_predicted,0.05263157894736842,18,18,ACGTGGCCAGGAAGCATGCA,0,4869278
ygfM_xdhD_predicted,0.05263157894736842,18,18,ACGTCCCGAGGGATTCAAAT,0,4876966
ygfM_xdhD_predicted,0.05263157894736842,18,18,ACGGTTAGATTGGGAATGGT,0,4890827
ygfM_xdhD_predicted,0.05263157894736842,18,18,ACGGTAGTTTCAAAGCGGTA,0,4868579
ygfM_xdhD_predicted,0.05263157894736842,18,18,ACGCAAGGTAAATTCCCGAC,0,4887157
ygfM_xdhD_predicted,0.05263157894736842,18,18,ACCTTTCGTTCACGGTTGCG,0,4894182
ygfM_xdhD_predicted,0.05263157894736842,18,18,ACCGTCTCCGGGCAGTGGTC,0,4874986
ygfM_xdhD_predicted,0.05263157894736842,18,18,ACCGGCAACAGACCCCCTTC,0,4873157
ygfM_xdhD_predicted,0.05263157894736842,18,18,ACAACTACTTCATTATAGAG,0,4884820
ygfM_xdhD_predicted,0.05263157894736842,18,18,AATGCCTTATACCCCTGTGA,0,4876809
ygfM_xdhD_predicted,0.05263157894736842,18,18,AATCTACTTCGCCGGAGTCA,0,4898038
ygfM_xdhD_predicted,0.05263157894736842,18,18,AACATACGTCCAATATGGGA,0,4886934
ygfM_xdhD_predicted,0.05555555555555555,17,17,TTTCTAGGCTCGCAGTGGGA,0,4881790
ygfM_xdhD_predicted,0.05555555555555555,17,17,TTTATCGACGGCAGTTAGGC,0,4892375
ygfM_xdhD_predicted,0.05555555555555555,17,17,TTCAGCGTGACGAAAACCGT,0,4879756
ygfM_xdhD_predicted,0.05555555555555555,17,17,TTATGCGTCCAGGGCAGGTG,0,4875768
ygfM_xdhD_predicted,0.05555555555555555,17,17,TGTTAGACACGAATATTAGT,0,4868410
ygfM_xdhD_predicted,0.05555555555555555,17,17,TGGTGTCTTATATCCTTAAA,0,4863964
ygfM_xdhD_predicted,0.05555555555555555,17,17,TGGGTCATAGGTTCTGCAAG,0,4864748
ygfM_xdhD_predicted,0.05555555555555555,17,17,TGCTCCGGGGATAGCACTTG,0,4888052
ygfM_xdhD_predicted,0.05555555555555555,17,17,TGCCCGTTGTAGCTATGACC,0,4867539
ygfM_xdhD_predicted,0.05555555555555555,17,17,TGCAATAACCACAAAGTTGG,0,4881822
ygfM_xdhD_predicted,0.05555555555555555,17,17,TGAGTGGTGGATCCGGGAGT,0,4889318
ygfM_xdhD_predicted,0.05555555555555555,17,17,TGACAGGAATACGAGTCCAC,0,4887844
ygfM_xdhD_predicted,0.05555555555555555,17,17,TCTCGGGATTTTGGTGCTCA,0,4892521
ygfM_xdhD_predicted,0.05555555555555555,17,17,TCTAATCGTAGCGGCTACGG,0,4867618
ygfM_xdhD_predicted,0.05555555555555555,17,17,TCCCGTCGCGACGCGGCAGG,0,4874405
ygfM_xdhD_predicted,0.05555555555555555,17,17,TCCACTTGGACGAGACGTAC,0,4889310
ygfM_xdhD_predicted,0.05555555555555555,17,17,TCAACGCTGCGCGGCCGACC,0,4883289
ygfM_xdhD_predicted,0.05555555555555555,17,17,TCAAATTCACGTCAAGAAGA,0,4873309
ygfM_xdhD_predicted,0.05555555555555555,17,17,TATGCGGCGATATTTGAGTG,0,4865931
ygfM_xdhD_predicted,0.05555555555555555,17,17,TATATATGAGGATGTTCCGG,0,4889468
ygfM_xdhD_predicted,0.05555555555555555,17,17,TATACCTAGTTCTTGACTGT,0,4898747
ygfM_xdhD_predicted,0.05555555555555555,17,17,TACTGTCGCATGCGACATGG,0,4894650
ygfM_xdhD_predicted,0.05555555555555555,17,17,TACGCTCTCACAATCTTAGA,0,4884360
ygfM_xdhD_predicted,0.05555555555555555,17,17,TACATAGTTTTACAGAAGCT,0,4879057
ygfM_xdhD_predicted,0.05555555555555555,17,17,TAAGCCGGGCAAACATTTAC,0,4867368
ygfM_xdhD_predicted,0.05555555555555555,17,17,GTTGCACTTGATCTTAGAAA,0,4892460
ygfM_xdhD_predicted,0.05555555555555555,17,17,GTTGAGGCCTAGGGGGAAAC,0,4891326
ygfM_xdhD_predicted,0.05555555555555555,17,17,GTTCACCGGGGTGCCCAACT,0,4898464
ygfM_xdhD_predicted,0.05555555555555555,17,17,GTGCTTTCAGCGCTAATCCG,0,4870000
ygfM_xdhD_predicted,0.05555555555555555,17,17,GTCTTCACACCTGCGGGCGA,0,4899497
ygfM_xdhD_predicted,0.05555555555555555,17,17,GTCTAGCTTTGTAGGCCTTG,0,4872767
ygfM_xdhD_predicted,0.05555555555555555,17,17,GTAACAGTGACGGAGGTTCT,0,4894370
ygfM_xdhD_predicted,0.05555555555555555,17,17,GGTGGTTGTAACTCGTCTGG,0,4883249
ygfM_xdhD_predicted,0.05555555555555555,17,17,GGGGATGGAGCCCGGAGTCG,0,4896182
ygfM_xdhD_predicted,0.05555555555555555,17,17,GGGCTACATTCTTGTAATTA,0,4883261
ygfM_xdhD_predicted,0.05555555555555555,17,17,GGCAGCATGACACGATTAGG,0,4880543
ygfM_xdhD_predicted,0.05555555555555555,17,17,GGAGCAATGAGGCGGTACTT,0,4877739
ygfM_xdhD_predicted,0.05555555555555555,17,17,GGAAGAAGATTACACGTTCA,0,4890718
ygfM_xdhD_predicted,0.05555555555555555,17,17,GCTCAAATCCATTAGATTTT,0,4872242
ygfM_xdhD_predicted,0.05555555555555555,17,17,GCGTAAGAAAAGAAAGACAA,0,4895425
ygfM_xdhD_predicted,0.05555555555555555,17,17,GCAGACATTGAAAGGTTGAC,0,4866315
ygfM_xdhD_predicted,0.05555555555555555,17,17,GCAAGAAAGGGAATACGACA,0,4898085
ygfM_xdhD_predicted,0.05555555555555555,17,17,GATTTGTTTCTTTGCGGGGG,0,4890717
ygfM_xdhD_predicted,0.05555555555555555,17,17,GATGGCCTTCGCTCTGGATA,0,4887304
ygfM_xdhD_predicted,0.05555555555555555,17,17,GATCTATGACTGACTCCCTC,0,4883994
ygfM_xdhD_predicted,0.05555555555555555,17,17,GAGGGACATTCCTGTAAGAG,0,4884126
ygfM_xdhD_predicted,0.05555555555555555,17,17,GACTTTGGGCATCCGCGATA,0,4867753
ygfM_xdhD_predicted,0.05555555555555555,17,17,GAATAGTAATCTGCTGACGT,0,4892996
ygfM_xdhD_predicted,0.05555555555555555,17,17,GAACGATATCATGAATGATA,0,4891623
ygfM_xdhD_predicted,0.05555555555555555,17,17,CTTCTTGGGATCGGTCCGAG,0,4869614
ygfM_xdhD_predicted,0.05555555555555555,17,17,CTTAATGTCCCATTTTGGAG,0,4880611
ygfM_xdhD_predicted,0.05555555555555555,17,17,CTGTACTCCACGGACCCAAG,0,4896345
ygfM_xdhD_predicted,0.05555555555555555,17,17,CTCCATGGGAGAGTCAAATT,0,4897106
ygfM_xdhD_predicted,0.05555555555555555,17,17,CTATGCCATTATTATCGCCA,0,4879205
ygfM_xdhD_predicted,0.05555555555555555,17,17,CTATATGGTTCTTGCCAATC,0,4871790
ygfM_xdhD_predicted,0.05555555555555555,17,17,CGGTGTGGGCATCGTATAGT,0,4892774
ygfM_xdhD_predicted,0.05555555555555555,17,17,CGGTCAATTGGGTCTCACTT,0,4887513
ygfM_xdhD_predicted,0.05555555555555555,17,17,CGGTATTCACGCCATGGCTA,0,4892299
ygfM_xdhD_predicted,0.05555555555555555,17,17,CGCTCTTAATTTTGTGTTGT,0,4886108
ygfM_xdhD_predicted,0.05555555555555555,17,17,CGATGAAGTCACACCGTTCG,0,4881853
ygfM_xdhD_predicted,0.05555555555555555,17,17,CGACATAGTACGAAGGTCCG,0,4872829
ygfM_xdhD_predicted,0.05555555555555555,17,17,CCTCGGAAGCAGGCGCGACT,0,4875198
ygfM_xdhD_predicted,0.05555555555555555,17,17,CCGAAAAGGAAAGTGCCGCA,0,4893406
ygfM_xdhD_predicted,0.05555555555555555,17,17,CCCTAGCGGTGGTCTACAAA,0,4887796
ygfM_xdhD_predicted,0.05555555555555555,17,17,CCATCTGCAAGGCGTGGGGT,0,4871738
ygfM_xdhD_predicted,0.05555555555555555,17,17,CCATAATTAATATCAACTGG,0,4883579
ygfM_xdhD_predicted,0.05555555555555555,17,17,CCAAAGCCTGACTCTGCGGT,0,4893440
ygfM_xdhD_predicted,0.05555555555555555,17,17,CAGGAGTGATTCCTCGAGGC,0,4889712
ygfM_xdhD_predicted,0.05555555555555555,17,17,CAGCGGGTGTCGTGGTTCCA,0,4872771
ygfM_xdhD_predicted,0.05555555555555555,17,17,CACTGCTATCGGCACAGAGA,0,4882057
ygfM_xdhD_predicted,0.05555555555555555,17,17,CAACGGCCTGGACTTGGGCT,0,4876373
ygfM_xdhD_predicted,0.05555555555555555,17,17,ATGTTTCAATTGGTCACATG,0,4868936
ygfM_xdhD_predicted,0.05555555555555555,17,17,ATGTGTGAAAATCGGGGTTC,0,4882547
ygfM_xdhD_predicted,0.05555555555555555,17,17,ATGGCCACACACTATACGCT,0,4878710
ygfM_xdhD_predicted,0.05555555555555555,17,17,ATGCCGACACGCGGTCACCC,0,4864356
ygfM_xdhD_predicted,0.05555555555555555,17,17,ATGCAGTGGAATTCGATAAG,0,4885514
ygfM_xdhD_predicted,0.05555555555555555,17,17,ATCCGTAGAATGAAGTTGTT,0,4895014
ygfM_xdhD_predicted,0.05555555555555555,17,17,ATCCCGTGGTCTTAGTTGAA,0,4880782
ygfM_xdhD_predicted,0.05555555555555555,17,17,ATATCACGCTAACTTAATCG,0,4872762
ygfM_xdhD_predicted,0.05555555555555555,17,17,ATACAATGACCTTTAGAATT,0,4876704
ygfM_xdhD_predicted,0.05555555555555555,17,17,AGGCAAACGTCCACTAGGGG,0,4882593
ygfM_xdhD_predicted,0.05555555555555555,17,17,AGCTGAGGGAACAGTCTCTT,0,4880140
ygfM_xdhD_predicted,0.05555555555555555,17,17,AGCGTGATGCTTCTTGATGG,0,4865147
ygfM_xdhD_predicted,0.05555555555555555,17,17,AGCCTAGAGGAAGTAACCTT,0,4895029
ygfM_xdhD_predicted,0.05555555555555555,17,17,AGCAGGGTGAATAACCTCCC,0,4890969
ygfM_xdhD_predicted,0.05555555555555555,17,17,ACTTGGTTTGTTAACTACTA,0,4881454
ygfM_xdhD_predicted,0.05555555555555555,17,17,ACGGCTTTATACGCATGTTT,0,4869459
ygfM_xdhD_predicted,0.05555555555555555,17,17,ACGCGGGATCTGTCCGTTAC,0,4881899
ygfM_xdhD_predicted,0.05555555555555555,17,17,ACCTTTTTTTGTATGACAAA,0,4888582
ygfM_xdhD_predicted,0.05555555555555555,17,17,ACCTCAGTCCTAGGGTGCAT,0,4871861
ygfM_xdhD_predicted,0.05555555555555555,17,17,ACCGGACTACTTTGTGAATC,0,4864380
ygfM_xdhD_predicted,0.05555555555555555,17,17,ACACTGGCCGGAAATGGGTC,0,4888338
ygfM_xdhD_predicted,0.05555555555555555,17,17,AATCTTGAGTAGGGAAAGGC,0,4898267
ygfM_xdhD_predicted,0.05555555555555555,17,17,AACTCGGTTACTCAGAACTT,0,4885748
ygfM_xdhD_predicted,0.05555555555555555,17,17,AACATCGCAAGGAGTAGTAG,0,4880889
ygfM_xdhD_predicted,0.05555555555555555,17,17,AAACCCATACGTTACGCGCA,0,4868076
ygfM_xdhD_predicted,0.058823529411764705,16,16,TTTTTTTCGCCTCATACCAA,0,4894695
ygfM_xdhD_predicted,0.058823529411764705,16,16,TTGATCACAGGCCCTCGACA,0,4896294
ygfM_xdhD_predicted,0.058823529411764705,16,16,TTAGATTGCTCCCGGGGGAG,0,4881948
ygfM_xdhD_predicted,0.058823529411764705,16,16,TTAAATGTACAAGCGCGGAG,0,4879036
ygfM_xdhD_predicted,0.058823529411764705,16,16,TGGTGTTGTACTTTACGGAA,0,4893582
ygfM_xdhD_predicted,0.058823529411764705,16,16,TGGTGCCGCGCAAGAATCTT,0,4886624
ygfM_xdhD_predicted,0.058823529411764705,16,16,TGGAATCGATAGAGTCTGCC,0,4869545
ygfM_xdhD_predicted,0.058823529411764705,16,16,TGCGTCTCCGTAGCCTTGGT,0,4884990
ygfM_xdhD_predicted,0.058823529411764705,16,16,TGCGAAAGTAATTCCTAGAT,0,4866932
ygfM_xdhD_predicted,0.058823529411764705,16,16,TCTTTTCAGCTCGACAAATA,0,4892314
ygfM_xdhD_predicted,0.058823529411764705,16,16,TCTCTAGGTTAGCCACATCT,0,4878599
ygfM_xdhD_predicted,0.058823529411764705,16,16,TCCTGACATGGCGAGATTAG,0,4865503
ygfM_xdhD_predicted,0.058823529411764705,16,16,TCCGATATAAGCTGTAGATA,0,4877282
ygfM_xdhD_predicted,0.058823529411764705,16,16,TCATAAGGTATTAGAAACGT,0,4883008
ygfM_xdhD_predicted,0.058823529411764705,16,16,TCAGTGCCTTGGTTCACGGC,0,4866675
ygfM_xdhD_predicted,0.058823529411764705,16,16,TCACTAACTAAGTCCCGATC,0,4871734
ygfM_xdhD_predicted,0.058823529411764705,16,16,TATAAGCTTCCATGTCGTTT,0,4889866
ygfM_xdhD_predicted,0.058823529411764705,16,16,TAGTTATCTTTCAGTAGATT,0,4871346
ygfM_xdhD_predicted,0.058823529411764705,16,16,TAGGCGCGTGAAGGCAGCCT,0,4878594
ygfM_xdhD_predicted,0.058823529411764705,16,16,TAGCCCGCCACATGCTAGAG,0,4883152
ygfM_xdhD_predicted,0.058823529411764705,16,16,TACTTGTATAGGAATTCTTC,0,4892055
ygfM_xdhD_predicted,0.058823529411764705,16,16,TAAATACGTCAACCGGGGTC,0,4882934
ygfM_xdhD_predicted,0.058823529411764705,16,16,GTTCTTATGACCCTTGTCAA,0,4873565
ygfM_xdhD_predicted,0.058823529411764705,16,16,GTTAAAGAAATCAACGTAGC,0,4880352
ygfM_xdhD_predicted,0.058823529411764705,16,16,GTCTCGCTATCAACATGTCA,0,4886963
ygfM_xdhD_predicted,0.058823529411764705,16,16,GTCGATCTACGAGAGTCAAA,0,4893100
ygfM_xdhD_predicted,0.058823529411764705,16,16,GTCCATCAGAGTAATGGTTT,0,4878289
ygfM_xdhD_predicted,0.058823529411764705,16,16,GTACACCAGGACTTGTCAAT,0,4864814
ygfM_xdhD_predicted,0.058823529411764705,16,16,GGTGCCTGGGCTATCTCACC,0,4868147
ygfM_xdhD_predicted,0.058823529411764705,16,16,GGTACGCCTCGTCGCTTGGG,0,4867830
ygfM_xdhD_predicted,0.058823529411764705,16,16,GGGTTACTTTTGACGCATTA,0,4894127
ygfM_xdhD_predicted,0.058823529411764705,16,16,GGGCGGAGATGCACCATGAG,0,4880051
ygfM_xdhD_predicted,0.058823529411764705,16,16,GGGCCTTAATATGATCTGGT,0,4882923
ygfM_xdhD_predicted,0.058823529411764705,16,16,GGGCCGTTGCAGGACGCTTC,0,4896107
ygfM_xdhD_predicted,0.058823529411764705,16,16,GGGCAGCAGCACCTCGTAGG,0,4897197
ygfM_xdhD_predicted,0.058823529411764705,16,16,GGGAGTGATGTTCATCCGAA,0,4866530
ygfM_xdhD_predicted,0.058823529411764705,16,16,GGCTAACACACGCGTCCAGC,0,4874201
ygfM_xdhD_predicted,0.058823529411764705,16,16,GGCCGTCCATTATTTCTTAT,0,4884796
ygfM_xdhD_predicted,0.058823529411764705,16,16,GGATTGGACCCTGGGTTTGC,0,4891711
ygfM_xdhD_predicted,0.058823529411764705,16,16,GGATGGCCTGGACAATATTA,0,4894178
ygfM_xdhD_predicted,0.058823529411764705,16,16,GGATCGGTCGGTGAGGCGCT,0,4897417
ygfM_xdhD_predicted,0.058823529411764705,16,16,GGACCATTGTATAGCAACGT,0,4868864
ygfM_xdhD_predicted,0.058823529411764705,16,16,GGACAGTATAAAGATTCGGA,0,4897790
ygfM_xdhD_predicted,0.058823529411764705,16,16,GGACACTGCTTCAGTGGAAA,0,4894215
ygfM_xdhD_predicted,0.058823529411764705,16,16,GCTTTACAAAGTTGTTGGAC,0,4875575
ygfM_xdhD_predicted,0.058823529411764705,16,16,GCGTTTCAGTATGTCACAGT,0,4884263
ygfM_xdhD_predicted,0.058823529411764705,16,16,GCGGGCTTTCCGAATGTAGA,0,4865932
ygfM_xdhD_predicted,0.058823529411764705,16,16,GCGATACAGGGGAGCCTAAG,0,4865449
ygfM_xdhD_predicted,0.058823529411764705,16,16,GCGAAACTTGGTTAAGGATA,0,4882375
ygfM_xdhD_predicted,0.058823529411764705,16,16,GCCTGGTCCACAGGAGGTCA,0,4865519
ygfM_xdhD_predicted,0.058823529411764705,16,16,GCCCCCCACGCACTCCGGAT,0,4874297
ygfM_xdhD_predicted,0.058823529411764705,16,16,GCCAGTGCACACTAGAACCT,0,4880996
ygfM_xdhD_predicted,0.058823529411764705,16,16,GCATGGTATTGGTAACAAAA,0,4883535
ygfM_xdhD_predicted,0.058823529411764705,16,16,GCATAAAGTGCGTTAGCGTG,0,4897531
ygfM_xdhD_predicted,0.058823529411764705,16,16,GCAAAGAAGCTCTCGCGCGC,0,4871622
ygfM_xdhD_predicted,0.058823529411764705,16,16,GATTCGGGCATGCACTGTAG,0,4877550
ygfM_xdhD_predicted,0.058823529411764705,16,16,GATGACCTCGGCAATTAGCC,0,4896267
ygfM_xdhD_predicted,0.058823529411764705,16,16,GATCGATCGTGTAGATGCGT,0,4888722
ygfM_xdhD_predicted,0.058823529411764705,16,16,GAGACCGCGAACTCACGAGA,0,4876025
ygfM_xdhD_predicted,0.058823529411764705,16,16,GACTCTGGGGAGTTAGAGTC,0,4865382
ygfM_xdhD_predicted,0.058823529411764705,16,16,GACTCAACTCGTCGCTGCGT,0,4895600
ygfM_xdhD_predicted,0.058823529411764705,16,16,GACTATAGTAACCTTGAGTA,0,4864874
ygfM_xdhD_predicted,0.058823529411764705,16,16,GACGGAGCAACCATTTTTCC,0,4878474
ygfM_xdhD_predicted,0.058823529411764705,16,16,GAAATGCTGAACTCCATTAG,0,4865868
ygfM_xdhD_predicted,0.058823529411764705,16,16,CTTGCCGGAACGGGTCAAGT,0,4864483
ygfM_xdhD_predicted,0.058823529411764705,16,16,CTTGCAATGTATATCATGCT,0,4888218
ygfM_xdhD_predicted,0.058823529411764705,16,16,CTTCGCCAATCCTGACCGGA,0,4866587
ygfM_xdhD_predicted,0.058823529411764705,16,16,CTGTGTGGTTTCACGTAGGT,0,4888228
ygfM_xdhD_predicted,0.058823529411764705,16,16,CTGCGTCCAGACGGTGCCCA,0,4867828
ygfM_xdhD_predicted,0.058823529411764705,16,16,CTGCAACCGCACCTTTGGGG,0,4871100
ygfM_xdhD_predicted,0.058823529411764705,16,16,CTGACCCGGGTAATACGATA,0,4895653
ygfM_xdhD_predicted,0.058823529411764705,16,16,CTCTTAGGGTAGCACGAAAA,0,4868816
ygfM_xdhD_predicted,0.058823529411764705,16,16,CTCGGCTGGCAACACAAACA,0,4888369
ygfM_xdhD_predicted,0.058823529411764705,16,16,CTCCTTACCCCTATACACCG,0,4895898
ygfM_xdhD_predicted,0.058823529411764705,16,16,CTAATCCACTTACCTTGGCA,0,4863959
ygfM_xdhD_predicted,0.058823529411764705,16,16,CTAATCAAGCCCTGTATGAG,0,4887354
ygfM_xdhD_predicted,0.058823529411764705,16,16,CGTTGTACTGAACATGCTGT,0,4883066
ygfM_xdhD_predicted,0.058823529411764705,16,16,CGTTGAGTCACGGCATGCTC,0,4878091
ygfM_xdhD_predicted,0.058823529411764705,16,16,CGTACCATGATCAGGGATGT,0,4893185
ygfM_xdhD_predicted,0.058823529411764705,16,16,CGGCAAGCGTCGGAGGCTTG,0,4876442
ygfM_xdhD_predicted,0.058823529411764705,16,16,CGGATGTAAGTAGATCCGAA,0,4892974
ygfM_xdhD_predicted,0.058823529411764705,16,16,CGCCCCCCGTATCCCCATCT,0,4897210
ygfM_xdhD_predicted,0.058823529411764705,16,16,CGATTCTGGTAGCTCAGCTT,0,4898593
ygfM_xdhD_predicted,0.058823529411764705,16,16,CGAGACATACGACATCTTAG,0,4873230
ygfM_xdhD_predicted,0.058823529411764705,16,16,CCTCGACAGGGTGGTTTGTA,0,4873425
ygfM_xdhD_predicted,0.058823529411764705,16,16,CCGCGCGTCGTGGTATCAAA,0,4882939
ygfM_xdhD_predicted,0.058823529411764705,16,16,CCGAGGCCCAGTTGGCTATG,0,4885254
ygfM_xdhD_predicted,0.058823529411764705,16,16,CCGAATTACTGTGGATGGTT,0,4865228
ygfM_xdhD_predicted,0.058823529411764705,16,16,CCCGGTGGGTCTCTACTGGA,0,4892787
ygfM_xdhD_predicted,0.058823529411764705,16,16,CCATGCCCCAATTCAACTCT,0,4894400
ygfM_xdhD_predicted,0.058823529411764705,16,16,CCAGGGTTATGGAATGCATA,0,4896419
ygfM_xdhD_predicted,0.058823529411764705,16,16,CATTGGTTGGGTTATGAAAG,0,4864818
ygfM_xdhD_predicted,0.058823529411764705,16,16,CATAAGCGTGTCGCGTACTA,0,4870009
ygfM_xdhD_predicted,0.058823529411764705,16,16,CAGTGGGATCGACTGGTTAC,0,4868210
ygfM_xdhD_predicted,0.058823529411764705,16,16,CAGTCTAACAGACTCAATCT,0,4865977
ygfM_xdhD_predicted,0.058823529411764705,16,16,CAGGGCGTATGGGGTAAACA,0,4887191
ygfM_xdhD_predicted,0.058823529411764705,16,16,CACTAGCGGGAAGTAGTGGG,0,4884503
ygfM_xdhD_predicted,0.058823529411764705,16,16,CACGTTTACTTGCTGACCGT,0,4869656
ygfM_xdhD_predicted,0.058823529411764705,16,16,CAAGTCGCTGCTTCCATTAC,0,4884903
ygfM_xdhD_predicted,0.058823529411764705,16,16,CAAGGTAACTACGTAGCACG,0,4865585
ygfM_xdhD_predicted,0.058823529411764705,16,16,ATTTGCGGTTTCTACGCGTT,0,4880784
ygfM_xdhD_predicted,0.058823529411764705,16,16,ATTGACCATTAGCGGCGAAA,0,4884068
ygfM_xdhD_predicted,0.058823529411764705,16,16,ATGTTTTTAATCAAAAATAG,0,4869768
ygfM_xdhD_predicted,0.058823529411764705,16,16,ATGTCTCGTGAGGGGGATAA,0,4892726
ygfM_xdhD_predicted,0.058823529411764705,16,16,ATGGTTGGTCCACGCTTGTG,0,4872896
ygfM_xdhD_predicted,0.058823529411764705,16,16,ATGGTGCCGATCGCGAAGTA,0,4897804
ygfM_xdhD_predicted,0.058823529411764705,16,16,ATCCGTCTAGTAACCCTGCC,0,4870354
ygfM_xdhD_predicted,0.058823529411764705,16,16,ATCAGTATTTTATAAGGTGG,0,4889029
ygfM_xdhD_predicted,0.058823529411764705,16,16,ATAACGACATGGGTCACTGA,0,4888815
ygfM_xdhD_predicted,0.058823529411764705,16,16,AGGTTTGTGAACCCCCGGTC,0,4886836
ygfM_xdhD_predicted,0.058823529411764705,16,16,AGCCTGTGGCTTTCGCTGGA,0,4885351
ygfM_xdhD_predicted,0.058823529411764705,16,16,AGCCGATCCTGTGAAAATCG,0,4866816
ygfM_xdhD_predicted,0.058823529411764705,16,16,AGAGTGCTTGGTCGCGTCAA,0,4885623
ygfM_xdhD_predicted,0.058823529411764705,16,16,AGAGCGTGCGGCAAGGCGAA,0,4893551
ygfM_xdhD_predicted,0.058823529411764705,16,16,ACTTGAAACTATCGCTAATT,0,4891470
ygfM_xdhD_predicted,0.058823529411764705,16,16,ACTCTTATTACGACTTCGCA,0,4884890
ygfM_xdhD_predicted,0.058823529411764705,16,16,ACTAAAAACAATCGGCTATC,0,4892441
ygfM_xdhD_predicted,0.058823529411764705,16,16,ACGTTCGAATGAGATGCATC,0,4874069
ygfM_xdhD_predicted,0.058823529411764705,16,16,ACGTCGCCAGCTTTGCAGAA,0,4883443
ygfM_xdhD_predicted,0.058823529411764705,16,16,ACGGCATTCTGGTCCGGGGT,0,4875765
ygfM_xdhD_predicted,0.058823529411764705,16,16,ACGACCGGAAGACCTGGGAC,0,4897504
ygfM_xdhD_predicted,0.058823529411764705,16,16,ACCCTCTCAGCAGCATATTT,0,4874354
ygfM_xdhD_predicted,0.058823529411764705,16,16,ACATTGCGGGCTTGAGCCAC,0,4871083
ygfM_xdhD_predicted,0.058823529411764705,16,16,ACATCGGCGAAGAGCTGAAG,0,4897404
ygfM_xdhD_predicted,0.058823529411764705,16,16,AATCTTCCCCCCACTGAGTA,0,4891778
ygfM_xdhD_predicted,0.058823529411764705,16,16,AATCATTAATAACCAAGGAC,0,4880395
ygfM_xdhD_predicted,0.058823529411764705,16,16,AAGTTCTCGGATAAGATACG,0,4877890
ygfM_xdhD_predicted,0.058823529411764705,16,16,AAGTCGCCAGGCTTAAGTCA,0,4868080
ygfM_xdhD_predicted,0.058823529411764705,16,16,AAGGGAGTGAGGGGGTAATT,0,4896066
ygfM_xdhD_predicted,0.058823529411764705,16,16,AAGGACTTTTCAAAAATAGC,0,4872294
ygfM_xdhD_predicted,0.058823529411764705,16,16,AACTTATGGTATGAACTGAC,0,4875887
ygfM_xdhD_predicted,0.058823529411764705,16,16,AACATTGATTTGCCTCGTCT,0,4894847
ygfM_xdhD_predicted,0.058823529411764705,16,16,AAATTGGGCTTGGAAAGTTT,0,4873774
ygfM_xdhD_predicted,0.058823529411764705,16,16,AAACCAATCATTCGCTGTTT,0,4898262
ygfM_xdhD_predicted,0.058823529411764705,16,16,AAAAAGGGTCTGGTTTCTAG,0,4871867
ygfM_xdhD_predicted,0.0625,15,15,TTTTGGAAATAGTCCACCTG,0,4865512
ygfM_xdhD_predicted,0.0625,15,15,TTTTGCCACCATACGATGCG,0,4870900
ygfM_xdhD_predicted,0.0625,15,15,TTTGCGGTTTCAGATACCCG,0,4899297
ygfM_xdhD_predicted,0.0625,15,15,TTTGCCTTAGTTTTATTGCT,0,4895603
ygfM_xdhD_predicted,0.0625,15,15,TTTCCTTGTTCTACGGTCCT,0,4877297
ygfM_xdhD_predicted,0.0625,15,15,TTTACTAGGCCGGGGTTTGT,0,4873216
ygfM_xdhD_predicted,0.0625,15,15,TTGTATAGCCCAGAGGCCAA,0,4884053
ygfM_xdhD_predicted,0.0625,15,15,TTCACATGAAAGGGGTTGCC,0,4867748
ygfM_xdhD_predicted,0.0625,15,15,TTATCCCTGCGAACCCTGTT,0,4884715
ygfM_xdhD_predicted,0.0625,15,15,TGTTCACCCGTTGAACGAGC,0,4876187
ygfM_xdhD_predicted,0.0625,15,15,TGTGGGTCAGACTCTTCTAA,0,4884094
ygfM_xdhD_predicted,0.0625,15,15,TGTGGGATCCAGCATTTCAT,0,4874652
ygfM_xdhD_predicted,0.0625,15,15,TGTGATTATAATTCTCAGAG,0,4891349
ygfM_xdhD_predicted,0.0625,15,15,TGTCGTCGGGCGATGCACAC,0,4880355
ygfM_xdhD_predicted,0.0625,15,15,TGTCCTTACCTCGGTATAAG,0,4898225
ygfM_xdhD_predicted,0.0625,15,15,TGTCACTGTATATAGAGAGT,0,4886938
ygfM_xdhD_predicted,0.0625,15,15,TGTAACAGGCTTGCGGTCGT,0,4893101
ygfM_xdhD_predicted,0.0625,15,15,TGGGACGTTTTCTGGAAATT,0,4882616
ygfM_xdhD_predicted,0.0625,15,15,TGGCTCTACTAAGAACCTCG,0,4885499
ygfM_xdhD_predicted,0.0625,15,15,TGGAAATAACGGTGTTACCC,0,4890903
ygfM_xdhD_predicted,0.0625,15,15,TGCTCGGGTGGCCCTAAGTC,0,4881418
ygfM_xdhD_predicted,0.0625,15,15,TGCTACGAGTACAGGTAGGA,0,4893445
ygfM_xdhD_predicted,0.0625,15,15,TGAGTAGGCTTTTGACCGAC,0,4870995
ygfM_xdhD_predicted,0.0625,15,15,TGAATTCGTGGTCTCATGCT,0,4882879
ygfM_xdhD_predicted,0.0625,15,15,TGAAGCTGTCCGCCCTGCGA,0,4871912
ygfM_xdhD_predicted,0.0625,15,15,TGAAGAAAATGAGAACCGCT,0,4870466
ygfM_xdhD_predicted,0.0625,15,15,TCGGAATGCTCCATCATGTG,0,4894172
ygfM_xdhD_predicted,0.0625,15,15,TCCTGCGACTCTTAATGTAT,0,4894584
ygfM_xdhD_predicted,0.0625,15,15,TCAGGAACGGGCGCACACCT,0,4887735
ygfM_xdhD_predicted,0.0625,15,15,TCAAAGCAAAGGCGCTCACT,0,4875517
ygfM_xdhD_predicted,0.0625,15,15,TATCGTGTCGATTGGTGCTG,0,4877583
ygfM_xdhD_predicted,0.0625,15,15,TATCGGCCTCTGACCTGAGT,0,4892298
ygfM_xdhD_predicted,0.0625,15,15,TATAAAACAGAAGCATAATC,0,4864604
ygfM_xdhD_predicted,0.0625,15,15,TAGGAACTGCACTGCAAGTC,0,4883303
ygfM_xdhD_predicted,0.0625,15,15,TACTGAGACTGGATATCACT,0,4870458
ygfM_xdhD_predicted,0.0625,15,15,TACTCACTCAGGTACACTCA,0,4889073
ygfM_xdhD_predicted,0.0625,15,15,TAATTGGTGGGATTCTGTGT,0,4874454
ygfM_xdhD_predicted,0.0625,15,15,GTTTGAGAGAGGCGAACGAA,0,4870110
ygfM_xdhD_predicted,0.0625,15,15,GTTGGCTCGGAAGCCGAGTA,0,4892099
ygfM_xdhD_predicted,0.0625,15,15,GTTCAAACGGTAGCGGATAA,0,4877932
ygfM_xdhD_predicted,0.0625,15,15,GTGGATCGGACGGGAGTTAG,0,4891635
ygfM_xdhD_predicted,0.0625,15,15,GTGCGTGTAGTCTGGTCCCT,0,4872095
ygfM_xdhD_predicted,0.0625,15,15,GTCGGTCGCGTATACATCTT,0,4871631
ygfM_xdhD_predicted,0.0625,15,15,GTCCGAAAATGCCACTGAAC,0,4869347
ygfM_xdhD_predicted,0.0625,15,15,GTCCCTGGGGTAGCACGGAA,0,4878502
ygfM_xdhD_predicted,0.0625,15,15,GTCAAATGACGTCTGACAAT,0,4882204
ygfM_xdhD_predicted,0.0625,15,15,GTATGTTTACCATATGTAAA,0,4893011
ygfM_xdhD_predicted,0.0625,15,15,GTAGGTCCAACCCTGCAGCC,0,4895558
ygfM_xdhD_predicted,0.0625,15,15,GTAAAGGCACTGACAGGCGC,0,4864704
ygfM_xdhD_predicted,0.0625,15,15,GGTTCTGAGACAACCACCGT,0,4898044
ygfM_xdhD_predicted,0.0625,15,15,GGGTATTTCAAAGTAGTAGG,0,4888950
ygfM_xdhD_predicted,0.0625,15,15,GGGTATGTCTGACCAAGGGC,0,4888356
ygfM_xdhD_predicted,0.0625,15,15,GGGGCGCGCAGTTACATACC,0,4892364
ygfM_xdhD_predicted,0.0625,15,15,GGGGAGCTACGAGGGTCGGA,0,4892609
ygfM_xdhD_predicted,0.0625,15,15,GGGCTTAGTACACGTCGTAC,0,4882694
ygfM_xdhD_predicted,0.0625,15,15,GGGATCTCATGTACAAGCGA,0,4897667
ygfM_xdhD_predicted,0.0625,15,15,GGGAAGGTCACAACATAGGC,0,4878990
ygfM_xdhD_predicted,0.0625,15,15,GGCTTTGGGCAGTGCGCACA,0,4882727
ygfM_xdhD_predicted,0.0625,15,15,GGCCTTTTGTAAAAATCTCC,0,4872798
ygfM_xdhD_predicted,0.0625,15,15,GGCCTTGATGGAATTAACGT,0,4889571
ygfM_xdhD_predicted,0.0625,15,15,GGACAACACCGGTTTTCGAG,0,4872391
ygfM_xdhD_predicted,0.0625,15,15,GGAACGCCGGTCATGATTAT,0,4880533
ygfM_xdhD_predicted,0.0625,15,15,GGAAAAGGCTCGGGTAGACA,0,4886268
ygfM_xdhD_predicted,0.0625,15,15,GCTTTAACCGGGTAAACTTT,0,4888474
ygfM_xdhD_predicted,0.0625,15,15,GCTCGTGCGGCTCACAAATT,0,4871919
ygfM_xdhD_predicted,0.0625,15,15,GCTCGAGCTCTCATCTCCGT,0,4884396
ygfM_xdhD_predicted,0.0625,15,15,GCTCGACTCAGCGTGGGATA,0,4896623
ygfM_xdhD_predicted,0.0625,15,15,GCTCGACCCATGGCGGACAA,0,4874184
ygfM_xdhD_predicted,0.0625,15,15,GCGTTGAGTTAAGCCGATTG,0,4893478
ygfM_xdhD_predicted,0.0625,15,15,GCGTCCTTATTTGACACTTT,0,4868161
ygfM_xdhD_predicted,0.0625,15,15,GCGTATTTATTCCTAAGTTG,0,4875550
ygfM_xdhD_predicted,0.0625,15,15,GCGTATTGGTGGGGTGGTAT,0,4871482
ygfM_xdhD_predicted,0.0625,15,15,GCGAAAGCGCATATTGAGGG,0,4893771
ygfM_xdhD_predicted,0.0625,15,15,GCCTTGTGACAGGTGCCAGG,0,4873797
ygfM_xdhD_predicted,0.0625,15,15,GCCTAATTTGGCCTGGTATC,0,4871227
ygfM_xdhD_predicted,0.0625,15,15,GCCCAACGGGGATCCGCTAA,0,4885478
ygfM_xdhD_predicted,0.0625,15,15,GCCAACTGAACTCCTATTAT,0,4867793
ygfM_xdhD_predicted,0.0625,15,15,GCAAGCCTAGTAGAACCGAT,0,4881542
ygfM_xdhD_predicted,0.0625,15,15,GCAACCATAACAGTCTACAT,0,4881908
ygfM_xdhD_predicted,0.0625,15,15,GATGCCTATAATGGGGTATG,0,4881122
ygfM_xdhD_predicted,0.0625,15,15,GAGGATCTGGGGGTCGGGAC,0,4877492
ygfM_xdhD_predicted,0.0625,15,15,GAGACTAAGCTTTGAGCTAC,0,4899197
ygfM_xdhD_predicted,0.0625,15,15,GAAACTCGCAATCGACAGCA,0,4868853
ygfM_xdhD_predicted,0.0625,15,15,CTTCGTTGACAAATTTGGAA,0,4883965
ygfM_xdhD_predicted,0.0625,15,15,CTTCGTGGTGATAATGTGTG,0,4875983
ygfM_xdhD_predicted,0.0625,15,15,CTTACAGTGGGGCCGGAGGG,0,4864478
ygfM_xdhD_predicted,0.0625,15,15,CTGTGTGAGAATCCCATCCT,0,4897899
ygfM_xdhD_predicted,0.0625,15,15,CTGCGGCAGAAGGGTCTAGA,0,4869502
ygfM_xdhD_predicted,0.0625,15,15,CTGCCGCTCGCGGTGCGTCC,0,4872398
ygfM_xdhD_predicted,0.0625,15,15,CTGAGTGGGATTTGTGCATG,0,4877196
ygfM_xdhD_predicted,0.0625,15,15,CTCGCGGACGAGTTGAGTAG,0,4875415
ygfM_xdhD_predicted,0.0625,15,15,CTCCAGAAGACCCGGATTTA,0,4878055
ygfM_xdhD_predicted,0.0625,15,15,CTCATTTACTGCTTGGCTCT,0,4871834
ygfM_xdhD_predicted,0.0625,15,15,CTATCCATTGGTGCGCGTTA,0,4885326
ygfM_xdhD_predicted,0.0625,15,15,CTAAGCTCATCTGTACTTGT,0,4868683
ygfM_xdhD_predicted,0.0625,15,15,CGTTCAAAATTATGGCAGAT,0,4882279
ygfM_xdhD_predicted,0.0625,15,15,CGTGCTTTGTGGACTAAGTT,0,4892611
ygfM_xdhD_predicted,0.0625,15,15,CGTCACTTATTCCGTCGTGC,0,4881634
ygfM_xdhD_predicted,0.0625,15,15,CGGTTTTGGAATCTTCTCAT,0,4882737
ygfM_xdhD_predicted,0.0625,15,15,CGGGAATGGGACGAAGTCTG,0,4897340
ygfM_xdhD_predicted,0.0625,15,15,CGGATTTAGCTCCTTCCGAC,0,4868790
ygfM_xdhD_predicted,0.0625,15,15,CGATTATGCGTGGCTTCCCA,0,4865615
ygfM_xdhD_predicted,0.0625,15,15,CGAGAGACTCTTAGACCTCT,0,4882131
ygfM_xdhD_predicted,0.0625,15,15,CGACGGGTTTCATTAGAGGA,0,4887807
ygfM_xdhD_predicted,0.0625,15,15,CGAATAAGACGCCGACAGTT,0,4890215
ygfM_xdhD_predicted,0.0625,15,15,CCTAGCCAACTTCGGGTCGC,0,4867804
ygfM_xdhD_predicted,0.0625,15,15,CCGTTGTTTCTCTCCGGGGA,0,4866328
ygfM_xdhD_predicted,0.0625,15,15,CCGTGGTGACGCCCCCGCCA,0,4890540
ygfM_xdhD_predicted,0.0625,15,15,CCGTATAAAGTTATGTGTAC,0,4875159
ygfM_xdhD_predicted,0.0625,15,15,CCCAACGGGCAGAATCTCGT,0,4866574
ygfM_xdhD_predicted,0.0625,15,15,CCATTTTATTTGTTGAGAAA,0,4889290
ygfM_xdhD_predicted,0.0625,15,15,CCAATGTGTTCCAGTCACGT,0,4874406
ygfM_xdhD_predicted,0.0625,15,15,CCAAGAGGGGAAGGCCTTTT,0,4879364
ygfM_xdhD_predicted,0.0625,15,15,CCAACGTAATTCAGCCGTTC,0,4867173
ygfM_xdhD_predicted,0.0625,15,15,CATACACTGCAGGTCAGCTC,0,4884998
ygfM_xdhD_predicted,0.0625,15,15,CAGTGCAAATAGAAGAAGGC,0,4867177
ygfM_xdhD_predicted,0.0625,15,15,CAGTCTACTATTAACCGAGC,0,4894721
ygfM_xdhD_predicted,0.0625,15,15,CAGTCCCCCGGAGCTATTAA,0,4871320
ygfM_xdhD_predicted,0.0625,15,15,CAGGTAAGGTCCAATAATTA,0,4882487
ygfM_xdhD_predicted,0.0625,15,15,CAGATTTAGGCAGAGCCGCG,0,4891404
ygfM_xdhD_predicted,0.0625,15,15,CACTAGAAGCGGAGTGGTTT,0,4867240
ygfM_xdhD_predicted,0.0625,15,15,CACCCGTACTCCACTTAGAC,0,4868084
ygfM_xdhD_predicted,0.0625,15,15,CAATCAAGTATTAACACGTC,0,4898953
ygfM_xdhD_predicted,0.0625,15,15,CAATAATCTATTGACAAATG,0,4867185
ygfM_xdhD_predicted,0.0625,15,15,CAAGGCCGGACCCGTCGCAT,0,4869182
ygfM_xdhD_predicted,0.0625,15,15,CAAGCATCTCAAAAGCCACT,0,4892878
ygfM_xdhD_predicted,0.0625,15,15,ATTTCCCGCGTGCGGATTCC,0,4896191
ygfM_xdhD_predicted,0.0625,15,15,ATTCCCCGGGTAACTTTCTT,0,4883007
ygfM_xdhD_predicted,0.0625,15,15,ATTCCAAATGATTAGCATAA,0,4875352
ygfM_xdhD_predicted,0.0625,15,15,ATTACGACTTATTTGAATCA,0,4873659
ygfM_xdhD_predicted,0.0625,15,15,ATGGGGCTTGTAAGTAAATA,0,4886034
ygfM_xdhD_predicted,0.0625,15,15,ATCTCCATCCTGCGATACTC,0,4897147
ygfM_xdhD_predicted,0.0625,15,15,ATCTAGGGGTTATCATCAAT,0,4891242
ygfM_xdhD_predicted,0.0625,15,15,ATCCGTCTTGGGGACGTCCG,0,4879078
ygfM_xdhD_predicted,0.0625,15,15,ATCCCAGGGTAGTTAGTAAG,0,4887006
ygfM_xdhD_predicted,0.0625,15,15,ATATAAGTAGTAGGGGACTT,0,4878530
ygfM_xdhD_predicted,0.0625,15,15,ATACTAGCGCCCCCCGGAGT,0,4876160
ygfM_xdhD_predicted,0.0625,15,15,ATACGCCTAATTCAATTTCT,0,4893154
ygfM_xdhD_predicted,0.0625,15,15,ATAATCTTAGTTAGATGAAA,0,4886127
ygfM_xdhD_predicted,0.0625,15,15,AGTTTGATTTTCGCATTAAG,0,4883915
ygfM_xdhD_predicted,0.0625,15,15,AGGTAAGGATTAGTGTACCC,0,4870436
ygfM_xdhD_predicted,0.0625,15,15,AGCCACTCCAGGCGACAAAA,0,4884279
ygfM_xdhD_predicted,0.0625,15,15,AGCATTTGCTCTACACATGG,0,4868266
ygfM_xdhD_predicted,0.0625,15,15,AGATCCGAGTGGGAATCGGA,0,4884321
ygfM_xdhD_predicted,0.0625,15,15,ACTTTTAGTTATATCGAGCG,0,4898235
ygfM_xdhD_predicted,0.0625,15,15,ACTGATCCTCTGATTAACAC,0,4870423
ygfM_xdhD_predicted,0.0625,15,15,ACTCGGTACTTTAAGGTTTC,0,4886494
ygfM_xdhD_predicted,0.0625,15,15,ACTCCCTCAGTTAGCGTTTA,0,4877389
ygfM_xdhD_predicted,0.0625,15,15,ACTAAAAGCTATGTGGTCTT,0,4874833
ygfM_xdhD_predicted,0.0625,15,15,ACGTTTAATATTAGAAAGAG,0,4891100
ygfM_xdhD_predicted,0.0625,15,15,ACGGAACAGTGCACTCCGCA,0,4882214
ygfM_xdhD_predicted,0.0625,15,15,AATGTACCGTTTACCACAGA,0,4894236
ygfM_xdhD_predicted,0.0625,15,15,AATCTCACCGCTAATTGATA,0,4892813
ygfM_xdhD_predicted,0.0625,15,15,AAGTGCCTTATAGCGCTCCA,0,4867924
ygfM_xdhD_predicted,0.0625,15,15,AAGGTTAAGGCTACCGCGTT,0,4887391
ygfM_xdhD_predicted,0.0625,15,15,AAGCCTTTTTGGATATCCAG,0,4890180
ygfM_xdhD_predicted,0.0625,15,15,AACGTGTGGTTGCCATTCAA,0,4884937
ygfM_xdhD_predicted,0.0625,15,15,AACCTTTTAATGGGCTTGAC,0,4871414
ygfM_xdhD_predicted,0.0625,15,15,AACATCTATTAAGAGTGGCA,0,4886982
ygfM_xdhD_predicted,0.0625,15,15,AACAGAGGCGACATAGATCA,0,4866046
ygfM_xdhD_predicted,0.0625,15,15,AAATAGGTAGATCCAGGTCC,0,4894354
ygfM_xdhD_predicted,0.0625,15,15,AAACGAAGTCTTTAGGGCAG,0,4864368
ygfM_xdhD_predicted,0.06666666666666667,14,14,TTTTAACAGACGCCTTTGTC,0,4898288
ygfM_xdhD_predicted,0.06666666666666667,14,14,TTTCACAGCTCGGACGAACA,0,4890773
ygfM_xdhD_predicted,0.06666666666666667,14,14,TTGTGGCTGCAGCTAAAGGC,0,4874466
ygfM_xdhD_predicted,0.06666666666666667,14,14,TTGTACCATGATCTAAGGCT,0,4877327
ygfM_xdhD_predicted,0.06666666666666667,14,14,TTGGTGCAGGATTTTGCGCG,0,4897812
ygfM_xdhD_predicted,0.06666666666666667,14,14,TTCTGTGCCCGAGCCATTGT,0,4894086
ygfM_xdhD_predicted,0.06666666666666667,14,14,TTAGGTTGTGCCGCATTAAA,0,4877766
ygfM_xdhD_predicted,0.06666666666666667,14,14,TTAGATGGCGCGCGGCCTGT,0,4887323
ygfM_xdhD_predicted,0.06666666666666667,14,14,TTAGAGTGCATGGGAAGAAC,0,4876654
ygfM_xdhD_predicted,0.06666666666666667,14,14,TTACATAGCCAGGTAGGTGT,0,4869004
ygfM_xdhD_predicted,0.06666666666666667,14,14,TGTGGAATCAGGTCTGGCTA,0,4899080
ygfM_xdhD_predicted,0.06666666666666667,14,14,TGGTCCACCAACGCGCTTGA,0,4888468
ygfM_xdhD_predicted,0.06666666666666667,14,14,TGGGCAAATTAGATATCACG,0,4881076
ygfM_xdhD_predicted,0.06666666666666667,14,14,TGGCGCGTTCCGGAACTCCA,0,4866058
ygfM_xdhD_predicted,0.06666666666666667,14,14,TGGAGGCAGGCGTAGGCAAA,0,4896958
ygfM_xdhD_predicted,0.06666666666666667,14,14,TGGACTGGATGTGGTCCGAT,0,4897711
ygfM_xdhD_predicted,0.06666666666666667,14,14,TGCCGAACTTGGGGTAAGAA,0,4889012
ygfM_xdhD_predicted,0.06666666666666667,14,14,TGCACGCAAATGGAATAACT,0,4888487
ygfM_xdhD_predicted,0.06666666666666667,14,14,TGAGTCTTGAATCCCCCTAT,0,4879610
ygfM_xdhD_predicted,0.06666666666666667,14,14,TGAGGCCGTTATCGGCTCAT,0,4865341
ygfM_xdhD_predicted,0.06666666666666667,14,14,TGAGGCCCCTGGACTCTAGT,0,4884501
ygfM_xdhD_predicted,0.06666666666666667,14,14,TGACTCCCCAGAAGCTGCAG,0,4880559
ygfM_xdhD_predicted,0.06666666666666667,14,14,TCTTTTTCTTGCGCTATGAC,0,4874233
ygfM_xdhD_predicted,0.06666666666666667,14,14,TCTTCAAGGGAGCCCCGTTT,0,4883947
ygfM_xdhD_predicted,0.06666666666666667,14,14,TCGTCAATGCTACCTGAGGC,0,4894863
ygfM_xdhD_predicted,0.06666666666666667,14,14,TCCCCTACCTGAGCCATCGC,0,4865582
ygfM_xdhD_predicted,0.06666666666666667,14,14,TCCAATCCCTGCCGCGCACA,0,4870138
ygfM_xdhD_predicted,0.06666666666666667,14,14,TCATTGAGACGAGAGATGAT,0,4899453
ygfM_xdhD_predicted,0.06666666666666667,14,14,TCATCCCGTACCTAATTGCA,0,4895207
ygfM_xdhD_predicted,0.06666666666666667,14,14,TAGGTCGGCCTTTTTCCGGC,0,4879860
ygfM_xdhD_predicted,0.06666666666666667,14,14,TAGGCCCGATGGATAGTAAT,0,4894469
ygfM_xdhD_predicted,0.06666666666666667,14,14,TAGCTAGTATCTGGCAGTGA,0,4874246
ygfM_xdhD_predicted,0.06666666666666667,14,14,TACGCTGGGAGTAGTCGAAC,0,4872621
ygfM_xdhD_predicted,0.06666666666666667,14,14,TACCTCTAAACCGTGTATTA,0,4876625
ygfM_xdhD_predicted,0.06666666666666667,14,14,TACACCCAAGGGAGAGCCCT,0,4892433
ygfM_xdhD_predicted,0.06666666666666667,14,14,TAAGGCCAGCGAGGTGACGA,0,4882955
ygfM_xdhD_predicted,0.06666666666666667,14,14,TAAATACCTGTCTTGGTAAT,0,4879159
ygfM_xdhD_predicted,0.06666666666666667,14,14,GTTGTGGACAAAGGCTACAT,0,4875080
ygfM_xdhD_predicted,0.06666666666666667,14,14,GTGTGGCCCTCTGCTCCAGC,0,4898665
ygfM_xdhD_predicted,0.06666666666666667,14,14,GTGCCTCACGAAGGCAGGAC,0,4884489
ygfM_xdhD_predicted,0.06666666666666667,14,14,GTGCCCAGAGTGATCAACAA,0,4888929
ygfM_xdhD_predicted,0.06666666666666667,14,14,GTGAGGGGACTGTCAGCAGT,0,4866398
ygfM_xdhD_predicted,0.06666666666666667,14,14,GTCGTTTGAACAAAGGGGAT,0,4871344
ygfM_xdhD_predicted,0.06666666666666667,14,14,GTCCGAAACCACTCCTTCTT,0,4864362
ygfM_xdhD_predicted,0.06666666666666667,14,14,GTATGGCCGGCCGAGGGTAT,0,4888956
ygfM_xdhD_predicted,0.06666666666666667,14,14,GTAGTGCGGAAACGAATGCC,0,4866477
ygfM_xdhD_predicted,0.06666666666666667,14,14,GTAGGAAACTGGGCTCAGCC,0,4882106
ygfM_xdhD_predicted,0.06666666666666667,14,14,GGTGGACGACCGGGTAGTGA,0,4877133
ygfM_xdhD_predicted,0.06666666666666667,14,14,GGTCCCGCATAAAAAATTTC,0,4870318
ygfM_xdhD_predicted,0.06666666666666667,14,14,GGGTACAACCGATTATTGCT,0,4880469
ygfM_xdhD_predicted,0.06666666666666667,14,14,GGGGGGATTATTTGTGCCGT,0,4876445
ygfM_xdhD_predicted,0.06666666666666667,14,14,GGGATAGGGAACTAGGTTGT,0,4864925
ygfM_xdhD_predicted,0.06666666666666667,14,14,GGCGCGGTTCGCTTTTCGGA,0,4886156
ygfM_xdhD_predicted,0.06666666666666667,14,14,GGCGCGGTCTATGGATGAGC,0,4876006
ygfM_xdhD_predicted,0.06666666666666667,14,14,GGCACCTGCACGGATCCGCG,0,4871527
ygfM_xdhD_predicted,0.06666666666666667,14,14,GGATGCAGCAGTAATGGTGG,0,4888698
ygfM_xdhD_predicted,0.06666666666666667,14,14,GGATGAACAATCCCTCTAGG,0,4895722
ygfM_xdhD_predicted,0.06666666666666667,14,14,GGATCGCCGTAAGTCTACTG,0,4868572
ygfM_xdhD_predicted,0.06666666666666667,14,14,GGAGAGGTGTCACAAGGACT,0,4878151
ygfM_xdhD_predicted,0.06666666666666667,14,14,GGACGTCGCCTATACTCTTG,0,4885954
ygfM_xdhD_predicted,0.06666666666666667,14,14,GGACAGTCTGGCCGCCAGAT,0,4864936
ygfM_xdhD_predicted,0.06666666666666667,14,14,GCTTTATAAATTATTGAACG,0,4882654
ygfM_xdhD_predicted,0.06666666666666667,14,14,GCTTAACCTCTCCTGCTACA,0,4879261
ygfM_xdhD_predicted,0.06666666666666667,14,14,GCTGACGCAACGCAACATGC,0,4868719
ygfM_xdhD_predicted,0.06666666666666667,14,14,GCTCAGATCTAGTCATTAAC,0,4868888
ygfM_xdhD_predicted,0.06666666666666667,14,14,GCGTCCGCGACGGACTTGTA,0,4894684
ygfM_xdhD_predicted,0.06666666666666667,14,14,GCGGGTGTCCATACCTCGAG,0,4869923
ygfM_xdhD_predicted,0.06666666666666667,14,14,GCGGCTTTAGCCTCCAGATC,0,4866444
ygfM_xdhD_predicted,0.06666666666666667,14,14,GCGGCTCATTTACGGGGTGC,0,4888711
ygfM_xdhD_predicted,0.06666666666666667,14,14,GCGAGTAGCAGTACGCGGTT,0,4886910
ygfM_xdhD_predicted,0.06666666666666667,14,14,GCGAGCCTGGCGATTATTAC,0,4896622
ygfM_xdhD_predicted,0.06666666666666667,14,14,GCCTATCCCGGCCCACGCAG,0,4877514
ygfM_xdhD_predicted,0.06666666666666667,14,14,GCCACCCGGGTCTTGAAGAG,0,4878874
ygfM_xdhD_predicted,0.06666666666666667,14,14,GCATTCCGAAGCCAACTCCT,0,4864574
ygfM_xdhD_predicted,0.06666666666666667,14,14,GCAGTTACGAACACAATAGC,0,4872226
ygfM_xdhD_predicted,0.06666666666666667,14,14,GCAGCGGAGCGCCATGTGAA,0,4875136
ygfM_xdhD_predicted,0.06666666666666667,14,14,GCAAGCTCTCTCGCAAGGCT,0,4888674
ygfM_xdhD_predicted,0.06666666666666667,14,14,GATGTGTCTTTTCCAAAAAG,0,4871759
ygfM_xdhD_predicted,0.06666666666666667,14,14,GATGTGGGTGGCGACCTATT,0,4878406
ygfM_xdhD_predicted,0.06666666666666667,14,14,GATGATGGGTGAATAACATT,0,4887237
ygfM_xdhD_predicted,0.06666666666666667,14,14,GATCGCGAGCGAATGAAAAG,0,4888389
ygfM_xdhD_predicted,0.06666666666666667,14,14,GAGGGGTATCCTCAGTGGAT,0,4881384
ygfM_xdhD_predicted,0.06666666666666667,14,14,GAGCTCTTTGGGGGGTTGGG,0,4895757
ygfM_xdhD_predicted,0.06666666666666667,14,14,GACCTGTTAACATGGCCCCA,0,4896818
ygfM_xdhD_predicted,0.06666666666666667,14,14,GACAATGTCAGAGTGCGCGG,0,4865880
ygfM_xdhD_predicted,0.06666666666666667,14,14,GACAATACTGCTGATTAAGC,0,4887253
ygfM_xdhD_predicted,0.06666666666666667,14,14,CTTGAATTGCGTGTGAAAAC,0,4890927
ygfM_xdhD_predicted,0.06666666666666667,14,14,CTTCGGTATGCTTGCTTTTG,0,4877884
ygfM_xdhD_predicted,0.06666666666666667,14,14,CTTAGTTTGTCTCGATCTCT,0,4875353
ygfM_xdhD_predicted,0.06666666666666667,14,14,CTGTCTGCTACGGCCCCGTC,0,4882180
ygfM_xdhD_predicted,0.06666666666666667,14,14,CTCGGTTTTATCGCGATGCG,0,4868919
ygfM_xdhD_predicted,0.06666666666666667,14,14,CTCAGATAAGGACCGTGTAC,0,4879288
ygfM_xdhD_predicted,0.06666666666666667,14,14,CTATTAGGCAACTTGGGTAA,0,4864599
ygfM_xdhD_predicted,0.06666666666666667,14,14,CTACTGAGTGCTCGTTGGGT,0,4891417
ygfM_xdhD_predicted,0.06666666666666667,14,14,CTACGGTTCAGCATCAGTGG,0,4877112
ygfM_xdhD_predicted,0.06666666666666667,14,14,CTACGGTGAATCTTCAAGTT,0,4891736
ygfM_xdhD_predicted,0.06666666666666667,14,14,CGTCTCTTTTTATAGGCGAT,0,4868081
ygfM_xdhD_predicted,0.06666666666666667,14,14,CGGGCTCTGTTACATCTATG,0,4881395
ygfM_xdhD_predicted,0.06666666666666667,14,14,CGGCACTGGAACATGAGTAA,0,4871019
ygfM_xdhD_predicted,0.06666666666666667,14,14,CGCTATCGCCCACAGGATAA,0,4897031
ygfM_xdhD_predicted,0.06666666666666667,14,14,CGCGGATTTTTTGAGGTGGA,0,4891063
ygfM_xdhD_predicted,0.06666666666666667,14,14,CGCGCTGGCCCATTTAGCCT,0,4888279
ygfM_xdhD_predicted,0.06666666666666667,14,14,CGCCTGACAAGGAGCAGCCA,0,4898097
ygfM_xdhD_predicted,0.06666666666666667,14,14,CGCCCCAGTAGTTACAGGCC,0,4867511
ygfM_xdhD_predicted,0.06666666666666667,14,14,CGCCAGCTTCTAGGCCCGGC,0,4874324
ygfM_xdhD_predicted,0.06666666666666667,14,14,CCTTCGTACGATTGTTAAAT,0,4863832
ygfM_xdhD_predicted,0.06666666666666667,14,14,CCGTGAAGACAACGCCACAT,0,4864817
ygfM_xdhD_predicted,0.06666666666666667,14,14,CCGGCTGATGGACGCATAAT,0,4878098
ygfM_xdhD_predicted,0.06666666666666667,14,14,CCGGCCGCTGTCTCACGGAT,0,4898132
ygfM_xdhD_predicted,0.06666666666666667,14,14,CCGCCTTCGTGTGACCCCAA,0,4897637
ygfM_xdhD_predicted,0.06666666666666667,14,14,CCGAATTTGAGCTCGGACCA,0,4879367
ygfM_xdhD_predicted,0.06666666666666667,14,14,CCCGGTCTTATCAAACGTCT,0,4880180
ygfM_xdhD_predicted,0.06666666666666667,14,14,CCCCTTCTTGTGTCAGGCGT,0,4876032
ygfM_xdhD_predicted,0.06666666666666667,14,14,CCCACGAGTACGTAGGGGGA,0,4890834
ygfM_xdhD_predicted,0.06666666666666667,14,14,CATGCTAATGTCGCAACAAG,0,4892745
ygfM_xdhD_predicted,0.06666666666666667,14,14,CATGATGACCCATAGGTATA,0,4867710
ygfM_xdhD_predicted,0.06666666666666667,14,14,CATCCGAGTGAGAGGTTCGT,0,4864069
ygfM_xdhD_predicted,0.06666666666666667,14,14,CAGTGGGTCGTTTCATTTAT,0,4885117
ygfM_xdhD_predicted,0.06666666666666667,14,14,CAGTAATGAGTTGGATTTAT,0,4867435
ygfM_xdhD_predicted,0.06666666666666667,14,14,CAGATTTCGAGGCGCGTTAC,0,4899069
ygfM_xdhD_predicted,0.06666666666666667,14,14,CAGATAATCATCAATTTCAG,0,4885851
ygfM_xdhD_predicted,0.06666666666666667,14,14,CAGACCGGCACACTAATCTA,0,4879315
ygfM_xdhD_predicted,0.06666666666666667,14,14,CACTGCACCACAGAAAACAT,0,4874034
ygfM_xdhD_predicted,0.06666666666666667,14,14,CACGATAAATGTTCTAGCTG,0,4868480
ygfM_xdhD_predicted,0.06666666666666667,14,14,CACATATCTGGCCTTCTAAC,0,4895397
ygfM_xdhD_predicted,0.06666666666666667,14,14,CAAGATCGTGAGCTCGCTTA,0,4891646
ygfM_xdhD_predicted,0.06666666666666667,14,14,ATTTTTGTCTGGTAACGACC,0,4863853
ygfM_xdhD_predicted,0.06666666666666667,14,14,ATTTAGCGTGGCGAACCTGA,0,4885854
ygfM_xdhD_predicted,0.06666666666666667,14,14,ATTGCTACGGGATCTGCAGT,0,4886950
ygfM_xdhD_predicted,0.06666666666666667,14,14,ATTAGGGTCACTATTCGCGG,0,4869573
ygfM_xdhD_predicted,0.06666666666666667,14,14,ATGGACCGTCCCGTCGCAGC,0,4885627
ygfM_xdhD_predicted,0.06666666666666667,14,14,ATGCGCGCTCCTTTGTTAAA,0,4888367
ygfM_xdhD_predicted,0.06666666666666667,14,14,ATCTTACGGCCAGGGCTGTT,0,4892094
ygfM_xdhD_predicted,0.06666666666666667,14,14,ATAGTTGGTCCGAGCATTAC,0,4882508
ygfM_xdhD_predicted,0.06666666666666667,14,14,AGTTCAAGCTGTACATTATA,0,4870131
ygfM_xdhD_predicted,0.06666666666666667,14,14,AGTGCTTGTACTGCCGGTTT,0,4872799
ygfM_xdhD_predicted,0.06666666666666667,14,14,AGTATGAATGTGGCGTCCTT,0,4879375
ygfM_xdhD_predicted,0.06666666666666667,14,14,AGTAAGCGACTCTCATGTAC,0,4886965
ygfM_xdhD_predicted,0.06666666666666667,14,14,AGGGCATGGAAGTACGCTCT,0,4884381
ygfM_xdhD_predicted,0.06666666666666667,14,14,AGGGCACTATACGCTACGAG,0,4873329
ygfM_xdhD_predicted,0.06666666666666667,14,14,AGGAAGCAGACCACTTTTAA,0,4878224
ygfM_xdhD_predicted,0.06666666666666667,14,14,AGGAACGACCTCTTTCCCAG,0,4877400
ygfM_xdhD_predicted,0.06666666666666667,14,14,AGCTATCGGAATCGATGAGG,0,4897424
ygfM_xdhD_predicted,0.06666666666666667,14,14,AGCGACTCATTCCTCGGAAT,0,4891395
ygfM_xdhD_predicted,0.06666666666666667,14,14,AGCCAGGGAACATGAAGCTA,0,4892517
ygfM_xdhD_predicted,0.06666666666666667,14,14,AGCATTCACTGGTCCGGTTA,0,4864726
ygfM_xdhD_predicted,0.06666666666666667,14,14,AGATGAACGGGATTCCACGC,0,4886130
ygfM_xdhD_predicted,0.06666666666666667,14,14,AGACGGTCTATAGCGTACGG,0,4881233
ygfM_xdhD_predicted,0.06666666666666667,14,14,AGACCATAAAGGACATCATC,0,4899249
ygfM_xdhD_predicted,0.06666666666666667,14,14,ACGTGAATATTCCTCTTGTC,0,4895696
ygfM_xdhD_predicted,0.06666666666666667,14,14,ACGTCTTCATGGGGGTCCCG,0,4872188
ygfM_xdhD_predicted,0.06666666666666667,14,14,ACGGCCCCACAACATCTTGT,0,4866909
ygfM_xdhD_predicted,0.06666666666666667,14,14,ACCCGGCGGCGCACTTTTTC,0,4874398
ygfM_xdhD_predicted,0.06666666666666667,14,14,ACAATGCTTTTCATAGTTTG,0,4896595
ygfM_xdhD_predicted,0.06666666666666667,14,14,ACAATCCGACGCCAGGCAAC,0,4884265
ygfM_xdhD_predicted,0.06666666666666667,14,14,AATGCCACATAGACATGATA,0,4875731
ygfM_xdhD_predicted,0.06666666666666667,14,14,AATAGCTGAATTTCACGGGG,0,4891644
ygfM_xdhD_predicted,0.06666666666666667,14,14,AAGTTCCACGCTAACTACGT,0,4881113
ygfM_xdhD_predicted,0.06666666666666667,14,14,AAGTGCACACGTCCCATTCA,0,4891560
ygfM_xdhD_predicted,0.06666666666666667,14,14,AAGGCATTCATCTCGATCCT,0,4867577
ygfM_xdhD_predicted,0.06666666666666667,14,14,AACTTTTACCGAAGCGTTCT,0,4888232
ygfM_xdhD_predicted,0.06666666666666667,14,14,AACTAAATCATTCGTTTAAA,0,4891828
ygfM_xdhD_predicted,0.06666666666666667,14,14,AACGTGCGGCTGCTTGCCCC,0,4895072
ygfM_xdhD_predicted,0.06666666666666667,14,14,AACGCATCAGGGCAGACAGA,0,4886782
ygfM_xdhD_predicted,0.06666666666666667,14,14,AACGCAAAGTAAGCAGGCTG,0,4873370
ygfM_xdhD_predicted,0.06666666666666667,14,14,AACCGAAGATAAGGGCACCC,0,4878284
ygfM_xdhD_predicted,0.06666666666666667,14,14,AACAAACGACAATTCGTTAC,0,4871493
ygfM_xdhD_predicted,0.06666666666666667,14,14,AAACGGTTGACGACGTCGTG,0,4897735
ygfM_xdhD_predicted,0.06666666666666667,14,14,AAAAACGCTAACTATGTCCA,0,4882735
ygfM_xdhD_predicted,0.07142857142857142,13,13,TTTTCTATGATTCGAACCAC,0,4879839
ygfM_xdhD_predicted,0.07142857142857142,13,13,TTTAGGACCTAGCGTAGTTA,0,4871248
ygfM_xdhD_predicted,0.07142857142857142,13,13,TTGATACATCTGTTGTCACA,0,4880363
ygfM_xdhD_predicted,0.07142857142857142,13,13,TTGACATGAGTACCGTCCAA,0,4866565
ygfM_xdhD_predicted,0.07142857142857142,13,13,TTCTTATCGTGATCGAGTTC,0,4876308
ygfM_xdhD_predicted,0.07142857142857142,13,13,TTCCATGATCTTCTCTGCTG,0,4876971
ygfM_xdhD_predicted,0.07142857142857142,13,13,TTCATTCGTCATTCGCTTAA,0,4897620
ygfM_xdhD_predicted,0.07142857142857142,13,13,TTCATCATCGCTTCGACATT,0,4874627
ygfM_xdhD_predicted,0.07142857142857142,13,13,TTATCGCCGCCGGGCCGTCA,0,4887704
ygfM_xdhD_predicted,0.07142857142857142,13,13,TTAGTACACCATCGATGACG,0,4889741
ygfM_xdhD_predicted,0.07142857142857142,13,13,TTAGTAATGTGCAGGCTTAC,0,4891694
ygfM_xdhD_predicted,0.07142857142857142,13,13,TTACTGCGGTGAACCCTAGA,0,4874661
ygfM_xdhD_predicted,0.07142857142857142,13,13,TTACTCGGAAAGACATACAA,0,4898189
ygfM_xdhD_predicted,0.07142857142857142,13,13,TTAATACGTCGGAGTTGTAC,0,4877934
ygfM_xdhD_predicted,0.07142857142857142,13,13,TGTCTTATCAATATGTGAAC,0,4890842
ygfM_xdhD_predicted,0.07142857142857142,13,13,TGGTTCAAATGCGGTTTACT,0,4875594
ygfM_xdhD_predicted,0.07142857142857142,13,13,TGGCGTCAGTCCACACTCAC,0,4895578
ygfM_xdhD_predicted,0.07142857142857142,13,13,TGGACTGCCCTCCATGTACA,0,4865972
ygfM_xdhD_predicted,0.07142857142857142,13,13,TGGAAAGCAGAGTTAGGAAA,0,4887880
ygfM_xdhD_predicted,0.07142857142857142,13,13,TGCTAGAGGAATGGAAGTAC,0,4891945
ygfM_xdhD_predicted,0.07142857142857142,13,13,TGCCTAACTCGCGGGTTGTT,0,4892584
ygfM_xdhD_predicted,0.07142857142857142,13,13,TGCCCGCGCCATTCAAGATG,0,4879641
ygfM_xdhD_predicted,0.07142857142857142,13,13,TGCAACCGCGATGGCTCTGG,0,4896657
ygfM_xdhD_predicted,0.07142857142857142,13,13,TGATGTCTGGCGAAGTGAGC,0,4864786
ygfM_xdhD_predicted,0.07142857142857142,13,13,TGATAGAACTGGGCTCTACA,0,4886817
ygfM_xdhD_predicted,0.07142857142857142,13,13,TGATACCCTGGTGTCGCTAG,0,4877496
ygfM_xdhD_predicted,0.07142857142857142,13,13,TCTGGAGCTACCCAGCTAAC,0,4881056
ygfM_xdhD_predicted,0.07142857142857142,13,13,TCTAGCTTTGGGCGGCGGGG,0,4881714
ygfM_xdhD_predicted,0.07142857142857142,13,13,TCTACGAGAATGGGATCAAT,0,4867675
ygfM_xdhD_predicted,0.07142857142857142,13,13,TCTAACGTCACGGACGTCAT,0,4890308
ygfM_xdhD_predicted,0.07142857142857142,13,13,TCGTGCAACCCTCTTAGTGT,0,4895324
ygfM_xdhD_predicted,0.07142857142857142,13,13,TCGTAATACATAATGCAATT,0,4873109
ygfM_xdhD_predicted,0.07142857142857142,13,13,TCGGTGAGCACTTTTCAAAA,0,4865758
ygfM_xdhD_predicted,0.07142857142857142,13,13,TCGACTATCACCCCCTGTAC,0,4880886
ygfM_xdhD_predicted,0.07142857142857142,13,13,TCCCAACATTGGACGACGGG,0,4872238
ygfM_xdhD_predicted,0.07142857142857142,13,13,TCAGGGCACTATCATTTTTT,0,4864696
ygfM_xdhD_predicted,0.07142857142857142,13,13,TCAACGCGATCTGGGGCCAC,0,4898905
ygfM_xdhD_predicted,0.07142857142857142,13,13,TATTACAGGCGGAGTCTCGA,0,4882151
ygfM_xdhD_predicted,0.07142857142857142,13,13,TATAGTGAGACTCCGGTCTG,0,4882139
ygfM_xdhD_predicted,0.07142857142857142,13,13,TAGGTCACCGTCAGGATATA,0,4873732
ygfM_xdhD_predicted,0.07142857142857142,13,13,TAGGATAGTTACAACGTGAG,0,4876136
ygfM_xdhD_predicted,0.07142857142857142,13,13,TACCTGGCTCAAATCGGGAT,0,4884155
ygfM_xdhD_predicted,0.07142857142857142,13,13,TACCAAGTCCATTCTCGGAG,0,4886331
ygfM_xdhD_predicted,0.07142857142857142,13,13,TAATTGGCTGGATCGGACTC,0,4887032
ygfM_xdhD_predicted,0.07142857142857142,13,13,GTTGATCCTAAACATTCGCG,0,4878868
ygfM_xdhD_predicted,0.07142857142857142,13,13,GTTCGGAATTGTCTACGCGT,0,4879219
ygfM_xdhD_predicted,0.07142857142857142,13,13,GTTCATGTAACTGAGGGGAG,0,4877626
ygfM_xdhD_predicted,0.07142857142857142,13,13,GTTAGCTGCAACGTCAGTAA,0,4879356
ygfM_xdhD_predicted,0.07142857142857142,13,13,GTGGCATGCATGATAGGGAT,0,4896141
ygfM_xdhD_predicted,0.07142857142857142,13,13,GTGCAGTAGAGCAAGAGAAC,0,4895209
ygfM_xdhD_predicted,0.07142857142857142,13,13,GTGAGATATTGTCCCTTTAG,0,4887636
ygfM_xdhD_predicted,0.07142857142857142,13,13,GTCTTTGATGGCTATAGGAT,0,4866707
ygfM_xdhD_predicted,0.07142857142857142,13,13,GTCATTCACATCCCAAGGGT,0,4870004
ygfM_xdhD_predicted,0.07142857142857142,13,13,GTCACCGTTAACGATTTGAC,0,4875812
ygfM_xdhD_predicted,0.07142857142857142,13,13,GTCAACGCGATTTTATAGAG,0,4898675
ygfM_xdhD_predicted,0.07142857142857142,13,13,GTATTAACTCGTGTAGGATG,0,4891631
ygfM_xdhD_predicted,0.07142857142857142,13,13,GGTTTCCATTGACACCTTAA,0,4881427
ygfM_xdhD_predicted,0.07142857142857142,13,13,GGTTAACGCCTTTACTGTAT,0,4886256
ygfM_xdhD_predicted,0.07142857142857142,13,13,GGTAAGTTGACCCTCGCCGA,0,4895810
ygfM_xdhD_predicted,0.07142857142857142,13,13,GGGTCCACGCGAGTTTCATA,0,4868614
ygfM_xdhD_predicted,0.07142857142857142,13,13,GGGTAAAGTTCTTTGAGAGG,0,4897100
ygfM_xdhD_predicted,0.07142857142857142,13,13,GGGATTACATAAGTCCCATG,0,4897562
ygfM_xdhD_predicted,0.07142857142857142,13,13,GGCTGTCAATGATATAATCT,0,4870385
ygfM_xdhD_predicted,0.07142857142857142,13,13,GGCTAAGGACTGGGGTTACT,0,4867271
ygfM_xdhD_predicted,0.07142857142857142,13,13,GGCCTCACGCCCCAATCCCT,0,4879576
ygfM_xdhD_predicted,0.07142857142857142,13,13,GGCCGAAGCAAAGTGACGGC,0,4869978
ygfM_xdhD_predicted,0.07142857142857142,13,13,GGCACCAGGGTGAATCTAAA,0,4892715
ygfM_xdhD_predicted,0.07142857142857142,13,13,GGATGATCCGTCTCGTGCAA,0,4890943
ygfM_xdhD_predicted,0.07142857142857142,13,13,GGACAATGGAGTGGGCGAAT,0,4887944
ygfM_xdhD_predicted,0.07142857142857142,13,13,GCTGTGGCTGGGTTAACGCA,0,4867049
ygfM_xdhD_predicted,0.07142857142857142,13,13,GCTGAGATAGTTAATCGGAC,0,4899536
ygfM_xdhD_predicted,0.07142857142857142,13,13,GCTATAAGTCCGTGTACCAG,0,4888414
ygfM_xdhD_predicted,0.07142857142857142,13,13,GCTAATCTCCTAGCAGGGCG,0,4892992
ygfM_xdhD_predicted,0.07142857142857142,13,13,GCGTGGTTGAAAACCAGAAG,0,4876968
ygfM_xdhD_predicted,0.07142857142857142,13,13,GCGTGGGGGCGGACACAATT,0,4878671
ygfM_xdhD_predicted,0.07142857142857142,13,13,GCGTGCAGCCTTCTGCCGGC,0,4873956
ygfM_xdhD_predicted,0.07142857142857142,13,13,GCGACGTGGAGGGCAATTGT,0,4894583
ygfM_xdhD_predicted,0.07142857142857142,13,13,GCCTTTATAGCGTTTGTCTC,0,4875577
ygfM_xdhD_predicted,0.07142857142857142,13,13,GCCGTCGGTACTAGCAGCTA,0,4869354
ygfM_xdhD_predicted,0.07142857142857142,13,13,GCCGATAGGCGTATTAGTCA,0,4868157
ygfM_xdhD_predicted,0.07142857142857142,13,13,GCCCCACTTAATTCAGGTCA,0,4885416
ygfM_xdhD_predicted,0.07142857142857142,13,13,GCCATGTTTCTTTACATCGC,0,4889843
ygfM_xdhD_predicted,0.07142857142857142,13,13,GCCAGTGCTACCACCCCAAT,0,4884113
ygfM_xdhD_predicted,0.07142857142857142,13,13,GCCAATCTTCAGCGCAAGCT,0,4866639
ygfM_xdhD_predicted,0.07142857142857142,13,13,GCAGATGGTACTCATTAACC,0,4878558
ygfM_xdhD_predicted,0.07142857142857142,13,13,GCACGTGGATTTTTCAGCCT,0,4878738
ygfM_xdhD_predicted,0.07142857142857142,13,13,GCAATTGTATCAAAGAGCCC,0,4894453
ygfM_xdhD_predicted,0.07142857142857142,13,13,GCAACACTGCGACAGATTCG,0,4868740
ygfM_xdhD_predicted,0.07142857142857142,13,13,GATTCTATATCGGCACAGTG,0,4866372
ygfM_xdhD_predicted,0.07142857142857142,13,13,GATTCTAAAGGGCCCTACGA,0,4864584
ygfM_xdhD_predicted,0.07142857142857142,13,13,GATTACATGGCTTTCTAGGG,0,4876819
ygfM_xdhD_predicted,0.07142857142857142,13,13,GATGTTGGTGACATCACATC,0,4867460
ygfM_xdhD_predicted,0.07142857142857142,13,13,GATGGGGCTAGCCCGGTGCA,0,4885355
ygfM_xdhD_predicted,0.07142857142857142,13,13,GATGATAGTGGGCTCTGTTC,0,4886652
ygfM_xdhD_predicted,0.07142857142857142,13,13,GAGTGACTTTTCAGGGCTAT,0,4887942
ygfM_xdhD_predicted,0.07142857142857142,13,13,GAGGGCGACGCCTCATCTTA,0,4865674
ygfM_xdhD_predicted,0.07142857142857142,13,13,GAGCGAGCGGGATCACGTTT,0,4887815
ygfM_xdhD_predicted,0.07142857142857142,13,13,GAGAAGTGGGCCGGAAAAGA,0,4878929
ygfM_xdhD_predicted,0.07142857142857142,13,13,GACTGGGCCAAATAGAGGCG,0,4894181
ygfM_xdhD_predicted,0.07142857142857142,13,13,GACCTAATCCCCAGCCATAA,0,4873235
ygfM_xdhD_predicted,0.07142857142857142,13,13,GACAATCTACATGGGTGAGG,0,4867052
ygfM_xdhD_predicted,0.07142857142857142,13,13,GAATTGCGCCTCTTATGTGT,0,4891277
ygfM_xdhD_predicted,0.07142857142857142,13,13,GAATGCTGGGTTCTAAAATG,0,4884781
ygfM_xdhD_predicted,0.07142857142857142,13,13,GAAGACGGCAGCCAGTAGAA,0,4866742
ygfM_xdhD_predicted,0.07142857142857142,13,13,GAAATCACTGACCTGAACGG,0,4880169
ygfM_xdhD_predicted,0.07142857142857142,13,13,CTTTGCAGAGATTAACTAAA,0,4870831
ygfM_xdhD_predicted,0.07142857142857142,13,13,CTTGCGGAGAGCTGGAAGCA,0,4871993
ygfM_xdhD_predicted,0.07142857142857142,13,13,CTTCTGTCGTGTCCGGTAGC,0,4871351
ygfM_xdhD_predicted,0.07142857142857142,13,13,CTTACGGGCTCTGGTTTTCG,0,4890046
ygfM_xdhD_predicted,0.07142857142857142,13,13,CTGCATGATAGATACTTTTC,0,4871020
ygfM_xdhD_predicted,0.07142857142857142,13,13,CTCTGGACCGGACCCGGTAG,0,4890772
ygfM_xdhD_predicted,0.07142857142857142,13,13,CTCAGGTACGGATGAGGAAA,0,4867936
ygfM_xdhD_predicted,0.07142857142857142,13,13,CTCAGGAGCTGTTGGAATGC,0,4893820
ygfM_xdhD_predicted,0.07142857142857142,13,13,CTAGGTTTGGAGAATTCAGT,0,4896248
ygfM_xdhD_predicted,0.07142857142857142,13,13,CTACCATCGGCTAGCATCCT,0,4868400
ygfM_xdhD_predicted,0.07142857142857142,13,13,CTACCAGGCTGGAAGAAGAA,0,4893832
ygfM_xdhD_predicted,0.07142857142857142,13,13,CTACAAATTCATGGTAGAGA,0,4880970
ygfM_xdhD_predicted,0.07142857142857142,13,13,CTAAAGCATCATATGAGGCA,0,4890511
ygfM_xdhD_predicted,0.07142857142857142,13,13,CGTTCGCTGAAGTTCAAAAA,0,4885983
ygfM_xdhD_predicted,0.07142857142857142,13,13,CGTGGCAAGTATAAGCTGTA,0,4892229
ygfM_xdhD_predicted,0.07142857142857142,13,13,CGTCGGTAGGTACCACTGTG,0,4888294
ygfM_xdhD_predicted,0.07142857142857142,13,13,CGGTTTGAATGATGTGAGGT,0,4885611
ygfM_xdhD_predicted,0.07142857142857142,13,13,CGGGCACGGGCGCACCCTCA,0,4872815
ygfM_xdhD_predicted,0.07142857142857142,13,13,CGGGACAAGAATAAATTTAG,0,4886346
ygfM_xdhD_predicted,0.07142857142857142,13,13,CGCTGGGGTCCATAAAGGAA,0,4871763
ygfM_xdhD_predicted,0.07142857142857142,13,13,CGCTGGCTTGGTAGGTATTG,0,4886433
ygfM_xdhD_predicted,0.07142857142857142,13,13,CGAGTCCTCACGGTTTGAAT,0,4890339
ygfM_xdhD_predicted,0.07142857142857142,13,13,CGAGGCAGCCAACTATTATG,0,4871202
ygfM_xdhD_predicted,0.07142857142857142,13,13,CGACGGCCCATAAGGTCCAT,0,4882728
ygfM_xdhD_predicted,0.07142857142857142,13,13,CGACAACTGGTCCTGCCGGA,0,4895370
ygfM_xdhD_predicted,0.07142857142857142,13,13,CCTTTGATTGAGTGGTGACG,0,4868729
ygfM_xdhD_predicted,0.07142857142857142,13,13,CCTTCGTGGGACTGGAATTC,0,4884278
ygfM_xdhD_predicted,0.07142857142857142,13,13,CCTTAACGCCGGGGGCGTAA,0,4863902
ygfM_xdhD_predicted,0.07142857142857142,13,13,CCTGGTGCTTCATTCCAAGT,0,4898975
ygfM_xdhD_predicted,0.07142857142857142,13,13,CCTAGTAAGAAACAGCAGGC,0,4867725
ygfM_xdhD_predicted,0.07142857142857142,13,13,CCGGGCTGTCTTCAGGATCG,0,4880171
ygfM_xdhD_predicted,0.07142857142857142,13,13,CCCTGCCAGTTTAGCCGCCC,0,4896304
ygfM_xdhD_predicted,0.07142857142857142,13,13,CCCTAGCTACAATTGGACTA,0,4889091
ygfM_xdhD_predicted,0.07142857142857142,13,13,CCCGTACTGATTACAATTGT,0,4877407
ygfM_xdhD_predicted,0.07142857142857142,13,13,CCCAGGTTCCGGATAGATTA,0,4887068
ygfM_xdhD_predicted,0.07142857142857142,13,13,CCAGTGGCTACATTCCAAAC,0,4866950
ygfM_xdhD_predicted,0.07142857142857142,13,13,CCACTAAACGATCAAATAGC,0,4880644
ygfM_xdhD_predicted,0.07142857142857142,13,13,CCACATCCATCTAAAATTCG,0,4891502
ygfM_xdhD_predicted,0.07142857142857142,13,13,CATGCGTATTTGCTGGACAG,0,4865626
ygfM_xdhD_predicted,0.07142857142857142,13,13,CATGCCTATCGGGTATGGGT,0,4890624
ygfM_xdhD_predicted,0.07142857142857142,13,13,CATGCAAAAAGGTGTTGTAA,0,4873094
ygfM_xdhD_predicted,0.07142857142857142,13,13,CATGACGACCGCCTGAAGCC,0,4895310
ygfM_xdhD_predicted,0.07142857142857142,13,13,CATCTGTGTAAGCAGTTCCA,0,4866954
ygfM_xdhD_predicted,0.07142857142857142,13,13,CATCGCCTTGGGCGCAATAT,0,4873542
ygfM_xdhD_predicted,0.07142857142857142,13,13,CATCCTTTTGCTAAGATCTG,0,4893422
ygfM_xdhD_predicted,0.07142857142857142,13,13,CAGCGTTAAGCGTGTGGGAG,0,4890231
ygfM_xdhD_predicted,0.07142857142857142,13,13,CAGCATTGGAGTTCACTCTA,0,4877894
ygfM_xdhD_predicted,0.07142857142857142,13,13,CAGACGGGAGGGAAGGTAAC,0,4874469
ygfM_xdhD_predicted,0.07142857142857142,13,13,CACTACACGGGGTTCACGTC,0,4891190
ygfM_xdhD_predicted,0.07142857142857142,13,13,CACGGTTCGCAGCACCCTAG,0,4882985
ygfM_xdhD_predicted,0.07142857142857142,13,13,CACGAGGGGACCAAGCTGGG,0,4878369
ygfM_xdhD_predicted,0.07142857142857142,13,13,CACACACCCGATAGGTTTAA,0,4887683
ygfM_xdhD_predicted,0.07142857142857142,13,13,CACAAATATAAGGTGAGCCT,0,4899374
ygfM_xdhD_predicted,0.07142857142857142,13,13,CAACGGGGTTCCACCAACCC,0,4868048
ygfM_xdhD_predicted,0.07142857142857142,13,13,CAACGCTTCCGGCAGTTAGC,0,4867535
ygfM_xdhD_predicted,0.07142857142857142,13,13,CAACGCCGTGGGGGGAACGG,0,4870335
ygfM_xdhD_predicted,0.07142857142857142,13,13,CAAATCTCTCGAGTCCCCTG,0,4870101
ygfM_xdhD_predicted,0.07142857142857142,13,13,ATTGCGGTGCCAGAGACGTT,0,4893790
ygfM_xdhD_predicted,0.07142857142857142,13,13,ATTGACTCGCTGCTAAACGT,0,4892149
ygfM_xdhD_predicted,0.07142857142857142,13,13,ATTACCTGGGTACCGGGGGT,0,4871562
ygfM_xdhD_predicted,0.07142857142857142,13,13,ATTAACCCTCCTGGATAATT,0,4879625
ygfM_xdhD_predicted,0.07142857142857142,13,13,ATGAGGAGCCCTGTCGGATC,0,4876526
ygfM_xdhD_predicted,0.07142857142857142,13,13,ATGAGCCGCCGCTCTTAGTG,0,4896206
ygfM_xdhD_predicted,0.07142857142857142,13,13,ATGAAGGAATGTTCCCAAAG,0,4878893
ygfM_xdhD_predicted,0.07142857142857142,13,13,ATATGGAAGAGCACAAGAAT,0,4882994
ygfM_xdhD_predicted,0.07142857142857142,13,13,ATATCGCGCTTATCAGCTAG,0,4886356
ygfM_xdhD_predicted,0.07142857142857142,13,13,AGTCTGCACATGAGAACACC,0,4882876
ygfM_xdhD_predicted,0.07142857142857142,13,13,AGTACCTGCAAGGGAATAAA,0,4890869
ygfM_xdhD_predicted,0.07142857142857142,13,13,AGGTACTGTCGCAAAGCCAA,0,4880015
ygfM_xdhD_predicted,0.07142857142857142,13,13,AGGGTCATGCGTAGACTCAT,0,4893628
ygfM_xdhD_predicted,0.07142857142857142,13,13,AGGGTACCAAGCCCTCTTTA,0,4865692
ygfM_xdhD_predicted,0.07142857142857142,13,13,AGGGCTAGAAAGGTCCGAGC,0,4866134
ygfM_xdhD_predicted,0.07142857142857142,13,13,AGGCCCGCAGTAATCCAAAG,0,4865854
ygfM_xdhD_predicted,0.07142857142857142,13,13,AGGAGAAACCGCCCACAGTG,0,4872517
ygfM_xdhD_predicted,0.07142857142857142,13,13,AGCTTTGTCTGTGTTGGCCT,0,4869071
ygfM_xdhD_predicted,0.07142857142857142,13,13,AGCTGTATATTCCGGGAGCA,0,4866680
ygfM_xdhD_predicted,0.07142857142857142,13,13,AGCGATTCCTTCTACCCTCG,0,4864066
ygfM_xdhD_predicted,0.07142857142857142,13,13,AGCGAACTACCACAAAAGTC,0,4876528
ygfM_xdhD_predicted,0.07142857142857142,13,13,AGCACTACGCAGGCCGCCCT,0,4865920
ygfM_xdhD_predicted,0.07142857142857142,13,13,AGCACGTTGTTCGAGCGGAA,0,4885033
ygfM_xdhD_predicted,0.07142857142857142,13,13,ACCTCCGAAAGGCATTTGCC,0,4882788
ygfM_xdhD_predicted,0.07142857142857142,13,13,ACCCATAACTCGGTGGCTAT,0,4892047
ygfM_xdhD_predicted,0.07142857142857142,13,13,ACATTTAAGCAGATATTTGG,0,4889621
ygfM_xdhD_predicted,0.07142857142857142,13,13,ACATAGCCCTACTGGGTGTA,0,4876979
ygfM_xdhD_predicted,0.07142857142857142,13,13,ACACTATACACGAGAACTAA,0,4865569
ygfM_xdhD_predicted,0.07142857142857142,13,13,ACACGTATGCTGTGCTTCCT,0,4883830
ygfM_xdhD_predicted,0.07142857142857142,13,13,ACACAACTCCTTTGCCCCTC,0,4896457
ygfM_xdhD_predicted,0.07142857142857142,13,13,ACAAATTAAATATCTGTATC,0,4899024
ygfM_xdhD_predicted,0.07142857142857142,13,13,AATTCTGGAAAATTCTCCGT,0,4888791
ygfM_xdhD_predicted,0.07142857142857142,13,13,AAGTATGTACCCCGGGGAAT,0,4872424
ygfM_xdhD_predicted,0.07142857142857142,13,13,AAGCGTATAACGAGGCTTCT,0,4879964
ygfM_xdhD_predicted,0.07142857142857142,13,13,AACTGATCTAGCTTCGCCAC,0,4877314
ygfM_xdhD_predicted,0.07142857142857142,13,13,AACGTCATTTGCCCAGTAAG,0,4889819
ygfM_xdhD_predicted,0.07142857142857142,13,13,AACGCGCGACTAGAAGAATT,0,4889500
ygfM_xdhD_predicted,0.07142857142857142,13,13,AACAGTGACCGTGAACTTAC,0,4881984
ygfM_xdhD_predicted,0.07142857142857142,13,13,AACAGTCCCGGCCTCAAATG,0,4870633
ygfM_xdhD_predicted,0.07142857142857142,13,13,AAAGGTACCGTCCGGGGTGA,0,4885199
ygfM_xdhD_predicted,0.07142857142857142,13,13,AAAGCTTCCTCACACGGCAT,0,4877371
ygfM_xdhD_predicted,0.07692307692307693,12,12,TTTGGTACCAATTGTCAGAT,0,4872452
ygfM_xdhD_predicted,0.07692307692307693,12,12,TTTAACAAGGGTTTATCCGT,0,4896865
ygfM_xdhD_predicted,0.07692307692307693,12,12,TTGTGGACGGTTTTAGAGAT,0,4872353
ygfM_xdhD_predicted,0.07692307692307693,12,12,TTGGGACATGATCTGGAGGT,0,4869794
ygfM_xdhD_predicted,0.07692307692307693,12,12,TTGCCAAACCCTACCGGACA,0,4888053
ygfM_xdhD_predicted,0.07692307692307693,12,12,TTCTAAGTCGTAAACCGGTG,0,4889051
ygfM_xdhD_predicted,0.07692307692307693,12,12,TTCCATACCTCACACCGTCC,0,4874404
ygfM_xdhD_predicted,0.07692307692307693,12,12,TTATGTCGGATGATTCGCAT,0,4869699
ygfM_xdhD_predicted,0.07692307692307693,12,12,TGTTCGCTGACCACGATGAT,0,4886983
ygfM_xdhD_predicted,0.07692307692307693,12,12,TGTTAATCCTCCGCCCACGC,0,4895422
ygfM_xdhD_predicted,0.07692307692307693,12,12,TGTCTGATTTCCACTCCTCA,0,4897185
ygfM_xdhD_predicted,0.07692307692307693,12,12,TGTAGAAGTTGGCCGGGGAT,0,4888905
ygfM_xdhD_predicted,0.07692307692307693,12,12,TGGTTACCGTCCAGGCATCA,0,4890025
ygfM_xdhD_predicted,0.07692307692307693,12,12,TGGTGACGCCTGGCTCAGTA,0,4892204
ygfM_xdhD_predicted,0.07692307692307693,12,12,TGGGTTTAGACTATATAGGA,0,4894956
ygfM_xdhD_predicted,0.07692307692307693,12,12,TGGGTATCGTGCGCATGGGG,0,4891742
ygfM_xdhD_predicted,0.07692307692307693,12,12,TGGGCTGTGGTAAGCCCAGC,0,4880953
ygfM_xdhD_predicted,0.07692307692307693,12,12,TGCACTCATCAATCGCTCCT,0,4885368
ygfM_xdhD_predicted,0.07692307692307693,12,12,TGATCGTTCGAGATGTTCGT,0,4890612
ygfM_xdhD_predicted,0.07692307692307693,12,12,TGATCGCCAGGGGCTCTGCT,0,4886683
ygfM_xdhD_predicted,0.07692307692307693,12,12,TGAGTTACGGCGTTGTAGGA,0,4893269
ygfM_xdhD_predicted,0.07692307692307693,12,12,TGACATGATGGCTTTCACTA,0,4885645
ygfM_xdhD_predicted,0.07692307692307693,12,12,TGAATGAGGAAGCCACAACC,0,4896410
ygfM_xdhD_predicted,0.07692307692307693,12,12,TGAAGCTGGACCCCAGCTTT,0,4866839
ygfM_xdhD_predicted,0.07692307692307693,12,12,TGAACGGCTCTGTGTTCCGG,0,4883769
ygfM_xdhD_predicted,0.07692307692307693,12,12,TCTTGTATTGAGCCAGGCTT,0,4895021
ygfM_xdhD_predicted,0.07692307692307693,12,12,TCTGATTTAAGTATGCAGCA,0,4875526
ygfM_xdhD_predicted,0.07692307692307693,12,12,TCTGACCTGCGTTATAGGAA,0,4864533
ygfM_xdhD_predicted,0.07692307692307693,12,12,TCTCTTCACCCTATATTGTT,0,4887381
ygfM_xdhD_predicted,0.07692307692307693,12,12,TCTCCAAAAAGCGCCTTTTA,0,4866841
ygfM_xdhD_predicted,0.07692307692307693,12,12,TCTATTTTACCTAATGGAGT,0,4876875
ygfM_xdhD_predicted,0.07692307692307693,12,12,TCGTAGTATTTCATAGAAGG,0,4865875
ygfM_xdhD_predicted,0.07692307692307693,12,12,TCGGGGGGTTATTGCCAATG,0,4891645
ygfM_xdhD_predicted,0.07692307692307693,12,12,TCGGCGGGGTATTCCCTGCA,0,4869326
ygfM_xdhD_predicted,0.07692307692307693,12,12,TCGCCGTCTTCGTTGCAAGG,0,4895588
ygfM_xdhD_predicted,0.07692307692307693,12,12,TCCTTTGCAGAAGGCAACAA,0,4899460
ygfM_xdhD_predicted,0.07692307692307693,12,12,TCCTATCGCTTAGTCAGGGT,0,4867494
ygfM_xdhD_predicted,0.07692307692307693,12,12,TCCTAACGAGTAAGCTGCAT,0,4892478
ygfM_xdhD_predicted,0.07692307692307693,12,12,TCCGGGTAAGTGTTTGTCCA,0,4896573
ygfM_xdhD_predicted,0.07692307692307693,12,12,TCCGCGCCAGTCAAAGGTGA,0,4890894
ygfM_xdhD_predicted,0.07692307692307693,12,12,TCCCATTTTTACGTTCGATC,0,4875916
ygfM_xdhD_predicted,0.07692307692307693,12,12,TCCCACGGAGCGTGCCCACT,0,4872481
ygfM_xdhD_predicted,0.07692307692307693,12,12,TCCATTCTCAGGAAGCATTT,0,4887102
ygfM_xdhD_predicted,0.07692307692307693,12,12,TCCATCAATAGATCGTAGCA,0,4894859
ygfM_xdhD_predicted,0.07692307692307693,12,12,TCCAACCGGAGAGACGCTCT,0,4896472
ygfM_xdhD_predicted,0.07692307692307693,12,12,TCACTGAAGTTTGTGCATAA,0,4869902
ygfM_xdhD_predicted,0.07692307692307693,12,12,TATTGATGTATTCACGGACT,0,4896375
ygfM_xdhD_predicted,0.07692307692307693,12,12,TATTACAAATAAGCTATGAG,0,4890784
ygfM_xdhD_predicted,0.07692307692307693,12,12,TATCCCCGACGGGTGCTACA,0,4865144
ygfM_xdhD_predicted,0.07692307692307693,12,12,TATATTTGCAAGCGTCGCCC,0,4868202
ygfM_xdhD_predicted,0.07692307692307693,12,12,TAGGCACGTGCGAGCTACAT,0,4878844
ygfM_xdhD_predicted,0.07692307692307693,12,12,TAGCGTGATGAAGACTAGCA,0,4874408
ygfM_xdhD_predicted,0.07692307692307693,12,12,TAGCGAAGAGCTTCGCACAC,0,4867811
ygfM_xdhD_predicted,0.07692307692307693,12,12,TACCACCCTAACAAAGCCAT,0,4884639
ygfM_xdhD_predicted,0.07692307692307693,12,12,TACACTCTTTGGACGGAGTA,0,4872269
ygfM_xdhD_predicted,0.07692307692307693,12,12,TAATGGCGCAGGCTAACCGA,0,4899106
ygfM_xdhD_predicted,0.07692307692307693,12,12,TAAGCTCCCCAATTTGGGTT,0,4880808
ygfM_xdhD_predicted,0.07692307692307693,12,12,TAAATTGGTGACTGTAGACG,0,4894585
ygfM_xdhD_predicted,0.07692307692307693,12,12,TAAAACCCGCGGTTCGTGTT,0,4883432
ygfM_xdhD_predicted,0.07692307692307693,12,12,GTTTTTGACTCTTCTAGATA,0,4882348
ygfM_xdhD_predicted,0.07692307692307693,12,12,GTTGGTAATTATGTCTCCAG,0,4871144
ygfM_xdhD_predicted,0.07692307692307693,12,12,GTTGCAAATCGCCATATCCA,0,4897310
ygfM_xdhD_predicted,0.07692307692307693,12,12,GTGTGGGGAAGAGTTCGAGC,0,4880616
ygfM_xdhD_predicted,0.07692307692307693,12,12,GTGTATTAAATCGGTAGGAC,0,4876288
ygfM_xdhD_predicted,0.07692307692307693,12,12,GTGGGCGTTTGGTACGCTAA,0,4879363
ygfM_xdhD_predicted,0.07692307692307693,12,12,GTGAGACGCGGTTTGCTGCC,0,4864425
ygfM_xdhD_predicted,0.07692307692307693,12,12,GTCGTTGGGCCGTGTTGCAT,0,4871485
ygfM_xdhD_predicted,0.07692307692307693,12,12,GTCCTGCAGCGTTGAGCACA,0,4896001
ygfM_xdhD_predicted,0.07692307692307693,12,12,GTCAGGCAGAAGAACCAGGG,0,4865398
ygfM_xdhD_predicted,0.07692307692307693,12,12,GTATTTTTCTGTCTGGGGAA,0,4864477
ygfM_xdhD_predicted,0.07692307692307693,12,12,GTATCGATCCAGGAAGAACG,0,4897653
ygfM_xdhD_predicted,0.07692307692307693,12,12,GTATATACCACTTCCTGGCA,0,4898106
ygfM_xdhD_predicted,0.07692307692307693,12,12,GTAGATGCCCCCGTAGATAA,0,4892142
ygfM_xdhD_predicted,0.07692307692307693,12,12,GTACCGCAACTTCGCCAGGC,0,4888654
ygfM_xdhD_predicted,0.07692307692307693,12,12,GGTTTCAGGCTTGTAGCGGA,0,4898712
ygfM_xdhD_predicted,0.07692307692307693,12,12,GGTTCGCTTAACCTACCTTG,0,4891667
ygfM_xdhD_predicted,0.07692307692307693,12,12,GGTTCCCTGTAGTCTTCCAT,0,4896863
ygfM_xdhD_predicted,0.07692307692307693,12,12,GGTGTGTGAGTGTTAAGCGC,0,4870040
ygfM_xdhD_predicted,0.07692307692307693,12,12,GGTAAGTTGGGGACTAATTA,0,4891598
ygfM_xdhD_predicted,0.07692307692307693,12,12,GGGTATACGGTACAGCAGCT,0,4867727
ygfM_xdhD_predicted,0.07692307692307693,12,12,GGGGTTCACCTTTAAGCAAA,0,4865938
ygfM_xdhD_predicted,0.07692307692307693,12,12,GGGGCACCGGTGCGCGGTCT,0,4893655
ygfM_xdhD_predicted,0.07692307692307693,12,12,GGGACATTTCCACAGTTGTC,0,4881854
ygfM_xdhD_predicted,0.07692307692307693,12,12,GGCTGTACTATAGATCGTGG,0,4887007
ygfM_xdhD_predicted,0.07692307692307693,12,12,GGCCTGTGCTCTACTGTACA,0,4865675
ygfM_xdhD_predicted,0.07692307692307693,12,12,GGCCGTGAACCAAGATTGGA,0,4884534
ygfM_xdhD_predicted,0.07692307692307693,12,12,GGCCGCGTATTGTGGTACGG,0,4871825
ygfM_xdhD_predicted,0.07692307692307693,12,12,GGAGTCCGCATTGCGTGGTT,0,4878275
ygfM_xdhD_predicted,0.07692307692307693,12,12,GGAGGGTGACAAGGAGAGAC,0,4873535
ygfM_xdhD_predicted,0.07692307692307693,12,12,GGAGGGTCTATTTATGGGTC,0,4894572
ygfM_xdhD_predicted,0.07692307692307693,12,12,GGACGCCGACCCTATATGGG,0,4869121
ygfM_xdhD_predicted,0.07692307692307693,12,12,GGAAGTCGGGCTTTGGGAAT,0,4878664
ygfM_xdhD_predicted,0.07692307692307693,12,12,GGAAGCATTGAGGGCCCTCA,0,4892208
ygfM_xdhD_predicted,0.07692307692307693,12,12,GGAAAGGGCATAAGTCCCCT,0,4897751
ygfM_xdhD_predicted,0.07692307692307693,12,12,GCTGTTGTACCTCGTGGTAG,0,4884646
ygfM_xdhD_predicted,0.07692307692307693,12,12,GCTGGCCCCCCGACAGCGAA,0,4881357
ygfM_xdhD_predicted,0.07692307692307693,12,12,GCTGCGATAGTACGAGGACT,0,4893169
ygfM_xdhD_predicted,0.07692307692307693,12,12,GCTGCACTGCATCCACTCTG,0,4887773
ygfM_xdhD_predicted,0.07692307692307693,12,12,GCTCCAAATGGTAATGGAGT,0,4895675
ygfM_xdhD_predicted,0.07692307692307693,12,12,GCTAGAACATAACCTACTGG,0,4889159
ygfM_xdhD_predicted,0.07692307692307693,12,12,GCTACCAAACTATCGCAGCT,0,4877355
ygfM_xdhD_predicted,0.07692307692307693,12,12,GCGGTTTTGAATTACAGGAG,0,4879587
ygfM_xdhD_predicted,0.07692307692307693,12,12,GCGGTTTAGGCGTTTACTTC,0,4882117
ygfM_xdhD_predicted,0.07692307692307693,12,12,GCGGCCGCGTGCAGTAATAA,0,4885523
ygfM_xdhD_predicted,0.07692307692307693,12,12,GCGCGATCGTGTCGCCCCGT,0,4891018
ygfM_xdhD_predicted,0.07692307692307693,12,12,GCGCAGTCCCTTGCAAAAGT,0,4879840
ygfM_xdhD_predicted,0.07692307692307693,12,12,GCGAGACCTCCGTAAGCTCA,0,4872536
ygfM_xdhD_predicted,0.07692307692307693,12,12,GCCTTGGGCGTGCCTCTTGT,0,4869647
ygfM_xdhD_predicted,0.07692307692307693,12,12,GCCCCTCAAGCGTGGCCGGG,0,4883536
ygfM_xdhD_predicted,0.07692307692307693,12,12,GCACTGAGATCATAATCTCT,0,4888745
ygfM_xdhD_predicted,0.07692307692307693,12,12,GATTCTGCGTCGGGGGTATC,0,4874679
ygfM_xdhD_predicted,0.07692307692307693,12,12,GAGTCTTCAGAAATCATTTA,0,4891998
ygfM_xdhD_predicted,0.07692307692307693,12,12,GAGTCTAAATTGTGTAGGTA,0,4865613
ygfM_xdhD_predicted,0.07692307692307693,12,12,GAGGGAATGGATCATCCCGA,0,4891995
ygfM_xdhD_predicted,0.07692307692307693,12,12,GAGCGTGAACGTCAAATTTT,0,4884361
ygfM_xdhD_predicted,0.07692307692307693,12,12,GAGACCGGCTCAAGGGCTAT,0,4882122
ygfM_xdhD_predicted,0.07692307692307693,12,12,GACGTCCCTGCGTTAATTAA,0,4865676
ygfM_xdhD_predicted,0.07692307692307693,12,12,GAATTGGTGAGTAACGTTCA,0,4884192
ygfM_xdhD_predicted,0.07692307692307693,12,12,GAATTGAGGCGACACAAATA,0,4872807
ygfM_xdhD_predicted,0.07692307692307693,12,12,GAATCCCTTATGGACCCCAC,0,4888583
ygfM_xdhD_predicted,0.07692307692307693,12,12,GAAGGTGACACTTACTTCAC,0,4875094
ygfM_xdhD_predicted,0.07692307692307693,12,12,GAACCAGGAGGGTCCGATCA,0,4872580
ygfM_xdhD_predicted,0.07692307692307693,12,12,CTTGTTACCGTCTTACTTGA,0,4897463
ygfM_xdhD_predicted,0.07692307692307693,12,12,CTTAGTGTAATGGACGGGGC,0,4866739
ygfM_xdhD_predicted,0.07692307692307693,12,12,CTTAGCTGATTCCAGAACAG,0,4881636
ygfM_xdhD_predicted,0.07692307692307693,12,12,CTGTTCGAATGTAGGACGCC,0,4899443
ygfM_xdhD_predicted,0.07692307692307693,12,12,CTGATTGGGGGGCCAAATTC,0,4874096
ygfM_xdhD_predicted,0.07692307692307693,12,12,CTCGGGAGGGTGGCTTTGAT,0,4871199
ygfM_xdhD_predicted,0.07692307692307693,12,12,CTCGAAGGGTCTCGGTCCGG,0,4867585
ygfM_xdhD_predicted,0.07692307692307693,12,12,CTCCCTCATTCCCGGGACTT,0,4885541
ygfM_xdhD_predicted,0.07692307692307693,12,12,CTCATATGACCAGCCAGTAG,0,4897970
ygfM_xdhD_predicted,0.07692307692307693,12,12,CTCAGGTCGGGCACGTAAAC,0,4885644
ygfM_xdhD_predicted,0.07692307692307693,12,12,CTCACACTGAGGCGGTGGGG,0,4866905
ygfM_xdhD_predicted,0.07692307692307693,12,12,CTATGCGACAGAGCACCATA,0,4871207
ygfM_xdhD_predicted,0.07692307692307693,12,12,CTACGTCCAATCGGGGCCGC,0,4884798
ygfM_xdhD_predicted,0.07692307692307693,12,12,CTACCTGCGGGAAACATGTG,0,4890516
ygfM_xdhD_predicted,0.07692307692307693,12,12,CTAATCGCTGATAAGCAAAT,0,4898471
ygfM_xdhD_predicted,0.07692307692307693,12,12,CTAAGAATCCCGAAAGGAAC,0,4873696
ygfM_xdhD_predicted,0.07692307692307693,12,12,CTAAACTCTGATCAGCTCGC,0,4889748
ygfM_xdhD_predicted,0.07692307692307693,12,12,CGTGCATAGCGTACTGTGTT,0,4878609
ygfM_xdhD_predicted,0.07692307692307693,12,12,CGTATAATGCGGGTGGGTAA,0,4879370
ygfM_xdhD_predicted,0.07692307692307693,12,12,CGGTTGGTTCATGTGGTAAA,0,4867349
ygfM_xdhD_predicted,0.07692307692307693,12,12,CGGTGAGATCACAAAAAAAT,0,4871606
ygfM_xdhD_predicted,0.07692307692307693,12,12,CGGGGCGTGGGTTCAGCTCT,0,4871442
ygfM_xdhD_predicted,0.07692307692307693,12,12,CGGGCCAAGCCTCTATTTGG,0,4868716
ygfM_xdhD_predicted,0.07692307692307693,12,12,CGGCGGTACCAAAGGTATGG,0,4876630
ygfM_xdhD_predicted,0.07692307692307693,12,12,CGGAGACAACAGACTTTGGG,0,4872852
ygfM_xdhD_predicted,0.07692307692307693,12,12,CGCTTCCGTTTCGAACCATT,0,4896222
ygfM_xdhD_predicted,0.07692307692307693,12,12,CGCTCGCAGTGGCATTCGTG,0,4871145
ygfM_xdhD_predicted,0.07692307692307693,12,12,CGCCCGGAATAAGGGATAAT,0,4886096
ygfM_xdhD_predicted,0.07692307692307693,12,12,CGCAGTGCCATACAGGCACT,0,4870569
ygfM_xdhD_predicted,0.07692307692307693,12,12,CGCAATCGTAGCTCTTCCTT,0,4886947
ygfM_xdhD_predicted,0.07692307692307693,12,12,CGCAACCGTTGACCCCCCAA,0,4868470
ygfM_xdhD_predicted,0.07692307692307693,12,12,CGATGTGGGTATGACTGTTC,0,4897373
ygfM_xdhD_predicted,0.07692307692307693,12,12,CGATAGTTGTGCGAACAGCT,0,4888677
ygfM_xdhD_predicted,0.07692307692307693,12,12,CGAGACAACCTTCAGCTATG,0,4878137
ygfM_xdhD_predicted,0.07692307692307693,12,12,CGACGAGGCCACCAAGAGTA,0,4877434
ygfM_xdhD_predicted,0.07692307692307693,12,12,CGAATACTACAATGGCCCTG,0,4897215
ygfM_xdhD_predicted,0.07692307692307693,12,12,CCTTAACAGCGGCCTGCTGA,0,4868146
ygfM_xdhD_predicted,0.07692307692307693,12,12,CCTCTTACAAACGGAAGTAA,0,4874736
ygfM_xdhD_predicted,0.07692307692307693,12,12,CCGGGGTCCGGGTCGATAGT,0,4897585
ygfM_xdhD_predicted,0.07692307692307693,12,12,CCGCAGCAAGGAGTGTGGAT,0,4872658
ygfM_xdhD_predicted,0.07692307692307693,12,12,CCCGGGAGTAAAGCCACATA,0,4889005
ygfM_xdhD_predicted,0.07692307692307693,12,12,CCCCACACTCCTATATATAA,0,4884608
ygfM_xdhD_predicted,0.07692307692307693,12,12,CCATTTGCGTTAATGAATTC,0,4875369
ygfM_xdhD_predicted,0.07692307692307693,12,12,CCATGGGCAGTTTAGCGGTC,0,4864563
ygfM_xdhD_predicted,0.07692307692307693,12,12,CCATCCCGAGCTCACTTCTT,0,4883646
ygfM_xdhD_predicted,0.07692307692307693,12,12,CCACTCCGATTTGGAGGCGG,0,4871740
ygfM_xdhD_predicted,0.07692307692307693,12,12,CCACATGATGCCTGGATGCG,0,4882790
ygfM_xdhD_predicted,0.07692307692307693,12,12,CCACAAATCGTAACACAACT,0,4878094
ygfM_xdhD_predicted,0.07692307692307693,12,12,CCAAGTGACACTCTAGGCCT,0,4886473
ygfM_xdhD_predicted,0.07692307692307693,12,12,CATATGGGGTGGGTCAGCGC,0,4864669
ygfM_xdhD_predicted,0.07692307692307693,12,12,CATAATGGTAACTCCCCGCA,0,4868289
ygfM_xdhD_predicted,0.07692307692307693,12,12,CAGGTCGAGAAGGGGACCAA,0,4875756
ygfM_xdhD_predicted,0.07692307692307693,12,12,CAGGCTGTCGCACATGAATA,0,4885323
ygfM_xdhD_predicted,0.07692307692307693,12,12,CAGCTGGTGCCACACGTGCG,0,4883762
ygfM_xdhD_predicted,0.07692307692307693,12,12,CAGCTCCAGTTACACTTTCG,0,4884150
ygfM_xdhD_predicted,0.07692307692307693,12,12,CACTTCAGTAGCTCACTCTG,0,4879081
ygfM_xdhD_predicted,0.07692307692307693,12,12,CACCCGCGACCGCCGGTGCT,0,4882699
ygfM_xdhD_predicted,0.07692307692307693,12,12,CACACACAATTGGGGGTCCG,0,4895439
ygfM_xdhD_predicted,0.07692307692307693,12,12,CACAAGATATCTATGTCCAT,0,4897058
ygfM_xdhD_predicted,0.07692307692307693,12,12,CAAATACATGTACGCCGGGT,0,4874388
ygfM_xdhD_predicted,0.07692307692307693,12,12,ATTTTCCCCGGACCGCGACA,0,4885958
ygfM_xdhD_predicted,0.07692307692307693,12,12,ATTTATCGATATCCACTACA,0,4898896
ygfM_xdhD_predicted,0.07692307692307693,12,12,ATTCGTTATTGTGAAAATCG,0,4884843
ygfM_xdhD_predicted,0.07692307692307693,12,12,ATGCACGCTAAATGCAGACT,0,4883283
ygfM_xdhD_predicted,0.07692307692307693,12,12,ATCCAAGATTCAGTAGAGGC,0,4891392
ygfM_xdhD_predicted,0.07692307692307693,12,12,ATCAGGTTCACCGCGCCTCG,0,4882809
ygfM_xdhD_predicted,0.07692307692307693,12,12,ATAACATGCCAAGGTCTATA,0,4890258
ygfM_xdhD_predicted,0.07692307692307693,12,12,AGTTCGTGTTTCGCAAGCGG,0,4866493
ygfM_xdhD_predicted,0.07692307692307693,12,12,AGGGTACAAGTGCCTTTATG,0,4891647
ygfM_xdhD_predicted,0.07692307692307693,12,12,AGGGGACAAATACACGGTGT,0,4892319
ygfM_xdhD_predicted,0.07692307692307693,12,12,AGGGCAAAAAGTACAGTTGA,0,4876788
ygfM_xdhD_predicted,0.07692307692307693,12,12,AGGGATCTCTGTCTGAAGTG,0,4869253
ygfM_xdhD_predicted,0.07692307692307693,12,12,AGGCTGCAAGTCTGGAAGGT,0,4864424
ygfM_xdhD_predicted,0.07692307692307693,12,12,AGCTAACACAGGCTCGGAAA,0,4892144
ygfM_xdhD_predicted,0.07692307692307693,12,12,AGCGAGAGCCTTAATGCGTA,0,4864729
ygfM_xdhD_predicted,0.07692307692307693,12,12,AGCCTCGAACTCGGCCTCAG,0,4899511
ygfM_xdhD_predicted,0.07692307692307693,12,12,AGCAAGCACGAGGACCGGGA,0,4894517
ygfM_xdhD_predicted,0.07692307692307693,12,12,AGATGACTCGAACACTGGCC,0,4866636
ygfM_xdhD_predicted,0.07692307692307693,12,12,AGATCCACACTGGAGGCCTT,0,4877763
ygfM_xdhD_predicted,0.07692307692307693,12,12,AGAGCCGGGAAGCAACGTAC,0,4893352
ygfM_xdhD_predicted,0.07692307692307693,12,12,AGACACTCCGAGATGTACCA,0,4879983
ygfM_xdhD_predicted,0.07692307692307693,12,12,AGAATTAACCCTGGGCTGGC,0,4865302
ygfM_xdhD_predicted,0.07692307692307693,12,12,AGAAGGCGGACCAGGCTCAC,0,4880790
ygfM_xdhD_predicted,0.07692307692307693,12,12,AGAAGGATTCACAGCGCCGT,0,4898276
ygfM_xdhD_predicted,0.07692307692307693,12,12,ACTCGTCGGTACATAGACAG,0,4880538
ygfM_xdhD_predicted,0.07692307692307693,12,12,ACTCCTTGCGGTTTATTTAG,0,4886512
ygfM_xdhD_predicted,0.07692307692307693,12,12,ACTCATCCAACCAGCTCACG,0,4894986
ygfM_xdhD_predicted,0.07692307692307693,12,12,ACGGTGGACACGGTGATCGT,0,4886480
ygfM_xdhD_predicted,0.07692307692307693,12,12,ACGGAAAATGTCCGTATGGT,0,4868739
ygfM_xdhD_predicted,0.07692307692307693,12,12,ACGAATCGTACGTACGTTCT,0,4883553
ygfM_xdhD_predicted,0.07692307692307693,12,12,ACACGGAAGTCCTTACCCCT,0,4880714
ygfM_xdhD_predicted,0.07692307692307693,12,12,ACACAAGGTCCTGATGCCGA,0,4871707
ygfM_xdhD_predicted,0.07692307692307693,12,12,ACAAATACAGGCGGGCATGG,0,4872671
ygfM_xdhD_predicted,0.07692307692307693,12,12,AATGAGCTACAAAGGACAGG,0,4876198
ygfM_xdhD_predicted,0.07692307692307693,12,12,AATAGCACCATCAAATCAGG,0,4891353
ygfM_xdhD_predicted,0.07692307692307693,12,12,AAGTGTTAGGCATTATTACT,0,4866624
ygfM_xdhD_predicted,0.07692307692307693,12,12,AAGGTCCGGGTTGTCCAATG,0,4864463
ygfM_xdhD_predicted,0.07692307692307693,12,12,AAGCTCTCGCCCTTAAGTAC,0,4881097
ygfM_xdhD_predicted,0.07692307692307693,12,12,AAGAAGACTTCCTGCTTTCA,0,4872820
ygfM_xdhD_predicted,0.07692307692307693,12,12,AACTGCCTACTCCGTTATGT,0,4891814
ygfM_xdhD_predicted,0.07692307692307693,12,12,AACGGATAGCGCTACAGGAT,0,4867869
ygfM_xdhD_predicted,0.07692307692307693,12,12,AACCGTTCGAGAAGACTCCG,0,4888178
ygfM_xdhD_predicted,0.07692307692307693,12,12,AACAAACGGGGGGCTCGAAG,0,4892882
ygfM_xdhD_predicted,0.07692307692307693,12,12,AAAGGCCAGCGTCAAAGGTA,0,4873572
ygfM_xdhD_predicted,0.07692307692307693,12,12,AAACGAAACTTGCTTAGGGT,0,4868918
ygfM_xdhD_predicted,0.07692307692307693,12,12,AAACCTTCTTCTGCAGGGGC,0,4894977
ygfM_xdhD_predicted,0.07692307692307693,12,12,AAAAGTGGGTATGGGTCCAG,0,4868025
ygfM_xdhD_predicted,0.08333333333333333,11,11,TTTGGTTCATCAAATCTCCA,0,4871168
ygfM_xdhD_predicted,0.08333333333333333,11,11,TTTATGTTGGGGCGACCCTT,0,4878010
ygfM_xdhD_predicted,0.08333333333333333,11,11,TTTAGTATCAAGCAGCGCCC,0,4889349
ygfM_xdhD_predicted,0.08333333333333333,11,11,TTGTACTCATTCGGAGCCTG,0,4875564
ygfM_xdhD_predicted,0.08333333333333333,11,11,TTGAGAGAGGATAATCGACA,0,4865366
ygfM_xdhD_predicted,0.08333333333333333,11,11,TTGACGGTTTCTGGCTTGAA,0,4893823
ygfM_xdhD_predicted,0.08333333333333333,11,11,TTGACGAAAATCGAGTATTG,0,4896149
ygfM_xdhD_predicted,0.08333333333333333,11,11,TTGACCCATCCTCATCTGAT,0,4897519
ygfM_xdhD_predicted,0.08333333333333333,11,11,TTCTTATCCCCTGTTGCAAG,0,4890585
ygfM_xdhD_predicted,0.08333333333333333,11,11,TTCGGCATGTTCAGTCACTC,0,4884935
ygfM_xdhD_predicted,0.08333333333333333,11,11,TTCCAGAGAACTATTGGTAC,0,4871031
ygfM_xdhD_predicted,0.08333333333333333,11,11,TTCAACTTTCCGCATATCGT,0,4872696
ygfM_xdhD_predicted,0.08333333333333333,11,11,TTATGTAGGCCCCTTAAACG,0,4894421
ygfM_xdhD_predicted,0.08333333333333333,11,11,TTAGAGCCTATAATCAAGAG,0,4878506
ygfM_xdhD_predicted,0.08333333333333333,11,11,TTAGAGATAGGTGTCCAATA,0,4884524
ygfM_xdhD_predicted,0.08333333333333333,11,11,TTACGCCGAGCTCTACCACA,0,4898501
ygfM_xdhD_predicted,0.08333333333333333,11,11,TTAAGATGAACAGAGATTTG,0,4866466
ygfM_xdhD_predicted,0.08333333333333333,11,11,TGTTTGCGGGGACAAGACCA,0,4886225
ygfM_xdhD_predicted,0.08333333333333333,11,11,TGTTGTGTACACCGGCGCGA,0,4871163
ygfM_xdhD_predicted,0.08333333333333333,11,11,TGTTGGTGGGAAAAGAAACA,0,4889158
ygfM_xdhD_predicted,0.08333333333333333,11,11,TGTTGACAAAACCTCCGGTT,0,4895185
ygfM_xdhD_predicted,0.08333333333333333,11,11,TGTTCAGCACACTCCGTAGC,0,4865343
ygfM_xdhD_predicted,0.08333333333333333,11,11,TGTGTTTTCGGCGCCTCCTG,0,4874999
ygfM_xdhD_predicted,0.08333333333333333,11,11,TGTGACTGATGGTTCTACAA,0,4889750
ygfM_xdhD_predicted,0.08333333333333333,11,11,TGTCGTCCAATGTGTACCGA,0,4899554
ygfM_xdhD_predicted,0.08333333333333333,11,11,TGTCAATATATTGGTCATTT,0,4875451
ygfM_xdhD_predicted,0.08333333333333333,11,11,TGGTAGTGCCGACTCAAAAC,0,4867843
ygfM_xdhD_predicted,0.08333333333333333,11,11,TGGTAAATGTGCCATAAACC,0,4887005
ygfM_xdhD_predicted,0.08333333333333333,11,11,TGGGGCTTGGCTCAGGGGAT,0,4882419
ygfM_xdhD_predicted,0.08333333333333333,11,11,TGGAGAAAGAACGCGGACAG,0,4894612
ygfM_xdhD_predicted,0.08333333333333333,11,11,TGCTTTTGACTATTGCAATA,0,4882531
ygfM_xdhD_predicted,0.08333333333333333,11,11,TGCTTTGAAAGAGTCTAAAG,0,4875439
ygfM_xdhD_predicted,0.08333333333333333,11,11,TGCTTCTCGACGATCTCGAT,0,4898992
ygfM_xdhD_predicted,0.08333333333333333,11,11,TGCGCCCCCTGCATTGTGTG,0,4890119
ygfM_xdhD_predicted,0.08333333333333333,11,11,TGATTTCTAGCCCGGTTTGA,0,4872179
ygfM_xdhD_predicted,0.08333333333333333,11,11,TGATGTGCACTTCAAGAATT,0,4867743
ygfM_xdhD_predicted,0.08333333333333333,11,11,TGATGGCTCTCCGCGATGAT,0,4886311
ygfM_xdhD_predicted,0.08333333333333333,11,11,TGACGCGGTTTGAGTAAGTC,0,4880796
ygfM_xdhD_predicted,0.08333333333333333,11,11,TGACACCGGACTCACCTTGG,0,4879140
ygfM_xdhD_predicted,0.08333333333333333,11,11,TCTCACAGCTATCTTCTTAT,0,4866756
ygfM_xdhD_predicted,0.08333333333333333,11,11,TCTAAGGGACGCTAAGCCCC,0,4886430
ygfM_xdhD_predicted,0.08333333333333333,11,11,TCGTCTAATCTGCGGCTCCA,0,4875154
ygfM_xdhD_predicted,0.08333333333333333,11,11,TCGGCTTGCTGAAACCTCGT,0,4874608
ygfM_xdhD_predicted,0.08333333333333333,11,11,TCGCCGCCCCCGCACTTTGT,0,4891562
ygfM_xdhD_predicted,0.08333333333333333,11,11,TCCTGTCGCCTGTACATATC,0,4890896
ygfM_xdhD_predicted,0.08333333333333333,11,11,TCAGAGGGCGTATCTACATG,0,4876408
ygfM_xdhD_predicted,0.08333333333333333,11,11,TCACGTCTCTCTAGCGCAAG,0,4879826
ygfM_xdhD_predicted,0.08333333333333333,11,11,TCACCCAGGGGCTGACCTTT,0,4868615
ygfM_xdhD_predicted,0.08333333333333333,11,11,TCAATATCGAGTCAGTTAGT,0,4869350
ygfM_xdhD_predicted,0.08333333333333333,11,11,TCAAGTGCCGAAATTCCGTT,0,4890446
ygfM_xdhD_predicted,0.08333333333333333,11,11,TCAACCGACGTACGGATAAA,0,4897465
ygfM_xdhD_predicted,0.08333333333333333,11,11,TATAAAGATCCTCCCGGGAG,0,4866412
ygfM_xdhD_predicted,0.08333333333333333,11,11,TAGGGTGTATTATATCGTGG,0,4892380
ygfM_xdhD_predicted,0.08333333333333333,11,11,TAGGGGGGGTTTGCAGGAAT,0,4872507
ygfM_xdhD_predicted,0.08333333333333333,11,11,TAGCTGGAGTGTTACTAAGC,0,4891165
ygfM_xdhD_predicted,0.08333333333333333,11,11,TAGCCAACGTATGGGTAGAA,0,4895390
ygfM_xdhD_predicted,0.08333333333333333,11,11,TAGCATACCTACGTTGTATA,0,4877103
ygfM_xdhD_predicted,0.08333333333333333,11,11,TAGAGATTGACAAATGGGTT,0,4869073
ygfM_xdhD_predicted,0.08333333333333333,11,11,TACTTGCTCTAGAGTGAACG,0,4879460
ygfM_xdhD_predicted,0.08333333333333333,11,11,TACTTAGTATGCCCACTCCC,0,4889928
ygfM_xdhD_predicted,0.08333333333333333,11,11,TACTAGAGACTGCGAAGCTA,0,4875958
ygfM_xdhD_predicted,0.08333333333333333,11,11,TACGCGCGACCCCCTCCCGT,0,4885001
ygfM_xdhD_predicted,0.08333333333333333,11,11,TACCAGCGCACATATATGAC,0,4872409
ygfM_xdhD_predicted,0.08333333333333333,11,11,TACATAGTCCGGGTCGTATG,0,4881686
ygfM_xdhD_predicted,0.08333333333333333,11,11,TACAATGACTTGGCTCCAAT,0,4891552
ygfM_xdhD_predicted,0.08333333333333333,11,11,TAATGGAGCGGTCCTCGGTC,0,4882342
ygfM_xdhD_predicted,0.08333333333333333,11,11,TAAGTCTCGGGATCTATATC,0,4890085
ygfM_xdhD_predicted,0.08333333333333333,11,11,TAAGGGTGCGTAGTTACCGC,0,4888686
ygfM_xdhD_predicted,0.08333333333333333,11,11,TAAATTGTTGTGGGCTTGTA,0,4875165
ygfM_xdhD_predicted,0.08333333333333333,11,11,GTTGAGGCAATTGAGCAGCT,0,4866168
ygfM_xdhD_predicted,0.08333333333333333,11,11,GTTAGTTTCTCAGTTTGTGC,0,4863938
ygfM_xdhD_predicted,0.08333333333333333,11,11,GTTACTGCGTGGGTTTTCCT,0,4881937
ygfM_xdhD_predicted,0.08333333333333333,11,11,GTGTGGTATTGGATGATGGT,0,4898844
ygfM_xdhD_predicted,0.08333333333333333,11,11,GTGGGTGAATGACACCACTC,0,4887532
ygfM_xdhD_predicted,0.08333333333333333,11,11,GTGGAGGGAGTGCACTGAAT,0,4897691
ygfM_xdhD_predicted,0.08333333333333333,11,11,GTGGAGGACTCGTAGGGGAC,0,4864288
ygfM_xdhD_predicted,0.08333333333333333,11,11,GTGCAGGCCCGGATCGCTGC,0,4896116
ygfM_xdhD_predicted,0.08333333333333333,11,11,GTGCACAGACTAATTAGAAA,0,4872588
ygfM_xdhD_predicted,0.08333333333333333,11,11,GTCTTCTGCCTTGGGCTAAA,0,4896325
ygfM_xdhD_predicted,0.08333333333333333,11,11,GTCTTCACCACACAGACTAT,0,4893158
ygfM_xdhD_predicted,0.08333333333333333,11,11,GTCTTAGGGACGTAATAGGT,0,4868821
ygfM_xdhD_predicted,0.08333333333333333,11,11,GTCTGTACTGAAGTGGTTTT,0,4866109
ygfM_xdhD_predicted,0.08333333333333333,11,11,GTCACCTGTACCCATTTAAC,0,4883671
ygfM_xdhD_predicted,0.08333333333333333,11,11,GTATTGTAAGCGGATCTCCA,0,4875461
ygfM_xdhD_predicted,0.08333333333333333,11,11,GGTTGCTATTATCCCGTAAG,0,4865458
ygfM_xdhD_predicted,0.08333333333333333,11,11,GGTTGAGATGGCTTGAAATA,0,4881550
ygfM_xdhD_predicted,0.08333333333333333,11,11,GGTTATAAACGGGAATTTAG,0,4893316
ygfM_xdhD_predicted,0.08333333333333333,11,11,GGTCGTAGTGTGCTCGGTAG,0,4892210
ygfM_xdhD_predicted,0.08333333333333333,11,11,GGTCCGCTGAGTATCGAAGT,0,4887427
ygfM_xdhD_predicted,0.08333333333333333,11,11,GGTAATTTTTGAGTGCGAGG,0,4888947
ygfM_xdhD_predicted,0.08333333333333333,11,11,GGGTTAATATCAGCTTCGAA,0,4888342
ygfM_xdhD_predicted,0.08333333333333333,11,11,GGGTGGTTATTCACTATGAG,0,4878633
ygfM_xdhD_predicted,0.08333333333333333,11,11,GGGCTATAGGGATCCAGGCT,0,4888361
ygfM_xdhD_predicted,0.08333333333333333,11,11,GGGATAAGGAAAGCGCTCGA,0,4877581
ygfM_xdhD_predicted,0.08333333333333333,11,11,GGGACATGACGCATGCTACA,0,4891224
ygfM_xdhD_predicted,0.08333333333333333,11,11,GGCTAAAGGGTACGTGTATA,0,4895294
ygfM_xdhD_predicted,0.08333333333333333,11,11,GGCCTTGCTATGCGCGTCGT,0,4883790
ygfM_xdhD_predicted,0.08333333333333333,11,11,GGCCTATCGGCCTAGATACC,0,4894089
ygfM_xdhD_predicted,0.08333333333333333,11,11,GGCCGTTTGCGTAGAACTGA,0,4896575
ygfM_xdhD_predicted,0.08333333333333333,11,11,GGCCGGATTAAATAGGCTGT,0,4895402
ygfM_xdhD_predicted,0.08333333333333333,11,11,GGCAATCAAATCTTTGGCAG,0,4874759
ygfM_xdhD_predicted,0.08333333333333333,11,11,GGATAGCCTAATACATCTTC,0,4872156
ygfM_xdhD_predicted,0.08333333333333333,11,11,GGAGGCCACTGGGTCCGCTG,0,4866448
ygfM_xdhD_predicted,0.08333333333333333,11,11,GGAGACTGACTTGCGGAGGC,0,4885821
ygfM_xdhD_predicted,0.08333333333333333,11,11,GGACGCGCCGGCACGCCAGG,0,4890587
ygfM_xdhD_predicted,0.08333333333333333,11,11,GGACACTTGCGCTTTCCGGA,0,4895556
ygfM_xdhD_predicted,0.08333333333333333,11,11,GGAAAAGGCATGAACCGAAC,0,4866295
ygfM_xdhD_predicted,0.08333333333333333,11,11,GCTGGGCGCATACCTCGCCC,0,4889898
ygfM_xdhD_predicted,0.08333333333333333,11,11,GCGTCGCACCGCATCACGCT,0,4878481
ygfM_xdhD_predicted,0.08333333333333333,11,11,GCGAATGAAAAGTTTCGGAA,0,4896145
ygfM_xdhD_predicted,0.08333333333333333,11,11,GCCGTGGGTATAGAAGGAGT,0,4898900
ygfM_xdhD_predicted,0.08333333333333333,11,11,GCCCTTCCGACTCTATTCGT,0,4896779
ygfM_xdhD_predicted,0.08333333333333333,11,11,GCCATAAGTTGAAAGGGGAC,0,4885712
ygfM_xdhD_predicted,0.08333333333333333,11,11,GCAGTCGAGGCAAAGGGTGC,0,4873256
ygfM_xdhD_predicted,0.08333333333333333,11,11,GCAGTCCAAAGCGATCCTAT,0,4887526
ygfM_xdhD_predicted,0.08333333333333333,11,11,GCACGATATTTAAGCCCACA,0,4890205
ygfM_xdhD_predicted,0.08333333333333333,11,11,GCACGAACACTCCTATCGAT,0,4887516
ygfM_xdhD_predicted,0.08333333333333333,11,11,GCACATTGTCACCAGTATCC,0,4864374
ygfM_xdhD_predicted,0.08333333333333333,11,11,GCAAGGTTGAGTGTTACTAT,0,4877099
ygfM_xdhD_predicted,0.08333333333333333,11,11,GATCTCTTACCTCGTGGAAT,0,4870565
ygfM_xdhD_predicted,0.08333333333333333,11,11,GATCACGGTGGGAGCATACG,0,4885343
ygfM_xdhD_predicted,0.08333333333333333,11,11,GAGTGCGTTGGCCTAGGATG,0,4867287
ygfM_xdhD_predicted,0.08333333333333333,11,11,GAGTCTTGCCCGTTGACTGA,0,4894059
ygfM_xdhD_predicted,0.08333333333333333,11,11,GAGTCCCTGTCGAAACGATA,0,4878015
ygfM_xdhD_predicted,0.08333333333333333,11,11,GAGGTTCACTGAATAATACA,0,4885035
ygfM_xdhD_predicted,0.08333333333333333,11,11,GAGACGGGCCGCGTTATCCT,0,4884119
ygfM_xdhD_predicted,0.08333333333333333,11,11,GACTGGGAACTGTTTGTGGG,0,4863854
ygfM_xdhD_predicted,0.08333333333333333,11,11,GACAGTATGCTCTAGACGTA,0,4873971
ygfM_xdhD_predicted,0.08333333333333333,11,11,GAATTCCTCCTTGGAGCCGT,0,4866424
ygfM_xdhD_predicted,0.08333333333333333,11,11,GAAGTGTGAGGACGTTCGCT,0,4874083
ygfM_xdhD_predicted,0.08333333333333333,11,11,GAAGTCCGTAACGCGTGTTC,0,4875556
ygfM_xdhD_predicted,0.08333333333333333,11,11,GAACGCTCACACCCTTTTTA,0,4898056
ygfM_xdhD_predicted,0.08333333333333333,11,11,GAAATGAAACCCATAATCAG,0,4876647
ygfM_xdhD_predicted,0.08333333333333333,11,11,CTTCCCGCTCGTAGCTAGCT,0,4896220
ygfM_xdhD_predicted,0.08333333333333333,11,11,CTGGGCATATTCCATTACAA,0,4898120
ygfM_xdhD_predicted,0.08333333333333333,11,11,CTGCTCACGGACGCTGTGTC,0,4884238
ygfM_xdhD_predicted,0.08333333333333333,11,11,CTCTTAGTGTAAACTGTCAT,0,4871937
ygfM_xdhD_predicted,0.08333333333333333,11,11,CTCTGCACGGTTACTGGTAT,0,4886507
ygfM_xdhD_predicted,0.08333333333333333,11,11,CTCGTCAAGTAAATAAGCGG,0,4876235
ygfM_xdhD_predicted,0.08333333333333333,11,11,CTCAAATAGCGATTCCGGTA,0,4875066
ygfM_xdhD_predicted,0.08333333333333333,11,11,CTATGTTTTGTACATCGAAT,0,4876580
ygfM_xdhD_predicted,0.08333333333333333,11,11,CTATGTGTAGCGGATAAGTA,0,4876046
ygfM_xdhD_predicted,0.08333333333333333,11,11,CTAGCGCCTTAAAGCTTGCG,0,4887063
ygfM_xdhD_predicted,0.08333333333333333,11,11,CTAATCGCGGCTAAGGTGCA,0,4875337
ygfM_xdhD_predicted,0.08333333333333333,11,11,CGTTATCAGTCTTTTGGGCA,0,4891278
ygfM_xdhD_predicted,0.08333333333333333,11,11,CGTGTTCGGGGGTCGCTGCG,0,4890564
ygfM_xdhD_predicted,0.08333333333333333,11,11,CGTCTGATGTGCCCTTCATC,0,4889782
ygfM_xdhD_predicted,0.08333333333333333,11,11,CGGTATTTGTACGACAATTT,0,4879215
ygfM_xdhD_predicted,0.08333333333333333,11,11,CGGGGCAAGCCGTGTCAAAA,0,4877857
ygfM_xdhD_predicted,0.08333333333333333,11,11,CGGGACTATGTAGTTTCCAC,0,4869673
ygfM_xdhD_predicted,0.08333333333333333,11,11,CGGAGCTACGCTCAGGCGAC,0,4893218
ygfM_xdhD_predicted,0.08333333333333333,11,11,CGCTGTCTGGTATATTACCA,0,4895086
ygfM_xdhD_predicted,0.08333333333333333,11,11,CGCGGCCATACACTGGGTGG,0,4895075
ygfM_xdhD_predicted,0.08333333333333333,11,11,CGCCGGGGTAGAGTCCCTTT,0,4877331
ygfM_xdhD_predicted,0.08333333333333333,11,11,CGATGCGTGCCATGGCCCAT,0,4867384
ygfM_xdhD_predicted,0.08333333333333333,11,11,CGATAGGATCTCTACGGTTG,0,4895829
ygfM_xdhD_predicted,0.08333333333333333,11,11,CCTTTTGAGCCTAGAATTTC,0,4887806
ygfM_xdhD_predicted,0.08333333333333333,11,11,CCTGTGCAAGATATAGGGTG,0,4884170
ygfM_xdhD_predicted,0.08333333333333333,11,11,CCTCCGGCACATGCCTTCGT,0,4882181
ygfM_xdhD_predicted,0.08333333333333333,11,11,CCTAGGTGCTGCACGCGGGG,0,4870001
ygfM_xdhD_predicted,0.08333333333333333,11,11,CCTACATTCACAACGCGCAT,0,4876389
ygfM_xdhD_predicted,0.08333333333333333,11,11,CCTAAATCCGATATACTTGG,0,4880914
ygfM_xdhD_predicted,0.08333333333333333,11,11,CCGTGCTAGTCAGTGCACAT,0,4867929
ygfM_xdhD_predicted,0.08333333333333333,11,11,CCGATCCCGAACAGAACAGT,0,4892194
ygfM_xdhD_predicted,0.08333333333333333,11,11,CCGAAGGACCATGTATACTA,0,4884070
ygfM_xdhD_predicted,0.08333333333333333,11,11,CCGAAACCGACGTGGATAGT,0,4883814
ygfM_xdhD_predicted,0.08333333333333333,11,11,CCCTGTTCGAAAGGAGACAC,0,4878539
ygfM_xdhD_predicted,0.08333333333333333,11,11,CCCCGTATGTTGTATGCGGA,0,4895650
ygfM_xdhD_predicted,0.08333333333333333,11,11,CCCCCCTTACAGTAGCTCTC,0,4874415
ygfM_xdhD_predicted,0.08333333333333333,11,11,CCCAATTTTGGCCCACTCAT,0,4886740
ygfM_xdhD_predicted,0.08333333333333333,11,11,CCACGGCTTGTACTGTTGTG,0,4873277
ygfM_xdhD_predicted,0.08333333333333333,11,11,CCACCTCGGCGCGATTATTT,0,4899299
ygfM_xdhD_predicted,0.08333333333333333,11,11,CCAAAACCAGGGAGAATACG,0,4879407
ygfM_xdhD_predicted,0.08333333333333333,11,11,CATTGTACACCGCTTGTGGG,0,4882199
ygfM_xdhD_predicted,0.08333333333333333,11,11,CATCGAACGCGCGCGACCTG,0,4885046
ygfM_xdhD_predicted,0.08333333333333333,11,11,CATCCCTGAAGTACAAGCGC,0,4889189
ygfM_xdhD_predicted,0.08333333333333333,11,11,CATCACATCATGTGGTTTCA,0,4865524
ygfM_xdhD_predicted,0.08333333333333333,11,11,CATAGCCCGAATGGCGAAAT,0,4892409
ygfM_xdhD_predicted,0.08333333333333333,11,11,CAGTACGGTACATTAATATT,0,4880576
ygfM_xdhD_predicted,0.08333333333333333,11,11,CAGCGCTCCCCGGCGTAATA,0,4876159
ygfM_xdhD_predicted,0.08333333333333333,11,11,CAGCCACATGGGAACAAATC,0,4876969
ygfM_xdhD_predicted,0.08333333333333333,11,11,CACTTACCGATATCGCAATG,0,4864861
ygfM_xdhD_predicted,0.08333333333333333,11,11,CACTCACTGAGTCAGTTATG,0,4875867
ygfM_xdhD_predicted,0.08333333333333333,11,11,CACGATTAGGGGGGATTTGA,0,4886675
ygfM_xdhD_predicted,0.08333333333333333,11,11,CACCAGAAGAGAAAATGCTA,0,4865346
ygfM_xdhD_predicted,0.08333333333333333,11,11,CACACCAAAATAAGGCTCAT,0,4895297
ygfM_xdhD_predicted,0.08333333333333333,11,11,CAATGGGCAATCATCCGACC,0,4863855
ygfM_xdhD_predicted,0.08333333333333333,11,11,CAATGGCAACCGTAAAGACT,0,4896743
ygfM_xdhD_predicted,0.08333333333333333,11,11,CAACTTGCGAAATATGAGCT,0,4877896
ygfM_xdhD_predicted,0.08333333333333333,11,11,ATTTTCCTCGCGTTCGTGAT,0,4897376
ygfM_xdhD_predicted,0.08333333333333333,11,11,ATTTGTGAAAACATGGACCT,0,4889620
ygfM_xdhD_predicted,0.08333333333333333,11,11,ATTCGCTGCTGTAAGGTTTC,0,4878695
ygfM_xdhD_predicted,0.08333333333333333,11,11,ATTCCTGCGGGCCAACGTTT,0,4882852
ygfM_xdhD_predicted,0.08333333333333333,11,11,ATTCAAAGGAGGGCATGCTT,0,4865470
ygfM_xdhD_predicted,0.08333333333333333,11,11,ATTAAACTAAGACGGTGTCG,0,4892494
ygfM_xdhD_predicted,0.08333333333333333,11,11,ATGTGTACCTGGATCCCATA,0,4873040
ygfM_xdhD_predicted,0.08333333333333333,11,11,ATGGTTTAACATTGGACTTT,0,4871693
ygfM_xdhD_predicted,0.08333333333333333,11,11,ATGGATCGCCGAATCCCCAA,0,4892191
ygfM_xdhD_predicted,0.08333333333333333,11,11,ATCTGGATTATCCCGTTGGC,0,4876508
ygfM_xdhD_predicted,0.08333333333333333,11,11,ATCGTCCACGGGGAGACGTA,0,4864869
ygfM_xdhD_predicted,0.08333333333333333,11,11,ATCGTAGTGCGGGAGTTCTC,0,4871534
ygfM_xdhD_predicted,0.08333333333333333,11,11,ATCGCACCAGACCTGTCAGC,0,4891281
ygfM_xdhD_predicted,0.08333333333333333,11,11,ATCGAGACGCAGACCACCAA,0,4891804
ygfM_xdhD_predicted,0.08333333333333333,11,11,ATCCGCGGCTCCGGTGGTTA,0,4872497
ygfM_xdhD_predicted,0.08333333333333333,11,11,ATCATGTGCGAACGCTATTT,0,4890298
ygfM_xdhD_predicted,0.08333333333333333,11,11,ATCATAGGACACAGAGAGGC,0,4885883
ygfM_xdhD_predicted,0.08333333333333333,11,11,ATCAAGCCCGTTACACCAGA,0,4883430
ygfM_xdhD_predicted,0.08333333333333333,11,11,ATATCCCGCCGACAGCGATA,0,4864769
ygfM_xdhD_predicted,0.08333333333333333,11,11,ATATAATGGGGGCAAAGGAG,0,4880389
ygfM_xdhD_predicted,0.08333333333333333,11,11,ATACCTCCGGGCATCCGGCA,0,4889237
ygfM_xdhD_predicted,0.08333333333333333,11,11,ATACCCTAAATCGCTTCACA,0,4888014
ygfM_xdhD_predicted,0.08333333333333333,11,11,ATAATTATGAAGGGTAGATT,0,4869274
ygfM_xdhD_predicted,0.08333333333333333,11,11,ATAAGACTCAGGGGACCAGA,0,4882947
ygfM_xdhD_predicted,0.08333333333333333,11,11,ATAAGACGCCTTTGAGTGAT,0,4877517
ygfM_xdhD_predicted,0.08333333333333333,11,11,ATAAATAAATTCGCGTGGGG,0,4874660
ygfM_xdhD_predicted,0.08333333333333333,11,11,AGTTTTTCAACCACCGCAAA,0,4872863
ygfM_xdhD_predicted,0.08333333333333333,11,11,AGTGTTCGCCTGCCCGAGAA,0,4890945
ygfM_xdhD_predicted,0.08333333333333333,11,11,AGTCATAACGTGCTTTACGA,0,4872041
ygfM_xdhD_predicted,0.08333333333333333,11,11,AGGGTGCGTATCCCTGTTGT,0,4872819
ygfM_xdhD_predicted,0.08333333333333333,11,11,AGGGCATCTCGCAGGTTACT,0,4897988
ygfM_xdhD_predicted,0.08333333333333333,11,11,AGGAGTCGCGAACCCATTGG,0,4879814
ygfM_xdhD_predicted,0.08333333333333333,11,11,AGGAGGGGTTATGCAAGTCC,0,4878595
ygfM_xdhD_predicted,0.08333333333333333,11,11,AGGAGGAGACTGCGGCAAAG,0,4877241
ygfM_xdhD_predicted,0.08333333333333333,11,11,AGGAGCGTTCCGTTGCGACC,0,4884532
ygfM_xdhD_predicted,0.08333333333333333,11,11,AGCGTTATTTCTCTTGATTA,0,4870086
ygfM_xdhD_predicted,0.08333333333333333,11,11,AGCGGGTTCAGGAGGGGTGT,0,4874418
ygfM_xdhD_predicted,0.08333333333333333,11,11,AGCGCGCCTTATACGCGAGT,0,4899609
ygfM_xdhD_predicted,0.08333333333333333,11,11,AGCGCAACGCCGTGAAGACA,0,4865510
ygfM_xdhD_predicted,0.08333333333333333,11,11,AGCCCGTCTCTATAGTTCCT,0,4867061
ygfM_xdhD_predicted,0.08333333333333333,11,11,AGCACGTAGCGCCACCCGTT,0,4885101
ygfM_xdhD_predicted,0.08333333333333333,11,11,AGACTCCCGTACACCGGTAG,0,4873937
ygfM_xdhD_predicted,0.08333333333333333,11,11,AGACCCCCATAATGTCGGTA,0,4879316
ygfM_xdhD_predicted,0.08333333333333333,11,11,AGACAGCTCCGTTCGGATTC,0,4892866
ygfM_xdhD_predicted,0.08333333333333333,11,11,ACTTTATTAAACACGAATAC,0,4866474
ygfM_xdhD_predicted,0.08333333333333333,11,11,ACTATAGGTTGGTCTAAATA,0,4876996
ygfM_xdhD_predicted,0.08333333333333333,11,11,ACTACGGTGCTACAATCCAG,0,4880102
ygfM_xdhD_predicted,0.08333333333333333,11,11,ACGCTCTATTGTGAGGCCTT,0,4888051
ygfM_xdhD_predicted,0.08333333333333333,11,11,ACGCCTAGACTATCTGCAGT,0,4866674
ygfM_xdhD_predicted,0.08333333333333333,11,11,ACCTCAGGCGCTTCCCCCGG,0,4876255
ygfM_xdhD_predicted,0.08333333333333333,11,11,ACCTATTTGCATTTGTGAGT,0,4873727
ygfM_xdhD_predicted,0.08333333333333333,11,11,ACCGTATGGGGGCTCGTAAG,0,4873747
ygfM_xdhD_predicted,0.08333333333333333,11,11,ACCGGCTCCGGCTGTATCCC,0,4881468
ygfM_xdhD_predicted,0.08333333333333333,11,11,ACCCTGAGTGTCCAGTAAAA,0,4893943
ygfM_xdhD_predicted,0.08333333333333333,11,11,ACCCGCCATTGTCAGGATCG,0,4864405
ygfM_xdhD_predicted,0.08333333333333333,11,11,ACCCGCAGCTCTAGCGCCGC,0,4889716
ygfM_xdhD_predicted,0.08333333333333333,11,11,ACCCCGCTCAATAGGTCAAA,0,4866923
ygfM_xdhD_predicted,0.08333333333333333,11,11,ACCACATAGTGAGTCAGTAT,0,4869103
ygfM_xdhD_predicted,0.08333333333333333,11,11,ACATTCTCGAGCAAATCATG,0,4875452
ygfM_xdhD_predicted,0.08333333333333333,11,11,ACAGCACCCGGTTGGGAAAT,0,4878740
ygfM_xdhD_predicted,0.08333333333333333,11,11,ACAGAGTGACTGGAGGGTCG,0,4874812
ygfM_xdhD_predicted,0.08333333333333333,11,11,ACACCTGGACTTGGCTCTAT,0,4883514
ygfM_xdhD_predicted,0.08333333333333333,11,11,AATTTTAGACATGGGACTTG,0,4881564
ygfM_xdhD_predicted,0.08333333333333333,11,11,AATGAGGCAGGTCCACGAAT,0,4865740
ygfM_xdhD_predicted,0.08333333333333333,11,11,AATGACTTTCCCGCTTGTCT,0,4879333
ygfM_xdhD_predicted,0.08333333333333333,11,11,AATCGAGCTCTCGTATCAGA,0,4885768
ygfM_xdhD_predicted,0.08333333333333333,11,11,AAGTGTCCTAGATGACATCT,0,4873793
ygfM_xdhD_predicted,0.08333333333333333,11,11,AAGGTAGTAGCAGGTCCCCT,0,4898557
ygfM_xdhD_predicted,0.08333333333333333,11,11,AAGGCCTCCACTCCATATCC,0,4873458
ygfM_xdhD_predicted,0.08333333333333333,11,11,AAGCCCATAAATAGTCCGTA,0,4886059
ygfM_xdhD_predicted,0.08333333333333333,11,11,AACCAGGATGGCATAGAAAC,0,4886590
ygfM_xdhD_predicted,0.08333333333333333,11,11,AACAACAGTCGTAGTCGAAG,0,4895559
ygfM_xdhD_predicted,0.08333333333333333,11,11,AAATCAGGGCAGCGCTCCGT,0,4885688
ygfM_xdhD_predicted,0.08333333333333333,11,11,AAACCTCCACACCGAATTGA,0,4894266
ygfM_xdhD_predicted,0.08333333333333333,11,11,AAACATTTAGCCGTTTAGTC,0,4865565
ygfM_xdhD_predicted,0.09090909090909091,10,10,TTTTCTCTTATGGATTCGCC,0,4886527
ygfM_xdhD_predicted,0.09090909090909091,10,10,TTTTCATGCTAGCAAGGCGT,0,4889814
ygfM_xdhD_predicted,0.09090909090909091,10,10,TTTGGTCCAAATCTCGGGGT,0,4877506
ygfM_xdhD_predicted,0.09090909090909091,10,10,TTTGGCTGTTATTAGGTCAC,0,4888305
ygfM_xdhD_predicted,0.09090909090909091,10,10,TTTCGCTGCGCGTTGTCTTA,0,4864760
ygfM_xdhD_predicted,0.09090909090909091,10,10,TTTCGAGCGCCAAACGCGAA,0,4864324
ygfM_xdhD_predicted,0.09090909090909091,10,10,TTTAGAACTGTGCCTCGGAA,0,4866970
ygfM_xdhD_predicted,0.09090909090909091,10,10,TTGTTAGACTGGCGCATGAG,0,4886423
ygfM_xdhD_predicted,0.09090909090909091,10,10,TTGTCGATAGCCATCTTCAG,0,4866995
ygfM_xdhD_predicted,0.09090909090909091,10,10,TTGTCCAACTTTGCTTTATA,0,4871602
ygfM_xdhD_predicted,0.09090909090909091,10,10,TTGGTGGAATGGCATCGATA,0,4880594
ygfM_xdhD_predicted,0.09090909090909091,10,10,TTGGACGGGCACGGGTGGAT,0,4882212
ygfM_xdhD_predicted,0.09090909090909091,10,10,TTGCTAAATAGGTTGTTCAT,0,4892412
ygfM_xdhD_predicted,0.09090909090909091,10,10,TTGACCCAGTTTAGTCGCGG,0,4888580
ygfM_xdhD_predicted,0.09090909090909091,10,10,TTCGTCACGACCTGTGCGCG,0,4885648
ygfM_xdhD_predicted,0.09090909090909091,10,10,TTCGAGCTGAATACGCGGTT,0,4881470
ygfM_xdhD_predicted,0.09090909090909091,10,10,TTCCTTCTTCCTTTATACAG,0,4878843
ygfM_xdhD_predicted,0.09090909090909091,10,10,TTCATTGTTGTGCAGAGACA,0,4870701
ygfM_xdhD_predicted,0.09090909090909091,10,10,TTATGTTTCCCTTCGGTTCT,0,4874681
ygfM_xdhD_predicted,0.09090909090909091,10,10,TTATCTTAGAACATGAGAAA,0,4896646
ygfM_xdhD_predicted,0.09090909090909091,10,10,TTAGCAAGCCCTCCGCACCA,0,4888683
ygfM_xdhD_predicted,0.09090909090909091,10,10,TTACCCAAGCACGACGGCCT,0,4879822
ygfM_xdhD_predicted,0.09090909090909091,10,10,TTAAGGCGTCATGCCGATGA,0,4884557
ygfM_xdhD_predicted,0.09090909090909091,10,10,TGTTTAGTTAAATGTCAGAG,0,4886004
ygfM_xdhD_predicted,0.09090909090909091,10,10,TGTTGTCGCTGTCCTAGCCA,0,4868472
ygfM_xdhD_predicted,0.09090909090909091,10,10,TGTTATCCCTGGTCATCCAA,0,4899090
ygfM_xdhD_predicted,0.09090909090909091,10,10,TGTGCGGCATGGTGCAACGA,0,4878366
ygfM_xdhD_predicted,0.09090909090909091,10,10,TGTCTTCCCCGGGACTTTAA,0,4884751
ygfM_xdhD_predicted,0.09090909090909091,10,10,TGTCCCGGCACGAGGGAATT,0,4871824
ygfM_xdhD_predicted,0.09090909090909091,10,10,TGTATTCAGAAAAACTGCGG,0,4882296
ygfM_xdhD_predicted,0.09090909090909091,10,10,TGTACTCAGTTGCGTATTGT,0,4868481
ygfM_xdhD_predicted,0.09090909090909091,10,10,TGGTCACTTGTGCGCGCAAG,0,4871206
ygfM_xdhD_predicted,0.09090909090909091,10,10,TGGGCCGTCATGGATCGTCG,0,4884816
ygfM_xdhD_predicted,0.09090909090909091,10,10,TGGGATCTACTAACCGCCGC,0,4884214
ygfM_xdhD_predicted,0.09090909090909091,10,10,TGGGAGGACTTCGTTATCTA,0,4865336
ygfM_xdhD_predicted,0.09090909090909091,10,10,TGGCCTTTCATCAATTCCCA,0,4894960
ygfM_xdhD_predicted,0.09090909090909091,10,10,TGGCATGCGGGTGCGGATGG,0,4866918
ygfM_xdhD_predicted,0.09090909090909091,10,10,TGGAGTGGGAAACAACTAAC,0,4881621
ygfM_xdhD_predicted,0.09090909090909091,10,10,TGCTTCACCAAGAACGGGGA,0,4894103
ygfM_xdhD_predicted,0.09090909090909091,10,10,TGCTGTCGATTAAGCAAACG,0,4890153
ygfM_xdhD_predicted,0.09090909090909091,10,10,TGCTCCCCTGCTTTTTCCAT,0,4869363
ygfM_xdhD_predicted,0.09090909090909091,10,10,TGCGTAGTTGGTTGAGCTAG,0,4866920
ygfM_xdhD_predicted,0.09090909090909091,10,10,TGCCGCCCCTATCCATTATT,0,4875950
ygfM_xdhD_predicted,0.09090909090909091,10,10,TGCCGACCTTGATCCACGCT,0,4890383
ygfM_xdhD_predicted,0.09090909090909091,10,10,TGCCAGCGCTATTAGTAGTC,0,4877947
ygfM_xdhD_predicted,0.09090909090909091,10,10,TGCCACAGAGGAAAGATCCT,0,4884991
ygfM_xdhD_predicted,0.09090909090909091,10,10,TGCATTTACGTTTGTCACCT,0,4890923
ygfM_xdhD_predicted,0.09090909090909091,10,10,TGCAGGTTTCTAGTGGCAAG,0,4889555
ygfM_xdhD_predicted,0.09090909090909091,10,10,TGACCATTACTGAAAGATCT,0,4864147
ygfM_xdhD_predicted,0.09090909090909091,10,10,TGAATTGAACACACGAAATA,0,4869961
ygfM_xdhD_predicted,0.09090909090909091,10,10,TGAATAGCGGGATGCCGGAT,0,4880089
ygfM_xdhD_predicted,0.09090909090909091,10,10,TGAAAACCTGATTTTGAGAA,0,4895584
ygfM_xdhD_predicted,0.09090909090909091,10,10,TCTTTAAGGCGTATCACGGT,0,4882488
ygfM_xdhD_predicted,0.09090909090909091,10,10,TCTTATCAGGTGACAGCGTG,0,4889853
ygfM_xdhD_predicted,0.09090909090909091,10,10,TCTGGTAGGGTGCTGCCTTG,0,4873806
ygfM_xdhD_predicted,0.09090909090909091,10,10,TCTGGAGAACCTCTTCAAAA,0,4881111
ygfM_xdhD_predicted,0.09090909090909091,10,10,TCTGAACATCGTGCTCTTAA,0,4881905
ygfM_xdhD_predicted,0.09090909090909091,10,10,TCTCAGCCGTAGCTACATTA,0,4876557
ygfM_xdhD_predicted,0.09090909090909091,10,10,TCTACCAGGATTCCGTTGGA,0,4892354
ygfM_xdhD_predicted,0.09090909090909091,10,10,TCGGGTCCGAAAGTTAGGTA,0,4872608
ygfM_xdhD_predicted,0.09090909090909091,10,10,TCGGGGTACATAATGAAGAT,0,4868417
ygfM_xdhD_predicted,0.09090909090909091,10,10,TCGGACAACGACGGTTGTAT,0,4897026
ygfM_xdhD_predicted,0.09090909090909091,10,10,TCGCTGTCTCAGTCGCCCCC,0,4883620
ygfM_xdhD_predicted,0.09090909090909091,10,10,TCGCTGATGCCGATGCAGCC,0,4865123
ygfM_xdhD_predicted,0.09090909090909091,10,10,TCGCGCATCTCAGAAGGCTA,0,4892293
ygfM_xdhD_predicted,0.09090909090909091,10,10,TCGATGTGGTAACAGCCAGC,0,4891486
ygfM_xdhD_predicted,0.09090909090909091,10,10,TCCGTGCACTATGACAAGCT,0,4893115
ygfM_xdhD_predicted,0.09090909090909091,10,10,TCCGATGAGGAGCCCCTGAG,0,4869924
ygfM_xdhD_predicted,0.09090909090909091,10,10,TCCATCTATTCCCGAGAACG,0,4889264
ygfM_xdhD_predicted,0.09090909090909091,10,10,TCATCCATAACGAGATACTG,0,4873771
ygfM_xdhD_predicted,0.09090909090909091,10,10,TCATACGTGATAATGGGACT,0,4880955
ygfM_xdhD_predicted,0.09090909090909091,10,10,TCAGCGTGCACTGACCCAGC,0,4891743
ygfM_xdhD_predicted,0.09090909090909091,10,10,TCACAACGGGATGGCTGCTA,0,4867379
ygfM_xdhD_predicted,0.09090909090909091,10,10,TCAAAAAATAAACAGGGTGA,0,4863839
ygfM_xdhD_predicted,0.09090909090909091,10,10,TATTTGTTTGGCTTTCTCAT,0,4875447
ygfM_xdhD_predicted,0.09090909090909091,10,10,TATTACGTTCCGTGGTTGGA,0,4869284
ygfM_xdhD_predicted,0.09090909090909091,10,10,TATGTTAGCGGCTCGAGGGG,0,4889906
ygfM_xdhD_predicted,0.09090909090909091,10,10,TATGTGTCAATGCTTTGGAC,0,4892119
ygfM_xdhD_predicted,0.09090909090909091,10,10,TATGCTGTACAACGGAGCTT,0,4877603
ygfM_xdhD_predicted,0.09090909090909091,10,10,TATGAAGCGGGCATTTCCAT,0,4865237
ygfM_xdhD_predicted,0.09090909090909091,10,10,TATCGTTTGTAGCTACGATT,0,4872375
ygfM_xdhD_predicted,0.09090909090909091,10,10,TATCCGCAGAGGTCTGCTGG,0,4866290
ygfM_xdhD_predicted,0.09090909090909091,10,10,TATATACACACAGGCGTGTG,0,4894816
ygfM_xdhD_predicted,0.09090909090909091,10,10,TATAGTTGAGCTCGACGATT,0,4871959
ygfM_xdhD_predicted,0.09090909090909091,10,10,TAGGTTCCGCTAAGAACTGT,0,4897557
ygfM_xdhD_predicted,0.09090909090909091,10,10,TAGGCGCCAGACATCCTGTC,0,4871321
ygfM_xdhD_predicted,0.09090909090909091,10,10,TAGCTTTTTACTCGGAAATC,0,4881307
ygfM_xdhD_predicted,0.09090909090909091,10,10,TAGCTAACCGTCTTCTGGCG,0,4887530
ygfM_xdhD_predicted,0.09090909090909091,10,10,TAGCCTGCGTCCAGTATCAT,0,4897472
ygfM_xdhD_predicted,0.09090909090909091,10,10,TAGACGCAGGCCTAAACACT,0,4870470
ygfM_xdhD_predicted,0.09090909090909091,10,10,TACCTGCTTGGCAACACCCT,0,4894292
ygfM_xdhD_predicted,0.09090909090909091,10,10,TACATCGGGCTCGTCTGTTG,0,4885987
ygfM_xdhD_predicted,0.09090909090909091,10,10,TAAACCTCCTCTGGCGGGTT,0,4894096
ygfM_xdhD_predicted,0.09090909090909091,10,10,GTTTGCCCGGACGAATGTTG,0,4874274
ygfM_xdhD_predicted,0.09090909090909091,10,10,GTTCAGCGTACAATGATGAA,0,4893772
ygfM_xdhD_predicted,0.09090909090909091,10,10,GTGTTGCCGGTGTTCCCTGG,0,4882096
ygfM_xdhD_predicted,0.09090909090909091,10,10,GTGTCGTTCACTGAACTCAC,0,4872743
ygfM_xdhD_predicted,0.09090909090909091,10,10,GTGTCGCGTAGAGACTTCAT,0,4899254
ygfM_xdhD_predicted,0.09090909090909091,10,10,GTGGGGAGTCCTATGGAGTA,0,4892049
ygfM_xdhD_predicted,0.09090909090909091,10,10,GTGGGATGATCGAATGCTAT,0,4893581
ygfM_xdhD_predicted,0.09090909090909091,10,10,GTGCAAGTGGGACCAGTCAG,0,4898383
ygfM_xdhD_predicted,0.09090909090909091,10,10,GTCTTCGGACTTGGATAACC,0,4872427
ygfM_xdhD_predicted,0.09090909090909091,10,10,GTCTAACAATGACTTCAATC,0,4880031
ygfM_xdhD_predicted,0.09090909090909091,10,10,GTCCCAACACACGTGGGTAT,0,4879752
ygfM_xdhD_predicted,0.09090909090909091,10,10,GTCCACGAGTAGCATCAATA,0,4875944
ygfM_xdhD_predicted,0.09090909090909091,10,10,GTATGGCTCAGGTGTTCTAG,0,4872166
ygfM_xdhD_predicted,0.09090909090909091,10,10,GGTTCTTCACCTTGCATCCG,0,4880764
ygfM_xdhD_predicted,0.09090909090909091,10,10,GGTCGTCGTCTTATTAAATC,0,4882991
ygfM_xdhD_predicted,0.09090909090909091,10,10,GGTCACGGGGCCAGACTGCG,0,4896672
ygfM_xdhD_predicted,0.09090909090909091,10,10,GGTACTAATCGTATTACATT,0,4875583
ygfM_xdhD_predicted,0.09090909090909091,10,10,GGGTTGATTCAGATTGAGGT,0,4889210
ygfM_xdhD_predicted,0.09090909090909091,10,10,GGGTGCTCACGTATCGAAAT,0,4881544
ygfM_xdhD_predicted,0.09090909090909091,10,10,GGGGCACTTATAAGTCCGGG,0,4878523
ygfM_xdhD_predicted,0.09090909090909091,10,10,GGGCTACTGGCTGAACGTCT,0,4887082
ygfM_xdhD_predicted,0.09090909090909091,10,10,GGGCGTGATCAACGTTCCCT,0,4878192
ygfM_xdhD_predicted,0.09090909090909091,10,10,GGGCGGGCAAAGGGCTAACG,0,4883959
ygfM_xdhD_predicted,0.09090909090909091,10,10,GGGCAGAATCCACGATAATC,0,4891934
ygfM_xdhD_predicted,0.09090909090909091,10,10,GGGATCTAGCCTTTATCTGC,0,4874972
ygfM_xdhD_predicted,0.09090909090909091,10,10,GGCGTCACAACAGCGAATAG,0,4886321
ygfM_xdhD_predicted,0.09090909090909091,10,10,GGCGGTCCGGAAGCACTTGA,0,4871122
ygfM_xdhD_predicted,0.09090909090909091,10,10,GGCGACACGCATCAGCATAC,0,4885171
ygfM_xdhD_predicted,0.09090909090909091,10,10,GGCCTGCCACGACGTAGGCG,0,4884514
ygfM_xdhD_predicted,0.09090909090909091,10,10,GGCCGCTGCCGGGCGCAACA,0,4891323
ygfM_xdhD_predicted,0.09090909090909091,10,10,GGCCCATCAATGGTATACAA,0,4881685
ygfM_xdhD_predicted,0.09090909090909091,10,10,GGCCACCAAAGAACTAAGCT,0,4866179
ygfM_xdhD_predicted,0.09090909090909091,10,10,GGCATTTCCCGCCAAAGTCG,0,4869248
ygfM_xdhD_predicted,0.09090909090909091,10,10,GGATGTTTACTTTACGGGTA,0,4881136
ygfM_xdhD_predicted,0.09090909090909091,10,10,GGATAACCTCCGCGCCGATA,0,4895849
ygfM_xdhD_predicted,0.09090909090909091,10,10,GGAGCATAATCATACTAAGT,0,4890052
ygfM_xdhD_predicted,0.09090909090909091,10,10,GGAGAGTTTTCGATGCTTGT,0,4876375
ygfM_xdhD_predicted,0.09090909090909091,10,10,GGACATCGAGAGTTACGGGG,0,4867072
ygfM_xdhD_predicted,0.09090909090909091,10,10,GGAAGCTAGCTTAAGGCTTC,0,4895336
ygfM_xdhD_predicted,0.09090909090909091,10,10,GCTTGAGCACCTCCGACACT,0,4865374
ygfM_xdhD_predicted,0.09090909090909091,10,10,GCTTCAATAGGGAAGGGACG,0,4898181
ygfM_xdhD_predicted,0.09090909090909091,10,10,GCTGTCTATGGATCCCCTCG,0,4885908
ygfM_xdhD_predicted,0.09090909090909091,10,10,GCTCCATAACGTATGTTAAA,0,4873641
ygfM_xdhD_predicted,0.09090909090909091,10,10,GCGTGACTAGGATATGTCGG,0,4898965
ygfM_xdhD_predicted,0.09090909090909091,10,10,GCGCTTATGGCAACGCCGGT,0,4898700
ygfM_xdhD_predicted,0.09090909090909091,10,10,GCGCCTGATGGCGTCTCTAG,0,4869694
ygfM_xdhD_predicted,0.09090909090909091,10,10,GCGCCAGGGGGCAGTGGGAC,0,4871737
ygfM_xdhD_predicted,0.09090909090909091,10,10,GCGATTAGGTCGCACGCTGA,0,4881267
ygfM_xdhD_predicted,0.09090909090909091,10,10,GCGAGATGCGGCCCACCGTG,0,4895394
ygfM_xdhD_predicted,0.09090909090909091,10,10,GCGACTCCATGTGTAGGTGG,0,4873000
ygfM_xdhD_predicted,0.09090909090909091,10,10,GCCTGGAGTGTTGCATCGCC,0,4896791
ygfM_xdhD_predicted,0.09090909090909091,10,10,GCCGTGCAATGCGTTTAGTT,0,4865798
ygfM_xdhD_predicted,0.09090909090909091,10,10,GCCGTCGGCCGCGGGGGGTT,0,4871783
ygfM_xdhD_predicted,0.09090909090909091,10,10,GCCGGCGAGACTAACTCCAC,0,4886570
ygfM_xdhD_predicted,0.09090909090909091,10,10,GCCGCAGCGTTTGTGAAGTC,0,4895166
ygfM_xdhD_predicted,0.09090909090909091,10,10,GCATGGGCGTACCAGTAATT,0,4889965
ygfM_xdhD_predicted,0.09090909090909091,10,10,GCATGAGGCATTAAATATAG,0,4864068
ygfM_xdhD_predicted,0.09090909090909091,10,10,GCACTCGGTCCAGGTCTAGT,0,4874364
ygfM_xdhD_predicted,0.09090909090909091,10,10,GCACGGAATAATTTCACTGC,0,4889880
ygfM_xdhD_predicted,0.09090909090909091,10,10,GCAACAGCGAATTACTCGAC,0,4873107
ygfM_xdhD_predicted,0.09090909090909091,10,10,GATTCCGTGTACATACGCAT,0,4882585
ygfM_xdhD_predicted,0.09090909090909091,10,10,GATGGTGCATTATATTATGC,0,4873255
ygfM_xdhD_predicted,0.09090909090909091,10,10,GAGATATTTAAGTTTTAGGC,0,4881565
ygfM_xdhD_predicted,0.09090909090909091,10,10,GACTGTTCACCTAGAGCAAA,0,4884892
ygfM_xdhD_predicted,0.09090909090909091,10,10,GACTACCCTTTGGCAGCTAC,0,4866659
ygfM_xdhD_predicted,0.09090909090909091,10,10,GACGGATCGTGTACGCTGTA,0,4892748
ygfM_xdhD_predicted,0.09090909090909091,10,10,GACCGGAACGCTGTAGTCCA,0,4877508
ygfM_xdhD_predicted,0.09090909090909091,10,10,GACCCCGATCCAGTAAGAAT,0,4895531
ygfM_xdhD_predicted,0.09090909090909091,10,10,GACAAAACTCCTCATCTGGT,0,4867509
ygfM_xdhD_predicted,0.09090909090909091,10,10,GAATGTATACCGCAAGGAAC,0,4885620
ygfM_xdhD_predicted,0.09090909090909091,10,10,GAAGGTATATGGTGGTAACC,0,4875262
ygfM_xdhD_predicted,0.09090909090909091,10,10,GAAGGAGTGGCAAAAGGGGC,0,4870287
ygfM_xdhD_predicted,0.09090909090909091,10,10,GAAGCGGCAACGGTTAAACG,0,4871940
ygfM_xdhD_predicted,0.09090909090909091,10,10,GAACGCATGGGCGGGGTTAA,0,4898470
ygfM_xdhD_predicted,0.09090909090909091,10,10,GAAAGTTCTTTTCCTATCTA,0,4879612
ygfM_xdhD_predicted,0.09090909090909091,10,10,CTTGGATACGTTGGACCGAG,0,4872232
ygfM_xdhD_predicted,0.09090909090909091,10,10,CTTGACGCACAATTGGTGAT,0,4885684
ygfM_xdhD_predicted,0.09090909090909091,10,10,CTTATCTGTAGATAGATCTA,0,4872806
ygfM_xdhD_predicted,0.09090909090909091,10,10,CTTATAAAGACGTGGTCGAA,0,4894124
ygfM_xdhD_predicted,0.09090909090909091,10,10,CTTAGTTGTATTGCAATTAG,0,4872557
ygfM_xdhD_predicted,0.09090909090909091,10,10,CTGTGCCCTACCTCGTGGTC,0,4893057
ygfM_xdhD_predicted,0.09090909090909091,10,10,CTGTATACACCGTTAAGGTT,0,4898670
ygfM_xdhD_predicted,0.09090909090909091,10,10,CTGCTTAGCCTCGTTCATTG,0,4887799
ygfM_xdhD_predicted,0.09090909090909091,10,10,CTGCGTCAAGGCCCCGAACA,0,4868749
ygfM_xdhD_predicted,0.09090909090909091,10,10,CTGCCTCTAGATTAGCCATA,0,4896150
ygfM_xdhD_predicted,0.09090909090909091,10,10,CTGAGGGGCCATTTATGACG,0,4874973
ygfM_xdhD_predicted,0.09090909090909091,10,10,CTCTATTTAGCTGCTTTGTA,0,4889077
ygfM_xdhD_predicted,0.09090909090909091,10,10,CTCGTTAAAGAACATGGCGA,0,4867135
ygfM_xdhD_predicted,0.09090909090909091,10,10,CTCGCGTAACACGGATCACA,0,4885384
ygfM_xdhD_predicted,0.09090909090909091,10,10,CTCCCCTCGATACGTTATGC,0,4864125
ygfM_xdhD_predicted,0.09090909090909091,10,10,CTCAGATCACAAGACTAAGA,0,4894631
ygfM_xdhD_predicted,0.09090909090909091,10,10,CTCACTTATTCACTAGGCGC,0,4887679
ygfM_xdhD_predicted,0.09090909090909091,10,10,CTATTGAGCACATGGAATAT,0,4880797
ygfM_xdhD_predicted,0.09090909090909091,10,10,CTATATCGAACTGGTACGGG,0,4872214
ygfM_xdhD_predicted,0.09090909090909091,10,10,CTAAGTATATGGGTTAGTAT,0,4869003
ygfM_xdhD_predicted,0.09090909090909091,10,10,CTAAGCGTACCATCATCGGC,0,4873434
ygfM_xdhD_predicted,0.09090909090909091,10,10,CGTTTCATAACGGCCCGAAG,0,4893763
ygfM_xdhD_predicted,0.09090909090909091,10,10,CGTTGGCAAGCCTAATCATT,0,4864993
ygfM_xdhD_predicted,0.09090909090909091,10,10,CGTTCTGCTCTCCTTCACGT,0,4880075
ygfM_xdhD_predicted,0.09090909090909091,10,10,CGTTCCGTGTTATATCTATC,0,4873540
ygfM_xdhD_predicted,0.09090909090909091,10,10,CGTTCCCCTAGGTATCCCAC,0,4893324
ygfM_xdhD_predicted,0.09090909090909091,10,10,CGTTACACACTGGCACAGCG,0,4886363
ygfM_xdhD_predicted,0.09090909090909091,10,10,CGTGTCTAATTGTAAACAAT,0,4872208
ygfM_xdhD_predicted,0.09090909090909091,10,10,CGTCTGTTACAGACGACTAC,0,4892684
ygfM_xdhD_predicted,0.09090909090909091,10,10,CGTCATTTGCGTGACTAAAA,0,4896571
ygfM_xdhD_predicted,0.09090909090909091,10,10,CGGTGCACTGGGTGGGCGCT,0,4877674
ygfM_xdhD_predicted,0.09090909090909091,10,10,CGGTGAGCAATTTCGCGTGA,0,4888923
ygfM_xdhD_predicted,0.09090909090909091,10,10,CGGTCTCGGACGGCTCTTAG,0,4892546
ygfM_xdhD_predicted,0.09090909090909091,10,10,CGGGGGACCTCCTAATCGAG,0,4897259
ygfM_xdhD_predicted,0.09090909090909091,10,10,CGGGGCTAATACCAGTCCCC,0,4866922
ygfM_xdhD_predicted,0.09090909090909091,10,10,CGGGCGGGTAAGCCAAATTA,0,4883112
ygfM_xdhD_predicted,0.09090909090909091,10,10,CGGGAAATTGAGTGCGCCAT,0,4876396
ygfM_xdhD_predicted,0.09090909090909091,10,10,CGGAATGACGATTCTAGTAC,0,4884312
ygfM_xdhD_predicted,0.09090909090909091,10,10,CGGAAGCCCGTACTCCCACT,0,4867551
ygfM_xdhD_predicted,0.09090909090909091,10,10,CGCTTAGTTGGTTCCGTAGG,0,4888892
ygfM_xdhD_predicted,0.09090909090909091,10,10,CGCTCGGCTTAGACAAATCA,0,4865377
ygfM_xdhD_predicted,0.09090909090909091,10,10,CGCCTTGCAACAGGGGCATT,0,4892000
ygfM_xdhD_predicted,0.09090909090909091,10,10,CGACGTGTTAACGGGGACGC,0,4882525
ygfM_xdhD_predicted,0.09090909090909091,10,10,CGACGAAACAAGTTGCCGAG,0,4896729
ygfM_xdhD_predicted,0.09090909090909091,10,10,CGACATCCGAAGGGTTCCCA,0,4889486
ygfM_xdhD_predicted,0.09090909090909091,10,10,CGAACGTCTGAAAAAGGCAA,0,4891156
ygfM_xdhD_predicted,0.09090909090909091,10,10,CGAACCACGGACAAGCTTAG,0,4873307
ygfM_xdhD_predicted,0.09090909090909091,10,10,CCTTTCAAAATAATGCGGTG,0,4877143
ygfM_xdhD_predicted,0.09090909090909091,10,10,CCTTGTCCGGAATGGAAGAT,0,4887869
ygfM_xdhD_predicted,0.09090909090909091,10,10,CCTTCAGAGACAAGGATTAA,0,4881220
ygfM_xdhD_predicted,0.09090909090909091,10,10,CCTCTACCTGCCTGAAGGCT,0,4865085
ygfM_xdhD_predicted,0.09090909090909091,10,10,CCTCAAGATAGGGTGCCAAG,0,4885433
ygfM_xdhD_predicted,0.09090909090909091,10,10,CCTAGGATCGAGTGAACGAG,0,4893061
ygfM_xdhD_predicted,0.09090909090909091,10,10,CCTAGCGATGTCAGGGGGAA,0,4865722
ygfM_xdhD_predicted,0.09090909090909091,10,10,CCGTAACTCTGAGCCGCGGG,0,4885423
ygfM_xdhD_predicted,0.09090909090909091,10,10,CCGGGCAGTACCTTACCACG,0,4895606
ygfM_xdhD_predicted,0.09090909090909091,10,10,CCGCGGGCTGCTAACAGGGG,0,4880669
ygfM_xdhD_predicted,0.09090909090909091,10,10,CCGCCCAAGGGGAGGTAATA,0,4885721
ygfM_xdhD_predicted,0.09090909090909091,10,10,CCGCACGTGTTACAATATGA,0,4868801
ygfM_xdhD_predicted,0.09090909090909091,10,10,CCGCACGAAACAGTCATTCA,0,4873786
ygfM_xdhD_predicted,0.09090909090909091,10,10,CCGATGTACAAATTATAACA,0,4876503
ygfM_xdhD_predicted,0.09090909090909091,10,10,CCGAATAATGTCACTCTGAC,0,4879780
ygfM_xdhD_predicted,0.09090909090909091,10,10,CCATTGGAGGGGAGTGATTA,0,4891512
ygfM_xdhD_predicted,0.09090909090909091,10,10,CCATTAGTTGTCCCACCATG,0,4889000
ygfM_xdhD_predicted,0.09090909090909091,10,10,CCACTTTTAAAGATGCCATG,0,4892145
ygfM_xdhD_predicted,0.09090909090909091,10,10,CCAATTGTAGGACACGGCAA,0,4873073
ygfM_xdhD_predicted,0.09090909090909091,10,10,CCAAGGAGTTAGAAGATAGG,0,4895063
ygfM_xdhD_predicted,0.09090909090909091,10,10,CCAAATGGGCCACTCACAAG,0,4878428
ygfM_xdhD_predicted,0.09090909090909091,10,10,CATTTGAAATTAGACAGGGC,0,4889651
ygfM_xdhD_predicted,0.09090909090909091,10,10,CATTGGTTACGACTAAGCGA,0,4864243
ygfM_xdhD_predicted,0.09090909090909091,10,10,CATGAAAGTCATTTGCCGCA,0,4870172
ygfM_xdhD_predicted,0.09090909090909091,10,10,CATCGGGACGCCCGACTGAG,0,4889781
ygfM_xdhD_predicted,0.09090909090909091,10,10,CATATGCTGTTTACATGAGC,0,4884961
ygfM_xdhD_predicted,0.09090909090909091,10,10,CATATCCTAGTAAGCTTGCA,0,4863823
ygfM_xdhD_predicted,0.09090909090909091,10,10,CATAAGATATTATTTCGAGA,0,4894355
ygfM_xdhD_predicted,0.09090909090909091,10,10,CAGTTGATGGGCTGATTGGC,0,4867116
ygfM_xdhD_predicted,0.09090909090909091,10,10,CAGTGCCACAGGCACAAGCG,0,4878564
ygfM_xdhD_predicted,0.09090909090909091,10,10,CAGCTTCCAAGGACGCTGAG,0,4886858
ygfM_xdhD_predicted,0.09090909090909091,10,10,CACTGGCGAGGCCGAAAGCA,0,4893733
ygfM_xdhD_predicted,0.09090909090909091,10,10,CACTGAGGTAGGCCTTCATC,0,4892782
ygfM_xdhD_predicted,0.09090909090909091,10,10,CACTCCCGAAGCAAGTACAA,0,4868068
ygfM_xdhD_predicted,0.09090909090909091,10,10,CACGGACGTGCCAATATACG,0,4890051
ygfM_xdhD_predicted,0.09090909090909091,10,10,CACCACAAAAAGGTTAAGAT,0,4880160
ygfM_xdhD_predicted,0.09090909090909091,10,10,CACATGGGGCAGTGATGATT,0,4877841
ygfM_xdhD_predicted,0.09090909090909091,10,10,CACACGCCTAAGGGTCACAT,0,4885934
ygfM_xdhD_predicted,0.09090909090909091,10,10,CAATGGATAGGCATGAAGGG,0,4893993
ygfM_xdhD_predicted,0.09090909090909091,10,10,CAATACGTGGCTTCTATACT,0,4889645
ygfM_xdhD_predicted,0.09090909090909091,10,10,CAAGTTCCCCAAAGATCATT,0,4880786
ygfM_xdhD_predicted,0.09090909090909091,10,10,CAAGGGCATAATCAGAGGTC,0,4868521
ygfM_xdhD_predicted,0.09090909090909091,10,10,CAACTTTGAAGCGCGCTTGA,0,4897434
ygfM_xdhD_predicted,0.09090909090909091,10,10,CAAAACGGTTCGTCCGTCGC,0,4881125
ygfM_xdhD_predicted,0.09090909090909091,10,10,ATTTGGACATAGGTACTATG,0,4883086
ygfM_xdhD_predicted,0.09090909090909091,10,10,ATTTATTAAGGCCGGTAGTG,0,4883101
ygfM_xdhD_predicted,0.09090909090909091,10,10,ATTGGGGAGCGAAGGATCAC,0,4865546
ygfM_xdhD_predicted,0.09090909090909091,10,10,ATTGAATGGTATACCTAATA,0,4873539
ygfM_xdhD_predicted,0.09090909090909091,10,10,ATTCTCCAACTGGTCATACT,0,4899513
ygfM_xdhD_predicted,0.09090909090909091,10,10,ATTCCACGCATGGTCGTGCT,0,4867256
ygfM_xdhD_predicted,0.09090909090909091,10,10,ATGGGATCTTACATGCTAGT,0,4897329
ygfM_xdhD_predicted,0.09090909090909091,10,10,ATGGACGGGGGGCCTACGTA,0,4891713
ygfM_xdhD_predicted,0.09090909090909091,10,10,ATGGAAGAACCTCGTACTTT,0,4886185
ygfM_xdhD_predicted,0.09090909090909091,10,10,ATGCCAGCCTGCTGTACCAA,0,4897622
ygfM_xdhD_predicted,0.09090909090909091,10,10,ATCGTTGTTCATTGTAAGCG,0,4895416
ygfM_xdhD_predicted,0.09090909090909091,10,10,ATCAGGGACAACATGCGACA,0,4879447
ygfM_xdhD_predicted,0.09090909090909091,10,10,ATATTACTCCGTATTGAACG,0,4881713
ygfM_xdhD_predicted,0.09090909090909091,10,10,ATAGTCCCACAGAACCAGAA,0,4889414
ygfM_xdhD_predicted,0.09090909090909091,10,10,ATAACTTGACTGTGGCTGCA,0,4879524
ygfM_xdhD_predicted,0.09090909090909091,10,10,AGTTGCTGTCCCATCACGTT,0,4888248
ygfM_xdhD_predicted,0.09090909090909091,10,10,AGTCGTCAACATCGGCTACG,0,4880789
ygfM_xdhD_predicted,0.09090909090909091,10,10,AGGTTTGTTGCGAGTTTTAA,0,4890736
ygfM_xdhD_predicted,0.09090909090909091,10,10,AGGGGCACTGGTTTAACACA,0,4883023
ygfM_xdhD_predicted,0.09090909090909091,10,10,AGGCATCAGCAGCATGAGAG,0,4891189
ygfM_xdhD_predicted,0.09090909090909091,10,10,AGGAAAATCCGGCTGGTTAA,0,4871038
ygfM_xdhD_predicted,0.09090909090909091,10,10,AGCTGTGTGTCGAATGAGCT,0,4884562
ygfM_xdhD_predicted,0.09090909090909091,10,10,AGCTGACTGTACAATAGGCC,0,4893908
ygfM_xdhD_predicted,0.09090909090909091,10,10,AGCGGTGTACTCGTTGACTA,0,4896602
ygfM_xdhD_predicted,0.09090909090909091,10,10,AGCGCGGGTCCGTAGCATAA,0,4879937
ygfM_xdhD_predicted,0.09090909090909091,10,10,AGCGCATGGCATCGCGTCGA,0,4893596
ygfM_xdhD_predicted,0.09090909090909091,10,10,AGCGAGAATCTACGTACATC,0,4896047
ygfM_xdhD_predicted,0.09090909090909091,10,10,AGCCCTTTCGTAATAGCGGG,0,4878076
ygfM_xdhD_predicted,0.09090909090909091,10,10,AGCAGTTAGTCAATCCGAGA,0,4879041
ygfM_xdhD_predicted,0.09090909090909091,10,10,AGATGATGTGAGAGGTACCT,0,4880830
ygfM_xdhD_predicted,0.09090909090909091,10,10,AGATCTAGCTACCGGGATAA,0,4899436
ygfM_xdhD_predicted,0.09090909090909091,10,10,AGAGACGTACTGATCTATGT,0,4872387
ygfM_xdhD_predicted,0.09090909090909091,10,10,AGAATGCACCAGGGCCGGTA,0,4878331
ygfM_xdhD_predicted,0.09090909090909091,10,10,ACTGCCTCGAACAACTGCCC,0,4879125
ygfM_xdhD_predicted,0.09090909090909091,10,10,ACGTTTTGGCCTTCTTAAAG,0,4873006
ygfM_xdhD_predicted,0.09090909090909091,10,10,ACGTCCCTTTATACAGGAGA,0,4867912
ygfM_xdhD_predicted,0.09090909090909091,10,10,ACGGTGGGTATGATTGGCTT,0,4876484
ygfM_xdhD_predicted,0.09090909090909091,10,10,ACGCGAGTTAGCTTCGGCTT,0,4890520
ygfM_xdhD_predicted,0.09090909090909091,10,10,ACGATGCGACCATCTGTTGC,0,4880849
ygfM_xdhD_predicted,0.09090909090909091,10,10,ACCGACGAATCAAAGTAAGG,0,4892911
ygfM_xdhD_predicted,0.09090909090909091,10,10,ACCCCTAGCTAAGCCCAGGA,0,4868971
ygfM_xdhD_predicted,0.09090909090909091,10,10,ACCATATACGATTAGCCCTG,0,4866464
ygfM_xdhD_predicted,0.09090909090909091,10,10,ACCAGGGGATCGATGAGCCA,0,4872221
ygfM_xdhD_predicted,0.09090909090909091,10,10,ACCACCGACGAAACTGACGT,0,4899132
ygfM_xdhD_predicted,0.09090909090909091,10,10,ACCAAGCAGGATCGGATAAA,0,4888365
ygfM_xdhD_predicted,0.09090909090909091,10,10,ACATGATTCATGGCACCATC,0,4896975
ygfM_xdhD_predicted,0.09090909090909091,10,10,ACATATTGCCTGGCCTCGAT,0,4876705
ygfM_xdhD_predicted,0.09090909090909091,10,10,ACATATTAGAGGAGCGGGTA,0,4890502
ygfM_xdhD_predicted,0.09090909090909091,10,10,ACAGTTCCCTGTAAATGGGA,0,4864707
ygfM_xdhD_predicted,0.09090909090909091,10,10,ACAGTAAGATGCGCCTCGGG,0,4884127
ygfM_xdhD_predicted,0.09090909090909091,10,10,ACACCAGGAGCTTGTATCCA,0,4876383
ygfM_xdhD_predicted,0.09090909090909091,10,10,AATTTGAACGGCTATCAATA,0,4891422
ygfM_xdhD_predicted,0.09090909090909091,10,10,AATCCTAAGAGGCCCCTATA,0,4895785
ygfM_xdhD_predicted,0.09090909090909091,10,10,AATATAATTGGTGAGCGCTC,0,4897717
ygfM_xdhD_predicted,0.09090909090909091,10,10,AAGTGCGACCAGCCGACGAA,0,4884687
ygfM_xdhD_predicted,0.09090909090909091,10,10,AAGGGCGATGGCCTCCTTGG,0,4887900
ygfM_xdhD_predicted,0.09090909090909091,10,10,AAGCGCCTTCCATATAGTGA,0,4877157
ygfM_xdhD_predicted,0.09090909090909091,10,10,AAGAGGTTGTTGGTGGTTAA,0,4877493
ygfM_xdhD_predicted,0.09090909090909091,10,10,AACTTGTAATCCCGTATTTT,0,4870481
ygfM_xdhD_predicted,0.09090909090909091,10,10,AACCGGGTGTCTGGCTTCAC,0,4888155
ygfM_xdhD_predicted,0.09090909090909091,10,10,AACAAGGTTGGTCCTTAAAT,0,4874437
ygfM_xdhD_predicted,0.09090909090909091,10,10,AAATCCTTTGGGATTAGTCA,0,4883761
ygfM_xdhD_predicted,0.09090909090909091,10,10,AAATATCCGAAACGCCGATG,0,4880034
ygfM_xdhD_predicted,0.09090909090909091,10,10,AAATAGATTTGCGTATCCGT,0,4880863
ygfM_xdhD_predicted,0.09090909090909091,10,10,AAAGTGGAACTGTAGCTGGC,0,4872868
ygfM_xdhD_predicted,0.09090909090909091,10,10,AAAGGTCAAGATGAACTTAT,0,4899470
ygfM_xdhD_predicted,0.09090909090909091,10,10,AAACCCATGTGACGGCTGAC,0,4864819
ygfM_xdhD_predicted,0.1,9,9,TTTCGGTTGAACACGGAAAT,0,4876286
ygfM_xdhD_predicted,0.1,9,9,TTGTATCGTCTCGGACAACA,0,4893151
ygfM_xdhD_predicted,0.1,9,9,TTGCGGGAAGGTGTTGGCAG,0,4876659
ygfM_xdhD_predicted,0.1,9,9,TTGATCTGTTCGATTGCCTC,0,4880715
ygfM_xdhD_predicted,0.1,9,9,TTCTGTTGCCTTTCAGGCGT,0,4880694
ygfM_xdhD_predicted,0.1,9,9,TTCTGGGTCTAAGCTGGGAA,0,4869301
ygfM_xdhD_predicted,0.1,9,9,TTCGGAGTGATTGGTATCGA,0,4879547
ygfM_xdhD_predicted,0.1,9,9,TTCCTGGGTCACCGAACTCT,0,4875624
ygfM_xdhD_predicted,0.1,9,9,TTCCCTGGGCAGTCACAGAA,0,4866887
ygfM_xdhD_predicted,0.1,9,9,TTCCACTCCCGTATCAGCGA,0,4874690
ygfM_xdhD_predicted,0.1,9,9,TTCACGCTCTTGGCAGGACA,0,4881103
ygfM_xdhD_predicted,0.1,9,9,TTCAATGAAGTTTCGATCCA,0,4867431
ygfM_xdhD_predicted,0.1,9,9,TTATTATGGGGCGTGCAATA,0,4874761
ygfM_xdhD_predicted,0.1,9,9,TTATAGAATTATTAATCGCA,0,4892137
ygfM_xdhD_predicted,0.1,9,9,TTAGCATCTGTTGGACCTGA,0,4885956
ygfM_xdhD_predicted,0.1,9,9,TGTTCAACGCGATTGAATTT,0,4882076
ygfM_xdhD_predicted,0.1,9,9,TGTAGTGTGTGTGCTATGAT,0,4868756
ygfM_xdhD_predicted,0.1,9,9,TGGTGTGATGTGTGACATGG,0,4877230
ygfM_xdhD_predicted,0.1,9,9,TGGTGCGAAGGCTTAGCGAA,0,4892666
ygfM_xdhD_predicted,0.1,9,9,TGGTGATTTGGTAATGTAGC,0,4872759
ygfM_xdhD_predicted,0.1,9,9,TGGGCGGAGTGGGAGAGGTA,0,4878735
ygfM_xdhD_predicted,0.1,9,9,TGGGAGCCTCATTTCTGGTG,0,4878461
ygfM_xdhD_predicted,0.1,9,9,TGGCGCAATTAAGGACTCAC,0,4889642
ygfM_xdhD_predicted,0.1,9,9,TGGCAAGACGTATCCAGCCC,0,4884383
ygfM_xdhD_predicted,0.1,9,9,TGGACATTGCACCACGGGTT,0,4863857
ygfM_xdhD_predicted,0.1,9,9,TGCTCGCAGCGGCTCAGACT,0,4865276
ygfM_xdhD_predicted,0.1,9,9,TGCGTGATGGGACAGTCGAT,0,4897684
ygfM_xdhD_predicted,0.1,9,9,TGCGAGGCGGTTGTTTCCTC,0,4889458
ygfM_xdhD_predicted,0.1,9,9,TGATTCAGTGGATTAAAGCT,0,4896732
ygfM_xdhD_predicted,0.1,9,9,TGATCCTTACGGGAGGGTTC,0,4866070
ygfM_xdhD_predicted,0.1,9,9,TGAGTGGTCAGCTGATAGGT,0,4865994
ygfM_xdhD_predicted,0.1,9,9,TGACGGTAGGACTACGTGAC,0,4897900
ygfM_xdhD_predicted,0.1,9,9,TGACGCCTTATCTCGTTTAT,0,4885504
ygfM_xdhD_predicted,0.1,9,9,TGACAAACCAAAGGTGTTTC,0,4879856
ygfM_xdhD_predicted,0.1,9,9,TGAAGGGTAGACCTGCCGAT,0,4895443
ygfM_xdhD_predicted,0.1,9,9,TGAACCATGTGGATAGCTTG,0,4879607
ygfM_xdhD_predicted,0.1,9,9,TCTTGGCTAGCGGATTGTGA,0,4882922
ygfM_xdhD_predicted,0.1,9,9,TCTTCGTGCTAATGAGAGGA,0,4879699
ygfM_xdhD_predicted,0.1,9,9,TCTGTCGGCGTGCTTCGGTG,0,4870653
ygfM_xdhD_predicted,0.1,9,9,TCTCAATCCATTAAGCACGT,0,4868750
ygfM_xdhD_predicted,0.1,9,9,TCTAGCATAGTTGTCTCCCT,0,4870213
ygfM_xdhD_predicted,0.1,9,9,TCTAATGGAGGGGAAAACCC,0,4876777
ygfM_xdhD_predicted,0.1,9,9,TCTAAATTGCGCAGCAGGAA,0,4869255
ygfM_xdhD_predicted,0.1,9,9,TCGGTTGGCTGCTCATGGTA,0,4897296
ygfM_xdhD_predicted,0.1,9,9,TCGGTTGAATACAACGATCC,0,4885671
ygfM_xdhD_predicted,0.1,9,9,TCGGGAGTCAAAGTTTATGT,0,4891193
ygfM_xdhD_predicted,0.1,9,9,TCGCATCTATTACGGATTCA,0,4881970
ygfM_xdhD_predicted,0.1,9,9,TCGAGCAACTTGGAGCCACT,0,4888282
ygfM_xdhD_predicted,0.1,9,9,TCCGTGTTCCAGTTCAGAAG,0,4884248
ygfM_xdhD_predicted,0.1,9,9,TCCGTCGCGCGCTCGCCACC,0,4882846
ygfM_xdhD_predicted,0.1,9,9,TCCGCGGAGCGGGTGCGATC,0,4886386
ygfM_xdhD_predicted,0.1,9,9,TCCCGCCTGGTACCGGTATG,0,4865803
ygfM_xdhD_predicted,0.1,9,9,TCCAAAGCTACCACAGTAAG,0,4889234
ygfM_xdhD_predicted,0.1,9,9,TCATTTTGGTGGAACGAATC,0,4870983
ygfM_xdhD_predicted,0.1,9,9,TCATGATGCCCGTCGGCCGC,0,4886716
ygfM_xdhD_predicted,0.1,9,9,TCAGCGGTGGCGCACCGAAC,0,4884837
ygfM_xdhD_predicted,0.1,9,9,TCACGAGGCAACTTGATAAG,0,4887210
ygfM_xdhD_predicted,0.1,9,9,TCAAGAAGGTCGTGTCCATC,0,4870549
ygfM_xdhD_predicted,0.1,9,9,TATCCGGTAAACCAGATTTC,0,4868852
ygfM_xdhD_predicted,0.1,9,9,TAGCGCTCTAACGATGAAGA,0,4881607
ygfM_xdhD_predicted,0.1,9,9,TAGAGCCATTATATCTAAGG,0,4874386
ygfM_xdhD_predicted,0.1,9,9,TAGACTCGTGTCGAAATACA,0,4896795
ygfM_xdhD_predicted,0.1,9,9,TACTGGACTATATTTGCAAA,0,4882380
ygfM_xdhD_predicted,0.1,9,9,TACTGCGTGCTCCCCTTTAT,0,4868199
ygfM_xdhD_predicted,0.1,9,9,TACTCCTATGAGATTCCAAA,0,4876252
ygfM_xdhD_predicted,0.1,9,9,TACGGAGCCTATAGGCAGCA,0,4890679
ygfM_xdhD_predicted,0.1,9,9,TACGCGTAGTAGCGGGCAAG,0,4880588
ygfM_xdhD_predicted,0.1,9,9,TACGCGATATGTTACTTGTG,0,4874103
ygfM_xdhD_predicted,0.1,9,9,TACGCCTGCGTCCTTATGGT,0,4887524
ygfM_xdhD_predicted,0.1,9,9,TACCTAGGTGGGCGTCGTAA,0,4880804
ygfM_xdhD_predicted,0.1,9,9,TACCGGCCTGAGGAAACCAT,0,4894876
ygfM_xdhD_predicted,0.1,9,9,TACACACATTCAACGATGTA,0,4899143
ygfM_xdhD_predicted,0.1,9,9,TAATATGTGGCGCATTTTGT,0,4897872
ygfM_xdhD_predicted,0.1,9,9,TAATAGACGGACGCTGTGAT,0,4873986
ygfM_xdhD_predicted,0.1,9,9,TAAAGGGGGTGCGTTACACT,0,4888588
ygfM_xdhD_predicted,0.1,9,9,GTTTAGCTTTAGGACGTAAT,0,4870838
ygfM_xdhD_predicted,0.1,9,9,GTTGTTACAGCTAGCATTAG,0,4889509
ygfM_xdhD_predicted,0.1,9,9,GTTGTAATTGGCAAGAGTTA,0,4891533
ygfM_xdhD_predicted,0.1,9,9,GTTGCAGCGGTCCAACGATC,0,4864430
ygfM_xdhD_predicted,0.1,9,9,GTTGCAAATGTTGGGTTCGT,0,4879002
ygfM_xdhD_predicted,0.1,9,9,GTTCGATACTTGATCCGCCT,0,4896113
ygfM_xdhD_predicted,0.1,9,9,GTGTTAAGTTATAAGTTGCG,0,4888169
ygfM_xdhD_predicted,0.1,9,9,GTGTCAAACATATCCGGAGG,0,4887538
ygfM_xdhD_predicted,0.1,9,9,GTGGGCCAGAGAATGGGAAA,0,4876319
ygfM_xdhD_predicted,0.1,9,9,GTGGACCCGCAGGCTGCAAT,0,4866415
ygfM_xdhD_predicted,0.1,9,9,GTGCTCCGTCTATAGGCAGA,0,4883584
ygfM_xdhD_predicted,0.1,9,9,GTGCCTAATATTACTAACGA,0,4874851
ygfM_xdhD_predicted,0.1,9,9,GTGATTCACGATTGCGCCTA,0,4895171
ygfM_xdhD_predicted,0.1,9,9,GTGAGAGAAACACGTTCGGA,0,4876335
ygfM_xdhD_predicted,0.1,9,9,GTGACCACATTTCACTGGCC,0,4896401
ygfM_xdhD_predicted,0.1,9,9,GTGACACGATATAGTCAAAG,0,4884785
ygfM_xdhD_predicted,0.1,9,9,GTCTTTCCTCTTCAGACACA,0,4885214
ygfM_xdhD_predicted,0.1,9,9,GTCGGTATGGCGAAGTGGAA,0,4893928
ygfM_xdhD_predicted,0.1,9,9,GTCGGAGAGTTACCCGACCT,0,4893559
ygfM_xdhD_predicted,0.1,9,9,GTCGGAGACTGGGTCGGAAG,0,4898628
ygfM_xdhD_predicted,0.1,9,9,GTCATGCCGCACGTTGCTCA,0,4886937
ygfM_xdhD_predicted,0.1,9,9,GTCACACGGCCTCCTTACCT,0,4895376
ygfM_xdhD_predicted,0.1,9,9,GTATTTAGGGCTAAATTAGG,0,4892518
ygfM_xdhD_predicted,0.1,9,9,GTACTTTTATTTTGGCAGCA,0,4873426
ygfM_xdhD_predicted,0.1,9,9,GTACTTTTAACATGGGTCAT,0,4887789
ygfM_xdhD_predicted,0.1,9,9,GTAACCAAACCCGGGTACGA,0,4882940
ygfM_xdhD_predicted,0.1,9,9,GGTTCCGAATATTGGCGTGG,0,4864284
ygfM_xdhD_predicted,0.1,9,9,GGTGCCCTATGGGCGAACTC,0,4873973
ygfM_xdhD_predicted,0.1,9,9,GGTGAACCAGCGGGCTGCTA,0,4892453
ygfM_xdhD_predicted,0.1,9,9,GGTCGGTCGCACTTCCTTTC,0,4892541
ygfM_xdhD_predicted,0.1,9,9,GGTCAAATCAGGATCATAGC,0,4864071
ygfM_xdhD_predicted,0.1,9,9,GGGTCGCTAATACATGCAAA,0,4864263
ygfM_xdhD_predicted,0.1,9,9,GGGGTAACGGGCGTCTCACC,0,4872698
ygfM_xdhD_predicted,0.1,9,9,GGGCTCTGCTTGAGATTGTT,0,4892370
ygfM_xdhD_predicted,0.1,9,9,GGGCAGAACACAGTAGCCTT,0,4889542
ygfM_xdhD_predicted,0.1,9,9,GGGATGTAGGGCGAGACCTC,0,4874163
ygfM_xdhD_predicted,0.1,9,9,GGGACCTGCTGATAGCAACC,0,4894063
ygfM_xdhD_predicted,0.1,9,9,GGGACAACTCGTAAAAATCT,0,4875363
ygfM_xdhD_predicted,0.1,9,9,GGCCAAGAGGACAAACCTAA,0,4873412
ygfM_xdhD_predicted,0.1,9,9,GGATTTACACAACCACGGAA,0,4896179
ygfM_xdhD_predicted,0.1,9,9,GGATGGTTCCTGCGTACCAG,0,4890929
ygfM_xdhD_predicted,0.1,9,9,GGAGAGTTCCCCACTCCGGG,0,4891758
ygfM_xdhD_predicted,0.1,9,9,GGACTTTCCTAATCCCTTAT,0,4897755
ygfM_xdhD_predicted,0.1,9,9,GGACTAATGCACTTGTAACA,0,4890552
ygfM_xdhD_predicted,0.1,9,9,GGAATCATGATATAGCACGC,0,4897523
ygfM_xdhD_predicted,0.1,9,9,GGAACTCTCTTAAGCGGTCT,0,4865970
ygfM_xdhD_predicted,0.1,9,9,GGAAAGGTGATCAATATTCA,0,4881393
ygfM_xdhD_predicted,0.1,9,9,GCTGTAGCACTGATCGGGGT,0,4886793
ygfM_xdhD_predicted,0.1,9,9,GCTGGTGCCGTGCTGCCGCG,0,4896541
ygfM_xdhD_predicted,0.1,9,9,GCTCCACATGCGACGATACC,0,4880518
ygfM_xdhD_predicted,0.1,9,9,GCGTGGACCGCACGTTCTCT,0,4899152
ygfM_xdhD_predicted,0.1,9,9,GCGGGGACACTGCCAACCTT,0,4875839
ygfM_xdhD_predicted,0.1,9,9,GCGCCTGAGCGCGCGGAGCC,0,4876627
ygfM_xdhD_predicted,0.1,9,9,GCGAGTACTTTAAAAGGGAA,0,4893450
ygfM_xdhD_predicted,0.1,9,9,GCCTTTTTCCGCGAGGTGAG,0,4868620
ygfM_xdhD_predicted,0.1,9,9,GCCTTAAGAGTGTGGTTGTA,0,4880828
ygfM_xdhD_predicted,0.1,9,9,GCCATATGAGTCCATTAATG,0,4871330
ygfM_xdhD_predicted,0.1,9,9,GCCAAGTCCCTTACAACGAC,0,4876098
ygfM_xdhD_predicted,0.1,9,9,GCATGCCATTGACTCTTTCA,0,4884814
ygfM_xdhD_predicted,0.1,9,9,GCAGTGGCCGCAGGCTACAA,0,4871097
ygfM_xdhD_predicted,0.1,9,9,GCACTAGCCGTCCTACAATT,0,4895111
ygfM_xdhD_predicted,0.1,9,9,GCAACTGTCATTCCACGGCC,0,4898419
ygfM_xdhD_predicted,0.1,9,9,GCAAATGGAGCGCAAAGGTA,0,4891983
ygfM_xdhD_predicted,0.1,9,9,GCAAACTACCGCGCCTGTAG,0,4883931
ygfM_xdhD_predicted,0.1,9,9,GCAAAACGGTTTCTAGCTCA,0,4870528
ygfM_xdhD_predicted,0.1,9,9,GATGTGCAATCAGCGTCGCT,0,4896225
ygfM_xdhD_predicted,0.1,9,9,GATGGGGGTACGTCTGACAA,0,4894120
ygfM_xdhD_predicted,0.1,9,9,GATGAAAGCGAACAGTACGA,0,4887422
ygfM_xdhD_predicted,0.1,9,9,GATCTGGTGATTTGCGACAA,0,4876662
ygfM_xdhD_predicted,0.1,9,9,GATCTGGCGCGGAATCCAAG,0,4865006
ygfM_xdhD_predicted,0.1,9,9,GATCGAACCAAATCCAAGCA,0,4870940
ygfM_xdhD_predicted,0.1,9,9,GATAGGGTAGGCGAATATCT,0,4882819
ygfM_xdhD_predicted,0.1,9,9,GATACGGTCAACACGTAGCG,0,4892638
ygfM_xdhD_predicted,0.1,9,9,GAGTCGGGTTGACCTACCGA,0,4891285
ygfM_xdhD_predicted,0.1,9,9,GAGTACTCCGCCGATGAGTA,0,4883598
ygfM_xdhD_predicted,0.1,9,9,GAGGGGCTAGTCTTGCTTTC,0,4896894
ygfM_xdhD_predicted,0.1,9,9,GAGGCACTGAGCAGGGTATA,0,4872040
ygfM_xdhD_predicted,0.1,9,9,GACTGTTATATAGATTAAAA,0,4874205
ygfM_xdhD_predicted,0.1,9,9,GACTATAAGGTTTACACGCC,0,4869805
ygfM_xdhD_predicted,0.1,9,9,GACGTACAATACTCAGTCGG,0,4879130
ygfM_xdhD_predicted,0.1,9,9,GACCGGTTGTATTAGAGTTG,0,4865078
ygfM_xdhD_predicted,0.1,9,9,GACAGGTAAATACGATCGGC,0,4879807
ygfM_xdhD_predicted,0.1,9,9,GACAGAGTGGGCCGCCTATC,0,4868539
ygfM_xdhD_predicted,0.1,9,9,CTTTAGACCCCCGCTTGACC,0,4883525
ygfM_xdhD_predicted,0.1,9,9,CTTGTGTTCTCGCAGTCATA,0,4887511
ygfM_xdhD_predicted,0.1,9,9,CTTGGATTGCATTAAGGTTA,0,4882921
ygfM_xdhD_predicted,0.1,9,9,CTGTAATTTGCGGAGGTATA,0,4885221
ygfM_xdhD_predicted,0.1,9,9,CTGGATCCGTCGCGGCTACC,0,4889143
ygfM_xdhD_predicted,0.1,9,9,CTGGAGGTCCTATGTTCAGC,0,4881229
ygfM_xdhD_predicted,0.1,9,9,CTCGTTTGTGCAAGTGTCAC,0,4868194
ygfM_xdhD_predicted,0.1,9,9,CTCGGTCGCCAGGCACAACA,0,4865195
ygfM_xdhD_predicted,0.1,9,9,CTCGACTTTTAAGTCCTTTG,0,4882210
ygfM_xdhD_predicted,0.1,9,9,CTCCGCTGTAGGTACTAATG,0,4871503
ygfM_xdhD_predicted,0.1,9,9,CTCCCCCAGTATTAGTGGTA,0,4890819
ygfM_xdhD_predicted,0.1,9,9,CTCCCCATCAAGCGCTGCTG,0,4893320
ygfM_xdhD_predicted,0.1,9,9,CTCACAGGTTAACTGGTGGG,0,4877470
ygfM_xdhD_predicted,0.1,9,9,CTCAATCCCCCTACGGAATT,0,4897079
ygfM_xdhD_predicted,0.1,9,9,CTCAACGTTGGTTCAGCATC,0,4891418
ygfM_xdhD_predicted,0.1,9,9,CTATTCACAGTCGCGGGGTA,0,4884734
ygfM_xdhD_predicted,0.1,9,9,CTATGATCGAAAGGTGGGCA,0,4884598
ygfM_xdhD_predicted,0.1,9,9,CTACCGCTAATACTGCGAAG,0,4890343
ygfM_xdhD_predicted,0.1,9,9,CTAAGTCTGGTGCTGCACGA,0,4865871
ygfM_xdhD_predicted,0.1,9,9,CTAAGCACATGCAGGCTTCC,0,4889465
ygfM_xdhD_predicted,0.1,9,9,CGTTGCCATCCATCAAGATA,0,4897898
ygfM_xdhD_predicted,0.1,9,9,CGTTCAGGTTACGATTCATA,0,4897740
ygfM_xdhD_predicted,0.1,9,9,CGTGGCCCCAGAACAAGAGC,0,4873116
ygfM_xdhD_predicted,0.1,9,9,CGTGGAGCATCCGGGTACAT,0,4882472
ygfM_xdhD_predicted,0.1,9,9,CGTGCTACTCTCACGTTCCA,0,4899480
ygfM_xdhD_predicted,0.1,9,9,CGTCCAAAGTTTTTAGTTCT,0,4870451
ygfM_xdhD_predicted,0.1,9,9,CGTCACATGACGAGTATACA,0,4873120
ygfM_xdhD_predicted,0.1,9,9,CGTCAATCACAATATTCGTG,0,4899468
ygfM_xdhD_predicted,0.1,9,9,CGTAGGTAGTGAGCCTATTC,0,4885562
ygfM_xdhD_predicted,0.1,9,9,CGGCGTTGAGTAGTATGATC,0,4865873
ygfM_xdhD_predicted,0.1,9,9,CGGCGCGGAGCTACCTTGCC,0,4873617
ygfM_xdhD_predicted,0.1,9,9,CGGCCGCGGCCTCATCTGTG,0,4878007
ygfM_xdhD_predicted,0.1,9,9,CGCTGCCTGTAACTAGCACC,0,4896742
ygfM_xdhD_predicted,0.1,9,9,CGCTAGATTACGTTATTATC,0,4879292
ygfM_xdhD_predicted,0.1,9,9,CGCTACTACCTTCACCACGT,0,4866155
ygfM_xdhD_predicted,0.1,9,9,CGCCTCGACGTACATCAGAG,0,4893199
ygfM_xdhD_predicted,0.1,9,9,CGCCGAGTCGGAATATTGAG,0,4876079
ygfM_xdhD_predicted,0.1,9,9,CGCCGACCGCACTATGAGGC,0,4897914
ygfM_xdhD_predicted,0.1,9,9,CGCAGTCGAACTCCATGTGT,0,4872305
ygfM_xdhD_predicted,0.1,9,9,CGCAGATACCGTTTACTGTT,0,4878295
ygfM_xdhD_predicted,0.1,9,9,CGATATCGTGTGCCTCTTAA,0,4888747
ygfM_xdhD_predicted,0.1,9,9,CGAGCCGCATAGGTAAGCGA,0,4883434
ygfM_xdhD_predicted,0.1,9,9,CGACTCACCTCGAGACTATC,0,4870024
ygfM_xdhD_predicted,0.1,9,9,CGACAGGGCTTCGAGTTCCT,0,4893884
ygfM_xdhD_predicted,0.1,9,9,CGACAGGGCGAAGGGATCTC,0,4870547
ygfM_xdhD_predicted,0.1,9,9,CGAATTTCGCTGCTATCTTT,0,4871294
ygfM_xdhD_predicted,0.1,9,9,CGAATGAAACCTTTCGCCTC,0,4883036
ygfM_xdhD_predicted,0.1,9,9,CGAATCCTTCGTCTCTATTC,0,4895580
ygfM_xdhD_predicted,0.1,9,9,CGAAGCGACACCTGTGACAC,0,4891247
ygfM_xdhD_predicted,0.1,9,9,CGAAAGCGAAAGGGTTAATA,0,4876905
ygfM_xdhD_predicted,0.1,9,9,CCTGTCCTGTTCAGGCCATA,0,4893610
ygfM_xdhD_predicted,0.1,9,9,CCTGCCATACGTACAGGAAA,0,4870337
ygfM_xdhD_predicted,0.1,9,9,CCTGCACTGTGTCGAGCTCG,0,4878228
ygfM_xdhD_predicted,0.1,9,9,CCTCAGCGGCAGACAAGGGT,0,4874647
ygfM_xdhD_predicted,0.1,9,9,CCTCACGTATCGGTGTAATA,0,4894420
ygfM_xdhD_predicted,0.1,9,9,CCTATTTGGGAGGAAGCAGC,0,4873369
ygfM_xdhD_predicted,0.1,9,9,CCGTTTTGTTCCACGCTTGG,0,4899141
ygfM_xdhD_predicted,0.1,9,9,CCGGTTGTACCCCCCGGACT,0,4864776
ygfM_xdhD_predicted,0.1,9,9,CCGGATCCCCATCAATAGAT,0,4886663
ygfM_xdhD_predicted,0.1,9,9,CCGCGCCACGGATACCGATC,0,4887726
ygfM_xdhD_predicted,0.1,9,9,CCGCATTGGCGCCACGTCAT,0,4871026
ygfM_xdhD_predicted,0.1,9,9,CCGCACCCGTACGACATTAG,0,4894433
ygfM_xdhD_predicted,0.1,9,9,CCGAAACCCTGAGCGGTCGT,0,4872940
ygfM_xdhD_predicted,0.1,9,9,CCCTTGGCCTAGGGAGTAAA,0,4889366
ygfM_xdhD_predicted,0.1,9,9,CCCGGCACGGACCTGGGACA,0,4868857
ygfM_xdhD_predicted,0.1,9,9,CCCGCCAAATCTTAAGTATA,0,4871240
ygfM_xdhD_predicted,0.1,9,9,CCCCCAACGGCTGGAGATTA,0,4872909
ygfM_xdhD_predicted,0.1,9,9,CCACTTCAATTCGGCAGTGA,0,4882916
ygfM_xdhD_predicted,0.1,9,9,CCAATCGGCTAAGCTATAGA,0,4884105
ygfM_xdhD_predicted,0.1,9,9,CCAAGCGTCATGCTCGATTT,0,4876150
ygfM_xdhD_predicted,0.1,9,9,CCAAGCCGTCGGTCAACCAG,0,4883900
ygfM_xdhD_predicted,0.1,9,9,CATGGTCATTAGGGGCTTCA,0,4889283
ygfM_xdhD_predicted,0.1,9,9,CATGAGTGCTTGTTACCTAT,0,4897719
ygfM_xdhD_predicted,0.1,9,9,CATCTCGGTTAGGGACATAC,0,4882543
ygfM_xdhD_predicted,0.1,9,9,CAGTGCTCTGCTGATCTATG,0,4891910
ygfM_xdhD_predicted,0.1,9,9,CAGTCTTAGCTCTTGGTTCT,0,4871500
ygfM_xdhD_predicted,0.1,9,9,CAGTAAGGTGAATCGTTGAG,0,4864088
ygfM_xdhD_predicted,0.1,9,9,CAGGGGTCAGCTCGGAAGAA,0,4885244
ygfM_xdhD_predicted,0.1,9,9,CAGGCTATAACCTTACAGGC,0,4879156
ygfM_xdhD_predicted,0.1,9,9,CAGCGTGTCACAAAAGTTTC,0,4864323
ygfM_xdhD_predicted,0.1,9,9,CACTTCATGTTAGGTGATAT,0,4886224
ygfM_xdhD_predicted,0.1,9,9,CACTCACAAAGGCCCCGGAC,0,4883169
ygfM_xdhD_predicted,0.1,9,9,CACGCTTCCAAGCAGGTAAA,0,4875744
ygfM_xdhD_predicted,0.1,9,9,CACCGGCACCGAATGTCATT,0,4895538
ygfM_xdhD_predicted,0.1,9,9,CACCCTGGCATGGGTCTGAA,0,4869068
ygfM_xdhD_predicted,0.1,9,9,CACCCCTAGCGCCGGGTCGA,0,4896515
ygfM_xdhD_predicted,0.1,9,9,CACAAAGACTTCGTGATAGA,0,4871588
ygfM_xdhD_predicted,0.1,9,9,CAATGTAGTTATGCGGGTCC,0,4880366
ygfM_xdhD_predicted,0.1,9,9,CAAGGTTAAGTACACGTGCG,0,4882402
ygfM_xdhD_predicted,0.1,9,9,CAAGCATCAGCTAGCCGGGA,0,4897223
ygfM_xdhD_predicted,0.1,9,9,CAACCTACTACATACTTTCG,0,4873624
ygfM_xdhD_predicted,0.1,9,9,CAAAGGAAGGGCCGATGTAG,0,4872648
ygfM_xdhD_predicted,0.1,9,9,ATTTGGCCAAGGTTGGATGA,0,4871726
ygfM_xdhD_predicted,0.1,9,9,ATTTGCGAGGCTTGTGTCCC,0,4868021
ygfM_xdhD_predicted,0.1,9,9,ATTTAGACCCGGCTTGGTCG,0,4880411
ygfM_xdhD_predicted,0.1,9,9,ATTAGCCGTCCAGCGCACTA,0,4863966
ygfM_xdhD_predicted,0.1,9,9,ATTACGAGTGACGTTACGGG,0,4864461
ygfM_xdhD_predicted,0.1,9,9,ATGTTAAGCAGCGTCGCAGA,0,4877116
ygfM_xdhD_predicted,0.1,9,9,ATGGTCCAGTATGTGACGCT,0,4888600
ygfM_xdhD_predicted,0.1,9,9,ATGGGATTCGAGTAGTGTTA,0,4879559
ygfM_xdhD_predicted,0.1,9,9,ATGGGAGGAGGGACACAGTC,0,4892473
ygfM_xdhD_predicted,0.1,9,9,ATGGCCCGGGCCGATCAAGA,0,4891137
ygfM_xdhD_predicted,0.1,9,9,ATGCCGTCTATGGTAGGAAC,0,4878333
ygfM_xdhD_predicted,0.1,9,9,ATGAGCGGTGGATAGCGGGC,0,4871128
ygfM_xdhD_predicted,0.1,9,9,ATCTTGACGGTCGTGTTTGA,0,4877452
ygfM_xdhD_predicted,0.1,9,9,ATCTCGTTATAACGTACATT,0,4878159
ygfM_xdhD_predicted,0.1,9,9,ATCTCGTGGTGTCGAAAAGA,0,4879646
ygfM_xdhD_predicted,0.1,9,9,ATCGCCGTCAGTACGCGAGA,0,4873770
ygfM_xdhD_predicted,0.1,9,9,ATCGCACATTGGCCAGTCAT,0,4880199
ygfM_xdhD_predicted,0.1,9,9,ATCCCTTCCGTCGTCAGAAT,0,4884642
ygfM_xdhD_predicted,0.1,9,9,ATCAGTTTAGGGAGCCAGCT,0,4875787
ygfM_xdhD_predicted,0.1,9,9,ATCAGCTCCTCGGTTCTCGT,0,4871638
ygfM_xdhD_predicted,0.1,9,9,ATCACCGCAGTCCTACAATA,0,4882481
ygfM_xdhD_predicted,0.1,9,9,ATATGTTGCGGGGTTACTCA,0,4871855
ygfM_xdhD_predicted,0.1,9,9,ATAGTCACCGGTATTCATCT,0,4876784
ygfM_xdhD_predicted,0.1,9,9,ATAGCATGCCTCGAACGAGA,0,4881642
ygfM_xdhD_predicted,0.1,9,9,ATACATCTAGGAGAACCCAG,0,4885643
ygfM_xdhD_predicted,0.1,9,9,ATAACGACAAGTTTGGCAGT,0,4881701
ygfM_xdhD_predicted,0.1,9,9,AGTTACCTCGGCGGTATATG,0,4883448
ygfM_xdhD_predicted,0.1,9,9,AGTGTTGGTTTTAGGTATCG,0,4881090
ygfM_xdhD_predicted,0.1,9,9,AGTCTGTCAGCTGGTCGGGT,0,4884224
ygfM_xdhD_predicted,0.1,9,9,AGGTTTCTCTGTGGATCTAC,0,4873231
ygfM_xdhD_predicted,0.1,9,9,AGGTTCGGGCACTTGTGGAA,0,4887431
ygfM_xdhD_predicted,0.1,9,9,AGGTCTTGCCGCCACCACCT,0,4871639
ygfM_xdhD_predicted,0.1,9,9,AGGTCCTCAAAGGAGACCTG,0,4883293
ygfM_xdhD_predicted,0.1,9,9,AGGGTGAGGTCACCAATAGT,0,4875513
ygfM_xdhD_predicted,0.1,9,9,AGGGTATCAGAGTAGGTTTT,0,4870707
ygfM_xdhD_predicted,0.1,9,9,AGCTTCGCGCGTAAGAGTCC,0,4864397
ygfM_xdhD_predicted,0.1,9,9,AGCTTCACAGCCGCGAGTAA,0,4895225
ygfM_xdhD_predicted,0.1,9,9,AGCTCGCAGTTGGCACATAT,0,4871578
ygfM_xdhD_predicted,0.1,9,9,AGCGTCCAGTAGGTGCCGCC,0,4877037
ygfM_xdhD_predicted,0.1,9,9,AGCGAGGCCTTGTAGCTGCC,0,4881265
ygfM_xdhD_predicted,0.1,9,9,AGCCGCATATGGTGTTCCCA,0,4865834
ygfM_xdhD_predicted,0.1,9,9,AGCATTTGGCTATTTCGACG,0,4878806
ygfM_xdhD_predicted,0.1,9,9,AGCACAGGTGATACCAACGA,0,4886565
ygfM_xdhD_predicted,0.1,9,9,AGCAACGAGGGACGGTCTAG,0,4871080
ygfM_xdhD_predicted,0.1,9,9,AGATTTTCAGCCAACGGCTA,0,4881571
ygfM_xdhD_predicted,0.1,9,9,AGATTGAGCAGTTGGTCATC,0,4897311
ygfM_xdhD_predicted,0.1,9,9,AGATGATCTCTCCAGACGAC,0,4864241
ygfM_xdhD_predicted,0.1,9,9,AGAGAAAGACTTGGGCAACG,0,4898277
ygfM_xdhD_predicted,0.1,9,9,AGACATGGCTCGGCTCACGG,0,4890226
ygfM_xdhD_predicted,0.1,9,9,AGAAGATATGTGATGACGCT,0,4875758
ygfM_xdhD_predicted,0.1,9,9,AGAACGGCCACCAAATCCGA,0,4895946
ygfM_xdhD_predicted,0.1,9,9,AGAAACTGGCGGATCTGCGG,0,4866366
ygfM_xdhD_predicted,0.1,9,9,AGAAACGATCCCCCGATACA,0,4895655
ygfM_xdhD_predicted,0.1,9,9,ACTTTCCGGATGTAACCCTC,0,4897999
ygfM_xdhD_predicted,0.1,9,9,ACTTGGCTGCGGCAGTCGTC,0,4887120
ygfM_xdhD_predicted,0.1,9,9,ACTTCGCAGCGACTGAGGCG,0,4875542
ygfM_xdhD_predicted,0.1,9,9,ACTCGATCAATGAATTGGCC,0,4885352
ygfM_xdhD_predicted,0.1,9,9,ACTCCTCCGGAGCGTGTTGG,0,4867702
ygfM_xdhD_predicted,0.1,9,9,ACGTCGGGGGGCCTGCGCTA,0,4883440
ygfM_xdhD_predicted,0.1,9,9,ACGTCAAACACGGAGTATAC,0,4889419
ygfM_xdhD_predicted,0.1,9,9,ACGTAAGCCCGAGGCCACAT,0,4897581
ygfM_xdhD_predicted,0.1,9,9,ACGGGCGAAAGCTCTGAGAG,0,4867623
ygfM_xdhD_predicted,0.1,9,9,ACGCGCATTGGGGGACTTAC,0,4878455
ygfM_xdhD_predicted,0.1,9,9,ACCGTAATATCGTGGACAGT,0,4896626
ygfM_xdhD_predicted,0.1,9,9,ACCGCGTAGTGCTGCGCTCA,0,4873074
ygfM_xdhD_predicted,0.1,9,9,ACCCGCCGTCCTATTTATAA,0,4874441
ygfM_xdhD_predicted,0.1,9,9,ACCCGAGTGTAAATTTCTCG,0,4892663
ygfM_xdhD_predicted,0.1,9,9,ACCCAGCATTATGGATTCGA,0,4876354
ygfM_xdhD_predicted,0.1,9,9,ACAGCCGTCTGAAATACTCC,0,4892583
ygfM_xdhD_predicted,0.1,9,9,ACAACGGGCGATGAAGTCTA,0,4880322
ygfM_xdhD_predicted,0.1,9,9,ACAACCAATACTTACCAGGT,0,4878770
ygfM_xdhD_predicted,0.1,9,9,AATGCATCGGTCCAGCGTTC,0,4898372
ygfM_xdhD_predicted,0.1,9,9,AATCTTAGCGATGTGGGGTT,0,4889381
ygfM_xdhD_predicted,0.1,9,9,AATCCGGCATGTGGCTCCGA,0,4877926
ygfM_xdhD_predicted,0.1,9,9,AATCATCCCCAAAGAAACTA,0,4865829
ygfM_xdhD_predicted,0.1,9,9,AATAGCACTTTACGACCTGC,0,4891124
ygfM_xdhD_predicted,0.1,9,9,AATAGACCAGGGGCGGCTGC,0,4863879
ygfM_xdhD_predicted,0.1,9,9,AAGTGGCGCGTCACAGCCGT,0,4865974
ygfM_xdhD_predicted,0.1,9,9,AAGGTGCAGGGTCAGGCATA,0,4897950
ygfM_xdhD_predicted,0.1,9,9,AAGGGGTACACGTGCTACCT,0,4889757
ygfM_xdhD_predicted,0.1,9,9,AAGCTGACAGCTTACGAGGG,0,4876158
ygfM_xdhD_predicted,0.1,9,9,AAGCTCGCCAATTGGGCTTC,0,4866142
ygfM_xdhD_predicted,0.1,9,9,AAGATTGTTAGAGTAACAAC,0,4870260
ygfM_xdhD_predicted,0.1,9,9,AAGACCTGTACTGCGAACGA,0,4899291
ygfM_xdhD_predicted,0.1,9,9,AACGAGGGACTAATTCCGCT,0,4869599
ygfM_xdhD_predicted,0.1,9,9,AACCTGTAGCAGGCGGTATC,0,4893295
ygfM_xdhD_predicted,0.1,9,9,AACCGATGAGTACAATCCCT,0,4880892
ygfM_xdhD_predicted,0.1,9,9,AACATGAGTTTTTCGACTCT,0,4891511
ygfM_xdhD_predicted,0.1,9,9,AACAGGCGAACCATGCTTTG,0,4889908
ygfM_xdhD_predicted,0.1,9,9,AACAACTGGCCGACTAATCA,0,4886048
ygfM_xdhD_predicted,0.1,9,9,AAATGGATAGAAGTCCTGCA,0,4896081
ygfM_xdhD_predicted,0.1,9,9,AAAGTTACGGCGGCACTTGG,0,4895015
ygfM_xdhD_predicted,0.1,9,9,AAAGTAACAGCAGGACAGGA,0,4877732
ygfM_xdhD_predicted,0.1,9,9,AAAGGAGGCACCAAAGGCCT,0,4887808
ygfM_xdhD_predicted,0.1,9,9,AAAGCTTCTCCAGGATGAGA,0,4864499
ygfM_xdhD_predicted,0.1,9,9,AAACCACTAGAAAGGACTGT,0,4897629
ygfM_xdhD_predicted,0.1,9,9,AAACAACTCATCGTTTCTGG,0,4872903
ygfM_xdhD_predicted,0.1,9,9,AAAATTCCCCGTTTATGTCA,0,4869892
ygfM_xdhD_predicted,0.1111111111111111,8,8,TTTTTCGTGCGACACCGCCC,0,4867381
ygfM_xdhD_predicted,0.1111111111111111,8,8,TTTTTAATTCTCAGAGGTTA,0,4876505
ygfM_xdhD_predicted,0.1111111111111111,8,8,TTTTCTGCCTTTGAGTTCTA,0,4896832
ygfM_xdhD_predicted,0.1111111111111111,8,8,TTTTCGTAGCGTCCCTTACT,0,4891571
ygfM_xdhD_predicted,0.1111111111111111,8,8,TTTTACCTTTTGATTAGGTG,0,4871361
ygfM_xdhD_predicted,0.1111111111111111,8,8,TTTGGCATCAGCCCGAGGGA,0,4867089
ygfM_xdhD_predicted,0.1111111111111111,8,8,TTTCGTCGATAATACTACTA,0,4891234
ygfM_xdhD_predicted,0.1111111111111111,8,8,TTTATTGGAGCGCAGACTGT,0,4876596
ygfM_xdhD_predicted,0.1111111111111111,8,8,TTTATATCAAAGAGGCTATG,0,4888358
ygfM_xdhD_predicted,0.1111111111111111,8,8,TTGTGGAAGAACAGAATGCC,0,4865087
ygfM_xdhD_predicted,0.1111111111111111,8,8,TTGTCTAATCTTTCAGTGCT,0,4891585
ygfM_xdhD_predicted,0.1111111111111111,8,8,TTGGACGGCATGGCGCCCGC,0,4877231
ygfM_xdhD_predicted,0.1111111111111111,8,8,TTGCTGTCTGGTAAGGGGAC,0,4883995
ygfM_xdhD_predicted,0.1111111111111111,8,8,TTGCCGGAGGGCGCTTCGGT,0,4895812
ygfM_xdhD_predicted,0.1111111111111111,8,8,TTGCCCTGCGATGGTTAGAG,0,4869365
ygfM_xdhD_predicted,0.1111111111111111,8,8,TTGCCATGTAACGGCCCGTT,0,4865316
ygfM_xdhD_predicted,0.1111111111111111,8,8,TTGATGACCTATGCGCTTAC,0,4877748
ygfM_xdhD_predicted,0.1111111111111111,8,8,TTGAGCTGACGGGGCATCGA,0,4899426
ygfM_xdhD_predicted,0.1111111111111111,8,8,TTCTAATATCTAACAATCTC,0,4866428
ygfM_xdhD_predicted,0.1111111111111111,8,8,TTCGGTTAGCATTCTTTACG,0,4885647
ygfM_xdhD_predicted,0.1111111111111111,8,8,TTCCCGGACTTAGATCTAGG,0,4894426
ygfM_xdhD_predicted,0.1111111111111111,8,8,TTCATGAGCCCTTTGCTGCA,0,4876735
ygfM_xdhD_predicted,0.1111111111111111,8,8,TTATTTTGAGGGTTATGTGG,0,4864002
ygfM_xdhD_predicted,0.1111111111111111,8,8,TTATGACCATCTGGATTCTG,0,4889749
ygfM_xdhD_predicted,0.1111111111111111,8,8,TTATCGGCTAGATTCGCCTT,0,4896558
ygfM_xdhD_predicted,0.1111111111111111,8,8,TTAGTGGCAGGGTTGCGCTC,0,4897948
ygfM_xdhD_predicted,0.1111111111111111,8,8,TTAGTCACATGTGATAAGTA,0,4899274
ygfM_xdhD_predicted,0.1111111111111111,8,8,TTAGGAGCCGGAATGAGCCA,0,4898843
ygfM_xdhD_predicted,0.1111111111111111,8,8,TTACTTGGGTTGGCGCCGGC,0,4864500
ygfM_xdhD_predicted,0.1111111111111111,8,8,TTACTAGATCGTTGCTTCGT,0,4885526
ygfM_xdhD_predicted,0.1111111111111111,8,8,TTACGCTAGATATAAGACCC,0,4881118
ygfM_xdhD_predicted,0.1111111111111111,8,8,TTACCTACTGGCGGCTCCAT,0,4888749
ygfM_xdhD_predicted,0.1111111111111111,8,8,TGTTTTTCGATGCAACGCTT,0,4884307
ygfM_xdhD_predicted,0.1111111111111111,8,8,TGTTGTCTATACAACCCCCA,0,4892978
ygfM_xdhD_predicted,0.1111111111111111,8,8,TGTTGGCCAGGGTAGGTCCG,0,4890653
ygfM_xdhD_predicted,0.1111111111111111,8,8,TGTGCATAGGATTCCTAAAC,0,4893318
ygfM_xdhD_predicted,0.1111111111111111,8,8,TGTCTATATGTAACGAAAGG,0,4888945
ygfM_xdhD_predicted,0.1111111111111111,8,8,TGGTTCTACGACGTGGAGGT,0,4866013
ygfM_xdhD_predicted,0.1111111111111111,8,8,TGGTTAGACGCAGAAGCCCA,0,4868394
ygfM_xdhD_predicted,0.1111111111111111,8,8,TGGTTAAGGCGACTTCAGTA,0,4894360
ygfM_xdhD_predicted,0.1111111111111111,8,8,TGGTAGTCTTTTCATGCTGC,0,4891764
ygfM_xdhD_predicted,0.1111111111111111,8,8,TGGGTTTAATATGTATAATC,0,4872313
ygfM_xdhD_predicted,0.1111111111111111,8,8,TGGGCGTTGGGAAATGCGGG,0,4897634
ygfM_xdhD_predicted,0.1111111111111111,8,8,TGGCTGTCGGGACGTCTTAT,0,4893311
ygfM_xdhD_predicted,0.1111111111111111,8,8,TGGCCCGCACGAAGACCGGG,0,4895965
ygfM_xdhD_predicted,0.1111111111111111,8,8,TGGACTAAGTGGTTTCTTCT,0,4882457
ygfM_xdhD_predicted,0.1111111111111111,8,8,TGGACGCCTCCGGGATGTAT,0,4888829
ygfM_xdhD_predicted,0.1111111111111111,8,8,TGCTTCCGTGTATACTTAGC,0,4868253
ygfM_xdhD_predicted,0.1111111111111111,8,8,TGCGGATCTTGGCCCAGACC,0,4884738
ygfM_xdhD_predicted,0.1111111111111111,8,8,TGCGCTCTCATAATGCCGCA,0,4888033
ygfM_xdhD_predicted,0.1111111111111111,8,8,TGCCGGACCTTCATGCTATT,0,4878981
ygfM_xdhD_predicted,0.1111111111111111,8,8,TGCAAATCCGTAATACCGAT,0,4872311
ygfM_xdhD_predicted,0.1111111111111111,8,8,TGATTCACTCCTTTGGTCAA,0,4893833
ygfM_xdhD_predicted,0.1111111111111111,8,8,TGAGTCTGTTATAAAGATTT,0,4882771
ygfM_xdhD_predicted,0.1111111111111111,8,8,TGAGCGCCAGCGTCACGCAT,0,4872332
ygfM_xdhD_predicted,0.1111111111111111,8,8,TGAGACAAGATAAGTTGCAA,0,4886013
ygfM_xdhD_predicted,0.1111111111111111,8,8,TGACTTTGATTCGTATACCA,0,4883906
ygfM_xdhD_predicted,0.1111111111111111,8,8,TGACCACGGATCGGGGCTTG,0,4880627
ygfM_xdhD_predicted,0.1111111111111111,8,8,TGACCAAGTACAGGCACCCC,0,4875920
ygfM_xdhD_predicted,0.1111111111111111,8,8,TGAACTTAAATGCCGCTTTA,0,4886931
ygfM_xdhD_predicted,0.1111111111111111,8,8,TCTGGCAGTCCGCGGATACC,0,4891928
ygfM_xdhD_predicted,0.1111111111111111,8,8,TCGTTCCGAAGCAAAATTAC,0,4899553
ygfM_xdhD_predicted,0.1111111111111111,8,8,TCGTTACTTTTGCGGACAGC,0,4866718
ygfM_xdhD_predicted,0.1111111111111111,8,8,TCGTGGTTAGCGTCCGCCAA,0,4880768
ygfM_xdhD_predicted,0.1111111111111111,8,8,TCGTAGTCAACCTTCTCACT,0,4891001
ygfM_xdhD_predicted,0.1111111111111111,8,8,TCGGCCCAGGTGTCATGGTC,0,4879294
ygfM_xdhD_predicted,0.1111111111111111,8,8,TCGACAATCTTAGGTACCCC,0,4886381
ygfM_xdhD_predicted,0.1111111111111111,8,8,TCCAACCTACGTGACGTGCG,0,4888667
ygfM_xdhD_predicted,0.1111111111111111,8,8,TCATGGGACTTTGGCGACTA,0,4864135
ygfM_xdhD_predicted,0.1111111111111111,8,8,TCATCTCAAGGACGTACCGG,0,4889860
ygfM_xdhD_predicted,0.1111111111111111,8,8,TCAGTTTATCAGCATAAAAT,0,4876482
ygfM_xdhD_predicted,0.1111111111111111,8,8,TCAGGAATAGGTTGGCATCT,0,4881718
ygfM_xdhD_predicted,0.1111111111111111,8,8,TCACTTGGCGACATTTCTAG,0,4895889
ygfM_xdhD_predicted,0.1111111111111111,8,8,TCACTAACAAGTCATCCAGA,0,4889312
ygfM_xdhD_predicted,0.1111111111111111,8,8,TCACGTCAAGTAGGTAGTAA,0,4899294
ygfM_xdhD_predicted,0.1111111111111111,8,8,TCAATCGGGTGCGGGTGGTT,0,4881869
ygfM_xdhD_predicted,0.1111111111111111,8,8,TATTTTAGTTTTGGAGATGT,0,4868155
ygfM_xdhD_predicted,0.1111111111111111,8,8,TATGTCTAGAGTCTAAGGCC,0,4873115
ygfM_xdhD_predicted,0.1111111111111111,8,8,TATCGGGTCTGTCTGCATTG,0,4888377
ygfM_xdhD_predicted,0.1111111111111111,8,8,TATCCCAGGTATGGGCGACA,0,4898123
ygfM_xdhD_predicted,0.1111111111111111,8,8,TATACAGGCAGCCGCATCAG,0,4866361
ygfM_xdhD_predicted,0.1111111111111111,8,8,TAGTGATATCAAGGGCTAGG,0,4888555
ygfM_xdhD_predicted,0.1111111111111111,8,8,TAGTCAGTACCTGGTGTTGG,0,4887306
ygfM_xdhD_predicted,0.1111111111111111,8,8,TAGGGTACCACTGCTCAGGA,0,4872271
ygfM_xdhD_predicted,0.1111111111111111,8,8,TAGGAATTAATGTGCGCTTT,0,4866406
ygfM_xdhD_predicted,0.1111111111111111,8,8,TAGCTTTGTTGTTAACGTGC,0,4884347
ygfM_xdhD_predicted,0.1111111111111111,8,8,TAGCTCTATAGGCGTAACAC,0,4877691
ygfM_xdhD_predicted,0.1111111111111111,8,8,TAGCTAGTGCATGACGAGGG,0,4878083
ygfM_xdhD_predicted,0.1111111111111111,8,8,TAGCGTTTCTGTCTACGGAG,0,4878792
ygfM_xdhD_predicted,0.1111111111111111,8,8,TAGCGGCTATTTGGCAGGCT,0,4883328
ygfM_xdhD_predicted,0.1111111111111111,8,8,TAGACGTTTATCCGCATCGT,0,4882898
ygfM_xdhD_predicted,0.1111111111111111,8,8,TAGACCTCAATTGGCGCTCA,0,4876907
ygfM_xdhD_predicted,0.1111111111111111,8,8,TACTTACTCCGGTGGCTCAC,0,4876190
ygfM_xdhD_predicted,0.1111111111111111,8,8,TACTGGTGCGTTTATGGCGA,0,4898702
ygfM_xdhD_predicted,0.1111111111111111,8,8,TACTCCGCCACCTTGATAAC,0,4881321
ygfM_xdhD_predicted,0.1111111111111111,8,8,TACGACGGCATCAATGCTCT,0,4876060
ygfM_xdhD_predicted,0.1111111111111111,8,8,TACCGCTTGTTATAGGGATG,0,4873838
ygfM_xdhD_predicted,0.1111111111111111,8,8,TACCGCGTATGCGGAGCTTG,0,4869002
ygfM_xdhD_predicted,0.1111111111111111,8,8,TACCCCCGCCACTTTACCCC,0,4897408
ygfM_xdhD_predicted,0.1111111111111111,8,8,TACAGGAGTTGCCCGTTAGA,0,4893709
ygfM_xdhD_predicted,0.1111111111111111,8,8,TACAACAGGCAATCATGTTA,0,4869803
ygfM_xdhD_predicted,0.1111111111111111,8,8,TAATTGTCTTGGACGTGTTA,0,4871956
ygfM_xdhD_predicted,0.1111111111111111,8,8,TAAGAGGTTCGATTCCTTCG,0,4865876
ygfM_xdhD_predicted,0.1111111111111111,8,8,TAAGAGGCTGCGCTCAAGAA,0,4897156
ygfM_xdhD_predicted,0.1111111111111111,8,8,TAAGAAAGTAGGCCTATTGG,0,4897526
ygfM_xdhD_predicted,0.1111111111111111,8,8,TAACTTGGAATGTGAAAAGC,0,4893982
ygfM_xdhD_predicted,0.1111111111111111,8,8,TAAATATGTCGGAGGAGGTT,0,4881553
ygfM_xdhD_predicted,0.1111111111111111,8,8,TAAAAGGAATGTGGTAGGGT,0,4871104
ygfM_xdhD_predicted,0.1111111111111111,8,8,GTTTTGGCAAGGTGAGCCTC,0,4876908
ygfM_xdhD_predicted,0.1111111111111111,8,8,GTTTACATGTGCCTTAGGAG,0,4884999
ygfM_xdhD_predicted,0.1111111111111111,8,8,GTTCCTCGGGTCATCCGGCC,0,4899112
ygfM_xdhD_predicted,0.1111111111111111,8,8,GTTATGCCACTCATTATAAG,0,4879850
ygfM_xdhD_predicted,0.1111111111111111,8,8,GTTATCTCCCACCGATCAAA,0,4876154
ygfM_xdhD_predicted,0.1111111111111111,8,8,GTTAAAGATTCGAGGTCGGG,0,4881372
ygfM_xdhD_predicted,0.1111111111111111,8,8,GTGGGGCGACATTCAATCAG,0,4865528
ygfM_xdhD_predicted,0.1111111111111111,8,8,GTGGGCGATAGAGAACTTAC,0,4889351
ygfM_xdhD_predicted,0.1111111111111111,8,8,GTGCATTTAGTGCGGCACAC,0,4882336
ygfM_xdhD_predicted,0.1111111111111111,8,8,GTGCAGGATGGCTGTTTTAT,0,4868777
ygfM_xdhD_predicted,0.1111111111111111,8,8,GTGATCTCGGCAAGTCCGGT,0,4868599
ygfM_xdhD_predicted,0.1111111111111111,8,8,GTGATACAAGCCGAAGACAT,0,4864921
ygfM_xdhD_predicted,0.1111111111111111,8,8,GTGAATGGCCTTATGACGCT,0,4880858
ygfM_xdhD_predicted,0.1111111111111111,8,8,GTCGTCGGTAGTCCCTTTTT,0,4875808
ygfM_xdhD_predicted,0.1111111111111111,8,8,GTCGTAACCGAGAGGTTGTG,0,4889121
ygfM_xdhD_predicted,0.1111111111111111,8,8,GTCCTTACCTGATATTCTAG,0,4868803
ygfM_xdhD_predicted,0.1111111111111111,8,8,GTCCACTCTCGATAAGTTAT,0,4872015
ygfM_xdhD_predicted,0.1111111111111111,8,8,GTAGCAAAAACAATATGTGC,0,4863916
ygfM_xdhD_predicted,0.1111111111111111,8,8,GTACAGTTATGTTGCCAGCT,0,4878944
ygfM_xdhD_predicted,0.1111111111111111,8,8,GTACAAACGACATCGGTCCA,0,4890161
ygfM_xdhD_predicted,0.1111111111111111,8,8,GGTTCGGCCTGAAATGCCGT,0,4865272
ygfM_xdhD_predicted,0.1111111111111111,8,8,GGTGTTCTGATCGGTGTACA,0,4893634
ygfM_xdhD_predicted,0.1111111111111111,8,8,GGTGTCGCTCACCCGAAGCG,0,4896864
ygfM_xdhD_predicted,0.1111111111111111,8,8,GGTCCACCATATGAATACGG,0,4865254
ygfM_xdhD_predicted,0.1111111111111111,8,8,GGGTTCTTATCGAACCTCGT,0,4897397
ygfM_xdhD_predicted,0.1111111111111111,8,8,GGGTACCATCTCCACGTGGG,0,4878187
ygfM_xdhD_predicted,0.1111111111111111,8,8,GGGGGAAAAATCTTCCAGAG,0,4877512
ygfM_xdhD_predicted,0.1111111111111111,8,8,GGGGACGATTATTCCTCGGC,0,4889511
ygfM_xdhD_predicted,0.1111111111111111,8,8,GGGGAACGCGTATCCAACAA,0,4894090
ygfM_xdhD_predicted,0.1111111111111111,8,8,GGGCGCGAGAGCGTCATTCT,0,4893381
ygfM_xdhD_predicted,0.1111111111111111,8,8,GGGCGAGATGGGAAGGGCCA,0,4888324
ygfM_xdhD_predicted,0.1111111111111111,8,8,GGGCGACACGGTACTACACA,0,4863802
ygfM_xdhD_predicted,0.1111111111111111,8,8,GGGATCTTTAAGGAGCTGTT,0,4875334
ygfM_xdhD_predicted,0.1111111111111111,8,8,GGGAGACTGTCCCCCGCGAA,0,4867493
ygfM_xdhD_predicted,0.1111111111111111,8,8,GGGAATGCGCACGCCGCGAC,0,4897102
ygfM_xdhD_predicted,0.1111111111111111,8,8,GGGAAGCTCTTAGACCTAAT,0,4882094
ygfM_xdhD_predicted,0.1111111111111111,8,8,GGCTCCGCCCTGGGACTAGA,0,4883436
ygfM_xdhD_predicted,0.1111111111111111,8,8,GGCTCAGAATGACTTAAAGA,0,4899367
ygfM_xdhD_predicted,0.1111111111111111,8,8,GGCTAGGACCGTATCCATGT,0,4898101
ygfM_xdhD_predicted,0.1111111111111111,8,8,GGCTACCCAAGGACATCAAT,0,4894189
ygfM_xdhD_predicted,0.1111111111111111,8,8,GGCGGTAGATTGCTGCGGGT,0,4886140
ygfM_xdhD_predicted,0.1111111111111111,8,8,GGCGCCTTATACCTTCCCAA,0,4898794
ygfM_xdhD_predicted,0.1111111111111111,8,8,GGCCTTAGTCAGTCTGGGAG,0,4867299
ygfM_xdhD_predicted,0.1111111111111111,8,8,GGCCAGAGACAATTGTTATG,0,4889149
ygfM_xdhD_predicted,0.1111111111111111,8,8,GGCACGATCTTCGTTGAATT,0,4867891
ygfM_xdhD_predicted,0.1111111111111111,8,8,GGATTCTATGAGTCAGACGT,0,4873289
ygfM_xdhD_predicted,0.1111111111111111,8,8,GGATCAGGGGCAGCATGGAC,0,4881608
ygfM_xdhD_predicted,0.1111111111111111,8,8,GGATATGCTTCTGAACGGGT,0,4894817
ygfM_xdhD_predicted,0.1111111111111111,8,8,GGAGGTACCCGATAAACAAG,0,4881486
ygfM_xdhD_predicted,0.1111111111111111,8,8,GGAGCCCGGAAGCGGTCCCT,0,4873502
ygfM_xdhD_predicted,0.1111111111111111,8,8,GGACACTGGGGTGGCGTGCG,0,4891162
ygfM_xdhD_predicted,0.1111111111111111,8,8,GGAAGGCTTCCCTTATCAGG,0,4878862
ygfM_xdhD_predicted,0.1111111111111111,8,8,GGAACCGCATGTCGCAAAGC,0,4889842
ygfM_xdhD_predicted,0.1111111111111111,8,8,GGAAAGTTTACAATTTCTTC,0,4883186
ygfM_xdhD_predicted,0.1111111111111111,8,8,GCTTGTTCACTCATGACGAT,0,4882370
ygfM_xdhD_predicted,0.1111111111111111,8,8,GCTGGGAAGTGTTGTTCACT,0,4899070
ygfM_xdhD_predicted,0.1111111111111111,8,8,GCTCTCCGCGTTCAGGGAGT,0,4899629
ygfM_xdhD_predicted,0.1111111111111111,8,8,GCTCTACCAAAGTGTAGAGT,0,4884080
ygfM_xdhD_predicted,0.1111111111111111,8,8,GCTCGGCTATGCGTTATTGC,0,4875079
ygfM_xdhD_predicted,0.1111111111111111,8,8,GCTATGGCGGGTACAATATT,0,4895786
ygfM_xdhD_predicted,0.1111111111111111,8,8,GCGTCCTAGTGGCCTGAACA,0,4893770
ygfM_xdhD_predicted,0.1111111111111111,8,8,GCGTATACATGATATTGGAC,0,4883075
ygfM_xdhD_predicted,0.1111111111111111,8,8,GCGGTCCAAGAGCCCGTCCG,0,4897232
ygfM_xdhD_predicted,0.1111111111111111,8,8,GCGCCTGTATAGTGCTTGTA,0,4899111
ygfM_xdhD_predicted,0.1111111111111111,8,8,GCGCATCTCGGTTCAAGCGT,0,4872338
ygfM_xdhD_predicted,0.1111111111111111,8,8,GCGATCAGTGTGGCCGTTAG,0,4867937
ygfM_xdhD_predicted,0.1111111111111111,8,8,GCCTTCCAAAGGTTGCCATT,0,4897339
ygfM_xdhD_predicted,0.1111111111111111,8,8,GCCCGCAGATAATGTAAGCT,0,4875278
ygfM_xdhD_predicted,0.1111111111111111,8,8,GCCATGAACCTTGTACTTCT,0,4869542
ygfM_xdhD_predicted,0.1111111111111111,8,8,GCCAGCGGATAGATTGCAGC,0,4864844
ygfM_xdhD_predicted,0.1111111111111111,8,8,GCCAAAGGATCAGTCTAATT,0,4874420
ygfM_xdhD_predicted,0.1111111111111111,8,8,GCATTAGTTCAAGCTTCATC,0,4886392
ygfM_xdhD_predicted,0.1111111111111111,8,8,GCATTAACACTTTAGGCTAA,0,4883696
ygfM_xdhD_predicted,0.1111111111111111,8,8,GCATAGCGATGGGACTGGCC,0,4868916
ygfM_xdhD_predicted,0.1111111111111111,8,8,GCAGTAAAAGTTCGTGAGGC,0,4876521
ygfM_xdhD_predicted,0.1111111111111111,8,8,GCAGGTCTGGTTCCTTTAAG,0,4881605
ygfM_xdhD_predicted,0.1111111111111111,8,8,GCAGGCCCGCGGGTATAATA,0,4867327
ygfM_xdhD_predicted,0.1111111111111111,8,8,GCAATTCCGTATGTCAGTTG,0,4864611
ygfM_xdhD_predicted,0.1111111111111111,8,8,GCAACTGCCAATTTTACCTA,0,4894253
ygfM_xdhD_predicted,0.1111111111111111,8,8,GATTTAGCGATCACCCTAGA,0,4879661
ygfM_xdhD_predicted,0.1111111111111111,8,8,GATTGGAAGTTTGCCTGCTT,0,4876355
ygfM_xdhD_predicted,0.1111111111111111,8,8,GATTATGTGCTAAAGTAATA,0,4872676
ygfM_xdhD_predicted,0.1111111111111111,8,8,GATTATGAGTGGTGGCATAT,0,4865177
ygfM_xdhD_predicted,0.1111111111111111,8,8,GATTACAAGAACCAAAGTGA,0,4888216
ygfM_xdhD_predicted,0.1111111111111111,8,8,GATGTGCCACATGTGCACAG,0,4864008
ygfM_xdhD_predicted,0.1111111111111111,8,8,GATCTTGCCGCTTATGCGGG,0,4892930
ygfM_xdhD_predicted,0.1111111111111111,8,8,GATCGCACTTGCCGAATCAT,0,4890341
ygfM_xdhD_predicted,0.1111111111111111,8,8,GATAGCTTTACTTTCGGAAC,0,4870641
ygfM_xdhD_predicted,0.1111111111111111,8,8,GATACATCCCGGGTTACGAG,0,4864259
ygfM_xdhD_predicted,0.1111111111111111,8,8,GAGTAAAAGACTTAAAGGTT,0,4896979
ygfM_xdhD_predicted,0.1111111111111111,8,8,GAGGGTATCGGCGCCTGTGT,0,4888108
ygfM_xdhD_predicted,0.1111111111111111,8,8,GAGGACCTGCATTTGGAGAA,0,4886687
ygfM_xdhD_predicted,0.1111111111111111,8,8,GAGCTCGTCGGTAAGCGGTG,0,4888368
ygfM_xdhD_predicted,0.1111111111111111,8,8,GAGCGCGAAGGCCGAGCAGT,0,4888999
ygfM_xdhD_predicted,0.1111111111111111,8,8,GAGCCAAAAATGCACACAAT,0,4882627
ygfM_xdhD_predicted,0.1111111111111111,8,8,GAGCACAAGGAGGACAATAT,0,4879703
ygfM_xdhD_predicted,0.1111111111111111,8,8,GAGAGAAGACTACGGGTACT,0,4895210
ygfM_xdhD_predicted,0.1111111111111111,8,8,GAGACGATTTAGACCCTAAT,0,4885119
ygfM_xdhD_predicted,0.1111111111111111,8,8,GAGAATCATTCAATACGGGA,0,4878420
ygfM_xdhD_predicted,0.1111111111111111,8,8,GAGAACACTACTTTTATTGG,0,4879289
ygfM_xdhD_predicted,0.1111111111111111,8,8,GACTCCTGGTACTCTCGGAA,0,4889674
ygfM_xdhD_predicted,0.1111111111111111,8,8,GACGCGTGATCGGTACACTA,0,4866828
ygfM_xdhD_predicted,0.1111111111111111,8,8,GACAGGGATGATGGTTTGTT,0,4881716
ygfM_xdhD_predicted,0.1111111111111111,8,8,GACAATCGGGGGTCCGAGAG,0,4864821
ygfM_xdhD_predicted,0.1111111111111111,8,8,GACAAGAGTACATCGGAATC,0,4876418
ygfM_xdhD_predicted,0.1111111111111111,8,8,GAAGCCTCTTAATCTCGACT,0,4871528
ygfM_xdhD_predicted,0.1111111111111111,8,8,GAACTGTTTATGCGAGGTAG,0,4872774
ygfM_xdhD_predicted,0.1111111111111111,8,8,CTTGGACAAGTTAAAGACTG,0,4878293
ygfM_xdhD_predicted,0.1111111111111111,8,8,CTTGCCCCGGCGGGGGCAGG,0,4893219
ygfM_xdhD_predicted,0.1111111111111111,8,8,CTTGAGGGTTGGCATATGCC,0,4875263
ygfM_xdhD_predicted,0.1111111111111111,8,8,CTTCAGTCGGAACAACCCAA,0,4881276
ygfM_xdhD_predicted,0.1111111111111111,8,8,CTTAACATTCACAGGCTACA,0,4881094
ygfM_xdhD_predicted,0.1111111111111111,8,8,CTTAACAGTTGCAAGGGGGT,0,4886502
ygfM_xdhD_predicted,0.1111111111111111,8,8,CTGTTCGCATATGGCACTCT,0,4898022
ygfM_xdhD_predicted,0.1111111111111111,8,8,CTGTGGGCTACCGCCCTAGA,0,4897234
ygfM_xdhD_predicted,0.1111111111111111,8,8,CTGTCAAATATCCGTTAAGA,0,4879335
ygfM_xdhD_predicted,0.1111111111111111,8,8,CTGGTGCATCTAACTTAGGA,0,4895809
ygfM_xdhD_predicted,0.1111111111111111,8,8,CTGGAATCAGGGGTGTGCGC,0,4892252
ygfM_xdhD_predicted,0.1111111111111111,8,8,CTGCGTAGCGTAGAGGTGTT,0,4895743
ygfM_xdhD_predicted,0.1111111111111111,8,8,CTGATGTTTGGAGCATCCAA,0,4869649
ygfM_xdhD_predicted,0.1111111111111111,8,8,CTGATACCTGAAGGAAGCGT,0,4875212
ygfM_xdhD_predicted,0.1111111111111111,8,8,CTGATACCATAATCCGGGAC,0,4887542
ygfM_xdhD_predicted,0.1111111111111111,8,8,CTCGTTGCCCGGTATTCTTA,0,4877265
ygfM_xdhD_predicted,0.1111111111111111,8,8,CTCGTATCACTGCGGGTACG,0,4889590
ygfM_xdhD_predicted,0.1111111111111111,8,8,CTCGGATGCAAACCCTTCCT,0,4897336
ygfM_xdhD_predicted,0.1111111111111111,8,8,CTCGATATGTTATTCGAAAT,0,4887310
ygfM_xdhD_predicted,0.1111111111111111,8,8,CTCCGTTTTCATGTTAGAGG,0,4872885
ygfM_xdhD_predicted,0.1111111111111111,8,8,CTCCGGGTAGTACTATATCA,0,4867391
ygfM_xdhD_predicted,0.1111111111111111,8,8,CTCATTCATGGGATGTCTTC,0,4867855
ygfM_xdhD_predicted,0.1111111111111111,8,8,CTCAATTATACTTGAGGTGG,0,4871627
ygfM_xdhD_predicted,0.1111111111111111,8,8,CTCAAATAAACCGCGGCTCT,0,4871177
ygfM_xdhD_predicted,0.1111111111111111,8,8,CTATACCGTTGTTCCATGAC,0,4886572
ygfM_xdhD_predicted,0.1111111111111111,8,8,CTAGTTTTGGGGGTCTGTCG,0,4877065
ygfM_xdhD_predicted,0.1111111111111111,8,8,CTAGTTGGATGCATCGGCTT,0,4893681
ygfM_xdhD_predicted,0.1111111111111111,8,8,CTAGTGAGCAATCATGAAAA,0,4886110
ygfM_xdhD_predicted,0.1111111111111111,8,8,CTAGCAAGCCGCGTGACTAA,0,4877461
ygfM_xdhD_predicted,0.1111111111111111,8,8,CTACTTGCAGCTTACATCAC,0,4876698
ygfM_xdhD_predicted,0.1111111111111111,8,8,CTACGGCAAGGTGAGATTAA,0,4868032
ygfM_xdhD_predicted,0.1111111111111111,8,8,CTACGAGGGATCTTCTTATT,0,4895735
ygfM_xdhD_predicted,0.1111111111111111,8,8,CTAATCTCACTACAACAAGC,0,4890279
ygfM_xdhD_predicted,0.1111111111111111,8,8,CGTTTACAGCCTTGGATAAG,0,4887591
ygfM_xdhD_predicted,0.1111111111111111,8,8,CGTTCGTCTGGAGGTAAGCC,0,4889014
ygfM_xdhD_predicted,0.1111111111111111,8,8,CGTTCGGGGACTTAAGGGGT,0,4869252
ygfM_xdhD_predicted,0.1111111111111111,8,8,CGTTCAGGGACAGTGATCAC,0,4864816
ygfM_xdhD_predicted,0.1111111111111111,8,8,CGTGGGGGTACTTTTGACGG,0,4882926
ygfM_xdhD_predicted,0.1111111111111111,8,8,CGTGCGCGCATTGGAATGAA,0,4882596
ygfM_xdhD_predicted,0.1111111111111111,8,8,CGTCGTTCCGATTCACAGAA,0,4889534
ygfM_xdhD_predicted,0.1111111111111111,8,8,CGTCGGGTCCGCGAGATTCT,0,4892834
ygfM_xdhD_predicted,0.1111111111111111,8,8,CGTCGGGAGGCACTCTACAC,0,4889099
ygfM_xdhD_predicted,0.1111111111111111,8,8,CGTATTGGGCCGAAGTTGGA,0,4875248
ygfM_xdhD_predicted,0.1111111111111111,8,8,CGTACGGCTTGGGTCGTAAC,0,4892254
ygfM_xdhD_predicted,0.1111111111111111,8,8,CGTAAGTGATTTAGGTAGCG,0,4873892
ygfM_xdhD_predicted,0.1111111111111111,8,8,CGGTAACGGTTTGCGCATCC,0,4896131
ygfM_xdhD_predicted,0.1111111111111111,8,8,CGGGAGTATTTCGCAGCCGT,0,4863914
ygfM_xdhD_predicted,0.1111111111111111,8,8,CGGCGTTCGAGAGCCCCATT,0,4872331
ygfM_xdhD_predicted,0.1111111111111111,8,8,CGGCGGAACCAGATGCATTA,0,4884797
ygfM_xdhD_predicted,0.1111111111111111,8,8,CGGCGCGCGGGCTCTAATTC,0,4870153
ygfM_xdhD_predicted,0.1111111111111111,8,8,CGGCGCCATTACGAGACTTA,0,4880940
ygfM_xdhD_predicted,0.1111111111111111,8,8,CGGCGATGGGAACCGTAAGT,0,4879372
ygfM_xdhD_predicted,0.1111111111111111,8,8,CGGATACAGCCTATTAGTAC,0,4883160
ygfM_xdhD_predicted,0.1111111111111111,8,8,CGGAGGGTAATATACACACC,0,4889213
ygfM_xdhD_predicted,0.1111111111111111,8,8,CGGACTCGAGGGAGCAAGCG,0,4893323
ygfM_xdhD_predicted,0.1111111111111111,8,8,CGGACATAGATGTGTGGTTC,0,4869010
ygfM_xdhD_predicted,0.1111111111111111,8,8,CGGAACGCCGCCGTTTACAC,0,4872442
ygfM_xdhD_predicted,0.1111111111111111,8,8,CGCTTCTACCCGCGTAACAC,0,4887464
ygfM_xdhD_predicted,0.1111111111111111,8,8,CGCGGGGTTAGATGTGAATG,0,4886391
ygfM_xdhD_predicted,0.1111111111111111,8,8,CGCGGATCCGAGGTTTTCAT,0,4866666
ygfM_xdhD_predicted,0.1111111111111111,8,8,CGCCGCTCGCAGTTGTCAGG,0,4876419
ygfM_xdhD_predicted,0.1111111111111111,8,8,CGATCCTGCCGACCGATCCA,0,4897048
ygfM_xdhD_predicted,0.1111111111111111,8,8,CGAGGTCGTTTCGGGCAAGA,0,4898538
ygfM_xdhD_predicted,0.1111111111111111,8,8,CGACTTTCGGATACTCGTTG,0,4883421
ygfM_xdhD_predicted,0.1111111111111111,8,8,CGACTACAGTGTTGTCTTCG,0,4896667
ygfM_xdhD_predicted,0.1111111111111111,8,8,CGAACTCACTGTCGGCTGTG,0,4874011
ygfM_xdhD_predicted,0.1111111111111111,8,8,CGAACGTTTCGGCGGTCCTG,0,4877321
ygfM_xdhD_predicted,0.1111111111111111,8,8,CCTTTCGATGGACGCTCGTA,0,4888243
ygfM_xdhD_predicted,0.1111111111111111,8,8,CCTTTCCCGCGGGGCTGGCT,0,4885792
ygfM_xdhD_predicted,0.1111111111111111,8,8,CCTGCCCACACTACGATGGC,0,4887071
ygfM_xdhD_predicted,0.1111111111111111,8,8,CCTGAATAACCGTGCTAACA,0,4880565
ygfM_xdhD_predicted,0.1111111111111111,8,8,CCTCTTTACGAAGGTCTGAA,0,4889550
ygfM_xdhD_predicted,0.1111111111111111,8,8,CCTCTCGCACGGGCGAGCAG,0,4878370
ygfM_xdhD_predicted,0.1111111111111111,8,8,CCTCATGTCTTCGAGCATGT,0,4879753
ygfM_xdhD_predicted,0.1111111111111111,8,8,CCTCACGCGTAAGTTAGCCG,0,4895741
ygfM_xdhD_predicted,0.1111111111111111,8,8,CCTAGGTGTGCGTGCCAGTC,0,4884236
ygfM_xdhD_predicted,0.1111111111111111,8,8,CCGTCTCCTTACGAACACCT,0,4886984
ygfM_xdhD_predicted,0.1111111111111111,8,8,CCGTCATGTCTGAGCACGCG,0,4892219
ygfM_xdhD_predicted,0.1111111111111111,8,8,CCGGGTGCCGTCAGCACGGC,0,4875065
ygfM_xdhD_predicted,0.1111111111111111,8,8,CCGGGTCACACTGCTCGCTT,0,4867907
ygfM_xdhD_predicted,0.1111111111111111,8,8,CCGGGGCTCGTAGATCACTC,0,4876967
ygfM_xdhD_predicted,0.1111111111111111,8,8,CCGGCATATGACACAGCCTC,0,4882491
ygfM_xdhD_predicted,0.1111111111111111,8,8,CCGAGGGTATTCGGATTCAT,0,4887873
ygfM_xdhD_predicted,0.1111111111111111,8,8,CCGAAAAGGCTTGCGTGATC,0,4886479
ygfM_xdhD_predicted,0.1111111111111111,8,8,CCCTGGTTCCTGCTTCCCAA,0,4898139
ygfM_xdhD_predicted,0.1111111111111111,8,8,CCCGTAGGGGGCGCCGTCTC,0,4869176
ygfM_xdhD_predicted,0.1111111111111111,8,8,CCCCTCGGCTGGGAGCTCAG,0,4892605
ygfM_xdhD_predicted,0.1111111111111111,8,8,CCAGCCTCATCTGGTCGCCC,0,4868526
ygfM_xdhD_predicted,0.1111111111111111,8,8,CCAGCACGCAGGCGGATAAA,0,4893271
ygfM_xdhD_predicted,0.1111111111111111,8,8,CCAGATACACGGTTTACTAC,0,4882755
ygfM_xdhD_predicted,0.1111111111111111,8,8,CCAGAACGGACTCCGACAGT,0,4889609
ygfM_xdhD_predicted,0.1111111111111111,8,8,CCACACTTTTTCACAAAGGA,0,4877433
ygfM_xdhD_predicted,0.1111111111111111,8,8,CCACAACGGAAAGCATCTTC,0,4876413
ygfM_xdhD_predicted,0.1111111111111111,8,8,CATTCAAGGGCATGAAGCTA,0,4867580
ygfM_xdhD_predicted,0.1111111111111111,8,8,CATGCGATTCATCCTCCGAC,0,4867820
ygfM_xdhD_predicted,0.1111111111111111,8,8,CAGTCTACACGCAGTTCGAT,0,4864273
ygfM_xdhD_predicted,0.1111111111111111,8,8,CAGTACTTGGATCTTTAATG,0,4872584
ygfM_xdhD_predicted,0.1111111111111111,8,8,CAGGAGTGCCTTGTATCCGA,0,4898790
ygfM_xdhD_predicted,0.1111111111111111,8,8,CAGCGATAGATTTTGGGCGG,0,4878158
ygfM_xdhD_predicted,0.1111111111111111,8,8,CACTTTATGGGGCTGGAATA,0,4894112
ygfM_xdhD_predicted,0.1111111111111111,8,8,CACTTTATCTATTGTTTGCC,0,4871331
ygfM_xdhD_predicted,0.1111111111111111,8,8,CACTTATCGCGTTAGTGCAT,0,4884896
ygfM_xdhD_predicted,0.1111111111111111,8,8,CACTTAAGGTCTTAATTGCG,0,4888251
ygfM_xdhD_predicted,0.1111111111111111,8,8,CACTCTCCGCACCTCAGAAC,0,4865345
ygfM_xdhD_predicted,0.1111111111111111,8,8,CACGCTTTCGAGATTTGCGA,0,4882971
ygfM_xdhD_predicted,0.1111111111111111,8,8,CACCGTGAAAACGCATCGTC,0,4884875
ygfM_xdhD_predicted,0.1111111111111111,8,8,CACCGATTCCTTGCGAGGTG,0,4871560
ygfM_xdhD_predicted,0.1111111111111111,8,8,CACAAGGTACACAGTCGGGT,0,4876495
ygfM_xdhD_predicted,0.1111111111111111,8,8,CAATGGCGGGTCACACTCTT,0,4877733
ygfM_xdhD_predicted,0.1111111111111111,8,8,CAATCTACATTTCGGCCTCG,0,4865769
ygfM_xdhD_predicted,0.1111111111111111,8,8,CAATCGACCATTTAATCGGA,0,4887903
ygfM_xdhD_predicted,0.1111111111111111,8,8,CAACTACGGATGGGGCGGTA,0,4885935
ygfM_xdhD_predicted,0.1111111111111111,8,8,CAACCACGGGAATATACAGT,0,4892874
ygfM_xdhD_predicted,0.1111111111111111,8,8,CAACAATCTTCTTCGTAACT,0,4884488
ygfM_xdhD_predicted,0.1111111111111111,8,8,ATTTTGCCTAGGCTAGACAA,0,4899506
ygfM_xdhD_predicted,0.1111111111111111,8,8,ATTTGGACCTTCCCTCGATA,0,4890672
ygfM_xdhD_predicted,0.1111111111111111,8,8,ATTTCTACTAGGGAACAGAC,0,4869249
ygfM_xdhD_predicted,0.1111111111111111,8,8,ATTCACTATACTTGCAGTAA,0,4889469
ygfM_xdhD_predicted,0.1111111111111111,8,8,ATTAATAGAACGTCTCGCTA,0,4864329
ygfM_xdhD_predicted,0.1111111111111111,8,8,ATGTTACATGATCACGTAGG,0,4876609
ygfM_xdhD_predicted,0.1111111111111111,8,8,ATGTGCAAGGCGCGTGTAAC,0,4897011
ygfM_xdhD_predicted,0.1111111111111111,8,8,ATGGCCAGAGACGCTAAGTA,0,4881954
ygfM_xdhD_predicted,0.1111111111111111,8,8,ATGCTCGCCGAATTTTTAAG,0,4872912
ygfM_xdhD_predicted,0.1111111111111111,8,8,ATGCTACAAAGCGATTAAAT,0,4870450
ygfM_xdhD_predicted,0.1111111111111111,8,8,ATGCACTGGATCTACGGACA,0,4875613
ygfM_xdhD_predicted,0.1111111111111111,8,8,ATGCAAAGTGGAATAAAGGT,0,4895071
ygfM_xdhD_predicted,0.1111111111111111,8,8,ATGAACCGTCTTAGCCTTGT,0,4897395
ygfM_xdhD_predicted,0.1111111111111111,8,8,ATCGGCATTCTACAAGCAGA,0,4879728
ygfM_xdhD_predicted,0.1111111111111111,8,8,ATCGCTGCTTTCAATACGCG,0,4869022
ygfM_xdhD_predicted,0.1111111111111111,8,8,ATCCTTTGTGTTCTCGTCTC,0,4877455
ygfM_xdhD_predicted,0.1111111111111111,8,8,ATCCATTAAAATAGAGGGAG,0,4898826
ygfM_xdhD_predicted,0.1111111111111111,8,8,ATCAGCTGACCCCGAGGCAG,0,4893899
ygfM_xdhD_predicted,0.1111111111111111,8,8,ATAGTCACGTACTACTATCT,0,4883297
ygfM_xdhD_predicted,0.1111111111111111,8,8,ATACGTAATCTGGGGTATGG,0,4881896
ygfM_xdhD_predicted,0.1111111111111111,8,8,ATACCGGACGTGGGATCGAA,0,4873202
ygfM_xdhD_predicted,0.1111111111111111,8,8,ATACATAAGGACTAGCACTT,0,4879063
ygfM_xdhD_predicted,0.1111111111111111,8,8,ATACACTTAAATTACAGCTC,0,4872348
ygfM_xdhD_predicted,0.1111111111111111,8,8,ATAACGTATCGATCATTCTC,0,4863824
ygfM_xdhD_predicted,0.1111111111111111,8,8,AGTTTTGGGGGCGATGCCCT,0,4894065
ygfM_xdhD_predicted,0.1111111111111111,8,8,AGTTATGTGAGCACGGCCTT,0,4876918
ygfM_xdhD_predicted,0.1111111111111111,8,8,AGTCGCGAGCGGGGGAGTCA,0,4870143
ygfM_xdhD_predicted,0.1111111111111111,8,8,AGTATTAGAGCAGTGGATGT,0,4896331
ygfM_xdhD_predicted,0.1111111111111111,8,8,AGTATCTCCTTGCCGAGCAT,0,4878998
ygfM_xdhD_predicted,0.1111111111111111,8,8,AGTATATCGCATCCCCCATA,0,4887282
ygfM_xdhD_predicted,0.1111111111111111,8,8,AGTAGATTTAGGCGAGCGGA,0,4894416
ygfM_xdhD_predicted,0.1111111111111111,8,8,AGTAGATACCGCGATCGATC,0,4877928
ygfM_xdhD_predicted,0.1111111111111111,8,8,AGTACTCGAACGGACGCTCC,0,4875255
ygfM_xdhD_predicted,0.1111111111111111,8,8,AGGTTTAGCCGGCCTTAGAA,0,4887350
ygfM_xdhD_predicted,0.1111111111111111,8,8,AGGTTGTGGCTGTATAGTAC,0,4895493
ygfM_xdhD_predicted,0.1111111111111111,8,8,AGGTTACCCACCGGGGGACA,0,4878049
ygfM_xdhD_predicted,0.1111111111111111,8,8,AGGTGCTTGAAGAATATGGT,0,4867179
ygfM_xdhD_predicted,0.1111111111111111,8,8,AGGTGATTCCAAAAGGCCCA,0,4893221
ygfM_xdhD_predicted,0.1111111111111111,8,8,AGGGGGTGAATAATACACGT,0,4887573
ygfM_xdhD_predicted,0.1111111111111111,8,8,AGGGCCTAAACCGAGTGGAT,0,4896376
ygfM_xdhD_predicted,0.1111111111111111,8,8,AGGCCCTATGTATGAAAGTG,0,4883301
ygfM_xdhD_predicted,0.1111111111111111,8,8,AGGCCCAGTCTCTGGGTAAC,0,4890854
ygfM_xdhD_predicted,0.1111111111111111,8,8,AGGCAGGAACGCCGCTCTAG,0,4888259
ygfM_xdhD_predicted,0.1111111111111111,8,8,AGGATGTGTTCTAATTCTTG,0,4880398
ygfM_xdhD_predicted,0.1111111111111111,8,8,AGGAGTCCGTTTTTCACTCG,0,4868047
ygfM_xdhD_predicted,0.1111111111111111,8,8,AGGAGCCGGGATATCAGCAT,0,4874844
ygfM_xdhD_predicted,0.1111111111111111,8,8,AGGACCTTTTCGGGATCACC,0,4897357
ygfM_xdhD_predicted,0.1111111111111111,8,8,AGGACCCTGCTCAACTGTGC,0,4889145
ygfM_xdhD_predicted,0.1111111111111111,8,8,AGGAATGACGTTTGCTTCTC,0,4869092
ygfM_xdhD_predicted,0.1111111111111111,8,8,AGCTCTGCACAATCTCGGGT,0,4879962
ygfM_xdhD_predicted,0.1111111111111111,8,8,AGCTCATCTGTACCTATTTA,0,4882148
ygfM_xdhD_predicted,0.1111111111111111,8,8,AGCTCACGTGAAAAATACCC,0,4885472
ygfM_xdhD_predicted,0.1111111111111111,8,8,AGCTAAATATCTGTGGGGAA,0,4879615
ygfM_xdhD_predicted,0.1111111111111111,8,8,AGCGTCTGGTCCCAAGCAGC,0,4878156
ygfM_xdhD_predicted,0.1111111111111111,8,8,AGCCTCTTTATCGACCGGCC,0,4881932
ygfM_xdhD_predicted,0.1111111111111111,8,8,AGCCGCGGTGTGTGCTTCGA,0,4868429
ygfM_xdhD_predicted,0.1111111111111111,8,8,AGCAGGCGGGAACAAATGGA,0,4874490
ygfM_xdhD_predicted,0.1111111111111111,8,8,AGATGGGGCTTAATAGCCAG,0,4864375
ygfM_xdhD_predicted,0.1111111111111111,8,8,AGAGTATGGCGAGACAACCT,0,4868519
ygfM_xdhD_predicted,0.1111111111111111,8,8,AGACGTGGGTACGCCTTCAT,0,4883422
ygfM_xdhD_predicted,0.1111111111111111,8,8,AGACCGGACCTGGTGTGGTG,0,4888484
ygfM_xdhD_predicted,0.1111111111111111,8,8,AGAACTTTTGTGGCCTATAA,0,4872572
ygfM_xdhD_predicted,0.1111111111111111,8,8,AGAACGATGACTAGGTTGGA,0,4870284
ygfM_xdhD_predicted,0.1111111111111111,8,8,AGAACCCGTCAAGAGCTCAA,0,4875098
ygfM_xdhD_predicted,0.1111111111111111,8,8,ACTTGTGCAAGCTGAAGTGG,0,4871150
ygfM_xdhD_predicted,0.1111111111111111,8,8,ACTTAACTTCTTACCTAAGG,0,4882890
ygfM_xdhD_predicted,0.1111111111111111,8,8,ACTGAGTTGCTAAACGGAAA,0,4898559
ygfM_xdhD_predicted,0.1111111111111111,8,8,ACTCGAAGCAGTGGTCCTAC,0,4894646
ygfM_xdhD_predicted,0.1111111111111111,8,8,ACTCATTTGCACTTGTCACG,0,4895017
ygfM_xdhD_predicted,0.1111111111111111,8,8,ACTCAAGGCAGTAGCGGGCA,0,4865425
ygfM_xdhD_predicted,0.1111111111111111,8,8,ACTAATAGGTCGTTTTTGTC,0,4890199
ygfM_xdhD_predicted,0.1111111111111111,8,8,ACGTCAACGTCGATCGACCA,0,4889532
ygfM_xdhD_predicted,0.1111111111111111,8,8,ACGTACTTAATCTGAGTTGG,0,4866798
ygfM_xdhD_predicted,0.1111111111111111,8,8,ACGGCACTACCCAAAACACT,0,4891765
ygfM_xdhD_predicted,0.1111111111111111,8,8,ACGGATGATTTACGAATACA,0,4872293
ygfM_xdhD_predicted,0.1111111111111111,8,8,ACCTGGGGCACGGTCGAGGC,0,4875398
ygfM_xdhD_predicted,0.1111111111111111,8,8,ACCGCCCCGAAACGAGTCCA,0,4887654
ygfM_xdhD_predicted,0.1111111111111111,8,8,ACCCCCGCAAATGCTCTGTT,0,4883394
ygfM_xdhD_predicted,0.1111111111111111,8,8,ACCACAGATACAGAACAAAT,0,4888313
ygfM_xdhD_predicted,0.1111111111111111,8,8,ACCAAATGGGTTAGCTGTCC,0,4894521
ygfM_xdhD_predicted,0.1111111111111111,8,8,ACATTTGGTTGCGTACATTT,0,4878884
ygfM_xdhD_predicted,0.1111111111111111,8,8,ACATCTTATTAGAGCCGGAA,0,4887870
ygfM_xdhD_predicted,0.1111111111111111,8,8,ACATACGGAGTGTAGGTAAG,0,4868200
ygfM_xdhD_predicted,0.1111111111111111,8,8,ACAGTCCAGTAACAAGGACC,0,4867519
ygfM_xdhD_predicted,0.1111111111111111,8,8,ACAAGTAGTTCTCAATTTTC,0,4887369
ygfM_xdhD_predicted,0.1111111111111111,8,8,AATTGGCTCCTACTCACCAG,0,4867948
ygfM_xdhD_predicted,0.1111111111111111,8,8,AATTGAGGGACTAGCACGAT,0,4871410
ygfM_xdhD_predicted,0.1111111111111111,8,8,AATTCAACGTTGACAAGCTT,0,4885999
ygfM_xdhD_predicted,0.1111111111111111,8,8,AATGTCGAGCCGGAAACGCA,0,4870848
ygfM_xdhD_predicted,0.1111111111111111,8,8,AATGTCCGCGTTCGCTTGTG,0,4883146
ygfM_xdhD_predicted,0.1111111111111111,8,8,AATGCTCAGTGTGATAGTAC,0,4886445
ygfM_xdhD_predicted,0.1111111111111111,8,8,AATGACCTAGTTGTACGTGG,0,4893477
ygfM_xdhD_predicted,0.1111111111111111,8,8,AATCTTCAATTAATGACTCT,0,4881977
ygfM_xdhD_predicted,0.1111111111111111,8,8,AATCTATTGAGAAAAGGCCA,0,4882510
ygfM_xdhD_predicted,0.1111111111111111,8,8,AATCGTACATGGTCCTGTGC,0,4885267
ygfM_xdhD_predicted,0.1111111111111111,8,8,AATAAGAAATGGCAGTGTGA,0,4875433
ygfM_xdhD_predicted,0.1111111111111111,8,8,AAGTGCTTCCTGGCCGGAAC,0,4881679
ygfM_xdhD_predicted,0.1111111111111111,8,8,AAGGTTACCGAACAATTTCT,0,4868353
ygfM_xdhD_predicted,0.1111111111111111,8,8,AAGACCTAGTATATTTTCTG,0,4865591
ygfM_xdhD_predicted,0.1111111111111111,8,8,AAGAATGGTATCGGCCTCAA,0,4874161
ygfM_xdhD_predicted,0.1111111111111111,8,8,AACGTGTCCGGAGCGATGTT,0,4864899
ygfM_xdhD_predicted,0.1111111111111111,8,8,AACGACGATGGCCCGGGGTA,0,4890222
ygfM_xdhD_predicted,0.1111111111111111,8,8,AACACATTCCGGCCCTAGGG,0,4895132
ygfM_xdhD_predicted,0.1111111111111111,8,8,AAATTCCACGGCACTGCTCG,0,4865830
ygfM_xdhD_predicted,0.1111111111111111,8,8,AAATGATCAAGAGAACTTCC,0,4886495
ygfM_xdhD_predicted,0.1111111111111111,8,8,AAATATATTCTGCCAGTACT,0,4898208
ygfM_xdhD_predicted,0.1111111111111111,8,8,AAACTGCCGCGAACGCAAAT,0,4873674
ygfM_xdhD_predicted,0.1111111111111111,8,8,AAACCCGCAGCACGGGGAGT,0,4890219
ygfM_xdhD_predicted,0.125,7,7,TTTTTGGTCAAGTTGTCTTT,0,4880512
ygfM_xdhD_predicted,0.125,7,7,TTTTCAAAAGATGGTAGTGT,0,4895883
ygfM_xdhD_predicted,0.125,7,7,TTTTAACTACTGCCGCGGCA,0,4866779
ygfM_xdhD_predicted,0.125,7,7,TTTGGCTTAAAACTACCTCG,0,4873637
ygfM_xdhD_predicted,0.125,7,7,TTTGCGCCCAGGTCTCCGTA,0,4870999
ygfM_xdhD_predicted,0.125,7,7,TTTGACGTGAAATGGCTATC,0,4880056
ygfM_xdhD_predicted,0.125,7,7,TTTCATTTTATTGGCAGCTT,0,4875360
ygfM_xdhD_predicted,0.125,7,7,TTTAGGTAAGAGTAAACACG,0,4864172
ygfM_xdhD_predicted,0.125,7,7,TTTAACCGGATACACGTAAG,0,4877183
ygfM_xdhD_predicted,0.125,7,7,TTGTTGGCGGGATTGAGAGC,0,4880531
ygfM_xdhD_predicted,0.125,7,7,TTGGGAGTTTAATCCGTCCC,0,4876593
ygfM_xdhD_predicted,0.125,7,7,TTGATCCGGTAGGGCCTCCA,0,4898448
ygfM_xdhD_predicted,0.125,7,7,TTGAGGTAGGTCCCTAATGT,0,4898177
ygfM_xdhD_predicted,0.125,7,7,TTCTATGTCAAGGAGCCCCT,0,4875919
ygfM_xdhD_predicted,0.125,7,7,TTCGCACATATATAGACGGC,0,4876137
ygfM_xdhD_predicted,0.125,7,7,TTCACTGTTCTTTTTACGCT,0,4891612
ygfM_xdhD_predicted,0.125,7,7,TTCACCCACAAAAACCACAG,0,4876909
ygfM_xdhD_predicted,0.125,7,7,TTATGGGACAGGAGCGCAGG,0,4890901
ygfM_xdhD_predicted,0.125,7,7,TTATGCTGCCGCTACCGTAT,0,4893469
ygfM_xdhD_predicted,0.125,7,7,TTAGTGATTTAGTCCTGGAT,0,4874026
ygfM_xdhD_predicted,0.125,7,7,TTAGTATGGTCAATGGACCG,0,4873979
ygfM_xdhD_predicted,0.125,7,7,TTAGCGGGGGTCGTTGTAAT,0,4887507
ygfM_xdhD_predicted,0.125,7,7,TTAGAATGCAGCAGGGGCGA,0,4865666
ygfM_xdhD_predicted,0.125,7,7,TTACCGAGAGTTATCCACCA,0,4898249
ygfM_xdhD_predicted,0.125,7,7,TTACATAAACCTTACTAGCC,0,4873200
ygfM_xdhD_predicted,0.125,7,7,TTAAGGCTATCATGATAAAA,0,4895026
ygfM_xdhD_predicted,0.125,7,7,TTAAGATGCTAATAGTTCGT,0,4888688
ygfM_xdhD_predicted,0.125,7,7,TGTTTCAGTACACAGTACCA,0,4863800
ygfM_xdhD_predicted,0.125,7,7,TGTGTTCTCGATTAACCATA,0,4876243
ygfM_xdhD_predicted,0.125,7,7,TGTGTCCAAAAGTCCTACGT,0,4882929
ygfM_xdhD_predicted,0.125,7,7,TGTGGTTCTGTCACCTGCTA,0,4874852
ygfM_xdhD_predicted,0.125,7,7,TGTGCGTGGAAAGATGAGGG,0,4880844
ygfM_xdhD_predicted,0.125,7,7,TGTAGCCAAGTGGCCTAGTA,0,4884443
ygfM_xdhD_predicted,0.125,7,7,TGTAATAAGTGGCAGGGAGC,0,4891544
ygfM_xdhD_predicted,0.125,7,7,TGTAACATAGGATGTGCATT,0,4879918
ygfM_xdhD_predicted,0.125,7,7,TGGTAGGCCTCACCCGTAGA,0,4864254
ygfM_xdhD_predicted,0.125,7,7,TGGTAACGGTGCTGGAGCCT,0,4885795
ygfM_xdhD_predicted,0.125,7,7,TGGGTAGGTCGCCCAAGTTC,0,4883040
ygfM_xdhD_predicted,0.125,7,7,TGGGCCGAGCCGATCAATCA,0,4884436
ygfM_xdhD_predicted,0.125,7,7,TGGCCGCCGAAACCGTAAGC,0,4886985
ygfM_xdhD_predicted,0.125,7,7,TGGATTGCTATTCATTCGCT,0,4881865
ygfM_xdhD_predicted,0.125,7,7,TGGAGTCCTTCATCAGATCC,0,4898500
ygfM_xdhD_predicted,0.125,7,7,TGGAGGCCAGGTTGGGAGAT,0,4881669
ygfM_xdhD_predicted,0.125,7,7,TGGACTCCGATGCCGACCAC,0,4878951
ygfM_xdhD_predicted,0.125,7,7,TGGACAACTCGGGCTTCTGC,0,4872274
ygfM_xdhD_predicted,0.125,7,7,TGCCATGAGATATGAAACGA,0,4894676
ygfM_xdhD_predicted,0.125,7,7,TGCAGTGCAAAGCGACCTCA,0,4891360
ygfM_xdhD_predicted,0.125,7,7,TGCAACAGGATGGTTTGGCA,0,4881757
ygfM_xdhD_predicted,0.125,7,7,TGATCTACGTGTAGCACTGG,0,4882770
ygfM_xdhD_predicted,0.125,7,7,TGAGGCCTGCGGAGGGAGGC,0,4875277
ygfM_xdhD_predicted,0.125,7,7,TGAGCTGTTCGGCCACCTCA,0,4891678
ygfM_xdhD_predicted,0.125,7,7,TGAAGTTCAATTTATGTGTA,0,4887725
ygfM_xdhD_predicted,0.125,7,7,TGAACTCCGGGAGGGGTAGT,0,4872679
ygfM_xdhD_predicted,0.125,7,7,TGAACCCATATCGTACGCTA,0,4891690
ygfM_xdhD_predicted,0.125,7,7,TCTTTACCAGCCAGAAGAGT,0,4867916
ygfM_xdhD_predicted,0.125,7,7,TCTTCAATGCAGGTCGATCT,0,4893629
ygfM_xdhD_predicted,0.125,7,7,TCTTACAACATTATCGGGCT,0,4871230
ygfM_xdhD_predicted,0.125,7,7,TCTGTAGACGCCCGGATATT,0,4871856
ygfM_xdhD_predicted,0.125,7,7,TCTCACTGGATTGCAGAATG,0,4891586
ygfM_xdhD_predicted,0.125,7,7,TCTAGGCAGACGTCAGGCAA,0,4893232
ygfM_xdhD_predicted,0.125,7,7,TCGGGCTAACCATTAGGTGT,0,4898561
ygfM_xdhD_predicted,0.125,7,7,TCGGCTGTCCCAGGGACTTG,0,4888874
ygfM_xdhD_predicted,0.125,7,7,TCGCTCCAAGGCGGTTAAGC,0,4869342
ygfM_xdhD_predicted,0.125,7,7,TCGCGGGGTCGCCTGCGCGC,0,4894067
ygfM_xdhD_predicted,0.125,7,7,TCGAGCCCACCGAGCATATG,0,4867829
ygfM_xdhD_predicted,0.125,7,7,TCGAACTATCACGACAGAAG,0,4866913
ygfM_xdhD_predicted,0.125,7,7,TCCTACCGCACAAGCGTTCG,0,4867422
ygfM_xdhD_predicted,0.125,7,7,TCCCGTTGACCAAGGAGTAT,0,4891932
ygfM_xdhD_predicted,0.125,7,7,TCCCAAGCAAGAGGGCGGTT,0,4865664
ygfM_xdhD_predicted,0.125,7,7,TCCATCGTCTATTTCTCTAT,0,4865802
ygfM_xdhD_predicted,0.125,7,7,TCCACGATCCCGTTACCCAA,0,4879673
ygfM_xdhD_predicted,0.125,7,7,TCCAATTGAGCTGAATGCGT,0,4886521
ygfM_xdhD_predicted,0.125,7,7,TCATGATGTCCCAGCTGACC,0,4891225
ygfM_xdhD_predicted,0.125,7,7,TCATGAACCAGTGCACCCGG,0,4877459
ygfM_xdhD_predicted,0.125,7,7,TCATATTCATGCGTTCGAAA,0,4893019
ygfM_xdhD_predicted,0.125,7,7,TCAGTGCTTGACCACGAAAG,0,4866602
ygfM_xdhD_predicted,0.125,7,7,TCAGAGCTGTTAGAGAACGT,0,4874390
ygfM_xdhD_predicted,0.125,7,7,TCACGTTCTAGGAGCGTTGA,0,4887167
ygfM_xdhD_predicted,0.125,7,7,TCAAGGCTGGAAAGCCACAA,0,4893224
ygfM_xdhD_predicted,0.125,7,7,TCAACCCGACTATGGAAGGA,0,4867121
ygfM_xdhD_predicted,0.125,7,7,TATTTATTGTCCGGGGGAGA,0,4884655
ygfM_xdhD_predicted,0.125,7,7,TATTCGGTAAGTACTGGCAT,0,4887533
ygfM_xdhD_predicted,0.125,7,7,TATTATTACGATTTCTGTTA,0,4877845
ygfM_xdhD_predicted,0.125,7,7,TATGTGCTACTCGTCGGGAA,0,4893092
ygfM_xdhD_predicted,0.125,7,7,TATACATGATGAGGTCCTGT,0,4870244
ygfM_xdhD_predicted,0.125,7,7,TAGGGTGCTGTCTCTCCTCA,0,4863948
ygfM_xdhD_predicted,0.125,7,7,TAGCACAACGAGCAAAACAC,0,4889065
ygfM_xdhD_predicted,0.125,7,7,TAGAGGCTACCTCATCATGC,0,4884665
ygfM_xdhD_predicted,0.125,7,7,TAGAATAGGTCGTTAAGAGG,0,4880312
ygfM_xdhD_predicted,0.125,7,7,TACTGCACAACGATTAAGGA,0,4892713
ygfM_xdhD_predicted,0.125,7,7,TACGTATCTGATTCCACTTG,0,4867176
ygfM_xdhD_predicted,0.125,7,7,TACGCTATCAGAAAGGTCCT,0,4874967
ygfM_xdhD_predicted,0.125,7,7,TACGACAATACAGCTCCATC,0,4889994
ygfM_xdhD_predicted,0.125,7,7,TACCTAGCTCTCCTGCGGGG,0,4884398
ygfM_xdhD_predicted,0.125,7,7,TAATTTCCTTGGCTCTACCT,0,4869574
ygfM_xdhD_predicted,0.125,7,7,TAATTGTGTAATCTCGGAAG,0,4896053
ygfM_xdhD_predicted,0.125,7,7,TAATTAGTGCCGCTACCCAT,0,4888728
ygfM_xdhD_predicted,0.125,7,7,TAATAGGTCATCAACGTCGG,0,4878342
ygfM_xdhD_predicted,0.125,7,7,TAAGTGGGACATTTTATCTG,0,4868938
ygfM_xdhD_predicted,0.125,7,7,TAAGGTGGTAGGTATATAGA,0,4871833
ygfM_xdhD_predicted,0.125,7,7,TAAGGATATCACTTTATGCA,0,4883306
ygfM_xdhD_predicted,0.125,7,7,TAAGGAGTGCCCGGCTCATC,0,4864240
ygfM_xdhD_predicted,0.125,7,7,TAAGAGCTTGGGTCATGGCA,0,4871099
ygfM_xdhD_predicted,0.125,7,7,TAACCCGCATGGTTATCCCA,0,4898791
ygfM_xdhD_predicted,0.125,7,7,TAACCACCGCGTGATGTCGG,0,4878441
ygfM_xdhD_predicted,0.125,7,7,TAACAACGGCGGATTGTACG,0,4898667
ygfM_xdhD_predicted,0.125,7,7,TAAATCAATCAAGTCGTACG,0,4872299
ygfM_xdhD_predicted,0.125,7,7,TAAAAAATTCACGTCATCAG,0,4897976
ygfM_xdhD_predicted,0.125,7,7,GTTTTTGAGATGGCCACAAC,0,4878177
ygfM_xdhD_predicted,0.125,7,7,GTTCGAGTCGGATGACGTTG,0,4894723
ygfM_xdhD_predicted,0.125,7,7,GTTCACAGTACTGTTACATC,0,4868701
ygfM_xdhD_predicted,0.125,7,7,GTTCACACGTTGCTCTCGTT,0,4875771
ygfM_xdhD_predicted,0.125,7,7,GTTAGCTGGCGGAACGGAAT,0,4866027
ygfM_xdhD_predicted,0.125,7,7,GTGTCAGAAGATGCTGCGTC,0,4882245
ygfM_xdhD_predicted,0.125,7,7,GTGGGCCAGCCCGACAAGAT,0,4893016
ygfM_xdhD_predicted,0.125,7,7,GTGGACAGCAGGCACGATTG,0,4886949
ygfM_xdhD_predicted,0.125,7,7,GTGCTTTGGCTGCTCAGAGT,0,4887019
ygfM_xdhD_predicted,0.125,7,7,GTGCTATGTAGGCGCGGTCA,0,4866400
ygfM_xdhD_predicted,0.125,7,7,GTGCGCGTAAATTTGTTGAC,0,4867661
ygfM_xdhD_predicted,0.125,7,7,GTGCGCAGGTGATTCGGTTG,0,4884600
ygfM_xdhD_predicted,0.125,7,7,GTGAGACCATGGTTTTGCCC,0,4887364
ygfM_xdhD_predicted,0.125,7,7,GTCTTGTTGAAGGCTGTGCA,0,4867576
ygfM_xdhD_predicted,0.125,7,7,GTCTCGCTGGCAGTTATGAG,0,4893647
ygfM_xdhD_predicted,0.125,7,7,GTCGTGGGACCGCTAGGGAG,0,4868699
ygfM_xdhD_predicted,0.125,7,7,GTCCGGCATGATCGCTTAGT,0,4865224
ygfM_xdhD_predicted,0.125,7,7,GTCCAGGCTGGCTGCAGTAT,0,4895711
ygfM_xdhD_predicted,0.125,7,7,GTCACGCTCTCACGAGCAAT,0,4867182
ygfM_xdhD_predicted,0.125,7,7,GTCAACTTTTCTCGGAAACA,0,4881877
ygfM_xdhD_predicted,0.125,7,7,GTCAACAGTCGCTAATCTGT,0,4894702
ygfM_xdhD_predicted,0.125,7,7,GTCAAATGTCGCAGCCAAAG,0,4880718
ygfM_xdhD_predicted,0.125,7,7,GTACAGTATCTACATCCTTC,0,4897792
ygfM_xdhD_predicted,0.125,7,7,GTACAGCGTACTTAGGTACG,0,4889118
ygfM_xdhD_predicted,0.125,7,7,GTAAGCGCTGGCGATGAACC,0,4891474
ygfM_xdhD_predicted,0.125,7,7,GGTTTAGCGGACTTGGATGT,0,4898782
ygfM_xdhD_predicted,0.125,7,7,GGTGCTATGCAATGATGTAT,0,4881095
ygfM_xdhD_predicted,0.125,7,7,GGTGACTATCGCACTGCGGA,0,4872757
ygfM_xdhD_predicted,0.125,7,7,GGTAGCTCGCTCGCGCAGTT,0,4871127
ygfM_xdhD_predicted,0.125,7,7,GGTAATTAGCTAGGAAGAAA,0,4863851
ygfM_xdhD_predicted,0.125,7,7,GGTAAGAGGCTAAGCATTTC,0,4872532
ygfM_xdhD_predicted,0.125,7,7,GGTAAGAATGGCACTCTTTA,0,4876509
ygfM_xdhD_predicted,0.125,7,7,GGGTCGTCATTTTGCTGAAG,0,4880511
ygfM_xdhD_predicted,0.125,7,7,GGGTCAACTTGCGACAATGC,0,4864140
ygfM_xdhD_predicted,0.125,7,7,GGGGTGGCGCAGGAACTTAA,0,4890049
ygfM_xdhD_predicted,0.125,7,7,GGGGTCAAGAATGATGGGTG,0,4894229
ygfM_xdhD_predicted,0.125,7,7,GGGCTCCTCAGTGTGGGTCG,0,4875187
ygfM_xdhD_predicted,0.125,7,7,GGGCGTCTATAAGAAGTTTC,0,4893842
ygfM_xdhD_predicted,0.125,7,7,GGGCCTGCTGGACCAGCTTC,0,4894448
ygfM_xdhD_predicted,0.125,7,7,GGGCAGGATAGTTCCGCGCA,0,4896772
ygfM_xdhD_predicted,0.125,7,7,GGGATCAAGCCCCAAAATGA,0,4882047
ygfM_xdhD_predicted,0.125,7,7,GGGACATAGGACATTCTGTT,0,4896724
ygfM_xdhD_predicted,0.125,7,7,GGCTTGCATCCTAGCACTAA,0,4879792
ygfM_xdhD_predicted,0.125,7,7,GGCTGTAGCGAGAGCTGCCC,0,4887987
ygfM_xdhD_predicted,0.125,7,7,GGCGGCTGGGCTGGCCGCCT,0,4867923
ygfM_xdhD_predicted,0.125,7,7,GGCGACTTTCGGAGCTGTAT,0,4897583
ygfM_xdhD_predicted,0.125,7,7,GGCCTTAGGCCGAAAACAAG,0,4869437
ygfM_xdhD_predicted,0.125,7,7,GGCCAGCTTGAAGGAGGCTT,0,4891351
ygfM_xdhD_predicted,0.125,7,7,GGCAGTTGCGCTTTCGACCG,0,4879343
ygfM_xdhD_predicted,0.125,7,7,GGCAATCTGTGAGTACATAA,0,4866535
ygfM_xdhD_predicted,0.125,7,7,GGCAACGTACATCGTCGGAG,0,4880895
ygfM_xdhD_predicted,0.125,7,7,GGCAAATCCAACGCCATTGT,0,4883344
ygfM_xdhD_predicted,0.125,7,7,GGATCGCGGTTGTTGCGTAT,0,4872042
ygfM_xdhD_predicted,0.125,7,7,GGATAAAGACAGATAATAAT,0,4887151
ygfM_xdhD_predicted,0.125,7,7,GGAGTCTTCGATCATGCCGC,0,4864827
ygfM_xdhD_predicted,0.125,7,7,GGAGTAGAAAGCGTAGGGGG,0,4867958
ygfM_xdhD_predicted,0.125,7,7,GGAGGTAACTTCCGTACTCC,0,4871990
ygfM_xdhD_predicted,0.125,7,7,GGAGCAACTTCATTCATTAC,0,4896629
ygfM_xdhD_predicted,0.125,7,7,GGACTCGCTACGTGAGGCGA,0,4894553
ygfM_xdhD_predicted,0.125,7,7,GGACGTTATTTAGCCGTCGG,0,4883165
ygfM_xdhD_predicted,0.125,7,7,GGACGGGGCATCAAGTTGTT,0,4876424
ygfM_xdhD_predicted,0.125,7,7,GGAATGATGTCCGTTAATCC,0,4892552
ygfM_xdhD_predicted,0.125,7,7,GGAAGAGCAATACAAACGAT,0,4899232
ygfM_xdhD_predicted,0.125,7,7,GCTTTTATTTAATGCATGGG,0,4869328
ygfM_xdhD_predicted,0.125,7,7,GCTTTTACAGTTCGAATCTA,0,4879627
ygfM_xdhD_predicted,0.125,7,7,GCTTTCTCACCTGCCTTATC,0,4884884
ygfM_xdhD_predicted,0.125,7,7,GCTTCGGTTACAAGTCCAGG,0,4873984
ygfM_xdhD_predicted,0.125,7,7,GCTTATGTAGTTACTCTTAG,0,4869379
ygfM_xdhD_predicted,0.125,7,7,GCTGTATCTCCGCGCAAAAC,0,4883334
ygfM_xdhD_predicted,0.125,7,7,GCTGGTGCAACCAACGCCTT,0,4894488
ygfM_xdhD_predicted,0.125,7,7,GCTGATCTAGTTACTAGCGC,0,4882357
ygfM_xdhD_predicted,0.125,7,7,GCTCTAACTACTGTTCGATG,0,4878211
ygfM_xdhD_predicted,0.125,7,7,GCTCGTTCTCCATGATATTG,0,4891824
ygfM_xdhD_predicted,0.125,7,7,GCTCGCAGCGATAGGATGCT,0,4881670
ygfM_xdhD_predicted,0.125,7,7,GCTAGTCTGGAGGCTCCCTA,0,4891400
ygfM_xdhD_predicted,0.125,7,7,GCTAGATAAACCGAGCTAAT,0,4878318
ygfM_xdhD_predicted,0.125,7,7,GCTAGACTCCGTGCGAACAC,0,4865091
ygfM_xdhD_predicted,0.125,7,7,GCGTGATAGGGACACTTCAG,0,4889275
ygfM_xdhD_predicted,0.125,7,7,GCGGCCGGTCAGCCGACGTA,0,4872029
ygfM_xdhD_predicted,0.125,7,7,GCGCAGTACAACTCGATACC,0,4877206
ygfM_xdhD_predicted,0.125,7,7,GCCTGAGGATGTCATGACTT,0,4895028
ygfM_xdhD_predicted,0.125,7,7,GCCTCCCCCCCTGAGCGAAT,0,4874224
ygfM_xdhD_predicted,0.125,7,7,GCCGGTATTAGGTGCGCCAG,0,4888808
ygfM_xdhD_predicted,0.125,7,7,GCCCTTCTGACCCTCAGGCC,0,4892338
ygfM_xdhD_predicted,0.125,7,7,GCCCGACTCTATGATTTTAT,0,4873257
ygfM_xdhD_predicted,0.125,7,7,GCCCCGTTTTACTGATTTCT,0,4879714
ygfM_xdhD_predicted,0.125,7,7,GCCCCGTTGTGGAATAGACT,0,4883561
ygfM_xdhD_predicted,0.125,7,7,GCCAGTGTGATAATACTGGT,0,4897252
ygfM_xdhD_predicted,0.125,7,7,GCCACGTTGGCAGGTCAAAC,0,4873561
ygfM_xdhD_predicted,0.125,7,7,GCATGCTTCTCCCCACGATC,0,4882147
ygfM_xdhD_predicted,0.125,7,7,GCATCTGCGGCTGTGAGAGA,0,4877151
ygfM_xdhD_predicted,0.125,7,7,GCAGTCGGGGTGGCGTCGGC,0,4884945
ygfM_xdhD_predicted,0.125,7,7,GCACCTTCCGAATTTCAAAA,0,4871543
ygfM_xdhD_predicted,0.125,7,7,GCAATCAGATCAAAGGTAAT,0,4880853
ygfM_xdhD_predicted,0.125,7,7,GCAAGAGGTCGTCTATATCT,0,4877571
ygfM_xdhD_predicted,0.125,7,7,GCAACGCAGAGGCCTTATCC,0,4894543
ygfM_xdhD_predicted,0.125,7,7,GCAACATCCGTACGGACGCG,0,4869483
ygfM_xdhD_predicted,0.125,7,7,GATTATTTTCACATTACTGC,0,4883100
ygfM_xdhD_predicted,0.125,7,7,GATTAGCCATAAGGGGTTAA,0,4885219
ygfM_xdhD_predicted,0.125,7,7,GATGTTTGTGCTGGGAGTCT,0,4884596
ygfM_xdhD_predicted,0.125,7,7,GATGGGTTCCCTTCAGGACA,0,4868841
ygfM_xdhD_predicted,0.125,7,7,GATGGAGAGCGGTTGTTGAG,0,4872830
ygfM_xdhD_predicted,0.125,7,7,GATGCTTACTGTAAATGGTT,0,4883327
ygfM_xdhD_predicted,0.125,7,7,GATGCCATGAAGAACTTGTA,0,4886024
ygfM_xdhD_predicted,0.125,7,7,GATCTTGGAGCCCTCCCTTA,0,4873487
ygfM_xdhD_predicted,0.125,7,7,GATCGCTCGACATCAAAGCA,0,4871039
ygfM_xdhD_predicted,0.125,7,7,GATCAATACATAGACTACAA,0,4894950
ygfM_xdhD_predicted,0.125,7,7,GATATTCCCTTATGATCGAC,0,4889953
ygfM_xdhD_predicted,0.125,7,7,GATATGCCAGCGGTTGAGCG,0,4891209
ygfM_xdhD_predicted,0.125,7,7,GATAGTAAATTGGGAAGGCC,0,4884808
ygfM_xdhD_predicted,0.125,7,7,GATAGGGGCTAATACATAGA,0,4878767
ygfM_xdhD_predicted,0.125,7,7,GATAGGGCGGTTTGGCGCCA,0,4885401
ygfM_xdhD_predicted,0.125,7,7,GATACTACACGGACCGGGTT,0,4892757
ygfM_xdhD_predicted,0.125,7,7,GAGTCACGACTGCGTTGTTT,0,4896112
ygfM_xdhD_predicted,0.125,7,7,GAGTACCGGATGTTAGTAGC,0,4864951
ygfM_xdhD_predicted,0.125,7,7,GAGGACGCTGGCTCGCCGAT,0,4871348
ygfM_xdhD_predicted,0.125,7,7,GAGCTACATGATCTCACTTG,0,4879236
ygfM_xdhD_predicted,0.125,7,7,GAGATCATCGATAATGATGA,0,4876961
ygfM_xdhD_predicted,0.125,7,7,GACTGATTGATTTATGGACC,0,4883874
ygfM_xdhD_predicted,0.125,7,7,GACGTACAAGGTTAACCGTG,0,4875692
ygfM_xdhD_predicted,0.125,7,7,GACGGGCACTGTAACTCACT,0,4883556
ygfM_xdhD_predicted,0.125,7,7,GACGATAGTCCTCAAGTAGG,0,4876047
ygfM_xdhD_predicted,0.125,7,7,GACGAAAAATTGTTCAATAC,0,4867939
ygfM_xdhD_predicted,0.125,7,7,GACCATCATAATATTATATA,0,4894060
ygfM_xdhD_predicted,0.125,7,7,GACATTATTAGGTTACCACA,0,4889901
ygfM_xdhD_predicted,0.125,7,7,GACAGATGCCATAGTTAAGT,0,4891121
ygfM_xdhD_predicted,0.125,7,7,GAATTTATGGTTTAGGATTT,0,4880561
ygfM_xdhD_predicted,0.125,7,7,GAATGTGCCTAGGAGTATTT,0,4891221
ygfM_xdhD_predicted,0.125,7,7,GAATAGTAACTCCCGTGGAA,0,4877862
ygfM_xdhD_predicted,0.125,7,7,GAATAAGGTGCTAAGGACGT,0,4863840
ygfM_xdhD_predicted,0.125,7,7,GAAGGCTATCTTCATGAGGA,0,4889789
ygfM_xdhD_predicted,0.125,7,7,GAAGGCACGCACGCAGTTCT,0,4893562
ygfM_xdhD_predicted,0.125,7,7,GAACTATGCGGGTTAACATG,0,4894257
ygfM_xdhD_predicted,0.125,7,7,GAACCCTGCGCGCCGTAACA,0,4890216
ygfM_xdhD_predicted,0.125,7,7,GAACATCTGGGCTGAGCTAA,0,4887977
ygfM_xdhD_predicted,0.125,7,7,GAACATCCACCTTACCGCTT,0,4873170
ygfM_xdhD_predicted,0.125,7,7,GAAATTTTTCTGATACGTGG,0,4898591
ygfM_xdhD_predicted,0.125,7,7,GAAAAAAACATTGTCGCCCT,0,4884402
ygfM_xdhD_predicted,0.125,7,7,CTTTACATATCGAAAAAGAT,0,4873357
ygfM_xdhD_predicted,0.125,7,7,CTTGCTCCCAAAGTGCGGGT,0,4880965
ygfM_xdhD_predicted,0.125,7,7,CTTCTCGACACCCCGTGGCT,0,4871166
ygfM_xdhD_predicted,0.125,7,7,CTTCTATGTTTCCCGAACTG,0,4880476
ygfM_xdhD_predicted,0.125,7,7,CTTCGTATGGTCAACCAGCA,0,4864001
ygfM_xdhD_predicted,0.125,7,7,CTTCATTTCATCTTTAGCAT,0,4898936
ygfM_xdhD_predicted,0.125,7,7,CTTAGTGACAAATAAAGTTG,0,4885485
ygfM_xdhD_predicted,0.125,7,7,CTTAGTATCGTTCATAAGGG,0,4895720
ygfM_xdhD_predicted,0.125,7,7,CTTAGATGCCGTTTGTGGAG,0,4891207
ygfM_xdhD_predicted,0.125,7,7,CTTAGATCGAATCAACGTAG,0,4879750
ygfM_xdhD_predicted,0.125,7,7,CTGTGTAATTAAAGGCACAC,0,4883221
ygfM_xdhD_predicted,0.125,7,7,CTGTATGTGTAATACCCATA,0,4887541
ygfM_xdhD_predicted,0.125,7,7,CTGGTCACAGCTTAAGCACT,0,4876959
ygfM_xdhD_predicted,0.125,7,7,CTGCCGGGGTCAACCTCACG,0,4890889
ygfM_xdhD_predicted,0.125,7,7,CTGAGGGGTACCGAGCTATG,0,4872185
ygfM_xdhD_predicted,0.125,7,7,CTGAGACAGTGGTTCCGTAA,0,4878029
ygfM_xdhD_predicted,0.125,7,7,CTGACTGGGGTCCGGCATAG,0,4894334
ygfM_xdhD_predicted,0.125,7,7,CTGACGACAGTCGTCTATTT,0,4865066
ygfM_xdhD_predicted,0.125,7,7,CTCGTAGGTTCATACTAGGC,0,4878018
ygfM_xdhD_predicted,0.125,7,7,CTCCACATGTTGAATGTTGT,0,4881138
ygfM_xdhD_predicted,0.125,7,7,CTATTTAGAGAATAAAGGAC,0,4879640
ygfM_xdhD_predicted,0.125,7,7,CTATTGCGTTTGAGAAAACG,0,4869207
ygfM_xdhD_predicted,0.125,7,7,CTATGGAGATGTGTAAAGCA,0,4896298
ygfM_xdhD_predicted,0.125,7,7,CTATATCAACAAAACATCTT,0,4864124
ygfM_xdhD_predicted,0.125,7,7,CTACCTATGTTATCCAGATA,0,4875218
ygfM_xdhD_predicted,0.125,7,7,CTACAATCAATCCACGTTCA,0,4888673
ygfM_xdhD_predicted,0.125,7,7,CTAACTCCGTTGATTGTTGC,0,4868862
ygfM_xdhD_predicted,0.125,7,7,CGTTTGAGCAACGCCCATCT,0,4886670
ygfM_xdhD_predicted,0.125,7,7,CGTTCGATAGCAGGTGGCAT,0,4864742
ygfM_xdhD_predicted,0.125,7,7,CGTTATGGCTGTAAAAGGGC,0,4892793
ygfM_xdhD_predicted,0.125,7,7,CGTCGGTATGCGTCTAAAGA,0,4892188
ygfM_xdhD_predicted,0.125,7,7,CGTCGATACTTGAGTGAGTA,0,4895282
ygfM_xdhD_predicted,0.125,7,7,CGGTTTATGGAGTGTATGAG,0,4897922
ygfM_xdhD_predicted,0.125,7,7,CGGTGCTCGTGCCGCACAAG,0,4876402
ygfM_xdhD_predicted,0.125,7,7,CGGGTTTTATCATGTTCCAT,0,4885036
ygfM_xdhD_predicted,0.125,7,7,CGGGAGGCGTCCATCTCTTC,0,4897035
ygfM_xdhD_predicted,0.125,7,7,CGGCATAATCGCTTTAGGCT,0,4883510
ygfM_xdhD_predicted,0.125,7,7,CGGAAATTAAGCGTCAGTAA,0,4867398
ygfM_xdhD_predicted,0.125,7,7,CGCTTATTCATAGCGACTTT,0,4897109
ygfM_xdhD_predicted,0.125,7,7,CGCTGCTTTGGTTGGCCATA,0,4893278
ygfM_xdhD_predicted,0.125,7,7,CGCTCGTCCTCCACCGTGAT,0,4884573
ygfM_xdhD_predicted,0.125,7,7,CGCCTGGTATTTGACCGGGG,0,4870573
ygfM_xdhD_predicted,0.125,7,7,CGCCTCGTTCACGCGTAAGT,0,4886366
ygfM_xdhD_predicted,0.125,7,7,CGCCCTCGAGTATTCCAGTT,0,4889829
ygfM_xdhD_predicted,0.125,7,7,CGCCAGCATTAGGGGAGGTC,0,4865067
ygfM_xdhD_predicted,0.125,7,7,CGCCACGAGGGAGATGGCTT,0,4893809
ygfM_xdhD_predicted,0.125,7,7,CGCCACATCGGCGTTCCAGC,0,4887372
ygfM_xdhD_predicted,0.125,7,7,CGCATTAGTAGGGCAGTGCT,0,4882233
ygfM_xdhD_predicted,0.125,7,7,CGCAGTGAGCGGCGTCATGG,0,4889507
ygfM_xdhD_predicted,0.125,7,7,CGCACGCCCAAGATGCGTAT,0,4888696
ygfM_xdhD_predicted,0.125,7,7,CGATGTATTCACAGCGGTTT,0,4895848
ygfM_xdhD_predicted,0.125,7,7,CGATGCTCCCCGCGACTCCA,0,4891751
ygfM_xdhD_predicted,0.125,7,7,CGAGAACAATGTCCGAAACC,0,4874687
ygfM_xdhD_predicted,0.125,7,7,CGACTTCGTCCCACGATGAC,0,4895473
ygfM_xdhD_predicted,0.125,7,7,CGAATAATTATTTCAAAAAT,0,4891913
ygfM_xdhD_predicted,0.125,7,7,CGAAGTTGTCCTACGGGTTT,0,4866399
ygfM_xdhD_predicted,0.125,7,7,CGAAGAGTCTTCTTAGCGTC,0,4878953
ygfM_xdhD_predicted,0.125,7,7,CGAACTGCGAGCCGATAATT,0,4871213
ygfM_xdhD_predicted,0.125,7,7,CGAACGAAGGTCGGTGGAAC,0,4889328
ygfM_xdhD_predicted,0.125,7,7,CGAAAGGTGAGTACGGTATT,0,4889826
ygfM_xdhD_predicted,0.125,7,7,CCTTTAAAGCTTAACCCCAC,0,4876569
ygfM_xdhD_predicted,0.125,7,7,CCTTGCCCTTTTGCTCGCTC,0,4875025
ygfM_xdhD_predicted,0.125,7,7,CCTCTTACTAATGAAAAAGT,0,4875639
ygfM_xdhD_predicted,0.125,7,7,CCTCGTATTTATCTGAGGTG,0,4867423
ygfM_xdhD_predicted,0.125,7,7,CCTCCTGGTTACATTTCACA,0,4872097
ygfM_xdhD_predicted,0.125,7,7,CCTCCGGAACACTATGGGTT,0,4877993
ygfM_xdhD_predicted,0.125,7,7,CCTAGGGACCACGGGGGTCA,0,4876358
ygfM_xdhD_predicted,0.125,7,7,CCGTAGAGACCATCTAGAAA,0,4898221
ygfM_xdhD_predicted,0.125,7,7,CCGTAACAAACAATACCGAA,0,4866877
ygfM_xdhD_predicted,0.125,7,7,CCGCGGGCTGATGATCTTTA,0,4893586
ygfM_xdhD_predicted,0.125,7,7,CCGCGCTCTTCGGAGCGCAA,0,4866741
ygfM_xdhD_predicted,0.125,7,7,CCGCACTCCCTAGAGCCAAC,0,4868928
ygfM_xdhD_predicted,0.125,7,7,CCGATGATCTGCCAGATCCT,0,4874220
ygfM_xdhD_predicted,0.125,7,7,CCGAGAGAGCGCATATTTGA,0,4884401
ygfM_xdhD_predicted,0.125,7,7,CCCTTCCTACGGAAGCCATG,0,4871109
ygfM_xdhD_predicted,0.125,7,7,CCCCTAATTCTAACCTGGTG,0,4880270
ygfM_xdhD_predicted,0.125,7,7,CCCCGCCATAGACAGAAACG,0,4882332
ygfM_xdhD_predicted,0.125,7,7,CCCATTTCATTCTGTTTGAA,0,4870053
ygfM_xdhD_predicted,0.125,7,7,CCCATCTGGATCCGGTACTC,0,4896599
ygfM_xdhD_predicted,0.125,7,7,CCCACCAGGGAAGATTCAAG,0,4867886
ygfM_xdhD_predicted,0.125,7,7,CCATTAGACCAGAGGGGTTC,0,4888682
ygfM_xdhD_predicted,0.125,7,7,CCATGTAGTCTGGGTGGACA,0,4877374
ygfM_xdhD_predicted,0.125,7,7,CCATGTAGCCGTCCAGATAT,0,4892468
ygfM_xdhD_predicted,0.125,7,7,CCATGGGGAGGACCCGCCTT,0,4898418
ygfM_xdhD_predicted,0.125,7,7,CCAGTCTGGTCAGGGGTCCT,0,4887079
ygfM_xdhD_predicted,0.125,7,7,CCAGGTGCTAAGTCCGCTTG,0,4873163
ygfM_xdhD_predicted,0.125,7,7,CCAGGCAATCCAGAAAAGGA,0,4885073
ygfM_xdhD_predicted,0.125,7,7,CCAGCCGACGTCGTTCATAA,0,4874625
ygfM_xdhD_predicted,0.125,7,7,CCACCAACATGGCTCAGAGA,0,4873387
ygfM_xdhD_predicted,0.125,7,7,CCACATGTGCGACTGTTTAG,0,4884968
ygfM_xdhD_predicted,0.125,7,7,CCAAACTCGGTATTGCAAAT,0,4873078
ygfM_xdhD_predicted,0.125,7,7,CATTTTTATCGGTTATGTTG,0,4884917
ygfM_xdhD_predicted,0.125,7,7,CATGAGGCCCTAAAATCCAT,0,4893738
ygfM_xdhD_predicted,0.125,7,7,CATCCCCCCAACTTTATGCC,0,4896243
ygfM_xdhD_predicted,0.125,7,7,CATCAATATTCCACCGAAGC,0,4880997
ygfM_xdhD_predicted,0.125,7,7,CATATAACCGTGATGTTGTG,0,4884541
ygfM_xdhD_predicted,0.125,7,7,CATAGCCCAACCCACATCGT,0,4880974
ygfM_xdhD_predicted,0.125,7,7,CATACATAGACGTTTCCCTT,0,4878860
ygfM_xdhD_predicted,0.125,7,7,CATAATCTGCACAAAGAATT,0,4890882
ygfM_xdhD_predicted,0.125,7,7,CAGTTTTTGCGGCGCTCAAA,0,4865358
ygfM_xdhD_predicted,0.125,7,7,CAGTTGACAATGGACCTCAA,0,4892742
ygfM_xdhD_predicted,0.125,7,7,CAGTCCCGACTAAACCTGCT,0,4877233
ygfM_xdhD_predicted,0.125,7,7,CAGGTTCTGCAGTACTGTAA,0,4885455
ygfM_xdhD_predicted,0.125,7,7,CAGAGCCTTTAGCACGAGAT,0,4889995
ygfM_xdhD_predicted,0.125,7,7,CAGAAATATGACAGAGAAGA,0,4881466
ygfM_xdhD_predicted,0.125,7,7,CACTTCGATCAAAAGTCATG,0,4879754
ygfM_xdhD_predicted,0.125,7,7,CACTAAATAGCCTCAAATGG,0,4873969
ygfM_xdhD_predicted,0.125,7,7,CACGACTCTTTTTGTGACGT,0,4898176
ygfM_xdhD_predicted,0.125,7,7,CAATATTCCTATGATGTCAG,0,4872478
ygfM_xdhD_predicted,0.125,7,7,CAATAATCATATGAATTGCA,0,4872975
ygfM_xdhD_predicted,0.125,7,7,CAAGGTCACGCGTAAGATTT,0,4865645
ygfM_xdhD_predicted,0.125,7,7,CAAGGCCGTCAGTCAGGTTG,0,4879760
ygfM_xdhD_predicted,0.125,7,7,CAACGCTAGATTCGCTTCGT,0,4896223
ygfM_xdhD_predicted,0.125,7,7,CAAAACCTTTTCTATAGTCC,0,4890583
ygfM_xdhD_predicted,0.125,7,7,ATTTGGCTGGGTCATTCCAC,0,4894976
ygfM_xdhD_predicted,0.125,7,7,ATTTCGGCCAATATTGTTTA,0,4893055
ygfM_xdhD_predicted,0.125,7,7,ATTGACCGGCCGGAGGATCT,0,4879313
ygfM_xdhD_predicted,0.125,7,7,ATTCTAATTATATAGATTAT,0,4898683
ygfM_xdhD_predicted,0.125,7,7,ATTATTTGGTCGCAGAGCGT,0,4898973
ygfM_xdhD_predicted,0.125,7,7,ATGTGGTTTTACGTTGAAAA,0,4894353
ygfM_xdhD_predicted,0.125,7,7,ATGTGACGGAAGCTTCGTTC,0,4890868
ygfM_xdhD_predicted,0.125,7,7,ATGTATTCCAGCACGCTGTT,0,4864740
ygfM_xdhD_predicted,0.125,7,7,ATGTATGCGGCTTAGCGCGG,0,4877125
ygfM_xdhD_predicted,0.125,7,7,ATGGGAAAGAGGTAGAAGAC,0,4898433
ygfM_xdhD_predicted,0.125,7,7,ATGCGTTTTCAGCGATATGA,0,4899574
ygfM_xdhD_predicted,0.125,7,7,ATGCGTCCGCGAAACAACGG,0,4892922
ygfM_xdhD_predicted,0.125,7,7,ATGCAGTTGGCGATAGGCAA,0,4892325
ygfM_xdhD_predicted,0.125,7,7,ATGAAATATAGCTCGCTTCT,0,4881801
ygfM_xdhD_predicted,0.125,7,7,ATCGGTGGACATGCGGGCCT,0,4878407
ygfM_xdhD_predicted,0.125,7,7,ATCGCTTCGCGGGGGCGCTC,0,4879137
ygfM_xdhD_predicted,0.125,7,7,ATCGCATAATCATATGCGGT,0,4888200
ygfM_xdhD_predicted,0.125,7,7,ATCGAAGTTCGGCCGAGTGT,0,4876873
ygfM_xdhD_predicted,0.125,7,7,ATCCCCACCAAGTATCTATA,0,4877754
ygfM_xdhD_predicted,0.125,7,7,ATCATGTGTATTTTCATTTA,0,4882430
ygfM_xdhD_predicted,0.125,7,7,ATCAGGCTACACAAGCTGAT,0,4889232
ygfM_xdhD_predicted,0.125,7,7,ATCAACTGTACGTAGGGAGC,0,4884509
ygfM_xdhD_predicted,0.125,7,7,ATATTGAGGCGACTCATGTG,0,4897300
ygfM_xdhD_predicted,0.125,7,7,ATATAGCCATGTGTTAATTC,0,4888482
ygfM_xdhD_predicted,0.125,7,7,ATAGGGCGGAGAGGACTTAA,0,4886909
ygfM_xdhD_predicted,0.125,7,7,ATACCTTGCCGCCATTACGC,0,4888998
ygfM_xdhD_predicted,0.125,7,7,ATACAGCAGGGGCCAAAATG,0,4870534
ygfM_xdhD_predicted,0.125,7,7,ATAAATCCGGTCGTGCCACC,0,4870950
ygfM_xdhD_predicted,0.125,7,7,AGTTTCCTGAGTAACGTTAC,0,4889056
ygfM_xdhD_predicted,0.125,7,7,AGTTAGTGAATCATTAGCCC,0,4883318
ygfM_xdhD_predicted,0.125,7,7,AGTGTAATGCTTTAATGGGT,0,4893259
ygfM_xdhD_predicted,0.125,7,7,AGTGCTCAGGGGATATCTTC,0,4878891
ygfM_xdhD_predicted,0.125,7,7,AGTCGTGGGTCCGGGTGGGA,0,4895004
ygfM_xdhD_predicted,0.125,7,7,AGTCCACAACGGCTTAGTCA,0,4876321
ygfM_xdhD_predicted,0.125,7,7,AGTAGTGCACCGTATTTACC,0,4899626
ygfM_xdhD_predicted,0.125,7,7,AGTACAGAAATCTGCGATCG,0,4873500
ygfM_xdhD_predicted,0.125,7,7,AGTAATGAAAGCTATATATT,0,4866612
ygfM_xdhD_predicted,0.125,7,7,AGGTACTCAGCCGAAGCGAG,0,4875863
ygfM_xdhD_predicted,0.125,7,7,AGGTAATCGGTACATATCAC,0,4874380
ygfM_xdhD_predicted,0.125,7,7,AGGGTTCTAGGTCGATTTGT,0,4866611
ygfM_xdhD_predicted,0.125,7,7,AGGGTAGTACGATGACCAGA,0,4877063
ygfM_xdhD_predicted,0.125,7,7,AGGGGGAAGGCTATCTTGCA,0,4872569
ygfM_xdhD_predicted,0.125,7,7,AGGGCAGGAAGCAGGGGGGG,0,4882254
ygfM_xdhD_predicted,0.125,7,7,AGGGAGGAATAGATGTGGTT,0,4867321
ygfM_xdhD_predicted,0.125,7,7,AGGGAGAATGGCTAAGGCTA,0,4865909
ygfM_xdhD_predicted,0.125,7,7,AGGGACCGCAAATGTCTAAC,0,4886800
ygfM_xdhD_predicted,0.125,7,7,AGGGAAGCAAAGGGACGTCA,0,4876870
ygfM_xdhD_predicted,0.125,7,7,AGGCGTGTTGACAGGTTCAG,0,4882645
ygfM_xdhD_predicted,0.125,7,7,AGGCGCCCGTTAAATACGGC,0,4864293
ygfM_xdhD_predicted,0.125,7,7,AGGCATCTACTAACGACCCT,0,4873847
ygfM_xdhD_predicted,0.125,7,7,AGGCAGCAGCCGCTAGATCC,0,4893428
ygfM_xdhD_predicted,0.125,7,7,AGGACCAATTCAGGAGGCAT,0,4866499
ygfM_xdhD_predicted,0.125,7,7,AGCTGTGACAACACGGCCGG,0,4893553
ygfM_xdhD_predicted,0.125,7,7,AGCTCTTCGGGCCATAGTCA,0,4898793
ygfM_xdhD_predicted,0.125,7,7,AGCTCCCGAGTCTTCTTGGC,0,4871254
ygfM_xdhD_predicted,0.125,7,7,AGCTATTCCGAACGTCACGA,0,4899369
ygfM_xdhD_predicted,0.125,7,7,AGCTAAGGGACTCATCAAAA,0,4873618
ygfM_xdhD_predicted,0.125,7,7,AGCACCAACCAGGACCAGAC,0,4897595
ygfM_xdhD_predicted,0.125,7,7,AGCAAGTATTTCTCTAATTG,0,4870330
ygfM_xdhD_predicted,0.125,7,7,AGAGTACGACTTTGAATGGC,0,4870054
ygfM_xdhD_predicted,0.125,7,7,AGAGTAACTAACGGGGGCGA,0,4891226
ygfM_xdhD_predicted,0.125,7,7,AGAGGGCTGATACCTAAAGT,0,4876978
ygfM_xdhD_predicted,0.125,7,7,AGAGAGTCAAAAGGTGTGAC,0,4874697
ygfM_xdhD_predicted,0.125,7,7,AGACTATAGCACGTAAGATG,0,4886704
ygfM_xdhD_predicted,0.125,7,7,AGACGGTCAGCACAGGAGGG,0,4896696
ygfM_xdhD_predicted,0.125,7,7,AGACCGAGCCTACGCCCTCC,0,4892498
ygfM_xdhD_predicted,0.125,7,7,AGACAGAGACTTAACGGTTA,0,4877858
ygfM_xdhD_predicted,0.125,7,7,AGAAATCGTGGCAAGTCCAG,0,4888664
ygfM_xdhD_predicted,0.125,7,7,ACTTGTCCCCGCCACGTCTA,0,4880410
ygfM_xdhD_predicted,0.125,7,7,ACTTACCTTAGTCGCCGCCT,0,4895851
ygfM_xdhD_predicted,0.125,7,7,ACTCTTAGGTATAACGACTG,0,4898185
ygfM_xdhD_predicted,0.125,7,7,ACTCGGATGGGCGCCTATGC,0,4889295
ygfM_xdhD_predicted,0.125,7,7,ACTCCCCTAACCGTCAGGGT,0,4888121
ygfM_xdhD_predicted,0.125,7,7,ACTAAGACCGGTTAAGGCCT,0,4889344
ygfM_xdhD_predicted,0.125,7,7,ACGTTGGGGACGGCAACATG,0,4866621
ygfM_xdhD_predicted,0.125,7,7,ACGTGAGGTACCGGTCTAAG,0,4890094
ygfM_xdhD_predicted,0.125,7,7,ACGGTCACACAACCTCCAAG,0,4875166
ygfM_xdhD_predicted,0.125,7,7,ACGGCCCAACCCCATCAGAC,0,4894940
ygfM_xdhD_predicted,0.125,7,7,ACGGACTCCCCGGGGGCAAA,0,4886134
ygfM_xdhD_predicted,0.125,7,7,ACGCTTAAGTTGTTCGACGT,0,4889200
ygfM_xdhD_predicted,0.125,7,7,ACGCTCTATATTCCGAATTC,0,4886930
ygfM_xdhD_predicted,0.125,7,7,ACGCGCATTCAAGCACTTCG,0,4867650
ygfM_xdhD_predicted,0.125,7,7,ACGCGACGATGTCACGGGCA,0,4874922
ygfM_xdhD_predicted,0.125,7,7,ACGCCAACGAAGCCTACAGC,0,4871581
ygfM_xdhD_predicted,0.125,7,7,ACGAGGTTGTCAGCGGATAA,0,4888611
ygfM_xdhD_predicted,0.125,7,7,ACGAGATCGCGCCAGGTTGT,0,4887403
ygfM_xdhD_predicted,0.125,7,7,ACGAATATAGTGTTATGAGG,0,4883554
ygfM_xdhD_predicted,0.125,7,7,ACGAACAGTGAAAGTTATGA,0,4866522
ygfM_xdhD_predicted,0.125,7,7,ACGAAAAGAATGGGCAAGAT,0,4883332
ygfM_xdhD_predicted,0.125,7,7,ACCTTCGTGCTACAGCTAAG,0,4886397
ygfM_xdhD_predicted,0.125,7,7,ACCTAGAATGACACGGGTCT,0,4869829
ygfM_xdhD_predicted,0.125,7,7,ACCGCGCCGCGGCTTATTCG,0,4865478
ygfM_xdhD_predicted,0.125,7,7,ACCCTAGCGTGCGAATAGCA,0,4867086
ygfM_xdhD_predicted,0.125,7,7,ACCCAGTAACTATGACGAAT,0,4899364
ygfM_xdhD_predicted,0.125,7,7,ACCCACGGGAATTGGGTAAG,0,4878785
ygfM_xdhD_predicted,0.125,7,7,ACCAATCCGCAGATTGTCAG,0,4882339
ygfM_xdhD_predicted,0.125,7,7,ACAGTCGCTACACTGATCAC,0,4864895
ygfM_xdhD_predicted,0.125,7,7,ACACTGGTTTATGAATAATC,0,4889372
ygfM_xdhD_predicted,0.125,7,7,ACACATGGGAGCTTGGAGGG,0,4884722
ygfM_xdhD_predicted,0.125,7,7,ACAATCTCTCGGCACGTTCA,0,4881134
ygfM_xdhD_predicted,0.125,7,7,ACAAGCACCCCTGGTTGGCA,0,4895768
ygfM_xdhD_predicted,0.125,7,7,ACAAGATTGGGGCCGGAGGT,0,4864051
ygfM_xdhD_predicted,0.125,7,7,ACAAACGAACGCTGCTGCCA,0,4876721
ygfM_xdhD_predicted,0.125,7,7,AATTTTAAGGGGTGTTTGGA,0,4889673
ygfM_xdhD_predicted,0.125,7,7,AATTTAAAACTTTAAGTTAC,0,4887655
ygfM_xdhD_predicted,0.125,7,7,AATTGCACATTGGGCGAAGA,0,4882205
ygfM_xdhD_predicted,0.125,7,7,AATTGACATTCGAGTGAATG,0,4895623
ygfM_xdhD_predicted,0.125,7,7,AATTCCACGAGTATGGCTGG,0,4884967
ygfM_xdhD_predicted,0.125,7,7,AATTATACAGAAGACCGCTC,0,4885172
ygfM_xdhD_predicted,0.125,7,7,AATGCTTCCCGTGACCCACA,0,4883374
ygfM_xdhD_predicted,0.125,7,7,AAGTAGGCACAGATGGTTCG,0,4894864
ygfM_xdhD_predicted,0.125,7,7,AAGGCCGCCTGGGGTAGGGC,0,4867353
ygfM_xdhD_predicted,0.125,7,7,AAGGAGATGTTGGCTCAGAT,0,4879631
ygfM_xdhD_predicted,0.125,7,7,AAGCGTATGGGCGTCGTGAC,0,4870615
ygfM_xdhD_predicted,0.125,7,7,AAGCCCATGCGGTCTGGTCT,0,4873640
ygfM_xdhD_predicted,0.125,7,7,AAGATGATCTCTGACAACGT,0,4893703
ygfM_xdhD_predicted,0.125,7,7,AAGAGCATTTAACAGACGAT,0,4869921
ygfM_xdhD_predicted,0.125,7,7,AAGAGAGTTGGGGCGTCCCA,0,4882752
ygfM_xdhD_predicted,0.125,7,7,AAGAAAACTCTGTTGCCTAG,0,4877815
ygfM_xdhD_predicted,0.125,7,7,AACTTTCGCTTTAGAGGTTC,0,4873809
ygfM_xdhD_predicted,0.125,7,7,AACTCCTGACTGGTCTTTCC,0,4896682
ygfM_xdhD_predicted,0.125,7,7,AACGCGCTAATCCCGGATTC,0,4892939
ygfM_xdhD_predicted,0.125,7,7,AACCTCGACTACCAACCCTG,0,4880151
ygfM_xdhD_predicted,0.125,7,7,AACCGCTCCAGCGTACCGGC,0,4885986
ygfM_xdhD_predicted,0.125,7,7,AACATGCTCCGAAAACCGAT,0,4877641
ygfM_xdhD_predicted,0.125,7,7,AACACGCGCATCCACCGTGG,0,4893205
ygfM_xdhD_predicted,0.125,7,7,AACAACGAAACTCAGTACAT,0,4875377
ygfM_xdhD_predicted,0.125,7,7,AAATTGGATCTCGACACGTG,0,4887396
ygfM_xdhD_predicted,0.125,7,7,AAATTAGAGGTGTAAGCTTC,0,4887619
ygfM_xdhD_predicted,0.125,7,7,AAATGGTTAGACTGACTCGT,0,4892244
ygfM_xdhD_predicted,0.125,7,7,AAATAGTTGCGCACTCCCGC,0,4889588
ygfM_xdhD_predicted,0.125,7,7,AAAGTTAGAGGTTTTATCGG,0,4898268
ygfM_xdhD_predicted,0.125,7,7,AAAGTGTGTCCAGGGTTGCT,0,4895229
ygfM_xdhD_predicted,0.125,7,7,AAAGGGCTGCTATCATTCGG,0,4896390
ygfM_xdhD_predicted,0.125,7,7,AAAGAGATTCTGGCGGCCCG,0,4881439
ygfM_xdhD_predicted,0.125,7,7,AAACCACGACGTGGTTTAAT,0,4867388
ygfM_xdhD_predicted,0.14285714285714285,6,6,TTTTTCCAGTGACGTTCAGA,0,4894893
ygfM_xdhD_predicted,0.14285714285714285,6,6,TTTTTAGGAGTGTCGGACAC,0,4872888
ygfM_xdhD_predicted,0.14285714285714285,6,6,TTTTGGGTGCAGGTCCCAGT,0,4891853
ygfM_xdhD_predicted,0.14285714285714285,6,6,TTTTACACGGGAATAACCAG,0,4889841
ygfM_xdhD_predicted,0.14285714285714285,6,6,TTTCAGCGGGTGAATTCAGT,0,4865523
ygfM_xdhD_predicted,0.14285714285714285,6,6,TTTACCTACGTAGTCGGAAC,0,4878867
ygfM_xdhD_predicted,0.14285714285714285,6,6,TTGTTTCCAGGTGACATTAT,0,4880472
ygfM_xdhD_predicted,0.14285714285714285,6,6,TTGTCAGCGGAGACGAATAT,0,4887384
ygfM_xdhD_predicted,0.14285714285714285,6,6,TTGGGAAGTCCATCCGCGAT,0,4885507
ygfM_xdhD_predicted,0.14285714285714285,6,6,TTGCCGAACTGGATTAAGAA,0,4885002
ygfM_xdhD_predicted,0.14285714285714285,6,6,TTGATAGCACGAAGGCCATG,0,4870374
ygfM_xdhD_predicted,0.14285714285714285,6,6,TTCTTTGATCCAACAGTGCG,0,4882297
ygfM_xdhD_predicted,0.14285714285714285,6,6,TTCTTGACAGGTCCAGGGAC,0,4884435
ygfM_xdhD_predicted,0.14285714285714285,6,6,TTCTGAGTTGGTTTTAGTCC,0,4895077
ygfM_xdhD_predicted,0.14285714285714285,6,6,TTCTCGGCTTTGTAGAGCGA,0,4875201
ygfM_xdhD_predicted,0.14285714285714285,6,6,TTCGATAAAAAGCCAAGCAT,0,4868291
ygfM_xdhD_predicted,0.14285714285714285,6,6,TTCCGGTTCAAACTAATGTC,0,4873854
ygfM_xdhD_predicted,0.14285714285714285,6,6,TTCCGGACCTTCTCGGCTGC,0,4868103
ygfM_xdhD_predicted,0.14285714285714285,6,6,TTCCCTAACAATTGATCGGT,0,4885702
ygfM_xdhD_predicted,0.14285714285714285,6,6,TTCATTGGTACTAAAGGGAT,0,4891036
ygfM_xdhD_predicted,0.14285714285714285,6,6,TTCATGCCACGGGAGTACTA,0,4882988
ygfM_xdhD_predicted,0.14285714285714285,6,6,TTCAATACCCCCCCGTCGTC,0,4867359
ygfM_xdhD_predicted,0.14285714285714285,6,6,TTATGCGAACCGGTCACTGG,0,4898398
ygfM_xdhD_predicted,0.14285714285714285,6,6,TTAGCGCGTGGCGAAAGCCG,0,4866681
ygfM_xdhD_predicted,0.14285714285714285,6,6,TTACAACTATGGCCTCGATA,0,4893329
ygfM_xdhD_predicted,0.14285714285714285,6,6,TTAAGCATTCCAGTCTGATA,0,4878917
ygfM_xdhD_predicted,0.14285714285714285,6,6,TTAAGATCCTCCCCTCCACT,0,4885539
ygfM_xdhD_predicted,0.14285714285714285,6,6,TTAAAACAAGTTTGTGATGG,0,4888911
ygfM_xdhD_predicted,0.14285714285714285,6,6,TGTTGAATTATAAATTGATG,0,4895756
ygfM_xdhD_predicted,0.14285714285714285,6,6,TGTTAAGTAACAGGCTCGGG,0,4875979
ygfM_xdhD_predicted,0.14285714285714285,6,6,TGTCGCTTCACCATAATATG,0,4877464
ygfM_xdhD_predicted,0.14285714285714285,6,6,TGTCGATGGTCGTTGCAATG,0,4874294
ygfM_xdhD_predicted,0.14285714285714285,6,6,TGTCCAAACACGATACTCAG,0,4879018
ygfM_xdhD_predicted,0.14285714285714285,6,6,TGTAGAGTGTCCACTACAAG,0,4882446
ygfM_xdhD_predicted,0.14285714285714285,6,6,TGTACCCAAACCCGCTAGGC,0,4884885
ygfM_xdhD_predicted,0.14285714285714285,6,6,TGGGCCTTTACGGAATGAGT,0,4867705
ygfM_xdhD_predicted,0.14285714285714285,6,6,TGGCCGTGACAAGAGTCTAA,0,4880514
ygfM_xdhD_predicted,0.14285714285714285,6,6,TGGCCATCAGGCCAGCCCTG,0,4894821
ygfM_xdhD_predicted,0.14285714285714285,6,6,TGGCAGGGGTAGTTGGTGAA,0,4893079
ygfM_xdhD_predicted,0.14285714285714285,6,6,TGGCACCGGGAGGGATGAGT,0,4895826
ygfM_xdhD_predicted,0.14285714285714285,6,6,TGGCACCCATATGTCAAACT,0,4891540
ygfM_xdhD_predicted,0.14285714285714285,6,6,TGGATAAACGAAACCATCCT,0,4883214
ygfM_xdhD_predicted,0.14285714285714285,6,6,TGCTCTGCAGCCACTTGACC,0,4892304
ygfM_xdhD_predicted,0.14285714285714285,6,6,TGCTATTGGGAATGCCTGGT,0,4867847
ygfM_xdhD_predicted,0.14285714285714285,6,6,TGCTAGTGAACTTCAACGGA,0,4868602
ygfM_xdhD_predicted,0.14285714285714285,6,6,TGCGGCGGGAAGCGGCAGTA,0,4872169
ygfM_xdhD_predicted,0.14285714285714285,6,6,TGCGGAGTGGTTAAATTCAG,0,4884478
ygfM_xdhD_predicted,0.14285714285714285,6,6,TGCGCGGCGTACGGTAACCC,0,4894336
ygfM_xdhD_predicted,0.14285714285714285,6,6,TGCCTGAACCTCGTTAAAGC,0,4864587
ygfM_xdhD_predicted,0.14285714285714285,6,6,TGCCCTTCGACGACCTACTT,0,4889846
ygfM_xdhD_predicted,0.14285714285714285,6,6,TGCCCCTGGGTCGCCTCGTC,0,4897963
ygfM_xdhD_predicted,0.14285714285714285,6,6,TGCATCGCGGGTTCTAGCCT,0,4874159
ygfM_xdhD_predicted,0.14285714285714285,6,6,TGCAGGTACCTACACTAGAT,0,4879416
ygfM_xdhD_predicted,0.14285714285714285,6,6,TGCAGGCATGCTTGTCGTTT,0,4886638
ygfM_xdhD_predicted,0.14285714285714285,6,6,TGATTAATATCTAGCCTCTC,0,4865122
ygfM_xdhD_predicted,0.14285714285714285,6,6,TGATGACTTCCTTCTCCCGC,0,4886335
ygfM_xdhD_predicted,0.14285714285714285,6,6,TGATGAACGGCTTGAACCAG,0,4864580
ygfM_xdhD_predicted,0.14285714285714285,6,6,TGACCTGTCGGTACGTATGT,0,4883153
ygfM_xdhD_predicted,0.14285714285714285,6,6,TGAAGCGAAGCCGTTGACAG,0,4875007
ygfM_xdhD_predicted,0.14285714285714285,6,6,TCTTTGGAGGCCCGAGACTA,0,4875097
ygfM_xdhD_predicted,0.14285714285714285,6,6,TCTGTTCCTCAGGAAACGCC,0,4880072
ygfM_xdhD_predicted,0.14285714285714285,6,6,TCTGGCTTATGTTTCGCGGT,0,4890580
ygfM_xdhD_predicted,0.14285714285714285,6,6,TCTGCAACAAGATATGCTCT,0,4892983
ygfM_xdhD_predicted,0.14285714285714285,6,6,TCTGACGATCATGTATGGGT,0,4891992
ygfM_xdhD_predicted,0.14285714285714285,6,6,TCTCTTGACAGTGTCTACGC,0,4891543
ygfM_xdhD_predicted,0.14285714285714285,6,6,TCTCTGTGCAGAAAGGTCTT,0,4882171
ygfM_xdhD_predicted,0.14285714285714285,6,6,TCTCGGGTAGTAGCGCTACA,0,4868553
ygfM_xdhD_predicted,0.14285714285714285,6,6,TCTCGGCATTGACTACTCGT,0,4880977
ygfM_xdhD_predicted,0.14285714285714285,6,6,TCTCCTATGCTATTCTTTCC,0,4879924
ygfM_xdhD_predicted,0.14285714285714285,6,6,TCTCAGCCGGTACGGGGTAA,0,4885224
ygfM_xdhD_predicted,0.14285714285714285,6,6,TCTATGAGCCCCGTTAGGTA,0,4864427
ygfM_xdhD_predicted,0.14285714285714285,6,6,TCTATCTTTGTATTTGACCC,0,4884537
ygfM_xdhD_predicted,0.14285714285714285,6,6,TCTAGTAAATGACCACACAC,0,4876649
ygfM_xdhD_predicted,0.14285714285714285,6,6,TCGTGCTGGAACACCTAATT,0,4884334
ygfM_xdhD_predicted,0.14285714285714285,6,6,TCGTCAGGAATGGGCTCCGG,0,4866271
ygfM_xdhD_predicted,0.14285714285714285,6,6,TCGGGGGCTCGTGCATCGCA,0,4897801
ygfM_xdhD_predicted,0.14285714285714285,6,6,TCGGGGATTACGTTGAAGAA,0,4873126
ygfM_xdhD_predicted,0.14285714285714285,6,6,TCGCGGGGATGCATCTAAAA,0,4895130
ygfM_xdhD_predicted,0.14285714285714285,6,6,TCGCGGGCTGGAAATCAGCA,0,4865095
ygfM_xdhD_predicted,0.14285714285714285,6,6,TCGCGGGACATAGCGTGGAG,0,4878155
ygfM_xdhD_predicted,0.14285714285714285,6,6,TCGCCGGTTGGCACTCTTCA,0,4864442
ygfM_xdhD_predicted,0.14285714285714285,6,6,TCGCACCTCTAGGCTCAGAT,0,4873662
ygfM_xdhD_predicted,0.14285714285714285,6,6,TCGATTCTAAGTCCCTGTTG,0,4884281
ygfM_xdhD_predicted,0.14285714285714285,6,6,TCGAGTAGGGTGTACACATT,0,4891376
ygfM_xdhD_predicted,0.14285714285714285,6,6,TCGAGAGACGCTCGTATGAG,0,4874299
ygfM_xdhD_predicted,0.14285714285714285,6,6,TCGACTATGGGCAGTGACGT,0,4867853
ygfM_xdhD_predicted,0.14285714285714285,6,6,TCCTGATCCTTATTTCATAT,0,4864569
ygfM_xdhD_predicted,0.14285714285714285,6,6,TCCTCGTGGCTTTAGGCGTC,0,4867425
ygfM_xdhD_predicted,0.14285714285714285,6,6,TCCGGGTGAACATTGGCGGA,0,4881845
ygfM_xdhD_predicted,0.14285714285714285,6,6,TCCCTGCGGCCAGACACAGC,0,4872210
ygfM_xdhD_predicted,0.14285714285714285,6,6,TCCCCAAATAATTATGCACC,0,4864771
ygfM_xdhD_predicted,0.14285714285714285,6,6,TCCACTGACAACTGGGATAA,0,4876833
ygfM_xdhD_predicted,0.14285714285714285,6,6,TCATGCCTGTAGCGTTCATT,0,4895899
ygfM_xdhD_predicted,0.14285714285714285,6,6,TCATATCGCTTCAGTTACTA,0,4866140
ygfM_xdhD_predicted,0.14285714285714285,6,6,TCAGGGTTGTCTAAAGACCA,0,4867941
ygfM_xdhD_predicted,0.14285714285714285,6,6,TCACGACAGTGTACGGCGAC,0,4895038
ygfM_xdhD_predicted,0.14285714285714285,6,6,TCACCTGAATGGGGTTCAAG,0,4896062
ygfM_xdhD_predicted,0.14285714285714285,6,6,TCACCAAATCTCCAGCGAAA,0,4885474
ygfM_xdhD_predicted,0.14285714285714285,6,6,TCAATTGATACGATGGTTAA,0,4896080
ygfM_xdhD_predicted,0.14285714285714285,6,6,TCAAGCCATAGTTTCTGGGG,0,4893484
ygfM_xdhD_predicted,0.14285714285714285,6,6,TCAACGTTTGAGGTTCCTAG,0,4879235
ygfM_xdhD_predicted,0.14285714285714285,6,6,TATTTTCCCCACCAATCCAA,0,4898669
ygfM_xdhD_predicted,0.14285714285714285,6,6,TATTGCGATCCTGATGTCGC,0,4890778
ygfM_xdhD_predicted,0.14285714285714285,6,6,TATTAACCTGGCGTAGTGCG,0,4882794
ygfM_xdhD_predicted,0.14285714285714285,6,6,TATGTGCATAGCGATTTGAC,0,4876668
ygfM_xdhD_predicted,0.14285714285714285,6,6,TATCCTGCCTTTGTGTTTTA,0,4896181
ygfM_xdhD_predicted,0.14285714285714285,6,6,TATCATTGCTAAGGGCGAAG,0,4890427
ygfM_xdhD_predicted,0.14285714285714285,6,6,TATCATCGACCGCAGTTGAG,0,4879644
ygfM_xdhD_predicted,0.14285714285714285,6,6,TATAATATCAACGGTCAATC,0,4878311
ygfM_xdhD_predicted,0.14285714285714285,6,6,TAGGGACAACTTAGACAAAA,0,4889675
ygfM_xdhD_predicted,0.14285714285714285,6,6,TAGGCGACAGGGGGCTGTAA,0,4889521
ygfM_xdhD_predicted,0.14285714285714285,6,6,TAGGACATGCGGAGACCCGA,0,4880994
ygfM_xdhD_predicted,0.14285714285714285,6,6,TAGGAATTGGGGTGTTAGTC,0,4892743
ygfM_xdhD_predicted,0.14285714285714285,6,6,TAGATGTCCGGGATGCCCGG,0,4889199
ygfM_xdhD_predicted,0.14285714285714285,6,6,TAGATATGGTCTGCCGACGC,0,4867441
ygfM_xdhD_predicted,0.14285714285714285,6,6,TAGAACCGAACCGCGCACCT,0,4891094
ygfM_xdhD_predicted,0.14285714285714285,6,6,TACTCAGAACTTAGGTGAAG,0,4874837
ygfM_xdhD_predicted,0.14285714285714285,6,6,TACTATTAATAGAGTGGATG,0,4867427
ygfM_xdhD_predicted,0.14285714285714285,6,6,TACTACGGCAAGCATCGTGG,0,4890436
ygfM_xdhD_predicted,0.14285714285714285,6,6,TACGTGTTGCGACAACTGAC,0,4895781
ygfM_xdhD_predicted,0.14285714285714285,6,6,TACGTGCAGGAGTCGCAAGA,0,4875599
ygfM_xdhD_predicted,0.14285714285714285,6,6,TACCGAGGCGGTATAGATGC,0,4875695
ygfM_xdhD_predicted,0.14285714285714285,6,6,TACCCAAGCGCGTATTATGT,0,4898827
ygfM_xdhD_predicted,0.14285714285714285,6,6,TACCAGTCAATTTTTACGCG,0,4884775
ygfM_xdhD_predicted,0.14285714285714285,6,6,TACATTGGTGTTGAACTGCT,0,4876199
ygfM_xdhD_predicted,0.14285714285714285,6,6,TACAATACTCTCCAACGTGT,0,4888393
ygfM_xdhD_predicted,0.14285714285714285,6,6,TACAAGTGTCGTTGGGGTTT,0,4874106
ygfM_xdhD_predicted,0.14285714285714285,6,6,TAATTTTTTCGGCTCCGGCC,0,4882365
ygfM_xdhD_predicted,0.14285714285714285,6,6,TAATGGTATCCGTTCCGTCA,0,4874449
ygfM_xdhD_predicted,0.14285714285714285,6,6,TAATGAGAAGGAGGGCGAAA,0,4893914
ygfM_xdhD_predicted,0.14285714285714285,6,6,TAATACGTTAAAAACGCTTA,0,4868421
ygfM_xdhD_predicted,0.14285714285714285,6,6,TAATACGGAGGGTGAGTGCT,0,4894983
ygfM_xdhD_predicted,0.14285714285714285,6,6,TAAGTGCTCTAAAGGGGGGG,0,4884914
ygfM_xdhD_predicted,0.14285714285714285,6,6,TAAGTATCGAGCAGATAATG,0,4871890
ygfM_xdhD_predicted,0.14285714285714285,6,6,TAAGTAACTATGACGTCTCA,0,4867326
ygfM_xdhD_predicted,0.14285714285714285,6,6,TAACCTTGCGCAAAAACGTT,0,4880128
ygfM_xdhD_predicted,0.14285714285714285,6,6,TAAAGCAAAGTCGATTGGGG,0,4863878
ygfM_xdhD_predicted,0.14285714285714285,6,6,TAAAGACTTAGTGTGATACT,0,4877575
ygfM_xdhD_predicted,0.14285714285714285,6,6,TAAACGAGCACGGGAGCATG,0,4868264
ygfM_xdhD_predicted,0.14285714285714285,6,6,TAAAAGAATCACAACTTTTT,0,4891637
ygfM_xdhD_predicted,0.14285714285714285,6,6,TAAAACCCACTTTACGTGCT,0,4865521
ygfM_xdhD_predicted,0.14285714285714285,6,6,GTTGCCTTTAAGTATTCAAA,0,4866060
ygfM_xdhD_predicted,0.14285714285714285,6,6,GTTCGGGTTGACAGGCTGGT,0,4895446
ygfM_xdhD_predicted,0.14285714285714285,6,6,GTTCGCATAATGCCGAATGG,0,4888124
ygfM_xdhD_predicted,0.14285714285714285,6,6,GTTATGTGTAGTGGCGTAGC,0,4894637
ygfM_xdhD_predicted,0.14285714285714285,6,6,GTTATGCATACCATCGTTAT,0,4870343
ygfM_xdhD_predicted,0.14285714285714285,6,6,GTTAGTGTAAATCCACTGGT,0,4864612
ygfM_xdhD_predicted,0.14285714285714285,6,6,GTGTTCATTTGGCACGCTAG,0,4882304
ygfM_xdhD_predicted,0.14285714285714285,6,6,GTGTTATTCACCGTCTACAG,0,4879911
ygfM_xdhD_predicted,0.14285714285714285,6,6,GTGTCTGAAAGTGCATGGGA,0,4897115
ygfM_xdhD_predicted,0.14285714285714285,6,6,GTGTCTAGTTGGGCCATCTC,0,4880101
ygfM_xdhD_predicted,0.14285714285714285,6,6,GTGTCACAGTTCATTTGCAA,0,4869157
ygfM_xdhD_predicted,0.14285714285714285,6,6,GTGTAGCCGTGGCCAGTACG,0,4874676
ygfM_xdhD_predicted,0.14285714285714285,6,6,GTGGTACTAGGGATGTGTGT,0,4873049
ygfM_xdhD_predicted,0.14285714285714285,6,6,GTGGCTGGGTTAACCTGCAG,0,4876106
ygfM_xdhD_predicted,0.14285714285714285,6,6,GTGGAAAGTCAGACCGAAAG,0,4889111
ygfM_xdhD_predicted,0.14285714285714285,6,6,GTGCACACGAGACTAGGGGC,0,4884805
ygfM_xdhD_predicted,0.14285714285714285,6,6,GTGCACAAAGACATATAATC,0,4897393
ygfM_xdhD_predicted,0.14285714285714285,6,6,GTGATTGTATACGGTACATA,0,4883132
ygfM_xdhD_predicted,0.14285714285714285,6,6,GTGATAGAAGCACGATCAGA,0,4888490
ygfM_xdhD_predicted,0.14285714285714285,6,6,GTGAGTTAGTTTCCTAGGAC,0,4898575
ygfM_xdhD_predicted,0.14285714285714285,6,6,GTGACGATCCCTATATCGAC,0,4875824
ygfM_xdhD_predicted,0.14285714285714285,6,6,GTGAAACCAGTTGCGCTGGC,0,4895236
ygfM_xdhD_predicted,0.14285714285714285,6,6,GTCTTCGGCATTCGTGAGGC,0,4884477
ygfM_xdhD_predicted,0.14285714285714285,6,6,GTCTGGAGGCATCGGACAAA,0,4897192
ygfM_xdhD_predicted,0.14285714285714285,6,6,GTCGTAGCGCCTCATGGGTT,0,4899178
ygfM_xdhD_predicted,0.14285714285714285,6,6,GTCGGGTGTACGGACTGTCA,0,4885642
ygfM_xdhD_predicted,0.14285714285714285,6,6,GTCGCAATTCTTCGTCTAAG,0,4889017
ygfM_xdhD_predicted,0.14285714285714285,6,6,GTCCACTGCTCTTGAAATTC,0,4875174
ygfM_xdhD_predicted,0.14285714285714285,6,6,GTCATTCACCGATTGGGATT,0,4899019
ygfM_xdhD_predicted,0.14285714285714285,6,6,GTCATTACCGAGGTGAGCCA,0,4866850
ygfM_xdhD_predicted,0.14285714285714285,6,6,GTCATGGGAACCGCGCATTG,0,4877177
ygfM_xdhD_predicted,0.14285714285714285,6,6,GTCAATACGGGGTTCCAGCG,0,4896173
ygfM_xdhD_predicted,0.14285714285714285,6,6,GTATTGAGCTCACCACGTAC,0,4866293
ygfM_xdhD_predicted,0.14285714285714285,6,6,GTATGGCATAGCTCGGAACA,0,4880405
ygfM_xdhD_predicted,0.14285714285714285,6,6,GTATGGCAGTCACGGGACCA,0,4880053
ygfM_xdhD_predicted,0.14285714285714285,6,6,GTAGGGCCACAATCTCATTG,0,4884836
ygfM_xdhD_predicted,0.14285714285714285,6,6,GTAGCCAGATATTTAGGCGA,0,4867132
ygfM_xdhD_predicted,0.14285714285714285,6,6,GTACTGGCGAATTGCGCGGC,0,4883938
ygfM_xdhD_predicted,0.14285714285714285,6,6,GTACTACCCCACCAGGGATT,0,4870177
ygfM_xdhD_predicted,0.14285714285714285,6,6,GTACCGCGCATCCACGCAAC,0,4889809
ygfM_xdhD_predicted,0.14285714285714285,6,6,GTACCGATATGACAATCGCG,0,4874782
ygfM_xdhD_predicted,0.14285714285714285,6,6,GTAAAGTGGGTGTACAGTTA,0,4895351
ygfM_xdhD_predicted,0.14285714285714285,6,6,GTAAACTGTTGTAGTTGGTT,0,4874857
ygfM_xdhD_predicted,0.14285714285714285,6,6,GTAAACGTTGCAACGTAAAT,0,4878446
ygfM_xdhD_predicted,0.14285714285714285,6,6,GGTTTGCAATGCTCAACCCA,0,4883363
ygfM_xdhD_predicted,0.14285714285714285,6,6,GGTTTAAAAGGAAATACTGC,0,4864856
ygfM_xdhD_predicted,0.14285714285714285,6,6,GGTTGCACTCTAGCACTGCA,0,4891096
ygfM_xdhD_predicted,0.14285714285714285,6,6,GGTGTGCAGCCAATCTGTAC,0,4876991
ygfM_xdhD_predicted,0.14285714285714285,6,6,GGTGGTACTCAGTCGTGTCA,0,4899375
ygfM_xdhD_predicted,0.14285714285714285,6,6,GGTGCCTGGATGTAGGATTG,0,4879394
ygfM_xdhD_predicted,0.14285714285714285,6,6,GGTCTCCCTTTCTCGTTCCG,0,4880375
ygfM_xdhD_predicted,0.14285714285714285,6,6,GGTCGACGCCATATTCTCCA,0,4895828
ygfM_xdhD_predicted,0.14285714285714285,6,6,GGTCAGTGGAATAGAGTATA,0,4886742
ygfM_xdhD_predicted,0.14285714285714285,6,6,GGTCACCATTCTCTGTGCTC,0,4886340
ygfM_xdhD_predicted,0.14285714285714285,6,6,GGTATACGGTCAGTGGCAGT,0,4867591
ygfM_xdhD_predicted,0.14285714285714285,6,6,GGTACGGTGTGAGTATACGA,0,4883764
ygfM_xdhD_predicted,0.14285714285714285,6,6,GGTAAGATTAAGTACACATC,0,4886657
ygfM_xdhD_predicted,0.14285714285714285,6,6,GGGTTGAATTCCTTGCAAAA,0,4897969
ygfM_xdhD_predicted,0.14285714285714285,6,6,GGGTGGAATAATTACTTTTG,0,4879259
ygfM_xdhD_predicted,0.14285714285714285,6,6,GGGTCCTCTCGCTTAACAAC,0,4877740
ygfM_xdhD_predicted,0.14285714285714285,6,6,GGGTACGGTCCTTGTCGGAA,0,4889436
ygfM_xdhD_predicted,0.14285714285714285,6,6,GGGTAAGGGTCAACCTTGCA,0,4871404
ygfM_xdhD_predicted,0.14285714285714285,6,6,GGGGCTTGTAAACCTAATCT,0,4877819
ygfM_xdhD_predicted,0.14285714285714285,6,6,GGGGCTGACTGATGGAAGGC,0,4884051
ygfM_xdhD_predicted,0.14285714285714285,6,6,GGGGACGCTGGTCGGTCTCG,0,4882469
ygfM_xdhD_predicted,0.14285714285714285,6,6,GGGGACATGGCCTTGTTGTG,0,4880628
ygfM_xdhD_predicted,0.14285714285714285,6,6,GGGCCTGATGTCGGCTCGTA,0,4867283
ygfM_xdhD_predicted,0.14285714285714285,6,6,GGGCCACTCGCGTGTACGCT,0,4890548
ygfM_xdhD_predicted,0.14285714285714285,6,6,GGGATTCTACCCAATTGGTA,0,4883492
ygfM_xdhD_predicted,0.14285714285714285,6,6,GGGATTCGCGAGCTCTGTCA,0,4873128
ygfM_xdhD_predicted,0.14285714285714285,6,6,GGGATATTATACTTTGGTAC,0,4864096
ygfM_xdhD_predicted,0.14285714285714285,6,6,GGGAGTGGAGCCGGGATCAC,0,4898003
ygfM_xdhD_predicted,0.14285714285714285,6,6,GGGAGGCCACCCGACCGAGT,0,4877276
ygfM_xdhD_predicted,0.14285714285714285,6,6,GGGACTTATTCGGACAGCTG,0,4871054
ygfM_xdhD_predicted,0.14285714285714285,6,6,GGGACATTGTGAGAGTCCTT,0,4878949
ygfM_xdhD_predicted,0.14285714285714285,6,6,GGCGGGCTCATGCGCTACCA,0,4878186
ygfM_xdhD_predicted,0.14285714285714285,6,6,GGCGACAACCTTACCGTGAG,0,4864178
ygfM_xdhD_predicted,0.14285714285714285,6,6,GGCCCCAGGGTTTTTAGCGC,0,4867241
ygfM_xdhD_predicted,0.14285714285714285,6,6,GGCACTGCATTCGCGACATT,0,4896308
ygfM_xdhD_predicted,0.14285714285714285,6,6,GGCACCAACCTACTGTGGCG,0,4867961
ygfM_xdhD_predicted,0.14285714285714285,6,6,GGCACATTATCTTCTTCCAC,0,4881708
ygfM_xdhD_predicted,0.14285714285714285,6,6,GGATTTGGAAAATGTCAAAT,0,4880074
ygfM_xdhD_predicted,0.14285714285714285,6,6,GGAGATCTTTGGTCCATCGT,0,4864536
ygfM_xdhD_predicted,0.14285714285714285,6,6,GGACCAGGTTTATCAAATGG,0,4893741
ygfM_xdhD_predicted,0.14285714285714285,6,6,GGACAGCTAGACTGCGGTTT,0,4883757
ygfM_xdhD_predicted,0.14285714285714285,6,6,GGAATCCGAGACCTGGTAAA,0,4892847
ygfM_xdhD_predicted,0.14285714285714285,6,6,GGAACGCCAGGAGCCCGATA,0,4875498
ygfM_xdhD_predicted,0.14285714285714285,6,6,GGAACACTAGCGCTGCGGTA,0,4892891
ygfM_xdhD_predicted,0.14285714285714285,6,6,GCTTACACCACACACATTGA,0,4871948
ygfM_xdhD_predicted,0.14285714285714285,6,6,GCTTAAGTTTCGCTATTCCC,0,4875354
ygfM_xdhD_predicted,0.14285714285714285,6,6,GCTGGGAATTCATAAAGCTA,0,4898966
ygfM_xdhD_predicted,0.14285714285714285,6,6,GCTGACAGGTTTAAGTACAA,0,4873853
ygfM_xdhD_predicted,0.14285714285714285,6,6,GCTCGTTCAGCCACTTCGGA,0,4895025
ygfM_xdhD_predicted,0.14285714285714285,6,6,GCTCGTCGCATGCAGCGTTC,0,4865286
ygfM_xdhD_predicted,0.14285714285714285,6,6,GCTAGGTAACGAATATAGGC,0,4893175
ygfM_xdhD_predicted,0.14285714285714285,6,6,GCTAGCTGGGCGGCGAAGAA,0,4878640
ygfM_xdhD_predicted,0.14285714285714285,6,6,GCTACGACCTTGAACTCCTC,0,4876916
ygfM_xdhD_predicted,0.14285714285714285,6,6,GCGTTGGTCCGTCCTTGAAA,0,4891624
ygfM_xdhD_predicted,0.14285714285714285,6,6,GCGTATAGTTTGCTAGCGAA,0,4870061
ygfM_xdhD_predicted,0.14285714285714285,6,6,GCGGGCCGCGCTACCAAGAG,0,4875984
ygfM_xdhD_predicted,0.14285714285714285,6,6,GCGGCACAAGGCTCCTTCCG,0,4875499
ygfM_xdhD_predicted,0.14285714285714285,6,6,GCGGATCGGCCAGCGGGATA,0,4882652
ygfM_xdhD_predicted,0.14285714285714285,6,6,GCGGACCAAGTCGAAGTGTC,0,4898481
ygfM_xdhD_predicted,0.14285714285714285,6,6,GCGCTGTCAGTGTTCGTAGA,0,4870358
ygfM_xdhD_predicted,0.14285714285714285,6,6,GCGCGGGACAGGAATAAAGA,0,4888783
ygfM_xdhD_predicted,0.14285714285714285,6,6,GCGCACCTATTCAATCTAGT,0,4872430
ygfM_xdhD_predicted,0.14285714285714285,6,6,GCCTGGATTATACCATATGA,0,4884947
ygfM_xdhD_predicted,0.14285714285714285,6,6,GCCGGCGTTTGGAGCACCAA,0,4879007
ygfM_xdhD_predicted,0.14285714285714285,6,6,GCCCGCTTGCTGTTACAACA,0,4870320
ygfM_xdhD_predicted,0.14285714285714285,6,6,GCCCCTAGGTAGGTTAGTGT,0,4874064
ygfM_xdhD_predicted,0.14285714285714285,6,6,GCCAGAGCAGCCATAGAACG,0,4898955
ygfM_xdhD_predicted,0.14285714285714285,6,6,GCCACTCATCTCTTTACAAG,0,4883897
ygfM_xdhD_predicted,0.14285714285714285,6,6,GCCAAGACGCCCATGATGGT,0,4890275
ygfM_xdhD_predicted,0.14285714285714285,6,6,GCCAAGAACGTTAGCTATAC,0,4888961
ygfM_xdhD_predicted,0.14285714285714285,6,6,GCATGTCCGATAAACGCAAT,0,4868475
ygfM_xdhD_predicted,0.14285714285714285,6,6,GCATATAGGCCAAGGAGTTG,0,4865921
ygfM_xdhD_predicted,0.14285714285714285,6,6,GCATAAGTCTGACCGCACAC,0,4889294
ygfM_xdhD_predicted,0.14285714285714285,6,6,GCAGCTGTAGCCGCCTCCTT,0,4893356
ygfM_xdhD_predicted,0.14285714285714285,6,6,GCACGTCAAACTCATTGTGC,0,4872158
ygfM_xdhD_predicted,0.14285714285714285,6,6,GCAACTATCAGGAATTAGTT,0,4890635
ygfM_xdhD_predicted,0.14285714285714285,6,6,GCAACCCAAGTACCTATACG,0,4884812
ygfM_xdhD_predicted,0.14285714285714285,6,6,GATTTGACGGGATGAGTAAG,0,4870222
ygfM_xdhD_predicted,0.14285714285714285,6,6,GATTGGTAATACTTCTGATG,0,4895854
ygfM_xdhD_predicted,0.14285714285714285,6,6,GATTCCTTGTAGAGCCTACA,0,4898752
ygfM_xdhD_predicted,0.14285714285714285,6,6,GATTACTGCCTTGAAGCTTC,0,4899061
ygfM_xdhD_predicted,0.14285714285714285,6,6,GATTACCCCGCGTTATGGAC,0,4872163
ygfM_xdhD_predicted,0.14285714285714285,6,6,GATGCTCCTAACCTAATCTC,0,4888399
ygfM_xdhD_predicted,0.14285714285714285,6,6,GATCTGAGCGGAATGTTCTT,0,4865248
ygfM_xdhD_predicted,0.14285714285714285,6,6,GATATCTGGAGTGCTTTGAG,0,4883084
ygfM_xdhD_predicted,0.14285714285714285,6,6,GAGGGGTTCGAGAACCCTTT,0,4869668
ygfM_xdhD_predicted,0.14285714285714285,6,6,GAGCGCTGCCGGCACAGATT,0,4896129
ygfM_xdhD_predicted,0.14285714285714285,6,6,GAGCGCATCGTAGGCTTCTC,0,4871174
ygfM_xdhD_predicted,0.14285714285714285,6,6,GAGCATCTAAGGTGGAAGAC,0,4867678
ygfM_xdhD_predicted,0.14285714285714285,6,6,GAGACGCAAAGAGACGTCAA,0,4882435
ygfM_xdhD_predicted,0.14285714285714285,6,6,GACTGCTAGTGCACGCGTAG,0,4883243
ygfM_xdhD_predicted,0.14285714285714285,6,6,GACTCGCAGTTGCGAAACCA,0,4880738
ygfM_xdhD_predicted,0.14285714285714285,6,6,GACCTAGACTCTCGGGCAGA,0,4883260
ygfM_xdhD_predicted,0.14285714285714285,6,6,GACCGCTCCACTTCTTTGCA,0,4894136
ygfM_xdhD_predicted,0.14285714285714285,6,6,GACCCGCGTCCTGGACATAT,0,4895027
ygfM_xdhD_predicted,0.14285714285714285,6,6,GACATTGATCAATAATAGCC,0,4875047
ygfM_xdhD_predicted,0.14285714285714285,6,6,GACATTCATCCTACACGGGA,0,4873642
ygfM_xdhD_predicted,0.14285714285714285,6,6,GACATGTCGATAATTCAGTT,0,4899478
ygfM_xdhD_predicted,0.14285714285714285,6,6,GACAGTGGATTTGTTGGACC,0,4873830
ygfM_xdhD_predicted,0.14285714285714285,6,6,GACAGCCGGAAGATCTTCTT,0,4866949
ygfM_xdhD_predicted,0.14285714285714285,6,6,GACAGATGATGTCTGACGAG,0,4874797
ygfM_xdhD_predicted,0.14285714285714285,6,6,GAACTTCTACGACGCGTAGT,0,4897539
ygfM_xdhD_predicted,0.14285714285714285,6,6,GAACGTCAATTCGAATAGTC,0,4892876
ygfM_xdhD_predicted,0.14285714285714285,6,6,GAACGAGACACAGGAGAAGA,0,4872175
ygfM_xdhD_predicted,0.14285714285714285,6,6,CTTTTGTGATGTGATTAGGC,0,4895395
ygfM_xdhD_predicted,0.14285714285714285,6,6,CTTTGTCGTGTAAGTAAATG,0,4877852
ygfM_xdhD_predicted,0.14285714285714285,6,6,CTTGGGCAGCCCGGAACGTT,0,4877910
ygfM_xdhD_predicted,0.14285714285714285,6,6,CTTGGGACGGCTTCTTTTAT,0,4863911
ygfM_xdhD_predicted,0.14285714285714285,6,6,CTTCTTGGAATCAGGACTAT,0,4866435
ygfM_xdhD_predicted,0.14285714285714285,6,6,CTTCCTGGGGTCATATTGAA,0,4885132
ygfM_xdhD_predicted,0.14285714285714285,6,6,CTTCATTATGATTTTGATTG,0,4897323
ygfM_xdhD_predicted,0.14285714285714285,6,6,CTTATCGCGAAGTTCGCGAG,0,4870680
ygfM_xdhD_predicted,0.14285714285714285,6,6,CTTAGACAGGCGAATGGAGT,0,4876605
ygfM_xdhD_predicted,0.14285714285714285,6,6,CTTACTGGTAAAGCTATATG,0,4895847
ygfM_xdhD_predicted,0.14285714285714285,6,6,CTTACTGCCTTCCGATCGGT,0,4884522
ygfM_xdhD_predicted,0.14285714285714285,6,6,CTGGCCTAGTTACCAGGAGT,0,4880544
ygfM_xdhD_predicted,0.14285714285714285,6,6,CTGGAGCACATCGTGAAATG,0,4893314
ygfM_xdhD_predicted,0.14285714285714285,6,6,CTGGAACGCGTGTCCACCAG,0,4869988
ygfM_xdhD_predicted,0.14285714285714285,6,6,CTGCGAGCGTTTAGCGTCTG,0,4865789
ygfM_xdhD_predicted,0.14285714285714285,6,6,CTGATTTCGCGGTGCGCCCC,0,4893510
ygfM_xdhD_predicted,0.14285714285714285,6,6,CTGAGTGGGTATTGCCGACA,0,4881976
ygfM_xdhD_predicted,0.14285714285714285,6,6,CTGAGTACGTTGTGGTATTA,0,4887258
ygfM_xdhD_predicted,0.14285714285714285,6,6,CTGAGGCTCATACTCGCTAA,0,4896901
ygfM_xdhD_predicted,0.14285714285714285,6,6,CTGACCTGTACCATAGATGT,0,4887407
ygfM_xdhD_predicted,0.14285714285714285,6,6,CTCTCTGCAGTACTAACGAG,0,4894022
ygfM_xdhD_predicted,0.14285714285714285,6,6,CTCGGGTCGTTCACTTTATA,0,4890510
ygfM_xdhD_predicted,0.14285714285714285,6,6,CTCGGCCGGTCAAAATGAGA,0,4872426
ygfM_xdhD_predicted,0.14285714285714285,6,6,CTCGCGCAAAAACCGGGCCT,0,4890546
ygfM_xdhD_predicted,0.14285714285714285,6,6,CTCGCATGCCAACGCTTGTC,0,4894718
ygfM_xdhD_predicted,0.14285714285714285,6,6,CTCGAACTTATATCCTAGTG,0,4882989
ygfM_xdhD_predicted,0.14285714285714285,6,6,CTCCGGTCACACGAACCACC,0,4889832
ygfM_xdhD_predicted,0.14285714285714285,6,6,CTCCCGTCTCCTCTACACTG,0,4867639
ygfM_xdhD_predicted,0.14285714285714285,6,6,CTCCCACAGCGCACGATACA,0,4894399
ygfM_xdhD_predicted,0.14285714285714285,6,6,CTCAGGGTCAGCCCTAGTTC,0,4871808
ygfM_xdhD_predicted,0.14285714285714285,6,6,CTCAGGCTGGTGGTATCCCG,0,4875558
ygfM_xdhD_predicted,0.14285714285714285,6,6,CTCAGCAAATCCTCGCGTCC,0,4865930
ygfM_xdhD_predicted,0.14285714285714285,6,6,CTCAGATTCATTGCACCCTT,0,4878652
ygfM_xdhD_predicted,0.14285714285714285,6,6,CTATATCCTCTTTGTGTTGA,0,4891854
ygfM_xdhD_predicted,0.14285714285714285,6,6,CTATACCCGAAGGTGGCGCA,0,4869833
ygfM_xdhD_predicted,0.14285714285714285,6,6,CTAGTTTATCATTCAGACTG,0,4894609
ygfM_xdhD_predicted,0.14285714285714285,6,6,CTAGTATAGCGGCATCCCCC,0,4898693
ygfM_xdhD_predicted,0.14285714285714285,6,6,CTACACGTATACACTGTCGG,0,4895534
ygfM_xdhD_predicted,0.14285714285714285,6,6,CTAAATCGATCGATACAAAG,0,4871628
ygfM_xdhD_predicted,0.14285714285714285,6,6,CTAAACGCCGGACCGTAGAA,0,4897649
ygfM_xdhD_predicted,0.14285714285714285,6,6,CGTTAGCGATGGAATCGCAT,0,4894683
ygfM_xdhD_predicted,0.14285714285714285,6,6,CGTGCCGTGAATACAGGGTA,0,4864576
ygfM_xdhD_predicted,0.14285714285714285,6,6,CGTCGCCATTGGCGGCTAGC,0,4894911
ygfM_xdhD_predicted,0.14285714285714285,6,6,CGTCAGATACCTGGCTAGTA,0,4876280
ygfM_xdhD_predicted,0.14285714285714285,6,6,CGTACGCCAGAAACGGTAAT,0,4874612
ygfM_xdhD_predicted,0.14285714285714285,6,6,CGGTGGAGAATTCGCCCCCA,0,4894989
ygfM_xdhD_predicted,0.14285714285714285,6,6,CGGTCTTCAAAGAAGTTTAA,0,4873948
ygfM_xdhD_predicted,0.14285714285714285,6,6,CGGTACTTCGGCGACCAGCA,0,4869653
ygfM_xdhD_predicted,0.14285714285714285,6,6,CGGGAGCTGATAGGGGATGA,0,4888876
ygfM_xdhD_predicted,0.14285714285714285,6,6,CGGCAGATTGGGCCAGCACT,0,4883240
ygfM_xdhD_predicted,0.14285714285714285,6,6,CGGCACACTAGGACTGCCTT,0,4881009
ygfM_xdhD_predicted,0.14285714285714285,6,6,CGGATGTATCCAGATTTAAC,0,4881999
ygfM_xdhD_predicted,0.14285714285714285,6,6,CGGACATGTTCCATTCAGTG,0,4868698
ygfM_xdhD_predicted,0.14285714285714285,6,6,CGCTACGGACTTTTGGCTAT,0,4868784
ygfM_xdhD_predicted,0.14285714285714285,6,6,CGCTACCGGTAGCTGTATCG,0,4873160
ygfM_xdhD_predicted,0.14285714285714285,6,6,CGCGGCCGCTTGGACGTCTA,0,4883324
ygfM_xdhD_predicted,0.14285714285714285,6,6,CGCGCCACTTTTCATGACAA,0,4885533
ygfM_xdhD_predicted,0.14285714285714285,6,6,CGCCCTCTAGCGAGTGCAAT,0,4895685
ygfM_xdhD_predicted,0.14285714285714285,6,6,CGCCCACTTCGGGACTAGCG,0,4869984
ygfM_xdhD_predicted,0.14285714285714285,6,6,CGCCAGCCATTCTGGGGTAG,0,4871001
ygfM_xdhD_predicted,0.14285714285714285,6,6,CGCCAACCCAAGGTTTCGTC,0,4894436
ygfM_xdhD_predicted,0.14285714285714285,6,6,CGCCAAAGACAATTAGTCAG,0,4865033
ygfM_xdhD_predicted,0.14285714285714285,6,6,CGCAGCATGTGGCCCCTCTC,0,4885995
ygfM_xdhD_predicted,0.14285714285714285,6,6,CGCACTTAGAGGAGTACCTG,0,4893730
ygfM_xdhD_predicted,0.14285714285714285,6,6,CGCACCGCCTTGCGACTAGG,0,4892483
ygfM_xdhD_predicted,0.14285714285714285,6,6,CGCAATCGCCTCGAAGCCGC,0,4874214
ygfM_xdhD_predicted,0.14285714285714285,6,6,CGATTCACGGCTGGGTCGGA,0,4864794
ygfM_xdhD_predicted,0.14285714285714285,6,6,CGATGTCTTGAGGGTCGGGG,0,4882519
ygfM_xdhD_predicted,0.14285714285714285,6,6,CGATGGAATTCTCTTGCTCA,0,4898991
ygfM_xdhD_predicted,0.14285714285714285,6,6,CGATAGACGGAATTTGCGGC,0,4881783
ygfM_xdhD_predicted,0.14285714285714285,6,6,CGAGCAGTTGCCCCCACATT,0,4887014
ygfM_xdhD_predicted,0.14285714285714285,6,6,CGAAAGTACACTACTGACCA,0,4883437
ygfM_xdhD_predicted,0.14285714285714285,6,6,CCTTTGTGGACCACCATGCA,0,4876451
ygfM_xdhD_predicted,0.14285714285714285,6,6,CCTTGTTACATCAGACCGCG,0,4884272
ygfM_xdhD_predicted,0.14285714285714285,6,6,CCTGTAGCCCTGGTACTTGG,0,4891374
ygfM_xdhD_predicted,0.14285714285714285,6,6,CCTGCCTAAGAAAACTTCTA,0,4870704
ygfM_xdhD_predicted,0.14285714285714285,6,6,CCTCTGGGCGGTCTTTAGCT,0,4897704
ygfM_xdhD_predicted,0.14285714285714285,6,6,CCTCCCGGAGGCGCTGGTGT,0,4899575
ygfM_xdhD_predicted,0.14285714285714285,6,6,CCTACGTAGGGCATCGTTGT,0,4874753
ygfM_xdhD_predicted,0.14285714285714285,6,6,CCGTTGACACAGCTTGACCT,0,4866943
ygfM_xdhD_predicted,0.14285714285714285,6,6,CCGTTATACCAAACCGTAGA,0,4882172
ygfM_xdhD_predicted,0.14285714285714285,6,6,CCGGGGTCGATGGTTCACGA,0,4877749
ygfM_xdhD_predicted,0.14285714285714285,6,6,CCGGCTGGATCTAAAGTCGC,0,4891851
ygfM_xdhD_predicted,0.14285714285714285,6,6,CCGGCCTTGGGATATTTTCT,0,4899271
ygfM_xdhD_predicted,0.14285714285714285,6,6,CCGCGACCCCACACACTGAT,0,4884220
ygfM_xdhD_predicted,0.14285714285714285,6,6,CCGCGAAACTTACCGCATTT,0,4869392
ygfM_xdhD_predicted,0.14285714285714285,6,6,CCGCATTTTCTAAGTAAAGG,0,4866618
ygfM_xdhD_predicted,0.14285714285714285,6,6,CCGATGTCATTCGATTCTGC,0,4867401
ygfM_xdhD_predicted,0.14285714285714285,6,6,CCGATCGGCGGCGCGGTTCA,0,4880249
ygfM_xdhD_predicted,0.14285714285714285,6,6,CCGACGGCTGGTTGTAATAG,0,4868871
ygfM_xdhD_predicted,0.14285714285714285,6,6,CCGAAGATAAGTTCGCCGTG,0,4876648
ygfM_xdhD_predicted,0.14285714285714285,6,6,CCCTTTTCATGAGGTAAAAA,0,4870734
ygfM_xdhD_predicted,0.14285714285714285,6,6,CCCTTACCCTGGAACAAGTA,0,4875733
ygfM_xdhD_predicted,0.14285714285714285,6,6,CCCTATATGCGATCTCGACG,0,4865390
ygfM_xdhD_predicted,0.14285714285714285,6,6,CCCGTAATTTCCCGCAGGTA,0,4883512
ygfM_xdhD_predicted,0.14285714285714285,6,6,CCCGGCTAATACGCCCTTGG,0,4891283
ygfM_xdhD_predicted,0.14285714285714285,6,6,CCCGGATAGTAGTGGCATGT,0,4879674
ygfM_xdhD_predicted,0.14285714285714285,6,6,CCCGCTATGGGTGACGACTT,0,4895964
ygfM_xdhD_predicted,0.14285714285714285,6,6,CCCCTGCAAACGGCTTCCAA,0,4882208
ygfM_xdhD_predicted,0.14285714285714285,6,6,CCCCCTTCGTGGTGGTACGT,0,4890833
ygfM_xdhD_predicted,0.14285714285714285,6,6,CCCAGTGATCACCTCTTCTG,0,4876792
ygfM_xdhD_predicted,0.14285714285714285,6,6,CCCAGGGCATCCAGAGGTCT,0,4893062
ygfM_xdhD_predicted,0.14285714285714285,6,6,CCCAGATCGTTGCCTACGTC,0,4870390
ygfM_xdhD_predicted,0.14285714285714285,6,6,CCAGGTCACACCATATTGAA,0,4865307
ygfM_xdhD_predicted,0.14285714285714285,6,6,CCACTCTGCGCAATGTTTGT,0,4865579
ygfM_xdhD_predicted,0.14285714285714285,6,6,CCACGGGTTATCATATTCAA,0,4888936
ygfM_xdhD_predicted,0.14285714285714285,6,6,CCACACCAAGTAATTTGTTT,0,4887274
ygfM_xdhD_predicted,0.14285714285714285,6,6,CCACACAGGATTACACGAGA,0,4873731
ygfM_xdhD_predicted,0.14285714285714285,6,6,CCAAGTTATTTTCCTACTAC,0,4895313
ygfM_xdhD_predicted,0.14285714285714285,6,6,CCAAGACCGCAAGACATTCA,0,4863900
ygfM_xdhD_predicted,0.14285714285714285,6,6,CCAAAGGTAGCTCGTAGTAT,0,4866453
ygfM_xdhD_predicted,0.14285714285714285,6,6,CCAAAGCTAACCTATGGATG,0,4881569
ygfM_xdhD_predicted,0.14285714285714285,6,6,CATTTCACAGGTCTTTAAAC,0,4867520
ygfM_xdhD_predicted,0.14285714285714285,6,6,CATTATCCTCGGTCATACTG,0,4865299
ygfM_xdhD_predicted,0.14285714285714285,6,6,CATGGCATTTCGGGTCGCTA,0,4883894
ygfM_xdhD_predicted,0.14285714285714285,6,6,CATGGAGCGGTCTTCCTGCA,0,4897901
ygfM_xdhD_predicted,0.14285714285714285,6,6,CATCATCAGGAGTCCGATAT,0,4875619
ygfM_xdhD_predicted,0.14285714285714285,6,6,CATACGAGGGGCGTGATAAT,0,4867543
ygfM_xdhD_predicted,0.14285714285714285,6,6,CAGTGTAGCCTCAAGAACGT,0,4869618
ygfM_xdhD_predicted,0.14285714285714285,6,6,CAGCTACTATGCTATGCTTC,0,4882010
ygfM_xdhD_predicted,0.14285714285714285,6,6,CAGCGACTCGGTGAAGAGGC,0,4887355
ygfM_xdhD_predicted,0.14285714285714285,6,6,CAGCATACAATTCAATTGTG,0,4883841
ygfM_xdhD_predicted,0.14285714285714285,6,6,CAGCAGTCAAGTACGCAACC,0,4875581
ygfM_xdhD_predicted,0.14285714285714285,6,6,CACTAATTTGCCGAGAGGGT,0,4890999
ygfM_xdhD_predicted,0.14285714285714285,6,6,CACGGAGCGGGTGGCTGGAG,0,4896807
ygfM_xdhD_predicted,0.14285714285714285,6,6,CACCTCAGGGCACTCATCCG,0,4864372
ygfM_xdhD_predicted,0.14285714285714285,6,6,CACCGGTTAAGTAACAAGCG,0,4872075
ygfM_xdhD_predicted,0.14285714285714285,6,6,CACCATGACTGTGCATGCGA,0,4876129
ygfM_xdhD_predicted,0.14285714285714285,6,6,CAATAGCCCACTGTATTTAT,0,4880278
ygfM_xdhD_predicted,0.14285714285714285,6,6,CAACTCTCAGTTAAACAGTC,0,4893577
ygfM_xdhD_predicted,0.14285714285714285,6,6,CAACGGGCCTGGGGGGTTTG,0,4897493
ygfM_xdhD_predicted,0.14285714285714285,6,6,CAACGGCTGTGGACAGGATT,0,4894084
ygfM_xdhD_predicted,0.14285714285714285,6,6,CAACAGTAACAGAGTGTGAC,0,4892913
ygfM_xdhD_predicted,0.14285714285714285,6,6,ATTTTACGTGTGCGCCTAGA,0,4864894
ygfM_xdhD_predicted,0.14285714285714285,6,6,ATTTGTTATACATATGTGTG,0,4887945
ygfM_xdhD_predicted,0.14285714285714285,6,6,ATTTGTGTCCGCGAATCATA,0,4873840
ygfM_xdhD_predicted,0.14285714285714285,6,6,ATTGTCGGGGGGGCCACATT,0,4890096
ygfM_xdhD_predicted,0.14285714285714285,6,6,ATTGGTAACAGGAGATTCAG,0,4873091
ygfM_xdhD_predicted,0.14285714285714285,6,6,ATTGGAGGGCTTTTCCCCAA,0,4883704
ygfM_xdhD_predicted,0.14285714285714285,6,6,ATTGCAGCGTGACCCTTGCC,0,4890089
ygfM_xdhD_predicted,0.14285714285714285,6,6,ATTGATCAAAGCGGTGTATT,0,4874969
ygfM_xdhD_predicted,0.14285714285714285,6,6,ATTCCTAGCCAGGGGGCGGA,0,4893268
ygfM_xdhD_predicted,0.14285714285714285,6,6,ATTAGGCGATGCATTCACGT,0,4881945
ygfM_xdhD_predicted,0.14285714285714285,6,6,ATTACGGTGCCGCACTCCTG,0,4874262
ygfM_xdhD_predicted,0.14285714285714285,6,6,ATTACATAAGCAATTGGGCA,0,4896870
ygfM_xdhD_predicted,0.14285714285714285,6,6,ATGTTCGCACATGGTTGCAG,0,4869762
ygfM_xdhD_predicted,0.14285714285714285,6,6,ATGTATATATTATCGCCTTT,0,4899479
ygfM_xdhD_predicted,0.14285714285714285,6,6,ATGTAACCGGTGTTTATACA,0,4886060
ygfM_xdhD_predicted,0.14285714285714285,6,6,ATGGTCTGATTTACTACATC,0,4887820
ygfM_xdhD_predicted,0.14285714285714285,6,6,ATGGGCGGTACTCAGTATTG,0,4867721
ygfM_xdhD_predicted,0.14285714285714285,6,6,ATGGCGTAGTAACGTGTGAA,0,4889170
ygfM_xdhD_predicted,0.14285714285714285,6,6,ATGGCCTTATATCGGTTTTT,0,4874781
ygfM_xdhD_predicted,0.14285714285714285,6,6,ATGGACACCACCCCCGGGAT,0,4878012
ygfM_xdhD_predicted,0.14285714285714285,6,6,ATGCTATGTGACACTTGATT,0,4873448
ygfM_xdhD_predicted,0.14285714285714285,6,6,ATGCCCTGCGGTGATATGTT,0,4867567
ygfM_xdhD_predicted,0.14285714285714285,6,6,ATGATAGTCACGTTTCTTGG,0,4889677
ygfM_xdhD_predicted,0.14285714285714285,6,6,ATGACTTTTCGCTAGTATGC,0,4875357
ygfM_xdhD_predicted,0.14285714285714285,6,6,ATGAAAGTGGATTCGCCTGA,0,4885337
ygfM_xdhD_predicted,0.14285714285714285,6,6,ATCTGGTATCGTATGAAGAG,0,4895106
ygfM_xdhD_predicted,0.14285714285714285,6,6,ATCGAGCTGGTTCTCAGGTG,0,4876257
ygfM_xdhD_predicted,0.14285714285714285,6,6,ATCCTTCTGTGCGATGTGGA,0,4894853
ygfM_xdhD_predicted,0.14285714285714285,6,6,ATCCTATTTAGACCACTACG,0,4872796
ygfM_xdhD_predicted,0.14285714285714285,6,6,ATCCGTCCATATTGAGCACT,0,4891889
ygfM_xdhD_predicted,0.14285714285714285,6,6,ATCCCTGGCCTCTCGACTTC,0,4872187
ygfM_xdhD_predicted,0.14285714285714285,6,6,ATCAGCATGGGTGGATTCCC,0,4876222
ygfM_xdhD_predicted,0.14285714285714285,6,6,ATAGTTGCGGGCCTAATTCG,0,4894058
ygfM_xdhD_predicted,0.14285714285714285,6,6,ATAGCACCTTATACCCGGGT,0,4879195
ygfM_xdhD_predicted,0.14285714285714285,6,6,ATACTTAGTCGTAGTCACCT,0,4865663
ygfM_xdhD_predicted,0.14285714285714285,6,6,ATACTGATACCTCCAAAACT,0,4879578
ygfM_xdhD_predicted,0.14285714285714285,6,6,ATACGCCGCTTACTTGACTT,0,4899544
ygfM_xdhD_predicted,0.14285714285714285,6,6,ATACCGAGCTTAGACGCAGG,0,4876327
ygfM_xdhD_predicted,0.14285714285714285,6,6,ATACAGTCGCTGGCAAACCA,0,4875083
ygfM_xdhD_predicted,0.14285714285714285,6,6,ATAAGACCGGCAGCGCCCGA,0,4873593
ygfM_xdhD_predicted,0.14285714285714285,6,6,AGTTTCGGATAGTTTTTGGT,0,4894382
ygfM_xdhD_predicted,0.14285714285714285,6,6,AGTTCCGCCCTCATGCAATG,0,4874488
ygfM_xdhD_predicted,0.14285714285714285,6,6,AGTTCAAGTTTCGACGCGGT,0,4883222
ygfM_xdhD_predicted,0.14285714285714285,6,6,AGTTAGCAGTTGCCGTGTTG,0,4879857
ygfM_xdhD_predicted,0.14285714285714285,6,6,AGTTAAACCGGGTTCCAGTA,0,4891636
ygfM_xdhD_predicted,0.14285714285714285,6,6,AGTGTCTATCCATGATCAAC,0,4877513
ygfM_xdhD_predicted,0.14285714285714285,6,6,AGTGTACCAACAACTCACGT,0,4890362
ygfM_xdhD_predicted,0.14285714285714285,6,6,AGTCTATTGGTTGGAGATAA,0,4878686
ygfM_xdhD_predicted,0.14285714285714285,6,6,AGTCAAGGTCGCAAATCAGG,0,4897047
ygfM_xdhD_predicted,0.14285714285714285,6,6,AGTAGGGGTAAGGAATTATG,0,4869962
ygfM_xdhD_predicted,0.14285714285714285,6,6,AGTAGATATCGCTGAGTTAC,0,4866077
ygfM_xdhD_predicted,0.14285714285714285,6,6,AGTACTGCGCTACTGGGTGG,0,4868972
ygfM_xdhD_predicted,0.14285714285714285,6,6,AGTACTGCCTGCAAGAATAT,0,4868088
ygfM_xdhD_predicted,0.14285714285714285,6,6,AGTACCGACCTGAATAATCT,0,4884359
ygfM_xdhD_predicted,0.14285714285714285,6,6,AGGTAGGTCTGCAGTTTCAG,0,4866784
ygfM_xdhD_predicted,0.14285714285714285,6,6,AGGTAGGACACTTCGCCGGT,0,4867289
ygfM_xdhD_predicted,0.14285714285714285,6,6,AGGTACGGTAATCAATGTGC,0,4879362
ygfM_xdhD_predicted,0.14285714285714285,6,6,AGGGGGAGGGACCAGACGTC,0,4895378
ygfM_xdhD_predicted,0.14285714285714285,6,6,AGGGCTTTCTATCAAGTTTC,0,4866572
ygfM_xdhD_predicted,0.14285714285714285,6,6,AGGGCATGCACCAACACTGC,0,4881458
ygfM_xdhD_predicted,0.14285714285714285,6,6,AGGCTGTCGCGAAGGCGGTG,0,4886794
ygfM_xdhD_predicted,0.14285714285714285,6,6,AGGCGACGTGCCACGTACTT,0,4868890
ygfM_xdhD_predicted,0.14285714285714285,6,6,AGGCCCGATCATATACTTTA,0,4874974
ygfM_xdhD_predicted,0.14285714285714285,6,6,AGGCATCGGGATAGGTCCAA,0,4893490
ygfM_xdhD_predicted,0.14285714285714285,6,6,AGGATGCTCCGCTACTGTCA,0,4873614
ygfM_xdhD_predicted,0.14285714285714285,6,6,AGGAGAATTGGGGAAAAGCG,0,4872017
ygfM_xdhD_predicted,0.14285714285714285,6,6,AGGAAACCAGTTTGTAGGGG,0,4870454
ygfM_xdhD_predicted,0.14285714285714285,6,6,AGGAAAACTCTCTTCAACAA,0,4875458
ygfM_xdhD_predicted,0.14285714285714285,6,6,AGCTTCCTTTCTTAAAGTTA,0,4864522
ygfM_xdhD_predicted,0.14285714285714285,6,6,AGCTCTTTAATTCTACTAAG,0,4869390
ygfM_xdhD_predicted,0.14285714285714285,6,6,AGCTCGGTACTCACGTGATT,0,4895738
ygfM_xdhD_predicted,0.14285714285714285,6,6,AGCTACTATAGGGAAGAAGG,0,4867587
ygfM_xdhD_predicted,0.14285714285714285,6,6,AGCGTTGATTCGTCGTTAGC,0,4881344
ygfM_xdhD_predicted,0.14285714285714285,6,6,AGCGGTTGACAAGGGTCGGC,0,4872476
ygfM_xdhD_predicted,0.14285714285714285,6,6,AGCGAATACTCGCGCCCGTG,0,4876974
ygfM_xdhD_predicted,0.14285714285714285,6,6,AGCCTAGCCTCTGGCCAGTG,0,4880399
ygfM_xdhD_predicted,0.14285714285714285,6,6,AGCCCTACACACTCGTCCGC,0,4886673
ygfM_xdhD_predicted,0.14285714285714285,6,6,AGATCAATGCTGGAAAGTTC,0,4888553
ygfM_xdhD_predicted,0.14285714285714285,6,6,AGAGTGTTACCGGCACTCAT,0,4889959
ygfM_xdhD_predicted,0.14285714285714285,6,6,AGACTGCCACGACGATTGTG,0,4877690
ygfM_xdhD_predicted,0.14285714285714285,6,6,AGACTCAATCCAGGAAGACT,0,4868612
ygfM_xdhD_predicted,0.14285714285714285,6,6,AGACTCAAGGATTGCACGGA,0,4876026
ygfM_xdhD_predicted,0.14285714285714285,6,6,AGACGATGTTGTGATCGCGG,0,4872339
ygfM_xdhD_predicted,0.14285714285714285,6,6,AGAATTCGCTCGCTCAGACA,0,4887433
ygfM_xdhD_predicted,0.14285714285714285,6,6,AGAATAGTCTTGGGAACGTG,0,4875335
ygfM_xdhD_predicted,0.14285714285714285,6,6,AGAAAGGGTTCGCAAGCTAA,0,4875305
ygfM_xdhD_predicted,0.14285714285714285,6,6,ACTTGTATGACAAGTGATGA,0,4885667
ygfM_xdhD_predicted,0.14285714285714285,6,6,ACTTCCATGCGCCCGCCCTG,0,4869646
ygfM_xdhD_predicted,0.14285714285714285,6,6,ACTGGTCAAAACAGCTTCTC,0,4870926
ygfM_xdhD_predicted,0.14285714285714285,6,6,ACTGACCGCTAGTAGCAGAC,0,4873769
ygfM_xdhD_predicted,0.14285714285714285,6,6,ACTCTATCATTCTGCGAAGC,0,4882203
ygfM_xdhD_predicted,0.14285714285714285,6,6,ACTCGTGAGCCGAGAATCAC,0,4882352
ygfM_xdhD_predicted,0.14285714285714285,6,6,ACTCCGGTTAGGCTATACGA,0,4865616
ygfM_xdhD_predicted,0.14285714285714285,6,6,ACTAAGGCAAGGCAAAGTGG,0,4897524
ygfM_xdhD_predicted,0.14285714285714285,6,6,ACGTGTTGGGGCCGAATTTA,0,4889354
ygfM_xdhD_predicted,0.14285714285714285,6,6,ACGTGATCCCGGCCGTCGGT,0,4889388
ygfM_xdhD_predicted,0.14285714285714285,6,6,ACGTCGTGCGATTTGCCACT,0,4890599
ygfM_xdhD_predicted,0.14285714285714285,6,6,ACGGCTCTTGCGCTATCCGC,0,4865896
ygfM_xdhD_predicted,0.14285714285714285,6,6,ACGCTTCCACACTCGACGGA,0,4883403
ygfM_xdhD_predicted,0.14285714285714285,6,6,ACGCTAGCCATGGGAGGAGT,0,4895085
ygfM_xdhD_predicted,0.14285714285714285,6,6,ACGAGGCATCATTGGGTCCA,0,4866087
ygfM_xdhD_predicted,0.14285714285714285,6,6,ACGAAGATGCCAGTAGGTAA,0,4872301
ygfM_xdhD_predicted,0.14285714285714285,6,6,ACCTTGAGGGTTGCAGAGAC,0,4890363
ygfM_xdhD_predicted,0.14285714285714285,6,6,ACCTCGGCGAAGGAGCACCC,0,4881760
ygfM_xdhD_predicted,0.14285714285714285,6,6,ACCGGATAGGTTAATCAACT,0,4897374
ygfM_xdhD_predicted,0.14285714285714285,6,6,ACCGCTAACTGTCCGGGCGA,0,4872240
ygfM_xdhD_predicted,0.14285714285714285,6,6,ACCCGAATCACGAGTCATTG,0,4891687
ygfM_xdhD_predicted,0.14285714285714285,6,6,ACATTAGCTGTGGTCGAGCT,0,4891497
ygfM_xdhD_predicted,0.14285714285714285,6,6,ACATAGGACCCTCTTTAGTC,0,4877049
ygfM_xdhD_predicted,0.14285714285714285,6,6,ACAGGAACTTCCTCCCGATG,0,4887736
ygfM_xdhD_predicted,0.14285714285714285,6,6,ACAATTCTGGAATGCGGCAG,0,4886859
ygfM_xdhD_predicted,0.14285714285714285,6,6,ACAATGGGTAGGTTGTACGT,0,4893950
ygfM_xdhD_predicted,0.14285714285714285,6,6,ACAATCAGGCCAGTCGGCTT,0,4883893
ygfM_xdhD_predicted,0.14285714285714285,6,6,ACAAGGGCGGGAATAAGCCG,0,4887236
ygfM_xdhD_predicted,0.14285714285714285,6,6,ACAACAGGCCCCTGGCATAC,0,4883296
ygfM_xdhD_predicted,0.14285714285714285,6,6,ACAAAACGGGTTATGGTGTT,0,4899202
ygfM_xdhD_predicted,0.14285714285714285,6,6,AATTCAAGTAATCGCTTTGT,0,4878994
ygfM_xdhD_predicted,0.14285714285714285,6,6,AATGTTACGAACATGGTTTT,0,4868260
ygfM_xdhD_predicted,0.14285714285714285,6,6,AATCAGGTGTAATATCGGCA,0,4876631
ygfM_xdhD_predicted,0.14285714285714285,6,6,AATCACGTGGTGCTTGCTAG,0,4873211
ygfM_xdhD_predicted,0.14285714285714285,6,6,AATAGTACAGGCATACTGAA,0,4877268
ygfM_xdhD_predicted,0.14285714285714285,6,6,AATAGGGAAAAACATACAGA,0,4890984
ygfM_xdhD_predicted,0.14285714285714285,6,6,AATACTGAATATTACGGCGA,0,4898746
ygfM_xdhD_predicted,0.14285714285714285,6,6,AATACCAGCGTAGACCGAGG,0,4895980
ygfM_xdhD_predicted,0.14285714285714285,6,6,AAGTGGCTCACCCCTGGCTG,0,4897895
ygfM_xdhD_predicted,0.14285714285714285,6,6,AAGTCTAGCTCTGGTTTGGC,0,4866136
ygfM_xdhD_predicted,0.14285714285714285,6,6,AAGTATTAAGGAAGGGGGCT,0,4892352
ygfM_xdhD_predicted,0.14285714285714285,6,6,AAGGGACGTTCTAGTGGAGG,0,4889459
ygfM_xdhD_predicted,0.14285714285714285,6,6,AAGGAGTCCGGTTCTACCTA,0,4865586
ygfM_xdhD_predicted,0.14285714285714285,6,6,AAGCGCCACTGTTCTGGGAA,0,4883057
ygfM_xdhD_predicted,0.14285714285714285,6,6,AAGATTACGAACGTCATAAC,0,4867596
ygfM_xdhD_predicted,0.14285714285714285,6,6,AACGGGTCCATTTCACTGTA,0,4894726
ygfM_xdhD_predicted,0.14285714285714285,6,6,AACGGCGTGTAAGACGCCGA,0,4883442
ygfM_xdhD_predicted,0.14285714285714285,6,6,AACGCCGTACTCGCAGTAGG,0,4875830
ygfM_xdhD_predicted,0.14285714285714285,6,6,AACCGATGGTGATACTTACC,0,4884390
ygfM_xdhD_predicted,0.14285714285714285,6,6,AACCAACTTGTGGCATTAGG,0,4891616
ygfM_xdhD_predicted,0.14285714285714285,6,6,AACATGGAGCTTGGGTAGCA,0,4869831
ygfM_xdhD_predicted,0.14285714285714285,6,6,AACATGCCCACTGAAAAGGA,0,4873191
ygfM_xdhD_predicted,0.14285714285714285,6,6,AACATCAATCCCTGCTTGTC,0,4896463
ygfM_xdhD_predicted,0.14285714285714285,6,6,AACAGCTATGGGCGGTAGAT,0,4885713
ygfM_xdhD_predicted,0.14285714285714285,6,6,AACAGCAGACTCGGAGCCCA,0,4877930
ygfM_xdhD_predicted,0.14285714285714285,6,6,AAATCGAACCGAGGTACGTG,0,4870741
ygfM_xdhD_predicted,0.14285714285714285,6,6,AAATCAGGCTTCTATGGCAG,0,4886915
ygfM_xdhD_predicted,0.14285714285714285,6,6,AAACGGGGAGAAGCACTCCT,0,4879566
ygfM_xdhD_predicted,0.14285714285714285,6,6,AAAAGATGTTTGAATTAGCC,0,4867047
ygfM_xdhD_predicted,0.16666666666666666,5,5,TTTTTAGCTAACAATGGCAG,0,4870018
ygfM_xdhD_predicted,0.16666666666666666,5,5,TTTTGGTCTCAGCCGATTAC,0,4878559
ygfM_xdhD_predicted,0.16666666666666666,5,5,TTTTATCACAGATGACCGCT,0,4896064
ygfM_xdhD_predicted,0.16666666666666666,5,5,TTTTAAGAGGACCGTTTCAT,0,4863940
ygfM_xdhD_predicted,0.16666666666666666,5,5,TTTCTAAAAGCCAGCATTAA,0,4869346
ygfM_xdhD_predicted,0.16666666666666666,5,5,TTTCATGGCGCTATTTAGTA,0,4892949
ygfM_xdhD_predicted,0.16666666666666666,5,5,TTTATTCAAGGTAAGCCGAA,0,4897803
ygfM_xdhD_predicted,0.16666666666666666,5,5,TTTAGCTCTAACAACAACAT,0,4894822
ygfM_xdhD_predicted,0.16666666666666666,5,5,TTGTGGGCTCTAGGCCTTGA,0,4887429
ygfM_xdhD_predicted,0.16666666666666666,5,5,TTGGTTTTATAGAAGACGCA,0,4875130
ygfM_xdhD_predicted,0.16666666666666666,5,5,TTGGGGAGCTCCATTGCGTC,0,4871233
ygfM_xdhD_predicted,0.16666666666666666,5,5,TTGGGCCTATTAGAGGTTTA,0,4882401
ygfM_xdhD_predicted,0.16666666666666666,5,5,TTGGCGTGATAGCACTTAAA,0,4886086
ygfM_xdhD_predicted,0.16666666666666666,5,5,TTGGCAGTTTCTTTAGTCGT,0,4876914
ygfM_xdhD_predicted,0.16666666666666666,5,5,TTGGATTTTAGTTAGACGAC,0,4892903
ygfM_xdhD_predicted,0.16666666666666666,5,5,TTGGAGCTCTAATGAGGGTA,0,4877337
ygfM_xdhD_predicted,0.16666666666666666,5,5,TTGCCGGAATTTGTTGGGTC,0,4884137
ygfM_xdhD_predicted,0.16666666666666666,5,5,TTGAGCCTGATACGCAGCCA,0,4871721
ygfM_xdhD_predicted,0.16666666666666666,5,5,TTGACACAGGCCGTGTAGAG,0,4876110
ygfM_xdhD_predicted,0.16666666666666666,5,5,TTCTGTTGTATGGGCCTCGT,0,4888662
ygfM_xdhD_predicted,0.16666666666666666,5,5,TTCTACCTTTAGGCCGTGAG,0,4893230
ygfM_xdhD_predicted,0.16666666666666666,5,5,TTCGTGGCGTTAAGCGCGTG,0,4869602
ygfM_xdhD_predicted,0.16666666666666666,5,5,TTCCTTAGGAATCCGGTGTG,0,4889678
ygfM_xdhD_predicted,0.16666666666666666,5,5,TTCAGTGCTGGCGCGACCTC,0,4882551
ygfM_xdhD_predicted,0.16666666666666666,5,5,TTCAGGTAACGAAACTTTCC,0,4888448
ygfM_xdhD_predicted,0.16666666666666666,5,5,TTCACGTTTTTCTGCATCGC,0,4886969
ygfM_xdhD_predicted,0.16666666666666666,5,5,TTATTTCAATCGTGATCGCA,0,4897358
ygfM_xdhD_predicted,0.16666666666666666,5,5,TTATTCGAACAGAGTCGCGC,0,4893560
ygfM_xdhD_predicted,0.16666666666666666,5,5,TTAGTCATTGAATGAAATGT,0,4878100
ygfM_xdhD_predicted,0.16666666666666666,5,5,TTAGGTTCGCTAGCTCCGGT,0,4895503
ygfM_xdhD_predicted,0.16666666666666666,5,5,TTAGGCCGCCGCGATCCATT,0,4869868
ygfM_xdhD_predicted,0.16666666666666666,5,5,TTAGCGGAACAAAGTGTCCG,0,4867354
ygfM_xdhD_predicted,0.16666666666666666,5,5,TTAGATTTTGAGTCTTGCGT,0,4872623
ygfM_xdhD_predicted,0.16666666666666666,5,5,TTACTAGAGTAATCGGGTCA,0,4882873
ygfM_xdhD_predicted,0.16666666666666666,5,5,TTACGGTTCTACAGGCTTAT,0,4898514
ygfM_xdhD_predicted,0.16666666666666666,5,5,TTACACCTATTCAGAATGTT,0,4894860
ygfM_xdhD_predicted,0.16666666666666666,5,5,TTAATTCCTAGCTCCGAGGT,0,4864393
ygfM_xdhD_predicted,0.16666666666666666,5,5,TTAAAGACTTGGGAGCACTC,0,4895601
ygfM_xdhD_predicted,0.16666666666666666,5,5,TGTTATTGTGTGAGCCAAAC,0,4899236
ygfM_xdhD_predicted,0.16666666666666666,5,5,TGTGTGATACTGCACTCCTT,0,4875585
ygfM_xdhD_predicted,0.16666666666666666,5,5,TGTGTCGGTAACGCGTATCG,0,4888891
ygfM_xdhD_predicted,0.16666666666666666,5,5,TGTGGTAAACTTTTTGATGA,0,4868983
ygfM_xdhD_predicted,0.16666666666666666,5,5,TGTGGGTATTGTCGGGGCAT,0,4898611
ygfM_xdhD_predicted,0.16666666666666666,5,5,TGTGAAGGGGGACAAACCAC,0,4867850
ygfM_xdhD_predicted,0.16666666666666666,5,5,TGTCTCGAACATCGATATCT,0,4892964
ygfM_xdhD_predicted,0.16666666666666666,5,5,TGGTTTTAAGTGTGAGATCA,0,4870334
ygfM_xdhD_predicted,0.16666666666666666,5,5,TGGTGCGCTGCATGGTGGCC,0,4878697
ygfM_xdhD_predicted,0.16666666666666666,5,5,TGGTACATACCTTCCCTTGC,0,4870566
ygfM_xdhD_predicted,0.16666666666666666,5,5,TGGGGAAGTCATAGTGTCGT,0,4878543
ygfM_xdhD_predicted,0.16666666666666666,5,5,TGGGCTATGAATCTTAAAGT,0,4866608
ygfM_xdhD_predicted,0.16666666666666666,5,5,TGGGCAGTCCCAAGTAGATT,0,4876114
ygfM_xdhD_predicted,0.16666666666666666,5,5,TGGCGGGGGCGCCCTTGAGT,0,4897008
ygfM_xdhD_predicted,0.16666666666666666,5,5,TGGCCGGACGTGCTCCAAAG,0,4894882
ygfM_xdhD_predicted,0.16666666666666666,5,5,TGGCACCCAATCATAACGCT,0,4869099
ygfM_xdhD_predicted,0.16666666666666666,5,5,TGGCAACCTTAGGCCCTCAA,0,4871209
ygfM_xdhD_predicted,0.16666666666666666,5,5,TGGATAGCGCTATAAGGGTG,0,4865828
ygfM_xdhD_predicted,0.16666666666666666,5,5,TGGACAAGCGTTAGGCGTAC,0,4871888
ygfM_xdhD_predicted,0.16666666666666666,5,5,TGGAAATTACTGATGTAGAA,0,4893357
ygfM_xdhD_predicted,0.16666666666666666,5,5,TGCTTCAGATGATAGCTCAG,0,4867849
ygfM_xdhD_predicted,0.16666666666666666,5,5,TGCGATCCAATTGGGACGTT,0,4879391
ygfM_xdhD_predicted,0.16666666666666666,5,5,TGCGACTACGCCAAGGCACA,0,4863831
ygfM_xdhD_predicted,0.16666666666666666,5,5,TGCATCGGCGCGCAGTCTGC,0,4879437
ygfM_xdhD_predicted,0.16666666666666666,5,5,TGCAGGAATCGACGACATGT,0,4872969
ygfM_xdhD_predicted,0.16666666666666666,5,5,TGCACGGTTGTGTGTCATAC,0,4867477
ygfM_xdhD_predicted,0.16666666666666666,5,5,TGCAAACAACGTACGGCGCT,0,4890425
ygfM_xdhD_predicted,0.16666666666666666,5,5,TGATGTTTGCCGTCTCAAGT,0,4880258
ygfM_xdhD_predicted,0.16666666666666666,5,5,TGATGGGCAATCCCTTTACG,0,4894875
ygfM_xdhD_predicted,0.16666666666666666,5,5,TGAGGGAATGCATCTCAGGC,0,4874966
ygfM_xdhD_predicted,0.16666666666666666,5,5,TGAGGATCTCCTCTCCAGTT,0,4882754
ygfM_xdhD_predicted,0.16666666666666666,5,5,TGACTTGATGAGGCCAAATT,0,4880679
ygfM_xdhD_predicted,0.16666666666666666,5,5,TGACTGTCTGGCAAGATTAG,0,4879733
ygfM_xdhD_predicted,0.16666666666666666,5,5,TGACCCCACGCTTTCACGTG,0,4879784
ygfM_xdhD_predicted,0.16666666666666666,5,5,TCTTTGCATTTCTTAGGGGG,0,4879212
ygfM_xdhD_predicted,0.16666666666666666,5,5,TCTTGTTTAACTTGGTATAG,0,4890696
ygfM_xdhD_predicted,0.16666666666666666,5,5,TCTGGGGAGTGTCTGTGCAC,0,4875832
ygfM_xdhD_predicted,0.16666666666666666,5,5,TCTGCAACATATGTTGGCGT,0,4879708
ygfM_xdhD_predicted,0.16666666666666666,5,5,TCGTGCCGAGGATATGGGAC,0,4884074
ygfM_xdhD_predicted,0.16666666666666666,5,5,TCGTAGGGCATCGCGGCCCG,0,4878045
ygfM_xdhD_predicted,0.16666666666666666,5,5,TCGGTTTGTTTTACGTCTGA,0,4889765
ygfM_xdhD_predicted,0.16666666666666666,5,5,TCGGACAGCTAGTATGTGCT,0,4867262
ygfM_xdhD_predicted,0.16666666666666666,5,5,TCGGAAGGTTACCGTGTTGG,0,4885493
ygfM_xdhD_predicted,0.16666666666666666,5,5,TCGCTGTAACTGTATCAAGC,0,4874016
ygfM_xdhD_predicted,0.16666666666666666,5,5,TCGCCCAGAAGTAAAAAGGA,0,4890547
ygfM_xdhD_predicted,0.16666666666666666,5,5,TCGATGCGTTGGAACATGAA,0,4866930
ygfM_xdhD_predicted,0.16666666666666666,5,5,TCGACTGATCACTTTAAGCC,0,4895100
ygfM_xdhD_predicted,0.16666666666666666,5,5,TCGACCAACCTATAGACAGA,0,4880326
ygfM_xdhD_predicted,0.16666666666666666,5,5,TCCTTACTGATGCGGGATCT,0,4890523
ygfM_xdhD_predicted,0.16666666666666666,5,5,TCCTGGCATTCTAGGACCAA,0,4882340
ygfM_xdhD_predicted,0.16666666666666666,5,5,TCCTATATGTGTGACTCCTG,0,4868964
ygfM_xdhD_predicted,0.16666666666666666,5,5,TCCATTTTGCCGTACCGCTG,0,4878797
ygfM_xdhD_predicted,0.16666666666666666,5,5,TCCATAACTTAGAGAAAGGG,0,4880305
ygfM_xdhD_predicted,0.16666666666666666,5,5,TCCAAAGGATCACTCAGATG,0,4875088
ygfM_xdhD_predicted,0.16666666666666666,5,5,TCATTCCGCTGTGCTCCTGT,0,4880444
ygfM_xdhD_predicted,0.16666666666666666,5,5,TCATGCCAGCTTAATGCTGG,0,4876555
ygfM_xdhD_predicted,0.16666666666666666,5,5,TCATCAGCTGCCACAGATCA,0,4889766
ygfM_xdhD_predicted,0.16666666666666666,5,5,TCATATTTACCAGCAAAATC,0,4868354
ygfM_xdhD_predicted,0.16666666666666666,5,5,TCAGTCGCCTGACGACGGCC,0,4870518
ygfM_xdhD_predicted,0.16666666666666666,5,5,TCAGGCGACGGGGACGGGCA,0,4869066
ygfM_xdhD_predicted,0.16666666666666666,5,5,TCACCAATCTTCGAGGTGGA,0,4889350
ygfM_xdhD_predicted,0.16666666666666666,5,5,TCACCAATCGTACAGGAGGG,0,4872837
ygfM_xdhD_predicted,0.16666666666666666,5,5,TCAATGGAGACCCTTTACCT,0,4879097
ygfM_xdhD_predicted,0.16666666666666666,5,5,TCAATCAGTTTTCGTGTACC,0,4875121
ygfM_xdhD_predicted,0.16666666666666666,5,5,TCAAGGATGTCATGTGATAT,0,4895195
ygfM_xdhD_predicted,0.16666666666666666,5,5,TCAAGCATCTGTAGGTTGCA,0,4879942
ygfM_xdhD_predicted,0.16666666666666666,5,5,TCAACAACTCGGTTGCGATC,0,4865176
ygfM_xdhD_predicted,0.16666666666666666,5,5,TATTTCGTGTCCTATTCGCG,0,4865086
ygfM_xdhD_predicted,0.16666666666666666,5,5,TATTTCGCAAAATAGCCGTC,0,4871665
ygfM_xdhD_predicted,0.16666666666666666,5,5,TATTCTGCTATCCGTCTAAA,0,4872775
ygfM_xdhD_predicted,0.16666666666666666,5,5,TATGCTCTTGTTTTAACGAA,0,4895819
ygfM_xdhD_predicted,0.16666666666666666,5,5,TATGCAATGCTGTGTAGGCA,0,4899148
ygfM_xdhD_predicted,0.16666666666666666,5,5,TATGATAAGTGGATGGCCTG,0,4867863
ygfM_xdhD_predicted,0.16666666666666666,5,5,TATCTTGCGAGGTCCATGAC,0,4887642
ygfM_xdhD_predicted,0.16666666666666666,5,5,TATCGTCAGCGCGCTTATGT,0,4894217
ygfM_xdhD_predicted,0.16666666666666666,5,5,TATCGGGAATACGACCAACC,0,4891929
ygfM_xdhD_predicted,0.16666666666666666,5,5,TATATTCACTGAGCCTTTTG,0,4892480
ygfM_xdhD_predicted,0.16666666666666666,5,5,TATAGTAATTAGCGCTCCCG,0,4866973
ygfM_xdhD_predicted,0.16666666666666666,5,5,TATACGTTGGATCAAGTACC,0,4893925
ygfM_xdhD_predicted,0.16666666666666666,5,5,TATAACACGTTTGATACAGC,0,4871107
ygfM_xdhD_predicted,0.16666666666666666,5,5,TAGGGTACTACCTTGGGATT,0,4881881
ygfM_xdhD_predicted,0.16666666666666666,5,5,TAGGCCTGGTCTTTAGGTGG,0,4890870
ygfM_xdhD_predicted,0.16666666666666666,5,5,TAGCGGCCTGGGAGGAGGGT,0,4872201
ygfM_xdhD_predicted,0.16666666666666666,5,5,TAGCGCAGGTTTAACGCGGG,0,4882045
ygfM_xdhD_predicted,0.16666666666666666,5,5,TAGAGAACCCGCAGCCAGCT,0,4889373
ygfM_xdhD_predicted,0.16666666666666666,5,5,TAGACTGAGTGCTCCCAGAA,0,4882063
ygfM_xdhD_predicted,0.16666666666666666,5,5,TACTTATACATGTGAATTAG,0,4864449
ygfM_xdhD_predicted,0.16666666666666666,5,5,TACGTCCATAGCAAGACAAC,0,4878501
ygfM_xdhD_predicted,0.16666666666666666,5,5,TACGGTTTCCGTGGTGGATG,0,4864322
ygfM_xdhD_predicted,0.16666666666666666,5,5,TACCGTTGATATAGAACGAC,0,4895759
ygfM_xdhD_predicted,0.16666666666666666,5,5,TACCCAACGGCTCAGTGTCA,0,4866695
ygfM_xdhD_predicted,0.16666666666666666,5,5,TACCAGGTTTCTTTACGGAA,0,4881484
ygfM_xdhD_predicted,0.16666666666666666,5,5,TACCACTTAACATGCGGCGT,0,4888989
ygfM_xdhD_predicted,0.16666666666666666,5,5,TACAGTGAAGTGTAAGTAGA,0,4887078
ygfM_xdhD_predicted,0.16666666666666666,5,5,TACAGTCCCCCGCAGCACTC,0,4889957
ygfM_xdhD_predicted,0.16666666666666666,5,5,TACACCGATTCGCCCCCAGT,0,4896521
ygfM_xdhD_predicted,0.16666666666666666,5,5,TAATTGTAGCCAGCCCTTAA,0,4874925
ygfM_xdhD_predicted,0.16666666666666666,5,5,TAATTAGGTATTCAGTGCAG,0,4867531
ygfM_xdhD_predicted,0.16666666666666666,5,5,TAATGGTGTGTTTAGGGTGC,0,4879848
ygfM_xdhD_predicted,0.16666666666666666,5,5,TAATGAGGGGTACCCATCGG,0,4898009
ygfM_xdhD_predicted,0.16666666666666666,5,5,TAATCGACAATACGGGTTCA,0,4885188
ygfM_xdhD_predicted,0.16666666666666666,5,5,TAATCCCAGCTTCACGGCAA,0,4893070
ygfM_xdhD_predicted,0.16666666666666666,5,5,TAATATCCGGTAATATAGTA,0,4889075
ygfM_xdhD_predicted,0.16666666666666666,5,5,TAATACATGGACGATCACGC,0,4868556
ygfM_xdhD_predicted,0.16666666666666666,5,5,TAAGTACTGTTGCAATCTTA,0,4878052
ygfM_xdhD_predicted,0.16666666666666666,5,5,TAAGGCCCCCGTCGTCCTAT,0,4882132
ygfM_xdhD_predicted,0.16666666666666666,5,5,TAAGCTCGAGGGTAAATGTC,0,4899181
ygfM_xdhD_predicted,0.16666666666666666,5,5,TAAATTTATGTCGTCAGACA,0,4870111
ygfM_xdhD_predicted,0.16666666666666666,5,5,TAAAGTGATGAATACGATTA,0,4888554
ygfM_xdhD_predicted,0.16666666666666666,5,5,TAAAGGACGTACGGGGATAA,0,4868721
ygfM_xdhD_predicted,0.16666666666666666,5,5,TAAACCAATCAGTTGGGATG,0,4868012
ygfM_xdhD_predicted,0.16666666666666666,5,5,GTTTGCAAAAACATGCTGAG,0,4883533
ygfM_xdhD_predicted,0.16666666666666666,5,5,GTTTCGGGTTAGGCCCATCC,0,4865779
ygfM_xdhD_predicted,0.16666666666666666,5,5,GTTTATAAAAAAAGCTCAGG,0,4897972
ygfM_xdhD_predicted,0.16666666666666666,5,5,GTTGTCGCGTGGGCTCTTTT,0,4879045
ygfM_xdhD_predicted,0.16666666666666666,5,5,GTTGCATTCTTGCTCATTTT,0,4865651
ygfM_xdhD_predicted,0.16666666666666666,5,5,GTTGCATTCGAGGGCAGTAT,0,4888205
ygfM_xdhD_predicted,0.16666666666666666,5,5,GTTCTGTCTTCGCGTAGTTT,0,4890130
ygfM_xdhD_predicted,0.16666666666666666,5,5,GTTATAATCTATTGCGCGCC,0,4875367
ygfM_xdhD_predicted,0.16666666666666666,5,5,GTTAATGTCATATGCCCTAC,0,4877664
ygfM_xdhD_predicted,0.16666666666666666,5,5,GTTAACCTGCAAACGTAAGC,0,4893702
ygfM_xdhD_predicted,0.16666666666666666,5,5,GTGTTTAAGGGGATATTCGC,0,4869650
ygfM_xdhD_predicted,0.16666666666666666,5,5,GTGTGTTCTGGTGGAAGATG,0,4882445
ygfM_xdhD_predicted,0.16666666666666666,5,5,GTGTCCGTGTCACCCGTCTT,0,4864457
ygfM_xdhD_predicted,0.16666666666666666,5,5,GTGTATTTTTAGAGAATTCC,0,4883960
ygfM_xdhD_predicted,0.16666666666666666,5,5,GTGTACATATTTAACAGTCC,0,4892007
ygfM_xdhD_predicted,0.16666666666666666,5,5,GTGGTGCCCCGCTAGGACGT,0,4885146
ygfM_xdhD_predicted,0.16666666666666666,5,5,GTGGGTATTCATAACGCAAG,0,4886395
ygfM_xdhD_predicted,0.16666666666666666,5,5,GTGGGGTGCTATAAAGTAGG,0,4884045
ygfM_xdhD_predicted,0.16666666666666666,5,5,GTGGGATGTCTTAGGTGGCA,0,4886503
ygfM_xdhD_predicted,0.16666666666666666,5,5,GTGGAGAGGCCGGCAGGGGA,0,4882219
ygfM_xdhD_predicted,0.16666666666666666,5,5,GTGCCTGCGCAGGTATTCCC,0,4889875
ygfM_xdhD_predicted,0.16666666666666666,5,5,GTGAGGTAGAGGATGCACCT,0,4877300
ygfM_xdhD_predicted,0.16666666666666666,5,5,GTGAGCGGCGTCTCAGGCCT,0,4879445
ygfM_xdhD_predicted,0.16666666666666666,5,5,GTGACGCAAGCTCTTGCCTG,0,4887084
ygfM_xdhD_predicted,0.16666666666666666,5,5,GTGACAGCACAGACGGAACA,0,4887312
ygfM_xdhD_predicted,0.16666666666666666,5,5,GTCTGGTTGAATAAACAATT,0,4879723
ygfM_xdhD_predicted,0.16666666666666666,5,5,GTCTGACCAAGAAAGTGCAA,0,4872586
ygfM_xdhD_predicted,0.16666666666666666,5,5,GTCGCCTAGTGTCAGGATTG,0,4888307
ygfM_xdhD_predicted,0.16666666666666666,5,5,GTCCGGGAAAAAGGCTTAGA,0,4895982
ygfM_xdhD_predicted,0.16666666666666666,5,5,GTCCCTCTAGCCACAGCATG,0,4881063
ygfM_xdhD_predicted,0.16666666666666666,5,5,GTCCAACAAGCAATAAGTTC,0,4888106
ygfM_xdhD_predicted,0.16666666666666666,5,5,GTCATGTCGAGTAAAAGAGG,0,4864781
ygfM_xdhD_predicted,0.16666666666666666,5,5,GTCATGGGCCTTACCTACAG,0,4880016
ygfM_xdhD_predicted,0.16666666666666666,5,5,GTCATCAACTAATGTCCGGA,0,4886678
ygfM_xdhD_predicted,0.16666666666666666,5,5,GTATCAGAAGGCCTCGCATG,0,4884441
ygfM_xdhD_predicted,0.16666666666666666,5,5,GTATATGGTTTCATAAGAAC,0,4888309
ygfM_xdhD_predicted,0.16666666666666666,5,5,GTATAACCGCTCTCGCACCT,0,4893509
ygfM_xdhD_predicted,0.16666666666666666,5,5,GTACGAAGACCGTGGATAGC,0,4886543
ygfM_xdhD_predicted,0.16666666666666666,5,5,GTACACCTATTTGGCTAAGA,0,4880291
ygfM_xdhD_predicted,0.16666666666666666,5,5,GTAACGCTGGATTTACCCGG,0,4899573
ygfM_xdhD_predicted,0.16666666666666666,5,5,GTAAAACGCTTCCGAAAGTG,0,4865999
ygfM_xdhD_predicted,0.16666666666666666,5,5,GGTTGTGGCTGGGTTGGGAA,0,4873291
ygfM_xdhD_predicted,0.16666666666666666,5,5,GGTGTTAGCAGAGCATTTTA,0,4883839
ygfM_xdhD_predicted,0.16666666666666666,5,5,GGTGGACCACATAAGGCATT,0,4895404
ygfM_xdhD_predicted,0.16666666666666666,5,5,GGTGACTAATCTGAAAATTG,0,4896084
ygfM_xdhD_predicted,0.16666666666666666,5,5,GGTCTTCGTTACTTCAGTTA,0,4882595
ygfM_xdhD_predicted,0.16666666666666666,5,5,GGTCTATCTGCCCCTTGGGA,0,4888472
ygfM_xdhD_predicted,0.16666666666666666,5,5,GGTATAGTCCGCGCGGGCGA,0,4874219
ygfM_xdhD_predicted,0.16666666666666666,5,5,GGTAACACTGCTTCGAACTC,0,4877877
ygfM_xdhD_predicted,0.16666666666666666,5,5,GGGTATTCCCCCGGCAGAAG,0,4879004
ygfM_xdhD_predicted,0.16666666666666666,5,5,GGGTACCTGGTATCGTGTCT,0,4898666
ygfM_xdhD_predicted,0.16666666666666666,5,5,GGGGGTTTGAAGGCAGTGTG,0,4871623
ygfM_xdhD_predicted,0.16666666666666666,5,5,GGGCTTTCGATTTTATAAGG,0,4865975
ygfM_xdhD_predicted,0.16666666666666666,5,5,GGGCGGAGATGCACCATGAC,0,4880052
ygfM_xdhD_predicted,0.16666666666666666,5,5,GGGCCAAGTCCAGGGATACT,0,4869624
ygfM_xdhD_predicted,0.16666666666666666,5,5,GGGCACCTGTGATCGGTCTC,0,4874101
ygfM_xdhD_predicted,0.16666666666666666,5,5,GGGATTAGCTAATCCGTTCA,0,4884862
ygfM_xdhD_predicted,0.16666666666666666,5,5,GGGATGTTCATAAACAACGA,0,4889292
ygfM_xdhD_predicted,0.16666666666666666,5,5,GGGAGGCACAGGTTTAGTAT,0,4878575
ygfM_xdhD_predicted,0.16666666666666666,5,5,GGGAGCATGTGTGATAAGGA,0,4887680
ygfM_xdhD_predicted,0.16666666666666666,5,5,GGGACCGTCGTTGGAGTTCT,0,4870819
ygfM_xdhD_predicted,0.16666666666666666,5,5,GGGAACAGGTCCTCTTGTGT,0,4899078
ygfM_xdhD_predicted,0.16666666666666666,5,5,GGCTGTGCAAGCAAATGGAC,0,4877927
ygfM_xdhD_predicted,0.16666666666666666,5,5,GGCTGGGGGGCGAAACATTT,0,4888608
ygfM_xdhD_predicted,0.16666666666666666,5,5,GGCTAGCCTGCGGTGTCAAC,0,4888104
ygfM_xdhD_predicted,0.16666666666666666,5,5,GGCGTATTTCGGCCCGGCTT,0,4899566
ygfM_xdhD_predicted,0.16666666666666666,5,5,GGCGGGCGTTCGTTCATTAA,0,4872733
ygfM_xdhD_predicted,0.16666666666666666,5,5,GGCGGCGGCATTCTGTCAGG,0,4868893
ygfM_xdhD_predicted,0.16666666666666666,5,5,GGCGCCCTGAATAGGGCACG,0,4871868
ygfM_xdhD_predicted,0.16666666666666666,5,5,GGCGATTCAGTCTTGTGTTT,0,4890401
ygfM_xdhD_predicted,0.16666666666666666,5,5,GGCCTGCACGTCAAGGGCGA,0,4865428
ygfM_xdhD_predicted,0.16666666666666666,5,5,GGCCAATCCGAGCACGCTTG,0,4892587
ygfM_xdhD_predicted,0.16666666666666666,5,5,GGCAGACCTGAGCTGTAATA,0,4880423
ygfM_xdhD_predicted,0.16666666666666666,5,5,GGCACGGCGTGATTTTCTGT,0,4877879
ygfM_xdhD_predicted,0.16666666666666666,5,5,GGATGCATTTTCTCGTGATT,0,4888407
ygfM_xdhD_predicted,0.16666666666666666,5,5,GGATAAACATTCGGGCAACC,0,4890139
ygfM_xdhD_predicted,0.16666666666666666,5,5,GGAGGGTATCAGCACATTAA,0,4886787
ygfM_xdhD_predicted,0.16666666666666666,5,5,GGAGGGCGCGGCGGCTGACG,0,4887374
ygfM_xdhD_predicted,0.16666666666666666,5,5,GGAGATAATATGTCTGTAGC,0,4896079
ygfM_xdhD_predicted,0.16666666666666666,5,5,GGACTCGGTGTTCAGAAGGT,0,4873835
ygfM_xdhD_predicted,0.16666666666666666,5,5,GGACGCCGTCGTGGGAGTGT,0,4872821
ygfM_xdhD_predicted,0.16666666666666666,5,5,GGACGCACAATATACTCGGC,0,4874044
ygfM_xdhD_predicted,0.16666666666666666,5,5,GGACCTCAGTAGAACGGGAT,0,4864892
ygfM_xdhD_predicted,0.16666666666666666,5,5,GGAATAAAGCTGGGTCGAAA,0,4885434
ygfM_xdhD_predicted,0.16666666666666666,5,5,GGAAATCCGAGTTCTCAAAG,0,4872644
ygfM_xdhD_predicted,0.16666666666666666,5,5,GGAAAACCTCGGGTGAAGGT,0,4893473
ygfM_xdhD_predicted,0.16666666666666666,5,5,GCTTTATGAACATTAGGAGT,0,4873596
ygfM_xdhD_predicted,0.16666666666666666,5,5,GCTTGGTAGCGTGTCTTTTA,0,4897530
ygfM_xdhD_predicted,0.16666666666666666,5,5,GCTGGGGACCCAGCGATCAA,0,4898324
ygfM_xdhD_predicted,0.16666666666666666,5,5,GCTGCGGATATTCATCACAC,0,4871505
ygfM_xdhD_predicted,0.16666666666666666,5,5,GCTGCGACTTAATCTCATAA,0,4879262
ygfM_xdhD_predicted,0.16666666666666666,5,5,GCTGCGAATGGGGGGGAATC,0,4874275
ygfM_xdhD_predicted,0.16666666666666666,5,5,GCTGCACCAGGAACAAGGCT,0,4899663
ygfM_xdhD_predicted,0.16666666666666666,5,5,GCTCGGCTTGGGTGAGGCTA,0,4883683
ygfM_xdhD_predicted,0.16666666666666666,5,5,GCTCCCGAAATATAGCAGTT,0,4887888
ygfM_xdhD_predicted,0.16666666666666666,5,5,GCTCAGTATAAGCGATTATA,0,4893078
ygfM_xdhD_predicted,0.16666666666666666,5,5,GCTAGGGCGTAGTACTGACA,0,4895905
ygfM_xdhD_predicted,0.16666666666666666,5,5,GCTAGAATCGCCGCATGAAA,0,4881855
ygfM_xdhD_predicted,0.16666666666666666,5,5,GCTACGCGCCACAGTTTGGA,0,4896213
ygfM_xdhD_predicted,0.16666666666666666,5,5,GCTACCCTCGTCTGGACCTA,0,4872167
ygfM_xdhD_predicted,0.16666666666666666,5,5,GCTAAGAAGACAATAATGGT,0,4898922
ygfM_xdhD_predicted,0.16666666666666666,5,5,GCGTGCATCTCGCCCACTGC,0,4889293
ygfM_xdhD_predicted,0.16666666666666666,5,5,GCGTGATTCCATGTAACCAA,0,4864145
ygfM_xdhD_predicted,0.16666666666666666,5,5,GCGTCCGGCCAATACGTGGC,0,4864177
ygfM_xdhD_predicted,0.16666666666666666,5,5,GCGGCTTCTGGGGACCTAGA,0,4863815
ygfM_xdhD_predicted,0.16666666666666666,5,5,GCGGACTAGCTTCGCAAACC,0,4886126
ygfM_xdhD_predicted,0.16666666666666666,5,5,GCGCTGGCTTTACCGACCAA,0,4888030
ygfM_xdhD_predicted,0.16666666666666666,5,5,GCGACCCTAGATCACCTCCG,0,4868694
ygfM_xdhD_predicted,0.16666666666666666,5,5,GCCTAAAGAGTACATGCGAC,0,4865501
ygfM_xdhD_predicted,0.16666666666666666,5,5,GCCGTTGAATCCCAACATAT,0,4881298
ygfM_xdhD_predicted,0.16666666666666666,5,5,GCCGTCAGGTGCTTGGTAGA,0,4896514
ygfM_xdhD_predicted,0.16666666666666666,5,5,GCCGATTTCATCATCGATTG,0,4876446
ygfM_xdhD_predicted,0.16666666666666666,5,5,GCCGATCACGGTTGGCCTAA,0,4880961
ygfM_xdhD_predicted,0.16666666666666666,5,5,GCCCCGGCGTACTACTTCAG,0,4864845
ygfM_xdhD_predicted,0.16666666666666666,5,5,GCCAGTAGACGTCGCAAAAT,0,4880156
ygfM_xdhD_predicted,0.16666666666666666,5,5,GCCAACACGTCGATGGAGAA,0,4866588
ygfM_xdhD_predicted,0.16666666666666666,5,5,GCATTTTCAACCATTCCTTT,0,4875634
ygfM_xdhD_predicted,0.16666666666666666,5,5,GCATTGAACGTTGGCTGGGT,0,4894241
ygfM_xdhD_predicted,0.16666666666666666,5,5,GCATCTGCGTTGGTGCGCTT,0,4877267
ygfM_xdhD_predicted,0.16666666666666666,5,5,GCATCAATTTCCTCACTGGA,0,4866497
ygfM_xdhD_predicted,0.16666666666666666,5,5,GCAGTTGGGAATGATTCTTC,0,4882968
ygfM_xdhD_predicted,0.16666666666666666,5,5,GCAGACTCACTCGCGGGCAG,0,4864828
ygfM_xdhD_predicted,0.16666666666666666,5,5,GCACCGTCTACTCGGTATGA,0,4883466
ygfM_xdhD_predicted,0.16666666666666666,5,5,GCAAAGAAGAAGGGCGTATA,0,4892943
ygfM_xdhD_predicted,0.16666666666666666,5,5,GATTTATGGAGCCTTTCCTA,0,4867848
ygfM_xdhD_predicted,0.16666666666666666,5,5,GATGTCTCACACTACTTCGC,0,4876121
ygfM_xdhD_predicted,0.16666666666666666,5,5,GATGCCGCAACCAGTGGCTC,0,4869580
ygfM_xdhD_predicted,0.16666666666666666,5,5,GATCTGAGCTAGTTGATGTT,0,4898344
ygfM_xdhD_predicted,0.16666666666666666,5,5,GATCATTTGTATGATTAGGT,0,4899485
ygfM_xdhD_predicted,0.16666666666666666,5,5,GATCAAACACGTCAGAACCT,0,4880546
ygfM_xdhD_predicted,0.16666666666666666,5,5,GATATCCAGTCTATACTTCC,0,4895129
ygfM_xdhD_predicted,0.16666666666666666,5,5,GATAGGGATTCATACCAACC,0,4874063
ygfM_xdhD_predicted,0.16666666666666666,5,5,GAGTAGCTAACCCTGTACTT,0,4872184
ygfM_xdhD_predicted,0.16666666666666666,5,5,GAGCACAAGGACGTCTATCG,0,4895455
ygfM_xdhD_predicted,0.16666666666666666,5,5,GAGAGAGCCAGGGAAAGGCA,0,4872176
ygfM_xdhD_predicted,0.16666666666666666,5,5,GAGACCAGCTCGCTCTGATA,0,4881662
ygfM_xdhD_predicted,0.16666666666666666,5,5,GAGAACGCAGATGACGCGAA,0,4897427
ygfM_xdhD_predicted,0.16666666666666666,5,5,GACTTCTACCGCCACAGCTA,0,4876773
ygfM_xdhD_predicted,0.16666666666666666,5,5,GACTCCGGCATGGTCTGTCA,0,4888983
ygfM_xdhD_predicted,0.16666666666666666,5,5,GACGGACAGCGCCCTCAGGG,0,4865985
ygfM_xdhD_predicted,0.16666666666666666,5,5,GACGCTCCACGTAGCCCACG,0,4870996
ygfM_xdhD_predicted,0.16666666666666666,5,5,GACCTGCCTACGGTAGCAGC,0,4881004
ygfM_xdhD_predicted,0.16666666666666666,5,5,GACAGCTTTGAATGCTCAGC,0,4863869
ygfM_xdhD_predicted,0.16666666666666666,5,5,GACAGCTGCCGCGGTACCAA,0,4896184
ygfM_xdhD_predicted,0.16666666666666666,5,5,GACAGACGCTGTTAATTGAG,0,4883502
ygfM_xdhD_predicted,0.16666666666666666,5,5,GAATTGTATCAATAGTTCTG,0,4866296
ygfM_xdhD_predicted,0.16666666666666666,5,5,GAATAATTTCGTAGTGCAGA,0,4877567
ygfM_xdhD_predicted,0.16666666666666666,5,5,GAAGGAATGGATCCTAATGG,0,4899187
ygfM_xdhD_predicted,0.16666666666666666,5,5,GAAGCCCAGGGATGCACAGC,0,4893256
ygfM_xdhD_predicted,0.16666666666666666,5,5,GAAGCACCATAGTTAGACGA,0,4896021
ygfM_xdhD_predicted,0.16666666666666666,5,5,GAAGAGGCATATGTAACAAG,0,4869313
ygfM_xdhD_predicted,0.16666666666666666,5,5,GAAATGCAAGCAGCGAGGCA,0,4877597
ygfM_xdhD_predicted,0.16666666666666666,5,5,GAAACCATACATCAGTGACG,0,4864950
ygfM_xdhD_predicted,0.16666666666666666,5,5,CTTGTTGCTGTCGATTTGGA,0,4878789
ygfM_xdhD_predicted,0.16666666666666666,5,5,CTTGTTCTGCGATGTACCCC,0,4864338
ygfM_xdhD_predicted,0.16666666666666666,5,5,CTTGTTAGGAACGACAGCAT,0,4884778
ygfM_xdhD_predicted,0.16666666666666666,5,5,CTTGGGGTATTGATGGGAGC,0,4881037
ygfM_xdhD_predicted,0.16666666666666666,5,5,CTTGGATGCGTTGTGTAGGA,0,4881260
ygfM_xdhD_predicted,0.16666666666666666,5,5,CTTGACCTCCAATCGCTAAT,0,4892493
ygfM_xdhD_predicted,0.16666666666666666,5,5,CTTCATAGAAGATATCAGAA,0,4892141
ygfM_xdhD_predicted,0.16666666666666666,5,5,CTTCACAGTAGGACGTCTGA,0,4880416
ygfM_xdhD_predicted,0.16666666666666666,5,5,CTTAAGCGTTGAGCCATCAA,0,4876711
ygfM_xdhD_predicted,0.16666666666666666,5,5,CTGTGCATACACTTCATCGT,0,4891782
ygfM_xdhD_predicted,0.16666666666666666,5,5,CTGCTGAGTATATTCGGTCC,0,4895240
ygfM_xdhD_predicted,0.16666666666666666,5,5,CTGCGGCGACGACAACAATA,0,4870151
ygfM_xdhD_predicted,0.16666666666666666,5,5,CTGCGATCGGTTACTAAGTG,0,4886814
ygfM_xdhD_predicted,0.16666666666666666,5,5,CTGATACGTGACCAATTTCA,0,4882793
ygfM_xdhD_predicted,0.16666666666666666,5,5,CTGAGCCGAGTACCCATAAC,0,4891157
ygfM_xdhD_predicted,0.16666666666666666,5,5,CTCCCAATTATCAATCGTGT,0,4898945
ygfM_xdhD_predicted,0.16666666666666666,5,5,CTCCATTTACAGTTGGTAGG,0,4887809
ygfM_xdhD_predicted,0.16666666666666666,5,5,CTCATCGTGGCCGTCTGGCG,0,4895770
ygfM_xdhD_predicted,0.16666666666666666,5,5,CTCAGCGGGCCCTATACAGT,0,4894097
ygfM_xdhD_predicted,0.16666666666666666,5,5,CTCAGCCTAAGACTGCTCAT,0,4877469
ygfM_xdhD_predicted,0.16666666666666666,5,5,CTCAGCCAGGGGCACGGATT,0,4893870
ygfM_xdhD_predicted,0.16666666666666666,5,5,CTCACGTCACTCGAAAAAAA,0,4864350
ygfM_xdhD_predicted,0.16666666666666666,5,5,CTCAACCCTACTGATCATAT,0,4895435
ygfM_xdhD_predicted,0.16666666666666666,5,5,CTATCAGCCCCTTCTGTTAA,0,4883278
ygfM_xdhD_predicted,0.16666666666666666,5,5,CTAGATACTACGTCCGGCTT,0,4887578
ygfM_xdhD_predicted,0.16666666666666666,5,5,CTACGGAAGCATCGAGTTCG,0,4866921
ygfM_xdhD_predicted,0.16666666666666666,5,5,CTACAATAAATTCATCTAGT,0,4873326
ygfM_xdhD_predicted,0.16666666666666666,5,5,CTAAATAGTGTTTTAAGGAA,0,4877940
ygfM_xdhD_predicted,0.16666666666666666,5,5,CTAAAGTGACTAGATAAATC,0,4870384
ygfM_xdhD_predicted,0.16666666666666666,5,5,CGTTTTTGAAGTATTAAGAC,0,4884097
ygfM_xdhD_predicted,0.16666666666666666,5,5,CGTTGGAATGGTCAGTCACA,0,4882871
ygfM_xdhD_predicted,0.16666666666666666,5,5,CGTTCAACGACAGTAGTGGT,0,4884964
ygfM_xdhD_predicted,0.16666666666666666,5,5,CGTGTTAAAAGTGCTGCCGA,0,4864910
ygfM_xdhD_predicted,0.16666666666666666,5,5,CGTGTCAAATCTCGATGCTC,0,4894525
ygfM_xdhD_predicted,0.16666666666666666,5,5,CGTCTGTAGGAAATGTGCTT,0,4875413
ygfM_xdhD_predicted,0.16666666666666666,5,5,CGTCTGATTATAGGATCTTG,0,4865646
ygfM_xdhD_predicted,0.16666666666666666,5,5,CGTCGGTGCAAAACGCCTAC,0,4885426
ygfM_xdhD_predicted,0.16666666666666666,5,5,CGTCATTGAAGCTTATCCAC,0,4864023
ygfM_xdhD_predicted,0.16666666666666666,5,5,CGTCACCAGGCAACATTTGC,0,4866086
ygfM_xdhD_predicted,0.16666666666666666,5,5,CGTAGTTGTTAAGTGTTCTA,0,4883472
ygfM_xdhD_predicted,0.16666666666666666,5,5,CGGTTGTTTCGTTCCCTGCA,0,4887174
ygfM_xdhD_predicted,0.16666666666666666,5,5,CGGTAAATGAAAACTATTGG,0,4887362
ygfM_xdhD_predicted,0.16666666666666666,5,5,CGGTAAACGATACTCAGCTG,0,4880560
ygfM_xdhD_predicted,0.16666666666666666,5,5,CGGGCGTAGTTTACTTCATC,0,4877499
ygfM_xdhD_predicted,0.16666666666666666,5,5,CGGGCAGTGTCAGCACAGGT,0,4872595
ygfM_xdhD_predicted,0.16666666666666666,5,5,CGGGCAACGACGGAGTTCCT,0,4881348
ygfM_xdhD_predicted,0.16666666666666666,5,5,CGGGAGGTTCAAGGCTTTAA,0,4898851
ygfM_xdhD_predicted,0.16666666666666666,5,5,CGGCCTGGGGTAGACTTGTC,0,4864568
ygfM_xdhD_predicted,0.16666666666666666,5,5,CGGATGCAGGGAATGTGTCA,0,4880017
ygfM_xdhD_predicted,0.16666666666666666,5,5,CGGAATTATCTCTATAGATT,0,4891399
ygfM_xdhD_predicted,0.16666666666666666,5,5,CGCTGGCGCTCCAAGCGGCT,0,4883753
ygfM_xdhD_predicted,0.16666666666666666,5,5,CGCTGCTGGGTTTAGGCTTT,0,4868277
ygfM_xdhD_predicted,0.16666666666666666,5,5,CGCTCTCACCCACGCGTGAC,0,4865347
ygfM_xdhD_predicted,0.16666666666666666,5,5,CGCTAGATAGCTAAAAGCAG,0,4896847
ygfM_xdhD_predicted,0.16666666666666666,5,5,CGCCTTAGGATCTTGGCGTT,0,4872394
ygfM_xdhD_predicted,0.16666666666666666,5,5,CGCCCGACTACCGACCGGCG,0,4869025
ygfM_xdhD_predicted,0.16666666666666666,5,5,CGCAGATGAGGGACGGTTAC,0,4872408
ygfM_xdhD_predicted,0.16666666666666666,5,5,CGATTACACTCAAGTACTTG,0,4876192
ygfM_xdhD_predicted,0.16666666666666666,5,5,CGATGAGAGGAGCGTTGCAT,0,4890026
ygfM_xdhD_predicted,0.16666666666666666,5,5,CGATCGAGTTACTTGCCTTT,0,4887984
ygfM_xdhD_predicted,0.16666666666666666,5,5,CGATAGTGTCCTGGTTCGTA,0,4895373
ygfM_xdhD_predicted,0.16666666666666666,5,5,CGATAGTGGTATTAATTGGA,0,4870703
ygfM_xdhD_predicted,0.16666666666666666,5,5,CGATAATTGCAGCAGTGGGA,0,4871342
ygfM_xdhD_predicted,0.16666666666666666,5,5,CGAGCGACGGACCGCACAAC,0,4892620
ygfM_xdhD_predicted,0.16666666666666666,5,5,CGAGCACACTTAAAGTCGGC,0,4868361
ygfM_xdhD_predicted,0.16666666666666666,5,5,CGACTGAGGGCGTTCCGGCA,0,4879033
ygfM_xdhD_predicted,0.16666666666666666,5,5,CGACGTTTCTAGTGCTTCTT,0,4895823
ygfM_xdhD_predicted,0.16666666666666666,5,5,CGACGACGTTTTATATCTCG,0,4885081
ygfM_xdhD_predicted,0.16666666666666666,5,5,CGAATGCACTCACGATCACA,0,4891061
ygfM_xdhD_predicted,0.16666666666666666,5,5,CGAAGCCGGGGGTAAGGAGG,0,4894523
ygfM_xdhD_predicted,0.16666666666666666,5,5,CGAACCCGCCTGAGGCGAAG,0,4886000
ygfM_xdhD_predicted,0.16666666666666666,5,5,CGAAACTGCCTAACGACCTC,0,4895721
ygfM_xdhD_predicted,0.16666666666666666,5,5,CCTGCGATAGGGGCTCTCGG,0,4877682
ygfM_xdhD_predicted,0.16666666666666666,5,5,CCTGCCTACCGGCCACCGCT,0,4897359
ygfM_xdhD_predicted,0.16666666666666666,5,5,CCTCGCCACGTCTAGATCCG,0,4897146
ygfM_xdhD_predicted,0.16666666666666666,5,5,CCTCGCATAGCCACTGTCAA,0,4891097
ygfM_xdhD_predicted,0.16666666666666666,5,5,CCTCCTTCTAAGGTTCCCAC,0,4874430
ygfM_xdhD_predicted,0.16666666666666666,5,5,CCTATTATCGCTCATTGTCC,0,4886542
ygfM_xdhD_predicted,0.16666666666666666,5,5,CCTATGTTAATAACGAAGGT,0,4895413
ygfM_xdhD_predicted,0.16666666666666666,5,5,CCTAGTACTTGACTTTTTTG,0,4896845
ygfM_xdhD_predicted,0.16666666666666666,5,5,CCTAGACCCTAGACGCGCAG,0,4880884
ygfM_xdhD_predicted,0.16666666666666666,5,5,CCTAGACCATAGGTCTCCCG,0,4881279
ygfM_xdhD_predicted,0.16666666666666666,5,5,CCTAATTATTCTGAATATAT,0,4879003
ygfM_xdhD_predicted,0.16666666666666666,5,5,CCGTTGATTATGAGTTAAGT,0,4897981
ygfM_xdhD_predicted,0.16666666666666666,5,5,CCGTGGCTGTATACCATAGA,0,4890974
ygfM_xdhD_predicted,0.16666666666666666,5,5,CCGTCCTTGGTATAAGCAAA,0,4872785
ygfM_xdhD_predicted,0.16666666666666666,5,5,CCGTATCGAGCTCGTGCCAT,0,4886427
ygfM_xdhD_predicted,0.16666666666666666,5,5,CCGTAAAATTCGTCTGCCGA,0,4879216
ygfM_xdhD_predicted,0.16666666666666666,5,5,CCGGTGGTAGAAATCTTTGG,0,4891045
ygfM_xdhD_predicted,0.16666666666666666,5,5,CCGGGACTCGTTCTGACAGT,0,4871335
ygfM_xdhD_predicted,0.16666666666666666,5,5,CCGGGACGCAAAGAAGAACC,0,4889540
ygfM_xdhD_predicted,0.16666666666666666,5,5,CCGGAGGGCCCAATGTCTAC,0,4894639
ygfM_xdhD_predicted,0.16666666666666666,5,5,CCGCCCGAGGGCACTTAAAA,0,4869276
ygfM_xdhD_predicted,0.16666666666666666,5,5,CCGCATGCGAATTCCGTCGG,0,4884925
ygfM_xdhD_predicted,0.16666666666666666,5,5,CCCTTCAGCCTGAGTTCCAT,0,4896094
ygfM_xdhD_predicted,0.16666666666666666,5,5,CCCTTCAAGTCTTTACCCTA,0,4867529
ygfM_xdhD_predicted,0.16666666666666666,5,5,CCCGGCCGAAGCTGCGTACC,0,4877622
ygfM_xdhD_predicted,0.16666666666666666,5,5,CCCGCACGCCAGACGTCTCA,0,4886621
ygfM_xdhD_predicted,0.16666666666666666,5,5,CCCCTCTGTTTTCATAAGCA,0,4897428
ygfM_xdhD_predicted,0.16666666666666666,5,5,CCCCGGTACGGCGACCGCTC,0,4893900
ygfM_xdhD_predicted,0.16666666666666666,5,5,CCCCGGTACAAGCACTCGTT,0,4876977
ygfM_xdhD_predicted,0.16666666666666666,5,5,CCCCATGCGATCGGGTGGGG,0,4894114
ygfM_xdhD_predicted,0.16666666666666666,5,5,CCCATCATGTAGCGCCTTCG,0,4894430
ygfM_xdhD_predicted,0.16666666666666666,5,5,CCATAACTCACGTTACGCGT,0,4882643
ygfM_xdhD_predicted,0.16666666666666666,5,5,CCAGGCTAGTCTTAACCTGA,0,4872239
ygfM_xdhD_predicted,0.16666666666666666,5,5,CCAGACGAATGTTGCTGACG,0,4869094
ygfM_xdhD_predicted,0.16666666666666666,5,5,CCACGGCGATGTCGGTGATT,0,4874988
ygfM_xdhD_predicted,0.16666666666666666,5,5,CCACCTTCCTGTGCTTTTAC,0,4886017
ygfM_xdhD_predicted,0.16666666666666666,5,5,CCACAACCGAGACGTAACCC,0,4891038
ygfM_xdhD_predicted,0.16666666666666666,5,5,CCAATGTTTCATTCGCTCTG,0,4882729
ygfM_xdhD_predicted,0.16666666666666666,5,5,CCAATGCCAGTTTTAGTTGG,0,4895769
ygfM_xdhD_predicted,0.16666666666666666,5,5,CCAAGAGCAAGGCGTGGCTT,0,4894276
ygfM_xdhD_predicted,0.16666666666666666,5,5,CCAACGGTAGAGAAATCAGT,0,4870362
ygfM_xdhD_predicted,0.16666666666666666,5,5,CATTTTGGTACCACGGAATT,0,4891282
ygfM_xdhD_predicted,0.16666666666666666,5,5,CATTGTCTACCAGGAGCGCG,0,4891361
ygfM_xdhD_predicted,0.16666666666666666,5,5,CATTCTGCATAGCCCCGTTT,0,4873649
ygfM_xdhD_predicted,0.16666666666666666,5,5,CATGAACCAGACTGTATGAC,0,4886358
ygfM_xdhD_predicted,0.16666666666666666,5,5,CAGTTGATTCCGGATCCGGG,0,4890950
ygfM_xdhD_predicted,0.16666666666666666,5,5,CAGTGCGCGCTGATCTACGG,0,4886010
ygfM_xdhD_predicted,0.16666666666666666,5,5,CAGGGCGTGGCGCCAAACGT,0,4866606
ygfM_xdhD_predicted,0.16666666666666666,5,5,CAGGGATCAGTTCAACTTCG,0,4883464
ygfM_xdhD_predicted,0.16666666666666666,5,5,CAGGCCAGCGTCGCGGAAGC,0,4873266
ygfM_xdhD_predicted,0.16666666666666666,5,5,CAGCGTAGAAAATACCCGTT,0,4885937
ygfM_xdhD_predicted,0.16666666666666666,5,5,CAGCCTACAAACCTCTTGAA,0,4872715
ygfM_xdhD_predicted,0.16666666666666666,5,5,CAGCACCTGATTGTCTCGTT,0,4883864
ygfM_xdhD_predicted,0.16666666666666666,5,5,CAGATAGAGCGGGATATGGG,0,4884834
ygfM_xdhD_predicted,0.16666666666666666,5,5,CAGAGGGAAGAAGGCGGCGA,0,4889964
ygfM_xdhD_predicted,0.16666666666666666,5,5,CAGAGATTTGCTTTCGTAAT,0,4897363
ygfM_xdhD_predicted,0.16666666666666666,5,5,CACTCGCATGTTCCGGTGTA,0,4867523
ygfM_xdhD_predicted,0.16666666666666666,5,5,CACTCCGAGCACTTTTTATC,0,4889760
ygfM_xdhD_predicted,0.16666666666666666,5,5,CACTATTAGAGTAACTATCG,0,4896952
ygfM_xdhD_predicted,0.16666666666666666,5,5,CACGTTGGTCCAACTGGGAT,0,4877549
ygfM_xdhD_predicted,0.16666666666666666,5,5,CACGAACTTTTTGGCGCTGA,0,4894984
ygfM_xdhD_predicted,0.16666666666666666,5,5,CACCTACACAGGTGGACATT,0,4896473
ygfM_xdhD_predicted,0.16666666666666666,5,5,CACCGAGGGGCGTATTGTAG,0,4885997
ygfM_xdhD_predicted,0.16666666666666666,5,5,CACCATAGAACGGTATTCCT,0,4896846
ygfM_xdhD_predicted,0.16666666666666666,5,5,CACATGGAGATGTAACGTGG,0,4879526
ygfM_xdhD_predicted,0.16666666666666666,5,5,CACAACAGCAGGGTGAAACT,0,4886911
ygfM_xdhD_predicted,0.16666666666666666,5,5,CAATCAGTGAAGCACTGCAA,0,4886505
ygfM_xdhD_predicted,0.16666666666666666,5,5,CAATCAGAACTGGCTATCGC,0,4869129
ygfM_xdhD_predicted,0.16666666666666666,5,5,CAAGTTTTGCTCTAGTTTGT,0,4888127
ygfM_xdhD_predicted,0.16666666666666666,5,5,CAAGGGCTCTTTTTAGGATT,0,4893272
ygfM_xdhD_predicted,0.16666666666666666,5,5,CAAGGGAATCGTCGGTGTAC,0,4885588
ygfM_xdhD_predicted,0.16666666666666666,5,5,CAAGGCCGTGCCCAAGGTGA,0,4887152
ygfM_xdhD_predicted,0.16666666666666666,5,5,CAAGCATGGATTGCTTAGTA,0,4899219
ygfM_xdhD_predicted,0.16666666666666666,5,5,CAACTTGACGCAGAGTACGT,0,4885307
ygfM_xdhD_predicted,0.16666666666666666,5,5,CAACGGGATGGGGCTCCTCA,0,4894386
ygfM_xdhD_predicted,0.16666666666666666,5,5,CAACATTTTAGCCCACCTCG,0,4884568
ygfM_xdhD_predicted,0.16666666666666666,5,5,CAAATATAACGGTGGTATCC,0,4881221
ygfM_xdhD_predicted,0.16666666666666666,5,5,CAAATAGGGTGCTTTAACCA,0,4864731
ygfM_xdhD_predicted,0.16666666666666666,5,5,CAAAGTAGCATTCCCCGCAT,0,4878444
ygfM_xdhD_predicted,0.16666666666666666,5,5,CAAAGATAGTCGATTGAGTT,0,4889754
ygfM_xdhD_predicted,0.16666666666666666,5,5,CAAAGACGCAAGGTGAGATT,0,4890734
ygfM_xdhD_predicted,0.16666666666666666,5,5,CAAACGTGAAAAGTAGCGGC,0,4881721
ygfM_xdhD_predicted,0.16666666666666666,5,5,CAAACCACTCGGCCCCGTGT,0,4866436
ygfM_xdhD_predicted,0.16666666666666666,5,5,ATTTTATCCAAGGTGTATCA,0,4880280
ygfM_xdhD_predicted,0.16666666666666666,5,5,ATTTGGGCTAGGAAACGGCT,0,4897800
ygfM_xdhD_predicted,0.16666666666666666,5,5,ATTTCCGCCGGACGTATCCA,0,4889570
ygfM_xdhD_predicted,0.16666666666666666,5,5,ATTTACATACCATTAGAGTA,0,4874481
ygfM_xdhD_predicted,0.16666666666666666,5,5,ATTGATAGTGAATCTTGGAA,0,4889270
ygfM_xdhD_predicted,0.16666666666666666,5,5,ATTCGAAGTGTTCTAGCGGA,0,4887472
ygfM_xdhD_predicted,0.16666666666666666,5,5,ATGTCGCCACTCATATTAGG,0,4891868
ygfM_xdhD_predicted,0.16666666666666666,5,5,ATGTCAAAATGGCCAATCAA,0,4892368
ygfM_xdhD_predicted,0.16666666666666666,5,5,ATGTATCAGTCGTCATCAGT,0,4871521
ygfM_xdhD_predicted,0.16666666666666666,5,5,ATGGTTGTCGTTGCGCCAGT,0,4879985
ygfM_xdhD_predicted,0.16666666666666666,5,5,ATGGTATAGTGCTTGATGAC,0,4884161
ygfM_xdhD_predicted,0.16666666666666666,5,5,ATGGATAAGGTAGTCAGATC,0,4895406
ygfM_xdhD_predicted,0.16666666666666666,5,5,ATGCGGATTCCCAGCGCCTG,0,4874360
ygfM_xdhD_predicted,0.16666666666666666,5,5,ATGCGGACTGGTCGGACGGT,0,4874054
ygfM_xdhD_predicted,0.16666666666666666,5,5,ATGCGATACGTGATATGGTC,0,4882477
ygfM_xdhD_predicted,0.16666666666666666,5,5,ATGCCCTATAGGCGATTTGC,0,4892535
ygfM_xdhD_predicted,0.16666666666666666,5,5,ATGATTGGTATAACCCTCTC,0,4891948
ygfM_xdhD_predicted,0.16666666666666666,5,5,ATGACGTTTATTTGCCCGGC,0,4898508
ygfM_xdhD_predicted,0.16666666666666666,5,5,ATGAAATCGGGTAATCCGAT,0,4866537
ygfM_xdhD_predicted,0.16666666666666666,5,5,ATCTTTGCAAGAACTAAGGT,0,4894861
ygfM_xdhD_predicted,0.16666666666666666,5,5,ATCTTTGAAGAGCATCAGAG,0,4879238
ygfM_xdhD_predicted,0.16666666666666666,5,5,ATCTTGTTCAGGCAGCCCAA,0,4879847
ygfM_xdhD_predicted,0.16666666666666666,5,5,ATCTGCAGCGTAGTCACATC,0,4863944
ygfM_xdhD_predicted,0.16666666666666666,5,5,ATCTCCTTGGACTAAGGACG,0,4886682
ygfM_xdhD_predicted,0.16666666666666666,5,5,ATCGGTAAGAAAGCCGAGGG,0,4865427
ygfM_xdhD_predicted,0.16666666666666666,5,5,ATCGGGTAGGAATTTTCGGC,0,4889209
ygfM_xdhD_predicted,0.16666666666666666,5,5,ATCCGCAGGTAGGCAGCTGG,0,4872728
ygfM_xdhD_predicted,0.16666666666666666,5,5,ATCCGACGAGTCTTCCCCTG,0,4869785
ygfM_xdhD_predicted,0.16666666666666666,5,5,ATCCAAATAAAACGCTCCTC,0,4875843
ygfM_xdhD_predicted,0.16666666666666666,5,5,ATCACTAAGCCTCGGAGCCA,0,4886379
ygfM_xdhD_predicted,0.16666666666666666,5,5,ATCACAGCGTTCGCAGGTCT,0,4867680
ygfM_xdhD_predicted,0.16666666666666666,5,5,ATCAACGTTGGTGACATATG,0,4877200
ygfM_xdhD_predicted,0.16666666666666666,5,5,ATATGGCCGGCTCGATGGGT,0,4881482
ygfM_xdhD_predicted,0.16666666666666666,5,5,ATATCTAATAGTACTGGTTC,0,4883415
ygfM_xdhD_predicted,0.16666666666666666,5,5,ATATAAGGACCGGGAAGCCT,0,4898816
ygfM_xdhD_predicted,0.16666666666666666,5,5,ATAGTTCGCCCGCTAATATT,0,4889437
ygfM_xdhD_predicted,0.16666666666666666,5,5,ATACTGCTTCGAATCTATAT,0,4876219
ygfM_xdhD_predicted,0.16666666666666666,5,5,ATACTCGCTCAAGACGGGCC,0,4866820
ygfM_xdhD_predicted,0.16666666666666666,5,5,ATACTCATGTGACCCATTTA,0,4873373
ygfM_xdhD_predicted,0.16666666666666666,5,5,ATACGGTATGGAGTGTTTTC,0,4883847
ygfM_xdhD_predicted,0.16666666666666666,5,5,ATACGGCGTCTACTTCGCTA,0,4884653
ygfM_xdhD_predicted,0.16666666666666666,5,5,ATACCTAATGCCCGGTAGTC,0,4893535
ygfM_xdhD_predicted,0.16666666666666666,5,5,ATACCGGTGCCGATCTTTTG,0,4897392
ygfM_xdhD_predicted,0.16666666666666666,5,5,ATACAGTTAGGTGCGCAGTT,0,4883111
ygfM_xdhD_predicted,0.16666666666666666,5,5,ATACAGTCGGTAGGATTTAC,0,4874327
ygfM_xdhD_predicted,0.16666666666666666,5,5,ATAATCTCCTCTCCTCCTTA,0,4871387
ygfM_xdhD_predicted,0.16666666666666666,5,5,ATAATATACCCTAAGTTGGC,0,4872523
ygfM_xdhD_predicted,0.16666666666666666,5,5,ATAACACGCGACCGTTCTCT,0,4882280
ygfM_xdhD_predicted,0.16666666666666666,5,5,ATAACAACCACGCTGAGGCC,0,4872561
ygfM_xdhD_predicted,0.16666666666666666,5,5,ATAAACTGGACAACCCCAAC,0,4873913
ygfM_xdhD_predicted,0.16666666666666666,5,5,ATAAAAGGCCAATTCTCGTT,0,4893824
ygfM_xdhD_predicted,0.16666666666666666,5,5,AGTTGAAGTGTACGTCTGAG,0,4879410
ygfM_xdhD_predicted,0.16666666666666666,5,5,AGTTCCAAACTCTCGCCGCT,0,4872699
ygfM_xdhD_predicted,0.16666666666666666,5,5,AGTTCAAGGGAGCCGGTAGT,0,4880633
ygfM_xdhD_predicted,0.16666666666666666,5,5,AGTTATTACAACCTCCTGCT,0,4868533
ygfM_xdhD_predicted,0.16666666666666666,5,5,AGTGCATTAAGGGGCTCAAA,0,4875436
ygfM_xdhD_predicted,0.16666666666666666,5,5,AGTGAGTGCGTCTTCAATTT,0,4877566
ygfM_xdhD_predicted,0.16666666666666666,5,5,AGTCTTTATGGTCCGTTACT,0,4885247
ygfM_xdhD_predicted,0.16666666666666666,5,5,AGTCTACTGTGTGCATTGTG,0,4883846
ygfM_xdhD_predicted,0.16666666666666666,5,5,AGTCGGTTGACAACGCAATT,0,4882993
ygfM_xdhD_predicted,0.16666666666666666,5,5,AGGTTGGGCTTCATTAGAAA,0,4890068
ygfM_xdhD_predicted,0.16666666666666666,5,5,AGGTAGTCTAATCGAGCGAG,0,4864923
ygfM_xdhD_predicted,0.16666666666666666,5,5,AGGGTCTTTGACCTTAGGTT,0,4886676
ygfM_xdhD_predicted,0.16666666666666666,5,5,AGGGGTACTTGCAGGCTTCT,0,4894287
ygfM_xdhD_predicted,0.16666666666666666,5,5,AGGGGGGTGACGCCCTGTTC,0,4898442
ygfM_xdhD_predicted,0.16666666666666666,5,5,AGGGCTTGCGGGCAGAAGTA,0,4873911
ygfM_xdhD_predicted,0.16666666666666666,5,5,AGGCCACGCCAACAGGGTCC,0,4876674
ygfM_xdhD_predicted,0.16666666666666666,5,5,AGGATGAATGGTGGGCAACC,0,4894294
ygfM_xdhD_predicted,0.16666666666666666,5,5,AGCTTTGCTTTAAAAACTAC,0,4881059
ygfM_xdhD_predicted,0.16666666666666666,5,5,AGCTCACACGGCCAAAGACA,0,4887035
ygfM_xdhD_predicted,0.16666666666666666,5,5,AGCTAGGATAGGGAGTGCTA,0,4899627
ygfM_xdhD_predicted,0.16666666666666666,5,5,AGCGTCGCGACTAGGGCTCC,0,4871126
ygfM_xdhD_predicted,0.16666666666666666,5,5,AGCGTACCACAACCTGGGCT,0,4871998
ygfM_xdhD_predicted,0.16666666666666666,5,5,AGCGGGTAGCGAGGGCCTGT,0,4874665
ygfM_xdhD_predicted,0.16666666666666666,5,5,AGCCGCGCCCTGAATGGCAG,0,4873293
ygfM_xdhD_predicted,0.16666666666666666,5,5,AGCCCACCCTACCCTGGAAC,0,4882121
ygfM_xdhD_predicted,0.16666666666666666,5,5,AGCCAGAGTAATTTAGGTCC,0,4871674
ygfM_xdhD_predicted,0.16666666666666666,5,5,AGCAGTTTAAGAAACCCGAG,0,4890021
ygfM_xdhD_predicted,0.16666666666666666,5,5,AGCACGAGTAAAATGAGTAG,0,4887928
ygfM_xdhD_predicted,0.16666666666666666,5,5,AGATTAGGCGAAAGACTCAC,0,4884282
ygfM_xdhD_predicted,0.16666666666666666,5,5,AGATGTTCTGAAGCTGGGCA,0,4874367
ygfM_xdhD_predicted,0.16666666666666666,5,5,AGATGTGCGGTCGGGATCCC,0,4883077
ygfM_xdhD_predicted,0.16666666666666666,5,5,AGATGGCCTGCGACAATGTT,0,4891895
ygfM_xdhD_predicted,0.16666666666666666,5,5,AGATACCAATACCCTCATAT,0,4870894
ygfM_xdhD_predicted,0.16666666666666666,5,5,AGATACAGTATCGCACCGAT,0,4892975
ygfM_xdhD_predicted,0.16666666666666666,5,5,AGAGTGTTTAGCGAGCTTCT,0,4894163
ygfM_xdhD_predicted,0.16666666666666666,5,5,AGAGCTAGTCAGGGGTTCTT,0,4872213
ygfM_xdhD_predicted,0.16666666666666666,5,5,AGACTTTTCAACGCAGTTGT,0,4876628
ygfM_xdhD_predicted,0.16666666666666666,5,5,AGACGCCTCGCTCAGGACAA,0,4891021
ygfM_xdhD_predicted,0.16666666666666666,5,5,AGACGATGAGTCATAAGTAC,0,4897764
ygfM_xdhD_predicted,0.16666666666666666,5,5,AGACAGAAACCTTCCGTGTT,0,4878139
ygfM_xdhD_predicted,0.16666666666666666,5,5,AGAATTGCATGTTTACTTTG,0,4886921
ygfM_xdhD_predicted,0.16666666666666666,5,5,AGAAGCATGCGTCTGCGTTG,0,4875129
ygfM_xdhD_predicted,0.16666666666666666,5,5,ACTTGTGAGAGTGAAAAGCT,0,4895332
ygfM_xdhD_predicted,0.16666666666666666,5,5,ACTTGCGGCCCGTGAGTACG,0,4882175
ygfM_xdhD_predicted,0.16666666666666666,5,5,ACTTACCAACCGCTACATAA,0,4873796
ygfM_xdhD_predicted,0.16666666666666666,5,5,ACTGTCAATCCCATACAGTA,0,4886317
ygfM_xdhD_predicted,0.16666666666666666,5,5,ACTGGAGCTTTGATTTCGTA,0,4873714
ygfM_xdhD_predicted,0.16666666666666666,5,5,ACTGCGGTTTAGACACTGTC,0,4872329
ygfM_xdhD_predicted,0.16666666666666666,5,5,ACTCTATTAACCCGACTGAA,0,4873287
ygfM_xdhD_predicted,0.16666666666666666,5,5,ACTAGTTTCGATCGAGATCA,0,4885170
ygfM_xdhD_predicted,0.16666666666666666,5,5,ACTAATCGAAGAGTCTCATA,0,4869283
ygfM_xdhD_predicted,0.16666666666666666,5,5,ACGTTTGAGTATAGTATTGC,0,4896209
ygfM_xdhD_predicted,0.16666666666666666,5,5,ACGTGTACTCTCGGGAGAAC,0,4879799
ygfM_xdhD_predicted,0.16666666666666666,5,5,ACGTGCGCAAGGGCTTACAT,0,4889679
ygfM_xdhD_predicted,0.16666666666666666,5,5,ACGGTCCCGTCAGGTACCAG,0,4876226
ygfM_xdhD_predicted,0.16666666666666666,5,5,ACGGTAGATGGTGCCAGATG,0,4880938
ygfM_xdhD_predicted,0.16666666666666666,5,5,ACGGTAAGACGGTTTTTATG,0,4869411
ygfM_xdhD_predicted,0.16666666666666666,5,5,ACGGTAACCACGCAGACCTG,0,4885599
ygfM_xdhD_predicted,0.16666666666666666,5,5,ACGGCGCTTCAACAGACATA,0,4866782
ygfM_xdhD_predicted,0.16666666666666666,5,5,ACGGATCGGCGTCTTCTCTT,0,4871409
ygfM_xdhD_predicted,0.16666666666666666,5,5,ACGCTCAGCACTCGGTGAGA,0,4864647
ygfM_xdhD_predicted,0.16666666666666666,5,5,ACGCGGCGAAAAAGTACCCG,0,4891669
ygfM_xdhD_predicted,0.16666666666666666,5,5,ACGAGGCCGTAAAGGTTGGT,0,4891352
ygfM_xdhD_predicted,0.16666666666666666,5,5,ACGAGACATGTCCATCGCTA,0,4870168
ygfM_xdhD_predicted,0.16666666666666666,5,5,ACCTTACCCGTGGATGACGG,0,4876793
ygfM_xdhD_predicted,0.16666666666666666,5,5,ACCTGTCGAGAACAGCCCGG,0,4894503
ygfM_xdhD_predicted,0.16666666666666666,5,5,ACCTATCACGATCCAAGAGT,0,4872861
ygfM_xdhD_predicted,0.16666666666666666,5,5,ACCGGACGGATGCAAAGGTG,0,4866928
ygfM_xdhD_predicted,0.16666666666666666,5,5,ACCGGAATAGACTCCTGGGA,0,4895170
ygfM_xdhD_predicted,0.16666666666666666,5,5,ACCAGACATCTGCGACCAGA,0,4891558
ygfM_xdhD_predicted,0.16666666666666666,5,5,ACATTTCGTATAGTTTTGTA,0,4867783
ygfM_xdhD_predicted,0.16666666666666666,5,5,ACATCTCACCCCTTACCTGT,0,4872947
ygfM_xdhD_predicted,0.16666666666666666,5,5,ACATCAGCCTAGCTAAGAAG,0,4892405
ygfM_xdhD_predicted,0.16666666666666666,5,5,ACACTGGTCTACATCGTATT,0,4872217
ygfM_xdhD_predicted,0.16666666666666666,5,5,ACACCAGCACGATCTATTGG,0,4897553
ygfM_xdhD_predicted,0.16666666666666666,5,5,ACACATAGGGTTCTCCATAT,0,4884978
ygfM_xdhD_predicted,0.16666666666666666,5,5,ACAATTGTTTCGCCGGGCCT,0,4872768
ygfM_xdhD_predicted,0.16666666666666666,5,5,ACAATGTCCGCAAGGCATGA,0,4877432
ygfM_xdhD_predicted,0.16666666666666666,5,5,ACAATCGTCAAGTCCTTCAA,0,4899487
ygfM_xdhD_predicted,0.16666666666666666,5,5,ACAATCAACATTGGACCCTA,0,4884765
ygfM_xdhD_predicted,0.16666666666666666,5,5,ACAATATTAATCATGAGACC,0,4897643
ygfM_xdhD_predicted,0.16666666666666666,5,5,ACAACTACCTATTCTGACTG,0,4870986
ygfM_xdhD_predicted,0.16666666666666666,5,5,ACAAAGGGGAAATTTAAATA,0,4871084
ygfM_xdhD_predicted,0.16666666666666666,5,5,AATTTCGGTCCCGTTGTTAA,0,4877609
ygfM_xdhD_predicted,0.16666666666666666,5,5,AATTGTCATGTAACGATCAA,0,4892147
ygfM_xdhD_predicted,0.16666666666666666,5,5,AATTGCGAGCTGTACAGGTA,0,4896993
ygfM_xdhD_predicted,0.16666666666666666,5,5,AATTCGTTCCTTTTCGTCAT,0,4888034
ygfM_xdhD_predicted,0.16666666666666666,5,5,AATTCGATGGGACCCGACTA,0,4889618
ygfM_xdhD_predicted,0.16666666666666666,5,5,AATTAAGCCGGCCCAACGTA,0,4883378
ygfM_xdhD_predicted,0.16666666666666666,5,5,AATGGTTCAGTAGGGCCGGA,0,4880811
ygfM_xdhD_predicted,0.16666666666666666,5,5,AATGGCCTAAAGACATTGAA,0,4897871
ygfM_xdhD_predicted,0.16666666666666666,5,5,AATGCTAGGAGCCGACCATA,0,4872745
ygfM_xdhD_predicted,0.16666666666666666,5,5,AATGATTACCAATAGCAGTG,0,4887787
ygfM_xdhD_predicted,0.16666666666666666,5,5,AATCTGGGTGGAGGGGTCTT,0,4869006
ygfM_xdhD_predicted,0.16666666666666666,5,5,AATCGATGGATAGACCTTCC,0,4879751
ygfM_xdhD_predicted,0.16666666666666666,5,5,AATATTCTGGCAATTAGGAG,0,4866649
ygfM_xdhD_predicted,0.16666666666666666,5,5,AATATACAGAGGTCCAGGGG,0,4897345
ygfM_xdhD_predicted,0.16666666666666666,5,5,AAGGTGGCGTATGCGGTTCG,0,4878761
ygfM_xdhD_predicted,0.16666666666666666,5,5,AAGGGTTTCGTTGTTTACAT,0,4865399
ygfM_xdhD_predicted,0.16666666666666666,5,5,AAGGGTATATTGGAATTCTC,0,4890791
ygfM_xdhD_predicted,0.16666666666666666,5,5,AAGCTGATGAAGGGTCGAGG,0,4896264
ygfM_xdhD_predicted,0.16666666666666666,5,5,AAGCAGGTGCGGGATTACAA,0,4868586
ygfM_xdhD_predicted,0.16666666666666666,5,5,AAGATTATGATGTTGGCTCG,0,4868079
ygfM_xdhD_predicted,0.16666666666666666,5,5,AAGATCAAAACAAGGGTGTA,0,4866294
ygfM_xdhD_predicted,0.16666666666666666,5,5,AAGAGCCGTCTGTACGACTG,0,4884583
ygfM_xdhD_predicted,0.16666666666666666,5,5,AAGAGACCTGCAAAGGCAGC,0,4867651
ygfM_xdhD_predicted,0.16666666666666666,5,5,AACTTACCCCTTGGTCGTCA,0,4864265
ygfM_xdhD_predicted,0.16666666666666666,5,5,AACTCCTGACTCCCCTTACA,0,4896086
ygfM_xdhD_predicted,0.16666666666666666,5,5,AACTAGGAGCCGGCAAAGTC,0,4893409
ygfM_xdhD_predicted,0.16666666666666666,5,5,AACTAGCGGAATAAGGATTG,0,4883736
ygfM_xdhD_predicted,0.16666666666666666,5,5,AACGTAAAGACCGGTTCGGA,0,4882803
ygfM_xdhD_predicted,0.16666666666666666,5,5,AACGGCGTCCCTAACTAGAC,0,4895811
ygfM_xdhD_predicted,0.16666666666666666,5,5,AACATGAGCACAAAGGGTGC,0,4880276
ygfM_xdhD_predicted,0.16666666666666666,5,5,AACACCACCTCTTACGATCT,0,4889236
ygfM_xdhD_predicted,0.16666666666666666,5,5,AAATAGTGTTACAATTCAAC,0,4889429
ygfM_xdhD_predicted,0.16666666666666666,5,5,AAATACGACTACAAGTCCAT,0,4885724
ygfM_xdhD_predicted,0.16666666666666666,5,5,AAATAAACACCACCCGTTGT,0,4884628
ygfM_xdhD_predicted,0.16666666666666666,5,5,AAAGAAATTTGTTGGGTTGG,0,4876040
ygfM_xdhD_predicted,0.16666666666666666,5,5,AAACTCATGACGGTCGCCCT,0,4880404
ygfM_xdhD_predicted,0.16666666666666666,5,5,AAACGCATTGTTCGCGATTC,0,4895890
ygfM_xdhD_predicted,0.16666666666666666,5,5,AAAATCGCGGGAGCCTTCCA,0,4876599
ygfM_xdhD_predicted,0.16666666666666666,5,5,AAAATAACGTATTGGTGGGG,0,4886918
ygfM_xdhD_predicted,0.16666666666666666,5,5,AAAAAAGGTTGCGATGGCGT,0,4887858
ygfM_xdhD_predicted,0.2,4,4,TTTTCTGTAACTATATTAGC,0,4893091
ygfM_xdhD_predicted,0.2,4,4,TTTTCATCCAAAGGCGCTAC,0,4898850
ygfM_xdhD_predicted,0.2,4,4,TTTGTGTAAGTTAAGTCCGA,0,4874706
ygfM_xdhD_predicted,0.2,4,4,TTTGTCACAAGGTAGGAATA,0,4874799
ygfM_xdhD_predicted,0.2,4,4,TTTGGCAATGTGCTCTTACT,0,4895544
ygfM_xdhD_predicted,0.2,4,4,TTTGGACCCAGATACTCAAC,0,4872389
ygfM_xdhD_predicted,0.2,4,4,TTTGCTTGGATCTAATTGCT,0,4885301
ygfM_xdhD_predicted,0.2,4,4,TTTGCGGCGTTAAATTAGCA,0,4866646
ygfM_xdhD_predicted,0.2,4,4,TTTGAGGATAAGGTGTGCGT,0,4888173
ygfM_xdhD_predicted,0.2,4,4,TTTGAGCGTACCGACCTATT,0,4868899
ygfM_xdhD_predicted,0.2,4,4,TTTGACATTCACTTTTGCTA,0,4874793
ygfM_xdhD_predicted,0.2,4,4,TTTCTGACCGTAAGTCTGCT,0,4880314
ygfM_xdhD_predicted,0.2,4,4,TTTCGCGTTCACGTTCGCGA,0,4878688
ygfM_xdhD_predicted,0.2,4,4,TTTATCCTCGTGGTTATACT,0,4896996
ygfM_xdhD_predicted,0.2,4,4,TTTAATGGGAATGGTAAAGC,0,4873865
ygfM_xdhD_predicted,0.2,4,4,TTGTTTGATCTGGGGCGTTT,0,4874036
ygfM_xdhD_predicted,0.2,4,4,TTGTTGTATAATTACCAGAA,0,4893734
ygfM_xdhD_predicted,0.2,4,4,TTGTTGACCCGAATGGTTTT,0,4864902
ygfM_xdhD_predicted,0.2,4,4,TTGTCTCATGGAAAGTTCTT,0,4868050
ygfM_xdhD_predicted,0.2,4,4,TTGTCATTGTACTGTTGTCA,0,4864534
ygfM_xdhD_predicted,0.2,4,4,TTGTCAGTCCTGTATCACCG,0,4887822
ygfM_xdhD_predicted,0.2,4,4,TTGTATTTGACAGCTTCCGT,0,4869412
ygfM_xdhD_predicted,0.2,4,4,TTGGTAGATGATAAGTCTGA,0,4886562
ygfM_xdhD_predicted,0.2,4,4,TTGGGGGAATATACGGCCCA,0,4877507
ygfM_xdhD_predicted,0.2,4,4,TTGGGGCGGGCGTCTTTTTG,0,4876565
ygfM_xdhD_predicted,0.2,4,4,TTGGGACGACTACTGCTCTT,0,4897116
ygfM_xdhD_predicted,0.2,4,4,TTGGCGCAACGTGCATCGAG,0,4879533
ygfM_xdhD_predicted,0.2,4,4,TTGGAATCCTGTTCCCCTAA,0,4876220
ygfM_xdhD_predicted,0.2,4,4,TTGCTGGGTCATGGTTCGAC,0,4886724
ygfM_xdhD_predicted,0.2,4,4,TTGCGCGGCCGCCGTGTTTT,0,4884563
ygfM_xdhD_predicted,0.2,4,4,TTGCCGATCATGCCAGATTA,0,4890533
ygfM_xdhD_predicted,0.2,4,4,TTGCCGAGATGCTAACACTA,0,4868783
ygfM_xdhD_predicted,0.2,4,4,TTGCAAACTCCTGCCGGTCA,0,4875795
ygfM_xdhD_predicted,0.2,4,4,TTGACGCAGTGAGACGGCCC,0,4873300
ygfM_xdhD_predicted,0.2,4,4,TTGAACAAGTCCGTGACGAC,0,4895271
ygfM_xdhD_predicted,0.2,4,4,TTCTGGCCGAAAATACACAG,0,4885975
ygfM_xdhD_predicted,0.2,4,4,TTCTCGTCGCCTTAAATTTA,0,4867217
ygfM_xdhD_predicted,0.2,4,4,TTCTCCACGGCGCGTGGGAT,0,4897842
ygfM_xdhD_predicted,0.2,4,4,TTCTAGTAAACAATCCAGTT,0,4865741
ygfM_xdhD_predicted,0.2,4,4,TTCGGAGTACATAAGTCCAG,0,4880612
ygfM_xdhD_predicted,0.2,4,4,TTCGAGGTCCAATGGCACAT,0,4893282
ygfM_xdhD_predicted,0.2,4,4,TTCGAGGGCCTTCCAGGTGA,0,4884513
ygfM_xdhD_predicted,0.2,4,4,TTCCTCGTCACTAATCGGCG,0,4867664
ygfM_xdhD_predicted,0.2,4,4,TTCCGCAGTCTGTGACACAG,0,4879064
ygfM_xdhD_predicted,0.2,4,4,TTCCGAGCACTGTTTGCCTT,0,4870716
ygfM_xdhD_predicted,0.2,4,4,TTCATGGTCTGTGCTCCAAC,0,4890867
ygfM_xdhD_predicted,0.2,4,4,TTCAGACCGGGCAAGGGGTT,0,4873171
ygfM_xdhD_predicted,0.2,4,4,TTCACTAAGTACCTCTTGGT,0,4877579
ygfM_xdhD_predicted,0.2,4,4,TTCAAGTTGGGCACCGCAAT,0,4880936
ygfM_xdhD_predicted,0.2,4,4,TTCAACAGCTGCTCCAGACG,0,4886237
ygfM_xdhD_predicted,0.2,4,4,TTCAAAAAAAGGCCCGAACG,0,4870736
ygfM_xdhD_predicted,0.2,4,4,TTATGCCGCCCAGTCAACCT,0,4871778
ygfM_xdhD_predicted,0.2,4,4,TTATGCATTTGCCAACCCAG,0,4880078
ygfM_xdhD_predicted,0.2,4,4,TTATACTATTACGCTAACAT,0,4885978
ygfM_xdhD_predicted,0.2,4,4,TTAGTTGAGACTCCGTCGGG,0,4866566
ygfM_xdhD_predicted,0.2,4,4,TTAGTTAAGCGACGTATTGA,0,4892849
ygfM_xdhD_predicted,0.2,4,4,TTAGTGAGGCCGCGTCCCCG,0,4875123
ygfM_xdhD_predicted,0.2,4,4,TTAGGCAATGTGGTTAGTCG,0,4895972
ygfM_xdhD_predicted,0.2,4,4,TTAGCGGTTAAAGGTACTAG,0,4895522
ygfM_xdhD_predicted,0.2,4,4,TTACTATGAAAACCGGCCCA,0,4893827
ygfM_xdhD_predicted,0.2,4,4,TTACGATGCCACACAATCAC,0,4892881
ygfM_xdhD_predicted,0.2,4,4,TTACAGGAAAAGAACGAGAA,0,4866069
ygfM_xdhD_predicted,0.2,4,4,TTAATAGGCAGCCATGCATA,0,4864174
ygfM_xdhD_predicted,0.2,4,4,TTAAATTAATTATACACGCC,0,4890040
ygfM_xdhD_predicted,0.2,4,4,TGTTTGGGGCTCGCCCAGTT,0,4873795
ygfM_xdhD_predicted,0.2,4,4,TGTTCAGCGTCCTCTAACAT,0,4870651
ygfM_xdhD_predicted,0.2,4,4,TGTTATTATTCAGGCTACGT,0,4899138
ygfM_xdhD_predicted,0.2,4,4,TGTGTGAGTTAAAAAGGTCA,0,4875809
ygfM_xdhD_predicted,0.2,4,4,TGTGTCGTGAAATAACTCAA,0,4891406
ygfM_xdhD_predicted,0.2,4,4,TGTGAGATAGAGGGTTTTCT,0,4899344
ygfM_xdhD_predicted,0.2,4,4,TGTCTTGTGTCAAATACTTG,0,4884149
ygfM_xdhD_predicted,0.2,4,4,TGTCGGCTAAAGTAGAGAAC,0,4899620
ygfM_xdhD_predicted,0.2,4,4,TGTCCGCTCTTGACCAAGAT,0,4866789
ygfM_xdhD_predicted,0.2,4,4,TGTATTCTAAAGTACAGCCG,0,4885042
ygfM_xdhD_predicted,0.2,4,4,TGTAGTGTCGTGATCCCGAA,0,4875549
ygfM_xdhD_predicted,0.2,4,4,TGTAGGCGGTGTTGACCCCT,0,4873328
ygfM_xdhD_predicted,0.2,4,4,TGTAGGAAGTTCGGGGATAC,0,4891566
ygfM_xdhD_predicted,0.2,4,4,TGTAGCTTGGGAGCGTCAAA,0,4894915
ygfM_xdhD_predicted,0.2,4,4,TGGTTCCCTCCGGTGTTGGC,0,4891613
ygfM_xdhD_predicted,0.2,4,4,TGGTGGTATTCCGAGACGTC,0,4881880
ygfM_xdhD_predicted,0.2,4,4,TGGTATGGAAACTGAGCCTG,0,4880200
ygfM_xdhD_predicted,0.2,4,4,TGGTAACACCGTTATCTCAA,0,4871204
ygfM_xdhD_predicted,0.2,4,4,TGGGTTCCTCCATATCGTCA,0,4879617
ygfM_xdhD_predicted,0.2,4,4,TGGGTCTGGCATTTATCTGA,0,4877671
ygfM_xdhD_predicted,0.2,4,4,TGGGGCCGTGATTACCTAGT,0,4870248
ygfM_xdhD_predicted,0.2,4,4,TGGGGCACGTACTATCGGAA,0,4894401
ygfM_xdhD_predicted,0.2,4,4,TGGGCAAACCGGTGAAGAAA,0,4898469
ygfM_xdhD_predicted,0.2,4,4,TGGGATTACCATACGCGCAA,0,4896146
ygfM_xdhD_predicted,0.2,4,4,TGGCATCCCTATGTTCGGAT,0,4868077
ygfM_xdhD_predicted,0.2,4,4,TGGATGTTATTATTAGGTAC,0,4888310
ygfM_xdhD_predicted,0.2,4,4,TGGAGAGGGTACGTCAAACT,0,4892668
ygfM_xdhD_predicted,0.2,4,4,TGGAAGCAGAGTTGTGTGAG,0,4896955
ygfM_xdhD_predicted,0.2,4,4,TGCTTTTACACTGCAACGAT,0,4896147
ygfM_xdhD_predicted,0.2,4,4,TGCTGTCTCGCCCCGGCAGT,0,4887402
ygfM_xdhD_predicted,0.2,4,4,TGCTCCACGTCCTACTCCGG,0,4888657
ygfM_xdhD_predicted,0.2,4,4,TGCGGTATTCGACAAGTGGA,0,4890126
ygfM_xdhD_predicted,0.2,4,4,TGCGGTAGGTACAAACAGGA,0,4895103
ygfM_xdhD_predicted,0.2,4,4,TGCGGCTATCTTCCCAAATC,0,4884730
ygfM_xdhD_predicted,0.2,4,4,TGCCTTTCTCGCAACCCTTG,0,4882327
ygfM_xdhD_predicted,0.2,4,4,TGCCAGGGTAATTTGAGCTA,0,4876174
ygfM_xdhD_predicted,0.2,4,4,TGCCAAGCCGCTGACTTGCC,0,4875157
ygfM_xdhD_predicted,0.2,4,4,TGCATCCTTCGTGTGTAGTA,0,4884821
ygfM_xdhD_predicted,0.2,4,4,TGCACTTGATCAGAGCGTGC,0,4898848
ygfM_xdhD_predicted,0.2,4,4,TGCACTGATTGCTGCTTCGG,0,4877232
ygfM_xdhD_predicted,0.2,4,4,TGCAATACCCTGTAGCACAC,0,4871430
ygfM_xdhD_predicted,0.2,4,4,TGATTAAGGCAGTAATAATT,0,4890660
ygfM_xdhD_predicted,0.2,4,4,TGATGTCAGTTAGGTAAGGG,0,4895626
ygfM_xdhD_predicted,0.2,4,4,TGAGTTTGCAAATTCCCTCC,0,4875813
ygfM_xdhD_predicted,0.2,4,4,TGACTACACCCGGTGGTACT,0,4865619
ygfM_xdhD_predicted,0.2,4,4,TGACAGCGACAACGCCGGCA,0,4864830
ygfM_xdhD_predicted,0.2,4,4,TGAATGGAACCAAATCCAAA,0,4897293
ygfM_xdhD_predicted,0.2,4,4,TGAAAGGTTTGTCTGAAGTG,0,4869867
ygfM_xdhD_predicted,0.2,4,4,TCTTGTTTATTGATCTTAGG,0,4870982
ygfM_xdhD_predicted,0.2,4,4,TCTTAGCCAGGCCACCCAAT,0,4865175
ygfM_xdhD_predicted,0.2,4,4,TCTTACCGCGGAATTACATT,0,4881844
ygfM_xdhD_predicted,0.2,4,4,TCTTAACGGGTACGTGGTTT,0,4864609
ygfM_xdhD_predicted,0.2,4,4,TCTGGGCTTGCCTGCTTATA,0,4890708
ygfM_xdhD_predicted,0.2,4,4,TCTGGGATCACCAGCGCGGG,0,4873987
ygfM_xdhD_predicted,0.2,4,4,TCTGCGCGCCATGGCGATGG,0,4871022
ygfM_xdhD_predicted,0.2,4,4,TCTCGGGAGTCAGCAAAAGG,0,4898449
ygfM_xdhD_predicted,0.2,4,4,TCTCGGAAGGAGAGTAATTA,0,4880613
ygfM_xdhD_predicted,0.2,4,4,TCTCGAGAAAGGAGGTCATC,0,4885404
ygfM_xdhD_predicted,0.2,4,4,TCTCACATATCAGGGGTAGG,0,4873264
ygfM_xdhD_predicted,0.2,4,4,TCTATCGCGGACAAGAACGA,0,4884725
ygfM_xdhD_predicted,0.2,4,4,TCTAATGTGCGCGGGGCGAG,0,4878550
ygfM_xdhD_predicted,0.2,4,4,TCTAAATGGACGAAGCATTT,0,4888723
ygfM_xdhD_predicted,0.2,4,4,TCGTGCGCACGCTTGTACAC,0,4880492
ygfM_xdhD_predicted,0.2,4,4,TCGTAAAGAAAGTGTGCTTT,0,4881736
ygfM_xdhD_predicted,0.2,4,4,TCGGTTTACAGGCTGGGCTG,0,4884508
ygfM_xdhD_predicted,0.2,4,4,TCGGTGATGAGCTTAGATAC,0,4879700
ygfM_xdhD_predicted,0.2,4,4,TCGGTATCACCGATTACGTG,0,4896328
ygfM_xdhD_predicted,0.2,4,4,TCGGCTCCCATCAACTCAAA,0,4873681
ygfM_xdhD_predicted,0.2,4,4,TCGCTACAATGTTCAGTGAA,0,4880246
ygfM_xdhD_predicted,0.2,4,4,TCGCGCGCCGGAGATACGGT,0,4876043
ygfM_xdhD_predicted,0.2,4,4,TCGCGCCAGTATGTGTTTCT,0,4891876
ygfM_xdhD_predicted,0.2,4,4,TCGACTGGGCGCCAGGACTG,0,4873529
ygfM_xdhD_predicted,0.2,4,4,TCGAACGAAAGTTCTACGTC,0,4874822
ygfM_xdhD_predicted,0.2,4,4,TCCTCTGAATCATAGAATGC,0,4879746
ygfM_xdhD_predicted,0.2,4,4,TCCGGTACCGTATGTACTGG,0,4891509
ygfM_xdhD_predicted,0.2,4,4,TCCGATCAAAGATTGAAAGG,0,4864677
ygfM_xdhD_predicted,0.2,4,4,TCCCTGAAGACTTGTGACAA,0,4899171
ygfM_xdhD_predicted,0.2,4,4,TCCCGTCCCGCGAGTTTCAA,0,4864699
ygfM_xdhD_predicted,0.2,4,4,TCCCGTAATTGGCAACGGGG,0,4889384
ygfM_xdhD_predicted,0.2,4,4,TCCCGAATACCTCAAATTCA,0,4884158
ygfM_xdhD_predicted,0.2,4,4,TCCATCCAAGAGAGAGTATT,0,4890042
ygfM_xdhD_predicted,0.2,4,4,TCCAGGAAGAGACCCCTGTA,0,4870282
ygfM_xdhD_predicted,0.2,4,4,TCCAGACTGTGATGGTGCCT,0,4888311
ygfM_xdhD_predicted,0.2,4,4,TCCAAAGCACCGGTGGCTAA,0,4869097
ygfM_xdhD_predicted,0.2,4,4,TCATGGGCTATTCAGGGCGC,0,4891174
ygfM_xdhD_predicted,0.2,4,4,TCATGCACTGCTATCACTCA,0,4884434
ygfM_xdhD_predicted,0.2,4,4,TCAGCTATCTCGCCGGCAGT,0,4881847
ygfM_xdhD_predicted,0.2,4,4,TCACTTAGAGAAGCGGTACC,0,4887739
ygfM_xdhD_predicted,0.2,4,4,TCACAGTATGATATCATCAT,0,4890740
ygfM_xdhD_predicted,0.2,4,4,TCACAAAAACCCACGGCTCT,0,4877977
ygfM_xdhD_predicted,0.2,4,4,TATTTATCAGGACTGCCATC,0,4865473
ygfM_xdhD_predicted,0.2,4,4,TATTTAACATGGAGTATCGG,0,4893216
ygfM_xdhD_predicted,0.2,4,4,TATTAACTCACGACGTGGTA,0,4888061
ygfM_xdhD_predicted,0.2,4,4,TATGCACGGAGAGTCCGACC,0,4869527
ygfM_xdhD_predicted,0.2,4,4,TATCGGACGTGCCTACCGGA,0,4891567
ygfM_xdhD_predicted,0.2,4,4,TATCCAAAACAGTAGAATCC,0,4867592
ygfM_xdhD_predicted,0.2,4,4,TATCATCACACTATCGGGAC,0,4890691
ygfM_xdhD_predicted,0.2,4,4,TATCATATGCACCACCCAGC,0,4865174
ygfM_xdhD_predicted,0.2,4,4,TATCACCGGCATGGCAAGAT,0,4890063
ygfM_xdhD_predicted,0.2,4,4,TATCAACGACCGACATGCGG,0,4896140
ygfM_xdhD_predicted,0.2,4,4,TATAAGGCGATCACACGGAC,0,4880927
ygfM_xdhD_predicted,0.2,4,4,TAGCAGGAATATAGAACTAC,0,4880118
ygfM_xdhD_predicted,0.2,4,4,TAGATGTAGGCTCCGATGAC,0,4874582
ygfM_xdhD_predicted,0.2,4,4,TAGACTTAATGTCACATTGT,0,4873299
ygfM_xdhD_predicted,0.2,4,4,TAGACTCCCAATTCATAACA,0,4878528
ygfM_xdhD_predicted,0.2,4,4,TAGACTCAACATTTAGGTTC,0,4895019
ygfM_xdhD_predicted,0.2,4,4,TAGACCGAGGCCGCAACCTC,0,4876378
ygfM_xdhD_predicted,0.2,4,4,TACTTAACTGTGTGTGTTGG,0,4883668
ygfM_xdhD_predicted,0.2,4,4,TACTGGAAACAGGATGGAAA,0,4880973
ygfM_xdhD_predicted,0.2,4,4,TACTCTAACGAGGTACGTTT,0,4870340
ygfM_xdhD_predicted,0.2,4,4,TACGTTGTCACTGCGAAGGC,0,4865505
ygfM_xdhD_predicted,0.2,4,4,TACGATGGGATAGTATCGCA,0,4878693
ygfM_xdhD_predicted,0.2,4,4,TACGAATTAGGGGAACGAAA,0,4893916
ygfM_xdhD_predicted,0.2,4,4,TACCATACGAGTGAGGTCGG,0,4879528
ygfM_xdhD_predicted,0.2,4,4,TACACCCCTTATGGGTTCGA,0,4894835
ygfM_xdhD_predicted,0.2,4,4,TACACCAAGGATCCGCAGAC,0,4865485
ygfM_xdhD_predicted,0.2,4,4,TAATGTCGCATCCCAGTTAC,0,4895415
ygfM_xdhD_predicted,0.2,4,4,TAATGGCGTATTTGAGTTAT,0,4875755
ygfM_xdhD_predicted,0.2,4,4,TAATCTCAAGAAATGCTAAT,0,4875096
ygfM_xdhD_predicted,0.2,4,4,TAATAGTTACATTACCAACG,0,4892759
ygfM_xdhD_predicted,0.2,4,4,TAAGTCGGTATTTCTAAAAT,0,4889969
ygfM_xdhD_predicted,0.2,4,4,TAAGGGTAGTCTCTGCTTAG,0,4889752
ygfM_xdhD_predicted,0.2,4,4,TAAGGACGCGCGATGATTCC,0,4890812
ygfM_xdhD_predicted,0.2,4,4,TAACTTGACAGTGGCTAACA,0,4877945
ygfM_xdhD_predicted,0.2,4,4,TAACTAAGCCCCCGGCATGA,0,4879737
ygfM_xdhD_predicted,0.2,4,4,TAACCGGTAATGGGCCGGCG,0,4872016
ygfM_xdhD_predicted,0.2,4,4,TAAAAGGTTCAACTATGATG,0,4897949
ygfM_xdhD_predicted,0.2,4,4,TAAAAAGCTCGTCTTACAAC,0,4895199
ygfM_xdhD_predicted,0.2,4,4,GTTTGTCCAGGATTATGCTA,0,4865444
ygfM_xdhD_predicted,0.2,4,4,GTTTGGCATCCTGGGGTAGT,0,4893598
ygfM_xdhD_predicted,0.2,4,4,GTTTCTCAGATGGAGTAGAA,0,4863844
ygfM_xdhD_predicted,0.2,4,4,GTTGGTAACACAATATTAAT,0,4871839
ygfM_xdhD_predicted,0.2,4,4,GTTGCTAATTTTTGGACTCT,0,4889352
ygfM_xdhD_predicted,0.2,4,4,GTTGCGGCGTCCCCGATTGG,0,4893572
ygfM_xdhD_predicted,0.2,4,4,GTTGAACAATGCCCTCGTAT,0,4865211
ygfM_xdhD_predicted,0.2,4,4,GTTCACGCCGGCACTTATAG,0,4883194
ygfM_xdhD_predicted,0.2,4,4,GTTCAACGACTCCCCAACTT,0,4879781
ygfM_xdhD_predicted,0.2,4,4,GTTATCGCGCGGGAGTCATA,0,4873695
ygfM_xdhD_predicted,0.2,4,4,GTTATAGTTGCGCCTGCCGC,0,4897912
ygfM_xdhD_predicted,0.2,4,4,GTTAGCATACCTGGGAATAT,0,4885129
ygfM_xdhD_predicted,0.2,4,4,GTTAATATGTCAGGGACGAG,0,4866040
ygfM_xdhD_predicted,0.2,4,4,GTGTGCCCGGCTCATAGCGT,0,4865300
ygfM_xdhD_predicted,0.2,4,4,GTGGGCCGTTCAGAGTACAG,0,4886933
ygfM_xdhD_predicted,0.2,4,4,GTGGAGAGACTTCTGCAGCA,0,4880080
ygfM_xdhD_predicted,0.2,4,4,GTGCTCGCAGACAACGACCG,0,4891788
ygfM_xdhD_predicted,0.2,4,4,GTGCGCTCCGGCTCTGGTAA,0,4892495
ygfM_xdhD_predicted,0.2,4,4,GTGCCTCGTAGTGTTTTTAA,0,4883387
ygfM_xdhD_predicted,0.2,4,4,GTGCCGGTTTAGACATAATC,0,4891338
ygfM_xdhD_predicted,0.2,4,4,GTGATAATGTATGAGTGAGG,0,4872944
ygfM_xdhD_predicted,0.2,4,4,GTGAGTTTTCATAGGCGGCC,0,4893575
ygfM_xdhD_predicted,0.2,4,4,GTCTGTGGTCGTTGGGGATG,0,4886402
ygfM_xdhD_predicted,0.2,4,4,GTCTGCCTCCTTTAGTGCTA,0,4878092
ygfM_xdhD_predicted,0.2,4,4,GTCTCGTCGGTTTAATACTC,0,4893988
ygfM_xdhD_predicted,0.2,4,4,GTCTCCGACCAGCCATTGTA,0,4870601
ygfM_xdhD_predicted,0.2,4,4,GTCGTGAGTGGCAAATACGT,0,4888639
ygfM_xdhD_predicted,0.2,4,4,GTCGGTAAGTCGCCTTTAGC,0,4899500
ygfM_xdhD_predicted,0.2,4,4,GTCGGAATACTGGTAACTGG,0,4887817
ygfM_xdhD_predicted,0.2,4,4,GTCCTGATTTATTTTATGGC,0,4897389
ygfM_xdhD_predicted,0.2,4,4,GTCCCGCGGTCGGGCGCATG,0,4864643
ygfM_xdhD_predicted,0.2,4,4,GTCAAGAGGGGACAGACGGT,0,4870516
ygfM_xdhD_predicted,0.2,4,4,GTATTGCTAATGCGGCGCAT,0,4877035
ygfM_xdhD_predicted,0.2,4,4,GTATATTTGCCCCGTGTGAT,0,4898382
ygfM_xdhD_predicted,0.2,4,4,GTAGTTCCCCACCCGGCGAT,0,4864482
ygfM_xdhD_predicted,0.2,4,4,GTAGCCTTAGATTCGACCAT,0,4883998
ygfM_xdhD_predicted,0.2,4,4,GTACTGAAAACCTTAGCCTG,0,4883105
ygfM_xdhD_predicted,0.2,4,4,GTACGAACGCCGACGGGTGC,0,4892408
ygfM_xdhD_predicted,0.2,4,4,GTAATTACGACTCGGTCCTG,0,4896884
ygfM_xdhD_predicted,0.2,4,4,GGTTCCTGCAACGACAACCT,0,4869257
ygfM_xdhD_predicted,0.2,4,4,GGTTAGCCGTCTTTGTCATC,0,4888835
ygfM_xdhD_predicted,0.2,4,4,GGTTACAAGATATCGCATTG,0,4893380
ygfM_xdhD_predicted,0.2,4,4,GGTGCTTTAATGTGTCCGGC,0,4887118
ygfM_xdhD_predicted,0.2,4,4,GGTCTTTGCCTGGTGCAGGG,0,4863957
ygfM_xdhD_predicted,0.2,4,4,GGTCTATGCTACTGATGTCG,0,4871108
ygfM_xdhD_predicted,0.2,4,4,GGTCGTCGAGGTGCGACTGG,0,4887667
ygfM_xdhD_predicted,0.2,4,4,GGTCCTCAAGCAGGAACCGT,0,4865471
ygfM_xdhD_predicted,0.2,4,4,GGTATGAAGACGGTGACCCA,0,4867550
ygfM_xdhD_predicted,0.2,4,4,GGTAGGGTCGGCAGTCGAGA,0,4865943
ygfM_xdhD_predicted,0.2,4,4,GGTAGAGGATAGATGTTGGG,0,4883380
ygfM_xdhD_predicted,0.2,4,4,GGGTGCCCACGTGGATAAGA,0,4880274
ygfM_xdhD_predicted,0.2,4,4,GGGTGCAGAGGCCATACAGT,0,4895073
ygfM_xdhD_predicted,0.2,4,4,GGGTGAGATCATAGGTTGAA,0,4867582
ygfM_xdhD_predicted,0.2,4,4,GGGTACCTTTTTGTTCACGG,0,4867302
ygfM_xdhD_predicted,0.2,4,4,GGGGTTGGCAAACCCAATGA,0,4864091
ygfM_xdhD_predicted,0.2,4,4,GGGGGTTGGATTTTAATCGT,0,4878707
ygfM_xdhD_predicted,0.2,4,4,GGGGCTGTGTCTCAGGAAAC,0,4867527
ygfM_xdhD_predicted,0.2,4,4,GGGGCGTTAGCCATTGGATG,0,4873985
ygfM_xdhD_predicted,0.2,4,4,GGGGCCTAGGGTAGATGGCA,0,4886563
ygfM_xdhD_predicted,0.2,4,4,GGGCTGATCGAGAAATCCGA,0,4893416
ygfM_xdhD_predicted,0.2,4,4,GGGCTCCACGTAGGCTTTGC,0,4889877
ygfM_xdhD_predicted,0.2,4,4,GGGCGTAAAAGAATGGAATA,0,4884377
ygfM_xdhD_predicted,0.2,4,4,GGGCATAAACAATGTGCCAA,0,4877907
ygfM_xdhD_predicted,0.2,4,4,GGGCAGAACGACCGCTCAGG,0,4896106
ygfM_xdhD_predicted,0.2,4,4,GGGCACCGCTATAGAAAGCG,0,4880146
ygfM_xdhD_predicted,0.2,4,4,GGGCACCATTAGTCGTCTTT,0,4896028
ygfM_xdhD_predicted,0.2,4,4,GGGCACAAGCCGTGCGGCGA,0,4870859
ygfM_xdhD_predicted,0.2,4,4,GGGATTAGAATGTACAGACT,0,4878589
ygfM_xdhD_predicted,0.2,4,4,GGGAATTACCGGCTGCGTTA,0,4865836
ygfM_xdhD_predicted,0.2,4,4,GGGAACGGGAGTTGTCTATA,0,4864897
ygfM_xdhD_predicted,0.2,4,4,GGCTTCTGCGCAGTCCCAGG,0,4888429
ygfM_xdhD_predicted,0.2,4,4,GGCTTAGGCCGATCAGGGTT,0,4885353
ygfM_xdhD_predicted,0.2,4,4,GGCGTGGCTCCCAGCCAGAG,0,4886825
ygfM_xdhD_predicted,0.2,4,4,GGCGCGGCGGTTTATAGTAC,0,4894105
ygfM_xdhD_predicted,0.2,4,4,GGCGCCGCTTTTTATAAACT,0,4880002
ygfM_xdhD_predicted,0.2,4,4,GGCGACTGCATTGGGCAAGC,0,4885324
ygfM_xdhD_predicted,0.2,4,4,GGCCTTGCCATCTTGCGGAG,0,4885016
ygfM_xdhD_predicted,0.2,4,4,GGCCTACTGCCTGCGTTCGT,0,4884159
ygfM_xdhD_predicted,0.2,4,4,GGCCGGCATTGCGTAAATCA,0,4883376
ygfM_xdhD_predicted,0.2,4,4,GGCCCCTGTTAGCTGCCAAT,0,4896077
ygfM_xdhD_predicted,0.2,4,4,GGCATGGTTGGTAGATCTAC,0,4881083
ygfM_xdhD_predicted,0.2,4,4,GGCAGTACATGAGCGCTTTG,0,4894746
ygfM_xdhD_predicted,0.2,4,4,GGCACTCCGAAACGCGACTT,0,4891833
ygfM_xdhD_predicted,0.2,4,4,GGCACCCGCCCTTTTTTACT,0,4884696
ygfM_xdhD_predicted,0.2,4,4,GGATCCTTCCAGCACCTTCA,0,4892603
ygfM_xdhD_predicted,0.2,4,4,GGATCCCTGTAGGCGTTTGA,0,4882990
ygfM_xdhD_predicted,0.2,4,4,GGAGTGGGTAGATGGGCGTC,0,4868780
ygfM_xdhD_predicted,0.2,4,4,GGAGGTAGACAGGTTAGGAG,0,4869907
ygfM_xdhD_predicted,0.2,4,4,GGAGGGTCGTAGGTCATCGT,0,4865583
ygfM_xdhD_predicted,0.2,4,4,GGAGCCGTGGCCATAGAATT,0,4864907
ygfM_xdhD_predicted,0.2,4,4,GGAGCCACAACCGTCGCCAG,0,4890197
ygfM_xdhD_predicted,0.2,4,4,GGACGTTTTCGTGGAACTGG,0,4867345
ygfM_xdhD_predicted,0.2,4,4,GGACGTCTTCGGGCGGACAC,0,4891468
ygfM_xdhD_predicted,0.2,4,4,GGACGCGCTTTAGGGAGGTT,0,4898178
ygfM_xdhD_predicted,0.2,4,4,GGACGCGCAGCTTACAGTCG,0,4898540
ygfM_xdhD_predicted,0.2,4,4,GGACATTGGATCAGACATGG,0,4881061
ygfM_xdhD_predicted,0.2,4,4,GGACAGAGTCAGCGGGTGCT,0,4864543
ygfM_xdhD_predicted,0.2,4,4,GGAATCCGGTGTCATGACTA,0,4871610
ygfM_xdhD_predicted,0.2,4,4,GGAATACAAGCTTCAAAATA,0,4891028
ygfM_xdhD_predicted,0.2,4,4,GGAACGTCGTCAAATGGCTG,0,4889558
ygfM_xdhD_predicted,0.2,4,4,GCTTCAGGCAATTATAGTGC,0,4875682
ygfM_xdhD_predicted,0.2,4,4,GCTGTATACTAGGTGAGCAA,0,4869382
ygfM_xdhD_predicted,0.2,4,4,GCTGCCGCATACCAGATCAA,0,4869832
ygfM_xdhD_predicted,0.2,4,4,GCTGCATTGAGGATCGGTCA,0,4890512
ygfM_xdhD_predicted,0.2,4,4,GCTCTGGACGTCTCTCAGGA,0,4883976
ygfM_xdhD_predicted,0.2,4,4,GCTCTCGGGACACCGTGAAG,0,4887406
ygfM_xdhD_predicted,0.2,4,4,GCTCGACACGTGTTCAATTC,0,4897355
ygfM_xdhD_predicted,0.2,4,4,GCTCCGAAGGTAGCAGGCGC,0,4893412
ygfM_xdhD_predicted,0.2,4,4,GCTCACTTCTTAGCACGTCC,0,4880930
ygfM_xdhD_predicted,0.2,4,4,GCTAGCACGGAACGGCGTGT,0,4890493
ygfM_xdhD_predicted,0.2,4,4,GCGTTCATGTTCGTAAGGCA,0,4890044
ygfM_xdhD_predicted,0.2,4,4,GCGGTCTCTAAGACTGCCAG,0,4878691
ygfM_xdhD_predicted,0.2,4,4,GCGGGTTTATGAGCAGCAAA,0,4885625
ygfM_xdhD_predicted,0.2,4,4,GCGGGCCGAGCCACTCGACT,0,4883220
ygfM_xdhD_predicted,0.2,4,4,GCGGGAAATTGTGCCTGATG,0,4886893
ygfM_xdhD_predicted,0.2,4,4,GCGGCCGACTTGCTATTCGG,0,4893144
ygfM_xdhD_predicted,0.2,4,4,GCGGCCACCAGACGCCATCT,0,4895548
ygfM_xdhD_predicted,0.2,4,4,GCGGAGGTCAGCCTGAATGG,0,4870403
ygfM_xdhD_predicted,0.2,4,4,GCGGACGGCACTGGATAGGT,0,4868794
ygfM_xdhD_predicted,0.2,4,4,GCGCTTCATTTCGCAGTACA,0,4879645
ygfM_xdhD_predicted,0.2,4,4,GCGCGTTTGCTTGTATGGTA,0,4898576
ygfM_xdhD_predicted,0.2,4,4,GCGCGACGCGGGCGGACGTG,0,4867251
ygfM_xdhD_predicted,0.2,4,4,GCGCCGATTTTTGCATTATC,0,4880522
ygfM_xdhD_predicted,0.2,4,4,GCGATCGTAATAACGCAGAA,0,4875917
ygfM_xdhD_predicted,0.2,4,4,GCGAGTGCATCTTTGGCGGC,0,4878504
ygfM_xdhD_predicted,0.2,4,4,GCGAATTCTGTGTGCATTAT,0,4886073
ygfM_xdhD_predicted,0.2,4,4,GCCTGAGCAAAAAGCGTTAA,0,4865026
ygfM_xdhD_predicted,0.2,4,4,GCCTGAATTAAGCCCGCTCA,0,4870614
ygfM_xdhD_predicted,0.2,4,4,GCCTCTCGGACGGGACGTTG,0,4883872
ygfM_xdhD_predicted,0.2,4,4,GCCTCCCCCGCTACGTTATC,0,4893354
ygfM_xdhD_predicted,0.2,4,4,GCCGGGAAGACCTTCCATCA,0,4880108
ygfM_xdhD_predicted,0.2,4,4,GCCGCACACCCCACGTGACA,0,4864737
ygfM_xdhD_predicted,0.2,4,4,GCCCCGGTTGCGGGTTGCGT,0,4892315
ygfM_xdhD_predicted,0.2,4,4,GCCCAGGTCATAATCATCTA,0,4898150
ygfM_xdhD_predicted,0.2,4,4,GCCATTCTTGCGCATACCAT,0,4892251
ygfM_xdhD_predicted,0.2,4,4,GCCAGTAAGATATTGCGAGA,0,4889706
ygfM_xdhD_predicted,0.2,4,4,GCATGTGACCTGCTATCAGA,0,4896422
ygfM_xdhD_predicted,0.2,4,4,GCATCAAGGGGCAGGTTCCC,0,4866251
ygfM_xdhD_predicted,0.2,4,4,GCATAAGAGCTTAAGTGTTC,0,4890952
ygfM_xdhD_predicted,0.2,4,4,GCAGTGATAGCTGCGCAGTT,0,4874232
ygfM_xdhD_predicted,0.2,4,4,GCAGTCCGTGGCGGCAGAAG,0,4899300
ygfM_xdhD_predicted,0.2,4,4,GCAGTCCAGTGGGCACGCGT,0,4874001
ygfM_xdhD_predicted,0.2,4,4,GCAGCCCGGTGAGGTTTCAT,0,4899262
ygfM_xdhD_predicted,0.2,4,4,GCACGCAACCCCAAGACTCC,0,4875365
ygfM_xdhD_predicted,0.2,4,4,GATTGCAGGGGGTCCCTTTT,0,4866137
ygfM_xdhD_predicted,0.2,4,4,GATGTCCGTCAAGCACACAC,0,4868870
ygfM_xdhD_predicted,0.2,4,4,GATGCGGACTGGATAAACGC,0,4872945
ygfM_xdhD_predicted,0.2,4,4,GATCGAAACGACTCGTGAGT,0,4880851
ygfM_xdhD_predicted,0.2,4,4,GATCCTTTTTTTTTCAACGT,0,4892621
ygfM_xdhD_predicted,0.2,4,4,GATCACCAGGCAGCGTATTG,0,4897294
ygfM_xdhD_predicted,0.2,4,4,GATCAAATATCCTACCCATG,0,4873252
ygfM_xdhD_predicted,0.2,4,4,GATACAAAGCCTTCCGGGTG,0,4869478
ygfM_xdhD_predicted,0.2,4,4,GATAAAAGGTTAGAGTATTG,0,4882650
ygfM_xdhD_predicted,0.2,4,4,GAGTTTGGGAAACATATGAT,0,4875722
ygfM_xdhD_predicted,0.2,4,4,GAGTTTGAGTAGCGCAGGGT,0,4873651
ygfM_xdhD_predicted,0.2,4,4,GAGTTGGTAGGGCCTGTGTT,0,4883339
ygfM_xdhD_predicted,0.2,4,4,GAGTTAGGATACAGGTCAGG,0,4887170
ygfM_xdhD_predicted,0.2,4,4,GAGTGTAATTTCGTCAGGTA,0,4883712
ygfM_xdhD_predicted,0.2,4,4,GAGGGTGTTTTCCTTGATCA,0,4876578
ygfM_xdhD_predicted,0.2,4,4,GAGGGTCATCAGCATGACTC,0,4887816
ygfM_xdhD_predicted,0.2,4,4,GAGGGGTGCTAACCAGCTCG,0,4898713
ygfM_xdhD_predicted,0.2,4,4,GAGGGGTATTGGGTGCGTCA,0,4887756
ygfM_xdhD_predicted,0.2,4,4,GAGGGGGAGAAAGTGAGGCC,0,4887028
ygfM_xdhD_predicted,0.2,4,4,GAGGGATAACGGGGAATCAA,0,4872006
ygfM_xdhD_predicted,0.2,4,4,GAGGCTGCGTGTTTCGAAGT,0,4884638
ygfM_xdhD_predicted,0.2,4,4,GAGGAACTTATGATTGGCAT,0,4891228
ygfM_xdhD_predicted,0.2,4,4,GAGCTGTTAGCCTAGAGGGA,0,4883246
ygfM_xdhD_predicted,0.2,4,4,GAGCTGGCTACGTAGCTAAG,0,4876527
ygfM_xdhD_predicted,0.2,4,4,GAGCTAGGGGGATTTTTGGT,0,4895966
ygfM_xdhD_predicted,0.2,4,4,GAGCTACAGCTTGCATCAGT,0,4869685
ygfM_xdhD_predicted,0.2,4,4,GAGCGGTGTATTTTGTAATC,0,4866870
ygfM_xdhD_predicted,0.2,4,4,GAGCCGGCCTTGCTCGCCCC,0,4879766
ygfM_xdhD_predicted,0.2,4,4,GAGCACATCCTTTTGGTCCT,0,4892658
ygfM_xdhD_predicted,0.2,4,4,GAGAGTTTAATGGGCGAACA,0,4884010
ygfM_xdhD_predicted,0.2,4,4,GAGAATCGCCGCACGAGGTC,0,4883993
ygfM_xdhD_predicted,0.2,4,4,GACTTCCAGCTCCCCAGGGA,0,4866446
ygfM_xdhD_predicted,0.2,4,4,GACTCTGTGGTATCGGGGAT,0,4884869
ygfM_xdhD_predicted,0.2,4,4,GACGCGAGCTTTAGTGTGAG,0,4878054
ygfM_xdhD_predicted,0.2,4,4,GACGCATCATCTTAGGCTGA,0,4883650
ygfM_xdhD_predicted,0.2,4,4,GACCTCTGGTCGTATACCCA,0,4881483
ygfM_xdhD_predicted,0.2,4,4,GACCGTTTGGTCGCGACCGG,0,4891108
ygfM_xdhD_predicted,0.2,4,4,GACCGGGACAGCTCGAAAGT,0,4880022
ygfM_xdhD_predicted,0.2,4,4,GACAGTGGGAAGAGGGTTGC,0,4869034
ygfM_xdhD_predicted,0.2,4,4,GAATTGATTGCTTTCTAGAG,0,4883907
ygfM_xdhD_predicted,0.2,4,4,GAATGACCCTTGACTCTGCT,0,4893911
ygfM_xdhD_predicted,0.2,4,4,GAATATACTTGACTGTCCGA,0,4864961
ygfM_xdhD_predicted,0.2,4,4,GAAGGAAGCCTGCGTCTAGT,0,4869476
ygfM_xdhD_predicted,0.2,4,4,GAAGCCCTTTTCACCCCAGA,0,4889652
ygfM_xdhD_predicted,0.2,4,4,GAAGAGCCGGTAATCACAAG,0,4885435
ygfM_xdhD_predicted,0.2,4,4,GAACCGTATCGCGCGCCGTC,0,4870041
ygfM_xdhD_predicted,0.2,4,4,GAACCCAGGTATATGATGCT,0,4897592
ygfM_xdhD_predicted,0.2,4,4,GAACAGCTATACCGGGTAAT,0,4874592
ygfM_xdhD_predicted,0.2,4,4,GAAACGGATCCGCCCCTCGA,0,4886583
ygfM_xdhD_predicted,0.2,4,4,GAAACCGGAAGTGATGGATC,0,4873245
ygfM_xdhD_predicted,0.2,4,4,GAAACCGCCCGACGGCCCTA,0,4867470
ygfM_xdhD_predicted,0.2,4,4,GAAACATTGAGCATAATAAA,0,4881440
ygfM_xdhD_predicted,0.2,4,4,CTTTTAACGGGCGGAGAACG,0,4891477
ygfM_xdhD_predicted,0.2,4,4,CTTTGAACACGCCAGCTCTC,0,4879340
ygfM_xdhD_predicted,0.2,4,4,CTTGTTGCTGTTGAAGCTAG,0,4879087
ygfM_xdhD_predicted,0.2,4,4,CTTGTGATCGGATCCTGGAT,0,4895462
ygfM_xdhD_predicted,0.2,4,4,CTTGTCCCTGATATGAGAGT,0,4881793
ygfM_xdhD_predicted,0.2,4,4,CTTGCGGGTCCGGCCGTCAC,0,4893033
ygfM_xdhD_predicted,0.2,4,4,CTTGCAAGCCAAACCACTGT,0,4873464
ygfM_xdhD_predicted,0.2,4,4,CTTCTGCGGGATTTAACGTA,0,4881907
ygfM_xdhD_predicted,0.2,4,4,CTTCTAGGGAGGGTTGAACT,0,4887769
ygfM_xdhD_predicted,0.2,4,4,CTTCTACATACACACACCAC,0,4866827
ygfM_xdhD_predicted,0.2,4,4,CTTCGTGCCGGGAAGGACCG,0,4893322
ygfM_xdhD_predicted,0.2,4,4,CTTCCGATTATACGAGCGGT,0,4871025
ygfM_xdhD_predicted,0.2,4,4,CTTACGCAGGATCTTCATGG,0,4882601
ygfM_xdhD_predicted,0.2,4,4,CTGTTTTCCTCTATAAGATA,0,4891227
ygfM_xdhD_predicted,0.2,4,4,CTGTGTTGCTGCTTGGAGTG,0,4880474
ygfM_xdhD_predicted,0.2,4,4,CTGTAGGGTTTGTGGGTACG,0,4894473
ygfM_xdhD_predicted,0.2,4,4,CTGTAGGCGGGCATGGTTGT,0,4888898
ygfM_xdhD_predicted,0.2,4,4,CTGTAAAAACCGTTGCGTCA,0,4893417
ygfM_xdhD_predicted,0.2,4,4,CTGGTTTACCTCTTACGTGT,0,4872547
ygfM_xdhD_predicted,0.2,4,4,CTGGATAGACTGAAGTTAAG,0,4883581
ygfM_xdhD_predicted,0.2,4,4,CTGCGAACCGCATAGTTGGA,0,4880761
ygfM_xdhD_predicted,0.2,4,4,CTGAGTTCCAGCGGAGAGGT,0,4895275
ygfM_xdhD_predicted,0.2,4,4,CTGACCTTAAAGGTTGAGAT,0,4881008
ygfM_xdhD_predicted,0.2,4,4,CTGAAGGGATATTTCTACTT,0,4878101
ygfM_xdhD_predicted,0.2,4,4,CTCTACATTGCACTTTAGTT,0,4866754
ygfM_xdhD_predicted,0.2,4,4,CTCTAAAGACAGGAGATGCA,0,4869234
ygfM_xdhD_predicted,0.2,4,4,CTCGGATAAGCCCTGAGTAT,0,4886713
ygfM_xdhD_predicted,0.2,4,4,CTCGGAAATCATACTCACAT,0,4895255
ygfM_xdhD_predicted,0.2,4,4,CTCGAGAGCCCTAGGGCACA,0,4898027
ygfM_xdhD_predicted,0.2,4,4,CTCGACAGATTATTGGTACC,0,4880481
ygfM_xdhD_predicted,0.2,4,4,CTCCGGGGGAACGGCATTCC,0,4879271
ygfM_xdhD_predicted,0.2,4,4,CTCCGACTAATGAGGACCGA,0,4889041
ygfM_xdhD_predicted,0.2,4,4,CTCCAGATCGCGAGCAGTGG,0,4870479
ygfM_xdhD_predicted,0.2,4,4,CTCATCTTACACGTTCTAAA,0,4899281
ygfM_xdhD_predicted,0.2,4,4,CTCAGGAGCTCCTGATGACT,0,4867478
ygfM_xdhD_predicted,0.2,4,4,CTCAGCTCGGCGTATAATCA,0,4876468
ygfM_xdhD_predicted,0.2,4,4,CTCAATTCAAGGAAGATGGG,0,4897332
ygfM_xdhD_predicted,0.2,4,4,CTATTCTTGATATCAGTGAA,0,4889066
ygfM_xdhD_predicted,0.2,4,4,CTATTAAAAGGCTGGATTAC,0,4876827
ygfM_xdhD_predicted,0.2,4,4,CTATGTCGGCATATCCTCGA,0,4865839
ygfM_xdhD_predicted,0.2,4,4,CTATCGTTCGTAAAGCCTCC,0,4882039
ygfM_xdhD_predicted,0.2,4,4,CTAGGGCGGTGCCGTGTCCA,0,4885922
ygfM_xdhD_predicted,0.2,4,4,CTAGCAGCTCCCGTCTGTAA,0,4865264
ygfM_xdhD_predicted,0.2,4,4,CTAGACAATGCCATGTCATT,0,4882361
ygfM_xdhD_predicted,0.2,4,4,CTACTGAAAGGAGAAAACCG,0,4871774
ygfM_xdhD_predicted,0.2,4,4,CTACGACATGCGGCATCTAG,0,4892802
ygfM_xdhD_predicted,0.2,4,4,CTACAGTAGGCTTCCTGTCG,0,4887510
ygfM_xdhD_predicted,0.2,4,4,CTACAGGCGAATTGTTATTA,0,4866979
ygfM_xdhD_predicted,0.2,4,4,CTAATTCGCGAATAAGGCGA,0,4885261
ygfM_xdhD_predicted,0.2,4,4,CTAAGAAAGTTGTCTAGTGA,0,4880077
ygfM_xdhD_predicted,0.2,4,4,CGTTTGACGGCACCCTATTG,0,4890311
ygfM_xdhD_predicted,0.2,4,4,CGTTGCGTTTCTAGTAATGA,0,4877972
ygfM_xdhD_predicted,0.2,4,4,CGTTCACACTCAGGTTTACG,0,4897042
ygfM_xdhD_predicted,0.2,4,4,CGTTACTTGGGTTCAGCAAT,0,4890706
ygfM_xdhD_predicted,0.2,4,4,CGTGTCAGCTGTATGGTTCT,0,4864815
ygfM_xdhD_predicted,0.2,4,4,CGTGAGTTCCCCGCAACGTA,0,4873903
ygfM_xdhD_predicted,0.2,4,4,CGTCGATTAGCCGTTACTGG,0,4867480
ygfM_xdhD_predicted,0.2,4,4,CGTCCGTATCCGGCTAAAGG,0,4880479
ygfM_xdhD_predicted,0.2,4,4,CGTCACTCGCCATCCGATCA,0,4870038
ygfM_xdhD_predicted,0.2,4,4,CGTCAAAACCGTGCGATCCG,0,4887440
ygfM_xdhD_predicted,0.2,4,4,CGTAGAATATGACCTTTTAC,0,4873348
ygfM_xdhD_predicted,0.2,4,4,CGTACGTCGTTGGGTGTTTT,0,4898390
ygfM_xdhD_predicted,0.2,4,4,CGTACCGAACGGGTTCGAAA,0,4895479
ygfM_xdhD_predicted,0.2,4,4,CGGTTGTTCTGGTTCGAAGC,0,4868629
ygfM_xdhD_predicted,0.2,4,4,CGGTTATTAAATCGGTTAAT,0,4887953
ygfM_xdhD_predicted,0.2,4,4,CGGTCCATAGGGGGCGCCGG,0,4864005
ygfM_xdhD_predicted,0.2,4,4,CGGGTCATGCAGTGACCATT,0,4892907
ygfM_xdhD_predicted,0.2,4,4,CGGGGGGAGTCCGCTCCTCA,0,4898933
ygfM_xdhD_predicted,0.2,4,4,CGGGGAAGCCGATCGGTCTT,0,4888210
ygfM_xdhD_predicted,0.2,4,4,CGGGATCAGGTAAATCAATA,0,4883441
ygfM_xdhD_predicted,0.2,4,4,CGGGACGCTAGCAAATTCAT,0,4897877
ygfM_xdhD_predicted,0.2,4,4,CGGGACAAAGTATCACTTAC,0,4872388
ygfM_xdhD_predicted,0.2,4,4,CGGCGAGCTCGTTATTTCCA,0,4881164
ygfM_xdhD_predicted,0.2,4,4,CGGCGAATTTGACTGGAGGT,0,4899403
ygfM_xdhD_predicted,0.2,4,4,CGGCCCTAGGCTAATTCAGT,0,4892104
ygfM_xdhD_predicted,0.2,4,4,CGGAGCGTGTGTTGGCGCTC,0,4897052
ygfM_xdhD_predicted,0.2,4,4,CGGAGAAATTTCGAAAAACT,0,4892424
ygfM_xdhD_predicted,0.2,4,4,CGGACTAAGGTTAGTTCCAC,0,4870223
ygfM_xdhD_predicted,0.2,4,4,CGGAATCCGCGCGAGGATAT,0,4865502
ygfM_xdhD_predicted,0.2,4,4,CGCTTCAACATCAGCCGGTT,0,4874663
ygfM_xdhD_predicted,0.2,4,4,CGCTCTCTCAATCAGAAAGC,0,4877402
ygfM_xdhD_predicted,0.2,4,4,CGCTCGTTAGGAGTGTGGCA,0,4868647
ygfM_xdhD_predicted,0.2,4,4,CGCTCGAGAAGCATGACGGC,0,4893312
ygfM_xdhD_predicted,0.2,4,4,CGCTCCTGGTTAGCGACGGT,0,4869455
ygfM_xdhD_predicted,0.2,4,4,CGCTACTTAAGATGAGGATC,0,4899214
ygfM_xdhD_predicted,0.2,4,4,CGCGTTCTCTGCCACGTTGA,0,4890581
ygfM_xdhD_predicted,0.2,4,4,CGCGTAGGTCCATTGTCCAA,0,4880021
ygfM_xdhD_predicted,0.2,4,4,CGCGGTTGTTTTTGCCGTTA,0,4885741
ygfM_xdhD_predicted,0.2,4,4,CGCGGCAGGATCGTTAGACA,0,4876743
ygfM_xdhD_predicted,0.2,4,4,CGCGCTCTGTAGGTGGGAAC,0,4894742
ygfM_xdhD_predicted,0.2,4,4,CGCGCTAGTGCGTCCCCCAA,0,4870471
ygfM_xdhD_predicted,0.2,4,4,CGCCTTTACTTAGAGCTGAC,0,4881465
ygfM_xdhD_predicted,0.2,4,4,CGCCGTGTACAGTAGGTAAC,0,4890403
ygfM_xdhD_predicted,0.2,4,4,CGCATAGCGCAGCAGAGCTT,0,4891487
ygfM_xdhD_predicted,0.2,4,4,CGCAGTCGTGGAATTAATTT,0,4874115
ygfM_xdhD_predicted,0.2,4,4,CGCAGGAACAAGGTAGACCT,0,4888415
ygfM_xdhD_predicted,0.2,4,4,CGCAAAACGTGCGCTTTTTA,0,4875412
ygfM_xdhD_predicted,0.2,4,4,CGATTCCACCACTGGGAGGC,0,4873385
ygfM_xdhD_predicted,0.2,4,4,CGATTAATTTATAGTTGCAG,0,4873207
ygfM_xdhD_predicted,0.2,4,4,CGATTAAACGAATTGGGGAT,0,4884001
ygfM_xdhD_predicted,0.2,4,4,CGATGAGGTGGACAGAGCTA,0,4869077
ygfM_xdhD_predicted,0.2,4,4,CGATCTTAAAGCCATAGAGC,0,4885850
ygfM_xdhD_predicted,0.2,4,4,CGATATTCAGAGAGAGGGGG,0,4889594
ygfM_xdhD_predicted,0.2,4,4,CGAGTTTGCGGGCTGTGTGT,0,4888070
ygfM_xdhD_predicted,0.2,4,4,CGAGGTCTAAGCAAAATTTC,0,4872995
ygfM_xdhD_predicted,0.2,4,4,CGAGAGTGCTAAGTGTAGTG,0,4897866
ygfM_xdhD_predicted,0.2,4,4,CGAGAAAGGTCTGTTCCCGG,0,4869324
ygfM_xdhD_predicted,0.2,4,4,CGACTCCAGCCCGATTAACC,0,4867946
ygfM_xdhD_predicted,0.2,4,4,CGACGCGGCGCGCTGTCACT,0,4871236
ygfM_xdhD_predicted,0.2,4,4,CGACCAGGAGCATAGTTAAT,0,4884959
ygfM_xdhD_predicted,0.2,4,4,CGAAGGGGGTAACCAGTTGA,0,4877974
ygfM_xdhD_predicted,0.2,4,4,CGAAGGATGATTCGTAGACG,0,4868660
ygfM_xdhD_predicted,0.2,4,4,CGAAAAGCGATTTAATAGGA,0,4886249
ygfM_xdhD_predicted,0.2,4,4,CCTTTTGATCCTCACGGCAT,0,4878450
ygfM_xdhD_predicted,0.2,4,4,CCTTTCAGGTGCCGAGACTG,0,4888810
ygfM_xdhD_predicted,0.2,4,4,CCTTCCCACGAACTTAATGC,0,4877248
ygfM_xdhD_predicted,0.2,4,4,CCTTATGACTAGCAGTGGGA,0,4867184
ygfM_xdhD_predicted,0.2,4,4,CCTTATCAGATAGGATTTCA,0,4878334
ygfM_xdhD_predicted,0.2,4,4,CCTTAGTGAGTTTTCGCTTT,0,4898378
ygfM_xdhD_predicted,0.2,4,4,CCTTAAGTCTTAATTTACTA,0,4896547
ygfM_xdhD_predicted,0.2,4,4,CCTGTTCTACGCCGATCTCA,0,4878223
ygfM_xdhD_predicted,0.2,4,4,CCTGTGGGGCAGGTTATAGG,0,4866240
ygfM_xdhD_predicted,0.2,4,4,CCTGCATGTCTATTATGGTA,0,4885856
ygfM_xdhD_predicted,0.2,4,4,CCTCGTTTGGTGCGAGGTAA,0,4882455
ygfM_xdhD_predicted,0.2,4,4,CCTCCCTTGGACTAACGCAG,0,4894719
ygfM_xdhD_predicted,0.2,4,4,CCTCCCTGGCTCCCGATAAG,0,4887931
ygfM_xdhD_predicted,0.2,4,4,CCTAATCGTAATGCCACCTT,0,4887549
ygfM_xdhD_predicted,0.2,4,4,CCTAACCTACACAAGTTTTC,0,4890315
ygfM_xdhD_predicted,0.2,4,4,CCGTTGTCGGGGCAGTTGGC,0,4888231
ygfM_xdhD_predicted,0.2,4,4,CCGTTCTACTGACAACTACT,0,4885298
ygfM_xdhD_predicted,0.2,4,4,CCGTTAAGAGGGCTGCCTAC,0,4890891
ygfM_xdhD_predicted,0.2,4,4,CCGTGCGATAGGTTCCCGAT,0,4897911
ygfM_xdhD_predicted,0.2,4,4,CCGTACTGTGGCTGTGACTA,0,4877818
ygfM_xdhD_predicted,0.2,4,4,CCGTAATATATTCGAGGAAT,0,4884517
ygfM_xdhD_predicted,0.2,4,4,CCGGTGTTAGCCAGACACCA,0,4892218
ygfM_xdhD_predicted,0.2,4,4,CCGGTGTATATCATTAGGAG,0,4896016
ygfM_xdhD_predicted,0.2,4,4,CCGGTGGGTAACTGTGATCT,0,4875005
ygfM_xdhD_predicted,0.2,4,4,CCGGGCCTAGGCACGAATAC,0,4872080
ygfM_xdhD_predicted,0.2,4,4,CCGGCGGATGCTGCTCTGTA,0,4890768
ygfM_xdhD_predicted,0.2,4,4,CCGGCCCCCGATGGGGTACT,0,4880975
ygfM_xdhD_predicted,0.2,4,4,CCGGACTAGCGTACGTGGCC,0,4869366
ygfM_xdhD_predicted,0.2,4,4,CCGCTCGTAGGGAGAATACT,0,4885037
ygfM_xdhD_predicted,0.2,4,4,CCGCGGAATGGACTGGCTGT,0,4895003
ygfM_xdhD_predicted,0.2,4,4,CCGCAGTTTTCGTAGAGCTT,0,4876218
ygfM_xdhD_predicted,0.2,4,4,CCGAGACTGTCACGCATCGT,0,4876082
ygfM_xdhD_predicted,0.2,4,4,CCGACTCGACATCTAGGTCG,0,4894665
ygfM_xdhD_predicted,0.2,4,4,CCGACGATCAAAACCAATAG,0,4886743
ygfM_xdhD_predicted,0.2,4,4,CCGACATCTTACAGCTCTTT,0,4870869
ygfM_xdhD_predicted,0.2,4,4,CCCTTTTAGTATCACTCTTA,0,4881901
ygfM_xdhD_predicted,0.2,4,4,CCCTGCACGCTCTTCGTGCA,0,4866224
ygfM_xdhD_predicted,0.2,4,4,CCCTGACCCTACGGTCGATC,0,4866396
ygfM_xdhD_predicted,0.2,4,4,CCCTCGAAGGCCGTCGTCAG,0,4886632
ygfM_xdhD_predicted,0.2,4,4,CCCTATATAGGGGGAATCTT,0,4894424
ygfM_xdhD_predicted,0.2,4,4,CCCTACCAAATTTGCAGAGA,0,4870113
ygfM_xdhD_predicted,0.2,4,4,CCCTAAACATGACAGACAAC,0,4897013
ygfM_xdhD_predicted,0.2,4,4,CCCGTCTTCCTGTTCCCCAT,0,4897214
ygfM_xdhD_predicted,0.2,4,4,CCCGTCCGTTCAACATGTGT,0,4885913
ygfM_xdhD_predicted,0.2,4,4,CCCGTATGCCATGTCGCGAC,0,4883407
ygfM_xdhD_predicted,0.2,4,4,CCCGAAAGGGGCGTACCCGG,0,4896263
ygfM_xdhD_predicted,0.2,4,4,CCCCTGTTCCCCAGCATGCT,0,4897748
ygfM_xdhD_predicted,0.2,4,4,CCCCTCTAAGTTATTTATTC,0,4889089
ygfM_xdhD_predicted,0.2,4,4,CCCCGGATGGAACGGATCGA,0,4873707
ygfM_xdhD_predicted,0.2,4,4,CCCCGGAAGCTGAGGCAACT,0,4884092
ygfM_xdhD_predicted,0.2,4,4,CCCCACTGTGTGTCTGGAAG,0,4875874
ygfM_xdhD_predicted,0.2,4,4,CCCCAACCATCGGTGCTCCA,0,4873204
ygfM_xdhD_predicted,0.2,4,4,CCCAATTTAGTAGCAACATG,0,4894006
ygfM_xdhD_predicted,0.2,4,4,CCATGATCACGAGACGCCCT,0,4887579
ygfM_xdhD_predicted,0.2,4,4,CCATCGAAGTGGGACCTGAA,0,4896447
ygfM_xdhD_predicted,0.2,4,4,CCATCACCTTTTCGAAAGAT,0,4872556
ygfM_xdhD_predicted,0.2,4,4,CCATAGCAATCTTCGGAGTA,0,4888870
ygfM_xdhD_predicted,0.2,4,4,CCAGGTAAGCTGGGAAAACG,0,4898574
ygfM_xdhD_predicted,0.2,4,4,CCAGCATCCGAGAAACGTTT,0,4885990
ygfM_xdhD_predicted,0.2,4,4,CCAGACATCGTTCGTTGCAA,0,4874704
ygfM_xdhD_predicted,0.2,4,4,CCACTATAAAGTGGTCACTC,0,4897827
ygfM_xdhD_predicted,0.2,4,4,CCACCACGTTCACGTTAGCA,0,4896874
ygfM_xdhD_predicted,0.2,4,4,CCACATTCATTGTTATGTGA,0,4893606
ygfM_xdhD_predicted,0.2,4,4,CCACATACATGGAGAATTAC,0,4896309
ygfM_xdhD_predicted,0.2,4,4,CCAATACATACGCATCACTA,0,4889021
ygfM_xdhD_predicted,0.2,4,4,CCAAGTTCAGCTTTAGCCCT,0,4866002
ygfM_xdhD_predicted,0.2,4,4,CCAAGGGATGTACGGCTTCG,0,4885853
ygfM_xdhD_predicted,0.2,4,4,CCAAGACAACAGGTCACTTG,0,4878617
ygfM_xdhD_predicted,0.2,4,4,CCAACCCTATTCATTGGTGC,0,4878692
ygfM_xdhD_predicted,0.2,4,4,CATTCGAGTGGCAGCGCTCA,0,4869417
ygfM_xdhD_predicted,0.2,4,4,CATTATATCTGAACATGATC,0,4896710
ygfM_xdhD_predicted,0.2,4,4,CATGTACAGTCAACCAGGTC,0,4897815
ygfM_xdhD_predicted,0.2,4,4,CATGGGTATCTACCTGGAGT,0,4895300
ygfM_xdhD_predicted,0.2,4,4,CATGCGTTATAACCTTTGTA,0,4879473
ygfM_xdhD_predicted,0.2,4,4,CATGCCGAGAGAATATCGCT,0,4887795
ygfM_xdhD_predicted,0.2,4,4,CATGATCCCGCCCATGACAT,0,4898530
ygfM_xdhD_predicted,0.2,4,4,CATGATCACTCTTACAGTAG,0,4869037
ygfM_xdhD_predicted,0.2,4,4,CATCGTCAGGCCGTGTTCGG,0,4874256
ygfM_xdhD_predicted,0.2,4,4,CATCACATCACATATCGAGC,0,4892721
ygfM_xdhD_predicted,0.2,4,4,CATATAGCGTTACCAGGTAA,0,4887186
ygfM_xdhD_predicted,0.2,4,4,CATACTTCACTGCCTGTAAC,0,4886688
ygfM_xdhD_predicted,0.2,4,4,CATACTAACTCATTAATCAT,0,4870388
ygfM_xdhD_predicted,0.2,4,4,CAGGTCGGACAGCCTCCCTA,0,4898813
ygfM_xdhD_predicted,0.2,4,4,CAGCTTGGCTGGAGTCGAAT,0,4898319
ygfM_xdhD_predicted,0.2,4,4,CAGCACTAGGTTAAGTACAT,0,4870277
ygfM_xdhD_predicted,0.2,4,4,CAGACGGGGACAAAGGGAAT,0,4886877
ygfM_xdhD_predicted,0.2,4,4,CAGACCAACAAGAGCGACTT,0,4886994
ygfM_xdhD_predicted,0.2,4,4,CAGAACTGGAGCGCCGCCGT,0,4867130
ygfM_xdhD_predicted,0.2,4,4,CAGAACAGCTCCCCTGATGC,0,4895922
ygfM_xdhD_predicted,0.2,4,4,CACTTAGCGACCCATCGGTG,0,4870572
ygfM_xdhD_predicted,0.2,4,4,CACTGCGCCTATCAAGAGTC,0,4877606
ygfM_xdhD_predicted,0.2,4,4,CACTACAGCACATCGTACAT,0,4877280
ygfM_xdhD_predicted,0.2,4,4,CACTAAACGATTGAATTGTT,0,4887155
ygfM_xdhD_predicted,0.2,4,4,CACGTAATCTTTATTTCCCC,0,4893834
ygfM_xdhD_predicted,0.2,4,4,CACGGGTCCACCAGGAGGTG,0,4880874
ygfM_xdhD_predicted,0.2,4,4,CACGCGTCTCCACGGACCGT,0,4869796
ygfM_xdhD_predicted,0.2,4,4,CACGCGCCTCTCGAACGAGA,0,4878925
ygfM_xdhD_predicted,0.2,4,4,CACCTCACACGACACTAATA,0,4876156
ygfM_xdhD_predicted,0.2,4,4,CACCGTATTCACTTCTACCC,0,4898440
ygfM_xdhD_predicted,0.2,4,4,CACCGCTTTAACCATATCGT,0,4884309
ygfM_xdhD_predicted,0.2,4,4,CACCCTTTGGTTCCCATTAA,0,4887404
ygfM_xdhD_predicted,0.2,4,4,CACCAATACGGGTGTAGCGG,0,4880812
ygfM_xdhD_predicted,0.2,4,4,CACATGACGAGGTCATTGAC,0,4894924
ygfM_xdhD_predicted,0.2,4,4,CAATTTCCCTTAGACGCGCC,0,4897084
ygfM_xdhD_predicted,0.2,4,4,CAATGTGCGTCTGCATGATT,0,4873471
ygfM_xdhD_predicted,0.2,4,4,CAATCGCGGGAGGGAACAGG,0,4890738
ygfM_xdhD_predicted,0.2,4,4,CAAGTGCAACAGCACGTTGG,0,4871151
ygfM_xdhD_predicted,0.2,4,4,CAAGATCAAGGTAGCTTTTA,0,4876260
ygfM_xdhD_predicted,0.2,4,4,CAAGAGCTGCACGGACACAT,0,4892538
ygfM_xdhD_predicted,0.2,4,4,CAACGTGATAATTAGGTTCC,0,4866834
ygfM_xdhD_predicted,0.2,4,4,CAAAGCGTTTTAAGTGCTCT,0,4868552
ygfM_xdhD_predicted,0.2,4,4,CAAAGCATGAGGCTTCTGGT,0,4889276
ygfM_xdhD_predicted,0.2,4,4,CAAACAATTCCCTATCCACG,0,4868395
ygfM_xdhD_predicted,0.2,4,4,CAAAAATGTATATGGTGAAT,0,4879240
ygfM_xdhD_predicted,0.2,4,4,ATTTTTGTCTACGTCACGTG,0,4872711
ygfM_xdhD_predicted,0.2,4,4,ATTTGTGACAAACTAGAGTA,0,4867169
ygfM_xdhD_predicted,0.2,4,4,ATTTCGTATGGTCAAGTCCT,0,4872303
ygfM_xdhD_predicted,0.2,4,4,ATTTACAATCACGGCTCTGA,0,4899320
ygfM_xdhD_predicted,0.2,4,4,ATTGTTTTTTATCCTGAGCC,0,4892257
ygfM_xdhD_predicted,0.2,4,4,ATTGGTGAGTGGTGTCTGGA,0,4864548
ygfM_xdhD_predicted,0.2,4,4,ATTGGCAACAAGGGTCGTTC,0,4890324
ygfM_xdhD_predicted,0.2,4,4,ATTCGCCATAGCATGGTAGC,0,4888335
ygfM_xdhD_predicted,0.2,4,4,ATTCGCCAAAAAAATAGGAA,0,4895744
ygfM_xdhD_predicted,0.2,4,4,ATTCGCAAAAGGATCGGCAA,0,4893064
ygfM_xdhD_predicted,0.2,4,4,ATTCCTGCGCGCTGGGGGCA,0,4874295
ygfM_xdhD_predicted,0.2,4,4,ATTCAGGCTCACCATACGCG,0,4868152
ygfM_xdhD_predicted,0.2,4,4,ATGTTTTCGAAAAGGGGTGA,0,4871996
ygfM_xdhD_predicted,0.2,4,4,ATGTTCCTGAGGCGGACGGT,0,4886819
ygfM_xdhD_predicted,0.2,4,4,ATGGGTTACGGGGACACCGG,0,4883390
ygfM_xdhD_predicted,0.2,4,4,ATGGAGGTGTAGTGCCGTCA,0,4866138
ygfM_xdhD_predicted,0.2,4,4,ATGCATAGAGGGGCACTACT,0,4876552
ygfM_xdhD_predicted,0.2,4,4,ATGCACAAGCGGGGACTGTG,0,4898788
ygfM_xdhD_predicted,0.2,4,4,ATGAGAACCCTGGGTTGGCA,0,4894551
ygfM_xdhD_predicted,0.2,4,4,ATGAAACCAATACTCAAGAC,0,4868846
ygfM_xdhD_predicted,0.2,4,4,ATCTGTAAATGAGCACAAAG,0,4887307
ygfM_xdhD_predicted,0.2,4,4,ATCTGGTGACGTTCGGGTAG,0,4891430
ygfM_xdhD_predicted,0.2,4,4,ATCTATTTTAGACTGTAGGC,0,4890377
ygfM_xdhD_predicted,0.2,4,4,ATCTACCGACGTTTAGATCG,0,4887121
ygfM_xdhD_predicted,0.2,4,4,ATCGGTCCGTCCGTAAATAG,0,4877519
ygfM_xdhD_predicted,0.2,4,4,ATCGGACTTTTTTCAATTCG,0,4879046
ygfM_xdhD_predicted,0.2,4,4,ATCGCTGTTACTACATCCAT,0,4884194
ygfM_xdhD_predicted,0.2,4,4,ATCCGGCCTCTTTGGATCTA,0,4894377
ygfM_xdhD_predicted,0.2,4,4,ATCATGTGGGAGGAGAGCAA,0,4890885
ygfM_xdhD_predicted,0.2,4,4,ATCAGACTGGAAAAACGAGG,0,4868787
ygfM_xdhD_predicted,0.2,4,4,ATCAAGTAATGGCGGTTTTG,0,4885222
ygfM_xdhD_predicted,0.2,4,4,ATATCTTAGATGACAGGTGA,0,4886217
ygfM_xdhD_predicted,0.2,4,4,ATAGGCGGAGGGTGCTCATG,0,4866245
ygfM_xdhD_predicted,0.2,4,4,ATAAGTGGCCAGTCAGGTAG,0,4881422
ygfM_xdhD_predicted,0.2,4,4,ATAAGCCGGGGGCACTGTAC,0,4868874
ygfM_xdhD_predicted,0.2,4,4,ATAAAGGCCGAACTCCAAGT,0,4866561
ygfM_xdhD_predicted,0.2,4,4,AGTTGGCCTGATTACTTATG,0,4884335
ygfM_xdhD_predicted,0.2,4,4,AGTGTTTGATTAAGCCGTGG,0,4894187
ygfM_xdhD_predicted,0.2,4,4,AGTGTTACTCATGGGTGTTG,0,4893045
ygfM_xdhD_predicted,0.2,4,4,AGTGGGCAATTGCCGGCAAT,0,4891202
ygfM_xdhD_predicted,0.2,4,4,AGTCTAGTCCTAAACGAGAC,0,4876033
ygfM_xdhD_predicted,0.2,4,4,AGTCTAGGTTCGTAAGACGT,0,4890905
ygfM_xdhD_predicted,0.2,4,4,AGTCTAGAATCTCTATAATG,0,4872855
ygfM_xdhD_predicted,0.2,4,4,AGTCCTTATAACAATGAGTC,0,4864846
ygfM_xdhD_predicted,0.2,4,4,AGTCCCGATGATTTGTATTC,0,4886837
ygfM_xdhD_predicted,0.2,4,4,AGTCACAGACGAAAGAACAT,0,4892763
ygfM_xdhD_predicted,0.2,4,4,AGTATGCCTATCAATTCGCA,0,4899198
ygfM_xdhD_predicted,0.2,4,4,AGTATAGTCCCTAGTTTCCA,0,4896653
ygfM_xdhD_predicted,0.2,4,4,AGTACGCATTTCTATTACAG,0,4877607
ygfM_xdhD_predicted,0.2,4,4,AGTACGAAGAGGGTACTAGC,0,4877741
ygfM_xdhD_predicted,0.2,4,4,AGTACCGCAGCTCTAGAATA,0,4891071
ygfM_xdhD_predicted,0.2,4,4,AGGTTATATGCCGCCCTAGA,0,4886548
ygfM_xdhD_predicted,0.2,4,4,AGGTCTTAAGAGCATGTAAC,0,4895168
ygfM_xdhD_predicted,0.2,4,4,AGGTCTCTTTCACACGTGTC,0,4888102
ygfM_xdhD_predicted,0.2,4,4,AGGTATTTTGTGGACAGAGT,0,4864193
ygfM_xdhD_predicted,0.2,4,4,AGGTAGGTGGATCATCACTC,0,4883873
ygfM_xdhD_predicted,0.2,4,4,AGGGGAGCCGTAACATGACC,0,4882536
ygfM_xdhD_predicted,0.2,4,4,AGGGCTCCGTCAGTGGAGTG,0,4865442
ygfM_xdhD_predicted,0.2,4,4,AGGGATTGGTACCTATGCGT,0,4898874
ygfM_xdhD_predicted,0.2,4,4,AGGCGCAAGAGCGACGGCCC,0,4889142
ygfM_xdhD_predicted,0.2,4,4,AGGCCGGTTGTGGATCCAGC,0,4877373
ygfM_xdhD_predicted,0.2,4,4,AGGCAGCTTACTCAGCATCG,0,4898151
ygfM_xdhD_predicted,0.2,4,4,AGGCACGAGGGGCCGATGGC,0,4895625
ygfM_xdhD_predicted,0.2,4,4,AGGACGTCAAAGCGTTGAGG,0,4898786
ygfM_xdhD_predicted,0.2,4,4,AGGAAGGCATTAGATATTTA,0,4886515
ygfM_xdhD_predicted,0.2,4,4,AGCTGCCCAGTCGCGAATCA,0,4881829
ygfM_xdhD_predicted,0.2,4,4,AGCTCCGTCACTGTTCCCGG,0,4876109
ygfM_xdhD_predicted,0.2,4,4,AGCTCCAGACCCCATGGTCC,0,4891831
ygfM_xdhD_predicted,0.2,4,4,AGCTCATAGGTTCCCACACT,0,4889740
ygfM_xdhD_predicted,0.2,4,4,AGCGTTAGCACATGATCGTA,0,4885055
ygfM_xdhD_predicted,0.2,4,4,AGCGGGTGGTACCTGCGGCT,0,4892005
ygfM_xdhD_predicted,0.2,4,4,AGCGGGACTTATCCTTCAAG,0,4883167
ygfM_xdhD_predicted,0.2,4,4,AGCGCGGAGCATAGCTACCT,0,4864582
ygfM_xdhD_predicted,0.2,4,4,AGCGAGAAGACTAACTTCAA,0,4865339
ygfM_xdhD_predicted,0.2,4,4,AGCCCGGCATTTTAACAGTG,0,4878660
ygfM_xdhD_predicted,0.2,4,4,AGCCCAGAGAGGGTGGTGAG,0,4886935
ygfM_xdhD_predicted,0.2,4,4,AGCCACACCTAGAGCAACCT,0,4895295
ygfM_xdhD_predicted,0.2,4,4,AGCCAACGTGCGCACGCGAT,0,4898133
ygfM_xdhD_predicted,0.2,4,4,AGCATGACATGACTAAATAG,0,4880610
ygfM_xdhD_predicted,0.2,4,4,AGCATAGATGTTAGCGCTTA,0,4879211
ygfM_xdhD_predicted,0.2,4,4,AGCAAACGCAACGATGCGTC,0,4890185
ygfM_xdhD_predicted,0.2,4,4,AGATCGGGATCGGATGTCAT,0,4897712
ygfM_xdhD_predicted,0.2,4,4,AGATCAGAAGTTCGGGGAGC,0,4881838
ygfM_xdhD_predicted,0.2,4,4,AGATAGATCTCCGTTGTCCA,0,4874813
ygfM_xdhD_predicted,0.2,4,4,AGAGTTATTCGATTTACGCT,0,4866437
ygfM_xdhD_predicted,0.2,4,4,AGAGTCACAGATGTTCATTA,0,4871886
ygfM_xdhD_predicted,0.2,4,4,AGAGGCGGGATGACGCAGGG,0,4875980
ygfM_xdhD_predicted,0.2,4,4,AGAGGATCAGGCATTATTTG,0,4894318
ygfM_xdhD_predicted,0.2,4,4,AGAGCTAGTGGGAAGGTCCG,0,4875063
ygfM_xdhD_predicted,0.2,4,4,AGAGAGCAGGTAATAAACCT,0,4870391
ygfM_xdhD_predicted,0.2,4,4,AGACCAGTGGCACAATAAGG,0,4888199
ygfM_xdhD_predicted,0.2,4,4,AGAAGGTCCGTTAGGGCTTG,0,4889922
ygfM_xdhD_predicted,0.2,4,4,AGAAGGCTCAGCTCAATTAT,0,4883313
ygfM_xdhD_predicted,0.2,4,4,AGAACCCTTTAGACGCACAG,0,4899103
ygfM_xdhD_predicted,0.2,4,4,ACTTTTCTTAACTAACGATC,0,4874238
ygfM_xdhD_predicted,0.2,4,4,ACTTGTCGAAGGGATGCTTG,0,4876892
ygfM_xdhD_predicted,0.2,4,4,ACTTGACGGGCTTGCACAGA,0,4897125
ygfM_xdhD_predicted,0.2,4,4,ACTTAACAGTCTGTGAAGCT,0,4892986
ygfM_xdhD_predicted,0.2,4,4,ACTCTATGCCATGATTCACA,0,4896323
ygfM_xdhD_predicted,0.2,4,4,ACTCGTGAGGATTCAGCGAA,0,4881617
ygfM_xdhD_predicted,0.2,4,4,ACTATAATGGAAGGGTCTCT,0,4891763
ygfM_xdhD_predicted,0.2,4,4,ACTACCATTCAACCTTTTGT,0,4883145
ygfM_xdhD_predicted,0.2,4,4,ACGTTGGTAAGGGAGGTGCT,0,4895766
ygfM_xdhD_predicted,0.2,4,4,ACGTGCAGTAGATGCATCTT,0,4891761
ygfM_xdhD_predicted,0.2,4,4,ACGTCGTCACGACCGCTACT,0,4870353
ygfM_xdhD_predicted,0.2,4,4,ACGCCTTAGCGAGCCGAGCC,0,4881860
ygfM_xdhD_predicted,0.2,4,4,ACGCCTCGCGATCCTTCTAG,0,4889914
ygfM_xdhD_predicted,0.2,4,4,ACGCATCGTGCCAAGAGAAG,0,4895691
ygfM_xdhD_predicted,0.2,4,4,ACGCACACGTGTATTCTGAA,0,4880324
ygfM_xdhD_predicted,0.2,4,4,ACGATACAGTATTGTTTTGT,0,4874358
ygfM_xdhD_predicted,0.2,4,4,ACGACGTATGGCGATACTTG,0,4894478
ygfM_xdhD_predicted,0.2,4,4,ACGAATCCCGCCACAGCGTG,0,4888823
ygfM_xdhD_predicted,0.2,4,4,ACGAACACAGGGCCGGCTAG,0,4892207
ygfM_xdhD_predicted,0.2,4,4,ACCGGTTGCCACGATCCCTT,0,4865835
ygfM_xdhD_predicted,0.2,4,4,ACCGGACTACATGGTACGGG,0,4885592
ygfM_xdhD_predicted,0.2,4,4,ACCGAAGCTGGGCGCCCAAT,0,4874815
ygfM_xdhD_predicted,0.2,4,4,ACCACTAAGTTCTACTATTG,0,4868418
ygfM_xdhD_predicted,0.2,4,4,ACATCAGTTTAGAGGCAGGG,0,4871838
ygfM_xdhD_predicted,0.2,4,4,ACAGTCTGTTGCAGATAGTT,0,4893187
ygfM_xdhD_predicted,0.2,4,4,ACAGTCAATCCTACGGGAGT,0,4882821
ygfM_xdhD_predicted,0.2,4,4,ACAGGCACAAGACAATGGGG,0,4869904
ygfM_xdhD_predicted,0.2,4,4,ACACTCACTTTCCGAATGTT,0,4879642
ygfM_xdhD_predicted,0.2,4,4,ACACGCCGAGGGTGTGCGGA,0,4894647
ygfM_xdhD_predicted,0.2,4,4,ACACAGGCTATATCGAGAGC,0,4884882
ygfM_xdhD_predicted,0.2,4,4,ACAAGTGGACTATGTTGGTG,0,4887250
ygfM_xdhD_predicted,0.2,4,4,ACAAGTCGGCGAACAAAATG,0,4868029
ygfM_xdhD_predicted,0.2,4,4,ACAAGGCCCGTGATCTAGAC,0,4888001
ygfM_xdhD_predicted,0.2,4,4,ACAAACGACAACTTGCGATC,0,4885248
ygfM_xdhD_predicted,0.2,4,4,AATTTTTGGTTTTTCTGGCC,0,4867172
ygfM_xdhD_predicted,0.2,4,4,AATTTTGTCAACTCGGAATA,0,4883067
ygfM_xdhD_predicted,0.2,4,4,AATTTGCGAGCTCGACCGTC,0,4863903
ygfM_xdhD_predicted,0.2,4,4,AATATGGTAAATAACCCAGG,0,4883204
ygfM_xdhD_predicted,0.2,4,4,AAGTGTTTTGCCTCTTGTGA,0,4864226
ygfM_xdhD_predicted,0.2,4,4,AAGTGCGGATACAAGGAGTT,0,4864956
ygfM_xdhD_predicted,0.2,4,4,AAGGTTTCATAGCACTGCCG,0,4893543
ygfM_xdhD_predicted,0.2,4,4,AAGGGACTCTCCGGCCGGTA,0,4898528
ygfM_xdhD_predicted,0.2,4,4,AAGGCCAGCCAGTAATGTCA,0,4891381
ygfM_xdhD_predicted,0.2,4,4,AAGCCCGTATGCCACCTTTT,0,4886453
ygfM_xdhD_predicted,0.2,4,4,AAGCCACAAACTTATACAGG,0,4890495
ygfM_xdhD_predicted,0.2,4,4,AAGCAACAGTTCGCCCTTGA,0,4872380
ygfM_xdhD_predicted,0.2,4,4,AAGACCAGAGTTTTACTCCT,0,4883238
ygfM_xdhD_predicted,0.2,4,4,AACTTTGACGGCGTCCAGAC,0,4879525
ygfM_xdhD_predicted,0.2,4,4,AACTTGTAAGAGATATCAAC,0,4873721
ygfM_xdhD_predicted,0.2,4,4,AACTTAATTGGTTTCAGCTG,0,4876785
ygfM_xdhD_predicted,0.2,4,4,AACTGAGTGTGAACCTCATT,0,4895633
ygfM_xdhD_predicted,0.2,4,4,AACTCGTTCTTCGCGATCTT,0,4882820
ygfM_xdhD_predicted,0.2,4,4,AACGTTACATGTAGTCAAGG,0,4869368
ygfM_xdhD_predicted,0.2,4,4,AACGTCTGCACGAACTTTTG,0,4883966
ygfM_xdhD_predicted,0.2,4,4,AACGGTCTAAGTGTTCTGTT,0,4897432
ygfM_xdhD_predicted,0.2,4,4,AACGGGGGACCTTCCTCTGC,0,4884581
ygfM_xdhD_predicted,0.2,4,4,AACGGGCGGAACGCTAACGT,0,4888569
ygfM_xdhD_predicted,0.2,4,4,AACGCTCCACCTCAGGACAA,0,4886138
ygfM_xdhD_predicted,0.2,4,4,AACCTGGGGAACTCTTTGGT,0,4894005
ygfM_xdhD_predicted,0.2,4,4,AACCTAGCCGTCTGAGCAAG,0,4892384
ygfM_xdhD_predicted,0.2,4,4,AACCGTATTATGGTTAATTA,0,4865369
ygfM_xdhD_predicted,0.2,4,4,AACCCTTAATCTTGGACTAG,0,4871466
ygfM_xdhD_predicted,0.2,4,4,AACCCGGACGGCTCGCTCAC,0,4867813
ygfM_xdhD_predicted,0.2,4,4,AACATTTCGAAAAATCGCCA,0,4865371
ygfM_xdhD_predicted,0.2,4,4,AAATTGCGTTCACCGTGTTA,0,4881660
ygfM_xdhD_predicted,0.2,4,4,AAATTCAACATTCGGGTACA,0,4888306
ygfM_xdhD_predicted,0.2,4,4,AAATGACGTAGCTCTCTAGA,0,4884795
ygfM_xdhD_predicted,0.2,4,4,AAATAACAACGTGCGGTGAG,0,4870598
ygfM_xdhD_predicted,0.2,4,4,AAAGCGCTATTCTGTGTAAA,0,4891680
ygfM_xdhD_predicted,0.2,4,4,AAAGAGCGCGCCACGCGTCT,0,4883684
ygfM_xdhD_predicted,0.2,4,4,AAACTGGCGAAGTGTCTCGA,0,4873546
ygfM_xdhD_predicted,0.2,4,4,AAACTCTCCTCATTGGCGTT,0,4885402
ygfM_xdhD_predicted,0.2,4,4,AAACGCTTTTAAATGATCTG,0,4867502
ygfM_xdhD_predicted,0.2,4,4,AAACAGGTGTATTTTCCCTA,0,4899028
ygfM_xdhD_predicted,0.2,4,4,AAAAAAGCCTAAGTCAATGC,0,4877713
ygfM_xdhD_predicted,0.25,3,3,TTTTTGTTAGGACTCCTGCA,0,4874654
ygfM_xdhD_predicted,0.25,3,3,TTTTTGGGCGGCCGTCGATA,0,4885000
ygfM_xdhD_predicted,0.25,3,3,TTTTTACCTTGCAGGACGAC,0,4876305
ygfM_xdhD_predicted,0.25,3,3,TTTTGGTGAGTCCTTCGGTT,0,4866558
ygfM_xdhD_predicted,0.25,3,3,TTTTGCCATTGGTAGTACAC,0,4872178
ygfM_xdhD_predicted,0.25,3,3,TTTTGCAGGGCCGCTGGGTT,0,4898417
ygfM_xdhD_predicted,0.25,3,3,TTTTCGCGATTGGGGGTCTA,0,4869621
ygfM_xdhD_predicted,0.25,3,3,TTTTCATAGTTCGCTTCCCG,0,4897478
ygfM_xdhD_predicted,0.25,3,3,TTTTACCCCCGTCTGTAGTA,0,4880800
ygfM_xdhD_predicted,0.25,3,3,TTTTAAATACACGTCCCCTC,0,4886025
ygfM_xdhD_predicted,0.25,3,3,TTTGTTAGCCGGTTCATCAA,0,4888789
ygfM_xdhD_predicted,0.25,3,3,TTTCCATTGATAGCGGTATA,0,4877901
ygfM_xdhD_predicted,0.25,3,3,TTTAGGCTACGTGTCGCATC,0,4891757
ygfM_xdhD_predicted,0.25,3,3,TTTACGGTTTTAATGTGTTG,0,4871173
ygfM_xdhD_predicted,0.25,3,3,TTTAATTTGAGCCGGTTGCA,0,4896893
ygfM_xdhD_predicted,0.25,3,3,TTTAAACAACATTGCCTTGG,0,4881971
ygfM_xdhD_predicted,0.25,3,3,TTGTTGAACGGGTTGTTCAC,0,4873929
ygfM_xdhD_predicted,0.25,3,3,TTGTTACCCGGAAGGGCGAA,0,4890763
ygfM_xdhD_predicted,0.25,3,3,TTGTCAAATGATCTACGATC,0,4899251
ygfM_xdhD_predicted,0.25,3,3,TTGGTTCGGGGTGCCGTTGC,0,4885120
ygfM_xdhD_predicted,0.25,3,3,TTGGTTACCGCGAGGCTTTG,0,4864530
ygfM_xdhD_predicted,0.25,3,3,TTGGGGTTTGCAGAGACAGG,0,4881496
ygfM_xdhD_predicted,0.25,3,3,TTGGGCGGGACGGTAAGGTT,0,4887700
ygfM_xdhD_predicted,0.25,3,3,TTGGACTGGCTCAAGGATTC,0,4883225
ygfM_xdhD_predicted,0.25,3,3,TTGCTTTCGTATTTTTCAGG,0,4881830
ygfM_xdhD_predicted,0.25,3,3,TTGCTCTCGTCGGGCACGTC,0,4892093
ygfM_xdhD_predicted,0.25,3,3,TTGCGTTCGTCGTCTCGATA,0,4865774
ygfM_xdhD_predicted,0.25,3,3,TTGCGTCCTCTGATCTTCCA,0,4875082
ygfM_xdhD_predicted,0.25,3,3,TTGCGGTCTTCACGTCATCG,0,4896580
ygfM_xdhD_predicted,0.25,3,3,TTGCCCGCTATGGGGTGACA,0,4877491
ygfM_xdhD_predicted,0.25,3,3,TTGCCAGAAGAAGCCACGAA,0,4866103
ygfM_xdhD_predicted,0.25,3,3,TTGCCACCAAGCGAGGTTGG,0,4889539
ygfM_xdhD_predicted,0.25,3,3,TTGCCAAGTTCGGCGACAAA,0,4870702
ygfM_xdhD_predicted,0.25,3,3,TTGAGCTGTTAGCCGGGTTA,0,4872657
ygfM_xdhD_predicted,0.25,3,3,TTGAGCCGCGAGGGGTTCCG,0,4880883
ygfM_xdhD_predicted,0.25,3,3,TTGACGAGGGGCATTCATCT,0,4879806
ygfM_xdhD_predicted,0.25,3,3,TTGAAAAGGGCGTAAGCCTC,0,4873833
ygfM_xdhD_predicted,0.25,3,3,TTCTGGAGGTAAGCACAGCG,0,4864456
ygfM_xdhD_predicted,0.25,3,3,TTCTGCCAAACGCCCAATGA,0,4893944
ygfM_xdhD_predicted,0.25,3,3,TTCTCATGGAAGTCAAGTCG,0,4896030
ygfM_xdhD_predicted,0.25,3,3,TTCGTTGTCGCATCTGGACG,0,4886941
ygfM_xdhD_predicted,0.25,3,3,TTCGTTGCAGAGGTCATGAT,0,4883017
ygfM_xdhD_predicted,0.25,3,3,TTCGGTACGTCCTATTCCGG,0,4876458
ygfM_xdhD_predicted,0.25,3,3,TTCGATTTCTCTACCTCGTA,0,4867761
ygfM_xdhD_predicted,0.25,3,3,TTCCGCTCAGCAATAAAGGA,0,4884085
ygfM_xdhD_predicted,0.25,3,3,TTCCGCAGTGTTTAGTGTGA,0,4871804
ygfM_xdhD_predicted,0.25,3,3,TTCCCGGTTGGGTAGGTGAA,0,4888638
ygfM_xdhD_predicted,0.25,3,3,TTCATTGAGAGGAGTCGCTA,0,4881785
ygfM_xdhD_predicted,0.25,3,3,TTCATCTAATATAAAGTGCA,0,4889690
ygfM_xdhD_predicted,0.25,3,3,TTCATCGCTATCCGGCTAAG,0,4867986
ygfM_xdhD_predicted,0.25,3,3,TTCAGGGTGGTTGCGCCGGT,0,4891974
ygfM_xdhD_predicted,0.25,3,3,TTCAATGGGAGTATCTTTTA,0,4886992
ygfM_xdhD_predicted,0.25,3,3,TTCAAGTAAAGTATGGCACC,0,4885786
ygfM_xdhD_predicted,0.25,3,3,TTCAAGGGTAAGGTGTGTAG,0,4875368
ygfM_xdhD_predicted,0.25,3,3,TTCAACCATCTTATTATCGA,0,4891689
ygfM_xdhD_predicted,0.25,3,3,TTATGTTACACTCCCGTCGG,0,4873375
ygfM_xdhD_predicted,0.25,3,3,TTATGGTCCTGAGAGAGCGC,0,4897056
ygfM_xdhD_predicted,0.25,3,3,TTATGCGCGATGCGTTAGCT,0,4874258
ygfM_xdhD_predicted,0.25,3,3,TTATCCCTGTTTTTTAACTA,0,4894224
ygfM_xdhD_predicted,0.25,3,3,TTATCATTGGGAGCGATCGT,0,4899264
ygfM_xdhD_predicted,0.25,3,3,TTATATCGGGGAGCGGTACT,0,4889993
ygfM_xdhD_predicted,0.25,3,3,TTAGTTCTGCATAATACCAG,0,4869789
ygfM_xdhD_predicted,0.25,3,3,TTAGCTACCACGTTACTATT,0,4890351
ygfM_xdhD_predicted,0.25,3,3,TTAGCGAATGCGGCAATGAA,0,4879842
ygfM_xdhD_predicted,0.25,3,3,TTAGCAAGGTGCAGTAACAG,0,4876258
ygfM_xdhD_predicted,0.25,3,3,TTAGATTACCCTCTTCAGCA,0,4875777
ygfM_xdhD_predicted,0.25,3,3,TTACTTCTAGGGACTGAGGA,0,4872900
ygfM_xdhD_predicted,0.25,3,3,TTACTATGTCATCTGGACTA,0,4882773
ygfM_xdhD_predicted,0.25,3,3,TTACCACGCAGTGGCAGTCT,0,4879158
ygfM_xdhD_predicted,0.25,3,3,TTAATTACTAGCCTGTGTTC,0,4866311
ygfM_xdhD_predicted,0.25,3,3,TTAATTAAGGGTTTCCTGTT,0,4873907
ygfM_xdhD_predicted,0.25,3,3,TTAAGCAGGATTTAGGCCTT,0,4878056
ygfM_xdhD_predicted,0.25,3,3,TTAACATTTTATGTAACCAC,0,4895968
ygfM_xdhD_predicted,0.25,3,3,TTAAACTCCGACGGGTGTAC,0,4898207
ygfM_xdhD_predicted,0.25,3,3,TTAAAACGACTCAGAAGGCT,0,4873007
ygfM_xdhD_predicted,0.25,3,3,TGTTCCGAGTTTACACTGCA,0,4895532
ygfM_xdhD_predicted,0.25,3,3,TGTTCCAAGCGAAGCCAGAA,0,4882597
ygfM_xdhD_predicted,0.25,3,3,TGTTATAACAGGATTTCCGT,0,4894844
ygfM_xdhD_predicted,0.25,3,3,TGTTAGGCCAGGGAGCACAT,0,4884792
ygfM_xdhD_predicted,0.25,3,3,TGTGGCATTAGGGTTGCTTT,0,4892146
ygfM_xdhD_predicted,0.25,3,3,TGTGCGTCGAAGTTCCATGG,0,4895024
ygfM_xdhD_predicted,0.25,3,3,TGTGCCTAGACTTACGATCC,0,4874995
ygfM_xdhD_predicted,0.25,3,3,TGTCTCAAGTGAACTCAACA,0,4886846
ygfM_xdhD_predicted,0.25,3,3,TGTAGGTGTACGGGCTTGGC,0,4877905
ygfM_xdhD_predicted,0.25,3,3,TGTACCCGGTTCCTGAGTGC,0,4867093
ygfM_xdhD_predicted,0.25,3,3,TGTACAGTCTGCAGAAGTCC,0,4897396
ygfM_xdhD_predicted,0.25,3,3,TGGTCAGTGGAATCTTTTAG,0,4888544
ygfM_xdhD_predicted,0.25,3,3,TGGGTGAACCGCGTAAGCGC,0,4866985
ygfM_xdhD_predicted,0.25,3,3,TGGGGGTTTCTAAGTCGGAT,0,4889473
ygfM_xdhD_predicted,0.25,3,3,TGGGGGCGCGGTCTTTGGGT,0,4873378
ygfM_xdhD_predicted,0.25,3,3,TGGGGCGCCAGAACGAAGGC,0,4882127
ygfM_xdhD_predicted,0.25,3,3,TGGGCCGGGCTACCGTCTGG,0,4889893
ygfM_xdhD_predicted,0.25,3,3,TGGCTTTGGGAATAGCGTCT,0,4878135
ygfM_xdhD_predicted,0.25,3,3,TGGCAACTGTGGCGGGGGCT,0,4865704
ygfM_xdhD_predicted,0.25,3,3,TGGATACGGAGTTCGTGTCG,0,4878081
ygfM_xdhD_predicted,0.25,3,3,TGGAGGGGTGTGTATAGGGC,0,4886368
ygfM_xdhD_predicted,0.25,3,3,TGGAGGGCTAGAGATTGAAA,0,4897029
ygfM_xdhD_predicted,0.25,3,3,TGGAGCGTTATGACAGCTCT,0,4896934
ygfM_xdhD_predicted,0.25,3,3,TGGAATTCATCATAATTGGG,0,4893788
ygfM_xdhD_predicted,0.25,3,3,TGCTGGCGAAGGTATGTAGT,0,4890777
ygfM_xdhD_predicted,0.25,3,3,TGCTGCTCCCCTGGCTAAGT,0,4866549
ygfM_xdhD_predicted,0.25,3,3,TGCGTGTAAATTGCAAGCCA,0,4877951
ygfM_xdhD_predicted,0.25,3,3,TGCCGTACTAGGGGCAAATT,0,4886476
ygfM_xdhD_predicted,0.25,3,3,TGCCATCGAGTCTGGGCCGG,0,4870737
ygfM_xdhD_predicted,0.25,3,3,TGCCAGGGGTAGTAAAAGTT,0,4866876
ygfM_xdhD_predicted,0.25,3,3,TGCAGTGTTTTGAGAAGGAC,0,4871961
ygfM_xdhD_predicted,0.25,3,3,TGCACTTTGGTTATTGTACT,0,4882456
ygfM_xdhD_predicted,0.25,3,3,TGCACTATACCGACCTGGGC,0,4875648
ygfM_xdhD_predicted,0.25,3,3,TGCACAGTAAGACTTAAGCT,0,4897973
ygfM_xdhD_predicted,0.25,3,3,TGCAAATCTGTGCGTGCGCA,0,4877572
ygfM_xdhD_predicted,0.25,3,3,TGATTTCGCCAACGCAGCTG,0,4881413
ygfM_xdhD_predicted,0.25,3,3,TGAGTTCCTGAGGATAAGTC,0,4886989
ygfM_xdhD_predicted,0.25,3,3,TGAGTAACCATGTCAAGCGT,0,4890629
ygfM_xdhD_predicted,0.25,3,3,TGAGGCAGATCATCGCTTGT,0,4884572
ygfM_xdhD_predicted,0.25,3,3,TGAGCTTCGCGGGTCTTTAC,0,4885144
ygfM_xdhD_predicted,0.25,3,3,TGAGACCAAAGCAGAGTGTG,0,4886604
ygfM_xdhD_predicted,0.25,3,3,TGACTATAATAGAACCAGCC,0,4888637
ygfM_xdhD_predicted,0.25,3,3,TGACGCTAGGATGCCGGTGA,0,4889576
ygfM_xdhD_predicted,0.25,3,3,TGACCTGTACAAACGGTTAT,0,4891715
ygfM_xdhD_predicted,0.25,3,3,TGACCCCGGTTTAGGGTATA,0,4872631
ygfM_xdhD_predicted,0.25,3,3,TGACAGTAGACCTGAATCTC,0,4888056
ygfM_xdhD_predicted,0.25,3,3,TGACAAGATCCGAGTGCGTC,0,4889006
ygfM_xdhD_predicted,0.25,3,3,TGAATCCACCCATAATGAAA,0,4870626
ygfM_xdhD_predicted,0.25,3,3,TGAACTTGTCAACCCCATGT,0,4864984
ygfM_xdhD_predicted,0.25,3,3,TGAAATCTCTCGTGCGTACC,0,4868317
ygfM_xdhD_predicted,0.25,3,3,TGAAACTAAATTCCAGCAGT,0,4876734
ygfM_xdhD_predicted,0.25,3,3,TCTTGGTTCAGAGCATCTTT,0,4871252
ygfM_xdhD_predicted,0.25,3,3,TCTTGGTCTCTAACCTATAT,0,4890057
ygfM_xdhD_predicted,0.25,3,3,TCTGGCCACGCCTCCCTGGA,0,4865319
ygfM_xdhD_predicted,0.25,3,3,TCTGAGGACACAAGGTTTTG,0,4893095
ygfM_xdhD_predicted,0.25,3,3,TCTGAAAGATCGGCGATGGA,0,4865489
ygfM_xdhD_predicted,0.25,3,3,TCTCCCGAGTTAGCCGACGG,0,4886513
ygfM_xdhD_predicted,0.25,3,3,TCTCATCCATCAACTTCAGT,0,4864610
ygfM_xdhD_predicted,0.25,3,3,TCTAGCCGGCGCATAACGGT,0,4891786
ygfM_xdhD_predicted,0.25,3,3,TCTACAGTAACATGTGTACT,0,4876891
ygfM_xdhD_predicted,0.25,3,3,TCTAATGCCGGTTAGCGATC,0,4890201
ygfM_xdhD_predicted,0.25,3,3,TCGTTATTTCATAGACCCGG,0,4880547
ygfM_xdhD_predicted,0.25,3,3,TCGTTACCTGGGCTCACGTA,0,4882236
ygfM_xdhD_predicted,0.25,3,3,TCGTGGTCTCCGTTTGTGCG,0,4870271
ygfM_xdhD_predicted,0.25,3,3,TCGGGATCCGATCTAGACAC,0,4879621
ygfM_xdhD_predicted,0.25,3,3,TCGGATATAAAGGGATTAAG,0,4866343
ygfM_xdhD_predicted,0.25,3,3,TCGGAGGGGGCACGGTTTAT,0,4871355
ygfM_xdhD_predicted,0.25,3,3,TCGCTGAAATCTCGTATCGT,0,4878585
ygfM_xdhD_predicted,0.25,3,3,TCGCACCTCGTCCCTTTGTC,0,4864423
ygfM_xdhD_predicted,0.25,3,3,TCGATTTTGATTCGACGGAA,0,4887547
ygfM_xdhD_predicted,0.25,3,3,TCGATCGATAAGGTCACGGT,0,4878711
ygfM_xdhD_predicted,0.25,3,3,TCGATACCGCCTTCCGGTGG,0,4878149
ygfM_xdhD_predicted,0.25,3,3,TCGAGCCGTTCAGTGCAGTC,0,4879762
ygfM_xdhD_predicted,0.25,3,3,TCGACGAGTCATGTTTTCTT,0,4874494
ygfM_xdhD_predicted,0.25,3,3,TCCTGACAGACATCACACCC,0,4893160
ygfM_xdhD_predicted,0.25,3,3,TCCTCGAAATAGCGAGTCCC,0,4872250
ygfM_xdhD_predicted,0.25,3,3,TCCTACCCTCCGTCAGTTCA,0,4882649
ygfM_xdhD_predicted,0.25,3,3,TCCTAAGATAGCAAGGCGCC,0,4887165
ygfM_xdhD_predicted,0.25,3,3,TCCGCTAATTTCTTCCCGGG,0,4885078
ygfM_xdhD_predicted,0.25,3,3,TCCGCAATAATAGACCTACC,0,4896645
ygfM_xdhD_predicted,0.25,3,3,TCCAAGCCAATTTGATGATA,0,4876652
ygfM_xdhD_predicted,0.25,3,3,TCATTCTCCATGGACAGCTT,0,4868007
ygfM_xdhD_predicted,0.25,3,3,TCATTCATCTGCCGGATAGT,0,4887884
ygfM_xdhD_predicted,0.25,3,3,TCATGGACTGTCCGCGGGGT,0,4880256
ygfM_xdhD_predicted,0.25,3,3,TCATCAGTTTTTTACTGTCA,0,4875763
ygfM_xdhD_predicted,0.25,3,3,TCAGGATCCCCTCGGTCGCA,0,4882798
ygfM_xdhD_predicted,0.25,3,3,TCAGCAAGCTACACCGGCGT,0,4868737
ygfM_xdhD_predicted,0.25,3,3,TCAGATAAGCCGCGTGCGCT,0,4878220
ygfM_xdhD_predicted,0.25,3,3,TCACGTATCCCCTAAGCGAA,0,4897720
ygfM_xdhD_predicted,0.25,3,3,TCACGTAAGCCGATTTCCTT,0,4865436
ygfM_xdhD_predicted,0.25,3,3,TCACCGGGCCGGTGACAAGT,0,4880436
ygfM_xdhD_predicted,0.25,3,3,TCACATCGCGGTTTCCTTAA,0,4890859
ygfM_xdhD_predicted,0.25,3,3,TCACACCGTGGATCGGTCAC,0,4890323
ygfM_xdhD_predicted,0.25,3,3,TCAATTGGAATTAACGCCAC,0,4896928
ygfM_xdhD_predicted,0.25,3,3,TCAATTCCCATTTCCGGAGT,0,4879616
ygfM_xdhD_predicted,0.25,3,3,TCAATTAGGTGAGTGGATTT,0,4886988
ygfM_xdhD_predicted,0.25,3,3,TCAACCGATATAGCATTCGA,0,4880774
ygfM_xdhD_predicted,0.25,3,3,TCAACACAGCCTTCTTGTTC,0,4866937
ygfM_xdhD_predicted,0.25,3,3,TCAACAAAGAGTTGCAAGAC,0,4874259
ygfM_xdhD_predicted,0.25,3,3,TCAAACACTGTAAAAAAGTT,0,4869623
ygfM_xdhD_predicted,0.25,3,3,TATTGGAGCACTACGCATAA,0,4878568
ygfM_xdhD_predicted,0.25,3,3,TATTGCCAGACACACTTGGA,0,4864692
ygfM_xdhD_predicted,0.25,3,3,TATTCTCGTTACCCGCTTGT,0,4877942
ygfM_xdhD_predicted,0.25,3,3,TATTCACTGGAATATGCATG,0,4865014
ygfM_xdhD_predicted,0.25,3,3,TATTAAGGTAGAACATGCAC,0,4895850
ygfM_xdhD_predicted,0.25,3,3,TATGCATATTCGTTGAACAT,0,4865668
ygfM_xdhD_predicted,0.25,3,3,TATGAGGAAGAACGGTAGCT,0,4880070
ygfM_xdhD_predicted,0.25,3,3,TATCAACTCCAGTTGTAATG,0,4876807
ygfM_xdhD_predicted,0.25,3,3,TATAGGTATACTGTCCGTTG,0,4869979
ygfM_xdhD_predicted,0.25,3,3,TATAGATTAGATACAGGCCC,0,4872845
ygfM_xdhD_predicted,0.25,3,3,TATAACTAATCGCGTTTGTT,0,4875033
ygfM_xdhD_predicted,0.25,3,3,TAGTCCGTCATACACAAGAT,0,4898536
ygfM_xdhD_predicted,0.25,3,3,TAGGTGAGTAATCGTGAGTC,0,4895903
ygfM_xdhD_predicted,0.25,3,3,TAGGGTGCCCAGGCGCTTTT,0,4883370
ygfM_xdhD_predicted,0.25,3,3,TAGCGTCAGCTTACAAAGAA,0,4893848
ygfM_xdhD_predicted,0.25,3,3,TAGCCCTATACTTGATGTTC,0,4866084
ygfM_xdhD_predicted,0.25,3,3,TAGCATTATTATCCTATAAC,0,4887812
ygfM_xdhD_predicted,0.25,3,3,TAGAGCGGCAGAGGCACACG,0,4886940
ygfM_xdhD_predicted,0.25,3,3,TAGACATGGCACTGTGGCTT,0,4886167
ygfM_xdhD_predicted,0.25,3,3,TACTTGTGAATTGTTTGAGC,0,4880915
ygfM_xdhD_predicted,0.25,3,3,TACTATATGGACAACCGCCA,0,4896723
ygfM_xdhD_predicted,0.25,3,3,TACTACGGCCCTTCGTAATG,0,4869049
ygfM_xdhD_predicted,0.25,3,3,TACGGCCTCCTATTTTAGCA,0,4873536
ygfM_xdhD_predicted,0.25,3,3,TACGACTCGACCCTGTACCT,0,4891240
ygfM_xdhD_predicted,0.25,3,3,TACCATCCTTCAAGCTGTTC,0,4891956
ygfM_xdhD_predicted,0.25,3,3,TACCAATCTCAGTCACAAAA,0,4891883
ygfM_xdhD_predicted,0.25,3,3,TACATCTAGACGGTAGGGGT,0,4870083
ygfM_xdhD_predicted,0.25,3,3,TACACGTGGTAGCTCGGCTT,0,4874173
ygfM_xdhD_predicted,0.25,3,3,TAATTCGTTAATTCCTGTTC,0,4879374
ygfM_xdhD_predicted,0.25,3,3,TAAGGTGAAGCAGGTTTGTG,0,4872838
ygfM_xdhD_predicted,0.25,3,3,TAAGACTGAGAGGCTGTCAC,0,4892644
ygfM_xdhD_predicted,0.25,3,3,TAACGTCTGGTAAGTCCGAT,0,4867402
ygfM_xdhD_predicted,0.25,3,3,TAACCCCCCACCATGATCTC,0,4879959
ygfM_xdhD_predicted,0.25,3,3,TAAACAGGGACTGCGTGACC,0,4889141
ygfM_xdhD_predicted,0.25,3,3,GTTTAAATCCCAATCTGCGG,0,4898601
ygfM_xdhD_predicted,0.25,3,3,GTTGCGTTTCCCAGTGTACA,0,4866345
ygfM_xdhD_predicted,0.25,3,3,GTTGCAGACGCGGGAACTCG,0,4881694
ygfM_xdhD_predicted,0.25,3,3,GTTGAGAAAAACTGTATTGA,0,4875283
ygfM_xdhD_predicted,0.25,3,3,GTTCCTACGTTTTAATATCC,0,4876318
ygfM_xdhD_predicted,0.25,3,3,GTTCCCACTACTGCTGTTCG,0,4872249
ygfM_xdhD_predicted,0.25,3,3,GTTAGAGATCGCTAGATTCA,0,4885216
ygfM_xdhD_predicted,0.25,3,3,GTTACGGGCTTACGGTGACT,0,4888633
ygfM_xdhD_predicted,0.25,3,3,GTTACGATGGATCCAAGCAA,0,4866393
ygfM_xdhD_predicted,0.25,3,3,GTTAATAACAGCGCTTTCAT,0,4886792
ygfM_xdhD_predicted,0.25,3,3,GTTAAACCTAGACGCACCAA,0,4873269
ygfM_xdhD_predicted,0.25,3,3,GTGTTCAAGAATCGTAGCGG,0,4870843
ygfM_xdhD_predicted,0.25,3,3,GTGTGTATTCTCAGGGCGCG,0,4876913
ygfM_xdhD_predicted,0.25,3,3,GTGTGGAGACCCCTTGATGC,0,4866751
ygfM_xdhD_predicted,0.25,3,3,GTGTGCAGTCTTAGTTCGGG,0,4863918
ygfM_xdhD_predicted,0.25,3,3,GTGTGAGGTCATTTTGTAAC,0,4864143
ygfM_xdhD_predicted,0.25,3,3,GTGTATTCTAGGCTGCGGCC,0,4881983
ygfM_xdhD_predicted,0.25,3,3,GTGTAGAGATTGGGTTGCGG,0,4879124
ygfM_xdhD_predicted,0.25,3,3,GTGGTTCGACGTCGCCGTCC,0,4885284
ygfM_xdhD_predicted,0.25,3,3,GTGGTAGCCTCCCCATACAA,0,4884270
ygfM_xdhD_predicted,0.25,3,3,GTGGGGATGGAAGCCGCTCA,0,4865869
ygfM_xdhD_predicted,0.25,3,3,GTGGCTGAGATTTAATTAGT,0,4868490
ygfM_xdhD_predicted,0.25,3,3,GTGCTCTACGCAGCCTTTGT,0,4896861
ygfM_xdhD_predicted,0.25,3,3,GTGCTATATCCAGAGGAAGT,0,4869952
ygfM_xdhD_predicted,0.25,3,3,GTGCCGCCGCCGCCAACTAG,0,4889589
ygfM_xdhD_predicted,0.25,3,3,GTGCACTTGAGGGTCTAGAT,0,4880173
ygfM_xdhD_predicted,0.25,3,3,GTGCACGCTGTTGATTAAAG,0,4877272
ygfM_xdhD_predicted,0.25,3,3,GTGATGGAAGGGACGTCAAC,0,4866122
ygfM_xdhD_predicted,0.25,3,3,GTGACTGAGTCTATCCGGCA,0,4893098
ygfM_xdhD_predicted,0.25,3,3,GTGACGCGCGCGAGTCGATC,0,4883983
ygfM_xdhD_predicted,0.25,3,3,GTCTGCGTGCCCTTTTCCGT,0,4879936
ygfM_xdhD_predicted,0.25,3,3,GTCTCGCCCCCGCAAGTGCC,0,4869724
ygfM_xdhD_predicted,0.25,3,3,GTCTCCTTCAGATCCGGAGC,0,4881715
ygfM_xdhD_predicted,0.25,3,3,GTCTATCGAGGTGATTGCGC,0,4864575
ygfM_xdhD_predicted,0.25,3,3,GTCGTAACAAAGGCACTTTA,0,4868135
ygfM_xdhD_predicted,0.25,3,3,GTCGGCTATTTCGCGGCGAT,0,4864719
ygfM_xdhD_predicted,0.25,3,3,GTCCCGGTGCCGAAGGTATG,0,4875922
ygfM_xdhD_predicted,0.25,3,3,GTCACGAGGCATTGCGTATA,0,4878144
ygfM_xdhD_predicted,0.25,3,3,GTATGTGGTTCGTGTCGGCA,0,4881798
ygfM_xdhD_predicted,0.25,3,3,GTATGGCAGAGCTTAAGTTC,0,4875610
ygfM_xdhD_predicted,0.25,3,3,GTATCTAGCCAAAAAACTAG,0,4869110
ygfM_xdhD_predicted,0.25,3,3,GTATACAAAGCTGGTGGATT,0,4880428
ygfM_xdhD_predicted,0.25,3,3,GTAGTACTGAGGCAAAACTG,0,4899129
ygfM_xdhD_predicted,0.25,3,3,GTAGGGTCTAAGTCCGAGCC,0,4895795
ygfM_xdhD_predicted,0.25,3,3,GTAGGCAATTTAAGGCAGCC,0,4893059
ygfM_xdhD_predicted,0.25,3,3,GTAGCCAAAGCCGGAGGTCT,0,4875662
ygfM_xdhD_predicted,0.25,3,3,GTAGAGCGCGTGTCGAATAA,0,4879808
ygfM_xdhD_predicted,0.25,3,3,GTACCCAACATCGGAAAGCT,0,4885548
ygfM_xdhD_predicted,0.25,3,3,GTACCAGTGGACCGAGTGAG,0,4897183
ygfM_xdhD_predicted,0.25,3,3,GTACAGTGTTACAGGTATAA,0,4877700
ygfM_xdhD_predicted,0.25,3,3,GTACAGCAACGGATCTCGGT,0,4884086
ygfM_xdhD_predicted,0.25,3,3,GTACAAAATGGGGCCAGCTT,0,4896299
ygfM_xdhD_predicted,0.25,3,3,GTAAGGTATTGGGAATCTTA,0,4874743
ygfM_xdhD_predicted,0.25,3,3,GTAACCGATTTAACAGGTAA,0,4864160
ygfM_xdhD_predicted,0.25,3,3,GTAACATGGTAAACAGCCGG,0,4895598
ygfM_xdhD_predicted,0.25,3,3,GGTTGGACCCTGTAGGTCTT,0,4886613
ygfM_xdhD_predicted,0.25,3,3,GGTTCCATCAGGGGCAGTAT,0,4890376
ygfM_xdhD_predicted,0.25,3,3,GGTTAGGTTATGCACATCTT,0,4868621
ygfM_xdhD_predicted,0.25,3,3,GGTTAATCTACCCCACCGAT,0,4883572
ygfM_xdhD_predicted,0.25,3,3,GGTGTTAGAAATTAGATGCC,0,4874323
ygfM_xdhD_predicted,0.25,3,3,GGTCCGCAGGAGTTCATCCC,0,4888780
ygfM_xdhD_predicted,0.25,3,3,GGTCCACCACGATCCCGTCA,0,4878835
ygfM_xdhD_predicted,0.25,3,3,GGTATGTCGTCCCGTAGAAA,0,4869295
ygfM_xdhD_predicted,0.25,3,3,GGGTGTGACGTTATCATCTC,0,4893759
ygfM_xdhD_predicted,0.25,3,3,GGGTGCAGGATAATATCTAG,0,4867076
ygfM_xdhD_predicted,0.25,3,3,GGGTCTGGATTGTGAGACGT,0,4884518
ygfM_xdhD_predicted,0.25,3,3,GGGTAGTCTACTGAAGCTCA,0,4878075
ygfM_xdhD_predicted,0.25,3,3,GGGTAGAACTTTTGGATTCT,0,4885096
ygfM_xdhD_predicted,0.25,3,3,GGGTAATGGTGCGTTATGTC,0,4864690
ygfM_xdhD_predicted,0.25,3,3,GGGCTTCACTATTGTCCTTA,0,4890663
ygfM_xdhD_predicted,0.25,3,3,GGGCCTGTGTATTCTAGTGG,0,4885459
ygfM_xdhD_predicted,0.25,3,3,GGGCCGGTCCACATTTAGGA,0,4877859
ygfM_xdhD_predicted,0.25,3,3,GGGCCGGGAGTTAACTGAGA,0,4878014
ygfM_xdhD_predicted,0.25,3,3,GGGCATTTCGGATACCGCGC,0,4894447
ygfM_xdhD_predicted,0.25,3,3,GGGCAAAGGATTCATTAATG,0,4890075
ygfM_xdhD_predicted,0.25,3,3,GGGATTGAGGGTTAAGGGGG,0,4880001
ygfM_xdhD_predicted,0.25,3,3,GGGATCAGCCGCGGGTAACT,0,4884603
ygfM_xdhD_predicted,0.25,3,3,GGGAGGAACATTTTTATCGA,0,4869482
ygfM_xdhD_predicted,0.25,3,3,GGCTGGAACCTCGGTGCGAA,0,4886247
ygfM_xdhD_predicted,0.25,3,3,GGCTCATTTTGCAGCAATGT,0,4882282
ygfM_xdhD_predicted,0.25,3,3,GGCTCAGACTTTTGACGGGA,0,4864820
ygfM_xdhD_predicted,0.25,3,3,GGCCGCTGAATCCGGGCCAA,0,4880417
ygfM_xdhD_predicted,0.25,3,3,GGCCGCCCGACGAGAAGATC,0,4893686
ygfM_xdhD_predicted,0.25,3,3,GGCCCTTCACGAAAATCCGA,0,4888681
ygfM_xdhD_predicted,0.25,3,3,GGCCCATACTGGACCCCTAG,0,4869152
ygfM_xdhD_predicted,0.25,3,3,GGCCACTGGTCTTTAGCCTC,0,4873208
ygfM_xdhD_predicted,0.25,3,3,GGCCAATTAGCTCGTCACTG,0,4899204
ygfM_xdhD_predicted,0.25,3,3,GGCATAAGAGTTTCCGCGTA,0,4884691
ygfM_xdhD_predicted,0.25,3,3,GGATTTACAAGTGGGTCATA,0,4886149
ygfM_xdhD_predicted,0.25,3,3,GGATTGCGAGTGGAGGGACC,0,4890214
ygfM_xdhD_predicted,0.25,3,3,GGATTAGATAAGCATAATTT,0,4887325
ygfM_xdhD_predicted,0.25,3,3,GGACTACAACGATGGAGAAG,0,4878330
ygfM_xdhD_predicted,0.25,3,3,GGACGGCGTGATCGGGTTGG,0,4877209
ygfM_xdhD_predicted,0.25,3,3,GGACCTGATGCGCTGACGTC,0,4868479
ygfM_xdhD_predicted,0.25,3,3,GGACCGTTCACAAGAATACA,0,4868724
ygfM_xdhD_predicted,0.25,3,3,GGACCGCAAGATCATGCGCG,0,4864906
ygfM_xdhD_predicted,0.25,3,3,GGACCCAGGGAGTTGGCGGG,0,4884946
ygfM_xdhD_predicted,0.25,3,3,GGACCATCTCATTATTACGT,0,4893937
ygfM_xdhD_predicted,0.25,3,3,GGACACGAAGAGCGGGCGGC,0,4874598
ygfM_xdhD_predicted,0.25,3,3,GGAAGCACGTTCCGAGGTCA,0,4877628
ygfM_xdhD_predicted,0.25,3,3,GGAAAGCAATTCCGGCTGCT,0,4885543
ygfM_xdhD_predicted,0.25,3,3,GGAAACGTCCCCTTACCAAC,0,4896214
ygfM_xdhD_predicted,0.25,3,3,GCTTGGGTTAATTTGAGGCT,0,4868297
ygfM_xdhD_predicted,0.25,3,3,GCTTGACGTCAACAAGACAG,0,4878199
ygfM_xdhD_predicted,0.25,3,3,GCTTCGATGAAACAGTGGAT,0,4870908
ygfM_xdhD_predicted,0.25,3,3,GCTTAGACCAAAATATGAGA,0,4867790
ygfM_xdhD_predicted,0.25,3,3,GCTTAAGCCACATATTCCGT,0,4875790
ygfM_xdhD_predicted,0.25,3,3,GCTTAACTTACGTATGCACG,0,4868884
ygfM_xdhD_predicted,0.25,3,3,GCTGCGCCACCCAGTCGAGG,0,4893280
ygfM_xdhD_predicted,0.25,3,3,GCTCTTCGTTGGTCTGGTGG,0,4892858
ygfM_xdhD_predicted,0.25,3,3,GCTCAAGCGGTGTAGACGCC,0,4893023
ygfM_xdhD_predicted,0.25,3,3,GCTAGTGATGACATTGTCCT,0,4883508
ygfM_xdhD_predicted,0.25,3,3,GCGTTACCCTCATGGTTCAT,0,4872866
ygfM_xdhD_predicted,0.25,3,3,GCGTTAACGACCTATCTGTA,0,4889973
ygfM_xdhD_predicted,0.25,3,3,GCGTGGAGTATCAGGGTTGG,0,4873828
ygfM_xdhD_predicted,0.25,3,3,GCGTATCCGGTTAATATTCG,0,4890910
ygfM_xdhD_predicted,0.25,3,3,GCGTAGACTTGGTGACGGAG,0,4885379
ygfM_xdhD_predicted,0.25,3,3,GCGGTCTATACCGTTCGGAT,0,4872853
ygfM_xdhD_predicted,0.25,3,3,GCGGTCGAGCTGTTTTGGGT,0,4888744
ygfM_xdhD_predicted,0.25,3,3,GCGGAAGTGTGGTGGCATCA,0,4879022
ygfM_xdhD_predicted,0.25,3,3,GCGCGGATTGGATGACCATA,0,4890433
ygfM_xdhD_predicted,0.25,3,3,GCGCGCTCACCCCCGTGATC,0,4884661
ygfM_xdhD_predicted,0.25,3,3,GCGCGCACGAAGGAACAAAA,0,4868574
ygfM_xdhD_predicted,0.25,3,3,GCGCCGGGATTTCGAATCGA,0,4883996
ygfM_xdhD_predicted,0.25,3,3,GCGCCCCGCTGCACTTGATG,0,4879191
ygfM_xdhD_predicted,0.25,3,3,GCGAGAAGTAAACTGACGGC,0,4897222
ygfM_xdhD_predicted,0.25,3,3,GCGACTTAGTGTAACGACCT,0,4899133
ygfM_xdhD_predicted,0.25,3,3,GCCGTATCCGGTAACAAGAT,0,4896619
ygfM_xdhD_predicted,0.25,3,3,GCCGCTTTCGGTTCGCCAGT,0,4896069
ygfM_xdhD_predicted,0.25,3,3,GCCGCCTAGTGACACGAACT,0,4896058
ygfM_xdhD_predicted,0.25,3,3,GCCGCCAATCTATGTACGGT,0,4889891
ygfM_xdhD_predicted,0.25,3,3,GCCGAGTGCACATGGACGTA,0,4894158
ygfM_xdhD_predicted,0.25,3,3,GCCCCACGGATCGTAAGTTT,0,4882040
ygfM_xdhD_predicted,0.25,3,3,GCCCATGGGGGAACCTGCAG,0,4890507
ygfM_xdhD_predicted,0.25,3,3,GCCCAGTCTTCCCTGCCGCT,0,4897567
ygfM_xdhD_predicted,0.25,3,3,GCCACCGTTGAACAGAAACA,0,4874102
ygfM_xdhD_predicted,0.25,3,3,GCCAAGAGTGCCCTAAGATG,0,4880695
ygfM_xdhD_predicted,0.25,3,3,GCCAACGGGTACACAGTAAC,0,4892710
ygfM_xdhD_predicted,0.25,3,3,GCATGACCATCCCTAGAGAC,0,4884196
ygfM_xdhD_predicted,0.25,3,3,GCATCGTTGTAGAAGGCACT,0,4877547
ygfM_xdhD_predicted,0.25,3,3,GCATCGACCGAACAGCGGCA,0,4874576
ygfM_xdhD_predicted,0.25,3,3,GCATCCCTTCAACTAAAATC,0,4882421
ygfM_xdhD_predicted,0.25,3,3,GCAGGCAGGTGAAAATCCTA,0,4892476
ygfM_xdhD_predicted,0.25,3,3,GCAGCGCGGGTACGAAGGGC,0,4874090
ygfM_xdhD_predicted,0.25,3,3,GCAGATGCCGTTCTAGATTA,0,4893442
ygfM_xdhD_predicted,0.25,3,3,GCACGGTGCATTGAAAAAAG,0,4864998
ygfM_xdhD_predicted,0.25,3,3,GCAAGGCCAATGCTCTTAGG,0,4895736
ygfM_xdhD_predicted,0.25,3,3,GCAAATTTTGGAGTCGTCAC,0,4896513
ygfM_xdhD_predicted,0.25,3,3,GATTTCCACCAGGTAGTACC,0,4874705
ygfM_xdhD_predicted,0.25,3,3,GATTGCAAACGGACCAGGCG,0,4887271
ygfM_xdhD_predicted,0.25,3,3,GATTCATACGAATACTAAAA,0,4896148
ygfM_xdhD_predicted,0.25,3,3,GATTAGTGTGTCATTGGGCC,0,4873693
ygfM_xdhD_predicted,0.25,3,3,GATTACGGAAGGTCAGCGGG,0,4876514
ygfM_xdhD_predicted,0.25,3,3,GATGTGACATCTTAGTAGTG,0,4892864
ygfM_xdhD_predicted,0.25,3,3,GATGACCTTTGGAAGTCGGA,0,4869358
ygfM_xdhD_predicted,0.25,3,3,GATCGAGAGCATCACTGGGT,0,4883751
ygfM_xdhD_predicted,0.25,3,3,GATCCAATACAGTTGCTATG,0,4869406
ygfM_xdhD_predicted,0.25,3,3,GATCACGTGGACCTTTGAGT,0,4888752
ygfM_xdhD_predicted,0.25,3,3,GATAGTGGGGACGCAATACA,0,4868427
ygfM_xdhD_predicted,0.25,3,3,GATAGGAGTCAGCTGTGTAA,0,4879722
ygfM_xdhD_predicted,0.25,3,3,GATAGCCTGGAAAGACTAAG,0,4877561
ygfM_xdhD_predicted,0.25,3,3,GATACGGTTTCTCGAATGCT,0,4874269
ygfM_xdhD_predicted,0.25,3,3,GATAAATTTGCGTCGTAGTG,0,4870613
ygfM_xdhD_predicted,0.25,3,3,GAGTTAGAGGAGCTCACATG,0,4889593
ygfM_xdhD_predicted,0.25,3,3,GAGTCTCGCGGGCGCTGCGG,0,4889194
ygfM_xdhD_predicted,0.25,3,3,GAGGTTCGCCAATAGCCACC,0,4896444
ygfM_xdhD_predicted,0.25,3,3,GAGGGGCTGGGACACCTGCA,0,4873665
ygfM_xdhD_predicted,0.25,3,3,GAGCTAACGTTAACCGACTT,0,4867352
ygfM_xdhD_predicted,0.25,3,3,GAGCGGTCTGCATTAGCATG,0,4897632
ygfM_xdhD_predicted,0.25,3,3,GAGCAGCTTATCTCAACCTC,0,4870525
ygfM_xdhD_predicted,0.25,3,3,GAGATGATGGAGGCACTAGA,0,4872833
ygfM_xdhD_predicted,0.25,3,3,GAGAGAGTCTCCCAGTTGTA,0,4865367
ygfM_xdhD_predicted,0.25,3,3,GAGACTTGTTAGTGTGATCC,0,4884304
ygfM_xdhD_predicted,0.25,3,3,GAGACCTCACCTTACTTGGA,0,4865376
ygfM_xdhD_predicted,0.25,3,3,GAGAAGACTGTCGTGCGATC,0,4875882
ygfM_xdhD_predicted,0.25,3,3,GACTGGTCGTCACCACTCTG,0,4885518
ygfM_xdhD_predicted,0.25,3,3,GACTACAAGGCAGGCAGGGA,0,4886945
ygfM_xdhD_predicted,0.25,3,3,GACGTCCCTCTTCCCTCTAT,0,4864050
ygfM_xdhD_predicted,0.25,3,3,GACGAGGACTGGTCCAGGAA,0,4879854
ygfM_xdhD_predicted,0.25,3,3,GACCGGCGCTGTCATATCAT,0,4889098
ygfM_xdhD_predicted,0.25,3,3,GACCCGCGTGTGGTGTGCCG,0,4872988
ygfM_xdhD_predicted,0.25,3,3,GACATGGTAATCATTATACG,0,4875133
ygfM_xdhD_predicted,0.25,3,3,GACACCCTCAGGGCAGGACT,0,4871762
ygfM_xdhD_predicted,0.25,3,3,GAATGGGCGTCTAAAGAAGC,0,4883866
ygfM_xdhD_predicted,0.25,3,3,GAATCGCTTTAAGCATGACG,0,4888129
ygfM_xdhD_predicted,0.25,3,3,GAATCACTTGGGGTTGTGGC,0,4867247
ygfM_xdhD_predicted,0.25,3,3,GAATATCGTCTCACGAGGGT,0,4896095
ygfM_xdhD_predicted,0.25,3,3,GAATACGGCCAAAGCGCTTG,0,4872315
ygfM_xdhD_predicted,0.25,3,3,GAATAAAAGTTGCCGGCGGC,0,4864409
ygfM_xdhD_predicted,0.25,3,3,GAAGTGTGAAGAATGTTACG,0,4878286
ygfM_xdhD_predicted,0.25,3,3,GAAGGGCGCAGGTATCATTT,0,4875401
ygfM_xdhD_predicted,0.25,3,3,GAAGCTTCAAGACGATTAAC,0,4882235
ygfM_xdhD_predicted,0.25,3,3,GAAGCGGGAAGTTTGAGGCT,0,4878402
ygfM_xdhD_predicted,0.25,3,3,GAACCATTAGTAAGGGCTCC,0,4895860
ygfM_xdhD_predicted,0.25,3,3,GAACATATCCGGACGGCGGA,0,4872668
ygfM_xdhD_predicted,0.25,3,3,GAAATTTGCCGGCCGACGAT,0,4866514
ygfM_xdhD_predicted,0.25,3,3,GAAATTTAGGCGCGACAAGT,0,4876710
ygfM_xdhD_predicted,0.25,3,3,GAAATCCGCTAAGACTCTGC,0,4895695
ygfM_xdhD_predicted,0.25,3,3,GAAACGGAACGTTGCAGTAT,0,4876306
ygfM_xdhD_predicted,0.25,3,3,GAAACAACGACCTAAGGGAC,0,4880245
ygfM_xdhD_predicted,0.25,3,3,CTTTTCTTAGGGAGGAACGG,0,4896360
ygfM_xdhD_predicted,0.25,3,3,CTTTTATATGCTTCTACATT,0,4879730
ygfM_xdhD_predicted,0.25,3,3,CTTTGGGGTTTTCCGTTCTT,0,4885266
ygfM_xdhD_predicted,0.25,3,3,CTTTCTTGGAACTCACGGAG,0,4886834
ygfM_xdhD_predicted,0.25,3,3,CTTTCTTCTAAGTGGATATG,0,4869845
ygfM_xdhD_predicted,0.25,3,3,CTTTCGCCGCTCTAAAGACA,0,4880835
ygfM_xdhD_predicted,0.25,3,3,CTTGGGTTCGGTACTTGATA,0,4881770
ygfM_xdhD_predicted,0.25,3,3,CTTGCAAGGCGGTCTGTTTC,0,4863928
ygfM_xdhD_predicted,0.25,3,3,CTTGACTAGATACAAAAAAT,0,4898021
ygfM_xdhD_predicted,0.25,3,3,CTTCGTAAGGTGAAAACGGT,0,4899434
ygfM_xdhD_predicted,0.25,3,3,CTTCCCGGACCAGGTCCCAT,0,4869011
ygfM_xdhD_predicted,0.25,3,3,CTTCAGCCTATCGCCCTTCG,0,4868576
ygfM_xdhD_predicted,0.25,3,3,CTTACTGTAGGTTCCCAACA,0,4865644
ygfM_xdhD_predicted,0.25,3,3,CTTACGAGTCACCTCGCTGA,0,4866066
ygfM_xdhD_predicted,0.25,3,3,CTTAATTATCGTTACCTCCA,0,4880177
ygfM_xdhD_predicted,0.25,3,3,CTTAATGACCATCTGGGAAT,0,4894290
ygfM_xdhD_predicted,0.25,3,3,CTTAATCCGGCGGCGTATAT,0,4870431
ygfM_xdhD_predicted,0.25,3,3,CTTAACTTACTTGTGGCTAC,0,4895506
ygfM_xdhD_predicted,0.25,3,3,CTTAAATGTGAGTTGGACTG,0,4868252
ygfM_xdhD_predicted,0.25,3,3,CTGTTACCCCAGGACATGCA,0,4883251
ygfM_xdhD_predicted,0.25,3,3,CTGTGTAATAGAGTGCGTTC,0,4882241
ygfM_xdhD_predicted,0.25,3,3,CTGTACTTACGCTCACACAA,0,4890133
ygfM_xdhD_predicted,0.25,3,3,CTGGGCTACAACAAACGACT,0,4878799
ygfM_xdhD_predicted,0.25,3,3,CTGGGAGATCTATTAATGCC,0,4893773
ygfM_xdhD_predicted,0.25,3,3,CTGATTTCTTCATTACTCTC,0,4884770
ygfM_xdhD_predicted,0.25,3,3,CTGAGCGCCCTTGAAAATTC,0,4870220
ygfM_xdhD_predicted,0.25,3,3,CTGACATAACGCCAGGGGCA,0,4867258
ygfM_xdhD_predicted,0.25,3,3,CTGAATAGTTCGTTCTTTTT,0,4892515
ygfM_xdhD_predicted,0.25,3,3,CTCTTTACAAGCCACATAAT,0,4876507
ygfM_xdhD_predicted,0.25,3,3,CTCTGGACTTTGGTGAAAAT,0,4865252
ygfM_xdhD_predicted,0.25,3,3,CTCTATATGAGATCGGTGCT,0,4882346
ygfM_xdhD_predicted,0.25,3,3,CTCTACGGAGGGGGTTACAA,0,4872835
ygfM_xdhD_predicted,0.25,3,3,CTCGCGTCGGCAGTACGGAG,0,4882749
ygfM_xdhD_predicted,0.25,3,3,CTCCTGGGCAAATACTTCCT,0,4863906
ygfM_xdhD_predicted,0.25,3,3,CTCCGTCATTGGGACACGTC,0,4883182
ygfM_xdhD_predicted,0.25,3,3,CTCATGATGTGACAAAAGTC,0,4865527
ygfM_xdhD_predicted,0.25,3,3,CTCAATCACCGATTATGGGA,0,4890855
ygfM_xdhD_predicted,0.25,3,3,CTATAGTGGAAACAATCGGG,0,4890601
ygfM_xdhD_predicted,0.25,3,3,CTAGGTCCGCCGAGAGGGCG,0,4871391
ygfM_xdhD_predicted,0.25,3,3,CTAGGCCGCCTGTGAACGCC,0,4897297
ygfM_xdhD_predicted,0.25,3,3,CTAGCCGTTACTCTATACTG,0,4882816
ygfM_xdhD_predicted,0.25,3,3,CTAGAAGGTGCCTTTTCTCG,0,4897560
ygfM_xdhD_predicted,0.25,3,3,CTACTGCATCAAGGGGAACC,0,4871395
ygfM_xdhD_predicted,0.25,3,3,CTAATTACGTAAGCTAGGGG,0,4887593
ygfM_xdhD_predicted,0.25,3,3,CTAAGTAAGGCTTCCGCGGG,0,4870027
ygfM_xdhD_predicted,0.25,3,3,CTAAAGTATGACAGCTAGTA,0,4864392
ygfM_xdhD_predicted,0.25,3,3,CTAAAGGGCACGCTTCACCA,0,4884230
ygfM_xdhD_predicted,0.25,3,3,CTAAACTTACTAGGGTACTT,0,4870246
ygfM_xdhD_predicted,0.25,3,3,CGTTTTCAGGATCTGGTCTC,0,4863868
ygfM_xdhD_predicted,0.25,3,3,CGTTGTCCGGTCCGATCAAT,0,4883788
ygfM_xdhD_predicted,0.25,3,3,CGTTGCAGGTTTCAGACCAG,0,4866269
ygfM_xdhD_predicted,0.25,3,3,CGTTCCTATCTCCAAATCGC,0,4870056
ygfM_xdhD_predicted,0.25,3,3,CGTTATCTTCGGTGCTATGA,0,4895543
ygfM_xdhD_predicted,0.25,3,3,CGTTAGTAAAAGTGAGATAA,0,4869872
ygfM_xdhD_predicted,0.25,3,3,CGTGTTTGAGAGCTAAGAGT,0,4889032
ygfM_xdhD_predicted,0.25,3,3,CGTGTGCTCTAGAATTCGAA,0,4886310
ygfM_xdhD_predicted,0.25,3,3,CGTGGTTCTCCAAGCCATTG,0,4872413
ygfM_xdhD_predicted,0.25,3,3,CGTGCTTCTTGACAACTGGG,0,4891559
ygfM_xdhD_predicted,0.25,3,3,CGTGATGTCATAGGCTGAGT,0,4892812
ygfM_xdhD_predicted,0.25,3,3,CGTCTGGGCTAAACGCGCAA,0,4878288
ygfM_xdhD_predicted,0.25,3,3,CGTCGCTCAAGGGATGTAAT,0,4876945
ygfM_xdhD_predicted,0.25,3,3,CGTCCAAACCAGATTGTCCT,0,4893871
ygfM_xdhD_predicted,0.25,3,3,CGTATTCCAAGGATATCTCG,0,4877692
ygfM_xdhD_predicted,0.25,3,3,CGTACGAGCACACCTCGTAA,0,4876815
ygfM_xdhD_predicted,0.25,3,3,CGTACCAGATTTAGGGTGGC,0,4882828
ygfM_xdhD_predicted,0.25,3,3,CGGTTTTGGAGAGTAGTAAG,0,4888355
ygfM_xdhD_predicted,0.25,3,3,CGGTCCTGAGTTGGAAGTAA,0,4884789
ygfM_xdhD_predicted,0.25,3,3,CGGTACCCACAGGACAACTA,0,4892205
ygfM_xdhD_predicted,0.25,3,3,CGGGAGTGGGCAAAACGTGG,0,4884926
ygfM_xdhD_predicted,0.25,3,3,CGGGAGTAAGCTGGTGATTG,0,4881362
ygfM_xdhD_predicted,0.25,3,3,CGGGACCCGTTGAGGCAGAC,0,4894303
ygfM_xdhD_predicted,0.25,3,3,CGGCTGCCTCAGCTTATGAT,0,4885855
ygfM_xdhD_predicted,0.25,3,3,CGGCGCGGGCCACCATTTCA,0,4865397
ygfM_xdhD_predicted,0.25,3,3,CGGCCCACACTACTCCTAGA,0,4895971
ygfM_xdhD_predicted,0.25,3,3,CGGACTTAAGGACTCTAAGT,0,4897283
ygfM_xdhD_predicted,0.25,3,3,CGGAAGTTCTAGACTATCGT,0,4871183
ygfM_xdhD_predicted,0.25,3,3,CGCTATGGAAGTTCCGTCGT,0,4870252
ygfM_xdhD_predicted,0.25,3,3,CGCGTCTTCACTGTCCTGGT,0,4897453
ygfM_xdhD_predicted,0.25,3,3,CGCGTATCCGGACCCAATTT,0,4869560
ygfM_xdhD_predicted,0.25,3,3,CGCGCTGTGGTCTCGTGTAA,0,4874092
ygfM_xdhD_predicted,0.25,3,3,CGCGACTATGGCAACACTGT,0,4885558
ygfM_xdhD_predicted,0.25,3,3,CGCCCCATGCACTTTCCAGT,0,4881856
ygfM_xdhD_predicted,0.25,3,3,CGCCATAAGTGGCTCACGAT,0,4877066
ygfM_xdhD_predicted,0.25,3,3,CGCACGGTCACAACATTTCT,0,4888653
ygfM_xdhD_predicted,0.25,3,3,CGCACGATCAATAATCTCAG,0,4893860
ygfM_xdhD_predicted,0.25,3,3,CGCAATGAAATCCATTACCA,0,4895107
ygfM_xdhD_predicted,0.25,3,3,CGATTAACAGCAGACTCCTT,0,4895196
ygfM_xdhD_predicted,0.25,3,3,CGATGTGTGCGGCGAATGCG,0,4883302
ygfM_xdhD_predicted,0.25,3,3,CGATAGATCTATCAGAAATG,0,4890244
ygfM_xdhD_predicted,0.25,3,3,CGATAATAGTGTCCCAAAGG,0,4876168
ygfM_xdhD_predicted,0.25,3,3,CGATAAAGCTCGACTTCCTA,0,4890361
ygfM_xdhD_predicted,0.25,3,3,CGAGGTTTTCGTTTATGTTC,0,4867545
ygfM_xdhD_predicted,0.25,3,3,CGACGTACAGTCGCGACCCA,0,4863811
ygfM_xdhD_predicted,0.25,3,3,CGACGGTTTGCCAAGAGATC,0,4885095
ygfM_xdhD_predicted,0.25,3,3,CGACCCCCAGTTGGGGCGTC,0,4887482
ygfM_xdhD_predicted,0.25,3,3,CGACCCAACAGGCTCAAAAA,0,4890503
ygfM_xdhD_predicted,0.25,3,3,CGACCACGTATAGGACAGCA,0,4867649
ygfM_xdhD_predicted,0.25,3,3,CCTTTTACTTTGTTTACACG,0,4884453
ygfM_xdhD_predicted,0.25,3,3,CCTTATTAGGATGTTCAGCT,0,4877521
ygfM_xdhD_predicted,0.25,3,3,CCTTAGGAGGCGGACGCTGG,0,4895257
ygfM_xdhD_predicted,0.25,3,3,CCTGTTTCCGGGTATTTAGA,0,4876012
ygfM_xdhD_predicted,0.25,3,3,CCTGCCGCGCCCACACCAAG,0,4868751
ygfM_xdhD_predicted,0.25,3,3,CCTCTTTTGTTAGAAGGATT,0,4865452
ygfM_xdhD_predicted,0.25,3,3,CCTCTAACATCACAGATGGT,0,4884723
ygfM_xdhD_predicted,0.25,3,3,CCTCCCCACGTGCTCGCGCG,0,4899579
ygfM_xdhD_predicted,0.25,3,3,CCTATTTAGGTTGGTTAACA,0,4894685
ygfM_xdhD_predicted,0.25,3,3,CCTATGTCCTAGTTCATAGG,0,4878525
ygfM_xdhD_predicted,0.25,3,3,CCTATGCGCGACTTCCTCTA,0,4879185
ygfM_xdhD_predicted,0.25,3,3,CCTATCCCTTATGTGGCATG,0,4874293
ygfM_xdhD_predicted,0.25,3,3,CCTACCACCAGCTAACAAGT,0,4896748
ygfM_xdhD_predicted,0.25,3,3,CCGTGGATCGTAGGAAGTCT,0,4875835
ygfM_xdhD_predicted,0.25,3,3,CCGTGCCTGGATAACGCTAG,0,4889415
ygfM_xdhD_predicted,0.25,3,3,CCGTCAATCGCAACACGTGT,0,4884404
ygfM_xdhD_predicted,0.25,3,3,CCGTAGTATTAACTAAGCAG,0,4897164
ygfM_xdhD_predicted,0.25,3,3,CCGTAGGAGCGCAGTGCGCG,0,4894029
ygfM_xdhD_predicted,0.25,3,3,CCGGTCGGTACAAGCACATG,0,4880987
ygfM_xdhD_predicted,0.25,3,3,CCGGGATCGCTGGCCGTAGC,0,4888596
ygfM_xdhD_predicted,0.25,3,3,CCGGAGTCCGAAAGTTTCAA,0,4893128
ygfM_xdhD_predicted,0.25,3,3,CCGCTGTTTGCTCTCATGAA,0,4873413
ygfM_xdhD_predicted,0.25,3,3,CCGAGTGAAAAGGCCATGTT,0,4895706
ygfM_xdhD_predicted,0.25,3,3,CCGACCTGTTACAGTGAGCC,0,4892856
ygfM_xdhD_predicted,0.25,3,3,CCCTGCTCATTTCCTCAGTA,0,4898407
ygfM_xdhD_predicted,0.25,3,3,CCCTCTACCAGGCCACTTAT,0,4897837
ygfM_xdhD_predicted,0.25,3,3,CCCTACGGTTTTAACGCGTC,0,4896758
ygfM_xdhD_predicted,0.25,3,3,CCCGTATACGTCTTCGTCTA,0,4869679
ygfM_xdhD_predicted,0.25,3,3,CCCGCGCTTTGTAAAAAATT,0,4875994
ygfM_xdhD_predicted,0.25,3,3,CCCCTCAGTATGCTATCCGG,0,4879554
ygfM_xdhD_predicted,0.25,3,3,CCCCAATCTTGGAAATGGAA,0,4894836
ygfM_xdhD_predicted,0.25,3,3,CCCAGTATAAAATTGGCGGT,0,4869007
ygfM_xdhD_predicted,0.25,3,3,CCCAATTCTCACCGAGAATC,0,4867452
ygfM_xdhD_predicted,0.25,3,3,CCCAAATTTCGGTTGGTCGT,0,4865708
ygfM_xdhD_predicted,0.25,3,3,CCCAAAGAAATGCCCCCTTT,0,4897188
ygfM_xdhD_predicted,0.25,3,3,CCATTTATCCATTCTAATCC,0,4877542
ygfM_xdhD_predicted,0.25,3,3,CCAGTAACATAAGAATTCAC,0,4867101
ygfM_xdhD_predicted,0.25,3,3,CCAGGTGAGCATGCACCAGG,0,4877303
ygfM_xdhD_predicted,0.25,3,3,CCAGCACTAGGTGGGCTGGG,0,4881508
ygfM_xdhD_predicted,0.25,3,3,CCAGAAAAAGGTTTGGAGCG,0,4867536
ygfM_xdhD_predicted,0.25,3,3,CCACCCGAGCATCTGGAGTA,0,4865305
ygfM_xdhD_predicted,0.25,3,3,CCAAGTCGCGGTGGAGTGGT,0,4897193
ygfM_xdhD_predicted,0.25,3,3,CCAAAGAATGTCTGCGACTC,0,4874767
ygfM_xdhD_predicted,0.25,3,3,CATTTTTAGGGAAAGTGTTA,0,4894188
ygfM_xdhD_predicted,0.25,3,3,CATTTTGCACAGCTGCACAG,0,4886772
ygfM_xdhD_predicted,0.25,3,3,CATTGGGCTCCATGTACCTA,0,4874421
ygfM_xdhD_predicted,0.25,3,3,CATTAGAAGAGTTAAAATCA,0,4868830
ygfM_xdhD_predicted,0.25,3,3,CATTACGTTACAAGCGCTCA,0,4893654
ygfM_xdhD_predicted,0.25,3,3,CATGGCGCGCGCATAAGCCA,0,4896977
ygfM_xdhD_predicted,0.25,3,3,CATGGACAAGTCTGCCACGG,0,4894254
ygfM_xdhD_predicted,0.25,3,3,CATGCTGGTCAGTAGAAGAT,0,4882011
ygfM_xdhD_predicted,0.25,3,3,CATGCGCGGGTCCCCAACCT,0,4876102
ygfM_xdhD_predicted,0.25,3,3,CATCTACATTCCACCATGCG,0,4875646
ygfM_xdhD_predicted,0.25,3,3,CATACGGTGTTAGGGGGCAG,0,4882786
ygfM_xdhD_predicted,0.25,3,3,CATAAGCCTTGCCACGGTCG,0,4864073
ygfM_xdhD_predicted,0.25,3,3,CAGTGGCCCACTTATTATAC,0,4873692
ygfM_xdhD_predicted,0.25,3,3,CAGTCATCGCCCGCAGCTTA,0,4868393
ygfM_xdhD_predicted,0.25,3,3,CAGTACGATATCAGTTTGCT,0,4881319
ygfM_xdhD_predicted,0.25,3,3,CAGTAATTGGTTGCTGCCAC,0,4880057
ygfM_xdhD_predicted,0.25,3,3,CAGGGCTTGGCCAGATGTAG,0,4894388
ygfM_xdhD_predicted,0.25,3,3,CAGGCTGTTTAGCACATTTT,0,4871613
ygfM_xdhD_predicted,0.25,3,3,CAGCTTTGGACCTACATTAG,0,4877264
ygfM_xdhD_predicted,0.25,3,3,CAGCTGCTTTTCCATGACCA,0,4866417
ygfM_xdhD_predicted,0.25,3,3,CAGCCAGGATCGAGATCTCG,0,4870372
ygfM_xdhD_predicted,0.25,3,3,CAGATAGCACGGGTTATCTG,0,4873440
ygfM_xdhD_predicted,0.25,3,3,CAGAGTAAGACCTAAAAAGA,0,4889709
ygfM_xdhD_predicted,0.25,3,3,CAGAGAGTTCTAGTTGCAAA,0,4864202
ygfM_xdhD_predicted,0.25,3,3,CAGACTCTTGCGATGGGCTG,0,4895739
ygfM_xdhD_predicted,0.25,3,3,CAGACCAGTCGCACATTTTA,0,4875455
ygfM_xdhD_predicted,0.25,3,3,CAGAACGGCATACACTGTGA,0,4891855
ygfM_xdhD_predicted,0.25,3,3,CACTTACTAGAAATGGGTCC,0,4882900
ygfM_xdhD_predicted,0.25,3,3,CACTGGGTTTCTACCCGCTG,0,4892981
ygfM_xdhD_predicted,0.25,3,3,CACTCCTAGATATTTGTCCC,0,4889380
ygfM_xdhD_predicted,0.25,3,3,CACTATCTTAAGACTACGGA,0,4879998
ygfM_xdhD_predicted,0.25,3,3,CACGTCCCAGCCATGATAGG,0,4878096
ygfM_xdhD_predicted,0.25,3,3,CACGCTTGGGCTGATCGTAT,0,4891385
ygfM_xdhD_predicted,0.25,3,3,CACGCATATGTTGAGATGCT,0,4878957
ygfM_xdhD_predicted,0.25,3,3,CACGATTGGGGTTGCCCCCG,0,4863887
ygfM_xdhD_predicted,0.25,3,3,CACGATTAAAGAGATACTGC,0,4892002
ygfM_xdhD_predicted,0.25,3,3,CACGAGACATTCAAATAATA,0,4874597
ygfM_xdhD_predicted,0.25,3,3,CACCTTATCGAGCCGACAGG,0,4866431
ygfM_xdhD_predicted,0.25,3,3,CACCTGTGGCAGCCTAACGA,0,4882406
ygfM_xdhD_predicted,0.25,3,3,CACCGTCCTTGCATCTCTGA,0,4895145
ygfM_xdhD_predicted,0.25,3,3,CACATGGCAACAGTGGATTT,0,4891339
ygfM_xdhD_predicted,0.25,3,3,CACATCAGATACCAGCATGA,0,4892962
ygfM_xdhD_predicted,0.25,3,3,CACATAGATAGAGGCAATCA,0,4887219
ygfM_xdhD_predicted,0.25,3,3,CACAGTGGACTCACTAATCA,0,4864955
ygfM_xdhD_predicted,0.25,3,3,CACAGGGAGCGCCGCTTCAG,0,4881809
ygfM_xdhD_predicted,0.25,3,3,CACACCCCCCCATCAATACT,0,4879001
ygfM_xdhD_predicted,0.25,3,3,CACAACGATGTTGTCAAACT,0,4889167
ygfM_xdhD_predicted,0.25,3,3,CACAAATGACAGCATTACTA,0,4895813
ygfM_xdhD_predicted,0.25,3,3,CAATTGGATTTAATAAGGCG,0,4866452
ygfM_xdhD_predicted,0.25,3,3,CAATTAGTTCCATTAATCTA,0,4889577
ygfM_xdhD_predicted,0.25,3,3,CAAGTAACCAACTCCTCGTA,0,4881326
ygfM_xdhD_predicted,0.25,3,3,CAAGGTTGCGTCTGAGGCGC,0,4867250
ygfM_xdhD_predicted,0.25,3,3,CAACGATCCGTAGGGCTGGA,0,4870624
ygfM_xdhD_predicted,0.25,3,3,CAACACTTACAACTGCGATA,0,4898927
ygfM_xdhD_predicted,0.25,3,3,CAAAGTGGGTGCACCTATCC,0,4876542
ygfM_xdhD_predicted,0.25,3,3,CAAAGAATTATGCTTGTTGA,0,4891626
ygfM_xdhD_predicted,0.25,3,3,CAAAACCTGTGTCCTTGATA,0,4887317
ygfM_xdhD_predicted,0.25,3,3,ATTTTTCGCTGAGACCGAGC,0,4895098
ygfM_xdhD_predicted,0.25,3,3,ATTTTGTTCATTATAGGAGA,0,4866005
ygfM_xdhD_predicted,0.25,3,3,ATTTGCTTGCCTGAAATGTG,0,4865995
ygfM_xdhD_predicted,0.25,3,3,ATTTATACGGCCAAATTCCA,0,4869199
ygfM_xdhD_predicted,0.25,3,3,ATTGTTCCAATCTGATCTTC,0,4865641
ygfM_xdhD_predicted,0.25,3,3,ATTGTTAAGATAGGTTACGG,0,4880382
ygfM_xdhD_predicted,0.25,3,3,ATTGGTCACTCACACCCCGT,0,4898515
ygfM_xdhD_predicted,0.25,3,3,ATTGGCGGATTTATATAATG,0,4871741
ygfM_xdhD_predicted,0.25,3,3,ATTGGCAGCCCGGAGTTAAA,0,4864222
ygfM_xdhD_predicted,0.25,3,3,ATTCACGGCTTATAGATATT,0,4881795
ygfM_xdhD_predicted,0.25,3,3,ATTACTTCGCCACACCTTCC,0,4885098
ygfM_xdhD_predicted,0.25,3,3,ATTACTGATTCCTTTCTTTT,0,4873954
ygfM_xdhD_predicted,0.25,3,3,ATTAAGCTGGTATGACGCGT,0,4864944
ygfM_xdhD_predicted,0.25,3,3,ATTAACAGAATGGTCAACCC,0,4880241
ygfM_xdhD_predicted,0.25,3,3,ATGTTGGACATCTCGTAGGA,0,4886285
ygfM_xdhD_predicted,0.25,3,3,ATGTTATTACGAGTAGAGTC,0,4873138
ygfM_xdhD_predicted,0.25,3,3,ATGTGAGCCATCGGCCGTCA,0,4897163
ygfM_xdhD_predicted,0.25,3,3,ATGTCGAATGGCACCAAAGC,0,4884597
ygfM_xdhD_predicted,0.25,3,3,ATGGTGTCCGGCACTGAGGA,0,4869061
ygfM_xdhD_predicted,0.25,3,3,ATGGAGCTGCCGGTTCCTTT,0,4895585
ygfM_xdhD_predicted,0.25,3,3,ATGCTGGTGCGTGAAACGGC,0,4888467
ygfM_xdhD_predicted,0.25,3,3,ATGCTCTATAGGCGGGCGTG,0,4894558
ygfM_xdhD_predicted,0.25,3,3,ATGCGTATAAGCTCCCAGCA,0,4886137
ygfM_xdhD_predicted,0.25,3,3,ATGCGGATCGTAAGGTTACG,0,4869180
ygfM_xdhD_predicted,0.25,3,3,ATGCCCCGGAAAGTAAGCGT,0,4880869
ygfM_xdhD_predicted,0.25,3,3,ATGCATGGTATAAGCCCGGG,0,4897671
ygfM_xdhD_predicted,0.25,3,3,ATGCAAGAGGGTTTAGACTA,0,4865647
ygfM_xdhD_predicted,0.25,3,3,ATGATTTCATCTAACGCTCG,0,4880696
ygfM_xdhD_predicted,0.25,3,3,ATGATGTAATCGACCCCCTA,0,4870291
ygfM_xdhD_predicted,0.25,3,3,ATGATCGCGACATATCTGCG,0,4871611
ygfM_xdhD_predicted,0.25,3,3,ATGAGTATCGGCGACAGGTA,0,4863804
ygfM_xdhD_predicted,0.25,3,3,ATGACTGGCAATACTTAATA,0,4866852
ygfM_xdhD_predicted,0.25,3,3,ATGACGCTTGCGGACGCTCT,0,4880823
ygfM_xdhD_predicted,0.25,3,3,ATGACCGGGTAGGCACACAC,0,4897897
ygfM_xdhD_predicted,0.25,3,3,ATCTAAAAGTTCTCCAACAG,0,4878800
ygfM_xdhD_predicted,0.25,3,3,ATCGGTGATCGGCCGTTTTA,0,4883076
ygfM_xdhD_predicted,0.25,3,3,ATCGCGCCAGGGGAGTAAGA,0,4866697
ygfM_xdhD_predicted,0.25,3,3,ATCGCCACAAGGTATACTAG,0,4898586
ygfM_xdhD_predicted,0.25,3,3,ATCGAGCGGACTCTTATCCG,0,4879577
ygfM_xdhD_predicted,0.25,3,3,ATCGAAGTACTGTGATATGT,0,4872548
ygfM_xdhD_predicted,0.25,3,3,ATCCTAAGATCTAGTTGACG,0,4899235
ygfM_xdhD_predicted,0.25,3,3,ATCATTCTTGCCTCGACTAG,0,4865231
ygfM_xdhD_predicted,0.25,3,3,ATCAATCCTCCCATGGTTGA,0,4877574
ygfM_xdhD_predicted,0.25,3,3,ATATGGGGTGAGTCGGAGAT,0,4877279
ygfM_xdhD_predicted,0.25,3,3,ATATCTATTGAGTTAGTTCA,0,4872171
ygfM_xdhD_predicted,0.25,3,3,ATAGTCGAGGCGGGAGAACG,0,4881145
ygfM_xdhD_predicted,0.25,3,3,ATAGGCCCGTGGTTTATTCA,0,4885662
ygfM_xdhD_predicted,0.25,3,3,ATAGGAAGGGTCATAAACAT,0,4886376
ygfM_xdhD_predicted,0.25,3,3,ATACGTGATTCGATGGTCCT,0,4873095
ygfM_xdhD_predicted,0.25,3,3,ATACGTCGTACGTATGTGCA,0,4883171
ygfM_xdhD_predicted,0.25,3,3,ATAAGTGAATATCAGCTCAT,0,4891769
ygfM_xdhD_predicted,0.25,3,3,ATAAGGCCCAGCCCGACTGG,0,4889732
ygfM_xdhD_predicted,0.25,3,3,ATAACCACCGAGCCGATAAG,0,4879444
ygfM_xdhD_predicted,0.25,3,3,ATAAACACCGGAGTACAGCA,0,4883850
ygfM_xdhD_predicted,0.25,3,3,AGTTTTTTGTTCGCGTGCGG,0,4899382
ygfM_xdhD_predicted,0.25,3,3,AGTTGACCCCAGGGCCTAGC,0,4865223
ygfM_xdhD_predicted,0.25,3,3,AGTTATCGTGCGGACTCCCC,0,4892475
ygfM_xdhD_predicted,0.25,3,3,AGTGGTTGGGCCCACCTCGC,0,4899170
ygfM_xdhD_predicted,0.25,3,3,AGTGGGTCAACAAGGTCAGT,0,4870717
ygfM_xdhD_predicted,0.25,3,3,AGTGAAGTCAAGCTGCCCAC,0,4886329
ygfM_xdhD_predicted,0.25,3,3,AGTCAGCACGTGAGCTATAG,0,4871366
ygfM_xdhD_predicted,0.25,3,3,AGTAGATACGTTTCAACTAT,0,4894766
ygfM_xdhD_predicted,0.25,3,3,AGTACTGGCATACGTAGTAA,0,4884350
ygfM_xdhD_predicted,0.25,3,3,AGTACCAGACTGTCCGTGTT,0,4878398
ygfM_xdhD_predicted,0.25,3,3,AGTAATCCTGTAGGTTTTAC,0,4876282
ygfM_xdhD_predicted,0.25,3,3,AGTAAATAAAGTTACCTTAG,0,4896057
ygfM_xdhD_predicted,0.25,3,3,AGGTACATTCTCAGCCCTTA,0,4886822
ygfM_xdhD_predicted,0.25,3,3,AGGGGTCATCGCGAAATTTG,0,4871010
ygfM_xdhD_predicted,0.25,3,3,AGGGACTCGCGAGGTATCGT,0,4870674
ygfM_xdhD_predicted,0.25,3,3,AGGGAAAGTCAGTCTCCAGC,0,4877553
ygfM_xdhD_predicted,0.25,3,3,AGGCTCGCTAAGGCAGTGAC,0,4886616
ygfM_xdhD_predicted,0.25,3,3,AGGCTCACCTTTCGTTGGGA,0,4891959
ygfM_xdhD_predicted,0.25,3,3,AGGCGGGGACAGTAGACCAA,0,4886545
ygfM_xdhD_predicted,0.25,3,3,AGGAGGAGAGCAACTATAGT,0,4871324
ygfM_xdhD_predicted,0.25,3,3,AGGAGAAACAATGTGCGTGG,0,4878591
ygfM_xdhD_predicted,0.25,3,3,AGGACAGAGATCCAGCCCCC,0,4869352
ygfM_xdhD_predicted,0.25,3,3,AGCTTCAGCATCGGGTTGCG,0,4872558
ygfM_xdhD_predicted,0.25,3,3,AGCTTACGTTATGGGAGTAG,0,4880362
ygfM_xdhD_predicted,0.25,3,3,AGCTTACGACGGATGGTGTT,0,4864459
ygfM_xdhD_predicted,0.25,3,3,AGCTGGTGCGACTGGAGAAG,0,4867105
ygfM_xdhD_predicted,0.25,3,3,AGCTGAAAGTGATGTTGCGC,0,4892576
ygfM_xdhD_predicted,0.25,3,3,AGCTCGCGTATTCGGTCAAT,0,4894720
ygfM_xdhD_predicted,0.25,3,3,AGCGTCCCTGCTCTCGCCAC,0,4888535
ygfM_xdhD_predicted,0.25,3,3,AGCGCCCCTGGGCTATCAGA,0,4876038
ygfM_xdhD_predicted,0.25,3,3,AGCCTGCGGGCTTCGCTAGT,0,4887270
ygfM_xdhD_predicted,0.25,3,3,AGCCGACCCAGGAGGAGGAT,0,4873113
ygfM_xdhD_predicted,0.25,3,3,AGCCCACTTGCTCACTAAAT,0,4865010
ygfM_xdhD_predicted,0.25,3,3,AGCAGTTTCGAAACATCAAC,0,4874241
ygfM_xdhD_predicted,0.25,3,3,AGCACTGGGCGGGCATGATC,0,4885176
ygfM_xdhD_predicted,0.25,3,3,AGCACATCAACAATACGCCA,0,4899559
ygfM_xdhD_predicted,0.25,3,3,AGATTTACAAAGCCCCTTGA,0,4882009
ygfM_xdhD_predicted,0.25,3,3,AGATCGATCCTGAGCATGTT,0,4869619
ygfM_xdhD_predicted,0.25,3,3,AGATCCACACCCATTCAGGC,0,4884322
ygfM_xdhD_predicted,0.25,3,3,AGAGTATAAGGTTCGCGTTA,0,4877445
ygfM_xdhD_predicted,0.25,3,3,AGAGGTCGCAACGAGTGATG,0,4875376
ygfM_xdhD_predicted,0.25,3,3,AGAGGGTCTGATAAAAAAGG,0,4877094
ygfM_xdhD_predicted,0.25,3,3,AGAGGAGGCAATGCTAGCAG,0,4894234
ygfM_xdhD_predicted,0.25,3,3,AGAGGACTTCGTTTGTTTTG,0,4880745
ygfM_xdhD_predicted,0.25,3,3,AGAGCGGTTCTAGGCACTGG,0,4881712
ygfM_xdhD_predicted,0.25,3,3,AGAGCATGACGTGGCGCGGG,0,4889933
ygfM_xdhD_predicted,0.25,3,3,AGAGAGAGATTTTTTGTTTC,0,4883189
ygfM_xdhD_predicted,0.25,3,3,AGAGACGGATCGGCTTAATT,0,4884344
ygfM_xdhD_predicted,0.25,3,3,AGAGAAAAACAAGCTAAAGG,0,4871860
ygfM_xdhD_predicted,0.25,3,3,AGACTAGGTACTGGCGTTAA,0,4864634
ygfM_xdhD_predicted,0.25,3,3,AGAAGCTCTGGTTCAGATGC,0,4879704
ygfM_xdhD_predicted,0.25,3,3,AGAAGCGTTGGTTACCATGC,0,4888908
ygfM_xdhD_predicted,0.25,3,3,ACTTGACATTCTAGAGGCGT,0,4864165
ygfM_xdhD_predicted,0.25,3,3,ACTTAGTCCGATCTCCCAGG,0,4885738
ygfM_xdhD_predicted,0.25,3,3,ACTTAGCAAAATGTTTCACT,0,4892543
ygfM_xdhD_predicted,0.25,3,3,ACTGTGGTAGGCTTGGCATA,0,4879024
ygfM_xdhD_predicted,0.25,3,3,ACTGTGGGCCGATGGTTCAG,0,4878734
ygfM_xdhD_predicted,0.25,3,3,ACTCTCGCTCGAGGAGGTGG,0,4874958
ygfM_xdhD_predicted,0.25,3,3,ACTCAAGTGGAGAAACCTCA,0,4874963
ygfM_xdhD_predicted,0.25,3,3,ACTACGGGCATACACTAACG,0,4889541
ygfM_xdhD_predicted,0.25,3,3,ACTACCGGACGCCGGATTCA,0,4872378
ygfM_xdhD_predicted,0.25,3,3,ACTAACACAGGGGGGACCAT,0,4864691
ygfM_xdhD_predicted,0.25,3,3,ACGTGGTTGGAAATCGTTCT,0,4868779
ygfM_xdhD_predicted,0.25,3,3,ACGTGGAAATGTAGTTTTAT,0,4870663
ygfM_xdhD_predicted,0.25,3,3,ACGTCGGTGCATCACGTCGG,0,4883809
ygfM_xdhD_predicted,0.25,3,3,ACGTCAAATTTTTTTCTCGA,0,4877356
ygfM_xdhD_predicted,0.25,3,3,ACGGTTCGAGTAACTTTGAG,0,4864924
ygfM_xdhD_predicted,0.25,3,3,ACGGGTTGGCCATAATCGTT,0,4875326
ygfM_xdhD_predicted,0.25,3,3,ACGGGACATTGGAGGAGGGT,0,4896806
ygfM_xdhD_predicted,0.25,3,3,ACGGGAAATTCGCTCGGTCG,0,4890506
ygfM_xdhD_predicted,0.25,3,3,ACGGCAAATAGGACAACAAC,0,4865273
ygfM_xdhD_predicted,0.25,3,3,ACGCTTGTACAAATTAATCT,0,4864275
ygfM_xdhD_predicted,0.25,3,3,ACGCTATGCGGTTGACGAAC,0,4891027
ygfM_xdhD_predicted,0.25,3,3,ACGCCTTTTATCACACTCAA,0,4871365
ygfM_xdhD_predicted,0.25,3,3,ACGCCTAGATGATCTGGTAG,0,4897200
ygfM_xdhD_predicted,0.25,3,3,ACGCCGGACCCAATGATCGG,0,4899471
ygfM_xdhD_predicted,0.25,3,3,ACGCACGGCCTGATAAACCG,0,4865927
ygfM_xdhD_predicted,0.25,3,3,ACGATTGTGCATTAAAGGTT,0,4885419
ygfM_xdhD_predicted,0.25,3,3,ACGAGACAAACTTCAAGTGA,0,4869512
ygfM_xdhD_predicted,0.25,3,3,ACGACCTAACGGCCATATCA,0,4868752
ygfM_xdhD_predicted,0.25,3,3,ACGAAGCTAAGGAAGCTAGC,0,4870697
ygfM_xdhD_predicted,0.25,3,3,ACCTTCACAACGTTCGGTCA,0,4880954
ygfM_xdhD_predicted,0.25,3,3,ACCTCCTCGATTAAGAAAGA,0,4875636
ygfM_xdhD_predicted,0.25,3,3,ACCTCAGGCAAACACCCGAT,0,4870299
ygfM_xdhD_predicted,0.25,3,3,ACCTATTATCTGCGGCGTAT,0,4877033
ygfM_xdhD_predicted,0.25,3,3,ACCTAGGGATGTAGCTTTCA,0,4874186
ygfM_xdhD_predicted,0.25,3,3,ACCGTGGCCAAGTTCTCAGA,0,4883627
ygfM_xdhD_predicted,0.25,3,3,ACCGCCGCCACGCAACCATG,0,4880659
ygfM_xdhD_predicted,0.25,3,3,ACCCCGTGGTACATGGTACA,0,4883648
ygfM_xdhD_predicted,0.25,3,3,ACCAGGTCCTTTTTCTGTTC,0,4864126
ygfM_xdhD_predicted,0.25,3,3,ACCAGGCCAAAGGACTGCGA,0,4866491
ygfM_xdhD_predicted,0.25,3,3,ACCACGTTCGCCTGGTTGGC,0,4873827
ygfM_xdhD_predicted,0.25,3,3,ACCACGGTGGTAGAGGGTTT,0,4889229
ygfM_xdhD_predicted,0.25,3,3,ACCAAATGCCGCTTCACCAC,0,4878597
ygfM_xdhD_predicted,0.25,3,3,ACATTCCCCCTCAGTTTCAG,0,4878046
ygfM_xdhD_predicted,0.25,3,3,ACATTCAGTGTTCGACCCAA,0,4898243
ygfM_xdhD_predicted,0.25,3,3,ACATATAACGCGAATAGAGG,0,4881819
ygfM_xdhD_predicted,0.25,3,3,ACATAGCTATACGCGGGTTA,0,4877008
ygfM_xdhD_predicted,0.25,3,3,ACAGGTGTCATCAATTGGGG,0,4895886
ygfM_xdhD_predicted,0.25,3,3,ACAGGGACACATCAGACGGG,0,4869493
ygfM_xdhD_predicted,0.25,3,3,ACAGGCATGCACCGCCAGGA,0,4865200
ygfM_xdhD_predicted,0.25,3,3,ACAGATTGTGGGTGTTAAGA,0,4887275
ygfM_xdhD_predicted,0.25,3,3,ACACTTCGTTACCGGACGGC,0,4876944
ygfM_xdhD_predicted,0.25,3,3,ACACTGGAGCGCCTACGCTG,0,4881033
ygfM_xdhD_predicted,0.25,3,3,ACACGGTTAATCTTTCCGGA,0,4875927
ygfM_xdhD_predicted,0.25,3,3,ACACCGCATAGTAGGCTCGT,0,4894839
ygfM_xdhD_predicted,0.25,3,3,ACAAGGGAGCTCACGATTCG,0,4892223
ygfM_xdhD_predicted,0.25,3,3,ACAAGGAATTGCCTTTTCAC,0,4895041
ygfM_xdhD_predicted,0.25,3,3,ACAAAAAAGATTCCCTTGAA,0,4883707
ygfM_xdhD_predicted,0.25,3,3,AATTTTGGGCTTGAGTTCCA,0,4868118
ygfM_xdhD_predicted,0.25,3,3,AATTTTCCTTGAGAATGTAT,0,4893127
ygfM_xdhD_predicted,0.25,3,3,AATTTCAGCTGCGGGCTAGC,0,4878967
ygfM_xdhD_predicted,0.25,3,3,AATTGCAAGGAGTTTACCTT,0,4867778
ygfM_xdhD_predicted,0.25,3,3,AATTGACCACAGGTATCAAT,0,4877320
ygfM_xdhD_predicted,0.25,3,3,AATTCTCTGGGAACAACTCA,0,4865726
ygfM_xdhD_predicted,0.25,3,3,AATTCCACATCGCTCTAACA,0,4890429
ygfM_xdhD_predicted,0.25,3,3,AATGGCGTCTGCATCCGAGA,0,4870089
ygfM_xdhD_predicted,0.25,3,3,AATCGGCCCTTCCAGAGAAT,0,4866025
ygfM_xdhD_predicted,0.25,3,3,AATCGAGTTCCTACGGGTTA,0,4889342
ygfM_xdhD_predicted,0.25,3,3,AATATGCTACCCTTGTATTC,0,4894185
ygfM_xdhD_predicted,0.25,3,3,AATATACATCATTGGTCAGC,0,4893545
ygfM_xdhD_predicted,0.25,3,3,AATAGAGAGCGCGCCGCTGA,0,4886284
ygfM_xdhD_predicted,0.25,3,3,AATACTTGTCATATGAAGTC,0,4891651
ygfM_xdhD_predicted,0.25,3,3,AATAACGATACGTAGTATTA,0,4878405
ygfM_xdhD_predicted,0.25,3,3,AAGTTATACCTCCGAACCAA,0,4870281
ygfM_xdhD_predicted,0.25,3,3,AAGTCAAGTTTGGATAGTGC,0,4881894
ygfM_xdhD_predicted,0.25,3,3,AAGTACCTTGGAGTTGATCG,0,4888820
ygfM_xdhD_predicted,0.25,3,3,AAGGTTTTTCACAAACCTCC,0,4864142
ygfM_xdhD_predicted,0.25,3,3,AAGGGTCCATACAGTTCAGC,0,4888247
ygfM_xdhD_predicted,0.25,3,3,AAGGCACCGAGCCTCTATGG,0,4898237
ygfM_xdhD_predicted,0.25,3,3,AAGGATTAACCTGTGTGACT,0,4891524
ygfM_xdhD_predicted,0.25,3,3,AAGCTGTCAGGATTGGCTAA,0,4896516
ygfM_xdhD_predicted,0.25,3,3,AAGCCTATCGGCGAAAGTCA,0,4872101
ygfM_xdhD_predicted,0.25,3,3,AAGCCGGCAAGTCAAGATTG,0,4885166
ygfM_xdhD_predicted,0.25,3,3,AAGATTCTAGTCAGGGGTTA,0,4875725
ygfM_xdhD_predicted,0.25,3,3,AAGAGATCCATGATTTGGGA,0,4874792
ygfM_xdhD_predicted,0.25,3,3,AAGAGAGAGTAAGCTGCGCA,0,4872170
ygfM_xdhD_predicted,0.25,3,3,AACTTTTCAGGGGCTATGTT,0,4898157
ygfM_xdhD_predicted,0.25,3,3,AACTCTTAGATTAGTCCATA,0,4898852
ygfM_xdhD_predicted,0.25,3,3,AACTCTCCGAAACGCAGCGG,0,4889413
ygfM_xdhD_predicted,0.25,3,3,AACTATTGTCCTTGTACATT,0,4882872
ygfM_xdhD_predicted,0.25,3,3,AACTATTATGAGTAAATCTA,0,4879472
ygfM_xdhD_predicted,0.25,3,3,AACGGGTTCATATGCCCACC,0,4894457
ygfM_xdhD_predicted,0.25,3,3,AACGCTGTGGACAGTGCGAT,0,4894943
ygfM_xdhD_predicted,0.25,3,3,AACGCTGCTATGGCCGCTGG,0,4865946
ygfM_xdhD_predicted,0.25,3,3,AACGCGTTTCTTTAGTATAA,0,4872330
ygfM_xdhD_predicted,0.25,3,3,AACGAGAACATCGAGCGAAG,0,4878252
ygfM_xdhD_predicted,0.25,3,3,AACCGGCATCACAGTAAGTT,0,4873182
ygfM_xdhD_predicted,0.25,3,3,AACCCTTTGTGTTTGCCGAA,0,4888599
ygfM_xdhD_predicted,0.25,3,3,AACCATGCTCCCGAGGGCGA,0,4888685
ygfM_xdhD_predicted,0.25,3,3,AACATCCGAGACCACGGCTA,0,4866971
ygfM_xdhD_predicted,0.25,3,3,AACAGGAATACAACTACAGA,0,4876380
ygfM_xdhD_predicted,0.25,3,3,AACAAGGGGAGGCGTCGGAT,0,4875245
ygfM_xdhD_predicted,0.25,3,3,AACAACATGAGGGTACTACC,0,4866011
ygfM_xdhD_predicted,0.25,3,3,AAATTGCGATTCCATGGCTT,0,4874121
ygfM_xdhD_predicted,0.25,3,3,AAATTATCGGCCATCCGCCT,0,4881575
ygfM_xdhD_predicted,0.25,3,3,AAATGATAGCGGAAGGGAAC,0,4885473
ygfM_xdhD_predicted,0.25,3,3,AAATCTCTTTGAACTCCAAA,0,4871889
ygfM_xdhD_predicted,0.25,3,3,AAATCTCGAGGGCCACTTCA,0,4865766
ygfM_xdhD_predicted,0.25,3,3,AAATCTAGGGTGATCTTTAA,0,4879135
ygfM_xdhD_predicted,0.25,3,3,AAAGTGTGGGAATAAGCGGG,0,4883265
ygfM_xdhD_predicted,0.25,3,3,AAAGGATGAGCCCTACGCGT,0,4897636
ygfM_xdhD_predicted,0.25,3,3,AAACTGACAAACCGGTACGA,0,4875388
ygfM_xdhD_predicted,0.25,3,3,AAACCCCGTCGAGGAGAATT,0,4891382
ygfM_xdhD_predicted,0.25,3,3,AAACATGCTGAGAGTCCTCG,0,4870535
ygfM_xdhD_predicted,0.25,3,3,AAAATAGAGACGAATTGGAC,0,4880621
ygfM_xdhD_predicted,0.25,3,3,AAAAGTTGGTATGTGTTACA,0,4896532
ygfM_xdhD_predicted,0.25,3,3,AAAAGCATTGTCTGCGCTTC,0,4880014
ygfM_xdhD_predicted,0.25,3,3,AAAAATCTGTCGGGAGCGAC,0,4866267
ygfM_xdhD_predicted,0.25,3,3,AAAAAGATTCAGCGGTGGGG,0,4884336
ygfM_xdhD_predicted,0.25,3,3,AAAAACCACATTTGTAGTTG,0,4891836
ygfM_xdhD_predicted,0.3333333333333333,2,2,TTTTGGGTAAATGAGCGTAT,0,4876832
ygfM_xdhD_predicted,0.3333333333333333,2,2,TTTTACTGCTCCTAAGAACC,0,4867568
ygfM_xdhD_predicted,0.3333333333333333,2,2,TTTGCTGGTGCCGTTTACAA,0,4894975
ygfM_xdhD_predicted,0.3333333333333333,2,2,TTTGCAAAAAGCTTACTCGA,0,4873916
ygfM_xdhD_predicted,0.3333333333333333,2,2,TTTGACGGACTTTACGTTGG,0,4876696
ygfM_xdhD_predicted,0.3333333333333333,2,2,TTTGACAGTACTCCCGATTT,0,4891467
ygfM_xdhD_predicted,0.3333333333333333,2,2,TTTCTAACATCCTCACCACT,0,4890720
ygfM_xdhD_predicted,0.3333333333333333,2,2,TTTCCTTCCGGAAACTTACA,0,4868835
ygfM_xdhD_predicted,0.3333333333333333,2,2,TTTCCTGTCCCTTCTTCATA,0,4875902
ygfM_xdhD_predicted,0.3333333333333333,2,2,TTTATTAGTGGAACGAATTC,0,4888233
ygfM_xdhD_predicted,0.3333333333333333,2,2,TTTAGGGTAGGCGGGCTGCT,0,4899145
ygfM_xdhD_predicted,0.3333333333333333,2,2,TTTAGCTATCCTACTCGACC,0,4895440
ygfM_xdhD_predicted,0.3333333333333333,2,2,TTTAATCTGCATGATAAAAG,0,4890874
ygfM_xdhD_predicted,0.3333333333333333,2,2,TTGTTTGTTTTAGGTGGCTA,0,4878846
ygfM_xdhD_predicted,0.3333333333333333,2,2,TTGTTATTCTGCGACTGAGA,0,4878350
ygfM_xdhD_predicted,0.3333333333333333,2,2,TTGTTATGACAGGCCCGAGA,0,4899602
ygfM_xdhD_predicted,0.3333333333333333,2,2,TTGTACTCCATCGAGATGCG,0,4867756
ygfM_xdhD_predicted,0.3333333333333333,2,2,TTGTAAGTAGGACGTAGAGC,0,4893983
ygfM_xdhD_predicted,0.3333333333333333,2,2,TTGGTTACCGGGGGCTACTT,0,4877136
ygfM_xdhD_predicted,0.3333333333333333,2,2,TTGGTGGCTAGCCATCCGAC,0,4889943
ygfM_xdhD_predicted,0.3333333333333333,2,2,TTGGGCACAATGTTTCGAAG,0,4871561
ygfM_xdhD_predicted,0.3333333333333333,2,2,TTGGGAAGTAGCTTTTTGAC,0,4869181
ygfM_xdhD_predicted,0.3333333333333333,2,2,TTGGCTGACGGCTCTCGTCA,0,4890393
ygfM_xdhD_predicted,0.3333333333333333,2,2,TTGGCGGAGTTATGCGGGCG,0,4882937
ygfM_xdhD_predicted,0.3333333333333333,2,2,TTGGCCTTATCTACCCTCTC,0,4876302
ygfM_xdhD_predicted,0.3333333333333333,2,2,TTGGACACTTTGTTTCACCA,0,4872297
ygfM_xdhD_predicted,0.3333333333333333,2,2,TTGGAATTACAGGTGCTTTA,0,4875155
ygfM_xdhD_predicted,0.3333333333333333,2,2,TTGCTCAAGGGCTTCCCGAA,0,4897688
ygfM_xdhD_predicted,0.3333333333333333,2,2,TTGCGAGGGCACTACTGGTT,0,4871903
ygfM_xdhD_predicted,0.3333333333333333,2,2,TTGCATGAGAAGTGTAAGCA,0,4869254
ygfM_xdhD_predicted,0.3333333333333333,2,2,TTGCAAAAGAAACGTGACGG,0,4890415
ygfM_xdhD_predicted,0.3333333333333333,2,2,TTGATGGCAAGATACACGAT,0,4867424
ygfM_xdhD_predicted,0.3333333333333333,2,2,TTGAGTTAGAGACTAACCAT,0,4873008
ygfM_xdhD_predicted,0.3333333333333333,2,2,TTCTTTGGGTATTAGTAAAA,0,4872168
ygfM_xdhD_predicted,0.3333333333333333,2,2,TTCTTCGCCGTGCGGGAGGG,0,4881635
ygfM_xdhD_predicted,0.3333333333333333,2,2,TTCTTATGCCGATTGCATAG,0,4870233
ygfM_xdhD_predicted,0.3333333333333333,2,2,TTCTCGAGATCCTTTCCGTT,0,4892619
ygfM_xdhD_predicted,0.3333333333333333,2,2,TTCTCATAAGAATCTCCATT,0,4891555
ygfM_xdhD_predicted,0.3333333333333333,2,2,TTCTAGATATTACCTCTGGC,0,4884788
ygfM_xdhD_predicted,0.3333333333333333,2,2,TTCGTCAGCTTTCCAGTCTT,0,4898394
ygfM_xdhD_predicted,0.3333333333333333,2,2,TTCGTAGCCATCAGGCGGCG,0,4883667
ygfM_xdhD_predicted,0.3333333333333333,2,2,TTCGCTCCACATCAGAGAAA,0,4882666
ygfM_xdhD_predicted,0.3333333333333333,2,2,TTCGCACTACATTATCTAGC,0,4888822
ygfM_xdhD_predicted,0.3333333333333333,2,2,TTCGATGGGAGCCACAGCGG,0,4881283
ygfM_xdhD_predicted,0.3333333333333333,2,2,TTCGACCGTGCTACAACGTA,0,4867167
ygfM_xdhD_predicted,0.3333333333333333,2,2,TTCCGTGGGCAACGATCATC,0,4865746
ygfM_xdhD_predicted,0.3333333333333333,2,2,TTCCGCTTCGAAGACTGAGC,0,4869355
ygfM_xdhD_predicted,0.3333333333333333,2,2,TTCCCGACAGACGGTGCAAT,0,4890800
ygfM_xdhD_predicted,0.3333333333333333,2,2,TTCCCCATTTGAAACTTCTC,0,4898609
ygfM_xdhD_predicted,0.3333333333333333,2,2,TTCATAAGCTGGGAAGTAAG,0,4877249
ygfM_xdhD_predicted,0.3333333333333333,2,2,TTCAGCACATATGCCCAGGA,0,4895173
ygfM_xdhD_predicted,0.3333333333333333,2,2,TTCACCCGCACATGTCTGTA,0,4869927
ygfM_xdhD_predicted,0.3333333333333333,2,2,TTCACAGGGTGTAAAATGTG,0,4888585
ygfM_xdhD_predicted,0.3333333333333333,2,2,TTCAATATCTCCGACTCTAT,0,4891693
ygfM_xdhD_predicted,0.3333333333333333,2,2,TTATTTGTTAACTTGGTTAA,0,4894704
ygfM_xdhD_predicted,0.3333333333333333,2,2,TTATTACTATTCACCGGACC,0,4865268
ygfM_xdhD_predicted,0.3333333333333333,2,2,TTATGAGGGCTGTCGTAGTT,0,4899400
ygfM_xdhD_predicted,0.3333333333333333,2,2,TTATGAGATTACGTCGGCTC,0,4864675
ygfM_xdhD_predicted,0.3333333333333333,2,2,TTATCAATGGCGGATCCGAT,0,4884918
ygfM_xdhD_predicted,0.3333333333333333,2,2,TTATACCAAAGGGCCAGGTT,0,4875453
ygfM_xdhD_predicted,0.3333333333333333,2,2,TTAGTGTTACTGGTAGATGG,0,4867263
ygfM_xdhD_predicted,0.3333333333333333,2,2,TTAGTCGTAGCCTTATAGCC,0,4883401
ygfM_xdhD_predicted,0.3333333333333333,2,2,TTAGTAATAAAAATCTAGGG,0,4877034
ygfM_xdhD_predicted,0.3333333333333333,2,2,TTAGGGCTCGATGTTGCTTT,0,4867698
ygfM_xdhD_predicted,0.3333333333333333,2,2,TTAGGCATTAGTGCGCGGAT,0,4894755
ygfM_xdhD_predicted,0.3333333333333333,2,2,TTAGCGAAAAACGGTGGGAC,0,4891412
ygfM_xdhD_predicted,0.3333333333333333,2,2,TTAGCACAGGATCTCTATGA,0,4890208
ygfM_xdhD_predicted,0.3333333333333333,2,2,TTAGAAAGGGCATGCATCAA,0,4873587
ygfM_xdhD_predicted,0.3333333333333333,2,2,TTACTTTGCGCGAAGGCGTA,0,4898401
ygfM_xdhD_predicted,0.3333333333333333,2,2,TTACAAGCGATACTCCTTCC,0,4877440
ygfM_xdhD_predicted,0.3333333333333333,2,2,TTAATTGCAAACGCTGGGGC,0,4864448
ygfM_xdhD_predicted,0.3333333333333333,2,2,TTAATCGCCGCGGGGTTTGT,0,4877660
ygfM_xdhD_predicted,0.3333333333333333,2,2,TTAATACACCTCGGTCCTTA,0,4897037
ygfM_xdhD_predicted,0.3333333333333333,2,2,TTAAGTTCGATGACGGAGGT,0,4872907
ygfM_xdhD_predicted,0.3333333333333333,2,2,TTAAGGCCCAGCAGTCGTGA,0,4884582
ygfM_xdhD_predicted,0.3333333333333333,2,2,TTAACTGGTCAAACAACGAA,0,4877295
ygfM_xdhD_predicted,0.3333333333333333,2,2,TTAAATGTGATCTTTCTTTC,0,4898153
ygfM_xdhD_predicted,0.3333333333333333,2,2,TTAAATCAAGCAGGTTGGCC,0,4884680
ygfM_xdhD_predicted,0.3333333333333333,2,2,TTAAATAGATAATGAGAGGC,0,4877925
ygfM_xdhD_predicted,0.3333333333333333,2,2,TTAAACATCCCCAAGCGGTA,0,4867351
ygfM_xdhD_predicted,0.3333333333333333,2,2,TTAAAACGGGCGATTTCTGA,0,4887693
ygfM_xdhD_predicted,0.3333333333333333,2,2,TGTTGCCGTCCGTCACATAG,0,4883162
ygfM_xdhD_predicted,0.3333333333333333,2,2,TGTTCGTTGTGGTACAGTAC,0,4884118
ygfM_xdhD_predicted,0.3333333333333333,2,2,TGTTAATCTTGGTGCACCTT,0,4872694
ygfM_xdhD_predicted,0.3333333333333333,2,2,TGTGTTTTTATTTGCGCCCA,0,4879483
ygfM_xdhD_predicted,0.3333333333333333,2,2,TGTGGGCGGATAAGTGGATG,0,4878119
ygfM_xdhD_predicted,0.3333333333333333,2,2,TGTGCACGCTAAGACTTTCA,0,4899142
ygfM_xdhD_predicted,0.3333333333333333,2,2,TGTCGAGAATAGTCGCAGGT,0,4873812
ygfM_xdhD_predicted,0.3333333333333333,2,2,TGTCCTTATTTCCACTCTAT,0,4894493
ygfM_xdhD_predicted,0.3333333333333333,2,2,TGTCAAGTGCTGCCCAGGGC,0,4890338
ygfM_xdhD_predicted,0.3333333333333333,2,2,TGTACGATCTATACGAGAGC,0,4894982
ygfM_xdhD_predicted,0.3333333333333333,2,2,TGTACGACAGCTTGAGCTTG,0,4886850
ygfM_xdhD_predicted,0.3333333333333333,2,2,TGTACCCAAACCGAGGTGCA,0,4869292
ygfM_xdhD_predicted,0.3333333333333333,2,2,TGTAATAGGCTCATTAATTA,0,4892276
ygfM_xdhD_predicted,0.3333333333333333,2,2,TGGTTTTTGACTTTAGAGTT,0,4893978
ygfM_xdhD_predicted,0.3333333333333333,2,2,TGGTCTCAGCGCACGGAGCA,0,4868099
ygfM_xdhD_predicted,0.3333333333333333,2,2,TGGTCCAATACATTTGGCGG,0,4875614
ygfM_xdhD_predicted,0.3333333333333333,2,2,TGGTATGGCGGGTGCCCGGT,0,4869300
ygfM_xdhD_predicted,0.3333333333333333,2,2,TGGGTGGAGTGCTCGTCCTA,0,4884286
ygfM_xdhD_predicted,0.3333333333333333,2,2,TGGGTGACCGTTGGCCTTCC,0,4876620
ygfM_xdhD_predicted,0.3333333333333333,2,2,TGGGTACCTTATGACTAGAG,0,4887386
ygfM_xdhD_predicted,0.3333333333333333,2,2,TGGGGTCTACTGAGAGACGT,0,4871161
ygfM_xdhD_predicted,0.3333333333333333,2,2,TGGGGCTAGCAGAACCCGTT,0,4885749
ygfM_xdhD_predicted,0.3333333333333333,2,2,TGGGATTCTGATACAGATCA,0,4877821
ygfM_xdhD_predicted,0.3333333333333333,2,2,TGGGAGGATACACGGGTGAT,0,4876234
ygfM_xdhD_predicted,0.3333333333333333,2,2,TGGCTCCCTTGAAGCCGCTC,0,4896788
ygfM_xdhD_predicted,0.3333333333333333,2,2,TGGCCTCCTGGCCGGTAAGA,0,4894328
ygfM_xdhD_predicted,0.3333333333333333,2,2,TGGCCCGGCTGTAAATTTCG,0,4869220
ygfM_xdhD_predicted,0.3333333333333333,2,2,TGGCATTTGTGAGGTATGCG,0,4877141
ygfM_xdhD_predicted,0.3333333333333333,2,2,TGGCAAGAGCAGCACAAGGG,0,4882398
ygfM_xdhD_predicted,0.3333333333333333,2,2,TGGAGCAACGGTGGCGAAGT,0,4884748
ygfM_xdhD_predicted,0.3333333333333333,2,2,TGGAGATCCCCGTCCGGTAG,0,4870206
ygfM_xdhD_predicted,0.3333333333333333,2,2,TGGAGAGTTTTGTTCAGCGT,0,4889978
ygfM_xdhD_predicted,0.3333333333333333,2,2,TGGAGACGATCTTAACTCAC,0,4894886
ygfM_xdhD_predicted,0.3333333333333333,2,2,TGGACGTGTGACGACCAATG,0,4896854
ygfM_xdhD_predicted,0.3333333333333333,2,2,TGGACCCTAGACATACGCAA,0,4892076
ygfM_xdhD_predicted,0.3333333333333333,2,2,TGGAATAAAGAGACACTGGG,0,4897403
ygfM_xdhD_predicted,0.3333333333333333,2,2,TGCTTGTCATGACAAAGGTG,0,4886741
ygfM_xdhD_predicted,0.3333333333333333,2,2,TGCTCTAACACGTGGGCCGA,0,4896167
ygfM_xdhD_predicted,0.3333333333333333,2,2,TGCTAGTACCACCGGCCCGA,0,4866020
ygfM_xdhD_predicted,0.3333333333333333,2,2,TGCTACATTTTAATGTGTTT,0,4897479
ygfM_xdhD_predicted,0.3333333333333333,2,2,TGCGTTTTGACACCATAACA,0,4880810
ygfM_xdhD_predicted,0.3333333333333333,2,2,TGCGGTGAACGGGTTAACTC,0,4895193
ygfM_xdhD_predicted,0.3333333333333333,2,2,TGCGGGGCACCCTGGCAAGT,0,4867389
ygfM_xdhD_predicted,0.3333333333333333,2,2,TGCGCTCTCTGAGAACTTTT,0,4881399
ygfM_xdhD_predicted,0.3333333333333333,2,2,TGCGCGCATGCACGTGCCCG,0,4871921
ygfM_xdhD_predicted,0.3333333333333333,2,2,TGCCCTTATGAACGCGTCGG,0,4871842
ygfM_xdhD_predicted,0.3333333333333333,2,2,TGCCCAGAACCATTTGCCTA,0,4869791
ygfM_xdhD_predicted,0.3333333333333333,2,2,TGCCAAGTTCCGAATAGCCT,0,4893682
ygfM_xdhD_predicted,0.3333333333333333,2,2,TGCAGTACAGGTTTCCAGTG,0,4895438
ygfM_xdhD_predicted,0.3333333333333333,2,2,TGCAAGTGCTAAGCCCGGGA,0,4879237
ygfM_xdhD_predicted,0.3333333333333333,2,2,TGCAACCAGACGGCTTCCGT,0,4870670
ygfM_xdhD_predicted,0.3333333333333333,2,2,TGATCCCGTGTTCCTGTCCC,0,4879816
ygfM_xdhD_predicted,0.3333333333333333,2,2,TGATAAAGCCGAGATTGGAA,0,4887011
ygfM_xdhD_predicted,0.3333333333333333,2,2,TGAGTTACACCGTTGGGAGC,0,4878309
ygfM_xdhD_predicted,0.3333333333333333,2,2,TGAGGGGATAACTTACAACG,0,4879749
ygfM_xdhD_predicted,0.3333333333333333,2,2,TGAGCGAAACTTGTGACAAG,0,4899243
ygfM_xdhD_predicted,0.3333333333333333,2,2,TGAGACGTAATTTAGCTGGA,0,4877245
ygfM_xdhD_predicted,0.3333333333333333,2,2,TGACGAAAGTGGCGGAAATG,0,4893327
ygfM_xdhD_predicted,0.3333333333333333,2,2,TGACCCCACAATACCATACT,0,4893517
ygfM_xdhD_predicted,0.3333333333333333,2,2,TGAACCCACTGTCATCCACT,0,4883698
ygfM_xdhD_predicted,0.3333333333333333,2,2,TGAACCAAGCTCTGATAGCA,0,4867419
ygfM_xdhD_predicted,0.3333333333333333,2,2,TGAAACATCGCTAATTGGGC,0,4886212
ygfM_xdhD_predicted,0.3333333333333333,2,2,TCTTTGTCCAAACTCCTCCA,0,4881365
ygfM_xdhD_predicted,0.3333333333333333,2,2,TCTTCGTAGATCCGGGTCCC,0,4896957
ygfM_xdhD_predicted,0.3333333333333333,2,2,TCTTCATCGTCTAAAACAGT,0,4872096
ygfM_xdhD_predicted,0.3333333333333333,2,2,TCTGTAGTTCGCTTTACGGC,0,4879987
ygfM_xdhD_predicted,0.3333333333333333,2,2,TCTGCCCCCAGCTTGGGGCT,0,4884071
ygfM_xdhD_predicted,0.3333333333333333,2,2,TCTGAACATCTTACACAAGG,0,4888219
ygfM_xdhD_predicted,0.3333333333333333,2,2,TCTCTGCGGACACCTAATGG,0,4867773
ygfM_xdhD_predicted,0.3333333333333333,2,2,TCTCGATTAGTTCCTCTTTA,0,4868055
ygfM_xdhD_predicted,0.3333333333333333,2,2,TCTCCCTGTGCGGTGCAGGA,0,4881910
ygfM_xdhD_predicted,0.3333333333333333,2,2,TCTAGGGCGTGCAGAATCAG,0,4866936
ygfM_xdhD_predicted,0.3333333333333333,2,2,TCTAAATATGCCGTTGAGCG,0,4883781
ygfM_xdhD_predicted,0.3333333333333333,2,2,TCGTTGAGACACGCTCTGTA,0,4876997
ygfM_xdhD_predicted,0.3333333333333333,2,2,TCGTTATGTCATTGGGAGAA,0,4894862
ygfM_xdhD_predicted,0.3333333333333333,2,2,TCGTGTCAGTTTGGCGTGTA,0,4871531
ygfM_xdhD_predicted,0.3333333333333333,2,2,TCGTACAGCAATATATGTGG,0,4872877
ygfM_xdhD_predicted,0.3333333333333333,2,2,TCGGGGGGACGTACGACTTT,0,4869081
ygfM_xdhD_predicted,0.3333333333333333,2,2,TCGGCAAGTCATGGGGAAAT,0,4872055
ygfM_xdhD_predicted,0.3333333333333333,2,2,TCGCTTTGGCATTATTGTTC,0,4880814
ygfM_xdhD_predicted,0.3333333333333333,2,2,TCGCTGAATTACGTGCCTCA,0,4871768
ygfM_xdhD_predicted,0.3333333333333333,2,2,TCGCCCTGCTGGTCGCCACT,0,4898944
ygfM_xdhD_predicted,0.3333333333333333,2,2,TCGATGGCGCATGCTGGTGC,0,4890220
ygfM_xdhD_predicted,0.3333333333333333,2,2,TCGAATCCGCTTTACGGGAC,0,4876287
ygfM_xdhD_predicted,0.3333333333333333,2,2,TCGAACTCGTAGGTGGAAAC,0,4891609
ygfM_xdhD_predicted,0.3333333333333333,2,2,TCCTTCCGGCATTAGATAAA,0,4890861
ygfM_xdhD_predicted,0.3333333333333333,2,2,TCCTGAGGGTATTCTCCTCA,0,4867224
ygfM_xdhD_predicted,0.3333333333333333,2,2,TCCTCCAAGGTACTCATGGC,0,4876818
ygfM_xdhD_predicted,0.3333333333333333,2,2,TCCGTATCTTTTATTCCTGC,0,4867252
ygfM_xdhD_predicted,0.3333333333333333,2,2,TCCGTACGTCACCAGCCATA,0,4884317
ygfM_xdhD_predicted,0.3333333333333333,2,2,TCCGCCAACAATGCTTAAAA,0,4865602
ygfM_xdhD_predicted,0.3333333333333333,2,2,TCCGACCATTGGCGAACAGT,0,4893915
ygfM_xdhD_predicted,0.3333333333333333,2,2,TCCCCATCTAACTAGCTTCC,0,4881518
ygfM_xdhD_predicted,0.3333333333333333,2,2,TCCCAAGTAAAGTGCCTAGG,0,4890988
ygfM_xdhD_predicted,0.3333333333333333,2,2,TCCCAACGTCGTAGCTCTCG,0,4889722
ygfM_xdhD_predicted,0.3333333333333333,2,2,TCCATCTGGTTGGTAGTAAA,0,4882111
ygfM_xdhD_predicted,0.3333333333333333,2,2,TCCAGCGTGATTGGGCTGCG,0,4886189
ygfM_xdhD_predicted,0.3333333333333333,2,2,TCCAAGTCAGGCATACACAG,0,4869232
ygfM_xdhD_predicted,0.3333333333333333,2,2,TCCAACAGGGCAAGACTATG,0,4889439
ygfM_xdhD_predicted,0.3333333333333333,2,2,TCATGCCCGGTGTGCCGTGC,0,4897957
ygfM_xdhD_predicted,0.3333333333333333,2,2,TCATGACAGGAGGCATGAAC,0,4896420
ygfM_xdhD_predicted,0.3333333333333333,2,2,TCATCCTTTTCGTTCTCGCA,0,4883356
ygfM_xdhD_predicted,0.3333333333333333,2,2,TCAGTTAGTTTGTGACCCAC,0,4884138
ygfM_xdhD_predicted,0.3333333333333333,2,2,TCAGGCGTCGCCTTCCGGAT,0,4864514
ygfM_xdhD_predicted,0.3333333333333333,2,2,TCAGGCAAGGATGTCGCCTT,0,4868941
ygfM_xdhD_predicted,0.3333333333333333,2,2,TCAGAGAGTTCGTTTTGGGT,0,4890320
ygfM_xdhD_predicted,0.3333333333333333,2,2,TCACGATAATCTCAATAATT,0,4868690
ygfM_xdhD_predicted,0.3333333333333333,2,2,TCACGAGGGAGAGAGACTGG,0,4894780
ygfM_xdhD_predicted,0.3333333333333333,2,2,TCACGAACCGGCGTTAGTCC,0,4897006
ygfM_xdhD_predicted,0.3333333333333333,2,2,TCAATCGGCGCATGCTCGAA,0,4896697
ygfM_xdhD_predicted,0.3333333333333333,2,2,TCAAGGGCTACGGAACATAT,0,4877073
ygfM_xdhD_predicted,0.3333333333333333,2,2,TATTGTCGCAGGACCGTTGA,0,4897881
ygfM_xdhD_predicted,0.3333333333333333,2,2,TATTGAAGTCACCGATGTAT,0,4891106
ygfM_xdhD_predicted,0.3333333333333333,2,2,TATTGAAGCCTTAGTCGCTG,0,4888799
ygfM_xdhD_predicted,0.3333333333333333,2,2,TATTCGTTGCATATTAGATG,0,4888868
ygfM_xdhD_predicted,0.3333333333333333,2,2,TATTATGGTAGGCAGCCTGT,0,4898993
ygfM_xdhD_predicted,0.3333333333333333,2,2,TATGTAACAGCGAGTGTCCA,0,4886544
ygfM_xdhD_predicted,0.3333333333333333,2,2,TATGGCCAAAGTCGAGGCGC,0,4878195
ygfM_xdhD_predicted,0.3333333333333333,2,2,TATCCCCCACCCGATGGTTA,0,4896613
ygfM_xdhD_predicted,0.3333333333333333,2,2,TATCAGTAGAGCGCTATAGC,0,4864221
ygfM_xdhD_predicted,0.3333333333333333,2,2,TATCAGTACCGCGTAGTAAT,0,4887430
ygfM_xdhD_predicted,0.3333333333333333,2,2,TATATTGTACAAGGAGAGGC,0,4873668
ygfM_xdhD_predicted,0.3333333333333333,2,2,TATAAGCTTTGTTCAACGGA,0,4871555
ygfM_xdhD_predicted,0.3333333333333333,2,2,TATAAGATTAATCCACCGCA,0,4897431
ygfM_xdhD_predicted,0.3333333333333333,2,2,TAGGTTAACACGTCCACAGG,0,4880462
ygfM_xdhD_predicted,0.3333333333333333,2,2,TAGGTCGCTCGCGGGGCAAT,0,4886815
ygfM_xdhD_predicted,0.3333333333333333,2,2,TAGGTATTCAGAGGGTTTGA,0,4889925
ygfM_xdhD_predicted,0.3333333333333333,2,2,TAGGGCATGGAATTCACCGA,0,4873224
ygfM_xdhD_predicted,0.3333333333333333,2,2,TAGGCCATCTCGATCCGATC,0,4872953
ygfM_xdhD_predicted,0.3333333333333333,2,2,TAGCCTGTTCAAGGGCTTTT,0,4897148
ygfM_xdhD_predicted,0.3333333333333333,2,2,TAGCATAAAACTAAAACGTG,0,4868655
ygfM_xdhD_predicted,0.3333333333333333,2,2,TAGAGTCATAAGGGCTAGAG,0,4879056
ygfM_xdhD_predicted,0.3333333333333333,2,2,TAGAGCAATAATCTGGCCGT,0,4883778
ygfM_xdhD_predicted,0.3333333333333333,2,2,TAGACTTAGGCAGTCTTCGG,0,4888280
ygfM_xdhD_predicted,0.3333333333333333,2,2,TAGAAGTTCGCTCCAGAGAT,0,4866951
ygfM_xdhD_predicted,0.3333333333333333,2,2,TAGAAATTGCTCTGTTCTCG,0,4878547
ygfM_xdhD_predicted,0.3333333333333333,2,2,TACTTCAATTATGAATCCTT,0,4882799
ygfM_xdhD_predicted,0.3333333333333333,2,2,TACTGGGTATTACGGCAATA,0,4870359
ygfM_xdhD_predicted,0.3333333333333333,2,2,TACTCGCTTTAAGTGAGGCT,0,4896387
ygfM_xdhD_predicted,0.3333333333333333,2,2,TACTAGCGAGGCGCCCAGCT,0,4881425
ygfM_xdhD_predicted,0.3333333333333333,2,2,TACGTTCAAGGCGTGATAGG,0,4893873
ygfM_xdhD_predicted,0.3333333333333333,2,2,TACGGCGAGTGGGCAGTTAT,0,4864648
ygfM_xdhD_predicted,0.3333333333333333,2,2,TACGCGAAGGGCGCACAGTC,0,4895238
ygfM_xdhD_predicted,0.3333333333333333,2,2,TACGACTTTTGCCCTTGCCA,0,4895490
ygfM_xdhD_predicted,0.3333333333333333,2,2,TACCGGGCTCGCTGATGGCG,0,4885445
ygfM_xdhD_predicted,0.3333333333333333,2,2,TACCCAGGCTGACAATGGTG,0,4867521
ygfM_xdhD_predicted,0.3333333333333333,2,2,TACCAGGTAGGCGGTGGCTC,0,4872593
ygfM_xdhD_predicted,0.3333333333333333,2,2,TACCAGGCCCCGGGGGCCCA,0,4878676
ygfM_xdhD_predicted,0.3333333333333333,2,2,TAATATGACGAGGAGCGAGA,0,4874271
ygfM_xdhD_predicted,0.3333333333333333,2,2,TAATAGGAGCGCACAGCCGG,0,4868052
ygfM_xdhD_predicted,0.3333333333333333,2,2,TAAGGCGGCGTCATCATTTT,0,4880097
ygfM_xdhD_predicted,0.3333333333333333,2,2,TAAGACCTGACATTATATTC,0,4891871
ygfM_xdhD_predicted,0.3333333333333333,2,2,TAACTTAGCTGTAGGTCTAT,0,4892269
ygfM_xdhD_predicted,0.3333333333333333,2,2,TAAACCGTGGTGATGTATGC,0,4870267
ygfM_xdhD_predicted,0.3333333333333333,2,2,TAAAAGGCCGGGTGAAAGCG,0,4891908
ygfM_xdhD_predicted,0.3333333333333333,2,2,GTTGTGGTCATAAATATATA,0,4890234
ygfM_xdhD_predicted,0.3333333333333333,2,2,GTTATCGGGAACAGAGATAA,0,4867682
ygfM_xdhD_predicted,0.3333333333333333,2,2,GTTAGTACCGAAGCAGTTTC,0,4867075
ygfM_xdhD_predicted,0.3333333333333333,2,2,GTTAGCGTTACAACGTCAAG,0,4892696
ygfM_xdhD_predicted,0.3333333333333333,2,2,GTTAATAACGGGCCGAGCCT,0,4873491
ygfM_xdhD_predicted,0.3333333333333333,2,2,GTTAAGCGGTGCGATTCTTA,0,4880586
ygfM_xdhD_predicted,0.3333333333333333,2,2,GTGTTATGGTACGGAGAAGA,0,4866156
ygfM_xdhD_predicted,0.3333333333333333,2,2,GTGTCGCTCCTCAGCCGTTT,0,4885316
ygfM_xdhD_predicted,0.3333333333333333,2,2,GTGTCCATCTTTGTTCCTCG,0,4879960
ygfM_xdhD_predicted,0.3333333333333333,2,2,GTGTCAAGAATTCCGTATTT,0,4887633
ygfM_xdhD_predicted,0.3333333333333333,2,2,GTGTAGATAGTCCGCAATGA,0,4882831
ygfM_xdhD_predicted,0.3333333333333333,2,2,GTGTACTTGCAAGAGCCGAC,0,4879182
ygfM_xdhD_predicted,0.3333333333333333,2,2,GTGGTACTTCGCCACATGAT,0,4872346
ygfM_xdhD_predicted,0.3333333333333333,2,2,GTGGGTCCGAAGTAGTAGGT,0,4864009
ygfM_xdhD_predicted,0.3333333333333333,2,2,GTGGCTTTCGTCCCCTGTCT,0,4875191
ygfM_xdhD_predicted,0.3333333333333333,2,2,GTGCGCGGTTACGAAGCGGA,0,4886838
ygfM_xdhD_predicted,0.3333333333333333,2,2,GTGCGACCGATGACGGGCGT,0,4875754
ygfM_xdhD_predicted,0.3333333333333333,2,2,GTGCCGGTCACGTGCACCAG,0,4895639
ygfM_xdhD_predicted,0.3333333333333333,2,2,GTGCAACTGAATTGCTTAAA,0,4890527
ygfM_xdhD_predicted,0.3333333333333333,2,2,GTGAGGCGCGCGGGGGCACT,0,4891950
ygfM_xdhD_predicted,0.3333333333333333,2,2,GTGAGCAGAGCAGCTCCCAT,0,4891178
ygfM_xdhD_predicted,0.3333333333333333,2,2,GTGACTCTCTCAAATGGCCC,0,4888899
ygfM_xdhD_predicted,0.3333333333333333,2,2,GTGACGCAATCCTCGCACGT,0,4885624
ygfM_xdhD_predicted,0.3333333333333333,2,2,GTGACCTAAGGGTGCAGGCT,0,4865557
ygfM_xdhD_predicted,0.3333333333333333,2,2,GTGAATAATGTTATGCCGAT,0,4889440
ygfM_xdhD_predicted,0.3333333333333333,2,2,GTGAAGTTTGTTGGACGCCT,0,4873237
ygfM_xdhD_predicted,0.3333333333333333,2,2,GTGAAAGGTCAGGGTGTCTT,0,4869556
ygfM_xdhD_predicted,0.3333333333333333,2,2,GTCTTGGAATTAGATTTAAA,0,4883013
ygfM_xdhD_predicted,0.3333333333333333,2,2,GTCTCTGATCGGCAGCGTTA,0,4887951
ygfM_xdhD_predicted,0.3333333333333333,2,2,GTCTCATAACGGACTCGAGG,0,4869134
ygfM_xdhD_predicted,0.3333333333333333,2,2,GTCTCAATGTACCTGGTTCC,0,4877847
ygfM_xdhD_predicted,0.3333333333333333,2,2,GTCTAGATTGGCCTATGTGC,0,4873820
ygfM_xdhD_predicted,0.3333333333333333,2,2,GTCGGGGACCAGAAGGAAGA,0,4882537
ygfM_xdhD_predicted,0.3333333333333333,2,2,GTCCGCCCCCCAGCTCTGGC,0,4899318
ygfM_xdhD_predicted,0.3333333333333333,2,2,GTCCAGCTGTAATAGCATTA,0,4884773
ygfM_xdhD_predicted,0.3333333333333333,2,2,GTCATTGGCTAGGGAGGGCC,0,4889475
ygfM_xdhD_predicted,0.3333333333333333,2,2,GTCATTCTTCTGACATAGTT,0,4872046
ygfM_xdhD_predicted,0.3333333333333333,2,2,GTCATCACTGAATCTCGTCC,0,4879804
ygfM_xdhD_predicted,0.3333333333333333,2,2,GTCACCTTCCTGGTCTTCAA,0,4869876
ygfM_xdhD_predicted,0.3333333333333333,2,2,GTCACACCGGGCGGAAGTCA,0,4871190
ygfM_xdhD_predicted,0.3333333333333333,2,2,GTCAAGAAGTGTCGCGCGCT,0,4867648
ygfM_xdhD_predicted,0.3333333333333333,2,2,GTATTTCGTTTGCAAAATCG,0,4876658
ygfM_xdhD_predicted,0.3333333333333333,2,2,GTATTTCGATTTGTATCATA,0,4877221
ygfM_xdhD_predicted,0.3333333333333333,2,2,GTATGGGCTGATGGCTGCTA,0,4887389
ygfM_xdhD_predicted,0.3333333333333333,2,2,GTATCTATGGTCGCAAGGCC,0,4872277
ygfM_xdhD_predicted,0.3333333333333333,2,2,GTATCGGCACCTCAGTTCCT,0,4885357
ygfM_xdhD_predicted,0.3333333333333333,2,2,GTAGTGATGATCACTTCGGG,0,4883600
ygfM_xdhD_predicted,0.3333333333333333,2,2,GTAGTCAGCTCTTCACTGTA,0,4884216
ygfM_xdhD_predicted,0.3333333333333333,2,2,GTAGGCGACCCCCTCCGTAG,0,4893499
ygfM_xdhD_predicted,0.3333333333333333,2,2,GTACTTGCCGCGATCTAAGT,0,4865221
ygfM_xdhD_predicted,0.3333333333333333,2,2,GTACGAGACCTTGTTGAAAT,0,4895885
ygfM_xdhD_predicted,0.3333333333333333,2,2,GTACATATAACGTCGAATCT,0,4891306
ygfM_xdhD_predicted,0.3333333333333333,2,2,GTAATCAGGTAAGATAATCG,0,4868808
ygfM_xdhD_predicted,0.3333333333333333,2,2,GTAAGCGTACAGGGCGTGGG,0,4891069
ygfM_xdhD_predicted,0.3333333333333333,2,2,GTAAGAGTACTGGACATAAA,0,4882979
ygfM_xdhD_predicted,0.3333333333333333,2,2,GTAACCATGTTTGCTCCTGT,0,4867960
ygfM_xdhD_predicted,0.3333333333333333,2,2,GTAAAGCAGGCGTGTGGGTT,0,4880834
ygfM_xdhD_predicted,0.3333333333333333,2,2,GGTTTCCGAGGAGGATGTCT,0,4873717
ygfM_xdhD_predicted,0.3333333333333333,2,2,GGTTTAGAAAGGGAACAGGT,0,4883848
ygfM_xdhD_predicted,0.3333333333333333,2,2,GGTTGCACGATATTGGAAAG,0,4882542
ygfM_xdhD_predicted,0.3333333333333333,2,2,GGTTGATTCCAAGGCCTACT,0,4877018
ygfM_xdhD_predicted,0.3333333333333333,2,2,GGTTACGGTAGCCTCACCAG,0,4882600
ygfM_xdhD_predicted,0.3333333333333333,2,2,GGTGTTCGGATTTGCCGCAT,0,4868063
ygfM_xdhD_predicted,0.3333333333333333,2,2,GGTGTATCCTGCGGTAGTTA,0,4892875
ygfM_xdhD_predicted,0.3333333333333333,2,2,GGTGGGTTCGGCGCATGGAA,0,4893338
ygfM_xdhD_predicted,0.3333333333333333,2,2,GGTGGCTGGAGCGTAGGGGC,0,4893536
ygfM_xdhD_predicted,0.3333333333333333,2,2,GGTGCGCTGACAATAAGCCT,0,4868569
ygfM_xdhD_predicted,0.3333333333333333,2,2,GGTCTCTAGCTCGCATCTAT,0,4882615
ygfM_xdhD_predicted,0.3333333333333333,2,2,GGTCTCGCCTGATTTGCCCT,0,4898895
ygfM_xdhD_predicted,0.3333333333333333,2,2,GGTCTACCGTTAAATCTGTA,0,4892792
ygfM_xdhD_predicted,0.3333333333333333,2,2,GGTCCCGTGCCGCGGACTTG,0,4866654
ygfM_xdhD_predicted,0.3333333333333333,2,2,GGTAGTTTGCCCTTGGGCGC,0,4896392
ygfM_xdhD_predicted,0.3333333333333333,2,2,GGTACATCAGACAGGTTGCA,0,4868486
ygfM_xdhD_predicted,0.3333333333333333,2,2,GGGTTTTGAATCTCGATTGT,0,4881593
ygfM_xdhD_predicted,0.3333333333333333,2,2,GGGTTGTCCTGGATTCAAGT,0,4893590
ygfM_xdhD_predicted,0.3333333333333333,2,2,GGGTTCCCAGTCCTACTCAG,0,4877062
ygfM_xdhD_predicted,0.3333333333333333,2,2,GGGTTACTGTGTTATAGAAT,0,4887278
ygfM_xdhD_predicted,0.3333333333333333,2,2,GGGTGTAGGACACCAGAGAG,0,4888931
ygfM_xdhD_predicted,0.3333333333333333,2,2,GGGTCCGGACAGGAACAGTG,0,4880397
ygfM_xdhD_predicted,0.3333333333333333,2,2,GGGTCAAGTAAAAAGCTAAA,0,4888371
ygfM_xdhD_predicted,0.3333333333333333,2,2,GGGTACTTGTTTGCTCTGGC,0,4885185
ygfM_xdhD_predicted,0.3333333333333333,2,2,GGGGTGTCATTACGAACCCA,0,4876724
ygfM_xdhD_predicted,0.3333333333333333,2,2,GGGGTGCAGTCCTCTTGGTT,0,4870255
ygfM_xdhD_predicted,0.3333333333333333,2,2,GGGGTCTCTTCTTCTACCCA,0,4881519
ygfM_xdhD_predicted,0.3333333333333333,2,2,GGGGGTTCTTTTGGGGGTAA,0,4883110
ygfM_xdhD_predicted,0.3333333333333333,2,2,GGGGGGTCTTTCGCTGCGAT,0,4873950
ygfM_xdhD_predicted,0.3333333333333333,2,2,GGGGGGGGATGTGTGTGACT,0,4874762
ygfM_xdhD_predicted,0.3333333333333333,2,2,GGGGGAGTAATAAAAGAGGG,0,4877659
ygfM_xdhD_predicted,0.3333333333333333,2,2,GGGGCGGCGCATGTTCGACG,0,4879034
ygfM_xdhD_predicted,0.3333333333333333,2,2,GGGGAAGGGGGATGGTGGCT,0,4884456
ygfM_xdhD_predicted,0.3333333333333333,2,2,GGGGAACAGGGATACTGAAT,0,4878058
ygfM_xdhD_predicted,0.3333333333333333,2,2,GGGCTGCGCTGCAGGAGCAC,0,4897139
ygfM_xdhD_predicted,0.3333333333333333,2,2,GGGCGCGATATCCCCGGATC,0,4879941
ygfM_xdhD_predicted,0.3333333333333333,2,2,GGGCGATCAGGTCACAGTCC,0,4880116
ygfM_xdhD_predicted,0.3333333333333333,2,2,GGGATTCCGCATTACCTCTA,0,4894963
ygfM_xdhD_predicted,0.3333333333333333,2,2,GGGATGCTGAAGGGGTCTGC,0,4869143
ygfM_xdhD_predicted,0.3333333333333333,2,2,GGGACGTAAATCGCTATCAC,0,4887697
ygfM_xdhD_predicted,0.3333333333333333,2,2,GGGACAGTGTGGATGAGTCA,0,4871583
ygfM_xdhD_predicted,0.3333333333333333,2,2,GGGAAGATGCGGTGAAGGCA,0,4867821
ygfM_xdhD_predicted,0.3333333333333333,2,2,GGCTGGGGTCTTACACAAGA,0,4884713
ygfM_xdhD_predicted,0.3333333333333333,2,2,GGCTCCACTCCCAAACAAGT,0,4876403
ygfM_xdhD_predicted,0.3333333333333333,2,2,GGCTACCCAGAATGCATCAG,0,4866222
ygfM_xdhD_predicted,0.3333333333333333,2,2,GGCTAATAGTACCCGGCGCT,0,4892237
ygfM_xdhD_predicted,0.3333333333333333,2,2,GGCGTCGCATTTAAAAATAT,0,4888558
ygfM_xdhD_predicted,0.3333333333333333,2,2,GGCGTAAGTACGTTAAGTGG,0,4880900
ygfM_xdhD_predicted,0.3333333333333333,2,2,GGCGGCACGAGTTACAGGGC,0,4894422
ygfM_xdhD_predicted,0.3333333333333333,2,2,GGCGCCAGCGCGCCGTCGCC,0,4897752
ygfM_xdhD_predicted,0.3333333333333333,2,2,GGCGAGCCGATGTTTGCTTG,0,4895984
ygfM_xdhD_predicted,0.3333333333333333,2,2,GGCGAATGTTGGGCGAGACC,0,4864394
ygfM_xdhD_predicted,0.3333333333333333,2,2,GGCGAACTGCAGAAGTTTAC,0,4886830
ygfM_xdhD_predicted,0.3333333333333333,2,2,GGCCGCTACGTCCGCTCTAA,0,4872675
ygfM_xdhD_predicted,0.3333333333333333,2,2,GGCCACGAATCCACGTTACA,0,4874463
ygfM_xdhD_predicted,0.3333333333333333,2,2,GGCATTGCCACCGATCATAG,0,4889676
ygfM_xdhD_predicted,0.3333333333333333,2,2,GGCATTAGCATGACCATTTT,0,4883197
ygfM_xdhD_predicted,0.3333333333333333,2,2,GGCATCTCAAAAAACAGCGT,0,4891519
ygfM_xdhD_predicted,0.3333333333333333,2,2,GGCATCGAGTCTCGACGTAC,0,4876531
ygfM_xdhD_predicted,0.3333333333333333,2,2,GGCACGCAGCTGGTATATCG,0,4881288
ygfM_xdhD_predicted,0.3333333333333333,2,2,GGCACGACGGCAGATTCGCA,0,4889912
ygfM_xdhD_predicted,0.3333333333333333,2,2,GGCAACAAGTACAAGGAATA,0,4894298
ygfM_xdhD_predicted,0.3333333333333333,2,2,GGATTCGGCGAAAAGGGTAA,0,4881067
ygfM_xdhD_predicted,0.3333333333333333,2,2,GGATGCGGCGATAGGCGACC,0,4872869
ygfM_xdhD_predicted,0.3333333333333333,2,2,GGATCGAGGTCGTGGCTACA,0,4895444
ygfM_xdhD_predicted,0.3333333333333333,2,2,GGATACTTTTAAAGACAGTA,0,4891516
ygfM_xdhD_predicted,0.3333333333333333,2,2,GGATAACTATGCTAGACGCG,0,4872248
ygfM_xdhD_predicted,0.3333333333333333,2,2,GGAGGTGTAGTGGCTGTTAT,0,4884616
ygfM_xdhD_predicted,0.3333333333333333,2,2,GGAGATGACGATTAAGAAAG,0,4869204
ygfM_xdhD_predicted,0.3333333333333333,2,2,GGAGAGATCTTTTTTGTCCC,0,4888422
ygfM_xdhD_predicted,0.3333333333333333,2,2,GGACGTGTGGACCGCCGCCA,0,4870402
ygfM_xdhD_predicted,0.3333333333333333,2,2,GGACGTCTCAGATCGGAATT,0,4887272
ygfM_xdhD_predicted,0.3333333333333333,2,2,GGACGCCACTGCAGGCAGGC,0,4889422
ygfM_xdhD_predicted,0.3333333333333333,2,2,GGACCTAGCCCGTGTCATCA,0,4873613
ygfM_xdhD_predicted,0.3333333333333333,2,2,GGACATATCGGTAATTGTTT,0,4895760
ygfM_xdhD_predicted,0.3333333333333333,2,2,GGACACATGTCGGGAAGAGG,0,4870561
ygfM_xdhD_predicted,0.3333333333333333,2,2,GGAATTTGAGCGGGGTAGCG,0,4889299
ygfM_xdhD_predicted,0.3333333333333333,2,2,GGAATAGACTAAGAGCATAA,0,4886831
ygfM_xdhD_predicted,0.3333333333333333,2,2,GGAAGGTCTAGAGGGTGCGA,0,4897836
ygfM_xdhD_predicted,0.3333333333333333,2,2,GGAACGTATCGGACTGAGTA,0,4880852
ygfM_xdhD_predicted,0.3333333333333333,2,2,GGAACATCAAAAAGATCGAT,0,4865352
ygfM_xdhD_predicted,0.3333333333333333,2,2,GGAACACTAACACCGCCCCT,0,4891222
ygfM_xdhD_predicted,0.3333333333333333,2,2,GGAACAAACACGGTAACCCC,0,4869462
ygfM_xdhD_predicted,0.3333333333333333,2,2,GGAAAGAACCCTTGGGGGCG,0,4875202
ygfM_xdhD_predicted,0.3333333333333333,2,2,GGAAACGGGAACGTTGATCT,0,4889396
ygfM_xdhD_predicted,0.3333333333333333,2,2,GCTTGGCTCACCGGGCTTGG,0,4869666
ygfM_xdhD_predicted,0.3333333333333333,2,2,GCTTCATCTCTTCTCTAGTA,0,4878822
ygfM_xdhD_predicted,0.3333333333333333,2,2,GCTTCACAGCACTGTGGATG,0,4891159
ygfM_xdhD_predicted,0.3333333333333333,2,2,GCTTACATCCCCGGCCTGAT,0,4893651
ygfM_xdhD_predicted,0.3333333333333333,2,2,GCTGTGACATCACACGCAGG,0,4864200
ygfM_xdhD_predicted,0.3333333333333333,2,2,GCTGCGTTTCTGGGCCTTCA,0,4878019
ygfM_xdhD_predicted,0.3333333333333333,2,2,GCTGCGAACTGCACCTGCTA,0,4879358
ygfM_xdhD_predicted,0.3333333333333333,2,2,GCTCTCTCGTCGCGTCGCGC,0,4873281
ygfM_xdhD_predicted,0.3333333333333333,2,2,GCTCCGATGCGGTGGCCTAA,0,4883012
ygfM_xdhD_predicted,0.3333333333333333,2,2,GCTATTATATTGCGTTTGGA,0,4877882
ygfM_xdhD_predicted,0.3333333333333333,2,2,GCTAGTTCACCAGATACCCA,0,4877734
ygfM_xdhD_predicted,0.3333333333333333,2,2,GCGTTATGTACACGATCCTT,0,4866801
ygfM_xdhD_predicted,0.3333333333333333,2,2,GCGTTACGATGTGGCTCGGT,0,4880371
ygfM_xdhD_predicted,0.3333333333333333,2,2,GCGTGTCACCCGCACAGGGG,0,4895097
ygfM_xdhD_predicted,0.3333333333333333,2,2,GCGTGCCGGTATATTGGCGT,0,4869839
ygfM_xdhD_predicted,0.3333333333333333,2,2,GCGTCTTTCTCACTTCCGCT,0,4870726
ygfM_xdhD_predicted,0.3333333333333333,2,2,GCGTCTTCCATACTGAGGGT,0,4872916
ygfM_xdhD_predicted,0.3333333333333333,2,2,GCGTCTGCCACACGGGATCC,0,4898588
ygfM_xdhD_predicted,0.3333333333333333,2,2,GCGTCATAAAGCACGAGTCG,0,4891391
ygfM_xdhD_predicted,0.3333333333333333,2,2,GCGTCAGGCCGACGATCAGT,0,4884302
ygfM_xdhD_predicted,0.3333333333333333,2,2,GCGTATTCCTAACAAGTGCG,0,4869523
ygfM_xdhD_predicted,0.3333333333333333,2,2,GCGTACAGACGGGTAATCGT,0,4881750
ygfM_xdhD_predicted,0.3333333333333333,2,2,GCGTAAGGCCTATCCAGTAG,0,4864799
ygfM_xdhD_predicted,0.3333333333333333,2,2,GCGGTACTATAAAGTGGCTT,0,4870650
ygfM_xdhD_predicted,0.3333333333333333,2,2,GCGCTGGGGCGACTGCGCCT,0,4889921
ygfM_xdhD_predicted,0.3333333333333333,2,2,GCGCTGGACGGCATCTCCTG,0,4873996
ygfM_xdhD_predicted,0.3333333333333333,2,2,GCGCTGATACGGTTGTGGGT,0,4865429
ygfM_xdhD_predicted,0.3333333333333333,2,2,GCGCGGTGTAGGATTCTATA,0,4875635
ygfM_xdhD_predicted,0.3333333333333333,2,2,GCGCCTATACAAAGAGTTCT,0,4875521
ygfM_xdhD_predicted,0.3333333333333333,2,2,GCGCATTGGTTATATAGACA,0,4897400
ygfM_xdhD_predicted,0.3333333333333333,2,2,GCGATCCTTGTTTTCCGCCA,0,4872287
ygfM_xdhD_predicted,0.3333333333333333,2,2,GCGATACCTAGAACGCGATT,0,4867749
ygfM_xdhD_predicted,0.3333333333333333,2,2,GCGAGGAATGCTCGTCTCAG,0,4883596
ygfM_xdhD_predicted,0.3333333333333333,2,2,GCGACTAACTTCAGCAGAAT,0,4868062
ygfM_xdhD_predicted,0.3333333333333333,2,2,GCGAATTGTGAGACGTTAAT,0,4885378
ygfM_xdhD_predicted,0.3333333333333333,2,2,GCGAAGCCCGTATTTTGAGA,0,4870324
ygfM_xdhD_predicted,0.3333333333333333,2,2,GCCTTGATCCCGCTCGACGT,0,4865705
ygfM_xdhD_predicted,0.3333333333333333,2,2,GCCTTAGGCGCCGATACGAC,0,4877195
ygfM_xdhD_predicted,0.3333333333333333,2,2,GCCTGCCTAGCAAAAGCGTG,0,4877556
ygfM_xdhD_predicted,0.3333333333333333,2,2,GCCTGATCATCTCACATGTA,0,4899625
ygfM_xdhD_predicted,0.3333333333333333,2,2,GCCTGACACGCGATTCTTAG,0,4880406
ygfM_xdhD_predicted,0.3333333333333333,2,2,GCCTCTTAATTCGGACCATT,0,4869381
ygfM_xdhD_predicted,0.3333333333333333,2,2,GCCTAACAGCAGCAGCGGAG,0,4899398
ygfM_xdhD_predicted,0.3333333333333333,2,2,GCCGTTGGACGAATCTAAGC,0,4897510
ygfM_xdhD_predicted,0.3333333333333333,2,2,GCCGTTCGGCGAGACAATGA,0,4876877
ygfM_xdhD_predicted,0.3333333333333333,2,2,GCCGGGAGCATGCTCGTCGA,0,4867534
ygfM_xdhD_predicted,0.3333333333333333,2,2,GCCGCTGGTCCCTCCCACCG,0,4870638
ygfM_xdhD_predicted,0.3333333333333333,2,2,GCCGCGTGCAGAAGGTCATC,0,4870749
ygfM_xdhD_predicted,0.3333333333333333,2,2,GCCGACCAATGGGTGTGTCA,0,4874528
ygfM_xdhD_predicted,0.3333333333333333,2,2,GCCCAGTAGTATAGGTCATC,0,4893365
ygfM_xdhD_predicted,0.3333333333333333,2,2,GCCAGACGATCCGTTTTCCG,0,4889030
ygfM_xdhD_predicted,0.3333333333333333,2,2,GCCAAGGTCCAGCCGGTCGC,0,4879062
ygfM_xdhD_predicted,0.3333333333333333,2,2,GCCAAGATTAGTCCAGCTGG,0,4864274
ygfM_xdhD_predicted,0.3333333333333333,2,2,GCATTGGCCGGGTGTCATCA,0,4869333
ygfM_xdhD_predicted,0.3333333333333333,2,2,GCATTGCAAAGGTTATCTCA,0,4886213
ygfM_xdhD_predicted,0.3333333333333333,2,2,GCATGCTAAAGGGTGCGTAA,0,4876665
ygfM_xdhD_predicted,0.3333333333333333,2,2,GCATGCGTACCCCCTCCGTG,0,4888495
ygfM_xdhD_predicted,0.3333333333333333,2,2,GCATAGTTTCTCCTAGTTAT,0,4897913
ygfM_xdhD_predicted,0.3333333333333333,2,2,GCATAACAGGTGTTCTCTTT,0,4879938
ygfM_xdhD_predicted,0.3333333333333333,2,2,GCAGTGGCTGCTCTTAACCG,0,4886039
ygfM_xdhD_predicted,0.3333333333333333,2,2,GCAGTCCAGTACGGCGAGGT,0,4897003
ygfM_xdhD_predicted,0.3333333333333333,2,2,GCAGTCATGTAGGCCAGAGA,0,4884122
ygfM_xdhD_predicted,0.3333333333333333,2,2,GCAGTATATGCTGCAACCAT,0,4878766
ygfM_xdhD_predicted,0.3333333333333333,2,2,GCAGGCGCACACAATGGCGG,0,4885689
ygfM_xdhD_predicted,0.3333333333333333,2,2,GCACGTACTATGAGTTACAT,0,4891608
ygfM_xdhD_predicted,0.3333333333333333,2,2,GCACGAGAAGTGGTTCCTCA,0,4894490
ygfM_xdhD_predicted,0.3333333333333333,2,2,GCAATCACCTTGGGGGTAGT,0,4892372
ygfM_xdhD_predicted,0.3333333333333333,2,2,GCAAGTGATGGAGGCCAGAG,0,4865348
ygfM_xdhD_predicted,0.3333333333333333,2,2,GCAAACCCCAATTACGTGCT,0,4889838
ygfM_xdhD_predicted,0.3333333333333333,2,2,GATTGCCACGTAACCTCGCG,0,4891453
ygfM_xdhD_predicted,0.3333333333333333,2,2,GATTGACAAGAATTAGAGTG,0,4886866
ygfM_xdhD_predicted,0.3333333333333333,2,2,GATTCTGCAACTTGAGAGTT,0,4882667
ygfM_xdhD_predicted,0.3333333333333333,2,2,GATTCGAGGTAATGCTCCAA,0,4868901
ygfM_xdhD_predicted,0.3333333333333333,2,2,GATGTCGTTCAACACCGTAA,0,4879168
ygfM_xdhD_predicted,0.3333333333333333,2,2,GATCGGAATTTAGCAAAGGT,0,4866456
ygfM_xdhD_predicted,0.3333333333333333,2,2,GATCCCCCGTCTGCTTATCC,0,4865928
ygfM_xdhD_predicted,0.3333333333333333,2,2,GATCCCAGTGATCGTTTGAA,0,4878554
ygfM_xdhD_predicted,0.3333333333333333,2,2,GATCATAATGGTCACTTACT,0,4882912
ygfM_xdhD_predicted,0.3333333333333333,2,2,GATCACATTTTTAGAATTTA,0,4880604
ygfM_xdhD_predicted,0.3333333333333333,2,2,GATATGGTCGCGGCCCCGTA,0,4878492
ygfM_xdhD_predicted,0.3333333333333333,2,2,GATACTGCTTCGGGTAACCC,0,4890578
ygfM_xdhD_predicted,0.3333333333333333,2,2,GATAATAAGAGCTTACTTGA,0,4867663
ygfM_xdhD_predicted,0.3333333333333333,2,2,GATAAGTTTTAGCAGTGACA,0,4880147
ygfM_xdhD_predicted,0.3333333333333333,2,2,GAGTGGCAAATGAAACCCAA,0,4879963
ygfM_xdhD_predicted,0.3333333333333333,2,2,GAGTCTATTGTCCCTTTATG,0,4869165
ygfM_xdhD_predicted,0.3333333333333333,2,2,GAGTAAATCAGCCGTGGGAC,0,4883719
ygfM_xdhD_predicted,0.3333333333333333,2,2,GAGGGGAAAAGGCATAGTGA,0,4871237
ygfM_xdhD_predicted,0.3333333333333333,2,2,GAGGCAGCTTGAACATTAGT,0,4864597
ygfM_xdhD_predicted,0.3333333333333333,2,2,GAGGATCGTGCCATAGGTAC,0,4870517
ygfM_xdhD_predicted,0.3333333333333333,2,2,GAGGACACGGTGGTATTAAG,0,4888413
ygfM_xdhD_predicted,0.3333333333333333,2,2,GAGCGATATCGTTGCAGATA,0,4879065
ygfM_xdhD_predicted,0.3333333333333333,2,2,GAGCAGGGAGGTGTAACGAA,0,4890989
ygfM_xdhD_predicted,0.3333333333333333,2,2,GAGCAAGTCCAAGTATTAGT,0,4878572
ygfM_xdhD_predicted,0.3333333333333333,2,2,GAGAGTTTCGTCCCGTCGCA,0,4894280
ygfM_xdhD_predicted,0.3333333333333333,2,2,GAGAGAACACAGTAGTCGAG,0,4871421
ygfM_xdhD_predicted,0.3333333333333333,2,2,GAGAGAACAAAACCACTGCT,0,4896565
ygfM_xdhD_predicted,0.3333333333333333,2,2,GAGAACCGTCAAGCGTTCCA,0,4894771
ygfM_xdhD_predicted,0.3333333333333333,2,2,GACTTTTATGTATGTAAATT,0,4877302
ygfM_xdhD_predicted,0.3333333333333333,2,2,GACTTAAATCTGCATTATCT,0,4868635
ygfM_xdhD_predicted,0.3333333333333333,2,2,GACTGATGCTACTGAACTGT,0,4869343
ygfM_xdhD_predicted,0.3333333333333333,2,2,GACTGAGGGCCGACGGATTA,0,4884909
ygfM_xdhD_predicted,0.3333333333333333,2,2,GACTCACTCGATAGGGCTGG,0,4894917
ygfM_xdhD_predicted,0.3333333333333333,2,2,GACTCACCTGCTGATCGGCC,0,4887824
ygfM_xdhD_predicted,0.3333333333333333,2,2,GACTATCGGCTTTGCGGGTA,0,4869039
ygfM_xdhD_predicted,0.3333333333333333,2,2,GACGGGATCTTGTCAGCTGG,0,4890598
ygfM_xdhD_predicted,0.3333333333333333,2,2,GACGGAGATAAAGTCTGTCA,0,4877020
ygfM_xdhD_predicted,0.3333333333333333,2,2,GACCTAGCGGGTCATCACCT,0,4869370
ygfM_xdhD_predicted,0.3333333333333333,2,2,GACCGCCGCAACATCGTAAG,0,4880584
ygfM_xdhD_predicted,0.3333333333333333,2,2,GACATCTCGGAAACCCACTA,0,4897243
ygfM_xdhD_predicted,0.3333333333333333,2,2,GACAGGTTGTGTTGAATCTC,0,4866745
ygfM_xdhD_predicted,0.3333333333333333,2,2,GACACCATCCGTGAGTTTTG,0,4873918
ygfM_xdhD_predicted,0.3333333333333333,2,2,GAATTTTGACAACAGATAGT,0,4895391
ygfM_xdhD_predicted,0.3333333333333333,2,2,GAATTTGCTACCCCGAGTAG,0,4890147
ygfM_xdhD_predicted,0.3333333333333333,2,2,GAATGTTTTGGGCAATTGTT,0,4881463
ygfM_xdhD_predicted,0.3333333333333333,2,2,GAATGCTTCTGACGGCGCCC,0,4888103
ygfM_xdhD_predicted,0.3333333333333333,2,2,GAATCTCTCAATATATTATA,0,4880161
ygfM_xdhD_predicted,0.3333333333333333,2,2,GAATCCTCGCCATGAGATCT,0,4873280
ygfM_xdhD_predicted,0.3333333333333333,2,2,GAAGTTACGAACTTAACACA,0,4876405
ygfM_xdhD_predicted,0.3333333333333333,2,2,GAAGTCACTCCGCCTCCGGT,0,4893810
ygfM_xdhD_predicted,0.3333333333333333,2,2,GAAGGCCCATGCGACGTAGT,0,4895537
ygfM_xdhD_predicted,0.3333333333333333,2,2,GAACTTAGCACAACCGAATC,0,4877705
ygfM_xdhD_predicted,0.3333333333333333,2,2,GAACTATAAGGGGAGATTGT,0,4889280
ygfM_xdhD_predicted,0.3333333333333333,2,2,GAACGATACATGTTTTGATG,0,4897525
ygfM_xdhD_predicted,0.3333333333333333,2,2,GAACCGCCGTCTTTAATGGC,0,4886728
ygfM_xdhD_predicted,0.3333333333333333,2,2,GAAATGTCCGTGCCCGTGCG,0,4874346
ygfM_xdhD_predicted,0.3333333333333333,2,2,GAAAGGGTATAGGCCAATGG,0,4894179
ygfM_xdhD_predicted,0.3333333333333333,2,2,GAAACCCTGGACATGTGAAA,0,4888391
ygfM_xdhD_predicted,0.3333333333333333,2,2,CTTTTTAACTGCAATGCATG,0,4875866
ygfM_xdhD_predicted,0.3333333333333333,2,2,CTTTCCGTGAACTACATTCA,0,4886885
ygfM_xdhD_predicted,0.3333333333333333,2,2,CTTTCCACCAGCTATACAAC,0,4897747
ygfM_xdhD_predicted,0.3333333333333333,2,2,CTTTACGACCAAAGACTGAT,0,4866508
ygfM_xdhD_predicted,0.3333333333333333,2,2,CTTGTGACTTCCCATTGTCC,0,4890936
ygfM_xdhD_predicted,0.3333333333333333,2,2,CTTGTCCTTTGGTGGCCTAT,0,4866019
ygfM_xdhD_predicted,0.3333333333333333,2,2,CTTGGTTACACGTCGTGACA,0,4878658
ygfM_xdhD_predicted,0.3333333333333333,2,2,CTTGGTAGTGATCTACGGTT,0,4887509
ygfM_xdhD_predicted,0.3333333333333333,2,2,CTTGAGACTACCTGCATGGC,0,4871735
ygfM_xdhD_predicted,0.3333333333333333,2,2,CTTCTTCAAGACGTCCATTG,0,4869414
ygfM_xdhD_predicted,0.3333333333333333,2,2,CTTCGTCGCTTTAATCAGCG,0,4871053
ygfM_xdhD_predicted,0.3333333333333333,2,2,CTTCGCGATAGTAATAATTC,0,4894239
ygfM_xdhD_predicted,0.3333333333333333,2,2,CTTCCCTCGTGGGCCAAGGA,0,4877386
ygfM_xdhD_predicted,0.3333333333333333,2,2,CTTCAACGGAAATTAGTCGT,0,4892266
ygfM_xdhD_predicted,0.3333333333333333,2,2,CTTATAATTGGCTGAAAATA,0,4875545
ygfM_xdhD_predicted,0.3333333333333333,2,2,CTTAGGGAGGGTTTTTTTCA,0,4886519
ygfM_xdhD_predicted,0.3333333333333333,2,2,CTTAATGTCTAGGGACTTGA,0,4887234
ygfM_xdhD_predicted,0.3333333333333333,2,2,CTGTTATTTTCTATCCTCTG,0,4884940
ygfM_xdhD_predicted,0.3333333333333333,2,2,CTGTGACTTAGTAAAGATTA,0,4867415
ygfM_xdhD_predicted,0.3333333333333333,2,2,CTGTCGTGGCAGAAATAACG,0,4886714
ygfM_xdhD_predicted,0.3333333333333333,2,2,CTGTCGGCGGAAGGTTATGC,0,4894295
ygfM_xdhD_predicted,0.3333333333333333,2,2,CTGTAAGTGCCCAATAGGTG,0,4898925
ygfM_xdhD_predicted,0.3333333333333333,2,2,CTGTAACTCGGTTTACGACG,0,4878665
ygfM_xdhD_predicted,0.3333333333333333,2,2,CTGGTCTGGAACAGGCCTGG,0,4873338
ygfM_xdhD_predicted,0.3333333333333333,2,2,CTGGGAACTGGTATAAGGGA,0,4877503
ygfM_xdhD_predicted,0.3333333333333333,2,2,CTGGCTCGGGTGGAATCCGC,0,4890897
ygfM_xdhD_predicted,0.3333333333333333,2,2,CTGGCTAACAAGGTGTAGAG,0,4868973
ygfM_xdhD_predicted,0.3333333333333333,2,2,CTGGCGTATATTCCGCAGCA,0,4885333
ygfM_xdhD_predicted,0.3333333333333333,2,2,CTGCTATGCGGACGGGTCAT,0,4874678
ygfM_xdhD_predicted,0.3333333333333333,2,2,CTGCGTGCCAAGCATAATAC,0,4876416
ygfM_xdhD_predicted,0.3333333333333333,2,2,CTGCACAGCTTATTGCGCTT,0,4868891
ygfM_xdhD_predicted,0.3333333333333333,2,2,CTGCAAGGCGGGTACCTCCT,0,4883775
ygfM_xdhD_predicted,0.3333333333333333,2,2,CTGATGTATTAGTTTCACCG,0,4865874
ygfM_xdhD_predicted,0.3333333333333333,2,2,CTGACTCACGAGGCATCCAC,0,4873943
ygfM_xdhD_predicted,0.3333333333333333,2,2,CTGACCAGCAACGCTGGATC,0,4889786
ygfM_xdhD_predicted,0.3333333333333333,2,2,CTGACAGCAGTCTGGCTGCT,0,4867464
ygfM_xdhD_predicted,0.3333333333333333,2,2,CTGAATAAAGCGAGTCGGGG,0,4896976
ygfM_xdhD_predicted,0.3333333333333333,2,2,CTGAAACTAGCATGCGGCAG,0,4878798
ygfM_xdhD_predicted,0.3333333333333333,2,2,CTCTTGGTACTTTGGTAGAG,0,4865566
ygfM_xdhD_predicted,0.3333333333333333,2,2,CTCGTAACGCTGTTCCACTA,0,4867969
ygfM_xdhD_predicted,0.3333333333333333,2,2,CTCGGTCAAGATAAACTGGG,0,4867180
ygfM_xdhD_predicted,0.3333333333333333,2,2,CTCGCTCGGACGCCGACAGG,0,4879529
ygfM_xdhD_predicted,0.3333333333333333,2,2,CTCCTGAAAAAGGCCCGCCA,0,4878993
ygfM_xdhD_predicted,0.3333333333333333,2,2,CTCCAAGAGGGAGAGCGGCG,0,4890605
ygfM_xdhD_predicted,0.3333333333333333,2,2,CTCATGCGCGAACCGGTGCT,0,4880133
ygfM_xdhD_predicted,0.3333333333333333,2,2,CTATTGCCACCACGTAAACA,0,4895967
ygfM_xdhD_predicted,0.3333333333333333,2,2,CTATTGATAATTTGCGTATA,0,4864957
ygfM_xdhD_predicted,0.3333333333333333,2,2,CTATTACCTGTTACAATGGG,0,4884262
ygfM_xdhD_predicted,0.3333333333333333,2,2,CTATGGTTATGGTAGTATTT,0,4866235
ygfM_xdhD_predicted,0.3333333333333333,2,2,CTATGCGCTTCGTCGTTCCT,0,4877161
ygfM_xdhD_predicted,0.3333333333333333,2,2,CTATGATCCTGCGATTCCGT,0,4874725
ygfM_xdhD_predicted,0.3333333333333333,2,2,CTATCGAGGGAAATCCAGAT,0,4880208
ygfM_xdhD_predicted,0.3333333333333333,2,2,CTAGGCTTCACTCACCAGAG,0,4863899
ygfM_xdhD_predicted,0.3333333333333333,2,2,CTAGCGACCAAGTCCTAGTA,0,4877893
ygfM_xdhD_predicted,0.3333333333333333,2,2,CTACTGGGGAGATGGAAAGG,0,4874336
ygfM_xdhD_predicted,0.3333333333333333,2,2,CTACTGGATGCAAGCTGGCT,0,4891904
ygfM_xdhD_predicted,0.3333333333333333,2,2,CTACTCCAATGGACTGCAAG,0,4888245
ygfM_xdhD_predicted,0.3333333333333333,2,2,CTACGACCCTTCTTGAATGA,0,4893452
ygfM_xdhD_predicted,0.3333333333333333,2,2,CTACCGTATATGCGTTGCTG,0,4888015
ygfM_xdhD_predicted,0.3333333333333333,2,2,CTACCGGCTGCGCCCTCTTG,0,4895892
ygfM_xdhD_predicted,0.3333333333333333,2,2,CTAATCCGTCTCTCTTCTAT,0,4876983
ygfM_xdhD_predicted,0.3333333333333333,2,2,CTAAGCAAGGCGTCAATCGC,0,4888174
ygfM_xdhD_predicted,0.3333333333333333,2,2,CTAACACTTAGCGGAAAGGC,0,4899003
ygfM_xdhD_predicted,0.3333333333333333,2,2,CGTTTGTTATCTCAAAAATT,0,4894213
ygfM_xdhD_predicted,0.3333333333333333,2,2,CGTTTGAGAGGGTTAAGCTC,0,4877949
ygfM_xdhD_predicted,0.3333333333333333,2,2,CGTTTCATACATACAACCTC,0,4871400
ygfM_xdhD_predicted,0.3333333333333333,2,2,CGTTGGCCATCATGCGGCCC,0,4867144
ygfM_xdhD_predicted,0.3333333333333333,2,2,CGTTGCCCAAATGCGACGAT,0,4864627
ygfM_xdhD_predicted,0.3333333333333333,2,2,CGTTGCAGCGGAGCCCGTGG,0,4874133
ygfM_xdhD_predicted,0.3333333333333333,2,2,CGTTGCACCCCTGGCAACCA,0,4875734
ygfM_xdhD_predicted,0.3333333333333333,2,2,CGTTATGTTTGCCCAAAGAC,0,4882704
ygfM_xdhD_predicted,0.3333333333333333,2,2,CGTTAGGGAACCTCATCGAC,0,4878916
ygfM_xdhD_predicted,0.3333333333333333,2,2,CGTGCTGACGTGCGAAGGAA,0,4882513
ygfM_xdhD_predicted,0.3333333333333333,2,2,CGTGCTAATCTGGGAACCCT,0,4864391
ygfM_xdhD_predicted,0.3333333333333333,2,2,CGTGCATTTGCACGTCGGTC,0,4879272
ygfM_xdhD_predicted,0.3333333333333333,2,2,CGTGCACGCATCACAATTGC,0,4871820
ygfM_xdhD_predicted,0.3333333333333333,2,2,CGTGAGCTGTGTCGATTGGC,0,4878876
ygfM_xdhD_predicted,0.3333333333333333,2,2,CGTGACTTCTACCTACTCGT,0,4892532
ygfM_xdhD_predicted,0.3333333333333333,2,2,CGTGAAGCAACGTTTTGAAT,0,4894305
ygfM_xdhD_predicted,0.3333333333333333,2,2,CGTCTTGATCACTTGTATTG,0,4879257
ygfM_xdhD_predicted,0.3333333333333333,2,2,CGTCTAAGAACGCGCCACCT,0,4870407
ygfM_xdhD_predicted,0.3333333333333333,2,2,CGTCGCACCGGCGTGAGTAA,0,4889764
ygfM_xdhD_predicted,0.3333333333333333,2,2,CGTCAGACCAGTATACCACT,0,4865158
ygfM_xdhD_predicted,0.3333333333333333,2,2,CGTCAGAACAGGCCTAAAGG,0,4884382
ygfM_xdhD_predicted,0.3333333333333333,2,2,CGTATGCAGAAACCCAACTA,0,4874839
ygfM_xdhD_predicted,0.3333333333333333,2,2,CGTATCGTTAAACCGCATGG,0,4893894
ygfM_xdhD_predicted,0.3333333333333333,2,2,CGTAGATCGACTCCTATGCC,0,4873787
ygfM_xdhD_predicted,0.3333333333333333,2,2,CGTACGATCCATGTGCCGTG,0,4896297
ygfM_xdhD_predicted,0.3333333333333333,2,2,CGTAACTTGCACTCGCGGGG,0,4884285
ygfM_xdhD_predicted,0.3333333333333333,2,2,CGGTGAACTACTCATGATTA,0,4880688
ygfM_xdhD_predicted,0.3333333333333333,2,2,CGGTCGTACCGAACAACCAT,0,4868287
ygfM_xdhD_predicted,0.3333333333333333,2,2,CGGGTAACTGACCATGCGGA,0,4867729
ygfM_xdhD_predicted,0.3333333333333333,2,2,CGGGGTGGAGGCGGGAGATC,0,4869847
ygfM_xdhD_predicted,0.3333333333333333,2,2,CGGGGGCAGCCTTACGGCTT,0,4870446
ygfM_xdhD_predicted,0.3333333333333333,2,2,CGGCTTAATGCTCAATTAAT,0,4867479
ygfM_xdhD_predicted,0.3333333333333333,2,2,CGGATTTTAACGCGCACCTA,0,4875375
ygfM_xdhD_predicted,0.3333333333333333,2,2,CGGATCTTGGAGTACTGAGG,0,4882606
ygfM_xdhD_predicted,0.3333333333333333,2,2,CGGATAACTTCAAAGGCGTA,0,4875085
ygfM_xdhD_predicted,0.3333333333333333,2,2,CGGAGTCAGCATCGCCTGGA,0,4877904
ygfM_xdhD_predicted,0.3333333333333333,2,2,CGGAGCCATGATGCACAAAT,0,4866409
ygfM_xdhD_predicted,0.3333333333333333,2,2,CGGACGAAGTACTGTCGTAT,0,4878073
ygfM_xdhD_predicted,0.3333333333333333,2,2,CGGAATTGATATATTTGGGG,0,4890719
ygfM_xdhD_predicted,0.3333333333333333,2,2,CGGAAGGTCTTTCTACGTAC,0,4880498
ygfM_xdhD_predicted,0.3333333333333333,2,2,CGGAAGCCTAATCTGGAATA,0,4892843
ygfM_xdhD_predicted,0.3333333333333333,2,2,CGGAACGTTACGCGGAATAT,0,4864013
ygfM_xdhD_predicted,0.3333333333333333,2,2,CGCTTTGTGAAAGACGAGGT,0,4871891
ygfM_xdhD_predicted,0.3333333333333333,2,2,CGCTTTGATAAATAAACTCT,0,4869210
ygfM_xdhD_predicted,0.3333333333333333,2,2,CGCTGGGGGCAGCCGTCAAC,0,4875324
ygfM_xdhD_predicted,0.3333333333333333,2,2,CGCTACCGATGGATGTTATT,0,4878631
ygfM_xdhD_predicted,0.3333333333333333,2,2,CGCGTCACAGAGTGGGCGAA,0,4882308
ygfM_xdhD_predicted,0.3333333333333333,2,2,CGCGGTCGTTGTATGACACC,0,4883756
ygfM_xdhD_predicted,0.3333333333333333,2,2,CGCGCGATTTTGTGATCAAT,0,4880266
ygfM_xdhD_predicted,0.3333333333333333,2,2,CGCGACCTGCATTGGCAGGG,0,4873462
ygfM_xdhD_predicted,0.3333333333333333,2,2,CGCCTTCGGAGAAGTGAAGA,0,4877758
ygfM_xdhD_predicted,0.3333333333333333,2,2,CGCCGCACGGACGTTTCGCA,0,4879943
ygfM_xdhD_predicted,0.3333333333333333,2,2,CGCCAGACGCGGTTTAAAAG,0,4873702
ygfM_xdhD_predicted,0.3333333333333333,2,2,CGCCACTCGGAGACCGATAT,0,4869864
ygfM_xdhD_predicted,0.3333333333333333,2,2,CGCCAATGCTGTGGTTATGC,0,4895935
ygfM_xdhD_predicted,0.3333333333333333,2,2,CGCATACACTGGTCCCCCAC,0,4893063
ygfM_xdhD_predicted,0.3333333333333333,2,2,CGCAGAGTTAGGTTTTTGGT,0,4897142
ygfM_xdhD_predicted,0.3333333333333333,2,2,CGCACCCTTCCTGGCGTTTG,0,4876510
ygfM_xdhD_predicted,0.3333333333333333,2,2,CGCAATGTGGATGATCAACC,0,4868679
ygfM_xdhD_predicted,0.3333333333333333,2,2,CGATGACGGTGCATAGAAGC,0,4893240
ygfM_xdhD_predicted,0.3333333333333333,2,2,CGATCCTATATTTATACACC,0,4879659
ygfM_xdhD_predicted,0.3333333333333333,2,2,CGATCCGGGGACCCAAATCG,0,4878966
ygfM_xdhD_predicted,0.3333333333333333,2,2,CGAGGTTACAAGCGCGGAGT,0,4872483
ygfM_xdhD_predicted,0.3333333333333333,2,2,CGAGAGCGTCTATCGGACCG,0,4891947
ygfM_xdhD_predicted,0.3333333333333333,2,2,CGAGACGGTAGCCAGATGTT,0,4868131
ygfM_xdhD_predicted,0.3333333333333333,2,2,CGACTGTACCATCCGCTGTA,0,4866246
ygfM_xdhD_predicted,0.3333333333333333,2,2,CGACATCCCCGATAAACGTC,0,4895304
ygfM_xdhD_predicted,0.3333333333333333,2,2,CGAACTCCGTACGGACCTTA,0,4869126
ygfM_xdhD_predicted,0.3333333333333333,2,2,CGAAACAACCTGAGCCTTAC,0,4891154
ygfM_xdhD_predicted,0.3333333333333333,2,2,CCTTTGAGTCACCACGCCGA,0,4876881
ygfM_xdhD_predicted,0.3333333333333333,2,2,CCTGTCGTCTGGAACCTGGA,0,4874841
ygfM_xdhD_predicted,0.3333333333333333,2,2,CCTCTGGCTGTTTGCGGACC,0,4886200
ygfM_xdhD_predicted,0.3333333333333333,2,2,CCTCTCGCACTCTGTCAATA,0,4891362
ygfM_xdhD_predicted,0.3333333333333333,2,2,CCTCGTGTGCCGGACTAGGG,0,4865600
ygfM_xdhD_predicted,0.3333333333333333,2,2,CCTCGAGTTCACATGCGTTT,0,4874160
ygfM_xdhD_predicted,0.3333333333333333,2,2,CCTATAACTGCAAGTAAGGC,0,4869703
ygfM_xdhD_predicted,0.3333333333333333,2,2,CCTAGGTATGCTGTGTTGAC,0,4871617
ygfM_xdhD_predicted,0.3333333333333333,2,2,CCTAGCTAGTGGACTGGGAG,0,4892901
ygfM_xdhD_predicted,0.3333333333333333,2,2,CCTAATTTCGTATGGGCAGG,0,4865897
ygfM_xdhD_predicted,0.3333333333333333,2,2,CCTAAGGCATCTTGTTTCAC,0,4888659
ygfM_xdhD_predicted,0.3333333333333333,2,2,CCGTTTCGCTGTACTACAGA,0,4878937
ygfM_xdhD_predicted,0.3333333333333333,2,2,CCGTTGCGCCGGGGTCGGAG,0,4876103
ygfM_xdhD_predicted,0.3333333333333333,2,2,CCGTTCATGCATATAGTCCT,0,4866088
ygfM_xdhD_predicted,0.3333333333333333,2,2,CCGTGAGTAGAACTCTTTTT,0,4884679
ygfM_xdhD_predicted,0.3333333333333333,2,2,CCGTCCGGATTCCCCCGTTT,0,4866892
ygfM_xdhD_predicted,0.3333333333333333,2,2,CCGTCCGCGAGCGATATATA,0,4866660
ygfM_xdhD_predicted,0.3333333333333333,2,2,CCGTAACCGAGGGGTGATGT,0,4887719
ygfM_xdhD_predicted,0.3333333333333333,2,2,CCGGTTCTTTGGACCCATTG,0,4897571
ygfM_xdhD_predicted,0.3333333333333333,2,2,CCGGCAGAGTGTCCACCCGT,0,4889599
ygfM_xdhD_predicted,0.3333333333333333,2,2,CCGGAAGTTCATAACACAAA,0,4883385
ygfM_xdhD_predicted,0.3333333333333333,2,2,CCGCTGTGAGCCTTACCCAT,0,4870173
ygfM_xdhD_predicted,0.3333333333333333,2,2,CCGCGCTGGAAGCGGACAAA,0,4880631
ygfM_xdhD_predicted,0.3333333333333333,2,2,CCGCATCCAGATAACTGACA,0,4898118
ygfM_xdhD_predicted,0.3333333333333333,2,2,CCGATTCTTCACCCCCCTCA,0,4880653
ygfM_xdhD_predicted,0.3333333333333333,2,2,CCGATTCTCTCGTGTTACGA,0,4877658
ygfM_xdhD_predicted,0.3333333333333333,2,2,CCGAGGTCGATTCGCGCGGT,0,4864744
ygfM_xdhD_predicted,0.3333333333333333,2,2,CCGAGGGGCAGCTTAGGCTC,0,4890747
ygfM_xdhD_predicted,0.3333333333333333,2,2,CCGACAGGTTCTGGCATGAT,0,4874403
ygfM_xdhD_predicted,0.3333333333333333,2,2,CCGAAACGAAGTTCATCTAA,0,4886677
ygfM_xdhD_predicted,0.3333333333333333,2,2,CCCTGTGGGCGCAGCCCTAA,0,4888093
ygfM_xdhD_predicted,0.3333333333333333,2,2,CCCTGGGCCGATGCATAGCT,0,4893949
ygfM_xdhD_predicted,0.3333333333333333,2,2,CCCTAGGGCCGGCGCAACGC,0,4887466
ygfM_xdhD_predicted,0.3333333333333333,2,2,CCCTAACCTGCGACTGGGGG,0,4876385
ygfM_xdhD_predicted,0.3333333333333333,2,2,CCCGTGTGCAGCGAACGGGG,0,4896451
ygfM_xdhD_predicted,0.3333333333333333,2,2,CCCGGTACTTGGGTCGTACC,0,4899176
ygfM_xdhD_predicted,0.3333333333333333,2,2,CCCGCCCCCCCCATTTTACT,0,4895752
ygfM_xdhD_predicted,0.3333333333333333,2,2,CCCGAATGTACATCTATCGA,0,4866097
ygfM_xdhD_predicted,0.3333333333333333,2,2,CCCGAACACGGGCTAAGCAC,0,4877144
ygfM_xdhD_predicted,0.3333333333333333,2,2,CCCCGGTTAACAATCAACTT,0,4885571
ygfM_xdhD_predicted,0.3333333333333333,2,2,CCCCCGTGTTTTGCTCGTTA,0,4893847
ygfM_xdhD_predicted,0.3333333333333333,2,2,CCCATCAAATGTCCAAGTGA,0,4880563
ygfM_xdhD_predicted,0.3333333333333333,2,2,CCCAGACGAAAAGAACTTAG,0,4885743
ygfM_xdhD_predicted,0.3333333333333333,2,2,CCCAATAGTATAAGGCGGGA,0,4879541
ygfM_xdhD_predicted,0.3333333333333333,2,2,CCATAGTAAGGGGGATTTCA,0,4878702
ygfM_xdhD_predicted,0.3333333333333333,2,2,CCATACTTCGTATCCGGCAT,0,4884542
ygfM_xdhD_predicted,0.3333333333333333,2,2,CCAGTTGTGTGTGAACTTAA,0,4867938
ygfM_xdhD_predicted,0.3333333333333333,2,2,CCAGTATCTATCTTTGGTTA,0,4898104
ygfM_xdhD_predicted,0.3333333333333333,2,2,CCAGTAAATGGCTTGAAGAC,0,4869616
ygfM_xdhD_predicted,0.3333333333333333,2,2,CCAGGTTCTGTACATGTCCA,0,4868229
ygfM_xdhD_predicted,0.3333333333333333,2,2,CCAGGGTAGACACCGTGGTA,0,4884676
ygfM_xdhD_predicted,0.3333333333333333,2,2,CCAGGAAAAAGTATGATTTG,0,4866682
ygfM_xdhD_predicted,0.3333333333333333,2,2,CCAGCATCTATACTCACGTT,0,4886595
ygfM_xdhD_predicted,0.3333333333333333,2,2,CCAGAGGTCCCTTCCAGATT,0,4879120
ygfM_xdhD_predicted,0.3333333333333333,2,2,CCACTGATGGACATACAGTG,0,4864550
ygfM_xdhD_predicted,0.3333333333333333,2,2,CCACAAATTCAGGCTGTTAT,0,4864040
ygfM_xdhD_predicted,0.3333333333333333,2,2,CCAATTGCGTCACAGCAATA,0,4878898
ygfM_xdhD_predicted,0.3333333333333333,2,2,CCAATCCACATCGGTTATAT,0,4880877
ygfM_xdhD_predicted,0.3333333333333333,2,2,CCAAGGGTCCGGAAGCGTCT,0,4899664
ygfM_xdhD_predicted,0.3333333333333333,2,2,CCAAGACGTTGTAACTGAAG,0,4877353
ygfM_xdhD_predicted,0.3333333333333333,2,2,CATTTTCATATAGTGGAAAT,0,4866757
ygfM_xdhD_predicted,0.3333333333333333,2,2,CATTTGTCAAAAGGCCAAGC,0,4873564
ygfM_xdhD_predicted,0.3333333333333333,2,2,CATTTGGTGCTATATTGCTC,0,4877323
ygfM_xdhD_predicted,0.3333333333333333,2,2,CATTTCTAATTTTCGAATCC,0,4896543
ygfM_xdhD_predicted,0.3333333333333333,2,2,CATTGCTCACCCTGGCCGAT,0,4878762
ygfM_xdhD_predicted,0.3333333333333333,2,2,CATTCGCGCGCGCTTTGACA,0,4893174
ygfM_xdhD_predicted,0.3333333333333333,2,2,CATTCCTGTGGAAGCGACTA,0,4889682
ygfM_xdhD_predicted,0.3333333333333333,2,2,CATTATCCCAGACCGGGCAT,0,4891741
ygfM_xdhD_predicted,0.3333333333333333,2,2,CATTAAGAGGGCACCACCTT,0,4866763
ygfM_xdhD_predicted,0.3333333333333333,2,2,CATGATTGTCCAGTTGTCAT,0,4881643
ygfM_xdhD_predicted,0.3333333333333333,2,2,CATCTGCTGCTCTCTTGAGG,0,4865577
ygfM_xdhD_predicted,0.3333333333333333,2,2,CATCGGTTGTTAGGTGAGAA,0,4882533
ygfM_xdhD_predicted,0.3333333333333333,2,2,CATCGCTAGTAGTCATACCA,0,4897262
ygfM_xdhD_predicted,0.3333333333333333,2,2,CATCCGAGGGCGAGTGAAGT,0,4890142
ygfM_xdhD_predicted,0.3333333333333333,2,2,CATCCCTTAGGTACGTTCAC,0,4868807
ygfM_xdhD_predicted,0.3333333333333333,2,2,CATCCAAATCAGCGTCAAAG,0,4882766
ygfM_xdhD_predicted,0.3333333333333333,2,2,CATCAGGTTCCACTGCCCGA,0,4885976
ygfM_xdhD_predicted,0.3333333333333333,2,2,CATATTTATTCCCTTCTGTT,0,4864858
ygfM_xdhD_predicted,0.3333333333333333,2,2,CATATAGTTATAAAGTGCTG,0,4876342
ygfM_xdhD_predicted,0.3333333333333333,2,2,CATAAATCCTACCGGGCCCA,0,4875805
ygfM_xdhD_predicted,0.3333333333333333,2,2,CAGTCTTCGAATTCTAAAAG,0,4894450
ygfM_xdhD_predicted,0.3333333333333333,2,2,CAGTCCCAGATAACTTCGGG,0,4884815
ygfM_xdhD_predicted,0.3333333333333333,2,2,CAGTATTGAAAGAAAACTGT,0,4891035
ygfM_xdhD_predicted,0.3333333333333333,2,2,CAGTATGGTTCTTACCAGAT,0,4866064
ygfM_xdhD_predicted,0.3333333333333333,2,2,CAGTAGTAAAAGCACCCGAG,0,4886011
ygfM_xdhD_predicted,0.3333333333333333,2,2,CAGGCGGTCTGGTATCATAG,0,4867051
ygfM_xdhD_predicted,0.3333333333333333,2,2,CAGGCCATGGGAGCGGTTGG,0,4872765
ygfM_xdhD_predicted,0.3333333333333333,2,2,CAGGAGAATGCTTTAGGCGC,0,4871815
ygfM_xdhD_predicted,0.3333333333333333,2,2,CAGCTTTAACTATTTTCGGC,0,4894455
ygfM_xdhD_predicted,0.3333333333333333,2,2,CAGCGCATAGGTACAACAGC,0,4873917
ygfM_xdhD_predicted,0.3333333333333333,2,2,CAGCGATCTGTTCCGCCATA,0,4888836
ygfM_xdhD_predicted,0.3333333333333333,2,2,CAGATTCGATGTGTACTATG,0,4889727
ygfM_xdhD_predicted,0.3333333333333333,2,2,CAGACGCTTTGATAGAGATT,0,4870524
ygfM_xdhD_predicted,0.3333333333333333,2,2,CAGACCATAGCACTAGACTG,0,4867538
ygfM_xdhD_predicted,0.3333333333333333,2,2,CAGACAGGCCATGGCCGGCG,0,4882059
ygfM_xdhD_predicted,0.3333333333333333,2,2,CACTGTGCGAAGCTGGCCCT,0,4884044
ygfM_xdhD_predicted,0.3333333333333333,2,2,CACTGAGGTTCACATCATTT,0,4891354
ygfM_xdhD_predicted,0.3333333333333333,2,2,CACTATTGGCCCTCTCTAAT,0,4896115
ygfM_xdhD_predicted,0.3333333333333333,2,2,CACTATCAGCTTCTCCACCC,0,4864021
ygfM_xdhD_predicted,0.3333333333333333,2,2,CACGTAAGCTGTTTGCAGCC,0,4894375
ygfM_xdhD_predicted,0.3333333333333333,2,2,CACGGGGGACAATATGCTGG,0,4868630
ygfM_xdhD_predicted,0.3333333333333333,2,2,CACGGCCCGACGCTCCTCTC,0,4889887
ygfM_xdhD_predicted,0.3333333333333333,2,2,CACCAGATCGATCCAGCTAA,0,4882944
ygfM_xdhD_predicted,0.3333333333333333,2,2,CACCACTTAACCCTGGGGGA,0,4885820
ygfM_xdhD_predicted,0.3333333333333333,2,2,CACATTAGTGGCGCCTGTCC,0,4876790
ygfM_xdhD_predicted,0.3333333333333333,2,2,CACACTCTATGGCGGAGTTA,0,4877937
ygfM_xdhD_predicted,0.3333333333333333,2,2,CAATGTTCGTGCTTCGCAGG,0,4893633
ygfM_xdhD_predicted,0.3333333333333333,2,2,CAATCTGCAGAAAGTATAAG,0,4876895
ygfM_xdhD_predicted,0.3333333333333333,2,2,CAATATCGTGCTTAATAGTA,0,4892406
ygfM_xdhD_predicted,0.3333333333333333,2,2,CAAGCAATGGCTTTACGTGC,0,4874448
ygfM_xdhD_predicted,0.3333333333333333,2,2,CAAGACGGGTTTTTAAAACT,0,4873480
ygfM_xdhD_predicted,0.3333333333333333,2,2,CAACTGAGTTGCATACAAGT,0,4864227
ygfM_xdhD_predicted,0.3333333333333333,2,2,CAAATAGTGCAACGCCCACT,0,4873981
ygfM_xdhD_predicted,0.3333333333333333,2,2,CAAAGAATTCGCCTCATTTA,0,4870121
ygfM_xdhD_predicted,0.3333333333333333,2,2,CAAACGGGTCCCTGGGGTAA,0,4888062
ygfM_xdhD_predicted,0.3333333333333333,2,2,ATTTTGTCGCATGAACTAAC,0,4877058
ygfM_xdhD_predicted,0.3333333333333333,2,2,ATTTTGGCTCATTGGTTTGT,0,4887008
ygfM_xdhD_predicted,0.3333333333333333,2,2,ATTTGAACTTGATCATGTAT,0,4898071
ygfM_xdhD_predicted,0.3333333333333333,2,2,ATTTAGTCCGCTTACGGTGC,0,4898054
ygfM_xdhD_predicted,0.3333333333333333,2,2,ATTGTGGTGACGGAATCAAC,0,4878025
ygfM_xdhD_predicted,0.3333333333333333,2,2,ATTGTAGACGTTCTGAGTTC,0,4876718
ygfM_xdhD_predicted,0.3333333333333333,2,2,ATTGGGACGCAGCTTATCGA,0,4886475
ygfM_xdhD_predicted,0.3333333333333333,2,2,ATTGCCGGTCAGTTAAGATG,0,4871300
ygfM_xdhD_predicted,0.3333333333333333,2,2,ATTGCCGGGCTTAACGTCAA,0,4867100
ygfM_xdhD_predicted,0.3333333333333333,2,2,ATTGCCAAATGAAATCAAAT,0,4899502
ygfM_xdhD_predicted,0.3333333333333333,2,2,ATTGATATGCCCTCTCGATG,0,4877520
ygfM_xdhD_predicted,0.3333333333333333,2,2,ATTCGCTTCGTACTGTTTTT,0,4887076
ygfM_xdhD_predicted,0.3333333333333333,2,2,ATTCCGCGCCAGTGCTGGGT,0,4893732
ygfM_xdhD_predicted,0.3333333333333333,2,2,ATTCCGCCCCTGTTCTTCGG,0,4873675
ygfM_xdhD_predicted,0.3333333333333333,2,2,ATTCCCTGTGGCCAGCCCAT,0,4872024
ygfM_xdhD_predicted,0.3333333333333333,2,2,ATTCATATATCTGCGGGGAT,0,4877414
ygfM_xdhD_predicted,0.3333333333333333,2,2,ATTCAGCCGTTCATAATGAG,0,4871052
ygfM_xdhD_predicted,0.3333333333333333,2,2,ATTATTAAGACTGATTGATA,0,4880437
ygfM_xdhD_predicted,0.3333333333333333,2,2,ATTATGTGCGGCAAGTATAC,0,4893728
ygfM_xdhD_predicted,0.3333333333333333,2,2,ATTAGGGGTTGGCTTTTACG,0,4870540
ygfM_xdhD_predicted,0.3333333333333333,2,2,ATTACATTGTACCAGGACTT,0,4892374
ygfM_xdhD_predicted,0.3333333333333333,2,2,ATTAATAACGGGGGAGTACT,0,4886534
ygfM_xdhD_predicted,0.3333333333333333,2,2,ATTAACTACAAGATTCGTTT,0,4886315
ygfM_xdhD_predicted,0.3333333333333333,2,2,ATGTCTTTCCGGTATGTGGA,0,4892779
ygfM_xdhD_predicted,0.3333333333333333,2,2,ATGGTTGCCCTCGACAGTTC,0,4871178
ygfM_xdhD_predicted,0.3333333333333333,2,2,ATGGGCTGGGCTAACGGCTA,0,4874015
ygfM_xdhD_predicted,0.3333333333333333,2,2,ATGGGAGATGGTAAGACGAG,0,4898047
ygfM_xdhD_predicted,0.3333333333333333,2,2,ATGGCAACTTAAGGGTCTAG,0,4888285
ygfM_xdhD_predicted,0.3333333333333333,2,2,ATGGAACATGATTCAACTTC,0,4891925
ygfM_xdhD_predicted,0.3333333333333333,2,2,ATGGAAAATGTCCCTAGTGG,0,4898466
ygfM_xdhD_predicted,0.3333333333333333,2,2,ATGCTTTCACGGTCGTAAAA,0,4882090
ygfM_xdhD_predicted,0.3333333333333333,2,2,ATGCGAGGGGTACCTGAGAA,0,4881382
ygfM_xdhD_predicted,0.3333333333333333,2,2,ATGCCCTCCCAGGGATAGTG,0,4897851
ygfM_xdhD_predicted,0.3333333333333333,2,2,ATGCCCCGGTTTTTTAACTT,0,4869408
ygfM_xdhD_predicted,0.3333333333333333,2,2,ATGCATATAAGGGGTGTGGA,0,4893557
ygfM_xdhD_predicted,0.3333333333333333,2,2,ATGATTATAGTAAATCGGGT,0,4867395
ygfM_xdhD_predicted,0.3333333333333333,2,2,ATGATGGGGCGTAACGGACT,0,4893530
ygfM_xdhD_predicted,0.3333333333333333,2,2,ATGATGGACGTGGATAACTC,0,4888184
ygfM_xdhD_predicted,0.3333333333333333,2,2,ATGAGGGAATTACACGCCCC,0,4890805
ygfM_xdhD_predicted,0.3333333333333333,2,2,ATGAGCTTGAGAAATATTCC,0,4870578
ygfM_xdhD_predicted,0.3333333333333333,2,2,ATGACGGCGGGATCGGCTCT,0,4892687
ygfM_xdhD_predicted,0.3333333333333333,2,2,ATGAAGGACTTTGGGCGGTC,0,4874776
ygfM_xdhD_predicted,0.3333333333333333,2,2,ATGAAGCATCGTCTGTGACA,0,4886457
ygfM_xdhD_predicted,0.3333333333333333,2,2,ATCTTTTAATCGGCACGGAG,0,4864606
ygfM_xdhD_predicted,0.3333333333333333,2,2,ATCTTGCCAGCTTCAACAGG,0,4869853
ygfM_xdhD_predicted,0.3333333333333333,2,2,ATCTTCACGCTCACTACTAT,0,4875949
ygfM_xdhD_predicted,0.3333333333333333,2,2,ATCTGACCCCCGGGCTCATC,0,4864139
ygfM_xdhD_predicted,0.3333333333333333,2,2,ATCGTTATCCCGGTGTGATG,0,4893678
ygfM_xdhD_predicted,0.3333333333333333,2,2,ATCGGCTATAAGTATAAGAC,0,4872448
ygfM_xdhD_predicted,0.3333333333333333,2,2,ATCGCGCCTCATAAATTCCT,0,4872913
ygfM_xdhD_predicted,0.3333333333333333,2,2,ATCGCCTGTGTATATTTCCC,0,4887933
ygfM_xdhD_predicted,0.3333333333333333,2,2,ATCGCCGTATCCCAGGCCAT,0,4868137
ygfM_xdhD_predicted,0.3333333333333333,2,2,ATCCTGAGGGCCTCGATGGG,0,4887950
ygfM_xdhD_predicted,0.3333333333333333,2,2,ATCCGCAATTGAATATAAAA,0,4891545
ygfM_xdhD_predicted,0.3333333333333333,2,2,ATCCCGACTGCCACAGCGGG,0,4878809
ygfM_xdhD_predicted,0.3333333333333333,2,2,ATCCCATTTGGGGCGCCCCT,0,4897663
ygfM_xdhD_predicted,0.3333333333333333,2,2,ATCCAGCTCACGACTACGGC,0,4886906
ygfM_xdhD_predicted,0.3333333333333333,2,2,ATCATTCGGGGGCGAGTCTT,0,4893083
ygfM_xdhD_predicted,0.3333333333333333,2,2,ATCATGGGCGAATCTGTATG,0,4893874
ygfM_xdhD_predicted,0.3333333333333333,2,2,ATCATCATTTTTGATCAGTG,0,4881295
ygfM_xdhD_predicted,0.3333333333333333,2,2,ATCAGTGGGCCATTGCCAAG,0,4869676
ygfM_xdhD_predicted,0.3333333333333333,2,2,ATCAATTTCACGATATATAT,0,4866256
ygfM_xdhD_predicted,0.3333333333333333,2,2,ATATCGGGACCACAATTGTC,0,4894953
ygfM_xdhD_predicted,0.3333333333333333,2,2,ATATAGTTGCTGCCAAACAC,0,4897240
ygfM_xdhD_predicted,0.3333333333333333,2,2,ATAGCGCTCATAGGGCACTT,0,4889999
ygfM_xdhD_predicted,0.3333333333333333,2,2,ATAGACAGTGTGCAATGAGG,0,4866867
ygfM_xdhD_predicted,0.3333333333333333,2,2,ATAAGGCGGTTGAAATCTTA,0,4890169
ygfM_xdhD_predicted,0.3333333333333333,2,2,ATAAACGACATCCACGACAA,0,4899008
ygfM_xdhD_predicted,0.3333333333333333,2,2,AGTTTTCCTTCAGCCGTAGA,0,4890986
ygfM_xdhD_predicted,0.3333333333333333,2,2,AGTTTGAGTAGGTCGGCCTC,0,4895771
ygfM_xdhD_predicted,0.3333333333333333,2,2,AGTTCTGAGTGCACTCCATC,0,4869384
ygfM_xdhD_predicted,0.3333333333333333,2,2,AGTGTTTTTGTCAGGGGGAT,0,4884756
ygfM_xdhD_predicted,0.3333333333333333,2,2,AGTGGTCGGGGTTGAGCCAG,0,4883997
ygfM_xdhD_predicted,0.3333333333333333,2,2,AGTGACCAGACGAGACATAC,0,4892606
ygfM_xdhD_predicted,0.3333333333333333,2,2,AGTCTCAAGAGGATCGGGTT,0,4875647
ygfM_xdhD_predicted,0.3333333333333333,2,2,AGTCTAGCGAATTGTGGGGC,0,4864321
ygfM_xdhD_predicted,0.3333333333333333,2,2,AGTCGCCTTAGGCCACAGAT,0,4885008
ygfM_xdhD_predicted,0.3333333333333333,2,2,AGTCCTATACAGTGACCTTA,0,4869096
ygfM_xdhD_predicted,0.3333333333333333,2,2,AGTCCGTGAGCGGCATCGGC,0,4877202
ygfM_xdhD_predicted,0.3333333333333333,2,2,AGTCCGTAGCCGCGACCCAT,0,4899026
ygfM_xdhD_predicted,0.3333333333333333,2,2,AGTCATTCACTAAGTGCTGT,0,4885130
ygfM_xdhD_predicted,0.3333333333333333,2,2,AGTATCGGGTCGGGGAATTC,0,4879334
ygfM_xdhD_predicted,0.3333333333333333,2,2,AGTAGAATCTACGAAACGGG,0,4869578
ygfM_xdhD_predicted,0.3333333333333333,2,2,AGTACAGTCAGGTGGTATCG,0,4894130
ygfM_xdhD_predicted,0.3333333333333333,2,2,AGTAATTATGGCTCACACTG,0,4867054
ygfM_xdhD_predicted,0.3333333333333333,2,2,AGGTTGGTGGAGTACTTGAG,0,4864107
ygfM_xdhD_predicted,0.3333333333333333,2,2,AGGTGGCATAGTGCAATGTA,0,4895758
ygfM_xdhD_predicted,0.3333333333333333,2,2,AGGTGCTGTGACCTGCCGCC,0,4877443
ygfM_xdhD_predicted,0.3333333333333333,2,2,AGGTGCGCTTTTGACACCGT,0,4875757
ygfM_xdhD_predicted,0.3333333333333333,2,2,AGGTGCCTGGGCGGTTCCTG,0,4879586
ygfM_xdhD_predicted,0.3333333333333333,2,2,AGGTCCGATAGACCCTGTGA,0,4875449
ygfM_xdhD_predicted,0.3333333333333333,2,2,AGGTCATAGCACGCATAGGT,0,4881332
ygfM_xdhD_predicted,0.3333333333333333,2,2,AGGTCACTCGCTAGTCTTTC,0,4866847
ygfM_xdhD_predicted,0.3333333333333333,2,2,AGGGTACTAGCCCAGTCTAT,0,4866082
ygfM_xdhD_predicted,0.3333333333333333,2,2,AGGGTACGAGTTGTGCACAC,0,4876283
ygfM_xdhD_predicted,0.3333333333333333,2,2,AGGGCGCAACGTGGCTTTAA,0,4877428
ygfM_xdhD_predicted,0.3333333333333333,2,2,AGGGCCTGCGCGCAAGTTGA,0,4875709
ygfM_xdhD_predicted,0.3333333333333333,2,2,AGGGCAGTTGAAACGAGGCA,0,4875442
ygfM_xdhD_predicted,0.3333333333333333,2,2,AGGGCAGTCCGGTTTTTCTG,0,4877293
ygfM_xdhD_predicted,0.3333333333333333,2,2,AGGGCAAGGTCTAACTATCC,0,4884905
ygfM_xdhD_predicted,0.3333333333333333,2,2,AGGGATGTATATCCACCACG,0,4889913
ygfM_xdhD_predicted,0.3333333333333333,2,2,AGGCTGGTCTAATGAGTTAT,0,4871977
ygfM_xdhD_predicted,0.3333333333333333,2,2,AGGCTGGGGATGCTCCGTGG,0,4898404
ygfM_xdhD_predicted,0.3333333333333333,2,2,AGGCGTAATCGGAAATACAG,0,4865860
ygfM_xdhD_predicted,0.3333333333333333,2,2,AGGCGACGTGGGTTAGCAAC,0,4889055
ygfM_xdhD_predicted,0.3333333333333333,2,2,AGGCCGGTGTCACAAAGTCA,0,4864963
ygfM_xdhD_predicted,0.3333333333333333,2,2,AGGCCGCGAAATAGCAGACT,0,4886178
ygfM_xdhD_predicted,0.3333333333333333,2,2,AGGCCCGCCGCGTTTACTGT,0,4880259
ygfM_xdhD_predicted,0.3333333333333333,2,2,AGGCACAAACCGCTCACTGC,0,4881941
ygfM_xdhD_predicted,0.3333333333333333,2,2,AGGATATAAGGAGGACTTTA,0,4896193
ygfM_xdhD_predicted,0.3333333333333333,2,2,AGGACTTCCTCGAGGATGAC,0,4877114
ygfM_xdhD_predicted,0.3333333333333333,2,2,AGGACCCCCACTGGAGCCTA,0,4887924
ygfM_xdhD_predicted,0.3333333333333333,2,2,AGGACATCTGGTCGGCTGAG,0,4897309
ygfM_xdhD_predicted,0.3333333333333333,2,2,AGGAACGGGGCGGTAGGCCA,0,4884962
ygfM_xdhD_predicted,0.3333333333333333,2,2,AGGAAACGTCAAACTACGGT,0,4876003
ygfM_xdhD_predicted,0.3333333333333333,2,2,AGCTGCCGCGCATCACCTTG,0,4881039
ygfM_xdhD_predicted,0.3333333333333333,2,2,AGCTCCGTTTGCAATACAAT,0,4867261
ygfM_xdhD_predicted,0.3333333333333333,2,2,AGCTACGGGTTGTCTATACG,0,4867290
ygfM_xdhD_predicted,0.3333333333333333,2,2,AGCGTGGTTCACATCGGGGC,0,4893713
ygfM_xdhD_predicted,0.3333333333333333,2,2,AGCGAGCATCCCATTTGTCT,0,4874649
ygfM_xdhD_predicted,0.3333333333333333,2,2,AGCCGCTTGCTAGGGGAAGG,0,4888416
ygfM_xdhD_predicted,0.3333333333333333,2,2,AGCCCTGGGAGCTCCCAACC,0,4864169
ygfM_xdhD_predicted,0.3333333333333333,2,2,AGCCAATAGGCTGGGCTCTA,0,4879843
ygfM_xdhD_predicted,0.3333333333333333,2,2,AGCACGTACCCGAACTCGGT,0,4868940
ygfM_xdhD_predicted,0.3333333333333333,2,2,AGCAAGGCCCTGTGCCGGTC,0,4868957
ygfM_xdhD_predicted,0.3333333333333333,2,2,AGATTGCGAACGAGGAAGTA,0,4864006
ygfM_xdhD_predicted,0.3333333333333333,2,2,AGATGCCAAGCCACCTATCC,0,4893831
ygfM_xdhD_predicted,0.3333333333333333,2,2,AGATCTATGCGTCCGCAACT,0,4874824
ygfM_xdhD_predicted,0.3333333333333333,2,2,AGATATCGAGGATGTACTCT,0,4897541
ygfM_xdhD_predicted,0.3333333333333333,2,2,AGAGTACATCATTACAGACA,0,4895102
ygfM_xdhD_predicted,0.3333333333333333,2,2,AGAGAGCGCGGGCTAGAATC,0,4876541
ygfM_xdhD_predicted,0.3333333333333333,2,2,AGAGAAGTCACGTTTTGAAT,0,4887952
ygfM_xdhD_predicted,0.3333333333333333,2,2,AGAGAAGGTTGAGGTCATCC,0,4881668
ygfM_xdhD_predicted,0.3333333333333333,2,2,AGAGAAAGGGTAAATGGCCA,0,4864260
ygfM_xdhD_predicted,0.3333333333333333,2,2,AGACCCCTTGCCACACCAGT,0,4895536
ygfM_xdhD_predicted,0.3333333333333333,2,2,AGACATCCCAATATCGGTGA,0,4892953
ygfM_xdhD_predicted,0.3333333333333333,2,2,AGACACTCCCGACTGATGAT,0,4870492
ygfM_xdhD_predicted,0.3333333333333333,2,2,AGAATCGGCTGGTGCATCCG,0,4878326
ygfM_xdhD_predicted,0.3333333333333333,2,2,AGAATAAATTCTTACTGGGT,0,4891025
ygfM_xdhD_predicted,0.3333333333333333,2,2,AGAAGCCTTTGTTCGACCCA,0,4882058
ygfM_xdhD_predicted,0.3333333333333333,2,2,AGAAAATCATTGGTGCCGAT,0,4882935
ygfM_xdhD_predicted,0.3333333333333333,2,2,AGAAAACGATGAGGGTCAGT,0,4885192
ygfM_xdhD_predicted,0.3333333333333333,2,2,ACTTTTCTCAAAGGCTGACT,0,4871917
ygfM_xdhD_predicted,0.3333333333333333,2,2,ACTTTCGTAGATACGTACAC,0,4873404
ygfM_xdhD_predicted,0.3333333333333333,2,2,ACTTTAGAGGCAACCGACGT,0,4875829
ygfM_xdhD_predicted,0.3333333333333333,2,2,ACTTTACTGCCTTTAGTGAC,0,4893024
ygfM_xdhD_predicted,0.3333333333333333,2,2,ACTTGTTATGAGGTCCGTAT,0,4889376
ygfM_xdhD_predicted,0.3333333333333333,2,2,ACTTGGCTAGCCGGTAGCGT,0,4871705
ygfM_xdhD_predicted,0.3333333333333333,2,2,ACTTGCGAGACTGGACGATC,0,4863941
ygfM_xdhD_predicted,0.3333333333333333,2,2,ACTTGCACCGCCAAAATGCA,0,4892454
ygfM_xdhD_predicted,0.3333333333333333,2,2,ACTTATCCGTCAGCCATGTA,0,4899576
ygfM_xdhD_predicted,0.3333333333333333,2,2,ACTGCGCAGGACTCCCTTCA,0,4874149
ygfM_xdhD_predicted,0.3333333333333333,2,2,ACTGCCGTGAACCGATATTA,0,4877398
ygfM_xdhD_predicted,0.3333333333333333,2,2,ACTCTACCCTAGGTCTGGCC,0,4888750
ygfM_xdhD_predicted,0.3333333333333333,2,2,ACTCGGACGTGTCAGCCAGG,0,4897081
ygfM_xdhD_predicted,0.3333333333333333,2,2,ACTCATACTAGAATACGAAA,0,4872582
ygfM_xdhD_predicted,0.3333333333333333,2,2,ACTCAGCGAGCATAATTACA,0,4879053
ygfM_xdhD_predicted,0.3333333333333333,2,2,ACTAGAGGCGGGACAAGCAT,0,4878601
ygfM_xdhD_predicted,0.3333333333333333,2,2,ACTAGACTCCACTTGCGGCA,0,4894912
ygfM_xdhD_predicted,0.3333333333333333,2,2,ACTAGAAGGCGCGCTAGCGC,0,4891557
ygfM_xdhD_predicted,0.3333333333333333,2,2,ACTACGACTCGCTCAAACAC,0,4880799
ygfM_xdhD_predicted,0.3333333333333333,2,2,ACGTCTTCAATCATAATTCC,0,4878095
ygfM_xdhD_predicted,0.3333333333333333,2,2,ACGTCGCCCTATGATACTAC,0,4877939
ygfM_xdhD_predicted,0.3333333333333333,2,2,ACGTAGTGTTACCTCGGAAC,0,4880328
ygfM_xdhD_predicted,0.3333333333333333,2,2,ACGTAAAAAATACAAGTTGA,0,4883465
ygfM_xdhD_predicted,0.3333333333333333,2,2,ACGGGGAATATCCGATGGGG,0,4898117
ygfM_xdhD_predicted,0.3333333333333333,2,2,ACGGCTGGTGTTACCAGTCG,0,4895920
ygfM_xdhD_predicted,0.3333333333333333,2,2,ACGGCATCCTACAGAGTGTC,0,4876999
ygfM_xdhD_predicted,0.3333333333333333,2,2,ACGGAGGCTGGCCCGGTATG,0,4877456
ygfM_xdhD_predicted,0.3333333333333333,2,2,ACGCTGAATGACTAAAGGAC,0,4885914
ygfM_xdhD_predicted,0.3333333333333333,2,2,ACGCTCTGCATGCAACGTAT,0,4893364
ygfM_xdhD_predicted,0.3333333333333333,2,2,ACGCTCCTTACTTTCCAAGA,0,4880923
ygfM_xdhD_predicted,0.3333333333333333,2,2,ACGATTGGCTAACTGCTCCA,0,4888473
ygfM_xdhD_predicted,0.3333333333333333,2,2,ACGATGATGAGTCTCCAAAA,0,4894069
ygfM_xdhD_predicted,0.3333333333333333,2,2,ACGAGTGGAAACGGGAACAG,0,4886186
ygfM_xdhD_predicted,0.3333333333333333,2,2,ACGAGTCCTGATCGAGGTGC,0,4867736
ygfM_xdhD_predicted,0.3333333333333333,2,2,ACGACTGTACGGTGGTATGC,0,4880212
ygfM_xdhD_predicted,0.3333333333333333,2,2,ACCTTTACGGGGTTTCTTCT,0,4873919
ygfM_xdhD_predicted,0.3333333333333333,2,2,ACCTGATAAAACGATCGTGA,0,4869903
ygfM_xdhD_predicted,0.3333333333333333,2,2,ACCTCTCTTGAGGTGCACAC,0,4864974
ygfM_xdhD_predicted,0.3333333333333333,2,2,ACCTCGGTTGCGCCAGGCGA,0,4875257
ygfM_xdhD_predicted,0.3333333333333333,2,2,ACCTCCTATGCCTGTTCGAG,0,4878934
ygfM_xdhD_predicted,0.3333333333333333,2,2,ACCTCCCGCCTTTACAATAT,0,4865781
ygfM_xdhD_predicted,0.3333333333333333,2,2,ACCGGTTATGACGGTACATC,0,4870767
ygfM_xdhD_predicted,0.3333333333333333,2,2,ACCGGAGTTTGGGGGAGGGA,0,4881450
ygfM_xdhD_predicted,0.3333333333333333,2,2,ACCGAGGCGGGCCCACGTCA,0,4895293
ygfM_xdhD_predicted,0.3333333333333333,2,2,ACCCTAGTAGATTAGGCTGG,0,4894937
ygfM_xdhD_predicted,0.3333333333333333,2,2,ACCCGTAAGACATTATTATG,0,4875870
ygfM_xdhD_predicted,0.3333333333333333,2,2,ACCCAGTATCAATTTAAACC,0,4875578
ygfM_xdhD_predicted,0.3333333333333333,2,2,ACCATCTTCACGCTGAGAGT,0,4884025
ygfM_xdhD_predicted,0.3333333333333333,2,2,ACCAGCACCATACGCAGAAA,0,4875560
ygfM_xdhD_predicted,0.3333333333333333,2,2,ACCACGTATGTGTCGTCATC,0,4868437
ygfM_xdhD_predicted,0.3333333333333333,2,2,ACCACAGCATTTTGATCTCA,0,4886484
ygfM_xdhD_predicted,0.3333333333333333,2,2,ACATCGTGCCAGGCACTCAC,0,4865556
ygfM_xdhD_predicted,0.3333333333333333,2,2,ACATCCGAAGTTTCACTCCC,0,4868583
ygfM_xdhD_predicted,0.3333333333333333,2,2,ACATCAATATTCCTTCCAAC,0,4890263
ygfM_xdhD_predicted,0.3333333333333333,2,2,ACATATTAAGTGCTTGGGGA,0,4869600
ygfM_xdhD_predicted,0.3333333333333333,2,2,ACAGGGCGATATCAGAAGAG,0,4864971
ygfM_xdhD_predicted,0.3333333333333333,2,2,ACAGGCTCACCGCTGCGGCG,0,4885437
ygfM_xdhD_predicted,0.3333333333333333,2,2,ACAGGCTATCCATTACCTGT,0,4879397
ygfM_xdhD_predicted,0.3333333333333333,2,2,ACAGGCGTGAGCGAATTTGC,0,4898131
ygfM_xdhD_predicted,0.3333333333333333,2,2,ACAGCTTGTTCTCATTTTGG,0,4883010
ygfM_xdhD_predicted,0.3333333333333333,2,2,ACAGCCCAGTTGACGAAGTT,0,4877784
ygfM_xdhD_predicted,0.3333333333333333,2,2,ACACTTTAAATCGCTGCACA,0,4866533
ygfM_xdhD_predicted,0.3333333333333333,2,2,ACACTAAAGTGGGGGTTCAA,0,4889808
ygfM_xdhD_predicted,0.3333333333333333,2,2,ACACGTCAGGTACGGGATGA,0,4865849
ygfM_xdhD_predicted,0.3333333333333333,2,2,ACACCGAAGTAGTGCTCAAT,0,4884977
ygfM_xdhD_predicted,0.3333333333333333,2,2,ACACCCTCCCGCCTCGTGTG,0,4886101
ygfM_xdhD_predicted,0.3333333333333333,2,2,ACAAGGGAGCGTGAGGATGG,0,4896359
ygfM_xdhD_predicted,0.3333333333333333,2,2,ACAAAGGCATGTATTGTGTC,0,4875252
ygfM_xdhD_predicted,0.3333333333333333,2,2,ACAAACCGATACCCCTTTGT,0,4894818
ygfM_xdhD_predicted,0.3333333333333333,2,2,ACAAACCCACTATCACTTTC,0,4868074
ygfM_xdhD_predicted,0.3333333333333333,2,2,AATTTTCAAGATTGTAGCTC,0,4877442
ygfM_xdhD_predicted,0.3333333333333333,2,2,AATTTACAGCTCTTCATCGC,0,4895533
ygfM_xdhD_predicted,0.3333333333333333,2,2,AATTGGACTCGATAGCCGGA,0,4868654
ygfM_xdhD_predicted,0.3333333333333333,2,2,AATTCCTATGTATGGCGTGC,0,4865255
ygfM_xdhD_predicted,0.3333333333333333,2,2,AATTCAGCCCAGGACCAACA,0,4884745
ygfM_xdhD_predicted,0.3333333333333333,2,2,AATGCTCTCTAGCTTTCCCA,0,4873365
ygfM_xdhD_predicted,0.3333333333333333,2,2,AATGAGAAGGATTCAAGTTT,0,4864503
ygfM_xdhD_predicted,0.3333333333333333,2,2,AATCCAATCGTCTCGCCTAA,0,4887792
ygfM_xdhD_predicted,0.3333333333333333,2,2,AATCACAGATGGTTAGTCAC,0,4874435
ygfM_xdhD_predicted,0.3333333333333333,2,2,AATATGATCGATGTCAAAAG,0,4889479
ygfM_xdhD_predicted,0.3333333333333333,2,2,AATAGGGCTTGTCTGCCACG,0,4882206
ygfM_xdhD_predicted,0.3333333333333333,2,2,AATACCGTCTTACCCCAAAT,0,4896848
ygfM_xdhD_predicted,0.3333333333333333,2,2,AATAAGTAAAATCTTTTCCC,0,4871295
ygfM_xdhD_predicted,0.3333333333333333,2,2,AATAACTACATGGGAATAGC,0,4864203
ygfM_xdhD_predicted,0.3333333333333333,2,2,AAGTTAAAGGAATTTGGAGA,0,4897171
ygfM_xdhD_predicted,0.3333333333333333,2,2,AAGTGGTGTATGACGGGCTA,0,4895918
ygfM_xdhD_predicted,0.3333333333333333,2,2,AAGTGGATCTAATAAGAGCG,0,4885669
ygfM_xdhD_predicted,0.3333333333333333,2,2,AAGTGGAACTGTACCCGAGT,0,4875214
ygfM_xdhD_predicted,0.3333333333333333,2,2,AAGTGAGCATGAGCCACTGT,0,4878394
ygfM_xdhD_predicted,0.3333333333333333,2,2,AAGTCTTAGATCTGAAGTCC,0,4877010
ygfM_xdhD_predicted,0.3333333333333333,2,2,AAGTCGCCTCGTTCGTCTCA,0,4867461
ygfM_xdhD_predicted,0.3333333333333333,2,2,AAGTACTGCTATCGCTTTTC,0,4890300
ygfM_xdhD_predicted,0.3333333333333333,2,2,AAGGGGCTACTGGAACCGCT,0,4870811
ygfM_xdhD_predicted,0.3333333333333333,2,2,AAGGGAGCTCGCACGGCTAA,0,4868607
ygfM_xdhD_predicted,0.3333333333333333,2,2,AAGGGAGCGCCGCCGGTCTG,0,4882369
ygfM_xdhD_predicted,0.3333333333333333,2,2,AAGGCGGGGAGTGGCAAGAA,0,4879069
ygfM_xdhD_predicted,0.3333333333333333,2,2,AAGGCCTCCTAAAAATCTCG,0,4891393
ygfM_xdhD_predicted,0.3333333333333333,2,2,AAGGAACTTTCTTACACAAG,0,4898709
ygfM_xdhD_predicted,0.3333333333333333,2,2,AAGCGTAAGGGCAGTTCGCG,0,4879508
ygfM_xdhD_predicted,0.3333333333333333,2,2,AAGCCATGACCATGCTGGCT,0,4866817
ygfM_xdhD_predicted,0.3333333333333333,2,2,AAGCACGTATTAGGCACTAT,0,4886192
ygfM_xdhD_predicted,0.3333333333333333,2,2,AAGATTAAGGTGCATAGGGA,0,4876081
ygfM_xdhD_predicted,0.3333333333333333,2,2,AACTTCTCTTGCTGTAAGCT,0,4888610
ygfM_xdhD_predicted,0.3333333333333333,2,2,AACTGTTACGCATCTCAATA,0,4874046
ygfM_xdhD_predicted,0.3333333333333333,2,2,AACTCTATTCTAGGCCACTC,0,4866230
ygfM_xdhD_predicted,0.3333333333333333,2,2,AACTATTATTTGGGTTCCGA,0,4874375
ygfM_xdhD_predicted,0.3333333333333333,2,2,AACTATTAATCGGTAGGACT,0,4883717
ygfM_xdhD_predicted,0.3333333333333333,2,2,AACTAATGATATACGACGTA,0,4881057
ygfM_xdhD_predicted,0.3333333333333333,2,2,AACGGGTTTATTATGAGGCT,0,4894109
ygfM_xdhD_predicted,0.3333333333333333,2,2,AACGGGATTCTCGAACCGGT,0,4864996
ygfM_xdhD_predicted,0.3333333333333333,2,2,AACGCCCGACGGGTTGCGCC,0,4872254
ygfM_xdhD_predicted,0.3333333333333333,2,2,AACGAGCATAGTGGTTACTT,0,4893325
ygfM_xdhD_predicted,0.3333333333333333,2,2,AACCTGCAGTTTGCCTATGG,0,4889992
ygfM_xdhD_predicted,0.3333333333333333,2,2,AACCGCAAAAGGGAAAGGTT,0,4893942
ygfM_xdhD_predicted,0.3333333333333333,2,2,AACCCTACTGGCATTTGATG,0,4882002
ygfM_xdhD_predicted,0.3333333333333333,2,2,AACCCGCCTGGAAGTGGCTT,0,4897327
ygfM_xdhD_predicted,0.3333333333333333,2,2,AACCATGGCACCTTGGCCCG,0,4885833
ygfM_xdhD_predicted,0.3333333333333333,2,2,AACATTTCCGATCTGAGACT,0,4869009
ygfM_xdhD_predicted,0.3333333333333333,2,2,AACATTGCTGGCGAAACATG,0,4874072
ygfM_xdhD_predicted,0.3333333333333333,2,2,AACAGTGAGTATAGTTCTTT,0,4880105
ygfM_xdhD_predicted,0.3333333333333333,2,2,AACAGCAGAGGCTCTCTTTG,0,4891812
ygfM_xdhD_predicted,0.3333333333333333,2,2,AACAACCATTACGATGTAGT,0,4890739
ygfM_xdhD_predicted,0.3333333333333333,2,2,AAATTTGCTTGCACGCAGGC,0,4882878
ygfM_xdhD_predicted,0.3333333333333333,2,2,AAATGTAATCCTATTGTTAT,0,4866065
ygfM_xdhD_predicted,0.3333333333333333,2,2,AAATGCTGTTTATTCGATAA,0,4877673
ygfM_xdhD_predicted,0.3333333333333333,2,2,AAATGATTAAACCTAGTCGT,0,4879324
ygfM_xdhD_predicted,0.3333333333333333,2,2,AAATCAGTTTTTTGCCTGTC,0,4872498
ygfM_xdhD_predicted,0.3333333333333333,2,2,AAATCAGCCAGAAACGGTGC,0,4869920
ygfM_xdhD_predicted,0.3333333333333333,2,2,AAATACCCCGCTTGTCATAT,0,4878059
ygfM_xdhD_predicted,0.3333333333333333,2,2,AAAGTTCGCGCGGCCTTCGC,0,4878290
ygfM_xdhD_predicted,0.3333333333333333,2,2,AAAGTCCTCTGCGCTAACCC,0,4892941
ygfM_xdhD_predicted,0.3333333333333333,2,2,AAAGGTGGCCTTTTACACTA,0,4885480
ygfM_xdhD_predicted,0.3333333333333333,2,2,AAAGGTAAGGGGGCAGACGC,0,4869677
ygfM_xdhD_predicted,0.3333333333333333,2,2,AAAGGCCCCCTCCAAAGCTT,0,4889043
ygfM_xdhD_predicted,0.3333333333333333,2,2,AAAGCCAGGCGGTGGACGGC,0,4870921
ygfM_xdhD_predicted,0.3333333333333333,2,2,AAAATCGTTAGAGGTGAGGG,0,4869509
ygfM_xdhD_predicted,0.3333333333333333,2,2,AAAAGGCTATTGACACGTTT,0,4896869
ygfM_xdhD_predicted,0.3333333333333333,2,2,AAAACATGACTGCGTGGGCA,0,4895952
ygfM_xdhD_predicted,0.3333333333333333,2,2,AAAAATCACACAAACGTGAA,0,4883381
ygfM_xdhD_predicted,0.5,1,1,TTTTTTGAGACGGGTGTAAT,0,4884188
ygfM_xdhD_predicted,0.5,1,1,TTTTGGGAACGTGTGACGTT,0,4866233
ygfM_xdhD_predicted,0.5,1,1,TTTTGGCTATACGGGTATCA,0,4882950
ygfM_xdhD_predicted,0.5,1,1,TTTTGCGACTTATGGATAAC,0,4877723
ygfM_xdhD_predicted,0.5,1,1,TTTTGAGGCTAGTGGCATAT,0,4895820
ygfM_xdhD_predicted,0.5,1,1,TTTTGAACACGGTCTATGCT,0,4871021
ygfM_xdhD_predicted,0.5,1,1,TTTTATGAGGGGAGCTCGAA,0,4877623
ygfM_xdhD_predicted,0.5,1,1,TTTTATCCTTGCAACTACGA,0,4896255
ygfM_xdhD_predicted,0.5,1,1,TTTTAGTCTCGGGGATCGTC,0,4877737
ygfM_xdhD_predicted,0.5,1,1,TTTGTGGCGCGCACTATACG,0,4883175
ygfM_xdhD_predicted,0.5,1,1,TTTGTCAAAGCTCACGATGA,0,4878970
ygfM_xdhD_predicted,0.5,1,1,TTTGGGCACGCCGTGATCCT,0,4866557
ygfM_xdhD_predicted,0.5,1,1,TTTGGAGGTTGAACGGAGGG,0,4891601
ygfM_xdhD_predicted,0.5,1,1,TTTGCTATGTGCATGCCAAC,0,4885952
ygfM_xdhD_predicted,0.5,1,1,TTTGCACGCTCAAGATAGCT,0,4893615
ygfM_xdhD_predicted,0.5,1,1,TTTGAGCAACCGTAACAGTG,0,4895197
ygfM_xdhD_predicted,0.5,1,1,TTTCTGGTGGTGCAAGGTGC,0,4874686
ygfM_xdhD_predicted,0.5,1,1,TTTCCGTCGTCCAGTCGGGG,0,4884082
ygfM_xdhD_predicted,0.5,1,1,TTTCCAAGAGGGCGTAGCAA,0,4893704
ygfM_xdhD_predicted,0.5,1,1,TTTCATCTAACTGCTCCTAA,0,4874978
ygfM_xdhD_predicted,0.5,1,1,TTTCATATTCATTTGTTGTT,0,4864266
ygfM_xdhD_predicted,0.5,1,1,TTTCAGAGGGTATCGGGTTG,0,4884446
ygfM_xdhD_predicted,0.5,1,1,TTTCACAAAGTGGTGAACAC,0,4871895
ygfM_xdhD_predicted,0.5,1,1,TTTATGATCCCTACTGGGAG,0,4899481
ygfM_xdhD_predicted,0.5,1,1,TTTAGAGCAAAAATCGATGA,0,4866148
ygfM_xdhD_predicted,0.5,1,1,TTTACGATTACAGGCCCCTG,0,4894483
ygfM_xdhD_predicted,0.5,1,1,TTTACAAGTGCGGGACAGAA,0,4866764
ygfM_xdhD_predicted,0.5,1,1,TTTAATGGAAGCGTCACGAC,0,4877132
ygfM_xdhD_predicted,0.5,1,1,TTTAAATATTCTTGAGGAAC,0,4896358
ygfM_xdhD_predicted,0.5,1,1,TTTAAAATGACAAAGGTATT,0,4874899
ygfM_xdhD_predicted,0.5,1,1,TTGTTTGCGACCCGTGGCAC,0,4867220
ygfM_xdhD_predicted,0.5,1,1,TTGTATGCCCCCCGAATAGG,0,4866380
ygfM_xdhD_predicted,0.5,1,1,TTGGTGACCTGTGAGCTCAC,0,4877633
ygfM_xdhD_predicted,0.5,1,1,TTGGGGTGTCTGATTAAATG,0,4898579
ygfM_xdhD_predicted,0.5,1,1,TTGGCCCAGAATCGGGGACC,0,4898264
ygfM_xdhD_predicted,0.5,1,1,TTGGCATGGGTCCAATGTAA,0,4879291
ygfM_xdhD_predicted,0.5,1,1,TTGGAGTTCTCGGTGGAGCT,0,4872543
ygfM_xdhD_predicted,0.5,1,1,TTGCTATGCACTTCGTTCGA,0,4864390
ygfM_xdhD_predicted,0.5,1,1,TTGCGTGGCTATACTTAGAA,0,4872688
ygfM_xdhD_predicted,0.5,1,1,TTGCCTCCTTGACGGACCGG,0,4897692
ygfM_xdhD_predicted,0.5,1,1,TTGCCGGCCTGGGACCATGA,0,4883462
ygfM_xdhD_predicted,0.5,1,1,TTGCAACATACGGGACTTGG,0,4894445
ygfM_xdhD_predicted,0.5,1,1,TTGAGCGCATGTCCAACTGC,0,4888616
ygfM_xdhD_predicted,0.5,1,1,TTGAGCCAGATCACACAAGC,0,4868374
ygfM_xdhD_predicted,0.5,1,1,TTGACAATGCATAATAGATA,0,4869662
ygfM_xdhD_predicted,0.5,1,1,TTCTGACTTCAGGGGTCATA,0,4865232
ygfM_xdhD_predicted,0.5,1,1,TTCTCTTACCGGTTAAAAGT,0,4867201
ygfM_xdhD_predicted,0.5,1,1,TTCTCGGGTTCCCCCTCGAC,0,4874996
ygfM_xdhD_predicted,0.5,1,1,TTCTCGGCGTCAAAGCGGTC,0,4896966
ygfM_xdhD_predicted,0.5,1,1,TTCTAAGCACGCGTTCACCT,0,4881481
ygfM_xdhD_predicted,0.5,1,1,TTCGTGTTATGTGTAAGGTC,0,4879863
ygfM_xdhD_predicted,0.5,1,1,TTCGGACTTGCCTCTGAGTA,0,4883987
ygfM_xdhD_predicted,0.5,1,1,TTCGATAAGGGGCTATTTAA,0,4881311
ygfM_xdhD_predicted,0.5,1,1,TTCCGTTATTGCGCCCGTGC,0,4897132
ygfM_xdhD_predicted,0.5,1,1,TTCCGTGGTAACAGTCAAAT,0,4882631
ygfM_xdhD_predicted,0.5,1,1,TTCCGTACATGGCAATGGTC,0,4898756
ygfM_xdhD_predicted,0.5,1,1,TTCCATGCCGACCCGAGCCA,0,4864219
ygfM_xdhD_predicted,0.5,1,1,TTCCATGAGGCAACGTGTCA,0,4899146
ygfM_xdhD_predicted,0.5,1,1,TTCCAAACGAATCACACCAT,0,4879164
ygfM_xdhD_predicted,0.5,1,1,TTCATGATGTGCAATGACAA,0,4873602
ygfM_xdhD_predicted,0.5,1,1,TTCATATATAAGAATAACGT,0,4867040
ygfM_xdhD_predicted,0.5,1,1,TTCAGTCCTTAAACACTGAG,0,4872501
ygfM_xdhD_predicted,0.5,1,1,TTCAGCCATACCCGCATCCA,0,4893659
ygfM_xdhD_predicted,0.5,1,1,TTCACTACGTACCACTTTCA,0,4889744
ygfM_xdhD_predicted,0.5,1,1,TTCACCCCTTAACAAACAGG,0,4886435
ygfM_xdhD_predicted,0.5,1,1,TTCACCAGCGATCTCTCTGT,0,4872573
ygfM_xdhD_predicted,0.5,1,1,TTCACAAGAAGTCTTTCTAC,0,4877009
ygfM_xdhD_predicted,0.5,1,1,TTCACAAACACCGCTTCAAA,0,4889117
ygfM_xdhD_predicted,0.5,1,1,TTCAAGTGGATCTCGGCGCC,0,4896630
ygfM_xdhD_predicted,0.5,1,1,TTCAAGGTTGCTCTGGAGGA,0,4883263
ygfM_xdhD_predicted,0.5,1,1,TTCAAGATTCTCGTTGTTGC,0,4889528
ygfM_xdhD_predicted,0.5,1,1,TTATGGCATTCCCACATAGA,0,4898698
ygfM_xdhD_predicted,0.5,1,1,TTATGGATACAGCGCACCGA,0,4896364
ygfM_xdhD_predicted,0.5,1,1,TTATGCGTGACGGTGGAAAC,0,4898655
ygfM_xdhD_predicted,0.5,1,1,TTATGAGCGTTGTCTCCCCC,0,4864367
ygfM_xdhD_predicted,0.5,1,1,TTATCTTTCCATCAGACTCC,0,4888944
ygfM_xdhD_predicted,0.5,1,1,TTATCGTCTTGTTGATATTC,0,4869438
ygfM_xdhD_predicted,0.5,1,1,TTATCGGCTCGCACAGGATG,0,4899537
ygfM_xdhD_predicted,0.5,1,1,TTATCCGATGAGTGTCGTGG,0,4899366
ygfM_xdhD_predicted,0.5,1,1,TTATACATACAGTTCCAAGG,0,4882734
ygfM_xdhD_predicted,0.5,1,1,TTAGGGATTCTACAAATGCG,0,4895728
ygfM_xdhD_predicted,0.5,1,1,TTAGCGGGGGATTATGAACA,0,4868211
ygfM_xdhD_predicted,0.5,1,1,TTAGATGAAATCTTGGCAAC,0,4894741
ygfM_xdhD_predicted,0.5,1,1,TTAGAGGGGAGTTCCGGCTC,0,4887207
ygfM_xdhD_predicted,0.5,1,1,TTAGAAACCGAGAGTTACAT,0,4899486
ygfM_xdhD_predicted,0.5,1,1,TTACGGTCACCAAGTTTATC,0,4886355
ygfM_xdhD_predicted,0.5,1,1,TTACGGCGCAAGAACCATGC,0,4893014
ygfM_xdhD_predicted,0.5,1,1,TTACGACAATGTTTAGCACA,0,4874846
ygfM_xdhD_predicted,0.5,1,1,TTAATGTTTTGTTTCAGTTG,0,4895654
ygfM_xdhD_predicted,0.5,1,1,TTAATCGGGTCTCCAAACAG,0,4888322
ygfM_xdhD_predicted,0.5,1,1,TTAATCAATTCTTCCTATCA,0,4880174
ygfM_xdhD_predicted,0.5,1,1,TTAACGTAGTAAGTCTCGGC,0,4891196
ygfM_xdhD_predicted,0.5,1,1,TTAAAGTCTAGGGGCGGTCG,0,4886159
ygfM_xdhD_predicted,0.5,1,1,TGTTTCAAAAAGGGATTGAT,0,4874094
ygfM_xdhD_predicted,0.5,1,1,TGTTGTTACAGCATTGTGCT,0,4888543
ygfM_xdhD_predicted,0.5,1,1,TGTTGGTTTGAGTGCGCACT,0,4883882
ygfM_xdhD_predicted,0.5,1,1,TGTTACGTACTATTGCATGT,0,4864983
ygfM_xdhD_predicted,0.5,1,1,TGTTAAGACGTTAAGAACGA,0,4873038
ygfM_xdhD_predicted,0.5,1,1,TGTGTATTCTGGATATTAAA,0,4887477
ygfM_xdhD_predicted,0.5,1,1,TGTGGTAGTGGCGCCAAACT,0,4877560
ygfM_xdhD_predicted,0.5,1,1,TGTGGGGGACGAAAACTGTT,0,4869109
ygfM_xdhD_predicted,0.5,1,1,TGTGGAACTTGGTTTAGAGC,0,4883979
ygfM_xdhD_predicted,0.5,1,1,TGTGCCCCAAATAGTCTGCC,0,4873068
ygfM_xdhD_predicted,0.5,1,1,TGTCTGTCGCGATGCACGGC,0,4898421
ygfM_xdhD_predicted,0.5,1,1,TGTCCGGCGGGGAACTTATT,0,4876315
ygfM_xdhD_predicted,0.5,1,1,TGTCATGGGGCCGCTACGGA,0,4883151
ygfM_xdhD_predicted,0.5,1,1,TGTATAGCGATACTGGTTTG,0,4878683
ygfM_xdhD_predicted,0.5,1,1,TGGTTTATAGAGGAGGCGTC,0,4874325
ygfM_xdhD_predicted,0.5,1,1,TGGTTCTGATCTTCCTCGTA,0,4888261
ygfM_xdhD_predicted,0.5,1,1,TGGTGTCCCTCATAACTGGC,0,4869546
ygfM_xdhD_predicted,0.5,1,1,TGGTGGTGCATACTATCGTT,0,4867897
ygfM_xdhD_predicted,0.5,1,1,TGGTGCATACGTAACATCGG,0,4896747
ygfM_xdhD_predicted,0.5,1,1,TGGTCAGTCTATCAGCAGTC,0,4867699
ygfM_xdhD_predicted,0.5,1,1,TGGTACTGCGGCCCGCTCTG,0,4897039
ygfM_xdhD_predicted,0.5,1,1,TGGGTGGCTCCTATAATCTG,0,4884338
ygfM_xdhD_predicted,0.5,1,1,TGGGTAGATAAAGGGAGGTT,0,4888246
ygfM_xdhD_predicted,0.5,1,1,TGGGGGGGTCTCAGTCAAGG,0,4874029
ygfM_xdhD_predicted,0.5,1,1,TGGGGCTGGGCAACCGAGGT,0,4882270
ygfM_xdhD_predicted,0.5,1,1,TGGGGCTAATAGGGTACGCC,0,4887247
ygfM_xdhD_predicted,0.5,1,1,TGGGGATTACAGTCTGCCAA,0,4867163
ygfM_xdhD_predicted,0.5,1,1,TGGGGACTCTCGATCATTAC,0,4896070
ygfM_xdhD_predicted,0.5,1,1,TGGGATTGTATCTGCGTAGC,0,4865304
ygfM_xdhD_predicted,0.5,1,1,TGGGATCGCTCTTACAGTGT,0,4891914
ygfM_xdhD_predicted,0.5,1,1,TGGGATCAGGGCTATCTATC,0,4870577
ygfM_xdhD_predicted,0.5,1,1,TGGGATCACTCAGACGATCT,0,4892214
ygfM_xdhD_predicted,0.5,1,1,TGGCTGCAGTCACAATTAGG,0,4870459
ygfM_xdhD_predicted,0.5,1,1,TGGCTCGACCGGCTGTATAT,0,4873839
ygfM_xdhD_predicted,0.5,1,1,TGGCCGCGTTAACAGTGGCG,0,4880646
ygfM_xdhD_predicted,0.5,1,1,TGGCATGAACCGTACTCACC,0,4883513
ygfM_xdhD_predicted,0.5,1,1,TGGCACATTTGGTGCCTAAC,0,4864205
ygfM_xdhD_predicted,0.5,1,1,TGGATGTCAGACTCATCGGA,0,4896868
ygfM_xdhD_predicted,0.5,1,1,TGGACCAGTTGGAAAATGCA,0,4884659
ygfM_xdhD_predicted,0.5,1,1,TGGAATTAAGCAGACGTCTC,0,4869275
ygfM_xdhD_predicted,0.5,1,1,TGGAAAATCTGGTCATAGAG,0,4896997
ygfM_xdhD_predicted,0.5,1,1,TGCTTTTTCGTGAAACCGTT,0,4870616
ygfM_xdhD_predicted,0.5,1,1,TGCTGTGTTACGAACCTTAA,0,4894301
ygfM_xdhD_predicted,0.5,1,1,TGCTGGTGTTTAGCTAAAGG,0,4893552
ygfM_xdhD_predicted,0.5,1,1,TGCTCAGATTAAGTAAGCAG,0,4883685
ygfM_xdhD_predicted,0.5,1,1,TGCTAGTCGAAATATAGTAT,0,4895400
ygfM_xdhD_predicted,0.5,1,1,TGCTAACCGGAACCTCCACC,0,4887590
ygfM_xdhD_predicted,0.5,1,1,TGCGGCAATTGTCTGCCCTC,0,4866848
ygfM_xdhD_predicted,0.5,1,1,TGCGCTCCCTGTGTTTGGTT,0,4864146
ygfM_xdhD_predicted,0.5,1,1,TGCGAATTAAGATGGCTAAA,0,4871160
ygfM_xdhD_predicted,0.5,1,1,TGCCGGCCTGGGGACTTTTC,0,4868718
ygfM_xdhD_predicted,0.5,1,1,TGCCGCCAAAATCGTGAGCG,0,4899131
ygfM_xdhD_predicted,0.5,1,1,TGCCCTTTTTGCATCTGCCT,0,4876655
ygfM_xdhD_predicted,0.5,1,1,TGCATCGAGGAAGTTGGAGA,0,4878978
ygfM_xdhD_predicted,0.5,1,1,TGCATCACTCAAGAACTTAA,0,4870662
ygfM_xdhD_predicted,0.5,1,1,TGCATCACCTTAATCCACGG,0,4880665
ygfM_xdhD_predicted,0.5,1,1,TGCAGTTCCTATATGATTAA,0,4885178
ygfM_xdhD_predicted,0.5,1,1,TGCAGACGTGTTGATAAGGA,0,4887708
ygfM_xdhD_predicted,0.5,1,1,TGCAAAGCCGTTGTCCCAAT,0,4876062
ygfM_xdhD_predicted,0.5,1,1,TGATTCTTAGCTGACACAAT,0,4879402
ygfM_xdhD_predicted,0.5,1,1,TGATGACGGTACTTAGGGAG,0,4879274
ygfM_xdhD_predicted,0.5,1,1,TGATCGGTTTGTAGCCTCAT,0,4882548
ygfM_xdhD_predicted,0.5,1,1,TGATCGCTCGGATTTCCTGC,0,4891564
ygfM_xdhD_predicted,0.5,1,1,TGATATTATTGGAGTACCGG,0,4890166
ygfM_xdhD_predicted,0.5,1,1,TGATAGGGTATGCCGCCCTG,0,4897117
ygfM_xdhD_predicted,0.5,1,1,TGATACATTGACGACAACTC,0,4872272
ygfM_xdhD_predicted,0.5,1,1,TGATAAGGACAACCAGATAT,0,4865571
ygfM_xdhD_predicted,0.5,1,1,TGATAAAGGGGGCTTCGGTT,0,4863838
ygfM_xdhD_predicted,0.5,1,1,TGAGGTCTCTCCAACAAAGG,0,4884855
ygfM_xdhD_predicted,0.5,1,1,TGAGGCAGTGGCTGGAGGTC,0,4886044
ygfM_xdhD_predicted,0.5,1,1,TGAGGAAAGGGATAATGATA,0,4887684
ygfM_xdhD_predicted,0.5,1,1,TGACGGCCGGTTTCGAGCTT,0,4868469
ygfM_xdhD_predicted,0.5,1,1,TGACCCGAACCTTCCACAAC,0,4886105
ygfM_xdhD_predicted,0.5,1,1,TGACATTCGGTCATGTCAAG,0,4867940
ygfM_xdhD_predicted,0.5,1,1,TGACACAAAATCCCCCGTCC,0,4882201
ygfM_xdhD_predicted,0.5,1,1,TGAATTTGTATTCAAGTAGA,0,4886038
ygfM_xdhD_predicted,0.5,1,1,TGAATAAGTCTTACGTTTTG,0,4891716
ygfM_xdhD_predicted,0.5,1,1,TGAACGATCGGCACCAACAT,0,4898144
ygfM_xdhD_predicted,0.5,1,1,TGAACGACGCCTGGTGTATC,0,4867339
ygfM_xdhD_predicted,0.5,1,1,TGAAACACGCAGATGGACTA,0,4889103
ygfM_xdhD_predicted,0.5,1,1,TCTTTTTAAGCCACCGACCT,0,4899195
ygfM_xdhD_predicted,0.5,1,1,TCTTCCAATTCGATCCCCAT,0,4878190
ygfM_xdhD_predicted,0.5,1,1,TCTGTGACTTAGGTGGGAGA,0,4878997
ygfM_xdhD_predicted,0.5,1,1,TCTGGGTTGTATTTGTGAAC,0,4881443
ygfM_xdhD_predicted,0.5,1,1,TCTGGATCGGCATCTCTGGT,0,4867227
ygfM_xdhD_predicted,0.5,1,1,TCTCGGTTCGACCACTCTCG,0,4866614
ygfM_xdhD_predicted,0.5,1,1,TCTCGGTGGTCCCGTTCTTA,0,4873285
ygfM_xdhD_predicted,0.5,1,1,TCTCCTAGTGTTTAGGCCGT,0,4879145
ygfM_xdhD_predicted,0.5,1,1,TCTCACTGATGCCAGGTGAA,0,4891089
ygfM_xdhD_predicted,0.5,1,1,TCTACTGGTTTCGCATTGAT,0,4872270
ygfM_xdhD_predicted,0.5,1,1,TCTACTACGTTAGTTTTGTA,0,4886486
ygfM_xdhD_predicted,0.5,1,1,TCTACAACCAACTGGGGTTG,0,4871981
ygfM_xdhD_predicted,0.5,1,1,TCTAAGTCCCTACAGGATGA,0,4869293
ygfM_xdhD_predicted,0.5,1,1,TCTAACATAGGACGTGGACC,0,4880661
ygfM_xdhD_predicted,0.5,1,1,TCTAAAGCGGCATAGCCCGT,0,4888521
ygfM_xdhD_predicted,0.5,1,1,TCGTTTAGATAACGATTGGC,0,4878314
ygfM_xdhD_predicted,0.5,1,1,TCGTGTCTGCAGTGCTGTCT,0,4864207
ygfM_xdhD_predicted,0.5,1,1,TCGTGGACTATCGACGAGTT,0,4875956
ygfM_xdhD_predicted,0.5,1,1,TCGTGCTCGAGTCTATTGAG,0,4877004
ygfM_xdhD_predicted,0.5,1,1,TCGTGCTCATCCAACCCACA,0,4892416
ygfM_xdhD_predicted,0.5,1,1,TCGTGCAGGAAACCTTCCGC,0,4864573
ygfM_xdhD_predicted,0.5,1,1,TCGTCGCGTACCAACGCGTG,0,4892378
ygfM_xdhD_predicted,0.5,1,1,TCGTAGCGCGGGTGTTAAAG,0,4884950
ygfM_xdhD_predicted,0.5,1,1,TCGGTGTTTTGGCCACCTGG,0,4893249
ygfM_xdhD_predicted,0.5,1,1,TCGGGTTATCACGTGTCATA,0,4866241
ygfM_xdhD_predicted,0.5,1,1,TCGGGCCAGTGGTGAAGTGC,0,4890092
ygfM_xdhD_predicted,0.5,1,1,TCGGGAATTTACGGTTAGAT,0,4864326
ygfM_xdhD_predicted,0.5,1,1,TCGGCTTCCTGTGGATATGG,0,4880723
ygfM_xdhD_predicted,0.5,1,1,TCGGAGGGGAAAGAAGACGT,0,4896456
ygfM_xdhD_predicted,0.5,1,1,TCGGAAGAGTCGGGGCTTAC,0,4884859
ygfM_xdhD_predicted,0.5,1,1,TCGCTAGGGTCGTCTCATTG,0,4865130
ygfM_xdhD_predicted,0.5,1,1,TCGCGTCACCTCGTGGCAAG,0,4875051
ygfM_xdhD_predicted,0.5,1,1,TCGCCAGCACTGCCAATGTA,0,4869357
ygfM_xdhD_predicted,0.5,1,1,TCGCACCTACGATTACCCGT,0,4872344
ygfM_xdhD_predicted,0.5,1,1,TCGAGGACGTTGACTTGGGA,0,4890303
ygfM_xdhD_predicted,0.5,1,1,TCGAGAGGGGTTGATCGTCT,0,4882705
ygfM_xdhD_predicted,0.5,1,1,TCGACAAGTCTTGTAGTTCA,0,4894235
ygfM_xdhD_predicted,0.5,1,1,TCCTTTTTAAGGTGCGTAAT,0,4867973
ygfM_xdhD_predicted,0.5,1,1,TCCTTGAGAGAAGAAGCCTA,0,4866492
ygfM_xdhD_predicted,0.5,1,1,TCCTTCATGGTTGTGCGACA,0,4865487
ygfM_xdhD_predicted,0.5,1,1,TCCTTACACGGTCTACGGCC,0,4878653
ygfM_xdhD_predicted,0.5,1,1,TCCTATCGAGCTTGGGTTAG,0,4875522
ygfM_xdhD_predicted,0.5,1,1,TCCTAAGTAACGGATGTGGT,0,4888663
ygfM_xdhD_predicted,0.5,1,1,TCCGTGGAACGTTGGGTCCT,0,4867672
ygfM_xdhD_predicted,0.5,1,1,TCCGTCCGAGAGACTGATGG,0,4889730
ygfM_xdhD_predicted,0.5,1,1,TCCGGTGATTGGTGATACAT,0,4865373
ygfM_xdhD_predicted,0.5,1,1,TCCGGGGACATTATCGGTGG,0,4868885
ygfM_xdhD_predicted,0.5,1,1,TCCGGAGGCGGATGGAGCGA,0,4866314
ygfM_xdhD_predicted,0.5,1,1,TCCGAGAAAACTAGATGCAG,0,4873679
ygfM_xdhD_predicted,0.5,1,1,TCCGACGGAACCCGTGACGG,0,4884072
ygfM_xdhD_predicted,0.5,1,1,TCCCTGGACGCACATAGGGA,0,4879134
ygfM_xdhD_predicted,0.5,1,1,TCCCTGGAATGACATTTCAG,0,4876560
ygfM_xdhD_predicted,0.5,1,1,TCCCGTAATAGGCTTTACTG,0,4896634
ygfM_xdhD_predicted,0.5,1,1,TCCCCATGGCTGTCTAGAAA,0,4866342
ygfM_xdhD_predicted,0.5,1,1,TCCAGATAGTCTACGGCTCG,0,4894586
ygfM_xdhD_predicted,0.5,1,1,TCCAGACAGACGGCACCTGC,0,4887909
ygfM_xdhD_predicted,0.5,1,1,TCCACGGTTGATAACTGGGG,0,4889827
ygfM_xdhD_predicted,0.5,1,1,TCCACCATCATTCGATAAAT,0,4883735
ygfM_xdhD_predicted,0.5,1,1,TCATCGCAACTGGACCTATA,0,4897830
ygfM_xdhD_predicted,0.5,1,1,TCATCCAACACGCACTAAAG,0,4864832
ygfM_xdhD_predicted,0.5,1,1,TCATAAATTCTGACGAAAGA,0,4873429
ygfM_xdhD_predicted,0.5,1,1,TCAGTTTGGGCAGTCTTTAT,0,4874306
ygfM_xdhD_predicted,0.5,1,1,TCAGTTGTAAAGGCTATTGT,0,4871871
ygfM_xdhD_predicted,0.5,1,1,TCAGTAGCTGAGCGGCTGGA,0,4888879
ygfM_xdhD_predicted,0.5,1,1,TCAGGGCTTTTTGCGTATTT,0,4891792
ygfM_xdhD_predicted,0.5,1,1,TCAGAGGTTACTATGCCAGA,0,4889581
ygfM_xdhD_predicted,0.5,1,1,TCACGAATAATAATACGATA,0,4876867
ygfM_xdhD_predicted,0.5,1,1,TCACCGGCTAAACCAGCATA,0,4889806
ygfM_xdhD_predicted,0.5,1,1,TCAATAAAATTTAGAGCCGA,0,4887643
ygfM_xdhD_predicted,0.5,1,1,TCAAGGTGATCGACGTTGCA,0,4883016
ygfM_xdhD_predicted,0.5,1,1,TCAAACAAGTCTCATAGCCC,0,4874626
ygfM_xdhD_predicted,0.5,1,1,TATTTCTACTAATATGAGAG,0,4891783
ygfM_xdhD_predicted,0.5,1,1,TATTAAGGACCTTCTAGCGT,0,4897077
ygfM_xdhD_predicted,0.5,1,1,TATGTCGGTCACCAACCCAT,0,4887092
ygfM_xdhD_predicted,0.5,1,1,TATGGGGGTAACTCGCTGGA,0,4886474
ygfM_xdhD_predicted,0.5,1,1,TATGCTAAACGAGGACAACT,0,4883813
ygfM_xdhD_predicted,0.5,1,1,TATGAACCTAGTCGTCATGT,0,4898556
ygfM_xdhD_predicted,0.5,1,1,TATGAACCAAGACAGTAACA,0,4895682
ygfM_xdhD_predicted,0.5,1,1,TATCGAGGGTCTAAGCGCGC,0,4871028
ygfM_xdhD_predicted,0.5,1,1,TATCCGTCTACTGACTAAAT,0,4870817
ygfM_xdhD_predicted,0.5,1,1,TATCAGTCTAAACAATATTT,0,4889695
ygfM_xdhD_predicted,0.5,1,1,TATATCAGCGAAACGACAAC,0,4885456
ygfM_xdhD_predicted,0.5,1,1,TATATACAGGTGAGTTGTCT,0,4874788
ygfM_xdhD_predicted,0.5,1,1,TATAATTAGCTGATACCAAT,0,4877002
ygfM_xdhD_predicted,0.5,1,1,TATAACGATAACCAGTAGAG,0,4892501
ygfM_xdhD_predicted,0.5,1,1,TATAAAATACTTGGCACCCG,0,4894947
ygfM_xdhD_predicted,0.5,1,1,TAGTAGTACATCTGCTCGGT,0,4883975
ygfM_xdhD_predicted,0.5,1,1,TAGGTGCACATGGCCTTATG,0,4867143
ygfM_xdhD_predicted,0.5,1,1,TAGGTCAGACCGGGATATAT,0,4872337
ygfM_xdhD_predicted,0.5,1,1,TAGGGGCCGACAGTGCGACC,0,4864594
ygfM_xdhD_predicted,0.5,1,1,TAGGCGACCTGGTTTCCGAG,0,4890261
ygfM_xdhD_predicted,0.5,1,1,TAGGAATGCCGCGCGTATAT,0,4884231
ygfM_xdhD_predicted,0.5,1,1,TAGCGTTTCTGTTGTGGCAG,0,4879389
ygfM_xdhD_predicted,0.5,1,1,TAGCGGCGGTTTAGGTGGTA,0,4876018
ygfM_xdhD_predicted,0.5,1,1,TAGCGCCAAAATACTTAATG,0,4873035
ygfM_xdhD_predicted,0.5,1,1,TAGCCGCTTGGACGAAAAGT,0,4874863
ygfM_xdhD_predicted,0.5,1,1,TAGAGATAAATAGTGAGCGC,0,4889566
ygfM_xdhD_predicted,0.5,1,1,TAGACATTTGTGGAAACAGT,0,4865859
ygfM_xdhD_predicted,0.5,1,1,TAGAAACGTCGGATCTTTAG,0,4872619
ygfM_xdhD_predicted,0.5,1,1,TACTCTTGTCCGTTCTGGTA,0,4872227
ygfM_xdhD_predicted,0.5,1,1,TACTCATCACCTAAGATGGA,0,4878772
ygfM_xdhD_predicted,0.5,1,1,TACTAGGGCCTTTGTTATCT,0,4863924
ygfM_xdhD_predicted,0.5,1,1,TACTACGCCCGCGTATTCAT,0,4870443
ygfM_xdhD_predicted,0.5,1,1,TACTAAAGTGTCCTCGCCGC,0,4897785
ygfM_xdhD_predicted,0.5,1,1,TACGTCCGTCCGCTCCGGTA,0,4898156
ygfM_xdhD_predicted,0.5,1,1,TACGTACAGCAAATGACAAC,0,4888997
ygfM_xdhD_predicted,0.5,1,1,TACGGCTAGAAGATCCTCTA,0,4890230
ygfM_xdhD_predicted,0.5,1,1,TACGGCGCGACTCAGCAGGC,0,4868819
ygfM_xdhD_predicted,0.5,1,1,TACGGAGAGGGAGACATCGT,0,4895234
ygfM_xdhD_predicted,0.5,1,1,TACGCTGCACCCATACAGAA,0,4866127
ygfM_xdhD_predicted,0.5,1,1,TACGCCGGAATGCAATTGTG,0,4886835
ygfM_xdhD_predicted,0.5,1,1,TACGAAATTAGTATCGATTG,0,4868382
ygfM_xdhD_predicted,0.5,1,1,TACCTTTTAGGCTCTCAGAT,0,4897480
ygfM_xdhD_predicted,0.5,1,1,TACCTGCATTGTAGATATAT,0,4879096
ygfM_xdhD_predicted,0.5,1,1,TACCGTCTGAAACGACATGT,0,4865778
ygfM_xdhD_predicted,0.5,1,1,TACCGAGACAAGGTGCAATA,0,4864054
ygfM_xdhD_predicted,0.5,1,1,TACCGACCGCTACAGATTTA,0,4889018
ygfM_xdhD_predicted,0.5,1,1,TACCGACAGATTAAGACTAC,0,4865515
ygfM_xdhD_predicted,0.5,1,1,TACCCCAATGGCCCCTCGTG,0,4890137
ygfM_xdhD_predicted,0.5,1,1,TACCAGGGATCATCTACTCC,0,4883273
ygfM_xdhD_predicted,0.5,1,1,TACCAGGACGGCAGAATCGA,0,4885974
ygfM_xdhD_predicted,0.5,1,1,TACAGCTTCGACAGCCCCAG,0,4876775
ygfM_xdhD_predicted,0.5,1,1,TACACGTGAGGTACAGAGAT,0,4885405
ygfM_xdhD_predicted,0.5,1,1,TACACGGGATAGCTTGATAA,0,4876423
ygfM_xdhD_predicted,0.5,1,1,TACACATAACTGATTCGTAC,0,4890939
ygfM_xdhD_predicted,0.5,1,1,TAATTTCATGGCCTAAGGTG,0,4882762
ygfM_xdhD_predicted,0.5,1,1,TAATCTATGTCAGGGGAGAA,0,4889438
ygfM_xdhD_predicted,0.5,1,1,TAATCGTCAGGGATACAGAC,0,4871496
ygfM_xdhD_predicted,0.5,1,1,TAATCCTAACTTGGTCAAAT,0,4894754
ygfM_xdhD_predicted,0.5,1,1,TAATCCCAATCCTGGTACCT,0,4887026
ygfM_xdhD_predicted,0.5,1,1,TAATCCATGTGGCGCGGACA,0,4889185
ygfM_xdhD_predicted,0.5,1,1,TAATCAGGTAATCTCTATAC,0,4883591
ygfM_xdhD_predicted,0.5,1,1,TAATAACAATGACTGACGAT,0,4885593
ygfM_xdhD_predicted,0.5,1,1,TAAGTGTCACGCAAAACGGG,0,4866425
ygfM_xdhD_predicted,0.5,1,1,TAAGTAGCATTCCCTTCGTT,0,4894406
ygfM_xdhD_predicted,0.5,1,1,TAAGGTTGAGCGTCATTCGG,0,4872328
ygfM_xdhD_predicted,0.5,1,1,TAAGCATTTGTCACAAATAC,0,4896616
ygfM_xdhD_predicted,0.5,1,1,TAAGAGCCACGATTAGAAAC,0,4886748
ygfM_xdhD_predicted,0.5,1,1,TAAGACACCTCAGCTTGGGG,0,4871939
ygfM_xdhD_predicted,0.5,1,1,TAAGAAGGAAAGATTCGATG,0,4883392
ygfM_xdhD_predicted,0.5,1,1,TAACTATAGAGCATTCTGCG,0,4878635
ygfM_xdhD_predicted,0.5,1,1,TAACGTAACGTGTGAAAGTA,0,4867491
ygfM_xdhD_predicted,0.5,1,1,TAACGCCCCGTCTTGACTGA,0,4893525
ygfM_xdhD_predicted,0.5,1,1,TAACGACGAGACGCGACAAC,0,4871887
ygfM_xdhD_predicted,0.5,1,1,TAACCCTATCTCCATGACAC,0,4871484
ygfM_xdhD_predicted,0.5,1,1,TAACAGCAGGTATTTTATAA,0,4886287
ygfM_xdhD_predicted,0.5,1,1,TAAATTGAATGACGCTTAGA,0,4880689
ygfM_xdhD_predicted,0.5,1,1,TAAATCAGCGATACGCGCTC,0,4875544
ygfM_xdhD_predicted,0.5,1,1,TAAAGTTCTTTATTTAGTGG,0,4891891
ygfM_xdhD_predicted,0.5,1,1,TAAAAGGAGTATCCCGCGAT,0,4889214
ygfM_xdhD_predicted,0.5,1,1,GTTTTTCTGGGTCCGCCGGA,0,4896482
ygfM_xdhD_predicted,0.5,1,1,GTTTTACTATGCTCACCCAA,0,4873090
ygfM_xdhD_predicted,0.5,1,1,GTTTGTGGTCTAATAATTGT,0,4871337
ygfM_xdhD_predicted,0.5,1,1,GTTTGGGAGCGGCTTGCAAC,0,4880138
ygfM_xdhD_predicted,0.5,1,1,GTTTGCAACCGTCTGGGTGT,0,4874817
ygfM_xdhD_predicted,0.5,1,1,GTTTCCGTTCTGGAAGCATG,0,4889903
ygfM_xdhD_predicted,0.5,1,1,GTTTAAGGTCTTTCAACTAC,0,4888406
ygfM_xdhD_predicted,0.5,1,1,GTTGGTACTCTCCGCCTTTT,0,4887973
ygfM_xdhD_predicted,0.5,1,1,GTTGGCCTTGGCATTTCTTC,0,4891289
ygfM_xdhD_predicted,0.5,1,1,GTTGATGCAGTCGCGTTACA,0,4877381
ygfM_xdhD_predicted,0.5,1,1,GTTGATGAGGGCTTTCTTGA,0,4872082
ygfM_xdhD_predicted,0.5,1,1,GTTCGTTCTCGTCGTCTGTG,0,4892935
ygfM_xdhD_predicted,0.5,1,1,GTTCGCCAAACTCAACTCTA,0,4895264
ygfM_xdhD_predicted,0.5,1,1,GTTCATCTTTGCAGCTGGTC,0,4878164
ygfM_xdhD_predicted,0.5,1,1,GTTCAGCGATCATATTAATT,0,4896465
ygfM_xdhD_predicted,0.5,1,1,GTTCACTCAATCGGTCCGGA,0,4887246
ygfM_xdhD_predicted,0.5,1,1,GTTCACATGAATACTCTGAT,0,4890698
ygfM_xdhD_predicted,0.5,1,1,GTTATTTAAGCTACCCGGAC,0,4898960
ygfM_xdhD_predicted,0.5,1,1,GTTATAGGGTCTCAGTCGTA,0,4864712
ygfM_xdhD_predicted,0.5,1,1,GTTAGGTAGCAGCTAAAGCA,0,4865797
ygfM_xdhD_predicted,0.5,1,1,GTTACGTCTCGTTGTCGTCA,0,4881687
ygfM_xdhD_predicted,0.5,1,1,GTTACGACTTCGGGGGAGCT,0,4880104
ygfM_xdhD_predicted,0.5,1,1,GTTACACTAACTACGCGTGG,0,4869179
ygfM_xdhD_predicted,0.5,1,1,GTTAAGTACCCGTACTAGGG,0,4895281
ygfM_xdhD_predicted,0.5,1,1,GTGTTGATTCCTCTACAGAC,0,4881447
ygfM_xdhD_predicted,0.5,1,1,GTGTTCTAGATACAGCTAAC,0,4864945
ygfM_xdhD_predicted,0.5,1,1,GTGTGTATCTTTGGGGTTGT,0,4894087
ygfM_xdhD_predicted,0.5,1,1,GTGTCGAATTTGCGGGATCA,0,4884415
ygfM_xdhD_predicted,0.5,1,1,GTGTAAAGTTATCACTATGA,0,4880158
ygfM_xdhD_predicted,0.5,1,1,GTGGTGTTCCCACCCGAGGA,0,4887599
ygfM_xdhD_predicted,0.5,1,1,GTGGTGGCATCGGACCGTTA,0,4871592
ygfM_xdhD_predicted,0.5,1,1,GTGGATTAAAATGGCCAGAG,0,4881606
ygfM_xdhD_predicted,0.5,1,1,GTGGAGAATAGGGGACTTCA,0,4876444
ygfM_xdhD_predicted,0.5,1,1,GTGCGGGGAGATTGCCGCAT,0,4885985
ygfM_xdhD_predicted,0.5,1,1,GTGCCGTCCCCGTTACGAAC,0,4886103
ygfM_xdhD_predicted,0.5,1,1,GTGCCGATGGGCAATCGCGT,0,4877979
ygfM_xdhD_predicted,0.5,1,1,GTGCCCAGATTCCGCATTCC,0,4898351
ygfM_xdhD_predicted,0.5,1,1,GTGCCAGACGCTATGGCTTA,0,4894403
ygfM_xdhD_predicted,0.5,1,1,GTGCATCGCGGGCTAAGACA,0,4895988
ygfM_xdhD_predicted,0.5,1,1,GTGCATACTTTTACGGTTCA,0,4866650
ygfM_xdhD_predicted,0.5,1,1,GTGCATAAAACACTCTGACT,0,4866842
ygfM_xdhD_predicted,0.5,1,1,GTGATTCGATCAGCCTAATG,0,4870491
ygfM_xdhD_predicted,0.5,1,1,GTGATCTGCAGCGTGCGGTA,0,4876714
ygfM_xdhD_predicted,0.5,1,1,GTGAGTATATTTCCAAAGCA,0,4873452
ygfM_xdhD_predicted,0.5,1,1,GTGAGGTGGGGTTAAACAAG,0,4885685
ygfM_xdhD_predicted,0.5,1,1,GTGACTGAGCCTCTCCCAAT,0,4878169
ygfM_xdhD_predicted,0.5,1,1,GTGACACGTGTACCTACTGA,0,4888566
ygfM_xdhD_predicted,0.5,1,1,GTGACACGGTTGGTTTTATA,0,4867340
ygfM_xdhD_predicted,0.5,1,1,GTGAATCTTTAGGCACGAGA,0,4886153
ygfM_xdhD_predicted,0.5,1,1,GTCTTGCGTAATTGCAAAAT,0,4898815
ygfM_xdhD_predicted,0.5,1,1,GTCTTCTTTCGACATATTCT,0,4881430
ygfM_xdhD_predicted,0.5,1,1,GTCTGGGCTCTGGTTACGAT,0,4867944
ygfM_xdhD_predicted,0.5,1,1,GTCTGCTGATTGCGAGGTAT,0,4889382
ygfM_xdhD_predicted,0.5,1,1,GTCTACTTTTCGCTCGCGTC,0,4881796
ygfM_xdhD_predicted,0.5,1,1,GTCTACTACAGTGGCCGCTT,0,4882962
ygfM_xdhD_predicted,0.5,1,1,GTCTAACCCGACGCGATTAG,0,4867581
ygfM_xdhD_predicted,0.5,1,1,GTCGGGCGACGATGGACATT,0,4869905
ygfM_xdhD_predicted,0.5,1,1,GTCGGAGGAACTGACTGATA,0,4878434
ygfM_xdhD_predicted,0.5,1,1,GTCCTGTCGCTAGAAGGCAG,0,4892829
ygfM_xdhD_predicted,0.5,1,1,GTCCTACCGGGTGCAACAGA,0,4890064
ygfM_xdhD_predicted,0.5,1,1,GTCCCTACGTTGCAACTTAG,0,4889733
ygfM_xdhD_predicted,0.5,1,1,GTCCCGGATCCGGATTAACA,0,4887280
ygfM_xdhD_predicted,0.5,1,1,GTCCAGCCCGGCCTACGAGA,0,4871671
ygfM_xdhD_predicted,0.5,1,1,GTCCAATTTTCAACGTACCC,0,4882822
ygfM_xdhD_predicted,0.5,1,1,GTCCAAGCGTTTCGAAACTC,0,4876590
ygfM_xdhD_predicted,0.5,1,1,GTCATCCTCCCCGCATGAAA,0,4889291
ygfM_xdhD_predicted,0.5,1,1,GTCAGTGCGGAAGCATATTG,0,4877390
ygfM_xdhD_predicted,0.5,1,1,GTCACGGATGAGGTTCTGTG,0,4864272
ygfM_xdhD_predicted,0.5,1,1,GTATTTACCACGGAAAGCAT,0,4865686
ygfM_xdhD_predicted,0.5,1,1,GTATTATTTGAGAGCATAGT,0,4872810
ygfM_xdhD_predicted,0.5,1,1,GTATTATTGCTCGCTTTTGT,0,4898141
ygfM_xdhD_predicted,0.5,1,1,GTATGTTACACAGAATGTGA,0,4878440
ygfM_xdhD_predicted,0.5,1,1,GTATCCCGGTGTGTGTCCAT,0,4866180
ygfM_xdhD_predicted,0.5,1,1,GTAGTGAAGAGAAGTTTTGA,0,4873388
ygfM_xdhD_predicted,0.5,1,1,GTAGTCCGCCTCGAAGTCTG,0,4886012
ygfM_xdhD_predicted,0.5,1,1,GTAGGCACACGTTCTCGCCC,0,4878425
ygfM_xdhD_predicted,0.5,1,1,GTAGCGATCAACGTGGCTTT,0,4886005
ygfM_xdhD_predicted,0.5,1,1,GTAGCCGGTTGACTAAACCA,0,4874438
ygfM_xdhD_predicted,0.5,1,1,GTAGCCATGGTTTGCACGCT,0,4895515
ygfM_xdhD_predicted,0.5,1,1,GTAGATCATCCGATTTTGCT,0,4891860
ygfM_xdhD_predicted,0.5,1,1,GTAGAGGCCTCGAAGTACAC,0,4870394
ygfM_xdhD_predicted,0.5,1,1,GTACTATGTAGCCTAGTACA,0,4895525
ygfM_xdhD_predicted,0.5,1,1,GTACTACAGACCAGGCCTTG,0,4871608
ygfM_xdhD_predicted,0.5,1,1,GTACTACAATGGCCCCCAGC,0,4898245
ygfM_xdhD_predicted,0.5,1,1,GTACGCGCAAATCAAACATA,0,4864399
ygfM_xdhD_predicted,0.5,1,1,GTACAAAAATGAAATGAAGC,0,4877509
ygfM_xdhD_predicted,0.5,1,1,GTAACTCGAAACTATAGTAA,0,4892353
ygfM_xdhD_predicted,0.5,1,1,GTAACGAGCGTTCGGGAGGG,0,4874302
ygfM_xdhD_predicted,0.5,1,1,GTAACATATTCGTTACGACT,0,4882959
ygfM_xdhD_predicted,0.5,1,1,GTAAAATCCCCATCGGTGGC,0,4891588
ygfM_xdhD_predicted,0.5,1,1,GGTTTTTAAGTTATCTTCCA,0,4895180
ygfM_xdhD_predicted,0.5,1,1,GGTTGTTGGGAACAATACAA,0,4872104
ygfM_xdhD_predicted,0.5,1,1,GGTTGTATAGAGCATACGTT,0,4864095
ygfM_xdhD_predicted,0.5,1,1,GGTTCCGACATACGTACCGT,0,4894142
ygfM_xdhD_predicted,0.5,1,1,GGTTCCCACGGCGAGATCTC,0,4886008
ygfM_xdhD_predicted,0.5,1,1,GGTTATTAAAATGAAGCCTC,0,4870659
ygfM_xdhD_predicted,0.5,1,1,GGTTAGCTAGGGGACACGGA,0,4870742
ygfM_xdhD_predicted,0.5,1,1,GGTTAATATGGGCGCTGATT,0,4883475
ygfM_xdhD_predicted,0.5,1,1,GGTGGCAGATTATTCGCCCA,0,4882007
ygfM_xdhD_predicted,0.5,1,1,GGTGCTAACAAGGTCAGTTT,0,4886581
ygfM_xdhD_predicted,0.5,1,1,GGTGCGCATAAGTGTTTATA,0,4874098
ygfM_xdhD_predicted,0.5,1,1,GGTCGCGGACTTATACTTGT,0,4869012
ygfM_xdhD_predicted,0.5,1,1,GGTCATTTAAGGCCGCTAAC,0,4895638
ygfM_xdhD_predicted,0.5,1,1,GGTATTCGTGGATATTATTT,0,4870898
ygfM_xdhD_predicted,0.5,1,1,GGTAGCGTCCCGACGCGTCT,0,4893752
ygfM_xdhD_predicted,0.5,1,1,GGTAGCGACAGAGAGTTAGA,0,4889013
ygfM_xdhD_predicted,0.5,1,1,GGTAGCCAGTGCCCCTTTAC,0,4870951
ygfM_xdhD_predicted,0.5,1,1,GGTAGAGACCGCTACACGAT,0,4878931
ygfM_xdhD_predicted,0.5,1,1,GGTACCGCGAGGCGTGTGGG,0,4891291
ygfM_xdhD_predicted,0.5,1,1,GGTACAGAAAGTATTCAGCA,0,4874646
ygfM_xdhD_predicted,0.5,1,1,GGTAAGTGGGGCGCTGAGGA,0,4870468
ygfM_xdhD_predicted,0.5,1,1,GGGTTTATGTAATGAACTTT,0,4891999
ygfM_xdhD_predicted,0.5,1,1,GGGTTATGTCTCTCAGTCAA,0,4879042
ygfM_xdhD_predicted,0.5,1,1,GGGTGTTTAATAACAGTGAC,0,4883935
ygfM_xdhD_predicted,0.5,1,1,GGGTCTGATGGTACAGCGCA,0,4887602
ygfM_xdhD_predicted,0.5,1,1,GGGTCATTTTCCTTATAGTG,0,4872161
ygfM_xdhD_predicted,0.5,1,1,GGGTCATCCCATTTACGGCA,0,4868604
ygfM_xdhD_predicted,0.5,1,1,GGGTCATCCATTATTTGCTA,0,4899022
ygfM_xdhD_predicted,0.5,1,1,GGGTAAACTTCAGAGCTCGG,0,4865196
ygfM_xdhD_predicted,0.5,1,1,GGGGTCAATCTTAAATTTAA,0,4880618
ygfM_xdhD_predicted,0.5,1,1,GGGGGTGCGTCCTCCCGCTC,0,4872902
ygfM_xdhD_predicted,0.5,1,1,GGGGGTCTGAATTGGTTTGG,0,4867133
ygfM_xdhD_predicted,0.5,1,1,GGGGATCCCATAAACCGCGG,0,4873234
ygfM_xdhD_predicted,0.5,1,1,GGGGATCACTGCATTAAACT,0,4879336
ygfM_xdhD_predicted,0.5,1,1,GGGCTTGGCATTTCTAGTGC,0,4878371
ygfM_xdhD_predicted,0.5,1,1,GGGCGAACACTTGCTTGCTT,0,4890659
ygfM_xdhD_predicted,0.5,1,1,GGGCCTGAGTATAAGGTGTG,0,4864849
ygfM_xdhD_predicted,0.5,1,1,GGGCCTCCTACCGATTAATC,0,4891578
ygfM_xdhD_predicted,0.5,1,1,GGGATCCTTGTCCGAACTCA,0,4892697
ygfM_xdhD_predicted,0.5,1,1,GGGAGGTGGGACCAGCGTGA,0,4888781
ygfM_xdhD_predicted,0.5,1,1,GGGAGGTGGATGCTCCGACA,0,4871526
ygfM_xdhD_predicted,0.5,1,1,GGGAGCCTACGCTTGGGCCT,0,4889330
ygfM_xdhD_predicted,0.5,1,1,GGGACTCAGAGGAGAGGGCA,0,4871453
ygfM_xdhD_predicted,0.5,1,1,GGGACGATGCACACCGGAGT,0,4886396
ygfM_xdhD_predicted,0.5,1,1,GGGACATTCCACAAACGTGT,0,4894779
ygfM_xdhD_predicted,0.5,1,1,GGGACATCTGGACTTGGTCA,0,4897746
ygfM_xdhD_predicted,0.5,1,1,GGGAACGTACCTTTAGTAAA,0,4877203
ygfM_xdhD_predicted,0.5,1,1,GGGAAAAGCTGAACTAGGCA,0,4895610
ygfM_xdhD_predicted,0.5,1,1,GGCTTTTATAAGGTGAGGTT,0,4890002
ygfM_xdhD_predicted,0.5,1,1,GGCTTTTAAAGTATGGGTAG,0,4889418
ygfM_xdhD_predicted,0.5,1,1,GGCTCGTAGTTACATGGGAA,0,4885546
ygfM_xdhD_predicted,0.5,1,1,GGCTCCTGCTCGCGGTAGTG,0,4896286
ygfM_xdhD_predicted,0.5,1,1,GGCTACTATAGTATCTGCTA,0,4867557
ygfM_xdhD_predicted,0.5,1,1,GGCTACGGTATGCGGTCAAG,0,4875899
ygfM_xdhD_predicted,0.5,1,1,GGCGGTAAGTGTGGCCTCCT,0,4865698
ygfM_xdhD_predicted,0.5,1,1,GGCGGGAAGCGATGAAGGCA,0,4879254
ygfM_xdhD_predicted,0.5,1,1,GGCGGCGAGGAACACCAAAA,0,4884678
ygfM_xdhD_predicted,0.5,1,1,GGCGCTACCGGTGCGTAGGA,0,4866048
ygfM_xdhD_predicted,0.5,1,1,GGCGCCATCAGATAGTCTAG,0,4871002
ygfM_xdhD_predicted,0.5,1,1,GGCCGTTGACATGTGTCTCA,0,4870675
ygfM_xdhD_predicted,0.5,1,1,GGCCGCTATTAGAGCTTAAA,0,4864455
ygfM_xdhD_predicted,0.5,1,1,GGCCGACCACTGCTAGAGTC,0,4892716
ygfM_xdhD_predicted,0.5,1,1,GGCCCTCTTGGAGCCATACA,0,4877449
ygfM_xdhD_predicted,0.5,1,1,GGCCCGGGGACCATATCTAA,0,4878097
ygfM_xdhD_predicted,0.5,1,1,GGCCCCTGGCAGGTGCTAAG,0,4884558
ygfM_xdhD_predicted,0.5,1,1,GGCCCCATGACGTAGTCTAC,0,4883039
ygfM_xdhD_predicted,0.5,1,1,GGCCCACAGGGGCATATATG,0,4883903
ygfM_xdhD_predicted,0.5,1,1,GGCCAGCGATCTCATGATTG,0,4887094
ygfM_xdhD_predicted,0.5,1,1,GGCATTAGGGCCACTTGATT,0,4893917
ygfM_xdhD_predicted,0.5,1,1,GGCAGTTTACCGGATTCTTA,0,4898634
ygfM_xdhD_predicted,0.5,1,1,GGCACCCCCTGAAAACGTCC,0,4874800
ygfM_xdhD_predicted,0.5,1,1,GGCAATTGACGAGTACTGTT,0,4894489
ygfM_xdhD_predicted,0.5,1,1,GGCAACATCAACTTCCTCGA,0,4886656
ygfM_xdhD_predicted,0.5,1,1,GGATTTGGGGTGAATCATAT,0,4889726
ygfM_xdhD_predicted,0.5,1,1,GGATTGTGCTAGAATCCACA,0,4876485
ygfM_xdhD_predicted,0.5,1,1,GGAGTCAGATGTGTGTCTTG,0,4891984
ygfM_xdhD_predicted,0.5,1,1,GGAGGTTCCGTTTGCTTAGG,0,4883754
ygfM_xdhD_predicted,0.5,1,1,GGAGCGCACAGAAGACAAGT,0,4867387
ygfM_xdhD_predicted,0.5,1,1,GGAGCACCTCTGCATAATTG,0,4878886
ygfM_xdhD_predicted,0.5,1,1,GGAGATGGTTGGATTGATCT,0,4894165
ygfM_xdhD_predicted,0.5,1,1,GGACCTTAGGTGGTACGCGA,0,4880142
ygfM_xdhD_predicted,0.5,1,1,GGACCAGCATGGAGTAAAGC,0,4869463
ygfM_xdhD_predicted,0.5,1,1,GGACCAATAGGGGGTAAGGT,0,4880951
ygfM_xdhD_predicted,0.5,1,1,GGACAGGCTAGCTCCGTAAC,0,4877171
ygfM_xdhD_predicted,0.5,1,1,GGACAGGCATGGCGCAGTCG,0,4894211
ygfM_xdhD_predicted,0.5,1,1,GGAATGCTGATGTAGGCCAC,0,4865997
ygfM_xdhD_predicted,0.5,1,1,GGAACCGGCTCCGAGAGCGA,0,4881753
ygfM_xdhD_predicted,0.5,1,1,GGAACACGATCTGGCCCGGA,0,4873756
ygfM_xdhD_predicted,0.5,1,1,GGAAATTGGTGCTGTGTGAT,0,4883765
ygfM_xdhD_predicted,0.5,1,1,GGAAAGCGAGCGTGGTAACA,0,4881810
ygfM_xdhD_predicted,0.5,1,1,GGAAAAGGGTAGAGCCCCAC,0,4889037
ygfM_xdhD_predicted,0.5,1,1,GGAAAAGGATCACGCCTTTT,0,4878545
ygfM_xdhD_predicted,0.5,1,1,GCTTTACCCATAAAGGATAA,0,4884621
ygfM_xdhD_predicted,0.5,1,1,GCTTTACAGCTAGTCCCGAT,0,4871784
ygfM_xdhD_predicted,0.5,1,1,GCTTTAAGAATGTTTTACTG,0,4868026
ygfM_xdhD_predicted,0.5,1,1,GCTTCAATGGTAATGAAATG,0,4893902
ygfM_xdhD_predicted,0.5,1,1,GCTGTTCGGGTTCGCGACTT,0,4893176
ygfM_xdhD_predicted,0.5,1,1,GCTGGGTTACCAAAGTCTGA,0,4879495
ygfM_xdhD_predicted,0.5,1,1,GCTGGCCTGACGTCACGCCT,0,4869296
ygfM_xdhD_predicted,0.5,1,1,GCTGGAGTAGGATATGCAAT,0,4892181
ygfM_xdhD_predicted,0.5,1,1,GCTGCTAAACAACTGGAACC,0,4876374
ygfM_xdhD_predicted,0.5,1,1,GCTGCGTCAAATTAATACAT,0,4885892
ygfM_xdhD_predicted,0.5,1,1,GCTGCACATATACGGCCATA,0,4894936
ygfM_xdhD_predicted,0.5,1,1,GCTGATGCTTGCCGAAGTAA,0,4881567
ygfM_xdhD_predicted,0.5,1,1,GCTCTGAGCCAGGTATTTTC,0,4892833
ygfM_xdhD_predicted,0.5,1,1,GCTCGCAGTTCAGCCCGACA,0,4892260
ygfM_xdhD_predicted,0.5,1,1,GCTCATAGCCAAGGTTCACA,0,4869154
ygfM_xdhD_predicted,0.5,1,1,GCTATCTCCCAGGGAGTGCT,0,4885463
ygfM_xdhD_predicted,0.5,1,1,GCTATAAAGCGAGGGCAGGT,0,4882363
ygfM_xdhD_predicted,0.5,1,1,GCTAGGTCTCTGCCTTGGAT,0,4876201
ygfM_xdhD_predicted,0.5,1,1,GCTAGGGCCATAGTCGCGAG,0,4893546
ygfM_xdhD_predicted,0.5,1,1,GCTACGGGGTTAGTGTGGTA,0,4867732
ygfM_xdhD_predicted,0.5,1,1,GCTACAGGCCTCGCGCGGGT,0,4894985
ygfM_xdhD_predicted,0.5,1,1,GCTACAGCCTCTCGTTTATA,0,4865372
ygfM_xdhD_predicted,0.5,1,1,GCTAATTATTCTCAGCGTCA,0,4865761
ygfM_xdhD_predicted,0.5,1,1,GCTAATCCCTCATAGGGGGG,0,4884004
ygfM_xdhD_predicted,0.5,1,1,GCTAAAGGATGTAGTAATTT,0,4881766
ygfM_xdhD_predicted,0.5,1,1,GCTAAAGATCGCTACCGGGC,0,4894149
ygfM_xdhD_predicted,0.5,1,1,GCGTTGGATAGGTGCTCCTG,0,4868268
ygfM_xdhD_predicted,0.5,1,1,GCGTTCCTGTTACGTAGTAA,0,4892681
ygfM_xdhD_predicted,0.5,1,1,GCGTTAGGTGAAGGGCGTTG,0,4864070
ygfM_xdhD_predicted,0.5,1,1,GCGTGTTTACCTGGACACCA,0,4885258
ygfM_xdhD_predicted,0.5,1,1,GCGTGTGATTGCTGTCGGAG,0,4868051
ygfM_xdhD_predicted,0.5,1,1,GCGTCTAAGAATTCAACCAC,0,4898742
ygfM_xdhD_predicted,0.5,1,1,GCGTCCGGTCGAGTGACGTT,0,4892973
ygfM_xdhD_predicted,0.5,1,1,GCGTATGACATTGACGGCTG,0,4867482
ygfM_xdhD_predicted,0.5,1,1,GCGTAATAATGGAGTACTCA,0,4899358
ygfM_xdhD_predicted,0.5,1,1,GCGGTGGTTCCTCGAGAGCG,0,4899464
ygfM_xdhD_predicted,0.5,1,1,GCGGGCTTCGCGTAGGTATT,0,4896336
ygfM_xdhD_predicted,0.5,1,1,GCGGACGTCTCAGCGGTCTG,0,4880516
ygfM_xdhD_predicted,0.5,1,1,GCGGAAAAATCCGACCAATT,0,4870351
ygfM_xdhD_predicted,0.5,1,1,GCGCGGAGCTTCTGTCAGGC,0,4867708
ygfM_xdhD_predicted,0.5,1,1,GCGCCAGGCACAGGGTAACC,0,4870480
ygfM_xdhD_predicted,0.5,1,1,GCGCATATAGTGATATATTA,0,4890550
ygfM_xdhD_predicted,0.5,1,1,GCGATTTCTCATCACGATAG,0,4886062
ygfM_xdhD_predicted,0.5,1,1,GCGATTTCGGTCGTTACACT,0,4880534
ygfM_xdhD_predicted,0.5,1,1,GCGATACGAAAACGAAAATG,0,4892062
ygfM_xdhD_predicted,0.5,1,1,GCGAGCTACCGAGTGGGTAC,0,4881842
ygfM_xdhD_predicted,0.5,1,1,GCGAATTCCTAACGCGTATT,0,4875951
ygfM_xdhD_predicted,0.5,1,1,GCGAATCTCTCTAGTAATCG,0,4892103
ygfM_xdhD_predicted,0.5,1,1,GCGAAACAGCCGTATCCTAA,0,4885521
ygfM_xdhD_predicted,0.5,1,1,GCCTTAACAAGCTATCGTCC,0,4894255
ygfM_xdhD_predicted,0.5,1,1,GCCTCTCCCCTCAAGAGGGT,0,4897817
ygfM_xdhD_predicted,0.5,1,1,GCCTACATTATGCATTTAAG,0,4876633
ygfM_xdhD_predicted,0.5,1,1,GCCTAAAGCGCGTTAGCTGA,0,4880791
ygfM_xdhD_predicted,0.5,1,1,GCCGTCGGGCGCGAGTTAGC,0,4882418
ygfM_xdhD_predicted,0.5,1,1,GCCGTCAGAAGTGGTGTATT,0,4868669
ygfM_xdhD_predicted,0.5,1,1,GCCGTAGCAGGTACTTGGAC,0,4891177
ygfM_xdhD_predicted,0.5,1,1,GCCGGTCCGAGGTCAAACGA,0,4875701
ygfM_xdhD_predicted,0.5,1,1,GCCGGTACTCAGGGCATAGG,0,4878321
ygfM_xdhD_predicted,0.5,1,1,GCCGGGTCGTCATCGTTACG,0,4890187
ygfM_xdhD_predicted,0.5,1,1,GCCGATGGTGCGGAGATGGC,0,4868546
ygfM_xdhD_predicted,0.5,1,1,GCCGATGATTGGGCTCGCCA,0,4874243
ygfM_xdhD_predicted,0.5,1,1,GCCGAATTCCCAGTCGGATT,0,4867125
ygfM_xdhD_predicted,0.5,1,1,GCCGAAGGTCTCGCTCCTTT,0,4863904
ygfM_xdhD_predicted,0.5,1,1,GCCCTGGGTACAAGATCCGG,0,4894252
ygfM_xdhD_predicted,0.5,1,1,GCCCGGGGATTGCACAGGAT,0,4893789
ygfM_xdhD_predicted,0.5,1,1,GCCCGCGCTAACATAATCAC,0,4871811
ygfM_xdhD_predicted,0.5,1,1,GCCCCCTTGCACAAACAAAT,0,4872624
ygfM_xdhD_predicted,0.5,1,1,GCCCACTCCCAATTTTACGT,0,4875990
ygfM_xdhD_predicted,0.5,1,1,GCCAGGTGGTTTAGAGTTTA,0,4870296
ygfM_xdhD_predicted,0.5,1,1,GCCACTACTTGCCAACAAGC,0,4891074
ygfM_xdhD_predicted,0.5,1,1,GCATGGTTCGTCTGCGTTAT,0,4887605
ygfM_xdhD_predicted,0.5,1,1,GCATCTAGTATGTTATGCAG,0,4864732
ygfM_xdhD_predicted,0.5,1,1,GCATCGCTACGCGTTTATGC,0,4868209
ygfM_xdhD_predicted,0.5,1,1,GCATCACACGATATCCAATT,0,4869980
ygfM_xdhD_predicted,0.5,1,1,GCATAGCCTAGAGAACCGTT,0,4871770
ygfM_xdhD_predicted,0.5,1,1,GCAGTCGAGTGATAAAGCTG,0,4877629
ygfM_xdhD_predicted,0.5,1,1,GCAGTCAGCTGATCGCGCGG,0,4885431
ygfM_xdhD_predicted,0.5,1,1,GCAGGTTGATGGGTCGCTTT,0,4879419
ygfM_xdhD_predicted,0.5,1,1,GCAGGTTCCCGCCCCTTCTG,0,4898332
ygfM_xdhD_predicted,0.5,1,1,GCAGGAGTCGGCCATAGCGA,0,4863970
ygfM_xdhD_predicted,0.5,1,1,GCAGGAATGATCCAGGGCAG,0,4892927
ygfM_xdhD_predicted,0.5,1,1,GCAGACCAAGTTAGGTGCGA,0,4877515
ygfM_xdhD_predicted,0.5,1,1,GCACTCAAATGGAACGTGAT,0,4869830
ygfM_xdhD_predicted,0.5,1,1,GCAATCGGCGGTATCATGAC,0,4895345
ygfM_xdhD_predicted,0.5,1,1,GCAAGTGCCCTGAAGGGTGA,0,4889348
ygfM_xdhD_predicted,0.5,1,1,GCAAGATCGTAGTTGTTCGA,0,4881324
ygfM_xdhD_predicted,0.5,1,1,GCAAAAGCGGTTGCCCCCGA,0,4893963
ygfM_xdhD_predicted,0.5,1,1,GATTTGGGGAGAGCAGCACG,0,4881517
ygfM_xdhD_predicted,0.5,1,1,GATTTCAATATATCGCAAGG,0,4886180
ygfM_xdhD_predicted,0.5,1,1,GATTGGGAGGCAGTTAGTAT,0,4885744
ygfM_xdhD_predicted,0.5,1,1,GATTCCAGGCTTCCGGGACA,0,4898863
ygfM_xdhD_predicted,0.5,1,1,GATTCAGATACGAGTGCTTC,0,4884971
ygfM_xdhD_predicted,0.5,1,1,GATGTACGACACAATGGCGA,0,4871769
ygfM_xdhD_predicted,0.5,1,1,GATGTAAACTCCACGGGTAA,0,4886393
ygfM_xdhD_predicted,0.5,1,1,GATGGTCCCTGGAATGTTTA,0,4878111
ygfM_xdhD_predicted,0.5,1,1,GATGAAGCCTTATCTGCGTA,0,4873250
ygfM_xdhD_predicted,0.5,1,1,GATGAAGCCCGGTTAAATAA,0,4873735
ygfM_xdhD_predicted,0.5,1,1,GATCTTGATTACTGCTTTGC,0,4867463
ygfM_xdhD_predicted,0.5,1,1,GATCTCACCGTAATGTAGGG,0,4872931
ygfM_xdhD_predicted,0.5,1,1,GATCGCAAGGACGTCCCCCC,0,4883178
ygfM_xdhD_predicted,0.5,1,1,GATCCGCTTCGGGCTAGTTT,0,4872013
ygfM_xdhD_predicted,0.5,1,1,GATATCTAAAGCGCTTCGCA,0,4876076
ygfM_xdhD_predicted,0.5,1,1,GATATCGCCGTAACTACAAC,0,4879727
ygfM_xdhD_predicted,0.5,1,1,GATAGCGTCGTGAACAACAT,0,4874674
ygfM_xdhD_predicted,0.5,1,1,GATACTATGTAATGGTCTTC,0,4865156
ygfM_xdhD_predicted,0.5,1,1,GATACCATCGGCACTTCGAT,0,4883099
ygfM_xdhD_predicted,0.5,1,1,GAGTTTCCGACCGCAGCTGG,0,4882004
ygfM_xdhD_predicted,0.5,1,1,GAGTTGAATGATGCTCGTTC,0,4899018
ygfM_xdhD_predicted,0.5,1,1,GAGTTAGTGCTCCGAGTTTG,0,4893143
ygfM_xdhD_predicted,0.5,1,1,GAGTGGGCATGCAGACCAGC,0,4869954
ygfM_xdhD_predicted,0.5,1,1,GAGTGCAAGCTAAAGAGGAG,0,4897364
ygfM_xdhD_predicted,0.5,1,1,GAGTCACGTATGCGCAGGAC,0,4893332
ygfM_xdhD_predicted,0.5,1,1,GAGTACTCTTCGCATTGGAT,0,4881250
ygfM_xdhD_predicted,0.5,1,1,GAGTAACGCAATAAATAAGA,0,4887279
ygfM_xdhD_predicted,0.5,1,1,GAGGTTCTTTTATGGTCAAT,0,4880092
ygfM_xdhD_predicted,0.5,1,1,GAGGGGATTCAGTTACGTAC,0,4881762
ygfM_xdhD_predicted,0.5,1,1,GAGGACGTCCTGGTTAGTAT,0,4869322
ygfM_xdhD_predicted,0.5,1,1,GAGCTCGGTCTGCATTGAAT,0,4871897
ygfM_xdhD_predicted,0.5,1,1,GAGCTCAAGGTTTCGCATCT,0,4881628
ygfM_xdhD_predicted,0.5,1,1,GAGCTACTGTCGGCGGTGAG,0,4889538
ygfM_xdhD_predicted,0.5,1,1,GAGCGTTCGTCAGATGCGGA,0,4891962
ygfM_xdhD_predicted,0.5,1,1,GAGCGCTCCCAGCGACGAGA,0,4896805
ygfM_xdhD_predicted,0.5,1,1,GAGCGAGGGTATCCTCCTTC,0,4876574
ygfM_xdhD_predicted,0.5,1,1,GAGCCCTGGGGCTACGAGGT,0,4896065
ygfM_xdhD_predicted,0.5,1,1,GAGCAGGCGATTTCATTGCA,0,4891095
ygfM_xdhD_predicted,0.5,1,1,GAGAGGGCAAATTCACTCGA,0,4876145
ygfM_xdhD_predicted,0.5,1,1,GAGAGCTTTTCTCATATAAA,0,4879103
ygfM_xdhD_predicted,0.5,1,1,GAGAACTGGGGAGCAGTCCA,0,4869951
ygfM_xdhD_predicted,0.5,1,1,GACTTAACCGTGTACCATAA,0,4885699
ygfM_xdhD_predicted,0.5,1,1,GACTACCATTCGCGATGCCC,0,4894954
ygfM_xdhD_predicted,0.5,1,1,GACGTCTTAAGAAACAGATA,0,4895441
ygfM_xdhD_predicted,0.5,1,1,GACGGTGAAAACCCAACGGC,0,4891491
ygfM_xdhD_predicted,0.5,1,1,GACGGGATAGAACTTTATGC,0,4877164
ygfM_xdhD_predicted,0.5,1,1,GACGATTAGGCAAGCTCGCC,0,4870467
ygfM_xdhD_predicted,0.5,1,1,GACGATCTATTGTGGAGCCC,0,4865149
ygfM_xdhD_predicted,0.5,1,1,GACCGTCCTTTGAGACTTGC,0,4892951
ygfM_xdhD_predicted,0.5,1,1,GACCAATGTGGTAGCTCGAG,0,4871748
ygfM_xdhD_predicted,0.5,1,1,GACATGTGACGAATGCAGTT,0,4868827
ygfM_xdhD_predicted,0.5,1,1,GACAGCGTCCTCCGGCCGAG,0,4869344
ygfM_xdhD_predicted,0.5,1,1,GACACAACGCTATTTCCGGT,0,4892970
ygfM_xdhD_predicted,0.5,1,1,GACAAAGTTTTGCACGTTGG,0,4894926
ygfM_xdhD_predicted,0.5,1,1,GAATTGCAGACGTCCTTGTC,0,4865375
ygfM_xdhD_predicted,0.5,1,1,GAATTAGGTATTTCTAACCC,0,4868031
ygfM_xdhD_predicted,0.5,1,1,GAATGCTTTAATTCCTCCAA,0,4880704
ygfM_xdhD_predicted,0.5,1,1,GAATATATCTTCTCGACGGA,0,4893139
ygfM_xdhD_predicted,0.5,1,1,GAATAAGCGGCACTTCGGGC,0,4874796
ygfM_xdhD_predicted,0.5,1,1,GAAGGTTTCTTCTCCTGTCG,0,4886460
ygfM_xdhD_predicted,0.5,1,1,GAAGGTAGATCGACCATAAT,0,4882723
ygfM_xdhD_predicted,0.5,1,1,GAAGGGTCCATTTGAACTTG,0,4863891
ygfM_xdhD_predicted,0.5,1,1,GAAGGGCTGTCCCAGTTGAA,0,4892769
ygfM_xdhD_predicted,0.5,1,1,GAAGGCAGGCCGGCCGCCAA,0,4895591
ygfM_xdhD_predicted,0.5,1,1,GAAGGATCTCGAGTGCCCCT,0,4887245
ygfM_xdhD_predicted,0.5,1,1,GAAGGAGCGCTCAATCCAAC,0,4867483
ygfM_xdhD_predicted,0.5,1,1,GAAGCTTGATACGCTGTCCA,0,4894809
ygfM_xdhD_predicted,0.5,1,1,GAAGCCCTGCGAGTCAAGAT,0,4890253
ygfM_xdhD_predicted,0.5,1,1,GAAGACTCATGGAGCCCCAC,0,4898781
ygfM_xdhD_predicted,0.5,1,1,GAACTTCGCCAAGTACCCTC,0,4882787
ygfM_xdhD_predicted,0.5,1,1,GAACTTAACATCGGAGGGAT,0,4871306
ygfM_xdhD_predicted,0.5,1,1,GAACTCGAACTAATAGACTT,0,4892683
ygfM_xdhD_predicted,0.5,1,1,GAACTAGGGCGGGCCTTATA,0,4898677
ygfM_xdhD_predicted,0.5,1,1,GAACGCTTTTAGAACCTGAA,0,4886448
ygfM_xdhD_predicted,0.5,1,1,GAACGCCGATGTCGGGTGGC,0,4873376
ygfM_xdhD_predicted,0.5,1,1,GAACCGTTTTTTTACGCAAG,0,4867154
ygfM_xdhD_predicted,0.5,1,1,GAACCGTAGTTAACTTACGG,0,4891964
ygfM_xdhD_predicted,0.5,1,1,GAACCCTGGATGATGAAGCC,0,4883783
ygfM_xdhD_predicted,0.5,1,1,GAACACGTCCAACGGAGCCA,0,4870015
ygfM_xdhD_predicted,0.5,1,1,GAAATCGAAAATGTAATGGA,0,4893337
ygfM_xdhD_predicted,0.5,1,1,GAAAGGTCGCCCTCTTTCTC,0,4880195
ygfM_xdhD_predicted,0.5,1,1,GAAACTGATGCCGGTCCGGA,0,4885719
ygfM_xdhD_predicted,0.5,1,1,GAAACCTCTCTGGGCAGAAG,0,4874932
ygfM_xdhD_predicted,0.5,1,1,GAAACCAAGATCGGAAGACC,0,4876481
ygfM_xdhD_predicted,0.5,1,1,CTTTGGCTTCAGGTTCTTTG,0,4889195
ygfM_xdhD_predicted,0.5,1,1,CTTTCCCGGGATGAGGTGGA,0,4875060
ygfM_xdhD_predicted,0.5,1,1,CTTTATAGTATTGTCGTGAA,0,4866089
ygfM_xdhD_predicted,0.5,1,1,CTTTACCACTGCCTAGCATT,0,4866770
ygfM_xdhD_predicted,0.5,1,1,CTTTAATCGTAATCCATTAG,0,4883734
ygfM_xdhD_predicted,0.5,1,1,CTTGTTATTTACACTTCCCC,0,4887376
ygfM_xdhD_predicted,0.5,1,1,CTTGGGGTTAAAAATGCTCG,0,4884306
ygfM_xdhD_predicted,0.5,1,1,CTTGGCCCGCCCTTATAGGC,0,4878148
ygfM_xdhD_predicted,0.5,1,1,CTTGGAGGTCCTTTGCAGTC,0,4882240
ygfM_xdhD_predicted,0.5,1,1,CTTGAATGTCCAAATGATGA,0,4883527
ygfM_xdhD_predicted,0.5,1,1,CTTCTATAGAGTGCCTAACG,0,4872211
ygfM_xdhD_predicted,0.5,1,1,CTTCTACGGTGCGTTGAAAG,0,4896046
ygfM_xdhD_predicted,0.5,1,1,CTTCGTCAGAATCTCGTGGA,0,4871469
ygfM_xdhD_predicted,0.5,1,1,CTTCCTTTGCTTCGCGGCTA,0,4890404
ygfM_xdhD_predicted,0.5,1,1,CTTCCTAGCATCCGGCGCAA,0,4881091
ygfM_xdhD_predicted,0.5,1,1,CTTCCGCTTGCGTACCCGAC,0,4865721
ygfM_xdhD_predicted,0.5,1,1,CTTCCAAGTCTGGCGGAGAT,0,4875409
ygfM_xdhD_predicted,0.5,1,1,CTTCATTACCTGCCAAGAGG,0,4897486
ygfM_xdhD_predicted,0.5,1,1,CTTATGTGGTTGAATAATAA,0,4893382
ygfM_xdhD_predicted,0.5,1,1,CTTATGCATCTTGCACACAT,0,4894449
ygfM_xdhD_predicted,0.5,1,1,CTTACTTTATGGATTACTAA,0,4866107
ygfM_xdhD_predicted,0.5,1,1,CTTACCAAGTTTTACCGGCC,0,4896829
ygfM_xdhD_predicted,0.5,1,1,CTTACAGTCGCATTTACGGT,0,4896180
ygfM_xdhD_predicted,0.5,1,1,CTTAAAAGGCCTCACGTTCA,0,4894256
ygfM_xdhD_predicted,0.5,1,1,CTGTTGTAGTTCTACGAATT,0,4876703
ygfM_xdhD_predicted,0.5,1,1,CTGTGCAACATTTAACGCAA,0,4864640
ygfM_xdhD_predicted,0.5,1,1,CTGTGATGAACTAGACGTTA,0,4873784
ygfM_xdhD_predicted,0.5,1,1,CTGTCGGTTAGCTTACTAAC,0,4889491
ygfM_xdhD_predicted,0.5,1,1,CTGTCACCACGTCACAACGC,0,4887600
ygfM_xdhD_predicted,0.5,1,1,CTGGGCAAGGTGTCGGATGG,0,4872594
ygfM_xdhD_predicted,0.5,1,1,CTGGCGCATAGGATAAGTAA,0,4883759
ygfM_xdhD_predicted,0.5,1,1,CTGGCCGAGGCTTTCAACGA,0,4869846
ygfM_xdhD_predicted,0.5,1,1,CTGGATATCAGTACGTACGA,0,4865032
ygfM_xdhD_predicted,0.5,1,1,CTGGATATAACATCGAATGT,0,4895178
ygfM_xdhD_predicted,0.5,1,1,CTGGAGCCTGCCCTTCCAGA,0,4881467
ygfM_xdhD_predicted,0.5,1,1,CTGGACACCGGAGAGTCAGC,0,4870813
ygfM_xdhD_predicted,0.5,1,1,CTGGAATATCAGCCGAGCAA,0,4879139
ygfM_xdhD_predicted,0.5,1,1,CTGGAAATTGCTCAATTCTT,0,4899617
ygfM_xdhD_predicted,0.5,1,1,CTGCTGGGCCGCTTGCAGGG,0,4895822
ygfM_xdhD_predicted,0.5,1,1,CTGCGGTATAAGAAATATCG,0,4872986
ygfM_xdhD_predicted,0.5,1,1,CTGCGGGCCAATCGCGAGGG,0,4869558
ygfM_xdhD_predicted,0.5,1,1,CTGCGAATCCGTGGTAAATT,0,4895144
ygfM_xdhD_predicted,0.5,1,1,CTGCCGTCTTCGGTGCATCG,0,4868860
ygfM_xdhD_predicted,0.5,1,1,CTGCCCTACTCACAACCGAT,0,4865287
ygfM_xdhD_predicted,0.5,1,1,CTGCCCCCTTCACATTAGGC,0,4883588
ygfM_xdhD_predicted,0.5,1,1,CTGCCCACGTCCCTTATTGG,0,4865969
ygfM_xdhD_predicted,0.5,1,1,CTGCATCAACTCCGCATTGT,0,4866093
ygfM_xdhD_predicted,0.5,1,1,CTGATCGGGGAAACGTTATG,0,4870669
ygfM_xdhD_predicted,0.5,1,1,CTGATCCACTTTGTCAGATC,0,4898627
ygfM_xdhD_predicted,0.5,1,1,CTGAGTAACTATATATGAAG,0,4869327
ygfM_xdhD_predicted,0.5,1,1,CTGAGCCGGGCGGAAATACA,0,4874278
ygfM_xdhD_predicted,0.5,1,1,CTGACCGATAACAGACAACC,0,4895127
ygfM_xdhD_predicted,0.5,1,1,CTGAAGCCATTAACGTTTGG,0,4890609
ygfM_xdhD_predicted,0.5,1,1,CTGAACTGAGTTGGCAAGCG,0,4884166
ygfM_xdhD_predicted,0.5,1,1,CTCTTCTGGCCCTCAATTGC,0,4873794
ygfM_xdhD_predicted,0.5,1,1,CTCGGGACCGGGTTCCCCTG,0,4891760
ygfM_xdhD_predicted,0.5,1,1,CTCGGCCTAACGTGCCAACA,0,4882834
ygfM_xdhD_predicted,0.5,1,1,CTCGCGCAGGATGCTCGACC,0,4890694
ygfM_xdhD_predicted,0.5,1,1,CTCGCCGTGCTGATTTGGCT,0,4873710
ygfM_xdhD_predicted,0.5,1,1,CTCGATAGGAATCCCATTGA,0,4878360
ygfM_xdhD_predicted,0.5,1,1,CTCGAGAACTTTCGTTTGGT,0,4889395
ygfM_xdhD_predicted,0.5,1,1,CTCCGTTGCTTTGCATTTGC,0,4867356
ygfM_xdhD_predicted,0.5,1,1,CTCAGGCATCTTTTATTGCT,0,4884633
ygfM_xdhD_predicted,0.5,1,1,CTCACGCAATTATGCTCAAA,0,4875488
ygfM_xdhD_predicted,0.5,1,1,CTCAACCCTTTGCCCGTCAC,0,4897086
ygfM_xdhD_predicted,0.5,1,1,CTCAAATTCTCAAGTACCCA,0,4869802
ygfM_xdhD_predicted,0.5,1,1,CTCAAACAGCCCTCTCGCTG,0,4879436
ygfM_xdhD_predicted,0.5,1,1,CTATTTGGCAACTGGAAAAC,0,4868295
ygfM_xdhD_predicted,0.5,1,1,CTATCGTTAAGTGCGGCGGA,0,4892393
ygfM_xdhD_predicted,0.5,1,1,CTATCCATAGCCCGTGTTGG,0,4877396
ygfM_xdhD_predicted,0.5,1,1,CTATAGGGATAATTCATTCC,0,4896093
ygfM_xdhD_predicted,0.5,1,1,CTATACTCATTTGCGAGAGT,0,4879380
ygfM_xdhD_predicted,0.5,1,1,CTAGTGTACAATAGAGCACA,0,4895047
ygfM_xdhD_predicted,0.5,1,1,CTAGTGAGGTGGGAATGACT,0,4899307
ygfM_xdhD_predicted,0.5,1,1,CTAGTAACGGATGGGAATTT,0,4870962
ygfM_xdhD_predicted,0.5,1,1,CTAGGTACCGTGCTCAGTCC,0,4876291
ygfM_xdhD_predicted,0.5,1,1,CTAGGGATGTACACACATTT,0,4887840
ygfM_xdhD_predicted,0.5,1,1,CTAGGAGGATAAAAAAACCC,0,4897140
ygfM_xdhD_predicted,0.5,1,1,CTAGGAACCCCCTTTTAACT,0,4874721
ygfM_xdhD_predicted,0.5,1,1,CTAGCCGTTTCTGTCAGTAC,0,4889987
ygfM_xdhD_predicted,0.5,1,1,CTAGCAGCCATTGACTGCGG,0,4876921
ygfM_xdhD_predicted,0.5,1,1,CTAGACCCCCAAACTGGTAT,0,4894938
ygfM_xdhD_predicted,0.5,1,1,CTAGAAGGGGGACCATTGAC,0,4891103
ygfM_xdhD_predicted,0.5,1,1,CTACATGGTGATTGCTTGAC,0,4863810
ygfM_xdhD_predicted,0.5,1,1,CTACACTGAGAATTTGATCC,0,4896226
ygfM_xdhD_predicted,0.5,1,1,CTACAATCAGGATATGCTCT,0,4891870
ygfM_xdhD_predicted,0.5,1,1,CTAATGACCATAAGTCGCGC,0,4879090
ygfM_xdhD_predicted,0.5,1,1,CTAATCAGCACCTAGGAACA,0,4898259
ygfM_xdhD_predicted,0.5,1,1,CGTTATCTTCAAGATTACCG,0,4873206
ygfM_xdhD_predicted,0.5,1,1,CGTTACACTGCAGCGGTACG,0,4871396
ygfM_xdhD_predicted,0.5,1,1,CGTTAAAAGTCGTACTGCGC,0,4884339
ygfM_xdhD_predicted,0.5,1,1,CGTGTTGTAGGCTAACGCAA,0,4899522
ygfM_xdhD_predicted,0.5,1,1,CGTGTTGGCGACTGCTTCCC,0,4874321
ygfM_xdhD_predicted,0.5,1,1,CGTGGCTACTAGGCGTACCA,0,4869353
ygfM_xdhD_predicted,0.5,1,1,CGTGGCCTGAGGTACTCTAG,0,4898403
ygfM_xdhD_predicted,0.5,1,1,CGTGGCAGGTCCGTAACTGA,0,4890702
ygfM_xdhD_predicted,0.5,1,1,CGTGGATATACTTCCGCGAC,0,4882345
ygfM_xdhD_predicted,0.5,1,1,CGTGGACTGGATCGGTTCGT,0,4894990
ygfM_xdhD_predicted,0.5,1,1,CGTGCGGGAAGGCTGTTCCC,0,4874382
ygfM_xdhD_predicted,0.5,1,1,CGTCGTGTATGTTTATACAG,0,4875961
ygfM_xdhD_predicted,0.5,1,1,CGTCGGAAGCGTGAACGCGG,0,4865937
ygfM_xdhD_predicted,0.5,1,1,CGTCGCCAGGTCCACCAAGG,0,4898190
ygfM_xdhD_predicted,0.5,1,1,CGTCGAACAGTGATATAATA,0,4889215
ygfM_xdhD_predicted,0.5,1,1,CGTATTATCGTTAATCTCTC,0,4865715
ygfM_xdhD_predicted,0.5,1,1,CGTATGGCCCAATTTACAGG,0,4867189
ygfM_xdhD_predicted,0.5,1,1,CGTATATCAGATTTTAAGGC,0,4864106
ygfM_xdhD_predicted,0.5,1,1,CGTAGAGTGGTACAAGCAAC,0,4886463
ygfM_xdhD_predicted,0.5,1,1,CGGTTTATACACAATATATA,0,4886258
ygfM_xdhD_predicted,0.5,1,1,CGGTGGACGTGGAATTCAAT,0,4875361
ygfM_xdhD_predicted,0.5,1,1,CGGTCCACAGGCAGACCTCC,0,4883286
ygfM_xdhD_predicted,0.5,1,1,CGGTAGGATTTTCATGTTGT,0,4894644
ygfM_xdhD_predicted,0.5,1,1,CGGTAAGAGAATACTCGCAT,0,4881291
ygfM_xdhD_predicted,0.5,1,1,CGGGTGCACGTGTAAAGACG,0,4889961
ygfM_xdhD_predicted,0.5,1,1,CGGGTAATTCATATAGAACA,0,4869048
ygfM_xdhD_predicted,0.5,1,1,CGGGGCAAGTAATTATAGCT,0,4896839
ygfM_xdhD_predicted,0.5,1,1,CGGGCGGACCCAGGTGCTTC,0,4880298
ygfM_xdhD_predicted,0.5,1,1,CGGGCGCCGCCCGCAGTACA,0,4883163
ygfM_xdhD_predicted,0.5,1,1,CGGGCCATGTACCCTACAAC,0,4877709
ygfM_xdhD_predicted,0.5,1,1,CGGGATTTCCCGCGATTTGA,0,4867337
ygfM_xdhD_predicted,0.5,1,1,CGGGAGATTCCCCACAAGAA,0,4894121
ygfM_xdhD_predicted,0.5,1,1,CGGATTTTTTCGAAAGCGAG,0,4870523
ygfM_xdhD_predicted,0.5,1,1,CGGATTTGCCGAGAATCCGT,0,4864976
ygfM_xdhD_predicted,0.5,1,1,CGGAGATGGATTCGTAGTTG,0,4868970
ygfM_xdhD_predicted,0.5,1,1,CGGACTGTGGCAACATCCTT,0,4876377
ygfM_xdhD_predicted,0.5,1,1,CGGACTCCACGCTATCGCGC,0,4897933
ygfM_xdhD_predicted,0.5,1,1,CGGACCTTCATTGGCTTTAC,0,4866288
ygfM_xdhD_predicted,0.5,1,1,CGGACCTGTGAATGTGGCGC,0,4870364
ygfM_xdhD_predicted,0.5,1,1,CGGACCGGGCGTCGGCATGA,0,4864837
ygfM_xdhD_predicted,0.5,1,1,CGGAATGCAAAGACGGGGAG,0,4870906
ygfM_xdhD_predicted,0.5,1,1,CGGAAGGTGGAGGAACTGCT,0,4866178
ygfM_xdhD_predicted,0.5,1,1,CGCTTTTTCGCTCGCCCTTG,0,4892347
ygfM_xdhD_predicted,0.5,1,1,CGCTTACCTCTCTTGCACGT,0,4873555
ygfM_xdhD_predicted,0.5,1,1,CGCTGTGTAGAGAGGGTAGT,0,4876558
ygfM_xdhD_predicted,0.5,1,1,CGCGTAGATATCGTCTTCCC,0,4873610
ygfM_xdhD_predicted,0.5,1,1,CGCGCTTGTCGTCACTGAAT,0,4896370
ygfM_xdhD_predicted,0.5,1,1,CGCGCTCGAATACATCTTAG,0,4886033
ygfM_xdhD_predicted,0.5,1,1,CGCGCGCACCAATCACGTTT,0,4882528
ygfM_xdhD_predicted,0.5,1,1,CGCGCGAGTACTGAACCTGT,0,4872939
ygfM_xdhD_predicted,0.5,1,1,CGCGACACTTCGTGCCAGTG,0,4884362
ygfM_xdhD_predicted,0.5,1,1,CGCGAAGTGCAACCAAGCAT,0,4864871
ygfM_xdhD_predicted,0.5,1,1,CGCGAACCCTGTCGCGAAAT,0,4875141
ygfM_xdhD_predicted,0.5,1,1,CGCCTTGACTAGCTGCGATA,0,4887604
ygfM_xdhD_predicted,0.5,1,1,CGCCTCTTAACGGCACCATA,0,4895330
ygfM_xdhD_predicted,0.5,1,1,CGCCAGAGGAGTCCCGCCGC,0,4868975
ygfM_xdhD_predicted,0.5,1,1,CGCATTGAGCACCGACAATG,0,4878448
ygfM_xdhD_predicted,0.5,1,1,CGCACTTACGAGACGCTCCA,0,4876144
ygfM_xdhD_predicted,0.5,1,1,CGCACTGGCTCCGCAAACAG,0,4869682
ygfM_xdhD_predicted,0.5,1,1,CGCAATACCTATACAAGGAG,0,4882757
ygfM_xdhD_predicted,0.5,1,1,CGCAAGATAAGAAAGCACTC,0,4866551
ygfM_xdhD_predicted,0.5,1,1,CGCAACGTTAACTGCCAAGC,0,4880530
ygfM_xdhD_predicted,0.5,1,1,CGATTGCACACTTAAAAAAC,0,4880566
ygfM_xdhD_predicted,0.5,1,1,CGATTCATGTGTGGGAGGAC,0,4875616
ygfM_xdhD_predicted,0.5,1,1,CGATCTGCCTTCCCGCCCAG,0,4896493
ygfM_xdhD_predicted,0.5,1,1,CGATAGGTTATAACAGAAAA,0,4896552
ygfM_xdhD_predicted,0.5,1,1,CGAGTTGTGTGGCCTGAACA,0,4892702
ygfM_xdhD_predicted,0.5,1,1,CGAGTGGAAAATGGGTTGCA,0,4896120
ygfM_xdhD_predicted,0.5,1,1,CGAGTGCACTTTTCGAAAAA,0,4896716
ygfM_xdhD_predicted,0.5,1,1,CGAGTCGCAAAAGGCCGATT,0,4876008
ygfM_xdhD_predicted,0.5,1,1,CGAGGTGGGACGGCGGATGA,0,4883831
ygfM_xdhD_predicted,0.5,1,1,CGAGCTCGAACAATCGCTGC,0,4863922
ygfM_xdhD_predicted,0.5,1,1,CGAGCTAGGATTCTTTAGCA,0,4899475
ygfM_xdhD_predicted,0.5,1,1,CGAGCCCGGGGGCTGTCCGT,0,4881174
ygfM_xdhD_predicted,0.5,1,1,CGACTGAGTAAGTTGCCCGG,0,4887276
ygfM_xdhD_predicted,0.5,1,1,CGACCGGTTTTGAAGAGCCC,0,4871641
ygfM_xdhD_predicted,0.5,1,1,CGACCGAAGAAGCGGATACT,0,4875099
ygfM_xdhD_predicted,0.5,1,1,CGACAGAGGGCTAATTTGAG,0,4891002
ygfM_xdhD_predicted,0.5,1,1,CGAACTTCCTAATAGCGTAA,0,4874662
ygfM_xdhD_predicted,0.5,1,1,CGAACTGACTGAATTTAATG,0,4866803
ygfM_xdhD_predicted,0.5,1,1,CGAACGATTTATTGTGTTAG,0,4879346
ygfM_xdhD_predicted,0.5,1,1,CGAACGAATTTCAAGACGGT,0,4885692
ygfM_xdhD_predicted,0.5,1,1,CCTTTTGTCCTTAGCATTAA,0,4887383
ygfM_xdhD_predicted,0.5,1,1,CCTTGTTTCGGAGTTAAAGT,0,4876452
ygfM_xdhD_predicted,0.5,1,1,CCTTCAGCTAGGGAGCACAT,0,4895725
ygfM_xdhD_predicted,0.5,1,1,CCTTAAGCTCATTTAACTAG,0,4873569
ygfM_xdhD_predicted,0.5,1,1,CCTGTCTGAATTGGTTTAAT,0,4881650
ygfM_xdhD_predicted,0.5,1,1,CCTGTCGAGGCCTGGCTGGC,0,4894564
ygfM_xdhD_predicted,0.5,1,1,CCTGGGGGGAAGGACCATAC,0,4881445
ygfM_xdhD_predicted,0.5,1,1,CCTGGGAATACATTCTAAAT,0,4898193
ygfM_xdhD_predicted,0.5,1,1,CCTGGAAGGAATTACATTCC,0,4877092
ygfM_xdhD_predicted,0.5,1,1,CCTGCTCGACCCCTAGAGCC,0,4871123
ygfM_xdhD_predicted,0.5,1,1,CCTGAAATCCCCACTCCAGT,0,4895334
ygfM_xdhD_predicted,0.5,1,1,CCTCGATGCTAATGCCCACC,0,4882092
ygfM_xdhD_predicted,0.5,1,1,CCTCCTTCTCTTGGATTACC,0,4866631
ygfM_xdhD_predicted,0.5,1,1,CCTCCCTCAGCGAGCTACGT,0,4895697
ygfM_xdhD_predicted,0.5,1,1,CCTCAAGAGACAACCGAAAT,0,4883489
ygfM_xdhD_predicted,0.5,1,1,CCTAGGATCGACCCCGGAGG,0,4882425
ygfM_xdhD_predicted,0.5,1,1,CCTAGCAACCTGATGGATCA,0,4864633
ygfM_xdhD_predicted,0.5,1,1,CCTAGATGATGTGTATGAGA,0,4864127
ygfM_xdhD_predicted,0.5,1,1,CCTAGAAAGTTGTCCGAGTA,0,4867120
ygfM_xdhD_predicted,0.5,1,1,CCTACGAGAACCACTCGAGC,0,4864484
ygfM_xdhD_predicted,0.5,1,1,CCTACGACTGCGGCTGAATC,0,4871724
ygfM_xdhD_predicted,0.5,1,1,CCTAATCCTAGCATCCGAGG,0,4895535
ygfM_xdhD_predicted,0.5,1,1,CCTAAACAGAATGCAGGATT,0,4887606
ygfM_xdhD_predicted,0.5,1,1,CCGTTCCTGAGACGCCACCC,0,4893718
ygfM_xdhD_predicted,0.5,1,1,CCGTGCGACTCCGACTGTGA,0,4883519
ygfM_xdhD_predicted,0.5,1,1,CCGTCCTCCGAGCCGGGACG,0,4884915
ygfM_xdhD_predicted,0.5,1,1,CCGGTTTTTGATTGTAGGCC,0,4896450
ygfM_xdhD_predicted,0.5,1,1,CCGGTGGGGGATAAGCTCGT,0,4898386
ygfM_xdhD_predicted,0.5,1,1,CCGGTGATCGATGAGACACA,0,4881942
ygfM_xdhD_predicted,0.5,1,1,CCGGTCCGTTGCTTTGAAGA,0,4874314
ygfM_xdhD_predicted,0.5,1,1,CCGGGAAATGCCACACGGAC,0,4872854
ygfM_xdhD_predicted,0.5,1,1,CCGGCTTTATCACTGAAGCG,0,4886163
ygfM_xdhD_predicted,0.5,1,1,CCGGCGGAGTTCAGACCCCA,0,4897108
ygfM_xdhD_predicted,0.5,1,1,CCGGCCGTTGGGCTTCGACG,0,4871169
ygfM_xdhD_predicted,0.5,1,1,CCGGAGCGTCGCGGACTTCG,0,4886042
ygfM_xdhD_predicted,0.5,1,1,CCGGACTCTTAACTGCCGTG,0,4868806
ygfM_xdhD_predicted,0.5,1,1,CCGCTATGGGGTTCCAACGT,0,4890140
ygfM_xdhD_predicted,0.5,1,1,CCGCTACTTAGATGGACAGA,0,4870427
ygfM_xdhD_predicted,0.5,1,1,CCGCTACGGTGCGCTACAGA,0,4897865
ygfM_xdhD_predicted,0.5,1,1,CCGCGGTGGTCATTCTGAAC,0,4866823
ygfM_xdhD_predicted,0.5,1,1,CCGATATGTCTCTATCCGAT,0,4872116
ygfM_xdhD_predicted,0.5,1,1,CCGAGGTGATATGATGATAC,0,4871865
ygfM_xdhD_predicted,0.5,1,1,CCCTGGGCAAGTGTAAGGAA,0,4893508
ygfM_xdhD_predicted,0.5,1,1,CCCTGGCATGGACTAGGGTT,0,4894405
ygfM_xdhD_predicted,0.5,1,1,CCCGTCTGAGATGCGTCCAC,0,4891844
ygfM_xdhD_predicted,0.5,1,1,CCCGGGGTGCTTGAGTTAAA,0,4871813
ygfM_xdhD_predicted,0.5,1,1,CCCGGCCCCGCCCAGGGAAT,0,4882808
ygfM_xdhD_predicted,0.5,1,1,CCCGCTTGAAAAATACCCAA,0,4882368
ygfM_xdhD_predicted,0.5,1,1,CCCCTTTCCGCACTGCATAG,0,4885576
ygfM_xdhD_predicted,0.5,1,1,CCCCTCCATGATGGGTGGTA,0,4883474
ygfM_xdhD_predicted,0.5,1,1,CCCCTATCCTCCGAGGGCTC,0,4885164
ygfM_xdhD_predicted,0.5,1,1,CCCCTAGGACTTCCTTCCTT,0,4883669
ygfM_xdhD_predicted,0.5,1,1,CCCCGCATTAGTGTCTTGGG,0,4874387
ygfM_xdhD_predicted,0.5,1,1,CCCCGATTGGCTAGTAGGGT,0,4892015
ygfM_xdhD_predicted,0.5,1,1,CCCCGACGACAAATTTAGTG,0,4885025
ygfM_xdhD_predicted,0.5,1,1,CCCCCTCGAACCATGAGCCA,0,4865570
ygfM_xdhD_predicted,0.5,1,1,CCCATTGCGCAACGGAGTGA,0,4881277
ygfM_xdhD_predicted,0.5,1,1,CCCACGTAGGGCGCGGACCC,0,4871477
ygfM_xdhD_predicted,0.5,1,1,CCCAAGCTAACGCGCCCTTC,0,4869133
ygfM_xdhD_predicted,0.5,1,1,CCCAAGACGCTTGTTCTACG,0,4871982
ygfM_xdhD_predicted,0.5,1,1,CCCAAAAACCATGCTCCCCA,0,4881162
ygfM_xdhD_predicted,0.5,1,1,CCATTTATAATGGTACCAAA,0,4885660
ygfM_xdhD_predicted,0.5,1,1,CCATGCCGTCACCTAGTATA,0,4868834
ygfM_xdhD_predicted,0.5,1,1,CCATGCATTGGGGTTGCACG,0,4872999
ygfM_xdhD_predicted,0.5,1,1,CCATCCTGGTACCGTCCCCC,0,4882928
ygfM_xdhD_predicted,0.5,1,1,CCATATTGTACTGTGAAACG,0,4877131
ygfM_xdhD_predicted,0.5,1,1,CCATAGATTCAGGAACGTGT,0,4870030
ygfM_xdhD_predicted,0.5,1,1,CCAGTTCCGTAGGGATGGCA,0,4880316
ygfM_xdhD_predicted,0.5,1,1,CCAGTGTGCACCACTCGAGC,0,4885294
ygfM_xdhD_predicted,0.5,1,1,CCAGTAATCTAAAGCTCGGA,0,4877636
ygfM_xdhD_predicted,0.5,1,1,CCAGGTATTCCATTTATTTC,0,4865953
ygfM_xdhD_predicted,0.5,1,1,CCAGGGGTGGCTACCGTTAG,0,4894197
ygfM_xdhD_predicted,0.5,1,1,CCACGGTAAACCTATCATCC,0,4887617
ygfM_xdhD_predicted,0.5,1,1,CCACCACTATTGTTTCTTGA,0,4871845
ygfM_xdhD_predicted,0.5,1,1,CCACCAATAAGCAGTTTTTT,0,4876065
ygfM_xdhD_predicted,0.5,1,1,CCACAGCTTCCTCTACCGCG,0,4869144
ygfM_xdhD_predicted,0.5,1,1,CCACAATAAAGCCACCTGGG,0,4887361
ygfM_xdhD_predicted,0.5,1,1,CCACAAGTACTTAGGTGGCC,0,4895084
ygfM_xdhD_predicted,0.5,1,1,CCACAACGCCTTTTGTAAGA,0,4881140
ygfM_xdhD_predicted,0.5,1,1,CCAATGCGCCTCAGATCATA,0,4882825
ygfM_xdhD_predicted,0.5,1,1,CCAATCCGAAGAAAGATCAA,0,4897380
ygfM_xdhD_predicted,0.5,1,1,CCAACTTGGCGGTACGCTTC,0,4881157
ygfM_xdhD_predicted,0.5,1,1,CCAACCGTGCCCAAACACAT,0,4870118
ygfM_xdhD_predicted,0.5,1,1,CCAAACGCTGACCGTTTGGT,0,4882653
ygfM_xdhD_predicted,0.5,1,1,CATTTTTTCTCATTAGGGCT,0,4887353
ygfM_xdhD_predicted,0.5,1,1,CATTTATTTTGCAAACCAGT,0,4884369
ygfM_xdhD_predicted,0.5,1,1,CATTTACCGCAGGAAGTAGA,0,4887137
ygfM_xdhD_predicted,0.5,1,1,CATTCCCAGTGTCCTCCCCA,0,4881290
ygfM_xdhD_predicted,0.5,1,1,CATTATGTCAATCACCACGA,0,4875081
ygfM_xdhD_predicted,0.5,1,1,CATTAGTATCCGTGCGTCTA,0,4885564
ygfM_xdhD_predicted,0.5,1,1,CATTAGCCCGTACACCCGAC,0,4897644
ygfM_xdhD_predicted,0.5,1,1,CATTAGACGCGCCTCATGGC,0,4893258
ygfM_xdhD_predicted,0.5,1,1,CATGTTTACACTGGATTGAA,0,4893067
ygfM_xdhD_predicted,0.5,1,1,CATGCTGACATGCGGTTACA,0,4893085
ygfM_xdhD_predicted,0.5,1,1,CATGCGTGGTCAGTGCCGTA,0,4875190
ygfM_xdhD_predicted,0.5,1,1,CATGCCATACACGTTAAGTT,0,4889763
ygfM_xdhD_predicted,0.5,1,1,CATGCAGACTTTGAATGACT,0,4868325
ygfM_xdhD_predicted,0.5,1,1,CATCTTTACATGCTAGCCAG,0,4893934
ygfM_xdhD_predicted,0.5,1,1,CATCGCTTACTGCGCCAAAT,0,4884325
ygfM_xdhD_predicted,0.5,1,1,CATCGCCCTCCTGCTAGCGA,0,4891707
ygfM_xdhD_predicted,0.5,1,1,CATCGCATCGCACGCGAGTC,0,4896133
ygfM_xdhD_predicted,0.5,1,1,CATCCGATGTCCGGTAAAGA,0,4876164
ygfM_xdhD_predicted,0.5,1,1,CATCAGGTTTTCTGATCGGT,0,4870437
ygfM_xdhD_predicted,0.5,1,1,CATATCAGGTTCCTCGGAGG,0,4881738
ygfM_xdhD_predicted,0.5,1,1,CATATAGTGGCCGAATGTAC,0,4896087
ygfM_xdhD_predicted,0.5,1,1,CATAGAAGTGGCTCTGAATA,0,4895939
ygfM_xdhD_predicted,0.5,1,1,CATACTTGTGGACGCCCTCC,0,4877369
ygfM_xdhD_predicted,0.5,1,1,CATACTACAGCATCCGCGCT,0,4886252
ygfM_xdhD_predicted,0.5,1,1,CAGTGGGACAATACGCGGTC,0,4895128
ygfM_xdhD_predicted,0.5,1,1,CAGTGGCCCAACTATTCCGA,0,4894425
ygfM_xdhD_predicted,0.5,1,1,CAGTGGATATCGCGAATTCG,0,4895827
ygfM_xdhD_predicted,0.5,1,1,CAGTGATTGTTAGGTAGGTA,0,4887077
ygfM_xdhD_predicted,0.5,1,1,CAGTAACCGAGAACATAAGC,0,4898303
ygfM_xdhD_predicted,0.5,1,1,CAGGTACCGGACGCGCCTGC,0,4879320
ygfM_xdhD_predicted,0.5,1,1,CAGGGTTCGGCCTCAATACT,0,4875834
ygfM_xdhD_predicted,0.5,1,1,CAGGGAGCGCTAGGGTTATA,0,4874685
ygfM_xdhD_predicted,0.5,1,1,CAGGCTTCCTAACATTTGGT,0,4878429
ygfM_xdhD_predicted,0.5,1,1,CAGGCTCTTCGCGGAATCTT,0,4872011
ygfM_xdhD_predicted,0.5,1,1,CAGGCGAGGTAAAACTTTCG,0,4889648
ygfM_xdhD_predicted,0.5,1,1,CAGGATTGCTCCTTAGATGA,0,4870918
ygfM_xdhD_predicted,0.5,1,1,CAGGACCACATCCCAACCTC,0,4871525
ygfM_xdhD_predicted,0.5,1,1,CAGCCCTAGGATTGATAGAA,0,4867569
ygfM_xdhD_predicted,0.5,1,1,CAGAGGAGACCCGATCGGCG,0,4883973
ygfM_xdhD_predicted,0.5,1,1,CAGACTATAAGCTCGGAAGT,0,4898727
ygfM_xdhD_predicted,0.5,1,1,CAGAATGAAGTGGAAGCGCA,0,4882867
ygfM_xdhD_predicted,0.5,1,1,CACTTAACAAGGGTCAAAAA,0,4884163
ygfM_xdhD_predicted,0.5,1,1,CACTCAACTGTAAATAGGCG,0,4881839
ygfM_xdhD_predicted,0.5,1,1,CACGTTTCCGAACCTCGGTA,0,4893231
ygfM_xdhD_predicted,0.5,1,1,CACGTGACGGGAGATCGTTT,0,4876920
ygfM_xdhD_predicted,0.5,1,1,CACGGTTTTCGTATATGTTT,0,4895302
ygfM_xdhD_predicted,0.5,1,1,CACGGCCAGGTCCGGGGGAC,0,4889862
ygfM_xdhD_predicted,0.5,1,1,CACGCATTGTGCAGTATATC,0,4891541
ygfM_xdhD_predicted,0.5,1,1,CACGAGTGAGTGAGAAACCT,0,4879974
ygfM_xdhD_predicted,0.5,1,1,CACCTCATCCGTGGCGAGGT,0,4887321
ygfM_xdhD_predicted,0.5,1,1,CACCTCATCAGAATACTAGG,0,4875659
ygfM_xdhD_predicted,0.5,1,1,CACCGCGGAGTCATACCCGC,0,4898109
ygfM_xdhD_predicted,0.5,1,1,CACCCTGGGTTATACGGTGC,0,4881552
ygfM_xdhD_predicted,0.5,1,1,CACCCTCTAATATAGGAAAT,0,4871111
ygfM_xdhD_predicted,0.5,1,1,CACCATGAAGAAGATCTGTA,0,4898436
ygfM_xdhD_predicted,0.5,1,1,CACATGTCCGAGGGTAATGC,0,4881407
ygfM_xdhD_predicted,0.5,1,1,CACATACGTCGGGGCAAGCC,0,4867346
ygfM_xdhD_predicted,0.5,1,1,CACATAACATTAAACAACCA,0,4881003
ygfM_xdhD_predicted,0.5,1,1,CACAGCAAACGCAGCGAGCA,0,4894264
ygfM_xdhD_predicted,0.5,1,1,CACAGAGATACCCCCCTTCG,0,4891944
ygfM_xdhD_predicted,0.5,1,1,CACAATCAGTGACACTACGA,0,4894312
ygfM_xdhD_predicted,0.5,1,1,CAATTGCTTCCCTGGGGGTC,0,4884590
ygfM_xdhD_predicted,0.5,1,1,CAATTGCCGAACTGCGCGTG,0,4884533
ygfM_xdhD_predicted,0.5,1,1,CAATTCCACCGGCTTACGTA,0,4868473
ygfM_xdhD_predicted,0.5,1,1,CAATCCTATCCCATTGCGGT,0,4885048
ygfM_xdhD_predicted,0.5,1,1,CAATACGACGGTGGCGTAAG,0,4887791
ygfM_xdhD_predicted,0.5,1,1,CAAGTGCTTATACTAACACT,0,4889869
ygfM_xdhD_predicted,0.5,1,1,CAAGGGTAGGGTCCCAATGT,0,4890900
ygfM_xdhD_predicted,0.5,1,1,CAAGGGAGGGCGAGGACGAT,0,4875128
ygfM_xdhD_predicted,0.5,1,1,CAAGGCTCGAATGGTCCTCC,0,4870576
ygfM_xdhD_predicted,0.5,1,1,CAAGATGCTGGATAACGTGA,0,4875921
ygfM_xdhD_predicted,0.5,1,1,CAAGAGGTCCAGTACAGAAC,0,4864990
ygfM_xdhD_predicted,0.5,1,1,CAACCAGTGTCCTGTACGCT,0,4889612
ygfM_xdhD_predicted,0.5,1,1,CAACAGATAACTCCGTAGCT,0,4882123
ygfM_xdhD_predicted,0.5,1,1,CAAAGCCTTAATAGTAACAC,0,4880345
ygfM_xdhD_predicted,0.5,1,1,CAAAAGTGGTTTTTTCTATC,0,4891251
ygfM_xdhD_predicted,0.5,1,1,ATTTCACCAGTCCTTCCAGA,0,4892767
ygfM_xdhD_predicted,0.5,1,1,ATTGTGTAAATTTCATACGC,0,4892189
ygfM_xdhD_predicted,0.5,1,1,ATTGTAATTGTGCGCGGTTA,0,4866402
ygfM_xdhD_predicted,0.5,1,1,ATTGGGCTTAGCTCTGCGGA,0,4875256
ygfM_xdhD_predicted,0.5,1,1,ATTGGCCATCTGGCACGGAC,0,4863867
ygfM_xdhD_predicted,0.5,1,1,ATTGCCTGTACATCGGGATC,0,4872692
ygfM_xdhD_predicted,0.5,1,1,ATTGCATCCTTGGGCTTTGA,0,4894091
ygfM_xdhD_predicted,0.5,1,1,ATTGCAGGAGAATTGATCGT,0,4882515
ygfM_xdhD_predicted,0.5,1,1,ATTGATAATGTGTCTTGGGT,0,4871497
ygfM_xdhD_predicted,0.5,1,1,ATTCTTATGATGTGCCGCAC,0,4879695
ygfM_xdhD_predicted,0.5,1,1,ATTCTGAATAGCATAGTTCT,0,4894285
ygfM_xdhD_predicted,0.5,1,1,ATTCGCGGAAACATGCAAAG,0,4888925
ygfM_xdhD_predicted,0.5,1,1,ATTCGATCGTGAAGTCCCAG,0,4872482
ygfM_xdhD_predicted,0.5,1,1,ATTCCTGACTACACAACGTC,0,4887848
ygfM_xdhD_predicted,0.5,1,1,ATTCATCGCGAACAGCAGAA,0,4883000
ygfM_xdhD_predicted,0.5,1,1,ATTCAAATGGTGAGTACCCG,0,4894621
ygfM_xdhD_predicted,0.5,1,1,ATTATGCTACGAATGCATTA,0,4874127
ygfM_xdhD_predicted,0.5,1,1,ATTAGTCGAAGGACGTGGCC,0,4889531
ygfM_xdhD_predicted,0.5,1,1,ATTAGGCAGTCGTGACCTAG,0,4865665
ygfM_xdhD_predicted,0.5,1,1,ATTACCAGTAATAAGCCCCT,0,4893156
ygfM_xdhD_predicted,0.5,1,1,ATTACATCAAGTTTCCTGGG,0,4889818
ygfM_xdhD_predicted,0.5,1,1,ATTAAGCAATTTTCTTCATG,0,4869062
ygfM_xdhD_predicted,0.5,1,1,ATTAAAAAAGATTTGGAAAC,0,4898392
ygfM_xdhD_predicted,0.5,1,1,ATGTTTTGAGATCAAGTATC,0,4885497
ygfM_xdhD_predicted,0.5,1,1,ATGTGATCCCAACGGGGTAA,0,4883144
ygfM_xdhD_predicted,0.5,1,1,ATGTATTGCGGCGGACCGGG,0,4874188
ygfM_xdhD_predicted,0.5,1,1,ATGTATAGTGAGCTATATCT,0,4864552
ygfM_xdhD_predicted,0.5,1,1,ATGTACCGCAGATTTCGGCA,0,4883305
ygfM_xdhD_predicted,0.5,1,1,ATGGTGGCAGCGGGCCGGAA,0,4878820
ygfM_xdhD_predicted,0.5,1,1,ATGGGCCGCGGCTCCGGCGT,0,4887221
ygfM_xdhD_predicted,0.5,1,1,ATGGCAATGGCTCGCGCTCA,0,4878127
ygfM_xdhD_predicted,0.5,1,1,ATGGACAACGATACCCAAAA,0,4881020
ygfM_xdhD_predicted,0.5,1,1,ATGCTGCTCTAGTTCGGCAC,0,4881525
ygfM_xdhD_predicted,0.5,1,1,ATGCTACCTCTACGCCACAT,0,4885136
ygfM_xdhD_predicted,0.5,1,1,ATGCGTCCGTGCGCGGGCGT,0,4892529
ygfM_xdhD_predicted,0.5,1,1,ATGCGGCAAATACTGACTAT,0,4896090
ygfM_xdhD_predicted,0.5,1,1,ATGCCAATGGCCCAACTTAC,0,4873497
ygfM_xdhD_predicted,0.5,1,1,ATGATGGAGTACACTGACTA,0,4878996
ygfM_xdhD_predicted,0.5,1,1,ATGAGTGAACCACCAACTCC,0,4892520
ygfM_xdhD_predicted,0.5,1,1,ATGAGTAAGTATCTGGCCCT,0,4883914
ygfM_xdhD_predicted,0.5,1,1,ATGAGGGGCTGGGGACATAG,0,4886020
ygfM_xdhD_predicted,0.5,1,1,ATGAGGCGCTGCGACTCCCA,0,4892914
ygfM_xdhD_predicted,0.5,1,1,ATGAGCGAACTGACCCTGGG,0,4899265
ygfM_xdhD_predicted,0.5,1,1,ATGAGAGTATATCGGGACGT,0,4883336
ygfM_xdhD_predicted,0.5,1,1,ATGACCGCGCAACCTGGGGT,0,4884644
ygfM_xdhD_predicted,0.5,1,1,ATGAATCCTATAATCACGGA,0,4893579
ygfM_xdhD_predicted,0.5,1,1,ATCTGAAGAGTTATCGCCAC,0,4891403
ygfM_xdhD_predicted,0.5,1,1,ATCTCTGCGTAATTTACACT,0,4891902
ygfM_xdhD_predicted,0.5,1,1,ATCTATGGTCTACGATTCAG,0,4865413
ygfM_xdhD_predicted,0.5,1,1,ATCGGGTCATTTTTCGGGGG,0,4893638
ygfM_xdhD_predicted,0.5,1,1,ATCGCCAGGCGAATACTGCC,0,4886403
ygfM_xdhD_predicted,0.5,1,1,ATCGAGAGCGTTACAGTCAT,0,4891789
ygfM_xdhD_predicted,0.5,1,1,ATCCGCGGTCGAGTGTCTCG,0,4875551
ygfM_xdhD_predicted,0.5,1,1,ATCCGACTGGCATTGGCGTG,0,4877824
ygfM_xdhD_predicted,0.5,1,1,ATCCGACAATATATGACCCG,0,4876011
ygfM_xdhD_predicted,0.5,1,1,ATCCCACTGGCTCTTTCGAA,0,4865482
ygfM_xdhD_predicted,0.5,1,1,ATCCATAAACTGGTACAAGG,0,4876063
ygfM_xdhD_predicted,0.5,1,1,ATCATTTGGCAGTACCAGCG,0,4884073
ygfM_xdhD_predicted,0.5,1,1,ATCATTCATTCGCTCCCAAC,0,4885993
ygfM_xdhD_predicted,0.5,1,1,ATCAGCCAGTTGACCGCTCG,0,4896031
ygfM_xdhD_predicted,0.5,1,1,ATCAGCATGCGGCGACGTCA,0,4898855
ygfM_xdhD_predicted,0.5,1,1,ATATATAGACAGGTGCTACA,0,4874199
ygfM_xdhD_predicted,0.5,1,1,ATATATAAGCGACGAGAACC,0,4887052
ygfM_xdhD_predicted,0.5,1,1,ATAGGTACGCACTCAGAGCC,0,4896938
ygfM_xdhD_predicted,0.5,1,1,ATAGCTGTCGTCTCCGTGGT,0,4896637
ygfM_xdhD_predicted,0.5,1,1,ATAGCTGCTCAATGGGATAA,0,4893200
ygfM_xdhD_predicted,0.5,1,1,ATAGCACCAGGTACACGATA,0,4894045
ygfM_xdhD_predicted,0.5,1,1,ATACGTGACAATCATGCATC,0,4874303
ygfM_xdhD_predicted,0.5,1,1,ATACGGTGGTTCGTCGAAGG,0,4898725
ygfM_xdhD_predicted,0.5,1,1,ATACGCGAACATTGCCAAGT,0,4864541
ygfM_xdhD_predicted,0.5,1,1,ATACGCAGTTTGATCACAGC,0,4878412
ygfM_xdhD_predicted,0.5,1,1,ATACCCCCAGAATCTTACTT,0,4893190
ygfM_xdhD_predicted,0.5,1,1,ATACATTAACGTATTCTCTT,0,4895510
ygfM_xdhD_predicted,0.5,1,1,ATACACACACCTTGCTCGGC,0,4898484
ygfM_xdhD_predicted,0.5,1,1,ATACAACATTGTAGGAACAG,0,4878791
ygfM_xdhD_predicted,0.5,1,1,ATAATGTTTGAGCATTCTCC,0,4898483
ygfM_xdhD_predicted,0.5,1,1,ATAAGGGTTACGTAACCAAT,0,4869678
ygfM_xdhD_predicted,0.5,1,1,ATAAAGAAGACATCGCTTTG,0,4896579
ygfM_xdhD_predicted,0.5,1,1,AGTTTTCAAAAAGATACTTC,0,4864479
ygfM_xdhD_predicted,0.5,1,1,AGTTTGTCACTACTGCCACA,0,4872486
ygfM_xdhD_predicted,0.5,1,1,AGTTTGCTGCAGACTTACCC,0,4866944
ygfM_xdhD_predicted,0.5,1,1,AGTTGTTCATATATAGACGT,0,4876107
ygfM_xdhD_predicted,0.5,1,1,AGTTGTAGCGTCTTACTGCC,0,4883127
ygfM_xdhD_predicted,0.5,1,1,AGTTGTAAACGAAGGACGTT,0,4869159
ygfM_xdhD_predicted,0.5,1,1,AGTTCTTACAAGGCAGGAGG,0,4864670
ygfM_xdhD_predicted,0.5,1,1,AGTTATCTTAGACGCGCCGT,0,4864104
ygfM_xdhD_predicted,0.5,1,1,AGTTAATGGGACAAAATAGC,0,4885142
ygfM_xdhD_predicted,0.5,1,1,AGTGTTGGGACACTATAGCA,0,4875313
ygfM_xdhD_predicted,0.5,1,1,AGTGTTCAGCACTGAAGGAG,0,4890817
ygfM_xdhD_predicted,0.5,1,1,AGTGCTCTGCCTGCACACCT,0,4869511
ygfM_xdhD_predicted,0.5,1,1,AGTGACGACCACGTATTATC,0,4864540
ygfM_xdhD_predicted,0.5,1,1,AGTGACCACTGTGGGAACCT,0,4866714
ygfM_xdhD_predicted,0.5,1,1,AGTCGTGATTTACTACATAC,0,4883482
ygfM_xdhD_predicted,0.5,1,1,AGTCGTAGGGCGCAGTATGA,0,4892634
ygfM_xdhD_predicted,0.5,1,1,AGTCGGGTAGATGGGTATGG,0,4880264
ygfM_xdhD_predicted,0.5,1,1,AGTCGCTACATTGCACGCCA,0,4889647
ygfM_xdhD_predicted,0.5,1,1,AGTCAGGCATGGCTGTTCCA,0,4888787
ygfM_xdhD_predicted,0.5,1,1,AGTCAGATGGTTCTCTTATC,0,4873253
ygfM_xdhD_predicted,0.5,1,1,AGTAGTCGTCAAACCTCTTG,0,4879474
ygfM_xdhD_predicted,0.5,1,1,AGTAGTAGCGCCATGCCGAA,0,4867867
ygfM_xdhD_predicted,0.5,1,1,AGTAGGTGACATGATTATTT,0,4874476
ygfM_xdhD_predicted,0.5,1,1,AGTAGGACCACTAAACCGCG,0,4898519
ygfM_xdhD_predicted,0.5,1,1,AGTAAGCCTTCAGTTTAAGA,0,4876888
ygfM_xdhD_predicted,0.5,1,1,AGGTTCTAATCGTTTTGAAT,0,4881419
ygfM_xdhD_predicted,0.5,1,1,AGGTGGTTTCTAGTTATACC,0,4880941
ygfM_xdhD_predicted,0.5,1,1,AGGTGGGATTGACTAAATCA,0,4898613
ygfM_xdhD_predicted,0.5,1,1,AGGTCGCACTGTCGGTCTGA,0,4895371
ygfM_xdhD_predicted,0.5,1,1,AGGTAGCCCGTACGCACGGC,0,4873517
ygfM_xdhD_predicted,0.5,1,1,AGGTACTGCAGTTATTCTAC,0,4881099
ygfM_xdhD_predicted,0.5,1,1,AGGGGCCCGCCACACTGGTT,0,4887674
ygfM_xdhD_predicted,0.5,1,1,AGGGAAAGCGAGAACGGACC,0,4880029
ygfM_xdhD_predicted,0.5,1,1,AGGCTCATTCAACCAGATCG,0,4893066
ygfM_xdhD_predicted,0.5,1,1,AGGCGTTCGCCATAGTCTCA,0,4864790
ygfM_xdhD_predicted,0.5,1,1,AGGCCCGAAGAAATGTCAGG,0,4890744
ygfM_xdhD_predicted,0.5,1,1,AGGCATAGGTATGCGCGTGA,0,4865622
ygfM_xdhD_predicted,0.5,1,1,AGGCAATAGGGTCTAGGCAA,0,4897892
ygfM_xdhD_predicted,0.5,1,1,AGGATGGCAAGCTCGGACAG,0,4896312
ygfM_xdhD_predicted,0.5,1,1,AGGATGCGGGTGCTGTGAGC,0,4897929
ygfM_xdhD_predicted,0.5,1,1,AGGAGTTCCACGTAAAATGC,0,4891583
ygfM_xdhD_predicted,0.5,1,1,AGGAGGTTAATATCCCTCAT,0,4897398
ygfM_xdhD_predicted,0.5,1,1,AGGAGGGGTGTTATCTTCTT,0,4880912
ygfM_xdhD_predicted,0.5,1,1,AGGAGGCGCTCAAACTAGGT,0,4869871
ygfM_xdhD_predicted,0.5,1,1,AGGAGCTGACAACGAAATCT,0,4884652
ygfM_xdhD_predicted,0.5,1,1,AGGAAGTGTGCGTGCCGTTT,0,4881105
ygfM_xdhD_predicted,0.5,1,1,AGCTGGAGTCCAAATTGCTA,0,4865929
ygfM_xdhD_predicted,0.5,1,1,AGCTGCCTAGACGATTCGCG,0,4888208
ygfM_xdhD_predicted,0.5,1,1,AGCTAGCACCGTGGGCCAGG,0,4883766
ygfM_xdhD_predicted,0.5,1,1,AGCTAATCATCTGTTGGAAT,0,4876519
ygfM_xdhD_predicted,0.5,1,1,AGCGTTTTGCAAAATCGATA,0,4894730
ygfM_xdhD_predicted,0.5,1,1,AGCGTCCGTTATTTGATCTC,0,4889423
ygfM_xdhD_predicted,0.5,1,1,AGCGTCCGGCTCCCTGGAAC,0,4887646
ygfM_xdhD_predicted,0.5,1,1,AGCGGGCGGTCATATAGTAA,0,4878666
ygfM_xdhD_predicted,0.5,1,1,AGCGGAATCGGAATTTGCTT,0,4886362
ygfM_xdhD_predicted,0.5,1,1,AGCGATAGTGGAAAACAATA,0,4869862
ygfM_xdhD_predicted,0.5,1,1,AGCGAGGATGATGCGGGAAA,0,4878229
ygfM_xdhD_predicted,0.5,1,1,AGCCTTATTTTTTCCTGTGA,0,4887156
ygfM_xdhD_predicted,0.5,1,1,AGCCCTATCCAGAAGGATCG,0,4864480
ygfM_xdhD_predicted,0.5,1,1,AGCCCCAGACGTACTGCGTT,0,4866777
ygfM_xdhD_predicted,0.5,1,1,AGCCAGCACGGACTGGACCG,0,4871987
ygfM_xdhD_predicted,0.5,1,1,AGCCACGGACCTACCGATAG,0,4896350
ygfM_xdhD_predicted,0.5,1,1,AGCATAGGGGAAGCATCCGT,0,4894201
ygfM_xdhD_predicted,0.5,1,1,AGCAGTGCGGTTTTATCGCC,0,4884151
ygfM_xdhD_predicted,0.5,1,1,AGCACCCTCAGGAACTTGTT,0,4864975
ygfM_xdhD_predicted,0.5,1,1,AGCACCCAGTGTCATGAACG,0,4865364
ygfM_xdhD_predicted,0.5,1,1,AGCACCAACAAGGAGATGTT,0,4866890
ygfM_xdhD_predicted,0.5,1,1,AGCAATAAATCTCTCGACAC,0,4888142
ygfM_xdhD_predicted,0.5,1,1,AGATCTACTACCGGTATCAT,0,4867526
ygfM_xdhD_predicted,0.5,1,1,AGATATGGTGTTGTTGAGCA,0,4897112
ygfM_xdhD_predicted,0.5,1,1,AGATATATAATCAAACTACT,0,4867662
ygfM_xdhD_predicted,0.5,1,1,AGAGTTGACTGTTCCTCGGA,0,4871486
ygfM_xdhD_predicted,0.5,1,1,AGAGCTGCTGAGCGTAGAGG,0,4890143
ygfM_xdhD_predicted,0.5,1,1,AGAGACCCTACTAATTATGT,0,4887632
ygfM_xdhD_predicted,0.5,1,1,AGACTTGAGTGAAGTATTAG,0,4873585
ygfM_xdhD_predicted,0.5,1,1,AGACTATCTACTGGCTCCGA,0,4866952
ygfM_xdhD_predicted,0.5,1,1,AGACGTAACTGGACATTTGG,0,4867348
ygfM_xdhD_predicted,0.5,1,1,AGACCTATCAAGCTGGGGAA,0,4886917
ygfM_xdhD_predicted,0.5,1,1,AGACAGAGGTATAGGGTCTG,0,4894338
ygfM_xdhD_predicted,0.5,1,1,AGACACTTGGCTAGAGGTAA,0,4877694
ygfM_xdhD_predicted,0.5,1,1,AGACACAAATAAGCACAAGG,0,4891503
ygfM_xdhD_predicted,0.5,1,1,AGAATATGCCCCTCAATACG,0,4865858
ygfM_xdhD_predicted,0.5,1,1,AGAATAGTTCCAGGCTGTGT,0,4895938
ygfM_xdhD_predicted,0.5,1,1,AGAATACCTTACGACTAAGA,0,4881354
ygfM_xdhD_predicted,0.5,1,1,AGAAGTTGCGAAATGTGCGT,0,4895876
ygfM_xdhD_predicted,0.5,1,1,AGAACGATGACCAGTCTACC,0,4881029
ygfM_xdhD_predicted,0.5,1,1,AGAAATTGACTACGGGTGGC,0,4888987
ygfM_xdhD_predicted,0.5,1,1,AGAAAAGGATATGTCAAGCC,0,4883320
ygfM_xdhD_predicted,0.5,1,1,ACTTTCGTTCTACACAAACT,0,4884963
ygfM_xdhD_predicted,0.5,1,1,ACTTGGGCAGTCCTCCCCAG,0,4878632
ygfM_xdhD_predicted,0.5,1,1,ACTTGCGTCTTGAGCTGCTT,0,4888687
ygfM_xdhD_predicted,0.5,1,1,ACTTGAGTGCGATCAAGTAG,0,4885912
ygfM_xdhD_predicted,0.5,1,1,ACTTCGACGAAATATACGTG,0,4874169
ygfM_xdhD_predicted,0.5,1,1,ACTTATGGACCAGCATGATA,0,4890828
ygfM_xdhD_predicted,0.5,1,1,ACTTATGCCGCTTTTGGGCG,0,4884358
ygfM_xdhD_predicted,0.5,1,1,ACTTAACAGGCATGCGAATT,0,4894107
ygfM_xdhD_predicted,0.5,1,1,ACTGTGTAGGATCCGAACTC,0,4874416
ygfM_xdhD_predicted,0.5,1,1,ACTGTGGATGCGGTTGTACA,0,4869070
ygfM_xdhD_predicted,0.5,1,1,ACTGTCTGACCTTTAATAAA,0,4869076
ygfM_xdhD_predicted,0.5,1,1,ACTGTCAGCCCTCACAGCGC,0,4890789
ygfM_xdhD_predicted,0.5,1,1,ACTGTAGTAATGGTCAATGT,0,4892499
ygfM_xdhD_predicted,0.5,1,1,ACTGGTTGTCAGGAACGGTC,0,4877487
ygfM_xdhD_predicted,0.5,1,1,ACTGGCGGACACGCTCGTCT,0,4867436
ygfM_xdhD_predicted,0.5,1,1,ACTGGCGCCACCACTACTTC,0,4896625
ygfM_xdhD_predicted,0.5,1,1,ACTGGAGGCAAGAGCTGAGA,0,4866289
ygfM_xdhD_predicted,0.5,1,1,ACTGCCAGACGCCATGGTTT,0,4878807
ygfM_xdhD_predicted,0.5,1,1,ACTCTATGTACGGTTGACAT,0,4888725
ygfM_xdhD_predicted,0.5,1,1,ACTCGAATCGACCCGCACTA,0,4899079
ygfM_xdhD_predicted,0.5,1,1,ACTCCCTATTTTCAACATGA,0,4886962
ygfM_xdhD_predicted,0.5,1,1,ACTCATGGTTGTCAAACTAA,0,4895509
ygfM_xdhD_predicted,0.5,1,1,ACTCATCAGAGGGTTACCGG,0,4878865
ygfM_xdhD_predicted,0.5,1,1,ACTCACTGCTAGTACGGTAA,0,4887871
ygfM_xdhD_predicted,0.5,1,1,ACTCACGATACAGATAGCGC,0,4888392
ygfM_xdhD_predicted,0.5,1,1,ACTATTCATTATGTAGTCCG,0,4890829
ygfM_xdhD_predicted,0.5,1,1,ACTATCAACGTAATATAGTA,0,4871070
ygfM_xdhD_predicted,0.5,1,1,ACTATAGTCACGTTAGTGGA,0,4893744
ygfM_xdhD_predicted,0.5,1,1,ACTACGTGTAGTCAAAGCAG,0,4894036
ygfM_xdhD_predicted,0.5,1,1,ACTACGTATTGTGGTACCTA,0,4899315
ygfM_xdhD_predicted,0.5,1,1,ACTAAAGTGAATAATTCCGA,0,4882517
ygfM_xdhD_predicted,0.5,1,1,ACGTTCGCTATGAACTCTAG,0,4890804
ygfM_xdhD_predicted,0.5,1,1,ACGTGAAGGAACGAAGGGTT,0,4866665
ygfM_xdhD_predicted,0.5,1,1,ACGGTCGATGGAGGTGGGTC,0,4873417
ygfM_xdhD_predicted,0.5,1,1,ACGGGTTTTCCGCCCTACAC,0,4868858
ygfM_xdhD_predicted,0.5,1,1,ACGGGCCGCTCGACGTGCCA,0,4880336
ygfM_xdhD_predicted,0.5,1,1,ACGGCTTGCAAAACCTCGAG,0,4887901
ygfM_xdhD_predicted,0.5,1,1,ACGGCGGAAAGCTGCCAAAG,0,4883117
ygfM_xdhD_predicted,0.5,1,1,ACGGAATTGACAGTTCTACT,0,4880251
ygfM_xdhD_predicted,0.5,1,1,ACGCTTCTCCTGGCCAAGTC,0,4871167
ygfM_xdhD_predicted,0.5,1,1,ACGCTAGCCAATTACATTGC,0,4891062
ygfM_xdhD_predicted,0.5,1,1,ACGCGGCTGCACAATCCCGT,0,4869409
ygfM_xdhD_predicted,0.5,1,1,ACGCCGTATAGGGAGCTTAT,0,4897385
ygfM_xdhD_predicted,0.5,1,1,ACGCCGTAAGTTCCAGGAGA,0,4893679
ygfM_xdhD_predicted,0.5,1,1,ACGCCACGAGCGGTCCTGGA,0,4890970
ygfM_xdhD_predicted,0.5,1,1,ACGATTGATCCCATAGAATC,0,4879712
ygfM_xdhD_predicted,0.5,1,1,ACGATGGCAGGCCCTGGTCA,0,4883284
ygfM_xdhD_predicted,0.5,1,1,ACGAGGCCTAAGAAGCCGCT,0,4898754
ygfM_xdhD_predicted,0.5,1,1,ACGAGCTAACTGAGATACTC,0,4876595
ygfM_xdhD_predicted,0.5,1,1,ACGACATTGACCAGCGACTA,0,4886727
ygfM_xdhD_predicted,0.5,1,1,ACGAATAACTACTCGCTTTG,0,4881683
ygfM_xdhD_predicted,0.5,1,1,ACGAAGGTAGTCCGTAAAGC,0,4870923
ygfM_xdhD_predicted,0.5,1,1,ACCTCATGCAAATTGGGGTG,0,4874343
ygfM_xdhD_predicted,0.5,1,1,ACCGTGACCGAATGTGTCCA,0,4884757
ygfM_xdhD_predicted,0.5,1,1,ACCGTCTTAGCGTTGCCAAC,0,4898490
ygfM_xdhD_predicted,0.5,1,1,ACCGCGCTCCCCATCATTTT,0,4878815
ygfM_xdhD_predicted,0.5,1,1,ACCGCCCTATTGGATGGAGA,0,4867696
ygfM_xdhD_predicted,0.5,1,1,ACCGAATAAGGCCAGCGGAC,0,4875028
ygfM_xdhD_predicted,0.5,1,1,ACCCGATGTAGCCATGCTAA,0,4875102
ygfM_xdhD_predicted,0.5,1,1,ACCCATTTTCGATGGCTGGG,0,4870261
ygfM_xdhD_predicted,0.5,1,1,ACCCACACCGTGGGGGCTCC,0,4893252
ygfM_xdhD_predicted,0.5,1,1,ACCAGGGAACCCAGACAGAT,0,4882108
ygfM_xdhD_predicted,0.5,1,1,ACCAGATGGCGGATGAGATA,0,4884342
ygfM_xdhD_predicted,0.5,1,1,ACCAATTTTCCCCGTATGGG,0,4883103
ygfM_xdhD_predicted,0.5,1,1,ACATTTATGCTTACACAGAG,0,4897848
ygfM_xdhD_predicted,0.5,1,1,ACATTGGTCCAACGCTATAA,0,4881055
ygfM_xdhD_predicted,0.5,1,1,ACATTACCAGTAAATCTCCC,0,4873062
ygfM_xdhD_predicted,0.5,1,1,ACATCTCAAATCGCGTAGTG,0,4866562
ygfM_xdhD_predicted,0.5,1,1,ACATCACACTGGTAACAATC,0,4885998
ygfM_xdhD_predicted,0.5,1,1,ACATACCTGCCATTGAGGTT,0,4876579
ygfM_xdhD_predicted,0.5,1,1,ACAGCCCATGTATCAGATCA,0,4869503
ygfM_xdhD_predicted,0.5,1,1,ACAGCAATCTGTTCAACCAA,0,4886733
ygfM_xdhD_predicted,0.5,1,1,ACAGATAGTCTGTTTATGAA,0,4875223
ygfM_xdhD_predicted,0.5,1,1,ACACTTTGACGAACTCCACA,0,4879450
ygfM_xdhD_predicted,0.5,1,1,ACACGCACGGAATTTCGTTA,0,4897468
ygfM_xdhD_predicted,0.5,1,1,ACACGACTGGTGCAACACTC,0,4891535
ygfM_xdhD_predicted,0.5,1,1,ACACCTATCAGTCAAACGTT,0,4880153
ygfM_xdhD_predicted,0.5,1,1,ACAATGATACCCTTCAGAAA,0,4885134
ygfM_xdhD_predicted,0.5,1,1,ACAATGAACGGTAGCGCTCC,0,4889980
ygfM_xdhD_predicted,0.5,1,1,ACAATAGACACACATGCGTA,0,4872354
ygfM_xdhD_predicted,0.5,1,1,ACAAGGTATCTACATAACCC,0,4880666
ygfM_xdhD_predicted,0.5,1,1,ACAACACTCAGCCTTAGAGG,0,4882075
ygfM_xdhD_predicted,0.5,1,1,ACAAAGCAGGAATCTGCAAC,0,4868577
ygfM_xdhD_predicted,0.5,1,1,AATTTGCTAAACTGACCGGT,0,4867552
ygfM_xdhD_predicted,0.5,1,1,AATTGTGATGAGCCGCCGGA,0,4882986
ygfM_xdhD_predicted,0.5,1,1,AATTAGGAACCGAGAGTGTC,0,4880722
ygfM_xdhD_predicted,0.5,1,1,AATGTTACCATGAGTTCCCA,0,4888773
ygfM_xdhD_predicted,0.5,1,1,AATGGTGCGGTGAGGTGGTT,0,4864681
ygfM_xdhD_predicted,0.5,1,1,AATGGAGAGTCGTGGGAATG,0,4865439
ygfM_xdhD_predicted,0.5,1,1,AATGATGGCAGGGGCCTGGA,0,4888533
ygfM_xdhD_predicted,0.5,1,1,AATGAAGCAGATGCAGTGTG,0,4889561
ygfM_xdhD_predicted,0.5,1,1,AATCGCGGACCGATGATATG,0,4893203
ygfM_xdhD_predicted,0.5,1,1,AATCCGTTAGAAGGGGGAGC,0,4891322
ygfM_xdhD_predicted,0.5,1,1,AATCCAATGTTTCCTTAAAA,0,4867472
ygfM_xdhD_predicted,0.5,1,1,AATCCAAAAGTGGCAAACGC,0,4878583
ygfM_xdhD_predicted,0.5,1,1,AATATGTGCTGACGCTAGTG,0,4866915
ygfM_xdhD_predicted,0.5,1,1,AATAGGGATTCTACGTACAT,0,4878477
ygfM_xdhD_predicted,0.5,1,1,AATAGGCATCGGCTCCCGGC,0,4893263
ygfM_xdhD_predicted,0.5,1,1,AATAGGCACCTCCAGACCTC,0,4883902
ygfM_xdhD_predicted,0.5,1,1,AATACCAATGCATTGAAGAT,0,4865031
ygfM_xdhD_predicted,0.5,1,1,AATAAATCACCTGGGCCGAA,0,4870253
ygfM_xdhD_predicted,0.5,1,1,AAGTTGACAGGCATAGAGTG,0,4876697
ygfM_xdhD_predicted,0.5,1,1,AAGTTATAGGCCAGCAAGTT,0,4896550
ygfM_xdhD_predicted,0.5,1,1,AAGTGGCTACCCATTTGTGG,0,4887639
ygfM_xdhD_predicted,0.5,1,1,AAGTACTACGCTAGGCCATC,0,4892884
ygfM_xdhD_predicted,0.5,1,1,AAGGTTACGCAGGCCCTCTT,0,4864952
ygfM_xdhD_predicted,0.5,1,1,AAGGTCTCTTGGCGGTCAGT,0,4884173
ygfM_xdhD_predicted,0.5,1,1,AAGGTCTACTGTGCACTGAG,0,4878546
ygfM_xdhD_predicted,0.5,1,1,AAGGTAAAGGGCAGCAACCA,0,4899113
ygfM_xdhD_predicted,0.5,1,1,AAGGGGATCTGGTTAAGCTG,0,4876670
ygfM_xdhD_predicted,0.5,1,1,AAGGGCACCCATGTGTCTCA,0,4891911
ygfM_xdhD_predicted,0.5,1,1,AAGCTTCGGGCCGAAAATAA,0,4873597
ygfM_xdhD_predicted,0.5,1,1,AAGCTACATCTGGGACTGGC,0,4885451
ygfM_xdhD_predicted,0.5,1,1,AAGATAATTCTATACCCTGT,0,4877130
ygfM_xdhD_predicted,0.5,1,1,AAGAGCGTGGACAACCATGA,0,4883870
ygfM_xdhD_predicted,0.5,1,1,AAGAGCGTACGCTGAACACT,0,4874048
ygfM_xdhD_predicted,0.5,1,1,AAGAGCGGTGAAGAGTTAAT,0,4878999
ygfM_xdhD_predicted,0.5,1,1,AAGACGGTATACGCGTCAGC,0,4885613
ygfM_xdhD_predicted,0.5,1,1,AAGAAGTAGTTCCAATACGC,0,4880346
ygfM_xdhD_predicted,0.5,1,1,AAGAAATGTACGCGAGCACG,0,4866016
ygfM_xdhD_predicted,0.5,1,1,AAGAAACCCTATTGTCAGTG,0,4868732
ygfM_xdhD_predicted,0.5,1,1,AACTGCCTGAAGGATCACTA,0,4879368
ygfM_xdhD_predicted,0.5,1,1,AACTCTGGCCCTTGAACGTG,0,4885522
ygfM_xdhD_predicted,0.5,1,1,AACTCTCCCTATTGAAAACC,0,4889152
ygfM_xdhD_predicted,0.5,1,1,AACTATCGTCAAGGCAAGGT,0,4889864
ygfM_xdhD_predicted,0.5,1,1,AACGGGGAGTCTGCTCCGTA,0,4888362
ygfM_xdhD_predicted,0.5,1,1,AACGGCCACTCCGGACCAGT,0,4877399
ygfM_xdhD_predicted,0.5,1,1,AACGCTGGAGGAATCTACAC,0,4890399
ygfM_xdhD_predicted,0.5,1,1,AACGATTGCATCACCTCATT,0,4871761
ygfM_xdhD_predicted,0.5,1,1,AACGATCATATAGTGACTGT,0,4895784
ygfM_xdhD_predicted,0.5,1,1,AACCCCCGGCATAGCTTCCA,0,4878103
ygfM_xdhD_predicted,0.5,1,1,AACCCATAGGCATGTTAATA,0,4884480
ygfM_xdhD_predicted,0.5,1,1,AACCATCACGGGGAATGGAA,0,4876713
ygfM_xdhD_predicted,0.5,1,1,AACCACACCGTCAATCCTAC,0,4879401
ygfM_xdhD_predicted,0.5,1,1,AACCAAATTTGAGATCCGTA,0,4896621
ygfM_xdhD_predicted,0.5,1,1,AACATACGAGCACAGGAAGG,0,4875487
ygfM_xdhD_predicted,0.5,1,1,AACACGGTTCACCGAAATCA,0,4894531
ygfM_xdhD_predicted,0.5,1,1,AACACGCCATATTGCAGCCT,0,4866575
ygfM_xdhD_predicted,0.5,1,1,AACACCTTGTATCTGGTAGC,0,4897337
ygfM_xdhD_predicted,0.5,1,1,AACACATTACGCCTCGTGCG,0,4863876
ygfM_xdhD_predicted,0.5,1,1,AACACACATCACGTCATCTG,0,4876656
ygfM_xdhD_predicted,0.5,1,1,AACAACGGCTCTCCAAACCA,0,4866615
ygfM_xdhD_predicted,0.5,1,1,AAATTGTTAGAGGGCTCCAT,0,4869161
ygfM_xdhD_predicted,0.5,1,1,AAATTGTGTAAGGATGAGAC,0,4866643
ygfM_xdhD_predicted,0.5,1,1,AAATCGAGTACGGGCTCAGA,0,4888086
ygfM_xdhD_predicted,0.5,1,1,AAAGTTTTTCATGGTTTAAA,0,4887093
ygfM_xdhD_predicted,0.5,1,1,AAAGCGGGAGTGTAATTGCA,0,4877084
ygfM_xdhD_predicted,0.5,1,1,AAAGCAAATCCTTATCGTAT,0,4887766
ygfM_xdhD_predicted,0.5,1,1,AAAGATGGTTGCATGAGCTA,0,4873455
ygfM_xdhD_predicted,0.5,1,1,AAAGAATAGGCGCCTGAATT,0,4875049
ygfM_xdhD_predicted,0.5,1,1,AAACTTTATAAAGACCGCCA,0,4883687
ygfM_xdhD_predicted,0.5,1,1,AAACTTCCGGCCCCCAGATC,0,4865351
ygfM_xdhD_predicted,0.5,1,1,AAACGTTCCTGTCATTGGGG,0,4874623
ygfM_xdhD_predicted,0.5,1,1,AAACGCCAGGGGGAACGTTC,0,4864911
ygfM_xdhD_predicted,0.5,1,1,AAACACATTGCAACTAGACT,0,4885966
ygfM_xdhD_predicted,0.5,1,1,AAAAGTGCGGGCGGTTTGAT,0,4876382
ygfM_xdhD_predicted,0.5,1,1,AAAAGAGAACCACATTCACG,0,4881997
ygfM_xdhD_predicted,0.5,1,1,AAAACGTTCCTATAAGCCGG,0,4879709
ygfM_xdhD_predicted,0.5,1,1,AAAAAAGGCGGGTGAATAGC,0,4875503
ygfM_xdhD_predicted,52.0,51,0,CATGACTGGACCTTGTCACA,51,4868600
ygfM_xdhD_predicted,52.0,51,0,AAACTATTACTCGGCGAGCC,51,4894205
ygfM_xdhD_predicted,51.0,50,0,GGGCTAGAGGTTCATGTATG,50,4864163
ygfM_xdhD_predicted,50.0,49,0,TAATGGGAGATTCCAGTTAC,49,4865614
ygfM_xdhD_predicted,49.0,48,0,CCTCGCCGTGAGCACTGATT,48,4874372
ygfM_xdhD_predicted,49.0,48,0,CCCCTTCAGGTCGCAATTAC,48,4874570
ygfM_xdhD_predicted,44.0,43,0,CAATCACAACCCCAAGCTGG,43,4886669
ygfM_xdhD_predicted,44.0,43,0,ATCACAAGAGCGTTTTCCAG,43,4887771
ygfM_xdhD_predicted,43.0,42,0,GATAGTCCGGTAAGTTACAA,42,4881457
ygfM_xdhD_predicted,43.0,42,0,CTGCGTGTTTCCCTTGTGAG,42,4883842
ygfM_xdhD_predicted,42.0,41,0,GGTTGTCTATACTAGACGAT,41,4878147
ygfM_xdhD_predicted,40.0,39,0,ACAAATATGCTGCCGTCCAC,39,4867808
ygfM_xdhD_predicted,39.0,38,0,TCGACGGCCATTACCGTTTT,38,4865400
ygfM_xdhD_predicted,39.0,38,0,GCACCTAACTGATCCACTAA,38,4864388
ygfM_xdhD_predicted,39.0,38,0,AGCGCCCAAAAGTCTGCGGC,38,4870860
ygfM_xdhD_predicted,38.0,37,0,TCCTCCAGAGGAGCAGGTCC,37,4867719
ygfM_xdhD_predicted,37.0,36,0,AGATGTAACCAAGTTATACC,36,4876437
ygfM_xdhD_predicted,35.0,34,0,TTCGGATGCCAGCGTCATAA,34,4873945
ygfM_xdhD_predicted,35.0,34,0,CACTAATCATGAACTGACAA,34,4896335
ygfM_xdhD_predicted,34.0,33,0,GTCTATTGAGGGCAACCCTA,33,4883656
ygfM_xdhD_predicted,34.0,33,0,CTAGCCCCAAATAAGGGAGA,33,4869349
ygfM_xdhD_predicted,33.0,32,0,CGTTTTTTTTCTAAATCTTC,32,4864212
ygfM_xdhD_predicted,33.0,32,0,CGTCTATTTACATGCGGCTA,32,4865190
ygfM_xdhD_predicted,33.0,32,0,AGAACCCTTCTCTGATGCCA,32,4870700
ygfM_xdhD_predicted,32.0,31,0,ACTCTTGTGGCAGGACGAGG,31,4896597
ygfM_xdhD_predicted,31.0,30,0,GGGCTCCCTCGCGGCAACAA,30,4875948
ygfM_xdhD_predicted,31.0,30,0,GCAGATGAAAGCGGCTGAAA,30,4883034
ygfM_xdhD_predicted,30.0,29,0,GGGAGGCCTACATGTGGTAC,29,4877298
ygfM_xdhD_predicted,30.0,29,0,AGTACTCTCTTTTCAACCTA,29,4893414
ygfM_xdhD_predicted,29.0,28,0,GCGGATATCGGTCGCTATGA,28,4897326
ygfM_xdhD_predicted,28.0,27,0,TTGGAGTTGATGTAATGTTT,27,4873716
ygfM_xdhD_predicted,28.0,27,0,AGTCTGTGCGTAACGTCATT,27,4874202
ygfM_xdhD_predicted,28.0,27,0,ACGGCCCACAAAGGGAGTTC,27,4896241
ygfM_xdhD_predicted,27.0,26,0,GAATGTCCGAGTCGTACCGC,26,4877050
ygfM_xdhD_predicted,27.0,26,0,CGAGGAAATCGTATGGGTGC,26,4887898
ygfM_xdhD_predicted,27.0,26,0,ATCCCCTTGACTGCAAATAT,26,4883071
ygfM_xdhD_predicted,26.0,25,0,TTACCGCGCCCCCCGCCGGG,25,4867718
ygfM_xdhD_predicted,26.0,25,0,TGTACGACGCCTAGCGTTTC,25,4864334
ygfM_xdhD_predicted,26.0,25,0,CGATCTTCTGTTAACGGTTG,25,4894872
ygfM_xdhD_predicted,26.0,25,0,ACTTGCTAATTTCTTAGCTT,25,4898213
ygfM_xdhD_predicted,25.0,24,0,TGCATAAGTTACGTATATTA,24,4893286
ygfM_xdhD_predicted,25.0,24,0,GTCCGTCCGCCATAATGAAT,24,4864303
ygfM_xdhD_predicted,25.0,24,0,AGCCCTGGGTATGCTCCGTT,24,4899246
ygfM_xdhD_predicted,24.0,23,0,TGGACGCGATAGGTAAGCAC,23,4894195
ygfM_xdhD_predicted,24.0,23,0,AGCACTTAGAAGCTTTGCAG,23,4892872
ygfM_xdhD_predicted,23.0,22,0,TGTTAGCCTAGGACAACCAT,22,4873053
ygfM_xdhD_predicted,23.0,22,0,GTCCCTCCTCAACAGGCCCT,22,4895492
ygfM_xdhD_predicted,23.0,22,0,CTTAGTACCGATGACAGCGT,22,4885084
ygfM_xdhD_predicted,23.0,22,0,AAGACATTGAAGGGGGCCAA,22,4893319
ygfM_xdhD_predicted,22.0,21,0,TTTGAGTTAGGGGGCGAGGC,21,4889378
ygfM_xdhD_predicted,22.0,21,0,GTGTAATAAAATCCCATCTT,21,4879609
ygfM_xdhD_predicted,22.0,21,0,GACAATTTGCTTATTGTTTG,21,4889516
ygfM_xdhD_predicted,22.0,21,0,CCGACCACCGCGACAATTCT,21,4886054
ygfM_xdhD_predicted,22.0,21,0,CAACCGTCTCAGATGCGGGA,21,4899135
ygfM_xdhD_predicted,22.0,21,0,AAGCACGTTAAACAGAGGTC,21,4891610
ygfM_xdhD_predicted,21.0,20,0,GGGGGTTACCGATACGGTCA,20,4872365
ygfM_xdhD_predicted,21.0,20,0,GCTGTGACAGAGAGTGGAGA,20,4896038
ygfM_xdhD_predicted,21.0,20,0,CATCTACGGTGGTGTAATAT,20,4869576
ygfM_xdhD_predicted,21.0,20,0,CACTTTACCTGACTCGTCAA,20,4890620
ygfM_xdhD_predicted,20.0,19,0,TGTGCTACCCCGCTGCATGT,19,4868300
ygfM_xdhD_predicted,20.0,19,0,TAACATATCCTTCAGGCTTT,19,4866684
ygfM_xdhD_predicted,20.0,19,0,AGTAAAGGGGTGGGTCAATA,19,4865599
ygfM_xdhD_predicted,19.0,18,0,TGGCTGCCCGACGGTGGAAG,18,4886810
ygfM_xdhD_predicted,19.0,18,0,GGTGCGGTCGAATGTCGTCC,18,4888643
ygfM_xdhD_predicted,19.0,18,0,GGCCCTATCCCTCATTACTT,18,4876149
ygfM_xdhD_predicted,19.0,18,0,GCCACCCCGCCACGCACAGG,18,4896828
ygfM_xdhD_predicted,19.0,18,0,CTAGCGATGGCTGATGTTCA,18,4886705
ygfM_xdhD_predicted,19.0,18,0,ATGCTTAATCAAGCAGTCCA,18,4894877
ygfM_xdhD_predicted,19.0,18,0,ATGACGCAAAGCTAGTTGGT,18,4891206
ygfM_xdhD_predicted,19.0,18,0,ATAGTTGATCATTGCATTGG,18,4869792
ygfM_xdhD_predicted,18.0,17,0,TTCTAATTTCTTAGGGGGAA,17,4863989
ygfM_xdhD_predicted,18.0,17,0,TACTCCACTTTAACACCGTT,17,4877886
ygfM_xdhD_predicted,18.0,17,0,GTTGCCTAACCCTTCGTCTG,17,4884303
ygfM_xdhD_predicted,18.0,17,0,GCTTGGAGGACAGGTACTGG,17,4863972
ygfM_xdhD_predicted,18.0,17,0,GCCCCTTGAGTGCAAGGTAA,17,4894131
ygfM_xdhD_predicted,18.0,17,0,CTGCCGTTATGTGTGGGTTC,17,4868013
ygfM_xdhD_predicted,18.0,17,0,CCAAGTACGAGATCTCGTAC,17,4895716
ygfM_xdhD_predicted,18.0,17,0,CAACCGCTTCGTCGCATGAG,17,4892947
ygfM_xdhD_predicted,18.0,17,0,AGGATATGAATACAGGCCCG,17,4891539
ygfM_xdhD_predicted,18.0,17,0,AGAAACGTCCTTTGGAGAGA,17,4873410
ygfM_xdhD_predicted,17.0,16,0,TCGCGCCTCCAATTTAACCG,16,4873088
ygfM_xdhD_predicted,17.0,16,0,GGGCCGCCTTGGTCGGGACC,16,4874605
ygfM_xdhD_predicted,17.0,16,0,GGCGGGTAACAACGGAGGAC,16,4869341
ygfM_xdhD_predicted,17.0,16,0,GACTACCTCATTTCATCCCG,16,4882578
ygfM_xdhD_predicted,17.0,16,0,GACCGCTACACGAGTAAGAT,16,4869648
ygfM_xdhD_predicted,17.0,16,0,CAGGCACCACGTTCCTGAAT,16,4873282
ygfM_xdhD_predicted,17.0,16,0,AGGGGCGTCGATCGTGCTCG,16,4893179
ygfM_xdhD_predicted,17.0,16,0,AGCTTAAGCGAAGGTCTGCG,16,4868126
ygfM_xdhD_predicted,17.0,16,0,ACTGGTTATACAAGGCTCGC,16,4879820
ygfM_xdhD_predicted,17.0,16,0,ACGTGATTCACAGGCCGGGT,16,4891827
ygfM_xdhD_predicted,17.0,16,0,AATTTGCGGGAACCTACGGA,16,4898166
ygfM_xdhD_predicted,16.0,15,0,TTCCCTGAGGAAGGGATTAG,15,4886523
ygfM_xdhD_predicted,16.0,15,0,GGGAGCCGGCGTGCTCTCCG,15,4883883
ygfM_xdhD_predicted,16.0,15,0,GGCTTGCTCGAAGCTACTAC,15,4878116
ygfM_xdhD_predicted,16.0,15,0,GAAGTTCACATTGTAGCAGG,15,4866395
ygfM_xdhD_predicted,16.0,15,0,CGCAAATTGTCCCTGGCTCC,15,4866479
ygfM_xdhD_predicted,16.0,15,0,CGAGATGACGTGTCCCAACA,15,4892193
ygfM_xdhD_predicted,16.0,15,0,AACCCCATTTCAGAATGTAG,15,4894667
ygfM_xdhD_predicted,15.0,14,0,TGGACTACCTTCGTTACCAG,14,4888182
ygfM_xdhD_predicted,15.0,14,0,GGTTGTCGAAGGTTGGGCCA,14,4879706
ygfM_xdhD_predicted,15.0,14,0,GCTTCAGTTTCTTCCGGTTA,14,4869928
ygfM_xdhD_predicted,15.0,14,0,CTTCGCCGGGGCCAAGCGAC,14,4895262
ygfM_xdhD_predicted,15.0,14,0,CGAGGTTTTACACATTCTAC,14,4866671
ygfM_xdhD_predicted,15.0,14,0,CAGGTTGGAGCTCAAATTAA,14,4894218
ygfM_xdhD_predicted,15.0,14,0,ACGGGTGGCACACTCATGGG,14,4895568
ygfM_xdhD_predicted,15.0,14,0,AATTTGGCGACTACCAGTTT,14,4881523
ygfM_xdhD_predicted,15.0,14,0,AACTTTTGTATTCCTTATAT,14,4887022
ygfM_xdhD_predicted,15.0,14,0,AAATCGCGGTGTCTTGGTAA,14,4883207
ygfM_xdhD_predicted,14.0,13,0,GGGGTCTGTTAAAATACCAT,13,4864862
ygfM_xdhD_predicted,14.0,13,0,GCAGTGCCCGTGCGTAACGC,13,4876589
ygfM_xdhD_predicted,14.0,13,0,GAGCTTGCGCAGGAAGCCTC,13,4894748
ygfM_xdhD_predicted,14.0,13,0,CTACGTAACCACTGGGACAT,13,4894508
ygfM_xdhD_predicted,14.0,13,0,CCATTCTACTTTATCCAGTC,13,4881400
ygfM_xdhD_predicted,14.0,13,0,AACAGGATGAGCACCGATAT,13,4880525
ygfM_xdhD_predicted,13.0,12,0,TTCCCCGCTCGGGCAAGGAC,12,4890742
ygfM_xdhD_predicted,13.0,12,0,TGTCCAGTCGGAGGCAGTGT,12,4883541
ygfM_xdhD_predicted,13.0,12,0,GGATTTATTGCCACCGCCCA,12,4887616
ygfM_xdhD_predicted,13.0,12,0,GGAGCTTAAGGCGAAGTCGT,12,4874578
ygfM_xdhD_predicted,13.0,12,0,GCGGGCCACACTGATCGGTG,12,4872920
ygfM_xdhD_predicted,13.0,12,0,GCGCCCCTTACTTTTATCGA,12,4889501
ygfM_xdhD_predicted,13.0,12,0,CTCGGGTACGCTATATACAT,12,4865090
ygfM_xdhD_predicted,13.0,12,0,ATGGTGCCAAACTGACTCGG,12,4890083
ygfM_xdhD_predicted,13.0,12,0,AACTATCTTGCCTGGAGCAC,12,4871196
ygfM_xdhD_predicted,12.0,11,0,TCATTCCAGTTGCGGCAAAA,11,4888988
ygfM_xdhD_predicted,12.0,11,0,GTCTTATCCTAGGCGAAAGG,11,4889146
ygfM_xdhD_predicted,12.0,11,0,GGTACGCCACTCTCGGGAAA,11,4871667
ygfM_xdhD_predicted,12.0,11,0,CTTCAGTAACCTGACGCCTA,11,4875586
ygfM_xdhD_predicted,12.0,11,0,CTCGTGTTGGTTTACGCGGT,11,4875971
ygfM_xdhD_predicted,12.0,11,0,CATAGTGTTATAGTCAATGG,11,4891584
ygfM_xdhD_predicted,12.0,11,0,CAGAGTGCGTCCCCTAGTGG,11,4870356
ygfM_xdhD_predicted,12.0,11,0,ACTATTGCGCACGACAAAAT,11,4879253
ygfM_xdhD_predicted,11.0,10,0,TGGTAGCCGTCAGTTTGTGA,10,4898410
ygfM_xdhD_predicted,11.0,10,0,GCCGAACTACAGATAATTTA,10,4864556
ygfM_xdhD_predicted,11.0,10,0,CTACGCCTCGGAGGTGCGTC,10,4879403
ygfM_xdhD_predicted,11.0,10,0,CGGCTTACAAAAATAAGGAT,10,4879689
ygfM_xdhD_predicted,11.0,10,0,CCCCGCCCATCGAAGTTACT,10,4892652
ygfM_xdhD_predicted,11.0,10,0,CAACTGTGGTAGGGATACTT,10,4871962
ygfM_xdhD_predicted,11.0,10,0,AGTCAACGCGCCCTAATCGC,10,4893008
ygfM_xdhD_predicted,10.0,9,0,GTCTGCAAGAGCAACTGACA,9,4891858
ygfM_xdhD_predicted,10.0,9,0,GGTGGGTGTCACCCCCCGTA,9,4882908
ygfM_xdhD_predicted,10.0,9,0,GATGGGTGTTTCACAGACCG,9,4882431
ygfM_xdhD_predicted,10.0,9,0,GAGTTCCCCAGCGCGAACCA,9,4868786
ygfM_xdhD_predicted,10.0,9,0,CTGCAGTAGCCTCATAACGT,9,4873002
ygfM_xdhD_predicted,10.0,9,0,CGAATCTCACGTCAGCACAC,9,4888225
ygfM_xdhD_predicted,10.0,9,0,CCACTACCGAGCCCATTCAT,9,4887874
ygfM_xdhD_predicted,10.0,9,0,ACAAAGTAAATCTTTGTGAA,9,4898218
ygfM_xdhD_predicted,9.0,8,0,GTTATCCTCGAGGGCTCTGT,8,4870245
ygfM_xdhD_predicted,9.0,8,0,CGACATAAGTTGACATTCAG,8,4886564
ygfM_xdhD_predicted,9.0,8,0,CAATAGAGAGGTATGCGCGA,8,4891587
ygfM_xdhD_predicted,9.0,8,0,ATATTGAATCGTCTCTTCGT,8,4866159
ygfM_xdhD_predicted,9.0,8,0,AGGGGAATTGCGAAAAAAAG,8,4885365
ygfM_xdhD_predicted,8.0,7,0,TGGGATAATGGTGTGCTGGA,7,4897749
ygfM_xdhD_predicted,8.0,7,0,GGTAAATTACACTAGTCCGT,7,4888796
ygfM_xdhD_predicted,8.0,7,0,AAGTTTTACACAGGTATCTT,7,4872074
ygfM_xdhD_predicted,8.0,7,0,AAATGGACGAGGCTCCGCCA,7,4875328
ygfM_xdhD_predicted,7.0,6,0,GGCTGCTTTGTAACATATAG,6,4863837
ygfM_xdhD_predicted,7.0,6,0,GATCATGAGCAGGTCGGACT,6,4879776
ygfM_xdhD_predicted,7.0,6,0,CACACGTAGTCTTCCACCCT,6,4875593
ygfM_xdhD_predicted,7.0,6,0,AGGAGGTGCACATGCTCGAG,6,4867856
ygfM_xdhD_predicted,7.0,6,0,AATTGCCCTAGTCTCATTGT,6,4869375
ygfM_xdhD_predicted,7.0,6,0,AAGGGTATTGAACGGCACGT,6,4886253
ygfM_xdhD_predicted,6.0,5,0,GTCTCTCAATTGATGCGGGT,5,4880657
ygfM_xdhD_predicted,6.0,5,0,GTCGCTACTCAAAGTCAGCA,5,4870122
ygfM_xdhD_predicted,6.0,5,0,GCTGAGTGTGGCCTCGACCC,5,4890488
ygfM_xdhD_predicted,6.0,5,0,ACTCTAGGCTGACATTGCTT,5,4891072
ygfM_xdhD_predicted,5.0,4,0,TATGATCATTCTTCTTAGGG,4,4864267
ygfM_xdhD_predicted,5.0,4,0,TAGAATAACGCTCAATTGCG,4,4891996
ygfM_xdhD_predicted,5.0,4,0,GTGCCGGTATTTCCGGTGCG,4,4876261
ygfM_xdhD_predicted,5.0,4,0,GCGCAGTTCGGACGCCGGAA,4,4874754
ygfM_xdhD_predicted,5.0,4,0,CAGTTCTCGGTCACAAGTCA,4,4888258
ygfM_xdhD_predicted,4.0,3,0,TCCCACACTAAGTTGTAGTA,3,4871205
ygfM_xdhD_predicted,4.0,3,0,GTCGTACATGAGGTCATAGA,3,4868056
ygfM_xdhD_predicted,4.0,3,0,CGAAATTTGTGGGGTGTTCT,3,4890697
ygfM_xdhD_predicted,3.0,2,0,TTTCTAGAGCTCGTATTTTC,2,4893807
ygfM_xdhD_predicted,3.0,2,0,TTGCGTAGGTTACCCGGCGT,2,4884146
ygfM_xdhD_predicted,3.0,2,0,GTATGCCCAACCAATTCAAT,2,4884330
ygfM_xdhD_predicted,3.0,2,0,GTAAAACATGCATCTAAGAC,2,4872131
ygfM_xdhD_predicted,3.0,2,0,CATTGATATGTTTATTGGCC,2,4863888
ygfM_xdhD_predicted,3.0,2,0,ACTTTGGCGAACCGTGTAAT,2,4868782
ygfM_xdhD_predicted,3.0,2,0,AACTGCAACGAGCTTATGCC,2,4874701
ygfM_xdhD_predicted,3.0,2,0,AAACGGTTCCAGCGTCCCTG,2,4877162
ygfM_xdhD_predicted,2.0,1,0,TTGTGACACGCCAGAGGCTA,1,4883179
ygfM_xdhD_predicted,2.0,1,0,TTCTTGGGAATTCCTCCCAG,1,4894897
ygfM_xdhD_predicted,2.0,1,0,TGTGAAGGGGTCATACGCTG,1,4890386
ygfM_xdhD_predicted,2.0,1,0,TGATTTGAAAACGTCGATCG,1,4885255
ygfM_xdhD_predicted,2.0,1,0,TGATGTGTGCTGTGAAAGTA,1,4893371
ygfM_xdhD_predicted,2.0,1,0,TGATCAACTTGGAACGTAAA,1,4899572
ygfM_xdhD_predicted,2.0,1,0,TGACTCAGCGCTAGGTCCTT,1,4873142
ygfM_xdhD_predicted,2.0,1,0,TCTCATAGTGTTGTGACTCA,1,4889938
ygfM_xdhD_predicted,2.0,1,0,TCCTGGCGAACGCGACAGTA,1,4873709
ygfM_xdhD_predicted,2.0,1,0,TCCCAGTTGCGGTCGCTCAA,1,4868682
ygfM_xdhD_predicted,2.0,1,0,TACCGAGACGATCACCATAG,1,4868555
ygfM_xdhD_predicted,2.0,1,0,TACCCACACACGGTCCTGTA,1,4888720
ygfM_xdhD_predicted,2.0,1,0,TAAGAGCCTTATGTTAACCT,1,4864059
ygfM_xdhD_predicted,2.0,1,0,GTGCGACTCTTAAGAAGTTC,1,4863960
ygfM_xdhD_predicted,2.0,1,0,GTCCGGACTGGCCTGACAAC,1,4865198
ygfM_xdhD_predicted,2.0,1,0,GTACCGAGGTGGGCGTCCCG,1,4897430
ygfM_xdhD_predicted,2.0,1,0,GCGGGGGATGGCGGCCGCCG,1,4868402
ygfM_xdhD_predicted,2.0,1,0,GCATCTATCGTCAAATATGC,1,4895875
ygfM_xdhD_predicted,2.0,1,0,GCAGGGAGTTCTTGAATAGA,1,4895985
ygfM_xdhD_predicted,2.0,1,0,GACGAACAGCTGTCCTCTAT,1,4892522
ygfM_xdhD_predicted,2.0,1,0,CTTCCCCAAGACGTAATTCG,1,4882447
ygfM_xdhD_predicted,2.0,1,0,CTGCCAGATAGCTATAAAGA,1,4876099
ygfM_xdhD_predicted,2.0,1,0,CTGAGAACAAGAATCCGTTC,1,4871507
ygfM_xdhD_predicted,2.0,1,0,CGCTCTACTGAGAAGTCAGA,1,4897088
ygfM_xdhD_predicted,2.0,1,0,CCGCTTTGGGACCATGCGTT,1,4873545
ygfM_xdhD_predicted,2.0,1,0,CCCTCCACAGTGAACGACAG,1,4888460
ygfM_xdhD_predicted,2.0,1,0,CCCCTGGACTATGGGCTCGG,1,4877589
ygfM_xdhD_predicted,2.0,1,0,CACTGGCGGATTCACGCCTC,1,4891475
ygfM_xdhD_predicted,2.0,1,0,CACCCCGGATACAGTACAGT,1,4870392
ygfM_xdhD_predicted,2.0,1,0,CACATAGCTAGTGTTTTCAC,1,4892741
ygfM_xdhD_predicted,2.0,1,0,ATTTCCGTCTGACAAGTTCT,1,4888906
ygfM_xdhD_predicted,2.0,1,0,ATTAACGAGCGTCCAGATGC,1,4889958
ygfM_xdhD_predicted,2.0,1,0,ATGACCGTTTCGTACACCCA,1,4884736
ygfM_xdhD_predicted,2.0,1,0,ATCTATTTGCTAACCCACGG,1,4870170
ygfM_xdhD_predicted,2.0,1,0,ATCGGCCGGCAACCCCGTTA,1,4896230
ygfM_xdhD_predicted,2.0,1,0,AGCCGGGTCGCGCCCTAAGG,1,4865902
ygfM_xdhD_predicted,2.0,1,0,ACTTTAAGCCCGCTGTGGCG,1,4879276
ygfM_xdhD_predicted,2.0,1,0,ACGTCACGCCACTGGATATA,1,4880121
ygfM_xdhD_predicted,2.0,1,0,ACGCTCTTCTGTAATTAGTT,1,4874174
ygfM_xdhD_predicted,2.0,1,0,ACGCCAAAGACGTCCGGACC,1,4891634
ygfM_xdhD_predicted,2.0,1,0,ACGAGTGGAAGAATGCAGTC,1,4877277
ygfM_xdhD_predicted,2.0,1,0,ACCGCCGCGGAGAGCATCTG,1,4868064
ygfM_xdhD_predicted,2.0,1,0,ACCCGCTGGATCGTGTCCCC,1,4896109
ygfM_xdhD_predicted,2.0,1,0,AAGTGGACCAAGGGTGGGTC,1,4895258
