name,relative_counts,ct,ct_0,barcode,ct_1,barcode_ind
rcsBp2,0.6961971531761206,7982,4706,GGTCACCGTGATAATGAACA,3276,3082369
rcsBp2,1.657439446366782,766,288,CTTTTTTGTCCTTTCTAGGG,478,3086544
rcsBp2,0.6637168141592921,374,225,ACTAACGGTCCAGCTATCTG,149,3110838
rcsBp2,0.8080357142857143,403,223,GTAAAATGGGCGAATCCGAA,180,3074273
rcsBp2,0.9844559585492227,381,192,CCAACCGTAGTGCCCGCAAA,189,3102619
rcsBp2,0.4397905759162304,273,190,TCGCGCTTGGGTGTGGAACG,83,3091088
rcsBp2,2.0072992700729926,410,136,GACTACAGCGATTGCTAGCT,274,3074395
rcsBp2,0.76,218,124,CAGACAAACTGAATCAGTTC,94,3075041
rcsBp2,0.5963302752293578,172,108,CTATTCAACCTTCCGTGAAA,64,3088208
rcsBp2,0.18095238095238095,122,104,CTCGATCCCGCTACTGTGAT,18,3093964
rcsBp2,0.6699029126213593,170,102,GGTAGGGCCGTTGCCGATAA,68,3088207
rcsBp2,0.45544554455445546,145,100,GATGTGTCACGGAACTCTCG,45,3074235
rcsBp2,0.8712871287128713,187,100,CAATGTTTGACGAGCAGATA,87,3083984
rcsBp2,0.38,136,99,GGCCGGTGCCAAGGGGAGGT,37,3108229
rcsBp2,0.78,176,99,AGCCGGAATGCGCCGGCCGT,77,3078983
rcsBp2,0.4583333333333333,138,95,ATGGAGGTTCCGGCTATGGA,43,3093302
rcsBp2,0.022222222222222223,90,89,CTTTAAATGGACGAACGCAA,1,3084407
rcsBp2,1.7126436781609196,234,86,TTTTCCCTAGATCTAGATTA,148,3087866
rcsBp2,1.4186046511627908,206,85,CTATCACGGCATCATAATGT,121,3093087
rcsBp2,1.5647058823529412,216,84,GGCTAAAAATTATGCTTACG,132,3073952
rcsBp2,1.144578313253012,176,82,GCCGTAGCGACAGTCATTAA,94,3089229
rcsBp2,1.4578313253012047,202,82,CTTGAATCATAACCGCCAAC,120,3075948
rcsBp2,0.8072289156626506,148,82,CACTAATTTTTAGTTGCAAG,66,3082773
rcsBp2,0.9382716049382716,155,80,GGGTGGCAATCTGGCGTTAG,75,3078697
rcsBp2,0.43209876543209874,114,80,CTGTACACCGCGAGTTTTGA,34,3119578
rcsBp2,2.4935064935064934,267,76,TGCCATCCCCTGGGGAAACA,191,3079360
rcsBp2,1.3246753246753247,177,76,ATGCAGACGGTAGATGAGGT,101,3074983
rcsBp2,1.0526315789473684,154,75,AACGCCCGAGTAGTGTGAGT,79,3073906
rcsBp2,2.3066666666666666,246,74,TACGGAGGACCGGCCGACGG,172,3075951
rcsBp2,0.5405405405405406,112,73,GTTTTTCCGAGGATGGTCAT,39,3092562
rcsBp2,0.7123287671232876,123,72,GTTCAATCTCGAGAAATGAC,51,3075034
rcsBp2,1.0273972602739727,146,72,CTGGTTCAGAATTAACTATA,74,3105584
rcsBp2,0.8356164383561644,132,72,AGCGTGCTTAGCCTAGTTTG,60,3081193
rcsBp2,0.4444444444444444,102,71,GTTCTAGAACTCTACGTCAT,31,3085612
rcsBp2,1.056338028169014,144,70,CTCTCCTGGTTTATTAGGGA,74,3079486
rcsBp2,0.352112676056338,94,70,AAAATGGCCATTTTTCGATA,24,3074143
rcsBp2,0.9714285714285714,136,69,TTAAACCGCATCCGGCACCA,67,3108366
rcsBp2,0.35714285714285715,93,69,TCCAGCTCGGTGCTCATGTA,24,3121904
rcsBp2,2.442857142857143,239,69,GTCCTTTTTAGATTTCCAGC,170,3099440
rcsBp2,0.9571428571428572,135,69,CATTGGTGTTGTCTGCTTGA,66,3079133
rcsBp2,0.5072463768115942,102,68,TCATACAGAAGGCTGGCGTA,34,3113068
rcsBp2,2.449275362318841,236,68,GTGTTCCGCAGCAGCACCCT,168,3102028
rcsBp2,0.3333333333333333,90,68,GAAAGGTGTGAAACTTCATA,22,3103539
rcsBp2,1.25,151,67,TGCCTGCGAAAAGTTTCAGC,84,3084836
rcsBp2,0.27941176470588236,85,67,AGGGGACGCGGAAGATCCGG,18,3073803
rcsBp2,1.7761194029850746,184,66,TTGGCGAACGGAGCCACTAT,118,3096813
rcsBp2,0.29850746268656714,85,66,TATGGCTCGCCGTGCGATGG,19,3079798
rcsBp2,0.44776119402985076,95,66,CGTGTACTGCTAATAGGATC,29,3090448
rcsBp2,0.23880597014925373,81,66,CGGTAGCCGAGGCCCAAAGA,15,3081468
rcsBp2,2.621212121212121,237,65,GTTTGAGATCACATTGTCTC,172,3079558
rcsBp2,1.6818181818181819,175,65,CTCTCGTGAGTCCCATCATG,110,3080340
rcsBp2,0.6923076923076923,108,64,GTGAGCTCACGTGTGTGGGT,44,3094256
rcsBp2,0.3230769230769231,84,64,GAGTCCGCAGGCCCCGCAAT,20,3089818
rcsBp2,1.7538461538461538,177,64,ATTCAAGAGCCAGAATATTA,113,3115855
rcsBp2,0.8615384615384616,119,64,ACTTTTCTCCCTGATACTGC,55,3089202
rcsBp2,1.2,141,64,ACATGGTCTAGTGCAGGCCC,77,3106652
rcsBp2,0.47692307692307695,94,64,AAAAGGGAGCGCAGTCTTTG,30,3083109
rcsBp2,0.625,102,63,TGTCGGGTACCTGAGCATAC,39,3090183
rcsBp2,1.421875,153,63,GCCGTTAGCATATAAAGTAA,90,3082298
rcsBp2,0.828125,115,63,CGAATAGTGGCTGAGGTGAA,52,3118642
rcsBp2,0.703125,107,63,CCGGGATGCCGCATAAGTGA,44,3075226
rcsBp2,0.96875,124,63,AATATAATATTGATAGCTCT,61,3083954
rcsBp2,2.0634920634920637,191,62,GAACTCAGTGGAGGGCCTTT,129,3080623
rcsBp2,0.49206349206349204,92,62,CTCTGCGCCTGGGCGTCCCC,30,3103723
rcsBp2,0.6984126984126984,105,62,CACGTAACGTCAGCCTAGAT,43,3101179
rcsBp2,0.9206349206349206,119,62,ATAATCCATTCGAGGACGCC,57,3096804
rcsBp2,1.5238095238095237,157,62,AGACCGTCACTATGGAGAGT,95,3090190
rcsBp2,0.9047619047619048,118,62,AATGAGTGTTGGCATTTTAT,56,3074114
rcsBp2,0.6612903225806451,101,61,TTGTCGCTCGTCCGCCTTAA,40,3093756
rcsBp2,1.1774193548387097,133,61,TGCGTATGGGTACACCAAGA,72,3089150
rcsBp2,0.9516129032258065,119,61,GTTAAGATTGCTCAGTAACA,58,3077325
rcsBp2,1.403225806451613,147,61,GCACGGTTGAGGATTGATTT,86,3096328
rcsBp2,1.096774193548387,128,61,CAACCTGATATCCATGAATT,67,3076033
rcsBp2,1.7096774193548387,166,61,AGCCTGGCGTGGGGTGGGCA,105,3109344
rcsBp2,2.180327868852459,192,60,GCCCACCATAGGGGAATTGT,132,3090620
rcsBp2,0.3770491803278688,82,60,CAGCCTTAGCCGGCTTGTGC,22,3111002
rcsBp2,0.639344262295082,98,60,CAGAACTGACGGGCTGTACT,38,3103034
rcsBp2,1.1311475409836065,128,60,AGCAAATGCGCTCCCTTGTA,68,3086793
rcsBp2,1.7333333333333334,162,59,TGTCCTTGCCCCTCACAGGT,103,3082296
rcsBp2,0.55,91,59,GGGGTGTTGAGCCTCAGGCC,32,3114794
rcsBp2,0.2833333333333333,75,59,GCAGTCTATGGGCGGCAATA,16,3076697
rcsBp2,0.31666666666666665,77,59,CGTCTAAACCAGCGAACTGT,18,3085152
rcsBp2,1.0666666666666667,122,59,CATGTTATCTCTCTGTAAGT,63,3102503
rcsBp2,0.5333333333333333,90,59,ATAGCAGGGTCTCAAGTTTA,31,3088859
rcsBp2,0.7666666666666667,104,59,AGAGAAGCATAGACCGTGAC,45,3115740
rcsBp2,0.6440677966101694,95,58,TGAACACTGCTGCACCGCAT,37,3073758
rcsBp2,1.1694915254237288,126,58,TATTGGTAGTTGAGGAAGGA,68,3093378
rcsBp2,0.423728813559322,82,58,GTGCAAGACGCCGGTAAACT,24,3111293
rcsBp2,0.0847457627118644,62,58,GATGCCGTGGTTCTGCACAT,4,3083614
rcsBp2,0.11864406779661017,64,58,CGCAAGGAACTAAGCTCGGA,6,3122670
rcsBp2,0.8275862068965517,104,57,TAATCTAGAGGTGTGCGTTA,47,3088501
rcsBp2,1.103448275862069,120,57,GGGGCCAGAGCATATCTTCG,63,3117389
rcsBp2,0.20689655172413793,68,57,GGCCTTAGCGATTCTTTGAT,11,3110481
rcsBp2,2.413793103448276,196,57,GACCAGACGTGTTTTAAACT,139,3075385
rcsBp2,0.5862068965517241,90,57,CGTGGCCTAGTCGAATGAGA,33,3086282
rcsBp2,0.4827586206896552,84,57,CCCCCGGGGCATAGGTCTAA,27,3107371
rcsBp2,0.6379310344827587,93,57,CACTCTGGGCTGTACTTGCT,36,3073806
rcsBp2,0.9655172413793104,112,57,AATTAACTAGGGACTCTAGT,55,3099554
rcsBp2,1.0862068965517242,119,57,AACGCGCCATTCGGAGCAAT,62,3075386
rcsBp2,0.05172413793103448,59,57,AACGCCGCAGCCCTAGCTGC,2,3089270
rcsBp2,0.14035087719298245,63,56,TTACAACTTTACCTAACGTA,7,3074824
rcsBp2,0.3684210526315789,76,56,TGGAGTGGAGTCCGGGAACG,20,3115845
rcsBp2,0.22807017543859648,68,56,TGCCGAGTGGTCAAAATTTT,12,3085215
rcsBp2,1.0350877192982457,114,56,TAAATATACATTATGCGGTT,58,3102342
rcsBp2,0.03508771929824561,57,56,GCAAATATGTGGCCCCGATG,1,3093500
rcsBp2,1.4035087719298245,135,56,CGCTAGCTAATCCCTATTCA,79,3082921
rcsBp2,0.8947368421052632,106,56,CCTCATAATTCCAACTGTCC,50,3119901
rcsBp2,1.6491228070175439,149,56,ACGTACGCGTGATCATATTT,93,3078907
rcsBp2,0.5535714285714286,85,55,TCCATTTGATCTGGATACTT,30,3097988
rcsBp2,1.6964285714285714,149,55,TCCAGTTTAGGTTTGGCGAT,94,3098731
rcsBp2,0.2857142857142857,70,55,CTTGTGACTCAGAATTGGCG,15,3083538
rcsBp2,0.25,68,55,AGCTGCCCAGCGAAACCCTA,13,3106108
rcsBp2,0.6607142857142857,91,55,ACTCGTTTAACAAAAAGGGT,36,3093497
rcsBp2,0.6,86,54,GAGTAACTCTAGTATTAGGA,32,3075592
rcsBp2,0.4909090909090909,80,54,CGGAGATAAGGCTGTCAGAT,26,3103472
rcsBp2,1.2545454545454546,122,54,CGCCGGTCTCTCCGTCGTTT,68,3093084
rcsBp2,1.0727272727272728,112,54,CCTTGACGTGGAATACACAT,58,3100337
rcsBp2,2.4909090909090907,190,54,CAAGCTAGGATCTTTAGAGT,136,3089116
rcsBp2,0.2727272727272727,68,54,CAACGACCCGCTAGGTCTAT,14,3075640
rcsBp2,2.418181818181818,186,54,ATCAAATCTCGTGCGACATT,132,3076777
rcsBp2,0.09090909090909091,58,54,AGCCAGCGTGCTTACTCTGA,4,3082192
rcsBp2,0.9818181818181818,107,54,ACAGCCGACATTGTCCGTCT,53,3108895
rcsBp2,1.4545454545454546,133,54,AACTTAGACTTTGGGTCCCA,79,3082746
rcsBp2,0.2962962962962963,68,53,TTATACAATTCCCTGTTAAG,15,3076545
rcsBp2,1.2222222222222223,118,53,TCCCTACCTTCATAATACTC,65,3078655
rcsBp2,0.6111111111111112,85,53,TAGGTCCTGGTTGCGCCCGT,32,3109781
rcsBp2,1.1851851851851851,116,53,TACAGCCATTCAGTACTACA,63,3090237
rcsBp2,0.05555555555555555,55,53,GCCGCGTCCTCGCTGAGATC,2,3079451
rcsBp2,0.6296296296296297,86,53,GAGGACATCACGAGTTATTA,33,3089859
rcsBp2,0.6111111111111112,85,53,CGGTTGAGGCAATACTCGAA,32,3079945
rcsBp2,0.1111111111111111,58,53,CAGTGCCATGCTGGTAGTAC,5,3074236
rcsBp2,0.6851851851851852,89,53,ATAATGATCGAGATCCGCAA,36,3093390
rcsBp2,0.6296296296296297,86,53,AGACAACTCTGTGATCGATT,33,3103767
rcsBp2,0.7547169811320755,91,52,TGCCAATGTCTACAAGACCG,39,3093608
rcsBp2,1.6226415094339623,137,52,TCTTGGGTTAGGCATAGACC,85,3084181
rcsBp2,0.6226415094339622,84,52,TAATGTTGTCTTGGCAGTAA,32,3107628
rcsBp2,0.6415094339622641,85,52,GGATATAGTAGTTCGCGCCA,33,3101788
rcsBp2,1.9056603773584906,152,52,GATAACCTTAATGTTGGTTA,100,3105840
rcsBp2,0.2641509433962264,65,52,CTTGCTTTCCATCACAACGT,13,3099162
rcsBp2,0.37735849056603776,71,52,CTTCCGTGACACTTCTGAAT,19,3110723
rcsBp2,0.2830188679245283,66,52,CGGGAGCTGGACATCATCGA,14,3094477
rcsBp2,1.830188679245283,148,52,CGAGAAGTTTGACTTTGTAA,96,3078771
rcsBp2,3.150943396226415,218,52,ATTGCCCCGTACCATTGTCT,166,3091160
rcsBp2,0.4339622641509434,74,52,ATGTGGTGGCATCGAGTGGT,22,3098706
rcsBp2,1.2641509433962264,118,52,AGGGATCATTCTCGCATGAA,66,3097052
rcsBp2,0.16981132075471697,60,52,AGAGTCTGTGGACTGAAGCC,8,3100021
rcsBp2,0.3584905660377358,70,52,AATGCAGGGGCTCAGTCAGA,18,3107147
rcsBp2,0.20754716981132076,62,52,AACAATGCAAGTTAAGGACG,10,3080573
rcsBp2,0.057692307692307696,53,51,TTCGCTGTTCACTAGCTATA,2,3080204
rcsBp2,5.25,323,51,TGTAAGACTCTCCTCGCGTT,272,3102062
rcsBp2,1.4807692307692308,127,51,TCCGGCACGGTGAGATATAC,76,3089086
rcsBp2,1.0769230769230769,106,51,TCATGCAGATTCGGAATTCA,55,3100376
rcsBp2,1.2884615384615385,117,51,GTACAGTGGCGTAAAAATCC,66,3091555
rcsBp2,0.4423076923076923,73,51,GGACGTGTCCTATGTTAGAT,22,3086359
rcsBp2,0.28846153846153844,65,51,GCCCTGGAGGTTGATCCTAT,14,3078741
rcsBp2,0.46153846153846156,74,51,GAAAACGGGCTGCTCCGCAT,23,3083335
rcsBp2,0.5192307692307693,77,51,ATTGCATGCTTACGGAAGGA,26,3076224
rcsBp2,0.5769230769230769,80,51,ATGGTTTTTTCGGTTAAGTA,29,3108437
rcsBp2,1.5192307692307692,129,51,ACATATTTCCCAGGGTTCTT,78,3084785
rcsBp2,1.0784313725490196,104,50,TACCGCAGATTAGGTCAAAA,54,3075409
rcsBp2,0.9803921568627451,99,50,GGTATAGGGTTGGGAAGGCA,49,3084152
rcsBp2,0.5686274509803921,78,50,CTCGGGCTATCCTGTCCTCT,28,3088897
rcsBp2,1.5686274509803921,129,50,CCTAGGAGAGCTTAACGTAC,79,3084536
rcsBp2,0.803921568627451,90,50,CCGTATAATTGGCTGAAGCC,40,3094476
rcsBp2,0.5490196078431373,77,50,AGATACGATGTCCGTAGACA,27,3085774
rcsBp2,1.5490196078431373,128,50,ACTAGCACAACTGACCGCGT,78,3085916
rcsBp2,0.92,94,49,TGTGAGTACTCGCAATTGCT,45,3084560
rcsBp2,0.16,56,49,TCCGCTCTGTTCACAAGAGT,7,3093865
rcsBp2,0.26,61,49,GTGTAGGCGAGAATACTAAT,12,3086542
rcsBp2,0.36,66,49,GGGATCCGAACGTCCTTATT,17,3096061
rcsBp2,0.04,50,49,GCGTGGCAGTACCGTTTTTT,1,3076006
rcsBp2,0.1,53,49,GCCTTCATACGAAGGTGCCA,4,3073939
rcsBp2,0.06,51,49,GCAACTTGTATTACTGAGAA,2,3109415
rcsBp2,0.48,72,49,GATGCTGCGCTTGCAGGGTG,23,3109779
rcsBp2,6.1,353,49,GACTAACTGAGCTCGTTTGA,304,3080055
rcsBp2,1.18,107,49,CTCCCCGCCCCGAACGAGTG,58,3094927
rcsBp2,1.02,99,49,CTACATGTGTTTCTAGTCAC,50,3102793
rcsBp2,0.52,74,49,CGGTCGGAACGTCCTTCTAT,25,3075852
rcsBp2,0.68,82,49,CGCTACTTTTACTGTGAGAA,33,3107719
rcsBp2,0.32,64,49,CCTACTTCTTACTGTGCGGA,15,3075767
rcsBp2,0.78,87,49,CATGCTCCTTATAGGGTCGG,38,3074800
rcsBp2,2.12,154,49,ATAGTTTAGGACAGAATTAA,105,3075722
rcsBp2,0.98,97,49,AGCAGGCATACCGCCCTTTG,48,3075947
rcsBp2,0.62,79,49,ACGTCCGTTGTCGATATGCA,30,3073804
rcsBp2,1.34,115,49,ACAGAGCACGGTTAGGTCTT,66,3094514
rcsBp2,1.46,121,49,AAACTCCGCCGCTCGACTCT,72,3087154
rcsBp2,0.5306122448979592,73,48,TTTGTGAGAAAAGCCTAGGT,25,3074771
rcsBp2,0.04081632653061224,49,48,TTGCCTGGTTATTTGCTGAT,1,3119348
rcsBp2,0.061224489795918366,50,48,TGGACTCGTCGTTTCATTCA,2,3115262
rcsBp2,1.489795918367347,120,48,TGATGGTGAAAGGTATGTAA,72,3082023
rcsBp2,1.469387755102041,119,48,TCAATTGGAATCTGATGACG,71,3107127
rcsBp2,0.7755102040816326,85,48,GTGTAGGTTTGGTTGAGCGG,37,3116452
rcsBp2,0.04081632653061224,49,48,GGATGGAAGAGCCAACGGAG,1,3118215
rcsBp2,1.510204081632653,121,48,GCGCCTGTGCTCAGCCTCTA,73,3093733
rcsBp2,1.0816326530612246,100,48,CTCTCTAGGGGCGGTAGTCA,52,3088900
rcsBp2,0.22448979591836735,58,48,CCTGGTCTCCCTTCGTGCTT,10,3074528
rcsBp2,0.5306122448979592,73,48,CAGTAGGTGCAATCAAGACT,25,3081538
rcsBp2,1.0204081632653061,97,48,CAGCACCTTCGCAGCCCGAT,49,3078146
rcsBp2,0.12244897959183673,53,48,ATGCTTCAAAAATGCGGACG,5,3122716
rcsBp2,2.0,145,48,ATGCGCTGTAGCGGCTTTTG,97,3104343
rcsBp2,0.6530612244897959,79,48,ATCGTACGAAGGGGGCAGCT,31,3103312
rcsBp2,2.6122448979591835,175,48,ATACAGTGAACATACTTCGC,127,3075244
rcsBp2,0.08163265306122448,51,48,ACACACTGTTGTTATTCGTT,3,3083669
rcsBp2,0.8333333333333334,86,47,TGGGTGGTTCAGACGGGTGC,39,3078009
rcsBp2,1.1458333333333333,101,47,TAGAGGTAGACGACTGGTTA,54,3082412
rcsBp2,0.5625,73,47,GAGGCAAACTAGGGTTCACA,26,3100528
rcsBp2,4.333333333333333,254,47,CTGGTCTGGAGGGATTTTAT,207,3111806
rcsBp2,1.1041666666666667,99,47,CTCAAAACCTAAGCAAGGAG,52,3074355
rcsBp2,1.4583333333333333,116,47,CGCGGTATTAAAGCAGACCT,69,3086926
rcsBp2,0.7708333333333334,83,47,CCGCTACCACAAGTACGTAG,36,3079337
rcsBp2,3.2083333333333335,200,47,AGTTCGTATGGGCAGAGTCC,153,3086467
rcsBp2,0.041666666666666664,48,47,ACCCTGGGCAATGAGCACCA,1,3097019
rcsBp2,1.4791666666666667,117,47,AACGGGTGGACGCGTCCTAA,70,3078091
rcsBp2,0.1702127659574468,53,46,TATTGTGCGGTCAGCTGGTG,7,3099804
rcsBp2,0.40425531914893614,64,46,TAACTTGAGTGGTGGGCGGA,18,3075766
rcsBp2,1.2127659574468086,102,46,GTCTAACTACCAAGTCAACT,56,3112099
rcsBp2,0.574468085106383,72,46,GGCTAGTCTGCCTCTGTGGT,26,3089514
rcsBp2,0.1702127659574468,53,46,GGCCGTCTGTTGGGTAATTC,7,3101664
rcsBp2,0.6382978723404256,75,46,CTGGCGCGGGCTAGCCCTGA,29,3077350
rcsBp2,2.0425531914893615,141,46,CTCTATTCGATAGGATTTAG,95,3078397
rcsBp2,1.2340425531914894,103,46,CGGATTATCCGGTTTGAGCC,57,3102295
rcsBp2,0.5957446808510638,73,46,CCCCGCTGACCCACAGTACA,27,3105033
rcsBp2,0.723404255319149,79,46,CCCCCGTACTAAAGTTACAT,33,3111891
rcsBp2,0.5531914893617021,71,46,ATCACCGGTGTGATCTCGGT,25,3078471
rcsBp2,0.48936170212765956,68,46,ATACAGCTCAGTTGGAGTAC,22,3105035
rcsBp2,0.8297872340425532,84,46,ACACTTAGAAGGTAATGATG,38,3110648
rcsBp2,0.8936170212765957,87,46,AAAGCACGCGTCACCGAGCG,41,3103666
rcsBp2,1.3478260869565217,106,45,TTTAGAATAAACTTCGTACT,61,3087575
rcsBp2,0.2391304347826087,55,45,TGGACGCCTACCCTTAAAAC,10,3119249
rcsBp2,1.3043478260869565,104,45,TCAATACTGTAGACGATGTA,59,3111855
rcsBp2,1.1956521739130435,99,45,TCAAATCCTGCTAACTAGCA,54,3079099
rcsBp2,0.6956521739130435,76,45,GGTACTTGAATTTTCGCGGC,31,3080595
rcsBp2,1.0869565217391304,94,45,GCTGACCACGCAAAAGACAT,49,3099953
rcsBp2,0.45652173913043476,65,45,GCAGTTTTAAGACTACTGGT,20,3081630
rcsBp2,0.8478260869565217,83,45,GAGTTCGACGGCAAGTCCCA,38,3084932
rcsBp2,0.2608695652173913,56,45,GACCGACCTCGAAAGGTTAC,11,3100737
rcsBp2,0.043478260869565216,46,45,CGGTACTGTTTTCATATTAT,1,3114018
rcsBp2,0.08695652173913043,48,45,CGGGTTCCGCCTTTCGGAGG,3,3074274
rcsBp2,0.17391304347826086,52,45,CGCTACTTCGGGATCACAAT,7,3107307
rcsBp2,0.41304347826086957,63,45,CGCGAGAGATTCTGGCACGT,18,3082827
rcsBp2,0.2391304347826087,55,45,CGCACGCTGATTTAGCGCAA,10,3098773
rcsBp2,0.5217391304347826,68,45,CCGGTGGACAGCGGGCGGGG,23,3082297
rcsBp2,1.3555555555555556,104,44,GTTTGCTGGCAGAACAACCG,60,3098312
rcsBp2,0.5555555555555556,68,44,GGCTTACGATTGCCCCAGGA,24,3081014
rcsBp2,0.4444444444444444,63,44,GCCCCATCGGCGAAGGGTAA,19,3107793
rcsBp2,0.6222222222222222,71,44,CGGGTTGTGGTTTGCAAAAA,27,3111870
rcsBp2,0.044444444444444446,45,44,CCTCTACTGAGTATTACATA,1,3078772
rcsBp2,0.044444444444444446,45,44,CCTCCCATTAGCTTATGGAC,1,3099551
rcsBp2,0.5111111111111111,66,44,CCCTGTATTCATCCGATTGC,22,3080453
rcsBp2,0.3111111111111111,57,44,CCCGTACCTCGACCATCAAT,13,3078279
rcsBp2,0.4666666666666667,64,44,CATGAACCTTAGCGCGCCCT,20,3082671
rcsBp2,1.0888888888888888,92,44,CACTAACCCCTAACATTATG,48,3091060
rcsBp2,0.5777777777777777,69,44,CACGGTGGCTGGTTTCGACG,25,3090824
rcsBp2,0.7111111111111111,75,44,CAAAAATTGTCGGCTCGACG,31,3112427
rcsBp2,2.8444444444444446,171,44,ATCAGAGTCTCATCACTTAA,127,3118801
rcsBp2,0.3333333333333333,58,44,ATAATCGTGATGTAGACCGT,14,3090130
rcsBp2,0.37777777777777777,60,44,AATTTCGTGTAAGGTTATCT,16,3103518
rcsBp2,0.24444444444444444,54,44,AAGGTACATCGAGCGCTTAT,10,3089717
rcsBp2,0.25,53,43,TCGAAATCATGCACTGGGAT,10,3102904
rcsBp2,1.2727272727272727,98,43,TACGCAGCTCTCAGTGGGAT,55,3088826
rcsBp2,0.5,64,43,GTGGGCGAGGGAGTGAGGGA,21,3087232
rcsBp2,0.8636363636363636,80,43,GGGTTATGACTTAAATTTCA,37,3077945
rcsBp2,0.75,75,43,CGGGACGCCGATGCAATGAA,32,3090106
rcsBp2,1.4318181818181819,105,43,CGCGATCCACGTATAAGGCA,62,3081239
rcsBp2,0.8181818181818182,78,43,CGACAGAGCCTTATACCGGG,35,3075682
rcsBp2,1.0454545454545454,88,43,CCTGAGCTTCGCGCGAGAAA,45,3112489
rcsBp2,1.6818181818181819,116,43,ATTTGGCACACCGATTTTTT,73,3121926
rcsBp2,0.6136363636363636,69,43,AGAAGTCCTGAATTGTATTT,26,3117677
rcsBp2,2.0681818181818183,133,43,ACGTTTCTACAGCAGCATAT,90,3091742
rcsBp2,1.3181818181818181,100,43,ACGTTGCATATTGGACGAAC,57,3093876
rcsBp2,1.0681818181818181,89,43,ACGTGAATTATGCTTGGAGT,46,3090426
rcsBp2,0.9767441860465116,83,42,TTCTGGGCAAGTGTTACAGT,41,3080386
rcsBp2,3.255813953488372,181,42,TTAGCATAGTGCATTTTTGT,139,3076520
rcsBp2,1.372093023255814,100,42,TGTAGCGCCCGTCGGCTGGT,58,3080849
rcsBp2,0.9767441860465116,83,42,TGTAGACCATAGTTCTGATG,41,3086968
rcsBp2,1.9069767441860466,123,42,TGGGCCAGTGACTGCGTGGC,81,3080263
rcsBp2,0.813953488372093,76,42,TCGAGGTGAGGAGCGTTCGT,34,3087753
rcsBp2,1.069767441860465,87,42,TCCCAGGCCCGGTGCGGCTC,45,3082114
rcsBp2,2.0930232558139537,131,42,TATTAGAATGTGCACCGATG,89,3111500
rcsBp2,0.3488372093023256,56,42,TAGGCGATCACCAAGCATAA,14,3103188
rcsBp2,0.20930232558139536,50,42,GCTACCGGAAGTCCGATCGC,8,3075555
rcsBp2,0.3023255813953488,54,42,GCGTCTGCTATTGAGGAACA,12,3083007
rcsBp2,0.7441860465116279,73,42,CTCGGCCTCAGAACTCCGTT,31,3096623
rcsBp2,0.5581395348837209,65,42,CGGCCAATGCACGCATACTT,23,3084099
rcsBp2,0.3953488372093023,58,42,CGCATCTGTGGGGTCCAATA,16,3101888
rcsBp2,1.930232558139535,124,42,CCTTTTTTGTAATGCCGATA,82,3080496
rcsBp2,0.6511627906976745,69,42,CATCCCGTACTCTCCGCTAC,27,3110583
rcsBp2,0.32558139534883723,55,42,CAATATGGGTCCGCCGCATC,13,3090162
rcsBp2,0.627906976744186,68,42,ATGCCAGAGGTTATTGTTGG,26,3116400
rcsBp2,0.046511627906976744,43,42,ATAATAGACGGCATACACTG,1,3083730
rcsBp2,0.4418604651162791,60,42,AGCGCAAGCTATATCCTGCG,18,3097740
rcsBp2,0.37209302325581395,57,42,AGAGCGAACCAATTGCACGT,15,3078313
rcsBp2,0.09302325581395349,45,42,ACTAGAGTCTCGCTTGTCGT,3,3109363
rcsBp2,1.441860465116279,103,42,AAGCACCACCAAGATGCATA,61,3076973
rcsBp2,0.6904761904761905,69,41,TTCGCTATATGGCTTCCTGA,28,3086203
rcsBp2,0.35714285714285715,55,41,TGGTAAATCTCGGAGATCAT,14,3096073
rcsBp2,0.6666666666666666,68,41,TGGTAAAGGGTCTGTTTTAA,27,3092894
rcsBp2,0.19047619047619047,48,41,TCTCTGCCGGAGTGCGCGAA,7,3118624
rcsBp2,1.5476190476190477,105,41,TAAAAATGATCACTCGTACA,64,3115639
rcsBp2,1.0476190476190477,84,41,GTTTGTGGCGGCCCGAGGAT,43,3080598
rcsBp2,1.3333333333333333,96,41,GTTGTTAAGGGCGACCTAAT,55,3103502
rcsBp2,1.4047619047619047,99,41,GTTCACAGGGCGTCACGTGT,58,3074662
rcsBp2,2.0238095238095237,125,41,GTCGGCGACCCTCGGATGAT,84,3081323
rcsBp2,0.7619047619047619,72,41,GGTTAGGCGAAGGCAACGCA,31,3112636
rcsBp2,0.6666666666666666,68,41,GGGGGACCTACTGGGGAACT,27,3097587
rcsBp2,1.5714285714285714,106,41,GGCGACGAGATCGAGGGTGG,65,3092470
rcsBp2,0.7619047619047619,72,41,GGCAATTCCATTTGTGTAAT,31,3088698
rcsBp2,0.7380952380952381,71,41,GCGGCTAGTCTAAGATGCGT,30,3077418
rcsBp2,2.3333333333333335,138,41,GCGCGTTACGCCTCGACTAG,97,3085685
rcsBp2,1.4285714285714286,100,41,GACCCATTCGCTATAAGACG,59,3081813
rcsBp2,4.0476190476190474,210,41,GAAATCTCTGTCCCAGATTT,169,3102473
rcsBp2,0.2619047619047619,51,41,CTCTCAAGCGTGTTTGGCCT,10,3092434
rcsBp2,0.47619047619047616,60,41,CTACGGTCAATTTACTCACA,19,3113559
rcsBp2,2.4523809523809526,143,41,CGTCATGAGAGTGAGGTGAA,102,3083546
rcsBp2,0.35714285714285715,55,41,CGCAACCCCGCCACAACCAT,14,3084239
rcsBp2,1.1904761904761905,90,41,CGACATACCACGAGTGCCTT,49,3106826
rcsBp2,2.261904761904762,135,41,CCACAACTTGAATCGACGGT,94,3111173
rcsBp2,0.7857142857142857,73,41,CAGATCGTAGCTTTGCTTCC,32,3092393
rcsBp2,3.4047619047619047,183,41,ATTCTTACGAGAGTTTCTTC,142,3079666
rcsBp2,0.5714285714285714,64,41,ATTACGGGTACACTGGTAAT,23,3122510
rcsBp2,1.119047619047619,87,41,AGGTCATCACATCTATCGCC,46,3080406
rcsBp2,0.9047619047619048,78,41,AGGTATACTTGTGTGACTCG,37,3093088
rcsBp2,2.0714285714285716,127,41,ACGCCTAGCGTTGACAGATT,86,3107874
rcsBp2,0.42857142857142855,58,41,ACAGGTTATCTCCACGGTCT,17,3099801
rcsBp2,0.047619047619047616,42,41,ACAGGGGTAAAGACTGTAAA,1,3096048
rcsBp2,1.0238095238095237,83,41,AATTGTTCAGATTGCTCAGC,42,3093586
rcsBp2,0.047619047619047616,42,41,AAATACTAATCTTATGCTAA,1,3119461
rcsBp2,0.43902439024390244,57,40,TTCGGGGTCAGTATCCAAAG,17,3084163
rcsBp2,0.4634146341463415,58,40,TTATCCATACCTCCGTTCAT,18,3082417
rcsBp2,0.4878048780487805,59,40,TGGACACGCCATCACGGCGA,19,3119581
rcsBp2,0.43902439024390244,57,40,TGACTCGTCTATCGTTAAAG,17,3091016
rcsBp2,2.097560975609756,125,40,TCGTACTCAATCTTGCATGT,85,3095119
rcsBp2,3.975609756097561,202,40,TCGACAAAATGAGGGGCGAC,162,3075395
rcsBp2,1.0975609756097562,84,40,TAGGCACACTGGGGCACGAG,44,3088741
rcsBp2,0.3902439024390244,55,40,TACCTGGGTGCAAACAGACT,15,3076060
rcsBp2,0.4878048780487805,59,40,GGTAGCCAGCGCTACGCAAA,19,3081629
rcsBp2,0.2682926829268293,50,40,GGTAACTTGGGGGATATATA,10,3073955
rcsBp2,0.7560975609756098,70,40,GGCCACTGTAGCGGACGCCT,30,3118000
rcsBp2,1.2682926829268293,91,40,GGAAATGGACGTCCCTAGGA,51,3089644
rcsBp2,0.7317073170731707,69,40,GAAATGATCGAACATTCGGG,29,3094181
rcsBp2,0.8536585365853658,74,40,CTTCTGCTAACCCCAGACGA,34,3092137
rcsBp2,0.36585365853658536,54,40,CTGTTCGGCACCTATCCTGC,14,3088925
rcsBp2,1.1219512195121952,85,40,CTCATCAGTATCCTGTGCGA,45,3118276
rcsBp2,1.0,80,40,CGTTCCGTAACTGGATCTCC,40,3094768
rcsBp2,3.3658536585365852,177,40,CGTAGATAAGCGACGGGTCT,137,3097078
rcsBp2,0.6585365853658537,66,40,CGGTGGCCGGCAGAGCTTAA,26,3090489
rcsBp2,0.975609756097561,79,40,CGGGCACAGTCGGACACTCA,39,3075365
rcsBp2,0.2682926829268293,50,40,CGCGCCCGTCACGCTTGATG,10,3109459
rcsBp2,0.8048780487804879,72,40,CGATCCCGCTTGGAGGGGAA,32,3080404
rcsBp2,0.4878048780487805,59,40,CCTGTCCAACGTCCATGTCT,19,3100234
rcsBp2,1.829268292682927,114,40,CCCCGGAAGAATCCCCCAAA,74,3095159
rcsBp2,0.7073170731707317,68,40,CATAATCGCGCTGTAGCTGT,28,3099764
rcsBp2,0.04878048780487805,41,40,CAGTATGACGCGAAGCTAAT,1,3085777
rcsBp2,0.24390243902439024,49,40,CACTGCCAGCTGGGCTGAAC,9,3103413
rcsBp2,3.4390243902439024,180,40,CAAGGTGATGGAGTGGTCGT,140,3075094
rcsBp2,0.4878048780487805,59,40,AGTTTAAATAGCTACGGGCA,19,3113114
rcsBp2,1.3170731707317074,93,40,AGCTCATCTGTCAGTTCATA,53,3107638
rcsBp2,0.926829268292683,77,40,AGAGAAGGCCCGGAGCCCCT,37,3096694
rcsBp2,0.3902439024390244,55,40,ACAACATGTTAGGGGACCGC,15,3100859
rcsBp2,0.575,61,39,TTGCGGAACACGGCAGGCGT,22,3076932
rcsBp2,0.3,50,39,TCGGCCGCCAGGACTGAAAC,11,3118464
rcsBp2,0.7,66,39,TATGTAAGCGAATAATTCTA,27,3106794
rcsBp2,0.4,54,39,TAAGATTGTGATTTCGGTCA,15,3099682
rcsBp2,1.6,102,39,GTTTAGTTTCATAAGGGTTA,63,3099369
rcsBp2,0.45,56,39,GTAGCCTGATACGGTATTTA,17,3122199
rcsBp2,0.375,53,39,GGGCTCTCACGGATTTCCCA,14,3101533
rcsBp2,0.375,53,39,GCCAGCAGAGTAGTAGCTCA,14,3107365
rcsBp2,1.25,88,39,GATCACTTCATTTATGCCAG,49,3120743
rcsBp2,0.825,71,39,GAGCGGTCTTATGCAGGAGG,32,3119108
rcsBp2,0.05,40,39,GAAGGTTCTACAGTCCACTT,1,3113783
rcsBp2,0.5,58,39,GAACCCGCGGCCTATGGGTA,19,3084426
rcsBp2,0.475,57,39,CGATGGTAGGTTCATAACGG,18,3096525
rcsBp2,0.475,57,39,CGAGTCGTTTCCGATTGAGC,18,3088359
rcsBp2,1.425,95,39,CGACCCGTGCTCTCGTCGTT,56,3086872
rcsBp2,3.15,164,39,CCGATACGCCCTGTACGATA,125,3088825
rcsBp2,0.35,52,39,CAGTCTCGCGGTACCACATG,13,3096906
rcsBp2,2.1,122,39,CAGTAGCGATATTGAGGAAC,83,3093593
rcsBp2,0.375,53,39,ATGGGAAGCTTCTTCGCGCA,14,3117802
rcsBp2,0.225,47,39,ATGCTCCCGATATACCAGCA,8,3096763
rcsBp2,0.75,68,39,ATATCACGTGCCGGAGCGCA,29,3082123
rcsBp2,0.325,51,39,AGCTCCACCGCTGGTGATGA,12,3111706
rcsBp2,0.525,59,39,ACTCTGCAGCATAAGGGCGA,20,3115914
rcsBp2,1.4,94,39,ACTATTTGTTTGACCTCCAA,55,3075717
rcsBp2,2.05,120,39,AAAGTTTGCATCCCGATGTA,81,3094136
rcsBp2,0.05128205128205128,39,38,TTGGAACCAAAAGTCGATTT,1,3115054
rcsBp2,0.05128205128205128,39,38,TGGGTTGGAAGCAAGGGCTG,1,3114611
rcsBp2,2.1025641025641026,119,38,TCTAGCTAACCCGGCCCCTA,81,3114107
rcsBp2,0.717948717948718,65,38,TAACGAGCGACTCCTCGACT,27,3097349
rcsBp2,0.6666666666666666,63,38,GCTTTAAAGCCTCTTGGCGA,25,3109754
rcsBp2,1.5128205128205128,96,38,GCTCGGCCACTTAGAACTCA,58,3103278
rcsBp2,0.5384615384615384,58,38,GCTATGCCATTAGCTCTAGT,20,3113920
rcsBp2,0.5128205128205128,57,38,GCTACAAGGACGACTTATCG,19,3077655
rcsBp2,0.7948717948717948,68,38,GCAATTTATCCTTGTTCCAG,30,3095152
rcsBp2,0.3076923076923077,49,38,GACATATGCTTGGCCTCGGC,11,3111542
rcsBp2,0.9487179487179487,74,38,CTGTCTACGCAAAAAACTTG,36,3089027
rcsBp2,1.0769230769230769,79,38,CGCGACCCAAGCATGTCTTG,41,3091707
rcsBp2,0.8974358974358975,72,38,CAGACTTGTATCCCGCTTAA,34,3108665
rcsBp2,1.0,76,38,ATGTTGTGGACGACATACCT,38,3077537
rcsBp2,0.07692307692307693,40,38,AGCTTCGGGCGGTTACCAAT,2,3108638
rcsBp2,1.6153846153846154,100,38,ACCCGAGTGTTCAATGGCCT,62,3083619
rcsBp2,0.8717948717948718,71,38,ACAAATTGTAGTTATGCATG,33,3107407
rcsBp2,0.41025641025641024,53,38,AACATATTGAGGCACGTAGA,15,3110249
rcsBp2,1.1578947368421053,80,37,TTTGGATGGGGGATTGTTGC,43,3094767
rcsBp2,1.3421052631578947,87,37,TCTCCACAGCATTTCACCAT,50,3080359
rcsBp2,0.15789473684210525,42,37,TCAAGCTTGAGCCAGCCAAC,5,3108635
rcsBp2,0.05263157894736842,38,37,TAAGCATGAGTCCGGTTTCA,1,3079172
rcsBp2,0.9210526315789473,71,37,GTAAAAGACTGGGGCGCTAC,34,3083189
rcsBp2,0.5263157894736842,56,37,GGCTCACCAACACTAGCCGG,19,3098934
rcsBp2,1.5,93,37,GGCTATCGTTAGTTCAACCT,56,3121354
rcsBp2,1.4210526315789473,90,37,GGCGTCTCATTGCTTTGCTA,53,3089670
rcsBp2,1.1842105263157894,81,37,GCGGCTCTCTGTCTTGACTG,44,3079252
rcsBp2,5.2631578947368425,236,37,GCGCTGATTTGTCCGCGGCA,199,3107051
rcsBp2,0.15789473684210525,42,37,GCCTGTACCGATGGGTACGT,5,3098200
rcsBp2,0.8421052631578947,68,37,GATGAACTATTCGTGGCATG,31,3080119
rcsBp2,0.5,55,37,GACCACGGAGTTCCACGCAT,18,3083844
rcsBp2,0.10526315789473684,40,37,CTGACATACTAACTTTACAC,3,3075771
rcsBp2,1.1578947368421053,80,37,CGTGTGCTCAGTTTTTCAAG,43,3098645
rcsBp2,0.5526315789473685,57,37,CACAAATAGTCCATCCCCAC,20,3091434
rcsBp2,0.23684210526315788,45,37,ATTTTGGACGGGATTGTTTA,8,3113986
rcsBp2,1.0526315789473684,76,37,AGGCCTAGTATTCTGAGCCA,39,3116224
rcsBp2,0.42105263157894735,52,37,AGGCATAACGACAAGAAGAG,15,3113819
rcsBp2,0.18421052631578946,43,37,ACTCTATTCGCAGCGGAGAG,6,3120239
rcsBp2,0.23684210526315788,45,37,ACGCTTGCAACCGCCTCGGT,8,3078082
rcsBp2,0.7631578947368421,65,37,ACCGCGGGTAGTAATCGTGC,28,3084723
rcsBp2,0.7368421052631579,64,37,ACCAGGTTCTGTCATTCTAC,27,3078238
rcsBp2,0.05263157894736842,38,37,AAGAGTTAATGACGGCGTAA,1,3094335
rcsBp2,1.1578947368421053,80,37,AACTTGCTTTTCTCTGGCAA,43,3104955
rcsBp2,0.2702702702702703,45,36,TGGCATCGTAAGGGCGCTGT,9,3095097
rcsBp2,0.8918918918918919,68,36,TGGACAAATAGAATCATGGA,32,3091274
rcsBp2,1.6486486486486487,96,36,TGCAGATATAGTCTGGACAA,60,3083798
rcsBp2,0.1891891891891892,42,36,TACTAACGAAAAGTGATAAT,6,3121860
rcsBp2,2.6216216216216215,132,36,GTTCTTGTAGACACTTTGTC,96,3091319
rcsBp2,0.6486486486486487,59,36,GTTCGCTAGGCATGTGGGCA,23,3078945
rcsBp2,0.35135135135135137,48,36,GTGCTAAGTTACGGGAGCTG,12,3078660
rcsBp2,0.918918918918919,69,36,GGTTTCATTGTGCCCAGGTA,33,3102748
rcsBp2,0.5675675675675675,56,36,GGTCTTAGCACTATAAGTAG,20,3112923
rcsBp2,2.3513513513513513,122,36,GGTCGCAAAGAGACTAGATT,86,3085864
rcsBp2,0.13513513513513514,40,36,GGGCCGAGGACTACCGCTTT,4,3106289
rcsBp2,3.6216216216216215,169,36,GCTAGCTTTCTGCCTGCTTC,133,3080058
rcsBp2,0.6756756756756757,60,36,GCGCTCCAGAGCAACGCTAA,24,3094232
rcsBp2,0.4594594594594595,52,36,GCCGCAAGAACATTGGTACT,16,3104564
rcsBp2,0.7837837837837838,64,36,GCAGGCAGTAGGCTGACTGA,28,3075903
rcsBp2,0.05405405405405406,37,36,GATGCGCAATGGTTCCGCAT,1,3117452
rcsBp2,0.8378378378378378,66,36,GATGATCCTTTGAAGTATAG,30,3107666
rcsBp2,0.8378378378378378,66,36,GAATCAACTGGACAGATGAA,30,3098738
rcsBp2,1.7567567567567568,100,36,CTGATCAGAGACAGCTTCGT,64,3076903
rcsBp2,0.05405405405405406,37,36,CTAGTCTCGCAGATCCACCT,1,3093755
rcsBp2,0.5945945945945946,57,36,CTACCCATCATCATGTACCA,21,3111289
rcsBp2,0.7027027027027027,61,36,CGTCCGTCGCTTCCGAAACT,25,3116809
rcsBp2,1.4864864864864864,90,36,CGGCGACCCCGATATAGCGG,54,3093754
rcsBp2,0.24324324324324326,44,36,CCGTCTCCTTAGGCCCTATA,8,3080475
rcsBp2,0.21621621621621623,43,36,CCGACTCGGCCCCTGAACAT,7,3097181
rcsBp2,0.9459459459459459,70,36,CCAACTCTCAAGGGAGGGTG,34,3114495
rcsBp2,0.40540540540540543,50,36,CATAAGTTCTGCAGACATCC,14,3087398
rcsBp2,1.0,72,36,CAATACTCAGGGTGAATTAG,36,3087017
rcsBp2,0.6486486486486487,59,36,ATGTTCTACAATGGCTATGT,23,3090388
rcsBp2,2.7837837837837838,138,36,ATGTCCCGGGTTCAGGACAA,102,3075245
rcsBp2,1.2162162162162162,80,36,ATGGCTAAGGGTGTGCTCAA,44,3089230
rcsBp2,0.2972972972972973,46,36,ATGGCCACCACGACAGATTA,10,3093843
rcsBp2,0.8648648648648649,67,36,ATCTTGTCGGTAAAGCGAAC,31,3101865
rcsBp2,0.7567567567567568,63,36,AGGCCAGGGATGGGTAACTT,27,3081400
rcsBp2,1.4054054054054055,87,36,AGCTGTTTATAAAGACATAT,51,3082673
rcsBp2,3.2162162162162162,154,36,AGAATTTAAACCTGACCTAG,118,3092256
rcsBp2,1.162162162162162,78,36,ACTCAGTGCGGGTGTGGTCA,42,3113711
rcsBp2,1.3783783783783783,86,36,ACGTCAGAGGGTTCATCCCT,50,3087249
rcsBp2,4.324324324324325,195,36,ACCTAGATAAAGGATCGTGG,159,3107966
rcsBp2,0.7837837837837838,64,36,AAGCCGGTTTTAGTAACGCA,28,3092139
rcsBp2,0.4722222222222222,51,35,TTTCGAAAGATAGGCCGGTT,16,3108756
rcsBp2,0.8055555555555556,63,35,TTTAATCAATCTGCAGCACT,28,3107413
rcsBp2,2.1666666666666665,112,35,TTGTGAGCTCGCATCCGTGA,77,3081593
rcsBp2,1.1944444444444444,77,35,TGTCAGTAATGACACGGGTA,42,3097550
rcsBp2,5.222222222222222,222,35,TGATTCAGAGTTCGGGCAAT,187,3076775
rcsBp2,1.1111111111111112,74,35,TCTTAGTCCGCTCTTCAGCG,39,3099697
rcsBp2,1.0277777777777777,71,35,TCGTCTGGTGTCAGAGGTTT,36,3083459
rcsBp2,1.1111111111111112,74,35,TCGTACGCTTTTGATAAAGG,39,3091699
rcsBp2,0.6666666666666666,58,35,TAAGCGACTTTAGGAGGAAG,23,3111248
rcsBp2,0.1388888888888889,39,35,GTTCGGTGAGGTGACTGGCG,4,3079101
rcsBp2,0.2777777777777778,44,35,GGGTCTATGGCACAAATCTA,9,3095379
rcsBp2,0.2777777777777778,44,35,GGCTTACACCCTGCTCGTGT,9,3111365
rcsBp2,0.19444444444444445,41,35,GGCTATGTTTTGCTTGCCCA,6,3079018
rcsBp2,1.0555555555555556,72,35,GGCTACGACGGTCCGCGATG,37,3096078
rcsBp2,0.4444444444444444,50,35,GGATCAACAGTGCTTATGAG,15,3086579
rcsBp2,0.9722222222222222,69,35,GGACTTATTTCGGCCCCAGG,34,3109007
rcsBp2,0.8611111111111112,65,35,GCCAAGTTTATTCTGCAGCT,30,3087903
rcsBp2,0.5555555555555556,54,35,GAGTTACCCACCTGGCGGAC,19,3093986
rcsBp2,0.8611111111111112,65,35,GAGTGACTACTTCCGTTATG,30,3093190
rcsBp2,0.8611111111111112,65,35,GACTTCATGTAAAAGTCGAT,30,3084663
rcsBp2,0.5833333333333334,55,35,GACGTTATGAACAAAAGTTG,20,3081715
rcsBp2,0.9722222222222222,69,35,GAATAATCCCTGCGACGCCT,34,3077236
rcsBp2,0.6944444444444444,59,35,CTTTCGCATTACGGGATCTG,24,3107901
rcsBp2,0.1111111111111111,38,35,CTGGTCGCAAGTCCCGGTCT,3,3113360
rcsBp2,2.5,124,35,CTCAATAAACCGTTCGATGA,89,3105452
rcsBp2,0.6388888888888888,57,35,CTATCTAAGAGCCATACTGG,22,3080924
rcsBp2,1.5,88,35,CGTGCTGGATAGATGCTGAG,53,3080526
rcsBp2,3.0277777777777777,143,35,CGGCCACCGCCCAGCCGGTT,108,3102962
rcsBp2,1.3333333333333333,82,35,CCTTTATGACAAGTATCTAC,47,3078444
rcsBp2,1.0833333333333333,73,35,CCCCGTCCAGGCTTTTGATG,38,3119529
rcsBp2,0.5,52,35,CCATAGGATCCAGTGTGTGA,17,3115841
rcsBp2,0.5833333333333334,55,35,CATGTAAGGGTTGATAAACT,20,3083277
rcsBp2,0.3333333333333333,46,35,CATCATGCAGGCTACCCACA,11,3083451
rcsBp2,0.5555555555555556,54,35,CACACAGCAGCAGCGGAGAC,19,3084463
rcsBp2,0.08333333333333333,37,35,CAACCGCAGTCGTGTTATCT,2,3096035
rcsBp2,2.4722222222222223,123,35,ATATCTGCCGGTGAGCTTCA,88,3099557
rcsBp2,0.3888888888888889,48,35,ATAAGGGGTGGTGTCACTGG,13,3122030
rcsBp2,0.3333333333333333,46,35,AGGATGGATGTTCTAGTCGC,11,3091643
rcsBp2,0.05555555555555555,36,35,AGGACGGGACGTCACTCAGT,1,3105464
rcsBp2,0.7222222222222222,60,35,ACGTGGAGCAAACGGTCCAT,25,3083511
rcsBp2,0.5833333333333334,55,35,ACGTAGCTAAGTCACAATAC,20,3093561
rcsBp2,0.75,61,35,ACCTACATTTAATTTGAGGG,26,3098395
rcsBp2,0.6944444444444444,59,35,ACCATTGTTTTAATATTAGT,24,3086132
rcsBp2,0.25,43,35,ACAACAGCGAGCGTGACTTA,8,3087402
rcsBp2,0.4857142857142857,50,34,TGAGAAATGGCACATTACCC,16,3083236
rcsBp2,1.1142857142857143,72,34,TCTCGTGTTTTTGGGGCAAT,38,3075468
rcsBp2,0.8,61,34,TCTCGAGGAATCCCCGGCTA,27,3106527
rcsBp2,0.2857142857142857,43,34,TATTCATGAAGTCCTTTCAC,9,3106342
rcsBp2,1.9142857142857144,100,34,GGTAAATTCGGACCGACCTC,66,3100127
rcsBp2,1.4857142857142858,85,34,GGCCTGTTTTTTGGGAGGTG,51,3096666
rcsBp2,1.2285714285714286,76,34,GGACTTATAGGTCGGCTAAT,42,3103865
rcsBp2,0.7428571428571429,59,34,GATTCGAAACTAACAAGGGA,25,3120144
rcsBp2,1.3142857142857143,79,34,CTTTTTGAGAGCAGTAATAC,45,3086101
rcsBp2,0.8857142857142857,64,34,CTTGCGCAACGACCTCGACA,30,3085585
rcsBp2,0.37142857142857144,46,34,CTCAACGTGTCTAGTCGTCA,12,3077426
rcsBp2,0.6,54,34,CGCGCTTATAAACTCGACGC,20,3113634
rcsBp2,1.0,68,34,CCTCGTTGTCGTTCGGCGGA,34,3121061
rcsBp2,0.7428571428571429,59,34,CCCGCAAGGTGGAGGCCCGC,25,3100605
rcsBp2,0.05714285714285714,35,34,CCAGAGCAGGGGGAGGGGGT,1,3095100
rcsBp2,0.6285714285714286,55,34,CAGCGCTGCAGTATTTGCAG,21,3074010
rcsBp2,0.2,40,34,CACCGAGGAATGACGGTCAG,6,3106140
rcsBp2,0.7428571428571429,59,34,ATGTTCAGTCTTAGACGAAC,25,3098724
rcsBp2,0.2857142857142857,43,34,ATGCTTCAGGGGGCTAGGAT,9,3079649
rcsBp2,0.8571428571428571,63,34,ATAAATTTCAACCTAGCCCA,29,3087033
rcsBp2,0.37142857142857144,46,34,AGCGCTAGGTTGTTTAAGTC,12,3084537
rcsBp2,0.5142857142857142,51,34,AGAAGCCCGATTCATCTGGA,17,3099160
rcsBp2,0.8285714285714286,62,34,ACTCCAACCAGAGGCAATGT,28,3087073
rcsBp2,1.2285714285714286,76,34,ACCTCATGTTGCTCCCACCT,42,3083543
rcsBp2,1.9714285714285715,102,34,AATCCGAATGGCCCCAGTCT,68,3101429
rcsBp2,0.5142857142857142,51,34,AAGTCGTACCGCAGAGGTTG,17,3107607
rcsBp2,0.34285714285714286,45,34,AAGGTGGTCTTCTGCCACAT,11,3075282
rcsBp2,0.14285714285714285,38,34,AAGGCGAGGGATTACAGTGA,4,3076350
rcsBp2,0.5428571428571428,52,34,AAGGAAGATTCCAGCTGCAT,18,3090342
rcsBp2,0.2,40,34,AAGCGGGTTTGGCAAGTTCA,6,3098725
rcsBp2,0.45714285714285713,49,34,AACGCCCATGCTCACAAAAA,15,3110397
rcsBp2,0.6571428571428571,56,34,AACGACGCTCCCTGATTGGT,22,3107310
rcsBp2,0.42857142857142855,48,34,AACAACTGTCACAGTCCGCA,14,3091171
rcsBp2,0.2857142857142857,43,34,AAATGTATGGAATGAGCGGA,9,3092176
rcsBp2,1.1176470588235294,70,33,TTACAGTCGCTACCCCTCTA,37,3079885
rcsBp2,0.5588235294117647,51,33,TGGTTTGGTTTGGCACTCAG,18,3074708
rcsBp2,4.970588235294118,201,33,TGGCCGGCGGAAAGAACACA,168,3077491
rcsBp2,0.4117647058823529,46,33,GTTAGACGAGGGTCTCTGTG,13,3075478
rcsBp2,0.14705882352941177,37,33,GGAGACCGTCCATGATGGTA,4,3096968
rcsBp2,0.058823529411764705,34,33,GCTGGCGACTCTCACGATTG,1,3100607
rcsBp2,2.4705882352941178,116,33,GCGTTGTCCATGTAGAAATC,83,3116689
rcsBp2,1.2058823529411764,73,33,GCGAGTACGTCAGAATTGGC,40,3110727
rcsBp2,0.20588235294117646,39,33,GCCGTATATAAAATTGCATG,6,3081068
rcsBp2,1.7058823529411764,90,33,GAGTTCGAGAACGACTCGAG,57,3077568
rcsBp2,0.6764705882352942,55,33,GAGGACACTAGGGATGTTTT,22,3098425
rcsBp2,0.5882352941176471,52,33,GAGAGCAGCCGTTAAACAAG,19,3116294
rcsBp2,3.2941176470588234,144,33,GACTAACTAAGTACAGTCCC,111,3077514
rcsBp2,2.5294117647058822,118,33,GAAGCTGCAGAAGGGGTATA,85,3121927
rcsBp2,0.17647058823529413,38,33,GAAGACGCTCGATCAACACC,5,3105699
rcsBp2,1.6176470588235294,87,33,GAAAGAGGCGACGCAACTCT,54,3077899
rcsBp2,1.911764705882353,97,33,CTGTGTTTCAGTGCGACACT,64,3088025
rcsBp2,0.14705882352941177,37,33,CTCAGGAACGGTGATAGACT,4,3075412
rcsBp2,1.1470588235294117,71,33,CTCACAACAGAGTCTTTGGG,38,3111600
rcsBp2,0.47058823529411764,48,33,CTATTACTGGCCCAGGTCGT,15,3117670
rcsBp2,2.264705882352941,109,33,CTAGCAAATGTCGAGACTTA,76,3090451
rcsBp2,1.4705882352941178,82,33,CTACGGGCTCACCAAGCAGT,49,3094336
rcsBp2,0.5882352941176471,52,33,CGTGGCAAGGGGAGCAGTAT,19,3096177
rcsBp2,1.7058823529411764,90,33,CGGTTTCATCGCGAACGGGT,57,3116197
rcsBp2,0.17647058823529413,38,33,CGAGACTCGCCGCGTAATAA,5,3077819
rcsBp2,1.5588235294117647,85,33,CCTAAGTAGCTATCCACACT,52,3096806
rcsBp2,0.08823529411764706,35,33,CCCTGTACTTCGCACACTTC,2,3118465
rcsBp2,0.6470588235294118,54,33,CCCAGTGGCAGATAGGGTCA,21,3078716
rcsBp2,0.3235294117647059,43,33,CCATAGGACGCACCTAGTGG,10,3076389
rcsBp2,0.14705882352941177,37,33,CCACTAGCCTGTTATATATT,4,3111433
rcsBp2,0.38235294117647056,45,33,CAGCGTAAGGGCCGTGGGCT,12,3095717
rcsBp2,1.2058823529411764,73,33,CAGACCACGCAGTTTCACCC,40,3094209
rcsBp2,0.6176470588235294,53,33,CAAGTTATGACCTGAGTTAT,20,3088403
rcsBp2,1.1764705882352942,72,33,CAAGGGTGGAAGTCTTTACA,39,3113990
rcsBp2,0.8529411764705882,61,33,ATTTCACCGGCTGACACGGT,28,3096240
rcsBp2,2.264705882352941,109,33,ATGGTCAACCTCCGTGATCA,76,3082036
rcsBp2,1.0294117647058822,67,33,ATGCGCTGCAAAGTCCGCGT,34,3080437
rcsBp2,2.5588235294117645,119,33,ATGATTTGAGGATAAGCGGT,86,3093464
rcsBp2,0.5882352941176471,52,33,ATGATCTATATTGATGTGAG,19,3106650
rcsBp2,0.4117647058823529,46,33,AGGAGGCGACTTCTAGGTAT,13,3082680
rcsBp2,0.14705882352941177,37,33,AGCCGGAATAATTCTCAGAT,4,3094833
rcsBp2,1.2352941176470589,74,33,AGATCTGGGCGTCAGAAGGT,41,3082928
rcsBp2,0.47058823529411764,48,33,ACTTAGCCCACGAGCGCATA,15,3101688
rcsBp2,0.9705882352941176,65,33,ACCTCTCGGTCCGGGACGGC,32,3075994
rcsBp2,0.7647058823529411,58,33,AAGGCGCATTGTGGTATACT,25,3117675
rcsBp2,0.7058823529411765,56,33,AAGGACCGGCCTGCGCGATG,23,3108046
rcsBp2,0.058823529411764705,34,33,AAGACTATTCCGGAAGGGTT,1,3096032
rcsBp2,0.9411764705882353,64,33,AAATGAAGTACGAGGGACGA,31,3081099
rcsBp2,2.2058823529411766,107,33,AAAGCCGTATTATGGCCAGC,74,3107593
rcsBp2,0.15151515151515152,36,32,TTTTGCTCGCCCACTCTTAA,4,3101019
rcsBp2,0.8787878787878788,60,32,TTGATTCGGAAAGGCGGTAA,28,3085412
rcsBp2,0.8484848484848485,59,32,TTACTTCCGCCGGTCGTTTC,27,3098310
rcsBp2,0.7575757575757576,56,32,TGCCCCATTGATTATTACGC,24,3100207
rcsBp2,0.8787878787878788,60,32,TCTAGGTTGTCTTCTTGCAG,28,3103667
rcsBp2,0.8181818181818182,58,32,TCCCTAGTAGTGATCTGATA,26,3076303
rcsBp2,0.5151515151515151,48,32,TCCCGCCCTCGGTATATGAT,16,3084154
rcsBp2,0.6363636363636364,52,32,TACTCATCATCTAAAAGTCG,20,3089353
rcsBp2,0.9393939393939394,62,32,TACAGGAGTCGCGAGCTTAT,30,3095771
rcsBp2,0.06060606060606061,33,32,GTTCTACACTGCAGTAATCG,1,3115369
rcsBp2,1.0303030303030303,65,32,GTGGGATGCTAACTGGTAGT,33,3111054
rcsBp2,1.3636363636363635,76,32,GTGAGCGAAGGGTGAGTGCC,44,3102579
rcsBp2,0.6060606060606061,51,32,GTAACGTCGTTAGTCGCCGA,19,3078744
rcsBp2,1.9696969696969697,96,32,GGTAGTCTGAAGCAAAGTAC,64,3120170
rcsBp2,0.9696969696969697,63,32,GGCTCGCGGTCAGGGAACAG,31,3077160
rcsBp2,2.393939393939394,110,32,GCGGACCTATGGGTTTGCGA,78,3092876
rcsBp2,0.5151515151515151,48,32,GCGAAGCTCCCGCTAGGCTC,16,3106182
rcsBp2,1.4545454545454546,79,32,GCCTCGCCTTTCCATTCGAG,47,3076183
rcsBp2,0.3333333333333333,42,32,GATTGTGCGTGGGAGCAATC,10,3111861
rcsBp2,0.06060606060606061,33,32,GAGTGGATCGATCGCGCCCC,1,3086052
rcsBp2,2.787878787878788,123,32,GAGTCTACGATGGTTGGCCA,91,3105428
rcsBp2,0.7272727272727273,55,32,GAGGTCACAACCGGCTGGAC,23,3083445
rcsBp2,0.36363636363636365,43,32,GACGGATGCTCTCAAGGCAA,11,3082709
rcsBp2,0.3333333333333333,42,32,GACATGATTCCATGTGTGTT,10,3095062
rcsBp2,0.9090909090909091,61,32,GAAACTGGCGCTGCAATGGA,29,3097602
rcsBp2,1.393939393939394,77,32,CTTCCAAATGGTCCGACTCT,45,3091022
rcsBp2,0.06060606060606061,33,32,CTGCGGGAGATGTGCATAGA,1,3079979
rcsBp2,0.12121212121212122,35,32,CTAACCGTCTACGTGCGAGA,3,3120008
rcsBp2,3.393939393939394,143,32,CGTATTGTAAGCTCCTCGCT,111,3087852
rcsBp2,0.06060606060606061,33,32,CGGCTGATATGCAGCGCGTT,1,3083882
rcsBp2,1.0303030303030303,65,32,CGGCTCAATCGCGTAATCCA,33,3103355
rcsBp2,0.8787878787878788,60,32,CGAAAGGGGGATGTTGATTC,28,3094793
rcsBp2,0.12121212121212122,35,32,CCAACCACTGACAAGGATTA,3,3105943
rcsBp2,0.42424242424242425,45,32,CATAGCGACACATCCCTATA,13,3099464
rcsBp2,0.7575757575757576,56,32,CAAGTAGAGAATCTCCGAGT,24,3097018
rcsBp2,2.696969696969697,120,32,CAAATGTCATGGCCGGTCTT,88,3106010
rcsBp2,3.515151515151515,147,32,AGTAGAAGCTTCCCACGTCC,115,3086097
rcsBp2,2.727272727272727,121,32,AGAGGACGCCACTAATTATC,89,3101641
rcsBp2,0.6666666666666666,53,32,ACTTGATTATGGTAAGCCAG,21,3120352
rcsBp2,0.45454545454545453,46,32,ACCATTTTGTGCATTGTAGT,14,3121704
rcsBp2,0.3333333333333333,42,32,ACAAGGCTTAGGTCCTAGTT,10,3102188
rcsBp2,1.21875,69,31,TTTTGTTAATCCGAAATTGA,38,3096626
rcsBp2,1.15625,67,31,TTTTCAAACATGGGTCTCTG,36,3082464
rcsBp2,0.75,54,31,TTTCCACAATTGATTTAAAT,23,3082458
rcsBp2,0.75,54,31,TTCATGCGGTTCCTGGTGAG,23,3076189
rcsBp2,1.1875,68,31,TTCAGTCAGGTCAGCCAATA,37,3120263
rcsBp2,1.875,90,31,TGTGTACTACGAAGAACTTT,59,3076283
rcsBp2,0.34375,41,31,TGTGCAACCCGTTAACTCGT,10,3083617
rcsBp2,1.90625,91,31,TGCTAAGCGCCAAAACGGTC,60,3120783
rcsBp2,1.375,74,31,TCTGTCCGGTTAGGTCTCGC,43,3075804
rcsBp2,1.15625,67,31,TCTAATCTTGTTGATTTAGC,36,3112101
rcsBp2,1.78125,87,31,TCGTCCGCTCCGTACCGGAG,56,3100209
rcsBp2,1.09375,65,31,TCACGGAACCCCTCGGTTAT,34,3109501
rcsBp2,0.34375,41,31,TATGATTTGACTCGCGCCGA,10,3091752
rcsBp2,0.65625,51,31,TATCAATTCCTCCGTAGATT,20,3104903
rcsBp2,0.09375,33,31,TACGCCCTTGCTGCGTTCAT,2,3076007
rcsBp2,1.09375,65,31,TAAAGCCATCCAAGAGCGCT,34,3103135
rcsBp2,1.3125,72,31,GTTGTGCACATGTAGACACG,41,3095740
rcsBp2,0.71875,53,31,GTGAACGTCGCACTTGTGTT,22,3078856
rcsBp2,0.28125,39,31,GTACAAAGCTACACTGGACT,8,3078379
rcsBp2,0.125,34,31,GGACATTGAATCGGTGAGCG,3,3107186
rcsBp2,1.46875,77,31,GCTAGCTGGGCCATTAGGCA,46,3091836
rcsBp2,1.28125,71,31,GCGGATGTAAATGAGTGGTT,40,3121376
rcsBp2,0.0625,32,31,GCCTTCGAGGCGTTTTACAT,1,3101465
rcsBp2,0.5,46,31,GCCGGGTCGTCAACCAGAGT,15,3090018
rcsBp2,0.0625,32,31,GATGGAACGGGACGACCTTA,1,3115652
rcsBp2,1.4375,76,31,GAGCTCCCACTCAGTAGTTA,45,3090733
rcsBp2,0.625,50,31,GAAGCAGACGCTTCGTCCAG,19,3077942
rcsBp2,0.8125,56,31,GAACGAGGAGACAGTAGTGG,25,3075801
rcsBp2,0.6875,52,31,CTTCCTGGATAACCTGGTCT,21,3076003
rcsBp2,1.84375,89,31,CTGGCACGACCAATAACTCG,58,3085065
rcsBp2,1.9375,92,31,CTCCATGGGCTCAAAGCGCA,61,3075307
rcsBp2,1.75,86,31,CGTGATCTAAAAATCCTGAG,55,3121811
rcsBp2,0.8125,56,31,CGGAACCTCACCTAAAGGCT,25,3104331
rcsBp2,2.46875,109,31,CGCGAAAAATGTAAGAGAGT,78,3114122
rcsBp2,2.40625,107,31,CGATGATGGTATGCACCGCA,76,3122201
rcsBp2,9.40625,331,31,CCTGGAGTTGGCAGGGGAGT,300,3095505
rcsBp2,0.5,46,31,CCGTAAGCCGGATCCTGTAG,15,3077157
rcsBp2,0.71875,53,31,CCCTTCACCGATCCGCATCT,22,3098703
rcsBp2,0.6875,52,31,ATTTGAGCGAACCGTGACAA,21,3099800
rcsBp2,2.34375,105,31,ATGTACGTTCGGCTGCATTG,74,3086920
rcsBp2,0.875,58,31,ATCCGGCGGTCGAGGTGGAT,27,3119134
rcsBp2,0.6875,52,31,AGGGGCTGACTGTCTAATAC,21,3089448
rcsBp2,0.53125,47,31,AGGCACGGCAGGGGAGGAAC,16,3122871
rcsBp2,0.65625,51,31,ACTAGCACCCGTGTGAAACT,20,3094563
rcsBp2,0.5,46,31,ACGCATCCTTGCTTAGGTGA,15,3086016
rcsBp2,0.78125,55,31,ACGATAAGAGAGCCCGTTTA,24,3083796
rcsBp2,0.75,54,31,AATCGAGGGCCACTGAAATG,23,3094515
rcsBp2,0.34375,41,31,AAGATGAGCGGCTTTCTTTC,10,3087405
rcsBp2,1.3125,72,31,AAATATGGACGCCATTGGTC,41,3090341
rcsBp2,0.78125,55,31,AAAGGTTATAACGCCACCTT,24,3106530
rcsBp2,2.838709677419355,117,30,TTTTTCTTAGTTTTAAGTAA,87,3110673
rcsBp2,0.5161290322580645,45,30,TTTACACGGAGTAGTCAATA,15,3115730
rcsBp2,1.2258064516129032,67,30,TTATACACAGAGAAAGATGT,37,3121489
rcsBp2,0.06451612903225806,31,30,TGTTCTGTCTGGGGGAGTGA,1,3074335
rcsBp2,0.06451612903225806,31,30,TGTGCGGCCCTCAAGGAGCC,1,3094003
rcsBp2,0.8709677419354839,56,30,TGGTCCTGGAGTCACCGAGC,26,3101469
rcsBp2,0.967741935483871,59,30,TGGTCACTCAGTATGATATA,29,3099326
rcsBp2,1.6774193548387097,81,30,TGCGGACCGTAAACGTGTCT,51,3090403
rcsBp2,2.838709677419355,117,30,TGACTGACGAGAAGATTTAC,87,3083621
rcsBp2,0.5806451612903226,47,30,TCATCTGCGAGCAACGATGA,17,3088358
rcsBp2,0.7096774193548387,51,30,TCAGCGCGCTGCGGGCAGCC,21,3117535
rcsBp2,1.4193548387096775,73,30,TAATGGTGCAGCTCTACCAT,43,3077506
rcsBp2,1.1612903225806452,65,30,GTCTTACCCTTAGGTTTGGA,35,3074709
rcsBp2,0.45161290322580644,43,30,GTCCACGCCCCGAATATGTA,13,3075996
rcsBp2,2.064516129032258,93,30,GGTTTTCACTGAGAATCGGG,63,3077449
rcsBp2,0.2903225806451613,38,30,GGTTATAGAGCAAAAGTGGA,8,3101842
rcsBp2,1.8387096774193548,86,30,GCTTTGAGGGCTATGACAGG,56,3109004
rcsBp2,0.06451612903225806,31,30,GCGGCGGGAGGTCGCAGGTT,1,3082214
rcsBp2,2.903225806451613,119,30,GCGCCGGTACTACGTCGGCA,89,3105382
rcsBp2,0.8064516129032258,54,30,GCCGCATGCCCAGACCGAAC,24,3089829
rcsBp2,12.774193548387096,425,30,GCCCTTTCATTCTGATGTCA,395,3099220
rcsBp2,0.5806451612903226,47,30,GATTTTTACCCTTACTCAGA,17,3115052
rcsBp2,2.032258064516129,92,30,GAGCTATTCATGACTTGGTA,62,3120549
rcsBp2,2.903225806451613,119,30,GAGCAGCTTTCATATCCATA,89,3111393
rcsBp2,1.032258064516129,61,30,GACTGAGTACATAGCTGGAT,31,3093305
rcsBp2,0.4838709677419355,44,30,GAATAAGGGCATACGGGCAT,14,3117248
rcsBp2,0.06451612903225806,31,30,CTGGAACCAAATGTCCGGAT,1,3077007
rcsBp2,1.5483870967741935,77,30,CTCATAGCAAGAAGGTGGAC,47,3082602
rcsBp2,0.6774193548387096,50,30,CTATTTTAGTTTTGAGCTCG,20,3078344
rcsBp2,1.8709677419354838,87,30,CGTTAGGGCTGTGAAGCCCG,57,3080620
rcsBp2,0.3225806451612903,39,30,CGTCTAAGTTAAAGGGAATT,9,3104197
rcsBp2,0.7096774193548387,51,30,CGGTCTGTTTCCCATTTTGA,21,3105876
rcsBp2,0.06451612903225806,31,30,CGGAAGATCTGGTTTGTCCT,1,3116642
rcsBp2,1.064516129032258,62,30,CGCGGGCTGGTAATCCTCGT,32,3104928
rcsBp2,2.6129032258064515,110,30,CCTCTTCAAGCCTGGGAATA,80,3101841
rcsBp2,0.5483870967741935,46,30,CCTAGTGGCGCCGCGGCATA,16,3095720
rcsBp2,0.12903225806451613,33,30,CCGATGGGCAGACCGCGTGT,3,3117978
rcsBp2,0.4838709677419355,44,30,CCAGCTGCAGAGGCTCATCC,14,3099594
rcsBp2,0.0967741935483871,32,30,CAAACCGATGTGCAACGCTA,2,3092507
rcsBp2,1.1612903225806452,65,30,ATGGGCATTCCGTTAGATCC,35,3079659
rcsBp2,0.6129032258064516,48,30,ATAGTACTACCTTGTAATGA,18,3088985
rcsBp2,0.06451612903225806,31,30,AGGCGGTGGGGCAAGAATAC,1,3119579
rcsBp2,1.064516129032258,62,30,AGGATGACACTGAAGTCTAC,32,3092308
rcsBp2,0.25806451612903225,37,30,AGGAGACGCTCTCGAGAGAG,7,3074491
rcsBp2,0.3225806451612903,39,30,AGCGGAGTTAGCTCCCAGCA,9,3092666
rcsBp2,0.3225806451612903,39,30,ACCAGAGCCCTCCGCTATAA,9,3098015
rcsBp2,1.2258064516129032,67,30,AATCGCCAGAAATCGCCTGG,37,3109170
rcsBp2,0.6774193548387096,50,30,AATCAGTATAGCCCACGGAG,20,3084373
rcsBp2,0.45161290322580644,43,30,AAGATGATGTCTAAAAGGAA,13,3116045
rcsBp2,1.096774193548387,63,30,AAATTTCACTGGGCTCTCGA,33,3079300
rcsBp2,0.43333333333333335,41,29,TTGTCCAGTCCGCTACACGA,12,3116550
rcsBp2,1.0333333333333334,59,29,TTGCTAGACTCTCAGAAGAC,30,3075043
rcsBp2,0.4,40,29,TTCGAGATTTCGAGCTCAGG,11,3116437
rcsBp2,0.06666666666666667,30,29,TTATTATCGTAAAAGGTAAA,1,3095247
rcsBp2,0.9333333333333333,56,29,TTAGGTTGGCATAACGATGT,27,3094771
rcsBp2,0.06666666666666667,30,29,TGGCAGCTTACCTTGATGTT,1,3082198
rcsBp2,2.1666666666666665,93,29,TGGATGGTGTCTAGGTACAT,64,3101190
rcsBp2,2.066666666666667,90,29,TGCCCTAAGCCGAATCAGAA,61,3088083
rcsBp2,0.3,37,29,TCGTGCACAGGTCAGTACAG,8,3097879
rcsBp2,0.06666666666666667,30,29,TCGGGTGCGGACCCGATCCA,1,3075594
rcsBp2,0.06666666666666667,30,29,TAATGGCCAGATGTTTCGCC,1,3074084
rcsBp2,0.3333333333333333,38,29,TAATAAAATGGGAAGACCCA,9,3076865
rcsBp2,1.2,64,29,TAAAGGTGTCCTGGTGGACG,35,3090142
rcsBp2,0.43333333333333335,41,29,GTTCTCCCACCGAAGAGGAG,12,3101690
rcsBp2,0.7666666666666667,51,29,GTGGAGCGCTACTGGAGTTC,22,3075096
rcsBp2,0.5666666666666667,45,29,GTCGGTACGACGGTTCCCAT,16,3085708
rcsBp2,0.06666666666666667,30,29,GTAAGTTCCAGATCTTATGA,1,3111004
rcsBp2,0.43333333333333335,41,29,GTAAACGCATCATCGATAAG,12,3093734
rcsBp2,0.3333333333333333,38,29,GGGTTATCCTTGCACGTGGC,9,3084094
rcsBp2,0.6,46,29,GGGTCAGAATCCATCGCCGG,17,3096524
rcsBp2,0.9666666666666667,57,29,GGGGATGTCTCACTCCGACG,28,3097250
rcsBp2,0.7333333333333333,50,29,GGCATGCACTGGGGATTTCG,21,3087227
rcsBp2,0.9,55,29,GCGTAACTGCAAAGGGACAA,26,3073983
rcsBp2,1.0666666666666667,60,29,GCCAGTCTAAACAATGTCAA,31,3105510
rcsBp2,1.0,58,29,GAGTAGGACGGAGCGGACGG,29,3081539
rcsBp2,0.6666666666666666,48,29,GAGCTCTTTGCAACTAAATA,19,3090556
rcsBp2,1.3333333333333333,68,29,GAGCGGCTTATGCTTTCTAT,39,3103910
rcsBp2,0.8,52,29,GACAAAGCGCCGGGATGTTG,23,3095770
rcsBp2,1.3666666666666667,69,29,GAAGAATAAGTCCTTATGGC,40,3077690
rcsBp2,0.43333333333333335,41,29,CTTCGTGATCGAGTCTAATG,12,3083128
rcsBp2,1.7333333333333334,80,29,CTCGTTTAAAAACTTCCTTA,51,3102433
rcsBp2,1.5333333333333334,74,29,CTATCGGTCAAGTACCGCCA,45,3084287
rcsBp2,1.2666666666666666,66,29,CGGGTCATGTGTAAAAGGCG,37,3090191
rcsBp2,0.3,37,29,CGGCGTCAGCCTAGATTGTT,8,3082459
rcsBp2,0.13333333333333333,32,29,CGGACCGCCCTGGAGGTTAT,3,3079203
rcsBp2,1.2666666666666666,66,29,CGGAAAACATCCACTTAGTT,37,3079614
rcsBp2,1.0333333333333334,59,29,CCTTCGTGTGACCCGGCGGG,30,3101389
rcsBp2,0.3,37,29,CCGAAGTCCACGGGTTAAAG,8,3117889
rcsBp2,0.13333333333333333,32,29,CAGCCGCTTGACATTCAAAA,3,3082162
rcsBp2,0.8333333333333334,53,29,CACGGGTGGATCCAGGAGTC,24,3094899
rcsBp2,0.5,43,29,CACACGTCACTAATGTCCCA,14,3119726
rcsBp2,0.5666666666666667,45,29,CAATGGACCTTACAGGTGGT,16,3105456
rcsBp2,0.8333333333333334,53,29,CAAAGAGCCGGAAGGCCTGT,24,3102011
rcsBp2,1.1,61,29,ATGTAGCCAGTGCGGCAGAA,32,3079859
rcsBp2,2.0,88,29,ATGGCTGGCGCAGGTGGCTG,59,3086244
rcsBp2,0.3,37,29,ATGATTTACTTTTCATCATC,8,3090830
rcsBp2,0.13333333333333333,32,29,ATGACCCTCTCTGGTCCAGT,3,3108007
rcsBp2,0.5666666666666667,45,29,ATAAAGGGTCGCCGATTAGT,16,3093866
rcsBp2,0.9333333333333333,56,29,AGTTATATGGCCAATGATCT,27,3104117
rcsBp2,0.7,49,29,AGTGTCTGCTGCAATGCCGG,20,3078253
rcsBp2,0.8,52,29,AGGTGCATATGCCGGGCGTA,23,3108713
rcsBp2,0.3333333333333333,38,29,AGGTCTTTCAGTATGGGTTG,9,3099404
rcsBp2,1.7,79,29,ACCTTGCGTTCGGTGGACAC,50,3094184
rcsBp2,0.13333333333333333,32,29,ACACGTCGGAAATCCTGAAA,3,3082254
rcsBp2,1.5172413793103448,71,28,TTTTAGATCCACTTAAGTGA,43,3078307
rcsBp2,3.310344827586207,123,28,TTTCGAATGTTCCCATGTAA,95,3088179
rcsBp2,0.5517241379310345,43,28,TTTCACAATGCGATTGTCCG,15,3110721
rcsBp2,1.5862068965517242,73,28,TTGCATCGGGCTGATCATCT,45,3119471
rcsBp2,0.4827586206896552,41,28,TTCTTATGGTGGACCATGAA,13,3100608
rcsBp2,0.7241379310344828,48,28,TTCCTCCGTAACTGAGCATA,20,3079449
rcsBp2,0.27586206896551724,35,28,TTAATACGTTTTGCGTACTC,7,3093030
rcsBp2,1.0344827586206897,57,28,TGTGAGTGTACTACCATCCC,29,3095367
rcsBp2,1.206896551724138,62,28,TGGATAGTAGCAAATAGACA,34,3104954
rcsBp2,0.6206896551724138,45,28,TGCGGGTTCGGTACTTGGAA,17,3081819
rcsBp2,0.6206896551724138,45,28,TGCCGTTCCGCGACCGAATT,17,3086012
rcsBp2,0.6896551724137931,47,28,TGCAGGTTGCGCAGGCCAGG,19,3075095
rcsBp2,0.06896551724137931,29,28,TGAAAAACGGTTAAATGAGT,1,3108949
rcsBp2,2.206896551724138,91,28,TCTGATGTCTAGCAACATAG,63,3094189
rcsBp2,0.8275862068965517,51,28,TCTAAGCGCGCAACTTTGGT,23,3120587
rcsBp2,0.5862068965517241,44,28,TCCCTAGGCGTTTTAGGAAG,16,3085217
rcsBp2,0.5517241379310345,43,28,TACTTGCCCGAGATGGCCGA,15,3093317
rcsBp2,2.586206896551724,102,28,TACAGGGTGTCCAAGCACGA,74,3110995
rcsBp2,0.2413793103448276,34,28,TAATAGAAGGGATTTACCGG,6,3087221
rcsBp2,0.7241379310344828,48,28,TAACATATACGGATATTCAT,20,3109499
rcsBp2,1.3103448275862069,65,28,GTTGGGATGCAGATAGGCAA,37,3120063
rcsBp2,0.6551724137931034,46,28,GTAGAAATCACATCTCAGAC,18,3085424
rcsBp2,1.0,56,28,GTACATATAACGGGATAAGT,28,3076149
rcsBp2,0.7241379310344828,48,28,GGGAATGGGTCTTTGTCTGT,20,3091017
rcsBp2,0.3103448275862069,36,28,GGCGTATATTGCCACAAGGG,8,3112739
rcsBp2,1.5172413793103448,71,28,GGCGGGCTAGTCACCACCAT,43,3085906
rcsBp2,0.06896551724137931,29,28,GGATGGTTCATAAGGGAAGT,1,3095649
rcsBp2,0.8275862068965517,51,28,GCTTGGTGCCGTGGGAGATA,23,3081020
rcsBp2,1.8275862068965518,80,28,GCTCCCTCTGGGTTGGAGTG,52,3098829
rcsBp2,0.7586206896551724,49,28,GCCAGATGACCTCTTACTAT,21,3097051
rcsBp2,2.310344827586207,94,28,GATCGGGTTTCGGCTTCTAA,66,3079674
rcsBp2,1.2413793103448276,63,28,CTTCTGGTAAGCCCAGTGGT,35,3119730
rcsBp2,0.7586206896551724,49,28,CTGCACACGTGTGCGGGAGA,21,3098561
rcsBp2,1.0,56,28,CTCGTTTTAACACTAGGAAT,28,3094860
rcsBp2,1.896551724137931,82,28,CGTCTGACGGCCGGATAGCA,54,3087801
rcsBp2,0.10344827586206896,30,28,CGCCCTTTCACCTATCCGCC,2,3085942
rcsBp2,1.2413793103448276,63,28,CCTCGGGCCAATGCTCCTTT,35,3099943
rcsBp2,0.13793103448275862,31,28,CCTCGAATAGTGCTATAAGT,3,3111427
rcsBp2,3.0344827586206895,115,28,CCTCAAGCGGCCAATCGTGA,87,3097424
rcsBp2,0.7241379310344828,48,28,CCGTGCTTGGGTCCCTCACA,20,3095365
rcsBp2,0.06896551724137931,29,28,CCGAAGAAAGGTATGAGTTT,1,3078860
rcsBp2,0.4827586206896552,41,28,CCCTAGTCACATTTTAACGA,13,3084462
rcsBp2,1.4482758620689655,69,28,CATTACGGTCTTGTCCTTAA,41,3116358
rcsBp2,1.5517241379310345,72,28,CATCGCATCCGGTAAAGAGG,44,3117898
rcsBp2,1.5862068965517242,73,28,CAGTATTCCGGTCTGGAGTG,45,3087603
rcsBp2,0.2413793103448276,34,28,CAGCTCTGGTATCAATTATT,6,3091766
rcsBp2,0.3448275862068966,37,28,CAGCGACTTAGAAGGTGGCC,9,3106454
rcsBp2,0.06896551724137931,29,28,CAGATGTCGTTCACAATCCC,1,3076434
rcsBp2,0.6206896551724138,45,28,CACCATCCTGTTTTGGAAGA,17,3083446
rcsBp2,1.103448275862069,59,28,ATTGTTCTGGTGTTCCATCA,31,3108875
rcsBp2,0.6896551724137931,47,28,ATGTTGACCGGTAGCCGGCA,19,3077897
rcsBp2,1.3103448275862069,65,28,ATGGCGCCAGTCCTCAGCGA,37,3098616
rcsBp2,1.896551724137931,82,28,ATGCGTGGAAGGCGTAGTTT,54,3106962
rcsBp2,0.7586206896551724,49,28,ATGAGTCTAATGAATCGTGT,21,3110719
rcsBp2,1.0689655172413792,58,28,ATCTGAAAATTAATGGATTA,30,3079702
rcsBp2,0.3103448275862069,36,28,ATCGCGTTGCCTTTCCACTG,8,3116008
rcsBp2,1.6206896551724137,74,28,ATATACAGCATCAGGTTTGT,46,3116970
rcsBp2,0.27586206896551724,35,28,AGTTATCCTCCGCCGATGTT,7,3097638
rcsBp2,1.0689655172413792,58,28,AGGTCGAACGTCTTTGATCA,30,3078149
rcsBp2,0.8620689655172413,52,28,AGCCAAAACACCATCCTAGA,24,3089059
rcsBp2,0.20689655172413793,33,28,AGATCGTCCTGACGGATCCA,5,3082413
rcsBp2,0.1724137931034483,32,28,AGAAAGTTTAACCGTTTAGT,4,3075049
rcsBp2,2.413793103448276,97,28,ACTGCAGGGGTGTGTCTCGG,69,3086028
rcsBp2,1.5862068965517242,73,28,ACGTTTGGGATTCCGAACTT,45,3079886
rcsBp2,0.7931034482758621,50,28,ACCAGTGTATTACGGGATGA,22,3088182
rcsBp2,0.5862068965517241,44,28,ACATCCGCGTAAGCAACGAT,16,3083164
rcsBp2,1.0,56,28,ACATATCCCCCAGCGAAACT,28,3122031
rcsBp2,1.1379310344827587,60,28,ACAATTTGTCTGTTCGCTTT,32,3092215
rcsBp2,1.206896551724138,62,28,AATTTCTATAGTCAGGATTG,34,3090307
rcsBp2,0.41379310344827586,39,28,AATCTCGGTCTGAGCGCTAT,11,3078760
rcsBp2,0.5862068965517241,44,28,AACTGCTGATTATACTCTCC,16,3094827
rcsBp2,1.7586206896551724,78,28,AACACAACTAAGGCGCCTCC,50,3076455
rcsBp2,2.75,103,27,TTTTTTTGTGGGACACTAGC,76,3110194
rcsBp2,0.4642857142857143,39,27,TTCCGAAATCCTAACATTTG,12,3082255
rcsBp2,0.4642857142857143,39,27,TTATTCTCATGTCCAAGGTC,12,3089797
rcsBp2,1.1071428571428572,57,27,TTACTGGCTATGCGACCAAT,30,3079339
rcsBp2,0.6428571428571429,44,27,TTAACCGCAGAGATACCGGA,17,3115250
rcsBp2,1.25,61,27,TGTGGTACCTAAATAAGTCA,34,3076305
rcsBp2,1.1785714285714286,59,27,TGGCCAGGATAGTTCAACCA,32,3081759
rcsBp2,0.8214285714285714,49,27,TGGAGCCCTGTTGACACGTA,22,3098340
rcsBp2,1.6785714285714286,73,27,TGGAATTGACGCATTATGGG,46,3093498
rcsBp2,1.1071428571428572,57,27,TCGAGTGCAGGGACTGCCGC,30,3107366
rcsBp2,0.6785714285714286,45,27,TCGAACAGCTTCCACAATCT,18,3077822
rcsBp2,0.10714285714285714,29,27,TAGGATGGCATGGCAACCAC,2,3120810
rcsBp2,0.9285714285714286,52,27,TAGCCGTCGTAGTTGTGCAC,25,3088146
rcsBp2,1.75,75,27,TACGCTCGTCGTAAACGACC,48,3091449
rcsBp2,0.21428571428571427,32,27,TACCCACAGTCGTGGAAGCG,5,3117132
rcsBp2,4.428571428571429,150,27,TACCAACTGTTCGAGGGACT,123,3119582
rcsBp2,1.9285714285714286,80,27,TAACAACCCCTTCACCCACG,53,3082151
rcsBp2,1.3928571428571428,65,27,TAAAGAATTCCGAGATACAA,38,3080341
rcsBp2,0.35714285714285715,36,27,GTTGTGGATCCCAGGGGCAT,9,3089664
rcsBp2,1.2142857142857142,60,27,GTTGTCTGAGCCCTAACTTT,33,3076949
rcsBp2,1.7857142857142858,76,27,GTGTTACTTCAAGAGGTGAC,49,3076182
rcsBp2,0.32142857142857145,35,27,GTGTTACCAACGTGAGCTAA,8,3093399
rcsBp2,2.4285714285714284,94,27,GTCCGGTGGCGTAGGGTTTA,67,3118650
rcsBp2,0.32142857142857145,35,27,GGTCGAGGCAATCAGGGATG,8,3094901
rcsBp2,0.5357142857142857,41,27,GGGAGAATCCACAAAAGGCC,14,3085953
rcsBp2,1.25,61,27,GGGACGTTATCCGATCGTGT,34,3122115
rcsBp2,0.8571428571428571,50,27,GCTTTGATGGCGAGCCACGC,23,3076142
rcsBp2,0.07142857142857142,28,27,GCTCCCGTCTGGATACTTGA,1,3100042
rcsBp2,0.9642857142857143,53,27,GCGTGGTTGTAGCCCTTGAA,26,3121936
rcsBp2,1.5714285714285714,70,27,GCGGGAGTAGTCGCCCGGTG,43,3088699
rcsBp2,0.07142857142857142,28,27,GCGACTCGTCACTACCTGAT,1,3100883
rcsBp2,2.357142857142857,92,27,GCAGGTGTCCCGGAGTACGT,65,3076934
rcsBp2,1.8571428571428572,78,27,GATTATGCCCGATGGATTCT,51,3080270
rcsBp2,1.1071428571428572,57,27,GAGTTCGCTTCGTTGGGCTC,30,3102053
rcsBp2,2.2142857142857144,88,27,GAGAGATCAATATTCCCTGT,61,3093738
rcsBp2,2.4642857142857144,95,27,GACGGCATTGGGCGTACTGT,68,3088400
rcsBp2,0.35714285714285715,36,27,GACGGACTGGTATGGTATTG,9,3097287
rcsBp2,0.42857142857142855,38,27,GAATACTAATGGTAGTCCGA,11,3084331
rcsBp2,0.5,40,27,GAAGAGATCGCCTCTTCTAA,13,3093513
rcsBp2,0.42857142857142855,38,27,GAAACGCGCTCCGGCGAAGA,11,3091243
rcsBp2,0.7142857142857143,46,27,CTTTATAGCTCGAGCTATTT,19,3108981
rcsBp2,1.2857142857142858,62,27,CTTAGTGCAACTGCGATTGA,35,3089600
rcsBp2,0.7142857142857143,46,27,CTGCCCGCATTCCTGGTTAT,19,3080036
rcsBp2,0.7857142857142857,48,27,CTCATAGGCTATTCGCTTAT,21,3118950
rcsBp2,2.9642857142857144,109,27,CTACATTCCTTGCGAATCAT,82,3086441
rcsBp2,0.6428571428571429,44,27,CTACACGTATAGCCTGTACG,17,3080205
rcsBp2,1.1785714285714286,59,27,CGTTTCTGACCCTCAATACG,32,3078663
rcsBp2,0.17857142857142858,31,27,CGTTGGGGCGGACTTAGAAG,4,3092664
rcsBp2,1.3928571428571428,65,27,CGTACAGGTGACGCGAATGA,38,3084585
rcsBp2,0.14285714285714285,30,27,CGTACAATACAGGAACTATT,3,3102101
rcsBp2,0.07142857142857142,28,27,CGTAACCAGAAACCGTGTAG,1,3104998
rcsBp2,0.07142857142857142,28,27,CGGTCACACAAGTGTGTGAG,1,3101496
rcsBp2,0.14285714285714285,30,27,CGCTCTATACAATAGGACAG,3,3091651
rcsBp2,0.14285714285714285,30,27,CGAGACGAAACAACCGTTGT,3,3092721
rcsBp2,1.7857142857142858,76,27,CCTGTGCCAATTTGGATACG,49,3086170
rcsBp2,1.4285714285714286,66,27,CCGCGAGGGCGAATGATAGA,39,3093162
rcsBp2,0.35714285714285715,36,27,CCCCCTGATCGCGAGCGCGC,9,3078442
rcsBp2,1.4285714285714286,66,27,CCACTAGGCAAGGAGATGGG,39,3090447
rcsBp2,0.5357142857142857,41,27,CATTCTGCAGGCTGGGCTCT,14,3108211
rcsBp2,0.6428571428571429,44,27,CATATTACACAAGATACGAA,17,3120430
rcsBp2,0.4642857142857143,39,27,CATACTCACATGTCGGCCTT,12,3103137
rcsBp2,1.5714285714285714,70,27,CACGAAGATCTCCGGCGCCT,43,3115513
rcsBp2,0.7857142857142857,48,27,CACATTGCAAGCCCCGAGGA,21,3074780
rcsBp2,1.5714285714285714,70,27,CAATCTACATGCGCGTAGTT,43,3116905
rcsBp2,0.8214285714285714,49,27,CAAGTTTACGACATGCCGTG,22,3104264
rcsBp2,3.7142857142857144,130,27,CAACTAACAAATCTAAATAG,103,3084672
rcsBp2,0.25,33,27,ATTTTTCTCTGTGGGGGGGC,6,3112183
rcsBp2,0.8214285714285714,49,27,ATGGATTCACTGTACGCAGT,22,3086317
rcsBp2,2.1785714285714284,87,27,AGGTATCTCTTGTAACTGCA,60,3076519
rcsBp2,0.9642857142857143,53,27,AGGTAACGTCTGGGGTTCGG,26,3075553
rcsBp2,1.0714285714285714,56,27,AGGATGCCGAGGGGGGTCAT,29,3084123
rcsBp2,0.75,47,27,AGGACGCACCTAATACGCCC,20,3087636
rcsBp2,1.5357142857142858,69,27,AGCTAGCGGGCCAGACGACT,42,3077947
rcsBp2,1.1785714285714286,59,27,AGCCACATCCTTAGGTACTA,32,3093300
rcsBp2,1.8571428571428572,78,27,ACGGGTCAAAGGAGTACCTA,51,3101903
rcsBp2,0.8571428571428571,50,27,ACGCTCAGAATAACTTTTGA,23,3077793
rcsBp2,1.4285714285714286,66,27,ACGAGCTCCTGTCCATCCCT,39,3095251
rcsBp2,2.5,96,27,ACAAGGCAATAATGATATGA,69,3113965
rcsBp2,0.5357142857142857,41,27,AATGCTAGGCATTCGACCGA,14,3099768
rcsBp2,1.2142857142857142,60,27,AAGAGCCGGTCCACTTGTGG,33,3119596
rcsBp2,0.9259259259259259,50,26,TTTTTGGTCCGTCAGGCCTG,24,3090020
rcsBp2,0.07407407407407407,27,26,TTTGAACGCTATGACTTGTA,1,3091515
rcsBp2,0.07407407407407407,27,26,TTGTGCTCCTATAAAACGAG,1,3092305
rcsBp2,0.7777777777777778,46,26,TTGGAATGGTTGGCTCTTAG,20,3078053
rcsBp2,1.0740740740740742,54,26,TTCCCCCTTACTTAGACGTG,28,3087234
rcsBp2,0.07407407407407407,27,26,TTAAACCCCTGGAATGGTTG,1,3091083
rcsBp2,1.8518518518518519,75,26,TGTATATCCGAGGCTTCAAG,49,3087273
rcsBp2,0.5185185185185185,39,26,TGCTGGAGGCATCTACCAGT,13,3082367
rcsBp2,0.1111111111111111,28,26,TGAAGCTCGTTCGGTACTTT,2,3074561
rcsBp2,1.2962962962962963,60,26,TCTGGCGACAGAAGTGTGAC,34,3102475
rcsBp2,1.7037037037037037,71,26,TCCAAAGGCCGAAAAAGATA,45,3114704
rcsBp2,0.07407407407407407,27,26,TCAATGAGGTGACTTACCCA,1,3112324
rcsBp2,0.5185185185185185,39,26,TACATAACAAGAGTGACCCT,13,3085556
rcsBp2,1.1481481481481481,56,26,TAAATGGTTAAGATGCGGAT,30,3107840
rcsBp2,5.0,160,26,GTTTGTATTGCTGTAGCCCT,134,3104622
rcsBp2,0.14814814814814814,29,26,GTTTGACGCCGAGGCAGGCA,3,3077661
rcsBp2,1.1111111111111112,55,26,GTTGTATGGGGATCGCGAAG,29,3113815
rcsBp2,1.7777777777777777,73,26,GTGTCTTCAGCGAGCACGAT,47,3094696
rcsBp2,0.07407407407407407,27,26,GTGACAGACGGGCTTTTCGG,1,3085490
rcsBp2,0.8518518518518519,48,26,GTCATCCCGAGGGATGAAGC,22,3109312
rcsBp2,3.0,106,26,GTATACGTAAGCAGTGGAAA,80,3086638
rcsBp2,1.9259259259259258,77,26,GGTAGCAGTGATCTTGATGA,51,3103128
rcsBp2,1.3333333333333333,61,26,GGTACGAACACTAGGTCTAC,35,3117278
rcsBp2,2.814814814814815,101,26,GGTACCGTCAGAGCGTACTA,75,3098992
rcsBp2,2.888888888888889,103,26,GGGGGTGATCATACAAAGCA,77,3090194
rcsBp2,0.5555555555555556,40,26,GGCTGGGAGGATCCTGCGTC,14,3118978
rcsBp2,0.07407407407407407,27,26,GGCCGTCGCACGACGGCCCT,1,3119209
rcsBp2,0.07407407407407407,27,26,GGATCGCATGTGCGGGGTTG,1,3106823
rcsBp2,2.111111111111111,82,26,GGAGGCTTTTAAAACACTAG,56,3096109
rcsBp2,0.7037037037037037,44,26,GCTAGAGGGGTTTGATGAGA,18,3087933
rcsBp2,1.037037037037037,53,26,GCGTGTAGGCTATGGTCGGA,27,3101532
rcsBp2,0.6296296296296297,42,26,GCCGAATTCTCATTGAGCGC,16,3103477
rcsBp2,1.1111111111111112,55,26,GCCCTCTCTCAGTCGAACCT,29,3099468
rcsBp2,0.4074074074074074,36,26,GCCCCTCCTAGATTCTTCAG,10,3111742
rcsBp2,0.25925925925925924,32,26,GCATAACCAGTCAACGTTCG,6,3107495
rcsBp2,0.48148148148148145,38,26,GATGAATCTCCAATAATGGA,12,3110139
rcsBp2,0.7777777777777778,46,26,GAGACCCACGATTGAATAAC,20,3083591
rcsBp2,2.4814814814814814,92,26,GAATTTACTTGGCCAATGGT,66,3095364
rcsBp2,0.07407407407407407,27,26,GAATGCGTGGTAGGCCACAG,1,3098357
rcsBp2,1.4444444444444444,64,26,CTATTGTTCAGATTTCGGGA,38,3082181
rcsBp2,1.1111111111111112,55,26,CGTGGGTAAAGCGGCCGTCC,29,3094059
rcsBp2,1.037037037037037,53,26,CGGTTCTTCCTAAAACTCCT,27,3087800
rcsBp2,1.2222222222222223,58,26,CGGGCATAAGTATGCGTGCA,32,3086371
rcsBp2,1.0,52,26,CGCGAGACAGCAGTAAAAGG,26,3079955
rcsBp2,10.88888888888889,319,26,CGATACTTTAGTGCGTTGTG,293,3074176
rcsBp2,0.14814814814814814,29,26,CGACCCCGAGTTCGTTCTTG,3,3084107
rcsBp2,1.037037037037037,53,26,CCTGTCGCTCCACCCATACT,27,3089117
rcsBp2,1.8148148148148149,74,26,CCACAGGATCCTATCGCACA,48,3108520
rcsBp2,2.740740740740741,99,26,CATGGCATTCGCGTTGTAAT,73,3082833
rcsBp2,0.8888888888888888,49,26,CAGTGCGATCCCATTCACAC,23,3078304
rcsBp2,1.5185185185185186,66,26,CAAGACGGCAATTACCGTGA,40,3118254
rcsBp2,0.7777777777777778,46,26,CAAAGATATACGATTTGGCA,20,3084310
rcsBp2,1.5555555555555556,67,26,ATTGATAGTTAAACCCGGGG,41,3084676
rcsBp2,0.5555555555555556,40,26,ATTGAAGCGTTTTCACCCTT,14,3083371
rcsBp2,2.5925925925925926,95,26,ATTCCCCCGGGGAAACTTCT,69,3092377
rcsBp2,0.7777777777777778,46,26,ATGTGCGTGATACCGTATTT,20,3084056
rcsBp2,1.5555555555555556,67,26,ATGTCCGAAGTCCACGTTGG,41,3084796
rcsBp2,2.6666666666666665,97,26,ATGTAGGTCGTGTGGTATAA,71,3079759
rcsBp2,1.8518518518518519,75,26,ATGGAGGAATTAAGCAGCAA,49,3082706
rcsBp2,0.4444444444444444,37,26,ATGCTCGGTGTCTTAGGCCT,11,3104011
rcsBp2,1.1111111111111112,55,26,ATAGAGTGTCACTCAGCATT,29,3110953
rcsBp2,0.14814814814814814,29,26,ATACGCATCTCTATAAGTTA,3,3094228
rcsBp2,1.1111111111111112,55,26,ATAATACGCCTAGCCCACTT,29,3106301
rcsBp2,0.9259259259259259,50,26,AGGGGACGTCAATTCTTTTT,24,3101020
rcsBp2,0.3333333333333333,34,26,AGGACCCGTAGATAACGAGT,8,3093029
rcsBp2,0.4444444444444444,37,26,AGCGGCCTAGTTGGAGGAAC,11,3103867
rcsBp2,0.9259259259259259,50,26,AGATCTCGGTCCAGCTAGTT,24,3103083
rcsBp2,1.1481481481481481,56,26,AGATACTCTCTCTGTGACGC,30,3093351
rcsBp2,0.6666666666666666,43,26,AGAGCTTGCACGTTGCAGGT,17,3078360
rcsBp2,0.8148148148148148,47,26,AGACTTTGCAAAACGTTGTG,21,3084311
rcsBp2,0.7407407407407407,45,26,ACTTGAAATCGTACAACTTA,19,3077755
rcsBp2,0.2962962962962963,33,26,ACTTCCAGAGACCTTGGCCT,7,3105299
rcsBp2,1.7777777777777777,73,26,ACTATGATGACTGATTGCCG,47,3089715
rcsBp2,3.1481481481481484,110,26,ACGATACTTGAGTTTCAACT,84,3083306
rcsBp2,1.5185185185185186,66,26,ACATGACTACCGGCGCGTAG,40,3093178
rcsBp2,1.0740740740740742,54,26,ACACTTGGGTTACGATCAAA,28,3088831
rcsBp2,1.2962962962962963,60,26,ACAATGTGCAAGGTTTGAGT,34,3093004
rcsBp2,1.037037037037037,53,26,AATATCATCCTACGGAGGCG,27,3103835
rcsBp2,2.2222222222222223,85,26,AAGGTAAGGAGTAGTAGGTA,59,3083920
rcsBp2,1.6296296296296295,69,26,AACTATTTGACGATAGGACT,43,3121251
rcsBp2,0.4074074074074074,36,26,AACTAATATCGGGAGGGGCA,10,3113435
rcsBp2,0.7407407407407407,45,26,AAACGCAGCCTGTTTCGAAT,19,3075950
rcsBp2,0.5769230769230769,39,25,TTTGCTTTGAATTCAAGGCA,14,3101378
rcsBp2,1.5769230769230769,65,25,TTTCAGTGAGAGGAGATGAA,40,3081678
rcsBp2,0.46153846153846156,36,25,TTTAACCTTCGTGTCACCGT,11,3105095
rcsBp2,1.0,50,25,TTGGCGTTCTCTTGTCCCTG,25,3110531
rcsBp2,1.5,63,25,TTGATTCACTGTCAAGCGCA,38,3106561
rcsBp2,2.8076923076923075,97,25,TTCCTTGAAGTGTAAGTCGT,72,3093349
rcsBp2,0.4230769230769231,35,25,TTCAGTGCCACTCTGGTGGT,10,3091838
rcsBp2,1.0,50,25,TTAACGTTCGACTGTTCCAG,25,3093648
rcsBp2,1.0384615384615385,51,25,TGTGGCCGGCTCAGAGAAAC,26,3093389
rcsBp2,0.38461538461538464,34,25,TGGTCAAACCTAACGGGTGA,9,3083986
rcsBp2,1.1153846153846154,53,25,TCCTTCTACTATATTCCTAT,28,3098084
rcsBp2,0.7307692307692307,43,25,TCCGTCCAAGTCAGTGGAAA,18,3102907
rcsBp2,1.7692307692307692,70,25,TATGCTGTTCTCGAAATAGA,45,3091519
rcsBp2,0.5384615384615384,38,25,TAGAGAGTCGGATGTGTTGG,13,3079797
rcsBp2,0.19230769230769232,29,25,TAATGGAGTGAAAAACACAC,4,3114662
rcsBp2,0.5769230769230769,39,25,TAATAGGTGTCACCTGCAAG,14,3092841
rcsBp2,0.07692307692307693,26,25,GTTTCGAATAGTTTCCTAAC,1,3078658
rcsBp2,0.5384615384615384,38,25,GTCCCTAAATGAGAGGACCT,13,3118015
rcsBp2,1.3076923076923077,58,25,GTCCAGGAGACCTAATCCAC,33,3089862
rcsBp2,1.3846153846153846,60,25,GTACCAATCCAGCCACATGA,35,3079043
rcsBp2,0.07692307692307693,26,25,GGTACCGGGAGGCATAGGCA,1,3121679
rcsBp2,0.8846153846153846,47,25,GGGAATCAAGGCGTAACCCA,22,3110480
rcsBp2,0.5384615384615384,38,25,GGCCATATCGCGTCCCGAAC,13,3122846
rcsBp2,0.5769230769230769,39,25,GCTCATGAAATAGCGGAAAC,14,3098794
rcsBp2,0.4230769230769231,35,25,GCGTCACGTCGCATTAAGGT,10,3093975
rcsBp2,0.07692307692307693,26,25,GCGGCCTTACTTGTTGTGCT,1,3111719
rcsBp2,0.34615384615384615,33,25,GCCGGTGCAGACCGGTGAAG,8,3111416
rcsBp2,0.07692307692307693,26,25,GATTCGCACGTAATGGGCTT,1,3095215
rcsBp2,1.5769230769230769,65,25,GATGCCGTAACTGAGTTGAT,40,3105282
rcsBp2,0.8076923076923077,45,25,GACGAGCGAATGTCAGCCTA,20,3088791
rcsBp2,0.7307692307692307,43,25,GAAGGATAGAAGGCTAATCT,18,3118559
rcsBp2,1.8461538461538463,72,25,CTTTTACGGTACTGCTCCGG,47,3087797
rcsBp2,0.8846153846153846,47,25,CTAAGCCCCGGTGCAGCCCA,22,3107185
rcsBp2,1.9615384615384615,75,25,CGTGTTAAAGTGAAAAGGTG,50,3081856
rcsBp2,1.6153846153846154,66,25,CGTGAACCCTACATACCAGT,41,3119076
rcsBp2,0.46153846153846156,36,25,CGGATTCCACCGTTGCCACC,11,3090490
rcsBp2,2.1923076923076925,81,25,CGCGTATTCCTTGGATAGTT,56,3095578
rcsBp2,1.8076923076923077,71,25,CGACTCTCGAGCCGGTCTGC,46,3093466
rcsBp2,1.9230769230769231,74,25,CCTAGCACGCGCGGGGATTA,49,3077978
rcsBp2,0.9230769230769231,48,25,CCGTGTCTCTCTGGGGTGCA,23,3075241
rcsBp2,0.8846153846153846,47,25,CCCGCACTTTCTGAATTGCC,22,3077747
rcsBp2,0.34615384615384615,33,25,CAGTTTCCGTCTTAAGCCTT,8,3097056
rcsBp2,0.7307692307692307,43,25,CAGCTTGCTGCCGATGTGTG,18,3075151
rcsBp2,1.3076923076923077,58,25,CACAGCTACCTTATGAAGTC,33,3086871
rcsBp2,2.423076923076923,87,25,CAATTTTATAGGCCCGTCGG,62,3087164
rcsBp2,0.5384615384615384,38,25,CAATGCGAGGTTGATGAAGA,13,3100532
rcsBp2,0.9230769230769231,48,25,CAACGCGAAGGGCATGATTT,23,3107214
rcsBp2,2.4615384615384617,88,25,CAAATAGAAGTGCATAATCA,63,3114838
rcsBp2,2.076923076923077,78,25,ATGTTGACGTTCAGTTAGAA,53,3107792
rcsBp2,2.576923076923077,91,25,ATGGACTCCTAGAGGCGTTT,66,3098353
rcsBp2,1.4615384615384615,62,25,ATGCAAATTATCGACCTCCT,37,3099146
rcsBp2,2.8461538461538463,98,25,ATCTCCGCAGCCCTGCACCT,73,3078884
rcsBp2,0.38461538461538464,34,25,ATCACTGTCGTTTGGTCGTT,9,3088204
rcsBp2,1.1153846153846154,53,25,ATCACCATCATCTGCAAAAC,28,3080415
rcsBp2,1.5,63,25,ATATAGCAAGATGCAGTTCC,38,3089125
rcsBp2,1.7307692307692308,69,25,ATACGTCCGGGGTCGTAATT,44,3103311
rcsBp2,3.6923076923076925,120,25,AGACCGTGATGTAACGAATT,95,3096160
rcsBp2,3.076923076923077,104,25,ACTCAGTCGCTCAGAATCTC,79,3080299
rcsBp2,0.07692307692307693,26,25,ACTATGAACTCCGCGGCACA,1,3110602
rcsBp2,0.4230769230769231,35,25,ACTAGCTTAATCTGTCTAAG,10,3111952
rcsBp2,0.46153846153846156,36,25,ACGGCAGACCTGGCTGGAAT,11,3106860
rcsBp2,1.2307692307692308,56,25,ACAGGATTCGCGTGATTAGG,31,3116134
rcsBp2,0.15384615384615385,28,25,AATCTAAACCGACTCAGACG,3,3095863
rcsBp2,0.6538461538461539,41,25,AAGGGCCAAAGATCTGCGCC,16,3088650
rcsBp2,1.0,50,25,AAGGATAGTGCCGGTAACTG,25,3091377
rcsBp2,1.3461538461538463,59,25,AACCAGCTTTTGTCTGTGCA,34,3106373
rcsBp2,0.6923076923076923,42,25,AACAGCCGTGTGTTTCGTGC,17,3086313
rcsBp2,3.1153846153846154,105,25,AACACGAGACTGAATCCTCC,80,3101946
rcsBp2,2.8076923076923075,97,25,AACACATCCTGGCTTACTCT,72,3100411
rcsBp2,1.2307692307692308,56,25,AAAGGCCAATCTCTATGACA,31,3081978
rcsBp2,0.8,43,24,TTTGAGGTAGCGTAGTAAAA,19,3089186
rcsBp2,1.16,52,24,TTGGACTCCTTTCAGGAATA,28,3114844
rcsBp2,0.84,44,24,TTGATGACACACCTATTGCT,20,3092724
rcsBp2,1.52,61,24,TGTGTCACCTTTACGGGCTT,37,3116104
rcsBp2,0.56,37,24,TGGTTGCATAAAAGCTCCAG,13,3122384
rcsBp2,0.76,42,24,TGGCGCTACAGATCCACTCT,18,3121067
rcsBp2,2.32,81,24,TGGACCTCACCGAGTCAAAC,57,3118923
rcsBp2,0.76,42,24,TGCTTACAGAGTATTCCCAA,18,3089561
rcsBp2,1.32,56,24,TGATATGTACTCGGCTCTCT,32,3076453
rcsBp2,0.84,44,24,TCTTACAATTCCGCGCGGAC,20,3100893
rcsBp2,0.68,40,24,TCTGCCTGTCACCTGGATAG,16,3077904
rcsBp2,0.64,39,24,TCGAAGATCGGACGCAAATA,15,3121302
rcsBp2,0.08,25,24,TCCGCCGTCGGATCGTCGCT,1,3078011
rcsBp2,1.52,61,24,TCCAATATCGTGACATAGAA,37,3089241
rcsBp2,0.16,27,24,TCAGGGTGTCGGGCATCCAT,3,3083773
rcsBp2,0.92,46,24,TATTGCGGCCTCCACTCATA,22,3089882
rcsBp2,1.64,64,24,TATCGATTAAGCGACAGAGA,40,3090322
rcsBp2,0.36,32,24,TACTCACCATCCTGTCTCTG,8,3101471
rcsBp2,1.52,61,24,TAAGTAGAGTGCGATTGTCT,37,3100237
rcsBp2,3.32,106,24,TAAAGTTGTCTGCCAGGTGT,82,3121304
rcsBp2,0.08,25,24,TAAAGCCAAGGATTTATAAT,1,3104846
rcsBp2,2.16,77,24,GTTATCTTTTCGAATAACGA,53,3100118
rcsBp2,0.08,25,24,GTGAGTCCGGGTGTATTATT,1,3092120
rcsBp2,0.64,39,24,GTCCAAGCCCTTACCCATTC,15,3099624
rcsBp2,0.16,27,24,GTAAGTAGATCATGGGACAC,3,3112173
rcsBp2,1.44,59,24,GGTGAGCCACGTTCGTGATC,35,3088582
rcsBp2,1.56,62,24,GGGATGAGACTTCGGTTGGG,38,3103313
rcsBp2,0.8,43,24,GGATCGATAGCACGTTGGTC,19,3094770
rcsBp2,1.8,68,24,GGAGAGTCCTTGCGTTAGGG,44,3080767
rcsBp2,0.64,39,24,GGAATGGCGGTCATTCCAAA,15,3080804
rcsBp2,0.4,33,24,GCTGCTGCCCTGTAGTCTGT,9,3076506
rcsBp2,1.2,53,24,GCGCGGAGGATCACTGTATC,29,3080607
rcsBp2,1.84,69,24,GCCTCTGGCATGTGCAGATT,45,3112057
rcsBp2,0.44,34,24,GCCCTTACCTTGCCTACTCG,10,3088311
rcsBp2,0.72,41,24,GATTCATAGACGTGGCTTCC,17,3075671
rcsBp2,0.08,25,24,GATGGTACTTACCATAGGGT,1,3120169
rcsBp2,0.56,37,24,GATCTGCGCTAATACCTATT,13,3076904
rcsBp2,0.64,39,24,GAGCACAGATTTCAATATAA,15,3078742
rcsBp2,1.12,51,24,GAACAATCCCATACATCTTC,27,3117906
rcsBp2,1.92,71,24,CTTTCCGGCGGCAGACAAGA,47,3093545
rcsBp2,0.36,32,24,CGGGCACTGGCCAGCTCGGT,8,3091612
rcsBp2,1.24,54,24,CGCGCTATCATAACATCGAT,30,3086267
rcsBp2,0.08,25,24,CGACTTCGTCTCGGTGTTGT,1,3102940
rcsBp2,0.08,25,24,CGACGTCGTGGAATAGATGT,1,3084731
rcsBp2,0.56,37,24,CCTTTGGCCGGTCTGCGTTG,13,3095019
rcsBp2,0.32,31,24,CCTTAGGAAATTACTCGTGG,7,3078479
rcsBp2,2.6,88,24,CCGGTGCTTGTCTATTAAAG,64,3081672
rcsBp2,0.12,26,24,CCCGTAGGGTTGAACCGAGT,2,3087199
rcsBp2,1.08,50,24,CCCAGAACTATGGGTATCCA,26,3087368
rcsBp2,4.04,124,24,CCACCCACTTACGGCCATCA,100,3121165
rcsBp2,0.08,25,24,CCAAGACCTCGGCACTGGAC,1,3086877
rcsBp2,0.8,43,24,CATCGTCCCAAGTAATTCGT,19,3113702
rcsBp2,1.44,59,24,CATATGTCACAGCTCCGAAA,35,3109571
rcsBp2,1.48,60,24,CAGTTGGCGGAGAGAGGGGG,36,3113324
rcsBp2,3.12,101,24,CAGCTAAGTTTGTGTAACTT,77,3086974
rcsBp2,0.08,25,24,CAGAAATGCGCACGGTGCTA,1,3117355
rcsBp2,0.56,37,24,CACGTTTGAACAAAGCTTCG,13,3109758
rcsBp2,0.36,32,24,CAATCACATACACCTCCTTC,8,3092663
rcsBp2,0.28,30,24,ATTCACAGTTGGATTTCTGT,6,3101583
rcsBp2,1.4,58,24,ATGGAAAACACTTTGAGCAG,34,3119401
rcsBp2,0.92,46,24,ATGCTGAGGGCACCATATCG,22,3108789
rcsBp2,0.32,31,24,ATAGTTTGCGTGTTTATAAA,7,3109603
rcsBp2,3.16,102,24,AGGTGAGTCAGGGCATAATA,78,3084063
rcsBp2,2.44,84,24,AGGTCGTCTACGAAGGGTAA,60,3073836
rcsBp2,0.32,31,24,AGCGGGGCGCACCAAATTGC,7,3110567
rcsBp2,1.48,60,24,AGCATTTAGATTGCGCGGCC,36,3088503
rcsBp2,1.52,61,24,AGCATAGCCAGAGCTAATTA,37,3108163
rcsBp2,0.08,25,24,AGATGCGATCTGTTCCCCAG,1,3108043
rcsBp2,0.96,47,24,ACTGTCACCACTATCGACCT,23,3108375
rcsBp2,0.4,33,24,ACTAGGTCTCATTCGGGAGG,9,3113188
rcsBp2,0.48,35,24,ACGGACCAATGTTCCCCTTC,11,3095064
rcsBp2,2.08,75,24,ACCGTATGTTCTCGTCCGAT,51,3121022
rcsBp2,1.16,52,24,ACCGGACGGGTTTAGATCGG,28,3093903
rcsBp2,1.48,60,24,ACCGAGGATAGGTGTTCATA,36,3079132
rcsBp2,1.12,51,24,ACACATCACCTCACCAGAAT,27,3091067
rcsBp2,1.0,48,24,AAGTAGTCATGAGTACAACC,24,3114257
rcsBp2,0.76,42,24,AAGACGGGGCTTCGCTGTGC,18,3099438
rcsBp2,1.32,56,24,AACTGGGTACTGTATCCCAA,32,3098814
rcsBp2,0.84,44,24,AACTGGAGGAGGAGAGTCAT,20,3084781
rcsBp2,0.08,25,24,AACTACAGAATCAATGCAGG,1,3119044
rcsBp2,0.6,38,24,AAAGTAACCGCCCTGGTTCA,14,3116277
rcsBp2,1.25,52,23,TTTTAAGTAGATACTTATAG,29,3080110
rcsBp2,0.75,40,23,TTGTCGTCTGGAATTATCTA,17,3099297
rcsBp2,3.125,97,23,TTGGGTGAGGGCCTAACCAC,74,3078693
rcsBp2,0.125,25,23,TTGGACCACCACCTTGCAAT,2,3121991
rcsBp2,0.5416666666666666,35,23,TTCGTGTGCATGCTGGACTG,12,3107598
rcsBp2,2.0833333333333335,72,23,TTATAAGTAAAAAACCGTGA,49,3095554
rcsBp2,0.6666666666666666,38,23,TGTGCGGATATTTATGTCAT,15,3101621
rcsBp2,0.08333333333333333,24,23,TGGTGGGACTTATCGGGAAT,1,3110190
rcsBp2,1.2083333333333333,51,23,TGGTAGCCTCTATATAAGAG,28,3080037
rcsBp2,0.9166666666666666,44,23,TGGGCATGTCTCGCGTTCGT,21,3096331
rcsBp2,0.5,34,23,TGGATCTCGAGGATCTCTGA,11,3091848
rcsBp2,0.5,34,23,TGCCACCATATCAGATCATA,11,3078692
rcsBp2,6.708333333333333,183,23,TGATCGTCATGCCAAATCAT,160,3074398
rcsBp2,0.08333333333333333,24,23,TGACAAGGCGTTATCGGCAT,1,3096925
rcsBp2,0.25,28,23,TCTTTGCAAGTCACCCGGGA,5,3080171
rcsBp2,0.25,28,23,TCTAATGACCGTTAAGTTCC,5,3088542
rcsBp2,2.25,76,23,TCCCTGTCGTTTGCACGGGT,53,3099165
rcsBp2,1.2083333333333333,51,23,TCCACGTATTGAGATATGGA,28,3120242
rcsBp2,0.16666666666666666,26,23,TACTCCCTTGTACGCCGGTG,3,3078959
rcsBp2,2.0,70,23,TACCCATGAGCTGTCCGCAT,47,3078514
rcsBp2,0.8333333333333334,42,23,TAACTACGGCTCTAACGTCG,19,3082605
rcsBp2,1.25,52,23,TAAACGGTATAACAATGAAG,29,3106793
rcsBp2,1.125,49,23,GTTCAGGCGGTGTTTGAAGT,26,3086345
rcsBp2,1.8333333333333333,66,23,GTCTGACCGAGCGAAACCGA,43,3091302
rcsBp2,1.0833333333333333,48,23,GTCAGCTTAGTTCGTCCGAT,25,3086177
rcsBp2,0.375,31,23,GTACGTTGCTGGGATAGACA,8,3088715
rcsBp2,1.6666666666666667,62,23,GGTCGATTGCGGCTACAGTA,39,3074197
rcsBp2,1.0833333333333333,48,23,GGCCCTAAACAAATTGTTTC,25,3080771
rcsBp2,1.2916666666666667,53,23,GGAGGTAGTCACGCACATGT,30,3107772
rcsBp2,0.9583333333333334,45,23,GCGCACGAGTAAAGTGGCAA,22,3090631
rcsBp2,1.0416666666666667,47,23,GCGACTGTACAACTATAGTC,24,3077878
rcsBp2,2.0416666666666665,71,23,GCCTTCTTTCGATGCATAAC,48,3077571
rcsBp2,1.2916666666666667,53,23,GCCAAGGTCCCGACTTGTTT,30,3093376
rcsBp2,0.25,28,23,GAGATTCTACCACTTGAACC,5,3119717
rcsBp2,0.8333333333333334,42,23,GACTGCAACTGTGCGTTATA,19,3118524
rcsBp2,0.5,34,23,GACTCCAGCGCGGTGATTAA,11,3076685
rcsBp2,0.4166666666666667,32,23,GACTCATTTTTGGTCTCTAG,9,3100208
rcsBp2,0.08333333333333333,24,23,GACATACTCTGCATCTTTGT,1,3080937
rcsBp2,1.4583333333333333,57,23,GAAACCTGTTTGCATCTTCA,34,3078554
rcsBp2,0.875,43,23,CTTTACGAGTTCACACGAGT,20,3116910
rcsBp2,0.2916666666666667,29,23,CTTGGCCTATGTGGCAACAT,6,3116690
rcsBp2,4.083333333333333,120,23,CTGTTGCCTGATTAAATGGG,97,3088568
rcsBp2,1.0833333333333333,48,23,CTGCCGGGATACCGGTATCA,25,3086021
rcsBp2,1.0833333333333333,48,23,CTAACTCTGGACAGAAGAAT,25,3118560
rcsBp2,0.75,40,23,CGGCTGCCCTATGCATAGTG,17,3120657
rcsBp2,1.375,55,23,CGCGAAGTTGGGGCTATTGA,32,3074818
rcsBp2,0.8333333333333334,42,23,CGATGAATATTCTTCCGGTA,19,3117115
rcsBp2,1.1666666666666667,50,23,CGAGGCTCTATGATATGAGA,27,3105841
rcsBp2,0.5416666666666666,35,23,CGACCACTCAGCAAGGTTTC,12,3096147
rcsBp2,0.5,34,23,CCCATAGCGCACATAGACGT,11,3120173
rcsBp2,3.5833333333333335,108,23,CCCAGACATCGATCGAGTTC,85,3104364
rcsBp2,0.4166666666666667,32,23,CCATAAAGCTGTGGGACCAC,9,3080657
rcsBp2,1.2916666666666667,53,23,CCAAACAAACGGCGCGGGCA,30,3113615
rcsBp2,0.16666666666666666,26,23,CATAACCCCTTCCGACGGAT,3,3101547
rcsBp2,1.1666666666666667,50,23,CAGTTGGTTGGCTAGGATTA,27,3098939
rcsBp2,0.08333333333333333,24,23,CAGCCCTCGTAGGTCCGCGA,1,3097815
rcsBp2,0.8333333333333334,42,23,CAGAGGCGGTTTTGCTGATA,19,3110366
rcsBp2,0.08333333333333333,24,23,CAAGGGGTTGCCGATACAAG,1,3075169
rcsBp2,0.5833333333333334,36,23,CAAGAAGAAAGGTTGAGTGA,13,3112217
rcsBp2,0.4583333333333333,33,23,CAAATGTGGTCCCGTTCATA,10,3122514
rcsBp2,1.7916666666666667,65,23,CAAAACGTTCGGTTCCCTGA,42,3087496
rcsBp2,0.08333333333333333,24,23,ATTTGCGGTAGTTTGGGCTG,1,3086969
rcsBp2,0.7083333333333334,39,23,ATTTAGCGGTCCGTAGAAGA,16,3093461
rcsBp2,1.2083333333333333,51,23,ATTGGTCAGATCTTCCGGCT,28,3088399
rcsBp2,5.25,148,23,ATTCAAACCTGCCAGACCGA,125,3115857
rcsBp2,1.3333333333333333,54,23,ATTACGGCTGCGTAGACTGT,31,3109342
rcsBp2,2.375,79,23,ATGAAGTCGCATCATAGGAC,56,3100020
rcsBp2,3.0833333333333335,96,23,ATCTATGTTCAAGCGTGTAA,73,3076599
rcsBp2,0.9166666666666666,44,23,ATCATAGAGGTCTTAGGCAG,21,3098505
rcsBp2,1.9583333333333333,69,23,AGTTGACAGTACTATCGGAT,46,3086008
rcsBp2,1.3333333333333333,54,23,AGTCCTCCTCACTCGTGACA,31,3102841
rcsBp2,3.125,97,23,AGGGACTGTACATCTGTTCG,74,3090950
rcsBp2,0.125,25,23,AGGAAGGATTAAGTATCTCA,2,3093425
rcsBp2,0.7916666666666666,41,23,AGGAAATACGCTGTTAGCAT,18,3106822
rcsBp2,1.375,55,23,AGCTCCGCCCGTCGCCGCGC,32,3106136
rcsBp2,0.625,37,23,AGCGGCTAAAGCGACGGGTG,14,3081955
rcsBp2,0.7083333333333334,39,23,ACTATGTGATACTTGAATCA,16,3100776
rcsBp2,0.5,34,23,ACGGCTAGACGTGATCGTAC,11,3091587
rcsBp2,1.375,55,23,ACCTGACGATGATAGTCAAT,32,3078349
rcsBp2,0.4583333333333333,33,23,ACCAGCATGCGCGCCTTGGG,10,3095691
rcsBp2,0.4583333333333333,33,23,ACACGATGATTCATCCGTGG,10,3077195
rcsBp2,1.7916666666666667,65,23,AATTTACAGAAGGGATGTTC,42,3082823
rcsBp2,0.7083333333333334,39,23,AATCGGGATTAGCATAGGCC,16,3113477
rcsBp2,1.5416666666666667,59,23,AATATACACCGTTGCCTGCA,36,3084757
rcsBp2,0.75,40,23,AATAACCCAAGGTGCTGGTG,17,3084457
rcsBp2,0.08333333333333333,24,23,AAGTGCGGCGGCTAAATCAG,1,3081608
rcsBp2,0.2916666666666667,29,23,AACAGGACAGGTCGTAGCAT,6,3115132
rcsBp2,1.5833333333333333,60,23,AAATAAGGTCCTGGATGGTT,37,3079204
rcsBp2,0.2608695652173913,27,22,TTTCTAGCATCGCGACTAAT,5,3088867
rcsBp2,0.17391304347826086,25,22,TTTCGGGGCCGAGTCCTAAA,3,3117220
rcsBp2,0.6521739130434783,36,22,TTTAGGTGTAGTGTGGCGAT,14,3116058
rcsBp2,0.34782608695652173,29,22,TTGTCATAGATAGCCTTCTA,7,3077659
rcsBp2,0.08695652173913043,23,22,TTCTCCAACGTACAAGGACA,1,3078317
rcsBp2,0.9130434782608695,42,22,TTCGTTTTCGACCTGTAAAT,20,3095916
rcsBp2,0.6086956521739131,35,22,TTCACAAAGCCCCATCGCGA,13,3098189
rcsBp2,0.6521739130434783,36,22,TTATCTCCGGCTCGGAGAGG,14,3114945
rcsBp2,0.782608695652174,39,22,TGTTGTAGGTATCGGCCGGA,17,3078351
rcsBp2,3.4782608695652173,101,22,TGTCATGCTGCGCGTGGCGG,79,3081408
rcsBp2,0.08695652173913043,23,22,TGTCATAGTCCACTGCCCTT,1,3091999
rcsBp2,3.3043478260869565,97,22,TCTGCTAGCCACCTCCATTA,75,3099947
rcsBp2,0.9565217391304348,43,22,TCTGATGGAATAGAATGACA,21,3120807
rcsBp2,1.173913043478261,48,22,TCGCTCTCGGCATATTATTC,26,3083052
rcsBp2,1.0869565217391304,46,22,TCCGGCTCGGACATGATCAG,24,3092138
rcsBp2,0.4782608695652174,32,22,TCCCTATATCTCACTACCTA,10,3077944
rcsBp2,0.08695652173913043,23,22,TCCCAGGGTGACACTGGTTG,1,3083839
rcsBp2,0.9565217391304348,43,22,TCATCGACGGCATAAAGAGG,21,3096912
rcsBp2,1.608695652173913,58,22,TCAGCGTTTGCCACGTGACG,36,3121120
rcsBp2,1.6956521739130435,60,22,TATACTGCGGATCGGAATAT,38,3116631
rcsBp2,3.4782608695652173,101,22,TAGCGATCTTGGTGCTACAT,79,3081941
rcsBp2,1.826086956521739,63,22,TAGACTAGCGCTCCCCCTAT,41,3095656
rcsBp2,0.391304347826087,30,22,TACGTCAATTCTCAGTCGAG,8,3107766
rcsBp2,2.347826086956522,75,22,TACATGGCGCGTACTGACGG,53,3092376
rcsBp2,3.4782608695652173,101,22,TACACTCGCTGTCTTGATTA,79,3097485
rcsBp2,0.08695652173913043,23,22,TAACTTAATCTACAAGCTCA,1,3096585
rcsBp2,3.391304347826087,99,22,GTTTAATAGGAAAGGATATC,77,3078951
rcsBp2,0.8260869565217391,40,22,GTGCACAATTTGCTTCCGTA,18,3091368
rcsBp2,1.9565217391304348,66,22,GTCGGCTCGTCGGATCAAGA,44,3110065
rcsBp2,1.434782608695652,54,22,GTCATCTGTGTTGTAGAGGT,32,3121398
rcsBp2,0.8260869565217391,40,22,GTCAAGCGGAGGAATCGCCT,18,3083721
rcsBp2,1.3478260869565217,52,22,GGTTGGACACGCGAAGGAGT,30,3112907
rcsBp2,1.4782608695652173,55,22,GGTCCCGACCTGCGGGTCCG,33,3094409
rcsBp2,0.08695652173913043,23,22,GGGAAGATGACTTTCACCCC,1,3108387
rcsBp2,0.7391304347826086,38,22,GGGAACGATATATAAACTTC,16,3097676
rcsBp2,0.17391304347826086,25,22,GGATCCCGGTCAATTCGGGC,3,3112228
rcsBp2,0.6086956521739131,35,22,GCTGTCGGTGAGAGGGTTAT,13,3073953
rcsBp2,0.9130434782608695,42,22,GCTGCTCCTGTCTAGGGTCT,20,3077981
rcsBp2,1.6521739130434783,59,22,GCTCGTTCGTTTAAAGTCCT,37,3114079
rcsBp2,0.9130434782608695,42,22,GCCAGCAGGAAGTGAACGCA,20,3085650
rcsBp2,1.0,44,22,GCATTCGCACTCGGAGGCAG,22,3101801
rcsBp2,1.0434782608695652,45,22,GATGCACAGTAACTATATCT,23,3096152
rcsBp2,0.21739130434782608,26,22,GACGCTGGTGGCGGGTACGT,4,3081870
rcsBp2,1.0434782608695652,45,22,CTTGCTTACCACAATCCAAC,23,3090740
rcsBp2,0.5217391304347826,33,22,CTTCGTGCAACATGAGAGCC,11,3088657
rcsBp2,2.782608695652174,85,22,CTTATGCGTCTACCGCAACA,63,3122500
rcsBp2,0.4782608695652174,32,22,CTTAGCAGTGGCGGGGTGCC,10,3108760
rcsBp2,0.782608695652174,39,22,CTGTCCCCCCAGCCGAAGTA,17,3099411
rcsBp2,1.565217391304348,57,22,CTGTACGTGAAAACGCGATA,35,3122028
rcsBp2,0.7391304347826086,38,22,CTCAATTCGGACGCTGTTCA,16,3088901
rcsBp2,0.43478260869565216,31,22,CTATGAAGGTTCATGACTGT,9,3106590
rcsBp2,1.0,44,22,CTATCACGAGCAGCCTCACA,22,3076976
rcsBp2,1.565217391304348,57,22,CTACATGTTTCGATGCGACA,35,3109533
rcsBp2,0.13043478260869565,24,22,CGTCACTATTCTTTAATCGG,2,3107320
rcsBp2,2.130434782608696,70,22,CGTAGAGCTCTTGCTTGGCG,48,3086695
rcsBp2,1.3043478260869565,51,22,CGTACCGTGTGGCCAAGCAA,29,3090867
rcsBp2,0.30434782608695654,28,22,CGGCCCTTCGTGCATAGTGA,6,3082069
rcsBp2,0.5652173913043478,34,22,CGCGTCTTCTGCTCTATAGG,12,3110043
rcsBp2,0.7391304347826086,38,22,CGCGGTACGTCGGACGTTTC,16,3081484
rcsBp2,0.7391304347826086,38,22,CGCATCACCTGGGTAGCACT,16,3113919
rcsBp2,0.5217391304347826,33,22,CGATTTGAGCCGGTAGCCTT,11,3121613
rcsBp2,3.391304347826087,99,22,CGATCCCAAAGCGTTGCGCT,77,3092563
rcsBp2,0.9565217391304348,43,22,CGACCTGCGTGGCCGGGTCT,21,3080469
rcsBp2,0.8695652173913043,41,22,CCTTTACACTTACGCTTTAG,19,3108700
rcsBp2,0.08695652173913043,23,22,CCGCCGATACTATACAGTGC,1,3099336
rcsBp2,1.0434782608695652,45,22,CCCTACATATCCAGTCACAG,23,3075572
rcsBp2,0.6521739130434783,36,22,CCCAACCGGCTCAAGATCGA,14,3085364
rcsBp2,1.2173913043478262,49,22,CATTTTGTTTATCGCCGAAG,27,3120364
rcsBp2,0.8695652173913043,41,22,CATTTAAGCGGATGTGCGTC,19,3113836
rcsBp2,1.173913043478261,48,22,CAGTGTGGAGACAGGAATAA,26,3104812
rcsBp2,4.043478260869565,114,22,CAGGCGCTGGTGATAGATCG,92,3089141
rcsBp2,1.9130434782608696,65,22,CAGGCATTGATGCTGCTGTA,43,3108203
rcsBp2,2.4347826086956523,77,22,CAGATTCGAACGCTTCGCGT,55,3091245
rcsBp2,1.391304347826087,53,22,CACGGTAAAAGTCTAAAAAC,31,3084914
rcsBp2,0.7391304347826086,38,22,CAATTGAGCAGGCAGGGACG,16,3104702
rcsBp2,1.6521739130434783,59,22,CAATAGTTGCGAGGCACTAT,37,3087408
rcsBp2,0.6521739130434783,36,22,ATTCCCGGCCATACAAGTGA,14,3077818
rcsBp2,0.13043478260869565,24,22,ATATGATCTCCCACTACTCG,2,3094909
rcsBp2,0.6086956521739131,35,22,ATATATGGTGGGGTACCTTA,13,3116762
rcsBp2,0.8695652173913043,41,22,AGTCTGGGTCATTCTATACC,19,3097649
rcsBp2,2.217391304347826,72,22,AGTATCTGTACGTGCCTTCC,50,3104354
rcsBp2,1.2173913043478262,49,22,AGGGCAAAAATGGTGTGGTC,27,3090781
rcsBp2,0.08695652173913043,23,22,AGGCGGCGACCTCCTCAATG,1,3084309
rcsBp2,2.260869565217391,73,22,AGGCGAACAATGGCTGGAAG,51,3080345
rcsBp2,0.08695652173913043,23,22,AGGCAAAGTGATTTGAGGAG,1,3102170
rcsBp2,2.1739130434782608,71,22,AGCTTAAACATGAGTAATCC,49,3118255
rcsBp2,1.7391304347826086,61,22,AGCAATTTGTTTGGCAGAGC,39,3103479
rcsBp2,2.652173913043478,82,22,AGAACGACTGTGCACCGGTA,60,3089551
rcsBp2,0.6086956521739131,35,22,ACGCGTTAAGGACCAATGGA,13,3102259
rcsBp2,0.08695652173913043,23,22,ACGAGTCTAATCAGTCGTCG,1,3081404
rcsBp2,1.2608695652173914,50,22,ACCGCGTTGGCCCCATCCAT,28,3107546
rcsBp2,0.9130434782608695,42,22,ACCCTAAAATTCCAGGAGAT,20,3088507
rcsBp2,0.08695652173913043,23,22,ACAGTTTTCAGGAATCAGTG,1,3096761
rcsBp2,0.08695652173913043,23,22,AAGTAAGCATCTAGCTCTAC,1,3111636
rcsBp2,1.0434782608695652,45,22,AAGGGGCCACCTTCTGTCTA,23,3119176
rcsBp2,0.08695652173913043,23,22,AAGCGACGTTGTGGGAAGTC,1,3085175
rcsBp2,0.6363636363636364,34,21,TTGATGGCACTCACCCACCC,13,3120265
rcsBp2,1.0454545454545454,43,21,TTCGCACGTCCAGACTGCGC,22,3081104
rcsBp2,0.13636363636363635,23,21,TTCACGCGATCGAGAGTACT,2,3094732
rcsBp2,0.7727272727272727,37,21,TTACAGTCCCCTTGAACCCA,16,3102506
rcsBp2,1.0454545454545454,43,21,TTAATCTTGGACAGCGCTAA,22,3091520
rcsBp2,0.13636363636363635,23,21,TGTAATGACAGTGATGCTAT,2,3108472
rcsBp2,0.18181818181818182,24,21,TGGTTTCGACTAGGGTCCTT,3,3091338
rcsBp2,0.9090909090909091,40,21,TGGGCTCCATTTACCGGCAT,19,3106972
rcsBp2,3.1818181818181817,90,21,TGGCGTCATTTTACCGCCTT,69,3112070
rcsBp2,0.2727272727272727,26,21,TGCAGAGATAAGTTATGCCT,5,3085917
rcsBp2,1.0909090909090908,44,21,TGACCCACAGCCTGTTAAAG,23,3093821
rcsBp2,0.9090909090909091,40,21,TGAACCATGATACCGCTCTT,19,3095564
rcsBp2,0.9090909090909091,40,21,TCTCCGGGTACTACTGCGGT,19,3122391
rcsBp2,1.3181818181818181,49,21,TCGTAAGCGAGCTGCCCGAA,28,3077349
rcsBp2,0.45454545454545453,30,21,TCGCTATTCTTTGTCGGACC,9,3081043
rcsBp2,4.045454545454546,109,21,TATGAAAAGATCCCGAGGGA,88,3086825
rcsBp2,0.09090909090909091,22,21,TATCGTCGGGTGTGGCGCTA,1,3104312
rcsBp2,0.13636363636363635,23,21,TAGATTAAAGGGTGTCTAGT,2,3118604
rcsBp2,1.3181818181818181,49,21,GTCAGACTTTACGTCAAATA,28,3088984
rcsBp2,1.5,53,21,GGTTATCTGCTACTCTCGTA,32,3078625
rcsBp2,2.1818181818181817,68,21,GGTCGTCAAGATCAGGTTAA,47,3091314
rcsBp2,1.0,42,21,GGTCAAACCAACCAAGGGAT,21,3106259
rcsBp2,2.4545454545454546,74,21,GGGGTATCAAACACTGGAAG,53,3104196
rcsBp2,1.2727272727272727,48,21,GGGCTACTTCGATCTGACAT,27,3106995
rcsBp2,1.3636363636363635,50,21,GGGCCGTGCAAGCGTTGTCA,29,3101921
rcsBp2,4.318181818181818,115,21,GGCAAGGGATATAAAGACTA,94,3085240
rcsBp2,1.1363636363636365,45,21,GGATTAAGGTAATTCGTATG,24,3076874
rcsBp2,0.7727272727272727,37,21,GGACGCGGCCAGAACACTTC,16,3090555
rcsBp2,1.6818181818181819,57,21,GGAATGTATACTCAGTTATC,36,3091330
rcsBp2,1.0909090909090908,44,21,GCTGACCAGAGAGCAAGGGT,23,3084702
rcsBp2,2.727272727272727,80,21,GCTCTTCGGGCCGAGCTCCA,59,3121411
rcsBp2,1.0454545454545454,43,21,GCGGGACTGGGTTGTTTGAG,22,3095684
rcsBp2,2.590909090909091,77,21,GCGGCCGCTAACTCTACGTG,56,3114854
rcsBp2,1.0,42,21,GCGCGATTGTTAAGGCGGTC,21,3085061
rcsBp2,1.8636363636363635,61,21,GCGAACAAGGTGTGCAGCTC,40,3074796
rcsBp2,1.0454545454545454,43,21,GCACATTGCGCGTAATCCAT,22,3101441
rcsBp2,1.4545454545454546,52,21,GATTATTATTCAAGGCTTAA,31,3094234
rcsBp2,1.0,42,21,GATGAAACTCCGCGTTGTCT,21,3111172
rcsBp2,0.45454545454545453,30,21,GAGTAGCAAATTGCACATGT,9,3096359
rcsBp2,1.0,42,21,GAGGTCCATGAGCCTCGCTA,21,3105191
rcsBp2,3.090909090909091,88,21,GACTTAAGGCTACAGAATGA,67,3081112
rcsBp2,0.7727272727272727,37,21,CTTTTCTTGCCCCCGTATGG,16,3117443
rcsBp2,1.5909090909090908,55,21,CTCGAATTCGTCAAATTGCA,34,3089832
rcsBp2,2.0,64,21,CTATTCGGGCCACAGCAGGA,43,3102253
rcsBp2,0.3181818181818182,27,21,CTATAGGCGGTTGCCGAAGT,6,3105423
rcsBp2,1.7727272727272727,59,21,CTACCTGGACTAAGGAGCCA,38,3077451
rcsBp2,0.7272727272727273,36,21,CTACCACGGTCGATCCGATC,15,3091147
rcsBp2,0.3181818181818182,27,21,CGTTATCACTCGTGTGACTG,6,3093309
rcsBp2,1.0909090909090908,44,21,CGTGGCAATTGGGTGGTCTT,23,3088778
rcsBp2,3.3636363636363638,94,21,CGGACCGATGCTCGCACAAT,73,3085816
rcsBp2,0.7272727272727273,36,21,CGGAATATTATAAGTATGTT,15,3102511
rcsBp2,0.2727272727272727,26,21,CGCTGTCAAAAACATCGGTG,5,3081724
rcsBp2,0.5,31,21,CGCGCATAGGCGACGCTAAG,10,3102987
rcsBp2,1.5,53,21,CGAGTGTTGCCAGCCGTTTA,32,3098174
rcsBp2,1.4545454545454546,52,21,CGAGCCAATACGTACTTGCA,31,3122845
rcsBp2,1.3181818181818181,49,21,CGACAATTACACTGGTCAAG,28,3103409
rcsBp2,1.2272727272727273,47,21,CGAAAGTCCGGTTTTGTGAG,26,3077784
rcsBp2,0.09090909090909091,22,21,CGAAAGTCAGTTCCGTTGCA,1,3103042
rcsBp2,0.3181818181818182,27,21,CCTTTTCCGGATTTAGACGA,6,3086923
rcsBp2,1.6818181818181819,57,21,CCTCTCTTGCGATGGGGCCA,36,3079656
rcsBp2,0.18181818181818182,24,21,CCTCGTCCATCCACGAGGGA,3,3098683
rcsBp2,2.3181818181818183,71,21,CCGCCTAAGATGAAACCGAG,50,3090833
rcsBp2,0.2727272727272727,26,21,CCATTGGAAGTTCCGAGCAT,5,3106585
rcsBp2,2.8181818181818183,82,21,CCAGGGCCGTTTACGGTTAA,61,3101486
rcsBp2,0.5454545454545454,32,21,CAGGTCATGTTTGCCAACCC,11,3099469
rcsBp2,0.5454545454545454,32,21,CAGGCACAGTTTGGGCTTGT,11,3095472
rcsBp2,0.7727272727272727,37,21,CACGTTACGGTGATTGTATG,16,3097813
rcsBp2,1.5909090909090908,55,21,CACCTGAGGTCCATGCCTCA,34,3119679
rcsBp2,3.8636363636363638,105,21,CACATCCGTTCGCAACGGTT,84,3080640
rcsBp2,1.4090909090909092,51,21,CAATGGTATAGTGGGAAAGA,30,3084240
rcsBp2,0.8181818181818182,38,21,CAAAGCAAGACTACACTCGG,17,3091063
rcsBp2,1.3636363636363635,50,21,ATTCGAATATATGGCGGTTG,29,3119428
rcsBp2,0.6363636363636364,34,21,ATTATATGAGCTTCTACCCA,13,3076549
rcsBp2,0.6363636363636364,34,21,ATTAGTTTGTCAAATGTCTA,13,3104600
rcsBp2,0.2727272727272727,26,21,ATGATCCGGTAGCGTACCGT,5,3111499
rcsBp2,1.4090909090909092,51,21,ATCATCAAAATGCAACCCCG,30,3087647
rcsBp2,1.4545454545454546,52,21,AGTATCTCAAGTAGTTGATA,31,3095331
rcsBp2,1.4090909090909092,51,21,AGTATCCCGTTTGCGATCAT,30,3074404
rcsBp2,1.3636363636363635,50,21,AGGTAAACTACTTTCCTCAA,29,3077174
rcsBp2,0.9545454545454546,41,21,AGGAATCTGCCGTGAATAAG,20,3114341
rcsBp2,0.09090909090909091,22,21,AGCGTATGTCGTATTTCTGA,1,3119096
rcsBp2,1.9090909090909092,62,21,AGCCTGCGGATGTGAGACTT,41,3108642
rcsBp2,1.0909090909090908,44,21,AGATCCGATACCGACGCGTG,23,3088314
rcsBp2,2.227272727272727,69,21,AGATCCCAACGCTAAACGCA,48,3100113
rcsBp2,10.136363636363637,243,21,AGACACCTGCCGCTCGGCTT,222,3097483
rcsBp2,1.5,53,21,ACTGAAGAATGTCTTTTCAT,32,3094938
rcsBp2,0.09090909090909091,22,21,ACGTCCTGCGATGCACGCGT,1,3113867
rcsBp2,4.181818181818182,112,21,ACGTAAACTGTCAATCATTG,91,3120213
rcsBp2,1.4545454545454546,52,21,ACGGAATTACGTGTAATCAG,31,3104225
rcsBp2,3.909090909090909,106,21,ACGCACTGTCAAGCTACAGA,85,3114203
rcsBp2,0.13636363636363635,23,21,ACCCATGTGGCACTAACGTA,2,3098994
rcsBp2,1.5,53,21,ACCAGGGCCTCGTCCAGAGG,32,3076088
rcsBp2,1.8181818181818181,60,21,ACAGTGTCATGTCATTACAC,39,3108102
rcsBp2,0.09090909090909091,22,21,ACAGTCGGCTAGTGTGTTAC,1,3100530
rcsBp2,0.6363636363636364,34,21,AATTCTAATATACAAGCCTA,13,3098707
rcsBp2,1.5,53,21,AATCTCGCAGAGCGAGCGAA,32,3095515
rcsBp2,1.4090909090909092,51,21,AACTTAACTCCGTAATCATA,30,3112700
rcsBp2,1.7272727272727273,58,21,AACTCTGACGGCAAGTAGTT,37,3110485
rcsBp2,0.09090909090909091,22,21,AAAGTCATTTCCCGAATTGC,1,3081191
rcsBp2,0.09090909090909091,22,21,AAAGACACTCCTTTCTCGGA,1,3089546
rcsBp2,1.0454545454545454,43,21,AAAAGTCTTGTCACCCCTCC,22,3108329
rcsBp2,1.1428571428571428,43,20,TTTAGAGCGAACGTCTAAAT,23,3119347
rcsBp2,0.6190476190476191,32,20,TTGTTACAAGTAGTCACGGC,12,3085806
rcsBp2,0.9523809523809523,39,20,TTGAGTCTTTCTACGCACCT,19,3075470
rcsBp2,3.0,82,20,TTCCCAAAACCTTTAATGGT,62,3082380
rcsBp2,3.4285714285714284,91,20,TTCAAGGTGGTTAGGATTTA,71,3085239
rcsBp2,0.38095238095238093,27,20,TTAGTGCGTCGGCCCACACT,7,3107536
rcsBp2,0.9523809523809523,39,20,TGTTAAATCTAATTCTGTCC,19,3097358
rcsBp2,0.23809523809523808,24,20,TGTGGATTTGTACAGGACGG,4,3120880
rcsBp2,0.8571428571428571,37,20,TGTCATGGGGTAATACCAGG,17,3121968
rcsBp2,2.619047619047619,74,20,TGTACTTTTAGAGCAACAGA,54,3102061
rcsBp2,1.0952380952380953,42,20,TGTACTTGGGCAGTTCCTCT,22,3103871
rcsBp2,1.4761904761904763,50,20,TGGTAATCGAACTCCTGCAT,30,3079446
rcsBp2,0.9047619047619048,38,20,TGGGGTGGCGGGTAAGCTCT,18,3077866
rcsBp2,0.09523809523809523,21,20,TGGGATGAACCCGGCGCTGC,1,3103774
rcsBp2,0.47619047619047616,29,20,TGCGCCGCCCGGAATGTCAT,9,3107572
rcsBp2,1.6666666666666667,54,20,TGATTTATGCATTAAGACAG,34,3107131
rcsBp2,1.8095238095238095,57,20,TGACCTATGACAGGTTATTA,37,3120749
rcsBp2,0.3333333333333333,26,20,TCGTGAAAACTTACCTTTTA,6,3086646
rcsBp2,1.2380952380952381,45,20,TCCGCGGTCCACATTGTCTT,25,3093031
rcsBp2,3.6666666666666665,96,20,TCCCGTCGCCAATTTATATA,76,3113101
rcsBp2,0.6666666666666666,33,20,TATTATATAGGACATGTCTT,13,3083188
rcsBp2,0.5714285714285714,31,20,TATCTGCGGGTAGTCTCAGT,11,3095183
rcsBp2,0.2857142857142857,25,20,TATCTACGAGCCGTACTGCA,5,3095468
rcsBp2,0.09523809523809523,21,20,TATCAAAATTTAACAGTCTG,1,3081894
rcsBp2,0.09523809523809523,21,20,TAGGGGTCCGGGGGACGGGT,1,3111755
rcsBp2,0.6666666666666666,33,20,TAGGACTCGTAACACAGGTC,13,3090104
rcsBp2,1.8095238095238095,57,20,TAGATGGTCCGGTGCGTGAC,37,3094290
rcsBp2,0.6190476190476191,32,20,TACCACGAGGTCGATTGTTG,12,3104143
rcsBp2,2.3333333333333335,68,20,TAATGGAACTAAGGTACAAA,48,3088094
rcsBp2,1.9523809523809523,60,20,GTTAGGACAAGACCCTGTGA,40,3087486
rcsBp2,1.1428571428571428,43,20,GTGGATCATATTGTTCGCCT,23,3088349
rcsBp2,0.7142857142857143,34,20,GTCTTTTGCTGTTTAATGAA,14,3085330
rcsBp2,0.09523809523809523,21,20,GTCTCGGGTTCGGACGGAAA,1,3082578
rcsBp2,0.09523809523809523,21,20,GGTTACCAAGTTACCTTCCC,1,3098028
rcsBp2,2.2857142857142856,67,20,GGTGTAGTCCAATGCAGTGT,47,3092886
rcsBp2,1.8095238095238095,57,20,GGTGAACGTACTCCACACGT,37,3100911
rcsBp2,3.0952380952380953,84,20,GGTATAAAGGTTTTCCGATT,64,3110802
rcsBp2,1.4285714285714286,49,20,GGGTGCTTGTCATCGTTCGA,29,3081108
rcsBp2,0.7619047619047619,35,20,GGGGATACCGGCCTCGCCAA,15,3086010
rcsBp2,2.6666666666666665,75,20,GGGGACGTCATGAAACAATT,55,3087984
rcsBp2,0.2857142857142857,25,20,GGGCCGGGGGCCGAAGTGTA,5,3078398
rcsBp2,0.9047619047619048,38,20,GGCGTTTGTCCTGAGGCTAT,18,3116454
rcsBp2,0.9047619047619048,38,20,GGCGTAGACATCGTTGAGGC,18,3085764
rcsBp2,1.0,40,20,GGCACATGCAACTCCTGCGA,20,3119113
rcsBp2,1.3333333333333333,47,20,GGATGTCCTCACCCTGCTAA,27,3092587
rcsBp2,1.1428571428571428,43,20,GGAGCCACTGTCTTTGGGAG,23,3081949
rcsBp2,0.09523809523809523,21,20,GGACAGAGGCTACTACGGAC,1,3093245
rcsBp2,0.7142857142857143,34,20,GCTTGGGATGGTATCGACGA,14,3088848
rcsBp2,0.09523809523809523,21,20,GCTATACGCATCTACGGTAT,1,3085869
rcsBp2,2.5238095238095237,72,20,GCGCGGAAAGACCTCGCAAT,52,3102067
rcsBp2,3.3333333333333335,89,20,GCGAACAGGTCTGGGATGTA,69,3083724
rcsBp2,0.6666666666666666,33,20,GCCCTTTCTTAAGCGATTGA,13,3104628
rcsBp2,0.09523809523809523,21,20,GCCAATCGACATGTTGCTTA,1,3096574
rcsBp2,0.8095238095238095,36,20,GCATAGGAGGCGCTGTCAAC,16,3102657
rcsBp2,1.2380952380952381,45,20,GATCTAACTCTATCGATGCA,25,3113816
rcsBp2,0.8571428571428571,37,20,GATCAATCCGGCAGTTACTT,17,3082029
rcsBp2,0.09523809523809523,21,20,GAGTTTATTCCTCCGGATCA,1,3087985
rcsBp2,1.5238095238095237,51,20,GACTATCCACCGATCGATTT,31,3097363
rcsBp2,0.2857142857142857,25,20,GACCAAGATCCTGAGGCACG,5,3085132
rcsBp2,1.8095238095238095,57,20,GACATCGTGCGAGGAGCTCG,37,3115776
rcsBp2,3.1904761904761907,86,20,GAAGTGTTTGAGACATTATA,66,3095491
rcsBp2,0.09523809523809523,21,20,GAAGGGTCATAGTTGTATGG,1,3109681
rcsBp2,1.0,40,20,GAAGAGTGCAACCTAAGGGC,20,3094272
rcsBp2,1.6666666666666667,54,20,GAAGAGCTTGAAGTATGGTT,34,3085809
rcsBp2,0.9523809523809523,39,20,GAACGTTAAATCCATGTAGG,19,3082641
rcsBp2,1.4761904761904763,50,20,GAAACGCTATCGCCGGCGAT,30,3086174
rcsBp2,2.238095238095238,66,20,CTTTCGATCCACCCAGCACT,46,3102223
rcsBp2,0.14285714285714285,22,20,CTTACGCTTCAACACGGATG,2,3090488
rcsBp2,1.5238095238095237,51,20,CTGGGTATGCGTCATGGCTT,31,3076778
rcsBp2,0.38095238095238093,27,20,CTGATAGTACGTGCCATTAC,7,3111312
rcsBp2,2.857142857142857,79,20,CTCCAAAAGGACAGTTGTGC,59,3077241
rcsBp2,4.571428571428571,115,20,CTACATTATCTTCACTTCAT,95,3079641
rcsBp2,4.285714285714286,109,20,CGTGATGTAAGTGGACTCCC,89,3119136
rcsBp2,2.0,61,20,CGTGAGCGATTAGGGACACT,41,3117580
rcsBp2,0.5238095238095238,30,20,CGTCCACAGCAATCTAGTAT,10,3079311
rcsBp2,1.2380952380952381,45,20,CGTACGATACTAATAGTCGC,25,3093811
rcsBp2,1.2380952380952381,45,20,CGCAGGGGTCCAGCGGCGTC,25,3108535
rcsBp2,1.4285714285714286,49,20,CGATTGTCCCCTAACGTGAG,29,3075509
rcsBp2,0.7142857142857143,34,20,CGACCTCTGTCCCACGGGGA,14,3089634
rcsBp2,4.142857142857143,106,20,CGAACCTAGAGGATGCGCCC,86,3092379
rcsBp2,1.9047619047619047,59,20,CGAAAATAACGCATTGAGAA,39,3080405
rcsBp2,0.7142857142857143,34,20,CCGGGCCGAACGATCGTGCT,14,3109343
rcsBp2,0.5714285714285714,31,20,CCGGAACGTCAAACATAGTT,11,3081274
rcsBp2,0.6666666666666666,33,20,CCCTGCGATCTCTCACTTAA,13,3105830
rcsBp2,2.8095238095238093,78,20,CCCAAACGAGGGGAATGGGA,58,3122425
rcsBp2,1.1904761904761905,44,20,CCAGTGAGGGTTCCCGGGTG,24,3076522
rcsBp2,0.38095238095238093,27,20,CCAACGAGGCGGCTCCTTCT,7,3089052
rcsBp2,0.09523809523809523,21,20,CCAACCTACGGCGCTTCCAA,1,3084913
rcsBp2,0.09523809523809523,21,20,CATTGTATCGAAACAGGTAG,1,3081243
rcsBp2,0.6190476190476191,32,20,CATATGAAGCCTAGAGCAAA,12,3103876
rcsBp2,0.5714285714285714,31,20,CATAATTTCTTTAGGGGGCT,11,3090276
rcsBp2,1.8095238095238095,57,20,CAGGTGGGACTAATTCGTAA,37,3080352
rcsBp2,0.09523809523809523,21,20,CAGAGTGGTTATGGGTCCGA,1,3092530
rcsBp2,0.8095238095238095,36,20,CACTGGTCCACCCTTTGGAT,16,3076654
rcsBp2,1.619047619047619,53,20,CACGTTAATTCACTGGCAGT,33,3076737
rcsBp2,1.4761904761904763,50,20,CACCTCGGCCCAATCTCTAC,30,3086641
rcsBp2,0.6190476190476191,32,20,CACCCGTGTTGGTTAACTTG,12,3078203
rcsBp2,0.5714285714285714,31,20,CAATTAGGCCGCTATCAGCA,11,3096770
rcsBp2,1.1904761904761905,44,20,CAATGTTCTACTTGGTCAGT,24,3083237
rcsBp2,1.9047619047619047,59,20,CAATCCGATATGGCATACGC,39,3091746
rcsBp2,1.0952380952380953,42,20,CAATAGGGCGAAACTCACGG,22,3083579
rcsBp2,1.0476190476190477,41,20,ATTCGGTCCCCGCACCGCGT,21,3108111
rcsBp2,1.380952380952381,48,20,ATTCGGCCTTTAGTCCGACC,28,3095553
rcsBp2,1.3333333333333333,47,20,ATCTGCCCTGGGAACGGCGG,27,3074562
rcsBp2,0.6190476190476191,32,20,ATCCCTTAGGAGGGTGATCT,12,3114350
rcsBp2,0.5238095238095238,30,20,ATCATAGAGTCGGTTGCGAG,10,3087488
rcsBp2,0.38095238095238093,27,20,ATATTCTGACCGGACCGAGA,7,3096914
rcsBp2,0.6190476190476191,32,20,AGTCGTAAGACGGGTCACGG,12,3096685
rcsBp2,1.3333333333333333,47,20,AGTCCGGAAGTTCAGTCTCA,27,3084292
rcsBp2,1.9523809523809523,60,20,AGTATTCAAACAACTTAAGT,40,3074400
rcsBp2,1.7619047619047619,56,20,AGGTCTATTGTCGTACTGGA,36,3078239
rcsBp2,0.6190476190476191,32,20,AGGTCCGAAGTAATCGCTTA,12,3097682
rcsBp2,1.7619047619047619,56,20,AGGATTGTGGCGAATGGGAT,36,3082461
rcsBp2,0.09523809523809523,21,20,AGCGCTCGCTGGGTACGAGT,1,3101467
rcsBp2,0.6190476190476191,32,20,AGCGATCTTGCTCCGGGATC,12,3077092
rcsBp2,2.619047619047619,74,20,AGCCAAAACGGGTCTGAATC,54,3117001
rcsBp2,1.8095238095238095,57,20,AGAATAAGGGGTCGCCGAGG,37,3119863
rcsBp2,2.761904761904762,77,20,ACTGCAGCGTCTAATACCAT,57,3114852
rcsBp2,1.7619047619047619,56,20,ACGGCACCGAGTCCCTGAGA,36,3095260
rcsBp2,0.6666666666666666,33,20,ACAAACTCGTACACTGTCCT,13,3089861
rcsBp2,1.3333333333333333,47,20,AATTACTTTGCCTAGCAGAA,27,3076872
rcsBp2,1.3333333333333333,47,20,AATATGCGCGGCTATTGGAA,27,3076806
rcsBp2,2.0476190476190474,62,20,AATAAGGGATTTGTGCTTTG,42,3080422
rcsBp2,1.2380952380952381,45,20,AAGATCGAGTGAACGCTAAC,25,3076062
rcsBp2,0.09523809523809523,21,20,AACACAACAAGGTACTGCGT,1,3094988
rcsBp2,0.5238095238095238,30,20,AAAGGGGAGTGGGAGGGCAA,10,3097361
rcsBp2,1.0,40,20,AAAACGACCTCTGAGCCACA,20,3103909
rcsBp2,0.1,20,19,TTTTTAAGGGTATCACCTAC,1,3085313
rcsBp2,1.95,57,19,TTTTAATCCGCTGATTAAGG,38,3101622
rcsBp2,2.65,71,19,TTTGATCCCCCCATTCCCAC,52,3112580
rcsBp2,0.85,35,19,TTGATAGTGACCTAAAAACG,16,3120069
rcsBp2,2.95,77,19,TTCTGTTGGACGACCGCCTG,58,3117835
rcsBp2,0.75,33,19,TTCGTGCGAACCGCCAATGG,14,3075469
rcsBp2,0.1,20,19,TTCGCAACTTTTCCTCGCGC,1,3077838
rcsBp2,0.75,33,19,TTACTCGACGTTATTTAAAA,14,3112322
rcsBp2,0.35,25,19,TGTTAGGACATGGATATCTA,6,3108009
rcsBp2,0.8,34,19,TGTAGAGGTTGTCAAATTGG,15,3106818
rcsBp2,1.85,55,19,TGTACGGACTCGGGGTCTAA,36,3085112
rcsBp2,17.3,364,19,TGCTCGGAACACGTGAAAAT,345,3095489
rcsBp2,0.25,23,19,TGCGTAATGGCCTTAAGCGG,4,3081296
rcsBp2,2.7,72,19,TGCGGCTTCGTCTAAAAATT,53,3093082
rcsBp2,1.4,46,19,TGACGGCACTATGAGCAATG,27,3078589
rcsBp2,0.1,20,19,TGAAGTGCGTATGCGCCCTA,1,3076677
rcsBp2,0.7,32,19,TCTTTGTTAACATTGCAGTA,13,3076550
rcsBp2,0.95,37,19,TCCTGGGATGTAATAATGTT,18,3085949
rcsBp2,0.7,32,19,TCCTAGACTCATTATCTAAG,13,3089190
rcsBp2,1.2,42,19,TCCCTTAAGTTGACCCTTGA,23,3100312
rcsBp2,0.25,23,19,TCCCTCGACCCGCGTTAAAA,4,3083728
rcsBp2,1.7,52,19,TCCCCCAGTAATGCTTAAAC,33,3100275
rcsBp2,0.15,21,19,TCCCAGACCGTTACACTCGA,2,3077658
rcsBp2,3.25,83,19,TCAGCCCTGCGCCATACCGT,64,3096576
rcsBp2,1.6,50,19,TCACGTGCCATTGCGTTCTG,31,3076035
rcsBp2,1.55,49,19,TCAATCGGATGTATGATACG,30,3075136
rcsBp2,1.85,55,19,TATTGTAGGTCTTTAGGGCT,36,3105260
rcsBp2,1.35,45,19,TATTGATACTGTTTCTATTC,26,3101791
rcsBp2,0.5,28,19,TATTCTCCTGATCGCTCTAT,9,3076480
rcsBp2,1.3,44,19,TATTCCATCCGGTATCGTAA,25,3106992
rcsBp2,0.65,31,19,TATTCAAAATCCAAAAAAGC,12,3114078
rcsBp2,2.8,74,19,TAGGAGGAAACATCATGGTC,55,3085692
rcsBp2,1.1,40,19,TAGAGACAGGTATGCTAACG,21,3091169
rcsBp2,1.1,40,19,TACTGGATAACGCGCTCACG,21,3112376
rcsBp2,1.1,40,19,TACATCGATGGTTGGTGGTA,21,3116806
rcsBp2,0.1,20,19,GTTTTTGTCATTTGCGTTTG,1,3104134
rcsBp2,3.05,79,19,GTTGACATGAGTTGAGTACA,60,3077219
rcsBp2,2.6,70,19,GTTATAGCATATCACGATAT,51,3113633
rcsBp2,0.1,20,19,GTGGAGGAGCCGCTAGGTTA,1,3095033
rcsBp2,1.2,42,19,GTGCATAGCGCTAAGTCTGG,23,3077821
rcsBp2,1.7,52,19,GTCTAACACGCCTCAGGGGA,33,3085628
rcsBp2,1.35,45,19,GTCGTAGGAATGTATGGTTG,26,3115897
rcsBp2,0.6,30,19,GTCGCTTGGGAATGGGACCA,11,3121375
rcsBp2,0.75,33,19,GTCCCGTTTGGAAATACATT,14,3084182
rcsBp2,1.4,46,19,GTCATGGCATGAAACATACC,27,3113925
rcsBp2,0.25,23,19,GTATTGGACAACGGCTTGTA,4,3093760
rcsBp2,0.15,21,19,GTATGTCGGAAACTCGTACT,2,3101887
rcsBp2,4.8,114,19,GTATCTTTCATGGGTGGATC,95,3091315
rcsBp2,0.8,34,19,GTACGTGTCAAGCGCACCCA,15,3078451
rcsBp2,0.7,32,19,GGTTAAAGGAACGTACAGTC,13,3085904
rcsBp2,0.6,30,19,GGTGCGCTGCGGATATTACG,11,3108537
rcsBp2,0.45,27,19,GGTGCCGGGTTTTTATATTC,8,3080530
rcsBp2,0.8,34,19,GGTCACTCATCGCGGGACTG,15,3086242
rcsBp2,1.3,44,19,GGTAACCTAATGGTGAGTTG,25,3108655
rcsBp2,1.0,38,19,GGGTCAGAGCCAGTTGATTG,19,3092173
rcsBp2,0.35,25,19,GGGTACAGAAACTGGGACGT,6,3083316
rcsBp2,0.1,20,19,GGGGTGAGATGGATACGTGT,1,3091794
rcsBp2,1.9,56,19,GGGGGGAGTTTACCCTGGTG,37,3106333
rcsBp2,1.0,38,19,GGCTAAGGCTTGGCCCGGGG,19,3084660
rcsBp2,0.25,23,19,GGATGTGGCGAGCGCTAGGT,4,3106584
rcsBp2,0.85,35,19,GCTTGGATTAGGTCGATATT,16,3102339
rcsBp2,1.15,41,19,GCGTGTAAATATCTGCTCAA,22,3078346
rcsBp2,2.55,69,19,GCGTGGGCTCAATTTTATCA,50,3087571
rcsBp2,2.85,75,19,GCGTATCCAAGTGAAAGTAT,56,3076116
rcsBp2,0.35,25,19,GCGTAAACTGTATATTGCGG,6,3099848
rcsBp2,0.8,34,19,GCGGGGTGCCTTTGTGGCGA,15,3122587
rcsBp2,0.8,34,19,GCGCATCACGTATGTCCCGA,15,3095027
rcsBp2,1.05,39,19,GCCTGACCCATAGCGTGCTC,20,3092364
rcsBp2,0.6,30,19,GCCGTTCGCTACATGCGGTA,11,3087995
rcsBp2,0.1,20,19,GCCACCACGAAAAAATTGTA,1,3079815
rcsBp2,3.05,79,19,GCACTATCGAGCAGGAGCAA,60,3094408
rcsBp2,2.1,60,19,GATATGTGGGATAGAATGTT,41,3108839
rcsBp2,1.65,51,19,GATACTATCGCATGGCGCGT,32,3098736
rcsBp2,6.95,157,19,GAGATCGCGCAAGAGTCTTC,138,3077787
rcsBp2,1.0,38,19,GAGATAGGCCAAACTTTACC,19,3080594
rcsBp2,2.7,72,19,GACCGGTTTAGACCGTATTG,53,3082600
rcsBp2,1.05,39,19,GAATGTTCTTCAGCGGTCAC,20,3103784
rcsBp2,0.2,22,19,GAAAGAATATGCTCGTGCTG,3,3096285
rcsBp2,1.65,51,19,GAAAAGGGGACGGCGAATCA,32,3092665
rcsBp2,0.55,29,19,CTGTTTAAGAGAAGTCGTTC,10,3096223
rcsBp2,0.1,20,19,CTCAGAGCGGTAGGTATCTT,1,3079949
rcsBp2,0.85,35,19,CGTCGTCTCTTGGGAATCGG,16,3105341
rcsBp2,0.8,34,19,CGTAGTAACTCCCTGGTACT,15,3094764
rcsBp2,2.45,67,19,CGGCTACCGGCCGGCGTTAA,48,3112335
rcsBp2,0.7,32,19,CGGATACTTAGCCTTCTGTT,13,3083053
rcsBp2,1.35,45,19,CGCTTCACACGCGGTGGGTA,26,3117826
rcsBp2,0.25,23,19,CGCTCTTGGTTTGTAAGCCA,4,3076039
rcsBp2,1.45,47,19,CGACAACTTTTGATGAGGCT,28,3111252
rcsBp2,0.15,21,19,CGAAAACAATTGGATTGGGA,2,3083989
rcsBp2,1.9,56,19,CCTGTCCTTATTAGAGAAAT,37,3100298
rcsBp2,0.25,23,19,CCGTCTACACACGTTAGGTC,4,3078089
rcsBp2,2.0,58,19,CCGTCAGTCCGCACGGATGG,39,3088987
rcsBp2,0.9,36,19,CCGGTCTTCTTGTTGGATCG,17,3087798
rcsBp2,1.2,42,19,CCGGGGCTTCAGACCGTTAT,23,3086916
rcsBp2,0.55,29,19,CCGACGTGCTGTATGCAAGG,10,3122241
rcsBp2,1.45,47,19,CCGACAGTTTAGGTTACTGG,28,3099810
rcsBp2,0.2,22,19,CCCTCACCCCAAAATATCCT,3,3075556
rcsBp2,0.1,20,19,CATTTTCTGGTTGAATAACT,1,3077761
rcsBp2,1.8,54,19,CATCGCATTTAATGGCGGAC,35,3121676
rcsBp2,1.85,55,19,CATCAAGGTCGCTGAATGTT,36,3075320
rcsBp2,4.0,98,19,CACTTAGGCTTCCGAGCAGT,79,3121621
rcsBp2,1.0,38,19,CACGCCTCGACGAGCACTCC,19,3109418
rcsBp2,3.55,89,19,CAATGTTGACGCTGAGAAGA,70,3075591
rcsBp2,1.3,44,19,CAAACTGCTCGTATGGCCCG,25,3110444
rcsBp2,1.75,53,19,ATTTTCTTGGGCACGGTCCA,34,3098938
rcsBp2,1.35,45,19,ATTGGCCTCCGACACTATCA,26,3120833
rcsBp2,1.5,48,19,ATTGCTGGGAAACAGTCTGT,29,3098150
rcsBp2,0.65,31,19,ATTCTCTGCGGTTATTCTCT,12,3082515
rcsBp2,2.35,65,19,ATCATCTGACTCCCGCGCCC,46,3074679
rcsBp2,1.2,42,19,ATAGAAAGGCCTTCCGGTTT,23,3101625
rcsBp2,0.15,21,19,AGTTGTGGGATAATGTAGTC,2,3085430
rcsBp2,1.1,40,19,AGTGGCAAACCCGCTTAATA,21,3084029
rcsBp2,0.65,31,19,AGTCCTTAGGACAGCGTATA,12,3105008
rcsBp2,0.6,30,19,AGTAGCCGCTAACCAGGTTA,11,3076843
rcsBp2,0.65,31,19,AGGTGTGACGCATTGGCCAT,12,3075552
rcsBp2,1.55,49,19,AGGGGTATTTGTAACAGCAT,30,3120011
rcsBp2,1.25,43,19,AGGGCACGCAAGGGGGTTCC,24,3104602
rcsBp2,1.5,48,19,AGCATTCTTCAGCTCGTTTA,29,3087265
rcsBp2,0.6,30,19,AGATCCACTTAGCGTCCTCA,11,3087185
rcsBp2,1.35,45,19,ACGTACCTGATGTGCTAGGT,26,3075634
rcsBp2,1.2,42,19,ACCGTAGTCCTTCGGGATAT,23,3101582
rcsBp2,1.75,53,19,ACCACTAGATCATACTGAAA,34,3101809
rcsBp2,0.15,21,19,ACATTGGTTGAGGGCGTACG,2,3077057
rcsBp2,1.2,42,19,AATTTGACTGTCTTATCGAA,23,3092174
rcsBp2,0.15,21,19,AATTTAAGATACGTGGGCTA,2,3116582
rcsBp2,1.1,40,19,AATTGGCTACATTAGCTGTA,21,3105091
rcsBp2,1.0,38,19,AATTATTGATGAATTCGCTA,19,3122274
rcsBp2,1.3,44,19,AAGCTTCCTACTCGAAGATA,25,3079392
rcsBp2,3.05,79,19,AAATTTCTCAAGATCCCTTG,60,3103494
rcsBp2,1.05,39,19,AAACCGTCCGGCGTAGTTGT,20,3086944
rcsBp2,1.25,43,19,AAAAGTAACTCGAACACTGT,24,3102255
rcsBp2,1.9473684210526316,54,18,TTTTTTTGGTCACGGAAAGA,36,3079230
rcsBp2,1.0,36,18,TTTGCGAATGATCTCGGGCG,18,3120188
rcsBp2,1.5263157894736843,46,18,TTTGAGAGGCCGCGCATTCT,28,3105537
rcsBp2,1.263157894736842,41,18,TTTCGACCGGGGCCATGCGT,23,3104198
rcsBp2,2.473684210526316,64,18,TTTCAGACGCTCACTGTATT,46,3118788
rcsBp2,1.0,36,18,TTTAGTGCCTCTTCATTACA,18,3107331
rcsBp2,0.8421052631578947,33,18,TTGCAAACGTGATTACTAAA,15,3115373
rcsBp2,0.47368421052631576,26,18,TTGATCTTCGGGATAATGGT,8,3115894
rcsBp2,0.10526315789473684,19,18,TTCACCCATCTGAACCGGGG,1,3078306
rcsBp2,0.10526315789473684,19,18,TTCAATGAGGGCATCACATC,1,3107136
rcsBp2,1.5263157894736843,46,18,TTAGGGCTTTTACGGGTGAA,28,3116591
rcsBp2,0.6842105263157895,30,18,TGTTGAATCTGAGACGGGAG,12,3084570
rcsBp2,0.42105263157894735,25,18,TGTGTTCACAGACACGGCAG,7,3093414
rcsBp2,0.3684210526315789,24,18,TGTCTGTCCGAAAGGACGAC,6,3097960
rcsBp2,1.1578947368421053,39,18,TGCATGAGCGGTCTGCGACG,21,3083565
rcsBp2,1.894736842105263,53,18,TGACTTATCGTCCGCTCACA,35,3079706
rcsBp2,1.5263157894736843,46,18,TGACGGTCAGCGTCCGCAGC,28,3092178
rcsBp2,0.10526315789473684,19,18,TCTTTCATGGCGAAGTGGTT,1,3117117
rcsBp2,1.263157894736842,41,18,TCTTCTGTATATGCTCCTAC,23,3086049
rcsBp2,0.6842105263157895,30,18,TCTCATCCGTGCATACAGTA,12,3095264
rcsBp2,0.5263157894736842,27,18,TCGTACACGTTCTGGGAATG,9,3100301
rcsBp2,2.263157894736842,60,18,TCGGGTTTGGGCGCGCGTTA,42,3096143
rcsBp2,0.7894736842105263,32,18,TCGGCTGACCGCTGGGGGAA,14,3074801
rcsBp2,0.21052631578947367,21,18,TCGGAGCTCAACGGGTTGCA,3,3113635
rcsBp2,0.10526315789473684,19,18,TCGCGATCGTGTGCCTTGGT,1,3089332
rcsBp2,0.8421052631578947,33,18,TCGCATAGGATCCGAGAACT,15,3092179
rcsBp2,0.6842105263157895,30,18,TCGACACGCCAGGCGACCAG,12,3088579
rcsBp2,0.8421052631578947,33,18,TCCTACTGGGAATCCCCCGG,15,3093697
rcsBp2,1.368421052631579,43,18,TCCCCAATGGCATAGTGTAG,25,3105548
rcsBp2,0.7368421052631579,31,18,TCACTCGGGGACTACGCGGC,13,3089911
rcsBp2,0.631578947368421,29,18,TCACATTGAAATGGTTCTGT,11,3104446
rcsBp2,2.6842105263157894,68,18,TATGTCAAATCTTATTAGCG,50,3073940
rcsBp2,1.736842105263158,50,18,TATGTACGCTAGGTCGTCAC,32,3115563
rcsBp2,0.631578947368421,29,18,TAGGTAGTGTGGCATACAGA,11,3112649
rcsBp2,1.0,36,18,TACTTTGGATGTACTACCCA,18,3105228
rcsBp2,0.42105263157894735,25,18,TAACGTTTCCCTCCTTTGAC,7,3088899
rcsBp2,2.8421052631578947,71,18,TAAAGGTTACGGAGAATCCC,53,3089214
rcsBp2,3.263157894736842,79,18,GTTTGAAGGAAAAAGTTCGT,61,3109976
rcsBp2,0.8421052631578947,33,18,GTGTTAGTGCTGGACTTTCT,15,3106292
rcsBp2,2.210526315789474,59,18,GTGGGATTCTCACACGGTAC,41,3093008
rcsBp2,0.9473684210526315,35,18,GTGCAATTGCAAAGTGTTTA,17,3108330
rcsBp2,1.5263157894736843,46,18,GTCACGCAGATGGCCCAGCA,28,3094140
rcsBp2,0.10526315789473684,19,18,GTATCGCTTTGCCCGACGCC,1,3100534
rcsBp2,1.3157894736842106,42,18,GTATAGCCAGGGGATCCCCT,24,3077723
rcsBp2,0.21052631578947367,21,18,GGTGGAACCAGCACATCAAA,3,3076459
rcsBp2,1.6842105263157894,49,18,GGGGATGCTGAATAGCAGGG,31,3118232
rcsBp2,0.8421052631578947,33,18,GGCTGCGTTGTTATAGAACG,15,3085989
rcsBp2,0.10526315789473684,19,18,GGCTACAATATAACCCGGTC,1,3075256
rcsBp2,0.5789473684210527,28,18,GGCGGAATGTGATGCTTTTA,10,3114087
rcsBp2,0.8947368421052632,34,18,GGCCGAAGTCAGTACAACGG,16,3104976
rcsBp2,4.052631578947368,94,18,GGATACGGCCTGCCAAAGGG,76,3075904
rcsBp2,0.7894736842105263,32,18,GGAGTCCACATGCTGAACGC,14,3089327
rcsBp2,1.0526315789473684,37,18,GGAGGATATCCGCCGACAAA,19,3101813
rcsBp2,1.105263157894737,38,18,GCTCGATCTGGGTCGTGCAA,20,3120354
rcsBp2,0.9473684210526315,35,18,GCGGTGAGCAGCGACGACTG,17,3080945
rcsBp2,0.5789473684210527,28,18,GCGCTGGTGCTTATTCGCCT,10,3102834
rcsBp2,2.1578947368421053,58,18,GCGCTGGGGTAAGCAATGCG,40,3113637
rcsBp2,2.1052631578947367,57,18,GCCTAAGTTGGATTTGTTAG,39,3086153
rcsBp2,0.6842105263157895,30,18,GCCACAAGGTACTAACGTAC,12,3110766
rcsBp2,0.2631578947368421,22,18,GCATTCTAACTCAGGGAGAG,4,3094824
rcsBp2,0.15789473684210525,20,18,GCATGTTCTGGCACCCTTTT,2,3108364
rcsBp2,0.10526315789473684,19,18,GATAGGAGGCTAATCTATCT,1,3088506
rcsBp2,0.10526315789473684,19,18,GATAAGGGGGTTTTGAAGCT,1,3109797
rcsBp2,3.1052631578947367,76,18,GAGGGGACTTGGCCGTATCC,58,3102867
rcsBp2,0.10526315789473684,19,18,GAGAAGCGAAATCGCCGCTG,1,3118828
rcsBp2,2.6315789473684212,67,18,GACGCTAAAGCTCTCCGGGT,49,3086429
rcsBp2,0.3684210526315789,24,18,GACCCCCCTAGTGTGCGCTT,6,3086217
rcsBp2,0.2631578947368421,22,18,CTTGCTGTAATTGCATAGGT,4,3087263
rcsBp2,1.3157894736842106,42,18,CTTCAGTCGGAACTCGACAT,24,3084837
rcsBp2,3.0526315789473686,75,18,CTGTAGCGCGATCGGGACCA,57,3077586
rcsBp2,1.0526315789473684,37,18,CTGCGCCCGTCTGACTCCGC,19,3089419
rcsBp2,0.9473684210526315,35,18,CTGATAAAGAAGATTGCTTA,17,3110568
rcsBp2,1.105263157894737,38,18,CTCGAGTGGTAGGTCACAGT,20,3082161
rcsBp2,0.9473684210526315,35,18,CTCCTAGTACGCCGACCGCA,17,3100220
rcsBp2,1.105263157894737,38,18,CTCACTATTCACGCCAGGTT,20,3112632
rcsBp2,0.8421052631578947,33,18,CTCACACGAGCACAGGAGAA,15,3107416
rcsBp2,1.368421052631579,43,18,CGTTTTACTACATCTCTCGC,25,3092785
rcsBp2,0.21052631578947367,21,18,CGTGCAAAATTTGGACGCGA,3,3112325
rcsBp2,2.1052631578947367,57,18,CGTACGGAAGGATGTAAAGG,39,3111934
rcsBp2,2.1052631578947367,57,18,CGGTTCAGAAGGGCGTGACA,39,3113642
rcsBp2,0.631578947368421,29,18,CGGTTAACTCCCGGCTGTCG,11,3090017
rcsBp2,1.4736842105263157,45,18,CGGGCATCCATCGCGATGGA,27,3077961
rcsBp2,0.15789473684210525,20,18,CGGCGGTCTGGGAGCGTGCG,2,3087267
rcsBp2,0.15789473684210525,20,18,CGGCAGCGAAAGGGATCGGG,2,3111125
rcsBp2,3.8421052631578947,90,18,CGCAATTGTTTACGGATTGT,72,3096965
rcsBp2,1.0526315789473684,37,18,CGAGCGCGCGCAATGGGACG,19,3088305
rcsBp2,2.1052631578947367,57,18,CGACCAACTGCGTGGGTCCA,39,3078519
rcsBp2,3.0,74,18,CCTTGATGATACTACATCCA,56,3095151
rcsBp2,0.15789473684210525,20,18,CCTGGTGCTCGCTCTTCTCC,2,3098841
rcsBp2,3.1052631578947367,76,18,CCTGGCCTCCTCCGTCACAA,58,3120625
rcsBp2,0.5263157894736842,27,18,CCGTGCCTCATTATAGAATG,9,3074495
rcsBp2,0.631578947368421,29,18,CCGTCACCTTCGGTGAGATT,11,3114910
rcsBp2,0.6842105263157895,30,18,CCCTGATCTCGGGGGAACCA,12,3090966
rcsBp2,0.10526315789473684,19,18,CCCAAGTATTGTTATTTCTG,1,3092568
rcsBp2,2.6842105263157894,68,18,CCAAGAGAGGCTTCAAAACG,50,3101008
rcsBp2,0.7894736842105263,32,18,CATTATGATTGTCGGGGTCT,14,3093837
rcsBp2,0.9473684210526315,35,18,CAGCGACCTCCGGGACCAGT,17,3097809
rcsBp2,1.7894736842105263,51,18,CAGCCGAACGCGGCGTATCT,33,3083771
rcsBp2,0.3684210526315789,24,18,CAGATGTGGGCACGCCTGTG,6,3091633
rcsBp2,0.21052631578947367,21,18,CACTTGCGCTGACGCTGACA,3,3091535
rcsBp2,0.2631578947368421,22,18,CACTTGCGCACTCTGCTGGT,4,3101781
rcsBp2,1.736842105263158,50,18,CACTTCCGATGAACTACTTA,32,3098868
rcsBp2,0.6842105263157895,30,18,CACTCTAGGTTCTCGAACTA,12,3093218
rcsBp2,0.6842105263157895,30,18,CACGTTGGGAAGTCTTCGCT,12,3079074
rcsBp2,4.842105263157895,109,18,CACGGGCCTCGATCTGCGTG,91,3085254
rcsBp2,3.3684210526315788,81,18,CAATGCTAGGTCACTTTATC,63,3102992
rcsBp2,1.3157894736842106,42,18,CAATGAGAGGAACGGGTTTT,24,3090027
rcsBp2,0.6842105263157895,30,18,CAAACTGGCAAGATCCAGCC,12,3111930
rcsBp2,0.10526315789473684,19,18,ATTCTCCAAAACAAAAGACA,1,3115703
rcsBp2,5.052631578947368,113,18,ATTACCCCTCGAAGATTGTG,95,3074993
rcsBp2,1.894736842105263,53,18,ATGTTGCTGTCAGAGAACGT,35,3102696
rcsBp2,3.0526315789473686,75,18,ATGACTGAGTACGGGCCGTA,57,3098998
rcsBp2,0.631578947368421,29,18,ATCGATCAGTAAATCGTACT,11,3104106
rcsBp2,0.10526315789473684,19,18,ATCAGGGTTAAACGCATAGG,1,3111958
rcsBp2,0.47368421052631576,26,18,AGTTCTCATAGTTCCTAGAT,8,3117273
rcsBp2,5.2105263157894735,116,18,AGGTTGAGAGCGCCATTCTG,98,3080281
rcsBp2,0.6842105263157895,30,18,AGGGTCGTAAATGGGTGGCT,12,3098426
rcsBp2,0.47368421052631576,26,18,AGGGGATGTACTGATTCTCA,8,3079673
rcsBp2,2.4210526315789473,63,18,AGGCCGGTCGTGTTACGCAG,45,3079707
rcsBp2,1.5263157894736843,46,18,AGGAAATCCTAAGACCGCCA,28,3081195
rcsBp2,6.052631578947368,132,18,AGCGTGGCCGCCAGTGTCGG,114,3115158
rcsBp2,3.3157894736842106,80,18,AGCCGCACGACTTCAGTGAG,62,3101048
rcsBp2,0.8421052631578947,33,18,ACTGACTATCGTCGCCAAAC,15,3083163
rcsBp2,1.105263157894737,38,18,ACTCGTCTCAGGGTCAGATT,20,3104668
rcsBp2,0.6842105263157895,30,18,ACTAGGAATGCCGGCAGCTG,12,3079437
rcsBp2,1.0526315789473684,37,18,ACGTACCACACGTAGAGACG,19,3101584
rcsBp2,2.3157894736842106,61,18,ACGCTGTATCCGGTGAGGTC,43,3097430
rcsBp2,2.263157894736842,60,18,ACGATTTGGGCATAATTGGA,42,3115106
rcsBp2,3.1578947368421053,77,18,ACAGGCCTCATGTTCCTTTT,59,3083848
rcsBp2,5.578947368421052,123,18,ACACGTAGCTGATCCGGATG,105,3080663
rcsBp2,1.368421052631579,43,18,ACAACTGGGCCTATGAAAGT,25,3089802
rcsBp2,0.15789473684210525,20,18,AATGTGGTTGATCACCATTC,2,3107112
rcsBp2,0.5789473684210527,28,18,AATGCATTCTACAAGGGCTA,10,3086392
rcsBp2,0.7368421052631579,31,18,AAGCGCCAGATCCGGTGGGC,13,3098813
rcsBp2,0.631578947368421,29,18,AACTGCCCTTGACGAACTGG,11,3110101
rcsBp2,0.5789473684210527,28,18,AACTCTAGCCAGGGGTTAAT,10,3111925
rcsBp2,0.2631578947368421,22,18,AACTAAGCGCTAGTTGATTT,4,3086133
rcsBp2,5.7894736842105265,127,18,AACACAGGGCCAAGGATAAT,109,3085902
rcsBp2,1.3157894736842106,42,18,AAATCTGAGCACTGATTTGA,24,3112817
rcsBp2,0.10526315789473684,19,18,AAAGGGCGCGACATGGTACC,1,3077859
rcsBp2,1.368421052631579,43,18,AAAGCGCGATAAGGTGTAAG,25,3088740
rcsBp2,1.263157894736842,41,18,AAACCCCTGGTAAGGAAGTT,23,3078942
rcsBp2,1.8421052631578947,52,18,AAACCCCCAATTTGCCCACA,34,3076231
rcsBp2,0.10526315789473684,19,18,AAAACAACCAAGGCGGGAAC,1,3084251
rcsBp2,1.5789473684210527,47,18,AAAAAGCTAGTATTTGGCCT,29,3106149
rcsBp2,1.0526315789473684,37,18,AAAAAAAGAGTAGGAGCCAA,19,3119761
rcsBp2,1.8888888888888888,50,17,TTTTGCTCTTCAGGCGTGAC,33,3113393
rcsBp2,0.2222222222222222,20,17,TTTCTCGGCTATCGAAATCT,3,3089330
rcsBp2,1.0,34,17,TTTCAGGAGATAGGGCGCTA,17,3079389
rcsBp2,1.7777777777777777,48,17,TTGTAACCAACGAGACGCAG,31,3083061
rcsBp2,1.0555555555555556,35,17,TTGCCCGTTAGGTCCTTTGA,18,3087751
rcsBp2,0.1111111111111111,18,17,TTGACCTAGTTTTCAGCTTG,1,3118085
rcsBp2,0.6666666666666666,28,17,TTCCTGGTATAGGTCGTATT,11,3102172
rcsBp2,1.7222222222222223,47,17,TTCATCGTTTAAGTCGAAAG,30,3076476
rcsBp2,2.4444444444444446,60,17,TTACGTATCAAGATGTACTA,43,3083734
rcsBp2,0.5555555555555556,26,17,TGTTTAAGTACGGGGCACTT,9,3085113
rcsBp2,0.9444444444444444,33,17,TGTTCGAAAACGTTACGAAT,16,3086827
rcsBp2,1.6666666666666667,46,17,TGTACATGGAGCTTCGTGCA,29,3112682
rcsBp2,0.1111111111111111,18,17,TGGGCGCTACGAACAAACTC,1,3077615
rcsBp2,0.16666666666666666,19,17,TGGATCATTGAAGGCTACCT,2,3111846
rcsBp2,0.5555555555555556,26,17,TGCTCTCTGAGCGACCTCAT,9,3099577
rcsBp2,0.7777777777777778,30,17,TGCTCAATTGCATCATGGCT,13,3088458
rcsBp2,1.2777777777777777,39,17,TGAGTTTTCAAAGCGGCGGA,22,3085742
rcsBp2,2.2222222222222223,56,17,TCTGGTTCCATTCCAGGATA,39,3081194
rcsBp2,1.8333333333333333,49,17,TCTATTTATGCTCGAAACCA,32,3082252
rcsBp2,1.5,43,17,TCTAGCCGTGTAGTTACTCT,26,3079045
rcsBp2,0.1111111111111111,18,17,TCGTTCATGCGGGGTCTCAG,1,3088445
rcsBp2,1.3333333333333333,40,17,TCGTATATCACGTCAGGCTA,23,3102258
rcsBp2,0.3333333333333333,22,17,TCGGAGACCCAGTCTATCGT,5,3118695
rcsBp2,3.2222222222222223,74,17,TCGCGGTTCCGCAGCGACCT,57,3094530
rcsBp2,1.2222222222222223,38,17,TCCGCTGCAGTGTCGTTCTA,21,3103842
rcsBp2,3.9444444444444446,87,17,TCCCACGTGCTTAAGGTGAA,70,3104133
rcsBp2,0.3333333333333333,22,17,TCATACGAATATAAATTGCT,5,3084538
rcsBp2,0.9444444444444444,33,17,TCAGCTTGGAGGGCCATCGG,16,3099688
rcsBp2,1.0555555555555556,35,17,TCACTTCGCCTTAACGCGGG,18,3089236
rcsBp2,0.6666666666666666,28,17,TCACGTCGTGATCTGGCCAG,11,3115487
rcsBp2,1.5,43,17,TCAACTCACAGGACTAGGTC,26,3105133
rcsBp2,0.8888888888888888,32,17,TCAAATAAGGATGAAGACGA,15,3093917
rcsBp2,1.0,34,17,TCAAACGATGGGTGGACGGC,17,3098183
rcsBp2,2.9444444444444446,69,17,TATGGCGTTTGCGCACCTGT,52,3086694
rcsBp2,0.7222222222222222,29,17,TATACCAAAGGTATCCAGTA,12,3117031
rcsBp2,0.6666666666666666,28,17,TATACAACAGCTGCGCTCTA,11,3083470
rcsBp2,2.611111111111111,63,17,TAGCCTTCTGAACAATGTCC,46,3091145
rcsBp2,0.1111111111111111,18,17,TACTATAAAGTTAAATTGGA,1,3095254
rcsBp2,3.611111111111111,81,17,TACCAGAGTATATGTCGGTG,64,3110231
rcsBp2,2.388888888888889,59,17,TAATTATGAGAAATTTCTGT,42,3090989
rcsBp2,4.222222222222222,92,17,TAATGTTGACGTCCTCGTGA,75,3074613
rcsBp2,0.1111111111111111,18,17,TAAATTCAAGTCTCCAACCT,1,3103768
rcsBp2,3.0555555555555554,71,17,TAAATCGACCTGTGATGCGG,54,3122780
rcsBp2,1.5555555555555556,44,17,GTTGGGTGCTACGCCAGCAA,27,3088704
rcsBp2,0.8888888888888888,32,17,GTGTTCATCCCAACATCAGG,15,3099442
rcsBp2,0.8333333333333334,31,17,GTGTGTTGGGACCCAGAGTG,14,3094407
rcsBp2,0.8333333333333334,31,17,GTGTCTTGTGAACTTTTTTG,14,3116135
rcsBp2,2.5,61,17,GTGGCGTGTTTACCTGTCGG,44,3076748
rcsBp2,0.3333333333333333,22,17,GTGATCGGACTATACGGATT,5,3095321
rcsBp2,1.2777777777777777,39,17,GTGAGGCGGGTTACTCCACT,22,3101431
rcsBp2,2.2777777777777777,57,17,GTCGCTCGTCGGCCTATCCT,40,3116075
rcsBp2,1.1111111111111112,36,17,GTATAAATCCTACGTAAGGG,19,3080973
rcsBp2,0.8888888888888888,32,17,GTAGATGGCCGATCAATACA,15,3112579
rcsBp2,1.1111111111111112,36,17,GTACACGTTATAGGTAGCGG,19,3096083
rcsBp2,6.055555555555555,125,17,GTAAAGCCGGGAAACCTTGT,108,3091959
rcsBp2,0.7777777777777778,30,17,GTAAAACATACGCTTGCAAC,13,3085396
rcsBp2,0.9444444444444444,33,17,GGTTCTGGTTTGGACCGGTG,16,3076672
rcsBp2,0.2222222222222222,20,17,GGTTCCCGCTTGCTTTGACA,3,3108571
rcsBp2,0.6111111111111112,27,17,GGTAAAGCGTGCCTTCGATA,10,3083955
rcsBp2,1.2777777777777777,39,17,GGGCTTGGTCTTTATTGCCA,22,3087617
rcsBp2,0.2222222222222222,20,17,GGCGCGGTAAGCACAAGCGA,3,3081029
rcsBp2,2.2777777777777777,57,17,GGCATGTGGCGCCTAACATT,40,3077452
rcsBp2,2.1666666666666665,55,17,GGAATTGGTCGGTCCAAGGT,38,3121417
rcsBp2,1.0555555555555556,35,17,GCTGACTGCCGTTATGTAAA,18,3086064
rcsBp2,1.0,34,17,GCTGAAAATCAAAAGGCCTT,17,3092396
rcsBp2,2.388888888888889,59,17,GCTCATGCATGATCAAATAG,42,3112699
rcsBp2,1.9444444444444444,51,17,GCTAGACCTGCGGAGGCGGC,34,3082548
rcsBp2,0.8888888888888888,32,17,GCGGGTTTCGAATTCATAGG,15,3104953
rcsBp2,2.3333333333333335,58,17,GCGGGGGATTACAACATACT,41,3119835
rcsBp2,1.5,43,17,GCGGCTTAACCATTCCCCCC,26,3088321
rcsBp2,3.2777777777777777,75,17,GCCCGGTGGCACACGTTCTT,58,3098228
rcsBp2,1.9444444444444444,51,17,GCCCAATCACAAATACTGTA,34,3092512
rcsBp2,0.8888888888888888,32,17,GCCATCGTGCACAGCTCGGT,15,3121727
rcsBp2,0.1111111111111111,18,17,GCCAGGGGACTCCGAATGAC,1,3108985
rcsBp2,1.3333333333333333,40,17,GCACGATAAAGTGGTGCAAT,23,3088463
rcsBp2,1.3333333333333333,40,17,GCAATTACAAACGGTATTAA,23,3100168
rcsBp2,3.0,70,17,GCAAGGAGATTAGGTTTTCA,53,3078661
rcsBp2,4.055555555555555,89,17,GCAAGAAGAAGATTGTTATA,72,3110241
rcsBp2,1.9444444444444444,51,17,GATATACCCAGGAAACAAAA,34,3113476
rcsBp2,2.6666666666666665,64,17,GATAGGGACCTTCATCTGTC,47,3076181
rcsBp2,1.0555555555555556,35,17,GATAAGTGTATTCTCAGATA,18,3112014
rcsBp2,1.0,34,17,GAGTGTCCGGGTTCACAACG,17,3082422
rcsBp2,3.2777777777777777,75,17,GAGGGGGCAAATCTCACCAA,58,3105692
rcsBp2,0.7222222222222222,29,17,GACTAACCGATAGATGACCA,12,3101701
rcsBp2,1.8888888888888888,50,17,GACCACCGGGCAGCGCGCAT,33,3087028
rcsBp2,0.7222222222222222,29,17,GACACGATGTCCGGCATCTA,12,3120020
rcsBp2,3.0,70,17,GACACGAGGTGGGTGAACAG,53,3081943
rcsBp2,2.0555555555555554,53,17,GAATTAACTGCGGCGGCAAG,36,3078197
rcsBp2,3.7222222222222223,83,17,GAAGGTTCAGTTATGGTTAC,66,3090023
rcsBp2,1.3333333333333333,40,17,GAAGCGCATCCATTGGGTCC,23,3108861
rcsBp2,1.7777777777777777,48,17,GAACTTACACTGCTCATAAG,31,3115190
rcsBp2,0.3888888888888889,23,17,GAACATCCGAGGAATATTAT,6,3083883
rcsBp2,1.4444444444444444,42,17,GAACAGTCCATACAGGAGAA,25,3100039
rcsBp2,1.2222222222222223,38,17,GAAATGGTAGGTTTAATTAG,21,3080049
rcsBp2,1.3333333333333333,40,17,CTTGTTCCGTGCCACTTCCA,23,3112019
rcsBp2,3.5,79,17,CTTGCACAAATCTGGATGTG,62,3082924
rcsBp2,3.1666666666666665,73,17,CTTAGGTGTGCGCTCGGCTT,56,3091205
rcsBp2,1.6666666666666667,46,17,CTTAGAGGTTTAACGAAGGT,29,3086914
rcsBp2,0.7222222222222222,29,17,CTGCTCTGCCGGCCGGGGCC,12,3118114
rcsBp2,0.3333333333333333,22,17,CTCTTGCTTCGGGGGGTCAT,5,3114955
rcsBp2,0.6111111111111112,27,17,CTCTACGCGCGATAGTCTCG,10,3110573
rcsBp2,1.0555555555555556,35,17,CTAGGTTTTCCCAAAAACTT,18,3110606
rcsBp2,2.8333333333333335,67,17,CTACACCTGGGGGCGAACAG,50,3115319
rcsBp2,4.944444444444445,105,17,CTACAAAGGCTAGTGCTAGG,88,3102409
rcsBp2,1.1111111111111112,36,17,CTAATACTATCCATATTCAT,19,3106767
rcsBp2,0.16666666666666666,19,17,CGTTTCGGTGGTGGATCTAG,2,3116327
rcsBp2,0.4444444444444444,24,17,CGTTGGTGCTTATCGGATTA,7,3104620
rcsBp2,1.6666666666666667,46,17,CGTCAATGCACGGCGGGATG,29,3095569
rcsBp2,0.1111111111111111,18,17,CGTATGAGCGTCAGACCCCG,1,3108464
rcsBp2,0.16666666666666666,19,17,CGTATCTAAGATGGGCTGAC,2,3089221
rcsBp2,0.2777777777777778,21,17,CGGGCGCAATGCGGCACACC,4,3096099
rcsBp2,0.5,25,17,CCTGCGTATCCGCCGCCATG,8,3084586
rcsBp2,1.2777777777777777,39,17,CCGGCTGGGCAAGTGTAGGC,22,3090228
rcsBp2,1.2777777777777777,39,17,CCGCCAGTTCTACTTGCAAA,22,3119950
rcsBp2,1.0,34,17,CCCTCTTCGTGGATTCACGC,17,3103626
rcsBp2,0.16666666666666666,19,17,CCCATATGATCGTCGGGAGG,2,3087905
rcsBp2,1.1111111111111112,36,17,CCATTTATTGGAGCTCAACC,19,3105751
rcsBp2,3.7222222222222223,83,17,CCAATTCCCTCGAGGTTAGG,66,3084587
rcsBp2,0.7777777777777778,30,17,CATTGGGATGAGCAAACTTG,13,3079301
rcsBp2,4.0,88,17,CAGACTTGCACTTTCGATTT,71,3115188
rcsBp2,2.0,52,17,CACTCCACGCGCGCATTGCG,35,3091170
rcsBp2,0.7777777777777778,30,17,CAACGGACCCTGCGAGTTGG,13,3102791
rcsBp2,0.4444444444444444,24,17,ATTTAATCGATCTGCGGATC,7,3122459
rcsBp2,0.1111111111111111,18,17,ATGATGACTACCTGTCTTAG,1,3089552
rcsBp2,1.6666666666666667,46,17,ATGAGGTGTTTAATTTGTCG,29,3114247
rcsBp2,0.1111111111111111,18,17,ATCGGTGCATTGTGTGGCCT,1,3121265
rcsBp2,3.0555555555555554,71,17,ATCCATCCGTGGATGCAGCG,54,3084333
rcsBp2,1.6666666666666667,46,17,ATCACCACTGTAGAAGAGTG,29,3099199
rcsBp2,1.2222222222222223,38,17,ATACGCTGTGCCCAGTGGAT,21,3089450
rcsBp2,3.888888888888889,86,17,ATAACTATCTTCTATGGGCT,69,3095858
rcsBp2,0.8888888888888888,32,17,ATAAAGATCCCACAAGCCGT,15,3121728
rcsBp2,1.2222222222222223,38,17,AGGGGATCAAAGTAAAGCAG,21,3121500
rcsBp2,4.0,88,17,AGGGCTGCCTTGGACGACGT,71,3090311
rcsBp2,0.3888888888888889,23,17,AGGGAGAGCGGCGCTGGAAA,6,3096432
rcsBp2,7.5,151,17,AGGATTTATCACTGTGAGAA,134,3099561
rcsBp2,1.1111111111111112,36,17,AGGAGGCGAGCCAGAAAGGT,19,3100504
rcsBp2,1.7222222222222223,47,17,AGCGTTATCGCGGAGCGTGG,30,3091161
rcsBp2,0.6666666666666666,28,17,AGCGTGAGGTGTGTCAGGTG,11,3088351
rcsBp2,2.5,61,17,AGCCGACGTTCCGTCACCGA,44,3120240
rcsBp2,1.1666666666666667,37,17,AGATTAGGGCTGAGCAGAAA,20,3097237
rcsBp2,2.1666666666666665,55,17,AGATGGTTTTTAAACTGAAT,38,3080622
rcsBp2,2.1666666666666665,55,17,AGAGTTTCGCGGATACAGGA,38,3114276
rcsBp2,2.9444444444444446,69,17,ACTTTCCCGGCCACGGAGTT,52,3101630
rcsBp2,4.333333333333333,94,17,ACGTCATGGTAATATGGCCA,77,3083084
rcsBp2,1.0,34,17,ACGTACGTTTTTCAGGTAAT,17,3098769
rcsBp2,1.2222222222222223,38,17,ACCTTTTTACTAGCACGCTG,21,3081595
rcsBp2,0.8888888888888888,32,17,ACCTTTTGTTTTTCCGGACT,15,3083518
rcsBp2,0.1111111111111111,18,17,ACCTACAATCTCGTCTACGC,1,3075808
rcsBp2,1.0555555555555556,35,17,ACCGGTATGTATTCGTATTA,18,3094105
rcsBp2,1.0555555555555556,35,17,ACCATATCGAATAGGTACTA,18,3102472
rcsBp2,2.7777777777777777,66,17,ACATCTGACATCGGGTGTTG,49,3111116
rcsBp2,1.1666666666666667,37,17,AATCTGAACGGTCAACGTCA,20,3102373
rcsBp2,1.9444444444444444,51,17,AATCGGGGCAAAGGGTTGCA,34,3100398
rcsBp2,3.111111111111111,72,17,AAGTTTATATCTGGCCAGTT,55,3077348
rcsBp2,0.1111111111111111,18,17,AAGGTGGGTCCATTTTATGT,1,3091611
rcsBp2,1.9444444444444444,51,17,AAGGTGACCAGCGGATGCCT,34,3102098
rcsBp2,2.6666666666666665,64,17,AAGCACAATTACCAAAGAGA,47,3105940
rcsBp2,1.2777777777777777,39,17,AAGACCGAGAATATTCATGA,22,3116050
rcsBp2,0.9444444444444444,33,17,AACTTCGGCGTGAGCAGCTA,16,3093546
rcsBp2,2.3333333333333335,58,17,AACTGAGCGTCGAAGTTGAA,41,3105920
rcsBp2,0.16666666666666666,19,17,AACCCGGCATAAGCACCGAC,2,3122054
rcsBp2,1.5,43,17,AAATCTCAATGGTGTTTCCC,26,3091966
rcsBp2,0.2777777777777778,21,17,AAATCTAATGACCCTGAACT,4,3119465
rcsBp2,2.3333333333333335,58,17,AAAGTTGGCTTCAAGTAGGC,41,3098812
rcsBp2,1.6111111111111112,45,17,AAAGCCTGCCTGCAGCCTGG,28,3096689
rcsBp2,2.4444444444444446,60,17,AAACCGATAGTAAAGTGGTT,43,3091370
rcsBp2,1.7777777777777777,48,17,AAACAAGAAGCTGGGTACAG,31,3114339
rcsBp2,1.8333333333333333,49,17,AAAATTTTAAGCCAAAGAGA,32,3118394
rcsBp2,1.1666666666666667,37,17,AAAATTGTACACGCGACCAC,20,3110363
rcsBp2,0.11764705882352941,17,16,TTTGCCAACTCGTACCGGTA,1,3073980
rcsBp2,0.29411764705882354,20,16,TTTCGCGAAGTCCCTTTGTC,4,3075512
rcsBp2,1.1176470588235294,34,16,TTTAGAAGCAATCCTTGTTT,18,3110574
rcsBp2,1.8823529411764706,47,16,TTTAAAGGCCAAGTGGGGAG,31,3098492
rcsBp2,1.8823529411764706,47,16,TTGCGATCAACCACCAGGAC,31,3102514
rcsBp2,1.2941176470588236,37,16,TTCTAGTGAGCGTACTGATG,21,3112516
rcsBp2,0.8235294117647058,29,16,TTCCAGGGTTTTTCCGTTCA,13,3077851
rcsBp2,1.588235294117647,42,16,TTATCTGGTTGTTATAATTA,26,3097439
rcsBp2,1.411764705882353,39,16,TTAGTTATTGTCGTCTCAAT,23,3080596
rcsBp2,5.0588235294117645,101,16,TTAGACAGGCGGGATATCAA,85,3105103
rcsBp2,2.1176470588235294,51,16,TTAAATCAGGTCTTCCGGTA,35,3120043
rcsBp2,0.11764705882352941,17,16,TGTTTATGCGCTCGAGAATC,1,3095810
rcsBp2,0.23529411764705882,19,16,TGTTCGATCGACCGACGAAC,3,3119043
rcsBp2,0.29411764705882354,20,16,TGTTAAGCCTAGCGTTCAGT,4,3088457
rcsBp2,1.2352941176470589,36,16,TGTTAAGAACCTAGAGAGTT,20,3082878
rcsBp2,3.1176470588235294,68,16,TGTTAAAGAGGACTCCTATA,52,3094752
rcsBp2,0.35294117647058826,21,16,TGTGCCCAGTCGTTCGTGGA,5,3117928
rcsBp2,0.47058823529411764,23,16,TGTCGAGTGTAAAATGTCGT,7,3093427
rcsBp2,1.4705882352941178,40,16,TGTCAGTTCTGGTAGTCGCA,24,3102290
rcsBp2,0.8235294117647058,29,16,TGTACCCCTCAATCATCTGC,13,3111055
rcsBp2,1.2352941176470589,36,16,TGGCGTGGGCTTCTGTGCGT,20,3075974
rcsBp2,1.8823529411764706,47,16,TGAAGCAAGGATCCTGCGAG,31,3087504
rcsBp2,0.11764705882352941,17,16,TCTTGTGTGCTTGTTGGCAT,1,3101360
rcsBp2,0.5882352941176471,25,16,TCTTGCAGAACTCCAGGGAA,9,3093124
rcsBp2,2.1176470588235294,51,16,TCTTGAACAGGAAACGTAAT,35,3086502
rcsBp2,0.7647058823529411,28,16,TCTGGAGATGCACGCGGGGA,12,3103668
rcsBp2,0.4117647058823529,22,16,TCTACCGAGTAGCACAGACT,6,3083996
rcsBp2,1.4705882352941178,40,16,TCGCCCTCGCCTCTTGGCAT,24,3087601
rcsBp2,6.0,117,16,TCAGGCTTGATTGCCAAACT,101,3074199
rcsBp2,1.3529411764705883,38,16,TCAGGCAAGCGGCAAATTAC,22,3095913
rcsBp2,4.117647058823529,85,16,TATTTTCTTCGAGACCGAAT,69,3084876
rcsBp2,1.2941176470588236,37,16,TATTCTCCCACTCATGATAG,21,3076343
rcsBp2,0.5294117647058824,24,16,TATGGTAACTATGTTGGTCT,8,3101144
rcsBp2,2.235294117647059,53,16,TATAAGGTGCACGGCGCGGT,37,3116391
rcsBp2,1.0588235294117647,33,16,TAGATATCGCGCAACTCGCA,17,3074450
rcsBp2,3.7058823529411766,78,16,TAGAGCCCTTCTGTCGTCTA,62,3114829
rcsBp2,3.7058823529411766,78,16,TACTGAATCTTCCACAGAAA,62,3113294
rcsBp2,0.11764705882352941,17,16,TACTCGCTTCGGTAGGAAAC,1,3076065
rcsBp2,0.11764705882352941,17,16,TACTCAAGTTGCCCCCTTCA,1,3085558
rcsBp2,1.2941176470588236,37,16,TACTATTATGGTTTAAGGAC,21,3102441
rcsBp2,2.0,49,16,TACGACTCTTGGCTTCACAC,33,3088504
rcsBp2,1.1176470588235294,34,16,TAAGTATATTTTGGTATAGA,18,3087282
rcsBp2,0.7647058823529411,28,16,GTTGGTTGTCCGAGTGATCG,12,3092122
rcsBp2,1.3529411764705883,38,16,GTGTAAATGGCGCGATACCG,22,3094229
rcsBp2,3.764705882352941,79,16,GTGGTTCGTCCTGCGATAAT,63,3102532
rcsBp2,0.11764705882352941,17,16,GTGGAATATCCCTTGGAAGT,1,3098203
rcsBp2,1.7058823529411764,44,16,GTCCGATCATATACCGCTTT,28,3120447
rcsBp2,1.7647058823529411,45,16,GTCATCTGTAAGGTGCGTGT,29,3111058
rcsBp2,0.4117647058823529,22,16,GTATGCCGTCTAGATTGCCT,6,3122137
rcsBp2,2.5294117647058822,58,16,GTATGATAGCTGCAGCCCTA,42,3107408
rcsBp2,0.17647058823529413,18,16,GTAATTTCTCGGACACCGGG,2,3084939
rcsBp2,0.7647058823529411,28,16,GTAAAGAGGATTACGGTAAG,12,3105453
rcsBp2,0.11764705882352941,17,16,GGGTCTGCCGCAACGGTTTA,1,3091414
rcsBp2,1.4705882352941178,40,16,GGGTATTGCCCCTCGTCCTC,24,3122138
rcsBp2,1.0588235294117647,33,16,GGGAGGACATAGGGGGGATG,17,3099416
rcsBp2,4.117647058823529,85,16,GGCCGATGATCGCATAACAT,69,3095950
rcsBp2,0.11764705882352941,17,16,GGATTTCTCCAAATCACTAT,1,3109001
rcsBp2,1.8823529411764706,47,16,GGATGAAACACTCGGTCGGG,31,3077785
rcsBp2,1.7647058823529411,45,16,GGAGAATATGAATTGAACCG,29,3076483
rcsBp2,1.5294117647058822,41,16,GGAACATACGCGACCCTGGA,25,3077498
rcsBp2,0.7058823529411765,27,16,GCTGGACGTTGGGGAGGGGA,11,3114429
rcsBp2,1.6470588235294117,43,16,GCTGATCGTTCGCCCCTGAC,27,3088357
rcsBp2,0.11764705882352941,17,16,GCTAGCGCGTATGAATAAGT,1,3099983
rcsBp2,1.588235294117647,42,16,GCGACGTACTGTACCAACAT,26,3074401
rcsBp2,2.1176470588235294,51,16,GCGACATACACACCGTGTGT,35,3080821
rcsBp2,1.1176470588235294,34,16,GCCCTCGCTACCGACAGCGG,18,3092131
rcsBp2,1.588235294117647,42,16,GCCAAACAACAACCTGGGTA,26,3115996
rcsBp2,2.0,49,16,GCAGTTTGATCACTCACCTG,33,3077497
rcsBp2,0.6470588235294118,26,16,GCACAAAGCGCCTATGACAT,10,3107475
rcsBp2,0.23529411764705882,19,16,GATTGCGGTTGTGGGAGGAT,3,3089244
rcsBp2,2.823529411764706,63,16,GAGGGGTTCAGAGAGATCGG,47,3101763
rcsBp2,2.3529411764705883,55,16,GACTTCCTCTGACACGTGAT,39,3115925
rcsBp2,0.6470588235294118,26,16,GACCTACATCATTTAGCTAA,10,3082642
rcsBp2,1.2352941176470589,36,16,GAAGTACTTTCTATCGAATG,20,3090623
rcsBp2,1.0588235294117647,33,16,GAACCAGGGCCAGACTAACT,17,3089248
rcsBp2,0.7058823529411765,27,16,CTTCCGAGAAGCGCGCCTAA,11,3105802
rcsBp2,0.8235294117647058,29,16,CTGTCGGTCAGTTTTCGACA,13,3106588
rcsBp2,0.11764705882352941,17,16,CTGGCTTTGTACAAGTGGTA,1,3091015
rcsBp2,2.6470588235294117,60,16,CTGATGCGCTATCACGCATT,44,3094715
rcsBp2,2.9411764705882355,65,16,CTGACGCTGATGGCGGAGAA,49,3088028
rcsBp2,0.11764705882352941,17,16,CTCTTGCTAGAGAGTTGTAG,1,3109585
rcsBp2,2.764705882352941,62,16,CTCTTCACGTAGGTCAGTGT,46,3082117
rcsBp2,0.17647058823529413,18,16,CTCCCGTTTCGTCTTAGGGG,2,3110799
rcsBp2,1.4705882352941178,40,16,CTCACGTTCTATACAAAGCC,24,3077980
rcsBp2,1.2941176470588236,37,16,CTACTTACGCCAAGACTCAT,21,3080198
rcsBp2,1.6470588235294117,43,16,CGTTGTGGGTACAATTTACC,27,3105477
rcsBp2,1.5294117647058822,41,16,CGTCGCAGACCAGACCGATC,25,3081062
rcsBp2,0.11764705882352941,17,16,CGGGTCCGTGGCCTATACAG,1,3093757
rcsBp2,1.6470588235294117,43,16,CGGGCTAACACGTTTACCCT,27,3087715
rcsBp2,1.1176470588235294,34,16,CGGCTGCCATCCTTCACTTC,18,3092670
rcsBp2,1.3529411764705883,38,16,CGGCGCGTCGAATGGGTCCC,22,3096427
rcsBp2,2.3529411764705883,55,16,CGGCATAGGACGGGGGATGA,39,3119346
rcsBp2,1.1176470588235294,34,16,CGCTGGTGAATCCTAGGCAT,18,3110300
rcsBp2,1.2941176470588236,37,16,CGCTCGGAGCCCCAGGGAAC,21,3074213
rcsBp2,0.11764705882352941,17,16,CGCGAACGTGAAAGGCTTGA,1,3121421
rcsBp2,0.47058823529411764,23,16,CCTTCCACCAATAAAATGGT,7,3101521
rcsBp2,0.9411764705882353,31,16,CCTCTGAATAGGCGAAAGGT,15,3083676
rcsBp2,2.823529411764706,63,16,CCTATATCACGGTGCACCTA,47,3114633
rcsBp2,1.8235294117647058,46,16,CCCTACGAAACACCCTGCTC,30,3105384
rcsBp2,0.7058823529411765,27,16,CCCGAGGTTGTGCCCCCCGG,11,3111462
rcsBp2,1.5294117647058822,41,16,CATGCGAGAGCTTATTTCTT,25,3084156
rcsBp2,0.47058823529411764,23,16,CATCGATGTTCGTTTATTCA,7,3098019
rcsBp2,0.11764705882352941,17,16,CATCCCTGTACAGGCAGTAA,1,3086485
rcsBp2,0.5882352941176471,25,16,CAGTTCCATCGGACCGTGAG,9,3076475
rcsBp2,0.5294117647058824,24,16,CAGTTATATAGAAAACCTGA,8,3082777
rcsBp2,0.11764705882352941,17,16,CAGGGCGTAGCGGGATCGAA,1,3109136
rcsBp2,0.47058823529411764,23,16,CAGCACATGGAGTGAGCACG,7,3093374
rcsBp2,1.3529411764705883,38,16,CACACGGAGTCGATTTGACT,22,3111214
rcsBp2,0.4117647058823529,22,16,CACAACCCAGGGTCCCACTT,6,3081891
rcsBp2,1.5294117647058822,41,16,CAATCACGGTTGAAGCGAAA,25,3079191
rcsBp2,1.1176470588235294,34,16,CAAGTACTTTACTGAGGGTC,18,3083723
rcsBp2,0.8823529411764706,30,16,CAAGGCACAACGCCTAATCC,14,3086382
rcsBp2,0.11764705882352941,17,16,CAACACTACTCACGTGCAGA,1,3100140
rcsBp2,0.17647058823529413,18,16,CAACAAGAGTCTAATATTAT,2,3080275
rcsBp2,0.8235294117647058,29,16,CAAATGAGCGATAAGGAGGC,13,3079084
rcsBp2,4.529411764705882,92,16,ATTAAATTGCTGACGACAAC,76,3080773
rcsBp2,1.4705882352941178,40,16,ATCGCCCGTCATCTTGTGCC,24,3090929
rcsBp2,1.1176470588235294,34,16,ATAGGTTACAAGCCTAGTAC,18,3116594
rcsBp2,1.7647058823529411,45,16,ATACGTGTTTATCTGCTCGG,29,3105002
rcsBp2,1.5294117647058822,41,16,AGTCCACCCTGTGTCAAAGA,25,3102371
rcsBp2,2.3529411764705883,55,16,AGGCGCAGCACGCTCATCAA,39,3113404
rcsBp2,0.5294117647058824,24,16,AGGAGCGCTAGCAGGTGGTT,8,3114916
rcsBp2,0.47058823529411764,23,16,AGATGATCTTATGTGGAGGA,7,3116764
rcsBp2,1.8235294117647058,46,16,AGATCCGCCGTAACCTACTT,30,3099752
rcsBp2,1.0,32,16,AGACGAGGCACCTACGCACC,16,3086755
rcsBp2,1.0588235294117647,33,16,ACTCGGCAGTTCGTTAGCGT,17,3082637
rcsBp2,1.4705882352941178,40,16,ACTCGAGGTTTCGTGTGTCG,24,3092829
rcsBp2,2.6470588235294117,60,16,ACTAAACTCAGTCCTCATTT,44,3118334
rcsBp2,0.7058823529411765,27,16,ACGTAAGATGTTATATCTGC,11,3083779
rcsBp2,1.411764705882353,39,16,ACGCGAGACGAGCCTGTGTT,23,3108536
rcsBp2,0.11764705882352941,17,16,ACGAGGTGCGACAAAAGGCT,1,3081249
rcsBp2,1.8235294117647058,46,16,ACGAATGTTGTCTACTTAGC,30,3093963
rcsBp2,2.588235294117647,59,16,ACCTGGACGAGGTTACAGTG,43,3084100
rcsBp2,1.2941176470588236,37,16,ACCTCCGATCCACCACATAC,21,3108844
rcsBp2,1.8235294117647058,46,16,ACCCGTCGCCGACTTAAACT,30,3094570
rcsBp2,0.8823529411764706,30,16,ACCCATTTCGGGCTTCTAGT,14,3121620
rcsBp2,1.5294117647058822,41,16,ACCAAGCTGCCATGAACACT,25,3119850
rcsBp2,0.7058823529411765,27,16,ACATTGGACTTCGTCTGCGA,11,3100533
rcsBp2,5.9411764705882355,116,16,ACATGGCGATGGTAGAGTCT,100,3081677
rcsBp2,0.11764705882352941,17,16,ACACCTATGTGGCGCGTACT,1,3094769
rcsBp2,2.4705882352941178,57,16,ACAAGGGAGCTCAGGTGTAG,41,3091276
rcsBp2,0.47058823529411764,23,16,AAGCCAGGGTAGGGTGTCGT,7,3078984
rcsBp2,0.8823529411764706,30,16,AACTCATGCCGTCAGGCCCT,14,3103506
rcsBp2,2.5294117647058822,58,16,AACCCACCTTGTTTGAACCT,42,3077694
rcsBp2,2.1176470588235294,51,16,AAAGGTCTGCTGTGACGCCA,35,3109653
rcsBp2,3.0,62,15,TTTGTAGTGCAACCAGGAAA,47,3097822
rcsBp2,0.4375,21,15,TTGGTTCACATCATTCACAA,6,3115451
rcsBp2,2.0,46,15,TTCAGCAGATTCGAACCCCA,31,3103089
rcsBp2,0.6875,25,15,TTATATGGTAATGCATTGAC,10,3096123
rcsBp2,0.5625,23,15,TGTGTCAGCTAAGCGTCTGT,8,3078422
rcsBp2,1.9375,45,15,TGTCGGGCGTTTGCGGGATT,30,3095322
rcsBp2,0.8125,27,15,TGTACGCTTTACCCATGTCT,12,3086136
rcsBp2,1.5625,39,15,TGTAAGGATCACCTTATCAG,24,3077743
rcsBp2,1.3125,35,15,TGGTAGTAATGTGACGACAA,20,3083985
rcsBp2,0.6875,25,15,TGGCTGGTGTGTGCCATTAA,10,3107984
rcsBp2,0.25,18,15,TGGCCAGCAATTGCCGTCGT,3,3119934
rcsBp2,1.5,38,15,TGGACAACGTAAACACGTCA,23,3094373
rcsBp2,0.125,16,15,TGCGCCATAAGATTTTCGCT,1,3108533
rcsBp2,2.4375,53,15,TGCCGCGCTACCGGATGCCC,38,3076147
rcsBp2,1.4375,37,15,TGATCCCGATACGATCCTCC,22,3096319
rcsBp2,1.6875,41,15,TGAGCCACAATATCGGATCT,26,3115443
rcsBp2,0.8125,27,15,TGAATCCAGGGGCGGTTTAT,12,3096470
rcsBp2,1.125,32,15,TCTGTCTATTGCCAGGGGTG,17,3077096
rcsBp2,0.8125,27,15,TCTGGGGCGGGAGATTGCCT,12,3116903
rcsBp2,2.5,54,15,TCTCCAGTCTGCACTGATCT,39,3112254
rcsBp2,0.125,16,15,TCTATATTAAGGCTCTTTGC,1,3119212
rcsBp2,0.5,22,15,TCGGATACACTACAGAACTA,7,3107830
rcsBp2,0.125,16,15,TCCCATTCGCGAGGTCATGT,1,3090452
rcsBp2,0.125,16,15,TCCATATTCACGGGCCAGAA,1,3105978
rcsBp2,1.0,30,15,TCATTTTCCCATCGTCCACA,15,3080239
rcsBp2,2.75,58,15,TCATAAAGGCGTATGAAGCA,43,3090283
rcsBp2,4.125,80,15,TCAGTTGGCGGGCGTATAAC,65,3102380
rcsBp2,0.125,16,15,TATGCGTTAACAGCGGTTGG,1,3081940
rcsBp2,3.375,68,15,TATCTTGTGGTGATCCTGAA,53,3104963
rcsBp2,9.375,164,15,TAGGTTGTACACAAGCCGGG,149,3107236
rcsBp2,2.25,50,15,TAGGAAGTTCCAGGTGGATG,35,3110969
rcsBp2,0.9375,29,15,TACCCAACGCCTAATGTTAC,14,3121459
rcsBp2,0.4375,21,15,TAATTAAGGTGTTACATCAA,6,3099065
rcsBp2,0.625,24,15,TAAGTGAACGTAGTGACAGT,9,3101075
rcsBp2,1.0625,31,15,GTTTGATCCGCACAACTAAT,16,3082325
rcsBp2,1.3125,35,15,GTTGTTTACGTGAAGGCTAC,20,3090872
rcsBp2,1.0625,31,15,GTTGGCACAAACCTTGGCAT,16,3122667
rcsBp2,1.375,36,15,GTTAGGACTTCGTGACAGGG,21,3088973
rcsBp2,1.3125,35,15,GTGGTCACGACGAAAATGTC,20,3081895
rcsBp2,0.125,16,15,GTGGGCTACGGACATACAAA,1,3092096
rcsBp2,1.3125,35,15,GTGCAATTTATAAGTTTCGA,20,3108714
rcsBp2,1.9375,45,15,GTCTGCATTAGCGTACCTAG,30,3075414
rcsBp2,2.0625,47,15,GTCTCCACATGCCTTTAAGG,32,3117601
rcsBp2,8.25,146,15,GTCGTCTGTACCCGGCCGGT,131,3113585
rcsBp2,3.5,70,15,GTCCTACCTAAATTATCGTA,55,3104667
rcsBp2,0.9375,29,15,GTCATACAGTCAAGCGATCT,14,3099745
rcsBp2,1.5625,39,15,GTCACTGGTCACTTGCGCCA,24,3083556
rcsBp2,1.875,44,15,GTATGCCCCACTTGAGCGTG,29,3104625
rcsBp2,2.5,54,15,GTACGGTTGTTATAGTTCAG,39,3094431
rcsBp2,2.6875,57,15,GTACGGGACGTCTATGGGCA,42,3092773
rcsBp2,1.6875,41,15,GGTTCATTGTGAGTTTGACG,26,3098146
rcsBp2,1.625,40,15,GGTGAGACACGATGGTGGGT,25,3086135
rcsBp2,0.9375,29,15,GGGGCGATCAAGTGTAGGCA,14,3079316
rcsBp2,0.125,16,15,GGGCGCTACGGAACAACGTC,1,3114188
rcsBp2,5.75,106,15,GGCTACATGAGAAGGGTAAT,91,3100451
rcsBp2,1.4375,37,15,GGCTAAGAATAAAGCGTTCT,22,3099564
rcsBp2,1.75,42,15,GGCAACTAGGAATGGCAGTA,27,3096322
rcsBp2,2.125,48,15,GGACAGTCATTTCAATAGCG,33,3087549
rcsBp2,2.125,48,15,GGACACGATACACGCATGCC,33,3111745
rcsBp2,2.4375,53,15,GGAACGCCTCCGTAGAAGAT,38,3077361
rcsBp2,1.5,38,15,GCTCTTCAGACTTAAGTTGT,23,3076933
rcsBp2,2.3125,51,15,GCTCGGTCCTGTCCTTACTT,36,3084378
rcsBp2,0.25,18,15,GCTCCGGGACTACCTAGGCA,3,3073807
rcsBp2,1.9375,45,15,GCGGTTCTCACCGCCCGCAT,30,3096977
rcsBp2,2.8125,59,15,GCGGTGCTGATTGTATCGAT,44,3099856
rcsBp2,1.375,36,15,GCGCCGTGCCACACGATGTG,21,3110370
rcsBp2,1.0625,31,15,GCCCAAGGACCGGCGAAACG,16,3087796
rcsBp2,2.75,58,15,GCAGTTACGCGCTCCCTGAT,43,3111177
rcsBp2,5.375,100,15,GATTCTTTTGTGAATTTAGA,85,3086838
rcsBp2,1.1875,33,15,GATTAGGGGGACTCCGGAAG,18,3106021
rcsBp2,0.4375,21,15,GATCCCTAGTTCCTGTACAC,6,3121235
rcsBp2,2.5625,55,15,GATCAATGGCTTTGTAAACA,40,3117286
rcsBp2,2.875,60,15,GACCTCGAATTGATGGCACA,45,3112529
rcsBp2,3.125,64,15,GACCGAAATTGCGGGGTTCG,49,3108423
rcsBp2,0.5,22,15,GAATATACGCGGGTTGAGAC,7,3106940
rcsBp2,0.1875,17,15,CTTTTAGAGACTCATAGGAC,2,3114466
rcsBp2,1.1875,33,15,CTTCCGGCACCAGTTTTTAA,18,3107839
rcsBp2,2.0,46,15,CTGCCAGGGGTAGTCTCTGG,31,3102578
rcsBp2,1.1875,33,15,CTGCACCCCGTATTATCCGC,18,3121374
rcsBp2,0.625,24,15,CTCTTCATGTGAGCTCAGGG,9,3090405
rcsBp2,1.375,36,15,CTCGCATGACGGTATAACAA,21,3099847
rcsBp2,2.3125,51,15,CTCCTAGTGCTCGGATGCAT,36,3088575
rcsBp2,3.3125,67,15,CTATTTGTTGACAATAGTTA,52,3079053
rcsBp2,3.5,70,15,CTATGGTTTTCCAACACGAG,55,3077493
rcsBp2,0.25,18,15,CTAGCACTTAAAACGCCAAA,3,3099310
rcsBp2,2.125,48,15,CTACGCATTCCAGGACATGC,33,3115004
rcsBp2,0.75,26,15,CGTTAATTCATCAAGAACAG,11,3074312
rcsBp2,2.125,48,15,CGTCCTAATGGATGCCTCAG,33,3093904
rcsBp2,0.875,28,15,CGGCGCAGATGGAACAATAG,13,3087487
rcsBp2,1.625,40,15,CGGCCCCCTTCTATTCGGAT,25,3089397
rcsBp2,0.3125,19,15,CGGAGCGCCTTCACTTAGAC,4,3084374
rcsBp2,0.125,16,15,CGGAGACTCAACCACCGGAC,1,3082869
rcsBp2,0.125,16,15,CGCTGCAATTGGTCTCTTTG,1,3080813
rcsBp2,1.1875,33,15,CGCGCAGGCTATTCGCTCTA,18,3087161
rcsBp2,0.5625,23,15,CGCCTTTGGTGAAGATAGCA,8,3080274
rcsBp2,0.8125,27,15,CGATGCCCCCGTGACAGTCC,12,3119897
rcsBp2,0.25,18,15,CGAGATCTCTGGGTGCAGAT,3,3087945
rcsBp2,1.0625,31,15,CGAAAATGGGGCTATCCCTT,16,3074215
rcsBp2,1.8125,43,15,CCTGTCTCCCAATCCCAAAT,28,3092828
rcsBp2,3.0625,63,15,CCTGTACGAGCTTTTCCATT,48,3119179
rcsBp2,0.9375,29,15,CCGTTGCTGGCACCCGGTAC,14,3113773
rcsBp2,0.25,18,15,CCGTGGCATGGAGGGCGTTA,3,3076875
rcsBp2,2.0,46,15,CCGTCCGGATTAGCTGGTCT,31,3098922
rcsBp2,3.3125,67,15,CCGGTCACGGTATGGTAACA,52,3102970
rcsBp2,2.5,54,15,CCCCTTATCGATTTACAGGC,39,3107002
rcsBp2,1.3125,35,15,CCCAGCCCTTCGCATAGCGA,20,3075760
rcsBp2,5.75,106,15,CCATCTCCAAAGCTGCTTAG,91,3089835
rcsBp2,2.5625,55,15,CCACCAAATCTAGACCTAGT,40,3084376
rcsBp2,0.1875,17,15,CATTCCATCATAACCTGCGC,2,3107948
rcsBp2,0.9375,29,15,CATGTTAATTCCCCTGTAAA,14,3090748
rcsBp2,0.125,16,15,CATCCGATGGAGAATCTTCT,1,3105986
rcsBp2,1.1875,33,15,CAGCTGTAACGGTAATGGAT,18,3091206
rcsBp2,2.625,56,15,CAGAGTTTACGGTGTACTGA,41,3090076
rcsBp2,4.25,82,15,CACCATATCTAGGGCTCTTG,67,3094183
rcsBp2,0.125,16,15,CACCACGGAGCTCTGGCTAA,1,3087645
rcsBp2,3.1875,65,15,CAACGGCATCGTACTCCTAA,50,3078147
rcsBp2,1.125,32,15,CAAAGCCAGCAACGATCTAC,17,3102379
rcsBp2,4.625,88,15,ATTTGGGTACGCGGATTTCT,73,3078195
rcsBp2,1.0,30,15,ATTCGTAGATGTGGAAGAGC,15,3102652
rcsBp2,3.4375,69,15,ATTCAATTTATAGGCACGAG,54,3080278
rcsBp2,1.3125,35,15,ATTATTAGTATCGAGCCGCC,20,3122781
rcsBp2,3.75,74,15,ATTAAGTATCGGACCAGTCC,59,3115203
rcsBp2,2.125,48,15,ATCTTGGTGTAGGGCGTTGC,33,3076143
rcsBp2,0.4375,21,15,ATCGGCCCAGCTTCGAATGT,6,3090836
rcsBp2,0.875,28,15,ATCGGAGAAAACACGCACCT,13,3121910
rcsBp2,0.375,20,15,ATACAGGCTAAGGATTAGAG,5,3106843
rcsBp2,0.375,20,15,AGTCTTCGACACGACATGTC,5,3116264
rcsBp2,2.8125,59,15,AGTCTACCCATTTGAGGTTG,44,3079261
rcsBp2,1.6875,41,15,AGTAATACAGGTAAACTGAT,26,3092888
rcsBp2,0.8125,27,15,AGGGTCGGTAACCGTGGGAG,12,3112137
rcsBp2,0.75,26,15,AGGGCTGGGCGGTGCGTACT,11,3088786
rcsBp2,1.4375,37,15,AGCGTCTTCCCTAAGCTTTC,22,3086758
rcsBp2,2.1875,49,15,AGCCCGGATACTCCATTAAG,34,3101212
rcsBp2,0.875,28,15,AGACACATTCCAGTCACATA,13,3089278
rcsBp2,1.75,42,15,AGAATCGCGTTTGAAACCCG,27,3092172
rcsBp2,0.375,20,15,ACTGGCTTCTTCGGCATCTC,5,3101256
rcsBp2,1.875,44,15,ACTACCACGTTCGCGGAAGT,29,3098766
rcsBp2,6.75,122,15,ACGTAAGCGGCCAGATTGAT,107,3095125
rcsBp2,1.125,32,15,ACGCCGGTTCCGCGGCTTTT,17,3121941
rcsBp2,0.875,28,15,ACCGGTCCTCTCTTCTCGGA,13,3119112
rcsBp2,1.125,32,15,ACCGAGGCGATAAACGTCGA,17,3117857
rcsBp2,1.0,30,15,ACCCTGACTTACTCAACTAG,15,3114455
rcsBp2,0.25,18,15,ACCCGTTCGAAGCGCACACT,3,3102759
rcsBp2,2.0625,47,15,ACCACTCCGACTCAGGTATG,32,3092484
rcsBp2,1.4375,37,15,ACCAACACTCCCGCTATGAG,22,3092875
rcsBp2,2.0,46,15,ACATGGGCAACCCCGCCGGG,31,3100272
rcsBp2,0.125,16,15,ACACGGGTGGCCAGGGATTT,1,3118467
rcsBp2,0.125,16,15,ACAATAACCAGAGGAGATGA,1,3075917
rcsBp2,1.8125,43,15,AATCCATTGCTTTTGGGAGC,28,3120567
rcsBp2,2.5,54,15,AATATTAGTGCTGATTGCGA,39,3092264
rcsBp2,1.25,34,15,AACTTGTGGGCTCTAGATCA,19,3108226
rcsBp2,1.875,44,15,AACGGGGTAACACATGACAT,29,3094773
rcsBp2,1.375,36,15,AACCCGCCGTGTGTCCCTTC,21,3112740
rcsBp2,1.75,42,15,AAATTCTTAAGGTGATCGTC,27,3074599
rcsBp2,1.5625,39,15,AAAGAACTTTAGGTCCGTAT,24,3082678
rcsBp2,0.125,16,15,AAACTCGCCACAAATGTATA,1,3099982
rcsBp2,0.3125,19,15,AAACTACCCAGTTTGTGGTA,4,3110245
rcsBp2,2.5,54,15,AAAATAGTTGGAGTCGGGTT,39,3116863
rcsBp2,1.75,42,15,AAAAGAATATGGCTCTCTCT,27,3086670
rcsBp2,1.0666666666666667,29,14,TTTTAGACATTACGCATGCA,15,3077504
rcsBp2,0.13333333333333333,15,14,TTTCCTGCCTCTCGGATTCC,1,3076260
rcsBp2,0.5333333333333333,21,14,TTTCCATCTCGTAGGGCTTA,7,3078761
rcsBp2,0.13333333333333333,15,14,TTTATGAGGGGTCTACACTT,1,3084588
rcsBp2,0.13333333333333333,15,14,TTGGGTCTAAAGCAGTTTCC,1,3097632
rcsBp2,0.26666666666666666,17,14,TTGGGCCCTTACCGTCATAT,3,3112013
rcsBp2,2.2,46,14,TTGACTCGCAACTTTACTGT,32,3099995
rcsBp2,0.7333333333333333,24,14,TTCGGGAGAGAGCAAATCAA,10,3114546
rcsBp2,1.1333333333333333,30,14,TTCCGTGGTATGTTTTGACT,16,3116457
rcsBp2,1.4,34,14,TTCATTTTTGCTAACAATAC,20,3091318
rcsBp2,1.0666666666666667,29,14,TTAAAATTTTGTTATTAGAT,15,3088797
rcsBp2,2.0,43,14,TGGTTAACGCATTTAGGGAT,29,3077238
rcsBp2,0.9333333333333333,27,14,TGGGTCGCGTACGGTAGCCT,13,3116590
rcsBp2,0.6,22,14,TGGGGACGATGCGTTAATCA,8,3082966
rcsBp2,0.8,25,14,TGGATGGGCCGATCGCACTG,11,3088073
rcsBp2,1.2,31,14,TGGAAAACCAAATAACGCCC,17,3112930
rcsBp2,0.6666666666666666,23,14,TGCGTAGATTGTTCTTGTAA,9,3107591
rcsBp2,1.6,37,14,TCTGCAGTCGCAAGTTGCTT,23,3074288
rcsBp2,1.2,31,14,TCTCCGTTTCGATGTTCCAT,17,3087756
rcsBp2,1.7333333333333334,39,14,TCTCAACAGGATTTGTCTAA,25,3114181
rcsBp2,2.3333333333333335,48,14,TCTAACGAGACCGCTTTCAA,34,3083673
rcsBp2,0.4,19,14,TCGTTCGGAACCAGCGCGTA,5,3103972
rcsBp2,0.13333333333333333,15,14,TCCTTTATAGGCGGTCACTT,1,3075673
rcsBp2,3.7333333333333334,69,14,TCATGCGTCCCCTTCTAGAA,55,3088616
rcsBp2,0.5333333333333333,21,14,TCAGATAACGAATCCGTAAT,7,3095252
rcsBp2,3.3333333333333335,63,14,TATTTCGGCATCATTCCTAT,49,3108144
rcsBp2,1.7333333333333334,39,14,TATTCTATTGTTAGCTATCA,25,3108300
rcsBp2,0.13333333333333333,15,14,TATGGTCAGCACCCTCAAGG,1,3102624
rcsBp2,2.8666666666666667,56,14,TAGGTGCTCTGAAGCTCCGT,42,3111617
rcsBp2,0.8666666666666667,26,14,TAGGCGCAGAACGGTTGAAC,12,3098097
rcsBp2,0.7333333333333333,24,14,TACGGAGGACAGCCGACATA,10,3091706
rcsBp2,6.333333333333333,108,14,TACGCGTGTTCGATACCAAT,94,3117833
rcsBp2,2.3333333333333335,48,14,TACAAACTATTTAAAGTCGC,34,3080424
rcsBp2,1.1333333333333333,30,14,TAATAAACTCTCAAAGACCG,16,3083190
rcsBp2,0.6,22,14,TAAGGTAACCAGTAGGAACG,8,3092813
rcsBp2,0.13333333333333333,15,14,GTTGTTCAGCCAGGGTCACC,1,3096334
rcsBp2,2.3333333333333335,48,14,GTTAAGATTCAAGTTACTTT,34,3091260
rcsBp2,1.8,40,14,GTGTTCCAAATGGATTGTAT,26,3086261
rcsBp2,1.4666666666666666,35,14,GTGTATATACGGAATCGACT,21,3115372
rcsBp2,2.3333333333333335,48,14,GTGGGGTCTAGCGATTGGTT,34,3112561
rcsBp2,1.2666666666666666,32,14,GTGGGATGGCTCACACTAAT,18,3117986
rcsBp2,1.7333333333333334,39,14,GTGCGTCGGTTCGAGGTAAT,25,3099627
rcsBp2,1.5333333333333334,36,14,GTCTGGCAAGGAGGATAGTA,22,3122849
rcsBp2,0.13333333333333333,15,14,GTCAGGCACATAACGCAGGC,1,3077754
rcsBp2,1.8,40,14,GGTTGACGCCAAGGCAACCT,26,3118400
rcsBp2,3.066666666666667,59,14,GGTCATGACTGGGACTTTGA,45,3080666
rcsBp2,0.13333333333333333,15,14,GGTCACCTCCCAGCCACCTC,1,3099293
rcsBp2,0.8666666666666667,26,14,GGTAGGGGTACCAAACCACT,12,3079266
rcsBp2,1.6,37,14,GGGAGGTTGTCGGTTAAGTT,23,3108866
rcsBp2,0.7333333333333333,24,14,GGGAGGAGCGGGTTATAAGT,10,3091090
rcsBp2,1.2,31,14,GGCCTGTCAGGTGGACGGTA,17,3107196
rcsBp2,0.13333333333333333,15,14,GCTTAACCTATTGACACGTT,1,3105137
rcsBp2,0.8666666666666667,26,14,GCTGCCAGGTGGCGGTCCGT,12,3118794
rcsBp2,0.4666666666666667,20,14,GCTCTGTGGATCGGTATAGT,6,3097276
rcsBp2,2.933333333333333,57,14,GCTAGTTTTAACTTCGTGGG,43,3108241
rcsBp2,0.4666666666666667,20,14,GCTAGCGCTCTGACCTCTTC,6,3103394
rcsBp2,1.2666666666666666,32,14,GCTAGACGCTTGTCGTAGAT,18,3103983
rcsBp2,3.533333333333333,66,14,GCGAGCGTTCGCTCAGTAAG,52,3116165
rcsBp2,1.2666666666666666,32,14,GCCCGAATCGGATCGAACGC,18,3095955
rcsBp2,1.4666666666666666,35,14,GCCATTCGAAGGCTGAAGTG,21,3086315
rcsBp2,0.13333333333333333,15,14,GATTCGGAGCCTTGATCATG,1,3098767
rcsBp2,0.4666666666666667,20,14,GATTATCTCTAGGTTTCGGG,6,3078633
rcsBp2,0.4666666666666667,20,14,GATAACGCGTTGGAGATGGA,6,3094009
rcsBp2,1.9333333333333333,42,14,GATAAACATACACGAGGAGG,28,3080485
rcsBp2,1.2666666666666666,32,14,GAGGCTCCTGACGTGGTGAT,18,3117932
rcsBp2,3.2,61,14,GAGCTCTACTTGTACGGAGG,47,3087183
rcsBp2,1.2666666666666666,32,14,GAGCCGTATGAGTTGAGTAA,18,3095145
rcsBp2,1.4666666666666666,35,14,GAGCCCCGCAGTGTGTGCAA,21,3094296
rcsBp2,0.3333333333333333,18,14,GAGAAAGGCTTCTATAAATT,4,3089402
rcsBp2,0.3333333333333333,18,14,GACGTAGGGTAGGTTCCAAG,4,3079034
rcsBp2,1.9333333333333333,42,14,GACGATCCTAATAAACCCCA,28,3076554
rcsBp2,3.0,58,14,GACGAACTTGAGTTGTACAC,44,3080848
rcsBp2,0.6,22,14,GAATCGTGATCCGGGATTCA,8,3110470
rcsBp2,1.8,40,14,CTTTTACAGGAAGTATATGT,26,3103633
rcsBp2,1.6666666666666667,38,14,CTGTCCAACGTCACGCCCCA,24,3097935
rcsBp2,1.7333333333333334,39,14,CTGCCTAGTGCAATATCGAG,25,3091882
rcsBp2,1.5333333333333334,36,14,CTGATAGGCCAGCGATAGTA,22,3104148
rcsBp2,1.1333333333333333,30,14,CTGAATGCCATCAGAGGCTG,16,3076420
rcsBp2,6.133333333333334,105,14,CTCTTTTTGTCGGGTTTCGG,91,3077458
rcsBp2,0.26666666666666666,17,14,CTCTGAGCGTTACGTACCGG,3,3091702
rcsBp2,2.2666666666666666,47,14,CTCTAGATTGCCTGGACAGT,33,3080408
rcsBp2,2.2,46,14,CTCCCGGCTCGTTGTGTATC,32,3086318
rcsBp2,0.8,25,14,CTCATCTGCTGTGCCACAGC,11,3094736
rcsBp2,0.4666666666666667,20,14,CTCAATTGGTGTTCCAGGTA,6,3116293
rcsBp2,4.733333333333333,84,14,CTCAAACGCATGCCACCATG,70,3089457
rcsBp2,0.4666666666666667,20,14,CTACGGATTCGACAGAGCCT,6,3076909
rcsBp2,0.9333333333333333,27,14,CTACCCTAGCACAGAGTGAG,13,3088781
rcsBp2,3.3333333333333335,63,14,CTAAGGCATCCGGCAAAAGT,49,3079071
rcsBp2,1.2,31,14,CTAACTGAGGAGGCGACTAG,17,3118258
rcsBp2,0.5333333333333333,21,14,CTAACGACACAAGATAGGTA,7,3099924
rcsBp2,2.0,43,14,CGTTCACAACGTGTAGCCTG,29,3087656
rcsBp2,1.6,37,14,CGTTATAATGGACCTACCAT,23,3103943
rcsBp2,0.7333333333333333,24,14,CGTTAGAGTACAATTCACAC,10,3084563
rcsBp2,1.9333333333333333,42,14,CGTATATATTTATGGTGATC,28,3084057
rcsBp2,2.2,46,14,CGGTAACGTCCGTGGCCGCT,32,3073880
rcsBp2,1.1333333333333333,30,14,CGGGGGTTTAAGGTCCTTTT,16,3095102
rcsBp2,4.266666666666667,77,14,CGGCATATTAATCGTCCAGA,63,3083305
rcsBp2,0.7333333333333333,24,14,CGCTGAATCGCCTTCCATCC,10,3111255
rcsBp2,0.26666666666666666,17,14,CGCGGGATCATTTTTCGACA,3,3090603
rcsBp2,0.4666666666666667,20,14,CGCCCTCGGTCTAGATGGAC,6,3084758
rcsBp2,1.5333333333333334,36,14,CGCACGGGTCACGAAAAATG,22,3088402
rcsBp2,0.6,22,14,CGATCAGCCTGCCAACATCT,8,3103878
rcsBp2,0.2,16,14,CGATAATAGTAAACAACAGG,2,3085862
rcsBp2,0.8,25,14,CGAGACACTACCTGATCATA,11,3121578
rcsBp2,0.13333333333333333,15,14,CGAGAAGTTGGCACCCCCGT,1,3109909
rcsBp2,2.8666666666666667,56,14,CCTTTAACGCATAATAGGTG,42,3117907
rcsBp2,1.2666666666666666,32,14,CCTTGAGATCACATCGGTCA,18,3118787
rcsBp2,5.333333333333333,93,14,CCTTGAAGTTCACGAGCCGG,79,3086469
rcsBp2,1.5333333333333334,36,14,CCTTCGACTTCCGGAATGTA,22,3094332
rcsBp2,1.5333333333333334,36,14,CCTCGCTGACCTAGACGGTA,22,3087333
rcsBp2,0.8,25,14,CCTCCGCGTATACGGGGTTC,11,3094008
rcsBp2,0.6666666666666666,23,14,CCTACATATGTCAGGAGCAT,9,3115376
rcsBp2,2.933333333333333,57,14,CCGGTGCAGCGAGTGCGTCC,43,3117980
rcsBp2,1.2666666666666666,32,14,CCGGCTCAGGCTTAAGAGGC,18,3075308
rcsBp2,1.6666666666666667,38,14,CCGCCGCTCTAGTTAAATAT,24,3122460
rcsBp2,0.5333333333333333,21,14,CCCTGGGTATTTACCAGGGT,7,3095396
rcsBp2,0.4,19,14,CCATCCACCTCCATGAGGAT,5,3078150
rcsBp2,0.8666666666666667,26,14,CCAGCTGCCATACTGACCAC,12,3095410
rcsBp2,2.6,52,14,CATTAAGGTCCATTACTAGA,38,3078963
rcsBp2,0.6666666666666666,23,14,CATTAAAGGAGCGTGAGTGG,9,3079262
rcsBp2,5.0,88,14,CATGCCTCAGAATACAATTG,74,3116629
rcsBp2,1.9333333333333333,42,14,CATGATCTGATACGTTTTCT,28,3109142
rcsBp2,1.4,34,14,CATGACACCCAAGAGCATCC,20,3110897
rcsBp2,1.6,37,14,CATGAAAGTACTAGGTGGAG,23,3081960
rcsBp2,5.333333333333333,93,14,CATACTCACCCATGTTATCT,79,3119760
rcsBp2,3.6,67,14,CATAAGTCCCTCTCGTTGCA,53,3076034
rcsBp2,4.933333333333334,87,14,CAGTCCATCGCCTGGTATCA,73,3116898
rcsBp2,3.066666666666667,59,14,CAGACGTGTCCAACCGTCAC,45,3086918
rcsBp2,0.9333333333333333,27,14,CACTTAGCTGCGTCAATTAG,13,3083204
rcsBp2,1.4666666666666666,35,14,CACTCACGTCTATAGTGGCA,21,3110572
rcsBp2,1.3333333333333333,33,14,CACTAAAACGGCCCCCGGGA,19,3078868
rcsBp2,0.13333333333333333,15,14,CACCTATCCCTAATTAGAAC,1,3090215
rcsBp2,0.13333333333333333,15,14,CACCGTGACCGATCAAAGTA,1,3077608
rcsBp2,0.4,19,14,CACATGGGGTGGTGTGTTAG,5,3093740
rcsBp2,0.8,25,14,CACAGCTCGCTTCGCGTCAT,11,3105719
rcsBp2,1.6666666666666667,38,14,CACAAGGGCATTATTGCCTA,24,3080458
rcsBp2,1.6666666666666667,38,14,CAATAGGAATGACAGGTGTA,24,3081673
rcsBp2,0.7333333333333333,24,14,ATTGCGCTACAGCTCACCGC,10,3102875
rcsBp2,1.8,40,14,ATTCTTGCGCACGGTCTGCG,26,3121023
rcsBp2,1.3333333333333333,33,14,ATTCGGCATAGCGGGAGGAT,19,3077902
rcsBp2,5.866666666666666,101,14,ATTCAAGGTCGATCCAAACA,87,3102102
rcsBp2,0.2,16,14,ATGCGTGGAAACATCAAGCC,2,3077097
rcsBp2,4.133333333333334,75,14,ATGCCTCCAATCCAGCTTGT,61,3092424
rcsBp2,2.7333333333333334,54,14,ATGATGAAGCCCGCCAGGTC,40,3115781
rcsBp2,2.3333333333333335,48,14,ATGATAAAAGAAATACGCAT,34,3121626
rcsBp2,1.2666666666666666,32,14,ATGAGAGGTTCGGCTAGCTG,18,3112505
rcsBp2,0.5333333333333333,21,14,ATGAAAACAGATCCGCACTT,7,3081577
rcsBp2,2.8666666666666667,56,14,ATCTTGCCGCAATAGCCTGG,42,3079819
rcsBp2,5.0,88,14,ATCTGAATTACCACTAGCTA,74,3098675
rcsBp2,0.13333333333333333,15,14,ATCGTTTTCACCGGAGGTAT,1,3085491
rcsBp2,1.4666666666666666,35,14,ATCGGCGGATTTACATTCCG,21,3085767
rcsBp2,1.4,34,14,ATCGCCTGTGAACAAATCCC,20,3085328
rcsBp2,2.3333333333333335,48,14,ATCAACCTCGGGTATTGGTA,34,3108836
rcsBp2,2.8,55,14,ATAGGTGACCGTCCATTGGA,41,3114177
rcsBp2,2.0,43,14,ATACTCGAGTCTCGTGGGCG,29,3111931
rcsBp2,4.6,82,14,ATACATTTGGATATCCCGCT,68,3098625
rcsBp2,0.7333333333333333,24,14,AGTGGCAAAATCCAGCCAAC,10,3094442
rcsBp2,1.2666666666666666,32,14,AGTGCTTCAGGTGAAGTGAT,18,3113237
rcsBp2,1.2,31,14,AGTAAGCCAATGTCCCCCAC,17,3100743
rcsBp2,1.0666666666666667,29,14,AGGTTGATTATGTCAAAGGG,15,3108162
rcsBp2,0.4,19,14,AGGTGGTTCAGTTCTGAAGC,5,3110446
rcsBp2,0.5333333333333333,21,14,AGGTGAAGCGTATGAGTGGA,7,3073991
rcsBp2,1.7333333333333334,39,14,AGGCCAAGTTCCTAACAACT,25,3087959
rcsBp2,1.5333333333333334,36,14,AGGATATTAGAGTCAGGTGA,22,3080020
rcsBp2,3.8666666666666667,71,14,AGCGGGGGACACGCCCTGCT,57,3105944
rcsBp2,1.7333333333333334,39,14,AGCACCTCCCATAACTAGGC,25,3087860
rcsBp2,4.2,76,14,AGATAGTCTTCACGTGTACC,62,3088092
rcsBp2,1.7333333333333334,39,14,AGAGAAAGGCATCCGCATGT,25,3105581
rcsBp2,0.9333333333333333,27,14,AGAATGGAGGTCTGACTCCA,13,3102299
rcsBp2,0.4666666666666667,20,14,AGAAGGCGTTTAGGCTTACA,6,3097162
rcsBp2,1.0666666666666667,29,14,ACTGCTCTCACAAGTAAGTC,15,3083272
rcsBp2,1.3333333333333333,33,14,ACTGAGATTCGGGGTCGAGC,19,3091064
rcsBp2,1.0666666666666667,29,14,ACTCAACGAGACCCGAGCTG,15,3116998
rcsBp2,2.6666666666666665,53,14,ACTAAGTACCAGTTGTAATC,39,3088707
rcsBp2,3.533333333333333,66,14,ACGGATATACACTGGGTCCA,52,3102103
rcsBp2,1.2666666666666666,32,14,ACGGAGGCTGAGTAGACTGC,18,3094776
rcsBp2,1.8,40,14,ACGCAACATTCATAAAGCCT,26,3080066
rcsBp2,4.866666666666666,86,14,ACGAGTAATAACCCGGAGAG,72,3078695
rcsBp2,2.0,43,14,ACCTTTGAGTTTGCTATCAT,29,3114904
rcsBp2,0.8,25,14,ACCTTGTTAAAGGGCGAGTC,11,3097305
rcsBp2,1.2666666666666666,32,14,ACATAGTGAGAAGAGTCCTT,18,3090492
rcsBp2,1.0,28,14,ACACGGGATGCCGTGCCGAG,14,3113492
rcsBp2,0.13333333333333333,15,14,ACAAAATCCCCACGACCCAT,1,3118527
rcsBp2,0.8666666666666667,26,14,AATTTAACGGGGACAGTTCT,12,3113746
rcsBp2,11.733333333333333,189,14,AATTGATATAAATACCGTTG,175,3099221
rcsBp2,0.5333333333333333,21,14,AATTCGGAACACTTGAATAT,7,3115785
rcsBp2,3.066666666666667,59,14,AATCGGACAGACCTCAGTAG,45,3102953
rcsBp2,3.2666666666666666,62,14,AATAAAAGAGAGTAGACAAT,48,3074530
rcsBp2,4.733333333333333,84,14,AAGGGAAGTTTCCCGGATGG,70,3115874
rcsBp2,0.3333333333333333,18,14,AAGCGAGGGACGTTTTCTAC,4,3118034
rcsBp2,1.0666666666666667,29,14,AAGCATGGTGCCGCTGATCA,15,3084562
rcsBp2,0.8,25,14,AAGCACAACGAGTATCTATA,11,3116853
rcsBp2,3.0,58,14,AACCGGTACGAATATGCTAG,44,3089392
rcsBp2,3.0,58,14,AACCGATCATGTACATATGG,44,3084566
rcsBp2,0.13333333333333333,15,14,AACACGTTAATATGTTGGCA,1,3075666
rcsBp2,1.0666666666666667,29,14,AAACGTGATCCTTACTTCAG,15,3109498
rcsBp2,1.0666666666666667,29,14,AAACGGAGGCTCGAACTCGT,15,3110097
rcsBp2,1.4,34,14,AAAAGGGATCTCAAGTCATC,20,3100754
rcsBp2,0.3333333333333333,18,14,AAAAGACTTTACGGATTGTA,4,3084483
rcsBp2,1.6428571428571428,35,13,TTTTGTCGTCTCATTGTTGG,22,3107877
rcsBp2,5.785714285714286,93,13,TTTTCGTTGTGCCCGAAGTA,80,3081297
rcsBp2,0.8571428571428571,24,13,TTTTATAAGACAAGTTATCC,11,3082603
rcsBp2,4.357142857142857,73,13,TTTGTGTTGCGTCTTATGTT,60,3091990
rcsBp2,0.21428571428571427,15,13,TTTGGGACAAAACTGGGCCT,2,3116768
rcsBp2,0.8571428571428571,24,13,TTGTGGCATCACCCACATAT,11,3077696
rcsBp2,0.14285714285714285,14,13,TTGTATTTGAGAAAATTCTT,1,3095184
rcsBp2,0.6428571428571429,21,13,TTGTAACGCGTATCGTCGAT,8,3118772
rcsBp2,0.14285714285714285,14,13,TTGGTAGTCTGGCAGTTGGT,1,3085664
rcsBp2,1.0714285714285714,27,13,TTGGTAGAGTAAAATAGTAT,14,3103674
rcsBp2,0.35714285714285715,17,13,TTGGCGACCGGAAGCGGGTC,4,3104877
rcsBp2,0.5714285714285714,20,13,TTGCAAAAGCCCCGCCGCCT,7,3106428
rcsBp2,1.3571428571428572,31,13,TTCTTCGATAGATCCTGTTT,18,3095668
rcsBp2,1.3571428571428572,31,13,TTCTGCGCTCCCAATAGAGA,18,3111302
rcsBp2,2.142857142857143,42,13,TTCTAAGAGCAAAGTGCCGG,29,3074087
rcsBp2,2.2142857142857144,43,13,TTCGGCCAGCATTACGCTCT,30,3119374
rcsBp2,1.0,26,13,TTCCACTTGCGGGAGATGTG,13,3097099
rcsBp2,0.8571428571428571,24,13,TTCCAAAAACGTCGCGCGGT,11,3077606
rcsBp2,4.357142857142857,73,13,TTCATTTACGGCACCCTGGA,60,3074424
rcsBp2,3.5714285714285716,62,13,TTCACATATGCAGTCCGCCA,49,3096145
rcsBp2,2.2142857142857144,43,13,TTAAGTCACGGTGAACGGTC,30,3105206
rcsBp2,0.14285714285714285,14,13,TTAACCTCCGCTCACGTCAG,1,3107315
rcsBp2,1.8571428571428572,38,13,TTAAATTGGCTCGGCGGGCG,25,3093076
rcsBp2,0.35714285714285715,17,13,TGTGCAAGTGATGGTTTTGG,4,3109655
rcsBp2,0.21428571428571427,15,13,TGGTATCGTTTAATAGAGTT,2,3085019
rcsBp2,0.8571428571428571,24,13,TGGTAAGAATCCCGGTTCAT,11,3098205
rcsBp2,1.6428571428571428,35,13,TGGGTCTAAGGGGACGTCGT,22,3085416
rcsBp2,1.7142857142857142,36,13,TGGGAACAGGCCGTTCATTG,23,3114947
rcsBp2,2.2142857142857144,43,13,TGCGGCATTCCCCTGAATTA,30,3094230
rcsBp2,2.7857142857142856,51,13,TGCGCTCCTATATTGCGTGA,38,3104626
rcsBp2,2.2142857142857144,43,13,TGCCATATTAGAGTGCAAGT,30,3076714
rcsBp2,1.6428571428571428,35,13,TGATCATTGCATGATTGGGA,22,3102988
rcsBp2,1.7142857142857142,36,13,TGACTCGAAAAGATCGTAGT,23,3084314
rcsBp2,1.2857142857142858,30,13,TGAAGGGGGTCTACGCCCCA,17,3081124
rcsBp2,0.14285714285714285,14,13,TCTACTGGCAGGACTGGTCT,1,3076179
rcsBp2,0.8571428571428571,24,13,TCGGTATCTGTAGGAGCGCA,11,3096699
rcsBp2,1.3571428571428572,31,13,TCGGTACCGGGTGAAAAACA,18,3099058
rcsBp2,6.214285714285714,99,13,TCGACACAATGGCGATGGAC,86,3095954
rcsBp2,2.9285714285714284,53,13,TCCGAGGCCTACGCGAGAAT,40,3083523
rcsBp2,1.0714285714285714,27,13,TCATAGAACGCAAGTCCTTT,14,3115997
rcsBp2,2.0,40,13,TCACTATAGTGCGTGGTCAC,27,3093386
rcsBp2,2.5714285714285716,48,13,TCACATTTATATATAGAAAC,35,3110636
rcsBp2,2.642857142857143,49,13,TATGGCGAGGGAATGCGGTC,36,3087663
rcsBp2,0.14285714285714285,14,13,TACGGTGAGTACACACGGTA,1,3112678
rcsBp2,3.5,61,13,TACGGGGACAATAGCTGCCC,48,3109983
rcsBp2,0.9285714285714286,25,13,TAATGTGTTCGAGACGCGTA,12,3083175
rcsBp2,3.642857142857143,63,13,TAAGGATAGTTGAACTTTCA,50,3081674
rcsBp2,1.0,26,13,TAACATTACTAGGGTTGAAA,13,3084953
rcsBp2,1.0,26,13,GTGTTGGTATCAGCCCTTAA,13,3112848
rcsBp2,1.0714285714285714,27,13,GTGTTGGAGTTTCTCGGTGT,14,3108362
rcsBp2,2.2142857142857144,43,13,GTGTCGAAAGGGGACTTAAC,30,3092565
rcsBp2,0.21428571428571427,15,13,GTCCCGAGGTACATAGACAA,2,3091887
rcsBp2,1.4285714285714286,32,13,GTCCAGGAAAGACAGGGTAT,19,3121387
rcsBp2,1.8571428571428572,38,13,GTCATTTACAAGATTCGTAT,25,3084254
rcsBp2,1.2857142857142858,30,13,GTATGGATGCCGAGTGCCAC,17,3086759
rcsBp2,1.4285714285714286,32,13,GTATAGCGGAAGAACACACA,19,3096820
rcsBp2,0.5714285714285714,20,13,GTACTCCTTCGGCATACGCA,7,3101893
rcsBp2,2.0714285714285716,41,13,GGTTATATCACGCAAAGCTT,28,3087155
rcsBp2,1.0714285714285714,27,13,GGTGCTAACGTAGCCACTAC,14,3081638
rcsBp2,1.5714285714285714,34,13,GGTCTTCACCGCGGAAAGAA,21,3075481
rcsBp2,3.357142857142857,59,13,GGTCTCGGCCTGGCCGCTCT,46,3090125
rcsBp2,0.5714285714285714,20,13,GGTCAGATCACAAGAATTAA,7,3098838
rcsBp2,1.7142857142857142,36,13,GGGTTCGGTATAGGGTAGAA,23,3117120
rcsBp2,1.3571428571428572,31,13,GGGTGGGTGTTCTAGTATAC,18,3081857
rcsBp2,1.8571428571428572,38,13,GGGGGGCATGTCAAGTCGAA,25,3091525
rcsBp2,1.4285714285714286,32,13,GGGACTATCCTCCAATGTGA,19,3116084
rcsBp2,0.35714285714285715,17,13,GGCTTAAAATAAGGTTCATG,4,3080175
rcsBp2,1.8571428571428572,38,13,GGCTGACGTGAAACTACGAT,25,3114167
rcsBp2,0.5714285714285714,20,13,GGCTACGTCTTAAGTCGCTC,7,3092749
rcsBp2,2.2857142857142856,44,13,GGCGTTGGATCGTGTTAATT,31,3099637
rcsBp2,4.714285714285714,78,13,GGCCAGAATGGTCACCCCGG,65,3119215
rcsBp2,6.714285714285714,106,13,GGCCACGAGTTACGAACTTC,93,3088933
rcsBp2,1.4285714285714286,32,13,GGATATGTGCATCGCTTGAA,19,3095359
rcsBp2,1.2142857142857142,29,13,GGAAATTACCCTATGGCAGC,16,3083372
rcsBp2,1.7857142857142858,37,13,GCTTTCCGTTCCCCTACTGT,24,3077082
rcsBp2,2.5714285714285716,48,13,GCGGGCTCGATCGTTCTAAT,35,3078578
rcsBp2,1.6428571428571428,35,13,GCGCAACGTAGCAAGAGCTT,22,3083033
rcsBp2,1.6428571428571428,35,13,GCGATTTCAGCATAGGTTGG,22,3113041
rcsBp2,0.9285714285714286,25,13,GCCTCGTCCCACAGTCTTAT,12,3103006
rcsBp2,1.4285714285714286,32,13,GATGTTTAGCCAGCAGGCGG,19,3086473
rcsBp2,1.9285714285714286,39,13,GATCTTTGACTCCATCTTCG,26,3077949
rcsBp2,2.2142857142857144,43,13,GATCACTAACAATTGCAAAT,30,3077062
rcsBp2,1.1428571428571428,28,13,GAGCCCTAATGTGGAAACGT,15,3097806
rcsBp2,3.142857142857143,56,13,GAATTAGTCCTAGGTGGACC,43,3104161
rcsBp2,2.642857142857143,49,13,GAACTTCTCTCGTTCCTAGA,36,3088569
rcsBp2,0.8571428571428571,24,13,GAACGATGAAGTGTTATGAA,11,3104047
rcsBp2,0.6428571428571429,21,13,CTTGTAATTGGTGGAGAGCT,8,3104360
rcsBp2,1.5,33,13,CTCTTCCGCGCATCAGGTTA,20,3105803
rcsBp2,4.214285714285714,71,13,CTCTACCATCTATCTTGGCG,58,3074418
rcsBp2,2.2142857142857144,43,13,CTCGCGGGTTCAATTACGAA,30,3100434
rcsBp2,1.2857142857142858,30,13,CTATGATATTTGTCGATTTT,17,3101702
rcsBp2,1.0714285714285714,27,13,CTAAGGATGAGGTTAAAAAT,14,3088861
rcsBp2,1.2142857142857142,29,13,CGTTCGCATCTTTAAAGTTA,16,3103400
rcsBp2,0.5714285714285714,20,13,CGTGTCTATCACCTATCCGC,7,3097186
rcsBp2,3.0,54,13,CGTCCTAGACCTCCCGACAC,41,3075137
rcsBp2,2.0714285714285716,41,13,CGGTACAAGTACGATGGATA,28,3097603
rcsBp2,1.0714285714285714,27,13,CGCCGCGCTTGGACTGAAGC,14,3118807
rcsBp2,0.9285714285714286,25,13,CGATGGGTGTCGGATACGTT,12,3116370
rcsBp2,2.0714285714285716,41,13,CGATCATAGCCATTGTACCC,28,3086215
rcsBp2,1.8571428571428572,38,13,CGACTGACGGCCGGCAGATA,25,3102998
rcsBp2,1.2857142857142858,30,13,CGAAGGTCGCTCATGTATCG,17,3122032
rcsBp2,3.0714285714285716,55,13,CCTTTTTAACGAGTAGACGT,42,3122394
rcsBp2,0.5714285714285714,20,13,CCTTCTCGTTGGTGAAAGCC,7,3088618
rcsBp2,0.5714285714285714,20,13,CCTTACTAGCAAACAAGTAT,7,3092596
rcsBp2,0.6428571428571429,21,13,CCGTTCGTGGGTGTGCTAGA,8,3084703
rcsBp2,0.5,19,13,CCGTTACCGGAAGCGTGCTG,6,3081547
rcsBp2,1.4285714285714286,32,13,CCGGGCCTTAGAACTATTAA,19,3120695
rcsBp2,9.428571428571429,144,13,CCGGCCTGAACAGTGAGCGT,131,3110134
rcsBp2,1.7857142857142858,37,13,CCGGCCCTTATCCAGAAAGC,24,3099202
rcsBp2,1.7142857142857142,36,13,CCGGCCACATAGCAGCAGCG,23,3119188
rcsBp2,3.5,61,13,CCGCAGCTAGCATTTCTGGG,48,3089714
rcsBp2,1.4285714285714286,32,13,CCGCACGTGTATTTCTAGCA,19,3107627
rcsBp2,0.14285714285714285,14,13,CCGAGTGGCACAAATGAGTG,1,3088751
rcsBp2,2.7142857142857144,50,13,CCGACCATCCCGTATTCGAC,37,3073872
rcsBp2,6.142857142857143,98,13,CCAGTAGTGAAAGGCCAACG,85,3120813
rcsBp2,0.14285714285714285,14,13,CCACGTCTAGCAGCCTGTGC,1,3107727
rcsBp2,1.4285714285714286,32,13,CCACAGTGAAGAGCAATTCA,19,3104085
rcsBp2,0.42857142857142855,18,13,CATGGACGCCCCGGCCGTGA,5,3093310
rcsBp2,1.5,33,13,CATCTTTGGAGGAGTTTCGT,20,3100214
rcsBp2,0.21428571428571427,15,13,CAGTGATTATTCTAGGAATA,2,3099734
rcsBp2,3.7857142857142856,65,13,CAGGGACAGGCAGAAACGGT,52,3099056
rcsBp2,0.7142857142857143,22,13,CAGGATTCCTGGGTGCGGAT,9,3114851
rcsBp2,1.4285714285714286,32,13,CACGTGGCAATGTGACGGAT,19,3074246
rcsBp2,0.9285714285714286,25,13,CACGAGTTGGCGAGTCTACT,12,3111422
rcsBp2,1.5,33,13,CACCTCGTCACATCTAAATG,20,3093908
rcsBp2,0.35714285714285715,17,13,CACCCAACCCCGCACCATAC,4,3112710
rcsBp2,2.4285714285714284,46,13,CACCACCCTGGTATTTAAGT,33,3118762
rcsBp2,2.642857142857143,49,13,CAATCCGAACGATCCATTCA,36,3077059
rcsBp2,2.142857142857143,42,13,CAATAGGTTTCGTGGCTGTT,29,3080042
rcsBp2,3.4285714285714284,60,13,CAAGCTTCGGGCCTGTACAC,47,3118028
rcsBp2,0.42857142857142855,18,13,CAACGGGCTCGGGAGCTAGA,5,3095536
rcsBp2,0.8571428571428571,24,13,CAACGCCGCGAATGGGACAG,11,3090586
rcsBp2,3.0714285714285716,55,13,CAAAGTCCAGGCGCCCTTCT,42,3076144
rcsBp2,1.0714285714285714,27,13,ATTTCACGGCGATCTAACTC,14,3113234
rcsBp2,0.14285714285714285,14,13,ATTGCTCCATTTGGAGGGAG,1,3088662
rcsBp2,3.857142857142857,66,13,ATTCGCAGCGACGCTCTGGA,53,3080154
rcsBp2,1.7142857142857142,36,13,ATGTCGTAGACCTACTACTC,23,3094766
rcsBp2,0.14285714285714285,14,13,ATGTACCTAGGTCGCACACT,1,3079573
rcsBp2,0.7857142857142857,23,13,ATGGATTGCTGCAGTGCACT,10,3117764
rcsBp2,0.14285714285714285,14,13,ATGATGCTATTCAACGTTCG,1,3101062
rcsBp2,0.5714285714285714,20,13,ATCTTCCGGCGGGCAGCGGT,7,3073840
rcsBp2,1.5714285714285714,34,13,ATCCCGCTTATCGTCCTTTC,21,3107419
rcsBp2,5.571428571428571,90,13,ATAGCCAGATCCCTGTCATG,77,3088887
rcsBp2,2.0714285714285716,41,13,ATACGCAGTACCTTTTGCTG,28,3085819
rcsBp2,1.0714285714285714,27,13,AGTAGGGAGCGCAGAACGAA,14,3087030
rcsBp2,0.7142857142857143,22,13,AGTACTGCCCTTCGTCAAGC,9,3078595
rcsBp2,3.642857142857143,63,13,AGTAACTATGTCGGGGGGGA,50,3086512
rcsBp2,0.6428571428571429,21,13,AGGTTGGGCTGGGTATGTTT,8,3080625
rcsBp2,2.9285714285714284,53,13,AGGGGATTCAAGTCAAGATG,40,3108554
rcsBp2,3.357142857142857,59,13,AGGGCTGAAGCTAATAATAA,46,3082470
rcsBp2,0.21428571428571427,15,13,AGGGACAAATACAGATACCA,2,3084408
rcsBp2,0.8571428571428571,24,13,AGGCTAACGGTGCTGAAGGT,11,3090683
rcsBp2,1.6428571428571428,35,13,AGGATTGAGCCCGTGGAGGA,22,3106937
rcsBp2,0.9285714285714286,25,13,AGGAGATAGTTATCAGACTC,12,3100372
rcsBp2,1.0714285714285714,27,13,AGGAGACATGAATCATTTCA,14,3090502
rcsBp2,1.4285714285714286,32,13,AGGAAATCAAAAGTTAACTC,19,3081364
rcsBp2,0.21428571428571427,15,13,AGCTTAGCGCCTTGTTAATG,2,3120638
rcsBp2,6.214285714285714,99,13,AGCGACCAGCTTTTCACATT,86,3105565
rcsBp2,1.2857142857142858,30,13,AGCAATGTGTTACCCCCGGT,17,3074989
rcsBp2,1.7142857142857142,36,13,AGATGTATAACCCCAACGTT,23,3081953
rcsBp2,6.071428571428571,97,13,AGATCCATGCTGCGCACGAC,84,3074147
rcsBp2,0.14285714285714285,14,13,AGATAACTGCCTTGGTGCCT,1,3105762
rcsBp2,1.2142857142857142,29,13,AGAGTTACTGGATACACAGT,16,3092579
rcsBp2,1.5714285714285714,34,13,AGAGATCCGTAGCTCATGAC,21,3081565
rcsBp2,3.5,61,13,ACTTGGCTTAAGCGAGCCTT,48,3102076
rcsBp2,1.7857142857142858,37,13,ACTTCAAGCGTGGGTGTCAT,24,3078795
rcsBp2,0.42857142857142855,18,13,ACTCGCGGGATAAGATTCCT,5,3120481
rcsBp2,1.2857142857142858,30,13,ACTCCATCCGCACGTTCTGG,17,3099632
rcsBp2,0.5714285714285714,20,13,ACTACAAGCAGTTTCTTTCA,7,3091556
rcsBp2,1.3571428571428572,31,13,ACGTGTGGGTTTTATTTCGG,18,3099814
rcsBp2,1.7857142857142858,37,13,ACGGCAATCTACTGTGTAGT,24,3100343
rcsBp2,0.5,19,13,ACGGCAAATGCCTTGTACGT,6,3099488
rcsBp2,0.9285714285714286,25,13,ACGGAGCGTTTTTCTGGCCA,12,3108555
rcsBp2,1.0714285714285714,27,13,ACGATATCCGTCTCCGTTTC,14,3077158
rcsBp2,1.2857142857142858,30,13,ACGACTTTCGACGCGTAAGA,17,3082085
rcsBp2,1.9285714285714286,39,13,ACCATGGTCATATCTAAAAA,26,3101023
rcsBp2,1.7857142857142858,37,13,ACCACGGAGAAGTTTTGCAA,24,3119639
rcsBp2,1.2857142857142858,30,13,ACATGGATGAGCGGTGGCCC,17,3116819
rcsBp2,2.7142857142857144,50,13,AATGGATACGGACTAAGACA,37,3107942
rcsBp2,1.4285714285714286,32,13,AATGGAGGATTTTGGAGCCT,19,3082295
rcsBp2,1.5,33,13,AATCATAGTCTATTTAATGT,20,3082575
rcsBp2,1.6428571428571428,35,13,AATCACCATGAGGTCCCAAA,22,3088152
rcsBp2,1.4285714285714286,32,13,AATCAACTTCGAAAAGATGC,19,3074144
rcsBp2,5.642857142857143,91,13,AATATATCGGGCGCATTCCT,78,3116159
rcsBp2,1.3571428571428572,31,13,AAGGCGCGACTAACAAGGTT,18,3086381
rcsBp2,0.14285714285714285,14,13,AAGGAGGCGTGGCGTTAACA,1,3080993
rcsBp2,0.14285714285714285,14,13,AAGCCGCTGGTTGTAAGACC,1,3083540
rcsBp2,1.0714285714285714,27,13,AAGATTTAGCTCATCCTGCA,14,3088585
rcsBp2,0.7142857142857143,22,13,AAGATGAAGCGGAGGGGCTG,9,3085632
rcsBp2,1.0,26,13,AACTATGACTAATAGTTTGT,13,3081451
rcsBp2,2.0714285714285716,41,13,AACTACGTGGGTGCGTCAGA,28,3079070
rcsBp2,2.642857142857143,49,13,AAATTGCCTGTTCAGTGTCC,36,3079447
rcsBp2,1.4285714285714286,32,13,AAAGGGTGGTCGTTTATATA,19,3091393
rcsBp2,0.5714285714285714,20,13,AAAGCTCATCAGTGCAGACG,7,3085599
rcsBp2,1.7142857142857142,36,13,AAAAAGCTGATTGTACTAGA,23,3110722
rcsBp2,2.3076923076923075,41,12,TTTTTCTGGTTCAAAGAGAA,29,3121436
rcsBp2,2.769230769230769,47,12,TTTGCAGTCAGGAATCGTTG,35,3093175
rcsBp2,5.384615384615385,81,12,TTTCTTGATTCAGATTTCTT,69,3083913
rcsBp2,1.8461538461538463,35,12,TTTATTCGAGCTAAAAAGGT,23,3076846
rcsBp2,2.076923076923077,38,12,TTGTCGGGCTACTCGGGCTC,26,3119725
rcsBp2,0.23076923076923078,14,12,TTGGTTAGTGTCAAGAAAGG,2,3105941
rcsBp2,0.38461538461538464,16,12,TTGGTGGGGCGGAGGCCTCT,4,3101130
rcsBp2,1.3846153846153846,29,12,TTGCTCACGTTAGTACATAA,17,3112633
rcsBp2,1.0,24,12,TTGCGTAAACGCAAATCCAT,12,3108658
rcsBp2,1.5384615384615385,31,12,TTCTACACGCCGGGCCTGTA,19,3092356
rcsBp2,1.0769230769230769,25,12,TTCGAATCACTAACCAGCTT,13,3115657
rcsBp2,2.3076923076923075,41,12,TTCGAAACTGGTCATTCCTT,29,3122079
rcsBp2,1.6923076923076923,33,12,TTCACTGTTCTGGGTTAATA,21,3090827
rcsBp2,4.0,63,12,TTCAAGGATGGCACCCTACC,51,3108539
rcsBp2,1.8461538461538463,35,12,TTAGTGCCCCAACTCGGAGC,23,3083725
rcsBp2,1.1538461538461537,26,12,TTACTACCCATTCACGGGTC,14,3090159
rcsBp2,0.23076923076923078,14,12,TTAAGCGTGAATACACTAGA,2,3103866
rcsBp2,3.923076923076923,62,12,TTAACGAATCCTGATGTTTG,50,3115505
rcsBp2,2.0,37,12,TGTCTTCGTTTTTCTCGGGG,25,3088306
rcsBp2,0.5384615384615384,18,12,TGTACTCTATTTTCTAGCCA,6,3085413
rcsBp2,4.153846153846154,65,12,TGTAAAATGCCAATTAAGTA,53,3080457
rcsBp2,2.230769230769231,40,12,TGGTGACCGGCGCCACAATA,28,3116794
rcsBp2,0.23076923076923078,14,12,TGGTCATGACGGATGGTATA,2,3114532
rcsBp2,1.0769230769230769,25,12,TGGCTCACGAAGTCATATCA,13,3104445
rcsBp2,1.1538461538461537,26,12,TGGCCATGAAGCTGCGCAAG,14,3120135
rcsBp2,4.384615384615385,68,12,TGGAGAAGGAATTATCCGTC,56,3094187
rcsBp2,3.3846153846153846,55,12,TGGACTACGAGAGCTTTGAC,43,3091375
rcsBp2,0.6923076923076923,20,12,TGCTCTCGTATGCTAGCCGA,8,3079177
rcsBp2,2.6923076923076925,46,12,TGCATCGTTGTCGCGACCCC,34,3091184
rcsBp2,3.6153846153846154,58,12,TGCATCAGGCATTAGCAATA,46,3077905
rcsBp2,1.6153846153846154,32,12,TGCAACATACATATACCGGA,20,3074984
rcsBp2,22.153846153846153,299,12,TGATCAATACACTGAGGGAT,287,3113580
rcsBp2,0.15384615384615385,13,12,TGAGGTGCAGGCTTGTCCGG,1,3082524
rcsBp2,1.7692307692307692,34,12,TGACAGGCCCTTCCAGATGT,22,3112172
rcsBp2,1.4615384615384615,30,12,TGAAACATCACAGGAAGCTT,18,3089395
rcsBp2,1.1538461538461537,26,12,TCTCGTGGCCGGGGTAGGCA,14,3111405
rcsBp2,1.1538461538461537,26,12,TCTCAGGCACCCGTATAGAC,14,3098656
rcsBp2,1.4615384615384615,30,12,TCTAATCTAGTAAGCCCCGG,18,3094677
rcsBp2,0.6153846153846154,19,12,TCGTTGGTATTACCCCTAAA,7,3095724
rcsBp2,0.38461538461538464,16,12,TCGGGCTGGTGGAGACCGAC,4,3076928
rcsBp2,0.15384615384615385,13,12,TCGACTGCCTAGGCATACTA,1,3122712
rcsBp2,1.8461538461538463,35,12,TCCGCGTGCCATATCATCCA,23,3114530
rcsBp2,0.6923076923076923,20,12,TCCCTAGCGCAAAGTGAGAA,8,3078008
rcsBp2,0.7692307692307693,21,12,TCCCTAAATCGGTGAGGTGC,9,3114591
rcsBp2,2.3846153846153846,42,12,TCATTCTCGCCCATAGCATT,30,3122946
rcsBp2,1.3076923076923077,28,12,TCAGGCACATAAGTTCTATA,16,3108103
rcsBp2,3.3076923076923075,54,12,TCACCGGTCCTGGCGCACAG,42,3095823
rcsBp2,0.23076923076923078,14,12,TCAATTTCGCCGCAACGTGG,2,3089684
rcsBp2,1.2307692307692308,27,12,TCAAAAAATATAATGGATTT,15,3097059
rcsBp2,3.5384615384615383,57,12,TAGGGTCACGATTATGTTGG,45,3101434
rcsBp2,1.8461538461538463,35,12,TAGCTGACACTAAGAGGGGA,23,3114700
rcsBp2,8.153846153846153,117,12,TAGCATATCACCGTCGATGC,105,3077528
rcsBp2,2.923076923076923,49,12,TACCGTCTAGACCGTACTTC,37,3109466
rcsBp2,0.15384615384615385,13,12,TACCCCTCCGATCCACACCT,1,3106346
rcsBp2,2.0,37,12,TACACACCGTCCTAACACTT,25,3115492
rcsBp2,2.6153846153846154,45,12,TAATGTAGATATGGGGGAGA,33,3083626
rcsBp2,1.7692307692307692,34,12,TAACTGGGAGGGCACCCAGA,22,3110892
rcsBp2,0.15384615384615385,13,12,TAACACCATCTCACCATTAT,1,3115864
rcsBp2,1.0,24,12,GTGTCGGTCTGCGCTATACT,12,3088995
rcsBp2,0.15384615384615385,13,12,GTGCCCCGAGGTAGATACCC,1,3105967
rcsBp2,1.4615384615384615,30,12,GTGAATGTCGGAAACTGGGT,18,3117621
rcsBp2,1.9230769230769231,36,12,GTCGGTACGCAAGGGGAATT,24,3089615
rcsBp2,2.076923076923077,38,12,GTCCGTTGAGGCCCATTTTG,26,3121070
rcsBp2,0.15384615384615385,13,12,GTCCGCTTTGTCGCTTCGGT,1,3103631
rcsBp2,0.9230769230769231,23,12,GTCCGCAGCATCTCTCAGTA,11,3083670
rcsBp2,1.1538461538461537,26,12,GTCCCGCAGGTGGGAGGAGT,14,3082046
rcsBp2,2.076923076923077,38,12,GTCAAGAACCGCGATTTTGA,26,3109284
rcsBp2,1.3846153846153846,29,12,GTAATCAAGTAGTGTTGACG,17,3101525
rcsBp2,4.3076923076923075,67,12,GGTTCCTGCAATTTCGACCC,55,3112097
rcsBp2,2.8461538461538463,48,12,GGTTAATTTCGTGTCAGACT,36,3088404
rcsBp2,1.7692307692307692,34,12,GGTTAATAGTAGGGAGGCCA,22,3111572
rcsBp2,0.15384615384615385,13,12,GGTATCACCGCGGGCAATAT,1,3121121
rcsBp2,0.15384615384615385,13,12,GGGTGGCCTTAGGGATTGTC,1,3114525
rcsBp2,0.6153846153846154,19,12,GGGTAAAGACTAGTATGCAG,7,3104930
rcsBp2,5.6923076923076925,85,12,GGCTACATTAAGGTAATAGG,73,3092910
rcsBp2,1.0769230769230769,25,12,GGATCGGGATGGCACGTAGG,13,3088264
rcsBp2,3.076923076923077,51,12,GCTTGCTCGTCGGGATGAGG,39,3120273
rcsBp2,0.15384615384615385,13,12,GCTGCACGAGCTGTTGTATT,1,3085932
rcsBp2,0.15384615384615385,13,12,GCTCTGGTACAGATATTGTG,1,3090646
rcsBp2,6.538461538461538,96,12,GCTCGTAAATCGAAGAAGGC,84,3089912
rcsBp2,4.538461538461538,70,12,GCTCGAGCATAAAATAGCGA,58,3077596
rcsBp2,0.15384615384615385,13,12,GCTCATGGGATGTGCTTGGG,1,3095621
rcsBp2,0.15384615384615385,13,12,GCGTCCTAAGGTTCCTTCGT,1,3106457
rcsBp2,0.15384615384615385,13,12,GCGGCATACCTTTCATACAT,1,3081405
rcsBp2,2.0,37,12,GCGAGTGTCCAAGTACAATA,25,3087077
rcsBp2,6.384615384615385,94,12,GCGAATCATAAATCGATGGT,82,3085740
rcsBp2,5.076923076923077,77,12,GCCTACGCACGAAGATGGGG,65,3114269
rcsBp2,2.769230769230769,47,12,GCCGTGCGCGGTGTATTATG,35,3118937
rcsBp2,3.5384615384615383,57,12,GCAGTCGTTTAGTAAATATC,45,3083493
rcsBp2,2.076923076923077,38,12,GCAGATAAAAGGGATTATAC,26,3089122
rcsBp2,0.6923076923076923,20,12,GCACTCTTAAACACGCCACC,8,3074999
rcsBp2,2.076923076923077,38,12,GCAACGTTTGTCCCGTCTTG,26,3077842
rcsBp2,0.3076923076923077,15,12,GCAACGCTTTTACGTCTGCT,3,3123050
rcsBp2,0.3076923076923077,15,12,GATGAGAAGGGGCTCTCTAA,3,3082815
rcsBp2,2.5384615384615383,44,12,GATATAATAGTGGTAATCGG,32,3117789
rcsBp2,0.6153846153846154,19,12,GAGCGGTATGTATCTGTGGT,7,3110495
rcsBp2,3.4615384615384617,56,12,GAGCCCGGAAAATTATATAC,44,3109678
rcsBp2,0.15384615384615385,13,12,GAGCCCCCGTCGAGTCTGTG,1,3113433
rcsBp2,1.6153846153846154,32,12,GAGATTCAACTTCGGCTCAT,20,3115856
rcsBp2,1.7692307692307692,34,12,GACGGCAGGGGCAGAGGTGG,22,3118963
rcsBp2,0.38461538461538464,16,12,GACGCGCACTACTGCGCCTA,4,3122671
rcsBp2,1.1538461538461537,26,12,CTTTGTAACTCATAAGGGTC,14,3106084
rcsBp2,4.538461538461538,70,12,CTTCAGTCTGTTGTTCCTAA,58,3109965
rcsBp2,4.769230769230769,73,12,CTGGCAGAGCAGAAATAGTA,61,3086799
rcsBp2,6.461538461538462,95,12,CTGCCGAAGCAGTTCATAAA,83,3113231
rcsBp2,7.6923076923076925,111,12,CTGCACATAGACGGAGGCGA,99,3079364
rcsBp2,8.0,115,12,CTCCCAGTGCCTTCGGCAAC,103,3075998
rcsBp2,1.6923076923076923,33,12,CTCATGTCAGTATTGACGAA,21,3086137
rcsBp2,1.0769230769230769,25,12,CTCAATTGGAGTGAACTGGA,13,3089162
rcsBp2,2.076923076923077,38,12,CTAGACTCGTGCTTGTGGCA,26,3076702
rcsBp2,0.7692307692307693,21,12,CTAAGCTAACACTTTAGCGG,9,3089892
rcsBp2,1.0,24,12,CGTTTCATAGTAGTATAGCA,12,3115583
rcsBp2,3.076923076923077,51,12,CGTTGACCTCGGCGTGGATT,39,3106999
rcsBp2,2.5384615384615383,44,12,CGTTCCTTGCGCGCCCTTGG,32,3097013
rcsBp2,0.6153846153846154,19,12,CGTTAGTTTGGATCCGATGT,7,3105549
rcsBp2,9.692307692307692,137,12,CGTGGTATACGTGCTCGACA,125,3097939
rcsBp2,0.15384615384615385,13,12,CGTGAAAGTCCTTCGGGTTC,1,3107220
rcsBp2,0.15384615384615385,13,12,CGTCAGTTCATCGTGCAGCG,1,3117627
rcsBp2,1.3846153846153846,29,12,CGTATGAATCTGGTGATACC,17,3092965
rcsBp2,1.1538461538461537,26,12,CGGGCGCAGTTGGCTCTAAA,14,3099370
rcsBp2,3.1538461538461537,52,12,CGGCTAGTGAGTGGCGACTT,40,3120884
rcsBp2,1.3846153846153846,29,12,CGGCCCTTGGCCGTCCGTTG,17,3106672
rcsBp2,0.6923076923076923,20,12,CGGACTTATCTCATGTTTCG,8,3101531
rcsBp2,2.4615384615384617,43,12,CGCTATTCAACAAGCCGCCA,31,3105313
rcsBp2,0.15384615384615385,13,12,CGCGAGCACCTACATCAATG,1,3078294
rcsBp2,2.230769230769231,40,12,CGCCGTGCGCCACGCCGTGT,28,3098862
rcsBp2,1.3846153846153846,29,12,CGCAGCTCGTAAGGCATCCA,17,3108508
rcsBp2,0.9230769230769231,23,12,CGATTTCAGGTACCACGTGA,11,3085909
rcsBp2,0.15384615384615385,13,12,CGATGCCTAGACTCGCTGTA,1,3095104
rcsBp2,0.5384615384615384,18,12,CGACCCCTTTCAAGAGACCG,6,3099685
rcsBp2,0.6153846153846154,19,12,CCTTATGTGGTCAGGCCTTC,7,3105583
rcsBp2,1.0769230769230769,25,12,CCTGTCATGTGATCCGGTTC,13,3084801
rcsBp2,0.3076923076923077,15,12,CCTGCTCGGTAGCATTGGGT,3,3096513
rcsBp2,0.7692307692307693,21,12,CCTGAGTCGGCGCGTATAAA,9,3115621
rcsBp2,0.15384615384615385,13,12,CCTCAGCGGGGAAGTTAATC,1,3086523
rcsBp2,1.7692307692307692,34,12,CCGTGATGCTACTAGCCAGT,22,3116155
rcsBp2,1.7692307692307692,34,12,CCGGTGAAGTATCTAACCAC,22,3092816
rcsBp2,0.15384615384615385,13,12,CCGGACCTTTATCAGTCGTA,1,3078409
rcsBp2,6.076923076923077,90,12,CCCTGGCTTCTCACCACTCC,78,3112089
rcsBp2,0.38461538461538464,16,12,CCCTGCAGCGTCCGGTCTGA,4,3096181
rcsBp2,3.0,50,12,CCCTCATCTTCAAGCGCTTA,38,3091632
rcsBp2,1.3846153846153846,29,12,CCCCTTCAGTGGATAAGATT,17,3080435
rcsBp2,2.3846153846153846,42,12,CCCCGCCTCCTGAATTCATT,30,3086176
rcsBp2,1.0769230769230769,25,12,CCCATGGGATTCACTCGGAA,13,3085161
rcsBp2,0.6153846153846154,19,12,CCCATACGTCACGTCTGCCG,7,3093523
rcsBp2,0.23076923076923078,14,12,CCACATTAATCCGGAATTCT,2,3118512
rcsBp2,0.6923076923076923,20,12,CCAATGTACCTAGATAGCTG,8,3082335
rcsBp2,1.7692307692307692,34,12,CATCGGTCAAAGCGCGACAC,22,3087412
rcsBp2,0.15384615384615385,13,12,CATAGTATCCGTCCCCTGCA,1,3085327
rcsBp2,6.769230769230769,99,12,CATACTCAAGGTAAAGAGAG,87,3102221
rcsBp2,1.3076923076923077,28,12,CAGCTTCGTGGCCACACCTT,16,3093350
rcsBp2,0.15384615384615385,13,12,CAGATATACCCAAACCGGGT,1,3121566
rcsBp2,0.6923076923076923,20,12,CACAGGAATAATCGGTACGA,8,3114658
rcsBp2,2.5384615384615383,44,12,CACAACTCCAAGCCAAGTGT,32,3111575
rcsBp2,2.230769230769231,40,12,CAATGGCCACGGGTATAGGA,28,3106658
rcsBp2,3.6153846153846154,58,12,CAACCAAGCGCGTGGTGGGA,46,3096764
rcsBp2,0.46153846153846156,17,12,ATTTTTCGAGGAGGAAGGAA,5,3116156
rcsBp2,0.15384615384615385,13,12,ATTTCTCACTGTTACCTGGC,1,3100695
rcsBp2,0.6923076923076923,20,12,ATTGTATGTTGCTTGCGTGT,8,3103484
rcsBp2,2.0,37,12,ATTGTATAACTACAATTTTG,25,3111223
rcsBp2,1.9230769230769231,36,12,ATTGCGCTTAAATATGTGGG,24,3113524
rcsBp2,1.2307692307692308,27,12,ATTCGACCCTCGCGCTCACG,15,3105471
rcsBp2,3.4615384615384617,56,12,ATTCACCTCGTGGCACCGAG,44,3099916
rcsBp2,2.3076923076923075,41,12,ATTACTACGAAATATCTGGT,29,3089357
rcsBp2,0.7692307692307693,21,12,ATTACAGAAAGTCCGTCAAC,9,3079134
rcsBp2,1.9230769230769231,36,12,ATGCTGCGATGCGGATTACG,24,3084848
rcsBp2,2.230769230769231,40,12,ATCTGTCACTTTCCGGATAT,28,3115707
rcsBp2,1.4615384615384615,30,12,ATCTGAATGCGGGTGCACTA,18,3121181
rcsBp2,2.6153846153846154,45,12,ATCCGAGGCGGGATATGCAA,33,3117669
rcsBp2,2.5384615384615383,44,12,ATCAATCATGCATCTGCACG,32,3080674
rcsBp2,0.5384615384615384,18,12,ATCAAACGGCCACATCTTGA,6,3121567
rcsBp2,1.4615384615384615,30,12,ATATGTGCACTTATCTGACT,18,3108142
rcsBp2,3.3076923076923075,54,12,ATATCTGTTGTTCTTAATGG,42,3086873
rcsBp2,1.9230769230769231,36,12,ATATCCACTGCAGACGGTAA,24,3117540
rcsBp2,1.6153846153846154,32,12,ATATCCACGTGCCCAATGCA,20,3106821
rcsBp2,4.0,63,12,ATACAGCGACGTGTTACTCT,51,3079874
rcsBp2,1.2307692307692308,27,12,ATAAATTAATAGAGCGTTTG,15,3078196
rcsBp2,1.0,24,12,AGTTCCTTACCTGAGTCGAA,12,3114531
rcsBp2,1.5384615384615385,31,12,AGTGGTCGCGGCTACAATTT,19,3090487
rcsBp2,9.153846153846153,130,12,AGGTTAGATCTGCTGAGGAG,118,3099841
rcsBp2,0.6923076923076923,20,12,AGGTGTTTTTATTTCCCGCT,8,3102542
rcsBp2,7.461538461538462,108,12,AGGTACCAACTGAAGTCACT,96,3105823
rcsBp2,2.0,37,12,AGGGAGCGGACGAATACAAG,25,3120395
rcsBp2,0.38461538461538464,16,12,AGGGAAACGTACCCTAACTA,4,3092347
rcsBp2,2.0,37,12,AGGCGAATGAACAAGCTGAG,25,3109023
rcsBp2,1.0769230769230769,25,12,AGGACTACGGATAACATAGT,13,3110814
rcsBp2,1.0769230769230769,25,12,AGCTTGTATTTTACAGGTAT,13,3094255
rcsBp2,3.923076923076923,62,12,AGCCAGCCTCGAACAAAGAA,50,3110904
rcsBp2,3.5384615384615383,57,12,AGCAAGCCGGCGGAGCGGTC,45,3117264
rcsBp2,0.6923076923076923,20,12,AGCAACTGATGCATCCCGCT,8,3112526
rcsBp2,1.0769230769230769,25,12,AGAGCCATTGACTATACTGA,13,3110473
rcsBp2,1.7692307692307692,34,12,ACTTTTAGTGACTAGGAAAT,22,3077798
rcsBp2,1.3076923076923077,28,12,ACTTAGTAAAAGACTCTAAC,16,3100962
rcsBp2,1.0,24,12,ACTAGCCAGAGTGCTGCGAA,12,3100951
rcsBp2,1.5384615384615385,31,12,ACGTGGGCCATAGCCGTCAC,19,3083001
rcsBp2,1.0,24,12,ACGGTACTCGTTGCGAACGT,12,3098657
rcsBp2,1.3076923076923077,28,12,ACGCATTCCAAACTGTGTTA,16,3095316
rcsBp2,2.3846153846153846,42,12,ACGATGTTGCTCCATAAAAT,30,3074964
rcsBp2,1.6923076923076923,33,12,ACCGACGCACAGAGCGTCAT,21,3123006
rcsBp2,2.6923076923076925,46,12,ACCCTATCATAGTAACATAA,34,3081554
rcsBp2,1.4615384615384615,30,12,ACCACGTGCGTCCGTTTGGT,18,3116658
rcsBp2,2.3846153846153846,42,12,ACCACAGGGACTTGCACGAG,30,3103503
rcsBp2,0.15384615384615385,13,12,ACACACAATGAGAAGAGGGA,1,3096531
rcsBp2,2.5384615384615383,44,12,AATAGCTCAGAGGCACCCAT,32,3079575
rcsBp2,1.4615384615384615,30,12,AATAGAACCGGATTATTAAA,18,3100242
rcsBp2,3.230769230769231,53,12,AACGCATGATTTGTAAAGGC,41,3092426
rcsBp2,0.23076923076923078,14,12,AACCGACGAGAGCTATACTA,2,3103475
rcsBp2,1.3846153846153846,29,12,AACCCTAATTTTGTACGAGT,17,3085823
rcsBp2,0.8461538461538461,22,12,AACCAGGACTATATAGCCAT,10,3106505
rcsBp2,3.4615384615384617,56,12,AACCAATGGCTATCATCCCC,44,3114092
rcsBp2,2.4615384615384617,43,12,AACAGTTTGGTCTGATTCAA,31,3103870
rcsBp2,4.5,64,11,TTTTGTTGGTGTACTTCTCA,53,3092588
rcsBp2,1.75,31,11,TTTTCCAGGGCATGGATGCA,20,3103226
rcsBp2,3.1666666666666665,48,11,TTTCCCAGCAGGGTTTACAC,37,3104228
rcsBp2,1.25,25,11,TTTATAAAACATGAGTAAAT,14,3084241
rcsBp2,0.9166666666666666,21,11,TTGTTGGAAAGCTTCGCGTG,10,3101759
rcsBp2,4.833333333333333,68,11,TTGGCTGAGTTGCTACATAC,57,3076347
rcsBp2,1.9166666666666667,33,11,TTGCAAAATGGGACCGAGGA,22,3120974
rcsBp2,0.8333333333333334,20,11,TTGATCTAACCCGGAACGCA,9,3096217
rcsBp2,3.1666666666666665,48,11,TTGAAGGGACCGATTAACAT,37,3094330
rcsBp2,1.0833333333333333,23,11,TTCTTTGACTAACGCTAAAC,12,3110103
rcsBp2,2.25,37,11,TTCTCCTTGTTTAGCGTACT,26,3076653
rcsBp2,4.666666666666667,66,11,TTCAGAGTAGTCAGGGAGAG,55,3105893
rcsBp2,3.25,49,11,TTATTTCTTTGTGACAGTAA,38,3101632
rcsBp2,1.25,25,11,TTATCCAAGCCGACAGTGCA,14,3078080
rcsBp2,3.1666666666666665,48,11,TTAGGGGTATTTAACCAACC,37,3113402
rcsBp2,1.75,31,11,TTAGGGCTCCGTACCAAGAC,20,3092604
rcsBp2,0.75,19,11,TTACGGGACTGGAGGCCTTT,8,3117281
rcsBp2,1.0,22,11,TTACCCATAACGAATATGTA,11,3117108
rcsBp2,0.75,19,11,TGTTATTGTAGACAAATTCA,8,3083370
rcsBp2,1.3333333333333333,26,11,TGTGTGCTGTGGTGGATCAT,15,3120006
rcsBp2,6.166666666666667,84,11,TGTCCCGTCAGCGCAGGGCT,73,3109268
rcsBp2,3.4166666666666665,51,11,TGTACTAGGGGATTGACGCG,40,3095086
rcsBp2,3.0,46,11,TGGTACACAGTAGCCCAGTC,35,3093664
rcsBp2,2.0,34,11,TGGGCACTAGCCAGCCAACA,23,3077006
rcsBp2,6.75,91,11,TGGCGGTGATGTTGATAAGG,80,3091570
rcsBp2,1.5833333333333333,29,11,TGGACGGCTAACTGTGGTAA,18,3118229
rcsBp2,1.5833333333333333,29,11,TGCTTTGCGTTCAGTTGAGT,18,3121437
rcsBp2,0.9166666666666666,21,11,TGCTGTTAAGCTGCCAGGAG,10,3106833
rcsBp2,4.083333333333333,59,11,TGCTGTCTTGTCTGGACTCA,48,3090079
rcsBp2,0.3333333333333333,14,11,TGCATTTAGTGGTGAGGCTA,3,3090105
rcsBp2,0.25,13,11,TGCAGCTGCCTCCATCCGGC,2,3104344
rcsBp2,3.4166666666666665,51,11,TGCAGCTCGACGAAGCTCAA,40,3117275
rcsBp2,2.9166666666666665,45,11,TGAATGTCCCAATGAAGTAA,34,3083448
rcsBp2,0.75,19,11,TCTTTCGTTAGCCTTGTTCC,8,3084058
rcsBp2,0.25,13,11,TCTTGAGGTGGGGCACCGGG,2,3114120
rcsBp2,1.4166666666666667,27,11,TCTTCGGCCCTGCGTCGTGG,16,3106991
rcsBp2,1.0833333333333333,23,11,TCTGATTGATGGAGTAAATG,12,3082424
rcsBp2,3.6666666666666665,54,11,TCTCTTTCCCCCAATATTAG,43,3080309
rcsBp2,3.4166666666666665,51,11,TCTCTCCAGCGCACGTTTAG,40,3099115
rcsBp2,1.3333333333333333,26,11,TCTATTATGGACCGGGTTAA,15,3094388
rcsBp2,1.0833333333333333,23,11,TCTACGTAACGGACTCAGTG,12,3089235
rcsBp2,1.0833333333333333,23,11,TCGTTCTTGTAGCTTCCTGA,12,3096273
rcsBp2,1.9166666666666667,33,11,TCGTGTGTATTATTACAACT,22,3092307
rcsBp2,0.75,19,11,TCGTACTCTCTGTACGTTTC,8,3088414
rcsBp2,0.16666666666666666,12,11,TCGGCCCATCCGAGCACCCT,1,3115644
rcsBp2,0.25,13,11,TCGCCACGGGTCTCACATAG,2,3104490
rcsBp2,0.16666666666666666,12,11,TCGACCTCGAGTGCGGTTCG,1,3112076
rcsBp2,0.25,13,11,TCCGCAGGCAGAATGGGTGT,2,3114603
rcsBp2,0.25,13,11,TCCCGCGACATCAGGCAATA,2,3102533
rcsBp2,3.9166666666666665,57,11,TCCATCATTTTGATCTGCAA,46,3117530
rcsBp2,1.6666666666666667,30,11,TCCATAGGTTTCTTTGTCGG,19,3082370
rcsBp2,0.5833333333333334,17,11,TCAGTCCACAGGGTGTTATT,6,3090493
rcsBp2,2.75,43,11,TCAGAGCAGCTTGTACGAAT,32,3074487
rcsBp2,1.8333333333333333,32,11,TCAAAACAAATCTTCAACAT,21,3112138
rcsBp2,5.666666666666667,78,11,TATTGTTGGATCAATCCCTT,67,3076784
rcsBp2,0.16666666666666666,12,11,TATTCCGGAATCCACTACAT,1,3117681
rcsBp2,5.833333333333333,80,11,TATGTAAACATGTGTGGGTC,69,3090227
rcsBp2,0.4166666666666667,15,11,TATGGTAGATGTCGGAGTGC,4,3096185
rcsBp2,0.25,13,11,TATGGCCGCGTATTAGTACG,2,3115178
rcsBp2,1.6666666666666667,30,11,TAGGGCAGCGCGCAGTTATA,19,3094869
rcsBp2,0.16666666666666666,12,11,TAGGAAGTATTCAATCGAAT,1,3097885
rcsBp2,1.9166666666666667,33,11,TAGCACAAAGGGGACGTCGT,22,3098163
rcsBp2,2.0833333333333335,35,11,TACCGGCGAAAGAAGTCGAG,24,3098184
rcsBp2,8.166666666666666,108,11,TAATCCGTGATATTCTGGCG,97,3079292
rcsBp2,1.0,22,11,TAACAAGCGCAGGGAAAGCC,11,3099851
rcsBp2,0.6666666666666666,18,11,GTTTAGACATTCCCACGAGT,7,3118261
rcsBp2,5.25,73,11,GTTGATGAAGACACTGGCCA,62,3084779
rcsBp2,3.25,49,11,GTGTGTACTCGTACAGCTAT,38,3084591
rcsBp2,1.9166666666666667,33,11,GTGCCGATTACACGCCCTCT,22,3078156
rcsBp2,0.8333333333333334,20,11,GTGCAACACTTTGCATCAGA,9,3083580
rcsBp2,1.1666666666666667,24,11,GTGATATCACGGTAGCGGAG,13,3093597
rcsBp2,1.25,25,11,GTACTAACAGTTGCTGGAAC,14,3122803
rcsBp2,0.16666666666666666,12,11,GTAATGTGATAAAAATCTCT,1,3116103
rcsBp2,1.75,31,11,GTAAGATGTCAATGCGGAAA,20,3098944
rcsBp2,2.3333333333333335,38,11,GGTATCTCTATGTTTTAAAG,27,3121506
rcsBp2,1.25,25,11,GGTATATGCAATGCTGTAGA,14,3086687
rcsBp2,0.8333333333333334,20,11,GGGTTCAACAACAAGCCGCA,9,3096464
rcsBp2,2.3333333333333335,38,11,GGGCACAGTGGGCCTATCAA,27,3094065
rcsBp2,0.16666666666666666,12,11,GGCTCGAGGTAGGAGAACTA,1,3073837
rcsBp2,5.583333333333333,77,11,GGCTAGAGGCCGCATCCCTA,66,3094099
rcsBp2,0.16666666666666666,12,11,GGCGATTAGTATTACGAGGC,1,3119206
rcsBp2,0.16666666666666666,12,11,GGCCTCCGACTGCTGGACCT,1,3111420
rcsBp2,0.4166666666666667,15,11,GGCCCTGTTTTGATGAACCC,4,3107476
rcsBp2,5.333333333333333,74,11,GGCAAGGTGTATCGTAAGCT,63,3079182
rcsBp2,0.3333333333333333,14,11,GGAGTTGCATATCTATGTCG,3,3106534
rcsBp2,3.6666666666666665,54,11,GGAATTTACCGGTGGACCCT,43,3082753
rcsBp2,2.4166666666666665,39,11,GGAACTATATGACTCTCTAG,28,3083635
rcsBp2,2.75,43,11,GCTTGATATTTACAAACACC,32,3096326
rcsBp2,1.4166666666666667,27,11,GCTGTCCATGAGTGTAACAG,16,3111696
rcsBp2,1.3333333333333333,26,11,GCTCGAAGTCGTCCTAGCAT,15,3098664
rcsBp2,0.9166666666666666,21,11,GCTCAAAGGGAGACGCCAAA,10,3085946
rcsBp2,2.75,43,11,GCTAGTAGTGTCCGAAAGTG,32,3090684
rcsBp2,1.1666666666666667,24,11,GCTAAGCCGATCTTGTCCCT,13,3119900
rcsBp2,1.25,25,11,GCGTTCGTGCGGCTCCCCTT,14,3074397
rcsBp2,1.3333333333333333,26,11,GCGTGACGGAGCGAGGAATT,15,3095657
rcsBp2,0.3333333333333333,14,11,GCGCCTGCTAATGCCATAGG,3,3114255
rcsBp2,2.75,43,11,GCGATCAATACCTGCGGAGG,32,3104624
rcsBp2,4.0,58,11,GCCTCAGGCCCGCATTATTT,47,3108164
rcsBp2,1.0833333333333333,23,11,GCCTCACTTGACGCCAACGC,12,3098672
rcsBp2,2.8333333333333335,44,11,GCCTAGAAGGCTGATATGGG,33,3095772
rcsBp2,1.0,22,11,GCCGACACGTTCTTACATTT,11,3096284
rcsBp2,0.25,13,11,GCATCGTCGGCATTCACTAG,2,3118305
rcsBp2,0.5,16,11,GCAGCATGGCTGATCACGGT,5,3109082
rcsBp2,0.8333333333333334,20,11,GCAGACAGCTAGCATCTGAC,9,3082584
rcsBp2,1.75,31,11,GCACGCTAAACAAGGTCATG,20,3096435
rcsBp2,3.5,52,11,GATTATCGTTCAGTGCAGCA,41,3079876
rcsBp2,0.4166666666666667,15,11,GATTACAAAGTGAGTTCCAT,4,3103571
rcsBp2,2.4166666666666665,39,11,GATCACGTAGTCAAAGTTGT,28,3110259
rcsBp2,9.333333333333334,122,11,GAGGTAGTGCTTCATTTACA,111,3109969
rcsBp2,0.16666666666666666,12,11,GAGCATGCCCCCCGGATATG,1,3074890
rcsBp2,1.5833333333333333,29,11,GACGACTGCCAGCAAGAGGT,18,3103504
rcsBp2,1.0833333333333333,23,11,GACCTACTAGAACAGATCCG,12,3085783
rcsBp2,0.8333333333333334,20,11,GACCATCACCCGTCGGAGCA,9,3118190
rcsBp2,1.1666666666666667,24,11,GAATTGAAAGTGTATTACGA,13,3084186
rcsBp2,2.0,34,11,GAATTATTAGCTGAGTTTAG,23,3118507
rcsBp2,4.833333333333333,68,11,GAATGTAGACCGGAAATCGG,57,3107221
rcsBp2,1.75,31,11,GAACGCATTCAGGAAGATCG,20,3077305
rcsBp2,1.9166666666666667,33,11,GAACCAACGCATTGAAATAG,22,3087605
rcsBp2,0.3333333333333333,14,11,GAAAATCTTTAGGTTAGCTG,3,3112059
rcsBp2,0.16666666666666666,12,11,CTTGGGGGTAGGGGGGCCGG,1,3079880
rcsBp2,1.3333333333333333,26,11,CTTAAATTCATTTTTTTGTT,15,3096840
rcsBp2,0.3333333333333333,14,11,CTGTTTCTTCTGGTATGGTG,3,3119045
rcsBp2,1.5,28,11,CTGTATTTGCCATCAGGCTC,17,3080815
rcsBp2,3.8333333333333335,56,11,CTGTAATGACGACTCCCTGC,45,3077622
rcsBp2,4.166666666666667,60,11,CTGCGGCATACCTCGAGTCA,49,3092595
rcsBp2,3.0,46,11,CTGAGTGCGGTGTACAGGAA,35,3085109
rcsBp2,2.25,37,11,CTGAGTACCTCTATAGGCGT,26,3100648
rcsBp2,1.4166666666666667,27,11,CTCTTCTACACCTGATGCTT,16,3083005
rcsBp2,0.3333333333333333,14,11,CTCCGCTTAGCCGAAGCGCA,3,3080597
rcsBp2,0.16666666666666666,12,11,CTCCAAGTGTTAGTGGAGTA,1,3088393
rcsBp2,4.166666666666667,60,11,CTATTTACCCACTATGAAGC,49,3084838
rcsBp2,0.6666666666666666,18,11,CTATTGGGTGAACTGAGCGG,7,3096366
rcsBp2,1.3333333333333333,26,11,CTATGCTACATGATAGAGGC,15,3075411
rcsBp2,4.75,67,11,CTAAAGCATGTCCCCCTTGA,56,3101650
rcsBp2,0.16666666666666666,12,11,CGTGGCATGCCCCACCCAGC,1,3115961
rcsBp2,1.0,22,11,CGTCTATAAGAGCAAAAAGT,11,3078626
rcsBp2,14.25,181,11,CGTCCGCATATATCCTCCAT,170,3121167
rcsBp2,0.25,13,11,CGGTGTTACACTTGGGTTGT,2,3091582
rcsBp2,0.16666666666666666,12,11,CGGTGTCAAGTTGACCTTAA,1,3109741
rcsBp2,1.9166666666666667,33,11,CGGGGTGGGCGGCGGATGAT,22,3119476
rcsBp2,3.9166666666666665,57,11,CGGGACGGTAGCTTCATAGC,46,3090641
rcsBp2,2.3333333333333335,38,11,CGGCGGTAGCGTACTTCGCG,27,3094928
rcsBp2,1.5833333333333333,29,11,CGGCCAATCCGGTCGCTGAC,18,3074279
rcsBp2,2.5,40,11,CGCTTGTTCACGATACAGAA,29,3083841
rcsBp2,1.5833333333333333,29,11,CGCGTGGACCGGATAGCGCA,18,3090384
rcsBp2,0.25,13,11,CGATCAGGTAGTTTTTTTCA,2,3106142
rcsBp2,0.9166666666666666,21,11,CGATATCGCTAAGTTGTTCG,10,3084157
rcsBp2,4.666666666666667,66,11,CGAGGCGGCCTGGGAACATC,55,3099530
rcsBp2,1.0833333333333333,23,11,CGAGCTCTCTACAACAAGAT,12,3079275
rcsBp2,2.25,37,11,CGAACGTTATTGAGACGTGA,26,3092681
rcsBp2,6.833333333333333,92,11,CCTGACCAGCACACTCGCGT,81,3091945
rcsBp2,0.75,19,11,CCTCAACTGAGGGCGATGCC,8,3114354
rcsBp2,3.75,55,11,CCTATAACATTAGGCATAGC,44,3108478
rcsBp2,0.16666666666666666,12,11,CCGTCCAGCTGACGGTGTAC,1,3076473
rcsBp2,2.0833333333333335,35,11,CCGGGAATGTTCGTCGGGGG,24,3096182
rcsBp2,3.5,52,11,CCGCTCACCTGAGTATCTCA,41,3100019
rcsBp2,1.3333333333333333,26,11,CCGCCGACGAGTATTCATAG,15,3120495
rcsBp2,0.4166666666666667,15,11,CCGAGTATACTGTTCCAGTG,4,3110098
rcsBp2,2.5,40,11,CCCTTTTCACCTCGATTATT,29,3115570
rcsBp2,1.8333333333333333,32,11,CCCGGTCGGAGAGAAGGAGT,21,3090116
rcsBp2,4.416666666666667,63,11,CCCATGAAAGTATGCTGGCA,52,3083015
rcsBp2,0.5833333333333334,17,11,CCATTCATCTTGCTTCGGGT,6,3105015
rcsBp2,1.1666666666666667,24,11,CCAGGATAGTGTCGCTCATG,13,3119740
rcsBp2,1.4166666666666667,27,11,CCAAATGTAGTCCGTTGCCC,16,3112799
rcsBp2,5.5,76,11,CATCGTTTTCTCGCCATAGT,65,3109275
rcsBp2,1.4166666666666667,27,11,CATCGTCGCTCTGGTAGGAC,16,3115721
rcsBp2,0.16666666666666666,12,11,CATATTATCATTAACGTTGT,1,3097469
rcsBp2,0.25,13,11,CATAAGATACCCTGCCGGTA,2,3101708
rcsBp2,1.0,22,11,CAGTCTGGATGTCGTCAACT,11,3118050
rcsBp2,2.3333333333333335,38,11,CAGTACATGTATCTCCCACT,27,3119433
rcsBp2,1.5,28,11,CAGGAAACCCGAAGCGGGGG,17,3106270
rcsBp2,2.1666666666666665,36,11,CACGGTAAGCCCGGTGCCCG,25,3099254
rcsBp2,0.16666666666666666,12,11,CACCCTGGTTTTTAGGCCAA,1,3115511
rcsBp2,0.16666666666666666,12,11,CACACGTCATGTTAAACCCG,1,3096988
rcsBp2,1.8333333333333333,32,11,CACACACATGTGGTGTGCTT,21,3116275
rcsBp2,1.25,25,11,CAAGTTGCGTTAAAACCTCG,14,3121470
rcsBp2,1.5,28,11,CAAGGTCGGCCTGTCTTTAT,17,3085277
rcsBp2,5.666666666666667,78,11,CAAGAGCACCAGGGGATCGT,67,3079442
rcsBp2,2.6666666666666665,42,11,CAAGAGACGGGATAGAACTG,31,3089105
rcsBp2,0.4166666666666667,15,11,CAACGTTGCTATTCTTAAAA,4,3115252
rcsBp2,1.8333333333333333,32,11,ATTTATTAAGCAAGTATGTA,21,3099414
rcsBp2,1.6666666666666667,30,11,ATTGCAGCCCAGTTCTTGGT,19,3108283
rcsBp2,0.3333333333333333,14,11,ATTCAAATTTGTATGCTCGT,3,3119843
rcsBp2,0.9166666666666666,21,11,ATTAACAATATGTGGTGCGC,10,3122387
rcsBp2,0.25,13,11,ATGTGATGATGCGTGCTCGC,2,3081019
rcsBp2,2.75,43,11,ATGGTATAGTTCAGTAGAAA,32,3107664
rcsBp2,0.9166666666666666,21,11,ATGGGGGTTGTTACGATTGG,10,3077025
rcsBp2,2.5,40,11,ATGCTTATTGAATTCCAGCA,29,3117294
rcsBp2,1.4166666666666667,27,11,ATGCGTGATGACTACTGGAG,16,3088398
rcsBp2,1.4166666666666667,27,11,ATCGAAGCATACCGCGAGCT,16,3078662
rcsBp2,0.16666666666666666,12,11,ATCATCGGACAACCAATCCC,1,3111809
rcsBp2,2.4166666666666665,39,11,ATCAGAAATTTGTATGCGCC,28,3082334
rcsBp2,1.5,28,11,ATCACCGCACCACGACATCC,17,3122856
rcsBp2,2.5833333333333335,41,11,ATATTCAGGCTTGACTCGTG,30,3104067
rcsBp2,0.25,13,11,ATATATATTGGTCTACTGGA,2,3090113
rcsBp2,1.1666666666666667,24,11,ATAGTAATGCAAGCCCGGAC,13,3121168
rcsBp2,2.75,43,11,ATAATTCCCCACATTACCGG,32,3099664
rcsBp2,1.0,22,11,AGTCGTTAGGTTGGATCTGT,11,3113639
rcsBp2,1.1666666666666667,24,11,AGTAGAAGCGTCCCAAACTT,13,3090917
rcsBp2,5.25,73,11,AGGTTTCGGTCTATACTGAT,62,3107212
rcsBp2,2.1666666666666665,36,11,AGGTGAACGCAGCACACTGA,25,3098880
rcsBp2,2.0833333333333335,35,11,AGGGTCGTCACGCTCTGTTC,24,3090345
rcsBp2,1.0833333333333333,23,11,AGGGAACCGGTACAAAATAT,12,3110188
rcsBp2,0.25,13,11,AGGCTTGCATCAGCTATCTA,2,3076598
rcsBp2,0.6666666666666666,18,11,AGGCGCCGCTGATGTGAAAT,7,3099743
rcsBp2,1.5,28,11,AGCCTCTATTGCCAGCGTCG,17,3074291
rcsBp2,5.583333333333333,77,11,AGATTTAGGACAGAGAAGAA,66,3073944
rcsBp2,2.5,40,11,AGATCGCATACCGATGCCTA,29,3119085
rcsBp2,2.0,34,11,AGAATGGCTGACGGGGTAAA,23,3081301
rcsBp2,2.1666666666666665,36,11,AGAAGCGGATTCACTGAAAA,25,3092966
rcsBp2,1.5833333333333333,29,11,AGAACAGAATCATTCTATGC,18,3109700
rcsBp2,2.4166666666666665,39,11,ACTTGCTTAAGACATAGTGT,28,3094482
rcsBp2,3.0,46,11,ACTCGTTTAAAACGAGATCG,35,3082779
rcsBp2,0.5833333333333334,17,11,ACGTCTAGACGGTAGGTAGG,6,3099555
rcsBp2,0.5,16,11,ACGTAGGTGGTGCTCAGGCT,5,3118947
rcsBp2,1.8333333333333333,32,11,ACGGCTAAAGTCCATCGGCA,21,3109808
rcsBp2,1.6666666666666667,30,11,ACGATCGGTGTTTTCGCCGT,19,3110450
rcsBp2,1.0833333333333333,23,11,ACCGGTTGACAGAACGTTGA,12,3085943
rcsBp2,2.6666666666666665,42,11,ACCGATTTCCGCGTGGCAAC,31,3110676
rcsBp2,1.3333333333333333,26,11,ACCAGGCTTTAATGGGTCAA,15,3108925
rcsBp2,3.5,52,11,ACATTGGGGGTTCCGGCTCC,41,3110879
rcsBp2,0.6666666666666666,18,11,ACATGGTGTCAGGCGGCCCC,7,3090280
rcsBp2,1.5833333333333333,29,11,ACATGCACACCGCCCGAGCT,18,3084912
rcsBp2,0.16666666666666666,12,11,ACACTGTGGGAAGTGTTTGT,1,3086633
rcsBp2,0.9166666666666666,21,11,ACACCATACCATCCGTAACA,10,3082601
rcsBp2,2.9166666666666665,45,11,AATGTGGACATGAGGCCATG,34,3111748
rcsBp2,0.16666666666666666,12,11,AATGCTACTGCGCGGTGAAT,1,3078627
rcsBp2,4.5,64,11,AATATTACTGACCCTTTTCT,53,3113831
rcsBp2,0.3333333333333333,14,11,AAGGGCTTTCCGTTCTACGT,3,3118764
rcsBp2,0.16666666666666666,12,11,AAGGACCCGGGGACAAGTGG,1,3097659
rcsBp2,1.5833333333333333,29,11,AAGACTTCTAGAGATTAGAT,18,3076521
rcsBp2,1.5,28,11,AACTCATCTGCAGATTGAGG,17,3097812
rcsBp2,0.16666666666666666,12,11,AACTATGATCGCGCCCAAAT,1,3083369
rcsBp2,1.1666666666666667,24,11,AACAACTAGTACGTTGAACG,13,3113832
rcsBp2,0.25,13,11,AACAAATGAAGGTTATTTCA,2,3114664
rcsBp2,0.8333333333333334,20,11,AAATATTCAGGGGAACTTTT,9,3102917
rcsBp2,0.16666666666666666,12,11,AAAGTCACCCAATCTGTTGA,1,3094930
rcsBp2,3.0833333333333335,47,11,AAAGAGGGAACTTCTTCGGT,36,3111467
rcsBp2,3.25,49,11,AAAGACCCTCATTCTGTTCC,38,3086851
rcsBp2,1.9166666666666667,33,11,AAAATTGTCGCTCTTGGCCA,22,3113403
rcsBp2,2.4166666666666665,39,11,AAAAACGCGCGAATCGAGCC,28,3105877
rcsBp2,1.2727272727272727,23,10,TTTTGGTCGCGATGCACGGT,13,3084545
rcsBp2,1.7272727272727273,28,10,TTTCATCTTCCAATTTGCTA,18,3091847
rcsBp2,1.4545454545454546,25,10,TTGTGTGTCCTCTATGGACC,15,3097544
rcsBp2,0.5454545454545454,15,10,TTGGACCAGCGGAGGACATA,5,3093009
rcsBp2,4.909090909090909,63,10,TTGCGCTTAGATTCCGACGT,53,3081119
rcsBp2,1.6363636363636365,27,10,TTGCAGCAGTGACGGTCCAA,17,3093603
rcsBp2,0.7272727272727273,17,10,TTGAAGAAGACTGCGGGGCG,7,3094443
rcsBp2,2.090909090909091,32,10,TTCAGCGACAACGTAGGGTA,22,3110320
rcsBp2,3.4545454545454546,47,10,TTATGAGCCCGATGATACTA,37,3114186
rcsBp2,1.3636363636363635,24,10,TTAGCGCATGCTACCATCAA,14,3097227
rcsBp2,0.7272727272727273,17,10,TTAGCCTGTAGGTTTGGTCG,7,3115335
rcsBp2,0.7272727272727273,17,10,TGGTTCCGACCCGGTCATTA,7,3100210
rcsBp2,4.2727272727272725,56,10,TGGTGGTACTCGGGGCTTTG,46,3115673
rcsBp2,1.7272727272727273,28,10,TGGTCACCTCTCCCCGTTCT,18,3091261
rcsBp2,1.0909090909090908,21,10,TGGCCATTTGACCAATAATA,11,3103367
rcsBp2,3.090909090909091,43,10,TGGATGTTCCGAGGCGTAAC,33,3079619
rcsBp2,1.5454545454545454,26,10,TGGATCTCGTCATTACGGCA,16,3074116
rcsBp2,1.9090909090909092,30,10,TGGAGCACGGCCTAAGGAGG,20,3095948
rcsBp2,0.2727272727272727,12,10,TGCTTCCACCGGCACGCTGA,2,3083333
rcsBp2,2.090909090909091,32,10,TGAGTCTGGTAGTCGAAAAA,22,3078094
rcsBp2,1.4545454545454546,25,10,TGAGAAGGTACATTTAGGTG,15,3111899
rcsBp2,1.0909090909090908,21,10,TGAACTATGTAAAAGGGAAC,11,3085955
rcsBp2,2.3636363636363638,35,10,TCTCGAGAGCCTGGCGTATG,25,3118046
rcsBp2,2.1818181818181817,33,10,TCGTGGCCCGAGTTGGCTTC,23,3087174
rcsBp2,3.1818181818181817,44,10,TCGGCGCACTGGACAGAATG,34,3115702
rcsBp2,7.636363636363637,93,10,TCGGACCACCATATAAGATG,83,3097484
rcsBp2,0.18181818181818182,11,10,TCGCAGCTGCATCAGCGGCC,1,3076359
rcsBp2,2.8181818181818183,40,10,TCGCAGCGTGTGCTCATGTA,30,3090838
rcsBp2,3.3636363636363638,46,10,TCGAGTCTAGTTACCGAGAG,36,3103439
rcsBp2,4.636363636363637,60,10,TCGACATCCCGGGAGGGAGT,50,3104359
rcsBp2,2.8181818181818183,40,10,TCCTACAAAGATCAAGTCCT,30,3115852
rcsBp2,2.4545454545454546,36,10,TCCGACGAGTTGATCTCTGA,26,3096645
rcsBp2,2.1818181818181817,33,10,TCCCAGCAATGTCTTGAGTG,23,3076452
rcsBp2,0.2727272727272727,12,10,TCCCAAGCCTGATACGTGAT,2,3104708
rcsBp2,1.8181818181818181,29,10,TCCATCGTGCACCGAAGTCA,19,3075472
rcsBp2,2.1818181818181817,33,10,TCCAGCAGTTGGTGCATAAG,23,3110540
rcsBp2,0.9090909090909091,19,10,TCATTCAACCATGCCAGCTA,9,3087712
rcsBp2,1.3636363636363635,24,10,TCATACTGACACAAGTACGA,14,3086887
rcsBp2,2.3636363636363638,35,10,TCAGTTCGCCAGGGCCGCAG,25,3107432
rcsBp2,2.272727272727273,34,10,TCACGAGGGATCGAGCCCAC,24,3090630
rcsBp2,2.727272727272727,39,10,TCAATAGGTGGCCCATGTTA,29,3105931
rcsBp2,4.7272727272727275,61,10,TCAAGCGAAGGCAGTCATTG,51,3104927
rcsBp2,3.0,42,10,TCAACCTTTCTCCCCGTTGA,32,3085318
rcsBp2,2.6363636363636362,38,10,TCAAAGTCAGAACGGGGATC,28,3082120
rcsBp2,5.7272727272727275,72,10,TATTCAATAGATGTTTGCCA,62,3120847
rcsBp2,1.5454545454545454,26,10,TATTATCCAGGGTGCCATGA,16,3106463
rcsBp2,0.18181818181818182,11,10,TATGCACGCGAAGGCAAGTC,1,3091733
rcsBp2,2.5454545454545454,37,10,TATGAATCGATTAGATGCCT,27,3081376
rcsBp2,33.90909090909091,382,10,TATCTCGTTATTCGCATGTA,372,3106619
rcsBp2,1.5454545454545454,26,10,TAGGGCTGGCTATATTTTAA,16,3118744
rcsBp2,2.272727272727273,34,10,TAGCTAAGGTTAGTGCGGGA,24,3093643
rcsBp2,8.181818181818182,99,10,TAGCATGTAATCCGAATACA,89,3077569
rcsBp2,7.181818181818182,88,10,TAGAAATGCTGTCGGAATAA,78,3080156
rcsBp2,0.8181818181818182,18,10,TACGTCTCTCGGGCCTTCTA,8,3088066
rcsBp2,2.272727272727273,34,10,TACGGACGCATCTTGACCTA,24,3095741
rcsBp2,1.1818181818181819,22,10,TACCTGACATCCCTTCCTGG,12,3101298
rcsBp2,1.6363636363636365,27,10,TAATCTTATAGCTGTTTCCA,17,3097466
rcsBp2,0.18181818181818182,11,10,TAAGGGTTAAACCCCAAAGA,1,3118649
rcsBp2,2.0,31,10,TAAGATGCGACGTGAACCGG,21,3103139
rcsBp2,2.090909090909091,32,10,TAACAGGCACAAAACGTGGT,22,3098513
rcsBp2,2.6363636363636362,38,10,TAAAATGTGCACATAGAATA,28,3086423
rcsBp2,1.8181818181818181,29,10,GTTTTCTAATGGCTTCTACA,19,3078778
rcsBp2,3.5454545454545454,48,10,GTTATAGTCGCTTTCTAACA,38,3091584
rcsBp2,2.8181818181818183,40,10,GTTACATGGCATTCAGAAGG,30,3075738
rcsBp2,0.36363636363636365,13,10,GTGTGCTCGCGAAAGTGCCA,3,3096857
rcsBp2,3.1818181818181817,44,10,GTGTCCCCATTGAACAGGAT,34,3120073
rcsBp2,1.5454545454545454,26,10,GTGGGCACGACACGTGTTAA,16,3100114
rcsBp2,2.3636363636363638,35,10,GTGCATGTATTTACAGCATC,25,3119939
rcsBp2,3.090909090909091,43,10,GTCTAGCATAATTTGGGCAG,33,3107322
rcsBp2,5.636363636363637,71,10,GTCGCCTGCGTTGCCATGTG,61,3085702
rcsBp2,4.090909090909091,54,10,GTCAGACAGTATTTCTACGT,44,3099531
rcsBp2,4.7272727272727275,61,10,GTATAAGAGGAACTCCTATT,51,3088615
rcsBp2,1.6363636363636365,27,10,GTAGGAGGGGACGTCCGGGA,17,3093118
rcsBp2,6.909090909090909,85,10,GTACCCATCAAACTAAGAAT,75,3079307
rcsBp2,2.1818181818181817,33,10,GTAAGGCCATATAGCAGTAT,23,3092076
rcsBp2,0.5454545454545454,15,10,GGTTATGCAGCAATGAGTAA,5,3100156
rcsBp2,0.36363636363636365,13,10,GGTGGACCCCGCGGAGTTTG,3,3117380
rcsBp2,2.272727272727273,34,10,GGTCTGCAGTGTATTTCCAA,24,3106139
rcsBp2,3.6363636363636362,49,10,GGTCGCGGATGTGGGTTGTT,39,3091326
rcsBp2,1.6363636363636365,27,10,GGTACCACGAATCGGAGCTA,17,3109627
rcsBp2,4.363636363636363,57,10,GGGTGGTCCGCATGCCAATT,47,3120215
rcsBp2,0.9090909090909091,19,10,GGGTGGGGAATCTTTCAAGA,9,3081368
rcsBp2,0.7272727272727273,17,10,GGGGGAGTTGATCATGAGAT,7,3105878
rcsBp2,0.7272727272727273,17,10,GGCTGAAGCCGTCTGTTCGC,7,3118035
rcsBp2,0.6363636363636364,16,10,GGCCCTGTGAGGGATACTTA,6,3117143
rcsBp2,0.5454545454545454,15,10,GGCATCGCCTTGGAAAGTGG,5,3104621
rcsBp2,1.7272727272727273,28,10,GCTTCGGTGACGTTCGCGCT,18,3114315
rcsBp2,3.272727272727273,45,10,GCTTAGTTACCGGCGAACAG,35,3076346
rcsBp2,6.454545454545454,80,10,GCTCTCTGACAATGGACCCG,70,3093499
rcsBp2,1.3636363636363635,24,10,GCTAGGCGATCTTGCCACGA,14,3114915
rcsBp2,1.1818181818181819,22,10,GCTACTCGCATCCGAGCAAT,12,3108240
rcsBp2,2.6363636363636362,38,10,GCGGTAGTCGGGTTTGAAGC,28,3076466
rcsBp2,0.2727272727272727,12,10,GCGGGCAGTTTCCAGGCTCT,2,3122297
rcsBp2,1.8181818181818181,29,10,GCGAGATTTCCTCACAGCTG,19,3075298
rcsBp2,0.2727272727272727,12,10,GCGACAATGGGCAGCTATGA,2,3078460
rcsBp2,2.727272727272727,39,10,GCCTGGGTACTCAGAGAAGC,29,3108715
rcsBp2,4.909090909090909,63,10,GCCCTGTCAATTGGAGGATT,53,3111497
rcsBp2,1.3636363636363635,24,10,GCCCGCTCAACGGCTCCTAT,14,3121195
rcsBp2,0.18181818181818182,11,10,GCCATCCAGTCTCTTCAAAA,1,3118841
rcsBp2,3.5454545454545454,48,10,GCCACACCCCGCACCGGTCA,38,3114730
rcsBp2,1.0,20,10,GCACTGGTTCTTAGCATGGT,10,3103441
rcsBp2,5.181818181818182,66,10,GCACACTGGCCACAGTTACT,56,3098674
rcsBp2,5.7272727272727275,72,10,GATTTTTTAGTATCCAACCT,62,3109523
rcsBp2,1.1818181818181819,22,10,GATCAGATGTGGTATTTTCG,12,3102291
rcsBp2,4.181818181818182,55,10,GAGGGCGATGCCTGGTGATT,45,3110539
rcsBp2,0.6363636363636364,16,10,GAGCTTTCTGCGTTTTCCCA,6,3074728
rcsBp2,1.0,20,10,GAGCTAGGTACGCAGTCTGA,10,3116917
rcsBp2,1.7272727272727273,28,10,GACGGCGACAATACCATTGT,18,3109223
rcsBp2,10.090909090909092,120,10,GACCGTTGCTTCCCAGATAT,110,3074198
rcsBp2,2.090909090909091,32,10,GAATCGGGATTTAGGACAGT,22,3111039
rcsBp2,2.8181818181818183,40,10,GAACAGGGAGGGGTGAGCAA,30,3083702
rcsBp2,1.4545454545454546,25,10,CTTTATGCCCGGCTTTCACC,15,3115126
rcsBp2,3.3636363636363638,46,10,CTTGGCAAAGCTCCAATACG,36,3087611
rcsBp2,2.0,31,10,CTTGCCTACGCTCGCAACTT,21,3100866
rcsBp2,3.0,42,10,CTTCGTGAGTTTTACGCCTT,32,3095742
rcsBp2,1.1818181818181819,22,10,CTTCGGGGCATTTTCGTCTT,12,3093198
rcsBp2,0.18181818181818182,11,10,CTGGGACACGTGAGTTGATG,1,3079253
rcsBp2,0.9090909090909091,19,10,CTCTGCGAAAGAGGATCGAT,9,3081897
rcsBp2,0.6363636363636364,16,10,CTCTAAGCATTCATTAGCTA,6,3099806
rcsBp2,6.090909090909091,76,10,CTCGTGCCGTTGAAGCAGAC,66,3087163
rcsBp2,2.909090909090909,41,10,CTCGCAGATCTGGGGCATAG,31,3099413
rcsBp2,3.1818181818181817,44,10,CTCCTTCCCGGTTTCCGAAT,34,3087369
rcsBp2,5.181818181818182,66,10,CTCCTGTAGCGTAGAATCAC,56,3113834
rcsBp2,2.6363636363636362,38,10,CTCAAGGACTTCCACGAGCC,28,3074767
rcsBp2,2.8181818181818183,40,10,CTATGGGCCTTGTATTCAGA,30,3107809
rcsBp2,2.5454545454545454,37,10,CTAGCCGTCCTGCGTAGGGT,27,3118840
rcsBp2,1.6363636363636365,27,10,CTAACTGTGCTGGTAAAGAG,17,3094123
rcsBp2,2.5454545454545454,37,10,CTAAATGAGTACAGCAATAC,27,3107096
rcsBp2,2.272727272727273,34,10,CGTTTTTGTCAAGTTTTCAT,24,3121558
rcsBp2,1.8181818181818181,29,10,CGTTATGCGAGGAGCACTGT,19,3080899
rcsBp2,1.0,20,10,CGGTAAATGACAGTTGCTGG,10,3122232
rcsBp2,0.36363636363636365,13,10,CGGGTTCCGTTATATATACT,3,3096158
rcsBp2,1.3636363636363635,24,10,CGGGTGTAAGTTTATGTCAT,14,3088415
rcsBp2,4.636363636363637,60,10,CGGCTAGCAAAATGGGGATG,50,3088706
rcsBp2,1.1818181818181819,22,10,CGGCGCACGTGCTAAGTCAA,12,3077833
rcsBp2,2.3636363636363638,35,10,CGGCCCATGGAATACATGGG,25,3095558
rcsBp2,2.1818181818181817,33,10,CGCATGTACCTCAACTCTAG,23,3087489
rcsBp2,0.18181818181818182,11,10,CGAGGTCAGATTCGCGCTAT,1,3105701
rcsBp2,0.2727272727272727,12,10,CGACTAAAAAGTGGTGGTTG,2,3106820
rcsBp2,2.272727272727273,34,10,CGACCATGGTCGGGACCATT,24,3120727
rcsBp2,4.818181818181818,62,10,CCTGTAGCTTGAATAAACAT,52,3076546
rcsBp2,0.18181818181818182,11,10,CCGTTCCCGCGAGTGGCCTG,1,3082670
rcsBp2,1.6363636363636365,27,10,CCGTTCAATCCCATACATAT,17,3119498
rcsBp2,1.6363636363636365,27,10,CCGCGAATCGCCGTAGATTG,17,3087606
rcsBp2,2.272727272727273,34,10,CCGCCTTGGGACGATAGCAA,24,3101956
rcsBp2,8.818181818181818,106,10,CCGCAGTCGATGGTCGTGGT,96,3107060
rcsBp2,0.6363636363636364,16,10,CCCTATCAAGATGTATCGGG,6,3081898
rcsBp2,3.5454545454545454,48,10,CCCGGCCGCAGAGTTAGAGT,38,3098014
rcsBp2,13.818181818181818,161,10,CCCCCTAACGTACAGGGGTT,151,3078200
rcsBp2,1.0,20,10,CCCCCGTGGTCAACCCCGGC,10,3098951
rcsBp2,1.1818181818181819,22,10,CCATTTCGTGTAGGAGGTGT,12,3109467
rcsBp2,2.0,31,10,CCATGGGCTAATTTGTCGGT,21,3086195
rcsBp2,0.18181818181818182,11,10,CCAGCCGCAGCAAAGAGTAA,1,3082434
rcsBp2,1.1818181818181819,22,10,CATCTGCACACCAACGGCGT,12,3102033
rcsBp2,1.6363636363636365,27,10,CATATAATGCGCTGGAGGCT,17,3116276
rcsBp2,0.36363636363636365,13,10,CATAGCCTATCAGGACCGGG,3,3076548
rcsBp2,0.36363636363636365,13,10,CAGGCCATGACCTATATTAT,3,3090308
rcsBp2,0.18181818181818182,11,10,CAGCATATCCTAAAACTCTC,1,3095470
rcsBp2,0.18181818181818182,11,10,CAGATCGTCGGGCAAACTCG,1,3112246
rcsBp2,3.3636363636363638,46,10,CACGATAGATCGCAGGGAGT,36,3094007
rcsBp2,0.9090909090909091,19,10,CACCGCTCTATTCGCTTTTT,9,3104785
rcsBp2,1.7272727272727273,28,10,CACCCCGGCCCTCGGAATAT,18,3107637
rcsBp2,1.9090909090909092,30,10,CAACGTCGGGTCATATCAAT,20,3114918
rcsBp2,0.8181818181818182,18,10,CAAATTAACTCCTGCGTGAA,8,3096429
rcsBp2,3.8181818181818183,51,10,CAAACAAGAGTGGGCCTCGT,41,3109341
rcsBp2,3.3636363636363638,46,10,CAAAAGACAATGTTCCCATG,36,3075252
rcsBp2,1.2727272727272727,23,10,ATTTACCGTCCTGCAGAACT,13,3119784
rcsBp2,1.7272727272727273,28,10,ATTGGTCCGCTGATAGATCA,18,3117981
rcsBp2,6.0,75,10,ATTGAATGGGACTTTGTAGT,65,3109960
rcsBp2,0.18181818181818182,11,10,ATTCGCGGCACTTCAAGCTT,1,3094521
rcsBp2,2.6363636363636362,38,10,ATTAATTTGGGCAAAGTCAC,28,3110405
rcsBp2,2.8181818181818183,40,10,ATGTGATCACTACATGTCGT,30,3114017
rcsBp2,2.5454545454545454,37,10,ATGGTAATTTATTGTACTTT,27,3088367
rcsBp2,0.6363636363636364,16,10,ATGGATGGACTCACCGTAGA,6,3114843
rcsBp2,2.5454545454545454,37,10,ATGGATCTCTACATCCATGA,27,3076707
rcsBp2,4.818181818181818,62,10,ATGCTTGGCTGGGTCGGAAT,52,3115320
rcsBp2,2.4545454545454546,36,10,ATGACTCAGCACAAGAACGA,26,3115123
rcsBp2,1.5454545454545454,26,10,ATCTTTTAAAGTGCGATTTC,16,3107836
rcsBp2,1.2727272727272727,23,10,ATCGATCCCTTGTGCGAAAC,13,3087802
rcsBp2,0.18181818181818182,11,10,ATCCTAAGTAGCATCCGCAT,1,3120787
rcsBp2,0.18181818181818182,11,10,ATCCGGCAAATCCTCGGGTT,1,3090856
rcsBp2,6.181818181818182,77,10,ATATGACTATGGCGCCGCCT,67,3089148
rcsBp2,3.5454545454545454,48,10,ATAAACGCATCGCTGGGTAT,38,3077930
rcsBp2,3.272727272727273,45,10,AGTGAAAACTCACAGACCCC,35,3100236
rcsBp2,3.5454545454545454,48,10,AGTCTTTAAAAGGCATAGTA,38,3077579
rcsBp2,2.090909090909091,32,10,AGTAACCGAGTGCTCCGTGC,22,3105240
rcsBp2,2.0,31,10,AGGGACGATGGACTTTTGTC,21,3075905
rcsBp2,0.18181818181818182,11,10,AGGCGAGCTTGCAAAAGCGC,1,3116696
rcsBp2,1.2727272727272727,23,10,AGGACTGGAATTCGCATACG,13,3096478
rcsBp2,0.18181818181818182,11,10,AGCTTTGTAAGTGCCAATAT,1,3101427
rcsBp2,2.272727272727273,34,10,AGCTTACATCCCAGAACGTG,24,3104630
rcsBp2,2.1818181818181817,33,10,AGCCGTAGCTTCTCCCAGAT,23,3106993
rcsBp2,1.5454545454545454,26,10,AGCACGCGCGACCCCGGGCT,16,3087662
rcsBp2,1.8181818181818181,29,10,AGCACCCGTAGCGAATTCCT,19,3120002
rcsBp2,3.5454545454545454,48,10,AGAGTGGTTAATCCTCCTCA,38,3105919
rcsBp2,0.6363636363636364,16,10,AGAGGATACAGGGCAGCAAC,6,3107137
rcsBp2,0.5454545454545454,15,10,ACTTGTCGGTACCTTTGGAT,5,3115097
rcsBp2,0.2727272727272727,12,10,ACTTGGGAACGGCCACGACC,2,3107144
rcsBp2,5.545454545454546,70,10,ACGCGAGAATGTGTCTTCTC,60,3113963
rcsBp2,2.909090909090909,41,10,ACGCCCGATACAACGGGTTA,31,3084590
rcsBp2,0.18181818181818182,11,10,ACGAGCGGCAAGGTGAGGAG,1,3094337
rcsBp2,1.7272727272727273,28,10,ACGACGCAATGATTGGCTTT,18,3075910
rcsBp2,3.4545454545454546,47,10,ACGAATTCTGGTTTAAATTG,37,3102881
rcsBp2,2.6363636363636362,38,10,ACCTAACCGACACTCATAAG,28,3107379
rcsBp2,1.4545454545454546,25,10,ACCCGGTTAGAAGGCCATGG,15,3094583
rcsBp2,2.4545454545454546,36,10,ACCCGCATACGGACGGGGAA,26,3119088
rcsBp2,0.5454545454545454,15,10,ACCATTTGCAAAACAGGTGG,5,3118844
rcsBp2,3.909090909090909,52,10,ACCATCCGCCGTCCTTTATT,42,3086058
rcsBp2,2.3636363636363638,35,10,ACCAGGAGCCCTTTGAGCAT,25,3081418
rcsBp2,1.9090909090909092,30,10,ACCACGCTTTATGGGTTCAC,20,3097376
rcsBp2,1.3636363636363635,24,10,ACATTCAGTGCTTAAAACTA,14,3103155
rcsBp2,1.9090909090909092,30,10,ACATATGATGTGATCCTTGA,20,3103670
rcsBp2,0.18181818181818182,11,10,ACAGTGACGCCACCGTCGTT,1,3115098
rcsBp2,2.272727272727273,34,10,ACACGGGGGATTAAATAGAT,24,3087400
rcsBp2,3.1818181818181817,44,10,ACACCTAGTCACGGTGGCGA,34,3118799
rcsBp2,0.2727272727272727,12,10,ACAAGTCTCCTTGTGGTGAG,2,3110306
rcsBp2,1.4545454545454546,25,10,ACAACCACCCCGCTACTTGT,15,3104341
rcsBp2,0.18181818181818182,11,10,AATTGGAGAAAATCCATGAG,1,3115698
rcsBp2,0.36363636363636365,13,10,AATTCCGCGGGCATATCTGA,3,3073778
rcsBp2,35.90909090909091,404,10,AATTAGGACTAGGACGATTA,394,3113581
rcsBp2,1.0,20,10,AATCGACCAAAGGTCTGCGT,10,3090626
rcsBp2,0.45454545454545453,14,10,AAGTATCATAGGGTAATCCC,4,3105540
rcsBp2,4.818181818181818,62,10,AACTCGTTTCCATTCAAGTT,52,3109141
rcsBp2,1.2727272727272727,23,10,AACTCCATTGTTGGGCAGAT,13,3102032
rcsBp2,2.6363636363636362,38,10,AACTAGGCCAACCGGGATCT,28,3087637
rcsBp2,2.272727272727273,34,10,AAATTGGCGTATCGATTCCT,24,3116515
rcsBp2,5.181818181818182,66,10,AAATTGATCACTACCCATGA,56,3121274
rcsBp2,0.18181818181818182,11,10,AAAGCTAGTTCTGGAGCGTA,1,3076392
rcsBp2,4.090909090909091,54,10,AAACGAAACGGTCCGTTGCA,44,3088828
rcsBp2,1.4545454545454546,25,10,AAACCCATGGGATCCAACTA,15,3083101
rcsBp2,2.272727272727273,34,10,AAAAGGCCATTATGAATAGG,24,3120812
rcsBp2,0.9090909090909091,19,10,AAAAAGGCAACGACGTGTTG,9,3079361
rcsBp2,2.5,33,9,TTTGGAAGCGTGTTATGATC,24,3085557
rcsBp2,0.9,17,9,TTTCGACCTCCGGAGAGGCC,8,3082614
rcsBp2,3.5,43,9,TTTATACTTCAAGGCGGCAA,34,3119259
rcsBp2,2.7,35,9,TTTAGTTTCAAGAACGGAAG,26,3085993
rcsBp2,1.4,22,9,TTTAAGGAAGCTCTGCCAAC,13,3113987
rcsBp2,2.4,32,9,TTGTTGGATATTAAGATGGG,23,3084889
rcsBp2,0.9,17,9,TTGTCACTGTGGCTAGGTCA,8,3118529
rcsBp2,3.9,47,9,TTGTACAATAGGGTCGGACG,38,3085639
rcsBp2,2.1,29,9,TTGGATACCTCCCCTGCAAG,20,3113405
rcsBp2,1.0,18,9,TTGCTCTATCGTGAGAATCC,9,3108017
rcsBp2,1.9,27,9,TTGCTACATTTTGAATTTTC,18,3111583
rcsBp2,2.1,29,9,TTGCCCCCGCGCTGAATCAG,20,3086707
rcsBp2,3.6,44,9,TTGATCCACATGGAACATAT,35,3100012
rcsBp2,2.0,28,9,TTCAACCTTGGAGCGGATTC,19,3096552
rcsBp2,1.8,26,9,TTATCACAAAAGTACGGTAG,17,3100431
rcsBp2,0.2,10,9,TTACCGCAACCCAAGGGGTC,1,3099059
rcsBp2,0.3,11,9,TTACATCCCCGTATAGTGCG,2,3110226
rcsBp2,0.4,12,9,TTACATCAACTCCTGATGTG,3,3083847
rcsBp2,2.0,28,9,TTAAGATTCTTGAATTATGA,19,3089618
rcsBp2,2.2,30,9,TTAAATGACCGACACTGCCC,21,3090143
rcsBp2,1.7,25,9,TGTTGGTTAGTGTAGGAAGT,16,3101393
rcsBp2,0.2,10,9,TGTTCGTCACGGCGCTGCGT,1,3073989
rcsBp2,0.4,12,9,TGTCTTACCGCGGGTGCAAA,3,3110328
rcsBp2,7.4,82,9,TGTATTACGCTCTTTCTTAC,73,3091964
rcsBp2,1.3,21,9,TGTATGACCCGGTACAGTTT,12,3073996
rcsBp2,1.1,19,9,TGGGTCAATCAAAGGCTCAC,10,3103713
rcsBp2,1.0,18,9,TGGCATCTGGACATTTTCTC,9,3118038
rcsBp2,2.1,29,9,TGCTTTCTTGAGCGACCGTC,20,3104400
rcsBp2,0.6,14,9,TGCTCGGCGTAATTGTGTAA,5,3073810
rcsBp2,2.8,36,9,TGCGTGTCAACGTTAGCTGG,27,3087654
rcsBp2,2.5,33,9,TGCGACACATAGGAACTTCG,24,3090275
rcsBp2,5.0,58,9,TGCCGCAGCTCTGAGTTTGA,49,3083711
rcsBp2,1.7,25,9,TGCCCTATGCCGATTGGGGG,16,3112458
rcsBp2,1.0,18,9,TGCCCCATCCGCCTGAATTA,9,3092722
rcsBp2,1.3,21,9,TGATACGACACAACCTTTGG,12,3106112
rcsBp2,0.5,13,9,TGAGTGACACTTGACGTGAG,4,3082466
rcsBp2,0.4,12,9,TGAGGGACGGGGCAAACTGG,3,3080329
rcsBp2,1.2,20,9,TGAATTGTTGGGACAGAAAC,11,3089313
rcsBp2,3.6,44,9,TGAAGGGGCGTCAGGCCGCA,35,3112153
rcsBp2,1.3,21,9,TCTCTTGGGAGGTTCCACCA,12,3092844
rcsBp2,5.2,60,9,TCTATGAATAGATTCCTCCC,51,3090386
rcsBp2,4.0,48,9,TCTAGTCCTGCATTTTAGGC,39,3117680
rcsBp2,0.7,15,9,TCTAGGCTAGGGATGGCCGT,6,3075830
rcsBp2,0.3,11,9,TCTAGGAGGATCGAGGCCCA,2,3119349
rcsBp2,1.0,18,9,TCTACAAAGTGGATGTGTAA,9,3092053
rcsBp2,2.1,29,9,TCGCGCAATTGGGTAATGCT,20,3078559
rcsBp2,1.7,25,9,TCGACAGAGATCATCGTACC,16,3110566
rcsBp2,0.2,10,9,TCCTTATTGTGTCCAGTTTT,1,3099040
rcsBp2,2.5,33,9,TCCTGTACCCCACTTAACCA,24,3090952
rcsBp2,0.2,10,9,TCATTCCGCCTCTCTGAATA,1,3083151
rcsBp2,0.4,12,9,TCAGTATAAAATAGTGCGCC,3,3105887
rcsBp2,7.1,79,9,TCAAGCACCGACATGAACTT,70,3107213
rcsBp2,1.8,26,9,TATGTACTTCCGGCGTTGTA,17,3086876
rcsBp2,4.0,48,9,TATGACCTCAAAATTCGTTT,39,3082333
rcsBp2,0.2,10,9,TATAAAATGGCGATCCCGCT,1,3104430
rcsBp2,0.2,10,9,TAGGTTAGTCCCAGATCCCA,1,3076352
rcsBp2,0.5,13,9,TAGCTACTCCCAGAGAGTAC,4,3082116
rcsBp2,4.9,57,9,TAGATGTTTGACTGTCGTTG,48,3121075
rcsBp2,2.3,31,9,TAGACCCTCAAGGCCCAATG,22,3120821
rcsBp2,1.1,19,9,TAGAAACTATCGGGCGCGAC,10,3103397
rcsBp2,2.8,36,9,TACTACAACCCGACTTAGTA,27,3099249
rcsBp2,2.2,30,9,TACGACTTTTGTTCAACGTT,21,3101109
rcsBp2,5.7,65,9,TACCAGATGCATAGCCAGAC,56,3097700
rcsBp2,2.5,33,9,TACCAAGAGGTACAGCGGGT,24,3098871
rcsBp2,3.7,45,9,TACCAACGCAGGTAGTGATT,36,3100565
rcsBp2,8.1,89,9,TACACTTCACAATTGGGGTG,80,3082802
rcsBp2,0.2,10,9,TAATATGCTTGGGAATTGTC,1,3109425
rcsBp2,0.8,16,9,TAATACCAATGGTGATCGCA,7,3094971
rcsBp2,3.6,44,9,TAAGTTTAAACATTTTTCAA,35,3075430
rcsBp2,5.9,67,9,TAAGTCCTAGGGATCGTGAT,58,3084855
rcsBp2,3.1,39,9,TAAGGTGTAGCTTACCTTGT,30,3084601
rcsBp2,1.1,19,9,TAACGCCCGCATTAATTCAA,10,3110426
rcsBp2,1.2,20,9,TAACATCCCGGCCCAATATC,11,3085185
rcsBp2,7.8,86,9,TAAATGCGAGGTTAAAGGGT,77,3078207
rcsBp2,0.3,11,9,TAAAGAGCGTGAACCGCTTT,2,3119073
rcsBp2,2.6,34,9,TAAACTAGCGATCCAAGACC,25,3099474
rcsBp2,0.2,10,9,GTTTAGGGCCTAACAAATGG,1,3120013
rcsBp2,4.1,49,9,GTTTAATCCGGACCCTACTT,40,3084909
rcsBp2,1.6,24,9,GTTGTTTATTAAGATGGGCA,15,3094466
rcsBp2,5.2,60,9,GTTGCGGGTCTGGTGAACTC,51,3088747
rcsBp2,0.3,11,9,GTTCGGGCGTTCACCTTCGG,2,3102604
rcsBp2,1.9,27,9,GTGTTAGGTCAGCAGAGTCT,18,3107056
rcsBp2,2.4,32,9,GTGTAAAAGTTTTTTTTGGC,23,3094395
rcsBp2,0.2,10,9,GTGGTTCCACATGTGCGACA,1,3102463
rcsBp2,0.5,13,9,GTGGTCAGGCGTCCGTTGTT,4,3089713
rcsBp2,1.8,26,9,GTGGCGTGCTGGCTGAGACT,17,3085957
rcsBp2,1.3,21,9,GTGCTGGTCAGACCTAGATG,12,3103611
rcsBp2,7.9,87,9,GTGCTAACTTTATTACGGAC,78,3113039
rcsBp2,3.4,42,9,GTGATTTGTCCCGATTCATG,33,3111874
rcsBp2,2.5,33,9,GTGATGGATAAGAGCCCCTA,24,3111290
rcsBp2,2.5,33,9,GTCTGAGAATGTCTCGCTGG,24,3083701
rcsBp2,2.0,28,9,GTCGTGTGGCTAGAATTAAT,19,3117272
rcsBp2,3.0,38,9,GTCCGTTTCTCCCCAAATAT,29,3086673
rcsBp2,4.4,52,9,GTCCGCTCCCGCATACTTCT,43,3095980
rcsBp2,0.2,10,9,GTCAGAGCGAGATAATGTCC,1,3078543
rcsBp2,2.9,37,9,GTATTAAGCGTACATAGAGC,28,3104347
rcsBp2,1.7,25,9,GTAGTTTCCTCGGTTGTGAT,16,3107295
rcsBp2,3.9,47,9,GTAGGCCTGGGCGTGGAAGA,38,3074053
rcsBp2,2.0,28,9,GTAGAAGAGCGAGGACCATA,19,3081901
rcsBp2,11.0,118,9,GTACGGATTTAGAAGCTCGT,109,3104351
rcsBp2,2.9,37,9,GTAAATCAGGGGAAAACTAA,28,3090920
rcsBp2,0.2,10,9,GGTTCTTATACACGCCATGT,1,3088448
rcsBp2,1.8,26,9,GGTGCATAGTGGTGTAATCT,17,3088617
rcsBp2,2.3,31,9,GGTCACGTGAAGAGGGTGGG,22,3079602
rcsBp2,7.4,82,9,GGTACTCGCAGTTGTGGGGA,73,3096948
rcsBp2,3.6,44,9,GGGTTGTAATAACTGAAGGT,35,3101064
rcsBp2,4.7,55,9,GGGTGGTCTGAGATACCTAG,46,3105879
rcsBp2,0.2,10,9,GGGTCTCTCAGATGGGGCAT,1,3111679
rcsBp2,1.3,21,9,GGGTCACTAGAGTTCCTAAG,12,3080875
rcsBp2,0.2,10,9,GGGGTCATCTCGTTAAACTT,1,3107503
rcsBp2,2.7,35,9,GGGGCTCAGGTCAGCATCCC,26,3116734
rcsBp2,5.3,61,9,GGGGCCTCTGCGGGGATTCA,52,3085250
rcsBp2,3.9,47,9,GGGCGGCATTTCCCGACCCA,38,3118324
rcsBp2,2.0,28,9,GGGCCTTGTACCTTGGCTCT,19,3107485
rcsBp2,4.8,56,9,GGCTCCATCAGAAGCTGCCC,47,3077417
rcsBp2,0.2,10,9,GGCTAATGGGACTCATCATC,1,3093073
rcsBp2,1.0,18,9,GGCCTCCAGCAAATTCTGCA,9,3097093
rcsBp2,1.9,27,9,GGCCAGCAACTTAGAACACC,18,3120391
rcsBp2,1.0,18,9,GGATTATGACCGCCCTCGGG,9,3109272
rcsBp2,3.2,40,9,GGATCTGTTACAATCCTTAA,31,3083208
rcsBp2,0.6,14,9,GCTTTAAGTGCACGTACACT,5,3112374
rcsBp2,1.9,27,9,GCTGGCACATAGAAATATGA,18,3095414
rcsBp2,2.1,29,9,GCTGAATAGGGTCTACTCGA,20,3118760
rcsBp2,0.9,17,9,GCTACGTCACAGATAAGCGC,8,3110812
rcsBp2,2.0,28,9,GCGGTCGGAATGTGCTCTCC,19,3104623
rcsBp2,4.0,48,9,GCGGTAACTACCGAAAGAGG,39,3108268
rcsBp2,0.8,16,9,GCGGACTCTGCACGCGCTAT,7,3105407
rcsBp2,8.5,93,9,GCGATGGGACGATGAAGACA,84,3121196
rcsBp2,1.5,23,9,GCCTAGGCGGGAGATTAAGG,14,3121731
rcsBp2,0.2,10,9,GCCGCGTGTGCGACCACCAA,1,3107412
rcsBp2,2.8,36,9,GCCAACTACCATGAATCTCT,27,3089547
rcsBp2,2.3,31,9,GATTCTTAGGGTCTACTTCG,22,3095349
rcsBp2,1.1,19,9,GATGATTGCCCTAGTTGCAT,10,3099125
rcsBp2,9.8,106,9,GATCAACCACTGAGGTGCTT,97,3113975
rcsBp2,2.3,31,9,GAGTTAGGGAAGTCACCCTT,22,3113782
rcsBp2,2.9,37,9,GAGTCCTATTGACGTAAGGG,28,3088623
rcsBp2,2.7,35,9,GAGGCACCGAGGGTTCGACT,26,3086674
rcsBp2,4.1,49,9,GACTTTCAAAAAGGGACTCT,40,3116203
rcsBp2,2.6,34,9,GACGGGGTAGTCGTAAGACG,25,3078922
rcsBp2,0.8,16,9,GACGCCACCGCTTCGTATCG,7,3110360
rcsBp2,0.4,12,9,GACAGCGCTGGGTGGCCGCA,3,3086142
rcsBp2,1.1,19,9,GAATCCCTGGGTCTGACACT,10,3076109
rcsBp2,1.0,18,9,GAATCAGGGGCCGGGGCAGG,9,3094489
rcsBp2,1.5,23,9,GAATCACGTTGCAGGAGGCA,14,3076657
rcsBp2,2.0,28,9,GAACTCGTCACACCCAAAGG,19,3117633
rcsBp2,0.9,17,9,CTTGGTACCAGCCTATCTAT,8,3118222
rcsBp2,1.2,20,9,CTTCGAGTATATTCCCCCTT,11,3111585
rcsBp2,1.2,20,9,CTTCAAGGGGCGCCCGCCAA,11,3090583
rcsBp2,3.3,41,9,CTGCCCTGAGCTTTTCCCGT,32,3120271
rcsBp2,1.1,19,9,CTGCAAGTTCGGCACCGAAA,10,3120610
rcsBp2,0.8,16,9,CTGACGCGGTCTACTTTCAG,7,3100488
rcsBp2,3.2,40,9,CTGACCAGAGGCTGACCCGT,31,3093355
rcsBp2,0.3,11,9,CTCGCACCTCCCTAAACCAG,2,3102877
rcsBp2,1.1,19,9,CTACAGTGAGGAGAAGTCAC,10,3109919
rcsBp2,1.3,21,9,CGTGAGTGTTGGTACAATGG,12,3081097
rcsBp2,0.2,10,9,CGTGAGATGGCGTAGTGCAT,1,3116704
rcsBp2,5.4,62,9,CGTAGATGATTAGTCAACTT,53,3095877
rcsBp2,9.6,104,9,CGGGAACCCTACCTGGTAAC,95,3094449
rcsBp2,5.2,60,9,CGGCTGACTGTAGTAGTGCA,51,3117572
rcsBp2,1.2,20,9,CGGCCTGTCACTTGGCACAC,11,3120630
rcsBp2,3.5,43,9,CGGCCAGACCACACTAGACA,34,3073780
rcsBp2,0.6,14,9,CGGCACACCGCAACATTTCG,5,3082119
rcsBp2,1.0,18,9,CGGAGCTACGACCACCTACG,9,3076985
rcsBp2,1.4,22,9,CGCTAGCAGTCGTTCCACAT,13,3093022
rcsBp2,4.1,49,9,CGCGGACCCACGTTTGGGAT,40,3108687
rcsBp2,0.6,14,9,CGCATTCTACCCCTCATTCT,5,3102289
rcsBp2,2.9,37,9,CGCAGGGCGCTAAGTGACCA,28,3118670
rcsBp2,0.3,11,9,CGATTTGTACAAACGTAATG,2,3086765
rcsBp2,0.2,10,9,CGAGACTCGCGTGGACCCGT,1,3116543
rcsBp2,1.7,25,9,CGAAGCCTCACATCGCCCTA,16,3081261
rcsBp2,2.6,34,9,CGAAAAGGATGTGTCCTGGT,25,3115326
rcsBp2,0.3,11,9,CCTGAAGCGTTAAACCAACT,2,3090546
rcsBp2,2.7,35,9,CCGTAGCCGTGAATTTAACA,26,3118622
rcsBp2,1.1,19,9,CCGGTCTCAAACGGATAAGG,10,3077166
rcsBp2,4.7,55,9,CCGGTAAGGATGCTGAGAAT,46,3116081
rcsBp2,1.6,24,9,CCGGGGAAGCAGCCATAGCA,15,3100088
rcsBp2,0.2,10,9,CCGCTTAATTCTCCTGGGCT,1,3078128
rcsBp2,1.7,25,9,CCCTCTCCCTGACCCCGTAA,16,3122571
rcsBp2,2.1,29,9,CCCGTGTTAATACTGGCGTG,20,3078268
rcsBp2,1.7,25,9,CCCCTGTTCACGTGCGGATG,16,3102346
rcsBp2,1.3,21,9,CCCCCGGCGTTACTCTCTCC,12,3110193
rcsBp2,3.1,39,9,CCCAGAGCGGCATCCACGTC,30,3080539
rcsBp2,0.5,13,9,CCAGAGTCGTACCGGAGAGA,4,3086193
rcsBp2,0.7,15,9,CCAGACTTAAGATATTGGGA,6,3074640
rcsBp2,0.2,10,9,CCACGTCAAGGCAGACTTAG,1,3103410
rcsBp2,1.8,26,9,CCACGCTAGATCCCCGTGTA,17,3092758
rcsBp2,0.3,11,9,CCACAAGATAGATGCAGACA,2,3103836
rcsBp2,1.8,26,9,CATCGGCTCTTTAAATAGCG,17,3089354
rcsBp2,0.6,14,9,CATCGCATCGCCCCTATCGA,5,3077920
rcsBp2,0.9,17,9,CATCCAATCCATAAAAAATA,8,3097092
rcsBp2,2.0,28,9,CAGTAAACGCGTTACGTCAA,19,3089063
rcsBp2,0.5,13,9,CAGGTCATGCAGTGCATAGT,4,3118838
rcsBp2,6.8,76,9,CAGGGCGCAGCTCTTTACTA,67,3105436
rcsBp2,2.7,35,9,CAGCTTGGAATGCAACCTGT,26,3083846
rcsBp2,0.2,10,9,CAGATTTAGTAGGGGAGGAT,1,3095944
rcsBp2,0.2,10,9,CAGAGAGCCACATCGGGCGC,1,3090203
rcsBp2,2.0,28,9,CACTTAAACCCTTCTCCGTT,19,3110809
rcsBp2,0.2,10,9,CACGTCCTCTATCATGTATA,1,3115708
rcsBp2,1.2,20,9,CACGCCAGTGTCATTCAATA,11,3093961
rcsBp2,2.4,32,9,CACACTCAGACTCTTTTAAG,23,3100915
rcsBp2,0.2,10,9,CAATTGGCACTTCGTAGGCC,1,3117310
rcsBp2,0.2,10,9,CAATGTCGCCACACGACCTG,1,3098397
rcsBp2,1.2,20,9,CAATGCCGCCGAGTTAGGAA,11,3113348
rcsBp2,0.2,10,9,CAATCCAAAGATGCTCGGAA,1,3105278
rcsBp2,0.9,17,9,CAATAGAGCGACATACCGGT,8,3122843
rcsBp2,1.2,20,9,CAAGTCTATATGTGAAAGAG,11,3108271
rcsBp2,0.9,17,9,CAAGAATGCACTCATTAGGA,8,3081676
rcsBp2,1.2,20,9,ATTATACGCTCAAACCAGAC,11,3102703
rcsBp2,1.6,24,9,ATTAGGCCTGTCCGCTCTCT,15,3106264
rcsBp2,8.2,90,9,ATTACGTGGGACACCATATG,81,3114308
rcsBp2,0.3,11,9,ATTACAATATACGGGAAGAC,2,3117305
rcsBp2,1.5,23,9,ATGTTTGGTGTCACATCCCT,14,3092546
rcsBp2,2.8,36,9,ATGGTAGGTCCATCCTGGGG,27,3115336
rcsBp2,2.7,35,9,ATGGCCGGGAGAGCCGTATC,26,3108626
rcsBp2,2.6,34,9,ATGCTTGCGTGTTTCCTCCT,25,3109227
rcsBp2,1.1,19,9,ATGCACCAGGGCACTGGTAA,10,3089087
rcsBp2,1.9,27,9,ATCTCGCATATAACGCGCAT,18,3114450
rcsBp2,2.6,34,9,ATCCGAAAAATGACCACCTA,25,3089671
rcsBp2,0.2,10,9,ATCACTTCTCCTGGCATTAA,1,3114660
rcsBp2,1.4,22,9,ATCAATACGTCCCGCGCAGG,13,3076431
rcsBp2,0.2,10,9,ATATTCCTGGTCTAAGCTGT,1,3102066
rcsBp2,0.5,13,9,ATATCGGGATGAAACACCGT,4,3087326
rcsBp2,6.3,71,9,ATATCCGGACTTGTTCGGGG,62,3097763
rcsBp2,0.4,12,9,ATATCCGATTCTATCCTCAC,3,3102375
rcsBp2,2.2,30,9,ATACACCAGGGTTCATGTGT,21,3085704
rcsBp2,4.1,49,9,ATAAGTGGGAATGCTGTACG,40,3119783
rcsBp2,5.9,67,9,ATAACGTATACACGGATGGT,58,3099970
rcsBp2,3.7,45,9,AGTCCTCATCTAGTGTACAA,36,3074109
rcsBp2,0.2,10,9,AGTACCTCGCGCGTGCGAAA,1,3112488
rcsBp2,2.0,28,9,AGTACCTACTATGGATGGTA,19,3092199
rcsBp2,0.2,10,9,AGGTGCGGAAATGGCCAGTT,1,3082486
rcsBp2,0.2,10,9,AGCTTTGCTCAGTTGGCTAC,1,3075644
rcsBp2,5.1,59,9,AGCTGGAACGGGCTGTCTTT,50,3105755
rcsBp2,1.2,20,9,AGCTCCGCAATTGTACCTTT,11,3102541
rcsBp2,0.2,10,9,AGCTAAAGCGGTTCAGTTCC,1,3097567
rcsBp2,1.8,26,9,AGCACTGGATAACCCTGGCA,17,3081781
rcsBp2,1.9,27,9,AGCACACGAGGAAAGGTCTA,18,3083959
rcsBp2,2.2,30,9,AGATCTCACTGTCTATTTCC,21,3120010
rcsBp2,0.2,10,9,AGATACCCATATTAAAGAGC,1,3098580
rcsBp2,4.4,52,9,AGAGTATGCATCGCTGGCGT,43,3089135
rcsBp2,1.6,24,9,AGAGCGGCGTGGGGCGGGGA,15,3087132
rcsBp2,0.2,10,9,AGACGGATCCTCCTCGGCAA,1,3115185
rcsBp2,2.6,34,9,AGACGGACCTCCTCGAGAGG,25,3084433
rcsBp2,3.0,38,9,AGAACGTTACTAATAACCGC,29,3121491
rcsBp2,3.2,40,9,ACTGAATAGTTCACACATCT,31,3116827
rcsBp2,5.6,64,9,ACTCGGTGTTTAAGGGATTT,55,3094965
rcsBp2,1.6,24,9,ACTCGACGTAAATTGCATAC,15,3119912
rcsBp2,1.6,24,9,ACTAAATCGGTATTCGGAGG,15,3077605
rcsBp2,12.7,135,9,ACGCAGGGTCAATGGGTTTC,126,3112905
rcsBp2,8.6,94,9,ACGATGCGTCGGAGGATCCA,85,3097481
rcsBp2,1.9,27,9,ACGAAAGCAGAACCATCTAT,18,3092883
rcsBp2,1.5,23,9,ACCTCATCCTGACGATAAGT,14,3112141
rcsBp2,0.6,14,9,ACCGTAGGGGTATGGGTCCT,5,3083799
rcsBp2,0.2,10,9,ACCGCAAGGGTAGCGTTGAG,1,3111867
rcsBp2,2.5,33,9,ACCGACAGATTCGGGAAACA,24,3116662
rcsBp2,0.6,14,9,ACCCTGTGGATCAGGCCGGT,5,3096066
rcsBp2,1.1,19,9,ACCCTACTAAGTGTCTGAGC,10,3087118
rcsBp2,2.3,31,9,ACCAGACAATGCGAGAACTA,22,3075957
rcsBp2,4.7,55,9,ACATCGGGCCATCATGTTAG,46,3078718
rcsBp2,2.7,35,9,ACAGGCACTTGTCTTTTACT,26,3087024
rcsBp2,2.2,30,9,ACAGCTCTCGTAACAGGTAT,21,3095464
rcsBp2,0.3,11,9,ACACTCAGACCACAGATAAG,2,3085285
rcsBp2,4.0,48,9,AATTCCGAGGCGATGTAGCA,39,3110824
rcsBp2,5.0,58,9,AATTAATGTTGTAAAATCGT,49,3105536
rcsBp2,1.4,22,9,AATATCTTGGTTAGCCTTCT,13,3109613
rcsBp2,1.7,25,9,AAGGAGTGTGAGCAGCGTTT,16,3097828
rcsBp2,3.7,45,9,AAGCGTGCGGGTCAACCCCC,36,3120089
rcsBp2,1.7,25,9,AAGATATCGAGTAGTCACCG,16,3075680
rcsBp2,0.2,10,9,AAGAGTTATTAAATTTAACC,1,3075590
rcsBp2,5.3,61,9,AAGAGAGTTCAATTGTCTCT,52,3082445
rcsBp2,5.2,60,9,AACGGAACGCATTTCCAGGT,51,3093947
rcsBp2,3.1,39,9,AACCCCGTCGCTGACCCATT,30,3115672
rcsBp2,1.5,23,9,AAATCTGTACGGAGCGATGG,14,3101927
rcsBp2,2.4,32,9,AAAGTGAGAGCGGGCAATTG,23,3105983
rcsBp2,0.2,10,9,AAAGTCATGGCGTACGGTAA,1,3092407
rcsBp2,1.5,23,9,AAAGCTCATAATCCTAGTTA,14,3104219
rcsBp2,0.2222222222222222,9,8,TTTATCATGAAGGCAGGTCA,1,3102261
rcsBp2,1.1111111111111112,17,8,TTGTATATCATACAGTTCGG,9,3089597
rcsBp2,2.111111111111111,26,8,TTGCGCGCGCACGTAGAAGT,18,3115565
rcsBp2,0.6666666666666666,13,8,TTGATCGCTAGACACTCGGA,5,3093529
rcsBp2,0.8888888888888888,15,8,TTGACCATTACCGCTTCGTG,7,3119472
rcsBp2,1.4444444444444444,20,8,TTCCCTCCGCCGCGAAGGCC,12,3075387
rcsBp2,3.3333333333333335,37,8,TTCAATGTTCCTTCGTATGC,29,3112824
rcsBp2,0.2222222222222222,9,8,TTAGTTCTAAACAGTGGTGG,1,3097388
rcsBp2,7.111111111111111,71,8,TTAGAGGACGTTGAGTGAAC,63,3074415
rcsBp2,2.111111111111111,26,8,TTACGAATTCCGTGGGCTCG,18,3091021
rcsBp2,0.2222222222222222,9,8,TTAAGGGTCAATAGGAGTTT,1,3105125
rcsBp2,2.111111111111111,26,8,TGTTTTGATTTGTCTTACTG,18,3114459
rcsBp2,0.3333333333333333,10,8,TGTGAAAAATGACGCTGGTT,2,3097427
rcsBp2,2.888888888888889,33,8,TGTCCAAGACGCCCGTTGTG,25,3087395
rcsBp2,7.111111111111111,71,8,TGTAAATGTACACTCATTTT,63,3123002
rcsBp2,1.2222222222222223,18,8,TGGTTTTTTGTCCCATGATG,10,3103352
rcsBp2,2.3333333333333335,28,8,TGGGTCCGTACGATAATAAA,20,3091320
rcsBp2,5.666666666666667,58,8,TGGCACCACTATACTCGATG,50,3076112
rcsBp2,6.666666666666667,67,8,TGGACCCAACCTGGGGGGTC,59,3100603
rcsBp2,5.0,52,8,TGCGGGCGCTAAAGGTAGTC,44,3104650
rcsBp2,3.0,34,8,TGCGGATTCGCTCGTAGGGT,26,3076342
rcsBp2,1.8888888888888888,24,8,TGCGCAAATCTAACTTTCGG,16,3088365
rcsBp2,0.2222222222222222,9,8,TGCCGAGGCTACCTAGTTTG,1,3097385
rcsBp2,3.3333333333333335,37,8,TGAAAATCTACAGAGTGAAG,29,3088490
rcsBp2,6.444444444444445,65,8,TCTTGCCTGTCGAGGAGGGT,57,3102994
rcsBp2,2.5555555555555554,30,8,TCTTCTAGAACAATAAAACC,22,3084942
rcsBp2,1.6666666666666667,22,8,TCTTCAGATTAGGGGTTGAG,14,3096115
rcsBp2,2.4444444444444446,29,8,TCTTATACAACACACCTGAT,21,3082834
rcsBp2,6.333333333333333,64,8,TCTGGTAGCTTGTTTTTCTG,56,3088547
rcsBp2,0.2222222222222222,9,8,TCTGACTTGTAGGGGGTTAT,1,3118988
rcsBp2,1.6666666666666667,22,8,TCTAGAGGTTGTACTCAAGT,14,3092521
rcsBp2,4.666666666666667,49,8,TCTACGGTGTCCGACCAGCA,41,3110674
rcsBp2,0.4444444444444444,11,8,TCGTTTGCCACTCGTCACTC,3,3115981
rcsBp2,2.6666666666666665,31,8,TCGTCTTTGACTCCGTGTGC,23,3106591
rcsBp2,1.5555555555555556,21,8,TCGGCTCTGACGCCCGAGTG,13,3091962
rcsBp2,1.1111111111111112,17,8,TCGCATGCAGGGCGGGACCT,9,3074359
rcsBp2,0.2222222222222222,9,8,TCGACCACTAATGACTGATT,1,3111457
rcsBp2,1.4444444444444444,20,8,TCCATGCGCGGGTTAATCTG,12,3102620
rcsBp2,2.7777777777777777,32,8,TCCAAGCGAGTACCCGGTTC,24,3108121
rcsBp2,2.2222222222222223,27,8,TCAGTGATAAACCCCTTGTG,19,3120207
rcsBp2,1.7777777777777777,23,8,TCACTATTCGTTTTTGTCTG,15,3093183
rcsBp2,0.5555555555555556,12,8,TCAATATTCGTCACAGGGTC,4,3083739
rcsBp2,1.2222222222222223,18,8,TCAAGTGGACACTCTCGGTC,10,3108610
rcsBp2,0.3333333333333333,10,8,TATTGCCCTGCATTAAACCA,2,3103241
rcsBp2,2.6666666666666665,31,8,TATTCCAACACAAATCCACA,23,3122308
rcsBp2,0.2222222222222222,9,8,TATTACCTGTTTCCATTCGT,1,3120250
rcsBp2,1.0,16,8,TATGATACGTCATATCGGCT,8,3103246
rcsBp2,1.0,16,8,TATCACTTAGTAGCGGGTGG,8,3094138
rcsBp2,1.1111111111111112,17,8,TAGGGCTCGGGGTGCTGTAA,9,3105683
rcsBp2,2.4444444444444446,29,8,TAGGCCGTCATGTGCCGTGT,21,3105391
rcsBp2,0.2222222222222222,9,8,TAGGAGCATCAAACACGAAG,1,3088787
rcsBp2,9.11111111111111,89,8,TAGCGAAGTTACGTCCTGTA,81,3090785
rcsBp2,5.0,52,8,TAGCCCCACTAAGTCACCCA,44,3111379
rcsBp2,3.3333333333333335,37,8,TAGAGTCTTTCCGGTCGTGC,29,3088216
rcsBp2,7.222222222222222,72,8,TAGAGCATACAATTGCTCCC,64,3103435
rcsBp2,7.222222222222222,72,8,TAGAACGACTGCTCGCCTAA,64,3082957
rcsBp2,1.7777777777777777,23,8,TACTTCATCAATGATCGCAG,15,3073923
rcsBp2,0.2222222222222222,9,8,TACTGGGTCGTTTGAACCTA,1,3120658
rcsBp2,1.5555555555555556,21,8,TACCTGCCTCACGGTGAGGC,13,3092235
rcsBp2,1.7777777777777777,23,8,TACCTACATCAATATAAGTA,15,3110243
rcsBp2,2.0,25,8,TACAGTAACTATTCAGAAAT,17,3082472
rcsBp2,2.111111111111111,26,8,TACACTGGTGTCGGCAAATG,18,3090251
rcsBp2,3.0,34,8,TAATTGCATTAGACACAATA,26,3077419
rcsBp2,0.4444444444444444,11,8,TAACGGGCTTAAATAATTCA,3,3092542
rcsBp2,2.7777777777777777,32,8,TAACGACGCGGCACTTGCCC,24,3087814
rcsBp2,2.5555555555555554,30,8,TAACACTTTGGCCAGTACAA,22,3098996
rcsBp2,3.0,34,8,GTGCTCTGACAGATTACCCC,26,3111331
rcsBp2,0.2222222222222222,9,8,GTGCGCCGGCCTGTTTGGGT,1,3112977
rcsBp2,3.3333333333333335,37,8,GTGAGGGTTACCCCCTTCAA,29,3095865
rcsBp2,1.8888888888888888,24,8,GTCTCTTACAGGACGCGATC,16,3084288
rcsBp2,3.7777777777777777,41,8,GTCGGTCGTGGAGTCGCAGA,33,3075880
rcsBp2,6.222222222222222,63,8,GTCGGGCGCGACAATGTCAC,55,3074181
rcsBp2,5.777777777777778,59,8,GTCGGAGGTATATGCCGCGA,51,3076010
rcsBp2,1.5555555555555556,21,8,GTCCACCGTCGTCACTCGTA,13,3119842
rcsBp2,0.2222222222222222,9,8,GTCAGTGTGAAGACAGAATT,1,3077791
rcsBp2,0.2222222222222222,9,8,GTCACCAGCAAGGAGTCGGC,1,3085531
rcsBp2,0.7777777777777778,14,8,GTATTTGTGGGTCAGCGTTG,6,3112644
rcsBp2,0.2222222222222222,9,8,GTATTTATACAGGTATAATT,1,3075949
rcsBp2,2.7777777777777777,32,8,GTATTGCGGCTTTCGATGTG,24,3099729
rcsBp2,1.3333333333333333,19,8,GTATTAACGCTTCCTTCCAC,11,3102649
rcsBp2,0.4444444444444444,11,8,GTACGAGTGACCTGGGACGC,3,3091148
rcsBp2,0.2222222222222222,9,8,GTACCCATCCAGCTGCGACT,1,3110634
rcsBp2,0.3333333333333333,10,8,GGTTCCGTGACAACTCGGAC,2,3083348
rcsBp2,4.555555555555555,48,8,GGTGGATTACAATCTCGTAA,40,3088449
rcsBp2,0.2222222222222222,9,8,GGTCTAGAGTACAAGCCGAA,1,3080468
rcsBp2,0.2222222222222222,9,8,GGTAGGAGAACGGTCAGCCA,1,3076166
rcsBp2,0.7777777777777778,14,8,GGTACCGAGCAGAAGCCTTC,6,3085134
rcsBp2,4.222222222222222,45,8,GGGTGCCAGTGAGGGTGCCT,37,3112987
rcsBp2,1.2222222222222223,18,8,GGGTCCCGGGCGTTGGACCC,10,3095803
rcsBp2,2.111111111111111,26,8,GGGGAGGCATTAAGGGGTGG,18,3089766
rcsBp2,6.222222222222222,63,8,GGGCTTCAGTTCGCACACAT,55,3104956
rcsBp2,1.7777777777777777,23,8,GGCAGTTTGAGTAGGGCTGC,15,3086233
rcsBp2,5.222222222222222,54,8,GGCAAGCCCATAATGTATGT,46,3117127
rcsBp2,0.3333333333333333,10,8,GCTTTAGAATGTCTTGATGT,2,3078056
rcsBp2,1.4444444444444444,20,8,GCTGGTCATTAACGCTTGGT,12,3090244
rcsBp2,2.2222222222222223,27,8,GCTGGCGGAGTGCGGGGGGA,19,3117068
rcsBp2,0.7777777777777778,14,8,GCGTCTGTCGGTTATATTCG,6,3079856
rcsBp2,0.2222222222222222,9,8,GCGGTCAAAGATGCCAGTTT,1,3096580
rcsBp2,3.111111111111111,35,8,GCGGACATCCATCGCAGTCA,27,3085631
rcsBp2,8.555555555555555,84,8,GCGCGCTGCTCCATTTTATG,76,3086885
rcsBp2,1.5555555555555556,21,8,GCGCCCAAAACTCTACATAT,13,3096969
rcsBp2,0.3333333333333333,10,8,GCGCAGCTGCAATAGGGGTC,2,3113779
rcsBp2,2.111111111111111,26,8,GCCGACCCCCAAGATACTCT,18,3103281
rcsBp2,6.777777777777778,68,8,GCCAAGCTCGGATGACTATC,60,3115310
rcsBp2,0.3333333333333333,10,8,GCCAAAAAAGTAAGAGGCCA,2,3106159
rcsBp2,0.5555555555555556,12,8,GCATGTTCCCATCTAAGGAG,4,3092776
rcsBp2,0.7777777777777778,14,8,GCAAAATAGGTGCCTTACAG,6,3101629
rcsBp2,0.3333333333333333,10,8,GATTGCCCTTTGCTACTCAC,2,3102175
rcsBp2,3.2222222222222223,36,8,GATGTTAGAAATGCATTCGT,28,3114887
rcsBp2,1.2222222222222223,18,8,GATGCGAAATTATAGAACAC,10,3092761
rcsBp2,4.111111111111111,44,8,GATCCTGAAAGGTCACGCTT,36,3108167
rcsBp2,1.7777777777777777,23,8,GAGTCTGTTGCCTATTGGTT,15,3075429
rcsBp2,1.4444444444444444,20,8,GAGCGGTAGATTGTTACCAA,12,3075803
rcsBp2,3.0,34,8,GAGATAACCTCTCGGCGCAA,26,3119072
rcsBp2,1.5555555555555556,21,8,GAGATAAATAATCGAATAAA,13,3101665
rcsBp2,0.2222222222222222,9,8,GACGTTGAGCTTGGCCCTTA,1,3094375
rcsBp2,2.3333333333333335,28,8,GACGCGCACTATTATTACCT,20,3094876
rcsBp2,1.1111111111111112,17,8,GACCTAGAGTCGGACTTCGT,9,3100811
rcsBp2,2.3333333333333335,28,8,GACCGTACAGCTGCTCCGGT,20,3087926
rcsBp2,0.2222222222222222,9,8,GACACTTCCGCGTACCACGT,1,3105513
rcsBp2,1.4444444444444444,20,8,GAATTAGCTTGCCCTGGCGG,12,3097907
rcsBp2,2.6666666666666665,31,8,GAATGTCACCTAATCGAGGA,23,3113899
rcsBp2,1.3333333333333333,19,8,GAAATAGATTAGCAGATTAC,11,3107838
rcsBp2,2.2222222222222223,27,8,CTTTTTAAGCCAGGCCCTCG,19,3077501
rcsBp2,0.2222222222222222,9,8,CTTTGGAGTACGTACTCCTT,1,3120338
rcsBp2,3.2222222222222223,36,8,CTTTAGTGCTTGGGATGGTT,28,3091084
rcsBp2,2.4444444444444446,29,8,CTTGTAGCTTTATAGCGTGG,21,3091516
rcsBp2,3.4444444444444446,38,8,CTTGTAGCAAAGTGGCTCAT,30,3115199
rcsBp2,8.11111111111111,80,8,CTTGGGGGGGCAAGCCGCAT,72,3116162
rcsBp2,0.2222222222222222,9,8,CTTCCACGCTACAACAATCA,1,3078061
rcsBp2,2.5555555555555554,30,8,CTTCACCAAACCCTCTCCGC,22,3092959
rcsBp2,3.888888888888889,42,8,CTTATGGTGCGCGTGACGTT,34,3114738
rcsBp2,5.111111111111111,53,8,CTGTATTTAAATCGTCCTTT,45,3093945
rcsBp2,1.2222222222222223,18,8,CTGGATCGGCCCGTTTGAAA,10,3107688
rcsBp2,4.333333333333333,46,8,CTGCATGCCTAAGAGACAAT,38,3103695
rcsBp2,2.7777777777777777,32,8,CTGATAAGTTGGATACTGGA,24,3106146
rcsBp2,0.2222222222222222,9,8,CTGAGGTTTGACTCCCTGCG,1,3076999
rcsBp2,1.4444444444444444,20,8,CTGACGTGTACATAAATGGC,12,3090788
rcsBp2,1.8888888888888888,24,8,CTCTAAACACTTTATGCTGC,16,3107902
rcsBp2,2.7777777777777777,32,8,CTCGTGAGTACGCATCGTGG,24,3103924
rcsBp2,1.4444444444444444,20,8,CTCGCTTTCTGTATAGGCTT,12,3096778
rcsBp2,2.4444444444444446,29,8,CTCCGTTAAGTCAGGTCTCC,21,3078700
rcsBp2,0.8888888888888888,15,8,CTCACATTACGAGGATTCAG,7,3090263
rcsBp2,1.1111111111111112,17,8,CTAACCGGAATCTTTTTCGA,9,3122140
rcsBp2,4.333333333333333,46,8,CTAAATTTTCGCGGCTTGGT,38,3078947
rcsBp2,2.0,25,8,CTAAAAACACTAAAATGAGC,17,3088405
rcsBp2,1.5555555555555556,21,8,CGTTGGTTTCGGGCTCGACC,13,3104749
rcsBp2,0.2222222222222222,9,8,CGTCAGAAACCATGATGGGG,1,3113703
rcsBp2,3.6666666666666665,40,8,CGTATCCTCTTAACTCCCCC,32,3115167
rcsBp2,1.5555555555555556,21,8,CGGTGCCCGAAGGGCACAAA,13,3095966
rcsBp2,5.0,52,8,CGGGTATCTCCTTCCTCCAT,44,3121204
rcsBp2,3.3333333333333335,37,8,CGGGTAAGGCAATACGGTAG,29,3122609
rcsBp2,2.0,25,8,CGGGATTAAGGCGAAAGTGA,17,3113245
rcsBp2,0.2222222222222222,9,8,CGGAGGTATTAAATCACGGT,1,3112565
rcsBp2,2.6666666666666665,31,8,CGCTTTTACCAGTAATACTT,23,3107631
rcsBp2,2.7777777777777777,32,8,CGCTGTGCTAAAGTGGTGAT,24,3102107
rcsBp2,22.0,205,8,CGCGTCAGTCGCCTTTGGGG,197,3082813
rcsBp2,2.0,25,8,CGCGGGTCCGGCATCGTAAT,17,3080084
rcsBp2,0.2222222222222222,9,8,CGCGCGGACATTGCTTATGC,1,3078296
rcsBp2,2.7777777777777777,32,8,CGCCCCCAGGGTACTTCATT,24,3101902
rcsBp2,5.888888888888889,60,8,CGCACTCGCTGGGCTCTACA,52,3088048
rcsBp2,1.1111111111111112,17,8,CGAGTCATACTTAGTAACGT,9,3119042
rcsBp2,2.888888888888889,33,8,CGAGCATGCTGAGAGAAGGC,25,3083958
rcsBp2,3.4444444444444446,38,8,CCTTTAGGGGAACGTTCGGG,30,3101218
rcsBp2,0.2222222222222222,9,8,CCTGCGACATAGCTGGAGAC,1,3112918
rcsBp2,0.2222222222222222,9,8,CCTGCAGAAGGTCGATGTGC,1,3120386
rcsBp2,3.5555555555555554,39,8,CCTCCTCGGCCTGGAAGTCG,31,3097943
rcsBp2,6.111111111111111,62,8,CCTCCGCAGGCCGGTCCGTA,54,3097426
rcsBp2,3.2222222222222223,36,8,CCTAGCGTGCACCTAAGTGG,28,3087947
rcsBp2,1.1111111111111112,17,8,CCTAGCGCGATCCCAAAGGA,9,3077060
rcsBp2,2.6666666666666665,31,8,CCTACGGCCAGAACCGACGA,23,3110016
rcsBp2,1.4444444444444444,20,8,CCGTCATGCCTCGTATGGGC,12,3107296
rcsBp2,2.4444444444444446,29,8,CCGGGTCAAACTCAAGGCGT,21,3096810
rcsBp2,3.7777777777777777,41,8,CCGCATCCGCGGCGCTCGTT,33,3086173
rcsBp2,2.4444444444444446,29,8,CCGATAAGGCACTTAGCACG,21,3095493
rcsBp2,1.5555555555555556,21,8,CCGAAATGGGTGCGCCGCCA,13,3082645
rcsBp2,1.4444444444444444,20,8,CCCTGGCTAACCATCCAGTA,12,3079867
rcsBp2,3.4444444444444446,38,8,CCCTCCGTTGGCGTACTAAT,30,3074185
rcsBp2,2.111111111111111,26,8,CCCTCAGCCTGTCTCCGCTC,18,3075417
rcsBp2,4.888888888888889,51,8,CCCGTGATCTTCGATAATTG,43,3120166
rcsBp2,4.111111111111111,44,8,CCCGAAGTAGAGTCCATGAG,36,3116169
rcsBp2,1.7777777777777777,23,8,CCCACGCTCCGGGAACTCTC,15,3111859
rcsBp2,1.1111111111111112,17,8,CCAGTACATCGGACCGACAT,9,3074811
rcsBp2,1.5555555555555556,21,8,CATTGGGACTTTAAGCAGTA,13,3106597
rcsBp2,0.5555555555555556,12,8,CATCGGGTATGTCAAAAAAT,4,3084510
rcsBp2,1.8888888888888888,24,8,CATAGGACTCCTGAGAGCGC,16,3097685
rcsBp2,6.777777777777778,68,8,CAGTCTCGTGATCTCCTAAC,60,3076879
rcsBp2,2.2222222222222223,27,8,CAGGGTACAGGTTATCTCTG,19,3118033
rcsBp2,3.2222222222222223,36,8,CAGGGCTCGTTTTTGGGCGG,28,3101964
rcsBp2,2.4444444444444446,29,8,CAGGCTGTTGCAACAATGAT,21,3110779
rcsBp2,0.4444444444444444,11,8,CAGGAGGGTGCGGACACTCC,3,3102701
rcsBp2,2.5555555555555554,30,8,CAGAGTTGGACGTAGCAAAC,22,3111647
rcsBp2,2.6666666666666665,31,8,CACTCAGTACTGCCAACCAA,23,3102410
rcsBp2,1.3333333333333333,19,8,CACACTTACGTATGCCCTTC,11,3083795
rcsBp2,2.2222222222222223,27,8,CACACATTCGACCGTCGTTC,19,3084505
rcsBp2,1.0,16,8,CACAATAGATGTACCCGGAT,8,3112751
rcsBp2,2.6666666666666665,31,8,CAATGTTGAGGTGACGGCCG,23,3082776
rcsBp2,0.2222222222222222,9,8,CAATACCGGCAGGGTCGAGA,1,3111907
rcsBp2,1.6666666666666667,22,8,CAAGTTTTGGTCCTTTATTC,14,3102497
rcsBp2,1.2222222222222223,18,8,CAAGTGTGTCTCACGCCTGT,10,3110896
rcsBp2,0.2222222222222222,9,8,CAACTTAGCTATGATGTTCT,1,3105725
rcsBp2,0.6666666666666666,13,8,CAACGGGGACGTGGTTATCC,5,3096275
rcsBp2,0.3333333333333333,10,8,CAAAAATCTATCAGCTCGAA,2,3107614
rcsBp2,5.222222222222222,54,8,ATTTGAAACTGCGAACCGTA,46,3089815
rcsBp2,2.2222222222222223,27,8,ATTGGTACCTTGGTAGTGAG,19,3088570
rcsBp2,0.2222222222222222,9,8,ATTCTGCAATCGTTATCGTC,1,3108802
rcsBp2,0.6666666666666666,13,8,ATGTGATAGTAACACAATAA,5,3107953
rcsBp2,0.3333333333333333,10,8,ATGTCCAGGTGGTGTGGGAG,2,3120913
rcsBp2,2.5555555555555554,30,8,ATGTACGCCGCGAGCCGTCT,22,3075247
rcsBp2,4.444444444444445,47,8,ATGGCTTGCTTAGAGTTCTA,39,3086288
rcsBp2,4.555555555555555,48,8,ATGGCTCGTAAGACGCAATT,40,3119285
rcsBp2,2.0,25,8,ATGCTGTTACAAGGACGGTT,17,3088660
rcsBp2,0.5555555555555556,12,8,ATGCTATGTAAAAATGACAA,4,3109010
rcsBp2,1.2222222222222223,18,8,ATGCGGGACTGCACGAGCCT,10,3114344
rcsBp2,5.333333333333333,55,8,ATGCAGTACGGTCCATAAAC,47,3107853
rcsBp2,5.555555555555555,57,8,ATGACCCGCTGGTGGGTTAG,49,3085915
rcsBp2,6.111111111111111,62,8,ATCGTGTTAGGAGTCCATTA,54,3092458
rcsBp2,3.7777777777777777,41,8,ATCGGATTACCGGAACGACA,33,3102974
rcsBp2,4.0,43,8,ATCGCTGAGATCTCGTGGAG,35,3091304
rcsBp2,0.2222222222222222,9,8,ATCAGGCTTACGTCGGCTGA,1,3079812
rcsBp2,0.2222222222222222,9,8,ATCAGACATGATAGCCAATA,1,3114389
rcsBp2,0.2222222222222222,9,8,ATATTCATCCACTGTTGCAT,1,3092511
rcsBp2,2.0,25,8,ATATGCTCAAAAACTGTGAG,17,3122235
rcsBp2,1.5555555555555556,21,8,ATATGCAACGCAACGTTAAT,13,3081747
rcsBp2,3.888888888888889,42,8,ATATGAGTTTCTTAAAGGCG,34,3110023
rcsBp2,2.3333333333333335,28,8,ATATCCTAGAACTAAAACCG,20,3091450
rcsBp2,3.5555555555555554,39,8,ATAGTACAAGCCACACGATC,31,3119216
rcsBp2,0.6666666666666666,13,8,ATACCAATCTCAGCAATGTA,5,3077914
rcsBp2,8.444444444444445,83,8,ATAAATTGTTGGGTGTTGTA,75,3102496
rcsBp2,6.0,61,8,AGTGACCGCCCACGAGGCTG,53,3094273
rcsBp2,1.5555555555555556,21,8,AGTCTACGCGCAGTCTTTGG,13,3084844
rcsBp2,1.8888888888888888,24,8,AGTCGTGTCCGGTCACGCGA,16,3109231
rcsBp2,1.1111111111111112,17,8,AGTCGGACAGCATTATTTAA,9,3101840
rcsBp2,0.5555555555555556,12,8,AGTAGGGATTAAGGTTTCAT,4,3108924
rcsBp2,2.111111111111111,26,8,AGTAATTAACGAGGGCCACG,18,3110580
rcsBp2,1.8888888888888888,24,8,AGGTTTCTCGCCTACGATAA,16,3105942
rcsBp2,5.111111111111111,53,8,AGGTCTTACTCCGGGTCTGA,45,3122225
rcsBp2,0.4444444444444444,11,8,AGGGGTAGCTGATTCACCGC,3,3092972
rcsBp2,7.111111111111111,71,8,AGGCTACCCGCCTAAAGGAC,63,3085903
rcsBp2,0.2222222222222222,9,8,AGGAACGTTCGGGCGGTAGA,1,3100677
rcsBp2,3.6666666666666665,40,8,AGCTTATGTCCGCACTTGGG,32,3095158
rcsBp2,6.111111111111111,62,8,AGCTAGGGTGACTCCGGAAC,54,3090831
rcsBp2,3.5555555555555554,39,8,AGATCGACGCAAACGGTAGG,31,3073760
rcsBp2,0.2222222222222222,9,8,AGATATCCTGGCGGCGCCTT,1,3110034
rcsBp2,7.111111111111111,71,8,AGAATGACGAAATAGGTGAT,63,3120044
rcsBp2,1.2222222222222223,18,8,AGAAGCGACACCGTTGTACC,10,3086428
rcsBp2,11.333333333333334,109,8,AGAACACTGTAAGCGAACAG,101,3121971
rcsBp2,5.333333333333333,55,8,ACTCATTTTCGCGAATATAA,47,3102097
rcsBp2,2.6666666666666665,31,8,ACGTAAAACGGGCGGACGGA,23,3101009
rcsBp2,2.5555555555555554,30,8,ACGATCTCTTTGGTCCATCC,22,3118625
rcsBp2,3.3333333333333335,37,8,ACGACCAGCAGAGGAATCTA,29,3102618
rcsBp2,3.2222222222222223,36,8,ACCACGTAGAGCTAAAAGCA,28,3082206
rcsBp2,1.2222222222222223,18,8,ACAGGGGATCACAGAAACCC,10,3078097
rcsBp2,1.2222222222222223,18,8,ACAGGCCCTGACCTTTTCTT,10,3108641
rcsBp2,1.0,16,8,ACACTATGGAGTTTATTTAA,8,3077473
rcsBp2,0.2222222222222222,9,8,ACAACTGATAGGGGATATTC,1,3085108
rcsBp2,2.5555555555555554,30,8,AATTTATTTTCCCGATCACA,22,3118775
rcsBp2,1.8888888888888888,24,8,AATTCACTCCGTAATTTATG,16,3095608
rcsBp2,2.6666666666666665,31,8,AATGATCTGCTTTAAACCTC,23,3078298
rcsBp2,1.7777777777777777,23,8,AATATTGCTCCTCTAATCCT,15,3098945
rcsBp2,3.5555555555555554,39,8,AATAGGAGAGTCAAATTCGT,31,3103803
rcsBp2,2.888888888888889,33,8,AATAGAGGGTTTCAATGTTG,25,3106083
rcsBp2,3.2222222222222223,36,8,AATACCATTTCCGGTCTCGT,28,3102104
rcsBp2,1.5555555555555556,21,8,AAGTGGGGCATGACCAGGAA,13,3084547
rcsBp2,0.6666666666666666,13,8,AAGACTACCCGAGAGATTAT,5,3120216
rcsBp2,2.3333333333333335,28,8,AACCGTGTCTCCATCGCACT,20,3107541
rcsBp2,1.4444444444444444,20,8,AACCCATGCCGGTTATCGGG,12,3093663
rcsBp2,0.2222222222222222,9,8,AACCAATGTCAATTTTTATG,1,3108543
rcsBp2,0.3333333333333333,10,8,AACAATCGCTTTAGGTGCTT,2,3109488
rcsBp2,2.888888888888889,33,8,AAATTAAGGTTACCAGGTCA,25,3103359
rcsBp2,2.3333333333333335,28,8,AAATCGGTGGCGACGTTTGC,20,3081816
rcsBp2,1.7777777777777777,23,8,AAAGTGACGATTTCGCCGGT,15,3100099
rcsBp2,5.333333333333333,55,8,AAAGGAGTCAATCGGTCTTG,47,3112104
rcsBp2,5.666666666666667,58,8,AAACCATACGTCCGTGAACC,50,3075599
rcsBp2,0.5555555555555556,12,8,AAAAAGGTGGGTGGGTGCGT,4,3097294
rcsBp2,1.0,16,8,AAAAAACCTGTGGGATCAAA,8,3099255
rcsBp2,0.25,8,7,TTTTCCGCTTACGATATTTC,1,3079247
rcsBp2,1.625,19,7,TTTTATTTACGTTTTTTCCT,12,3110398
rcsBp2,3.5,34,7,TTTGCCAGGATACTAACAAT,27,3089088
rcsBp2,4.0,38,7,TTTGATAGGTTAATATGCGG,31,3100973
rcsBp2,1.875,21,7,TTTCTTAGATCATTTCGTAG,14,3098452
rcsBp2,2.125,23,7,TTTCGATACAAAACGTCGGT,16,3088924
rcsBp2,2.5,26,7,TTTATCTCCGGTATCTGGCC,19,3121772
rcsBp2,1.875,21,7,TTTACCCCAGCCAGTTTCCT,14,3088206
rcsBp2,3.125,31,7,TTTACACTTCTTAACATAAG,24,3113624
rcsBp2,2.25,24,7,TTGGGCCTGTTTGCGATGGA,17,3076512
rcsBp2,3.375,33,7,TTGGATACTCCGCAATATAC,26,3110297
rcsBp2,3.75,36,7,TTGATAGTTCTCGACAAAAG,29,3083050
rcsBp2,4.375,41,7,TTCATTGCGCATTTAGGACC,34,3113259
rcsBp2,2.375,25,7,TTCAGTCCCCTTCTGCATTT,18,3114307
rcsBp2,0.25,8,7,TTATGGATTTGTCTTGACTA,1,3118436
rcsBp2,2.75,28,7,TTAGATGTCTGTTCGATCGG,21,3086666
rcsBp2,1.875,21,7,TTACAGGGAGGGACACGATC,14,3092092
rcsBp2,2.25,24,7,TGTTGGCAGTCCGCAATTTT,17,3113126
rcsBp2,1.625,19,7,TGTGTTCAGAAATCGATGCA,12,3095775
rcsBp2,2.5,26,7,TGTAATCTGGGTATCCCGCT,19,3100092
rcsBp2,1.0,14,7,TGGTCTAAATACAGAGGTAG,7,3075906
rcsBp2,2.875,29,7,TGGGGGCTTTACACGATGAT,22,3122611
rcsBp2,1.0,14,7,TGGCTACCGCGGGCTACAAA,7,3083960
rcsBp2,0.375,9,7,TGCTTTTTACGAATACCGCT,2,3104746
rcsBp2,2.0,22,7,TGCTGCCTTCGTGAGGCTCG,15,3076122
rcsBp2,0.375,9,7,TGCTCGTTATTTGCCCGAAT,2,3105143
rcsBp2,1.125,15,7,TGCGCATAATAATTGGGTAT,8,3120367
rcsBp2,3.375,33,7,TGCGAGAACGTCTTCATTCT,26,3110382
rcsBp2,2.875,29,7,TGCATTGGTTCTACGTCAGC,22,3108115
rcsBp2,2.125,23,7,TGATCTGACGAGTTTCAATC,16,3110154
rcsBp2,4.5,42,7,TGAGGCGATTTCAGTACAGT,35,3089187
rcsBp2,0.25,8,7,TGAGACGTGTTTTAAGACGA,1,3111133
rcsBp2,2.125,23,7,TGACGGCGCCAGCAGACGAC,16,3077408
rcsBp2,0.875,13,7,TCTTGTTGCTCGTAGTCTGA,6,3078753
rcsBp2,0.25,8,7,TCTTCCTAATCGTAAGCCGT,1,3110889
rcsBp2,6.5,58,7,TCTGTGGATGTAGAATCCGC,51,3104273
rcsBp2,2.375,25,7,TCTCACCGCACTATTTGTTA,18,3074991
rcsBp2,1.5,18,7,TCTAGCGGACCAGTGCGACC,11,3121163
rcsBp2,1.375,17,7,TCTAGAGGCAAGCAACGATA,10,3098819
rcsBp2,1.0,14,7,TCTACTAACACCCTTTCCCT,7,3087115
rcsBp2,1.625,19,7,TCTACATTAAGTACCAACGG,12,3085538
rcsBp2,3.375,33,7,TCTACACCAACTAATAGACC,26,3111705
rcsBp2,0.875,13,7,TCTAAGCGCTGGTCAGGAGG,6,3076220
rcsBp2,2.5,26,7,TCGTGGATGTCGGAACTTTC,19,3077927
rcsBp2,1.125,15,7,TCCTTGCCCGCGGACGTCGT,8,3106458
rcsBp2,1.5,18,7,TCCGTTAAAGTTCATGTAGC,11,3109841
rcsBp2,2.5,26,7,TCCGCGTACGAAGAGCTACC,19,3113244
rcsBp2,1.0,14,7,TCCAGCCGTGCTGTGTCACA,7,3081366
rcsBp2,10.5,90,7,TCACATTAGTACTGGCCCCG,83,3088992
rcsBp2,2.75,28,7,TCAATGACCATGGTTGCTTA,21,3101181
rcsBp2,3.75,36,7,TATTCAGTCGATCAAAGCGG,29,3080085
rcsBp2,3.0,30,7,TATTACGCTAGGCTCATGAT,23,3117812
rcsBp2,0.25,8,7,TATGGAACCCACAAAAAAAG,1,3117891
rcsBp2,4.0,38,7,TATGCAGTCTCACGGACCTC,31,3083816
rcsBp2,1.5,18,7,TATCTCCGGGCTCTCCCTAG,11,3094414
rcsBp2,0.25,8,7,TATAAAACGCTCGTCTCAAT,1,3112177
rcsBp2,3.0,30,7,TAGGGCCACGGAATTTTGAT,23,3117685
rcsBp2,1.25,16,7,TAGATTCCGAGATACTGCGT,9,3109812
rcsBp2,3.25,32,7,TAGATTACTATGGAAACCAT,25,3091674
rcsBp2,3.75,36,7,TACTCAGACGAGTTAGACAA,29,3102474
rcsBp2,10.125,87,7,TACCGGATTTCATCTACAAG,80,3098170
rcsBp2,3.625,35,7,TAAAGGACCCATCTAACCGA,28,3104709
rcsBp2,0.875,13,7,GTTGAGAAATTGTGGGCCAC,6,3117140
rcsBp2,3.625,35,7,GTTCGGGGCCTTTATACATG,28,3119389
rcsBp2,0.5,10,7,GTTAGGGTCGGTACGAGATG,3,3091581
rcsBp2,5.875,53,7,GTTAAACACGCACATGCGGT,46,3089828
rcsBp2,2.125,23,7,GTGGGGACGGCACTAGATGC,16,3085648
rcsBp2,8.75,76,7,GTGGGACCAAATGTGAGCAT,69,3103433
rcsBp2,2.625,27,7,GTGCTAATAGTTTGTCCTGC,20,3087853
rcsBp2,4.25,40,7,GTGAAGCACGTTGATCCTTT,33,3122592
rcsBp2,2.125,23,7,GTCTTGCCTTGTAGTCGCTT,16,3079749
rcsBp2,2.375,25,7,GTCTCCCAAGCACATCTTTT,18,3089921
rcsBp2,1.875,21,7,GTCGGGCTATATGGTAGAAC,14,3075193
rcsBp2,5.0,46,7,GTCGGCTACTCTCTACATTG,39,3098620
rcsBp2,0.375,9,7,GTCGCACGGGCTACCACGAG,2,3093571
rcsBp2,2.875,29,7,GTCCACCAACGTTAACCTTG,22,3094005
rcsBp2,3.625,35,7,GTCAAGAAAAGCGTCAAGCG,28,3113374
rcsBp2,3.0,30,7,GTAGTGTTTCCAATCATTTA,23,3102658
rcsBp2,2.375,25,7,GTAGTACCCTCTCATGATGG,18,3078576
rcsBp2,4.75,44,7,GTACTTGCGGGATGGGCTAA,37,3113229
rcsBp2,0.75,12,7,GTAATTGCCCGCCCAGCATC,5,3093123
rcsBp2,1.375,17,7,GTAATACCGGTCCATGAGGA,10,3085186
rcsBp2,7.75,68,7,GTAACGTTTGTTAGAATGTT,61,3094137
rcsBp2,0.25,8,7,GTAAATTGATCCCCGCTATA,1,3110189
rcsBp2,0.25,8,7,GGTTAAGTTTAGGCGATCAC,1,3079818
rcsBp2,1.125,15,7,GGTGTGGATCATACGGGCAT,8,3079194
rcsBp2,1.5,18,7,GGTGGCCAAGTGTGTGGGTC,11,3090135
rcsBp2,4.625,43,7,GGTGGCATCCGATACATAGA,36,3077461
rcsBp2,6.25,56,7,GGTGGACAGAAAACCGCGTT,49,3092564
rcsBp2,2.625,27,7,GGTATTTATTCCCAACTCCT,20,3119491
rcsBp2,0.75,12,7,GGTACAGATCAATATGCGGT,5,3078452
rcsBp2,2.375,25,7,GGGTTGGCTTCCGCTGCGGC,18,3076744
rcsBp2,0.25,8,7,GGGTCGCGGCACTTTAGATA,1,3120176
rcsBp2,0.25,8,7,GGGTCCCTTGGAGTCGGCGC,1,3105231
rcsBp2,0.625,11,7,GGGTCAAAACGGATGTGCCC,4,3100182
rcsBp2,1.0,14,7,GGGTAGACCTAAGTCAAGTA,7,3106906
rcsBp2,4.125,39,7,GGGTACTGCACTCCTCACAG,32,3074081
rcsBp2,2.5,26,7,GGGCAGGCTCACGACTCTTT,19,3097445
rcsBp2,3.75,36,7,GGGCAGCCCCAAGGAAATGC,29,3106526
rcsBp2,2.375,25,7,GGCGCTCGCTCCTTAGGATC,18,3098285
rcsBp2,3.875,37,7,GGCGAATTATTTGTATCACC,30,3086986
rcsBp2,0.5,10,7,GGATGGCATACGACGCAACC,3,3115628
rcsBp2,5.125,47,7,GGAGACGTTCTAGTCGAAGC,40,3098161
rcsBp2,2.0,22,7,GGACTAGCGCAACGTCGGCT,15,3086878
rcsBp2,3.125,31,7,GGACATGGGCCAAAACGACT,24,3115114
rcsBp2,2.75,28,7,GGAATCTTATCCGGTTACAC,21,3115237
rcsBp2,3.0,30,7,GGAAGACACAAACACAACTA,23,3083699
rcsBp2,2.625,27,7,GCTTAAACCGTGCGAGACCA,20,3112373
rcsBp2,7.875,69,7,GCTGTGCAAAGTTATCACTG,62,3087000
rcsBp2,1.875,21,7,GCTCGCGTACGCCAATCAGA,14,3122310
rcsBp2,3.0,30,7,GCTATGCAGAACGTAGCTTT,23,3112785
rcsBp2,1.0,14,7,GCGTATTTGGCCAGACAGAA,7,3083662
rcsBp2,1.875,21,7,GCGGTTATATCTTCCTTCGA,14,3110833
rcsBp2,6.375,57,7,GCGGTCTGCAAGAGACCGTG,50,3087502
rcsBp2,0.75,12,7,GCGGGGCGACTTGCGCTAAC,5,3085810
rcsBp2,0.25,8,7,GCGAGACTGACTTGAACTGT,1,3075809
rcsBp2,3.75,36,7,GCGACTTCACAGTCCGCCCT,29,3112680
rcsBp2,3.875,37,7,GCGACGAGTAGGGCGCCCAT,30,3108133
rcsBp2,2.0,22,7,GCGAAGATATTGCCCTTAAT,15,3114499
rcsBp2,4.375,41,7,GCCGGCCGATCGGGTTAGTC,34,3075718
rcsBp2,7.625,67,7,GCCCAGCTCGGGCCTTTATA,60,3098897
rcsBp2,2.875,29,7,GCCACTGGGAGCGGTTGAGC,22,3101384
rcsBp2,5.875,53,7,GCCAAGATATTAGAGAAGCA,46,3108686
rcsBp2,2.125,23,7,GCCAACGGCCTGTCTACGGC,16,3074180
rcsBp2,1.5,18,7,GCAGTAAAGTCACTCTGGCT,11,3118502
rcsBp2,10.875,93,7,GCACGGCAACATGGAGGTTT,86,3085241
rcsBp2,1.125,15,7,GATTGAAAGTTGAAAATAAC,8,3097581
rcsBp2,0.75,12,7,GATTCAGACGTATGTGCTCT,5,3118019
rcsBp2,3.5,34,7,GATTATGGTCTAAGTATAAT,27,3099625
rcsBp2,1.5,18,7,GATGTTAGTCTCATGGGAGG,11,3114095
rcsBp2,2.375,25,7,GATGATAGGTACACGGAGCC,18,3082203
rcsBp2,4.375,41,7,GAGTTAAATCCCGCCACCTG,34,3122084
rcsBp2,1.0,14,7,GAGGTCGTATCGAACTCCTC,7,3111837
rcsBp2,0.5,10,7,GAGGCATGGGTGGCAAAATA,3,3087804
rcsBp2,6.875,61,7,GAGGAACGTGACGCCCGTAT,54,3085749
rcsBp2,5.125,47,7,GAGACTACCCATGGGACAAC,40,3084066
rcsBp2,1.75,20,7,GACTTGGTTGTGCCGTGGAG,13,3115377
rcsBp2,2.25,24,7,GACATGCATCACCAGTCTTG,17,3095475
rcsBp2,3.125,31,7,GACATCGAGCTAGTGTAACG,24,3098774
rcsBp2,1.125,15,7,GACAAGTGGTCCATATCGCT,8,3116481
rcsBp2,1.25,16,7,GAATTGTCTTAGTCCAACGC,9,3081367
rcsBp2,4.375,41,7,GAACATGTAGCGTACGAGAT,34,3114200
rcsBp2,4.5,42,7,GAACATAATAACTTTATACA,35,3111562
rcsBp2,1.75,20,7,GAAATCACTTACAGCATCAA,13,3082262
rcsBp2,2.875,29,7,GAAACAATCTTGGGGTGAGT,22,3082751
rcsBp2,7.625,67,7,CTTTATGTCCAGACAGGCCC,60,3121872
rcsBp2,0.25,8,7,CTTTACGAGAACGATTTCAC,1,3093641
rcsBp2,3.5,34,7,CTTGTTCAAACTCACGCAAT,27,3108923
rcsBp2,2.5,26,7,CTTGGGTTAGTTCACTCCCC,19,3119923
rcsBp2,1.75,20,7,CTTGGGACCAACGGAACTTG,13,3094478
rcsBp2,0.25,8,7,CTTGCAGCCACGAAAGAGCA,1,3110569
rcsBp2,8.5,74,7,CTTAAGGTCTCACTCTGCTT,67,3074707
rcsBp2,7.375,65,7,CTGTTCTGTTTCGCGCGAGT,58,3112107
rcsBp2,6.5,58,7,CTGTTATACGACTTTGCTGA,51,3114848
rcsBp2,3.875,37,7,CTGTACCTCTGTGTATATTC,30,3079139
rcsBp2,8.5,74,7,CTCGCGACAATCTAGGACAT,67,3094866
rcsBp2,0.875,13,7,CTATTAGTTCGTTACTAGGA,6,3118597
rcsBp2,6.375,57,7,CTATCTTTTGAACGCATTCT,50,3109810
rcsBp2,3.875,37,7,CTAGGTCGTGAATCGCATCA,30,3090794
rcsBp2,4.75,44,7,CTAAACGAGAATGACAGTGT,37,3107945
rcsBp2,2.875,29,7,CGTTGCATAGTCCAAGCGGT,22,3090287
rcsBp2,0.375,9,7,CGTCTGCGTTCCGGAAGAAA,2,3074664
rcsBp2,1.875,21,7,CGTCAGCCAAATGTCTCGGA,14,3108109
rcsBp2,5.125,47,7,CGTAGTTTTGGTCATTATGC,40,3092915
rcsBp2,2.25,24,7,CGTACTTGACCCAGCATACG,17,3119033
rcsBp2,0.625,11,7,CGGTTACGACAAGAAACTTG,4,3098641
rcsBp2,2.875,29,7,CGGCTCTACATCCAATAATA,22,3107592
rcsBp2,4.125,39,7,CGGATTTTTCAACCAGTGTG,32,3107841
rcsBp2,4.5,42,7,CGGACAATATTGGCTCCTAG,35,3113412
rcsBp2,2.0,22,7,CGCCGCAGATTGGGAGCGAG,15,3121213
rcsBp2,4.625,43,7,CGCACATCTAGATTTATTCA,36,3089716
rcsBp2,4.25,40,7,CGATTCCTTGACGGACCAAC,33,3106654
rcsBp2,2.0,22,7,CGAACGTCTTCTCCAGGGAT,15,3077643
rcsBp2,2.75,28,7,CCTTGAGAAGTCACCGAAGT,21,3108843
rcsBp2,5.0,46,7,CCTTACTAGATCTTTGAATA,39,3105475
rcsBp2,2.0,22,7,CCGTTATTATGCTTGGCTAT,15,3084631
rcsBp2,0.25,8,7,CCGTGTCTTCCTAAGTTCCC,1,3099295
rcsBp2,5.375,49,7,CCGTGTCAGACAGATCGATG,42,3090073
rcsBp2,6.75,60,7,CCGGGGGTATACGGCCGTAT,53,3104314
rcsBp2,4.0,38,7,CCGCTCTCTACCAGTTTCCT,31,3114841
rcsBp2,5.125,47,7,CCGAGTGCTTGTAGTGTAGT,40,3110827
rcsBp2,4.5,42,7,CCGACGTTTAGAACCCGAGT,35,3094947
rcsBp2,2.0,22,7,CCCGCTTACGCATCAAAAAG,15,3102315
rcsBp2,2.875,29,7,CCCGAGCATAAGTTGCTAAA,22,3121331
rcsBp2,2.25,24,7,CCCCGACAGTCATTATGACC,17,3074682
rcsBp2,8.25,72,7,CCCCCTAAGGCAGTCGAGAT,65,3119050
rcsBp2,1.875,21,7,CCCAGGTTGGTTTCCAGCGA,14,3104723
rcsBp2,1.875,21,7,CCAGTCAAGTCACGGTCTCC,14,3118266
rcsBp2,4.875,45,7,CCAGGCGAACGTCTGTTATA,38,3085559
rcsBp2,5.875,53,7,CCACCCTACACGCGAGGGTC,46,3102481
rcsBp2,1.375,17,7,CCACACAGTCTGGAGTTGAC,10,3112251
rcsBp2,0.625,11,7,CCAATCGCACATGCAACAAC,4,3103431
rcsBp2,0.25,8,7,CCAAGGGGTCGAGGTTACTT,1,3080056
rcsBp2,0.25,8,7,CCAAATGTAACGATTACTGT,1,3103447
rcsBp2,4.125,39,7,CATTTTCAAATTCCTCCAAT,32,3105039
rcsBp2,0.25,8,7,CATTCATTACGTACTGCACC,1,3095220
rcsBp2,0.625,11,7,CATCTACGCTACCAAATGCA,4,3117689
rcsBp2,1.25,16,7,CATCTACACGAGTTATCGCC,9,3074750
rcsBp2,1.875,21,7,CATCACGCCCGGAACAGGGT,14,3080829
rcsBp2,3.375,33,7,CATAGTTCCTCCCCTGGTAA,26,3085316
rcsBp2,0.25,8,7,CAGTTGGTACTCAGGCAGTT,1,3091647
rcsBp2,3.5,34,7,CAGTGCAGTAAGCTCTTGTT,27,3104647
rcsBp2,3.625,35,7,CAGTACGGTCGATTTGAGTT,28,3117363
rcsBp2,4.625,43,7,CAGGGCGATGAGGGTAGGTC,36,3099533
rcsBp2,2.375,25,7,CAGAGCACTCCGCGCCACCG,18,3117483
rcsBp2,1.625,19,7,CAGACCAGTGAATAACTGAC,12,3107672
rcsBp2,1.5,18,7,CAGAAGGTATGAGCTAGGAG,11,3107319
rcsBp2,4.0,38,7,CACTCGGTATTGGACACGGG,31,3115009
rcsBp2,1.625,19,7,CACTAAAATGGGCTAAGTTG,12,3076072
rcsBp2,1.375,17,7,CACCCCACGATGTGCGGCGC,10,3115725
rcsBp2,4.5,42,7,CACACTGGGACCGAGACTAA,35,3115858
rcsBp2,0.375,9,7,CACACAACAGGAGGAAGCGT,2,3117858
rcsBp2,4.625,43,7,ATTTTGGCAAAGATGGGCCT,36,3083464
rcsBp2,2.25,24,7,ATTGTGACATGGCAGAAGCG,17,3120054
rcsBp2,3.0,30,7,ATGTGATAACCCATCACGTT,23,3118704
rcsBp2,2.375,25,7,ATGCTTGTCGGTCTAGTGCC,18,3118039
rcsBp2,0.25,8,7,ATGCGTACCTTTTATACACG,1,3077326
rcsBp2,3.0,30,7,ATGCCGTCCAGGCGTGGTTT,23,3100139
rcsBp2,1.75,20,7,ATCTTCATCGGACCTTGCGC,13,3081801
rcsBp2,4.25,40,7,ATATTCTTCACTTAGCATTG,33,3099839
rcsBp2,0.25,8,7,ATAGGAGCATTGCTTTCCCT,1,3102437
rcsBp2,3.625,35,7,ATACGGGGCAAAATAATAGG,28,3075348
rcsBp2,4.625,43,7,ATACCAGCGGGTCGTACCGA,36,3112635
rcsBp2,1.875,21,7,AGTTCATGCCGGATCGTGTG,14,3098679
rcsBp2,6.875,61,7,AGTGCGTGCGCGAGTCTGGA,54,3109958
rcsBp2,3.25,32,7,AGTAGCCATTTACAATCCCT,25,3113367
rcsBp2,2.875,29,7,AGGGTACACCCGTCATATAG,22,3089531
rcsBp2,2.75,28,7,AGGGCTCCACGTGCCGCTCC,21,3084708
rcsBp2,0.25,8,7,AGGGAACAGCGGGTTTTCCA,1,3096434
rcsBp2,1.25,16,7,AGCCTCCCAAAGCCATGTGG,9,3086053
rcsBp2,1.25,16,7,AGCCCTCCGACGGTCATGCG,9,3101839
rcsBp2,2.75,28,7,AGCCAGTCCTAAGACTGGCC,21,3103940
rcsBp2,3.0,30,7,AGCATGGCCCGTTATTAACA,23,3101442
rcsBp2,3.625,35,7,AGATCTCAAGGTTGCGCCTA,28,3119095
rcsBp2,0.5,10,7,AGACCGGACCAGTACCGTTA,3,3109400
rcsBp2,0.375,9,7,AGACCCCTTTGTATGGCTAA,2,3109708
rcsBp2,1.875,21,7,AGAATGGCACCGGGTAGGCC,14,3080683
rcsBp2,0.875,13,7,AGAACACTCTCCAGGGGGCT,6,3103293
rcsBp2,0.25,8,7,AGAAAGGCGAGGCACTTCCG,1,3118945
rcsBp2,3.5,34,7,ACTTGTTTGAAAGGAGCCTA,27,3096080
rcsBp2,9.875,85,7,ACTTATCATTATCAAGACGG,78,3102996
rcsBp2,1.5,18,7,ACTCGTGTCCTCTGTACAGA,11,3105294
rcsBp2,2.25,24,7,ACGTGGCGCTTTACGGCTGA,17,3081181
rcsBp2,3.625,35,7,ACGTCGGCAGGTGTGCACAC,28,3116478
rcsBp2,1.125,15,7,ACGGGATTTCCAAAGGGCTT,8,3090873
rcsBp2,5.125,47,7,ACGGACAAGCACGGAAACCT,40,3081873
rcsBp2,12.875,109,7,ACGCGTCGGGACGCTAGACT,102,3101359
rcsBp2,1.875,21,7,ACGCGAAATCCGTACCTTTC,14,3086924
rcsBp2,2.25,24,7,ACGCAAAAGGGTTAGAGTAG,17,3087810
rcsBp2,2.875,29,7,ACCTGGAGGAACTGAGAGCT,22,3119855
rcsBp2,5.125,47,7,ACCTGCTGCGGTGGGTCTTT,40,3105115
rcsBp2,0.25,8,7,ACCTAGTGATGAAGACGCCT,1,3100440
rcsBp2,0.75,12,7,ACCCCACATACAGCAGATCC,5,3109856
rcsBp2,6.25,56,7,ACCAAGACCAACAGTTCTCG,49,3088413
rcsBp2,0.25,8,7,ACAGTGTACCTCCCCCAACC,1,3084271
rcsBp2,3.125,31,7,ACAGCAGAGAGCGTGATATG,24,3082785
rcsBp2,0.25,8,7,ACAGAGTGGCGATCATCATG,1,3094649
rcsBp2,0.375,9,7,ACACGCCGGGGCTAATCAGA,2,3113704
rcsBp2,5.375,49,7,ACAATTTACGGAACGGCATA,42,3099402
rcsBp2,0.5,10,7,ACAAGACTTGGGGTCATAGG,3,3087054
rcsBp2,0.25,8,7,ACAAATGAATGATCGCCGAG,1,3092540
rcsBp2,2.0,22,7,AATTTGAATTGCGGGCTATA,15,3093547
rcsBp2,1.25,16,7,AATGCTTCGAATGTGTGCGC,9,3122058
rcsBp2,2.25,24,7,AATGAAACCCTGCTTCTGTA,17,3099406
rcsBp2,1.25,16,7,AATACGTTAAGGCATGGGCG,9,3121650
rcsBp2,0.25,8,7,AAGTCGCTGTATCAAACTGT,1,3090559
rcsBp2,4.875,45,7,AAGCGGATTGGGTTGCCGAA,38,3092460
rcsBp2,8.5,74,7,AAGCAGCTTGCATCTCGCTA,67,3102227
rcsBp2,2.5,26,7,AAGCAACAGCAACATGATGC,19,3091374
rcsBp2,11.0,94,7,AAGATTCTTCTGGCTTCTTT,87,3109956
rcsBp2,2.25,24,7,AACGGGAACTCGTTTTGAGA,17,3120405
rcsBp2,1.625,19,7,AACGGAATCATTCCTTTGTT,12,3114245
rcsBp2,6.0,54,7,AACGAGGAACATGTGTGCCA,47,3109661
rcsBp2,5.125,47,7,AACAGTGGATCCATAATGAT,40,3079073
rcsBp2,3.875,37,7,AACAGTGACACTATAGTTGG,30,3074195
rcsBp2,2.5,26,7,AAATGTCCTCAGGCCCTTGT,19,3096634
rcsBp2,1.875,21,7,AAAGACGCCAGCCCGGCCTA,14,3106979
rcsBp2,1.125,15,7,AAAGACCCTGTGGGGGATTT,8,3108234
rcsBp2,3.125,31,7,AAAATATTACGTGTGGGACT,24,3076767
rcsBp2,4.0,33,6,TTTTTAGATGAGGCTCATGG,27,3120801
rcsBp2,1.2857142857142858,14,6,TTTTCGTTGGTCCCCCAATC,8,3113077
rcsBp2,0.2857142857142857,7,6,TTTGGGCCTTAGATTTGGAC,1,3114492
rcsBp2,6.571428571428571,51,6,TTTGCGGTTTCGCAACACTA,45,3089646
rcsBp2,2.2857142857142856,21,6,TTTCTCGTCGTTAACACCAC,15,3107003
rcsBp2,6.285714285714286,49,6,TTTCCGATCCACCCATCTCA,43,3107105
rcsBp2,3.7142857142857144,31,6,TTTATGCCTCTAGGGCGCCC,25,3088297
rcsBp2,3.0,26,6,TTTAACGGGTCCTAACAATA,20,3107473
rcsBp2,2.5714285714285716,23,6,TTGTTCATCCACCCGAAGAA,17,3095495
rcsBp2,5.142857142857143,41,6,TTGTCCATCCTCGACTTTTA,35,3095862
rcsBp2,3.5714285714285716,30,6,TTGGGGCGGTACGAGGATAT,24,3085920
rcsBp2,9.714285714285714,73,6,TTGGACTTATCTGCCTGTTG,67,3122683
rcsBp2,0.2857142857142857,7,6,TTGCTTGCATGCGAAGGCTA,1,3110422
rcsBp2,0.2857142857142857,7,6,TTGCTGGCCCGCCATAGCAT,1,3079491
rcsBp2,2.5714285714285716,23,6,TTGCGGAAAACGATAATCAG,17,3092217
rcsBp2,0.42857142857142855,8,6,TTGAGCATATGGACACATAT,2,3107911
rcsBp2,1.2857142857142858,14,6,TTGAACTGTGCAGATTACTT,8,3110728
rcsBp2,0.7142857142857143,10,6,TTCGCAATTAGCGAGGATAT,4,3113536
rcsBp2,0.2857142857142857,7,6,TTCATGAGTAGGCGTAAAAC,1,3118747
rcsBp2,5.714285714285714,45,6,TTATTTCTCATATCCTGAGG,39,3094146
rcsBp2,1.8571428571428572,18,6,TTATGCGTGATCTCAACCAT,12,3084725
rcsBp2,3.0,26,6,TTAGAAGGAGTTTGCTGCGC,20,3094603
rcsBp2,3.142857142857143,27,6,TTACCCGTCAATCAGAACTA,21,3086388
rcsBp2,2.7142857142857144,24,6,TTACAGTCAATATGCCTGCC,18,3106569
rcsBp2,0.42857142857142855,8,6,TTAAGTAATTCGGAGGGTTA,2,3112842
rcsBp2,0.2857142857142857,7,6,TTAAAGTTTTGCTGACGGTC,1,3075598
rcsBp2,1.2857142857142858,14,6,TTAAACCTCCGGGACTCAGG,8,3101749
rcsBp2,1.5714285714285714,16,6,TGTTTCCGTAGTCCCTTGAT,10,3074959
rcsBp2,0.8571428571428571,11,6,TGTTGTGTACATGCTATTTG,5,3116439
rcsBp2,4.142857142857143,34,6,TGTTGGTGAGGCAGCGTGTA,28,3117581
rcsBp2,3.5714285714285716,30,6,TGTGATGGGTATGAAACGGC,24,3103678
rcsBp2,2.0,19,6,TGTAGTTAAGCGCAGCTAAC,13,3077692
rcsBp2,2.5714285714285716,23,6,TGTACAGAGTTAGCCTAATT,17,3097934
rcsBp2,1.1428571428571428,13,6,TGGTAGGCATATCGTCAGGT,7,3100322
rcsBp2,5.0,40,6,TGGTAGATTGTCGCTCGCAT,34,3120081
rcsBp2,2.7142857142857144,24,6,TGGGCTCATGGGTGCGGCTA,18,3112595
rcsBp2,0.2857142857142857,7,6,TGGGCCTTAGGCGCCAGTAT,1,3086852
rcsBp2,1.1428571428571428,13,6,TGCGCTGGACTGATACAGGG,7,3110680
rcsBp2,1.7142857142857142,17,6,TGAGAGCGTGCTATTCCGCT,11,3116967
rcsBp2,2.5714285714285716,23,6,TGAACGGCGACTAGCAACGG,17,3099375
rcsBp2,3.2857142857142856,28,6,TCTCTTGACCTCCAGGCATT,22,3107055
rcsBp2,3.142857142857143,27,6,TCTCTCAGTGGGTCCCAGCC,21,3109820
rcsBp2,0.8571428571428571,11,6,TCTCCATCAGTGCATCTTCC,5,3089004
rcsBp2,3.0,26,6,TCTAAGTCCTTGAAGACAAC,20,3116078
rcsBp2,0.8571428571428571,11,6,TCGTGGGTGGCCTCGGGGTA,5,3100270
rcsBp2,1.4285714285714286,15,6,TCGTCAAGCCAACAACAGAT,9,3075866
rcsBp2,1.5714285714285714,16,6,TCGGGCGGTCTAGGTGCTTT,10,3090299
rcsBp2,2.0,19,6,TCGGGAGCCATGACAGTAGA,13,3102108
rcsBp2,1.5714285714285714,16,6,TCGCGTCCTTTGGGATGGAG,10,3105385
rcsBp2,2.7142857142857144,24,6,TCGCCGGGAATATCGTAAAT,18,3083894
rcsBp2,4.0,33,6,TCGAGTGGCCATAGTCAGTA,27,3100319
rcsBp2,2.4285714285714284,22,6,TCGAGGTAGCGACAATGTCA,16,3096212
rcsBp2,5.285714285714286,42,6,TCGACCAGTCTAGTAACACA,36,3084627
rcsBp2,8.857142857142858,67,6,TCCTGTAGCGACGTGCAGGT,61,3121097
rcsBp2,0.2857142857142857,7,6,TCCTCGTGACCATCCCGCTT,1,3100296
rcsBp2,4.857142857142857,39,6,TCCGTGGCCCAGTAGAAAGA,33,3101051
rcsBp2,0.2857142857142857,7,6,TCCGGTCCATAAAAAAATAT,1,3120785
rcsBp2,5.428571428571429,43,6,TCCGGGTCTCCCCGTTGGGA,37,3075819
rcsBp2,3.2857142857142856,28,6,TCCGCCGAACCATTGGCTGT,22,3076561
rcsBp2,2.4285714285714284,22,6,TCCGAGGTGTGTTTATTGAT,16,3080546
rcsBp2,2.2857142857142856,21,6,TCAGCTGACTTGACCAGTGA,15,3094015
rcsBp2,1.1428571428571428,13,6,TCACCGACCTGTTACGCCCG,7,3108237
rcsBp2,2.2857142857142856,21,6,TCAAAGACTCACATCAATAG,15,3090730
rcsBp2,2.2857142857142856,21,6,TATGCGAGTGATACTACCCT,15,3118111
rcsBp2,0.7142857142857143,10,6,TATCCCGTTTAAGCCCCGCT,4,3105435
rcsBp2,3.7142857142857144,31,6,TAGCCGGAATGTTTTCACAG,25,3077544
rcsBp2,2.7142857142857144,24,6,TAGACGCGCATTGCGGCGAA,18,3107106
rcsBp2,0.2857142857142857,7,6,TACCTAGCTCCTGTGTTTAC,1,3102937
rcsBp2,3.5714285714285716,30,6,TACCCCGTGGACTGAACGTC,24,3112676
rcsBp2,0.2857142857142857,7,6,TACATTGATTTTAAAATTGC,1,3085629
rcsBp2,0.2857142857142857,7,6,TACATCGGGGTGCTGCGGCA,1,3093006
rcsBp2,1.1428571428571428,13,6,TAATTCACGCATGTCTTGGG,7,3118862
rcsBp2,3.142857142857143,27,6,TAATCTCCGGAATTACATAA,21,3103730
rcsBp2,0.2857142857142857,7,6,TAAGTTGCGCGGCCGACCGA,1,3096707
rcsBp2,2.7142857142857144,24,6,TAAGCTCCCGGGATGACGAT,18,3110456
rcsBp2,8.857142857142858,67,6,TAACGCTCCCAGTGAGGGTG,61,3108045
rcsBp2,1.5714285714285714,16,6,TAACGCCTGGGGTAATTTGC,10,3090871
rcsBp2,1.7142857142857142,17,6,TAACCAAGCTTACAAGGACC,11,3122293
rcsBp2,4.0,33,6,TAAATTTGCGGTTTGGCGTG,27,3107699
rcsBp2,2.7142857142857144,24,6,TAAATTGGTTCGGAGCTCGC,18,3110388
rcsBp2,2.857142857142857,25,6,TAAACGGGATTCTCCTTACA,19,3122287
rcsBp2,6.0,47,6,TAAAAATTGAGAGGTGAACT,41,3108689
rcsBp2,2.142857142857143,20,6,GTTTCGTGTGCGCGTCCGAA,14,3077288
rcsBp2,1.7142857142857142,17,6,GTTGTTTCAGTAGGACGGTA,11,3097401
rcsBp2,0.2857142857142857,7,6,GTTCGGCTAAGGATTTGATT,1,3109532
rcsBp2,1.5714285714285714,16,6,GTTAATGTATAAGAATAGGA,10,3076278
rcsBp2,1.8571428571428572,18,6,GTGTGTGTGCGAATCGTTAG,12,3095958
rcsBp2,0.7142857142857143,10,6,GTGGGATTCCCGCTGGCATT,4,3113685
rcsBp2,1.2857142857142858,14,6,GTGCACGGTGGAAGGCACCT,8,3083422
rcsBp2,2.4285714285714284,22,6,GTGAATCTCTGCGTCGTACG,16,3089972
rcsBp2,3.0,26,6,GTCGCCTTTGGATTCAGCGA,20,3089204
rcsBp2,0.2857142857142857,7,6,GTCGCACGATGGGGGGACTT,1,3092191
rcsBp2,4.571428571428571,37,6,GTCGAATTGATGTCCAATTA,31,3084764
rcsBp2,0.2857142857142857,7,6,GTCCGCCTTCCTGATCAAGA,1,3105776
rcsBp2,2.2857142857142856,21,6,GTAGCCGCCGCGACCGCGTG,15,3075227
rcsBp2,2.7142857142857144,24,6,GTACTGTGATAGAATCTGTG,18,3097480
rcsBp2,2.0,19,6,GTACTCCTCCCACGACCCAC,13,3116173
rcsBp2,0.42857142857142855,8,6,GTACTATGAAAAATCATTGG,2,3078155
rcsBp2,0.5714285714285714,9,6,GTACGGTTTTAACGGGAGCT,3,3082326
rcsBp2,2.2857142857142856,21,6,GTAACCCTTGGATGGGCGGA,15,3093604
rcsBp2,2.2857142857142856,21,6,GGTTGTCCTGAACTCTCGAT,15,3076448
rcsBp2,5.571428571428571,44,6,GGTTCGAATCTGCCAAATAG,38,3075986
rcsBp2,4.285714285714286,35,6,GGTGTCCCGCGCTACTCTGT,29,3104210
rcsBp2,2.857142857142857,25,6,GGTCGGTGCGGGAGTCGAGT,19,3110434
rcsBp2,3.857142857142857,32,6,GGTAAGTCAGATTTTTCTAA,26,3097061
rcsBp2,0.42857142857142855,8,6,GGGTAGTCCTGAAGCCTGTA,2,3081916
rcsBp2,0.2857142857142857,7,6,GGGTAGCAGCTACCGGCAAT,1,3086433
rcsBp2,1.5714285714285714,16,6,GGGGTATATAGAGGATCAGT,10,3110755
rcsBp2,2.7142857142857144,24,6,GGGGGCGAATCCAGCCATGT,18,3112490
rcsBp2,2.857142857142857,25,6,GGGGAGTTAACTCCTCTGGG,19,3089619
rcsBp2,2.2857142857142856,21,6,GGGGAGGCGCATGTGGAAAT,15,3094506
rcsBp2,4.571428571428571,37,6,GGGGAAGTATGTACACACTG,31,3102263
rcsBp2,4.0,33,6,GGGCTTACGCAAGTGTGGCT,27,3121931
rcsBp2,1.1428571428571428,13,6,GGGCCTACCATTTGGAATTT,7,3119626
rcsBp2,2.857142857142857,25,6,GGGCCATTACCAATGGAGAC,19,3078473
rcsBp2,0.2857142857142857,7,6,GGCTAACTAGATCTGTTTCC,1,3113951
rcsBp2,12.142857142857142,90,6,GGCCATTACGGTCCCGCCTG,84,3109961
rcsBp2,3.5714285714285716,30,6,GGAGTTTTCTAAGTAGGCAA,24,3099425
rcsBp2,2.5714285714285716,23,6,GGAGTCCGCGCATGTTGTCG,17,3076558
rcsBp2,0.8571428571428571,11,6,GGAGTATGGGCACCCGGTTG,5,3108401
rcsBp2,0.8571428571428571,11,6,GGAAAGAATCAGACCGCGGT,5,3110996
rcsBp2,1.2857142857142858,14,6,GCTTAAGTCCCTGATGCCGA,8,3101640
rcsBp2,0.2857142857142857,7,6,GCTGATGGTAAACTACTTGA,1,3107382
rcsBp2,0.42857142857142855,8,6,GCGTGTGGGGTTAACTGTCA,2,3082556
rcsBp2,9.0,68,6,GCGTGTCTGCAAAACAGTTT,62,3087247
rcsBp2,7.0,54,6,GCGGTCGCGGCCAGCTGCAA,48,3098830
rcsBp2,16.0,117,6,GCGGCTCAAGGTAGGACGTG,111,3101066
rcsBp2,5.857142857142857,46,6,GCGGACGTATCGCACCTGGA,40,3103585
rcsBp2,0.2857142857142857,7,6,GCGCGTTTGAAAGCGGGGTC,1,3077804
rcsBp2,4.285714285714286,35,6,GCGCGGAAGTAACCTACCCT,29,3109765
rcsBp2,0.7142857142857143,10,6,GCGAGCGCGGCTCGGTTCGG,4,3095070
rcsBp2,2.0,19,6,GCGAGCACTCGATGACCCTC,13,3080634
rcsBp2,2.857142857142857,25,6,GCCTTTACAAAGAGCCCCGG,19,3120613
rcsBp2,5.428571428571429,43,6,GCCTGTATAACTCCGCGCCA,37,3099769
rcsBp2,3.0,26,6,GCCTGCGTCGCCATAAGCGA,20,3082115
rcsBp2,2.4285714285714284,22,6,GCCCTCTTTGACAGCACGTG,16,3116918
rcsBp2,0.2857142857142857,7,6,GCCCCTCAGTAACCAGCCAC,1,3084229
rcsBp2,3.142857142857143,27,6,GCCAGCTATGTTTGCTTCCG,21,3079677
rcsBp2,2.2857142857142856,21,6,GCATTCAGGTCGGTAGGTTA,15,3114545
rcsBp2,2.7142857142857144,24,6,GCACTCCGAACATTTGCCGT,18,3088619
rcsBp2,5.714285714285714,45,6,GCAAGGGCAGTAGATGTCAA,39,3074193
rcsBp2,2.857142857142857,25,6,GCAAGATTATCTCGAGCGTA,19,3102363
rcsBp2,2.2857142857142856,21,6,GCAACACCGATATGCAAGTC,15,3119807
rcsBp2,1.4285714285714286,15,6,GATTAGCAAGGAGACGGGGC,9,3078657
rcsBp2,1.1428571428571428,13,6,GATCCATAATCCTGAAACTG,7,3076074
rcsBp2,0.5714285714285714,9,6,GAGGGGGCACTGTATTCTAC,3,3082261
rcsBp2,3.0,26,6,GAGCCCGGAGCAAAAGCCTA,20,3094370
rcsBp2,3.7142857142857144,31,6,GAGCACAGTGTCCCTGAGTT,25,3111089
rcsBp2,0.42857142857142855,8,6,GACTCCGCAGAGTTCACGGT,2,3077545
rcsBp2,1.1428571428571428,13,6,GACGTCTCATAAAGGAGGTT,7,3083618
rcsBp2,0.2857142857142857,7,6,GACGCGAAATGGAGTCATAC,1,3081455
rcsBp2,0.2857142857142857,7,6,GACAACCCTCTGCAATTTCG,1,3093440
rcsBp2,2.5714285714285716,23,6,GAATAAAAGTCTAACCTATG,17,3086079
rcsBp2,1.1428571428571428,13,6,GAACTTGGCACCGGGGGGTA,7,3105006
rcsBp2,0.5714285714285714,9,6,GAACGGGAGGGACACGAAGA,3,3100254
rcsBp2,3.857142857142857,32,6,GAAATGGGTACCATATCATA,26,3098557
rcsBp2,2.142857142857143,20,6,CTTTTTAGAATACAGCTAGA,14,3118878
rcsBp2,0.42857142857142855,8,6,CTTTGTGTAGGAGGGACGTT,2,3122049
rcsBp2,8.714285714285714,66,6,CTTTGACAGGCTGCCCCGGA,60,3103675
rcsBp2,2.4285714285714284,22,6,CTTGATTATCAGTATCGCGC,16,3117408
rcsBp2,4.285714285714286,35,6,CTTCTTAGCTCAATCGAATA,29,3087269
rcsBp2,0.2857142857142857,7,6,CTTCTGATTGAGTCCAGCGG,1,3077177
rcsBp2,0.2857142857142857,7,6,CTTCGGCGCATAAACTTGTT,1,3089044
rcsBp2,6.142857142857143,48,6,CTTCAGATTGATGCACAGGT,42,3075833
rcsBp2,0.2857142857142857,7,6,CTGTCTATGGTGATTAAGGT,1,3120186
rcsBp2,0.2857142857142857,7,6,CTGGAGTATACGGCATCCTT,1,3106035
rcsBp2,3.0,26,6,CTGATTTTAGCGTATGTCTC,20,3073912
rcsBp2,3.142857142857143,27,6,CTCTAGCGACCGTGATTCAT,21,3097482
rcsBp2,4.0,33,6,CTCGGTAACTCGCGAACTTG,27,3116548
rcsBp2,2.142857142857143,20,6,CTCGGGGAAGCGGCTTTCTA,14,3092038
rcsBp2,2.5714285714285716,23,6,CTCATCCCAAGTAGGCGCGA,17,3087588
rcsBp2,1.2857142857142858,14,6,CTATCGTCGCTCGGCTAACA,8,3093250
rcsBp2,2.0,19,6,CTAGTTACGATTCGTTTTTC,13,3116044
rcsBp2,0.2857142857142857,7,6,CTAGTCCGCCCACATTGAAC,1,3110184
rcsBp2,0.2857142857142857,7,6,CTAGGAATGTGTCTACCTGG,1,3083770
rcsBp2,6.142857142857143,48,6,CTACGATTGGACCTTATATG,42,3119654
rcsBp2,1.4285714285714286,15,6,CTACCCAATGTCAACACGGA,9,3102100
rcsBp2,0.2857142857142857,7,6,CTAATTACCTGAATTTTGGA,1,3114592
rcsBp2,0.7142857142857143,10,6,CTAAACACCCACCGGGCAGT,4,3118967
rcsBp2,2.857142857142857,25,6,CTAAAATGGAAATTCGAATA,19,3114907
rcsBp2,4.142857142857143,34,6,CGTTGGGAGGTCACAACGGA,28,3078518
rcsBp2,9.571428571428571,72,6,CGTGGCGCCGTCGCGGAACA,66,3101799
rcsBp2,16.857142857142858,123,6,CGTGGACTTTCCTGTGACAA,117,3122231
rcsBp2,0.7142857142857143,10,6,CGTGACCTGTTTCATCCCGC,4,3099485
rcsBp2,0.8571428571428571,11,6,CGTCCTTTGGTGTAGTGTTA,5,3074937
rcsBp2,5.857142857142857,46,6,CGTAGGAGGCACATTGCATT,40,3105757
rcsBp2,6.857142857142857,53,6,CGTACCTGCTGACAGGGGTC,47,3090450
rcsBp2,1.1428571428571428,13,6,CGGTTCGGAATCTCCTGACA,7,3083308
rcsBp2,1.0,12,6,CGGTGGCTAGCCGCTGGCCA,6,3079768
rcsBp2,3.5714285714285716,30,6,CGGGTCTATGGAACTTATGG,24,3117673
rcsBp2,4.142857142857143,34,6,CGGGATTGGAGAAATCGCAA,28,3109893
rcsBp2,3.0,26,6,CGGGAATGGCTGGGGTGTCC,20,3088636
rcsBp2,11.857142857142858,88,6,CGGAAGAACAATAACCTGGG,82,3103829
rcsBp2,5.571428571428571,44,6,CGCGTGCCATTCCTTGTCCG,38,3085324
rcsBp2,2.142857142857143,20,6,CGCCTTGAATAAGGTGCAAA,14,3084059
rcsBp2,1.0,12,6,CGCCAATGCGATAGAGCGTA,6,3101448
rcsBp2,0.7142857142857143,10,6,CGCAGGCTCCACTAGACATT,4,3119921
rcsBp2,3.2857142857142856,28,6,CGATAGGATATTTAATTATG,22,3095257
rcsBp2,4.714285714285714,38,6,CGAGTCACATGTCGATATGC,32,3098149
rcsBp2,2.7142857142857144,24,6,CGAAGACGGCTCGGTCGTGG,18,3101627
rcsBp2,3.2857142857142856,28,6,CCTTGCTTCGCCGTAGTGTT,22,3100956
rcsBp2,3.2857142857142856,28,6,CCTTCTAGCACAGGAACCTT,22,3101073
rcsBp2,8.428571428571429,64,6,CCTTAGGGAATACTAAAACT,58,3100945
rcsBp2,1.4285714285714286,15,6,CCTGTACACTTTTGCTAGGG,9,3105593
rcsBp2,6.142857142857143,48,6,CCTGTACACACGAGTCATGA,42,3102148
rcsBp2,1.5714285714285714,16,6,CCTGCATTGGCCAGTTGTTG,10,3094185
rcsBp2,2.142857142857143,20,6,CCTCGGGCAACGAGGGAACA,14,3082837
rcsBp2,3.7142857142857144,31,6,CCTATTCCAAGGGTCCGCTA,25,3112452
rcsBp2,0.2857142857142857,7,6,CCTAGTGAGACTGCGGCCTT,1,3077204
rcsBp2,9.0,68,6,CCTACGTCCGGTTGAAAGAC,62,3088598
rcsBp2,2.857142857142857,25,6,CCTAATCACATCGTGGGCAT,19,3074661
rcsBp2,8.714285714285714,66,6,CCGTTCAACCAGAACTCTTC,60,3090706
rcsBp2,2.857142857142857,25,6,CCGTTAGGCATGCATGGGAC,19,3084623
rcsBp2,1.0,12,6,CCGCTGTACACTGTGCTATC,6,3093154
rcsBp2,2.5714285714285716,23,6,CCGATTCGTGGGATTGGTGA,17,3098155
rcsBp2,1.4285714285714286,15,6,CCCTGTTAGGCCCATGTCTT,9,3093919
rcsBp2,2.5714285714285716,23,6,CCCTGGTGGTCATTTATTGA,17,3120508
rcsBp2,3.2857142857142856,28,6,CCCTCGTTTCTACGCGCGGC,22,3104651
rcsBp2,2.0,19,6,CCCCAAGCATTCGTCCAGCT,13,3122970
rcsBp2,0.2857142857142857,7,6,CCCATCCTTGTGCGAAGCGG,1,3104110
rcsBp2,5.714285714285714,45,6,CCATTGCGTTATCGTAACCA,39,3108020
rcsBp2,0.5714285714285714,9,6,CCATGTCGGACAATGAAAGG,3,3086874
rcsBp2,3.142857142857143,27,6,CCATGACGATTCAACCAATT,21,3085741
rcsBp2,2.857142857142857,25,6,CCAGAGGGTTTCCCGGCGGA,19,3109817
rcsBp2,1.1428571428571428,13,6,CCACTTTGACTCGTCGATCC,7,3095773
rcsBp2,0.2857142857142857,7,6,CATTCATAAGATAAGCGGGT,1,3081192
rcsBp2,4.571428571428571,37,6,CATGGCACGCGCAATAGCCT,31,3109367
rcsBp2,1.8571428571428572,18,6,CATCATGGTCGAAACCCGTA,12,3076988
rcsBp2,0.2857142857142857,7,6,CATACGCGGTGCTAATTTAT,1,3094058
rcsBp2,4.571428571428571,37,6,CATAATCAATACGTAATTCG,31,3082552
rcsBp2,7.857142857142857,60,6,CAGTTTAGCGTCTGAATTCT,54,3101530
rcsBp2,4.142857142857143,34,6,CAGGCAGCGTGGCCCTACAA,28,3087042
rcsBp2,0.2857142857142857,7,6,CAGGACACGTAATCCTAGAG,1,3082739
rcsBp2,2.142857142857143,20,6,CAGCTGTAGGGGCTAGACCT,14,3080837
rcsBp2,4.857142857142857,39,6,CAGCGGCGCGGAAAATGGTA,33,3078556
rcsBp2,2.5714285714285716,23,6,CAGCCCGGGCTGGACAGCGC,17,3079526
rcsBp2,0.2857142857142857,7,6,CAGCACAGATCCAGTTTCAT,1,3121009
rcsBp2,6.285714285714286,49,6,CACGCTTCTGCAGTCTAGAT,43,3082378
rcsBp2,0.8571428571428571,11,6,CACATATGGGAAGGATGGCG,5,3096870
rcsBp2,5.714285714285714,45,6,CACACCTCAGTTGAACAACT,39,3079280
rcsBp2,6.428571428571429,50,6,CAATACACGAGCGAGAAGCA,44,3077612
rcsBp2,2.5714285714285716,23,6,CAAGTAGCTTTAGCGACGTA,17,3096329
rcsBp2,0.5714285714285714,9,6,CAAGAGACACACTTTGAGGT,3,3091386
rcsBp2,0.8571428571428571,11,6,CAACCCGTCTCTGTCTTCAA,5,3079388
rcsBp2,1.4285714285714286,15,6,CAAAACTCCCCGAAAAACGC,9,3118790
rcsBp2,4.571428571428571,37,6,ATTGCACGCTTTACTCTTAA,31,3097507
rcsBp2,3.857142857142857,32,6,ATTGACCCAGACCTAGTAAA,26,3099439
rcsBp2,4.285714285714286,35,6,ATTCTGTTTAGGATCACTGA,29,3121039
rcsBp2,3.0,26,6,ATTCTCGCGAAACAAGTTTC,20,3098876
rcsBp2,0.42857142857142855,8,6,ATGTTGTGCGTCAAGGTCAC,2,3088777
rcsBp2,1.2857142857142858,14,6,ATGTTGAGAGCCACGCCAAT,8,3073762
rcsBp2,5.428571428571429,43,6,ATGTTCCTTGCTCCACTCGT,37,3088345
rcsBp2,6.0,47,6,ATGTCGGTGGAGGAAGGCCT,41,3082800
rcsBp2,0.2857142857142857,7,6,ATGTACCCCTGCTTGATCTA,1,3116046
rcsBp2,3.0,26,6,ATGGTTCGGAAAGCACCTCT,20,3108989
rcsBp2,7.142857142857143,55,6,ATGGTGGTATCCTTCGCCGT,49,3118043
rcsBp2,3.0,26,6,ATGGGTGTATGCGGAAGGTT,20,3100944
rcsBp2,1.0,12,6,ATGGAATCTCATAATATCCC,6,3109042
rcsBp2,2.0,19,6,ATGCGGCCGTCCCTTTACCT,13,3122924
rcsBp2,0.2857142857142857,7,6,ATGCCACTTAGACCAGAGCA,1,3087822
rcsBp2,6.285714285714286,49,6,ATGCAACGCGGTTTCCGTTA,43,3095963
rcsBp2,0.8571428571428571,11,6,ATGATTAATATTGATGCCAA,5,3089489
rcsBp2,3.5714285714285716,30,6,ATGACTGAAGTCACATCGAC,24,3094317
rcsBp2,4.285714285714286,35,6,ATCGTAACCTTATCTTGGAA,29,3090798
rcsBp2,3.4285714285714284,29,6,ATCGGACGTGTCATACCGCC,23,3075678
rcsBp2,0.2857142857142857,7,6,ATCGCAACCAAACTCTGGGA,1,3101391
rcsBp2,4.857142857142857,39,6,ATCCATGAACCCTCTAGAGT,33,3122920
rcsBp2,0.5714285714285714,9,6,ATCATACGGTTGAACCGACG,3,3098864
rcsBp2,28.714285714285715,206,6,ATCACCGAAAGAGCTGCCAT,200,3099222
rcsBp2,3.4285714285714284,29,6,ATATTCCGCCAGTTGGGCCT,23,3095476
rcsBp2,0.2857142857142857,7,6,ATATGTGGCCTATAATTGCA,1,3081603
rcsBp2,7.428571428571429,57,6,ATATATGTAACGTACGGATT,51,3111778
rcsBp2,0.2857142857142857,7,6,ATATATATGGGAATCTGTTC,1,3121231
rcsBp2,3.4285714285714284,29,6,ATAGTCTTATTCTACTAACG,23,3085278
rcsBp2,0.2857142857142857,7,6,ATAGAGGAACTAGATTTTAT,1,3115062
rcsBp2,2.857142857142857,25,6,ATACTTAGAAATCGGACGAT,19,3075818
rcsBp2,0.2857142857142857,7,6,ATACTGGGGTGGCCAATCAC,1,3085381
rcsBp2,1.1428571428571428,13,6,AGTTGCTGCACTAAATACAA,7,3108888
rcsBp2,1.4285714285714286,15,6,AGTGCAGTGTCCTGTATTTC,9,3108547
rcsBp2,3.4285714285714284,29,6,AGTCTTCTGGGATTCTGGTC,23,3101472
rcsBp2,2.857142857142857,25,6,AGTCTCATAGATTTCGACCA,19,3087910
rcsBp2,1.8571428571428572,18,6,AGTATTTTTAAGTCACGTGA,12,3087665
rcsBp2,0.2857142857142857,7,6,AGGGTCTGTTACCGAATAAC,1,3079087
rcsBp2,1.4285714285714286,15,6,AGGCGGCTACAGGAACTGGT,9,3105426
rcsBp2,13.0,96,6,AGGCCGGGGTATGGCGATCC,90,3088031
rcsBp2,0.2857142857142857,7,6,AGGCCGCCAATTCCTAAGCA,1,3085923
rcsBp2,2.5714285714285716,23,6,AGCTTTTGGACGTATTCGGT,17,3113147
rcsBp2,0.8571428571428571,11,6,AGCTACTGCAGCTGACGTTT,5,3090625
rcsBp2,3.0,26,6,AGCGCCAGAAGCGGATTCTT,20,3079943
rcsBp2,1.2857142857142858,14,6,AGCCCCTAGATCGATATGAC,8,3077745
rcsBp2,3.4285714285714284,29,6,AGATTAGCGGATCTAAAATG,23,3107983
rcsBp2,5.285714285714286,42,6,AGATAACATGCAAGTTGTCA,36,3077145
rcsBp2,0.2857142857142857,7,6,AGACCTCTACGCTTTTTTGA,1,3107341
rcsBp2,4.428571428571429,36,6,AGAAACAGAGCTTTGCGCTG,30,3075033
rcsBp2,0.42857142857142855,8,6,ACTTCTCGATAACTCGCCAG,2,3084382
rcsBp2,0.7142857142857143,10,6,ACTTCCGGTATGACCATGCT,4,3118770
rcsBp2,3.142857142857143,27,6,ACTCGCCAGGAAGCTGTATA,21,3118237
rcsBp2,0.8571428571428571,11,6,ACTCCGTCGAAATGTACATT,5,3114077
rcsBp2,1.5714285714285714,16,6,ACGTTCAATTGTGATTTATG,10,3092427
rcsBp2,1.7142857142857142,17,6,ACGTCCATGCTACCACTGTA,11,3090960
rcsBp2,4.428571428571429,36,6,ACGGATAAACGCGCGAATCA,30,3097882
rcsBp2,0.2857142857142857,7,6,ACGCGTCTGTCCCGTGGCAG,1,3096941
rcsBp2,0.2857142857142857,7,6,ACGAGCAATCCCCTTCTACC,1,3107696
rcsBp2,4.857142857142857,39,6,ACGAGAGGATGTTTTCTCAT,33,3080109
rcsBp2,2.0,19,6,ACCTTATAGTCGCAGGTACT,13,3089895
rcsBp2,2.5714285714285716,23,6,ACCGTTGGCCGGTCAGAGGT,17,3096224
rcsBp2,5.285714285714286,42,6,ACCCCTAACAATGTATCAGT,36,3082465
rcsBp2,4.714285714285714,38,6,ACCACACTCAGTACGATCGA,32,3092822
rcsBp2,8.714285714285714,66,6,ACAGGGCCTTCTATGAAGTG,60,3120353
rcsBp2,8.571428571428571,65,6,ACACGCCCGCCTAGCACACC,59,3113928
rcsBp2,6.285714285714286,49,6,ACACGCATACCAATTGGTTA,43,3090313
rcsBp2,0.42857142857142855,8,6,ACACCATGGCCTCACCTCTC,2,3077496
rcsBp2,2.0,19,6,AATTTCGCCAACCGAATACT,13,3080853
rcsBp2,4.857142857142857,39,6,AATGAGCCTTCTCCTGGAAG,33,3118353
rcsBp2,5.142857142857143,41,6,AATCCTATATGTTCGCGTTA,35,3104721
rcsBp2,1.8571428571428572,18,6,AATATATTCGAGCACTTGCG,12,3081150
rcsBp2,0.5714285714285714,9,6,AATAGTAAATTAGCGCTGCG,3,3105752
rcsBp2,2.142857142857143,20,6,AAGTTGCGGTCCTATATCTC,14,3122349
rcsBp2,1.1428571428571428,13,6,AAGGGATACGTAAGAACCTA,7,3075642
rcsBp2,3.5714285714285716,30,6,AAGAAAGTGATCTTCCGCAG,24,3088581
rcsBp2,3.142857142857143,27,6,AACTGTCCAGTAACCAGCAA,21,3110137
rcsBp2,0.2857142857142857,7,6,AACTGGCGTTACTCCTCTAA,1,3086541
rcsBp2,0.2857142857142857,7,6,AACTCGAGCTAGGGTTTTTC,1,3089118
rcsBp2,4.714285714285714,38,6,AACTATTTGGCTATCCTCGA,32,3105487
rcsBp2,1.7142857142857142,17,6,AACGTTATAGCCCTCTCCTC,11,3080677
rcsBp2,2.7142857142857144,24,6,AACCTAAGCTTCCTGTTAGC,18,3098206
rcsBp2,6.142857142857143,48,6,AACATGCCGTGCCTACGCGT,42,3103051
rcsBp2,5.428571428571429,43,6,AACATCTCGTCCCCGGATTG,37,3099765
rcsBp2,1.7142857142857142,17,6,AACAGCGTCGGCCATTTACT,11,3109584
rcsBp2,3.7142857142857144,31,6,AAATTCGCTTCAATCTCCCA,25,3075582
rcsBp2,0.2857142857142857,7,6,AAATCACTAAATCATAATTC,1,3079205
rcsBp2,4.142857142857143,34,6,AAACTCAATTGAGCTGAAGT,28,3111812
rcsBp2,0.2857142857142857,7,6,AAACAAGGACATCCCGTATA,1,3098171
rcsBp2,1.8571428571428572,18,6,AAAATAGCTGCGGTGTGCCT,12,3079539
rcsBp2,3.4285714285714284,29,6,AAAATAAAAAGCAAGGCCCT,23,3075356
rcsBp2,2.1666666666666665,17,5,TTTTGTGAGTGTGGCTAGTA,12,3096635
rcsBp2,0.3333333333333333,6,5,TTTCCGTATGGCTCATCAGA,1,3077625
rcsBp2,1.6666666666666667,14,5,TTTCCGAGAACATGGTCCTC,9,3077609
rcsBp2,5.666666666666667,38,5,TTTACGCTATCTATGACTAT,33,3086648
rcsBp2,2.8333333333333335,21,5,TTGTACCGACTACTACGATG,16,3102523
rcsBp2,1.3333333333333333,12,5,TTGGTACATCATTTGACCAC,7,3095555
rcsBp2,1.6666666666666667,14,5,TTGGCGTCATCATCTGTATA,9,3112159
rcsBp2,0.3333333333333333,6,5,TTGGAAGGTGGGGTTAACAT,1,3115562
rcsBp2,3.6666666666666665,26,5,TTGCATGTAAGTTCAAAATT,21,3085524
rcsBp2,3.0,22,5,TTGCAAGTGCGGGAGTGATT,17,3096410
rcsBp2,4.0,28,5,TTGATGACCCTGCAGCACTT,23,3090933
rcsBp2,6.833333333333333,45,5,TTGATATCGGCTTTGATTCG,40,3105894
rcsBp2,5.833333333333333,39,5,TTCTCTTTAGAGACTGCCTC,34,3096991
rcsBp2,0.6666666666666666,8,5,TTCTCTTGAAGGAATTGTTA,3,3090765
rcsBp2,2.6666666666666665,20,5,TTCTACAGATCATTCGCATG,15,3103632
rcsBp2,4.0,28,5,TTCCTACTGCTGCTCATAGT,23,3089913
rcsBp2,4.166666666666667,29,5,TTCCGCCGCCGAGTGAATCT,24,3110975
rcsBp2,17.0,106,5,TTCACCATCCCAACAGGGTA,101,3097274
rcsBp2,9.5,61,5,TTCAAGCGGCGAGTCCGGAG,56,3118876
rcsBp2,9.166666666666666,59,5,TTACTCGGTCTGCTCGATTG,54,3117190
rcsBp2,0.3333333333333333,6,5,TTACCGGATTTACTTTTCCC,1,3104590
rcsBp2,4.833333333333333,33,5,TTACAACGAGTTCCGGTTGA,28,3120748
rcsBp2,0.5,7,5,TGTTCTAATCAACAACCCGG,2,3122830
rcsBp2,5.5,37,5,TGTCTCGGACTCTTTTGTAC,32,3112298
rcsBp2,1.8333333333333333,15,5,TGTCGGTCGAAGTTTTGGTG,10,3112928
rcsBp2,0.5,7,5,TGTCGCTCCGAAGGAAACTT,2,3108699
rcsBp2,1.5,13,5,TGTCAGTGCGCAAAGCACAA,8,3082473
rcsBp2,1.5,13,5,TGTATGCGGCCGACGGGTCC,8,3111184
rcsBp2,0.8333333333333334,9,5,TGGTGGAAGGGGCTCGCTGT,4,3076998
rcsBp2,1.8333333333333333,15,5,TGGGCTGATCCCAAAGACAT,10,3075394
rcsBp2,2.1666666666666665,17,5,TGCTGGGCCGTCGCCTCCGT,12,3090636
rcsBp2,8.333333333333334,54,5,TGCGTGATGGTGTAACTGTC,49,3122064
rcsBp2,2.3333333333333335,18,5,TGCCCAATTCAATGCACATC,13,3087799
rcsBp2,0.3333333333333333,6,5,TGCCATTCGAAAGTGGGTAG,1,3096909
rcsBp2,2.0,16,5,TGCAATCCCTGCACGATCTG,11,3100611
rcsBp2,3.5,25,5,TGATTACCTTTTAGGACGGG,20,3103374
rcsBp2,4.0,28,5,TGATACGGGATGAGCTCTTG,23,3090422
rcsBp2,4.166666666666667,29,5,TGAGGAAGGGAGCATGCCAC,24,3073998
rcsBp2,3.3333333333333335,24,5,TGAGAAAGATGGCGGTATGG,19,3111570
rcsBp2,8.166666666666666,53,5,TGACTGCATTACGCACTTCC,48,3074529
rcsBp2,1.0,10,5,TGACGTAAAGCGAACGACGA,5,3085812
rcsBp2,2.3333333333333335,18,5,TGACGGGGTCGTAGACCCTT,13,3091029
rcsBp2,3.0,22,5,TGAAGCAAGCAATGGAAGGG,17,3103434
rcsBp2,4.333333333333333,30,5,TGAAAGAATTTAGTGAACGT,25,3091477
rcsBp2,3.1666666666666665,23,5,TCTGGGCTTGCTGACTGTAC,18,3074891
rcsBp2,3.0,22,5,TCTCGGGGGGTGGATCGTGT,17,3097120
rcsBp2,3.3333333333333335,24,5,TCTCACTGCGTCCACGTAGG,19,3080043
rcsBp2,2.0,16,5,TCGGCACAAGCCCGATGTCT,11,3096064
rcsBp2,4.5,31,5,TCGCGGCGGCTGTCTAAATA,26,3086328
rcsBp2,0.3333333333333333,6,5,TCGCATATCGAGTGCTGAAG,1,3097688
rcsBp2,5.0,34,5,TCCTTTAATATTCCCGTCAT,29,3077581
rcsBp2,2.3333333333333335,18,5,TCCTGATGTACCCATTTATA,13,3115704
rcsBp2,2.6666666666666665,20,5,TCCCATTATGACATAACCTG,15,3074614
rcsBp2,3.8333333333333335,27,5,TCCAGGCCTTGGAGCACGTC,22,3075315
rcsBp2,2.0,16,5,TCATGGCCAAAAGCCGCAGA,11,3106897
rcsBp2,5.5,37,5,TCAGCGGGTGGAAAATTACT,32,3114949
rcsBp2,4.166666666666667,29,5,TCACAGTGGAGAAATGGCAT,24,3077154
rcsBp2,3.0,22,5,TCACACAGAGGGGGACCTAA,17,3106042
rcsBp2,2.8333333333333335,21,5,TATTTATATAGCATTGTCAG,16,3102608
rcsBp2,2.5,19,5,TATCGGTCAGGTCCTAAGAA,14,3117734
rcsBp2,2.6666666666666665,20,5,TAGGTAGCCTGAAAGCAATA,15,3095320
rcsBp2,0.3333333333333333,6,5,TAGGACCCTTCAGGTCCTAG,1,3118836
rcsBp2,1.0,10,5,TAGCAATCGTTGGCGCGCAA,5,3083733
rcsBp2,3.5,25,5,TAGATATGGTGTTAGTTGTT,20,3090629
rcsBp2,0.3333333333333333,6,5,TAGAGTGAAATAGTTCTTAC,1,3075310
rcsBp2,1.1666666666666667,11,5,TAGAATACGACAGATGACTG,6,3104041
rcsBp2,0.8333333333333334,9,5,TACTCGTAGGCTCATATCAT,4,3100432
rcsBp2,10.666666666666666,68,5,TACGTGCCAGTTGCGGGTGC,63,3079076
rcsBp2,0.3333333333333333,6,5,TACGGGAGTGACCCCAGTGG,1,3087181
rcsBp2,0.5,7,5,TACGAATCGTATAGATGATT,2,3118585
rcsBp2,3.0,22,5,TACCTATCCTGCCTCGGAGG,17,3079075
rcsBp2,13.166666666666666,83,5,TAATTGTTTAGTAAACGATA,78,3085437
rcsBp2,4.666666666666667,32,5,TAATCTGCGCGAGTCTACCA,27,3106774
rcsBp2,0.3333333333333333,6,5,TAATCTAATTGACTGGTGTT,1,3074090
rcsBp2,2.1666666666666665,17,5,TAATCGGTGCAATAACTAGA,12,3105797
rcsBp2,1.1666666666666667,11,5,TAAGGCGACGTTCCTTGCGC,6,3095786
rcsBp2,5.333333333333333,36,5,GTTCGAGGGATTGAGAAATT,31,3077495
rcsBp2,3.1666666666666665,23,5,GTTCCCCGGCCAGAGCTCTT,18,3121044
rcsBp2,2.8333333333333335,21,5,GTGTCTTGATGGCGTTTTAC,16,3074916
rcsBp2,0.3333333333333333,6,5,GTGGGCACTCTATGTCAGCA,1,3103035
rcsBp2,0.3333333333333333,6,5,GTGGCAAACGTGTCCCTCGG,1,3102796
rcsBp2,5.666666666666667,38,5,GTGCATTAATCCCGTTCAAG,33,3092695
rcsBp2,4.5,31,5,GTGCACTGGGGCCGCTTTGT,26,3085489
rcsBp2,3.5,25,5,GTCTAGCCGGTACGTAAAGT,20,3100767
rcsBp2,0.3333333333333333,6,5,GTCGAATTAGATAAGTTACC,1,3079365
rcsBp2,3.3333333333333335,24,5,GTCCTTGGTGACTATCATAA,19,3101477
rcsBp2,1.0,10,5,GTCACCCCAGAGAGTGCGGC,5,3111773
rcsBp2,2.0,16,5,GTATAGTTGATCACTGCAAG,11,3105146
rcsBp2,2.6666666666666665,20,5,GTACGGTGCCCTGGCTAGGG,15,3079201
rcsBp2,2.5,19,5,GTACGCTACGGTGTTAATTA,14,3091703
rcsBp2,0.3333333333333333,6,5,GTACACGGGGGTTTATAGTT,1,3114413
rcsBp2,0.5,7,5,GGGTTATGCTTCGAGAAAGG,2,3110014
rcsBp2,3.1666666666666665,23,5,GGGGCTGCCGGCCTGTCCCT,18,3075117
rcsBp2,0.5,7,5,GGGCGAGAGAGCTATAGCGA,2,3102069
rcsBp2,0.3333333333333333,6,5,GGGCATGTGCCAACATTGTA,1,3088259
rcsBp2,0.3333333333333333,6,5,GGGAGATGAGGGGAACAATT,1,3097446
rcsBp2,3.1666666666666665,23,5,GGCTTGATTCGCGTCTTAAT,18,3110900
rcsBp2,0.3333333333333333,6,5,GGCGTCCCAACGCATCACTT,1,3119172
rcsBp2,0.3333333333333333,6,5,GGCCGTAACATGGTCCGATG,1,3113561
rcsBp2,4.833333333333333,33,5,GGCATCGAAAAAGAGGGGGC,28,3076745
rcsBp2,1.0,10,5,GGACCTGGGCGGTCGGCTAG,5,3115915
rcsBp2,0.3333333333333333,6,5,GGAAGGGTTCGCAAGGCAGG,1,3078928
rcsBp2,13.666666666666666,86,5,GGAACTCCAAGACCCGAGTA,81,3074224
rcsBp2,1.5,13,5,GCTCCACATATATCAGTGTC,8,3119135
rcsBp2,2.1666666666666665,17,5,GCTACTCTTTGGATACACAC,12,3121199
rcsBp2,3.8333333333333335,27,5,GCGGTCTATAGAGGGCATGT,22,3122925
rcsBp2,4.166666666666667,29,5,GCGGACGCTCAATTTGTTAG,24,3089484
rcsBp2,1.8333333333333333,15,5,GCGCTATTATATATCAGACT,10,3080678
rcsBp2,8.0,52,5,GCGCGTTCAAAGGCTGCTGT,47,3094352
rcsBp2,0.3333333333333333,6,5,GCGCGTGCCTATTAGGTAAT,1,3100037
rcsBp2,4.166666666666667,29,5,GCGCATATGTGCAACTACTT,24,3113190
rcsBp2,2.0,16,5,GCGCAAGGTCTGGCTTGAAA,11,3097251
rcsBp2,2.6666666666666665,20,5,GCGAGGTGGGTACCTTGACG,15,3108227
rcsBp2,0.3333333333333333,6,5,GCGACGGAATTCCAGGCTAA,1,3082339
rcsBp2,1.5,13,5,GCGAATTTATAGTGTTCAGT,8,3099305
rcsBp2,7.333333333333333,48,5,GCCTTGACAGTTAGTTCCAA,43,3098711
rcsBp2,0.3333333333333333,6,5,GCCTTAGAGGACGGTTCATA,1,3091056
rcsBp2,0.8333333333333334,9,5,GCCGGGCGTTTACCGGTGTA,4,3083505
rcsBp2,5.0,34,5,GCCGCTGTATTTAAGAATCT,29,3114850
rcsBp2,8.666666666666666,56,5,GCCCCTTGTCCCGCGAGAGA,51,3079510
rcsBp2,0.3333333333333333,6,5,GCCAAAGAATTAAGCGAGTA,1,3077664
rcsBp2,11.5,73,5,GCATGTAGCATGGTTCCTCC,68,3078539
rcsBp2,3.1666666666666665,23,5,GCAGTGTTAATACAGACCAG,18,3081957
rcsBp2,0.3333333333333333,6,5,GCAATGGATAGGTGTGTCTG,1,3098436
rcsBp2,0.3333333333333333,6,5,GCAAGGAGTGGTAAGTACAA,1,3111785
rcsBp2,7.833333333333333,51,5,GCAACCCGGCCAATTCCATA,46,3074196
rcsBp2,3.8333333333333335,27,5,GATTTGGGTGGGTTAGCAGT,22,3116297
rcsBp2,0.3333333333333333,6,5,GATTGTCGGAATTGGAAACA,1,3113609
rcsBp2,3.3333333333333335,24,5,GATGCAGGACTCAATCGAAC,19,3121249
rcsBp2,3.5,25,5,GATATGCGCACTTTCGGGTA,20,3116154
rcsBp2,2.8333333333333335,21,5,GAGTTTTAACTGGGGCTAGT,16,3110792
rcsBp2,0.8333333333333334,9,5,GAGTGGAGAGGTAGATCATA,4,3113924
rcsBp2,1.0,10,5,GAGGGAGAGGCAGCAGGGGG,5,3104147
rcsBp2,0.6666666666666666,8,5,GAGGCTAACCCTTGGCACGT,3,3093938
rcsBp2,5.5,37,5,GAGCTACGTGGCCGTATACA,32,3098196
rcsBp2,1.8333333333333333,15,5,GAGCGCTCCCGGGAATGATG,10,3099130
rcsBp2,0.3333333333333333,6,5,GAGCCGGGAAGGGGTTCCGC,1,3101275
rcsBp2,7.666666666666667,50,5,GACTAGCACACGCTCAATTA,45,3113716
rcsBp2,0.8333333333333334,9,5,GACATCTCATTCCTGCGAAG,4,3092830
rcsBp2,0.5,7,5,GACAGCGGTTACAATTACTG,2,3084262
rcsBp2,1.8333333333333333,15,5,GACAATAATTACTGGTAACA,10,3075915
rcsBp2,5.833333333333333,39,5,GAATGGTAATCGACATAGCT,34,3116908
rcsBp2,4.0,28,5,GAATGGGCCAAGAAGTATAT,23,3103366
rcsBp2,4.333333333333333,30,5,GAAGTCAGCGCTTTTACATC,25,3114316
rcsBp2,4.333333333333333,30,5,GAAGGGTACCACACAAGATG,25,3074976
rcsBp2,5.166666666666667,35,5,GAAAGAGTGCTTCACTGAGG,30,3103322
rcsBp2,3.1666666666666665,23,5,CTTTCCTAAAACGGTGCAGG,18,3084108
rcsBp2,2.3333333333333335,18,5,CTTTCATAGGCCGGTTCTTG,13,3086919
rcsBp2,0.6666666666666666,8,5,CTTGAAGCAGAACTAAGGGC,3,3076277
rcsBp2,1.6666666666666667,14,5,CTTCGGGAGAAAGCGACGGG,9,3079190
rcsBp2,0.3333333333333333,6,5,CTGTGAGTGCTTCACGGCTA,1,3104350
rcsBp2,4.833333333333333,33,5,CTGCTATGAATACTGAGTTC,28,3095613
rcsBp2,3.5,25,5,CTCTTTCTCCATTGCTCATG,20,3097453
rcsBp2,5.166666666666667,35,5,CTCGCCGCTTCCATCCGGCA,30,3104404
rcsBp2,2.1666666666666665,17,5,CTCCGCTTTTCAGGGGCCCG,12,3121569
rcsBp2,11.666666666666666,74,5,CTCACCCATGGTTCGTGGAA,69,3083206
rcsBp2,2.8333333333333335,21,5,CTATCAGCTCTCAATCCTGA,16,3105960
rcsBp2,12.0,76,5,CTATAGATTTACACGTCGAA,71,3096324
rcsBp2,11.0,70,5,CTAATTACGATCTATTGCAG,65,3079678
rcsBp2,5.0,34,5,CTAATGCGGCCCATGCAGCT,29,3087641
rcsBp2,2.8333333333333335,21,5,CGTTTAAATATGACCGTTTA,16,3117069
rcsBp2,2.1666666666666665,17,5,CGTTGTGTGGGAAAGCCGCA,12,3089536
rcsBp2,2.3333333333333335,18,5,CGTTGAACAGCGACGACTGT,13,3085216
rcsBp2,0.3333333333333333,6,5,CGTGAGTTACTCTTGTTCGT,1,3077075
rcsBp2,3.8333333333333335,27,5,CGTACCGCACGAATGACGTT,22,3090821
rcsBp2,1.0,10,5,CGGTTACGATAGACACCTTA,5,3102930
rcsBp2,5.833333333333333,39,5,CGGGGCGAATCGACTGATTG,34,3094235
rcsBp2,4.666666666666667,32,5,CGGGCCTGTTGGTTTGTGGA,27,3104862
rcsBp2,3.5,25,5,CGGGCACCCGTTGGGGTTAA,20,3100285
rcsBp2,5.166666666666667,35,5,CGCTATAATTGTTAACGATC,30,3078488
rcsBp2,4.0,28,5,CGCTAAGTAGTTTAGGCTGC,23,3086015
rcsBp2,5.0,34,5,CGCGAATCGGATGGGACAGT,29,3112584
rcsBp2,2.8333333333333335,21,5,CGCCGGGATCTACGGTAATA,16,3084052
rcsBp2,6.666666666666667,44,5,CGCCCTCTCTAGTCATTGTG,39,3099871
rcsBp2,4.0,28,5,CGCCCCCACGTAACCCTTGA,23,3101863
rcsBp2,1.6666666666666667,14,5,CGATAAGGCTACACAACAGG,9,3083307
rcsBp2,1.5,13,5,CGACGGAGTTAACATGACTT,8,3080284
rcsBp2,1.8333333333333333,15,5,CGAACTTACCGGCGGGCTAC,10,3092690
rcsBp2,3.3333333333333335,24,5,CGAAAGGTGCCTCCAGTTGC,19,3118012
rcsBp2,4.166666666666667,29,5,CGAAAGCTGCCGAGTTTCAC,24,3106077
rcsBp2,3.3333333333333335,24,5,CCTGCAGAGCCTTCCGGCGT,19,3112935
rcsBp2,7.333333333333333,48,5,CCTATCCATGAGCGAATGTC,43,3075927
rcsBp2,0.5,7,5,CCTATATTTGTTTGTGATGA,2,3108492
rcsBp2,3.3333333333333335,24,5,CCTAAGCCATCGGTGATAGG,19,3102478
rcsBp2,5.666666666666667,38,5,CCTAACAGATTCCATACTAT,33,3100560
rcsBp2,2.8333333333333335,21,5,CCGTCAACGCCCCATGAACA,16,3119942
rcsBp2,4.666666666666667,32,5,CCGGTGAGCGCGCAGAATAC,27,3095021
rcsBp2,2.1666666666666665,17,5,CCGGTAGCCCATCTTTAACT,12,3107478
rcsBp2,4.166666666666667,29,5,CCGGGAAGGGTGACCTCTTC,24,3108003
rcsBp2,1.0,10,5,CCGGCTGCGCCAGAGCGATA,5,3115617
rcsBp2,2.6666666666666665,20,5,CCGCTTCACCGGTGCTTCGA,15,3111606
rcsBp2,2.5,19,5,CCGACTGTTCCCTTGCCCCT,14,3111211
rcsBp2,2.5,19,5,CCCTAGCTATTGCAATTCGG,14,3097820
rcsBp2,3.5,25,5,CCCCCGAACTCGGGTACTGA,20,3094199
rcsBp2,3.1666666666666665,23,5,CCCCATTGGACACTAGGGAA,18,3122383
rcsBp2,6.0,40,5,CCCCAATCGGAGTGTGCAAG,35,3105205
rcsBp2,0.5,7,5,CCCAGGTAAAGGACGTCAGA,2,3104229
rcsBp2,0.8333333333333334,9,5,CCATTCCTGGCTCCTGAGCG,4,3080069
rcsBp2,2.8333333333333335,21,5,CCATACGTATTTCACCACAG,16,3083818
rcsBp2,4.5,31,5,CCAGGCCATCGCGCGTCGAG,26,3114564
rcsBp2,5.666666666666667,38,5,CATGGGCTGCTAGCGTGTAT,33,3104109
rcsBp2,3.8333333333333335,27,5,CATGAATACCCTTTTCGACA,22,3109968
rcsBp2,3.0,22,5,CATCCCCAAGGAGTGGAACT,17,3103948
rcsBp2,1.1666666666666667,11,5,CATCCAATAGGGCGCTTGTA,6,3085258
rcsBp2,3.5,25,5,CAGGGGACGATTGGTGCGAT,20,3087228
rcsBp2,8.333333333333334,54,5,CAGCCGATTCCGCTTTGCAA,49,3086056
rcsBp2,4.833333333333333,33,5,CAGAGGCGGCCAACGTCAAT,28,3088739
rcsBp2,11.166666666666666,71,5,CACTCGTGCAGGCCGGGTTC,66,3078153
rcsBp2,3.3333333333333335,24,5,CACTCGTATCTTCTCCTCAT,19,3081606
rcsBp2,4.666666666666667,32,5,CACGAGCATGCATTGTATAA,27,3078162
rcsBp2,0.5,7,5,CACCACTCCCCCCACACCGC,2,3080265
rcsBp2,2.5,19,5,CACATGATTGGTCGTAACCC,14,3119508
rcsBp2,3.8333333333333335,27,5,CACAGTGGTATGGTGGTAGG,22,3105553
rcsBp2,5.666666666666667,38,5,CACAAAGGGCATCTCCTGTA,33,3086507
rcsBp2,6.666666666666667,44,5,CACAAAATTGCCTTAATACA,39,3095496
rcsBp2,1.3333333333333333,12,5,CAATGGGGGCAAGCTCGAAT,7,3113063
rcsBp2,3.1666666666666665,23,5,CAATCGCAGACGCCCGTGAG,18,3122758
rcsBp2,3.0,22,5,CAACTCATCATATGCGCACT,17,3115402
rcsBp2,4.166666666666667,29,5,CAAAGGGAAGTCCAGGCGAA,24,3074402
rcsBp2,0.3333333333333333,6,5,CAAAAGGGCGGATGGAGGGG,1,3115934
rcsBp2,2.1666666666666665,17,5,ATTTAGGTGATTCAGTCAAT,12,3108650
rcsBp2,1.0,10,5,ATTGCGTTTCATCTCTCTAT,5,3106657
rcsBp2,1.5,13,5,ATTATGCTTTTGGGATTGCC,8,3105910
rcsBp2,0.5,7,5,ATTAAGTTGACCATTTGTAC,2,3098213
rcsBp2,1.6666666666666667,14,5,ATGTGTAGGAAGACACAAAG,9,3100943
rcsBp2,1.6666666666666667,14,5,ATGTGATCTAGTCCGTAGCA,9,3112689
rcsBp2,1.3333333333333333,12,5,ATGTCTGCCTGTTCCTAAAG,7,3098526
rcsBp2,0.3333333333333333,6,5,ATGGTTCAACGCCGCTCAGG,1,3081815
rcsBp2,0.3333333333333333,6,5,ATGGGTGCCCGCTGGCTTTT,1,3104488
rcsBp2,1.6666666666666667,14,5,ATGGGACTTCGACCGACGTG,9,3114800
rcsBp2,0.5,7,5,ATGCTGGGAAAACGCGTTTA,2,3099251
rcsBp2,4.5,31,5,ATGCTATGACAACCCATTTT,26,3095227
rcsBp2,6.0,40,5,ATGCTAAAACCCATCAGAAC,35,3112212
rcsBp2,0.3333333333333333,6,5,ATGATGCCTGGCATCCGGCC,1,3097273
rcsBp2,0.3333333333333333,6,5,ATGAACCAGAGAACGTCTGG,1,3099948
rcsBp2,2.1666666666666665,17,5,ATGAAATAGATTTTGTTCGC,12,3082374
rcsBp2,17.833333333333332,111,5,ATGAAAAAAGAAAAAGAGTG,106,3095490
rcsBp2,3.3333333333333335,24,5,ATCGTGAAATCTTACTCGAC,19,3097101
rcsBp2,4.333333333333333,30,5,ATCCGGCCTCCCGTAATGCA,25,3105952
rcsBp2,0.3333333333333333,6,5,ATCCGCTTCCCGTTTATGGA,1,3110769
rcsBp2,0.3333333333333333,6,5,ATCATGTGCCATCCGTTCAC,1,3120042
rcsBp2,2.1666666666666665,17,5,ATCACTAAGGCATGTGGCCC,12,3091558
rcsBp2,2.5,19,5,ATCACAACCGCAGTAAAACT,14,3117398
rcsBp2,4.333333333333333,30,5,ATATTTTTAAGCGGTGAGAG,25,3097441
rcsBp2,4.833333333333333,33,5,ATATCATTTCCGCTAGTTCG,28,3099294
rcsBp2,3.0,22,5,ATAGGACCGTACTCTTTTAT,17,3108621
rcsBp2,2.6666666666666665,20,5,ATACGGGTACTTCTTATCCT,15,3090083
rcsBp2,0.6666666666666666,8,5,ATAAGTCACAGCTATGTTAA,3,3089616
rcsBp2,2.3333333333333335,18,5,ATAAAGGTTCGCGTCTCGGT,13,3119177
rcsBp2,0.3333333333333333,6,5,AGTTCATGGGGATTTTGTAG,1,3087180
rcsBp2,1.0,10,5,AGTTACGTCCCATTGGATTA,5,3120556
rcsBp2,1.8333333333333333,15,5,AGTCGTCAAGCTCTCGGTAG,10,3089146
rcsBp2,1.5,13,5,AGTCCGATGACTGGCCCGAT,8,3107884
rcsBp2,7.0,46,5,AGGTCTGGTACGGGCCACTG,41,3089337
rcsBp2,11.5,73,5,AGGTCCATGGCTGGCCTGTT,68,3113587
rcsBp2,2.8333333333333335,21,5,AGGGACCAGTAGAGTAAACG,16,3109957
rcsBp2,0.3333333333333333,6,5,AGGCTTTATTGCCCAGGTAA,1,3095650
rcsBp2,3.3333333333333335,24,5,AGGCTTAGCTGTCGTGCATT,19,3087330
rcsBp2,1.0,10,5,AGGCTTAATGGCTACCCACA,5,3121035
rcsBp2,4.333333333333333,30,5,AGGCGGTTTTCAAACGCCCT,25,3097793
rcsBp2,0.3333333333333333,6,5,AGGCGGTGTGTTATACGGGT,1,3087044
rcsBp2,5.333333333333333,36,5,AGGAAGGTTCCGTTGGGACA,31,3091763
rcsBp2,1.1666666666666667,11,5,AGCTTGGGACCAACAATTTC,6,3078201
rcsBp2,0.3333333333333333,6,5,AGCTCATGATTGCTCATGCT,1,3092220
rcsBp2,0.3333333333333333,6,5,AGCCGCCATTTAGCCGCCTA,1,3083006
rcsBp2,1.8333333333333333,15,5,AGCCGATCTTAGGCAGGACC,10,3076159
rcsBp2,2.0,16,5,AGATCAAATAGCTGCGCCCC,11,3106209
rcsBp2,5.333333333333333,36,5,AGATATAGTCCCCGCCGTTC,31,3089989
rcsBp2,2.6666666666666665,20,5,AGATAAAAGAAGGCGGTACT,15,3081540
rcsBp2,2.5,19,5,AGACCATTTTAATCTCAGTG,14,3114058
rcsBp2,2.1666666666666665,17,5,AGACAGTCCCACGGGAGCTT,12,3117371
rcsBp2,1.1666666666666667,11,5,ACTTGAGAGGGATCAGGTTC,6,3100436
rcsBp2,6.666666666666667,44,5,ACTCGGTTAAGTGCAAACAG,39,3074410
rcsBp2,3.3333333333333335,24,5,ACTCGCCCCGTTTTCACCGC,19,3090949
rcsBp2,4.333333333333333,30,5,ACTCATGTTGTGAAGAGGGC,25,3122540
rcsBp2,3.3333333333333335,24,5,ACTCAAAAAACCACGATAGT,19,3091082
rcsBp2,0.3333333333333333,6,5,ACGTAGTGGTGACATGTTAT,1,3075972
rcsBp2,5.0,34,5,ACCTTGGCGGATGGGATCAT,29,3102914
rcsBp2,4.666666666666667,32,5,ACCTCAGCCATGTTTATGAA,27,3108193
rcsBp2,6.333333333333333,42,5,ACCGGCGTGAAGCGACTTGG,37,3121198
rcsBp2,1.6666666666666667,14,5,ACCGCTATACAGGTTTCTGT,9,3119782
rcsBp2,5.666666666666667,38,5,ACCCGGATCTTTCTCCGGAA,33,3073764
rcsBp2,2.8333333333333335,21,5,ACCACTGACTCTGACCGCAT,16,3090505
rcsBp2,0.3333333333333333,6,5,ACCACGCGTCGATAGAACGC,1,3098126
rcsBp2,0.3333333333333333,6,5,ACATGACTAATATTAACCCC,1,3089651
rcsBp2,3.8333333333333335,27,5,ACATCGCATATCTCCTTGGA,22,3097075
rcsBp2,2.8333333333333335,21,5,ACATACGAGCTGCGTAAGCA,16,3086721
rcsBp2,1.5,13,5,ACAGGTTACGAACGGGAAGG,8,3100689
rcsBp2,1.5,13,5,ACACTTCATACGTTAGGGCA,8,3119253
rcsBp2,0.3333333333333333,6,5,ACAATAGGCCCTGTGCATCC,1,3102132
rcsBp2,6.833333333333333,45,5,AATGTGGTCAAGTCTGATAA,40,3100752
rcsBp2,3.3333333333333335,24,5,AATGATAGATCTTGATCTGG,19,3080922
rcsBp2,0.5,7,5,AAGTCTTGGACCATGTGACA,2,3122497
rcsBp2,3.5,25,5,AAGGCACAGGCTGACCGATT,20,3113497
rcsBp2,0.3333333333333333,6,5,AACTCGATAATTGCGGCTGC,1,3115117
rcsBp2,0.3333333333333333,6,5,AACGTCATTAAGCATCCAAC,1,3089197
rcsBp2,0.3333333333333333,6,5,AACGCCGGACATTGATGATC,1,3076524
rcsBp2,5.5,37,5,AACGATGTCCCAGGCCGCAA,32,3119741
rcsBp2,4.0,28,5,AACAATAGATCATCGAGAGA,23,3091920
rcsBp2,3.8333333333333335,27,5,AAATGTACTTAACATATAAG,22,3085280
rcsBp2,2.8333333333333335,21,5,AAATCCAAATCTCCCCAGGA,16,3093159
rcsBp2,5.0,34,5,AAAGACCTTATCCACCTGAT,29,3074416
rcsBp2,1.1666666666666667,11,5,AAACGTCATATGAGAACTCC,6,3087237
rcsBp2,0.3333333333333333,6,5,AAACGAGATCAACAGGACCT,1,3081700
rcsBp2,2.8333333333333335,21,5,AAAATAATATGCTAATCAGG,16,3073857
rcsBp2,2.8333333333333335,21,5,AAAAGTCTGGAGAGCGCCAT,16,3082560
rcsBp2,2.3333333333333335,18,5,AAAAACCTTAGGGCGTTACT,13,3108690
rcsBp2,0.4,5,4,TTTTACGCCCGCACGGTTTG,1,3075918
rcsBp2,1.4,10,4,TTTTAAACAATTTACACTAT,6,3109604
rcsBp2,7.0,38,4,TTTGTTTTTACGAGTAACCT,34,3111577
rcsBp2,4.6,26,4,TTTCGCTCCCTTTGACACCT,22,3090562
rcsBp2,2.0,13,4,TTTAGAAGACCCAATTCGGT,9,3113982
rcsBp2,1.4,10,4,TTTAAACTGACCTTCGGGGG,6,3090240
rcsBp2,5.8,32,4,TTGTTAGTATTCCTCTCATT,28,3102986
rcsBp2,6.2,34,4,TTGTTAAGATCTCTGTCTAT,30,3085750
rcsBp2,3.2,19,4,TTGTCCTATGTGCTAAGGAC,15,3080718
rcsBp2,0.4,5,4,TTGGGGCCGAGTGTACCCTG,1,3091367
rcsBp2,0.4,5,4,TTGCGGGGTCGTACTCACGC,1,3097497
rcsBp2,2.4,15,4,TTGATTCCACAGGCTTGGAC,11,3119107
rcsBp2,1.4,10,4,TTGAGCGTTGGTATGATCCT,6,3078892
rcsBp2,2.8,17,4,TTCTGAGCGGCTCGGACGTT,13,3114342
rcsBp2,0.4,5,4,TTCTAGTGGTCCGTAGTTTT,1,3112966
rcsBp2,2.2,14,4,TTCTAGCTGAACTTCACGGG,10,3110365
rcsBp2,5.8,32,4,TTCGTGGATTCCGAATTACG,28,3105720
rcsBp2,6.4,35,4,TTAGGATCGCTTTCCGCGTT,31,3079869
rcsBp2,4.6,26,4,TTAGATTATAATACTACTGT,22,3093909
rcsBp2,0.4,5,4,TTAGACGAAGCAACGTCCCT,1,3084339
rcsBp2,4.4,25,4,TTAAAACTCGACACGTTCTG,21,3074429
rcsBp2,0.4,5,4,TGTTCGGATGGCTGAGCAAG,1,3085630
rcsBp2,5.6,31,4,TGTTCCTATCTCCGCTAGTT,27,3084730
rcsBp2,0.4,5,4,TGTTAGTGCTCGTATGACGA,1,3119211
rcsBp2,3.6,21,4,TGTTAGAACCACCCATTCAA,17,3107266
rcsBp2,2.4,15,4,TGTGATGTTGCCGGGCTTAC,11,3086922
rcsBp2,3.8,22,4,TGTGATACCCCGCGCTGTCC,18,3076429
rcsBp2,0.4,5,4,TGTACTAGGTTTTACATTGG,1,3110668
rcsBp2,3.4,20,4,TGGTCAATGGACTGGGTCCC,16,3090659
rcsBp2,2.0,13,4,TGGTAGTAAGGAATGGCAAG,9,3106929
rcsBp2,5.6,31,4,TGGGTAGGACATTTCCCGGG,27,3075674
rcsBp2,3.4,20,4,TGGGCTAAATCATTATTGAA,16,3117723
rcsBp2,4.4,25,4,TGGCGACAAAGACTGCGCCT,21,3087608
rcsBp2,6.8,37,4,TGGCAATCTGATACAGTTAA,33,3076910
rcsBp2,1.4,10,4,TGGCAACGGCTGTAAGTGTA,6,3110276
rcsBp2,3.6,21,4,TGGCAACATAAGTTCTCACA,17,3099855
rcsBp2,2.4,15,4,TGCTCCGTCGGCGGTAAATG,11,3085448
rcsBp2,2.6,16,4,TGCTATCCCTAAGAAAAATC,12,3104825
rcsBp2,0.4,5,4,TGCCAGGGGTGGTGAAGTAA,1,3122512
rcsBp2,3.0,18,4,TGAGGCTCAAATTTGGGCTT,14,3081101
rcsBp2,12.0,63,4,TGAGACTGTATCGGCAAAAA,59,3074403
rcsBp2,2.4,15,4,TGAACCAAACCGGACTCGCA,11,3081109
rcsBp2,3.4,20,4,TCTGGCTGATTCAAGATGTG,16,3102073
rcsBp2,4.0,23,4,TCTGATGCGGCGAAACCTTA,19,3074405
rcsBp2,0.4,5,4,TCTCTGTTTTTTATGCTGCA,1,3103770
rcsBp2,3.4,20,4,TCTCGGTGCAGGCCTAAATA,16,3080493
rcsBp2,6.4,35,4,TCTCGCCCGATCTTCACGAT,31,3095567
rcsBp2,0.4,5,4,TCTCAATCTGCAACCCCGCT,1,3098647
rcsBp2,2.6,16,4,TCGTTTGCCCTGTACGACCA,12,3105295
rcsBp2,3.4,20,4,TCGCTCACAGCAACAAGACC,16,3107436
rcsBp2,3.2,19,4,TCGCACGATCACATTAGTCG,15,3096875
rcsBp2,4.2,24,4,TCGAGTGACTAATAGGCGGC,20,3100374
rcsBp2,8.2,44,4,TCGACTTCGATGGCTATGAC,40,3090637
rcsBp2,2.0,13,4,TCCTTTGATTTACCGATGTC,9,3074534
rcsBp2,0.6,6,4,TCCTAAAGGAAGGTTTCATT,2,3103890
rcsBp2,8.4,45,4,TCCTAAAATCGGGAGGAGGT,41,3103012
rcsBp2,4.4,25,4,TCCGCCCAAATGTACTCCTC,21,3115751
rcsBp2,0.4,5,4,TCCGATCGTGGACCACGATG,1,3098997
rcsBp2,9.8,52,4,TCCAGGACTCATGAGAACTA,48,3094421
rcsBp2,3.8,22,4,TCCAGCGGTAGCCGATAGGA,18,3100341
rcsBp2,2.8,17,4,TCCAAGCGATGTGCGGAGCC,13,3111504
rcsBp2,7.4,40,4,TCATCCACGGTAGTAGATAC,36,3096649
rcsBp2,3.4,20,4,TCAGAATTCAACACGCAGTA,16,3111107
rcsBp2,1.6,11,4,TATTCCCGGAACACGCTCTC,7,3093911
rcsBp2,3.6,21,4,TATCTCTTCTTCTTGACAGG,17,3116672
rcsBp2,9.4,50,4,TATATCTACATCAAAACTAG,46,3101947
rcsBp2,2.2,14,4,TATAAGCAATAACATCGAGC,10,3101231
rcsBp2,3.6,21,4,TAGTTGTACTCCACTAGTTC,17,3113162
rcsBp2,2.2,14,4,TAGGTGTTAGGTCCAAATTG,10,3111807
rcsBp2,4.6,26,4,TAGGGGCCAAATCGAGCTGC,22,3122590
rcsBp2,4.6,26,4,TAGCTCGCAAACCGGACAGG,22,3113472
rcsBp2,1.6,11,4,TAGCGTGTGACGCAGCAATT,7,3111085
rcsBp2,1.2,9,4,TAGCGTAAGAGTGCTAATCA,5,3083312
rcsBp2,6.2,34,4,TACTGTTCGGGTAGTCCTGC,30,3093423
rcsBp2,3.6,21,4,TACTCAGCGGCGTACATCTC,17,3076733
rcsBp2,6.0,33,4,TACATCCTAACCACACGTGA,29,3113804
rcsBp2,5.6,31,4,TACACGAATCTTTTGGAATT,27,3076345
rcsBp2,1.8,12,4,TAAGGGCCATACGTGTAGGT,8,3091946
rcsBp2,5.4,30,4,TAACTGGGATGGACAGGGAA,26,3085495
rcsBp2,8.8,47,4,TAACGGCGGCAAGATATCAA,43,3073960
rcsBp2,1.6,11,4,TAACCCCGCGCACATCGTTT,7,3115337
rcsBp2,0.6,6,4,TAACCAAAATCTGAGTCAGA,2,3123014
rcsBp2,5.2,29,4,TAAAGGACCTTCAATTGTAA,25,3095979
rcsBp2,7.0,38,4,TAAACTCTATACATTAGACT,34,3109978
rcsBp2,1.4,10,4,GTTGCAAAGCGAGCGTAGAG,6,3120957
rcsBp2,6.4,35,4,GTTCAAAAACTTTTAAAACG,31,3107608
rcsBp2,0.8,7,4,GTTAGCATATGGCCTGAGTC,3,3116381
rcsBp2,0.4,5,4,GTTAAAAAATGTACCCATAG,1,3097884
rcsBp2,7.2,39,4,GTGTGTACTGCGCCTTGAAT,35,3094369
rcsBp2,2.8,17,4,GTGTCTAACTGCCAGATCGG,13,3074182
rcsBp2,1.0,8,4,GTGGTCGTCGCACGAGTCAG,4,3116772
rcsBp2,5.2,29,4,GTGGCCTTTTCTTCACAGGT,25,3101581
rcsBp2,3.2,19,4,GTCTGTAATGGGCCGACACT,15,3108573
rcsBp2,3.2,19,4,GTCTGGTGTCTCTAGCTCTT,15,3109270
rcsBp2,14.4,75,4,GTCGAGGGTCCGCGGAAAAC,71,3107061
rcsBp2,2.6,16,4,GTCCGACGGTGACCAAGACT,12,3077701
rcsBp2,2.6,16,4,GTCCCCATTAAAAGTTATTA,12,3091501
rcsBp2,3.2,19,4,GTCCATCGCATTGGTAGCTG,15,3121384
rcsBp2,3.8,22,4,GTCCACCGGATTAAGGGACT,18,3091323
rcsBp2,3.8,22,4,GTCACTTGACAAGGACCGAT,18,3109699
rcsBp2,5.6,31,4,GTCACTAAAAGATGGATCTT,27,3111776
rcsBp2,10.4,55,4,GTATCTTTATTACAGTATGA,51,3120842
rcsBp2,5.8,32,4,GTAGGGTGTGCACTGCACAA,28,3092144
rcsBp2,0.8,7,4,GTACGCCCATGGGTTTTTCA,3,3100349
rcsBp2,8.8,47,4,GTAAGAGTCGTTGATTCCGT,43,3082877
rcsBp2,6.6,36,4,GGTTCTACATACAATTATAT,32,3098429
rcsBp2,2.8,17,4,GGTGTAGGATGAGAGGTGTA,13,3074567
rcsBp2,3.0,18,4,GGTGGCGATTATCAATGGTA,14,3080419
rcsBp2,1.2,9,4,GGTCCGCCTAGAGCGCCCTA,5,3118598
rcsBp2,4.0,23,4,GGTCCCTTTACCGCAAGGTC,19,3082242
rcsBp2,4.8,27,4,GGTCAGGAGGTCTGTGTTCA,23,3107183
rcsBp2,0.6,6,4,GGTAATGTATTCAGCTGCGT,2,3111066
rcsBp2,5.4,30,4,GGGTCTCAACATCTTCGCCC,26,3074051
rcsBp2,3.6,21,4,GGGGTCGGACAGTGCGGTTA,17,3088711
rcsBp2,7.0,38,4,GGGGGGACGGGCGACTGCTT,34,3111394
rcsBp2,5.4,30,4,GGGGCCGCTGGGGACTCAGA,26,3082794
rcsBp2,4.2,24,4,GGGGATGACGTAGGTGGGAC,20,3111207
rcsBp2,3.8,22,4,GGGCTTATTATTGGACCCCG,18,3121385
rcsBp2,4.0,23,4,GGGCCATGGTTAGGTGTGAT,19,3111766
rcsBp2,4.0,23,4,GGGATCTTGGGGAGACGTTC,19,3088412
rcsBp2,1.8,12,4,GGGATCCCATTGGCATGTCC,8,3087018
rcsBp2,4.8,27,4,GGGAGTTTACCAAGCGTAAG,23,3090664
rcsBp2,3.6,21,4,GGGAGATCGGCATAGGCCCT,17,3078217
rcsBp2,3.2,19,4,GGCTTCGCAACATTGGGTTA,15,3075233
rcsBp2,1.2,9,4,GGCGCTGCGTTGTTTACTGT,5,3080113
rcsBp2,3.2,19,4,GGCCACGGCCCATACCCTAA,15,3086951
rcsBp2,0.6,6,4,GGCACAGGGATGGCCGACGT,2,3109226
rcsBp2,5.2,29,4,GGCAAGGACGTTTAGCTTGT,25,3114020
rcsBp2,0.8,7,4,GGATGCGCTAAAAGGAGGCG,3,3085026
rcsBp2,7.8,42,4,GGACGTGCGGTAATTCGCTT,38,3095972
rcsBp2,2.4,15,4,GGACGGGTCTGCTCTGAGAC,11,3101904
rcsBp2,3.0,18,4,GGAAAAAGCCAGCCTTCGTT,14,3122640
rcsBp2,2.6,16,4,GCTTTGTATACGAACCTCGC,12,3114076
rcsBp2,6.4,35,4,GCTTCACTCATCAGCAGGGC,31,3110534
rcsBp2,5.4,30,4,GCTGGATCGAGAACATATAC,26,3098104
rcsBp2,7.6,41,4,GCTGCGGGCGCCGGAACTCC,37,3109002
rcsBp2,2.6,16,4,GCTCGAGGACGGGCTTCGTG,12,3082068
rcsBp2,5.8,32,4,GCGTGGTCCATGAAACGAAA,28,3118129
rcsBp2,1.8,12,4,GCGGTTATGGGTATGAGAAA,8,3113230
rcsBp2,7.0,38,4,GCGGTATAGACACAACAACC,34,3075311
rcsBp2,0.6,6,4,GCGGCTCTAGCATGCAGGCA,2,3097112
rcsBp2,4.4,25,4,GCGGCTCAGATTTAAATGGT,21,3076314
rcsBp2,0.4,5,4,GCGGCATGCGCACAAACTGG,1,3112804
rcsBp2,1.0,8,4,GCCTTTTTTGTCTTAGAAAT,4,3074290
rcsBp2,2.8,17,4,GCCGATCTGGCTTCGACACC,13,3098400
rcsBp2,3.2,19,4,GCCCGTCCACGCACCTTGGT,15,3090738
rcsBp2,7.4,40,4,GCCCGGTGCGAGCTGATTTA,36,3109072
rcsBp2,8.0,43,4,GCCCGCTAGACAACAGTCTA,39,3104268
rcsBp2,6.2,34,4,GCCATATCCTACCAATAGCG,30,3097493
rcsBp2,3.4,20,4,GCCAGTGGCATTGTGCTGAG,16,3085391
rcsBp2,3.0,18,4,GCCACAGCAATGACGGTTAC,14,3083054
rcsBp2,8.6,46,4,GCATTACGAACTTAATACCT,42,3081403
rcsBp2,4.4,25,4,GCATGGGTCTGGGTGGCCTC,21,3092344
rcsBp2,6.6,36,4,GCATCTGGGTCTGTATATAA,32,3103945
rcsBp2,1.8,12,4,GCATCACAATCCTTAGTTGT,8,3110548
rcsBp2,2.4,15,4,GCAGGGTTGTGTGCGGCTCT,11,3100650
rcsBp2,4.0,23,4,GCAATCTGTCTCTTTTCATT,19,3117827
rcsBp2,0.4,5,4,GATGCTTATATTGTAACGAG,1,3088510
rcsBp2,0.4,5,4,GATGCTGCAGCGTCCCTTTC,1,3102539
rcsBp2,7.2,39,4,GATCATTCAAATATAGAGGT,35,3080233
rcsBp2,1.8,12,4,GAGGATATATTATTGATCAG,8,3108415
rcsBp2,0.8,7,4,GAGGAAGGCAGGCTATCCAG,3,3103036
rcsBp2,2.0,13,4,GAGCAGTCCAAGGGGTGACA,9,3118519
rcsBp2,3.4,20,4,GAGCACATTGCAGTAGTGAC,16,3100809
rcsBp2,10.2,54,4,GACTTAACTTGTCCATACCT,50,3107634
rcsBp2,6.4,35,4,GACGCGCGAAGTGCCCCGAA,31,3093814
rcsBp2,2.8,17,4,GACGAGTTAAGGTCATTAAA,13,3103055
rcsBp2,3.2,19,4,GACCCATCGTCGCTAGCACA,15,3079532
rcsBp2,1.4,10,4,GACCACGCTAATTGTTAGTC,6,3097178
rcsBp2,0.6,6,4,GAATTGTGACCATAGCGCTG,2,3101805
rcsBp2,0.6,6,4,GAATGCTGATGTCTTTGCAG,2,3079324
rcsBp2,4.4,25,4,GAATGCCCATGCCCTAAGAC,21,3102493
rcsBp2,5.0,28,4,GAAGTAAAACTGGGCGTCCC,24,3117954
rcsBp2,2.4,15,4,GAAGCGTTGCCTTTGTAAAT,11,3078916
rcsBp2,0.4,5,4,GAACGAAGGAATCCCTTGGG,1,3120205
rcsBp2,6.0,33,4,GAACACCGTGATCGTCTATA,29,3104443
rcsBp2,4.8,27,4,GAAAGCGAGTATGCAGAGAC,23,3080430
rcsBp2,4.0,23,4,CTTTTCTCGGAATGACGGAC,19,3101031
rcsBp2,4.8,27,4,CTTTGGTTCTAGGCTCAACA,23,3114597
rcsBp2,16.6,86,4,CTTAATCGGTGATCTTGTAC,82,3086911
rcsBp2,3.8,22,4,CTGGTGACGACGGCTGACAC,18,3091208
rcsBp2,0.4,5,4,CTGCTAGCTCCGCCGGGTTT,1,3078015
rcsBp2,5.6,31,4,CTGCATGTACTTATTCTGGT,27,3081422
rcsBp2,5.6,31,4,CTGAGCAAAGATGCCATGTG,27,3085877
rcsBp2,5.0,28,4,CTGACCATTCAGACCGGACT,24,3091249
rcsBp2,3.8,22,4,CTGAACAGTCGCCCCTCGCA,18,3094301
rcsBp2,1.8,12,4,CTCTCTCGTTCTCTACGTAG,8,3086973
rcsBp2,3.0,18,4,CTCTCTATGGACTTACGGCT,14,3111503
rcsBp2,2.8,17,4,CTCGGGTCATATAACCCAAC,13,3109859
rcsBp2,2.4,15,4,CTCGCCATAATCAATTTTAG,11,3113475
rcsBp2,0.4,5,4,CTCCTTAGCAGACACTCGAG,1,3092128
rcsBp2,2.2,14,4,CTCCGTGATGCCAGGATTGA,10,3106288
rcsBp2,4.8,27,4,CTCAGTATTGACAATGTCCA,23,3084522
rcsBp2,4.6,26,4,CTATTCACAGATATATGGCA,22,3084736
rcsBp2,7.6,41,4,CTATGTGACGCGTTCGTAAT,37,3076357
rcsBp2,8.8,47,4,CTATAGATGCCTGAGGTACA,43,3106079
rcsBp2,6.0,33,4,CTAGGCGCTTTTGCAAACGC,29,3108207
rcsBp2,4.2,24,4,CTAGGAAGGACCGTAATTGT,20,3084517
rcsBp2,0.8,7,4,CTAGATGTGACGTTAACTAG,3,3105556
rcsBp2,0.8,7,4,CGTCTATGTCATTCGTGACG,3,3099728
rcsBp2,6.8,37,4,CGTCAGAGGACGTGTTCAAA,33,3076996
rcsBp2,3.8,22,4,CGTATCCGATATAACCGGCT,18,3100378
rcsBp2,1.2,9,4,CGTATAGCGGATCGCGTTGC,5,3121482
rcsBp2,4.0,23,4,CGGTGGACGGCTAATTCGCT,19,3074635
rcsBp2,3.8,22,4,CGGTCTTGGAAAACAGAATT,18,3108540
rcsBp2,9.8,52,4,CGGTCTATCGACGGGTGGCT,48,3118655
rcsBp2,10.0,53,4,CGGGCCTCGAGTAGTTCCTC,49,3076876
rcsBp2,1.2,9,4,CGGCAGTGGTTGGACAAGGG,5,3101983
rcsBp2,3.4,20,4,CGGAGACGCTAAGCCGCTTC,16,3114128
rcsBp2,4.2,24,4,CGGAGACCAACTCCGTTTAG,20,3087906
rcsBp2,2.2,14,4,CGCTCAGTAGGGGCGCACAC,10,3091701
rcsBp2,5.0,28,4,CGCGCCCTGAGCACAAAACC,24,3100851
rcsBp2,2.4,15,4,CGCGATCTCGAACTGGCGTA,11,3087027
rcsBp2,5.6,31,4,CGCCTCATTATGGCTCAATA,27,3098843
rcsBp2,0.4,5,4,CGCCTAGGAACCTTCTAGTA,1,3084195
rcsBp2,2.4,15,4,CGCCGCCGAGCTCACAGCAT,11,3096899
rcsBp2,3.4,20,4,CGCACTGATCAAGCAATCCA,16,3122718
rcsBp2,2.0,13,4,CGCAAACTTTCGTGAGGTCA,9,3076977
rcsBp2,0.8,7,4,CGATCATTAACTTTCAAGAA,3,3097958
rcsBp2,5.8,32,4,CGATAACAGTGCGTGAATAC,28,3090408
rcsBp2,1.2,9,4,CGAATTCCTAAGGTAGTACA,5,3092778
rcsBp2,6.6,36,4,CCTTTGTACGGGATATCAAT,32,3094836
rcsBp2,1.4,10,4,CCTTGCGGGGCTAGATCGAT,6,3122862
rcsBp2,7.4,40,4,CCTGCCCAACGTGGATGCCA,36,3090569
rcsBp2,4.6,26,4,CCTGATGTGCAGTAACTTGA,22,3094865
rcsBp2,3.2,19,4,CCTCGATTAAAGCAAGCGCT,15,3087457
rcsBp2,5.2,29,4,CCTAATCTTTTATTCGTGGA,25,3076809
rcsBp2,9.2,49,4,CCGTGAGGTGCGTTCACTAT,45,3117128
rcsBp2,4.6,26,4,CCGGCCTCATGTGGTACAGT,22,3084556
rcsBp2,7.4,40,4,CCGCCCAGTCTATTTTCACT,36,3114207
rcsBp2,5.4,30,4,CCGCAAAGGCGAATCTTATC,26,3109890
rcsBp2,9.0,48,4,CCCGTCCGGCCATTATAGAT,44,3107692
rcsBp2,4.0,23,4,CCCGGACGTAGCGGCCACAG,19,3075601
rcsBp2,1.6,11,4,CCCCGGAACCCCGAAAGGTC,7,3110487
rcsBp2,1.4,10,4,CCCCCATCGGGGGGGCAGAT,6,3077260
rcsBp2,7.2,39,4,CCCAGCGTCACGATGGCATG,35,3092527
rcsBp2,3.4,20,4,CCCAGAAAGGTAGTTTCTGC,16,3090310
rcsBp2,0.4,5,4,CCCAATGTTAGTAGCCGGCT,1,3105642
rcsBp2,1.6,11,4,CCCAAGGATACAGCTACCGT,7,3106532
rcsBp2,6.8,37,4,CCATTTTGCATCTGCTCCCA,33,3110851
rcsBp2,3.6,21,4,CCAGCAGAAGCATGTTTTAA,17,3113706
rcsBp2,5.8,32,4,CCACTGGCTGACGCTTCCAT,28,3091886
rcsBp2,2.6,16,4,CCACTCGACATTGACTGGGG,12,3083845
rcsBp2,0.8,7,4,CCACTAAGGACAAAACAGAT,3,3081635
rcsBp2,0.4,5,4,CCACGTCAGACAGTTTGACA,1,3103840
rcsBp2,2.4,15,4,CCACAACCCTATAAGTCGGT,11,3098646
rcsBp2,1.8,12,4,CCAATATTATGCTCTATATG,8,3111090
rcsBp2,4.6,26,4,CATGTCTGGTACGGATATAG,22,3075326
rcsBp2,4.6,26,4,CATATAACTTCGATTCAAGG,22,3082328
rcsBp2,0.4,5,4,CATACGCTACACGTACTACT,1,3107669
rcsBp2,5.2,29,4,CAGGGGCTTCTTAATCCCAT,25,3075017
rcsBp2,2.2,14,4,CACGATACAGAGAGGTCTCT,10,3114666
rcsBp2,1.2,9,4,CACCGTGAGAGCGTCACATA,5,3098394
rcsBp2,0.8,7,4,CACAGAGTTCACTCCAGCGC,3,3092908
rcsBp2,1.8,12,4,CACACGGAGGAATAGTCCTA,8,3098699
rcsBp2,7.2,39,4,CAATTCTCGGTGGTTCTCCA,35,3115444
rcsBp2,3.0,18,4,CAATGCTGGTGCATTCAGCG,14,3092935
rcsBp2,2.4,15,4,CAATCCGTCCCCCCTCTCAG,11,3085247
rcsBp2,2.4,15,4,CAAGTGTCTAAAGGGCTCAG,11,3116431
rcsBp2,2.6,16,4,CAAGTGGTCAATTATGCCCT,12,3086764
rcsBp2,4.0,23,4,CAAGTAGCAGTGAAAACCGG,19,3105541
rcsBp2,2.8,17,4,CAAGCGAGTTCGATGAGCAA,13,3085213
rcsBp2,6.0,33,4,CAACTGAGGCCGATACCAAG,29,3115722
rcsBp2,2.8,17,4,CAAAGCGCACGCACATTTCT,13,3088039
rcsBp2,2.4,15,4,ATTAGAAGATCCACCCCCTC,11,3116786
rcsBp2,6.4,35,4,ATGGGGGCTTCGAATCCCAG,31,3086894
rcsBp2,9.0,48,4,ATGGCGGCCACCAAGACACA,44,3121764
rcsBp2,1.0,8,4,ATGCTACTCCAATGCATTCG,4,3105390
rcsBp2,0.4,5,4,ATCGTTTCGCAATACATATC,1,3082320
rcsBp2,4.0,23,4,ATCGGGCTGAACGAATGCGT,19,3110199
rcsBp2,4.2,24,4,ATCGAGGTCAAGTTGTCAGG,20,3121993
rcsBp2,0.8,7,4,ATCCAGCGGCAGAAGTCGCT,3,3111042
rcsBp2,3.8,22,4,ATCAATACGTCTCACTTCAG,18,3089055
rcsBp2,8.6,46,4,ATATACGCTCCCTTGGTTTA,42,3114189
rcsBp2,3.8,22,4,ATAGGGGATATGCATCTCAA,18,3097366
rcsBp2,0.6,6,4,ATAGGAGTGATCATTACTCG,2,3076693
rcsBp2,7.8,42,4,ATAGATGGTGGGTATGAGTT,38,3091849
rcsBp2,4.2,24,4,ATACACTAGCATATTTATGT,20,3121717
rcsBp2,2.6,16,4,ATAAGGACCCTCACAGGTTT,12,3108523
rcsBp2,5.2,29,4,ATAAAGAGCTCAAAGGATTC,25,3101430
rcsBp2,0.4,5,4,AGTTGAAGTCTGCTCCTCCT,1,3104782
rcsBp2,5.8,32,4,AGTTATTTCTAAATGTATTG,28,3119956
rcsBp2,5.0,28,4,AGTTAGCCAGTTATGGGTCA,24,3118926
rcsBp2,6.4,35,4,AGTGTAGCTCATTGTGATCC,31,3105591
rcsBp2,2.0,13,4,AGTCTGACAGGCTATCTCCC,9,3084711
rcsBp2,3.2,19,4,AGTAGTGGGTCCTGCGGGTT,15,3102507
rcsBp2,5.6,31,4,AGTAAGCATAATTCCTACTT,27,3081947
rcsBp2,2.8,17,4,AGGGGTCTTTAAAAATGATG,13,3101588
rcsBp2,4.0,23,4,AGGGCCGGGACCAGGACTAC,19,3115348
rcsBp2,4.0,23,4,AGGAGGCGCTTGTTAAAGCG,19,3120473
rcsBp2,3.4,20,4,AGCTGTGGTAGCGTAACGTA,16,3086501
rcsBp2,7.4,40,4,AGCTGCTAGTTCCACGTTGT,36,3115438
rcsBp2,9.6,51,4,AGCGCCATTTCGCAGCCGGT,47,3098815
rcsBp2,1.6,11,4,AGCCTTGCCATTCGATCTTC,7,3099005
rcsBp2,9.0,48,4,AGCCGCGACCCAGGCATGTG,44,3086134
rcsBp2,4.0,23,4,AGACAGATAAAGAGTCTGCG,19,3083751
rcsBp2,12.2,64,4,AGACAAGCTTGGGCTCATCA,60,3122711
rcsBp2,4.0,23,4,AGAACTCTAGAAGGCCTTAC,19,3088356
rcsBp2,1.6,11,4,ACTATCACGATGGCTCTTTT,7,3101340
rcsBp2,2.2,14,4,ACTACTTTATTCTGCTGGAG,10,3120994
rcsBp2,4.2,24,4,ACTAATAATATACATCGTAG,20,3077492
rcsBp2,1.8,12,4,ACGGTGTGCTGTGTAGCAGA,8,3089558
rcsBp2,5.6,31,4,ACGCGCTTCCCCGACGCACA,27,3102282
rcsBp2,0.6,6,4,ACGCAAACGTCAAGCTGGCG,2,3085017
rcsBp2,7.4,40,4,ACGAAACTACAACGCGCGAA,36,3103869
rcsBp2,4.0,23,4,ACCTCGCAACCCCAACACGT,19,3074406
rcsBp2,6.4,35,4,ACCGTCGCTTAGAATCTCTT,31,3108945
rcsBp2,3.4,20,4,ACCGATTGCTCTCTGGATCT,16,3100235
rcsBp2,0.8,7,4,ACCGAACAAGGACGGGTCCT,3,3105951
rcsBp2,2.0,13,4,ACCCGTCAATTTTTATCTTA,9,3094445
rcsBp2,12.2,64,4,ACCCAGGCTGCCTCAAGCTA,60,3099780
rcsBp2,4.4,25,4,ACCAATCGCGAGAGACCAAT,21,3084119
rcsBp2,4.2,24,4,ACATGTGCTTGATACATGAT,20,3099505
rcsBp2,0.6,6,4,ACATCTCATCTACCTCTATA,2,3090066
rcsBp2,0.6,6,4,ACAGCTGGGAAGGTCAAATG,2,3087717
rcsBp2,1.8,12,4,ACACGAGATTCCGTCATTCT,8,3095462
rcsBp2,0.4,5,4,ACACAGGTATAAGAGAACCT,1,3113238
rcsBp2,3.2,19,4,ACAATTAGTCGCTGTCGTTC,15,3083318
rcsBp2,3.4,20,4,ACAATCATCTAAACGATGTC,16,3090652
rcsBp2,2.4,15,4,AATGCAAATTTGCGAGTCAC,11,3098102
rcsBp2,3.2,19,4,AATCTGCGCCTTGGGGCATT,15,3101211
rcsBp2,3.4,20,4,AATCGGAACGCTTGGAACGA,16,3084071
rcsBp2,5.4,30,4,AATCATATCATGAGAGATCT,26,3122222
rcsBp2,7.0,38,4,AATAGCTGCATTTAAGATGA,34,3084858
rcsBp2,10.8,57,4,AAGGTTGTTCCTCCTTGCGG,53,3099224
rcsBp2,2.8,17,4,AAGGGTGAGGTTTGAGGGTT,13,3086216
rcsBp2,0.6,6,4,AAGGATCCACAAGGTCAGGC,2,3096588
rcsBp2,2.8,17,4,AAGCACTACCGCGGCCATGT,13,3074372
rcsBp2,3.0,18,4,AAGATTTCGGCCATATTAGC,14,3079825
rcsBp2,0.6,6,4,AAGATTTATTTGCGGCCCGA,2,3080548
rcsBp2,2.8,17,4,AAGAGGTAGCCAGGTCGGAT,13,3098621
rcsBp2,6.2,34,4,AACGGCGTGCAGCTGATCGG,30,3089933
rcsBp2,2.6,16,4,AACGCCCGCTATCGAAAAGG,12,3083967
rcsBp2,2.2,14,4,AACGAATATCCGGGTGTATC,10,3075318
rcsBp2,6.0,33,4,AACCTTGGAACGATTCTGGG,29,3102086
rcsBp2,0.4,5,4,AACCGGAGATCTGCCAGTCC,1,3121531
rcsBp2,0.4,5,4,AACCGAACCTCTCCTTCTTC,1,3102420
rcsBp2,2.8,17,4,AACCCGCGCGTGTTCGTGCA,13,3084436
rcsBp2,15.2,79,4,AACCATTGGGAACTCTCGTT,75,3103405
rcsBp2,1.8,12,4,AACATGGATCAAGCTGAACT,8,3110381
rcsBp2,2.0,13,4,AAAGGGCGGTTCGCTTATCG,9,3116033
rcsBp2,2.0,13,4,AAACGAGCCGTGATGCATTA,9,3094522
rcsBp2,3.8,22,4,AAACCCCGACTAAAAATGTA,18,3085139
rcsBp2,0.6,6,4,AAAATCGTGACCCGTCCGAT,2,3090642
rcsBp2,3.6,21,4,AAAAGCAGTGCGACGTGACA,17,3108515
rcsBp2,4.25,19,3,TTTTTGAAAATCCGCCGCCT,16,3087722
rcsBp2,0.5,4,3,TTTTGAACGACTGCATAGGC,1,3093731
rcsBp2,2.0,10,3,TTTGTTAAGGGTCCGATAGT,7,3094748
rcsBp2,4.0,18,3,TTTGTCACATCGAGTGTGAA,15,3081987
rcsBp2,2.25,11,3,TTTGGGAATACGGGCAAGGC,8,3086543
rcsBp2,3.25,15,3,TTTGCTGCTGGAAAGTTGTT,12,3118877
rcsBp2,1.0,6,3,TTTCATCCGGAGGCACGAAG,3,3112611
rcsBp2,0.5,4,3,TTTATCGATCCCACTGCACA,1,3099466
rcsBp2,9.0,38,3,TTGCGCGCGGTTCTCTTCGA,35,3091557
rcsBp2,0.5,4,3,TTCCCACCCCAACCGAGTGT,1,3116210
rcsBp2,5.5,24,3,TTCAGCTAAACCTTGAGCTT,21,3098048
rcsBp2,0.5,4,3,TTCACATATGAGAATAGGAG,1,3086817
rcsBp2,61.5,248,3,TTATAGAACCGTGGATAGAA,245,3106626
rcsBp2,0.5,4,3,TTAGGTGGGAAGGATTTGTA,1,3084231
rcsBp2,3.75,17,3,TTACGTCACGTCCTCGCTTT,14,3116745
rcsBp2,0.5,4,3,TTACGCGCAACTTGTAGACT,1,3095528
rcsBp2,7.25,31,3,TTACCAGTATCGGAGGTTTG,28,3117447
rcsBp2,6.0,26,3,TTAATTCTTCCGGCTGATTC,23,3094854
rcsBp2,1.0,6,3,TTAACATTCCGTGCAACTCC,3,3089051
rcsBp2,7.5,32,3,TTAAAGGTTGACTTGTGGAA,29,3098007
rcsBp2,4.25,19,3,TGTGGTTACGTGATCCTTGT,16,3097122
rcsBp2,5.25,23,3,TGTCTGGACAACGACATGGG,20,3113674
rcsBp2,0.5,4,3,TGTATCCGCAGAATTACGCG,1,3075178
rcsBp2,6.5,28,3,TGGGCTACGAGGGCCTCGGT,25,3086669
rcsBp2,7.0,30,3,TGGCGCACAAATTGCGGACT,27,3076217
rcsBp2,2.75,13,3,TGGACTCAGGTACTCGACGT,10,3095455
rcsBp2,0.5,4,3,TGCGTAAACATTCAGACGTG,1,3114292
rcsBp2,1.5,8,3,TGCGAAATGAACTCTCTTAC,5,3108720
rcsBp2,4.5,20,3,TGCCCAGTCGTGTACCCATT,17,3087021
rcsBp2,0.75,5,3,TGCCCACGGTACGTCATCAA,2,3077206
rcsBp2,0.75,5,3,TGCCACACATCGAGGTCAAT,2,3113573
rcsBp2,2.0,10,3,TGCATTGTGCGGCTACCCAC,7,3075118
rcsBp2,6.25,27,3,TGATAGACTAATTCAAGCGA,24,3085106
rcsBp2,0.5,4,3,TGAGGGATCCAACATGTCAA,1,3098943
rcsBp2,2.0,10,3,TGAGCGGACCGCGGTTCCCC,7,3081288
rcsBp2,6.0,26,3,TGAATTGGATCTACGCGTTC,23,3094517
rcsBp2,3.0,14,3,TGAATTCAGGGTAGTGGTCT,11,3099119
rcsBp2,1.75,9,3,TGAAGGCCCGCGGAAACGTT,6,3088578
rcsBp2,4.75,21,3,TGAAGAACGAAATCCCGCGT,18,3081770
rcsBp2,7.25,31,3,TGAACAAGACTTTCCGCCCA,28,3109861
rcsBp2,6.5,28,3,TCTTAAAGATCAGAATCTAG,25,3095324
rcsBp2,6.0,26,3,TCTGGGCGGAGAGATTTCGT,23,3116726
rcsBp2,5.0,22,3,TCTATCCCAATTACATCCTA,19,3096184
rcsBp2,5.0,22,3,TCTAGAATTCATAAGACCCA,19,3093555
rcsBp2,4.5,20,3,TCTAAAATGATCAGAATGTT,17,3096952
rcsBp2,0.5,4,3,TCGTGGACGTGTTGATCCGA,1,3121644
rcsBp2,0.5,4,3,TCGTCTTGAATGCGTTGGTG,1,3102661
rcsBp2,2.25,11,3,TCGTCTTAGCCAGCCTGCGC,8,3122619
rcsBp2,6.25,27,3,TCGGGTACCCAGGGACTAGA,24,3122496
rcsBp2,7.75,33,3,TCGGGCTCTTTCATTGACAG,30,3077064
rcsBp2,7.0,30,3,TCGGCCAGTCGCTTGATATT,27,3081986
rcsBp2,9.75,41,3,TCGATTCTCATTAATTCCTG,38,3122582
rcsBp2,4.25,19,3,TCGATGCGCAAGGGGTCGGA,16,3118565
rcsBp2,3.5,16,3,TCGAAACTAGAGGTGCGGCT,13,3093319
rcsBp2,3.5,16,3,TCCTAGTCCGATCTGCGTCA,13,3096301
rcsBp2,0.5,4,3,TCCCTCCGTAGGTTCATGCT,1,3113361
rcsBp2,0.5,4,3,TCCCCCGCACGCGGGGAAAC,1,3112859
rcsBp2,14.0,58,3,TCATTTAACGCGATAGATAA,55,3097744
rcsBp2,9.0,38,3,TCATTGGCAACAGCCCGGTT,35,3109411
rcsBp2,0.5,4,3,TCACTACAGAAGCAGAAACT,1,3096325
rcsBp2,12.0,50,3,TCACGGTTCGGTCATAGGTT,47,3074963
rcsBp2,5.5,24,3,TATTATCTTTCGAAGCGCCC,21,3079105
rcsBp2,5.25,23,3,TATGTACGGCGTCAACCATG,20,3095217
rcsBp2,1.0,6,3,TATGAGGCTTATTGTTTCAA,3,3103008
rcsBp2,3.5,16,3,TATATGGCGATTACCAAACA,13,3101310
rcsBp2,0.5,4,3,TATAGTGATACGTATCGTTT,1,3104855
rcsBp2,0.5,4,3,TAGGTGGGAAGAGTAGCCGG,1,3086777
rcsBp2,1.25,7,3,TAGGCGGGCTGTTTGACTGT,4,3104203
rcsBp2,6.5,28,3,TAGCTCCGGAAAGGCAGCAA,25,3109756
rcsBp2,5.75,25,3,TAGAGGTCGATCTTTTGATC,22,3084569
rcsBp2,0.5,4,3,TACTATATGTTCAGGAACGT,1,3119032
rcsBp2,4.25,19,3,TACGCGGAATCGCTTTGTCC,16,3116142
rcsBp2,1.75,9,3,TACCGTTGGCCTTATGAGAC,6,3113233
rcsBp2,7.25,31,3,TACCCTTGTCCGTAACCATT,28,3082126
rcsBp2,12.0,50,3,TACAAGTTTCTGGACATGTG,47,3089345
rcsBp2,8.5,36,3,TAAGTGTGTACAGGATCCAT,33,3120514
rcsBp2,2.25,11,3,TAAGGTCAATGAACGAACCT,8,3104432
rcsBp2,21.0,86,3,TAAGGATACCTCGTCAGGAG,83,3107944
rcsBp2,3.75,17,3,TAAATGCATCTCCAAATTGT,14,3110603
rcsBp2,9.75,41,3,GTTTTAGGATACGCTGTCAT,38,3087038
rcsBp2,0.5,4,3,GTTTTACGATCATTTGTGTT,1,3110730
rcsBp2,7.25,31,3,GTTCACAGGCCTCGTTTCAA,28,3109289
rcsBp2,3.5,16,3,GTGGATCTTCGTAGTTGACC,13,3085123
rcsBp2,5.25,23,3,GTGCTCGCAGACAACGTACA,20,3080264
rcsBp2,6.5,28,3,GTGCGCATTTCGAGCCGTGA,25,3077457
rcsBp2,4.0,18,3,GTGAGCCATAAAGGCAAGAA,15,3091327
rcsBp2,1.75,9,3,GTGACGAACTTTTAGGGCCA,6,3101497
rcsBp2,5.25,23,3,GTCTGGACCAGGGAGCTTTC,20,3085523
rcsBp2,4.75,21,3,GTCGGGGCGCGCTGTCTGAG,18,3085133
rcsBp2,5.25,23,3,GTCCTTCGCGTCAGGACCAG,20,3090895
rcsBp2,8.75,37,3,GTCCTGGAAGACAAGTGCAA,34,3094315
rcsBp2,4.25,19,3,GTATTCTACTTGAAGCCATC,16,3089697
rcsBp2,0.5,4,3,GTATCGTCAAGCTTACGGCG,1,3108747
rcsBp2,4.5,20,3,GTAGCTTTAACTTACTACTA,17,3115458
rcsBp2,0.75,5,3,GTACTTTGTGCTTGTAACCA,2,3113539
rcsBp2,5.5,24,3,GTACGTATTCAGACCCATGA,21,3119273
rcsBp2,1.5,8,3,GTACACAAACGGAACCACCA,5,3102200
rcsBp2,6.0,26,3,GTAACTCGTGCGGCAGAAAT,23,3101539
rcsBp2,4.75,21,3,GGTTGACGCTGTACCGGGTC,18,3104638
rcsBp2,2.5,12,3,GGTTATAAGCATCTCTTACC,9,3110073
rcsBp2,1.75,9,3,GGTTAATACCATGTTAGTTG,6,3087711
rcsBp2,4.25,19,3,GGTTAAGCCAACGTTTATGC,16,3095602
rcsBp2,4.75,21,3,GGTCTGACGAGGCGCTTTAG,18,3089020
rcsBp2,17.0,70,3,GGTACGGATTCAAGTTACGT,67,3098177
rcsBp2,0.5,4,3,GGGTTTCGGAGGTGAGGATG,1,3087740
rcsBp2,2.0,10,3,GGGTTGGGCCACGACGACGT,7,3105804
rcsBp2,3.75,17,3,GGGTTCTAATGGCGGAAGAC,14,3096485
rcsBp2,6.0,26,3,GGGTGAAATCGAAGGGATAC,23,3075309
rcsBp2,5.25,23,3,GGGTATTGACGGGACTTGGT,20,3095743
rcsBp2,1.75,9,3,GGGCTGCGCTTATGGCCAAC,6,3085115
rcsBp2,2.5,12,3,GGGCGACTCCGCTGTAACAT,9,3121709
rcsBp2,5.0,22,3,GGGCCAACGGGGTACGTAGA,19,3118563
rcsBp2,10.25,43,3,GGGAGTCCGTAGCCACTGGG,40,3086640
rcsBp2,0.75,5,3,GGGACTGGCAACATTCAAAT,2,3090543
rcsBp2,5.25,23,3,GGGAATCAATTACATATGAG,20,3112533
rcsBp2,10.0,42,3,GGCTGTGCGTGTCTTGGCTC,39,3104784
rcsBp2,13.5,56,3,GGCGAGGTGCCGCCCCAAGG,53,3080980
rcsBp2,0.5,4,3,GGCCCTATGCATTGACGTCC,1,3099230
rcsBp2,9.25,39,3,GGCATAAAATGCGCGCGGTG,36,3099966
rcsBp2,3.75,17,3,GGATTTGTCACCTGGGTTCG,14,3081477
rcsBp2,4.75,21,3,GGAGAGTGGAGGTTTGCATT,18,3117967
rcsBp2,6.75,29,3,GGAAGTGGCACGACGTATCG,26,3074200
rcsBp2,4.0,18,3,GCTGGTTTGCGATGTAACAG,15,3095956
rcsBp2,8.75,37,3,GCTGCAGAAGCCGTTAACGC,34,3083457
rcsBp2,4.25,19,3,GCTCCAGCCTTAGGGATGGA,16,3088270
rcsBp2,4.5,20,3,GCTAATATTGTCTTCAAAAG,17,3090461
rcsBp2,2.25,11,3,GCGTTATTTGGTGAACTATC,8,3120775
rcsBp2,6.25,27,3,GCGTGTCGCGCCAACGAGGC,24,3121037
rcsBp2,6.5,28,3,GCGTAAGTTTTCATGGACGG,25,3074990
rcsBp2,1.75,9,3,GCGCTGTGTTAAGAGGACAT,6,3119674
rcsBp2,15.75,65,3,GCGCTATGCTGTAATTTAGA,62,3113540
rcsBp2,7.5,32,3,GCGCCCCAGAAGGTGATACA,29,3110804
rcsBp2,3.0,14,3,GCGATGGATCCATTGCAGTG,11,3095415
rcsBp2,0.75,5,3,GCGACGATGATATACTCTCA,2,3077136
rcsBp2,2.0,10,3,GCGAAGTAGGTTTCCCTTGT,7,3118346
rcsBp2,0.75,5,3,GCGAACCGTATTAGTCAGGA,2,3075097
rcsBp2,8.0,34,3,GCCTATCGATGTTACAATTT,31,3113588
rcsBp2,5.0,22,3,GCCGGGAATACACAAGCGTT,19,3087821
rcsBp2,0.5,4,3,GCCGGATTACGGCACTTCGA,1,3110484
rcsBp2,5.75,25,3,GCCGAGGTGTTATAGACGAA,22,3090193
rcsBp2,2.5,12,3,GCCGAACGATCGCAATCAGC,9,3083856
rcsBp2,21.5,88,3,GCCCACATTATTTTACTACT,85,3110821
rcsBp2,2.5,12,3,GCCATTTCAAACCGGGATCT,9,3109732
rcsBp2,4.25,19,3,GCCAGCAAGTGAGCTAGGGT,16,3120068
rcsBp2,4.0,18,3,GCCACCACCACGAAGTACGT,15,3077532
rcsBp2,1.0,6,3,GCCAAAGCTTCGCACGATTG,3,3088184
rcsBp2,2.0,10,3,GATTCGCTACCTCTGTCAGC,7,3081322
rcsBp2,8.5,36,3,GATGGTGTAATGAAACTCTG,33,3117493
rcsBp2,7.0,30,3,GATCCAGTACATATGTCCAA,27,3085529
rcsBp2,4.5,20,3,GATAGATTATATGTACGTGA,17,3111675
rcsBp2,5.75,25,3,GATAAACCGTTAACATCAGC,22,3121227
rcsBp2,4.0,18,3,GAGTCGAAGCGGTTGATCCA,15,3102133
rcsBp2,2.75,13,3,GAGGTTTCTAGTAGGGCAAG,10,3113116
rcsBp2,4.75,21,3,GAGGCTTGTGGCCCGGCACA,18,3118089
rcsBp2,0.5,4,3,GAGGCAAAATAAGTCTCAGA,1,3097451
rcsBp2,7.25,31,3,GAGCTCGCGATGGCCTTTCA,28,3094080
rcsBp2,6.75,29,3,GAGCTACCACTCAAGTCTAA,26,3082159
rcsBp2,22.0,90,3,GAGAGACATTCCTCCGCAGT,87,3084295
rcsBp2,4.75,21,3,GAGAGAAACAGCTAACGCAG,18,3093451
rcsBp2,11.5,48,3,GACCGCACATGGGTTTAAAA,45,3106651
rcsBp2,1.0,6,3,GACAATTAAAATTAATGGGG,3,3119023
rcsBp2,5.5,24,3,GAATTTGCTCTACTGCTGCG,21,3107602
rcsBp2,0.5,4,3,GAAGAGGCTATCGCATATTC,1,3120123
rcsBp2,2.0,10,3,GAACCAGGTGTCAGTATAAA,7,3111423
rcsBp2,0.5,4,3,GAACATATGCATGGCCTGAG,1,3114313
rcsBp2,4.0,18,3,GAACAAAAAAGCGCTTCGAT,15,3108394
rcsBp2,5.0,22,3,GAAAATGCCAGACTCGCCAC,19,3080525
rcsBp2,3.75,17,3,CTTTACACTCATGGGTACTT,14,3114839
rcsBp2,3.5,16,3,CTTCCTACATCTAGCACGGC,13,3088027
rcsBp2,5.0,22,3,CTTCATTCGCGGTTTACCAA,19,3079559
rcsBp2,0.5,4,3,CTTATAGTCCTACTCAAGCA,1,3089119
rcsBp2,3.75,17,3,CTTAATTTTGGTAGGCGACC,14,3121682
rcsBp2,1.25,7,3,CTGTCACGGAGTATGTCATT,4,3109242
rcsBp2,5.25,23,3,CTGCCGTTCCCGGCATGGGG,20,3121088
rcsBp2,1.25,7,3,CTGATTTTCTTTAACCTGAT,4,3087231
rcsBp2,5.5,24,3,CTGAGTATGCTCGTCTGTTA,21,3096560
rcsBp2,0.5,4,3,CTCTTCACACAGTACGGATC,1,3084915
rcsBp2,3.0,14,3,CTCTATTCCACGAAAACCAG,11,3120331
rcsBp2,3.5,16,3,CTCGTTTTCTCGTGAGCTAG,13,3111022
rcsBp2,0.5,4,3,CTCCCATCATGAGTGTAATC,1,3081170
rcsBp2,11.0,46,3,CTCACGTGAGACTAGCACAT,43,3082463
rcsBp2,6.75,29,3,CTCACGGCCGGGGCTGCATG,26,3096149
rcsBp2,3.25,15,3,CTCACCATAGTGCTATACAC,12,3078623
rcsBp2,3.0,14,3,CTATTTCCCGCTCAGGGCTT,11,3115311
rcsBp2,0.5,4,3,CTATTGGTCCCGCGCTCAAA,1,3111308
rcsBp2,3.25,15,3,CTATTCCTGGCATTTTGTTT,12,3106629
rcsBp2,4.25,19,3,CTATAGACTCGGACGATTTG,16,3085249
rcsBp2,2.5,12,3,CTAGGCGTTGATTTGAGCGA,9,3107225
rcsBp2,8.5,36,3,CGTGGGCCGGCATTCTATCA,33,3107217
rcsBp2,4.75,21,3,CGTGAGTTAACCGACCGATT,18,3122057
rcsBp2,5.0,22,3,CGTGAAGATCGTAGGTTACT,19,3116641
rcsBp2,4.25,19,3,CGTACCTTTCGATTACCTAG,16,3089980
rcsBp2,2.0,10,3,CGGTTATTAGTGGATAACTT,7,3102552
rcsBp2,12.5,52,3,CGGTATCGTTACATGTATAA,49,3098863
rcsBp2,4.75,21,3,CGGTACCATACGAAATTTAC,18,3093737
rcsBp2,0.5,4,3,CGGGTATCACGCATTTAGAG,1,3102854
rcsBp2,2.75,13,3,CGGGTAATTCTAAAATGGAA,10,3114019
rcsBp2,10.75,45,3,CGGACCGCGTTTCGACGGGG,42,3117456
rcsBp2,4.0,18,3,CGGACCGAGGAGGAGTACGA,15,3113017
rcsBp2,1.25,7,3,CGGACCACTTCAGGGTGGCT,4,3112909
rcsBp2,4.75,21,3,CGCTGGCGGCGGATGGACAC,18,3103358
rcsBp2,5.5,24,3,CGCGGGTGTATCTACCGATT,21,3112069
rcsBp2,8.75,37,3,CGCGCGAGCAGACCTGTGCT,34,3117448
rcsBp2,4.75,21,3,CGCCAGGAAAGCGAAGCATC,18,3121169
rcsBp2,10.75,45,3,CGCATAACTATTTAATCTTC,42,3121072
rcsBp2,0.5,4,3,CGAGGCTGAATATACGCCAT,1,3087109
rcsBp2,6.0,26,3,CGAGAGGGGAACTCAGTCTA,23,3118408
rcsBp2,0.5,4,3,CGAAAACCAGATCACAGTAG,1,3103223
rcsBp2,11.0,46,3,CCTTGATGAGGCATGCCTTA,43,3097090
rcsBp2,7.5,32,3,CCTGTGGTTAGTGTAGCGGG,29,3102571
rcsBp2,2.75,13,3,CCTGTCGCAAATGGGCCGCC,10,3094453
rcsBp2,0.75,5,3,CCTCACAATGATAATATAAA,2,3082517
rcsBp2,3.25,15,3,CCGTCGGCACAAGAAAGACT,12,3090627
rcsBp2,0.5,4,3,CCGTACATATGGGTACAAAA,1,3091281
rcsBp2,1.75,9,3,CCGCGGAGTTGCCGGGGGAC,6,3093356
rcsBp2,7.0,30,3,CCGCAAATACTTAATCAAAT,27,3099263
rcsBp2,3.0,14,3,CCGATTGCCTATGCTACCGG,11,3082611
rcsBp2,7.0,30,3,CCGATCAGGTAGGTCCCACT,27,3120362
rcsBp2,4.0,18,3,CCGAATGGCTTATGTAGCCA,15,3087668
rcsBp2,10.25,43,3,CCGAAGACTTTTTATCACGG,40,3102556
rcsBp2,4.25,19,3,CCCATTCTTAGCGCGGGCTC,16,3093308
rcsBp2,0.5,4,3,CCCATCCCCCACTGTATGCT,1,3080349
rcsBp2,0.5,4,3,CCCAAAGGGTATCACGGGGC,1,3115885
rcsBp2,5.0,22,3,CCATCGTAGAGTCTTCAGGC,19,3089126
rcsBp2,7.75,33,3,CCATCGAAGGGATGAACCCT,30,3094701
rcsBp2,10.0,42,3,CCATCCCTTGCAGGCGTCCG,39,3114795
rcsBp2,7.5,32,3,CCAGTCAGCACCTAATGCGA,29,3090759
rcsBp2,4.75,21,3,CCAGCGTAGTTTAAGGTACG,18,3119499
rcsBp2,7.0,30,3,CCACAACGGCAGACCCCGTC,27,3113676
rcsBp2,2.0,10,3,CATTCGCTCCACCTTCGAAA,7,3092525
rcsBp2,5.5,24,3,CATGTGTGCATGGTTTCTGT,21,3107450
rcsBp2,4.75,21,3,CATGCTTGTTGGTAGTGTTG,18,3100009
rcsBp2,1.25,7,3,CATATTCGAGCGCAAATAGT,4,3111333
rcsBp2,6.25,27,3,CATATGCCTTACGCTTACTC,24,3119642
rcsBp2,2.0,10,3,CAGCTGCACGAGGTTACGGG,7,3078125
rcsBp2,3.75,17,3,CAGCGTTTGCTGCGGATGCC,14,3093508
rcsBp2,6.0,26,3,CAGCAGCCCCTCTAGCTTCG,23,3109963
rcsBp2,0.5,4,3,CAGACTAGGCACGCGCAAAG,1,3082130
rcsBp2,7.25,31,3,CACTCCATTATACTGTTGAA,28,3073870
rcsBp2,0.75,5,3,CACATCCGGCAATACAAACC,2,3086921
rcsBp2,11.25,47,3,CAATTGCGCCGTCAATGCCC,44,3083184
rcsBp2,4.0,18,3,CAAGGTCCGCTGGAGGCCTA,15,3095971
rcsBp2,3.5,16,3,CAACGTGCAAAGCGCGCCTC,13,3101590
rcsBp2,1.75,9,3,CAACGACATCCTCAAGGCTG,6,3097846
rcsBp2,3.75,17,3,CAAACTTGAGAGTAATCGGG,14,3099813
rcsBp2,4.25,19,3,ATTCGTTGTACAGCGAGTAC,16,3102210
rcsBp2,1.0,6,3,ATTCGCTGTCTTTGTTAGTC,3,3080632
rcsBp2,5.0,22,3,ATTCCAGGGGTGTTCGGTGG,19,3103348
rcsBp2,17.75,73,3,ATTAATAAGCGTAGTCAGTG,70,3080347
rcsBp2,3.25,15,3,ATGTGCGAAACCATCGCGCT,12,3078085
rcsBp2,8.5,36,3,ATGGTCTAGAATTTTCGATT,33,3106117
rcsBp2,0.5,4,3,ATGCTTTTCTGTTAGAATCA,1,3100025
rcsBp2,7.0,30,3,ATGCGCAAAGCGACATCAGA,27,3107880
rcsBp2,23.5,96,3,ATGCCAGGATGACTCAACAA,93,3116062
rcsBp2,3.75,17,3,ATGAAAATGCGTGAGACCTT,14,3106989
rcsBp2,2.0,10,3,ATCTGGGTCTGTGTCGCCCA,7,3074443
rcsBp2,16.25,67,3,ATCTGCAGATTGAGTGTGTT,64,3115901
rcsBp2,5.25,23,3,ATCCGCTACGAGAACTGGGT,20,3115882
rcsBp2,5.0,22,3,ATCCGCCGTGACGCTCTTTA,19,3075735
rcsBp2,7.5,32,3,ATCAGTTAATTCATGCTGCA,29,3086304
rcsBp2,0.5,4,3,ATCAGTGATCGCAATTCAGT,1,3075406
rcsBp2,14.25,59,3,ATATGGATAGGGCCGACTGA,56,3095869
rcsBp2,6.5,28,3,ATAGTCAGTACAACAAAAGG,25,3088628
rcsBp2,2.5,12,3,ATAGGTGTCAGTTTTGTGTC,9,3102954
rcsBp2,0.5,4,3,ATAGCCCGGGCAGGCCGGTC,1,3106230
rcsBp2,3.75,17,3,ATACGGATTGGCTCCGAGGA,14,3116599
rcsBp2,4.0,18,3,ATAACTCCACAGGCAGTAGC,15,3075953
rcsBp2,3.75,17,3,AGTTACAATGATCGGCCGTC,14,3088817
rcsBp2,8.25,35,3,AGTGCCGCCCGTGTATCTGT,32,3105075
rcsBp2,0.5,4,3,AGTCTTTGCTCGCTCAGAGT,1,3114175
rcsBp2,5.5,24,3,AGTCCGTTAGAGGGGGAATC,21,3077356
rcsBp2,2.75,13,3,AGTCAACAACACCCTAATAT,10,3096192
rcsBp2,2.5,12,3,AGGTAGACATTAGGAACCGT,9,3088001
rcsBp2,14.25,59,3,AGGCTTGCGCGGATCTACCA,56,3095502
rcsBp2,1.75,9,3,AGGCGGAGGTGCTCTTGGAA,6,3115677
rcsBp2,0.5,4,3,AGGATTTTACTCGTATCGTG,1,3116157
rcsBp2,6.0,26,3,AGCCGGCAAGTCTGCTTCTC,23,3087191
rcsBp2,1.0,6,3,AGCCCCCTCGCTTGTAGCTT,3,3093524
rcsBp2,1.75,9,3,AGCACCGTTGGTTACTTGGC,6,3110906
rcsBp2,4.75,21,3,AGCAAGAACAGTTTCGTGTA,18,3121481
rcsBp2,2.75,13,3,AGAGTCACAAGATGTTGACG,10,3115867
rcsBp2,6.25,27,3,AGAGCGTAGACGAGCATTAC,24,3076259
rcsBp2,3.75,17,3,AGACTACCGGCATCAGCACC,14,3115483
rcsBp2,7.75,33,3,AGACAGTAGCATCCCGGTAC,30,3078893
rcsBp2,6.75,29,3,AGAACTTCGCGCGCTTCCAA,26,3081133
rcsBp2,7.75,33,3,AGAACCTTCAGCAAGCACAT,30,3091762
rcsBp2,4.5,20,3,ACTTGAATGAGCGCAAGCGG,17,3082828
rcsBp2,0.5,4,3,ACTTATGCACCGGCCCATGT,1,3111760
rcsBp2,7.0,30,3,ACTGTTGAAGGCACGTAGTA,27,3075434
rcsBp2,0.5,4,3,ACTGTAACAGTACGATTTGC,1,3090829
rcsBp2,8.75,37,3,ACTCGTCCAACAGACCGCGG,34,3104346
rcsBp2,2.75,13,3,ACTACTCTTCCAAGCGTGGC,10,3085259
rcsBp2,4.25,19,3,ACGTGGAACTGTGTCGTTGA,16,3094285
rcsBp2,9.75,41,3,ACGTAGAAGTGCGTTTTTCC,38,3098158
rcsBp2,14.25,59,3,ACGGAGCGTGCGAATACGCG,56,3110420
rcsBp2,6.75,29,3,ACGCGAAGTTTCACAGATAA,26,3117331
rcsBp2,5.0,22,3,ACGCAGACGAGATAGAAGAG,19,3076184
rcsBp2,3.25,15,3,ACGAATCTGAAACCCCGCTT,12,3100721
rcsBp2,1.5,8,3,ACCTTCAAGTTGCATTGTGA,5,3085754
rcsBp2,4.25,19,3,ACCTCCGGCGTGTACTGGCA,16,3112745
rcsBp2,0.5,4,3,ACCTCCAATAGTGCCAGGAC,1,3105297
rcsBp2,7.5,32,3,ACCGCCGGCCTTTCTACTAT,29,3109868
rcsBp2,0.5,4,3,ACCCCGGGGTTCAACCGGCT,1,3095020
rcsBp2,0.5,4,3,ACCACATGAGACTCGTGAAA,1,3091135
rcsBp2,3.0,14,3,ACATGCGCTTATGAACGAAG,11,3092590
rcsBp2,0.5,4,3,ACAGGCTGAAGAGAACACCT,1,3109043
rcsBp2,1.25,7,3,ACAGGACACACCCTCTCTCG,4,3077911
rcsBp2,2.75,13,3,ACAGCAATGGCTATGAAGGG,10,3085908
rcsBp2,7.5,32,3,ACAATGCATGACATGGGTTT,29,3074738
rcsBp2,0.75,5,3,AATCGCTGTAGTGTTTACGG,2,3097444
rcsBp2,4.25,19,3,AATCCACAGTAAGAACCTGT,16,3096691
rcsBp2,8.25,35,3,AATATAGGGATTATGGGCCA,32,3093741
rcsBp2,3.5,16,3,AAGTCGATAACTACGCCGGG,13,3122516
rcsBp2,11.0,46,3,AAGTATGCCTATTGAAGAAA,43,3074295
rcsBp2,0.5,4,3,AAGGTAGTAGGGTCGGTCTT,1,3096643
rcsBp2,5.0,22,3,AAGCGTTAATTGGTTGTTGG,19,3085836
rcsBp2,2.5,12,3,AAGCGCGTGATGGATCAGTA,9,3106217
rcsBp2,35.0,142,3,AAGATTTGTTTTCATATGAA,139,3077500
rcsBp2,7.5,32,3,AAGATTACCTCGGAGACTGA,29,3100963
rcsBp2,5.0,22,3,AAGATGCACTGCGGCAGCTC,19,3099131
rcsBp2,0.5,4,3,AACTCATGAGTAAATAGTCT,1,3110624
rcsBp2,6.5,28,3,AACGGACGTTCAGACTTGAT,25,3098860
rcsBp2,0.75,5,3,AAATCCCATCCTTGGCTCAT,2,3113446
rcsBp2,4.0,18,3,AAAGTTAAAGCGCGAACCGG,15,3083450
rcsBp2,6.0,26,3,AAAGTCACACAACTTCTCTG,23,3092462
rcsBp2,8.0,25,2,TTTTATGCATTTCCATGCGA,23,3088037
rcsBp2,8.0,25,2,TTTGTATCTTCGACAATCCC,23,3101767
rcsBp2,7.666666666666667,24,2,TTTGCTTACGTTGCTTTCAA,22,3116043
rcsBp2,22.666666666666668,69,2,TTTGCCGTTGGCGTGGACTC,67,3119638
rcsBp2,6.666666666666667,21,2,TTTGACCAGTACGGCACCCC,19,3080503
rcsBp2,1.0,4,2,TTTCGCTTGCTACATCGAGT,2,3110607
rcsBp2,9.666666666666666,30,2,TTTCGATACCGTTCGCAACG,28,3102593
rcsBp2,11.0,34,2,TTTCCTACGTCTCACCGGCT,32,3118522
rcsBp2,1.6666666666666667,6,2,TTTCATCTATAGGCCTCCTG,4,3075865
rcsBp2,6.333333333333333,20,2,TTTAAGAAAAGGAACCCAAT,18,3075279
rcsBp2,0.6666666666666666,3,2,TTGGCTCCTGCTAAATATAG,1,3093199
rcsBp2,0.6666666666666666,3,2,TTGGAAAGACACATCCATCA,1,3093913
rcsBp2,2.3333333333333335,8,2,TTGATTCCCGGAGCTAGTTA,6,3091894
rcsBp2,1.3333333333333333,5,2,TTGAGACTTGATTTATGGAT,3,3098432
rcsBp2,3.6666666666666665,12,2,TTCTCATCTCAGACCGTTTA,10,3103000
rcsBp2,14.666666666666666,45,2,TTCTAGAAGAAGCCAACCTG,43,3080431
rcsBp2,0.6666666666666666,3,2,TTCCTCTGAGCTCTCGCCAA,1,3110333
rcsBp2,4.0,13,2,TTCCCCCGCGATTAGATTTC,11,3121969
rcsBp2,21.666666666666668,66,2,TTCCAGTATGCCGAATTACA,64,3079362
rcsBp2,1.6666666666666667,6,2,TTATCCAACCCGTAGAGAAG,4,3084891
rcsBp2,10.333333333333334,32,2,TTAGACTGATGCTGTAATCT,30,3105236
rcsBp2,2.3333333333333335,8,2,TTAACCCGGCATTAAAACCT,6,3091841
rcsBp2,0.6666666666666666,3,2,TGTTCGTTTGTGTAAAATAA,1,3098284
rcsBp2,3.0,10,2,TGTCTTTAATTATACGACTC,8,3074408
rcsBp2,10.333333333333334,32,2,TGTACCACCTGGACATAATG,30,3077134
rcsBp2,5.333333333333333,17,2,TGTAAACTGGATGATAAATT,15,3099151
rcsBp2,5.333333333333333,17,2,TGGGATTAATTCCCTTTACT,15,3083404
rcsBp2,6.333333333333333,20,2,TGGCCAAGGTTCAATTTAGT,18,3083650
rcsBp2,3.3333333333333335,11,2,TGCTCAGAGTGCGTCAATAA,9,3081942
rcsBp2,8.0,25,2,TGCGTAGGACGTGTTAGCCT,23,3101850
rcsBp2,11.333333333333334,35,2,TGCGCAGACTCCTCTTAATA,33,3092589
rcsBp2,9.0,28,2,TGCGCACCTTCACAGATTGG,26,3080344
rcsBp2,10.333333333333334,32,2,TGCAGCCGTGTGATCGTACA,30,3115574
rcsBp2,1.0,4,2,TGCACAGAGTTGTCTCAGTC,2,3110927
rcsBp2,8.333333333333334,26,2,TGCAAATTATGTTTCACGCT,24,3096672
rcsBp2,0.6666666666666666,3,2,TGATAATCGCCTGAGTAGCG,1,3117779
rcsBp2,20.0,61,2,TGAGCGCTCCACTCACAATT,59,3103454
rcsBp2,3.6666666666666665,12,2,TGAGCGATCTATTCAAAATT,10,3113159
rcsBp2,1.3333333333333333,5,2,TGACTACGTGCCTCCACGTA,3,3093952
rcsBp2,10.666666666666666,33,2,TGACGAGGAATGGTTTAAGT,31,3097721
rcsBp2,2.6666666666666665,9,2,TGACGAAACTGTGACATATT,7,3102434
rcsBp2,6.333333333333333,20,2,TGACCAATGGTTTCTGGGTA,18,3078260
rcsBp2,4.0,13,2,TCTTAGATCCACCGTGCTGC,11,3085487
rcsBp2,23.666666666666668,72,2,TCTGGCTCTCCCATAAGAAT,70,3087057
rcsBp2,0.6666666666666666,3,2,TCTCTCCGACACAAACTCGT,1,3083166
rcsBp2,13.333333333333334,41,2,TCTCGCGTCATGATAAACTT,39,3078448
rcsBp2,9.333333333333334,29,2,TCTCAGTCGTGCCTTGGCGC,27,3100215
rcsBp2,11.333333333333334,35,2,TCTACTTGTACATGTGCGGA,33,3092466
rcsBp2,0.6666666666666666,3,2,TCTACAACCAAATGTCCCGC,1,3089548
rcsBp2,6.333333333333333,20,2,TCTAATGGATGTTCCGACGG,18,3084242
rcsBp2,9.0,28,2,TCTAACCGATCGACGGCAGT,26,3083082
rcsBp2,17.333333333333332,53,2,TCGTAACGAAACGACCATTA,51,3083310
rcsBp2,9.333333333333334,29,2,TCGGGCGCTCCTTAAGTGAT,27,3100961
rcsBp2,7.333333333333333,23,2,TCGGCCGTACCCCAACACGA,21,3085257
rcsBp2,0.6666666666666666,3,2,TCGCCGTTCGTAACGGTCAA,1,3077626
rcsBp2,14.666666666666666,45,2,TCGAAAGCATGTGCCCAGAG,43,3075919
rcsBp2,7.0,22,2,TCCGCTGTTTTTAGTTTTCC,20,3113389
rcsBp2,5.0,16,2,TCCGATTATGTCATCCACAC,14,3080705
rcsBp2,5.666666666666667,18,2,TCATTGGCGCATCGCGCAGT,16,3104934
rcsBp2,9.333333333333334,29,2,TCACCGGCACTGGGTTTTGT,27,3092857
rcsBp2,5.0,16,2,TCACAGCACGATTACTAAAT,14,3102122
rcsBp2,1.6666666666666667,6,2,TCAATCTCATCCCTTTTACT,4,3076505
rcsBp2,2.3333333333333335,8,2,TCAAGGACTATCTCATATAT,6,3082324
rcsBp2,2.0,7,2,TCAACAAAGTGAACGCCAAT,5,3081344
rcsBp2,7.0,22,2,TATTTACTAAGCGTTGTATG,20,3085445
rcsBp2,14.333333333333334,44,2,TATGTGACAAATATAGACGA,42,3121282
rcsBp2,8.0,25,2,TATGTAACATCTTACATAGA,23,3080454
rcsBp2,7.0,22,2,TATCCGAATACATTTCGTTT,20,3084074
rcsBp2,0.6666666666666666,3,2,TATCATAGATCTATATTACA,1,3086107
rcsBp2,3.6666666666666665,12,2,TATAGCGAATCCGTTTGTTA,10,3105595
rcsBp2,10.333333333333334,32,2,TAGGGTACGGGACCCTGAGC,30,3120004
rcsBp2,1.3333333333333333,5,2,TAGGACATAAAAAGGTCTCG,3,3093388
rcsBp2,14.333333333333334,44,2,TAGCCGCCAAAGGCTTGACA,42,3108141
rcsBp2,12.0,37,2,TACTGCTTAAGACGGCAACA,35,3095946
rcsBp2,6.333333333333333,20,2,TACTATATATTGGTTTTTGA,18,3090988
rcsBp2,10.333333333333334,32,2,TACTATACAGTATCGTAGGT,30,3115210
rcsBp2,5.333333333333333,17,2,TACTAAGGGGACACGGGACA,15,3085960
rcsBp2,9.666666666666666,30,2,TACGGATTGTTGACGGTCAT,28,3096247
rcsBp2,17.0,52,2,TACGAGGATGCCAAATAGTA,50,3082687
rcsBp2,5.0,16,2,TAATTTATTAAGGGAAGACA,14,3075773
rcsBp2,14.333333333333334,44,2,TAATATGTACAGTTGACAGC,42,3119084
rcsBp2,2.3333333333333335,8,2,TAAGCTTGGCGTTAACCTAG,6,3085934
rcsBp2,2.6666666666666665,9,2,TAAGCGATGGGGTGTCCGTG,7,3099453
rcsBp2,2.6666666666666665,9,2,TAACTGACACTGAGCATCTC,7,3106624
rcsBp2,0.6666666666666666,3,2,TAACCAGCACCCGTGTCGGT,1,3075781
rcsBp2,0.6666666666666666,3,2,TAACAACATATAGCGGTACC,1,3110686
rcsBp2,0.6666666666666666,3,2,GTTTCTAGTCTCTCCTCAAT,1,3078808
rcsBp2,12.0,37,2,GTTGGTCCTGCTCCTTGCGT,35,3081276
rcsBp2,0.6666666666666666,3,2,GTTGCCTCAAATTTAGGTTT,1,3089655
rcsBp2,10.333333333333334,32,2,GTTGCCGAGTATTTTTATCT,30,3102956
rcsBp2,3.0,10,2,GTTCGGGTTCCCTGTTCGAC,8,3092430
rcsBp2,8.333333333333334,26,2,GTGTTCCCGGGGCGCCTGTA,24,3076715
rcsBp2,0.6666666666666666,3,2,GTGTTCAGGGGTGCCTGAGC,1,3121276
rcsBp2,17.333333333333332,53,2,GTGCTAACACTGTCGGACGT,51,3112844
rcsBp2,4.0,13,2,GTGCGAGCCACTCTTCATTC,11,3119772
rcsBp2,8.333333333333334,26,2,GTGCGAAGCCCTGGCTTCCG,24,3102676
rcsBp2,26.666666666666668,81,2,GTGATCCATACTCCGAGCCA,79,3113579
rcsBp2,5.666666666666667,18,2,GTCTTGTGGAAGTTTGCCTC,16,3087685
rcsBp2,13.666666666666666,42,2,GTCCCTGGTAAGATAGATCG,40,3117990
rcsBp2,9.333333333333334,29,2,GTCATGGACAGCCGATTAGG,27,3077286
rcsBp2,6.333333333333333,20,2,GTATAAATAATTAACACACT,18,3090658
rcsBp2,6.666666666666667,21,2,GTAGCCCAAGAGATGTTACG,19,3089641
rcsBp2,0.6666666666666666,3,2,GTACAGCATTTATACGAGAG,1,3098888
rcsBp2,5.666666666666667,18,2,GTAATATGCAGTCCTAGGAC,16,3116761
rcsBp2,9.0,28,2,GGTTCATCACCCTTTGTGGT,26,3079050
rcsBp2,8.666666666666666,27,2,GGTGGCGACTATTTTTGCTT,25,3103321
rcsBp2,4.0,13,2,GGTGCTTGTTCTCCCACGTG,11,3092473
rcsBp2,1.6666666666666667,6,2,GGTGCCGATAATGTCCGTAT,4,3093335
rcsBp2,4.0,13,2,GGTAATATTACCCTTGGATT,11,3097940
rcsBp2,0.6666666666666666,3,2,GGTAAAGGAGGGCAACGACC,1,3101978
rcsBp2,27.0,82,2,GGGTCCTGCCGGCACCGACC,80,3122885
rcsBp2,8.333333333333334,26,2,GGGGTTTATTTCCCATTCCA,24,3107633
rcsBp2,1.6666666666666667,6,2,GGGGGTGCGCAGCCGGCCAT,4,3089916
rcsBp2,8.333333333333334,26,2,GGGAGATGAGGGATGCCGGA,24,3091680
rcsBp2,6.666666666666667,21,2,GGCTCAATTACCGTACCAAG,19,3119328
rcsBp2,5.0,16,2,GGCGACAGGCTAGTCAAAGA,14,3092247
rcsBp2,20.666666666666668,63,2,GGCCTGAGGCCACGGTGGGC,61,3108293
rcsBp2,7.0,22,2,GGCACAGCCTAGGCCCTTGC,20,3099626
rcsBp2,5.0,16,2,GGCAACGTAAAATTCGTAGT,14,3084607
rcsBp2,0.6666666666666666,3,2,GGCAACGCCGTCTGACCCCT,1,3101188
rcsBp2,5.0,16,2,GGATCGCTGCGGTATGATAT,14,3087612
rcsBp2,5.333333333333333,17,2,GGATAACAGTTGGTTGGGTA,15,3094529
rcsBp2,7.333333333333333,23,2,GGAGTTGGTAAAGCGAATCC,21,3114529
rcsBp2,4.333333333333333,14,2,GGAGTTGCGGATCGTTGGGA,12,3076884
rcsBp2,8.666666666666666,27,2,GGAGCGGCAGCGAGGGATCA,25,3104756
rcsBp2,10.666666666666666,33,2,GGAGCACATTTTTAAGCATT,31,3088427
rcsBp2,1.6666666666666667,6,2,GGAATAAGAATTCTAAGCCC,4,3108716
rcsBp2,6.0,19,2,GCTTTTATAGATAGCGACGG,17,3092030
rcsBp2,17.666666666666668,54,2,GCTTCCGGTCATCTATTTGG,52,3117804
rcsBp2,11.333333333333334,35,2,GCTGTCCGTCAAAACCTACT,33,3095627
rcsBp2,3.3333333333333335,11,2,GCTGATCCCTCCCAGGTCAT,9,3097110
rcsBp2,2.3333333333333335,8,2,GCTCAGGGTGCCACCAATCT,6,3086098
rcsBp2,8.333333333333334,26,2,GCGTCGGACTATAGGCGGGG,24,3122319
rcsBp2,9.666666666666666,30,2,GCGTATTTAGCTCACCGGAC,28,3098550
rcsBp2,2.6666666666666665,9,2,GCGTACGGCCCAGTATAAAG,7,3116053
rcsBp2,4.666666666666667,15,2,GCGCCTCTTTGCATCAAGAT,13,3116065
rcsBp2,7.0,22,2,GCGCATTTCCATTCTCGTTA,20,3077547
rcsBp2,6.666666666666667,21,2,GCCTTTCCAGAGTAGGAACG,19,3101526
rcsBp2,2.3333333333333335,8,2,GCCGACACCCTCGCTGAGTA,6,3090700
rcsBp2,8.666666666666666,27,2,GCCCTTTAGGTTGGGCCTGA,25,3117913
rcsBp2,1.0,4,2,GCCCCGGAAGCCCCTCTTTT,2,3089858
rcsBp2,1.0,4,2,GCCACAGCCGAGTGTTGCCT,2,3089849
rcsBp2,8.666666666666666,27,2,GCATGAGAATCCCGGACCCT,25,3122850
rcsBp2,6.0,19,2,GCATCAACTAATATCGTTGC,17,3102072
rcsBp2,0.6666666666666666,3,2,GCACTGCGACCTTTTCGCGC,1,3081300
rcsBp2,5.333333333333333,17,2,GCACCCCACAGCTGACCCCA,15,3117322
rcsBp2,3.3333333333333335,11,2,GCACAACCTGGTCAGATCTT,9,3079376
rcsBp2,10.333333333333334,32,2,GCAAACTTAGGTTAGGGAGG,30,3122890
rcsBp2,5.0,16,2,GATTTATTCTGGTAGGCGGA,14,3103455
rcsBp2,5.0,16,2,GATGTATTGTTCAGGTTGTC,14,3115850
rcsBp2,2.0,7,2,GATGGGAACGCCGGGCAGAC,5,3084668
rcsBp2,6.333333333333333,20,2,GATCTGATTCAGGGGGTGAA,18,3082329
rcsBp2,3.3333333333333335,11,2,GATCGATCTCAGTATTATCT,9,3092832
rcsBp2,6.333333333333333,20,2,GATCAGCTAGCGGTCAGCCT,18,3091518
rcsBp2,6.0,19,2,GATCACGAAGCGATGATATA,17,3114117
rcsBp2,14.333333333333334,44,2,GATAGGTGCACAAAGAGCGT,42,3098808
rcsBp2,5.0,16,2,GATACCATAACAGACTATAA,14,3120825
rcsBp2,1.3333333333333333,5,2,GATACATGGAGACTTATGGA,3,3079793
rcsBp2,8.666666666666666,27,2,GATAATAGGCCAGTCAGATA,25,3083826
rcsBp2,7.333333333333333,23,2,GAGTTGGAGATGTGAGACTC,21,3115666
rcsBp2,1.3333333333333333,5,2,GAGTTCGCGCAGATTGACCT,3,3120925
rcsBp2,9.666666666666666,30,2,GAGTTCAGTCGAACTACACA,28,3080665
rcsBp2,5.333333333333333,17,2,GAGTCCATTTTCTACTGCCG,15,3099629
rcsBp2,14.666666666666666,45,2,GAGGGAACGCAGTCTTATTG,43,3116810
rcsBp2,5.666666666666667,18,2,GAGCCGCCAAACTTGACCTT,16,3113136
rcsBp2,0.6666666666666666,3,2,GAGCATTGCATAGGTCGAAT,1,3112109
rcsBp2,6.333333333333333,20,2,GAGCAAACTACGAGTTATAG,18,3077540
rcsBp2,2.6666666666666665,9,2,GAGATGGCAGGGCGGGGACA,7,3076058
rcsBp2,5.666666666666667,18,2,GAGAAGACCGCAATTACGAA,16,3094996
rcsBp2,12.333333333333334,38,2,GAGAAAGTCAGGAAACGGGT,36,3111703
rcsBp2,7.0,22,2,GACTTCTTGAGTAATAGATA,20,3086348
rcsBp2,7.666666666666667,24,2,GACTCTTTCGATACAAACCT,22,3095667
rcsBp2,1.3333333333333333,5,2,GACCAGCCTAGTTCTTGTCT,3,3094260
rcsBp2,11.0,34,2,GAATCCTGAGAGACCCGGGA,32,3114110
rcsBp2,9.0,28,2,GAAGTGGGGCCGGAACAATA,26,3091970
rcsBp2,20.333333333333332,62,2,GAAGCGCTTCCAGGCCCTCA,60,3086975
rcsBp2,1.0,4,2,GAACCCTAGTCCTGTACGGT,2,3080210
rcsBp2,8.0,25,2,GAAATCAAACAAGCAAGATG,23,3113204
rcsBp2,0.6666666666666666,3,2,CTTTTTTTCGGAACCGAATC,1,3113964
rcsBp2,11.333333333333334,35,2,CTTTGGACGCTGATGCGAGC,33,3091799
rcsBp2,1.0,4,2,CTTTACTATGAGCTTCGACA,2,3121007
rcsBp2,7.666666666666667,24,2,CTTGTAGGACTACCTCTTAC,22,3085672
rcsBp2,25.333333333333332,77,2,CTTGATCCCCGCGGTAAGGA,75,3080410
rcsBp2,10.333333333333334,32,2,CTTCTGGTGGGGCGGTGCCA,30,3076361
rcsBp2,5.666666666666667,18,2,CTTACAGTGCTCAAGCAAGG,16,3096862
rcsBp2,6.333333333333333,20,2,CTGTCTCGGGATGCAATTCG,18,3094149
rcsBp2,4.666666666666667,15,2,CTGTAGATTGCGCCTGACCA,13,3082493
rcsBp2,7.333333333333333,23,2,CTGGGTTTAACGTGACCTCC,21,3101550
rcsBp2,3.3333333333333335,11,2,CTGCTTTTACAAGAAATTGT,9,3073968
rcsBp2,2.0,7,2,CTCGGCTGGTCCTACTTGGA,5,3090285
rcsBp2,0.6666666666666666,3,2,CTCGACCCGAAGCTTGAAAG,1,3105938
rcsBp2,12.333333333333334,38,2,CTATGTTCTGTTCCTAATGG,36,3088214
rcsBp2,6.0,19,2,CTAGGGGAAACGGTTGGACT,17,3087531
rcsBp2,6.333333333333333,20,2,CTACTCCAAGGATACTCTCT,18,3102477
rcsBp2,0.6666666666666666,3,2,CTACTAAGGGGAAGTGATCG,1,3100307
rcsBp2,30.333333333333332,92,2,CTACAGTACCACTCGCCGCG,90,3095819
rcsBp2,3.3333333333333335,11,2,CGTTTTGTACGCAAAGTTAC,9,3100448
rcsBp2,11.666666666666666,36,2,CGTTTCGTTGTCTGAACACG,34,3080391
rcsBp2,9.0,28,2,CGTTCTCGGACTCTGAGTGA,26,3121940
rcsBp2,6.666666666666667,21,2,CGTTAAACATGAGGGAAGCG,19,3115629
rcsBp2,13.333333333333334,41,2,CGTCTTGCGGGCCGTGAGCC,39,3112020
rcsBp2,5.333333333333333,17,2,CGTATCCTCAATCGCCCGGA,15,3108893
rcsBp2,2.6666666666666665,9,2,CGGTGGAGTGTAGCGTTTTT,7,3117257
rcsBp2,4.666666666666667,15,2,CGGTCTTTGGGACGTTTTCC,13,3113997
rcsBp2,7.666666666666667,24,2,CGGTATGGATCTGAACAGCT,22,3113092
rcsBp2,12.666666666666666,39,2,CGGGGATACCCGGTACGTTC,37,3097105
rcsBp2,0.6666666666666666,3,2,CGGGAGGTGTGAGACAAGTC,1,3109737
rcsBp2,10.0,31,2,CGGCGATCCGTCTCGTTGGT,29,3115709
rcsBp2,10.333333333333334,32,2,CGGCCCGCCACGGGACGTTT,30,3094450
rcsBp2,9.0,28,2,CGGACCTTGAGAGTCGTAAT,26,3096750
rcsBp2,1.6666666666666667,6,2,CGCTCGGAGGATTCCATGTC,4,3096144
rcsBp2,12.0,37,2,CGCTAACGCACACGGCACCA,35,3081541
rcsBp2,16.0,49,2,CGCGGCTGTTCACACGACGC,47,3082467
rcsBp2,3.3333333333333335,11,2,CGCGCCTGGCGTCTCCATCT,9,3089173
rcsBp2,6.333333333333333,20,2,CGCAGGGTGGTCGAAAATGA,18,3110999
rcsBp2,7.0,22,2,CGAGCGTCAAACTCGTCGTT,20,3080610
rcsBp2,0.6666666666666666,3,2,CGACGGGAGATACAGGGTTT,1,3082936
rcsBp2,3.0,10,2,CGACATGTATTCTGGACCAT,8,3112282
rcsBp2,0.6666666666666666,3,2,CGAAGAGAGCAAAGTCGGCC,1,3077993
rcsBp2,8.666666666666666,27,2,CCTTATGTGGACCGGCGTAC,25,3092402
rcsBp2,6.666666666666667,21,2,CCTTAATTATGGGGTTTATA,19,3078861
rcsBp2,7.666666666666667,24,2,CCTGTAAGTGGGGTTGCGTA,22,3116486
rcsBp2,6.666666666666667,21,2,CCTCGGGGATGCTGGGATAT,19,3120648
rcsBp2,0.6666666666666666,3,2,CCTCCAGCTCCTCTTCCACT,1,3081021
rcsBp2,6.666666666666667,21,2,CCTCAAATGATGGGATGCTA,19,3086144
rcsBp2,2.6666666666666665,9,2,CCGTTGCCTCGATAAGCCTA,7,3098176
rcsBp2,8.0,25,2,CCGTTGATCGGGACTCAGAA,23,3122001
rcsBp2,3.6666666666666665,12,2,CCGTGTCGCAGCAGGCAATC,10,3086915
rcsBp2,7.666666666666667,24,2,CCGTGCCGATCTTTCATTTG,22,3085649
rcsBp2,5.333333333333333,17,2,CCGTCACTGGTACGACGAGG,15,3095830
rcsBp2,6.0,19,2,CCGGACTTCAAGATTCCATC,17,3108196
rcsBp2,7.333333333333333,23,2,CCGAGTCATTTGACGTCTTC,21,3100149
rcsBp2,3.3333333333333335,11,2,CCGAGACACCGCAGTTCGAG,9,3110712
rcsBp2,5.666666666666667,18,2,CCGACCCAAGGCGTGACAGT,16,3086265
rcsBp2,4.333333333333333,14,2,CCCTCCTGAATGCTTTTACG,12,3115783
rcsBp2,8.0,25,2,CCCCGATCAGGGGCTCCTAT,23,3120751
rcsBp2,9.333333333333334,29,2,CCCCGAGAACACGAGAGTAA,27,3106224
rcsBp2,0.6666666666666666,3,2,CCCAATGAACCTACCCTCCC,1,3104720
rcsBp2,3.3333333333333335,11,2,CCATTTGTATCTGTAAAAAT,9,3118592
rcsBp2,7.0,22,2,CCAGTTTCGGGGATCCTTCT,20,3090424
rcsBp2,0.6666666666666666,3,2,CCAGACTTCATTCTACGCAG,1,3103336
rcsBp2,5.666666666666667,18,2,CCAGACTGTCCCGGCTCGGT,16,3101281
rcsBp2,3.0,10,2,CCAGACAAAGAATAGCTCTT,8,3115313
rcsBp2,4.0,13,2,CCACAAGGTAAGGTATACTA,11,3118293
rcsBp2,0.6666666666666666,3,2,CCAAGTTTGAACGGGCCACC,1,3080232
rcsBp2,2.3333333333333335,8,2,CATTACCATCGAGGCGGTAC,6,3085141
rcsBp2,0.6666666666666666,3,2,CATTACACACGTTAGACGTA,1,3082756
rcsBp2,15.666666666666666,48,2,CATTAAGGGATGGGCGTCGG,46,3122892
rcsBp2,2.0,7,2,CATACGTCAAACTAGCACTC,5,3092970
rcsBp2,2.3333333333333335,8,2,CAGCGTACCCAAAGGTAAAA,6,3101196
rcsBp2,9.666666666666666,30,2,CAGACTTCTTGCTGCGCTCA,28,3090840
rcsBp2,5.0,16,2,CAGAAGACAGCAACCAAGAT,14,3073946
rcsBp2,3.6666666666666665,12,2,CACGTCTCCGAACGAGTTAA,10,3121288
rcsBp2,7.333333333333333,23,2,CACGCCCGGCTACTTCAAGA,21,3113970
rcsBp2,1.6666666666666667,6,2,CACGCAAGCGATCAACATTT,4,3092189
rcsBp2,3.6666666666666665,12,2,CACCGTAGCCGAAGAGTTAA,10,3109711
rcsBp2,0.6666666666666666,3,2,CACCATGGCACGCAAGAGAG,1,3076438
rcsBp2,1.3333333333333333,5,2,CACACACGTGGGATACCCGT,3,3117690
rcsBp2,28.0,85,2,CAAGTCTCGGCGTTTCGAGA,83,3113598
rcsBp2,2.0,7,2,CAAAATTATAGGCTATACCC,5,3090089
rcsBp2,6.666666666666667,21,2,ATTTGACCATGTACAGCCTT,19,3118500
rcsBp2,1.6666666666666667,6,2,ATTTCTCAGAAACCGGGTAT,4,3114165
rcsBp2,3.6666666666666665,12,2,ATTTCACCTGCCAAGCCAAT,10,3076146
rcsBp2,7.333333333333333,23,2,ATTTAAAACTGGTCTACTGT,21,3097258
rcsBp2,5.333333333333333,17,2,ATTGTGAGTCGATCCTTGAA,15,3083008
rcsBp2,15.333333333333334,47,2,ATTCTGGCTCCTCCAACACA,45,3090760
rcsBp2,3.3333333333333335,11,2,ATTCGTGTACATCCCCACGC,9,3077542
rcsBp2,1.0,4,2,ATTCCGCACTCACACGCCGC,2,3095938
rcsBp2,5.0,16,2,ATGTCGTTTTACGAGCTCGA,14,3105104
rcsBp2,14.0,43,2,ATGGTGAACGCGGGATGAGT,41,3120262
rcsBp2,29.666666666666668,90,2,ATGGGAAGCGATCGCTGACT,88,3106769
rcsBp2,6.0,19,2,ATGGCACGACAACTAAGGAT,17,3121840
rcsBp2,6.666666666666667,21,2,ATGCTCTCCTACTTCTACTG,19,3107355
rcsBp2,8.0,25,2,ATGCGTCGTTGCGCCTTCTA,23,3104068
rcsBp2,5.333333333333333,17,2,ATGCAATCGTCTGTAGGTCC,15,3119539
rcsBp2,6.666666666666667,21,2,ATGACACGGAGGCCCTGATG,19,3101976
rcsBp2,0.6666666666666666,3,2,ATCTAAACTTTTTCGTTAGC,1,3107216
rcsBp2,0.6666666666666666,3,2,ATCGCCCTAATAGCCTCCGA,1,3095224
rcsBp2,0.6666666666666666,3,2,ATCCTCGGGAGGATAGGCAC,1,3116906
rcsBp2,4.333333333333333,14,2,ATCCATCTTTTTAGCCTCAG,12,3093967
rcsBp2,2.6666666666666665,9,2,ATCCAAAACCAGATCACCGA,7,3095745
rcsBp2,6.0,19,2,ATCAATGTTACTATCACTGT,17,3092552
rcsBp2,4.0,13,2,ATAGTTGCGTTCCGGGTTAC,11,3079429
rcsBp2,25.666666666666668,78,2,ATAGTCCCCGTGTCTTAGTC,76,3086893
rcsBp2,10.0,31,2,ATAGGTAACGGCCAAAGGTT,29,3100476
rcsBp2,0.6666666666666666,3,2,ATAGGATTCGGGGCCAATAT,1,3111794
rcsBp2,10.666666666666666,33,2,ATACTTACTTGTCGATATCC,31,3080751
rcsBp2,4.666666666666667,15,2,ATAACTTGGCTGGAAGCCGA,13,3109544
rcsBp2,2.0,7,2,ATAACTGGGACCAGTTTCTG,5,3108131
rcsBp2,2.3333333333333335,8,2,ATAACTCCCCAACGTTCGGT,6,3106966
rcsBp2,3.6666666666666665,12,2,ATAAACCCGGAATCCAGTTG,10,3112424
rcsBp2,8.333333333333334,26,2,AGTTTTCCTCGCAGGGGGAT,24,3122676
rcsBp2,6.0,19,2,AGTCTCAGGGCCGACTCCTG,17,3088062
rcsBp2,7.0,22,2,AGTATTACAAAGACGACATG,20,3111036
rcsBp2,1.6666666666666667,6,2,AGTAGCAAAGACGAAGCGTA,4,3087923
rcsBp2,5.666666666666667,18,2,AGTAAGTGCCGTGAAACGTA,16,3106268
rcsBp2,25.333333333333332,77,2,AGTAAGGTCCTTAACCAGGC,75,3110791
rcsBp2,2.0,7,2,AGGTTCGGGATTGTAACCAT,5,3115868
rcsBp2,7.0,22,2,AGGTCTCAACGCCACTTAAC,20,3117323
rcsBp2,7.666666666666667,24,2,AGGCTACTTACAATTCTTAG,22,3074531
rcsBp2,1.6666666666666667,6,2,AGGATATCAGCAGAAAGCTA,4,3096141
rcsBp2,7.333333333333333,23,2,AGCTGACTCGAATAACGCCC,21,3088063
rcsBp2,8.0,25,2,AGCTACTGCACGCGGGGTCG,23,3121876
rcsBp2,5.333333333333333,17,2,AGCGTAGTAGCAACTGTCAC,15,3079313
rcsBp2,15.0,46,2,AGCGAAGGTAGTGAAAGTTC,44,3076555
rcsBp2,2.0,7,2,AGCCTACGGTATGGAAAGCT,5,3084341
rcsBp2,4.333333333333333,14,2,AGCCAAGTCGCTAAACGTTG,12,3096026
rcsBp2,6.0,19,2,AGCCAAGGCTGGAGCGACAA,17,3087072
rcsBp2,7.0,22,2,AGCATAGTTGCGCGGGTTGG,20,3114390
rcsBp2,4.0,13,2,AGCATAGCTCAGCGTCTCAA,11,3117165
rcsBp2,7.333333333333333,23,2,AGCACAATCACCCTTAATTT,21,3113989
rcsBp2,16.0,49,2,AGATCCTTTGTACGATGAAC,47,3085245
rcsBp2,3.6666666666666665,12,2,AGAAGCAGCTCCGCGGCGTT,10,3096291
rcsBp2,6.666666666666667,21,2,AGAACAGGCTCGGGAGCATA,19,3081013
rcsBp2,5.0,16,2,ACTTGGAAGGTTTCACGACT,14,3105340
rcsBp2,8.666666666666666,27,2,ACTGAAAGACTAATCTTTAG,25,3116800
rcsBp2,5.666666666666667,18,2,ACTCTGTCCGTCTGGAGGCA,16,3091453
rcsBp2,6.0,19,2,ACTAGAGCTACATGACGTGT,17,3114282
rcsBp2,0.6666666666666666,3,2,ACTACACCCACGACGTTCAT,1,3104719
rcsBp2,10.0,31,2,ACGTCTGTCCGCGAAAGTAG,29,3074609
rcsBp2,6.333333333333333,20,2,ACGGTATTGTCAGTTGACGA,18,3075721
rcsBp2,9.0,28,2,ACGGGTTGCGGTCAGTAAAT,26,3084487
rcsBp2,9.666666666666666,30,2,ACGCAGTAGCACAACACTGC,28,3084593
rcsBp2,0.6666666666666666,3,2,ACGACGGCATCGGCCTGACC,1,3078841
rcsBp2,2.6666666666666665,9,2,ACGAAGATTGAACTTTCATA,7,3107848
rcsBp2,2.3333333333333335,8,2,ACCTGGATATTGCAACCAGT,6,3088549
rcsBp2,3.6666666666666665,12,2,ACCTCTACTTCTGCTTGAAG,10,3117285
rcsBp2,1.6666666666666667,6,2,ACCGCGCAGCGTTCAATCGC,4,3089768
rcsBp2,1.0,4,2,ACCCCTACCGTAAACTAAGA,2,3076188
rcsBp2,4.0,13,2,ACCATCGTCGCTGGCTCATC,11,3097432
rcsBp2,19.0,58,2,ACCAGCGAACCTCCAATCTT,56,3106180
rcsBp2,11.333333333333334,35,2,ACAGACAGAGGCCGATCCTA,33,3090081
rcsBp2,8.666666666666666,27,2,ACACCTTAGCGAGGGTCCTC,25,3113789
rcsBp2,9.666666666666666,30,2,ACAAGCGCCCGAAGTAGTGA,28,3099872
rcsBp2,1.0,4,2,ACAAATGCACCGTCCGGACA,2,3085562
rcsBp2,0.6666666666666666,3,2,ACAAAAGCCAAAGCTGGATA,1,3107111
rcsBp2,10.333333333333334,32,2,AATTGTGTTCCGACCAAATC,30,3120128
rcsBp2,18.666666666666668,57,2,AATGCCGGTCTTGAAAGTTA,55,3098872
rcsBp2,8.666666666666666,27,2,AATCAACGTGATCACTATAG,25,3085543
rcsBp2,5.666666666666667,18,2,AATAAAGATTTGTGCGCAGA,16,3112011
rcsBp2,7.333333333333333,23,2,AAGTCGTGAAAGATCGTCTA,21,3094898
rcsBp2,15.666666666666666,48,2,AAGGTATCGACCGGATATGT,46,3090548
rcsBp2,13.333333333333334,41,2,AAGGGGTGCTCACTTTTTGG,39,3086678
rcsBp2,12.666666666666666,39,2,AAGGCACGACCGGCATACCA,37,3113546
rcsBp2,4.333333333333333,14,2,AAGGACTTTTGGGGTAATAA,12,3116482
rcsBp2,0.6666666666666666,3,2,AAGCGGTTAGAGGACCATTC,1,3115737
rcsBp2,13.333333333333334,41,2,AAGCGGTACGGACGTCTGGA,39,3086880
rcsBp2,4.666666666666667,15,2,AAGCATGCATCTCCGACCAA,13,3109393
rcsBp2,1.0,4,2,AAGATCCCCTGTATTGTCAC,2,3107872
rcsBp2,8.333333333333334,26,2,AACGAAGGCATAAATAACGT,24,3081907
rcsBp2,15.333333333333334,47,2,AACCTCACGAAGATTTGGCA,45,3091244
rcsBp2,3.6666666666666665,12,2,AACCCCCCTGTCTTGTGCGT,10,3095443
rcsBp2,2.6666666666666665,9,2,AACCCACTGGTGACGGCTAC,7,3081378
rcsBp2,0.6666666666666666,3,2,AACAAGATGATATCTAAGAG,1,3081245
rcsBp2,15.333333333333334,47,2,AAATGCAACACTTATGCTGC,45,3074612
rcsBp2,9.333333333333334,29,2,AAAGCAGTGGTGGACGAATC,27,3114734
rcsBp2,14.5,29,1,TTTGTGCAAGCCTTACAAAG,28,3105121
rcsBp2,7.0,14,1,TTTCGCTTACAGAGATCAGT,13,3099349
rcsBp2,8.0,16,1,TTTACGGCGAGATACAGGCC,15,3101244
rcsBp2,14.0,28,1,TTGTCTAACAGTTATGTTTA,27,3079594
rcsBp2,5.5,11,1,TTGTACATCACTTACCAAAG,10,3098875
rcsBp2,5.5,11,1,TTGGCTTCTTATGACCTCCG,10,3110684
rcsBp2,5.0,10,1,TTGGCAATCCGACAAGCTCT,9,3117587
rcsBp2,12.5,25,1,TTGGATAAGGTAGTAACCGA,24,3098869
rcsBp2,6.5,13,1,TTGACTGGGGGCATAAGATA,12,3105445
rcsBp2,5.5,11,1,TTCTCGCAGATCACATGTAT,10,3106712
rcsBp2,3.5,7,1,TTCACAGTTTCCTACCGGGA,6,3093059
rcsBp2,1.0,2,1,TTATCTCGATACTAGCTTCG,1,3098698
rcsBp2,14.0,28,1,TTAGTGAAGACTCTCTACAA,27,3099169
rcsBp2,2.0,4,1,TTACTCTGATGAAATGCGCC,3,3078233
rcsBp2,14.5,29,1,TTACCGGGGTGATTCATTAA,28,3083541
rcsBp2,15.0,30,1,TTAATTGCAAAAAGTTTGGT,29,3122828
rcsBp2,8.5,17,1,TGTTTGGGCTGAGCCCCCAT,16,3097313
rcsBp2,23.5,47,1,TGTTTAACGTCGCTGTCGTT,46,3113714
rcsBp2,11.5,23,1,TGTGGAACGTATTTGCGTTC,22,3098874
rcsBp2,1.0,2,1,TGTCCGCTCGGTTAGCCAGA,1,3109135
rcsBp2,11.0,22,1,TGTCACAAAGACTCAAATGT,21,3109973
rcsBp2,5.0,10,1,TGTATGTAGTGACCTAGACT,9,3102923
rcsBp2,19.5,39,1,TGTATGGATGAAACTTAATA,38,3088522
rcsBp2,13.0,26,1,TGTATCCGTCGTTTGGTGGT,25,3080010
rcsBp2,8.0,16,1,TGTAGCCGCCGACCGTTCCG,15,3120930
rcsBp2,17.5,35,1,TGGTCTAGGGCCTCTTCTCG,34,3075872
rcsBp2,2.5,5,1,TGGTATCTGTAGCGGCCGAT,4,3082301
rcsBp2,25.5,51,1,TGGGGAGCTTATAAATATAA,50,3119414
rcsBp2,8.5,17,1,TGGGCCAACCGTCCCTAGAG,16,3077431
rcsBp2,8.0,16,1,TGGGACTTTCTGGAAGACAA,15,3108765
rcsBp2,4.5,9,1,TGGATCCACATGTCACAATT,8,3076986
rcsBp2,2.5,5,1,TGGACAATTGGGGACAAAAT,4,3111983
rcsBp2,9.5,19,1,TGCTTTGCAGAGTGGTGTCA,18,3098498
rcsBp2,8.5,17,1,TGCGGTCAACCTGGTGGGAT,16,3099969
rcsBp2,15.0,30,1,TGCGGGTAAACCGCGCCTCA,29,3102077
rcsBp2,25.0,50,1,TGCCAGATTCGTTAGGATTG,49,3093468
rcsBp2,9.0,18,1,TGCCAATGTACGAGATTAGA,17,3098655
rcsBp2,23.5,47,1,TGCATTTCATACCACACACA,46,3113828
rcsBp2,17.5,35,1,TGCAGTTTGACCCGAGGTAT,34,3082758
rcsBp2,29.0,58,1,TGCACCGGATTGGTCACCGG,57,3090473
rcsBp2,6.0,12,1,TGCAATTCTCTCGGACGTTG,11,3075520
rcsBp2,5.5,11,1,TGATTACGATACAGCACGGT,10,3074012
rcsBp2,10.5,21,1,TGATCCGAGCTGGAAATGGT,20,3089451
rcsBp2,1.0,2,1,TGAGGTACTGCTATACCAAT,1,3115969
rcsBp2,19.5,39,1,TGAGCCCCCCAAGAAGTACT,38,3094759
rcsBp2,47.5,95,1,TGAACACGCAACATGCTTCG,94,3118066
rcsBp2,10.0,20,1,TCTTTGTACTGAATGCCTTG,19,3106749
rcsBp2,11.5,23,1,TCTTGATAGTAGGGGGCACG,22,3109238
rcsBp2,28.0,56,1,TCTTAGTCCCGTGGCCTTTC,55,3077507
rcsBp2,13.0,26,1,TCTGTGACTTGAATTTGAGG,25,3105795
rcsBp2,10.5,21,1,TCTCTTGGTGTACGTCTCCC,20,3110808
rcsBp2,16.0,32,1,TCTCTCGAGCGCGGCCGCCA,31,3102484
rcsBp2,5.0,10,1,TCTCCTCGTTACACGTGTCT,9,3096598
rcsBp2,11.0,22,1,TCGTCCCTGCTAGTATGTAT,21,3116899
rcsBp2,8.5,17,1,TCGCATTCTGGTTCACGACG,16,3121599
rcsBp2,8.5,17,1,TCGCACACTTACTTCCAATC,16,3103085
rcsBp2,1.0,2,1,TCGCAACAAATGCCTCTGCG,1,3081633
rcsBp2,21.0,42,1,TCGATGTTGCGAGACGCTAG,41,3122486
rcsBp2,15.0,30,1,TCGACCCCTATGCGGTTGGG,29,3076422
rcsBp2,15.0,30,1,TCCACGGTGTCTACGACCGT,29,3112021
rcsBp2,6.5,13,1,TCAGGTGGCTCGTTTGGATC,12,3078827
rcsBp2,16.5,33,1,TCAGAAATGTAGACTGCAGT,32,3092797
rcsBp2,18.0,36,1,TCACGTTACAAAGAGCAACG,35,3115876
rcsBp2,2.5,5,1,TCACGAGAGACGAGTAATCA,4,3087464
rcsBp2,2.0,4,1,TCACAGGAGCCAAATTTAAC,3,3081253
rcsBp2,6.0,12,1,TCAATAGTTAGTTCTCATCC,11,3098977
rcsBp2,8.0,16,1,TCAATAGTGAACACGCGGTC,15,3115291
rcsBp2,1.0,2,1,TCAACATTGGAATAATCTTA,1,3120306
rcsBp2,6.0,12,1,TATTGTTGTATCATTGTCCA,11,3092705
rcsBp2,14.0,28,1,TATTCTGCGTCCGCATAGAA,27,3110341
rcsBp2,8.0,16,1,TATGTGACGGACTCTGGCTC,15,3117175
rcsBp2,1.0,2,1,TATCGTTCTCAGCAGTGATC,1,3108941
rcsBp2,5.5,11,1,TATCGCCTCATTAGCGGAAA,10,3104247
rcsBp2,6.0,12,1,TATCCGATGCGACCTGAGTT,11,3117063
rcsBp2,3.5,7,1,TATATTCGGGATCACGGTAT,6,3122014
rcsBp2,2.5,5,1,TATAGTGCCCACGGTTGTGA,4,3118318
rcsBp2,9.5,19,1,TAGGGAGATGAAACAGTCTG,18,3088584
rcsBp2,16.5,33,1,TAGCCCAGGTCCATTCCGAG,32,3094535
rcsBp2,1.0,2,1,TAGCACAGCTACTCGCAGCT,1,3096495
rcsBp2,2.0,4,1,TACGCCCTCGCACGTTGCAT,3,3121571
rcsBp2,3.0,6,1,TACCGCGTTGGTAACCTCAC,5,3078402
rcsBp2,7.0,14,1,TACCGAAGACCAAACAAGAC,13,3106911
rcsBp2,17.0,34,1,TACCCTGTTCCAAATACCCT,33,3091620
rcsBp2,8.5,17,1,TACCAACTATGTGCACCCAC,16,3117892
rcsBp2,7.5,15,1,GTTTAGTTCTCGTTAATCTG,14,3074521
rcsBp2,1.0,2,1,GTTGTCTGCGAGTGGGCCCA,1,3102513
rcsBp2,12.0,24,1,GTTGAACGTGGGCTGTTCTA,23,3076990
rcsBp2,19.0,38,1,GTGTACTCACTCTCCAGACT,37,3083127
rcsBp2,7.0,14,1,GTGGAATGTTCGACAGTGGT,13,3078143
rcsBp2,15.5,31,1,GTGATCGTTTGCGCAGGACT,30,3117687
rcsBp2,14.0,28,1,GTGAGACCCCCACTCGGCCC,27,3111041
rcsBp2,7.5,15,1,GTGACGCCGGCGGATGTCAA,14,3090407
rcsBp2,11.0,22,1,GTCTGCTTCAATGGGGACGG,21,3107114
rcsBp2,6.0,12,1,GTCTCGAAGCTTAGCGTATC,11,3098453
rcsBp2,11.5,23,1,GTCTCAATATGATATGAGCT,22,3114454
rcsBp2,13.5,27,1,GTCTAGAAGACTCGATTATC,26,3074370
rcsBp2,6.5,13,1,GTCGGGGTAGATGGTGGGAA,12,3084500
rcsBp2,1.0,2,1,GTATTAGAAGAGGGATAATG,1,3098777
rcsBp2,30.5,61,1,GTAGTATACCTGCCGTCGGG,60,3085876
rcsBp2,3.0,6,1,GTACTGGACGAGCGCGAGGT,5,3104690
rcsBp2,19.0,38,1,GGTTGGCCCGTTACGGGAGG,37,3111137
rcsBp2,3.5,7,1,GGTGTTTCGAGTGCAAAGAG,6,3082935
rcsBp2,1.0,2,1,GGTGCGAGTGCTAAAGCGAG,1,3083823
rcsBp2,20.0,40,1,GGTCCGGAGTATCCAGGCAG,39,3086182
rcsBp2,1.0,2,1,GGTACTTTCTTGATATTAAG,1,3095596
rcsBp2,5.0,10,1,GGGTGGAGTTGCGGGCTGTT,9,3083194
rcsBp2,15.0,30,1,GGGGTTCAGCCTTTAAGATT,29,3121929
rcsBp2,11.5,23,1,GGGGCTCGGTGATTCGGTAC,22,3114527
rcsBp2,8.5,17,1,GGGGACTTTCGGCAGTCCGT,16,3114399
rcsBp2,10.5,21,1,GGGCTATAAATCACAACGCA,20,3078982
rcsBp2,5.5,11,1,GGGCGGGGCCACATTACTTC,10,3119368
rcsBp2,15.0,30,1,GGGCAATTTATGCGAAGCAT,29,3084961
rcsBp2,10.0,20,1,GGGAGTTTGCGAGTCTCGAG,19,3086957
rcsBp2,10.0,20,1,GGCTTGTATCTCAATACAGG,19,3086249
rcsBp2,6.0,12,1,GGCGAATTCCGAACCTACGA,11,3101827
rcsBp2,33.0,66,1,GGCCACAGCCTTCCGTAGCA,65,3106990
rcsBp2,5.5,11,1,GGAGCAGCCGGGTTCGTGTT,10,3104477
rcsBp2,7.5,15,1,GGAGATGTCGCCTAATACTA,14,3105373
rcsBp2,1.0,2,1,GGACAGGTATGAGGTAGCCT,1,3122583
rcsBp2,8.5,17,1,GCTTATGGAACGACCCGTGA,16,3110842
rcsBp2,10.5,21,1,GCTGGCGTGTCTTCCCGGGA,20,3080700
rcsBp2,10.0,20,1,GCTCACCGGTCTGACAGTGT,19,3109305
rcsBp2,11.0,22,1,GCTATGCGCTGAGTACATCA,21,3091207
rcsBp2,16.0,32,1,GCTATCATTAAGTTGGTTCA,31,3102882
rcsBp2,7.5,15,1,GCTAGTCCGGAGCGGTGGGT,14,3109075
rcsBp2,1.0,2,1,GCTACCTGCCAGCATCTCCC,1,3106901
rcsBp2,10.5,21,1,GCGTTATGTTCTTTGTCCTT,20,3115717
rcsBp2,5.5,11,1,GCGTGCACCGTCTTGCTAGA,10,3080315
rcsBp2,1.0,2,1,GCGTGAGCACTGCACGGTCC,1,3121574
rcsBp2,11.0,22,1,GCGTCCGTGTGCAGCTGGCA,21,3121310
rcsBp2,7.0,14,1,GCGTAATCCCTGACGAGCGA,13,3077067
rcsBp2,1.5,3,1,GCGGTGCGAGAACGTTGATT,2,3122116
rcsBp2,5.0,10,1,GCGGGTGCCAGCTGTCTCAC,9,3076937
rcsBp2,5.5,11,1,GCGCGCGCTGGGCACCCTTG,10,3122446
rcsBp2,9.5,19,1,GCCTGGCAATTGTGACTTAG,18,3088320
rcsBp2,6.0,12,1,GCCGGGGCTACGCATCGACT,11,3116147
rcsBp2,12.5,25,1,GCCGCATTTCCAATCAGCAG,24,3109838
rcsBp2,10.5,21,1,GCCGCAGTTAATGACGTCAT,20,3076735
rcsBp2,9.0,18,1,GCCGAGCCCCTATAACTACA,17,3085746
rcsBp2,3.5,7,1,GCCAGTCAAGTGTCACGGGC,6,3108982
rcsBp2,4.5,9,1,GCCAGCAATGCCCTAGGACC,8,3115602
rcsBp2,8.5,17,1,GCCAGATCCGCGGACCATGG,16,3074104
rcsBp2,9.0,18,1,GCCAGAGTACCATCTAACGT,17,3122182
rcsBp2,3.5,7,1,GCCACTCGGCAGCCCTTTAT,6,3116647
rcsBp2,5.0,10,1,GCATTCCGTTACTCTTAGTA,9,3112115
rcsBp2,9.0,18,1,GCATCCTAATCCGAGGTCTC,17,3088775
rcsBp2,5.0,10,1,GCAGCCATAAAACCATGGAA,9,3080681
rcsBp2,7.5,15,1,GCAGATATGAACCAGTGCAA,14,3106343
rcsBp2,1.0,2,1,GATGGCGAGACTAATACCTT,1,3079155
rcsBp2,4.5,9,1,GATGGCCTACGTTCACACGA,8,3107743
rcsBp2,7.0,14,1,GATGCGGGACCACTGCCATC,13,3082836
rcsBp2,13.5,27,1,GATGCCTGCTCGGGGCCTAC,26,3081491
rcsBp2,7.0,14,1,GATATCTCCCGCCTTGGCCT,13,3114166
rcsBp2,18.0,36,1,GATAGACCGTTTAGCTAGTC,35,3086754
rcsBp2,16.5,33,1,GAGTTTGCGGCCGTTCTCTT,32,3093353
rcsBp2,17.0,34,1,GAGTGCAACCGCACGACCGC,33,3078213
rcsBp2,1.0,2,1,GAGTAATAACGCGCCATGTT,1,3112453
rcsBp2,6.5,13,1,GAGATGTGTATTCTAAGCAT,12,3085828
rcsBp2,8.0,16,1,GAGACTTGGATTATCCTGAA,15,3113967
rcsBp2,22.0,44,1,GACTGTCAAGGCGCACCGAT,43,3095559
rcsBp2,1.5,3,1,GACGTTGTTGCAACGTTAAC,2,3110066
rcsBp2,20.0,40,1,GACGACTTTGCGCACGGGGT,39,3091269
rcsBp2,2.0,4,1,GACGACATTAGAGTGGGCAG,3,3102918
rcsBp2,13.0,26,1,GACCGCATTAGAACTGAGTG,25,3113189
rcsBp2,17.0,34,1,GACCGAGAGGTGCTATGGTT,33,3120548
rcsBp2,7.0,14,1,GACCATGACGTCCGACCGTG,13,3075354
rcsBp2,1.0,2,1,GAATATTCCATGATAGAGTA,1,3107314
rcsBp2,11.0,22,1,GAAGGCGATATTCGGTGCGT,21,3113153
rcsBp2,4.5,9,1,GAAGCTGCGGCTTAGTGCAT,8,3090274
rcsBp2,2.0,4,1,GAAACTGGCTTAAAAATGTG,3,3106891
rcsBp2,6.0,12,1,GAAACGGCCGGGGGAAGCGC,11,3102650
rcsBp2,10.0,20,1,CTTTCTGCTAACATATTGAG,19,3085042
rcsBp2,14.5,29,1,CTTGGTCAGTTATGCGTAGG,28,3079686
rcsBp2,10.0,20,1,CTTACTCCTCCGTAAGACGA,19,3098233
rcsBp2,6.5,13,1,CTGCTTAATTGGCTACGTCT,12,3108073
rcsBp2,2.0,4,1,CTGCCTTGCTTCAGCAACTG,3,3086113
rcsBp2,1.0,2,1,CTCGTGCGGATTGGCGCATC,1,3075039
rcsBp2,12.0,24,1,CTCGGTTCGTCGCGGTTCAT,23,3080199
rcsBp2,1.0,2,1,CTCGCCAAGCCGGTGTCAAA,1,3121896
rcsBp2,4.5,9,1,CTCCTTGCTATTTGGTTACT,8,3117184
rcsBp2,8.5,17,1,CTCCATGGATCGGGATACGA,16,3096983
rcsBp2,4.0,8,1,CTCCAGCACACTTGTCCACT,7,3113968
rcsBp2,9.0,18,1,CTCAGTCGGCGCTCGTGTCG,17,3100948
rcsBp2,4.5,9,1,CTCAGCAAGATTTCACGGAT,8,3097584
rcsBp2,15.0,30,1,CTCACGCAGTCCGCCAATGA,29,3098832
rcsBp2,3.0,6,1,CTCAATCATTCCAGCCCGGT,5,3099821
rcsBp2,2.5,5,1,CTATGCCGACGCGACATTTC,4,3083928
rcsBp2,12.5,25,1,CTAGTAAATGTATGCGCTTC,24,3101751
rcsBp2,5.5,11,1,CTAACCAATCCGTCCACGCG,10,3121773
rcsBp2,17.5,35,1,CGTTGGGCGTACAGCTTCAT,34,3093085
rcsBp2,13.5,27,1,CGTTCAGACATGCGCATTTC,26,3122139
rcsBp2,10.0,20,1,CGTTCAAGTTGTTTAGCGAT,19,3084625
rcsBp2,14.0,28,1,CGTGGAATCGGGCCTTCACG,27,3075824
rcsBp2,1.5,3,1,CGTGAGCATATGCGCGAGGC,2,3105712
rcsBp2,1.5,3,1,CGTACGTAGACACGAGTCGG,2,3097944
rcsBp2,5.5,11,1,CGTAAATGAGTCGCCACGTC,10,3099781
rcsBp2,15.0,30,1,CGGTTGTATGTCCAATAACT,29,3105646
rcsBp2,8.0,16,1,CGGTCGATTACGGGTGCGTT,15,3099229
rcsBp2,8.5,17,1,CGGCTTAGACGGTCAGGTGT,16,3075248
rcsBp2,7.5,15,1,CGCTCTTATCTTGTGCATGC,14,3116308
rcsBp2,10.5,21,1,CGCGTGGGGCTCTTTCGGTA,20,3114156
rcsBp2,20.0,40,1,CGCACCGAAACAAGGATAAC,39,3088067
rcsBp2,8.5,17,1,CGATTCTCCCTGTCTGAGGT,16,3102178
rcsBp2,1.0,2,1,CGATCGACTGCAAGCAAGGC,1,3122888
rcsBp2,8.5,17,1,CGAGTGAACGGGGAGCGTGC,16,3078754
rcsBp2,18.5,37,1,CGAGCGTCGCGAACCCCGGT,36,3074179
rcsBp2,8.5,17,1,CGACTGTAAATTGCGAAAAC,16,3088080
rcsBp2,9.0,18,1,CGACTGCCTTGGGTGATTGG,17,3101806
rcsBp2,1.5,3,1,CGACTCGTGGCTGTGATGCA,2,3106225
rcsBp2,4.0,8,1,CGAACCCGATTAAACTATTG,7,3082342
rcsBp2,1.0,2,1,CCTGTAAATGGACTCCGTTC,1,3112252
rcsBp2,5.5,11,1,CCTGGTAGAAACCGATCAAG,10,3097068
rcsBp2,8.0,16,1,CCTCCTCAGTCTCATGAATT,15,3083025
rcsBp2,6.0,12,1,CCTACCTGTTTGGCTTCGTG,11,3115922
rcsBp2,15.5,31,1,CCGTTCTAATCCTGCAAAAA,30,3098100
rcsBp2,10.0,20,1,CCGTCGATATAACCGTTGCA,19,3107799
rcsBp2,7.0,14,1,CCGGGAGATACAGGTTGGAG,13,3115482
rcsBp2,2.5,5,1,CCGGCAGAATGGCGCTTTCA,4,3111459
rcsBp2,8.0,16,1,CCGCGGCATAGTAAAAGGTC,15,3111805
rcsBp2,6.5,13,1,CCGCCGGAGAGTCGCTAGCT,12,3108399
rcsBp2,9.0,18,1,CCGCATTGTGAACCAGGACT,17,3084443
rcsBp2,1.0,2,1,CCGAGACGCGTTACAAATTC,1,3106026
rcsBp2,5.0,10,1,CCGAAACCGTCCCCATCAGG,9,3080862
rcsBp2,6.0,12,1,CCCTTCTGCTTTGGACGCGT,11,3079719
rcsBp2,16.5,33,1,CCCGTGCATCACTGAGTGTG,32,3077468
rcsBp2,8.5,17,1,CCCGTACAAAATGCGGACTA,16,3112515
rcsBp2,8.5,17,1,CCCGCCTTGTTTGGAGTCCT,16,3086152
rcsBp2,1.0,2,1,CCCCTGCATTTAGGTGCACA,1,3100299
rcsBp2,6.0,12,1,CCCAGCCTAAAGTTGCGAAA,11,3116054
rcsBp2,19.0,38,1,CCAGAGTCCCACATCGGTTA,37,3091749
rcsBp2,15.0,30,1,CCAATACGCAACAGTTCGTT,29,3117138
rcsBp2,13.5,27,1,CCAAGATAACCGCTGAGTTT,26,3122276
rcsBp2,3.5,7,1,CATCGGTAGCCGAAGAAGGG,6,3117033
rcsBp2,15.0,30,1,CATCGACGATTCATTTCTCA,29,3093946
rcsBp2,7.5,15,1,CATCCTATATTGCGCTCAAC,14,3107724
rcsBp2,13.0,26,1,CATATTTTGTAGCTCTTTTC,25,3111621
rcsBp2,24.5,49,1,CAGTGAACAATAGCACAAAT,48,3086482
rcsBp2,6.0,12,1,CAGGCTGTGAGCAGCAGCAT,11,3078211
rcsBp2,28.0,56,1,CAGCCCGTAACCCTCAGTCG,55,3113930
rcsBp2,5.0,10,1,CACGATAGGGATACTATCCA,9,3078746
rcsBp2,7.0,14,1,CACCTGTGAAAGTGGAACCC,13,3092903
rcsBp2,9.0,18,1,CAATCTGGCCCCCTAGTGAA,17,3101710
rcsBp2,8.5,17,1,CAATACGCGGGAGATTCTAC,16,3122430
rcsBp2,5.0,10,1,CAACAGTCCGTGGCATGGGA,9,3114123
rcsBp2,11.5,23,1,CAAATCCATGACATAAATTC,22,3120003
rcsBp2,20.5,41,1,CAAACGTCCATCAGGCGCCT,40,3086889
rcsBp2,15.5,31,1,CAAAATAAGATTGCGCCGTG,30,3101932
rcsBp2,1.0,2,1,ATTTGCATCCAAGGCAAAAT,1,3079373
rcsBp2,16.5,33,1,ATTTCCTACATCGGAGATGT,32,3098191
rcsBp2,6.0,12,1,ATTTAATGATTCCGACTCTT,11,3103808
rcsBp2,15.0,30,1,ATTGACAGGACTTCTTACGG,29,3103328
rcsBp2,41.5,83,1,ATTGAAGAGTGTTTGGTAGA,82,3099118
rcsBp2,2.0,4,1,ATTCTTCACGGCGCTAATGC,3,3094417
rcsBp2,1.0,2,1,ATTCCAATCTGGACCCTCGA,1,3108541
rcsBp2,12.0,24,1,ATGTGGAATGCCTAGGTGAC,23,3120528
rcsBp2,10.0,20,1,ATGTCCGTCGTATCGCCACA,19,3087975
rcsBp2,8.5,17,1,ATGGTCTGCCAAGGCTAAAC,16,3122264
rcsBp2,5.5,11,1,ATGGCAAAGCGCAGGGTTGG,10,3114374
rcsBp2,10.0,20,1,ATGCGGTTTTCCAGGGCCGA,19,3079731
rcsBp2,26.0,52,1,ATGCATCGGAATTTTAGGCT,51,3077291
rcsBp2,23.0,46,1,ATGACCTCTGTAGGTTCGCA,45,3111648
rcsBp2,17.5,35,1,ATCTCTATGCAGCAGGGACA,34,3107000
rcsBp2,1.5,3,1,ATCTCTATCGCGTTGTACTA,2,3113680
rcsBp2,1.0,2,1,ATCGCTCGGGGTAAACTAAC,1,3110601
rcsBp2,2.5,5,1,ATCCCAAGGCCGATAGCACG,4,3084437
rcsBp2,4.5,9,1,ATCCAAAACGCTATGATTAC,8,3096514
rcsBp2,8.0,16,1,ATCAAGATCTGCGCCGGCTT,15,3088903
rcsBp2,2.0,4,1,ATATTTGCAGTTCGAGTTTT,3,3104926
rcsBp2,7.5,15,1,ATATTAGATTGAAAAAGGAA,14,3088691
rcsBp2,12.5,25,1,ATAGTTCGAACAGCCCGTCA,24,3094542
rcsBp2,17.5,35,1,ATAGGTGGTAAAAGGGGCCG,34,3097103
rcsBp2,3.5,7,1,ATACGCTCAAATCAGAAACG,6,3078857
rcsBp2,12.0,24,1,AGTTCAAATAGGGTATGGGG,23,3082128
rcsBp2,1.0,2,1,AGTGTGTAACACTAGCCATC,1,3101914
rcsBp2,1.0,2,1,AGTGACGCCCAGGCGTCCGA,1,3120873
rcsBp2,11.0,22,1,AGTCTAGATGCCCTCCGTCT,21,3090320
rcsBp2,10.5,21,1,AGTCCTCCGTTCAGTAATTC,20,3119599
rcsBp2,10.5,21,1,AGTCCACATGGGCGCGTGAG,20,3116563
rcsBp2,10.0,20,1,AGTCACAATGGCTTCGGGCG,19,3102334
rcsBp2,34.0,68,1,AGTCAACGTATTCCGGCCGC,67,3102568
rcsBp2,4.5,9,1,AGTACCCGTGAAGCCAGGAA,8,3093777
rcsBp2,39.5,79,1,AGGTCCCCGACTTGAAAGTA,78,3109014
rcsBp2,1.0,2,1,AGGCCATGTTCAAAATCGTA,1,3093304
rcsBp2,5.0,10,1,AGCGAGTGGCACGCCCTCTC,9,3097835
rcsBp2,5.0,10,1,AGCCGCTAAACCGAGGTGGA,9,3111060
rcsBp2,11.0,22,1,AGCCCTGTTATTGGTTGGGT,21,3106367
rcsBp2,3.0,6,1,AGCATGATTAGGAGTGCATG,5,3122095
rcsBp2,1.5,3,1,AGCAGCGTTTTGCGTTCACA,2,3094726
rcsBp2,14.0,28,1,AGACCTCAACGCCCGTATCG,27,3102064
rcsBp2,10.0,20,1,AGACACTGCCCCGAGTTGGG,19,3078524
rcsBp2,7.0,14,1,AGAATTGAATAGAGACGATC,13,3108538
rcsBp2,13.0,26,1,ACTTGCAGCGGCCGATCCTC,25,3117062
rcsBp2,16.0,32,1,ACTGCCTTCAGAAAGGGCTT,31,3117215
rcsBp2,6.5,13,1,ACTCGCACGTTCCTCGAAAC,12,3090682
rcsBp2,4.0,8,1,ACTAAGTGCTCATGTCTTTA,7,3095526
rcsBp2,3.5,7,1,ACGTTCATCAGCACGCGTCG,6,3088051
rcsBp2,2.0,4,1,ACGGGCAGGTTCAGTGGCGA,3,3112486
rcsBp2,7.5,15,1,ACGAATCGGTCGTCGTTGTT,14,3112705
rcsBp2,20.5,41,1,ACCTGCAAATTGCCCTGGCC,40,3109736
rcsBp2,21.5,43,1,ACCTCTTCCCGGCCGCCCGG,42,3090030
rcsBp2,1.0,2,1,ACCTCTAGTATGGAGTGGCG,1,3086996
rcsBp2,9.5,19,1,ACCGGTGCGTGACCTAGTAT,18,3098491
rcsBp2,8.0,16,1,ACCGAGACCCAGCAGTCAAT,15,3104412
rcsBp2,24.5,49,1,ACCCCGTCCGGTATAGTCTC,48,3088050
rcsBp2,21.0,42,1,ACCAAGGCTGACAACGCTGG,41,3117983
rcsBp2,6.0,12,1,ACCAAATTAGATCTTATTGC,11,3083797
rcsBp2,8.5,17,1,ACACATCAGTTATCATATGC,16,3111709
rcsBp2,1.0,2,1,ACACAGGGGTCCTTATGGGG,1,3095301
rcsBp2,4.0,8,1,ACAATTTCTCAGCCGATGCA,7,3096919
rcsBp2,6.0,12,1,ACAAAAATGTATTTGTGTTC,11,3115510
rcsBp2,1.0,2,1,AATTTTCGTGAATGCGCCAG,1,3076683
rcsBp2,1.0,2,1,AATTTGTATTAATTCGAGGC,1,3090622
rcsBp2,1.0,2,1,AATTGTGCTCACATCGGCTG,1,3074337
rcsBp2,6.0,12,1,AATTGACCCCAACCTGTCAT,11,3091934
rcsBp2,10.0,20,1,AATCGGAGGCTTTTCCAGGA,19,3092981
rcsBp2,1.0,2,1,AATCATGGGGGTCATAGGCC,1,3107435
rcsBp2,8.0,16,1,AAGGAAGAGTCCCGCGCGCT,15,3114199
rcsBp2,11.0,22,1,AAGGAACTAAATCAAAGCTG,21,3109137
rcsBp2,20.0,40,1,AAGACATGACGGATGCGAGG,39,3102146
rcsBp2,1.0,2,1,AACTCGCAATCTAGTTGAGC,1,3102135
rcsBp2,3.5,7,1,AACTAGCGGATCCGCAAAAT,6,3096579
rcsBp2,8.5,17,1,AACCAGACCTAAACCCTGAT,16,3087272
rcsBp2,16.0,32,1,AAAGCTGGATGTAACAGGCG,31,3085651
rcsBp2,9.0,18,1,AAAAGTATTACGGCTCAGAT,17,3097409
rcsBp2,1.0,2,1,AAAAAAGATATTCAATTATA,1,3118853
rcsBp2,0.014285714285714285,69,69,CGCTTGACCTCCCTCGGGGA,0,3082599
rcsBp2,0.014705882352941176,67,67,GGCGGGGGTCGCCCAGCGGC,0,3076340
rcsBp2,0.015625,63,63,AAGGACCGAAGCGATTCGGC,0,3112270
rcsBp2,0.016129032258064516,61,61,CATGATCGCGGTGCTCCTCG,0,3087600
rcsBp2,0.01639344262295082,60,60,TTCAGGCCTGATAATGATCG,0,3080448
rcsBp2,0.01639344262295082,60,60,GTTTGTCTTACGGGGCGGTG,0,3092343
rcsBp2,0.016666666666666666,59,59,TGACACGTAGTAGCAGCGGT,0,3091700
rcsBp2,0.01694915254237288,58,58,AAAGGCTCGTACTTTCTTAT,0,3075134
rcsBp2,0.017241379310344827,57,57,GCGGACAGGTATATTCAAAT,0,3082021
rcsBp2,0.017543859649122806,56,56,TGTCGGGTTATGATTATAAC,0,3102479
rcsBp2,0.018867924528301886,52,52,TTGCGTTCTGGCGCGCGATG,0,3118463
rcsBp2,0.018867924528301886,52,52,CTCCCGAATCAGACATTGTT,0,3089303
rcsBp2,0.019230769230769232,51,51,TCGGTCGCTGGCGCTATTCT,0,3098450
rcsBp2,0.019230769230769232,51,51,GTGACCTCCTAATGATAAGT,0,3085684
rcsBp2,0.019230769230769232,51,51,CCTCCCTGGCGGTCTACCTT,0,3119513
rcsBp2,0.02,49,49,CCTGATAATCGGCCAAAAAC,0,3094564
rcsBp2,0.020833333333333332,47,47,GGAGACGGGGAGGTCGAGAA,0,3118339
rcsBp2,0.02127659574468085,46,46,TCTTACGCCTTTGGACTGGT,0,3106335
rcsBp2,0.02127659574468085,46,46,CCTCAGCTTCTAGCTGCGTG,0,3075668
rcsBp2,0.02127659574468085,46,46,AAGTCAATGTGATAAGGGCG,0,3094097
rcsBp2,0.021739130434782608,45,45,GCGGGCTAGGTGAAGGACAA,0,3108296
rcsBp2,0.021739130434782608,45,45,CCCGTTCGCTCTCACATGAC,0,3088540
rcsBp2,0.022222222222222223,44,44,TGTAGCGAACAATCCGTAAA,0,3084661
rcsBp2,0.022727272727272728,43,43,TCCCTACTATCATAGCGAAC,0,3107251
rcsBp2,0.022727272727272728,43,43,AAACTACTGGCGGTAGAAAG,0,3097295
rcsBp2,0.023255813953488372,42,42,TAGTGGGTTCATGTCAGGAC,0,3082830
rcsBp2,0.023255813953488372,42,42,GGTACGCCGGAGGAGGATAA,0,3084238
rcsBp2,0.023255813953488372,42,42,GCATGGGGACGCTACCCGAA,0,3097091
rcsBp2,0.023255813953488372,42,42,CTAGGCGGTGCGCGAACATG,0,3115877
rcsBp2,0.023255813953488372,42,42,AACGCCCCTAATATGCGAAC,0,3075093
rcsBp2,0.023809523809523808,41,41,TGCGCCCATTCCGCGGGCCA,0,3117309
rcsBp2,0.023809523809523808,41,41,TAAGAGTAATTAGTTCCAGC,0,3113414
rcsBp2,0.023809523809523808,41,41,GTGGGTAGAAGTAGTGGTTA,0,3094261
rcsBp2,0.023809523809523808,41,41,GAGAGAGTAGTAAGGCAGGA,0,3106854
rcsBp2,0.023809523809523808,41,41,CAGAGCCGAAGCGATTGGAG,0,3081860
rcsBp2,0.023809523809523808,41,41,AAGTGTTACTACGAGCTCCT,0,3084249
rcsBp2,0.025,39,39,TTGTGACCACTCATGGGCAT,0,3089549
rcsBp2,0.025,39,39,GGCGCCCGGTGACCACTATT,0,3113278
rcsBp2,0.025,39,39,GCGCTTTACCGGGCGTAGTA,0,3096002
rcsBp2,0.025,39,39,CGGGCAAGCAAAATCTCAGG,0,3109684
rcsBp2,0.025,39,39,CGAGGGACTACTGCGCAGCT,0,3099805
rcsBp2,0.025,39,39,ATGGTTAGGCCCTGCAAGCA,0,3081065
rcsBp2,0.025,39,39,AGGTACCCTAACAAGTGCCT,0,3098991
rcsBp2,0.025,39,39,AGCTGCGGAGAGAGGACCAA,0,3119366
rcsBp2,0.025,39,39,ACAGGTGTTATAAACGCAGG,0,3113076
rcsBp2,0.02564102564102564,38,38,CCGAACCGCGATTCAAAATA,0,3082564
rcsBp2,0.02564102564102564,38,38,CATGAGGCATATCAGAGGCA,0,3089355
rcsBp2,0.02564102564102564,38,38,ATGGTGAGTGTACGGCGGAC,0,3082026
rcsBp2,0.02564102564102564,38,38,ACCGCTTCTTGCTGGAAAGA,0,3092225
rcsBp2,0.02564102564102564,38,38,AAAGGGGTACATCGTCATGA,0,3116193
rcsBp2,0.02631578947368421,37,37,TTGGGGTAGTTGATTCATAT,0,3074485
rcsBp2,0.02631578947368421,37,37,TGATTGTTGCCACTTTCCGT,0,3098399
rcsBp2,0.02631578947368421,37,37,TCGCTTCCAGGCTTACCAAT,0,3082638
rcsBp2,0.02631578947368421,37,37,GTGCGTCCATCTTCTGCACT,0,3097293
rcsBp2,0.02631578947368421,37,37,GCCATGGCATAATTCAAATG,0,3112231
rcsBp2,0.02631578947368421,37,37,GAGCGGCGTGGTAGTGAATC,0,3077357
rcsBp2,0.02631578947368421,37,37,GACTTACATATTCGTCCGAG,0,3106895
rcsBp2,0.02631578947368421,37,37,CCTCAGGTACTTTCGAGGTG,0,3075037
rcsBp2,0.02631578947368421,37,37,CAGTTTCTTGCGTTTTAATT,0,3078908
rcsBp2,0.02702702702702703,36,36,TGATAATTCGCCCGCCATCT,0,3078714
rcsBp2,0.02702702702702703,36,36,TCCTTCGGGCCACCGCAGAC,0,3078148
rcsBp2,0.02702702702702703,36,36,TAGACCAGATCGGCGTATAG,0,3109239
rcsBp2,0.02702702702702703,36,36,GGCTTGCGGTCTTGACGCGT,0,3086711
rcsBp2,0.02702702702702703,36,36,GGCTCGTTTTTGGGCCACAG,0,3107339
rcsBp2,0.02702702702702703,36,36,GCCCGAATATAACGTTTAGG,0,3085151
rcsBp2,0.02702702702702703,36,36,GCAGTCACGGAGGTTGGTAT,0,3076419
rcsBp2,0.02702702702702703,36,36,GAGGGAATCGTAACGCGCGC,0,3084621
rcsBp2,0.02702702702702703,36,36,CCTGCGTGAGGTCCCTTTAA,0,3111306
rcsBp2,0.02702702702702703,36,36,ATTCGATCTAGAAACAACGA,0,3100268
rcsBp2,0.02702702702702703,36,36,ACGCTCAGACAGTGGGCCGA,0,3115674
rcsBp2,0.02702702702702703,36,36,ACGAGCGCCTTTAAGATATC,0,3095126
rcsBp2,0.02702702702702703,36,36,AAATGGACGCGGGCTGTACC,0,3077347
rcsBp2,0.027777777777777776,35,35,TGGGTTAACGGCCCGATCCC,0,3109733
rcsBp2,0.027777777777777776,35,35,TAGCAGTCCTAGACGGCGAA,0,3086739
rcsBp2,0.027777777777777776,35,35,CCGAATTCTCGGCATCAGCG,0,3120307
rcsBp2,0.027777777777777776,35,35,CCATTTTATGCGTTTCTGCT,0,3097109
rcsBp2,0.027777777777777776,35,35,CATAACGTGGAGAAGCCGGA,0,3091301
rcsBp2,0.027777777777777776,35,35,ATCGATCACTCATGAGTCCA,0,3079495
rcsBp2,0.027777777777777776,35,35,ACTTTGGAACCGTTAAAGGA,0,3118525
rcsBp2,0.027777777777777776,35,35,AAGGGTCCCGAACACGTCCT,0,3121841
rcsBp2,0.02857142857142857,34,34,TAATCAAAACGGGCTGTCGG,0,3103772
rcsBp2,0.02857142857142857,34,34,GTGTCAAAGATAGACTGTGA,0,3099981
rcsBp2,0.02857142857142857,34,34,GTAGTATACTGGATGTTAAT,0,3081479
rcsBp2,0.02857142857142857,34,34,CGGGGATAGGAAATCATTTA,0,3112638
rcsBp2,0.02857142857142857,34,34,CGAACCGCGCGACCCAGCAT,0,3077817
rcsBp2,0.02857142857142857,34,34,ATAACACTTACGGCATATAA,0,3105594
rcsBp2,0.02857142857142857,34,34,AGGGTGAAACGTCAAGGCAG,0,3093256
rcsBp2,0.02857142857142857,34,34,AGGGAACAAGGTGTTAAGAC,0,3105717
rcsBp2,0.02857142857142857,34,34,ACGTAGTGAGCACGGGAGGT,0,3110431
rcsBp2,0.029411764705882353,33,33,TTAGAGAACGAAAGAATTTC,0,3079500
rcsBp2,0.029411764705882353,33,33,TGTGCGGTGGCTGCCAGGGG,0,3116474
rcsBp2,0.029411764705882353,33,33,TGGTATGAGGTACCTCCGGG,0,3100845
rcsBp2,0.029411764705882353,33,33,TGGCCTGCGCAAAAACTGCA,0,3074115
rcsBp2,0.029411764705882353,33,33,GGGTATTAGCGTAATACGCA,0,3081098
rcsBp2,0.029411764705882353,33,33,GGGAGCTTAAGACTCGAAGA,0,3079942
rcsBp2,0.029411764705882353,33,33,GGAGACGGTGCAATGACTGT,0,3113119
rcsBp2,0.029411764705882353,33,33,GAACGGATTCAAGGGCTTGT,0,3078077
rcsBp2,0.029411764705882353,33,33,CTGTGTGGTAGGTGTGAACA,0,3119144
rcsBp2,0.029411764705882353,33,33,CGGAGAGACTCGTTGCGATG,0,3081044
rcsBp2,0.029411764705882353,33,33,CAGCCAGTGTGTAAACAGTT,0,3092088
rcsBp2,0.029411764705882353,33,33,CAGAGTATATATAGGGGGAA,0,3077156
rcsBp2,0.029411764705882353,33,33,ACGTTGGTCTATTCTTTTCT,0,3086498
rcsBp2,0.030303030303030304,32,32,TTTTCATAGGTGAGCCAGGA,0,3092478
rcsBp2,0.030303030303030304,32,32,TTCCCATTACTAGCTCCGTC,0,3100288
rcsBp2,0.030303030303030304,32,32,TGGCTATGTTCAGGCAGACG,0,3075139
rcsBp2,0.030303030303030304,32,32,GTGTTACGCTTGCTGAGGGG,0,3077261
rcsBp2,0.030303030303030304,32,32,GCTGGGAGCTGTGTTGCTAA,0,3087409
rcsBp2,0.030303030303030304,32,32,GAGCACCCCTAAGATCAAAT,0,3080007
rcsBp2,0.030303030303030304,32,32,CTAGACTAAGGAAGGGAAAA,0,3105284
rcsBp2,0.030303030303030304,32,32,CCCATGCTGCTGGGGGTGGC,0,3086780
rcsBp2,0.030303030303030304,32,32,CCACTTTCATTTTGGATCTA,0,3081402
rcsBp2,0.030303030303030304,32,32,ATCCGGCGGAAGTAAAGTTA,0,3096590
rcsBp2,0.030303030303030304,32,32,AGTGTGGGTTCCGATAAGAT,0,3077368
rcsBp2,0.030303030303030304,32,32,AGCTAAATATGGGCTGGGGT,0,3108140
rcsBp2,0.030303030303030304,32,32,ACTAGGGCCGAGCTGGTTCA,0,3083990
rcsBp2,0.030303030303030304,32,32,AAACGCGACGTTTGAACCAG,0,3103841
rcsBp2,0.03125,31,31,TGATAGATTATGTGCAGTAT,0,3081059
rcsBp2,0.03125,31,31,TCCGAGTGCCAACGCCCCTT,0,3083411
rcsBp2,0.03125,31,31,TCACAGGGTCAACAAAACAT,0,3118766
rcsBp2,0.03125,31,31,TAGAGAGTATAAGATCGCTG,0,3083729
rcsBp2,0.03125,31,31,GTCTTTTTGAAACAGCCGGT,0,3078401
rcsBp2,0.03125,31,31,GCAAATATGTAAAACGGATG,0,3096690
rcsBp2,0.03125,31,31,CTGCAGTCATGCATACTGTA,0,3075358
rcsBp2,0.03125,31,31,CGACAAGCGACGCTAGCCCG,0,3096113
rcsBp2,0.03125,31,31,CCTTCTTGGCTCTCGAGGCT,0,3104462
rcsBp2,0.03125,31,31,CCTAGCCTTCCGCCATTGGC,0,3114484
rcsBp2,0.03125,31,31,CCGGACTCGCAGGACGTTTA,0,3111856
rcsBp2,0.03125,31,31,CCCGCAACGTGCAATGGATA,0,3091157
rcsBp2,0.03125,31,31,CCCGAAGGGGTGGCCCGCTG,0,3079871
rcsBp2,0.03125,31,31,CAGGTGAACTGTGACGAGAA,0,3075410
rcsBp2,0.03125,31,31,CAGCTCATAGGTAATGCCCA,0,3090019
rcsBp2,0.03125,31,31,ATCGAGTGAAGAATGACCTC,0,3108963
rcsBp2,0.03125,31,31,ACCATCACCGGACGCGAGGT,0,3096362
rcsBp2,0.03125,31,31,ACAGGCGGTTTTCCTTTCGC,0,3092467
rcsBp2,0.03125,31,31,ACAGGACGACGACCTTGAGG,0,3081975
rcsBp2,0.03225806451612903,30,30,TGAGTTTCAGCCGGGACACA,0,3111139
rcsBp2,0.03225806451612903,30,30,GTTAAGGTACGATGAGCCTT,0,3098283
rcsBp2,0.03225806451612903,30,30,GTGGTCACGGATCGAGCTTA,0,3086651
rcsBp2,0.03225806451612903,30,30,GTCGGTCTAGATTCTAGTGG,0,3113901
rcsBp2,0.03225806451612903,30,30,GGCGCGAATCTGAGGCGTGT,0,3112975
rcsBp2,0.03225806451612903,30,30,GCAGTGAGAACACGCGCAAA,0,3075617
rcsBp2,0.03225806451612903,30,30,GAAAGCCCTGCGTTTTGTTG,0,3118110
rcsBp2,0.03225806451612903,30,30,GAAACGTGCTACTAATTCGA,0,3097183
rcsBp2,0.03225806451612903,30,30,CTCCCTCGAGAGCCCGGACA,0,3084687
rcsBp2,0.03225806451612903,30,30,CGCAAGCGTTGGATTTCCGT,0,3079487
rcsBp2,0.03225806451612903,30,30,CCGTTAACTTGTTTTGAGGT,0,3119732
rcsBp2,0.03225806451612903,30,30,CATCCCGTCGTTCCCGGCTC,0,3079648
rcsBp2,0.03225806451612903,30,30,ATTATAGTGCTTGCCTTAAC,0,3080161
rcsBp2,0.03225806451612903,30,30,ATGCGGGTGCAGTTATTTAA,0,3075909
rcsBp2,0.03225806451612903,30,30,ATATCATTTGATCAAAATTT,0,3098089
rcsBp2,0.03225806451612903,30,30,AGTTCGAAGTTTGTTGTTCT,0,3109373
rcsBp2,0.03225806451612903,30,30,AGTGTCATTAAGAAGTGATA,0,3074494
rcsBp2,0.03225806451612903,30,30,AGCAGTCTATAGGGCGTACG,0,3105285
rcsBp2,0.03225806451612903,30,30,ACCTTGTTCTGGAGGTGGAC,0,3104142
rcsBp2,0.03225806451612903,30,30,AACTAATAGAGTCGTACATA,0,3088213
rcsBp2,0.03225806451612903,30,30,AAAATAGGCGGTGCCTTAGT,0,3095646
rcsBp2,0.03333333333333333,29,29,TTCGTTGTTCGACCGCTAGC,0,3094929
rcsBp2,0.03333333333333333,29,29,TTCAGTTTTAATGTGGACGC,0,3109903
rcsBp2,0.03333333333333333,29,29,TGCCCAGGACCTGATCGCCC,0,3098935
rcsBp2,0.03333333333333333,29,29,GTGTAATGGTGGAACTAAGG,0,3112518
rcsBp2,0.03333333333333333,29,29,GTAGAGTCGTAAACCAGTTA,0,3119015
rcsBp2,0.03333333333333333,29,29,GGTAGGGAGTTAGAACATTG,0,3120065
rcsBp2,0.03333333333333333,29,29,GGCTCGTTGCTCGTCGATTT,0,3112273
rcsBp2,0.03333333333333333,29,29,GGCCCTGCACCGGCCTAGCT,0,3085230
rcsBp2,0.03333333333333333,29,29,GGATTGTATATCTTATCCTT,0,3111399
rcsBp2,0.03333333333333333,29,29,GCTTGGGTAATTTCTATTGC,0,3088087
rcsBp2,0.03333333333333333,29,29,GCGCGTCCGCACGTCAAGTC,0,3115253
rcsBp2,0.03333333333333333,29,29,GCGACAGCGATTGATAAGCG,0,3108397
rcsBp2,0.03333333333333333,29,29,GCCGAACAAGGTGCATTAGA,0,3109234
rcsBp2,0.03333333333333333,29,29,GCAGGTGCGCTATGACCCAG,0,3097360
rcsBp2,0.03333333333333333,29,29,GACCATTCGGGCGGTTCCAA,0,3105016
rcsBp2,0.03333333333333333,29,29,CTAGGGATCAAGTTCTATCT,0,3117480
rcsBp2,0.03333333333333333,29,29,CGGAGTCAAGAGTGGAACAT,0,3113286
rcsBp2,0.03333333333333333,29,29,CCCTGTCGGCTTGCCCCAAC,0,3080353
rcsBp2,0.03333333333333333,29,29,ATTAGTAGGGGGTCCGGTTA,0,3083731
rcsBp2,0.03333333333333333,29,29,ATGTTCTTGGTGCAGGGACA,0,3112233
rcsBp2,0.03333333333333333,29,29,AGTACGCATCTCGCCCTCCT,0,3081241
rcsBp2,0.03333333333333333,29,29,ACTCATTCGGCGCGGCGTAG,0,3089329
rcsBp2,0.03333333333333333,29,29,ACGGGTACAGCGAATGAGTC,0,3079860
rcsBp2,0.03333333333333333,29,29,ACCGGGGGCTGTCATTGATG,0,3075815
rcsBp2,0.03333333333333333,29,29,AATTGTGGATCGGCCACGGG,0,3077090
rcsBp2,0.03333333333333333,29,29,AATGTCTCGGTGAGACCTGC,0,3104272
rcsBp2,0.03333333333333333,29,29,AATAGTCTGAGTTAGTAACG,0,3078164
rcsBp2,0.03333333333333333,29,29,AAGGCACGGGTTGGCACGGT,0,3096062
rcsBp2,0.034482758620689655,28,28,TTGGCGCCTCGCCTATTGAA,0,3107979
rcsBp2,0.034482758620689655,28,28,TGGCGTACTGTCCCTCGACG,0,3111602
rcsBp2,0.034482758620689655,28,28,TGCGTCGTTGACCCCCCGAA,0,3110027
rcsBp2,0.034482758620689655,28,28,TGCATGCAGCACTCCAGCGG,0,3091792
rcsBp2,0.034482758620689655,28,28,TCAGGTTGGTACTAGATCTA,0,3094481
rcsBp2,0.034482758620689655,28,28,TCAATCTTGAATAGTCCTTT,0,3111029
rcsBp2,0.034482758620689655,28,28,TATGGCCCCCGTAGGGGGGT,0,3083480
rcsBp2,0.034482758620689655,28,28,TAGTCGCCCTCCATCGCCCA,0,3104999
rcsBp2,0.034482758620689655,28,28,GTTGCGGGTCCCCGGACGGA,0,3088956
rcsBp2,0.034482758620689655,28,28,GTGGATGTTTAAAGGCTTTT,0,3081287
rcsBp2,0.034482758620689655,28,28,GGGTACGCTCTATGAATCTA,0,3116357
rcsBp2,0.034482758620689655,28,28,GGGCAGCAGGCGTGGCAACA,0,3109902
rcsBp2,0.034482758620689655,28,28,GGGAAAGGTTGGATGTGAAG,0,3104232
rcsBp2,0.034482758620689655,28,28,GGAGCTGGTCATGCCGGTTC,0,3082604
rcsBp2,0.034482758620689655,28,28,GATGCTGGCTTTACTTCCGA,0,3103436
rcsBp2,0.034482758620689655,28,28,GACCGATCTGGGAACACCTG,0,3086090
rcsBp2,0.034482758620689655,28,28,CTCATCTATCCGGGTCTATA,0,3088559
rcsBp2,0.034482758620689655,28,28,CTATCCGGAATCAGATTTGT,0,3107430
rcsBp2,0.034482758620689655,28,28,CGTTTGAAACTGTAATTGAC,0,3083842
rcsBp2,0.034482758620689655,28,28,CGATCACTGGATTAGTCCTA,0,3105842
rcsBp2,0.034482758620689655,28,28,CCGTTGGTGTACCGGAGGCA,0,3097719
rcsBp2,0.034482758620689655,28,28,CCCTATGATGGGTAATATCC,0,3107580
rcsBp2,0.034482758620689655,28,28,CCCGGCGGATGGCGGGCGAT,0,3083273
rcsBp2,0.034482758620689655,28,28,CCAAGCGTAACGTACTGCAA,0,3089893
rcsBp2,0.034482758620689655,28,28,CAGCGGGTGGCGTCGCTTCA,0,3094881
rcsBp2,0.034482758620689655,28,28,CAATTTGATCCGGGCTTCCA,0,3078647
rcsBp2,0.034482758620689655,28,28,CAATCTCATACTGTAACTAA,0,3095117
rcsBp2,0.034482758620689655,28,28,ATTCGGCAGTCCAATGATTC,0,3078078
rcsBp2,0.034482758620689655,28,28,AGGCGTCATCTCACCACTAG,0,3086431
rcsBp2,0.034482758620689655,28,28,AGCTCGCAGTCAATCCGGCT,0,3112904
rcsBp2,0.034482758620689655,28,28,AGCCAGGGACCTATTATGAT,0,3095898
rcsBp2,0.034482758620689655,28,28,ACGGGCCACGGTTTTTGTAC,0,3115003
rcsBp2,0.03571428571428571,27,27,TTCCTAGCGGGCCAAAGATA,0,3104427
rcsBp2,0.03571428571428571,27,27,TTCACAACCCCCTCAGATCT,0,3082545
rcsBp2,0.03571428571428571,27,27,TTAAAGTGCTGCCAGATCAT,0,3097526
rcsBp2,0.03571428571428571,27,27,TGTCTCAGGGGGCCAGGGGT,0,3080174
rcsBp2,0.03571428571428571,27,27,TGGCGGGCTTTACTCACAAA,0,3075428
rcsBp2,0.03571428571428571,27,27,TGCGGCGGGGCTACGTAAAA,0,3091837
rcsBp2,0.03571428571428571,27,27,TCGACTTTGTAGGGGTAAAT,0,3114657
rcsBp2,0.03571428571428571,27,27,TAGACGGGATAGGGTCCACT,0,3080720
rcsBp2,0.03571428571428571,27,27,GGGTATCGTAGAATGGAACC,0,3100383
rcsBp2,0.03571428571428571,27,27,GATTTTGGGTAGCGGTGTTA,0,3100186
rcsBp2,0.03571428571428571,27,27,GATTCCGTCGTGCCACCTTT,0,3089424
rcsBp2,0.03571428571428571,27,27,GATCCCCGTATCCGGTGGAT,0,3102663
rcsBp2,0.03571428571428571,27,27,GAAAGATAAACTGACAGGCA,0,3093072
rcsBp2,0.03571428571428571,27,27,CTGTCGGGATCTGTTCAGCT,0,3109783
rcsBp2,0.03571428571428571,27,27,CTGAGACATCGATGACAGCT,0,3081566
rcsBp2,0.03571428571428571,27,27,CTATTGCCCATGAGCGGCAA,0,3103977
rcsBp2,0.03571428571428571,27,27,CTATTGCAAGGCAAAATGTA,0,3113073
rcsBp2,0.03571428571428571,27,27,CGGAGGGGCGGGCCAATGTA,0,3114434
rcsBp2,0.03571428571428571,27,27,CGCCCTTAACCCACTGCGGT,0,3100679
rcsBp2,0.03571428571428571,27,27,CCACAGCGCCATGGCGCCGT,0,3119375
rcsBp2,0.03571428571428571,27,27,ATTTAAAAACGAGCGGTCTT,0,3117893
rcsBp2,0.03571428571428571,27,27,ATTCCCATTTCGGGGCACTA,0,3105238
rcsBp2,0.03571428571428571,27,27,AGTCGGGCATTGTGAGTCGG,0,3096176
rcsBp2,0.03571428571428571,27,27,AGCCCGTGGCCCTCTTAAAC,0,3080450
rcsBp2,0.03571428571428571,27,27,AGCAGTATGGTAAGGTATAA,0,3122677
rcsBp2,0.03571428571428571,27,27,AGCAAGCTAGGCCGTCAGCA,0,3094828
rcsBp2,0.03571428571428571,27,27,AGAGTTCTGAAAGAAGGGAG,0,3091382
rcsBp2,0.03571428571428571,27,27,AGAGCGGCACAGGGCACGAA,0,3079991
rcsBp2,0.03571428571428571,27,27,ACTCCTTATATAGGCATAGA,0,3083125
rcsBp2,0.03571428571428571,27,27,ACGGACCCGGCTAGGCTTAG,0,3093177
rcsBp2,0.03571428571428571,27,27,AATCATAGCCCTAGCGCATA,0,3089268
rcsBp2,0.03571428571428571,27,27,AACGCGTAGTGGGATCCGAG,0,3107409
rcsBp2,0.037037037037037035,26,26,TTGAATTCATATCTACTGCA,0,3100812
rcsBp2,0.037037037037037035,26,26,TGGGCCTACACTCTAGCACA,0,3091673
rcsBp2,0.037037037037037035,26,26,TCGGGGCCGCGATTTGATTG,0,3081980
rcsBp2,0.037037037037037035,26,26,TCACATGTTTTGTTAAGGAA,0,3074541
rcsBp2,0.037037037037037035,26,26,GTTTGATAAGTTAGAGTGTG,0,3114406
rcsBp2,0.037037037037037035,26,26,GTGGCGTCATGGCTTCATTC,0,3119143
rcsBp2,0.037037037037037035,26,26,GGGTTTACGCCTGCGGATGT,0,3075912
rcsBp2,0.037037037037037035,26,26,GGGAATCTATCCTAGTTTAT,0,3085233
rcsBp2,0.037037037037037035,26,26,GGAGGATTACCATGCTGCAT,0,3099672
rcsBp2,0.037037037037037035,26,26,GCTGCAGCTGCTTGCCGAGC,0,3089961
rcsBp2,0.037037037037037035,26,26,GCTCCTTCAGTCATAAGCCA,0,3078347
rcsBp2,0.037037037037037035,26,26,CTGTCGAAAAATGGAAGTGA,0,3095213
rcsBp2,0.037037037037037035,26,26,CTGTAAGCCTCTGGGTAGTA,0,3082079
rcsBp2,0.037037037037037035,26,26,CTGGCATTAACAGGCGGTTC,0,3076076
rcsBp2,0.037037037037037035,26,26,CTCCGTATTCCGCAAGAACG,0,3089955
rcsBp2,0.037037037037037035,26,26,CGGGCTAGCTGTCTCTTCTG,0,3122852
rcsBp2,0.037037037037037035,26,26,CGGGAGCTGTATCATACCAC,0,3077894
rcsBp2,0.037037037037037035,26,26,CATGACAAGAAGCGGACAGA,0,3091543
rcsBp2,0.037037037037037035,26,26,CATCCTTCTTCCAATCCATG,0,3112416
rcsBp2,0.037037037037037035,26,26,ATTCGGGGGTACTTCATTTC,0,3081716
rcsBp2,0.037037037037037035,26,26,ATGTAATTAAAAAGGTCTCG,0,3084701
rcsBp2,0.037037037037037035,26,26,ATCAATATTTGAAGCCGACA,0,3076547
rcsBp2,0.037037037037037035,26,26,ATACCTTCTCGTGTGCTTTA,0,3108887
rcsBp2,0.037037037037037035,26,26,AGGGTGTGGTGATAAAACAA,0,3106174
rcsBp2,0.037037037037037035,26,26,AGAAGTAACGAGGGGGACCA,0,3093874
rcsBp2,0.037037037037037035,26,26,ACATTGAATCCTCCGGCAAA,0,3098901
rcsBp2,0.037037037037037035,26,26,ACAAGGTCGTCGTCAAGCGA,0,3091085
rcsBp2,0.037037037037037035,26,26,AAGTTTCTTACTTGACCTGA,0,3080947
rcsBp2,0.037037037037037035,26,26,AAGTGGACGCGAATGAGAAG,0,3111251
rcsBp2,0.037037037037037035,26,26,AAAGAACGATTACCGTTAGG,0,3103265
rcsBp2,0.038461538461538464,25,25,TTTTCACCCATATGTTATCT,0,3116450
rcsBp2,0.038461538461538464,25,25,TTTTATTCATCCCCCGCCGA,0,3092861
rcsBp2,0.038461538461538464,25,25,TTTAGTGTTGTCTCTCCTGA,0,3092501
rcsBp2,0.038461538461538464,25,25,TTCGAGAGAAAGTCGTCTAA,0,3098793
rcsBp2,0.038461538461538464,25,25,TGTGACCGGCATCAGGTGCC,0,3084714
rcsBp2,0.038461538461538464,25,25,TGCGCGCACGCATTGATTGG,0,3096942
rcsBp2,0.038461538461538464,25,25,TCATATGACGAGGAGGTTCG,0,3090624
rcsBp2,0.038461538461538464,25,25,TCAGTAGGAGAATAGCCACA,0,3105381
rcsBp2,0.038461538461538464,25,25,TATAAAAGACCTTTCCGGTT,0,3116107
rcsBp2,0.038461538461538464,25,25,TAGGCGTCAAAGGAGGTCTA,0,3094101
rcsBp2,0.038461538461538464,25,25,TAATGGGCCATTAGGTGTGC,0,3096286
rcsBp2,0.038461538461538464,25,25,GTTTGCGTGCTTAGCCCCAA,0,3098115
rcsBp2,0.038461538461538464,25,25,GTTACGAGTTTCTTAGTTCG,0,3085153
rcsBp2,0.038461538461538464,25,25,GTGTGGGTCCAGCTACGGAT,0,3083081
rcsBp2,0.038461538461538464,25,25,GTCGTTGGGAATCCCACTCG,0,3098325
rcsBp2,0.038461538461538464,25,25,GTAACGCGATGAGGGGAGCA,0,3082639
rcsBp2,0.038461538461538464,25,25,GTAACCGCGGCCGTATTCTT,0,3112802
rcsBp2,0.038461538461538464,25,25,GGATAGCTCACGTAAGGACG,0,3077896
rcsBp2,0.038461538461538464,25,25,GGACCGTCTGATGCCGCTAG,0,3110482
rcsBp2,0.038461538461538464,25,25,GCGCGCGAGAGTATGCGTCT,0,3110589
rcsBp2,0.038461538461538464,25,25,GCGCAAGTGATGTCCCAGAA,0,3074249
rcsBp2,0.038461538461538464,25,25,GAGATCTGATGCATCTGACT,0,3119831
rcsBp2,0.038461538461538464,25,25,GACGTCGCGGAAACTACCGA,0,3099503
rcsBp2,0.038461538461538464,25,25,GACATGTCCACACCTCTGAA,0,3105761
rcsBp2,0.038461538461538464,25,25,GAAGTGGCCTTAGGGATATT,0,3079178
rcsBp2,0.038461538461538464,25,25,GAAATCACACTGTAATACTT,0,3099478
rcsBp2,0.038461538461538464,25,25,CTTTTGTTCAACCTCATGCT,0,3085883
rcsBp2,0.038461538461538464,25,25,CTGTCGTGGTTAGATCGTCC,0,3096805
rcsBp2,0.038461538461538464,25,25,CTAGTCTCGACTGAAACGGG,0,3110848
rcsBp2,0.038461538461538464,25,25,CTACTTTCTAAGTCATGTAG,0,3094847
rcsBp2,0.038461538461538464,25,25,CTACGGGTTTAGAGTGAGAC,0,3078321
rcsBp2,0.038461538461538464,25,25,CTACAGTCGGGCATGCCCTC,0,3114481
rcsBp2,0.038461538461538464,25,25,CGGTTTTCCACCAGGGCTTA,0,3080008
rcsBp2,0.038461538461538464,25,25,CGCGCAATGATTGAGGCGAT,0,3078712
rcsBp2,0.038461538461538464,25,25,CCGAGGGCCACGCGGTAAAG,0,3098662
rcsBp2,0.038461538461538464,25,25,CCCGCCACCAGAGATGTCCG,0,3078280
rcsBp2,0.038461538461538464,25,25,CCAGGCGGCCTCTGGGAATG,0,3082376
rcsBp2,0.038461538461538464,25,25,CATTGTGCGTGTTGGAACAG,0,3083402
rcsBp2,0.038461538461538464,25,25,CATGCGTGTCCGCGTATGGT,0,3078954
rcsBp2,0.038461538461538464,25,25,CAGACGCTATGAACTTCGTA,0,3076966
rcsBp2,0.038461538461538464,25,25,CACTTTGGGAGCTATACAAC,0,3111334
rcsBp2,0.038461538461538464,25,25,CACAAGCAAATATGGCAAAC,0,3111205
rcsBp2,0.038461538461538464,25,25,CAAGATAGGTCCTCTTCCCA,0,3084919
rcsBp2,0.038461538461538464,25,25,ATACCTAGTCTCGAAGTAGC,0,3077161
rcsBp2,0.038461538461538464,25,25,ATACCAGCCAAGAATCCAAT,0,3098776
rcsBp2,0.038461538461538464,25,25,AGTTGCGCCCTTCTGCGGCA,0,3118214
rcsBp2,0.038461538461538464,25,25,ACCCCGACGTCCTACGCAAG,0,3097855
rcsBp2,0.038461538461538464,25,25,AAGCTGGTTGATGCAGGACC,0,3109225
rcsBp2,0.038461538461538464,25,25,AACCTCTCGACTAGGGCCGT,0,3097190
rcsBp2,0.038461538461538464,25,25,AACCACTTTGGTTTAAGTTC,0,3115700
rcsBp2,0.04,24,24,TTTTGGACATGCCTACTCGT,0,3079304
rcsBp2,0.04,24,24,TTTATGGACTTGTCAGGCCG,0,3098455
rcsBp2,0.04,24,24,TTCGGTACAATAGTCACCTC,0,3089149
rcsBp2,0.04,24,24,TGTGGTTCGATCTGCAATTG,0,3093470
rcsBp2,0.04,24,24,TCTTGTGAAAAAGATGACGA,0,3118805
rcsBp2,0.04,24,24,TACACGGACATTCCTAGTCC,0,3110533
rcsBp2,0.04,24,24,GTTCCAGTTAACCCAGCGCA,0,3076477
rcsBp2,0.04,24,24,GTCCCATGGGCTGAACTTCG,0,3106861
rcsBp2,0.04,24,24,GGTAGGCATCTTGAAGAGGG,0,3074239
rcsBp2,0.04,24,24,GCCTATTAATAGTAGGGAGC,0,3119058
rcsBp2,0.04,24,24,GCATTAAGGCTTCGGGTGAA,0,3082826
rcsBp2,0.04,24,24,GATAGCGCGTAGATTTTGAA,0,3082985
rcsBp2,0.04,24,24,GAGTCTGGCCGACAATGATA,0,3102408
rcsBp2,0.04,24,24,GACTTCACGTAGTCATGCTA,0,3102746
rcsBp2,0.04,24,24,GACAGCCCAGCTCAGGACTA,0,3089232
rcsBp2,0.04,24,24,GAATAGTGTTTAAACTACTG,0,3106305
rcsBp2,0.04,24,24,CTTAATGCCCACAGTCGAAG,0,3077912
rcsBp2,0.04,24,24,CTCCAGCATATGCTCTTTAG,0,3084595
rcsBp2,0.04,24,24,CGTGGAAACTCGCGTCCGTC,0,3099730
rcsBp2,0.04,24,24,CGTCTAGGCTATCCCGTGTC,0,3098041
rcsBp2,0.04,24,24,CGAGCTTAGGATACTAATCC,0,3092056
rcsBp2,0.04,24,24,CGAATTTTGACGGGTATGGG,0,3099860
rcsBp2,0.04,24,24,CCGTCGCAGCCGAAAAAAAT,0,3083003
rcsBp2,0.04,24,24,CAGGTTGTATTCGTTGCCAG,0,3075146
rcsBp2,0.04,24,24,CACGTCGGGGAATAGCTAAG,0,3108370
rcsBp2,0.04,24,24,ATTGTTCAGAAGTTCGTTTC,0,3094610
rcsBp2,0.04,24,24,ATCTCTGCTAAATTTGGGTA,0,3082219
rcsBp2,0.04,24,24,ATCCTACACAGGGCAGCATC,0,3100082
rcsBp2,0.04,24,24,ATAATATCGACGATAGACAA,0,3109914
rcsBp2,0.04,24,24,AGGGGAATTCAGCTCAGTCT,0,3119964
rcsBp2,0.04,24,24,AGGATCAAGCTCGCTTGTAG,0,3107899
rcsBp2,0.04,24,24,AGAATATGGACAAGGACAAC,0,3101056
rcsBp2,0.04,24,24,ACGGCAAGCGGTCCCCGAGT,0,3083129
rcsBp2,0.04,24,24,AAATCGTCTCTGGGCAGTGA,0,3117395
rcsBp2,0.041666666666666664,23,23,TTTTAATTTACACGCCATCA,0,3111710
rcsBp2,0.041666666666666664,23,23,TTCCATTGATACAGACGACT,0,3088348
rcsBp2,0.041666666666666664,23,23,TGTGGGGTCACCTATTTAAA,0,3110447
rcsBp2,0.041666666666666664,23,23,TGTGCGGGCACTTGAACGCT,0,3105332
rcsBp2,0.041666666666666664,23,23,TGGCACATAAAAGAACTCTG,0,3088353
rcsBp2,0.041666666666666664,23,23,TGATGTTGCCACACTTTACG,0,3074285
rcsBp2,0.041666666666666664,23,23,TCAGTGCACGGTTATATTTG,0,3115525
rcsBp2,0.041666666666666664,23,23,TCAAGGGATCTTTCCATATC,0,3092906
rcsBp2,0.041666666666666664,23,23,TATGCAACCGAAGCGCCATA,0,3096830
rcsBp2,0.041666666666666664,23,23,TAGCACCACGGCAGTTCCAT,0,3112784
rcsBp2,0.041666666666666664,23,23,GTTACGGGTCCGGAGCATGA,0,3091482
rcsBp2,0.041666666666666664,23,23,GGTTGTACTAGCCTAGAACA,0,3122348
rcsBp2,0.041666666666666664,23,23,GGTGCCTCAGCAGGATTTCG,0,3094718
rcsBp2,0.041666666666666664,23,23,GGTAGATGGATATTCGGTTT,0,3112850
rcsBp2,0.041666666666666664,23,23,GGGTTGGCGGGATCAGTGTG,0,3106486
rcsBp2,0.041666666666666664,23,23,GGCTAAAAACTATGTTAATC,0,3112131
rcsBp2,0.041666666666666664,23,23,GCCTGTTGATTCTCATTAGT,0,3076456
rcsBp2,0.041666666666666664,23,23,GCCGAGTGCCAGCATAGCCG,0,3105738
rcsBp2,0.041666666666666664,23,23,GATTAGACCCTGCGATTCGT,0,3119544
rcsBp2,0.041666666666666664,23,23,GAGGACGGTAAAACTATCTT,0,3113323
rcsBp2,0.041666666666666664,23,23,GACCTCCGTCTGCCCCATGA,0,3085436
rcsBp2,0.041666666666666664,23,23,GAATTCGCGTTCACGTAGTG,0,3114944
rcsBp2,0.041666666666666664,23,23,CTGTACACCGAACAGTATGT,0,3084782
rcsBp2,0.041666666666666664,23,23,CTGGTAATTGCAGCCTAGAG,0,3085060
rcsBp2,0.041666666666666664,23,23,CTGACGTCACATGGGCGGCG,0,3095256
rcsBp2,0.041666666666666664,23,23,CTCTCGTTTGACCACATAGA,0,3103659
rcsBp2,0.041666666666666664,23,23,CTATTGCAACCATGGTCCAC,0,3107548
rcsBp2,0.041666666666666664,23,23,CTAGCATGCGGGCGGAGCGA,0,3090459
rcsBp2,0.041666666666666664,23,23,CTAAGGAAGGTTGCCGTTAG,0,3110202
rcsBp2,0.041666666666666664,23,23,CGTGACGATGTAGGCCACAG,0,3084499
rcsBp2,0.041666666666666664,23,23,CGGGAAGACCCTCGGTCGCA,0,3108790
rcsBp2,0.041666666666666664,23,23,CGCTCAAGTCTGTTTGAAAG,0,3076054
rcsBp2,0.041666666666666664,23,23,CCAAGTAAGTTGGGTCTGCG,0,3111494
rcsBp2,0.041666666666666664,23,23,CATGTGAACGCTAGCATGTC,0,3120168
rcsBp2,0.041666666666666664,23,23,CAGCACAATTAGGAGAACAT,0,3097108
rcsBp2,0.041666666666666664,23,23,CACGTGTATGCCCAACGTTA,0,3111508
rcsBp2,0.041666666666666664,23,23,CACAGGGCATTGAGCTTACA,0,3100473
rcsBp2,0.041666666666666664,23,23,ATGGTATTTCTGAGTAGTAA,0,3115538
rcsBp2,0.041666666666666664,23,23,ATCGGCCCGCAATAAAGCAT,0,3077169
rcsBp2,0.041666666666666664,23,23,AGGTTTAACTTCCCTGGAAG,0,3104471
rcsBp2,0.041666666666666664,23,23,AGGTCGAGGACGCAACGGCA,0,3118904
rcsBp2,0.041666666666666664,23,23,AGCTTATTGGTACGAGTAAC,0,3115558
rcsBp2,0.041666666666666664,23,23,ACACGTTACTGATGATGGAG,0,3114457
rcsBp2,0.041666666666666664,23,23,AACATCCCGGGCCATTGATG,0,3092594
rcsBp2,0.041666666666666664,23,23,AACACCGATCGTTAGACTTT,0,3112933
rcsBp2,0.043478260869565216,22,22,TTCAACTTTCAGATCACCCA,0,3091424
rcsBp2,0.043478260869565216,22,22,TGTTACGCAGTCCGGAGATC,0,3093662
rcsBp2,0.043478260869565216,22,22,TGGAACTATAGTTCTCTAAC,0,3091806
rcsBp2,0.043478260869565216,22,22,TCTTATCGAAGTATGATCCC,0,3091552
rcsBp2,0.043478260869565216,22,22,TCGTCCTTCTTAATCGACCC,0,3094637
rcsBp2,0.043478260869565216,22,22,TACTGTGATAGTGCTCCTGG,0,3088058
rcsBp2,0.043478260869565216,22,22,GTTTTCGGCATCCAGGAATA,0,3104701
rcsBp2,0.043478260869565216,22,22,GTTGTTACCCACTTATCTAA,0,3080886
rcsBp2,0.043478260869565216,22,22,GTTGCAACTATGGCTAGGGC,0,3080195
rcsBp2,0.043478260869565216,22,22,GTGGCGCTCATCCGCCATGC,0,3084467
rcsBp2,0.043478260869565216,22,22,GTGCCCCCTGCTGCGAGTCC,0,3096466
rcsBp2,0.043478260869565216,22,22,GTCCGTACCCCTTTGTGTTA,0,3100782
rcsBp2,0.043478260869565216,22,22,GTCCGGATTTGCTAACCCAT,0,3094858
rcsBp2,0.043478260869565216,22,22,GTCATCTAGACTAACCCTGA,0,3103663
rcsBp2,0.043478260869565216,22,22,GGGTCCCAATAGCGATTTAG,0,3080734
rcsBp2,0.043478260869565216,22,22,GGCGTTAAACGGCATCTTGA,0,3075492
rcsBp2,0.043478260869565216,22,22,GGAGTCCTCCTGCAGTGGGA,0,3110212
rcsBp2,0.043478260869565216,22,22,GGACACGCCTCTTTCCAGCC,0,3103628
rcsBp2,0.043478260869565216,22,22,GGAACAACGGACTCTTGAAC,0,3119269
rcsBp2,0.043478260869565216,22,22,GCGGTCCGTCGCGTGTGAAC,0,3097830
rcsBp2,0.043478260869565216,22,22,GCGCCTATTTCTAATCTGCG,0,3091277
rcsBp2,0.043478260869565216,22,22,GCATGGCCCTTAGCTACGTC,0,3107194
rcsBp2,0.043478260869565216,22,22,GCAAGGTTGCGTTACAAACG,0,3106138
rcsBp2,0.043478260869565216,22,22,GAAGCTTGGGTTATCCTACC,0,3098590
rcsBp2,0.043478260869565216,22,22,GAAAGTTGGCCTGAGAGAAA,0,3117058
rcsBp2,0.043478260869565216,22,22,CTGGGAGAAGCGCCGTCCGT,0,3076425
rcsBp2,0.043478260869565216,22,22,CTGGCGGTGCATTAGGGACA,0,3116328
rcsBp2,0.043478260869565216,22,22,CTGCGTCTAAAGAAGTGCAT,0,3103087
rcsBp2,0.043478260869565216,22,22,CTGCAGTTGTTTTGAGGTTC,0,3118216
rcsBp2,0.043478260869565216,22,22,CTCCGCGGACCAAGTACCGC,0,3093762
rcsBp2,0.043478260869565216,22,22,CGTTCATCATGGCAAACAGC,0,3096363
rcsBp2,0.043478260869565216,22,22,CGTCGGGCGTAGCGTTTGAT,0,3092878
rcsBp2,0.043478260869565216,22,22,CGGCATATAATGGGTTCGAT,0,3107670
rcsBp2,0.043478260869565216,22,22,CGCGGAATTTAGCTACGGCT,0,3080740
rcsBp2,0.043478260869565216,22,22,CGCGATCGGTTAAAGGAAGG,0,3118692
rcsBp2,0.043478260869565216,22,22,CGACCCTAGCTCTTGAAGAA,0,3093868
rcsBp2,0.043478260869565216,22,22,CGAAAAGGCGTGTCCAGCCA,0,3105090
rcsBp2,0.043478260869565216,22,22,CCTTCGAGCAAGCCACCAAG,0,3111373
rcsBp2,0.043478260869565216,22,22,CCGCTGGTAACCGGAAGGGT,0,3119644
rcsBp2,0.043478260869565216,22,22,CCAAGTGCGGAACCGCTCGA,0,3084162
rcsBp2,0.043478260869565216,22,22,CATTTCTGATAATTTCACTG,0,3110161
rcsBp2,0.043478260869565216,22,22,CATGACGTCAGAGGAGAAGC,0,3107538
rcsBp2,0.043478260869565216,22,22,CAGGGGGATGTCCGGCTTCC,0,3105469
rcsBp2,0.043478260869565216,22,22,CAGACATTACTTGGTTGCGT,0,3119305
rcsBp2,0.043478260869565216,22,22,CACCTGATTGCACCACGGAG,0,3112385
rcsBp2,0.043478260869565216,22,22,CAATCACATGGCGCGATTTA,0,3096910
rcsBp2,0.043478260869565216,22,22,ATGCCACGGCCCTGGCAATG,0,3109186
rcsBp2,0.043478260869565216,22,22,ATCACCGCCCGTCCAGACTT,0,3102027
rcsBp2,0.043478260869565216,22,22,ATAGTATGGAGAACGAAGTA,0,3093942
rcsBp2,0.043478260869565216,22,22,ATACGTAGTCATGCGCACCT,0,3092214
rcsBp2,0.043478260869565216,22,22,AGGCGGTGGTCGGCTTGGAT,0,3079120
rcsBp2,0.043478260869565216,22,22,AGCATATTTTGCGCCTCAGC,0,3081646
rcsBp2,0.043478260869565216,22,22,ACCTGAGGACGGTGCATTTC,0,3080452
rcsBp2,0.043478260869565216,22,22,AAGTAGGGTCCTTGTGTTCA,0,3087716
rcsBp2,0.043478260869565216,22,22,AAGGCAGGAGTACATGACAG,0,3118186
rcsBp2,0.043478260869565216,22,22,AAACGCGTTTTATCAACTAT,0,3105848
rcsBp2,0.045454545454545456,21,21,TTTGTATGATTAAACGCTTA,0,3082372
rcsBp2,0.045454545454545456,21,21,TTGTTTTTGGGTGCCCTCTG,0,3097962
rcsBp2,0.045454545454545456,21,21,TTCTTGATTTTGTTCTAGGT,0,3087986
rcsBp2,0.045454545454545456,21,21,TTCTGGAAATGACACTACAT,0,3097985
rcsBp2,0.045454545454545456,21,21,TTCATGCCTTTAGTGACTCA,0,3080380
rcsBp2,0.045454545454545456,21,21,TTACTCGTAAGGCAGACGTG,0,3121998
rcsBp2,0.045454545454545456,21,21,TGGTTCATAGCACCTGCCGA,0,3086172
rcsBp2,0.045454545454545456,21,21,TGGCCGGTACAGGTGTGATG,0,3084956
rcsBp2,0.045454545454545456,21,21,TGACAAAAGGTGGAACTCGG,0,3092607
rcsBp2,0.045454545454545456,21,21,TCTTTATGTGTCGGCAATGT,0,3112015
rcsBp2,0.045454545454545456,21,21,TCTGGCACGTGTCTGCCTTA,0,3095618
rcsBp2,0.045454545454545456,21,21,TCTAGGCGGCAAGTCGTACA,0,3102415
rcsBp2,0.045454545454545456,21,21,TCGCCGCCAACCTGGACGAT,0,3099593
rcsBp2,0.045454545454545456,21,21,TCCTAAGTCATGCTATCGGA,0,3118977
rcsBp2,0.045454545454545456,21,21,TATTGAAAGTTATCGCATCC,0,3085539
rcsBp2,0.045454545454545456,21,21,TATACAAAACCGTCCCTGCT,0,3104152
rcsBp2,0.045454545454545456,21,21,TAGGGCGACACCAAAGGGCG,0,3086506
rcsBp2,0.045454545454545456,21,21,TAGGGACTTAGCGCAAATTG,0,3087396
rcsBp2,0.045454545454545456,21,21,TAAGGATCGGGTTATCGAAA,0,3119845
rcsBp2,0.045454545454545456,21,21,GTTTATCTACATCCCGCCTG,0,3093594
rcsBp2,0.045454545454545456,21,21,GTTAGGTCATTTCACCGTAT,0,3111630
rcsBp2,0.045454545454545456,21,21,GGTTGGCGCTAATTGCCTGC,0,3097811
rcsBp2,0.045454545454545456,21,21,GGTGAGCAGCTATGCACGAC,0,3089556
rcsBp2,0.045454545454545456,21,21,GGTCGGCTCGGTCAGGATGT,0,3114905
rcsBp2,0.045454545454545456,21,21,GGTCCTTTAGTTGGCTCCAA,0,3078443
rcsBp2,0.045454545454545456,21,21,GGTACGTTGCCTTAGGGCCT,0,3077135
rcsBp2,0.045454545454545456,21,21,GGCTGGAAGGGGGTCGTGAT,0,3084018
rcsBp2,0.045454545454545456,21,21,GGCCAGGGACGATCTGCTTC,0,3112378
rcsBp2,0.045454545454545456,21,21,GGATTAAGCATCGCAACCAT,0,3106830
rcsBp2,0.045454545454545456,21,21,GGAGGATAGCTACTGCTGAA,0,3079014
rcsBp2,0.045454545454545456,21,21,GGACCCTCCCACTCATTGTA,0,3093377
rcsBp2,0.045454545454545456,21,21,GGAAGGTCCAGCAGTCAATT,0,3118082
rcsBp2,0.045454545454545456,21,21,GCTTTCATAAATGTCTCAAT,0,3117021
rcsBp2,0.045454545454545456,21,21,GCTACGTTGTTTAGAAACGT,0,3086615
rcsBp2,0.045454545454545456,21,21,GCGCGCGATTCGACCGCGTA,0,3091677
rcsBp2,0.045454545454545456,21,21,GCCCTACTCGGATAGAACGA,0,3120921
rcsBp2,0.045454545454545456,21,21,GCCCGGTCCTATTTAAATCA,0,3114709
rcsBp2,0.045454545454545456,21,21,GCACATGGGCCAGACGGTGT,0,3091888
rcsBp2,0.045454545454545456,21,21,GAGCCACGACAACGGTGATG,0,3085329
rcsBp2,0.045454545454545456,21,21,CTTTCTGAACGCACAGGCGT,0,3080775
rcsBp2,0.045454545454545456,21,21,CTGGATTAACCACCCAGAAC,0,3100678
rcsBp2,0.045454545454545456,21,21,CTCGGGTAAGTATATTGACA,0,3118446
rcsBp2,0.045454545454545456,21,21,CTCCGGGTTACTTGCGGTCG,0,3099371
rcsBp2,0.045454545454545456,21,21,CTAGAATCCCTGGAAAGATC,0,3094447
rcsBp2,0.045454545454545456,21,21,CTACGCATTTGCCATCGTTT,0,3092457
rcsBp2,0.045454545454545456,21,21,CTACATTTCCGAATTTGCAT,0,3076946
rcsBp2,0.045454545454545456,21,21,CGTTTTTCCAATTCGTTAGT,0,3074240
rcsBp2,0.045454545454545456,21,21,CGTATGTTATATCGCAAGCT,0,3103807
rcsBp2,0.045454545454545456,21,21,CGGGGCAGTATCCAACGATA,0,3090554
rcsBp2,0.045454545454545456,21,21,CGCATAGTACATCCACTTAT,0,3106050
rcsBp2,0.045454545454545456,21,21,CCTTACATCTTTAAGGCTAG,0,3075627
rcsBp2,0.045454545454545456,21,21,CCTGGGCTCTTGGTATTGGA,0,3107814
rcsBp2,0.045454545454545456,21,21,CCTACCATCTGCGTTGATAT,0,3117166
rcsBp2,0.045454545454545456,21,21,CCCCCTCTTTGGTAGTATGG,0,3085771
rcsBp2,0.045454545454545456,21,21,CATGCCGTCGCGAAACCCGA,0,3077895
rcsBp2,0.045454545454545456,21,21,CACTTGGAGTCCTCTACAGG,0,3114703
rcsBp2,0.045454545454545456,21,21,CACGGTGTTTAACTTATTAT,0,3079185
rcsBp2,0.045454545454545456,21,21,CAATATACTAAGAGACTGCG,0,3117308
rcsBp2,0.045454545454545456,21,21,CAAGGAGACTGCACGGAGAT,0,3120105
rcsBp2,0.045454545454545456,21,21,CAAGATAGTGGGACTATGCG,0,3090854
rcsBp2,0.045454545454545456,21,21,CAACGAGGCTGTTCTACCAC,0,3098559
rcsBp2,0.045454545454545456,21,21,ATTTAACCCGCTTACTACAT,0,3099250
rcsBp2,0.045454545454545456,21,21,ATTCCTTTGGAACCTCAGTG,0,3084765
rcsBp2,0.045454545454545456,21,21,ATTACCACCCGTACGTTCAG,0,3078152
rcsBp2,0.045454545454545456,21,21,ATGTGAGATCCGCCAGCTGG,0,3115884
rcsBp2,0.045454545454545456,21,21,ATGTCGGTGTTCCTTGGCGA,0,3094681
rcsBp2,0.045454545454545456,21,21,ATGCAGGGCCTGATGCCTTT,0,3084728
rcsBp2,0.045454545454545456,21,21,ATGATGTGGCAGAGTCGGGA,0,3109727
rcsBp2,0.045454545454545456,21,21,ATAGTTTCGTGACACTAACT,0,3098078
rcsBp2,0.045454545454545456,21,21,AGTGGCGAGGCTTGCGCAAT,0,3081973
rcsBp2,0.045454545454545456,21,21,AGTGAGGATCTGCGTCCATC,0,3079799
rcsBp2,0.045454545454545456,21,21,AGTAGTAATTGAAAGATGAA,0,3097304
rcsBp2,0.045454545454545456,21,21,AGGCACTGCGCCTTATGTAT,0,3113455
rcsBp2,0.045454545454545456,21,21,AGCATCATATCCAATGGGGA,0,3119676
rcsBp2,0.045454545454545456,21,21,ACTTGGTTTACAGACGGTAG,0,3113494
rcsBp2,0.045454545454545456,21,21,ACGTGTCGAGAATCCGACAC,0,3097359
rcsBp2,0.045454545454545456,21,21,ACATGAAGCGCACTAGCGAT,0,3084972
rcsBp2,0.045454545454545456,21,21,AAGGGCACGACAGTTCAGTT,0,3080509
rcsBp2,0.045454545454545456,21,21,AACGAGTATACTCAGTAGAT,0,3096551
rcsBp2,0.047619047619047616,20,20,TTATTAAAATCCATAACAGG,0,3093301
rcsBp2,0.047619047619047616,20,20,TTATAACCGCGATGCGATAT,0,3094412
rcsBp2,0.047619047619047616,20,20,TTACTGGATTTAAGCGGATC,0,3094849
rcsBp2,0.047619047619047616,20,20,TTACCGTCGTAAAGCCGTGC,0,3100741
rcsBp2,0.047619047619047616,20,20,TTAATTACGAGAGCGGGCAT,0,3074566
rcsBp2,0.047619047619047616,20,20,TGATAATCGTGGGAGGTCGT,0,3106290
rcsBp2,0.047619047619047616,20,20,TGAATTGACGGTGGTCATAA,0,3104166
rcsBp2,0.047619047619047616,20,20,TCGTCAGCCTGGCATCGCAT,0,3108576
rcsBp2,0.047619047619047616,20,20,TCGGAGATACTCTTTAATAT,0,3102758
rcsBp2,0.047619047619047616,20,20,TATGGTCCCGGCCCCTCGGC,0,3085411
rcsBp2,0.047619047619047616,20,20,TACTTCTCACCTATGCGAGT,0,3074292
rcsBp2,0.047619047619047616,20,20,TACTCGCCATACAGCTTCTA,0,3107125
rcsBp2,0.047619047619047616,20,20,TAATCGAAATTGATTTAATC,0,3107434
rcsBp2,0.047619047619047616,20,20,TAAGACCTCCTGCCGTAGTA,0,3076837
rcsBp2,0.047619047619047616,20,20,GGGTCGCTGTGGCAACACAC,0,3103775
rcsBp2,0.047619047619047616,20,20,GGGATTCGCACAATTCGAGC,0,3116288
rcsBp2,0.047619047619047616,20,20,GGGAGATGCTTGATATGTCT,0,3115129
rcsBp2,0.047619047619047616,20,20,GGCTCACTCGAGGAACTTTT,0,3109138
rcsBp2,0.047619047619047616,20,20,GGCGACTTTTGAATGTCATC,0,3105397
rcsBp2,0.047619047619047616,20,20,GGCCTAGTGGTGTGAGAATG,0,3096211
rcsBp2,0.047619047619047616,20,20,GGACTGTCATCAATAGCACA,0,3087907
rcsBp2,0.047619047619047616,20,20,GCTGACGACGGTTTGGTGGT,0,3109855
rcsBp2,0.047619047619047616,20,20,GCCTCATACTTAATAAGGCT,0,3090486
rcsBp2,0.047619047619047616,20,20,GCCGGGGTCTCTCCAAGATA,0,3080196
rcsBp2,0.047619047619047616,20,20,GCAGGTTCGCCGGCGTATTG,0,3109858
rcsBp2,0.047619047619047616,20,20,GATTGCCCCTGTCCTAAACT,0,3086802
rcsBp2,0.047619047619047616,20,20,GATGCAGGCTGGGTTCGTGT,0,3102913
rcsBp2,0.047619047619047616,20,20,GATCTGTACTACTCGCCACA,0,3093666
rcsBp2,0.047619047619047616,20,20,GATCGCTGTAAGAACGGTAG,0,3106807
rcsBp2,0.047619047619047616,20,20,CTTTGGTTTAAGGAGCATTG,0,3075924
rcsBp2,0.047619047619047616,20,20,CTCTATATCAGCGCATTCTC,0,3086159
rcsBp2,0.047619047619047616,20,20,CTCGACATCAGCGGCTCCCA,0,3119589
rcsBp2,0.047619047619047616,20,20,CTCAGGGTCAATCGGGATTC,0,3087591
rcsBp2,0.047619047619047616,20,20,CGTTGTCCTATTGGGGAAGC,0,3103969
rcsBp2,0.047619047619047616,20,20,CGTACACCCGGGCGTTTGCA,0,3106338
rcsBp2,0.047619047619047616,20,20,CGGTTTATGTCCCCGAACCA,0,3117864
rcsBp2,0.047619047619047616,20,20,CGGGTATAATTTCCACGGCA,0,3095897
rcsBp2,0.047619047619047616,20,20,CGGAATAAGTTGGAATTCGT,0,3095031
rcsBp2,0.047619047619047616,20,20,CGATTGGTAGCGACTGTAAC,0,3100302
rcsBp2,0.047619047619047616,20,20,CGACATCAGCTGCATCGGAC,0,3089537
rcsBp2,0.047619047619047616,20,20,CGAATGTTTATATGAAAGGC,0,3100604
rcsBp2,0.047619047619047616,20,20,CCTAGAGTGGTACCTTAAAG,0,3079399
rcsBp2,0.047619047619047616,20,20,CCTACGCCCAATGAAATATG,0,3083620
rcsBp2,0.047619047619047616,20,20,CCGCCACAGGTCTCCGAGTT,0,3077373
rcsBp2,0.047619047619047616,20,20,CCCTCGGCAGGCAAGCCGAT,0,3105991
rcsBp2,0.047619047619047616,20,20,CCACACGACCAGTTGTCGTG,0,3114059
rcsBp2,0.047619047619047616,20,20,CATGGTACGTTCGACCAGTC,0,3108118
rcsBp2,0.047619047619047616,20,20,CATGCGTGTGTTTCAAATTA,0,3078630
rcsBp2,0.047619047619047616,20,20,CAACGAGCTTCGTGGGTCAT,0,3121884
rcsBp2,0.047619047619047616,20,20,ATTAGGGATAAAATCTTCGT,0,3086551
rcsBp2,0.047619047619047616,20,20,ATGCTGGATTAGTATGCTTC,0,3079401
rcsBp2,0.047619047619047616,20,20,ATGCATGAGGAGGACACTGT,0,3116736
rcsBp2,0.047619047619047616,20,20,ATGCAGAGACCTTATAAGCC,0,3117070
rcsBp2,0.047619047619047616,20,20,ATCTCTTTCTCCGCACAAGT,0,3091588
rcsBp2,0.047619047619047616,20,20,ATCTACCCACGGGGTGTTGT,0,3086026
rcsBp2,0.047619047619047616,20,20,ATATGTCGTCCAGTGATTGT,0,3096318
rcsBp2,0.047619047619047616,20,20,ATAGGACAGGACTCGGGTAG,0,3074787
rcsBp2,0.047619047619047616,20,20,AGTTATTCTCGGGCAGTGGG,0,3100690
rcsBp2,0.047619047619047616,20,20,AGGGTTTGAAGCCAACCTGA,0,3103396
rcsBp2,0.047619047619047616,20,20,AGCGCGCATTTACCCGGTAT,0,3086280
rcsBp2,0.047619047619047616,20,20,AGCCCCATACAACCTGCGTA,0,3075436
rcsBp2,0.047619047619047616,20,20,AGATAGTCGGCTGGCCCTCC,0,3079714
rcsBp2,0.047619047619047616,20,20,ACTATTGCTTAGGCATAGCC,0,3083452
rcsBp2,0.047619047619047616,20,20,ACGCATGTTCTATCTAAGCA,0,3095901
rcsBp2,0.047619047619047616,20,20,ACCGGTGCTAGTCTGAAGGA,0,3115481
rcsBp2,0.047619047619047616,20,20,ACCGAGGGAAGTAGGATGTT,0,3096686
rcsBp2,0.047619047619047616,20,20,ACATCGCGTCATTGTTCACA,0,3111970
rcsBp2,0.047619047619047616,20,20,ACATCGAGTTAGCCTACAGT,0,3098727
rcsBp2,0.047619047619047616,20,20,ACAGACACGTGAGACTACAA,0,3084329
rcsBp2,0.047619047619047616,20,20,AATTATGGCCCGTACGACGA,0,3105193
rcsBp2,0.047619047619047616,20,20,AAAGCAATCTTGTTTATCTA,0,3101843
rcsBp2,0.05,19,19,TTTGTCCCTGTGGCCGCGCG,0,3091061
rcsBp2,0.05,19,19,TTGGTCGGTATAAACCAACT,0,3121990
rcsBp2,0.05,19,19,TTGCGGGTATAAATACATGG,0,3095182
rcsBp2,0.05,19,19,TTGCAACAGCCTATAGAGTC,0,3097817
rcsBp2,0.05,19,19,TTGAGTGATGGGCCAGGTTA,0,3116083
rcsBp2,0.05,19,19,TTAGCAATTCCAGGACCGTT,0,3105386
rcsBp2,0.05,19,19,TGGTTGCTATTGATCCAGAC,0,3082330
rcsBp2,0.05,19,19,TGGTTCAACGATTGTAAGCC,0,3081161
rcsBp2,0.05,19,19,TGGTGAGGTCAGTTGAACTG,0,3083559
rcsBp2,0.05,19,19,TGGTCCCTTCTCACTGTGCA,0,3121225
rcsBp2,0.05,19,19,TGGGGTTCGCTCACCAGTTT,0,3103793
rcsBp2,0.05,19,19,TGCTCTGATGGAACTGCCTA,0,3110115
rcsBp2,0.05,19,19,TGCTACAACGGCTCGCACCT,0,3099195
rcsBp2,0.05,19,19,TGCCGCTGAAATTCCAGCGG,0,3110764
rcsBp2,0.05,19,19,TGACGACGTGAGGCTGGATT,0,3097074
rcsBp2,0.05,19,19,TGAAGACTAGCGTAGCTCCA,0,3080574
rcsBp2,0.05,19,19,TCGGGGGGTAACTCAAGGTA,0,3090828
rcsBp2,0.05,19,19,TCGAGCTCCAGTGCCCCCGA,0,3104779
rcsBp2,0.05,19,19,TCCGCTATCCTGCTGAACTT,0,3083083
rcsBp2,0.05,19,19,TCCCCCCGCGTCTGTTTTCA,0,3076699
rcsBp2,0.05,19,19,TCCACTCATGGGCCAGCGAT,0,3079762
rcsBp2,0.05,19,19,TCAGGAATATTTGAGAAAGA,0,3074537
rcsBp2,0.05,19,19,TCACGTACGAGTGCTCCGTC,0,3085992
rcsBp2,0.05,19,19,TCAAAGCGTTGGGGTCCTGG,0,3109460
rcsBp2,0.05,19,19,TATTAGCTTAGTCCGGAAGC,0,3090102
rcsBp2,0.05,19,19,TATGCCGCAGAATTGACTTT,0,3078818
rcsBp2,0.05,19,19,TACTCTATTTCGAAGACTGG,0,3079176
rcsBp2,0.05,19,19,TAAGCGCGTGACCAGACCGG,0,3107897
rcsBp2,0.05,19,19,TAAAGAGAAATGCCATCGGC,0,3077691
rcsBp2,0.05,19,19,GTGGATTCACTGCAGGACTA,0,3101744
rcsBp2,0.05,19,19,GTCTCTGATGGAGGGGAGCG,0,3090508
rcsBp2,0.05,19,19,GGTTCGGCTGGAGCACACTG,0,3120876
rcsBp2,0.05,19,19,GGTGACATTTTGTACGAAGG,0,3103325
rcsBp2,0.05,19,19,GGTCCACCTCTCAGTACGCC,0,3122724
rcsBp2,0.05,19,19,GGGTCATGATTCGAGGTATG,0,3098623
rcsBp2,0.05,19,19,GGGCACTATAGGCTTACCGG,0,3101848
rcsBp2,0.05,19,19,GGGACTGGTACTATGGAAAG,0,3084633
rcsBp2,0.05,19,19,GGCTCAGGGTTAGTGCTCCA,0,3101735
rcsBp2,0.05,19,19,GGCGGTCAGAACCAGCGTTG,0,3095369
rcsBp2,0.05,19,19,GGCGCGGAAACTGGGCGTAT,0,3098368
rcsBp2,0.05,19,19,GGCCGCAGACTCAAAGATAC,0,3077847
rcsBp2,0.05,19,19,GCTGCTTAATCCTCTATGAA,0,3089770
rcsBp2,0.05,19,19,GCTATTAATACACGTGGGGG,0,3085314
rcsBp2,0.05,19,19,GCTATCCGTAAAGACAGACA,0,3077267
rcsBp2,0.05,19,19,GCGTGCTTAGGCCTCGGTGG,0,3080816
rcsBp2,0.05,19,19,GCGGTTGAGGGAGTTGACCT,0,3077103
rcsBp2,0.05,19,19,GCGCTGGATAGGATAATTTT,0,3100478
rcsBp2,0.05,19,19,GCGCGGGCACACCGTCATCC,0,3100982
rcsBp2,0.05,19,19,GCCCCATGCGTTGTACGCAG,0,3084220
rcsBp2,0.05,19,19,GCAAGTCTGTTCGGATATTA,0,3089360
rcsBp2,0.05,19,19,GATGAGTTGGACACCTGGGA,0,3111315
rcsBp2,0.05,19,19,GAATTCAAGGATAATTGCGA,0,3101025
rcsBp2,0.05,19,19,GAAGGACCATAGCGACAAAA,0,3093225
rcsBp2,0.05,19,19,CTCCCGCGTGCATTCTTACG,0,3117726
rcsBp2,0.05,19,19,CTATGCATTTAACCATCGAT,0,3120355
rcsBp2,0.05,19,19,CTAAACATACGACTCAATTG,0,3115379
rcsBp2,0.05,19,19,CGGGTAAAACCAGTCTCCAA,0,3119153
rcsBp2,0.05,19,19,CGCTCACAGATCAATTAGGG,0,3100212
rcsBp2,0.05,19,19,CGATGGAAAAGCGGAGTGAT,0,3108347
rcsBp2,0.05,19,19,CGAATATCGAATCCCGACCT,0,3079501
rcsBp2,0.05,19,19,CCTAACGCTTATGCTCTAGA,0,3086942
rcsBp2,0.05,19,19,CCCGGTAGGATCTGGTAACA,0,3080916
rcsBp2,0.05,19,19,CCCGGCTCTTATCTAAGATA,0,3105899
rcsBp2,0.05,19,19,CCCCTCCTGGAGTGATGCGA,0,3083368
rcsBp2,0.05,19,19,CAGGATGGTGATAGGTCTAG,0,3093819
rcsBp2,0.05,19,19,CACCATGTGCGATCTGAGAT,0,3107844
rcsBp2,0.05,19,19,CAAGGTGTTTTTCACCTATA,0,3101808
rcsBp2,0.05,19,19,CAAGGTCTCTTGGGGCCAAC,0,3108881
rcsBp2,0.05,19,19,CAAAGCGTTGAAATTTCGTC,0,3107490
rcsBp2,0.05,19,19,ATTGTTTGGTATGGGAAGTT,0,3112944
rcsBp2,0.05,19,19,ATGTCTTATCATCTTTGTCG,0,3102436
rcsBp2,0.05,19,19,ATGACGTTGTATTCGCCTAT,0,3094642
rcsBp2,0.05,19,19,ATGAATAGTCAGTAGGACAG,0,3102550
rcsBp2,0.05,19,19,ATCCACGTCGGAGTAGGGCA,0,3099558
rcsBp2,0.05,19,19,AGTTGGGTGCGTTCATCGAC,0,3089089
rcsBp2,0.05,19,19,AGGGTCTCTTACTCGCCAAT,0,3093036
rcsBp2,0.05,19,19,AGCTACTGTGCCCATTATAT,0,3096276
rcsBp2,0.05,19,19,AGCGCAGTCAATGTCTAAAA,0,3077262
rcsBp2,0.05,19,19,AGCCGCCAACGGCTTGCGGA,0,3122192
rcsBp2,0.05,19,19,AGCAGTAGTTTTATATGTCA,0,3082168
rcsBp2,0.05,19,19,AGCAAGTAATGGCTCTCATA,0,3121939
rcsBp2,0.05,19,19,AGATCCTAGGCCCTCCGAGT,0,3113629
rcsBp2,0.05,19,19,AGACGGCGTCTGTTGACGGC,0,3087268
rcsBp2,0.05,19,19,AGAAACAGAATCCTGAAACT,0,3091602
rcsBp2,0.05,19,19,ACTAGCGAATTAAAATCGCT,0,3083403
rcsBp2,0.05,19,19,ACGTGGTCATAGCGGGCGTA,0,3107827
rcsBp2,0.05,19,19,ACCGCCACGGTGGGATGAAA,0,3115002
rcsBp2,0.05,19,19,AATGAACATTATAACCGTTT,0,3117515
rcsBp2,0.05,19,19,AACACGGATGGTCAAGGTCA,0,3078806
rcsBp2,0.05,19,19,AACAATATCCCAGATTCACC,0,3087300
rcsBp2,0.05,19,19,AAATCGGAAGTACCCTGCGC,0,3106260
rcsBp2,0.05,19,19,AAATATGTCCTGGCGTGCGA,0,3102174
rcsBp2,0.05,19,19,AAAAGCGCGCCGATGCCTTG,0,3084007
rcsBp2,0.05263157894736842,18,18,TTTTGACGATGTGTCCCGGC,0,3084940
rcsBp2,0.05263157894736842,18,18,TTTACATTTGTCGAACTTCA,0,3110968
rcsBp2,0.05263157894736842,18,18,TTCCTGCTGCGCCGGGGAAC,0,3077808
rcsBp2,0.05263157894736842,18,18,TTCCATTTAGATCTAAGGCT,0,3093244
rcsBp2,0.05263157894736842,18,18,TTCAACAGGTAGACTAAAAC,0,3111033
rcsBp2,0.05263157894736842,18,18,TTAGATGGTCCTGCTAAGAA,0,3117479
rcsBp2,0.05263157894736842,18,18,TTACTCCTTAAAAGCAGTTA,0,3116932
rcsBp2,0.05263157894736842,18,18,TGTCCAGGCACCAGATTAAT,0,3111292
rcsBp2,0.05263157894736842,18,18,TGGCCTATTCAGCCCTTTTG,0,3117716
rcsBp2,0.05263157894736842,18,18,TGCGATGTGCAACAGGTCGG,0,3084313
rcsBp2,0.05263157894736842,18,18,TGACGTGCGTGCATACCATT,0,3112214
rcsBp2,0.05263157894736842,18,18,TCGTAGCACTGCCACTCGTA,0,3092535
rcsBp2,0.05263157894736842,18,18,TCGGAGCCTTTCAGAATCTA,0,3118084
rcsBp2,0.05263157894736842,18,18,TCAATATGGTGCCGATGGGA,0,3100269
rcsBp2,0.05263157894736842,18,18,TAGTTAATAGTGGACGCACC,0,3100986
rcsBp2,0.05263157894736842,18,18,TAGAGCTATATGAAAAATAT,0,3075246
rcsBp2,0.05263157894736842,18,18,TACGAGGCATAGTGATGGAG,0,3101390
rcsBp2,0.05263157894736842,18,18,TACCGCGAGAGCCACAGAGG,0,3100892
rcsBp2,0.05263157894736842,18,18,TACATGGGGATCTCCGCACA,0,3074298
rcsBp2,0.05263157894736842,18,18,TAATACAGCTCGACCAGCAG,0,3093380
rcsBp2,0.05263157894736842,18,18,GTTTTTTCCTGTCCAACACA,0,3107421
rcsBp2,0.05263157894736842,18,18,GTTTCACATCAAGTAAGAAA,0,3101166
rcsBp2,0.05263157894736842,18,18,GTGTGACTGGTTTTCCAAGT,0,3095132
rcsBp2,0.05263157894736842,18,18,GTGGGTTGTGACATTGTCGC,0,3121362
rcsBp2,0.05263157894736842,18,18,GTCGTGCCTCGCCGGTGTAT,0,3084189
rcsBp2,0.05263157894736842,18,18,GTCGTCTGAGCAGGCCTGAG,0,3078690
rcsBp2,0.05263157894736842,18,18,GTCCTAAGGTACGGCTACTA,0,3083517
rcsBp2,0.05263157894736842,18,18,GTCCGTGGGCACGGTTCTGA,0,3110268
rcsBp2,0.05263157894736842,18,18,GTCCAAAGCTATCTACCAGT,0,3091174
rcsBp2,0.05263157894736842,18,18,GTACACGACTTTTGCCGGCA,0,3112180
rcsBp2,0.05263157894736842,18,18,GGTAGCTTGCGGTCTACGAA,0,3100030
rcsBp2,0.05263157894736842,18,18,GGTAGACAGTCTAAGTTCGT,0,3075328
rcsBp2,0.05263157894736842,18,18,GGGAACATATGATTTCTCGT,0,3122982
rcsBp2,0.05263157894736842,18,18,GGCTGGCCGATAGGCGGTAC,0,3089724
rcsBp2,0.05263157894736842,18,18,GGCTCACTCGGCAATAAAGA,0,3103780
rcsBp2,0.05263157894736842,18,18,GGCAGCTATAGTAAATCCAC,0,3077259
rcsBp2,0.05263157894736842,18,18,GGATTGGTCCCATCGTGTAA,0,3082937
rcsBp2,0.05263157894736842,18,18,GGAGTCTCACTGGACCACGT,0,3091598
rcsBp2,0.05263157894736842,18,18,GGACTTGAGCAGCCACGCTT,0,3116924
rcsBp2,0.05263157894736842,18,18,GGACATCGCATGGTGTCGGA,0,3077240
rcsBp2,0.05263157894736842,18,18,GCTCTTGCGCATGCGCGGCC,0,3112876
rcsBp2,0.05263157894736842,18,18,GCTCAATAGTAAGGCGTATC,0,3083893
rcsBp2,0.05263157894736842,18,18,GCTAGTAGGAGACCAATTCT,0,3105032
rcsBp2,0.05263157894736842,18,18,GCGGGTGTACAGTTTCGCGT,0,3095248
rcsBp2,0.05263157894736842,18,18,GCATCCTACTAGGGCTCTTA,0,3117859
rcsBp2,0.05263157894736842,18,18,GCATAATTGAAAAGCTATGT,0,3122899
rcsBp2,0.05263157894736842,18,18,GCAGAGATCCCAAGGAGCAT,0,3092775
rcsBp2,0.05263157894736842,18,18,GCACGGGCGTTGGTCCGGGT,0,3121448
rcsBp2,0.05263157894736842,18,18,GATTGTTCGGGCGATCTGAC,0,3099802
rcsBp2,0.05263157894736842,18,18,GATTGGCCGGAAGTCCAAAT,0,3117360
rcsBp2,0.05263157894736842,18,18,GATTCTCCACATCACGTACA,0,3113510
rcsBp2,0.05263157894736842,18,18,GATGGACCCGGCTGCTTAAA,0,3088512
rcsBp2,0.05263157894736842,18,18,GAGTGCATACGACCAATCTC,0,3084946
rcsBp2,0.05263157894736842,18,18,GAGCCGCGTATGAAACGTCC,0,3090689
rcsBp2,0.05263157894736842,18,18,GACGTAGCGCATATTCGTAT,0,3103592
rcsBp2,0.05263157894736842,18,18,GACATTGCCATTTAAATACC,0,3114272
rcsBp2,0.05263157894736842,18,18,CTCGTTTTACCTGGTCCATG,0,3110974
rcsBp2,0.05263157894736842,18,18,CTCATCCGGAGCTTCCTATA,0,3083786
rcsBp2,0.05263157894736842,18,18,CTCAGGTTGTCCACCTCGTG,0,3103630
rcsBp2,0.05263157894736842,18,18,CTAGTCAATAATAGGGAATA,0,3090634
rcsBp2,0.05263157894736842,18,18,CTAATTTACAATGGCAGCGA,0,3079857
rcsBp2,0.05263157894736842,18,18,CGTTCTTCTTATTGTACGTG,0,3096647
rcsBp2,0.05263157894736842,18,18,CGTAAAAGGGGTTTGTTCGA,0,3109372
rcsBp2,0.05263157894736842,18,18,CGGTCGATGGGGTATCTAGA,0,3081060
rcsBp2,0.05263157894736842,18,18,CGGGCTGCTACCATTCTGAT,0,3096976
rcsBp2,0.05263157894736842,18,18,CGGATGACGTGCTAATAACG,0,3121648
rcsBp2,0.05263157894736842,18,18,CGGACTAAACAGACTACAGT,0,3102376
rcsBp2,0.05263157894736842,18,18,CCTGTTTGGGCAACTCGGTC,0,3094580
rcsBp2,0.05263157894736842,18,18,CCTGGGGCTCCAGTTAGCCA,0,3112229
rcsBp2,0.05263157894736842,18,18,CCGTAGTAATGGCGAGTCGT,0,3116512
rcsBp2,0.05263157894736842,18,18,CCGCCGAGGGCAAATCACAT,0,3079712
rcsBp2,0.05263157894736842,18,18,CCCGAAGGAGGCAACGTCTG,0,3093119
rcsBp2,0.05263157894736842,18,18,CCAGCCTGGCAACCTTTAAT,0,3107177
rcsBp2,0.05263157894736842,18,18,CATTCCCCTTCGGCAATAGT,0,3111460
rcsBp2,0.05263157894736842,18,18,CACTAGCCTTCTATGAGGCC,0,3106157
rcsBp2,0.05263157894736842,18,18,CACGGGGGAATATTAGGAAG,0,3087121
rcsBp2,0.05263157894736842,18,18,CACGAAGAGGTGCGCAATGG,0,3107140
rcsBp2,0.05263157894736842,18,18,CAATCACTATGTTCGAAATG,0,3075853
rcsBp2,0.05263157894736842,18,18,CAACAGCTGAGCCAGAGGTC,0,3085156
rcsBp2,0.05263157894736842,18,18,ATTTGTTCGCACAGTTCCAT,0,3095030
rcsBp2,0.05263157894736842,18,18,ATTGTCTACGGTCGAAAAAC,0,3117531
rcsBp2,0.05263157894736842,18,18,ATTGGTAGCCGTGATATTTC,0,3091086
rcsBp2,0.05263157894736842,18,18,ATTGAACTTGCACCTAGTCA,0,3074478
rcsBp2,0.05263157894736842,18,18,ATTCGGGGCACAAAGATGAT,0,3079882
rcsBp2,0.05263157894736842,18,18,ATCGAGTGGCCTGGCCCAGC,0,3117418
rcsBp2,0.05263157894736842,18,18,ATCACGGATTGCCTCGTTGC,0,3087325
rcsBp2,0.05263157894736842,18,18,ATATTGTCGGAAGCAATTAT,0,3113701
rcsBp2,0.05263157894736842,18,18,ATAGCGCTTGTCTTTCCCTT,0,3121301
rcsBp2,0.05263157894736842,18,18,AGTGGATGATACGTCCATTA,0,3093501
rcsBp2,0.05263157894736842,18,18,AGGGGAAGACATTATAGACC,0,3096431
rcsBp2,0.05263157894736842,18,18,AGGGACGCATTTATTCCTAG,0,3086826
rcsBp2,0.05263157894736842,18,18,AGCGAAGTTGTAACGATATA,0,3108435
rcsBp2,0.05263157894736842,18,18,AGCCATTCCGCCATCTAAAT,0,3113610
rcsBp2,0.05263157894736842,18,18,ACGACTTCTAGAGCCTTCAC,0,3095310
rcsBp2,0.05263157894736842,18,18,ACGAAGCGGATTCGCATACT,0,3104850
rcsBp2,0.05263157894736842,18,18,ACCTCGGTGACTCGCAATGT,0,3115317
rcsBp2,0.05263157894736842,18,18,ACCGCCTGGTCTGCCGGGGG,0,3079723
rcsBp2,0.05263157894736842,18,18,ACCCTAATGGTTCATAGAAT,0,3108010
rcsBp2,0.05263157894736842,18,18,AATAAGGAACATCTACAGCA,0,3078336
rcsBp2,0.05263157894736842,18,18,AAGACGCTTTAACTGCACGT,0,3097189
rcsBp2,0.05263157894736842,18,18,AAGACAGAGACTGTCAGTGC,0,3099904
rcsBp2,0.05263157894736842,18,18,AAAGACTATTTAATTAGTCT,0,3073808
rcsBp2,0.05263157894736842,18,18,AAACTTTTGTTTGGCTGTAG,0,3109780
rcsBp2,0.05555555555555555,17,17,TTTGGTTAGGGACAACCCTT,0,3083889
rcsBp2,0.05555555555555555,17,17,TTTCTTAGTCCAGCCAAAGC,0,3119826
rcsBp2,0.05555555555555555,17,17,TTGGGACTAACACCGGTTCA,0,3074713
rcsBp2,0.05555555555555555,17,17,TTGCCTAACAGCTGTTCTAT,0,3084095
rcsBp2,0.05555555555555555,17,17,TTGCCGCGGATTGTCAGACT,0,3096821
rcsBp2,0.05555555555555555,17,17,TTCTGTGGTTGGTGACCTGG,0,3083110
rcsBp2,0.05555555555555555,17,17,TTCTGATCGCTGTTAGCGGT,0,3088408
rcsBp2,0.05555555555555555,17,17,TTCACTCCCATTGCGTCCGA,0,3087222
rcsBp2,0.05555555555555555,17,17,TTCACCCTCGACTTTTCATA,0,3122426
rcsBp2,0.05555555555555555,17,17,TTATGTATTCTTAAGGAACA,0,3102540
rcsBp2,0.05555555555555555,17,17,TTACTTCCCGTGGCGACCTG,0,3078151
rcsBp2,0.05555555555555555,17,17,TGCTCTGGGATACGCAGAAA,0,3098259
rcsBp2,0.05555555555555555,17,17,TGCAGTCCGTAAATGCGGTA,0,3096859
rcsBp2,0.05555555555555555,17,17,TGAAGTACGGTTAGGCTGAG,0,3117692
rcsBp2,0.05555555555555555,17,17,TCGTGAGCGGGGAGTTACGG,0,3089163
rcsBp2,0.05555555555555555,17,17,TCGTCAGACTACCTGGAGAA,0,3075575
rcsBp2,0.05555555555555555,17,17,TCGGGGTAGGATCAGACTCG,0,3107641
rcsBp2,0.05555555555555555,17,17,TCCGCGGGTTCTACAGTATA,0,3109525
rcsBp2,0.05555555555555555,17,17,TCCCCAGATTCACTAGCCGT,0,3118946
rcsBp2,0.05555555555555555,17,17,TCCAACGTCCCGTAGGTATT,0,3105252
rcsBp2,0.05555555555555555,17,17,TCATGTCATAGTTCCCTTGA,0,3087114
rcsBp2,0.05555555555555555,17,17,TATTTGCGGCCGACTACCTA,0,3113152
rcsBp2,0.05555555555555555,17,17,TAGGGTTTCATTGTAGTGTG,0,3087721
rcsBp2,0.05555555555555555,17,17,GTTTCGGGTAGAAGACTCTT,0,3083508
rcsBp2,0.05555555555555555,17,17,GTTAACTGCAGTTTTCATGG,0,3075851
rcsBp2,0.05555555555555555,17,17,GTGTTGCAGGCAAGGGATTC,0,3100078
rcsBp2,0.05555555555555555,17,17,GTGATAATTGCACTAATAGG,0,3122674
rcsBp2,0.05555555555555555,17,17,GTGAGTACTGATCAGCTAGT,0,3088866
rcsBp2,0.05555555555555555,17,17,GTCCGGACAAGAGTCTATGG,0,3115880
rcsBp2,0.05555555555555555,17,17,GTCATGCTAGTCTTACGGTG,0,3113400
rcsBp2,0.05555555555555555,17,17,GTACTTGGGGCGCATCGTGG,0,3108493
rcsBp2,0.05555555555555555,17,17,GTACAAAGAATGAGTTGTCA,0,3101757
rcsBp2,0.05555555555555555,17,17,GGTGTGGAAACATGTCAGTA,0,3093870
rcsBp2,0.05555555555555555,17,17,GGTAAATGAACACTTACGGA,0,3098359
rcsBp2,0.05555555555555555,17,17,GGGCCGCAACCTGGGACTGG,0,3121069
rcsBp2,0.05555555555555555,17,17,GGGCACATTTTCATGCTAAT,0,3088451
rcsBp2,0.05555555555555555,17,17,GGCTCCACTGCCTTTGCAAC,0,3086383
rcsBp2,0.05555555555555555,17,17,GGCTAAGAACCAGACCGCGG,0,3122579
rcsBp2,0.05555555555555555,17,17,GGCGGCGCGGTCGGATTACA,0,3108376
rcsBp2,0.05555555555555555,17,17,GGCCGGTACGCAAATCGGCG,0,3103180
rcsBp2,0.05555555555555555,17,17,GGCAATCCCTCTGTGAACCC,0,3116812
rcsBp2,0.05555555555555555,17,17,GGAGTATGTTCCTATCATGT,0,3087270
rcsBp2,0.05555555555555555,17,17,GGACTGGTCTGAATGTCCTC,0,3081291
rcsBp2,0.05555555555555555,17,17,GCTTGGTTGAGTTATTGACG,0,3118080
rcsBp2,0.05555555555555555,17,17,GCTTAATGGGTGACAAAAAA,0,3104521
rcsBp2,0.05555555555555555,17,17,GCTAACAATTATTTTCGGGA,0,3122360
rcsBp2,0.05555555555555555,17,17,GCGTCCCAACATACTGAACA,0,3086824
rcsBp2,0.05555555555555555,17,17,GCGCATTGACGCTCGTCGAA,0,3099905
rcsBp2,0.05555555555555555,17,17,GCGCAGTTCACCGCGTCGTG,0,3095266
rcsBp2,0.05555555555555555,17,17,GCATTCGGGCGCTAAGAGGT,0,3095370
rcsBp2,0.05555555555555555,17,17,GCATGGACAGCACGCAGGCA,0,3089001
rcsBp2,0.05555555555555555,17,17,GCATAGTGTTCAGCACTCTG,0,3075177
rcsBp2,0.05555555555555555,17,17,GCAGTTGAGAGGATGCTCGT,0,3107898
rcsBp2,0.05555555555555555,17,17,GCACAGATGATATAGAGCTA,0,3108867
rcsBp2,0.05555555555555555,17,17,GCAAGAATGATGACCTATGC,0,3097723
rcsBp2,0.05555555555555555,17,17,GATGTGTTTGCCCTGGAGGG,0,3110377
rcsBp2,0.05555555555555555,17,17,GATCACACAGGCTCCATAGC,0,3112048
rcsBp2,0.05555555555555555,17,17,GACTCAGAGTGAGTCAAGCA,0,3082118
rcsBp2,0.05555555555555555,17,17,GAAGTTCCACTCGGACGGGG,0,3103260
rcsBp2,0.05555555555555555,17,17,GAAGACCCCACAATAAATCG,0,3097325
rcsBp2,0.05555555555555555,17,17,CTAATGGACGTTCAAAAAAG,0,3103976
rcsBp2,0.05555555555555555,17,17,CGTTTTACGGCTCCTCCCGG,0,3084724
rcsBp2,0.05555555555555555,17,17,CGTTTATACTAGAGGCATTG,0,3091113
rcsBp2,0.05555555555555555,17,17,CGTGTGATCCGCAGTAGCCA,0,3090538
rcsBp2,0.05555555555555555,17,17,CGTAAACCTTGTGGGTGATG,0,3108755
rcsBp2,0.05555555555555555,17,17,CGGGCGCGTAGCTGGCTCCT,0,3093213
rcsBp2,0.05555555555555555,17,17,CGGCTCTTAGCGAGGTTATC,0,3087338
rcsBp2,0.05555555555555555,17,17,CGCGGATGAGGTGTAACGCT,0,3101728
rcsBp2,0.05555555555555555,17,17,CGCAGATGCGGAACTGACAC,0,3089492
rcsBp2,0.05555555555555555,17,17,CGCACAATGTAAGCTAGCGA,0,3115669
rcsBp2,0.05555555555555555,17,17,CGATAAACTTCAAACGACAT,0,3098323
rcsBp2,0.05555555555555555,17,17,CGAGTGGCAAACATTAGCTG,0,3079524
rcsBp2,0.05555555555555555,17,17,CGAGAACTCGTAGAATCTAG,0,3088737
rcsBp2,0.05555555555555555,17,17,CGACGTCTCTATCTAAAGGC,0,3082030
rcsBp2,0.05555555555555555,17,17,CGACCATACCAATCAACTCC,0,3100774
rcsBp2,0.05555555555555555,17,17,CCTGCATGCGGAGCTAAGTC,0,3115757
rcsBp2,0.05555555555555555,17,17,CCTCGAACATAACATTCAGG,0,3104791
rcsBp2,0.05555555555555555,17,17,CCGTTCGTGCGGGCTGCAAG,0,3107551
rcsBp2,0.05555555555555555,17,17,CCGCTAGTTTCTTCAGAGTC,0,3094607
rcsBp2,0.05555555555555555,17,17,CCGCGTTAATCACCAATACA,0,3105756
rcsBp2,0.05555555555555555,17,17,CCCTGGGACTATTGACAGGG,0,3111550
rcsBp2,0.05555555555555555,17,17,CCCCGCGTCCGTGCTGCGCT,0,3119077
rcsBp2,0.05555555555555555,17,17,CCCATTTCTTGTGTCTTTCT,0,3108922
rcsBp2,0.05555555555555555,17,17,CCACAGGCCACTTTGGTCGT,0,3112618
rcsBp2,0.05555555555555555,17,17,CATGTCCTGTGACGCTGAAG,0,3079761
rcsBp2,0.05555555555555555,17,17,CATCACTTTATACGTGGGGG,0,3100609
rcsBp2,0.05555555555555555,17,17,CAGTGATCTACCCTGGTAGA,0,3116813
rcsBp2,0.05555555555555555,17,17,CAGGTAGGGACAGCCCGATT,0,3109196
rcsBp2,0.05555555555555555,17,17,CAGCTGGGATGATGTATTTT,0,3106041
rcsBp2,0.05555555555555555,17,17,CAGCACAAAGATGGCAGTAT,0,3092796
rcsBp2,0.05555555555555555,17,17,CAGCAATCTTGCTACAAATT,0,3094479
rcsBp2,0.05555555555555555,17,17,CAGAAGTTTGTCGTCCGTGA,0,3087471
rcsBp2,0.05555555555555555,17,17,CAAGAAATCGTTACAGCTCT,0,3104200
rcsBp2,0.05555555555555555,17,17,CAACTAGGCGTATTGTGGGT,0,3083542
rcsBp2,0.05555555555555555,17,17,ATTTCTGACTGTTGACCCGT,0,3110494
rcsBp2,0.05555555555555555,17,17,ATTCGCTCAGGGGCCATGAT,0,3090129
rcsBp2,0.05555555555555555,17,17,ATTCATTACAAGCGTCTAAA,0,3083410
rcsBp2,0.05555555555555555,17,17,ATTCAGCAAAGACACCAAAA,0,3122133
rcsBp2,0.05555555555555555,17,17,ATTACGCGGTACGACGGTCT,0,3109618
rcsBp2,0.05555555555555555,17,17,ATTAACGTTGACATATTGCA,0,3106020
rcsBp2,0.05555555555555555,17,17,ATGGCCTATATCCAAATGTT,0,3114418
rcsBp2,0.05555555555555555,17,17,ATATTTAACCATCCCAGGCT,0,3089676
rcsBp2,0.05555555555555555,17,17,ATATTGATCGCTCGGACATA,0,3086616
rcsBp2,0.05555555555555555,17,17,ATATCGCCAGCCTAGTGGTA,0,3104752
rcsBp2,0.05555555555555555,17,17,AGTTCGGAGTATGATTATTT,0,3083157
rcsBp2,0.05555555555555555,17,17,AGTCGCTCGGCAGAATTATT,0,3116771
rcsBp2,0.05555555555555555,17,17,AGGCTGCCGTTCGTGAGCTA,0,3114021
rcsBp2,0.05555555555555555,17,17,AGGACCTCCATCGCCACCTA,0,3076972
rcsBp2,0.05555555555555555,17,17,AGCGTGCATGTCATTTTGAG,0,3101886
rcsBp2,0.05555555555555555,17,17,AGCGGATTCTTTGCAGGCAG,0,3074536
rcsBp2,0.05555555555555555,17,17,AGCGAAGTGGTCGATATTGC,0,3075719
rcsBp2,0.05555555555555555,17,17,AGCATAGTCATAGTTGTATG,0,3112925
rcsBp2,0.05555555555555555,17,17,AGATTGCATGGGCGCACAAG,0,3105977
rcsBp2,0.05555555555555555,17,17,AGATGACTATGTTTTCCCAC,0,3074955
rcsBp2,0.05555555555555555,17,17,AGAATCTGCGGTTAATGTCT,0,3090712
rcsBp2,0.05555555555555555,17,17,ACGTCTTAGAAAATTTCTGT,0,3121441
rcsBp2,0.05555555555555555,17,17,ACGGTTTAGATTTAAAAAGG,0,3106455
rcsBp2,0.05555555555555555,17,17,ACGGCCAAGCAGGCGGAGTC,0,3094727
rcsBp2,0.05555555555555555,17,17,ACCTGGTTGGCTTCAACGCA,0,3074238
rcsBp2,0.05555555555555555,17,17,ACCTATTCCTATAGTTGCGT,0,3079171
rcsBp2,0.05555555555555555,17,17,ACATCCCAACAAACGAGCTA,0,3101216
rcsBp2,0.05555555555555555,17,17,ACAAGGGCGGTCCACAATAC,0,3095826
rcsBp2,0.05555555555555555,17,17,ACAAAGGGGGTGCATACTTA,0,3076486
rcsBp2,0.05555555555555555,17,17,AATTTCTTATAATTCCCCAA,0,3090324
rcsBp2,0.05555555555555555,17,17,AATCGACAGTTCGGCGGCCT,0,3081746
rcsBp2,0.05555555555555555,17,17,AAGTCTTGTGTAGATGCGAC,0,3102191
rcsBp2,0.05555555555555555,17,17,AAATGTCTCTATTCAGCAGT,0,3100615
rcsBp2,0.05555555555555555,17,17,AAAGGACATACGATCTCGGG,0,3084497
rcsBp2,0.05555555555555555,17,17,AAAATTCGAACAGAGGGACA,0,3116448
rcsBp2,0.05555555555555555,17,17,AAAAACCATTACCCCTAAGT,0,3111506
rcsBp2,0.058823529411764705,16,16,TTTGTAGCCGGTTCGCGACT,0,3109414
rcsBp2,0.058823529411764705,16,16,TTTGAAAACGGATCATGACA,0,3082707
rcsBp2,0.058823529411764705,16,16,TTTCTGCAATTAGTCAGGGA,0,3097633
rcsBp2,0.058823529411764705,16,16,TTTACTGGCTGGACGAAGTT,0,3075425
rcsBp2,0.058823529411764705,16,16,TTTAAACGTAGGAGCATCCT,0,3095105
rcsBp2,0.058823529411764705,16,16,TTGGGCATCGACGTTAAAGA,0,3076929
rcsBp2,0.058823529411764705,16,16,TTAAAAGATGAGCAGAGAAA,0,3116553
rcsBp2,0.058823529411764705,16,16,TGTTTCAGGGGGCCTGGCGT,0,3090381
rcsBp2,0.058823529411764705,16,16,TGTGCTGGGGCATGCTGAGT,0,3096019
rcsBp2,0.058823529411764705,16,16,TGTAACGTCAGAGCTGCCCT,0,3097125
rcsBp2,0.058823529411764705,16,16,TGGCCGAATATAGAGAGGCA,0,3114770
rcsBp2,0.058823529411764705,16,16,TGGATTCGGAGAGACAGGCG,0,3076981
rcsBp2,0.058823529411764705,16,16,TGCAGCCTTTTCCTGCTGTT,0,3081814
rcsBp2,0.058823529411764705,16,16,TGATAATCTGCCTGGCCCCA,0,3082034
rcsBp2,0.058823529411764705,16,16,TGAGGCGCCGCGGTCCGGAA,0,3095459
rcsBp2,0.058823529411764705,16,16,TCTCGGAAGGCCGAAGGTTG,0,3111936
rcsBp2,0.058823529411764705,16,16,TCTAGCTTAGTCCGTGACAT,0,3111474
rcsBp2,0.058823529411764705,16,16,TCGGTGTATTATCGTCCAAT,0,3104680
rcsBp2,0.058823529411764705,16,16,TCCTCATGCTGTGAGTTTGT,0,3091958
rcsBp2,0.058823529411764705,16,16,TCCCTTTGATCATGTTTAAC,0,3112044
rcsBp2,0.058823529411764705,16,16,TCAAGGACCAGCTGCCCGCA,0,3089685
rcsBp2,0.058823529411764705,16,16,TATGCACTGACTGGGGGTCA,0,3108374
rcsBp2,0.058823529411764705,16,16,TAGCAAACCGAGCTCGCAGA,0,3101105
rcsBp2,0.058823529411764705,16,16,TAAGGGGCGTTCGCTTCCTG,0,3079396
rcsBp2,0.058823529411764705,16,16,TAACTATCGTGCGTATGGGT,0,3093852
rcsBp2,0.058823529411764705,16,16,TAACACAGAGGGCTGTCAAG,0,3097785
rcsBp2,0.058823529411764705,16,16,TAAATGTCCAGGGACATTAG,0,3102526
rcsBp2,0.058823529411764705,16,16,GTTTAATAAGAGCGTGCCTA,0,3101974
rcsBp2,0.058823529411764705,16,16,GTTGTGTCTGGATCCCTTAC,0,3102372
rcsBp2,0.058823529411764705,16,16,GTTGTACGGTAGTTTTTCTA,0,3081152
rcsBp2,0.058823529411764705,16,16,GTTGGGACAACACCGGGATG,0,3120919
rcsBp2,0.058823529411764705,16,16,GTTGCTGACAGATTTCGGTA,0,3091179
rcsBp2,0.058823529411764705,16,16,GTTAAGGGTCATACCGCGGG,0,3121045
rcsBp2,0.058823529411764705,16,16,GTGCAGATTGGTTATAATGA,0,3117460
rcsBp2,0.058823529411764705,16,16,GTGAGCGCGCTTGATTTTAA,0,3080455
rcsBp2,0.058823529411764705,16,16,GTCCCAACCGCGCGGATGAT,0,3116398
rcsBp2,0.058823529411764705,16,16,GTATAGGCGTGGGTCGCCTA,0,3088994
rcsBp2,0.058823529411764705,16,16,GGTTTGGGCGGTGACTAACG,0,3104032
rcsBp2,0.058823529411764705,16,16,GGGGGTGCATCGCTGTGGCT,0,3090954
rcsBp2,0.058823529411764705,16,16,GGGAACGCTTAAGGCGTCAG,0,3103540
rcsBp2,0.058823529411764705,16,16,GGCGGTATCATAGAATCAAG,0,3105048
rcsBp2,0.058823529411764705,16,16,GGCGAGCAGCGGAAGAGGTC,0,3119524
rcsBp2,0.058823529411764705,16,16,GGCACTAATGATACCGATAG,0,3082681
rcsBp2,0.058823529411764705,16,16,GGAGGCACAAAAGATAATAC,0,3078622
rcsBp2,0.058823529411764705,16,16,GCTGTGATTCAGATAGCGCC,0,3086823
rcsBp2,0.058823529411764705,16,16,GCTGCGGTGCTGTTGAACGG,0,3117922
rcsBp2,0.058823529411764705,16,16,GCTAGCACAATAGTTCGTCT,0,3116650
rcsBp2,0.058823529411764705,16,16,GCGCTTCTTATGTGCAAGAT,0,3103636
rcsBp2,0.058823529411764705,16,16,GCGCACTCCGCGATGATTTA,0,3107822
rcsBp2,0.058823529411764705,16,16,GCGAGTTATAATCAAATAAC,0,3098493
rcsBp2,0.058823529411764705,16,16,GCCTAAAGGGTAACGATGAT,0,3089857
rcsBp2,0.058823529411764705,16,16,GCAGCGGCGCCTAAGGTTCC,0,3096131
rcsBp2,0.058823529411764705,16,16,GATGGACTGGAGCCCGCGTA,0,3116455
rcsBp2,0.058823529411764705,16,16,GAGGGCCTGAAACACAACGT,0,3094055
rcsBp2,0.058823529411764705,16,16,GAGCATTAACTAAACTGCCT,0,3108334
rcsBp2,0.058823529411764705,16,16,GACGTGATCAAGAATCGGAC,0,3115027
rcsBp2,0.058823529411764705,16,16,GACCACACGAAACGAAGGCG,0,3106495
rcsBp2,0.058823529411764705,16,16,GAACGGTCTCTTAAACCATA,0,3078245
rcsBp2,0.058823529411764705,16,16,GAACGATAAATTTCATCCAT,0,3121649
rcsBp2,0.058823529411764705,16,16,GAACCGTTAAGCGGGTTCAT,0,3096938
rcsBp2,0.058823529411764705,16,16,CTTTTTGACGCCCCGGGGAG,0,3116127
rcsBp2,0.058823529411764705,16,16,CTTGGTTTTACGGCGGAAGG,0,3096183
rcsBp2,0.058823529411764705,16,16,CTTCGCCATAGATTGATTAG,0,3095605
rcsBp2,0.058823529411764705,16,16,CTTATCGCGGGGAAAAACGA,0,3122556
rcsBp2,0.058823529411764705,16,16,CTTAACCGAGAACCGTATTT,0,3094939
rcsBp2,0.058823529411764705,16,16,CTGATAGCGTCTACTGAAAT,0,3101755
rcsBp2,0.058823529411764705,16,16,CTGAGCCAATCATCTTCTAT,0,3121250
rcsBp2,0.058823529411764705,16,16,CTCGTGGATGCTCCGAGTTG,0,3121863
rcsBp2,0.058823529411764705,16,16,CTAGGAGGAGGATTACTTCG,0,3082927
rcsBp2,0.058823529411764705,16,16,CTACAACGAAGGTCGGCCAT,0,3079180
rcsBp2,0.058823529411764705,16,16,CTAAATTCCACTGTACGACG,0,3082568
rcsBp2,0.058823529411764705,16,16,CGTCTGGTAACCATGTACGA,0,3082200
rcsBp2,0.058823529411764705,16,16,CGGTTTACTTTCAATCGTAC,0,3119885
rcsBp2,0.058823529411764705,16,16,CGGGCGGATTGTGCTCAGGA,0,3098458
rcsBp2,0.058823529411764705,16,16,CGGCTTATTTCACTCGCTGC,0,3102202
rcsBp2,0.058823529411764705,16,16,CGGCCCGGATCTGCTAGAAT,0,3080562
rcsBp2,0.058823529411764705,16,16,CGGATACTTGAAAGTGGGTA,0,3076602
rcsBp2,0.058823529411764705,16,16,CGCGACGAAGGTGAATCATA,0,3106235
rcsBp2,0.058823529411764705,16,16,CGCCACCGGGATTACGAATA,0,3086110
rcsBp2,0.058823529411764705,16,16,CGCATGGCACCGCTGACGGG,0,3117316
rcsBp2,0.058823529411764705,16,16,CGAGACACCTCACGATATCT,0,3101915
rcsBp2,0.058823529411764705,16,16,CCTACGGTAGCTACGAGTTT,0,3121614
rcsBp2,0.058823529411764705,16,16,CCGTGCGTGCACAGTTGCGC,0,3111509
rcsBp2,0.058823529411764705,16,16,CCGGTGGAACTCAAGTTCGA,0,3088863
rcsBp2,0.058823529411764705,16,16,CCGGTACCTGCCGGGACCGT,0,3085423
rcsBp2,0.058823529411764705,16,16,CCGGACTATGACCAAGATTT,0,3094680
rcsBp2,0.058823529411764705,16,16,CCCCTAGGGGGCTTCGCAAC,0,3084614
rcsBp2,0.058823529411764705,16,16,CCATCCTCTGATACTATGAA,0,3085686
rcsBp2,0.058823529411764705,16,16,CCAGGGTGAAGGTTTCATTC,0,3096663
rcsBp2,0.058823529411764705,16,16,CCACCCATTTGGGATCCGTG,0,3107933
rcsBp2,0.058823529411764705,16,16,CCACCAGGGGGGTTGGCGGG,0,3085325
rcsBp2,0.058823529411764705,16,16,CCAATGTTCACGCGCAGCCC,0,3121272
rcsBp2,0.058823529411764705,16,16,CCAAGGACACGCAAGCACGG,0,3090918
rcsBp2,0.058823529411764705,16,16,CATTTGCGTGGCCCCAACAT,0,3100111
rcsBp2,0.058823529411764705,16,16,CATTGTCCCCTGCGATGGAG,0,3116395
rcsBp2,0.058823529411764705,16,16,CATCATAAACTAAAACGAGT,0,3095658
rcsBp2,0.058823529411764705,16,16,CATAAAACCGTGGTGGGTAG,0,3105173
rcsBp2,0.058823529411764705,16,16,CAGGGTCGCTGGAGGGGCCA,0,3103624
rcsBp2,0.058823529411764705,16,16,CAGGGCGTAACCAGGAAGGC,0,3079587
rcsBp2,0.058823529411764705,16,16,CAGGCGTACGGCTCGAGTGC,0,3074716
rcsBp2,0.058823529411764705,16,16,CAGAAGAGAATATGAGGTTA,0,3116692
rcsBp2,0.058823529411764705,16,16,CAAATTATCAGCCGAAGTTG,0,3083936
rcsBp2,0.058823529411764705,16,16,CAAAATGTCGTGAAAATTTA,0,3095131
rcsBp2,0.058823529411764705,16,16,ATTTCGTTATTCTTCGGTGT,0,3122559
rcsBp2,0.058823529411764705,16,16,ATTTATACCTTCACTGTCTT,0,3084603
rcsBp2,0.058823529411764705,16,16,ATGTTGGATGGAGAGGCGCT,0,3121643
rcsBp2,0.058823529411764705,16,16,ATGGGCCACAAGCTCCGACA,0,3119971
rcsBp2,0.058823529411764705,16,16,ATGGGACTTACATAAGTAGG,0,3115384
rcsBp2,0.058823529411764705,16,16,ATCCGACTGGATCTAGCATG,0,3093875
rcsBp2,0.058823529411764705,16,16,ATCACTGAAATTTGTTATTG,0,3122749
rcsBp2,0.058823529411764705,16,16,ATCACCGAACCTCCACGATC,0,3097987
rcsBp2,0.058823529411764705,16,16,ATATTCGTAGAACCATATAA,0,3115341
rcsBp2,0.058823529411764705,16,16,ATAGTTAAAGAAGGGTGGTA,0,3105443
rcsBp2,0.058823529411764705,16,16,ATAGGCATAGTGGTTGAGAA,0,3087652
rcsBp2,0.058823529411764705,16,16,ATAATGGGATTTAAATCGTA,0,3101096
rcsBp2,0.058823529411764705,16,16,ATAATCAGCTGGAATTATGA,0,3104157
rcsBp2,0.058823529411764705,16,16,AGTCGGCTCTGATCATCCGT,0,3079199
rcsBp2,0.058823529411764705,16,16,AGTATGAATCTCAAAACTGA,0,3105131
rcsBp2,0.058823529411764705,16,16,AGGTGAGGATACGAGGTCAT,0,3111678
rcsBp2,0.058823529411764705,16,16,AGGACCTCCTGAGTTGATCA,0,3116849
rcsBp2,0.058823529411764705,16,16,AGCGTAGATTTTTCCCCAGG,0,3081946
rcsBp2,0.058823529411764705,16,16,AGCCTCGATCGGCCCGCTCC,0,3100115
rcsBp2,0.058823529411764705,16,16,AGCCAATCAGCTAGCGAAAC,0,3081944
rcsBp2,0.058823529411764705,16,16,AGCAACTAGGGGCAGGCACA,0,3108721
rcsBp2,0.058823529411764705,16,16,AGCAAACGTGCCAGCTCGAA,0,3085067
rcsBp2,0.058823529411764705,16,16,AGACACACACGAGGTCCGCG,0,3121224
rcsBp2,0.058823529411764705,16,16,AGAAAGATTGTTAAGGTCCA,0,3101573
rcsBp2,0.058823529411764705,16,16,ACTTGACGGATTAGTGCGTG,0,3106661
rcsBp2,0.058823529411764705,16,16,ACTGGCCACTGCTGACCGTA,0,3095018
rcsBp2,0.058823529411764705,16,16,ACTGCGTCCCATGGATTGGA,0,3097589
rcsBp2,0.058823529411764705,16,16,ACTGCGCGAGTCGTAATTAA,0,3079730
rcsBp2,0.058823529411764705,16,16,ACTCGCTGGCGTTGCAATCC,0,3119503
rcsBp2,0.058823529411764705,16,16,ACGTACGGATCTCCGACAAT,0,3120277
rcsBp2,0.058823529411764705,16,16,ACGTAATTTTAAGCTCTTAG,0,3077543
rcsBp2,0.058823529411764705,16,16,ACGGCTTCTGGACGTAGTCA,0,3122132
rcsBp2,0.058823529411764705,16,16,ACGGAAGCCACAGAAGTTCG,0,3119118
rcsBp2,0.058823529411764705,16,16,ACCAGCGAGTGTTTTTAGTT,0,3104227
rcsBp2,0.058823529411764705,16,16,ACCACCCTTTACAGAGTGCA,0,3087397
rcsBp2,0.058823529411764705,16,16,ACATCGTGCACGTACGCCTC,0,3073982
rcsBp2,0.058823529411764705,16,16,ACAGCAAGCCGACGATGCCT,0,3121439
rcsBp2,0.058823529411764705,16,16,ACACGTCGGTGGGAGAGTAC,0,3087345
rcsBp2,0.058823529411764705,16,16,ACAAAGGTGAATCAAAATTC,0,3116893
rcsBp2,0.058823529411764705,16,16,AATGTCCTCCTAGTGTGCTT,0,3102182
rcsBp2,0.058823529411764705,16,16,AATGAAGGCTTGTCAGCTGT,0,3091023
rcsBp2,0.058823529411764705,16,16,AATCGGTGGCAAAGATGATT,0,3075770
rcsBp2,0.058823529411764705,16,16,AAGCGCGACTGGTATTAGTG,0,3093249
rcsBp2,0.058823529411764705,16,16,AAGCAAAGGCAGGCACAACA,0,3112327
rcsBp2,0.058823529411764705,16,16,AACGTTCGTGTAACCGGTCC,0,3105199
rcsBp2,0.058823529411764705,16,16,AAATATCGTAGTCGCTCAGA,0,3115919
rcsBp2,0.058823529411764705,16,16,AAAACATATCGGGGCCTTCA,0,3101919
rcsBp2,0.0625,15,15,TTTTTAACCGTATTGTCAAT,0,3088795
rcsBp2,0.0625,15,15,TTTATTGATTCTTAAATAAT,0,3110451
rcsBp2,0.0625,15,15,TTGTGGATTATGGTGCGGCG,0,3085444
rcsBp2,0.0625,15,15,TTGTCGTCAGTCGCGTGGGA,0,3108279
rcsBp2,0.0625,15,15,TTGGTATCTGACGGCGTAAG,0,3076740
rcsBp2,0.0625,15,15,TTCGATTGTGGCTTGCGCGC,0,3112308
rcsBp2,0.0625,15,15,TTCGATAGTATTCGACGCAT,0,3098017
rcsBp2,0.0625,15,15,TTCCCGTAGAGGCCAGAAGG,0,3085811
rcsBp2,0.0625,15,15,TTCCACTGTTACGCGTAAGG,0,3109522
rcsBp2,0.0625,15,15,TTCAAGGAGACCCAACCCAT,0,3094941
rcsBp2,0.0625,15,15,TTATGCCAGCGGCTACACAG,0,3096891
rcsBp2,0.0625,15,15,TTATCCGTTATTGATAGACG,0,3107342
rcsBp2,0.0625,15,15,TTAAGCACGTTTGACATCAG,0,3084101
rcsBp2,0.0625,15,15,TGTTAGCTATACTTTGAGTA,0,3091481
rcsBp2,0.0625,15,15,TGTGCGGAGTACCCTGTCGT,0,3098145
rcsBp2,0.0625,15,15,TGTCTGCCTTTCTGGCCTTC,0,3079708
rcsBp2,0.0625,15,15,TGGTGGGCGTTGACCTGGGG,0,3097089
rcsBp2,0.0625,15,15,TGGCTAGGAGTTAGCAACAT,0,3094006
rcsBp2,0.0625,15,15,TGGCCACGGAGCGTCGCGGT,0,3101593
rcsBp2,0.0625,15,15,TGGAGACCGGGTTAGCCGAC,0,3083377
rcsBp2,0.0625,15,15,TGCGCCGGAAAATAGATCCT,0,3102296
rcsBp2,0.0625,15,15,TGATAGCTATTCGATCATAT,0,3073914
rcsBp2,0.0625,15,15,TGAGTTTGAATTAGGTTCGA,0,3089635
rcsBp2,0.0625,15,15,TGAGGATGAAAGAGTCCAAT,0,3090886
rcsBp2,0.0625,15,15,TGACTGGTACGTAATATAAC,0,3085183
rcsBp2,0.0625,15,15,TGACCGGCACCCATCCCGGT,0,3080951
rcsBp2,0.0625,15,15,TCTTTCCGGTGCCGAACCCA,0,3120814
rcsBp2,0.0625,15,15,TCTGTAGAGTGGTCGGATTC,0,3103724
rcsBp2,0.0625,15,15,TCTGCAAGGCTACTCTCGTT,0,3082780
rcsBp2,0.0625,15,15,TCGAATTTCAACCGTAATGT,0,3091387
rcsBp2,0.0625,15,15,TCGAACGTTCTTTGTCTAGC,0,3117376
rcsBp2,0.0625,15,15,TCCTCGTCTGGGAGTAGCCA,0,3092127
rcsBp2,0.0625,15,15,TCCTAGATCGCGCGGTATCC,0,3078154
rcsBp2,0.0625,15,15,TCCCCGAAAAGACCGTTGGC,0,3122164
rcsBp2,0.0625,15,15,TCCACTCCGTCTTGCGAATC,0,3109706
rcsBp2,0.0625,15,15,TCCACCTGATGCGATCGAAC,0,3079803
rcsBp2,0.0625,15,15,TCATCGAGCTAGTCTACCCA,0,3081290
rcsBp2,0.0625,15,15,TATCTTATCCGTCACCCGAA,0,3090158
rcsBp2,0.0625,15,15,TAGGAGAAGTAGCAAGTCAA,0,3113084
rcsBp2,0.0625,15,15,TAGGACGTTACCCGAGGCTT,0,3113671
rcsBp2,0.0625,15,15,TACGGATTACACGTACAACC,0,3076418
rcsBp2,0.0625,15,15,TACATCATCGTTCAAGGGAA,0,3109692
rcsBp2,0.0625,15,15,TACAGAATGGAACTCGCGTT,0,3080637
rcsBp2,0.0625,15,15,TAATAATAGAGGCTCTAACA,0,3080502
rcsBp2,0.0625,15,15,TAAGACCACCGCAGATGCCT,0,3083515
rcsBp2,0.0625,15,15,TAAATACTGTCCGGTACGGA,0,3117931
rcsBp2,0.0625,15,15,GTGTAAAGGAGGTCCAAGCT,0,3091529
rcsBp2,0.0625,15,15,GTGGCCATTCTTTGGATTGA,0,3115586
rcsBp2,0.0625,15,15,GTCCGTCATACAAAAGGATA,0,3098231
rcsBp2,0.0625,15,15,GTCCCGTCATGAAGCAAGCA,0,3111307
rcsBp2,0.0625,15,15,GTCAAGCGTTCAAGGCGATC,0,3097981
rcsBp2,0.0625,15,15,GTATGTTCAAAGGTAGCTGT,0,3091845
rcsBp2,0.0625,15,15,GTATCCCTACGATAAATCAT,0,3091176
rcsBp2,0.0625,15,15,GTAGTACGACTTCAGGTCAA,0,3112303
rcsBp2,0.0625,15,15,GTACTATCGTTATACCGTAG,0,3085274
rcsBp2,0.0625,15,15,GTACGGTGGCCCCGGCGGGT,0,3122356
rcsBp2,0.0625,15,15,GTACCTATATGCCAAGGGAT,0,3082537
rcsBp2,0.0625,15,15,GGTTTCGCTATGGCGTTACC,0,3106334
rcsBp2,0.0625,15,15,GGTCAGTACGGGCTACAGAT,0,3084976
rcsBp2,0.0625,15,15,GGTCAGGTTAGTCCGGTGCT,0,3100788
rcsBp2,0.0625,15,15,GGTAGGCATAGCAAAACGTA,0,3093445
rcsBp2,0.0625,15,15,GGTAGAGACTACATATCAAG,0,3094289
rcsBp2,0.0625,15,15,GGTAAGCAGGATCGCGCAAA,0,3085438
rcsBp2,0.0625,15,15,GGGCCTAGTACCCCGGATAT,0,3087448
rcsBp2,0.0625,15,15,GGGAGCATTGGGCGATACAG,0,3095900
rcsBp2,0.0625,15,15,GGGAGAAGGTAGAAAGCATG,0,3101168
rcsBp2,0.0625,15,15,GGCTTATCCTCGGTTGAAGC,0,3077909
rcsBp2,0.0625,15,15,GGCTATGCTTTACTGGACTC,0,3079480
rcsBp2,0.0625,15,15,GGCCTTAGGAATACGTCGGT,0,3099827
rcsBp2,0.0625,15,15,GGCCGCTTGTCCTGTGAAGT,0,3089033
rcsBp2,0.0625,15,15,GGATTGCTAGTACAAGTTTC,0,3115587
rcsBp2,0.0625,15,15,GGATTACTTGGATCAGGTTC,0,3089666
rcsBp2,0.0625,15,15,GGACAGAACCCGCCCATATT,0,3113397
rcsBp2,0.0625,15,15,GGACAAAACGCAACTTTAAT,0,3119787
rcsBp2,0.0625,15,15,GGAAAGTTCTTCTATGCGTT,0,3115964
rcsBp2,0.0625,15,15,GCTCGGTAGGTCGTACGGGA,0,3097299
rcsBp2,0.0625,15,15,GCTAGTTCTCAATAGCTGTG,0,3095016
rcsBp2,0.0625,15,15,GCTACTCGTTTCAAAATCAG,0,3109377
rcsBp2,0.0625,15,15,GCGTCCTAGTTCAGTGTGTA,0,3118667
rcsBp2,0.0625,15,15,GCGATATTTCCAAAGGTGGG,0,3092539
rcsBp2,0.0625,15,15,GCGACGGGCCGACGCACGGT,0,3093153
rcsBp2,0.0625,15,15,GCCCGTTGGGAGTTAAGCGT,0,3087437
rcsBp2,0.0625,15,15,GCCCAAGCAACGGTAACAAA,0,3109572
rcsBp2,0.0625,15,15,GCATGGTGGTATCGGACTGG,0,3099405
rcsBp2,0.0625,15,15,GCAAAGGCTCGGACCAATGT,0,3106857
rcsBp2,0.0625,15,15,GATCCATTAATTGCCTTTGA,0,3119687
rcsBp2,0.0625,15,15,GATAGGTCTTGTCGCATCTA,0,3108294
rcsBp2,0.0625,15,15,GATAAATTGTTAGTGTACCA,0,3088307
rcsBp2,0.0625,15,15,GAGGAAAGACGTCCACGCGC,0,3099662
rcsBp2,0.0625,15,15,GACTAGGGACGTGCATTTGC,0,3102693
rcsBp2,0.0625,15,15,GACCATTAGACTCCGAACTG,0,3100681
rcsBp2,0.0625,15,15,CTCGTCAACGCCCTCAAGAC,0,3077901
rcsBp2,0.0625,15,15,CGTTGCTTGTGACCGTTGGT,0,3101892
rcsBp2,0.0625,15,15,CGTCTAAGCAGGGGATAGTC,0,3113011
rcsBp2,0.0625,15,15,CGGGTATGCCTTGCAGGTGG,0,3120537
rcsBp2,0.0625,15,15,CGGGACCCCCAAAAGGAAGT,0,3087122
rcsBp2,0.0625,15,15,CGGCGCTTGATCTGGTCTAC,0,3107346
rcsBp2,0.0625,15,15,CGCTCCCGAACTCGTAGGCT,0,3118934
rcsBp2,0.0625,15,15,CGCGGTGTGCTTAGCGGACG,0,3112240
rcsBp2,0.0625,15,15,CCTTGACAGTTTCTAGAATA,0,3114163
rcsBp2,0.0625,15,15,CCTGTAACCATGTGCATACC,0,3089690
rcsBp2,0.0625,15,15,CCTATTAGGAGCAGATCGGA,0,3093763
rcsBp2,0.0625,15,15,CCTACCATAATAGGGCACGA,0,3113529
rcsBp2,0.0625,15,15,CCGCTATGATGAGTGGTTAA,0,3110565
rcsBp2,0.0625,15,15,CCGATATCCACGCTGAACGT,0,3100657
rcsBp2,0.0625,15,15,CCGAGATCGGACCGATCTTT,0,3094735
rcsBp2,0.0625,15,15,CCCCCTATCGGCTTAAGGTC,0,3075330
rcsBp2,0.0625,15,15,CCCATCCTTTGAGTTCCAGT,0,3120971
rcsBp2,0.0625,15,15,CCCATCATAATAGCTCCTAC,0,3096008
rcsBp2,0.0625,15,15,CCAAAGTGCATACGCACAAA,0,3100981
rcsBp2,0.0625,15,15,CATTACCGGCACACCCGGCT,0,3098352
rcsBp2,0.0625,15,15,CATGGTTTCAAATACTTAGA,0,3100704
rcsBp2,0.0625,15,15,CATCTGCCGCATATCATTGT,0,3087572
rcsBp2,0.0625,15,15,CATAGTCCGATTCTTAGGCC,0,3101214
rcsBp2,0.0625,15,15,CAGGCCGGCAGTTTACCCTT,0,3086741
rcsBp2,0.0625,15,15,CACTTCCGATGTCGCACAAT,0,3088672
rcsBp2,0.0625,15,15,CACTAGCGACCCGGGAGGAT,0,3106568
rcsBp2,0.0625,15,15,CACGCGGCACTCTTTGGGCA,0,3089722
rcsBp2,0.0625,15,15,CACGCGAGCCACTGATCTAG,0,3109702
rcsBp2,0.0625,15,15,CACCTATTGTCATGGGTATT,0,3118966
rcsBp2,0.0625,15,15,CAATGCCGTACGCTCTCAAG,0,3085880
rcsBp2,0.0625,15,15,CAATGCAGATTCTCACGCGG,0,3114385
rcsBp2,0.0625,15,15,CAAAAAGAGGCTCAATCTAC,0,3095607
rcsBp2,0.0625,15,15,ATTTGTGGATTGGTCCGGTC,0,3074598
rcsBp2,0.0625,15,15,ATTGCTCATAAATCACTCAG,0,3111391
rcsBp2,0.0625,15,15,ATTCAAGGCGATCAACGTGA,0,3115647
rcsBp2,0.0625,15,15,ATGTAGACTAGATAGATATG,0,3117469
rcsBp2,0.0625,15,15,ATGGTTCCCCAGAAAAAGCA,0,3096006
rcsBp2,0.0625,15,15,ATGGAGCACGTTCCAGAATA,0,3084004
rcsBp2,0.0625,15,15,ATCAGATCATCGCATACCAG,0,3079758
rcsBp2,0.0625,15,15,ATACGTTGCGAGGTTATTCG,0,3102800
rcsBp2,0.0625,15,15,ATAAGGACACCACTCTTAGT,0,3086511
rcsBp2,0.0625,15,15,ATAAAGTAGTCACGGCATCC,0,3075275
rcsBp2,0.0625,15,15,AGTTCAATGAGAAGGTGGTG,0,3122328
rcsBp2,0.0625,15,15,AGTCGGTCTCCCATGACCTC,0,3108506
rcsBp2,0.0625,15,15,AGGTGATGAAGGTTAAACGT,0,3078575
rcsBp2,0.0625,15,15,AGGTACAATATGAGCACAGG,0,3076226
rcsBp2,0.0625,15,15,AGCCTGCATTGAATTAGACA,0,3111250
rcsBp2,0.0625,15,15,AGATCCACTCGGACCGGACT,0,3105127
rcsBp2,0.0625,15,15,AGACGCAAAGCTAGTCACCG,0,3096219
rcsBp2,0.0625,15,15,ACTCATTTGTGAAGCATCGC,0,3111493
rcsBp2,0.0625,15,15,ACTATAATCAAAATCACTAT,0,3103178
rcsBp2,0.0625,15,15,ACGGCAGCATTCAATATCCA,0,3096130
rcsBp2,0.0625,15,15,ACGGATGGGCAACAGAGAAG,0,3090315
rcsBp2,0.0625,15,15,ACAGGTGGTGTGGCGGGTTC,0,3080343
rcsBp2,0.0625,15,15,ACACCCAGCGCGACTCAGTT,0,3106181
rcsBp2,0.0625,15,15,ACAATCTATTGGCGGTTGTG,0,3075689
rcsBp2,0.0625,15,15,AATTCGCCCGGAGCGCCTAT,0,3086796
rcsBp2,0.0625,15,15,AAGTGAGACAGGGCGTCGTC,0,3093721
rcsBp2,0.0625,15,15,AAGGGATTAGTGTTCGCGAC,0,3110762
rcsBp2,0.0625,15,15,AAGCAGCGGCGGTGGCACTT,0,3085781
rcsBp2,0.0625,15,15,AACGCACGGTGAAACACTGT,0,3083923
rcsBp2,0.0625,15,15,AACCTGTTGCGTTCACTCCG,0,3086699
rcsBp2,0.0625,15,15,AAAGCTCAAATCCAGGCGAA,0,3104822
rcsBp2,0.0625,15,15,AAACCTTCGCTCAGGCCTGA,0,3077849
rcsBp2,0.0625,15,15,AAAATGCAAGTGGCATCTCC,0,3089193
rcsBp2,0.06666666666666667,14,14,TTTTCTTCAAATGCCGGTGA,0,3076264
rcsBp2,0.06666666666666667,14,14,TTTCGTCCCTTAGATGCTGG,0,3103538
rcsBp2,0.06666666666666667,14,14,TTTCATCTATAGGCCTAGAT,0,3075878
rcsBp2,0.06666666666666667,14,14,TTTACTTCAACTGGTAGGTC,0,3106875
rcsBp2,0.06666666666666667,14,14,TTGTCAAGTCAAGTTCCAGG,0,3073761
rcsBp2,0.06666666666666667,14,14,TTGCTGTCCCTGTTCCGTGG,0,3103438
rcsBp2,0.06666666666666667,14,14,TTCTTCTCCTTCTCAGACTG,0,3117449
rcsBp2,0.06666666666666667,14,14,TTCTATTCTATAATGGTTTG,0,3101869
rcsBp2,0.06666666666666667,14,14,TTCTAGCTTCGGCCGAGTGA,0,3091278
rcsBp2,0.06666666666666667,14,14,TTCGTTATTCGCATCCGTTG,0,3106120
rcsBp2,0.06666666666666667,14,14,TTCGAATGGCCCCCCTACAA,0,3111105
rcsBp2,0.06666666666666667,14,14,TTCCTCCACATAGGTATATA,0,3105865
rcsBp2,0.06666666666666667,14,14,TTATGGTCCAAGGAGCTGAT,0,3096180
rcsBp2,0.06666666666666667,14,14,TTACAAAACGCAGGTAGGCA,0,3109348
rcsBp2,0.06666666666666667,14,14,TGTGTGATGCTTATGACAAC,0,3114320
rcsBp2,0.06666666666666667,14,14,TGTATTCTGATGGTGCAGCT,0,3080639
rcsBp2,0.06666666666666667,14,14,TGGCGCCCGTCGGTTCGCAA,0,3098299
rcsBp2,0.06666666666666667,14,14,TGGCCACACTATCTCTATTG,0,3076658
rcsBp2,0.06666666666666667,14,14,TGCGATATCTCTACGGAAGA,0,3105286
rcsBp2,0.06666666666666667,14,14,TGCCTTTTGAAATAACGCCT,0,3082835
rcsBp2,0.06666666666666667,14,14,TGCCACTCACACGTGCAAGC,0,3103968
rcsBp2,0.06666666666666667,14,14,TGATACGTCTTCGTAGTTGG,0,3094613
rcsBp2,0.06666666666666667,14,14,TGAGGTATACAGACTTCCGC,0,3074540
rcsBp2,0.06666666666666667,14,14,TGACGAAACACCGCGACCTC,0,3096116
rcsBp2,0.06666666666666667,14,14,TGACCGGGTAACGTTCTATT,0,3112746
rcsBp2,0.06666666666666667,14,14,TGACAGGAATGCATATTTGG,0,3102920
rcsBp2,0.06666666666666667,14,14,TCTCGCATGGTGTCGTCAAG,0,3101358
rcsBp2,0.06666666666666667,14,14,TCTAGGAGCCAGGCACAGCA,0,3085107
rcsBp2,0.06666666666666667,14,14,TCGTCATGGGTAAAATGGGG,0,3098937
rcsBp2,0.06666666666666667,14,14,TCGCTATTACGAGGAGCAGG,0,3114288
rcsBp2,0.06666666666666667,14,14,TCCTCGACGTGACCACCCGT,0,3077421
rcsBp2,0.06666666666666667,14,14,TCCCTTAGGTGAGGATATTA,0,3103689
rcsBp2,0.06666666666666667,14,14,TCCCTGCTAACCCACATTAG,0,3122027
rcsBp2,0.06666666666666667,14,14,TCCCTATTACGTCCTGACAC,0,3074815
rcsBp2,0.06666666666666667,14,14,TCATATCAGCTTCCGGTGGT,0,3112521
rcsBp2,0.06666666666666667,14,14,TCAAGGAGGTTCAGAGCTCA,0,3093551
rcsBp2,0.06666666666666667,14,14,TATGGACCGGAGGGCATTTA,0,3082640
rcsBp2,0.06666666666666667,14,14,TATGCTTATCAGAGGGTGAT,0,3117481
rcsBp2,0.06666666666666667,14,14,TATCGTCGGCTGAACGCCTA,0,3093590
rcsBp2,0.06666666666666667,14,14,TATCACCCGTTCGTTAACTG,0,3117638
rcsBp2,0.06666666666666667,14,14,TATATAGGCGCGTCCATCAA,0,3080498
rcsBp2,0.06666666666666667,14,14,TAGAAGAGAGCTTGATCATT,0,3078743
rcsBp2,0.06666666666666667,14,14,TACTCCAAACACGTGCAGAT,0,3080772
rcsBp2,0.06666666666666667,14,14,TACTCAGGTGACTCCCTTTG,0,3105607
rcsBp2,0.06666666666666667,14,14,TACGATTAAAACAGACATCC,0,3074358
rcsBp2,0.06666666666666667,14,14,TACCCTCAATAGGCATGGTA,0,3121030
rcsBp2,0.06666666666666667,14,14,TAAGAACCCGTAATCTAAAC,0,3080783
rcsBp2,0.06666666666666667,14,14,TAACACGATGGCAGCTGGCC,0,3112276
rcsBp2,0.06666666666666667,14,14,TAAACCTGCGCCCCTTTGAT,0,3109608
rcsBp2,0.06666666666666667,14,14,TAAAACTGGCCGAGACATAT,0,3090248
rcsBp2,0.06666666666666667,14,14,GTTTAGACTGCGGTACTTTT,0,3098046
rcsBp2,0.06666666666666667,14,14,GTTGGGCAGATGCTACAAGC,0,3080974
rcsBp2,0.06666666666666667,14,14,GTTGCAGACCTAGACGATTA,0,3094269
rcsBp2,0.06666666666666667,14,14,GTTCGTAGATGTCAATCCAA,0,3110361
rcsBp2,0.06666666666666667,14,14,GTTCGCACGAAGATGGCATC,0,3122059
rcsBp2,0.06666666666666667,14,14,GTTATTGCTCGGCATTTGCT,0,3094651
rcsBp2,0.06666666666666667,14,14,GTGGTGTACAAGATTCGAGG,0,3118220
rcsBp2,0.06666666666666667,14,14,GTGGAATGGGCTACGAGCGT,0,3101945
rcsBp2,0.06666666666666667,14,14,GTGATAGACAGGACATAACT,0,3099607
rcsBp2,0.06666666666666667,14,14,GTGAGTATCTACAATATATA,0,3103581
rcsBp2,0.06666666666666667,14,14,GTCTGCGCTGCCTGGCTCGT,0,3104935
rcsBp2,0.06666666666666667,14,14,GTCTAAATGCGCAACTTGTT,0,3108396
rcsBp2,0.06666666666666667,14,14,GTCGCTGGTACACGCGACTA,0,3117002
rcsBp2,0.06666666666666667,14,14,GTCGCCCGCAGCACTGTCAG,0,3111544
rcsBp2,0.06666666666666667,14,14,GTCCGAGATCAGGTAGTGCC,0,3093222
rcsBp2,0.06666666666666667,14,14,GTATAGGGATCGCGTCTATA,0,3091136
rcsBp2,0.06666666666666667,14,14,GTAGGTCGTTGTGTCTACTC,0,3086592
rcsBp2,0.06666666666666667,14,14,GTACAATGAGGTTCACTAAT,0,3114266
rcsBp2,0.06666666666666667,14,14,GTACAATACTGTCAAGGAGC,0,3108333
rcsBp2,0.06666666666666667,14,14,GGTAGCGTATCGCCACGGCT,0,3097390
rcsBp2,0.06666666666666667,14,14,GGGTTCACGACGCCTTGAAG,0,3095919
rcsBp2,0.06666666666666667,14,14,GGGAAACGTAGGTTTCTTGT,0,3074958
rcsBp2,0.06666666666666667,14,14,GGCTTAAAGTGTCAGGAGTT,0,3106563
rcsBp2,0.06666666666666667,14,14,GGCTGAGCCGAGGGCTACCT,0,3108942
rcsBp2,0.06666666666666667,14,14,GGCTCCTCCAATAAGGCATA,0,3082889
rcsBp2,0.06666666666666667,14,14,GGCTAGCCATTGCTCGCGTC,0,3090866
rcsBp2,0.06666666666666667,14,14,GGCTAGATGTGCTATAAGGA,0,3079701
rcsBp2,0.06666666666666667,14,14,GGCCCCTCACGGTCCCTGGG,0,3101959
rcsBp2,0.06666666666666667,14,14,GGCAATTGGTGGCGTTGACA,0,3076867
rcsBp2,0.06666666666666667,14,14,GGAGTGTGTGACCCACGTAT,0,3081453
rcsBp2,0.06666666666666667,14,14,GGAAAACAGGTTGATCCCAT,0,3099353
rcsBp2,0.06666666666666667,14,14,GCTGGTGATGACTATCAATA,0,3092570
rcsBp2,0.06666666666666667,14,14,GCTGGTATTGCGTCTCGCCT,0,3079750
rcsBp2,0.06666666666666667,14,14,GCTCTCACAGGGCGATATCT,0,3112029
rcsBp2,0.06666666666666667,14,14,GCTCGACCATGGCTCTGCGG,0,3077239
rcsBp2,0.06666666666666667,14,14,GCGTAGCCGCCAGGTTGTGA,0,3096809
rcsBp2,0.06666666666666667,14,14,GCGGTAGTTGCCGTAAACCT,0,3086048
rcsBp2,0.06666666666666667,14,14,GCGGCAGAAGCCTTTGCTAA,0,3074482
rcsBp2,0.06666666666666667,14,14,GCGATGGTTCATAACCCTTT,0,3104520
rcsBp2,0.06666666666666667,14,14,GCGATGGGAGAACCGTGGCT,0,3080351
rcsBp2,0.06666666666666667,14,14,GCGATGCATTAATGCAACCC,0,3077187
rcsBp2,0.06666666666666667,14,14,GCCATTCGGAGTTCCTTTAA,0,3092600
rcsBp2,0.06666666666666667,14,14,GCCATGGACAGGCGTTCAGG,0,3084425
rcsBp2,0.06666666666666667,14,14,GCCATAGTCAAAACCAGCAG,0,3098572
rcsBp2,0.06666666666666667,14,14,GCATCGAGAGGACCCTTGCA,0,3091997
rcsBp2,0.06666666666666667,14,14,GCAGTTGTTACTTGTTACGT,0,3092476
rcsBp2,0.06666666666666667,14,14,GCACATTAGGGAAAGCGATT,0,3081820
rcsBp2,0.06666666666666667,14,14,GCACAACTAGACGTTTGCCA,0,3119643
rcsBp2,0.06666666666666667,14,14,GATTGCCCATGCTACCGGCG,0,3092245
rcsBp2,0.06666666666666667,14,14,GATCTGACTTCGAAGGGCTT,0,3097296
rcsBp2,0.06666666666666667,14,14,GAGTTGTGCCTGGGTGTGAG,0,3116593
rcsBp2,0.06666666666666667,14,14,GAGAAGTGAAACTCTAGAGA,0,3081381
rcsBp2,0.06666666666666667,14,14,GACGGTAATGCGCAGGAGAT,0,3096657
rcsBp2,0.06666666666666667,14,14,GAATTGAAAACAAACGGGAC,0,3092975
rcsBp2,0.06666666666666667,14,14,GAAGGGGATAACTGGTGCCA,0,3096465
rcsBp2,0.06666666666666667,14,14,GAAATGGTGACTTCAGCAAC,0,3110067
rcsBp2,0.06666666666666667,14,14,CTTTTAGAATCTCATCGACA,0,3116952
rcsBp2,0.06666666666666667,14,14,CTTTCCTGAGGATATGATTA,0,3095557
rcsBp2,0.06666666666666667,14,14,CTTGGAGTATCAGGCTGTAC,0,3117607
rcsBp2,0.06666666666666667,14,14,CTTGAAGTTTAAGAACTGAC,0,3118992
rcsBp2,0.06666666666666667,14,14,CTTAATATTGACCAGAGGGA,0,3110166
rcsBp2,0.06666666666666667,14,14,CTCGTGATTAAACGGTGTCG,0,3101059
rcsBp2,0.06666666666666667,14,14,CTCCAGAAGTCGCTTAGATG,0,3085422
rcsBp2,0.06666666666666667,14,14,CTATTTCTAGGAATGGCTCC,0,3084780
rcsBp2,0.06666666666666667,14,14,CTATTGGGCTAGACCAATAA,0,3112788
rcsBp2,0.06666666666666667,14,14,CTATTCCGATTACAATTATA,0,3113608
rcsBp2,0.06666666666666667,14,14,CTATCAGTGAACGACTTCTG,0,3116480
rcsBp2,0.06666666666666667,14,14,CTAGCGACTCGGCAATCTAT,0,3082713
rcsBp2,0.06666666666666667,14,14,CTAGACATCTGCTCGGCCTA,0,3101709
rcsBp2,0.06666666666666667,14,14,CTACGACAGGTCCATGAGAC,0,3091431
rcsBp2,0.06666666666666667,14,14,CTAAGACAGCCTCGCACACG,0,3119258
rcsBp2,0.06666666666666667,14,14,CGTTGAGATAAGAGACACTC,0,3074071
rcsBp2,0.06666666666666667,14,14,CGTATCCCTACGGGATCTAA,0,3077465
rcsBp2,0.06666666666666667,14,14,CGTATCCCGTTTCGCCCCTA,0,3109703
rcsBp2,0.06666666666666667,14,14,CGGGGTTGGAGTGTGACTCA,0,3104670
rcsBp2,0.06666666666666667,14,14,CGGGCCGTGTTCTACCACTT,0,3118030
rcsBp2,0.06666666666666667,14,14,CGGCTTGTATGCGCTGCGGT,0,3111549
rcsBp2,0.06666666666666667,14,14,CGGCATGATTTCCTCGAAAG,0,3115121
rcsBp2,0.06666666666666667,14,14,CGCGGACAAAATCTCTTGAT,0,3112874
rcsBp2,0.06666666666666667,14,14,CGCGCAGAGCCCCCATGTGT,0,3096812
rcsBp2,0.06666666666666667,14,14,CGATTATGGTAACAGGTTAT,0,3101790
rcsBp2,0.06666666666666667,14,14,CGATGCCCCGTTTATGTGCA,0,3099368
rcsBp2,0.06666666666666667,14,14,CGACTACAACGTTTTCGTTT,0,3103258
rcsBp2,0.06666666666666667,14,14,CGAATGTGCTTTGTTGGACT,0,3109201
rcsBp2,0.06666666666666667,14,14,CCTTTCTCGGACTCCGTCGT,0,3103698
rcsBp2,0.06666666666666667,14,14,CCTTTCTCCCTGGTGTGCAT,0,3104693
rcsBp2,0.06666666666666667,14,14,CCTCGTTCACGAGCAAAGGT,0,3105000
rcsBp2,0.06666666666666667,14,14,CCGTTCTGCTGGGGGAATAA,0,3093735
rcsBp2,0.06666666666666667,14,14,CCGCTGAGTCTTATGCGCGT,0,3082071
rcsBp2,0.06666666666666667,14,14,CCGCGATCATACTTTGACCC,0,3091415
rcsBp2,0.06666666666666667,14,14,CCGCCATGAATAAGTCTAAA,0,3090647
rcsBp2,0.06666666666666667,14,14,CCGAAAATTCTGCGCTATAC,0,3113281
rcsBp2,0.06666666666666667,14,14,CCCGATGGAGAGTCACAGAC,0,3120602
rcsBp2,0.06666666666666667,14,14,CCCATGTGAACCGAGCGACC,0,3110359
rcsBp2,0.06666666666666667,14,14,CCATAGGGCTTAATAACCAC,0,3076604
rcsBp2,0.06666666666666667,14,14,CCAAGTCGTAAGTAAGTATT,0,3098734
rcsBp2,0.06666666666666667,14,14,CATTGTCGTCCAACACAGTC,0,3114712
rcsBp2,0.06666666666666667,14,14,CATGCAGAGGATCCGCCCAT,0,3082521
rcsBp2,0.06666666666666667,14,14,CAGCTGGAATTGGCCCCACG,0,3103406
rcsBp2,0.06666666666666667,14,14,CACGTGGGCCGGAACAGTAC,0,3089668
rcsBp2,0.06666666666666667,14,14,CAATGAGGGGGGCTTGGTCT,0,3104436
rcsBp2,0.06666666666666667,14,14,CAATATAGGTCCGGTCGGTT,0,3098351
rcsBp2,0.06666666666666667,14,14,ATGTCCGAGTGCGGTACCTC,0,3118172
rcsBp2,0.06666666666666667,14,14,ATGCCACGCCACCTTCACTA,0,3079174
rcsBp2,0.06666666666666667,14,14,ATGCATGACTTGGTGGCCTT,0,3120637
rcsBp2,0.06666666666666667,14,14,ATCGGTACACGACACTCCGG,0,3111057
rcsBp2,0.06666666666666667,14,14,ATAGGAGACTTGCATAAGGC,0,3117574
rcsBp2,0.06666666666666667,14,14,AGTCTGAGTATCTAACAACG,0,3093587
rcsBp2,0.06666666666666667,14,14,AGTCAACCACTACGGGGAGT,0,3122056
rcsBp2,0.06666666666666667,14,14,AGTACGCAATCGTTGTCCAC,0,3088827
rcsBp2,0.06666666666666667,14,14,AGGTAGGAACCATATAGACA,0,3098108
rcsBp2,0.06666666666666667,14,14,AGGGTAAAGGGTAGTCCGTC,0,3114655
rcsBp2,0.06666666666666667,14,14,AGCTCGAGTCGCTTTGCAAT,0,3113241
rcsBp2,0.06666666666666667,14,14,AGCCTTTAGGATGGTTCGAG,0,3107253
rcsBp2,0.06666666666666667,14,14,AGCATCAGCCGTCGCGTGAG,0,3078544
rcsBp2,0.06666666666666667,14,14,AGCAGTGGGTAGGTTTCGTT,0,3106595
rcsBp2,0.06666666666666667,14,14,AGATCATTCGATGCTAACGG,0,3116670
rcsBp2,0.06666666666666667,14,14,ACTGGTTCAGGGACAAATGG,0,3099568
rcsBp2,0.06666666666666667,14,14,ACTGCCACCGCGACATTGAG,0,3112713
rcsBp2,0.06666666666666667,14,14,ACTGACATCGGGCCTGTATT,0,3119180
rcsBp2,0.06666666666666667,14,14,ACTCATCGCCTGCTTAAGTT,0,3076284
rcsBp2,0.06666666666666667,14,14,ACTATTTAGACTCCAGGTTC,0,3090782
rcsBp2,0.06666666666666667,14,14,ACGGGCAACGAGAAATATAA,0,3114977
rcsBp2,0.06666666666666667,14,14,ACGGCGGCACGATAAGCGCT,0,3091859
rcsBp2,0.06666666666666667,14,14,ACGGCATACCTCGCAGACGG,0,3116950
rcsBp2,0.06666666666666667,14,14,ACCCTGGATTTCTGACCCCG,0,3101482
rcsBp2,0.06666666666666667,14,14,ACCCACTGCAATTAAAGAAA,0,3111098
rcsBp2,0.06666666666666667,14,14,ACCATCCATGAAAGCTGCAA,0,3120877
rcsBp2,0.06666666666666667,14,14,ACATGTCTCAGACTTAGTCA,0,3095926
rcsBp2,0.06666666666666667,14,14,ACACTGTGGGCGTCCGTCGT,0,3087497
rcsBp2,0.06666666666666667,14,14,ACACGTCTCAATTCAACGGA,0,3095318
rcsBp2,0.06666666666666667,14,14,ACAACCTTGGGACGGCCGTA,0,3111938
rcsBp2,0.06666666666666667,14,14,AATGTCAGCATAAAACGGTT,0,3115499
rcsBp2,0.06666666666666667,14,14,AAGTCGGGACTATCACTCGA,0,3104151
rcsBp2,0.06666666666666667,14,14,AAGCCCTTACTGGCATGCAA,0,3084567
rcsBp2,0.06666666666666667,14,14,AAGAGACTAATAAGGACGTT,0,3094566
rcsBp2,0.06666666666666667,14,14,AACAGTGCTCAGTCAGACAC,0,3088743
rcsBp2,0.06666666666666667,14,14,AAATCCGACCACGGGCACGT,0,3115507
rcsBp2,0.06666666666666667,14,14,AAAATCGAATCTAGGTCTTC,0,3077824
rcsBp2,0.06666666666666667,14,14,AAAATCAGTAAGGGTCATTT,0,3101141
rcsBp2,0.07142857142857142,13,13,TTTTCGCGTCATACCAATAC,0,3090885
rcsBp2,0.07142857142857142,13,13,TTTTATCCACGAAACCGTGG,0,3094562
rcsBp2,0.07142857142857142,13,13,TTTCGGATTCACCCGGCCCT,0,3115663
rcsBp2,0.07142857142857142,13,13,TTTATTGCATCGTAAATCCC,0,3082028
rcsBp2,0.07142857142857142,13,13,TTTACAAATGGACAGCGGCC,0,3110736
rcsBp2,0.07142857142857142,13,13,TTGGGTAGTAAAGGTAATAA,0,3089667
rcsBp2,0.07142857142857142,13,13,TTGGACTCCTCGGGGACAGT,0,3114504
rcsBp2,0.07142857142857142,13,13,TTCGGTTACGGCGCGTCGTA,0,3101773
rcsBp2,0.07142857142857142,13,13,TTAATGGGAAATGTACGTAT,0,3090355
rcsBp2,0.07142857142857142,13,13,TTAAATCGACCGCTCCGACT,0,3076185
rcsBp2,0.07142857142857142,13,13,TGTGGCTGGCATAATGGTGG,0,3088666
rcsBp2,0.07142857142857142,13,13,TGTACGCAGGCGTCCAAATA,0,3105130
rcsBp2,0.07142857142857142,13,13,TGGTTTGCAGTGTTATCACC,0,3080805
rcsBp2,0.07142857142857142,13,13,TGGTCATTCAGATTATCGAG,0,3098263
rcsBp2,0.07142857142857142,13,13,TGGGGAATCAGAGGATTGGG,0,3084544
rcsBp2,0.07142857142857142,13,13,TGGGATTGGGTGAACCCAGT,0,3101412
rcsBp2,0.07142857142857142,13,13,TGCGACCCCAATTTTCGGTC,0,3108548
rcsBp2,0.07142857142857142,13,13,TGCCCTGATAGGGGTTTGCA,0,3092383
rcsBp2,0.07142857142857142,13,13,TCTTCCAATTCGTGCTGGAG,0,3106414
rcsBp2,0.07142857142857142,13,13,TCTGTAGCCGGGAATGCTTT,0,3086237
rcsBp2,0.07142857142857142,13,13,TCTGATGGCCATATCCTTAG,0,3116874
rcsBp2,0.07142857142857142,13,13,TCTCAGAATACCCCTATGAC,0,3106994
rcsBp2,0.07142857142857142,13,13,TCGAATTAAGAATACGATTG,0,3084414
rcsBp2,0.07142857142857142,13,13,TCCTACTGTGTCCAGCAAAT,0,3091152
rcsBp2,0.07142857142857142,13,13,TCCCCGCTCCTTTCACTTGA,0,3098091
rcsBp2,0.07142857142857142,13,13,TCCCCCAGTCCTCTCGGCAG,0,3120845
rcsBp2,0.07142857142857142,13,13,TCCCCACGCTAACTGGCAAG,0,3107128
rcsBp2,0.07142857142857142,13,13,TCATGTGACCAAGTTGTTAC,0,3084486
rcsBp2,0.07142857142857142,13,13,TCAGAGATTACTGGGCATAG,0,3092033
rcsBp2,0.07142857142857142,13,13,TCACGCATTTACATCAATAT,0,3119559
rcsBp2,0.07142857142857142,13,13,TATCTTCTGGGGTAGTACCA,0,3110449
rcsBp2,0.07142857142857142,13,13,TATACCTTATCGTTCTGGGT,0,3081763
rcsBp2,0.07142857142857142,13,13,TAGGAGCGTGGCAACTATAT,0,3095651
rcsBp2,0.07142857142857142,13,13,TAGACAAATTCGCTCTCGTG,0,3086320
rcsBp2,0.07142857142857142,13,13,TAATATGCCTACGATCCGGG,0,3103912
rcsBp2,0.07142857142857142,13,13,TAAGAATATATCGATATGGG,0,3090914
rcsBp2,0.07142857142857142,13,13,TAAAACACGGCGCCTCTACT,0,3095663
rcsBp2,0.07142857142857142,13,13,GTTTTCCACAGTTTGGCAGT,0,3086581
rcsBp2,0.07142857142857142,13,13,GTTGCATAGATGTGTGCAGC,0,3092312
rcsBp2,0.07142857142857142,13,13,GTTCCTAACCTCCCGCGCGT,0,3117391
rcsBp2,0.07142857142857142,13,13,GTTCCGGACTTATCGGATAG,0,3089771
rcsBp2,0.07142857142857142,13,13,GTGTGCGACGTGTGAATGAC,0,3105652
rcsBp2,0.07142857142857142,13,13,GTGTCCGAGGCCCATCGAAC,0,3079842
rcsBp2,0.07142857142857142,13,13,GTGTAACGACTCATCGGTCG,0,3087401
rcsBp2,0.07142857142857142,13,13,GTGGATTGTTTTTATTTCGT,0,3079394
rcsBp2,0.07142857142857142,13,13,GTGCCGTACAAGATCCTGGG,0,3097191
rcsBp2,0.07142857142857142,13,13,GTGATGCGTGCTAAAAGACT,0,3089910
rcsBp2,0.07142857142857142,13,13,GTCTACTGCTGTCAGCTCCT,0,3092428
rcsBp2,0.07142857142857142,13,13,GTCGCGGTTCCACTAGGATG,0,3107949
rcsBp2,0.07142857142857142,13,13,GTCGAGCTCCAACCCGCCTG,0,3085016
rcsBp2,0.07142857142857142,13,13,GTATCAACAGAATCCAAAAC,0,3076722
rcsBp2,0.07142857142857142,13,13,GTAGAATGGGTTTGCAAGTA,0,3105347
rcsBp2,0.07142857142857142,13,13,GTACACGTTCACGACCACCA,0,3091420
rcsBp2,0.07142857142857142,13,13,GTACACAGATATAATAACGG,0,3080234
rcsBp2,0.07142857142857142,13,13,GTAACCCTCAGCGAAGCCGT,0,3083088
rcsBp2,0.07142857142857142,13,13,GGTTGCAAAGTTGTGATCTT,0,3094568
rcsBp2,0.07142857142857142,13,13,GGTTCAGTACAGGGGCCTGT,0,3075057
rcsBp2,0.07142857142857142,13,13,GGTGTAGATGTCGCAGATTT,0,3097374
rcsBp2,0.07142857142857142,13,13,GGGTACAGCACGGTCAGGCA,0,3108804
rcsBp2,0.07142857142857142,13,13,GGGGGTTCATGCACCTCTGG,0,3084371
rcsBp2,0.07142857142857142,13,13,GGGAAACCCAAACGCACCGC,0,3082039
rcsBp2,0.07142857142857142,13,13,GGCTCGATACGTACGTTAGT,0,3105739
rcsBp2,0.07142857142857142,13,13,GGCGAATCCACATTCTCTCC,0,3111711
rcsBp2,0.07142857142857142,13,13,GGCCCATACTTCGCTACAAG,0,3075035
rcsBp2,0.07142857142857142,13,13,GGCCCAGTTGAAAGATGGAT,0,3106332
rcsBp2,0.07142857142857142,13,13,GGATGTACCTGCAGTCGGGG,0,3075916
rcsBp2,0.07142857142857142,13,13,GGATCACTCATGGTCATGTA,0,3104150
rcsBp2,0.07142857142857142,13,13,GCTGTATAAAAGGCCGGTGG,0,3093647
rcsBp2,0.07142857142857142,13,13,GCTGGCGACTCTTTACAACG,0,3100612
rcsBp2,0.07142857142857142,13,13,GCTGAGATGTGATTTTTCTT,0,3107619
rcsBp2,0.07142857142857142,13,13,GCGGGTAAGGCCTTATAATT,0,3111564
rcsBp2,0.07142857142857142,13,13,GCGGGGGACTGCGCGTTGGT,0,3078449
rcsBp2,0.07142857142857142,13,13,GCGGGAATGGTAGTGAAAGA,0,3121335
rcsBp2,0.07142857142857142,13,13,GCGCGTGGACCCTTTTAAGA,0,3082153
rcsBp2,0.07142857142857142,13,13,GCCATTTTTTGCGGCTATAA,0,3112323
rcsBp2,0.07142857142857142,13,13,GCCATTTTAACCGTGCCATA,0,3097435
rcsBp2,0.07142857142857142,13,13,GCATCCCCATGGCGTGTCTG,0,3103893
rcsBp2,0.07142857142857142,13,13,GCAGGCCTACCGGGATGCGC,0,3096387
rcsBp2,0.07142857142857142,13,13,GCAAGGGACCGCATTTTCCT,0,3078607
rcsBp2,0.07142857142857142,13,13,GATTCGTTATCCTTACAGGA,0,3083922
rcsBp2,0.07142857142857142,13,13,GATGGCGGTGCTTAGGCGTA,0,3104717
rcsBp2,0.07142857142857142,13,13,GATGATTAGCTTTCACCCAG,0,3107736
rcsBp2,0.07142857142857142,13,13,GAGTCGAAATCATCCTGTAG,0,3080747
rcsBp2,0.07142857142857142,13,13,GAGAAGCACCAGTCAGACCA,0,3093042
rcsBp2,0.07142857142857142,13,13,GACTCAACTTGGCCATTTGT,0,3120715
rcsBp2,0.07142857142857142,13,13,GAATGTCGGCAACCGTCAAA,0,3087885
rcsBp2,0.07142857142857142,13,13,GAATGATACAAATGGGCCGG,0,3095778
rcsBp2,0.07142857142857142,13,13,GAATAGTACGCAGGGGAGCG,0,3075274
rcsBp2,0.07142857142857142,13,13,GAACTAGAAATTACTCGCGG,0,3109784
rcsBp2,0.07142857142857142,13,13,GAACAGATATACTAAGCTAG,0,3117079
rcsBp2,0.07142857142857142,13,13,CTTTGCATTGGGGGCCTTTG,0,3087052
rcsBp2,0.07142857142857142,13,13,CTGTTCGGTGTGATCCATCA,0,3112998
rcsBp2,0.07142857142857142,13,13,CTGTCGGATCCACATATACA,0,3099990
rcsBp2,0.07142857142857142,13,13,CTGCCACCACTGACCCGCTG,0,3081024
rcsBp2,0.07142857142857142,13,13,CTCTTTCTATCTAATTCTCA,0,3114372
rcsBp2,0.07142857142857142,13,13,CTCTGGTCGCCGTAAAAACA,0,3087815
rcsBp2,0.07142857142857142,13,13,CTCGAGGGAACTTGCAAAGT,0,3097982
rcsBp2,0.07142857142857142,13,13,CTCCACAAGTTTTAGCATGT,0,3088544
rcsBp2,0.07142857142857142,13,13,CTCAATCGTGCGCCATGCCT,0,3077360
rcsBp2,0.07142857142857142,13,13,CTAGGAGAACGGGGATCAAG,0,3110800
rcsBp2,0.07142857142857142,13,13,CTACTCACTGGGACACGAAA,0,3120012
rcsBp2,0.07142857142857142,13,13,CTAATCTCATTAGCACGATT,0,3080612
rcsBp2,0.07142857142857142,13,13,CTAAGATGAGCTGGCTTAGT,0,3078740
rcsBp2,0.07142857142857142,13,13,CGTTTTCTGCTCCTCGGCAT,0,3079834
rcsBp2,0.07142857142857142,13,13,CGTTGCTGGGGTTTAATGCG,0,3104902
rcsBp2,0.07142857142857142,13,13,CGTCTTATCCAGTGGCGACT,0,3099599
rcsBp2,0.07142857142857142,13,13,CGTCCCGTAGTCTTCTTAGT,0,3080748
rcsBp2,0.07142857142857142,13,13,CGTAGATACGGGCTGACACT,0,3079318
rcsBp2,0.07142857142857142,13,13,CGTACCTTACTTTTTTTAGG,0,3096584
rcsBp2,0.07142857142857142,13,13,CGGGCTCCGCATATTACAAC,0,3107728
rcsBp2,0.07142857142857142,13,13,CGGGCCTCATGATACCATAG,0,3077073
rcsBp2,0.07142857142857142,13,13,CGGGCAAATGAACTCTACGG,0,3111020
rcsBp2,0.07142857142857142,13,13,CGGCTGCAAAAGTTGTCCCA,0,3122539
rcsBp2,0.07142857142857142,13,13,CGGCCAGCATACACAACCGA,0,3093459
rcsBp2,0.07142857142857142,13,13,CGGATTCTCGGTCCGTAGAA,0,3086427
rcsBp2,0.07142857142857142,13,13,CGGACGCCACACAGTAACTT,0,3079704
rcsBp2,0.07142857142857142,13,13,CGCCATAGATCTACATTGCT,0,3094862
rcsBp2,0.07142857142857142,13,13,CGATGCGAGGCGCGTACGGA,0,3083089
rcsBp2,0.07142857142857142,13,13,CGATCTTAACGCAGCTATCT,0,3080160
rcsBp2,0.07142857142857142,13,13,CGAGTAGGCGTCTGTCACGA,0,3083589
rcsBp2,0.07142857142857142,13,13,CGAGGGGAATAAAGCTCGAA,0,3104269
rcsBp2,0.07142857142857142,13,13,CGACACATAACGGACTTTGT,0,3101906
rcsBp2,0.07142857142857142,13,13,CGAAGTTGAACATTAAAATG,0,3085601
rcsBp2,0.07142857142857142,13,13,CCTGGTCAGGTCACTGCCTC,0,3118182
rcsBp2,0.07142857142857142,13,13,CCTGCATCGTTATAGAAGTG,0,3076190
rcsBp2,0.07142857142857142,13,13,CCTGATCAATACCGACCGTT,0,3110100
rcsBp2,0.07142857142857142,13,13,CCTCCATATGATACCGGAAA,0,3099378
rcsBp2,0.07142857142857142,13,13,CCGGGTCCTGGCTCGAGTGA,0,3078702
rcsBp2,0.07142857142857142,13,13,CCCCTAAGACATATTCGAAT,0,3078310
rcsBp2,0.07142857142857142,13,13,CCCCGAAGTGGCACGCAGAT,0,3087997
rcsBp2,0.07142857142857142,13,13,CCACACGCATTCAATAGAGT,0,3086595
rcsBp2,0.07142857142857142,13,13,CATTCTCCACTTCATCAATG,0,3105515
rcsBp2,0.07142857142857142,13,13,CATAAGCTGATATGCTGTAT,0,3081328
rcsBp2,0.07142857142857142,13,13,CAGTCCTAATTATTTGAAGT,0,3114739
rcsBp2,0.07142857142857142,13,13,CAGGAGCCGATTGCGATACT,0,3093306
rcsBp2,0.07142857142857142,13,13,CAGCCAATTCCTAATGTAGA,0,3089456
rcsBp2,0.07142857142857142,13,13,CAGATCATACTTCATGGCAA,0,3096272
rcsBp2,0.07142857142857142,13,13,CACGTTCTATTGTATTATAC,0,3080040
rcsBp2,0.07142857142857142,13,13,CACCTGCCAATTGGATCTAC,0,3096221
rcsBp2,0.07142857142857142,13,13,CACACCAAGCATCCATATTC,0,3087897
rcsBp2,0.07142857142857142,13,13,CAATTTAGGTGAGCCGGCTA,0,3120627
rcsBp2,0.07142857142857142,13,13,CAAGCTTCAGTGCCCTTAAC,0,3096613
rcsBp2,0.07142857142857142,13,13,CAACATGGTGCACCCGGACA,0,3116096
rcsBp2,0.07142857142857142,13,13,CAAATTTCTACGGGTCTACA,0,3105612
rcsBp2,0.07142857142857142,13,13,ATTGAGGCTATTTTTGCACC,0,3078399
rcsBp2,0.07142857142857142,13,13,ATGGTACGTCCGCACGAAGG,0,3095291
rcsBp2,0.07142857142857142,13,13,ATGGATCGGATTACCTACCT,0,3101750
rcsBp2,0.07142857142857142,13,13,ATGCTGCTTTATGAAGCAAA,0,3088986
rcsBp2,0.07142857142857142,13,13,ATCGGCTATTACCGCACTCT,0,3075276
rcsBp2,0.07142857142857142,13,13,ATCGAATAGGAATTGGTGTT,0,3116390
rcsBp2,0.07142857142857142,13,13,ATCCATCAGCTCTCTACGGT,0,3074493
rcsBp2,0.07142857142857142,13,13,ATCAGTTGTCGGGACCTGGG,0,3084669
rcsBp2,0.07142857142857142,13,13,ATCAAGAATTGAATTAATTG,0,3114737
rcsBp2,0.07142857142857142,13,13,ATATTGTCCGTTGGTCTTCC,0,3073809
rcsBp2,0.07142857142857142,13,13,ATACTTACGCTTTTATGTAA,0,3079946
rcsBp2,0.07142857142857142,13,13,ATACAACGCGACAAGCATCA,0,3114485
rcsBp2,0.07142857142857142,13,13,AGTTACCCAGCCAGCGGAAG,0,3090713
rcsBp2,0.07142857142857142,13,13,AGTCGCTGAGAAATGTCTCC,0,3100686
rcsBp2,0.07142857142857142,13,13,AGTAGGCCGGCATATCAGCT,0,3089058
rcsBp2,0.07142857142857142,13,13,AGTAAGCCTTAGAGGCACTA,0,3108425
rcsBp2,0.07142857142857142,13,13,AGGTTAAAAGATGGCAGTTA,0,3101320
rcsBp2,0.07142857142857142,13,13,AGGGGGCACGTGTGGTGAAT,0,3100258
rcsBp2,0.07142857142857142,13,13,AGGGGAGATTCATGCCCTGG,0,3082024
rcsBp2,0.07142857142857142,13,13,AGGCTACCCATTTCTGATCC,0,3102444
rcsBp2,0.07142857142857142,13,13,AGGCACTTACGCGAGCAGAG,0,3099377
rcsBp2,0.07142857142857142,13,13,AGGCACATGCACTGGCTGCT,0,3087383
rcsBp2,0.07142857142857142,13,13,AGCTTCGCTAAGCATCTGGA,0,3091553
rcsBp2,0.07142857142857142,13,13,AGCTTACGGAGTCGAAACGA,0,3082625
rcsBp2,0.07142857142857142,13,13,AGCTGGCCTGTTGTGAGACG,0,3081802
rcsBp2,0.07142857142857142,13,13,AGCTGACCATAGCAATGGCT,0,3098023
rcsBp2,0.07142857142857142,13,13,AGCGCGGCGCGCTGCGAACA,0,3116884
rcsBp2,0.07142857142857142,13,13,AGCCAGCACTGGGTTATGCT,0,3087331
rcsBp2,0.07142857142857142,13,13,AGCAATGGTTTTGAGCGCTT,0,3074828
rcsBp2,0.07142857142857142,13,13,AGATGTGAATATCAAGTAGC,0,3111400
rcsBp2,0.07142857142857142,13,13,AGAGTGATGGGCTGCGAGGT,0,3082993
rcsBp2,0.07142857142857142,13,13,AGAGATGACAGTGTTACAGC,0,3090207
rcsBp2,0.07142857142857142,13,13,AGACATGTTTTACCATGATA,0,3086479
rcsBp2,0.07142857142857142,13,13,AGAACAGACTATTTGACGCG,0,3094987
rcsBp2,0.07142857142857142,13,13,ACTGTTCGATACTTGCGAAT,0,3119969
rcsBp2,0.07142857142857142,13,13,ACTGCGCGTCGCGCGATTGA,0,3080719
rcsBp2,0.07142857142857142,13,13,ACTCCCGAACTGAGGAAAGT,0,3107916
rcsBp2,0.07142857142857142,13,13,ACGGTTTCTCGTATAGAGAA,0,3112052
rcsBp2,0.07142857142857142,13,13,ACGGGAGATTTAGTGTGGGT,0,3078698
rcsBp2,0.07142857142857142,13,13,ACGGCTTATATTACCAGTAT,0,3093633
rcsBp2,0.07142857142857142,13,13,ACGGCTCTCGTAATACTCTA,0,3107126
rcsBp2,0.07142857142857142,13,13,ACGAGTAACCAGGCAAAGCT,0,3121461
rcsBp2,0.07142857142857142,13,13,ACCTAGAGAAGCGGGACTCG,0,3075562
rcsBp2,0.07142857142857142,13,13,ACCGGGATCAAGTGGTGATA,0,3082300
rcsBp2,0.07142857142857142,13,13,ACCCAGGTTGGAACATCTAC,0,3081753
rcsBp2,0.07142857142857142,13,13,ACCCACACCTACGCAATGTG,0,3080267
rcsBp2,0.07142857142857142,13,13,ACATACGAAGGGTTTATTAA,0,3079861
rcsBp2,0.07142857142857142,13,13,ACACCGCCTCGGTATCAGTG,0,3122097
rcsBp2,0.07142857142857142,13,13,ACAATGTAAGGACTGTACGC,0,3089452
rcsBp2,0.07142857142857142,13,13,AATTGATCCCTCCATACTGA,0,3080028
rcsBp2,0.07142857142857142,13,13,AAGGGGGTCATACCGGGAAT,0,3077387
rcsBp2,0.07142857142857142,13,13,AAGCGAGGGTTATGAAACGA,0,3115124
rcsBp2,0.07142857142857142,13,13,AAGAGCCCCTCACCTAAGGA,0,3109691
rcsBp2,0.07142857142857142,13,13,AACCTAGGTGGACGTTATGA,0,3101997
rcsBp2,0.07142857142857142,13,13,AACATGCAGTCCAACGGCAA,0,3088420
rcsBp2,0.07142857142857142,13,13,AAAGCTCGATACCTACTATG,0,3116489
rcsBp2,0.07142857142857142,13,13,AAAGAGCTATATGGCGAACT,0,3083248
rcsBp2,0.07142857142857142,13,13,AAACGTAGGTTCACTAGCTA,0,3108429
rcsBp2,0.07692307692307693,12,12,TTTTCTCGGTGTCTCTCTCG,0,3085433
rcsBp2,0.07692307692307693,12,12,TTTACTTGGCCCCTTGAACT,0,3083080
rcsBp2,0.07692307692307693,12,12,TTGGAGGGGAACATCGAGGA,0,3098739
rcsBp2,0.07692307692307693,12,12,TTCTGATCACTCCGTGTCAC,0,3083406
rcsBp2,0.07692307692307693,12,12,TTAGTCGGGGAAGACACGGG,0,3089464
rcsBp2,0.07692307692307693,12,12,TTACCTCAACTTGAGCAGAA,0,3113818
rcsBp2,0.07692307692307693,12,12,TGTCTGGAACTCTAATCAAT,0,3107665
rcsBp2,0.07692307692307693,12,12,TGTCTCTTGGGGGTTTATTC,0,3084674
rcsBp2,0.07692307692307693,12,12,TGTCGGGGGCGGCGGCAATA,0,3085426
rcsBp2,0.07692307692307693,12,12,TGTCCTAGCGGACGTTCCAT,0,3106052
rcsBp2,0.07692307692307693,12,12,TGTCAGCGGCATTTAGTTAC,0,3082954
rcsBp2,0.07692307692307693,12,12,TGGTAGGGACCAGCTGAGTT,0,3115968
rcsBp2,0.07692307692307693,12,12,TGGGTAGTATTTACCATGCA,0,3089367
rcsBp2,0.07692307692307693,12,12,TGGCCTTCGCCATCAAAATC,0,3112879
rcsBp2,0.07692307692307693,12,12,TGGACCTTGCTTTTGGCGAC,0,3105306
rcsBp2,0.07692307692307693,12,12,TGGAAACATTCCCAACATTA,0,3102099
rcsBp2,0.07692307692307693,12,12,TGCTAAGGTACGTCGTGTCT,0,3089358
rcsBp2,0.07692307692307693,12,12,TGCCTAAGAACACAGTAGTT,0,3077009
rcsBp2,0.07692307692307693,12,12,TGCCATCGTTAGGCTACTTC,0,3111777
rcsBp2,0.07692307692307693,12,12,TGATTTAGTGTCGACTTCTC,0,3106676
rcsBp2,0.07692307692307693,12,12,TGATACTAGCTCTTGTTGTT,0,3077852
rcsBp2,0.07692307692307693,12,12,TGATACAGCCAGCTAAAACG,0,3081821
rcsBp2,0.07692307692307693,12,12,TGACGCCCCCAGAGAGGACT,0,3121462
rcsBp2,0.07692307692307693,12,12,TGACAACGGCGTGCTTTTCC,0,3114714
rcsBp2,0.07692307692307693,12,12,TGAATCGGCGTTATCGCGCT,0,3075471
rcsBp2,0.07692307692307693,12,12,TCTGGTTCTTTCAATTATTT,0,3112010
rcsBp2,0.07692307692307693,12,12,TCTGGTAGCAGAGCGCCTAG,0,3100222
rcsBp2,0.07692307692307693,12,12,TCTGCGGGTGGGTGGTATAC,0,3118638
rcsBp2,0.07692307692307693,12,12,TCTCTCTGGTCATTGTCCTA,0,3085332
rcsBp2,0.07692307692307693,12,12,TCTCATATCTGCATTAGCAT,0,3095776
rcsBp2,0.07692307692307693,12,12,TCGGCTTTGAGCGACGTCAG,0,3115530
rcsBp2,0.07692307692307693,12,12,TCGGCCGCATTGGTTGCGAA,0,3077394
rcsBp2,0.07692307692307693,12,12,TCGCGGAAAAGAAAGTGACC,0,3112149
rcsBp2,0.07692307692307693,12,12,TCGATCGCGCTGCTGACGCC,0,3077270
rcsBp2,0.07692307692307693,12,12,TCGAATTTGAGAGACCCGCT,0,3094531
rcsBp2,0.07692307692307693,12,12,TCCGTAACGTCACCACTTCG,0,3111038
rcsBp2,0.07692307692307693,12,12,TCCATTGCTCGAGTCATGTT,0,3086145
rcsBp2,0.07692307692307693,12,12,TCATTAGCTTGGGTGTGCCT,0,3074480
rcsBp2,0.07692307692307693,12,12,TCAGGCACGACCAAATTGTT,0,3079879
rcsBp2,0.07692307692307693,12,12,TCAGAGGCCAACAATGGTAG,0,3103279
rcsBp2,0.07692307692307693,12,12,TCAGACCGGAGAAAAGAAGT,0,3112051
rcsBp2,0.07692307692307693,12,12,TCACACCGCGGGCTGCACCG,0,3077329
rcsBp2,0.07692307692307693,12,12,TCAAACGCATGCTGCGGAAG,0,3105863
rcsBp2,0.07692307692307693,12,12,TATCACTCCGCGGTCAAAAC,0,3105470
rcsBp2,0.07692307692307693,12,12,TATATCCGGTTCGTGCCTAT,0,3101597
rcsBp2,0.07692307692307693,12,12,TAGCTTAGTGTTTAGATAAT,0,3105758
rcsBp2,0.07692307692307693,12,12,TAGATTTAAAGCTATGGAAA,0,3080582
rcsBp2,0.07692307692307693,12,12,TAGACACACATCATTCCTCT,0,3116324
rcsBp2,0.07692307692307693,12,12,TAGAAAACCTGGGCTTTCTG,0,3093778
rcsBp2,0.07692307692307693,12,12,TACAAAGCAATGATGGTGCC,0,3095676
rcsBp2,0.07692307692307693,12,12,TAATGTAATGGGCCACATCA,0,3085158
rcsBp2,0.07692307692307693,12,12,TAACGTTCGCTATATGTAAG,0,3092385
rcsBp2,0.07692307692307693,12,12,TAACGCTGCAAGCCGATTGA,0,3116237
rcsBp2,0.07692307692307693,12,12,TAACAGGGACGTTACCGATT,0,3122763
rcsBp2,0.07692307692307693,12,12,GTTTTATTAAAATGTGGTGC,0,3074145
rcsBp2,0.07692307692307693,12,12,GTTGCTTCGTTATGGTTCCA,0,3077415
rcsBp2,0.07692307692307693,12,12,GTTCGTTCTTTCTTGCTGCT,0,3119899
rcsBp2,0.07692307692307693,12,12,GTTCGTCAAGGGAGCGCTGC,0,3102260
rcsBp2,0.07692307692307693,12,12,GTTCACCAGGAATACTTCTA,0,3107943
rcsBp2,0.07692307692307693,12,12,GTGATGATACTACTTATACG,0,3092319
rcsBp2,0.07692307692307693,12,12,GTGACAGTCGGTAAGCGCAT,0,3100777
rcsBp2,0.07692307692307693,12,12,GTCCTTAAGGGGTGAACAGT,0,3102262
rcsBp2,0.07692307692307693,12,12,GTCCCCGACTAAAAGGGTCC,0,3098271
rcsBp2,0.07692307692307693,12,12,GTCAATTGGATCAGCGTTAA,0,3083965
rcsBp2,0.07692307692307693,12,12,GTATTCCTTTTGGCAAATGA,0,3120017
rcsBp2,0.07692307692307693,12,12,GTAGGGCAACAGCGCTACTG,0,3083344
rcsBp2,0.07692307692307693,12,12,GTAGGGAGTGCGATTTCCGA,0,3076306
rcsBp2,0.07692307692307693,12,12,GTACCGGAAGAAGCGAGTTT,0,3088838
rcsBp2,0.07692307692307693,12,12,GGTTCCGTGGGATCGTTCGC,0,3100375
rcsBp2,0.07692307692307693,12,12,GGTTATAACCGCGCCGCGAC,0,3093028
rcsBp2,0.07692307692307693,12,12,GGTGAGGAACATTTAGACGA,0,3122024
rcsBp2,0.07692307692307693,12,12,GGTCATGCGTATCGGGGCTG,0,3082579
rcsBp2,0.07692307692307693,12,12,GGTAAACGCTTCTATCGTAT,0,3121677
rcsBp2,0.07692307692307693,12,12,GGGTAGCGGCTGGTGTAACG,0,3086196
rcsBp2,0.07692307692307693,12,12,GGGGTATCTCACGGTCGCTA,0,3101276
rcsBp2,0.07692307692307693,12,12,GGGATTTGGGTAATGTAGGA,0,3090547
rcsBp2,0.07692307692307693,12,12,GGGACGGGACACGATGATTG,0,3119027
rcsBp2,0.07692307692307693,12,12,GGGAAGACCGAATAAACATA,0,3092684
rcsBp2,0.07692307692307693,12,12,GGCTTTGAAGTTTTAATCCA,0,3109615
rcsBp2,0.07692307692307693,12,12,GGCTGGGCAGGTGAGTACAA,0,3113262
rcsBp2,0.07692307692307693,12,12,GGATGTCCGCACCGTCTGAG,0,3091416
rcsBp2,0.07692307692307693,12,12,GGATCATTAGTGATGTGTCA,0,3098190
rcsBp2,0.07692307692307693,12,12,GGAGTAGCAGTACTTTATTA,0,3086370
rcsBp2,0.07692307692307693,12,12,GGAGGCGGACAGACCGCTTC,0,3115503
rcsBp2,0.07692307692307693,12,12,GGAATACGGATTCGCTTAAT,0,3086770
rcsBp2,0.07692307692307693,12,12,GCTAGCGAGTAGGACTCAGA,0,3086183
rcsBp2,0.07692307692307693,12,12,GCGGTCCAGGTTCAGTGGAC,0,3088997
rcsBp2,0.07692307692307693,12,12,GCGGCCGGTGGGCCGCTTAA,0,3081304
rcsBp2,0.07692307692307693,12,12,GCGGACCGGTCTCTGATTCA,0,3094344
rcsBp2,0.07692307692307693,12,12,GCCCTCCAAGGCCAATTTGA,0,3087610
rcsBp2,0.07692307692307693,12,12,GCCCGTGGCTCGTGATAAAA,0,3108340
rcsBp2,0.07692307692307693,12,12,GCCCGACACGAATCAGGTGT,0,3113064
rcsBp2,0.07692307692307693,12,12,GCCCATATTGATATGCAAGT,0,3079366
rcsBp2,0.07692307692307693,12,12,GCCCAATCACACGGGAGGGT,0,3085410
rcsBp2,0.07692307692307693,12,12,GCAGGTTGGGCCGACCAATA,0,3115594
rcsBp2,0.07692307692307693,12,12,GCACGGCGTTAGCAGCCTTA,0,3076019
rcsBp2,0.07692307692307693,12,12,GCAAGGTTCTTCTTGAGGGA,0,3097202
rcsBp2,0.07692307692307693,12,12,GATCCGTAGATGGCCCAAAG,0,3114172
rcsBp2,0.07692307692307693,12,12,GATAGCTAATTCTGAGTTGC,0,3111118
rcsBp2,0.07692307692307693,12,12,GATAGAGTGATAACACAATC,0,3108231
rcsBp2,0.07692307692307693,12,12,GATACGGGCACCCTCTATTG,0,3110627
rcsBp2,0.07692307692307693,12,12,GAGTCCTGTGGTGTGCGATG,0,3117236
rcsBp2,0.07692307692307693,12,12,GAGTATATTAATTGCTCAAT,0,3121683
rcsBp2,0.07692307692307693,12,12,GAGGGCGATACCGGTATTTG,0,3109271
rcsBp2,0.07692307692307693,12,12,GAGGGAAGTTGCTTTGAGCT,0,3090742
rcsBp2,0.07692307692307693,12,12,GAGGAACCGAATGTACTTAG,0,3090353
rcsBp2,0.07692307692307693,12,12,GAGCCCGCCGAGATCAATCA,0,3090110
rcsBp2,0.07692307692307693,12,12,GAGCCCCCAGCGGCAATGAA,0,3081489
rcsBp2,0.07692307692307693,12,12,GAGATGGGTATGCACCAGCA,0,3101566
rcsBp2,0.07692307692307693,12,12,GACTGATCATGATCTTGATG,0,3089153
rcsBp2,0.07692307692307693,12,12,GACCAGATGATACTAGCTTA,0,3084068
rcsBp2,0.07692307692307693,12,12,GAAGTAAAGGACTCGTTCTT,0,3095418
rcsBp2,0.07692307692307693,12,12,GAAGGTATCCGGTAGCCTAT,0,3075036
rcsBp2,0.07692307692307693,12,12,GAAGACCGGCGTTCGATGAG,0,3087169
rcsBp2,0.07692307692307693,12,12,GAACTCTACTCCTAACAACT,0,3092059
rcsBp2,0.07692307692307693,12,12,GAACAAAGTACTGCCGCGAG,0,3093078
rcsBp2,0.07692307692307693,12,12,GAACAAACCCGTTTTATGTT,0,3121663
rcsBp2,0.07692307692307693,12,12,GAAATTCTTTCGATTTCTCG,0,3089830
rcsBp2,0.07692307692307693,12,12,CTTTGCAAATCCGGGTTTCC,0,3104135
rcsBp2,0.07692307692307693,12,12,CTTTATAAGTCATTTGCCGA,0,3118887
rcsBp2,0.07692307692307693,12,12,CTTCCATCAAAAATATAGCA,0,3087294
rcsBp2,0.07692307692307693,12,12,CTGACACAGATACAAGGATC,0,3077358
rcsBp2,0.07692307692307693,12,12,CTCTGTTGGCTGTATAAGAT,0,3115936
rcsBp2,0.07692307692307693,12,12,CTCTGGTACCGGCCAGCTGC,0,3094313
rcsBp2,0.07692307692307693,12,12,CTCTCCAAGACTTAGTTCTC,0,3076880
rcsBp2,0.07692307692307693,12,12,CTCGTTTAAGGCCGAGGTAA,0,3117671
rcsBp2,0.07692307692307693,12,12,CTCGGCGAACACATCGGGCA,0,3104819
rcsBp2,0.07692307692307693,12,12,CTCGCCTTGAGATACTGGGA,0,3099070
rcsBp2,0.07692307692307693,12,12,CTCGAAGGATATCGGTGCTA,0,3103973
rcsBp2,0.07692307692307693,12,12,CTCACCCCGGGTTTCGGACT,0,3110547
rcsBp2,0.07692307692307693,12,12,CTAGGTCTCTTTGAATACGT,0,3079023
rcsBp2,0.07692307692307693,12,12,CTAGATTCTAGCAATTTCGA,0,3085832
rcsBp2,0.07692307692307693,12,12,CTAATTCCGGCGTAACGTCC,0,3090891
rcsBp2,0.07692307692307693,12,12,CTAACCCGCTGCCATGCAAC,0,3078872
rcsBp2,0.07692307692307693,12,12,CGTGGTCGTCGCCCGAGGCA,0,3089984
rcsBp2,0.07692307692307693,12,12,CGTCTTCGCCCTTTCAACAG,0,3093478
rcsBp2,0.07692307692307693,12,12,CGTACAGTCGCACTAACGGT,0,3104748
rcsBp2,0.07692307692307693,12,12,CGGTCCTTAGCCAGTCTGTG,0,3083722
rcsBp2,0.07692307692307693,12,12,CGGGTAGTCTGGACGCAGTA,0,3108653
rcsBp2,0.07692307692307693,12,12,CGGACCGAGTCGCTTTCGAA,0,3100891
rcsBp2,0.07692307692307693,12,12,CGCGTTTTAGAATGGAGGGA,0,3114842
rcsBp2,0.07692307692307693,12,12,CGCGCAAACATGGTTACGCA,0,3119473
rcsBp2,0.07692307692307693,12,12,CGCGATTGCTAAAGTGATAA,0,3085597
rcsBp2,0.07692307692307693,12,12,CGATGAGGAGTAGGGTTGCT,0,3087159
rcsBp2,0.07692307692307693,12,12,CGATAAGACTGGCACTGATT,0,3098121
rcsBp2,0.07692307692307693,12,12,CGACTATACGGAGCACACAG,0,3090410
rcsBp2,0.07692307692307693,12,12,CCTTGGTACACAATAAAATT,0,3079866
rcsBp2,0.07692307692307693,12,12,CCTGGGCATTTTTGATGAAA,0,3111274
rcsBp2,0.07692307692307693,12,12,CCTCCGCACGCACTGAAAGA,0,3107573
rcsBp2,0.07692307692307693,12,12,CCTATCATGAAAGAGGGGTT,0,3115801
rcsBp2,0.07692307692307693,12,12,CCTACTTGAACCGAGGGAAG,0,3077918
rcsBp2,0.07692307692307693,12,12,CCGGGTGGGATCCCTAATGA,0,3077790
rcsBp2,0.07692307692307693,12,12,CCGAACATTGTCTGCCAGTA,0,3119098
rcsBp2,0.07692307692307693,12,12,CCCTGTCAATAAGACAAACG,0,3080528
rcsBp2,0.07692307692307693,12,12,CCCTCATGACTTTGCTGAGA,0,3096961
rcsBp2,0.07692307692307693,12,12,CCCGTTATTCCTTTGAAGAT,0,3085088
rcsBp2,0.07692307692307693,12,12,CCCGGTTATGCATATTGTCA,0,3075264
rcsBp2,0.07692307692307693,12,12,CCATTGCCGCAACCCATGTC,0,3115055
rcsBp2,0.07692307692307693,12,12,CCAGCGGCTGCAGGCTCACG,0,3091808
rcsBp2,0.07692307692307693,12,12,CCAGCATCGGTCAGGGTCCC,0,3084959
rcsBp2,0.07692307692307693,12,12,CCACCGTCTTGCAAGTCTGG,0,3114796
rcsBp2,0.07692307692307693,12,12,CATTGAGGAACCATGGCGCC,0,3112677
rcsBp2,0.07692307692307693,12,12,CATGCAGCCAACTCGGCGCA,0,3092826
rcsBp2,0.07692307692307693,12,12,CATAGTGCAGGTCATCGACT,0,3109750
rcsBp2,0.07692307692307693,12,12,CAGGAGTAATTAGCCGAAGT,0,3088410
rcsBp2,0.07692307692307693,12,12,CAGGAAATCTAGGTGGCCAT,0,3116319
rcsBp2,0.07692307692307693,12,12,CAGATTTTCTGGATTCTATA,0,3106405
rcsBp2,0.07692307692307693,12,12,CAGAGGGAATCGGTAAGTTA,0,3112541
rcsBp2,0.07692307692307693,12,12,CACTACCAGGTGCCATGTCA,0,3113745
rcsBp2,0.07692307692307693,12,12,CACCGGTATCATGTATCTGA,0,3104770
rcsBp2,0.07692307692307693,12,12,CACATATCCTGCTTATTGGT,0,3113150
rcsBp2,0.07692307692307693,12,12,CAATCGTTGCAATTCGCTTT,0,3087074
rcsBp2,0.07692307692307693,12,12,CAATACAGAGCGTTAGGAGC,0,3112484
rcsBp2,0.07692307692307693,12,12,CAAACATAACACGAGCGTTA,0,3102849
rcsBp2,0.07692307692307693,12,12,ATTGTTGGCCGTGCGAGTAT,0,3100067
rcsBp2,0.07692307692307693,12,12,ATTGGTGTGTGAAAACCTGC,0,3119540
rcsBp2,0.07692307692307693,12,12,ATTGCATTGGAATATAATTC,0,3122572
rcsBp2,0.07692307692307693,12,12,ATTCTAGCTTCAGTTTGTGT,0,3095314
rcsBp2,0.07692307692307693,12,12,ATTCGATAAGGACGCCGTGC,0,3106564
rcsBp2,0.07692307692307693,12,12,ATTCCTTATGCTCTGACTAT,0,3087116
rcsBp2,0.07692307692307693,12,12,ATTCCAATCGCACGGCGTTG,0,3085790
rcsBp2,0.07692307692307693,12,12,ATTAGAGGATGTTTGTCATC,0,3090108
rcsBp2,0.07692307692307693,12,12,ATGTGGGGGGTGGGATCAGC,0,3096539
rcsBp2,0.07692307692307693,12,12,ATGTGCTTGTAGGCCGACTC,0,3096661
rcsBp2,0.07692307692307693,12,12,ATGCCAGTCGCGTCAATAAT,0,3085276
rcsBp2,0.07692307692307693,12,12,ATGAGATTGAGATCCCTGTA,0,3118928
rcsBp2,0.07692307692307693,12,12,ATCTATCTCAACCAGGATCT,0,3099635
rcsBp2,0.07692307692307693,12,12,ATCACGGAATTGCGAAGCGA,0,3105150
rcsBp2,0.07692307692307693,12,12,ATATGGAGAGTCTCAGCCAT,0,3079890
rcsBp2,0.07692307692307693,12,12,ATATGCACAATAGCCAGTGT,0,3121616
rcsBp2,0.07692307692307693,12,12,ATATATTAACTTGGTCTGAG,0,3116815
rcsBp2,0.07692307692307693,12,12,ATAGTGTTACCTATCGTGAC,0,3093583
rcsBp2,0.07692307692307693,12,12,AGTCAGACTCCAGTTGGGTA,0,3086505
rcsBp2,0.07692307692307693,12,12,AGGTCTCTCTGGCAGTCAAT,0,3121588
rcsBp2,0.07692307692307693,12,12,AGGTACGCATGCGCCTGGGG,0,3081120
rcsBp2,0.07692307692307693,12,12,AGGGGTTCCTCAAGGCTATT,0,3117482
rcsBp2,0.07692307692307693,12,12,AGGGGTTATTCCGGTCGATG,0,3101666
rcsBp2,0.07692307692307693,12,12,AGGATGTCTGCAACCAGAAT,0,3105279
rcsBp2,0.07692307692307693,12,12,AGGAAGATAGGTGTTATCCC,0,3113501
rcsBp2,0.07692307692307693,12,12,AGCGGGTTTCTCTGTATTAA,0,3112450
rcsBp2,0.07692307692307693,12,12,AGCGCCTAGAATGGAGTCTG,0,3075322
rcsBp2,0.07692307692307693,12,12,AGCCGACATGTAGGCTGGCT,0,3102358
rcsBp2,0.07692307692307693,12,12,AGCAGATGTTGCTGCACGGC,0,3073887
rcsBp2,0.07692307692307693,12,12,AGATTATGTCCTACGGATCG,0,3119205
rcsBp2,0.07692307692307693,12,12,AGAGGCTCGTCTTTGAGGCA,0,3119702
rcsBp2,0.07692307692307693,12,12,AGACCTATAACCTTGGTCAG,0,3085446
rcsBp2,0.07692307692307693,12,12,AGAATTACACAATACCACGC,0,3114526
rcsBp2,0.07692307692307693,12,12,ACTGGTGCCAGTGCCGCATT,0,3078520
rcsBp2,0.07692307692307693,12,12,ACTGGACGAGCTGTAGCACG,0,3120394
rcsBp2,0.07692307692307693,12,12,ACTACCTGTCTGGCATCGGT,0,3082031
rcsBp2,0.07692307692307693,12,12,ACTAACGGGTCTCGGTTGAC,0,3084227
rcsBp2,0.07692307692307693,12,12,ACGGCCCTCGTACGATGATC,0,3100262
rcsBp2,0.07692307692307693,12,12,ACGGAAAAGCAAATTTCACT,0,3085361
rcsBp2,0.07692307692307693,12,12,ACGCGCTCTTACGCATAATG,0,3081138
rcsBp2,0.07692307692307693,12,12,ACGCATTCGTTCACCAGTAT,0,3097749
rcsBp2,0.07692307692307693,12,12,ACGATTGGCAGCTAGGTGAA,0,3086503
rcsBp2,0.07692307692307693,12,12,ACCTTACTTCACAGGGTTAT,0,3109205
rcsBp2,0.07692307692307693,12,12,ACCTAACAAATCAGCATGTA,0,3107535
rcsBp2,0.07692307692307693,12,12,ACCGACGGGGACGGTGGTGA,0,3098226
rcsBp2,0.07692307692307693,12,12,ACCACGTGTAAGCATGTACT,0,3117231
rcsBp2,0.07692307692307693,12,12,ACATGAAGGTCCAAGGCAGC,0,3109633
rcsBp2,0.07692307692307693,12,12,ACAGCGGGCAAAGGGTGCAT,0,3084822
rcsBp2,0.07692307692307693,12,12,ACACGATCTTTGCAGAGGCA,0,3083174
rcsBp2,0.07692307692307693,12,12,AATGAGCGCGGGCGAGTGCG,0,3113322
rcsBp2,0.07692307692307693,12,12,AATGAGCCTTATTATATCGG,0,3105234
rcsBp2,0.07692307692307693,12,12,AATATAAGCGGGACACTCAC,0,3114961
rcsBp2,0.07692307692307693,12,12,AATAAAACGCTATGTGAAGG,0,3115061
rcsBp2,0.07692307692307693,12,12,AAGGTGTTTATATTCCTATT,0,3080938
rcsBp2,0.07692307692307693,12,12,AACGTTAATCTAGACGGTTA,0,3121502
rcsBp2,0.07692307692307693,12,12,AACATTTGGGCCACCGAACT,0,3090343
rcsBp2,0.07692307692307693,12,12,AAATACCAGCGATTCACGTC,0,3101411
rcsBp2,0.07692307692307693,12,12,AAAGTGGGCACTGAAATAAG,0,3113047
rcsBp2,0.07692307692307693,12,12,AAAATGGGGGTCGGGCGACG,0,3107375
rcsBp2,0.07692307692307693,12,12,AAAAGTCATAAGGCAGTTAG,0,3073907
rcsBp2,0.08333333333333333,11,11,TTTTCGAGGCCGAGCCACGC,0,3118982
rcsBp2,0.08333333333333333,11,11,TTTGCGCGCGTGCGATTGAA,0,3110372
rcsBp2,0.08333333333333333,11,11,TTTGCAAAGGCAGACTGGTG,0,3075008
rcsBp2,0.08333333333333333,11,11,TTTGATTGGGTCTACATGTT,0,3080909
rcsBp2,0.08333333333333333,11,11,TTTGACGTCGCCCGGCAAAT,0,3085805
rcsBp2,0.08333333333333333,11,11,TTTAATAGATGACTTGCGTA,0,3087082
rcsBp2,0.08333333333333333,11,11,TTGGTTAGGCCGACGCATCG,0,3077336
rcsBp2,0.08333333333333333,11,11,TTGGGCCATACGTCTTTGTG,0,3078205
rcsBp2,0.08333333333333333,11,11,TTGGCTCCGACCTAAATTAC,0,3096578
rcsBp2,0.08333333333333333,11,11,TTGCGCTCGCGGGAATATGT,0,3078915
rcsBp2,0.08333333333333333,11,11,TTCTTTCATGTTACTAGCTA,0,3114193
rcsBp2,0.08333333333333333,11,11,TTCGGACTACGGTACCGGAT,0,3107863
rcsBp2,0.08333333333333333,11,11,TTCCCAGTAGGTTGTGTAAT,0,3080820
rcsBp2,0.08333333333333333,11,11,TTCCAACCCAGTCGGCCGGT,0,3082199
rcsBp2,0.08333333333333333,11,11,TTCAGGATGTGGCCTGCTTA,0,3111452
rcsBp2,0.08333333333333333,11,11,TTATGGAGGGCAGCAGTACG,0,3117040
rcsBp2,0.08333333333333333,11,11,TTACGTTATTTTCGTCACTA,0,3096282
rcsBp2,0.08333333333333333,11,11,TGTGGGTTTGTCTAATGGTC,0,3118164
rcsBp2,0.08333333333333333,11,11,TGTCATAGTCTATCCTCCAC,0,3108076
rcsBp2,0.08333333333333333,11,11,TGTATTGCCATTCGAAAAAC,0,3095118
rcsBp2,0.08333333333333333,11,11,TGTAATACAGTATCCCGTAG,0,3092529
rcsBp2,0.08333333333333333,11,11,TGTAAGGATGCGGGTGGTAG,0,3093359
rcsBp2,0.08333333333333333,11,11,TGTAAGACGCTAATGCGCGA,0,3085172
rcsBp2,0.08333333333333333,11,11,TGGTTGCCGTCTGGCTTAGG,0,3093592
rcsBp2,0.08333333333333333,11,11,TGGGGCTCGACAAATTATGA,0,3090648
rcsBp2,0.08333333333333333,11,11,TGGGAATACGTAACTGATGT,0,3111374
rcsBp2,0.08333333333333333,11,11,TGGCTGCCACAAACTTTGGA,0,3090383
rcsBp2,0.08333333333333333,11,11,TGGAGGAGGTGCTTATAGTG,0,3114919
rcsBp2,0.08333333333333333,11,11,TGCTGCATTGTGCGAAAAAT,0,3106664
rcsBp2,0.08333333333333333,11,11,TGCTCTAGTGGGGTAGCTGG,0,3119351
rcsBp2,0.08333333333333333,11,11,TGCTCGCATGACCTCACAAG,0,3076228
rcsBp2,0.08333333333333333,11,11,TGCCGGGTCAGATGTACTAG,0,3095036
rcsBp2,0.08333333333333333,11,11,TGAGGGGATACTGGGCTAAT,0,3087468
rcsBp2,0.08333333333333333,11,11,TGAGCGAGCCAGATCCTTCC,0,3114754
rcsBp2,0.08333333333333333,11,11,TGAGCCATACTATCCATTCC,0,3091532
rcsBp2,0.08333333333333333,11,11,TGAAAAATCAAAGACGCAAG,0,3088813
rcsBp2,0.08333333333333333,11,11,TCTGGTACCTGCGACTCTAC,0,3082867
rcsBp2,0.08333333333333333,11,11,TCTGCCTGTGTTAGCACCTC,0,3113707
rcsBp2,0.08333333333333333,11,11,TCTATATCGTGCCCATAAGT,0,3114845
rcsBp2,0.08333333333333333,11,11,TCGTAGACTGCCCCTACTTT,0,3101081
rcsBp2,0.08333333333333333,11,11,TCGCGATACAACTAAATACT,0,3089159
rcsBp2,0.08333333333333333,11,11,TCGCCCCGCAACCTATTTAG,0,3074095
rcsBp2,0.08333333333333333,11,11,TCGATAAATTTACAGAGGTG,0,3091732
rcsBp2,0.08333333333333333,11,11,TCCTTTACGTGGCCCAACAA,0,3121805
rcsBp2,0.08333333333333333,11,11,TCCTTAACGCAGCATGGACT,0,3090868
rcsBp2,0.08333333333333333,11,11,TCCTAACGTTGATGCTCGGG,0,3090500
rcsBp2,0.08333333333333333,11,11,TCCGGCGACACCCACTAGGC,0,3080009
rcsBp2,0.08333333333333333,11,11,TCCAGTCCCAAATTGTGTCC,0,3109745
rcsBp2,0.08333333333333333,11,11,TCATACCATGAGGCAGAGTA,0,3106498
rcsBp2,0.08333333333333333,11,11,TCACCACGGTCGGCAACTTA,0,3102903
rcsBp2,0.08333333333333333,11,11,TCAAGACTCCGTGGCGATGT,0,3102385
rcsBp2,0.08333333333333333,11,11,TCAAATATAGTCCCGTCCTG,0,3107533
rcsBp2,0.08333333333333333,11,11,TATTTTCCACGCGACCAGGG,0,3073765
rcsBp2,0.08333333333333333,11,11,TATTTAAAGTCAGGTGAGTC,0,3086582
rcsBp2,0.08333333333333333,11,11,TATTGTTACATAGTGATGCG,0,3119603
rcsBp2,0.08333333333333333,11,11,TATCTTCGCGGATAAATTGT,0,3113700
rcsBp2,0.08333333333333333,11,11,TATCTGCATGGCTCTCGGGT,0,3083192
rcsBp2,0.08333333333333333,11,11,TATCTATAGACACATAGATC,0,3091947
rcsBp2,0.08333333333333333,11,11,TATCAGTTATATATTCATGG,0,3102035
rcsBp2,0.08333333333333333,11,11,TAGGGCGGGCAGGGTCTCTT,0,3096010
rcsBp2,0.08333333333333333,11,11,TAGAAAATATAAGAACCGGT,0,3103541
rcsBp2,0.08333333333333333,11,11,TACTCGCGATGGAAGTCAAG,0,3078104
rcsBp2,0.08333333333333333,11,11,TACGCCCCCTAATAGTCCCT,0,3110252
rcsBp2,0.08333333333333333,11,11,TACCTGTCAGTTTCACTCTA,0,3099198
rcsBp2,0.08333333333333333,11,11,TAATCATCTGAGATCACGGA,0,3100852
rcsBp2,0.08333333333333333,11,11,TAATAGGATGCGAAGCATCA,0,3102189
rcsBp2,0.08333333333333333,11,11,TAACGAACCTTGATAAGTAA,0,3099258
rcsBp2,0.08333333333333333,11,11,GTTTCCCTTCTTATCGGTTG,0,3101789
rcsBp2,0.08333333333333333,11,11,GTTGTGCTGTCACTAATCTA,0,3086283
rcsBp2,0.08333333333333333,11,11,GTTCTCCAGGGCATCACGGC,0,3119553
rcsBp2,0.08333333333333333,11,11,GTTCATGGTTGGGGTTCCTA,0,3112545
rcsBp2,0.08333333333333333,11,11,GTTATCCGGCTTCGCATCCT,0,3077789
rcsBp2,0.08333333333333333,11,11,GTTATCAAGCAAAGAGAAGC,0,3090220
rcsBp2,0.08333333333333333,11,11,GTTAAAAATTTTCTGTACAA,0,3118064
rcsBp2,0.08333333333333333,11,11,GTGGATATAGAATGTGCAAT,0,3112174
rcsBp2,0.08333333333333333,11,11,GTGCAAATTTACCAACATAT,0,3080687
rcsBp2,0.08333333333333333,11,11,GTGATTGCAAATTTGCAGGA,0,3075140
rcsBp2,0.08333333333333333,11,11,GTGACACAGACATCTGAATG,0,3101797
rcsBp2,0.08333333333333333,11,11,GTCTGGAGTTCAATGAGAGG,0,3104476
rcsBp2,0.08333333333333333,11,11,GTCTCATCGGTTAAGAAAGC,0,3085176
rcsBp2,0.08333333333333333,11,11,GTCGTGGCAATGCGGCAGTA,0,3116106
rcsBp2,0.08333333333333333,11,11,GTCGTAAGCGCTGGTCACCC,0,3088702
rcsBp2,0.08333333333333333,11,11,GTCCCGATACTCTAGTGGCA,0,3103542
rcsBp2,0.08333333333333333,11,11,GTCCAGCTTTCGTATCGGTC,0,3118580
rcsBp2,0.08333333333333333,11,11,GTCATTGCACGGCTTCTCTG,0,3116407
rcsBp2,0.08333333333333333,11,11,GTAGGGAGCAGCCCGTGTGA,0,3085505
rcsBp2,0.08333333333333333,11,11,GTACGGGGCCTACGGATGCA,0,3081517
rcsBp2,0.08333333333333333,11,11,GTAATTCTTACAGGGGGGGC,0,3107502
rcsBp2,0.08333333333333333,11,11,GGTTCGCTACGTTACCACTA,0,3118336
rcsBp2,0.08333333333333333,11,11,GGTGGTGCACGGCCTACTTC,0,3112388
rcsBp2,0.08333333333333333,11,11,GGTGGACCGAGTGTCCACCA,0,3074237
rcsBp2,0.08333333333333333,11,11,GGTATTCGAACACTGCTTCA,0,3091133
rcsBp2,0.08333333333333333,11,11,GGTATGATCGCTAATGGAAG,0,3103043
rcsBp2,0.08333333333333333,11,11,GGTAGTGGCTGCGGGATTTT,0,3089267
rcsBp2,0.08333333333333333,11,11,GGTACAGAGGGTTGAAGGGT,0,3080923
rcsBp2,0.08333333333333333,11,11,GGGTTTCTTTTAGCCCCTAG,0,3076839
rcsBp2,0.08333333333333333,11,11,GGGTGCGGCCCGGGAAAGAA,0,3116479
rcsBp2,0.08333333333333333,11,11,GGGTACCTTCTCGACGAGTC,0,3078756
rcsBp2,0.08333333333333333,11,11,GGGTACAAAGGTAGCGGCTA,0,3118443
rcsBp2,0.08333333333333333,11,11,GGGCGTGCACAGAATCGCAA,0,3090861
rcsBp2,0.08333333333333333,11,11,GGGCGAAATGGGAATTGACT,0,3087573
rcsBp2,0.08333333333333333,11,11,GGGCAGATTAGCCGACATAA,0,3090925
rcsBp2,0.08333333333333333,11,11,GGGAGGCCCAGTATTGTCTT,0,3089875
rcsBp2,0.08333333333333333,11,11,GGGAATACCACACCGGCCGA,0,3115959
rcsBp2,0.08333333333333333,11,11,GGCTTGACCTTGGTGATTTA,0,3090118
rcsBp2,0.08333333333333333,11,11,GGCGCGGGCACGGCCAGTGG,0,3104433
rcsBp2,0.08333333333333333,11,11,GGCGACTGTTTTCACAACAG,0,3079980
rcsBp2,0.08333333333333333,11,11,GGCCTTCACTGGGCCTGTTG,0,3098260
rcsBp2,0.08333333333333333,11,11,GGCATCAAAAGAATGTGAAT,0,3116151
rcsBp2,0.08333333333333333,11,11,GGATGTTGTGGTATACCCGA,0,3102968
rcsBp2,0.08333333333333333,11,11,GGATATAGGCAACGCCGGAT,0,3087857
rcsBp2,0.08333333333333333,11,11,GGAGGAGGTACAAGTGTTCA,0,3085425
rcsBp2,0.08333333333333333,11,11,GGAGGACGTGAGTAGTAGCC,0,3120666
rcsBp2,0.08333333333333333,11,11,GGAGCTAGTACATTGCTATG,0,3079498
rcsBp2,0.08333333333333333,11,11,GGACGTAGTATTGAGGCCCG,0,3104306
rcsBp2,0.08333333333333333,11,11,GGAATGTCCGTGTGCCGATC,0,3093720
rcsBp2,0.08333333333333333,11,11,GGAACCGCGGCGGGTCTAAT,0,3122672
rcsBp2,0.08333333333333333,11,11,GCTTTAATGCTGATTAATCC,0,3102267
rcsBp2,0.08333333333333333,11,11,GCTTGAATTATGAGGTGATA,0,3073805
rcsBp2,0.08333333333333333,11,11,GCTTAAGGCGCTCCGATTAT,0,3084199
rcsBp2,0.08333333333333333,11,11,GCTGTCAAGTAGGTACCATC,0,3119364
rcsBp2,0.08333333333333333,11,11,GCTGCCTATATGACAAGCTG,0,3112543
rcsBp2,0.08333333333333333,11,11,GCTGCAGGTTGGACACATAT,0,3076052
rcsBp2,0.08333333333333333,11,11,GCTGAAGATGCATTCGTACT,0,3094942
rcsBp2,0.08333333333333333,11,11,GCTCGTCCCGGGAAGATCAG,0,3098456
rcsBp2,0.08333333333333333,11,11,GCTCCCCTGGGCATTAGCTT,0,3116562
rcsBp2,0.08333333333333333,11,11,GCGGGCGGCGCATTATAAAA,0,3101082
rcsBp2,0.08333333333333333,11,11,GCGGATGATGAACCTTGCGG,0,3080387
rcsBp2,0.08333333333333333,11,11,GCGACTCGCTAGCCGCTACT,0,3120659
rcsBp2,0.08333333333333333,11,11,GCCTGCGAGGTATGGAAAAT,0,3114568
rcsBp2,0.08333333333333333,11,11,GCCTATTTGATGTGTAGATA,0,3078701
rcsBp2,0.08333333333333333,11,11,GCCGAATGCCCGGGAGGAAT,0,3117078
rcsBp2,0.08333333333333333,11,11,GCCCTAGTACGCTCCACTCG,0,3101981
rcsBp2,0.08333333333333333,11,11,GCCCGTATCGGCACTATTAA,0,3086284
rcsBp2,0.08333333333333333,11,11,GCCCCGGTATGAATAAGTTC,0,3101037
rcsBp2,0.08333333333333333,11,11,GCACAATGCGCCCTAGCCAG,0,3081569
rcsBp2,0.08333333333333333,11,11,GCAAGCTAAAGAACCCTTTA,0,3105645
rcsBp2,0.08333333333333333,11,11,GCAACTTGTCATCCTTTACG,0,3076341
rcsBp2,0.08333333333333333,11,11,GATTCGGTCGCATCCAAACA,0,3099329
rcsBp2,0.08333333333333333,11,11,GATGGGGGGCCAACAAGGTA,0,3099915
rcsBp2,0.08333333333333333,11,11,GATCATAAGATCCTCGTCAT,0,3084539
rcsBp2,0.08333333333333333,11,11,GAGGTCAAGGCCGAACGCTT,0,3094750
rcsBp2,0.08333333333333333,11,11,GAGCCTGGAAGGCCGATAAT,0,3090003
rcsBp2,0.08333333333333333,11,11,GAGCCGGTCTTAAGGCTTCT,0,3118141
rcsBp2,0.08333333333333333,11,11,GAGAAACGTGGTCTCGCGTC,0,3095325
rcsBp2,0.08333333333333333,11,11,GACGTCAATGAATAAACTGA,0,3076390
rcsBp2,0.08333333333333333,11,11,GACCCGAGCGATCCCACATG,0,3089957
rcsBp2,0.08333333333333333,11,11,GAATCTGCTATACGCAGTTA,0,3076276
rcsBp2,0.08333333333333333,11,11,GAATAGCCCGTAGGTCGGGG,0,3115447
rcsBp2,0.08333333333333333,11,11,GAAGTATGTTGCGATCGATT,0,3113008
rcsBp2,0.08333333333333333,11,11,GAAATTGTCGGCTCGCTTAA,0,3115288
rcsBp2,0.08333333333333333,11,11,CTTGTTCAAAATACAACCAT,0,3111926
rcsBp2,0.08333333333333333,11,11,CTTGTCTTGCGGACTCAGAA,0,3110416
rcsBp2,0.08333333333333333,11,11,CTTGGCTAGTGGCTCCATGA,0,3086847
rcsBp2,0.08333333333333333,11,11,CTTGCTACGGCTACTAGAAA,0,3113338
rcsBp2,0.08333333333333333,11,11,CTTATGGGGGTATAACTTCT,0,3102754
rcsBp2,0.08333333333333333,11,11,CTTAGTGGCCGTGGCAAAGG,0,3082923
rcsBp2,0.08333333333333333,11,11,CTGGGGTTGCCCCGGCAGCC,0,3115775
rcsBp2,0.08333333333333333,11,11,CTGGAAAAGAGCCCAAGTGT,0,3120175
rcsBp2,0.08333333333333333,11,11,CTCTTGGTTACCCCCCAGCC,0,3091528
rcsBp2,0.08333333333333333,11,11,CTCTGTGCTGAAGCCCCTGT,0,3090253
rcsBp2,0.08333333333333333,11,11,CTCCCCCTGACGGCGGATGA,0,3094780
rcsBp2,0.08333333333333333,11,11,CTCAGAACTGAAGAGGTATT,0,3075091
rcsBp2,0.08333333333333333,11,11,CTCACTGTCGTATCTCTCAG,0,3103186
rcsBp2,0.08333333333333333,11,11,CTAAGCCCGGTGAAGTTTGA,0,3075292
rcsBp2,0.08333333333333333,11,11,CTAAACATGTTGCGGGGTTT,0,3103828
rcsBp2,0.08333333333333333,11,11,CGTTTTAAAATAAACGGACT,0,3105292
rcsBp2,0.08333333333333333,11,11,CGTTCTAAGCTAAATTAGGC,0,3113698
rcsBp2,0.08333333333333333,11,11,CGTCGAACAACGTGTCGAAG,0,3079873
rcsBp2,0.08333333333333333,11,11,CGTCCTAACCGCTTAGCGAT,0,3096695
rcsBp2,0.08333333333333333,11,11,CGTACTGATGGGCATCTAGC,0,3101034
rcsBp2,0.08333333333333333,11,11,CGTACGTCGAGAAGCTGTAC,0,3108851
rcsBp2,0.08333333333333333,11,11,CGTACGGAGCTCGCCACCAT,0,3082960
rcsBp2,0.08333333333333333,11,11,CGGTTGCCCAAATATATGGT,0,3098771
rcsBp2,0.08333333333333333,11,11,CGGGCCTTCTCTAGTGAAGG,0,3113176
rcsBp2,0.08333333333333333,11,11,CGGGAAATCTGCACAGGACC,0,3103766
rcsBp2,0.08333333333333333,11,11,CGGGAAAAGGTGGCGCATCA,0,3074960
rcsBp2,0.08333333333333333,11,11,CGGCTAGACTGCCCCAGCAG,0,3079005
rcsBp2,0.08333333333333333,11,11,CGGAGGTGAAAGAACGTGGC,0,3096854
rcsBp2,0.08333333333333333,11,11,CGGAATCCGACTAGCGAGAC,0,3097656
rcsBp2,0.08333333333333333,11,11,CGGAATACCTCTATGTGTGA,0,3105067
rcsBp2,0.08333333333333333,11,11,CGCCCACAGCGCGGTAAATT,0,3107410
rcsBp2,0.08333333333333333,11,11,CGCATGTGAGCGCGGCACAG,0,3093224
rcsBp2,0.08333333333333333,11,11,CGCAGCGGCCGGCAAGGAGT,0,3107694
rcsBp2,0.08333333333333333,11,11,CGCAGAGAATTAAATGACCT,0,3103468
rcsBp2,0.08333333333333333,11,11,CGCACGGGGATTAGCACACT,0,3085321
rcsBp2,0.08333333333333333,11,11,CGAGTCACCCGATACAAAAG,0,3100558
rcsBp2,0.08333333333333333,11,11,CGAGGGCATACAAGGTTTAG,0,3089750
rcsBp2,0.08333333333333333,11,11,CGAGAACAACACTCTTGTTC,0,3111392
rcsBp2,0.08333333333333333,11,11,CGACACCGTATGTGATGCAT,0,3092536
rcsBp2,0.08333333333333333,11,11,CGAATAGGAGAAATTACAGT,0,3085171
rcsBp2,0.08333333333333333,11,11,CGAAGTTGTCGGGGATTTCA,0,3105723
rcsBp2,0.08333333333333333,11,11,CCTTTTAGTGGCTCACACGA,0,3076064
rcsBp2,0.08333333333333333,11,11,CCTTGGGCCAGTGACAGGTA,0,3095606
rcsBp2,0.08333333333333333,11,11,CCTAAAAAATGACAAGCCGG,0,3114210
rcsBp2,0.08333333333333333,11,11,CCGCTATCAAGCGGTCCCAC,0,3100393
rcsBp2,0.08333333333333333,11,11,CCCTCTACAAACATATTCGC,0,3102397
rcsBp2,0.08333333333333333,11,11,CCCGTCCAAGCCGTAGGAGT,0,3120996
rcsBp2,0.08333333333333333,11,11,CCCGAATGGTCGCACGGTAG,0,3075854
rcsBp2,0.08333333333333333,11,11,CCATAAAGCCAGAGCCGTTG,0,3106964
rcsBp2,0.08333333333333333,11,11,CCAGTTCAGTGGGGGGTCTC,0,3106574
rcsBp2,0.08333333333333333,11,11,CCACGCCTTAGCTACAGTCA,0,3099041
rcsBp2,0.08333333333333333,11,11,CCAACGGGTTGGTCTCGAGG,0,3111902
rcsBp2,0.08333333333333333,11,11,CATTTTTATGGGACTATTGG,0,3087403
rcsBp2,0.08333333333333333,11,11,CATTGCGCGGTCCGGCGCAA,0,3113690
rcsBp2,0.08333333333333333,11,11,CATTAGAGCGGTGAACCACG,0,3106437
rcsBp2,0.08333333333333333,11,11,CATTAAGAACTAAAGTGAAT,0,3103873
rcsBp2,0.08333333333333333,11,11,CATGTTGAGGACAAACACCA,0,3086154
rcsBp2,0.08333333333333333,11,11,CATGTGCTTTGAGAGGACCT,0,3096542
rcsBp2,0.08333333333333333,11,11,CATAGTGTTCGTTAACATTT,0,3082305
rcsBp2,0.08333333333333333,11,11,CATAGCGCTCCATAGGGCTA,0,3089152
rcsBp2,0.08333333333333333,11,11,CATAGAGAGGTCTTTTACAA,0,3075690
rcsBp2,0.08333333333333333,11,11,CATAACCGATTAACCTGCAG,0,3113571
rcsBp2,0.08333333333333333,11,11,CAGTTCCACGTTTAAGACGG,0,3087399
rcsBp2,0.08333333333333333,11,11,CAGTCTTTACATGGGTAGCT,0,3096577
rcsBp2,0.08333333333333333,11,11,CAGTCACGTAGATCTCATCG,0,3119886
rcsBp2,0.08333333333333333,11,11,CAGGTCACTACGCAAAGGGT,0,3117271
rcsBp2,0.08333333333333333,11,11,CAGGTAATTTCGGGGAGGTT,0,3111075
rcsBp2,0.08333333333333333,11,11,CAGCAGATGGCAACTAGCGC,0,3120245
rcsBp2,0.08333333333333333,11,11,CACCACCAGCGTACTTGGTA,0,3099732
rcsBp2,0.08333333333333333,11,11,CAATCTATGAGGAGCATCGT,0,3101213
rcsBp2,0.08333333333333333,11,11,CAATCAACTCGCTATGGTGG,0,3092175
rcsBp2,0.08333333333333333,11,11,ATTTCACCTACAGATATGCT,0,3098804
rcsBp2,0.08333333333333333,11,11,ATTAGCCCGGAATAAGATGT,0,3120174
rcsBp2,0.08333333333333333,11,11,ATTACCCGGGTTTACTGAGT,0,3108862
rcsBp2,0.08333333333333333,11,11,ATGTTCATGCTTTAATTTAG,0,3077697
rcsBp2,0.08333333333333333,11,11,ATGGCCATCATCGTGTAGTA,0,3075451
rcsBp2,0.08333333333333333,11,11,ATGCCTTGTCTTACCTAGCG,0,3116688
rcsBp2,0.08333333333333333,11,11,ATCGGCCCGAATCACCCTTG,0,3117806
rcsBp2,0.08333333333333333,11,11,ATCGCCGATTAACACAGTTA,0,3119764
rcsBp2,0.08333333333333333,11,11,ATCGCAGCGAAGGACTAATA,0,3108578
rcsBp2,0.08333333333333333,11,11,ATCCTCTATTTAGAGGTATA,0,3081657
rcsBp2,0.08333333333333333,11,11,ATCAGGTTGCATCAACCCCC,0,3094223
rcsBp2,0.08333333333333333,11,11,ATCAGGCAAACTCGCGCGGA,0,3084589
rcsBp2,0.08333333333333333,11,11,ATCACTAGGGATCCTAAAGG,0,3122202
rcsBp2,0.08333333333333333,11,11,ATAGTGGGATGAAGGTATAA,0,3115393
rcsBp2,0.08333333333333333,11,11,ATAGATGCCACCGTTACTTA,0,3074805
rcsBp2,0.08333333333333333,11,11,ATAATCTTGACTGCATCAAG,0,3116518
rcsBp2,0.08333333333333333,11,11,ATAAATAAGTCATTACGGGG,0,3073777
rcsBp2,0.08333333333333333,11,11,AGTTGCACCTGTTTCCCACT,0,3097297
rcsBp2,0.08333333333333333,11,11,AGTTACGTTGGAGGTCATCA,0,3097436
rcsBp2,0.08333333333333333,11,11,AGTAACTAGCGGGGTTACTG,0,3081036
rcsBp2,0.08333333333333333,11,11,AGGTGCGTGCGACTTCATAT,0,3077736
rcsBp2,0.08333333333333333,11,11,AGGGGAACGCACACTCTAGC,0,3120361
rcsBp2,0.08333333333333333,11,11,AGGCTGCCCACGTAGTGGTT,0,3118174
rcsBp2,0.08333333333333333,11,11,AGGATCGGATCCATTAATTG,0,3078870
rcsBp2,0.08333333333333333,11,11,AGGAAGCATTAGTCGGTCCT,0,3092833
rcsBp2,0.08333333333333333,11,11,AGCTAATCTTTCTAGCTGTT,0,3118694
rcsBp2,0.08333333333333333,11,11,AGCGAAATGCACAACAGACC,0,3108230
rcsBp2,0.08333333333333333,11,11,AGATTCTGAACTTGCTGAGG,0,3117766
rcsBp2,0.08333333333333333,11,11,AGATGTACGTAAGTGGTCTA,0,3085027
rcsBp2,0.08333333333333333,11,11,AGATGGGACCGATGTATCAC,0,3075605
rcsBp2,0.08333333333333333,11,11,AGATATGCGTCAGATGATCG,0,3116283
rcsBp2,0.08333333333333333,11,11,AGAATCATTTGACTTATCGG,0,3122788
rcsBp2,0.08333333333333333,11,11,AGAAGGGGATCATTAACTAC,0,3096346
rcsBp2,0.08333333333333333,11,11,ACTTCACCCGTCGTGTGTTT,0,3083017
rcsBp2,0.08333333333333333,11,11,ACTGGGCCTCGGAATACGAA,0,3109321
rcsBp2,0.08333333333333333,11,11,ACTCTGTGCTTGGAACCCGT,0,3120420
rcsBp2,0.08333333333333333,11,11,ACTCCCCTGGCGTCAGTCTC,0,3096392
rcsBp2,0.08333333333333333,11,11,ACTCAGAGGAACGTGAAACA,0,3075418
rcsBp2,0.08333333333333333,11,11,ACTAGCGTTCTACCCTCTGG,0,3117253
rcsBp2,0.08333333333333333,11,11,ACTACCAGAGTAGGCGGCTG,0,3076204
rcsBp2,0.08333333333333333,11,11,ACGTTTTCGTTTGCTGTCTA,0,3091289
rcsBp2,0.08333333333333333,11,11,ACGTGGCGAATTATGAAACG,0,3081106
rcsBp2,0.08333333333333333,11,11,ACGTGCACACCTTGACAAGG,0,3079170
rcsBp2,0.08333333333333333,11,11,ACGGGATCGCTGGTGTCATG,0,3111626
rcsBp2,0.08333333333333333,11,11,ACGGACCTTCCCTAACGCGC,0,3079760
rcsBp2,0.08333333333333333,11,11,ACGCGCGGGGTTGAAAATGT,0,3104202
rcsBp2,0.08333333333333333,11,11,ACGCATGACCGGGCAAGTCG,0,3082446
rcsBp2,0.08333333333333333,11,11,ACGACATTTTCAGTTAGGTC,0,3076975
rcsBp2,0.08333333333333333,11,11,ACGACATCCGAACCCCTAGA,0,3106279
rcsBp2,0.08333333333333333,11,11,ACGAATCGTCCACACGCTTG,0,3079756
rcsBp2,0.08333333333333333,11,11,ACCTCCACCATAGCGAGCCC,0,3080449
rcsBp2,0.08333333333333333,11,11,ACCGCACCGTCGTTTGCATT,0,3108612
rcsBp2,0.08333333333333333,11,11,ACCATCACAATTTTTTTGGG,0,3120417
rcsBp2,0.08333333333333333,11,11,ACCAGCATATGAACTGAATG,0,3080116
rcsBp2,0.08333333333333333,11,11,ACATACACTAATCTTAACTA,0,3078345
rcsBp2,0.08333333333333333,11,11,ACAAGGCCTCGTTAGAACCT,0,3099379
rcsBp2,0.08333333333333333,11,11,ACAAAGTTACCCCGGCCAGG,0,3108572
rcsBp2,0.08333333333333333,11,11,AATCATACGAGTGCGACAAG,0,3105690
rcsBp2,0.08333333333333333,11,11,AAGTTGCTTCAGTGAGCTCG,0,3104415
rcsBp2,0.08333333333333333,11,11,AAGGCGGATGAGCGGTCATT,0,3118745
rcsBp2,0.08333333333333333,11,11,AAGCTATATCGACGCTCGCG,0,3095616
rcsBp2,0.08333333333333333,11,11,AAGCGAGAAGCAACGGCCGG,0,3087908
rcsBp2,0.08333333333333333,11,11,AAGCCGGTCTAGGGGAACCT,0,3103609
rcsBp2,0.08333333333333333,11,11,AACGGCGTGTGTGTAAGGGA,0,3080463
rcsBp2,0.08333333333333333,11,11,AACCAATCCATCTAGAGCGA,0,3103617
rcsBp2,0.08333333333333333,11,11,AAAGTTCACGTATGTGAAAA,0,3116578
rcsBp2,0.08333333333333333,11,11,AAACCCTACTCGAGCCCGAT,0,3108385
rcsBp2,0.09090909090909091,10,10,TTTTGTCGGCCGAACTGCCT,0,3111153
rcsBp2,0.09090909090909091,10,10,TTTTATTATTACAGTGCTCA,0,3098723
rcsBp2,0.09090909090909091,10,10,TTTATGTTTTAGAAATCATC,0,3116167
rcsBp2,0.09090909090909091,10,10,TTTACGCCCGTCAGGAAAAC,0,3087071
rcsBp2,0.09090909090909091,10,10,TTGTGTTTGGGTGTAGGGGG,0,3094714
rcsBp2,0.09090909090909091,10,10,TTGTCCGTTGAGCAGTTATG,0,3120717
rcsBp2,0.09090909090909091,10,10,TTGGGACAAAGTTCTCTAAT,0,3100989
rcsBp2,0.09090909090909091,10,10,TTGCTCCAGTAGTTGCCCCC,0,3089404
rcsBp2,0.09090909090909091,10,10,TTGCGATCAAAGTGAAGTAA,0,3119776
rcsBp2,0.09090909090909091,10,10,TTGACCTCAGTAGGACGCGT,0,3112715
rcsBp2,0.09090909090909091,10,10,TTCGTTAAGATAACGGCGCT,0,3088551
rcsBp2,0.09090909090909091,10,10,TTCGCGGACGGTATGTCGAT,0,3073889
rcsBp2,0.09090909090909091,10,10,TTCGAGATTCGGTATCGGTA,0,3094334
rcsBp2,0.09090909090909091,10,10,TTCAACCGATAGGTTTATGA,0,3092452
rcsBp2,0.09090909090909091,10,10,TTATCTCCGTCAATGTGTCA,0,3116440
rcsBp2,0.09090909090909091,10,10,TTAGTCAACTGAGGTCTATG,0,3089120
rcsBp2,0.09090909090909091,10,10,TTAGATGGAGCGTAAGAAGG,0,3085688
rcsBp2,0.09090909090909091,10,10,TTAATGGAGTGGAGCCGGCC,0,3109197
rcsBp2,0.09090909090909091,10,10,TGTTTATTATCGAGCGCTTT,0,3078487
rcsBp2,0.09090909090909091,10,10,TGTTGCCACTCTGTGTCAGT,0,3091334
rcsBp2,0.09090909090909091,10,10,TGTCGTGTGGACAGGTGGTC,0,3122784
rcsBp2,0.09090909090909091,10,10,TGTCGCATGGTGTGGTGAGT,0,3087045
rcsBp2,0.09090909090909091,10,10,TGTCCGGCCATTCTTCTACC,0,3096642
rcsBp2,0.09090909090909091,10,10,TGTCAGGCCCTTCCCGTGTC,0,3106194
rcsBp2,0.09090909090909091,10,10,TGTATCGCATGATACGTTAA,0,3119266
rcsBp2,0.09090909090909091,10,10,TGTAGCATGCAGAAGTGTAC,0,3092182
rcsBp2,0.09090909090909091,10,10,TGTAATGGTTCAAGGGTCAA,0,3098661
rcsBp2,0.09090909090909091,10,10,TGGTTTCGAAGTAATGGCCT,0,3121460
rcsBp2,0.09090909090909091,10,10,TGGGTTATCACGGGGCGTGG,0,3106013
rcsBp2,0.09090909090909091,10,10,TGGGGTTGTCCCAATGACGT,0,3093200
rcsBp2,0.09090909090909091,10,10,TGGGCTAAGGTTACTGCGCG,0,3108944
rcsBp2,0.09090909090909091,10,10,TGGGCGAGCGAACTCTGGAA,0,3103690
rcsBp2,0.09090909090909091,10,10,TGGCAGGCGATCGAGGCGTG,0,3092904
rcsBp2,0.09090909090909091,10,10,TGGAGCTCTGGTAGGAATGG,0,3089335
rcsBp2,0.09090909090909091,10,10,TGGAAATCTGAATGGGAATC,0,3076151
rcsBp2,0.09090909090909091,10,10,TGCTCGGTCACGTGATCAGT,0,3074546
rcsBp2,0.09090909090909091,10,10,TGCTACGTATTATGTGCATG,0,3108369
rcsBp2,0.09090909090909091,10,10,TGCGTGGATGCTTGTTTACT,0,3101674
rcsBp2,0.09090909090909091,10,10,TGCATTAGGTTTCAAGTGTT,0,3093251
rcsBp2,0.09090909090909091,10,10,TGATTCTGCATTGGCTACAA,0,3113646
rcsBp2,0.09090909090909091,10,10,TGATCGGCGTTATGGGATTG,0,3085602
rcsBp2,0.09090909090909091,10,10,TGATACAGGCCGGCGCATGG,0,3091916
rcsBp2,0.09090909090909091,10,10,TGAGAAGCAAAGGTTTGCAT,0,3119370
rcsBp2,0.09090909090909091,10,10,TGACACTTAGTCAGTGCGAG,0,3108957
rcsBp2,0.09090909090909091,10,10,TGAACCGTTCATCCTGCATA,0,3088553
rcsBp2,0.09090909090909091,10,10,TCTGGCGAAGAGTCGGGGGT,0,3074502
rcsBp2,0.09090909090909091,10,10,TCTGCAAGACACATCGCCTC,0,3116536
rcsBp2,0.09090909090909091,10,10,TCTCCGGTCCTATCGGCCTA,0,3103664
rcsBp2,0.09090909090909091,10,10,TCTAGGTTAGACTGACGGAC,0,3105393
rcsBp2,0.09090909090909091,10,10,TCTAAGGGCCGTACGATGTA,0,3079104
rcsBp2,0.09090909090909091,10,10,TCGTAGGGGGCTCCTTAGTA,0,3099987
rcsBp2,0.09090909090909091,10,10,TCGGGTCTGCGTCAGATTGG,0,3111431
rcsBp2,0.09090909090909091,10,10,TCGGGGATTATGTATGTCTA,0,3077475
rcsBp2,0.09090909090909091,10,10,TCGCCATAGGTGGGCGAGTG,0,3099932
rcsBp2,0.09090909090909091,10,10,TCGATCTCGGGAGCTTGAGC,0,3099584
rcsBp2,0.09090909090909091,10,10,TCGATAAAAATTAAGTAAAG,0,3087462
rcsBp2,0.09090909090909091,10,10,TCCTTCCCTGGGTCTGTGAC,0,3101087
rcsBp2,0.09090909090909091,10,10,TCCTGCCCAATAAAAATTGT,0,3095315
rcsBp2,0.09090909090909091,10,10,TCCGCCTCCCATAGCCCTCT,0,3102909
rcsBp2,0.09090909090909091,10,10,TCCGCAGCAATTCACTATCT,0,3105422
rcsBp2,0.09090909090909091,10,10,TCCCTGTTTTAAGTGAACTT,0,3097292
rcsBp2,0.09090909090909091,10,10,TCCCAGCAAACAGTCAGGGG,0,3121911
rcsBp2,0.09090909090909091,10,10,TCCCAAGGGGGAACGGTAGT,0,3087979
rcsBp2,0.09090909090909091,10,10,TCCAGCCGACGCCAGCTGCA,0,3082195
rcsBp2,0.09090909090909091,10,10,TCCACCCCGTCGGGAGGGAC,0,3105061
rcsBp2,0.09090909090909091,10,10,TCACGGCAGGAGTAAGGCGC,0,3104408
rcsBp2,0.09090909090909091,10,10,TATTTATCTTTTGCGGCGAT,0,3105799
rcsBp2,0.09090909090909091,10,10,TATTGGGAGTCTGCCCTAGT,0,3081417
rcsBp2,0.09090909090909091,10,10,TATTCGTCAGAGGATGTGCA,0,3098770
rcsBp2,0.09090909090909091,10,10,TATTATAAACGGTAGCTGGG,0,3110327
rcsBp2,0.09090909090909091,10,10,TATCTGGCGTACCGTAGTTT,0,3117373
rcsBp2,0.09090909090909091,10,10,TATACGAACAGGCAACCGGT,0,3119983
rcsBp2,0.09090909090909091,10,10,TAGTCGGCACATGTTATTGG,0,3088829
rcsBp2,0.09090909090909091,10,10,TAGGAATGCAAGCCTGCCGG,0,3107385
rcsBp2,0.09090909090909091,10,10,TAGCTAAGTCCCAGCGTAAA,0,3075777
rcsBp2,0.09090909090909091,10,10,TAGCGTTCGACTAGCGCGCG,0,3109662
rcsBp2,0.09090909090909091,10,10,TAGCGTGCCCGTCATAATTG,0,3091641
rcsBp2,0.09090909090909091,10,10,TAGCCAAACAGCCAGGATGC,0,3085218
rcsBp2,0.09090909090909091,10,10,TACGGGTTCGGTGTGTCTGA,0,3082074
rcsBp2,0.09090909090909091,10,10,TACGGCGGCAAAAATACTCG,0,3107254
rcsBp2,0.09090909090909091,10,10,TACCGGGAATTTTCTTACGC,0,3082920
rcsBp2,0.09090909090909091,10,10,TACACCGGATGCCATCTACG,0,3102505
rcsBp2,0.09090909090909091,10,10,TAATCGCGCTGTCACGCGGC,0,3117312
rcsBp2,0.09090909090909091,10,10,TAAGGCATTCCTGGATCACC,0,3098020
rcsBp2,0.09090909090909091,10,10,TAACTGTTCGTGTCACCGGA,0,3078485
rcsBp2,0.09090909090909091,10,10,TAAAGCTTCCGGTGAGGCAG,0,3116383
rcsBp2,0.09090909090909091,10,10,GTTTTATGTCGCGGTAGGCT,0,3087961
rcsBp2,0.09090909090909091,10,10,GTTTGTTCCTTAGTCCTTTA,0,3079978
rcsBp2,0.09090909090909091,10,10,GTTTGTAAATCGCGTGGGAG,0,3078326
rcsBp2,0.09090909090909091,10,10,GTTTCGTCGGTGGGGAATCC,0,3097829
rcsBp2,0.09090909090909091,10,10,GTTCTCGAGCCGTCTAATGA,0,3103282
rcsBp2,0.09090909090909091,10,10,GTTCGGGGACATCTAACTAT,0,3106824
rcsBp2,0.09090909090909091,10,10,GTTCGAGTACATCCCGAGAT,0,3095696
rcsBp2,0.09090909090909091,10,10,GTTATGTACATAGCCAGAAC,0,3119137
rcsBp2,0.09090909090909091,10,10,GTGTTATAAACAAGCTCGAA,0,3099552
rcsBp2,0.09090909090909091,10,10,GTGTCTCCCACCAAACACAA,0,3112249
rcsBp2,0.09090909090909091,10,10,GTGTCGGACTGGTTGGATTG,0,3091423
rcsBp2,0.09090909090909091,10,10,GTGGAGAACATTTATTTTAC,0,3082207
rcsBp2,0.09090909090909091,10,10,GTGCCGTAAGGCTACGGGAT,0,3084981
rcsBp2,0.09090909090909091,10,10,GTGAAAACTGGGCCTGTCAT,0,3093767
rcsBp2,0.09090909090909091,10,10,GTCGTTGGACTCATCAGAGG,0,3088212
rcsBp2,0.09090909090909091,10,10,GTCCGCATGGTTGGTTAAGC,0,3100441
rcsBp2,0.09090909090909091,10,10,GTCATGATTGGGCATTCCCG,0,3088988
rcsBp2,0.09090909090909091,10,10,GTATCGTCCTGTTTACAGTT,0,3101725
rcsBp2,0.09090909090909091,10,10,GTAGTAGTTACGGGCTGCTA,0,3087805
rcsBp2,0.09090909090909091,10,10,GTAGATCTGATAGTACTTTT,0,3079757
rcsBp2,0.09090909090909091,10,10,GTACATACTACTCCACTTGG,0,3106155
rcsBp2,0.09090909090909091,10,10,GTAATCTCCTGAACTTCTAT,0,3111366
rcsBp2,0.09090909090909091,10,10,GTAAAGTTTACAGTTTCAGG,0,3097837
rcsBp2,0.09090909090909091,10,10,GTAAAGGTCGAATTTAACCC,0,3076232
rcsBp2,0.09090909090909091,10,10,GGTTTTTTTATCACTGTGAT,0,3089359
rcsBp2,0.09090909090909091,10,10,GGTTGGTATCCATCGTTAAG,0,3099080
rcsBp2,0.09090909090909091,10,10,GGTTCGGGACCTTGAGCATT,0,3114912
rcsBp2,0.09090909090909091,10,10,GGTTCAATGCCTATTACCAC,0,3088700
rcsBp2,0.09090909090909091,10,10,GGTGGGATATAGACAGAGCA,0,3075573
rcsBp2,0.09090909090909091,10,10,GGGTGTTCAATTGTTGCTTG,0,3103565
rcsBp2,0.09090909090909091,10,10,GGGTGCTTCTGCCAGGACTT,0,3086051
rcsBp2,0.09090909090909091,10,10,GGGTGCATTCAAAGGCATTA,0,3115518
rcsBp2,0.09090909090909091,10,10,GGGTCATTACAAATGTCCCG,0,3112140
rcsBp2,0.09090909090909091,10,10,GGGGCCAAAGTTCATCCGTA,0,3111898
rcsBp2,0.09090909090909091,10,10,GGGCGCGGCTACATGTTATA,0,3116588
rcsBp2,0.09090909090909091,10,10,GGGAGTGGGAAAAGGAGGAC,0,3100768
rcsBp2,0.09090909090909091,10,10,GGGACCCGTTTCTTCAAACC,0,3104911
rcsBp2,0.09090909090909091,10,10,GGCTGTATTCCGCACGTAGG,0,3087958
rcsBp2,0.09090909090909091,10,10,GGCTCGTTCGCAGGATCGCA,0,3086430
rcsBp2,0.09090909090909091,10,10,GGCCTATTAGCTAAATTAGG,0,3078886
rcsBp2,0.09090909090909091,10,10,GGCCCTTGCGAAACAATTCT,0,3075221
rcsBp2,0.09090909090909091,10,10,GGCCCGTGTCAGAGTCACCC,0,3105715
rcsBp2,0.09090909090909091,10,10,GGCCAGTGTTTGTTCCGGCT,0,3106375
rcsBp2,0.09090909090909091,10,10,GGCACGTAAGAGTATTACTG,0,3099598
rcsBp2,0.09090909090909091,10,10,GGCAACGCACGGGGCAAAAA,0,3116856
rcsBp2,0.09090909090909091,10,10,GGATAGCAACACTGGTAGGG,0,3120976
rcsBp2,0.09090909090909091,10,10,GGAGTAGGAGATGTCGCACA,0,3106825
rcsBp2,0.09090909090909091,10,10,GGAGCCGAATCATAAGCTAG,0,3111157
rcsBp2,0.09090909090909091,10,10,GGAGCCACGATCGCACTATC,0,3107605
rcsBp2,0.09090909090909091,10,10,GGACCCTGGGCTCTAAAGCT,0,3119791
rcsBp2,0.09090909090909091,10,10,GGAATGCACGCCGAGCGCGG,0,3089401
rcsBp2,0.09090909090909091,10,10,GCTGGCGCAATTGCATGTAG,0,3097196
rcsBp2,0.09090909090909091,10,10,GCTGCTAAGCAATTGCCTCT,0,3098523
rcsBp2,0.09090909090909091,10,10,GCTCCCCACGAAGTCCCCCT,0,3094519
rcsBp2,0.09090909090909091,10,10,GCTAGCTTGAAGGCATTCCC,0,3084184
rcsBp2,0.09090909090909091,10,10,GCGTTGTCATATTATGATCT,0,3106517
rcsBp2,0.09090909090909091,10,10,GCGTGTTATCTAAGAAATAG,0,3100157
rcsBp2,0.09090909090909091,10,10,GCGTCCGTCCATGGCCTAGC,0,3079342
rcsBp2,0.09090909090909091,10,10,GCGCGTCACTCAGATAATGA,0,3121783
rcsBp2,0.09090909090909091,10,10,GCGCCAGCAGTTCTACCTCA,0,3078507
rcsBp2,0.09090909090909091,10,10,GCGAGTGTTTTCCGATGAAC,0,3120095
rcsBp2,0.09090909090909091,10,10,GCGAACAGCGCCGTCTTACG,0,3086224
rcsBp2,0.09090909090909091,10,10,GCCTTCCGTTCTCGTTTTGG,0,3076736
rcsBp2,0.09090909090909091,10,10,GCCGTCTGACTTTCGTAGTG,0,3106899
rcsBp2,0.09090909090909091,10,10,GCCGCTGTCCCGAGGGAACT,0,3102300
rcsBp2,0.09090909090909091,10,10,GCCGCGCTGGATTTGTCGGT,0,3079226
rcsBp2,0.09090909090909091,10,10,GCCGCACGCGAGTTCTGGGA,0,3112129
rcsBp2,0.09090909090909091,10,10,GCCCATTGCAAGTCATTATG,0,3073853
rcsBp2,0.09090909090909091,10,10,GCCCAGTATGCGATCTGCGC,0,3107722
rcsBp2,0.09090909090909091,10,10,GCCAAAAAGCGCCGGTTATG,0,3084602
rcsBp2,0.09090909090909091,10,10,GCAGGGTTGATCGCGCGGTT,0,3081977
rcsBp2,0.09090909090909091,10,10,GCAGCATCACTTACTATGAC,0,3090178
rcsBp2,0.09090909090909091,10,10,GCAGAATTGGCTCCTATGGA,0,3079499
rcsBp2,0.09090909090909091,10,10,GCACTTACTGGTCGCGCTAT,0,3084442
rcsBp2,0.09090909090909091,10,10,GCACTGGTGCCCACGTGAGT,0,3088909
rcsBp2,0.09090909090909091,10,10,GATGTGTTTGTAGGAGGGAT,0,3100063
rcsBp2,0.09090909090909091,10,10,GATGGAAACCCTAAGGCGAA,0,3107422
rcsBp2,0.09090909090909091,10,10,GATGCTCCAGATGCGCCCGG,0,3118935
rcsBp2,0.09090909090909091,10,10,GATCTCCCACTATGATTGAC,0,3097201
rcsBp2,0.09090909090909091,10,10,GATCATATAACTCGCTTTCG,0,3113463
rcsBp2,0.09090909090909091,10,10,GATAGGTCGCAGATCGGCGG,0,3076353
rcsBp2,0.09090909090909091,10,10,GAGGATCGGGCGTCACGATC,0,3095820
rcsBp2,0.09090909090909091,10,10,GAGCTTCTATTACAAGTGAG,0,3122998
rcsBp2,0.09090909090909091,10,10,GAGCTGATCCATCTTCCGCC,0,3110271
rcsBp2,0.09090909090909091,10,10,GAGCCATGGTCGCGGTTTGC,0,3104588
rcsBp2,0.09090909090909091,10,10,GACTGAAGATGAGGGTTTTT,0,3093812
rcsBp2,0.09090909090909091,10,10,GACGTCCCTGATGCTACGTG,0,3099501
rcsBp2,0.09090909090909091,10,10,GAATGAGATTTCTCGTGCAG,0,3093170
rcsBp2,0.09090909090909091,10,10,GAATAAGGTTCTCGGAGTAG,0,3104448
rcsBp2,0.09090909090909091,10,10,GAACTTTGTATCACTAGCGT,0,3115427
rcsBp2,0.09090909090909091,10,10,GAACGTGTCTCTCATTGTCG,0,3102399
rcsBp2,0.09090909090909091,10,10,GAACACTCTTCGAATGGAAG,0,3086476
rcsBp2,0.09090909090909091,10,10,GAAATTAAAGTTCGATAGAC,0,3079724
rcsBp2,0.09090909090909091,10,10,CTTTTTTAATGCGGACGCCT,0,3095757
rcsBp2,0.09090909090909091,10,10,CTTGGCAATTTTGGAGTTTA,0,3101879
rcsBp2,0.09090909090909091,10,10,CTTGACATTATTCTTAGACC,0,3111530
rcsBp2,0.09090909090909091,10,10,CTTAGGAGACCACTTACTAT,0,3086883
rcsBp2,0.09090909090909091,10,10,CTGTTGGTACCCTAAATTCT,0,3082887
rcsBp2,0.09090909090909091,10,10,CTGGCCGCGGAGCCCCTCCG,0,3089963
rcsBp2,0.09090909090909091,10,10,CTGCACTAGGAGTTTCTGGC,0,3078957
rcsBp2,0.09090909090909091,10,10,CTGCAATTATAGATGATGTG,0,3117724
rcsBp2,0.09090909090909091,10,10,CTGAACTTCGGGACTGCGAA,0,3116852
rcsBp2,0.09090909090909091,10,10,CTCTCTCAGTTGTACTATTC,0,3084800
rcsBp2,0.09090909090909091,10,10,CTCGTTGTAAGATTCAATCC,0,3079713
rcsBp2,0.09090909090909091,10,10,CTCGTGCAGCAACTACCGAT,0,3085586
rcsBp2,0.09090909090909091,10,10,CTCCTCTACTGCCGGAGCAA,0,3107896
rcsBp2,0.09090909090909091,10,10,CTATTATGTTAATAGATTTA,0,3085578
rcsBp2,0.09090909090909091,10,10,CTATGGGTTTCTCTGGGCTC,0,3092001
rcsBp2,0.09090909090909091,10,10,CTATCGTTTATTTTATGATC,0,3077363
rcsBp2,0.09090909090909091,10,10,CTAGCTAAACTGTTACTAAG,0,3114807
rcsBp2,0.09090909090909091,10,10,CTACCTTCAACTGTCGTTAG,0,3082283
rcsBp2,0.09090909090909091,10,10,CTAAGCGCTGGAGACCGGGG,0,3091616
rcsBp2,0.09090909090909091,10,10,CTAAATTATTTGGCACTAGA,0,3098768
rcsBp2,0.09090909090909091,10,10,CGTTGGGCACAGAACACTAA,0,3079755
rcsBp2,0.09090909090909091,10,10,CGTTGGCGATGTTAGCCCTC,0,3080851
rcsBp2,0.09090909090909091,10,10,CGTGCGATGGTGTAAGTTTT,0,3081982
rcsBp2,0.09090909090909091,10,10,CGTCGATGGCCTGTCTGGGT,0,3105288
rcsBp2,0.09090909090909091,10,10,CGGTTTTCTGATGGGGTTGT,0,3075171
rcsBp2,0.09090909090909091,10,10,CGGTTTGTGTCCCAATCGAC,0,3106109
rcsBp2,0.09090909090909091,10,10,CGGTTGTGGGGCAGCATCGC,0,3097605
rcsBp2,0.09090909090909091,10,10,CGGTTGGGGCGCTATCGCTT,0,3106756
rcsBp2,0.09090909090909091,10,10,CGGTTGCCCTCCAGTCGATA,0,3080236
rcsBp2,0.09090909090909091,10,10,CGGTGTTCTCATTTTGCGAG,0,3110408
rcsBp2,0.09090909090909091,10,10,CGGGGATAGGCAGCACCGGT,0,3104236
rcsBp2,0.09090909090909091,10,10,CGGCCTAAGCAGCGAGCGAT,0,3108016
rcsBp2,0.09090909090909091,10,10,CGGACTTCGGATACTGTCGT,0,3096509
rcsBp2,0.09090909090909091,10,10,CGGACTAACAATCGGTGCAA,0,3088783
rcsBp2,0.09090909090909091,10,10,CGGACGTCCTTGCAGGACGG,0,3119436
rcsBp2,0.09090909090909091,10,10,CGCTTCACGGATGACATATT,0,3122275
rcsBp2,0.09090909090909091,10,10,CGCTTAAGACTGAAGTAAAG,0,3079950
rcsBp2,0.09090909090909091,10,10,CGCGTTTCCACTCGTCGAAA,0,3100802
rcsBp2,0.09090909090909091,10,10,CGCGGGTAAAAACCGGTCTC,0,3112517
rcsBp2,0.09090909090909091,10,10,CGCGGGCGCAAAAACCCTGC,0,3089498
rcsBp2,0.09090909090909091,10,10,CGCGACAGGATTTGTTATCC,0,3115787
rcsBp2,0.09090909090909091,10,10,CGCCGAGACTAACGAATACG,0,3106963
rcsBp2,0.09090909090909091,10,10,CGCAATTAACTTCGAAGGCC,0,3099327
rcsBp2,0.09090909090909091,10,10,CGAGCGTTCTTGGTTCTCAC,0,3087966
rcsBp2,0.09090909090909091,10,10,CGACTGGGGGTCCACCATCT,0,3099906
rcsBp2,0.09090909090909091,10,10,CGACGTAACAATCGGGGGAC,0,3081373
rcsBp2,0.09090909090909091,10,10,CCTTTAACGGTATGCGCTAC,0,3093150
rcsBp2,0.09090909090909091,10,10,CCTGTGAAAGCCCGATCAAC,0,3113373
rcsBp2,0.09090909090909091,10,10,CCTGGGTAGTCCTGACGACA,0,3093253
rcsBp2,0.09090909090909091,10,10,CCTGGCCAGTTATGCTCGAC,0,3089500
rcsBp2,0.09090909090909091,10,10,CCTAGGCGGTGTGCACTTGA,0,3083162
rcsBp2,0.09090909090909091,10,10,CCTAGAGAACTTGCGCCGAC,0,3105472
rcsBp2,0.09090909090909091,10,10,CCTACGTTCAGGCTCTCTGT,0,3095672
rcsBp2,0.09090909090909091,10,10,CCGTCTAATCGCGTACGCTA,0,3116476
rcsBp2,0.09090909090909091,10,10,CCGGGTGCTTACGGCTTCCG,0,3074807
rcsBp2,0.09090909090909091,10,10,CCGCTATGTCGGCAGCCGAT,0,3102768
rcsBp2,0.09090909090909091,10,10,CCGCCCAATGGCCGTCATCG,0,3074498
rcsBp2,0.09090909090909091,10,10,CCGAAGCACAAATGTCTAGC,0,3109663
rcsBp2,0.09090909090909091,10,10,CCCGTTGCTCTTGAACCACC,0,3081450
rcsBp2,0.09090909090909091,10,10,CCCGCCGCCAGTAGCAGAAA,0,3117862
rcsBp2,0.09090909090909091,10,10,CCCGACGGAACTTTAGCGGA,0,3084340
rcsBp2,0.09090909090909091,10,10,CCCCGTAATCGGAGATGAGC,0,3100708
rcsBp2,0.09090909090909091,10,10,CCCCGCATCGACACAGATTC,0,3100407
rcsBp2,0.09090909090909091,10,10,CCCATCGGTGTCCGTGTAAA,0,3114707
rcsBp2,0.09090909090909091,10,10,CCATGATAATAAGAGAGATT,0,3101972
rcsBp2,0.09090909090909091,10,10,CCAGAGCCGAGCAACCCTCG,0,3098465
rcsBp2,0.09090909090909091,10,10,CCACTGCGGTGAGTTCATCT,0,3081738
rcsBp2,0.09090909090909091,10,10,CCACTATACTTCCCGGCGTG,0,3116389
rcsBp2,0.09090909090909091,10,10,CCACCCAGAAGTATGAGTAC,0,3097877
rcsBp2,0.09090909090909091,10,10,CCACAGAGTAGACCGACGTC,0,3091998
rcsBp2,0.09090909090909091,10,10,CATTCTTCATAGACGCATGT,0,3077070
rcsBp2,0.09090909090909091,10,10,CATGAATGGGTTCGCGTATC,0,3097680
rcsBp2,0.09090909090909091,10,10,CATCTCCCGCACGGGAGCCT,0,3111892
rcsBp2,0.09090909090909091,10,10,CATCGCGCTCCAGTGACTAA,0,3101862
rcsBp2,0.09090909090909091,10,10,CATACCTCGACGGAATGAGC,0,3104484
rcsBp2,0.09090909090909091,10,10,CATACCGATTAGGCTCACGG,0,3088453
rcsBp2,0.09090909090909091,10,10,CATAAGATCCGTTGTCGTTT,0,3097631
rcsBp2,0.09090909090909091,10,10,CAGTTTCAACAAAATCATAT,0,3082014
rcsBp2,0.09090909090909091,10,10,CAGTGTACAGTGTTTCGGCT,0,3119883
rcsBp2,0.09090909090909091,10,10,CAGTCGGAGTTGACCTTAGC,0,3101084
rcsBp2,0.09090909090909091,10,10,CAGAGGACGACGATTCATCA,0,3110976
rcsBp2,0.09090909090909091,10,10,CAGAATAGGGATCCTTTTAA,0,3097561
rcsBp2,0.09090909090909091,10,10,CACCTTCCTTTTTTTCAAAG,0,3104395
rcsBp2,0.09090909090909091,10,10,CACATAGTTTGGTGATTCAG,0,3101697
rcsBp2,0.09090909090909091,10,10,CACACGTGGTTTGGCGCAGA,0,3091796
rcsBp2,0.09090909090909091,10,10,CACAAGCGGCTTAAGCTGAT,0,3108797
rcsBp2,0.09090909090909091,10,10,CAATCAGCCACGGACAGGAA,0,3121031
rcsBp2,0.09090909090909091,10,10,CAAAGAACTTACATTAAGTT,0,3107704
rcsBp2,0.09090909090909091,10,10,CAAAAGCGATTTCCGCTTAT,0,3090357
rcsBp2,0.09090909090909091,10,10,ATTTTCCCTACTCCGCTTAT,0,3105939
rcsBp2,0.09090909090909091,10,10,ATTTGTCTTGGGACGGTCCA,0,3073916
rcsBp2,0.09090909090909091,10,10,ATTTCTCAAACGATAGGTAA,0,3093079
rcsBp2,0.09090909090909091,10,10,ATTGCTAGTGGGGCACCGCT,0,3115898
rcsBp2,0.09090909090909091,10,10,ATTACCCGCAAGTATAAAGA,0,3090650
rcsBp2,0.09090909090909091,10,10,ATGTCAGTCGGTTGACACGT,0,3113641
rcsBp2,0.09090909090909091,10,10,ATGTAGGCTCTGTCACAGAC,0,3113283
rcsBp2,0.09090909090909091,10,10,ATGTAACCCTGTATCTTAAA,0,3108014
rcsBp2,0.09090909090909091,10,10,ATGGTAACTGAACACTAACT,0,3079973
rcsBp2,0.09090909090909091,10,10,ATGGAACCCCTAGGCCGACC,0,3097306
rcsBp2,0.09090909090909091,10,10,ATCTCACTGAGCGAGACGGG,0,3117771
rcsBp2,0.09090909090909091,10,10,ATCTAGCTTCACGTGTATCG,0,3120542
rcsBp2,0.09090909090909091,10,10,ATCGGTCCTCTGGCTGGGTA,0,3114287
rcsBp2,0.09090909090909091,10,10,ATCGCATCGATATGCTGTTC,0,3092094
rcsBp2,0.09090909090909091,10,10,ATCGCAGTGGAAGAACATTC,0,3115259
rcsBp2,0.09090909090909091,10,10,ATCGAACCTTGTAGACGGTC,0,3082105
rcsBp2,0.09090909090909091,10,10,ATCCTACTTTCTGGTCGGGT,0,3122853
rcsBp2,0.09090909090909091,10,10,ATCCGTAAAGGTCCTATCCT,0,3115382
rcsBp2,0.09090909090909091,10,10,ATCCGAACCATGCACAATAG,0,3117400
rcsBp2,0.09090909090909091,10,10,ATCAGTGAAAGAAACCTCGG,0,3075249
rcsBp2,0.09090909090909091,10,10,ATATTCATGTGATAAGTATT,0,3087076
rcsBp2,0.09090909090909091,10,10,ATATGGGGAAGCTGTACAAC,0,3108588
rcsBp2,0.09090909090909091,10,10,ATATCGGCGAAGTTTGCAGA,0,3104538
rcsBp2,0.09090909090909091,10,10,ATAGTGTAATTACACCTCAT,0,3118666
rcsBp2,0.09090909090909091,10,10,ATACACATGAATTGGGAGCG,0,3095368
rcsBp2,0.09090909090909091,10,10,ATAAGCGTCACCGCATCTTT,0,3081473
rcsBp2,0.09090909090909091,10,10,AGTGGGAGCGCCTAAGTCGA,0,3082536
rcsBp2,0.09090909090909091,10,10,AGTGGGACCTGTTCGAGAGT,0,3119598
rcsBp2,0.09090909090909091,10,10,AGTGCCTCGACCCGTACTTA,0,3097187
rcsBp2,0.09090909090909091,10,10,AGTGCCGTAGATGTACGGAT,0,3099167
rcsBp2,0.09090909090909091,10,10,AGTAAAAGCAAGAACACATG,0,3120665
rcsBp2,0.09090909090909091,10,10,AGGTGGTCGGCAAATCGCCT,0,3101335
rcsBp2,0.09090909090909091,10,10,AGGTGCTCGCGTTTCGGGGT,0,3103773
rcsBp2,0.09090909090909091,10,10,AGGTGATGGATAGAGGGTGT,0,3098799
rcsBp2,0.09090909090909091,10,10,AGGTCGGACGCGTAGGGGGT,0,3099999
rcsBp2,0.09090909090909091,10,10,AGGGTGTCAAGTAGGTGGGA,0,3105560
rcsBp2,0.09090909090909091,10,10,AGGGTATGGCGCCGTGTATT,0,3103911
rcsBp2,0.09090909090909091,10,10,AGGGCCCTTGGGCAAGCCGT,0,3116576
rcsBp2,0.09090909090909091,10,10,AGGGATGATAAAATAACTGG,0,3090744
rcsBp2,0.09090909090909091,10,10,AGGGAACCCTGCTACCGTCT,0,3087864
rcsBp2,0.09090909090909091,10,10,AGGGAAATTCCGCCAAAAGT,0,3105226
rcsBp2,0.09090909090909091,10,10,AGGCGGAATGGGCACGTAAA,0,3102377
rcsBp2,0.09090909090909091,10,10,AGGAGTTTTATATTAAATCA,0,3105979
rcsBp2,0.09090909090909091,10,10,AGGAGTTATGGTATCCATCA,0,3079405
rcsBp2,0.09090909090909091,10,10,AGCTCCATCGTTGCGTGACT,0,3096920
rcsBp2,0.09090909090909091,10,10,AGCTATCTCCTCTACGGTTC,0,3102576
rcsBp2,0.09090909090909091,10,10,AGCTAACAGGACGGGGGTAA,0,3107676
rcsBp2,0.09090909090909091,10,10,AGCGTCTGACCGGCTTGCCA,0,3117596
rcsBp2,0.09090909090909091,10,10,AGCGCTATGGTGTAGTACCA,0,3095130
rcsBp2,0.09090909090909091,10,10,AGCGAATTGAACTTGGCTCT,0,3105465
rcsBp2,0.09090909090909091,10,10,AGCCCTGGCGACCCAATAAC,0,3113938
rcsBp2,0.09090909090909091,10,10,AGCAATAAGCACGGACACAT,0,3119376
rcsBp2,0.09090909090909091,10,10,AGCAAAGCCGTCACAAACCT,0,3078474
rcsBp2,0.09090909090909091,10,10,AGATGGTTAATAGCGATTCT,0,3105663
rcsBp2,0.09090909090909091,10,10,AGATATAGTAATCTATAGTT,0,3086395
rcsBp2,0.09090909090909091,10,10,AGAAGCTAATAATATACGGT,0,3097157
rcsBp2,0.09090909090909091,10,10,ACTTCGAATCCTGGGATTCC,0,3078281
rcsBp2,0.09090909090909091,10,10,ACTAGCTCACCGCCGATTGA,0,3095659
rcsBp2,0.09090909090909091,10,10,ACGGTGAATTGTCAGGTCGG,0,3115736
rcsBp2,0.09090909090909091,10,10,ACGCTGCGACAGACCCGAGA,0,3077850
rcsBp2,0.09090909090909091,10,10,ACGCTACAGCGGCGTTTGGA,0,3091025
rcsBp2,0.09090909090909091,10,10,ACGCGGTATATCGCGAATCG,0,3108021
rcsBp2,0.09090909090909091,10,10,ACCTCGGGACGGGCCGGGAG,0,3099328
rcsBp2,0.09090909090909091,10,10,ACCGGATGGCATAGCCGTTA,0,3114053
rcsBp2,0.09090909090909091,10,10,ACCGACGTAAGGGATGTCAA,0,3117639
rcsBp2,0.09090909090909091,10,10,ACATGAAGGTCCCATCTTAT,0,3101396
rcsBp2,0.09090909090909091,10,10,ACAGGGTTATTACCTTTTAC,0,3112901
rcsBp2,0.09090909090909091,10,10,ACACCGATCTATTCGGCTTC,0,3083921
rcsBp2,0.09090909090909091,10,10,ACACCAAGTGCGCGGCCGGT,0,3113217
rcsBp2,0.09090909090909091,10,10,ACAACAGCAACTACGTCTGC,0,3110597
rcsBp2,0.09090909090909091,10,10,AATGTCCATCTCTTAAGCGC,0,3101182
rcsBp2,0.09090909090909091,10,10,AATCTTTCTTCATAAGGCGC,0,3080850
rcsBp2,0.09090909090909091,10,10,AATCTTGTTTGACTTATAGT,0,3112908
rcsBp2,0.09090909090909091,10,10,AATCCTGGTGAACAATACTG,0,3076424
rcsBp2,0.09090909090909091,10,10,AATATAACGTTGTGTCCAAA,0,3087332
rcsBp2,0.09090909090909091,10,10,AATACGGGTAAGTGATCCAG,0,3088597
rcsBp2,0.09090909090909091,10,10,AACACGATGGCGGCTAGTCA,0,3108053
rcsBp2,0.09090909090909091,10,10,AACACAGGTACTGCGGCAGC,0,3093121
rcsBp2,0.09090909090909091,10,10,AAATGATCGTGTTTCGGTAT,0,3100380
rcsBp2,0.09090909090909091,10,10,AAATACCACCCTTGACAGAG,0,3104076
rcsBp2,0.09090909090909091,10,10,AAATAATAAGTTTGACACAG,0,3114340
rcsBp2,0.09090909090909091,10,10,AAACGCGGCTGGCAGTCTTC,0,3099912
rcsBp2,0.09090909090909091,10,10,AAAAGACGTTCACATTCCAG,0,3116207
rcsBp2,0.1,9,9,TTTTGACGCTCGCAGCGTGA,0,3103942
rcsBp2,0.1,9,9,TTTGTCCTACCTCGGCACGT,0,3093214
rcsBp2,0.1,9,9,TTTGGGATTTTGGAGCGGGA,0,3103046
rcsBp2,0.1,9,9,TTTGACAACAAGCTTCTCTG,0,3109078
rcsBp2,0.1,9,9,TTTCTTCGGACGCTCTTAGG,0,3104673
rcsBp2,0.1,9,9,TTTCGCGCCTTTAAGCCTTT,0,3104632
rcsBp2,0.1,9,9,TTTCACTGTATCCCATATGG,0,3094420
rcsBp2,0.1,9,9,TTTATATCCCCAGGAACTGC,0,3094282
rcsBp2,0.1,9,9,TTTAGTCTTGTGACAATGCG,0,3117725
rcsBp2,0.1,9,9,TTTAAATGGTACGAAGGGCT,0,3120497
rcsBp2,0.1,9,9,TTGTACGTCGTAGCTACCCT,0,3110497
rcsBp2,0.1,9,9,TTGGTTCAGAGCGTTTTCTC,0,3108594
rcsBp2,0.1,9,9,TTGGCGGCCTGCTGTTTGAT,0,3093936
rcsBp2,0.1,9,9,TTGGCCGTATATCGGCTTCA,0,3119790
rcsBp2,0.1,9,9,TTGGAGGGTTCTACCGAAGT,0,3081401
rcsBp2,0.1,9,9,TTGGACTCGCGCGCGATGCC,0,3116396
rcsBp2,0.1,9,9,TTGCTTTTGCAGTTGTAGAA,0,3118884
rcsBp2,0.1,9,9,TTGAGGGGCGCAGACTTTGA,0,3117510
rcsBp2,0.1,9,9,TTCTTAGCCTAGCTTTTATG,0,3085959
rcsBp2,0.1,9,9,TTCTATTAGTCGTCATCGTC,0,3094609
rcsBp2,0.1,9,9,TTCGGTAGCGCAATATGACA,0,3082534
rcsBp2,0.1,9,9,TTCAGTGCCTTAGCCCGGCA,0,3096473
rcsBp2,0.1,9,9,TTATTCTCCATAGACCACCT,0,3091679
rcsBp2,0.1,9,9,TTATGGAGGCGAAGGACTAT,0,3118496
rcsBp2,0.1,9,9,TTATCCCGATCCCCCGTGTA,0,3097986
rcsBp2,0.1,9,9,TTAGTCTCTCCGCGTTTCGT,0,3093937
rcsBp2,0.1,9,9,TTAGGTCGCTTTCACCAGAA,0,3092314
rcsBp2,0.1,9,9,TTAGGATATTATCTCCCTAT,0,3116846
rcsBp2,0.1,9,9,TTAGCCGCTAATCCGAGGGT,0,3075101
rcsBp2,0.1,9,9,TTAGCCAGTCACCGTTCTAC,0,3093883
rcsBp2,0.1,9,9,TTAGCCAATCTGGCACAGTT,0,3075449
rcsBp2,0.1,9,9,TTAGACTTTCCGCCACCCAG,0,3101006
rcsBp2,0.1,9,9,TTACAAGGGACTTGCCTAGA,0,3111160
rcsBp2,0.1,9,9,TTAATCATCGTCTTGAATGT,0,3087316
rcsBp2,0.1,9,9,TTAAGTCCCGGGCCATCACT,0,3101484
rcsBp2,0.1,9,9,TTAAGCGTATCCGTAGAATA,0,3101522
rcsBp2,0.1,9,9,TGTTTTTACAGCCAGGTTGG,0,3121290
rcsBp2,0.1,9,9,TGTTGATGTGTATAGCTGAA,0,3079684
rcsBp2,0.1,9,9,TGTGTTCAACTTTGCACCCG,0,3109685
rcsBp2,0.1,9,9,TGTGCAAAAAGGGCAATACT,0,3096486
rcsBp2,0.1,9,9,TGTGACGCACGCACAAGCCA,0,3102802
rcsBp2,0.1,9,9,TGTCTAGCCTAAGGACCCTG,0,3077713
rcsBp2,0.1,9,9,TGTAAGTTATCCTTTATTGT,0,3101907
rcsBp2,0.1,9,9,TGGTGACACGAAAAGGAAAG,0,3092523
rcsBp2,0.1,9,9,TGGTCACTTTATCACGCTGA,0,3092960
rcsBp2,0.1,9,9,TGGCCGAATGCGGGCAGCTT,0,3089455
rcsBp2,0.1,9,9,TGGCCCGCACGCTACATCCT,0,3120784
rcsBp2,0.1,9,9,TGCTATGAATCAGCAATTAT,0,3114950
rcsBp2,0.1,9,9,TGCGCAGATGTACCCACGTA,0,3111087
rcsBp2,0.1,9,9,TGCCGGGCTGGCTGAATTGC,0,3082809
rcsBp2,0.1,9,9,TGAGTAGAATTGTTAGAAAT,0,3079004
rcsBp2,0.1,9,9,TGAGGTTAATATGATGTTTC,0,3087117
rcsBp2,0.1,9,9,TGAGGCAGGGGATGCGTTCA,0,3080979
rcsBp2,0.1,9,9,TGAGGAGAGTCAAAGGCTAC,0,3078404
rcsBp2,0.1,9,9,TGAGCTGGTGTTCCAGCCTC,0,3075967
rcsBp2,0.1,9,9,TGACTCAGGCCCTTGAGGCA,0,3113436
rcsBp2,0.1,9,9,TGACGGCCCGTAAATGTAAA,0,3085066
rcsBp2,0.1,9,9,TGAATTTTGCTAGATATGAG,0,3104159
rcsBp2,0.1,9,9,TGAAGAATACCAGCGGAACT,0,3088281
rcsBp2,0.1,9,9,TCTTACGGCTGAATATCGTG,0,3111786
rcsBp2,0.1,9,9,TCTGCGCAACCCTTATTAAG,0,3089719
rcsBp2,0.1,9,9,TCTCATGCACCAATGCTCTC,0,3107337
rcsBp2,0.1,9,9,TCTCAGCTTTCTATTGGACC,0,3091204
rcsBp2,0.1,9,9,TCTAGGCGAAGGACGTCCCT,0,3093824
rcsBp2,0.1,9,9,TCGTGTTTGCTGTGGCTCCT,0,3075875
rcsBp2,0.1,9,9,TCGTACCGAAAGGGATCTGA,0,3083214
rcsBp2,0.1,9,9,TCGGGAGCGAAAACGCGGAT,0,3093739
rcsBp2,0.1,9,9,TCGCTCGGGCATTTTACTCC,0,3096654
rcsBp2,0.1,9,9,TCGAGTGCGTACACGGTGAA,0,3097022
rcsBp2,0.1,9,9,TCGAAGATAAGATCATCTAT,0,3102482
rcsBp2,0.1,9,9,TCCTTGGTCCGCCCTACCGA,0,3105743
rcsBp2,0.1,9,9,TCCGCTCAAAATCGTAAGTT,0,3104750
rcsBp2,0.1,9,9,TCCCCATGTAAACAAGTACT,0,3074932
rcsBp2,0.1,9,9,TCCAGCACGCCTATTCGCGC,0,3090741
rcsBp2,0.1,9,9,TCCAAGTACATCTCACCCCG,0,3097938
rcsBp2,0.1,9,9,TCCAACGCTAGGCCTACATT,0,3076399
rcsBp2,0.1,9,9,TCATGGATTACGAACCCGAA,0,3097310
rcsBp2,0.1,9,9,TCACCTTTCAATGATGTCGG,0,3091212
rcsBp2,0.1,9,9,TCAATGATGAGCTCCCGGAT,0,3109158
rcsBp2,0.1,9,9,TCAACCCCGTTACATTGGGG,0,3097832
rcsBp2,0.1,9,9,TATTTGCGTCAGGGGATTAC,0,3103497
rcsBp2,0.1,9,9,TATTAGCGCACTTAAAAGGT,0,3096505
rcsBp2,0.1,9,9,TATGTCGTTATATAATTGCG,0,3112078
rcsBp2,0.1,9,9,TATCTCAAGCGGTTGATCCT,0,3085718
rcsBp2,0.1,9,9,TATCTAAATCGCTTAAAGGG,0,3083311
rcsBp2,0.1,9,9,TATCCTCCCTTGGGTTACCA,0,3104111
rcsBp2,0.1,9,9,TAGGGTGGAAGCCCGTCTAT,0,3101715
rcsBp2,0.1,9,9,TAGGGGCTTAGAAGTGAATA,0,3109862
rcsBp2,0.1,9,9,TAGGGGCGAGTTACTCCTGA,0,3099161
rcsBp2,0.1,9,9,TAGGGATTGTCTACCTACCG,0,3102745
rcsBp2,0.1,9,9,TAGGCGCTAAATGCCTATTA,0,3101633
rcsBp2,0.1,9,9,TAGGCAGGAGAGGCTGCTGT,0,3119665
rcsBp2,0.1,9,9,TAGGACAGTCTTAGTAACGT,0,3083932
rcsBp2,0.1,9,9,TAGGACAAGAAGAGCAGTCA,0,3116285
rcsBp2,0.1,9,9,TAGCATCGTACCAGGTGGAG,0,3099092
rcsBp2,0.1,9,9,TAGATGTGCTCATTTTCGAG,0,3089090
rcsBp2,0.1,9,9,TAGACGCTCCTCGGGGAGAG,0,3115051
rcsBp2,0.1,9,9,TAGACACAACTTTAGGGTCT,0,3104914
rcsBp2,0.1,9,9,TACTCTGGGTTGTCCGGTGT,0,3092010
rcsBp2,0.1,9,9,TACTAGGGGTCGTGTGTCTT,0,3094765
rcsBp2,0.1,9,9,TACTAAGCGTGTCCTTGAAC,0,3108147
rcsBp2,0.1,9,9,TACAATTAAGTAGGTGCTGT,0,3091282
rcsBp2,0.1,9,9,TAATTGGTTTAGTTGTTACG,0,3117105
rcsBp2,0.1,9,9,TAATGGGCTACGCGCATCGG,0,3097058
rcsBp2,0.1,9,9,TAAGTAGGTATCAAGCACAC,0,3105034
rcsBp2,0.1,9,9,TAACTGAACGGTCCGTCTTC,0,3116883
rcsBp2,0.1,9,9,TAACCAAACGGGGGTAAGGA,0,3077820
rcsBp2,0.1,9,9,TAACCAAAAATTCCAAACCC,0,3116586
rcsBp2,0.1,9,9,TAACATATGCCCATCGGCAA,0,3078572
rcsBp2,0.1,9,9,TAAACTCCTATCGTACTAGA,0,3084662
rcsBp2,0.1,9,9,TAAAAGGCATGACAATAAAT,0,3109041
rcsBp2,0.1,9,9,GTTTCAACATAACGCTGTTC,0,3085362
rcsBp2,0.1,9,9,GTTTACCGGCTGTCTAGCCA,0,3078526
rcsBp2,0.1,9,9,GTTTAATCAATATTCACTGT,0,3118973
rcsBp2,0.1,9,9,GTTGGAAATCACCTTATTAG,0,3099510
rcsBp2,0.1,9,9,GTTGAAAGTCAAGTTTGATG,0,3111928
rcsBp2,0.1,9,9,GTTCTATTGGCCGACTGTAA,0,3073816
rcsBp2,0.1,9,9,GTTCTAACAGCCACACGGGT,0,3077735
rcsBp2,0.1,9,9,GTTCCAAGCAATGGTCGTCT,0,3107986
rcsBp2,0.1,9,9,GTTCACGAAAGTCCGGTTCC,0,3105196
rcsBp2,0.1,9,9,GTTAAGTTCCGACAGCGTGC,0,3097844
rcsBp2,0.1,9,9,GTGTTCCCCTTATTGATGGA,0,3090735
rcsBp2,0.1,9,9,GTGGGGTAGTTGCAGCATGT,0,3117856
rcsBp2,0.1,9,9,GTGGCCGCGTGTTCGTGGTC,0,3082792
rcsBp2,0.1,9,9,GTGGACGAAAGATGTAGGAT,0,3101406
rcsBp2,0.1,9,9,GTGCTATGTGTTCACAGTCC,0,3103393
rcsBp2,0.1,9,9,GTGATTGCCAGGGTGTTAGT,0,3082165
rcsBp2,0.1,9,9,GTCTTTAAGAAGTCGCTCTG,0,3097898
rcsBp2,0.1,9,9,GTCTGCAGTACTGGCACTAA,0,3081157
rcsBp2,0.1,9,9,GTCTAATAACCCCGCGCACT,0,3079581
rcsBp2,0.1,9,9,GTCGATCTTACTACGGAGGT,0,3078365
rcsBp2,0.1,9,9,GTCCGGGGCTACGGGGGATC,0,3116000
rcsBp2,0.1,9,9,GTCCGAACGCACACTTCTTA,0,3118153
rcsBp2,0.1,9,9,GTCCACGCACGAGTGGAAGG,0,3086898
rcsBp2,0.1,9,9,GTCCAACGGGGTGTTTAAGT,0,3094567
rcsBp2,0.1,9,9,GTCAGAACAGTAGCCTGAAC,0,3109891
rcsBp2,0.1,9,9,GTATCCCTAGATAAGGCGCC,0,3100279
rcsBp2,0.1,9,9,GTAGTCCTTCGAGTCAGCTT,0,3121828
rcsBp2,0.1,9,9,GTAGATTGACTGCCGGGCCA,0,3122374
rcsBp2,0.1,9,9,GTACGTCTGTAAACCCGTTG,0,3112377
rcsBp2,0.1,9,9,GTACCTTGGACCTGGAGCCA,0,3080646
rcsBp2,0.1,9,9,GTACCGCCACTTCCAGGAGA,0,3078185
rcsBp2,0.1,9,9,GTAAGCCCTAATTAGTCACC,0,3084166
rcsBp2,0.1,9,9,GGTTCAGCTCACTAGCGAGA,0,3098454
rcsBp2,0.1,9,9,GGTTCAGCCCGATCTTCTTC,0,3094280
rcsBp2,0.1,9,9,GGTTAGTGTAGGCGGGCGAT,0,3108834
rcsBp2,0.1,9,9,GGTGAGTGCAGGGATCGAAC,0,3106997
rcsBp2,0.1,9,9,GGTCTCTAGCATACACCTGC,0,3113263
rcsBp2,0.1,9,9,GGTCGATAGGTGTGCGGTGT,0,3100561
rcsBp2,0.1,9,9,GGGTGGAGCGTAATATCGGC,0,3118523
rcsBp2,0.1,9,9,GGGTGCCCTGCATATGACGT,0,3116411
rcsBp2,0.1,9,9,GGGTAATTTCCCTACGATCT,0,3109200
rcsBp2,0.1,9,9,GGGTAAAGTAAGGAAATGGC,0,3086830
rcsBp2,0.1,9,9,GGGGTTGAATGTTAGAGTTC,0,3095363
rcsBp2,0.1,9,9,GGGCTCCCGAATTTTGGGCG,0,3098733
rcsBp2,0.1,9,9,GGGCACGTGAGCCCCAGATA,0,3079175
rcsBp2,0.1,9,9,GGGCACCCTAACGCCTTTCT,0,3104276
rcsBp2,0.1,9,9,GGGATCGCTCGGACAAAAAT,0,3092591
rcsBp2,0.1,9,9,GGCTGTTGCCGCCAAATCCA,0,3083216
rcsBp2,0.1,9,9,GGCTACGCGGCGCTTGACTG,0,3112480
rcsBp2,0.1,9,9,GGCGGAACCTGATCACCAAA,0,3092723
rcsBp2,0.1,9,9,GGCGAGCCGTTTATGCGGTA,0,3077263
rcsBp2,0.1,9,9,GGCATCCGGGCGATACGCAA,0,3092682
rcsBp2,0.1,9,9,GGCATAAACTGAGGAAGTGG,0,3074663
rcsBp2,0.1,9,9,GGCACTTGTCTCGCTTCACA,0,3104882
rcsBp2,0.1,9,9,GGCACCGCAAACCAGGGGAA,0,3104074
rcsBp2,0.1,9,9,GGATTAAGCTATTGTGGCAG,0,3085990
rcsBp2,0.1,9,9,GGATCCACGGCATGAGTGAG,0,3075856
rcsBp2,0.1,9,9,GGACCCGTCTTCATGTATGT,0,3084948
rcsBp2,0.1,9,9,GGAAGGGACGATAGTAAACC,0,3112674
rcsBp2,0.1,9,9,GGAACCGCTATGCCCTTACA,0,3105558
rcsBp2,0.1,9,9,GCTTGTGGGGGCTCAAACTG,0,3080111
rcsBp2,0.1,9,9,GCTTCTTGAGGATTCATTAA,0,3119024
rcsBp2,0.1,9,9,GCTGGTCATCCCTTAAGAGC,0,3106766
rcsBp2,0.1,9,9,GCTCTATTTGCGCGGGTGTT,0,3074154
rcsBp2,0.1,9,9,GCTCGAGGCTATAACCCTTC,0,3080073
rcsBp2,0.1,9,9,GCTCGACTTTGTTATCGATA,0,3081805
rcsBp2,0.1,9,9,GCTCCTATTCTCATGTCTAC,0,3112641
rcsBp2,0.1,9,9,GCTCCATAAGTGTGAACCCT,0,3112216
rcsBp2,0.1,9,9,GCTCACGACATCCGGGTTAT,0,3103136
rcsBp2,0.1,9,9,GCTACCGAATTCTGTTTCAC,0,3099331
rcsBp2,0.1,9,9,GCTAACTGAGGAGAGCCAGC,0,3094238
rcsBp2,0.1,9,9,GCGTGGGAGCCGCGAGAGGT,0,3090876
rcsBp2,0.1,9,9,GCGGTAGAGCCTGCTCTGAT,0,3111546
rcsBp2,0.1,9,9,GCGGCTGTACTTCAAGTTGT,0,3115778
rcsBp2,0.1,9,9,GCGCGTCAGAGCCCTTGTTG,0,3111001
rcsBp2,0.1,9,9,GCGAAAGTCTTGTAGAAAGC,0,3116402
rcsBp2,0.1,9,9,GCCTATGGTTACCAAGCCGG,0,3082066
rcsBp2,0.1,9,9,GCCGTTTTCCCTATGTCAAT,0,3092130
rcsBp2,0.1,9,9,GCCGTGACGAGACCCCCGCG,0,3077282
rcsBp2,0.1,9,9,GCCGCTTACCTACCGTGTGT,0,3094291
rcsBp2,0.1,9,9,GCCCGATGTAAAGAGTCGAG,0,3096065
rcsBp2,0.1,9,9,GCCCCTGTAGCTTCGATACA,0,3109132
rcsBp2,0.1,9,9,GCCCACCAGTGCCTCTGAAC,0,3117304
rcsBp2,0.1,9,9,GCCACGTCTCAGGTATGGAC,0,3079855
rcsBp2,0.1,9,9,GCATCACACGGATTGCTGGG,0,3108792
rcsBp2,0.1,9,9,GCAGATGATGATACCGGAAG,0,3081016
rcsBp2,0.1,9,9,GCACGGAATAGCGAGATTTA,0,3083016
rcsBp2,0.1,9,9,GATTTTTGAGTACCTGGTAT,0,3080940
rcsBp2,0.1,9,9,GATTTGTATCGGAGGTGTTC,0,3110839
rcsBp2,0.1,9,9,GATGTGGGGAAGCCGGTCAC,0,3087410
rcsBp2,0.1,9,9,GATCGAGGGTGCTGTGCATA,0,3092509
rcsBp2,0.1,9,9,GATCGAGGGGGTAGATTGCC,0,3100903
rcsBp2,0.1,9,9,GATATGCGCTGGCTCTCAAT,0,3115541
rcsBp2,0.1,9,9,GATAGGGTCAAGCATGTATG,0,3104207
rcsBp2,0.1,9,9,GAGTAGGCGGTATTCTTATG,0,3083197
rcsBp2,0.1,9,9,GAGGCGCGAGAAGGCTTTTA,0,3120744
rcsBp2,0.1,9,9,GAGGCCCCGGCAGATGCTTG,0,3100181
rcsBp2,0.1,9,9,GAGGCAAATCGGTACAGGGA,0,3089124
rcsBp2,0.1,9,9,GAGAGGGGCTTCTCCATTAG,0,3118123
rcsBp2,0.1,9,9,GAGAAGGCTCCGTGATGTGG,0,3075641
rcsBp2,0.1,9,9,GACGTCGTCATGGCACATTG,0,3103179
rcsBp2,0.1,9,9,GACGGAAGGGGACCAGGTGT,0,3092047
rcsBp2,0.1,9,9,GACCCTGGTGTTTCGTCAAG,0,3109378
rcsBp2,0.1,9,9,GACAATCGTCGAGTGTATGA,0,3113869
rcsBp2,0.1,9,9,GAATTGCTATGTCGGATAAG,0,3075961
rcsBp2,0.1,9,9,GAAGTTTCGTGATAGACGTG,0,3116887
rcsBp2,0.1,9,9,GAAGCAGCTGGAAAGGCTAT,0,3119798
rcsBp2,0.1,9,9,GAACTGTGCGAGTGTTTTGT,0,3109489
rcsBp2,0.1,9,9,GAACACAGCCTTGCCATAGC,0,3077303
rcsBp2,0.1,9,9,GAAATAGTAAGCTTGACCTT,0,3088839
rcsBp2,0.1,9,9,GAAAATGTCCGTCCCAACCC,0,3097136
rcsBp2,0.1,9,9,CTTTAATATAGTATTCGTGT,0,3108639
rcsBp2,0.1,9,9,CTTGTAAGGCCGGCGTAGGT,0,3078961
rcsBp2,0.1,9,9,CTTGCTCAGACCGGCATCGG,0,3113896
rcsBp2,0.1,9,9,CTTCTACGGCAATAACGATA,0,3110029
rcsBp2,0.1,9,9,CTTATCAGTCCGAGACAGGC,0,3101189
rcsBp2,0.1,9,9,CTTATCAAAACATCTCGACG,0,3091478
rcsBp2,0.1,9,9,CTGTTTGTTCAGCAATGCGC,0,3089689
rcsBp2,0.1,9,9,CTGGGCCGGGAAGCCTCAAA,0,3122816
rcsBp2,0.1,9,9,CTGGCAGGTGGTGGTGAGGG,0,3088870
rcsBp2,0.1,9,9,CTGGATAAGCTATGGTATAA,0,3082843
rcsBp2,0.1,9,9,CTGGAATCCTCACGCACGTT,0,3093094
rcsBp2,0.1,9,9,CTGCTAGGCGTCTGGTAAGA,0,3103133
rcsBp2,0.1,9,9,CTGCATAGAAAGGGTAGTTC,0,3117293
rcsBp2,0.1,9,9,CTGCAGAAACTGTCTGGCGG,0,3089463
rcsBp2,0.1,9,9,CTGAGCGGAATTGACATGTG,0,3096003
rcsBp2,0.1,9,9,CTGACTAATTGATTTAATCT,0,3087238
rcsBp2,0.1,9,9,CTCTCTTTGTTGTCCCTTGT,0,3076080
rcsBp2,0.1,9,9,CTCTCAGCACGGAAAGAGGA,0,3103638
rcsBp2,0.1,9,9,CTCTCACCTTGTTTCCATGA,0,3079852
rcsBp2,0.1,9,9,CTATGCTTCAGGGGCCCCGT,0,3081069
rcsBp2,0.1,9,9,CTATCTTCTGTTTGCTACAC,0,3092471
rcsBp2,0.1,9,9,CTACGAAAGCATCGAGAGCT,0,3083790
rcsBp2,0.1,9,9,CTAAACGCAATAATAGCCTG,0,3097945
rcsBp2,0.1,9,9,CGTTGTGCGCCCCATATCTC,0,3076191
rcsBp2,0.1,9,9,CGTTCCGAGCAGAGTCTAAG,0,3103970
rcsBp2,0.1,9,9,CGTGACTAACCGGATCTACC,0,3107693
rcsBp2,0.1,9,9,CGTCCGTGTTTGCCGTGAGG,0,3114024
rcsBp2,0.1,9,9,CGGGTTAGCAGATTAGACAG,0,3078823
rcsBp2,0.1,9,9,CGGGCCGAAAGACTGGGTAA,0,3096966
rcsBp2,0.1,9,9,CGGGATGAGATGCTGTCAAT,0,3101261
rcsBp2,0.1,9,9,CGGCTCCGTTCATAGGCGTC,0,3105922
rcsBp2,0.1,9,9,CGGATTGCATTCTAGGTCGG,0,3103566
rcsBp2,0.1,9,9,CGGACGCGAGTGGAGCAGAC,0,3117640
rcsBp2,0.1,9,9,CGGACCAAACGGCACTCCCA,0,3098558
rcsBp2,0.1,9,9,CGCTTAATCGTGGTATGCGG,0,3086340
rcsBp2,0.1,9,9,CGCTGTACGATCCTGGCGCA,0,3075908
rcsBp2,0.1,9,9,CGCTGCCAGGTCGGTCAGGG,0,3118267
rcsBp2,0.1,9,9,CGCTAATAGGAATCGTCTAA,0,3083732
rcsBp2,0.1,9,9,CGCGCGGTTGTAATTACCAG,0,3094579
rcsBp2,0.1,9,9,CGCGACGTTACCAGGGAGTT,0,3115576
rcsBp2,0.1,9,9,CGCCGGCGGATTAAAGCGGA,0,3101152
rcsBp2,0.1,9,9,CGCAGCGACCACATTGCAAC,0,3074920
rcsBp2,0.1,9,9,CGATGTGTCAGCTCATAGGT,0,3117392
rcsBp2,0.1,9,9,CGATGACTCCATTGGAAAGG,0,3091177
rcsBp2,0.1,9,9,CGATCTAGTTCAGACACGGA,0,3076994
rcsBp2,0.1,9,9,CGATCGTCAACATACTTAGT,0,3078489
rcsBp2,0.1,9,9,CGATCGCGATGTGGGAAGGG,0,3084527
rcsBp2,0.1,9,9,CGATATAGGGCAATCTTAAG,0,3103143
rcsBp2,0.1,9,9,CGAGAGTTCTGCTTGAGCCT,0,3085560
rcsBp2,0.1,9,9,CGACTTGTGGATAGTACGGA,0,3106421
rcsBp2,0.1,9,9,CGACTTAGCGATGGGGGGGT,0,3092567
rcsBp2,0.1,9,9,CGACCGTCGGATTTAATTGA,0,3116121
rcsBp2,0.1,9,9,CGAATGCGAAAGGAGCAGAA,0,3087239
rcsBp2,0.1,9,9,CGAATGAACAGGCCAGTAAC,0,3111576
rcsBp2,0.1,9,9,CGAACTAAGGGCGGTCGTCG,0,3106560
rcsBp2,0.1,9,9,CGAACATCTCAGACCTTATT,0,3078745
rcsBp2,0.1,9,9,CCTGGGGGGTTTACATAAGA,0,3117968
rcsBp2,0.1,9,9,CCTGCAGTCCACGCCTCGCG,0,3080599
rcsBp2,0.1,9,9,CCTGATATGGTTGATCAGAG,0,3090736
rcsBp2,0.1,9,9,CCTGAGGATCAGCGATCGAG,0,3103854
rcsBp2,0.1,9,9,CCTCCACCCTAAGCCGAAAT,0,3117881
rcsBp2,0.1,9,9,CCTAGAAGCGCTCGAGACAT,0,3095827
rcsBp2,0.1,9,9,CCTAACCCCTGTATCCGATT,0,3110759
rcsBp2,0.1,9,9,CCGTATGATTTTTCCTTAAT,0,3110486
rcsBp2,0.1,9,9,CCGGTTTCTCCCTGCGACCG,0,3121344
rcsBp2,0.1,9,9,CCGGGCACGCATATGGTAAT,0,3100221
rcsBp2,0.1,9,9,CCGCGAGCTCCTACCCAACA,0,3080026
rcsBp2,0.1,9,9,CCGACGTACATTGAAGACCA,0,3097115
rcsBp2,0.1,9,9,CCCTCCGGGCATAGTACGGC,0,3074723
rcsBp2,0.1,9,9,CCCAACTATGGTCATTCCAG,0,3077099
rcsBp2,0.1,9,9,CCATAGTCAAGGGAGCAGAG,0,3091490
rcsBp2,0.1,9,9,CCATACGGTCACCTGTGGGT,0,3076344
rcsBp2,0.1,9,9,CCACCATCCTGTTCCAGTAT,0,3119115
rcsBp2,0.1,9,9,CCACCACGTTGTCCGAGTTG,0,3088518
rcsBp2,0.1,9,9,CCACAGTGACGTCGCCAGCT,0,3118651
rcsBp2,0.1,9,9,CATTTAGGGCGGATTGGCAA,0,3091283
rcsBp2,0.1,9,9,CATGGCGTAAGTTGTATAAG,0,3093032
rcsBp2,0.1,9,9,CATCTCCCGTTCTCTCCTTG,0,3122176
rcsBp2,0.1,9,9,CATCCGCACGGGTGCAGGCC,0,3116404
rcsBp2,0.1,9,9,CATAATACCTGACTGATAAA,0,3087644
rcsBp2,0.1,9,9,CAGTGCCTGGTAAGCCTGTA,0,3110076
rcsBp2,0.1,9,9,CAGTACGTTGGCTGCCGGAT,0,3079667
rcsBp2,0.1,9,9,CAGTAAAGCGCTTAGAGTCT,0,3108098
rcsBp2,0.1,9,9,CAGCTGGAAAAAGGATCCTA,0,3102925
rcsBp2,0.1,9,9,CAGCCATGGGATCAGAAGCC,0,3101866
rcsBp2,0.1,9,9,CAGACGTGTCAAGCACCTGG,0,3095065
rcsBp2,0.1,9,9,CAGAAGACTGCAGGTCTTCT,0,3108201
rcsBp2,0.1,9,9,CACGTCCCTATCAACTTCTA,0,3097055
rcsBp2,0.1,9,9,CACGCTAGACGGCTGCGGCA,0,3097810
rcsBp2,0.1,9,9,CACGCCTCTACTGGTCGTGA,0,3120437
rcsBp2,0.1,9,9,CACGATAGAACGAGCACTTG,0,3114797
rcsBp2,0.1,9,9,CACGAATCTTCGGTCATCAA,0,3107815
rcsBp2,0.1,9,9,CACCTCCACAGGATGTGCGC,0,3077695
rcsBp2,0.1,9,9,CAATCGCACATGCTTCCTGA,0,3098311
rcsBp2,0.1,9,9,CAAGTACGCCCTCTATAGTT,0,3090926
rcsBp2,0.1,9,9,CAACGAAAGATGTTATGGTT,0,3100789
rcsBp2,0.1,9,9,ATTTAGATCGCGTCCGACTT,0,3090888
rcsBp2,0.1,9,9,ATTCGTACTATTCAGACTAC,0,3113035
rcsBp2,0.1,9,9,ATTAGGTGGAGCTGGGGGAA,0,3115982
rcsBp2,0.1,9,9,ATGGCTGTTCTTAGTGTTCG,0,3111417
rcsBp2,0.1,9,9,ATGGACAAGCGCTGAGCGGC,0,3077762
rcsBp2,0.1,9,9,ATGCAAGCCAGAGGAAAAGT,0,3075602
rcsBp2,0.1,9,9,ATCTTATCTTTGCGGCGTAC,0,3088780
rcsBp2,0.1,9,9,ATCTCGTTTTATCACACAAA,0,3111035
rcsBp2,0.1,9,9,ATCGGATTCTGGTGACCCTT,0,3119583
rcsBp2,0.1,9,9,ATCGAGATATCAGGCTCTTG,0,3084036
rcsBp2,0.1,9,9,ATCCTGGAACTCAGTCGTAG,0,3096077
rcsBp2,0.1,9,9,ATCCTGCGACGAACCTCGTC,0,3114083
rcsBp2,0.1,9,9,ATCATGGCCATGCGCGTGTG,0,3108354
rcsBp2,0.1,9,9,ATCATCGGAAAATAAGTAAC,0,3108161
rcsBp2,0.1,9,9,ATCATAAGGGGTTGTAGTGT,0,3078540
rcsBp2,0.1,9,9,ATCATAAACATTCTCGCATC,0,3111370
rcsBp2,0.1,9,9,ATCAGAATTTTAGTTGGCTA,0,3082586
rcsBp2,0.1,9,9,ATCACTCCGAGGCTGCCATA,0,3098361
rcsBp2,0.1,9,9,ATCACGAGTGTTCTGCCTGT,0,3086212
rcsBp2,0.1,9,9,ATATGAAGACACAGACGTAA,0,3089645
rcsBp2,0.1,9,9,ATAGTTTATTATGCGCTCAA,0,3099950
rcsBp2,0.1,9,9,ATAGAACAACAGTTATGTAT,0,3115879
rcsBp2,0.1,9,9,ATACATTGGGATGGTAGTTC,0,3106602
rcsBp2,0.1,9,9,ATAATGGCTCATAATAGGGC,0,3076460
rcsBp2,0.1,9,9,ATAACCATTGTAAGGTGAGG,0,3105134
rcsBp2,0.1,9,9,AGTTAGGCGTTCTGGATGGG,0,3120261
rcsBp2,0.1,9,9,AGTGTTGGATCGCTGTTAGA,0,3084628
rcsBp2,0.1,9,9,AGTGTGGGAGCTTCCGAGTA,0,3122756
rcsBp2,0.1,9,9,AGTGCAGAAATAGTCAGAGT,0,3075863
rcsBp2,0.1,9,9,AGTCCAGACGGTGGTTGGTT,0,3105814
rcsBp2,0.1,9,9,AGTACTATGTGTGTGTAGAT,0,3097707
rcsBp2,0.1,9,9,AGTACGCCGATTGGGAGGCG,0,3103197
rcsBp2,0.1,9,9,AGTAAATCGGGGCGAGCATC,0,3121659
rcsBp2,0.1,9,9,AGTAAACACGGCTGTAGAAA,0,3100853
rcsBp2,0.1,9,9,AGGTCCTAAAGGACATTTCC,0,3109436
rcsBp2,0.1,9,9,AGGTCACGCCTCCGATCCCG,0,3076514
rcsBp2,0.1,9,9,AGGTCACGACTAAAATAATA,0,3081979
rcsBp2,0.1,9,9,AGGTAGCTCAGATACTTTTG,0,3109791
rcsBp2,0.1,9,9,AGGTAGCCTTAAGATATTCT,0,3118758
rcsBp2,0.1,9,9,AGGTACGTCTTGGGCTCATA,0,3101973
rcsBp2,0.1,9,9,AGGGTGTTCCATCCTCTTGA,0,3118873
rcsBp2,0.1,9,9,AGGGGAAAAAGATTCTCCTG,0,3108054
rcsBp2,0.1,9,9,AGGGCATTGCATTGTCAAAT,0,3090363
rcsBp2,0.1,9,9,AGGCTTCATTCATTGGGTGT,0,3084989
rcsBp2,0.1,9,9,AGGCTGGTATATGTAGGCCA,0,3114908
rcsBp2,0.1,9,9,AGGCTCGAACGTTTTAACCA,0,3094270
rcsBp2,0.1,9,9,AGGCGAACTCATTCATGTAC,0,3086839
rcsBp2,0.1,9,9,AGGCATTTTGGCTACGTACT,0,3083338
rcsBp2,0.1,9,9,AGGATAGAACTTGGACTAGA,0,3113473
rcsBp2,0.1,9,9,AGGAGTGCTTGTGTTCTTCC,0,3121568
rcsBp2,0.1,9,9,AGGACCTCTGTCTTGAGAGC,0,3108534
rcsBp2,0.1,9,9,AGCTCTTTAGCTGCCAATAA,0,3108063
rcsBp2,0.1,9,9,AGCTCGGGGTGGCCGGACAT,0,3117527
rcsBp2,0.1,9,9,AGCGAGTCATTGTGTTAGAG,0,3122681
rcsBp2,0.1,9,9,AGCCTTTGGCTACTGGAGTC,0,3112563
rcsBp2,0.1,9,9,AGCATGTCGAGCGCGATTGT,0,3076931
rcsBp2,0.1,9,9,AGCAGTGAGCGGAGAGAGTA,0,3111216
rcsBp2,0.1,9,9,AGCAGATTGTACATACGGAA,0,3109410
rcsBp2,0.1,9,9,AGATGTCTTGCGTGCGCGCA,0,3075312
rcsBp2,0.1,9,9,AGATAACGTAGTAAAGCGCT,0,3090449
rcsBp2,0.1,9,9,AGAGTGAATATATCAATCCA,0,3084136
rcsBp2,0.1,9,9,AGACCCGAAAGAAAGGTGCT,0,3078869
rcsBp2,0.1,9,9,AGACATGGATCTCTGCCCCA,0,3088181
rcsBp2,0.1,9,9,AGACAGCCCCCTGCTACTGT,0,3085032
rcsBp2,0.1,9,9,AGAACTCTGTTGAAGGCCTA,0,3080835
rcsBp2,0.1,9,9,ACTTCGGGGATCTCGAGGGC,0,3092964
rcsBp2,0.1,9,9,ACTCTTATTCCGTAGACACC,0,3109834
rcsBp2,0.1,9,9,ACTAGGTAGGTCCTACATTT,0,3087774
rcsBp2,0.1,9,9,ACTAGCGTAATGATGGTTCG,0,3084883
rcsBp2,0.1,9,9,ACTACTACTCGATTCAACAG,0,3092126
rcsBp2,0.1,9,9,ACTACGTCATGAATCAAATC,0,3105031
rcsBp2,0.1,9,9,ACGTTCACTACCATTTACAA,0,3099611
rcsBp2,0.1,9,9,ACGTCTCTCCATCGGAAAAA,0,3091901
rcsBp2,0.1,9,9,ACGTCGTCATCACATGAGAT,0,3098949
rcsBp2,0.1,9,9,ACGTCACAAGATTCTGTCAA,0,3085968
rcsBp2,0.1,9,9,ACGGGTGCCATACGTAACCC,0,3121438
rcsBp2,0.1,9,9,ACGGGCTATAAGGAATATAC,0,3112899
rcsBp2,0.1,9,9,ACGGGCAAAACCCGCATGAA,0,3109778
rcsBp2,0.1,9,9,ACGGCGTCGATTTGCCACGC,0,3103086
rcsBp2,0.1,9,9,ACGGAAGGCCGGAACATGTT,0,3092672
rcsBp2,0.1,9,9,ACGCTCACCTCGGGTCGCAT,0,3082550
rcsBp2,0.1,9,9,ACGCCTCCGTGATATTGAAC,0,3117732
rcsBp2,0.1,9,9,ACGCCACAAACCATTGGTTG,0,3109796
rcsBp2,0.1,9,9,ACGCACGGACACCCACTTTG,0,3098712
rcsBp2,0.1,9,9,ACGAGTCTGAGCACGGCCCA,0,3101828
rcsBp2,0.1,9,9,ACGACTGAGTATGGGAGATG,0,3112807
rcsBp2,0.1,9,9,ACGACAGTGGTAGCGCGTAA,0,3111485
rcsBp2,0.1,9,9,ACGAATTGGCGATGCCGATA,0,3091146
rcsBp2,0.1,9,9,ACCTTGCGTGTTCCGGTTAC,0,3100273
rcsBp2,0.1,9,9,ACCTTATCTTAATACACAGA,0,3085157
rcsBp2,0.1,9,9,ACCGGCTGAGGAGGGATCCC,0,3101542
rcsBp2,0.1,9,9,ACCCGACTTTAATAGATGCA,0,3076120
rcsBp2,0.1,9,9,ACCCCAAGGGATCAATACCT,0,3081881
rcsBp2,0.1,9,9,ACCACCACACTTGGAACACC,0,3096218
rcsBp2,0.1,9,9,ACATCCACCGACGATAACGA,0,3080169
rcsBp2,0.1,9,9,ACATAGCAGGACGTTCATCC,0,3104002
rcsBp2,0.1,9,9,ACATAATTTTCAGAAAACGT,0,3109458
rcsBp2,0.1,9,9,ACACATATTATTTTGTTCAT,0,3119020
rcsBp2,0.1,9,9,ACAACATACCGGGCGTAGCT,0,3077737
rcsBp2,0.1,9,9,ACAAACAGAACACGCAGCGC,0,3103978
rcsBp2,0.1,9,9,AATTTCTTTGGTCGTTCCAT,0,3116225
rcsBp2,0.1,9,9,AATGCAAAGCGCTGGGTAGT,0,3117009
rcsBp2,0.1,9,9,AATGAACATGTAAGACACTC,0,3115691
rcsBp2,0.1,9,9,AATCTCGCGAACTGTTCACT,0,3114144
rcsBp2,0.1,9,9,AATCGCAGTCACGTGCGACT,0,3081001
rcsBp2,0.1,9,9,AATCGATCGCAGAAGGCAGG,0,3081748
rcsBp2,0.1,9,9,AATATCCCTAGGCGCCCGCC,0,3079051
rcsBp2,0.1,9,9,AAGTTTGCACGCCGGCCGCT,0,3114205
rcsBp2,0.1,9,9,AAGTCGTCGATATTATACCC,0,3102257
rcsBp2,0.1,9,9,AAGGGCGAAGCGTCTCCTGC,0,3087499
rcsBp2,0.1,9,9,AAGGCATTCAGTTCCAGGTT,0,3118626
rcsBp2,0.1,9,9,AAGGACCCAAGTGCCTTTAG,0,3108270
rcsBp2,0.1,9,9,AAGAGTCAGGGCGACGAGGA,0,3097434
rcsBp2,0.1,9,9,AACTCGAGCATACAACCGCG,0,3096687
rcsBp2,0.1,9,9,AACTACAACGGCCATCGATC,0,3074568
rcsBp2,0.1,9,9,AACGGTGTGCGAGGGTGCCG,0,3083148
rcsBp2,0.1,9,9,AACGGTAGTGTGTTAAGTCA,0,3110735
rcsBp2,0.1,9,9,AACGCTGGGACTAATAAAAG,0,3114426
rcsBp2,0.1,9,9,AACCTGCTAGGGGTCTTGCA,0,3080012
rcsBp2,0.1,9,9,AACCATTTCAGTTTTCTCAT,0,3121355
rcsBp2,0.1,9,9,AACCAGACGTGGGGAACCGC,0,3087375
rcsBp2,0.1,9,9,AACAGGAGTTCCATGGCTGG,0,3107534
rcsBp2,0.1,9,9,AACACTTATTGTAGTTTCTC,0,3089570
rcsBp2,0.1,9,9,AACAAATCCGACCCAGCGAT,0,3112290
rcsBp2,0.1,9,9,AAATGCCACAAAAATAGCAT,0,3075114
rcsBp2,0.1,9,9,AAAGATCAGAGGGTTGAACA,0,3102386
rcsBp2,0.1,9,9,AAAAAGTTAGCACGATTTAG,0,3110724
rcsBp2,0.1111111111111111,8,8,TTTTCAGATAGGAGTGAGAC,0,3113879
rcsBp2,0.1111111111111111,8,8,TTTTCAATGACTTCTCACTG,0,3093428
rcsBp2,0.1111111111111111,8,8,TTTTACGCCAACCGGGATCG,0,3105582
rcsBp2,0.1111111111111111,8,8,TTTGGGTACGGTTGCGTACC,0,3118627
rcsBp2,0.1111111111111111,8,8,TTTCCAAAGTCATTCAGGAT,0,3112130
rcsBp2,0.1111111111111111,8,8,TTTCAGGATGAGATTGTCCA,0,3114637
rcsBp2,0.1111111111111111,8,8,TTGTTTGCGGCTTTTACAGT,0,3108637
rcsBp2,0.1111111111111111,8,8,TTGTCGTTTCAAGTGAACGA,0,3110541
rcsBp2,0.1111111111111111,8,8,TTGTATATCTAGCAATGTAG,0,3118636
rcsBp2,0.1111111111111111,8,8,TTGGAATGTGCAAACTGGAT,0,3100619
rcsBp2,0.1111111111111111,8,8,TTGATAAGGTTTCAACCGAT,0,3107764
rcsBp2,0.1111111111111111,8,8,TTGAGGAAGTTTGCGTGCGT,0,3079905
rcsBp2,0.1111111111111111,8,8,TTGAGCAACTTAGAAACGCT,0,3095538
rcsBp2,0.1111111111111111,8,8,TTGACCCATGCGTTTAGTTT,0,3111708
rcsBp2,0.1111111111111111,8,8,TTGACACTGCCAGCCGTTAG,0,3087954
rcsBp2,0.1111111111111111,8,8,TTCTAACATCCGCTGAAGGG,0,3109420
rcsBp2,0.1111111111111111,8,8,TTCCGTCCTCTATTGTAGGT,0,3098961
rcsBp2,0.1111111111111111,8,8,TTCAACGGCACTTCTATTCA,0,3087493
rcsBp2,0.1111111111111111,8,8,TTAGCTGGCTCTAGGATGGT,0,3097895
rcsBp2,0.1111111111111111,8,8,TTACGATACACCACCCGGAC,0,3120701
rcsBp2,0.1111111111111111,8,8,TTACGAGTCTGTGCCCGACC,0,3117807
rcsBp2,0.1111111111111111,8,8,TTACCCTCGACCTGTCCAGC,0,3120243
rcsBp2,0.1111111111111111,8,8,TTAATCATATCGATCTGTAG,0,3086163
rcsBp2,0.1111111111111111,8,8,TGTTGTGACTGCGTGCATCT,0,3112773
rcsBp2,0.1111111111111111,8,8,TGTTGAAGGAACTAGCCAAT,0,3088593
rcsBp2,0.1111111111111111,8,8,TGTGTGAAGATAATACCTGA,0,3082926
rcsBp2,0.1111111111111111,8,8,TGTGGCATCCGGCCCCCAAG,0,3119291
rcsBp2,0.1111111111111111,8,8,TGTGAGCTGCCAGTCTGGAA,0,3082094
rcsBp2,0.1111111111111111,8,8,TGGTTAGGGCTTGAGATTCT,0,3111027
rcsBp2,0.1111111111111111,8,8,TGGTGATTAGGGTTGACCCG,0,3091932
rcsBp2,0.1111111111111111,8,8,TGGTAGGTAATGTTTGATCA,0,3118481
rcsBp2,0.1111111111111111,8,8,TGGTACCCCATTTCTACGAA,0,3079774
rcsBp2,0.1111111111111111,8,8,TGGGGTAGTGGTACGCTCTT,0,3082377
rcsBp2,0.1111111111111111,8,8,TGGGGTAGCCGCTCAGACGC,0,3081817
rcsBp2,0.1111111111111111,8,8,TGGCCTTGTGAGTTTTACGA,0,3095181
rcsBp2,0.1111111111111111,8,8,TGGCCGCTCCAAGTCGAGTG,0,3095154
rcsBp2,0.1111111111111111,8,8,TGCTGACTGGTGTTACCCCG,0,3074005
rcsBp2,0.1111111111111111,8,8,TGCGTTATTCCATAATGCTT,0,3082421
rcsBp2,0.1111111111111111,8,8,TGCGGCGTGACAAGACCGAC,0,3078079
rcsBp2,0.1111111111111111,8,8,TGCATAGAACTGTTGCTCGA,0,3112601
rcsBp2,0.1111111111111111,8,8,TGCAATAGCTCACGTGACCA,0,3099309
rcsBp2,0.1111111111111111,8,8,TGATTATGTCTGACGACGGT,0,3079631
rcsBp2,0.1111111111111111,8,8,TGATGTCGGCTACCGAAGAG,0,3087299
rcsBp2,0.1111111111111111,8,8,TGAGGTTTTTCAGACCCGAG,0,3080483
rcsBp2,0.1111111111111111,8,8,TGAGGTTAGATTTGGCGCCA,0,3115026
rcsBp2,0.1111111111111111,8,8,TGAGAAACGGGTAGTCTGCA,0,3112922
rcsBp2,0.1111111111111111,8,8,TGACTCCTGGAGAGTAGAGC,0,3120443
rcsBp2,0.1111111111111111,8,8,TGACCGAGGCCTCGCTGTCT,0,3109835
rcsBp2,0.1111111111111111,8,8,TGACCAACGGGGGACGCCCC,0,3082894
rcsBp2,0.1111111111111111,8,8,TGAAAGATTAGAACACCCGC,0,3079655
rcsBp2,0.1111111111111111,8,8,TCTTGGCCCGCCACCATTCT,0,3121688
rcsBp2,0.1111111111111111,8,8,TCTTCATGCGCCGCACATAA,0,3076155
rcsBp2,0.1111111111111111,8,8,TCTGTTCATGAGAGAACTTA,0,3088260
rcsBp2,0.1111111111111111,8,8,TCTCTAGTATATGTTTGGTA,0,3111904
rcsBp2,0.1111111111111111,8,8,TCTCGCGGCAAAATAGACCT,0,3104116
rcsBp2,0.1111111111111111,8,8,TCTAATGCTCTGCATTACAG,0,3106930
rcsBp2,0.1111111111111111,8,8,TCGTGATGAACAGGTACTAG,0,3088036
rcsBp2,0.1111111111111111,8,8,TCGTAGGCGATACGGCATAC,0,3102583
rcsBp2,0.1111111111111111,8,8,TCGTAAATCGCCCGCTGTTG,0,3094310
rcsBp2,0.1111111111111111,8,8,TCGGTCCGGAGAATGGTAAA,0,3121336
rcsBp2,0.1111111111111111,8,8,TCGCAAGTAAGAAATAGATT,0,3104747
rcsBp2,0.1111111111111111,8,8,TCGATGATGGTCTCAGTCAA,0,3099337
rcsBp2,0.1111111111111111,8,8,TCGACCAGCGTGACCACAAA,0,3084335
rcsBp2,0.1111111111111111,8,8,TCGAATTGGTGGTTCTGTAG,0,3075877
rcsBp2,0.1111111111111111,8,8,TCCTTGCAGATTGGATATGA,0,3089898
rcsBp2,0.1111111111111111,8,8,TCCGGCGCAAAGATACGACG,0,3112394
rcsBp2,0.1111111111111111,8,8,TCCGCGTCATGCAAGTCAGA,0,3099733
rcsBp2,0.1111111111111111,8,8,TCCCTTAGCATTTCGATCCC,0,3075422
rcsBp2,0.1111111111111111,8,8,TCCCAGGCGGGTTAACGTCA,0,3097983
rcsBp2,0.1111111111111111,8,8,TCCAACCTTAAGAAGGATAA,0,3110015
rcsBp2,0.1111111111111111,8,8,TCATTTAGTTAACGGTAATT,0,3106691
rcsBp2,0.1111111111111111,8,8,TCATGTGGTAGAATTATTAG,0,3075628
rcsBp2,0.1111111111111111,8,8,TCATAACGTTTAATGGCGGC,0,3121252
rcsBp2,0.1111111111111111,8,8,TCAGGAACGGTGTACGTAAT,0,3116738
rcsBp2,0.1111111111111111,8,8,TCAGACTGTGACGGCTGGTA,0,3094679
rcsBp2,0.1111111111111111,8,8,TCACCTCTCGGCGGCGCCAT,0,3109543
rcsBp2,0.1111111111111111,8,8,TCAATAAAGAGCGGGGAATT,0,3114618
rcsBp2,0.1111111111111111,8,8,TCAACTGAAACGGACACAAG,0,3110406
rcsBp2,0.1111111111111111,8,8,TATTTTAAGACTGACTGTGG,0,3081754
rcsBp2,0.1111111111111111,8,8,TATGTGCACTGCTGGCAACC,0,3106240
rcsBp2,0.1111111111111111,8,8,TATGGTATCGGCTGACTCTT,0,3081110
rcsBp2,0.1111111111111111,8,8,TATCACTGTCATTGTCGTGC,0,3075997
rcsBp2,0.1111111111111111,8,8,TATATCACTCGCCTTTAGAT,0,3082949
rcsBp2,0.1111111111111111,8,8,TATAGTCTCGTGACGCGTCT,0,3111043
rcsBp2,0.1111111111111111,8,8,TATAGGGTGTTTACCCTCTA,0,3092068
rcsBp2,0.1111111111111111,8,8,TATAGAAGTCGTGTCGTTAG,0,3111941
rcsBp2,0.1111111111111111,8,8,TATAATCGCGTGGGCCACTT,0,3102622
rcsBp2,0.1111111111111111,8,8,TAGGTATATAATAAGCAACG,0,3080379
rcsBp2,0.1111111111111111,8,8,TAGGGCAATTCCTAGGCAAT,0,3081022
rcsBp2,0.1111111111111111,8,8,TAGACCCAGCCTTCGAGGTA,0,3080342
rcsBp2,0.1111111111111111,8,8,TAGACACTATCACTCACCCT,0,3101250
rcsBp2,0.1111111111111111,8,8,TAGAAGATGTCGGTGCCAAT,0,3121316
rcsBp2,0.1111111111111111,8,8,TAGAAATAACTAATTAACGG,0,3098047
rcsBp2,0.1111111111111111,8,8,TACTTACAAGTGCCATAAAC,0,3106300
rcsBp2,0.1111111111111111,8,8,TACTTAATGAGCAGATGGAC,0,3118874
rcsBp2,0.1111111111111111,8,8,TACTATTATGCCTCCAACTC,0,3116426
rcsBp2,0.1111111111111111,8,8,TACTAATTTTCCATTTTCTA,0,3116817
rcsBp2,0.1111111111111111,8,8,TACGGTGGCCCGGCCGACGA,0,3114420
rcsBp2,0.1111111111111111,8,8,TACGGGAATAACTCTTCAGT,0,3111261
rcsBp2,0.1111111111111111,8,8,TACAGACCTCCCATAAAGGC,0,3118785
rcsBp2,0.1111111111111111,8,8,TACAAAGCTATCAGGTGGAA,0,3114606
rcsBp2,0.1111111111111111,8,8,TAATGCATCGTGTCCGGCAT,0,3089288
rcsBp2,0.1111111111111111,8,8,TAAGGGATGACGCTTTGCCG,0,3091635
rcsBp2,0.1111111111111111,8,8,TAAGGCCTAACGGTGTGAGG,0,3077205
rcsBp2,0.1111111111111111,8,8,TAAGGAATCTTCATGCATAT,0,3117861
rcsBp2,0.1111111111111111,8,8,TAACGATAGAGGTTTTGTGG,0,3110323
rcsBp2,0.1111111111111111,8,8,TAACAGGAATAGGTATGGCT,0,3113461
rcsBp2,0.1111111111111111,8,8,TAAAGCAGGAGCATTCGCTA,0,3107228
rcsBp2,0.1111111111111111,8,8,GTTTGCCGATTACATCGCAG,0,3096068
rcsBp2,0.1111111111111111,8,8,GTTTAGGCGATCACAGGCCT,0,3093152
rcsBp2,0.1111111111111111,8,8,GTTCCGCGGTAAAGGGGGGG,0,3121612
rcsBp2,0.1111111111111111,8,8,GTTCACTGCGGTTCAAAGTC,0,3074888
rcsBp2,0.1111111111111111,8,8,GTTCAAAGCCCAAGCAAGCG,0,3084246
rcsBp2,0.1111111111111111,8,8,GTTAATCCAACAACGCAGTA,0,3076849
rcsBp2,0.1111111111111111,8,8,GTTAAGCAGCGATCGTACCG,0,3082883
rcsBp2,0.1111111111111111,8,8,GTGTCGGGAGGGCGGGAGAG,0,3111512
rcsBp2,0.1111111111111111,8,8,GTGTCCCTCTACTAGGATAA,0,3081863
rcsBp2,0.1111111111111111,8,8,GTGGCGCACTGTAGATGAAC,0,3082221
rcsBp2,0.1111111111111111,8,8,GTGGCAGCACCGGCTGAACA,0,3107182
rcsBp2,0.1111111111111111,8,8,GTGCTAAACAGATGGCACTA,0,3113050
rcsBp2,0.1111111111111111,8,8,GTGCGTTGCTCGCCATTCCC,0,3080162
rcsBp2,0.1111111111111111,8,8,GTCGTTTAAACTACTTACTT,0,3104672
rcsBp2,0.1111111111111111,8,8,GTCGTGAGTTGCCGAGGATA,0,3120399
rcsBp2,0.1111111111111111,8,8,GTCGTGAGTGACACGTGTCA,0,3117623
rcsBp2,0.1111111111111111,8,8,GTCGTCGAGCACACCAATCC,0,3114748
rcsBp2,0.1111111111111111,8,8,GTCGCCCAGTGGCAGCCAAG,0,3082053
rcsBp2,0.1111111111111111,8,8,GTCCTCCCCGGCATACGGTC,0,3092890
rcsBp2,0.1111111111111111,8,8,GTCAGCCAGGGAACTGCCAC,0,3085370
rcsBp2,0.1111111111111111,8,8,GTCAGACGGGACTCAGTGCT,0,3105854
rcsBp2,0.1111111111111111,8,8,GTATTTGAGTCCTGCTTTCT,0,3104274
rcsBp2,0.1111111111111111,8,8,GTATCGCTTGTCTTCTACGT,0,3118822
rcsBp2,0.1111111111111111,8,8,GTATCAAGCCTTGGTTAATC,0,3112054
rcsBp2,0.1111111111111111,8,8,GTAGTGCCAGCTCATCAGGA,0,3114291
rcsBp2,0.1111111111111111,8,8,GTAGCGAAGGTCAAAAGAAG,0,3111560
rcsBp2,0.1111111111111111,8,8,GTACGCCGGCAATAGTGGAA,0,3087339
rcsBp2,0.1111111111111111,8,8,GTACGAGTGGATCTGGCGTT,0,3077698
rcsBp2,0.1111111111111111,8,8,GTACCGGTTGCTGGCCCAGG,0,3097917
rcsBp2,0.1111111111111111,8,8,GTAAACGTATCGCAGACAAG,0,3109967
rcsBp2,0.1111111111111111,8,8,GTAAACGGTTTTTATCGCGT,0,3078493
rcsBp2,0.1111111111111111,8,8,GGTCCGATCGTTCTCCCCGG,0,3079440
rcsBp2,0.1111111111111111,8,8,GGTCCAGAGTCTTTAGTCCC,0,3073981
rcsBp2,0.1111111111111111,8,8,GGTAATATAACAGCCACGCT,0,3090758
rcsBp2,0.1111111111111111,8,8,GGTAAAGATGTTGCTGACGT,0,3090998
rcsBp2,0.1111111111111111,8,8,GGGTTTCTCCTGAGAATGGT,0,3073768
rcsBp2,0.1111111111111111,8,8,GGGTAAGCGGTGTTACTCTT,0,3121025
rcsBp2,0.1111111111111111,8,8,GGGGGGATTCGCACGCTTGC,0,3111212
rcsBp2,0.1111111111111111,8,8,GGGCGGCACTCCTAAGAAGG,0,3095039
rcsBp2,0.1111111111111111,8,8,GGGCCGTTATACGCACGATA,0,3096437
rcsBp2,0.1111111111111111,8,8,GGGACTGAGGGATTGAAGAG,0,3082724
rcsBp2,0.1111111111111111,8,8,GGGACTGAACCCTCTTGATA,0,3099203
rcsBp2,0.1111111111111111,8,8,GGGAAGCGAGAGTTGGTGGC,0,3105096
rcsBp2,0.1111111111111111,8,8,GGCTGCCCACCCGGGGTATG,0,3092673
rcsBp2,0.1111111111111111,8,8,GGCTCTGTCAGCTTGTCCGT,0,3080788
rcsBp2,0.1111111111111111,8,8,GGCTAGTGGACAGGGATTTT,0,3089775
rcsBp2,0.1111111111111111,8,8,GGCCTACAAGATGGGGTAGA,0,3082133
rcsBp2,0.1111111111111111,8,8,GGCCGCGGTTGGCGCTGATC,0,3116278
rcsBp2,0.1111111111111111,8,8,GGCCCGTTAAGCTTGTCAGA,0,3088263
rcsBp2,0.1111111111111111,8,8,GGCCATTAAGAGCGCATTGT,0,3104466
rcsBp2,0.1111111111111111,8,8,GGCCATCCAAGAGGGCGAGT,0,3100438
rcsBp2,0.1111111111111111,8,8,GGCATAACCGAAGTTTGAGT,0,3092610
rcsBp2,0.1111111111111111,8,8,GGCAGCAATATTGAGTAATG,0,3108926
rcsBp2,0.1111111111111111,8,8,GGATGGATCGCGGCGGACCA,0,3096178
rcsBp2,0.1111111111111111,8,8,GGATACTAAGGCTCCATAAG,0,3081114
rcsBp2,0.1111111111111111,8,8,GGATACAGCGTTGGGTGTGC,0,3105281
rcsBp2,0.1111111111111111,8,8,GGAGCTAGCTAATTACCCTT,0,3099592
rcsBp2,0.1111111111111111,8,8,GGAGCGATACTGACTCGGCG,0,3094004
rcsBp2,0.1111111111111111,8,8,GGAGCAGTCTGCCGATAAAG,0,3096493
rcsBp2,0.1111111111111111,8,8,GGACGAAGAAGGCAAAATAC,0,3079330
rcsBp2,0.1111111111111111,8,8,GGACCTCTGTATTAAGGTTT,0,3085652
rcsBp2,0.1111111111111111,8,8,GGACACTGGGCATACTCATC,0,3109228
rcsBp2,0.1111111111111111,8,8,GGAAGCGTTTTAAATACGAT,0,3082648
rcsBp2,0.1111111111111111,8,8,GGAAGCGCGACTTTATATAG,0,3110413
rcsBp2,0.1111111111111111,8,8,GGAACATAGGTCTGGTTTAG,0,3074336
rcsBp2,0.1111111111111111,8,8,GCTTGGTATTGCTAACGGAG,0,3106707
rcsBp2,0.1111111111111111,8,8,GCTGTTAGACCACGGGTTGC,0,3097026
rcsBp2,0.1111111111111111,8,8,GCTGCCCGATATTGTATAAT,0,3089516
rcsBp2,0.1111111111111111,8,8,GCTCCACGTAGATTGGGTTG,0,3076905
rcsBp2,0.1111111111111111,8,8,GCTAGGCACTAGCACTCAGA,0,3118079
rcsBp2,0.1111111111111111,8,8,GCTACGTAGGCCCAGAAGGA,0,3074282
rcsBp2,0.1111111111111111,8,8,GCGTGCATAGGGTATCAGTT,0,3075170
rcsBp2,0.1111111111111111,8,8,GCGGAGCATGAGGCTTGACT,0,3081079
rcsBp2,0.1111111111111111,8,8,GCGCGCCTCTAGGGAGCCGG,0,3079752
rcsBp2,0.1111111111111111,8,8,GCGACATCAGTCTCAACGAT,0,3077589
rcsBp2,0.1111111111111111,8,8,GCGAACTCTGCTAGTCGTGA,0,3098972
rcsBp2,0.1111111111111111,8,8,GCCTTTCCAAGATTGTCATT,0,3114639
rcsBp2,0.1111111111111111,8,8,GCCGTCGGAGTGAGGGCACG,0,3086366
rcsBp2,0.1111111111111111,8,8,GCCGGAATTGGGGTTAGGAC,0,3104226
rcsBp2,0.1111111111111111,8,8,GCCCTTAGTGATTACTGTTT,0,3120428
rcsBp2,0.1111111111111111,8,8,GCCCTGGTCGCCTTCTCCCG,0,3093485
rcsBp2,0.1111111111111111,8,8,GCCCGAACCAACAGGGTCAA,0,3087175
rcsBp2,0.1111111111111111,8,8,GCCCATGAGGCTGCTGTGAT,0,3080497
rcsBp2,0.1111111111111111,8,8,GCCCAGGTGCGGTCAATTCA,0,3122247
rcsBp2,0.1111111111111111,8,8,GCCCAACACGTGAGACTCAC,0,3116763
rcsBp2,0.1111111111111111,8,8,GCCAATGAGCTTATTTGACC,0,3093702
rcsBp2,0.1111111111111111,8,8,GCAGTAAGGCCATTCGAGCT,0,3090818
rcsBp2,0.1111111111111111,8,8,GCACATTTACTAGACTGGGA,0,3101540
rcsBp2,0.1111111111111111,8,8,GCAACACAGCAATGGCGGGG,0,3098993
rcsBp2,0.1111111111111111,8,8,GATTCATTCGCATAAACCTC,0,3105331
rcsBp2,0.1111111111111111,8,8,GATTCAGGGGATTCACCATA,0,3115470
rcsBp2,0.1111111111111111,8,8,GATGTCGCCCCACTGTTAAA,0,3120415
rcsBp2,0.1111111111111111,8,8,GATGGGTCCGTATCACCGCC,0,3096005
rcsBp2,0.1111111111111111,8,8,GATCCTTCTAATTACGTAGG,0,3074131
rcsBp2,0.1111111111111111,8,8,GATATAACTATACCCATCGT,0,3095106
rcsBp2,0.1111111111111111,8,8,GATAGGCTACAGTTTATCCG,0,3110373
rcsBp2,0.1111111111111111,8,8,GAGTTTACATGAGCCCGAGC,0,3119434
rcsBp2,0.1111111111111111,8,8,GAGTGTACACTATTGATCCG,0,3083180
rcsBp2,0.1111111111111111,8,8,GAGTCACTAGACCGTAGTTA,0,3091181
rcsBp2,0.1111111111111111,8,8,GAGGTCGCACACTCGTGGCT,0,3108683
rcsBp2,0.1111111111111111,8,8,GAGGGTCATCAACACCGCCT,0,3089798
rcsBp2,0.1111111111111111,8,8,GACTGAAGCGCACCGCGACT,0,3106593
rcsBp2,0.1111111111111111,8,8,GACGGCCTGGTTTTTTTAAT,0,3074214
rcsBp2,0.1111111111111111,8,8,GACCAACTTTGGTCCATCCT,0,3116951
rcsBp2,0.1111111111111111,8,8,GAATTCCAACATTCAACCAG,0,3108430
rcsBp2,0.1111111111111111,8,8,GAAGGCGGTCACCTGTCTCG,0,3119365
rcsBp2,0.1111111111111111,8,8,GAACGTCATCCACGTTGAGA,0,3113743
rcsBp2,0.1111111111111111,8,8,GAACACGGGGACATAGCCCC,0,3081035
rcsBp2,0.1111111111111111,8,8,GAACAACAATGGCCGGGAAA,0,3120745
rcsBp2,0.1111111111111111,8,8,GAAATGTTGATCGACCGTAA,0,3095590
rcsBp2,0.1111111111111111,8,8,GAAATATAATGCCTCTCCGC,0,3121268
rcsBp2,0.1111111111111111,8,8,CTTTAGCGTTAACGACGAAG,0,3074103
rcsBp2,0.1111111111111111,8,8,CTTGATCTCACCTGTATAAA,0,3107929
rcsBp2,0.1111111111111111,8,8,CTTGAGGTGTTCGAAGGTGT,0,3109905
rcsBp2,0.1111111111111111,8,8,CTTCGTATCACTGGAGTGCG,0,3079811
rcsBp2,0.1111111111111111,8,8,CTTCAACACTTGGCATCGTC,0,3100736
rcsBp2,0.1111111111111111,8,8,CTTAGGGTAGATGATGAAGT,0,3105650
rcsBp2,0.1111111111111111,8,8,CTTAGGGACACCCTTTGAGT,0,3088485
rcsBp2,0.1111111111111111,8,8,CTTAGCTCCACCCAAGTAGA,0,3121642
rcsBp2,0.1111111111111111,8,8,CTGGCCTGCAGAAAGCAATG,0,3096727
rcsBp2,0.1111111111111111,8,8,CTGGACGACAAGGCACCATA,0,3095352
rcsBp2,0.1111111111111111,8,8,CTCTCTGAGTTAGCCGAATG,0,3098175
rcsBp2,0.1111111111111111,8,8,CTCGGGTGGGAGCCGCCGCA,0,3118956
rcsBp2,0.1111111111111111,8,8,CTCGGAAATAATACCTCTAT,0,3106404
rcsBp2,0.1111111111111111,8,8,CTCCGCCCTTGTACACCATT,0,3110803
rcsBp2,0.1111111111111111,8,8,CTCCGCCCACGGGCTAGATA,0,3083912
rcsBp2,0.1111111111111111,8,8,CTCATACGCCAGCAATTTTA,0,3100833
rcsBp2,0.1111111111111111,8,8,CTCAGGATATTGGATTCCTT,0,3075176
rcsBp2,0.1111111111111111,8,8,CTCAGAGGCGCCATTAATGC,0,3118457
rcsBp2,0.1111111111111111,8,8,CTATTACGTAGGGGATATTC,0,3097554
rcsBp2,0.1111111111111111,8,8,CTATGTATACTTGAGTTCTC,0,3088464
rcsBp2,0.1111111111111111,8,8,CTAGTCCGTAAGTGATCTGC,0,3108643
rcsBp2,0.1111111111111111,8,8,CTAATGATGGGTTTCGATTT,0,3107829
rcsBp2,0.1111111111111111,8,8,CTAAGATGTACTGGCAAATC,0,3094331
rcsBp2,0.1111111111111111,8,8,CTAAGAGCTTTACGGATACC,0,3095205
rcsBp2,0.1111111111111111,8,8,CTAACGGCTACGGGCACTAA,0,3108273
rcsBp2,0.1111111111111111,8,8,CTAAATGGGGCGTATCTTGT,0,3115375
rcsBp2,0.1111111111111111,8,8,CGTTTGTAGTAAAATAACCT,0,3098237
rcsBp2,0.1111111111111111,8,8,CGTTCGCGGCGTCTGTACAA,0,3097343
rcsBp2,0.1111111111111111,8,8,CGTGCGGAAAGGGGTGTCAA,0,3096861
rcsBp2,0.1111111111111111,8,8,CGTCGGGTGTTCCCTCCCTT,0,3109304
rcsBp2,0.1111111111111111,8,8,CGTCCTGAGACAGGCATAGG,0,3088203
rcsBp2,0.1111111111111111,8,8,CGTCCCGATCTCACGGAAAG,0,3077613
rcsBp2,0.1111111111111111,8,8,CGTCACTGCTGGTCAACTTT,0,3100191
rcsBp2,0.1111111111111111,8,8,CGTACATTAGGCGTTCACAC,0,3087934
rcsBp2,0.1111111111111111,8,8,CGTAACTTTATGAGTACGTA,0,3109542
rcsBp2,0.1111111111111111,8,8,CGGTGCGACGGATAGCTCTA,0,3105963
rcsBp2,0.1111111111111111,8,8,CGGTATCGGAACATTTTAGG,0,3074276
rcsBp2,0.1111111111111111,8,8,CGGGGGCGAACTTCTTCCAG,0,3111615
rcsBp2,0.1111111111111111,8,8,CGGGGCTGACCAGGAAACGG,0,3108028
rcsBp2,0.1111111111111111,8,8,CGGGGATGCAATTTAGTTGA,0,3095265
rcsBp2,0.1111111111111111,8,8,CGGGATTTTATATGCTTGTG,0,3113355
rcsBp2,0.1111111111111111,8,8,CGGGATCAGCGTGATTAAGA,0,3075208
rcsBp2,0.1111111111111111,8,8,CGGCCTCGAATCGGAGTTAA,0,3074718
rcsBp2,0.1111111111111111,8,8,CGGCCCTTGAGGGCTCCAAG,0,3110954
rcsBp2,0.1111111111111111,8,8,CGGCACGCAGGGTATTGTTC,0,3116663
rcsBp2,0.1111111111111111,8,8,CGGATGGCTGTCTACTATCA,0,3096260
rcsBp2,0.1111111111111111,8,8,CGGATAATAATTCTTGGTGT,0,3103953
rcsBp2,0.1111111111111111,8,8,CGGACAGCGGTTGGCTCTGA,0,3096950
rcsBp2,0.1111111111111111,8,8,CGGAACAGAGCACAGTACTA,0,3113921
rcsBp2,0.1111111111111111,8,8,CGCTGCGAAGCTGATTGTCC,0,3117407
rcsBp2,0.1111111111111111,8,8,CGCCGTGATATTAGGGCGAA,0,3076488
rcsBp2,0.1111111111111111,8,8,CGCCACTGGGGTGAACCATC,0,3104009
rcsBp2,0.1111111111111111,8,8,CGCCAATACCGCCGCGCGCA,0,3111951
rcsBp2,0.1111111111111111,8,8,CGCATGGTGCAATGAGCCGG,0,3097408
rcsBp2,0.1111111111111111,8,8,CGCACTCACATTGGCAGCCT,0,3099985
rcsBp2,0.1111111111111111,8,8,CGCACGGTGAGGCTCCCGGC,0,3118468
rcsBp2,0.1111111111111111,8,8,CGCACACGCTTCCGAACGTC,0,3118094
rcsBp2,0.1111111111111111,8,8,CGCAAACTACATATCAACTT,0,3077828
rcsBp2,0.1111111111111111,8,8,CGACTGAATAGTTAAGTGAG,0,3084491
rcsBp2,0.1111111111111111,8,8,CGACGATCGTTCATGCTCGC,0,3118180
rcsBp2,0.1111111111111111,8,8,CGACCAGCAAACCTTTGGGA,0,3109535
rcsBp2,0.1111111111111111,8,8,CCTTTTTCCGGGGTAGTCCC,0,3112645
rcsBp2,0.1111111111111111,8,8,CCTGTTTTAGGACTGTCCCA,0,3089458
rcsBp2,0.1111111111111111,8,8,CCTGTACGGTATCTGGTTTT,0,3122453
rcsBp2,0.1111111111111111,8,8,CCTGGACGACACTACGGTGG,0,3090743
rcsBp2,0.1111111111111111,8,8,CCTATGAATCTTCTCGTAAT,0,3091484
rcsBp2,0.1111111111111111,8,8,CCGTTTTTCGCCCACGCGGC,0,3115145
rcsBp2,0.1111111111111111,8,8,CCGTTCAGGCAGCAGGCACT,0,3079020
rcsBp2,0.1111111111111111,8,8,CCGGTCTTGGTTAACGCGAA,0,3088326
rcsBp2,0.1111111111111111,8,8,CCGGTATTTGTTTATATTAC,0,3103331
rcsBp2,0.1111111111111111,8,8,CCGGGGTTAAGATACATCGA,0,3074988
rcsBp2,0.1111111111111111,8,8,CCGGGCTTACCGGTATATTC,0,3109865
rcsBp2,0.1111111111111111,8,8,CCGGCTAAATCTATCTCGAG,0,3119362
rcsBp2,0.1111111111111111,8,8,CCGGCAAGTTTTCGCAGTGC,0,3079140
rcsBp2,0.1111111111111111,8,8,CCGCTGTCGATCGGGGGAAA,0,3111782
rcsBp2,0.1111111111111111,8,8,CCGCATCGTACATGAGACTT,0,3116661
rcsBp2,0.1111111111111111,8,8,CCCGTGAAACCCTATTTGGA,0,3108837
rcsBp2,0.1111111111111111,8,8,CCCGCATGAGCCAAAGTCAA,0,3080854
rcsBp2,0.1111111111111111,8,8,CCATTCTTGCTCGTTGCAAA,0,3078445
rcsBp2,0.1111111111111111,8,8,CCATGCTTTGAAGTCCCTAG,0,3114995
rcsBp2,0.1111111111111111,8,8,CCAGTATTTGAGTCGGAATA,0,3117034
rcsBp2,0.1111111111111111,8,8,CCAGTAAGCCTTGGGGGTCC,0,3118927
rcsBp2,0.1111111111111111,8,8,CCAGGCAAGCACTTAGGGCG,0,3118793
rcsBp2,0.1111111111111111,8,8,CCAGAGCCCCGCCGGTGCGT,0,3110582
rcsBp2,0.1111111111111111,8,8,CCAAGGGACACCGTGGTCTA,0,3112592
rcsBp2,0.1111111111111111,8,8,CCAAATGTATACGCGAGAAT,0,3103080
rcsBp2,0.1111111111111111,8,8,CATTTCCATCTATCTGAAGG,0,3094986
rcsBp2,0.1111111111111111,8,8,CATGTGCATAGGTGAATTAG,0,3078292
rcsBp2,0.1111111111111111,8,8,CATGGACTGCGTAGTTCCAA,0,3109198
rcsBp2,0.1111111111111111,8,8,CATGAGTGGGGACTGTAGCC,0,3075343
rcsBp2,0.1111111111111111,8,8,CATCGTCGTCAGCACGGTTA,0,3075864
rcsBp2,0.1111111111111111,8,8,CATCGTATGTTGGTGGTACA,0,3091103
rcsBp2,0.1111111111111111,8,8,CATCGGAGGCTCTTCTGCAT,0,3119844
rcsBp2,0.1111111111111111,8,8,CATCGCGATTGAATTTCACC,0,3113321
rcsBp2,0.1111111111111111,8,8,CATCCTTTGCAGACGTCTTT,0,3097028
rcsBp2,0.1111111111111111,8,8,CATCAATATCATACGACACA,0,3089065
rcsBp2,0.1111111111111111,8,8,CAGTCACCATTGTAGGAGGC,0,3113471
rcsBp2,0.1111111111111111,8,8,CAGTATTTCGCCTTGCCCAA,0,3091321
rcsBp2,0.1111111111111111,8,8,CAGGTGAACCGGCATACATG,0,3101383
rcsBp2,0.1111111111111111,8,8,CAGCTCCTGCGGACATTCAA,0,3121473
rcsBp2,0.1111111111111111,8,8,CAGCTACTATCGGCCGGATC,0,3121732
rcsBp2,0.1111111111111111,8,8,CAGCGTTTGACACAGGCGGT,0,3096997
rcsBp2,0.1111111111111111,8,8,CAGCCGGTAACTCACCACCC,0,3122458
rcsBp2,0.1111111111111111,8,8,CAGCACGGTACGGGCTTAGA,0,3103107
rcsBp2,0.1111111111111111,8,8,CAGAGCGTCTCGTGCTGGGG,0,3093563
rcsBp2,0.1111111111111111,8,8,CACTTGTGACGGGCACACGA,0,3106858
rcsBp2,0.1111111111111111,8,8,CAAGTGTGTCAAAAAAGAAC,0,3083843
rcsBp2,0.1111111111111111,8,8,CAAGTCATTAGCGTTGGAGT,0,3082569
rcsBp2,0.1111111111111111,8,8,CAAGCGTGTAGCCCGGAGGG,0,3080919
rcsBp2,0.1111111111111111,8,8,CAAGCGTCATGAATTTAAAA,0,3075731
rcsBp2,0.1111111111111111,8,8,ATTGGGTATAGGCTCGATCA,0,3098566
rcsBp2,0.1111111111111111,8,8,ATTGACTCTCTGTAACAGCG,0,3074377
rcsBp2,0.1111111111111111,8,8,ATTGACATGCGATTCGGTAT,0,3098599
rcsBp2,0.1111111111111111,8,8,ATTCTACCTACATCTATGAT,0,3121967
rcsBp2,0.1111111111111111,8,8,ATGGTATCCCTGCTGCCCAC,0,3120834
rcsBp2,0.1111111111111111,8,8,ATGGGTTGCAAAAAGGGTTA,0,3100527
rcsBp2,0.1111111111111111,8,8,ATGGCATAGGACCTTGTAAA,0,3083418
rcsBp2,0.1111111111111111,8,8,ATGGAGGCTTCCGACCTTGT,0,3113440
rcsBp2,0.1111111111111111,8,8,ATGCTCCTTAGTGTGTGTTA,0,3079672
rcsBp2,0.1111111111111111,8,8,ATGCTAAATTGGTGTTACAT,0,3084023
rcsBp2,0.1111111111111111,8,8,ATGCGTTTATGATAATTATT,0,3082870
rcsBp2,0.1111111111111111,8,8,ATGCATTTGATTAATGATAT,0,3116646
rcsBp2,0.1111111111111111,8,8,ATCGCAGATTACTCAAGGGG,0,3083252
rcsBp2,0.1111111111111111,8,8,ATCGATAAGGCCGGTGATAC,0,3087070
rcsBp2,0.1111111111111111,8,8,ATCCGAATGGATGGAATGGG,0,3078637
rcsBp2,0.1111111111111111,8,8,ATCCAATTTCGCTGGGAAAG,0,3075071
rcsBp2,0.1111111111111111,8,8,ATCATGCGTTGAAATTGTGT,0,3074720
rcsBp2,0.1111111111111111,8,8,ATCAGACAGTGATCGCGCAG,0,3084788
rcsBp2,0.1111111111111111,8,8,ATAGCGGGCATGCGAGATAT,0,3095037
rcsBp2,0.1111111111111111,8,8,ATACTGCGTTCTGTACATAA,0,3074092
rcsBp2,0.1111111111111111,8,8,ATAAGCAACACGGGAATATT,0,3081285
rcsBp2,0.1111111111111111,8,8,ATAAGAACGGTGATACAGGA,0,3111933
rcsBp2,0.1111111111111111,8,8,AGTTTTCATACAAACTTTGA,0,3076632
rcsBp2,0.1111111111111111,8,8,AGGTGTGACGGCGTAGTTGC,0,3103882
rcsBp2,0.1111111111111111,8,8,AGGTGTCTTGTTGCACGGAA,0,3103130
rcsBp2,0.1111111111111111,8,8,AGGTATGAGGCGCGGTAGTA,0,3121600
rcsBp2,0.1111111111111111,8,8,AGGCTCGGTTGATCCCAGCC,0,3087659
rcsBp2,0.1111111111111111,8,8,AGGCGTAATGCTCGAAAGGC,0,3115279
rcsBp2,0.1111111111111111,8,8,AGGCGATCTTAGGGTAAGGC,0,3104357
rcsBp2,0.1111111111111111,8,8,AGGCCTTGCCACGGCGATCG,0,3092976
rcsBp2,0.1111111111111111,8,8,AGGCATCTGTCCACCAGTGC,0,3115690
rcsBp2,0.1111111111111111,8,8,AGGAGTCGTGTCGAGATCCG,0,3094382
rcsBp2,0.1111111111111111,8,8,AGGAGCCCCCCGGGCCGTAT,0,3086291
rcsBp2,0.1111111111111111,8,8,AGCTCTTATCTTTCGGATGC,0,3098317
rcsBp2,0.1111111111111111,8,8,AGCGTATGGCGGACCTGGAT,0,3075829
rcsBp2,0.1111111111111111,8,8,AGCGAGTCTACGGGCCGCGG,0,3110675
rcsBp2,0.1111111111111111,8,8,AGCATGTGGAGCGCCATAGA,0,3087156
rcsBp2,0.1111111111111111,8,8,AGCATCTACAGAGATTAGGA,0,3076242
rcsBp2,0.1111111111111111,8,8,AGATGCGGAGGTCGTCATGT,0,3086009
rcsBp2,0.1111111111111111,8,8,AGATCTAGGGGGTATCAGTA,0,3113518
rcsBp2,0.1111111111111111,8,8,AGAGTTCAGTGCGTACGATT,0,3089784
rcsBp2,0.1111111111111111,8,8,AGAGGGTAGCAGACGATCAG,0,3089550
rcsBp2,0.1111111111111111,8,8,AGAGCGGCTAACAGAGTACA,0,3122616
rcsBp2,0.1111111111111111,8,8,AGACCTCTCATGCTCCAGGG,0,3095099
rcsBp2,0.1111111111111111,8,8,AGAATGTTCAGAGAACGGAG,0,3075228
rcsBp2,0.1111111111111111,8,8,AGAATAGGGGCATTCAAAGT,0,3112983
rcsBp2,0.1111111111111111,8,8,AGAAACAATAGGAGTTGACA,0,3121353
rcsBp2,0.1111111111111111,8,8,ACTGGATTTTTATTACCGTG,0,3119543
rcsBp2,0.1111111111111111,8,8,ACTCAGTCATTATAACGAAG,0,3120142
rcsBp2,0.1111111111111111,8,8,ACTACGAGCCCGCCCGACCT,0,3081605
rcsBp2,0.1111111111111111,8,8,ACGTGTTCGTCAAGTACCGT,0,3088090
rcsBp2,0.1111111111111111,8,8,ACGTGCATATACCGGAGTCC,0,3085220
rcsBp2,0.1111111111111111,8,8,ACGTATCAGCTACTATAATC,0,3102369
rcsBp2,0.1111111111111111,8,8,ACGGTTATTTAAGACTGATC,0,3084798
rcsBp2,0.1111111111111111,8,8,ACGGGACCACCATTGTAGAG,0,3117270
rcsBp2,0.1111111111111111,8,8,ACGCTGGGTCTTAAATTCGG,0,3103220
rcsBp2,0.1111111111111111,8,8,ACGCGTGACGAACGAGTTCC,0,3094729
rcsBp2,0.1111111111111111,8,8,ACGAAGGACAGTATATGTCT,0,3088379
rcsBp2,0.1111111111111111,8,8,ACCTCTCCTTGGCGTCCGCC,0,3101435
rcsBp2,0.1111111111111111,8,8,ACCGTCGCCGGCGCGAGGCA,0,3104461
rcsBp2,0.1111111111111111,8,8,ACCGGGATTGGGCGAAGCTT,0,3107219
rcsBp2,0.1111111111111111,8,8,ACCGATCGTTTTGCGCGTCG,0,3075133
rcsBp2,0.1111111111111111,8,8,ACCGATACAGGGACATTAGG,0,3080803
rcsBp2,0.1111111111111111,8,8,ACCAGGCAAGTAATATTTCG,0,3116741
rcsBp2,0.1111111111111111,8,8,ACCACAGTCGCGGGTTTGGC,0,3105198
rcsBp2,0.1111111111111111,8,8,ACCAATGCGTTTGTTCAGCC,0,3074881
rcsBp2,0.1111111111111111,8,8,ACAGCAATTGACCAAGTGCT,0,3110644
rcsBp2,0.1111111111111111,8,8,ACAATTAAAAAGAGCGCTAC,0,3098726
rcsBp2,0.1111111111111111,8,8,ACAATAGTACTGCTCTTTAC,0,3090750
rcsBp2,0.1111111111111111,8,8,AATGTGTAGTGTTTGGCGAA,0,3099149
rcsBp2,0.1111111111111111,8,8,AATGGGAGGGGCTAACCGCA,0,3091642
rcsBp2,0.1111111111111111,8,8,AATGACAGACAGTCTTTAAG,0,3117072
rcsBp2,0.1111111111111111,8,8,AATCTTTTCCAACTTCGTCG,0,3080128
rcsBp2,0.1111111111111111,8,8,AATCGGTCCACGGGATGGAG,0,3117841
rcsBp2,0.1111111111111111,8,8,AATATCATTATGCGAACTCT,0,3080554
rcsBp2,0.1111111111111111,8,8,AAGTGCAGGAGTCTTCGGGT,0,3121509
rcsBp2,0.1111111111111111,8,8,AAGGACCGAGGTGTTTTGTT,0,3122931
rcsBp2,0.1111111111111111,8,8,AAGGACCGAGCTTTTGGGTT,0,3113314
rcsBp2,0.1111111111111111,8,8,AAGCCGTTGAAGCTATGCGA,0,3103050
rcsBp2,0.1111111111111111,8,8,AAGCAGCTCTATAGGGGACA,0,3087433
rcsBp2,0.1111111111111111,8,8,AAGATTAGAGTCCCGGTGAA,0,3075515
rcsBp2,0.1111111111111111,8,8,AAGATATAGTAGGGGTGTCT,0,3089147
rcsBp2,0.1111111111111111,8,8,AACTTCGGGCCGGGGGGCCT,0,3100905
rcsBp2,0.1111111111111111,8,8,AACGGATCACTTCCGCCTGA,0,3077951
rcsBp2,0.1111111111111111,8,8,AACGCCTAGGCGAGCTAAAC,0,3105480
rcsBp2,0.1111111111111111,8,8,AACCATAGTCACAGAACGTC,0,3078194
rcsBp2,0.1111111111111111,8,8,AACATATTTCAAATGGTACC,0,3118298
rcsBp2,0.1111111111111111,8,8,AACAGGCGCGCGGGTTGGAG,0,3120694
rcsBp2,0.1111111111111111,8,8,AACACAAAATTCGATCCCCA,0,3095782
rcsBp2,0.1111111111111111,8,8,AACAAGCTTGTTCTCGATGC,0,3077269
rcsBp2,0.1111111111111111,8,8,AACAAACTATACTTCTGCAA,0,3093886
rcsBp2,0.1111111111111111,8,8,AAATGTATATAACCATAAGG,0,3075635
rcsBp2,0.1111111111111111,8,8,AAATCTAAAGGGGAAGGTAG,0,3081452
rcsBp2,0.1111111111111111,8,8,AAAGTATCTACGCAGTCGCA,0,3111169
rcsBp2,0.1111111111111111,8,8,AAAACACACCGGCAGTGTGA,0,3111722
rcsBp2,0.125,7,7,TTTTTATGGACTTATCGGCA,0,3118665
rcsBp2,0.125,7,7,TTTTGATAACGAAGCTGTGT,0,3119636
rcsBp2,0.125,7,7,TTTTCTATGAGACATTGGAA,0,3113362
rcsBp2,0.125,7,7,TTTGGAAACATGACCTCTCA,0,3094231
rcsBp2,0.125,7,7,TTTGACAAAACCTGGGCACC,0,3119018
rcsBp2,0.125,7,7,TTTCTGCGTCGCAAGAACAT,0,3083557
rcsBp2,0.125,7,7,TTTATTCTAAGGGCACTGCG,0,3074910
rcsBp2,0.125,7,7,TTTACTCGTCATTGTCGTCA,0,3090504
rcsBp2,0.125,7,7,TTTAACTGCTCAAAAAGAAA,0,3102792
rcsBp2,0.125,7,7,TTGTTCTTGGTTGTACAGCG,0,3093678
rcsBp2,0.125,7,7,TTGGTGCGCCGTTGTCTGAG,0,3099395
rcsBp2,0.125,7,7,TTGGAGCCGTAGCGCGACAC,0,3080385
rcsBp2,0.125,7,7,TTGCTTCGAATACTGTTCGC,0,3081410
rcsBp2,0.125,7,7,TTGCTATTTTGACGTGCTTC,0,3117390
rcsBp2,0.125,7,7,TTGCTATCGTTCGTGGATTG,0,3085431
rcsBp2,0.125,7,7,TTGCAACAGACTAGCGTTGG,0,3098649
rcsBp2,0.125,7,7,TTGATATTAGGTGCGAACGT,0,3090392
rcsBp2,0.125,7,7,TTGAGAATATCGATACGATT,0,3116295
rcsBp2,0.125,7,7,TTGACCATCGTAGTCAAAGT,0,3074244
rcsBp2,0.125,7,7,TTCTCGGTAGTAACCGGGTC,0,3074241
rcsBp2,0.125,7,7,TTCTAGGCAAAAACTTCGGT,0,3077173
rcsBp2,0.125,7,7,TTCGGAGCATGTAATAATGA,0,3118975
rcsBp2,0.125,7,7,TTCCTTACCGTTTAAGCTGC,0,3105280
rcsBp2,0.125,7,7,TTCCGGGTAACCGGTGACCC,0,3111571
rcsBp2,0.125,7,7,TTCCCTTTATACGCCATAGT,0,3075629
rcsBp2,0.125,7,7,TTCCCTGGTGTGTCGTTGGT,0,3084983
rcsBp2,0.125,7,7,TTCAGCGCTAGGGATTTATA,0,3109362
rcsBp2,0.125,7,7,TTCAAGTATTCACGTATGGA,0,3089914
rcsBp2,0.125,7,7,TTATGCCATCGAACCGCTAT,0,3119548
rcsBp2,0.125,7,7,TTAGGCAGGATGCGTATGCT,0,3090754
rcsBp2,0.125,7,7,TTAGGATTCGCCCCTATATG,0,3117953
rcsBp2,0.125,7,7,TTAGACGTACGGTCCAACTG,0,3083011
rcsBp2,0.125,7,7,TGTTTGAACCGAGTGAGCCT,0,3116524
rcsBp2,0.125,7,7,TGTGCCACCTACCGGCAGGG,0,3106141
rcsBp2,0.125,7,7,TGTGCATTTCAGTATAGTTG,0,3107250
rcsBp2,0.125,7,7,TGTGATTCACGATTCTAAGG,0,3084605
rcsBp2,0.125,7,7,TGTCCGACCGATGCGACGCC,0,3083625
rcsBp2,0.125,7,7,TGTCAATGTAAGCGGAAACG,0,3081481
rcsBp2,0.125,7,7,TGTAGGCTAGTGAGCTCTAA,0,3100815
rcsBp2,0.125,7,7,TGTAGAGTCGGGAGGTAGGG,0,3075661
rcsBp2,0.125,7,7,TGTACATGTCTGGGTGTATC,0,3118247
rcsBp2,0.125,7,7,TGTAAGTGCCCGAACTTCGG,0,3113120
rcsBp2,0.125,7,7,TGGTGGGTAAAAAAAAACAC,0,3082235
rcsBp2,0.125,7,7,TGGTGATGCATGGGGTGGTA,0,3098365
rcsBp2,0.125,7,7,TGGGGTGGTAATTGGGGCCG,0,3106501
rcsBp2,0.125,7,7,TGGCTCCGTTTATTTCTAGT,0,3074691
rcsBp2,0.125,7,7,TGGCCTACATTACTACCTTT,0,3082150
rcsBp2,0.125,7,7,TGGCACCTATGGGACTGTAA,0,3090085
rcsBp2,0.125,7,7,TGGATCGCTTCTTCCCTTAG,0,3122827
rcsBp2,0.125,7,7,TGCTTTTGATCCAGAGTAGG,0,3089894
rcsBp2,0.125,7,7,TGCTTGGCCTACCCGCGACA,0,3101889
rcsBp2,0.125,7,7,TGCTGATCCGTTGACATGGA,0,3085298
rcsBp2,0.125,7,7,TGCTAGATTCGAAAGATATC,0,3121405
rcsBp2,0.125,7,7,TGCCTTTAAGGATGTACCTC,0,3117444
rcsBp2,0.125,7,7,TGCCACTCCTGGATAGGTGG,0,3088258
rcsBp2,0.125,7,7,TGCATCTGATACGTCGGAGT,0,3075135
rcsBp2,0.125,7,7,TGATGTAGGCTATTGGGAGG,0,3076676
rcsBp2,0.125,7,7,TGATGGGAGACAGCTGTAGA,0,3082072
rcsBp2,0.125,7,7,TGAGCTCGGTCGTTTAGATG,0,3080484
rcsBp2,0.125,7,7,TGAGCCCAAACCATCCGCTT,0,3096644
rcsBp2,0.125,7,7,TGAGAGAAGGAGTCAGGAGA,0,3119661
rcsBp2,0.125,7,7,TGACTTGTTCGAGGCCAATC,0,3079082
rcsBp2,0.125,7,7,TGACGGCCGTGGGCAGTGTC,0,3078781
rcsBp2,0.125,7,7,TGAATTTCGTTCATCGAAAT,0,3107066
rcsBp2,0.125,7,7,TGAATTGTTCTGCAGAGAGA,0,3102264
rcsBp2,0.125,7,7,TGAAGTGTGGCCACTTATTA,0,3115534
rcsBp2,0.125,7,7,TGAACACTCGCTCTGGGTAT,0,3109299
rcsBp2,0.125,7,7,TCTTTCGAATGCAGAGGAAA,0,3100239
rcsBp2,0.125,7,7,TCTTTATGAATCCGCGACGA,0,3077925
rcsBp2,0.125,7,7,TCTTGGTTGTAAAACATCAA,0,3099809
rcsBp2,0.125,7,7,TCTTACTGCAGAATGAATTG,0,3109760
rcsBp2,0.125,7,7,TCTGTTGGGTTTGCCGTTTA,0,3107316
rcsBp2,0.125,7,7,TCTGGCTTGCAATGTGAAGA,0,3111651
rcsBp2,0.125,7,7,TCTGGCGGCCAGTCGAGCGA,0,3097588
rcsBp2,0.125,7,7,TCTCTTGTGTACAGCATAGT,0,3099879
rcsBp2,0.125,7,7,TCTCTGTCTTTGCGGCCTGG,0,3107433
rcsBp2,0.125,7,7,TCTCGGTTCTATGTAAAAGT,0,3083347
rcsBp2,0.125,7,7,TCTACTGATAGTTACCGTCG,0,3101891
rcsBp2,0.125,7,7,TCTACGGTCCCGGTGGCGTT,0,3074812
rcsBp2,0.125,7,7,TCTACCCACCTAGCCCCCTT,0,3119975
rcsBp2,0.125,7,7,TCTAAGCATGCGACAAAAGA,0,3106660
rcsBp2,0.125,7,7,TCTAACTAGGAGCCCTGGGA,0,3088333
rcsBp2,0.125,7,7,TCGGTTTGTACAACGAAAAT,0,3084792
rcsBp2,0.125,7,7,TCGGTGGAATGCAGTCTGTA,0,3103159
rcsBp2,0.125,7,7,TCGGTGCGAGGGGCGCTCCT,0,3100024
rcsBp2,0.125,7,7,TCGGGCTCGATTACGCTGTA,0,3085099
rcsBp2,0.125,7,7,TCGCTAGAAATTCCTTAGCA,0,3084484
rcsBp2,0.125,7,7,TCGCCTGAGACATAAGTCTT,0,3100531
rcsBp2,0.125,7,7,TCGATCGGAAAATGGCAGTG,0,3088272
rcsBp2,0.125,7,7,TCGACAGTTAATATTGTTTA,0,3080048
rcsBp2,0.125,7,7,TCCTTGACAGGAGAAGGCTA,0,3108776
rcsBp2,0.125,7,7,TCCTAAGGCGCGCAATGTAT,0,3107566
rcsBp2,0.125,7,7,TCCGTTCAATCCCCTAATGG,0,3098579
rcsBp2,0.125,7,7,TCCGGGCATTTGAGTCTCTG,0,3092849
rcsBp2,0.125,7,7,TCCGACGGTAGTGGACATGA,0,3076156
rcsBp2,0.125,7,7,TCCGACGCGGAACAGTATCG,0,3109803
rcsBp2,0.125,7,7,TCCCGGCAAGTAGCCCTTTC,0,3121089
rcsBp2,0.125,7,7,TCCATAAGGGTGTGGCCTAT,0,3107161
rcsBp2,0.125,7,7,TCCAATTAGTGTGCTCTTAG,0,3081177
rcsBp2,0.125,7,7,TCATCATCTGAGCGTATGGG,0,3115394
rcsBp2,0.125,7,7,TCATAGCAACGATGTGCCAC,0,3108336
rcsBp2,0.125,7,7,TCATAAGTGGCACTGTTTGG,0,3078081
rcsBp2,0.125,7,7,TCAGCACTAAGTCCACTCCT,0,3102753
rcsBp2,0.125,7,7,TCAATGACCGAACGGGTGCA,0,3106448
rcsBp2,0.125,7,7,TCAATCACCCCCTCCTAGAA,0,3089860
rcsBp2,0.125,7,7,TATTCGGGACGTCTTATATC,0,3097933
rcsBp2,0.125,7,7,TATTAGACAGGGGGGCACAA,0,3112215
rcsBp2,0.125,7,7,TATGGCTACTTGCTAACGGT,0,3083987
rcsBp2,0.125,7,7,TATGGAAATAGAGGCAGGAT,0,3109807
rcsBp2,0.125,7,7,TATGCAGGCCTAAAGTGCCA,0,3078062
rcsBp2,0.125,7,7,TATACAGAGCTCTGGAGTAT,0,3080791
rcsBp2,0.125,7,7,TATAACGGTCACAGTTTTTG,0,3103537
rcsBp2,0.125,7,7,TAGGTTCTGCGGCCGGTGGG,0,3087224
rcsBp2,0.125,7,7,TAGGGTAATTTTCCGGTCAG,0,3105151
rcsBp2,0.125,7,7,TAGGCCGATGGAAATCGTTC,0,3116721
rcsBp2,0.125,7,7,TAGCTTTTTGGTCGTTATTC,0,3100654
rcsBp2,0.125,7,7,TAGCGATGTCCCAGCTGCAT,0,3076393
rcsBp2,0.125,7,7,TAGAGGAATCCAATAGAAGA,0,3119116
rcsBp2,0.125,7,7,TAGAAAAGCACGGGGCCTTA,0,3095371
rcsBp2,0.125,7,7,TACTGATGGGATGTAGTAGC,0,3108722
rcsBp2,0.125,7,7,TACTCGCCGATGATATAAAC,0,3111382
rcsBp2,0.125,7,7,TACGTTCGGCCTTTAAGGCG,0,3099016
rcsBp2,0.125,7,7,TACGTTAGAGCGTTACCAAA,0,3080023
rcsBp2,0.125,7,7,TACGTAAAAGTATTACGTGG,0,3100394
rcsBp2,0.125,7,7,TACCGCATACAGCATCCTCC,0,3104237
rcsBp2,0.125,7,7,TACCACATCGTGGGACACTG,0,3073814
rcsBp2,0.125,7,7,TACATTTAAGGCTAGATCAA,0,3077778
rcsBp2,0.125,7,7,TAAGCATTCCTATAAGATGC,0,3121739
rcsBp2,0.125,7,7,TAAGACGCGATGATTTGGGA,0,3097097
rcsBp2,0.125,7,7,TAAGAAATATTTAACAATAG,0,3110400
rcsBp2,0.125,7,7,TAACCTAAAACGTCCCTGTA,0,3075795
rcsBp2,0.125,7,7,GTTTGGAGGATATCAAAACT,0,3077317
rcsBp2,0.125,7,7,GTTTGCCACACGGGCAACGA,0,3078949
rcsBp2,0.125,7,7,GTTTATGCGACGTGAAGGTA,0,3081427
rcsBp2,0.125,7,7,GTTCCGAGGGGTCCCCATCT,0,3085687
rcsBp2,0.125,7,7,GTTCCAAAATCCCCCTCCGT,0,3091874
rcsBp2,0.125,7,7,GTTATAGGACGACGTGTTTG,0,3087373
rcsBp2,0.125,7,7,GTTAATGACCATTTAAAAAT,0,3108649
rcsBp2,0.125,7,7,GTGTTAGGTAGGTTCACCCT,0,3079863
rcsBp2,0.125,7,7,GTGTGGGGCTAGATGGTAAT,0,3090252
rcsBp2,0.125,7,7,GTGTAGAGCCAAGAAACGCC,0,3113699
rcsBp2,0.125,7,7,GTGGTTGTGGTATCCAGCGT,0,3078140
rcsBp2,0.125,7,7,GTGGGTGGCTTGTTTACTTG,0,3119069
rcsBp2,0.125,7,7,GTGGAACTCTCTTCCAGGCT,0,3078629
rcsBp2,0.125,7,7,GTGGAAATTCTCGCGGGGTA,0,3116829
rcsBp2,0.125,7,7,GTGCTTACTAATATTACAAA,0,3075080
rcsBp2,0.125,7,7,GTGCGTATGCTCCGCCACGC,0,3111713
rcsBp2,0.125,7,7,GTGAGGTAGCTGAAGCGTGC,0,3080436
rcsBp2,0.125,7,7,GTGAAGGAGCAAAGACATTG,0,3109887
rcsBp2,0.125,7,7,GTCGCAATGTCGCCTTTGTG,0,3084252
rcsBp2,0.125,7,7,GTCGAGTTCTCGTGACTCCA,0,3088061
rcsBp2,0.125,7,7,GTCGAGGGGGGAGTTGAAAA,0,3089869
rcsBp2,0.125,7,7,GTATTGGACCCAGTGACATT,0,3117672
rcsBp2,0.125,7,7,GTATCACTAAGCATGGCAAG,0,3109575
rcsBp2,0.125,7,7,GTATATGGGCACAGTGTTTG,0,3091531
rcsBp2,0.125,7,7,GTATATGCCGCAGATAAGAA,0,3093779
rcsBp2,0.125,7,7,GTATAGAAAGCAGGGGTTCA,0,3111206
rcsBp2,0.125,7,7,GTAGGTCGGACTTTAATAGC,0,3092184
rcsBp2,0.125,7,7,GTAGCTGCGCTAGAAGACCG,0,3085154
rcsBp2,0.125,7,7,GTACGCTTTGACCACTGTTG,0,3090393
rcsBp2,0.125,7,7,GTACCCAGCACCGGTTCCCC,0,3115960
rcsBp2,0.125,7,7,GTACCATGTCATCGACACGT,0,3100027
rcsBp2,0.125,7,7,GTACAGTTTATAAGCCATAC,0,3080179
rcsBp2,0.125,7,7,GTAATTAAATCTAGGGTAAG,0,3110055
rcsBp2,0.125,7,7,GTAAGCGCAGAGGAATCAAG,0,3074606
rcsBp2,0.125,7,7,GGTTTGGGGCATTGTCAGTT,0,3084895
rcsBp2,0.125,7,7,GGTTTAGAGGGCTCCTCGAA,0,3120097
rcsBp2,0.125,7,7,GGTTTACTGGATATGCAATC,0,3085888
rcsBp2,0.125,7,7,GGTTGGGCAAGAATGACAGG,0,3113775
rcsBp2,0.125,7,7,GGTTCGTTGGGTGGCAACTT,0,3088436
rcsBp2,0.125,7,7,GGTTAACTTACCATTCGCTT,0,3076951
rcsBp2,0.125,7,7,GGTGAAATTCATGCCCAGCC,0,3076776
rcsBp2,0.125,7,7,GGTCTTGGAGTGACAAAGAT,0,3107941
rcsBp2,0.125,7,7,GGTCTAGCATTATGTGACCT,0,3109938
rcsBp2,0.125,7,7,GGTCAATGAGGCATCTATGC,0,3121129
rcsBp2,0.125,7,7,GGTAGGTTCCAATTTACGGC,0,3109416
rcsBp2,0.125,7,7,GGTACTTATGAAGCTTTCAT,0,3107993
rcsBp2,0.125,7,7,GGTAAGTTCTCGAGATGAAT,0,3087596
rcsBp2,0.125,7,7,GGTAAAACCTTAGTGGAAAT,0,3120096
rcsBp2,0.125,7,7,GGGTTTTCGCGCGGGGAATC,0,3089390
rcsBp2,0.125,7,7,GGGTGTTTACCCTAGCTCAC,0,3119140
rcsBp2,0.125,7,7,GGGTGTACCTAGAAGGGGAC,0,3096074
rcsBp2,0.125,7,7,GGGTGCCGATTGGATGGCTT,0,3116359
rcsBp2,0.125,7,7,GGGTCACCGACAGCCATAAG,0,3116596
rcsBp2,0.125,7,7,GGGGTCGGTCGAATGGCTCT,0,3080644
rcsBp2,0.125,7,7,GGGGTCGGGGGCACTCTCCG,0,3100506
rcsBp2,0.125,7,7,GGGGGTTAAGTTACTGAAGT,0,3079887
rcsBp2,0.125,7,7,GGGGGCTCCCCGGCACTAAG,0,3100347
rcsBp2,0.125,7,7,GGGGGCCGTGATCTCAAAAT,0,3075392
rcsBp2,0.125,7,7,GGGGCGCTTCTGTGGTAGGA,0,3087328
rcsBp2,0.125,7,7,GGGCTACGCAAAATCTTCTA,0,3110368
rcsBp2,0.125,7,7,GGGCCTCATCGCTTCCCGTG,0,3105809
rcsBp2,0.125,7,7,GGGAGGAAGTGATCTACGTA,0,3121170
rcsBp2,0.125,7,7,GGGAGCTGGATTCTCCGGGT,0,3084357
rcsBp2,0.125,7,7,GGGAGCAATGAGTGCTTAGG,0,3105052
rcsBp2,0.125,7,7,GGGAATAGTAGTGTAACTGG,0,3088851
rcsBp2,0.125,7,7,GGGAAGTGGGTGATATTTTG,0,3099686
rcsBp2,0.125,7,7,GGCTGTTTCGTAGGGTACGC,0,3112882
rcsBp2,0.125,7,7,GGCTCCAATGGTCGCGTAGG,0,3100119
rcsBp2,0.125,7,7,GGCTATCGTGCATAAAACAA,0,3109610
rcsBp2,0.125,7,7,GGCTACTGTATCAGCGGCCG,0,3120560
rcsBp2,0.125,7,7,GGCGTCTGATATCAGTAACT,0,3109658
rcsBp2,0.125,7,7,GGCGCGGTGAAGTCGGTCCT,0,3110088
rcsBp2,0.125,7,7,GGCCGTGATGTCCTCAGTAT,0,3081749
rcsBp2,0.125,7,7,GGCCACTGAAGTTTTAATGA,0,3077931
rcsBp2,0.125,7,7,GGCATAGAATGCATGATCTT,0,3084683
rcsBp2,0.125,7,7,GGCAATTACTGCGCTACTGA,0,3085521
rcsBp2,0.125,7,7,GGCAAGGAAGGGACGTCTTC,0,3086138
rcsBp2,0.125,7,7,GGAGCCGGACAAGTCTCACT,0,3116080
rcsBp2,0.125,7,7,GGACTGGTGACCTTAATCAA,0,3118166
rcsBp2,0.125,7,7,GGACTGCAGGGTTTGATTAA,0,3114540
rcsBp2,0.125,7,7,GGACGTGCTGAGTGCATGAA,0,3080982
rcsBp2,0.125,7,7,GGACAGTCCCCAAGTTAAGG,0,3101092
rcsBp2,0.125,7,7,GGACACGCGGTGTGATTGTA,0,3077331
rcsBp2,0.125,7,7,GGACACGCAAAGGGAATCTT,0,3100421
rcsBp2,0.125,7,7,GGAATCCGGAAGCCCATCCT,0,3107130
rcsBp2,0.125,7,7,GCTCCTGCCCCGGTTCAGCG,0,3097886
rcsBp2,0.125,7,7,GCTAAAGGGGATAGAAATCC,0,3084875
rcsBp2,0.125,7,7,GCGGTCCCCACCTCACAGCC,0,3087915
rcsBp2,0.125,7,7,GCGGATATTGGAAGTCTTCC,0,3081469
rcsBp2,0.125,7,7,GCGGACAAGGAGACCCGTCA,0,3088186
rcsBp2,0.125,7,7,GCGCTCCCCTTATAATGGCA,0,3093449
rcsBp2,0.125,7,7,GCGCGTCAAACAAGGGTCAT,0,3085131
rcsBp2,0.125,7,7,GCGCCTGATGATATATGACC,0,3112178
rcsBp2,0.125,7,7,GCGATTTATGCAAAATTATC,0,3078538
rcsBp2,0.125,7,7,GCGATCTGTTCAAAGCAGTT,0,3091715
rcsBp2,0.125,7,7,GCCTATATGGCAGGGATACT,0,3116461
rcsBp2,0.125,7,7,GCCTAAGTTAGCTTGGGGAC,0,3086757
rcsBp2,0.125,7,7,GCCGGTGTTGTCGCGAGTTA,0,3088304
rcsBp2,0.125,7,7,GCCGGGGCACTCGGGTTTTG,0,3107187
rcsBp2,0.125,7,7,GCCCAATCCGATTGGACATA,0,3081718
rcsBp2,0.125,7,7,GCCATCAAGGTATAATATCT,0,3085334
rcsBp2,0.125,7,7,GCCACGCACGGTGAATATCT,0,3103761
rcsBp2,0.125,7,7,GCATTCATTGCAACTTCATG,0,3080580
rcsBp2,0.125,7,7,GCATGGCCTTTGTAATTACC,0,3118740
rcsBp2,0.125,7,7,GCATCTGTGGATGGTGAGTA,0,3114206
rcsBp2,0.125,7,7,GCATATGAGTTCACAGCCCC,0,3109809
rcsBp2,0.125,7,7,GCAGTGCAAAGGAAACCCCC,0,3082393
rcsBp2,0.125,7,7,GCAGCTTTATTTCACTGTGG,0,3098705
rcsBp2,0.125,7,7,GCAGCTGAAGTAAGGTCCGT,0,3100031
rcsBp2,0.125,7,7,GCACCGAAGGCCGTGGAATT,0,3097311
rcsBp2,0.125,7,7,GCACCAGCTAGGTGTGTGAG,0,3109786
rcsBp2,0.125,7,7,GCACATGCGTTTTCGTGGTA,0,3092846
rcsBp2,0.125,7,7,GCAAACGTAGTACATACGCG,0,3100379
rcsBp2,0.125,7,7,GATTTGGTGGGTGGAGGATC,0,3111034
rcsBp2,0.125,7,7,GATGTATTGTATGTTGGTAG,0,3082236
rcsBp2,0.125,7,7,GATGTATCTCCCCTAATTCA,0,3096815
rcsBp2,0.125,7,7,GATGATTTGCCGTCATCACT,0,3122637
rcsBp2,0.125,7,7,GATCGACGTGCCGAACTGCC,0,3074474
rcsBp2,0.125,7,7,GATATCTTTTTGTTGTTGAC,0,3075389
rcsBp2,0.125,7,7,GAGTGGTATCCCCCAATGAA,0,3082754
rcsBp2,0.125,7,7,GAGTCTCCTTGTGGAGTAAA,0,3088880
rcsBp2,0.125,7,7,GAGGACAAGGCGGAAGCCTC,0,3117240
rcsBp2,0.125,7,7,GAGAAGACTACAACACTGCC,0,3113672
rcsBp2,0.125,7,7,GACTCCAGGATAAGAACTCA,0,3093383
rcsBp2,0.125,7,7,GACGGACCGCAGTGGTTCCC,0,3084044
rcsBp2,0.125,7,7,GACCAAGGCTTACCGATCAA,0,3081745
rcsBp2,0.125,7,7,GACAGCGAGCCAGGGGCCGC,0,3097928
rcsBp2,0.125,7,7,GAATTAATCATCCAAACTTT,0,3121842
rcsBp2,0.125,7,7,GAATCTCGTAACCCCTCGAG,0,3076478
rcsBp2,0.125,7,7,GAAGTCTGAACTACAACATG,0,3096593
rcsBp2,0.125,7,7,GAACCTGGTCAGAGAGGTAT,0,3082748
rcsBp2,0.125,7,7,GAACCTCAGACTTGTCCAGC,0,3084577
rcsBp2,0.125,7,7,GAAATCCGTCCTGATGCCAT,0,3109935
rcsBp2,0.125,7,7,CTTTTGTATAGGACGCAGGC,0,3091213
rcsBp2,0.125,7,7,CTTTCCTAGCTGATTCCTGA,0,3115650
rcsBp2,0.125,7,7,CTTGAGACTCTCAAACTTTG,0,3120988
rcsBp2,0.125,7,7,CTTGACTGTGCCGGGCGATA,0,3100075
rcsBp2,0.125,7,7,CTTCGATGTTCATGTCAATC,0,3075218
rcsBp2,0.125,7,7,CTTCCGGCACAAGCGCGCCC,0,3085135
rcsBp2,0.125,7,7,CTTATTTAGTGTGTGAGAGC,0,3113239
rcsBp2,0.125,7,7,CTTAGTGGGTGATGCGAATA,0,3102837
rcsBp2,0.125,7,7,CTTAAGGGTAACGTACTTAA,0,3087257
rcsBp2,0.125,7,7,CTGGGGGCTACATGTGCACG,0,3077335
rcsBp2,0.125,7,7,CTGGGAATCTTTTACGGATA,0,3097727
rcsBp2,0.125,7,7,CTGGCATAAGGCCTAGTATA,0,3085331
rcsBp2,0.125,7,7,CTGGAGAACATACTGCCATC,0,3092348
rcsBp2,0.125,7,7,CTGCTTCGAGGCGCTCCTTA,0,3118842
rcsBp2,0.125,7,7,CTGCCTTTCAACACGAAGGA,0,3088454
rcsBp2,0.125,7,7,CTGACAGTGCTCAGCGTTTC,0,3105421
rcsBp2,0.125,7,7,CTCTCCGAGCGCTAAACCAT,0,3078790
rcsBp2,0.125,7,7,CTCGCACTTTTTACTTTACC,0,3093965
rcsBp2,0.125,7,7,CTCAGGAAGCGTAATCGAAG,0,3077946
rcsBp2,0.125,7,7,CTCACGTCACGTCAAAAGAT,0,3113708
rcsBp2,0.125,7,7,CTATCCCATAGGCTTCGTGC,0,3110054
rcsBp2,0.125,7,7,CTAGATTCGAGTCCCTGCCG,0,3084879
rcsBp2,0.125,7,7,CTAGAAACGTATTACGGGAA,0,3103323
rcsBp2,0.125,7,7,CTACTTTACTACTTACCTCT,0,3088411
rcsBp2,0.125,7,7,CTACAAATGATGCGTCAAGA,0,3103300
rcsBp2,0.125,7,7,CTAACGTGACCTCGCGACCC,0,3114398
rcsBp2,0.125,7,7,CTAACCAGATGTTATAAGAT,0,3075632
rcsBp2,0.125,7,7,CTAAAATTTGAGCGGAATCA,0,3095347
rcsBp2,0.125,7,7,CGTTTAATGGAGGCAAGGCA,0,3087225
rcsBp2,0.125,7,7,CGTTGTCGCAAGCGCTTTCA,0,3109719
rcsBp2,0.125,7,7,CGTTAACAGCAACCGTATAG,0,3109622
rcsBp2,0.125,7,7,CGTGTGTAACTGTAACCAAC,0,3107514
rcsBp2,0.125,7,7,CGTGGCTTCTCCATATACCT,0,3117446
rcsBp2,0.125,7,7,CGTGGCACTAACTTTCCCCA,0,3121377
rcsBp2,0.125,7,7,CGTGATCTCACATGGACCAG,0,3110294
rcsBp2,0.125,7,7,CGTCCCATTTCGAGTCAGAG,0,3113151
rcsBp2,0.125,7,7,CGTCAGCCCGTTATGCCGCG,0,3097536
rcsBp2,0.125,7,7,CGTATACCCCGACAATACCT,0,3093518
rcsBp2,0.125,7,7,CGTAGTCGTTAAACTCGAGT,0,3085818
rcsBp2,0.125,7,7,CGTACCGCAGGGGGTGTCAA,0,3100352
rcsBp2,0.125,7,7,CGTACCCTTGTTGATATTAA,0,3106009
rcsBp2,0.125,7,7,CGTAACCAGCGCTTGCAACA,0,3112266
rcsBp2,0.125,7,7,CGGTGCAAACGCTTTGCTTC,0,3088989
rcsBp2,0.125,7,7,CGGGGGACAATGTGGTCCGT,0,3080627
rcsBp2,0.125,7,7,CGGCCCAAATTGGGTAAACG,0,3076600
rcsBp2,0.125,7,7,CGGAGCTAGGACCCTTACCC,0,3082022
rcsBp2,0.125,7,7,CGGACTCGCCGGTTGCACGT,0,3083988
rcsBp2,0.125,7,7,CGGACAGGCTCATTAAATAG,0,3075554
rcsBp2,0.125,7,7,CGGAATATTCCATATACGAG,0,3076656
rcsBp2,0.125,7,7,CGCTTTTTTAACGGACGGTG,0,3084037
rcsBp2,0.125,7,7,CGCTTCTATCAGAGTGAACT,0,3085691
rcsBp2,0.125,7,7,CGCTGTCGCTAAATTCACCA,0,3094211
rcsBp2,0.125,7,7,CGCTGCAATATGTCAGGGGT,0,3116718
rcsBp2,0.125,7,7,CGCTAACATAGTAGCGGCAC,0,3098264
rcsBp2,0.125,7,7,CGCCGCTCGAGCCCATGTCA,0,3082215
rcsBp2,0.125,7,7,CGCCCTGGACGCGGCAGAAT,0,3100906
rcsBp2,0.125,7,7,CGCAGGCGCGGAATCAGATG,0,3108967
rcsBp2,0.125,7,7,CGCAGAGATCACCACACAGG,0,3091743
rcsBp2,0.125,7,7,CGCACAAATGGCTGTGCTAC,0,3074121
rcsBp2,0.125,7,7,CGCAAGATTCACGAGCTGAT,0,3117874
rcsBp2,0.125,7,7,CGATCGTCACGGAAGTGCAT,0,3122904
rcsBp2,0.125,7,7,CGATCGGCCCCGTGCACCTC,0,3100046
rcsBp2,0.125,7,7,CGAGGGCCAACATCATCCAG,0,3089067
rcsBp2,0.125,7,7,CGAGAAACGCCGATCTTTTT,0,3111963
rcsBp2,0.125,7,7,CGACCGTTGGACGTCTGTAG,0,3117855
rcsBp2,0.125,7,7,CGACATGAATCGTTTATGGA,0,3093272
rcsBp2,0.125,7,7,CGAAGGGTTCTGACTGAGGT,0,3115718
rcsBp2,0.125,7,7,CCTTCCTGCGAGTTTTTCTG,0,3092286
rcsBp2,0.125,7,7,CCTGCAAGACTGAGCATCAT,0,3111336
rcsBp2,0.125,7,7,CCTCGCCCGCAGGGTCGATT,0,3112911
rcsBp2,0.125,7,7,CCTACAGCGGCTGGAGGCCT,0,3097081
rcsBp2,0.125,7,7,CCGTGTGGTTGCAGATATGT,0,3112660
rcsBp2,0.125,7,7,CCGTGATACAAAGGTAGGAT,0,3119002
rcsBp2,0.125,7,7,CCGTCACGTGCGTGTGCACT,0,3084318
rcsBp2,0.125,7,7,CCGTATACTATCGCAGCAGG,0,3119251
rcsBp2,0.125,7,7,CCGTACCCGAGGAATTCGTT,0,3116891
rcsBp2,0.125,7,7,CCGGCTCCAATGGAGCATAA,0,3121452
rcsBp2,0.125,7,7,CCGGCCGTGGAAGTTGTCTG,0,3113616
rcsBp2,0.125,7,7,CCGCTCTTTCTGTCCCTAGC,0,3116587
rcsBp2,0.125,7,7,CCGCCGGGACTAAACCCACT,0,3110233
rcsBp2,0.125,7,7,CCGCCGGCCTTCAGGTACTG,0,3074080
rcsBp2,0.125,7,7,CCGCCATTACACTGTCGACG,0,3086829
rcsBp2,0.125,7,7,CCGCATACAACAAAATTAGC,0,3117763
rcsBp2,0.125,7,7,CCGAGTGTATCGTGAGAGGT,0,3112843
rcsBp2,0.125,7,7,CCCTAGAAGGTGTTGACAAT,0,3079770
rcsBp2,0.125,7,7,CCCCCAGAGAGCGGGACATC,0,3091209
rcsBp2,0.125,7,7,CCCACCCTGCGAATGCGTCG,0,3118980
rcsBp2,0.125,7,7,CCCAATCAAAAAGAGACCTA,0,3076559
rcsBp2,0.125,7,7,CCATTCGTTAGCATCGTAGT,0,3083130
rcsBp2,0.125,7,7,CCATTACGCCAGGCCCGCCC,0,3097277
rcsBp2,0.125,7,7,CCATGATAAGCGCAGGTCTT,0,3087167
rcsBp2,0.125,7,7,CCATATTTTTCTAGCGCAAA,0,3121202
rcsBp2,0.125,7,7,CCAGGTCGCGGACAATGTCC,0,3074619
rcsBp2,0.125,7,7,CCAGACTAATGTAGTGTAAA,0,3094853
rcsBp2,0.125,7,7,CCACTTAGTCACGATGGGTC,0,3091955
rcsBp2,0.125,7,7,CCACTCTAATCCGTGTTTGC,0,3092961
rcsBp2,0.125,7,7,CCAAATATCATGTTACGATT,0,3104957
rcsBp2,0.125,7,7,CATTCCGAGACATTTCATTC,0,3094353
rcsBp2,0.125,7,7,CATGGCGGGCGGTCGTTCCT,0,3096555
rcsBp2,0.125,7,7,CATGGAAGCCGTACAGTTTT,0,3083223
rcsBp2,0.125,7,7,CATGCTGTACGGTATAACCA,0,3099928
rcsBp2,0.125,7,7,CATGACCTTTCCATATACAA,0,3079228
rcsBp2,0.125,7,7,CATGAAGGGATGAGACTTGC,0,3088211
rcsBp2,0.125,7,7,CATCACATGATCGTCCCAGG,0,3106941
rcsBp2,0.125,7,7,CATCAAGGGATATTGGGACC,0,3109104
rcsBp2,0.125,7,7,CATATTGAGATTCTTTATCA,0,3089189
rcsBp2,0.125,7,7,CATATCCGGGGATGGAGTCC,0,3087752
rcsBp2,0.125,7,7,CAGTGCGTCCGGTTGCAGAT,0,3114267
rcsBp2,0.125,7,7,CAGTGACTTTGCCACCTACG,0,3106696
rcsBp2,0.125,7,7,CAGGAGTGAAATGTAGTATA,0,3093742
rcsBp2,0.125,7,7,CACTGTGTCATGATTTTTAA,0,3077005
rcsBp2,0.125,7,7,CACTCGCACGGCGTGCTAAT,0,3122874
rcsBp2,0.125,7,7,CACTACTCTCTCACAGTCGC,0,3082152
rcsBp2,0.125,7,7,CACGTTCTACGTTCCAATGT,0,3115350
rcsBp2,0.125,7,7,CACGCGACAGCCCGTATTAG,0,3116870
rcsBp2,0.125,7,7,CACCGTGCACTACTTACCGG,0,3077675
rcsBp2,0.125,7,7,CACCGTGAGACTCCCTGCAG,0,3085710
rcsBp2,0.125,7,7,CACATACGTATTTATGCCGC,0,3080900
rcsBp2,0.125,7,7,CACAGTCGTGGGCTGGTTAC,0,3089408
rcsBp2,0.125,7,7,CACACATGATTTAAACTCCT,0,3111816
rcsBp2,0.125,7,7,CAATCAACATATACACAGTA,0,3081025
rcsBp2,0.125,7,7,CAAGGTACTTAAGTACACAC,0,3098082
rcsBp2,0.125,7,7,CAAGGGAGATGATTAAAATA,0,3097364
rcsBp2,0.125,7,7,CAAGCTCAGGAGGGGGGCCG,0,3075450
rcsBp2,0.125,7,7,CAAGCCTCCCTACTAAGGCG,0,3107031
rcsBp2,0.125,7,7,CAACATTGGCATAAAGGTTA,0,3073815
rcsBp2,0.125,7,7,CAAATCTGTAAGTTGAACTT,0,3076655
rcsBp2,0.125,7,7,CAAACTGTAAAAGTGTTGAC,0,3080819
rcsBp2,0.125,7,7,CAAAAACCCTGCATTAGCCA,0,3116904
rcsBp2,0.125,7,7,ATTTGCTGTAAGGAATGTGA,0,3089640
rcsBp2,0.125,7,7,ATTTATAAGCTTGCGTAGAC,0,3099197
rcsBp2,0.125,7,7,ATTGTGGACCTTGCAAAACA,0,3079982
rcsBp2,0.125,7,7,ATTCGAGATGGCGCGGCGAA,0,3093882
rcsBp2,0.125,7,7,ATTCCACAATCAGCCGTGGG,0,3105844
rcsBp2,0.125,7,7,ATTCAAAGGACACCATGGCG,0,3081903
rcsBp2,0.125,7,7,ATTATCTGTTACTACCCACG,0,3077218
rcsBp2,0.125,7,7,ATTACGATCTAGTTCCGTTT,0,3099777
rcsBp2,0.125,7,7,ATGTCGTAAATAATGTGGTC,0,3115143
rcsBp2,0.125,7,7,ATGTATGTCCGTTACCGGGG,0,3111596
rcsBp2,0.125,7,7,ATGTACTCACATGGGGCGAA,0,3082647
rcsBp2,0.125,7,7,ATGGTCTGAAAGGGGTAGCT,0,3079703
rcsBp2,0.125,7,7,ATGGTCTATTCCAAGTCCTC,0,3091619
rcsBp2,0.125,7,7,ATGGTATCCCAGGCCACCTG,0,3092013
rcsBp2,0.125,7,7,ATGCGTATATAAAAACTGAT,0,3082045
rcsBp2,0.125,7,7,ATGCCCAAATGTGCGATTAT,0,3118960
rcsBp2,0.125,7,7,ATGCATGGACTGTGCGTCGC,0,3089816
rcsBp2,0.125,7,7,ATGATCTTAAGTGGCTAGAG,0,3102116
rcsBp2,0.125,7,7,ATGATATCGACATACGATGT,0,3097753
rcsBp2,0.125,7,7,ATCTACGCCCACATTCTGCC,0,3106436
rcsBp2,0.125,7,7,ATCGTCCAGACATCTGGATT,0,3082167
rcsBp2,0.125,7,7,ATCGTCCAAGTATCTCATCA,0,3078909
rcsBp2,0.125,7,7,ATCCGGTATATATTTCTAAC,0,3119457
rcsBp2,0.125,7,7,ATCCGCCGAAGTCGAGTCCT,0,3074486
rcsBp2,0.125,7,7,ATCCGATTACTAGCGCAACT,0,3121162
rcsBp2,0.125,7,7,ATCCGATTAATTAGCGTGTG,0,3122720
rcsBp2,0.125,7,7,ATCATCTTATATGCTAAGAA,0,3106551
rcsBp2,0.125,7,7,ATCAGCACCTCTCCTTTATT,0,3089692
rcsBp2,0.125,7,7,ATATCTTGGGCTACACGCAA,0,3091728
rcsBp2,0.125,7,7,ATAGTAACCAGCCACGGAAA,0,3103485
rcsBp2,0.125,7,7,ATAGGAGGCGACGCGACTAG,0,3096375
rcsBp2,0.125,7,7,ATACTCATTTTCACGCCATT,0,3107811
rcsBp2,0.125,7,7,ATAATACAAGAGAGTACTTT,0,3120039
rcsBp2,0.125,7,7,ATAAGTAGGTCGGCGTGCCT,0,3104712
rcsBp2,0.125,7,7,ATAACTGGGTTATACGTAGC,0,3099553
rcsBp2,0.125,7,7,AGTTTATTTACGCAAGCAGG,0,3076038
rcsBp2,0.125,7,7,AGTTGCAAGAATCCCAATAG,0,3089246
rcsBp2,0.125,7,7,AGTTCCCAGACTTCATTGTT,0,3089273
rcsBp2,0.125,7,7,AGTTCCACGAAACTTGAGGT,0,3084787
rcsBp2,0.125,7,7,AGTGTGTGCACTTTTCTTAC,0,3119187
rcsBp2,0.125,7,7,AGTGATATGATATAATGGTG,0,3092180
rcsBp2,0.125,7,7,AGTCTTTTGTAAAGTTAGTA,0,3122649
rcsBp2,0.125,7,7,AGTCAACCTCTATATAAGTG,0,3109274
rcsBp2,0.125,7,7,AGTATGGGTCCCTACGTCAA,0,3110972
rcsBp2,0.125,7,7,AGTACTTATTACTGCGACCT,0,3110840
rcsBp2,0.125,7,7,AGGTTCGCACCTATACATTA,0,3110707
rcsBp2,0.125,7,7,AGGTGATTACTATGCATTTT,0,3089805
rcsBp2,0.125,7,7,AGGTCTGGACAGGGTATGGA,0,3079616
rcsBp2,0.125,7,7,AGGTCGTCCAAAGAACCTAT,0,3103002
rcsBp2,0.125,7,7,AGGTCGCCGGGCCATAGTAC,0,3081306
rcsBp2,0.125,7,7,AGGGTTACTCAAGTGTGGTA,0,3094641
rcsBp2,0.125,7,7,AGGGGGTCGCCTGCCCCCAG,0,3118471
rcsBp2,0.125,7,7,AGGGCACTTTAATCTCTTAG,0,3087466
rcsBp2,0.125,7,7,AGGCTTTAAGAATCACTGCG,0,3118138
rcsBp2,0.125,7,7,AGGCCAGATGCCTGCTGGTA,0,3115567
rcsBp2,0.125,7,7,AGGCCAAGTGCTCCTGATCG,0,3087929
rcsBp2,0.125,7,7,AGGCAATCTGGGCCAGGTTA,0,3096869
rcsBp2,0.125,7,7,AGGATATATTTAATCACCGA,0,3086059
rcsBp2,0.125,7,7,AGGAGTCCCCGCTTCGGTTC,0,3098936
rcsBp2,0.125,7,7,AGGAGAGGAAAGCAGCAGTG,0,3077499
rcsBp2,0.125,7,7,AGGACCGAAAACATTGTGCG,0,3099345
rcsBp2,0.125,7,7,AGCTTCTAAGTGCGATCAAC,0,3104410
rcsBp2,0.125,7,7,AGCTGTTTACGGGGCCTGAG,0,3105773
rcsBp2,0.125,7,7,AGCTACAAAATTGGTCACTT,0,3098451
rcsBp2,0.125,7,7,AGCGTGTCTTTGGAATCGAC,0,3111811
rcsBp2,0.125,7,7,AGCGGGATAATAGTGTGGGC,0,3106931
rcsBp2,0.125,7,7,AGCGAAAGTAGGTGGGCAAT,0,3093651
rcsBp2,0.125,7,7,AGCCGGTGGGCATTAGCTGA,0,3122092
rcsBp2,0.125,7,7,AGCACAAATCACAGGAGTAC,0,3085950
rcsBp2,0.125,7,7,AGCAAACACAATAAGTTATA,0,3111188
rcsBp2,0.125,7,7,AGACTGAGGCGCCGCTCATA,0,3082570
rcsBp2,0.125,7,7,AGACGTGTTTAGCTTGGCAA,0,3100477
rcsBp2,0.125,7,7,AGACCTTTCTTCAAGGAAGC,0,3098560
rcsBp2,0.125,7,7,AGACAGTATCATTTGCACTT,0,3085167
rcsBp2,0.125,7,7,AGAATGTAATGTTTGCTTAT,0,3094543
rcsBp2,0.125,7,7,AGAAATAGAGATAGATTCGT,0,3075237
rcsBp2,0.125,7,7,ACTTAACATACGAGGATCGC,0,3110951
rcsBp2,0.125,7,7,ACTCTGGTCACGATTTAGAT,0,3112311
rcsBp2,0.125,7,7,ACTCTAGTTTTTTGAGTGAG,0,3116640
rcsBp2,0.125,7,7,ACTAGGGAGACAAGAGGGCT,0,3099133
rcsBp2,0.125,7,7,ACGTCAGCCAGGGCGCTCCT,0,3086235
rcsBp2,0.125,7,7,ACGGCTCTGCGAGGCCCAGA,0,3097182
rcsBp2,0.125,7,7,ACGGACGCAGCGACGGCGGC,0,3112279
rcsBp2,0.125,7,7,ACGCGCGACACTCCTACCCA,0,3110454
rcsBp2,0.125,7,7,ACGATCGGGCGGTAACATAC,0,3116174
rcsBp2,0.125,7,7,ACGAGAGCGCCTTGAAATAG,0,3120217
rcsBp2,0.125,7,7,ACGACGGTGCTTATTTCACA,0,3117224
rcsBp2,0.125,7,7,ACCTTTCACATCAAAGCGTA,0,3085658
rcsBp2,0.125,7,7,ACCTCTAGACTCTGAGTAAA,0,3080126
rcsBp2,0.125,7,7,ACCCTTTCGTGTTGGGAGGA,0,3114387
rcsBp2,0.125,7,7,ACCATACAATCTGCAAGCCT,0,3093303
rcsBp2,0.125,7,7,ACCAGGAGCCTTACAGGGTC,0,3108830
rcsBp2,0.125,7,7,ACCAATACAAGCCACTAAAC,0,3118479
rcsBp2,0.125,7,7,ACATCGTTGGATATGAAAGG,0,3103487
rcsBp2,0.125,7,7,ACAATACTTGAGTATTTAGC,0,3111650
rcsBp2,0.125,7,7,ACAAGAAAATGGAAAGTCGC,0,3113413
rcsBp2,0.125,7,7,ACAAATGCTGGCGCGTAGGA,0,3104146
rcsBp2,0.125,7,7,ACAAAGGCTTAGCTCGACAT,0,3085449
rcsBp2,0.125,7,7,AATTATTTGGCAAAGAACGG,0,3083972
rcsBp2,0.125,7,7,AATGCGTAAACATCGCTGCG,0,3085625
rcsBp2,0.125,7,7,AATGCCTCATTCCTCGAAAC,0,3087793
rcsBp2,0.125,7,7,AATGAATCGTCGCGAAAATT,0,3089449
rcsBp2,0.125,7,7,AATCGTTTGCGTTCAAACCC,0,3082368
rcsBp2,0.125,7,7,AATCACATATCATTCGCAGT,0,3077094
rcsBp2,0.125,7,7,AATACGGAACGTAGAGCGTA,0,3119515
rcsBp2,0.125,7,7,AAGTTTGCGCTGAGCGCTAG,0,3081864
rcsBp2,0.125,7,7,AAGTCGGGGTGTACTTACGT,0,3099556
rcsBp2,0.125,7,7,AAGTATCAGTTCTATTCTTA,0,3106840
rcsBp2,0.125,7,7,AAGTAGAGCAAATGGAATAG,0,3097442
rcsBp2,0.125,7,7,AAGGTTCCGCTCTAGGGTAA,0,3075145
rcsBp2,0.125,7,7,AAGGCGGTTCCCGGTAATCT,0,3101712
rcsBp2,0.125,7,7,AAGGAACGCCCTGTCAATTG,0,3096855
rcsBp2,0.125,7,7,AAGGAAAAAGGGCACATCAT,0,3088976
rcsBp2,0.125,7,7,AAGCTTTCAGTCCCTTAACT,0,3078250
rcsBp2,0.125,7,7,AAGCGATAGACGGTCGGCTC,0,3087650
rcsBp2,0.125,7,7,AAGAGGAGGACACGTCTCAC,0,3102675
rcsBp2,0.125,7,7,AACTGGAGGCTAATCGATTG,0,3103742
rcsBp2,0.125,7,7,AACTCCCGAACGAGGTCAAA,0,3086843
rcsBp2,0.125,7,7,AACTACGAGTACACCGAGAG,0,3077214
rcsBp2,0.125,7,7,AACGTCCATAACGCAGCCGT,0,3115120
rcsBp2,0.125,7,7,AACGCTAGTCTGGAGTGCAA,0,3116621
rcsBp2,0.125,7,7,AACCGCCAGAGGGGTGATCA,0,3092805
rcsBp2,0.125,7,7,AACAGGGTCCCCTTTGCTCC,0,3074880
rcsBp2,0.125,7,7,AACAATTGGCACATTCACTG,0,3088999
rcsBp2,0.125,7,7,AACAAATAACTGAGTATCTT,0,3100304
rcsBp2,0.125,7,7,AAATTGCACGAGCCACCGAT,0,3098049
rcsBp2,0.125,7,7,AAATTATGTCTTCTTATATC,0,3075040
rcsBp2,0.125,7,7,AAATGCCGCTACGGTAAAGG,0,3107028
rcsBp2,0.125,7,7,AAATAAGATACCCCGCGAAA,0,3122323
rcsBp2,0.125,7,7,AAAGTGTTTCTTCGTGTAGG,0,3118319
rcsBp2,0.125,7,7,AAAGAACGTATTAAGTGGAC,0,3077217
rcsBp2,0.125,7,7,AAACGATATGAAGACCGTAG,0,3082004
rcsBp2,0.125,7,7,AAAAGCAAAACGATGAATAA,0,3096652
rcsBp2,0.125,7,7,AAAACTGCCGTATCCTCATT,0,3095235
rcsBp2,0.125,7,7,AAAACGGATCGTCAGCGTAA,0,3114914
rcsBp2,0.125,7,7,AAAAATATCGCACAAACAAA,0,3082092
rcsBp2,0.125,7,7,AAAAAATCGGGTTTTGGGGC,0,3110483
rcsBp2,0.14285714285714285,6,6,TTTTCGTCGGTATCGCAAAA,0,3074158
rcsBp2,0.14285714285714285,6,6,TTTTCGAGGTCGCAAAAGCA,0,3092413
rcsBp2,0.14285714285714285,6,6,TTTTCCGATCGGTATGGATA,0,3102480
rcsBp2,0.14285714285714285,6,6,TTTTAGCTGTGACAGTGAGG,0,3094454
rcsBp2,0.14285714285714285,6,6,TTTGTTTTACAAGGAAAATG,0,3111862
rcsBp2,0.14285714285714285,6,6,TTTGCTACTCCCTTTTACGG,0,3106067
rcsBp2,0.14285714285714285,6,6,TTTGCATTAAAATTGCCTGG,0,3091971
rcsBp2,0.14285714285714285,6,6,TTTGAGCGACGGCCTTGTCC,0,3084008
rcsBp2,0.14285714285714285,6,6,TTTGACGCGGTCCCATGCGG,0,3076391
rcsBp2,0.14285714285714285,6,6,TTTCTGAGGGATATTAGCTT,0,3079302
rcsBp2,0.14285714285714285,6,6,TTTCGGTGTAGAAATCCCTT,0,3074671
rcsBp2,0.14285714285714285,6,6,TTTCGCTCCCTGATTATGGG,0,3093948
rcsBp2,0.14285714285714285,6,6,TTTCATGGTCTCTTTCCTCT,0,3077756
rcsBp2,0.14285714285714285,6,6,TTTCAAGTGAGTCGTATGGG,0,3122361
rcsBp2,0.14285714285714285,6,6,TTTACGCGGAAGTTTCCATT,0,3111932
rcsBp2,0.14285714285714285,6,6,TTTACCTGCCCAAAAAACCA,0,3084744
rcsBp2,0.14285714285714285,6,6,TTTACATAATCCCGGTGCGT,0,3104441
rcsBp2,0.14285714285714285,6,6,TTTACACTGATTGAAATTCT,0,3088154
rcsBp2,0.14285714285714285,6,6,TTGGGCTCCTTAGCGAGCGG,0,3089383
rcsBp2,0.14285714285714285,6,6,TTGGCCCCATTGGCAGAGAA,0,3085076
rcsBp2,0.14285714285714285,6,6,TTGAGTACTCACTCGGAGAG,0,3116511
rcsBp2,0.14285714285714285,6,6,TTGAGAAATGGCGTTTCGGA,0,3086979
rcsBp2,0.14285714285714285,6,6,TTGAACGGACAGGGGCGACC,0,3113026
rcsBp2,0.14285714285714285,6,6,TTCTCGGAGGGACCTCGCGC,0,3084290
rcsBp2,0.14285714285714285,6,6,TTCTAGTACGTGTGTCGGCC,0,3076311
rcsBp2,0.14285714285714285,6,6,TTCTAAAGTGCGGTGAGGTA,0,3076614
rcsBp2,0.14285714285714285,6,6,TTCCCTACGGTTCGTTAGTT,0,3086756
rcsBp2,0.14285714285714285,6,6,TTCAACGTTTGTGTAAGACA,0,3085394
rcsBp2,0.14285714285714285,6,6,TTATTAGACACAAGGCACAC,0,3120967
rcsBp2,0.14285714285714285,6,6,TTATGTGTGGCTCGGGAGCG,0,3095024
rcsBp2,0.14285714285714285,6,6,TTATCAGGCCACTGATGAGT,0,3085568
rcsBp2,0.14285714285714285,6,6,TTAGTCTGCGCGTCCCCAGC,0,3094650
rcsBp2,0.14285714285714285,6,6,TTAGGTATCTCATTATGGGA,0,3119094
rcsBp2,0.14285714285714285,6,6,TTAGGGGATTTGAAACCTCT,0,3078504
rcsBp2,0.14285714285714285,6,6,TTAGGCACGAGTGTCAGAAA,0,3104634
rcsBp2,0.14285714285714285,6,6,TTAGCGACCGGGACTACGGG,0,3108921
rcsBp2,0.14285714285714285,6,6,TTAGATATACACTGCGACGT,0,3099700
rcsBp2,0.14285714285714285,6,6,TTACGTGAGTCACACCTAGT,0,3101810
rcsBp2,0.14285714285714285,6,6,TTACCTGGGTAAGCTCCACT,0,3105165
rcsBp2,0.14285714285714285,6,6,TTAATGCATATGCGATCTAT,0,3108794
rcsBp2,0.14285714285714285,6,6,TTAATACTCCGGTTAGCTGA,0,3096425
rcsBp2,0.14285714285714285,6,6,TTAAGATCGGTCTACGACAA,0,3102414
rcsBp2,0.14285714285714285,6,6,TTAACTTTGTTACGTACTCT,0,3081544
rcsBp2,0.14285714285714285,6,6,TTAAAACTCGGATATACGAG,0,3079512
rcsBp2,0.14285714285714285,6,6,TGTTGGATCATTGAGTTCCG,0,3089960
rcsBp2,0.14285714285714285,6,6,TGTTGCCATGGAATTCGAAG,0,3076282
rcsBp2,0.14285714285714285,6,6,TGTTCCGCATCTTGTGAGTT,0,3078786
rcsBp2,0.14285714285714285,6,6,TGTTATGATTAGAAACGAGA,0,3079015
rcsBp2,0.14285714285714285,6,6,TGTGTACAGTTAAAGCCGAT,0,3080377
rcsBp2,0.14285714285714285,6,6,TGTCCCCCGTAAATTCAATG,0,3088998
rcsBp2,0.14285714285714285,6,6,TGTATTGGTGGTCACAAACA,0,3081337
rcsBp2,0.14285714285714285,6,6,TGTAGTTCGGGGGGTGTAAC,0,3099965
rcsBp2,0.14285714285714285,6,6,TGTACATCACTACTCGTATT,0,3085787
rcsBp2,0.14285714285714285,6,6,TGGTGTTGGGCGAAAGTCGG,0,3086208
rcsBp2,0.14285714285714285,6,6,TGGTCTGAGCTGTCGGGTCT,0,3084190
rcsBp2,0.14285714285714285,6,6,TGGTCCCCATTAGGAACATG,0,3116401
rcsBp2,0.14285714285714285,6,6,TGGGGTTGTTGGGCTTAACT,0,3078691
rcsBp2,0.14285714285714285,6,6,TGGGGATATCCAGAATGTGG,0,3118708
rcsBp2,0.14285714285714285,6,6,TGGGCCTGTTTCCTCGGCAG,0,3120412
rcsBp2,0.14285714285714285,6,6,TGGGAAGGAAAAGTTTTCCA,0,3116878
rcsBp2,0.14285714285714285,6,6,TGGCTCGAATATACCCGGTC,0,3111819
rcsBp2,0.14285714285714285,6,6,TGGCCGCATTTTAAGGATTT,0,3084105
rcsBp2,0.14285714285714285,6,6,TGGAGGGGGAATTAGGGCGG,0,3079903
rcsBp2,0.14285714285714285,6,6,TGGACTTCGTTGATTTACTG,0,3096389
rcsBp2,0.14285714285714285,6,6,TGGACATTCGGGGAGCTACG,0,3075055
rcsBp2,0.14285714285714285,6,6,TGGACATATCGTTCCCCCAC,0,3078116
rcsBp2,0.14285714285714285,6,6,TGCTACTCTCTATACTGGGT,0,3113284
rcsBp2,0.14285714285714285,6,6,TGCGTGGGCCGTCCAAGATT,0,3105461
rcsBp2,0.14285714285714285,6,6,TGCGATATGTTGAGCGCTAC,0,3087808
rcsBp2,0.14285714285714285,6,6,TGCCTGCAAGTGGTCCGATG,0,3120677
rcsBp2,0.14285714285714285,6,6,TGCCCCGTAGCTGAATACGT,0,3081997
rcsBp2,0.14285714285714285,6,6,TGCATATACCTGTTTGTTGT,0,3100899
rcsBp2,0.14285714285714285,6,6,TGATTGCCTTGCACAACAGT,0,3095962
rcsBp2,0.14285714285714285,6,6,TGATCCCGGATGCCAAATGA,0,3121781
rcsBp2,0.14285714285714285,6,6,TGACGTCCGCAGGCGCTGTG,0,3110078
rcsBp2,0.14285714285714285,6,6,TGACGCTATGATTTCGATTG,0,3109193
rcsBp2,0.14285714285714285,6,6,TGAATTGCGCATGGGTGGTT,0,3098702
rcsBp2,0.14285714285714285,6,6,TGAATTCCTTTAAGATAGTG,0,3109801
rcsBp2,0.14285714285714285,6,6,TGAATCTGGGACTCGTAAAT,0,3117598
rcsBp2,0.14285714285714285,6,6,TGAAGAGGCACGATTAATCC,0,3102378
rcsBp2,0.14285714285714285,6,6,TGAAAGCCTTGTGCGGCTCT,0,3088150
rcsBp2,0.14285714285714285,6,6,TCTTGTCCCCAGCACGTTGA,0,3092375
rcsBp2,0.14285714285714285,6,6,TCTTGTACGCCACAATGGAG,0,3119884
rcsBp2,0.14285714285714285,6,6,TCTTATAGTGCTGCGTGGGT,0,3094500
rcsBp2,0.14285714285714285,6,6,TCTTACGTCGGGCCGGCGAA,0,3093617
rcsBp2,0.14285714285714285,6,6,TCTGCAAGTGTACAATGCGA,0,3094510
rcsBp2,0.14285714285714285,6,6,TCTGATCCAGAACCCCTTTA,0,3119268
rcsBp2,0.14285714285714285,6,6,TCTGAGAGGCACGATTGGCA,0,3119572
rcsBp2,0.14285714285714285,6,6,TCTCTGTAGATACTATATCT,0,3091560
rcsBp2,0.14285714285714285,6,6,TCTCGGACTCGGCTTCGCAT,0,3118226
rcsBp2,0.14285714285714285,6,6,TCTCCCCTAAGGGTAAGCCA,0,3122746
rcsBp2,0.14285714285714285,6,6,TCTAGTAGCTGCGGGTATTT,0,3108770
rcsBp2,0.14285714285714285,6,6,TCTAGCTTCAACTTGCAACC,0,3092677
rcsBp2,0.14285714285714285,6,6,TCGTTCCACCGGCATGTCCC,0,3110299
rcsBp2,0.14285714285714285,6,6,TCGTACCTTTCAACATGGTT,0,3109647
rcsBp2,0.14285714285714285,6,6,TCGGTGGGGTCAAGGAATTA,0,3090819
rcsBp2,0.14285714285714285,6,6,TCGGGATTAGCGTTCCCGCG,0,3120146
rcsBp2,0.14285714285714285,6,6,TCGGAACGGCATGCGCACAT,0,3104051
rcsBp2,0.14285714285714285,6,6,TCGCCTGGTATATACACTTT,0,3103343
rcsBp2,0.14285714285714285,6,6,TCGCCGTTTTAGTTTGCCAA,0,3098238
rcsBp2,0.14285714285714285,6,6,TCGCACCACTGAGTCCTCTT,0,3115738
rcsBp2,0.14285714285714285,6,6,TCGACTTTGGTAGCAATGCC,0,3102926
rcsBp2,0.14285714285714285,6,6,TCGAATGCAACGAGTATGTT,0,3099537
rcsBp2,0.14285714285714285,6,6,TCCTGCTCTATGGTTCTCGG,0,3073784
rcsBp2,0.14285714285714285,6,6,TCCTATGCCCTCCGGCTTGA,0,3122279
rcsBp2,0.14285714285714285,6,6,TCCTAATCCTGCGTCGGTGC,0,3090151
rcsBp2,0.14285714285714285,6,6,TCCGTCGCATGAAAGGGCCC,0,3078459
rcsBp2,0.14285714285714285,6,6,TCCGCCCTATAAGAACGGGC,0,3107726
rcsBp2,0.14285714285714285,6,6,TCCCAAAAGACCCGTTATTC,0,3079625
rcsBp2,0.14285714285714285,6,6,TCCATGTTCTGCACGATCCC,0,3113679
rcsBp2,0.14285714285714285,6,6,TCATTACGATGTCAAGGTCC,0,3100151
rcsBp2,0.14285714285714285,6,6,TCATAGGATACGGTAACGCA,0,3095063
rcsBp2,0.14285714285714285,6,6,TCATAAGTCGTTGGCGGTTA,0,3075724
rcsBp2,0.14285714285714285,6,6,TCAGTCCAAGCAAGCTTCAA,0,3107437
rcsBp2,0.14285714285714285,6,6,TCAGGTTAGATGAAAACGAA,0,3107515
rcsBp2,0.14285714285714285,6,6,TCAGGCCTGAGCTAGGGTTC,0,3120266
rcsBp2,0.14285714285714285,6,6,TCAGCTAATCTGGATTACAA,0,3099677
rcsBp2,0.14285714285714285,6,6,TCAGCGACACCGACATATGT,0,3123063
rcsBp2,0.14285714285714285,6,6,TCAGAATATGTACCTGTAAA,0,3093677
rcsBp2,0.14285714285714285,6,6,TATTTTGTTTACGGCAAAAT,0,3089596
rcsBp2,0.14285714285714285,6,6,TATTTATATGTCTGTAGTTT,0,3105099
rcsBp2,0.14285714285714285,6,6,TATTGCCGGGTGGTTACACC,0,3079299
rcsBp2,0.14285714285714285,6,6,TATGGCAATTACTGAGACCT,0,3077266
rcsBp2,0.14285714285714285,6,6,TATCGAAGTTGGGGCTCAAT,0,3074729
rcsBp2,0.14285714285714285,6,6,TATCCCCGCGCCCCTAATGC,0,3113878
rcsBp2,0.14285714285714285,6,6,TATCCATCATGACAATAATG,0,3093979
rcsBp2,0.14285714285714285,6,6,TATCAAAATTCTGGGGAAAT,0,3123035
rcsBp2,0.14285714285714285,6,6,TATATCTCCCCACTGGTCAA,0,3117538
rcsBp2,0.14285714285714285,6,6,TATATAATGTCGAGCTAATA,0,3094931
rcsBp2,0.14285714285714285,6,6,TAGTGGCTATCGTAGGTTCC,0,3116255
rcsBp2,0.14285714285714285,6,6,TAGGCTGGGGACGTTTGCGA,0,3101282
rcsBp2,0.14285714285714285,6,6,TAGCTTGTGTAGGTACTGTT,0,3117504
rcsBp2,0.14285714285714285,6,6,TAGCGGTTGTATGCTCTAGT,0,3086204
rcsBp2,0.14285714285714285,6,6,TAGCGCAATTAGACGCTTTT,0,3101076
rcsBp2,0.14285714285714285,6,6,TAGCCTCAGCGCTCCGGGGC,0,3112642
rcsBp2,0.14285714285714285,6,6,TAGCCTATTGGTATGAGGGG,0,3115059
rcsBp2,0.14285714285714285,6,6,TAGCCGCTTGGCCAAAATAA,0,3098852
rcsBp2,0.14285714285714285,6,6,TAGCATTAGAAATATGCAGT,0,3118561
rcsBp2,0.14285714285714285,6,6,TAGCACGGAATGGCAAGCAA,0,3086061
rcsBp2,0.14285714285714285,6,6,TAGCACCACTCCTTGGAGTA,0,3117543
rcsBp2,0.14285714285714285,6,6,TAGAGTTACCATGGCAATGG,0,3073813
rcsBp2,0.14285714285714285,6,6,TAGAGGACAACCAGGACTAA,0,3077390
rcsBp2,0.14285714285714285,6,6,TACGTGTTTGGTACTCATTT,0,3100810
rcsBp2,0.14285714285714285,6,6,TACGTCGTGCAAGGAATCGA,0,3082831
rcsBp2,0.14285714285714285,6,6,TACCTTTTGTTGGTCGAGGT,0,3116760
rcsBp2,0.14285714285714285,6,6,TACCTTAGTCTGAAACGCAA,0,3089571
rcsBp2,0.14285714285714285,6,6,TACATTCTCCCCGCGAGCAG,0,3076057
rcsBp2,0.14285714285714285,6,6,TACATGTCGATACGGCCACC,0,3105698
rcsBp2,0.14285714285714285,6,6,TACAGTGCTCGCACCGATGT,0,3113562
rcsBp2,0.14285714285714285,6,6,TACAGATTGGTTCTGCTAGG,0,3086329
rcsBp2,0.14285714285714285,6,6,TACAACACATTGAGGCCTGA,0,3082264
rcsBp2,0.14285714285714285,6,6,TAATGTAGAGCATGCGTCAT,0,3089461
rcsBp2,0.14285714285714285,6,6,TAATAGGTAAGATGCAAACA,0,3119477
rcsBp2,0.14285714285714285,6,6,TAATAAATGGGATAAATGCA,0,3107474
rcsBp2,0.14285714285714285,6,6,TAAGTCAGACGCGAGAGGCC,0,3112867
rcsBp2,0.14285714285714285,6,6,TAAGGTGCAAGTGCCTGTCC,0,3087078
rcsBp2,0.14285714285714285,6,6,TAAGATCTCAGTGAGGTGTT,0,3077290
rcsBp2,0.14285714285714285,6,6,TAACGGTGATTAAAAAATCA,0,3104255
rcsBp2,0.14285714285714285,6,6,TAACCCGAGCTTGTGTCGAG,0,3089896
rcsBp2,0.14285714285714285,6,6,TAAATCCGGCCGGCCACTTA,0,3075483
rcsBp2,0.14285714285714285,6,6,TAAATCAACAGAGGAGGATA,0,3101910
rcsBp2,0.14285714285714285,6,6,TAAAGTTCTTTAACTGGGAA,0,3111682
rcsBp2,0.14285714285714285,6,6,TAAACGGTCGGCTGGCCGAG,0,3108868
rcsBp2,0.14285714285714285,6,6,TAAAATTCCACGCGCGCTCC,0,3084866
rcsBp2,0.14285714285714285,6,6,GTTTGTCTAAATTCTTGAAA,0,3108213
rcsBp2,0.14285714285714285,6,6,GTTTATATTTGACGGCGCGA,0,3080065
rcsBp2,0.14285714285714285,6,6,GTTGGGTCCGTAACCAGTAT,0,3108389
rcsBp2,0.14285714285714285,6,6,GTTGCTGTACGCAGGGTTAT,0,3094916
rcsBp2,0.14285714285714285,6,6,GTTGCCTTTCTGACGTGGCA,0,3102853
rcsBp2,0.14285714285714285,6,6,GTTCTAGCTATCGGGGTCAA,0,3117695
rcsBp2,0.14285714285714285,6,6,GTTATATGCATAGCTTACCA,0,3101047
rcsBp2,0.14285714285714285,6,6,GTTACCTGGGTCCGGGGCTT,0,3088097
rcsBp2,0.14285714285714285,6,6,GTGTTTTAGAGTCTGTGAGG,0,3078123
rcsBp2,0.14285714285714285,6,6,GTGTGTGAGTCTCCTGAGCG,0,3076487
rcsBp2,0.14285714285714285,6,6,GTGTAGTGCTGCGGGCGTTA,0,3122858
rcsBp2,0.14285714285714285,6,6,GTGTAACTTACTTGCCGGTT,0,3077825
rcsBp2,0.14285714285714285,6,6,GTGGGAGTTTCTTAAACGGA,0,3106265
rcsBp2,0.14285714285714285,6,6,GTGGCGGTGTCGGGCCAATG,0,3110020
rcsBp2,0.14285714285714285,6,6,GTGGAAGGACGCAGTTACAA,0,3077631
rcsBp2,0.14285714285714285,6,6,GTGCTCGTCGTCGGTCCCAA,0,3076811
rcsBp2,0.14285714285714285,6,6,GTGCAGACAATCAACGGGGT,0,3084135
rcsBp2,0.14285714285714285,6,6,GTGACGTACTCCGTTCTTTT,0,3085600
rcsBp2,0.14285714285714285,6,6,GTGACAAGTGTATGTCAAAT,0,3113443
rcsBp2,0.14285714285714285,6,6,GTGAACGCGTTAACAATCCT,0,3075106
rcsBp2,0.14285714285714285,6,6,GTCTGCCTCACAGTAGCCTA,0,3088520
rcsBp2,0.14285714285714285,6,6,GTCGATTCGCCGGCGGGGGG,0,3085939
rcsBp2,0.14285714285714285,6,6,GTCATCCAGCGCGGCTATGT,0,3115223
rcsBp2,0.14285714285714285,6,6,GTCATATATGATCAATGGGA,0,3084624
rcsBp2,0.14285714285714285,6,6,GTCAGTTGTGGCTCTACTAA,0,3099339
rcsBp2,0.14285714285714285,6,6,GTCAATGCTCGTAATTACAC,0,3082689
rcsBp2,0.14285714285714285,6,6,GTCAAACATTATCCTGGGCG,0,3119970
rcsBp2,0.14285714285714285,6,6,GTATTGTCTGGCGTCATTCC,0,3077271
rcsBp2,0.14285714285714285,6,6,GTATTAAAGCAAACGTCTGC,0,3102548
rcsBp2,0.14285714285714285,6,6,GTATGCTGCCTCCCCATCGG,0,3088516
rcsBp2,0.14285714285714285,6,6,GTATCTGAGCGGGGCACGAG,0,3122668
rcsBp2,0.14285714285714285,6,6,GTATAACTGGGGCTGATCTA,0,3081918
rcsBp2,0.14285714285714285,6,6,GTAGTGCCTATTGGGTTAAC,0,3092674
rcsBp2,0.14285714285714285,6,6,GTAGCGTTGCCTCGCGATAG,0,3081113
rcsBp2,0.14285714285714285,6,6,GTAAAGGGCACGCATACCTC,0,3120731
rcsBp2,0.14285714285714285,6,6,GGTTTTCGTCCCTCGAAGCA,0,3121570
rcsBp2,0.14285714285714285,6,6,GGTTTAAATGCCTGCTGTAG,0,3097747
rcsBp2,0.14285714285714285,6,6,GGTTCCGACCCCATCAGGAC,0,3111466
rcsBp2,0.14285714285714285,6,6,GGTGTAGAATTAACGGGGGG,0,3120979
rcsBp2,0.14285714285714285,6,6,GGTGGAGTAACCGCATCTAA,0,3108757
rcsBp2,0.14285714285714285,6,6,GGTGATCATGGGTCAACATC,0,3108608
rcsBp2,0.14285714285714285,6,6,GGTCTGATTACTAAGCTTAT,0,3098314
rcsBp2,0.14285714285714285,6,6,GGTCCATGGCCCCAAGTTAA,0,3091753
rcsBp2,0.14285714285714285,6,6,GGTCCATAGGCTTCGTCGCC,0,3096728
rcsBp2,0.14285714285714285,6,6,GGTCACGTTTTACACCAGTG,0,3106543
rcsBp2,0.14285714285714285,6,6,GGTAGGAGCCGACCAGACCT,0,3092386
rcsBp2,0.14285714285714285,6,6,GGTAGCTGGCAGTGGCCGGA,0,3088210
rcsBp2,0.14285714285714285,6,6,GGGTGTACGTGCATTTAGAC,0,3085695
rcsBp2,0.14285714285714285,6,6,GGGTATTGCAATCCCTGCTG,0,3107129
rcsBp2,0.14285714285714285,6,6,GGGTATGCTACTAAGGCCCA,0,3100987
rcsBp2,0.14285714285714285,6,6,GGGTAGTTATATTCGTTATC,0,3120460
rcsBp2,0.14285714285714285,6,6,GGGGGCTCTGTTCAGCCACA,0,3089486
rcsBp2,0.14285714285714285,6,6,GGGGGCTCTGAGTGTAAAGA,0,3121843
rcsBp2,0.14285714285714285,6,6,GGGGCTTTATCTAATATGCA,0,3115916
rcsBp2,0.14285714285714285,6,6,GGGGATTACCCTAGATAAGG,0,3080068
rcsBp2,0.14285714285714285,6,6,GGGGAGATAGTGCAATCTCA,0,3108507
rcsBp2,0.14285714285714285,6,6,GGGGACGCGGGCCGGACTAA,0,3084317
rcsBp2,0.14285714285714285,6,6,GGGCGCGTTAAACTCATGGG,0,3102598
rcsBp2,0.14285714285714285,6,6,GGGCCTCTACCAAGGAGTTC,0,3097953
rcsBp2,0.14285714285714285,6,6,GGGCCGGACAGTCAGAATAA,0,3114571
rcsBp2,0.14285714285714285,6,6,GGGCCAAGCCATTTCCATAG,0,3111096
rcsBp2,0.14285714285714285,6,6,GGGCACACAACGTGCCAGAA,0,3079665
rcsBp2,0.14285714285714285,6,6,GGGAGCGCTGTAACACACTG,0,3093809
rcsBp2,0.14285714285714285,6,6,GGGACCCCTGGCTCTTATGG,0,3089049
rcsBp2,0.14285714285714285,6,6,GGGAATGAGAATGGTTGATA,0,3113363
rcsBp2,0.14285714285714285,6,6,GGGAATCTTTAGCTATACCT,0,3076482
rcsBp2,0.14285714285714285,6,6,GGCTTTTCGCAACCTGACCT,0,3113203
rcsBp2,0.14285714285714285,6,6,GGCTTCTTGGTGCTCCTTGA,0,3092518
rcsBp2,0.14285714285714285,6,6,GGCGCGTTCTGATCACGAGA,0,3077359
rcsBp2,0.14285714285714285,6,6,GGCCTGACCGATACATGAAA,0,3110638
rcsBp2,0.14285714285714285,6,6,GGCCTCCTCTCATTTGATGC,0,3086434
rcsBp2,0.14285714285714285,6,6,GGCCCTGTAGTCGTCTCCAT,0,3077873
rcsBp2,0.14285714285714285,6,6,GGCCCGTCTAGAATGTTGGC,0,3082708
rcsBp2,0.14285714285714285,6,6,GGCCCGCGTGTTATCGGGTG,0,3080014
rcsBp2,0.14285714285714285,6,6,GGCCCCGCACTTCAAGGCTG,0,3094657
rcsBp2,0.14285714285714285,6,6,GGCCCACGGGTAAAGGGATG,0,3100300
rcsBp2,0.14285714285714285,6,6,GGCCACCGGGCGGGGAAGCA,0,3085116
rcsBp2,0.14285714285714285,6,6,GGCCAATTAAGGAACTTCGA,0,3111458
rcsBp2,0.14285714285714285,6,6,GGCATATAGGTCATTCACTA,0,3086290
rcsBp2,0.14285714285714285,6,6,GGCAGAGCGCGCGGATACGT,0,3090694
rcsBp2,0.14285714285714285,6,6,GGCACTTGAAAGCTTTCGGG,0,3113727
rcsBp2,0.14285714285714285,6,6,GGCACTCAACCATACTGTTG,0,3073918
rcsBp2,0.14285714285714285,6,6,GGATGGTAGGGGGGCACGAG,0,3119892
rcsBp2,0.14285714285714285,6,6,GGATATCACCGCGTCACCTT,0,3083354
rcsBp2,0.14285714285714285,6,6,GGATACTCCAAAGTAGATTA,0,3115715
rcsBp2,0.14285714285714285,6,6,GGATACTATGACAGCCGGGG,0,3090087
rcsBp2,0.14285714285714285,6,6,GGATACACTACGTAGTTACG,0,3105409
rcsBp2,0.14285714285714285,6,6,GGAGTGCACTTTACGTGGCA,0,3112912
rcsBp2,0.14285714285714285,6,6,GGAGAAATATGCCATGCCCG,0,3090721
rcsBp2,0.14285714285714285,6,6,GGACTTAGAATCTGTGAAGA,0,3120433
rcsBp2,0.14285714285714285,6,6,GGACGAGGAGATTGATCGGA,0,3078774
rcsBp2,0.14285714285714285,6,6,GGACCCTTAACAGTTTGGTT,0,3116114
rcsBp2,0.14285714285714285,6,6,GGAATTGGTACTGTCCGTCA,0,3098784
rcsBp2,0.14285714285714285,6,6,GGAATGTCCTAAGGTACTCA,0,3091433
rcsBp2,0.14285714285714285,6,6,GGAAGGCCCGGTCCCGTTGA,0,3094643
rcsBp2,0.14285714285714285,6,6,GGAAGCTGGTGGATTTTAAA,0,3092274
rcsBp2,0.14285714285714285,6,6,GGAAATAGCGAGAGACCACT,0,3110702
rcsBp2,0.14285714285714285,6,6,GCTTTGGAGCTCTGACGCAG,0,3119184
rcsBp2,0.14285714285714285,6,6,GCTTGTGCTAACAGTGGAGC,0,3081976
rcsBp2,0.14285714285714285,6,6,GCTTCGAACGTAGATGTTTT,0,3110309
rcsBp2,0.14285714285714285,6,6,GCTTACACACCATGCTCCAA,0,3088554
rcsBp2,0.14285714285714285,6,6,GCTGTACTATGATTTTGAAG,0,3096808
rcsBp2,0.14285714285714285,6,6,GCTGGCATTCCGGGGTTCGA,0,3119601
rcsBp2,0.14285714285714285,6,6,GCTGCCGGATCGTGAATGAG,0,3077138
rcsBp2,0.14285714285714285,6,6,GCTGAGGTAACATAAACGTC,0,3096506
rcsBp2,0.14285714285714285,6,6,GCTGACAAGACCGCTTGAGT,0,3103966
rcsBp2,0.14285714285714285,6,6,GCTCTGGACATAATTTGGGA,0,3087517
rcsBp2,0.14285714285714285,6,6,GCTCCCGCGGCTTTGGAACG,0,3077559
rcsBp2,0.14285714285714285,6,6,GCTATTTAGTAAAAAGACCT,0,3084026
rcsBp2,0.14285714285714285,6,6,GCTATGAATGGCATTCTACC,0,3078456
rcsBp2,0.14285714285714285,6,6,GCTAGTCAATCGGGGCGGTG,0,3089587
rcsBp2,0.14285714285714285,6,6,GCTAGGGTACGCGGTTGGCT,0,3111273
rcsBp2,0.14285714285714285,6,6,GCTAAAGAAGCCGTGTAACC,0,3080130
rcsBp2,0.14285714285714285,6,6,GCGGGTTCCTATCTGACGGT,0,3083672
rcsBp2,0.14285714285714285,6,6,GCGGGCTAGGCCTTGGATAT,0,3103598
rcsBp2,0.14285714285714285,6,6,GCGGGACCTTTCTCAGTAGC,0,3107360
rcsBp2,0.14285714285714285,6,6,GCGGCCGTAGCTCTCAAACG,0,3085432
rcsBp2,0.14285714285714285,6,6,GCGGCAATCCTGGGTAGGAA,0,3114274
rcsBp2,0.14285714285714285,6,6,GCGCTGGGGTACCCTCGTGT,0,3074832
rcsBp2,0.14285714285714285,6,6,GCGCTCGCTAAGCGGGCAGG,0,3081017
rcsBp2,0.14285714285714285,6,6,GCGAATTGCCCGTGCGGTGG,0,3101072
rcsBp2,0.14285714285714285,6,6,GCGAACCACATAGATATTAG,0,3120305
rcsBp2,0.14285714285714285,6,6,GCCTGCTGAGGCTAGCCTGG,0,3104049
rcsBp2,0.14285714285714285,6,6,GCCTCTTGACCGTTTATCGG,0,3105509
rcsBp2,0.14285714285714285,6,6,GCATCATAAGGGCAGTCGTA,0,3079923
rcsBp2,0.14285714285714285,6,6,GCATAACAAATAGAACACCT,0,3113482
rcsBp2,0.14285714285714285,6,6,GCACTTATGAACGAGCCCCA,0,3114173
rcsBp2,0.14285714285714285,6,6,GCACCGACCGCAATGCTCTT,0,3108160
rcsBp2,0.14285714285714285,6,6,GCACACCTAGGTACTGAATG,0,3104286
rcsBp2,0.14285714285714285,6,6,GCACAAGGTAGACCCCCGGT,0,3113663
rcsBp2,0.14285714285714285,6,6,GCAATGCAACATGAGCAGAT,0,3104156
rcsBp2,0.14285714285714285,6,6,GCAAGCCGGGTTTGCGGTTA,0,3122227
rcsBp2,0.14285714285714285,6,6,GCAACGTCCTGATAACGAGT,0,3101147
rcsBp2,0.14285714285714285,6,6,GCAACCATAGCGCAGCCTAA,0,3078135
rcsBp2,0.14285714285714285,6,6,GCAAACGGTGCTTCGTGGTG,0,3110781
rcsBp2,0.14285714285714285,6,6,GCAAAATCTCCGCGTGCTTA,0,3120711
rcsBp2,0.14285714285714285,6,6,GATTTACCAGGGCCAGTGAT,0,3114694
rcsBp2,0.14285714285714285,6,6,GATTGGTCTGCCCACGTAGT,0,3116966
rcsBp2,0.14285714285714285,6,6,GATTGCAAGAGCATGATATT,0,3104070
rcsBp2,0.14285714285714285,6,6,GATTGACGGGAAGTTTCTTT,0,3078084
rcsBp2,0.14285714285714285,6,6,GATTCCTCTGGAGCCAATGT,0,3100711
rcsBp2,0.14285714285714285,6,6,GATGTTAGCGTCCGCCGGCC,0,3102660
rcsBp2,0.14285714285714285,6,6,GATCTAGTACTACATCTCAG,0,3113282
rcsBp2,0.14285714285714285,6,6,GATCGGCGTTACGTAGATAC,0,3096189
rcsBp2,0.14285714285714285,6,6,GATAGTGTAGGCGGTTCGTT,0,3083608
rcsBp2,0.14285714285714285,6,6,GATAGGATCGGATGGTGGTA,0,3087829
rcsBp2,0.14285714285714285,6,6,GATAGGACCACTAGATGTTG,0,3111421
rcsBp2,0.14285714285714285,6,6,GAGTCATGTGCTACCCTTCT,0,3082803
rcsBp2,0.14285714285714285,6,6,GAGTACGGTTGCACATCGGG,0,3091649
rcsBp2,0.14285714285714285,6,6,GAGGTCCCTTTCACGCCTCT,0,3119593
rcsBp2,0.14285714285714285,6,6,GAGGGCTATAAGCCGGAAAT,0,3083278
rcsBp2,0.14285714285714285,6,6,GAGGCGGACGCAACAGTTAC,0,3111217
rcsBp2,0.14285714285714285,6,6,GAGGCCTCACCGTTCAAGTC,0,3102432
rcsBp2,0.14285714285714285,6,6,GAGCGCGCAACCGCCCGGCA,0,3105375
rcsBp2,0.14285714285714285,6,6,GAGCCGATTCGATGGCTCCC,0,3100555
rcsBp2,0.14285714285714285,6,6,GAGATTGGGGGGCCAGGACC,0,3100706
rcsBp2,0.14285714285714285,6,6,GAGATATCTGAGAACAATCA,0,3089471
rcsBp2,0.14285714285714285,6,6,GAGAACTAGACGCCACTGAT,0,3117579
rcsBp2,0.14285714285714285,6,6,GAGAACAGAATCTGACAAGT,0,3113977
rcsBp2,0.14285714285714285,6,6,GACTTTTCATCCGCCGAACT,0,3115931
rcsBp2,0.14285714285714285,6,6,GACGGACCAAGCCAATAACT,0,3110148
rcsBp2,0.14285714285714285,6,6,GACCTTCCGACCTGTGTTCA,0,3085779
rcsBp2,0.14285714285714285,6,6,GACCATGGTGTTTTATCGAA,0,3075473
rcsBp2,0.14285714285714285,6,6,GACCACCGTCATGCAGAAAC,0,3109806
rcsBp2,0.14285714285714285,6,6,GACCAACGAGCCAGTAGATT,0,3102195
rcsBp2,0.14285714285714285,6,6,GAATTGTAAGTGCTTTGAAT,0,3075560
rcsBp2,0.14285714285714285,6,6,GAATGGCCGTAGTTAGGCGT,0,3077746
rcsBp2,0.14285714285714285,6,6,GAATAGTGCTGCAAGCGCGT,0,3101039
rcsBp2,0.14285714285714285,6,6,GAAGTTTCATCCGGGAAGCG,0,3112556
rcsBp2,0.14285714285714285,6,6,GAAGACCCTTTAAATAAGTG,0,3076701
rcsBp2,0.14285714285714285,6,6,GAACTGAGTAGTCTGTTTCA,0,3085995
rcsBp2,0.14285714285714285,6,6,GAACTAATCTTGTGTAAAGC,0,3112540
rcsBp2,0.14285714285714285,6,6,GAAAGTTCTGAACGAGGTCA,0,3105995
rcsBp2,0.14285714285714285,6,6,GAAAGGTATTTACAGGTCGC,0,3116447
rcsBp2,0.14285714285714285,6,6,CTTTCGAGATGGCTCGTCTA,0,3113502
rcsBp2,0.14285714285714285,6,6,CTTGTAGCCTGTGTCTTCTA,0,3087664
rcsBp2,0.14285714285714285,6,6,CTTATAATAGAGAAAGACTC,0,3106137
rcsBp2,0.14285714285714285,6,6,CTGTGTCAGGATGCCGCGTA,0,3082972
rcsBp2,0.14285714285714285,6,6,CTGTGTAAGGAGGCACGCGG,0,3076335
rcsBp2,0.14285714285714285,6,6,CTGGTACACGTTATGTGATA,0,3094723
rcsBp2,0.14285714285714285,6,6,CTGGGGGTTCTCCCGGCGGG,0,3120279
rcsBp2,0.14285714285714285,6,6,CTGGGGACGTAAGTGCCACG,0,3105330
rcsBp2,0.14285714285714285,6,6,CTGGACGCACGCCTATAGCA,0,3118048
rcsBp2,0.14285714285714285,6,6,CTGCGGCCCGCATTAGTGTT,0,3116510
rcsBp2,0.14285714285714285,6,6,CTGCCGATTAGACAAGAAGC,0,3093552
rcsBp2,0.14285714285714285,6,6,CTGCATCACTTTGATATCGA,0,3076049
rcsBp2,0.14285714285714285,6,6,CTGCAATCCAAGACACGGGG,0,3095896
rcsBp2,0.14285714285714285,6,6,CTGAGACCTGCTTAAGTCAA,0,3093080
rcsBp2,0.14285714285714285,6,6,CTCTTATGATGTTAGAGGCC,0,3090436
rcsBp2,0.14285714285714285,6,6,CTCTGCTCCCAGGCGCTGAA,0,3113331
rcsBp2,0.14285714285714285,6,6,CTCTGCTACAGATTATAGTG,0,3122679
rcsBp2,0.14285714285714285,6,6,CTCTATGAGGGCACCTAATA,0,3122288
rcsBp2,0.14285714285714285,6,6,CTCCTTATTAGCATTCGGTA,0,3112741
rcsBp2,0.14285714285714285,6,6,CTCATGGTGTCAGCGCGGCA,0,3109127
rcsBp2,0.14285714285714285,6,6,CTCACATACTTTTTCCATGT,0,3121844
rcsBp2,0.14285714285714285,6,6,CTATCTTGGGTGTGCTACTG,0,3087407
rcsBp2,0.14285714285714285,6,6,CTAGCTGTTCAAGCGTTGTA,0,3084061
rcsBp2,0.14285714285714285,6,6,CTAGAACCTGCTTCTAAGAG,0,3099408
rcsBp2,0.14285714285714285,6,6,CTACCGTTACGGGGAACCAA,0,3075038
rcsBp2,0.14285714285714285,6,6,CTAATCTCATTTAAAAGATA,0,3099303
rcsBp2,0.14285714285714285,6,6,CTAAGTGCACCCCGAAGGGA,0,3098678
rcsBp2,0.14285714285714285,6,6,CTAACTTTTGTAAATGCTCG,0,3083380
rcsBp2,0.14285714285714285,6,6,CTAACAGGCGTAAACATTAT,0,3075477
rcsBp2,0.14285714285714285,6,6,CGTTTAAGGCGTTCAATTGT,0,3082475
rcsBp2,0.14285714285714285,6,6,CGTTGTAACAGGGTGAAAAT,0,3109148
rcsBp2,0.14285714285714285,6,6,CGTTCCACGTATCCATTAGA,0,3088147
rcsBp2,0.14285714285714285,6,6,CGTTATGTCGGGCTGGGAAA,0,3078671
rcsBp2,0.14285714285714285,6,6,CGTTAGACTTACGCCGTTTA,0,3092162
rcsBp2,0.14285714285714285,6,6,CGTGAGCCCGTATCGGATGT,0,3082277
rcsBp2,0.14285714285714285,6,6,CGTCTGGGCGAGGCCCCTTA,0,3106866
rcsBp2,0.14285714285714285,6,6,CGTCGCGTCTACACAGTAGT,0,3091451
rcsBp2,0.14285714285714285,6,6,CGTCCGGTCGTCATGAGGGA,0,3115895
rcsBp2,0.14285714285714285,6,6,CGTAGTGTAGCAATGACGCA,0,3090380
rcsBp2,0.14285714285714285,6,6,CGTAGTCTCGTTGGTCCGGA,0,3102266
rcsBp2,0.14285714285714285,6,6,CGGTTGCCTTTCACGGCACC,0,3090695
rcsBp2,0.14285714285714285,6,6,CGGTGGTGCACACTCTAGCA,0,3106396
rcsBp2,0.14285714285714285,6,6,CGGTCCTACCCACGCTGGTA,0,3112028
rcsBp2,0.14285714285714285,6,6,CGGTAAGTTTGTTACTATGA,0,3094202
rcsBp2,0.14285714285714285,6,6,CGGGTTTGGTAGCGCTAGAA,0,3120272
rcsBp2,0.14285714285714285,6,6,CGGGTTTAAACGTGTCTCGG,0,3076086
rcsBp2,0.14285714285714285,6,6,CGGGGTCCAAATAATAACGT,0,3105737
rcsBp2,0.14285714285714285,6,6,CGGGGGCACGCGCATCCCTT,0,3102318
rcsBp2,0.14285714285714285,6,6,CGGGCCGCTGTTCGTTAATT,0,3107015
rcsBp2,0.14285714285714285,6,6,CGGCCGGTTATCCAGGCTGC,0,3093670
rcsBp2,0.14285714285714285,6,6,CGGCCCTCCTCTTGGTCCAG,0,3085268
rcsBp2,0.14285714285714285,6,6,CGGCCACCCTTGAGGCCCTT,0,3105304
rcsBp2,0.14285714285714285,6,6,CGGAGTTAGGCATTCCATTA,0,3085028
rcsBp2,0.14285714285714285,6,6,CGGACTGCCGTCGGTGGAAC,0,3111383
rcsBp2,0.14285714285714285,6,6,CGGACCCCACTACAGCCGTG,0,3100124
rcsBp2,0.14285714285714285,6,6,CGGAACATTTTCTCTTATGC,0,3088659
rcsBp2,0.14285714285714285,6,6,CGGAAAGGGCCAGTCCTAGC,0,3120439
rcsBp2,0.14285714285714285,6,6,CGGAAAAAATAAATGGCCCA,0,3086718
rcsBp2,0.14285714285714285,6,6,CGCTCTGGCACTTACGGCCG,0,3089602
rcsBp2,0.14285714285714285,6,6,CGCGTTTACACTAAAGAGTT,0,3103005
rcsBp2,0.14285714285714285,6,6,CGCGTCACATCAGTATGTGG,0,3084551
rcsBp2,0.14285714285714285,6,6,CGCGGGGTAAGACGGCTTCA,0,3101086
rcsBp2,0.14285714285714285,6,6,CGCGGGCAACTCCGTCACTT,0,3120859
rcsBp2,0.14285714285714285,6,6,CGCCAGAAGCATTCGAAATC,0,3094534
rcsBp2,0.14285714285714285,6,6,CGCATGAGTAGGGTTGGGCA,0,3078555
rcsBp2,0.14285714285714285,6,6,CGCAAATCCAATTCGCCATA,0,3077668
rcsBp2,0.14285714285714285,6,6,CGATGAGATTCTGTAGTAGT,0,3083449
rcsBp2,0.14285714285714285,6,6,CGATCCCATCTTTGTTAAGT,0,3089272
rcsBp2,0.14285714285714285,6,6,CGATCCACCCCTGTTTTTCA,0,3076911
rcsBp2,0.14285714285714285,6,6,CGATACGTTTTAGGGCTAAA,0,3109185
rcsBp2,0.14285714285714285,6,6,CGATACCGACCGGAAAATCG,0,3093980
rcsBp2,0.14285714285714285,6,6,CGATAAGGACACTTACTCAT,0,3107794
rcsBp2,0.14285714285714285,6,6,CGACTTGCACTCACTCCCAG,0,3087343
rcsBp2,0.14285714285714285,6,6,CGACTCTTTACACTGCTAGG,0,3074339
rcsBp2,0.14285714285714285,6,6,CGACGTGTCCTAGACCCTCT,0,3113197
rcsBp2,0.14285714285714285,6,6,CGACGCATAAACGTTCAAAA,0,3111894
rcsBp2,0.14285714285714285,6,6,CGACGAACGCTTCGTGACGT,0,3090362
rcsBp2,0.14285714285714285,6,6,CGAAAAATGTTGCGGCTAAC,0,3117458
rcsBp2,0.14285714285714285,6,6,CCTTCAATTGTTTATGCGTG,0,3074052
rcsBp2,0.14285714285714285,6,6,CCTTACACTGGCGTTCCGAC,0,3120246
rcsBp2,0.14285714285714285,6,6,CCTGATATATCGGAGAGTAC,0,3115613
rcsBp2,0.14285714285714285,6,6,CCTCGTCTTGAGAGAGGCGG,0,3118274
rcsBp2,0.14285714285714285,6,6,CCTCGCGTATTATTGACCAT,0,3094904
rcsBp2,0.14285714285714285,6,6,CCTATGCTGGCGTTATACGC,0,3083111
rcsBp2,0.14285714285714285,6,6,CCTAACGGTAAGCGGGTGTA,0,3085149
rcsBp2,0.14285714285714285,6,6,CCGTTTTAGAGTTTAAAGAG,0,3096468
rcsBp2,0.14285714285714285,6,6,CCGTTACAAGCAGAGGATTC,0,3117727
rcsBp2,0.14285714285714285,6,6,CCGTGAACAGTGAGTGGACG,0,3075498
rcsBp2,0.14285714285714285,6,6,CCGTGAAACGCTTAGGAATG,0,3096680
rcsBp2,0.14285714285714285,6,6,CCGTCTCCCTACGAAGCCGA,0,3092519
rcsBp2,0.14285714285714285,6,6,CCGTCTCCACTCAACATTTC,0,3099514
rcsBp2,0.14285714285714285,6,6,CCGTAGTTCTGTTAGTGGTT,0,3121442
rcsBp2,0.14285714285714285,6,6,CCGGCGAGGACGCTTTGCTT,0,3098270
rcsBp2,0.14285714285714285,6,6,CCGGACCTGAGAAACTGATA,0,3093661
rcsBp2,0.14285714285714285,6,6,CCGGAAGCTAACGTAGCGAT,0,3091217
rcsBp2,0.14285714285714285,6,6,CCGGAACCCACCATGTCGGA,0,3075196
rcsBp2,0.14285714285714285,6,6,CCGCGTTGTGTGAATATGTG,0,3118198
rcsBp2,0.14285714285714285,6,6,CCGCAAGGTTGTTGGGTAGG,0,3082169
rcsBp2,0.14285714285714285,6,6,CCGATAAACAGCCGAATCGG,0,3120400
rcsBp2,0.14285714285714285,6,6,CCCTTGATTATCATACTCCC,0,3121954
rcsBp2,0.14285714285714285,6,6,CCCTGTGTTCCGACACCATG,0,3120127
rcsBp2,0.14285714285714285,6,6,CCCTGGCTGGGGCACAGCAT,0,3083678
rcsBp2,0.14285714285714285,6,6,CCCTGATTTACGCTTGACAG,0,3076428
rcsBp2,0.14285714285714285,6,6,CCCTAAACCCCGGTGTTCGC,0,3120401
rcsBp2,0.14285714285714285,6,6,CCCGGGGAAGCGTGGACCGA,0,3087806
rcsBp2,0.14285714285714285,6,6,CCCGCAGCATATAATGCCGC,0,3074719
rcsBp2,0.14285714285714285,6,6,CCCGACACAGGGTACTAAGC,0,3114801
rcsBp2,0.14285714285714285,6,6,CCCCGGGTTTGAAGGGGATC,0,3109487
rcsBp2,0.14285714285714285,6,6,CCCCGCGCATACAGCGACGA,0,3103980
rcsBp2,0.14285714285714285,6,6,CCCATGACATCAGGGAATAT,0,3113183
rcsBp2,0.14285714285714285,6,6,CCATTGATGACTGGGTGCGT,0,3093463
rcsBp2,0.14285714285714285,6,6,CCATGAAACTTCGGTCAAAA,0,3079909
rcsBp2,0.14285714285714285,6,6,CCATCAGCAGGCGTGCGGTT,0,3098383
rcsBp2,0.14285714285714285,6,6,CCATATAATCCTTCCAGGCC,0,3084327
rcsBp2,0.14285714285714285,6,6,CCAGTATGAGAATGCAAATT,0,3102866
rcsBp2,0.14285714285714285,6,6,CCAGCCACTTGTGGGGCCGC,0,3100265
rcsBp2,0.14285714285714285,6,6,CCAGAGTAAGATACGAGTTC,0,3110964
rcsBp2,0.14285714285714285,6,6,CCACTCGGACATGCTACTCT,0,3078490
rcsBp2,0.14285714285714285,6,6,CCACTAACACGGTTGATTTT,0,3099993
rcsBp2,0.14285714285714285,6,6,CCACGCGCCTTGAGGGAATT,0,3093056
rcsBp2,0.14285714285714285,6,6,CCACCCCGGGAACACAGCTC,0,3096771
rcsBp2,0.14285714285714285,6,6,CCACAAACAGCACATCATTC,0,3078088
rcsBp2,0.14285714285714285,6,6,CCAATTCAGAAAGATGGGTT,0,3091389
rcsBp2,0.14285714285714285,6,6,CCAACATTGTCCAGGCTAGC,0,3096340
rcsBp2,0.14285714285714285,6,6,CATTGGTTCAAAAGCTTTTA,0,3079832
rcsBp2,0.14285714285714285,6,6,CATTCCATGTTGCACGTCCT,0,3076974
rcsBp2,0.14285714285714285,6,6,CATTACTTGTCGTGCCACAT,0,3105849
rcsBp2,0.14285714285714285,6,6,CATTAAAGGCCTATATTTCT,0,3116345
rcsBp2,0.14285714285714285,6,6,CATGGTCGTAAGGAAACTCG,0,3109770
rcsBp2,0.14285714285714285,6,6,CATGGGTCAACTTTAGTTAC,0,3091840
rcsBp2,0.14285714285714285,6,6,CATGGCACTCTGCACTGTAC,0,3088285
rcsBp2,0.14285714285714285,6,6,CATCAGCAGTTGTGAAAAAC,0,3103884
rcsBp2,0.14285714285714285,6,6,CATCACCCCACCACAGCGCA,0,3106468
rcsBp2,0.14285714285714285,6,6,CATACTACACCAGCCAAGGA,0,3114218
rcsBp2,0.14285714285714285,6,6,CATAAGGAAGTCAGTAGATC,0,3092669
rcsBp2,0.14285714285714285,6,6,CAGTTTGATGCCGAAGTGTT,0,3078167
rcsBp2,0.14285714285714285,6,6,CAGTGGCCCTCGAAGAGAAT,0,3079753
rcsBp2,0.14285714285714285,6,6,CAGTCTCATTCAGGAGGAAT,0,3117955
rcsBp2,0.14285714285714285,6,6,CAGTAGGTGACCGTTTTGCT,0,3092560
rcsBp2,0.14285714285714285,6,6,CAGTAGATCCTAGCCCACAT,0,3082732
rcsBp2,0.14285714285714285,6,6,CAGGGTGCTCAAGCAAGACC,0,3074710
rcsBp2,0.14285714285714285,6,6,CAGCGTCTCCGTAGGTATAT,0,3110270
rcsBp2,0.14285714285714285,6,6,CAGCCATGCTGGACTCGACA,0,3075491
rcsBp2,0.14285714285714285,6,6,CAGCCACGTCAAACCGTTAC,0,3086515
rcsBp2,0.14285714285714285,6,6,CAGAGAAAGCACCCGTAACC,0,3102038
rcsBp2,0.14285714285714285,6,6,CAGAATGTGTGAACATTGGA,0,3113001
rcsBp2,0.14285714285714285,6,6,CACTGCTAACGCCAGCAATC,0,3110209
rcsBp2,0.14285714285714285,6,6,CACTCGACCGGATTCGGATC,0,3097234
rcsBp2,0.14285714285714285,6,6,CACGTTAAGCGGGGGGGTGC,0,3094096
rcsBp2,0.14285714285714285,6,6,CACGTGTCCCGGGCTTCGGT,0,3075432
rcsBp2,0.14285714285714285,6,6,CACGTCTCGAACGACCATTT,0,3078621
rcsBp2,0.14285714285714285,6,6,CACGTCATAGCCCGGGAGTA,0,3101620
rcsBp2,0.14285714285714285,6,6,CACCTTAGACCGAATGGGGT,0,3108198
rcsBp2,0.14285714285714285,6,6,CACCGGAATTTATCATCGTT,0,3094577
rcsBp2,0.14285714285714285,6,6,CACCCGGTTATCGATCGGAC,0,3093940
rcsBp2,0.14285714285714285,6,6,CACCAGAGCTATTGGCAACA,0,3112179
rcsBp2,0.14285714285714285,6,6,CACATCATACCGGATCGGCC,0,3079671
rcsBp2,0.14285714285714285,6,6,CACAGATTCACTCGACGTGA,0,3089608
rcsBp2,0.14285714285714285,6,6,CACAGACAGGGTGCACATTG,0,3108902
rcsBp2,0.14285714285714285,6,6,CAATTTTCGCAACCTTTGTG,0,3116194
rcsBp2,0.14285714285714285,6,6,CAATCTGGGCGCAGTGGCGT,0,3086494
rcsBp2,0.14285714285714285,6,6,CAAGTGTCGGCAAGAGCTCG,0,3093048
rcsBp2,0.14285714285714285,6,6,CAAGTCTATCGAATGCGAGA,0,3079417
rcsBp2,0.14285714285714285,6,6,CAAGGGTGGGTCTCTAAGCA,0,3080035
rcsBp2,0.14285714285714285,6,6,CAAGCTAAGAATTGCCCTTA,0,3088748
rcsBp2,0.14285714285714285,6,6,CAAGCGTGCGGTCACTTCAG,0,3121611
rcsBp2,0.14285714285714285,6,6,CAAGAGTGAGGGTCCAGGGG,0,3097425
rcsBp2,0.14285714285714285,6,6,CAACTTGCTCACTTCCGACT,0,3074161
rcsBp2,0.14285714285714285,6,6,CAACGTACATGTGATTCAGA,0,3092328
rcsBp2,0.14285714285714285,6,6,CAACGATTAAGGTCCTCGGA,0,3095380
rcsBp2,0.14285714285714285,6,6,CAAATTGCTGGTCCGCAATA,0,3074141
rcsBp2,0.14285714285714285,6,6,CAAAGGCATGATGAATTATT,0,3116491
rcsBp2,0.14285714285714285,6,6,ATTTTTTGACACGATTACGT,0,3092266
rcsBp2,0.14285714285714285,6,6,ATTTGTTGTGTGAGCAACAT,0,3110304
rcsBp2,0.14285714285714285,6,6,ATTTGACGCATTGAGCTAAG,0,3097910
rcsBp2,0.14285714285714285,6,6,ATTTCAAGCGGCACTTTATA,0,3116713
rcsBp2,0.14285714285714285,6,6,ATTTATGCACTGCCACCTTC,0,3099071
rcsBp2,0.14285714285714285,6,6,ATTTACTTGTTCAATCCGAC,0,3087697
rcsBp2,0.14285714285714285,6,6,ATTGGAGATGCTAAGTAGAT,0,3075507
rcsBp2,0.14285714285714285,6,6,ATTGCCAACAGATATGCTCA,0,3080524
rcsBp2,0.14285714285714285,6,6,ATTGAGCCGTCAATGTTAGT,0,3108371
rcsBp2,0.14285714285714285,6,6,ATTGAAGCTACCGCCTGTTA,0,3117823
rcsBp2,0.14285714285714285,6,6,ATTCGTAAAAGTTAGACCTG,0,3108299
rcsBp2,0.14285714285714285,6,6,ATTCGGCTTCAGGCCGTTGT,0,3094143
rcsBp2,0.14285714285714285,6,6,ATTCGGCACACTAACTGGTG,0,3092080
rcsBp2,0.14285714285714285,6,6,ATTCGCTCGGGTTTCGAGTC,0,3120513
rcsBp2,0.14285714285714285,6,6,ATTCAAGTATAACTGTATCT,0,3106583
rcsBp2,0.14285714285714285,6,6,ATTATGCATACCTGAGTTAG,0,3100691
rcsBp2,0.14285714285714285,6,6,ATTACGTAAGTGGTCTGCGA,0,3079606
rcsBp2,0.14285714285714285,6,6,ATGTGTACGTCTCTGGGCCT,0,3074660
rcsBp2,0.14285714285714285,6,6,ATGTGAAGTGCGGTACAGGT,0,3091522
rcsBp2,0.14285714285714285,6,6,ATGTCGAATTGAGGTAAGTG,0,3086953
rcsBp2,0.14285714285714285,6,6,ATGGTTCATCCGGCGTGCGC,0,3099946
rcsBp2,0.14285714285714285,6,6,ATGGTGGGCGAAAGAGGCCA,0,3090800
rcsBp2,0.14285714285714285,6,6,ATGGTGCACATAAGCGGGGG,0,3120968
rcsBp2,0.14285714285714285,6,6,ATGGGTGATCTAGGGTTCAG,0,3101150
rcsBp2,0.14285714285714285,6,6,ATGGAAAGTTATGTACAAGA,0,3080078
rcsBp2,0.14285714285714285,6,6,ATGATGGGCATAAAGCGATA,0,3121617
rcsBp2,0.14285714285714285,6,6,ATGATAACTCATAGATTGCC,0,3096872
rcsBp2,0.14285714285714285,6,6,ATGAGTCAATTACGTTGTGC,0,3076917
rcsBp2,0.14285714285714285,6,6,ATGAAGGAAATTCAATGCAA,0,3102749
rcsBp2,0.14285714285714285,6,6,ATCTCATTGCTGGGAAAATC,0,3096776
rcsBp2,0.14285714285714285,6,6,ATCGGTAAGTAGAGTAAATT,0,3100616
rcsBp2,0.14285714285714285,6,6,ATCCTCTTATCCGTAATTTT,0,3077012
rcsBp2,0.14285714285714285,6,6,ATCCGTGGCACACGCGTACT,0,3094948
rcsBp2,0.14285714285714285,6,6,ATCCCCACACGTGAATAAGT,0,3106114
rcsBp2,0.14285714285714285,6,6,ATCACAGGATGGTCTATTCT,0,3119455
rcsBp2,0.14285714285714285,6,6,ATATTCTGTGGGCCCTATTT,0,3073992
rcsBp2,0.14285714285714285,6,6,ATATAGTCCGCTTTTGACAC,0,3102338
rcsBp2,0.14285714285714285,6,6,ATATACCTAGCATACCGAAG,0,3089599
rcsBp2,0.14285714285714285,6,6,ATAGTGTCATTTTCCTTGGG,0,3113236
rcsBp2,0.14285714285714285,6,6,ATAGGGAATTTCATAGGCAG,0,3097194
rcsBp2,0.14285714285714285,6,6,ATAGGCTCATTTTTGAGTTA,0,3079737
rcsBp2,0.14285714285714285,6,6,ATAGACACGTGTAAAACGTG,0,3091678
rcsBp2,0.14285714285714285,6,6,ATACTCCGCTGCATTAGAGC,0,3094724
rcsBp2,0.14285714285714285,6,6,ATACCAAGCGGTCCAATGCT,0,3079393
rcsBp2,0.14285714285714285,6,6,ATACATAGATAAGCAAGGCG,0,3074287
rcsBp2,0.14285714285714285,6,6,ATACAACTCGGGCCAGGGTG,0,3094495
rcsBp2,0.14285714285714285,6,6,ATAACGGGCCTCGGAATGAG,0,3088279
rcsBp2,0.14285714285714285,6,6,ATAAAGGCAATGGACACGCA,0,3077086
rcsBp2,0.14285714285714285,6,6,ATAAACAGTTAGTTTGATCT,0,3092929
rcsBp2,0.14285714285714285,6,6,AGTTTTCTCCCCGACACTTG,0,3088492
rcsBp2,0.14285714285714285,6,6,AGTTAAAGCGCTGGTCCCCT,0,3082573
rcsBp2,0.14285714285714285,6,6,AGTGTAGTGTGGGCCGGAAT,0,3091475
rcsBp2,0.14285714285714285,6,6,AGTCTTCAAAATTGTCCTAG,0,3104865
rcsBp2,0.14285714285714285,6,6,AGTCTTATATCCTGAGTACG,0,3102755
rcsBp2,0.14285714285714285,6,6,AGTCGCCTCTTTAAATAGGA,0,3079615
rcsBp2,0.14285714285714285,6,6,AGTCCTATAGCTAGTTCAGC,0,3081103
rcsBp2,0.14285714285714285,6,6,AGTCCTAGGACTGTGAGGAG,0,3097230
rcsBp2,0.14285714285714285,6,6,AGGTCGAATCTTCATATGGG,0,3086013
rcsBp2,0.14285714285714285,6,6,AGGTCAGGAATTTTTTCCTT,0,3091687
rcsBp2,0.14285714285714285,6,6,AGGGTGTTTACGCTCGCGGA,0,3104751
rcsBp2,0.14285714285714285,6,6,AGGGTGCTAACTTCTTACAA,0,3111923
rcsBp2,0.14285714285714285,6,6,AGGCGCATCAACCCTATACT,0,3114471
rcsBp2,0.14285714285714285,6,6,AGGCCCAAATTCCTTCTATA,0,3110536
rcsBp2,0.14285714285714285,6,6,AGGCAGCTTTCTGATCAGTG,0,3120438
rcsBp2,0.14285714285714285,6,6,AGGCAATTGAGCCCGTAACG,0,3082155
rcsBp2,0.14285714285714285,6,6,AGGATTCCGCCGTTCTTAAT,0,3111288
rcsBp2,0.14285714285714285,6,6,AGGACGTGTGTAGCTTGTGC,0,3100793
rcsBp2,0.14285714285714285,6,6,AGGACATTAGAGGTATCCCC,0,3112390
rcsBp2,0.14285714285714285,6,6,AGGAATATTTTCATGGCTGG,0,3094779
rcsBp2,0.14285714285714285,6,6,AGCTTGTCTGTTAAAAACAG,0,3096396
rcsBp2,0.14285714285714285,6,6,AGCTTGGACACAGCGGGGTG,0,3087574
rcsBp2,0.14285714285714285,6,6,AGCTTCCGGTCCGGGAACTC,0,3093081
rcsBp2,0.14285714285714285,6,6,AGCTGGTAGACCCGAAGCGT,0,3075484
rcsBp2,0.14285714285714285,6,6,AGCTGGATCCAAATACTGGC,0,3096317
rcsBp2,0.14285714285714285,6,6,AGCGTTTGGGTTCACAGTGG,0,3088350
rcsBp2,0.14285714285714285,6,6,AGCGGCCAGGTCGTTATCCC,0,3111408
rcsBp2,0.14285714285714285,6,6,AGCGCCTCAAGGAGGATGGA,0,3077727
rcsBp2,0.14285714285714285,6,6,AGCGACTTCTAACACGGCGG,0,3117126
rcsBp2,0.14285714285714285,6,6,AGCCTCCCACGACGTGACGG,0,3086384
rcsBp2,0.14285714285714285,6,6,AGCCTAAGATAGCGGAATCT,0,3079256
rcsBp2,0.14285714285714285,6,6,AGCCCTCGCTGGACGCTTGC,0,3088218
rcsBp2,0.14285714285714285,6,6,AGCCAAGATTTAGGGAAACC,0,3077268
rcsBp2,0.14285714285714285,6,6,AGCATCGCTTCGGCCGATCT,0,3114572
rcsBp2,0.14285714285714285,6,6,AGATGCCAGGCCGAGTTGGG,0,3099068
rcsBp2,0.14285714285714285,6,6,AGATCGTCATCGGGGTTCGT,0,3090686
rcsBp2,0.14285714285714285,6,6,AGATCGAGTGTTGAAGAGGG,0,3094208
rcsBp2,0.14285714285714285,6,6,AGATCAAGGTGGTTGCATAT,0,3074357
rcsBp2,0.14285714285714285,6,6,AGATATCGTATTCGTATGGC,0,3090312
rcsBp2,0.14285714285714285,6,6,AGAGTTACTTTGCTTGGGAC,0,3100550
rcsBp2,0.14285714285714285,6,6,AGAGGTGTAGCCCATTTTTA,0,3077671
rcsBp2,0.14285714285714285,6,6,AGAGCCAGTGAAAGGGAGAA,0,3092880
rcsBp2,0.14285714285714285,6,6,AGACTTTGGATGTGGCCAGT,0,3087776
rcsBp2,0.14285714285714285,6,6,AGACATCTTCCAAAGGAGAC,0,3090751
rcsBp2,0.14285714285714285,6,6,AGACAGCCAAGCGACACGTG,0,3090359
rcsBp2,0.14285714285714285,6,6,AGAATCTCACCTTTCTTTTG,0,3110850
rcsBp2,0.14285714285714285,6,6,AGAAACTTATAGATACAAAT,0,3084974
rcsBp2,0.14285714285714285,6,6,AGAAACTAAGGTATGTCTAG,0,3122033
rcsBp2,0.14285714285714285,6,6,ACTTTTAGGGGAGGACTGTT,0,3111455
rcsBp2,0.14285714285714285,6,6,ACTTATATGTTTACCGGCAT,0,3094168
rcsBp2,0.14285714285714285,6,6,ACTGCCATCAAGGCATATGG,0,3075995
rcsBp2,0.14285714285714285,6,6,ACTGAGAAGGTCACATACGT,0,3095255
rcsBp2,0.14285714285714285,6,6,ACTCGTCGCATCCGTACCAG,0,3109006
rcsBp2,0.14285714285714285,6,6,ACTAGAGGCTCAAGCACATG,0,3084770
rcsBp2,0.14285714285714285,6,6,ACTACGTCCACATGTGAGAC,0,3110105
rcsBp2,0.14285714285714285,6,6,ACTAAGTGGAGACCTTCGCG,0,3083993
rcsBp2,0.14285714285714285,6,6,ACGTAGTTGGGCATGACAAA,0,3085826
rcsBp2,0.14285714285714285,6,6,ACGGGGTGGTAACCTACACT,0,3083341
rcsBp2,0.14285714285714285,6,6,ACGGCTGGTAAACCCGTTGG,0,3077724
rcsBp2,0.14285714285714285,6,6,ACGGCGCGTGCGATCCATAT,0,3104457
rcsBp2,0.14285714285714285,6,6,ACGGCCAGACACTTATACAG,0,3092687
rcsBp2,0.14285714285714285,6,6,ACGCTCGAACACCGACCGCG,0,3120539
rcsBp2,0.14285714285714285,6,6,ACGCCTATTTCTGGTCTCCG,0,3080925
rcsBp2,0.14285714285714285,6,6,ACCCTCGTTAATGCAATCCA,0,3114672
rcsBp2,0.14285714285714285,6,6,ACCCACTACTGCAACTGCAT,0,3101722
rcsBp2,0.14285714285714285,6,6,ACCATTAAAAGAGGCCCGGT,0,3105432
rcsBp2,0.14285714285714285,6,6,ACCAGGACACTACGGTCCCA,0,3085497
rcsBp2,0.14285714285714285,6,6,ACCACTGGTAAGATACGGAG,0,3118162
rcsBp2,0.14285714285714285,6,6,ACCAAACGCTCGCTCACCTG,0,3092455
rcsBp2,0.14285714285714285,6,6,ACATGGGTGTCTAGCGGTTA,0,3113059
rcsBp2,0.14285714285714285,6,6,ACATCACGTGGTTCCCCGGG,0,3100439
rcsBp2,0.14285714285714285,6,6,ACAGTCCCCGGCTGGTGTGT,0,3083454
rcsBp2,0.14285714285714285,6,6,ACAGGCTGGGCAACCGGCTG,0,3115755
rcsBp2,0.14285714285714285,6,6,ACAATATGTCCAAAGGTTGG,0,3104444
rcsBp2,0.14285714285714285,6,6,ACAAGAGGTTGGACACTGGC,0,3094057
rcsBp2,0.14285714285714285,6,6,ACAAGAGGACGGGAGTATAA,0,3120449
rcsBp2,0.14285714285714285,6,6,AATGTGAATTGGGAATCGAG,0,3098569
rcsBp2,0.14285714285714285,6,6,AATGGAAGCGAGATATATTA,0,3079067
rcsBp2,0.14285714285714285,6,6,AATGAGAGGTAAACCGGCCT,0,3093533
rcsBp2,0.14285714285714285,6,6,AATCATCCAGCTACAGAGCT,0,3092218
rcsBp2,0.14285714285714285,6,6,AATCAGGAAGTCAGAGCAAA,0,3089732
rcsBp2,0.14285714285714285,6,6,AATATAGGCCCGGAAAGCAT,0,3102222
rcsBp2,0.14285714285714285,6,6,AATAGTGCAATAGATGTAAA,0,3106810
rcsBp2,0.14285714285714285,6,6,AATAGTAAACAGCACGTACT,0,3093743
rcsBp2,0.14285714285714285,6,6,AATAGCTTGAGATTGTGGGA,0,3109726
rcsBp2,0.14285714285714285,6,6,AATAAAGGTTGGTTAGATGC,0,3079582
rcsBp2,0.14285714285714285,6,6,AAGTCACAAGGGATATAAGG,0,3098085
rcsBp2,0.14285714285714285,6,6,AAGTAGAGGACCAATACGGC,0,3095101
rcsBp2,0.14285714285714285,6,6,AAGGTAGATCATGGCGCTTC,0,3087604
rcsBp2,0.14285714285714285,6,6,AAGGAGATCGTATTGCCTCG,0,3107531
rcsBp2,0.14285714285714285,6,6,AAGATCGATCGTATATCCTG,0,3089438
rcsBp2,0.14285714285714285,6,6,AAGAGGTGCATGAATGACAT,0,3083806
rcsBp2,0.14285714285714285,6,6,AACTTTTGTGGGCTCCAAAG,0,3111144
rcsBp2,0.14285714285714285,6,6,AACTGTTAATCCGTCGTCAC,0,3087983
rcsBp2,0.14285714285714285,6,6,AACGTCGTCATGGTCAAAAA,0,3084759
rcsBp2,0.14285714285714285,6,6,AACGTCACATTTGAGGCGGT,0,3104163
rcsBp2,0.14285714285714285,6,6,AACGGTTACATAAGCAATTG,0,3104592
rcsBp2,0.14285714285714285,6,6,AACGACCCAGATGGCCACGT,0,3116109
rcsBp2,0.14285714285714285,6,6,AACCGACGGTACACGGAATA,0,3077469
rcsBp2,0.14285714285714285,6,6,AACCCTCGATAAGTTTAGAG,0,3116984
rcsBp2,0.14285714285714285,6,6,AACCCTAGCAGCCGCGGTGT,0,3097141
rcsBp2,0.14285714285714285,6,6,AACATGCCTGCTCTACAGAA,0,3103193
rcsBp2,0.14285714285714285,6,6,AACAACAGCTGGACCGTACT,0,3104851
rcsBp2,0.14285714285714285,6,6,AAACTTTTCACCTATAGAGA,0,3119484
rcsBp2,0.14285714285714285,6,6,AAACCTATGTTTAGGGTGAT,0,3087760
rcsBp2,0.14285714285714285,6,6,AAAAGAATCTGGCCAATTTC,0,3085791
rcsBp2,0.14285714285714285,6,6,AAAAAGATTAATTGTAACGG,0,3111772
rcsBp2,0.16666666666666666,5,5,TTTTCTTGCACAAGCTAAAA,0,3099972
rcsBp2,0.16666666666666666,5,5,TTTTCCATTACTCTAACAAA,0,3097758
rcsBp2,0.16666666666666666,5,5,TTTTATTTCTGGCATAACTC,0,3123059
rcsBp2,0.16666666666666666,5,5,TTTTAGCATATTCATCTTCT,0,3119186
rcsBp2,0.16666666666666666,5,5,TTTGGCGCCTCTTGCACGAC,0,3102659
rcsBp2,0.16666666666666666,5,5,TTTCTCGGAGGAGCGGAATC,0,3086263
rcsBp2,0.16666666666666666,5,5,TTTCCCCCGCCCCCTCGCTG,0,3094308
rcsBp2,0.16666666666666666,5,5,TTTACTGTGTCAAAGACACT,0,3112542
rcsBp2,0.16666666666666666,5,5,TTTAATCTCTTTTCCTCTAG,0,3081790
rcsBp2,0.16666666666666666,5,5,TTTAATCTCACAGGCGAACC,0,3112734
rcsBp2,0.16666666666666666,5,5,TTGTCTATCAACCCGAAATG,0,3114803
rcsBp2,0.16666666666666666,5,5,TTGGCGTGGGCGTTCGTACT,0,3109652
rcsBp2,0.16666666666666666,5,5,TTGGACAGGCCGGAGGACCT,0,3116229
rcsBp2,0.16666666666666666,5,5,TTGCTCGAAGCTCCACGCTT,0,3101669
rcsBp2,0.16666666666666666,5,5,TTGCGTCATAATCGCGTGTT,0,3089557
rcsBp2,0.16666666666666666,5,5,TTGATCCAGTACCTGTATAA,0,3112045
rcsBp2,0.16666666666666666,5,5,TTGACTAATATGCTGAGGAT,0,3086766
rcsBp2,0.16666666666666666,5,5,TTGAAGTTTTCGGCTGATGA,0,3098234
rcsBp2,0.16666666666666666,5,5,TTCTGTCTCGTCATCGGAGC,0,3074407
rcsBp2,0.16666666666666666,5,5,TTCTGGTGCCCTTTACCAAG,0,3080117
rcsBp2,0.16666666666666666,5,5,TTCTGGGTCTTTGTTACCGG,0,3120118
rcsBp2,0.16666666666666666,5,5,TTCTGACACATCGGTCGAGT,0,3112730
rcsBp2,0.16666666666666666,5,5,TTCGAGGATAGTACTCTCTA,0,3116002
rcsBp2,0.16666666666666666,5,5,TTCGACGGATGATCCCGGAT,0,3086333
rcsBp2,0.16666666666666666,5,5,TTCGACCTCGGTTCCTTAAA,0,3120309
rcsBp2,0.16666666666666666,5,5,TTCCGTGGTCGTCTCATATC,0,3109611
rcsBp2,0.16666666666666666,5,5,TTCCATCGGTAGTGGAACGC,0,3122987
rcsBp2,0.16666666666666666,5,5,TTCATGCGGCGTAACATATA,0,3085782
rcsBp2,0.16666666666666666,5,5,TTCAGATGTTTTCGGTTATC,0,3075476
rcsBp2,0.16666666666666666,5,5,TTCACTTACAGAAAACAGGG,0,3111258
rcsBp2,0.16666666666666666,5,5,TTCACCTGCGCTGAGCTTAG,0,3111780
rcsBp2,0.16666666666666666,5,5,TTCAATTAATGGAAACACAC,0,3081757
rcsBp2,0.16666666666666666,5,5,TTCAATCCAATGCCTGAATT,0,3108287
rcsBp2,0.16666666666666666,5,5,TTCAATAGCGAGTTCCAGCG,0,3080167
rcsBp2,0.16666666666666666,5,5,TTCAAGTTATTACGGGCGTC,0,3117429
rcsBp2,0.16666666666666666,5,5,TTATGGTTATAATACAGCAT,0,3079115
rcsBp2,0.16666666666666666,5,5,TTATGCGCCTCTTCCTAGGT,0,3107451
rcsBp2,0.16666666666666666,5,5,TTATGAGCTGATTGAGGAAT,0,3103132
rcsBp2,0.16666666666666666,5,5,TTATCGAGATCCAGCTATAG,0,3084187
rcsBp2,0.16666666666666666,5,5,TTATCCCCGTCAGCGCTTTC,0,3078522
rcsBp2,0.16666666666666666,5,5,TTAGGCAGACTGTCGAAGTC,0,3118811
rcsBp2,0.16666666666666666,5,5,TTAGCATATTGTTGCTCATT,0,3094188
rcsBp2,0.16666666666666666,5,5,TTAGATGTGGCATCAAAGGT,0,3096121
rcsBp2,0.16666666666666666,5,5,TTACTGTAGTCAAGCTGCGA,0,3102110
rcsBp2,0.16666666666666666,5,5,TTACAACCATCTACTTTCGA,0,3091526
rcsBp2,0.16666666666666666,5,5,TTAATCCTACGATACGGGAC,0,3076671
rcsBp2,0.16666666666666666,5,5,TTAAAGGTGGATGAAATTCA,0,3083878
rcsBp2,0.16666666666666666,5,5,TGTTTCTCATAATGCATCTT,0,3095815
rcsBp2,0.16666666666666666,5,5,TGTTAACGGTAATATTTCTA,0,3074001
rcsBp2,0.16666666666666666,5,5,TGTGCCATACTATCTTTCAT,0,3099731
rcsBp2,0.16666666666666666,5,5,TGTGAGGCTAGCGACTTTGT,0,3119086
rcsBp2,0.16666666666666666,5,5,TGTGAGAAATAACGCTCGTG,0,3113366
rcsBp2,0.16666666666666666,5,5,TGTCTGGCAACCGGGTCTAT,0,3099910
rcsBp2,0.16666666666666666,5,5,TGTCTCACTGGAACAAGTAT,0,3091137
rcsBp2,0.16666666666666666,5,5,TGTCGTACGTCCGAGCGTGT,0,3078776
rcsBp2,0.16666666666666666,5,5,TGTCCTGCAAAGGCAAAGTC,0,3090004
rcsBp2,0.16666666666666666,5,5,TGTCCTAGAGGCCGAATCTC,0,3101024
rcsBp2,0.16666666666666666,5,5,TGTCAATTCGAAAAAACATA,0,3118146
rcsBp2,0.16666666666666666,5,5,TGTAGGTGCCATTCTATGTT,0,3092129
rcsBp2,0.16666666666666666,5,5,TGTAGGCGACAAAAAAAATC,0,3114502
rcsBp2,0.16666666666666666,5,5,TGTACCTTAGATCACATAAT,0,3088021
rcsBp2,0.16666666666666666,5,5,TGGTTTAGATTGAGCCTTTA,0,3074019
rcsBp2,0.16666666666666666,5,5,TGGTAAAGGGAGGCTGCATT,0,3112651
rcsBp2,0.16666666666666666,5,5,TGGGTCCGAACGACCCTCTG,0,3079718
rcsBp2,0.16666666666666666,5,5,TGGGGATGAGCACTTGAGGC,0,3101315
rcsBp2,0.16666666666666666,5,5,TGGGAGTAAACTTCTGCCTA,0,3116364
rcsBp2,0.16666666666666666,5,5,TGGCTGCTTTTAGCTGGGGT,0,3091708
rcsBp2,0.16666666666666666,5,5,TGGAGTAGTTCCATATATTA,0,3084409
rcsBp2,0.16666666666666666,5,5,TGGAAACTCGGCATTAGCCT,0,3094303
rcsBp2,0.16666666666666666,5,5,TGGAAAATACTTTGCCTTGA,0,3103671
rcsBp2,0.16666666666666666,5,5,TGCTGGTATTCCCTACTCTC,0,3109429
rcsBp2,0.16666666666666666,5,5,TGCTCGTATATCTTATCTTA,0,3106881
rcsBp2,0.16666666666666666,5,5,TGCTCATCTAGGGCGTTAAG,0,3111511
rcsBp2,0.16666666666666666,5,5,TGCGTTCTTACAGTTTTGCC,0,3109273
rcsBp2,0.16666666666666666,5,5,TGCGTTATATGAAGCTGTAG,0,3095634
rcsBp2,0.16666666666666666,5,5,TGCGGTCTCCTCGCCTATGC,0,3075558
rcsBp2,0.16666666666666666,5,5,TGCGGGTACCGCGGACTTGG,0,3091938
rcsBp2,0.16666666666666666,5,5,TGCGCTGGAATGCGTGACGT,0,3091648
rcsBp2,0.16666666666666666,5,5,TGCCTGGGCCATTGACAATC,0,3110331
rcsBp2,0.16666666666666666,5,5,TGCCGGTGGAATAACCGAAG,0,3102435
rcsBp2,0.16666666666666666,5,5,TGCCGACAAATTGCATGCGA,0,3100744
rcsBp2,0.16666666666666666,5,5,TGCCCCCCACAGTATTTAGT,0,3118165
rcsBp2,0.16666666666666666,5,5,TGCCACCAAAGGCGCTAGTC,0,3101100
rcsBp2,0.16666666666666666,5,5,TGCATGGGCAGTCGATAAGC,0,3092989
rcsBp2,0.16666666666666666,5,5,TGCATAACACAAAATGCGGC,0,3113246
rcsBp2,0.16666666666666666,5,5,TGCAGGCGGCTGTCGGACAT,0,3081653
rcsBp2,0.16666666666666666,5,5,TGATTTTCACCCCTTTGCGG,0,3081531
rcsBp2,0.16666666666666666,5,5,TGATTTATCAAATGGATATG,0,3121963
rcsBp2,0.16666666666666666,5,5,TGACCGACGCGTTCAAAGGC,0,3085323
rcsBp2,0.16666666666666666,5,5,TGACACATGACCAGTCACCA,0,3076268
rcsBp2,0.16666666666666666,5,5,TGAATTGTGTTGATTCCCGG,0,3112948
rcsBp2,0.16666666666666666,5,5,TGAAAGTAGCCCCCTCGGGG,0,3075715
rcsBp2,0.16666666666666666,5,5,TCTTCTTGGCCCCAGGAATG,0,3079346
rcsBp2,0.16666666666666666,5,5,TCTTCTTAACAGCATACTAC,0,3087726
rcsBp2,0.16666666666666666,5,5,TCTTCGATCATGTGAGTGTA,0,3101504
rcsBp2,0.16666666666666666,5,5,TCTTAGGCGCCCAGGACGGG,0,3075686
rcsBp2,0.16666666666666666,5,5,TCTGCGCGGCCTTTAAAGCC,0,3078726
rcsBp2,0.16666666666666666,5,5,TCTATCTAAAGCGAAACCAT,0,3083637
rcsBp2,0.16666666666666666,5,5,TCTAAGGATCTCTGCCGCTT,0,3101194
rcsBp2,0.16666666666666666,5,5,TCGTTTCACCGGTGCGTCAC,0,3105800
rcsBp2,0.16666666666666666,5,5,TCGTTACTTCGCCCATAGAC,0,3095463
rcsBp2,0.16666666666666666,5,5,TCGTGGGGAACAGAAAAAGG,0,3079580
rcsBp2,0.16666666666666666,5,5,TCGGTTCGTGCCTGTGCATT,0,3111253
rcsBp2,0.16666666666666666,5,5,TCGGTATTATTGCAGTGCTA,0,3118516
rcsBp2,0.16666666666666666,5,5,TCGGTAGGTAGTGAATCTAC,0,3110898
rcsBp2,0.16666666666666666,5,5,TCGGGTAGCCGTATCGACCA,0,3100541
rcsBp2,0.16666666666666666,5,5,TCGGGACTCCGATTAAGCGA,0,3113607
rcsBp2,0.16666666666666666,5,5,TCGGCGCGCCTAACGGATCA,0,3093884
rcsBp2,0.16666666666666666,5,5,TCGGCATCACGTGCAAAAAC,0,3110403
rcsBp2,0.16666666666666666,5,5,TCGCGGCGTAATTCCTCCAA,0,3100828
rcsBp2,0.16666666666666666,5,5,TCGCCCATGCTGTGACGGGT,0,3077948
rcsBp2,0.16666666666666666,5,5,TCGCCCACCCAACTTTGACC,0,3110427
rcsBp2,0.16666666666666666,5,5,TCGAGCTCCGACACTTCGAA,0,3100487
rcsBp2,0.16666666666666666,5,5,TCGAGAACCGGCATGCGTGG,0,3098653
rcsBp2,0.16666666666666666,5,5,TCCTCTCGCAGAACATCGTG,0,3073941
rcsBp2,0.16666666666666666,5,5,TCCGGCTTAGATCTAAGCGA,0,3109583
rcsBp2,0.16666666666666666,5,5,TCCGACGAAGTTCAAAATGC,0,3118144
rcsBp2,0.16666666666666666,5,5,TCCCTTGATCCATCGATTAA,0,3115935
rcsBp2,0.16666666666666666,5,5,TCCCTGTGATTGCGAGTGTC,0,3082268
rcsBp2,0.16666666666666666,5,5,TCCCTGGGCGAGCTAATAAG,0,3102512
rcsBp2,0.16666666666666666,5,5,TCCCCTCTTTTTGGGTTAAT,0,3115144
rcsBp2,0.16666666666666666,5,5,TCCCAGTTTTGGGGAGGAAA,0,3114981
rcsBp2,0.16666666666666666,5,5,TCCCACAAAGTTGAGAGTGG,0,3110160
rcsBp2,0.16666666666666666,5,5,TCCAGGGTACACAGCTCACT,0,3088095
rcsBp2,0.16666666666666666,5,5,TCCAGCTGGCAATGTCTTGA,0,3077100
rcsBp2,0.16666666666666666,5,5,TCCAGCCATGTTCAAGAAGG,0,3093219
rcsBp2,0.16666666666666666,5,5,TCCACTCGATGGTAGAGCGT,0,3117541
rcsBp2,0.16666666666666666,5,5,TCATTGGGGTCATTTGTAAT,0,3104406
rcsBp2,0.16666666666666666,5,5,TCATGTCTGCTAATAAACGT,0,3103262
rcsBp2,0.16666666666666666,5,5,TCATATAAGAGTTGGCCCGG,0,3098318
rcsBp2,0.16666666666666666,5,5,TCACGCTTTGGTACGACCGT,0,3118259
rcsBp2,0.16666666666666666,5,5,TCACGATGAGTAAATGGGTA,0,3088864
rcsBp2,0.16666666666666666,5,5,TCACGACCAATGTGTGGTCC,0,3115749
rcsBp2,0.16666666666666666,5,5,TCACCCAGATCCCCCGCCTC,0,3108791
rcsBp2,0.16666666666666666,5,5,TCACAGCGCCTCGTCGATGC,0,3096704
rcsBp2,0.16666666666666666,5,5,TCAATGGTCTGAGCACTGGC,0,3092686
rcsBp2,0.16666666666666666,5,5,TCAATGCCAGATCAAAGCCG,0,3113146
rcsBp2,0.16666666666666666,5,5,TCAAGAACGTCACGGGAATG,0,3109088
rcsBp2,0.16666666666666666,5,5,TCAACGGGCGTGGCACACCA,0,3122753
rcsBp2,0.16666666666666666,5,5,TCAACGCCGCAACACGCTGC,0,3116112
rcsBp2,0.16666666666666666,5,5,TCAACCTAGGCTGCGACGTC,0,3105539
rcsBp2,0.16666666666666666,5,5,TATTTTGGTAGAAGACTTTT,0,3081456
rcsBp2,0.16666666666666666,5,5,TATTTGCGAGTAAACCGCTA,0,3090053
rcsBp2,0.16666666666666666,5,5,TATTGGTCGCATAACACCTC,0,3074047
rcsBp2,0.16666666666666666,5,5,TATTGATAGTATGCTTACTA,0,3088632
rcsBp2,0.16666666666666666,5,5,TATTCCAGGTTTTGCGGTAT,0,3085155
rcsBp2,0.16666666666666666,5,5,TATGGTTAACTGAGAGGCTG,0,3100862
rcsBp2,0.16666666666666666,5,5,TATGCTGCACATTCCGTTCT,0,3122281
rcsBp2,0.16666666666666666,5,5,TATGAGCGGGTTGTCAGAAA,0,3099372
rcsBp2,0.16666666666666666,5,5,TATGACACCGTAAATCGCAG,0,3088898
rcsBp2,0.16666666666666666,5,5,TATCGTACACGCTCTCAATT,0,3092066
rcsBp2,0.16666666666666666,5,5,TATCGGCCGGATGACTTCGC,0,3105235
rcsBp2,0.16666666666666666,5,5,TATCCGCATCAGAAGACACA,0,3087871
rcsBp2,0.16666666666666666,5,5,TATACTGACGCATACTACGA,0,3121484
rcsBp2,0.16666666666666666,5,5,TAGGTGGTTCAACGGGCTGC,0,3089265
rcsBp2,0.16666666666666666,5,5,TAGGTACAAATATACTCTAA,0,3103315
rcsBp2,0.16666666666666666,5,5,TAGGCTCCAATCCTGCCGAG,0,3103918
rcsBp2,0.16666666666666666,5,5,TAGGCTATAGGAGCGGTGGA,0,3113371
rcsBp2,0.16666666666666666,5,5,TAGGCGGCTCGGAACTCAGT,0,3100529
rcsBp2,0.16666666666666666,5,5,TAGGATACGCGGGATTTACC,0,3074096
rcsBp2,0.16666666666666666,5,5,TAGCTGGCTAAGCGCTCGAT,0,3083776
rcsBp2,0.16666666666666666,5,5,TAGCGCAACCGGACCAGTCC,0,3093520
rcsBp2,0.16666666666666666,5,5,TAGCAAGTCGCGGCGACTGG,0,3079343
rcsBp2,0.16666666666666666,5,5,TAGACTTACCCGTCACAGTC,0,3104745
rcsBp2,0.16666666666666666,5,5,TAGACGTCGTTATTTGCCTA,0,3082437
rcsBp2,0.16666666666666666,5,5,TAGAAACGGACAGTTTGGAT,0,3097322
rcsBp2,0.16666666666666666,5,5,TACTGGGGGTGTGGGAACTA,0,3097952
rcsBp2,0.16666666666666666,5,5,TACTGAATTGGGTTTAGTAC,0,3119532
rcsBp2,0.16666666666666666,5,5,TACTCGGGACAGGAGATGAG,0,3105777
rcsBp2,0.16666666666666666,5,5,TACGTTGGACCGCCGCTCGC,0,3117026
rcsBp2,0.16666666666666666,5,5,TACGTCATCTTGTACAATCA,0,3104034
rcsBp2,0.16666666666666666,5,5,TACGTAGAGGAAGATGTCCT,0,3096536
rcsBp2,0.16666666666666666,5,5,TACGGTTGGTGCACTTCTCA,0,3095413
rcsBp2,0.16666666666666666,5,5,TACGCTGGGTTAGTTCGTTA,0,3105745
rcsBp2,0.16666666666666666,5,5,TACCACCGTTAGGCTTATAG,0,3073961
rcsBp2,0.16666666666666666,5,5,TACCAACGGATGACGGCATA,0,3115256
rcsBp2,0.16666666666666666,5,5,TACCAAAATTTTAGCATTGT,0,3093013
rcsBp2,0.16666666666666666,5,5,TACAGGACAAGATAAGTTAC,0,3088093
rcsBp2,0.16666666666666666,5,5,TACACCGTAACGGTTAAGAC,0,3117641
rcsBp2,0.16666666666666666,5,5,TACACAGATTAAAGGTGGAG,0,3091369
rcsBp2,0.16666666666666666,5,5,TACAAGTTAAAGAGTGGATA,0,3118846
rcsBp2,0.16666666666666666,5,5,TAATTAAATACAAGATCTTT,0,3079709
rcsBp2,0.16666666666666666,5,5,TAATCTTAGAGTATACTTTT,0,3082420
rcsBp2,0.16666666666666666,5,5,TAATCGATGTCGTCAGGTCG,0,3111017
rcsBp2,0.16666666666666666,5,5,TAATCCCGGAGTCCGTTAGA,0,3122183
rcsBp2,0.16666666666666666,5,5,TAATAAACTACAATGGACCA,0,3097188
rcsBp2,0.16666666666666666,5,5,TAAGGTATCCCCATGTATGT,0,3106074
rcsBp2,0.16666666666666666,5,5,TAAGGGCCGCATATATGCCC,0,3120440
rcsBp2,0.16666666666666666,5,5,TAAGGCGGGGTCTGATGTCC,0,3108636
rcsBp2,0.16666666666666666,5,5,TAAGCCCAAAGCCTAATCTA,0,3109175
rcsBp2,0.16666666666666666,5,5,TAACGTCGTGCCTCTTTTTG,0,3112810
rcsBp2,0.16666666666666666,5,5,TAACGGTTTGCTTTACCTTT,0,3074912
rcsBp2,0.16666666666666666,5,5,TAACGGTCTGTTATATGATT,0,3079147
rcsBp2,0.16666666666666666,5,5,TAAACTATTAGAATTGTTGT,0,3097060
rcsBp2,0.16666666666666666,5,5,TAAAAAGTACCGAATATTCC,0,3107368
rcsBp2,0.16666666666666666,5,5,GTTTTGTGATAGTGCAGTGT,0,3092532
rcsBp2,0.16666666666666666,5,5,GTTTTAGGAACAATGACTCT,0,3116881
rcsBp2,0.16666666666666666,5,5,GTTTGCAAGCCTATGGAGAA,0,3091992
rcsBp2,0.16666666666666666,5,5,GTTGTTCGAAGACGCGAGTA,0,3106216
rcsBp2,0.16666666666666666,5,5,GTTGCTAAGTGGTCCCCCAG,0,3108042
rcsBp2,0.16666666666666666,5,5,GTTGCCACTGGCACCCCGCG,0,3120886
rcsBp2,0.16666666666666666,5,5,GTTGACGATCGATTTTAAAG,0,3096990
rcsBp2,0.16666666666666666,5,5,GTTCTTCAGCCACCCTGGGC,0,3088951
rcsBp2,0.16666666666666666,5,5,GTTCGAACTCTACAGCTCTG,0,3098721
rcsBp2,0.16666666666666666,5,5,GTTCCAAACGTCCTGACTCG,0,3111117
rcsBp2,0.16666666666666666,5,5,GTTCACGGAGTAGCTAGCAA,0,3075202
rcsBp2,0.16666666666666666,5,5,GTTATGACCTTCCATCTTGG,0,3089504
rcsBp2,0.16666666666666666,5,5,GTTAGCAATCTTAACTGTAC,0,3091842
rcsBp2,0.16666666666666666,5,5,GTTAGATCTTCGTGCGGCCT,0,3122174
rcsBp2,0.16666666666666666,5,5,GTTACCTAACCAGTTTAGTA,0,3085834
rcsBp2,0.16666666666666666,5,5,GTGTTCTGATATTGCATCGA,0,3098626
rcsBp2,0.16666666666666666,5,5,GTGTTCCTTGAAACCATAGA,0,3116322
rcsBp2,0.16666666666666666,5,5,GTGTTAAGGGACAAACGTTA,0,3109168
rcsBp2,0.16666666666666666,5,5,GTGTAACTGTACAACCCATG,0,3116742
rcsBp2,0.16666666666666666,5,5,GTGTAACCAGACTAAGGTGC,0,3084171
rcsBp2,0.16666666666666666,5,5,GTGGTAACCTTCATTCGAAG,0,3101345
rcsBp2,0.16666666666666666,5,5,GTGGGGGACTTGGGACCGGG,0,3104649
rcsBp2,0.16666666666666666,5,5,GTGGGCTCATTGCTCTGTAA,0,3091923
rcsBp2,0.16666666666666666,5,5,GTGCTGTAGGGAACTGCAAA,0,3110273
rcsBp2,0.16666666666666666,5,5,GTGCGAATAACTCCGAAGCA,0,3107833
rcsBp2,0.16666666666666666,5,5,GTGATAGCGTACATATGCAG,0,3095164
rcsBp2,0.16666666666666666,5,5,GTGATAAGTACGTCGAACTG,0,3108946
rcsBp2,0.16666666666666666,5,5,GTGACGCTTTACAGTAAAAG,0,3094262
rcsBp2,0.16666666666666666,5,5,GTCTTCAGTACAGAGCCAAC,0,3115424
rcsBp2,0.16666666666666666,5,5,GTCTGTGTTGTCCGAGAGTA,0,3107025
rcsBp2,0.16666666666666666,5,5,GTCTGAATACGTTGGAAGAA,0,3078565
rcsBp2,0.16666666666666666,5,5,GTCGGTCACGAACGTCCCGT,0,3121356
rcsBp2,0.16666666666666666,5,5,GTCCAAATGCACTGAGTCCC,0,3108454
rcsBp2,0.16666666666666666,5,5,GTCAGTGAAATTACGAGTCA,0,3099179
rcsBp2,0.16666666666666666,5,5,GTATCGACGCCCAGCTGGTT,0,3118707
rcsBp2,0.16666666666666666,5,5,GTATAGTGAGGGTATTAAAG,0,3119306
rcsBp2,0.16666666666666666,5,5,GTAGTGGAAGGTAGTCAGGG,0,3089380
rcsBp2,0.16666666666666666,5,5,GTAGCTAAGCCGAAATAGGG,0,3086179
rcsBp2,0.16666666666666666,5,5,GTACTGCGGGGCACTTAGTC,0,3116780
rcsBp2,0.16666666666666666,5,5,GTACTGCGCAGGACAGTGTG,0,3105455
rcsBp2,0.16666666666666666,5,5,GTACTCGGCATGGGCACAAA,0,3111871
rcsBp2,0.16666666666666666,5,5,GTAAGGTAGTATAATAACGA,0,3075813
rcsBp2,0.16666666666666666,5,5,GTAAGATAAGGTTCTCCGCA,0,3104411
rcsBp2,0.16666666666666666,5,5,GTAACGCTAGGGAATCGAAG,0,3108165
rcsBp2,0.16666666666666666,5,5,GTAACGACTCGGCGCCACAT,0,3103613
rcsBp2,0.16666666666666666,5,5,GGTTTTAAGGCCTATCTTAA,0,3088928
rcsBp2,0.16666666666666666,5,5,GGTTACTACCACAGCCTGGT,0,3111844
rcsBp2,0.16666666666666666,5,5,GGTGGGCGCCCATGTCCCCA,0,3114636
rcsBp2,0.16666666666666666,5,5,GGTGAGGTCCACAGACAGAT,0,3091846
rcsBp2,0.16666666666666666,5,5,GGTCCTTGGGGATATCCTAG,0,3080906
rcsBp2,0.16666666666666666,5,5,GGTCCCAGTACCCCACCCCA,0,3092855
rcsBp2,0.16666666666666666,5,5,GGTAGCGCTTGCACCTTCCT,0,3113792
rcsBp2,0.16666666666666666,5,5,GGTAGCGCGTTGTAATCTCA,0,3074997
rcsBp2,0.16666666666666666,5,5,GGTAAATTCTTAACATTTGC,0,3085850
rcsBp2,0.16666666666666666,5,5,GGGTTACACGTCAACTACAC,0,3076229
rcsBp2,0.16666666666666666,5,5,GGGTGATGAGCACGGATATT,0,3089983
rcsBp2,0.16666666666666666,5,5,GGGTCTTCTTAGGCGCAAGT,0,3101133
rcsBp2,0.16666666666666666,5,5,GGGTCCACCGGTGCCTGGTC,0,3074483
rcsBp2,0.16666666666666666,5,5,GGGTATTCAAGTGGAACGAA,0,3122861
rcsBp2,0.16666666666666666,5,5,GGGGTGTGGATGAGTGTGTG,0,3098894
rcsBp2,0.16666666666666666,5,5,GGGGTCGGGGTAAGCATGAT,0,3119905
rcsBp2,0.16666666666666666,5,5,GGGCTTAACGAGCAGAAGAA,0,3094686
rcsBp2,0.16666666666666666,5,5,GGGCATATTCTTCGACTGGA,0,3095537
rcsBp2,0.16666666666666666,5,5,GGGCAACTTATGTATTACTT,0,3087381
rcsBp2,0.16666666666666666,5,5,GGGATTTGCTTCCTGACTAA,0,3081776
rcsBp2,0.16666666666666666,5,5,GGGACCATATCGGACGGGTT,0,3075393
rcsBp2,0.16666666666666666,5,5,GGGAATACTTCCCATTCTAG,0,3119318
rcsBp2,0.16666666666666666,5,5,GGCTTATGAAGTCTGCTAAT,0,3081115
rcsBp2,0.16666666666666666,5,5,GGCTCTCGACGAAAGGTGCG,0,3096279
rcsBp2,0.16666666666666666,5,5,GGCTCAGATAACGCTGGAAT,0,3093832
rcsBp2,0.16666666666666666,5,5,GGCTAGGATAACGTCGCCCA,0,3087807
rcsBp2,0.16666666666666666,5,5,GGCGTTGACTCGAATTAAAT,0,3094277
rcsBp2,0.16666666666666666,5,5,GGCGCTGGCTTCTGATGGTC,0,3097590
rcsBp2,0.16666666666666666,5,5,GGCGCGCAGTGGTCATGGAT,0,3112547
rcsBp2,0.16666666666666666,5,5,GGCGCATTGCGTAGGACCCT,0,3120340
rcsBp2,0.16666666666666666,5,5,GGCGAGACACGTGCCGGAGT,0,3111120
rcsBp2,0.16666666666666666,5,5,GGCGAAGTCCGCCTGACTTG,0,3078327
rcsBp2,0.16666666666666666,5,5,GGCCCGAACTGTATAGACCA,0,3112982
rcsBp2,0.16666666666666666,5,5,GGCCCACGCGCCGCTTGGTC,0,3109694
rcsBp2,0.16666666666666666,5,5,GGCATGGACGCGTGTGGAGC,0,3108049
rcsBp2,0.16666666666666666,5,5,GGCAGGTATGGGCAAATTCT,0,3108799
rcsBp2,0.16666666666666666,5,5,GGCAGCACCCGCAGCCAGTG,0,3098093
rcsBp2,0.16666666666666666,5,5,GGCAATCCAGTTACGGAGGA,0,3094108
rcsBp2,0.16666666666666666,5,5,GGCAAATCCCGGGGGACTCA,0,3091672
rcsBp2,0.16666666666666666,5,5,GGATTTGACTTCGGCGAGAT,0,3121278
rcsBp2,0.16666666666666666,5,5,GGATTGACAATGGACAACTA,0,3093810
rcsBp2,0.16666666666666666,5,5,GGATGAGTGAAAATCGTCTG,0,3088229
rcsBp2,0.16666666666666666,5,5,GGATCTGCACGTATTTAGAT,0,3120088
rcsBp2,0.16666666666666666,5,5,GGATAACCATTCAAATCCCT,0,3105438
rcsBp2,0.16666666666666666,5,5,GGAGGGTTCTCTGCTACCAT,0,3080752
rcsBp2,0.16666666666666666,5,5,GGAGAGCGCCGGGCCGTAGG,0,3122315
rcsBp2,0.16666666666666666,5,5,GGAGACTAGGAAACGGGCTT,0,3094437
rcsBp2,0.16666666666666666,5,5,GGACGTACTGGTATGGGTGG,0,3119120
rcsBp2,0.16666666666666666,5,5,GGACGCTTACAGGACCTTAC,0,3083697
rcsBp2,0.16666666666666666,5,5,GGACCCAGACCCGTGCCCGT,0,3100525
rcsBp2,0.16666666666666666,5,5,GGACATTCTAACTTCCAGGA,0,3104053
rcsBp2,0.16666666666666666,5,5,GGACATCCGGACGGATGATA,0,3086011
rcsBp2,0.16666666666666666,5,5,GGACACACGGTACTCTTACT,0,3117095
rcsBp2,0.16666666666666666,5,5,GGACAACAGTATGGCTTACC,0,3104450
rcsBp2,0.16666666666666666,5,5,GGAATTAGTCCGTTACGCGT,0,3086421
rcsBp2,0.16666666666666666,5,5,GGAAGGTCAGTATTCGCATG,0,3090597
rcsBp2,0.16666666666666666,5,5,GGAACTATTCAGGTGCTCAC,0,3093041
rcsBp2,0.16666666666666666,5,5,GGAAATCTAGAAGGAAAGCT,0,3110062
rcsBp2,0.16666666666666666,5,5,GGAAACATCGCCATGATATG,0,3098287
rcsBp2,0.16666666666666666,5,5,GCTTTTTTATACAAAAGCAT,0,3089677
rcsBp2,0.16666666666666666,5,5,GCTTGGCAAAAACTCACTCA,0,3115994
rcsBp2,0.16666666666666666,5,5,GCTGTTGTCGCTCCCTAGTT,0,3113895
rcsBp2,0.16666666666666666,5,5,GCTCAGATCCGCCTGGGACA,0,3122600
rcsBp2,0.16666666666666666,5,5,GCTCAACGGAGTTAATTCGC,0,3105885
rcsBp2,0.16666666666666666,5,5,GCTATAAAGGTGGTATCAAA,0,3112018
rcsBp2,0.16666666666666666,5,5,GCGTTGAGTCAATAACATAG,0,3108006
rcsBp2,0.16666666666666666,5,5,GCGTTCTACAGTATGAAGGA,0,3094413
rcsBp2,0.16666666666666666,5,5,GCGTTAAAGCGTACAGAGAC,0,3117422
rcsBp2,0.16666666666666666,5,5,GCGTCATCTCTTATACGTAA,0,3074075
rcsBp2,0.16666666666666666,5,5,GCGGTTAAATGTCCGGATTG,0,3106528
rcsBp2,0.16666666666666666,5,5,GCGGGTTTGTTCAGCATTTG,0,3119904
rcsBp2,0.16666666666666666,5,5,GCGGACGCTCCGCCGAGGAC,0,3098601
rcsBp2,0.16666666666666666,5,5,GCGCTGCCACGGCGGGTGCG,0,3120780
rcsBp2,0.16666666666666666,5,5,GCGCTCCTTACCGAGCGCGG,0,3116660
rcsBp2,0.16666666666666666,5,5,GCGCGCGGGCACACCTGCGG,0,3110928
rcsBp2,0.16666666666666666,5,5,GCGCGACTTGTCGCGATGAT,0,3087165
rcsBp2,0.16666666666666666,5,5,GCGAGAAGGCCGTTTGCCTT,0,3100289
rcsBp2,0.16666666666666666,5,5,GCGAATCTCGTCGGCTAAAA,0,3105392
rcsBp2,0.16666666666666666,5,5,GCGAAACTTACAGCACCGTC,0,3084732
rcsBp2,0.16666666666666666,5,5,GCCTCAACACTGTTTTGTGT,0,3103071
rcsBp2,0.16666666666666666,5,5,GCCGGTCTAGGAACCTGTGT,0,3120671
rcsBp2,0.16666666666666666,5,5,GCCGCAGCGCGCTGAGACCA,0,3083393
rcsBp2,0.16666666666666666,5,5,GCCCTGAATAACAGGCACTG,0,3078948
rcsBp2,0.16666666666666666,5,5,GCCCGGCCGGGAGTATACTA,0,3107599
rcsBp2,0.16666666666666666,5,5,GCCAACAGTATATTGACGCC,0,3110772
rcsBp2,0.16666666666666666,5,5,GCATTTGTCCGTTTGTATAT,0,3083999
rcsBp2,0.16666666666666666,5,5,GCATTCTTCCCGGTGGAGCT,0,3093869
rcsBp2,0.16666666666666666,5,5,GCATGCAGTGTTCATGGTTT,0,3119267
rcsBp2,0.16666666666666666,5,5,GCATCCGAGACGCAGTAGGC,0,3120929
rcsBp2,0.16666666666666666,5,5,GCATCCAATGAGTCCTCATG,0,3089803
rcsBp2,0.16666666666666666,5,5,GCAGATGCAGCGCGCTTTGG,0,3086294
rcsBp2,0.16666666666666666,5,5,GCAGATGAGAACTGATAATT,0,3092725
rcsBp2,0.16666666666666666,5,5,GCAGACAACAATCGGGATCT,0,3107414
rcsBp2,0.16666666666666666,5,5,GCACTTCACGGCTACTACAA,0,3089767
rcsBp2,0.16666666666666666,5,5,GCACCAATGCTCAATACAGT,0,3090035
rcsBp2,0.16666666666666666,5,5,GCACATGTGTCACCAGGGAC,0,3100188
rcsBp2,0.16666666666666666,5,5,GCACAGTTCAGCAATCCAGT,0,3087757
rcsBp2,0.16666666666666666,5,5,GCAAGGAACCGTAGATTTGA,0,3109283
rcsBp2,0.16666666666666666,5,5,GCAAGCTCCCCGAGAGATAC,0,3100865
rcsBp2,0.16666666666666666,5,5,GCAAGCGGTGTCAGTCGGTA,0,3073782
rcsBp2,0.16666666666666666,5,5,GATTGACCCGTTTAGTAATT,0,3106592
rcsBp2,0.16666666666666666,5,5,GATTCGCCGAATTTGTCCAC,0,3105290
rcsBp2,0.16666666666666666,5,5,GATTCACTTTCCGAACCTCA,0,3081160
rcsBp2,0.16666666666666666,5,5,GATTAAGATGGTATATGATG,0,3110489
rcsBp2,0.16666666666666666,5,5,GATGTAGGGCATATATACTA,0,3108062
rcsBp2,0.16666666666666666,5,5,GATGACCCGTTATATGGGGG,0,3077210
rcsBp2,0.16666666666666666,5,5,GATCTGTCGGAAATGCGAGA,0,3118900
rcsBp2,0.16666666666666666,5,5,GATCTCACTGCTGTTCGTGG,0,3101283
rcsBp2,0.16666666666666666,5,5,GATCGAGACTCCCACGTAGG,0,3109897
rcsBp2,0.16666666666666666,5,5,GATCCTCTTCGCACGATTGA,0,3105660
rcsBp2,0.16666666666666666,5,5,GATCCGGAGCAATGCCCTTC,0,3089845
rcsBp2,0.16666666666666666,5,5,GATAAATACTACGTTCAACA,0,3074680
rcsBp2,0.16666666666666666,5,5,GAGTTTGTGCCCCTCGACGT,0,3090107
rcsBp2,0.16666666666666666,5,5,GAGTTTGCTATACAAGCTAG,0,3103610
rcsBp2,0.16666666666666666,5,5,GAGTTCTGCAAAGGCGTACG,0,3091676
rcsBp2,0.16666666666666666,5,5,GAGTGCATGAATGGTGGTAC,0,3081549
rcsBp2,0.16666666666666666,5,5,GAGTAAACGAAACATGAGCC,0,3086096
rcsBp2,0.16666666666666666,5,5,GAGGGTATTTGCCCGGTCTT,0,3122190
rcsBp2,0.16666666666666666,5,5,GAGGGTATCGAACTGCGAGA,0,3092187
rcsBp2,0.16666666666666666,5,5,GAGGATTGGGGCGGTTCAAG,0,3109172
rcsBp2,0.16666666666666666,5,5,GAGGATGTATCCAGGGCTAT,0,3083014
rcsBp2,0.16666666666666666,5,5,GAGCTAGCTCATACAGTGCA,0,3116630
rcsBp2,0.16666666666666666,5,5,GAGCGATCACTGATTTATTA,0,3077011
rcsBp2,0.16666666666666666,5,5,GAGCCGACCCTCCGGTGACA,0,3117067
rcsBp2,0.16666666666666666,5,5,GAGCACAACGTCGAGGCTTG,0,3110113
rcsBp2,0.16666666666666666,5,5,GAGATACGAGCCCCACCGAG,0,3106215
rcsBp2,0.16666666666666666,5,5,GAGAGTAACTAGAGTTAGTC,0,3075637
rcsBp2,0.16666666666666666,5,5,GACTCTAATACACCTTTGGT,0,3094703
rcsBp2,0.16666666666666666,5,5,GACGGTATAGTAAACGGTCA,0,3116790
rcsBp2,0.16666666666666666,5,5,GACGCACGGCAAGGAACTAC,0,3113175
rcsBp2,0.16666666666666666,5,5,GACGACGAGACCTACCCAGA,0,3083512
rcsBp2,0.16666666666666666,5,5,GACCCGGACGGAGCTACTAA,0,3111149
rcsBp2,0.16666666666666666,5,5,GACCACTGCGTCGAATTCTA,0,3093916
rcsBp2,0.16666666666666666,5,5,GACCAAGGTTTATATTAGGT,0,3108022
rcsBp2,0.16666666666666666,5,5,GAATCGATCCCACGTACAAA,0,3106935
rcsBp2,0.16666666666666666,5,5,GAATCGAGCCATTCAACGAA,0,3099709
rcsBp2,0.16666666666666666,5,5,GAATACCCATGCAAGCGCGT,0,3112657
rcsBp2,0.16666666666666666,5,5,GAAGTTCTCTGAACTGACTG,0,3075837
rcsBp2,0.16666666666666666,5,5,GAAGTCGAATCGGTTTGTCG,0,3103732
rcsBp2,0.16666666666666666,5,5,GAAGCTGTTGCATCCGCTAG,0,3113464
rcsBp2,0.16666666666666666,5,5,GAAGCTCATATAAATGGTAG,0,3122454
rcsBp2,0.16666666666666666,5,5,GAAGCGGTACATTGAGTCTT,0,3102964
rcsBp2,0.16666666666666666,5,5,GAAGCCTCCGGCCGGTCTGA,0,3083933
rcsBp2,0.16666666666666666,5,5,GAAGAAGCTCGTAATGCAAA,0,3116946
rcsBp2,0.16666666666666666,5,5,GAACCATACACCTCTTTATG,0,3112047
rcsBp2,0.16666666666666666,5,5,GAACACGTCCATGCGTTTCA,0,3084379
rcsBp2,0.16666666666666666,5,5,GAAATCAGCGCGTGAGTTTA,0,3083168
rcsBp2,0.16666666666666666,5,5,GAAAGCAGCTGGGCGTTAAA,0,3109301
rcsBp2,0.16666666666666666,5,5,GAAACGACTAGGCATGTTTG,0,3080235
rcsBp2,0.16666666666666666,5,5,CTTTGACATACTCTGCTCTG,0,3091797
rcsBp2,0.16666666666666666,5,5,CTTTCGAGTTAATACTCGGT,0,3074586
rcsBp2,0.16666666666666666,5,5,CTTTCCCGAATAAGCGACGT,0,3073957
rcsBp2,0.16666666666666666,5,5,CTTGGCCACGGCCAAGCGCT,0,3102842
rcsBp2,0.16666666666666666,5,5,CTTCTCGTACCCCCGGTAGA,0,3119789
rcsBp2,0.16666666666666666,5,5,CTTCACCTTTTTGTTTTGAT,0,3115257
rcsBp2,0.16666666666666666,5,5,CTTCACAAATGCATGAAGAC,0,3105459
rcsBp2,0.16666666666666666,5,5,CTTATTTTCTCCATTTACGA,0,3081750
rcsBp2,0.16666666666666666,5,5,CTTACGAGACCCCGTCCCTG,0,3121605
rcsBp2,0.16666666666666666,5,5,CTGTGTTAGCGAATCCTACT,0,3097021
rcsBp2,0.16666666666666666,5,5,CTGTGTAGGTTGTACCGCAA,0,3100663
rcsBp2,0.16666666666666666,5,5,CTGTGGTTAGAGTTGTGATT,0,3077874
rcsBp2,0.16666666666666666,5,5,CTGTAAATCGCCTAGAGCCC,0,3077058
rcsBp2,0.16666666666666666,5,5,CTGGGGCCCCGTAGGGCCCT,0,3075415
rcsBp2,0.16666666666666666,5,5,CTGGGCCTTTCTGTGTCGGG,0,3112953
rcsBp2,0.16666666666666666,5,5,CTGGCTTCATTGAGAATCTC,0,3115417
rcsBp2,0.16666666666666666,5,5,CTGGCGATATACTGTCTAGA,0,3083544
rcsBp2,0.16666666666666666,5,5,CTGGAGCAAGAGAGCCCCAG,0,3111956
rcsBp2,0.16666666666666666,5,5,CTGCCACAACGCGAACGGTT,0,3096190
rcsBp2,0.16666666666666666,5,5,CTGCAGTTCAATCGTCGTGA,0,3104979
rcsBp2,0.16666666666666666,5,5,CTGCAACCGGCCACACACTC,0,3100001
rcsBp2,0.16666666666666666,5,5,CTGATTTACCAGATAGAGAT,0,3082829
rcsBp2,0.16666666666666666,5,5,CTGAGTGCGTTTTGAGACGT,0,3105239
rcsBp2,0.16666666666666666,5,5,CTGACGGCCCCATCGCTCGT,0,3113335
rcsBp2,0.16666666666666666,5,5,CTCTCCCGGTCCGCGTGTAT,0,3118518
rcsBp2,0.16666666666666666,5,5,CTCTATGTGTATTTATTTAA,0,3093761
rcsBp2,0.16666666666666666,5,5,CTCTAAACGCGAAAAGGGCT,0,3114192
rcsBp2,0.16666666666666666,5,5,CTCGACGGTAGGTCGGGCCA,0,3106349
rcsBp2,0.16666666666666666,5,5,CTCCAATCTGCTCTCTCAAT,0,3112412
rcsBp2,0.16666666666666666,5,5,CTCAGTGTTTGGATACACGT,0,3108304
rcsBp2,0.16666666666666666,5,5,CTCAGGGAAAACTCATCGAA,0,3093014
rcsBp2,0.16666666666666666,5,5,CTCAGCGTTACCTCACGAGG,0,3098529
rcsBp2,0.16666666666666666,5,5,CTATGGCGTCTCAGTCTAAC,0,3113673
rcsBp2,0.16666666666666666,5,5,CTAAGTGTAGATAATTAGAT,0,3118171
rcsBp2,0.16666666666666666,5,5,CGTTCTTATTGCGTTTTAAC,0,3122666
rcsBp2,0.16666666666666666,5,5,CGTTAGGGATACGCGAAAAC,0,3077398
rcsBp2,0.16666666666666666,5,5,CGTGTATGAATTTTCGACTG,0,3095250
rcsBp2,0.16666666666666666,5,5,CGTGGTAGCCCCTGATTCTC,0,3094376
rcsBp2,0.16666666666666666,5,5,CGTGCCCAGCTGTTCTCAAG,0,3116943
rcsBp2,0.16666666666666666,5,5,CGTGACAGCACACAGTGGTA,0,3085627
rcsBp2,0.16666666666666666,5,5,CGTCATTCCAAAATCCAAAG,0,3091417
rcsBp2,0.16666666666666666,5,5,CGTCAGGCATATAGCCCAGT,0,3098999
rcsBp2,0.16666666666666666,5,5,CGTCAAGAATTTAGTTTGCA,0,3112999
rcsBp2,0.16666666666666666,5,5,CGTACGTGGGGCCGGTGTAG,0,3119924
rcsBp2,0.16666666666666666,5,5,CGTACCTCGCACACTAACCA,0,3114881
rcsBp2,0.16666666666666666,5,5,CGTACACCACTCGGCTCGGG,0,3079370
rcsBp2,0.16666666666666666,5,5,CGTAACATAGCGACCATCTT,0,3101183
rcsBp2,0.16666666666666666,5,5,CGGGTCAGGGACCATATTAT,0,3114760
rcsBp2,0.16666666666666666,5,5,CGGGGCCTGGTTCAGCTTGT,0,3081519
rcsBp2,0.16666666666666666,5,5,CGGGGACTCGGTAGGCGCCT,0,3121692
rcsBp2,0.16666666666666666,5,5,CGGCTTGAACACTAGTCGTA,0,3122873
rcsBp2,0.16666666666666666,5,5,CGGCGTTGATCGAAGTAACA,0,3082682
rcsBp2,0.16666666666666666,5,5,CGGCGCGCCGTCCAACCCGG,0,3080818
rcsBp2,0.16666666666666666,5,5,CGGCGAGATTGCGGACAGGT,0,3095479
rcsBp2,0.16666666666666666,5,5,CGGCCCGCCGGAAGCACAGA,0,3118826
rcsBp2,0.16666666666666666,5,5,CGGCAGATCCTCCGTTAGGT,0,3104013
rcsBp2,0.16666666666666666,5,5,CGGATACGATAGGCGCCAAT,0,3109399
rcsBp2,0.16666666666666666,5,5,CGGAGTTCCGGCTAGCCTCT,0,3094834
rcsBp2,0.16666666666666666,5,5,CGGAGGGTTTGGTCCAGCAT,0,3108719
rcsBp2,0.16666666666666666,5,5,CGGACGGTAGCCAGCTTGGT,0,3089220
rcsBp2,0.16666666666666666,5,5,CGCTTGAATTATCTTTTCCT,0,3101028
rcsBp2,0.16666666666666666,5,5,CGCTTATATAACGATAGCAT,0,3109230
rcsBp2,0.16666666666666666,5,5,CGCTGAATGATGTCTAATTA,0,3092982
rcsBp2,0.16666666666666666,5,5,CGCTCGAATAGGTGGCCAAT,0,3090894
rcsBp2,0.16666666666666666,5,5,CGCGTGCGCGTGAACATTTG,0,3103082
rcsBp2,0.16666666666666666,5,5,CGCGGGCCGAGACAGTAGCG,0,3079650
rcsBp2,0.16666666666666666,5,5,CGCCAGGGAACGCTGTGTGA,0,3109567
rcsBp2,0.16666666666666666,5,5,CGCCAATGTCTTAGAGTGAC,0,3091630
rcsBp2,0.16666666666666666,5,5,CGCCAACATTAGTAAGGCAG,0,3111677
rcsBp2,0.16666666666666666,5,5,CGCATTCCTGTTTCCCAGCC,0,3114536
rcsBp2,0.16666666666666666,5,5,CGCAGACAAAAAGGTCATGA,0,3106272
rcsBp2,0.16666666666666666,5,5,CGCACCAACTGCTAAGAAGT,0,3122052
rcsBp2,0.16666666666666666,5,5,CGCAATGTCCATTGGGATCC,0,3102029
rcsBp2,0.16666666666666666,5,5,CGATTTAAGTCCCGATCATA,0,3090121
rcsBp2,0.16666666666666666,5,5,CGATTCAGACGGTCTGAGTC,0,3092350
rcsBp2,0.16666666666666666,5,5,CGATGGCAGGGCCCTCTTAG,0,3090964
rcsBp2,0.16666666666666666,5,5,CGATCGTCCAGGGGGGAACA,0,3079452
rcsBp2,0.16666666666666666,5,5,CGATAGACTCATGGACACCC,0,3118590
rcsBp2,0.16666666666666666,5,5,CGAGGGTTCGGGAATTTTCC,0,3094731
rcsBp2,0.16666666666666666,5,5,CGAGGGCTTGCAGCACAGAG,0,3094483
rcsBp2,0.16666666666666666,5,5,CGAGCAGTTGTTAGGTGTAA,0,3090197
rcsBp2,0.16666666666666666,5,5,CGAGCAGCTTCATCAGCAGC,0,3099374
rcsBp2,0.16666666666666666,5,5,CGAGACCCTAGGGCAATATC,0,3101439
rcsBp2,0.16666666666666666,5,5,CGACGCGTCCCGTCATTCAA,0,3082979
rcsBp2,0.16666666666666666,5,5,CGACACTTGCCAATCAGCCA,0,3092766
rcsBp2,0.16666666666666666,5,5,CGAATTAACAAGGCTGTAAG,0,3117769
rcsBp2,0.16666666666666666,5,5,CGAACTAGAAATTCTTACTT,0,3103294
rcsBp2,0.16666666666666666,5,5,CGAAAGGGTGTCCTCTAGCC,0,3110757
rcsBp2,0.16666666666666666,5,5,CGAAAAGGGTTCGGACCCTG,0,3076274
rcsBp2,0.16666666666666666,5,5,CCTTCGTGCTCACGCATCGA,0,3104061
rcsBp2,0.16666666666666666,5,5,CCTTAAAGTACTCAGACTGT,0,3103543
rcsBp2,0.16666666666666666,5,5,CCTGCAATAATACATGAGGT,0,3112891
rcsBp2,0.16666666666666666,5,5,CCTCGTGACCTGTGGATAGT,0,3089533
rcsBp2,0.16666666666666666,5,5,CCTCCGCGAACAGTACTGGT,0,3077666
rcsBp2,0.16666666666666666,5,5,CCTAGTTTCACCCGTCGTGT,0,3100932
rcsBp2,0.16666666666666666,5,5,CCTACAAGGAGCCAGTTGGT,0,3089238
rcsBp2,0.16666666666666666,5,5,CCGTTGCGTCTTTGATCGAG,0,3102699
rcsBp2,0.16666666666666666,5,5,CCGTTGCAGGCATTCACGGC,0,3100583
rcsBp2,0.16666666666666666,5,5,CCGTTAGCGCAAATGTAAGG,0,3084337
rcsBp2,0.16666666666666666,5,5,CCGGTCCGAGGTTTGTGTCT,0,3118002
rcsBp2,0.16666666666666666,5,5,CCGGTATAAAGTTGGCCTGA,0,3090417
rcsBp2,0.16666666666666666,5,5,CCGGCCCTCCCTGTATTCGG,0,3113438
rcsBp2,0.16666666666666666,5,5,CCGGATCCTTACACTAATAA,0,3096698
rcsBp2,0.16666666666666666,5,5,CCGCGCTGCAGGTGAAAGAA,0,3117636
rcsBp2,0.16666666666666666,5,5,CCGATTCTTAACCACCCGTA,0,3115264
rcsBp2,0.16666666666666666,5,5,CCGAGTGTTTTCGTACCGCT,0,3088397
rcsBp2,0.16666666666666666,5,5,CCGACTCAGCTGCCTAGAGC,0,3106271
rcsBp2,0.16666666666666666,5,5,CCGACCTTCCCTAATAAAGA,0,3098398
rcsBp2,0.16666666666666666,5,5,CCCTCTGGATGTTAGACACC,0,3086349
rcsBp2,0.16666666666666666,5,5,CCCGTCGGGTACGATTGAGC,0,3074245
rcsBp2,0.16666666666666666,5,5,CCCGGAATACTGGATCCTCA,0,3102702
rcsBp2,0.16666666666666666,5,5,CCCGCATCTATTACCAGGTT,0,3117792
rcsBp2,0.16666666666666666,5,5,CCCCGCCCACTAAGAATGTA,0,3079179
rcsBp2,0.16666666666666666,5,5,CCCCAGTGGCGCGCATCAAG,0,3078580
rcsBp2,0.16666666666666666,5,5,CCCCACGTGACTTAGAAGGC,0,3105454
rcsBp2,0.16666666666666666,5,5,CCATTGGTGCGGGTGCTCGC,0,3119587
rcsBp2,0.16666666666666666,5,5,CCATTAAGTATGGACACAAA,0,3084255
rcsBp2,0.16666666666666666,5,5,CCATGCTAGATTGGGTCCTT,0,3120291
rcsBp2,0.16666666666666666,5,5,CCATCTCTGGTTGGGTACTT,0,3092018
rcsBp2,0.16666666666666666,5,5,CCAGGCTACAAGCCAACAAC,0,3119502
rcsBp2,0.16666666666666666,5,5,CCAGATAGCAAAGGTAATGT,0,3122141
rcsBp2,0.16666666666666666,5,5,CCACTTGCACGGGCGGGTCA,0,3087653
rcsBp2,0.16666666666666666,5,5,CCACTTCTCAGCAGAAAGTT,0,3091614
rcsBp2,0.16666666666666666,5,5,CCACGAACGTGCCTTTTTCA,0,3104980
rcsBp2,0.16666666666666666,5,5,CCAATTCAGGGGGCTTAGAC,0,3080908
rcsBp2,0.16666666666666666,5,5,CCAAGACTATGACGGTCTGT,0,3105621
rcsBp2,0.16666666666666666,5,5,CCAACAATATCATATCCCAA,0,3084097
rcsBp2,0.16666666666666666,5,5,CCAAAGCTGTATGCTTATAG,0,3099034
rcsBp2,0.16666666666666666,5,5,CCAAAGCAATCCACTGGTCA,0,3109892
rcsBp2,0.16666666666666666,5,5,CATTTATATCCCAATATTTC,0,3098396
rcsBp2,0.16666666666666666,5,5,CATTTAATGGGCACCTGTTC,0,3084110
rcsBp2,0.16666666666666666,5,5,CATTCGCATAGAATGCGTCA,0,3079047
rcsBp2,0.16666666666666666,5,5,CATTAGACCTGTCCGGAATG,0,3114877
rcsBp2,0.16666666666666666,5,5,CATGGGAGCAACGTTATCAT,0,3087892
rcsBp2,0.16666666666666666,5,5,CATGGAGACTTCACATAAGT,0,3117010
rcsBp2,0.16666666666666666,5,5,CATGATTACTGTCATGGCAT,0,3074058
rcsBp2,0.16666666666666666,5,5,CATGAGGGATGCCGCTTAGC,0,3097398
rcsBp2,0.16666666666666666,5,5,CATCGCAATGATTGGCAGAG,0,3115404
rcsBp2,0.16666666666666666,5,5,CATAATTGGTACATCACGCC,0,3114023
rcsBp2,0.16666666666666666,5,5,CAGTTATAGGAGAGGAGGAG,0,3097725
rcsBp2,0.16666666666666666,5,5,CAGTGATCCAGGCGGTAAGC,0,3109538
rcsBp2,0.16666666666666666,5,5,CAGTGAGTTGATCATACGAT,0,3112396
rcsBp2,0.16666666666666666,5,5,CAGTCTGTTAATTGTGGACT,0,3098604
rcsBp2,0.16666666666666666,5,5,CAGTCCGGGAAAACGGGTCA,0,3116235
rcsBp2,0.16666666666666666,5,5,CAGTATAGCACAGTGTAAGC,0,3089529
rcsBp2,0.16666666666666666,5,5,CAGGGCGTATCATCAACACC,0,3085455
rcsBp2,0.16666666666666666,5,5,CAGGAGGAACACGAGGGGCA,0,3106018
rcsBp2,0.16666666666666666,5,5,CAGCTCTTTGATACGCAAGC,0,3080918
rcsBp2,0.16666666666666666,5,5,CAGAGGGACGCAGTTTAACG,0,3107376
rcsBp2,0.16666666666666666,5,5,CAGAGCCCTCCTGGCAAGCT,0,3094451
rcsBp2,0.16666666666666666,5,5,CACTTAGTGAGCCGTCAATT,0,3095249
rcsBp2,0.16666666666666666,5,5,CACTGGTCCTGATTCTAATC,0,3119567
rcsBp2,0.16666666666666666,5,5,CACTAATGACTCCGGGCTGT,0,3101235
rcsBp2,0.16666666666666666,5,5,CACGTACAGTACACCGTGCA,0,3110312
rcsBp2,0.16666666666666666,5,5,CACGACGAGTACGGGATGAT,0,3115102
rcsBp2,0.16666666666666666,5,5,CACCTATGTCAAGGGAGGTG,0,3087020
rcsBp2,0.16666666666666666,5,5,CAATTGTCCAAGCGCTTCAA,0,3098717
rcsBp2,0.16666666666666666,5,5,CAATCGGGATAGATTTCCTG,0,3074712
rcsBp2,0.16666666666666666,5,5,CAAGGGTGGTAAACTTGGTT,0,3092582
rcsBp2,0.16666666666666666,5,5,CAACGTTCGGTTCATTCTTT,0,3085337
rcsBp2,0.16666666666666666,5,5,CAACGAGCGTCAGGTGTTAG,0,3102309
rcsBp2,0.16666666666666666,5,5,CAACCGCATAGACGTTTCGC,0,3085766
rcsBp2,0.16666666666666666,5,5,CAACCAGGTCATCGGTGCAA,0,3101191
rcsBp2,0.16666666666666666,5,5,CAAAACATGACCGGTATATT,0,3076375
rcsBp2,0.16666666666666666,5,5,CAAAAACGACACAGGGCCTC,0,3096162
rcsBp2,0.16666666666666666,5,5,ATTTTCGCGTAGGTAGGAAC,0,3101537
rcsBp2,0.16666666666666666,5,5,ATTTGTAGATAATGCCAAGG,0,3111929
rcsBp2,0.16666666666666666,5,5,ATTTGGTTCAATGCAGGGGA,0,3079748
rcsBp2,0.16666666666666666,5,5,ATTTGGAGTACCTCCAGCTA,0,3078829
rcsBp2,0.16666666666666666,5,5,ATTTCGTTTATACCGTGATA,0,3089884
rcsBp2,0.16666666666666666,5,5,ATTTCGACGATATAGTACGA,0,3109368
rcsBp2,0.16666666666666666,5,5,ATTGTCACGTGGGACGCCAT,0,3084637
rcsBp2,0.16666666666666666,5,5,ATTGTAACCGTGTCAGAATA,0,3099845
rcsBp2,0.16666666666666666,5,5,ATTGGGCACCCGATCTCTTC,0,3077879
rcsBp2,0.16666666666666666,5,5,ATTCCGGCCAATCTCATGGC,0,3076927
rcsBp2,0.16666666666666666,5,5,ATTCCGACTTGCCCGGGGCA,0,3078529
rcsBp2,0.16666666666666666,5,5,ATTCAGGAGGTTACGATCGT,0,3074637
rcsBp2,0.16666666666666666,5,5,ATTATTTATTCAATCGGGGA,0,3107279
rcsBp2,0.16666666666666666,5,5,ATTATAAGGTAGACCTGTCC,0,3078579
rcsBp2,0.16666666666666666,5,5,ATTAGGGATGGACGTGCTGG,0,3084377
rcsBp2,0.16666666666666666,5,5,ATTACTAAAAGATTCGAATC,0,3102707
rcsBp2,0.16666666666666666,5,5,ATGTTGACCGGGAGATTTTC,0,3120196
rcsBp2,0.16666666666666666,5,5,ATGTGATCTGCAACGGTGGA,0,3106023
rcsBp2,0.16666666666666666,5,5,ATGTACGCGCCCAATGATAT,0,3119367
rcsBp2,0.16666666666666666,5,5,ATGGTGTCGGACGTGATGTC,0,3103927
rcsBp2,0.16666666666666666,5,5,ATGGGTTAGGGCTAAGTGCT,0,3112457
rcsBp2,0.16666666666666666,5,5,ATGGCCGGGGCCCACTTACA,0,3078717
rcsBp2,0.16666666666666666,5,5,ATGGCAAGCATCACCAGGGT,0,3076716
rcsBp2,0.16666666666666666,5,5,ATGCTACAGCAAGGTTCAGC,0,3113327
rcsBp2,0.16666666666666666,5,5,ATGCGGCAGATTCGACCATT,0,3103568
rcsBp2,0.16666666666666666,5,5,ATGCGCGCTTTCCATCGGGC,0,3114906
rcsBp2,0.16666666666666666,5,5,ATGCCGTATATGTGTGGAAT,0,3076731
rcsBp2,0.16666666666666666,5,5,ATGCCCGCCACCCCCCGAAT,0,3100792
rcsBp2,0.16666666666666666,5,5,ATGCATAGAGGTTCATGCAG,0,3084626
rcsBp2,0.16666666666666666,5,5,ATGCACGCATTATTTATTCA,0,3078946
rcsBp2,0.16666666666666666,5,5,ATGACCATTACTACGTTACT,0,3079806
rcsBp2,0.16666666666666666,5,5,ATGAAACTAGAGCCGGGCCA,0,3080438
rcsBp2,0.16666666666666666,5,5,ATCTAGCCAGCGGCCCTATT,0,3109541
rcsBp2,0.16666666666666666,5,5,ATCGTGCCCAAGGCACCCGC,0,3103357
rcsBp2,0.16666666666666666,5,5,ATCGGTAATGTGAGCTTGCT,0,3093358
rcsBp2,0.16666666666666666,5,5,ATCGGGGGGAAGTCGTAGTA,0,3083934
rcsBp2,0.16666666666666666,5,5,ATCGGCTCAGTTTAGAACCG,0,3093367
rcsBp2,0.16666666666666666,5,5,ATCGCTTAAACACATGACGC,0,3105834
rcsBp2,0.16666666666666666,5,5,ATCGCACACGACCGCAGGGA,0,3079670
rcsBp2,0.16666666666666666,5,5,ATCCTGTGATGGACATAAGA,0,3098230
rcsBp2,0.16666666666666666,5,5,ATCAGTTTACGTCACTCAAT,0,3082840
rcsBp2,0.16666666666666666,5,5,ATCAGTCTCTAAAGATCACT,0,3085023
rcsBp2,0.16666666666666666,5,5,ATCAAGAGGTTAATAGGCCT,0,3092895
rcsBp2,0.16666666666666666,5,5,ATATCGGCACTGGGTTTCTA,0,3090934
rcsBp2,0.16666666666666666,5,5,ATATAATTCCCGAGTCCACA,0,3120966
rcsBp2,0.16666666666666666,5,5,ATAGGATTGGGATATTGCCA,0,3085540
rcsBp2,0.16666666666666666,5,5,ATACCGGTATGGTAGAGCAA,0,3077607
rcsBp2,0.16666666666666666,5,5,ATACCCTCAAGTTACCACTT,0,3103463
rcsBp2,0.16666666666666666,5,5,ATACACCCGACCTCACGGAC,0,3091002
rcsBp2,0.16666666666666666,5,5,ATAATGTGGCACCGCCCTTA,0,3096881
rcsBp2,0.16666666666666666,5,5,ATAAGTTTGGACTATCCGGT,0,3082527
rcsBp2,0.16666666666666666,5,5,ATAAGTGTTTTGCTGCCGGT,0,3106081
rcsBp2,0.16666666666666666,5,5,ATAAATCAGCGCAAGTGTAG,0,3102582
rcsBp2,0.16666666666666666,5,5,ATAAACTTTCTGCTATTGGG,0,3121458
rcsBp2,0.16666666666666666,5,5,ATAAAAGGACACAATCTGCA,0,3120234
rcsBp2,0.16666666666666666,5,5,AGTTTTCCATCCAATTTACC,0,3111774
rcsBp2,0.16666666666666666,5,5,AGTTGGATACATAACCTGCT,0,3106545
rcsBp2,0.16666666666666666,5,5,AGTTCCTCATGAACTCCAGG,0,3097328
rcsBp2,0.16666666666666666,5,5,AGTTCAATCGTCTCACAATA,0,3085952
rcsBp2,0.16666666666666666,5,5,AGTTATATTCAACTCATCTC,0,3107103
rcsBp2,0.16666666666666666,5,5,AGTGGGTCACGCGATCACCA,0,3107035
rcsBp2,0.16666666666666666,5,5,AGTGGCTAGGCCCCCTCCTG,0,3101273
rcsBp2,0.16666666666666666,5,5,AGTGCATAGCTGCTGAAAGG,0,3098068
rcsBp2,0.16666666666666666,5,5,AGTGAGTGCGCAGGTTCGAT,0,3075774
rcsBp2,0.16666666666666666,5,5,AGTGAGGGACAGTGATCTCG,0,3107831
rcsBp2,0.16666666666666666,5,5,AGTCCACTGGAAAGGGCAGA,0,3093650
rcsBp2,0.16666666666666666,5,5,AGTCCACCCTGTCTATTCGC,0,3079387
rcsBp2,0.16666666666666666,5,5,AGTCAGTCCATAAGTGGTAA,0,3118170
rcsBp2,0.16666666666666666,5,5,AGTCAAACGTAAATGTTTAA,0,3086014
rcsBp2,0.16666666666666666,5,5,AGTAGCCAGCCCAAGACTCT,0,3099580
rcsBp2,0.16666666666666666,5,5,AGTAGAAGTATATCTCGCGA,0,3109831
rcsBp2,0.16666666666666666,5,5,AGTACCGGCGATAGACTGAA,0,3087714
rcsBp2,0.16666666666666666,5,5,AGTAATATTTATAGTACCAG,0,3100537
rcsBp2,0.16666666666666666,5,5,AGTAAAGGTACTCCAGGCAT,0,3092390
rcsBp2,0.16666666666666666,5,5,AGGTTGTAGGGAAGTGCGTC,0,3077324
rcsBp2,0.16666666666666666,5,5,AGGTGAACTGACGAGCGCTC,0,3084493
rcsBp2,0.16666666666666666,5,5,AGGTCTGATTCTCGAGAATA,0,3101117
rcsBp2,0.16666666666666666,5,5,AGGTCTGACTGACCCCCCGG,0,3120768
rcsBp2,0.16666666666666666,5,5,AGGATTAAAGATAGTGGGCA,0,3085814
rcsBp2,0.16666666666666666,5,5,AGGATGCTCTGAGAAAGTCA,0,3114488
rcsBp2,0.16666666666666666,5,5,AGGAGCCCGCTGGGCTGGTA,0,3102680
rcsBp2,0.16666666666666666,5,5,AGGACAGTATTACCGAAGCT,0,3114957
rcsBp2,0.16666666666666666,5,5,AGCGCGTGATGCCGTTACGT,0,3103938
rcsBp2,0.16666666666666666,5,5,AGCGAGGCAGCGTATTGGGT,0,3091435
rcsBp2,0.16666666666666666,5,5,AGCGAGAAATGGAGTGAGCT,0,3112878
rcsBp2,0.16666666666666666,5,5,AGCGACAGCGTCCGCCAAAG,0,3108630
rcsBp2,0.16666666666666666,5,5,AGCGAAGCACAAGTACTTTG,0,3113021
rcsBp2,0.16666666666666666,5,5,AGCCTTGTGGGAGGAAGGTA,0,3115710
rcsBp2,0.16666666666666666,5,5,AGCCTAGGACTCTGGTCCTG,0,3091554
rcsBp2,0.16666666666666666,5,5,AGCCTAACCACTACACTGGA,0,3080165
rcsBp2,0.16666666666666666,5,5,AGCCCGCTAGATTCGGGCCA,0,3074931
rcsBp2,0.16666666666666666,5,5,AGCCACTCAGGGTGTTATGA,0,3096012
rcsBp2,0.16666666666666666,5,5,AGCATTCGGGTAGACTGTTG,0,3117529
rcsBp2,0.16666666666666666,5,5,AGATGGATTACTAAATCAGG,0,3085640
rcsBp2,0.16666666666666666,5,5,AGATCCCTCCTACCGTTAGT,0,3119181
rcsBp2,0.16666666666666666,5,5,AGATAAATGTGATCTCGCAT,0,3083460
rcsBp2,0.16666666666666666,5,5,AGAGTCGGTGTAGAGTGCCG,0,3076597
rcsBp2,0.16666666666666666,5,5,AGAGTCCCTTCAGCTGCCGG,0,3084164
rcsBp2,0.16666666666666666,5,5,AGAGGTGAGGTCTGTTTGTC,0,3074500
rcsBp2,0.16666666666666666,5,5,AGAGATCGACTGCGCCCAGT,0,3089517
rcsBp2,0.16666666666666666,5,5,AGACGATCGTTTCCGTGAGA,0,3101220
rcsBp2,0.16666666666666666,5,5,AGACGACCACGGGCGCGGGA,0,3112604
rcsBp2,0.16666666666666666,5,5,AGACCACGGGAATGACAGCC,0,3092605
rcsBp2,0.16666666666666666,5,5,AGAATTGCGGTTACACTCAG,0,3104384
rcsBp2,0.16666666666666666,5,5,AGAACACGGAACTGCGTCAT,0,3103037
rcsBp2,0.16666666666666666,5,5,AGAAACAGGCACTGGGCTAA,0,3118256
rcsBp2,0.16666666666666666,5,5,ACTTGGTCCACGAACAATCA,0,3100610
rcsBp2,0.16666666666666666,5,5,ACTGTTCCATACAGATACTA,0,3112162
rcsBp2,0.16666666666666666,5,5,ACTGGTGGGTTTTGTACCCC,0,3103917
rcsBp2,0.16666666666666666,5,5,ACTGGTAGTTAGTGGATGAC,0,3107640
rcsBp2,0.16666666666666666,5,5,ACTCTGGACCACAGGAAGCA,0,3119274
rcsBp2,0.16666666666666666,5,5,ACTCTATCATCCCGCATATG,0,3092592
rcsBp2,0.16666666666666666,5,5,ACTCGTATAGCAACGACGCT,0,3116329
rcsBp2,0.16666666666666666,5,5,ACTCGAGATGCGAAGGTGTC,0,3075862
rcsBp2,0.16666666666666666,5,5,ACTCGAAGTCCGGTAGTTTT,0,3082925
rcsBp2,0.16666666666666666,5,5,ACTAGCTAATGGGCTATTTT,0,3096440
rcsBp2,0.16666666666666666,5,5,ACTAGCCGTGCTCCGCTTTC,0,3075479
rcsBp2,0.16666666666666666,5,5,ACTAAGAACACCGTGCATAT,0,3075003
rcsBp2,0.16666666666666666,5,5,ACGTGGGGATAAAAGGATAT,0,3103093
rcsBp2,0.16666666666666666,5,5,ACGGTCAGGTGACACCGTGA,0,3081162
rcsBp2,0.16666666666666666,5,5,ACGGGGCCTTACCCTCGATT,0,3087818
rcsBp2,0.16666666666666666,5,5,ACGGGGACATCGCCCAGCCC,0,3107288
rcsBp2,0.16666666666666666,5,5,ACGGAGCCATCAAAGGTCGC,0,3105588
rcsBp2,0.16666666666666666,5,5,ACGCTAGGGAACTCCCGGCG,0,3093553
rcsBp2,0.16666666666666666,5,5,ACGCCAGCGAGGAGGGGAGT,0,3118813
rcsBp2,0.16666666666666666,5,5,ACGCATTAACGCGCCCCTAC,0,3114201
rcsBp2,0.16666666666666666,5,5,ACGCAGGAGCCGGGAGTTTA,0,3080184
rcsBp2,0.16666666666666666,5,5,ACGACCTGCTATGCGAACTA,0,3087039
rcsBp2,0.16666666666666666,5,5,ACCTTTATGGGTTCATCGCC,0,3111924
rcsBp2,0.16666666666666666,5,5,ACCTAAACCCATCCCCGCTG,0,3098563
rcsBp2,0.16666666666666666,5,5,ACCGAGTAAAAGTTCCGATA,0,3120341
rcsBp2,0.16666666666666666,5,5,ACCCTCCGAGCACCATCAAT,0,3111683
rcsBp2,0.16666666666666666,5,5,ACCCCGGCCGGTACGGCCCT,0,3117707
rcsBp2,0.16666666666666666,5,5,ACCATGGGTCAGTCGCGTCC,0,3112720
rcsBp2,0.16666666666666666,5,5,ACCATGGGCTACTTACCTGA,0,3105544
rcsBp2,0.16666666666666666,5,5,ACCACCTATTAGAGGTCCCT,0,3079041
rcsBp2,0.16666666666666666,5,5,ACATTCCCGCAATCCACTCC,0,3102637
rcsBp2,0.16666666666666666,5,5,ACATTATCCGCAGGCACCCT,0,3111804
rcsBp2,0.16666666666666666,5,5,ACATGTGATGTTCTTGGTAC,0,3110358
rcsBp2,0.16666666666666666,5,5,ACATGGTATCAGTTCCGTGA,0,3119262
rcsBp2,0.16666666666666666,5,5,ACATGACAGCGGCTGTGCCT,0,3083937
rcsBp2,0.16666666666666666,5,5,ACAGTATCAACGGATGTCCC,0,3104531
rcsBp2,0.16666666666666666,5,5,ACAGGTAAAAAGCGTTCTGA,0,3079254
rcsBp2,0.16666666666666666,5,5,ACACAGGCCGTCAGTGTAGC,0,3097808
rcsBp2,0.16666666666666666,5,5,ACAAGGCCATTATGAGGTGT,0,3085069
rcsBp2,0.16666666666666666,5,5,ACAAAGAATGCTTGCGGCGT,0,3096822
rcsBp2,0.16666666666666666,5,5,ACAAACTCCCGTTCCAAAGC,0,3083994
rcsBp2,0.16666666666666666,5,5,AATTTAGTGCAGGATTTTTG,0,3108816
rcsBp2,0.16666666666666666,5,5,AATTGCTATCGAATCTCGAT,0,3116699
rcsBp2,0.16666666666666666,5,5,AATGTCCACAGCTGTGAAAA,0,3086844
rcsBp2,0.16666666666666666,5,5,AATGTACAGGGGCGATAGGC,0,3080578
rcsBp2,0.16666666666666666,5,5,AATGGGTTGCGACGATGCTG,0,3092087
rcsBp2,0.16666666666666666,5,5,AATGGGATGTTTATCACCCT,0,3122413
rcsBp2,0.16666666666666666,5,5,AATGGCGGGCTATAGGCGAC,0,3096864
rcsBp2,0.16666666666666666,5,5,AATGCGCCTAAAAGAGGGAT,0,3085541
rcsBp2,0.16666666666666666,5,5,AATGCGAATTTATGGCAAAG,0,3092784
rcsBp2,0.16666666666666666,5,5,AATGATCTAAAGGCAAGACA,0,3077611
rcsBp2,0.16666666666666666,5,5,AATCCACGAGTGCGCTGGAT,0,3079308
rcsBp2,0.16666666666666666,5,5,AATACTCCATGTCAGGGGCT,0,3114893
rcsBp2,0.16666666666666666,5,5,AAGTTGTGATATCGTCCATA,0,3083654
rcsBp2,0.16666666666666666,5,5,AAGTTGGGGTGTCGTTTAGT,0,3107601
rcsBp2,0.16666666666666666,5,5,AAGTTGCCCAGTTTAGTGTG,0,3082519
rcsBp2,0.16666666666666666,5,5,AAGTCAACCTCTCTCGTCTT,0,3105335
rcsBp2,0.16666666666666666,5,5,AAGGGCCGCTATGAGTATCT,0,3122593
rcsBp2,0.16666666666666666,5,5,AAGGCCTCACAAGACGCTTG,0,3120667
rcsBp2,0.16666666666666666,5,5,AAGCGTGCCCGAGCGTAACT,0,3095073
rcsBp2,0.16666666666666666,5,5,AAGCGTAGATCATAGGATAT,0,3112634
rcsBp2,0.16666666666666666,5,5,AAGCGCCGTGCAGATTTACT,0,3105609
rcsBp2,0.16666666666666666,5,5,AAGCACCTGGGCGGATCTCA,0,3120691
rcsBp2,0.16666666666666666,5,5,AAGATCGGACGACTATGCAT,0,3107367
rcsBp2,0.16666666666666666,5,5,AACTGTAGGACGGACTTTGC,0,3103665
rcsBp2,0.16666666666666666,5,5,AACTCCTGAAACAATCAGTG,0,3090944
rcsBp2,0.16666666666666666,5,5,AACTATCCGGGTCTGGCTCC,0,3085451
rcsBp2,0.16666666666666666,5,5,AACTAAAGAACAATATGCAT,0,3117720
rcsBp2,0.16666666666666666,5,5,AACGGACGATACACCTGCTC,0,3097180
rcsBp2,0.16666666666666666,5,5,AACGACCAAAAACATTATTG,0,3086941
rcsBp2,0.16666666666666666,5,5,AACCTATCGGTCCATATATT,0,3084492
rcsBp2,0.16666666666666666,5,5,AACCCTTGGGTTGTTGTTGA,0,3083489
rcsBp2,0.16666666666666666,5,5,AACCCAGGCGCTGGATATCC,0,3098710
rcsBp2,0.16666666666666666,5,5,AACATGTGTTCCCCACCTTG,0,3120370
rcsBp2,0.16666666666666666,5,5,AACAGTTTGAACCTGATATC,0,3111858
rcsBp2,0.16666666666666666,5,5,AACAGGAGGTTGGATGAGAC,0,3087284
rcsBp2,0.16666666666666666,5,5,AACAGCTCGTGCTAGGTGAA,0,3098785
rcsBp2,0.16666666666666666,5,5,AACAGCATGGTCCTCCGGGA,0,3088742
rcsBp2,0.16666666666666666,5,5,AACACTTGTCATTGCGTGAC,0,3098079
rcsBp2,0.16666666666666666,5,5,AACACACAGGCCAGACCGCC,0,3092062
rcsBp2,0.16666666666666666,5,5,AAATGAACACTCGGGTTGGG,0,3099601
rcsBp2,0.16666666666666666,5,5,AAATCCACTCGTCTTCACTC,0,3090953
rcsBp2,0.16666666666666666,5,5,AAATATTTCGTAATTCTTCA,0,3094182
rcsBp2,0.16666666666666666,5,5,AAAGATGAGCGCTTGGGGCT,0,3096837
rcsBp2,0.16666666666666666,5,5,AAACTCGGGTCGCCACATGT,0,3085660
rcsBp2,0.16666666666666666,5,5,AAACCCGATCGCTTGCACTG,0,3120700
rcsBp2,0.16666666666666666,5,5,AAACAATTCGTGCCACTGCT,0,3116769
rcsBp2,0.2,4,4,TTTTGTATGCTGATAGTGTG,0,3112586
rcsBp2,0.2,4,4,TTTTGGCACTCCTAGGATGT,0,3086067
rcsBp2,0.2,4,4,TTTTACCTAGAATGATGAGG,0,3090753
rcsBp2,0.2,4,4,TTTGTGTCAGCGTACGGGAC,0,3083957
rcsBp2,0.2,4,4,TTTGGCGGCAACGAGCGAAA,0,3113859
rcsBp2,0.2,4,4,TTTGGCCGCTGACTTTAGAA,0,3099078
rcsBp2,0.2,4,4,TTTGCCTTTGGCGGGCGTCG,0,3101136
rcsBp2,0.2,4,4,TTTCTCGGGTATTCCATTGC,0,3121406
rcsBp2,0.2,4,4,TTTCCGAGGGTAATGTCCTC,0,3085717
rcsBp2,0.2,4,4,TTTCATAAGACTGGCCCTGG,0,3092798
rcsBp2,0.2,4,4,TTTCAAAGTTCGCTAGCATT,0,3108422
rcsBp2,0.2,4,4,TTTAGCCCCCGCGGGCCGGT,0,3116409
rcsBp2,0.2,4,4,TTTAAGCCTACCTCTTGGCA,0,3095532
rcsBp2,0.2,4,4,TTTAACCCCCTCCGTTTGTT,0,3073945
rcsBp2,0.2,4,4,TTGTTCGAGAGGGCATCGTT,0,3111320
rcsBp2,0.2,4,4,TTGTGTGTTGATCAAAAATA,0,3105551
rcsBp2,0.2,4,4,TTGTAGCTGCTGACGCATCA,0,3084102
rcsBp2,0.2,4,4,TTGGTTTTTTGTCCTCACGT,0,3102799
rcsBp2,0.2,4,4,TTGGTAGTATTAATATTGGC,0,3106309
rcsBp2,0.2,4,4,TTGGGTGTTCACTCAGGATG,0,3110653
rcsBp2,0.2,4,4,TTGGGATGTAATTATAGGCT,0,3103109
rcsBp2,0.2,4,4,TTGGCGGAATACCGAACCTA,0,3118693
rcsBp2,0.2,4,4,TTGGACATCGGAATTTTAAT,0,3111720
rcsBp2,0.2,4,4,TTGGAAAAGCTTAAGTTTTC,0,3115035
rcsBp2,0.2,4,4,TTGCAGGCGGATATTCTTCA,0,3084659
rcsBp2,0.2,4,4,TTGCACCAACTCGCTCTCAA,0,3119940
rcsBp2,0.2,4,4,TTGATCTAAACGGCCCAGAT,0,3118088
rcsBp2,0.2,4,4,TTGATCGCCCGGGTGGGAGT,0,3092326
rcsBp2,0.2,4,4,TTGATAGTCCTCTGACCGCG,0,3073763
rcsBp2,0.2,4,4,TTGATAGCCGCTATATCGCT,0,3122717
rcsBp2,0.2,4,4,TTGAGAGAGCCAGGAGGCAA,0,3099643
rcsBp2,0.2,4,4,TTGAGAAGGACGACAAGGTC,0,3091452
rcsBp2,0.2,4,4,TTGAAGATGGTATCGAGAAT,0,3082471
rcsBp2,0.2,4,4,TTGAAATCGTTGGAGCTTCG,0,3108509
rcsBp2,0.2,4,4,TTCTTCCCCCAAGACTATTT,0,3108047
rcsBp2,0.2,4,4,TTCTGTCTTCCAAGGATCAG,0,3110183
rcsBp2,0.2,4,4,TTCTGGCGTTTCAGTCTGGA,0,3107009
rcsBp2,0.2,4,4,TTCTATTTCCCGTCACGATG,0,3084564
rcsBp2,0.2,4,4,TTCTATGGCAGAATTTCTGA,0,3119082
rcsBp2,0.2,4,4,TTCTATAAGATCCTGATGCC,0,3107908
rcsBp2,0.2,4,4,TTCTAATGACCTGCTGATCC,0,3074922
rcsBp2,0.2,4,4,TTCGGATCGAATTGCTGTTA,0,3096278
rcsBp2,0.2,4,4,TTCGAGGGCCGAACTTGTGG,0,3111056
rcsBp2,0.2,4,4,TTCCTAGGGAATGAAATCAT,0,3086211
rcsBp2,0.2,4,4,TTCCCCTGTGTCGTCGCAAA,0,3120726
rcsBp2,0.2,4,4,TTCCATCATTGTGCAGCATA,0,3075009
rcsBp2,0.2,4,4,TTCATGTCATTAAGAGTCCA,0,3089680
rcsBp2,0.2,4,4,TTCATCTATGGAGTGTTCTA,0,3099772
rcsBp2,0.2,4,4,TTCAGTGGTACCGGAAATCC,0,3109165
rcsBp2,0.2,4,4,TTCAATTATCAGATGTGTTG,0,3107423
rcsBp2,0.2,4,4,TTATTTGCCATGTCTACGTC,0,3092901
rcsBp2,0.2,4,4,TTATTGCAGGGCATATGAAT,0,3109091
rcsBp2,0.2,4,4,TTATGTCGGCTTACGTTTTA,0,3106462
rcsBp2,0.2,4,4,TTATACGCGATATCTCGCGA,0,3099001
rcsBp2,0.2,4,4,TTAGTGCGAGGGTGTGAGCC,0,3121784
rcsBp2,0.2,4,4,TTAGTAACCACAGCGGCAGT,0,3121809
rcsBp2,0.2,4,4,TTAGGCTGCGGGGAATGGTT,0,3094905
rcsBp2,0.2,4,4,TTAGGAGACGTATCTTTCTG,0,3089970
rcsBp2,0.2,4,4,TTACTAAGGAATACTTACGA,0,3105686
rcsBp2,0.2,4,4,TTACAGATGTGATGGTCTGA,0,3100238
rcsBp2,0.2,4,4,TTAAGTTGCACAGCTGAAAA,0,3092731
rcsBp2,0.2,4,4,TTAAGAGCAACCGTACCCTA,0,3120214
rcsBp2,0.2,4,4,TGTTTTTATCGGTACTAATA,0,3084571
rcsBp2,0.2,4,4,TGTTTCAACAGCAATGACGG,0,3112780
rcsBp2,0.2,4,4,TGTTGTCTTCTACGGGCGTA,0,3079406
rcsBp2,0.2,4,4,TGTGTTACAATGTGCGGAAG,0,3082854
rcsBp2,0.2,4,4,TGTGTGAAACGGTCCTTAAG,0,3090955
rcsBp2,0.2,4,4,TGTCTTTGACCAGGCCCATT,0,3104206
rcsBp2,0.2,4,4,TGTCAGTCATATTTTCGCAA,0,3122312
rcsBp2,0.2,4,4,TGTCACTAACAGATACTCAG,0,3104468
rcsBp2,0.2,4,4,TGTCAAGTTCCCTAACGTGC,0,3117656
rcsBp2,0.2,4,4,TGTACCGGACACGATACGCT,0,3109290
rcsBp2,0.2,4,4,TGTAACCGGAACGCCACACA,0,3073986
rcsBp2,0.2,4,4,TGGTGCCAGGCATAATCGAA,0,3091316
rcsBp2,0.2,4,4,TGGTGCAACGCAGACCCCGG,0,3111640
rcsBp2,0.2,4,4,TGGTGAGATTAAGGATTATG,0,3089127
rcsBp2,0.2,4,4,TGGTCACTAAACGGGGTATG,0,3090792
rcsBp2,0.2,4,4,TGGGTCCGATTGAGTTTCCT,0,3074569
rcsBp2,0.2,4,4,TGGGCGCCCTAAGATGTGCA,0,3098676
rcsBp2,0.2,4,4,TGGGACCCCGGGTCCCTGCT,0,3095465
rcsBp2,0.2,4,4,TGGGACAGTCTCCTGTTTGC,0,3075867
rcsBp2,0.2,4,4,TGGCGTCTAATTTGCTATTT,0,3100928
rcsBp2,0.2,4,4,TGGCGATATCCTTCCCGTGA,0,3093481
rcsBp2,0.2,4,4,TGGCCAATGATGACCGGCCT,0,3081529
rcsBp2,0.2,4,4,TGGCACTTCTCAACGCCACC,0,3104082
rcsBp2,0.2,4,4,TGGACTCACGTGACAAGAGA,0,3110962
rcsBp2,0.2,4,4,TGGAAGTTACGTCAGAACAC,0,3085111
rcsBp2,0.2,4,4,TGGAAGTGTGAACTAAGCAT,0,3076747
rcsBp2,0.2,4,4,TGCTTCACCGCTGAACGAAG,0,3093127
rcsBp2,0.2,4,4,TGCTAATCCGAAACTGAGAA,0,3093018
rcsBp2,0.2,4,4,TGCGAGCTTGTGGTGGACAG,0,3118163
rcsBp2,0.2,4,4,TGCGAAGTGGCCGCAGAGAC,0,3116811
rcsBp2,0.2,4,4,TGCCGATTCGGTCTGAACGG,0,3083336
rcsBp2,0.2,4,4,TGCCCCAAATCAGCGGCTTT,0,3102273
rcsBp2,0.2,4,4,TGCCCACCTCATATTGTATC,0,3121005
rcsBp2,0.2,4,4,TGCAAGGGTAGTAACCACAT,0,3095042
rcsBp2,0.2,4,4,TGATTTGTGCATCGCAGAGT,0,3110967
rcsBp2,0.2,4,4,TGATGAGAGTGCTCCAATAA,0,3118517
rcsBp2,0.2,4,4,TGATCTAGGCTCGCGCTATT,0,3074777
rcsBp2,0.2,4,4,TGAGTGGATTGGTGACCGTC,0,3119667
rcsBp2,0.2,4,4,TGAGTGGAAACCTCGGGAGG,0,3087989
rcsBp2,0.2,4,4,TGAGCATTGCAGCACTTCAG,0,3079519
rcsBp2,0.2,4,4,TGAGCAGGCTCGGTATGGAT,0,3075015
rcsBp2,0.2,4,4,TGAGATCAGTTCACAGAGTG,0,3082810
rcsBp2,0.2,4,4,TGACTACATAGAGAAGCGGT,0,3093589
rcsBp2,0.2,4,4,TGACAAAGTACTGGTCTTCG,0,3119080
rcsBp2,0.2,4,4,TGAATTTTTAGTTCCTTTTC,0,3111775
rcsBp2,0.2,4,4,TGAATTGCGGTCGTCCGAGC,0,3078859
rcsBp2,0.2,4,4,TGAAGGCTGTAACTTGCTGC,0,3100481
rcsBp2,0.2,4,4,TGAAGGCATTTAGGACCTAC,0,3107377
rcsBp2,0.2,4,4,TGAACTTATTCCCCGCGGCA,0,3092963
rcsBp2,0.2,4,4,TGAACTGCGGCCACCTGTCT,0,3105601
rcsBp2,0.2,4,4,TGAACCGATGTACTATACCA,0,3094683
rcsBp2,0.2,4,4,TGAAAACTCTGGCTGACTCG,0,3095022
rcsBp2,0.2,4,4,TCTTTCGGCCGCTGGCTTGC,0,3077416
rcsBp2,0.2,4,4,TCTGGGAGAAGAATGAGCGC,0,3095494
rcsBp2,0.2,4,4,TCTGCGAGTACTGACATATA,0,3087761
rcsBp2,0.2,4,4,TCTGCATCAGACAATCGGGA,0,3104464
rcsBp2,0.2,4,4,TCTGCACCTTACTTCTGCAT,0,3118774
rcsBp2,0.2,4,4,TCTGATAGAGGCCGACTAAG,0,3107980
rcsBp2,0.2,4,4,TCTGAGTGCCGAGAGATCTT,0,3119406
rcsBp2,0.2,4,4,TCTCGCTGATCGAAGGTAGT,0,3082384
rcsBp2,0.2,4,4,TCTCCGCGCATTTCTCTCAC,0,3106318
rcsBp2,0.2,4,4,TCTCATGTGTCCTGAGACTA,0,3101132
rcsBp2,0.2,4,4,TCTCATAGTTGAGTACAGTA,0,3112330
rcsBp2,0.2,4,4,TCTCACAGCGAGGGGTTCTG,0,3091755
rcsBp2,0.2,4,4,TCTATGATTAAAATTGTCTT,0,3098571
rcsBp2,0.2,4,4,TCTACTCAAATCCACCTGCA,0,3100152
rcsBp2,0.2,4,4,TCTACAAGTAGGCTCGTAGT,0,3098796
rcsBp2,0.2,4,4,TCGTTGCACGTATGCCAGCG,0,3081244
rcsBp2,0.2,4,4,TCGTGCACTTCCCTTGCGGG,0,3111761
rcsBp2,0.2,4,4,TCGTCCCTACCGGAGGGCAG,0,3091211
rcsBp2,0.2,4,4,TCGGGGCCTGACCGGCAAGA,0,3107440
rcsBp2,0.2,4,4,TCGGATTATTGATGGTATAC,0,3093357
rcsBp2,0.2,4,4,TCGGACAAAGAAATGGTCTT,0,3111620
rcsBp2,0.2,4,4,TCGACTCCACAGATTCTGGT,0,3097698
rcsBp2,0.2,4,4,TCCGGATTCTAGCAATTCTT,0,3077140
rcsBp2,0.2,4,4,TCCGATTTGGGCTAAACTCA,0,3078219
rcsBp2,0.2,4,4,TCCCTTTGATTCCCGGAAAG,0,3119013
rcsBp2,0.2,4,4,TCCCATGGAAACCGGCTTTG,0,3104575
rcsBp2,0.2,4,4,TCCAGTGATGTCCAATACCA,0,3117174
rcsBp2,0.2,4,4,TCCAATCCACACAGAGGGAG,0,3089239
rcsBp2,0.2,4,4,TCCAATATAGCTGGTATATA,0,3105689
rcsBp2,0.2,4,4,TCCAAAGTCCCTAGAGCCAT,0,3096543
rcsBp2,0.2,4,4,TCATTACTTGCGTTTCACTA,0,3087095
rcsBp2,0.2,4,4,TCATTACTCGCCATAGATTT,0,3078244
rcsBp2,0.2,4,4,TCATGTTATTAGCAAGTCCA,0,3103579
rcsBp2,0.2,4,4,TCATGGAAACGGTCGATCTA,0,3095748
rcsBp2,0.2,4,4,TCATATGATAGTCAATCAGT,0,3105806
rcsBp2,0.2,4,4,TCATAGCCTCCATTAGCCAC,0,3078450
rcsBp2,0.2,4,4,TCATACGTACCACATCTGAG,0,3077351
rcsBp2,0.2,4,4,TCAGCAGTAAGGATCGGCGT,0,3086099
rcsBp2,0.2,4,4,TCACTTTGGTCGCTAAAAAG,0,3100479
rcsBp2,0.2,4,4,TCACGTAGGGATACCTACTT,0,3084138
rcsBp2,0.2,4,4,TCACGATGTATATTTTAATC,0,3115488
rcsBp2,0.2,4,4,TCACACAGCGAGATTCTAAG,0,3114002
rcsBp2,0.2,4,4,TCACAAAGAAAACTCTAGAT,0,3100081
rcsBp2,0.2,4,4,TCAACACTTGGCACCGCCAC,0,3107562
rcsBp2,0.2,4,4,TATTGTTTTTTGGCAGAGAG,0,3108974
rcsBp2,0.2,4,4,TATGTCTGGTAAGATCAGTT,0,3079425
rcsBp2,0.2,4,4,TATGTAGAAACTTAATTATA,0,3087960
rcsBp2,0.2,4,4,TATGGATCGTCATCGCGTCC,0,3094944
rcsBp2,0.2,4,4,TATGCTTTAGCAAACGTACC,0,3112220
rcsBp2,0.2,4,4,TATGCGATTTCAGGTAATCT,0,3110894
rcsBp2,0.2,4,4,TATGCCCGCCTGCATACCAT,0,3097764
rcsBp2,0.2,4,4,TATGATCCGCAGGTTTGTCA,0,3092309
rcsBp2,0.2,4,4,TATCATCCAGCATCAAAGAT,0,3085366
rcsBp2,0.2,4,4,TATAATGTCTTACGGTCTCA,0,3121133
rcsBp2,0.2,4,4,TAGGCCAGACAGGACACAAT,0,3106073
rcsBp2,0.2,4,4,TAGGCAGCCTAGTCATGGTA,0,3097517
rcsBp2,0.2,4,4,TAGGACCAGCTTCAGGGGTA,0,3104523
rcsBp2,0.2,4,4,TAGCTTCAGATTCCAACACC,0,3092387
rcsBp2,0.2,4,4,TAGCCGGGTATGTTACGATT,0,3119456
rcsBp2,0.2,4,4,TAGATGTCGTGCTCCTCACG,0,3111841
rcsBp2,0.2,4,4,TAGATCGTGCGGCGGCTGCG,0,3077091
rcsBp2,0.2,4,4,TAGAGTTTTATCTAGAAGTT,0,3098457
rcsBp2,0.2,4,4,TAGAGCGTCTATTGGGTTCT,0,3076610
rcsBp2,0.2,4,4,TAGAAGGCAATCGTCTGTCT,0,3113744
rcsBp2,0.2,4,4,TACTTATACGTCGTCGGCCT,0,3088590
rcsBp2,0.2,4,4,TACTGAAAATATCTTTACGG,0,3099534
rcsBp2,0.2,4,4,TACTCGGTATACGGGATATA,0,3077197
rcsBp2,0.2,4,4,TACTCAAATCTACCATTTGG,0,3103681
rcsBp2,0.2,4,4,TACTATGAAGGGCGTTGGTG,0,3097123
rcsBp2,0.2,4,4,TACTATACTCGTCACTCAGG,0,3095351
rcsBp2,0.2,4,4,TACGTTCACCATGCACGTTT,0,3091745
rcsBp2,0.2,4,4,TACGTAATCTCCAGTCTCAA,0,3079044
rcsBp2,0.2,4,4,TACGGGGTACTCCTAGATTA,0,3084854
rcsBp2,0.2,4,4,TACGGCCGGTGCGGCCCGTT,0,3084504
rcsBp2,0.2,4,4,TACCCTAGGGCCGAGGGGAG,0,3116146
rcsBp2,0.2,4,4,TACCCCAGCCTAGCTGCTCA,0,3115684
rcsBp2,0.2,4,4,TACCAAGAGGCGGCCACGAG,0,3080467
rcsBp2,0.2,4,4,TACATAATAAGGGCCTGTTT,0,3078267
rcsBp2,0.2,4,4,TACAGACCAATATGTGTGGA,0,3089301
rcsBp2,0.2,4,4,TACAATCTGGGAGAGCAGTG,0,3120947
rcsBp2,0.2,4,4,TAAGTTGAGTGCTTCTCGCC,0,3081338
rcsBp2,0.2,4,4,TAAGTCGGAGAGTAACCAGA,0,3105305
rcsBp2,0.2,4,4,TAAGTACTGTCCAAGCATTG,0,3089958
rcsBp2,0.2,4,4,TAAGGTACTTACTTGGTATG,0,3100193
rcsBp2,0.2,4,4,TAACTGCGGGACCCAAAGAC,0,3099410
rcsBp2,0.2,4,4,TAACTACTTTCAATGCTACA,0,3110587
rcsBp2,0.2,4,4,TAACGATCAGTTCGAAAGTG,0,3074149
rcsBp2,0.2,4,4,TAACATACATTTTGATTTAT,0,3104599
rcsBp2,0.2,4,4,TAACAGCGGCCATCGATAGA,0,3122786
rcsBp2,0.2,4,4,TAACACAGCGTAGGCGAAAT,0,3084816
rcsBp2,0.2,4,4,TAACAAGATCTCTTGAGGTT,0,3090987
rcsBp2,0.2,4,4,TAAATGGATCGGTTTGATGG,0,3099610
rcsBp2,0.2,4,4,TAAAGGATCCTATCTGCCTT,0,3105254
rcsBp2,0.2,4,4,TAAAAGCTAAGCGTCAAGTG,0,3084634
rcsBp2,0.2,4,4,GTTTCGTTTCATTCAATTAG,0,3085159
rcsBp2,0.2,4,4,GTTGTGCCACTTCCCCGATC,0,3109574
rcsBp2,0.2,4,4,GTTGTAACCTTCCAACGTTT,0,3079952
rcsBp2,0.2,4,4,GTTGCTGTACCGATATCCAC,0,3119781
rcsBp2,0.2,4,4,GTTACCAACTTACGACTCAT,0,3104431
rcsBp2,0.2,4,4,GTTAATAGAATTGGCTCAAC,0,3084636
rcsBp2,0.2,4,4,GTGTTCCTTGCGGCCATGGA,0,3097636
rcsBp2,0.2,4,4,GTGTGGGGTGACCACTGAAT,0,3081353
rcsBp2,0.2,4,4,GTGTCTGCAATACATTGTAT,0,3090064
rcsBp2,0.2,4,4,GTGTATGTTACTTTCATAAT,0,3111046
rcsBp2,0.2,4,4,GTGGGTTTCCACTGGTGTGG,0,3078665
rcsBp2,0.2,4,4,GTGGGAGTTGACCACTCAAC,0,3087131
rcsBp2,0.2,4,4,GTGGCTAGAGTGGCACTAGA,0,3107550
rcsBp2,0.2,4,4,GTGGCCAACCTGCTCAAAGT,0,3074602
rcsBp2,0.2,4,4,GTGGACTGTGGTTAAGGTCG,0,3089553
rcsBp2,0.2,4,4,GTGCGTTATTCGTGCCTACT,0,3087921
rcsBp2,0.2,4,4,GTGCATTGAAGCTAATTTGT,0,3121541
rcsBp2,0.2,4,4,GTGATTGATATGTGCCGTGC,0,3120357
rcsBp2,0.2,4,4,GTGATCGAGCGCATCGCCCA,0,3089334
rcsBp2,0.2,4,4,GTGAATTATCATCTCAACGA,0,3074962
rcsBp2,0.2,4,4,GTGAATAAGTACTTCCTGAG,0,3102574
rcsBp2,0.2,4,4,GTGAACTTCAGAGGCTACTA,0,3090499
rcsBp2,0.2,4,4,GTCTGTAACCGATCATTGAG,0,3106571
rcsBp2,0.2,4,4,GTCTGGGTATCATGACTTCA,0,3103838
rcsBp2,0.2,4,4,GTCTGACCGGGGGGTTCGTG,0,3081413
rcsBp2,0.2,4,4,GTCTCTACATCTTGGTTGTA,0,3107215
rcsBp2,0.2,4,4,GTCTAGTGGATAGTAATCGG,0,3083991
rcsBp2,0.2,4,4,GTCGGCAACCCTTTGGCCAA,0,3088640
rcsBp2,0.2,4,4,GTCGAGCCTCGAGATAAATA,0,3103404
rcsBp2,0.2,4,4,GTCCTGTTCAACATCGGTTA,0,3073846
rcsBp2,0.2,4,4,GTCCGGCAACCAGGCCCCTA,0,3117064
rcsBp2,0.2,4,4,GTCCGAGGTAGTCTACGCTG,0,3087944
rcsBp2,0.2,4,4,GTCAGTTATTAGTACGCCCA,0,3081926
rcsBp2,0.2,4,4,GTCACAGGGCGGTATTGAGA,0,3102442
rcsBp2,0.2,4,4,GTCAATGGCACAACAGAGGA,0,3092216
rcsBp2,0.2,4,4,GTCAAGGAGTTCCCATGGTT,0,3083412
rcsBp2,0.2,4,4,GTATTATCTGTTTGGCTACG,0,3113334
rcsBp2,0.2,4,4,GTAGTTAACGCGACTAAAAG,0,3092475
rcsBp2,0.2,4,4,GTAGGTGGGTCGGCCAGAAA,0,3093612
rcsBp2,0.2,4,4,GTAGCTAATGGCCGGTGGTT,0,3090400
rcsBp2,0.2,4,4,GTAGCGTCGAGAACTCACGA,0,3076254
rcsBp2,0.2,4,4,GTACGCATCTTCCGAGGGGG,0,3090732
rcsBp2,0.2,4,4,GTACGACAGCTACTTGTAGC,0,3083628
rcsBp2,0.2,4,4,GTACCTGTCGGTACAACATC,0,3097807
rcsBp2,0.2,4,4,GTACCTCGGGAGGTGGTACG,0,3120468
rcsBp2,0.2,4,4,GTACCGGGCGTCATTAAGGC,0,3121637
rcsBp2,0.2,4,4,GTAAACTTATTCACCTGCCT,0,3097906
rcsBp2,0.2,4,4,GTAAAATTGCTTTTGAGGGA,0,3099302
rcsBp2,0.2,4,4,GGTTTTACTGAGATCCAACT,0,3098012
rcsBp2,0.2,4,4,GGTTTCACTCTTGCAATGTA,0,3121718
rcsBp2,0.2,4,4,GGTTTATCATGAACGCTGGG,0,3076158
rcsBp2,0.2,4,4,GGTTTAGAGCTACGAGGTAC,0,3117242
rcsBp2,0.2,4,4,GGTTGATGTTCCGAAGTATT,0,3076906
rcsBp2,0.2,4,4,GGTTCGTCGTCGGGCCGGAG,0,3105559
rcsBp2,0.2,4,4,GGTTCCATACGGGTGATTAC,0,3120703
rcsBp2,0.2,4,4,GGTTAGTCGCTTTATATCGA,0,3084191
rcsBp2,0.2,4,4,GGTTACTATAGTGTTTCTCA,0,3098576
rcsBp2,0.2,4,4,GGTTACGTCGTTTCTTTTGT,0,3108113
rcsBp2,0.2,4,4,GGTCTGTGGGAAAATAGTGT,0,3115209
rcsBp2,0.2,4,4,GGTCCTGGTGGAAATTCTCA,0,3079527
rcsBp2,0.2,4,4,GGTCATACTCGACGATGGGG,0,3120106
rcsBp2,0.2,4,4,GGTATTACCCGGTATCACCA,0,3097644
rcsBp2,0.2,4,4,GGTATCCCCTCCTATCAACA,0,3091373
rcsBp2,0.2,4,4,GGTAGTTGCTGCCTCCTAGC,0,3096361
rcsBp2,0.2,4,4,GGTAGAAGAAGCATTTTTTG,0,3078284
rcsBp2,0.2,4,4,GGTACTGAGACTGATGTTAA,0,3094025
rcsBp2,0.2,4,4,GGTACGAGCGTTTTATTATC,0,3107143
rcsBp2,0.2,4,4,GGGTTTCAATACGTGAAGTA,0,3098209
rcsBp2,0.2,4,4,GGGTGATCTGTGTCTCTTGC,0,3111488
rcsBp2,0.2,4,4,GGGGGTACAACTCGGATTAT,0,3122464
rcsBp2,0.2,4,4,GGGGGCCACCCCCCGGGGGG,0,3100662
rcsBp2,0.2,4,4,GGGGGATGGGGGCTGGACAT,0,3108615
rcsBp2,0.2,4,4,GGGCTTGGAGTTTGAATCCC,0,3098950
rcsBp2,0.2,4,4,GGGCGGGTCCTAGATTGGCA,0,3115063
rcsBp2,0.2,4,4,GGGAGTAGGGACCGGGAGGT,0,3121101
rcsBp2,0.2,4,4,GGGAGCGAGCTGAGTAGTCC,0,3104849
rcsBp2,0.2,4,4,GGGACCACGCCCACACGTAA,0,3106504
rcsBp2,0.2,4,4,GGGAAGGCACCCATTGTCCT,0,3106944
rcsBp2,0.2,4,4,GGCTTTGGGGCAATTGCATG,0,3096172
rcsBp2,0.2,4,4,GGCTGCCGCGGGGGTTAGCG,0,3117317
rcsBp2,0.2,4,4,GGCTACTACTTTATGCATCT,0,3110147
rcsBp2,0.2,4,4,GGCGTTTCCTTACAAGCAGA,0,3117366
rcsBp2,0.2,4,4,GGCGCTCGCATGCGCGATGC,0,3100213
rcsBp2,0.2,4,4,GGCGAACGTTCACGACAGGC,0,3111551
rcsBp2,0.2,4,4,GGCGAAAAGGTTCTGGCATA,0,3081406
rcsBp2,0.2,4,4,GGCCTCCAACCAAGCGAAGC,0,3078780
rcsBp2,0.2,4,4,GGCCGCCCTCTGTAAATCGG,0,3084381
rcsBp2,0.2,4,4,GGCCGAAGGCCCCCGCCACG,0,3120608
rcsBp2,0.2,4,4,GGCAGCAACGGGGAGATTTA,0,3087495
rcsBp2,0.2,4,4,GGCACATCAGCCCTCACGGC,0,3093424
rcsBp2,0.2,4,4,GGCACACAGTATGATGTCGT,0,3083193
rcsBp2,0.2,4,4,GGCAATCCTACACGACGGGA,0,3104565
rcsBp2,0.2,4,4,GGATGGATCCTTGGCATTTG,0,3075684
rcsBp2,0.2,4,4,GGATGCACCTACGCTTGTAA,0,3105590
rcsBp2,0.2,4,4,GGATCCCACGGTTTGGTTGG,0,3100211
rcsBp2,0.2,4,4,GGATCCACTGGGCCGACCTG,0,3094867
rcsBp2,0.2,4,4,GGATAACCAAGCCGATAGAG,0,3086287
rcsBp2,0.2,4,4,GGAGTCACGCGGAGTACCGA,0,3087898
rcsBp2,0.2,4,4,GGAGGTAGGCTTCGTGGACT,0,3121486
rcsBp2,0.2,4,4,GGAGGAGCCGCTGCCTCGTG,0,3076992
rcsBp2,0.2,4,4,GGAGGACCACGTCTACCTTA,0,3101368
rcsBp2,0.2,4,4,GGAGCGCAGGAAACCAAGTA,0,3114782
rcsBp2,0.2,4,4,GGACGAACGTCTCACAAGCA,0,3116549
rcsBp2,0.2,4,4,GGACATTAATCAGAAGTAGT,0,3112754
rcsBp2,0.2,4,4,GGACATACGCTCAGCAGCTA,0,3082025
rcsBp2,0.2,4,4,GGACAGTCGGAAGAATAGCC,0,3096733
rcsBp2,0.2,4,4,GGACACTTCGTCCGGCTAAT,0,3103395
rcsBp2,0.2,4,4,GGACACTATTAGCTTCGGAG,0,3093744
rcsBp2,0.2,4,4,GGACACAACCTGATGGCTAG,0,3106220
rcsBp2,0.2,4,4,GGAAGGCGTATACCCATCGA,0,3109229
rcsBp2,0.2,4,4,GGAACGTCCCAATGTCCAAG,0,3111430
rcsBp2,0.2,4,4,GGAAATTATTTAGAATGAGA,0,3117603
rcsBp2,0.2,4,4,GGAAACAAGAAGAGTCTTAC,0,3090147
rcsBp2,0.2,4,4,GCTTTCTATACCCGGCACAT,0,3090604
rcsBp2,0.2,4,4,GCTTTAGCGAGGGAGAGTGG,0,3085817
rcsBp2,0.2,4,4,GCTTCGGATGCAAACCCACA,0,3086772
rcsBp2,0.2,4,4,GCTGTCGTTTGGCAGAAGAT,0,3104573
rcsBp2,0.2,4,4,GCTGTCGCATACCTCGTAAT,0,3112269
rcsBp2,0.2,4,4,GCTGTCCAGAGTCTTCTCGT,0,3087210
rcsBp2,0.2,4,4,GCTCTACCTGTGGTTATATT,0,3098635
rcsBp2,0.2,4,4,GCTCCGAAACGCTCCTGAGA,0,3081091
rcsBp2,0.2,4,4,GCTCCAATCGTCTTGGTTGT,0,3086422
rcsBp2,0.2,4,4,GCTAGGGGTAAATAGGATAC,0,3075816
rcsBp2,0.2,4,4,GCTAGATGTCTCTCTCGAGT,0,3091654
rcsBp2,0.2,4,4,GCTAACCTCTTGCTACAGGG,0,3122493
rcsBp2,0.2,4,4,GCGTTCAGACATGCGGTTCT,0,3087992
rcsBp2,0.2,4,4,GCGGGCTTTCAGACACCTTT,0,3103105
rcsBp2,0.2,4,4,GCGGGCTTGCTTGGACTCTG,0,3076609
rcsBp2,0.2,4,4,GCGCTTAGGAAATAAATCCG,0,3118817
rcsBp2,0.2,4,4,GCGCCTCGGCTATCCTCCTT,0,3095079
rcsBp2,0.2,4,4,GCGCCGTCACCGTCTTTTGA,0,3080188
rcsBp2,0.2,4,4,GCGCCCTATGAAAGCGTGTC,0,3105094
rcsBp2,0.2,4,4,GCGAGGCCACCTGTATGAGA,0,3098780
rcsBp2,0.2,4,4,GCGAGCTCGTACGAACAAAC,0,3076367
rcsBp2,0.2,4,4,GCCTTCCTCTTCGGCCATGA,0,3098795
rcsBp2,0.2,4,4,GCCTTCCAGGCCCTGGAATT,0,3093873
rcsBp2,0.2,4,4,GCCTGTGGTTCCGGTTTGTT,0,3094054
rcsBp2,0.2,4,4,GCCTCTCTCAGAAGATGGCA,0,3078340
rcsBp2,0.2,4,4,GCCTACGGATGTTCTCACTA,0,3097657
rcsBp2,0.2,4,4,GCCGGCTTCATGGTAGCAAT,0,3119500
rcsBp2,0.2,4,4,GCCGACTGAACAAGTGCAAA,0,3086222
rcsBp2,0.2,4,4,GCCGAAGGGAGGCGGTCACA,0,3109256
rcsBp2,0.2,4,4,GCCCTGTGTCCTTGTAGGGA,0,3094164
rcsBp2,0.2,4,4,GCCCCGCCGGTCACATTAGA,0,3089465
rcsBp2,0.2,4,4,GCCCACCATTGAACTAGGTT,0,3111743
rcsBp2,0.2,4,4,GCCAGGTTAAAGTTACTCCC,0,3110956
rcsBp2,0.2,4,4,GCCAGCACGCTCATTATTCA,0,3118093
rcsBp2,0.2,4,4,GCATTCTGTAGTCCGGACGT,0,3100693
rcsBp2,0.2,4,4,GCATGTCCCAGTTGAGTGCA,0,3092823
rcsBp2,0.2,4,4,GCATGGAGTTGTTCCTCAGG,0,3088760
rcsBp2,0.2,4,4,GCATGCGAACTTCGGCTACA,0,3075423
rcsBp2,0.2,4,4,GCAGGTGGACGTCACGTTTC,0,3085588
rcsBp2,0.2,4,4,GCAGGGAACTTTGGTACAGA,0,3082059
rcsBp2,0.2,4,4,GCAGGACTCCCCCTGCATAT,0,3115060
rcsBp2,0.2,4,4,GCACTTAAGGCGACGGATCC,0,3102737
rcsBp2,0.2,4,4,GCACTCAAATGATGACCAAT,0,3073956
rcsBp2,0.2,4,4,GCACGGAAGCATTGACACGA,0,3114219
rcsBp2,0.2,4,4,GCACGCAGCAACGTACATCT,0,3074146
rcsBp2,0.2,4,4,GCAAATGCTGGGCTCGCACT,0,3075834
rcsBp2,0.2,4,4,GCAAACCCGAAATGCTGCGA,0,3115745
rcsBp2,0.2,4,4,GATTGCATAGTCCAACGTTG,0,3109174
rcsBp2,0.2,4,4,GATTACATCATCAGGAGCGA,0,3111146
rcsBp2,0.2,4,4,GATGGTTAAAGGGAAACAGT,0,3104527
rcsBp2,0.2,4,4,GATGCCTCCGCCGGCCTCAA,0,3116915
rcsBp2,0.2,4,4,GATCTTTACAATACCCTCGA,0,3079888
rcsBp2,0.2,4,4,GATAAGGGTCCAAATAATGT,0,3083698
rcsBp2,0.2,4,4,GAGTGTAAGTACTGCGGGTA,0,3116533
rcsBp2,0.2,4,4,GAGTCTGTAGATTGATATTG,0,3119958
rcsBp2,0.2,4,4,GAGTAATCTGACGCAGTGAC,0,3111475
rcsBp2,0.2,4,4,GAGGTGGTTGCCGGCTTGAA,0,3120093
rcsBp2,0.2,4,4,GAGGTGGGAGGGTCCTGACC,0,3114946
rcsBp2,0.2,4,4,GAGCTGGTTCAGGCTTCTAA,0,3083563
rcsBp2,0.2,4,4,GAGAGCTGTCCGTACCTCAT,0,3097708
rcsBp2,0.2,4,4,GAGAGCCGTGGTAAATGCTA,0,3094293
rcsBp2,0.2,4,4,GAGAATTAGGGCAACTCCTC,0,3083091
rcsBp2,0.2,4,4,GAGAATGCTCGTAAGGACTT,0,3083696
rcsBp2,0.2,4,4,GACTGGCGACACTTAAGCTG,0,3106934
rcsBp2,0.2,4,4,GACTGCCAGGTTGCCAGATA,0,3078368
rcsBp2,0.2,4,4,GACTCGGAGTGGTCCCGCCG,0,3116589
rcsBp2,0.2,4,4,GACGTTCGACCAGTCCGTCG,0,3113368
rcsBp2,0.2,4,4,GACGTGTCTATTAGCTGTGC,0,3122462
rcsBp2,0.2,4,4,GACGTGGCACTGTGAACGGC,0,3092067
rcsBp2,0.2,4,4,GACGGGATCACAAATGGGTA,0,3074048
rcsBp2,0.2,4,4,GACGGCTTGGACGGCTCTGT,0,3090884
rcsBp2,0.2,4,4,GACGGCTGTGTGGTACTCGG,0,3076270
rcsBp2,0.2,4,4,GACGCTCAAAGTTATGGGAT,0,3112155
rcsBp2,0.2,4,4,GACGCATACTCGCGCTGTGC,0,3122543
rcsBp2,0.2,4,4,GACGATTCGACACGGGCGTC,0,3119380
rcsBp2,0.2,4,4,GACCTCAAGGCTCTTGCTCC,0,3120130
rcsBp2,0.2,4,4,GACCGTCGCGGTAGGATTTA,0,3097754
rcsBp2,0.2,4,4,GACCATACGTCCCATTAGCT,0,3093645
rcsBp2,0.2,4,4,GACAGATGCCTGGATTGTAC,0,3101381
rcsBp2,0.2,4,4,GACAATGTTTTCTGAGTTAA,0,3122747
rcsBp2,0.2,4,4,GAATTTGCGAGATATTATCG,0,3083850
rcsBp2,0.2,4,4,GAATTAGTAGGAACTACGAA,0,3120498
rcsBp2,0.2,4,4,GAATGCTTGAACACCGTGGA,0,3107725
rcsBp2,0.2,4,4,GAATCTTGAAATAAATAGGT,0,3118442
rcsBp2,0.2,4,4,GAAGGTAGATTTCCCTTCTC,0,3074367
rcsBp2,0.2,4,4,GAAGGACCATATTACGTCAT,0,3113636
rcsBp2,0.2,4,4,GAAGAAGCGTACCACGTCGG,0,3101180
rcsBp2,0.2,4,4,GAACTCTCTAGCGAATTTAC,0,3098261
rcsBp2,0.2,4,4,GAACTCGCTGTCAGACTGCC,0,3083255
rcsBp2,0.2,4,4,GAACTAATTTCAGGCATGGC,0,3106578
rcsBp2,0.2,4,4,GAACGTTAACCGAGAGTCAC,0,3122353
rcsBp2,0.2,4,4,GAACAGTCAGTTCAATGAAT,0,3112996
rcsBp2,0.2,4,4,GAACAGGGGAAGTTGGGGAT,0,3092983
rcsBp2,0.2,4,4,GAAATTTTGAGTGACGTCTA,0,3093441
rcsBp2,0.2,4,4,GAAATACGCCGTATATGCTC,0,3087384
rcsBp2,0.2,4,4,GAAAGACGAATCTGAATATT,0,3087075
rcsBp2,0.2,4,4,GAAACGTCAAGACAGCGTGC,0,3120529
rcsBp2,0.2,4,4,CTTTTTGATTTCGACGAAGA,0,3115058
rcsBp2,0.2,4,4,CTTTGCATAGTATCAATATA,0,3109747
rcsBp2,0.2,4,4,CTTGAGTCCCAAAAAGAACA,0,3090022
rcsBp2,0.2,4,4,CTTGAGATGCCCTGTGCGAT,0,3095673
rcsBp2,0.2,4,4,CTTCTTAGCCTTCAAGTTCT,0,3110419
rcsBp2,0.2,4,4,CTTATGAGGATCACTAAACT,0,3100574
rcsBp2,0.2,4,4,CTTAGAAAGCGCATGGAGCC,0,3085459
rcsBp2,0.2,4,4,CTTACGGGTTGTCGCCAAGT,0,3110330
rcsBp2,0.2,4,4,CTTACCTTGGCAGCGTCCCA,0,3106366
rcsBp2,0.2,4,4,CTTACCTTGCTGAGGGACAT,0,3122142
rcsBp2,0.2,4,4,CTTAAACGAACGGGGAAGTT,0,3112259
rcsBp2,0.2,4,4,CTGTGGGTAGCGACTCTATT,0,3100780
rcsBp2,0.2,4,4,CTGTGAGTTATGTACGTAAA,0,3090510
rcsBp2,0.2,4,4,CTGGTCGGCGGTATGGTAAT,0,3077601
rcsBp2,0.2,4,4,CTGGATTCTTGGACGCGTGC,0,3086361
rcsBp2,0.2,4,4,CTGGAGTAGGGTATAAGAGT,0,3105522
rcsBp2,0.2,4,4,CTGCTTGAGTCAATTAGACC,0,3096304
rcsBp2,0.2,4,4,CTGCTTAATGGGCATCGTTA,0,3080941
rcsBp2,0.2,4,4,CTGCTGCACGACCGTCCAAT,0,3086703
rcsBp2,0.2,4,4,CTGATTTTTTGCTGATCGAG,0,3082275
rcsBp2,0.2,4,4,CTGAAGCGTATTGTGCTGGT,0,3095719
rcsBp2,0.2,4,4,CTCTCTGCCTTGTTACTATG,0,3107543
rcsBp2,0.2,4,4,CTCTCGCAGTGCTCAACCTC,0,3090349
rcsBp2,0.2,4,4,CTCTAGGTTATTTGCCAAAC,0,3098435
rcsBp2,0.2,4,4,CTCTACGCGGGTACAGCCAC,0,3117244
rcsBp2,0.2,4,4,CTCGTAACCGGACGCTTCGT,0,3074535
rcsBp2,0.2,4,4,CTCGCGCAGAGTACATCCTG,0,3121530
rcsBp2,0.2,4,4,CTCGCCCCAAAGAAATCTAC,0,3097748
rcsBp2,0.2,4,4,CTCGCACTCACGGCGGAGTA,0,3105744
rcsBp2,0.2,4,4,CTCGATCCTTGGTTGAAGTT,0,3100442
rcsBp2,0.2,4,4,CTCGAACACCCGTGGAATTA,0,3090494
rcsBp2,0.2,4,4,CTCCTGGCGTCCAGTTTACT,0,3108793
rcsBp2,0.2,4,4,CTCCTATATGCCATGATCTG,0,3074460
rcsBp2,0.2,4,4,CTCCGTTATACACTTCTACA,0,3114239
rcsBp2,0.2,4,4,CTCAAAGAATGTTGGATAGT,0,3074277
rcsBp2,0.2,4,4,CTATTACCGTCAGGACTGCT,0,3083172
rcsBp2,0.2,4,4,CTATCTAAAACAGGAGTCTT,0,3079653
rcsBp2,0.2,4,4,CTATAGACAGAACAGTTCAC,0,3077775
rcsBp2,0.2,4,4,CTAGTTTATCAGGCACAGGT,0,3109015
rcsBp2,0.2,4,4,CTAGTTCCGGTACCCTAGGG,0,3084820
rcsBp2,0.2,4,4,CTAGGTCCTGAGAAGCGACG,0,3096785
rcsBp2,0.2,4,4,CTAGGGGAGCGATCTTTCCT,0,3101536
rcsBp2,0.2,4,4,CTAGGACCATTCCACCAGGC,0,3104342
rcsBp2,0.2,4,4,CTAGCTTACGTTTGAGTGGA,0,3111553
rcsBp2,0.2,4,4,CTAGCACCCGTATGTGAGAT,0,3102181
rcsBp2,0.2,4,4,CTACTTTTTCAATAGTGTCC,0,3089188
rcsBp2,0.2,4,4,CTACCCCCTGAAACTATTCT,0,3092232
rcsBp2,0.2,4,4,CTACAGTGGTGAGCTATATT,0,3075564
rcsBp2,0.2,4,4,CTACACATGGGAGTTAAGGG,0,3074533
rcsBp2,0.2,4,4,CTAATGGATTCAGTAGCTCA,0,3117187
rcsBp2,0.2,4,4,CTAACTCTCTGTGGTGTTCG,0,3118792
rcsBp2,0.2,4,4,CTAACGGAGGTGCACTTGCA,0,3104589
rcsBp2,0.2,4,4,CTAAAACCATACGGCAAGTA,0,3074848
rcsBp2,0.2,4,4,CGTTTTTTCAATGGGGAGGG,0,3081650
rcsBp2,0.2,4,4,CGTTTGGCCACGCAGGTCAA,0,3121630
rcsBp2,0.2,4,4,CGTTGGGTGACGTGGCGGTA,0,3078353
rcsBp2,0.2,4,4,CGTTGGATGGGAAAGCTCGC,0,3111764
rcsBp2,0.2,4,4,CGTTATTTACAAAAACTCTC,0,3080018
rcsBp2,0.2,4,4,CGTGGGGTCTGTTCCGAACA,0,3118938
rcsBp2,0.2,4,4,CGTGATCTAGTACCTAATCT,0,3102641
rcsBp2,0.2,4,4,CGTGAAGTTGCTGGACATAA,0,3094131
rcsBp2,0.2,4,4,CGTCTGACATTTAGGTAGGC,0,3102030
rcsBp2,0.2,4,4,CGTCGAGTCGGTAACTAATC,0,3110080
rcsBp2,0.2,4,4,CGTCCTGAGTAGGAACACCA,0,3082392
rcsBp2,0.2,4,4,CGTCATCCGAGCCTATTAAT,0,3091559
rcsBp2,0.2,4,4,CGTATACTTAGTCACCCTCA,0,3082122
rcsBp2,0.2,4,4,CGTAGCGCTCCGTGTCACAC,0,3106294
rcsBp2,0.2,4,4,CGTAGAGGCGATTACTCCAA,0,3110621
rcsBp2,0.2,4,4,CGGTTGCCTTCTTTGGCGTT,0,3088235
rcsBp2,0.2,4,4,CGGTTCCCCTTTAAGCTTGT,0,3077298
rcsBp2,0.2,4,4,CGGTTAGAGTTCCGACTCGC,0,3082210
rcsBp2,0.2,4,4,CGGTCACGACCGGCTGACTA,0,3110961
rcsBp2,0.2,4,4,CGGTACATCATCAGTTTTTT,0,3091378
rcsBp2,0.2,4,4,CGGGTTAGCAACGTCTATCT,0,3077602
rcsBp2,0.2,4,4,CGGGTAAGAGTGAGCTCATA,0,3108238
rcsBp2,0.2,4,4,CGGGGTTTCCTGGGTATAAA,0,3104739
rcsBp2,0.2,4,4,CGGGGGGACGATGCAATTGA,0,3120789
rcsBp2,0.2,4,4,CGGGGGCTGCATAGCTCTTG,0,3108524
rcsBp2,0.2,4,4,CGGGGGACCCATCTGGGTTG,0,3119706
rcsBp2,0.2,4,4,CGGGCTTTCGTAGCAGAGCC,0,3117625
rcsBp2,0.2,4,4,CGGGCGCACAGAGTCCCACA,0,3103316
rcsBp2,0.2,4,4,CGGGCAAAAAGCTGGGCTTC,0,3099822
rcsBp2,0.2,4,4,CGGGACTAAACTGGGCTGCG,0,3107875
rcsBp2,0.2,4,4,CGGCGTATTAGGCGCCTTCA,0,3098328
rcsBp2,0.2,4,4,CGGCGCGCACAGTGTTGACT,0,3086761
rcsBp2,0.2,4,4,CGGCCCATTGTTGGCTGGAC,0,3088424
rcsBp2,0.2,4,4,CGGATATAAAAGCACAACCA,0,3111237
rcsBp2,0.2,4,4,CGCTGTCGCAACACACGCAG,0,3088934
rcsBp2,0.2,4,4,CGCTATTACATGTCACCATA,0,3120517
rcsBp2,0.2,4,4,CGCTACCCGTGGTAACTTGT,0,3078871
rcsBp2,0.2,4,4,CGCGTGACCCTGCGTAGACG,0,3081574
rcsBp2,0.2,4,4,CGCGTCCAACCCGAGTGGAA,0,3076792
rcsBp2,0.2,4,4,CGCGATGTGTTGAGAGGAGT,0,3114776
rcsBp2,0.2,4,4,CGCGAGCCCTCCGGTTCGGT,0,3086708
rcsBp2,0.2,4,4,CGCGAATGGAGGCGTAAGAT,0,3094366
rcsBp2,0.2,4,4,CGCCGCACCTAGGTGATCGG,0,3092624
rcsBp2,0.2,4,4,CGCCCTATTTTCGAAAGTGT,0,3074360
rcsBp2,0.2,4,4,CGCCATTTACACAGAGCGCT,0,3120882
rcsBp2,0.2,4,4,CGCCATGGCCTTTTAAGGGG,0,3109029
rcsBp2,0.2,4,4,CGCCAACTCCATCTAGCTTT,0,3092662
rcsBp2,0.2,4,4,CGCATGGATGAGTTCCGTGA,0,3083119
rcsBp2,0.2,4,4,CGCAGTCACGGCGGTTCTGG,0,3112182
rcsBp2,0.2,4,4,CGCACGATCTTTCGTATATT,0,3096045
rcsBp2,0.2,4,4,CGCACCACCTGTTCCATGTA,0,3089956
rcsBp2,0.2,4,4,CGCACAAGTTGGCCTCAAAA,0,3094825
rcsBp2,0.2,4,4,CGATTCGCATGCCCAGAGAT,0,3086238
rcsBp2,0.2,4,4,CGATGCTCGTCCCTACTGTT,0,3103574
rcsBp2,0.2,4,4,CGAGTATTACGCGGTTCACC,0,3079987
rcsBp2,0.2,4,4,CGAGTACGCTCGGTAAGAAG,0,3114113
rcsBp2,0.2,4,4,CGAGCTGGCCTACCCGAAAC,0,3121400
rcsBp2,0.2,4,4,CGAGCACGACAGAGCAGATA,0,3090466
rcsBp2,0.2,4,4,CGAACCTCGACACTGCATCT,0,3082526
rcsBp2,0.2,4,4,CGAAAATCTCTTCCTTCGTT,0,3098304
rcsBp2,0.2,4,4,CGAAAACTAAGTAGTCTGGC,0,3092799
rcsBp2,0.2,4,4,CCTTTGCGGATTCGCGCAAC,0,3116695
rcsBp2,0.2,4,4,CCTTGATTCGGTTTGATAAC,0,3115096
rcsBp2,0.2,4,4,CCTTCTCAGACATCTTCTCC,0,3089028
rcsBp2,0.2,4,4,CCTTCTATCATGGAAGGTAT,0,3112056
rcsBp2,0.2,4,4,CCTTAGGAAATTGCCAGGGC,0,3106508
rcsBp2,0.2,4,4,CCTTAACCAACTCTAGCGAC,0,3116266
rcsBp2,0.2,4,4,CCTCTACTTTCACCTCGCGA,0,3108052
rcsBp2,0.2,4,4,CCTCGGACCGTATCCTGTGG,0,3114746
rcsBp2,0.2,4,4,CCTCAACAACACTGCCACAG,0,3102340
rcsBp2,0.2,4,4,CCTACTGCGGCCGACGAATT,0,3093195
rcsBp2,0.2,4,4,CCGTTTGCGTGGACCTCTTC,0,3119075
rcsBp2,0.2,4,4,CCGTGTACCTTAAGGGAACT,0,3103072
rcsBp2,0.2,4,4,CCGTGCAGATATCTAGGTCG,0,3094314
rcsBp2,0.2,4,4,CCGTCAGCTTCGGAAAGGGA,0,3084092
rcsBp2,0.2,4,4,CCGTAATAGCACATGAGTAT,0,3099000
rcsBp2,0.2,4,4,CCGGCGTCACCGGATTTGCC,0,3102871
rcsBp2,0.2,4,4,CCGGCAATCTGACGTCGCTT,0,3078393
rcsBp2,0.2,4,4,CCGCCGTCGCCAATCTTTAG,0,3113034
rcsBp2,0.2,4,4,CCCTGTCCTCTAGCCTGTGC,0,3110196
rcsBp2,0.2,4,4,CCCTACTCTGGGATCGCGCC,0,3078355
rcsBp2,0.2,4,4,CCCGTCATGGCCCGTAGGTT,0,3091066
rcsBp2,0.2,4,4,CCCGGAACCGGAGGGAAAGA,0,3122243
rcsBp2,0.2,4,4,CCCGGAAAGCTGGCCAGGAT,0,3075907
rcsBp2,0.2,4,4,CCCGCTCTCCGCGAATACCA,0,3081727
rcsBp2,0.2,4,4,CCCCGCATGTCGTGGCCGAA,0,3114962
rcsBp2,0.2,4,4,CCCATCGGACCGATGTCCGC,0,3116814
rcsBp2,0.2,4,4,CCCAGTCCATGAGCAGTGTG,0,3086054
rcsBp2,0.2,4,4,CCCAGGCAGTAGAGTATCAG,0,3089151
rcsBp2,0.2,4,4,CCCAGCTCAACTCTCCCCAA,0,3119005
rcsBp2,0.2,4,4,CCCAATAAGGGCTCTCGAAT,0,3079263
rcsBp2,0.2,4,4,CCCAAGTCCTGCGTGTGCAT,0,3075437
rcsBp2,0.2,4,4,CCCAAGGTGCGTGACACCGG,0,3098242
rcsBp2,0.2,4,4,CCATAGCCGTTCCTCCTCAG,0,3075482
rcsBp2,0.2,4,4,CCAGTTTAACGCGCAACAAC,0,3091993
rcsBp2,0.2,4,4,CCACGGGGTGGGGCTTTGGA,0,3089566
rcsBp2,0.2,4,4,CCACGCGGTGAACCCATCTC,0,3074251
rcsBp2,0.2,4,4,CCACGAGTGTTATGGACCCG,0,3104138
rcsBp2,0.2,4,4,CCAATTATAGGATGAGCACT,0,3085000
rcsBp2,0.2,4,4,CCAATCATAGAGACTAATTG,0,3078446
rcsBp2,0.2,4,4,CCAAGTACAGGACCGAATCG,0,3082032
rcsBp2,0.2,4,4,CCAAGCGACGAAATGTAAAT,0,3074455
rcsBp2,0.2,4,4,CCAAGCAACCTGACTGATTC,0,3101077
rcsBp2,0.2,4,4,CCAAGAAACCGGCACCCCAC,0,3096327
rcsBp2,0.2,4,4,CCAACAAGAGATTAGTCGGG,0,3099003
rcsBp2,0.2,4,4,CATTCGAGGCACGCATAGAG,0,3088331
rcsBp2,0.2,4,4,CATTAGGGGTGTGGTTTACT,0,3082868
rcsBp2,0.2,4,4,CATGTTCTGTGGGTGACTTG,0,3105861
rcsBp2,0.2,4,4,CATGTCATCTCCGTAGCCAC,0,3110162
rcsBp2,0.2,4,4,CATGGTGGCACAGGGTCTTG,0,3090000
rcsBp2,0.2,4,4,CATGCGGCGGCGGGGCACGG,0,3098194
rcsBp2,0.2,4,4,CATGCACTTTGAGTAATAGA,0,3094936
rcsBp2,0.2,4,4,CATGCACGCAACTTAAAGTT,0,3082304
rcsBp2,0.2,4,4,CATGAGACGCAGAAAATGTG,0,3077367
rcsBp2,0.2,4,4,CATCCCTCTTGGCGCCGGCT,0,3097314
rcsBp2,0.2,4,4,CATCCACACACGTTTCAACA,0,3105424
rcsBp2,0.2,4,4,CATACATATTACCTCTCTGC,0,3097510
rcsBp2,0.2,4,4,CAGTCCGAGTGAATTTTGAG,0,3098619
rcsBp2,0.2,4,4,CAGTATTCACACCATGTAAG,0,3088807
rcsBp2,0.2,4,4,CAGGTAAACTTCCGACCTTT,0,3118924
rcsBp2,0.2,4,4,CAGGGCTGGCGCCTCAAGGA,0,3110924
rcsBp2,0.2,4,4,CAGGCTACATTGCCATAGCA,0,3117648
rcsBp2,0.2,4,4,CAGGCCGGCTCCATATCCGA,0,3107181
rcsBp2,0.2,4,4,CAGGCAAAAACTGTCGGGAT,0,3119683
rcsBp2,0.2,4,4,CAGGAGACCTCAGTAATAGA,0,3096097
rcsBp2,0.2,4,4,CAGCTCGGCCGCGCCAAAGG,0,3105900
rcsBp2,0.2,4,4,CAGCCCTCCTCCCCTGTCGT,0,3091729
rcsBp2,0.2,4,4,CAGACATGTGTAGAGACCAG,0,3121412
rcsBp2,0.2,4,4,CAGAACCCGGCACAGGGTGG,0,3120137
rcsBp2,0.2,4,4,CACTTCGTGATCTGGTGATT,0,3076360
rcsBp2,0.2,4,4,CACTGTCCGCCAGTACTTCA,0,3120724
rcsBp2,0.2,4,4,CACTCAAAGTAATAGCCTTG,0,3097086
rcsBp2,0.2,4,4,CACGTGCCCACCTACTTACG,0,3092268
rcsBp2,0.2,4,4,CACGGGTGGCCGCTACGGGA,0,3091258
rcsBp2,0.2,4,4,CACGGGACTGATATGCTACT,0,3089328
rcsBp2,0.2,4,4,CACGGGAAAGAGCTCCGAGT,0,3112811
rcsBp2,0.2,4,4,CACGCATCACTCATTGTTCC,0,3082082
rcsBp2,0.2,4,4,CACGACCCGGGTTTCGTCAG,0,3088352
rcsBp2,0.2,4,4,CACCGCAGGTATCTTCAGCA,0,3084244
rcsBp2,0.2,4,4,CACCGAAATGTACCTGCAAA,0,3117196
rcsBp2,0.2,4,4,CACCACGAAAGGGTGGATTG,0,3077379
rcsBp2,0.2,4,4,CACATTTGGACTATGCCGTC,0,3100083
rcsBp2,0.2,4,4,CACATCTGGATTTAGGAAGG,0,3118532
rcsBp2,0.2,4,4,CACACATATCGAATGCATCT,0,3101101
rcsBp2,0.2,4,4,CACAAGCCTTTCCGTGTAAA,0,3084666
rcsBp2,0.2,4,4,CAATGCTTCGTTTTTAGCGT,0,3122170
rcsBp2,0.2,4,4,CAATGCCTGATCCATATAGA,0,3092884
rcsBp2,0.2,4,4,CAATCAGCGACGGAGATTAT,0,3111681
rcsBp2,0.2,4,4,CAATAATAGCGTCTAGTCGG,0,3077072
rcsBp2,0.2,4,4,CAAGCGCCAAACGCGGCCAT,0,3100919
rcsBp2,0.2,4,4,CAAGCCTCATCCGATTTCGT,0,3109286
rcsBp2,0.2,4,4,CAAGAGAGCACGTCGGCATC,0,3094678
rcsBp2,0.2,4,4,CAACTGGTATGGCCGGAAGG,0,3120874
rcsBp2,0.2,4,4,CAACTGATCAGCAACTTCGG,0,3107768
rcsBp2,0.2,4,4,CAACCAGTGGGTAGTTAGAT,0,3093826
rcsBp2,0.2,4,4,CAACAACATATATCTGCGCA,0,3076192
rcsBp2,0.2,4,4,CAAATATACTAGGTCTAACA,0,3108915
rcsBp2,0.2,4,4,CAAAGCATTTCGATCAAGGT,0,3086561
rcsBp2,0.2,4,4,CAAAATGCGGTAGGTAGGGC,0,3078985
rcsBp2,0.2,4,4,ATTTTGGCTTCTCCGGGTAG,0,3115626
rcsBp2,0.2,4,4,ATTTTCTCCGATCGAGTAGT,0,3114982
rcsBp2,0.2,4,4,ATTTTCTCAGAGAGGACCTG,0,3120046
rcsBp2,0.2,4,4,ATTTGGTGCGAGATGATTGA,0,3096832
rcsBp2,0.2,4,4,ATTTGGCGTCCCGCAGACAT,0,3079911
rcsBp2,0.2,4,4,ATTTGCTACACTTAACACAG,0,3101312
rcsBp2,0.2,4,4,ATTTGCCGCAAAGTGGCCAT,0,3094565
rcsBp2,0.2,4,4,ATTTCTACGGGTCGCGGTGA,0,3108743
rcsBp2,0.2,4,4,ATTTCGAAACAAGAGGGCGC,0,3115980
rcsBp2,0.2,4,4,ATTTCCTGTCGAACATATAG,0,3089209
rcsBp2,0.2,4,4,ATTCTTGAAGGGCGGGTGAC,0,3088180
rcsBp2,0.2,4,4,ATTCTCGGTTCTGCCGTAAC,0,3081026
rcsBp2,0.2,4,4,ATTCTAAGTTAGGATTATAG,0,3088845
rcsBp2,0.2,4,4,ATTCTAAGGCGACGTCTTCC,0,3119083
rcsBp2,0.2,4,4,ATTCGCAAGGGATGGTCCGG,0,3092730
rcsBp2,0.2,4,4,ATTCAGTCCTAAGAGCCCTT,0,3115575
rcsBp2,0.2,4,4,ATTATTGAGCACATCGGGAG,0,3080531
rcsBp2,0.2,4,4,ATTATCGGGCTAAACCCCGC,0,3099338
rcsBp2,0.2,4,4,ATTATCGACCGTTCGTTAGA,0,3108788
rcsBp2,0.2,4,4,ATTAGATGGCGTGGCGCCTA,0,3117573
rcsBp2,0.2,4,4,ATTACCTACCGGGTCATTCG,0,3093672
rcsBp2,0.2,4,4,ATGTTTTAGGTCATGTAATG,0,3120280
rcsBp2,0.2,4,4,ATGTTGGTCAGCAAGATCTT,0,3082594
rcsBp2,0.2,4,4,ATGTTAGAGAAAACGGGCAA,0,3110423
rcsBp2,0.2,4,4,ATGTCGATGAAGGAACAATG,0,3074776
rcsBp2,0.2,4,4,ATGTCATGGATTATGCTACT,0,3081909
rcsBp2,0.2,4,4,ATGTCAGCACGTCTCCGTGT,0,3115278
rcsBp2,0.2,4,4,ATGGGTGCTTTGGTGTGTAT,0,3093103
rcsBp2,0.2,4,4,ATGGGAAGGATCCTACAATT,0,3087031
rcsBp2,0.2,4,4,ATGGCACGGTGCCTAAGAGA,0,3089427
rcsBp2,0.2,4,4,ATGGATATGAAACTATTCGT,0,3095867
rcsBp2,0.2,4,4,ATGCTTACATTCCCATTTCA,0,3091922
rcsBp2,0.2,4,4,ATGCTCGCCGGCAGCATCCC,0,3102065
rcsBp2,0.2,4,4,ATGCTAGGTCGCGTATGGTT,0,3101074
rcsBp2,0.2,4,4,ATGCGGATTGAGGCCTTAAA,0,3116632
rcsBp2,0.2,4,4,ATGCCTGTACGGATGGTATA,0,3088433
rcsBp2,0.2,4,4,ATGATACAACGTTAGCCAAG,0,3089620
rcsBp2,0.2,4,4,ATGAGCCCCGATTATTGGCA,0,3081461
rcsBp2,0.2,4,4,ATCTGTAATGCGGTAAATGG,0,3090026
rcsBp2,0.2,4,4,ATCTGACGGACGGTGATCTG,0,3105847
rcsBp2,0.2,4,4,ATCTATAGAGGACTCGCTTC,0,3075633
rcsBp2,0.2,4,4,ATCTAGGACGGCGTACTAAC,0,3108068
rcsBp2,0.2,4,4,ATCGGCCATGCGCCACTCCG,0,3089391
rcsBp2,0.2,4,4,ATCGGATCTTCACAAAGAGG,0,3099470
rcsBp2,0.2,4,4,ATCGCTCTTTGGGCAACGGT,0,3101954
rcsBp2,0.2,4,4,ATCGACCTTGGGATCTAAAG,0,3114741
rcsBp2,0.2,4,4,ATCATCGTACGGGGCTGGGG,0,3110355
rcsBp2,0.2,4,4,ATCAGATTCAAGTGTTATCT,0,3116744
rcsBp2,0.2,4,4,ATATAGGCGGGGAGGGCACA,0,3116737
rcsBp2,0.2,4,4,ATATACAAGACATTGGTCTG,0,3105949
rcsBp2,0.2,4,4,ATAGTTCCTCAGACCACGCT,0,3097534
rcsBp2,0.2,4,4,ATAGTAAGTCCAGTGCTGAA,0,3087660
rcsBp2,0.2,4,4,ATAGGGTGATTCCCGGTAAC,0,3104929
rcsBp2,0.2,4,4,ATAGCATTTACGGAACCACT,0,3120933
rcsBp2,0.2,4,4,ATACTACATTTGGGCGTTTA,0,3086251
rcsBp2,0.2,4,4,ATACGTTTTCAGCATGTAGC,0,3099401
rcsBp2,0.2,4,4,ATACGGGTCGATTCCTTCTT,0,3105249
rcsBp2,0.2,4,4,ATACGGCCCGGTCACGTTGG,0,3083343
rcsBp2,0.2,4,4,ATACGCAAGCCCTTTAGATA,0,3121538
rcsBp2,0.2,4,4,ATACCGGGGGGTAGGGGTCA,0,3113854
rcsBp2,0.2,4,4,ATACCGGATGCGTTTCTTCT,0,3088868
rcsBp2,0.2,4,4,ATACAAGCGGTTCGCTACAG,0,3086614
rcsBp2,0.2,4,4,ATAATGGCCATTTAACTATA,0,3104666
rcsBp2,0.2,4,4,ATAAGTGGCCAAATCCCGCT,0,3102929
rcsBp2,0.2,4,4,AGTGTTGCCCGGGGAAGCCC,0,3076211
rcsBp2,0.2,4,4,AGTGTACGGAAATCATAAGA,0,3104280
rcsBp2,0.2,4,4,AGTGGTTGGCATTAGCCTCG,0,3097197
rcsBp2,0.2,4,4,AGTGAGTTGAGAGTGGCTCT,0,3109709
rcsBp2,0.2,4,4,AGTCTAGGTTTAAAAGCAGC,0,3114453
rcsBp2,0.2,4,4,AGTCCTTGGAAAGCCTCTAA,0,3078810
rcsBp2,0.2,4,4,AGGTTTTAGAAAAAGCCCTG,0,3112012
rcsBp2,0.2,4,4,AGGTGGGCACTTGCTGTCGT,0,3099475
rcsBp2,0.2,4,4,AGGTCTACGATTAAGTTTTG,0,3119193
rcsBp2,0.2,4,4,AGGTAGTTAGGTAAAGTAAG,0,3113972
rcsBp2,0.2,4,4,AGGGGGGCGGTAGCAAAAGA,0,3096280
rcsBp2,0.2,4,4,AGGGGACTCTCTACGCATCC,0,3103222
rcsBp2,0.2,4,4,AGGGAATCGTGTATGAATTC,0,3118746
rcsBp2,0.2,4,4,AGGCGAAACGCTTATGGCGA,0,3076426
rcsBp2,0.2,4,4,AGGAGCACACTCTCGTACCC,0,3113531
rcsBp2,0.2,4,4,AGGAATCTCCCGCGATTTTA,0,3080215
rcsBp2,0.2,4,4,AGCTGTTTGACACTGCTTGA,0,3113200
rcsBp2,0.2,4,4,AGCTGTGCAACAAGCTTGGT,0,3108214
rcsBp2,0.2,4,4,AGCTAGCACTGAGTAGTAGT,0,3116648
rcsBp2,0.2,4,4,AGCTACCATACGGCACCGCC,0,3106219
rcsBp2,0.2,4,4,AGCGTTAGTAGAGACAAAAG,0,3096323
rcsBp2,0.2,4,4,AGCGTGCGCGCCCGGCTCGA,0,3116001
rcsBp2,0.2,4,4,AGCGTCCGTTCATAAACCTA,0,3099268
rcsBp2,0.2,4,4,AGCGTCCCAAAAGACGTAAA,0,3090467
rcsBp2,0.2,4,4,AGCGCGGAACAGGAGCTAAT,0,3102337
rcsBp2,0.2,4,4,AGCGCCACCAGGGGTTCGGG,0,3102508
rcsBp2,0.2,4,4,AGCCGGAGAACGCGTCATCA,0,3109054
rcsBp2,0.2,4,4,AGCCATTACTACAGATTAAG,0,3080041
rcsBp2,0.2,4,4,AGCCATCTTGCCGCTTCAAG,0,3099431
rcsBp2,0.2,4,4,AGCCACGCCCATGGCTGCCA,0,3101063
rcsBp2,0.2,4,4,AGCAGCGAAAAGATTCACCC,0,3090693
rcsBp2,0.2,4,4,AGCAATACCTCACTACACTC,0,3100029
rcsBp2,0.2,4,4,AGATGTGCGTCCTTTAGTCG,0,3087467
rcsBp2,0.2,4,4,AGATGTCACCAATCTAGGTG,0,3080273
rcsBp2,0.2,4,4,AGATCTGCGGGCTAAGGCAG,0,3079908
rcsBp2,0.2,4,4,AGATAGCCTAGTGTCGCTTC,0,3084281
rcsBp2,0.2,4,4,AGATAGAGCGCTAACACACT,0,3120181
rcsBp2,0.2,4,4,AGATAAGCGAGGTGTGAGAT,0,3115468
rcsBp2,0.2,4,4,AGAGTAGGTAGGAAATGTTC,0,3082933
rcsBp2,0.2,4,4,AGAGGCGAAGCATGCTACGT,0,3092388
rcsBp2,0.2,4,4,AGACTCGTGGCGACACTTCA,0,3089254
rcsBp2,0.2,4,4,AGACTATCGTCCGAACGCCT,0,3081242
rcsBp2,0.2,4,4,AGACGGTTTGTCAGGTTAAC,0,3086209
rcsBp2,0.2,4,4,AGACCGATAGGGCCAGGTAG,0,3100953
rcsBp2,0.2,4,4,AGACCCACGACGTACCTACA,0,3099066
rcsBp2,0.2,4,4,AGACACCGTATGGTCTCGCG,0,3089503
rcsBp2,0.2,4,4,AGAAGTACGGGTTGAGTTCC,0,3101097
rcsBp2,0.2,4,4,AGAAGTAATTTTCGTTCTGC,0,3087624
rcsBp2,0.2,4,4,AGAACTAAGTTAGTTCGATA,0,3118227
rcsBp2,0.2,4,4,AGAACGGCCTCGTGTTTTAA,0,3095737
rcsBp2,0.2,4,4,AGAAACGTGTTTCTGCAAAT,0,3076145
rcsBp2,0.2,4,4,ACTTTCACTAACCCATTCGT,0,3086281
rcsBp2,0.2,4,4,ACTTGTCTAATGTTTGGTCC,0,3106797
rcsBp2,0.2,4,4,ACTTAAGGTTAACGCTTCCA,0,3121810
rcsBp2,0.2,4,4,ACTGTCGGCGTGTGCGCCCA,0,3117488
rcsBp2,0.2,4,4,ACTGGCTGACCCGCTTGGCT,0,3104513
rcsBp2,0.2,4,4,ACTGGCCTAGTACCAGCGGA,0,3100968
rcsBp2,0.2,4,4,ACTCTGGTACGGTTGCTTTC,0,3080575
rcsBp2,0.2,4,4,ACTCCTTTTCTGACTGTGGA,0,3075489
rcsBp2,0.2,4,4,ACTCCTGGCCGCCGATGGGT,0,3108758
rcsBp2,0.2,4,4,ACTACTTGCCATGGGTATCA,0,3085863
rcsBp2,0.2,4,4,ACGTGGGGTTTACAGCGAGG,0,3098562
rcsBp2,0.2,4,4,ACGTGGCAATCTGATCTCAT,0,3088651
rcsBp2,0.2,4,4,ACGTCTATGATGGTCTAGCT,0,3103430
rcsBp2,0.2,4,4,ACGTATTGCTATATAATAGT,0,3107134
rcsBp2,0.2,4,4,ACGTATACTGGGTTTACATA,0,3085921
rcsBp2,0.2,4,4,ACGGCTAGTCATGAACGTAA,0,3116223
rcsBp2,0.2,4,4,ACGGCGTAAAATGTACTCAA,0,3087532
rcsBp2,0.2,4,4,ACGGCGAGAGATGACGAACC,0,3081248
rcsBp2,0.2,4,4,ACGGATAAAAGAATACGAAG,0,3097255
rcsBp2,0.2,4,4,ACGCTCTATGCGCTCCGGCC,0,3099562
rcsBp2,0.2,4,4,ACGAGTATCTTGAGCCGGGG,0,3095921
rcsBp2,0.2,4,4,ACCTGTCATTGAAGCGAACA,0,3120237
rcsBp2,0.2,4,4,ACCTATGACAGATCGCAAAG,0,3079375
rcsBp2,0.2,4,4,ACCTATCGCGTCACTCGGAG,0,3121934
rcsBp2,0.2,4,4,ACCGGATATTGGACTTGCGA,0,3084328
rcsBp2,0.2,4,4,ACCGGAGGTACGATACGGAT,0,3094493
rcsBp2,0.2,4,4,ACCGCGAATGTGGTTTCGCA,0,3084817
rcsBp2,0.2,4,4,ACCGAAGAAGCGGACTCGAC,0,3108519
rcsBp2,0.2,4,4,ACCCTCGAGCCAATTCAAGA,0,3084098
rcsBp2,0.2,4,4,ACCCGTTCTTGCATAATTCG,0,3083324
rcsBp2,0.2,4,4,ACCCGCCAACTAAGTCCTTT,0,3106312
rcsBp2,0.2,4,4,ACCCAAGGGCGGGTAATATG,0,3095670
rcsBp2,0.2,4,4,ACCAGTTCAATAGTCTAACG,0,3101137
rcsBp2,0.2,4,4,ACCAGTCTGGCGCAAAGAGT,0,3080577
rcsBp2,0.2,4,4,ACCACCGGTGCCACTTGTGC,0,3102656
rcsBp2,0.2,4,4,ACCACCGACGTACCTAAATA,0,3084763
rcsBp2,0.2,4,4,ACCAATCGTTTCAATTTCTA,0,3092004
rcsBp2,0.2,4,4,ACCAAGGGCTAGATCACTGG,0,3122802
rcsBp2,0.2,4,4,ACCAAGAAGTGTCAAACCTG,0,3117941
rcsBp2,0.2,4,4,ACCAAATACTGAAATCATCA,0,3090071
rcsBp2,0.2,4,4,ACATACCGCTCCGGTCCAGG,0,3096622
rcsBp2,0.2,4,4,ACAGGTGCGGTGCATGGGAA,0,3096858
rcsBp2,0.2,4,4,ACAGGGAGTAGAGCGGCCAT,0,3077657
rcsBp2,0.2,4,4,ACAGGGACTCTCCGTGGAGA,0,3111311
rcsBp2,0.2,4,4,ACAGCGCGAGATCGAGTTCG,0,3097821
rcsBp2,0.2,4,4,ACAGCGATGCCGGTACGCCA,0,3116441
rcsBp2,0.2,4,4,ACAGCCGTCAAGGTATCCTG,0,3097179
rcsBp2,0.2,4,4,ACACGAAGTAATGGCGGATC,0,3081223
rcsBp2,0.2,4,4,ACACCAAAACAGATTACTGC,0,3076562
rcsBp2,0.2,4,4,ACAATTGGGGCCTGATCAGA,0,3089007
rcsBp2,0.2,4,4,ACAATCCTTCGCCAAGGGTT,0,3122240
rcsBp2,0.2,4,4,ACAAGGAGCCCTTCGATAGG,0,3122653
rcsBp2,0.2,4,4,ACAACAGACGCAAACGCGGG,0,3091517
rcsBp2,0.2,4,4,AATTTTCGACAATATCTCTG,0,3096866
rcsBp2,0.2,4,4,AATTTACTGATATACTGTCT,0,3109179
rcsBp2,0.2,4,4,AATTGAGGGGCCGCAATTGC,0,3108379
rcsBp2,0.2,4,4,AATTCGTTACCCGAGAAATC,0,3086432
rcsBp2,0.2,4,4,AATTACGCCGTTCGACAAAG,0,3111267
rcsBp2,0.2,4,4,AATGTCTAACGTCGGAGTTA,0,3101807
rcsBp2,0.2,4,4,AATGGCCGAAAGTCCCACTG,0,3108798
rcsBp2,0.2,4,4,AATGAGTTCGAGAGGATCGA,0,3118713
rcsBp2,0.2,4,4,AATGAGGTCCAGACTTTAAA,0,3112587
rcsBp2,0.2,4,4,AATCGCATTCCGAACTCGAG,0,3103683
rcsBp2,0.2,4,4,AATCGACCCCTGCTAGCGGG,0,3102046
rcsBp2,0.2,4,4,AATCCTTTCAACTGCAGTGA,0,3091686
rcsBp2,0.2,4,4,AATCCGACTCTATCGTCGCT,0,3078311
rcsBp2,0.2,4,4,AATCCCCCTGTAAGAGTAAT,0,3096834
rcsBp2,0.2,4,4,AATATCGGGCTTCTTCTGAA,0,3109236
rcsBp2,0.2,4,4,AATATAAGGTGGATGTGGAC,0,3098499
rcsBp2,0.2,4,4,AATAGGTATGTGCGAGGTTA,0,3114951
rcsBp2,0.2,4,4,AATAAATTCTAAATCAGAAA,0,3108878
rcsBp2,0.2,4,4,AATAAAGTGCATATCCAACT,0,3091173
rcsBp2,0.2,4,4,AAGTTGAAACGCAGGGGAGC,0,3117556
rcsBp2,0.2,4,4,AAGTTAGCTGTAGCATGTTG,0,3114713
rcsBp2,0.2,4,4,AAGTTAAGTACAATGGCATC,0,3084073
rcsBp2,0.2,4,4,AAGTGGTGGGCCAGGCTCCA,0,3110646
rcsBp2,0.2,4,4,AAGTGCACCGTGATGCGTGT,0,3117084
rcsBp2,0.2,4,4,AAGTGCAAGGAGGCTGCTGG,0,3089422
rcsBp2,0.2,4,4,AAGGGTTGTATAGTCCGCCA,0,3088548
rcsBp2,0.2,4,4,AAGGGGCACTGTGTTTGTTA,0,3101535
rcsBp2,0.2,4,4,AAGGCCATAGTGCCGATATA,0,3091777
rcsBp2,0.2,4,4,AAGGATGGCCTCGGAGGTAC,0,3075046
rcsBp2,0.2,4,4,AAGGATCGCTCCGAGCGCAG,0,3108940
rcsBp2,0.2,4,4,AAGGATCGACCGTGCTATTG,0,3097490
rcsBp2,0.2,4,4,AAGCTACGGGTGAGACTAGC,0,3100821
rcsBp2,0.2,4,4,AAGATAGAAGGGGTTTCACA,0,3093278
rcsBp2,0.2,4,4,AAGATACGGCCAGTACTGAA,0,3093297
rcsBp2,0.2,4,4,AAGAGGTCTGCGGGACAGAT,0,3103920
rcsBp2,0.2,4,4,AAGAGCCCTCAGGCCCGTAA,0,3074615
rcsBp2,0.2,4,4,AAGAGCATGATTTCCACCTC,0,3106459
rcsBp2,0.2,4,4,AAGAATTATGTGAAGACTCT,0,3120875
rcsBp2,0.2,4,4,AACTTCACAAACGGTGTACT,0,3110205
rcsBp2,0.2,4,4,AACTGTACTTCCTAGTCCGG,0,3116475
rcsBp2,0.2,4,4,AACTGCGAATAGCTGCGTCA,0,3103718
rcsBp2,0.2,4,4,AACTCAGTGGGCCGTCACAG,0,3077717
rcsBp2,0.2,4,4,AACTATCGGAGATGAGAAAG,0,3112033
rcsBp2,0.2,4,4,AACTACCCAGTCATGCGGCC,0,3113922
rcsBp2,0.2,4,4,AACGGCTTGCCACATTCTGT,0,3121913
rcsBp2,0.2,4,4,AACCTTGAGTGGTATTGTCT,0,3102113
rcsBp2,0.2,4,4,AACCGGAACCTCCGTGCGAC,0,3095054
rcsBp2,0.2,4,4,AACCCTGCTATCTGCTCGCT,0,3117217
rcsBp2,0.2,4,4,AACCATTAGACTGGTATAGA,0,3088511
rcsBp2,0.2,4,4,AACAGCGTGAGTCGGGATTT,0,3087275
rcsBp2,0.2,4,4,AACACCCGAAGAGGCGCTTA,0,3087125
rcsBp2,0.2,4,4,AACAAGGGGACTAATAAGCA,0,3118994
rcsBp2,0.2,4,4,AACAACCAGTTTCCCATGGC,0,3084975
rcsBp2,0.2,4,4,AACAACATTGTAGAAATAGT,0,3117129
rcsBp2,0.2,4,4,AAATGTCCAGCTTACCTTCA,0,3075194
rcsBp2,0.2,4,4,AAATGAGAGAACGGATAGGC,0,3120540
rcsBp2,0.2,4,4,AAATCCTACCGGCACATTTC,0,3119402
rcsBp2,0.2,4,4,AAATAGCGATTCGACAGTAA,0,3092967
rcsBp2,0.2,4,4,AAAGCGTCTGGTCAATCGGG,0,3114439
rcsBp2,0.2,4,4,AAAGCGGTAGGTACTAATTG,0,3092090
rcsBp2,0.2,4,4,AAAGCCTTATACAACGTGCC,0,3110600
rcsBp2,0.2,4,4,AAAGCCCGATCGGGCGAGCA,0,3103327
rcsBp2,0.2,4,4,AAACTGAACTCGAAGAGACA,0,3074412
rcsBp2,0.2,4,4,AAACGTTACTACACGGGATT,0,3112392
rcsBp2,0.2,4,4,AAACGGGGTCATTGTCTCGA,0,3110308
rcsBp2,0.2,4,4,AAACGGGGAACGATCATAGC,0,3111498
rcsBp2,0.2,4,4,AAACGCGAAAGACCTATGAA,0,3078910
rcsBp2,0.2,4,4,AAACACTACCGGGCGGCGGG,0,3110026
rcsBp2,0.2,4,4,AAAACCTGAGGAGCGATAGG,0,3118786
rcsBp2,0.25,3,3,TTTTGTAGGGAATAACCCGA,0,3109009
rcsBp2,0.25,3,3,TTTTAGCGCACAAGGAGTGA,0,3102911
rcsBp2,0.25,3,3,TTTGTACTGCAATAGACCAG,0,3103349
rcsBp2,0.25,3,3,TTTGTAATGAACAGACACTC,0,3081295
rcsBp2,0.25,3,3,TTTGGTGAGTAGCTTGAGTG,0,3079533
rcsBp2,0.25,3,3,TTTGGGGGTATCCATGTGGA,0,3079542
rcsBp2,0.25,3,3,TTTGCTTAAAGAAGAGTCAG,0,3098847
rcsBp2,0.25,3,3,TTTGCTCTATTGAATTTGAG,0,3114659
rcsBp2,0.25,3,3,TTTGCCTACTTAAGCAAGAC,0,3113626
rcsBp2,0.25,3,3,TTTCTCCGAATATACTCTTC,0,3111335
rcsBp2,0.25,3,3,TTTCGTCGCATATATGCTCT,0,3111338
rcsBp2,0.25,3,3,TTTCAGTTCGGGGAAAGCAG,0,3114701
rcsBp2,0.25,3,3,TTTCAGAAGAATCGCATCTT,0,3094586
rcsBp2,0.25,3,3,TTTCAATATGGTAGCTTCTA,0,3115564
rcsBp2,0.25,3,3,TTTATTGGTTCAGTAAATTC,0,3074475
rcsBp2,0.25,3,3,TTTATTCAGTTATGTGAGCA,0,3080013
rcsBp2,0.25,3,3,TTTATAGCACCATGTCAGCT,0,3117164
rcsBp2,0.25,3,3,TTTAGCCTGTCCCGGGTACC,0,3089233
rcsBp2,0.25,3,3,TTGTTTCGCTAGATAGTTGT,0,3083962
rcsBp2,0.25,3,3,TTGTCAGGGACTAGAGAATC,0,3084207
rcsBp2,0.25,3,3,TTGTCACAATACGTATCTTA,0,3107832
rcsBp2,0.25,3,3,TTGGTGACCCTCGATTGGCG,0,3114137
rcsBp2,0.25,3,3,TTGGTCGGACGAACGAGGGA,0,3074388
rcsBp2,0.25,3,3,TTGGGGCCCGCGCTAGGGAT,0,3083447
rcsBp2,0.25,3,3,TTGGGCTTTTCCGCGTGCAA,0,3108367
rcsBp2,0.25,3,3,TTGGCTTCCAGGGAACCCAA,0,3094494
rcsBp2,0.25,3,3,TTGCTGCCCGTGGGTGATGC,0,3120538
rcsBp2,0.25,3,3,TTGCGCGGGATGTGTTAATG,0,3108217
rcsBp2,0.25,3,3,TTGCGACCTCCCCGATCCCC,0,3107373
rcsBp2,0.25,3,3,TTGCCGTATCTGTGCCCGGG,0,3088362
rcsBp2,0.25,3,3,TTGCCGACGACCATTACCTT,0,3116776
rcsBp2,0.25,3,3,TTGAGTGTGTTCCTTCCGCT,0,3115147
rcsBp2,0.25,3,3,TTGAGATATTGTCCGCCCCA,0,3111397
rcsBp2,0.25,3,3,TTGAAGAGGGTATACGGCTC,0,3087875
rcsBp2,0.25,3,3,TTCTTGGGGTCGTATCTAGT,0,3101387
rcsBp2,0.25,3,3,TTCTTGGAGTATTGCTTGTA,0,3116850
rcsBp2,0.25,3,3,TTCTTATACGTTGTTGCAAG,0,3089785
rcsBp2,0.25,3,3,TTCTGCATGGAGAAGACCAC,0,3119046
rcsBp2,0.25,3,3,TTCTCTGGAGATGACGAGCC,0,3084167
rcsBp2,0.25,3,3,TTCTCTAGAATTCGTAAATG,0,3074808
rcsBp2,0.25,3,3,TTCTAGGGCTCCACAAGGAT,0,3085513
rcsBp2,0.25,3,3,TTCGTACAGGTGTTCGGAAA,0,3075501
rcsBp2,0.25,3,3,TTCGGTAGGTGATTGCGGTT,0,3075289
rcsBp2,0.25,3,3,TTCGGGACGGGCAGTCCGCT,0,3091861
rcsBp2,0.25,3,3,TTCGGCGTCAGACCCGTCAG,0,3118675
rcsBp2,0.25,3,3,TTCGGCGAAGAACGGACCTA,0,3094358
rcsBp2,0.25,3,3,TTCGAGAGGGGTCGCCCAGA,0,3101437
rcsBp2,0.25,3,3,TTCGACACGGTCGTAATTTA,0,3082163
rcsBp2,0.25,3,3,TTCCCCATTAGGATTCCAAG,0,3078964
rcsBp2,0.25,3,3,TTCCATTACCGAGACGAATT,0,3116497
rcsBp2,0.25,3,3,TTCCAGTTCGTACTTATCCA,0,3088759
rcsBp2,0.25,3,3,TTCCACCCTTGCCGCGATAT,0,3122752
rcsBp2,0.25,3,3,TTCCACCAATACATAGCGAA,0,3112703
rcsBp2,0.25,3,3,TTCATCCTCCTTCAGAAGGG,0,3109133
rcsBp2,0.25,3,3,TTCACCTGTGATTCAAGCTG,0,3111195
rcsBp2,0.25,3,3,TTCACATCCCCGGAGGTCAA,0,3090144
rcsBp2,0.25,3,3,TTCAAATTCACAGATTAACA,0,3118858
rcsBp2,0.25,3,3,TTATTTTCTTATTAACGGTA,0,3081203
rcsBp2,0.25,3,3,TTATTTCTCTCCAGCTGGTG,0,3116442
rcsBp2,0.25,3,3,TTATTACCATCGTAGTCAAC,0,3103287
rcsBp2,0.25,3,3,TTATCTATGGTGGTATAGAT,0,3121123
rcsBp2,0.25,3,3,TTATATCGTGTTTCTGAGTA,0,3122948
rcsBp2,0.25,3,3,TTATAGCGAAGCTGTCGTCG,0,3103662
rcsBp2,0.25,3,3,TTATACGGTTTACGCCCGGT,0,3114699
rcsBp2,0.25,3,3,TTATAATGTAGTGACGTGGA,0,3097905
rcsBp2,0.25,3,3,TTACTTCACCCAGCGAGCGG,0,3079601
rcsBp2,0.25,3,3,TTACTCCATGAACGGGTACG,0,3090581
rcsBp2,0.25,3,3,TTACGTTGCCGGTATATTGT,0,3103684
rcsBp2,0.25,3,3,TTACGTTCAAAGATTACCAT,0,3088883
rcsBp2,0.25,3,3,TTACGCGTCCTTGCCCGGGA,0,3075827
rcsBp2,0.25,3,3,TTACCTGTTGTTACCAGTCA,0,3122322
rcsBp2,0.25,3,3,TTACCATGGCTGCGTATAGC,0,3119600
rcsBp2,0.25,3,3,TTACATACTCAAACTGGCAG,0,3083584
rcsBp2,0.25,3,3,TTACAGCACGGGATCCTGCA,0,3116138
rcsBp2,0.25,3,3,TTAACCTTCGAAAGCATTTG,0,3074356
rcsBp2,0.25,3,3,TTAACCGTCAAGCGGCGAGG,0,3101600
rcsBp2,0.25,3,3,TTAAACATACGCGCCCGCGG,0,3083713
rcsBp2,0.25,3,3,TGTTTTTTAGACAGAGTCTT,0,3075183
rcsBp2,0.25,3,3,TGTTTATGTCCTTTACAACA,0,3099864
rcsBp2,0.25,3,3,TGTTTACCCGAAGATTGGAG,0,3074219
rcsBp2,0.25,3,3,TGTTGTAACTGAACGGCAGA,0,3082225
rcsBp2,0.25,3,3,TGTTCAGAGCGCCGGGGACC,0,3081182
rcsBp2,0.25,3,3,TGTTCACTCATGTTCAACTG,0,3114358
rcsBp2,0.25,3,3,TGTTAAACCGAAGAGCACCG,0,3117508
rcsBp2,0.25,3,3,TGTGTGAGCTACGCTAGTAT,0,3121964
rcsBp2,0.25,3,3,TGTGGTCCGACAGATGAACT,0,3108410
rcsBp2,0.25,3,3,TGTGGGGGAACTATCTACTT,0,3091476
rcsBp2,0.25,3,3,TGTGGGCGTAGTAGGAGTGG,0,3110825
rcsBp2,0.25,3,3,TGTCTTGATCGCACGATGTT,0,3103333
rcsBp2,0.25,3,3,TGTCGGTTCACAACTCTTTC,0,3091494
rcsBp2,0.25,3,3,TGTCGAAATATCTTTACTAC,0,3115890
rcsBp2,0.25,3,3,TGTCCGTACATGGAAACTTG,0,3108119
rcsBp2,0.25,3,3,TGTCCCCACCGACGGACACT,0,3120872
rcsBp2,0.25,3,3,TGTCAATATAATAGTTCTGA,0,3107796
rcsBp2,0.25,3,3,TGTATACGCCTCGCGCTACA,0,3096166
rcsBp2,0.25,3,3,TGTACATCATAGCGGTCGAT,0,3096107
rcsBp2,0.25,3,3,TGTAAATTTAAATGTATTGG,0,3086946
rcsBp2,0.25,3,3,TGGTTAGTTCTTCATTTCGG,0,3119404
rcsBp2,0.25,3,3,TGGTTACACGCCATGTGAGA,0,3096987
rcsBp2,0.25,3,3,TGGTCCGACCCACTGCTTGT,0,3112805
rcsBp2,0.25,3,3,TGGTACGTTAGACTAGATTG,0,3112275
rcsBp2,0.25,3,3,TGGGTGTTGTGCGCGGGCCT,0,3084258
rcsBp2,0.25,3,3,TGGGTGGCGATCGACCGATG,0,3080350
rcsBp2,0.25,3,3,TGGGGCGGTTGTGAGCGTTT,0,3083198
rcsBp2,0.25,3,3,TGGGCTACTCGGATCACAAT,0,3109073
rcsBp2,0.25,3,3,TGGGCGATGCGGCCCCTATC,0,3106673
rcsBp2,0.25,3,3,TGGCTTTGTTACTTGACTGT,0,3099563
rcsBp2,0.25,3,3,TGGCGCTCGCTTTTCATAAT,0,3120184
rcsBp2,0.25,3,3,TGGCCTGATGTCAGCTGGCA,0,3090746
rcsBp2,0.25,3,3,TGGCCGGATACCGAATGGGA,0,3085912
rcsBp2,0.25,3,3,TGGCCGCCACCGACACTCTG,0,3084183
rcsBp2,0.25,3,3,TGGCATGACCTATGACAGTA,0,3092801
rcsBp2,0.25,3,3,TGGCAGTCCATTTCCGTTCA,0,3114520
rcsBp2,0.25,3,3,TGGATTGCCTGCGTAAATCA,0,3085820
rcsBp2,0.25,3,3,TGGAGAGGTACCGATTTAGA,0,3114096
rcsBp2,0.25,3,3,TGGAAGGGTCATAAGAACTA,0,3074827
rcsBp2,0.25,3,3,TGGAAGAAATGGAACAGCAA,0,3082164
rcsBp2,0.25,3,3,TGCTTTCTTCAGGCTTTTTC,0,3078773
rcsBp2,0.25,3,3,TGCTTAACGGCGAGACTCGT,0,3111141
rcsBp2,0.25,3,3,TGCTGGTCGTAACTAACATT,0,3119990
rcsBp2,0.25,3,3,TGCTGATAACGATATCGATT,0,3112370
rcsBp2,0.25,3,3,TGCTCCGCGGTTGAACATTT,0,3090685
rcsBp2,0.25,3,3,TGCTCACCCGGTTTATTGAA,0,3101226
rcsBp2,0.25,3,3,TGCTAATTAGGTACGACGAG,0,3092300
rcsBp2,0.25,3,3,TGCGTTGCTGCTTCATCTCA,0,3095218
rcsBp2,0.25,3,3,TGCGTTACGCGTCGCTCTTC,0,3111663
rcsBp2,0.25,3,3,TGCGCTGCATGGGTTACCCA,0,3074242
rcsBp2,0.25,3,3,TGCGCGTCCTGAGTCCCACG,0,3111890
rcsBp2,0.25,3,3,TGCGCGTAGTTGGGTGCCTA,0,3115723
rcsBp2,0.25,3,3,TGCGCGAACATCAGATCCCT,0,3094092
rcsBp2,0.25,3,3,TGCGCCGTGCCTGCGCCATT,0,3109819
rcsBp2,0.25,3,3,TGCCTTCAACGAAGAGCATT,0,3111655
rcsBp2,0.25,3,3,TGCCTTACCATTAACCCGAC,0,3116958
rcsBp2,0.25,3,3,TGCCGAGATCCTCGCGAATC,0,3096462
rcsBp2,0.25,3,3,TGCCATGCGAGTGCCTAAAA,0,3117061
rcsBp2,0.25,3,3,TGCCAGCATTTCAAAAGATG,0,3081717
rcsBp2,0.25,3,3,TGCCAACCATAATGAAGTCG,0,3111166
rcsBp2,0.25,3,3,TGCAAGCAATAACGGGCACG,0,3120521
rcsBp2,0.25,3,3,TGATGGTGTACACTAAATTC,0,3093252
rcsBp2,0.25,3,3,TGATAGTTAAAGGGTAGAAT,0,3120267
rcsBp2,0.25,3,3,TGAGTTCGACCACGATGAGT,0,3089919
rcsBp2,0.25,3,3,TGAGTCGTACAAGTGTGTGA,0,3100707
rcsBp2,0.25,3,3,TGAGTACACGTAGGTAGTCC,0,3095726
rcsBp2,0.25,3,3,TGAGGGACGGCGCTTTTGTG,0,3079303
rcsBp2,0.25,3,3,TGAGGCGATTAGCCAACCCG,0,3110348
rcsBp2,0.25,3,3,TGACTTTCTCGTGGGTGTAT,0,3077962
rcsBp2,0.25,3,3,TGACTTCGCATACTGTCGTA,0,3089416
rcsBp2,0.25,3,3,TGACGTCGGTCATATGTGGT,0,3103314
rcsBp2,0.25,3,3,TGACCTCCTCGAGGCGGTCT,0,3081838
rcsBp2,0.25,3,3,TGACATTACGCCACATTGGT,0,3120499
rcsBp2,0.25,3,3,TGACATAATTTACGAAGTCC,0,3078664
rcsBp2,0.25,3,3,TGACAGGGGACCAGTGTGAA,0,3098817
rcsBp2,0.25,3,3,TGACACAACTGAATTCAAGA,0,3102979
rcsBp2,0.25,3,3,TGACAAAGAGAGTTTTCCGC,0,3097683
rcsBp2,0.25,3,3,TGAATTCTCAAGAGCTTCAG,0,3083376
rcsBp2,0.25,3,3,TGAATGTAGCGTGTGCCGGG,0,3097522
rcsBp2,0.25,3,3,TGAAAGCAGATTAGGGGGAC,0,3106055
rcsBp2,0.25,3,3,TCTTGTTCCATCGGATTTCG,0,3097999
rcsBp2,0.25,3,3,TCTTCTCGACTACTTCCATA,0,3092980
rcsBp2,0.25,3,3,TCTTAGCACCTTGGGATCTT,0,3074604
rcsBp2,0.25,3,3,TCTGTTTTCAACATGCCCAA,0,3082558
rcsBp2,0.25,3,3,TCTGTACGTGTGATGCTTGC,0,3121813
rcsBp2,0.25,3,3,TCTCGGCGATTATAAACTAT,0,3095647
rcsBp2,0.25,3,3,TCTCCTTGATGCATGCGTAT,0,3085064
rcsBp2,0.25,3,3,TCTCCGGCTTTTTACCAAGA,0,3096868
rcsBp2,0.25,3,3,TCTCCCTGCAATCTACTATG,0,3122980
rcsBp2,0.25,3,3,TCTCCACCGGTGGCATAGGG,0,3114277
rcsBp2,0.25,3,3,TCTCAACGCCAGAGTGAAAA,0,3103879
rcsBp2,0.25,3,3,TCTATCTTTGTGGGAGCCGA,0,3090045
rcsBp2,0.25,3,3,TCTAGTCTGAAAGGACAGAG,0,3080907
rcsBp2,0.25,3,3,TCGTTGGGATGAGGCTCAGA,0,3116090
rcsBp2,0.25,3,3,TCGTCCTAAAGGTGCGCAGG,0,3079269
rcsBp2,0.25,3,3,TCGTCAGCCGCGCGAGGTAT,0,3119576
rcsBp2,0.25,3,3,TCGTACGCCGGGAACACGGC,0,3096467
rcsBp2,0.25,3,3,TCGGGGCGGCCCGCGTCTGG,0,3101878
rcsBp2,0.25,3,3,TCGGCCTAGTATGCTTGCGT,0,3115049
rcsBp2,0.25,3,3,TCGGCCGACGGAAACACGTC,0,3087777
rcsBp2,0.25,3,3,TCGGATACCGGAGTAAGGGG,0,3090262
rcsBp2,0.25,3,3,TCGCTCCCCTATAGCTAATC,0,3094912
rcsBp2,0.25,3,3,TCGCTATTGATTTGATCCCG,0,3107313
rcsBp2,0.25,3,3,TCGCATTGAGCTTCGCCGCA,0,3088708
rcsBp2,0.25,3,3,TCGAGTGCAGTCAACTACTG,0,3113554
rcsBp2,0.25,3,3,TCGAGATGCATTGATAAAAT,0,3082243
rcsBp2,0.25,3,3,TCGACCTGGAGATAAATAAT,0,3105138
rcsBp2,0.25,3,3,TCGACCCTGGGTTGCCGCTC,0,3103450
rcsBp2,0.25,3,3,TCCTCGACAATATGTTGCGC,0,3077985
rcsBp2,0.25,3,3,TCCTAATGCTGAGAGAGTTG,0,3087981
rcsBp2,0.25,3,3,TCCGGGCCAAGGACCCGCGT,0,3077284
rcsBp2,0.25,3,3,TCCGGGAACAGTAGCAGCTC,0,3107119
rcsBp2,0.25,3,3,TCCGGATCAGGTTTAAGGTT,0,3118993
rcsBp2,0.25,3,3,TCCGGAAAGCTTCATCGCTT,0,3112332
rcsBp2,0.25,3,3,TCCGATACAGAAATCTGTTG,0,3081077
rcsBp2,0.25,3,3,TCCGAATGTACTTGGGACAA,0,3103481
rcsBp2,0.25,3,3,TCCCTAAAAGAGGTCCCCAA,0,3087661
rcsBp2,0.25,3,3,TCCCGCTGCCTGTTCGGAAA,0,3110704
rcsBp2,0.25,3,3,TCCAAGATACTTCGTACGGT,0,3089691
rcsBp2,0.25,3,3,TCCAACCAGGGTGCCTCTTT,0,3113814
rcsBp2,0.25,3,3,TCATTTCAGCATTTCTCGGT,0,3082435
rcsBp2,0.25,3,3,TCATTTATCGGGTTTGACGG,0,3082661
rcsBp2,0.25,3,3,TCATCTTGGGGTTAGTCATC,0,3110529
rcsBp2,0.25,3,3,TCATCGCCCAGCCGCGTCCT,0,3110570
rcsBp2,0.25,3,3,TCAGGCATAGGCCATACTAA,0,3076964
rcsBp2,0.25,3,3,TCAGCTATCAAACAGCTCCC,0,3112339
rcsBp2,0.25,3,3,TCAGCCCCCTATTTGTGTAG,0,3087861
rcsBp2,0.25,3,3,TCAGAGTGGGTTAAAACTGC,0,3095829
rcsBp2,0.25,3,3,TCAGACTTGGATTAGCTAAG,0,3085369
rcsBp2,0.25,3,3,TCACTTGGGGATTTAGGAGG,0,3091770
rcsBp2,0.25,3,3,TCACTTATGGCTCTGCCGGT,0,3109929
rcsBp2,0.25,3,3,TCACTCGACACGGACCATTT,0,3101754
rcsBp2,0.25,3,3,TCACGCTAGATCTTGATAGC,0,3098110
rcsBp2,0.25,3,3,TCACCCGCTTGAGCGGGTGA,0,3122750
rcsBp2,0.25,3,3,TCACACCTATCGGTGACAAA,0,3103575
rcsBp2,0.25,3,3,TCAATTAAAAGGCCCGGCGA,0,3079919
rcsBp2,0.25,3,3,TCAATGTTACTTCAGATTTA,0,3116691
rcsBp2,0.25,3,3,TCAAGCTTTGTCTCCCAATG,0,3090734
rcsBp2,0.25,3,3,TCAACTTCAGTTTTGGTGGT,0,3084383
rcsBp2,0.25,3,3,TCAACGAGGTAGAACTCCAC,0,3111501
rcsBp2,0.25,3,3,TCAACCCGTCACATGTTTGG,0,3116315
rcsBp2,0.25,3,3,TCAACCCAAGTCTCAACACA,0,3091694
rcsBp2,0.25,3,3,TCAACAGACGTAAGGACTAA,0,3106801
rcsBp2,0.25,3,3,TCAACACCGTGTCTAGGAAC,0,3105521
rcsBp2,0.25,3,3,TCAAATGGGCTTTGGGTGCA,0,3112519
rcsBp2,0.25,3,3,TATTTTTCATTCGCCGTTGT,0,3106608
rcsBp2,0.25,3,3,TATTCGTCAAATGTGTCTGT,0,3112605
rcsBp2,0.25,3,3,TATTCGCAGCGCTACCGTAA,0,3079504
rcsBp2,0.25,3,3,TATTATTTGTAATCCGTATA,0,3096609
rcsBp2,0.25,3,3,TATTATTGTTTCAGTGAACG,0,3086326
rcsBp2,0.25,3,3,TATGGGGTCGTCGTGATTTG,0,3119727
rcsBp2,0.25,3,3,TATGGCAGTGAGATGGAGCA,0,3090033
rcsBp2,0.25,3,3,TATGAACGGTTTTACGGGTG,0,3107084
rcsBp2,0.25,3,3,TATGAACGGTACGTCCACCT,0,3085074
rcsBp2,0.25,3,3,TATCGCGCGGCATCATAAAC,0,3074926
rcsBp2,0.25,3,3,TATCCTGTCCAAATCGAGTA,0,3095654
rcsBp2,0.25,3,3,TATCCCTGCGACCCCCCGCA,0,3096412
rcsBp2,0.25,3,3,TATCCACACACTCGGTCCCT,0,3114368
rcsBp2,0.25,3,3,TATCAGAATGTTGACCACAC,0,3109102
rcsBp2,0.25,3,3,TATCAAACTTTCATTAAATA,0,3083802
rcsBp2,0.25,3,3,TATATTTATCAATATGCCAG,0,3102294
rcsBp2,0.25,3,3,TAGGTTCGGGGGGCCTACAA,0,3119281
rcsBp2,0.25,3,3,TAGGGCCTCTCGATCAGAGC,0,3076395
rcsBp2,0.25,3,3,TAGGGAGCTCCCTTAAGGAT,0,3111638
rcsBp2,0.25,3,3,TAGGCCACGCATTCTGGGGA,0,3075390
rcsBp2,0.25,3,3,TAGGATCGATACTGAGCGGT,0,3074911
rcsBp2,0.25,3,3,TAGGAGGGCGATCAGATAAG,0,3082715
rcsBp2,0.25,3,3,TAGCGTTATATCTGACCTGC,0,3080931
rcsBp2,0.25,3,3,TAGCGCTCAAAGTCAAGAAC,0,3096186
rcsBp2,0.25,3,3,TAGCCATACCTGCGCTATGA,0,3091175
rcsBp2,0.25,3,3,TAGCCAGCATCGTTCTGGAT,0,3096885
rcsBp2,0.25,3,3,TAGCATCGTTTGGATCTTGT,0,3088430
rcsBp2,0.25,3,3,TAGATCGCTCAGAATTAATA,0,3104852
rcsBp2,0.25,3,3,TAGATAGTTTTCCGCTGTCA,0,3120070
rcsBp2,0.25,3,3,TAGAGGCTGAGTTTGCGGCA,0,3089521
rcsBp2,0.25,3,3,TAGAGCTCGAAACAAACACA,0,3093361
rcsBp2,0.25,3,3,TAGAATCGGTAATCCATTCG,0,3089206
rcsBp2,0.25,3,3,TACTCGACCTCGCAGGTGAT,0,3075352
rcsBp2,0.25,3,3,TACTCAACCGCATCTAAGCA,0,3117131
rcsBp2,0.25,3,3,TACGTTTCGCTAACTGTGTC,0,3096562
rcsBp2,0.25,3,3,TACGTGATGCACGGATCCAA,0,3086672
rcsBp2,0.25,3,3,TACGTACAGCGAATTGGCTA,0,3101197
rcsBp2,0.25,3,3,TACGGGCCGGCATCCTCAGG,0,3081330
rcsBp2,0.25,3,3,TACGGCCCTTTGAGATTCCA,0,3083099
rcsBp2,0.25,3,3,TACCTTTGGTGTCCCACATT,0,3086197
rcsBp2,0.25,3,3,TACCTCCGGTAGTCGCTGCG,0,3090495
rcsBp2,0.25,3,3,TACCTCCAGCCCGGGGTGTC,0,3103805
rcsBp2,0.25,3,3,TACCGGTATCTACAGTGGCT,0,3113330
rcsBp2,0.25,3,3,TACCCATTGAACCGGGTTCG,0,3092454
rcsBp2,0.25,3,3,TACCCATGCGGTTCGTTCCA,0,3083375
rcsBp2,0.25,3,3,TACCCAGACAATTTGTAGAG,0,3109431
rcsBp2,0.25,3,3,TACCAACTTTCTGTGGCCAG,0,3119821
rcsBp2,0.25,3,3,TACATTTTTGGGTTGATAAA,0,3119817
rcsBp2,0.25,3,3,TACAGGGATGCCGCTTACAT,0,3115050
rcsBp2,0.25,3,3,TAATTTTAGGGTCCGTGGGC,0,3121298
rcsBp2,0.25,3,3,TAATTGCCTCTAGGGCAAGT,0,3116626
rcsBp2,0.25,3,3,TAATAATAAGGCATGATCCT,0,3088686
rcsBp2,0.25,3,3,TAAGTCGTCACCAAATTGAT,0,3092111
rcsBp2,0.25,3,3,TAAGAATTCGCTGCGGACGA,0,3080269
rcsBp2,0.25,3,3,TAACTCTGGTGAGATTCAAG,0,3107354
rcsBp2,0.25,3,3,TAACGTACTGGCATCCAGGT,0,3092667
rcsBp2,0.25,3,3,TAACCTATCGACGCCAGATA,0,3080905
rcsBp2,0.25,3,3,TAACCGTTGTCAAAACCGCA,0,3089568
rcsBp2,0.25,3,3,TAAATTGTATCATCGAGTAT,0,3087429
rcsBp2,0.25,3,3,TAAAGGGACGCCTCCGGCGC,0,3115411
rcsBp2,0.25,3,3,TAAACTTTCCCGTACTCACT,0,3075514
rcsBp2,0.25,3,3,TAAAACTACTGGGGATACAT,0,3076551
rcsBp2,0.25,3,3,GTTTTGGCCGGTATGACATA,0,3099602
rcsBp2,0.25,3,3,GTTTGTACAGACGCTCTACA,0,3087083
rcsBp2,0.25,3,3,GTTTGCAAAAGTATCAAGAT,0,3092877
rcsBp2,0.25,3,3,GTTTGAACTGCGGGAGCGCA,0,3078635
rcsBp2,0.25,3,3,GTTTCCTGGTGGATTTGATA,0,3105507
rcsBp2,0.25,3,3,GTTTCCCATGTGCTCTCTCA,0,3093294
rcsBp2,0.25,3,3,GTTTCATACGGAGCATTCAC,0,3112743
rcsBp2,0.25,3,3,GTTTAATTGATAACCTGATG,0,3076193
rcsBp2,0.25,3,3,GTTGTTCTATATGCAACTGT,0,3095420
rcsBp2,0.25,3,3,GTTGGGTAGGGAATCACGTT,0,3102311
rcsBp2,0.25,3,3,GTTGGGCGCGCCAGCCTGTT,0,3122403
rcsBp2,0.25,3,3,GTTGGCAATGTGTAACTGGA,0,3105334
rcsBp2,0.25,3,3,GTTGGAGTGGTGCTACCCGC,0,3107201
rcsBp2,0.25,3,3,GTTGAGTGGCAACGACGCTT,0,3085071
rcsBp2,0.25,3,3,GTTGAGGTGTCCAAGTACAC,0,3092378
rcsBp2,0.25,3,3,GTTCGGCTCGAGTATTTCGC,0,3098385
rcsBp2,0.25,3,3,GTTCGATTTGTTTGCTTTGC,0,3121765
rcsBp2,0.25,3,3,GTTCCGGGTATAAGGGTTTG,0,3109249
rcsBp2,0.25,3,3,GTTCCAGTCGTCATGTCCAC,0,3078415
rcsBp2,0.25,3,3,GTTCATGGCGAACGTTCAAA,0,3082818
rcsBp2,0.25,3,3,GTTAGTTGTATCTCACTGGT,0,3093163
rcsBp2,0.25,3,3,GTTAGATGTCCTTGTAAACT,0,3105629
rcsBp2,0.25,3,3,GTTACGGACCGAGATAGGTT,0,3079285
rcsBp2,0.25,3,3,GTTACGCAATTTTCACGGTT,0,3122156
rcsBp2,0.25,3,3,GTTAAGTTGAGAATATCTTC,0,3088658
rcsBp2,0.25,3,3,GTGTTGAATACAGGCTCATA,0,3086488
rcsBp2,0.25,3,3,GTGTGTGGCCCTAACCGCAT,0,3122754
rcsBp2,0.25,3,3,GTGTGTCATCACTGTACTCG,0,3115814
rcsBp2,0.25,3,3,GTGTACGGTCACTCGTCCAA,0,3094617
rcsBp2,0.25,3,3,GTGGTAGGTACAACTTCCGC,0,3092882
rcsBp2,0.25,3,3,GTGGGATCGTAATAACTGCA,0,3078407
rcsBp2,0.25,3,3,GTGGCTGAACTGCATCCTAA,0,3122003
rcsBp2,0.25,3,3,GTGGAACGGACGTTAGAACT,0,3109847
rcsBp2,0.25,3,3,GTGCGTAATCCTCCAAGAGG,0,3111316
rcsBp2,0.25,3,3,GTGCATCGTCGGCGCTGGGA,0,3074977
rcsBp2,0.25,3,3,GTGCAATCGTGCGGAAATTC,0,3115817
rcsBp2,0.25,3,3,GTGATGGTCAGCTGATAGGC,0,3103651
rcsBp2,0.25,3,3,GTGATCCAGTTATTTTATAT,0,3091436
rcsBp2,0.25,3,3,GTGAGGTACAGCCGACGACA,0,3115760
rcsBp2,0.25,3,3,GTGAGGCTTGTTGTTCGTGG,0,3122191
rcsBp2,0.25,3,3,GTGAGCAGGAAAGACAGTGC,0,3092599
rcsBp2,0.25,3,3,GTGACAAATGATAGCTTAGC,0,3097663
rcsBp2,0.25,3,3,GTGAAGCTTCGCGAACTCTC,0,3102717
rcsBp2,0.25,3,3,GTGAACTGATAATATAGGTG,0,3113670
rcsBp2,0.25,3,3,GTGAAATCAGACCTTTGTAT,0,3122414
rcsBp2,0.25,3,3,GTCTTTGGCCAAAGTCCCCC,0,3103330
rcsBp2,0.25,3,3,GTCTGGGACCCTATCTACAT,0,3120668
rcsBp2,0.25,3,3,GTCGGACTTGACTTATAGTT,0,3113908
rcsBp2,0.25,3,3,GTCGCGAACCGTAAAATCTT,0,3092456
rcsBp2,0.25,3,3,GTCGCCTAATAATTGAATAT,0,3076002
rcsBp2,0.25,3,3,GTCGATTACCCCTCAACGTT,0,3122165
rcsBp2,0.25,3,3,GTCCGTGGTCGAGCTACTTA,0,3099737
rcsBp2,0.25,3,3,GTCCCGCTCGCGTTTGAGAG,0,3087346
rcsBp2,0.25,3,3,GTCCACTCGGTAAGCCACTG,0,3121542
rcsBp2,0.25,3,3,GTCATTGTTGCGAGACTAGA,0,3091305
rcsBp2,0.25,3,3,GTCATGGAGAATGCGTATCA,0,3078880
rcsBp2,0.25,3,3,GTCATCGGAGCTATGTTAAG,0,3097695
rcsBp2,0.25,3,3,GTCAGGGGCAAAGATGTGCA,0,3076362
rcsBp2,0.25,3,3,GTCAGGGCTCGGCGATGAAA,0,3117628
rcsBp2,0.25,3,3,GTCAGACGGTAGCACGCAGT,0,3102231
rcsBp2,0.25,3,3,GTCAGAATCAAGGCTATGTA,0,3110705
rcsBp2,0.25,3,3,GTCAAACTAGATCAGACCGT,0,3090364
rcsBp2,0.25,3,3,GTATCTGGACACTGGTAAGT,0,3122245
rcsBp2,0.25,3,3,GTATCGACTGTGCGTAGGTG,0,3088726
rcsBp2,0.25,3,3,GTAGTCTGTCGTTCTGTGCA,0,3084343
rcsBp2,0.25,3,3,GTAGGTTGTACACGTTCTGG,0,3120027
rcsBp2,0.25,3,3,GTAGACCGGTCGTACAATAT,0,3107659
rcsBp2,0.25,3,3,GTACTCCGATTGTGAACTTA,0,3088419
rcsBp2,0.25,3,3,GTACGTTGGTAGTTTTTCAT,0,3098464
rcsBp2,0.25,3,3,GTACGCGGTCCTAGCGCGGC,0,3096701
rcsBp2,0.25,3,3,GTAATATACGGCACCGAAAG,0,3082033
rcsBp2,0.25,3,3,GTAACTGGGACATAAGTAAT,0,3114220
rcsBp2,0.25,3,3,GTAACCGGCCGCTGTGGTAC,0,3122292
rcsBp2,0.25,3,3,GGTTTGGTTTTATCTGATCC,0,3082263
rcsBp2,0.25,3,3,GGTTCCCGGAGGAGGAGGCA,0,3113994
rcsBp2,0.25,3,3,GGTTAGAGCTGAGGCGGAGC,0,3108018
rcsBp2,0.25,3,3,GGTTACGCGATGCATTGCGA,0,3118223
rcsBp2,0.25,3,3,GGTGTCAACCGATCCGCCTA,0,3086612
rcsBp2,0.25,3,3,GGTGTACCAGAAGCTGCTCG,0,3087972
rcsBp2,0.25,3,3,GGTGGAGGAATCACGCTCCC,0,3114349
rcsBp2,0.25,3,3,GGTGGACCTAAGATCGAACG,0,3122437
rcsBp2,0.25,3,3,GGTGATTTGGAACCTTTTGC,0,3121729
rcsBp2,0.25,3,3,GGTCTTTCCAATAAATGGGT,0,3120920
rcsBp2,0.25,3,3,GGTCGAGGACGAGGCTCCTA,0,3093679
rcsBp2,0.25,3,3,GGTCCTGATCACGTGCTGGA,0,3076868
rcsBp2,0.25,3,3,GGTCCTCGTTGGCCCGATCA,0,3090351
rcsBp2,0.25,3,3,GGTCACCACGTGCTATCCCA,0,3120649
rcsBp2,0.25,3,3,GGTCAAGTTTGGTTAGCCGA,0,3110936
rcsBp2,0.25,3,3,GGTACGAGGAAGTTGGTCGG,0,3120442
rcsBp2,0.25,3,3,GGTACACCATATTGAAATAC,0,3079019
rcsBp2,0.25,3,3,GGGTTCTCCATTCCCTAACT,0,3110823
rcsBp2,0.25,3,3,GGGTGCGGGAAGATTGCTCT,0,3093957
rcsBp2,0.25,3,3,GGGTGACTCCTTACGAGTGC,0,3101286
rcsBp2,0.25,3,3,GGGTCGCTCATCGGCAATAC,0,3093016
rcsBp2,0.25,3,3,GGGTAGTGTGCCAGCTAGGT,0,3117287
rcsBp2,0.25,3,3,GGGTACTATTTAGCTTAGTT,0,3081127
rcsBp2,0.25,3,3,GGGTACCATGACCGGCAGGG,0,3078348
rcsBp2,0.25,3,3,GGGGTACTTCATCAGGACGT,0,3109433
rcsBp2,0.25,3,3,GGGGGGCCACGGTACCGCAT,0,3109469
rcsBp2,0.25,3,3,GGGGGCGCGTCTTGCAGGGA,0,3083582
rcsBp2,0.25,3,3,GGGGGCAAAGGATCCTAGTG,0,3076401
rcsBp2,0.25,3,3,GGGGGACACCTCTGCGTCGG,0,3120315
rcsBp2,0.25,3,3,GGGGCGGCATTGAACTAAAT,0,3090610
rcsBp2,0.25,3,3,GGGGCAGATGGCCCCCGGCT,0,3076100
rcsBp2,0.25,3,3,GGGGAGCAGCTCGATTATGG,0,3093063
rcsBp2,0.25,3,3,GGGGACGTAGAGCAGCGTTT,0,3107104
rcsBp2,0.25,3,3,GGGCGCTGGGGACGGTATGT,0,3075006
rcsBp2,0.25,3,3,GGGCACGTAACAGCGATATG,0,3117094
rcsBp2,0.25,3,3,GGGCAACATACACTCTCCAT,0,3101548
rcsBp2,0.25,3,3,GGGATGAGTGTGTGACTAAA,0,3080495
rcsBp2,0.25,3,3,GGGAGACTCATCAAGAAGAG,0,3114119
rcsBp2,0.25,3,3,GGGAGACCTCCCCAGTTTGA,0,3088647
rcsBp2,0.25,3,3,GGGACAGGCGGCTTGCGCGA,0,3083588
rcsBp2,0.25,3,3,GGGAACGAAACACCACAGAT,0,3093429
rcsBp2,0.25,3,3,GGCTGGGTCGCTTGGTCCTA,0,3082158
rcsBp2,0.25,3,3,GGCTCGTGGGCGTGCAGGTA,0,3122432
rcsBp2,0.25,3,3,GGCGCCGGGGGTTCGTAATG,0,3079222
rcsBp2,0.25,3,3,GGCGATAGGAGAAGTACACA,0,3084375
rcsBp2,0.25,3,3,GGCCTATGGTAGAGTATGTC,0,3091776
rcsBp2,0.25,3,3,GGCCGTCTTAGGGCTACGTT,0,3104358
rcsBp2,0.25,3,3,GGCCCACCGCTGCCATCTAC,0,3078747
rcsBp2,0.25,3,3,GGCCAATGGAGGAGCCCGTA,0,3093872
rcsBp2,0.25,3,3,GGCAGGCGGCTGGGGCGCCT,0,3098013
rcsBp2,0.25,3,3,GGCAGATCACGTCGTATCTT,0,3091897
rcsBp2,0.25,3,3,GGCACTGGGGGTTTTCCAGT,0,3120396
rcsBp2,0.25,3,3,GGCACATGTATGCGCATACT,0,3107280
rcsBp2,0.25,3,3,GGCAATGCCCGGACATTTTG,0,3102990
rcsBp2,0.25,3,3,GGCAACTCTTATAGCCTGAT,0,3115332
rcsBp2,0.25,3,3,GGATTGGCTCTACGCCGAGT,0,3116781
rcsBp2,0.25,3,3,GGATTGGCCTGAACGGCACT,0,3086456
rcsBp2,0.25,3,3,GGATTAAGAGTCCCAGGTAT,0,3113751
rcsBp2,0.25,3,3,GGATCTTCTAAGTGGGAAGT,0,3076115
rcsBp2,0.25,3,3,GGATCGGGGGTGACCGATAA,0,3083492
rcsBp2,0.25,3,3,GGATCCGCCGTTATGGACCT,0,3096547
rcsBp2,0.25,3,3,GGATAGCGGCTGCTTACCTC,0,3075615
rcsBp2,0.25,3,3,GGATAAGTCTCAGAGTCCAG,0,3094606
rcsBp2,0.25,3,3,GGATAACCCTTCCCTGCGCA,0,3076271
rcsBp2,0.25,3,3,GGAGTTTCCCTCTCGGCACA,0,3105993
rcsBp2,0.25,3,3,GGAGCTGAAGAACGTACATC,0,3093588
rcsBp2,0.25,3,3,GGAGCCGGCACTTACGGCGT,0,3092279
rcsBp2,0.25,3,3,GGAGATATGAGATTAGGTGT,0,3077328
rcsBp2,0.25,3,3,GGACTCTGGCTATAGACCTT,0,3097130
rcsBp2,0.25,3,3,GGACACCATAAGGCTTTACT,0,3116775
rcsBp2,0.25,3,3,GGAATGGATACCCCCGAAAG,0,3106497
rcsBp2,0.25,3,3,GGAATAACATCTGAATAGCC,0,3100746
rcsBp2,0.25,3,3,GGAAGGGCGAGGGTGTATTC,0,3108373
rcsBp2,0.25,3,3,GGAACTGTGTAACCTGAACG,0,3106731
rcsBp2,0.25,3,3,GCTTTCTCGCATGCGAATCG,0,3091790
rcsBp2,0.25,3,3,GCTTTCACGCCCCGCCTAAT,0,3095878
rcsBp2,0.25,3,3,GCTTGGAAGGCAGCGCTTCG,0,3084622
rcsBp2,0.25,3,3,GCTTCATGTGAGATTATTAA,0,3085808
rcsBp2,0.25,3,3,GCTGTTGTTAGGGGATTTTG,0,3095422
rcsBp2,0.25,3,3,GCTGGTACATGCGTTCACCA,0,3084168
rcsBp2,0.25,3,3,GCTGGCGCCGCTCGGAATGC,0,3111076
rcsBp2,0.25,3,3,GCTGGCGAGCTCAGAGATAA,0,3100934
rcsBp2,0.25,3,3,GCTGGAGTCATGCGATCCAG,0,3073769
rcsBp2,0.25,3,3,GCTGAGTATGTGGACGCACC,0,3095107
rcsBp2,0.25,3,3,GCTGAGGGCTCCATCTGGAC,0,3104338
rcsBp2,0.25,3,3,GCTGACTGGAACACAAAAGA,0,3110044
rcsBp2,0.25,3,3,GCTGAACAGAAAGCAATTGG,0,3097609
rcsBp2,0.25,3,3,GCTCCGTAACGCATACTGGG,0,3118706
rcsBp2,0.25,3,3,GCTCAGACCGACACTCCTTC,0,3096856
rcsBp2,0.25,3,3,GCTAGGCTCAAAGCGGATTG,0,3105187
rcsBp2,0.25,3,3,GCTAGGATATCTGGGCGTGA,0,3087417
rcsBp2,0.25,3,3,GCTAAGCCCTACGACCACAA,0,3089286
rcsBp2,0.25,3,3,GCGTTTCGATAATGAGTGAA,0,3099481
rcsBp2,0.25,3,3,GCGTTGAGTTAGGGGCGTGT,0,3082685
rcsBp2,0.25,3,3,GCGTTAGTACCACTGAAAAT,0,3117327
rcsBp2,0.25,3,3,GCGTGGACCCACACGCTAAA,0,3098475
rcsBp2,0.25,3,3,GCGTGCGACGTAGGCAAGGA,0,3121052
rcsBp2,0.25,3,3,GCGTCCAGCGTCTTTTTTAG,0,3088543
rcsBp2,0.25,3,3,GCGTAGAGCCCATCCGAGCG,0,3075836
rcsBp2,0.25,3,3,GCGTAACAAATTGACTCTAA,0,3093686
rcsBp2,0.25,3,3,GCGGTTGTATTACGGTGGGT,0,3097450
rcsBp2,0.25,3,3,GCGGTTCCAGTCCGTATTAT,0,3101357
rcsBp2,0.25,3,3,GCGGGTTAGGTCCATTAGCT,0,3099156
rcsBp2,0.25,3,3,GCGGCGCGTATGGACCTCCC,0,3120816
rcsBp2,0.25,3,3,GCGGAACTGGCACTGTTACG,0,3085420
rcsBp2,0.25,3,3,GCGCTGTCCGTGTTCTTTTG,0,3122981
rcsBp2,0.25,3,3,GCGCTAGTGGGAGTTTCTTC,0,3122868
rcsBp2,0.25,3,3,GCGCGGCTACGAGTTCTCAG,0,3119458
rcsBp2,0.25,3,3,GCGCAAAGACGCTCAAAGAG,0,3109439
rcsBp2,0.25,3,3,GCGATACCGCGTCAAGCTAC,0,3110773
rcsBp2,0.25,3,3,GCCTTCGGTTAGGGAGGTTT,0,3092900
rcsBp2,0.25,3,3,GCCTAGTGGTATACGCTGTA,0,3079260
rcsBp2,0.25,3,3,GCCGTTCAACCAAACGACCG,0,3091534
rcsBp2,0.25,3,3,GCCGGGTTGTCGCCTCGACT,0,3083242
rcsBp2,0.25,3,3,GCCCGAGTGTTCCGCGCATG,0,3096886
rcsBp2,0.25,3,3,GCCCCAAAAGCTAAAAGCTC,0,3114535
rcsBp2,0.25,3,3,GCCATTTCATTAAGGAACCT,0,3080690
rcsBp2,0.25,3,3,GCCATGATGGTTATCGTTGA,0,3102553
rcsBp2,0.25,3,3,GCCAGTAAACAGGTATAATC,0,3080536
rcsBp2,0.25,3,3,GCCACGCGACAGTAGTGGGA,0,3101314
rcsBp2,0.25,3,3,GCCAAGGTGACCCGATAAAT,0,3081164
rcsBp2,0.25,3,3,GCCAACATACTGCCCAGCTG,0,3079208
rcsBp2,0.25,3,3,GCATTATGATGTCGAGACTC,0,3082959
rcsBp2,0.25,3,3,GCATGCGACGCCCCGCCCAC,0,3122960
rcsBp2,0.25,3,3,GCATGAGGAGCATACCGACA,0,3101111
rcsBp2,0.25,3,3,GCATGAACCATTTCCTGAGT,0,3095311
rcsBp2,0.25,3,3,GCATCGGATCCGACACACGA,0,3109295
rcsBp2,0.25,3,3,GCAGTCCTCTGGGGCTACTC,0,3093689
rcsBp2,0.25,3,3,GCAGCAGTTTAATTAGAGTC,0,3107859
rcsBp2,0.25,3,3,GCAGAGGGGAGTTACAGGCC,0,3116399
rcsBp2,0.25,3,3,GCACCGAGGTTCTCCCCGAC,0,3089494
rcsBp2,0.25,3,3,GCAATTTCGACCTTGAATCC,0,3087957
rcsBp2,0.25,3,3,GCAAAATCCCCCGGGAAGTC,0,3074741
rcsBp2,0.25,3,3,GATTTTCGAAGATATATCGC,0,3076176
rcsBp2,0.25,3,3,GATTCGAGACGTATTCAGAA,0,3118514
rcsBp2,0.25,3,3,GATTCACGCGTTGCCGCCTT,0,3090491
rcsBp2,0.25,3,3,GATTATTTCAATTCACTTAC,0,3114818
rcsBp2,0.25,3,3,GATTATAGCTCGTCCCTCTA,0,3115110
rcsBp2,0.25,3,3,GATTATACGTCCAAATGTGG,0,3116927
rcsBp2,0.25,3,3,GATGTCTTCCCTGCTCGAAG,0,3075870
rcsBp2,0.25,3,3,GATGGTAGGCGTCGATCACC,0,3092885
rcsBp2,0.25,3,3,GATGAGACTAAGATGTTTTT,0,3084540
rcsBp2,0.25,3,3,GATCTGACATCCCTTCTAGA,0,3108071
rcsBp2,0.25,3,3,GATCCCAATTAGGTCCTGCC,0,3103088
rcsBp2,0.25,3,3,GATCAGTGGCGATGGTGCCA,0,3083340
rcsBp2,0.25,3,3,GATATTGTGAATCACTTGCG,0,3112271
rcsBp2,0.25,3,3,GATAGTCGTGAATCACAAAC,0,3120220
rcsBp2,0.25,3,3,GATAGTATTAACTCATATAC,0,3120235
rcsBp2,0.25,3,3,GATAATTGGAACTCACCCTG,0,3096424
rcsBp2,0.25,3,3,GATAAGATCACGACGCTTAA,0,3100907
rcsBp2,0.25,3,3,GAGTTCCTTCTTCTTTGGTA,0,3116840
rcsBp2,0.25,3,3,GAGTGAGGACATTGCATATA,0,3103941
rcsBp2,0.25,3,3,GAGTATCTTGGTTTGGATAT,0,3074136
rcsBp2,0.25,3,3,GAGGGGGGACTTTTCAGGGA,0,3122439
rcsBp2,0.25,3,3,GAGGGCCTAAATGCCGGCCA,0,3088687
rcsBp2,0.25,3,3,GAGGCCATTGCGGTAGGTTT,0,3105974
rcsBp2,0.25,3,3,GAGGATGCCCGCGACCTTTT,0,3089481
rcsBp2,0.25,3,3,GAGGACTGTCCGGGAAATTT,0,3083239
rcsBp2,0.25,3,3,GAGGACAAGTTAGCCACGTT,0,3081122
rcsBp2,0.25,3,3,GAGCGTTAGTACCCAAGGTA,0,3122585
rcsBp2,0.25,3,3,GAGCCTAATAAGGTGAATTC,0,3091246
rcsBp2,0.25,3,3,GAGCCGGGCGTGGCATAGCC,0,3091279
rcsBp2,0.25,3,3,GAGCATTCAGTTTTGAGGTG,0,3090074
rcsBp2,0.25,3,3,GAGAGGTAGATGGCAGGAGG,0,3089721
rcsBp2,0.25,3,3,GAGAGAGGTAAATGTCGCGA,0,3101649
rcsBp2,0.25,3,3,GAGACGTGGACTTCAATCAC,0,3112712
rcsBp2,0.25,3,3,GAGAAGGTGTATTTTGGATT,0,3098133
rcsBp2,0.25,3,3,GACTGTGACCCCAACTCTAC,0,3115314
rcsBp2,0.25,3,3,GACTGGTCTACTCGTAGTGT,0,3120662
rcsBp2,0.25,3,3,GACTGACTGCTGCAGCGCCA,0,3082675
rcsBp2,0.25,3,3,GACTCTGCGGAATGTATTGG,0,3120461
rcsBp2,0.25,3,3,GACTCAGATACGGATTGCCG,0,3080146
rcsBp2,0.25,3,3,GACTCAACTGCCCTATGCCC,0,3090078
rcsBp2,0.25,3,3,GACGGTGAGGGGGTGGTTAG,0,3083137
rcsBp2,0.25,3,3,GACGGCTAGGCCCTGGTATC,0,3093922
rcsBp2,0.25,3,3,GACCTTCTCTAGTCTCACAT,0,3100496
rcsBp2,0.25,3,3,GACCTACATTAGGAACGAGC,0,3115743
rcsBp2,0.25,3,3,GACCAACACCAAACTTAAAA,0,3103693
rcsBp2,0.25,3,3,GACAGCGGGCGGAAAGACCC,0,3093718
rcsBp2,0.25,3,3,GACAAAACCAATTGCAAGCG,0,3104185
rcsBp2,0.25,3,3,GAATTTTATGGGAGGAGATG,0,3097916
rcsBp2,0.25,3,3,GAATGGCTGAGTTGCTCTAA,0,3097555
rcsBp2,0.25,3,3,GAATGGCCCTCTATACTCTC,0,3108417
rcsBp2,0.25,3,3,GAATCGGTGGGTTGGATTGG,0,3116552
rcsBp2,0.25,3,3,GAATCGATGCCCTCGCGGAT,0,3075050
rcsBp2,0.25,3,3,GAAGGGCCTAGCCTTAACAG,0,3108391
rcsBp2,0.25,3,3,GAAGGGCCGCCCCAAAGAGA,0,3103731
rcsBp2,0.25,3,3,GAACTACAGCCGAGCAATAA,0,3111484
rcsBp2,0.25,3,3,GAACGGCGACTGGCGCGCCT,0,3104703
rcsBp2,0.25,3,3,GAACGCGACTGGGATGTAAG,0,3117951
rcsBp2,0.25,3,3,GAACCTCTTTAGTCTATTAT,0,3087302
rcsBp2,0.25,3,3,GAACCGTGAGCCAGTACACG,0,3078958
rcsBp2,0.25,3,3,GAACCCACTGCCAGATGTTA,0,3106576
rcsBp2,0.25,3,3,GAAACATCCCCGATATCCCG,0,3081023
rcsBp2,0.25,3,3,GAAACAGTTCGCTCACAATT,0,3100672
rcsBp2,0.25,3,3,GAAAATGAGTGAGACCTACA,0,3077159
rcsBp2,0.25,3,3,GAAAATAGGTTCCGGTGGGT,0,3074633
rcsBp2,0.25,3,3,GAAAATACAGTCAGGGTCCT,0,3119832
rcsBp2,0.25,3,3,GAAAAGCGCCCACTCTAGTT,0,3074833
rcsBp2,0.25,3,3,CTTTTTGCCCTTCGGAGAAT,0,3120190
rcsBp2,0.25,3,3,CTTTCACCGCAGATAGTGAG,0,3109626
rcsBp2,0.25,3,3,CTTTAGTAGTTACCGCAATT,0,3076348
rcsBp2,0.25,3,3,CTTTAGAAGGTGAGAGGTGG,0,3091844
rcsBp2,0.25,3,3,CTTTACGAGCCTAATGGACG,0,3112465
rcsBp2,0.25,3,3,CTTTAACGAGTTGATCTGGT,0,3082566
rcsBp2,0.25,3,3,CTTTAACCTACTACTGGGTC,0,3082343
rcsBp2,0.25,3,3,CTTGGTAACAGCCTCTTATG,0,3105736
rcsBp2,0.25,3,3,CTTGGCCAGCTTTGCGCATC,0,3075366
rcsBp2,0.25,3,3,CTTGCGACTGACAGCAGTTA,0,3109195
rcsBp2,0.25,3,3,CTTGCAGCGACCATTGCCAG,0,3093973
rcsBp2,0.25,3,3,CTTGATGTCTGTTTTACTAC,0,3081040
rcsBp2,0.25,3,3,CTTGACGTCAACGTCAGGAC,0,3106799
rcsBp2,0.25,3,3,CTTCTTTACTTCGGATAATG,0,3078500
rcsBp2,0.25,3,3,CTTCGCGGTGAGAATGTTAG,0,3104107
rcsBp2,0.25,3,3,CTTCGACCCTGCGAGCCAGT,0,3116821
rcsBp2,0.25,3,3,CTTCATATTTCCAATCCCCC,0,3096082
rcsBp2,0.25,3,3,CTTCAGTGACCATTAGTGGG,0,3103202
rcsBp2,0.25,3,3,CTTCAGGGTCTTGATCGTGC,0,3112328
rcsBp2,0.25,3,3,CTTCAGCTAATGTCGGAGAA,0,3117970
rcsBp2,0.25,3,3,CTTCACCGTTAGTCTCGACT,0,3107610
rcsBp2,0.25,3,3,CTTAGCTGATTTAGGGACCT,0,3106034
rcsBp2,0.25,3,3,CTTAAGTTTCAGTGAGCGAG,0,3088088
rcsBp2,0.25,3,3,CTTAAAGGAACCTAGCGGGG,0,3120708
rcsBp2,0.25,3,3,CTGTTAAATGATAAAAGTGA,0,3106036
rcsBp2,0.25,3,3,CTGTGGCATAAACTAGGGTA,0,3085536
rcsBp2,0.25,3,3,CTGTGCATGCGCCAGTCGAT,0,3073971
rcsBp2,0.25,3,3,CTGTATAACTGCCGCAGGAA,0,3092676
rcsBp2,0.25,3,3,CTGTAGACAGGTGTGGGCGT,0,3082975
rcsBp2,0.25,3,3,CTGGGGTTTATACGGGGACA,0,3101510
rcsBp2,0.25,3,3,CTGGGGCCGGGGACTTGAGT,0,3088907
rcsBp2,0.25,3,3,CTGGGCCGTACAGTAGTATT,0,3076451
rcsBp2,0.25,3,3,CTGGGCACTTGTCACCCGGT,0,3093243
rcsBp2,0.25,3,3,CTGGCCACTCCCACGCGCGG,0,3079618
rcsBp2,0.25,3,3,CTGCTTCTCTCGTGCAGGCA,0,3081232
rcsBp2,0.25,3,3,CTGCGTGCAACGACTAAGAT,0,3118491
rcsBp2,0.25,3,3,CTGCCCTCAACTTCACGGGG,0,3116585
rcsBp2,0.25,3,3,CTCTTGCTAAGTGTTTGGAT,0,3093050
rcsBp2,0.25,3,3,CTCTTAGGATAGTAAGAGCC,0,3097003
rcsBp2,0.25,3,3,CTCTGGTCGCATAGTAAATG,0,3087026
rcsBp2,0.25,3,3,CTCTAACTTTATGTCATAGA,0,3109247
rcsBp2,0.25,3,3,CTCGTCCACGGAACGTTATA,0,3101225
rcsBp2,0.25,3,3,CTCGGCAGTCAAGGAAGCCC,0,3078970
rcsBp2,0.25,3,3,CTCGACGCAGCCGGCAACCT,0,3079623
rcsBp2,0.25,3,3,CTCGAAGAGACGCGACTCAA,0,3109863
rcsBp2,0.25,3,3,CTCCTCTCTCCCTCGGTACA,0,3102544
rcsBp2,0.25,3,3,CTCCTCCTACTATACGGGAA,0,3096541
rcsBp2,0.25,3,3,CTCCTAAATATGGACAGTTC,0,3084643
rcsBp2,0.25,3,3,CTCCAGCTTACACCACCAAA,0,3076664
rcsBp2,0.25,3,3,CTCAGAAATAGCGACAATCT,0,3107900
rcsBp2,0.25,3,3,CTCAACACCACCAGTATGTA,0,3118558
rcsBp2,0.25,3,3,CTATTTCTTCATTCAGTAAT,0,3117765
rcsBp2,0.25,3,3,CTATGGTCGCTAATTGCGGA,0,3101419
rcsBp2,0.25,3,3,CTATGCCAAAGTCGCTCCAA,0,3118112
rcsBp2,0.25,3,3,CTATATACCTGTATCAGTCT,0,3105988
rcsBp2,0.25,3,3,CTATAGGTGAACTGACTTAC,0,3106296
rcsBp2,0.25,3,3,CTAGTGGTCTAACAGGGTAC,0,3085062
rcsBp2,0.25,3,3,CTAGGTGCAGCTGCCTAATT,0,3086070
rcsBp2,0.25,3,3,CTAGGTCCCTCAACGGTTTC,0,3105542
rcsBp2,0.25,3,3,CTACCACCGCGTGCCAGGAG,0,3086408
rcsBp2,0.25,3,3,CTACAGTTCAGTTGAAACCC,0,3087105
rcsBp2,0.25,3,3,CTAAGTTGCGGTCTGAAGAG,0,3120363
rcsBp2,0.25,3,3,CTAAGGCTTCAAGCCATCCT,0,3080303
rcsBp2,0.25,3,3,CTAAGACTGTGGTTACAGAT,0,3110396
rcsBp2,0.25,3,3,CGTTTATTTGGATGCGGGAT,0,3091291
rcsBp2,0.25,3,3,CGTTAGGTCAAGCGCATGAC,0,3074608
rcsBp2,0.25,3,3,CGTTAACAATATTCACGAGA,0,3110608
rcsBp2,0.25,3,3,CGTTAAATCACTTTTCCGGT,0,3094263
rcsBp2,0.25,3,3,CGTGTTTGAGTAAAACGGCG,0,3090869
rcsBp2,0.25,3,3,CGTGTCGGTCAATGGGCAGG,0,3101388
rcsBp2,0.25,3,3,CGTGGCAGTTCATCTAGTCG,0,3102700
rcsBp2,0.25,3,3,CGTGCTGTTGGGGGATAAAC,0,3085029
rcsBp2,0.25,3,3,CGTGATCTCGCGTCGAACAT,0,3112340
rcsBp2,0.25,3,3,CGTCTGGGACCATAGTAGTG,0,3079103
rcsBp2,0.25,3,3,CGTCCGTTTTATGCCCCCTG,0,3103092
rcsBp2,0.25,3,3,CGTATTAAGCACACAGTTAC,0,3122000
rcsBp2,0.25,3,3,CGTAGGTTCAGCCACGAAGT,0,3120712
rcsBp2,0.25,3,3,CGTAGACTCGGTTCAGAATG,0,3093896
rcsBp2,0.25,3,3,CGTACAGCCTTGGTAGGTGT,0,3111202
rcsBp2,0.25,3,3,CGTAATATCCCAGTCCGGAC,0,3121615
rcsBp2,0.25,3,3,CGTAAGTAAAGAAACCACCC,0,3081930
rcsBp2,0.25,3,3,CGGTTCCATGGTATCCCAAA,0,3082272
rcsBp2,0.25,3,3,CGGTTAACCCGCGAAGGGCT,0,3095120
rcsBp2,0.25,3,3,CGGTCAGATATGTGGTACTT,0,3074413
rcsBp2,0.25,3,3,CGGTAATCTGGCCAGCGGGA,0,3113900
rcsBp2,0.25,3,3,CGGGCCGACATACGGTCCAC,0,3118990
rcsBp2,0.25,3,3,CGGCTCCGGGTGGCAACTTA,0,3080027
rcsBp2,0.25,3,3,CGGCATTATTCTTTCTGCTC,0,3089266
rcsBp2,0.25,3,3,CGGATACCCGTGATGCGGAA,0,3080382
rcsBp2,0.25,3,3,CGGATAACGGAAGTGTATAT,0,3117402
rcsBp2,0.25,3,3,CGGAGCGAAACATGAGCACC,0,3088816
rcsBp2,0.25,3,3,CGGAGACAATTTCGCATATC,0,3088328
rcsBp2,0.25,3,3,CGGACACGACAATCCTTAGG,0,3076195
rcsBp2,0.25,3,3,CGGAAGGCAGGCATTCTATG,0,3082154
rcsBp2,0.25,3,3,CGGAAGAGGGGGCAAAGAGA,0,3087583
rcsBp2,0.25,3,3,CGCTCTCTGATTCGTTGAGT,0,3088710
rcsBp2,0.25,3,3,CGCTACGCTCAAGGGATTAT,0,3112023
rcsBp2,0.25,3,3,CGCTACCGATACTGACAGTA,0,3106856
rcsBp2,0.25,3,3,CGCGTATACTGAAGCTGCGG,0,3120601
rcsBp2,0.25,3,3,CGCGGTCTTGAGAGCCGTCA,0,3118304
rcsBp2,0.25,3,3,CGCGGTCTCGCTTTGACTAG,0,3114346
rcsBp2,0.25,3,3,CGCGGGTCCTATCTGGGCAG,0,3084082
rcsBp2,0.25,3,3,CGCGGACCGGGTGCTAGTAA,0,3119978
rcsBp2,0.25,3,3,CGCGCGGACTTCGCGATACA,0,3081071
rcsBp2,0.25,3,3,CGCCTTCTCGAAGATCGAAG,0,3094672
rcsBp2,0.25,3,3,CGCCGTACCAATTTTACGCA,0,3112190
rcsBp2,0.25,3,3,CGCCGGGTGGGGGTGCTAGG,0,3099846
rcsBp2,0.25,3,3,CGCCGCGTTCTTGAAAGATC,0,3111010
rcsBp2,0.25,3,3,CGCCCCACCAGGTCGAATGG,0,3085427
rcsBp2,0.25,3,3,CGCCATTACAACCGCCATGA,0,3090874
rcsBp2,0.25,3,3,CGCCAAAACTGGTCCACCTT,0,3119580
rcsBp2,0.25,3,3,CGCATCCGGCTGACAGAGTA,0,3077906
rcsBp2,0.25,3,3,CGCAAGTGATATGGCTATCG,0,3092756
rcsBp2,0.25,3,3,CGCAAGGTGGGGTTCTAACT,0,3101936
rcsBp2,0.25,3,3,CGATATGGTCCGCTCAAGAC,0,3094257
rcsBp2,0.25,3,3,CGATAGTGCGACCATATTGG,0,3110491
rcsBp2,0.25,3,3,CGAGTGAAGTGGGATCGCAG,0,3086556
rcsBp2,0.25,3,3,CGAGTATTTGCGGCACCTCA,0,3121492
rcsBp2,0.25,3,3,CGAGTATGACCGACCGAATA,0,3112800
rcsBp2,0.25,3,3,CGAGCGTATCCGTCAGGCGA,0,3116393
rcsBp2,0.25,3,3,CGAGCGATAGTGTAAAGTAT,0,3074748
rcsBp2,0.25,3,3,CGAGCCTATACATGCTCTCA,0,3098294
rcsBp2,0.25,3,3,CGAGCAAAGTAAAAGCACCA,0,3090936
rcsBp2,0.25,3,3,CGAGATTCAAATAATAGTTT,0,3092461
rcsBp2,0.25,3,3,CGACTCAAGGCGCTAACAGT,0,3103318
rcsBp2,0.25,3,3,CGACCCGGTACTTACTGTTG,0,3111471
rcsBp2,0.25,3,3,CGACAGTCTATTCTCCGTTC,0,3098227
rcsBp2,0.25,3,3,CGACAGCCTACAAACGATTG,0,3076709
rcsBp2,0.25,3,3,CGACAATACGGTATAACTGG,0,3083704
rcsBp2,0.25,3,3,CGAAGAGACTTAATATTGGT,0,3081707
rcsBp2,0.25,3,3,CGAAACTGTGGGACTCCGAA,0,3083891
rcsBp2,0.25,3,3,CCTTTTCCCGCCGAATCGTA,0,3109496
rcsBp2,0.25,3,3,CCTTTCCTTGGGGGTATTCG,0,3096669
rcsBp2,0.25,3,3,CCTTTCCCTTTTACTGCGGC,0,3091286
rcsBp2,0.25,3,3,CCTTCCTTAAAAGGCCGCTA,0,3106394
rcsBp2,0.25,3,3,CCTGTGCCAGAGGCTTTAGC,0,3115268
rcsBp2,0.25,3,3,CCTGGTGAGAAAACGGGACA,0,3117923
rcsBp2,0.25,3,3,CCTGGACGGGATGAGGCTAT,0,3113784
rcsBp2,0.25,3,3,CCTGCCCAGGTACATGGGAT,0,3082218
rcsBp2,0.25,3,3,CCTGCAGTTTAAAGTTCAGT,0,3107167
rcsBp2,0.25,3,3,CCTGAACAGGGAACGCGGTG,0,3120924
rcsBp2,0.25,3,3,CCTCTCTTTTATAACAATCC,0,3100138
rcsBp2,0.25,3,3,CCTCATCTGACTGAGTGATG,0,3104204
rcsBp2,0.25,3,3,CCTCAGGGTATAGCAATACA,0,3108828
rcsBp2,0.25,3,3,CCTATCTTGAATCCAAGTGG,0,3078828
rcsBp2,0.25,3,3,CCTATAGGTGTATCAAGGGG,0,3079455
rcsBp2,0.25,3,3,CCTAGAGCGGCCGAGACAGT,0,3090651
rcsBp2,0.25,3,3,CCTAGACTCCAAACGACCTC,0,3122826
rcsBp2,0.25,3,3,CCTACCACATTACCTAGGCC,0,3119185
rcsBp2,0.25,3,3,CCTAAATGGTTAGATGACGG,0,3117459
rcsBp2,0.25,3,3,CCGTTTACCCCCCGCGCGAG,0,3102868
rcsBp2,0.25,3,3,CCGTTACGTTGCCACTGGCA,0,3099693
rcsBp2,0.25,3,3,CCGTTAAGGAACGCAATGGT,0,3106347
rcsBp2,0.25,3,3,CCGTGGATAACCAGTGGGAA,0,3114447
rcsBp2,0.25,3,3,CCGTCTCTTTAGGTAAAAGG,0,3101083
rcsBp2,0.25,3,3,CCGTCGGACTCAGGGTTATG,0,3076617
rcsBp2,0.25,3,3,CCGGTATCGTCTAAGCGGCC,0,3085367
rcsBp2,0.25,3,3,CCGGGGACCACTGATTGGTT,0,3111220
rcsBp2,0.25,3,3,CCGCTTGTACGGTGGCCTCG,0,3090404
rcsBp2,0.25,3,3,CCGCCGCAGTCGCTATTTCT,0,3108620
rcsBp2,0.25,3,3,CCGATTTCAAGAATACGATT,0,3120210
rcsBp2,0.25,3,3,CCGAGGAGATAGGACGTTAA,0,3117288
rcsBp2,0.25,3,3,CCGACGTTCCCCATGACTGT,0,3116912
rcsBp2,0.25,3,3,CCCTTTGCCAAATAGGAGAA,0,3104940
rcsBp2,0.25,3,3,CCCTTCAGTTAGCTGCCGAC,0,3120594
rcsBp2,0.25,3,3,CCCTTATCAGAGTTCTTGCG,0,3082035
rcsBp2,0.25,3,3,CCCTGGCCAAATAATGAACG,0,3086020
rcsBp2,0.25,3,3,CCCTATGGTGTAGCACGCTA,0,3104713
rcsBp2,0.25,3,3,CCCTATACTAGCAGGTCGTG,0,3118952
rcsBp2,0.25,3,3,CCCGCCAAACACCGCTAGGG,0,3099177
rcsBp2,0.25,3,3,CCCGAGTCTACACCAGCGTT,0,3117172
rcsBp2,0.25,3,3,CCCGAGGTGCTTGCAGCAGA,0,3085441
rcsBp2,0.25,3,3,CCCGAAAGGTAAACGAAGGT,0,3075519
rcsBp2,0.25,3,3,CCCCTCATTGCAGGCTCCCC,0,3115280
rcsBp2,0.25,3,3,CCCCATTGGGGCACGCCACC,0,3076202
rcsBp2,0.25,3,3,CCCCAGTTCGTTTTGCGCGC,0,3104908
rcsBp2,0.25,3,3,CCCCAATTTCGGTAATTTCT,0,3090112
rcsBp2,0.25,3,3,CCCAGTAGAAAGAGCGAGTA,0,3086527
rcsBp2,0.25,3,3,CCCAGCACCTGCTGATTTGA,0,3082628
rcsBp2,0.25,3,3,CCCAGCAAGTAGGGGCTCAG,0,3105759
rcsBp2,0.25,3,3,CCCACGGTCGCGCTTTACGT,0,3112245
rcsBp2,0.25,3,3,CCCACCACATCATAAGGTCT,0,3112355
rcsBp2,0.25,3,3,CCCAACGTCGAGGCGCAGAA,0,3079944
rcsBp2,0.25,3,3,CCCAAAAGGGTCTATGAACG,0,3086391
rcsBp2,0.25,3,3,CCATGTGACTACATATAATC,0,3101499
rcsBp2,0.25,3,3,CCATCCGGACCTTCGTTTTG,0,3120811
rcsBp2,0.25,3,3,CCAGTCACCTCGTTCTGTCA,0,3096018
rcsBp2,0.25,3,3,CCAGTAGTACGGGCCGCGCC,0,3097017
rcsBp2,0.25,3,3,CCAGTAACACAGCGGCAATA,0,3098252
rcsBp2,0.25,3,3,CCAGGTCTGTCAGCAGTGAG,0,3088753
rcsBp2,0.25,3,3,CCAGCGTGATGTAAGGTAGA,0,3103687
rcsBp2,0.25,3,3,CCAGAAGTAGGCCTCACCGG,0,3105001
rcsBp2,0.25,3,3,CCACTGGCAGCAAACGTGCG,0,3113394
rcsBp2,0.25,3,3,CCACGGGTATAGGTTGACTG,0,3094693
rcsBp2,0.25,3,3,CCACGGCTGCCGGAAAGGTC,0,3117545
rcsBp2,0.25,3,3,CCACGCTAATGGTGATTCAC,0,3087292
rcsBp2,0.25,3,3,CCACGAGCCAGTGAAACAAG,0,3103218
rcsBp2,0.25,3,3,CCACCTTCCTCTCGCGGTCG,0,3085226
rcsBp2,0.25,3,3,CCACATAACGCAGCAGGACT,0,3080157
rcsBp2,0.25,3,3,CCACAGACGTTATGAACCAG,0,3088468
rcsBp2,0.25,3,3,CCACACCAAGTTTCCCTGAC,0,3077739
rcsBp2,0.25,3,3,CCACACATTTTTTAGTATGA,0,3108860
rcsBp2,0.25,3,3,CCAATTAAGTATATATTCAC,0,3101278
rcsBp2,0.25,3,3,CCAAGTTTACGAGCGTCGCG,0,3091919
rcsBp2,0.25,3,3,CCAACCCTTTTAAGCAGTTA,0,3077289
rcsBp2,0.25,3,3,CATTTAGCTTTGGCTACTCT,0,3097456
rcsBp2,0.25,3,3,CATTCACCGAACTTCCTTCA,0,3096958
rcsBp2,0.25,3,3,CATTAACTGAATGACCACAT,0,3099341
rcsBp2,0.25,3,3,CATGTGGTGGCACCCGTAAC,0,3091203
rcsBp2,0.25,3,3,CATCTAGAATATAAAACCAA,0,3110022
rcsBp2,0.25,3,3,CATCGTCCTCGAAAGTTTCC,0,3096807
rcsBp2,0.25,3,3,CATCGCGTGAAGGTAAAGCC,0,3106493
rcsBp2,0.25,3,3,CATCGAGCAAAGGTGTACAG,0,3107706
rcsBp2,0.25,3,3,CATCCGCCCCATAGAGATGA,0,3076234
rcsBp2,0.25,3,3,CATAGCCGAGCTCCATATGA,0,3114004
rcsBp2,0.25,3,3,CATACTGGCAAGGGCGTCAG,0,3099923
rcsBp2,0.25,3,3,CATACTGAGCCGTCTTTACA,0,3104112
rcsBp2,0.25,3,3,CATACCGCGTATTCCCGGCG,0,3099382
rcsBp2,0.25,3,3,CAGTGTCACTATAAAATGTG,0,3094728
rcsBp2,0.25,3,3,CAGTCGCACCCGGAAATCAT,0,3118886
rcsBp2,0.25,3,3,CAGGGGCAACAAGCTAGAGT,0,3115668
rcsBp2,0.25,3,3,CAGGGGATTGGTCGCCTTGA,0,3097887
rcsBp2,0.25,3,3,CAGGCTCCCATACTCATTTC,0,3101380
rcsBp2,0.25,3,3,CAGGAATTACAGAAAACATA,0,3105287
rcsBp2,0.25,3,3,CAGCGGCCCCAGCGACTATG,0,3098275
rcsBp2,0.25,3,3,CAGCCGGGTAGACTGGGCGG,0,3121877
rcsBp2,0.25,3,3,CAGCCCGTCGGGTTCGCATT,0,3084682
rcsBp2,0.25,3,3,CAGATAACGGAGCTCAGATC,0,3108953
rcsBp2,0.25,3,3,CAGAGCATAAGGGCTTGGAC,0,3103456
rcsBp2,0.25,3,3,CAGACCAGGGGATTTTTAAA,0,3109748
rcsBp2,0.25,3,3,CAGAAAGAGGGTAGCGACAA,0,3102292
rcsBp2,0.25,3,3,CACTCGTCTGATGCAGTAGC,0,3105097
rcsBp2,0.25,3,3,CACGTATAACCGACGATCCG,0,3086342
rcsBp2,0.25,3,3,CACGCGGAGACCCTGAGAGA,0,3100629
rcsBp2,0.25,3,3,CACGCACAGGGATAACGGCT,0,3085991
rcsBp2,0.25,3,3,CACGACCTTCCCGTCCCAAC,0,3083250
rcsBp2,0.25,3,3,CACCGTCTTGAGACCTACTG,0,3119407
rcsBp2,0.25,3,3,CACCAATGGGGCAAGTAGGA,0,3099907
rcsBp2,0.25,3,3,CACAGCCAGTCGCGGACACA,0,3101094
rcsBp2,0.25,3,3,CACAGACCCGGCAAGTCCCA,0,3114806
rcsBp2,0.25,3,3,CACACTGGAGGCAAGTTTTC,0,3121485
rcsBp2,0.25,3,3,CACACGGGCTACTCGCAGCA,0,3122107
rcsBp2,0.25,3,3,CAATTGTTAAGGTGGTATTG,0,3092437
rcsBp2,0.25,3,3,CAATTGAATGGGGGAGGCAG,0,3084530
rcsBp2,0.25,3,3,CAATTCGCCGTGCGCTTTAC,0,3088072
rcsBp2,0.25,3,3,CAATTACGGACTGATTCTCG,0,3103124
rcsBp2,0.25,3,3,CAATGTCAGACGCAAGAATT,0,3112782
rcsBp2,0.25,3,3,CAATAGTTTTTGTCACAGGT,0,3117044
rcsBp2,0.25,3,3,CAAGTTGGGGACCCTGTTTA,0,3122553
rcsBp2,0.25,3,3,CAAGTCCGGTACTCCTGCGC,0,3115293
rcsBp2,0.25,3,3,CAAGTATGGCCGCACAGGCT,0,3103892
rcsBp2,0.25,3,3,CAAGTACATTAATGGTCCCG,0,3088874
rcsBp2,0.25,3,3,CAAGGCAAAGCATGGTACAA,0,3094516
rcsBp2,0.25,3,3,CAAGCTCGGCCGTTCCTGCA,0,3100252
rcsBp2,0.25,3,3,CAAGCAGTAGGTTGGCGATT,0,3106110
rcsBp2,0.25,3,3,CAAGAGGGTTCCCTATATTA,0,3105580
rcsBp2,0.25,3,3,CAACTGCACTATGCATGGCT,0,3077215
rcsBp2,0.25,3,3,CAACGGTGTCCGAAACGGCA,0,3073882
rcsBp2,0.25,3,3,CAACGGATCTTTGGTCACTT,0,3114978
rcsBp2,0.25,3,3,CAACCTTATTCAGTAGTATG,0,3077472
rcsBp2,0.25,3,3,CAACCGTAGTGACGCTCGCG,0,3107180
rcsBp2,0.25,3,3,CAACCGCACCTCGTGCGTAG,0,3082124
rcsBp2,0.25,3,3,CAACACGTCTCAGACGATAG,0,3095866
rcsBp2,0.25,3,3,CAAATCACGAAAGCGGAAAG,0,3075242
rcsBp2,0.25,3,3,CAAAGTCGTTCAGACCCGAC,0,3097836
rcsBp2,0.25,3,3,CAAAGGCCAACAGTCTAATG,0,3116902
rcsBp2,0.25,3,3,CAAACGTTGCTATCAACCGA,0,3116971
rcsBp2,0.25,3,3,CAAAACCTTTGTATATGTCT,0,3096239
rcsBp2,0.25,3,3,ATTTTCACTGGAGTTTTTTG,0,3083539
rcsBp2,0.25,3,3,ATTTTATCTTTTATGCACAA,0,3118696
rcsBp2,0.25,3,3,ATTTCTGACAAATGCCAGCT,0,3088922
rcsBp2,0.25,3,3,ATTTCCGTTGGTGGGTCGAT,0,3117250
rcsBp2,0.25,3,3,ATTTCCCGCATGTATCTGGT,0,3120407
rcsBp2,0.25,3,3,ATTTCCATGCTTCATCTGGA,0,3075494
rcsBp2,0.25,3,3,ATTTCATCCCATGTTCTGTT,0,3084979
rcsBp2,0.25,3,3,ATTTATTGTCCTGTCCGAAA,0,3102750
rcsBp2,0.25,3,3,ATTGCCGCCCGACCTAATTC,0,3093354
rcsBp2,0.25,3,3,ATTGAGAGCGTGGTGGTTTA,0,3074969
rcsBp2,0.25,3,3,ATTGAATGGGAAGTGACCTG,0,3106376
rcsBp2,0.25,3,3,ATTCTAACTCACTACCATTT,0,3113747
rcsBp2,0.25,3,3,ATTCGTTTTCTGTTGGACTT,0,3100750
rcsBp2,0.25,3,3,ATTCGTTTGCCATATATGAA,0,3121685
rcsBp2,0.25,3,3,ATTCGCAATTATGCTAAGGT,0,3085861
rcsBp2,0.25,3,3,ATTCCAGTGGTAAACTGAAC,0,3104816
rcsBp2,0.25,3,3,ATTAGGAGCATCGGATATCG,0,3090124
rcsBp2,0.25,3,3,ATTAGAGGTCGCACTATCCA,0,3097198
rcsBp2,0.25,3,3,ATTACTTGGCGGTACACGAG,0,3101018
rcsBp2,0.25,3,3,ATTACGTCAATCTTACAACT,0,3076297
rcsBp2,0.25,3,3,ATTACGACTCTGTTGTCGTG,0,3111398
rcsBp2,0.25,3,3,ATTACCTGGTTCATGCCGTT,0,3107297
rcsBp2,0.25,3,3,ATTACCTGGACTCAAGAGCC,0,3107589
rcsBp2,0.25,3,3,ATTAAAATATATTAAAGTTC,0,3122599
rcsBp2,0.25,3,3,ATGTTGTTTGCTATAAGGCA,0,3094695
rcsBp2,0.25,3,3,ATGTTGGACACTTCGGGCAG,0,3113841
rcsBp2,0.25,3,3,ATGTTACTCCGTGCTTTTAC,0,3081562
rcsBp2,0.25,3,3,ATGTGGTGTGAGGCGATAGT,0,3120411
rcsBp2,0.25,3,3,ATGTCCCTTTTCTAGGCCAA,0,3086426
rcsBp2,0.25,3,3,ATGGTTGATTCAGCCTCAAG,0,3100542
rcsBp2,0.25,3,3,ATGGTGCGCCATGGGTCCAA,0,3090776
rcsBp2,0.25,3,3,ATGGTCATCCAGCGAAGCTC,0,3091917
rcsBp2,0.25,3,3,ATGGTATTTAAGTGCTTCGA,0,3094648
rcsBp2,0.25,3,3,ATGGGTACCTCTAAGCGTAT,0,3081902
rcsBp2,0.25,3,3,ATGGCCATCTTCACGTTGAT,0,3094628
rcsBp2,0.25,3,3,ATGGATTCCGAAATAAGGTA,0,3090496
rcsBp2,0.25,3,3,ATGGACTGCGGGAAGGCAAT,0,3078170
rcsBp2,0.25,3,3,ATGGACTAGCTTGCTTCAAT,0,3088580
rcsBp2,0.25,3,3,ATGCTTGGAGCAACTTTTAA,0,3080532
rcsBp2,0.25,3,3,ATGCTTCGTTTAGAAGGCTA,0,3089787
rcsBp2,0.25,3,3,ATGCAGCAATAAGTGCGGCT,0,3094016
rcsBp2,0.25,3,3,ATGATGCTGAAAAAGCCCCA,0,3109624
rcsBp2,0.25,3,3,ATGAGGTTATTGCTCGGACA,0,3110248
rcsBp2,0.25,3,3,ATGACTCCAACGCGCCCGAC,0,3081818
rcsBp2,0.25,3,3,ATGACAAAATGGTGAAAACC,0,3121953
rcsBp2,0.25,3,3,ATCTACTAGCGCAAAGGCAA,0,3083408
rcsBp2,0.25,3,3,ATCGCTTAATCCGTATCTCC,0,3117761
rcsBp2,0.25,3,3,ATCGCTACCGGCGCTAAGAT,0,3082073
rcsBp2,0.25,3,3,ATCGACGTATTTGCCAACGG,0,3085442
rcsBp2,0.25,3,3,ATCGACGCGGTGTACTAGAC,0,3086583
rcsBp2,0.25,3,3,ATCCTAGCGGTTTGTCTCAC,0,3108072
rcsBp2,0.25,3,3,ATCCGAAGGGTAGATACAAA,0,3120064
rcsBp2,0.25,3,3,ATCATGTTGCGTCCGGCAGC,0,3103195
rcsBp2,0.25,3,3,ATCAGATATCTTAGTGGAGA,0,3111101
rcsBp2,0.25,3,3,ATATTATCACATAGATTTTC,0,3119286
rcsBp2,0.25,3,3,ATATTATACCGGCACATCAC,0,3112404
rcsBp2,0.25,3,3,ATATTAGCCCTGCCGGCCAT,0,3074779
rcsBp2,0.25,3,3,ATATTACATGCATTCCTTTA,0,3112806
rcsBp2,0.25,3,3,ATAGTCAAGATTCGTATTAT,0,3087130
rcsBp2,0.25,3,3,ATAGGGGCCGCTGCTCTGTG,0,3075013
rcsBp2,0.25,3,3,ATAGCGTGTTCGCGACAGAG,0,3111653
rcsBp2,0.25,3,3,ATACGGATCCTCTGGCTGAT,0,3117900
rcsBp2,0.25,3,3,ATACGCTGCGCATAATGAAA,0,3086243
rcsBp2,0.25,3,3,ATACATCTGAGTCTAGGTTG,0,3119214
rcsBp2,0.25,3,3,ATAAGAGTGCAAATGCTATT,0,3078387
rcsBp2,0.25,3,3,ATAAATTGAGAGCACCCTTC,0,3096013
rcsBp2,0.25,3,3,ATAAACTCATTTCTGCAGGG,0,3084011
rcsBp2,0.25,3,3,ATAAACTAATATCGCCATCC,0,3115816
rcsBp2,0.25,3,3,AGTTCCAGGCAGCCAGCGAA,0,3121289
rcsBp2,0.25,3,3,AGTTCCACATATGCGACATT,0,3091639
rcsBp2,0.25,3,3,AGTTATGTAAGGCGGTGTCA,0,3097881
rcsBp2,0.25,3,3,AGTTATCGTGCAGCGTCTTT,0,3095430
rcsBp2,0.25,3,3,AGTGTTTAGCGCTGACTTCG,0,3084051
rcsBp2,0.25,3,3,AGTGGTTAGTGAAGGATGGT,0,3100405
rcsBp2,0.25,3,3,AGTGGCCGCATATTAGGTTT,0,3116372
rcsBp2,0.25,3,3,AGTGATCGAGACCAGCAAAC,0,3109852
rcsBp2,0.25,3,3,AGTCTCGTTTGTCGGCGCTT,0,3078955
rcsBp2,0.25,3,3,AGTCTCCGCCATTTTTTTAC,0,3114956
rcsBp2,0.25,3,3,AGTCGTACCCAGAAACCGGC,0,3105460
rcsBp2,0.25,3,3,AGTCCGGCGGTCATTGCTGC,0,3089388
rcsBp2,0.25,3,3,AGTCAGCCTAGCCGTTCGAA,0,3111091
rcsBp2,0.25,3,3,AGTCAAGTTATGACAATAGT,0,3078157
rcsBp2,0.25,3,3,AGTATGGCGCTAGATATACA,0,3081329
rcsBp2,0.25,3,3,AGTATCCTTATGCGTATCTC,0,3083623
rcsBp2,0.25,3,3,AGTAGTTTAAAGTACTGGGG,0,3084851
rcsBp2,0.25,3,3,AGTAGAATGTCGAGGCCCAC,0,3120916
rcsBp2,0.25,3,3,AGTACCCCCCGGGAAGTAGC,0,3108808
rcsBp2,0.25,3,3,AGTAACCTGGTGTAGCTATC,0,3086369
rcsBp2,0.25,3,3,AGGTGAGTCGTGTAATGGTA,0,3091390
rcsBp2,0.25,3,3,AGGTCCCCTCGAAAGGATTG,0,3086700
rcsBp2,0.25,3,3,AGGTACTAGCCATTCATCCT,0,3100154
rcsBp2,0.25,3,3,AGGGGTTTGCTTCACTATCG,0,3088894
rcsBp2,0.25,3,3,AGGGGATATCTAATATTCGT,0,3076882
rcsBp2,0.25,3,3,AGGGCTATGTAGGCGCCCCA,0,3107233
rcsBp2,0.25,3,3,AGGGCCTGTTGCCCCAAAAC,0,3116166
rcsBp2,0.25,3,3,AGGGAGCTCCGTGGTTTGTT,0,3105880
rcsBp2,0.25,3,3,AGGGACCGGCATATCCATGG,0,3094990
rcsBp2,0.25,3,3,AGGGAAGTGGGGAAAAATGA,0,3096248
rcsBp2,0.25,3,3,AGGCTATACACAAAGATTAA,0,3093944
rcsBp2,0.25,3,3,AGGCTAGGTTAGCCATTACG,0,3114708
rcsBp2,0.25,3,3,AGGCCGGGAGAACATATCAC,0,3115618
rcsBp2,0.25,3,3,AGGCAGATGTAATCTATTTA,0,3104371
rcsBp2,0.25,3,3,AGGCAGACGTTCTATCTGAG,0,3109746
rcsBp2,0.25,3,3,AGGAGTCAGTGCAAGGGGCG,0,3092848
rcsBp2,0.25,3,3,AGGAGGGAAGCGTGGTTTCT,0,3083244
rcsBp2,0.25,3,3,AGGAGCCACTGGGGATTTGG,0,3104402
rcsBp2,0.25,3,3,AGGACAGTGAATGCGGCATC,0,3109570
rcsBp2,0.25,3,3,AGCTGGTTCCCCCTGGGCAT,0,3095947
rcsBp2,0.25,3,3,AGCTGGTCGAATTCCGCAGC,0,3107803
rcsBp2,0.25,3,3,AGCTGAATTTTTCGTATGGC,0,3082303
rcsBp2,0.25,3,3,AGCTCGTGAGATTTTCTGGT,0,3087377
rcsBp2,0.25,3,3,AGCGGCGAGTTTAGTTCACC,0,3108024
rcsBp2,0.25,3,3,AGCGAGACTATCTATGTCTG,0,3097024
rcsBp2,0.25,3,3,AGCCTCACACGAAACTATAT,0,3082442
rcsBp2,0.25,3,3,AGCCTAGTGAGGCGGACGGG,0,3105999
rcsBp2,0.25,3,3,AGCCTAGGAATACAAATGCT,0,3116635
rcsBp2,0.25,3,3,AGCCGGTTTTTACTGGACTC,0,3098867
rcsBp2,0.25,3,3,AGCCGCCCAGCCTTGCGAGG,0,3077038
rcsBp2,0.25,3,3,AGCCAATCACTTGATCGGGA,0,3105984
rcsBp2,0.25,3,3,AGCCAAGGCATCCTCCCGAA,0,3086613
rcsBp2,0.25,3,3,AGCATAAAAAGTTACACTCC,0,3105898
rcsBp2,0.25,3,3,AGCAGCATGAATGTGCAATC,0,3105045
rcsBp2,0.25,3,3,AGCAGAGAAGGTCTCGCCGA,0,3095387
rcsBp2,0.25,3,3,AGCACAGGTTCGCCGTTGGT,0,3078651
rcsBp2,0.25,3,3,AGCAAGGTAAACTGCTCCGG,0,3120673
rcsBp2,0.25,3,3,AGATCCGCCGAGGCCTCGGA,0,3083256
rcsBp2,0.25,3,3,AGATAGGATCTTATGTTGCA,0,3095330
rcsBp2,0.25,3,3,AGATAATTTGCTTATGGTTT,0,3117357
rcsBp2,0.25,3,3,AGAGTTACTGGAACCAAAAG,0,3117351
rcsBp2,0.25,3,3,AGAGTCATCCCCAGGACAGC,0,3077728
rcsBp2,0.25,3,3,AGAGTCAGTTCAGATGAGGT,0,3121099
rcsBp2,0.25,3,3,AGAGGGCTACATTTGGATTC,0,3116649
rcsBp2,0.25,3,3,AGAGCTATATTTCGCCATTC,0,3074152
rcsBp2,0.25,3,3,AGAGACCGCGGGAGCAGGAG,0,3109906
rcsBp2,0.25,3,3,AGAGAAGGTACATATTCTTG,0,3102048
rcsBp2,0.25,3,3,AGACGTTGCCAGGTACTACG,0,3114976
rcsBp2,0.25,3,3,AGACCGCTTAGTAAGCGCGT,0,3121849
rcsBp2,0.25,3,3,AGACCCTCATTGGCACCTCC,0,3080806
rcsBp2,0.25,3,3,AGACACCGAAGACTTTGTAC,0,3096428
rcsBp2,0.25,3,3,AGAAGTTTTTCTAACTCACT,0,3118387
rcsBp2,0.25,3,3,AGAAGAGGCAGGAACCGTGA,0,3099998
rcsBp2,0.25,3,3,AGAAATGAGTGATGGTAAAT,0,3106434
rcsBp2,0.25,3,3,ACTTTCCAAACCTGACACGC,0,3114381
rcsBp2,0.25,3,3,ACTTTATGTGCCATAGACGT,0,3090701
rcsBp2,0.25,3,3,ACTTGTGTTGCTCATAACTA,0,3084726
rcsBp2,0.25,3,3,ACTTATAATAATGCAGTCGG,0,3075646
rcsBp2,0.25,3,3,ACTGGTTCTAAGTAATAAAC,0,3117167
rcsBp2,0.25,3,3,ACTGGGGACCACGTATTGGC,0,3105316
rcsBp2,0.25,3,3,ACTGGGCAAATTAGGGACAA,0,3111309
rcsBp2,0.25,3,3,ACTGGCCATCATCGGCATCT,0,3106221
rcsBp2,0.25,3,3,ACTGGCATGGACCATGTAGT,0,3097163
rcsBp2,0.25,3,3,ACTGGAGATTTCTACACTCA,0,3119339
rcsBp2,0.25,3,3,ACTGCGACCGACATTCCGTC,0,3097228
rcsBp2,0.25,3,3,ACTCGACTCAAGGCGAGTCA,0,3110178
rcsBp2,0.25,3,3,ACTCCGACCGCTCGGCAGTG,0,3102114
rcsBp2,0.25,3,3,ACTCAATGACTGTTCTACTG,0,3103320
rcsBp2,0.25,3,3,ACTAGGGGGTATCCTGTTAT,0,3110807
rcsBp2,0.25,3,3,ACTAATGATCACCGAAGCGG,0,3112455
rcsBp2,0.25,3,3,ACTAAATATCCGCACCCTAC,0,3107590
rcsBp2,0.25,3,3,ACGTTCCGACCTCGAGGATC,0,3115566
rcsBp2,0.25,3,3,ACGTGTTATTAGTGGTTTGG,0,3085579
rcsBp2,0.25,3,3,ACGTGCAGGAGAGAACGAGT,0,3087639
rcsBp2,0.25,3,3,ACGTCTACGTTCTGGCTCTA,0,3076841
rcsBp2,0.25,3,3,ACGTAGCTTAAATTGGGGAT,0,3092495
rcsBp2,0.25,3,3,ACGTACTCGAGGAGTCACGT,0,3075014
rcsBp2,0.25,3,3,ACGGTTCTCTAGCGCAGCGA,0,3112451
rcsBp2,0.25,3,3,ACGGTTCACACGGCCTAGCG,0,3117334
rcsBp2,0.25,3,3,ACGGGAACGGCTTTAAAATT,0,3115495
rcsBp2,0.25,3,3,ACGGGAAATCGGTTGTCATT,0,3079270
rcsBp2,0.25,3,3,ACGGCGGCTTCCGGGGTGGA,0,3103717
rcsBp2,0.25,3,3,ACGGATCTCCCGAAACAATA,0,3082676
rcsBp2,0.25,3,3,ACGGAATGAGACAGCTGGTA,0,3094021
rcsBp2,0.25,3,3,ACGCTCACAACGATCGCGAA,0,3119684
rcsBp2,0.25,3,3,ACGATTCCGGAATGCAGATG,0,3112289
rcsBp2,0.25,3,3,ACGATCGCTTTAGGTCCATC,0,3120598
rcsBp2,0.25,3,3,ACGAGGTTATTCCAAGATGA,0,3117141
rcsBp2,0.25,3,3,ACGAAGTGAAGGGTCAAGGA,0,3107985
rcsBp2,0.25,3,3,ACGAACTAAAGTCATGACGT,0,3100326
rcsBp2,0.25,3,3,ACGAAATTTCTTCTCTAGAA,0,3079537
rcsBp2,0.25,3,3,ACCTTGGGGCGTAGAAGTGC,0,3114061
rcsBp2,0.25,3,3,ACCTGAGAAGTCACTATAGA,0,3080120
rcsBp2,0.25,3,3,ACCTCCACTTTGTCTATTCG,0,3085480
rcsBp2,0.25,3,3,ACCTCAAAATAGTAATAGAC,0,3103660
rcsBp2,0.25,3,3,ACCTATCGACTACGGCTGAG,0,3110275
rcsBp2,0.25,3,3,ACCGTGCTTGACCTACAGGA,0,3092597
rcsBp2,0.25,3,3,ACCGCCTGTGCTTTCCCGTG,0,3104734
rcsBp2,0.25,3,3,ACCGAATCCGGATCTGACCT,0,3086362
rcsBp2,0.25,3,3,ACCCTCCCCTAAGTACCGCT,0,3094532
rcsBp2,0.25,3,3,ACCCGCGGGGCGTGACCAAG,0,3077397
rcsBp2,0.25,3,3,ACCCACGGGGAAGGGATACT,0,3105862
rcsBp2,0.25,3,3,ACCAGGCGTAGAACAAACGC,0,3086720
rcsBp2,0.25,3,3,ACCAGCTGTTCCCTCATAGC,0,3078694
rcsBp2,0.25,3,3,ACCACCCCTCTGCTTACCAA,0,3078752
rcsBp2,0.25,3,3,ACATTTCAGGTGACAGCCTC,0,3110322
rcsBp2,0.25,3,3,ACATTATCGAATGCTACACT,0,3074874
rcsBp2,0.25,3,3,ACATGAGTTTGAAACCCGTA,0,3103478
rcsBp2,0.25,3,3,ACATCCCAAGTGCAGCTACT,0,3094993
rcsBp2,0.25,3,3,ACATAGGAAAGGGGGCGTAG,0,3086424
rcsBp2,0.25,3,3,ACAGGTGCAAATTGTGCAGC,0,3087613
rcsBp2,0.25,3,3,ACAGGGAAAATCTGGGCTTG,0,3100142
rcsBp2,0.25,3,3,ACAGGACAAGCAAACCTGTG,0,3107745
rcsBp2,0.25,3,3,ACAGCTGTAATTGGAGAGTA,0,3113010
rcsBp2,0.25,3,3,ACAGAAACACCTGCAGTTAG,0,3087477
rcsBp2,0.25,3,3,ACACGAATAGGTACCAGGTT,0,3109074
rcsBp2,0.25,3,3,ACACCGGCGACGTAGAATTA,0,3087301
rcsBp2,0.25,3,3,ACAATATAGTTTACAGTACT,0,3078931
rcsBp2,0.25,3,3,ACAAGCTCCATTTGCTCTGG,0,3120589
rcsBp2,0.25,3,3,ACAACTACATAACTTAACTG,0,3104301
rcsBp2,0.25,3,3,ACAACGAAAAGGACGTATGA,0,3106893
rcsBp2,0.25,3,3,AATTTGCACAATTATACGCG,0,3117930
rcsBp2,0.25,3,3,AATTTGACGGATGATGATAT,0,3076668
rcsBp2,0.25,3,3,AATTTATGCCGAAGGGAGCG,0,3112257
rcsBp2,0.25,3,3,AATTGTAAGGGTTTCGGATC,0,3094463
rcsBp2,0.25,3,3,AATTGGGAGCTGGCACGACG,0,3077033
rcsBp2,0.25,3,3,AATTGCGGACGTAGCGACTA,0,3074722
rcsBp2,0.25,3,3,AATTCTCGGATATGCAGTTC,0,3095157
rcsBp2,0.25,3,3,AATTCGCTACGCTGGCGCTC,0,3076061
rcsBp2,0.25,3,3,AATTCCTTATACATGGCGCA,0,3099790
rcsBp2,0.25,3,3,AATTCATCAGCGGACCGTCT,0,3118634
rcsBp2,0.25,3,3,AATTATACGGGAGCGTATGT,0,3102708
rcsBp2,0.25,3,3,AATTACTCGCCAAACCCGTC,0,3078953
rcsBp2,0.25,3,3,AATGTGACAGGAAACCATCA,0,3086255
rcsBp2,0.25,3,3,AATGCTTATGTTGTATTGCG,0,3098080
rcsBp2,0.25,3,3,AATGCGCATCAGTTTGGACT,0,3090846
rcsBp2,0.25,3,3,AATGATTAACTTGACGGCGA,0,3079711
rcsBp2,0.25,3,3,AATGAACAAGTCTAGATATA,0,3090352
rcsBp2,0.25,3,3,AATCGCAATTTTGGATACAG,0,3089340
rcsBp2,0.25,3,3,AATCCGGAGCTACACCTCTC,0,3121778
rcsBp2,0.25,3,3,AATATGAGTGCAGTAAACGT,0,3114118
rcsBp2,0.25,3,3,AATATACGTAGACCACTGGG,0,3092739
rcsBp2,0.25,3,3,AATAGTTCTGACTTTGAGAA,0,3117770
rcsBp2,0.25,3,3,AATACAGACATAAATGTTAT,0,3122743
rcsBp2,0.25,3,3,AAGTGCGAGAGGTGCTCCAG,0,3081892
rcsBp2,0.25,3,3,AAGTGAGTTAACGTGGTTGC,0,3119265
rcsBp2,0.25,3,3,AAGTGAGAGTCAGTATGGAG,0,3090163
rcsBp2,0.25,3,3,AAGTACGTCGAGATAAAGTC,0,3083103
rcsBp2,0.25,3,3,AAGGCCGTGTAGGGTCCAGG,0,3076987
rcsBp2,0.25,3,3,AAGGAACCTCAAACTATGTA,0,3083187
rcsBp2,0.25,3,3,AAGCTTGGGCAGTCCGTGCG,0,3076423
rcsBp2,0.25,3,3,AAGCTCGCCATGTCAGAGTG,0,3100538
rcsBp2,0.25,3,3,AAGCAAGTTCACTGCTTCCA,0,3086660
rcsBp2,0.25,3,3,AAGCAACAGAACCGGCGTCA,0,3092566
rcsBp2,0.25,3,3,AAGCAAAGATGAGATTGCCA,0,3101908
rcsBp2,0.25,3,3,AAGATTCCCCCATGACCCTA,0,3096295
rcsBp2,0.25,3,3,AAGATAGGGCGGACGGAGTC,0,3074150
rcsBp2,0.25,3,3,AAGAGGTACCAACTTTGTTG,0,3116513
rcsBp2,0.25,3,3,AAGAGCTCCCAATACCGGTC,0,3081855
rcsBp2,0.25,3,3,AAGAGAGGCCTAATGTAATC,0,3104870
rcsBp2,0.25,3,3,AAGACCCCTAACGTTTAGGT,0,3091579
rcsBp2,0.25,3,3,AACTCGGGCTCGGGTCGATC,0,3092221
rcsBp2,0.25,3,3,AACTCAGATTGACATCTAGT,0,3092083
rcsBp2,0.25,3,3,AACTATATCTCATCCGTCAT,0,3120628
rcsBp2,0.25,3,3,AACGTAGGGATTCGCGCTTG,0,3102254
rcsBp2,0.25,3,3,AACGATAAACACAGGGATCG,0,3078585
rcsBp2,0.25,3,3,AACGACTAGAGTTCTGGTAT,0,3075772
rcsBp2,0.25,3,3,AACCTGGTATTGCGAGCTTA,0,3101847
rcsBp2,0.25,3,3,AACCTACGCCCTGTTTTCAG,0,3086990
rcsBp2,0.25,3,3,AACCGCTAGCGACAAAGACT,0,3101113
rcsBp2,0.25,3,3,AACCCGATCCGCTCGGTGAC,0,3102238
rcsBp2,0.25,3,3,AACATTTACAGAACCCTGGG,0,3093262
rcsBp2,0.25,3,3,AACATGTCGTTATGTTTCGA,0,3111108
rcsBp2,0.25,3,3,AACAGGTTCATTAACACGTT,0,3110289
rcsBp2,0.25,3,3,AACAGAGAGCTACGAGCATT,0,3107446
rcsBp2,0.25,3,3,AACAGACCTCGGACTCAGTT,0,3104792
rcsBp2,0.25,3,3,AACACGCCTAGTCGTATTAT,0,3092230
rcsBp2,0.25,3,3,AACACGAGCCGGTAAACCGG,0,3077923
rcsBp2,0.25,3,3,AAATGTCTGAGCCTAGGCTA,0,3109882
rcsBp2,0.25,3,3,AAATGCTTCACGCCAATCCT,0,3110895
rcsBp2,0.25,3,3,AAATCTGCAAGGCTCCCCCA,0,3099595
rcsBp2,0.25,3,3,AAATCGCCTAGGGGTCATGC,0,3093248
rcsBp2,0.25,3,3,AAATAAGTATCGATTCTCTA,0,3091454
rcsBp2,0.25,3,3,AAAGTATATAAAGCTGGTTA,0,3112916
rcsBp2,0.25,3,3,AAAGGTTACGTCCTATCACT,0,3106918
rcsBp2,0.25,3,3,AAAGATCATCTAAGCCGCGA,0,3114468
rcsBp2,0.25,3,3,AAACTATACTTGTAGCATAG,0,3081545
rcsBp2,0.25,3,3,AAACGTAGATTAGATAGGGA,0,3110538
rcsBp2,0.25,3,3,AAACGGGTTTGTTAAAATTA,0,3084485
rcsBp2,0.25,3,3,AAACCGACCCAGTTCTCATG,0,3103827
rcsBp2,0.25,3,3,AAACAGCAGCTCGTTGAAAG,0,3103236
rcsBp2,0.25,3,3,AAAATCTTCCGACTGTCGAT,0,3088098
rcsBp2,0.25,3,3,AAAAGTCACAGCAGCATTTA,0,3107632
rcsBp2,0.25,3,3,AAAAGCAGCACCCACCGTCT,0,3076114
rcsBp2,0.25,3,3,AAAACAACCGCGGAAAACCA,0,3115523
rcsBp2,0.25,3,3,AAAAATTGAGAAGTCCACTG,0,3086831
rcsBp2,0.3333333333333333,2,2,TTTTCCCCGTAAGTTGGCAT,0,3097675
rcsBp2,0.3333333333333333,2,2,TTTTCATGATAAATTGGGCG,0,3091711
rcsBp2,0.3333333333333333,2,2,TTTTACTTTCGGTATTGGCG,0,3107744
rcsBp2,0.3333333333333333,2,2,TTTTAAGCCTAGGCGCAGTC,0,3075769
rcsBp2,0.3333333333333333,2,2,TTTTAAATGCCTTGAATAGG,0,3119029
rcsBp2,0.3333333333333333,2,2,TTTGCGGAGCACACATGTTC,0,3117369
rcsBp2,0.3333333333333333,2,2,TTTGAGCCAGGGCCAGTTCA,0,3107370
rcsBp2,0.3333333333333333,2,2,TTTGACTGACCTCCGGCGCG,0,3086636
rcsBp2,0.3333333333333333,2,2,TTTGACTCCCAATAAAACCA,0,3092510
rcsBp2,0.3333333333333333,2,2,TTTCTTCACCACTTGACGCG,0,3079279
rcsBp2,0.3333333333333333,2,2,TTTCTGTGCCGACCACATCA,0,3074887
rcsBp2,0.3333333333333333,2,2,TTTCGGGATGCTCGAAAATC,0,3111463
rcsBp2,0.3333333333333333,2,2,TTTCGGCATTCCACATTGAA,0,3083521
rcsBp2,0.3333333333333333,2,2,TTTCGGACGGGCTCAATCAG,0,3108551
rcsBp2,0.3333333333333333,2,2,TTTCGATGTCAACCGCGCAA,0,3090397
rcsBp2,0.3333333333333333,2,2,TTTCAAGCAATTTAAGCGCT,0,3119728
rcsBp2,0.3333333333333333,2,2,TTTAGTCGTTCCAAATTCAA,0,3112482
rcsBp2,0.3333333333333333,2,2,TTTAATTCTTGTGTTGGGGG,0,3088026
rcsBp2,0.3333333333333333,2,2,TTGTTGTCATTTCGTACCAG,0,3120763
rcsBp2,0.3333333333333333,2,2,TTGTGTCCGTCCCTTGGCAT,0,3106829
rcsBp2,0.3333333333333333,2,2,TTGTGTAACGGCGGTCAAGG,0,3097957
rcsBp2,0.3333333333333333,2,2,TTGTGCATAACGTGTTCCTG,0,3108183
rcsBp2,0.3333333333333333,2,2,TTGTCGGTATATCTGGTCCT,0,3108521
rcsBp2,0.3333333333333333,2,2,TTGTATTGGTCACTGGAATA,0,3101422
rcsBp2,0.3333333333333333,2,2,TTGTAGGCGCGCGACGTAAC,0,3085765
rcsBp2,0.3333333333333333,2,2,TTGGTCGCTACGACCAGGGG,0,3090598
rcsBp2,0.3333333333333333,2,2,TTGGGCATCCGCTTCTGGAC,0,3080852
rcsBp2,0.3333333333333333,2,2,TTGGCCTATCATCTTCTGTC,0,3102724
rcsBp2,0.3333333333333333,2,2,TTGGCCGGTGGGTATTCTAA,0,3095069
rcsBp2,0.3333333333333333,2,2,TTGCGGGCGGTCGGCTGACA,0,3084289
rcsBp2,0.3333333333333333,2,2,TTGCCCGATTGAGGTCATGA,0,3079781
rcsBp2,0.3333333333333333,2,2,TTGCCCCGATTATCAGATCT,0,3090899
rcsBp2,0.3333333333333333,2,2,TTGCATCCACTCGTCATTCA,0,3099030
rcsBp2,0.3333333333333333,2,2,TTGAGGGGGGAGACAAAGAG,0,3077870
rcsBp2,0.3333333333333333,2,2,TTGACATCTTCGGGGCCTTA,0,3117178
rcsBp2,0.3333333333333333,2,2,TTGAATTTGGGAATCCGCAT,0,3074492
rcsBp2,0.3333333333333333,2,2,TTCTTGCTGGTATAGTGCTG,0,3107141
rcsBp2,0.3333333333333333,2,2,TTCTTACTGTCTCAGGGTCT,0,3092571
rcsBp2,0.3333333333333333,2,2,TTCTGTGTCGTACTGGCAGG,0,3079881
rcsBp2,0.3333333333333333,2,2,TTCTGTCCCAGGGGGTTTGC,0,3084814
rcsBp2,0.3333333333333333,2,2,TTCTGGTTTTACGCTAGGAC,0,3112711
rcsBp2,0.3333333333333333,2,2,TTCTCTAAACACTGCCACGC,0,3079107
rcsBp2,0.3333333333333333,2,2,TTCTATGTGAAAGATCAGAA,0,3080166
rcsBp2,0.3333333333333333,2,2,TTCGTCAACTGTAGTTATGT,0,3119955
rcsBp2,0.3333333333333333,2,2,TTCGCGTCATACTGAAATGA,0,3074027
rcsBp2,0.3333333333333333,2,2,TTCGATCACACTCGGAGGGA,0,3104017
rcsBp2,0.3333333333333333,2,2,TTCGAGGAATAGGATCTTAA,0,3100813
rcsBp2,0.3333333333333333,2,2,TTCGAAAGGGAATTCGTAAC,0,3075561
rcsBp2,0.3333333333333333,2,2,TTCCTGCAACGGTCGATATA,0,3116636
rcsBp2,0.3333333333333333,2,2,TTCCGTAGTCTTTTGTGGGA,0,3107325
rcsBp2,0.3333333333333333,2,2,TTCCGGAGGGAAGTTGCAGT,0,3086440
rcsBp2,0.3333333333333333,2,2,TTCCCTACTTTGGCGTCTAC,0,3074190
rcsBp2,0.3333333333333333,2,2,TTCCCGGGGGTACGCAATGC,0,3093120
rcsBp2,0.3333333333333333,2,2,TTCCCGGCCCAAATTTCCCC,0,3117743
rcsBp2,0.3333333333333333,2,2,TTCCATTAGACTGGTGTCTC,0,3087223
rcsBp2,0.3333333333333333,2,2,TTCATTCGATGACGGCTGAC,0,3100670
rcsBp2,0.3333333333333333,2,2,TTATTTAGTAGTCAATAAAG,0,3106211
rcsBp2,0.3333333333333333,2,2,TTATTCTAGAGGGATAGAGG,0,3108280
rcsBp2,0.3333333333333333,2,2,TTATGACATATTGGGTCATG,0,3078624
rcsBp2,0.3333333333333333,2,2,TTATCCCCAAGACGTATCAC,0,3111822
rcsBp2,0.3333333333333333,2,2,TTAGTTAGCTCAGTTTCGTC,0,3111259
rcsBp2,0.3333333333333333,2,2,TTAGAACCCCAGTGCATTGT,0,3114987
rcsBp2,0.3333333333333333,2,2,TTACTTCGGACTGACACACA,0,3113258
rcsBp2,0.3333333333333333,2,2,TTACTGTGTATCGAGCACTG,0,3074064
rcsBp2,0.3333333333333333,2,2,TTACTGGGCGGTGAGAGCCC,0,3089947
rcsBp2,0.3333333333333333,2,2,TTACTGAACTATGCAATGCT,0,3089344
rcsBp2,0.3333333333333333,2,2,TTACCATATGGAATAGGGCA,0,3083590
rcsBp2,0.3333333333333333,2,2,TTACACTGGTTAGCATAAAT,0,3084221
rcsBp2,0.3333333333333333,2,2,TTACACGCGTTCCGTTGTTA,0,3106103
rcsBp2,0.3333333333333333,2,2,TTACAATAGGAACTCCCAAG,0,3080809
rcsBp2,0.3333333333333333,2,2,TTAATTTTTATATACCGTCC,0,3075503
rcsBp2,0.3333333333333333,2,2,TTAATATTCTATCTATTCAG,0,3095075
rcsBp2,0.3333333333333333,2,2,TTAATATAGATAGTTTACGG,0,3110767
rcsBp2,0.3333333333333333,2,2,TTAACTAACTCATCCTCAGC,0,3077213
rcsBp2,0.3333333333333333,2,2,TTAACAGATCTTTCCCAATC,0,3114980
rcsBp2,0.3333333333333333,2,2,TTAAAGCCGTCCTGTAAAGC,0,3117225
rcsBp2,0.3333333333333333,2,2,TGTTTACAAGACGCTCAACT,0,3110059
rcsBp2,0.3333333333333333,2,2,TGTTGTCGCAAGTGGATCAT,0,3122545
rcsBp2,0.3333333333333333,2,2,TGTTGGGAGTCAAAGGTGTT,0,3100795
rcsBp2,0.3333333333333333,2,2,TGTTGGCCCCTGCACCACGC,0,3117952
rcsBp2,0.3333333333333333,2,2,TGTTGGAGCGCCTGCAGCGG,0,3108583
rcsBp2,0.3333333333333333,2,2,TGTTAGCAGCGTCGGTAACA,0,3104361
rcsBp2,0.3333333333333333,2,2,TGTGTGGTGTCTTGAACAGG,0,3105817
rcsBp2,0.3333333333333333,2,2,TGTGGGGGACTGCAATCGTC,0,3102824
rcsBp2,0.3333333333333333,2,2,TGTGGGAGGCTTACGTAAGA,0,3101753
rcsBp2,0.3333333333333333,2,2,TGTGCCACCGGCTTATCATC,0,3108877
rcsBp2,0.3333333333333333,2,2,TGTGATTTGTCCAAAAATTA,0,3086645
rcsBp2,0.3333333333333333,2,2,TGTGAGAGATGCCGAAACTT,0,3117118
rcsBp2,0.3333333333333333,2,2,TGTGACTTAGGGAGTGCCGA,0,3095401
rcsBp2,0.3333333333333333,2,2,TGTCGGGTTCACCTGACTGT,0,3085073
rcsBp2,0.3333333333333333,2,2,TGTCCCGTATCATGATTTCC,0,3097393
rcsBp2,0.3333333333333333,2,2,TGTCACGACCCCTCATTCGC,0,3088840
rcsBp2,0.3333333333333333,2,2,TGTATTATATGGCCCCCCTC,0,3089944
rcsBp2,0.3333333333333333,2,2,TGTAGGTTGTGGAGTCTAAA,0,3092227
rcsBp2,0.3333333333333333,2,2,TGTAGACATGCGCAGCCCTG,0,3099301
rcsBp2,0.3333333333333333,2,2,TGTACCCTTCCATTTCAGGA,0,3081061
rcsBp2,0.3333333333333333,2,2,TGGTTTCACGGTGAGGCAAA,0,3106535
rcsBp2,0.3333333333333333,2,2,TGGTTTAGCCAGCATGGGGC,0,3113903
rcsBp2,0.3333333333333333,2,2,TGGTATTCGCACATTTAAGT,0,3080316
rcsBp2,0.3333333333333333,2,2,TGGTAACACATCCCCCCCCA,0,3110801
rcsBp2,0.3333333333333333,2,2,TGGGTGACTAGGTGGTAGGC,0,3079077
rcsBp2,0.3333333333333333,2,2,TGGGTAGTTCACTGATATAG,0,3097286
rcsBp2,0.3333333333333333,2,2,TGGGGCAGGCACCCGCATCA,0,3109350
rcsBp2,0.3333333333333333,2,2,TGGGCTAGAGAACTTTTGAG,0,3116168
rcsBp2,0.3333333333333333,2,2,TGGGCGCACCCATCCGTAGG,0,3081237
rcsBp2,0.3333333333333333,2,2,TGGGAGTTAACTAATATTTC,0,3090990
rcsBp2,0.3333333333333333,2,2,TGGCTCAGGAATTGGCGTCT,0,3087274
rcsBp2,0.3333333333333333,2,2,TGGCTACGTTGATAACATAA,0,3116697
rcsBp2,0.3333333333333333,2,2,TGGCGGGCGATTGGCAGTCA,0,3094658
rcsBp2,0.3333333333333333,2,2,TGGCGCCAACGGGAGGCGCC,0,3111781
rcsBp2,0.3333333333333333,2,2,TGGCCTGCTCGTCATCCTGG,0,3084009
rcsBp2,0.3333333333333333,2,2,TGGCATTGGTTGCACTGCCA,0,3095162
rcsBp2,0.3333333333333333,2,2,TGGCATGCGAATTTGCGGCA,0,3108970
rcsBp2,0.3333333333333333,2,2,TGGCAAGCCTAAGCGGGGTT,0,3107154
rcsBp2,0.3333333333333333,2,2,TGGAGTGCAATGGACAGCAT,0,3112841
rcsBp2,0.3333333333333333,2,2,TGGAGGTAATGGCGTGTTTT,0,3103234
rcsBp2,0.3333333333333333,2,2,TGGACCTTACACCTATTGTG,0,3110708
rcsBp2,0.3333333333333333,2,2,TGCTTTTTTCCCCTCATTAC,0,3096433
rcsBp2,0.3333333333333333,2,2,TGCTTCATCTATTTAAGCGT,0,3096772
rcsBp2,0.3333333333333333,2,2,TGCTGTTCTGCGGAGCTCGG,0,3086286
rcsBp2,0.3333333333333333,2,2,TGCTGCGTCATGGCAGGTGC,0,3119652
rcsBp2,0.3333333333333333,2,2,TGCTCTCCTAATCTAAATAG,0,3075956
rcsBp2,0.3333333333333333,2,2,TGCTCGGTCTGATTTACGAC,0,3085972
rcsBp2,0.3333333333333333,2,2,TGCTCCGGCAGTCATTGGTC,0,3081928
rcsBp2,0.3333333333333333,2,2,TGCTAGGTTTGTAGCAGAGA,0,3107030
rcsBp2,0.3333333333333333,2,2,TGCTAGGTCTGTACCCCTCG,0,3109881
rcsBp2,0.3333333333333333,2,2,TGCGTGCATCCAGTCCACCG,0,3085138
rcsBp2,0.3333333333333333,2,2,TGCGATGCTGTATAAGCCAT,0,3115998
rcsBp2,0.3333333333333333,2,2,TGCGACATGTAGGCCTACAT,0,3086970
rcsBp2,0.3333333333333333,2,2,TGCGAAGGCGGTGGGCCAGA,0,3110930
rcsBp2,0.3333333333333333,2,2,TGCCGTTTACCTGAAAGTGT,0,3118299
rcsBp2,0.3333333333333333,2,2,TGCCGTAACTCAGCGGGCTA,0,3081551
rcsBp2,0.3333333333333333,2,2,TGCCATCATCAAATAAGTAG,0,3093375
rcsBp2,0.3333333333333333,2,2,TGCCACATAACGCTGAGATA,0,3122072
rcsBp2,0.3333333333333333,2,2,TGCATGTGATACGCGGCAGA,0,3078812
rcsBp2,0.3333333333333333,2,2,TGCATGCCAGCTAGGTAACC,0,3094663
rcsBp2,0.3333333333333333,2,2,TGCAGTCCGCTGACCGCAAC,0,3106685
rcsBp2,0.3333333333333333,2,2,TGCAGGCGCAAGTTTCCACT,0,3081100
rcsBp2,0.3333333333333333,2,2,TGCAATGGGGTAATCCGTGT,0,3092468
rcsBp2,0.3333333333333333,2,2,TGCAAGACTGCTTCACCATC,0,3114811
rcsBp2,0.3333333333333333,2,2,TGCAAACTGTACTCTAGCAA,0,3109991
rcsBp2,0.3333333333333333,2,2,TGATTATCGTCGTCATTCAG,0,3117246
rcsBp2,0.3333333333333333,2,2,TGATGGATTTAAGAATGGGA,0,3091629
rcsBp2,0.3333333333333333,2,2,TGATATGCGTAGTATGCTGC,0,3113328
rcsBp2,0.3333333333333333,2,2,TGATATATGGCTTTGCGTGC,0,3095074
rcsBp2,0.3333333333333333,2,2,TGAGTTTGCATTCAGGACGA,0,3119767
rcsBp2,0.3333333333333333,2,2,TGAGTGGTCGCCCATGGCAT,0,3113326
rcsBp2,0.3333333333333333,2,2,TGAGTCCAAACAACTAAGTT,0,3088223
rcsBp2,0.3333333333333333,2,2,TGAGTAATGCAGTTGTCGCT,0,3099124
rcsBp2,0.3333333333333333,2,2,TGAGTAAGTGCCGACGCTCT,0,3108838
rcsBp2,0.3333333333333333,2,2,TGAGGTGCGTGCCGATTCCA,0,3103112
rcsBp2,0.3333333333333333,2,2,TGAGAGTAGTAGTCTATCTT,0,3095541
rcsBp2,0.3333333333333333,2,2,TGACAACTGGGTAGAAATGC,0,3097433
rcsBp2,0.3333333333333333,2,2,TGAACAAGACAAGCTCCTCT,0,3111987
rcsBp2,0.3333333333333333,2,2,TGAAATCGGGTCTGGGTATG,0,3076596
rcsBp2,0.3333333333333333,2,2,TCTTTTAACCAGGTTCGACT,0,3114353
rcsBp2,0.3333333333333333,2,2,TCTTGGGGTATCAACTACCT,0,3094574
rcsBp2,0.3333333333333333,2,2,TCTTGCGGTTGCGTGTCCAC,0,3094956
rcsBp2,0.3333333333333333,2,2,TCTTCAGGGCGGGACACGCG,0,3076907
rcsBp2,0.3333333333333333,2,2,TCTTATTGTCTTAGTCCAAG,0,3110594
rcsBp2,0.3333333333333333,2,2,TCTTAAGCTTACAATCGAGG,0,3113926
rcsBp2,0.3333333333333333,2,2,TCTGTTGCCTGAGGCTCTCT,0,3089468
rcsBp2,0.3333333333333333,2,2,TCTGGCTTGGGGACAAAAAT,0,3080131
rcsBp2,0.3333333333333333,2,2,TCTGGAAGCACAGCGCGTGT,0,3092634
rcsBp2,0.3333333333333333,2,2,TCTGCTTACGGCTAATATGT,0,3114702
rcsBp2,0.3333333333333333,2,2,TCTGCTAAAAGCATATGCCC,0,3099630
rcsBp2,0.3333333333333333,2,2,TCTGCATTCTAGTCAAGCCC,0,3113563
rcsBp2,0.3333333333333333,2,2,TCTCTCGTACTCATCTGGCG,0,3075268
rcsBp2,0.3333333333333333,2,2,TCTCCCTTCACTGTATCTGC,0,3096227
rcsBp2,0.3333333333333333,2,2,TCTATTTGTTATTGCGTATG,0,3114680
rcsBp2,0.3333333333333333,2,2,TCGTTATGTGGACTGCCTTG,0,3087126
rcsBp2,0.3333333333333333,2,2,TCGTGTTCAGATTTATACAA,0,3083864
rcsBp2,0.3333333333333333,2,2,TCGTGCGCACAGAACATTCC,0,3099811
rcsBp2,0.3333333333333333,2,2,TCGTCTAGTGATCCGCTCTT,0,3102747
rcsBp2,0.3333333333333333,2,2,TCGTAGGCTAGTAATGCGTG,0,3093557
rcsBp2,0.3333333333333333,2,2,TCGGGTGAGCAATGATAGGG,0,3089522
rcsBp2,0.3333333333333333,2,2,TCGGGGAGTTCCTGGTAATT,0,3074705
rcsBp2,0.3333333333333333,2,2,TCGCGTGCCGAATTACGGGA,0,3087133
rcsBp2,0.3333333333333333,2,2,TCGCCGGTCCGTCAGTGGGG,0,3101576
rcsBp2,0.3333333333333333,2,2,TCGCCATATCGACCCAGTGT,0,3116204
rcsBp2,0.3333333333333333,2,2,TCGAGTGGGTAACGTGAGGA,0,3094060
rcsBp2,0.3333333333333333,2,2,TCGAGTGGCAGTGGGGGTAC,0,3103474
rcsBp2,0.3333333333333333,2,2,TCGAGAATCTATCGTTTCAT,0,3082778
rcsBp2,0.3333333333333333,2,2,TCGACTTTCAAGAACAGGTT,0,3121352
rcsBp2,0.3333333333333333,2,2,TCGACGACCTCTTCTAGCAA,0,3089650
rcsBp2,0.3333333333333333,2,2,TCGAATGGAAAGCACATAGC,0,3119974
rcsBp2,0.3333333333333333,2,2,TCCTTTTTAATTCCGAAATG,0,3112299
rcsBp2,0.3333333333333333,2,2,TCCTCCGAACAATAACGCGG,0,3106665
rcsBp2,0.3333333333333333,2,2,TCCTATCATTAATATTTAAG,0,3082677
rcsBp2,0.3333333333333333,2,2,TCCTAGGAATACTGGCGCGC,0,3085419
rcsBp2,0.3333333333333333,2,2,TCCTAATTTTTTGTGTAACA,0,3093667
rcsBp2,0.3333333333333333,2,2,TCCGTGGGGGGGGGTCTCCT,0,3097689
rcsBp2,0.3333333333333333,2,2,TCCGCCTCGAGCGTCGCGAA,0,3110826
rcsBp2,0.3333333333333333,2,2,TCCCTTTGATGCTCCCACCG,0,3087607
rcsBp2,0.3333333333333333,2,2,TCCCTTAGTGTGACCCACGT,0,3078950
rcsBp2,0.3333333333333333,2,2,TCCCGTTAAAGTCCGTCATA,0,3101836
rcsBp2,0.3333333333333333,2,2,TCCCGTCGCTTCTCGCAATG,0,3109443
rcsBp2,0.3333333333333333,2,2,TCCCATTCAAATAATCTCCA,0,3082582
rcsBp2,0.3333333333333333,2,2,TCCCATATCCTCGTTGCCGT,0,3119506
rcsBp2,0.3333333333333333,2,2,TCCCAGCCTTTTAATAAGCG,0,3092123
rcsBp2,0.3333333333333333,2,2,TCCATAATGTATATCAGCAC,0,3122847
rcsBp2,0.3333333333333333,2,2,TCCAGCGTCCGTGTCGCTTT,0,3078007
rcsBp2,0.3333333333333333,2,2,TCCACGCACACACCTGCGTA,0,3119047
rcsBp2,0.3333333333333333,2,2,TCATGTGGGTACGTGCAATG,0,3107067
rcsBp2,0.3333333333333333,2,2,TCATGTCATTCGTAAAGTGC,0,3085063
rcsBp2,0.3333333333333333,2,2,TCATGGAGGTGTGACGTAAA,0,3118984
rcsBp2,0.3333333333333333,2,2,TCATCTCGAACATCACTCGT,0,3089636
rcsBp2,0.3333333333333333,2,2,TCATCGTCGGCTGTTGACGG,0,3103974
rcsBp2,0.3333333333333333,2,2,TCATCCGTGAATCTGCAGTT,0,3085443
rcsBp2,0.3333333333333333,2,2,TCATATACCTAGTTCAAGTG,0,3095165
rcsBp2,0.3333333333333333,2,2,TCAGTTCTTTCGAAAGTCAG,0,3087838
rcsBp2,0.3333333333333333,2,2,TCAGTGGGTCGTTATAGAAA,0,3121719
rcsBp2,0.3333333333333333,2,2,TCAGGTTTGTCCAGAAAACA,0,3086644
rcsBp2,0.3333333333333333,2,2,TCACGGGCCGGGAATACCTG,0,3110362
rcsBp2,0.3333333333333333,2,2,TCACGACTTTGGCGCGTCCT,0,3079054
rcsBp2,0.3333333333333333,2,2,TCACCTTGTGGGGTGTCGCT,0,3086035
rcsBp2,0.3333333333333333,2,2,TCAATGCTCTTGACCCGCAT,0,3109908
rcsBp2,0.3333333333333333,2,2,TCAAGACCCCATTGTGGATC,0,3109659
rcsBp2,0.3333333333333333,2,2,TCAACGTCCAATGGGGTAAT,0,3112775
rcsBp2,0.3333333333333333,2,2,TCAACAAACCAACTTCCCCC,0,3088884
rcsBp2,0.3333333333333333,2,2,TCAAATGGGGAGTGGGTTTA,0,3083684
rcsBp2,0.3333333333333333,2,2,TCAAATCTTTCAAGCTTAAC,0,3100385
rcsBp2,0.3333333333333333,2,2,TCAAACCCAGCTAGTCCAAG,0,3100143
rcsBp2,0.3333333333333333,2,2,TCAAAAAAACATCATGAGCG,0,3091425
rcsBp2,0.3333333333333333,2,2,TATTCAGTGCTTAGGTGTTC,0,3075612
rcsBp2,0.3333333333333333,2,2,TATTAGGGCGCAGTGGACGC,0,3121253
rcsBp2,0.3333333333333333,2,2,TATTAGAATTAGAGGCTCTG,0,3101952
rcsBp2,0.3333333333333333,2,2,TATTACGGAGTGTAATTGCG,0,3082884
rcsBp2,0.3333333333333333,2,2,TATTAAGTCCCGGGCAGGAG,0,3106653
rcsBp2,0.3333333333333333,2,2,TATGGTCGTAATCCTACTAA,0,3074278
rcsBp2,0.3333333333333333,2,2,TATGGGGTATGGCAGCGAGA,0,3099647
rcsBp2,0.3333333333333333,2,2,TATGACAATCTCAATGTGTT,0,3117965
rcsBp2,0.3333333333333333,2,2,TATCTGGTGTAGATCTAAGC,0,3092809
rcsBp2,0.3333333333333333,2,2,TATCTCAGTGCCAAGTGGTC,0,3120680
rcsBp2,0.3333333333333333,2,2,TATCCCTGCCTTTTGCATTG,0,3114565
rcsBp2,0.3333333333333333,2,2,TATCCAGCACCGCATGCGTC,0,3099110
rcsBp2,0.3333333333333333,2,2,TATCAGCATTCTCTTGCATA,0,3076069
rcsBp2,0.3333333333333333,2,2,TATCAAGCATGCGACGTCCA,0,3080795
rcsBp2,0.3333333333333333,2,2,TATACAGGATGGTCATCGTG,0,3115342
rcsBp2,0.3333333333333333,2,2,TATACAAGATTACCACCGCA,0,3106043
rcsBp2,0.3333333333333333,2,2,TAGGTAGATAAAGTCGATGC,0,3102349
rcsBp2,0.3333333333333333,2,2,TAGGGTTATGATACAGTGCG,0,3093591
rcsBp2,0.3333333333333333,2,2,TAGGGGCTCTCACTACTCTA,0,3092089
rcsBp2,0.3333333333333333,2,2,TAGGGCACGGCCCTCATTAT,0,3119606
rcsBp2,0.3333333333333333,2,2,TAGGCGGATCTCCCCATGGG,0,3077068
rcsBp2,0.3333333333333333,2,2,TAGGCACTGCATAGAATGCG,0,3101466
rcsBp2,0.3333333333333333,2,2,TAGCTGATTATTTAACTGCT,0,3111607
rcsBp2,0.3333333333333333,2,2,TAGCTGACTAATGGTGCTGT,0,3076635
rcsBp2,0.3333333333333333,2,2,TAGCTGACCCCGATACGCGG,0,3076201
rcsBp2,0.3333333333333333,2,2,TAGCGGGTCAACATTCTCAA,0,3119948
rcsBp2,0.3333333333333333,2,2,TAGCGGATATGGTGCGACTA,0,3121662
rcsBp2,0.3333333333333333,2,2,TAGCGCTCTATTCCCAACTA,0,3099487
rcsBp2,0.3333333333333333,2,2,TAGCGCATAGCACCTCAGCT,0,3111044
rcsBp2,0.3333333333333333,2,2,TAGCCCGACGGGGTCACTTG,0,3117629
rcsBp2,0.3333333333333333,2,2,TAGCCAAGTAAACGCGGACC,0,3100964
rcsBp2,0.3333333333333333,2,2,TAGCATTGATTCATTAGTGG,0,3119068
rcsBp2,0.3333333333333333,2,2,TAGCACAAGTGTTGGCTGCT,0,3117326
rcsBp2,0.3333333333333333,2,2,TAGATCATCAGTGAGCAAGT,0,3110175
rcsBp2,0.3333333333333333,2,2,TAGAGTAAGAGAAATTCACC,0,3098586
rcsBp2,0.3333333333333333,2,2,TAGAGAGCTATTTAGAAGTT,0,3114323
rcsBp2,0.3333333333333333,2,2,TAGACTTCCCATCGGTGCAT,0,3115854
rcsBp2,0.3333333333333333,2,2,TAGACAGCAAATTCATGTTG,0,3104629
rcsBp2,0.3333333333333333,2,2,TAGAATCGCACCGGAGGTGT,0,3104435
rcsBp2,0.3333333333333333,2,2,TACTTCGGCCTCATCTGGGA,0,3112232
rcsBp2,0.3333333333333333,2,2,TACTTATAACGTTGTGCTGC,0,3111496
rcsBp2,0.3333333333333333,2,2,TACTCACCACGAATGCAAGA,0,3095738
rcsBp2,0.3333333333333333,2,2,TACGGCGCTGGAACACACTA,0,3074059
rcsBp2,0.3333333333333333,2,2,TACGGCAGGTAAACTAAACG,0,3105665
rcsBp2,0.3333333333333333,2,2,TACGGCAAAACCCAGGAAGG,0,3082202
rcsBp2,0.3333333333333333,2,2,TACGCCCGAATTTATAGGTG,0,3107571
rcsBp2,0.3333333333333333,2,2,TACCTAAGCTACTATTCGAG,0,3114131
rcsBp2,0.3333333333333333,2,2,TACCGTATAGCAGCGTTCGA,0,3097464
rcsBp2,0.3333333333333333,2,2,TACCCCATACAAGGCATCCT,0,3093392
rcsBp2,0.3333333333333333,2,2,TACAGTCGCTTTCTAGTCAT,0,3106669
rcsBp2,0.3333333333333333,2,2,TACACCGAGTAGACCAAGTC,0,3119190
rcsBp2,0.3333333333333333,2,2,TAATTTATTAAGCCAGTAAG,0,3119944
rcsBp2,0.3333333333333333,2,2,TAATGCGTAATCGTTTCGTA,0,3075676
rcsBp2,0.3333333333333333,2,2,TAAGTGCAATCAATCAAAGA,0,3096430
rcsBp2,0.3333333333333333,2,2,TAAGGGGCAACGTCGGTTCT,0,3077243
rcsBp2,0.3333333333333333,2,2,TAAGAGTACCACTCGTCAAT,0,3095428
rcsBp2,0.3333333333333333,2,2,TAAGACCCCATAAACAGAAG,0,3090216
rcsBp2,0.3333333333333333,2,2,TAACGGACCTTGTAGGGTGA,0,3121048
rcsBp2,0.3333333333333333,2,2,TAACATGGGCACATTCCCGT,0,3084302
rcsBp2,0.3333333333333333,2,2,TAACAGAAAGATAGGCTTAC,0,3087535
rcsBp2,0.3333333333333333,2,2,TAAATATTGCGCAAGATTCT,0,3090724
rcsBp2,0.3333333333333333,2,2,TAAAGGCCTGTTACAGGAGT,0,3096449
rcsBp2,0.3333333333333333,2,2,TAAAGCGAGCGGCGATCAGT,0,3098051
rcsBp2,0.3333333333333333,2,2,TAAAATCTATCGGCTGCTTT,0,3084904
rcsBp2,0.3333333333333333,2,2,TAAAAGAGTCGTGAAAAGCG,0,3103747
rcsBp2,0.3333333333333333,2,2,GTTTTCGATGTTGAATCGCT,0,3076313
rcsBp2,0.3333333333333333,2,2,GTTTGCAGTGTGGCCTGGAC,0,3078256
rcsBp2,0.3333333333333333,2,2,GTTTCGTGGCATAGTTATAC,0,3095017
rcsBp2,0.3333333333333333,2,2,GTTTCCGCAGTAGGAATTGC,0,3106786
rcsBp2,0.3333333333333333,2,2,GTTTACCGTGAAGGTATGAG,0,3107411
rcsBp2,0.3333333333333333,2,2,GTTGGGACTAGAGCGATACC,0,3096394
rcsBp2,0.3333333333333333,2,2,GTTGGCTTAAAGTTAGCCAT,0,3076912
rcsBp2,0.3333333333333333,2,2,GTTGCTCCCGGAAGCCATCT,0,3112756
rcsBp2,0.3333333333333333,2,2,GTTCGCTAAGTCTTCAGCGG,0,3097643
rcsBp2,0.3333333333333333,2,2,GTTCAACGTACCATTCTGCA,0,3085291
rcsBp2,0.3333333333333333,2,2,GTTATATCCCAATGATTCCG,0,3087924
rcsBp2,0.3333333333333333,2,2,GTTACTGATATGCTTGGTGT,0,3111616
rcsBp2,0.3333333333333333,2,2,GTTACTACGTTTTAGGTGAG,0,3081370
rcsBp2,0.3333333333333333,2,2,GTTAAGCCGCGACTACAGTG,0,3091914
rcsBp2,0.3333333333333333,2,2,GTTAAAGTCCGTTCTTTGTG,0,3095293
rcsBp2,0.3333333333333333,2,2,GTGTTTCCAAGGCATCCACA,0,3086846
rcsBp2,0.3333333333333333,2,2,GTGTTGGAGCGGCCCCTGGG,0,3087036
rcsBp2,0.3333333333333333,2,2,GTGTTCCTATCTGGAGGTTT,0,3116048
rcsBp2,0.3333333333333333,2,2,GTGTGTATTTGAACGGCAGC,0,3085603
rcsBp2,0.3333333333333333,2,2,GTGTATTAGTGTTCGTTTGA,0,3109369
rcsBp2,0.3333333333333333,2,2,GTGTATGTTAGAGGGGCATC,0,3079507
rcsBp2,0.3333333333333333,2,2,GTGGGTCCATCTGGACGACG,0,3081369
rcsBp2,0.3333333333333333,2,2,GTGGGATTTCACGTCTTACT,0,3089520
rcsBp2,0.3333333333333333,2,2,GTGCTGCTGTCAGATAGATC,0,3079872
rcsBp2,0.3333333333333333,2,2,GTGCTAAACTCGAAGCCGTC,0,3107567
rcsBp2,0.3333333333333333,2,2,GTGCGTGTACCTAAGGCGTG,0,3116896
rcsBp2,0.3333333333333333,2,2,GTGCGGGGCCTTGGGGTCAT,0,3085690
rcsBp2,0.3333333333333333,2,2,GTGATGGCAAAGGGTACGCT,0,3117348
rcsBp2,0.3333333333333333,2,2,GTGAGAAACCTAGTAGGGAT,0,3106491
rcsBp2,0.3333333333333333,2,2,GTGACGGATTTATTAGGTGC,0,3079108
rcsBp2,0.3333333333333333,2,2,GTGACATCAGGCTTAAATTA,0,3090150
rcsBp2,0.3333333333333333,2,2,GTGAAGTGGTACGGACAGCG,0,3115038
rcsBp2,0.3333333333333333,2,2,GTCTTCGGGCCTTCTGTGGT,0,3073863
rcsBp2,0.3333333333333333,2,2,GTCTTCAAACACCTCTGCGT,0,3103964
rcsBp2,0.3333333333333333,2,2,GTCTGATCCGTCTTGACTCT,0,3104355
rcsBp2,0.3333333333333333,2,2,GTCGTTTAGGGTCGCGCGGG,0,3104768
rcsBp2,0.3333333333333333,2,2,GTCGTATGGTAGGCTGGTTT,0,3084398
rcsBp2,0.3333333333333333,2,2,GTCGGTATGGAATACGCGTC,0,3110758
rcsBp2,0.3333333333333333,2,2,GTCGGGAGAGTAGACCAGGC,0,3112068
rcsBp2,0.3333333333333333,2,2,GTCGGCGGAGGGGTCCACGA,0,3077459
rcsBp2,0.3333333333333333,2,2,GTCGATACTCGGCGGGGTCA,0,3113522
rcsBp2,0.3333333333333333,2,2,GTCCTGCACAAGGTAGAAGG,0,3101740
rcsBp2,0.3333333333333333,2,2,GTCATTCCGCGGATTAGTTA,0,3100501
rcsBp2,0.3333333333333333,2,2,GTCATCAACGCCGTCGCCTT,0,3118391
rcsBp2,0.3333333333333333,2,2,GTCAGTACGGAGGGCTTAAA,0,3088502
rcsBp2,0.3333333333333333,2,2,GTCAGCGGGTTTGCGAGATG,0,3087062
rcsBp2,0.3333333333333333,2,2,GTCAGAGCGGTGCTTGCGCG,0,3108232
rcsBp2,0.3333333333333333,2,2,GTCACTACCGGCCCAAAGGT,0,3084120
rcsBp2,0.3333333333333333,2,2,GTATTACCCTAAATACGGGG,0,3102891
rcsBp2,0.3333333333333333,2,2,GTATGTATGTACATTCTTTT,0,3097942
rcsBp2,0.3333333333333333,2,2,GTATGAATCCGTTAAAGTCC,0,3108952
rcsBp2,0.3333333333333333,2,2,GTATCTCATGCATGCCCGAG,0,3107399
rcsBp2,0.3333333333333333,2,2,GTATCAAAGCGGCCGTGCAT,0,3089338
rcsBp2,0.3333333333333333,2,2,GTATAAGCGATGCTTTACAG,0,3095384
rcsBp2,0.3333333333333333,2,2,GTATAACGTACATCAGGGTT,0,3075000
rcsBp2,0.3333333333333333,2,2,GTAGGATAATTGAACACGAC,0,3088591
rcsBp2,0.3333333333333333,2,2,GTAGGAATTCCTCTCCAAAT,0,3087904
rcsBp2,0.3333333333333333,2,2,GTAGCCACTTAGAGCATTGC,0,3086853
rcsBp2,0.3333333333333333,2,2,GTAGATACGTTAACAGCCGT,0,3107282
rcsBp2,0.3333333333333333,2,2,GTAGAGCGGTCCATCGTTGG,0,3117503
rcsBp2,0.3333333333333333,2,2,GTACTTCTCAGACATTGAAC,0,3095805
rcsBp2,0.3333333333333333,2,2,GTACGGGAATTCTTCGGCAT,0,3117203
rcsBp2,0.3333333333333333,2,2,GTAATTTCTAAGATTTGCCA,0,3101264
rcsBp2,0.3333333333333333,2,2,GTAATCTCCTCGCCGGTGTT,0,3100864
rcsBp2,0.3333333333333333,2,2,GTAATACCTCGCAGTGCGCA,0,3105846
rcsBp2,0.3333333333333333,2,2,GTAAGTTTGCCACAGGCCCC,0,3077163
rcsBp2,0.3333333333333333,2,2,GTAAGCCCGAGACACGTGAC,0,3089000
rcsBp2,0.3333333333333333,2,2,GTAACCGCATTCTGGTCGTC,0,3113000
rcsBp2,0.3333333333333333,2,2,GTAACCCCATTCCAATCGAA,0,3101344
rcsBp2,0.3333333333333333,2,2,GGTTTTTTTTTACTCTGGCA,0,3102234
rcsBp2,0.3333333333333333,2,2,GGTTTGTTGCATTAATGGTG,0,3099389
rcsBp2,0.3333333333333333,2,2,GGTTTGATCATTGTCACAGA,0,3115161
rcsBp2,0.3333333333333333,2,2,GGTTGGCATATGTTAGGGGG,0,3106239
rcsBp2,0.3333333333333333,2,2,GGTTCTTGCCATTGGATACG,0,3101241
rcsBp2,0.3333333333333333,2,2,GGTTCAAGTGACATAGGGTA,0,3108759
rcsBp2,0.3333333333333333,2,2,GGTTATCTCTCGATTCCCAA,0,3091285
rcsBp2,0.3333333333333333,2,2,GGTTAGTAACCGATGCTAAG,0,3118803
rcsBp2,0.3333333333333333,2,2,GGTTACGGGTTTAATCGCGT,0,3083386
rcsBp2,0.3333333333333333,2,2,GGTGTGTGAAGGGCTCGGTA,0,3106796
rcsBp2,0.3333333333333333,2,2,GGTGTAAATAGTAATGTCGT,0,3082520
rcsBp2,0.3333333333333333,2,2,GGTGGCTCCTGCGTCAAATC,0,3083519
rcsBp2,0.3333333333333333,2,2,GGTGGCAGTCGAAGACTCGA,0,3075184
rcsBp2,0.3333333333333333,2,2,GGTGGCACAGCACTTAGTAA,0,3098101
rcsBp2,0.3333333333333333,2,2,GGTGGATGTGAGACTATGTT,0,3113777
rcsBp2,0.3333333333333333,2,2,GGTGCGCGCGCTACTCCGGA,0,3094582
rcsBp2,0.3333333333333333,2,2,GGTCTTTATGTAAGTCAGCG,0,3107730
rcsBp2,0.3333333333333333,2,2,GGTCTCGACAGACCATCTAT,0,3103809
rcsBp2,0.3333333333333333,2,2,GGTCTCACAAAGGTTTCGTG,0,3100922
rcsBp2,0.3333333333333333,2,2,GGTCGGCGTAATATATGAGT,0,3074072
rcsBp2,0.3333333333333333,2,2,GGTCGCCACAAATACCGGTC,0,3101523
rcsBp2,0.3333333333333333,2,2,GGTCAGGCGCCACTCCTTGA,0,3074581
rcsBp2,0.3333333333333333,2,2,GGTATTACGAATTGGGCAGA,0,3112382
rcsBp2,0.3333333333333333,2,2,GGTATAGCTCTAGCGGAGGG,0,3090465
rcsBp2,0.3333333333333333,2,2,GGTATAGCCATGGACTAAGT,0,3099435
rcsBp2,0.3333333333333333,2,2,GGTAGCCAACACGGACGTAC,0,3086213
rcsBp2,0.3333333333333333,2,2,GGTACTGAACGGCGTTGTTC,0,3120705
rcsBp2,0.3333333333333333,2,2,GGTACACGCAATTTCTGAGT,0,3109824
rcsBp2,0.3333333333333333,2,2,GGTAATTCCTACAGTATCTA,0,3108153
rcsBp2,0.3333333333333333,2,2,GGTAACCTCGAGGGCTCACA,0,3116419
rcsBp2,0.3333333333333333,2,2,GGGTTGAGTACCCACTTTCG,0,3091381
rcsBp2,0.3333333333333333,2,2,GGGTGTTTATTATTTATCTA,0,3103253
rcsBp2,0.3333333333333333,2,2,GGGTGTCCTAATTACTAGAT,0,3122435
rcsBp2,0.3333333333333333,2,2,GGGTGGCAAGCAAACGCGTC,0,3093102
rcsBp2,0.3333333333333333,2,2,GGGTGAAGACACCGGCGGGG,0,3076947
rcsBp2,0.3333333333333333,2,2,GGGTCAATTCAAGATTTAGA,0,3112685
rcsBp2,0.3333333333333333,2,2,GGGTAGACGCGGCGCACCAG,0,3079977
rcsBp2,0.3333333333333333,2,2,GGGTACAGTTCCTGTAAACA,0,3107155
rcsBp2,0.3333333333333333,2,2,GGGGGCCTCAGATAGGCAAA,0,3104732
rcsBp2,0.3333333333333333,2,2,GGGGGCACCACTCGAGTCGC,0,3107139
rcsBp2,0.3333333333333333,2,2,GGGGCTGTAAAGTCGGCTGC,0,3095970
rcsBp2,0.3333333333333333,2,2,GGGGCAAGGCAAGTTGTCGG,0,3094935
rcsBp2,0.3333333333333333,2,2,GGGGAAGTATCGCCCCGGCA,0,3085030
rcsBp2,0.3333333333333333,2,2,GGGGAACGCAGGTCAATGCA,0,3087514
rcsBp2,0.3333333333333333,2,2,GGGCTTGTCGTTCGTAGAAT,0,3076889
rcsBp2,0.3333333333333333,2,2,GGGCTCCTGGAGACAGTATT,0,3091895
rcsBp2,0.3333333333333333,2,2,GGGCGACACCGGTAGTAACA,0,3105055
rcsBp2,0.3333333333333333,2,2,GGGCCGAATCGTAAGCTGAG,0,3115076
rcsBp2,0.3333333333333333,2,2,GGGCCAGAGTAATCTCTAGT,0,3081689
rcsBp2,0.3333333333333333,2,2,GGGCCACCAGAACTTGAACT,0,3106113
rcsBp2,0.3333333333333333,2,2,GGGCATACTTTCTGCTGTCA,0,3100365
rcsBp2,0.3333333333333333,2,2,GGGATTTTGGGAGAGTATTC,0,3105232
rcsBp2,0.3333333333333333,2,2,GGGATTTTAGAAAACTGTGT,0,3083066
rcsBp2,0.3333333333333333,2,2,GGGATTCGGGCTAATCGTCG,0,3118632
rcsBp2,0.3333333333333333,2,2,GGGATGTATCCCATGTCCCT,0,3104888
rcsBp2,0.3333333333333333,2,2,GGGATCTTTCGAGTATGTGG,0,3074563
rcsBp2,0.3333333333333333,2,2,GGGAGATGGCTCGCTTTGGA,0,3076584
rcsBp2,0.3333333333333333,2,2,GGGACTGATATCGCAGGGTG,0,3080750
rcsBp2,0.3333333333333333,2,2,GGGACTATGTGCACATAAAT,0,3100573
rcsBp2,0.3333333333333333,2,2,GGGACTAGATCTTTTACTGG,0,3122291
rcsBp2,0.3333333333333333,2,2,GGGACCTGGCCGATCTCGCC,0,3111573
rcsBp2,0.3333333333333333,2,2,GGGAAGTGCTCGCTTCAAGT,0,3106450
rcsBp2,0.3333333333333333,2,2,GGCTCCGGGAGGTCCTCCGG,0,3102529
rcsBp2,0.3333333333333333,2,2,GGCTACGTAATGAGTACCAG,0,3107852
rcsBp2,0.3333333333333333,2,2,GGCTACCGCATTAGTGTGGT,0,3120445
rcsBp2,0.3333333333333333,2,2,GGCGGCTCCGACGCTTAGCC,0,3112551
rcsBp2,0.3333333333333333,2,2,GGCGCTTGCAACGTAACTAT,0,3101428
rcsBp2,0.3333333333333333,2,2,GGCGCAAAAGCACTCACGGT,0,3100084
rcsBp2,0.3333333333333333,2,2,GGCGACCTCGGGGTCACTAT,0,3119637
rcsBp2,0.3333333333333333,2,2,GGCCTTTTCGGACATGCGAT,0,3115938
rcsBp2,0.3333333333333333,2,2,GGCCTCAGATCGTACTTGGA,0,3109194
rcsBp2,0.3333333333333333,2,2,GGCCTACTTATACATTTATC,0,3117315
rcsBp2,0.3333333333333333,2,2,GGCCTAACTAGCATAAATAT,0,3096108
rcsBp2,0.3333333333333333,2,2,GGCCGGCGGAACAGGAGGAC,0,3105429
rcsBp2,0.3333333333333333,2,2,GGCCGATTCTATGTCCGCCA,0,3074817
rcsBp2,0.3333333333333333,2,2,GGCCCGCCCCGCAGTCGGAA,0,3119162
rcsBp2,0.3333333333333333,2,2,GGCCAGCCGTGCTGCCTTTT,0,3075896
rcsBp2,0.3333333333333333,2,2,GGCCAAGGCTAAGTGTAGTT,0,3103163
rcsBp2,0.3333333333333333,2,2,GGCATTGGATACGCATTCTA,0,3119392
rcsBp2,0.3333333333333333,2,2,GGCATGTTAGGCGACCATTT,0,3089096
rcsBp2,0.3333333333333333,2,2,GGCAGTTAGCGACTCTCGAG,0,3097746
rcsBp2,0.3333333333333333,2,2,GGCAGATCGAGACTATATGT,0,3112839
rcsBp2,0.3333333333333333,2,2,GGCAAGCGCGTCCAGGGTAA,0,3076055
rcsBp2,0.3333333333333333,2,2,GGATTATAAAAGGGGGTATC,0,3118800
rcsBp2,0.3333333333333333,2,2,GGATCAAGTTTGTATGGCGT,0,3120335
rcsBp2,0.3333333333333333,2,2,GGATCAAGTTCCCAGACGGT,0,3088670
rcsBp2,0.3333333333333333,2,2,GGATAGGGCTATAGTGGTAC,0,3119635
rcsBp2,0.3333333333333333,2,2,GGAGGCACTCGAGTAGGGTC,0,3088574
rcsBp2,0.3333333333333333,2,2,GGAGCCGGCTGAGGGTGTAG,0,3100164
rcsBp2,0.3333333333333333,2,2,GGAGAAAGATTACGTGATCT,0,3086808
rcsBp2,0.3333333333333333,2,2,GGACTGTCGCAATATCGCAT,0,3091791
rcsBp2,0.3333333333333333,2,2,GGACTGATCGTACCTTTTCG,0,3114029
rcsBp2,0.3333333333333333,2,2,GGACTCTGCAAAAAATTTCC,0,3081339
rcsBp2,0.3333333333333333,2,2,GGACGGTGGAACGAATCCGA,0,3081762
rcsBp2,0.3333333333333333,2,2,GGACGCGTATTTACCATCCC,0,3078453
rcsBp2,0.3333333333333333,2,2,GGACCGAGTGTAACCCCGTG,0,3082765
rcsBp2,0.3333333333333333,2,2,GGACCCGCTCTGGCGAGATG,0,3091547
rcsBp2,0.3333333333333333,2,2,GGACACGAGATGATGATATT,0,3120274
rcsBp2,0.3333333333333333,2,2,GGAATCCTGAGTAATTTTGT,0,3085705
rcsBp2,0.3333333333333333,2,2,GGAATATTCAAGCAGTCGCA,0,3088959
rcsBp2,0.3333333333333333,2,2,GGAAGTCGGGTCTCGATGTC,0,3117330
rcsBp2,0.3333333333333333,2,2,GGAAGCAGCCCCCTCGGCCG,0,3121125
rcsBp2,0.3333333333333333,2,2,GGAAGAATCTTGCTTTCAGG,0,3099330
rcsBp2,0.3333333333333333,2,2,GCTTTTTCAATTGCAAGGCC,0,3090145
rcsBp2,0.3333333333333333,2,2,GCTTTGCAACGCTAACAACT,0,3078096
rcsBp2,0.3333333333333333,2,2,GCTTGGGTGGCAACGTCATA,0,3096702
rcsBp2,0.3333333333333333,2,2,GCTTATGAGGTGTTATGCAA,0,3075887
rcsBp2,0.3333333333333333,2,2,GCTTAACTGTACGCAGTCTC,0,3121702
rcsBp2,0.3333333333333333,2,2,GCTGGGTGCAGATGGTTGTA,0,3121540
rcsBp2,0.3333333333333333,2,2,GCTGCTGGGACAATGACAGC,0,3097984
rcsBp2,0.3333333333333333,2,2,GCTGCACTAATAGAGGATCT,0,3100306
rcsBp2,0.3333333333333333,2,2,GCTGATCCTGAGAACGGCTT,0,3110421
rcsBp2,0.3333333333333333,2,2,GCTGATACGGGTAGCGCCGG,0,3086100
rcsBp2,0.3333333333333333,2,2,GCTCTTTAATCCGGCTCTAT,0,3102126
rcsBp2,0.3333333333333333,2,2,GCTCTTGGTGAATTAGTAAC,0,3074954
rcsBp2,0.3333333333333333,2,2,GCTCTCCCAACGCCTTTCAT,0,3111191
rcsBp2,0.3333333333333333,2,2,GCTCTAAGGCATCTTACGAT,0,3090456
rcsBp2,0.3333333333333333,2,2,GCTCGGATACTTGTTCTACG,0,3080794
rcsBp2,0.3333333333333333,2,2,GCTCATCGTGTCATGATTAG,0,3111893
rcsBp2,0.3333333333333333,2,2,GCTCAGTACCTTCAATCAAT,0,3077084
rcsBp2,0.3333333333333333,2,2,GCTCAGGAGCCTGTTACGGG,0,3111102
rcsBp2,0.3333333333333333,2,2,GCTCACCAGGATAACTAGGA,0,3115465
rcsBp2,0.3333333333333333,2,2,GCTACGTCATAAGGTCGGAT,0,3110631
rcsBp2,0.3333333333333333,2,2,GCTACGGTTAGTCGGGGGCG,0,3122395
rcsBp2,0.3333333333333333,2,2,GCTACGCATCTAACGTGGAA,0,3083456
rcsBp2,0.3333333333333333,2,2,GCTACCTTATCCTGAGCATA,0,3082565
rcsBp2,0.3333333333333333,2,2,GCTACACCGTACGTATAGTC,0,3107914
rcsBp2,0.3333333333333333,2,2,GCGTTCGGGCGCTTCTAGGC,0,3105293
rcsBp2,0.3333333333333333,2,2,GCGTGATTTAGTTGGCAGCG,0,3075522
rcsBp2,0.3333333333333333,2,2,GCGTGATGAGAGCCTCAAGA,0,3122727
rcsBp2,0.3333333333333333,2,2,GCGGGTCCTGTATACCACCT,0,3103442
rcsBp2,0.3333333333333333,2,2,GCGGCTTATGGATAAACCCC,0,3093407
rcsBp2,0.3333333333333333,2,2,GCGGCCAACTCGGGCTACAC,0,3090703
rcsBp2,0.3333333333333333,2,2,GCGCTAATAAACTTGGGTCG,0,3091180
rcsBp2,0.3333333333333333,2,2,GCGCGTACGTAACACATAAT,0,3085913
rcsBp2,0.3333333333333333,2,2,GCGCGAAAAGCGTTAAGGCT,0,3112415
rcsBp2,0.3333333333333333,2,2,GCGCCTTCCCCGGGCACATC,0,3089403
rcsBp2,0.3333333333333333,2,2,GCGCCGAAAAGCAACCATCC,0,3077620
rcsBp2,0.3333333333333333,2,2,GCGCCAGTATCTGTTTGTGT,0,3120606
rcsBp2,0.3333333333333333,2,2,GCGATGAGCATAGTTATGAT,0,3098568
rcsBp2,0.3333333333333333,2,2,GCGATAGGAACCTATGTCAG,0,3102331
rcsBp2,0.3333333333333333,2,2,GCGAGTAGCCACCCTATCGT,0,3121814
rcsBp2,0.3333333333333333,2,2,GCGAGTAACTCCGGATATAC,0,3081159
rcsBp2,0.3333333333333333,2,2,GCGACACCGAACTACGAGCG,0,3118741
rcsBp2,0.3333333333333333,2,2,GCGAACGAATAAGTCAAAAT,0,3121914
rcsBp2,0.3333333333333333,2,2,GCGAACATGAATGATGCGGA,0,3106538
rcsBp2,0.3333333333333333,2,2,GCGAACAGACTACTAGAGAA,0,3107461
rcsBp2,0.3333333333333333,2,2,GCCTGTATTTTCTTCTACCT,0,3098754
rcsBp2,0.3333333333333333,2,2,GCCTGACATCTACCAGTGCA,0,3073920
rcsBp2,0.3333333333333333,2,2,GCCTCTTTTAGTCCGAAGCT,0,3079217
rcsBp2,0.3333333333333333,2,2,GCCTCGGCACCGGCTTACTT,0,3097937
rcsBp2,0.3333333333333333,2,2,GCCTACCGAGCACCTGTTAT,0,3120078
rcsBp2,0.3333333333333333,2,2,GCCTAAGGTCCCTCATTTAG,0,3074673
rcsBp2,0.3333333333333333,2,2,GCCGTGCAGCCATAGTGGGA,0,3083995
rcsBp2,0.3333333333333333,2,2,GCCGTAAATTGTCGCTTCAT,0,3103594
rcsBp2,0.3333333333333333,2,2,GCCGGTAAACTACCTGGAAG,0,3121275
rcsBp2,0.3333333333333333,2,2,GCCGGATCTATTTGTCTATG,0,3101733
rcsBp2,0.3333333333333333,2,2,GCCGGAGCTGACAGATGGCA,0,3083195
rcsBp2,0.3333333333333333,2,2,GCCGCTGACAGACTGTTGAT,0,3077635
rcsBp2,0.3333333333333333,2,2,GCCCTCACAGACAGCTATAG,0,3087204
rcsBp2,0.3333333333333333,2,2,GCCCGTTCGATAGTGTCCCT,0,3118852
rcsBp2,0.3333333333333333,2,2,GCCCGCTGGGTCCCTTCGCA,0,3108338
rcsBp2,0.3333333333333333,2,2,GCCCATCTCCAACGCCGGAG,0,3109166
rcsBp2,0.3333333333333333,2,2,GCCCATCACAGGTTTGCGCG,0,3100089
rcsBp2,0.3333333333333333,2,2,GCCCAGGGGCCTCCGCGTAG,0,3087850
rcsBp2,0.3333333333333333,2,2,GCCATTACTTCCTTACGGAT,0,3098538
rcsBp2,0.3333333333333333,2,2,GCCAGAACCTAAGATCACTC,0,3122963
rcsBp2,0.3333333333333333,2,2,GCCACGTTTAGATAGTGTAG,0,3086857
rcsBp2,0.3333333333333333,2,2,GCCACCAGGGGAAGGCCCGA,0,3086510
rcsBp2,0.3333333333333333,2,2,GCCACAGTGGAACTCACTGA,0,3115196
rcsBp2,0.3333333333333333,2,2,GCATCTAAAGTCTTCATCGC,0,3079109
rcsBp2,0.3333333333333333,2,2,GCATCGCGTGGGGGAGCCTT,0,3086794
rcsBp2,0.3333333333333333,2,2,GCAGTTCTATGTTAGTCCAT,0,3085794
rcsBp2,0.3333333333333333,2,2,GCAGTTCGGTCACCCACCGT,0,3081176
rcsBp2,0.3333333333333333,2,2,GCAGTCCTTGGGGCGACCTA,0,3104522
rcsBp2,0.3333333333333333,2,2,GCAGGCTGCTCCCTACGACA,0,3084222
rcsBp2,0.3333333333333333,2,2,GCAGGCATCCTTCGTGGCCT,0,3107017
rcsBp2,0.3333333333333333,2,2,GCAGCTTGACACAAATGCTA,0,3106971
rcsBp2,0.3333333333333333,2,2,GCACGTCAGCTTCGTACACG,0,3074683
rcsBp2,0.3333333333333333,2,2,GCAAGGCCTGGTTTGAGTGT,0,3098667
rcsBp2,0.3333333333333333,2,2,GCAAGATCGTTGTGCGGTTA,0,3099213
rcsBp2,0.3333333333333333,2,2,GCAAGAGAGCCAACGAAAAG,0,3087490
rcsBp2,0.3333333333333333,2,2,GCAAATGTTGCAGGTTACAC,0,3103398
rcsBp2,0.3333333333333333,2,2,GCAAAATGGACGGATGCCGT,0,3121029
rcsBp2,0.3333333333333333,2,2,GATTTCTAAGCGTTAACCTT,0,3109940
rcsBp2,0.3333333333333333,2,2,GATTGAATCCACCCCGGTAC,0,3106116
rcsBp2,0.3333333333333333,2,2,GATTATACAGATTCCGTACC,0,3122898
rcsBp2,0.3333333333333333,2,2,GATTAATTATATTGTCATCA,0,3107162
rcsBp2,0.3333333333333333,2,2,GATGTTTGGGGGCCTTGAGG,0,3097559
rcsBp2,0.3333333333333333,2,2,GATGTCGGCGCTGTTGAATG,0,3088802
rcsBp2,0.3333333333333333,2,2,GATGCTCCCGCCAACTCCCA,0,3088361
rcsBp2,0.3333333333333333,2,2,GATGCCAACGGGGTACTGCG,0,3096949
rcsBp2,0.3333333333333333,2,2,GATCTCAGGATGTTGGGGAC,0,3090201
rcsBp2,0.3333333333333333,2,2,GATCGATTATCAAGCGCCAT,0,3111917
rcsBp2,0.3333333333333333,2,2,GATCCTTAGCACTCGTGCTG,0,3078536
rcsBp2,0.3333333333333333,2,2,GATCACCCGACGATGCCGAA,0,3085510
rcsBp2,0.3333333333333333,2,2,GATAGGCAGAAGACTTGCAG,0,3098428
rcsBp2,0.3333333333333333,2,2,GATAGGACTTGGTCTCCGTC,0,3090825
rcsBp2,0.3333333333333333,2,2,GATACCCTTACATATACGTT,0,3084998
rcsBp2,0.3333333333333333,2,2,GATACAGCGCAGGGACTTCC,0,3119079
rcsBp2,0.3333333333333333,2,2,GATAACTGTATAGCGGAAGC,0,3122187
rcsBp2,0.3333333333333333,2,2,GATAACGGCGTCATGACCAA,0,3095469
rcsBp2,0.3333333333333333,2,2,GAGTGGATGACCTGATCACA,0,3114056
rcsBp2,0.3333333333333333,2,2,GAGTCTAGCTGTTTTTTTAT,0,3100324
rcsBp2,0.3333333333333333,2,2,GAGTCGTGGCCAATTGAGAT,0,3089682
rcsBp2,0.3333333333333333,2,2,GAGGTTATGAGCCACCACGC,0,3084121
rcsBp2,0.3333333333333333,2,2,GAGGTCGGTGGTTCAGTTGG,0,3112831
rcsBp2,0.3333333333333333,2,2,GAGGGTGGTCCTGCTGTGGA,0,3113249
rcsBp2,0.3333333333333333,2,2,GAGGGGTGCAGACTGGTGAA,0,3112742
rcsBp2,0.3333333333333333,2,2,GAGGGCCAGGTTTAGGCCGT,0,3091159
rcsBp2,0.3333333333333333,2,2,GAGGCTTGGCAAGACCATGT,0,3120487
rcsBp2,0.3333333333333333,2,2,GAGGCTGTTTTCTTTGACGA,0,3088620
rcsBp2,0.3333333333333333,2,2,GAGGCGAGTTAGCTAGTGGT,0,3096993
rcsBp2,0.3333333333333333,2,2,GAGGATACGTTGCCTCCTGC,0,3118809
rcsBp2,0.3333333333333333,2,2,GAGGAAACTTTATCGGGAAC,0,3078283
rcsBp2,0.3333333333333333,2,2,GAGCTTATGTCTGGCCGTAA,0,3117546
rcsBp2,0.3333333333333333,2,2,GAGCGTAACATCAACGTTTT,0,3103923
rcsBp2,0.3333333333333333,2,2,GAGCGAGTAAGGTTTGGGAT,0,3098668
rcsBp2,0.3333333333333333,2,2,GAGCCAGCAAGTAGTTCTTC,0,3081570
rcsBp2,0.3333333333333333,2,2,GAGCACCAATCCCAGGGGAG,0,3101676
rcsBp2,0.3333333333333333,2,2,GAGATTCCGCCAGTGGGCGG,0,3108266
rcsBp2,0.3333333333333333,2,2,GAGATTCATAGTGCGCGACG,0,3080944
rcsBp2,0.3333333333333333,2,2,GAGAGGTAGCCATTAACGAT,0,3099920
rcsBp2,0.3333333333333333,2,2,GAGAGCTTGGAGTCGTTTTG,0,3103881
rcsBp2,0.3333333333333333,2,2,GAGACATGGAGGCCAGAGAC,0,3094969
rcsBp2,0.3333333333333333,2,2,GAGAAAGCAATGTTTCACTT,0,3121640
rcsBp2,0.3333333333333333,2,2,GACTGGGGTATGATAATAGG,0,3100658
rcsBp2,0.3333333333333333,2,2,GACTGGAAAGGAACCGCTAC,0,3083961
rcsBp2,0.3333333333333333,2,2,GACTCATCTCCTACAATCCT,0,3120134
rcsBp2,0.3333333333333333,2,2,GACGGGTGTACGGAAATTTA,0,3080456
rcsBp2,0.3333333333333333,2,2,GACGCGGTCATCGAACGTCA,0,3116060
rcsBp2,0.3333333333333333,2,2,GACGCATTCGAATGTTTTCC,0,3094720
rcsBp2,0.3333333333333333,2,2,GACGCACCCCGGACGTGTAA,0,3088004
rcsBp2,0.3333333333333333,2,2,GACCGTTCAAGGCCACATGT,0,3092835
rcsBp2,0.3333333333333333,2,2,GACCGTCCGTTTACATTACG,0,3086587
rcsBp2,0.3333333333333333,2,2,GACCGGAACAAATTGCATGA,0,3108295
rcsBp2,0.3333333333333333,2,2,GACCGCGTACACGGAGCAAC,0,3109077
rcsBp2,0.3333333333333333,2,2,GACCGAGCGCCGCCACACGC,0,3106572
rcsBp2,0.3333333333333333,2,2,GACCCGGAGAGTTTCATTTG,0,3074974
rcsBp2,0.3333333333333333,2,2,GACCACAGCTGAAACCAACC,0,3075723
rcsBp2,0.3333333333333333,2,2,GACCACAAGTAAAGTCCAAA,0,3114619
rcsBp2,0.3333333333333333,2,2,GACAGGGACATTAGTCACGC,0,3080488
rcsBp2,0.3333333333333333,2,2,GACAGCTACCTGCGGAGCGA,0,3091969
rcsBp2,0.3333333333333333,2,2,GACAGAATCGGTCGCCTCTA,0,3089586
rcsBp2,0.3333333333333333,2,2,GACACTCGGGTACCCGTTTC,0,3082429
rcsBp2,0.3333333333333333,2,2,GACAATTGCAGGAAGTCTAA,0,3076978
rcsBp2,0.3333333333333333,2,2,GACAATAGTGTTGTATAGGG,0,3076662
rcsBp2,0.3333333333333333,2,2,GACAACTTGAGTCACAACAG,0,3114458
rcsBp2,0.3333333333333333,2,2,GACAACCAAGAGACGCCGGG,0,3087041
rcsBp2,0.3333333333333333,2,2,GACAACACGACGTTGAGTTC,0,3086330
rcsBp2,0.3333333333333333,2,2,GACAAACCCTTCGTACCTGA,0,3096677
rcsBp2,0.3333333333333333,2,2,GAATTCGGCTTCAGGACCCT,0,3106698
rcsBp2,0.3333333333333333,2,2,GAATGCTACATTCTTACTGG,0,3080071
rcsBp2,0.3333333333333333,2,2,GAATCGGAGACAACCTCCTG,0,3082274
rcsBp2,0.3333333333333333,2,2,GAATCCTTTTGGACGCTGTA,0,3115287
rcsBp2,0.3333333333333333,2,2,GAATAGGTAATAGGGTTCTC,0,3082531
rcsBp2,0.3333333333333333,2,2,GAAGTCCGAGGACGTTGGAC,0,3095336
rcsBp2,0.3333333333333333,2,2,GAAGGTTAGGGGGACGATTA,0,3102151
rcsBp2,0.3333333333333333,2,2,GAAGCGAAACCGTCCGCAGA,0,3118789
rcsBp2,0.3333333333333333,2,2,GAAGAAGTTTAGGATGTGGA,0,3106273
rcsBp2,0.3333333333333333,2,2,GAACTGGGACCACCGAAGGG,0,3117532
rcsBp2,0.3333333333333333,2,2,GAACGAGCCGTGGGTAGGTA,0,3096743
rcsBp2,0.3333333333333333,2,2,GAACCGGCGAATTCACGCCT,0,3107629
rcsBp2,0.3333333333333333,2,2,GAACCCGCAACCACTCAGGA,0,3119207
rcsBp2,0.3333333333333333,2,2,GAAATTGGGTCGCTGATCAT,0,3122929
rcsBp2,0.3333333333333333,2,2,GAAACCATCAATAGTATTAT,0,3080505
rcsBp2,0.3333333333333333,2,2,GAAAATAATAAGCCTGGTGT,0,3092020
rcsBp2,0.3333333333333333,2,2,GAAAAAGGGATCGACCTATT,0,3089879
rcsBp2,0.3333333333333333,2,2,CTTTTTAGCGTGAATCGGTT,0,3092891
rcsBp2,0.3333333333333333,2,2,CTTTGCGTGTTGGGCCGCGC,0,3078992
rcsBp2,0.3333333333333333,2,2,CTTTGACCAGTACGAGTTGC,0,3083583
rcsBp2,0.3333333333333333,2,2,CTTTCCGAGAACTTTCTCTG,0,3090453
rcsBp2,0.3333333333333333,2,2,CTTTCCAGTTCCTGGTGGTC,0,3101988
rcsBp2,0.3333333333333333,2,2,CTTTACGCTTCTATGATTGG,0,3081267
rcsBp2,0.3333333333333333,2,2,CTTTACAAACGTACACCCTG,0,3098763
rcsBp2,0.3333333333333333,2,2,CTTGTGCCGTTTCATGTGTG,0,3075928
rcsBp2,0.3333333333333333,2,2,CTTGTCAGGCCATGTCGAAC,0,3086653
rcsBp2,0.3333333333333333,2,2,CTTGTACCGTATCGGAGCCG,0,3091094
rcsBp2,0.3333333333333333,2,2,CTTGGGGTGACCTGTAGGAA,0,3109019
rcsBp2,0.3333333333333333,2,2,CTTGGGCCGAACGGTGTCAG,0,3101116
rcsBp2,0.3333333333333333,2,2,CTTCTCCGAGGGCTTTGGAC,0,3110955
rcsBp2,0.3333333333333333,2,2,CTTCCAACTTTACATGATTC,0,3074724
rcsBp2,0.3333333333333333,2,2,CTTCATCTACAAAATTTTTG,0,3094745
rcsBp2,0.3333333333333333,2,2,CTTCAGACGCCGCTATCGCA,0,3113182
rcsBp2,0.3333333333333333,2,2,CTTAGCACTATCACACGGAA,0,3118901
rcsBp2,0.3333333333333333,2,2,CTTAGACTATCGGCGACAAT,0,3115271
rcsBp2,0.3333333333333333,2,2,CTTAAGTGACACCACCCGCT,0,3112796
rcsBp2,0.3333333333333333,2,2,CTTAAAAGAATCAATCCCTT,0,3095917
rcsBp2,0.3333333333333333,2,2,CTGTCAAACAAGAAATGGCC,0,3104738
rcsBp2,0.3333333333333333,2,2,CTGTAGCGCGATTCACTCAG,0,3117421
rcsBp2,0.3333333333333333,2,2,CTGGTCACGGACAGCAAAAA,0,3098350
rcsBp2,0.3333333333333333,2,2,CTGGCGTCAGCGCAGCGGGC,0,3098800
rcsBp2,0.3333333333333333,2,2,CTGGCGGAGACAGCTGCCCA,0,3096222
rcsBp2,0.3333333333333333,2,2,CTGGCCATCGATGGGGTGTA,0,3110110
rcsBp2,0.3333333333333333,2,2,CTGGAAGTCGGCAGTGAGGA,0,3099911
rcsBp2,0.3333333333333333,2,2,CTGCTTTACCTGGGTTAAAT,0,3098966
rcsBp2,0.3333333333333333,2,2,CTGCTAACGCGCGGCGAAAT,0,3122367
rcsBp2,0.3333333333333333,2,2,CTGCGTGTCTGACGTTCAGG,0,3120456
rcsBp2,0.3333333333333333,2,2,CTGCCTTTCACAGCCTCTGG,0,3091821
rcsBp2,0.3333333333333333,2,2,CTGCCACTTGGTACTCTATG,0,3078523
rcsBp2,0.3333333333333333,2,2,CTGCAAGTCAGTCTCGTCCG,0,3111470
rcsBp2,0.3333333333333333,2,2,CTGATGAGCTGCTTATCAAC,0,3076935
rcsBp2,0.3333333333333333,2,2,CTGAAGGAGGATCTCGAGGA,0,3101332
rcsBp2,0.3333333333333333,2,2,CTCTTGCCCTCCGGGCTACT,0,3111955
rcsBp2,0.3333333333333333,2,2,CTCTTCAGGCCTACCATCCC,0,3100814
rcsBp2,0.3333333333333333,2,2,CTCTTACCAAGAACTATGGA,0,3098099
rcsBp2,0.3333333333333333,2,2,CTCTGACTCACGATTTCACC,0,3079022
rcsBp2,0.3333333333333333,2,2,CTCTCATAGACGGTTCCACG,0,3113651
rcsBp2,0.3333333333333333,2,2,CTCGCATGAGCTAATGTTGT,0,3113953
rcsBp2,0.3333333333333333,2,2,CTCGCAAGCTAGACCCTCGG,0,3088409
rcsBp2,0.3333333333333333,2,2,CTCGATTTGCGTCTTGTTGC,0,3077176
rcsBp2,0.3333333333333333,2,2,CTCCTAACGGCGATAGGGGC,0,3096501
rcsBp2,0.3333333333333333,2,2,CTCCCCAGACACTGATAAAG,0,3101798
rcsBp2,0.3333333333333333,2,2,CTCCATCAAGAGTGAAGTTC,0,3090795
rcsBp2,0.3333333333333333,2,2,CTCATTAAGCAAGATGCCAT,0,3089454
rcsBp2,0.3333333333333333,2,2,CTCATCTTGTAATATAGGGG,0,3073891
rcsBp2,0.3333333333333333,2,2,CTCATCCAGATCACGCTGCC,0,3106855
rcsBp2,0.3333333333333333,2,2,CTCAGTGTCGCGGGTCAAAC,0,3087179
rcsBp2,0.3333333333333333,2,2,CTCAGGTGAGCGGAGCTGCC,0,3079775
rcsBp2,0.3333333333333333,2,2,CTCAGCGTCGTGTGCACGGG,0,3109485
rcsBp2,0.3333333333333333,2,2,CTCAGACGGGCCGGACCACT,0,3116572
rcsBp2,0.3333333333333333,2,2,CTCACTTTGGGGTACGCTCC,0,3099507
rcsBp2,0.3333333333333333,2,2,CTCAATGTCTGACCCTGCGT,0,3084865
rcsBp2,0.3333333333333333,2,2,CTCAAAATACTAATTAAGAA,0,3079515
rcsBp2,0.3333333333333333,2,2,CTAGTCATTTCTTTCGCAGG,0,3119396
rcsBp2,0.3333333333333333,2,2,CTAGTCATTGGGGACAACTT,0,3092986
rcsBp2,0.3333333333333333,2,2,CTAGTACTAATAACTGAAGT,0,3074117
rcsBp2,0.3333333333333333,2,2,CTAGGGGCCTGTTACAATGT,0,3083096
rcsBp2,0.3333333333333333,2,2,CTAGCTGAGTGGGCTACCCC,0,3109237
rcsBp2,0.3333333333333333,2,2,CTAGCGCTAATACCGACATC,0,3087348
rcsBp2,0.3333333333333333,2,2,CTAGATATGCTCGCCGAACG,0,3113513
rcsBp2,0.3333333333333333,2,2,CTACGTCTGTGACCTTACTC,0,3085944
rcsBp2,0.3333333333333333,2,2,CTACGACGAGTAGTAGCGCC,0,3074790
rcsBp2,0.3333333333333333,2,2,CTACCTCACGAATCCCGGTT,0,3093131
rcsBp2,0.3333333333333333,2,2,CTAAGTCTGCAATGTCCGTG,0,3106819
rcsBp2,0.3333333333333333,2,2,CTAAGGGCTCAAGCTCATAC,0,3081263
rcsBp2,0.3333333333333333,2,2,CTAAGGATCAACGTGAAGAC,0,3120321
rcsBp2,0.3333333333333333,2,2,CTAACTGATCAACACTACCG,0,3108412
rcsBp2,0.3333333333333333,2,2,CGTTTTGTGCTGACCGGATG,0,3107683
rcsBp2,0.3333333333333333,2,2,CGTTGTATAACCTGTCGGCC,0,3096112
rcsBp2,0.3333333333333333,2,2,CGTTCTGATACCATGCCCTG,0,3091977
rcsBp2,0.3333333333333333,2,2,CGTGGTTAGCACAATGATAC,0,3099559
rcsBp2,0.3333333333333333,2,2,CGTGCTCTAGAATAGCAATG,0,3082136
rcsBp2,0.3333333333333333,2,2,CGTGACGGGACCCTAGTTGA,0,3087032
rcsBp2,0.3333333333333333,2,2,CGTCGTTGCCACACTATATT,0,3105504
rcsBp2,0.3333333333333333,2,2,CGTCCTTGATCCTATAGTCG,0,3116325
rcsBp2,0.3333333333333333,2,2,CGTCCGCTCGACCGTGGCAG,0,3077823
rcsBp2,0.3333333333333333,2,2,CGTCCGAGGTTCGGGAAAGC,0,3093217
rcsBp2,0.3333333333333333,2,2,CGTCCAGAGATTGGTTTTTG,0,3112578
rcsBp2,0.3333333333333333,2,2,CGTATTGTTGTAACAAGGCA,0,3085867
rcsBp2,0.3333333333333333,2,2,CGTACAGTCTCTGGAGTACT,0,3108228
rcsBp2,0.3333333333333333,2,2,CGTAAGAAGTCACAGCCACT,0,3103868
rcsBp2,0.3333333333333333,2,2,CGGTTCTGTTATCAGATCGT,0,3099448
rcsBp2,0.3333333333333333,2,2,CGGTGGTCTATGCGTACAAT,0,3089774
rcsBp2,0.3333333333333333,2,2,CGGTCTATCGACGGTTCTTC,0,3118663
rcsBp2,0.3333333333333333,2,2,CGGTCGGGACGCCGCCAAGC,0,3077865
rcsBp2,0.3333333333333333,2,2,CGGTCCAGTCTGTCGGGAGG,0,3075679
rcsBp2,0.3333333333333333,2,2,CGGTAATCGGGTGCCACATT,0,3099984
rcsBp2,0.3333333333333333,2,2,CGGGTTCAGGCTGGGGGATA,0,3081048
rcsBp2,0.3333333333333333,2,2,CGGGTCGCCGCAGTGATAGG,0,3122302
rcsBp2,0.3333333333333333,2,2,CGGGTAGTCCGTTGTTAATA,0,3092726
rcsBp2,0.3333333333333333,2,2,CGGGGGGTATTTTATAGCAT,0,3104755
rcsBp2,0.3333333333333333,2,2,CGGGGCTAGCAACATTCTTT,0,3094302
rcsBp2,0.3333333333333333,2,2,CGGGGATAGGAATCTCGGGC,0,3118515
rcsBp2,0.3333333333333333,2,2,CGGGGATAGCGGTCTTTTGT,0,3099340
rcsBp2,0.3333333333333333,2,2,CGGGCGACTAAGACGCAGAC,0,3104170
rcsBp2,0.3333333333333333,2,2,CGGGATTTCATACTTTTCCA,0,3077628
rcsBp2,0.3333333333333333,2,2,CGGGATTGTACTCAGGCCTC,0,3117662
rcsBp2,0.3333333333333333,2,2,CGGGAGTACACTCGCCGTTT,0,3080501
rcsBp2,0.3333333333333333,2,2,CGGGACATCGACCGTGAATT,0,3107564
rcsBp2,0.3333333333333333,2,2,CGGCTCTCTGAGCTCGTGCG,0,3117793
rcsBp2,0.3333333333333333,2,2,CGGCTCTCACTACGCCTCGT,0,3094783
rcsBp2,0.3333333333333333,2,2,CGGCGCACACAACTGCTCCG,0,3097709
rcsBp2,0.3333333333333333,2,2,CGGCGACTGGGGGGTAACGC,0,3079769
rcsBp2,0.3333333333333333,2,2,CGGCCGACAACCGATAACAT,0,3079173
rcsBp2,0.3333333333333333,2,2,CGGCATTGTTCCGAGAGCTT,0,3084784
rcsBp2,0.3333333333333333,2,2,CGGCAATGGTTTTTAGCACC,0,3076858
rcsBp2,0.3333333333333333,2,2,CGGCAATAACATAAGCGGGA,0,3103427
rcsBp2,0.3333333333333333,2,2,CGGATTTCGACAGCCAGAGT,0,3093465
rcsBp2,0.3333333333333333,2,2,CGGATGTACCGGGTGCATAA,0,3091800
rcsBp2,0.3333333333333333,2,2,CGGAGTTTCGGCTCAATTCG,0,3085626
rcsBp2,0.3333333333333333,2,2,CGGAGAACGGGACACCACAT,0,3104918
rcsBp2,0.3333333333333333,2,2,CGGACAAATCGATTGCATCT,0,3078525
rcsBp2,0.3333333333333333,2,2,CGGAAGGCAGCCGTTGTGCA,0,3115544
rcsBp2,0.3333333333333333,2,2,CGGAACGCCACCTTTCCAAT,0,3089527
rcsBp2,0.3333333333333333,2,2,CGCTTTATTTAAGACAAGAC,0,3094266
rcsBp2,0.3333333333333333,2,2,CGCTTACGCATTATATTCGA,0,3103191
rcsBp2,0.3333333333333333,2,2,CGCTTAAGTACCCAACAAAA,0,3106539
rcsBp2,0.3333333333333333,2,2,CGCTGGGTAGTTGATAACGA,0,3078557
rcsBp2,0.3333333333333333,2,2,CGCTGACGGCCAAAACTTAA,0,3074177
rcsBp2,0.3333333333333333,2,2,CGCTCTATCTCGTCTGCCAT,0,3078314
rcsBp2,0.3333333333333333,2,2,CGCTCATCTAGATCCTTGGC,0,3121997
rcsBp2,0.3333333333333333,2,2,CGCTCACGCGTTGGGTCAAA,0,3083009
rcsBp2,0.3333333333333333,2,2,CGCTATGTTTCCCACGTCAC,0,3118520
rcsBp2,0.3333333333333333,2,2,CGCGGCTCCCCCTTAAAAGG,0,3114071
rcsBp2,0.3333333333333333,2,2,CGCGGCCCACCATTAATGTC,0,3103189
rcsBp2,0.3333333333333333,2,2,CGCGCTTATCGGGCTATACG,0,3101184
rcsBp2,0.3333333333333333,2,2,CGCGCTTAACTTTGCCCTGA,0,3122669
rcsBp2,0.3333333333333333,2,2,CGCGAAGGCTGTGGTGCAAG,0,3085694
rcsBp2,0.3333333333333333,2,2,CGCCCCGATGGAAGAAGTCG,0,3109178
rcsBp2,0.3333333333333333,2,2,CGCCAGCGAGACCTCTAGTG,0,3120219
rcsBp2,0.3333333333333333,2,2,CGCATGCGTTGTGCAGAACG,0,3121200
rcsBp2,0.3333333333333333,2,2,CGCAGCGGTTTGTTTAAAGA,0,3122146
rcsBp2,0.3333333333333333,2,2,CGCACGGTAATTTGATTATA,0,3114865
rcsBp2,0.3333333333333333,2,2,CGCAATCACTGACTCACTGC,0,3076603
rcsBp2,0.3333333333333333,2,2,CGCAACTTACGTAATCATCA,0,3113931
rcsBp2,0.3333333333333333,2,2,CGATTCAGAGGCTCTCGTGG,0,3094826
rcsBp2,0.3333333333333333,2,2,CGATTATAGACGGACACAAA,0,3085593
rcsBp2,0.3333333333333333,2,2,CGATCGCACCGCGACTCATG,0,3109047
rcsBp2,0.3333333333333333,2,2,CGATCATCGGATGTTGAGAA,0,3100786
rcsBp2,0.3333333333333333,2,2,CGATATGAAAGGTACTGTCA,0,3108841
rcsBp2,0.3333333333333333,2,2,CGAGTCCAGGCATAATCGCC,0,3115108
rcsBp2,0.3333333333333333,2,2,CGAGTAATCCTGCATTATTA,0,3092290
rcsBp2,0.3333333333333333,2,2,CGAGGTAATCATTCAGGTAA,0,3095180
rcsBp2,0.3333333333333333,2,2,CGAGCCGTTCCGCAGTGTCC,0,3090951
rcsBp2,0.3333333333333333,2,2,CGAGCATTTGACACGTGTCG,0,3084705
rcsBp2,0.3333333333333333,2,2,CGACTGTTCGATGGGGGCTA,0,3086797
rcsBp2,0.3333333333333333,2,2,CGACTCATTTTACTGCCTCT,0,3077137
rcsBp2,0.3333333333333333,2,2,CGACTAAGACTGGTGAGGAT,0,3113996
rcsBp2,0.3333333333333333,2,2,CGACTAAGACGACTTTCCGT,0,3100074
rcsBp2,0.3333333333333333,2,2,CGACGGGCATTCTCGGTTTT,0,3081216
rcsBp2,0.3333333333333333,2,2,CGACGCAAGTGGTGCGCGGC,0,3099011
rcsBp2,0.3333333333333333,2,2,CGACCTCTGGGGAGCAGAGG,0,3107735
rcsBp2,0.3333333333333333,2,2,CGACCCTAGCGCATCTGAGT,0,3119977
rcsBp2,0.3333333333333333,2,2,CGACAAATGGCACCCCGCAT,0,3113483
rcsBp2,0.3333333333333333,2,2,CGAATGTGTCGATTCCAGGA,0,3076757
rcsBp2,0.3333333333333333,2,2,CGAATATGATTTTAAAGTGA,0,3079593
rcsBp2,0.3333333333333333,2,2,CGAATAACTTTACCCCACTG,0,3120918
rcsBp2,0.3333333333333333,2,2,CGAAGTTTAAGTCCATACAA,0,3115053
rcsBp2,0.3333333333333333,2,2,CGAAGGTGTGAGTCTTAATA,0,3106107
rcsBp2,0.3333333333333333,2,2,CGAAGGCTAAGCTCCAACTC,0,3116485
rcsBp2,0.3333333333333333,2,2,CGAAAGGATAGGGCGGTTTT,0,3114240
rcsBp2,0.3333333333333333,2,2,CGAAACTTTCACGAGTCCAC,0,3082973
rcsBp2,0.3333333333333333,2,2,CCTTTCTGTTATAGTGTTGT,0,3109576
rcsBp2,0.3333333333333333,2,2,CCTTGCCCATACGCGTGACT,0,3093881
rcsBp2,0.3333333333333333,2,2,CCTGTCTGTCTGCTTACCCT,0,3098291
rcsBp2,0.3333333333333333,2,2,CCTGGTGGGTGTGGTCTCAA,0,3105481
rcsBp2,0.3333333333333333,2,2,CCTGCTGGTAACTTGAAATA,0,3082228
rcsBp2,0.3333333333333333,2,2,CCTGCATGCGTACAACAAGC,0,3117830
rcsBp2,0.3333333333333333,2,2,CCTGAGCGAGATATCCCGCT,0,3116546
rcsBp2,0.3333333333333333,2,2,CCTGACTCGCTAGATAACGT,0,3122595
rcsBp2,0.3333333333333333,2,2,CCTCGGGCTGAGAAAACGCA,0,3089598
rcsBp2,0.3333333333333333,2,2,CCTCGAATCCATACCCGTTG,0,3119222
rcsBp2,0.3333333333333333,2,2,CCTCCGCCAAGGACGCGAAC,0,3085450
rcsBp2,0.3333333333333333,2,2,CCTCCAAGAGGTATGAGTAG,0,3093431
rcsBp2,0.3333333333333333,2,2,CCTCACCCGTGAATGTTGTA,0,3110849
rcsBp2,0.3333333333333333,2,2,CCTATTCATCAAAACGGCTA,0,3088360
rcsBp2,0.3333333333333333,2,2,CCTATGAAAGCCACGGCAAA,0,3110649
rcsBp2,0.3333333333333333,2,2,CCTACTATGTAGTGAGTGCA,0,3093997
rcsBp2,0.3333333333333333,2,2,CCTAAGAATTGCTGTGTCTG,0,3080737
rcsBp2,0.3333333333333333,2,2,CCGTTTTTGACCGGCTAGAG,0,3094604
rcsBp2,0.3333333333333333,2,2,CCGTTGCCCAGAGGGCCATG,0,3107574
rcsBp2,0.3333333333333333,2,2,CCGTTAGTGCTTTCGGCATG,0,3076110
rcsBp2,0.3333333333333333,2,2,CCGTGTCTTTCCCACTGGGT,0,3076068
rcsBp2,0.3333333333333333,2,2,CCGTGCGCGGAGTAGACTCC,0,3121906
rcsBp2,0.3333333333333333,2,2,CCGTGATAGGCCGAGTCGAA,0,3093017
rcsBp2,0.3333333333333333,2,2,CCGTCTGGTTATCTGGGATA,0,3102879
rcsBp2,0.3333333333333333,2,2,CCGTAAGCATGCGGTTCACA,0,3093173
rcsBp2,0.3333333333333333,2,2,CCGGGGATGGTAACGCACCT,0,3087930
rcsBp2,0.3333333333333333,2,2,CCGGCTCTGGGGTAAACTAC,0,3075873
rcsBp2,0.3333333333333333,2,2,CCGGAGACATGCGTTCACCC,0,3113780
rcsBp2,0.3333333333333333,2,2,CCGGACAGTTTGCCCTCTGC,0,3076063
rcsBp2,0.3333333333333333,2,2,CCGCGTTTAGGGTAACTAAA,0,3095259
rcsBp2,0.3333333333333333,2,2,CCGCGGGCTTCTGATACAGA,0,3118566
rcsBp2,0.3333333333333333,2,2,CCGCCTAAACCGCAACCTTG,0,3118024
rcsBp2,0.3333333333333333,2,2,CCGATCGGCTGCGTCAAGAT,0,3094242
rcsBp2,0.3333333333333333,2,2,CCGATCCCCGAAACCTCTCT,0,3114116
rcsBp2,0.3333333333333333,2,2,CCGACGATAAAGTGCATGAA,0,3090621
rcsBp2,0.3333333333333333,2,2,CCGACCGTGGAATTCGGAAC,0,3105245
rcsBp2,0.3333333333333333,2,2,CCGAAAGAGATCTTTGCATA,0,3098430
rcsBp2,0.3333333333333333,2,2,CCCTTTTTGATACCGCACAA,0,3102382
rcsBp2,0.3333333333333333,2,2,CCCTGCTTAGAGACTGAGAT,0,3111754
rcsBp2,0.3333333333333333,2,2,CCCTGACGTGTCCTCCCATT,0,3120422
rcsBp2,0.3333333333333333,2,2,CCCTCCCTTAGTATTGATTC,0,3103834
rcsBp2,0.3333333333333333,2,2,CCCTCATCCTCTTAACGTGT,0,3119560
rcsBp2,0.3333333333333333,2,2,CCCTACCCTGCATTGTGTCA,0,3096594
rcsBp2,0.3333333333333333,2,2,CCCGTACACAAGCATAATGG,0,3090511
rcsBp2,0.3333333333333333,2,2,CCCGGTGTGAAAACCTATAC,0,3108947
rcsBp2,0.3333333333333333,2,2,CCCGGGGAGGTAAGTTTCGA,0,3104571
rcsBp2,0.3333333333333333,2,2,CCCGCCAAGATTGGTTAGTT,0,3121454
rcsBp2,0.3333333333333333,2,2,CCCGCAGCATTCCGTCGTAT,0,3077175
rcsBp2,0.3333333333333333,2,2,CCCCGTGGAGATTTGGTCTT,0,3118338
rcsBp2,0.3333333333333333,2,2,CCCCACCTCACCAACAACGT,0,3098816
rcsBp2,0.3333333333333333,2,2,CCCATTAAGTTCGTCCAGGC,0,3101766
rcsBp2,0.3333333333333333,2,2,CCCATAGGATTTAATGTTTC,0,3086306
rcsBp2,0.3333333333333333,2,2,CCCAGTCCGGCGTCACGTAA,0,3111945
rcsBp2,0.3333333333333333,2,2,CCCACGATAATGAATTCCAG,0,3081257
rcsBp2,0.3333333333333333,2,2,CCCAAGTATCTCCGACTTAT,0,3082906
rcsBp2,0.3333333333333333,2,2,CCCAACGTGAAAAGTTCCCA,0,3083801
rcsBp2,0.3333333333333333,2,2,CCCAAAGTAGTTTAATCGAT,0,3083113
rcsBp2,0.3333333333333333,2,2,CCATGCTGATTCAATTTGAA,0,3099875
rcsBp2,0.3333333333333333,2,2,CCATGCGGAAATACGTCTCC,0,3103381
rcsBp2,0.3333333333333333,2,2,CCATGATGTGGTCTTACGTG,0,3116158
rcsBp2,0.3333333333333333,2,2,CCATAGTGGGGGTTACACCC,0,3090501
rcsBp2,0.3333333333333333,2,2,CCATAACCCTAGTCACCTTA,0,3113754
rcsBp2,0.3333333333333333,2,2,CCAGTCTGAGGGGAGCCGCA,0,3074207
rcsBp2,0.3333333333333333,2,2,CCAGGTAGGTACGTCAGTTC,0,3115107
rcsBp2,0.3333333333333333,2,2,CCAGGGGTGACCATAAGGAA,0,3098266
rcsBp2,0.3333333333333333,2,2,CCAGGCGCTAGCCCAGTATG,0,3117249
rcsBp2,0.3333333333333333,2,2,CCAGCTAGACGCATAGTTGC,0,3109922
rcsBp2,0.3333333333333333,2,2,CCACTATAACCTCATGGAGG,0,3115246
rcsBp2,0.3333333333333333,2,2,CCACGTAAGAACATCCCGAG,0,3105613
rcsBp2,0.3333333333333333,2,2,CCACCTCCACTGCAACGGAA,0,3078465
rcsBp2,0.3333333333333333,2,2,CCACAGTAGAGTATTAGACA,0,3091722
rcsBp2,0.3333333333333333,2,2,CCAATGCAGGTAGAAATAGT,0,3081858
rcsBp2,0.3333333333333333,2,2,CCAATCCGGTGCAAGGTCCG,0,3094636
rcsBp2,0.3333333333333333,2,2,CCAAATGCCAGATCAGACTG,0,3104786
rcsBp2,0.3333333333333333,2,2,CATTGGTTGGGCTCATGGGT,0,3075416
rcsBp2,0.3333333333333333,2,2,CATTGATAAAGTCCCCCCGT,0,3090161
rcsBp2,0.3333333333333333,2,2,CATTGACCGTGGATCAGAAG,0,3104848
rcsBp2,0.3333333333333333,2,2,CATTCCACACCACCTCGATA,0,3107033
rcsBp2,0.3333333333333333,2,2,CATTCAGCGGTATATTTAAG,0,3081454
rcsBp2,0.3333333333333333,2,2,CATTCAAAATGGGCGGTTAG,0,3096705
rcsBp2,0.3333333333333333,2,2,CATTACAGCGGGCTAAAGTT,0,3089304
rcsBp2,0.3333333333333333,2,2,CATGGTGGGACCTCGGGAAC,0,3116356
rcsBp2,0.3333333333333333,2,2,CATGCTGGATGAAGCCTCGT,0,3097794
rcsBp2,0.3333333333333333,2,2,CATGCCTTTGCGTGGCGGAC,0,3089093
rcsBp2,0.3333333333333333,2,2,CATGCCGAGAAATAGAATAG,0,3103605
rcsBp2,0.3333333333333333,2,2,CATGATACCGGCTCGTGGTG,0,3086834
rcsBp2,0.3333333333333333,2,2,CATCGGCGCGCTAATACGGT,0,3080123
rcsBp2,0.3333333333333333,2,2,CATCGCTACGTGGGTTGTTC,0,3079607
rcsBp2,0.3333333333333333,2,2,CATCGCAATCTAACAGCATG,0,3082390
rcsBp2,0.3333333333333333,2,2,CATCGAGTAGGATTGGAGCT,0,3083926
rcsBp2,0.3333333333333333,2,2,CATATTGGCTACGGGTTAGG,0,3115289
rcsBp2,0.3333333333333333,2,2,CATATACAAGGCCCGCGTTG,0,3108852
rcsBp2,0.3333333333333333,2,2,CATAGTCTTCGCTTGCTTCG,0,3090379
rcsBp2,0.3333333333333333,2,2,CATACCATCGGACTAGCGAG,0,3113678
rcsBp2,0.3333333333333333,2,2,CATACAAAACCTGCTAGAGA,0,3111801
rcsBp2,0.3333333333333333,2,2,CATAAGGTGACTACGGCTAA,0,3074733
rcsBp2,0.3333333333333333,2,2,CAGTTCTCTATCGCGCAGTG,0,3114599
rcsBp2,0.3333333333333333,2,2,CAGTTACATAAGCTCTCGCT,0,3109156
rcsBp2,0.3333333333333333,2,2,CAGTGTAACCGACATCTGGG,0,3119585
rcsBp2,0.3333333333333333,2,2,CAGTGGTATCACACCTATGC,0,3091275
rcsBp2,0.3333333333333333,2,2,CAGTCTGAACTCCGGAACGG,0,3080272
rcsBp2,0.3333333333333333,2,2,CAGTCACAACCAGGTCTCAT,0,3120585
rcsBp2,0.3333333333333333,2,2,CAGTATGGAAAACCTTAGCG,0,3113855
rcsBp2,0.3333333333333333,2,2,CAGTAGTTACGCTGAAAGTG,0,3081324
rcsBp2,0.3333333333333333,2,2,CAGTAAGGGGCTGCGACTGA,0,3104438
rcsBp2,0.3333333333333333,2,2,CAGGTTGAGAGCCTATCACC,0,3077026
rcsBp2,0.3333333333333333,2,2,CAGGTTCTCCTACGAATTTA,0,3097834
rcsBp2,0.3333333333333333,2,2,CAGGAATCTCTTAGTGAAAC,0,3095023
rcsBp2,0.3333333333333333,2,2,CAGCTCAGTGTTGGCCCGTG,0,3117803
rcsBp2,0.3333333333333333,2,2,CAGCCAGCCCGGAGAAAAAC,0,3088366
rcsBp2,0.3333333333333333,2,2,CAGCATAATTCAGAGTCGCA,0,3121806
rcsBp2,0.3333333333333333,2,2,CAGATTATCCAATCTCGCAT,0,3108436
rcsBp2,0.3333333333333333,2,2,CAGATCCGTCGAGTCTTCTG,0,3117077
rcsBp2,0.3333333333333333,2,2,CAGACCTATGGTTCTGTTAA,0,3114576
rcsBp2,0.3333333333333333,2,2,CAGAACAGTTCGACGACCGC,0,3120716
rcsBp2,0.3333333333333333,2,2,CACTGCGGCATTAAAAGTGT,0,3111835
rcsBp2,0.3333333333333333,2,2,CACTGAAGCGATTAATTGGG,0,3080291
rcsBp2,0.3333333333333333,2,2,CACTACTGGGTGACCTCGAA,0,3080057
rcsBp2,0.3333333333333333,2,2,CACGTTTTAGAGTTACGGAT,0,3103183
rcsBp2,0.3333333333333333,2,2,CACGGTACCGACAGAGCAAG,0,3095750
rcsBp2,0.3333333333333333,2,2,CACGAGTTTGTGAATCGATC,0,3119070
rcsBp2,0.3333333333333333,2,2,CACGACGTAACTGCTCATGG,0,3091495
rcsBp2,0.3333333333333333,2,2,CACCTCTTACTCGGATAGTG,0,3118761
rcsBp2,0.3333333333333333,2,2,CACCGATGCAAGAAACACTC,0,3078472
rcsBp2,0.3333333333333333,2,2,CACCGAAGAAAACTTCGGAT,0,3108468
rcsBp2,0.3333333333333333,2,2,CACCCTTCATGCTAAGTTCT,0,3098593
rcsBp2,0.3333333333333333,2,2,CACCCGCTGAGCACTTGCGC,0,3084681
rcsBp2,0.3333333333333333,2,2,CACCAGTGAAACTAAAAGGG,0,3121511
rcsBp2,0.3333333333333333,2,2,CACATCCGTTGAATTGTATA,0,3112296
rcsBp2,0.3333333333333333,2,2,CACATCCAAGGGGAAGACCA,0,3119914
rcsBp2,0.3333333333333333,2,2,CACATATAGGAGTGCCAGTT,0,3093972
rcsBp2,0.3333333333333333,2,2,CACAGTTTCGCCAGGACGTT,0,3089384
rcsBp2,0.3333333333333333,2,2,CACAGGACAAAACTACTCTA,0,3078517
rcsBp2,0.3333333333333333,2,2,CACACAACAGAAAATGTGTC,0,3122695
rcsBp2,0.3333333333333333,2,2,CAATTGTGGGGTACCACCGC,0,3121503
rcsBp2,0.3333333333333333,2,2,CAATTGAGCTAAACCGTATG,0,3114669
rcsBp2,0.3333333333333333,2,2,CAATTCAACGACATTGCTGC,0,3107110
rcsBp2,0.3333333333333333,2,2,CAATTATTACTGGTATTGGT,0,3074286
rcsBp2,0.3333333333333333,2,2,CAATGTAGGGGGTATGATAT,0,3120359
rcsBp2,0.3333333333333333,2,2,CAATCGCGGTTTACGCCGGT,0,3095377
rcsBp2,0.3333333333333333,2,2,CAATCATCCGGGGCGCGTCT,0,3101021
rcsBp2,0.3333333333333333,2,2,CAATCACCTGCGGACCACGA,0,3074078
rcsBp2,0.3333333333333333,2,2,CAAGTCATCGTCAGTGTGTA,0,3120822
rcsBp2,0.3333333333333333,2,2,CAAGGGCCGTACCGTAGCAT,0,3093394
rcsBp2,0.3333333333333333,2,2,CAAGCCCCTTTGATGCAACA,0,3074108
rcsBp2,0.3333333333333333,2,2,CAACCAGTGGAACAGGTAGC,0,3082205
rcsBp2,0.3333333333333333,2,2,CAAATCACAAACTTAAGCAA,0,3088149
rcsBp2,0.3333333333333333,2,2,CAAAGGGTCCAGATGCTAAT,0,3083337
rcsBp2,0.3333333333333333,2,2,CAAAGCGTTGGCGCTCGCGG,0,3108365
rcsBp2,0.3333333333333333,2,2,ATTTTTTAATTTCACCATAT,0,3089540
rcsBp2,0.3333333333333333,2,2,ATTTGTGGGGGTGATATGCC,0,3101951
rcsBp2,0.3333333333333333,2,2,ATTTGCGCCCAATCAGACGC,0,3102999
rcsBp2,0.3333333333333333,2,2,ATTTGACGAGCACAGGATAC,0,3086585
rcsBp2,0.3333333333333333,2,2,ATTTCTGCGCGAGCCGTTTG,0,3094036
rcsBp2,0.3333333333333333,2,2,ATTTCAGAAAGTCTAAGCTG,0,3075669
rcsBp2,0.3333333333333333,2,2,ATTTATTGCCTGTGCGGCGC,0,3091004
rcsBp2,0.3333333333333333,2,2,ATTTAGAAAACCCAAGCGAC,0,3087354
rcsBp2,0.3333333333333333,2,2,ATTTAATGAAGAGTTACTAT,0,3105139
rcsBp2,0.3333333333333333,2,2,ATTGGCGCAGAGGCAGTAAG,0,3093835
rcsBp2,0.3333333333333333,2,2,ATTGGCCCGGTGGGAACCGT,0,3090632
rcsBp2,0.3333333333333333,2,2,ATTGGCACATATTATCATTT,0,3086567
rcsBp2,0.3333333333333333,2,2,ATTGGAGTCTCACTGTGGCC,0,3096599
rcsBp2,0.3333333333333333,2,2,ATTGCTCTCCTGGCTGCTCG,0,3081961
rcsBp2,0.3333333333333333,2,2,ATTGCGATCCCCCGCACTTA,0,3114763
rcsBp2,0.3333333333333333,2,2,ATTGCGAGTGTGGATAGGAC,0,3113310
rcsBp2,0.3333333333333333,2,2,ATTGCCAAGTCGCATAGTTT,0,3100077
rcsBp2,0.3333333333333333,2,2,ATTGATGGACATTGGTTGGG,0,3083649
rcsBp2,0.3333333333333333,2,2,ATTCTGTGACTCTCAGTGAC,0,3092491
rcsBp2,0.3333333333333333,2,2,ATTCTCTTTGGAGGTACTTC,0,3110632
rcsBp2,0.3333333333333333,2,2,ATTCTCGGTTGAATGTATTG,0,3092911
rcsBp2,0.3333333333333333,2,2,ATTCTCCCGTTGGACGTGGG,0,3120413
rcsBp2,0.3333333333333333,2,2,ATTCTAGGGTCTATCACCAC,0,3113187
rcsBp2,0.3333333333333333,2,2,ATTCGTCTCGATATGCTCCA,0,3107737
rcsBp2,0.3333333333333333,2,2,ATTCGGACTAACTACCTGGT,0,3073799
rcsBp2,0.3333333333333333,2,2,ATTCCGGCACAAGCTGGCTA,0,3091091
rcsBp2,0.3333333333333333,2,2,ATTCCCAATGTCGCCAAAAT,0,3085670
rcsBp2,0.3333333333333333,2,2,ATTATTATACAAACCCAGCA,0,3076493
rcsBp2,0.3333333333333333,2,2,ATTATCACGCCCATATCAGG,0,3106905
rcsBp2,0.3333333333333333,2,2,ATTAGGTATGTCCAGCCCCA,0,3103184
rcsBp2,0.3333333333333333,2,2,ATTAGGATTTGTCTTTATTC,0,3112646
rcsBp2,0.3333333333333333,2,2,ATTAGCTCATATGTATTAGG,0,3087768
rcsBp2,0.3333333333333333,2,2,ATTACCTTCACTGCAAGTAT,0,3115152
rcsBp2,0.3333333333333333,2,2,ATTAACCACACTGACCTCCT,0,3121234
rcsBp2,0.3333333333333333,2,2,ATGTTGGGCTGTCTGACGAT,0,3104892
rcsBp2,0.3333333333333333,2,2,ATGTTGCCAGATGGGAGACA,0,3097974
rcsBp2,0.3333333333333333,2,2,ATGTTCCATGGGCTCTCCAG,0,3113013
rcsBp2,0.3333333333333333,2,2,ATGTTATAGGGGCGGAGTTT,0,3086875
rcsBp2,0.3333333333333333,2,2,ATGTGTAGCTGTTGTTGCAC,0,3108795
rcsBp2,0.3333333333333333,2,2,ATGTGCCTTCCCTTACTCAA,0,3097949
rcsBp2,0.3333333333333333,2,2,ATGTGATATAACTTATGGAG,0,3092782
rcsBp2,0.3333333333333333,2,2,ATGTCAGTTGGTAGACGGTA,0,3116848
rcsBp2,0.3333333333333333,2,2,ATGTCAGTGTCGGATAGGAT,0,3121444
rcsBp2,0.3333333333333333,2,2,ATGTATTTTTCAGTATGACA,0,3106976
rcsBp2,0.3333333333333333,2,2,ATGTATTAACACTCTTTGAT,0,3076265
rcsBp2,0.3333333333333333,2,2,ATGTAGATTAGTTACTTACA,0,3122660
rcsBp2,0.3333333333333333,2,2,ATGGTGGGCGGTAACGCGTA,0,3102698
rcsBp2,0.3333333333333333,2,2,ATGGCTTCACCAGCGTGTCC,0,3121523
rcsBp2,0.3333333333333333,2,2,ATGGCAAAATAATTACCTGC,0,3091768
rcsBp2,0.3333333333333333,2,2,ATGCTTTATCACGGCAATGT,0,3094646
rcsBp2,0.3333333333333333,2,2,ATGCGGTGATTTCCAAGTCT,0,3076812
rcsBp2,0.3333333333333333,2,2,ATGCCAGTTGACGTATTCGT,0,3108176
rcsBp2,0.3333333333333333,2,2,ATGCCACATAGCGCCGGGTG,0,3114656
rcsBp2,0.3333333333333333,2,2,ATGCATCATTAGTTGCAGGC,0,3102805
rcsBp2,0.3333333333333333,2,2,ATGCACTGAATGGTAAAGCA,0,3097720
rcsBp2,0.3333333333333333,2,2,ATGATTTGTCGGTTACAGGG,0,3095662
rcsBp2,0.3333333333333333,2,2,ATGATGTCCCGGGTACAGTC,0,3074919
rcsBp2,0.3333333333333333,2,2,ATGACACCGTCGTAATGTAC,0,3120597
rcsBp2,0.3333333333333333,2,2,ATGAATATGAGCATATCTGC,0,3102757
rcsBp2,0.3333333333333333,2,2,ATCTGTGCTCACATTATCGG,0,3097370
rcsBp2,0.3333333333333333,2,2,ATCTGGCTCGAACACAGAGT,0,3088084
rcsBp2,0.3333333333333333,2,2,ATCTCTACGGGGAGCGGATT,0,3080776
rcsBp2,0.3333333333333333,2,2,ATCTCACTTGTGTTATGTAT,0,3094116
rcsBp2,0.3333333333333333,2,2,ATCTATGGATCATATCGAAG,0,3113614
rcsBp2,0.3333333333333333,2,2,ATCTAATATTCTTATAAGAC,0,3113315
rcsBp2,0.3333333333333333,2,2,ATCGTCTAAAGTATATAATA,0,3119025
rcsBp2,0.3333333333333333,2,2,ATCGCTCGCATGGGTTCTTG,0,3090471
rcsBp2,0.3333333333333333,2,2,ATCGATTTGATTACATGATG,0,3107570
rcsBp2,0.3333333333333333,2,2,ATCCTTGTTAGGTGCTAATT,0,3106566
rcsBp2,0.3333333333333333,2,2,ATCCGCGCCAAGATATAGGA,0,3080946
rcsBp2,0.3333333333333333,2,2,ATCCATGTGTGGGCATCACC,0,3074987
rcsBp2,0.3333333333333333,2,2,ATCCAGGTTACATTCGTGCC,0,3100728
rcsBp2,0.3333333333333333,2,2,ATCCAGCACGTCTAATTATT,0,3111688
rcsBp2,0.3333333333333333,2,2,ATCATTCTTGAATTAGGCGC,0,3112075
rcsBp2,0.3333333333333333,2,2,ATCATGCTAGACGGAATCAT,0,3111182
rcsBp2,0.3333333333333333,2,2,ATCAGTATGGCGGGCAAAGG,0,3112988
rcsBp2,0.3333333333333333,2,2,ATCAGAAATGGGCGCAGAAA,0,3089601
rcsBp2,0.3333333333333333,2,2,ATCACGGGTGGCCTCGTGAA,0,3122926
rcsBp2,0.3333333333333333,2,2,ATCAATGGGTCGCCACCGAA,0,3087648
rcsBp2,0.3333333333333333,2,2,ATCAAGTGTTTGGGAGTTTG,0,3102763
rcsBp2,0.3333333333333333,2,2,ATCAAGATCTACCCCGATTT,0,3077854
rcsBp2,0.3333333333333333,2,2,ATATTAGCGGCTAAACATTG,0,3100023
rcsBp2,0.3333333333333333,2,2,ATATGAGATACGTTGCCGAG,0,3079953
rcsBp2,0.3333333333333333,2,2,ATATCCAAGACAGCTATCTG,0,3114533
rcsBp2,0.3333333333333333,2,2,ATATATCGGGGTAACCCTCG,0,3108453
rcsBp2,0.3333333333333333,2,2,ATAGTTATAAGCGAAGCGAG,0,3074611
rcsBp2,0.3333333333333333,2,2,ATAGTCCGAATGGTCTAAGT,0,3074055
rcsBp2,0.3333333333333333,2,2,ATAGATCATAGCGGGGCCGC,0,3081632
rcsBp2,0.3333333333333333,2,2,ATACTGGCCTGTACGCTGTT,0,3122576
rcsBp2,0.3333333333333333,2,2,ATACTAATGTCGCTCCTGAA,0,3107425
rcsBp2,0.3333333333333333,2,2,ATACGGTACGAGGAGTTAGA,0,3091492
rcsBp2,0.3333333333333333,2,2,ATACGGGTATGACTTACCTG,0,3116116
rcsBp2,0.3333333333333333,2,2,ATACGGGATTGTGGCACGTA,0,3093467
rcsBp2,0.3333333333333333,2,2,ATACGGCGCGAAATTCGCTA,0,3077474
rcsBp2,0.3333333333333333,2,2,ATACGAAGGTCGCGTCCCAC,0,3080451
rcsBp2,0.3333333333333333,2,2,ATACCCTCACCCTTTGGTGA,0,3112454
rcsBp2,0.3333333333333333,2,2,ATACAATCTGGCAATTTCAC,0,3112750
rcsBp2,0.3333333333333333,2,2,ATACAAGGGAAGTAATCGCA,0,3110083
rcsBp2,0.3333333333333333,2,2,ATAATGAAAGTGCGTCCACT,0,3100556
rcsBp2,0.3333333333333333,2,2,ATAAGTTTTCCGAGATTTAA,0,3082194
rcsBp2,0.3333333333333333,2,2,ATAAGCATACACGTTTCCGT,0,3120223
rcsBp2,0.3333333333333333,2,2,ATAAGAAGATCGGAGCGATA,0,3081457
rcsBp2,0.3333333333333333,2,2,AGTTCCTGTGTCCCGATCCA,0,3094357
rcsBp2,0.3333333333333333,2,2,AGTTCAACCGGGGGTCGGAG,0,3112284
rcsBp2,0.3333333333333333,2,2,AGTTAATTAGCACTGGCCCG,0,3074054
rcsBp2,0.3333333333333333,2,2,AGTGTTCGGTGGGATCCGCT,0,3106834
rcsBp2,0.3333333333333333,2,2,AGTGTATCAAGCAGCGTGTG,0,3108239
rcsBp2,0.3333333333333333,2,2,AGTGGTCTCATTTCCAGTTC,0,3100287
rcsBp2,0.3333333333333333,2,2,AGTGGGTGGCAAAGCGGCTA,0,3115646
rcsBp2,0.3333333333333333,2,2,AGTGGAGCTGCTACCAGCTT,0,3084049
rcsBp2,0.3333333333333333,2,2,AGTGCCAATGTTGGTAACAA,0,3086697
rcsBp2,0.3333333333333333,2,2,AGTCTATCCGACGAGCTTGA,0,3120507
rcsBp2,0.3333333333333333,2,2,AGTCATAGAAGAGTAACTTG,0,3095721
rcsBp2,0.3333333333333333,2,2,AGTCACGACAATGGACACCA,0,3098527
rcsBp2,0.3333333333333333,2,2,AGTAGGCTAGGATCCCCTTT,0,3090870
rcsBp2,0.3333333333333333,2,2,AGTACTGTTAGACTTCGCGA,0,3115670
rcsBp2,0.3333333333333333,2,2,AGTACGTATGTTCCCTATCC,0,3101274
rcsBp2,0.3333333333333333,2,2,AGTAATGATTTGCGGTGTGT,0,3112237
rcsBp2,0.3333333333333333,2,2,AGTAAGCTGCAATGCGTGGC,0,3075559
rcsBp2,0.3333333333333333,2,2,AGGTGCGTGTATGGGCACTA,0,3084248
rcsBp2,0.3333333333333333,2,2,AGGTGCCTTCTCGAAACCGC,0,3121273
rcsBp2,0.3333333333333333,2,2,AGGTCCGGAACGAGTTCGCT,0,3092770
rcsBp2,0.3333333333333333,2,2,AGGTCCAGCAACGGCGTAGA,0,3104370
rcsBp2,0.3333333333333333,2,2,AGGGTTATACCCATGGCGGT,0,3116916
rcsBp2,0.3333333333333333,2,2,AGGGTGTACGAGGGCAGGAT,0,3114537
rcsBp2,0.3333333333333333,2,2,AGGGTAAGCACCTGGAAGGA,0,3092425
rcsBp2,0.3333333333333333,2,2,AGGGGTGCGGGTTGTAGCCT,0,3102364
rcsBp2,0.3333333333333333,2,2,AGGGGGGAGAGACCTAATGC,0,3088002
rcsBp2,0.3333333333333333,2,2,AGGGGGAGAAGAGGGGCTTC,0,3106499
rcsBp2,0.3333333333333333,2,2,AGGGGCTGTAACAGTTCTTG,0,3101379
rcsBp2,0.3333333333333333,2,2,AGGGCCAAGGATTGGATGGA,0,3093246
rcsBp2,0.3333333333333333,2,2,AGGGCATAAATGTATCTCGA,0,3073871
rcsBp2,0.3333333333333333,2,2,AGGGAGATTAGAACTCTCCA,0,3092345
rcsBp2,0.3333333333333333,2,2,AGGCCTTGAAGGATTCAATC,0,3094299
rcsBp2,0.3333333333333333,2,2,AGGCCGTATCCGATAGGCAA,0,3091574
rcsBp2,0.3333333333333333,2,2,AGGCCGATGATATCGGTACA,0,3116842
rcsBp2,0.3333333333333333,2,2,AGGCACATCGGATAAGCCGA,0,3078677
rcsBp2,0.3333333333333333,2,2,AGGAGTATGCGCACGCCTTT,0,3076943
rcsBp2,0.3333333333333333,2,2,AGGAGTACCCTCGGTTCCCA,0,3100169
rcsBp2,0.3333333333333333,2,2,AGGAGGGCCTGACGGCAGAA,0,3108182
rcsBp2,0.3333333333333333,2,2,AGGAGGCAATAGGTGCGCAA,0,3075051
rcsBp2,0.3333333333333333,2,2,AGGAGAGACTTTAAAGGTCG,0,3101078
rcsBp2,0.3333333333333333,2,2,AGGAGAGAATTGTGGTCTAC,0,3115963
rcsBp2,0.3333333333333333,2,2,AGCTTGGTTTATTATGTTTA,0,3084380
rcsBp2,0.3333333333333333,2,2,AGCTTGCGCTGCGAGGCGGT,0,3108363
rcsBp2,0.3333333333333333,2,2,AGCTGTGGACATCCTCTTTT,0,3075300
rcsBp2,0.3333333333333333,2,2,AGCTCTTGGTGTGCAACGCT,0,3082109
rcsBp2,0.3333333333333333,2,2,AGCTCCCTGCGGCATAATGA,0,3077758
rcsBp2,0.3333333333333333,2,2,AGCTACAGATAAATGCTCAA,0,3108809
rcsBp2,0.3333333333333333,2,2,AGCTAACAGTCTAATACCTT,0,3112483
rcsBp2,0.3333333333333333,2,2,AGCGTGACTTTTAACTTGTC,0,3094653
rcsBp2,0.3333333333333333,2,2,AGCGTGACTCTAGTAGTGAA,0,3112181
rcsBp2,0.3333333333333333,2,2,AGCGTCTAATTGCTTTAAGT,0,3107649
rcsBp2,0.3333333333333333,2,2,AGCGCCCCATGGGCGGCTAT,0,3122447
rcsBp2,0.3333333333333333,2,2,AGCCTGTTTAGAGTTTCCTT,0,3096741
rcsBp2,0.3333333333333333,2,2,AGCCTGCTCACGGAGAAAAC,0,3116099
rcsBp2,0.3333333333333333,2,2,AGCCTACTCGTACTCGAAAA,0,3096921
rcsBp2,0.3333333333333333,2,2,AGCCGTTCGAAGGTTAGTCT,0,3078779
rcsBp2,0.3333333333333333,2,2,AGCCCTAAAATCGGTAATAA,0,3073962
rcsBp2,0.3333333333333333,2,2,AGCCCCGAGGAATCCCTCTA,0,3104270
rcsBp2,0.3333333333333333,2,2,AGCCCACGGGTAAAGCGCCA,0,3115420
rcsBp2,0.3333333333333333,2,2,AGCCCAAGATCGTGAAGGAG,0,3116250
rcsBp2,0.3333333333333333,2,2,AGCATATTTAGGAAGGTGGT,0,3096913
rcsBp2,0.3333333333333333,2,2,AGCAGTCAGTCCGAGCTGGT,0,3120104
rcsBp2,0.3333333333333333,2,2,AGCAGCACTGACCGCCAAGC,0,3119479
rcsBp2,0.3333333333333333,2,2,AGCACGAATAGCTCACTGCT,0,3098700
rcsBp2,0.3333333333333333,2,2,AGCAATGGATTTTAGGATTT,0,3087276
rcsBp2,0.3333333333333333,2,2,AGCAAGGATATCCGCCTAAC,0,3103950
rcsBp2,0.3333333333333333,2,2,AGATCGATGTACGAATGTTC,0,3115920
rcsBp2,0.3333333333333333,2,2,AGATCCATATATCTTTTCGC,0,3122173
rcsBp2,0.3333333333333333,2,2,AGATAAACACTGCATGAGCA,0,3098729
rcsBp2,0.3333333333333333,2,2,AGAGTCGCTTCAGCGAGGGT,0,3122330
rcsBp2,0.3333333333333333,2,2,AGAGGTAAGTGTATGAATGA,0,3097338
rcsBp2,0.3333333333333333,2,2,AGAGCTGAAGATTTTGCGGC,0,3093668
rcsBp2,0.3333333333333333,2,2,AGAGCGTGTTGCAAGTTCGA,0,3120579
rcsBp2,0.3333333333333333,2,2,AGAGCGCTCAGTCCGCTCCT,0,3093610
rcsBp2,0.3333333333333333,2,2,AGAGACGTCTCGGGTGGCTC,0,3113923
rcsBp2,0.3333333333333333,2,2,AGAGACATTCCCATTGTTGG,0,3083334
rcsBp2,0.3333333333333333,2,2,AGACGGAGATGACAGTGTAG,0,3097824
rcsBp2,0.3333333333333333,2,2,AGACGCCATTGGGATCTGAT,0,3100991
rcsBp2,0.3333333333333333,2,2,AGACCGGTTCTCGGTTCATC,0,3111574
rcsBp2,0.3333333333333333,2,2,AGAATTATGGGCATTCTGTT,0,3089406
rcsBp2,0.3333333333333333,2,2,AGAATACCCGAAAGACGAAA,0,3080388
rcsBp2,0.3333333333333333,2,2,AGAACCAGGTTCAACGGCTT,0,3113948
rcsBp2,0.3333333333333333,2,2,AGAAATCCCAACTCGAAGAG,0,3108964
rcsBp2,0.3333333333333333,2,2,AGAAACTAATGGGAGTGAAC,0,3086266
rcsBp2,0.3333333333333333,2,2,ACTTTATTTGCAGCCGCACA,0,3122029
rcsBp2,0.3333333333333333,2,2,ACTTCCATTGAGTAGTGTTC,0,3117073
rcsBp2,0.3333333333333333,2,2,ACTTATCTCGGTGGTCTAAG,0,3101502
rcsBp2,0.3333333333333333,2,2,ACTGACCACGGCGGAGCATC,0,3094368
rcsBp2,0.3333333333333333,2,2,ACTCTTACCTATTTCATCTA,0,3089194
rcsBp2,0.3333333333333333,2,2,ACTCTGAGCGATACTAGGAG,0,3079441
rcsBp2,0.3333333333333333,2,2,ACTCGCTCCATCCGACACGT,0,3106900
rcsBp2,0.3333333333333333,2,2,ACTCGATGCAGAGTACCGAG,0,3117012
rcsBp2,0.3333333333333333,2,2,ACTCCTCCTGGTGGGCCTAT,0,3075595
rcsBp2,0.3333333333333333,2,2,ACTCCAGTTACCTGTGAGTT,0,3087127
rcsBp2,0.3333333333333333,2,2,ACTCATAAATATGCGACTTG,0,3083116
rcsBp2,0.3333333333333333,2,2,ACTCACAAAGTACTACTCCG,0,3117455
rcsBp2,0.3333333333333333,2,2,ACTATGTATGATAATCGCTC,0,3075105
rcsBp2,0.3333333333333333,2,2,ACTAGGGCTTCTGTGTCTAA,0,3101898
rcsBp2,0.3333333333333333,2,2,ACGTTAGGTTGGCCATATCA,0,3120815
rcsBp2,0.3333333333333333,2,2,ACGTGTGATTGGAGACTTCT,0,3115630
rcsBp2,0.3333333333333333,2,2,ACGTCAGTTAGATCGTACGG,0,3095784
rcsBp2,0.3333333333333333,2,2,ACGTATGACCTGGCCAGCGA,0,3107845
rcsBp2,0.3333333333333333,2,2,ACGTACCTACTGAGTAATAA,0,3104806
rcsBp2,0.3333333333333333,2,2,ACGGTAGCCACTAAGTACAC,0,3086109
rcsBp2,0.3333333333333333,2,2,ACGGCGAAAGACCTCCAGCC,0,3101324
rcsBp2,0.3333333333333333,2,2,ACGGCATTGTAGTCTATCAT,0,3102562
rcsBp2,0.3333333333333333,2,2,ACGCTACCGTACCCTTGACA,0,3085772
rcsBp2,0.3333333333333333,2,2,ACGCCAATCAGGTCTGGAAA,0,3081634
rcsBp2,0.3333333333333333,2,2,ACGCCAACTCATGCGTATAC,0,3114373
rcsBp2,0.3333333333333333,2,2,ACGCATTGGCCACTTGCAGC,0,3116942
rcsBp2,0.3333333333333333,2,2,ACGACGCGTTGTGGAACGTT,0,3089006
rcsBp2,0.3333333333333333,2,2,ACCTGTGTCCTATAGAATCT,0,3112809
rcsBp2,0.3333333333333333,2,2,ACCTATGGCTGCGTGAGCCC,0,3116633
rcsBp2,0.3333333333333333,2,2,ACCTAAGTTAGAACGGTTTA,0,3089977
rcsBp2,0.3333333333333333,2,2,ACCGTCGGCTAGGGATGTAT,0,3077794
rcsBp2,0.3333333333333333,2,2,ACCGGGTAGCCACATCCAAT,0,3088309
rcsBp2,0.3333333333333333,2,2,ACCGCGACTGCAAATGGTCA,0,3089612
rcsBp2,0.3333333333333333,2,2,ACCGACTTGCTTGTGCGTCT,0,3104866
rcsBp2,0.3333333333333333,2,2,ACCGACATACAGTACAACTT,0,3079380
rcsBp2,0.3333333333333333,2,2,ACCGAATGAAACTTAGCTGC,0,3087446
rcsBp2,0.3333333333333333,2,2,ACCGAAACGATCTATGGTGC,0,3086178
rcsBp2,0.3333333333333333,2,2,ACCCGAGCAAAACCCTGCAA,0,3121641
rcsBp2,0.3333333333333333,2,2,ACCCCGTCCCCTAAAGGGAA,0,3101911
rcsBp2,0.3333333333333333,2,2,ACCCCGGCAAAAAGGCGCCT,0,3106379
rcsBp2,0.3333333333333333,2,2,ACCCCGCCGCGCGGTAAGAG,0,3120133
rcsBp2,0.3333333333333333,2,2,ACCCAGGCGATCACCTTAGT,0,3115649
rcsBp2,0.3333333333333333,2,2,ACCCACCAGGACGCCGCGCC,0,3115227
rcsBp2,0.3333333333333333,2,2,ACCATGTCTCCTAACGACCC,0,3080869
rcsBp2,0.3333333333333333,2,2,ACCATGGGCCAACTTTAATT,0,3089336
rcsBp2,0.3333333333333333,2,2,ACCATGCTATCTAAGAAGGT,0,3082846
rcsBp2,0.3333333333333333,2,2,ACCATAAGGAAATGACGCAG,0,3097741
rcsBp2,0.3333333333333333,2,2,ACATTTACTTAAGGGGATAG,0,3113493
rcsBp2,0.3333333333333333,2,2,ACATTGGCAGGTGAATGATA,0,3121422
rcsBp2,0.3333333333333333,2,2,ACATTGATATCTGCCGGCAA,0,3093269
rcsBp2,0.3333333333333333,2,2,ACATTCCGGTTACGGGATGA,0,3121880
rcsBp2,0.3333333333333333,2,2,ACATGGCCTTTATAGTTGTC,0,3086292
rcsBp2,0.3333333333333333,2,2,ACATGCATGCCTTCTTGGTA,0,3093696
rcsBp2,0.3333333333333333,2,2,ACATCGCGTCAAGGCTGATT,0,3082041
rcsBp2,0.3333333333333333,2,2,ACATCGATCCCGGTTCGCGC,0,3112403
rcsBp2,0.3333333333333333,2,2,ACAGTGTGGAGACAGCAAGT,0,3103187
rcsBp2,0.3333333333333333,2,2,ACAGTAAGCAACGATACGGG,0,3102607
rcsBp2,0.3333333333333333,2,2,ACAGCACTGTTAGCCTTCAT,0,3074490
rcsBp2,0.3333333333333333,2,2,ACAGATTTGGTGAGCTAGGA,0,3096484
rcsBp2,0.3333333333333333,2,2,ACACTGCCTGGAAAGACCGC,0,3120143
rcsBp2,0.3333333333333333,2,2,ACACCGGCGTGGATTATTGG,0,3100244
rcsBp2,0.3333333333333333,2,2,ACACCAAGAGCACGTCGTCC,0,3104467
rcsBp2,0.3333333333333333,2,2,ACACAGGTGGATGAGTACGT,0,3120464
rcsBp2,0.3333333333333333,2,2,ACACAGCAGCCGCACAGGGT,0,3079525
rcsBp2,0.3333333333333333,2,2,ACAATTATCGGAGGCCTCCA,0,3118044
rcsBp2,0.3333333333333333,2,2,ACAAGACCGATGTATCTTGT,0,3084799
rcsBp2,0.3333333333333333,2,2,ACAACAGTCATTAAATCATT,0,3098691
rcsBp2,0.3333333333333333,2,2,AATTGTCCGGTACTCATAGC,0,3114275
rcsBp2,0.3333333333333333,2,2,AATTGATAACGCACGATAAG,0,3114761
rcsBp2,0.3333333333333333,2,2,AATTGACTCTCCAATTCTAC,0,3086295
rcsBp2,0.3333333333333333,2,2,AATTGAAAGATGTGTCGCGT,0,3090793
rcsBp2,0.3333333333333333,2,2,AATTCTTCGATGATGCCATT,0,3103021
rcsBp2,0.3333333333333333,2,2,AATTCACTCTAAAAGGATGT,0,3097214
rcsBp2,0.3333333333333333,2,2,AATTATTCCTATGCAATGGT,0,3096873
rcsBp2,0.3333333333333333,2,2,AATTAGGAGGCTGGTTCGGC,0,3119178
rcsBp2,0.3333333333333333,2,2,AATGTATTAATTGCTACCGG,0,3101592
rcsBp2,0.3333333333333333,2,2,AATGGGGATAAGAATTCCGT,0,3100916
rcsBp2,0.3333333333333333,2,2,AATGGCTGAGTCAGCACGCA,0,3110880
rcsBp2,0.3333333333333333,2,2,AATGATGGTCCCTCTTTCTC,0,3116128
rcsBp2,0.3333333333333333,2,2,AATGACCCACAGTTACTCTA,0,3085831
rcsBp2,0.3333333333333333,2,2,AATCGGGAGCAACAAAAGAA,0,3100123
rcsBp2,0.3333333333333333,2,2,AATCCGTAATAGACGCCCCC,0,3102302
rcsBp2,0.3333333333333333,2,2,AATCCAATTCTGGGGAAAGG,0,3114393
rcsBp2,0.3333333333333333,2,2,AATCCAAATTGATCTCTGCC,0,3100052
rcsBp2,0.3333333333333333,2,2,AATAGGCGCTCAAAATTCAG,0,3086250
rcsBp2,0.3333333333333333,2,2,AATACGGTTGCGCAATGCTG,0,3121915
rcsBp2,0.3333333333333333,2,2,AATACGAGTCCTCCGTATAT,0,3085889
rcsBp2,0.3333333333333333,2,2,AATAATACGGTAGGCCCTTT,0,3119551
rcsBp2,0.3333333333333333,2,2,AATAACTGTATTCGGTCTCT,0,3089428
rcsBp2,0.3333333333333333,2,2,AATAACCCTCGCCTGGCGTA,0,3115445
rcsBp2,0.3333333333333333,2,2,AAGTTGGGAGCCTGTGAATC,0,3097857
rcsBp2,0.3333333333333333,2,2,AAGTTCTTGATCGTCCCCGG,0,3075121
rcsBp2,0.3333333333333333,2,2,AAGTTCCCTTACAGACTCTT,0,3117403
rcsBp2,0.3333333333333333,2,2,AAGTTCAGAGGAGGCCCAGC,0,3079438
rcsBp2,0.3333333333333333,2,2,AAGTTAAGCATTAGAGGCCA,0,3083978
rcsBp2,0.3333333333333333,2,2,AAGTGGGACATCCATAAGTC,0,3106804
rcsBp2,0.3333333333333333,2,2,AAGTGCAAAGTCTGCTAATG,0,3118854
rcsBp2,0.3333333333333333,2,2,AAGTCTCCGCTGGTTAGCCT,0,3113935
rcsBp2,0.3333333333333333,2,2,AAGTCGCCCACCGCCACTCT,0,3121587
rcsBp2,0.3333333333333333,2,2,AAGTCATTTAAGTCTAGTGC,0,3093849
rcsBp2,0.3333333333333333,2,2,AAGTATATCGTTAGCCGGTG,0,3121137
rcsBp2,0.3333333333333333,2,2,AAGGGGGGGCAAGGAGGCGC,0,3101984
rcsBp2,0.3333333333333333,2,2,AAGGAATAAGCAAAGCGGGA,0,3104489
rcsBp2,0.3333333333333333,2,2,AAGCTCAGTCTATCGGGACC,0,3086324
rcsBp2,0.3333333333333333,2,2,AAGCGCTTTTACAAAATTAG,0,3117125
rcsBp2,0.3333333333333333,2,2,AAGCCGAGGGTTCACTATTC,0,3115254
rcsBp2,0.3333333333333333,2,2,AAGCATTTTGCTTCGTTGCG,0,3119510
rcsBp2,0.3333333333333333,2,2,AAGATGCTTAGGGGGTAGCG,0,3091384
rcsBp2,0.3333333333333333,2,2,AAGACTGTAGCGCCAGGAAG,0,3082233
rcsBp2,0.3333333333333333,2,2,AAGACTGAACTTCGAGCTAA,0,3113115
rcsBp2,0.3333333333333333,2,2,AAGACACACGGGTTTTCCAC,0,3092554
rcsBp2,0.3333333333333333,2,2,AAGAATCATTAAGCTATTAC,0,3074803
rcsBp2,0.3333333333333333,2,2,AAGAAGTGTAGACGTGCCAG,0,3106257
rcsBp2,0.3333333333333333,2,2,AAGAACATGTGTAACCCGTC,0,3116774
rcsBp2,0.3333333333333333,2,2,AACTTCCAGGGCTTTCGTGT,0,3121700
rcsBp2,0.3333333333333333,2,2,AACTGCGGTCAGACGGAGTC,0,3075548
rcsBp2,0.3333333333333333,2,2,AACTCAGCTGGGCCGAGCTA,0,3080662
rcsBp2,0.3333333333333333,2,2,AACTACGTCGTGGGCCGGTG,0,3102655
rcsBp2,0.3333333333333333,2,2,AACGTTGTTGGGAATAAGTC,0,3100950
rcsBp2,0.3333333333333333,2,2,AACGTTATCTGATCTGCGAA,0,3076908
rcsBp2,0.3333333333333333,2,2,AACGTATGTTTTTACGTTGC,0,3112380
rcsBp2,0.3333333333333333,2,2,AACGGGGCGGAGATCGGAAT,0,3082078
rcsBp2,0.3333333333333333,2,2,AACGCGCGTGACGGAAACTT,0,3099043
rcsBp2,0.3333333333333333,2,2,AACCTAGAGTCGGGCTTCGA,0,3093505
rcsBp2,0.3333333333333333,2,2,AACCGTACCGATACAACGGT,0,3083671
rcsBp2,0.3333333333333333,2,2,AACCCGCGAGTCCAGACCGT,0,3087955
rcsBp2,0.3333333333333333,2,2,AACAGACCTCTGTTGTAGGT,0,3105301
rcsBp2,0.3333333333333333,2,2,AACAATTGTTATCTACAGCA,0,3096549
rcsBp2,0.3333333333333333,2,2,AACAACCGATGATTCAGGGA,0,3080420
rcsBp2,0.3333333333333333,2,2,AACAAATACGTGGCGGCTCC,0,3092125
rcsBp2,0.3333333333333333,2,2,AAATTGCTTGTTAGGCGGTA,0,3085773
rcsBp2,0.3333333333333333,2,2,AAATTGATATTCTCTCGGTC,0,3078358
rcsBp2,0.3333333333333333,2,2,AAATTCGAAGGCATACCGGC,0,3110197
rcsBp2,0.3333333333333333,2,2,AAATTACGCGAGACCTATAT,0,3075902
rcsBp2,0.3333333333333333,2,2,AAAGTCGGAATATTAAGCCT,0,3118420
rcsBp2,0.3333333333333333,2,2,AAAGTCGATGAGAAGGATTA,0,3120094
rcsBp2,0.3333333333333333,2,2,AAAGTATCCACAGATCGTTA,0,3079026
rcsBp2,0.3333333333333333,2,2,AAAGGGACATGATGCATCGA,0,3083425
rcsBp2,0.3333333333333333,2,2,AAAGGAGGTTTCATTTGCCT,0,3105700
rcsBp2,0.3333333333333333,2,2,AAAGCTCGTCCGAACAGCCA,0,3119590
rcsBp2,0.3333333333333333,2,2,AAAGCCGTGCAGTCTAGTCT,0,3100146
rcsBp2,0.3333333333333333,2,2,AAAGCACGGTATCTCAAACT,0,3093680
rcsBp2,0.3333333333333333,2,2,AAAGACCCATTATCTGAATT,0,3115480
rcsBp2,0.3333333333333333,2,2,AAACTAGGTGTCCCCCCGGA,0,3102173
rcsBp2,0.3333333333333333,2,2,AAACGTGGGCTCCGAATTAT,0,3088337
rcsBp2,0.3333333333333333,2,2,AAACGGGTGGTAAGCATCTC,0,3090282
rcsBp2,0.3333333333333333,2,2,AAACCGAGAATGTCGCCGGT,0,3104044
rcsBp2,0.3333333333333333,2,2,AAACCCTCCGGCAGTGGCCG,0,3075720
rcsBp2,0.3333333333333333,2,2,AAACAGGATTGACGGGGGGG,0,3099390
rcsBp2,0.3333333333333333,2,2,AAACAGCTCTCTCCAACGTC,0,3107326
rcsBp2,0.3333333333333333,2,2,AAACAAGGCGGGGCCGGGAT,0,3088625
rcsBp2,0.3333333333333333,2,2,AAAAGCGATTCCGCCTACAA,0,3099264
rcsBp2,0.3333333333333333,2,2,AAAACACGTAAAGTGGAGTG,0,3097743
rcsBp2,0.3333333333333333,2,2,AAAAACCCCTGAAGCTTCGT,0,3083209
rcsBp2,0.3333333333333333,2,2,AAAAACATCACGAAGTCATT,0,3111950
rcsBp2,0.5,1,1,TTTTTTAACGTATCAGATTA,0,3110605
rcsBp2,0.5,1,1,TTTTTGATAGTGAGATGATT,0,3101686
rcsBp2,0.5,1,1,TTTTTCCGTATCGGGGGCAC,0,3076263
rcsBp2,0.5,1,1,TTTTTCCGCTAGCAACCTTT,0,3109044
rcsBp2,0.5,1,1,TTTTTATAATGTTTCGGCGG,0,3109701
rcsBp2,0.5,1,1,TTTTGCTGCGTTCGCCCCCT,0,3115449
rcsBp2,0.5,1,1,TTTTCGGCGTAGGCGTATCG,0,3105727
rcsBp2,0.5,1,1,TTTTCCGAGAGCTAAAACAC,0,3076013
rcsBp2,0.5,1,1,TTTTCAGTTGATCCCTACGG,0,3084859
rcsBp2,0.5,1,1,TTTTCAAGTTCTGCGTCAAT,0,3113311
rcsBp2,0.5,1,1,TTTTACTACTTTGGCGGGAC,0,3103157
rcsBp2,0.5,1,1,TTTGTTTTGGACGAGGTCAA,0,3087939
rcsBp2,0.5,1,1,TTTGGTTGTTGTCGCGACCC,0,3080159
rcsBp2,0.5,1,1,TTTGGGCTTTGGGTAGTAAT,0,3081478
rcsBp2,0.5,1,1,TTTCTATATTCAGCGCACTA,0,3092354
rcsBp2,0.5,1,1,TTTCTACCCCACATATGCGC,0,3115529
rcsBp2,0.5,1,1,TTTCGTCGGCGCCCAATGAC,0,3087953
rcsBp2,0.5,1,1,TTTCGGTCGCGTTCGACCAT,0,3082336
rcsBp2,0.5,1,1,TTTCGATAAAGCATCATTGT,0,3110442
rcsBp2,0.5,1,1,TTTCCACCTACGCAGAATAA,0,3092384
rcsBp2,0.5,1,1,TTTCATATGTCCGGAGTTGG,0,3099909
rcsBp2,0.5,1,1,TTTCAGATGTCCCCGAATCA,0,3122908
rcsBp2,0.5,1,1,TTTCAAAGGAGTTTACTGTT,0,3108761
rcsBp2,0.5,1,1,TTTATGGTTATAATTGAGGA,0,3091032
rcsBp2,0.5,1,1,TTTATACTTCCCCGTGGAAG,0,3099735
rcsBp2,0.5,1,1,TTTAGTATTATCTGGCTTCA,0,3112538
rcsBp2,0.5,1,1,TTTACCGCCAATTTGCATAA,0,3115999
rcsBp2,0.5,1,1,TTTAATCTCAGGAATGGTTA,0,3099560
rcsBp2,0.5,1,1,TTTAACAGTGCTGCTAGACT,0,3107763
rcsBp2,0.5,1,1,TTTAACACGGCCGACATAAC,0,3076015
rcsBp2,0.5,1,1,TTGTTGTGTGTGAAGCATAA,0,3113862
rcsBp2,0.5,1,1,TTGTTGCCCAGACGACCGAA,0,3121791
rcsBp2,0.5,1,1,TTGTTGATAGTCAGATGAAT,0,3075293
rcsBp2,0.5,1,1,TTGTTGAACGTAGGCTCAAT,0,3107098
rcsBp2,0.5,1,1,TTGTTCGAGCGGGGATAAGG,0,3120441
rcsBp2,0.5,1,1,TTGTGTGATGATGATTTGTC,0,3109164
rcsBp2,0.5,1,1,TTGTGGATTGCGGGATATTC,0,3094537
rcsBp2,0.5,1,1,TTGTCCTGGAGATGTAATTC,0,3083804
rcsBp2,0.5,1,1,TTGTAAACAATATTAGTGGC,0,3081219
rcsBp2,0.5,1,1,TTGGCTGTGCTGTCATAGAG,0,3109829
rcsBp2,0.5,1,1,TTGGCGGTTAGCACTGCAGC,0,3118933
rcsBp2,0.5,1,1,TTGGCCCGGGCATCCTGCGC,0,3076037
rcsBp2,0.5,1,1,TTGGCAGCAATCTCTTTAGG,0,3119255
rcsBp2,0.5,1,1,TTGCGATAAGGGAGCTTGCT,0,3114070
rcsBp2,0.5,1,1,TTGCGACGCGCAATCAGGAT,0,3108331
rcsBp2,0.5,1,1,TTGCCTTCGTGTGAAGACAT,0,3100725
rcsBp2,0.5,1,1,TTGCCGCTCTCTCAGCGAAA,0,3108462
rcsBp2,0.5,1,1,TTGCCACGTACGCTGGCTGT,0,3087124
rcsBp2,0.5,1,1,TTGCATGATTTTTACGTTAC,0,3096774
rcsBp2,0.5,1,1,TTGCATCTGTAGGAGAGTTT,0,3094953
rcsBp2,0.5,1,1,TTGATTGGACTCTGGTTGAG,0,3083072
rcsBp2,0.5,1,1,TTGATGATCAACCTGTTCTC,0,3117730
rcsBp2,0.5,1,1,TTGATAACTGACTCTTTGGT,0,3110235
rcsBp2,0.5,1,1,TTGACGTCTCGGGCATCTTT,0,3117938
rcsBp2,0.5,1,1,TTGACGCAGGTCACTACCTA,0,3107767
rcsBp2,0.5,1,1,TTGAATTCATCTCAGTTTAG,0,3074499
rcsBp2,0.5,1,1,TTGAAAGCGGTGGGTGATGC,0,3094587
rcsBp2,0.5,1,1,TTCTGGTATGTGCGTTGTTC,0,3082193
rcsBp2,0.5,1,1,TTCTGGGTCGGGGATGCGAG,0,3080384
rcsBp2,0.5,1,1,TTCTGGGGTTCGGCGCTCCC,0,3080346
rcsBp2,0.5,1,1,TTCTGCGTATAACATAGCCA,0,3109291
rcsBp2,0.5,1,1,TTCTGAGCTCATTGATTACG,0,3101004
rcsBp2,0.5,1,1,TTCTAGATAGTAACCTCAAT,0,3080413
rcsBp2,0.5,1,1,TTCTACCACGAGGTCGCCGC,0,3115642
rcsBp2,0.5,1,1,TTCGGTCCCCTTAAATGTCG,0,3084947
rcsBp2,0.5,1,1,TTCGGTACAGACTGTTCTCG,0,3073771
rcsBp2,0.5,1,1,TTCGGGGCGGAGACGGGCGT,0,3110428
rcsBp2,0.5,1,1,TTCGGGCCAGCTCATCAGGC,0,3115206
rcsBp2,0.5,1,1,TTCGGATTTCATTACGATAC,0,3074275
rcsBp2,0.5,1,1,TTCGCGTAAACGTTCTGCCT,0,3119957
rcsBp2,0.5,1,1,TTCGCGCTTGGGTGCGCCGC,0,3094174
rcsBp2,0.5,1,1,TTCGAGTTGTGCCTCATTCC,0,3096208
rcsBp2,0.5,1,1,TTCGACGTCCGCCATGGCCA,0,3101293
rcsBp2,0.5,1,1,TTCGAAGCTATCAATGACGA,0,3082110
rcsBp2,0.5,1,1,TTCCAGCGCAGTCAAGGATC,0,3090421
rcsBp2,0.5,1,1,TTCCAGAAAAGGCCTCCGGG,0,3074956
rcsBp2,0.5,1,1,TTCCACCACATAGGAAGCAA,0,3114262
rcsBp2,0.5,1,1,TTCCAATATCGTATTCCGTG,0,3102275
rcsBp2,0.5,1,1,TTCCAACTAGATAACCGTGA,0,3096023
rcsBp2,0.5,1,1,TTCATTTTTCACAGGTCGCG,0,3112477
rcsBp2,0.5,1,1,TTCAGAGCGTTAACTCACGG,0,3110174
rcsBp2,0.5,1,1,TTCACTCCGTACAATGGGCG,0,3102713
rcsBp2,0.5,1,1,TTCACCAATCAGGTCAGCCA,0,3084632
rcsBp2,0.5,1,1,TTATTTGGCCATCAACCCTT,0,3075047
rcsBp2,0.5,1,1,TTATTATGTTTATCAAGTGT,0,3077183
rcsBp2,0.5,1,1,TTATGTAATTACTTGAGCGG,0,3088370
rcsBp2,0.5,1,1,TTATGGATGAACGAAACGCA,0,3088573
rcsBp2,0.5,1,1,TTATGCTACGCATCACCCAC,0,3119517
rcsBp2,0.5,1,1,TTATGCCGCATATCGACCCG,0,3099770
rcsBp2,0.5,1,1,TTATGATCAGATTCCCGTTA,0,3118932
rcsBp2,0.5,1,1,TTATGAGTGGGGCACCGGTG,0,3092249
rcsBp2,0.5,1,1,TTATCTCTCCGAGTGCATTC,0,3092381
rcsBp2,0.5,1,1,TTATCTCCAAAGCTTATTGC,0,3107650
rcsBp2,0.5,1,1,TTATCGTAACTCGTTGCTCT,0,3107774
rcsBp2,0.5,1,1,TTATCGCAGAGCGTGGCCTT,0,3121691
rcsBp2,0.5,1,1,TTATCAGTCGCTTCTTGTCA,0,3119398
rcsBp2,0.5,1,1,TTATCACTTTTCTCCGAAGT,0,3074727
rcsBp2,0.5,1,1,TTATATCGCGAAAGGGCCTC,0,3091087
rcsBp2,0.5,1,1,TTATATATACCTTCCAAAGC,0,3114391
rcsBp2,0.5,1,1,TTAGTTGTTCTTTATGATGT,0,3094112
rcsBp2,0.5,1,1,TTAGTTCGGCACGTGCGAAG,0,3085608
rcsBp2,0.5,1,1,TTAGGTGGTGCCCCTGGTGA,0,3111790
rcsBp2,0.5,1,1,TTAGGTGGATAAGCTTAACA,0,3083490
rcsBp2,0.5,1,1,TTAGGTCAGTCGCATTGCAG,0,3095600
rcsBp2,0.5,1,1,TTAGGCCTTCTAGTCCCGTG,0,3080541
rcsBp2,0.5,1,1,TTAGGCAATCGGGAAAGGAA,0,3120116
rcsBp2,0.5,1,1,TTAGGAAGGGTTATTCTTTT,0,3102835
rcsBp2,0.5,1,1,TTAGCTCGTAACGACAGCGT,0,3117522
rcsBp2,0.5,1,1,TTAGCTATATATAACATTAC,0,3119272
rcsBp2,0.5,1,1,TTAGCCGACTGTCCAGATCC,0,3112499
rcsBp2,0.5,1,1,TTAGCATTATACATGTAGTT,0,3095394
rcsBp2,0.5,1,1,TTAGCAGATCTTGCTCTAGG,0,3075230
rcsBp2,0.5,1,1,TTACTTAAATGCAGATGTAT,0,3109666
rcsBp2,0.5,1,1,TTACGTAGCGAAGACCAACT,0,3073855
rcsBp2,0.5,1,1,TTACGCCGCCAGTTAATCAT,0,3099596
rcsBp2,0.5,1,1,TTACGAATTTTGGAGGGAGT,0,3094233
rcsBp2,0.5,1,1,TTAATTACCCAGGGACCGTT,0,3094268
rcsBp2,0.5,1,1,TTAATGGCCGACGGCGGTAG,0,3117280
rcsBp2,0.5,1,1,TTAATCCTTCCAGAGGCGTA,0,3096188
rcsBp2,0.5,1,1,TTAATACCGACGAGCACTAT,0,3110749
rcsBp2,0.5,1,1,TTAAGGTAATTCACAACATC,0,3116822
rcsBp2,0.5,1,1,TTAACACGGGGTGGGGTAGC,0,3087856
rcsBp2,0.5,1,1,TGTTTCAGGTCAGGGCTGGG,0,3117921
rcsBp2,0.5,1,1,TGTTGCCGTGGAGTGAGCGT,0,3101756
rcsBp2,0.5,1,1,TGTTGACATGTCCAATGCGC,0,3121994
rcsBp2,0.5,1,1,TGTTAGGGGGCTCGTAAGTT,0,3105195
rcsBp2,0.5,1,1,TGTTAGAATGTCAACCTGTA,0,3117394
rcsBp2,0.5,1,1,TGTTAATTAGGATATCCATC,0,3099844
rcsBp2,0.5,1,1,TGTGTCGTGTGGATCTTATG,0,3101007
rcsBp2,0.5,1,1,TGTGTAAGAGTCTTAGGAGA,0,3092051
rcsBp2,0.5,1,1,TGTGGCGAGTTAGTAAGGGC,0,3090024
rcsBp2,0.5,1,1,TGTGCACCAATACTCATCCT,0,3098034
rcsBp2,0.5,1,1,TGTGAGTCGTTGAGGACCCA,0,3111442
rcsBp2,0.5,1,1,TGTGAATTAGCGATTAGGGT,0,3086074
rcsBp2,0.5,1,1,TGTGAAGAGCATTCTCAGGT,0,3076000
rcsBp2,0.5,1,1,TGTCTTGATAGACGCGCCTT,0,3080812
rcsBp2,0.5,1,1,TGTCTTATATGGTTGCGGGT,0,3122761
rcsBp2,0.5,1,1,TGTCGGGAGATGTTGGTTGC,0,3112569
rcsBp2,0.5,1,1,TGTCCGCACGTGATCCTTGG,0,3076703
rcsBp2,0.5,1,1,TGTCCCCGGCCAATTGTCCT,0,3092691
rcsBp2,0.5,1,1,TGTCATAGAGCAGCATGACG,0,3092945
rcsBp2,0.5,1,1,TGTATCGTATCACAGAACCC,0,3075103
rcsBp2,0.5,1,1,TGTATCCGCGCGTGAGTGTA,0,3078725
rcsBp2,0.5,1,1,TGTATAGACTTTCTAAGGTT,0,3122721
rcsBp2,0.5,1,1,TGTAGTAAACGCACCTGCAA,0,3104884
rcsBp2,0.5,1,1,TGTAGCTCAACTCAAATATA,0,3085395
rcsBp2,0.5,1,1,TGTAGAGTAGCCGAAGGGCT,0,3097177
rcsBp2,0.5,1,1,TGTACTTCCTTTCTATGCAG,0,3078209
rcsBp2,0.5,1,1,TGTACTCGTAGCGCCTGTAG,0,3097132
rcsBp2,0.5,1,1,TGTACTAATATACAGGGTAC,0,3080602
rcsBp2,0.5,1,1,TGTACTAAAGGATGCCACAT,0,3104254
rcsBp2,0.5,1,1,TGTAAACTTCTCTCTGCAGA,0,3106253
rcsBp2,0.5,1,1,TGGTTTAACAGTTAGTCATT,0,3091336
rcsBp2,0.5,1,1,TGGTTGATGAATGGATCGCA,0,3119744
rcsBp2,0.5,1,1,TGGTGGACCTCATGAAGCAA,0,3079157
rcsBp2,0.5,1,1,TGGTGATACATTGTATGCCA,0,3109026
rcsBp2,0.5,1,1,TGGTGACCGGTAGCGACCAA,0,3091121
rcsBp2,0.5,1,1,TGGTCTAGTGTCATGCGCGG,0,3094850
rcsBp2,0.5,1,1,TGGGCTATGTGTCAAGGTTA,0,3107448
rcsBp2,0.5,1,1,TGGGCGACTGAACCACTACA,0,3103346
rcsBp2,0.5,1,1,TGGGCCATATAATTCCTAGG,0,3115995
rcsBp2,0.5,1,1,TGGGATGTTTCCACGCGAAA,0,3107351
rcsBp2,0.5,1,1,TGGGATGTATTAAGCTTAGC,0,3084176
rcsBp2,0.5,1,1,TGGGACACTTACCGTAATTA,0,3103286
rcsBp2,0.5,1,1,TGGGAAGGGGTCGAACGCTC,0,3079350
rcsBp2,0.5,1,1,TGGCTTACTCCTAGGCAGAT,0,3090344
rcsBp2,0.5,1,1,TGGCTGCCTCGCGGGAGGAC,0,3116262
rcsBp2,0.5,1,1,TGGCTAGCTCTTCAGCTGGT,0,3081264
rcsBp2,0.5,1,1,TGGCAGGACCTAATACTTCG,0,3119119
rcsBp2,0.5,1,1,TGGACCCGCTATTACGGTAA,0,3097348
rcsBp2,0.5,1,1,TGGACCCCATGGGCGCTGCG,0,3097849
rcsBp2,0.5,1,1,TGGACACGTGGATGCCATAA,0,3108546
rcsBp2,0.5,1,1,TGGAATATCCTGGCCAAGGT,0,3089398
rcsBp2,0.5,1,1,TGGAAGCTGTGCCCAACAGC,0,3098617
rcsBp2,0.5,1,1,TGGAACCGTCCTCTGGTGTG,0,3104144
rcsBp2,0.5,1,1,TGGAAAATACGGAACAACGC,0,3103505
rcsBp2,0.5,1,1,TGCTTTAAGGGGGATTCTAA,0,3087874
rcsBp2,0.5,1,1,TGCTTCATATGCATGGGTGA,0,3111279
rcsBp2,0.5,1,1,TGCTGGGCGCGTTAAACATT,0,3097040
rcsBp2,0.5,1,1,TGCTGCATGCCGAGTCGGTT,0,3114647
rcsBp2,0.5,1,1,TGCTCTGTTGATGTTGTCAT,0,3098477
rcsBp2,0.5,1,1,TGCTCGCAGATAAAGGGTCC,0,3110057
rcsBp2,0.5,1,1,TGCTACTCGGTTAATACCAC,0,3082070
rcsBp2,0.5,1,1,TGCGTGAACACACTGCAGGA,0,3085121
rcsBp2,0.5,1,1,TGCGGGGCACATTAGATGAG,0,3094429
rcsBp2,0.5,1,1,TGCGCCGACTAATTCCGGCA,0,3096393
rcsBp2,0.5,1,1,TGCGAGGGCGCTGGGGGCTC,0,3106228
rcsBp2,0.5,1,1,TGCGACCACGCTATACAGTC,0,3099666
rcsBp2,0.5,1,1,TGCGAAGGTCAGAGTAACGA,0,3093579
rcsBp2,0.5,1,1,TGCGAACATTTTCTCTCTTA,0,3087622
rcsBp2,0.5,1,1,TGCCTCAAAGATTCTTTTAC,0,3086205
rcsBp2,0.5,1,1,TGCCGGTAAGGACGGTCCTC,0,3100340
rcsBp2,0.5,1,1,TGCCGGCTCTCTACTTAGGT,0,3074135
rcsBp2,0.5,1,1,TGCCGCCCCAGACCAACGGT,0,3095077
rcsBp2,0.5,1,1,TGCAGGTATTGTCAACTAGA,0,3100735
rcsBp2,0.5,1,1,TGCACGTTGCCGAATTAGAC,0,3080535
rcsBp2,0.5,1,1,TGCACAGTGAGTAGACGCAA,0,3084478
rcsBp2,0.5,1,1,TGCACAAGTGCAGACAGGCA,0,3080985
rcsBp2,0.5,1,1,TGCAAGGTGATGGACCACGC,0,3110997
rcsBp2,0.5,1,1,TGCAAGCCTGTGAGTTTTTG,0,3080282
rcsBp2,0.5,1,1,TGATTACTTTCATCGGATGA,0,3090401
rcsBp2,0.5,1,1,TGATGTGGAATCCGCCGACG,0,3082075
rcsBp2,0.5,1,1,TGATGGGGTCAAAAAATAAG,0,3084160
rcsBp2,0.5,1,1,TGATGCAGTCCTTCTTGACT,0,3106580
rcsBp2,0.5,1,1,TGATCGTGTGGATATTTACA,0,3119556
rcsBp2,0.5,1,1,TGAGCGAATCCGTGTACTTT,0,3081352
rcsBp2,0.5,1,1,TGACTGTTGGGCAAAAATCA,0,3119786
rcsBp2,0.5,1,1,TGACTGGCTGAGGAAAGCGT,0,3106344
rcsBp2,0.5,1,1,TGACTAGACATTGGCTCCCA,0,3089945
rcsBp2,0.5,1,1,TGACCTGTAGATATGGCGAG,0,3089154
rcsBp2,0.5,1,1,TGACATGGCGAGGCGGCATT,0,3091158
rcsBp2,0.5,1,1,TGAAGCTACTCGCCATTATA,0,3094180
rcsBp2,0.5,1,1,TGAACGAATAGGGATGCATC,0,3118342
rcsBp2,0.5,1,1,TGAACACGGAATCTAGGACC,0,3095366
rcsBp2,0.5,1,1,TGAACACATGAATTGTATTT,0,3079317
rcsBp2,0.5,1,1,TGAAATTGGTACAGGCACTC,0,3095518
rcsBp2,0.5,1,1,TGAAAGCAGGTTTCAATGCT,0,3122223
rcsBp2,0.5,1,1,TCTTTGGAATGGCCCAGACT,0,3081346
rcsBp2,0.5,1,1,TCTTTACCTGTATAATCTGG,0,3081536
rcsBp2,0.5,1,1,TCTTGGGCAGATCGGCACCC,0,3099532
rcsBp2,0.5,1,1,TCTTGCCCGGGCTGTTACCG,0,3109952
rcsBp2,0.5,1,1,TCTTCTAGCATGAGGTCTGC,0,3083071
rcsBp2,0.5,1,1,TCTTCGTGGGGGTTAGTAAT,0,3103812
rcsBp2,0.5,1,1,TCTTCGGGACTTTTGGCGGT,0,3082415
rcsBp2,0.5,1,1,TCTTCGATTAAGAAAGCGGA,0,3116057
rcsBp2,0.5,1,1,TCTTCGAATGACTGCGGTAG,0,3100521
rcsBp2,0.5,1,1,TCTTCAACCCGGAGAAGAAG,0,3105684
rcsBp2,0.5,1,1,TCTTAGAATGCGGAAAATCT,0,3105298
rcsBp2,0.5,1,1,TCTGTCGTCTCAATCAAGCA,0,3077167
rcsBp2,0.5,1,1,TCTGGCATCCCACCATCGAT,0,3094192
rcsBp2,0.5,1,1,TCTCTCGGAGCGGCGGGGCA,0,3078865
rcsBp2,0.5,1,1,TCTCTCCGCTCGCAGAGATA,0,3082196
rcsBp2,0.5,1,1,TCTCGTGAAGAAAAATATTT,0,3120444
rcsBp2,0.5,1,1,TCTCGGGTATGTACCATATT,0,3082201
rcsBp2,0.5,1,1,TCTCGCCACTCTGGTGCTAC,0,3094265
rcsBp2,0.5,1,1,TCTCCGCCAATGCAGGTGCT,0,3094618
rcsBp2,0.5,1,1,TCTCCGACTCATGAATCGCA,0,3087602
rcsBp2,0.5,1,1,TCTCCAGGTAGCGAGGTTTA,0,3120526
rcsBp2,0.5,1,1,TCTCAGTCGATGCGTACTCC,0,3103131
rcsBp2,0.5,1,1,TCTAGATATCACTGATCGCG,0,3114392
rcsBp2,0.5,1,1,TCTACTGGTAGAGTTACCAC,0,3096011
rcsBp2,0.5,1,1,TCTACGTGTCGATTATAACT,0,3109911
rcsBp2,0.5,1,1,TCTACCACCGGTGCACGCTC,0,3101029
rcsBp2,0.5,1,1,TCTACCAAAGGTTGAAGATA,0,3116791
rcsBp2,0.5,1,1,TCTAAGGTACACACCAGTGG,0,3102003
rcsBp2,0.5,1,1,TCTAACAGCTTCCTGATCTA,0,3094608
rcsBp2,0.5,1,1,TCGTTTCCCGGGGTAGCGAT,0,3119412
rcsBp2,0.5,1,1,TCGTTCCATTCCGTAAAAAG,0,3083741
rcsBp2,0.5,1,1,TCGTCGGATATTCGTTCCTT,0,3082799
rcsBp2,0.5,1,1,TCGTATATAACTGGAGTCTG,0,3121396
rcsBp2,0.5,1,1,TCGTACGAGAAATCATGTCG,0,3076887
rcsBp2,0.5,1,1,TCGGTCGTGTTGGCCCGACT,0,3100144
rcsBp2,0.5,1,1,TCGGGGGTTGATTACACACA,0,3097546
rcsBp2,0.5,1,1,TCGGGGCGGTCCATTCGGTA,0,3113770
rcsBp2,0.5,1,1,TCGGGCATTCGACCCGACAG,0,3079680
rcsBp2,0.5,1,1,TCGGCTTTCGTGGCTAAACA,0,3089097
rcsBp2,0.5,1,1,TCGGCCGTCCAGAAACCTGC,0,3086586
rcsBp2,0.5,1,1,TCGGATTAGTAGTTGCGCTG,0,3076481
rcsBp2,0.5,1,1,TCGGATGATAGATTGTTTAT,0,3082852
rcsBp2,0.5,1,1,TCGGAGTACCGAGACGCAGA,0,3108261
rcsBp2,0.5,1,1,TCGCGTCCACCATTGTCCGT,0,3094593
rcsBp2,0.5,1,1,TCGCGGTTAAAGGCATACCT,0,3116281
rcsBp2,0.5,1,1,TCGCCCGGCGTGGTGGCTGT,0,3111698
rcsBp2,0.5,1,1,TCGCATAGCGAGCCCTCCCC,0,3105040
rcsBp2,0.5,1,1,TCGCAGTAGTGAACTTGTGA,0,3107865
rcsBp2,0.5,1,1,TCGCAAATCGGCCCCATATG,0,3116009
rcsBp2,0.5,1,1,TCGATATATCGTGTGCACAG,0,3107721
rcsBp2,0.5,1,1,TCGAGTCCCATCCCGCATGC,0,3102462
rcsBp2,0.5,1,1,TCGAGCTACATGTATCCGCA,0,3089915
rcsBp2,0.5,1,1,TCGACAAAACATTGCCCTTA,0,3114882
rcsBp2,0.5,1,1,TCGAATAGATCGACACCCAA,0,3089410
rcsBp2,0.5,1,1,TCGAACCCACCAGAGTAGCG,0,3074453
rcsBp2,0.5,1,1,TCGAACACGTCCACTGGATC,0,3098556
rcsBp2,0.5,1,1,TCGAAACAAGCACATTTCCA,0,3104419
rcsBp2,0.5,1,1,TCCTTTGGTTTCATGAACTT,0,3095163
rcsBp2,0.5,1,1,TCCTTCGGCTCTACCCCACG,0,3102886
rcsBp2,0.5,1,1,TCCTTCGCATAGGATCGCCC,0,3114352
rcsBp2,0.5,1,1,TCCTGTGGTTCTTGTTTTAT,0,3105307
rcsBp2,0.5,1,1,TCCTGTAGTTGTGTCGAAGT,0,3076304
rcsBp2,0.5,1,1,TCCTCTCCTGGCGCTTTTAG,0,3116657
rcsBp2,0.5,1,1,TCCTCCGGGACTGAGTGTGT,0,3086526
rcsBp2,0.5,1,1,TCCTCATATGAGGGTTAGGA,0,3105144
rcsBp2,0.5,1,1,TCCTATGAAAAAAGTGCCCT,0,3076309
rcsBp2,0.5,1,1,TCCTATACTTCGTAGCATGA,0,3083360
rcsBp2,0.5,1,1,TCCGTGGTAAATCGGCGCCA,0,3114343
rcsBp2,0.5,1,1,TCCGTCCGGGGTACAAAATA,0,3074366
rcsBp2,0.5,1,1,TCCGTCAGCCGTCGGGGAAA,0,3093091
rcsBp2,0.5,1,1,TCCGTATGCGGCAAGCAAGG,0,3094485
rcsBp2,0.5,1,1,TCCGGTAGCACACAAAAAGA,0,3100032
rcsBp2,0.5,1,1,TCCGGGCGTCTGGGACTGAG,0,3094791
rcsBp2,0.5,1,1,TCCGATACATTCGCCCCTCG,0,3118120
rcsBp2,0.5,1,1,TCCGATAAGCTCCTAAGGTT,0,3107846
rcsBp2,0.5,1,1,TCCCTTGTTGCAGCTGTTCT,0,3110958
rcsBp2,0.5,1,1,TCCCTTGGGTAAGGCGGTCC,0,3078521
rcsBp2,0.5,1,1,TCCCTTGATGAGGTCGTGAC,0,3113444
rcsBp2,0.5,1,1,TCCCGGGCTAGATACTGGAT,0,3087374
rcsBp2,0.5,1,1,TCCCGCTGTCTAGGAGATTA,0,3109317
rcsBp2,0.5,1,1,TCCCCCTTCGCACTGGCAAA,0,3080807
rcsBp2,0.5,1,1,TCCCAACAGCCTGCAATAGA,0,3106397
rcsBp2,0.5,1,1,TCCATGTTTCCAGCGTTGCC,0,3096294
rcsBp2,0.5,1,1,TCCATGTGGAGAACTCCACT,0,3077211
rcsBp2,0.5,1,1,TCCATGTCGGGGCGGATGAA,0,3093808
rcsBp2,0.5,1,1,TCCAGTGATGATCTCAACGA,0,3080293
rcsBp2,0.5,1,1,TCCAGCCACGTCAACAGTTT,0,3097038
rcsBp2,0.5,1,1,TCCACTCTGGTGGGCGTATG,0,3105141
rcsBp2,0.5,1,1,TCCACGCTAAATTGCTATAC,0,3117279
rcsBp2,0.5,1,1,TCCACAAATGATTCCCCTGG,0,3078376
rcsBp2,0.5,1,1,TCCAATGTTAAACAGCTGGG,0,3109493
rcsBp2,0.5,1,1,TCATTGCGGGCCGCTGTTCT,0,3081556
rcsBp2,0.5,1,1,TCATTGACTTGTCACATTTA,0,3077093
rcsBp2,0.5,1,1,TCATTCAGGGTCTTCAAAGC,0,3087047
rcsBp2,0.5,1,1,TCATGTAAAGATCATACGTC,0,3081379
rcsBp2,0.5,1,1,TCATGGATTGTCTGGACTCA,0,3104905
rcsBp2,0.5,1,1,TCATACCCCTCAACGTATTA,0,3122314
rcsBp2,0.5,1,1,TCAGGATCTATACTTAACAC,0,3086264
rcsBp2,0.5,1,1,TCAGAAAACGGACCGAGTAG,0,3096504
rcsBp2,0.5,1,1,TCACGCCAAAAGCGGGTTAG,0,3089783
rcsBp2,0.5,1,1,TCACCTCGACTTTACAAGAA,0,3074020
rcsBp2,0.5,1,1,TCACCGCTCCCACTTCCCGG,0,3106496
rcsBp2,0.5,1,1,TCAATATATGGTTCGTCACG,0,3080628
rcsBp2,0.5,1,1,TCAATAAGTTAGCGTTCCCA,0,3096069
rcsBp2,0.5,1,1,TCAAGTACACCAAAAAGGTC,0,3093607
rcsBp2,0.5,1,1,TCAAGGCTGGCATCAATATT,0,3095576
rcsBp2,0.5,1,1,TCAAGGACAGCGTCCACACA,0,3078223
rcsBp2,0.5,1,1,TCAACTTCTTGCCTTGAGTC,0,3114052
rcsBp2,0.5,1,1,TCAACTGGATCATAATGTGT,0,3079278
rcsBp2,0.5,1,1,TATTTTCATCATGCTTAACA,0,3121763
rcsBp2,0.5,1,1,TATTTGGTAACTATGTCAAC,0,3075814
rcsBp2,0.5,1,1,TATTTCAAGTAGTGCTGGTA,0,3087831
rcsBp2,0.5,1,1,TATTGCCAGGCTCCCAATAA,0,3078042
rcsBp2,0.5,1,1,TATTACCCTGATGGAAGGCA,0,3103789
rcsBp2,0.5,1,1,TATGTTTGGCCGGCTATGTG,0,3086316
rcsBp2,0.5,1,1,TATGTTAAGTTAATTGTGCC,0,3081644
rcsBp2,0.5,1,1,TATGTGGGATCTTCCTCTCT,0,3098782
rcsBp2,0.5,1,1,TATGTGGGAAGACGTGGGTT,0,3097761
rcsBp2,0.5,1,1,TATGTAAAACGCTAGAAACA,0,3108124
rcsBp2,0.5,1,1,TATGGTTTACGTTTTCGGGG,0,3100524
rcsBp2,0.5,1,1,TATGGGAGTCATCAAGCTAG,0,3104366
rcsBp2,0.5,1,1,TATGGCGCTCTTTGTTAGAT,0,3095442
rcsBp2,0.5,1,1,TATGACAGACAGAGGTCGTT,0,3083800
rcsBp2,0.5,1,1,TATCTTAGCCTAATGTAATC,0,3079496
rcsBp2,0.5,1,1,TATCTAGCGTCCGAGCTCGT,0,3090855
rcsBp2,0.5,1,1,TATCGTATCTCTCATTTCGT,0,3121277
rcsBp2,0.5,1,1,TATCGGGAGCGTATCACAGC,0,3119145
rcsBp2,0.5,1,1,TATCCATTAGTCTGTAGTTA,0,3077297
rcsBp2,0.5,1,1,TATCCACACTGATCGCGATA,0,3116777
rcsBp2,0.5,1,1,TATCCAACATTTCGAGGGCG,0,3093255
rcsBp2,0.5,1,1,TATATGGCGATGGGGATGAT,0,3112906
rcsBp2,0.5,1,1,TATATCAGGGGCCTCGACCT,0,3105427
rcsBp2,0.5,1,1,TATACGCGCTCTGTGCTCTC,0,3086481
rcsBp2,0.5,1,1,TATAATTAATGACTGCTGTA,0,3097463
rcsBp2,0.5,1,1,TATAATCGGACAATGCTGTT,0,3095156
rcsBp2,0.5,1,1,TAGTCCCTTGATGCTTGTGA,0,3077693
rcsBp2,0.5,1,1,TAGGGTGAGCCTTGCTGTGA,0,3092526
rcsBp2,0.5,1,1,TAGGGGTAGGCGTGGCATGT,0,3092239
rcsBp2,0.5,1,1,TAGGGACCCTGATGGCACGG,0,3090965
rcsBp2,0.5,1,1,TAGCTTTACTAAAAAAACTA,0,3091324
rcsBp2,0.5,1,1,TAGCTGAGGCGTTGTTTCAC,0,3098360
rcsBp2,0.5,1,1,TAGCTAACAACAAGTACCGT,0,3102183
rcsBp2,0.5,1,1,TAGCGTCGCTGCCCACGAAA,0,3083888
rcsBp2,0.5,1,1,TAGCGGGCTGTGCCGAATCC,0,3077554
rcsBp2,0.5,1,1,TAGCGAGAAGTGGAACCACC,0,3083407
rcsBp2,0.5,1,1,TAGCATTGCGTCATTCGGCT,0,3079658
rcsBp2,0.5,1,1,TAGCATTATAATCTAGACTA,0,3093976
rcsBp2,0.5,1,1,TAGATTTTGATATATGGAGT,0,3116318
rcsBp2,0.5,1,1,TAGATTCCAAGGACATTAAA,0,3092533
rcsBp2,0.5,1,1,TAGATGCGCCCGCAAGCATA,0,3076238
rcsBp2,0.5,1,1,TAGATCCTCAATGGATTATC,0,3089158
rcsBp2,0.5,1,1,TAGAGTTCAATTCTAAGTAC,0,3122177
rcsBp2,0.5,1,1,TAGAGTCGGGGGTTCTGGTA,0,3108739
rcsBp2,0.5,1,1,TAGAGCGGCATTTTGCACGC,0,3105833
rcsBp2,0.5,1,1,TACTTTTCGTGGCCAAACAG,0,3085484
rcsBp2,0.5,1,1,TACTTTATCGCCCCTTTGTC,0,3105036
rcsBp2,0.5,1,1,TACTAGATTTTTAAGTCGCG,0,3097192
rcsBp2,0.5,1,1,TACGTCAGGGCCACCGCTAA,0,3103219
rcsBp2,0.5,1,1,TACGGCCGTTAATGGTCCTA,0,3098298
rcsBp2,0.5,1,1,TACGGCCCGGTAGCTTCGCA,0,3082622
rcsBp2,0.5,1,1,TACGGCAGCTTTTTCGGGGG,0,3121624
rcsBp2,0.5,1,1,TACGCCTGTGCTTCCTATAG,0,3106587
rcsBp2,0.5,1,1,TACGATGCACAGGGCACTTA,0,3095373
rcsBp2,0.5,1,1,TACGACCTTATACCCATACC,0,3093560
rcsBp2,0.5,1,1,TACCTTCTCCTCCCCATACT,0,3090983
rcsBp2,0.5,1,1,TACCGTTTACCAAGAGGATA,0,3116595
rcsBp2,0.5,1,1,TACCGCGGCAAACGGCATCC,0,3091413
rcsBp2,0.5,1,1,TACCGCGCAACTAGCTACTT,0,3080904
rcsBp2,0.5,1,1,TACCGCATTTTGTTACCTAA,0,3112652
rcsBp2,0.5,1,1,TACCCAAGCAACCGTCGTTT,0,3121850
rcsBp2,0.5,1,1,TACCAGTAGTTGGCATAGGA,0,3112160
rcsBp2,0.5,1,1,TACATCTGCGGCTCGAGGAA,0,3105389
rcsBp2,0.5,1,1,TACACTGCCGCAAAGGGCCT,0,3119541
rcsBp2,0.5,1,1,TACAATTCTTGGCTCAACTG,0,3085665
rcsBp2,0.5,1,1,TACAATATCTTTCAGTAGAC,0,3094599
rcsBp2,0.5,1,1,TAATTGTTATGGCTACAAGG,0,3117742
rcsBp2,0.5,1,1,TAATGCAGGGCGAGGACCGC,0,3103875
rcsBp2,0.5,1,1,TAATGATTTATCTTTAGAGT,0,3089346
rcsBp2,0.5,1,1,TAATCTTCACGCCCCCTGGT,0,3115082
rcsBp2,0.5,1,1,TAATCTCAATATAAAATATG,0,3099252
rcsBp2,0.5,1,1,TAATCCTAGTATCGCAAGTT,0,3074178
rcsBp2,0.5,1,1,TAATCCACCAAGAAGACACT,0,3101975
rcsBp2,0.5,1,1,TAAGTAATGAAAACGCAATT,0,3083191
rcsBp2,0.5,1,1,TAAGGGCGATCCTTATTATC,0,3100661
rcsBp2,0.5,1,1,TAAGGCGTATCCCGGTGTTT,0,3082398
rcsBp2,0.5,1,1,TAAGGCAACCTCACTATAAA,0,3109617
rcsBp2,0.5,1,1,TAAGCGAGAGGATTCACAAC,0,3122455
rcsBp2,0.5,1,1,TAAGCGACAAGAAGGCGAGA,0,3087655
rcsBp2,0.5,1,1,TAAGATTCCGGTCCCTAGGG,0,3084466
rcsBp2,0.5,1,1,TAAGACTTGGTGATCTCCGG,0,3098374
rcsBp2,0.5,1,1,TAAGACTGGTACCCGGTGGG,0,3089275
rcsBp2,0.5,1,1,TAACTTGGTTGTCGCCATAT,0,3119898
rcsBp2,0.5,1,1,TAACTTGCCGCGTCCCGGAT,0,3088541
rcsBp2,0.5,1,1,TAACGGTCTCAAGTGACCTA,0,3122725
rcsBp2,0.5,1,1,TAACGAATGAAGATCGATTA,0,3101016
rcsBp2,0.5,1,1,TAACGAAACTCTAGTCGAGA,0,3089393
rcsBp2,0.5,1,1,TAACCTTTCTAAACAAGGCG,0,3120453
rcsBp2,0.5,1,1,TAACCAATGTATACAGACAA,0,3089639
rcsBp2,0.5,1,1,TAACAGACCATCGAGGGTAC,0,3110278
rcsBp2,0.5,1,1,TAAATCAACCTCAGCTTTCA,0,3099452
rcsBp2,0.5,1,1,TAAACTTATGCGCTTCGTAA,0,3097457
rcsBp2,0.5,1,1,TAAACTTAGCCTCGGACTTA,0,3074836
rcsBp2,0.5,1,1,TAAACAAGACTTTCCGAGAA,0,3077178
rcsBp2,0.5,1,1,TAAAATGGCCGCATGACACT,0,3089219
rcsBp2,0.5,1,1,TAAAATCCGACTAAAAGGAC,0,3091186
rcsBp2,0.5,1,1,TAAAAAACCTGAGAGTCACC,0,3120075
rcsBp2,0.5,1,1,GTTTTTGTTCGCGAAATAAC,0,3089922
rcsBp2,0.5,1,1,GTTTTTCTATAGCCGCCTTG,0,3079754
rcsBp2,0.5,1,1,GTTTTTACTTCACGATCCGG,0,3086621
rcsBp2,0.5,1,1,GTTTTCAGGTGCCGCAACGG,0,3103939
rcsBp2,0.5,1,1,GTTTGTTAGAGGCGGCAGCA,0,3082480
rcsBp2,0.5,1,1,GTTTGAGCCTGGAGTCCATA,0,3118351
rcsBp2,0.5,1,1,GTTTCTTCATTTGCACTTCT,0,3101134
rcsBp2,0.5,1,1,GTTTAGTCACGGCAGTTAAG,0,3122073
rcsBp2,0.5,1,1,GTTTACATCCTGCTCCGATG,0,3096388
rcsBp2,0.5,1,1,GTTGTTGAAGGGAGGCAGAC,0,3102413
rcsBp2,0.5,1,1,GTTGTCTCGAGATGATCATT,0,3078102
rcsBp2,0.5,1,1,GTTGGCATATATTTCAGGTG,0,3104154
rcsBp2,0.5,1,1,GTTGCCAGGAAACATAAGGC,0,3106671
rcsBp2,0.5,1,1,GTTGAGGAACTGTTATACGT,0,3105398
rcsBp2,0.5,1,1,GTTCCGGCCACCAGGACATT,0,3077385
rcsBp2,0.5,1,1,GTTCCGCGGGTACCCATGGT,0,3110866
rcsBp2,0.5,1,1,GTTCACTCGTGCTCGTCGAT,0,3099808
rcsBp2,0.5,1,1,GTTATACTGCGTTATATAAA,0,3083012
rcsBp2,0.5,1,1,GTTAGTTGTATAAGAGCAGT,0,3100435
rcsBp2,0.5,1,1,GTTAGTCTTAACTTTCTACC,0,3098055
rcsBp2,0.5,1,1,GTTAGCTCATAATCCACAAC,0,3077369
rcsBp2,0.5,1,1,GTGTTTGCGTTAAAACTGGA,0,3113337
rcsBp2,0.5,1,1,GTGTGTGTTTTGTGCGCATC,0,3121338
rcsBp2,0.5,1,1,GTGTATCACATTCCGGAGAT,0,3078087
rcsBp2,0.5,1,1,GTGTAGACAGTGTGGGTGTG,0,3098783
rcsBp2,0.5,1,1,GTGTACTGTCGCCTTAGTAA,0,3083778
rcsBp2,0.5,1,1,GTGTACGAGCAAAAAGTTAA,0,3088013
rcsBp2,0.5,1,1,GTGTAAGCGCGCGGAGACGC,0,3085659
rcsBp2,0.5,1,1,GTGGTGCACGATCGTGCAAA,0,3090326
rcsBp2,0.5,1,1,GTGGTCGTAAAAAAAGTGCA,0,3083056
rcsBp2,0.5,1,1,GTGGCATGGCGCTCGCACGC,0,3104277
rcsBp2,0.5,1,1,GTGGAAGTCCCAGTAAAGCC,0,3078006
rcsBp2,0.5,1,1,GTGGAAGCCGTCAGGCGTGA,0,3118090
rcsBp2,0.5,1,1,GTGCTTCTTCACAGTGACTC,0,3075826
rcsBp2,0.5,1,1,GTGCGGAGGATTCGGCTCAG,0,3108004
rcsBp2,0.5,1,1,GTGCCGTAGCTTTAGAGGGT,0,3103106
rcsBp2,0.5,1,1,GTGCCCCATTTTTCATTTGT,0,3091949
rcsBp2,0.5,1,1,GTGCCACCAGAGTACATAGG,0,3098412
rcsBp2,0.5,1,1,GTGCACCGGCGATTGACGAG,0,3114436
rcsBp2,0.5,1,1,GTGCAACCGTCGATACGAAA,0,3098685
rcsBp2,0.5,1,1,GTGATTCACGTCAAACGTCC,0,3087413
rcsBp2,0.5,1,1,GTGATGAAAAATAACCCAAC,0,3081827
rcsBp2,0.5,1,1,GTGATCATAATAGTTGTGCG,0,3107350
rcsBp2,0.5,1,1,GTGAGTACAGACATCGAGGC,0,3111555
rcsBp2,0.5,1,1,GTGAGGAACACGTTGCGCAG,0,3118654
rcsBp2,0.5,1,1,GTGAAGGAGATCTATGCCTA,0,3076556
rcsBp2,0.5,1,1,GTGAAGACGCAGGAAATCTA,0,3083085
rcsBp2,0.5,1,1,GTGAAAAAGGCCACATTGAC,0,3085527
rcsBp2,0.5,1,1,GTCTTGAACAGTCCCCCATC,0,3114243
rcsBp2,0.5,1,1,GTCTTAAGTCGTTTCTCAGG,0,3106291
rcsBp2,0.5,1,1,GTCTGCACCTTTCCACATTA,0,3122373
rcsBp2,0.5,1,1,GTCTATCCAATGCTAATCGG,0,3093352
rcsBp2,0.5,1,1,GTCGTGGGGCTTCTGGCAAG,0,3093194
rcsBp2,0.5,1,1,GTCGGGGTCATGGACACATG,0,3092971
rcsBp2,0.5,1,1,GTCGGCCCCCAACGGGGCCT,0,3076611
rcsBp2,0.5,1,1,GTCGCCGACGAGCATTTTAT,0,3078582
rcsBp2,0.5,1,1,GTCGAAAGGCTTTAGGTAAA,0,3120028
rcsBp2,0.5,1,1,GTCCTTGCTATGGCTAACTT,0,3079639
rcsBp2,0.5,1,1,GTCCTCTTTTGGTGCGCAGA,0,3082970
rcsBp2,0.5,1,1,GTCCTCAAGGTGGGATCCGG,0,3110012
rcsBp2,0.5,1,1,GTCCCGAGCTAAAAATATGT,0,3094145
rcsBp2,0.5,1,1,GTCCAGCAATCGATCCAAAT,0,3077639
rcsBp2,0.5,1,1,GTCCAGACAACCCGCCTTTC,0,3074006
rcsBp2,0.5,1,1,GTCATTAGGGCGCTATAGGC,0,3090509
rcsBp2,0.5,1,1,GTCATCGCTGTCACAGCAAC,0,3079534
rcsBp2,0.5,1,1,GTCATCAGAGAGGTTCTGCG,0,3121883
rcsBp2,0.5,1,1,GTCATATAGCCTCCTATAGC,0,3122321
rcsBp2,0.5,1,1,GTCAGGTCGGTGGTGTCTGT,0,3113423
rcsBp2,0.5,1,1,GTCAGGGTAGCCGACGTATC,0,3079622
rcsBp2,0.5,1,1,GTCAGGCACGTTGCACCAGA,0,3122723
rcsBp2,0.5,1,1,GTCAGATGATTAGTGATGCT,0,3109011
rcsBp2,0.5,1,1,GTCAGATACATACATAAACG,0,3075099
rcsBp2,0.5,1,1,GTCACGTATAAGGATTATGT,0,3103686
rcsBp2,0.5,1,1,GTCACGCTAAAAGTGTTAAA,0,3112801
rcsBp2,0.5,1,1,GTCACCGTGACCCGATGCAT,0,3087872
rcsBp2,0.5,1,1,GTATTGTATGCGTACAGAGG,0,3118951
rcsBp2,0.5,1,1,GTATTGCATACGGGTTATAA,0,3084496
rcsBp2,0.5,1,1,GTATGGCCTACACTACGCAT,0,3074079
rcsBp2,0.5,1,1,GTATGACTAGGAGATATCCC,0,3098445
rcsBp2,0.5,1,1,GTATCTCGGTAACCCATCTG,0,3089872
rcsBp2,0.5,1,1,GTATCAGCCGCACATATATA,0,3119972
rcsBp2,0.5,1,1,GTATATCCACACATCTGGTT,0,3118295
rcsBp2,0.5,1,1,GTATAGATTTCACCGCTGAA,0,3100116
rcsBp2,0.5,1,1,GTATACCCGCCAAATATTCT,0,3079100
rcsBp2,0.5,1,1,GTAGTTTGCGGCTCGAACAC,0,3107018
rcsBp2,0.5,1,1,GTAGTTGGAATCGTACTTAT,0,3083280
rcsBp2,0.5,1,1,GTAGGAGTGTGCATGCATTT,0,3075285
rcsBp2,0.5,1,1,GTAGACCGGCTTTACTTGCA,0,3102906
rcsBp2,0.5,1,1,GTACCTTGCTGGGTGTCCGA,0,3098053
rcsBp2,0.5,1,1,GTACATTGGTTATTTGCGTC,0,3109409
rcsBp2,0.5,1,1,GTACAGTCCGTGCGGGGCAG,0,3075102
rcsBp2,0.5,1,1,GTACACTATGTAAAATAGTG,0,3078158
rcsBp2,0.5,1,1,GTAATTCGCAAACCACCAAT,0,3116408
rcsBp2,0.5,1,1,GTAATGTTATCCAACCATGC,0,3095492
rcsBp2,0.5,1,1,GTAAGTCCGGCTGTGCGGCC,0,3120753
rcsBp2,0.5,1,1,GTAAATTGGTACCTAGACGA,0,3091523
rcsBp2,0.5,1,1,GGTTTTTGGGCCAGTAAAGT,0,3103591
rcsBp2,0.5,1,1,GGTTTGTGAGGCCAGGCTCC,0,3119421
rcsBp2,0.5,1,1,GGTTGAAAGCTTCGAGGGCG,0,3115077
rcsBp2,0.5,1,1,GGTTCGCATTAATATATATT,0,3118942
rcsBp2,0.5,1,1,GGTTCCATACTGTGGCTGAT,0,3079751
rcsBp2,0.5,1,1,GGTTAGTTTTAGTTTTCCGA,0,3093599
rcsBp2,0.5,1,1,GGTGTTGAAGCCATATGTAG,0,3098154
rcsBp2,0.5,1,1,GGTGGTGATGAGCATTACAA,0,3114208
rcsBp2,0.5,1,1,GGTGGCTCCGTGTGGCGACC,0,3119841
rcsBp2,0.5,1,1,GGTGGCTCAACTACAGGTTT,0,3078832
rcsBp2,0.5,1,1,GGTGGAGAGAAGTCCAATTC,0,3096632
rcsBp2,0.5,1,1,GGTGCAGATGGCAGAAGCTG,0,3113121
rcsBp2,0.5,1,1,GGTGAATTGGCAAACAGGTA,0,3088588
rcsBp2,0.5,1,1,GGTCGTGATGCTGTTTTATT,0,3116522
rcsBp2,0.5,1,1,GGTCCTTTATTGCACGTCAA,0,3110891
rcsBp2,0.5,1,1,GGTCCTTGGCGGAAACCCTA,0,3087530
rcsBp2,0.5,1,1,GGTCCTAATTAATTAGGTGT,0,3095103
rcsBp2,0.5,1,1,GGTCAGTTTATAGTTCTGTA,0,3083939
rcsBp2,0.5,1,1,GGTCAGGTAATACCAGATTC,0,3115226
rcsBp2,0.5,1,1,GGTCAGCGTTACCTTACGAA,0,3105042
rcsBp2,0.5,1,1,GGTCACACGAGCGGGGGCTG,0,3116221
rcsBp2,0.5,1,1,GGTCAAGCGACATTTTCCGA,0,3100309
rcsBp2,0.5,1,1,GGTATTCTGTCTATGAAAAT,0,3121216
rcsBp2,0.5,1,1,GGTATGGATACACGCATTTG,0,3121760
rcsBp2,0.5,1,1,GGTAGCCCATGCGCATTACT,0,3096369
rcsBp2,0.5,1,1,GGTACCTTATTATCTGCCAT,0,3093391
rcsBp2,0.5,1,1,GGTAATATGATTAGGAGAGT,0,3110198
rcsBp2,0.5,1,1,GGTAACAGCCGTTAGCTCCT,0,3099667
rcsBp2,0.5,1,1,GGTAAATGGACCATGCCTCT,0,3121864
rcsBp2,0.5,1,1,GGTAAACAGGTGGCACCGTC,0,3117890
rcsBp2,0.5,1,1,GGGTTTACGGGCCAGCAAGA,0,3107306
rcsBp2,0.5,1,1,GGGTTCGATGTCTTAAGCCA,0,3116444
rcsBp2,0.5,1,1,GGGTGTCTACAAGCGCGACG,0,3089305
rcsBp2,0.5,1,1,GGGTGCCAATGTTATGGAGA,0,3083784
rcsBp2,0.5,1,1,GGGTGCACTGCAGTAGATAC,0,3088194
rcsBp2,0.5,1,1,GGGTGAGTTTGCTTCACCAG,0,3075792
rcsBp2,0.5,1,1,GGGTGAACGTGCTCAGTGTA,0,3075155
rcsBp2,0.5,1,1,GGGTCTACTTCACTGAGGAG,0,3102850
rcsBp2,0.5,1,1,GGGTCCCCGTAAGACCCCCG,0,3118974
rcsBp2,0.5,1,1,GGGTAGCCGACGCGCAATAT,0,3117017
rcsBp2,0.5,1,1,GGGTACGACCCGGGACCGTA,0,3109631
rcsBp2,0.5,1,1,GGGTACACACATAGTTGTGG,0,3091340
rcsBp2,0.5,1,1,GGGGTCATTCGGGCACATCT,0,3080706
rcsBp2,0.5,1,1,GGGGTAGGCGAGTCACATGG,0,3084951
rcsBp2,0.5,1,1,GGGGTAATTGTTTGTAGCAA,0,3086252
rcsBp2,0.5,1,1,GGGGGCAGATTAATGGAGTT,0,3082385
rcsBp2,0.5,1,1,GGGGCGTTCATCGCAAAAGA,0,3117525
rcsBp2,0.5,1,1,GGGGCCATATTACTCGTATC,0,3118629
rcsBp2,0.5,1,1,GGGGCATACTGGGATTACTA,0,3104574
rcsBp2,0.5,1,1,GGGGCAGATCAGTCCCGCAA,0,3103944
rcsBp2,0.5,1,1,GGGGCAATTTCGTCGCCATT,0,3090957
rcsBp2,0.5,1,1,GGGGATTGCGCCGGAATCTC,0,3078863
rcsBp2,0.5,1,1,GGGGAGGAGTCCAGTTATAG,0,3097936
rcsBp2,0.5,1,1,GGGGACGCGGAAACGGAGAG,0,3106374
rcsBp2,0.5,1,1,GGGGACATCACATAGGGTGT,0,3079390
rcsBp2,0.5,1,1,GGGCTCCACGCCCCCGGGTA,0,3113140
rcsBp2,0.5,1,1,GGGCGGGGCGTGGCAGCACG,0,3083004
rcsBp2,0.5,1,1,GGGCGGCTACTTGTTGTAGT,0,3089729
rcsBp2,0.5,1,1,GGGCCTTCTCTCGGGGATGC,0,3087436
rcsBp2,0.5,1,1,GGGCCTAACCATAGACCACT,0,3117718
rcsBp2,0.5,1,1,GGGCCGACGAGAATCGGTCT,0,3093476
rcsBp2,0.5,1,1,GGGCCAGCACAGGTACGCAG,0,3084039
rcsBp2,0.5,1,1,GGGCCAATCCGACGTGTCAA,0,3098027
rcsBp2,0.5,1,1,GGGCAGCTTGGTCTTTGACA,0,3101090
rcsBp2,0.5,1,1,GGGCAAACCTGGCTATCCTG,0,3079400
rcsBp2,0.5,1,1,GGGATCCATTCGTAAGCTTG,0,3103283
rcsBp2,0.5,1,1,GGGAGCTGGGCGTCCGCGTC,0,3110035
rcsBp2,0.5,1,1,GGGACCCTACATCATCAGTT,0,3076789
rcsBp2,0.5,1,1,GGGAATCATTAGTAGGATAG,0,3075152
rcsBp2,0.5,1,1,GGGAACTAGGGAATTATCAT,0,3116326
rcsBp2,0.5,1,1,GGCTTGCCCAAACGGCTTAA,0,3088952
rcsBp2,0.5,1,1,GGCTTCTTAAGTCACACCGT,0,3081904
rcsBp2,0.5,1,1,GGCTTATATTCACGCAATCT,0,3107479
rcsBp2,0.5,1,1,GGCTTAATTTGTCATAGTGA,0,3120969
rcsBp2,0.5,1,1,GGCTGTTGGACCTAACGGCC,0,3100880
rcsBp2,0.5,1,1,GGCTGAATTATAATTCTCTC,0,3105855
rcsBp2,0.5,1,1,GGCTCCTTAATTAGCTATTT,0,3102595
rcsBp2,0.5,1,1,GGCTAAAGACCAGGTGTACA,0,3096122
rcsBp2,0.5,1,1,GGCGGTAGGTCGAAAAAAAG,0,3091704
rcsBp2,0.5,1,1,GGCGGATCTCCCTCATCCAA,0,3074739
rcsBp2,0.5,1,1,GGCGCTCAAGGGTTCAGTAA,0,3088718
rcsBp2,0.5,1,1,GGCGATACGCTGTGCGGTAG,0,3094911
rcsBp2,0.5,1,1,GGCCTTGGAATTTCAGAGCG,0,3087281
rcsBp2,0.5,1,1,GGCCTTCTAGGAATGGAAGG,0,3076355
rcsBp2,0.5,1,1,GGCCGTATCGGCGTTGGAGT,0,3087520
rcsBp2,0.5,1,1,GGCCGGTTAAAAGTTAGGTG,0,3105796
rcsBp2,0.5,1,1,GGCCGCTAACCACATGATAT,0,3090600
rcsBp2,0.5,1,1,GGCCGCCCGAGGCAACGGCA,0,3084031
rcsBp2,0.5,1,1,GGCCGAACTTGTTATGGCGT,0,3087783
rcsBp2,0.5,1,1,GGCCCTGATTAATACAATGC,0,3118440
rcsBp2,0.5,1,1,GGCCCGCGGTCGTGAGCAGT,0,3103570
rcsBp2,0.5,1,1,GGCCCGCGCAGGAACTATGT,0,3085343
rcsBp2,0.5,1,1,GGCCCAGGGAAAATGGGAGC,0,3098865
rcsBp2,0.5,1,1,GGCCAGGGGGTTTAAAGTTT,0,3110910
rcsBp2,0.5,1,1,GGCCAAGCTTGCAAGGGGAT,0,3074873
rcsBp2,0.5,1,1,GGCCAAAAGATCAGCGCACC,0,3086828
rcsBp2,0.5,1,1,GGCAGGTTTAAGTAAGGTTC,0,3108168
rcsBp2,0.5,1,1,GGCAGCATGGATATTTCATG,0,3075681
rcsBp2,0.5,1,1,GGCACTTAGCGGTTTATGGA,0,3084060
rcsBp2,0.5,1,1,GGCACTGGCGTGCAGGTACA,0,3121573
rcsBp2,0.5,1,1,GGCACAGAATGGCCGTACCT,0,3105586
rcsBp2,0.5,1,1,GGCAACTTAAAAGAGTGCGT,0,3083890
rcsBp2,0.5,1,1,GGCAACACACACTTGCAAAA,0,3106758
rcsBp2,0.5,1,1,GGATCTCTCCGTGCCCGTGG,0,3119289
rcsBp2,0.5,1,1,GGATCCCTAACGATCAGCTT,0,3093258
rcsBp2,0.5,1,1,GGATCATGTCGGCGAGTGAC,0,3079443
rcsBp2,0.5,1,1,GGATCACAGGAACGACTTAC,0,3107680
rcsBp2,0.5,1,1,GGATATTTCAATCGTAGGCC,0,3111088
rcsBp2,0.5,1,1,GGATAGTTAATATTCGCCTC,0,3113893
rcsBp2,0.5,1,1,GGATAAGAACGTGCAAGCCT,0,3111419
rcsBp2,0.5,1,1,GGAGGTGGCCGAGCAATGCG,0,3119792
rcsBp2,0.5,1,1,GGAGGCGCTCGAGTAGGAGC,0,3109417
rcsBp2,0.5,1,1,GGAGGAGGTTGGCCGAAAGA,0,3112444
rcsBp2,0.5,1,1,GGAGCTCTATTTTAGGTGTA,0,3076157
rcsBp2,0.5,1,1,GGAGCGTGCAGCAACACTTC,0,3122070
rcsBp2,0.5,1,1,GGAGCCGGTGGGGCTTCTTG,0,3075435
rcsBp2,0.5,1,1,GGACTTTGATAATAGCGTAC,0,3076851
rcsBp2,0.5,1,1,GGACCTGGGATCCGTTCTTA,0,3113653
rcsBp2,0.5,1,1,GGACAAGTCGTCCCTATCCA,0,3105831
rcsBp2,0.5,1,1,GGACAAACGTGGGCATTCTG,0,3108729
rcsBp2,0.5,1,1,GGAAGGTTAAAAAGAGGACC,0,3085320
rcsBp2,0.5,1,1,GGAAGGTGAGTGATCGAGCC,0,3102685
rcsBp2,0.5,1,1,GGAAGCGTTAAGGCGGCGCT,0,3075670
rcsBp2,0.5,1,1,GGAAGCGCGTGGCGGTCCAG,0,3099684
rcsBp2,0.5,1,1,GGAAATCGCGCCCCCCGGAC,0,3105219
rcsBp2,0.5,1,1,GGAAATAACCTGTATAGTAC,0,3086160
rcsBp2,0.5,1,1,GGAAACGGGTACTGGCATCT,0,3086257
rcsBp2,0.5,1,1,GCTTTTAGGATGGGCCGATT,0,3077795
rcsBp2,0.5,1,1,GCTTTGTAGTAGTGGGTTAG,0,3083339
rcsBp2,0.5,1,1,GCTTCGGTGCCATTCGGCAT,0,3099069
rcsBp2,0.5,1,1,GCTTCCTTTGTCGGAATGGG,0,3083138
rcsBp2,0.5,1,1,GCTTCCGCTTTCCGCGCAAG,0,3091263
rcsBp2,0.5,1,1,GCTTCAACTTGTGGCCATAA,0,3103997
rcsBp2,0.5,1,1,GCTTACCTAAATTGTCCAGT,0,3095729
rcsBp2,0.5,1,1,GCTGTATCGTTGAAAACTTA,0,3083607
rcsBp2,0.5,1,1,GCTGTAATCAGTATTAGATT,0,3084597
rcsBp2,0.5,1,1,GCTGTAACTGGTTGCATACA,0,3110931
rcsBp2,0.5,1,1,GCTGTAAAGCTGTCGAAGGA,0,3089423
rcsBp2,0.5,1,1,GCTGGCACGACTGCCGGAAC,0,3085613
rcsBp2,0.5,1,1,GCTGCTGCCAAGAAGTTCCT,0,3122722
rcsBp2,0.5,1,1,GCTGCGCGGCACTTCCCATA,0,3101468
rcsBp2,0.5,1,1,GCTGCCAGCGGGTTTGGGCA,0,3074316
rcsBp2,0.5,1,1,GCTGAATACCTCCTATCGGC,0,3117520
rcsBp2,0.5,1,1,GCTCTTTTATTACTGCCATT,0,3097556
rcsBp2,0.5,1,1,GCTCTTGATACTAACACGTA,0,3074695
rcsBp2,0.5,1,1,GCTCTCAGAGGGTGAATAGA,0,3081959
rcsBp2,0.5,1,1,GCTCTAGATAAATGACATTG,0,3118397
rcsBp2,0.5,1,1,GCTCGAGCCTATAGATATGC,0,3096103
rcsBp2,0.5,1,1,GCTCAGGAAGAGCTCCCAAC,0,3089555
rcsBp2,0.5,1,1,GCTCACATTCTCAATGCTCT,0,3120448
rcsBp2,0.5,1,1,GCTCACATCGTCCTCCGGAT,0,3116052
rcsBp2,0.5,1,1,GCTCAAGACTGGATAGGCCG,0,3074690
rcsBp2,0.5,1,1,GCTCAAAGAAGATCATTTAG,0,3122266
rcsBp2,0.5,1,1,GCTACGGGGAATTTAGCAAG,0,3091712
rcsBp2,0.5,1,1,GCTAAGATGGGTTGGTCTCC,0,3121241
rcsBp2,0.5,1,1,GCTAACTACGGGACTACGGT,0,3121930
rcsBp2,0.5,1,1,GCTAACCATTACAACCACAT,0,3092810
rcsBp2,0.5,1,1,GCTAAATGCGTTAGCATGTA,0,3105764
rcsBp2,0.5,1,1,GCTAAACGTCCCTAGTGCAG,0,3100135
rcsBp2,0.5,1,1,GCGTTGTTATGCAGGGCTCA,0,3121433
rcsBp2,0.5,1,1,GCGTTAGTATTAATTAATCC,0,3073781
rcsBp2,0.5,1,1,GCGTTACACGTTAGCATTTA,0,3100044
rcsBp2,0.5,1,1,GCGTCCTGATTACCGGTCCC,0,3103679
rcsBp2,0.5,1,1,GCGTCCCGCGGTTAGCCTAA,0,3106409
rcsBp2,0.5,1,1,GCGGGTTTGAAGCCGGCCAA,0,3122966
rcsBp2,0.5,1,1,GCGGGGGTCCGCAGACGGTA,0,3075504
rcsBp2,0.5,1,1,GCGGGGCACACTTCCACCAT,0,3090907
rcsBp2,0.5,1,1,GCGGGAAACGGAGGCTAAGT,0,3101731
rcsBp2,0.5,1,1,GCGGCTCAGCAACTGTAAAA,0,3084217
rcsBp2,0.5,1,1,GCGGCGCCATACTGTCACAA,0,3088991
rcsBp2,0.5,1,1,GCGGCATACGAAGCTAATGT,0,3078243
rcsBp2,0.5,1,1,GCGGAGGAGAAGTTTAACGT,0,3112553
rcsBp2,0.5,1,1,GCGGAAACGCTCTACAATCG,0,3083263
rcsBp2,0.5,1,1,GCGCTGGTATACGTTCATTT,0,3111282
rcsBp2,0.5,1,1,GCGCTCTAGGTTTCCAGGAT,0,3105767
rcsBp2,0.5,1,1,GCGCGATTGTGCTCCTGTTA,0,3077355
rcsBp2,0.5,1,1,GCGCCGAATAAGTGTGCAGA,0,3119633
rcsBp2,0.5,1,1,GCGCCCCTTGTCGCACGTTG,0,3091613
rcsBp2,0.5,1,1,GCGCCCCAACTTATACTCGA,0,3109606
rcsBp2,0.5,1,1,GCGATAGTATTGGCGCGCGC,0,3097959
rcsBp2,0.5,1,1,GCGATAGGAGTGCGACAACC,0,3092222
rcsBp2,0.5,1,1,GCGAGAGGAAGATCCATCCT,0,3099921
rcsBp2,0.5,1,1,GCGACTCGACTTGCGGGGTG,0,3113523
rcsBp2,0.5,1,1,GCGACATAGTTGCTAGAGTG,0,3088604
rcsBp2,0.5,1,1,GCCTTTACAATGATCGGGAT,0,3106444
rcsBp2,0.5,1,1,GCCTTCTTAGCGTAACCGAG,0,3100240
rcsBp2,0.5,1,1,GCCTGTGCGGCCGAAATTGC,0,3101982
rcsBp2,0.5,1,1,GCCTGGGTTTGTGGAACTGC,0,3104541
rcsBp2,0.5,1,1,GCCTCTCTTTTAGCTAATTT,0,3122309
rcsBp2,0.5,1,1,GCCTAGTGACGAAAAATAAT,0,3088478
rcsBp2,0.5,1,1,GCCTAAAGATCCGATAGACT,0,3081596
rcsBp2,0.5,1,1,GCCGTGTTTCCTCGATTAGA,0,3090568
rcsBp2,0.5,1,1,GCCGTCGGGCAAGGGAGGTT,0,3110576
rcsBp2,0.5,1,1,GCCGTCAGCGTTGAGTCCAT,0,3079518
rcsBp2,0.5,1,1,GCCGTAGGGATGGGCGATTC,0,3104474
rcsBp2,0.5,1,1,GCCGGCGCTTCTGGTCACGT,0,3116123
rcsBp2,0.5,1,1,GCCGCTTAGACACCTTGGAC,0,3084882
rcsBp2,0.5,1,1,GCCGCTCAACCAAAATCGTT,0,3092680
rcsBp2,0.5,1,1,GCCGCGCCTAAAGCTGAAGT,0,3122343
rcsBp2,0.5,1,1,GCCGCCCACCAGCTGACGTG,0,3096134
rcsBp2,0.5,1,1,GCCGCCATTGCCAGACAGCT,0,3121401
rcsBp2,0.5,1,1,GCCGCCAGTTGCGTAGCACA,0,3103151
rcsBp2,0.5,1,1,GCCGATAGGGCGATACACCC,0,3096908
rcsBp2,0.5,1,1,GCCCTCGGCCCTCGCCATTT,0,3121762
rcsBp2,0.5,1,1,GCCCTATGGACCCACTTTCT,0,3102927
rcsBp2,0.5,1,1,GCCCTAGTTGGACGAGGGCA,0,3112050
rcsBp2,0.5,1,1,GCCCGCCGACGCTGTATACT,0,3116490
rcsBp2,0.5,1,1,GCCCCCACGACGGCGTCCGT,0,3093879
rcsBp2,0.5,1,1,GCCCATACCACATCCCCAAA,0,3097394
rcsBp2,0.5,1,1,GCCCAGCCATGGCGTACAAG,0,3086050
rcsBp2,0.5,1,1,GCCCACCTGGTCGCCCTTAG,0,3106227
rcsBp2,0.5,1,1,GCCAGGGGAACTGACAGGAA,0,3084667
rcsBp2,0.5,1,1,GCCAGCTCTTACACACCGGG,0,3081920
rcsBp2,0.5,1,1,GCCACGCCGTACCCGATGAA,0,3117415
rcsBp2,0.5,1,1,GCCACACTGGCCTTCCCTCT,0,3087453
rcsBp2,0.5,1,1,GCCAAGAGTCTATAGTTCGG,0,3082213
rcsBp2,0.5,1,1,GCCAACTTCAGTGTAGAAAC,0,3098577
rcsBp2,0.5,1,1,GCCAAATCAATAAGTAGCTA,0,3116823
rcsBp2,0.5,1,1,GCCAAACCCTTCTTCGTCAG,0,3113526
rcsBp2,0.5,1,1,GCATTAGGAAAATCTCTCTT,0,3074369
rcsBp2,0.5,1,1,GCATGTATTCCAGAGAGAGC,0,3087963
rcsBp2,0.5,1,1,GCATGAATCGTCCGCGACTA,0,3120071
rcsBp2,0.5,1,1,GCATCCCCGTCCAAAATCTA,0,3091666
rcsBp2,0.5,1,1,GCATAGGCACTCAATGGACC,0,3112749
rcsBp2,0.5,1,1,GCAGTCTGTGAATACCTGGA,0,3110700
rcsBp2,0.5,1,1,GCAGGTCATGGTTGTATGTT,0,3120764
rcsBp2,0.5,1,1,GCAGGGGATTAGGGAATAAA,0,3081211
rcsBp2,0.5,1,1,GCAGGAAGGATAGTGATGCG,0,3102411
rcsBp2,0.5,1,1,GCAGCTTGCCATAGGGCCGC,0,3117328
rcsBp2,0.5,1,1,GCAGATTTTGGTAGGGATAC,0,3093565
rcsBp2,0.5,1,1,GCAGACGCGAGAAGCCAATA,0,3105805
rcsBp2,0.5,1,1,GCACTCGCCAGACTTATACT,0,3108012
rcsBp2,0.5,1,1,GCACGAGAACTCTTTCGACA,0,3116268
rcsBp2,0.5,1,1,GCACAAGAATAGGATTGGTA,0,3085970
rcsBp2,0.5,1,1,GCAATTTTTATTTCATACTA,0,3081983
rcsBp2,0.5,1,1,GCAATCCAAGACAAACATGC,0,3115318
rcsBp2,0.5,1,1,GCAATAGTTCCAGGAAAATT,0,3098187
rcsBp2,0.5,1,1,GCAAGTATGACGCGGCCAGG,0,3108754
rcsBp2,0.5,1,1,GCAAGGCGCGAGCACGCGTG,0,3087099
rcsBp2,0.5,1,1,GCAAGCTAGTAAATGCTTGG,0,3109347
rcsBp2,0.5,1,1,GCAACGAATTATTTTATACT,0,3089926
rcsBp2,0.5,1,1,GCAACCCTCACCCCTTTGCA,0,3081102
rcsBp2,0.5,1,1,GCAAATAGAAGCAGGGAGCA,0,3098714
rcsBp2,0.5,1,1,GCAAACGCGTCCCTAGCCAA,0,3081698
rcsBp2,0.5,1,1,GATTTTGGTTTTTCACGGGA,0,3086102
rcsBp2,0.5,1,1,GATTTGATCGGATGAGCAGT,0,3081833
rcsBp2,0.5,1,1,GATTTGACGAGAAATCGTGT,0,3106336
rcsBp2,0.5,1,1,GATTTACCCGAAAGTGATGT,0,3122117
rcsBp2,0.5,1,1,GATTGGCTTATGCAGAACCT,0,3084438
rcsBp2,0.5,1,1,GATTGAAGGTCATGTTTTGC,0,3088679
rcsBp2,0.5,1,1,GATTCGGTCGATTCATAAAA,0,3075497
rcsBp2,0.5,1,1,GATTCGGAGAGCGCGTGCTG,0,3114279
rcsBp2,0.5,1,1,GATTCAATCATTCCAGTAGG,0,3092005
rcsBp2,0.5,1,1,GATTATAAAAAATAGAGCAA,0,3111697
rcsBp2,0.5,1,1,GATTAATGCCGGGCCTGGGT,0,3086023
rcsBp2,0.5,1,1,GATTAATCCATGTTCGCCTC,0,3116105
rcsBp2,0.5,1,1,GATGTCATGGGGTCTTAGGC,0,3111840
rcsBp2,0.5,1,1,GATGTACTCGGTTAGCATTT,0,3100486
rcsBp2,0.5,1,1,GATGGGAACTAACCACAGCC,0,3094364
rcsBp2,0.5,1,1,GATGCTCGCTATCGTCACAC,0,3080549
rcsBp2,0.5,1,1,GATGACTGACGCATTTTTGC,0,3085865
rcsBp2,0.5,1,1,GATCTTTGTCTCGCAGTCCG,0,3110641
rcsBp2,0.5,1,1,GATCTTAAGCAGGGGTGTAA,0,3074035
rcsBp2,0.5,1,1,GATCTACTCGCAAAGCTGTG,0,3107521
rcsBp2,0.5,1,1,GATCCCGTACTTCGAGAGTT,0,3092429
rcsBp2,0.5,1,1,GATCAACGTCTCAACGTTAT,0,3093681
rcsBp2,0.5,1,1,GATATCCAACACAATATAGT,0,3076665
rcsBp2,0.5,1,1,GATATACGGTGCGCACGTGA,0,3121337
rcsBp2,0.5,1,1,GATAGTCTATCTCAAATGCC,0,3122578
rcsBp2,0.5,1,1,GATAGGCCGAGAAGTTTCTT,0,3105394
rcsBp2,0.5,1,1,GATAGGACACAAAATATCTG,0,3077769
rcsBp2,0.5,1,1,GATAAATTCACGCCACCATT,0,3106579
rcsBp2,0.5,1,1,GAGTTGCACTGGTAAATCAG,0,3084336
rcsBp2,0.5,1,1,GAGTTGATTTGCAATCTTTT,0,3102111
rcsBp2,0.5,1,1,GAGTTCCTCAATCTGATTAT,0,3102839
rcsBp2,0.5,1,1,GAGTGTATAAGGTATCGGCC,0,3079531
rcsBp2,0.5,1,1,GAGTCTTTATGGTCACCTGC,0,3086947
rcsBp2,0.5,1,1,GAGTCATCCTGTCGTGGTGG,0,3104050
rcsBp2,0.5,1,1,GAGTAGAGGTCAGTTTTTGC,0,3107415
rcsBp2,0.5,1,1,GAGTACGCAGTAGTGATCGA,0,3087492
rcsBp2,0.5,1,1,GAGGTGCCATTTTGTAACTC,0,3108717
rcsBp2,0.5,1,1,GAGGTAGAATGACGTGTAGT,0,3093238
rcsBp2,0.5,1,1,GAGGGTTATAAGAGTCTCGC,0,3121247
rcsBp2,0.5,1,1,GAGGCTAGCCACGTACCAAA,0,3108418
rcsBp2,0.5,1,1,GAGGAATAGGCGTGCCTCAC,0,3081006
rcsBp2,0.5,1,1,GAGCTCTCGCTTTGAAGTCA,0,3080487
rcsBp2,0.5,1,1,GAGCGGAGGGTTGTTGAACG,0,3085768
rcsBp2,0.5,1,1,GAGCCTTACGATCACCGGTG,0,3091960
rcsBp2,0.5,1,1,GAGCCTCCAGCTTATAGCAA,0,3089868
rcsBp2,0.5,1,1,GAGCCTATGTCGAGTTACTA,0,3082530
rcsBp2,0.5,1,1,GAGCCATTGATTGTACTTCT,0,3107506
rcsBp2,0.5,1,1,GAGCATGAGGTGGACCCTTC,0,3089718
rcsBp2,0.5,1,1,GAGCACGAGTAATTACTGCT,0,3119682
rcsBp2,0.5,1,1,GAGATCTTATCGACTTAAGT,0,3100651
rcsBp2,0.5,1,1,GAGATCTGCAACCAATCCGA,0,3106998
rcsBp2,0.5,1,1,GAGAGGGCTTTACATTAGTC,0,3088338
rcsBp2,0.5,1,1,GACTTTCCAAGTTGTTACTT,0,3100940
rcsBp2,0.5,1,1,GACTCTCAATGTTAACTTAG,0,3077958
rcsBp2,0.5,1,1,GACTCACTTTTAGGATATGG,0,3103040
rcsBp2,0.5,1,1,GACTAGGCCTGTTTACTCAA,0,3110448
rcsBp2,0.5,1,1,GACTACACTGAAGTAAAATA,0,3095279
rcsBp2,0.5,1,1,GACGGCGCTTACCGGGACCT,0,3122042
rcsBp2,0.5,1,1,GACGCGCAGAGTTCGAACGG,0,3092380
rcsBp2,0.5,1,1,GACGAGGTGGTCGGCTTTTA,0,3077570
rcsBp2,0.5,1,1,GACGAGCCGCCCCGTGAACG,0,3122947
rcsBp2,0.5,1,1,GACGAACCGGACGTGTTTGA,0,3114463
rcsBp2,0.5,1,1,GACCTTTTGGCTACACTCAG,0,3116198
rcsBp2,0.5,1,1,GACCGACTGTATCCCGCCAC,0,3098042
rcsBp2,0.5,1,1,GACCAGGAAAGGAAGACGCA,0,3121560
rcsBp2,0.5,1,1,GACCAGCGCTTTCATAACCT,0,3083598
rcsBp2,0.5,1,1,GACAGGGTGATCCGGTAGGG,0,3105328
rcsBp2,0.5,1,1,GACACTAGGAGTCTAGGTTG,0,3080553
rcsBp2,0.5,1,1,GACACGACAAAATCGTCAAA,0,3095127
rcsBp2,0.5,1,1,GACAATTCGGACAAACTGAT,0,3086025
rcsBp2,0.5,1,1,GACAACTGGGTCCGGTTAAG,0,3113406
rcsBp2,0.5,1,1,GACAACACAGAGACATGTTG,0,3086989
rcsBp2,0.5,1,1,GAATGTTGACGGTGGTGGGA,0,3096693
rcsBp2,0.5,1,1,GAATGACTGTCGGATGAGGG,0,3077165
rcsBp2,0.5,1,1,GAATGAATCCTGCAGCCGGG,0,3101856
rcsBp2,0.5,1,1,GAATCAGCCAAAAATGGGCA,0,3077322
rcsBp2,0.5,1,1,GAATATGTTACGATATCCGA,0,3080638
rcsBp2,0.5,1,1,GAATAGATTCGCACGGAATA,0,3114948
rcsBp2,0.5,1,1,GAATAAAAGTGACATATCAT,0,3115366
rcsBp2,0.5,1,1,GAAGTTTCCTTTATGCAAGA,0,3121970
rcsBp2,0.5,1,1,GAAGTTAGACTGGACGACTG,0,3121619
rcsBp2,0.5,1,1,GAAGTGAGGATTGAGACCTC,0,3096148
rcsBp2,0.5,1,1,GAAGTAGACGGGATACCGAG,0,3074655
rcsBp2,0.5,1,1,GAAGGTGTTGTGCTACACTT,0,3118103
rcsBp2,0.5,1,1,GAAGGCAGGCATCGTGGTTT,0,3085853
rcsBp2,0.5,1,1,GAAGGCAAACAAAACAGTCG,0,3121879
rcsBp2,0.5,1,1,GAAGGAGCTATATCAGGCAG,0,3116974
rcsBp2,0.5,1,1,GAAGCGAGAGAATGAGCTAC,0,3111410
rcsBp2,0.5,1,1,GAACTTTGCGCACTGTCTAG,0,3080733
rcsBp2,0.5,1,1,GAACGTTAGGTCGCACTACG,0,3108406
rcsBp2,0.5,1,1,GAACGTCTCACGTCGGGATG,0,3116317
rcsBp2,0.5,1,1,GAACCGGGGCCTTTCTGCAC,0,3101552
rcsBp2,0.5,1,1,GAACACGGCCGACGGTTACT,0,3114673
rcsBp2,0.5,1,1,GAAATTTTACGCGGTTTACC,0,3091675
rcsBp2,0.5,1,1,GAAACTGCCCCCCGTCCGCT,0,3091539
rcsBp2,0.5,1,1,GAAACGAGCAAGATCTAAAT,0,3092219
rcsBp2,0.5,1,1,GAAAAGGTTATTGTACATAG,0,3075611
rcsBp2,0.5,1,1,GAAAACTGTAGAATTCGGTC,0,3119915
rcsBp2,0.5,1,1,GAAAAATGCTTCTTGGAGAC,0,3116749
rcsBp2,0.5,1,1,GAAAAATGCATTCTATTAGC,0,3077220
rcsBp2,0.5,1,1,CTTTGCCTTGTGTCGATAAG,0,3101301
rcsBp2,0.5,1,1,CTTTCTAGAGAGTTTCCGAC,0,3074831
rcsBp2,0.5,1,1,CTTTCATCCCAAACGGTGCC,0,3097880
rcsBp2,0.5,1,1,CTTTATTGAGTGAATTTTGC,0,3103056
rcsBp2,0.5,1,1,CTTTAGTAGGGTTGATAGCA,0,3075229
rcsBp2,0.5,1,1,CTTTAGCGTAATGCGCGGGG,0,3093426
rcsBp2,0.5,1,1,CTTGGGTCCTGAGGCGTGGT,0,3117359
rcsBp2,0.5,1,1,CTTGGGCCTTTCCAAGCCCA,0,3095135
rcsBp2,0.5,1,1,CTTGCCCGTTCAGGTACGCA,0,3108467
rcsBp2,0.5,1,1,CTTGACGAATCACGGTTTCA,0,3078994
rcsBp2,0.5,1,1,CTTCGTGAAGGGCGACTGCC,0,3079274
rcsBp2,0.5,1,1,CTTCGGCCCTTCGTAGAGTC,0,3094581
rcsBp2,0.5,1,1,CTTCGCAATTGTTATTTTTT,0,3121327
rcsBp2,0.5,1,1,CTTCCGTTGACGAAGAATTT,0,3103440
rcsBp2,0.5,1,1,CTTCCCGCGCCGGTATGTCT,0,3113279
rcsBp2,0.5,1,1,CTTCATTCCCACCGATCGAA,0,3108008
rcsBp2,0.5,1,1,CTTCATGGAGGCAAGTAATC,0,3091214
rcsBp2,0.5,1,1,CTTCACTCGTCCTGTCCGAT,0,3077327
rcsBp2,0.5,1,1,CTTACAAGTGTAATATGAGT,0,3101453
rcsBp2,0.5,1,1,CTTAAGGGTAGCCATTGACA,0,3118987
rcsBp2,0.5,1,1,CTTAACTTGGAGGAGGGCGG,0,3074749
rcsBp2,0.5,1,1,CTGTTTGGAAAATCAATATG,0,3085875
rcsBp2,0.5,1,1,CTGTTGGCACTCAGCGGAGC,0,3111215
rcsBp2,0.5,1,1,CTGTTCCCGGTAAGATGGCA,0,3096924
rcsBp2,0.5,1,1,CTGTGTCGCAGGGTCGGGGT,0,3083058
rcsBp2,0.5,1,1,CTGTGCCAGGTCTTACTGGA,0,3088310
rcsBp2,0.5,1,1,CTGTGATAATTAATCAACTG,0,3119307
rcsBp2,0.5,1,1,CTGTCCAGGAAGATGAGGGG,0,3091376
rcsBp2,0.5,1,1,CTGGTTCCCTCCTCGACTAA,0,3109761
rcsBp2,0.5,1,1,CTGGTTAACGCAAGATCGTT,0,3088966
rcsBp2,0.5,1,1,CTGGTGTAGGTTTGGCTGTT,0,3083315
rcsBp2,0.5,1,1,CTGGTATTCACAACGAGGTT,0,3098241
rcsBp2,0.5,1,1,CTGGGCGGTGATACCACGCA,0,3084957
rcsBp2,0.5,1,1,CTGGATGGGTTGGATGGAAG,0,3122249
rcsBp2,0.5,1,1,CTGGACATCCCTTCGTATGT,0,3110224
rcsBp2,0.5,1,1,CTGCTCATTCGCTTTTAGGG,0,3117216
rcsBp2,0.5,1,1,CTGCTAGATACAGGATATCG,0,3090702
rcsBp2,0.5,1,1,CTGCCATCCTCGCGAGCCCA,0,3085911
rcsBp2,0.5,1,1,CTGCCAATCTCATTAATGAT,0,3092165
rcsBp2,0.5,1,1,CTGCCAAGGCTGAAATCCGC,0,3115029
rcsBp2,0.5,1,1,CTGCATTCGGTAGTCGGACG,0,3108166
rcsBp2,0.5,1,1,CTGCAGTAGGCATCGCTAGT,0,3086547
rcsBp2,0.5,1,1,CTGCAACGAGGAAATTCGAC,0,3077574
rcsBp2,0.5,1,1,CTGAGCAATCCAAAGCAAAC,0,3084733
rcsBp2,0.5,1,1,CTGAACTGCGTCTAGGTTTG,0,3108676
rcsBp2,0.5,1,1,CTCTTGCCAACTCGGCATAG,0,3108764
rcsBp2,0.5,1,1,CTCTGAAGGGCTACGTGCTA,0,3104978
rcsBp2,0.5,1,1,CTCTCCTCCAGTGATACTGG,0,3096746
rcsBp2,0.5,1,1,CTCTACAGATGCACCGTGAT,0,3096974
rcsBp2,0.5,1,1,CTCGTTTGAGTTTCCAAGGT,0,3109713
rcsBp2,0.5,1,1,CTCGTCAGTGTTACCTGATA,0,3087809
rcsBp2,0.5,1,1,CTCGGATTAATAACTCTTGC,0,3079864
rcsBp2,0.5,1,1,CTCGCCGTGCTTGACATTAT,0,3096973
rcsBp2,0.5,1,1,CTCGAGTTCATGGTTCCTTC,0,3098652
rcsBp2,0.5,1,1,CTCCTCCACCCAGATGACCA,0,3090065
rcsBp2,0.5,1,1,CTCCGTGCTGCACATGGAGC,0,3088102
rcsBp2,0.5,1,1,CTCCCTACCTGGGGATCCTC,0,3104783
rcsBp2,0.5,1,1,CTCCCATCACTCTTCAATGA,0,3079637
rcsBp2,0.5,1,1,CTCATGTAATGGAGCATATA,0,3089575
rcsBp2,0.5,1,1,CTCATGACTGCAGTCGGTCA,0,3080177
rcsBp2,0.5,1,1,CTCAGCGTTAATCCGCTTTT,0,3092231
rcsBp2,0.5,1,1,CTCACATTAAGTGAACAACC,0,3101142
rcsBp2,0.5,1,1,CTCAATGGTAAGCTATAGGA,0,3121303
rcsBp2,0.5,1,1,CTATTCGGGCAGTGTCGGCA,0,3086550
rcsBp2,0.5,1,1,CTATGTCTCTCCTAAGGGAA,0,3080115
rcsBp2,0.5,1,1,CTATCTAGTGTTGTAAGTGT,0,3111068
rcsBp2,0.5,1,1,CTATCATTCCTTACCGCCCG,0,3104108
rcsBp2,0.5,1,1,CTATAGTGTCACCGCTGGCA,0,3093075
rcsBp2,0.5,1,1,CTATACATCTACAGATAATT,0,3099098
rcsBp2,0.5,1,1,CTAGTTGTTCCTGGTAGCAT,0,3121678
rcsBp2,0.5,1,1,CTAGTGTTAAGGGACAACCC,0,3081196
rcsBp2,0.5,1,1,CTAGTCAGATAGACTTCTCA,0,3088041
rcsBp2,0.5,1,1,CTAGGCTCCGGAATTGTAGC,0,3084306
rcsBp2,0.5,1,1,CTAGGACGTTGATCCCGAGG,0,3099512
rcsBp2,0.5,1,1,CTAGCGACGCTCAAACTTTT,0,3078288
rcsBp2,0.5,1,1,CTAGCGAAGTTCACCGCATC,0,3113474
rcsBp2,0.5,1,1,CTAGAGTCTTGCATTTCGTT,0,3086140
rcsBp2,0.5,1,1,CTAGAGCTCGCCATATGGTT,0,3088890
rcsBp2,0.5,1,1,CTACTCAATAGGAGCTGAAG,0,3108158
rcsBp2,0.5,1,1,CTACCTGCAATTTGATCCTT,0,3120109
rcsBp2,0.5,1,1,CTACCACTGATTCACTAATC,0,3116766
rcsBp2,0.5,1,1,CTAATGGAACCCTCTTCTTG,0,3099712
rcsBp2,0.5,1,1,CTAAGGAGGACAATGTATAG,0,3075968
rcsBp2,0.5,1,1,CTAACCGGGGAAACTGGCAA,0,3109925
rcsBp2,0.5,1,1,CTAAATAGAGAGATCAAAGA,0,3082946
rcsBp2,0.5,1,1,CTAAAACTAGCACTTTCGCT,0,3077295
rcsBp2,0.5,1,1,CGTTTTCTTCTCCAATATCA,0,3119315
rcsBp2,0.5,1,1,CGTTTACGTCGGCGAAGTGC,0,3089453
rcsBp2,0.5,1,1,CGTTGGAAATTAGTCCAAGA,0,3085722
rcsBp2,0.5,1,1,CGTTGCAGGTCTTTAGTGGC,0,3115067
rcsBp2,0.5,1,1,CGTTCTATCGTGCGCTTCGC,0,3100129
rcsBp2,0.5,1,1,CGTTATTCACTTCGGATAGG,0,3100033
rcsBp2,0.5,1,1,CGTTAGTTATCCACATCTGT,0,3104428
rcsBp2,0.5,1,1,CGTTACCGCCGATTCGAACG,0,3098211
rcsBp2,0.5,1,1,CGTGGCTCGGCAGGACCTGG,0,3100618
rcsBp2,0.5,1,1,CGTGCGGTGTAGGAAGGTAT,0,3087289
rcsBp2,0.5,1,1,CGTGCCCCGCGAAAACCTTC,0,3075963
rcsBp2,0.5,1,1,CGTGCACACTATGGGCGGCA,0,3079585
rcsBp2,0.5,1,1,CGTGCAAATAAGGTGACGAC,0,3113712
rcsBp2,0.5,1,1,CGTGAACTTGGGGCTTATTT,0,3077113
rcsBp2,0.5,1,1,CGTCTAAATTCGAGTTAGGT,0,3078036
rcsBp2,0.5,1,1,CGTCGTAGGCACCATCCCTC,0,3107524
rcsBp2,0.5,1,1,CGTCGCCCTAAGACCATCTA,0,3079884
rcsBp2,0.5,1,1,CGTCAGGAACTTGTGGCTGA,0,3094922
rcsBp2,0.5,1,1,CGTATTTGGGACATAAACCA,0,3119779
rcsBp2,0.5,1,1,CGTATTTCCCCTTTTCAGGA,0,3079589
rcsBp2,0.5,1,1,CGTATTGAGGTCATAGGGTA,0,3117839
rcsBp2,0.5,1,1,CGTATCGGATTGCTCTTGAA,0,3101714
rcsBp2,0.5,1,1,CGTATCGCGATCAGTACGGG,0,3104671
rcsBp2,0.5,1,1,CGTATCCTGGCCCGCTCTGG,0,3117768
rcsBp2,0.5,1,1,CGTATATCTTCCGTCCAACC,0,3110815
rcsBp2,0.5,1,1,CGTAGATAGCGACTCATCAC,0,3088401
rcsBp2,0.5,1,1,CGTAGAGCTGTACCCACAAT,0,3117020
rcsBp2,0.5,1,1,CGTACGATGGCCCGGGGAAA,0,3086438
rcsBp2,0.5,1,1,CGTAACGTATCTGACACGAT,0,3110810
rcsBp2,0.5,1,1,CGTAAAAATAGTCGCTACCC,0,3096979
rcsBp2,0.5,1,1,CGGTTTGTCGAACTCGCGAG,0,3097205
rcsBp2,0.5,1,1,CGGTGTAGGTACCAGCAACC,0,3080860
rcsBp2,0.5,1,1,CGGTGGCCATGTTTAGACCC,0,3101601
rcsBp2,0.5,1,1,CGGTCCTGATAGTATATCTT,0,3104803
rcsBp2,0.5,1,1,CGGTCAACACGAGCACTTTT,0,3076888
rcsBp2,0.5,1,1,CGGTATTTGTCAGCGTCAAA,0,3119872
rcsBp2,0.5,1,1,CGGTATCCCCCGTTTAGCTC,0,3090391
rcsBp2,0.5,1,1,CGGTAGTTACTTGATAGATC,0,3095520
rcsBp2,0.5,1,1,CGGGTTATTCCCGTAAGTAC,0,3107700
rcsBp2,0.5,1,1,CGGGTGCCTCACCACCGTTG,0,3103490
rcsBp2,0.5,1,1,CGGGGGATCTTGAAAGAAAA,0,3075782
rcsBp2,0.5,1,1,CGGGCGACGGCACATGATAT,0,3102527
rcsBp2,0.5,1,1,CGGGCATGAAGACACTGGGA,0,3076630
rcsBp2,0.5,1,1,CGGCTTCAGTCGGGCACAAG,0,3112581
rcsBp2,0.5,1,1,CGGCTCGGGTTAACATCTTC,0,3097114
rcsBp2,0.5,1,1,CGGCTATGGTGAGGCACTAG,0,3093312
rcsBp2,0.5,1,1,CGGCGGTCATCTTGTCAGCC,0,3086206
rcsBp2,0.5,1,1,CGGCGGGGTATTGTTTTCTG,0,3092679
rcsBp2,0.5,1,1,CGGCGCTGTAGCGCCAAAAC,0,3093233
rcsBp2,0.5,1,1,CGGCGCGCCAGCTCACCAGT,0,3076198
rcsBp2,0.5,1,1,CGGCCACAAACGAAGCCGAC,0,3087669
rcsBp2,0.5,1,1,CGGATTCGAGCAGGCCTCGC,0,3107565
rcsBp2,0.5,1,1,CGGATGCTGGGTAATATGGA,0,3092397
rcsBp2,0.5,1,1,CGGATGCTCGGGATCTAGGA,0,3092226
rcsBp2,0.5,1,1,CGGATCCGGTAGACCGTAGA,0,3089434
rcsBp2,0.5,1,1,CGGATCAAGTTCGCGTGGGT,0,3103182
rcsBp2,0.5,1,1,CGGATATTACCAGTACTTCG,0,3101443
rcsBp2,0.5,1,1,CGGATAATTGTCGAAATATT,0,3084755
rcsBp2,0.5,1,1,CGGACTTCTCATGGCACGCG,0,3076764
rcsBp2,0.5,1,1,CGGACGTCCCCGCGTCGCAG,0,3101948
rcsBp2,0.5,1,1,CGGACGTCACGTTTGGCCTG,0,3109366
rcsBp2,0.5,1,1,CGGACGCATCCTAGTGACGC,0,3108560
rcsBp2,0.5,1,1,CGGACCCCACTCATGAACGT,0,3079258
rcsBp2,0.5,1,1,CGGACAGGACGGCACTCGAA,0,3120086
rcsBp2,0.5,1,1,CGCTTGTATGGGGCTTCATG,0,3117000
rcsBp2,0.5,1,1,CGCTGACATAATGGACTTGG,0,3107229
rcsBp2,0.5,1,1,CGCTCGTCGGTGTAAGATCA,0,3104537
rcsBp2,0.5,1,1,CGCTCGATGATCCAACTAAA,0,3117597
rcsBp2,0.5,1,1,CGCTATTGCGCGCAGTATAT,0,3115212
rcsBp2,0.5,1,1,CGCTAGCCAAGGCTACGCAG,0,3096085
rcsBp2,0.5,1,1,CGCTAAAAGGATAATTTGAC,0,3120387
rcsBp2,0.5,1,1,CGCGTGGTAAAACGGAAGCG,0,3120854
rcsBp2,0.5,1,1,CGCGTGAAACGCGTAAGGTA,0,3111477
rcsBp2,0.5,1,1,CGCGCGAACTGCCTCGCGTA,0,3102989
rcsBp2,0.5,1,1,CGCGCCATACCTGCTAATAG,0,3095619
rcsBp2,0.5,1,1,CGCGCAATAGGGTCTGGGGC,0,3109067
rcsBp2,0.5,1,1,CGCGAGTCGAGGCGAGGTGT,0,3122489
rcsBp2,0.5,1,1,CGCGACAAAATCTACACGGT,0,3098866
rcsBp2,0.5,1,1,CGCCTGTAGACGTCTTCCCA,0,3077462
rcsBp2,0.5,1,1,CGCCTACCCTCGGGACTGCC,0,3078711
rcsBp2,0.5,1,1,CGCCGAGAAAATGCCAAGGT,0,3100890
rcsBp2,0.5,1,1,CGCCAAATCGCCATGTGATT,0,3108269
rcsBp2,0.5,1,1,CGCATTGTATTACACACAGT,0,3087003
rcsBp2,0.5,1,1,CGCATTCTAGGCTGACATGA,0,3093548
rcsBp2,0.5,1,1,CGCATGTACGCCGGCCGGAT,0,3097020
rcsBp2,0.5,1,1,CGCATGCAAATCATGAGCCA,0,3084001
rcsBp2,0.5,1,1,CGCATGAGGCGATCGGAGGA,0,3093855
rcsBp2,0.5,1,1,CGCAGTGAAACCTGCCATCT,0,3078733
rcsBp2,0.5,1,1,CGCAGTCCTGGTTCGCTTGA,0,3109763
rcsBp2,0.5,1,1,CGCAGGTGTTTCACTCAATC,0,3122397
rcsBp2,0.5,1,1,CGCAGCGGATCTATTTCTGA,0,3083522
rcsBp2,0.5,1,1,CGCAGATTCTATCTCAGTAG,0,3121831
rcsBp2,0.5,1,1,CGCAGAACATGCTCTGCAAT,0,3093236
rcsBp2,0.5,1,1,CGCACAAGGGTAGTCGGGGC,0,3095253
rcsBp2,0.5,1,1,CGCACAAGGGACCGCTACAC,0,3103722
rcsBp2,0.5,1,1,CGCAAACAGGGTCCATACCG,0,3107483
rcsBp2,0.5,1,1,CGATTTTTGGTCGATCTTCG,0,3083199
rcsBp2,0.5,1,1,CGATGCTCTGGGACGCCTGG,0,3100402
rcsBp2,0.5,1,1,CGATGCTCGTAAGCCCGAAT,0,3092368
rcsBp2,0.5,1,1,CGATATCCTATTCGTCCTGG,0,3115160
rcsBp2,0.5,1,1,CGATAGAAAAGTAGTCCTCG,0,3118297
rcsBp2,0.5,1,1,CGATACTCCCTGAGTTCACA,0,3077278
rcsBp2,0.5,1,1,CGATACATCCGCAGATAGTC,0,3095783
rcsBp2,0.5,1,1,CGATAACGAGTGGGAAGCGC,0,3091586
rcsBp2,0.5,1,1,CGAGTTGATGCACCGAGCCA,0,3098293
rcsBp2,0.5,1,1,CGAGTGGGACGCCCGGCAGT,0,3100373
rcsBp2,0.5,1,1,CGAGTAAGATCTCTTTCATC,0,3102601
rcsBp2,0.5,1,1,CGAGGGCAAACCACCGGGCT,0,3109942
rcsBp2,0.5,1,1,CGAGGCCCCTGGGAGCTGGC,0,3088980
rcsBp2,0.5,1,1,CGAGCAACACAAGAGTATAG,0,3074477
rcsBp2,0.5,1,1,CGAGAGTTGAGCAACCATGA,0,3080981
rcsBp2,0.5,1,1,CGAGACTGGGACCGGTAGGT,0,3080749
rcsBp2,0.5,1,1,CGAGACCGATCTGAGTCGGT,0,3096232
rcsBp2,0.5,1,1,CGAGACATGTAGAGATGGAA,0,3102885
rcsBp2,0.5,1,1,CGAGAAGTGCAACATTCTCC,0,3093614
rcsBp2,0.5,1,1,CGACGTATTCACGAGGTTGT,0,3117860
rcsBp2,0.5,1,1,CGACGGTCAACACTCCATGA,0,3104728
rcsBp2,0.5,1,1,CGACGGAGGTCTCACGGAGC,0,3082416
rcsBp2,0.5,1,1,CGACCGCTGGAAAGTTAGGG,0,3085414
rcsBp2,0.5,1,1,CGACCCTGACTCGTCTTGAT,0,3108027
rcsBp2,0.5,1,1,CGACATATGGCCGACGCGGC,0,3088782
rcsBp2,0.5,1,1,CGACATATGCCTGGAATCAT,0,3115122
rcsBp2,0.5,1,1,CGACACCATTGCGCCTCTCG,0,3115863
rcsBp2,0.5,1,1,CGAATTGTGCTGTGCCAGTC,0,3088703
rcsBp2,0.5,1,1,CGAACGAGCTACCCTCGAAA,0,3090164
rcsBp2,0.5,1,1,CGAACCCTAATGCTTCTTAC,0,3101145
rcsBp2,0.5,1,1,CGAACCCCTACATTAACCTT,0,3077162
rcsBp2,0.5,1,1,CGAAACGTAAATTTTCAGCT,0,3105399
rcsBp2,0.5,1,1,CCTTTTCTTCCCCTTTATAC,0,3122840
rcsBp2,0.5,1,1,CCTTTGATGCGAAGGGTAAC,0,3074151
rcsBp2,0.5,1,1,CCTTTAGTACACTCGGCCCT,0,3109904
rcsBp2,0.5,1,1,CCTTGGGTATTATTTTTTTA,0,3097402
rcsBp2,0.5,1,1,CCTTGGGACACTCCAGTAAA,0,3084541
rcsBp2,0.5,1,1,CCTTGCTCGGACTTGTCGCC,0,3082516
rcsBp2,0.5,1,1,CCTTCAGGCAGCCGGCTGCC,0,3102928
rcsBp2,0.5,1,1,CCTTCACAATTTCCTATTGT,0,3101671
rcsBp2,0.5,1,1,CCTTCAACGAGCCGTTTTAT,0,3080312
rcsBp2,0.5,1,1,CCTTATCCCCAGGCCCTGTG,0,3117528
rcsBp2,0.5,1,1,CCTGTTGCCTTCTGTTTTTT,0,3107817
rcsBp2,0.5,1,1,CCTGTTGATGCGCGTTCTCA,0,3076499
rcsBp2,0.5,1,1,CCTGGGAGAAGGATCCCCCG,0,3078785
rcsBp2,0.5,1,1,CCTGCTCAGGGAGACCAACT,0,3083181
rcsBp2,0.5,1,1,CCTGCTACAAACGTTAGGTT,0,3112389
rcsBp2,0.5,1,1,CCTGCGCTCGCAATCCGGCT,0,3103052
rcsBp2,0.5,1,1,CCTGCGATGGTGTGTAAATG,0,3080217
rcsBp2,0.5,1,1,CCTGATAAGCCGTTCTAGAC,0,3122411
rcsBp2,0.5,1,1,CCTGAAGACGCATCCGTGAT,0,3102350
rcsBp2,0.5,1,1,CCTCTAATCTCAGAAGAAAC,0,3101662
rcsBp2,0.5,1,1,CCTCGCTGGTCGGGACGTTT,0,3111695
rcsBp2,0.5,1,1,CCTCCGTCAAGTAATCCTAA,0,3097732
rcsBp2,0.5,1,1,CCTCCAGAAAGATGTGGTAA,0,3084819
rcsBp2,0.5,1,1,CCTCATTTATACCGCCCCAC,0,3118262
rcsBp2,0.5,1,1,CCTCATAAGTACGACAGGTC,0,3100147
rcsBp2,0.5,1,1,CCTATGGGTTGCTTCTCACG,0,3096482
rcsBp2,0.5,1,1,CCTAGTGTTTCACACTGAGG,0,3079985
rcsBp2,0.5,1,1,CCTAGTCGTTCTATTTATAA,0,3092316
rcsBp2,0.5,1,1,CCTAGGTCGGAGTTGGTCCT,0,3119838
rcsBp2,0.5,1,1,CCTAGGGAAATCGGAGCGCC,0,3122218
rcsBp2,0.5,1,1,CCTACGGATCTTCGGGGATC,0,3101567
rcsBp2,0.5,1,1,CCTACAGTGCATCTAACGCA,0,3115315
rcsBp2,0.5,1,1,CCTACACTGCGCCAGCCTTT,0,3094879
rcsBp2,0.5,1,1,CCTAACCACTCCCGTCAGTC,0,3091638
rcsBp2,0.5,1,1,CCGTTTAAAGTCAGTCACGG,0,3121977
rcsBp2,0.5,1,1,CCGTTGCGCATCAGGAAGTC,0,3116808
rcsBp2,0.5,1,1,CCGTGGTAAGCAGAAGCCAT,0,3120926
rcsBp2,0.5,1,1,CCGTGACTAAATAAGGAAAT,0,3087280
rcsBp2,0.5,1,1,CCGTCTACATTTCGGTGGGT,0,3074203
rcsBp2,0.5,1,1,CCGTCGGATTTGGGATCGTG,0,3091418
rcsBp2,0.5,1,1,CCGTCCTGGACCGTTGGGCT,0,3081829
rcsBp2,0.5,1,1,CCGTCATACACGTTATTAAA,0,3119316
rcsBp2,0.5,1,1,CCGTAGGCATTCGTTTAGAT,0,3101707
rcsBp2,0.5,1,1,CCGTACCTGGACACTTACTA,0,3076474
rcsBp2,0.5,1,1,CCGTAATCGTATCAGAGTCG,0,3084916
rcsBp2,0.5,1,1,CCGGTCTGTTCCTTCCAAGT,0,3102015
rcsBp2,0.5,1,1,CCGGCTCGAACCTGATACTT,0,3087160
rcsBp2,0.5,1,1,CCGGCAGCACTTGAATTCGG,0,3089675
rcsBp2,0.5,1,1,CCGGAGTGGACTTCGGATCT,0,3091536
rcsBp2,0.5,1,1,CCGGACGATGGTTCGGGACG,0,3099171
rcsBp2,0.5,1,1,CCGGAAGTACTGGACTACGG,0,3099004
rcsBp2,0.5,1,1,CCGGAAATTCAAGAGCCTCA,0,3084394
rcsBp2,0.5,1,1,CCGCTTGTCGAATGGTATGG,0,3104533
rcsBp2,0.5,1,1,CCGCTTCGATTCATTACGAG,0,3075745
rcsBp2,0.5,1,1,CCGCTGCGAACAAATCGCCG,0,3121992
rcsBp2,0.5,1,1,CCGCTCTCAGATTATTTCTG,0,3085393
rcsBp2,0.5,1,1,CCGCTCGAGTACATCTAAGT,0,3093895
rcsBp2,0.5,1,1,CCGCTCAGGTGCTTAACAAG,0,3111586
rcsBp2,0.5,1,1,CCGCTATGAACGTCACGCAC,0,3074414
rcsBp2,0.5,1,1,CCGCTACCGACCCGAGTTGA,0,3082383
rcsBp2,0.5,1,1,CCGCGATTGGACATAAGAGA,0,3115831
rcsBp2,0.5,1,1,CCGCCCGTTTACAAATATTA,0,3107780
rcsBp2,0.5,1,1,CCGCCCCCAAGCTCTGTCAC,0,3095960
rcsBp2,0.5,1,1,CCGCCAAAAGTAGACTGCAG,0,3094307
rcsBp2,0.5,1,1,CCGATTCACGAGATGCCATC,0,3105047
rcsBp2,0.5,1,1,CCGATGTTGTTAGCTTGGGT,0,3085984
rcsBp2,0.5,1,1,CCGAGTATACGATTGCACAG,0,3088000
rcsBp2,0.5,1,1,CCGACAGTGAACCTCTAGGA,0,3095785
rcsBp2,0.5,1,1,CCCTTCTGATATTTGTGGGT,0,3110935
rcsBp2,0.5,1,1,CCCTGAGCTTTGGAAAGCAG,0,3100437
rcsBp2,0.5,1,1,CCCTCGTTTAAATGCCGTGT,0,3087646
rcsBp2,0.5,1,1,CCCTCAGGCTCCGTAAAAGT,0,3122538
rcsBp2,0.5,1,1,CCCTCAGGACAGCATACCTT,0,3085164
rcsBp2,0.5,1,1,CCCTAAGATTCAGAGGTTAA,0,3074674
rcsBp2,0.5,1,1,CCCGTTTGTGACCGATTGAT,0,3114336
rcsBp2,0.5,1,1,CCCGCAATCGTTCAGTATCT,0,3085397
rcsBp2,0.5,1,1,CCCCTGAATATGTTCCCGAG,0,3091010
rcsBp2,0.5,1,1,CCCCTCTCATCCTCTGAATG,0,3091645
rcsBp2,0.5,1,1,CCCCTCGGCGACTGTACCGT,0,3101670
rcsBp2,0.5,1,1,CCCCGCCCAGTAGGGTTTTT,0,3088730
rcsBp2,0.5,1,1,CCCCCCGAGTGGCAGTGCTT,0,3104001
rcsBp2,0.5,1,1,CCCCCATGGTAGCACTGAAC,0,3104478
rcsBp2,0.5,1,1,CCCCCAATAGAGGCGATGCC,0,3115385
rcsBp2,0.5,1,1,CCCCAGTATTGTTTAAGATT,0,3082844
rcsBp2,0.5,1,1,CCCCACCTCCACGGCGAATC,0,3115527
rcsBp2,0.5,1,1,CCCCACATCGTCAAGCTTTG,0,3077316
rcsBp2,0.5,1,1,CCCATCTACCGGGGTGCACG,0,3085587
rcsBp2,0.5,1,1,CCCATACTTGGACACTCTTC,0,3096967
rcsBp2,0.5,1,1,CCCAGCGGAACTGGTAATGT,0,3121329
rcsBp2,0.5,1,1,CCCAGACAAGGTTTCGGTGC,0,3100456
rcsBp2,0.5,1,1,CCCAATACACGGCCCACGGG,0,3097048
rcsBp2,0.5,1,1,CCCAAGGGCGTCACTCAGTT,0,3085947
rcsBp2,0.5,1,1,CCCAAGACCTGACAATCGCT,0,3116082
rcsBp2,0.5,1,1,CCCAAATAAATAGAAATATT,0,3080348
rcsBp2,0.5,1,1,CCATTTAGATCAACGCACCT,0,3118116
rcsBp2,0.5,1,1,CCATTGATAGCCAGAGGGTC,0,3075485
rcsBp2,0.5,1,1,CCATGTGGCTAGTTAAAGAA,0,3078458
rcsBp2,0.5,1,1,CCATGTGCACTGGCAACTTA,0,3099026
rcsBp2,0.5,1,1,CCATGGTTATTTCACCTTCG,0,3092288
rcsBp2,0.5,1,1,CCATCTGCGGCCTCGCGGTA,0,3121752
rcsBp2,0.5,1,1,CCATCGAAGAATGTCCTTAA,0,3105740
rcsBp2,0.5,1,1,CCATCCGCACGGAACTTTGG,0,3109664
rcsBp2,0.5,1,1,CCATACGTACGTCAGGGCTT,0,3115553
rcsBp2,0.5,1,1,CCAGGTCCGCCCCCCCCGTG,0,3080870
rcsBp2,0.5,1,1,CCAGGTAGACGGATTGGCCG,0,3088990
rcsBp2,0.5,1,1,CCAGGGCCGTTATAAGGATG,0,3117809
rcsBp2,0.5,1,1,CCAGCCTGGCTCTTGAGAAG,0,3091251
rcsBp2,0.5,1,1,CCAGATGGAACATCAGTGGG,0,3077616
rcsBp2,0.5,1,1,CCAGACTCACGGAGATACAT,0,3120284
rcsBp2,0.5,1,1,CCAGAACCTTTCGCCGTCCA,0,3099117
rcsBp2,0.5,1,1,CCACGTCCTTTAGTCAATTA,0,3110926
rcsBp2,0.5,1,1,CCACGTATTTGGCACGACGG,0,3082051
rcsBp2,0.5,1,1,CCACGTATCAGGGGACGTAT,0,3103011
rcsBp2,0.5,1,1,CCACGCGTAGGGGGCCATCG,0,3083013
rcsBp2,0.5,1,1,CCACCGAATTGGAAGCATCC,0,3100474
rcsBp2,0.5,1,1,CCACCAGCAATTGCAAATCA,0,3087123
rcsBp2,0.5,1,1,CCACATTAGGTTACGCTTCA,0,3106236
rcsBp2,0.5,1,1,CCACATACGTTGGCTTTGCA,0,3088790
rcsBp2,0.5,1,1,CCACAGTGTAGGTCATGTGT,0,3118812
rcsBp2,0.5,1,1,CCAAGCCTTATGCATCGGTT,0,3097270
rcsBp2,0.5,1,1,CCAACACGGGAGAACAATTG,0,3074361
rcsBp2,0.5,1,1,CCAAACTTACAGCCAAAGTG,0,3096220
rcsBp2,0.5,1,1,CATTTTGGTTGCCCACCATA,0,3089804
rcsBp2,0.5,1,1,CATTTGTGGTGACAGCTCAC,0,3080928
rcsBp2,0.5,1,1,CATTTACTCGGTCGTCAAAC,0,3100758
rcsBp2,0.5,1,1,CATTGTCGCACGGTCCTGTT,0,3090737
rcsBp2,0.5,1,1,CATTCTGAAGGTGCGCAAAC,0,3106719
rcsBp2,0.5,1,1,CATTCGTCTTGCGATTATCA,0,3092612
rcsBp2,0.5,1,1,CATTCGCTCAAGTGGCCGTT,0,3115025
rcsBp2,0.5,1,1,CATTCAGACTATTAAGAATA,0,3085193
rcsBp2,0.5,1,1,CATTAGAAGAATCCAATAGA,0,3080691
rcsBp2,0.5,1,1,CATTACATTGAGGACGAAGG,0,3094115
rcsBp2,0.5,1,1,CATTAAGAAGCTCGTTTTCT,0,3079415
rcsBp2,0.5,1,1,CATTAAACCCGGAACCAGTA,0,3119505
rcsBp2,0.5,1,1,CATGGGGTTAGAACTCATCA,0,3081391
rcsBp2,0.5,1,1,CATGGGGTACGATCATCGTG,0,3121769
rcsBp2,0.5,1,1,CATGGCTCAGAACGTGGTCT,0,3101916
rcsBp2,0.5,1,1,CATGCTCCGTCTAGGCGGTC,0,3107501
rcsBp2,0.5,1,1,CATGCTAAAGCTGCATGGTC,0,3089796
rcsBp2,0.5,1,1,CATGCGGACTCAGCCACGCG,0,3085843
rcsBp2,0.5,1,1,CATGCGCACTCGTCCAAGTA,0,3116746
rcsBp2,0.5,1,1,CATGACGAAACATAGTAACT,0,3108640
rcsBp2,0.5,1,1,CATCTTGGATAGAAGTTAGT,0,3103921
rcsBp2,0.5,1,1,CATCTGGTTCGAGCGTCCCT,0,3121681
rcsBp2,0.5,1,1,CATCTCCCATAAAAGCATTG,0,3109874
rcsBp2,0.5,1,1,CATCGGTCAATATGATCGCC,0,3074396
rcsBp2,0.5,1,1,CATCGGGATACTTCACACAG,0,3094380
rcsBp2,0.5,1,1,CATCATGCACTTTACTCGGC,0,3080412
rcsBp2,0.5,1,1,CATCAGATATATCCCGTCAC,0,3108023
rcsBp2,0.5,1,1,CATCAACGTATGCTAAGGGC,0,3103399
rcsBp2,0.5,1,1,CATATTACGATTCGACGTAT,0,3085296
rcsBp2,0.5,1,1,CATATAGGTGTATCCGTCAA,0,3089415
rcsBp2,0.5,1,1,CATATAGGAGAGGTCGATGT,0,3121207
rcsBp2,0.5,1,1,CATACGTTTGGTCCCCATCA,0,3110847
rcsBp2,0.5,1,1,CATACAGAGGAGTGCTCTGA,0,3076307
rcsBp2,0.5,1,1,CATAACTGAGTTGTAGCAAG,0,3100112
rcsBp2,0.5,1,1,CAGTTTTGGGCAATAATGAT,0,3102293
rcsBp2,0.5,1,1,CAGTTTCTAAAGTAATAATC,0,3121111
rcsBp2,0.5,1,1,CAGTTAACACAGCGGATTAT,0,3117985
rcsBp2,0.5,1,1,CAGTGTAGACCATGGGAGGA,0,3103203
rcsBp2,0.5,1,1,CAGTCGATCGAGTATAATTC,0,3095860
rcsBp2,0.5,1,1,CAGTCCGGTTCAGTTAGAAC,0,3077621
rcsBp2,0.5,1,1,CAGTATCTCATCTTAACCTT,0,3091095
rcsBp2,0.5,1,1,CAGGTGCGTTCATGCAAAAA,0,3110537
rcsBp2,0.5,1,1,CAGGTAGGGGCCTGAACGGA,0,3085784
rcsBp2,0.5,1,1,CAGGTACACGCACAATTTTT,0,3109966
rcsBp2,0.5,1,1,CAGGGATACGGGTAACAAGT,0,3081341
rcsBp2,0.5,1,1,CAGGCTTCGGGCCGTGACGT,0,3096332
rcsBp2,0.5,1,1,CAGGCTAGGCGCGTTTAAAT,0,3118047
rcsBp2,0.5,1,1,CAGGATGGGTAGATCAGGCA,0,3110050
rcsBp2,0.5,1,1,CAGCTTGTCTGGTATACTGA,0,3097551
rcsBp2,0.5,1,1,CAGCTTCGGGGATATTAGTT,0,3082276
rcsBp2,0.5,1,1,CAGCTCGGTTCCCTACCCGA,0,3095002
rcsBp2,0.5,1,1,CAGCCCAAATGTCGGCGGAA,0,3085945
rcsBp2,0.5,1,1,CAGCCAGTTTACCAGCTGAA,0,3107455
rcsBp2,0.5,1,1,CAGCATCCTGGATGCCCTTC,0,3093736
rcsBp2,0.5,1,1,CAGCAGGGCGTGGGCATGAG,0,3096734
rcsBp2,0.5,1,1,CAGATTCGACAAATAGATTG,0,3096889
rcsBp2,0.5,1,1,CAGATAGTGCACCACAAGTT,0,3079211
rcsBp2,0.5,1,1,CAGAACCCGGCATAAATAGA,0,3076225
rcsBp2,0.5,1,1,CAGAAAGACGGCCCAACCAA,0,3088545
rcsBp2,0.5,1,1,CACTTGTCGTCGTACAGGCT,0,3111905
rcsBp2,0.5,1,1,CACTTGGCTCGCGGTCTCCG,0,3113202
rcsBp2,0.5,1,1,CACTTGAGCTCGTAATATGA,0,3090148
rcsBp2,0.5,1,1,CACTTCTGACTAATTGTTCC,0,3080486
rcsBp2,0.5,1,1,CACTGTGCAGCTGCGTCGCA,0,3105300
rcsBp2,0.5,1,1,CACTGGAGGGCACGTTAGCG,0,3079238
rcsBp2,0.5,1,1,CACTGCAGGGTCACGCGAAT,0,3116446
rcsBp2,0.5,1,1,CACTGATACTCAGTTGGGAT,0,3108577
rcsBp2,0.5,1,1,CACTGAGCGTGACTTCATCG,0,3116784
rcsBp2,0.5,1,1,CACTCCAGGTAGATTTTTCG,0,3081467
rcsBp2,0.5,1,1,CACTCCACTCTATGGAGTAG,0,3109637
rcsBp2,0.5,1,1,CACTACTCAGCTTGGCTGCG,0,3109385
rcsBp2,0.5,1,1,CACGTTGCCTGGCCCAGGAA,0,3106295
rcsBp2,0.5,1,1,CACGTAAGTGGCTAGGGGGA,0,3092824
rcsBp2,0.5,1,1,CACGGTCAGTGTGGACAGGG,0,3093433
rcsBp2,0.5,1,1,CACGCTAGTATTTTCCGAGC,0,3094081
rcsBp2,0.5,1,1,CACGCTACGTGGCCCTCGAT,0,3076852
rcsBp2,0.5,1,1,CACGCGAGTTTGGCGCACCA,0,3088364
rcsBp2,0.5,1,1,CACGCCTAATCGCACGGTTA,0,3089900
rcsBp2,0.5,1,1,CACGCACCTTCCGAGAGATC,0,3100863
rcsBp2,0.5,1,1,CACGATTCGCGTAGGATACA,0,3077835
rcsBp2,0.5,1,1,CACCTCGTGATCATGGTTAG,0,3091096
rcsBp2,0.5,1,1,CACCGGAACGATATTTGGGT,0,3114396
rcsBp2,0.5,1,1,CACCATGTGCTATAATATGA,0,3110210
rcsBp2,0.5,1,1,CACCAGAGAGCTGCTCGGTG,0,3098525
rcsBp2,0.5,1,1,CACATCTTCCTTGTCCTTAG,0,3122326
rcsBp2,0.5,1,1,CACAGAATCTTGGCTCGATC,0,3073984
rcsBp2,0.5,1,1,CACACTGATTACCAGGTAAT,0,3112283
rcsBp2,0.5,1,1,CACACCGTATCGCGTTTAGT,0,3100784
rcsBp2,0.5,1,1,CACAAGATGGTCAAGAACAG,0,3091026
rcsBp2,0.5,1,1,CAATTTACCGTCACCCGGCT,0,3086805
rcsBp2,0.5,1,1,CAATTCATCCTTGGCCGAGA,0,3103593
rcsBp2,0.5,1,1,CAATGTTAGTAAAAGAAGGT,0,3085589
rcsBp2,0.5,1,1,CAATGACCACCCCGTATTGC,0,3081743
rcsBp2,0.5,1,1,CAATCTTCAATATTCTCCTC,0,3105372
rcsBp2,0.5,1,1,CAATACGTAAGGAGACTAGA,0,3095098
rcsBp2,0.5,1,1,CAATAAGTGGTCGTTCATTG,0,3090593
rcsBp2,0.5,1,1,CAAGTGGATGACGAGCCTAC,0,3106365
rcsBp2,0.5,1,1,CAAGTGATCAATTCGATCCA,0,3104945
rcsBp2,0.5,1,1,CAAGTCGCAGAGCGGGCTAG,0,3081075
rcsBp2,0.5,1,1,CAAGGTTTACATCAAACGAC,0,3110571
rcsBp2,0.5,1,1,CAAGGCTTAGAGAAGTACGG,0,3080529
rcsBp2,0.5,1,1,CAAGGATCCTTCGCTCAGTA,0,3110354
rcsBp2,0.5,1,1,CAAGGATATATCATCTGAAC,0,3111143
rcsBp2,0.5,1,1,CAAGCTTGATGGCCATCGTG,0,3107264
rcsBp2,0.5,1,1,CAAGACCCTCTCGGTTGCTG,0,3107073
rcsBp2,0.5,1,1,CAAGAAGCACCTACTGTGTC,0,3112931
rcsBp2,0.5,1,1,CAAGAAGAGGACCCAAAGCA,0,3095029
rcsBp2,0.5,1,1,CAACTTGCACCCCGGCATTA,0,3090789
rcsBp2,0.5,1,1,CAACTGCAGATCGCATGTTT,0,3097596
rcsBp2,0.5,1,1,CAACTGACAGGTTGGGGGTC,0,3112794
rcsBp2,0.5,1,1,CAACGTGACGGGATATCTGT,0,3103919
rcsBp2,0.5,1,1,CAACGAGGCTATAACGTAGG,0,3121068
rcsBp2,0.5,1,1,CAACCAGGTCAGGGGGTGAG,0,3112326
rcsBp2,0.5,1,1,CAAAGTCTACCCCAACCCAA,0,3106480
rcsBp2,0.5,1,1,CAAAGAGAATGAGACACTAG,0,3097814
rcsBp2,0.5,1,1,CAAAGACGAGGCCATCGGGG,0,3104201
rcsBp2,0.5,1,1,CAAACGAGCTATCCACAGGC,0,3084468
rcsBp2,0.5,1,1,CAAAATACAAATGGATCCGG,0,3100931
rcsBp2,0.5,1,1,CAAAACCCGATTAGTGGGTT,0,3105538
rcsBp2,0.5,1,1,CAAAAAGGTCATATAGGCTA,0,3099348
rcsBp2,0.5,1,1,ATTTTCATAGGAAGCGTATT,0,3114055
rcsBp2,0.5,1,1,ATTTGGGGGAAGCGACCCCT,0,3081015
rcsBp2,0.5,1,1,ATTTGCTTCGACCAAATTTG,0,3074622
rcsBp2,0.5,1,1,ATTTGCGTAACCATCAGTAG,0,3081594
rcsBp2,0.5,1,1,ATTTGAGGGACGAAGTGTAA,0,3075966
rcsBp2,0.5,1,1,ATTTCGACATAGTATCACTG,0,3087303
rcsBp2,0.5,1,1,ATTTCAACTAGCAAAACGGT,0,3096463
rcsBp2,0.5,1,1,ATTTACGGCATAGATCCGAT,0,3075016
rcsBp2,0.5,1,1,ATTTACCACGAACGGAAGAT,0,3086451
rcsBp2,0.5,1,1,ATTGTTGGGACACATGTTAG,0,3094645
rcsBp2,0.5,1,1,ATTGTCCCTTCGGTGAGAAT,0,3096174
rcsBp2,0.5,1,1,ATTGATGTGTTCAAAGCACT,0,3096589
rcsBp2,0.5,1,1,ATTGAGTTTTCTTCCGCAAA,0,3105992
rcsBp2,0.5,1,1,ATTGAGAAACGATCAAAGCT,0,3114580
rcsBp2,0.5,1,1,ATTCTTATACAATAGTCTTG,0,3121161
rcsBp2,0.5,1,1,ATTCTGCGAGTTTGTAGAAT,0,3090770
rcsBp2,0.5,1,1,ATTCTGAATGGCTACAGCGG,0,3110399
rcsBp2,0.5,1,1,ATTCGCCGTACGCGATCATG,0,3114415
rcsBp2,0.5,1,1,ATTCGAAAGGTCAATGATCT,0,3084476
rcsBp2,0.5,1,1,ATTCCCAAGTGGCTCATTTT,0,3080626
rcsBp2,0.5,1,1,ATTCAGTAACTCGAGTCCTC,0,3105404
rcsBp2,0.5,1,1,ATTCAGAGGCAAATAACTTG,0,3097323
rcsBp2,0.5,1,1,ATTATGTTGCTACTTTGAAG,0,3105037
rcsBp2,0.5,1,1,ATTATCTACTCGAGTGCCCT,0,3092633
rcsBp2,0.5,1,1,ATTATAGGGGACTCAGGGCG,0,3080857
rcsBp2,0.5,1,1,ATTAGTATCGCTAACGTGCC,0,3082438
rcsBp2,0.5,1,1,ATTAGAACCGATGCAGAGAT,0,3120828
rcsBp2,0.5,1,1,ATTACATGCACAGCCGAACC,0,3106500
rcsBp2,0.5,1,1,ATTAATGGTTCGATGTTGCA,0,3081731
rcsBp2,0.5,1,1,ATGTTGACTTGCTGATGCAT,0,3107915
rcsBp2,0.5,1,1,ATGTTCGTAGTAGTGATGCC,0,3078475
rcsBp2,0.5,1,1,ATGTGCAAACTGTCATTGGT,0,3105140
rcsBp2,0.5,1,1,ATGTGAACTCTGTGTGATCA,0,3086639
rcsBp2,0.5,1,1,ATGTCTGTATGTTCGTCTTA,0,3090797
rcsBp2,0.5,1,1,ATGTCGTCGTAATGCACGAT,0,3116555
rcsBp2,0.5,1,1,ATGTACGCGTAATAAAGTGC,0,3084502
rcsBp2,0.5,1,1,ATGTAATGCTAGTTTTCATC,0,3098337
rcsBp2,0.5,1,1,ATGTAAGTAGTCCCGTGCCT,0,3078545
rcsBp2,0.5,1,1,ATGGGTCCACGAGGCGAGCA,0,3075861
rcsBp2,0.5,1,1,ATGGGCGAACGTAAGAGTAT,0,3105868
rcsBp2,0.5,1,1,ATGGCGGATCCTCGGTAATA,0,3093632
rcsBp2,0.5,1,1,ATGGCCGCCCACGCCATTAC,0,3075175
rcsBp2,0.5,1,1,ATGGCCCGCCTCAGCGATGC,0,3099989
rcsBp2,0.5,1,1,ATGGCACTCAAGGAGCAACG,0,3091834
rcsBp2,0.5,1,1,ATGGAGGGAAAATACCAGGA,0,3103782
rcsBp2,0.5,1,1,ATGGACATGTGGACTCCATT,0,3098375
rcsBp2,0.5,1,1,ATGGAACAGGTTAGTCGATT,0,3114605
rcsBp2,0.5,1,1,ATGCTTGCATCGGACGTTCT,0,3108298
rcsBp2,0.5,1,1,ATGCTCTGCATATGTCTATG,0,3086774
rcsBp2,0.5,1,1,ATGCTATATTTAGGCCATTT,0,3108645
rcsBp2,0.5,1,1,ATGCGCCAGTTCGGCCGAGT,0,3110437
rcsBp2,0.5,1,1,ATGCGCATTATAAGACAGGT,0,3120954
rcsBp2,0.5,1,1,ATGCATGCATCGTGGAGCGT,0,3096928
rcsBp2,0.5,1,1,ATGCATAAGTACACCAATCT,0,3091471
rcsBp2,0.5,1,1,ATGATGTATATATATGGGGC,0,3118075
rcsBp2,0.5,1,1,ATGAGACGGCTGCAATATCG,0,3099986
rcsBp2,0.5,1,1,ATGACATTTAAGTATGTAGG,0,3107256
rcsBp2,0.5,1,1,ATGAAGCACGGCTGCGATTA,0,3075353
rcsBp2,0.5,1,1,ATGAAAGTAGGAGCGATGAA,0,3105403
rcsBp2,0.5,1,1,ATCTTTAGGGCGGGCTATTC,0,3091926
rcsBp2,0.5,1,1,ATCTGTTAAGATGCGGAGAA,0,3109353
rcsBp2,0.5,1,1,ATCTGTATCGGCTATCGATA,0,3113123
rcsBp2,0.5,1,1,ATCTGCTGCTTATAAAACAT,0,3099444
rcsBp2,0.5,1,1,ATCTGAGTGGAAAAGTCCCT,0,3074895
rcsBp2,0.5,1,1,ATCTGACCACAGCGGATTTA,0,3103721
rcsBp2,0.5,1,1,ATCTCCGGCCCGATTCTTCT,0,3075070
rcsBp2,0.5,1,1,ATCTCCCACGGGTCTGTTAG,0,3104340
rcsBp2,0.5,1,1,ATCTAGCGAGATGCACACGG,0,3095718
rcsBp2,0.5,1,1,ATCGTACTATGCTACAAATT,0,3075048
rcsBp2,0.5,1,1,ATCGGTAGTGCGTCGTTATT,0,3121594
rcsBp2,0.5,1,1,ATCGCTTAATAATCGGCTAT,0,3082714
rcsBp2,0.5,1,1,ATCGCGAAGGGCGTTCGGGT,0,3107218
rcsBp2,0.5,1,1,ATCGCACTTGTCGTATATGT,0,3113118
rcsBp2,0.5,1,1,ATCCTAACCCCGGTTGAGGT,0,3082915
rcsBp2,0.5,1,1,ATCCGTTGGCCCGCCGAGTC,0,3095617
rcsBp2,0.5,1,1,ATCCGGTGCGTGTCTAGAAA,0,3094392
rcsBp2,0.5,1,1,ATCCGAACTCAAATACGTTT,0,3102876
rcsBp2,0.5,1,1,ATCCCGAGGCCATGCCGGAG,0,3080060
rcsBp2,0.5,1,1,ATCCCCATCGCCAGTCGAAG,0,3112881
rcsBp2,0.5,1,1,ATCCACGGTGATTTGGGCAA,0,3074342
rcsBp2,0.5,1,1,ATCATTTAATGGCAAGGTCA,0,3101890
rcsBp2,0.5,1,1,ATCATCCATCAGTTCTGGCA,0,3082180
rcsBp2,0.5,1,1,ATCATACGTAGTCTGCCGAT,0,3087430
rcsBp2,0.5,1,1,ATCAGCATGGATTCGATCTC,0,3100351
rcsBp2,0.5,1,1,ATATGTGGTTAGGTGCCTCG,0,3114663
rcsBp2,0.5,1,1,ATATGGACTATAACAAGGCG,0,3112464
rcsBp2,0.5,1,1,ATATCTACTGACGGGGCTCT,0,3095905
rcsBp2,0.5,1,1,ATATCATCGCGGTCCGGCAA,0,3122280
rcsBp2,0.5,1,1,ATAGGGACTCTCGACCTCGA,0,3109098
rcsBp2,0.5,1,1,ATAGGCCTTGGATATAAAAC,0,3074243
rcsBp2,0.5,1,1,ATAGGACCCATGTATGAAGG,0,3104046
rcsBp2,0.5,1,1,ATAGATTACGCGACTTAGAG,0,3080898
rcsBp2,0.5,1,1,ATAGATAGGGCTGGCCATGG,0,3076518
rcsBp2,0.5,1,1,ATAGAGGGTAGGGCACCGGT,0,3121189
rcsBp2,0.5,1,1,ATAGAAATTTGGAATCGTCA,0,3108235
rcsBp2,0.5,1,1,ATACGGGCGCGGAGAATGCT,0,3101527
rcsBp2,0.5,1,1,ATACGAGTGGCTGGGGGACT,0,3096111
rcsBp2,0.5,1,1,ATACATTTGTTTGAACCGCA,0,3111341
rcsBp2,0.5,1,1,ATACACTACCGACATTCTGC,0,3118074
rcsBp2,0.5,1,1,ATACACAGAGTCCCGCGATC,0,3098982
rcsBp2,0.5,1,1,ATACAAACTGAGATGACAAT,0,3104078
rcsBp2,0.5,1,1,ATAAGTTCTCCTTATGCCGA,0,3085322
rcsBp2,0.5,1,1,ATAAGGCAGCGTGAAACTAC,0,3107401
rcsBp2,0.5,1,1,ATAACCTTGGCCAGTCCTCA,0,3103583
rcsBp2,0.5,1,1,ATAACCACGGACTTCTACTC,0,3083185
rcsBp2,0.5,1,1,ATAAATGGACTCTCCACCTA,0,3102813
rcsBp2,0.5,1,1,AGTTTTGTGTGGAGATGCCT,0,3095221
rcsBp2,0.5,1,1,AGTTGGATGAAAATCATGAG,0,3090930
rcsBp2,0.5,1,1,AGTTGGAACGGTATAGCAAC,0,3122822
rcsBp2,0.5,1,1,AGTTGAGAGAATCGAGTGGA,0,3114364
rcsBp2,0.5,1,1,AGTTAGCGCCTTGGACAAGC,0,3093502
rcsBp2,0.5,1,1,AGTGTCTCTTCACTTATAAT,0,3077424
rcsBp2,0.5,1,1,AGTGTCAACGAGGTTCATGT,0,3121330
rcsBp2,0.5,1,1,AGTGGGGTATTGCCTCGGGT,0,3088668
rcsBp2,0.5,1,1,AGTGCTATGTATGCAGGTTT,0,3103523
rcsBp2,0.5,1,1,AGTGATCTCGTTGAATTGGA,0,3088086
rcsBp2,0.5,1,1,AGTGAACGCCCGAGACCGTG,0,3113437
rcsBp2,0.5,1,1,AGTCTGGGGGACATCACTTA,0,3094753
rcsBp2,0.5,1,1,AGTCTGCGATGCCGGAATTG,0,3081415
rcsBp2,0.5,1,1,AGTCGGCGACACATCGAGGG,0,3094578
rcsBp2,0.5,1,1,AGTCGCTGCGAGCTACCAAT,0,3103641
rcsBp2,0.5,1,1,AGTCCCGGACGCACGAAATT,0,3111865
rcsBp2,0.5,1,1,AGTATTGTGTAGCAGAATAC,0,3117797
rcsBp2,0.5,1,1,AGTATTCCGGACTCTTGGCA,0,3104635
rcsBp2,0.5,1,1,AGTATCATGTTGCCATTGGT,0,3085581
rcsBp2,0.5,1,1,AGGTTGGTGCAACATGAAGC,0,3090956
rcsBp2,0.5,1,1,AGGTGCACTAGATAAACATC,0,3083161
rcsBp2,0.5,1,1,AGGTATTAAGAATCTTGATA,0,3118540
rcsBp2,0.5,1,1,AGGTATCCCGCTTGCACGGA,0,3115119
rcsBp2,0.5,1,1,AGGTAGAAAATTGAATGCCA,0,3090331
rcsBp2,0.5,1,1,AGGTAATTGTAAGATGCAAC,0,3100399
rcsBp2,0.5,1,1,AGGGTTCAGCGGTCAAGAGA,0,3103148
rcsBp2,0.5,1,1,AGGGTCACCCCAACAGGCAC,0,3116367
rcsBp2,0.5,1,1,AGGGGTAATAGCTGCAAGTC,0,3095423
rcsBp2,0.5,1,1,AGGGGAAAAAGACAGTCGGT,0,3083764
rcsBp2,0.5,1,1,AGGCTTTACGGACGTCTGCC,0,3086248
rcsBp2,0.5,1,1,AGGCTCCCATAATTACGGGA,0,3074605
rcsBp2,0.5,1,1,AGGCGTTTGTTACGATTTTG,0,3099298
rcsBp2,0.5,1,1,AGGCGTTTAAGCACGTCCAA,0,3115489
rcsBp2,0.5,1,1,AGGCGGGTCCTCAACAACCA,0,3103726
rcsBp2,0.5,1,1,AGGCGAGGGATACCGAGCGT,0,3103740
rcsBp2,0.5,1,1,AGGCGAGCGCTAACCTGTGT,0,3106184
rcsBp2,0.5,1,1,AGGCCTGTCGAGCCGCATAT,0,3110463
rcsBp2,0.5,1,1,AGGCCTACGCAGCACCGTGA,0,3077943
rcsBp2,0.5,1,1,AGGCACCGCTGTTGTAGAAA,0,3112274
rcsBp2,0.5,1,1,AGGCAAGTGCTCGTCTACTC,0,3081168
rcsBp2,0.5,1,1,AGGATTATTCCATACAATTA,0,3090745
rcsBp2,0.5,1,1,AGGATGGGCTTCCACGCTCC,0,3109300
rcsBp2,0.5,1,1,AGGATGATCTAGAACGGTTC,0,3075500
rcsBp2,0.5,1,1,AGGAGTCTTGCAGCGGAGCG,0,3100817
rcsBp2,0.5,1,1,AGGAGTCGTCTCAAGGCAAC,0,3109106
rcsBp2,0.5,1,1,AGGAGAAGTGCATGGGTCGT,0,3102961
rcsBp2,0.5,1,1,AGGACGGTCGTGTACTCAAG,0,3115118
rcsBp2,0.5,1,1,AGGACGGTCCAGGGTCAGTG,0,3112046
rcsBp2,0.5,1,1,AGGAATACTCGGCACTGCTG,0,3119733
rcsBp2,0.5,1,1,AGGAAGTGCGTTGGACTGAA,0,3109528
rcsBp2,0.5,1,1,AGGAACGTTGGGGTAAATCA,0,3120795
rcsBp2,0.5,1,1,AGCTGGGACTGCCAGTACAA,0,3118433
rcsBp2,0.5,1,1,AGCTGGATTCCATGTGTTGC,0,3085401
rcsBp2,0.5,1,1,AGCTCCCGGGCACCAAGCAA,0,3097524
rcsBp2,0.5,1,1,AGCTACTACAGGAGTATAGA,0,3075362
rcsBp2,0.5,1,1,AGCGGTGCCGCCCTTACTAC,0,3105062
rcsBp2,0.5,1,1,AGCGGATGAAATTAAATGAT,0,3112647
rcsBp2,0.5,1,1,AGCGATGCCGCACTACGGTA,0,3086390
rcsBp2,0.5,1,1,AGCGACCACTTACGCCCTGT,0,3105512
rcsBp2,0.5,1,1,AGCCTCCGGACGGCAGGCGA,0,3119686
rcsBp2,0.5,1,1,AGCCCAACGTAGTCTAACCA,0,3097888
rcsBp2,0.5,1,1,AGCCAGACCGGGCGCCCTTG,0,3080107
rcsBp2,0.5,1,1,AGCCAATAGTTAATAAAGAA,0,3107644
rcsBp2,0.5,1,1,AGCATGTCACAGCGCTCAAC,0,3095412
rcsBp2,0.5,1,1,AGCATGGACTAAAGGCTCCT,0,3075199
rcsBp2,0.5,1,1,AGCATAGCCGTTAAACAGTT,0,3083374
rcsBp2,0.5,1,1,AGCATACCCGGGGCTGCGGG,0,3092962
rcsBp2,0.5,1,1,AGCACTATTGCAAGAGCCAC,0,3098248
rcsBp2,0.5,1,1,AGCACCTCCTATTCCACTCC,0,3100624
rcsBp2,0.5,1,1,AGCAATCCTTTCTTATAGGG,0,3093764
rcsBp2,0.5,1,1,AGCAAGCGTTTATGCCCCGG,0,3109308
rcsBp2,0.5,1,1,AGCAACAAATCCGCAAACCC,0,3093671
rcsBp2,0.5,1,1,AGCAAACGGGTCAATGATAT,0,3077788
rcsBp2,0.5,1,1,AGATTTCCTATCTGTCTTCG,0,3112880
rcsBp2,0.5,1,1,AGATGTCTTACATGTCCCCG,0,3113791
rcsBp2,0.5,1,1,AGATGGTTTCGTCCAGGTTG,0,3098967
rcsBp2,0.5,1,1,AGATGCGTGTAACGAAAATA,0,3100338
rcsBp2,0.5,1,1,AGATGACTACTACAACTAGG,0,3120934
rcsBp2,0.5,1,1,AGATAGGCCGTTAAGCACCA,0,3115133
rcsBp2,0.5,1,1,AGATACACACGAAAACACAC,0,3094784
rcsBp2,0.5,1,1,AGAGGATATGGCACGATGGC,0,3098915
rcsBp2,0.5,1,1,AGAGCGTCGCGCATGGACAG,0,3118113
rcsBp2,0.5,1,1,AGAGCAAACTCGGTAAGTAA,0,3077848
rcsBp2,0.5,1,1,AGAGATTGGGCACCTTGGGG,0,3121675
rcsBp2,0.5,1,1,AGACTTGTACCGAGTGTGAC,0,3077729
rcsBp2,0.5,1,1,AGACGTACGGATGCTTGGAT,0,3081072
rcsBp2,0.5,1,1,AGACAGTGGCTTACGAATAA,0,3088550
rcsBp2,0.5,1,1,AGAATGTTAACGGGCGACAA,0,3081129
rcsBp2,0.5,1,1,AGAAGGTCACCTGCTCGAAT,0,3082701
rcsBp2,0.5,1,1,AGAAGCCCCCGTCCTGCAAT,0,3093010
rcsBp2,0.5,1,1,AGAAGACCTACTTTGTCACG,0,3088671
rcsBp2,0.5,1,1,AGAACTTACGAAATTGATGA,0,3088319
rcsBp2,0.5,1,1,AGAACCAAGCACCTTGCTGA,0,3095637
rcsBp2,0.5,1,1,AGAAATCTTCACCAAGTGGT,0,3114891
rcsBp2,0.5,1,1,ACTTTGTCTCATGTTTACTT,0,3078013
rcsBp2,0.5,1,1,ACTTTCCTTTTGTTTTTGTA,0,3111071
rcsBp2,0.5,1,1,ACTTTCCCGCAAGTGTCTCA,0,3088652
rcsBp2,0.5,1,1,ACTTTATACGATAACGGGGA,0,3107734
rcsBp2,0.5,1,1,ACTTGTTAATTTGAAACTTG,0,3112043
rcsBp2,0.5,1,1,ACTTGAAGAAGTTATGACCA,0,3092979
rcsBp2,0.5,1,1,ACTTCGTGGCGGTCGTGCCT,0,3095416
rcsBp2,0.5,1,1,ACTTCGTAGATACCGTGGAC,0,3116260
rcsBp2,0.5,1,1,ACTTCACTGGCAATTGAACT,0,3113612
rcsBp2,0.5,1,1,ACTTCAAGATGGAACGCGTC,0,3109907
rcsBp2,0.5,1,1,ACTTAGTCGGTTGATATCAA,0,3077414
rcsBp2,0.5,1,1,ACTGTTTCCAGGCAGGTCCC,0,3074061
rcsBp2,0.5,1,1,ACTGTTGCGCGTCAGTCTGT,0,3119698
rcsBp2,0.5,1,1,ACTGGTGAGTACTTTAAAGT,0,3104071
rcsBp2,0.5,1,1,ACTGGGCTAACGAAGATGAA,0,3079489
rcsBp2,0.5,1,1,ACTGGCTGGGAGACGGTAAG,0,3083455
rcsBp2,0.5,1,1,ACTGAGCGTGGCCGTGGGTC,0,3077837
rcsBp2,0.5,1,1,ACTGACGATCGGCTCGTTCC,0,3078330
rcsBp2,0.5,1,1,ACTGACCCGTATAGCACCAT,0,3102932
rcsBp2,0.5,1,1,ACTCGCGTATAGAGCAGTAA,0,3096985
rcsBp2,0.5,1,1,ACTCCCCTCGTAGAGTAGTT,0,3095175
rcsBp2,0.5,1,1,ACTCAAATGCGGGTAATGCC,0,3075073
rcsBp2,0.5,1,1,ACTATCGTCAGAGGGTAATG,0,3096344
rcsBp2,0.5,1,1,ACTATAATGCCTATCGGGGT,0,3095390
rcsBp2,0.5,1,1,ACTAGGTTGGTTACGCGAGA,0,3076698
rcsBp2,0.5,1,1,ACTAGGGACACACGGGGAAT,0,3087819
rcsBp2,0.5,1,1,ACTACCAAGTCTATGGAACA,0,3103445
rcsBp2,0.5,1,1,ACTACAGTCTTGGAACGAGT,0,3090046
rcsBp2,0.5,1,1,ACTAAACCAGGTCCTTCGTG,0,3081474
rcsBp2,0.5,1,1,ACGTGGACCTTAATTACAAA,0,3101667
rcsBp2,0.5,1,1,ACGTGCATCATAGTGGGAGT,0,3086760
rcsBp2,0.5,1,1,ACGTACGGATGGAATACAAA,0,3096511
rcsBp2,0.5,1,1,ACGTACATTTATACCGGAAT,0,3100778
rcsBp2,0.5,1,1,ACGGTCTGATGTCAGATGGC,0,3104345
rcsBp2,0.5,1,1,ACGGGTACGTCAGTTGACTC,0,3107343
rcsBp2,0.5,1,1,ACGGGCCGCCAGTGACGATC,0,3085043
rcsBp2,0.5,1,1,ACGGATTTAACCGATCGTAA,0,3088494
rcsBp2,0.5,1,1,ACGGAAATGATAGCTCGTTT,0,3082618
rcsBp2,0.5,1,1,ACGCTTAATTTCGATAGATT,0,3098748
rcsBp2,0.5,1,1,ACGCGGGCTGTGGAAATCGG,0,3080756
rcsBp2,0.5,1,1,ACGCGGCTACTATTCGGTGT,0,3097147
rcsBp2,0.5,1,1,ACGCGAGTGTGTGGGTTGAA,0,3104481
rcsBp2,0.5,1,1,ACGCCTGACCTTGGCCGGAC,0,3082344
rcsBp2,0.5,1,1,ACGCAGGCTCTAGGGTTAAG,0,3076096
rcsBp2,0.5,1,1,ACGCAGAATGTAAGAGGCTG,0,3122685
rcsBp2,0.5,1,1,ACGCACGAGCCTACGGGTTT,0,3092007
rcsBp2,0.5,1,1,ACGCACCTAGCGCCAGGGGT,0,3103361
rcsBp2,0.5,1,1,ACGATTGGTGTATGCATCGG,0,3078836
rcsBp2,0.5,1,1,ACGATGTTATCGACATCTTG,0,3084064
rcsBp2,0.5,1,1,ACGATGTGTTGATCTCGGAA,0,3120761
rcsBp2,0.5,1,1,ACGAGTCAATTAGTGCACGT,0,3076243
rcsBp2,0.5,1,1,ACGAGGGGCTTTTGACGTTT,0,3120550
rcsBp2,0.5,1,1,ACGAGAGGACAACTGGTTCT,0,3099722
rcsBp2,0.5,1,1,ACGACAGTTGCTTTTGGCCA,0,3108459
rcsBp2,0.5,1,1,ACGAATTGGGGCTCATTCTA,0,3091524
rcsBp2,0.5,1,1,ACGAAGACTCAAAATGTAGG,0,3122239
rcsBp2,0.5,1,1,ACGAACCCCGCCCGTCGCCT,0,3097854
rcsBp2,0.5,1,1,ACCTTCCTCAGACTGATTTA,0,3119778
rcsBp2,0.5,1,1,ACCTTACGGCGGCCGACCAA,0,3115875
rcsBp2,0.5,1,1,ACCTTAATTTTATGTGATGA,0,3103680
rcsBp2,0.5,1,1,ACCTGTGTGGGGGACTCTTT,0,3091661
rcsBp2,0.5,1,1,ACCTGATAGCTAGTACTCCA,0,3085878
rcsBp2,0.5,1,1,ACCTCGCCTCGACGCTCCGA,0,3112659
rcsBp2,0.5,1,1,ACCTCAGGCCGGGTCGAGGG,0,3101598
rcsBp2,0.5,1,1,ACCGCCCTCGGGCATGTGCT,0,3086557
rcsBp2,0.5,1,1,ACCGCACGCGTGGCTAGCTG,0,3111954
rcsBp2,0.5,1,1,ACCGCAAGGTAGTAGCTTAG,0,3076187
rcsBp2,0.5,1,1,ACCGACCTAATATCCAGGTG,0,3095828
rcsBp2,0.5,1,1,ACCCTCTTTTTCCCAAGGCA,0,3089157
rcsBp2,0.5,1,1,ACCCTATGATCAGTGAAAAG,0,3099455
rcsBp2,0.5,1,1,ACCCGGATGGTATCCCACGT,0,3106913
rcsBp2,0.5,1,1,ACCCGAAAAGTAAATTTGGG,0,3090394
rcsBp2,0.5,1,1,ACCCAGTCAGGCTTTATCGT,0,3100846
rcsBp2,0.5,1,1,ACCATGGGGAGCGATTTCAA,0,3105798
rcsBp2,0.5,1,1,ACCAGTTCGATCTGCTGTGA,0,3106925
rcsBp2,0.5,1,1,ACCAGCGGGTTATCTGGCTA,0,3083503
rcsBp2,0.5,1,1,ACCACACCTTAATTAATTGT,0,3100395
rcsBp2,0.5,1,1,ACCAATAACTCTCCGGTTTT,0,3076815
rcsBp2,0.5,1,1,ACATGAGGGAGCTAGTAGTG,0,3106102
rcsBp2,0.5,1,1,ACATCGCTCGGGGGATGTCT,0,3094469
rcsBp2,0.5,1,1,ACATACTATTTGGTCCATCA,0,3085279
rcsBp2,0.5,1,1,ACATACTATCGGCTAGTGTA,0,3116291
rcsBp2,0.5,1,1,ACAGTTATTTTTCGCCATTG,0,3122071
rcsBp2,0.5,1,1,ACAGTCTCTTACACGCGTGT,0,3088422
rcsBp2,0.5,1,1,ACAGTCAGGGTATAAATGAA,0,3120317
rcsBp2,0.5,1,1,ACAGTCAAGGCTACAAGTGC,0,3079091
rcsBp2,0.5,1,1,ACAGGCGTCCGGATGGTTGA,0,3084219
rcsBp2,0.5,1,1,ACAGGCGTCCCCGGCGAACA,0,3092727
rcsBp2,0.5,1,1,ACAGGCAGCCACATGGGATG,0,3122011
rcsBp2,0.5,1,1,ACAGGCAAGTAGCAATGACA,0,3088461
rcsBp2,0.5,1,1,ACAGCGAGGTCGGGCGATTC,0,3110683
rcsBp2,0.5,1,1,ACAGCCGCTACGCCCGTACA,0,3087478
rcsBp2,0.5,1,1,ACAGCACCACCCGTATCGCA,0,3088300
rcsBp2,0.5,1,1,ACAGAGAGCTATGGCTCCAC,0,3121333
rcsBp2,0.5,1,1,ACAGAAATGGCCAGGCTGAG,0,3111219
rcsBp2,0.5,1,1,ACACTGAATTGCGTGCCAGC,0,3090382
rcsBp2,0.5,1,1,ACACGTCAGTTCCTCCATAC,0,3105643
rcsBp2,0.5,1,1,ACACCTAGTGTCTATAATCG,0,3078528
rcsBp2,0.5,1,1,ACACCCAAGCGCTGTCGCCG,0,3118469
rcsBp2,0.5,1,1,ACACCATTCCTATATTCTTC,0,3119327
rcsBp2,0.5,1,1,ACACAACGTGCGTGCAAAAA,0,3115932
rcsBp2,0.5,1,1,ACAATAATGCTCGTAGGTTT,0,3102120
rcsBp2,0.5,1,1,ACAAGTTTATCATTATGGGT,0,3114718
rcsBp2,0.5,1,1,ACAAGAAGTGTTTCTGCCCC,0,3101734
rcsBp2,0.5,1,1,ACAACTAACAGATAGAGGGA,0,3115988
rcsBp2,0.5,1,1,AATTTTCGGGAGGGCGCCAC,0,3096146
rcsBp2,0.5,1,1,AATTTCGGGCAGCTTCCGTT,0,3111080
rcsBp2,0.5,1,1,AATTTAGGAGGGCGGCCAGT,0,3088376
rcsBp2,0.5,1,1,AATTCTGTGATAACCTCTCG,0,3098504
rcsBp2,0.5,1,1,AATTCGGCGGGGGATCGTTA,0,3117924
rcsBp2,0.5,1,1,AATTAGGGTGATCAGGCGAG,0,3090837
rcsBp2,0.5,1,1,AATGTGCTGCCGGTAAAGCA,0,3082121
rcsBp2,0.5,1,1,AATGGTGGGACATGGGTACT,0,3079456
rcsBp2,0.5,1,1,AATGGTGCGGTGGGACCCTC,0,3103091
rcsBp2,0.5,1,1,AATGGTAGCTCTGAAGATCC,0,3095108
rcsBp2,0.5,1,1,AATGGTACCTTCCATGTTCG,0,3102228
rcsBp2,0.5,1,1,AATGCTCACCCATCTCCCAT,0,3114642
rcsBp2,0.5,1,1,AATGCTAAAACTTTAGAACT,0,3117170
rcsBp2,0.5,1,1,AATGCGGATCCAGGCAAAAA,0,3109491
rcsBp2,0.5,1,1,AATGCAGTTCAGCCCCACCG,0,3118078
rcsBp2,0.5,1,1,AATGCAATTGGTTAGCCCAA,0,3107776
rcsBp2,0.5,1,1,AATGACGCTCCAAGATACTC,0,3108178
rcsBp2,0.5,1,1,AATCTGCGTCTGATTCGGGT,0,3121607
rcsBp2,0.5,1,1,AATCCATTTAGATGTCACAA,0,3115896
rcsBp2,0.5,1,1,AATCATGTAAGACCAAAGGA,0,3084413
rcsBp2,0.5,1,1,AATCATACAAGGGTACAACG,0,3113130
rcsBp2,0.5,1,1,AATCAAGCGCGGTGACATGC,0,3075357
rcsBp2,0.5,1,1,AATATACTTGCGGGGCTATT,0,3081722
rcsBp2,0.5,1,1,AATAGCGGCATTGCAACTGG,0,3084675
rcsBp2,0.5,1,1,AATAGATAACCCCCGTAATC,0,3075756
rcsBp2,0.5,1,1,AATAACTCCCCATCAACTTG,0,3100278
rcsBp2,0.5,1,1,AAGTTTCTTTCAGGGATAGA,0,3116201
rcsBp2,0.5,1,1,AAGTTGTCTCCCCGACTGGA,0,3111003
rcsBp2,0.5,1,1,AAGTGAGCGTCGGTAGCCCC,0,3113169
rcsBp2,0.5,1,1,AAGTCTACAGTGGCAATAGG,0,3120766
rcsBp2,0.5,1,1,AAGTCCGTCTACTGTTCTGA,0,3093261
rcsBp2,0.5,1,1,AAGTCCCCGGCGTTGTGGTG,0,3120249
rcsBp2,0.5,1,1,AAGTCCACGGCGATGGGTCG,0,3119521
rcsBp2,0.5,1,1,AAGTAAGCGCTGACGTAATA,0,3117318
rcsBp2,0.5,1,1,AAGGCCTTGAAATCGTTTGT,0,3095312
rcsBp2,0.5,1,1,AAGGACCGCACAGGGTCGAC,0,3094346
rcsBp2,0.5,1,1,AAGGAATTTCCGCGAATATT,0,3115485
rcsBp2,0.5,1,1,AAGCTTTGGAATATTCATAA,0,3076148
rcsBp2,0.5,1,1,AAGCTGGCATGGGAGCGCCC,0,3117311
rcsBp2,0.5,1,1,AAGCTCGGGGAAGCAGCGTA,0,3076077
rcsBp2,0.5,1,1,AAGCGGGTCCGGAGATTAAA,0,3083462
rcsBp2,0.5,1,1,AAGCCTGGCAAGCTGATAGA,0,3086617
rcsBp2,0.5,1,1,AAGCCATGAAGTTCCCTCAA,0,3079771
rcsBp2,0.5,1,1,AAGCATCCAGGGGAGTTGTT,0,3092152
rcsBp2,0.5,1,1,AAGCATAGGGACTCCGAAGA,0,3101586
rcsBp2,0.5,1,1,AAGCAGTTAGTGCCGGTCGG,0,3103129
rcsBp2,0.5,1,1,AAGATAGGGGGCCTGTTCAA,0,3108598
rcsBp2,0.5,1,1,AAGAGTCGCCTCTAGCGAGC,0,3120555
rcsBp2,0.5,1,1,AAGAGGGGCATGGTTATTTT,0,3079608
rcsBp2,0.5,1,1,AAGAGACAAGCACGAATCAT,0,3116567
rcsBp2,0.5,1,1,AAGACGAGATCGATAGGTAT,0,3109323
rcsBp2,0.5,1,1,AAGACCCAGGGGTCCCGTAC,0,3080381
rcsBp2,0.5,1,1,AAGAACACAGGTGCCCCGAC,0,3112869
rcsBp2,0.5,1,1,AACTTGTGGTCACCCGCGAC,0,3092750
rcsBp2,0.5,1,1,AACTTCGGTGTACATAGATA,0,3104491
rcsBp2,0.5,1,1,AACTTCGCAGGAGACAGCTC,0,3099358
rcsBp2,0.5,1,1,AACTGGAGACAAGATTTCGA,0,3118150
rcsBp2,0.5,1,1,AACTCGCTTACCTCATAACC,0,3116703
rcsBp2,0.5,1,1,AACTCGAGGGAGATCGAAGC,0,3075788
rcsBp2,0.5,1,1,AACGGTAAGGGCGGCTGGCT,0,3108044
rcsBp2,0.5,1,1,AACGGGGGACCCAATTAAAA,0,3112134
rcsBp2,0.5,1,1,AACGCTGGGAACTTTAGGCT,0,3081067
rcsBp2,0.5,1,1,AACGATGGGTAACGTGGACT,0,3074626
rcsBp2,0.5,1,1,AACGAGCCCTCGCTGGATCG,0,3101528
rcsBp2,0.5,1,1,AACGAACGACCCACGGTAAG,0,3111103
rcsBp2,0.5,1,1,AACGAACAGCATTCAAAACG,0,3092029
rcsBp2,0.5,1,1,AACCTGCATCCTTTGTCCAG,0,3106567
rcsBp2,0.5,1,1,AACCTACGGGATTTCAAGCT,0,3122876
rcsBp2,0.5,1,1,AACCGTCTTACATGGAAGTG,0,3112607
rcsBp2,0.5,1,1,AACCGCCGGTAGCCGTGGCC,0,3086175
rcsBp2,0.5,1,1,AACCGACGAAGCTCGCAGAA,0,3101853
rcsBp2,0.5,1,1,AACCCCGCAGACGGCAGGTA,0,3118396
rcsBp2,0.5,1,1,AACCCCCTAACAACTCAAGT,0,3093509
rcsBp2,0.5,1,1,AACCATACCTTTCTGTAGCG,0,3095305
rcsBp2,0.5,1,1,AACCACGCGGGCAGTAAGTG,0,3086112
rcsBp2,0.5,1,1,AACATTCAGGTGTGGTCGAA,0,3101705
rcsBp2,0.5,1,1,AACATGGAGTTAGGTTTACT,0,3083057
rcsBp2,0.5,1,1,AACATGCTGTCTACGAAATA,0,3097027
rcsBp2,0.5,1,1,AACATAAGGCGGACACAGTT,0,3083295
rcsBp2,0.5,1,1,AACAGGGACATGATAAAGCG,0,3103158
rcsBp2,0.5,1,1,AACAGATTCCGCTCCACTGT,0,3090580
rcsBp2,0.5,1,1,AACAGACCATTCATTCAACA,0,3095531
rcsBp2,0.5,1,1,AACACTTGACGCTAATGAAC,0,3112803
rcsBp2,0.5,1,1,AACACGCTTAGGTAAACATG,0,3076873
rcsBp2,0.5,1,1,AAATTTGACCCCTTCCGGAG,0,3113157
rcsBp2,0.5,1,1,AAATTGGTTGAATAGTAGGG,0,3102177
rcsBp2,0.5,1,1,AAATTGCTGGCCTTAAGTAG,0,3106015
rcsBp2,0.5,1,1,AAATTACTTCGGCCGCAAAT,0,3108968
rcsBp2,0.5,1,1,AAATGAAGGTTCGCAGCCGG,0,3108305
rcsBp2,0.5,1,1,AAATAGATAGCAGCTCGCGT,0,3100783
rcsBp2,0.5,1,1,AAATACGTCCCGCCAATAAC,0,3114395
rcsBp2,0.5,1,1,AAAGTTTCGCCGAATTGTTA,0,3120693
rcsBp2,0.5,1,1,AAAGTGACGATGCGTTCTGT,0,3105789
rcsBp2,0.5,1,1,AAAGGTATATACGGCTGAAG,0,3108272
rcsBp2,0.5,1,1,AAAGGGACACGTTTAATACG,0,3119922
rcsBp2,0.5,1,1,AAAGGAACCTGTCCGATCTT,0,3099886
rcsBp2,0.5,1,1,AAAGCTGTGAAGTTTCTAGT,0,3095957
rcsBp2,0.5,1,1,AAAGATTCTTATCTGAGTCG,0,3110301
rcsBp2,0.5,1,1,AAACTTAAGGTGACGCCCAC,0,3122698
rcsBp2,0.5,1,1,AAACTGAGATTTGCGTTCTA,0,3099257
rcsBp2,0.5,1,1,AAACTCGACAAGACAGTGGA,0,3107317
rcsBp2,0.5,1,1,AAACGGTGAATTGTTTACCG,0,3076287
rcsBp2,0.5,1,1,AAACGGGTTTCTGGTGATTA,0,3083674
rcsBp2,0.5,1,1,AAACCGGGAATTTGAAAATG,0,3120368
rcsBp2,0.5,1,1,AAACATCGCAGGTAGTCCGC,0,3085569
rcsBp2,0.5,1,1,AAAATTACCCTATGCCTGGC,0,3105694
rcsBp2,0.5,1,1,AAAATAAAGTGAAAAAACTC,0,3087080
rcsBp2,0.5,1,1,AAAAGTCGGATAAACTTCGG,0,3100457
rcsBp2,0.5,1,1,AAAAGATATCTCTTGTCCGA,0,3115176
rcsBp2,0.5,1,1,AAAAGACAGGGTCCGGAGTC,0,3115100
rcsBp2,0.5,1,1,AAAACCTAGGTCGAGCGTAC,0,3115921
rcsBp2,0.5,1,1,AAAAAGCATGCGATTCCTAT,0,3089772
rcsBp2,114.0,113,0,TCCCTCGAGAGATGATAATT,113,3106637
rcsBp2,91.0,90,0,GTGCCGGTATGGTACTTAGT,90,3103623
rcsBp2,74.0,73,0,GGGGCCGAAACGGAGTACTT,73,3100283
rcsBp2,73.0,72,0,TTGGAGTATGACCATAATGC,72,3099225
rcsBp2,73.0,72,0,TCCAAGTCTGCAGATTATTA,72,3097487
rcsBp2,73.0,72,0,GTTCACCCCGTCCAGTTGCT,72,3100888
rcsBp2,71.0,70,0,CGAATGGTGTCGCAAGGTGT,70,3082038
rcsBp2,68.0,67,0,CGCTGTTCGCTAAAGCCGCT,67,3099235
rcsBp2,64.0,63,0,GAGAATAAGTGCTAGTGCGT,63,3075740
rcsBp2,62.0,61,0,GAATGATGACAGGGTCTGTA,61,3115182
rcsBp2,60.0,59,0,GCTCCCGAAATATACTAGAC,59,3082953
rcsBp2,59.0,58,0,TGGGGATCCCTGTAAGACTG,58,3074967
rcsBp2,58.0,57,0,ATCCACTCCGATGGTAACGT,57,3119571
rcsBp2,57.0,56,0,AGGGCGTAGTCTCATGTTAT,56,3123003
rcsBp2,57.0,56,0,ACTCAACTAGCTAGAAACGG,56,3101955
rcsBp2,54.0,53,0,GTCGAGAGACCGGCTTCCCC,53,3090051
rcsBp2,51.0,50,0,CGCGTAAATACGAACCGATC,50,3083200
rcsBp2,49.0,48,0,GTGTTTTGCCGCGGAGGGGA,48,3075729
rcsBp2,48.0,47,0,GGAGAACATCAATGCTTTGA,47,3076758
rcsBp2,48.0,47,0,CCAAATTCTCCATGGGACCA,47,3094757
rcsBp2,47.0,46,0,TTCACCCGATGCTTATGGGT,46,3094541
rcsBp2,47.0,46,0,GGGCAGGGGGCAACGTCTTG,46,3085252
rcsBp2,46.0,45,0,GTTGAGGCATTGTATCGCTA,45,3113590
rcsBp2,45.0,44,0,CCAGCCTACGTGGTCATAGC,44,3099703
rcsBp2,44.0,43,0,TACGCATAATTGTGCGATCA,43,3116179
rcsBp2,44.0,43,0,ATGCACAATCGAATCGCCGT,43,3074230
rcsBp2,42.0,41,0,GTCGTGTCTTGGAGCACCAT,41,3110337
rcsBp2,40.0,39,0,ATGGCGCAATAATCTCCTCG,39,3084372
rcsBp2,40.0,39,0,AGATTTGCTCATACGGTAAA,39,3120692
rcsBp2,36.0,35,0,TCGACTCTCGAAATATAGAA,35,3111547
rcsBp2,36.0,35,0,GAATGTAGAGGGTCAGATGG,35,3115137
rcsBp2,36.0,35,0,CCAGGTTGTCTAATCTAGTG,35,3085654
rcsBp2,36.0,35,0,ATCGCTTTATGTCAAGTGTT,35,3083133
rcsBp2,35.0,34,0,CAGAGTATGGGTGCTCTAAA,34,3110267
rcsBp2,34.0,33,0,TTCTCACGTCGAGGACAACA,33,3094026
rcsBp2,34.0,33,0,TCATACCACGTTAGAAACGT,33,3079340
rcsBp2,34.0,33,0,GTGAGCTGCAGTCTGTTCCA,33,3120931
rcsBp2,33.0,32,0,TTTCCTCCTTCAAGGCTGGA,32,3086813
rcsBp2,33.0,32,0,TAAAATACTTGTTTTTGTTT,32,3116428
rcsBp2,33.0,32,0,GCCCGGCCGGCAGTGCGGTA,32,3114869
rcsBp2,33.0,32,0,CTGGCTGCTGTACCACTTCT,32,3091594
rcsBp2,33.0,32,0,CGTGGCCATGGTGCGAACTG,32,3102969
rcsBp2,33.0,32,0,ATCATATTTTTGATCTCGGC,32,3107133
rcsBp2,33.0,32,0,ACCAATACCCTTATCGGCGG,32,3084840
rcsBp2,32.0,31,0,TGGGCTGTAATCAATCGTGC,31,3078012
rcsBp2,32.0,31,0,TCAAGGAATATTAGATCCTG,31,3106154
rcsBp2,32.0,31,0,CTGCATACCCTGGGCTCAAA,31,3085174
rcsBp2,32.0,31,0,CCGCGAAGTTGGTATTGTAA,31,3118709
rcsBp2,31.0,30,0,TGCTTGACTAGAGACTCGGG,30,3103863
rcsBp2,31.0,30,0,GGGATGTAATTGACTGGCGA,30,3074216
rcsBp2,31.0,30,0,ATTTCCACGGTCCAGCGTGT,30,3122644
rcsBp2,31.0,30,0,ATTCTTTACGATCTCGGAAA,30,3108544
rcsBp2,31.0,30,0,ACATGAAAGCACGGCTGGCA,30,3091760
rcsBp2,31.0,30,0,AATTTCTAAGGCCCCCCATC,30,3076557
rcsBp2,30.0,29,0,TCGTAAGTACATAACAAGCT,29,3097428
rcsBp2,30.0,29,0,GTGGGAGATACGGCCAGTCA,29,3106872
rcsBp2,30.0,29,0,ATGCGCCATGTATGCGAGGT,29,3094267
rcsBp2,30.0,29,0,ACGAAAAACTCAGAAAAAAT,29,3106618
rcsBp2,29.0,28,0,TATAAGATTGGAAAAATCCA,28,3105142
rcsBp2,29.0,28,0,GTGTTGCTTGTCGATCCGCA,28,3087862
rcsBp2,29.0,28,0,GCACCTTGTCTAATTCGATT,28,3082504
rcsBp2,29.0,28,0,CGTACCAGGAGCGTGATAAT,28,3099227
rcsBp2,29.0,28,0,CATGAGGTGAGTATGGAAAT,28,3079144
rcsBp2,29.0,28,0,CAGTTACCACCCGTAAGAAC,28,3077898
rcsBp2,29.0,28,0,CAGCTCCTCCCAGACCAAAC,28,3099502
rcsBp2,29.0,28,0,ATGCGTCCACAGTATCCCGG,28,3102547
rcsBp2,29.0,28,0,AGGATGCGGCGTGAGTCCGG,28,3114093
rcsBp2,29.0,28,0,ACCGCCCTATATGAGTCCTC,28,3115312
rcsBp2,29.0,28,0,AAGAACGGCAAAACGTCACA,28,3119139
rcsBp2,28.0,27,0,TTCCCAACTTGCAGATCGGT,27,3120268
rcsBp2,28.0,27,0,GTGAGAGATGGCAGATGTTT,27,3120675
rcsBp2,28.0,27,0,GCACAGCACAGCAGGCCCCA,27,3107701
rcsBp2,28.0,27,0,CTTGTGGACCCTTTTCTCCT,27,3097278
rcsBp2,28.0,27,0,CCAGAGGGTTCGGGTCTCGA,27,3120388
rcsBp2,27.0,26,0,TTCTCGGTGGGGCTTGTTGA,26,3091322
rcsBp2,27.0,26,0,GTGCGTAGTAGAGTGCCTGC,26,3104714
rcsBp2,27.0,26,0,GCCTAGAAGGCTAAAGACAC,26,3074979
rcsBp2,26.0,25,0,TGAGAGATGCAAGTTTGAGA,25,3084350
rcsBp2,26.0,25,0,GTCCCGAAAGAGCTTGACTG,25,3093907
rcsBp2,26.0,25,0,GGGAATGACTCTATGGGTTA,25,3089240
rcsBp2,26.0,25,0,GAGTGCGCGACGCCCATCAG,25,3103111
rcsBp2,26.0,25,0,GAGATCCTAAATAGTAGCAG,25,3106012
rcsBp2,26.0,25,0,AGCATTACCGAACCCGGGTT,25,3118567
rcsBp2,26.0,25,0,AAACGGGTTTCACGGAAAAG,25,3118315
rcsBp2,25.0,24,0,TTGGACCGAGCGTGAGGTAC,24,3105388
rcsBp2,25.0,24,0,TCGGGTGCATAAAGCTGTGA,24,3118658
rcsBp2,25.0,24,0,GGCACGATCGGCCACGGACA,24,3090514
rcsBp2,25.0,24,0,CATATATCACGATGCACGCG,24,3085553
rcsBp2,25.0,24,0,CAATCGGGAAGAGTCAACAC,24,3106927
rcsBp2,25.0,24,0,ATTGCAGCCCGTCTCAAACA,24,3088069
rcsBp2,25.0,24,0,ACCCGTCTTTGATATACGCA,24,3074441
rcsBp2,24.0,23,0,TGTGTGAACACGTTCCCCAC,23,3106426
rcsBp2,24.0,23,0,TCGTATGGGATACGCCTCTG,23,3106628
rcsBp2,24.0,23,0,TCCGAGAATCGAATAGCTCT,23,3117868
rcsBp2,24.0,23,0,TCCACTTTACGGATGGCATA,23,3108307
rcsBp2,24.0,23,0,GGGGACGTCAGGTTATGCCC,23,3098690
rcsBp2,24.0,23,0,GGGGAACGAGCTGTATGATG,23,3104674
rcsBp2,24.0,23,0,GCCGCTTGCGGCCCCCGTGT,23,3118040
rcsBp2,24.0,23,0,GAGTGCGGGTACACGCCATT,23,3094029
rcsBp2,24.0,23,0,GAATTATTGGATGTTTATTG,23,3098905
rcsBp2,24.0,23,0,GAATTACAAGCAGCTTGTAA,23,3120506
rcsBp2,24.0,23,0,CTTTGATCATGTGCAATGTC,23,3098881
rcsBp2,24.0,23,0,CTGCTTGCAGGTTCTAGGCC,23,3102627
rcsBp2,24.0,23,0,CTATTGAGTATCCGATTAAT,23,3100401
rcsBp2,24.0,23,0,CGTAATTCCGACCGTTGCTC,23,3098618
rcsBp2,24.0,23,0,CGAATCTATCTGATACTGTT,23,3115200
rcsBp2,24.0,23,0,CCTTCGCTCGCCCAAAATGG,23,3085317
rcsBp2,24.0,23,0,AGGTAAGTGTCGTCGGATCG,23,3098701
rcsBp2,24.0,23,0,AATGAGATTTCAGCAGCATT,23,3089262
rcsBp2,24.0,23,0,AAGTCAGGGGATGCCACGAC,23,3089840
rcsBp2,24.0,23,0,AACGGGGTTGGGTTTTGACA,23,3095565
rcsBp2,23.0,22,0,TATACCTGCGTTTTTATTAT,22,3114121
rcsBp2,23.0,22,0,GCTCTCACCTGATTCGCAAC,22,3097998
rcsBp2,23.0,22,0,GAGACTCTAACGATGCATGT,22,3094259
rcsBp2,23.0,22,0,GAATCGGCGGGATCTAAGAA,22,3103736
rcsBp2,23.0,22,0,CTTAGCACCGAGAGCTTGAA,22,3085965
rcsBp2,23.0,22,0,CTCGGGGCATAGGAGAACAG,22,3108051
rcsBp2,23.0,22,0,CTAGTGGTCGAGACTGCCTA,22,3110285
rcsBp2,23.0,22,0,CGGGATTCTGCAATCAGTGG,22,3101950
rcsBp2,23.0,22,0,CGATCCAGAAGTCTCAACTC,22,3087178
rcsBp2,23.0,22,0,CCTTTTTTCAGCAACCAGAC,22,3078656
rcsBp2,23.0,22,0,CAATTCTTAGAGCCTATACC,22,3083453
rcsBp2,23.0,22,0,ACGGACGGCTCAGGCTTAGA,22,3081719
rcsBp2,22.0,21,0,TTCTTCGGACAATTGAGAGT,21,3119888
rcsBp2,22.0,21,0,TGGCATGCGTAGGGCTTTAG,21,3120746
rcsBp2,22.0,21,0,GGATTCCACAGGCTCGGGGA,21,3078699
rcsBp2,22.0,21,0,GGAGATAGATGAGTTACTAG,21,3095908
rcsBp2,22.0,21,0,GCTCACACTGGTGTCGTCCT,21,3115648
rcsBp2,22.0,21,0,GACTTTGGCGAATGACCTCC,21,3109996
rcsBp2,22.0,21,0,CCCATTTCGCAATTCAATGG,21,3090257
rcsBp2,22.0,21,0,CACTAAACGTGGTCATTTCC,21,3101896
rcsBp2,22.0,21,0,CAAGTGTTCGCGTTATTAAC,21,3111208
rcsBp2,22.0,21,0,ATAAAGTAGACCCGATTGCT,21,3101778
rcsBp2,22.0,21,0,AGGAGCCGAGGCTTGGCGCG,21,3114168
rcsBp2,22.0,21,0,ACGAGTAGAATCCGCGTTCA,21,3122602
rcsBp2,21.0,20,0,TCTATAAACGGTTGAAGGAA,20,3115584
rcsBp2,21.0,20,0,TATGCGGGGAAGTGGCACTC,20,3120843
rcsBp2,21.0,20,0,GGTTACGGTTACAATGCGGG,20,3115099
rcsBp2,21.0,20,0,GGTCCGTTTACAGGATTGGT,20,3097266
rcsBp2,21.0,20,0,GGGCACAACTTCATTGCGCG,20,3116034
rcsBp2,21.0,20,0,GCTGGTCTGTCATTAGAATA,20,3106879
rcsBp2,21.0,20,0,CTGCTATAGAACCTAATGCT,20,3088219
rcsBp2,21.0,20,0,CGAAAAGTCGTGAACTTCCT,20,3095046
rcsBp2,21.0,20,0,CAAGGTACTGGGACGATCGA,20,3100969
rcsBp2,21.0,20,0,ATCTAATAGTATCTAGTGAA,20,3091353
rcsBp2,21.0,20,0,AGCTAATCCTACATCTGCTC,20,3114057
rcsBp2,21.0,20,0,ACCCCGTCCATTCTTGGCGC,20,3081706
rcsBp2,20.0,19,0,TTCTGGAACGAACAGCCTGG,19,3100709
rcsBp2,20.0,19,0,TGATGATCTGACTATTTTTA,19,3111670
rcsBp2,20.0,19,0,GTGCGAGGTTGACCAGAGGC,19,3122548
rcsBp2,20.0,19,0,GATTAGGGCTACAGGACGAG,19,3076129
rcsBp2,20.0,19,0,CGTTCCGGGATCCCTTCGGG,19,3080283
rcsBp2,20.0,19,0,CGAGTTGACTAGGGAGGGTC,19,3088572
rcsBp2,20.0,19,0,AGAACCTGAGCTTGTGGCCA,19,3089203
rcsBp2,19.0,18,0,TGGATCGTTTAGGCAGTTAT,18,3115453
rcsBp2,19.0,18,0,TGCTGTTGGGGTAATGAGAC,18,3099234
rcsBp2,19.0,18,0,TCCCGGCACGAAGGTATGCC,18,3092453
rcsBp2,19.0,18,0,GTATACGACTGGTCGGGATT,18,3115706
rcsBp2,19.0,18,0,GGGCAATAGGCGGATTTCCC,18,3111554
rcsBp2,19.0,18,0,GATGTAAAAAATGGTTGTTG,18,3111723
rcsBp2,19.0,18,0,GACTCGGGGCAAAACTCCTG,18,3086717
rcsBp2,19.0,18,0,GAAAGGTGCCCCTAATAGGT,18,3079135
rcsBp2,19.0,18,0,CTAAATCTCTCTATACCGGT,18,3117643
rcsBp2,19.0,18,0,CCGACCCAGGGGTTAAGCCT,18,3108771
rcsBp2,19.0,18,0,CCACGTGCAAGTTCTGTTGG,18,3111604
rcsBp2,19.0,18,0,CATACTCCTGGGACTGCATG,18,3111254
rcsBp2,19.0,18,0,CACTAGAAGCCACGATACGA,18,3109612
rcsBp2,19.0,18,0,CAAGGTATGCTGAAAGGACA,18,3074861
rcsBp2,19.0,18,0,ATTGCTATGCCGTCTGCTGA,18,3113222
rcsBp2,19.0,18,0,ATGTAGCGTGACTATGGGTC,18,3109843
rcsBp2,19.0,18,0,AGTCGTAGACAAATATATGT,18,3116922
rcsBp2,19.0,18,0,AGGGTACCGCATCCTGGTTA,18,3102573
rcsBp2,19.0,18,0,AGACACAATCGTCTGCCGAG,18,3074677
rcsBp2,19.0,18,0,ACCCGACGTGGTTGGAACTT,18,3096929
rcsBp2,19.0,18,0,AAGCCGGTCGCATGCGACCG,18,3117232
rcsBp2,18.0,17,0,TTCCCGTAGCCCATATGGGA,17,3093829
rcsBp2,18.0,17,0,TGTCGTAACCAGAGTCAGGG,17,3086200
rcsBp2,18.0,17,0,GTAAACGGTCGGACCGGTTA,17,3107452
rcsBp2,18.0,17,0,GCACGACCTCTGGCAGTACA,17,3122417
rcsBp2,18.0,17,0,GAGCGCGACTTCCAATTCGT,17,3084286
rcsBp2,18.0,17,0,CTCGTGACAGGGTGAGGTTA,17,3118835
rcsBp2,18.0,17,0,CGGACACGGACCGTGTTCCA,17,3079710
rcsBp2,18.0,17,0,CCGGGGATTTCCGTTCTCTG,17,3102647
rcsBp2,18.0,17,0,CCCGCGATGATGGACTGATG,17,3075446
rcsBp2,18.0,17,0,CCCATATGGCAGATCTGGCG,17,3088271
rcsBp2,18.0,17,0,CCAAGTCCGGGCGATGCCTA,17,3117979
rcsBp2,18.0,17,0,CATAGATCACGCGCCCGCTT,17,3101131
rcsBp2,18.0,17,0,CACTTCGTGCGCTCCCTGCA,17,3121124
rcsBp2,18.0,17,0,ATAGACAGGGGACTCGAGAA,17,3106099
rcsBp2,18.0,17,0,AGTTCACAAGCGGGGATAAC,17,3095385
rcsBp2,18.0,17,0,AGGATCATATGCACAGTGTT,17,3107235
rcsBp2,18.0,17,0,ACCCGCAATGTCTCAATGCG,17,3084490
rcsBp2,17.0,16,0,TTCAACGTAGATTATAGGGC,16,3080164
rcsBp2,17.0,16,0,TGTAGAATCGGCTCCGCTGA,16,3122039
rcsBp2,17.0,16,0,TGATCACGGCCTTTATTCCA,16,3075802
rcsBp2,17.0,16,0,TCCATCCTACAATCCGTCCT,16,3095888
rcsBp2,17.0,16,0,TATGGTTTGCACCACTACAT,16,3111176
rcsBp2,17.0,16,0,GTCGTCTTCCTTGCCGGTTC,16,3098906
rcsBp2,17.0,16,0,GAACTTTCCAGGCCTCGCTT,16,3082481
rcsBp2,17.0,16,0,CTTAAAGAATTCGTGACCCA,16,3093168
rcsBp2,17.0,16,0,CTGGATGATAATCCTGGCTC,16,3102201
rcsBp2,17.0,16,0,CTGCGTACAACTTGAGTGGC,16,3116611
rcsBp2,17.0,16,0,CGGGAGTCGTCTTTCACCGC,16,3103971
rcsBp2,17.0,16,0,CGGCGCTCGTCCGGATATGG,16,3086668
rcsBp2,17.0,16,0,CATCATCATGACAGCTCGTA,16,3098591
rcsBp2,17.0,16,0,CAGGTGGAAAGTGATATTGA,16,3121166
rcsBp2,17.0,16,0,ATCACTGCACAGTTTAGATC,16,3075201
rcsBp2,17.0,16,0,AGCGGTTACGGACGCTGTCG,16,3118948
rcsBp2,17.0,16,0,ACGTAACAGTTAGCCCTGAA,16,3113122
rcsBp2,17.0,16,0,ACATGGGAAATAGAGGTGGG,16,3105147
rcsBp2,17.0,16,0,AATGAGCGTTCTTCTAAACA,16,3119550
rcsBp2,17.0,16,0,AAGCATCCGTGTTATGTAGA,16,3111230
rcsBp2,16.0,15,0,TTTATTCCCGCCTAAATGGC,15,3076316
rcsBp2,16.0,15,0,TTGTCAGACATATCAATAAT,15,3094992
rcsBp2,16.0,15,0,TTCCGCCGGCCAGGAAGCCA,15,3082721
rcsBp2,16.0,15,0,GTCCCAGTCGAGTATGTACT,15,3104847
rcsBp2,16.0,15,0,GAACGGGCGCGGGCGTAGGC,15,3095620
rcsBp2,16.0,15,0,CGTCGTCTTACCACTATCAA,15,3081599
rcsBp2,16.0,15,0,CGCGTACCCGCACATCGGCC,15,3094721
rcsBp2,16.0,15,0,CGACGCTTCGAACTGGCGTT,15,3092141
rcsBp2,16.0,15,0,CACGAATTCGGTAACTCCAA,15,3094444
rcsBp2,16.0,15,0,ATGGTGATATCATGCTGTAA,15,3105982
rcsBp2,16.0,15,0,ATCGGTCCTGTGCAAGAGCG,15,3085392
rcsBp2,16.0,15,0,AGGGTCGTTTGGCCCGTACT,15,3104192
rcsBp2,16.0,15,0,AGCGCAGTAGATCTTTTAGC,15,3095774
rcsBp2,16.0,15,0,AGACAAGCGGTAGCACTGTA,15,3121479
rcsBp2,16.0,15,0,ACCCGCCCTAAGCGGCATCA,15,3098907
rcsBp2,15.0,14,0,TGAATTGACCCCTGCAAGGA,14,3109307
rcsBp2,15.0,14,0,TCTGGTGTTGGCACATAACT,14,3079546
rcsBp2,15.0,14,0,GTCAAGGGACGCGGTGGACC,14,3096915
rcsBp2,15.0,14,0,GGGTGTCTTGAGCGTAACGG,14,3089559
rcsBp2,15.0,14,0,GGGAGGCTCCAGACTATAGG,14,3122362
rcsBp2,15.0,14,0,GGCGCACAACCTGCACGGTC,14,3082299
rcsBp2,15.0,14,0,GGCCTGCGCGAGTATTAATT,14,3121780
rcsBp2,15.0,14,0,CCATGGTTTTCCTCAAGGCT,14,3109916
rcsBp2,15.0,14,0,AGTCTTCCTTAGCAAGTTAC,14,3112704
rcsBp2,15.0,14,0,ACGTTGAGGTGTTTCCCGCT,14,3083400
rcsBp2,14.0,13,0,TTAGTCGGGAACGGTGGGCA,13,3099046
rcsBp2,14.0,13,0,GACGTGGCATTGCTGCCTCC,13,3113044
rcsBp2,14.0,13,0,CCCGATCTCTAGCCTAAACC,13,3104012
rcsBp2,14.0,13,0,AGGCTGTTAATCCAGTGCCT,13,3105263
rcsBp2,14.0,13,0,AGGCAGTTACCCAACACTTC,13,3094124
rcsBp2,14.0,13,0,AGATGCTCGCGCTCTCTAGA,13,3102668
rcsBp2,14.0,13,0,AATCGAGGGAGTAGAGTAGG,13,3077770
rcsBp2,13.0,12,0,GGGTCTACTTGTTGCAACAG,12,3110960
rcsBp2,13.0,12,0,GGATAGCTATGGATAGCTTA,12,3077636
rcsBp2,13.0,12,0,GCTATGGGTACTTGTGGCAA,12,3093045
rcsBp2,13.0,12,0,GCGCGACGGGGGCGACGGGG,12,3110681
rcsBp2,13.0,12,0,GCGACGTTCTCTCCTTAAGG,12,3077548
rcsBp2,13.0,12,0,GACAGACCGATTAGTACTTG,12,3118899
rcsBp2,13.0,12,0,CTGCGGTCTCAACCAAAGCC,12,3090497
rcsBp2,13.0,12,0,CTAGCTGGGAAACCAGCTAT,12,3089925
rcsBp2,13.0,12,0,CCTTACCATATTATCCTTTA,12,3099776
rcsBp2,13.0,12,0,CCGCTTGCCCCCCTACCTAG,12,3107671
rcsBp2,13.0,12,0,ATCATGATACGCATATAAAT,12,3092852
rcsBp2,13.0,12,0,AGTTGAGGTTGCTGAAGAAT,12,3083529
rcsBp2,13.0,12,0,AGGGGTGTGAACTGTGAATT,12,3106684
rcsBp2,13.0,12,0,AATTGTTCTCACATCGGGAC,12,3083114
rcsBp2,12.0,11,0,TGACCTTATGTCTAAAGTCC,11,3102427
rcsBp2,12.0,11,0,TATCGGACATACTGTCTCAA,11,3099665
rcsBp2,12.0,11,0,TAGAACCACGCGTGCTGCGT,11,3108011
rcsBp2,12.0,11,0,TAATTTGAAGCAATGGCCCA,11,3074772
rcsBp2,12.0,11,0,GTATCACTTCTAATCAAGTA,11,3082209
rcsBp2,12.0,11,0,GGTTAAGCGGAAGTATGGTA,11,3083350
rcsBp2,12.0,11,0,GGCTCGGCGCAAAAAGCTCG,11,3118027
rcsBp2,12.0,11,0,GCTGGATATGATCCAAATAC,11,3079598
rcsBp2,12.0,11,0,GCATCACTTTAGCAAAAGAA,11,3087037
rcsBp2,12.0,11,0,CCTGAACCCGAGAGTCTTAT,11,3083202
rcsBp2,12.0,11,0,CAATGATGACGGGAACCATT,11,3112732
rcsBp2,12.0,11,0,ATTAATACACATGAACCTGG,11,3110269
rcsBp2,12.0,11,0,ACTGGCAACCCGGTAAGAAA,11,3120494
rcsBp2,12.0,11,0,ACTCCCTCGGGCACGCGTAC,11,3104960
rcsBp2,12.0,11,0,ACAGCCCTTTGAGGTCGTTC,11,3106996
rcsBp2,12.0,11,0,AATGGTCCCGCAATGGTACA,11,3082447
rcsBp2,11.0,10,0,TCGGTCTTGATGATAAGTTA,10,3073954
rcsBp2,11.0,10,0,TCGAAGAGATCGTTCTGAGG,10,3078875
rcsBp2,11.0,10,0,TCCGGGCCAGAGGTGAGTGG,10,3095594
rcsBp2,11.0,10,0,TCCCCTACACCGGCGTTTTG,10,3088056
rcsBp2,11.0,10,0,TCACCTGAAAACGTGGGTCT,10,3082265
rcsBp2,11.0,10,0,TCAAGAGCGTATTTGCTCTG,10,3090591
rcsBp2,11.0,10,0,GTCAGGCAACGGCCTTGCTG,10,3101624
rcsBp2,11.0,10,0,GTACGCACGAGACCCGGCCA,10,3077573
rcsBp2,11.0,10,0,CTAACAGTTGTTAATATTTT,10,3119278
rcsBp2,11.0,10,0,CGGAACCACTCGACTAAGGT,10,3104543
rcsBp2,11.0,10,0,ATACAGGAACAATAAACGAC,10,3098578
rcsBp2,11.0,10,0,ACCGCTGGCGAGAGCTTCTA,10,3106261
rcsBp2,11.0,10,0,AAAACCACATTCAGGTCGTA,10,3076526
rcsBp2,10.0,9,0,TTGCCATGTCATCTGGCTCG,9,3087184
rcsBp2,10.0,9,0,TTCCAGTGGTTGTAATGTGT,9,3097489
rcsBp2,10.0,9,0,TCTGTGAGATTTGAGAATTT,9,3081991
rcsBp2,10.0,9,0,TATATACGGGGGTACTTGCT,9,3082311
rcsBp2,10.0,9,0,TACTCTTTCACCACGTCAAG,9,3082775
rcsBp2,10.0,9,0,GGTTTGCCTCAAGTCGCTAA,9,3103620
rcsBp2,10.0,9,0,GGTCACAGTTTGGGTGACGG,9,3114721
rcsBp2,10.0,9,0,GGCAAATGTGCCGCGTCACT,9,3082814
rcsBp2,10.0,9,0,GGACAATCAGTCTCTACCTG,9,3092678
rcsBp2,10.0,9,0,CGACCCTTCGCTGCAGGCGG,9,3084561
rcsBp2,10.0,9,0,CAGTTCCACTTTACTTGTTC,9,3118041
rcsBp2,10.0,9,0,CACTCGGGTTAGCCGAAAGG,9,3092925
rcsBp2,10.0,9,0,ATTGCTCTACATATGTTACT,9,3085326
rcsBp2,10.0,9,0,ATGAGAACGGAGTATCGGTA,9,3086740
rcsBp2,10.0,9,0,AGTGTAAGCCGCACTGGTGT,9,3095653
rcsBp2,10.0,9,0,AGTCAGGATGTGATGACACG,9,3083254
rcsBp2,10.0,9,0,ACTCGCAAGCTTAATGATTT,9,3114894
rcsBp2,10.0,9,0,AAGGTATAGCGGCATCATCA,9,3095660
rcsBp2,10.0,9,0,AAGCAGAGCGTGTTTCATTA,9,3122220
rcsBp2,10.0,9,0,AAACTGTACGGACTTACATT,9,3087642
rcsBp2,9.0,8,0,TCCCGGGTTAGATGGAACTA,8,3073963
rcsBp2,9.0,8,0,GGGTCGCACGTGTGTGAGCC,8,3086022
rcsBp2,9.0,8,0,GCATATGTTGAGAGTTCTTC,8,3100723
rcsBp2,9.0,8,0,CGTCGTCCGCGGCATGTCTT,8,3099934
rcsBp2,9.0,8,0,CCTTACCTGGTGCGTTTAAT,8,3088905
rcsBp2,9.0,8,0,CCATGTAAAAGGTGACCAAC,8,3102256
rcsBp2,9.0,8,0,CCAACAGAGGAAGCGGCCCT,8,3100801
rcsBp2,9.0,8,0,CATACACTGACCGGGTTATT,8,3114847
rcsBp2,9.0,8,0,ACTCATACCTGGCATCTGGC,8,3082341
rcsBp2,9.0,8,0,ACGCCCCACCGGTGGGAAAA,8,3083896
rcsBp2,9.0,8,0,ACAGGTGACAGAGCAGTAGG,8,3076560
rcsBp2,9.0,8,0,AACAGTTAACGTACCCTAAG,8,3086742
rcsBp2,8.0,7,0,TGAGCAACATTGTGTTATCA,7,3082270
rcsBp2,8.0,7,0,TGAAACCGCGAGATTAGGAG,7,3093665
rcsBp2,8.0,7,0,GGGTCCAGCCGTTCAGTGAG,7,3120591
rcsBp2,8.0,7,0,GCTGCTCACATTATCGGCAG,7,3111278
rcsBp2,8.0,7,0,CTCGGACCCTTCCACCGTGA,7,3079183
rcsBp2,8.0,7,0,CGACAGTATGCAGAACCGGT,7,3073922
rcsBp2,8.0,7,0,CACCGTTAGTAGATGGTGCA,7,3122490
rcsBp2,8.0,7,0,ATTTACAGGTATCGTTGCCA,7,3086662
rcsBp2,8.0,7,0,ATTCGCGTCATTACAAGCGC,7,3116765
rcsBp2,8.0,7,0,ATGTCTGCGATTGTCCACCA,7,3099121
rcsBp2,8.0,7,0,ATACGGATATCGTGTACATA,7,3082234
rcsBp2,8.0,7,0,ACCCGGTACTCATATATACT,7,3114126
rcsBp2,8.0,7,0,AACATTGCTACGGTAGTCCG,7,3117122
rcsBp2,7.0,6,0,TTTCATATGGGTAGCGCATA,6,3112185
rcsBp2,7.0,6,0,TAGGAGAACGATACCCGACC,6,3106355
rcsBp2,7.0,6,0,GTTAGCCCTGGAGTCCGTTG,6,3085282
rcsBp2,7.0,6,0,GTCCTTACAACCGACGATCC,6,3092224
rcsBp2,7.0,6,0,GGCTCCGCGGCTAAATTCCT,6,3081836
rcsBp2,7.0,6,0,GCGATCGGTCTTATGGCGAC,6,3079875
rcsBp2,7.0,6,0,GCAACCTTGGACAAACCCAC,6,3103975
rcsBp2,7.0,6,0,CTTCGTTCCTGAAGACTGAA,6,3100076
rcsBp2,7.0,6,0,CGTGTAATGTAACTCCTCAC,6,3092978
rcsBp2,7.0,6,0,CGGGAAGACTGCGTATGTGT,6,3086401
rcsBp2,7.0,6,0,CGGCGCCGATGTGGATAGCT,6,3099223
rcsBp2,7.0,6,0,ATAGTTAACTCATCGTCCCT,6,3086632
rcsBp2,7.0,6,0,ATACCTGAGGCTTAATTTCC,6,3114437
rcsBp2,7.0,6,0,ACTGCTAATTCAAAGTTAGT,6,3096627
rcsBp2,7.0,6,0,ACGCACTGAAGCGTTTGAAG,6,3096400
rcsBp2,6.0,5,0,TACAGAAAGGGCGCCTCGTC,5,3100041
rcsBp2,6.0,5,0,GCTATCGTCTCGTGTGTTAC,5,3095025
rcsBp2,6.0,5,0,CGCTCAGGACTGTATTCACA,5,3094295
rcsBp2,6.0,5,0,CAAGGTCACGTGTAAAGTAG,5,3107132
rcsBp2,6.0,5,0,ATTCACGCTCTGCGCACAGA,5,3095945
rcsBp2,6.0,5,0,ATTACTCGACTTGGCTCTGT,5,3088369
rcsBp2,6.0,5,0,ATAGGTTCCCTTCATGATTT,5,3104883
rcsBp2,6.0,5,0,AGAAGGTTTATCTTGCTCGT,5,3116659
rcsBp2,6.0,5,0,AACACGATGCGAGGATACCA,5,3080416
rcsBp2,5.0,4,0,TTAGATCCCAAACTATCTGT,4,3121116
rcsBp2,5.0,4,0,GTGAAAAGGGTCGCTCCTCT,4,3103020
rcsBp2,5.0,4,0,GGCAGTCTGCTTACAACATT,4,3118411
rcsBp2,5.0,4,0,CTGTTTATGAGCCCTTGTGA,4,3122386
rcsBp2,5.0,4,0,CTCTCTACGTAACACTGGTA,4,3077343
rcsBp2,5.0,4,0,ATTAACCTAGCCGCTTCACT,4,3074715
rcsBp2,5.0,4,0,ATCACCACTCAAATGGGGTT,4,3076810
rcsBp2,5.0,4,0,AGGTGAGATCCTTTTAACTT,4,3077141
rcsBp2,5.0,4,0,AGGGATGCCATGAGTGTCGG,4,3094415
rcsBp2,5.0,4,0,AGACAGGGGTATGAAGTCAG,4,3110247
rcsBp2,5.0,4,0,AATGAGTGGTTCATTAGGGA,4,3075960
rcsBp2,5.0,4,0,AAGCTCAGACCTCACAGTAC,4,3084704
rcsBp2,4.0,3,0,TTTCGGGCGTTCGGGTCGAT,3,3101400
rcsBp2,4.0,3,0,TTCGTAAGGCAATACGCGCG,3,3081372
rcsBp2,4.0,3,0,TCTTAGGTCCAATGACGGGG,3,3090196
rcsBp2,4.0,3,0,GTCTTGCAATGTACTCAATC,3,3119074
rcsBp2,4.0,3,0,GTCTCATGAGCAAATGCCTC,3,3098095
rcsBp2,4.0,3,0,GTCGTCATCAATGCATCGCC,3,3114683
rcsBp2,4.0,3,0,GTATCCTGTTTTAGGCGATT,3,3077908
rcsBp2,4.0,3,0,CGCGCCGAGTGCAGGCAGGT,3,3107286
rcsBp2,4.0,3,0,CCTATTGGGTTAAGATTTTA,3,3086745
rcsBp2,4.0,3,0,CAGATGGGCAGTTAAGCCAA,3,3102096
rcsBp2,4.0,3,0,ATACGTCAACAAAGGGGTAG,3,3078900
rcsBp2,4.0,3,0,AGGCTCTATTGCTTCAACCC,3,3104394
rcsBp2,4.0,3,0,ACCGTTGGCAGAGGCCTAAA,3,3112243
rcsBp2,4.0,3,0,AATTGTACTCGATACGTACG,3,3082173
rcsBp2,3.0,2,0,TTGGCAAAAGCCTGGATATT,2,3077010
rcsBp2,3.0,2,0,TTATCGGTCCCCCACTAATC,2,3085281
rcsBp2,3.0,2,0,TGATCTTATTCTAGATTAGA,2,3096878
rcsBp2,3.0,2,0,TCTGCGAATCACTTCCGATC,2,3091398
rcsBp2,3.0,2,0,GTATAGTAATTTTGTGGATT,2,3121164
rcsBp2,3.0,2,0,GATCAAGGGTGCTCATCCCT,2,3105535
rcsBp2,3.0,2,0,CGTGCCTTGCGTCCATCCTA,2,3121140
rcsBp2,3.0,2,0,CGGGTGCCATTTTGGGAGCC,2,3113380
rcsBp2,3.0,2,0,CGAGTAAGAGAGGGATCTGC,2,3079264
rcsBp2,3.0,2,0,CCAACCCAATCGTTAGACAG,2,3097252
rcsBp2,3.0,2,0,ATCTTCCTCGCGGTGACTAA,2,3103104
rcsBp2,3.0,2,0,ATCCGCTATACACCCTTTGG,2,3092675
rcsBp2,3.0,2,0,AGCGAGCAACAGGGCGTAAC,2,3108339
rcsBp2,3.0,2,0,ACGCCCATTTCATAAGAGAG,2,3119949
rcsBp2,3.0,2,0,ACAAACTTATTGTCGCGTAA,2,3080251
rcsBp2,3.0,2,0,AATCGTTACAGAGTGTACCT,2,3105682
rcsBp2,3.0,2,0,AATAGAAAAGCGTTCGACCG,2,3097429
rcsBp2,3.0,2,0,AAATGCTGGAATGATGTACC,2,3113718
rcsBp2,2.0,1,0,TTTGTCCTTATTTCAGCAAG,1,3121390
rcsBp2,2.0,1,0,TTTGGTTCGCAAGCGCCCAT,1,3091392
rcsBp2,2.0,1,0,TGGCGTCCATGGACTAGACG,1,3098024
rcsBp2,2.0,1,0,TGGCCGAGTGATTATTGCAT,1,3116004
rcsBp2,2.0,1,0,TGCATGCACAGATGTTAATA,1,3112393
rcsBp2,2.0,1,0,TCGTGTCGCGCGACGCATTG,1,3095111
rcsBp2,2.0,1,0,TCCTATCAGCTCACGATCCT,1,3092767
rcsBp2,2.0,1,0,TCCATTATCATGGGAGATTA,1,3113527
rcsBp2,2.0,1,0,TCACCGGCTGCCTAAGTCGA,1,3117060
rcsBp2,2.0,1,0,TATACTAACAGTTGAGCTAC,1,3078405
rcsBp2,2.0,1,0,TACATGAGGCCACATAGATA,1,3111461
rcsBp2,2.0,1,0,GTTTCAGCTGGCCCATAACA,1,3077002
rcsBp2,2.0,1,0,GTTCGCAATAAGCCACGGTA,1,3104267
rcsBp2,2.0,1,0,GTTAGGGTGTCTCGCGTCAC,1,3090067
rcsBp2,2.0,1,0,GTCCGCGAAGATCTAAACTG,1,3103004
rcsBp2,2.0,1,0,GTACTGGCCATGAGACCAAT,1,3094217
rcsBp2,2.0,1,0,GGTGGTGCCGGAGCCACTAA,1,3099168
rcsBp2,2.0,1,0,GGGTGCACACGGTCTTCGAG,1,3102634
rcsBp2,2.0,1,0,GGGGCGGACAGTTCTTTATT,1,3117909
rcsBp2,2.0,1,0,GGGAGAGGGCGGCCCCAAAG,1,3082879
rcsBp2,2.0,1,0,GGCCGGTGGAGTGTATAGCT,1,3095333
rcsBp2,2.0,1,0,GGCATATATTTTCACGACAT,1,3122338
rcsBp2,2.0,1,0,GCGTAGCTTGGAATGGTTAA,1,3096911
rcsBp2,2.0,1,0,GCGCTCACCCATACAAGCTC,1,3093471
rcsBp2,2.0,1,0,GCCTTCGAAGCATCGTGTTG,1,3091985
rcsBp2,2.0,1,0,GCCCACGTTGGGGTAGTCCT,1,3086800
rcsBp2,2.0,1,0,GCATACCATGGGCCTCGAGA,1,3079159
rcsBp2,2.0,1,0,GATCGTCAGAGGCTTTCGGT,1,3101161
rcsBp2,2.0,1,0,GAGGACCGTTAGCATGGTAA,1,3077876
rcsBp2,2.0,1,0,GAAACCTGAATGTTTCACTA,1,3101224
rcsBp2,2.0,1,0,CTTTGCCGATTCCTTCGCGA,1,3104353
rcsBp2,2.0,1,0,CTCATCTATAGCAATGCGGA,1,3117777
rcsBp2,2.0,1,0,CGTGGCAAACCATAGTAGCA,1,3090859
rcsBp2,2.0,1,0,CGGTGTGGTTTATGACTAGG,1,3117030
rcsBp2,2.0,1,0,CGGTGAGCAACTCAAAACGA,1,3094411
rcsBp2,2.0,1,0,CGGGAAAGTCTCATAAACCT,1,3078885
rcsBp2,2.0,1,0,CGAGGTGCTTGAATTTTCGT,1,3107006
rcsBp2,2.0,1,0,CCTGCAGTTCGGCCAATGCA,1,3094056
rcsBp2,2.0,1,0,CCTGATTTTCAATAGGGGAG,1,3077910
rcsBp2,2.0,1,0,CCTCAACAATCGCGACAGCA,1,3083325
rcsBp2,2.0,1,0,CCCGTCGGGTTCAAATGCCA,1,3102592
rcsBp2,2.0,1,0,CCCCCTCTGTACCACAGAAG,1,3085374
rcsBp2,2.0,1,0,CCCCACTCCTGCAAACGCCT,1,3084272
rcsBp2,2.0,1,0,CATTTGATATCAGACAACAA,1,3099060
rcsBp2,2.0,1,0,CACAATTATGATTTCGACTA,1,3074882
rcsBp2,2.0,1,0,ATTTCATTAGGTATATTTTG,1,3103146
rcsBp2,2.0,1,0,ATGTCTAGTGGTCTAAAGGT,1,3073876
rcsBp2,2.0,1,0,ATGCCTGACGGCATCATCGC,1,3093058
rcsBp2,2.0,1,0,ATCTTGTCACGCGGACAGCG,1,3089356
rcsBp2,2.0,1,0,ATCTGTGCTCCATCACTCAC,1,3095561
rcsBp2,2.0,1,0,ATACCATAGGGTTCAAAGAT,1,3112209
rcsBp2,2.0,1,0,AGTGCGAAGGCATCAGATGA,1,3091981
rcsBp2,2.0,1,0,AGGCCGCGCCTGTAACAGAC,1,3104678
rcsBp2,2.0,1,0,AGGACAGAGCATGCCCGAAA,1,3096488
rcsBp2,2.0,1,0,AGCTCTTTTGGCACGGAGCG,1,3075987
rcsBp2,2.0,1,0,AGAACCGATGGTATTAGTAG,1,3110843
rcsBp2,2.0,1,0,ACTCCCCGAAGAGAGCTGCA,1,3113148
rcsBp2,2.0,1,0,ACGGCCCACTCCACGGTTTG,1,3106001
rcsBp2,2.0,1,0,ACAATGGAGTTATCTATCGA,1,3090887
rcsBp2,2.0,1,0,AAGAGTGGTTAGACTGCTCA,1,3109085
rcsBp2,2.0,1,0,AACTAGCAATCGCCCCGTGT,1,3117254
rcsBp2,2.0,1,0,AACCCGGGTCCCCTAGGGAG,1,3100896
rcsBp2,2.0,1,0,AAAAGAACTGTGGCGTGTAA,1,3108285
