name,relative_counts,ct,ct_0,barcode,ct_1,barcode_ind
yadI_predicted,0.3929944468175993,6520,4681,CTGCGTGGCGCGAGAGAGGA,1839,4301646
yadI_predicted,0.33372274143302183,3423,2567,ACCGGCGTACGGGCAGGTGA,856,4322691
yadI_predicted,0.41569767441860467,972,687,GCATGAGCATGGAACAGTAA,285,4323866
yadI_predicted,0.5950782997762863,711,446,AAACTATGAGCGGGTAGTTG,265,4285187
yadI_predicted,0.3187250996015936,329,250,GACACTAGGAGGGGGTTATG,79,4285237
yadI_predicted,0.12048192771084337,277,248,TGCGCGGGTTCAGCCCAGGT,29,4317228
yadI_predicted,0.5,349,233,AAACGTTCAAAGAACCCAAA,116,4330046
yadI_predicted,0.5598086124401914,324,208,ACGAGTAGTGACTGAAAAAA,116,4331963
yadI_predicted,0.6292682926829268,332,204,TGGACATAGGACGTTCGAAC,128,4285275
yadI_predicted,0.9270833333333334,368,191,ATTGCGCGCCCCAATCCTTG,177,4284115
yadI_predicted,0.3505747126436782,233,173,GTGCGCTCAGTTATATCTAT,60,4299945
yadI_predicted,0.37058823529411766,231,169,GTGCCGTACCGACGATAAAA,62,4293748
yadI_predicted,0.1419753086419753,183,161,CGGCGACATGTCGGCCGCTA,22,4306185
yadI_predicted,0.013888888888888888,144,143,CGCTAAAGGTTGCGAGGTAT,1,4367424
yadI_predicted,0.6444444444444445,220,134,TTAGCTAGTACTGGTGAAGG,86,4312193
yadI_predicted,0.5864661654135338,209,132,GTTTGAATGTAAATCGCTGA,77,4285444
yadI_predicted,0.6287878787878788,213,131,TAAGGGACGCAGTAGGTAGT,82,4298797
yadI_predicted,0.4122137404580153,183,130,AGTCAATCTAGGCAGTCCAT,53,4314293
yadI_predicted,0.5968992248062015,204,128,ATACACAAGCCATTAGCGGG,76,4333193
yadI_predicted,0.2992125984251969,163,126,TGCATGGTCGAGAGGGGTAG,37,4315411
yadI_predicted,0.5873015873015873,198,125,ACACTACTGTGTAATGGATA,73,4317738
yadI_predicted,0.736,215,124,TGCATGCTCGACGACTCAAA,91,4284189
yadI_predicted,0.15702479338842976,138,120,TGCATGTGAATCGGGGATAG,18,4284234
yadI_predicted,0.125,133,119,GTAATGGTAATGCCAGCTTG,14,4324699
yadI_predicted,0.7416666666666667,207,119,CTCGGGGGATTTAGGGGGCA,88,4284429
yadI_predicted,0.18487394957983194,139,118,TGGTTTGGGTAGTGGCGAGA,21,4293966
yadI_predicted,0.3793103448275862,158,115,GTCAGGCTGCCACTGGGAAG,43,4295562
yadI_predicted,0.1810344827586207,135,115,CCCCTATGAGCAGCTGCAGT,20,4289798
yadI_predicted,1.2260869565217392,254,114,GAGTAGCCTCCATCGAGCAT,140,4328859
yadI_predicted,0.22608695652173913,139,114,CGCTCGAAAGCTCTTCGAAA,25,4287131
yadI_predicted,0.24778761061946902,139,112,TGTGCACGCGACGATATCTA,27,4346835
yadI_predicted,0.44144144144144143,158,110,GTGCAGCTTGGTACGTTTTA,48,4336959
yadI_predicted,0.5225225225225225,167,110,AATGAGCCATAGAGTGGACG,57,4339633
yadI_predicted,0.3888888888888889,148,107,ATGCCAGACCTGACTCTGAG,41,4306788
yadI_predicted,0.6504854368932039,168,102,GGCTCAAGTAACCATGGGCT,66,4312242
yadI_predicted,0.10784313725490197,111,101,GGAAACATCATCCAGGCTGT,10,4285142
yadI_predicted,0.08,106,99,GCTTAATATGTAGCGTGCGT,7,4288489
yadI_predicted,0.5,148,99,AGAAGTCCACTTTTGTGAGA,49,4352631
yadI_predicted,0.1717171717171717,114,98,TGATCGTCATGGCCGTGCGT,16,4349109
yadI_predicted,0.45454545454545453,142,98,TCATTCAAGACCATCCGTGA,44,4287515
yadI_predicted,0.46464646464646464,143,98,AAGGGAGCAGGAGAACGACC,45,4352857
yadI_predicted,0.45918367346938777,141,97,GTCTACGTGAGGCGATAGGC,44,4342982
yadI_predicted,0.25,118,95,CTCCCGAAGGGGCCTCCAAG,23,4341890
yadI_predicted,0.5263157894736842,143,94,CTTCCCTCCGACATGACGTG,49,4287721
yadI_predicted,0.22105263157894736,114,94,ATCACAGTTCCTAACATAAC,20,4320424
yadI_predicted,0.043010752688172046,95,92,GTGATGCTTCTACGCCCATA,3,4304551
yadI_predicted,0.24731182795698925,114,92,CGAATGATGGTGAACTGCAT,22,4323680
yadI_predicted,0.5913978494623656,146,92,ATATCATGAGTTTACGACTC,54,4320900
yadI_predicted,0.5978260869565217,145,91,TTCGCTAATCTGATTGCCAC,54,4317055
yadI_predicted,0.32222222222222224,117,89,CACGGACTCTGTCCAAGCAT,28,4326760
yadI_predicted,0.6888888888888889,150,89,AGGTTCGGGATGCTGATACA,61,4285579
yadI_predicted,1.1123595505617978,186,88,GTTACGAGCGCTGCTATCTA,98,4292035
yadI_predicted,0.6179775280898876,142,88,GGACCGCAATTCCCTGTCAA,54,4298383
yadI_predicted,0.20454545454545456,104,87,AGGGCGGATGGGCGGGGTGT,17,4287769
yadI_predicted,0.04597701149425287,89,86,TGTATGCGGGGTACTAAGCC,3,4334253
yadI_predicted,0.25287356321839083,107,86,GTAAGTCCTAGACCCGTCAT,21,4293120
yadI_predicted,0.5517241379310345,133,86,GCCTAAGCCCGTTTATTACG,47,4350861
yadI_predicted,0.12643678160919541,96,86,CTCCAAGGGCTGTATACATG,10,4286504
yadI_predicted,0.5232558139534884,129,85,TTTAAATGGTAGATCGCGAT,44,4339494
yadI_predicted,0.05813953488372093,89,85,TGGATGTGGCATTAGTTCTT,4,4285641
yadI_predicted,0.4186046511627907,120,85,GGTACTGTGCAAGCTTTGAC,35,4320640
yadI_predicted,2.0941176470588236,261,84,TTGTCTCTCTTTGCATACCT,177,4311701
yadI_predicted,0.058823529411764705,88,84,GGTGGGGTCGTGACTACGGT,4,4311656
yadI_predicted,0.7294117647058823,145,84,CGGTCTATTCTATATCGTGC,61,4295766
yadI_predicted,0.3764705882352941,115,84,AAACTTTGCTTTGCAGTACA,31,4336724
yadI_predicted,0.40476190476190477,116,83,TAAGGTAACGCAGCGACCGA,33,4331799
yadI_predicted,0.5238095238095238,126,83,GACGTTTCCGGAGATATCCA,43,4285362
yadI_predicted,1.3571428571428572,196,83,CTTGATTACACGTGTGTTCA,113,4306492
yadI_predicted,0.4523809523809524,120,83,CTTATAGTTGAATCGGCATG,37,4291575
yadI_predicted,0.8333333333333334,152,83,CTCGGTATGTAAATCTCGCT,69,4291963
yadI_predicted,0.08333333333333333,89,83,ATGAATCCGGTGCGTCCCAG,6,4297194
yadI_predicted,0.024096385542168676,83,82,GGAGTTTTACAAGATTAACC,1,4341776
yadI_predicted,0.7108433734939759,140,82,GCTGCCAGTCGTGCTGCCTA,58,4327963
yadI_predicted,0.18072289156626506,96,82,GAGCTAGGCCGGGACGCCGT,14,4301933
yadI_predicted,0.9512195121951219,158,81,GTGATAGGGACCGCATGAGA,77,4289453
yadI_predicted,0.8414634146341463,149,81,CTAGCCCGCGTATTCGCCGC,68,4319778
yadI_predicted,0.36585365853658536,110,81,AGTAGGCGGTGTCCCTAGCT,29,4284597
yadI_predicted,0.4444444444444444,115,80,TGACTACTGGACGGACTGCT,35,4308836
yadI_predicted,0.2839506172839506,102,80,GAGCCGGCGGTTATGATTAA,22,4290763
yadI_predicted,0.6172839506172839,129,80,CTACGGTTAGTCCGTCGGTG,49,4323868
yadI_predicted,0.12345679012345678,89,80,CAGGTCGGGAATGCCATCAA,9,4294132
yadI_predicted,0.2125,95,79,TGGTAAACGGGCGCTGCTTA,16,4346460
yadI_predicted,0.1125,87,79,AGTCATACATGACTACGGAA,8,4304172
yadI_predicted,0.7375,137,79,AGATCGAGCTAGGAATGCTA,58,4329900
yadI_predicted,0.1518987341772152,89,78,TGGAGGGCGGCGACAGCACG,11,4287215
yadI_predicted,0.7215189873417721,134,78,TCACGGCCGGTGGAATCAAA,56,4367211
yadI_predicted,0.43037974683544306,111,78,GGAACTAAGCGACGAATCAA,33,4307181
yadI_predicted,0.4810126582278481,115,78,CGTCATGGCGCCTGGAATTG,37,4291640
yadI_predicted,0.12658227848101267,87,78,CGATGGCATTAAAAGTTTGG,9,4308105
yadI_predicted,0.569620253164557,122,78,CATATCATATGGAGCGGTCA,44,4290181
yadI_predicted,1.1518987341772151,168,78,CAGTAGTTCATGGTTTACTA,90,4311546
yadI_predicted,0.6666666666666666,128,77,TCGGCGTAGATCCGGTCCTA,51,4324129
yadI_predicted,0.5769230769230769,121,77,TAGATCAACTCAGCTACCAA,44,4286704
yadI_predicted,3.5256410256410255,351,77,TAAACCCCCTTCGTACCTTG,274,4286797
yadI_predicted,0.2692307692307692,97,77,CTATTGGGGGAATAAGAACG,20,4367697
yadI_predicted,0.02564102564102564,78,77,ATCCATCCGCGTAATGAGCA,1,4317110
yadI_predicted,0.11538461538461539,85,77,ACACAGCCAAGAAGGCGAAA,8,4314726
yadI_predicted,0.782051282051282,137,77,AAACGCTATGTTTAATTCGT,60,4310430
yadI_predicted,0.7662337662337663,134,76,TTCGGGAAGTCTATTGGTTC,58,4339028
yadI_predicted,0.15584415584415584,87,76,TCAGTAAGGACAATGTGCAT,11,4291379
yadI_predicted,0.09090909090909091,82,76,CTGTCCAGGTGAAAAGAGCA,6,4331730
yadI_predicted,0.12987012987012986,85,76,CGTACAGGCAATAATCAGTA,9,4338885
yadI_predicted,0.42857142857142855,108,76,CCTTACACAAGAGCAATTGC,32,4354926
yadI_predicted,0.922077922077922,146,76,ATGGATTAAGAATTGGATTA,70,4306670
yadI_predicted,0.19480519480519481,90,76,AACGGTGCCACCGGTGAATT,14,4369521
yadI_predicted,0.039473684210526314,77,75,TATTCGTCGGAATAGCATAC,2,4291010
yadI_predicted,1.236842105263158,168,75,TAAACTATGATTCCACCACT,93,4320954
yadI_predicted,0.32894736842105265,99,75,GTCCGCATTGGTACACACAT,24,4357254
yadI_predicted,0.3157894736842105,98,75,CCCAGTCCCCAGACATGACA,23,4303724
yadI_predicted,0.32894736842105265,99,75,ATTGGGTTTAGTGTTGGTAC,24,4349774
yadI_predicted,1.013157894736842,151,75,ATCGTCTGGTGCATCTACGG,76,4350584
yadI_predicted,0.6266666666666667,120,74,TTGCATCAGATGGCTGTCAT,46,4364315
yadI_predicted,1.0,148,74,TATCGGGCTTCCCACGGATG,74,4332814
yadI_predicted,0.16,85,74,GATAACTCCCTGAAGGTCCA,11,4294423
yadI_predicted,0.16216216216216217,84,73,TCCGCGTAAGGTTATCGATG,11,4297894
yadI_predicted,0.25675675675675674,91,73,CTAAGAATTGCAGGCGTGCT,18,4290650
yadI_predicted,0.1891891891891892,86,73,CCCGGTAGCACCAGGACATT,13,4295571
yadI_predicted,0.12162162162162163,81,73,ATAACAGCTATTCCATGGTA,8,4364793
yadI_predicted,1.0675675675675675,151,73,AAGCAAACGAGTGATTGACT,78,4288611
yadI_predicted,0.3424657534246575,96,72,GTACTGCGCCGTTGCCGGAT,24,4344067
yadI_predicted,0.0410958904109589,74,72,GAGGCTCCTAAGTCGGTATG,2,4329075
yadI_predicted,0.1506849315068493,82,72,CGACACTCGATCGGTTCGAG,10,4289666
yadI_predicted,1.0410958904109588,147,72,CCGCCTGGTGGGGTGCTTAG,75,4367214
yadI_predicted,0.0273972602739726,73,72,AGTCGTGAGGAGCCAGGAAA,1,4337897
yadI_predicted,0.7777777777777778,126,71,TTCGGACGAGCTCCGCTATA,55,4290016
yadI_predicted,1.0277777777777777,144,71,GCGTAGATAGCGTCCAGTTT,73,4288153
yadI_predicted,0.8333333333333334,130,71,GACTAGACAGTCGGCAGTGC,59,4289256
yadI_predicted,1.2638888888888888,161,71,CGATCCCCGAGGATTTCGGT,90,4313149
yadI_predicted,0.8611111111111112,132,71,CCATCTACAACCACAATAGT,61,4305466
yadI_predicted,0.2638888888888889,89,71,CATAATTTCAGTAATACTAC,18,4285844
yadI_predicted,0.3472222222222222,95,71,CAGTGCTCGCTTCCGCCACT,24,4293348
yadI_predicted,0.16666666666666666,82,71,ATTGAGGATCTAGAACTCCC,11,4297698
yadI_predicted,1.0416666666666667,145,71,AATTACCATAGGCAAAAGAC,74,4319447
yadI_predicted,0.4084507042253521,98,70,TCGGATTTGGACAAAGTCTG,28,4337373
yadI_predicted,0.23943661971830985,86,70,TATTCTCTTGTACCTTTAAG,16,4360732
yadI_predicted,0.323943661971831,92,70,TAAGCGTGACAAAATCTTAA,22,4329078
yadI_predicted,0.6901408450704225,118,70,GCACAGCTTCCAAAAATGTA,48,4348149
yadI_predicted,0.29577464788732394,90,70,CGTCGATGAGTTACAAGGCC,20,4354196
yadI_predicted,0.6901408450704225,118,70,CCCCCGGCGTGGATGCGATA,48,4300636
yadI_predicted,0.18309859154929578,82,70,AATTGGCATTTCATTCTTAA,12,4322259
yadI_predicted,0.5492957746478874,108,70,AAGAATTCCGGAATGGTTAC,38,4313949
yadI_predicted,0.2,82,69,TAGAGAGGGAATCGTTGTAT,13,4298385
yadI_predicted,0.8142857142857143,125,69,GCCACCAAATCACTTTTGGT,56,4295873
yadI_predicted,0.44285714285714284,99,69,GATTCGGAGGATTGTCGGGA,30,4290831
yadI_predicted,0.05714285714285714,72,69,GAGTGTACCCTATGTAAAGT,3,4357991
yadI_predicted,0.2714285714285714,87,69,CTTTACTGGATGCGCGGCGG,18,4333749
yadI_predicted,0.8428571428571429,127,69,CTCCTCTGATATGTCGTCCA,58,4341068
yadI_predicted,1.457142857142857,170,69,CGAACGGGTCAAACAGAGAC,101,4354447
yadI_predicted,1.0571428571428572,142,69,ACGATTAGGTCTGTGACCGT,73,4284528
yadI_predicted,0.3333333333333333,90,68,TTCCGCCCACGAGACCCCTA,22,4330646
yadI_predicted,0.30434782608695654,88,68,TGTCTACCGGACCAATTGAG,20,4339878
yadI_predicted,1.6666666666666667,182,68,TCTTATTGACACGCATCGTT,114,4309922
yadI_predicted,0.2753623188405797,86,68,TCATGTTCCCCCAGTACCTG,18,4295373
yadI_predicted,0.3333333333333333,90,68,TAAAGTGGCACTCTGGATGT,22,4287696
yadI_predicted,1.826086956521739,193,68,GTCGCCAACGTGACACCGTA,125,4351958
yadI_predicted,0.14492753623188406,77,68,GGATCTCCCAGACTGCGTTT,9,4285853
yadI_predicted,0.30434782608695654,88,68,CTTTTTCCAGTATAGAGTTC,20,4334950
yadI_predicted,0.5797101449275363,107,68,CATTTAGCTATTGAACGTCG,39,4302446
yadI_predicted,0.7246376811594203,117,68,AGTCCTACCGCCGTCACTGG,49,4341366
yadI_predicted,0.5507246376811594,105,68,ACGTCAACGACCCGAGGAGT,37,4323835
yadI_predicted,0.028985507246376812,69,68,ACCCGAGTTAGCTCGCAATA,1,4342886
yadI_predicted,0.20588235294117646,80,67,TGGCGTAATTGGTGCCAATG,13,4363101
yadI_predicted,0.16176470588235295,77,67,GCGTTTAGTGGGGCGATGTT,10,4359509
yadI_predicted,0.5735294117647058,105,67,GAGGGTGGAACTATCGGCAT,38,4343318
yadI_predicted,0.07352941176470588,71,67,CTTGTGTGTGCAGGTGGAAA,4,4358454
yadI_predicted,0.20588235294117646,80,67,CTCCTGTCGATGGAATCGGA,13,4336365
yadI_predicted,0.3088235294117647,87,67,CTATCGTGTGACATACACCA,20,4358208
yadI_predicted,0.7941176470588235,120,67,CGCCTAACGTCTTAGATCAT,53,4294985
yadI_predicted,0.7941176470588235,120,67,CAACAGAAGACTCGCCGGAC,53,4333584
yadI_predicted,0.29411764705882354,86,67,ATCAGCAGATGCCCGAAATG,19,4310091
yadI_predicted,0.6176470588235294,108,67,AACAGGCATTTTTGAACGGC,41,4367227
yadI_predicted,0.23880597014925373,81,66,TTAACTCAAAGTATCACCCG,15,4331615
yadI_predicted,0.5522388059701493,102,66,TCCTCTTTATTTGGCGGCAT,36,4315014
yadI_predicted,0.05970149253731343,69,66,CTACTCGTCATGACGACTAC,3,4296940
yadI_predicted,0.6417910447761194,108,66,CCATGTGTTTAAATCGGCAT,42,4342086
yadI_predicted,0.6119402985074627,106,66,AGGAGCACCTCGCGCTGGAA,40,4308525
yadI_predicted,0.6417910447761194,108,66,AGCCTAGGGTGCATTGGGAA,42,4304089
yadI_predicted,0.3283582089552239,87,66,AAGAAGCACGACATCGGCGT,21,4336735
yadI_predicted,0.36363636363636365,88,65,TTGTATTCTCAAGGGCCAAT,23,4299350
yadI_predicted,0.3484848484848485,87,65,TGGTTAGCCGGAGAATCAAG,22,4307238
yadI_predicted,0.09090909090909091,70,65,GGAATGTTCCTAGGAGGCAG,5,4360222
yadI_predicted,0.6212121212121212,105,65,GCAACCCTTCATACGGATGA,40,4332124
yadI_predicted,1.5757575757575757,168,65,GACGACCGACCCTGGCAGGT,103,4284117
yadI_predicted,0.9393939393939394,126,65,CGGACGGCATGGATCCTCCC,61,4360354
yadI_predicted,0.19696969696969696,77,65,CCATCTTGTGCGACAATACC,12,4309346
yadI_predicted,0.07575757575757576,69,65,CCACTCTTACCGTGCCTGTG,4,4351444
yadI_predicted,0.8939393939393939,123,65,CACCCATCGTGCGCACGTCG,58,4286505
yadI_predicted,0.5606060606060606,101,65,ATCCCGCAAAAAGTAGAATA,36,4306646
yadI_predicted,0.5303030303030303,99,65,ACTACAGTGTAATAGTGGTA,34,4290394
yadI_predicted,0.8181818181818182,118,65,ACATCACCTGTGAATGGAAA,53,4291598
yadI_predicted,0.46153846153846156,93,64,TTGTGGGCCTTGACTTCCCG,29,4349279
yadI_predicted,0.046153846153846156,66,64,TGGAGCTCAACCTTGTCATG,2,4316897
yadI_predicted,0.4,89,64,TCCCAAAAGGGACCGGAGAA,25,4323095
yadI_predicted,0.3230769230769231,84,64,GTCGGCTTTCTCGGCCAAAG,20,4328703
yadI_predicted,0.4,89,64,GGATAATACAGTCCCGTTGG,25,4331155
yadI_predicted,0.4307692307692308,91,64,GAACGCAAATGGAACGTAGA,27,4297566
yadI_predicted,0.2153846153846154,77,64,CTTCAGGGATCTCATATCGT,13,4336594
yadI_predicted,0.15384615384615385,73,64,CTTATTGCACGTCAGCCGTA,9,4316167
yadI_predicted,0.3076923076923077,83,64,CGGCAGGCGTGTCCATGGAA,19,4287573
yadI_predicted,0.27692307692307694,81,64,CGACCCGCCTCGAAAGGAGT,17,4329766
yadI_predicted,0.4153846153846154,90,64,CATGCCAATAGAGACTGTAC,26,4299709
yadI_predicted,0.6615384615384615,106,64,AAGACTTTTCTTTCCCGTGG,42,4285501
yadI_predicted,0.35384615384615387,86,64,AAACCGCCCGGTTACTCAAG,22,4290929
yadI_predicted,1.0,126,63,TGGTTAGACCCGTGGCATTT,63,4289799
yadI_predicted,0.5,94,63,TGGTCAAACGGCTCTATGCC,31,4341520
yadI_predicted,1.078125,131,63,TGCATGGGCACATTTTGGTA,68,4323819
yadI_predicted,0.34375,84,63,TATGGTCGGAGGCAGGCTCA,21,4322165
yadI_predicted,0.359375,85,63,GTCGGATTATACACTATTGA,22,4287986
yadI_predicted,0.234375,77,63,GCGGCTTGAGTAAGAACTCG,14,4287616
yadI_predicted,0.234375,77,63,GACTAGGCGGACTTCGCACT,14,4330358
yadI_predicted,0.890625,119,63,GAACCCGGCCCTACCTCGGG,56,4324282
yadI_predicted,0.421875,89,63,CTTTCTGCGAGGAACCTGAT,26,4293481
yadI_predicted,0.390625,87,63,CTGCCACGCTAAGCTCACTA,24,4289735
yadI_predicted,0.828125,115,63,CTCGTTGGCGGCAGTTGGGT,52,4322131
yadI_predicted,0.890625,119,63,CGTTTATACGGACTAAGCCG,56,4286856
yadI_predicted,0.75,110,63,ACCTTCTTAATGTTTGGCGC,47,4284885
yadI_predicted,1.375,150,63,AATGACCGGGTCCCGTACTT,87,4302041
yadI_predicted,0.5396825396825397,95,62,TGAGACTCGGGAAAAGAATG,33,4351290
yadI_predicted,0.15873015873015872,71,62,TCTTATCGTCCAATTTCCGG,9,4288996
yadI_predicted,0.2698412698412698,78,62,GGCACCTTTGGTGGCCTTTT,16,4286342
yadI_predicted,0.47619047619047616,91,62,GATAGAAGTTCGATCACACG,29,4345508
yadI_predicted,1.5238095238095237,157,62,CTCTTACATTGAGGGCTATA,95,4319215
yadI_predicted,0.6507936507936508,102,62,CCGGTGATTGCCTTGCAGTT,40,4293978
yadI_predicted,0.38095238095238093,85,62,ATTCGCTTGACATAACCGAG,23,4350269
yadI_predicted,0.42857142857142855,88,62,ATGGGTTACGGCAGTCTCTC,26,4306453
yadI_predicted,0.8412698412698413,114,62,ATCGAGAACGACTTTCTCCT,52,4357749
yadI_predicted,0.9206349206349206,119,62,ATAACCTCTGTAACGCTTTC,57,4309225
yadI_predicted,0.8888888888888888,117,62,AGACTGTACCCGATATTCAT,55,4353584
yadI_predicted,1.4285714285714286,151,62,ACCCTTTGCGCAGTCCAGGT,89,4369991
yadI_predicted,1.403225806451613,147,61,TCATTAGGTCACGTCCTTAC,86,4312680
yadI_predicted,0.0967741935483871,66,61,CTTGTCGGGCATAAGTGTCT,5,4343266
yadI_predicted,0.3709677419354839,83,61,CATCGGGCTTATAAGAGTGA,22,4303549
yadI_predicted,0.4032258064516129,85,61,ATGAATTGCGTTAGGAAATG,24,4355495
yadI_predicted,0.46774193548387094,89,61,AGGTGGATGTCAATGTCGCT,28,4284796
yadI_predicted,0.1774193548387097,71,61,AGGTAGTGGGGGGCCTAATT,10,4308109
yadI_predicted,1.032258064516129,124,61,AGGGATGACCCAACTGTTGT,63,4300257
yadI_predicted,1.0161290322580645,123,61,ACGGCTGTACTTTTGCTGTT,62,4331962
yadI_predicted,0.3709677419354839,83,61,AAGACGCTGGTGTGTGCTCG,22,4310747
yadI_predicted,0.6129032258064516,98,61,AACCATCCGTTGCACGGACA,37,4310279
yadI_predicted,0.2459016393442623,74,60,TTGCGACAACGGGATACAAG,14,4290837
yadI_predicted,0.29508196721311475,77,60,TTACCGGACTCCATAGAATT,17,4305061
yadI_predicted,1.0,120,60,TGTCTCGAGTCTCGTCTCAA,60,4354189
yadI_predicted,0.7704918032786885,106,60,TGCATGCCTAGGAATTTCAA,46,4358539
yadI_predicted,0.14754098360655737,68,60,TAGGTGTAGACAGAGAGCCA,8,4286858
yadI_predicted,1.6885245901639345,162,60,TAATAACCACTACTTCGCCT,102,4330360
yadI_predicted,0.8360655737704918,110,60,GTTAGTGGGAGCCGCGCGTA,50,4331836
yadI_predicted,0.3114754098360656,78,60,GTAGTTAAAAGCTTGTCGCG,18,4357808
yadI_predicted,0.2459016393442623,74,60,CTTGACGAAGTTCTCTTTTA,14,4286947
yadI_predicted,2.2459016393442623,196,60,CTGAACTACGTGCCCTAGCT,136,4356838
yadI_predicted,0.09836065573770492,65,60,CATCCTCCATTAATTCAGCA,5,4306790
yadI_predicted,0.03278688524590164,61,60,CACTTGTTGTTGAGCCGATT,1,4293886
yadI_predicted,0.14754098360655737,68,60,CAAGACATCCAGAAGTAATA,8,4297872
yadI_predicted,0.4426229508196721,86,60,AGAGAGCATAGAATGGGTGA,26,4313735
yadI_predicted,0.6065573770491803,96,60,AGACTCATAGGGTTCGAAGT,36,4341763
yadI_predicted,0.3114754098360656,78,60,AATAATAACCAATCCATCCG,18,4305688
yadI_predicted,0.06666666666666667,62,59,TGAGGGGCTGCCCGGACAAA,3,4354190
yadI_predicted,1.0333333333333334,120,59,TCTGCGCCGACACGACAAAG,61,4322676
yadI_predicted,0.16666666666666666,68,59,TCGGACTGGGGTTCTTGTGT,9,4296162
yadI_predicted,0.5833333333333334,93,59,TCATTAAGGTAGGCAAACTA,34,4332300
yadI_predicted,0.05,61,59,TAGGCTATCGGTTCCATCAG,2,4308000
yadI_predicted,0.25,73,59,TACAATTCTCGCTTGGTGCA,14,4318066
yadI_predicted,0.31666666666666665,77,59,GTAAGGCCCTTCGTGCTCAC,18,4333392
yadI_predicted,0.16666666666666666,68,59,CGGTGGTGTTTCATGGATGT,9,4313278
yadI_predicted,0.2,70,59,CGGCTACCTCGCGTCTTGGC,11,4364528
yadI_predicted,0.5666666666666667,92,59,CCTCCGGCAATCGTTCGCGT,33,4345561
yadI_predicted,0.05,61,59,CATCGAGAAGAAGTTGGATC,2,4320418
yadI_predicted,0.38333333333333336,81,59,AGGTAGACTGAAGTCCGACT,22,4311472
yadI_predicted,0.03333333333333333,60,59,AGGGGGTGGGGTTTCATCGA,1,4304038
yadI_predicted,0.5,88,59,AAGGATCTATAAAGTGAGCG,29,4357062
yadI_predicted,0.5333333333333333,90,59,AAAGTACGCACGTCATTCCA,31,4307241
yadI_predicted,0.03389830508474576,59,58,TTATCTGCATGAAGCTTAAT,1,4341955
yadI_predicted,0.7796610169491526,103,58,TTAATCGGCGGCTGCGGATA,45,4303737
yadI_predicted,0.03389830508474576,59,58,TATTTTCCTCTCGATGTGTA,1,4298739
yadI_predicted,0.7796610169491526,103,58,TATATTTGTCTTGCAGTGGG,45,4294298
yadI_predicted,0.2711864406779661,73,58,TAGCGAAGGTGGTGGGACGT,15,4353502
yadI_predicted,1.152542372881356,125,58,TACCGTCGAAGGGTCCAGAT,67,4293798
yadI_predicted,0.15254237288135594,66,58,GTGTAGTTCACTCCGTGATG,8,4343635
yadI_predicted,0.1864406779661017,68,58,GGGGGGGCGTCGCGAATTTA,10,4306187
yadI_predicted,0.6610169491525424,96,58,GCTTTTCGATCTCATTGTGT,38,4354240
yadI_predicted,0.06779661016949153,61,58,GCATTAGTAAGACGGTATGT,3,4305880
yadI_predicted,0.03389830508474576,59,58,GCACAGAACCGGCTTTCTAG,1,4340694
yadI_predicted,0.03389830508474576,59,58,GAGCCGTTTCGGGCAATCTT,1,4327665
yadI_predicted,0.3389830508474576,77,58,CTCGGAGGAATACCTAGAAC,19,4348694
yadI_predicted,0.2033898305084746,69,58,CGTGGCTCTGGGAAATTTCC,11,4289313
yadI_predicted,0.9830508474576272,115,58,CGCTGCGGGCTAAACTAGCA,57,4300637
yadI_predicted,0.711864406779661,99,58,CACTGAGAATACGCACACCC,41,4311703
yadI_predicted,0.6101694915254238,93,58,CACCTCGATACAGAAGATTA,35,4365319
yadI_predicted,0.3050847457627119,75,58,ATCCATTCTGATCAGGCTTG,17,4322411
yadI_predicted,0.2542372881355932,72,58,AGGCAGAAAACTGGCTTGAG,14,4289028
yadI_predicted,0.0847457627118644,62,58,ACGCTAAACTGCCATTAAGA,4,4314343
yadI_predicted,1.3389830508474576,136,58,AACAGGCGGATGCACGTGCT,78,4304257
yadI_predicted,0.7758620689655172,101,57,TTCTTTCAATAGTCCTCTGG,44,4284526
yadI_predicted,0.27586206896551724,72,57,TGGACCACGGGGATGATCTA,15,4314344
yadI_predicted,0.1896551724137931,67,57,TCTACCAATGTCAGGGTTAT,10,4312635
yadI_predicted,0.25862068965517243,71,57,GTCGGTAGTGCGCGACAAAG,14,4286051
yadI_predicted,0.4482758620689655,82,57,GTCATAGGAAAGGGGCCGGG,25,4304542
yadI_predicted,0.41379310344827586,80,57,GTACCATCTTACGTCCACAC,23,4325737
yadI_predicted,0.29310344827586204,73,57,GCTCGGTCGCTTCGGCTATA,16,4356775
yadI_predicted,0.6206896551724138,92,57,GAGTATGAGGAACGTACTTG,35,4369119
yadI_predicted,1.3620689655172413,135,57,CTTGGTGGGTGTTAGGGCGA,78,4346804
yadI_predicted,0.08620689655172414,61,57,CGTGGCGTTCGCTAAGCACT,4,4345441
yadI_predicted,1.3620689655172413,135,57,CGGTAAGACCCGGATCCTTT,78,4332716
yadI_predicted,1.1896551724137931,125,57,CGCAGATGTGTATCTTATAT,68,4294297
yadI_predicted,0.4482758620689655,82,57,CCGACCCCCCCAGCGTCAAT,25,4291856
yadI_predicted,1.0862068965517242,119,57,CACTCGAAATCTGCGGTAAC,62,4329835
yadI_predicted,0.3448275862068966,76,57,CACAATGCCAATGTCTTGGA,19,4306866
yadI_predicted,0.5517241379310345,88,57,ATTGAGCATACAACTTTCTA,31,4300876
yadI_predicted,0.06896551724137931,60,57,ATCTGAGCGCTAGACGTTGT,3,4286660
yadI_predicted,0.9310344827586207,110,57,AGGTTCTGTACCAGTTTGCA,53,4302284
yadI_predicted,0.13793103448275862,64,57,ACTACCCGGTCACACACGTA,7,4292458
yadI_predicted,0.46551724137931033,83,57,ACCACGGGAATCGGGAGTTT,26,4369643
yadI_predicted,0.6379310344827587,93,57,AAGCGGTACGAGTGCAAGCA,36,4284435
yadI_predicted,0.6491228070175439,92,56,TTTCGGTATCAGCCGAAGCA,36,4296853
yadI_predicted,0.7017543859649122,95,56,TGCATCATCCCAGGGAATAT,39,4305386
yadI_predicted,0.05263157894736842,58,56,TGAGGCAGGGAGTTGTAAGT,2,4299042
yadI_predicted,0.03508771929824561,57,56,TCGTATCGGGTAGCGCAAGA,1,4316339
yadI_predicted,0.7543859649122807,98,56,GTTCAGGTAACATTTAGGAA,42,4301641
yadI_predicted,0.42105263157894735,79,56,GTAAAGCACTCAGCAAATGG,23,4328987
yadI_predicted,0.15789473684210525,64,56,GGGAGCCTAAAAATTCTAAG,8,4350782
yadI_predicted,0.9473684210526315,109,56,GGAGCCAGCCAGTAAGACTG,53,4291914
yadI_predicted,0.7894736842105263,100,56,GCACATTCCACACAAACACT,44,4305110
yadI_predicted,1.0,112,56,CTTAGATATAAACGAGGTCT,56,4305882
yadI_predicted,1.1754385964912282,122,56,CTCACCTTGGCCGGTACGAA,66,4290228
yadI_predicted,0.38596491228070173,77,56,CTAGAGCTTCGTTCGGACCT,21,4345618
yadI_predicted,0.49122807017543857,83,56,CGGCTGCCTGGATATGTACG,27,4284332
yadI_predicted,0.2807017543859649,71,56,CGCAATAAAGGGCCACGCAT,15,4321859
yadI_predicted,0.15789473684210525,64,56,CGATCGCGCAGACTAATTAT,8,4299962
yadI_predicted,0.9122807017543859,107,56,CCGCGGGGGACCAAGTACAA,51,4303725
yadI_predicted,0.12280701754385964,62,56,ATTCAAGTTAAAGCGGTTTT,6,4366579
yadI_predicted,0.32142857142857145,72,55,TGTATTTCGGGTTTAACCGA,17,4304041
yadI_predicted,0.42857142857142855,78,55,TATGGGGATCAGTTCATCAG,23,4334372
yadI_predicted,0.5535714285714286,85,55,TACTTGGATCGGTAATCCGG,30,4352404
yadI_predicted,0.9285714285714286,106,55,TACAACTGTGCAAACGTAGT,51,4348966
yadI_predicted,1.1785714285714286,120,55,GTGTGCTTTCCGACATATGG,65,4314942
yadI_predicted,0.5714285714285714,86,55,GTACGCACAAGCTCAAGGTT,31,4360413
yadI_predicted,1.0714285714285714,114,55,GGGTTTCTGATCCCTCCGAA,59,4287755
yadI_predicted,0.16071428571428573,63,55,GGCGTGCCTCAGAGGCCCTG,8,4341944
yadI_predicted,0.625,89,55,GATTTAGCGACTGAATTATA,34,4321257
yadI_predicted,0.44642857142857145,79,55,GATGCGGTAACCCGGAGACA,24,4324712
yadI_predicted,1.125,117,55,CGGAGTGTTGGCACGTAGTG,62,4325445
yadI_predicted,0.8035714285714286,99,55,CGCTCTAACACTTGATATGA,44,4365064
yadI_predicted,0.26785714285714285,69,55,CCATCCATGTCCTCCGAAGC,14,4359133
yadI_predicted,0.03571428571428571,56,55,CATACCTACAAGAGTGTAAA,1,4311045
yadI_predicted,0.42857142857142855,78,55,ATTGGCACTTCAGTCTAGCG,23,4328299
yadI_predicted,0.03571428571428571,56,55,ATTCATCGAGGGGTGACGAA,1,4318772
yadI_predicted,0.8928571428571429,104,55,ATTAACATAGTCGATTCACT,49,4306274
yadI_predicted,0.625,89,55,ATGAGAGAGATGCATGACCT,34,4339880
yadI_predicted,0.03571428571428571,56,55,AGCCTAACCGGATCAGCGAA,1,4287320
yadI_predicted,0.5535714285714286,85,55,AGAAGACACCATGGACAGAT,30,4341190
yadI_predicted,0.625,89,55,ACCGCAGACCGCGTCAAAGC,34,4325554
yadI_predicted,0.7818181818181819,96,54,TGCGAGGCCACTGTAAGATG,42,4292799
yadI_predicted,1.2545454545454546,122,54,TGACCCATGCGACATTCTGA,68,4314342
yadI_predicted,0.18181818181818182,63,54,GTTGAAACCTTTTGTAGTTA,9,4347729
yadI_predicted,1.4,130,54,GTTAACCAGTTCATGTCATA,76,4361035
yadI_predicted,0.36363636363636365,73,54,GTCGTGGTACTGAAGTTAGA,19,4344732
yadI_predicted,0.09090909090909091,58,54,GCAACCCCGGGTCATGTGTA,4,4289951
yadI_predicted,0.34545454545454546,72,54,CTGTTTGGGTTGATTGTTAT,18,4353028
yadI_predicted,0.03636363636363636,55,54,CTCACGGTCCCAGTTCAGTA,1,4284710
yadI_predicted,0.5454545454545454,83,54,CTACTGATCACCACAATAGA,29,4348495
yadI_predicted,0.12727272727272726,60,54,CGCTGTCCTTGCAGGGTCAG,6,4342528
yadI_predicted,2.581818181818182,195,54,CGCGCTATCCGGATACAGAG,141,4350937
yadI_predicted,1.0363636363636364,110,54,CCGACCTCATATAGGTGCCC,56,4346754
yadI_predicted,0.4909090909090909,80,54,ATTGACGATTTTCCCTCAGA,26,4286102
yadI_predicted,0.509090909090909,81,54,ATGTCCGCGTATAAGGGAAC,27,4292851
yadI_predicted,0.32727272727272727,71,54,ATGGTTTTGCCTCGGAGGTA,17,4347858
yadI_predicted,0.3090909090909091,70,54,ATGGAACGCCGCCGGAGCCA,16,4314600
yadI_predicted,0.9454545454545454,105,54,ATGATTGAGTCCGTTACCAG,51,4287763
yadI_predicted,0.23636363636363636,66,54,ATGAACATGGTCATTCATTG,12,4295943
yadI_predicted,0.03636363636363636,55,54,ATCAAGTACGCTGTAGAATA,1,4330063
yadI_predicted,0.6727272727272727,90,54,ATACAGAGAACTACTTCGGT,36,4330705
yadI_predicted,0.4727272727272727,79,54,ACCATTGTCGTTTCTCAAGT,25,4286657
yadI_predicted,0.32727272727272727,71,54,AATTTCAGACCTAGATCGTT,17,4307015
yadI_predicted,0.45454545454545453,78,54,AATCGGTCGTCCTGTGGTAC,24,4344166
yadI_predicted,0.38181818181818183,74,54,AAGTCGTCGAAAAAATGGAC,20,4322149
yadI_predicted,0.7636363636363637,95,54,AAGCCCGCTCATGTACTGGA,41,4364062
yadI_predicted,0.07407407407407407,56,53,TTTGTGGTCCTGGTCTACCA,3,4313746
yadI_predicted,1.5555555555555556,136,53,TCGAGTTTCTGGCAACCCCT,83,4354508
yadI_predicted,0.05555555555555555,55,53,TACTGACTATGCCCACGTTA,2,4325997
yadI_predicted,0.5555555555555556,82,53,TACTAGGGACAGGGTCCTTG,29,4338250
yadI_predicted,0.4444444444444444,76,53,TACCGCGTGCTATGCGGTAA,23,4358338
yadI_predicted,0.3148148148148148,69,53,GGTTACTTCCCAGCGCTGTT,16,4299466
yadI_predicted,0.8333333333333334,97,53,GGCGGCTTCTGGAGGACAAG,44,4314294
yadI_predicted,0.7222222222222222,91,53,GATCTATTTCGCATCAGTCT,38,4288183
yadI_predicted,0.3888888888888889,73,53,GACTGTCAATCATCGTCTCC,20,4294907
yadI_predicted,0.6296296296296297,86,53,GAAAGGTTCAACGTACTCAT,33,4296388
yadI_predicted,0.35185185185185186,71,53,CCCGAAGGAATACTGATACA,18,4339296
yadI_predicted,0.5,79,53,CCACCGCCAACGGACCATTT,26,4337754
yadI_predicted,0.2222222222222222,64,53,AGTGGTTGATCGGTCTCTTG,11,4353239
yadI_predicted,0.5185185185185185,80,53,AGGCGATCCTATCGCGTGGA,27,4332929
yadI_predicted,1.8888888888888888,154,53,ACGGCAAGCCGAGACTTTTA,101,4308919
yadI_predicted,0.037037037037037035,54,53,ACCGGGGTTCCACATTGCTA,1,4297729
yadI_predicted,0.35185185185185186,71,53,ACCCGGTGGCCGGGAGATAG,18,4296815
yadI_predicted,0.6111111111111112,85,53,AAGGACAGAATTGCCAGAGT,32,4322670
yadI_predicted,0.24528301886792453,64,52,TTGCAATGAAGTTCTAACGT,12,4293482
yadI_predicted,0.24528301886792453,64,52,TCCGGCATAAATGATCATAA,12,4305883
yadI_predicted,0.49056603773584906,77,52,TAGGGTTTCCGTGGTTACCG,25,4287226
yadI_predicted,1.849056603773585,149,52,TAAAATCTTGGGTGATGTAT,97,4318658
yadI_predicted,0.7358490566037735,90,52,GTCGCCGGGCTCGTCTACAA,38,4287990
yadI_predicted,0.7358490566037735,90,52,GGGAATTGTTTCTCTTCTAA,38,4369276
yadI_predicted,0.7169811320754716,89,52,GGCGGGCGGTCGGTAAGATG,37,4317056
yadI_predicted,0.22641509433962265,63,52,GCTCTGCATGTGGGCAAATA,11,4286766
yadI_predicted,0.6226415094339622,84,52,CGGGCCTCAAATATGAACGA,32,4297116
yadI_predicted,0.07547169811320754,55,52,CGGATTATACGTCCGAGGAG,3,4350409
yadI_predicted,0.49056603773584906,77,52,CGGACTTTTTTCATTTAAAA,25,4368719
yadI_predicted,1.7169811320754718,142,52,CACCATTTGGCACAAGTGTG,90,4332821
yadI_predicted,0.1320754716981132,58,52,ATTTGTTTGGTACGCATGTG,6,4307731
yadI_predicted,0.8679245283018868,97,52,AGGGCAGTCCTATGCACCTG,45,4342495
yadI_predicted,0.07547169811320754,55,52,AGATTGGATCAGTATGCAAC,3,4321725
yadI_predicted,0.1509433962264151,59,52,ACTTAGTCGAGTCTCCGTCA,7,4320781
yadI_predicted,0.7169811320754716,89,52,ACGGCTATCACAGGAAGATC,37,4306813
yadI_predicted,0.9245283018867925,100,52,AATTCAAACCCTAACGGGAA,48,4331235
yadI_predicted,0.11320754716981132,57,52,AACGTTACAATTGCCCTAAG,5,4288995
yadI_predicted,0.7307692307692307,88,51,TTGGAACGTCATATAGCTGT,37,4357481
yadI_predicted,1.2884615384615385,117,51,TTCTAAGAGTACAAACGAAC,66,4358400
yadI_predicted,0.5,76,51,TTACACGCGCTTCGGTATGA,25,4284325
yadI_predicted,0.9038461538461539,97,51,TGGAATGCAGTAGCGAGACG,46,4360625
yadI_predicted,0.36538461538461536,69,51,TGGAAATAAGCTCCATGCTA,18,4312583
yadI_predicted,0.4423076923076923,73,51,TCTTACGCGTCCGACGATAG,22,4287387
yadI_predicted,0.5192307692307693,77,51,TCGCTAGAGCTAAAACATTG,26,4339897
yadI_predicted,0.34615384615384615,68,51,GTCCCCGCGGTGTCATGCTA,17,4284333
yadI_predicted,0.9807692307692307,101,51,GGGGAATCCACGGGCTCCAT,50,4363887
yadI_predicted,1.4807692307692308,127,51,GCGACACCTGCTGCGTTGGT,76,4315484
yadI_predicted,0.7692307692307693,90,51,GCCTCTGTCTCGAGGACGCA,39,4288614
yadI_predicted,0.19230769230769232,60,51,GCCCCATGTTGCGAGCTGAT,9,4310097
yadI_predicted,0.38461538461538464,70,51,GCAACCAGTATTCGGTCTCA,19,4320042
yadI_predicted,0.2692307692307692,64,51,GAACTGGGGTAAGAGTGCTT,13,4328833
yadI_predicted,0.9038461538461539,97,51,CTTGCCGCATCATCCGCGAC,46,4286103
yadI_predicted,0.7692307692307693,90,51,CTAATCGATATCCAGCGCGA,39,4290336
yadI_predicted,0.07692307692307693,54,51,CGATGCTGATCATCGGCCAA,3,4311251
yadI_predicted,1.2884615384615385,117,51,CCAAAAAACAACATGAGGAG,66,4340422
yadI_predicted,0.8846153846153846,96,51,CAATCCGATCAAGCAGGCCT,45,4284361
yadI_predicted,1.1153846153846154,108,51,CAAGTGGCCTTTCCCATGGG,57,4349562
yadI_predicted,0.11538461538461539,56,51,AGTGAAACATGCTTGATATA,5,4353505
yadI_predicted,0.6538461538461539,84,51,ACTGTATGATTGTGAAGAGT,33,4302283
yadI_predicted,0.9423076923076923,99,51,ACCGCCCCATTACTGAACTT,48,4292433
yadI_predicted,0.5961538461538461,81,51,AAAAGTCCTCTAGCGATTGA,30,4297270
yadI_predicted,0.7647058823529411,88,50,TTGTTCATGGACCTCCTCCG,38,4323536
yadI_predicted,0.5686274509803921,78,50,TTGCGGTTATTGGTGTATCA,28,4333857
yadI_predicted,0.5686274509803921,78,50,TGGGGCAACTAATGTAGTAT,28,4305806
yadI_predicted,0.49019607843137253,74,50,TGACACAGGCATCGGTCTGT,24,4337899
yadI_predicted,0.6666666666666666,83,50,TCTGATCGCGCCCTTCCCAA,33,4289715
yadI_predicted,1.3725490196078431,119,50,TCGTGGCGCTCTACCTACCT,69,4329707
yadI_predicted,0.35294117647058826,67,50,TCCTAAGACGATATCTAACA,17,4350413
yadI_predicted,1.2941176470588236,115,50,GTGACGCTGTCCTCAACTTC,65,4294804
yadI_predicted,0.0784313725490196,53,50,GGTCAACCCCCAGCCAGATT,3,4316415
yadI_predicted,0.9607843137254902,98,50,GGCCGTCCAGGGGGCTGTCT,48,4336794
yadI_predicted,0.9215686274509803,96,50,GGATCGCTCCGATACTTCTG,46,4329454
yadI_predicted,0.3137254901960784,65,50,GGAAATTGGTGCGAAAGGAA,15,4336167
yadI_predicted,0.47058823529411764,73,50,GCTCGGCAGCTGGCTGACAA,23,4352363
yadI_predicted,0.09803921568627451,54,50,GATTGTCGTAGTCACTATAA,4,4311365
yadI_predicted,0.5294117647058824,76,50,GAGTGTTTCACTTGGGTTGG,26,4321897
yadI_predicted,1.0784313725490196,104,50,CTTTCGATAAGGTCGCCGTA,54,4342471
yadI_predicted,0.6470588235294118,82,50,CTTCAACGGTGTAAGATTGT,32,4298304
yadI_predicted,0.49019607843137253,74,50,CTTACCTTGACATCATCGGT,24,4306755
yadI_predicted,0.09803921568627451,54,50,CTCACAGTGTAGCAAGATTG,4,4368342
yadI_predicted,0.058823529411764705,52,50,CTATAAGCAGGGGTCCCACT,2,4305096
yadI_predicted,0.27450980392156865,63,50,CGGCTAGAATTGATGTCATT,13,4302292
yadI_predicted,0.6470588235294118,82,50,ATTTATTGGGGGCAATTGCC,32,4326765
yadI_predicted,0.09803921568627451,54,50,ATGTCTGCAAGTTTTCAAGA,4,4285989
yadI_predicted,0.5098039215686274,75,50,ATGCTCTTAATGTAAATCGT,25,4284841
yadI_predicted,0.7843137254901961,89,50,ATCGGCCCGTATTAGACCAT,39,4289516
yadI_predicted,0.0392156862745098,51,50,AGTACGGTAACCAATGGGGA,1,4360908
yadI_predicted,0.4117647058823529,70,50,AATACGTCAGGTCATAGATC,20,4288303
yadI_predicted,0.5490196078431373,77,50,AAATCAGGCGCCACATGATA,27,4288682
yadI_predicted,0.24,60,49,TTTTGCTTACGCCAGTGCAA,11,4290342
yadI_predicted,1.2,108,49,TTACTGAAATCATAAAACGC,59,4358450
yadI_predicted,0.72,84,49,TGTCACTAGCGCGGCCGCTC,35,4317747
yadI_predicted,0.12,54,49,TGATGGCCATGAGCTTGTGC,5,4332243
yadI_predicted,1.22,109,49,TCATCGTGCCGGCAACATTA,60,4287839
yadI_predicted,0.48,72,49,TATACGCTTGCAAGTCCATG,23,4285654
yadI_predicted,0.46,71,49,TACTTGTGGATTCGGGCCAG,22,4285276
yadI_predicted,0.6,78,49,TAATTCGCTGCGAGAACCAT,29,4294658
yadI_predicted,1.9,143,49,GGATCTGTAAATCTCATCAG,94,4357061
yadI_predicted,0.72,84,49,GCGTCTCACATGTTGAATAA,35,4341447
yadI_predicted,1.26,111,49,CTGTGGGTACCGTTTCGGGT,62,4334160
yadI_predicted,1.3,113,49,CTGAAGCGGAAAGGATAAAT,64,4335534
yadI_predicted,0.3,63,49,CGGTTCGACATCTGCATTGG,14,4314875
yadI_predicted,0.18,57,49,CAATTAATGCGAAGCCTCGG,8,4361179
yadI_predicted,0.56,76,49,ACTTATCATCAGATGCACAA,27,4349392
yadI_predicted,1.1,103,49,ACTCCCCACCAGGACCGCCT,54,4291738
yadI_predicted,0.46,71,49,AATAACGTCATCTGTGCAGG,22,4302806
yadI_predicted,0.5510204081632653,74,48,TTTGCATGAAGGGACCAAGC,26,4311900
yadI_predicted,0.04081632653061224,49,48,TTTGATTAGTGCAGCGCGTT,1,4358666
yadI_predicted,0.3877551020408163,66,48,TTGCTTACGTGTCATTAGAA,18,4325996
yadI_predicted,0.22448979591836735,58,48,TGGTCCAGGCCAATCTCGTA,10,4323951
yadI_predicted,0.04081632653061224,49,48,TGCGATGCCAATCTATGGGA,1,4331398
yadI_predicted,0.24489795918367346,59,48,TCTGTCTGCCGACGGTGGAA,11,4325199
yadI_predicted,0.04081632653061224,49,48,TCCTGTAGTATAAGGCGCAT,1,4290645
yadI_predicted,0.5510204081632653,74,48,TCCGGGTACCACCGTGTAAC,26,4347314
yadI_predicted,1.2244897959183674,107,48,TATGGCGAGCCTTTAATTCC,59,4296460
yadI_predicted,0.3673469387755102,65,48,TAGAATAGGCTTTAACCCTC,17,4288368
yadI_predicted,0.6326530612244898,78,48,TAATCCAACCGCGATGATGT,30,4325818
yadI_predicted,0.3877551020408163,66,48,TAAGTGCGACCGGCAGTTAA,18,4346032
yadI_predicted,0.42857142857142855,68,48,GTGCTTAATCGACGAATTCG,20,4344478
yadI_predicted,0.32653061224489793,63,48,GTAGGCCGCTAGGTCACCGT,15,4290231
yadI_predicted,0.6530612244897959,79,48,GCGGTTAGGCATATGAAAGG,31,4354184
yadI_predicted,0.1836734693877551,56,48,GCACTTGTGAACAGACAGCT,8,4315410
yadI_predicted,0.1836734693877551,56,48,GATCTGCAGTGGGTTAAAAG,8,4333690
yadI_predicted,0.7959183673469388,86,48,GAAGGCAACTTATGTGCAAT,38,4354068
yadI_predicted,0.5306122448979592,73,48,CTTAAGTCACCCTACAACAT,25,4322561
yadI_predicted,0.12244897959183673,53,48,CTGGCTTAAGGGCCTTACCT,5,4367894
yadI_predicted,0.24489795918367346,59,48,CTCCATGATTCTCGGGCAAA,11,4291496
yadI_predicted,0.04081632653061224,49,48,CTCACCACAGGATTGGAGCA,1,4342008
yadI_predicted,0.10204081632653061,52,48,CCTCGTGCACATTGCGGTAA,4,4315658
yadI_predicted,0.061224489795918366,50,48,CCTCCTACAAGCGAATCTCC,2,4284795
yadI_predicted,0.3877551020408163,66,48,CCCGCACCGCTGAACTTCGT,18,4311473
yadI_predicted,0.8163265306122449,87,48,CCACTTGGGGGGAGGCAGAC,39,4330467
yadI_predicted,1.163265306122449,104,48,CATTCTAGAGGAATGGCACA,56,4353040
yadI_predicted,0.3673469387755102,65,48,CACATCGTTGGCGGGGTCCT,17,4328908
yadI_predicted,0.04081632653061224,49,48,CAATCTATGGGATTTGTATG,1,4338257
yadI_predicted,0.6530612244897959,79,48,ATTCAGCTTTCCGGAAATGA,31,4291256
yadI_predicted,0.04081632653061224,49,48,AGTTCAACGACGACCAGGCT,1,4288304
yadI_predicted,0.7346938775510204,83,48,AGGTCCAAGGGTTCTCCTTT,35,4311647
yadI_predicted,1.816326530612245,136,48,ACTCCTATATTACCAGACTT,88,4284648
yadI_predicted,0.6938775510204082,81,48,AACTGTCTACTTGTTGTTGG,33,4306789
yadI_predicted,0.3877551020408163,66,48,AACGTATAGAGTAGCTATCA,18,4302949
yadI_predicted,0.08333333333333333,50,47,TTTTATCTACGTCGGTGGGT,3,4359959
yadI_predicted,0.2708333333333333,59,47,TTGTTGTCAAAAGATGCTCC,12,4324513
yadI_predicted,0.3541666666666667,63,47,TTGCCGTGGGGGCGCGCTGC,16,4333120
yadI_predicted,0.20833333333333334,56,47,TTCGGGATGGCGCATGTCCA,9,4330647
yadI_predicted,0.3125,61,47,TCTGCGTGGGAAGACTTCGT,14,4326627
yadI_predicted,0.5416666666666666,72,47,TCTGCATGGGGATGCAACGA,25,4349688
yadI_predicted,0.625,76,47,TCGTGCCTGCATGTATGAGT,29,4322258
yadI_predicted,0.2708333333333333,59,47,TCCGCGATCCGACTTCGCAT,12,4357058
yadI_predicted,0.7083333333333334,80,47,TACCGGGTATGGGATCGGGG,33,4308423
yadI_predicted,0.10416666666666667,51,47,TACAGAGCGGCAATTTGGAT,4,4309717
yadI_predicted,0.7083333333333334,80,47,TAATTCCGTGCGCCCACGGT,33,4362008
yadI_predicted,1.0833333333333333,98,47,TAACGAGTTGGGACCACTTT,51,4293552
yadI_predicted,0.5208333333333334,71,47,GTTCAAGCGCGGACGGCTTA,24,4322763
yadI_predicted,0.5,70,47,GTCCTGCACTTACTCGTCAC,23,4311409
yadI_predicted,0.5,70,47,GTAGAGAGCCGTCGGACCAA,23,4333955
yadI_predicted,0.125,52,47,GTAATTGGTTGCCACTTGCA,5,4347206
yadI_predicted,0.3958333333333333,65,47,GAGTCATGCGTCAGAGTGAA,18,4349036
yadI_predicted,0.4583333333333333,68,47,GACTCCATAGGACCCGATAA,21,4327895
yadI_predicted,1.0625,97,47,GACAAAGTTGCAGACTGACT,50,4299769
yadI_predicted,0.6666666666666666,78,47,CTTTACGGGTCGAAGGTCAT,31,4284797
yadI_predicted,1.0416666666666667,96,47,CTCACTTGCTTTAACCAAGG,49,4327173
yadI_predicted,0.4375,67,47,CCGTCTCGTGGAACTACCCA,20,4334034
yadI_predicted,1.0208333333333333,95,47,CCCACTGCTCACAGGCTGGA,48,4357394
yadI_predicted,0.7916666666666666,84,47,CCACGGAGGGGAAAGACATT,37,4311138
yadI_predicted,0.3333333333333333,62,47,CACTGTGTTTGGCCTGGAGA,15,4314820
yadI_predicted,0.4583333333333333,68,47,CAATATTTCGCCACCCCTGC,21,4307182
yadI_predicted,0.7083333333333334,80,47,ATTAGCTCACGTGTTAAGCA,33,4318347
yadI_predicted,0.3541666666666667,63,47,ATCGTACTACGACGGACATC,16,4313229
yadI_predicted,0.8958333333333334,89,47,AGGGCAACGATAGATAGTAA,42,4328702
yadI_predicted,0.8541666666666666,87,47,AGGCCATCGAGCGTTCCGAT,40,4334312
yadI_predicted,0.041666666666666664,48,47,AGCATAATACAGTTTGGAGA,1,4348381
yadI_predicted,0.0625,49,47,ACCATCCGGGAAATGTCCTC,2,4312167
yadI_predicted,0.7083333333333334,80,47,AAGGGCTCACAATAGATCTT,33,4323179
yadI_predicted,0.0625,49,47,AACATAGAGTGAGGGCTGTC,2,4312124
yadI_predicted,0.40425531914893614,64,46,TCATCGGGACAGTCCGCTAC,18,4316614
yadI_predicted,0.1702127659574468,53,46,TAGCCTTAGAGGCATGGCTC,7,4348889
yadI_predicted,0.5319148936170213,70,46,TACCCCGCTGGACTCGACAT,24,4318339
yadI_predicted,0.0425531914893617,47,46,TACAGTCGGCTTTTGTTTGT,1,4305650
yadI_predicted,0.3404255319148936,61,46,GTGCCTTTATACCTGCGTAC,15,4286768
yadI_predicted,0.8085106382978723,83,46,GTCGTGATTTGAACGGTAGT,37,4356293
yadI_predicted,0.0425531914893617,47,46,GGTGCTCGAGATTGCTTTCT,1,4318712
yadI_predicted,0.44680851063829785,66,46,GGAGGCTAGATGTAGCCGTA,20,4320486
yadI_predicted,0.5319148936170213,70,46,GCCTTTTCAACGTTGAAATC,24,4304595
yadI_predicted,0.0425531914893617,47,46,GCCTAAATAGCTCGTGTACA,1,4351393
yadI_predicted,0.7872340425531915,82,46,CTGACTCTTTGTGCGGTAGA,36,4369342
yadI_predicted,0.5957446808510638,73,46,CTCGTACGAAACTTTGGCTT,27,4290287
yadI_predicted,0.06382978723404255,48,46,CTCCACCCGAACTCAATCTC,2,4345834
yadI_predicted,0.48936170212765956,68,46,CTATGGTTACACTTCACACT,22,4319605
yadI_predicted,0.1702127659574468,53,46,CTAGGAGCCGTTCTAAACAG,7,4318708
yadI_predicted,0.19148936170212766,54,46,CCGGCATTATTTGATTTGCT,8,4298871
yadI_predicted,1.1914893617021276,101,46,CCAACCGACATGCACAGGAA,55,4284116
yadI_predicted,0.10638297872340426,50,46,CATTCCCTGTTAAGATGTCT,4,4319530
yadI_predicted,0.5106382978723404,69,46,CATCTCGTGTTCGCGGGGCA,23,4334960
yadI_predicted,0.0425531914893617,47,46,CACCCGCATTATGGAAGCAG,1,4365838
yadI_predicted,0.5106382978723404,69,46,CAATCTCCGGTGGTGTCATA,23,4293247
yadI_predicted,0.5531914893617021,71,46,ATGGTATGCTCAACAGCCTA,25,4300126
yadI_predicted,0.44680851063829785,66,46,ATGGGAAAGGAATTGGATTA,20,4296310
yadI_predicted,0.0425531914893617,47,46,ATAGGTCAATCTTGACGCGG,1,4311643
yadI_predicted,0.40425531914893614,64,46,AGTCGCATAAGGTCACTCCA,18,4284802
yadI_predicted,0.0851063829787234,49,46,AGAAAAGCTGTCGTTCGTAT,3,4287067
yadI_predicted,0.23404255319148937,56,46,ACGTTACCATAACTCGGCCA,10,4353803
yadI_predicted,0.7021276595744681,78,46,ACAGCCGCACCGGATTGACA,32,4320369
yadI_predicted,0.5319148936170213,70,46,AATAAAATAAGACAGGCGAC,24,4346941
yadI_predicted,0.3191489361702128,60,46,AAGGACTGAGTTGCTAAATA,14,4325448
yadI_predicted,3.3043478260869565,196,45,TTTTAGTTTGGTTGTAGTCT,151,4304652
yadI_predicted,0.10869565217391304,49,45,TTAACTGCAGGGACATGGCT,4,4312941
yadI_predicted,0.391304347826087,62,45,TGTTTAGTGCGTTCTGAGCG,17,4339422
yadI_predicted,0.10869565217391304,49,45,TGCTTCAGCCGCATGTGGTT,4,4299768
yadI_predicted,0.08695652173913043,48,45,TGCGCGAGCAGTGCAGGAGC,3,4368460
yadI_predicted,0.043478260869565216,46,45,TGCAGATCTACAGACGGTAA,1,4296098
yadI_predicted,0.17391304347826086,52,45,TCGCGAGACACGGTACGGTA,7,4354868
yadI_predicted,1.7391304347826086,124,45,TCAGGAATGTACCATGGATC,79,4327780
yadI_predicted,0.8043478260869565,81,45,TAATACCGTTAGGCAATCTG,36,4299467
yadI_predicted,0.6521739130434783,74,45,GTCAAGCTCGTAGAACACAT,29,4359411
yadI_predicted,0.5652173913043478,70,45,GTAACTGCGTCCTTGCCTCA,25,4301048
yadI_predicted,0.8260869565217391,82,45,GGTGACTCATGACCATAGGA,37,4293013
yadI_predicted,0.9130434782608695,86,45,GGCTCGTACGTTAGAGTTGG,41,4304261
yadI_predicted,1.3695652173913044,107,45,GCTGATATAGACGTGCGCAT,62,4288405
yadI_predicted,0.21739130434782608,54,45,GACTCTTGTAGGCATGAGTG,9,4333112
yadI_predicted,0.043478260869565216,46,45,GACCGTTACACGCAGTCGAA,1,4301088
yadI_predicted,0.8478260869565217,83,45,CTCATAAATCGATCCTCGTG,38,4287064
yadI_predicted,0.10869565217391304,49,45,CGCCGGGGGTCACTCTAGGT,4,4303353
yadI_predicted,0.5434782608695652,69,45,CGCCCTTGCGGCGAGTCATG,24,4326284
yadI_predicted,0.32608695652173914,59,45,CGCCACCCGGTGCCTCTAGT,14,4318463
yadI_predicted,0.45652173913043476,65,45,CGAAACGGGGTACTCACTCG,20,4286107
yadI_predicted,0.6739130434782609,75,45,CATATGTTACCATGCTGGAG,30,4287527
yadI_predicted,0.2608695652173913,56,45,CAAGCGAGCGCTGCCAGTAT,11,4290588
yadI_predicted,1.065217391304348,93,45,ATTTAAAGTTCTGTTCAAAA,48,4291576
yadI_predicted,0.17391304347826086,52,45,ATTGTTAACTTCTCTTACAA,7,4351443
yadI_predicted,0.30434782608695654,58,45,ATGAGAAATCGTGAATAAGA,13,4334463
yadI_predicted,0.043478260869565216,46,45,ATATGGGACTTTAGCCCAGT,1,4315314
yadI_predicted,0.30434782608695654,58,45,AGTCGGAGGAGGCCAGGTGT,13,4325627
yadI_predicted,0.391304347826087,62,45,AGGGCCGATCGTTAAGTCTT,17,4343256
yadI_predicted,0.5869565217391305,71,45,AGCAACCAGGCTGAGTCCGT,26,4322043
yadI_predicted,0.08695652173913043,48,45,ACTGTGGAAAAGGCGGGGAA,3,4302507
yadI_predicted,0.4782608695652174,66,45,ACGTTTGGGCATATCATAGA,21,4349689
yadI_predicted,1.1956521739130435,99,45,ACCGTACGCTATGCAAGTCG,54,4359213
yadI_predicted,0.9130434782608695,86,45,AATGGGAGCCTCTCTTATCA,41,4364392
yadI_predicted,1.0434782608695652,92,45,AATATTCGGTCCCGTCGGTA,47,4311776
yadI_predicted,0.4,61,44,TTCTAGGCCCTGCTGATGAC,17,4366958
yadI_predicted,0.5333333333333333,67,44,TTACTGACATGGTCCTGGGT,23,4349144
yadI_predicted,0.1111111111111111,48,44,TGTGATATGTTTGTAGCACG,4,4342660
yadI_predicted,0.7555555555555555,77,44,TGGTAGCATTGTTCTATGAT,33,4310814
yadI_predicted,0.13333333333333333,49,44,TGCAGGCTGCTAGACTGTCT,5,4287516
yadI_predicted,0.4,61,44,TCGTTCCAGCCTTTGAAAAC,17,4297949
yadI_predicted,0.4222222222222222,62,44,TCGGAGATAAATTCTCCAAT,18,4321598
yadI_predicted,0.35555555555555557,59,44,TCCAGGCGCCAGATCGAATG,15,4300506
yadI_predicted,1.1333333333333333,94,44,TAACTTGGGTGAGGATTAGT,50,4326066
yadI_predicted,1.0666666666666667,91,44,GTCTTTGCGACGGCACGCAG,47,4361659
yadI_predicted,1.0666666666666667,91,44,GTCAGTTGTCAGCCCAGCCT,47,4361177
yadI_predicted,0.7555555555555555,77,44,GTATGCTGAAGGCCCTTAAA,33,4353962
yadI_predicted,0.13333333333333333,49,44,GTAGCCGAGACGATCGAGCA,5,4309055
yadI_predicted,0.28888888888888886,56,44,GGGCCGTACGCACCATTGCT,12,4357591
yadI_predicted,0.06666666666666667,46,44,GGGACCTTTTCGGACGATGT,2,4331470
yadI_predicted,0.8888888888888888,83,44,GCTTTTACGGGGAGCTACTT,39,4356229
yadI_predicted,0.28888888888888886,56,44,GCCCAGCCGTACCAATATTG,12,4365659
yadI_predicted,0.7777777777777778,78,44,GATATAGATTGCGCTCCTAC,34,4356299
yadI_predicted,0.7333333333333333,76,44,GACCGGTAAATGATCTCTAG,32,4354782
yadI_predicted,0.7777777777777778,78,44,GAATCCTCTACGGTTGTAAG,34,4348750
yadI_predicted,0.28888888888888886,56,44,CTGTACTCACGGGCATCTAA,12,4326684
yadI_predicted,0.5111111111111111,66,44,CTAAGATCTAGCTGTATCAT,22,4307271
yadI_predicted,0.06666666666666667,46,44,CGTGGCGTCTCTCCACAGTT,2,4290285
yadI_predicted,0.3333333333333333,58,44,CGTACCGAGTCATCGAGATT,14,4322842
yadI_predicted,0.17777777777777778,51,44,CGCAAATCTTCAAATTACTA,7,4358302
yadI_predicted,1.8444444444444446,126,44,CCTGACGGTACAATGAGTTA,82,4336791
yadI_predicted,1.0,88,44,CCGCGGATCGTGACCACATA,44,4301247
yadI_predicted,0.8222222222222222,80,44,CCGCCAGGGCCGCCGCATTG,36,4343954
yadI_predicted,0.8222222222222222,80,44,CCATATCACGATTTGAGCTA,36,4355463
yadI_predicted,0.7555555555555555,77,44,CAGACAGCCCTTCGGGGTGG,33,4324894
yadI_predicted,0.06666666666666667,46,44,ATGGGTACCCTCTAGATTCG,2,4311953
yadI_predicted,1.1111111111111112,93,44,ATGCTGATCACATGTCCTGT,49,4290456
yadI_predicted,1.7333333333333334,121,44,AGTCGTGTGTCGCTGTGAGC,77,4303866
yadI_predicted,0.37777777777777777,60,44,AGTACCGGGCCTGGCCCGTC,16,4324905
yadI_predicted,0.17777777777777778,51,44,AGATTTATGTCTCTTTTAGA,7,4327501
yadI_predicted,0.4222222222222222,62,44,AGATAGTGTCACCTGTATAC,18,4345625
yadI_predicted,0.06666666666666667,46,44,ACTTAACCCACTACACTCGC,2,4319702
yadI_predicted,0.9555555555555556,86,44,AATTTAATTAAAGTAAATAC,42,4363599
yadI_predicted,0.5681818181818182,67,43,TTCGAGTTAGAATGGAGTTG,24,4352751
yadI_predicted,0.045454545454545456,44,43,TTCCCTGGTCACACAGCACG,1,4334088
yadI_predicted,0.9772727272727273,85,43,TAGCGGTATGCCAACATATG,42,4285982
yadI_predicted,1.0,86,43,TACTCACCTGGATAGGCCTA,43,4294620
yadI_predicted,0.3181818181818182,56,43,GTTTGGTCGAAGTTAAGCGG,13,4353748
yadI_predicted,0.045454545454545456,44,43,GTATCAGAGCTAAAAAGAAG,1,4348025
yadI_predicted,1.0,86,43,GTAAGACGGGGCGCCATGAT,43,4336364
yadI_predicted,1.9772727272727273,129,43,GGCGCGTGTGGTCACTCTGG,86,4284758
yadI_predicted,1.3181818181818181,100,43,GGCCTGCTGAGTCCTCTGTA,57,4284557
yadI_predicted,0.38636363636363635,59,43,GGCCAGACACGGAATCACGC,16,4307859
yadI_predicted,0.11363636363636363,47,43,GGAGTGAGGCCTCACCTAAG,4,4295105
yadI_predicted,1.4090909090909092,104,43,GCGGTGTGCACTAGAGCTAT,61,4293184
yadI_predicted,0.5,64,43,GCGAGGTCAGGGAACACAAA,21,4296070
yadI_predicted,0.13636363636363635,48,43,GACTTAACCTAAGGGCACGA,5,4357434
yadI_predicted,0.4090909090909091,60,43,GAAGCGCGTCTTGCTGAGAT,17,4294806
yadI_predicted,0.8181818181818182,78,43,CTTGCCGAATCCGAGAAGCA,35,4297689
yadI_predicted,1.75,119,43,CTTCATAGGGATAAATAGGT,76,4320415
yadI_predicted,0.7727272727272727,76,43,CTAGTTCCAAAGTTCATCAT,33,4298077
yadI_predicted,0.11363636363636363,47,43,CGCTACCCCCCGTAGGTTGG,4,4293566
yadI_predicted,0.09090909090909091,46,43,CGCCTCTTAGGTGGTAGCCC,3,4320801
yadI_predicted,0.045454545454545456,44,43,CGCCGCTATGCCTAGGCGAG,1,4326982
yadI_predicted,0.6136363636363636,69,43,CGCACTTCAATCGTGCGAAG,26,4323522
yadI_predicted,0.9545454545454546,84,43,CCTAAGGTTCAAGGATTTAA,41,4288572
yadI_predicted,1.25,97,43,CCGAAAATACGTCACTGGGT,54,4365903
yadI_predicted,0.7045454545454546,73,43,CCCTAAGTCCCGTGGGTTTT,30,4312783
yadI_predicted,1.0681818181818181,89,43,CCCCCTTATCCAAGTTTGTA,46,4358081
yadI_predicted,0.8863636363636364,81,43,CATTCTATCGGTCACCATAA,38,4366507
yadI_predicted,0.3409090909090909,57,43,CATCGGACTGGGAACTACTT,14,4317370
yadI_predicted,0.6136363636363636,69,43,AGTTTAATGAGCGAGTCCCT,26,4338497
yadI_predicted,1.0227272727272727,87,43,AGTTAGTTCCTGACGAGCGA,44,4287952
yadI_predicted,0.13636363636363635,48,43,AGTGACTACGGGAAAGTTAG,5,4292860
yadI_predicted,0.3181818181818182,56,43,AGCCTTGTCTCGCTAATTAA,13,4340160
yadI_predicted,1.3863636363636365,103,43,AGCCACGGGATCTCATTGAT,60,4365168
yadI_predicted,0.38636363636363635,59,43,AGAGAGGCAACGATGATCTA,16,4309185
yadI_predicted,0.5,64,43,ACTTCAGGGGCGTCTACAGT,21,4360110
yadI_predicted,0.36363636363636365,58,43,ACGAAATTGTATACGTAGCA,15,4357924
yadI_predicted,2.3636363636363638,146,43,AATAAGGGCGTTCGGAGCCA,103,4339421
yadI_predicted,1.6590909090909092,115,43,AAATGGACCTGAAAAAATTC,72,4294723
yadI_predicted,0.23255813953488372,51,42,TTAGTGGGTTCCGGTATGCA,9,4292730
yadI_predicted,0.6046511627906976,67,42,TCGGATAGCTGAGAATATCG,25,4296185
yadI_predicted,0.20930232558139536,50,42,TCATAGGACCTCTTAGAGAA,8,4365280
yadI_predicted,0.5116279069767442,63,42,TCAGATAGGTATGTGTATTA,21,4304592
yadI_predicted,1.302325581395349,97,42,TAGCTTTACATCTTCTGCGA,55,4339203
yadI_predicted,0.046511627906976744,43,42,TACTGGTTCAACGGTATCCG,1,4329287
yadI_predicted,0.4883720930232558,62,42,TACTGGGTTAGAGCTCCATT,20,4297827
yadI_predicted,0.9534883720930233,82,42,TACGGACGCTAATTCCCTAA,40,4329523
yadI_predicted,0.27906976744186046,53,42,TACATGTCGGGGTCGAGTAT,11,4320303
yadI_predicted,0.18604651162790697,49,42,TAAGCTTCTATGTGTGTGGT,7,4307251
yadI_predicted,0.5116279069767442,63,42,TAACCTTTCGTCGTCACTCG,21,4336600
yadI_predicted,2.813953488372093,162,42,TAAAAGTGGCTCCTGTACCC,120,4297354
yadI_predicted,0.09302325581395349,45,42,GTAGAACCAGGACTGCCCCC,3,4306652
yadI_predicted,0.5813953488372093,66,42,GCTGCTGCCGGGGAATTTGT,24,4312639
yadI_predicted,0.46511627906976744,61,42,GAGCTTAGTTAGGTGTCGAA,19,4304498
yadI_predicted,0.7906976744186046,75,42,GACAAAAACCCAACGCGAAT,33,4362069
yadI_predicted,0.20930232558139536,50,42,CTATGTTAACAGTGCTCGAA,8,4301142
yadI_predicted,0.6046511627906976,67,42,CTACCTGGCAAAGTTGGTCA,25,4352411
yadI_predicted,1.4651162790697674,104,42,CGTAATCAGCATATATTCAT,62,4319217
yadI_predicted,0.18604651162790697,49,42,CGGGCTCAGGGGGCGAACCA,7,4344062
yadI_predicted,0.20930232558139536,50,42,CGGCGTGCAAAAACGGGAGT,8,4334102
yadI_predicted,0.046511627906976744,43,42,CGGCAAGTCCCATGATACGG,1,4310174
yadI_predicted,0.046511627906976744,43,42,CGCGGAATCGCAGGGCGGAC,1,4361460
yadI_predicted,0.4418604651162791,60,42,CCGGACCTTTGAGTCTGTAG,18,4311704
yadI_predicted,0.27906976744186046,53,42,CCCTGCCCATACTTATTATT,11,4332541
yadI_predicted,1.0,84,42,CCCGGAAGATTATTCTCCTA,42,4289357
yadI_predicted,0.3488372093023256,56,42,CCCAATTGTCCTAGCCTAAA,14,4348757
yadI_predicted,0.37209302325581395,57,42,CCATACATGGAGCGGTGCGA,15,4361582
yadI_predicted,0.06976744186046512,44,42,CATCGGAAACTAATATTCGT,2,4366180
yadI_predicted,0.37209302325581395,57,42,CATAGAAATTGCTAACCCAA,15,4320579
yadI_predicted,0.23255813953488372,51,42,CACGTCAGGTGGTTGTCGGG,9,4291676
yadI_predicted,0.46511627906976744,61,42,CACACCAGGGGACCATCTCG,19,4321919
yadI_predicted,0.3953488372093023,58,42,CAATTGTAATGCGTCTCGTA,16,4353288
yadI_predicted,0.09302325581395349,45,42,ATTCACGCCTAGTCTTTGCC,3,4328232
yadI_predicted,0.23255813953488372,51,42,ATCGGATAAACGAGGCCGTT,9,4292917
yadI_predicted,0.16279069767441862,48,42,AGCTGGGGACTGATTCCGTA,6,4295368
yadI_predicted,0.11627906976744186,46,42,AGACGCCACTTCTGCTGACC,4,4321216
yadI_predicted,0.046511627906976744,43,42,ACGTTGGCCTGCTAGGTTAT,1,4290289
yadI_predicted,0.5813953488372093,66,42,ACCCTACTCTGGGGGTGGAT,24,4340688
yadI_predicted,0.7441860465116279,73,42,AAGGTCCCTGACCTCATCGA,31,4323351
yadI_predicted,0.6511627906976745,69,42,AAGACCCGAACGCCATTGTA,27,4335632
yadI_predicted,1.0465116279069768,86,42,AAAGTAGGATCTGTAGGTCT,44,4286513
yadI_predicted,0.046511627906976744,43,42,AAAATCACGAGCTGCGCGGG,1,4330617
yadI_predicted,0.046511627906976744,43,42,AAAAAGCGCAATAGCCGTTT,1,4290652
yadI_predicted,0.047619047619047616,42,41,TTGTTCAAGCAAGCAAAGCA,1,4361760
yadI_predicted,0.23809523809523808,50,41,TTGATTATCTCGTCCGTTGT,9,4293603
yadI_predicted,0.8333333333333334,75,41,TTCGACAGAATATGAAGTAG,34,4343791
yadI_predicted,0.5238095238095238,62,41,TTAATTAGCAGTCGAACGCC,21,4321920
yadI_predicted,0.07142857142857142,43,41,TGGATGCCCCACTGTACCGA,2,4354726
yadI_predicted,0.4523809523809524,59,41,TGCATTGCGGCATGCAAGTT,18,4303047
yadI_predicted,0.7857142857142857,73,41,TCTATTCATCCCTGTTCGTA,32,4337192
yadI_predicted,0.40476190476190477,57,41,TCGGGTTTGCTACGCTCTCC,16,4363408
yadI_predicted,0.38095238095238093,56,41,TCCTACTCCCATATGCTTTT,15,4300515
yadI_predicted,0.047619047619047616,42,41,TCCGCTCCCAAATCGTCACA,1,4308788
yadI_predicted,0.09523809523809523,44,41,TCATGCGTCTCTGTCGCTAA,3,4289576
yadI_predicted,0.5238095238095238,62,41,TATCGTTCTACTTTCAGGTA,21,4363607
yadI_predicted,0.047619047619047616,42,41,TAGCTATTTTGCACTGGATA,1,4330811
yadI_predicted,0.23809523809523808,50,41,TAGCGGCCTCGAACAGAGGT,9,4331062
yadI_predicted,0.42857142857142855,58,41,TAAGTGTTGTTCTAATTTGA,17,4342148
yadI_predicted,0.2619047619047619,51,41,TAACCATCTGTCGTCATATT,10,4300558
yadI_predicted,0.047619047619047616,42,41,GTTGGCTGCGATCTATTCCG,1,4306238
yadI_predicted,0.3333333333333333,54,41,GTCGGTTTGGATAGATGATG,13,4285779
yadI_predicted,0.6190476190476191,66,41,GGCTAAATTGAGTCGGTGGT,25,4348873
yadI_predicted,0.38095238095238093,56,41,GGACTGATCCTCAAGACAGG,15,4349204
yadI_predicted,1.0238095238095237,83,41,GCTGAGCCCACAGCGCATAC,42,4315552
yadI_predicted,0.21428571428571427,49,41,GCGACCTAGTGGCGATCATT,8,4295489
yadI_predicted,0.9761904761904762,81,41,GCCAATCCTGCTATCGTTAG,40,4363426
yadI_predicted,0.047619047619047616,42,41,GCAGTTGATGGGGCACTCAT,1,4317643
yadI_predicted,0.40476190476190477,57,41,GCAGATAATTCATGCATCTT,16,4290978
yadI_predicted,0.5952380952380952,65,41,GCAACACCGGCAGCGATGGA,24,4315312
yadI_predicted,0.16666666666666666,47,41,GATTGGAATCAGCATATTTG,6,4322941
yadI_predicted,1.1904761904761905,90,41,GATTCAAACGTCTTAGCAGG,49,4328496
yadI_predicted,0.5476190476190477,63,41,GATGTAATTGTTATCGGTCA,22,4309228
yadI_predicted,1.0,82,41,GATATGAGGAGATCGGTGAG,41,4313150
yadI_predicted,1.0238095238095237,83,41,GATACCGGTTCAGTCCTGGC,42,4328239
yadI_predicted,0.07142857142857142,43,41,GAGCATACGGAGGTTCTCTA,2,4317429
yadI_predicted,0.47619047619047616,60,41,GAGAGCGCTCTGAACGTGAT,19,4286113
yadI_predicted,0.38095238095238093,56,41,GACCCGCCTCATTGCAACCT,15,4303060
yadI_predicted,0.14285714285714285,46,41,GAATCATTCGAAGATTGCTG,5,4309596
yadI_predicted,0.42857142857142855,58,41,GAAACTACTTTGTCCCAAAG,17,4285243
yadI_predicted,1.380952380952381,98,41,CGTCTAATTAAATGCAGCCT,57,4342466
yadI_predicted,0.07142857142857142,43,41,CATGTGATTACTTTCACACA,2,4340046
yadI_predicted,0.5714285714285714,64,41,CACCCCATGAAAGCTTTCGT,23,4299632
yadI_predicted,0.14285714285714285,46,41,CACACACTACCATCGAGGGT,5,4351904
yadI_predicted,0.8571428571428571,76,41,AGGGCGCGTGGATATATCCC,35,4301334
yadI_predicted,0.047619047619047616,42,41,AGGAATGGGTATCACCAGAA,1,4290015
yadI_predicted,0.3333333333333333,54,41,AGCAGGCTCATGTTGCGAGA,13,4290675
yadI_predicted,0.047619047619047616,42,41,AGATTGCAGAAAATAGGAAT,1,4285448
yadI_predicted,0.6428571428571429,67,41,AGAGTTCCGTAGGGGTCGCA,26,4337057
yadI_predicted,0.047619047619047616,42,41,AGAGGGGACCGCCCAGGGAT,1,4330572
yadI_predicted,0.5714285714285714,64,41,ACACTTAATGCCATTTGTGG,23,4369174
yadI_predicted,0.38095238095238093,56,41,AAGTCCGTTTGCGCTCCGCA,15,4368304
yadI_predicted,1.4523809523809523,101,41,AAGCTATGGGTGTTATGGAA,60,4357989
yadI_predicted,0.38095238095238093,56,41,AAGCAGATGTGGACTAGGGT,15,4311407
yadI_predicted,2.0238095238095237,125,41,AAGATTGCACTGTGGTCCTG,84,4336951
yadI_predicted,0.6428571428571429,67,41,AACGTTGTAGTCCATGACAC,26,4293200
yadI_predicted,0.047619047619047616,42,41,AACATGCTTTCTTGACCCAT,1,4284308
yadI_predicted,0.47619047619047616,60,41,AAACCTCGCCAAAAGAGTCA,19,4308595
yadI_predicted,0.2857142857142857,52,41,AAACCCTTGGTCTACAATCG,11,4364584
yadI_predicted,0.4146341463414634,56,40,TTTCGGGTACGCTTTCGACA,16,4302719
yadI_predicted,1.2682926829268293,91,40,TTGTCATCAACGTAGCGTTA,51,4315331
yadI_predicted,1.951219512195122,119,40,TTCACATAAGGCCACAGAGA,79,4319387
yadI_predicted,0.21951219512195122,48,40,TCGGTTGGCAAGAAACATTC,8,4309229
yadI_predicted,0.04878048780487805,41,40,TCCCGCTCACACAGCGCGGG,1,4347868
yadI_predicted,1.7804878048780488,112,40,TCCAGATGTGGACATAGATT,72,4298029
yadI_predicted,0.4634146341463415,58,40,TCACGCGCCCATATGAGCTC,18,4301536
yadI_predicted,0.6097560975609756,64,40,TATCTATTAGTCTGCGCAGT,24,4284886
yadI_predicted,1.146341463414634,86,40,GTGTCCTCTGAATGACCCGT,46,4326280
yadI_predicted,0.5365853658536586,61,40,GTGGTTAAGGTTTAGCGTGC,21,4303973
yadI_predicted,0.24390243902439024,49,40,GTCCCGCTACGTGATTCCTC,9,4315067
yadI_predicted,0.5609756097560976,62,40,GGTACCTTCGAAGGCGCGCA,22,4304052
yadI_predicted,1.1219512195121952,85,40,GGGCGTTGATACGTCTTCAA,45,4330462
yadI_predicted,1.2195121951219512,89,40,GGCCGCGAAGCGTCAGTGTT,49,4323676
yadI_predicted,0.4146341463414634,56,40,GGCAGACTGAACCTTTGGAA,16,4338192
yadI_predicted,0.4878048780487805,59,40,GGACTGAAAGCCCCGAAAAT,19,4302118
yadI_predicted,0.3902439024390244,55,40,GCACCCGATGTGAGCGATTA,15,4309788
yadI_predicted,0.34146341463414637,53,40,GATCGGTGTGGCCACAGACA,13,4315743
yadI_predicted,0.36585365853658536,54,40,GAGTTGAACGCATATAGGTC,14,4347182
yadI_predicted,1.146341463414634,86,40,GAGCGAAAGACGACCCAGTA,46,4369592
yadI_predicted,0.0975609756097561,43,40,GACCATTGAGGACCGTCTTT,3,4351725
yadI_predicted,0.21951219512195122,48,40,CTTGCCGGTTCTTCTTGTAC,8,4348827
yadI_predicted,0.36585365853658536,54,40,CTTAGGCTGCTACCTGCCTT,14,4295803
yadI_predicted,0.5365853658536586,61,40,CTCGCTAAGATACGTTTGGT,21,4292461
yadI_predicted,1.1219512195121952,85,40,CTCCCAGGTCTTGATGGACG,45,4295154
yadI_predicted,0.43902439024390244,57,40,CGTTCGGACTATCGTCATGT,17,4343162
yadI_predicted,0.17073170731707318,46,40,CGTCGCAGCATGCTTAACTA,6,4349891
yadI_predicted,0.6585365853658537,66,40,CGTCAGTGTACTCGTTCGCG,26,4355411
yadI_predicted,0.3170731707317073,52,40,CGGTGACAAACAGTAGACCA,12,4354729
yadI_predicted,0.43902439024390244,57,40,CGCCGTATTTACGAGTGTTT,17,4294745
yadI_predicted,1.0975609756097562,84,40,CGAAACAACAATTGCCGAAG,44,4338677
yadI_predicted,0.4146341463414634,56,40,CCTTGGTGGGCATGCAAGCA,16,4322634
yadI_predicted,0.5121951219512195,60,40,CCTGAGCGAGACTGAAATGA,20,4354039
yadI_predicted,0.7560975609756098,70,40,CCGTTTCCCTTTGTGGATCT,30,4344075
yadI_predicted,1.8780487804878048,116,40,CCGCGGGGGAATTTCTGAAC,76,4316726
yadI_predicted,0.12195121951219512,44,40,CCCGGTGTCTAGACGATGAG,4,4319601
yadI_predicted,0.3902439024390244,55,40,CCATGCGGCTTCGATACCAT,15,4289637
yadI_predicted,0.04878048780487805,41,40,CCAACCAGGTCATTTCAAGG,1,4329450
yadI_predicted,0.12195121951219512,44,40,CATTTAGGATGTATGTTCAT,4,4300056
yadI_predicted,0.1951219512195122,47,40,CAGAGAATTCCATTTATGGA,7,4318115
yadI_predicted,0.12195121951219512,44,40,CAGACATCTAATGATTACCC,4,4287065
yadI_predicted,0.5365853658536586,61,40,CACAAAACGTTGGCCTTTTT,21,4323952
yadI_predicted,0.7073170731707317,68,40,ATTCTCTCAGTTCGACATGT,28,4332290
yadI_predicted,0.5609756097560976,62,40,ATGGGGATACATACTCCGTT,22,4337200
yadI_predicted,0.2682926829268293,50,40,ATCTGGGCTATACGCACTCT,10,4293480
yadI_predicted,1.0731707317073171,83,40,ATCGGCACTCCGGTTCGTAT,43,4333583
yadI_predicted,0.34146341463414637,53,40,ATCCTTTGCCTTGCCCTGCA,13,4331761
yadI_predicted,2.3902439024390243,137,40,AGCTCCAGTCTAGCACTGTG,97,4308190
yadI_predicted,0.04878048780487805,41,40,AGCGAGGCGTTACTATTTTA,1,4324592
yadI_predicted,0.5365853658536586,61,40,ACTGCAGGGTCCTTGTCCGG,21,4307082
yadI_predicted,0.0975609756097561,43,40,ACATGGTAGTCGGGTGCGTT,3,4304425
yadI_predicted,0.36585365853658536,54,40,AAGGGTCAGCTCCGCGGTTA,14,4290687
yadI_predicted,0.6585365853658537,66,40,AAGAATGTGCGATCCCCAGT,26,4339578
yadI_predicted,0.07317073170731707,42,40,AAATTCCGCTTGGATCTCGT,2,4310253
yadI_predicted,0.7317073170731707,69,40,AAAGTTGGTCGTTGGGAAGG,29,4284127
yadI_predicted,0.875,73,39,TTTTAGGGGAAGTGTGTTTC,34,4358408
yadI_predicted,0.85,72,39,TTTCCGCTCGGCCGCCCATA,33,4363645
yadI_predicted,0.35,52,39,TTGTATCCCCAAGCTTACCG,13,4353342
yadI_predicted,0.075,41,39,TTGGACATTACAGATGTTTA,2,4332784
yadI_predicted,0.325,51,39,TTGATTCTGGCTCGGGGCTC,12,4368506
yadI_predicted,0.05,40,39,TTGAATCCTTTGTGGGGCTC,1,4321180
yadI_predicted,0.25,48,39,TGGGGGTGTTGGCTCGGATC,9,4336859
yadI_predicted,0.625,63,39,TGCTCTTCCCTTGGCTGTAG,24,4349513
yadI_predicted,0.65,64,39,TGCGATTTAACCAGTCGAGT,25,4312840
yadI_predicted,1.4,94,39,TGAGCGGTACCCTTGTTCCT,55,4348494
yadI_predicted,1.25,88,39,TCCTCTTTATCATCCTGCAG,49,4300331
yadI_predicted,0.675,65,39,TCCGTTATACCAGCTAGTAC,26,4302288
yadI_predicted,0.675,65,39,TCAACGAAATCCGCATACAA,26,4368353
yadI_predicted,1.85,112,39,TATGTACCCTCCGTATGCAA,73,4296027
yadI_predicted,0.125,43,39,TAGGTGCTGTTCCGTACAAG,4,4292036
yadI_predicted,1.075,81,39,TAGGGACGTTATCATGGGCG,42,4308584
yadI_predicted,0.475,57,39,TAGAGAGTATACTTGCAGGG,18,4306962
yadI_predicted,0.775,69,39,TACATTTCGAATCGCGCATA,30,4353583
yadI_predicted,0.7,66,39,GTCACGCTACTATGCTCCAG,27,4323547
yadI_predicted,0.275,49,39,GGGTCAGTTGTCGGTTTTTA,10,4366739
yadI_predicted,0.475,57,39,GGATCCGCTAAATAGCCACA,18,4305323
yadI_predicted,1.4,94,39,GCTAAAAAGATCCCGTTTCA,55,4297129
yadI_predicted,0.35,52,39,GCGTTGCCCAAAGACTGTAA,13,4356647
yadI_predicted,0.375,53,39,GCAGGTAAACCACGAGTAAT,14,4339635
yadI_predicted,0.55,60,39,GAGCAAAGACCCGTTTATTG,21,4351539
yadI_predicted,0.5,58,39,CTTTAGATTTACCCCAAAAT,19,4337683
yadI_predicted,0.25,48,39,CTTACTTTGGACGCCATCTT,9,4301920
yadI_predicted,0.375,53,39,CTCCCATCGACCTTCCACGT,14,4292150
yadI_predicted,0.05,40,39,CGTATTTTGATGAGGTCCAG,1,4300227
yadI_predicted,0.475,57,39,CGGCTGTTTCAGGGCTTGAG,18,4327975
yadI_predicted,0.2,46,39,CGGCAATACGGATAACCAAT,7,4307259
yadI_predicted,1.025,79,39,CGCTCAGCGGACGCTCAAAC,40,4364119
yadI_predicted,0.325,51,39,CGATTCATTGGAGTAGAGGA,12,4338836
yadI_predicted,0.05,40,39,CCACGTTATCCACCGGGTTG,1,4340624
yadI_predicted,0.375,53,39,CAGGGTGATTGTCAAGACGT,14,4289892
yadI_predicted,0.3,50,39,CAGGCAGCACGCGCCGATTC,11,4318301
yadI_predicted,0.625,63,39,CAGCCAGTGTTGATAGTCTC,24,4332233
yadI_predicted,0.4,54,39,CACGGGTAATCGAGAAATTT,15,4308106
yadI_predicted,0.075,41,39,ATTGTTTGGAGCAGGCATTG,2,4333865
yadI_predicted,0.45,56,39,ATTGTGAGCTGCGGTAGGGT,17,4313526
yadI_predicted,0.625,63,39,ATTGAGTAACGATCTGGACG,24,4326307
yadI_predicted,1.825,111,39,ATCTACTGAACAGGTCGAAT,72,4322147
yadI_predicted,0.625,63,39,ATCACGGGCGAGCCAGGGAA,24,4291687
yadI_predicted,0.175,45,39,ATATTCGAGCTTTCAAAAGG,6,4326593
yadI_predicted,0.225,47,39,ATATAGGGCATACGGCACCG,8,4328039
yadI_predicted,0.425,55,39,AGTTATATACATTTTAAGGC,16,4323448
yadI_predicted,0.35,52,39,AGGCGGGCGTCCGTTAGCCT,13,4316306
yadI_predicted,0.325,51,39,AGCTGGAAACCAACCGACTA,12,4290913
yadI_predicted,0.825,71,39,AGAGACGCACGAGAGGGAGA,32,4334415
yadI_predicted,1.325,91,39,AGAGACCTCTGGACCCAGCA,52,4353349
yadI_predicted,0.175,45,39,ACGCGCGGGGTGAGTCTTCT,6,4348986
yadI_predicted,0.5,58,39,ACCAGCCTGCGCAGTTGCCC,19,4355682
yadI_predicted,0.425,55,39,AATTATCCCGGGGCCAGAGC,16,4362212
yadI_predicted,0.25,48,39,AATACTCAAAGGTGAGTTGA,9,4359568
yadI_predicted,0.25,48,39,AAGTCAATGCCTAAGAGTGA,9,4360351
yadI_predicted,0.45,56,39,AAACGAATCATTTCACTCTC,17,4301132
yadI_predicted,1.0,76,38,TTTGGTGCTCGTAGGACTAC,38,4284991
yadI_predicted,0.5641025641025641,59,38,TTCTCCAGTCTGTAGGAATG,21,4325476
yadI_predicted,0.46153846153846156,55,38,TTAGTAGACGATAGGAGATA,17,4294524
yadI_predicted,0.15384615384615385,43,38,TTAACCAAGTGGGTCAATTT,5,4321379
yadI_predicted,0.05128205128205128,39,38,TGGTACCCGTCCGCTTTTTC,1,4362429
yadI_predicted,0.05128205128205128,39,38,TGGGCCTATGGGCTGGACAC,1,4349820
yadI_predicted,0.717948717948718,65,38,TGAATATGTAACAGAGCTCG,27,4364112
yadI_predicted,0.5897435897435898,60,38,TGAAACGCTGGTAGTGAAAA,22,4302104
yadI_predicted,0.05128205128205128,39,38,TCTTCATACCGCATCACAAC,1,4321425
yadI_predicted,0.3076923076923077,49,38,TCGTCTATACCAGGCGCGCG,11,4290337
yadI_predicted,0.15384615384615385,43,38,TCGGCAGTGACGCACCGCAT,5,4287160
yadI_predicted,0.5128205128205128,57,38,TCAATGACTAACTGCCGGAC,19,4327325
yadI_predicted,0.5897435897435898,60,38,TATCTGTCTATCTAAGCCTA,22,4335680
yadI_predicted,0.7692307692307693,67,38,TACGCGTAATTCGATATGCT,29,4298902
yadI_predicted,0.23076923076923078,46,38,TACCCAGAGATTCCCGCACT,8,4287075
yadI_predicted,0.5641025641025641,59,38,GTTAAAATAGCGCGAGAGAC,21,4310195
yadI_predicted,2.0,115,38,GTGTCAGCGGTGGGTGAATT,77,4324988
yadI_predicted,0.3076923076923077,49,38,GTCGGTTCAGATACCCTAGA,11,4306965
yadI_predicted,0.05128205128205128,39,38,GTCATCGCATCGTGATTACC,1,4319318
yadI_predicted,0.358974358974359,51,38,GTCATACATGCATGCGACCA,13,4321016
yadI_predicted,0.41025641025641024,53,38,GGTCGCAAAAACTCAACAAC,15,4296318
yadI_predicted,0.10256410256410256,41,38,GGGTTCACTACGCCTTTGAG,3,4367952
yadI_predicted,0.48717948717948717,56,38,GGGTGCGGTTGAATATAACA,18,4325741
yadI_predicted,1.0256410256410255,77,38,GGATACCCAATATCGGCGAT,39,4299203
yadI_predicted,0.48717948717948717,56,38,GGACGTGAGTAAAAGTGTGT,18,4289364
yadI_predicted,0.7692307692307693,67,38,GCGTTCCGTTTCCCTCAGTT,29,4340623
yadI_predicted,0.1794871794871795,44,38,GCGAAGATGTACCTGAGGTT,6,4299116
yadI_predicted,0.6410256410256411,62,38,GCCTCCCCGAGTGCGAGATG,24,4320554
yadI_predicted,0.05128205128205128,39,38,GCACTAAGACCCTGTACATT,1,4295631
yadI_predicted,1.5897435897435896,99,38,GATGACAATTCGTCAAGTAT,61,4345705
yadI_predicted,0.717948717948718,65,38,GAGCTGACTAGCCAATTGTA,27,4290017
yadI_predicted,0.23076923076923078,46,38,GAGCCGGCAACGTGCGCGGT,8,4296100
yadI_predicted,0.5384615384615384,58,38,GAACTGTTACAGAATTGGCT,20,4285020
yadI_predicted,1.2820512820512822,87,38,CTTCAAGCCGGGAGTGAGTG,49,4288810
yadI_predicted,0.20512820512820512,45,38,CGGACGGGCTCTTTCGCTGA,7,4315925
yadI_predicted,0.7948717948717948,68,38,CCTATAGCCTTTTTTTGGCC,30,4327898
yadI_predicted,0.1794871794871795,44,38,CCGCTCAATGGGGACTCAGA,6,4288273
yadI_predicted,0.05128205128205128,39,38,CCGCCAAAAATGGATGAGAG,1,4317229
yadI_predicted,1.2564102564102564,86,38,CCAAACCAGTCCTCGAAGCT,48,4353403
yadI_predicted,0.8205128205128205,69,38,CATGCTCTTCAGTAGCGTAG,31,4301977
yadI_predicted,0.07692307692307693,40,38,CAGTGACCTCGTGTGAGCGG,2,4308534
yadI_predicted,0.5384615384615384,58,38,CAGGACGGTGCTGGCAATGT,20,4320412
yadI_predicted,0.46153846153846156,55,38,ATGAGCTCTTCCGTTTACAG,17,4356241
yadI_predicted,0.07692307692307693,40,38,ATACGACGGTGAGTGGATAG,2,4363753
yadI_predicted,1.358974358974359,90,38,AGTGGGCCAGGGCGACGACT,52,4294740
yadI_predicted,1.1538461538461537,82,38,ACTCCGGCACCATAAGGCCG,44,4305453
yadI_predicted,1.6666666666666667,102,38,ACCTAATATAAGGTTCCACG,64,4294845
yadI_predicted,1.5128205128205128,96,38,ACCATCTCGGCTTTTTAGTA,58,4363352
yadI_predicted,0.48717948717948717,56,38,ACACGTCCGATCGCACACGC,18,4349631
yadI_predicted,1.1538461538461537,82,38,AAGTGACCTCAAATTGTCCA,44,4356915
yadI_predicted,0.3684210526315789,50,37,TTTTTTATTGACTCGCGTAT,13,4344376
yadI_predicted,0.05263157894736842,38,37,TTTTCGATTCACTGGTGGCC,1,4331496
yadI_predicted,0.2631578947368421,46,37,TTGCGCGTGCTATTTTTTTT,9,4294652
yadI_predicted,2.210526315789474,120,37,TTCTAGGATTAACAGTGCGT,83,4312489
yadI_predicted,0.9210526315789473,71,37,TTCATTGTATTTGCGACTTG,34,4291229
yadI_predicted,0.5526315789473685,57,37,TTCATTGGAAAACCGTGCCT,20,4318337
yadI_predicted,1.0263157894736843,75,37,TTACATGCCGTAAGTGGCAG,38,4354929
yadI_predicted,0.13157894736842105,41,37,TGGTACTTTCATATAGAATT,4,4351700
yadI_predicted,1.0526315789473684,76,37,TGCTGTGTAGACAACCGTTA,39,4290847
yadI_predicted,0.6578947368421053,61,37,TGCGCGTGATCTTAATGGGA,24,4303112
yadI_predicted,0.7105263157894737,63,37,TGCCGTTAATCGGGGTGGAT,26,4362548
yadI_predicted,0.42105263157894735,52,37,TGCACGCAGCCTGCAACTAT,15,4326692
yadI_predicted,0.34210526315789475,49,37,TCGTTTACTTACGTGCATAG,12,4315173
yadI_predicted,0.631578947368421,60,37,TCGTAACATTAAATGCAACA,23,4355359
yadI_predicted,0.15789473684210525,42,37,TCCTATTAACAGAATAAGGC,5,4348993
yadI_predicted,0.6842105263157895,62,37,TCATCGGGATAGTACATAAT,25,4305241
yadI_predicted,0.34210526315789475,49,37,TCATCCGCAGAGTATACCAA,12,4358535
yadI_predicted,0.9210526315789473,71,37,TAGCTGCTTCGATTACTTAT,34,4315303
yadI_predicted,0.4473684210526316,53,37,TACACCCAGCGTGCAAAAGG,16,4361574
yadI_predicted,2.5526315789473686,133,37,GTTTATCCTCTTCACGCAAT,96,4359529
yadI_predicted,0.2894736842105263,47,37,GTATGCTCTTCTCGCGGAAC,10,4333634
yadI_predicted,0.5263157894736842,56,37,GTAGGTTTGTACGCGGGCCT,19,4292918
yadI_predicted,0.8947368421052632,70,37,GTAAGGAGGTCTTAAGGCGT,33,4324979
yadI_predicted,0.5,55,37,GGTAGTCGTTCAGTGCAAGT,18,4339165
yadI_predicted,1.105263157894737,78,37,GGTACGTAAGTTCGAGGAGT,41,4311770
yadI_predicted,0.8421052631578947,68,37,GGACCGATCTCCTCTAAAGC,31,4350586
yadI_predicted,0.34210526315789475,49,37,GCTGACTATAACAGGACAGG,12,4352410
yadI_predicted,0.7368421052631579,64,37,GCTAGTGAGGTTATGGGCTA,27,4306555
yadI_predicted,0.15789473684210525,42,37,GCGGGTGCGTACTCTCCGTG,5,4334942
yadI_predicted,0.3157894736842105,48,37,GCAATTTGAAATGGGAGTAA,11,4318839
yadI_predicted,0.05263157894736842,38,37,GAGTCCGGGGGTAAGTATTG,1,4342118
yadI_predicted,0.39473684210526316,51,37,GAGCGTTCTGTGCACCGCTA,14,4284653
yadI_predicted,1.3157894736842106,86,37,GAGATTCCCGTTTGTGGGAT,49,4289630
yadI_predicted,0.05263157894736842,38,37,GAGATATTAGGTCCTTAGTT,1,4306615
yadI_predicted,1.5526315789473684,95,37,GACTTTGACGGTCAGCCTTT,58,4323953
yadI_predicted,0.8421052631578947,68,37,GAAACTTCTTAGGGCAATTA,31,4308912
yadI_predicted,0.34210526315789475,49,37,CTGTAGCTCGGCCCTGAGGA,12,4357813
yadI_predicted,0.631578947368421,60,37,CTCGCCCAGGTGTATGTTCA,23,4291644
yadI_predicted,0.3684210526315789,50,37,CTACCCGATACGTCATGACT,13,4286346
yadI_predicted,0.15789473684210525,42,37,CGTCTATGGTACTCTCCCTA,5,4333373
yadI_predicted,0.39473684210526316,51,37,CGGTTGCGGGTATCCTTCCA,14,4288678
yadI_predicted,0.5,55,37,CGGTAGACGTGACAACGACG,18,4356701
yadI_predicted,0.13157894736842105,41,37,CGGGCTAGGGTAAGCCGCCC,4,4301479
yadI_predicted,1.4473684210526316,91,37,CGGGAGCGCCCCCGTAACAT,54,4347913
yadI_predicted,0.4473684210526316,53,37,CGGCCCAACGGGGCTAGATT,16,4302042
yadI_predicted,0.5263157894736842,56,37,CGCACGAAGCGTTATTCTCA,19,4298023
yadI_predicted,0.4473684210526316,53,37,CGAATATCTTCAATATACAA,16,4342140
yadI_predicted,0.3684210526315789,50,37,CCTTCTGACTTATAAGTGTT,13,4324980
yadI_predicted,0.7631578947368421,65,37,CCTTAAACCCATGAATGCGT,28,4302152
yadI_predicted,0.18421052631578946,43,37,CCTATAGGTCCTGTCTGAGT,6,4366613
yadI_predicted,1.5789473684210527,96,37,CCTATAATTCAGTATGCTTA,59,4306046
yadI_predicted,0.39473684210526316,51,37,CCGTCGTAGTGGGCATGCGT,14,4342403
yadI_predicted,0.9473684210526315,72,37,CCGGCATCGGGCCTACTTAT,35,4347915
yadI_predicted,0.05263157894736842,38,37,CCGCAATCGTAGTCAGGCGA,1,4368717
yadI_predicted,1.368421052631579,88,37,CCCGGGGGCTGAGGCCGCCT,51,4318009
yadI_predicted,0.7894736842105263,66,37,CATTGAGGTCGCGTATGCTA,29,4327849
yadI_predicted,1.3421052631578947,87,37,CATGTAATTCGCCAAAGCCA,50,4284649
yadI_predicted,0.10526315789473684,40,37,CAATACCGCTGTATGAGTCA,3,4306620
yadI_predicted,1.2105263157894737,82,37,ATTTGTTATTGTGCGCTTCA,45,4334206
yadI_predicted,1.1578947368421053,80,37,ATTCAAGGGTACGAATTGAT,43,4361816
yadI_predicted,0.34210526315789475,49,37,ATCGGTTCGTAAGGATGAGG,12,4355347
yadI_predicted,0.4473684210526316,53,37,ATCGAGTGGAAAGGTACGGT,16,4334315
yadI_predicted,0.34210526315789475,49,37,ATCCCTTATTAGTTCTAAGT,12,4329836
yadI_predicted,0.9210526315789473,71,37,ATCCAGTTTCGGTTTCCGCT,34,4369599
yadI_predicted,1.9473684210526316,110,37,AGTCACTTACAAACAAGGAT,73,4306613
yadI_predicted,0.3684210526315789,50,37,AGGCGTTGAGAAAGGGACTC,13,4285595
yadI_predicted,0.15789473684210525,42,37,AGCGCCAGATTGCCGCGTGA,5,4311518
yadI_predicted,0.5,55,37,AGCCGCGGAAGGTTCGGTAT,18,4293708
yadI_predicted,0.2631578947368421,46,37,ACCCTGGTGTCGTACCAGCA,9,4310259
yadI_predicted,1.4736842105263157,92,37,AAGGAGTGGTTAAAAGCCCT,55,4347252
yadI_predicted,1.1578947368421053,80,37,AAATGTTGACGTAAGCTCTA,43,4288688
yadI_predicted,1.0526315789473684,76,37,AAAGGAAGTTTCATGGGCAT,39,4305989
yadI_predicted,0.21621621621621623,43,36,TTGTGAACAAGTCAAGGGCA,7,4297758
yadI_predicted,3.4864864864864864,164,36,TTCACCCAACATTCGACGGA,128,4302954
yadI_predicted,0.13513513513513514,40,36,TTATGCTTAGTTACCCTAGA,4,4292148
yadI_predicted,1.8918918918918919,105,36,TGTGTAGTTCAATCAATACA,69,4313925
yadI_predicted,0.2702702702702703,45,36,TGTATTCGGTTCATGGGTTC,9,4365678
yadI_predicted,0.6216216216216216,58,36,TGCGCTACCGTGAAGCAGTC,22,4360912
yadI_predicted,0.5135135135135135,54,36,TGAACCAGCCGATGGCCGAA,18,4309422
yadI_predicted,0.05405405405405406,37,36,TCTCACTCGAAGAGCAAAGA,1,4340875
yadI_predicted,0.08108108108108109,38,36,TCGTCCATAGTCCATTGGTG,2,4338283
yadI_predicted,0.5945945945945946,57,36,TCCGACCGGTGGGCGTGAGT,21,4322892
yadI_predicted,0.05405405405405406,37,36,TCAATAGATGGCTCTGGCCA,1,4287142
yadI_predicted,0.5945945945945946,57,36,TCAAAGGGAACGGCCACGTA,21,4310506
yadI_predicted,0.05405405405405406,37,36,TATCGGCTTATACAAGAACA,1,4318617
yadI_predicted,0.6486486486486487,59,36,GTTTGCCTACCCCTATATGG,23,4319397
yadI_predicted,1.162162162162162,78,36,GTTGCGGCTGAAAATGGTGG,42,4340001
yadI_predicted,1.027027027027027,73,36,GTCTCCCGAAACCTCTTACA,37,4302204
yadI_predicted,0.16216216216216217,41,36,GGCCGGGGGACAATAGTAGT,5,4359753
yadI_predicted,0.4594594594594595,52,36,GGCCCAGCCAACCGGCAGGT,16,4308444
yadI_predicted,0.8378378378378378,66,36,GGACGTCGGTGAAACCTCCA,30,4305766
yadI_predicted,0.4864864864864865,53,36,GCCAGATTCAAGGCAGGATG,17,4297542
yadI_predicted,0.6756756756756757,60,36,GCATTTACGCCGATTTGTAT,24,4297444
yadI_predicted,0.35135135135135137,48,36,GCATATACACAACAAAGTTA,12,4317333
yadI_predicted,0.2972972972972973,46,36,GATTGGTGTGAGGACACGTT,10,4291442
yadI_predicted,0.4594594594594595,52,36,GATGCGTTACGGAGTGAAAT,16,4362083
yadI_predicted,1.0810810810810811,75,36,GAATATTCCGGACCCGTTTG,39,4292807
yadI_predicted,0.13513513513513514,40,36,GAAGAGATCGTCGGACAAAT,4,4330464
yadI_predicted,0.1891891891891892,42,36,GAACTCTCCACGAAGGCTAG,6,4327857
yadI_predicted,0.5675675675675675,56,36,CTTGATGGGCCTAGGAGGTC,20,4296102
yadI_predicted,0.4864864864864865,53,36,CTTCGGGTATGAGGGCAAAC,17,4358405
yadI_predicted,0.24324324324324326,44,36,CTGGGGTGTATGATGTACCT,8,4314314
yadI_predicted,0.4864864864864865,53,36,CTCTTATGCATTACTGGCTT,17,4321697
yadI_predicted,0.16216216216216217,41,36,CTCGAAACCATCTCAAAGAG,5,4316353
yadI_predicted,1.7297297297297298,99,36,CTCCAGCATTCTACACACGC,63,4324933
yadI_predicted,0.16216216216216217,41,36,CTATGTACGGGTTTCTGATG,5,4360622
yadI_predicted,0.21621621621621623,43,36,CGAACCGCGTAATTGATGGA,7,4316810
yadI_predicted,0.05405405405405406,37,36,CCTATGACGCACATAAATTG,1,4284887
yadI_predicted,0.918918918918919,69,36,CCGCTTATTATTACATGCAT,33,4331186
yadI_predicted,1.5405405405405406,92,36,CCCGCCTCGAGGGACCGGGT,56,4354250
yadI_predicted,0.6486486486486487,59,36,CATAGTTCCTGGATGGGCAT,23,4322078
yadI_predicted,0.2702702702702703,45,36,CAATGTGTTATATGGATTTC,9,4301329
yadI_predicted,1.4594594594594594,89,36,CAAATAAATGTGATTAATCT,53,4359506
yadI_predicted,0.05405405405405406,37,36,CAAAGGAGAGTCGCTGCGCA,1,4326285
yadI_predicted,0.972972972972973,71,36,ATTAGTAGTTAATAAGGTGT,35,4334991
yadI_predicted,0.7567567567567568,63,36,ATGCAAGTTAGGCCGTGCTC,27,4315325
yadI_predicted,0.05405405405405406,37,36,ATGCAAAAAATCCGTGATTA,1,4298178
yadI_predicted,0.6486486486486487,59,36,ATGATGCCGGGATCGCGAAG,23,4284338
yadI_predicted,0.43243243243243246,51,36,ATAGTCAATTGGATTGCCAA,15,4343574
yadI_predicted,0.5405405405405406,55,36,AGTGGTTTGGGTCGGAGGGA,19,4290183
yadI_predicted,1.054054054054054,74,36,AGCACATTATCTTTTGAATA,38,4361472
yadI_predicted,0.7297297297297297,62,36,AGATTTCGAAGTTACCGTGC,26,4340620
yadI_predicted,1.027027027027027,73,36,ACTACTTATGGATCGCACAG,37,4366682
yadI_predicted,0.08108108108108109,38,36,ACGTCCCGCTGGAACACGTA,2,4331401
yadI_predicted,0.6486486486486487,59,36,ACCAAAGAGTCAGGTCTTGG,23,4367548
yadI_predicted,0.13513513513513514,40,36,AATAGTTGCACGAATCGAAG,4,4327185
yadI_predicted,0.5135135135135135,54,36,AACTGTCATAATTGGGACGA,18,4315783
yadI_predicted,0.7297297297297297,62,36,AAATTTATCCAATCGGGGAG,26,4334956
yadI_predicted,0.1891891891891892,42,36,AAATAGATAGCCTTCGTCAA,6,4358840
yadI_predicted,1.0277777777777777,71,35,TTTTGAGCGGAATGACACAA,36,4302205
yadI_predicted,0.9722222222222222,69,35,TTTGCATTCGATTCCTATTA,34,4284713
yadI_predicted,0.1111111111111111,38,35,TTTAGGGACTGTAGATAGGT,3,4323146
yadI_predicted,1.0,70,35,TTATACGTTCTCGGCGCTTA,35,4313987
yadI_predicted,0.5833333333333334,55,35,TTAGCCTGTGCACGTATTCA,20,4305396
yadI_predicted,0.25,43,35,TTACATTTACCACAAGTTGT,8,4311710
yadI_predicted,0.05555555555555555,36,35,TGTTGAGAATAATCATATGT,1,4366768
yadI_predicted,0.6388888888888888,57,35,TGTATTAGCGACGGAATTGA,22,4363379
yadI_predicted,0.3888888888888889,48,35,TGTAAGTCAAATTCGTTCTC,13,4306921
yadI_predicted,1.0,70,35,TGGACGTACCTTATGGGGGA,35,4291578
yadI_predicted,0.3611111111111111,47,35,TGCTCGATCGTACGCATCTC,12,4366265
yadI_predicted,0.6111111111111112,56,35,TGCATTAAGGTTTAGTCCCA,21,4311294
yadI_predicted,1.0,70,35,TGATATGGGTGGGGACCCGT,35,4340621
yadI_predicted,0.16666666666666666,40,35,TGATAGTAGGTGGGACCGTG,5,4349494
yadI_predicted,1.1666666666666667,76,35,TGAGGTTCGGAAGACCAGAA,41,4296679
yadI_predicted,0.16666666666666666,40,35,TGAACCAGGATTATGAAAAA,5,4285728
yadI_predicted,0.05555555555555555,36,35,TCTATAACTGCGTTGCCGAG,1,4362873
yadI_predicted,0.4722222222222222,51,35,TCGTACACCTGCGCACAAGT,16,4303407
yadI_predicted,0.16666666666666666,40,35,TCGGGGACAGTAAGCTCGAT,5,4322852
yadI_predicted,0.05555555555555555,36,35,TCGCTGCGCTTGGGATCATA,1,4330424
yadI_predicted,0.8611111111111112,65,35,TCGATTACTAAACAAATTGT,30,4362232
yadI_predicted,0.25,43,35,TCCACTTACGATACGCAAAG,8,4362132
yadI_predicted,0.8611111111111112,65,35,TATGAAGAAAAATGCGGGAA,30,4286176
yadI_predicted,1.1944444444444444,77,35,TATCCCCGAATGTCTTTTAT,42,4304818
yadI_predicted,1.7222222222222223,96,35,TACAGCAATACCCTCTGTCT,61,4303506
yadI_predicted,0.75,61,35,TAACTAGCCCATATGACTGA,26,4307260
yadI_predicted,0.6111111111111112,56,35,GTAGGTATAAATACTCGGGT,21,4324150
yadI_predicted,1.1944444444444444,77,35,GGGATATATCTCCTTTTAGT,42,4291497
yadI_predicted,1.0277777777777777,71,35,GGATTCGCCGTGAGTTTATT,36,4321329
yadI_predicted,1.4444444444444444,86,35,GGACGCCGGTAACGAAGAGG,51,4357297
yadI_predicted,1.3333333333333333,82,35,GCGCAGGAGATCTGTGCGTA,47,4366509
yadI_predicted,0.5833333333333334,55,35,GCCTTGCGGGCAGATTTTTA,20,4304374
yadI_predicted,1.1388888888888888,75,35,GCATAACTGTAAAATGGAGT,40,4361958
yadI_predicted,0.5833333333333334,55,35,GATGAGAACCAATCAGGCAT,20,4312724
yadI_predicted,1.25,79,35,GATCTTGCTAAAGTGGAATG,44,4288773
yadI_predicted,0.5833333333333334,55,35,GATCGGACTGAGTTCACGCA,20,4344474
yadI_predicted,1.0833333333333333,73,35,GACTGTGGTAAATTGGCTCA,38,4288165
yadI_predicted,0.8055555555555556,63,35,GACAAAGTAATACCTCGCGT,28,4366824
yadI_predicted,0.1111111111111111,38,35,GAACCCCAAACTCTTGGTAT,3,4341866
yadI_predicted,0.4166666666666667,49,35,GAAATGTTTTATTAATGGCG,14,4305322
yadI_predicted,2.388888888888889,120,35,CTTCGGTTGGGAGCCCCACA,85,4335683
yadI_predicted,0.8055555555555556,63,35,CTGCACACGCGACGTCCCAA,28,4353077
yadI_predicted,0.9444444444444444,68,35,CTAGGTGTGCAATCCGGGAC,33,4329830
yadI_predicted,1.1111111111111112,74,35,CGTCTGAGAGTGCATCGTCT,39,4313154
yadI_predicted,0.8055555555555556,63,35,CGCATAACGCAGGTATACGG,28,4338981
yadI_predicted,0.6666666666666666,58,35,CCCACATATCTTCATGTCTG,23,4364079
yadI_predicted,0.8888888888888888,66,35,CATTGTAGAGTTTCAATTAC,31,4311109
yadI_predicted,0.7222222222222222,60,35,CACAAGTCGTAAAGGCTAAT,25,4354727
yadI_predicted,0.6111111111111112,56,35,ATTCGGTGAACTTCAAGAGC,21,4346943
yadI_predicted,0.8333333333333334,64,35,ATCCTCCGGCCCCAGAGCTA,29,4347759
yadI_predicted,0.1111111111111111,38,35,ATCACGTTATGCGTAGCTCA,3,4297355
yadI_predicted,0.08333333333333333,37,35,AGTGCAATACGGCTCTTTAT,2,4308581
yadI_predicted,1.5,88,35,AGGTACCCAGCAGTCTTCAA,53,4334358
yadI_predicted,0.3611111111111111,47,35,AGGGCAAGTAGAGATTATAA,12,4289169
yadI_predicted,0.2222222222222222,42,35,AGGCGGTAGTTTTAGCATAA,7,4327777
yadI_predicted,0.3888888888888889,48,35,AGGCGGGGCTGGCGCGAAAG,13,4338886
yadI_predicted,0.1111111111111111,38,35,AGCCCACGTAGAACTTTAGT,3,4336841
yadI_predicted,0.4722222222222222,51,35,ACTTCGTCATAGGGACGCTC,16,4297837
yadI_predicted,0.6111111111111112,56,35,ACTACCCTAGGATTACGTGG,21,4358505
yadI_predicted,0.9444444444444444,68,35,ACCCACCGGCCCATCCTCGA,33,4337980
yadI_predicted,0.19444444444444445,41,35,ACAGGGGTTTCGACTAGGAT,6,4337040
yadI_predicted,0.8888888888888888,66,35,ACACATGTCTTAAACAGAAA,31,4338251
yadI_predicted,0.3333333333333333,46,35,ACAACCTCGAATTACGTAGA,11,4321500
yadI_predicted,0.75,61,35,AAGTACAACTCTCCGCAGTA,26,4340881
yadI_predicted,0.5,52,35,AACCATTTACACACCTTTAG,17,4333947
yadI_predicted,0.7714285714285715,60,34,TTTGGGTCGTTCGTACTCTC,26,4343948
yadI_predicted,0.2857142857142857,43,34,TTGTAGCACGGAGACGAGAA,9,4347613
yadI_predicted,0.6,54,34,TTGGATTATATCAGAATCTT,20,4285307
yadI_predicted,0.17142857142857143,39,34,TTCCTCATGGTGACCTCAGT,5,4350055
yadI_predicted,0.8857142857142857,64,34,TTATGGATGATAGACCCGAG,30,4306707
yadI_predicted,0.8857142857142857,64,34,TTAGTAAGTAAACTCGTATA,30,4295684
yadI_predicted,0.2,40,34,TGGTACTCGCCCATTTAGTA,6,4304332
yadI_predicted,0.4,47,34,TGGGCTAGCAGGGACATTAG,13,4320600
yadI_predicted,1.2857142857142858,78,34,TGGAAGTGCCCATACAAGCA,44,4306619
yadI_predicted,0.8,61,34,TGCCAGTACCTAGCAGTCCA,27,4285369
yadI_predicted,1.5714285714285714,88,34,TGAAGGGTAAACTAACTTAT,54,4335739
yadI_predicted,3.0285714285714285,139,34,TCACGTAACATTAATTGGGT,105,4335147
yadI_predicted,0.34285714285714286,45,34,TAGCGTCACTTGTCCACTTT,11,4323730
yadI_predicted,0.7428571428571429,59,34,TACTGCAACTAGAATGAGAC,25,4340876
yadI_predicted,0.2857142857142857,43,34,GTGGTCGCGACACTTTCATA,9,4294434
yadI_predicted,0.5142857142857142,51,34,GTGAGTTCTCCTCACGCACT,17,4325394
yadI_predicted,0.05714285714285714,35,34,GTGAGATCGTGATGTCGCTT,1,4301818
yadI_predicted,0.05714285714285714,35,34,GTATTGGAGAAACATAGAAG,1,4348322
yadI_predicted,0.05714285714285714,35,34,GTAAGGGAACCCTTAGAGAT,1,4300415
yadI_predicted,0.05714285714285714,35,34,GGTTTTGTCAGGCTTCACAC,1,4287868
yadI_predicted,0.2571428571428571,42,34,GGTTGCTAGAGGCACGATCA,8,4296219
yadI_predicted,0.05714285714285714,35,34,GGTTAGTTAGGGGCACACGA,1,4340128
yadI_predicted,0.05714285714285714,35,34,GGTCTCAGCTCCGGCCCTGT,1,4313483
yadI_predicted,0.34285714285714286,45,34,GGGATATTAGCCCTGTTCGA,11,4297754
yadI_predicted,0.37142857142857144,46,34,GGCAGATGCTGCTGCACATA,12,4364969
yadI_predicted,1.2857142857142858,78,34,GCTCTGAAAATCACCCCGTA,44,4291145
yadI_predicted,0.4857142857142857,50,34,GAGGGCAGAGGCATGGATAT,16,4295648
yadI_predicted,0.6857142857142857,57,34,GAGCCTAGGACAACGACCGT,23,4299349
yadI_predicted,0.5428571428571428,52,34,GACAGGCGACTCCTTGCTGA,18,4353687
yadI_predicted,0.17142857142857143,39,34,GAACGCGACAGGTTTTCCGT,5,4355890
yadI_predicted,0.05714285714285714,35,34,GAACCTGTGTACTCTCTGAT,1,4326473
yadI_predicted,0.7714285714285715,60,34,CTTAGCAAGGTGTCTTAGAT,26,4339290
yadI_predicted,0.34285714285714286,45,34,CGGGGGGCGCATAGCTTGTG,11,4302279
yadI_predicted,0.5714285714285714,53,34,CGGGAGGTTTACACGTGCTA,19,4313686
yadI_predicted,0.45714285714285713,49,34,CGCCGTACATCTAGCGTCCT,15,4326283
yadI_predicted,0.17142857142857143,39,34,CGCCGCGATCGCAAGACATA,5,4293418
yadI_predicted,0.22857142857142856,41,34,CCTACTCAAAACGCGTTTGT,7,4307390
yadI_predicted,0.05714285714285714,35,34,CCGTCGTGTAGATGCAATAG,1,4292209
yadI_predicted,0.6285714285714286,55,34,CCGACAGTCAGCTCGACGAT,21,4344154
yadI_predicted,1.0285714285714285,69,34,CCCGAAGCTAATCTATATGT,35,4304718
yadI_predicted,0.6571428571428571,56,34,CATGCCCCATAGGCCTTAAA,22,4302153
yadI_predicted,0.2571428571428571,42,34,CAGGAGGTAATGGTGCAGTG,8,4300318
yadI_predicted,0.05714285714285714,35,34,CAGGACCCCTAGCGGGCTCC,1,4327850
yadI_predicted,0.2571428571428571,42,34,CAGCGGCCTACTTCGAGCGT,8,4317570
yadI_predicted,0.4857142857142857,50,34,CACTACAGATCCTTTTAATT,16,4336803
yadI_predicted,0.45714285714285713,49,34,CACTAAGCTTGCCCCATGCT,15,4288073
yadI_predicted,0.6285714285714286,55,34,CACACCGCTTGAGTGAACGA,21,4350235
yadI_predicted,1.4285714285714286,83,34,CAAGCTTTTCATAGTAATAA,49,4336702
yadI_predicted,0.2857142857142857,43,34,CAAGAATGCATTTGACGGTC,9,4321142
yadI_predicted,0.5714285714285714,53,34,ATTCGGCTGTGAGGGTTATC,19,4335681
yadI_predicted,0.42857142857142855,48,34,ATTAACGGTTCGGGTCGTTA,14,4297769
yadI_predicted,0.5428571428571428,52,34,ATCGGAGAGACACGGTTACC,18,4302381
yadI_predicted,0.6571428571428571,56,34,ATATTGTAACCTGGAAACCA,22,4285782
yadI_predicted,0.37142857142857144,46,34,ATAAGGTGTGTTAATGTCAA,12,4329588
yadI_predicted,1.3142857142857143,79,34,AGTTTCACGGACTGTCAGTG,45,4306141
yadI_predicted,0.6571428571428571,56,34,AGGATCGAAGCAATAGTAAT,22,4356094
yadI_predicted,0.17142857142857143,39,34,AGCTAAGGCTAGTGATGCGA,5,4334993
yadI_predicted,0.2,40,34,ACTGAAGGTTCGATGTAAGG,6,4308582
yadI_predicted,2.4285714285714284,118,34,ACTCGTGATCATACCTTATA,84,4307414
yadI_predicted,1.7428571428571429,94,34,ACTCCCACCGACCGTATTTA,60,4367132
yadI_predicted,0.8857142857142857,64,34,ACTATTTGGGGTAATTAGCT,30,4338619
yadI_predicted,0.05714285714285714,35,34,ACGTTCTGCCAGGTTCTGTT,1,4298284
yadI_predicted,0.9142857142857143,65,34,ACGGTTGGCTCGACGTGTTC,31,4314896
yadI_predicted,1.5142857142857142,86,34,AAGACCCATGTTTAACCGTA,52,4335535
yadI_predicted,0.3142857142857143,44,34,AAACATGAATGAAAGTTGGT,10,4295561
yadI_predicted,0.3235294117647059,43,33,TTTGGTCTCAACTGTTGCCA,10,4301979
yadI_predicted,0.2647058823529412,41,33,TTGTAAATCTGCCTTGGCGT,8,4330048
yadI_predicted,0.9117647058823529,63,33,TTGGTCCGAACAACCGTGTA,30,4315850
yadI_predicted,0.6470588235294118,54,33,TTCTTTATAACTGTCCGGCA,21,4307437
yadI_predicted,0.23529411764705882,40,33,TGTTCCCTATCAACTAATTC,7,4344819
yadI_predicted,2.5294117647058822,118,33,TGTTCAAACGTACCCCGTGT,85,4336369
yadI_predicted,0.8823529411764706,62,33,TGTCCTGCTCGATGCCATAT,29,4307854
yadI_predicted,0.058823529411764705,34,33,TGATTCGTGCAGAAGCCTTA,1,4369517
yadI_predicted,0.47058823529411764,48,33,TGACGGGTCTGGATTGGGGT,15,4292085
yadI_predicted,0.058823529411764705,34,33,TCTCGAGCGCAAGCATCTTT,1,4292772
yadI_predicted,1.5,83,33,TCTCCCTACGTAATTTAGTA,50,4292620
yadI_predicted,0.6764705882352942,55,33,TCTCATTGGTTTCATGGCAT,22,4311293
yadI_predicted,0.5294117647058824,50,33,TCCTGACCAGCTGAGTTAAT,17,4319376
yadI_predicted,0.8823529411764706,62,33,TCCCGGGAGTATGTGAAATG,29,4348557
yadI_predicted,0.20588235294117646,39,33,TCCAGGAAGGTCGGCAGGAA,6,4306488
yadI_predicted,0.058823529411764705,34,33,TCACGGTGCAGTGGTAGGTG,1,4289260
yadI_predicted,0.5,49,33,TCAAGTTGGAATCCGTCAGA,16,4359854
yadI_predicted,0.14705882352941177,37,33,TAGGTGAAGAGATCAGTTGG,4,4332402
yadI_predicted,0.9117647058823529,63,33,TAGCGATTAATTGCCAGACA,30,4337114
yadI_predicted,2.411764705882353,114,33,TACGGTATTTGTTTGAGTGT,81,4331183
yadI_predicted,0.8823529411764706,62,33,TACCCGTACTAAGATCCCGT,29,4300563
yadI_predicted,0.7941176470588235,59,33,TAACGGTCTTGCGTCATTTA,26,4366518
yadI_predicted,0.058823529411764705,34,33,GTTCGACTTCCGTACAAAAG,1,4356489
yadI_predicted,0.7941176470588235,59,33,GTGACCAGACACAATGTAAA,26,4296386
yadI_predicted,0.058823529411764705,34,33,GTCTTGACAGCCGGGGTGGG,1,4319444
yadI_predicted,0.058823529411764705,34,33,GTATCATGTTGGTTAAGATT,1,4313911
yadI_predicted,0.29411764705882354,42,33,GTATCAACTCTGACAACACT,9,4352359
yadI_predicted,0.9117647058823529,63,33,GTAGGTATCCCGGGTCTCAC,30,4358063
yadI_predicted,0.11764705882352941,36,33,GTAAGACTGGAAATAAGCCC,3,4289008
yadI_predicted,0.7352941176470589,57,33,GGACGCTTCCTAATTTCTCA,24,4324913
yadI_predicted,0.29411764705882354,42,33,GGACCTCTCAGCCTAGAACT,9,4298625
yadI_predicted,0.9705882352941176,65,33,GCTGGGGGTGGCAGTGTGTA,32,4301139
yadI_predicted,0.058823529411764705,34,33,GCTCGGAGGTTGGTCGTAAC,1,4292081
yadI_predicted,1.0,66,33,GCTCATGGGCAGGACTTGAT,33,4365307
yadI_predicted,0.14705882352941177,37,33,GCTAATGCGAGTAGACACAA,4,4293599
yadI_predicted,1.2058823529411764,73,33,GCGCTCTTCGCAAGACCCTG,40,4305974
yadI_predicted,0.6764705882352942,55,33,GCGCCATGGCGTCGAGGGTC,22,4328631
yadI_predicted,0.4117647058823529,46,33,GCGACATCGTTGAGAGAGCC,13,4284177
yadI_predicted,0.058823529411764705,34,33,GCCGTAGTTCCCTGCTCATG,1,4286771
yadI_predicted,0.7058823529411765,56,33,GCCCAGTCTCTGATGAGGTG,23,4300564
yadI_predicted,1.3529411764705883,78,33,GCAGACTAGGTGACAGAAGA,45,4340749
yadI_predicted,0.4117647058823529,46,33,GATCGCTTTAACGCACCTTT,13,4297195
yadI_predicted,0.6470588235294118,54,33,GACCCCAAGCCGTACGTTCC,21,4306614
yadI_predicted,0.058823529411764705,34,33,GAACGCTGATACTCTATTTA,1,4347566
yadI_predicted,0.5294117647058824,50,33,CTTTGCAGCGATGGCGGACG,17,4308314
yadI_predicted,0.7352941176470589,57,33,CTGTCAACGCGTGCTCAGAT,24,4351613
yadI_predicted,0.29411764705882354,42,33,CTGACCATCTGTTTACATGT,9,4343426
yadI_predicted,0.14705882352941177,37,33,CTAGCAGTGACAAACAGCAA,4,4310051
yadI_predicted,0.5882352941176471,52,33,CGTCTGCAACAGTTAGTGCA,19,4323728
yadI_predicted,0.7647058823529411,58,33,CGGTGTACGGGGATGATGAT,25,4316521
yadI_predicted,0.29411764705882354,42,33,CGGGATCATCCATTCGTGTA,9,4342051
yadI_predicted,1.0588235294117647,68,33,CGGGAGCAGTCCTTGTGTAG,35,4291001
yadI_predicted,0.8529411764705882,61,33,CGGCCCATTAAATATTACCA,28,4367829
yadI_predicted,0.058823529411764705,34,33,CGCTGCGCATGCAAATTGCA,1,4340136
yadI_predicted,1.588235294117647,86,33,CGCGTACTAGCGGAATGGTT,53,4332818
yadI_predicted,0.8235294117647058,60,33,CGCGCGTTGAAAACTTCTGT,27,4304385
yadI_predicted,0.058823529411764705,34,33,CGATCTGCAATAGACCGAAG,1,4355808
yadI_predicted,0.4117647058823529,46,33,CGAGAGGAGATGAACATAGG,13,4287750
yadI_predicted,1.1176470588235294,70,33,CGAACTAGCATGCATACAAT,37,4300402
yadI_predicted,0.6470588235294118,54,33,CCGTATCTTCTGCTACAAAT,21,4362922
yadI_predicted,0.08823529411764706,35,33,CCGGTTTTATTGCTTACGAG,2,4287949
yadI_predicted,0.5588235294117647,51,33,CCGGCTCGCATTACTTTTAG,18,4311950
yadI_predicted,0.4411764705882353,47,33,CCGAACTCTTCTCGGAGGAT,14,4296390
yadI_predicted,1.0588235294117647,68,33,CACGTGTGTCTGGGAAGACT,35,4336329
yadI_predicted,0.058823529411764705,34,33,CACGATTTGAGCCCAGGACT,1,4311491
yadI_predicted,0.6764705882352942,55,33,CAACGAACTGCGGTTAAGCT,22,4303358
yadI_predicted,1.0294117647058822,67,33,CAAAAGAGCCTATCTGGTTT,34,4301539
yadI_predicted,0.23529411764705882,40,33,ATTTACTAATCCAAATTGAT,7,4369544
yadI_predicted,0.3235294117647059,43,33,ATGGCTCTCCTTCAGGCTAC,10,4307995
yadI_predicted,0.47058823529411764,48,33,ATCCTTACTGCTCTTCTGAT,15,4365386
yadI_predicted,0.8529411764705882,61,33,AGTTCTCCTCACCTGGTTGC,28,4315018
yadI_predicted,0.14705882352941177,37,33,AGTAGTCATGTTCCTGCTTA,4,4366653
yadI_predicted,0.20588235294117646,39,33,AGACCATATACGGAAGATGG,6,4290896
yadI_predicted,0.8235294117647058,60,33,AGAAGTAGCCGGGATCCCTA,27,4313161
yadI_predicted,0.7941176470588235,59,33,ACTTCATAGGATATTCCCTT,26,4365445
yadI_predicted,0.5294117647058824,50,33,ACTGCGGTAGGGTGTGTCAA,17,4340050
yadI_predicted,0.5882352941176471,52,33,ACTACCCGGGTCCATATCAA,19,4329079
yadI_predicted,0.058823529411764705,34,33,ACTAACGATTAAGGGCTAAG,1,4309365
yadI_predicted,0.7352941176470589,57,33,ACGGAGACTTTATGTAAGAT,24,4343294
yadI_predicted,0.6470588235294118,54,33,ACGAATATCGAGTTAACCGA,21,4326892
yadI_predicted,0.3235294117647059,43,33,ACATTACGAAGGAGCTTTGA,10,4324861
yadI_predicted,0.058823529411764705,34,33,ACAGACTCGATCCACCGCAA,1,4315603
yadI_predicted,1.1176470588235294,70,33,ACAACGGAGTGGGGTGTCTC,37,4355999
yadI_predicted,0.6176470588235294,53,33,ACAAATACGCTGATAGTGTA,20,4292517
yadI_predicted,0.7352941176470589,57,33,AATTAGAGTTACAGGTCTAG,24,4330799
yadI_predicted,1.6176470588235294,87,33,AATAGCACGCATCTGTGATA,54,4353126
yadI_predicted,0.38235294117647056,45,33,AATAATAACCCGGGCTCTTA,12,4328919
yadI_predicted,0.23529411764705882,40,33,AAGTTACACAGCGATGGAGA,7,4317813
yadI_predicted,1.1176470588235294,70,33,AAGCTGACCGAGCCTCTCAG,37,4333176
yadI_predicted,0.5882352941176471,52,33,AACATCCACCTTGGTACCTA,19,4287237
yadI_predicted,0.38235294117647056,45,33,AAAGAAGCTGTATAGTGAAC,12,4340189
yadI_predicted,0.45454545454545453,46,32,TTTGGTCGTTTGAGTTGTGA,14,4356501
yadI_predicted,0.36363636363636365,43,32,TTTCAACATACAAGGACTGT,11,4297052
yadI_predicted,1.0606060606060606,66,32,TTGAGCGAGAGGTTTAACAA,34,4366533
yadI_predicted,0.8484848484848485,59,32,TTGAATCATAGTCGGTAGGA,27,4363723
yadI_predicted,0.6363636363636364,52,32,TTCGTTGACCCTGCTAGTAT,20,4354570
yadI_predicted,0.6666666666666666,53,32,TTCGCTCGTGTCAACGGCAT,21,4330819
yadI_predicted,0.45454545454545453,46,32,TGTTCTGCATCTGCGCCCAT,14,4311520
yadI_predicted,0.15151515151515152,36,32,TGGGTGGGCTCGTATCGTTA,4,4368165
yadI_predicted,0.6363636363636364,52,32,TGGCTGGGAGTAAACTATAA,20,4331623
yadI_predicted,0.06060606060606061,33,32,TGATTCGTCCGACAGTATAC,1,4350320
yadI_predicted,0.09090909090909091,34,32,TGATTATGAGGACAGGTCAA,2,4291428
yadI_predicted,0.36363636363636365,43,32,TGAGATGAAAGTAGGGGATG,11,4357987
yadI_predicted,2.212121212121212,104,32,TGACGCGCTCCGAGTTTGTT,72,4343452
yadI_predicted,0.5757575757575758,50,32,TCGATGAGCTGCAAAACCTG,18,4301335
yadI_predicted,0.2727272727272727,40,32,TCCTCGTTGGTACTGCACTT,8,4355919
yadI_predicted,0.8484848484848485,59,32,TCCGGTGAATAACGCTCCCC,27,4302160
yadI_predicted,0.18181818181818182,37,32,TCAGTCACGAAAGTCGTCAG,5,4310061
yadI_predicted,0.06060606060606061,33,32,TATTCACGTTAGGCGTCCCA,1,4288432
yadI_predicted,0.09090909090909091,34,32,TATATTAATAGATGCTTACC,2,4360479
yadI_predicted,1.3333333333333333,75,32,TATATCGCTTACCAAAACAC,43,4365660
yadI_predicted,0.36363636363636365,43,32,TAGAACGACCAACGGTAGAG,11,4341833
yadI_predicted,0.42424242424242425,45,32,TACTCGAAGGTAAGCACGTC,13,4340359
yadI_predicted,0.696969696969697,54,32,TAACACTGAAGGAGTTAATT,22,4320898
yadI_predicted,0.06060606060606061,33,32,GTTGCATCCCAAGGTGTCTA,1,4359296
yadI_predicted,0.5151515151515151,48,32,GTTAAGACAAATGAGGCAAG,16,4290184
yadI_predicted,0.06060606060606061,33,32,GTGACCATGGGCAATAATCA,1,4360784
yadI_predicted,0.09090909090909091,34,32,GTCAGAGTTGGGCTTTCGGC,2,4322155
yadI_predicted,0.3939393939393939,44,32,GTACAATTCGTTTTTCGACT,12,4335314
yadI_predicted,0.42424242424242425,45,32,GGTGTTAGTTCTGCTGTCTG,13,4316615
yadI_predicted,0.5757575757575758,50,32,GGTGTGCTAGTCAGCAATCA,18,4290773
yadI_predicted,0.12121212121212122,35,32,GGCGCTTTACAGGTCTAAAT,3,4287389
yadI_predicted,2.121212121212121,101,32,GGATCAGGGTCAGGCAGGAG,69,4308143
yadI_predicted,0.06060606060606061,33,32,GCTGTCCGACGTCAGGCGCA,1,4301640
yadI_predicted,1.121212121212121,68,32,GCTATCCTGAACTGCGAGAA,36,4305955
yadI_predicted,0.45454545454545453,46,32,GCGGGCATCGTCCAAATTGA,14,4361874
yadI_predicted,0.8181818181818182,58,32,GCCTCTGCATTTCCAATATG,26,4284801
yadI_predicted,0.45454545454545453,46,32,GATTCGGTTGGTATCTGGGT,14,4368179
yadI_predicted,0.7878787878787878,57,32,GACGAATAAGTGGGAAGCGT,25,4345503
yadI_predicted,0.3939393939393939,44,32,GACAGGTACGAGATCCTCTT,12,4316425
yadI_predicted,0.42424242424242425,45,32,GAAATACTTCGGTAATACGT,13,4343436
yadI_predicted,0.09090909090909091,34,32,CTTAGGGCAGGAATTGAGTG,2,4330374
yadI_predicted,0.06060606060606061,33,32,CTTAGCGCTCGCACAAGTGA,1,4322105
yadI_predicted,0.36363636363636365,43,32,CTGGCGCTATTAAAGCTTTA,11,4343251
yadI_predicted,0.42424242424242425,45,32,CTCGGCTAGTGGTATTTTAG,13,4315916
yadI_predicted,0.6666666666666666,53,32,CTCGGCTAGGCTCCCGGTTG,21,4366835
yadI_predicted,0.21212121212121213,38,32,CTCGCGGCAGGGGCATTTAT,6,4323096
yadI_predicted,0.15151515151515152,36,32,CGATCAATAGATTTGAAATT,4,4316623
yadI_predicted,0.06060606060606061,33,32,CGAGGACAAGTATCCGCTCA,1,4343739
yadI_predicted,0.6060606060606061,51,32,CCGTAAATACACTGAGACGT,19,4349693
yadI_predicted,0.5151515151515151,48,32,CCGGTCACCCGCATCGATGC,16,4315302
yadI_predicted,0.5757575757575758,50,32,CCGACCTTTACTCACCTGAT,18,4324793
yadI_predicted,0.7575757575757576,56,32,CCGAAGGTGTAGTAACTGCA,24,4303241
yadI_predicted,0.09090909090909091,34,32,CAGGACAGCATCGTGTACGA,2,4351159
yadI_predicted,0.7272727272727273,55,32,ATGTTCGAATAGGGTAGCTG,23,4288721
yadI_predicted,0.48484848484848486,47,32,ATGGTGCGAGTCATCCGTAC,15,4304737
yadI_predicted,0.06060606060606061,33,32,ATCAACTTCAAAACCAAGTG,1,4293245
yadI_predicted,0.5757575757575758,50,32,ATAACGCCCGCCCGAGAGAC,18,4286627
yadI_predicted,2.0,97,32,AGTTTGAATGCTAATTAAAC,65,4325865
yadI_predicted,0.5151515151515151,48,32,AGGTCTCGCTCTAATATCTC,16,4312320
yadI_predicted,0.6060606060606061,51,32,AGGGACGCAAACCGGGAATT,19,4295077
yadI_predicted,0.6666666666666666,53,32,AGCGGACCGGGACAGCACAC,21,4352578
yadI_predicted,0.06060606060606061,33,32,AGCCCCCGCTCTGGTTTTTC,1,4297642
yadI_predicted,0.42424242424242425,45,32,ACTTGGCATTACAGACGATA,13,4303357
yadI_predicted,0.45454545454545453,46,32,ACTGTGGCGTTGAAGCAAAA,14,4362930
yadI_predicted,0.45454545454545453,46,32,ACGGTAGCGCGGGCCGCTCA,14,4285648
yadI_predicted,1.0909090909090908,67,32,ACCGGTAGATTTGACGGTCT,35,4316312
yadI_predicted,0.696969696969697,54,32,ACCCGGGGGGCGACTGAAGT,22,4354346
yadI_predicted,0.6363636363636364,52,32,ACAATTCAGCGGGCTATGAT,20,4313147
yadI_predicted,0.6666666666666666,53,32,AATGTCAACACGCGTAAGTA,21,4350107
yadI_predicted,0.6060606060606061,51,32,AACTTTGCCCTTGTCGATCA,19,4303726
yadI_predicted,0.48484848484848486,47,32,AACTCCTCTGTAGAGTGTTC,15,4293609
yadI_predicted,0.21212121212121213,38,32,AACGGGGGAGCAGAATTTGT,6,4358722
yadI_predicted,1.9393939393939394,95,32,AACCGCGCCCGTACGGCAAT,63,4349705
yadI_predicted,0.2727272727272727,40,32,AACAGGGCTGCCGGCAACAA,8,4300996
yadI_predicted,0.09090909090909091,34,32,AACACCCTCTTAGTTCGACC,2,4285364
yadI_predicted,0.06060606060606061,33,32,AAATATCTCTATCTGGCTCA,1,4320758
yadI_predicted,0.4375,44,31,TTTCTGGATCACCAGCTAAA,13,4348318
yadI_predicted,1.125,66,31,TTCCATCAATGGGGAGTAAC,35,4341579
yadI_predicted,1.03125,63,31,TTATGGGACCCCAGTCGGTG,32,4291149
yadI_predicted,1.8125,88,31,TTATGGAAGCACTACACGTG,57,4302724
yadI_predicted,0.84375,57,31,TTAGGAACGATGACCGCACT,26,4291089
yadI_predicted,1.5625,80,31,TGTGTTAGCTTATTGTCGTC,49,4341511
yadI_predicted,0.75,54,31,TGTATAATGATCGCGTCTCT,23,4296603
yadI_predicted,1.0,62,31,TGGCATTCACTCCCCTCCAC,31,4324667
yadI_predicted,0.34375,41,31,TGGCATCTTGATCACACACA,10,4358155
yadI_predicted,0.78125,55,31,TCGGCCAATGACGTGTTGTT,24,4296462
yadI_predicted,1.5,78,31,TCCGGTTCTGGGTCCTGGTC,47,4321429
yadI_predicted,0.875,58,31,TCCAAAAATATGGATACTCA,27,4320896
yadI_predicted,0.28125,39,31,TCAGCAGGACCCTGACTGTG,8,4304262
yadI_predicted,0.59375,49,31,TATCGCGTATATTGCTGGAG,18,4330503
yadI_predicted,0.90625,59,31,TAGCAGGTGTGACCCTCAGG,28,4331618
yadI_predicted,0.6875,52,31,TACAGATGTAGGGCTTGACA,21,4314100
yadI_predicted,0.3125,40,31,TACAGACGCCATTGCACAAT,9,4305268
yadI_predicted,0.65625,51,31,TAAGGTCAGCACCACCGTAC,20,4347319
yadI_predicted,1.09375,65,31,TAAGGGTGCAGTTGACCCTG,34,4355180
yadI_predicted,2.09375,97,31,TAAGAGGCTACGGATCATAC,66,4291439
yadI_predicted,0.59375,49,31,GTGGATCGCAAGCAAAGCGT,18,4366369
yadI_predicted,1.6875,84,31,GTATTACTTACACTATGCGT,53,4300061
yadI_predicted,0.0625,32,31,GTAGGAGTTTGATGCATTAT,1,4311145
yadI_predicted,0.0625,32,31,GGTCTGGTTTAATTGGTCTC,1,4328873
yadI_predicted,0.90625,59,31,GGTAAGACGCTTCGAACTCC,28,4344808
yadI_predicted,0.40625,43,31,GGGCAGTCTGCGGAGCAGGA,12,4362820
yadI_predicted,0.96875,61,31,GGCTACTGATGTGACATCTT,30,4341376
yadI_predicted,0.46875,45,31,GGCGGTAGTAAGAAAAAACT,14,4310848
yadI_predicted,0.53125,47,31,GGCCGTGACTACCCTTTTTA,16,4309117
yadI_predicted,1.1875,68,31,GCTATGGGGGATTCATGTCC,37,4307239
yadI_predicted,0.53125,47,31,GCTAGATCAATCCCCCTGAA,16,4311785
yadI_predicted,0.46875,45,31,GCTAACAAGGCTCTTGCAGA,14,4306739
yadI_predicted,0.40625,43,31,GCCCATTAGACTGGGGTGCG,12,4339495
yadI_predicted,1.0625,64,31,GCAGCAAGGATACATCCGCG,33,4358468
yadI_predicted,0.25,38,31,GATTGAACCTTTGTCCCTTT,7,4335925
yadI_predicted,0.1875,36,31,GATTCACCGGGAGCGGAGAC,5,4315734
yadI_predicted,1.65625,83,31,GATGTATAACCTGCTTCCAA,52,4329601
yadI_predicted,2.21875,101,31,GATGCTCTACAATTCCCTGT,70,4339692
yadI_predicted,0.59375,49,31,GATAACTGATGACTCGGATA,18,4318595
yadI_predicted,1.03125,63,31,GAGACGACATAGGGGCGCCC,32,4360308
yadI_predicted,0.25,38,31,GAATTAGTCCGCACCCCTGT,7,4349210
yadI_predicted,0.09375,33,31,GAATGTGGGGGATGTGCGAT,2,4334986
yadI_predicted,0.71875,53,31,GAACGCAGTCAACAAGGCAA,22,4284461
yadI_predicted,0.65625,51,31,CTGGCTGCATACCGGACTAT,20,4331280
yadI_predicted,0.3125,40,31,CTCCCAAAGAATATTAACCT,9,4290187
yadI_predicted,0.0625,32,31,CTATTCCGGTCTGCAGTCTT,1,4347732
yadI_predicted,1.125,66,31,CGTTGTTTTAGCAGGTCATG,35,4298027
yadI_predicted,0.0625,32,31,CGTTGCATGACCACTATTAT,1,4343944
yadI_predicted,0.5,46,31,CGTTCTCTCATGTTAAGGTT,15,4310699
yadI_predicted,0.0625,32,31,CGTGTTCCTATCGGTGTGGT,1,4352301
yadI_predicted,0.125,34,31,CGTATATTTCAACGGTACAA,3,4353700
yadI_predicted,1.15625,67,31,CGGGTGGACACACATGGGTG,36,4351409
yadI_predicted,0.71875,53,31,CGGATACTGGCCACAGCAGG,22,4308591
yadI_predicted,1.09375,65,31,CGCCTACCTGATCGACCCAT,34,4284139
yadI_predicted,1.4375,76,31,CGCATGTTCTATTCTCGGTT,45,4341526
yadI_predicted,1.0625,64,31,CGAAGACGCGGTCTACGGCA,33,4353188
yadI_predicted,0.75,54,31,CCTCCGAAGACTTAAATTAA,23,4322639
yadI_predicted,0.78125,55,31,CCTACGATGGCACGTCTCAC,24,4325328
yadI_predicted,0.78125,55,31,CCCCGAATCATTGCATGTAT,24,4292629
yadI_predicted,0.4375,44,31,CCCATTTTAACGTTAGCGGT,13,4290910
yadI_predicted,0.28125,39,31,CCCAATGCTAGAATAATTCT,8,4304063
yadI_predicted,0.3125,40,31,CCACAACCAGGCCACTCAGT,9,4335010
yadI_predicted,0.71875,53,31,CATTACATGACTACGCGTAC,22,4325742
yadI_predicted,2.1875,100,31,CAGGGACTAATGCACACCGT,69,4331821
yadI_predicted,0.6875,52,31,CACGGAAAGTCATGCACGGG,21,4325070
yadI_predicted,0.3125,40,31,CAAGATATGTGACGCGCGGT,9,4346517
yadI_predicted,0.46875,45,31,CAACTTCTGGGGATTACAAA,14,4332140
yadI_predicted,0.53125,47,31,CAACCCCAGTAGCCCCTAAT,16,4327102
yadI_predicted,0.0625,32,31,ATTTGCAGGAATCATGACCT,1,4294118
yadI_predicted,0.90625,59,31,ATTAGATTCTTTCGCGCTTA,28,4310605
yadI_predicted,0.59375,49,31,ATGCGCCCGTGTACCTAGCT,18,4351783
yadI_predicted,0.09375,33,31,ATGCACTGTACATTGGGTTA,2,4367607
yadI_predicted,0.0625,32,31,ATGATAGACTCATGCGACCT,1,4337217
yadI_predicted,0.34375,41,31,ATGACATCTTGCCCATTCAG,10,4299208
yadI_predicted,1.5625,80,31,ATCCTTGCAAGCTTTGAAAT,49,4324006
yadI_predicted,0.5625,48,31,ATATAGGTTCGCGCATAATA,17,4313087
yadI_predicted,0.75,54,31,ATAGCTTGAAGTAACCTCAG,23,4337623
yadI_predicted,0.40625,43,31,ATAATTCTCCCGCTCCGGAT,12,4309864
yadI_predicted,0.28125,39,31,AGTCTACATATGTCGGGGAA,8,4335065
yadI_predicted,0.0625,32,31,AGGTAAATTGTGAATACTCG,1,4294183
yadI_predicted,0.5,46,31,AGGCCTCTCAGGCTCAGCGC,15,4348142
yadI_predicted,0.21875,37,31,AGGCCATAGAGACACACTCT,6,4342236
yadI_predicted,0.40625,43,31,AGCGATGCTCTAGACACCAC,12,4366678
yadI_predicted,1.21875,69,31,AGATGTAGTTACGTGTATCA,38,4324496
yadI_predicted,0.46875,45,31,AGAGAGACTGAGATGAGCCA,14,4293347
yadI_predicted,0.1875,36,31,AGAGACGGAGGCGGGCGTTT,5,4306135
yadI_predicted,0.4375,44,31,ACTTGGAAAGGTTAAGTTTA,13,4350872
yadI_predicted,0.59375,49,31,ACTCTGTCCTACTATGCAAG,18,4347317
yadI_predicted,0.09375,33,31,ACTCTGCTGGTATGCTATGT,2,4328665
yadI_predicted,1.1875,68,31,ACGTTATCATAGTCTATTTA,37,4286456
yadI_predicted,1.3125,72,31,ACGCGGCTGACCCTCCATGC,41,4299285
yadI_predicted,0.59375,49,31,ACGCGACTGCCAAAGCAGTA,18,4325795
yadI_predicted,0.34375,41,31,ACAACTGTAAGAGATGCCCT,10,4335135
yadI_predicted,0.09375,33,31,AATTACAAGACGGTAGCGGG,2,4330044
yadI_predicted,0.28125,39,31,AAGAGGCCATTGCATGACTA,8,4356376
yadI_predicted,1.15625,67,31,AACTGGGTTATAGCACTTAA,36,4326059
yadI_predicted,0.28125,39,31,AACTGATGTTACGCTTCAAA,8,4313285
yadI_predicted,0.125,34,31,AACCTTTGAGTCCGCAGGCA,3,4319851
yadI_predicted,0.1875,36,31,AACAGATAGAGAGGGTATTA,5,4367675
yadI_predicted,1.967741935483871,90,30,TTGGTCGCTTACACCGGTAA,60,4302062
yadI_predicted,0.4838709677419355,44,30,TTGGAGAACATTCCGCTCTC,14,4333154
yadI_predicted,0.5806451612903226,47,30,TTGCTGTGGCCTCGAGCTAA,17,4309112
yadI_predicted,1.4193548387096775,73,30,TTCAGGGGATTGGCTTAAAA,43,4357810
yadI_predicted,1.4193548387096775,73,30,TTACATTTGGGTAGGTGGTA,43,4348267
yadI_predicted,0.9354838709677419,58,30,TGTTAATGCAGCTATCAGCG,28,4298907
yadI_predicted,3.0,122,30,TGCTAATTGGAGTGGGATAC,92,4287939
yadI_predicted,0.6774193548387096,50,30,TGCGGCGAACGATGAAAGAA,20,4286300
yadI_predicted,0.9354838709677419,58,30,TGAGCTTCCACGATCCGCGG,28,4287748
yadI_predicted,0.2903225806451613,38,30,TGAGCGACAAGATACCCAGT,8,4301986
yadI_predicted,0.06451612903225806,31,30,TCTTTCCTGAGCATCATAGT,1,4325093
yadI_predicted,0.9032258064516129,57,30,TCTGATTCTAGGATGGACGT,27,4316738
yadI_predicted,0.8064516129032258,54,30,TCTGACGCGATTTGATTGGC,24,4358622
yadI_predicted,0.06451612903225806,31,30,TCTAGCGGATATGGGCAGAC,1,4339490
yadI_predicted,0.45161290322580644,43,30,TCGTGTTGGGCAGGTCACCT,13,4310457
yadI_predicted,0.41935483870967744,42,30,TCGAGAGCACGTCAAAGGTC,12,4328130
yadI_predicted,2.3225806451612905,101,30,TATCTCTGGCTTAACTCATA,71,4354779
yadI_predicted,1.2903225806451613,69,30,TAGGGTTTCAGTTACGGCCT,39,4368105
yadI_predicted,1.0,60,30,TAGGGTCACATTTTGAGGGA,30,4285224
yadI_predicted,0.06451612903225806,31,30,GTTTTAATAATCGCAATATC,1,4311768
yadI_predicted,1.096774193548387,63,30,GTTTGTGCCAGCATGCTATG,33,4361721
yadI_predicted,1.2903225806451613,69,30,GTTGATTGTAACTACATTTT,39,4311588
yadI_predicted,0.41935483870967744,42,30,GTTCGGATTCCCTCTTAGTA,12,4312681
yadI_predicted,0.9354838709677419,58,30,GTGCAAATTTTTGATGTGTT,28,4365448
yadI_predicted,0.06451612903225806,31,30,GTCAATTTCAATGGGGGTAC,1,4321936
yadI_predicted,0.9032258064516129,57,30,GGTTCGGTAGAGCTTATTCA,27,4346759
yadI_predicted,0.8064516129032258,54,30,GGGTTCATTACTCGCTGCGG,24,4357300
yadI_predicted,0.4838709677419355,44,30,GGGTACCACCTAACGGCATT,14,4329939
yadI_predicted,1.096774193548387,63,30,GGGCGCCTTTTTTCGTCGAT,33,4303940
yadI_predicted,0.06451612903225806,31,30,GGCTCAACTTGGCCTCCGAA,1,4341687
yadI_predicted,0.7419354838709677,52,30,GGCCTACACGAGTCATACTT,22,4308789
yadI_predicted,2.3870967741935485,103,30,GCTTGACATTATAGGGCCGG,73,4312472
yadI_predicted,0.6129032258064516,48,30,GCATCTAAAACTCGGTTAAG,18,4291915
yadI_predicted,0.41935483870967744,42,30,GCAGGGGTGGTTAGATTTGA,12,4317825
yadI_predicted,0.3870967741935484,41,30,GATTTCAGCACGTGGGCATG,11,4350705
yadI_predicted,0.8064516129032258,54,30,GAGGTGTTCTGGGATCCAAT,24,4289459
yadI_predicted,0.41935483870967744,42,30,GACTTTCCCAGCTATGGACG,12,4342966
yadI_predicted,0.6451612903225806,49,30,GACTCGAATCCACGGGTCTT,19,4344650
yadI_predicted,0.9354838709677419,58,30,GACCCGTGGTAGCGTGCGTG,28,4288063
yadI_predicted,0.8709677419354839,56,30,GACATCATAACATGCGTCAG,26,4354493
yadI_predicted,1.2580645161290323,68,30,GACAGCCAGTCATGTTCCCA,38,4295298
yadI_predicted,2.4838709677419355,106,30,GAAGGCTACATGCAGTTATG,76,4286401
yadI_predicted,3.064516129032258,124,30,CTGTCAAACGGTAGGTCCCT,94,4331276
yadI_predicted,0.06451612903225806,31,30,CTGGATTCGGCTTAGTTGAT,1,4365476
yadI_predicted,0.06451612903225806,31,30,CTGATGGAGCTGTCTGGCTC,1,4324669
yadI_predicted,3.096774193548387,125,30,CTAGCTCCGGCCAACAAGCC,95,4316099
yadI_predicted,0.7419354838709677,52,30,CTAAATCATGTGCCTCCCCA,22,4328719
yadI_predicted,0.2903225806451613,38,30,CGTCTGTGTACCCTACGCAT,8,4357992
yadI_predicted,0.0967741935483871,32,30,CGGGTTAGTCGCGCCTACAG,2,4314105
yadI_predicted,0.7419354838709677,52,30,CGGCCCATTTGAAGTATGCT,22,4348326
yadI_predicted,1.0,60,30,CGGAGGCTGCTGCGCGCGGA,30,4340569
yadI_predicted,0.41935483870967744,42,30,CGCTGGGAGCGAGATTTGAT,12,4325059
yadI_predicted,0.45161290322580644,43,30,CGCTCATCTCGATGCACACT,13,4338073
yadI_predicted,1.1612903225806452,65,30,CGCGTTTGCTTCGGTCCCAA,35,4285003
yadI_predicted,0.1935483870967742,35,30,CGCATCCGGGGTCCTAATGA,5,4303727
yadI_predicted,0.5161290322580645,45,30,CGATTCTAGTCTGTGACGTT,15,4306672
yadI_predicted,0.6129032258064516,48,30,CGACGCGGCAAGTCGTTCGG,18,4343250
yadI_predicted,1.6451612903225807,80,30,CGACCACACCGGTAACTGCT,50,4334101
yadI_predicted,0.3225806451612903,39,30,CCCCGAGGGCTTCCCTACTA,9,4305151
yadI_predicted,0.6451612903225806,49,30,CCATTATATATCTATAGGTA,19,4342425
yadI_predicted,0.22580645161290322,36,30,CATAGACAAGTACGGATATG,6,4340991
yadI_predicted,0.25806451612903225,37,30,CAGATGTAGTCCTCGTATGT,7,4318710
yadI_predicted,0.0967741935483871,32,30,CACTCTTGATGATTCTAAAG,2,4321600
yadI_predicted,0.6451612903225806,49,30,ATTTGATCCGGGGTTACGAT,19,4304730
yadI_predicted,1.3548387096774193,71,30,ATTTACATTACAAACCTTAA,41,4299551
yadI_predicted,0.25806451612903225,37,30,ATGCGTTTACTTGTCGGCGT,7,4346165
yadI_predicted,0.22580645161290322,36,30,ATGCAGAGTAGGTGACTCAA,6,4309050
yadI_predicted,0.3225806451612903,39,30,ATCAGTTTGCTGCTATAGAG,9,4369638
yadI_predicted,0.25806451612903225,37,30,ATATATAGAAGGTATGGTTA,7,4287256
yadI_predicted,1.5806451612903225,78,30,ATAGCTGGACCTGCCCAGCG,48,4302151
yadI_predicted,0.25806451612903225,37,30,ATAGAGGTCCCAGCCAAGAA,7,4319484
yadI_predicted,2.193548387096774,97,30,AGTAGGTAATTCATCGAAAA,67,4307308
yadI_predicted,0.9032258064516129,57,30,AGCCATCAGGCATAACGATA,27,4321081
yadI_predicted,0.3225806451612903,39,30,AGCAACGCAGGCGATTTCCT,9,4285345
yadI_predicted,0.06451612903225806,31,30,AGAGTAGTGTTCCGACATCG,1,4304173
yadI_predicted,1.2258064516129032,67,30,ACTCCTGTGCTCCTAGCTGC,37,4308800
yadI_predicted,0.3225806451612903,39,30,ACGGACTATCACGGGGGCCA,9,4289186
yadI_predicted,2.2580645161290325,99,30,ACATCAAATCTCATTTGGAA,69,4369552
yadI_predicted,0.06451612903225806,31,30,AATCGGATGTATCTCATGTT,1,4364654
yadI_predicted,0.6129032258064516,48,30,AAGGTCCACGTATATCACCT,18,4322021
yadI_predicted,0.06451612903225806,31,30,AAGGCCTCACACAAGGAGGG,1,4304328
yadI_predicted,0.7096774193548387,51,30,AAAGTATGGGCCGACAAGTC,21,4309471
yadI_predicted,0.41935483870967744,42,30,AAAGGCAACCGCATGAAAAT,12,4288065
yadI_predicted,0.06451612903225806,31,30,AAACCAGTCGCTTCATACAT,1,4365605
yadI_predicted,1.8666666666666667,84,29,TTTAGTGAATGATTGTGTTA,55,4309051
yadI_predicted,0.5666666666666667,45,29,TTGTATAGTAACAGGCAAGG,16,4336870
yadI_predicted,2.033333333333333,89,29,TTGGATCGGTTGTTAAATTT,60,4287697
yadI_predicted,0.7333333333333333,50,29,TTGGACCTGCGGAAACGCAA,21,4338948
yadI_predicted,0.16666666666666666,33,29,TTGATTTTGGCGTATATTTG,4,4312095
yadI_predicted,0.8666666666666667,54,29,TTGAGGTTGTTGCATCAGGA,25,4305390
yadI_predicted,0.1,31,29,TTCTGGGCAAACGAACGTTG,2,4349919
yadI_predicted,0.16666666666666666,33,29,TTCAGAGAATTCGGGTACGA,4,4313028
yadI_predicted,1.0666666666666667,60,29,TTCAACAGCCGGAAAGTCGG,31,4289117
yadI_predicted,0.3,37,29,TTAAGCTAGTCTTCCGGTGT,8,4340194
yadI_predicted,1.5666666666666667,75,29,TGGGAAACGAAATCTGAAGC,46,4315323
yadI_predicted,0.23333333333333334,35,29,TCGTTGCCGTCGGGCTTTTG,6,4343440
yadI_predicted,0.1,31,29,TCGGAGTCAAAACGCAGTAA,2,4324995
yadI_predicted,0.9666666666666667,57,29,TCGCTGGACAATCCTAGCAA,28,4308450
yadI_predicted,1.5333333333333334,74,29,TCGCCAGGGGTCACCTATGT,45,4331738
yadI_predicted,1.6666666666666667,78,29,TCGATGGTTCCACAATTAGT,49,4309995
yadI_predicted,0.9333333333333333,56,29,TCCAGTTTAACTAGACGCCG,27,4286618
yadI_predicted,0.06666666666666667,30,29,TCACTCCTGTATCTCCGGGT,1,4321722
yadI_predicted,0.8333333333333334,53,29,TATCGCTGGTTAGCTAGTGG,24,4299719
yadI_predicted,2.4,100,29,TATATGCAAACTGGGCAATG,71,4299841
yadI_predicted,0.9666666666666667,57,29,TATAGAGGTTATCTGGTTAA,28,4326630
yadI_predicted,0.6333333333333333,47,29,TAGGAGCGTGTCTAGGCTAA,18,4343674
yadI_predicted,0.36666666666666664,39,29,TACGGGCACGTAATGAAACG,10,4321260
yadI_predicted,0.3,37,29,TACGGAGCAACCCATAGCGT,8,4304989
yadI_predicted,0.6333333333333333,47,29,TACCCGTCGGATTGGCGCGA,18,4321987
yadI_predicted,0.06666666666666667,30,29,TACAGGCGTAGTAGTGACTT,1,4327323
yadI_predicted,0.36666666666666664,39,29,TACAAGCGCGTTAACCATCT,10,4332283
yadI_predicted,0.06666666666666667,30,29,TAATAGACTGCGGTTTGAAG,1,4307805
yadI_predicted,0.9,55,29,TAAGTGACGGCCCTGTGGTG,26,4320373
yadI_predicted,0.3333333333333333,38,29,TAAACCAGTACACATATGTG,9,4367376
yadI_predicted,0.8,52,29,GTGGTCTATGAGTTGGTTCC,23,4287374
yadI_predicted,0.06666666666666667,30,29,GTACTCGAGGTGGCTGACTT,1,4353423
yadI_predicted,0.36666666666666664,39,29,GTACCCCTGTGGCTAGAATG,10,4333797
yadI_predicted,0.6,46,29,GTAATCATGGCAGGAGACCC,17,4325988
yadI_predicted,1.0666666666666667,60,29,GGTTTCGAGTTGGGTTATGC,31,4284235
yadI_predicted,0.13333333333333333,32,29,GGTTAAAGCCAGCCCGTTAT,3,4289896
yadI_predicted,0.5,43,29,GGTCCTCCGGATCACTCGGG,14,4351854
yadI_predicted,0.23333333333333334,35,29,GGGCTCGGGACAATTTACGT,6,4307377
yadI_predicted,0.4,40,29,GGCCGAACCAGTTCGCGTAA,11,4297196
yadI_predicted,0.4,40,29,GGCATGGTCTGATAAAATAA,11,4288608
yadI_predicted,1.1333333333333333,62,29,GGATAACTTACATAGTGACG,33,4331065
yadI_predicted,1.1666666666666667,63,29,GGAGATAACCGGAGCGTTTA,34,4327413
yadI_predicted,0.06666666666666667,30,29,GCTTGTTAAGAGATGGCGTC,1,4338573
yadI_predicted,0.4666666666666667,42,29,GCTTCGCACTCCGGTTTCAT,13,4337056
yadI_predicted,0.8,52,29,GCGTCAACTCTGTGTCCGTC,23,4303286
yadI_predicted,1.0666666666666667,60,29,GCACTTAGGGGTCACGGAAT,31,4365283
yadI_predicted,0.26666666666666666,36,29,GCACTCAGACCCAACGTACG,7,4347617
yadI_predicted,1.1666666666666667,63,29,GCAACGAATCGTTGCCACTG,34,4310262
yadI_predicted,2.1666666666666665,93,29,GATGATGATGTAACCGTCGT,64,4327734
yadI_predicted,0.7,49,29,GATCGATTGGACAGGGGTAA,20,4293240
yadI_predicted,0.7,49,29,GATCCCTGCCGTCAGACAAC,20,4360520
yadI_predicted,0.8333333333333334,53,29,GATACACCAGTCCGCTGGGA,24,4339188
yadI_predicted,0.8333333333333334,53,29,GAGTTTGAGGGGGACCTTAT,24,4329834
yadI_predicted,0.8333333333333334,53,29,GAGGTGCGATGAAAGGTTCA,24,4342007
yadI_predicted,0.06666666666666667,30,29,GAGGGTATGAGGTAGGCTTA,1,4288312
yadI_predicted,0.5333333333333333,44,29,GAGCTCGTCCTTGGGAGTAT,15,4317413
yadI_predicted,1.4333333333333333,71,29,GAGAGGAAAGCTCCTCACTC,42,4311906
yadI_predicted,0.26666666666666666,36,29,GACTTCATCCGCTTACCCCT,7,4313473
yadI_predicted,0.1,31,29,CTTGCTTCATTGTCGCATAG,2,4357017
yadI_predicted,0.7333333333333333,50,29,CTTACTTGTAACGTTTCCAC,21,4291791
yadI_predicted,1.5333333333333334,74,29,CTGCGTTGGCGACTCTCTTG,45,4301011
yadI_predicted,0.6,46,29,CTGAAGCCCAGCTAACTGTG,17,4334163
yadI_predicted,0.6,46,29,CGTATACAAAAATCCAACTA,17,4358688
yadI_predicted,0.3,37,29,CGGAGCCCTAAGGCTCGGTT,8,4326417
yadI_predicted,1.6,76,29,CGCATAGAGCTTGGCACAGG,47,4324614
yadI_predicted,0.6333333333333333,47,29,CGATTATCTGCAAATAGAAC,18,4294992
yadI_predicted,0.2,34,29,CGATCGCTAGATCGCCGCTA,5,4295431
yadI_predicted,0.06666666666666667,30,29,CGATATCTTAAGGAGGTACT,1,4327322
yadI_predicted,0.26666666666666666,36,29,CCTCCCGCGCCATTGTCCAA,7,4329696
yadI_predicted,1.1666666666666667,63,29,CCGGACCATTTACATGGTTA,34,4296017
yadI_predicted,0.3333333333333333,38,29,CCCTGCGCCTCAGGGCGGTG,9,4302776
yadI_predicted,0.06666666666666667,30,29,CCCTCATCATTTGTGGCCAC,1,4328132
yadI_predicted,0.4666666666666667,42,29,CCATGCCTAATAGACTGTAT,13,4333543
yadI_predicted,0.4,40,29,CATGATTTACTAGGTCATTT,11,4356868
yadI_predicted,0.5,43,29,CAGCGAGCTTAAGTACCTTC,14,4294902
yadI_predicted,1.1,61,29,CAATTCGTCCGGGAGCAGCT,32,4284749
yadI_predicted,1.2333333333333334,65,29,CAATTACGGTTTCTTGTCCA,36,4328697
yadI_predicted,0.06666666666666667,30,29,CAATAGGTGCAAGCGACACT,1,4355141
yadI_predicted,0.8,52,29,CAATACATACTCCTCGCAAT,23,4290665
yadI_predicted,0.8,52,29,CAACCGTTCCCTCGATGTAC,23,4329409
yadI_predicted,0.06666666666666667,30,29,CAAATACTGGGCGTCCTTAG,1,4314609
yadI_predicted,1.2,64,29,ATTGATGAACGTGAGGGGGT,35,4287221
yadI_predicted,0.23333333333333334,35,29,ATCTGCGAGGCCCCGACGCA,6,4325452
yadI_predicted,1.0333333333333334,59,29,ATCAGATTATACTTCCGGAG,30,4350489
yadI_predicted,2.533333333333333,104,29,ATATCGAAGTTCCTCTACAT,75,4357886
yadI_predicted,0.06666666666666667,30,29,ATACGCATATAATAGTGTGA,1,4353466
yadI_predicted,0.2,34,29,ATACAAGCATTTCGGCGGTA,5,4322199
yadI_predicted,1.3,67,29,AGTGTCGGGAACTAATTCAA,38,4333532
yadI_predicted,0.23333333333333334,35,29,AGTGTATACCCCGTATTTTA,6,4339026
yadI_predicted,0.4666666666666667,42,29,AGTCCTAGTCAAGTTAACTA,13,4288756
yadI_predicted,1.0,58,29,AGGGGGCTATACAGGAAAAG,29,4358372
yadI_predicted,0.6666666666666666,48,29,AGGCCTCTTCTCGCTGGGGG,19,4302740
yadI_predicted,2.5,103,29,AGGCCCCGTAGTGTAGCCGC,74,4309430
yadI_predicted,1.0333333333333334,59,29,AGGAAGGTGCCGGTTAAACT,30,4297580
yadI_predicted,0.9333333333333333,56,29,ACTTTCCCGCACCTCAAAAG,27,4303174
yadI_predicted,1.0,58,29,ACTGTTAATCTTTCATGAAC,29,4332390
yadI_predicted,0.06666666666666667,30,29,ACTCCGGTAGCCACACGCTG,1,4317548
yadI_predicted,0.2,34,29,ACTAGGTTAGAGCCAGGGTA,5,4336961
yadI_predicted,0.06666666666666667,30,29,ACGCGGCATGCCAGAGGGTT,1,4354272
yadI_predicted,0.43333333333333335,41,29,ACCTGATGCGCTCCGAACTC,12,4348830
yadI_predicted,0.7,49,29,ACCTAACATTTGCCGTCTCA,20,4354186
yadI_predicted,0.5333333333333333,44,29,ACCCTCTCTTATTCTATGCA,15,4317708
yadI_predicted,0.5,43,29,ACCCGGTTGCAGTTAAGACG,14,4295433
yadI_predicted,0.2,34,29,ACCATCTATGGATAGTGTTG,5,4343451
yadI_predicted,0.5333333333333333,44,29,ACCAGGAACAAATGGACATT,15,4326889
yadI_predicted,0.26666666666666666,36,29,ACAGGCTTTCTATGTGCAGC,7,4299715
yadI_predicted,0.23333333333333334,35,29,ACACGCGGAGGGCTTTCAAT,6,4319219
yadI_predicted,2.066666666666667,90,29,AATGTTGGACCAAAGTTGCT,61,4300691
yadI_predicted,0.23333333333333334,35,29,AAGTTCGTATAGCCTAATTG,6,4306534
yadI_predicted,0.1,31,29,AAGTGTTTACAGGCATTACA,2,4356432
yadI_predicted,0.23333333333333334,35,29,AAGGGAGCGCGCGAGACGGT,6,4324207
yadI_predicted,0.9,55,29,AAATTGTGTATCTAAGAATT,26,4364064
yadI_predicted,0.06666666666666667,30,29,AAATGGTTTCAAATGGTGTG,1,4337681
yadI_predicted,0.8666666666666667,54,29,AAACGACACCATCGACGTAA,25,4342482
yadI_predicted,0.36666666666666664,39,29,AAAAAATCAACTGGGATTCG,10,4309349
yadI_predicted,1.0344827586206897,57,28,TTTTAACACGTAGGGCATGA,29,4287749
yadI_predicted,0.41379310344827586,39,28,TTTGGTTGCTCGGTTTGTAA,11,4298189
yadI_predicted,0.7931034482758621,50,28,TTTGCCCGGGGCGGAAAGTG,22,4303049
yadI_predicted,0.06896551724137931,29,28,TTTGACCGTCCTAATGCCGT,1,4347612
yadI_predicted,0.10344827586206896,30,28,TTTCTCGAGATTTAGGCGCC,2,4305183
yadI_predicted,0.5862068965517241,44,28,TTTAATACACGCGGATTATG,16,4364030
yadI_predicted,0.9655172413793104,55,28,TTGGTTCCGTCTCTGTCGAT,27,4289462
yadI_predicted,1.5517241379310345,72,28,TTGCTAACCTCCTGTAGTAG,44,4291916
yadI_predicted,0.5517241379310345,43,28,TTATCTGGGCGACCCGCCCT,15,4330365
yadI_predicted,0.4827586206896552,41,28,TGGTTCGTGCGCTGGAAAAA,13,4341588
yadI_predicted,0.6551724137931034,46,28,TGGTGTGTGTGTAAGACCCT,18,4359565
yadI_predicted,0.5517241379310345,43,28,TGGATTGATGAGGTTGGCAT,15,4356547
yadI_predicted,0.6896551724137931,47,28,TGGACCGGGCAACAGGATAT,19,4287323
yadI_predicted,1.0,56,28,TGCCGCATAGCGGTATTCTG,28,4285386
yadI_predicted,0.3793103448275862,38,28,TGAGGGGACAACTTTGTGCT,10,4309833
yadI_predicted,0.8275862068965517,51,28,TGACTTTCCAATGGCTGACA,23,4359887
yadI_predicted,0.27586206896551724,35,28,TGAAAAATAGGAAGCACCGC,7,4318911
yadI_predicted,0.7241379310344828,48,28,TCTGGCTGCGGTCATACGTT,20,4299271
yadI_predicted,0.3448275862068966,37,28,TCTCAGGTCCTTGATATGGG,9,4304650
yadI_predicted,0.4827586206896552,41,28,TCGAGACCCTTGAGGGACCT,13,4308911
yadI_predicted,1.103448275862069,59,28,TCCGTGTACCCTGGTGTCAA,31,4368756
yadI_predicted,0.896551724137931,53,28,TCCAGGTATTGGGTACAAGG,25,4355038
yadI_predicted,1.4482758620689655,69,28,TCCAGCCCTCGCCTTCATAC,41,4330186
yadI_predicted,0.9310344827586207,54,28,TCAGGTAGGATGGGTCTCGA,26,4320677
yadI_predicted,0.27586206896551724,35,28,TATGACATGGAAAGGGTACG,7,4307237
yadI_predicted,1.5517241379310345,72,28,TATGAACGTCGAAGATTGCC,44,4307128
yadI_predicted,0.06896551724137931,29,28,TATACCGTTTCAGGGTTCGC,1,4297457
yadI_predicted,1.6206896551724137,74,28,TAAGTACATCTATCGTCTAA,46,4286288
yadI_predicted,0.27586206896551724,35,28,GTTATATCAAAACAAACTCC,7,4312587
yadI_predicted,1.3793103448275863,67,28,GTGCCGTCAGACACCCAGCA,39,4293598
yadI_predicted,0.5517241379310345,43,28,GTCACATCAAAATTACGATA,15,4338432
yadI_predicted,0.7241379310344828,48,28,GTCAATTTAGTTATTATTCT,20,4346153
yadI_predicted,1.0689655172413792,58,28,GTATCATAACCTTTGGGAAG,30,4301869
yadI_predicted,0.9655172413793104,55,28,GGTTGGCCATACCCATCCTG,27,4309237
yadI_predicted,1.4137931034482758,68,28,GGTTAAAAAACCATGATATT,40,4360789
yadI_predicted,0.5517241379310345,43,28,GGTGTGACACGGTCGCGGTT,15,4353988
yadI_predicted,1.2758620689655173,64,28,GGTCTGAGGTTTATAGCTGT,36,4323823
yadI_predicted,0.4482758620689655,40,28,GGCTTTCGTCCTAGCTAGAA,12,4288433
yadI_predicted,0.5862068965517241,44,28,GGCATGGGACCTGCCTGCGG,16,4308275
yadI_predicted,0.3793103448275862,38,28,GGAGCCGTAAGTTCCCCCCA,10,4339247
yadI_predicted,0.5172413793103449,42,28,GGAGCCATCCGGTTTAAAAG,14,4337244
yadI_predicted,0.8620689655172413,52,28,GCTGTACGTGCGATGATGTC,24,4325790
yadI_predicted,1.103448275862069,59,28,GCTGGACACTGACTCGACTT,31,4326389
yadI_predicted,0.4827586206896552,41,28,GCTATGGTTCGCCCGCCAAA,13,4354082
yadI_predicted,1.9655172413793103,84,28,GCGTACAACTGAGGGTAGAT,56,4320518
yadI_predicted,0.6896551724137931,47,28,GCGAACGCAGATATGAGCCT,19,4362471
yadI_predicted,0.20689655172413793,33,28,GCCTACATCCTGCCCGTCAT,5,4307315
yadI_predicted,1.2413793103448276,63,28,GCCGAGCAGCAAGCTCGCTA,35,4314818
yadI_predicted,0.896551724137931,53,28,GCCATTTGGTCCATGTTGCA,25,4308297
yadI_predicted,1.5172413793103448,71,28,GCATATGCCGGGGATCTTGT,43,4367743
yadI_predicted,0.8620689655172413,52,28,GCATACGGGGTGGCGTGTCG,24,4297361
yadI_predicted,2.0,85,28,GATTGTGGAAGGTCCCTTGA,57,4294978
yadI_predicted,2.1379310344827585,89,28,GATGCGACACTGGGCGTAAG,61,4344282
yadI_predicted,0.3793103448275862,38,28,GATATCTGCATCTAGGATTG,10,4326628
yadI_predicted,0.3793103448275862,38,28,GAGTTGTTTCGGCGGTACAC,10,4293653
yadI_predicted,0.9655172413793104,55,28,GAGTGATCCACCAGTTCGAT,27,4355410
yadI_predicted,0.27586206896551724,35,28,GAAAAGTTCTTACAGCAATT,7,4326325
yadI_predicted,0.5172413793103449,42,28,CTTTTGCGGTCGTATCGCCT,14,4293891
yadI_predicted,0.2413793103448276,34,28,CTTTGAAGTCGGTGCTAGCA,6,4320913
yadI_predicted,0.06896551724137931,29,28,CTTGACTTTAGGCCATGCCA,1,4304260
yadI_predicted,0.1724137931034483,32,28,CTTCTACGGGAATATTCCTT,4,4287219
yadI_predicted,2.310344827586207,94,28,CTTAGGGAGGGTGCGGTCAA,66,4285001
yadI_predicted,0.27586206896551724,35,28,CTTACGCTACGGAGAGTGAT,7,4369074
yadI_predicted,1.103448275862069,59,28,CTCACTCAACTTGATACGCG,31,4299474
yadI_predicted,0.7931034482758621,50,28,CTATCGGGCTCCAAGATGCT,22,4301981
yadI_predicted,0.6896551724137931,47,28,CTATCCCACTGACATGCGAA,19,4314352
yadI_predicted,0.2413793103448276,34,28,CTATAAAAGCCCTGGCAAAT,6,4316307
yadI_predicted,0.3793103448275862,38,28,CTAGTCTCACCAGAGACCAA,10,4337058
yadI_predicted,0.4827586206896552,41,28,CTAGGCGCATCTACAGAATA,13,4360534
yadI_predicted,0.41379310344827586,39,28,CGTCCTCCTTATTCAGGTGT,11,4337405
yadI_predicted,0.7241379310344828,48,28,CGTCAGGCCAGTCAGGACCG,20,4320224
yadI_predicted,1.4137931034482758,68,28,CGGTCTCCTTGTCGGCAAGA,40,4306674
yadI_predicted,0.06896551724137931,29,28,CGCTTAAGCCCAACGGTAAG,1,4349510
yadI_predicted,0.1724137931034483,32,28,CGCTGGTTCTTCTAAAAAAG,4,4296077
yadI_predicted,1.0689655172413792,58,28,CGCGGTGATCTGAGTAGATG,30,4327718
yadI_predicted,0.8620689655172413,52,28,CGCGATCCCAATCGGAATTA,24,4329309
yadI_predicted,0.5172413793103449,42,28,CGCATCGGAGCTGGTACGAT,14,4307806
yadI_predicted,0.13793103448275862,31,28,CGCAAAGCCTGGGGCCTCGT,3,4321625
yadI_predicted,0.7586206896551724,49,28,CGAGGATCTCCGGGGCGAAT,21,4311474
yadI_predicted,0.3793103448275862,38,28,CCTTTAGCTCAGCCTGAAAT,10,4287386
yadI_predicted,0.06896551724137931,29,28,CCTTGGGCCTGACAGTACGT,1,4344554
yadI_predicted,3.4827586206896552,128,28,CCTTAGAGGAGTCGGTAACT,100,4295559
yadI_predicted,0.06896551724137931,29,28,CCTGCTGCCTGGGTCGCGTG,1,4353821
yadI_predicted,2.0,85,28,CCTCGCTCCTCTAGTTCATA,57,4326763
yadI_predicted,2.0689655172413794,87,28,CCGGTCTCAGATGCCTGTTT,59,4358398
yadI_predicted,0.6206896551724138,45,28,CCCAGTTTCGAAATTTGAAG,17,4368762
yadI_predicted,0.13793103448275862,31,28,CCATTTTCCCACCTGCAACG,3,4317682
yadI_predicted,1.2413793103448276,63,28,CCACCGGTTATGTCTTCGGA,35,4288896
yadI_predicted,0.20689655172413793,33,28,CATCTTAAGCATCTAAGTTG,5,4348247
yadI_predicted,0.06896551724137931,29,28,CAGTGATATGTTTACTTTAC,1,4368721
yadI_predicted,1.8620689655172413,81,28,CAGGTGCAGCGCCGTCTGAT,53,4350164
yadI_predicted,0.4482758620689655,40,28,CAGCGCAGGCGGACTCGTAG,12,4346314
yadI_predicted,0.10344827586206896,30,28,CACTTTGGTACCAGCGGATT,2,4311765
yadI_predicted,0.5862068965517241,44,28,CACCGTCTCGACGAACAGGT,16,4331188
yadI_predicted,1.0,56,28,CAAGAACGGTAACGGTGTTG,28,4314819
yadI_predicted,0.20689655172413793,33,28,ATTCTTAAGTGGTGACGGCG,5,4287637
yadI_predicted,0.06896551724137931,29,28,ATGTAGAGACCGCTCGGAAT,1,4345461
yadI_predicted,0.9310344827586207,54,28,ATGGGCTCGTAATGCATATG,26,4326858
yadI_predicted,0.4482758620689655,40,28,ATGGCATACGGCAGTGGCCA,12,4342344
yadI_predicted,0.3793103448275862,38,28,ATGAAGGTACGACCTCACAT,10,4355644
yadI_predicted,0.7586206896551724,49,28,ATCAAAGGCGAGCAGTCGGT,21,4362472
yadI_predicted,0.896551724137931,53,28,ATATCGGTCCAACCCCTGTG,25,4323222
yadI_predicted,0.2413793103448276,34,28,AGTAGCCCCCACAACCACGT,6,4294435
yadI_predicted,0.7241379310344828,48,28,AGGCGCTGTTTAGGCCATGT,20,4303221
yadI_predicted,0.06896551724137931,29,28,AGCCCTGGCTCACACATAAA,1,4294432
yadI_predicted,0.896551724137931,53,28,AGCACATGAGATTGTCATGT,25,4314776
yadI_predicted,1.0689655172413792,58,28,AGAGCCTTGTAAGGTCCATA,30,4288226
yadI_predicted,0.3793103448275862,38,28,AGAAGAGTAAAGATGGAGAA,10,4349643
yadI_predicted,0.10344827586206896,30,28,ACTGCATGTGTCGGGTGTAA,2,4347215
yadI_predicted,0.10344827586206896,30,28,ACTACCCGATCATAAGGCAA,2,4293355
yadI_predicted,0.896551724137931,53,28,ACGCTGGCCTGTGCTCTTCC,25,4324612
yadI_predicted,0.3448275862068966,37,28,ACCAATAACGCAGGTGAACG,9,4309938
yadI_predicted,0.6551724137931034,46,28,AATCAAATGCGTAAATGTAG,18,4369203
yadI_predicted,0.6551724137931034,46,28,AAGTACCAGTTATTCAGTTT,18,4337329
yadI_predicted,2.2413793103448274,92,28,AAGCGCTCACAGGCATGCGA,64,4301633
yadI_predicted,2.8275862068965516,109,28,AAGACAACGTGGCTAAGCCG,81,4326394
yadI_predicted,3.310344827586207,123,28,AACATTCAGGTTGAACCGTA,95,4310514
yadI_predicted,0.5862068965517241,44,28,AAATATACGTGATGATGCTT,16,4355367
yadI_predicted,0.1724137931034483,32,28,AAATACTTCTGAAACTCCCG,4,4315091
yadI_predicted,0.3103448275862069,36,28,AAAAGGACACATTGTTTAGT,8,4315073
yadI_predicted,0.32142857142857145,35,27,TTTTTCGACCTCTAGTCATG,8,4326074
yadI_predicted,2.2142857142857144,88,27,TTTATGAACTACTCTACTAG,61,4319738
yadI_predicted,0.6428571428571429,44,27,TTGTAGACTCGTGGCGAGCG,17,4328208
yadI_predicted,0.4642857142857143,39,27,TTCTCATCGTCATATCAATA,12,4364815
yadI_predicted,0.25,33,27,TTCGTGGTGGAAACCTCATT,6,4350061
yadI_predicted,1.0357142857142858,55,27,TTAGGCCTTTCAAGTGGGCT,28,4322282
yadI_predicted,0.6071428571428571,43,27,TTACGGGTACGCATTGTGTC,16,4347800
yadI_predicted,0.32142857142857145,35,27,TTAAGATATGCACTTCTTTA,8,4310824
yadI_predicted,0.35714285714285715,36,27,TGTTAAGTGCCGTCGCCCAT,9,4301927
yadI_predicted,0.14285714285714285,30,27,TGTGTGAACGGTGGCGGTCA,3,4313156
yadI_predicted,1.0714285714285714,56,27,TGCTCTTGGGACATCACCAA,29,4318417
yadI_predicted,1.4285714285714286,66,27,TGCTCCTTTCAGTTTACGGT,39,4361259
yadI_predicted,0.4642857142857143,39,27,TGCGCGCCACTCTAATCCCT,12,4286055
yadI_predicted,0.42857142857142855,38,27,TGATTATCTGTGGAGAGATT,11,4326896
yadI_predicted,0.5357142857142857,41,27,TGAGTGCGGTCTTTCATCTG,14,4361916
yadI_predicted,0.8571428571428571,50,27,TCGTTCGTGCCCCTGTTTAT,23,4289910
yadI_predicted,0.39285714285714285,37,27,TCGGCCACCAATGACTGGAT,10,4345400
yadI_predicted,0.2857142857142857,34,27,TCCGATTTCCCTGGAATTAC,7,4313151
yadI_predicted,0.07142857142857142,28,27,TCCCGTGTGTGCATGAACGA,1,4353826
yadI_predicted,0.7142857142857143,46,27,TCCCCCTGGTAGGGACCCAG,19,4359139
yadI_predicted,0.10714285714285714,29,27,TCCATTATCCTCAAACTCTG,2,4287034
yadI_predicted,1.8571428571428572,78,27,TCAGACTGCTGGCCCTATTA,51,4368020
yadI_predicted,1.0714285714285714,56,27,TCACTGGTCTTGTTTATCTC,29,4316096
yadI_predicted,1.5,68,27,TATCGGACTGGACGAGCTAT,41,4361184
yadI_predicted,0.07142857142857142,28,27,TAGGAATCAAGGGTAGCTCT,1,4335542
yadI_predicted,0.9642857142857143,53,27,TACGGATATATGATTTCGGG,26,4355860
yadI_predicted,0.17857142857142858,31,27,TACATAGGTATACAACATGA,4,4317153
yadI_predicted,0.07142857142857142,28,27,GTGACTTTAGAGGAAATCGC,1,4300058
yadI_predicted,1.1071428571428572,57,27,GTCGTAGTAAGGATGTGCGA,30,4369595
yadI_predicted,0.17857142857142858,31,27,GTCGATATTTTCCTAGGCGT,4,4313847
yadI_predicted,0.8928571428571429,51,27,GTATGGGTGCCCATACCCCA,24,4315788
yadI_predicted,0.07142857142857142,28,27,GTAAGTTACTATGATAACGG,1,4362025
yadI_predicted,0.35714285714285715,36,27,GTAAGAAAGGATCCAAGCAT,9,4321343
yadI_predicted,0.6785714285714286,45,27,GGTGTGAGCAGATAAGGTTG,18,4337979
yadI_predicted,0.14285714285714285,30,27,GGTCAAGGACCGGTGTCCGT,3,4322425
yadI_predicted,0.39285714285714285,37,27,GGCCTCGCGAAGGGTTGGGT,10,4302820
yadI_predicted,2.75,103,27,GGATTATTGGTCTGTCCCTA,76,4298311
yadI_predicted,0.5357142857142857,41,27,GGATGGATTAACTCAGCCGA,14,4302096
yadI_predicted,0.10714285714285714,29,27,GGAGGGTGTGTCAATACACT,2,4308029
yadI_predicted,0.39285714285714285,37,27,GCTGGGGCTTTAGGAGGATG,10,4328622
yadI_predicted,1.0714285714285714,56,27,GCTGGAGGGTTGATTCGTAT,29,4284123
yadI_predicted,0.25,33,27,GCTCAGATCAATATATACAT,6,4297268
yadI_predicted,0.07142857142857142,28,27,GCGTCAAAGTCAACGACTCA,1,4329077
yadI_predicted,1.4285714285714286,66,27,GCATCTAGGAGGACACCCGA,39,4328637
yadI_predicted,0.7142857142857143,46,27,GCATACCCCAAAGTGGCCGG,19,4318832
yadI_predicted,0.5,40,27,GCAGGTGGCACGGTCTAGTA,13,4347836
yadI_predicted,1.5357142857142858,69,27,GCAGCGTTAACGTGACGAGT,42,4314266
yadI_predicted,0.5357142857142857,41,27,GCAGAAGTAGTCAAGCTTTA,14,4302320
yadI_predicted,0.8928571428571429,51,27,GCAACTGGCACCTGACCTGG,24,4303513
yadI_predicted,0.35714285714285715,36,27,GCAAATTCGCCAGATGGTAT,9,4289667
yadI_predicted,0.5,40,27,GCAAACGTCCGTGGTTCGGT,13,4346155
yadI_predicted,0.07142857142857142,28,27,CTTTACTTTGGCCCGGAACG,1,4319327
yadI_predicted,0.2857142857142857,34,27,CTTAATTTCTGATTTCTAGT,7,4314519
yadI_predicted,1.7857142857142858,76,27,CTGTAAAGACAATAGGCCGA,49,4368860
yadI_predicted,0.5714285714285714,42,27,CTGACTTCGTATCAGGTTCT,15,4345362
yadI_predicted,0.32142857142857145,35,27,CTCGGCGATGCACTAGACTG,8,4323273
yadI_predicted,0.6428571428571429,44,27,CTAGTATGTCGGCAAACCTA,17,4309611
yadI_predicted,0.7142857142857143,46,27,CTACGGAGCGTGCGAATGGT,19,4346271
yadI_predicted,0.10714285714285714,29,27,CGTTCAGCGTAATCAGATAA,2,4295643
yadI_predicted,0.07142857142857142,28,27,CGTAGGGTCGGAGCCAAACC,1,4284948
yadI_predicted,0.14285714285714285,30,27,CGGGTAACTAACTACTGGAT,3,4322741
yadI_predicted,0.25,33,27,CGCTTAAGCGGTCTAGCACT,6,4322491
yadI_predicted,0.14285714285714285,30,27,CCGTATGGAAATCGTCCTGC,3,4318187
yadI_predicted,0.07142857142857142,28,27,CCCCGTGACGCCAGACTGTG,1,4341186
yadI_predicted,1.5,68,27,CCACCAGAATCGGCTCGCGT,41,4328946
yadI_predicted,0.10714285714285714,29,27,CAGGACAAGTGATAGGTTCT,2,4333401
yadI_predicted,0.6428571428571429,44,27,CACTCGGAGCAACGGCCGTT,17,4347315
yadI_predicted,1.3928571428571428,65,27,CACGGACAAGATGGAGTAGG,38,4315960
yadI_predicted,0.10714285714285714,29,27,CACCTCATTGCATATAAGCT,2,4351218
yadI_predicted,1.0,54,27,ATTGACCCTCATCACGTACC,27,4347611
yadI_predicted,1.2857142857142858,62,27,ATTCTCCGCCCACATAGGAA,35,4305309
yadI_predicted,0.25,33,27,ATTCGTGTTACGTTGACCTA,6,4322643
yadI_predicted,0.2857142857142857,34,27,ATTCCGTTTGCACTGAATCT,7,4299631
yadI_predicted,1.0357142857142858,55,27,ATTACATAGTAATCCCGTAG,28,4293657
yadI_predicted,0.10714285714285714,29,27,ATGTGGCGCTTTTTAACACT,2,4286669
yadI_predicted,0.25,33,27,ATCTAGTGTACTAGTACTTA,6,4342551
yadI_predicted,0.5357142857142857,41,27,ATCGACTGTCTGTGGCCGCT,14,4307270
yadI_predicted,0.6428571428571429,44,27,ATAGACGCTCGGTCCGTTAA,17,4288727
yadI_predicted,1.5,68,27,ATACTGAGTCGCAGAAATGC,41,4296029
yadI_predicted,0.5714285714285714,42,27,AGTCCGGCGTCGGATGTTCG,15,4299867
yadI_predicted,0.07142857142857142,28,27,AGTATCTGGAACGGGCTTCG,1,4353336
yadI_predicted,1.4285714285714286,66,27,AGTATAGCTGCAGCAGCATT,39,4315756
yadI_predicted,0.75,47,27,AGGTACGTGTGACGAATAGT,20,4289317
yadI_predicted,0.9285714285714286,52,27,AGGCCGAGCATTCCGGCTGA,25,4328994
yadI_predicted,0.07142857142857142,28,27,AGAGACCGTAGCGTGAAGGT,1,4337119
yadI_predicted,0.07142857142857142,28,27,ACTGCACAACCGGGAGCGGG,1,4313604
yadI_predicted,1.0,54,27,ACTCCAAAGTTGGGTTGTTT,27,4349001
yadI_predicted,0.42857142857142855,38,27,ACTCATGCTGCAGTCTTACA,11,4355610
yadI_predicted,1.1071428571428572,57,27,ACGGTAGCATCAGAGACCAC,30,4295081
yadI_predicted,1.1071428571428572,57,27,ACGCCAATCGTTTTTACGCC,30,4348824
yadI_predicted,0.2857142857142857,34,27,ACCGGGGAGCGTGGCGCAGT,7,4356413
yadI_predicted,0.39285714285714285,37,27,ACAGAAACATCTTGCATGGG,10,4330119
yadI_predicted,1.5,68,27,AATGACCTATTACCGTCTAT,41,4338336
yadI_predicted,0.7857142857142857,48,27,AATCCCCGCATAATTTGGTA,21,4338593
yadI_predicted,1.0714285714285714,56,27,AATCAAGTGCGGCTTGATGA,29,4347590
yadI_predicted,0.39285714285714285,37,27,AAGGTAGCAGCGTTTTCATT,10,4326709
yadI_predicted,0.5357142857142857,41,27,AAGATCGTTTAACTTCCAAG,14,4304546
yadI_predicted,0.9285714285714286,52,27,AAGATACTACACCGCAACCT,25,4326973
yadI_predicted,0.07142857142857142,28,27,AACGAGTAAAGCCATACGTC,1,4337826
yadI_predicted,1.0,54,27,AAAGGAGCCGAAAACGCACT,27,4300467
yadI_predicted,1.6296296296296295,69,26,TTTTTGCCTCCGAAGATTCT,43,4306094
yadI_predicted,0.7777777777777778,46,26,TTTCTAGTCACGATTGAACG,20,4316169
yadI_predicted,0.37037037037037035,35,26,TTTAATCTACCGGTCATTGG,9,4290643
yadI_predicted,0.18518518518518517,30,26,TTGAGGATAATCGATTCAGA,4,4344326
yadI_predicted,0.8148148148148148,47,26,TTCTACCAGCTTATCTAAAG,21,4294551
yadI_predicted,1.4444444444444444,64,26,TTAGGTTTCAGACTGGGGGA,38,4362995
yadI_predicted,1.5185185185185186,66,26,TTAGGCGGGGTTTTGGTAAC,40,4286236
yadI_predicted,0.6296296296296297,42,26,TTACTCTAAGACATCGGTGA,16,4329829
yadI_predicted,0.5185185185185185,39,26,TTACACGCTAAACCTTCGGA,13,4336441
yadI_predicted,0.4074074074074074,36,26,TGTTGCAATCAAGCTCATCT,10,4339163
yadI_predicted,0.5555555555555556,40,26,TGGTGGAATCAGAAATCCGT,14,4288832
yadI_predicted,0.5555555555555556,40,26,TGCCCCTCGTGTCCCCCGCT,14,4318381
yadI_predicted,1.3333333333333333,61,26,TGCCACATCCGGTTTACAGT,35,4289617
yadI_predicted,0.2962962962962963,33,26,TGATGTTTCAAAGCACGTCT,7,4308834
yadI_predicted,0.14814814814814814,29,26,TGATAACGAACAGTATAGGC,3,4328660
yadI_predicted,0.48148148148148145,38,26,TCTATCAGCTGATATGGGAC,12,4326490
yadI_predicted,1.0,52,26,TCGTTGCGTTGATACGAAGA,26,4367092
yadI_predicted,0.9629629629629629,51,26,TCGTGCAATCTTAGTAGAGG,25,4329164
yadI_predicted,0.4444444444444444,37,26,TCGGATACGTCACGAGGGAA,11,4287780
yadI_predicted,0.8518518518518519,48,26,TCGAAATGCCGCCTAAAGGG,22,4321533
yadI_predicted,0.1111111111111111,28,26,TCCCGATTGATGTATAATTT,2,4312011
yadI_predicted,0.7777777777777778,46,26,TCCAGGTCAGGAGCACTGTA,20,4312485
yadI_predicted,0.8148148148148148,47,26,TCCACTCTCAGGAGTGTACA,21,4296789
yadI_predicted,2.925925925925926,104,26,TCATGGTTATTATCGGTGTT,78,4336771
yadI_predicted,0.07407407407407407,27,26,TCATGCGACCATCGTATACA,1,4323059
yadI_predicted,0.48148148148148145,38,26,TCAGGTTGCACAAAAAACAC,12,4319250
yadI_predicted,1.1481481481481481,56,26,TCACCTATGAATGTCGGTCC,30,4324984
yadI_predicted,0.6666666666666666,43,26,TATTTGCTAGATCCATCTAT,17,4314182
yadI_predicted,0.9259259259259259,50,26,TAGGGTGGACTCTGCCGCAG,24,4327148
yadI_predicted,0.07407407407407407,27,26,TAGCTAACCGCCTTCTGTCG,1,4328954
yadI_predicted,0.5925925925925926,41,26,TACTCCCCCGGGCTAGCTAC,15,4365063
yadI_predicted,0.07407407407407407,27,26,TACGTGAGACGCTGAAAAAT,1,4354754
yadI_predicted,0.5555555555555556,40,26,TACATTGTGTTACGAATTTA,14,4284714
yadI_predicted,3.5555555555555554,121,26,TAATTCTTACGCATTCACCC,95,4340324
yadI_predicted,1.4074074074074074,63,26,TAACAGATACTACCACAGAC,37,4342543
yadI_predicted,1.0740740740740742,54,26,GTTTCCTAGGGCTGCAGAGT,28,4285244
yadI_predicted,0.1111111111111111,28,26,GTGTTTGGACGGTGGACTAT,2,4351782
yadI_predicted,1.6666666666666667,70,26,GTGGGACATCGATTACACCC,44,4308531
yadI_predicted,0.5185185185185185,39,26,GTCACCCGAGTTCACCAGGA,13,4360181
yadI_predicted,0.9629629629629629,51,26,GTATCGCGGGATACGCGGAC,25,4348564
yadI_predicted,0.25925925925925924,32,26,GGTCGGATTGATAAAAGTCC,6,4362725
yadI_predicted,0.18518518518518517,30,26,GGTAAATCATAGACATTTCA,4,4285593
yadI_predicted,0.07407407407407407,27,26,GGGTGCGCTGCGCGAAAAAG,1,4318554
yadI_predicted,0.6666666666666666,43,26,GGCCGCAACGGAACGGCCAA,17,4309081
yadI_predicted,1.0,52,26,GGCCCTGGCCCGGAAAGAAT,26,4345171
yadI_predicted,2.5925925925925926,95,26,GGAAAACGTGGGATTGGATA,69,4343547
yadI_predicted,0.6666666666666666,43,26,GCGTCTCACCGAAATAGGGT,17,4329768
yadI_predicted,0.2222222222222222,31,26,GCGCTCGGCCTCACAAAAGG,5,4339643
yadI_predicted,0.8148148148148148,47,26,GCGCGTTAGACCTTTGCGGA,21,4292858
yadI_predicted,0.07407407407407407,27,26,GCGAGTGAACCCAGTGACGT,1,4314104
yadI_predicted,1.3333333333333333,61,26,GCCATCGTAATTAGATTCGG,35,4348826
yadI_predicted,0.07407407407407407,27,26,GCAGCGGGAGGCATAGCGAG,1,4331184
yadI_predicted,0.4444444444444444,37,26,GAGGATCATGGTTCATGGCA,11,4289367
yadI_predicted,0.07407407407407407,27,26,GAGCCGTGCGCGTTTTGGCA,1,4329082
yadI_predicted,0.7037037037037037,44,26,GAGCAATTCAATGGCTAGGT,18,4323147
yadI_predicted,0.25925925925925924,32,26,GAGATGTCACTGTCCAATCA,6,4313155
yadI_predicted,1.8518518518518519,75,26,GACTGCACTGACTGCGCGGT,49,4361116
yadI_predicted,0.4444444444444444,37,26,GACGGCGAAGGGGGGCGTGG,11,4322137
yadI_predicted,0.18518518518518517,30,26,GACAACCGATTTGGGAGACC,4,4317655
yadI_predicted,1.1851851851851851,57,26,GAACAACACTCCGTCGTCAA,31,4315749
yadI_predicted,0.37037037037037035,35,26,CTTCATAACTGGTTCCAGGT,9,4350865
yadI_predicted,0.14814814814814814,29,26,CTATAGACGCGAATCTCTCA,3,4327453
yadI_predicted,1.7777777777777777,73,26,CTAGAAGTTCAAGGTTATTT,47,4350988
yadI_predicted,0.48148148148148145,38,26,CGTTGCAGTGGAAAACGTCT,12,4293031
yadI_predicted,1.0,52,26,CGTGTAGATACATGCTGTAA,26,4306031
yadI_predicted,1.8148148148148149,74,26,CGTCCGGACATCACAACGGA,48,4341510
yadI_predicted,1.1111111111111112,55,26,CGTAGTGTGGTACCTTCACC,29,4301549
yadI_predicted,1.2592592592592593,59,26,CGGTCGAGCGTGGGCCTACC,33,4358243
yadI_predicted,0.7037037037037037,44,26,CGCGGCCCGGCCGGCCCTAT,18,4330050
yadI_predicted,0.6666666666666666,43,26,CGCGGATGGCAACGGAGCCA,17,4315207
yadI_predicted,0.7407407407407407,45,26,CGATAGGAATAGCGCAAACA,19,4290249
yadI_predicted,0.3333333333333333,34,26,CGACGCCTACTGAGCGGTTC,8,4333231
yadI_predicted,0.48148148148148145,38,26,CCTTTTGGCGCAGCCGAAGC,12,4310655
yadI_predicted,0.8148148148148148,47,26,CCTCAGTTTTGGTCGAGCTG,21,4322830
yadI_predicted,0.6296296296296297,42,26,CCTCAAGGTCTATCTGGAGG,16,4299416
yadI_predicted,0.7037037037037037,44,26,CCTACTTACAACGTCGCAAC,18,4346473
yadI_predicted,0.6666666666666666,43,26,CCTACCGCCCCGCTTGATTT,17,4343104
yadI_predicted,0.25925925925925924,32,26,CCGTGTAAGTTGCAGTCTCA,6,4330166
yadI_predicted,1.0,52,26,CCGGTGCATACCAGCGCGAC,26,4323271
yadI_predicted,0.2222222222222222,31,26,CCCTTCGGGCCATTAGGTAC,5,4299828
yadI_predicted,0.8888888888888888,49,26,CCCATCTACTATCCTAATCT,23,4305765
yadI_predicted,0.5555555555555556,40,26,CAGGTTGACCTGATGATTAA,14,4317605
yadI_predicted,0.07407407407407407,27,26,CAGGTAAGAGTCGCCCCGCG,1,4285201
yadI_predicted,0.7037037037037037,44,26,CACTTATAACTATGCGTTGT,18,4345901
yadI_predicted,1.962962962962963,78,26,CACTCAGGGGCCGGCACGAC,52,4334421
yadI_predicted,0.2222222222222222,31,26,CACGCGAGGGATCGATGCCA,5,4296323
yadI_predicted,0.07407407407407407,27,26,CAATTGTGAGTTTTCCAGTC,1,4314136
yadI_predicted,0.7407407407407407,45,26,CAATATTATGTGCGTGCAGG,19,4331081
yadI_predicted,0.8518518518518519,48,26,CAACCACGGTGATAGCAGTG,22,4349509
yadI_predicted,0.7777777777777778,46,26,ATTCCGTTGGGCCTGAAAGA,20,4295365
yadI_predicted,1.6296296296296295,69,26,ATTCATGTTGTACTACGGTA,43,4357630
yadI_predicted,3.074074074074074,108,26,ATTACTAGGAGCGTCCGGTC,82,4367493
yadI_predicted,0.07407407407407407,27,26,ATGTGCATGAGTCATCAATG,1,4324148
yadI_predicted,1.1851851851851851,57,26,ATGGACGGCGCCAAGAATGT,31,4339485
yadI_predicted,0.2962962962962963,33,26,ATGAAATGCCTACCGTAGCC,7,4368268
yadI_predicted,2.0,79,26,ATACCGCGGCAACGGTGGTG,53,4289165
yadI_predicted,0.25925925925925924,32,26,AGTATTCACCGGTGTAGATC,6,4332725
yadI_predicted,0.18518518518518517,30,26,AGTAATCTCCCAAGTAGAGG,4,4316702
yadI_predicted,0.8148148148148148,47,26,AGGTCCCAAGGAAGTATTAC,21,4296072
yadI_predicted,0.5185185185185185,39,26,AGGTCAGGCAGGTACTATTC,13,4320257
yadI_predicted,1.2962962962962963,60,26,AGCCCATGACTTTGTGGTCG,34,4369382
yadI_predicted,0.9259259259259259,50,26,AGATAGGTATCAGCGACAAT,24,4319848
yadI_predicted,0.2222222222222222,31,26,AGAGCGGCATTTACTCACGA,5,4303227
yadI_predicted,0.5185185185185185,39,26,AGAATGGCCGTCTTGTCTGT,13,4297308
yadI_predicted,0.25925925925925924,32,26,ACGGTTGCATCTAGCGGGGG,6,4353118
yadI_predicted,1.8518518518518519,75,26,ACGGTAGTGCTTCTAATTTG,49,4292473
yadI_predicted,0.4074074074074074,36,26,ACGCGACACCGGCCTACTAC,10,4298944
yadI_predicted,0.18518518518518517,30,26,ACCTCTCACGATGTATAAAC,4,4320159
yadI_predicted,1.9259259259259258,77,26,ACCATAGGAGTCAGCGCGAT,51,4326547
yadI_predicted,2.6666666666666665,97,26,ACAGATTAACCACATGCTAT,71,4312942
yadI_predicted,1.962962962962963,78,26,AATATCCTGTGGGAAAAAAA,52,4286638
yadI_predicted,1.2222222222222223,58,26,AAGTTCCTGTCCATGGAAGG,32,4356246
yadI_predicted,0.48148148148148145,38,26,AAGTGTTATCGTTGTGCTTA,12,4331890
yadI_predicted,0.37037037037037035,35,26,AAGAGCTTATCAGCCTTGTG,9,4343160
yadI_predicted,1.3333333333333333,61,26,AAGACGTTAGCCTTGGAGCA,35,4294735
yadI_predicted,0.5925925925925926,41,26,AACGTTATAGGATGCGGCGT,15,4359940
yadI_predicted,0.4444444444444444,37,26,AACGGACAGGGGGGTCGGAG,11,4314774
yadI_predicted,0.2962962962962963,33,26,AACCTTCCAGCCCACGGCCA,7,4343184
yadI_predicted,3.0,106,26,AACCAACATCACCTCGAAAT,80,4285188
yadI_predicted,0.18518518518518517,30,26,AAATTTATTGTTAATCCCGC,4,4333995
yadI_predicted,1.6296296296296295,69,26,AAAACAAGTATCCTGGCATA,43,4335677
yadI_predicted,0.7692307692307693,44,25,TTTTCTCATTTATCTCAGGT,19,4366745
yadI_predicted,0.8461538461538461,46,25,TTTGACATCCACTCCGGAGG,21,4349366
yadI_predicted,0.2692307692307692,31,25,TTTCACTAAAGCCCACGTGG,6,4311299
yadI_predicted,0.3076923076923077,32,25,TTGGCACTGTTTTTAAAATG,7,4341018
yadI_predicted,3.5,115,25,TTCTCTTTTTACGATGATGA,90,4308224
yadI_predicted,0.34615384615384615,33,25,TTCGTATCAGACAGAACGTA,8,4353881
yadI_predicted,0.07692307692307693,26,25,TTCGTAGTGAGTCTGCTAAA,1,4317967
yadI_predicted,0.2692307692307692,31,25,TTCCACTGATCGCATGTGAA,6,4299481
yadI_predicted,1.0384615384615385,51,25,TTCACAAGCCTAACAGTATA,26,4306143
yadI_predicted,0.5,37,25,TTAACGTACCGGAACCACTG,12,4338834
yadI_predicted,1.0,50,25,TTAAAAAAGTTTGCTCGTAT,25,4313737
yadI_predicted,0.07692307692307693,26,25,TGTCCAACGAACAGTAGGAC,1,4311479
yadI_predicted,1.6538461538461537,67,25,TGGTGCGAGACTCCAAAGAA,42,4354293
yadI_predicted,1.1153846153846154,53,25,TGGGTTGTCATACAATGTCG,28,4346064
yadI_predicted,0.7692307692307693,44,25,TGGGCTCACTCCGGTACGAC,19,4302950
yadI_predicted,0.8846153846153846,47,25,TGGGAATTAGAAATGCATTC,22,4316219
yadI_predicted,0.07692307692307693,26,25,TGGCGCGCAAGATGGTAAAG,1,4305665
yadI_predicted,0.9615384615384616,49,25,TGCCCCAACAGGAACTTCTA,24,4334399
yadI_predicted,1.0769230769230769,52,25,TGCAGACCGCGCTTACGGGA,27,4337101
yadI_predicted,0.34615384615384615,33,25,TGCAAAACCCGCAACCAGCG,8,4314773
yadI_predicted,0.46153846153846156,36,25,TGCAAAACAAATGATGCCGA,11,4361034
yadI_predicted,0.8076923076923077,45,25,TCTAATACTATTTCTGATTA,20,4308988
yadI_predicted,0.07692307692307693,26,25,TCGCGCGGATGCTCGCGATC,1,4352105
yadI_predicted,0.5384615384615384,38,25,TCCTTCTGGGGCGCCACAAT,13,4292708
yadI_predicted,0.8076923076923077,45,25,TCCTTAAAGATTCGGGCGAT,20,4327913
yadI_predicted,1.6923076923076923,68,25,TCCGTAGATGCTAACAATAG,43,4295309
yadI_predicted,0.3076923076923077,32,25,TCCCGCGCTTTCGAGGTGGC,7,4310748
yadI_predicted,0.9615384615384616,49,25,TCACCCATAAGAAATTCTAT,24,4315406
yadI_predicted,0.23076923076923078,30,25,TCAATTCATACCCTACCGAA,5,4353989
yadI_predicted,1.0,50,25,TATGTTCCAGGCGCCATCAC,25,4362277
yadI_predicted,1.5,63,25,TAGTCCGGGTAAGCCTGTTA,38,4287911
yadI_predicted,0.11538461538461539,27,25,TAGACGTAAAGAAGGAGGAG,2,4284943
yadI_predicted,1.5769230769230769,65,25,TACTTAGTTGTGTCTAACCT,40,4334325
yadI_predicted,0.07692307692307693,26,25,TACGGTAATACTATGGGCAA,1,4312169
yadI_predicted,0.9230769230769231,48,25,TACGGGCTCATTATCACCTT,23,4363242
yadI_predicted,0.5384615384615384,38,25,TACGATGCGAAAGAGTTGTA,13,4361426
yadI_predicted,0.4230769230769231,35,25,TAATTAAGGATGGTCTCGTA,10,4334908
yadI_predicted,0.6538461538461539,41,25,TAACAGAGGTACCGAGACTC,16,4359582
yadI_predicted,0.8076923076923077,45,25,GTTGTTTAATATTATCTTTT,20,4287069
yadI_predicted,0.11538461538461539,27,25,GTTGGGGGCTAGACAACAAA,2,4321547
yadI_predicted,0.2692307692307692,31,25,GTTGCAACGTTCGTTGGTAT,6,4365902
yadI_predicted,0.2692307692307692,31,25,GTTCGACCAATTAATCCACG,6,4292599
yadI_predicted,0.07692307692307693,26,25,GTTAGCCTGTCGCACGCAAA,1,4302366
yadI_predicted,0.07692307692307693,26,25,GTTAAGGTCAGGAGGTGGCT,1,4293365
yadI_predicted,0.5384615384615384,38,25,GTTAACTAAATTAGTACAGC,13,4322545
yadI_predicted,0.19230769230769232,29,25,GTGGTCCCGGGTACGACGCT,4,4335694
yadI_predicted,1.3846153846153846,60,25,GTGCGACGGCGGGCAAGGAC,35,4318241
yadI_predicted,0.07692307692307693,26,25,GTGCAGATAGGCGGGGACAA,1,4321820
yadI_predicted,0.6538461538461539,41,25,GTGAAATCTCACTTCCACTG,16,4292981
yadI_predicted,0.07692307692307693,26,25,GTATAGACATCGCTTACGGA,1,4297369
yadI_predicted,0.6538461538461539,41,25,GTACTGTATTGGGCGAGTTG,16,4308227
yadI_predicted,0.8846153846153846,47,25,GTACATTCCTACTGTTTAGG,22,4356831
yadI_predicted,0.6923076923076923,42,25,GGTTAGATCGGCTCCGGAGG,17,4292340
yadI_predicted,0.07692307692307693,26,25,GGTGTGGCGAAGTGGTTGCA,1,4312756
yadI_predicted,0.07692307692307693,26,25,GGTCAGAAAATTCAACTCCG,1,4365621
yadI_predicted,0.5384615384615384,38,25,GGGTCGTCGTTACTGGCAGG,13,4320703
yadI_predicted,0.7307692307692307,43,25,GGGTCCGAGCTTAGATCGCG,18,4351298
yadI_predicted,0.46153846153846156,36,25,GGGGTGTGTATCGTTCCAGT,11,4298480
yadI_predicted,2.923076923076923,100,25,GGGGATCAACCGTTTCGCAT,75,4320038
yadI_predicted,0.3076923076923077,32,25,GGCTAGAGAACTTTGACCGT,7,4351476
yadI_predicted,0.23076923076923078,30,25,GGCCTCGTACATCCGCATGA,5,4368153
yadI_predicted,0.46153846153846156,36,25,GGCCCTCGGTCCCCAGTATC,11,4346621
yadI_predicted,1.6923076923076923,68,25,GGAACACTGTCAACTCAGAC,43,4359813
yadI_predicted,0.4230769230769231,35,25,GCTGGCCTCGGTATTACCCA,10,4313743
yadI_predicted,0.07692307692307693,26,25,GCGCCTAGCACTATGCGTGA,1,4367843
yadI_predicted,3.5384615384615383,116,25,GCCTGGCAGTGGCTCCCAAG,91,4299089
yadI_predicted,0.5384615384615384,38,25,GCATTGCGCCAATGTGACCA,13,4287940
yadI_predicted,3.9615384615384617,127,25,GCATGCAACTAATACTTACA,102,4369542
yadI_predicted,0.8846153846153846,47,25,GCATCAGTGTTAATATTCGC,22,4327266
yadI_predicted,0.7692307692307693,44,25,GCAGGACATCGGCAGGCCGC,19,4304823
yadI_predicted,1.2692307692307692,57,25,GCAAAGGCAAAACTTAGGCA,32,4304394
yadI_predicted,2.4615384615384617,88,25,GATATTGAGGTGGTGGATGA,63,4367171
yadI_predicted,1.8846153846153846,73,25,GAGTGATAAGGACCGGTCAT,48,4340628
yadI_predicted,0.15384615384615385,28,25,GAGAATTCAGGCCAACGCAA,3,4285800
yadI_predicted,1.2692307692307692,57,25,GACTTAATGCTATAGCTATC,32,4304943
yadI_predicted,0.9230769230769231,48,25,GAAGCACCGTGGAATCAGAT,23,4307661
yadI_predicted,0.7307692307692307,43,25,GAACGGGCATGGCTAATGAG,18,4308704
yadI_predicted,1.0,50,25,GAAACCGTAGCTGAGCTCCG,25,4335503
yadI_predicted,0.6153846153846154,40,25,GAAAAGGCGCCTAAAAGTCG,15,4356158
yadI_predicted,0.7307692307692307,43,25,CTTGATAACCTCGCCGAGAG,18,4320788
yadI_predicted,2.4615384615384617,88,25,CTTCTGTTTACGTTTTTAAA,63,4359218
yadI_predicted,1.3076923076923077,58,25,CTTCATCTTTATCGATCGCT,33,4293411
yadI_predicted,1.0769230769230769,52,25,CTTAGGCGAATGTTGTGAAT,27,4357648
yadI_predicted,0.9615384615384616,49,25,CTCGGCCTTAATATCAACGT,24,4339415
yadI_predicted,0.07692307692307693,26,25,CTATCACGTCTGCTTCATTG,1,4307732
yadI_predicted,0.2692307692307692,31,25,CGTAACGTTCGTCCAGGTAC,6,4357100
yadI_predicted,0.19230769230769232,29,25,CGGGCCACCAGGGCGCGACA,4,4300341
yadI_predicted,0.46153846153846156,36,25,CGCACGGGACTAGAGTCAAT,11,4315852
yadI_predicted,0.23076923076923078,30,25,CGAGAATTTCGGGGGAGGTC,5,4327964
yadI_predicted,1.2692307692307692,57,25,CCTCGCCCGCGTGCGGCCCT,32,4300941
yadI_predicted,0.5769230769230769,39,25,CCGGTGCCTGCGCAATTGGT,14,4318188
yadI_predicted,0.46153846153846156,36,25,CCGGACCTACTCGGGACTGA,11,4299408
yadI_predicted,1.0,50,25,CCGAGACCTGGGCAGAGTAC,25,4358615
yadI_predicted,0.6923076923076923,42,25,CCCTAAAACGTTTTGAAAAG,17,4312862
yadI_predicted,0.5769230769230769,39,25,CCCAAGGGTGCCCGCAACTT,14,4316786
yadI_predicted,0.6923076923076923,42,25,CCATAAGGGGGGCCTTGTAA,17,4285451
yadI_predicted,1.0384615384615385,51,25,CCAGACCCCAAGATGCGAGG,26,4295497
yadI_predicted,0.19230769230769232,29,25,CCAAATCGCTTACGTCCCTT,4,4344857
yadI_predicted,0.07692307692307693,26,25,CCAAAAATGTTGAGAAACAG,1,4299827
yadI_predicted,0.6538461538461539,41,25,CATCGGGCACCCATAGACAT,16,4294116
yadI_predicted,0.07692307692307693,26,25,CATCCAATGCACGGTCGGCA,1,4327787
yadI_predicted,0.23076923076923078,30,25,CAGGGGCGCCTTGGGCCAGG,5,4367476
yadI_predicted,1.2692307692307692,57,25,CAGCTCGGTATATCCCGCCT,32,4320044
yadI_predicted,0.4230769230769231,35,25,CACGCGTGACACCTATTCGT,10,4290151
yadI_predicted,1.0769230769230769,52,25,CACCCGGAAAGATTGTAATC,27,4296599
yadI_predicted,0.2692307692307692,31,25,CAACCCTGACTTATTACACT,6,4284206
yadI_predicted,0.3076923076923077,32,25,CAACCACTGGACTCCAAACG,7,4285740
yadI_predicted,0.38461538461538464,34,25,ATTGTTGTAAGCGGGCATCT,9,4287135
yadI_predicted,0.7692307692307693,44,25,ATTGGGGCCTCATTGCGTCG,19,4330090
yadI_predicted,0.07692307692307693,26,25,ATGTTGTTTAGTAGAATATG,1,4297443
yadI_predicted,0.07692307692307693,26,25,ATGTGGAGCCCCCATGGGAA,1,4314053
yadI_predicted,0.5,37,25,ATGCCCGTCTTTCGCGGTAA,12,4308452
yadI_predicted,1.0769230769230769,52,25,ATGATTGGGGTATGGCCGAC,27,4301559
yadI_predicted,2.3461538461538463,85,25,ATCTGTATAAGCCGCTTGAA,60,4291968
yadI_predicted,0.7307692307692307,43,25,ATCTCTCATTCGCCAGGATT,18,4293905
yadI_predicted,0.8846153846153846,47,25,ATAGTGTTCTTTTGCGGTGT,22,4285795
yadI_predicted,1.1538461538461537,54,25,AGTTTAGACAGGTCCAGGAA,29,4285344
yadI_predicted,1.0,50,25,AGTATTAGCATCTTTACTTA,25,4349281
yadI_predicted,1.5384615384615385,64,25,AGTAGCCGCTCTGTCGGAAT,39,4340241
yadI_predicted,1.1153846153846154,53,25,AGGGTGGCATGAAGGGCTGT,28,4326152
yadI_predicted,0.11538461538461539,27,25,AGGACTGGGTCTGATAGCCA,2,4292040
yadI_predicted,1.3461538461538463,59,25,AGCTACTAAGCAATGAGATA,34,4331859
yadI_predicted,0.6538461538461539,41,25,AGCATCGTTCCAGCCCGGAC,16,4325784
yadI_predicted,1.1153846153846154,53,25,AGAGAATCTCCAGCTTGACT,28,4291193
yadI_predicted,0.7692307692307693,44,25,AGACAAACCGATGCCACCGA,19,4311771
yadI_predicted,0.46153846153846156,36,25,AGAATTCCTCCTGCTGGGGA,11,4310879
yadI_predicted,0.07692307692307693,26,25,ACTTCTCGGGGATTAATCTA,1,4335447
yadI_predicted,0.38461538461538464,34,25,ACGTTGTCAGCTTCTGTACA,9,4350418
yadI_predicted,0.19230769230769232,29,25,ACGTTCGAGCTATGCAGCAG,4,4355852
yadI_predicted,1.3846153846153846,60,25,ACGGCGGGTAAGTAGTGCAT,35,4314620
yadI_predicted,1.1538461538461537,54,25,ACGGCACTAGCGTGCAGCGA,29,4347503
yadI_predicted,1.0769230769230769,52,25,ACGCGGACAGGTCTGAAGAT,27,4325859
yadI_predicted,0.7692307692307693,44,25,ACATTTACAGAGTGAGCACA,19,4307080
yadI_predicted,0.5769230769230769,39,25,ACACTATTTTCATCTACTTT,14,4345332
yadI_predicted,1.1153846153846154,53,25,ACACGCCTCAATAGGAAATT,28,4365839
yadI_predicted,0.2692307692307692,31,25,AATTAGACCTTGGGTACCCA,6,4337558
yadI_predicted,0.9230769230769231,48,25,AATGGCGCCTACGACTAAGT,23,4350157
yadI_predicted,0.4230769230769231,35,25,AATCTAGCCCATGAGGTCCC,10,4349721
yadI_predicted,0.9230769230769231,48,25,AATCCCTCTGGCCGGGTTAG,23,4332930
yadI_predicted,0.9615384615384616,49,25,AATCAAGTCGTCCTTCTAGT,24,4306618
yadI_predicted,1.4230769230769231,61,25,AATACCTGGTGGGGTACCAA,36,4302829
yadI_predicted,0.5769230769230769,39,25,AACGTTGGTCATGTCCATGA,14,4300702
yadI_predicted,0.7307692307692307,43,25,AAATTTTCTGATTGTTCGAT,18,4336336
yadI_predicted,0.16,27,24,TTTTATCGCGGAGACAACTG,3,4303237
yadI_predicted,1.08,50,24,TTTCCAGAGCAAAACCCTTT,26,4299544
yadI_predicted,0.8,43,24,TTGATCAGCATGCGCGGCTG,19,4310613
yadI_predicted,2.4,83,24,TTCTTGGTATTATCTAAGTC,59,4306792
yadI_predicted,0.12,26,24,TTCTTACACGTCTGTCCAGT,2,4309063
yadI_predicted,0.4,33,24,TTCGGCCACACGCTGTCCCG,9,4324742
yadI_predicted,0.52,36,24,TTCGATTCACTCACTAGGGG,12,4312022
yadI_predicted,0.16,27,24,TTCACAGCCGCGGTAATGCG,3,4346776
yadI_predicted,0.48,35,24,TTATTGCGTCCGCCTAGACA,11,4318626
yadI_predicted,0.08,25,24,TTATCTAATAAGACCTGTGT,1,4313367
yadI_predicted,0.24,29,24,TGTCCACAAAGTTCTTATGG,5,4301835
yadI_predicted,1.24,54,24,TGTATACTACGGGTCCACTA,30,4317230
yadI_predicted,0.56,37,24,TGCTGATTCACATTATCAGT,13,4362185
yadI_predicted,0.44,34,24,TGCGAGCATCGCTATGGCTC,10,4307673
yadI_predicted,0.92,46,24,TGCCCGTGGTACACGTAGCT,22,4339161
yadI_predicted,0.12,26,24,TGACCCCAATCGTAAGCTAC,2,4321068
yadI_predicted,0.84,44,24,TGAACGCTCTATACCCTAAA,20,4300593
yadI_predicted,0.48,35,24,TCTGCGCTCCTCCGGAACTT,11,4301528
yadI_predicted,0.68,40,24,TCGGTATACCTGAATGCTCC,16,4350843
yadI_predicted,0.08,25,24,TCGAATAACGAAAACGTGTA,1,4307077
yadI_predicted,1.44,59,24,TCCTGGGGCCTTAGGTATGC,35,4313913
yadI_predicted,0.08,25,24,TCCTATCACCTTAGGACCAT,1,4354494
yadI_predicted,2.68,90,24,TCCAGAGACAGTCGAATCCC,66,4342239
yadI_predicted,2.4,83,24,TCATCCGTTCCCAATAAGCT,59,4286845
yadI_predicted,0.8,43,24,TCATACGAACGCCTAATACT,19,4320211
yadI_predicted,1.0,48,24,TCAGGGTACTACCGGCAGTT,24,4363533
yadI_predicted,1.2,53,24,TCACGCCTTATAACGTTTTC,29,4329783
yadI_predicted,1.12,51,24,TAGGTGGAGTATGATGCTGA,27,4367199
yadI_predicted,1.36,57,24,TAGGCATCACGAGAAGCGTC,33,4344047
yadI_predicted,0.64,39,24,TAGCCCGTTACAACTCTCAA,15,4298812
yadI_predicted,0.32,31,24,TACTATAATAATAGCTATTT,7,4320780
yadI_predicted,0.24,29,24,TAATAGGGCTGCGAGGAGTA,5,4364100
yadI_predicted,0.92,46,24,TAAGTACCCCCACATAGCGT,22,4324008
yadI_predicted,1.0,48,24,TAAGGGACACCACAGAGGGT,24,4321114
yadI_predicted,0.44,34,24,TAACGTCACGCCGTCTGTTC,10,4334099
yadI_predicted,0.68,40,24,TAACGGCACCGTCTACAGGG,16,4314964
yadI_predicted,0.52,36,24,TAACCCACATTGACAGAAGT,12,4288168
yadI_predicted,1.04,49,24,GTTTTAAAATTTGCCTCACC,25,4361462
yadI_predicted,0.08,25,24,GTTTGTACTGTGAACGAGGT,1,4365726
yadI_predicted,0.68,40,24,GTTCAGATAAATGGTTAAGA,16,4348321
yadI_predicted,1.36,57,24,GTCGTTTGAAGTAAAGGTAT,33,4354071
yadI_predicted,0.4,33,24,GTCGATGCGCTGTATAACTA,9,4288174
yadI_predicted,0.2,28,24,GTCCGCACTGCCAACCCCAG,4,4357097
yadI_predicted,0.6,38,24,GTAGGCGCGTGTACAAGTGA,14,4287518
yadI_predicted,0.08,25,24,GTAGATTGCAGAAGGGCACA,1,4296633
yadI_predicted,0.08,25,24,GTAGACGGGACATCATGATC,1,4318065
yadI_predicted,0.08,25,24,GTACCCAGTAGAAGTAAAAC,1,4299925
yadI_predicted,1.48,60,24,GTAAAGCACATGCTTATCGT,36,4285399
yadI_predicted,0.48,35,24,GGTCCCGGGCGATATGTTTA,11,4364168
yadI_predicted,0.36,32,24,GGTCCCATTAATTCTTTAAT,8,4299964
yadI_predicted,0.64,39,24,GGTACTCCGATGCCAATGGC,15,4351391
yadI_predicted,0.08,25,24,GGTACCCAGCACTAACTCAG,1,4311544
yadI_predicted,0.64,39,24,GGGTAATGTTGAAGAGATAA,15,4328846
yadI_predicted,0.52,36,24,GGGGCGTCCCGCTTTCAAAT,12,4321428
yadI_predicted,0.44,34,24,GGGCGTCTGGGCAACTCGGT,10,4297776
yadI_predicted,0.84,44,24,GGGCCTGTCCCTTATGCGTT,20,4366769
yadI_predicted,1.16,52,24,GGGATAGCCTAAGCCTCAAT,28,4363601
yadI_predicted,1.04,49,24,GGCTCTCGGCTAGTCACCAT,25,4342941
yadI_predicted,0.28,30,24,GGCATTACGTCCAAACTGTC,6,4286426
yadI_predicted,0.32,31,24,GGATGCCATGACAGCCGGGT,7,4303113
yadI_predicted,0.24,29,24,GGAGGTTAGCAGAATCCCGT,5,4292921
yadI_predicted,0.32,31,24,GGAACATTCATTTCTCGGTG,7,4362893
yadI_predicted,0.44,34,24,GCTAAATCAGTCGAGCGCAG,10,4358742
yadI_predicted,0.8,43,24,GCCTTAGCATCGGTAACCGT,19,4347365
yadI_predicted,1.96,72,24,GCCCAATAGGGCTCCATGGT,48,4331900
yadI_predicted,0.44,34,24,GCATGGGAGAGGGGCAGGGG,10,4330168
yadI_predicted,0.16,27,24,GCACTACCCGATATTTATAG,3,4338807
yadI_predicted,0.48,35,24,GATTGCGCTACATTTTACTT,11,4291711
yadI_predicted,0.16,27,24,GATCATCCATCCAACGGCTA,3,4334089
yadI_predicted,1.28,55,24,GAGTGCACCGAATGAATTAT,31,4295498
yadI_predicted,0.32,31,24,GAGGTAACTCCACGGCCGAA,7,4295153
yadI_predicted,0.48,35,24,GAGAACCAGGGGTAGCCGTG,11,4284993
yadI_predicted,1.36,57,24,GACCCTACCCGAGTTTTGGA,33,4306311
yadI_predicted,0.44,34,24,GAATTCCCCAACGAGTCCTA,10,4315895
yadI_predicted,0.56,37,24,CTTCTAAGTACGTACCACAG,13,4328977
yadI_predicted,0.52,36,24,CTGGGAGCTAATTGGCGTAA,12,4317847
yadI_predicted,0.08,25,24,CTCTGGACAAGAATTCCTAT,1,4329457
yadI_predicted,0.52,36,24,CTCGAGGCCATCCTGCTATG,12,4353340
yadI_predicted,0.56,37,24,CTCCACGTAAAAGTACGTTC,13,4342613
yadI_predicted,1.16,52,24,CTCATGGAGCTGGAACGGTG,28,4284567
yadI_predicted,1.56,62,24,CTATAGCACTCGAGCTTATA,38,4289717
yadI_predicted,1.36,57,24,CTAGTTTGGAATATCATCTA,33,4338630
yadI_predicted,1.36,57,24,CTACGATATCACTAGCCGGA,33,4360790
yadI_predicted,0.32,31,24,CGTTCACATCGTCGTGTGTT,7,4320676
yadI_predicted,0.96,47,24,CGTTAGTATCCATCGTATTC,23,4309927
yadI_predicted,0.16,27,24,CGTGCATACTTCTATGCCCT,3,4327731
yadI_predicted,0.08,25,24,CGTGATATCTGTAGCCCAGT,1,4363494
yadI_predicted,1.72,66,24,CGTGAGGTGGTATTGGTCCT,42,4296777
yadI_predicted,1.76,67,24,CGTCATAATTGGAAGGCCTT,43,4320517
yadI_predicted,3.52,111,24,CGTAGGACTTCGTCGACTCA,87,4356426
yadI_predicted,0.08,25,24,CGGGGGCAGCGCCCAATCTA,1,4333798
yadI_predicted,0.72,41,24,CGGCAGCGGCAACGGGATTA,17,4295813
yadI_predicted,0.68,40,24,CGCCATTTCGCCTCCATCTC,16,4308422
yadI_predicted,1.2,53,24,CGATCATGCTCTTACTTGGG,29,4359526
yadI_predicted,0.96,47,24,CGAACCGGGATCGCAACCCC,23,4359421
yadI_predicted,0.08,25,24,CGAACCAAAGAGAATATGCG,1,4362367
yadI_predicted,0.84,44,24,CCTTACCTCAATAATACGCG,20,4297450
yadI_predicted,0.4,33,24,CCTATCCTCGTAGCTTCATT,9,4306490
yadI_predicted,1.04,49,24,CCGGGATGATTTTGGGTCCG,25,4353516
yadI_predicted,0.08,25,24,CCGCTCAAGAGCCCAAAGCA,1,4319464
yadI_predicted,1.64,64,24,CCCCTTCCTTATTCCGGGCG,40,4342028
yadI_predicted,2.28,80,24,CCCCACTCACGGGAGTCTCT,56,4313113
yadI_predicted,1.12,51,24,CCCAGGCAGATTGAGGGATG,27,4363888
yadI_predicted,0.08,25,24,CCAACTCTCGCTCCCGTTCA,1,4312586
yadI_predicted,1.8,68,24,CATATCTGGCTATTAAAACG,44,4342523
yadI_predicted,0.64,39,24,CAGCCTCCGTATATCGGAAC,15,4287283
yadI_predicted,1.72,66,24,CACTTGTTTCTGCGAACTGG,42,4349470
yadI_predicted,0.56,37,24,CACTTCTAGAGCTCGATCTG,13,4285048
yadI_predicted,1.12,51,24,CACCTGAGTTGTAGGCGCGT,27,4334090
yadI_predicted,0.52,36,24,CAAGCGTGTTAGTTACGCAA,12,4330295
yadI_predicted,1.72,66,24,CAAATCGTAGTTTGGAGAAG,42,4322217
yadI_predicted,0.08,25,24,CAAAGATAGATGCGCTTAAG,1,4290117
yadI_predicted,0.84,44,24,ATTTCCGTGCTGATTTGTTA,20,4293239
yadI_predicted,1.04,49,24,ATTGTCTTCTCTCACAGTTC,25,4318546
yadI_predicted,0.16,27,24,ATTAAGGTGAACTCGTCAAG,3,4284658
yadI_predicted,0.48,35,24,ATGGGTTTGCTGTTATTTTC,11,4332403
yadI_predicted,0.4,33,24,ATCTTAATGTATGAGAAAGA,9,4350700
yadI_predicted,0.12,26,24,ATCGCAGGTAATTCAAGCAT,2,4361182
yadI_predicted,0.76,42,24,ATCCCGATCCTCGCCAGCTC,18,4344202
yadI_predicted,0.8,43,24,ATCACTAGGATTCCAGGCGA,19,4296224
yadI_predicted,2.04,74,24,ATAACGGTCGAATCTCTAGC,50,4315172
yadI_predicted,0.4,33,24,AGTTGCCCTGACAATCCTGT,9,4367200
yadI_predicted,0.68,40,24,AGTGTTACGTCAGTGGGGAG,16,4352278
yadI_predicted,0.8,43,24,AGTCCGAAGCGTGAAAGTAT,19,4365816
yadI_predicted,1.08,50,24,AGTCCACACGGACGGTGTCT,26,4359599
yadI_predicted,0.52,36,24,AGTCAATCCAAACCAGGTAA,12,4309049
yadI_predicted,0.16,27,24,AGTACTGCGATTGGCGTCAG,3,4298828
yadI_predicted,1.36,57,24,AGGTCACGGTCAAGACGCGT,33,4326062
yadI_predicted,1.32,56,24,AGGCGCATGAGTTGAAATCC,32,4321018
yadI_predicted,0.92,46,24,AGCGGCTGCAACGTCGGAAT,22,4357538
yadI_predicted,0.48,35,24,AGCCGCATTCAGATCTGTTT,11,4336316
yadI_predicted,0.72,41,24,AGATTCGTCAAAAGAGATGA,17,4297305
yadI_predicted,0.08,25,24,ACTCCGTTTCACAATGGGGA,1,4299957
yadI_predicted,0.2,28,24,ACCTTGACCACTCCGGCCCA,4,4356076
yadI_predicted,0.36,32,24,ACCTCAATCTGCACATAAAT,8,4305498
yadI_predicted,0.52,36,24,ACATCTTTGAGTCTGTCTGA,12,4341626
yadI_predicted,1.2,53,24,ACACGGGTCCCCTCATGGAT,29,4307872
yadI_predicted,0.12,26,24,ACACAGGGGGATGCTTAATT,2,4361330
yadI_predicted,0.92,46,24,ACAATAGACCGGATTTGCGT,22,4294603
yadI_predicted,0.48,35,24,ACAAGTCAGGTTACACCAAC,11,4293179
yadI_predicted,0.76,42,24,AATGTGATGTCATGATCACA,18,4310651
yadI_predicted,0.96,47,24,AATCGCTTGTCTCCTGCCCA,23,4339095
yadI_predicted,0.08,25,24,AATATCGACTGGGCTTTAGG,1,4284851
yadI_predicted,1.16,52,24,AAGTTTACGATGAGCAGGGA,28,4349962
yadI_predicted,0.08,25,24,AACTCAAACATTGCTTTGGT,1,4346708
yadI_predicted,1.48,60,24,AACCCTTGGTCCGGGCATAA,36,4343755
yadI_predicted,0.52,36,24,AACAGGCCAGTTAGACATTT,12,4333963
yadI_predicted,0.3333333333333333,30,23,TTTGAATTTTTTAGACCGGC,7,4285664
yadI_predicted,0.9166666666666666,44,23,TTTATTGGTTTCTTGAGCCA,21,4333588
yadI_predicted,0.08333333333333333,24,23,TTGTAAAGACTTAGAGCCGA,1,4366228
yadI_predicted,1.2916666666666667,53,23,TTGGGATATCATGATCCGCT,30,4356694
yadI_predicted,0.4166666666666667,32,23,TTCGCGTGGGGTGGCCATCA,9,4306462
yadI_predicted,1.125,49,23,TTCCCCTACCCTTCACCTTT,26,4305990
yadI_predicted,1.6666666666666667,62,23,TTACAAGCAGCCTAACTGAT,39,4312094
yadI_predicted,1.125,49,23,TTAATTGAACAAGCGGTGTC,26,4294506
yadI_predicted,1.0,46,23,TGTTCGGTCGAAGCACCAAA,23,4284388
yadI_predicted,0.08333333333333333,24,23,TGGCCCAACTTGGCACACCG,1,4326686
yadI_predicted,0.20833333333333334,27,23,TGCTCGGCAATAGTTTAGTC,4,4334396
yadI_predicted,0.08333333333333333,24,23,TGCGTGTGCTCCAACTACTA,1,4344821
yadI_predicted,1.2083333333333333,51,23,TGCCCAGGATCAGCCGATTG,28,4351111
yadI_predicted,0.08333333333333333,24,23,TGCATTGAGACGGGGCACGG,1,4301639
yadI_predicted,0.5833333333333334,36,23,TGATAGGTTGACTAGACATA,13,4351020
yadI_predicted,0.25,28,23,TGACGTGCAAGATTAGTTGA,5,4364784
yadI_predicted,1.2083333333333333,51,23,TGAAGGGCCATGCATGTGTA,28,4307376
yadI_predicted,1.125,49,23,TGAAACCCCATATGCATACG,26,4337382
yadI_predicted,0.08333333333333333,24,23,TCGCATAGGAGAATCTACAA,1,4293893
yadI_predicted,0.08333333333333333,24,23,TCGAGCCTCGACCATTGTCA,1,4292202
yadI_predicted,0.4166666666666667,32,23,TCCTCTTGAGTTTTCACTAA,9,4346040
yadI_predicted,0.375,31,23,TCCGGAAGGGTCGGCATCCG,8,4362549
yadI_predicted,2.5,82,23,TATCAACGACCCACTACTAA,59,4285191
yadI_predicted,1.25,52,23,TAGATGCCGAATGTATCCAG,29,4304550
yadI_predicted,4.041666666666667,119,23,TACTTTCTAGTACATTGAGT,96,4291154
yadI_predicted,2.25,76,23,TACTGTGCGGCACTTTCCCA,53,4298925
yadI_predicted,1.4583333333333333,57,23,TACCCAACCGAGCCTGGTGT,34,4313853
yadI_predicted,1.0416666666666667,47,23,TACCAGTGATACATTTTAAC,24,4343083
yadI_predicted,2.4583333333333335,81,23,GTGTGGAACTCGCACCTTCT,58,4296411
yadI_predicted,0.08333333333333333,24,23,GTGGGGCTAGCACCCGAAGA,1,4338612
yadI_predicted,0.5833333333333334,36,23,GTGGAAGTTCAATGTGGAAA,13,4298965
yadI_predicted,0.4583333333333333,33,23,GTCTTGGACCAACGGTGCTT,10,4314236
yadI_predicted,0.125,25,23,GTCCGATATTGATCATGCAC,2,4344684
yadI_predicted,0.5833333333333334,36,23,GTATGATAGGTGCTGTATTT,13,4314561
yadI_predicted,1.2083333333333333,51,23,GTATAACGTTTGCCTTAGCT,28,4343196
yadI_predicted,1.25,52,23,GGTGTTAAAAGTGAGGAAAA,29,4364217
yadI_predicted,1.0833333333333333,48,23,GGTCCATCAATCCAGACGAA,25,4298389
yadI_predicted,1.125,49,23,GGGTTGCAATGTTTTGAATC,26,4315474
yadI_predicted,0.08333333333333333,24,23,GGGGGTGATGGTGATGAAGA,1,4321466
yadI_predicted,1.5833333333333333,60,23,GGGGCATCCGTGGGTCCAGT,37,4296553
yadI_predicted,0.9166666666666666,44,23,GGGCGGCTCCGTATGCCAGT,21,4293417
yadI_predicted,1.125,49,23,GGAGGGAAACAAAGCATATT,26,4367885
yadI_predicted,1.1666666666666667,50,23,GCTTTCTGGCCACGGTAACT,27,4295586
yadI_predicted,0.08333333333333333,24,23,GCTTCCCATTCCTGGTCTAG,1,4299407
yadI_predicted,0.625,37,23,GCTCGGCGCTCGAGCTGGGT,14,4307018
yadI_predicted,0.08333333333333333,24,23,GCGGAATGCACTTCGCGGCT,1,4341021
yadI_predicted,0.9166666666666666,44,23,GCGACTTCTTGGCCCTCCGC,21,4333633
yadI_predicted,0.08333333333333333,24,23,GCATGGCGAAGGCTGTCTCA,1,4305215
yadI_predicted,0.625,37,23,GCAATTGCACCTTCGCCCAT,14,4297460
yadI_predicted,0.3333333333333333,30,23,GATCCCCCTTGTTCGGAAAC,7,4310750
yadI_predicted,0.75,40,23,GAGTGATCTTCAAAACCAAT,17,4313662
yadI_predicted,0.2916666666666667,29,23,GAGGGGTTTCCTGATATTAG,6,4329204
yadI_predicted,0.5833333333333334,36,23,GACTGACTGACATGCATGCA,13,4299351
yadI_predicted,0.6666666666666666,38,23,GACATTCTGACTTCACGTGA,15,4318540
yadI_predicted,0.08333333333333333,24,23,CTTCCATGAAACCAATGGTC,1,4285591
yadI_predicted,1.0833333333333333,48,23,CTGTAACAGCCTGGGCCAGA,25,4335366
yadI_predicted,1.875,67,23,CTCTGGCTGAGCAATGACCG,44,4363052
yadI_predicted,0.3333333333333333,30,23,CTCTAGCGTAAATCGTCAGT,7,4288547
yadI_predicted,0.3333333333333333,30,23,CTCTAACCCCCGGACGTCCC,7,4285906
yadI_predicted,2.5416666666666665,83,23,CTCCTTCAACGGACAACTAT,60,4309920
yadI_predicted,1.4583333333333333,57,23,CTCCCGACAGTTAAGACATG,34,4321915
yadI_predicted,0.9166666666666666,44,23,CTCCACTGATATTTAAATGG,21,4337620
yadI_predicted,0.9583333333333334,45,23,CTAAACTGTTAACATTATGA,22,4287340
yadI_predicted,0.8333333333333334,42,23,CGTTTCGACGCTTCGAGCAA,19,4304999
yadI_predicted,1.25,52,23,CGTGTCCGAAACTCCTCCGT,29,4326250
yadI_predicted,0.125,25,23,CGTGGATCATACGATCAAGG,2,4295881
yadI_predicted,0.4583333333333333,33,23,CGGGGTTTTCTCGCCTAGAT,10,4293856
yadI_predicted,0.8333333333333334,42,23,CGGAGTTAGCCGGTGACTAT,19,4335260
yadI_predicted,2.25,76,23,CGGACGGACTGTCCTTCTGT,53,4300206
yadI_predicted,1.0833333333333333,48,23,CGCGTACGGACACGGGGGAT,25,4312376
yadI_predicted,1.6666666666666667,62,23,CGATCGCTTTATACTTACTT,39,4334037
yadI_predicted,1.2083333333333333,51,23,CGATCAGAACGCCCCGCTCA,28,4337249
yadI_predicted,0.625,37,23,CGAGGCGATATTTCCTGGAG,14,4340813
yadI_predicted,0.5416666666666666,35,23,CCTCACATTCCAGACCTCTA,12,4355045
yadI_predicted,0.875,43,23,CCGTACAAGTTCTTTCTGTG,20,4341519
yadI_predicted,1.8333333333333333,66,23,CCGCTTGACCCGCTACTATG,43,4303134
yadI_predicted,0.375,31,23,CCCGTCCCGTAGTGCGTCAT,8,4367269
yadI_predicted,0.625,37,23,CCCCGGGAAGGCCAGTAGGA,14,4317805
yadI_predicted,0.4166666666666667,32,23,CCCCCTACGTGAATAGCTCT,9,4331279
yadI_predicted,1.5,58,23,CCCACAGCGCCCTTCAGGGT,35,4290469
yadI_predicted,1.125,49,23,CCAGAGACATCCGTGGGAAA,26,4305967
yadI_predicted,0.75,40,23,CCAATCCGACTATCGTTACG,17,4316125
yadI_predicted,2.9166666666666665,92,23,CATTCTGGTAAGATGCGCCA,69,4342932
yadI_predicted,0.08333333333333333,24,23,CAGTTCATCATACTCCGATG,1,4333902
yadI_predicted,0.4583333333333333,33,23,CAGTGGTCTCAACGTACAAA,10,4308984
yadI_predicted,1.0416666666666667,47,23,CAGTGAGGTTAGCCTAAATT,24,4311583
yadI_predicted,0.2916666666666667,29,23,CAGATTGGGCTTTCTATGGC,6,4358894
yadI_predicted,0.125,25,23,CAGATGTCACTGCCTTTCCT,2,4345801
yadI_predicted,0.16666666666666666,26,23,CAATTGGGTTAGCTGAGAGC,3,4341359
yadI_predicted,1.4166666666666667,56,23,CAAGCGATTGGTGGATTCGA,33,4313370
yadI_predicted,0.20833333333333334,27,23,CAAGAATTCATAATATCTGT,4,4294583
yadI_predicted,0.25,28,23,ATTTGTGTGCGATGAAACTC,5,4305304
yadI_predicted,1.5,58,23,ATTTGTACGGGGTTTATCCT,35,4310962
yadI_predicted,0.16666666666666666,26,23,ATTTGAGCGCACTTATGAGA,3,4358971
yadI_predicted,1.6666666666666667,62,23,ATTCTCGGCCCGTAAGCCTC,39,4297556
yadI_predicted,0.625,37,23,ATTAGTCGATTCGTATTCGG,14,4300250
yadI_predicted,1.5416666666666667,59,23,ATGTACGTACAACAAGGCCC,36,4331630
yadI_predicted,0.625,37,23,ATGGGCGTGACACATAACTG,14,4339200
yadI_predicted,0.08333333333333333,24,23,ATGATGTACTCGAGGCGGTT,1,4335988
yadI_predicted,0.16666666666666666,26,23,ATGACGCCACTGGTAAAGGT,3,4357645
yadI_predicted,2.3333333333333335,78,23,ATGAACTAGAAACAGCGGTC,55,4312228
yadI_predicted,0.7916666666666666,41,23,ATGAAAATTCACACACATTA,18,4363350
yadI_predicted,0.20833333333333334,27,23,ATCTGCGGCGCTCATGTCTA,4,4320716
yadI_predicted,1.0,46,23,ATCTCCCGGTCCAATCCTTA,23,4305694
yadI_predicted,0.08333333333333333,24,23,ATCGTACACTTTACCTCAGT,1,4304651
yadI_predicted,1.0,46,23,ATCCCGCGACCGAACGCTCC,23,4337332
yadI_predicted,1.4166666666666667,56,23,ATCCATCTCCTTAGCATCGT,33,4303097
yadI_predicted,2.625,85,23,ATCCAAACCGAATGCTGGAA,62,4351943
yadI_predicted,0.3333333333333333,30,23,ATCAACTGCCGGATGGGGTT,7,4341064
yadI_predicted,0.08333333333333333,24,23,ATATAAGAAATCCACAGGCA,1,4357390
yadI_predicted,0.8333333333333334,42,23,ATAGGCAAGTAGCGTGTCAT,19,4323375
yadI_predicted,1.875,67,23,ATACAAGATCTAAACATTTC,44,4332826
yadI_predicted,0.9166666666666666,44,23,AGTCGCGCCTCCAAATGAAT,21,4363856
yadI_predicted,0.125,25,23,AGTAGGAATCCATAGGTGGT,2,4329690
yadI_predicted,0.4166666666666667,32,23,AGGGCTCTGGGATCAATACT,9,4352750
yadI_predicted,0.08333333333333333,24,23,AGGCCTGACTTGTCGCCTAA,1,4320664
yadI_predicted,1.25,52,23,AGCTATCACAAGAAGCCCCG,29,4314881
yadI_predicted,0.4583333333333333,33,23,AGCATGCCTGGACGGTGGTT,10,4335778
yadI_predicted,1.2916666666666667,53,23,AGATGCGGTAGCTAACTTGA,30,4298738
yadI_predicted,0.9166666666666666,44,23,ACTTGACCGCTGAAAGTGTG,21,4365645
yadI_predicted,0.25,28,23,ACTGACCCATTTCCCGGTTA,5,4285248
yadI_predicted,0.7083333333333334,39,23,ACGTGTGGCGGAGCACAGTC,16,4327903
yadI_predicted,0.20833333333333334,27,23,ACGACGCCGGTGTGGTCAGA,4,4286506
yadI_predicted,1.1666666666666667,50,23,ACGACCTGGCGCTGACCCCC,27,4337396
yadI_predicted,0.20833333333333334,27,23,ACCGTAGGACGCACTCAATA,4,4333256
yadI_predicted,0.75,40,23,ACCCCGCCGGGACATGCGAG,17,4327272
yadI_predicted,1.7916666666666667,65,23,ACCCCAAATCCAAGAATAAT,42,4338939
yadI_predicted,1.0,46,23,ACCATCAACTCGCTGAAGCT,23,4319137
yadI_predicted,0.7916666666666666,41,23,AATCCGGCCGGAAGACTGGG,18,4365843
yadI_predicted,0.2916666666666667,29,23,AATAGAAATAACGGTCAGTT,6,4363010
yadI_predicted,0.6666666666666666,38,23,AAGGTAGAGCCTACTCCGAG,15,4286240
yadI_predicted,0.25,28,23,AAGCACTTGAATACCTTCCA,5,4318364
yadI_predicted,0.75,40,23,AAGACCTCCGGTAGGCATCA,17,4345113
yadI_predicted,1.25,52,23,AAGAATTGATCACCTACGAG,29,4306400
yadI_predicted,0.75,40,23,AACACTCTGGTTAAATTAAG,17,4347069
yadI_predicted,0.08333333333333333,24,23,AAATCTGGCTAGTCCCTTAG,1,4316423
yadI_predicted,1.3333333333333333,54,23,AAAGGGAGTGAATTTAAAAA,31,4298104
yadI_predicted,1.0833333333333333,48,23,AAACAGGACAAAAAGTCAAG,25,4327795
yadI_predicted,0.375,31,23,AAAAATCCGCGTTTATCAAC,8,4340571
yadI_predicted,0.7391304347826086,38,22,TTGGGAATAGAAGAGCACGC,16,4362670
yadI_predicted,0.13043478260869565,24,22,TTGACCTAAACTGGTCTTTA,2,4323365
yadI_predicted,0.30434782608695654,28,22,TTCTTGATACTGATCTTTAT,6,4343854
yadI_predicted,1.6521739130434783,59,22,TTCCTCAGACTAGGCAGATA,37,4333961
yadI_predicted,0.34782608695652173,29,22,TTCATATACACTTTAGCTGG,7,4358061
yadI_predicted,0.13043478260869565,24,22,TTAGGCCTATCCTAGTTATG,2,4345505
yadI_predicted,1.434782608695652,54,22,TTAGAGTCTGTTAACACGCT,32,4311088
yadI_predicted,0.9565217391304348,43,22,TTACTTAGCAATGAGGGCAT,21,4320109
yadI_predicted,0.13043478260869565,24,22,TTAAAGGGCTCCATTCGCAA,2,4360733
yadI_predicted,0.7391304347826086,38,22,TTAAAGCCTCTCAATCCCGA,16,4287625
yadI_predicted,1.434782608695652,54,22,TGTCCCTAGATTGCACCTTC,32,4290704
yadI_predicted,2.217391304347826,72,22,TGTAAAATTCTTGGTGATAC,50,4312510
yadI_predicted,0.7391304347826086,38,22,TGGGCATGTAATAAACTGGT,16,4352226
yadI_predicted,1.0,44,22,TGGCTAGAGTTCGTTGTATC,22,4313420
yadI_predicted,1.0434782608695652,45,22,TGCATAGACGCTCCTCACAA,23,4286526
yadI_predicted,3.9130434782608696,111,22,TGATAAGAATTGTTCGGTCT,89,4342805
yadI_predicted,0.6956521739130435,37,22,TGAGTCGGTTCTAGAGCCCA,15,4318970
yadI_predicted,2.3043478260869565,74,22,TGAGATCCAATGTCCGGGCT,52,4343019
yadI_predicted,1.1304347826086956,47,22,TGACGGAATCCCTCCGCTTT,25,4333257
yadI_predicted,1.3478260869565217,52,22,TCTCTCATGCGCCGGTGATG,30,4341361
yadI_predicted,0.5652173913043478,34,22,TCCCTCTCAAGAGACGCTAA,12,4366215
yadI_predicted,0.9130434782608695,42,22,TCCCTAGAGTCGTGCTGGAT,20,4336153
yadI_predicted,0.5652173913043478,34,22,TCCAATTAACGGAGAACGTA,12,4291994
yadI_predicted,0.2608695652173913,27,22,TCAGAAGGCAGCTAATTGGG,5,4288444
yadI_predicted,2.0434782608695654,68,22,TCAAGACTCCTCCGAAGCCT,46,4334417
yadI_predicted,1.565217391304348,57,22,TCAACACGAGGGTAGGTACC,35,4318034
yadI_predicted,0.5652173913043478,34,22,TATTGTTGCATCTTTGCTGG,12,4329779
yadI_predicted,1.826086956521739,63,22,TATTACGATTTACCTCACTT,41,4364113
yadI_predicted,0.13043478260869565,24,22,TATGGTTGATCTATGCCATA,2,4325499
yadI_predicted,3.347826086956522,98,22,TAGATGCGCCCGAAACATAG,76,4300762
yadI_predicted,0.6086956521739131,35,22,TACCATTATCTTCGCACCAA,13,4364404
yadI_predicted,0.7391304347826086,38,22,TACAGCTATGGACCGCGTTT,16,4313689
yadI_predicted,0.6521739130434783,36,22,TAAGTGCATCACTCAATGCT,14,4334545
yadI_predicted,0.21739130434782608,26,22,TAAGCTTGAATTCATCTTCC,4,4336652
yadI_predicted,0.08695652173913043,23,22,TAACCCGGAGGTACGTATCA,1,4304181
yadI_predicted,0.5217391304347826,33,22,TAACACCGGGATTCAATGGG,11,4314664
yadI_predicted,0.08695652173913043,23,22,TAAAACGGCAGGGAACAGAA,1,4331118
yadI_predicted,1.2608695652173914,50,22,GTTCTCTTGAGTATCCTGAT,28,4315744
yadI_predicted,0.34782608695652173,29,22,GTTCTCGGCTCAACTTTCGA,7,4321422
yadI_predicted,0.9130434782608695,42,22,GTTCCTAGTATCCTCAGCCT,20,4326392
yadI_predicted,0.43478260869565216,31,22,GTGTTAGTACAAATGCAGGA,9,4308112
yadI_predicted,1.3043478260869565,51,22,GTGTGTCCTTGACAGCATGC,29,4367682
yadI_predicted,0.8260869565217391,40,22,GTGGCAGGTATGTCCCGGCT,18,4297384
yadI_predicted,0.8260869565217391,40,22,GTGGCAAGGATTGATGCGTA,18,4321799
yadI_predicted,0.43478260869565216,31,22,GTCTTGGTGTGCCGCGTCGC,9,4341114
yadI_predicted,0.08695652173913043,23,22,GTCTGAATAGGGGTACATTG,1,4336842
yadI_predicted,0.2608695652173913,27,22,GTCTCCAGCACAGGCGACGA,5,4289085
yadI_predicted,5.956521739130435,158,22,GTCCTGGAAGTAGACAGGTC,136,4303502
yadI_predicted,1.3478260869565217,52,22,GTCCGACCGTCTGCCACCAG,30,4299949
yadI_predicted,0.13043478260869565,24,22,GTACTCAATTATCCAGTGTC,2,4299547
yadI_predicted,1.9565217391304348,66,22,GTAAATGCGTGCCTTTCCCC,44,4315062
yadI_predicted,0.782608695652174,39,22,GGTGTGACAGTCTGATTCCC,17,4346535
yadI_predicted,0.43478260869565216,31,22,GGTCAAACCTCCAGCTGAGA,9,4317396
yadI_predicted,0.6086956521739131,35,22,GGGGGAGATTGCCTGGAGGT,13,4350868
yadI_predicted,0.6086956521739131,35,22,GGCCGAAGAACGCACGTCGC,13,4349360
yadI_predicted,1.1304347826086956,47,22,GGCATTCACCGAGGACACGC,25,4354140
yadI_predicted,0.13043478260869565,24,22,GGACAGCACTCATAGTTCGA,2,4316340
yadI_predicted,0.17391304347826086,25,22,GCTTGCACGAATTCTACGCT,3,4361533
yadI_predicted,0.5652173913043478,34,22,GCGTTGTGACAGATGTCAGA,12,4314052
yadI_predicted,0.782608695652174,39,22,GCGTAGCCTCCAGGGTCTCC,17,4310658
yadI_predicted,0.34782608695652173,29,22,GCCTACACGCATCTTTGGAT,7,4299075
yadI_predicted,0.13043478260869565,24,22,GCCAGGACAAATTTCACCCT,2,4307517
yadI_predicted,0.5652173913043478,34,22,GCACCTTCGAGGGGACATAT,12,4284709
yadI_predicted,0.8260869565217391,40,22,GCACACGAGCGCAACGCGTG,18,4297137
yadI_predicted,0.9130434782608695,42,22,GCACACATCAGGAATGCGAG,20,4302887
yadI_predicted,1.7391304347826086,61,22,GCAATGTGCCTTGATTGTAA,39,4369824
yadI_predicted,0.5652173913043478,34,22,GAGTCAGGTATTAAGTATTC,12,4365658
yadI_predicted,0.2608695652173913,27,22,GAAAAACTCAAATAGTGTGT,5,4313606
yadI_predicted,1.6521739130434783,59,22,CTTGCATAGTCAAGCTCTAT,37,4325145
yadI_predicted,0.6086956521739131,35,22,CTTCTAGTTGAACCATTGTG,13,4306202
yadI_predicted,2.739130434782609,84,22,CTGTACGTAGGATTTCGTGA,62,4335555
yadI_predicted,0.9130434782608695,42,22,CTGTAAGCTAAGCGAGGGCA,20,4353232
yadI_predicted,0.8695652173913043,41,22,CTGGGCTACGTATTCGCCCT,19,4332121
yadI_predicted,0.8260869565217391,40,22,CTGGGCAAGCACAGGTGCAG,18,4286703
yadI_predicted,0.7391304347826086,38,22,CTGCTCGTCGTACTCAACCT,16,4313433
yadI_predicted,0.08695652173913043,23,22,CTGACCAAAGAGGGTACTGG,1,4364059
yadI_predicted,0.5217391304347826,33,22,CGTGATAGAACTATGGGTTT,11,4356776
yadI_predicted,0.08695652173913043,23,22,CGTATCAGAGCATAAGGACT,1,4350355
yadI_predicted,0.9565217391304348,43,22,CGCCGGTAAGGGTCCGCCCC,21,4359926
yadI_predicted,1.0434782608695652,45,22,CGAACTGTACGCCCCCGACA,23,4329660
yadI_predicted,0.4782608695652174,32,22,CGAACATGATGCGCGCGTCT,10,4318346
yadI_predicted,0.17391304347826086,25,22,CCTACAAGGGATAACGGGCG,3,4325055
yadI_predicted,0.30434782608695654,28,22,CCCTTCATTACATTATACGG,6,4343132
yadI_predicted,0.13043478260869565,24,22,CCCTATGCAAAACTTTTTAA,2,4326242
yadI_predicted,0.08695652173913043,23,22,CCCGGAGCAGTAAGCCGGAA,1,4318770
yadI_predicted,0.08695652173913043,23,22,CCATTTACCTACGTAGCGCG,1,4349302
yadI_predicted,0.4782608695652174,32,22,CCAGTTTGTGTTAGTGTGCT,10,4322429
yadI_predicted,1.3043478260869565,51,22,CCACTATCGCATTCAGGCTC,29,4344489
yadI_predicted,2.0,67,22,CATTGCTGTACCATCTTTTG,45,4351957
yadI_predicted,0.9565217391304348,43,22,CATTACGCATGTACACGCCA,21,4356782
yadI_predicted,1.0,44,22,CATCATATCTTTCCGGAGTG,22,4342123
yadI_predicted,0.6956521739130435,37,22,CAGTTTTAATGCAAGGATTC,15,4302027
yadI_predicted,0.391304347826087,30,22,CAGGGCGGGCGCGCACGTTC,8,4332065
yadI_predicted,0.6956521739130435,37,22,CAGCGTAGTCCGGTTTTTCA,15,4343272
yadI_predicted,1.1304347826086956,47,22,CACCTGCTTTGGTACCTTTT,25,4290595
yadI_predicted,0.13043478260869565,24,22,CAATTTGGCAACTGTGGAAA,2,4344007
yadI_predicted,0.21739130434782608,26,22,CAAGTAGTCCACTGCCGCCG,4,4337330
yadI_predicted,0.2608695652173913,27,22,CAAGCCCGCATTGGATACGT,5,4302044
yadI_predicted,1.0869565217391304,46,22,CAAGAGCCGGATTGCGACCC,24,4292162
yadI_predicted,1.3043478260869565,51,22,CAACTGCAGGATTCGGTGGT,29,4356050
yadI_predicted,1.0,44,22,ATTATTACGGGACATATCAA,22,4360864
yadI_predicted,0.13043478260869565,24,22,ATGTAATGTATTGAGGCCCT,2,4289975
yadI_predicted,2.0434782608695654,68,22,ATGGCTGGAGGGACAACATG,46,4352918
yadI_predicted,1.2173913043478262,49,22,ATGGCGGGGATGAGGATGAG,27,4345499
yadI_predicted,0.9130434782608695,42,22,ATGATGCTATACCGGTGGCT,20,4334909
yadI_predicted,0.21739130434782608,26,22,ATGACGCCGGCCTTCACTCT,4,4328933
yadI_predicted,0.6956521739130435,37,22,ATCTTGCTTAAAGTCAAAGG,15,4315090
yadI_predicted,0.08695652173913043,23,22,ATCTGGATCATCCAGCGGTT,1,4333764
yadI_predicted,1.391304347826087,53,22,ATCCGAACTTAACGCGGAGA,31,4290980
yadI_predicted,0.6956521739130435,37,22,ATCCCTCCTAAAGCTATTAC,15,4298193
yadI_predicted,1.2173913043478262,49,22,ATCACGTTCGTTCGTCCCAG,27,4309060
yadI_predicted,0.43478260869565216,31,22,ATCAAATTGCACGGCTCTGG,9,4291246
yadI_predicted,0.9130434782608695,42,22,ATATGCCCAAGGTTCCGGAC,20,4308921
yadI_predicted,1.0869565217391304,46,22,ATAGACAAATAAAACAAGTT,24,4339539
yadI_predicted,1.434782608695652,54,22,AGTTTTGTGTCGTCAGGCGT,32,4330434
yadI_predicted,0.7391304347826086,38,22,AGTGTCAAATCGATAAAACC,16,4342018
yadI_predicted,0.6086956521739131,35,22,AGTGCGGTAATACAAATTAA,13,4362765
yadI_predicted,1.0869565217391304,46,22,AGTAGCTGTATAGTCAGTAC,24,4315555
yadI_predicted,0.30434782608695654,28,22,AGCTGAGTAATAGCTGAGAA,6,4341892
yadI_predicted,0.8260869565217391,40,22,AGCCGGCTTTTGGGAGGCCG,18,4299720
yadI_predicted,2.130434782608696,70,22,AGATGGTTTTTTTAAGCGTA,48,4310060
yadI_predicted,0.6521739130434783,36,22,AGACTTCGAAACGTGACCGA,14,4333978
yadI_predicted,0.782608695652174,39,22,AGACGCCGGGAACCCCGTGC,17,4324395
yadI_predicted,0.08695652173913043,23,22,AGAAGGGCCGGTTTCCAAGG,1,4312791
yadI_predicted,1.0434782608695652,45,22,ACTATTGGTAGGAGCCTGTG,23,4321982
yadI_predicted,3.652173913043478,105,22,ACTAGACTTGGAGCGCTTAT,83,4351952
yadI_predicted,0.7391304347826086,38,22,ACGGTGTTGTCGGAGTCTAC,16,4290407
yadI_predicted,0.2608695652173913,27,22,ACGCTCGTGCCGACATTCGC,5,4361434
yadI_predicted,0.21739130434782608,26,22,ACATTGTGACTTGGGGGGTC,4,4289366
yadI_predicted,1.2608695652173914,50,22,ACATGCATCATGGCCTAGTG,28,4314731
yadI_predicted,0.13043478260869565,24,22,ACATCGCTCGTATGGCAAAG,2,4348029
yadI_predicted,0.9565217391304348,43,22,ACAGTCTATAGATTATTCCA,21,4325397
yadI_predicted,0.08695652173913043,23,22,AATCGGATTAGAACAAGGAT,1,4354401
yadI_predicted,0.5652173913043478,34,22,AAGGGATCGGGATCGAGTGT,12,4312874
yadI_predicted,0.8695652173913043,41,22,AAGACCCACCTCGGCCACTC,19,4335693
yadI_predicted,0.17391304347826086,25,22,AAAATTAAGCAGAGCGGTAT,3,4354446
yadI_predicted,1.7391304347826086,61,22,AAAATGGGTCTGACTGAGTG,39,4314824
yadI_predicted,0.09090909090909091,22,21,TTTGACAATTTATTGTGGGT,1,4293018
yadI_predicted,2.6363636363636362,78,21,TTTCGTCAGCATAGGGCCCA,57,4303924
yadI_predicted,1.3636363636363635,50,21,TTTCGAGCAAAGTGACCGTT,29,4300325
yadI_predicted,0.9545454545454546,41,21,TTTACGACTAAGTATTATGC,20,4359131
yadI_predicted,2.3181818181818183,71,21,TTGTGTACCAGTGACGTAGT,50,4322589
yadI_predicted,0.4090909090909091,29,21,TTGGAGCTTGGTCATCTGCC,8,4343804
yadI_predicted,0.5909090909090909,33,21,TTGAAAACGACCCCTCGAAG,12,4292935
yadI_predicted,1.0,42,21,TTCCGGTGGGTTCAAATTCA,21,4331414
yadI_predicted,0.6818181818181818,35,21,TTAGTTAGTGGTCAGTAGAT,14,4297832
yadI_predicted,0.7272727272727273,36,21,TTACCTTACCCGTTCGACGA,15,4339699
yadI_predicted,0.09090909090909091,22,21,TTACCTACTGCATTTGGTCC,1,4345039
yadI_predicted,1.2272727272727273,47,21,TTAACGAGCCCTCGTTAGTG,26,4355604
yadI_predicted,0.6818181818181818,35,21,TGTTCCAACATAATCTTATG,14,4327551
yadI_predicted,0.5,31,21,TGTGGGGTCCAGCAGGGTTT,10,4344716
yadI_predicted,0.5454545454545454,32,21,TGTGGGGCAGAATCGTAACA,11,4315795
yadI_predicted,1.0909090909090908,44,21,TGTGATTCCCCGTGCTTTTG,23,4330465
yadI_predicted,0.6363636363636364,34,21,TGTACCTCACTTAGCACCGA,13,4345243
yadI_predicted,1.3636363636363635,50,21,TGGGGCGATAGCCCTTGAGA,29,4340315
yadI_predicted,1.2272727272727273,47,21,TGGCTCTTGATAATCAGCAG,26,4315220
yadI_predicted,1.4090909090909092,51,21,TGCACGATGTGAACCGGGGA,30,4355423
yadI_predicted,1.4545454545454546,52,21,TGATTCCTAGGATCCATCCA,31,4356780
yadI_predicted,2.590909090909091,77,21,TGATGATGACCTGCCCACCT,56,4336476
yadI_predicted,0.09090909090909091,22,21,TGATCGATCGCTTAGGTGCT,1,4336448
yadI_predicted,0.09090909090909091,22,21,TGATATTGATTTCTAGAAAT,1,4296524
yadI_predicted,0.36363636363636365,28,21,TGACTCTAGGAAAATATGTC,7,4326683
yadI_predicted,0.13636363636363635,23,21,TGACTATCATGCCAGCACTA,2,4324418
yadI_predicted,0.4090909090909091,29,21,TGAAAGAGCTTGGGTTTTGC,8,4305501
yadI_predicted,0.6818181818181818,35,21,TCTTGGTGGAAACAATCGAC,14,4289163
yadI_predicted,0.9545454545454546,41,21,TCTCATATGAGTGAGAAACA,20,4297000
yadI_predicted,0.09090909090909091,22,21,TCTATTGGTTCGAAGAAGGT,1,4347754
yadI_predicted,0.36363636363636365,28,21,TCGGAAGCCGCCGGGGGTTA,7,4292299
yadI_predicted,1.7272727272727273,58,21,TCCTAATCCGTTCTATGGTG,37,4285278
yadI_predicted,1.8636363636363635,61,21,TCCCTGCTCAACTGAGAGGG,40,4313478
yadI_predicted,1.6363636363636365,56,21,TCCATTCATGACAGACCGTT,35,4319079
yadI_predicted,0.8636363636363636,39,21,TCCAATATCACAGGTTTCGT,18,4326400
yadI_predicted,0.8636363636363636,39,21,TCATGCCACCTTATGCGTAT,18,4295362
yadI_predicted,0.09090909090909091,22,21,TCACTATGCAGGAAGGTTGT,1,4370044
yadI_predicted,0.5909090909090909,33,21,TCACCTGCCCTCTAGGGGGA,12,4297552
yadI_predicted,0.5,31,21,TAGGCACCTCTAAAATTTGA,10,4366036
yadI_predicted,0.6363636363636364,34,21,TAGCTGCAAGCCAACATATA,13,4299770
yadI_predicted,0.5454545454545454,32,21,TAGAACGTGGGTTTCATAAA,11,4320961
yadI_predicted,0.9090909090909091,40,21,TACTGGGATCCTCAGTTCTT,19,4303411
yadI_predicted,0.2727272727272727,26,21,TAATGGAGTTGATGAAAGTA,5,4344896
yadI_predicted,0.13636363636363635,23,21,TAAGATCCCATGTCCTGTAA,2,4292459
yadI_predicted,0.45454545454545453,30,21,TAACTCTTTTTTTCTGAGCT,9,4324326
yadI_predicted,0.9090909090909091,40,21,GTTTAGACGCTTCAACTTTT,19,4286621
yadI_predicted,1.3636363636363635,50,21,GTTTAAGGGCTATCTCGCCG,29,4334845
yadI_predicted,0.5454545454545454,32,21,GTGTCGGGATTACATAAAGA,11,4308674
yadI_predicted,0.36363636363636365,28,21,GTGTCGGATAGCCGATGGGA,7,4354450
yadI_predicted,3.0454545454545454,87,21,GTGCTCAGGCCCTAAGGCGC,66,4336877
yadI_predicted,0.5454545454545454,32,21,GTGATATGGGAGCCGCCCTA,11,4349843
yadI_predicted,1.1818181818181819,46,21,GTGACCTGGATTGAATGCAT,25,4355557
yadI_predicted,0.22727272727272727,25,21,GTCTTGTCTGGATATTACTT,4,4348899
yadI_predicted,0.13636363636363635,23,21,GTCAATAGCGCACCCAGACT,2,4288151
yadI_predicted,0.09090909090909091,22,21,GTAGTTTTTTTGATCTGGAA,1,4368431
yadI_predicted,2.1818181818181817,68,21,GTAGCGAATTGCATTTACAT,47,4345563
yadI_predicted,0.09090909090909091,22,21,GTAGATTGTACCGTATTAGC,1,4305098
yadI_predicted,0.09090909090909091,22,21,GTAATCCGTCATAATCAGAG,1,4299111
yadI_predicted,0.09090909090909091,22,21,GGTTCTGGCAGGCAAAGAAT,1,4343973
yadI_predicted,0.9090909090909091,40,21,GGTGAATATATGTGTCGAAT,19,4352824
yadI_predicted,1.2272727272727273,47,21,GGTACTGTTTAACATCGGGG,26,4290600
yadI_predicted,0.45454545454545453,30,21,GGTACTAAATCCCTTCCTAC,9,4289588
yadI_predicted,0.7272727272727273,36,21,GGGTGGAAGTGTGAGGCCCT,15,4367422
yadI_predicted,0.7272727272727273,36,21,GGGGGGCTAGCACGCAGATG,15,4347616
yadI_predicted,0.4090909090909091,29,21,GGGGATAAAAGCCTCGCCAT,8,4344157
yadI_predicted,0.09090909090909091,22,21,GGGCATATGAGTGGATTCGC,1,4352789
yadI_predicted,1.8636363636363635,61,21,GGGAGATTGTCAGAGTTAGG,40,4311519
yadI_predicted,1.3181818181818181,49,21,GGCTCGAAGTATGTCTGCTC,28,4351617
yadI_predicted,0.22727272727272727,25,21,GGCATTACAGTGGGCCTTGT,4,4367444
yadI_predicted,0.6363636363636364,34,21,GGCAAGCGCGTCCATAGGTA,13,4350521
yadI_predicted,0.09090909090909091,22,21,GCTGCTGTACATCCGCGGGC,1,4321797
yadI_predicted,1.4090909090909092,51,21,GCTGAGGTGACTTTCGAGCG,30,4304088
yadI_predicted,0.9545454545454546,41,21,GCTGAATCTCCACCTCGTAT,20,4295904
yadI_predicted,0.36363636363636365,28,21,GCGCCCAAAGCAAACGGCCA,7,4306350
yadI_predicted,1.0454545454545454,43,21,GCGACTACAGATCCGAAACT,22,4311313
yadI_predicted,0.36363636363636365,28,21,GCGAAGGCGCAACGTTGTAG,7,4334064
yadI_predicted,1.1818181818181819,46,21,GCCTTCCAATTTCCAGGCGT,25,4301978
yadI_predicted,0.13636363636363635,23,21,GCCTAACTTAAGTGAAGTGA,2,4311847
yadI_predicted,0.09090909090909091,22,21,GCCGTATACTACCTGGGATA,1,4323072
yadI_predicted,1.7272727272727273,58,21,GCACGACTTGGACATTTTGA,37,4284157
yadI_predicted,0.2727272727272727,26,21,GATTGTTGTAGCTAAGCAAT,5,4299664
yadI_predicted,1.3181818181818181,49,21,GATGTATGTTAATCATTTGA,28,4285031
yadI_predicted,0.5909090909090909,33,21,GATGGCTGCTCGAGGGCAAT,12,4315269
yadI_predicted,0.7727272727272727,37,21,GAGCCCGCTACCTTTCGACC,16,4315413
yadI_predicted,0.5454545454545454,32,21,GACTGACCTCAGTTCCGGTT,11,4340317
yadI_predicted,0.18181818181818182,24,21,GACGACGCCAAATGCGGCTT,3,4285097
yadI_predicted,1.1363636363636365,45,21,CTTGTCTGAAGCATTTCATG,24,4307853
yadI_predicted,0.09090909090909091,22,21,CTCGCGATATCATAGCACGA,1,4313945
yadI_predicted,0.18181818181818182,24,21,CTCCGTCAGGCCACTTCACG,3,4288583
yadI_predicted,1.0454545454545454,43,21,CTCCAACCTGTCACCACTCT,22,4350063
yadI_predicted,0.09090909090909091,22,21,CTATTGGGGTCGTTCAGTGA,1,4347322
yadI_predicted,0.09090909090909091,22,21,CTAGGACGTGCACATGGTCC,1,4355816
yadI_predicted,0.5909090909090909,33,21,CTACGATTCTCAGTTCTGAT,12,4358213
yadI_predicted,0.8636363636363636,39,21,CGTACTGGGTTAGGTTATGA,18,4291615
yadI_predicted,0.2727272727272727,26,21,CGGGAGATAACCATCTTAAT,5,4296598
yadI_predicted,0.4090909090909091,29,21,CGGAAAAGCGCATTCTGCCG,8,4354243
yadI_predicted,1.5,53,21,CGGAAAAGATGCCCATATGT,32,4303355
yadI_predicted,0.45454545454545453,30,21,CGAACGTCTCCATCAGCTAG,9,4346758
yadI_predicted,0.8636363636363636,39,21,CCTCTTGGAATCCGTTGTAC,18,4357470
yadI_predicted,0.36363636363636365,28,21,CCTCACAGATGCGACCCAAA,7,4306871
yadI_predicted,0.7272727272727273,36,21,CCGTTTTATATAGCATTGCG,15,4292853
yadI_predicted,1.5,53,21,CCGCCGCGGTGCTAGTTACA,32,4338256
yadI_predicted,1.0909090909090908,44,21,CCGCCCGAATGAGGCATTGT,23,4360476
yadI_predicted,0.7727272727272727,37,21,CCCTTTTCTCAGATCGCTGG,16,4341106
yadI_predicted,0.7272727272727273,36,21,CCCGCACGTCTTACATCGCC,15,4360365
yadI_predicted,0.6818181818181818,35,21,CCAGGACCCAATTGACTCAG,14,4329028
yadI_predicted,2.6818181818181817,79,21,CCAATTAATCGGAAGCGAGT,58,4335908
yadI_predicted,0.09090909090909091,22,21,CATTTGCACTCACTCGGCGT,1,4298038
yadI_predicted,0.9090909090909091,40,21,CATATCACTAGGCAGTGGTG,19,4363385
yadI_predicted,0.8636363636363636,39,21,CAGTTCTTTTGCTGCTCTGC,18,4363835
yadI_predicted,0.09090909090909091,22,21,CAGCTAATCACCACATTCTA,1,4340243
yadI_predicted,0.13636363636363635,23,21,CAGCCTGCGATAAGGGGCAA,2,4336806
yadI_predicted,1.0454545454545454,43,21,CAGATCATATACACGAGGGA,22,4306278
yadI_predicted,0.5909090909090909,33,21,CACTCTAGTCGGCCAAGTAG,12,4309716
yadI_predicted,0.22727272727272727,25,21,CACGTTAAGCCGCACACTGT,4,4302722
yadI_predicted,1.5909090909090908,55,21,CACCGATTCGCTCCTGCCAC,34,4324493
yadI_predicted,1.0454545454545454,43,21,CACATCATCTCCCCGCGTAG,22,4351203
yadI_predicted,1.4090909090909092,51,21,CAACTGGCGACGCACGTTGC,30,4357838
yadI_predicted,1.4090909090909092,51,21,CAACGGTTTATCCCACGCTG,30,4315663
yadI_predicted,0.5909090909090909,33,21,ATTCCTGTCAAGCCATATAA,12,4347326
yadI_predicted,0.3181818181818182,27,21,ATTCAGGGGATGCTGGGTCG,6,4307938
yadI_predicted,0.7272727272727273,36,21,ATTCACCTCACTCCTCCTGG,15,4289854
yadI_predicted,0.09090909090909091,22,21,ATTATGTAAGATCCATCCAC,1,4295701
yadI_predicted,0.22727272727272727,25,21,ATGTTGGGCTTGACCTTGTA,4,4315915
yadI_predicted,1.2272727272727273,47,21,ATGTCGGACTCTGGCCTAGG,26,4357392
yadI_predicted,1.4090909090909092,51,21,ATGTATGGTTATCCTGTTTG,30,4344334
yadI_predicted,0.7272727272727273,36,21,ATGGTTACATGTTCTGGCCT,15,4368806
yadI_predicted,1.1363636363636365,45,21,ATGCGGTCGCATATGGGTCG,24,4333335
yadI_predicted,0.18181818181818182,24,21,ATGACGGGTCACGCACCGCT,3,4321672
yadI_predicted,1.0,42,21,ATCGCCGTTAGGATGTCGAT,21,4323971
yadI_predicted,0.13636363636363635,23,21,ATCCACATGCCAGCCCGTGT,2,4359191
yadI_predicted,1.4090909090909092,51,21,AGTGTGCCCGTATCAACACT,30,4323902
yadI_predicted,0.13636363636363635,23,21,AGTAATGGGTAGAGAATTCC,2,4301052
yadI_predicted,0.8636363636363636,39,21,AGGTTCCGGTTCAGCATGCT,18,4332823
yadI_predicted,0.5,31,21,AGGAATCAGTTGAACCCGAT,10,4286454
yadI_predicted,0.8181818181818182,38,21,AGCGCCCTAGAGCCTGAGTG,17,4351401
yadI_predicted,2.227272727272727,69,21,AGCCAGTGGGGTTCAGAGCT,48,4294187
yadI_predicted,1.0909090909090908,44,21,AGCCAGAATTGAGGGCGTAG,23,4330655
yadI_predicted,0.6363636363636364,34,21,AGAGGTACTCTAACTCCTGG,13,4322196
yadI_predicted,0.18181818181818182,24,21,AGACCGGTAATCCCGTATGT,3,4308130
yadI_predicted,1.3636363636363635,50,21,AGAACTCTCACCGTAACTCA,29,4305067
yadI_predicted,0.5,31,21,ACTTGGCCCGAGGAGTCTAT,10,4311056
yadI_predicted,0.9545454545454546,41,21,ACTGAGCACTGGAGGACGTC,20,4311522
yadI_predicted,0.8181818181818182,38,21,ACGCATACGCGCCCAGCCTT,17,4337616
yadI_predicted,18.363636363636363,424,21,ACGAGGGTGTCGCTCGGGGA,403,4329791
yadI_predicted,1.2272727272727273,47,21,ACCTAATTGTGAGGCGCAGA,26,4318276
yadI_predicted,0.3181818181818182,27,21,ACCTAAGAGAGCGTGGTCAA,6,4360111
yadI_predicted,2.1818181818181817,68,21,ACCCAGAGTTAGCTGTTCGA,47,4352935
yadI_predicted,0.7727272727272727,37,21,ACCACATTACTATTCATAAA,16,4330472
yadI_predicted,2.590909090909091,77,21,ACACCTGGGCCAGAACACAA,56,4341313
yadI_predicted,1.2727272727272727,48,21,AATGCTCTAACCACGGAACC,27,4347366
yadI_predicted,0.36363636363636365,28,21,AATGACTTATATGTGAGTAA,7,4291457
yadI_predicted,1.6818181818181819,57,21,AATCGTTGGTTGTGTTTCCA,36,4345559
yadI_predicted,0.09090909090909091,22,21,AATAATTACCTCGGACTCTG,1,4336620
yadI_predicted,0.45454545454545453,30,21,AAGCTGGACTTCCCAGGGTG,9,4341244
yadI_predicted,2.590909090909091,77,21,AACCCAACCCCGGCAAGCAG,56,4322924
yadI_predicted,0.5909090909090909,33,21,AACCAAGTTCACCGTCTGTT,12,4362940
yadI_predicted,0.4090909090909091,29,21,AAAAACCATGAGTAAGGAGG,8,4287404
yadI_predicted,0.09523809523809523,21,20,TTTTTATTAAACAGCTATCA,1,4328272
yadI_predicted,0.09523809523809523,21,20,TTTACCCTACATGGTGGGTC,1,4346493
yadI_predicted,0.47619047619047616,29,20,TTGTTGCACTGTAGTGCTCA,9,4305805
yadI_predicted,1.0952380952380953,42,20,TTGTATAACTTCCCTTAGAT,22,4347866
yadI_predicted,0.09523809523809523,21,20,TTGGGGCATAAGCATTCCGT,1,4290413
yadI_predicted,0.47619047619047616,29,20,TTGGAGCTCCAAGCGTGCTC,9,4305102
yadI_predicted,0.7619047619047619,35,20,TTGCGCGGGTCACGTTCCAC,15,4310403
yadI_predicted,0.9523809523809523,39,20,TTGACCAGAGCTGGATAGAC,19,4336455
yadI_predicted,0.2857142857142857,25,20,TTGACAATGGACAGATCTTT,5,4296461
yadI_predicted,3.238095238095238,87,20,TTCCTGATTCCCTAGTATAC,67,4330817
yadI_predicted,0.5714285714285714,31,20,TTCCTGAGTGACGGTCTGCC,11,4312050
yadI_predicted,1.6666666666666667,54,20,TTCCGGAAAAACAATTACCA,34,4316611
yadI_predicted,2.380952380952381,69,20,TTATCTGGTGCTGTCTCCAA,49,4340989
yadI_predicted,0.6666666666666666,33,20,TTACATATGTGTTCACTGTT,13,4358344
yadI_predicted,1.2380952380952381,45,20,TTAAGGCCGCGAGGTCTTGG,25,4323856
yadI_predicted,1.5238095238095237,51,20,TGTGGGCTTCTGATGAAAAA,31,4336913
yadI_predicted,1.0,40,20,TGTGAGATCGGACTTCCACT,20,4317641
yadI_predicted,1.6666666666666667,54,20,TGTCGCTAGATACCGGCTAT,34,4340281
yadI_predicted,1.2380952380952381,45,20,TGTAGCATAAGGGTATTCAT,25,4307672
yadI_predicted,0.42857142857142855,28,20,TGTAGAAGTTTAAATTTTTG,8,4296674
yadI_predicted,0.09523809523809523,21,20,TGGTGGCTTAAGACAGCTTG,1,4329771
yadI_predicted,0.8571428571428571,37,20,TCGTGTTGGAATCAATCCCG,17,4369748
yadI_predicted,0.38095238095238093,27,20,TCGGACTTGGGGCTTCATGA,7,4356543
yadI_predicted,0.19047619047619047,23,20,TCGAATCTAGCGATCCCTTG,3,4362413
yadI_predicted,0.14285714285714285,22,20,TCCTGGGGAGAGGCAGTTCA,2,4334464
yadI_predicted,1.3333333333333333,47,20,TCCCTGCGAGTGGATGCGAG,27,4297388
yadI_predicted,1.619047619047619,53,20,TCCAGCTAGATGGTTTAAAC,33,4288384
yadI_predicted,2.2857142857142856,67,20,TCATTAGCGTTCCTAATCTC,47,4312790
yadI_predicted,1.1904761904761905,44,20,TCATCACAAGAAATTCCTGC,24,4354667
yadI_predicted,0.6190476190476191,32,20,TCAAGGTCCCCCGGATGCAA,12,4301890
yadI_predicted,0.09523809523809523,21,20,TATGCGCCTTGGACCAAGAA,1,4310874
yadI_predicted,1.2857142857142858,46,20,TATCCCAATAATAGCATTAA,26,4336979
yadI_predicted,0.6190476190476191,32,20,TAGCCGGTTCCGTGAAAAAA,12,4323449
yadI_predicted,1.2857142857142858,46,20,TACGGCATGATTTGTGACAT,26,4358876
yadI_predicted,0.5238095238095238,30,20,TACCCAGGTGATTTAGGACC,10,4341712
yadI_predicted,1.5238095238095237,51,20,TAATTCTCACTCAGCTTTTA,31,4354800
yadI_predicted,0.9523809523809523,39,20,TAAGGCCTACTGTAACGTAT,19,4349253
yadI_predicted,0.38095238095238093,27,20,TAAGAGAGGTCTCAGAGGGA,7,4347277
yadI_predicted,0.6666666666666666,33,20,GTGTCCCGAGTATGACGTTG,13,4349277
yadI_predicted,0.23809523809523808,24,20,GTGCTAAACTAGAAGAAATG,4,4293349
yadI_predicted,0.09523809523809523,21,20,GTGCGCGAACTTATTTGGCA,1,4300455
yadI_predicted,0.19047619047619047,23,20,GTCATCGACCCTTTCACGCT,3,4355929
yadI_predicted,1.0476190476190477,41,20,GGTTCATCGCGATGGTATTG,21,4302379
yadI_predicted,0.9523809523809523,39,20,GGTCCCTATGGAATTGCATT,19,4334480
yadI_predicted,0.8571428571428571,37,20,GGTAAGATGTTGATCCACAC,17,4314417
yadI_predicted,0.6666666666666666,33,20,GGGTCCTATTATCCAACAAA,13,4357536
yadI_predicted,1.6666666666666667,54,20,GGGATGATCTAGTTTGAGTC,34,4350189
yadI_predicted,0.9523809523809523,39,20,GGCTCCTCGCTTTACCCTCA,19,4348837
yadI_predicted,1.1428571428571428,43,20,GGCCGCAGCCATCCCATGTA,23,4333259
yadI_predicted,0.19047619047619047,23,20,GGCCCCGGCACGTAGTTAGA,3,4286673
yadI_predicted,0.47619047619047616,29,20,GGCCCATACTGTCTCGCGTC,9,4333578
yadI_predicted,0.5714285714285714,31,20,GGATCGGCATGTCTCGGGAC,11,4322489
yadI_predicted,0.5714285714285714,31,20,GGAGTGTGCTGCACGGAGCC,11,4369949
yadI_predicted,0.7142857142857143,34,20,GCGTCTTAAGATCGTCCGCA,14,4334330
yadI_predicted,0.19047619047619047,23,20,GCGCAGGACAATTAAAAACA,3,4353194
yadI_predicted,1.380952380952381,48,20,GCCTTAACTCGGTCGCGTGT,28,4316618
yadI_predicted,0.9523809523809523,39,20,GCCTCTGGGTCTCACGCCCT,19,4316256
yadI_predicted,0.9047619047619048,38,20,GCCGGGCTTTGCAAGCAGCT,18,4307512
yadI_predicted,2.5238095238095237,72,20,GCCCTGATCGTGCTACACGC,52,4368177
yadI_predicted,0.47619047619047616,29,20,GCCCTCCCGTCGAAAGCAAG,9,4320288
yadI_predicted,0.09523809523809523,21,20,GCCCAGAATCGGAAGTTGTT,1,4313631
yadI_predicted,0.6190476190476191,32,20,GCCAAAGGCACAGCCAGTTT,12,4366928
yadI_predicted,1.9523809523809523,60,20,GCATGCTAAGATTAGGTGGG,40,4313636
yadI_predicted,2.5714285714285716,73,20,GCAGTTATTCATCCGATATA,53,4326589
yadI_predicted,0.7142857142857143,34,20,GCACCGACAATCAGGGGGAT,14,4319144
yadI_predicted,1.0476190476190477,41,20,GCACCATGTATTCCTTCCGG,21,4321926
yadI_predicted,0.47619047619047616,29,20,GATGCGCATGAAACCCAAGT,9,4329848
yadI_predicted,2.5714285714285716,73,20,GATGCACTCATGTAACTAAT,53,4343216
yadI_predicted,0.42857142857142855,28,20,GATGCACGCGACTCAGTGCT,8,4287244
yadI_predicted,0.5238095238095238,30,20,GATGCAAATGCACTGAGGAT,10,4309224
yadI_predicted,0.6190476190476191,32,20,GATCGGAGACATCGGAACGT,12,4301803
yadI_predicted,1.6666666666666667,54,20,GATATCCCTTCAATCATCCC,34,4346101
yadI_predicted,1.3333333333333333,47,20,GATAGCCTGACAAGACTCTT,27,4309671
yadI_predicted,1.2380952380952381,45,20,GAGGGCAGAAAGCTTCAGTT,25,4357835
yadI_predicted,0.23809523809523808,24,20,GAGGGCAAGACGCCTAGTAC,4,4299712
yadI_predicted,3.0952380952380953,84,20,GAGGATGAAAGGGAGACTTT,64,4348979
yadI_predicted,0.5714285714285714,31,20,GAGACAGCATATCCCGGGAG,11,4331802
yadI_predicted,0.7619047619047619,35,20,GACTGGATGTTTCCCAATGT,15,4320473
yadI_predicted,0.5238095238095238,30,20,GACCAAATTAATGTTCAGAT,10,4290994
yadI_predicted,0.47619047619047616,29,20,GACATGCTTGAAGTAAGAAG,9,4302295
yadI_predicted,1.7619047619047619,56,20,GAATGATGAAGTCAGATGTG,36,4300794
yadI_predicted,0.42857142857142855,28,20,GAACTTGGTCAGTATCTTCT,8,4310952
yadI_predicted,1.0952380952380953,42,20,GAACATGATTGAGACGGTGG,22,4302888
yadI_predicted,0.5238095238095238,30,20,GAAACAACGCTAAAGAAAGT,10,4287241
yadI_predicted,1.2380952380952381,45,20,CTTTTTGTAAAGACGTATTT,25,4362421
yadI_predicted,0.9523809523809523,39,20,CTTAGGTTTAGAACTTCCTC,19,4344704
yadI_predicted,1.0952380952380953,42,20,CTTAGGGTAGTAAACGTACA,22,4331596
yadI_predicted,2.380952380952381,69,20,CTGCTTTGATGCCTGTTTCT,49,4317519
yadI_predicted,0.09523809523809523,21,20,CTGCTCTTGCCCCGTGGTTA,1,4299278
yadI_predicted,0.09523809523809523,21,20,CTGCCTGCGAGCCGGTGCAT,1,4358973
yadI_predicted,0.2857142857142857,25,20,CTGATGTGTTCATCCACCAG,5,4348492
yadI_predicted,2.619047619047619,74,20,CTGAATACTAGCATTTCTAC,54,4314887
yadI_predicted,1.9523809523809523,60,20,CTCTTATGATTGTTGTTATC,40,4358066
yadI_predicted,1.2380952380952381,45,20,CTCTAGTTGAGTGGGCATGG,25,4356723
yadI_predicted,0.09523809523809523,21,20,CTCGGTTCAAGACGGTATGG,1,4349696
yadI_predicted,0.19047619047619047,23,20,CTCATTCCCAACAGAGAACG,3,4359808
yadI_predicted,1.0476190476190477,41,20,CTAGTGGCTATGCTAAATCT,21,4290995
yadI_predicted,1.1904761904761905,44,20,CTAGTAGATAACTAGAATAG,24,4359950
yadI_predicted,0.6666666666666666,33,20,CTAGAGATCTTTGCGTTGTA,13,4286400
yadI_predicted,1.0476190476190477,41,20,CTAATTGGCGAAGTTCATTC,21,4351628
yadI_predicted,0.3333333333333333,26,20,CGTTGTCTCGTGTCTACTGG,6,4344610
yadI_predicted,0.14285714285714285,22,20,CGTTGGGATGTCACATGAAG,2,4366461
yadI_predicted,0.3333333333333333,26,20,CGTCGCCAGTATTCAGAGCA,6,4298494
yadI_predicted,1.0476190476190477,41,20,CGGTTCTCGCAATGAGTATT,21,4306356
yadI_predicted,1.5238095238095237,51,20,CGGTCCGCGCGTAGTATGGT,31,4341078
yadI_predicted,0.09523809523809523,21,20,CGGCTTACCGGGTCGGACTT,1,4286672
yadI_predicted,1.0952380952380953,42,20,CGCTAGCGATCGGCTGAAGA,22,4353473
yadI_predicted,1.7142857142857142,55,20,CGCCCGGTCATATCTTAGGA,35,4294926
yadI_predicted,0.8095238095238095,36,20,CGATTTGACTCTCCTAGTAG,16,4360238
yadI_predicted,1.2857142857142858,46,20,CGAGCGCATTGTGTAGGGTT,26,4308232
yadI_predicted,1.0,40,20,CCTTAGTGGCTTCACTGAAC,20,4286403
yadI_predicted,1.0,40,20,CCTTACAATGCGGATAGGGG,20,4315074
yadI_predicted,0.14285714285714285,22,20,CCTCCGCATTATATGTATAA,2,4363422
yadI_predicted,3.619047619047619,95,20,CCTATCAATAGCTCATGACT,75,4356835
yadI_predicted,1.1904761904761905,44,20,CCTACCGTTAAGTGCACAAT,24,4361435
yadI_predicted,0.09523809523809523,21,20,CCGGCCAACAGAGCGATACA,1,4347382
yadI_predicted,1.7142857142857142,55,20,CCGAGGGCGAAGGTCGTTCG,35,4358076
yadI_predicted,2.6666666666666665,75,20,CCCTTCGGCCTCCCAGCATA,55,4367705
yadI_predicted,0.09523809523809523,21,20,CCCTCCTTGCCAACTAAAGA,1,4363593
yadI_predicted,1.0,40,20,CCCGCGAGTTGTTGGGTTAC,20,4327061
yadI_predicted,1.1428571428571428,43,20,CCCCTCGCGCAAAGAGATCT,23,4367383
yadI_predicted,0.09523809523809523,21,20,CCCCATCACTCACCCTTTTG,1,4346065
yadI_predicted,0.42857142857142855,28,20,CCCCATATCAAAAGTGAGGT,8,4349393
yadI_predicted,0.9047619047619048,38,20,CCCAAGCCTGTACACGTGCA,18,4286111
yadI_predicted,0.23809523809523808,24,20,CCCAAAAACAATCTTCCGGT,4,4331356
yadI_predicted,0.19047619047619047,23,20,CCATCGGCATCATTATAATC,3,4327909
yadI_predicted,1.1428571428571428,43,20,CCAGTGGCCGTCCTCACGTG,23,4319346
yadI_predicted,1.0476190476190477,41,20,CCAGGTTCCGGTCACCTCTA,21,4342021
yadI_predicted,0.7619047619047619,35,20,CCACAGAGAAGTTGGACGGA,15,4289578
yadI_predicted,0.09523809523809523,21,20,CATTACTTGGGATACACGTT,1,4326425
yadI_predicted,0.7619047619047619,35,20,CATCGTTGACAGCGAGGGAA,15,4332667
yadI_predicted,0.5714285714285714,31,20,CATATGCCACCTCAGACTTC,11,4320392
yadI_predicted,1.9523809523809523,60,20,CATAGGGCATGTAGGCTCTC,40,4292852
yadI_predicted,0.6190476190476191,32,20,CATAACTTGAAATCGTGAAG,12,4357498
yadI_predicted,0.8571428571428571,37,20,CAGGGTTACTGTTTTAAGTG,17,4319040
yadI_predicted,2.4761904761904763,71,20,CAGGGGGGGACATGTCCGGC,51,4365440
yadI_predicted,0.6666666666666666,33,20,CAGCTGAATCGACCTGTGGG,13,4322170
yadI_predicted,0.23809523809523808,24,20,CAGCAGACAGTTCTGTCATG,4,4297885
yadI_predicted,1.0476190476190477,41,20,CACTAAGGTAGGTGAGCGCA,21,4338331
yadI_predicted,0.14285714285714285,22,20,CACGTCTCATGTGAGTTCAG,2,4317157
yadI_predicted,0.38095238095238093,27,20,CACCCGTGCCGAAGACAGGA,7,4328069
yadI_predicted,0.7619047619047619,35,20,CACCAGGCCATACTAAAGGA,15,4310210
yadI_predicted,0.09523809523809523,21,20,CACCAGCCGGAGGCGGCCAT,1,4345554
yadI_predicted,0.09523809523809523,21,20,CACAAGTTTGCATCGGTCGG,1,4338592
yadI_predicted,1.4761904761904763,50,20,CAACTCTTCGAATCAAGAAC,30,4320599
yadI_predicted,0.23809523809523808,24,20,CAACCATGGATAACGTGATA,4,4306145
yadI_predicted,3.1904761904761907,86,20,CAAACTTAGCAGTTAATTCT,66,4339710
yadI_predicted,0.8571428571428571,37,20,ATTTATTGCACGCGAATCTT,17,4319947
yadI_predicted,2.5714285714285716,73,20,ATGGGGAAACGGCCCCCTCG,53,4315489
yadI_predicted,0.5238095238095238,30,20,ATGCTTTCCCAGGGTACAGA,10,4295361
yadI_predicted,0.19047619047619047,23,20,ATGCGGCTCAGCGGCAATAT,3,4368456
yadI_predicted,1.4761904761904763,50,20,ATGCGAAGTCAGACTTACTA,30,4320964
yadI_predicted,1.0476190476190477,41,20,ATCGTTACACTCCTGAACCC,21,4300509
yadI_predicted,2.4761904761904763,71,20,ATCGATCGCGTACGGAATAG,51,4352570
yadI_predicted,1.1904761904761905,44,20,ATCCATCAAGTCACCGTGGA,24,4350509
yadI_predicted,0.23809523809523808,24,20,ATCACGGGAACGTCGCCTGT,4,4346063
yadI_predicted,0.09523809523809523,21,20,ATATGGCCCCGCGGGACATA,1,4315061
yadI_predicted,1.3333333333333333,47,20,ATAGGGACGGGTATGGCAGG,27,4342233
yadI_predicted,0.23809523809523808,24,20,ATAGCAGCCGCGTTGCTATG,4,4345504
yadI_predicted,0.09523809523809523,21,20,ATAGATGATGGAATTAATGA,1,4292465
yadI_predicted,0.09523809523809523,21,20,AGTTCACGAGCCGTTTGTAA,1,4327105
yadI_predicted,1.0952380952380953,42,20,AGTTACTTATGCCACAAAAT,22,4329521
yadI_predicted,0.47619047619047616,29,20,AGTTACCTGCGGCCGGCCTT,9,4368753
yadI_predicted,2.142857142857143,64,20,AGTCTCCCCATGGCAGGTTT,44,4346772
yadI_predicted,5.523809523809524,135,20,AGTCTCACCCTTCGTGGGGA,115,4366691
yadI_predicted,0.19047619047619047,23,20,AGTAATAGCATTTGCCGCTG,3,4300196
yadI_predicted,1.0476190476190477,41,20,AGGTCCAAACGATTCGCCAT,21,4319860
yadI_predicted,3.238095238095238,87,20,AGGGGTCTAATGTCCCGCGG,67,4285562
yadI_predicted,0.14285714285714285,22,20,AGGGGATCTCGTAAGACGGT,2,4317547
yadI_predicted,1.0952380952380953,42,20,AGCTATGCAACAGCACAATG,22,4284803
yadI_predicted,0.9047619047619048,38,20,AGCATCAAACTTGTCAACAC,18,4289759
yadI_predicted,1.6666666666666667,54,20,AGATCTTTCCCATAGTTGCT,34,4336678
yadI_predicted,2.1904761904761907,65,20,AGAGTTCAACGCGTGTGAAA,45,4313233
yadI_predicted,2.0,61,20,AGAGCAAAAGCCAATAACAA,41,4346319
yadI_predicted,0.2857142857142857,25,20,ACTTTGACGCGGTTAGAGGT,5,4306832
yadI_predicted,0.7142857142857143,34,20,ACTCTTAACGGCAACACAGC,14,4291639
yadI_predicted,1.4285714285714286,49,20,ACGTTCGTTACCACCTCTCA,29,4364423
yadI_predicted,0.7619047619047619,35,20,ACGCGGTGTCGAGGTTTAGA,15,4308965
yadI_predicted,0.09523809523809523,21,20,ACGATACTCACACGCGGAGG,1,4362514
yadI_predicted,0.6190476190476191,32,20,ACCGAAAGTCTGGGTGGTGA,12,4308473
yadI_predicted,0.9523809523809523,39,20,ACATCCCCTGGCCTTAGTTT,19,4348143
yadI_predicted,0.9523809523809523,39,20,ACAGTGAACGGATGCTTATT,19,4321599
yadI_predicted,0.7142857142857143,34,20,ACACCGTCGTTCTCAACGTA,14,4329003
yadI_predicted,0.6666666666666666,33,20,ACACCGGTATAATTTAATAA,13,4291605
yadI_predicted,0.9047619047619048,38,20,AATGCAGGTCAACGTATAGT,18,4368238
yadI_predicted,0.09523809523809523,21,20,AATCAGAGGTCATATTAAGA,1,4345502
yadI_predicted,0.09523809523809523,21,20,AATAGCGATCCTGAAGTCGC,1,4360100
yadI_predicted,2.142857142857143,64,20,AAGGAAAACAGTGGAATATC,44,4341600
yadI_predicted,0.7142857142857143,34,20,AAGCTGGGTACCATTGCGAT,14,4336611
yadI_predicted,1.4285714285714286,49,20,AACTCATAGTTCCTCCTGGC,29,4303507
yadI_predicted,0.2857142857142857,25,20,AACATCGGGAAGTTCCAAGG,5,4341669
yadI_predicted,0.5714285714285714,31,20,AAACGGATCTGCGCTTGCGA,11,4331010
yadI_predicted,1.2380952380952381,45,20,AAAAAGATTCGGGAGCGGAA,25,4342316
yadI_predicted,0.1,20,19,TTTTAACCACTAGGTTCAGT,1,4303110
yadI_predicted,0.1,20,19,TTTGGGCGTCGCAGCCTTCT,1,4307943
yadI_predicted,0.1,20,19,TTTACTGTTCAGATAGCCGG,1,4357815
yadI_predicted,0.35,25,19,TTGTCCGTGGACAACTCTTC,6,4286134
yadI_predicted,1.95,57,19,TTGGACAGCGTGCACAGCCA,38,4320596
yadI_predicted,1.35,45,19,TTGATGTACAGTAGTTGGCA,26,4355760
yadI_predicted,0.1,20,19,TTGATCCACCATAGTTCTCC,1,4340342
yadI_predicted,0.2,22,19,TTCCTATTCCACTAAACCTA,3,4330074
yadI_predicted,0.1,20,19,TTCATAGAAGATGCCTGACA,1,4297272
yadI_predicted,1.5,48,19,TTCAATCTGTGTATTTACGA,29,4355319
yadI_predicted,1.15,41,19,TTATCATGTCTTCAGAGCTT,22,4354111
yadI_predicted,0.1,20,19,TTATAGCATTATGCATTATT,1,4307441
yadI_predicted,0.65,31,19,TTACGGATTTAGAGTTGTTA,12,4321067
yadI_predicted,1.5,48,19,TTACATAATGCGAATGCTCT,29,4326550
yadI_predicted,0.5,28,19,TTACAATTTCTAGAGCATGA,9,4334666
yadI_predicted,0.4,26,19,TTAACAGTTGGCCTAACTAG,7,4296413
yadI_predicted,3.95,97,19,TTAAACGGATATCTTTGACT,78,4288221
yadI_predicted,0.8,34,19,TGTTGGACTATGTCCCCCTT,15,4352628
yadI_predicted,1.05,39,19,TGTGCAACTCATCACGTACT,20,4289595
yadI_predicted,0.55,29,19,TGTGAAGAGGTTCAGTCATT,10,4294937
yadI_predicted,0.1,20,19,TGTCTTACTCCTAGTAGACC,1,4366191
yadI_predicted,0.55,29,19,TGTAGCTTTTAAAGATTGAT,10,4329772
yadI_predicted,0.1,20,19,TGTAGACACGGCTATAGTGA,1,4317282
yadI_predicted,0.5,28,19,TGGGGCACCGCTGGGCGGCA,9,4312028
yadI_predicted,0.5,28,19,TGGGCCGGACTTGCTGTGTG,9,4348762
yadI_predicted,1.85,55,19,TGGCTACGAAGGCTATTTGA,36,4321886
yadI_predicted,0.1,20,19,TGCCCGTGTCTAAGAACTCA,1,4341237
yadI_predicted,0.9,36,19,TGATTTTTTGATTGTCACTT,17,4355528
yadI_predicted,1.4,46,19,TGAGATGTCGGCTGTAGGGA,27,4305706
yadI_predicted,0.7,32,19,TGAACCTCGCACCGAAGAAC,13,4355084
yadI_predicted,0.85,35,19,TCTTACTCCGCGACACTATA,16,4353704
yadI_predicted,0.7,32,19,TCTTAACATTCGCTCAGATG,13,4339577
yadI_predicted,1.0,38,19,TCTGGTGGTGTAAACGCGAA,19,4304378
yadI_predicted,0.7,32,19,TCTGCAGATATCAACGATCT,13,4364925
yadI_predicted,2.3,64,19,TCTGATTCTCCGGATTGAGC,45,4321432
yadI_predicted,2.65,71,19,TCGGGAAAGGCCAACTATTC,52,4294897
yadI_predicted,0.95,37,19,TCGGCCAATTCTCTTCTTGA,18,4358230
yadI_predicted,0.1,20,19,TCGAGTCAATTGACATTGGT,1,4295801
yadI_predicted,0.65,31,19,TCGAATTGTTCAACCATCCC,12,4336384
yadI_predicted,0.8,34,19,TCCATTCGCAAGCTTGAGCC,15,4321556
yadI_predicted,1.05,39,19,TCATGGTGTATAGGTCCAGG,20,4292213
yadI_predicted,1.3,44,19,TCAATTGCCGTGCGAAAACG,25,4362058
yadI_predicted,1.25,43,19,TCAACAATCTCCTTCTTAGA,24,4296086
yadI_predicted,1.3,44,19,TATCGGAGTAGAAGACACTA,25,4296601
yadI_predicted,1.45,47,19,TAGCACAGGTAGATCCGGTT,28,4362901
yadI_predicted,1.55,49,19,TAGAAGACTCTGCATAATCT,30,4368912
yadI_predicted,0.1,20,19,TACTTTGACAGTAGTGACAA,1,4301572
yadI_predicted,1.85,55,19,TACTCTTCCCCGTAGTTTGA,36,4320706
yadI_predicted,1.2,42,19,TACTCATAGTAGCGACCCGT,23,4320804
yadI_predicted,0.3,24,19,TACGAGTGAGTAGGCCGCGA,5,4318431
yadI_predicted,1.25,43,19,TAATGAATCAATCTAGCAGT,24,4295746
yadI_predicted,0.1,20,19,TAAGTTTTGTGGGCAAAATT,1,4314961
yadI_predicted,0.5,28,19,TAACAAGAATCCGTACACAC,9,4357115
yadI_predicted,1.05,39,19,TAAACGGGTACAGCGGCCAC,20,4337788
yadI_predicted,0.65,31,19,GTTGTGATCGGGTTGGAGCA,12,4324771
yadI_predicted,0.8,34,19,GTTCGGCCCGAATGACTGGA,15,4368008
yadI_predicted,1.45,47,19,GTTACGTGTTAGGTGCCCGT,28,4343156
yadI_predicted,4.0,98,19,GTGGTGCATGGGCGACTTCG,79,4365330
yadI_predicted,1.1,40,19,GTGGCTAACAGAGACCCTGC,21,4358078
yadI_predicted,0.8,34,19,GTGCTGTAGTACACCAAAAC,15,4296464
yadI_predicted,0.7,32,19,GTGCCTTAAAACTATGCTAT,13,4365390
yadI_predicted,0.45,27,19,GTGAGGACCTCAAACTTGAT,8,4318783
yadI_predicted,1.0,38,19,GTGACATGATTCGAGTCTAG,19,4311940
yadI_predicted,0.5,28,19,GTCTGGCGATACGTGAACTT,9,4298913
yadI_predicted,0.75,33,19,GTCCCTTCGCCTAGGAGCGT,14,4318551
yadI_predicted,0.4,26,19,GTCAGCGTCGGGTCGGCTTA,7,4298314
yadI_predicted,1.0,38,19,GTCAATGGCAGTATGAACAA,19,4360740
yadI_predicted,1.4,46,19,GTATTCATAAGAGCTCTGCG,27,4307640
yadI_predicted,0.6,30,19,GTAGGTTTTTTCCTGCCCAT,11,4315664
yadI_predicted,1.0,38,19,GTAAATATCCGCTTAACTGT,19,4352961
yadI_predicted,0.6,30,19,GGTTTCCTGTTAGTTGCCAA,11,4285846
yadI_predicted,2.4,66,19,GGTATATCACATGTTAACCT,47,4357874
yadI_predicted,0.1,20,19,GGTAACAGTCTATCTGTATG,1,4355691
yadI_predicted,0.6,30,19,GGGGCGGCGAGTAAAGGAAA,11,4360360
yadI_predicted,0.4,26,19,GGCTTGTTGCTCCTACTTCT,7,4328949
yadI_predicted,1.7,52,19,GGCGGTGAGCATGCTCGCCT,33,4346461
yadI_predicted,1.7,52,19,GGCCGCGCATCGGAAGGCTT,33,4335201
yadI_predicted,1.1,40,19,GGCCCATATCTCACTCACGA,21,4362178
yadI_predicted,0.45,27,19,GGAGTAAACAGGGGGCCGTG,8,4319951
yadI_predicted,0.35,25,19,GCTTTCGGAATATTCTATAG,6,4320705
yadI_predicted,1.0,38,19,GCTTCCCCTCAGTACCGCGA,19,4300853
yadI_predicted,0.15,21,19,GCTCCGCTCTCTTTTCGAGT,2,4355747
yadI_predicted,1.5,48,19,GCTCCCTTGGCTATAATCAC,29,4336157
yadI_predicted,0.2,22,19,GCTACATCGACATAGGACAG,3,4320783
yadI_predicted,0.3,24,19,GCGTCAAAGTAGACTGTTAG,5,4365846
yadI_predicted,0.1,20,19,GCGGGTGGGATAGCGGATAG,1,4340069
yadI_predicted,1.35,45,19,GCGCTTGTGGATTAGGTCAA,26,4321066
yadI_predicted,1.55,49,19,GCGAAAAGGGCACTGGCTAG,30,4319394
yadI_predicted,0.75,33,19,GCCGGGTTTCTCATGGAACA,14,4333139
yadI_predicted,0.1,20,19,GCCGGATCGCACTTCACGTC,1,4336315
yadI_predicted,0.35,25,19,GCCCGTACGCCTACCTCTTC,6,4305782
yadI_predicted,1.1,40,19,GCCAGGACCCGGCGCGGCGA,21,4301889
yadI_predicted,1.9,56,19,GCCAGATTGAACAGTTTGTG,37,4292389
yadI_predicted,0.35,25,19,GCACACCGGTGGGGCCGCAG,6,4304847
yadI_predicted,0.85,35,19,GCAATTAGCGACCCCAATTT,16,4331676
yadI_predicted,0.15,21,19,GCAACATGTTCCGGTCCGTA,2,4365909
yadI_predicted,0.2,22,19,GATTTCGCCATGGTTTTCTT,3,4285785
yadI_predicted,0.75,33,19,GATTCTTTAATACTTTCCAA,14,4316625
yadI_predicted,0.1,20,19,GATCGCGCCCTTTCGCAGTT,1,4342809
yadI_predicted,0.15,21,19,GATCACTCACTTAGACCAAT,2,4338767
yadI_predicted,0.7,32,19,GAGTTTCGAATGGTTGGCGA,13,4339756
yadI_predicted,0.65,31,19,GACTGGGACCCCCGCAGGTC,12,4305894
yadI_predicted,0.85,35,19,GACGCGCGCGACGTAGAGAA,16,4351954
yadI_predicted,0.3,24,19,CTTTAGTAGCTAACGGACCA,5,4344036
yadI_predicted,0.1,20,19,CTTGCGGGCTGGGACGTGGG,1,4360151
yadI_predicted,0.5,28,19,CTTACCTCGCGTGGGGCCCA,9,4302889
yadI_predicted,2.5,68,19,CTGGCTGCGTTGTGTAACAT,49,4294847
yadI_predicted,1.4,46,19,CTGCAGCGCTCGTCCGTTCG,27,4366436
yadI_predicted,0.3,24,19,CTGAAAAGTTTGGAATTTCA,5,4320157
yadI_predicted,1.35,45,19,CTCCAGCGCTCCGATTAGTC,26,4316711
yadI_predicted,0.5,28,19,CTATGACGTCGGGAAAAAAG,9,4292653
yadI_predicted,0.8,34,19,CTAGGGCGAGTGCTTCGTGA,15,4348753
yadI_predicted,0.2,22,19,CTAGCCTACAATCTAAAAGT,3,4291226
yadI_predicted,0.45,27,19,CTAGAGGGTGCTGTTCACAC,8,4341546
yadI_predicted,0.4,26,19,CTAAATTAACGAAAGTTCTG,7,4304489
yadI_predicted,1.55,49,19,CGTTCTCCCTTGTGGTGGTT,30,4330803
yadI_predicted,0.9,36,19,CGTACACCAATTGGTGGGTA,17,4368429
yadI_predicted,0.75,33,19,CGGTCGCGCTCCCCTTTACG,14,4306902
yadI_predicted,1.2,42,19,CGGGTGGTCAGTTTCAAATA,23,4295210
yadI_predicted,1.05,39,19,CGGAGGCAAGAGAACACTAA,20,4321613
yadI_predicted,0.75,33,19,CGCGGTTAAAGCCCGAATTA,14,4347829
yadI_predicted,0.4,26,19,CGCGAGCATCTGGTACTTCA,7,4294904
yadI_predicted,1.4,46,19,CGCCTCTATCTGTGTCCCTG,27,4356224
yadI_predicted,1.4,46,19,CGCCCGGAGGGGACTTTTCG,27,4324280
yadI_predicted,1.25,43,19,CGCAGTGGGGGCGATTGGGG,24,4370000
yadI_predicted,0.2,22,19,CGCAACCGCTCGAATATCAT,3,4313027
yadI_predicted,1.7,52,19,CGACTACGCAGGCACTGCTA,33,4345576
yadI_predicted,0.15,21,19,CCTTGAAGTGGTCAGACATC,2,4357308
yadI_predicted,0.35,25,19,CCTCCAGGGTCCTAGTCCTG,6,4351215
yadI_predicted,0.1,20,19,CCGTCTGGGTTGGCGATGCA,1,4320148
yadI_predicted,9.05,199,19,CCGGGGGTCGTTCAAGGGCT,180,4364912
yadI_predicted,1.95,57,19,CCGCCCGCTCTGAGTCCACA,38,4362350
yadI_predicted,0.8,34,19,CCCTCTAATGACTTCATTAC,15,4322540
yadI_predicted,0.7,32,19,CCCTATTCTGCACGCCTCCT,13,4317602
yadI_predicted,0.3,24,19,CCCCTCCATTAAGATATTAG,5,4335146
yadI_predicted,0.45,27,19,CCCCCGGGTACATTGCGCCA,8,4328286
yadI_predicted,1.4,46,19,CCCAGCAAGCGATCCTGTTT,27,4333858
yadI_predicted,1.3,44,19,CCAGTCTTCTGCGGTGTCTT,25,4292890
yadI_predicted,2.4,66,19,CCACTTGCTAGGTCTAGGAA,47,4333536
yadI_predicted,0.55,29,19,CCACAGGTTTGTTAGCGACA,10,4292475
yadI_predicted,0.8,34,19,CATTGTCATCAGACCATCGA,15,4339481
yadI_predicted,0.7,32,19,CATTAAAATTAAAGAAGTCT,13,4329758
yadI_predicted,0.8,34,19,CATGGTTGCCAGACATAGTA,15,4305454
yadI_predicted,1.2,42,19,CATGACTTCGAAACAGGAAT,23,4319495
yadI_predicted,0.1,20,19,CATCCCTAAGCTGCGCCCTG,1,4301473
yadI_predicted,0.85,35,19,CAGGTGACCAATGGTATGGA,16,4345564
yadI_predicted,0.1,20,19,CAGGGCCTTTCCGGACTTTA,1,4336001
yadI_predicted,1.1,40,19,CAGCTCACAGGGTTACAACG,21,4306575
yadI_predicted,1.7,52,19,CACTTTAAAATGCAGATTAT,33,4348379
yadI_predicted,0.1,20,19,CACGTTCAAGTCTAAGACCA,1,4363678
yadI_predicted,1.3,44,19,CACGCACGAAGGCACAGGGA,25,4289915
yadI_predicted,0.5,28,19,CAAGAGTGAACCACCAAATG,9,4333189
yadI_predicted,0.1,20,19,CAACCGTCGGGTACTGTACT,1,4285036
yadI_predicted,0.9,36,19,CAACCAGTCTCTCGGATAAT,17,4361305
yadI_predicted,0.1,20,19,CAAAAGCCGCCGTAGAGTAA,1,4323544
yadI_predicted,0.75,33,19,ATTGAGCGACCTCGGCTTCC,14,4351406
yadI_predicted,0.1,20,19,ATTGAGATACGAGTTCGCTA,1,4309773
yadI_predicted,1.55,49,19,ATGTCACTTTCCTTACGGAT,30,4286799
yadI_predicted,0.8,34,19,ATGGGCTCCTACTCGATTAA,15,4330951
yadI_predicted,0.15,21,19,ATGGCCCTTGGTGCTCCGAG,2,4353564
yadI_predicted,0.45,27,19,ATGCAGTGTCTTTCAGGGTA,8,4347865
yadI_predicted,1.35,45,19,ATCTCTGAATATTGGCGAGC,26,4331085
yadI_predicted,0.25,23,19,ATCTCTCAGGTATGTGGTTC,4,4343669
yadI_predicted,2.4,66,19,ATCCGCCAGTCCATGGCCAG,47,4327521
yadI_predicted,0.1,20,19,ATCAGAGGTGGCAGGATATG,1,4297760
yadI_predicted,1.4,46,19,ATAGGAAGACAGATGGCTGT,27,4325511
yadI_predicted,2.05,59,19,ATAGATTGAAAAAGGGGGAA,40,4364002
yadI_predicted,2.1,60,19,AGTGGTAAGAGAATATGTTT,41,4366529
yadI_predicted,0.35,25,19,AGTAGGCAGCATCTCCCCGC,6,4341777
yadI_predicted,1.05,39,19,AGGTCATGAACGAACGTCGG,20,4345199
yadI_predicted,1.1,40,19,AGGTAAGGTACTGCCTCGAG,21,4342365
yadI_predicted,0.1,20,19,AGGGTCTAAGGTAGTAGTCC,1,4325882
yadI_predicted,1.0,38,19,AGGGTAGCACACCCCGGAAC,19,4285503
yadI_predicted,0.55,29,19,AGGCCTTTTAAGATAAACTC,10,4326872
yadI_predicted,1.55,49,19,AGGATTTCATATTTCATGAG,30,4369287
yadI_predicted,0.95,37,19,AGCATGAATCCAATGGGGGT,18,4338160
yadI_predicted,1.25,43,19,AGCATCTTCGGGGGATCTGA,24,4328628
yadI_predicted,0.1,20,19,AGCAGGGTGACGACGATCCA,1,4332877
yadI_predicted,1.65,51,19,AGCAGGGGAAACAGCGTTCA,32,4317442
yadI_predicted,1.3,44,19,AGATTCCGTATGTCCCTTTG,25,4288546
yadI_predicted,0.65,31,19,AGATGGGATGTCAACCTCTG,12,4342509
yadI_predicted,1.15,41,19,AGATCCCGCCCTTGAACCAG,22,4285781
yadI_predicted,0.45,27,19,AGAGTGCGGCTGGCGGGGAA,8,4310906
yadI_predicted,0.35,25,19,AGACCCCCCAGGTCACGATA,6,4354137
yadI_predicted,0.15,21,19,ACTGGCGACCCAGCTGCAAC,2,4308159
yadI_predicted,1.2,42,19,ACTAAGAGTGGTTTCTTTCT,23,4319427
yadI_predicted,2.45,67,19,ACGTCGATCATGACAGTTTC,48,4310540
yadI_predicted,0.95,37,19,ACGTAACAATATGAGTTCGA,18,4304857
yadI_predicted,0.1,20,19,ACGCTAACGGGTTTCCATCA,1,4332392
yadI_predicted,0.2,22,19,ACGAGCGAGGTGCGGACCAT,3,4304376
yadI_predicted,2.4,66,19,ACCGTATGTCAAGTTGGCCT,47,4307356
yadI_predicted,0.3,24,19,ACCGTAAAATATGAACACTT,5,4351402
yadI_predicted,0.5,28,19,ACCGCGCCCCACAATGCAAT,9,4360624
yadI_predicted,0.45,27,19,ACCCTTTTTTTGTTCATGAC,8,4345124
yadI_predicted,0.6,30,19,ACATTGAGGCCTTTGATTCA,11,4365171
yadI_predicted,0.45,27,19,ACATGGCCGGCAATCTTGCA,8,4339575
yadI_predicted,1.1,40,19,ACATCCGGTGTTGGTTGAGA,21,4333280
yadI_predicted,0.95,37,19,ACAGTTTTTGTTCGGATCCC,18,4363674
yadI_predicted,0.85,35,19,ACACCGAGTGCTACACGGGA,16,4342327
yadI_predicted,1.85,55,19,ACAAGGTCCAATACCCGTAA,36,4355795
yadI_predicted,2.4,66,19,ACAACAGCTTGCTTTCGAAT,47,4287870
yadI_predicted,0.1,20,19,AATTCACAAACGAGTTTAGG,1,4290900
yadI_predicted,0.15,21,19,AATCGTTTGCAGTTAGATAG,2,4295944
yadI_predicted,0.2,22,19,AAGTTACTTCGGGGGGGGAG,3,4361192
yadI_predicted,0.45,27,19,AAGTATACGAGGTAGTCCAA,8,4344909
yadI_predicted,0.1,20,19,AAGGGTAAGTACGCTAGTCT,1,4313614
yadI_predicted,1.4,46,19,AAGACTGGCCAGATTCTAGT,27,4347614
yadI_predicted,0.6,30,19,AAGACACGGTGAATTTTGTA,11,4364819
yadI_predicted,1.2,42,19,AACTTTGACTCTAACTGTGT,23,4324503
yadI_predicted,0.35,25,19,AACTCCTCCTTGGCACTGTT,6,4346159
yadI_predicted,0.75,33,19,AAATTCGTGGGTAGTACCTC,14,4296602
yadI_predicted,0.85,35,19,AAATGGAGAGAACGTGCGCT,16,4348880
yadI_predicted,0.15,21,19,AAACGATGTTCTTCGACGAG,2,4336272
yadI_predicted,1.1578947368421053,39,18,TTTTTCGGCTTATTCGACAT,21,4323878
yadI_predicted,0.6842105263157895,30,18,TTTGGCTAGTCTATTAAAGG,12,4334413
yadI_predicted,0.3157894736842105,23,18,TTTATCTTCGGCCACAACGA,5,4333868
yadI_predicted,1.105263157894737,38,18,TTGTTAGCAAAAATAAACGA,20,4318201
yadI_predicted,0.5263157894736842,27,18,TTGGTTCATAGCCTACTTGT,9,4294564
yadI_predicted,2.1578947368421053,58,18,TTGGGCGGCTTAAACTTTGT,40,4362625
yadI_predicted,1.3157894736842106,42,18,TTGCGACCGGGTATTCAAAA,24,4356698
yadI_predicted,1.0,36,18,TTCCATACTACCGGAAAGGA,18,4292379
yadI_predicted,0.10526315789473684,19,18,TTCCACCGACCAAGCGTGGC,1,4289184
yadI_predicted,1.0526315789473684,37,18,TTAGGCATGGGCCGTATGTT,19,4285094
yadI_predicted,3.210526315789474,78,18,TTAGGAACTTCAGTTTCCTC,60,4297284
yadI_predicted,1.0,36,18,TTACGGGAAAATGTGCTTTG,18,4321499
yadI_predicted,0.21052631578947367,21,18,TTACGGATACCCATCGTCTC,3,4304962
yadI_predicted,2.0526315789473686,56,18,TTACCGAGGATCTCCCTACC,38,4357811
yadI_predicted,0.21052631578947367,21,18,TTAATAATCATCCCAGATAA,3,4369472
yadI_predicted,0.8947368421052632,34,18,TTAAACAGGGCAACGTTTGC,16,4285953
yadI_predicted,0.47368421052631576,26,18,TGTGCGTGAGCAAACAATGT,8,4362412
yadI_predicted,0.15789473684210525,20,18,TGTCCGCGCCATAAGGATAC,2,4339456
yadI_predicted,0.10526315789473684,19,18,TGGTAGATACAAAAGGCGGT,1,4289902
yadI_predicted,1.0526315789473684,37,18,TGGGAGGGCTCGTAACCTGA,19,4313015
yadI_predicted,1.105263157894737,38,18,TGGCCTTAGGTAGAAACCAA,20,4298874
yadI_predicted,1.368421052631579,43,18,TGGCCCGCCCGTTCTATGTG,25,4343886
yadI_predicted,0.7894736842105263,32,18,TGGATGCGTCGCCAAAAAGT,14,4310547
yadI_predicted,0.5263157894736842,27,18,TGGATCACATGCAGCCAACA,9,4310648
yadI_predicted,0.15789473684210525,20,18,TGAGACTTTTTCGAGGTTAG,2,4341283
yadI_predicted,0.3684210526315789,24,18,TGACCTGAATAGACGCTCTT,6,4307908
yadI_predicted,0.10526315789473684,19,18,TCTCCCCTCGGGTGATTTTT,1,4345233
yadI_predicted,0.42105263157894735,25,18,TCTCAGCGACAAGACCTCGA,7,4304545
yadI_predicted,1.6842105263157894,49,18,TCTATTTTTTATGCTCCGGG,31,4297365
yadI_predicted,0.15789473684210525,20,18,TCGTACATTGGGTACTGCTT,2,4290395
yadI_predicted,1.6842105263157894,49,18,TCGGTTCGATTTGCCGTTGG,31,4303219
yadI_predicted,0.9473684210526315,35,18,TCGGGGTTAGTACTCGTTAT,17,4351294
yadI_predicted,0.8947368421052632,34,18,TCCGAAATAACCCGCGCCAA,16,4362207
yadI_predicted,0.3157894736842105,23,18,TCATGCTGTCCTAGCTCGAT,5,4307860
yadI_predicted,0.15789473684210525,20,18,TCAGGTTGAGGTAAGTATCT,2,4339695
yadI_predicted,0.7368421052631579,31,18,TCAATAGTACACAGATTGTT,13,4318899
yadI_predicted,1.4210526315789473,44,18,TATTTTACAGCACCACGAGA,26,4285915
yadI_predicted,0.8947368421052632,34,18,TATGGCGCCGTCGAGGGGCT,16,4286033
yadI_predicted,1.631578947368421,48,18,TATGCTCCTCAGCAGGCAAA,30,4331965
yadI_predicted,1.0,36,18,TATAACTCAGGCTCCTCCAT,18,4293493
yadI_predicted,0.6842105263157895,30,18,TAGAGGCCTTGAGCGAAGCC,12,4367606
yadI_predicted,2.736842105263158,69,18,TAATATTATAGCGTACCAAT,51,4285091
yadI_predicted,0.7894736842105263,32,18,TAAGTGGGAAAATCGGTCCA,14,4294669
yadI_predicted,1.1578947368421053,39,18,TAACTGTGAGAGTGATATAG,21,4330116
yadI_predicted,0.2631578947368421,22,18,TAACACTACCGAGCTAGGCA,4,4345835
yadI_predicted,1.368421052631579,43,18,TAACAATTTGTCGTGACGTT,25,4288553
yadI_predicted,1.263157894736842,41,18,GTTTTCGATGTCTAGATTAT,23,4325866
yadI_predicted,1.2105263157894737,40,18,GTTTGTTAGCACAGCGCTAC,22,4363216
yadI_predicted,0.8421052631578947,33,18,GTTTGTCAGTGATTACGTTG,15,4296797
yadI_predicted,1.0526315789473684,37,18,GTTGCGATGGAACGATGTGG,19,4343195
yadI_predicted,0.15789473684210525,20,18,GTGTGACACCAACTTATCCT,2,4347270
yadI_predicted,0.21052631578947367,21,18,GTGGTCCGTATGAGCCGCAG,3,4348977
yadI_predicted,0.3684210526315789,24,18,GTGGGATTTGTAACGCTAGA,6,4356810
yadI_predicted,0.7894736842105263,32,18,GTGATGGGCCTGAATGTTCT,14,4331804
yadI_predicted,1.4210526315789473,44,18,GTCCCACTGAGTTGCTAACT,26,4366520
yadI_predicted,1.0,36,18,GTCACAATTCAAATTACCGG,18,4344736
yadI_predicted,3.736842105263158,88,18,GTATTGCGATTTGGAACCCT,70,4329685
yadI_predicted,1.7894736842105263,51,18,GTATGCCCCGTGGCTTTGAA,33,4355925
yadI_predicted,1.8421052631578947,52,18,GTACACCCGTGTATTCGCGC,34,4360635
yadI_predicted,0.8947368421052632,34,18,GTAACGGCGTAAGTCTTGTC,16,4291984
yadI_predicted,2.263157894736842,60,18,GTAAAGGGGTATGCTCATTT,42,4337927
yadI_predicted,0.10526315789473684,19,18,GGTTCGCCTACATAAAAGCC,1,4306246
yadI_predicted,1.4736842105263157,45,18,GGTTAATCCATTGCGCACGG,27,4287452
yadI_predicted,1.4210526315789473,44,18,GGTGTAGATTTTCCCCTTAG,26,4338835
yadI_predicted,0.9473684210526315,35,18,GGTAGCAAAAAACGCTTCGG,17,4288434
yadI_predicted,1.0,36,18,GGGGATTAAGTAATGGCTAA,18,4312492
yadI_predicted,1.5789473684210527,47,18,GGGATTCCTAAACCCAGTGC,29,4347023
yadI_predicted,0.5789473684210527,28,18,GGCTACCTTTGATTTGCATT,10,4319227
yadI_predicted,2.473684210526316,64,18,GGCCGTATTTTCCTTGGATA,46,4353746
yadI_predicted,1.0,36,18,GGCAGAATGCTAAATAAGTT,18,4306501
yadI_predicted,1.631578947368421,48,18,GGCACTGAGGTCTTAGTTAA,30,4335061
yadI_predicted,0.5789473684210527,28,18,GGATTACAGTCTAGCTTTGC,10,4368496
yadI_predicted,1.4210526315789473,44,18,GGACGGCAGTGTACCGTTTG,26,4352182
yadI_predicted,0.7894736842105263,32,18,GGAATAAACTTGTTAGCAAC,14,4346311
yadI_predicted,1.5789473684210527,47,18,GGAAATAGTGTCCCTCAACT,29,4307442
yadI_predicted,1.3157894736842106,42,18,GCGGGGATCGACGTGATTTA,24,4335537
yadI_predicted,0.21052631578947367,21,18,GCCGGACCAGTGTGTAACCC,3,4307997
yadI_predicted,0.3684210526315789,24,18,GCCGCCTGAATGTAACGGAG,6,4351259
yadI_predicted,0.2631578947368421,22,18,GCATCTTTGAATATTCATTG,4,4356907
yadI_predicted,2.3157894736842106,61,18,GCAAATGGCATCCGGCATCA,43,4297036
yadI_predicted,0.10526315789473684,19,18,GAGTGGCGAAAATAAGCCTG,1,4335772
yadI_predicted,2.6842105263157894,68,18,GAGGTACTGTACGTAGGGCT,50,4341949
yadI_predicted,0.21052631578947367,21,18,GAGGACTACCTCACTTCAGA,3,4297635
yadI_predicted,0.15789473684210525,20,18,GACTAGAGAGGAGCCAAGAA,2,4292810
yadI_predicted,0.10526315789473684,19,18,GACGAAACTCACCATACCTA,1,4343845
yadI_predicted,2.0526315789473686,56,18,GAATGGATAATGTTCATCAT,38,4339027
yadI_predicted,1.736842105263158,50,18,GAAGTCGGGAAGCACCTTGT,32,4314237
yadI_predicted,1.105263157894737,38,18,GAAGCCCTAGATTCTAGCCG,20,4324246
yadI_predicted,1.9473684210526316,54,18,GAACTCTTCAAATTGGTACT,36,4313886
yadI_predicted,1.368421052631579,43,18,GAACGAAAGCTTTGTTCACT,25,4365090
yadI_predicted,0.10526315789473684,19,18,CTTTGGTCCATAAGCGACTT,1,4303408
yadI_predicted,1.4736842105263157,45,18,CTTGCGCATGGATTCAGCCG,27,4354773
yadI_predicted,2.4210526315789473,63,18,CTTCCCCTCGACCTTACTAT,45,4309361
yadI_predicted,1.5789473684210527,47,18,CTTCATTAGAGGCCGTTTCC,29,4285447
yadI_predicted,1.105263157894737,38,18,CTGTTCACTGCACCTGGACA,20,4315304
yadI_predicted,1.263157894736842,41,18,CTGGAAACGTTCCGTTCATA,23,4320551
yadI_predicted,0.10526315789473684,19,18,CTGCATGGGATCCTCTAGTT,1,4298126
yadI_predicted,0.2631578947368421,22,18,CTATTATGTTCCGGTTAGAG,4,4334999
yadI_predicted,0.10526315789473684,19,18,CTAGTTGGCGGTCCATTTTA,1,4323048
yadI_predicted,2.1052631578947367,57,18,CTAATGTCCGCTACATTATG,39,4350421
yadI_predicted,0.7894736842105263,32,18,CTAATCGATATACTGTTACG,14,4361839
yadI_predicted,0.8421052631578947,33,18,CGTAGTCACCTCATGATCAC,15,4285582
yadI_predicted,1.0526315789473684,37,18,CGGCGATTCTAAGTAACACT,19,4334523
yadI_predicted,0.10526315789473684,19,18,CGGCAAGTTCAGTGCTTACG,1,4350195
yadI_predicted,0.10526315789473684,19,18,CGGAGGTTCCGCGGTGGCGA,1,4353481
yadI_predicted,2.210526315789474,59,18,CGGACCCGGCTTTGGCATAC,41,4351157
yadI_predicted,1.5789473684210527,47,18,CGCGACGTACAAGACGCCGC,29,4325991
yadI_predicted,1.2105263157894737,40,18,CGATCTACCTCAGGAATGAT,22,4329589
yadI_predicted,0.9473684210526315,35,18,CGATAGGGAGCCGGTCCTGA,17,4314118
yadI_predicted,0.7894736842105263,32,18,CGAGCCTATCTGGACAGCAG,14,4341668
yadI_predicted,0.7368421052631579,31,18,CCTGATAAGTAGGGACAACA,13,4313475
yadI_predicted,0.42105263157894735,25,18,CCGGGGGTACGACTGTCTGA,7,4295496
yadI_predicted,1.0,36,18,CCGGAGTTGCGTGAGGGATT,18,4346715
yadI_predicted,0.7368421052631579,31,18,CCGCCAGAGGTATGCCGCAA,13,4331811
yadI_predicted,10.0,207,18,CCGATATCTACGTCGCGCGG,189,4369871
yadI_predicted,0.6842105263157895,30,18,CCCTGACCACAAGAGGACCT,12,4340309
yadI_predicted,0.10526315789473684,19,18,CCCGTTTCGATCGTGAAGTA,1,4306738
yadI_predicted,2.0,55,18,CCCATTCGTCCGGGGACGTG,37,4324051
yadI_predicted,0.21052631578947367,21,18,CCATCGGACATCTCTGGCAG,3,4310308
yadI_predicted,2.6842105263157894,68,18,CCAAGTTGTTATCCATCTAA,50,4331979
yadI_predicted,1.0526315789473684,37,18,CATTAGAACGGATGACCGTG,19,4338422
yadI_predicted,0.8421052631578947,33,18,CATGATCACGTCTAGATACG,15,4328914
yadI_predicted,0.7368421052631579,31,18,CATCCCGCAGGTTATTGCTG,13,4349483
yadI_predicted,0.8947368421052632,34,18,CATAGCATGCTACCATGGGA,16,4287709
yadI_predicted,1.4210526315789473,44,18,CATACGTTTTACATGTACAA,26,4311535
yadI_predicted,0.10526315789473684,19,18,CAGTAGGCTGCGGTCCACTA,1,4300549
yadI_predicted,2.526315789473684,65,18,CAGCAGTTATCGAGCAAGGC,47,4287992
yadI_predicted,0.3157894736842105,23,18,CAGATTTTGCGTCCGGTTAT,5,4309008
yadI_predicted,0.7368421052631579,31,18,CACTTTAGAGTGCTGGATCG,13,4356953
yadI_predicted,0.3684210526315789,24,18,CACTTACTGATGGTCGCGTT,6,4349511
yadI_predicted,0.2631578947368421,22,18,CACGTAATCGGTTCCAGATA,4,4314657
yadI_predicted,1.0526315789473684,37,18,CACATCGGGGGCGTTAATCA,19,4289426
yadI_predicted,0.6842105263157895,30,18,CAATTGGACGAGGGCCACAA,12,4349770
yadI_predicted,0.5263157894736842,27,18,CAAAGCAAGATCGTAGTTCG,9,4343743
yadI_predicted,2.9473684210526314,73,18,ATTCGGTCATGTCTTCTCAA,55,4301882
yadI_predicted,1.0,36,18,ATGTTGCTACTAATGAGTCG,18,4325404
yadI_predicted,0.3684210526315789,24,18,ATGGGGTTCTGTGGTTGATC,6,4308580
yadI_predicted,1.4210526315789473,44,18,ATGGAAGAGGTGTCAACCCC,26,4302590
yadI_predicted,0.8421052631578947,33,18,ATGCTATTCCGGTAATTTCA,15,4299543
yadI_predicted,0.10526315789473684,19,18,ATCTCCGGAAAAGTCCCTAC,1,4306505
yadI_predicted,1.5263157894736843,46,18,ATCGTGCAGGTGCGCCTCGA,28,4364699
yadI_predicted,0.10526315789473684,19,18,ATCCTGGACAACCAGATTTA,1,4333891
yadI_predicted,0.10526315789473684,19,18,ATCCCCAAATTGATGGGCTC,1,4353076
yadI_predicted,0.10526315789473684,19,18,ATCCATTAAGCCTCATAGTT,1,4317319
yadI_predicted,0.42105263157894735,25,18,AGTGTATACGACCTGAGGAC,7,4300566
yadI_predicted,1.3157894736842106,42,18,AGTGATTCTTACTTCAGGTC,24,4335014
yadI_predicted,0.15789473684210525,20,18,AGTAGTCCACCAACTGTCTA,2,4346521
yadI_predicted,1.894736842105263,53,18,AGTAACCTATTACCAGTAAA,35,4313801
yadI_predicted,0.8421052631578947,33,18,AGGCGTCCTTTTATACAGGT,15,4304039
yadI_predicted,1.4736842105263157,45,18,AGCTGCGTATTTAGTCAGCT,27,4369130
yadI_predicted,0.15789473684210525,20,18,AGCTGCCTATCACGTTTTTA,2,4286514
yadI_predicted,0.10526315789473684,19,18,AGCTCCGCGCCGAGCAATTA,1,4341110
yadI_predicted,0.5263157894736842,27,18,AGCGGCGCACAAACGTAACC,9,4304042
yadI_predicted,0.7894736842105263,32,18,AGCAGTGTAGGTAGTCTTTA,14,4306239
yadI_predicted,1.263157894736842,41,18,AGATACACGCAGATCCATCA,23,4321990
yadI_predicted,0.5263157894736842,27,18,AGAGAAAGTATATATTTTGA,9,4307542
yadI_predicted,0.15789473684210525,20,18,ACTTGCCCGCACTGTCTGAC,2,4297581
yadI_predicted,1.3157894736842106,42,18,ACTTACGTTCGATGCGCTTG,24,4360525
yadI_predicted,0.5263157894736842,27,18,ACTGGGTACATCTGGACAGG,9,4334646
yadI_predicted,2.526315789473684,65,18,ACTGCCATCGAACGACCGGC,47,4292859
yadI_predicted,0.5263157894736842,27,18,ACGTTACTCTGTTGTCAGTA,9,4306964
yadI_predicted,0.8421052631578947,33,18,ACGATTTGCCATTCGAAATA,15,4358974
yadI_predicted,0.8947368421052632,34,18,ACCTATGCTCTCACAATATA,16,4348831
yadI_predicted,0.21052631578947367,21,18,ACCGATTTCGTCGCACGCTG,3,4318011
yadI_predicted,0.47368421052631576,26,18,ACCCGTATGGCTACCGCCTT,8,4322762
yadI_predicted,1.0,36,18,ACATGTGTAAAGTGCGACCT,18,4291293
yadI_predicted,1.105263157894737,38,18,AATGCCAACAGACCGGAAGG,20,4312823
yadI_predicted,0.3157894736842105,23,18,AATGAGTGATAGTCCGTTAC,5,4334943
yadI_predicted,0.21052631578947367,21,18,AATCTGGGTAGGATGTTCAT,3,4312648
yadI_predicted,0.5263157894736842,27,18,AATCTATTGCCGGGAAAAAA,9,4300781
yadI_predicted,1.6842105263157894,49,18,AATAGTGAGAACAGTTGTAG,31,4309052
yadI_predicted,0.9473684210526315,35,18,AATAACGCACAGGCGGGTGA,17,4369117
yadI_predicted,0.7894736842105263,32,18,AAGGCCTGGGCCTCCACCCA,14,4304520
yadI_predicted,2.4210526315789473,63,18,AAGAGTACGCGAATGACATA,45,4342306
yadI_predicted,1.5263157894736843,46,18,AAGACGGCAATTCGCTGTAG,28,4308589
yadI_predicted,0.5263157894736842,27,18,AAGACACATAAGAGTGTGAC,9,4317828
yadI_predicted,0.5789473684210527,28,18,AACGTTTGAAGGCAGTTACG,10,4308302
yadI_predicted,1.0,36,18,AACGAAGCATACTATGAGGC,18,4356839
yadI_predicted,0.7368421052631579,31,18,AACCCGTCACCCGTGCTGAT,13,4357720
yadI_predicted,2.473684210526316,64,18,AACCACGTACGTCTGGGAAG,46,4294729
yadI_predicted,0.8421052631578947,33,18,AACATTACCGCGAGAAAATG,15,4351590
yadI_predicted,1.9473684210526316,54,18,AACACAGGTGCGTAAATCTA,36,4321497
yadI_predicted,0.9473684210526315,35,18,AACAATTCTAATTTTAAGCA,17,4294453
yadI_predicted,0.21052631578947367,21,18,AAATCTGGACGCAGCGGGTG,3,4365008
yadI_predicted,0.3684210526315789,24,18,AAATCGTCGGTGCTCGGGCT,6,4284236
yadI_predicted,0.631578947368421,29,18,AAAGTTGAGAAAGCTTCCAT,11,4357493
yadI_predicted,1.263157894736842,41,18,AAAGTAATCTGGCCCTATCC,23,4333457
yadI_predicted,0.8947368421052632,34,18,AAAGATGAGAGAGTACTAAA,16,4354658
yadI_predicted,1.368421052631579,43,18,AAACCGCGCCTCTAATCTAA,25,4309935
yadI_predicted,1.2222222222222223,38,17,TTTTCAGTCGCGCAATAACT,21,4310185
yadI_predicted,0.7777777777777778,30,17,TTTTAAGATAAGCAAGTAAT,13,4301826
yadI_predicted,0.1111111111111111,18,17,TTTCTAGGATCACAGGGTCT,1,4360931
yadI_predicted,1.8888888888888888,50,17,TTTAGCAGGATCGGTACCAT,33,4348007
yadI_predicted,0.3888888888888889,23,17,TTTAGACGCCATACTCTTAA,6,4307559
yadI_predicted,1.1666666666666667,37,17,TTTAGACCGCTCAGTGCGAT,20,4293952
yadI_predicted,0.5,25,17,TTGTAGCGTCCCGTAAATAA,8,4346425
yadI_predicted,0.9444444444444444,33,17,TTGGTTCGAATGGCCCGTAG,16,4320279
yadI_predicted,0.9444444444444444,33,17,TTGCCAAGTAGTAAGGTCAG,16,4324238
yadI_predicted,0.5555555555555556,26,17,TTGATTCCCTGCGTTACCTT,9,4358262
yadI_predicted,0.5555555555555556,26,17,TTCGTCCGCCATTTCGCCGA,9,4353713
yadI_predicted,1.3888888888888888,41,17,TGTCGATATCCAGTAATGAA,24,4344818
yadI_predicted,0.1111111111111111,18,17,TGGCGGTACTCGAACGCATC,1,4302470
yadI_predicted,0.3888888888888889,23,17,TGGAGAAGTAATTAAAACAA,6,4355908
yadI_predicted,0.5,25,17,TGCTTATCCACGCTGATGCG,8,4331193
yadI_predicted,0.1111111111111111,18,17,TGCTAACTACAAGAGATTGA,1,4364693
yadI_predicted,2.5555555555555554,62,17,TGCAGATGTCATAGAAGTTA,45,4330645
yadI_predicted,1.5555555555555556,44,17,TGATTCCCAAAACAGTGATC,27,4333083
yadI_predicted,0.3888888888888889,23,17,TGAGGTGCCGCTAATCTAGC,6,4346626
yadI_predicted,1.0555555555555556,35,17,TGACCCTTGATTCAGAGGAT,18,4335784
yadI_predicted,1.4444444444444444,42,17,TGACATGCGAGGAGGGCGGC,25,4354723
yadI_predicted,0.9444444444444444,33,17,TCTTCCAAGCGACATCGTTA,16,4306316
yadI_predicted,0.16666666666666666,19,17,TCTTCATAGGGATTAATAGA,2,4293973
yadI_predicted,0.2222222222222222,20,17,TCTTATCTTAGACGGTGAGT,3,4329918
yadI_predicted,1.6111111111111112,45,17,TCTGAAGAGCCTCGCAAGCG,28,4310585
yadI_predicted,0.1111111111111111,18,17,TCTCTGGGATCTTCTCGCGC,1,4334321
yadI_predicted,0.2222222222222222,20,17,TCTCCGCGCAGTAATCTGGT,3,4288181
yadI_predicted,3.1666666666666665,73,17,TCTACTCTATAGCATTTGAC,56,4366681
yadI_predicted,1.7222222222222223,47,17,TCGGCTAAATCTCATTGGAA,30,4366718
yadI_predicted,0.8888888888888888,32,17,TCGCGACACTTTGAGCTTAA,15,4342478
yadI_predicted,1.0555555555555556,35,17,TCGAGTTCTCATAGTGGCGG,18,4310515
yadI_predicted,0.6666666666666666,28,17,TCCTATCTCTCGGTCCCAAG,11,4347363
yadI_predicted,1.0555555555555556,35,17,TCCGTTCCCAATCGCCAAGG,18,4296787
yadI_predicted,0.5555555555555556,26,17,TCCAGCCACACTCCTGCGTC,9,4346935
yadI_predicted,0.16666666666666666,19,17,TCATGGACTTTGTCATTTGT,2,4292301
yadI_predicted,0.8333333333333334,31,17,TCAGCCCAGTACGCCCACAT,14,4355756
yadI_predicted,2.0,52,17,TCAAGTTTAGTTAGGCAAGG,35,4289805
yadI_predicted,0.1111111111111111,18,17,TCAAGTCATCGTACACATGG,1,4364009
yadI_predicted,0.6111111111111112,27,17,TCAAGGTACTACACCAGGGA,10,4286177
yadI_predicted,0.6111111111111112,27,17,TCAAGCCAATATATGAGCGA,10,4338255
yadI_predicted,3.6666666666666665,82,17,TATTGATGTTAGTGTATCTA,65,4352190
yadI_predicted,3.3333333333333335,76,17,TATGCGGGTGAAATTTGGTG,59,4351955
yadI_predicted,0.9444444444444444,33,17,TATACGGTCCGAATTCATGA,16,4295422
yadI_predicted,0.1111111111111111,18,17,TAGTAGAGCCCTAGTTCCGT,1,4296950
yadI_predicted,0.7222222222222222,29,17,TAGGTGGTTGCGCGCGCGAC,12,4354341
yadI_predicted,0.8333333333333334,31,17,TAGCAACCCGGTCGGGGTTT,14,4363137
yadI_predicted,4.222222222222222,92,17,TAGCAAACTCCAGCCATCAT,75,4326824
yadI_predicted,0.5555555555555556,26,17,TAGAGTTAACCTCCATCCTG,9,4343497
yadI_predicted,1.5,43,17,TACTGCCGAGCTGGGCTCGC,26,4314358
yadI_predicted,0.4444444444444444,24,17,TACGTGAGCGGCCCTCCCAG,7,4297692
yadI_predicted,1.9444444444444444,51,17,TACGTCGGGTCGTACTGGTC,34,4322036
yadI_predicted,0.1111111111111111,18,17,TACGCCGAAATAAGTACGTC,1,4298301
yadI_predicted,0.9444444444444444,33,17,TACCAGCGGATAAGGCCAGC,16,4306036
yadI_predicted,0.1111111111111111,18,17,TACCAAAACGTTGAAGAGCA,1,4310590
yadI_predicted,0.2777777777777778,21,17,TAATTGTCATTTTAGCCTCT,4,4340005
yadI_predicted,0.3333333333333333,22,17,TAAGCGTAGGCACGATCACT,5,4314967
yadI_predicted,0.1111111111111111,18,17,TAACGTTAATATTCGAGTGA,1,4359186
yadI_predicted,0.8333333333333334,31,17,TAACGCGTTACAGACCCGGA,14,4292309
yadI_predicted,1.1111111111111112,36,17,TAACACTCATCCCGGTCTAT,19,4340746
yadI_predicted,0.2777777777777778,21,17,TAAACACATTCGAGCTCCCG,4,4300384
yadI_predicted,1.5,43,17,GTTGTATGGTGAGGAGTGAG,26,4292094
yadI_predicted,1.1111111111111112,36,17,GTTGATTAGTCTATCAGGGA,19,4289455
yadI_predicted,0.6111111111111112,27,17,GTTCCGTTAATACACTAATA,10,4300512
yadI_predicted,1.1111111111111112,36,17,GTTATATCCGCGTACTCCCC,19,4311395
yadI_predicted,1.1111111111111112,36,17,GTGTGACGGCTAGATACCTG,19,4326829
yadI_predicted,0.1111111111111111,18,17,GTGCGTTAATACCTGACACT,1,4309470
yadI_predicted,1.5,43,17,GTCTATACAGAAATTTCTTT,26,4346276
yadI_predicted,1.3888888888888888,41,17,GTCTACTGTTGCTCTGAGAT,24,4333964
yadI_predicted,4.0,88,17,GTCGTTCGGAATATTGTCCT,71,4359503
yadI_predicted,0.4444444444444444,24,17,GTCCTTTGCTATCGGTTTGT,7,4358980
yadI_predicted,0.1111111111111111,18,17,GTATCTTACAAATCATCGAG,1,4342859
yadI_predicted,0.3333333333333333,22,17,GGTGACCCTGTCTTTATAGA,5,4312733
yadI_predicted,0.6111111111111112,27,17,GGTATTGAACCATAACATAT,10,4306276
yadI_predicted,1.3888888888888888,41,17,GGTATCGTGGCTAATATCTA,24,4307523
yadI_predicted,1.3333333333333333,40,17,GGTACCAACGAAAGAATGAG,23,4363755
yadI_predicted,1.1111111111111112,36,17,GGGTGGTGAGAAACGAAAGT,19,4292464
yadI_predicted,1.5,43,17,GGGCGCCGTTATTCTCCTTA,26,4341865
yadI_predicted,0.8888888888888888,32,17,GGGATAAACACGGGCTGATC,15,4350503
yadI_predicted,1.1111111111111112,36,17,GGGACTTTAAAATCCCGCAA,19,4353849
yadI_predicted,0.7222222222222222,29,17,GGCATATACGATCGGGGCGT,12,4312821
yadI_predicted,0.8888888888888888,32,17,GGCAATAAGGCTGCTGCGAG,15,4366014
yadI_predicted,1.0,34,17,GGACAGTTGCTGGAAGATTA,17,4356054
yadI_predicted,1.3888888888888888,41,17,GGAATCCGAAGACTCTACTA,24,4325974
yadI_predicted,0.5,25,17,GCTTACCACGTGGAATGAGA,8,4363944
yadI_predicted,0.4444444444444444,24,17,GCTGGTCCGCCTTGACGATT,7,4344936
yadI_predicted,0.9444444444444444,33,17,GCTGCTAGAGCGTTAACGGT,16,4334052
yadI_predicted,1.0,34,17,GCGTCACAATTTATGGTGAA,17,4341672
yadI_predicted,1.0,34,17,GCGGGCGTACGGTGCGGCTA,17,4367119
yadI_predicted,1.1111111111111112,36,17,GCGCTGTACTTGTCAGTAAA,19,4323759
yadI_predicted,0.3333333333333333,22,17,GCGATGGAATACGAAACTTG,5,4348435
yadI_predicted,0.9444444444444444,33,17,GCCGTGGTGTATAAGTCCCG,16,4309196
yadI_predicted,0.1111111111111111,18,17,GCCCCTGACTTTGATGGAGA,1,4328524
yadI_predicted,0.6111111111111112,27,17,GCCACGGACTTTGTGTGTCG,10,4298179
yadI_predicted,0.3333333333333333,22,17,GCAAGCCACGAATTCTTGCA,5,4365263
yadI_predicted,0.7222222222222222,29,17,GATGTATCCCTACAGATGTA,12,4354023
yadI_predicted,0.7777777777777778,30,17,GAGTCACGATCGGGTGACGT,13,4304503
yadI_predicted,2.8333333333333335,67,17,GAGCTTCCAAACTACTGACT,50,4355236
yadI_predicted,0.5,25,17,GACCTATCCCATGCACCCTA,8,4324817
yadI_predicted,0.2777777777777778,21,17,GACCCAAGGCTTCTTGAGGA,4,4335597
yadI_predicted,0.3888888888888889,23,17,GACAAAATCATCGCGATTCA,6,4286665
yadI_predicted,0.2222222222222222,20,17,GAATCTCTCTGTGCTGGCGC,3,4324837
yadI_predicted,0.6111111111111112,27,17,GAATATCACAACCTCCGTAA,10,4353500
yadI_predicted,0.1111111111111111,18,17,GAACCACACGCCTCGCCCAG,1,4287575
yadI_predicted,0.1111111111111111,18,17,CTTTTCAGATCATTCTGGAT,1,4285656
yadI_predicted,0.7222222222222222,29,17,CTTTATCCCCCTTGCCCCGA,12,4316319
yadI_predicted,0.1111111111111111,18,17,CTTCGACGAAAAGGCCTCTG,1,4302150
yadI_predicted,1.1111111111111112,36,17,CTTAGGGCGTGTGTGCAACT,19,4295494
yadI_predicted,0.8888888888888888,32,17,CTGTAATTCCCGCAAATGTA,15,4326237
yadI_predicted,1.6666666666666667,46,17,CTGGAGCACTGGCGTTTTAT,29,4293555
yadI_predicted,1.0,34,17,CTGCGTCTCATGCTACTTCC,17,4319027
yadI_predicted,0.3888888888888889,23,17,CTCGTTCAATCATATATTTC,6,4353647
yadI_predicted,0.16666666666666666,19,17,CTCGTATTGTCACAGGCGGT,2,4368262
yadI_predicted,0.9444444444444444,33,17,CTCAATTGAGGGCATAGGGT,16,4342863
yadI_predicted,1.9444444444444444,51,17,CTCAAACCAGTATGTAAGTT,34,4334085
yadI_predicted,0.1111111111111111,18,17,CTAGTTCGGTGTGAAGATAC,1,4332240
yadI_predicted,0.1111111111111111,18,17,CTAGCATGTGGGGGTAACAT,1,4360629
yadI_predicted,2.1666666666666665,55,17,CTAACTGATCATGCCGTCCC,38,4331484
yadI_predicted,2.2777777777777777,57,17,CTAACAGCATACCACTTCGT,40,4328129
yadI_predicted,0.6666666666666666,28,17,CTAAACCAGGGGTCTTGTAG,11,4288383
yadI_predicted,0.16666666666666666,19,17,CGTTGGTAGTACCTTGACTC,2,4310130
yadI_predicted,0.6666666666666666,28,17,CGTTCCACAATGATTCGGTA,11,4318277
yadI_predicted,2.8333333333333335,67,17,CGTTATTCTGGTCATAGACG,50,4337560
yadI_predicted,0.3333333333333333,22,17,CGTTATAGTGCCACCAGTTA,5,4318468
yadI_predicted,0.1111111111111111,18,17,CGTGTCGTGATCCTGGAACT,1,4316906
yadI_predicted,1.0,34,17,CGTACGAGCTTCTCATTCCC,17,4285314
yadI_predicted,1.2222222222222223,38,17,CGGTGTGCCGGCTCGGGAAT,21,4318571
yadI_predicted,0.7777777777777778,30,17,CGGGACGACGACACCTGAGG,13,4367950
yadI_predicted,0.8888888888888888,32,17,CGGAGGTTTACTCCAGCCCT,15,4328430
yadI_predicted,0.1111111111111111,18,17,CGGAGCCAAGACTGATTAGG,1,4336442
yadI_predicted,2.2222222222222223,56,17,CGCTCACCGGGTAAACGAAA,39,4329604
yadI_predicted,0.7777777777777778,30,17,CGCTAATGTGTATGTTCCTT,13,4313855
yadI_predicted,0.4444444444444444,24,17,CGCGGAAGTGCCACATCATA,7,4305444
yadI_predicted,0.8333333333333334,31,17,CGCCAGGCCTTAGAGAGATC,14,4304171
yadI_predicted,0.7222222222222222,29,17,CGCAGACTGTGATCTGAGGT,12,4355866
yadI_predicted,0.6666666666666666,28,17,CGAGGTTAGTGCGAGGTTTA,11,4352227
yadI_predicted,1.5555555555555556,44,17,CGAACGCATCAATCCCACGG,27,4339683
yadI_predicted,1.5,43,17,CCTTCGGCTCGCCGTCGCGA,26,4291917
yadI_predicted,0.5,25,17,CCTGGGTCAATTGGTTTTAG,8,4307072
yadI_predicted,0.5555555555555556,26,17,CCTCGGCAAAGGTGCTAGTG,9,4286303
yadI_predicted,0.8333333333333334,31,17,CCGTACCAAGGGCCAACTCT,14,4285167
yadI_predicted,0.1111111111111111,18,17,CCGGTTATCACAGATTGTTG,1,4368162
yadI_predicted,1.5,43,17,CCGCAAGAAATATGTAGGGG,26,4329302
yadI_predicted,0.6666666666666666,28,17,CCCTTTTTCTCAAATTCCAT,11,4366303
yadI_predicted,2.7777777777777777,66,17,CCCAAGTTAGTGGATCTCAG,49,4287989
yadI_predicted,0.6111111111111112,27,17,CCATTTGTTATTGGACCTGA,10,4354589
yadI_predicted,1.8333333333333333,49,17,CCATTGTATTCTGTAAGGTG,32,4361949
yadI_predicted,0.7222222222222222,29,17,CCATCTATCACTCGGCGTAC,12,4326652
yadI_predicted,0.2222222222222222,20,17,CCACGGATAGAGGCGTCGTG,3,4344728
yadI_predicted,2.111111111111111,54,17,CCACACGTCAAGTAGACCTA,37,4329430
yadI_predicted,0.3888888888888889,23,17,CATTGGGGTGATGACTCGCA,6,4353730
yadI_predicted,0.2222222222222222,20,17,CATGACCGACTCCTTCTATG,3,4330304
yadI_predicted,0.16666666666666666,19,17,CAGTCATCGATGCTCCTCCA,2,4331800
yadI_predicted,0.8888888888888888,32,17,CAGTAAGTGGACCTCCAATT,15,4351535
yadI_predicted,0.1111111111111111,18,17,CAGAGTTGTGGCAACCATTG,1,4310703
yadI_predicted,0.2777777777777778,21,17,CAGAATACCTGAGGTGTGAA,4,4367838
yadI_predicted,0.1111111111111111,18,17,CACCTCGGCTGTGTCTGCGA,1,4319165
yadI_predicted,0.1111111111111111,18,17,CACAGAGTATTCAATTCGCC,1,4316160
yadI_predicted,1.2222222222222223,38,17,CAATCAGTGACTTCGGATGC,21,4322677
yadI_predicted,3.5,79,17,CAAGCGGATAAAGATGATCA,62,4339682
yadI_predicted,1.0,34,17,CAACTCACCCTGGTGGAAAT,17,4303693
yadI_predicted,0.6111111111111112,27,17,ATTTAGAGATAAAGACCGGA,10,4294846
yadI_predicted,1.4444444444444444,42,17,ATTGGCGTTTTGGTAGCACT,25,4285958
yadI_predicted,1.8333333333333333,49,17,ATTCATGCTGGAAGCAACAA,32,4294783
yadI_predicted,0.16666666666666666,19,17,ATTCACTTTCAAACCCCGAG,2,4301989
yadI_predicted,0.16666666666666666,19,17,ATTAAAGCAGTAACGGCCCA,2,4336899
yadI_predicted,1.1111111111111112,36,17,ATGGGTTCGATAGGCGCTTG,19,4284945
yadI_predicted,0.5,25,17,ATGGGGAAGTTCTTGTGAGG,8,4308351
yadI_predicted,1.1666666666666667,37,17,ATGGAGATGAACCCCTCCAC,20,4306736
yadI_predicted,0.3888888888888889,23,17,ATGGAAGCGTCAGCTTTCGG,6,4296215
yadI_predicted,0.1111111111111111,18,17,ATGACGCCCCCGCGGCAGAT,1,4325657
yadI_predicted,1.0,34,17,ATGAATCAAGGGGTGCAATG,17,4332817
yadI_predicted,1.0,34,17,ATCTCTTAAAAGAGGGATTA,17,4315427
yadI_predicted,1.7777777777777777,48,17,ATCGTGGGAGCCTCTCGTAT,31,4351835
yadI_predicted,1.1111111111111112,36,17,ATCGACAAATGAGATTATTT,19,4323965
yadI_predicted,0.5,25,17,ATCACTCGGAGTGAGCTGGG,8,4346756
yadI_predicted,0.6111111111111112,27,17,ATAGTGCTCGGTACGAGCCA,10,4358304
yadI_predicted,1.4444444444444444,42,17,ATAGCACATAATAGCAATAC,25,4356844
yadI_predicted,0.9444444444444444,33,17,ATACTAATTTGACCTATCGC,16,4334220
yadI_predicted,1.7777777777777777,48,17,ATAAAGTCGAAACCAAATCT,31,4344744
yadI_predicted,0.6111111111111112,27,17,AGTTGCGACAACGGACGAAT,10,4364564
yadI_predicted,1.6111111111111112,45,17,AGTGGTGTCGGAATTCCAGC,28,4360567
yadI_predicted,0.1111111111111111,18,17,AGGTCAGAATCCCATGAAAC,1,4366460
yadI_predicted,1.0555555555555556,35,17,AGGTAACTGACATGGCTCAA,18,4305795
yadI_predicted,1.5,43,17,AGGGGGAATGAATGGATCGC,26,4314725
yadI_predicted,1.2222222222222223,38,17,AGGGCTCGGGAAAGGGGCAT,21,4311139
yadI_predicted,1.5555555555555556,44,17,AGCTTCGGAAGACATGACAC,27,4352498
yadI_predicted,0.1111111111111111,18,17,AGCTATTAAGGGTCATAGAT,1,4368546
yadI_predicted,0.8333333333333334,31,17,AGCCGCATTGATAGTAAAAT,14,4322837
yadI_predicted,0.1111111111111111,18,17,AGCAAAATTCTTTTAGGGAC,1,4337014
yadI_predicted,1.3333333333333333,40,17,AGACCTGACCTCATCTCGCA,23,4307613
yadI_predicted,0.16666666666666666,19,17,AGAAATGTTCCTTACGGTAA,2,4339576
yadI_predicted,1.9444444444444444,51,17,ACTGTGGGCTTTAACCAGTG,34,4364166
yadI_predicted,0.7777777777777778,30,17,ACTACATCGCGTCGGCCTAG,13,4324666
yadI_predicted,1.2222222222222223,38,17,ACGTTTCGTGGGGGATCTTG,21,4304308
yadI_predicted,0.4444444444444444,24,17,ACGTAGTGTTGACTCCCGTG,7,4313864
yadI_predicted,1.0555555555555556,35,17,ACGCATCCTGGTTTGGCACA,18,4320811
yadI_predicted,3.7777777777777777,84,17,ACCGCGACTGTTCGACCACT,67,4335150
yadI_predicted,1.0,34,17,ACCCGTTAGCGGTCATGCAT,17,4320219
yadI_predicted,2.0555555555555554,53,17,ACATACAAAGGCCTTTGAGG,36,4352668
yadI_predicted,0.1111111111111111,18,17,ACAGTCTGCTAAGAGGAAAA,1,4322542
yadI_predicted,0.3888888888888889,23,17,ACAGCGAAAAACAAGGGGTA,6,4331078
yadI_predicted,1.3888888888888888,41,17,ACAGAAATCGGCAAAGGAGC,24,4289952
yadI_predicted,1.5,43,17,AATCTATTGCGCCAAGCGCC,26,4357654
yadI_predicted,1.6666666666666667,46,17,AATACATGCGCCAATGAACA,29,4312949
yadI_predicted,0.2777777777777778,21,17,AAGTCTGGTGAAGGGTCCTA,4,4311772
yadI_predicted,1.1666666666666667,37,17,AAGCATGTAATCCAAGATCC,20,4314380
yadI_predicted,1.3888888888888888,41,17,AAGATTCAGTAAGTCAAATA,24,4366512
yadI_predicted,0.3333333333333333,22,17,AACTCCCTTTATTTGGAGAC,5,4288336
yadI_predicted,0.5555555555555556,26,17,AACCAATAGATCATTGGTCA,9,4285284
yadI_predicted,2.5,61,17,AACAGCAGACTTTGGGTACT,44,4350932
yadI_predicted,1.7222222222222223,47,17,AACAATGCGCCGCCCGGGCG,30,4299739
yadI_predicted,0.16666666666666666,19,17,AAAGCAAGGAGTGGGTGTAT,2,4310099
yadI_predicted,0.9444444444444444,33,17,AAACGGCGGTGGTACAAAGG,16,4329300
yadI_predicted,0.1111111111111111,18,17,AAAATACGCTCGTTTAAAAT,1,4343025
yadI_predicted,0.1111111111111111,18,17,AAAAACATAGGTCATCCGAG,1,4293568
yadI_predicted,1.6470588235294117,43,16,TTTGGTCACAACTCTTAATT,27,4334949
yadI_predicted,0.11764705882352941,17,16,TTTCCTGGAAAGCCCATAAA,1,4309661
yadI_predicted,1.588235294117647,42,16,TTTAGCCAGCCGGAGAGGTT,26,4325198
yadI_predicted,0.8823529411764706,30,16,TTTACGGAAAGTGGAACTGT,14,4336196
yadI_predicted,1.4705882352941178,40,16,TTGGAGCAAGCGATGTGCGT,24,4336318
yadI_predicted,1.588235294117647,42,16,TTCTTGGGTGTGCGTTTGTA,26,4318607
yadI_predicted,0.4117647058823529,22,16,TTCGAATTAATTGTGAGCCA,6,4353812
yadI_predicted,1.6470588235294117,43,16,TTCCTTGCCCCACATAGGGG,27,4284753
yadI_predicted,0.5882352941176471,25,16,TTCAAAGCCCGCGCAGCCTT,9,4316670
yadI_predicted,0.11764705882352941,17,16,TTAGTGGACGCACTAAGTAA,1,4320565
yadI_predicted,1.588235294117647,42,16,TTAGACCTATCTTCAGACGT,26,4363461
yadI_predicted,0.29411764705882354,20,16,TGTGTTCGGGCATTACGGTC,4,4325455
yadI_predicted,0.8823529411764706,30,16,TGTGCGTGAGAAGCGGCGAC,14,4358158
yadI_predicted,0.8823529411764706,30,16,TGTCCCCCAAGCGAGAAAGA,14,4299107
yadI_predicted,0.47058823529411764,23,16,TGTAACACGGGCCGGTTACT,7,4290620
yadI_predicted,2.235294117647059,53,16,TGGTAGAAATGTAGTTTTGA,37,4323322
yadI_predicted,2.235294117647059,53,16,TGGGTGATCATGCTCAACGC,37,4308298
yadI_predicted,1.0,32,16,TGGCCTGCTGGTCAATCCTT,16,4320958
yadI_predicted,0.29411764705882354,20,16,TGGAGCTGGGCTCTTCCACA,4,4290493
yadI_predicted,0.23529411764705882,19,16,TGGAGCCCTAAACCAGCTGG,3,4291992
yadI_predicted,1.1764705882352942,35,16,TGCTTCTAACATCCGTAACA,19,4359811
yadI_predicted,0.11764705882352941,17,16,TGCTTAGCGTTGTGACGGAG,1,4315628
yadI_predicted,1.0588235294117647,33,16,TGCGTTGTTTTCTAGCAGCG,17,4333557
yadI_predicted,0.11764705882352941,17,16,TGCGAGTATATTTAGTGCCC,1,4306084
yadI_predicted,1.7647058823529411,45,16,TGCCGATTCTAATCTGAGAA,29,4322952
yadI_predicted,0.6470588235294118,26,16,TGCCCTGCGCTGCCTGGAAT,10,4358779
yadI_predicted,0.47058823529411764,23,16,TGCAATATGTTAGCACACGT,7,4335701
yadI_predicted,1.8235294117647058,46,16,TGAGGCTTCCCGGTAGAGTG,30,4326762
yadI_predicted,1.0588235294117647,33,16,TGACGAAGTGGGTCACATAG,17,4357228
yadI_predicted,3.0,66,16,TGACCACAGACAATTAACTT,50,4340820
yadI_predicted,0.8235294117647058,29,16,TGAATGGGGCCGGGGTAGTT,13,4293122
yadI_predicted,1.2352941176470589,36,16,TGAAACACCGGTTGGCACGG,20,4300547
yadI_predicted,0.29411764705882354,20,16,TCTTGCTCGATTAAGGGGAA,4,4330579
yadI_predicted,0.8823529411764706,30,16,TCTTGCGCCTCCCCCATCTG,14,4364175
yadI_predicted,1.0588235294117647,33,16,TCTCAGTACGTAGGCCATTT,17,4326329
yadI_predicted,1.0,32,16,TCTCACGGATAGGGTAAATA,16,4363802
yadI_predicted,0.7058823529411765,27,16,TCTCACCCTTTGGCGCCGAG,11,4297484
yadI_predicted,1.2941176470588236,37,16,TCTCACAGCAGTCCCTTATT,21,4337698
yadI_predicted,0.11764705882352941,17,16,TCGGGAGTAGTTACAGGCCT,1,4346466
yadI_predicted,0.17647058823529413,18,16,TCGCAGTTTGACCAGATCGA,2,4300689
yadI_predicted,2.9411764705882355,65,16,TCCTGTGCTCTGATATCTGT,49,4352148
yadI_predicted,1.2352941176470589,36,16,TCCAATATCCCCTTTGTCCA,20,4353969
yadI_predicted,1.588235294117647,42,16,TCACATTAATAGAATCATTC,26,4354089
yadI_predicted,0.5294117647058824,24,16,TATTGGTCAGAAATTTTTAC,8,4302723
yadI_predicted,1.0588235294117647,33,16,TATGTGAGTGTGTGAAGTGA,17,4308913
yadI_predicted,1.1764705882352942,35,16,TATGTAGACTGGCGTAACGA,19,4317044
yadI_predicted,1.7058823529411764,44,16,TATCTGGTCAACGGGGTTTA,28,4328444
yadI_predicted,0.29411764705882354,20,16,TATCGTATCCGAATTTTAGG,4,4321080
yadI_predicted,0.6470588235294118,26,16,TATATGCTCAGGGCAATTTA,10,4351458
yadI_predicted,0.7647058823529411,28,16,TAGGGTAACGGCGCGACGTT,12,4332879
yadI_predicted,0.7647058823529411,28,16,TAGCTCACCCGCTCACCACT,12,4287070
yadI_predicted,1.3529411764705883,38,16,TAGCGCCCGCCTCTAAGTGG,22,4361842
yadI_predicted,4.470588235294118,91,16,TAGAGGGCGGTACTTTATAC,75,4340004
yadI_predicted,4.529411764705882,92,16,TACAGAACTGAAAGGCAGTG,76,4362209
yadI_predicted,0.17647058823529413,18,16,TAATTGCCCCTGTGCTCGTA,2,4345908
yadI_predicted,0.11764705882352941,17,16,TAATCCGGAGGCCATCGAGA,1,4333342
yadI_predicted,0.8235294117647058,29,16,TAATACCTTCCTCCGTAACT,13,4313793
yadI_predicted,0.11764705882352941,17,16,TAAGCATGTGATTTCAGGCG,1,4318841
yadI_predicted,0.11764705882352941,17,16,TAACATGTAGTATCAGCCGG,1,4316048
yadI_predicted,0.29411764705882354,20,16,GTTTGCCGCTGTTCGGTCAA,4,4297277
yadI_predicted,2.7058823529411766,61,16,GTTTATAAGAGCATTTTCTA,45,4355805
yadI_predicted,0.6470588235294118,26,16,GTTGGTTGACGCCGCGGCCC,10,4320223
yadI_predicted,0.29411764705882354,20,16,GTTGATCGCCAGGCGCCGAC,4,4339586
yadI_predicted,0.7647058823529411,28,16,GTTCTACTAGCACGCCCACT,12,4330302
yadI_predicted,1.8235294117647058,46,16,GTTCCGCGCCGATTAATTTA,30,4312479
yadI_predicted,1.5294117647058822,41,16,GTTCAACGCACGGTATTGGT,25,4362746
yadI_predicted,0.35294117647058826,21,16,GTTAACAGACTATTTTAGAG,5,4357944
yadI_predicted,0.5882352941176471,25,16,GTGTGATTCGTATATTAGTC,9,4354612
yadI_predicted,0.29411764705882354,20,16,GTGTATCGCAGGTAAGAGAA,4,4322472
yadI_predicted,0.11764705882352941,17,16,GTGGGTAAAACACCGAACCA,1,4297504
yadI_predicted,0.8235294117647058,29,16,GTGGCAACCTAGGTCCCGTT,13,4321654
yadI_predicted,1.6470588235294117,43,16,GTGGAATTATCTCCGGTCCA,27,4320808
yadI_predicted,0.11764705882352941,17,16,GTCTTATACCATCATCCGTT,1,4361920
yadI_predicted,0.35294117647058826,21,16,GTCGTTCATAGGTCCAATGC,5,4362478
yadI_predicted,1.2941176470588236,37,16,GTCGGCTACCATACTAGTGT,21,4298632
yadI_predicted,0.6470588235294118,26,16,GTCGCCGATACAAGTGACGC,10,4369828
yadI_predicted,1.3529411764705883,38,16,GTCCGGCGCTGGGTCACATC,22,4367560
yadI_predicted,1.7647058823529411,45,16,GTATTCGTGCGGACGTGATC,29,4342609
yadI_predicted,0.35294117647058826,21,16,GTATTATTGGACCGTATGGT,5,4324921
yadI_predicted,1.0588235294117647,33,16,GTACGCTTAACCTGGCCGTT,17,4343759
yadI_predicted,1.588235294117647,42,16,GTAAAGTGGGTGGGGTCCCT,26,4304330
yadI_predicted,0.7058823529411765,27,16,GTAAAGGGCGTACAAAAAAC,11,4368376
yadI_predicted,0.11764705882352941,17,16,GGTTGTCTGGTAGGGCTCGA,1,4328234
yadI_predicted,0.11764705882352941,17,16,GGTCGGACGGAGAACCTTCG,1,4355669
yadI_predicted,1.3529411764705883,38,16,GGTCGCATGCGTGCTAGCAT,22,4360234
yadI_predicted,0.9411764705882353,31,16,GGTCCGGCGCATCGGTATCT,15,4287623
yadI_predicted,0.8235294117647058,29,16,GGGTGCATCTGGCATAAATA,13,4336452
yadI_predicted,0.47058823529411764,23,16,GGGGTTAGCAATTCTTTCGA,7,4353990
yadI_predicted,0.17647058823529413,18,16,GGGGTCCGGACTTCACGGTT,2,4363314
yadI_predicted,0.11764705882352941,17,16,GGGGGGGTCTCCAGGAGGAT,1,4331270
yadI_predicted,1.0,32,16,GGGGCAGCAAACCAACGGGT,16,4297938
yadI_predicted,0.47058823529411764,23,16,GGCGCCGGGAGCCCGCGATA,7,4327788
yadI_predicted,0.11764705882352941,17,16,GGCCAGCCCACATGCGCAAA,1,4307793
yadI_predicted,2.764705882352941,62,16,GGATTAGCCAGGATTCTAAT,46,4327656
yadI_predicted,0.17647058823529413,18,16,GGATGGTCAACTTGTGAAAG,2,4299926
yadI_predicted,0.7058823529411765,27,16,GGAGAGACATTTGTGCCAGG,11,4314494
yadI_predicted,2.9411764705882355,65,16,GGACTCACCCCTACTCATGA,49,4360379
yadI_predicted,1.0,32,16,GGACGATGACTCACGGGTTA,16,4358513
yadI_predicted,1.7058823529411764,44,16,GGAATCTGCTTCGTGCGTGA,28,4345615
yadI_predicted,0.4117647058823529,22,16,GGAAGTAAAGGCTTCGACTC,6,4289325
yadI_predicted,1.9411764705882353,48,16,GGAACCCTGAGCCTGTTAAC,32,4292855
yadI_predicted,1.588235294117647,42,16,GGAAAGCTCAAGGTCCAGAT,26,4307048
yadI_predicted,1.5294117647058822,41,16,GCTTCCTGAGAACATGTCTA,25,4360918
yadI_predicted,0.8823529411764706,30,16,GCTTAAGTATACCTCAGTCA,14,4361528
yadI_predicted,0.17647058823529413,18,16,GCTGGCCTAAATCAAATCCT,2,4331669
yadI_predicted,0.5294117647058824,24,16,GCTGAAAATAACCGTCGCTT,8,4349768
yadI_predicted,0.47058823529411764,23,16,GCGTGTCATTGATACATATC,7,4289164
yadI_predicted,0.11764705882352941,17,16,GCGTGGGAAAACTAGGGAGG,1,4298697
yadI_predicted,0.9411764705882353,31,16,GCGGTCTCGAATCTCACGAT,15,4289018
yadI_predicted,0.7647058823529411,28,16,GCGGGTATGATATACGGTCG,12,4288431
yadI_predicted,1.5294117647058822,41,16,GCGGATCTCGTAAGCAAAGG,25,4335963
yadI_predicted,1.4705882352941178,40,16,GCGGAGCCGGGAGGCACCCC,24,4301642
yadI_predicted,2.3529411764705883,55,16,GCGCATGCCAATCTCTCACC,39,4300852
yadI_predicted,0.4117647058823529,22,16,GCGCAACAGGGGACTTGATT,6,4297588
yadI_predicted,0.7058823529411765,27,16,GCGACCTGTGTCTGTAGGCG,11,4298338
yadI_predicted,0.11764705882352941,17,16,GCGACAGATGGGTGGGCGCG,1,4329542
yadI_predicted,1.1176470588235294,34,16,GCCCGAGGTTCAGCCGGATT,18,4309023
yadI_predicted,1.0,32,16,GCATCGGAATCACCAAATGG,16,4312025
yadI_predicted,0.17647058823529413,18,16,GCATATTTCCCGGAGTCTAG,2,4334734
yadI_predicted,0.11764705882352941,17,16,GCACCTGTTCTAGATCCACA,1,4302117
yadI_predicted,2.176470588235294,52,16,GCAATTGTCTCCCTCAGATA,36,4336569
yadI_predicted,1.8235294117647058,46,16,GATGGACCAAGGAACGGCAA,30,4343098
yadI_predicted,1.0,32,16,GATAGGTTACGGATTGTGAT,16,4291144
yadI_predicted,1.7058823529411764,44,16,GATAGACAAGAACCGACGAG,28,4312593
yadI_predicted,0.4117647058823529,22,16,GAGTTGATTGGAAATAATGA,6,4323593
yadI_predicted,1.0,32,16,GAGGCTCCCGGCTTAGGGAC,16,4307818
yadI_predicted,0.11764705882352941,17,16,GAGGCCCGCAGTGACTTTTA,1,4337853
yadI_predicted,0.11764705882352941,17,16,GAGGATCACGGGTCACGTCT,1,4352307
yadI_predicted,0.5882352941176471,25,16,GAGGAGGATTGTAGCGAATA,9,4316117
yadI_predicted,1.5294117647058822,41,16,GAGGAAGGGCGCTTGTACTC,25,4322159
yadI_predicted,1.1764705882352942,35,16,GAGGAAACAAAGATCACGGG,19,4340495
yadI_predicted,2.5294117647058822,58,16,GAGCGGAAGTTCGGTTAACC,42,4325017
yadI_predicted,0.23529411764705882,19,16,GAGAGTGGTGTGTTCGTTCG,3,4343324
yadI_predicted,0.11764705882352941,17,16,GAGAGAAAGGTTTAGGAGAC,1,4331213
yadI_predicted,1.1764705882352942,35,16,GACCGAAGACGAACAATTTG,19,4361522
yadI_predicted,0.11764705882352941,17,16,GAATGAATGTCATGAAGGGG,1,4293069
yadI_predicted,0.29411764705882354,20,16,GAACTAATTATTAAGCATTG,4,4295100
yadI_predicted,3.0588235294117645,67,16,GAACGGGATCGAGATACGTA,51,4364914
yadI_predicted,0.11764705882352941,17,16,GAACCGGTGCTCCATGTACC,1,4341462
yadI_predicted,0.9411764705882353,31,16,GAACATTAACAGTCTTCAGT,15,4296563
yadI_predicted,0.8823529411764706,30,16,GAAAATGCTAGAACCATTCT,14,4352786
yadI_predicted,0.8823529411764706,30,16,CTTGTCGTACGGGCTCTTTA,14,4319223
yadI_predicted,1.0588235294117647,33,16,CTTGACACGGCACTTCCCAA,17,4349075
yadI_predicted,0.7647058823529411,28,16,CTTCCACCTCATCGTGCATT,12,4323735
yadI_predicted,1.7647058823529411,45,16,CTGTAGGCGAAGCACCGGAA,29,4342622
yadI_predicted,3.3529411764705883,72,16,CTGAGTAACGGGTAGAACCT,56,4303314
yadI_predicted,1.2941176470588236,37,16,CTGAGGGAAAATTGGACTGT,21,4334961
yadI_predicted,0.8823529411764706,30,16,CTGACTGGGTCCTAGGGCGT,14,4361258
yadI_predicted,1.9411764705882353,48,16,CTGACCGAGGAGTTAACGCT,32,4319721
yadI_predicted,2.3529411764705883,55,16,CTCGGACATTGAATATACAG,39,4330047
yadI_predicted,0.11764705882352941,17,16,CTACACTCCCAAAAGTGAGT,1,4327962
yadI_predicted,2.588235294117647,59,16,CTAATATATTTAGACAGGTC,43,4307823
yadI_predicted,0.29411764705882354,20,16,CGTGACTTGAAATAACACTA,4,4340310
yadI_predicted,0.47058823529411764,23,16,CGTAACCCGTCGCATGTTTT,7,4297199
yadI_predicted,0.4117647058823529,22,16,CGGTACAGTTACCATCACCC,6,4339256
yadI_predicted,0.5882352941176471,25,16,CGGGGAGGGTCTTGGTTATC,9,4366080
yadI_predicted,0.8823529411764706,30,16,CGGCTAGGTAGCCTACCACC,14,4294045
yadI_predicted,1.9411764705882353,48,16,CGGATGGCATTTAGGGGCCA,32,4353045
yadI_predicted,0.11764705882352941,17,16,CGGAAGAATTTACCTTGTAA,1,4291380
yadI_predicted,2.235294117647059,53,16,CGCTTATCTCGATTCTGCGA,37,4343509
yadI_predicted,2.0,49,16,CGCGCGGGATATCCAAACCT,33,4318769
yadI_predicted,2.176470588235294,52,16,CGCGCACTCTATTAGTAATG,36,4323535
yadI_predicted,5.529411764705882,109,16,CGCACAGGGACTGGGGCTGT,93,4364930
yadI_predicted,1.1764705882352942,35,16,CGATTACCCTTCCTTGCGAG,19,4304760
yadI_predicted,2.176470588235294,52,16,CGATGTAGCCTACCATGTGC,36,4353814
yadI_predicted,0.29411764705882354,20,16,CGATCTTTTGGCCACTATGA,4,4296394
yadI_predicted,1.4705882352941178,40,16,CGATCGGTATCCATCATTAT,24,4358772
yadI_predicted,1.5294117647058822,41,16,CGAGTACTCACCGACAGAAG,25,4311713
yadI_predicted,0.6470588235294118,26,16,CGAGGTGTAACCCTACCCAA,10,4332588
yadI_predicted,0.11764705882352941,17,16,CCTTACTCGCAACCCTTTCA,1,4320103
yadI_predicted,0.11764705882352941,17,16,CCTGAACGAGAAGCACAGGG,1,4332127
yadI_predicted,0.11764705882352941,17,16,CCTCCGGCTGAACAAACCAT,1,4319893
yadI_predicted,0.17647058823529413,18,16,CCTCAACGACGACGTAGTGA,2,4361141
yadI_predicted,0.11764705882352941,17,16,CCTATTCAGTCTGGAACTAG,1,4355478
yadI_predicted,0.29411764705882354,20,16,CCTAGTGTGGTTAACCAATG,4,4289525
yadI_predicted,1.2941176470588236,37,16,CCTAGAGACGTCAACACACG,21,4323513
yadI_predicted,0.11764705882352941,17,16,CCGGAATCGTCGTTTGAGAG,1,4291441
yadI_predicted,2.0588235294117645,50,16,CCGCTGCGTTCTATGAATTT,34,4342120
yadI_predicted,0.11764705882352941,17,16,CCGATAAGTAGACTGTTTGA,1,4350965
yadI_predicted,1.6470588235294117,43,16,CCGACACCATACGCGACTAG,27,4324065
yadI_predicted,0.11764705882352941,17,16,CCCTCTATAATGGATGGGCT,1,4291538
yadI_predicted,0.6470588235294118,26,16,CCCTCGGCTTTGTATACAGA,10,4335414
yadI_predicted,0.7647058823529411,28,16,CCCGTTCTCAAGGAAGAAGA,12,4304594
yadI_predicted,0.11764705882352941,17,16,CCCCCGTCGCAGAGCGACCA,1,4336847
yadI_predicted,1.6470588235294117,43,16,CCATATTGGTGCTTCTGCGG,27,4305016
yadI_predicted,0.8823529411764706,30,16,CCAGAGCGTTGGAGGAGCGA,14,4355066
yadI_predicted,1.3529411764705883,38,16,CCACCGTCCACGCCGATACC,22,4337477
yadI_predicted,0.17647058823529413,18,16,CCAATGTGTAGCTGAGCCTT,2,4293379
yadI_predicted,2.0588235294117645,50,16,CCAAGTAGCACAATACCTAC,34,4287640
yadI_predicted,1.5294117647058822,41,16,CATTATTGGGAAGAGCAGGT,25,4309792
yadI_predicted,0.9411764705882353,31,16,CATGGAGAAGCACCGTGAAG,15,4322758
yadI_predicted,0.35294117647058826,21,16,CATGCATTATAAAACATTTT,5,4320290
yadI_predicted,1.2352941176470589,36,16,CAGTTTTTATGCTACTGTGA,20,4333800
yadI_predicted,1.0,32,16,CAGATCCTCTCGGTCGCAGT,16,4337072
yadI_predicted,0.4117647058823529,22,16,CACTTCTCCCATTGTCTACC,6,4304373
yadI_predicted,0.5882352941176471,25,16,CACCATGCCCAATCCACCCT,9,4366419
yadI_predicted,1.588235294117647,42,16,CAACAACATTAATTTTTATT,26,4286050
yadI_predicted,0.5294117647058824,24,16,CAAAATCACACAAGCGCATT,8,4357440
yadI_predicted,2.0,49,16,ATTTACTACCAAGCCCGCAA,33,4323276
yadI_predicted,0.35294117647058826,21,16,ATTGGACCGCAACGCCTGCA,5,4289380
yadI_predicted,0.11764705882352941,17,16,ATTCCCTAATTAATTTAAGT,1,4351114
yadI_predicted,1.411764705882353,39,16,ATTATCGGAGCACTTTCGTC,23,4326736
yadI_predicted,1.2941176470588236,37,16,ATTATCCCGCTACTAGGAGT,21,4333607
yadI_predicted,0.11764705882352941,17,16,ATTAGGCAGCCGCCAACCGT,1,4359223
yadI_predicted,1.4705882352941178,40,16,ATGTTATTAGCGCAACTGCG,24,4368269
yadI_predicted,2.2941176470588234,54,16,ATGTAAGTTTCGGTTAATAG,38,4307614
yadI_predicted,4.705882352941177,95,16,ATGGCCTCCGGCCAGTAATT,79,4361701
yadI_predicted,0.11764705882352941,17,16,ATGGATAGATCTCACTCACA,1,4338493
yadI_predicted,0.23529411764705882,19,16,ATCTATTGGGCGCAATCGAC,3,4320692
yadI_predicted,1.3529411764705883,38,16,ATATCTCTTGCCAAATCGAA,22,4337059
yadI_predicted,0.11764705882352941,17,16,ATATCATCCCCCGAAAGCAG,1,4365121
yadI_predicted,0.29411764705882354,20,16,ATAGGCGGCACATCAGGTAG,4,4299119
yadI_predicted,0.11764705882352941,17,16,ATACGCTGCTAAACACCTGT,1,4330567
yadI_predicted,1.3529411764705883,38,16,ATACCGCTAATTTACTAACG,22,4285251
yadI_predicted,0.8823529411764706,30,16,ATACAGCGACCCTTCTGCCG,14,4356222
yadI_predicted,0.47058823529411764,23,16,ATAATCTTATTTCATGCGTA,7,4341090
yadI_predicted,1.2352941176470589,36,16,ATAAAAAACGCCGAAATCTC,20,4354787
yadI_predicted,0.8235294117647058,29,16,AGTTATATACCCTAGGTTAG,13,4362958
yadI_predicted,1.7058823529411764,44,16,AGTGTGAATCCATCCCCAAT,28,4299103
yadI_predicted,0.47058823529411764,23,16,AGTGTAATAGCAAATGGCCT,7,4327338
yadI_predicted,1.5294117647058822,41,16,AGTCTCTATTGGAGTATGGT,25,4302067
yadI_predicted,0.4117647058823529,22,16,AGTACCCACATCAGACAAGG,6,4353511
yadI_predicted,1.588235294117647,42,16,AGGCACGATTAAATGGCATA,26,4286821
yadI_predicted,0.35294117647058826,21,16,AGGAACTTGAAAATGTACGC,5,4335202
yadI_predicted,0.7647058823529411,28,16,AGCGAGAATGAGGCGAACAA,12,4322414
yadI_predicted,2.0588235294117645,50,16,AGCATACCTGATGTTGAAAG,34,4324617
yadI_predicted,0.8823529411764706,30,16,AGCAGTGGCGGGTGTTTGAA,14,4295806
yadI_predicted,0.7647058823529411,28,16,AGATCCATCAAGGGTTTGTG,12,4328701
yadI_predicted,0.23529411764705882,19,16,AGAATTGAGAGCGCATTGAA,3,4333556
yadI_predicted,1.7058823529411764,44,16,AGAATCCTTTGTCGTTTAAA,28,4285280
yadI_predicted,0.11764705882352941,17,16,ACTTGCCCAATGAATATGAT,1,4345902
yadI_predicted,1.7647058823529411,45,16,ACTTAACGACGTAGAGGGTC,29,4294849
yadI_predicted,0.8235294117647058,29,16,ACTGTGATGACAGGGAATGA,13,4319305
yadI_predicted,0.35294117647058826,21,16,ACTCGTTTAGGATTGCGGAG,5,4284124
yadI_predicted,1.8235294117647058,46,16,ACGTACACTCGATGACTACG,30,4367278
yadI_predicted,1.3529411764705883,38,16,ACGCCACGATCTCACGGTGT,22,4322218
yadI_predicted,0.11764705882352941,17,16,ACCTTGGAAGTAAGAATCCT,1,4367028
yadI_predicted,1.4705882352941178,40,16,ACCTTCAACAATTTGTGATT,24,4293137
yadI_predicted,1.2352941176470589,36,16,ACAGTCCCCGGCGGATTTGG,20,4368432
yadI_predicted,0.4117647058823529,22,16,ACAGGCATGGAATCTGGTGA,6,4310179
yadI_predicted,1.0,32,16,ACAGGATAAAAGGCCGCTGG,16,4363811
yadI_predicted,1.7058823529411764,44,16,ACACGGCTTTATACTTTAGT,28,4338491
yadI_predicted,0.7058823529411765,27,16,AATTATACTAGCTGAACCGT,11,4311655
yadI_predicted,0.29411764705882354,20,16,AATGTCTTTTGATCGGAGCG,4,4313914
yadI_predicted,0.11764705882352941,17,16,AATGCACGATTCATATAGTG,1,4304264
yadI_predicted,0.11764705882352941,17,16,AATCGCCTTTCTGTGTTCGT,1,4347143
yadI_predicted,1.1176470588235294,34,16,AAGTCCCAGGGTTGTAATAA,18,4315855
yadI_predicted,0.23529411764705882,19,16,AACTACATGATACAACCAGT,3,4359757
yadI_predicted,0.47058823529411764,23,16,AACAACGATGGAGAAGTGAG,7,4326225
yadI_predicted,0.11764705882352941,17,16,AAACGTGGTCGATGAGGCCT,1,4342539
yadI_predicted,0.5294117647058824,24,16,AAACATAAGTAGCTGAAGAT,8,4314004
yadI_predicted,0.29411764705882354,20,16,AAAAGGGGCATATGCTCGAA,4,4339910
yadI_predicted,0.5625,23,15,TTTTCGCGTCCACACATAGA,8,4361876
yadI_predicted,0.625,24,15,TTTCCTGTCTGCACTGATAC,9,4346540
yadI_predicted,0.9375,29,15,TTTCAGGTAGTCTGCCACAT,14,4311967
yadI_predicted,1.0,30,15,TTGCCTGACACGTCTGGATT,15,4300507
yadI_predicted,2.875,60,15,TTGCCCGGGTTAAAGCGGAG,45,4287006
yadI_predicted,2.5625,55,15,TTGAGCCTCCCCACCTGCGG,40,4303647
yadI_predicted,1.625,40,15,TTCGTCACTCTGGGGCCGAA,25,4342244
yadI_predicted,2.125,48,15,TTCGCAATGGTGGTCAGTGT,33,4303735
yadI_predicted,0.125,16,15,TTCCGCAAATTAACGACATG,1,4311540
yadI_predicted,1.4375,37,15,TTCATCAGGGTACGTCATAA,22,4357000
yadI_predicted,0.6875,25,15,TTAGGCTCTCCGCGTACACA,10,4329645
yadI_predicted,0.875,28,15,TTACTATGGAAATTTGCCCT,13,4295915
yadI_predicted,1.3125,35,15,TTACCCCCTGGCCGGCGTGA,20,4300275
yadI_predicted,0.4375,21,15,TTACAGCACATTCACTAGCT,6,4314101
yadI_predicted,2.875,60,15,TTACAGAGATTCATACCACG,45,4325331
yadI_predicted,0.125,16,15,TTAAGTAATTCCGTATCACT,1,4318434
yadI_predicted,2.625,56,15,TTAAATCTCCTCCTTTCAAG,41,4289807
yadI_predicted,1.5,38,15,TGTTGTTGATATTGATCAAA,23,4303252
yadI_predicted,1.3125,35,15,TGTTATCGCGGTAGACACCT,20,4334225
yadI_predicted,2.9375,61,15,TGGTTGCTTCGGTTTACGTT,46,4330160
yadI_predicted,0.75,26,15,TGGGGCCGGAGCCCGATCCC,11,4357640
yadI_predicted,0.5,22,15,TGGAGTGCCCAGATCCCCAA,7,4315316
yadI_predicted,1.875,44,15,TGCGGTTTACAGGTCCAGTA,29,4319406
yadI_predicted,0.125,16,15,TGCGCACGCGTTCTGGGGTT,1,4340106
yadI_predicted,2.5,54,15,TGCCGTTTTACGATTTTCTG,39,4300968
yadI_predicted,0.9375,29,15,TGCATATTCAGCGGTTGGAT,14,4362141
yadI_predicted,0.125,16,15,TGATTTGGAGGGAGGAATTG,1,4288552
yadI_predicted,0.3125,19,15,TGAGCCCGGAAATGCGGGAT,4,4351414
yadI_predicted,0.125,16,15,TCTTAGCATAATCCGAGGTT,1,4296419
yadI_predicted,0.25,18,15,TCTTACGCAGTGTGGGGAGC,3,4291091
yadI_predicted,0.125,16,15,TCGTAATGGCGTGCTCCGCT,1,4286308
yadI_predicted,0.5,22,15,TCGCTAAGTTTGAGGTGTAA,7,4298320
yadI_predicted,0.3125,19,15,TCGCAAAATGGCGTAACCCT,4,4315077
yadI_predicted,1.0,30,15,TCCTCAGGTATCCATCGGAT,15,4358284
yadI_predicted,0.125,16,15,TCCCCGGTGTACGCGAATAA,1,4305000
yadI_predicted,0.75,26,15,TCAGCACGGTAGGTCGCATA,11,4292360
yadI_predicted,2.0,46,15,TCAATTCGGGACGGAGTCCA,31,4363803
yadI_predicted,1.375,36,15,TCAAGGCCAGAGTCCAATAC,21,4300951
yadI_predicted,1.3125,35,15,TCAACAGACTGACTTCATTA,20,4313641
yadI_predicted,1.5,38,15,TATGGAGTAATGGTCTTCCG,23,4319547
yadI_predicted,2.375,52,15,TATCTCTCGGGCGGTTCGTC,37,4297098
yadI_predicted,0.25,18,15,TATATAAAAAATTCGATGTG,3,4347013
yadI_predicted,0.3125,19,15,TATAGATCCCTGAAGCGTAC,4,4305058
yadI_predicted,0.6875,25,15,TAGCGTCGAGCAAAATGTAA,10,4289517
yadI_predicted,2.75,58,15,TAGATTGCCCCCTTTTCACA,43,4361532
yadI_predicted,1.0,30,15,TAGAGTTGTTATGTATCGTA,15,4366511
yadI_predicted,1.25,34,15,TACTTAATCGTGCAGCATTC,19,4349247
yadI_predicted,2.25,50,15,TACCTTGCGGGTGCAGGATA,35,4335986
yadI_predicted,0.625,24,15,TACCGAAGATGTTGCGCCAA,9,4323480
yadI_predicted,2.4375,53,15,TAATGTGAGAAAAGACTTCA,38,4367117
yadI_predicted,1.3125,35,15,TAATGAGTCTCCGCGTGGTG,20,4338337
yadI_predicted,1.3125,35,15,TAATCCGTTACTAGATGCCC,20,4294906
yadI_predicted,1.375,36,15,TAACTAATGGATTGACGTAG,21,4291122
yadI_predicted,0.8125,27,15,TAAAGCACATAGGATTAAGA,12,4324408
yadI_predicted,1.1875,33,15,GTTGGAACCTTAGTCCGCCT,18,4364991
yadI_predicted,1.6875,41,15,GTTGCTACGGAGAGAAAAAG,26,4314729
yadI_predicted,0.125,16,15,GTTGATCTGTGATGCTACCT,1,4308256
yadI_predicted,2.3125,51,15,GTTAACAAGACATTCCAGGA,36,4310287
yadI_predicted,1.4375,37,15,GTGGGGATCGACTGTTGAAG,22,4366311
yadI_predicted,0.9375,29,15,GTGGAATAGATCTCGTTCTC,14,4336547
yadI_predicted,0.125,16,15,GTGCCAGCCTAGTCGGGTTT,1,4335213
yadI_predicted,0.125,16,15,GTGCACTTGAGTGTCACTTA,1,4322297
yadI_predicted,0.125,16,15,GTGAAAATAACTATGTGGTT,1,4313750
yadI_predicted,0.5,22,15,GTCTTACATGTGGCCAGTTA,7,4334371
yadI_predicted,2.0,46,15,GTCTATTAAGCGCATCGCCT,31,4355018
yadI_predicted,1.0625,31,15,GTCGCTTTTCTCATAGAAGG,16,4312686
yadI_predicted,2.3125,51,15,GTCCTGGTGCCCCCGCCAGA,36,4339885
yadI_predicted,1.3125,35,15,GTCAGTCTACGGAGTCAAGT,20,4311542
yadI_predicted,2.8125,59,15,GTATTTCGTGTTGCGTGCAT,44,4324700
yadI_predicted,4.1875,81,15,GTATAAGGCGAGAGCACGGG,66,4326598
yadI_predicted,0.8125,27,15,GTAGTTGGACGATTAGTCTC,12,4294979
yadI_predicted,0.75,26,15,GTAGCGAGTCTACTAAATAT,11,4319270
yadI_predicted,0.125,16,15,GTACGCGCGGTTGTCCAGTA,1,4353409
yadI_predicted,0.625,24,15,GGTTCATAAATTAGTTTGTT,9,4297208
yadI_predicted,1.25,34,15,GGTACCCACGTATCAGTTTA,19,4328525
yadI_predicted,0.8125,27,15,GGTACAATGAATTGGAACCG,12,4312523
yadI_predicted,0.875,28,15,GGGTGACTTTTCATCGCCTG,13,4326902
yadI_predicted,1.375,36,15,GGGTCAGATTCTCACAGGGG,21,4306467
yadI_predicted,0.8125,27,15,GGGCATCTCTGGATCGTAAC,12,4335386
yadI_predicted,0.125,16,15,GGCATGAGCCCTTTAGATTA,1,4351567
yadI_predicted,2.3125,51,15,GGCAGACGGTTAAACCAGGG,36,4289911
yadI_predicted,1.9375,45,15,GGATCAGGGAATCAACATGA,30,4335990
yadI_predicted,1.0,30,15,GGATATCAACAGAGGGGATT,15,4367201
yadI_predicted,1.25,34,15,GGAGTATCGACAGATAAGTT,19,4297007
yadI_predicted,0.125,16,15,GGAGTAATGTGCATACGTCA,1,4364285
yadI_predicted,2.0625,47,15,GGACGTTCCGGGATGCTACT,32,4295808
yadI_predicted,2.5,54,15,GGACGTCATTGTGGAAATAT,39,4358421
yadI_predicted,0.125,16,15,GGACCGGCGTAACCTGGTGG,1,4328639
yadI_predicted,1.375,36,15,GGAACCACTCAAGGTCATGG,21,4319937
yadI_predicted,1.125,32,15,GCTTGCCTTTTAACCGCGCT,17,4319351
yadI_predicted,1.25,34,15,GCTCTAGAACAAACGTAGTG,19,4363197
yadI_predicted,0.125,16,15,GCTCCTCAGAGGTGTTCCTT,1,4364250
yadI_predicted,2.4375,53,15,GCTCAGCGACTCCGCTCATT,38,4353009
yadI_predicted,0.375,20,15,GCGTTCGGCATGTATTCTCC,5,4309018
yadI_predicted,0.625,24,15,GCGTAGGCTAAACTCTGAGG,9,4298241
yadI_predicted,0.875,28,15,GCGGTTCCACTTCTAAGGGG,13,4341961
yadI_predicted,1.875,44,15,GCGGATTGCTGGATTATCTT,29,4297883
yadI_predicted,1.4375,37,15,GCGCACGGTACATAGCTATG,22,4323117
yadI_predicted,0.5625,23,15,GCGAGGATACTGTATCGGTG,8,4314780
yadI_predicted,2.5625,55,15,GCCGTGGCCCTCGAGAAGCT,40,4355646
yadI_predicted,5.5625,103,15,GCCGGCTACGCGCCCGACAC,88,4322893
yadI_predicted,1.0,30,15,GCCCCTAACAGATCATCGAT,15,4348512
yadI_predicted,0.75,26,15,GCCATGTGACCCACTGGAGA,11,4355072
yadI_predicted,2.0625,47,15,GCCATAAGAGTGGCTAGTAA,32,4365559
yadI_predicted,0.125,16,15,GCATCTGGTTCGTTGGGCGG,1,4364972
yadI_predicted,0.3125,19,15,GCAGTGATGTTGGATGGCGT,4,4338444
yadI_predicted,1.375,36,15,GCAGGTCAGCACTAGGTTTT,21,4305388
yadI_predicted,1.125,32,15,GATTAATTTCTTTTTCCGTC,17,4324072
yadI_predicted,0.125,16,15,GATGCACACTGTAAGAACGG,1,4331750
yadI_predicted,1.25,34,15,GATCTGGCGTCTCGCTCCAC,19,4344225
yadI_predicted,0.625,24,15,GAGTTGAGTTCTCTAATTGT,9,4297544
yadI_predicted,2.0625,47,15,GAGTCTGGGACAACTGGTGC,32,4308148
yadI_predicted,2.5,54,15,GAGGCCCATCGATTTCGACA,39,4324224
yadI_predicted,1.125,32,15,GAGGACATTAGCCGACCTCC,17,4350168
yadI_predicted,0.625,24,15,GAGATCGTCTGCAAAGGGCG,9,4284951
yadI_predicted,1.125,32,15,GACTCGGTAAGTCTAAGTCT,17,4351326
yadI_predicted,2.6875,57,15,GACTAGAGTTATCTTGTCAA,42,4297696
yadI_predicted,1.4375,37,15,GACGTACGCCAGTCTAACGC,22,4322775
yadI_predicted,1.0625,31,15,GACGGCCAACAAACGCATAC,16,4365163
yadI_predicted,1.4375,37,15,GACGGAAAGTACATTCAATG,22,4301647
yadI_predicted,0.125,16,15,GACGATGGTCTTTTTCAACG,1,4318659
yadI_predicted,1.1875,33,15,GACAGACATATAGCTCAACG,18,4344372
yadI_predicted,1.1875,33,15,GACAACCAAATGCTGTTCCC,18,4336565
yadI_predicted,1.375,36,15,GAATAATCAGGCGGGGCTGG,21,4285368
yadI_predicted,0.125,16,15,GAAGCAACATGGCGGATAAG,1,4361421
yadI_predicted,0.3125,19,15,GAAAAAATCCATCTAGCTCC,4,4296281
yadI_predicted,1.0625,31,15,CTTTCCTATGACTCCTAGAC,16,4327275
yadI_predicted,1.6875,41,15,CTTGGAGCGCCAGCGTATTT,26,4301235
yadI_predicted,0.125,16,15,CTTCGTAGGGATAACGTTGA,1,4308419
yadI_predicted,1.75,42,15,CTTCATCGGCAAGTTATAGT,27,4296660
yadI_predicted,0.125,16,15,CTTAATCTCGTTTCCTCAAG,1,4316800
yadI_predicted,1.3125,35,15,CTGGTGCAGTCTGGGCTACT,20,4353102
yadI_predicted,2.25,50,15,CTGGGATCATAGGAACTATG,35,4343368
yadI_predicted,0.125,16,15,CTGGAGGACTTCAAGGGAGT,1,4303414
yadI_predicted,0.8125,27,15,CTGAGTAGACCTCCCCGAAG,12,4344234
yadI_predicted,1.3125,35,15,CTCGAGGTCGGATGTCCTTA,20,4287895
yadI_predicted,0.5,22,15,CTCCTTTGGAACGAGTGTCT,7,4290651
yadI_predicted,0.125,16,15,CTATTAGTAGGCGCTGTCCC,1,4298903
yadI_predicted,0.125,16,15,CTAGGAGCTGTGCCCCTTAG,1,4284447
yadI_predicted,1.3125,35,15,CTAGCTAGTGCCGGACTAAT,20,4302451
yadI_predicted,1.375,36,15,CTACGCCTCTGGAGTCGCCC,21,4357335
yadI_predicted,0.125,16,15,CGTGTGCTTAAAGAGAAGGT,1,4343833
yadI_predicted,0.5625,23,15,CGTGGCAGTCCCACAACAAT,8,4317006
yadI_predicted,0.8125,27,15,CGGTGAACGATTCCTCACGA,12,4348000
yadI_predicted,0.1875,17,15,CGGGTACGCGCCGGTCCGGG,2,4325351
yadI_predicted,2.0,46,15,CGGCTTTCACATATAAACGA,31,4310286
yadI_predicted,1.5,38,15,CGGCGAGTCGGTGGCCGCGT,23,4315315
yadI_predicted,1.3125,35,15,CGCCTACAGGAGCTACTGAA,20,4331614
yadI_predicted,1.75,42,15,CGCCGTAGGCCTCAGCGACT,27,4314348
yadI_predicted,2.375,52,15,CGCCAACCCCCAATCGGGAT,37,4356245
yadI_predicted,0.125,16,15,CGCACATTAGGCCTAACGAG,1,4291697
yadI_predicted,1.8125,43,15,CGATCTATTTCTCGATAGTC,28,4326855
yadI_predicted,3.5,70,15,CGATAGACACGATTAAGTCG,55,4367135
yadI_predicted,1.5625,39,15,CGAGTCGCCGCCAATCCCAA,24,4370001
yadI_predicted,1.375,36,15,CGAAATAGTTTTCTGTCAAG,21,4314950
yadI_predicted,1.75,42,15,CCTTGTGGCACTCATCCTAC,27,4309468
yadI_predicted,1.3125,35,15,CCTCTGCTCTATACGTATCA,20,4297844
yadI_predicted,0.8125,27,15,CCTATTATGCTCCTCGCACA,12,4308920
yadI_predicted,0.125,16,15,CCTAGACCATCTACGGCGGC,1,4289744
yadI_predicted,2.25,50,15,CCGGTCGTCCGAGGGCTGAC,35,4305105
yadI_predicted,0.6875,25,15,CCGCCTCGCCTTAGTGTTCC,10,4315229
yadI_predicted,1.8125,43,15,CCGATGCAGTTTATCCATAT,28,4291302
yadI_predicted,0.125,16,15,CCCTGGGCGTATAGCGGGGG,1,4317807
yadI_predicted,0.125,16,15,CCCGTAAGTGGTTATGGGGT,1,4338857
yadI_predicted,0.75,26,15,CCCGCTGACGTTTAATGCAT,11,4310104
yadI_predicted,1.375,36,15,CCAGTCCCGGGGAGTGGGGG,21,4344983
yadI_predicted,1.0,30,15,CCAGCTCGTTTCTCCGGGTT,15,4288629
yadI_predicted,1.0,30,15,CCACAGAGGTGACTGTCATA,15,4316496
yadI_predicted,2.3125,51,15,CATGTATGCGATTTGAACCA,36,4334186
yadI_predicted,0.125,16,15,CATGGGTACCCTCGGGTTCG,1,4323875
yadI_predicted,1.125,32,15,CATATGGGGACCTGGAGGCG,17,4319949
yadI_predicted,1.25,34,15,CATAAAATACCATAGATGTG,19,4313962
yadI_predicted,0.1875,17,15,CAGGTTTCAGTGCCGCAACT,2,4340313
yadI_predicted,0.8125,27,15,CAGCCCGCTGCGTAGCGGAG,12,4346334
yadI_predicted,1.75,42,15,CAGCCATGAGCGACCGACTT,27,4310404
yadI_predicted,2.3125,51,15,CAGCAAAAGATTGGGTTTAA,36,4320593
yadI_predicted,0.4375,21,15,CAGACAACCAGGTCAAACTT,6,4357733
yadI_predicted,0.125,16,15,CACACATTCACACAGGGAGA,1,4354501
yadI_predicted,0.125,16,15,CAATTTCTTCAGCGCTACGA,1,4308495
yadI_predicted,0.4375,21,15,CAAGGCCCTACCCGCACCTA,6,4334236
yadI_predicted,0.9375,29,15,CAACGCTTGACCTGAGGAGA,14,4324002
yadI_predicted,0.875,28,15,CAACAGACAGATTAGGAAAC,13,4368266
yadI_predicted,2.5,54,15,ATTTCTTCCAGGGTAGTGCC,39,4295419
yadI_predicted,1.125,32,15,ATTTCCCGGAAAATGTGCTG,17,4327002
yadI_predicted,0.4375,21,15,ATTGGGTGATCCAAGTCGGC,6,4304817
yadI_predicted,0.375,20,15,ATTATACGCTGGATAGCCGT,5,4348222
yadI_predicted,1.4375,37,15,ATTAGGCGCTTTGTGATCCC,22,4328629
yadI_predicted,1.0,30,15,ATGTCTCCCCGCAGTTGCCG,15,4338191
yadI_predicted,1.4375,37,15,ATGACACGCTCCTACACGTC,22,4363415
yadI_predicted,0.6875,25,15,ATCGTGCTAAGCTATCAGTA,10,4340807
yadI_predicted,0.5,22,15,ATCCGTTGGCCAGAGCATTC,7,4356119
yadI_predicted,1.4375,37,15,ATCATATCAACGATTTGTAG,22,4290029
yadI_predicted,0.75,26,15,ATATGCAATTCAAGACAGTC,11,4362786
yadI_predicted,2.6875,57,15,ATAGGCACCTCGGTAAAATG,42,4329933
yadI_predicted,0.25,18,15,AGTTCTATACTGGTGATGCC,3,4288729
yadI_predicted,0.8125,27,15,AGTGGCGCAAGGCTGGTCGC,12,4318472
yadI_predicted,2.75,58,15,AGTCCGACCAACCCCGGTTT,43,4292449
yadI_predicted,2.125,48,15,AGTACCACGAAGGGTGAATA,33,4346699
yadI_predicted,0.8125,27,15,AGGGGACAGCACACACTCAT,12,4367979
yadI_predicted,2.125,48,15,AGGGCGTATACTTTGTCTTG,33,4329451
yadI_predicted,0.125,16,15,AGGGATTGGACCGTCCACGC,1,4332780
yadI_predicted,1.625,40,15,AGGCGAGCCACAAGGTCATC,25,4320217
yadI_predicted,0.1875,17,15,AGGCACATTCACCATAGACC,2,4290908
yadI_predicted,1.0625,31,15,AGGATCTGCCGCAGATGTCA,16,4317501
yadI_predicted,0.1875,17,15,AGGAACGTAGTTGATAAAGT,2,4343084
yadI_predicted,0.125,16,15,AGCTTGCGTGGGTCAATTTG,1,4324507
yadI_predicted,1.0625,31,15,AGCGTACCTTGATCTGATAG,16,4352106
yadI_predicted,2.25,50,15,AGCGGGTTATCGTGAGCTAA,35,4284362
yadI_predicted,3.3125,67,15,AGCAGTTGTACAATGCAACA,52,4350647
yadI_predicted,0.125,16,15,AGCACCCCGCTTCGCGCAAA,1,4367336
yadI_predicted,0.9375,29,15,AGATCATTCGGTAATCTTAC,14,4355681
yadI_predicted,1.4375,37,15,AGATAATAGTAGTTAGCCAT,22,4345049
yadI_predicted,0.125,16,15,AGAGTCAGAGTCACGAGCGC,1,4329879
yadI_predicted,0.75,26,15,AGAGGAGGCTAGACCCGCTC,11,4340265
yadI_predicted,0.125,16,15,AGACCGCTCGCTTATCTTGT,1,4364004
yadI_predicted,0.1875,17,15,ACTTTGAGTAATTGTAAAGT,2,4352041
yadI_predicted,0.4375,21,15,ACTTCGTTGAAAAAAACAGT,6,4336386
yadI_predicted,0.75,26,15,ACTCTAGAGACAACGGGCGA,11,4308307
yadI_predicted,2.125,48,15,ACTCCCATAAAAGCAGGGAA,33,4303655
yadI_predicted,1.3125,35,15,ACTACGGTCTAAGGGAGTGG,20,4308798
yadI_predicted,0.125,16,15,ACGTTTTACGAACCCATTTA,1,4308684
yadI_predicted,0.625,24,15,ACGGTTTAGGCTTAACGAGG,9,4369935
yadI_predicted,1.375,36,15,ACGGTACCTTCCTATTGATA,21,4311102
yadI_predicted,1.125,32,15,ACGGCACAAAGTTTCCAGAC,17,4361724
yadI_predicted,0.625,24,15,ACGCAGGGTCTTACTATCGG,9,4341104
yadI_predicted,0.125,16,15,ACCCTCTTGTTTACACATAG,1,4323530
yadI_predicted,1.6875,41,15,ACCCAAAGAGCTTTCGCTTT,26,4310188
yadI_predicted,1.125,32,15,ACCAACACGTCGGTATTCCA,17,4369857
yadI_predicted,1.75,42,15,ACATGCTAGTGCTGACAACA,27,4287524
yadI_predicted,0.125,16,15,ACATGCCTGCGCTTCAGCAA,1,4325574
yadI_predicted,1.6875,41,15,ACATAGCCACGCTGAAGACG,26,4286508
yadI_predicted,1.625,40,15,ACAGGATAAGGAAGAAACCC,25,4288010
yadI_predicted,0.375,20,15,ACAGCTTGGGTCCGAACTCG,5,4316421
yadI_predicted,0.5,22,15,ACAGCTGTACTTTTCTCTAT,7,4338057
yadI_predicted,0.5,22,15,ACACATGACGGGATTAATCT,7,4342963
yadI_predicted,0.5625,23,15,AATTTCTAGCCAAACGCATA,8,4331549
yadI_predicted,0.125,16,15,AATTCATTTATTAATGGAAT,1,4312027
yadI_predicted,1.25,34,15,AATGCCCGCTCAGGGAGCAT,19,4348070
yadI_predicted,1.75,42,15,AATAGGCTTTCGCTGAGTGT,27,4347034
yadI_predicted,0.1875,17,15,AAGTATCAGTGGATAATAAA,2,4286109
yadI_predicted,0.5,22,15,AAGGCCCGCCTCCATCTTTT,7,4363230
yadI_predicted,1.625,40,15,AAGCGTGGGCACTATCCGGC,25,4366570
yadI_predicted,1.5,38,15,AAGCGTCAATGTGATATCAC,23,4337991
yadI_predicted,0.125,16,15,AAGACCCGCTCCTATGACTG,1,4321810
yadI_predicted,0.625,24,15,AACTTTTGCTGTACCCGGAA,9,4297219
yadI_predicted,1.1875,33,15,AACGTTCAATTAATCATAAA,18,4328966
yadI_predicted,1.3125,35,15,AACCTAATAGGCAGTGGGAA,20,4340744
yadI_predicted,0.375,20,15,AAATAGCTTATGTGCGGTTT,5,4302398
yadI_predicted,1.0625,31,15,AAAGTAATATATCCGCTCAG,16,4291920
yadI_predicted,1.3125,35,15,AAACCGTTTCCGGATGACGG,20,4315733
yadI_predicted,1.0,30,15,AAAAGTTAACAGAACCGTGA,15,4341963
yadI_predicted,0.13333333333333333,15,14,TTTTCATTGATCACAAATTG,1,4311335
yadI_predicted,0.4666666666666667,20,14,TTTTAGCTTAAGGCGCCCAG,6,4284309
yadI_predicted,2.1333333333333333,45,14,TTTCGAGGTTTGGCCGGGGT,31,4349614
yadI_predicted,0.13333333333333333,15,14,TTTATCGTGCATGAATAGGT,1,4367265
yadI_predicted,2.4,49,14,TTGTTTAGCGGCCTCGCGTT,35,4319639
yadI_predicted,2.7333333333333334,54,14,TTGTTCACGTAATAAAGCAT,40,4292575
yadI_predicted,3.066666666666667,59,14,TTGCTCGTACGATACAGACA,45,4293387
yadI_predicted,0.4666666666666667,20,14,TTGCGTACGGGGTTTCCGGA,6,4309812
yadI_predicted,1.4666666666666666,35,14,TTCTTAGAAGTCGCTCATCG,21,4346622
yadI_predicted,0.13333333333333333,15,14,TTCTACACATCGCGGGGTGT,1,4361329
yadI_predicted,3.3333333333333335,63,14,TTCGTGGACTGAAGACCACC,49,4357879
yadI_predicted,2.933333333333333,57,14,TTCCAGTCTACCAGCGCGTG,43,4291645
yadI_predicted,1.0666666666666667,29,14,TTCACTGCGGACTTAAGGGA,15,4368151
yadI_predicted,1.2,31,14,TTCAAGGTATTGAAAGGTCC,17,4344369
yadI_predicted,1.4666666666666666,35,14,TTATTGGGGTATAACGCGGC,21,4309460
yadI_predicted,2.066666666666667,44,14,TTATCAACGGACAGGAGTTC,30,4348064
yadI_predicted,1.4666666666666666,35,14,TTACTCATGAGGCGTTATCT,21,4296907
yadI_predicted,0.2,16,14,TTACATGGCAGAAACTCTCA,2,4345751
yadI_predicted,0.6,22,14,TTACACACTAGCTTTACGAC,8,4300536
yadI_predicted,1.6666666666666667,38,14,TTAAGCCCGCGCCCTCAAAT,24,4327897
yadI_predicted,0.2,16,14,TGTTGGGCAACAACTCACGT,2,4292726
yadI_predicted,0.13333333333333333,15,14,TGTTAAGAATCCGTATCGCA,1,4350510
yadI_predicted,1.4,34,14,TGTCAGTATTACCACACTTT,20,4368068
yadI_predicted,1.6666666666666667,38,14,TGTAGGAATATTAAATATAA,24,4297784
yadI_predicted,0.8666666666666667,26,14,TGTAGCCCGTGATCACGTGG,12,4328101
yadI_predicted,0.6666666666666666,23,14,TGGGGTGCGGACTTGTACAC,9,4358543
yadI_predicted,3.066666666666667,59,14,TGGGACACTAAACGGGCGCA,45,4342416
yadI_predicted,1.8666666666666667,41,14,TGGACTGGGTTTGCTGGGGG,27,4350067
yadI_predicted,2.2,46,14,TGGAAAGTCGTCCAAAAGTA,32,4355331
yadI_predicted,0.13333333333333333,15,14,TGCTTTCGCCGGTTTAAAGA,1,4314737
yadI_predicted,0.13333333333333333,15,14,TGCTTGGTTTCTCGACTGTT,1,4317376
yadI_predicted,0.2,16,14,TGCTATTGGTGTCTGAACCA,2,4366319
yadI_predicted,1.1333333333333333,30,14,TGCCTAGAGTGGCTCCTCGA,16,4363776
yadI_predicted,0.13333333333333333,15,14,TGCCCCAACTCGCAGTTAAT,1,4359972
yadI_predicted,0.8666666666666667,26,14,TGCAGATTTAAAGCTGGGGG,12,4294899
yadI_predicted,0.4666666666666667,20,14,TGCAACATCTCAAGAATGAC,6,4353953
yadI_predicted,0.8,25,14,TGAATCAATTGCACCCTCCA,11,4319337
yadI_predicted,1.6,37,14,TCGGCTTCATTCAGTTTTTG,23,4301336
yadI_predicted,1.9333333333333333,42,14,TCGACGTGCTGATTCTACCC,28,4319093
yadI_predicted,0.2,16,14,TCGACAGCCCCCGGTTTGAC,2,4347521
yadI_predicted,0.3333333333333333,18,14,TCCCTGCCAGGCCAAATTCT,4,4352906
yadI_predicted,1.2666666666666666,32,14,TCCCTCAAGACAGGAGCCTG,18,4312099
yadI_predicted,0.8666666666666667,26,14,TCATGGTGGCAGTCTATGAA,12,4295899
yadI_predicted,0.13333333333333333,15,14,TCATGGGTTACAGCGGTCGC,1,4287641
yadI_predicted,3.2666666666666666,62,14,TCATACACCGGCCTCATAAA,48,4334643
yadI_predicted,0.2,16,14,TCAGGGCCGTACAGGCCAAT,2,4292572
yadI_predicted,0.9333333333333333,27,14,TCACCATTCGGAAAGTAGAT,13,4317646
yadI_predicted,1.1333333333333333,30,14,TCACCATAGGATAAGGCTAT,16,4359229
yadI_predicted,0.13333333333333333,15,14,TCAATACTTTGGGGGTCAAA,1,4294299
yadI_predicted,1.1333333333333333,30,14,TCAAGGTATGATAGCCCCTT,16,4341075
yadI_predicted,1.6666666666666667,38,14,TCAAACACGCCGGTAAGTCT,24,4308705
yadI_predicted,3.3333333333333335,63,14,TATTTCGTATAGTTTACCCA,49,4304963
yadI_predicted,0.13333333333333333,15,14,TATGTGACTTAACAAAGTAT,1,4357250
yadI_predicted,0.5333333333333333,21,14,TATCAGTATCTGCGGGGGTA,7,4353493
yadI_predicted,0.7333333333333333,24,14,TATACACTGCACAATCTGCG,10,4324005
yadI_predicted,2.3333333333333335,48,14,TACTTTCAAGGTCAGCACAT,34,4350585
yadI_predicted,1.9333333333333333,42,14,TACTTGGGTTAGACTGTCCA,28,4367827
yadI_predicted,0.26666666666666666,17,14,TACGAGAAGACAAACTAGGA,3,4346688
yadI_predicted,1.0,28,14,TACCAAACTGGTGCACGGGT,14,4347744
yadI_predicted,2.8,55,14,GTTTTGGTCGAGGGTGATTT,41,4327803
yadI_predicted,0.9333333333333333,27,14,GTTTCAGTTTCACCTCTTCT,13,4306925
yadI_predicted,2.3333333333333335,48,14,GTTCAGTTTGTGGAGATGAA,34,4309232
yadI_predicted,2.933333333333333,57,14,GTGTAAGGTGATAGCCCAGA,43,4355023
yadI_predicted,0.2,16,14,GTGGTCGCTATGCTTCAGAG,2,4287462
yadI_predicted,0.4,19,14,GTGGCATTGCGTGTTCCCGG,5,4301340
yadI_predicted,0.13333333333333333,15,14,GTGAATCGGAGCTGGCTGTG,1,4345169
yadI_predicted,0.9333333333333333,27,14,GTGAACCACGATGCGGTTCA,13,4334608
yadI_predicted,1.0666666666666667,29,14,GTCTATTGAAAACACTAAGA,15,4287629
yadI_predicted,0.6,22,14,GTCGGAGATTCTGGATCAGT,8,4354511
yadI_predicted,6.0,103,14,GTCCGAGCTGCCCGCGTGGA,89,4297128
yadI_predicted,0.26666666666666666,17,14,GTAGTATTACGCAGGGATGG,3,4341466
yadI_predicted,0.13333333333333333,15,14,GTAGGCAACATAAAAGTGGT,1,4369470
yadI_predicted,0.4666666666666667,20,14,GTACAGGTAATCGTTAGTTC,6,4301055
yadI_predicted,0.4,19,14,GTAATTGTAACATCCTACGA,5,4295526
yadI_predicted,0.8666666666666667,26,14,GTAACGCGAGACACTAAGGT,12,4341764
yadI_predicted,2.2,46,14,GGTTCAAGCGCGTCGCCGCA,32,4310092
yadI_predicted,3.066666666666667,59,14,GGTGCTCAAGCTAGAGGTGA,45,4345970
yadI_predicted,2.933333333333333,57,14,GGTGCATAGACTTTCTGTCT,43,4308990
yadI_predicted,0.13333333333333333,15,14,GGTGAAATTGGGTCGCACCT,1,4355796
yadI_predicted,0.4,19,14,GGTCGCACTTGGGGGCGAAG,5,4333140
yadI_predicted,0.13333333333333333,15,14,GGTCATAGTAAAGTTGCTGA,1,4306676
yadI_predicted,0.9333333333333333,27,14,GGTATCCAGGTACGGGGACG,13,4360683
yadI_predicted,0.5333333333333333,21,14,GGGTTTATACGTGATGGTCT,7,4362516
yadI_predicted,0.4666666666666667,20,14,GGGTGGTGAAAGTCACCCTG,6,4315072
yadI_predicted,1.4,34,14,GGGATTGCTTCAGCGCTCTG,20,4330385
yadI_predicted,1.0,28,14,GGCTTGACAAATGTGCAATT,14,4349610
yadI_predicted,0.26666666666666666,17,14,GGCTAGATTCCATCACAGTG,3,4364804
yadI_predicted,0.9333333333333333,27,14,GGCAGAGTGCTTTCATTCGA,13,4344482
yadI_predicted,2.8666666666666667,56,14,GGATTTTTCATACGCGCCCG,42,4303548
yadI_predicted,0.13333333333333333,15,14,GGAATCAGCTAATAGAGTTC,1,4353038
yadI_predicted,0.2,16,14,GGAAGCGCAACGGCGCGCAT,2,4314073
yadI_predicted,1.8,40,14,GGAAAGAAAACCTCCTTAGC,26,4359807
yadI_predicted,1.4666666666666666,35,14,GCTGATCACAGACGACTCAA,21,4325505
yadI_predicted,2.933333333333333,57,14,GCTCCTGCGCGACTCCCAGA,43,4322275
yadI_predicted,1.2666666666666666,32,14,GCTCCGTCGTGGAAGAGCCC,18,4321030
yadI_predicted,2.1333333333333333,45,14,GCTACCACATCTCGCTCAAA,31,4317676
yadI_predicted,0.13333333333333333,15,14,GCCTTTGAACCGGAGTTGAA,1,4363017
yadI_predicted,1.6666666666666667,38,14,GCCCTTTAGATCCGTAGGCT,24,4285078
yadI_predicted,1.3333333333333333,33,14,GCCCGATCTCGACTTTATCT,19,4349556
yadI_predicted,0.9333333333333333,27,14,GCCCAACGCTGTTTGTCGCT,13,4356920
yadI_predicted,0.6,22,14,GCCAATAAGATTATGAACTG,8,4289079
yadI_predicted,1.6666666666666667,38,14,GCATGAGCATATATTAATCC,24,4292432
yadI_predicted,2.0,43,14,GCATATCCCCCTCGTCTCAG,29,4332779
yadI_predicted,0.13333333333333333,15,14,GCAGGAAGAAATGGATATAC,1,4365880
yadI_predicted,0.3333333333333333,18,14,GCAGCTGCAGATGTCGAATG,4,4304190
yadI_predicted,1.0666666666666667,29,14,GCACTAATTGTCGATATTAC,15,4331354
yadI_predicted,3.533333333333333,66,14,GCAAGGCGTTAAACACTTAG,52,4364927
yadI_predicted,2.533333333333333,51,14,GCAAGGAGGAGCAAACTGCT,37,4312793
yadI_predicted,1.2666666666666666,32,14,GATGCGATGTAAGTAATTTG,18,4326415
yadI_predicted,0.13333333333333333,15,14,GATCACCCTGGGTGTGATCA,1,4285851
yadI_predicted,5.0,88,14,GATCAACCGTCTACTCAAGA,74,4350559
yadI_predicted,1.8,40,14,GATATTCGAGTAAGTCCAGA,26,4334226
yadI_predicted,1.5333333333333334,36,14,GATAAGCAGAGAAGTCACCT,22,4364182
yadI_predicted,7.0,118,14,GAGGGTGAAGAAGGCGTGGG,104,4367124
yadI_predicted,1.2,31,14,GAGGGTAGAGCGGCTCGCTC,17,4296519
yadI_predicted,3.466666666666667,65,14,GAGATTTGGCCCAACCTCGA,51,4342064
yadI_predicted,1.2666666666666666,32,14,GAGACTTTCGTGCGTACAGT,18,4310878
yadI_predicted,0.8666666666666667,26,14,GACGGGATACGCGAATTTAA,12,4304051
yadI_predicted,0.4,19,14,GAATGTAGGGAGTACCGTCT,5,4336240
yadI_predicted,1.2,31,14,GAATATCAGCTAGGCAGGCT,17,4362563
yadI_predicted,1.6666666666666667,38,14,GAAAATCCGCGTATTGTGGT,24,4331015
yadI_predicted,1.4,34,14,GAAAAGCGATATGCCCAGCA,20,4288254
yadI_predicted,0.3333333333333333,18,14,CTTGGACGGCATCGTTACAT,4,4351023
yadI_predicted,2.0,43,14,CTTGCATGCCAGTGCACCAT,29,4322142
yadI_predicted,0.6666666666666666,23,14,CTTGAGTATAGTTGTACTCA,9,4318022
yadI_predicted,1.0,28,14,CTTCGGCTCTCGTCGGGGTG,14,4329412
yadI_predicted,1.3333333333333333,33,14,CTTCATTCAGTAACAAGCTC,19,4291517
yadI_predicted,0.6,22,14,CTTATTGCCTAAATTGTCTG,8,4290004
yadI_predicted,2.4,49,14,CTTATCGTTGGTGAACGCGG,35,4286861
yadI_predicted,0.8,25,14,CTTATCGACCCGGCCGGGAC,11,4338270
yadI_predicted,0.3333333333333333,18,14,CTTAGCAACAGCGTTGACAC,4,4347340
yadI_predicted,0.4,19,14,CTGTTGAGTACCCATTCATT,5,4331136
yadI_predicted,2.933333333333333,57,14,CTGTGTGGTTGGGCACCTAT,43,4341827
yadI_predicted,1.3333333333333333,33,14,CTGCGGTTAGCATCGTATTG,19,4321858
yadI_predicted,1.4,34,14,CTGCACGACAGTAGGGATAA,20,4291681
yadI_predicted,0.9333333333333333,27,14,CTGAAGACTCTACCATAAAC,13,4286951
yadI_predicted,3.533333333333333,66,14,CTCTTAGTCCGACCCGCCTT,52,4352274
yadI_predicted,0.8666666666666667,26,14,CTCGTAAATGGTGCGTTAAA,12,4333649
yadI_predicted,0.4,19,14,CTCGGGCATGGTTAGCTCGA,5,4318140
yadI_predicted,0.4666666666666667,20,14,CTCCTTCTGGCAGTGTCTCG,6,4319747
yadI_predicted,2.1333333333333333,45,14,CTCCGCAAGGAGATAAGGCA,31,4305973
yadI_predicted,1.0,28,14,CTCCGACTTGATCCGACGCC,14,4291860
yadI_predicted,1.8666666666666667,41,14,CTCAGGCAGTTTATGCGAAT,27,4291297
yadI_predicted,0.13333333333333333,15,14,CTCACTGGCACGTTAAGGAC,1,4359243
yadI_predicted,1.5333333333333334,36,14,CTCACGGCATGGGCGTGAAC,22,4333372
yadI_predicted,1.1333333333333333,30,14,CTAGCCCCCGGAGGAAGCCT,16,4347426
yadI_predicted,0.26666666666666666,17,14,CTAGCAACGAGCCTTGAATA,3,4309135
yadI_predicted,1.6666666666666667,38,14,CTACCCATAAAAGAGTCGGA,24,4300649
yadI_predicted,0.8,25,14,CGGTTGAAATTTTAGCGCTA,11,4355786
yadI_predicted,0.13333333333333333,15,14,CGGTGAGCTCGCATTTGAAA,1,4361668
yadI_predicted,0.13333333333333333,15,14,CGGATACAAATACTTCTCAA,1,4304334
yadI_predicted,2.6,52,14,CGGACCGAGCGCATGAAAGA,38,4363815
yadI_predicted,0.6,22,14,CGGACCCTCTTTCACTATGA,8,4298758
yadI_predicted,2.3333333333333335,48,14,CGCGTTGATTTACTATTCGG,34,4311654
yadI_predicted,1.2666666666666666,32,14,CGCGGGGGTCCTGTCCAACT,18,4308691
yadI_predicted,2.8,55,14,CGCGATTTTCTGTTAATTAC,41,4315963
yadI_predicted,2.066666666666667,44,14,CGCGATATTCTCTTTCAAGT,30,4337802
yadI_predicted,0.4666666666666667,20,14,CGCAAGGCCAACTTCAAAGA,6,4311303
yadI_predicted,1.6,37,14,CGATAGTTTCTAAGTGTCTT,23,4299548
yadI_predicted,1.8,40,14,CGAGGTTTCATCCCGCGGGG,26,4334467
yadI_predicted,1.4666666666666666,35,14,CGAGCCATACGGGTTGCGGC,21,4318792
yadI_predicted,0.4666666666666667,20,14,CGACGAGCATCGCGCCCGAC,6,4331812
yadI_predicted,1.0666666666666667,29,14,CGAATCGCGGCCCAGCATCC,15,4319976
yadI_predicted,0.26666666666666666,17,14,CGAAAGGTCCATTCGACCGT,3,4293920
yadI_predicted,2.533333333333333,51,14,CCTGCGGTTGGCCGTATGAC,37,4286711
yadI_predicted,0.26666666666666666,17,14,CCTGCGCATGCGCCACACCA,3,4319777
yadI_predicted,1.4666666666666666,35,14,CCTGCATGGAGAACGGACGG,21,4317611
yadI_predicted,1.5333333333333334,36,14,CCGTGCTAGCTATGCCCCCT,22,4336657
yadI_predicted,3.4,64,14,CCGCTTGTGGAACCGTAAAC,50,4328442
yadI_predicted,2.533333333333333,51,14,CCGATCGGATCCCCTATTAC,37,4342892
yadI_predicted,0.4,19,14,CCGAACGACAGTGGGGGTGG,5,4322685
yadI_predicted,1.7333333333333334,39,14,CCCTCCCGCGGGATTAGTTA,25,4334479
yadI_predicted,1.8666666666666667,41,14,CCCGCCACGGTCAGGCTCTG,27,4334597
yadI_predicted,3.3333333333333335,63,14,CCCCTGGTCTTCAATGGCAA,49,4352373
yadI_predicted,0.3333333333333333,18,14,CCCCCATACCACATGCTTTT,4,4354663
yadI_predicted,0.13333333333333333,15,14,CCCACTGAAAGGCCAGACTC,1,4347934
yadI_predicted,0.8,25,14,CCATTGTATCGCAGCTCGCT,11,4293553
yadI_predicted,0.13333333333333333,15,14,CCATTGAGAAGTTTTGCCTT,1,4325449
yadI_predicted,1.3333333333333333,33,14,CCATAGTTCGGCAATCTTTG,19,4323606
yadI_predicted,1.3333333333333333,33,14,CCACTCACTATTACGATCCA,19,4288349
yadI_predicted,0.13333333333333333,15,14,CCAAATAGTGCTTATGTTCA,1,4334027
yadI_predicted,2.1333333333333333,45,14,CCAAATAGAAGGGGCGAAAA,31,4292493
yadI_predicted,0.5333333333333333,21,14,CATTGCCGGCTAACTTTATT,7,4338332
yadI_predicted,0.13333333333333333,15,14,CATGAAACTGTTGAGTAGGG,1,4366639
yadI_predicted,2.8,55,14,CATCTTAAACACCAGCCGCT,41,4366900
yadI_predicted,0.13333333333333333,15,14,CATAGCCGCCGACCACCCGA,1,4358375
yadI_predicted,1.0,28,14,CATACTAATCGCCACGGAAG,14,4335158
yadI_predicted,0.4666666666666667,20,14,CATAATGAAGATGAACGCGA,6,4319883
yadI_predicted,0.9333333333333333,27,14,CAGCCTAAGGATCTGAGTCC,13,4327104
yadI_predicted,0.8,25,14,CAGCACGAGACTCCCTGAGA,11,4309713
yadI_predicted,0.2,16,14,CACTAGGGACGGCTGAGAGA,2,4361118
yadI_predicted,1.0,28,14,CACGTCTAAAATGTTACCCT,14,4329903
yadI_predicted,1.8666666666666667,41,14,CACCATGGCATCCGCGTTTT,27,4284160
yadI_predicted,3.6666666666666665,68,14,CAATCTATGCCAGCCCACGG,54,4302380
yadI_predicted,1.7333333333333334,39,14,CAAGAAGCAGAGCACCACGA,25,4359921
yadI_predicted,1.9333333333333333,42,14,CAAATCAGTACTCCCTCGAC,28,4349847
yadI_predicted,0.13333333333333333,15,14,ATTTACACTGGGAGAACTAG,1,4342246
yadI_predicted,0.5333333333333333,21,14,ATTTAAAGGACACGATCGGC,7,4361324
yadI_predicted,2.6,52,14,ATTCTCTTGGTTTGGGTATA,38,4291166
yadI_predicted,0.9333333333333333,27,14,ATTATAGTACGGATGGGGGT,13,4365807
yadI_predicted,0.13333333333333333,15,14,ATTACCCGCTCAACAGGGGT,1,4291861
yadI_predicted,2.8666666666666667,56,14,ATGTAAGCCCAAAACGGTGG,42,4366990
yadI_predicted,0.6,22,14,ATGATTCGGTAAGGTGTCAT,8,4297049
yadI_predicted,1.0666666666666667,29,14,ATGACCTTACAAGGTTCAAA,15,4338598
yadI_predicted,0.13333333333333333,15,14,ATCTTGAAAGTCAAACTCCA,1,4322000
yadI_predicted,1.7333333333333334,39,14,ATCTCTGCGAGAATGGATGG,25,4345053
yadI_predicted,1.1333333333333333,30,14,ATCGAGAGTTTAGTAGAAGG,16,4316803
yadI_predicted,0.13333333333333333,15,14,ATCCCTCAGATGGCTTGCGT,1,4361781
yadI_predicted,1.2,31,14,ATCCATTGGTAGGTATGCTT,17,4304476
yadI_predicted,2.533333333333333,51,14,ATCACCTGGCATCTAACGTA,37,4291017
yadI_predicted,0.13333333333333333,15,14,ATATCTCCGCCGGACCCGAT,1,4297002
yadI_predicted,0.4,19,14,ATAGGTAAGAACCACCCACA,5,4355007
yadI_predicted,2.2,46,14,ATAGGTAAACTCGCCGGCGT,32,4346364
yadI_predicted,1.4,34,14,ATAACGGTAAGCAAATATCT,20,4299302
yadI_predicted,1.0666666666666667,29,14,ATAAAGATGTACAGGATAGG,15,4302974
yadI_predicted,0.5333333333333333,21,14,AGTTTACCGAACTGGGTCAA,7,4338457
yadI_predicted,1.0666666666666667,29,14,AGTTCACAGTGTCTAATATC,15,4315780
yadI_predicted,0.13333333333333333,15,14,AGTTAGGAGCCCGTTGGCAT,1,4315158
yadI_predicted,3.2,61,14,AGTGTTGCCGAAAGCCCTTT,47,4356961
yadI_predicted,0.8,25,14,AGTGGAGTTAGGGAATTATG,11,4342341
yadI_predicted,1.8666666666666667,41,14,AGTCCAGAAAGAGGCTGGTC,27,4352280
yadI_predicted,0.4666666666666667,20,14,AGTATGGACAGCTTTTGATT,6,4306709
yadI_predicted,0.13333333333333333,15,14,AGTAAGACTAGGTTTGTTAC,1,4362882
yadI_predicted,0.4666666666666667,20,14,AGGGTTGATCATAGCTTTCG,6,4307612
yadI_predicted,0.2,16,14,AGGGTACTTTGTTTAAGCCT,2,4333898
yadI_predicted,0.4,19,14,AGGGCACCGGCAATACTCCG,5,4303867
yadI_predicted,0.9333333333333333,27,14,AGGCTACCCAGCGACACGCG,13,4295877
yadI_predicted,1.2666666666666666,32,14,AGCGTGACGGGCCTCCGGAA,18,4323957
yadI_predicted,0.4666666666666667,20,14,AGCGTATTCCGTCCCTGGAT,6,4361203
yadI_predicted,1.8666666666666667,41,14,AGCGCCCCGGGGACAAGTAA,27,4295951
yadI_predicted,2.3333333333333335,48,14,AGCCTGTCACAAGCCCATTG,34,4303431
yadI_predicted,2.066666666666667,44,14,AGATTGTATTAGGTATAGGG,30,4326094
yadI_predicted,0.5333333333333333,21,14,AGAGTCCCGTGAAATCGAAC,7,4312684
yadI_predicted,0.4666666666666667,20,14,AGAGACTCAAGGGTTGGCTA,6,4297713
yadI_predicted,0.13333333333333333,15,14,AGACCGCTCTCACCAATGTC,1,4368312
yadI_predicted,0.13333333333333333,15,14,AGACCAGCTCACGGAACAAC,1,4302124
yadI_predicted,1.0666666666666667,29,14,AGAATCTGGGGAGTTAATGC,15,4335154
yadI_predicted,1.3333333333333333,33,14,ACTGACGCACTTGGTGGTAC,19,4345978
yadI_predicted,1.2666666666666666,32,14,ACTCTTGTATCAGGCCGGGT,18,4303767
yadI_predicted,1.5333333333333334,36,14,ACTACTCACTAAGAAGCGCC,22,4365950
yadI_predicted,1.1333333333333333,30,14,ACGGCTGCACTGTTGCATTA,16,4346269
yadI_predicted,0.2,16,14,ACCTTACAGGCGGTAAGCAG,2,4292159
yadI_predicted,0.6,22,14,ACCTACGTTGACTAGAGATA,8,4298053
yadI_predicted,0.7333333333333333,24,14,ACCCTAATTGAGTCATGAGC,10,4348225
yadI_predicted,1.8,40,14,ACCATCCTCCGCTATTCCTA,26,4307141
yadI_predicted,2.4,49,14,ACATACCACATCCCTCAATA,35,4321838
yadI_predicted,0.5333333333333333,21,14,ACAAGACGATACTGCTTTAA,7,4362688
yadI_predicted,0.2,16,14,ACAACAGCCCAGGGGAAGGT,2,4367959
yadI_predicted,0.3333333333333333,18,14,AATTGCTGTTGGGTTTAATG,4,4354996
yadI_predicted,0.8666666666666667,26,14,AATGTCGAAGGTGGTCCACA,12,4289036
yadI_predicted,2.1333333333333333,45,14,AAGGAATGAGGATTAGCGTT,31,4348769
yadI_predicted,1.8,40,14,AAGGAAACGCCTCAGGTACT,26,4336709
yadI_predicted,1.5333333333333334,36,14,AAGCTTGCATTAACAATCGG,22,4340364
yadI_predicted,1.2666666666666666,32,14,AAGCTCGCATGACGCGGCAA,18,4363718
yadI_predicted,2.6666666666666665,53,14,AAGCAGCTGAGGAACTTCGG,39,4296876
yadI_predicted,2.2,46,14,AAGCAGATCACTCAGTGGCG,32,4313040
yadI_predicted,0.9333333333333333,27,14,AAGCAATATCAATCAATGTT,13,4320284
yadI_predicted,0.8666666666666667,26,14,AAGACGCTTGCTAATTATTG,12,4301195
yadI_predicted,0.8,25,14,AAGAAGAATTGATACAGAGA,11,4360521
yadI_predicted,0.5333333333333333,21,14,AACTTACGGGTTCCTTAAAT,7,4318116
yadI_predicted,0.6666666666666666,23,14,AACTCTGTTTTCCGTCGGTC,9,4362281
yadI_predicted,2.0,43,14,AACTCGCATGGCTATAATTA,29,4353705
yadI_predicted,2.2666666666666666,47,14,AACTCAATCGCCGAGCTAGC,33,4318740
yadI_predicted,0.7333333333333333,24,14,AACGACTCTGGTCATCTGAG,10,4327270
yadI_predicted,3.6,67,14,AACCTGTCAGAGATTTACAT,53,4289830
yadI_predicted,1.2666666666666666,32,14,AAATATCATTAGCATACATC,18,4306026
yadI_predicted,0.2,16,14,AAAGTCGGGTGTCCGAACTC,2,4328801
yadI_predicted,0.13333333333333333,15,14,AAACGGGGGTCTGCCTACAA,1,4314416
yadI_predicted,2.066666666666667,44,14,AAAATCTTGATACTTCACGT,30,4303122
yadI_predicted,0.9333333333333333,27,14,AAAATAGGTGGGTTCTCCGA,13,4292392
yadI_predicted,1.9285714285714286,39,13,TTTTCCGCACGGCATCAGAC,26,4316595
yadI_predicted,1.1428571428571428,28,13,TTTTCCCAGAGGGCGGAATA,15,4314194
yadI_predicted,2.2142857142857144,43,13,TTTGGTTCCCAAGAAATGGA,30,4360799
yadI_predicted,2.0,40,13,TTTGGAGCGAGAGTAATATA,27,4342732
yadI_predicted,3.9285714285714284,67,13,TTTCTACGTTAATTGCATAG,54,4305004
yadI_predicted,0.8571428571428571,24,13,TTTCCCACACGACGAGTTAC,11,4348431
yadI_predicted,1.2142857142857142,29,13,TTTAACAACGTTATCGGACT,16,4328911
yadI_predicted,2.2857142857142856,44,13,TTGTCGGTTCGTCGCTGGTC,31,4338533
yadI_predicted,3.142857142857143,56,13,TTGGGGGCGAATTTCCTTAA,43,4320239
yadI_predicted,0.21428571428571427,15,13,TTGCATTACATCAGCCCATA,2,4297055
yadI_predicted,1.2142857142857142,29,13,TTGCAGGGGTTGGTGACAAG,16,4360306
yadI_predicted,1.0,26,13,TTCTGGTACGCTGGAGTGTA,13,4299405
yadI_predicted,1.2857142857142858,30,13,TTCCTCAGCTACCAGATAAA,17,4358507
yadI_predicted,3.642857142857143,63,13,TTCCATGTCGCCGCTACCAG,50,4339824
yadI_predicted,0.14285714285714285,14,13,TTATTCGATTTTGTGGAATC,1,4335562
yadI_predicted,1.8571428571428572,38,13,TTATTACGAAGTGCTCTATT,25,4368760
yadI_predicted,1.3571428571428572,31,13,TGTTTCATTGCACTCCAATT,18,4314666
yadI_predicted,0.14285714285714285,14,13,TGTTCTGACCGTGAAAGAGT,1,4316741
yadI_predicted,1.5,33,13,TGTGAGCAAGACAACGGCAT,20,4343048
yadI_predicted,1.7142857142857142,36,13,TGTGAGACGTTTGTGGAACA,23,4331803
yadI_predicted,1.7857142857142858,37,13,TGTATCTGAAGAACGCCGCT,24,4312601
yadI_predicted,2.2857142857142856,44,13,TGGTTTTGGGAAATTCTTGG,31,4304591
yadI_predicted,4.428571428571429,74,13,TGGTATCCAGGTATCCCTTT,61,4367156
yadI_predicted,1.4285714285714286,32,13,TGGAGTTTAGGCAACTGTTG,19,4354238
yadI_predicted,0.42857142857142855,18,13,TGGACGGGACAGTGCGCACT,5,4343577
yadI_predicted,1.2857142857142858,30,13,TGGAACGAGGGTGCGCATCT,17,4356655
yadI_predicted,1.7857142857142858,37,13,TGCTCAGAGGTTATGTAAGT,24,4327830
yadI_predicted,1.7142857142857142,36,13,TGCTACCGACATACACCTGA,23,4335332
yadI_predicted,4.714285714285714,78,13,TGCCAAGGCGCCGTCAAGAA,65,4352023
yadI_predicted,0.2857142857142857,16,13,TGCATACTTATTAAACTGCT,3,4285242
yadI_predicted,0.7142857142857143,22,13,TGAGTTGTCAGGTCTTTGTC,9,4294268
yadI_predicted,0.21428571428571427,15,13,TGAGGACTGCTCACCGATAG,2,4327324
yadI_predicted,1.6428571428571428,35,13,TGAGCTCACACTCCATCAAA,22,4285784
yadI_predicted,1.0,26,13,TGAATATGTTTAATATTGCG,13,4368433
yadI_predicted,0.14285714285714285,14,13,TGAAGTAAAGGCTGATACAC,1,4345622
yadI_predicted,1.4285714285714286,32,13,TGAAGGACTCGGGACTACAC,19,4357895
yadI_predicted,0.7857142857142857,23,13,TCTGTCCTTCGTGCAGAGCA,10,4353504
yadI_predicted,0.14285714285714285,14,13,TCTCCGAGAGTGTACGGCGA,1,4329709
yadI_predicted,1.7857142857142858,37,13,TCTCAAGGACTTCGCAAAGG,24,4284808
yadI_predicted,1.3571428571428572,31,13,TCTACAGAAAACCTCGTGCT,18,4356033
yadI_predicted,1.7857142857142858,37,13,TCGTGGTGGCACAGAGGGAA,24,4369882
yadI_predicted,1.4285714285714286,32,13,TCGGTCTAGGTACGGCGCGC,19,4369330
yadI_predicted,1.2857142857142858,30,13,TCGCACGTGACAGTCGTTTC,17,4341195
yadI_predicted,0.14285714285714285,14,13,TCAGGTCTTGGGCACGGGCT,1,4310521
yadI_predicted,0.7142857142857143,22,13,TCACTGTACAAAAGGGATGG,9,4297125
yadI_predicted,2.5,47,13,TCAATAGGAAGCAGTCTCTT,34,4331478
yadI_predicted,0.14285714285714285,14,13,TCAACAGGTTGCCACAGCGT,1,4298640
yadI_predicted,0.7142857142857143,22,13,TATGTGGGTTGGTCGTGACA,9,4359233
yadI_predicted,2.2857142857142856,44,13,TATGGGGTTAAGTTTCGATT,31,4344603
yadI_predicted,2.0714285714285716,41,13,TATGACCAGTATTGGGTGAC,28,4309134
yadI_predicted,0.14285714285714285,14,13,TATCTTCGAGGGAAATAAGA,1,4350975
yadI_predicted,2.5,47,13,TATCTTCAGTCCACCGAACT,34,4315558
yadI_predicted,0.5714285714285714,20,13,TATCCATAGCGCGAGCCCCT,7,4336621
yadI_predicted,0.42857142857142855,18,13,TATCACTCAATCTCCTCCCG,5,4366831
yadI_predicted,0.21428571428571427,15,13,TACAATGGCCTTCTATCCGT,2,4300641
yadI_predicted,0.21428571428571427,15,13,TAATAAGTACATTTATCGCT,2,4354943
yadI_predicted,1.6428571428571428,35,13,TAAGTCCCGATTTACGGGGT,22,4328380
yadI_predicted,1.2857142857142858,30,13,TAAGCTCGCCGCTGGCAGGA,17,4309600
yadI_predicted,1.0714285714285714,27,13,TAACTGGCGGTCCATAGACG,14,4334190
yadI_predicted,0.21428571428571427,15,13,TAAAGAATGTCAAGGTCTGA,2,4294411
yadI_predicted,1.5714285714285714,34,13,GTTGTGAGGCATTAATCTAA,21,4301499
yadI_predicted,5.285714285714286,86,13,GTTGTACGGACCAGATCCGT,73,4350706
yadI_predicted,2.7142857142857144,50,13,GTGTTGGTATTTTCAAGCCA,37,4350655
yadI_predicted,0.35714285714285715,17,13,GTGGTAAATGGCTGCGTAAC,4,4336526
yadI_predicted,0.42857142857142855,18,13,GTGGAGCACGGGGAATAACT,5,4349096
yadI_predicted,1.0714285714285714,27,13,GTCTTGTTTGGACGCACCCT,14,4332893
yadI_predicted,1.0714285714285714,27,13,GTCTGATGTTAGATCAGAGT,14,4319692
yadI_predicted,0.5714285714285714,20,13,GTCTCGGAAGAGACTTGTCC,7,4327448
yadI_predicted,1.0714285714285714,27,13,GTCTAGGCATCTTGGAATTA,14,4341476
yadI_predicted,1.9285714285714286,39,13,GTCGTGTGATCCTTGTAGCA,26,4329653
yadI_predicted,0.5,19,13,GTCGCACCACATGTGAGCAG,6,4335543
yadI_predicted,1.5714285714285714,34,13,GTCCAATGAGCATATTCAGC,21,4362976
yadI_predicted,1.7142857142857142,36,13,GTCACATGACAGTTTTTTCC,23,4297304
yadI_predicted,0.7142857142857143,22,13,GTAGTTGAGTGGAGAATAGC,9,4325339
yadI_predicted,1.1428571428571428,28,13,GTAGCTTGGCGAGCCCCGAA,15,4294549
yadI_predicted,2.5714285714285716,48,13,GTAGAGGCAACATATTGACG,35,4319543
yadI_predicted,1.7142857142857142,36,13,GTACGCGATGTGACTAACAA,23,4367059
yadI_predicted,2.0714285714285716,41,13,GGTTACGCAATGTGCAACGG,28,4316171
yadI_predicted,0.14285714285714285,14,13,GGTGTTGGGACACGTAACTT,1,4291159
yadI_predicted,1.2142857142857142,29,13,GGTGGTATTCGGTACAGGAT,16,4337564
yadI_predicted,0.14285714285714285,14,13,GGTGAATTAGCACATGATAG,1,4348351
yadI_predicted,1.9285714285714286,39,13,GGTCTCCTCGCCATTCCAGT,26,4356799
yadI_predicted,1.0,26,13,GGTACTTGGTCAAATGGTAA,13,4366462
yadI_predicted,1.4285714285714286,32,13,GGGTAAACACATGTCTCGCA,19,4288743
yadI_predicted,0.9285714285714286,25,13,GGGCAGGGCCGCGCAACGGA,12,4291739
yadI_predicted,1.3571428571428572,31,13,GGGACGCCTGGGAGTGAGGT,18,4300202
yadI_predicted,0.8571428571428571,24,13,GGGAAGAACCTGATTCCTTC,11,4363522
yadI_predicted,1.5,33,13,GGCCATCACGGATAGCGGGG,20,4310821
yadI_predicted,0.14285714285714285,14,13,GCTTTAGTATCGTTAGTTCG,1,4335928
yadI_predicted,1.6428571428571428,35,13,GCTTGATGGTTTCGTGACTG,22,4288618
yadI_predicted,1.9285714285714286,39,13,GCTCCGGATGCCGCACCTTG,26,4311029
yadI_predicted,0.42857142857142855,18,13,GCGTGCAGAGTTAAACTACT,5,4285367
yadI_predicted,2.642857142857143,49,13,GCGTAAGCGTAATGAGTAAC,36,4355071
yadI_predicted,0.2857142857142857,16,13,GCGAAATGCGTGCCCCTCAA,3,4340584
yadI_predicted,1.2857142857142858,30,13,GCCCCCGGAGTATCGCGGGG,17,4327118
yadI_predicted,0.42857142857142855,18,13,GCCCAGCAAGGGCACATGGA,5,4324573
yadI_predicted,1.6428571428571428,35,13,GCCAGAGCTAGGTGCGGCAA,22,4348202
yadI_predicted,1.2142857142857142,29,13,GCCACAAGAACCGATCCCAG,16,4340163
yadI_predicted,0.5,19,13,GCATGGGGAAGCGCGAAGGA,6,4308703
yadI_predicted,0.7857142857142857,23,13,GCAGATATCGATACCCCAAC,10,4339291
yadI_predicted,0.9285714285714286,25,13,GCACGATTTATTGACTGCGC,12,4356973
yadI_predicted,0.21428571428571427,15,13,GCACGACCCGATAGCCTAAT,2,4299296
yadI_predicted,1.1428571428571428,28,13,GCACCCCTCGCTTGAAAGGA,15,4368917
yadI_predicted,0.42857142857142855,18,13,GATTTGGTCATGACTGTCCC,5,4309838
yadI_predicted,0.14285714285714285,14,13,GATTGCCTGCTCTCATCGCA,1,4361697
yadI_predicted,1.1428571428571428,28,13,GATTGAGCCAATGCGACTTA,15,4321001
yadI_predicted,2.2142857142857144,43,13,GATTCTTTTAGCTAGCCGGA,30,4363106
yadI_predicted,3.7142857142857144,64,13,GATTAGGTTGTATACCGCGT,51,4307739
yadI_predicted,2.2857142857142856,44,13,GATCTAGTCCTCCCGCACTT,31,4348959
yadI_predicted,1.2142857142857142,29,13,GATAGGCGGACAGTGAAGTG,16,4331012
yadI_predicted,0.35714285714285715,17,13,GAGTATGTGGTACGGGGAGA,4,4299779
yadI_predicted,1.0,26,13,GAGAGCTGGGTAGGTACCCT,13,4311307
yadI_predicted,0.5,19,13,GAGAGCCGATTCTAAGGTTG,6,4364655
yadI_predicted,1.6428571428571428,35,13,GACCGTCTTACAAGTGAACC,22,4310896
yadI_predicted,0.21428571428571427,15,13,GACAGGCGCCCTTGCGTTAC,2,4369071
yadI_predicted,1.1428571428571428,28,13,GAATGTACTGCACAGAAGAT,15,4335565
yadI_predicted,1.5714285714285714,34,13,GAAGGTCAGGGATGGCCAAG,21,4341540
yadI_predicted,1.9285714285714286,39,13,GAAACCAGGGATTGGAGAAA,26,4307201
yadI_predicted,4.714285714285714,78,13,CTTTAGTGCCTGTCTAACTC,65,4339698
yadI_predicted,0.5,19,13,CTGACCTCTGAGCTAGGCGT,6,4303736
yadI_predicted,0.5714285714285714,20,13,CTCTTAATCTGAAATGAACT,7,4367633
yadI_predicted,2.5,47,13,CTCTCGACGGTTCATATTGA,34,4311741
yadI_predicted,1.6428571428571428,35,13,CTCGGTCTAATATTTGGTTA,22,4334596
yadI_predicted,1.0714285714285714,27,13,CTCAAGAGGATTGGAGGGAG,14,4301394
yadI_predicted,1.0,26,13,CTATTCTGGCGCCTATAAGT,13,4315971
yadI_predicted,1.0714285714285714,27,13,CTATACTTATAATAGGAGAT,14,4298820
yadI_predicted,2.642857142857143,49,13,CTACTGGGCAATTCCACTTA,36,4364470
yadI_predicted,1.2857142857142858,30,13,CTACAGATAGGCACAGTTTT,17,4318542
yadI_predicted,0.14285714285714285,14,13,CGTTTGGGCCACCAATGCCA,1,4330970
yadI_predicted,0.42857142857142855,18,13,CGTTCCTTCAGTGGCAGACT,5,4336325
yadI_predicted,1.2857142857142858,30,13,CGTAATTTTCGGACGGCTGA,17,4357783
yadI_predicted,1.4285714285714286,32,13,CGGTTCGTTCCACAGGACCG,19,4297895
yadI_predicted,2.5,47,13,CGGTGACGGCATAGGCCGAA,34,4341198
yadI_predicted,1.0,26,13,CGGTCACCTTCGACTAGCGA,13,4291744
yadI_predicted,0.5,19,13,CGGGCGACCGGTCCGGGGGG,6,4300212
yadI_predicted,1.7857142857142858,37,13,CGGCTAGTCAGCTGCTCCAC,24,4291225
yadI_predicted,0.9285714285714286,25,13,CGGAATGGTTATCTTATTAA,12,4298722
yadI_predicted,1.0714285714285714,27,13,CGGAAGCGCTACTATCCCCT,14,4339359
yadI_predicted,0.7857142857142857,23,13,CGGAAATCAGCCACAGCCAC,10,4291965
yadI_predicted,1.5714285714285714,34,13,CGCGCCCACCTCTGGAAGTA,21,4345997
yadI_predicted,0.14285714285714285,14,13,CGCGCATGCAAGGTGCTCAG,1,4338168
yadI_predicted,1.1428571428571428,28,13,CGCCTTCCCGTTGAGAAGGT,15,4287844
yadI_predicted,0.35714285714285715,17,13,CGCCCTTCAGGAGGGCGGGA,4,4301628
yadI_predicted,1.5,33,13,CGCATAGCAGGTGGCTCGAT,20,4306565
yadI_predicted,1.4285714285714286,32,13,CGATTCGCGGAAACAAGCGA,19,4286348
yadI_predicted,0.14285714285714285,14,13,CGATGCCCGCTGGTCAGAAA,1,4347493
yadI_predicted,1.0714285714285714,27,13,CGAGTCCACTTTATTCACAG,14,4285370
yadI_predicted,1.0714285714285714,27,13,CCTTAATCTGCTGTCATAGT,14,4289914
yadI_predicted,3.7857142857142856,65,13,CCTACCGAACTTATAGAAGG,52,4336968
yadI_predicted,1.2857142857142858,30,13,CCGGGCACTGGCTAGTAGAT,17,4309054
yadI_predicted,1.7857142857142858,37,13,CCGACGGCTAGTCTATTACA,24,4312595
yadI_predicted,6.071428571428571,97,13,CCCGTACCACTAGGGTCCCT,84,4350713
yadI_predicted,1.6428571428571428,35,13,CCCGGCCCGATGCGCACCAC,22,4308249
yadI_predicted,0.14285714285714285,14,13,CCCGATGCAAGCGAAAATTA,1,4368057
yadI_predicted,2.7857142857142856,51,13,CCATTCCGGTAGGCCACATT,38,4333340
yadI_predicted,0.35714285714285715,17,13,CCATGCGATACCCTTGGTGA,4,4337981
yadI_predicted,4.285714285714286,72,13,CCAGAATTCTACTAGGCGAA,59,4369862
yadI_predicted,0.21428571428571427,15,13,CCACTCCGCTGTCTGCATAC,2,4328149
yadI_predicted,1.8571428571428572,38,13,CCACTATACAATACATGACA,25,4303540
yadI_predicted,0.7142857142857143,22,13,CCACCAATTAGAAGGAATAT,9,4344590
yadI_predicted,2.357142857142857,45,13,CCAATAGTACCGAGGCGCTA,32,4352859
yadI_predicted,0.14285714285714285,14,13,CATTGGCGCATATCTACAAC,1,4344521
yadI_predicted,1.2857142857142858,30,13,CATTCAAAAGAGATTAAGAG,17,4344152
yadI_predicted,4.357142857142857,73,13,CATTATTATAATCCAAAGCC,60,4288818
yadI_predicted,1.2142857142857142,29,13,CATCTCAAGTCATAGTCGCT,16,4361699
yadI_predicted,1.2142857142857142,29,13,CATCACGTTCACATCGCAGG,16,4332523
yadI_predicted,0.7857142857142857,23,13,CATAAGCGCCATCAGCCCAA,10,4291967
yadI_predicted,0.21428571428571427,15,13,CAGTAGCAAGGTCAGAGTGG,2,4303494
yadI_predicted,0.8571428571428571,24,13,CAGGTAATCGGTCCATGGAC,11,4345225
yadI_predicted,1.0,26,13,CAGGAACTGGTCCACCATCG,13,4303107
yadI_predicted,1.2142857142857142,29,13,CAGCTGACGGTTAAATTATA,16,4361887
yadI_predicted,2.2142857142857144,43,13,CAGCCGGTGCTATGCTAAAA,30,4313646
yadI_predicted,3.0,54,13,CACGCCCGACAAGGTAGCTT,41,4324706
yadI_predicted,0.42857142857142855,18,13,CACAGCAGCGGAGTTGAGAA,5,4297823
yadI_predicted,0.2857142857142857,16,13,CAAGGTACGGTCTATTTGTC,3,4344598
yadI_predicted,1.1428571428571428,28,13,CAAGGGTTCGTGTCCAGCTC,15,4352948
yadI_predicted,1.3571428571428572,31,13,CAAATGATTAGACTCGTTCC,18,4291081
yadI_predicted,0.7857142857142857,23,13,ATTGGATGCCGGATTGGCCA,10,4359302
yadI_predicted,0.5714285714285714,20,13,ATTCGTCTCGTGTGCAGCCC,7,4323534
yadI_predicted,0.9285714285714286,25,13,ATTACCTCTTCGACCTCTCA,12,4357429
yadI_predicted,1.5,33,13,ATGTGCTTATTTTCTCTGTG,20,4355433
yadI_predicted,2.857142857142857,52,13,ATGTGAGCCCGGTCGTCACA,39,4324769
yadI_predicted,1.2857142857142858,30,13,ATGGAGTATGCTGAATAGTT,17,4297826
yadI_predicted,2.5714285714285716,48,13,ATGGAACCGGCATTGGATCT,35,4294511
yadI_predicted,4.857142857142857,80,13,ATGCGCTTAATCCACGAAGT,67,4288154
yadI_predicted,1.4285714285714286,32,13,ATGCGCTACTAGAAGTCAAT,19,4327966
yadI_predicted,0.14285714285714285,14,13,ATGCCGCCGCCTTCGGGTTT,1,4302928
yadI_predicted,1.7142857142857142,36,13,ATGATTTGCGCATAACAGCA,23,4357872
yadI_predicted,2.142857142857143,42,13,ATCTGAGCGGGTTCCTCGAC,29,4351201
yadI_predicted,0.7142857142857143,22,13,ATCTCAGTGATCGCAGGTTT,9,4304273
yadI_predicted,1.0,26,13,ATCTCAGGATGCAGCATTGG,13,4341765
yadI_predicted,0.6428571428571429,21,13,ATCGGAACCGTGTAGAAATC,8,4294727
yadI_predicted,1.5714285714285714,34,13,ATCGCTAGCCGTGTCTCGTG,21,4344621
yadI_predicted,0.8571428571428571,24,13,ATCGAGGCCCTTGTGGTCTT,11,4328566
yadI_predicted,0.42857142857142855,18,13,ATCAAAGCAGGTCCAGGTCT,5,4335924
yadI_predicted,1.8571428571428572,38,13,ATATTTATCTAGATTTCTCA,25,4306261
yadI_predicted,0.2857142857142857,16,13,ATAGTTGGTCAGGAGCAATT,3,4288388
yadI_predicted,1.5,33,13,ATAGCAAGAGCCGAAATTTT,20,4292358
yadI_predicted,2.5714285714285716,48,13,ATAATCCGAGATGACTCGAA,35,4364185
yadI_predicted,0.2857142857142857,16,13,ATAAGGGGAAATCCACGCGC,3,4359511
yadI_predicted,1.6428571428571428,35,13,AGTTGGGGGCTGAGGCCCCA,22,4320805
yadI_predicted,0.8571428571428571,24,13,AGTTCAGTCGTACCGAAGTA,11,4294837
yadI_predicted,2.142857142857143,42,13,AGTTAGAGTAGTGCGCTCGA,29,4300153
yadI_predicted,0.7857142857142857,23,13,AGTGCTAGAGACTTTACTTG,10,4308435
yadI_predicted,1.4285714285714286,32,13,AGTCCCCGCGACCCTCCTCA,19,4362030
yadI_predicted,0.14285714285714285,14,13,AGTATTTTGTAAGCGTGAAA,1,4350821
yadI_predicted,3.0714285714285716,55,13,AGGTTGAGATCCAAATGGCG,42,4333147
yadI_predicted,0.6428571428571429,21,13,AGGTCTGTCCAGCATAAGGA,8,4310827
yadI_predicted,1.5,33,13,AGGCTGGTTGCCACAGCAAC,20,4346396
yadI_predicted,1.0,26,13,AGGCGAGACTGATTGGGCAG,13,4297269
yadI_predicted,1.7142857142857142,36,13,AGGCCCCGCCGGTGGATTAA,23,4356180
yadI_predicted,2.0,40,13,AGGCATGACAGCGTCGTGCG,27,4312687
yadI_predicted,2.5,47,13,AGCTCATAACATCGAGCCCA,34,4355889
yadI_predicted,1.9285714285714286,39,13,AGCGGCCAGTCGCCCCATAT,26,4353520
yadI_predicted,0.14285714285714285,14,13,AGCGGATATGCCTTCCGTCG,1,4297357
yadI_predicted,0.21428571428571427,15,13,AGCGAATGAAGGCGTATCAC,2,4297236
yadI_predicted,0.21428571428571427,15,13,AGCATGGCGCGTCTGAGGGG,2,4301224
yadI_predicted,1.1428571428571428,28,13,AGCACAGTTGGAGTGAGGTG,15,4295832
yadI_predicted,0.14285714285714285,14,13,AGATCTATGCGATAATCATA,1,4339725
yadI_predicted,0.9285714285714286,25,13,AGAGTAAGGTCTGCTTGGAA,12,4317973
yadI_predicted,1.7142857142857142,36,13,AGACCTTAGCAGGAGAGCTG,23,4316304
yadI_predicted,1.2857142857142858,30,13,AGAAATTTTGTGAAAACAAA,17,4347843
yadI_predicted,1.0,26,13,ACTTGTGAAGCCCGTTGATA,13,4353475
yadI_predicted,0.2857142857142857,16,13,ACTGTTCAAGTCCGGAACGG,3,4346527
yadI_predicted,1.1428571428571428,28,13,ACTGTGCGCATAAGAATCAC,15,4356066
yadI_predicted,2.4285714285714284,46,13,ACTGGCGGGACCAAACCATT,33,4310276
yadI_predicted,0.42857142857142855,18,13,ACTCTTTATGTTGTGCAGTC,5,4360153
yadI_predicted,1.9285714285714286,39,13,ACTCTGGTGTTCTACTTCAT,26,4360616
yadI_predicted,0.14285714285714285,14,13,ACGTTAATGGCACGTGAAAC,1,4334652
yadI_predicted,2.642857142857143,49,13,ACGTACCCCTCTTACTTTAG,36,4315901
yadI_predicted,1.5714285714285714,34,13,ACGTAATTGCCGTTGACGAA,21,4345227
yadI_predicted,2.2142857142857144,43,13,ACGGGGTTGGGAGGTTGAGG,30,4316067
yadI_predicted,2.142857142857143,42,13,ACGGCCGTGCTATTTAACTC,29,4294313
yadI_predicted,0.14285714285714285,14,13,ACGCAACCAAGAGCCCAACT,1,4343141
yadI_predicted,0.35714285714285715,17,13,ACGAGGCCCCTTCCTTCAGC,4,4330823
yadI_predicted,0.5714285714285714,20,13,ACGACAAGGGTTTTAAGTTA,7,4356945
yadI_predicted,0.14285714285714285,14,13,ACCGCGTTGCAGCCACGGTC,1,4362290
yadI_predicted,1.2857142857142858,30,13,ACCGAACCCGGCCCCGTCAC,17,4286816
yadI_predicted,2.2857142857142856,44,13,ACCATGGTCCAACCTACATG,31,4361386
yadI_predicted,0.21428571428571427,15,13,ACAATGCAATCGCAGAGCGG,2,4336601
yadI_predicted,2.142857142857143,42,13,ACAACGTCAGTCACCGACTG,29,4304388
yadI_predicted,0.9285714285714286,25,13,AATTATTCTGTTTCCACGCG,12,4298025
yadI_predicted,3.0,54,13,AATAAGACCTGCTGACCGGA,41,4353496
yadI_predicted,1.5,33,13,AAGTTGGTTCGTGCGGAATT,20,4341509
yadI_predicted,0.9285714285714286,25,13,AAGTACGGCGAGATATCCTT,12,4334774
yadI_predicted,0.7142857142857143,22,13,AAGGATCGGTTTGTAAGTAA,9,4326590
yadI_predicted,1.3571428571428572,31,13,AAGCACATTAACATCGGACG,18,4296034
yadI_predicted,0.7142857142857143,22,13,AAGAGTAGTCGTTTTCCTCC,9,4313852
yadI_predicted,0.5,19,13,AACTGAGAGGGATCATTTGC,6,4337377
yadI_predicted,1.4285714285714286,32,13,AACAAGATGGGATAACATCC,19,4367964
yadI_predicted,1.2142857142857142,29,13,AAATTAGAAGGATGAGCATA,16,4369385
yadI_predicted,0.14285714285714285,14,13,AAAGCTGAAGTCAAGCAGAT,1,4291754
yadI_predicted,0.8571428571428571,24,13,AAACTGGGCACCATTTATAC,11,4291143
yadI_predicted,0.15384615384615385,13,12,TTTCATCCTTTTAAAATCAA,1,4301650
yadI_predicted,0.9230769230769231,23,12,TTTCATACCTAAAGGTACGA,11,4362019
yadI_predicted,0.5384615384615384,18,12,TTTACGCCCACCGGACGTAA,6,4355005
yadI_predicted,0.9230769230769231,23,12,TTTAAAGTAAAGCATATGTT,11,4300071
yadI_predicted,8.615384615384615,123,12,TTGTTCGGTGTGGCATGGGA,111,4335624
yadI_predicted,0.15384615384615385,13,12,TTGTTCAGAAATCATCTATA,1,4336444
yadI_predicted,0.6153846153846154,19,12,TTGGGTTGGAGGCTTTTCAT,7,4284750
yadI_predicted,0.7692307692307693,21,12,TTGGGTCCCTTACAAGAATT,9,4314522
yadI_predicted,4.0,63,12,TTGGGGGACTCTCCATGCCT,51,4325743
yadI_predicted,1.3846153846153846,29,12,TTGACTCCAGCTTGATCATA,17,4341951
yadI_predicted,0.38461538461538464,16,12,TTGACAACTCTAGCATGCTC,4,4363459
yadI_predicted,0.15384615384615385,13,12,TTGAATAGCGGCCAAGATGA,1,4310516
yadI_predicted,0.15384615384615385,13,12,TTCTTTTTGCCCTGACCAAT,1,4351891
yadI_predicted,0.15384615384615385,13,12,TTCTGCTGCTAAATTTAGGT,1,4317188
yadI_predicted,1.0769230769230769,25,12,TTCGCGCACTATATCGCGGA,13,4298695
yadI_predicted,1.6923076923076923,33,12,TTCGCACATATCTGGGGTGA,21,4318663
yadI_predicted,0.3076923076923077,15,12,TTCCCTTCGGCGTATAGGAA,3,4291227
yadI_predicted,0.8461538461538461,22,12,TTCCCCATTGAGGCGGCTGT,10,4345402
yadI_predicted,1.6153846153846154,32,12,TTCCAAGAATCATACGAGCT,20,4349282
yadI_predicted,1.6153846153846154,32,12,TTCATTAGATTTAAAGCTGC,20,4322543
yadI_predicted,0.7692307692307693,21,12,TTCAATATGTCCCGGGTTGA,9,4355535
yadI_predicted,1.9230769230769231,36,12,TTAGTCTCAATTGTCGGGTT,24,4352192
yadI_predicted,0.15384615384615385,13,12,TTACGACTTCGACCACTCAG,1,4314694
yadI_predicted,2.1538461538461537,39,12,TTACCGAGAATGCGTTGGAA,27,4312703
yadI_predicted,1.1538461538461537,26,12,TTAATCCGATGAAGCAGGAG,14,4360146
yadI_predicted,1.5384615384615385,31,12,TTAACGGTAGTCTATACGGA,19,4301396
yadI_predicted,2.3076923076923075,41,12,TGTTACTGAAAATGAGTTCT,29,4346886
yadI_predicted,1.0769230769230769,25,12,TGTTACCCGAACGTAGGTCT,13,4307518
yadI_predicted,0.15384615384615385,13,12,TGTGCCGTGGGTAGGAGCGT,1,4303124
yadI_predicted,0.5384615384615384,18,12,TGTGACTAGCTCCTGGTGGA,6,4347321
yadI_predicted,0.15384615384615385,13,12,TGTATTCTGGCCGCTTTGAA,1,4306794
yadI_predicted,1.7692307692307692,34,12,TGTACTCTTAGTAACGGCGC,22,4346764
yadI_predicted,3.230769230769231,53,12,TGTACGCTACGGAAAGCACT,41,4366699
yadI_predicted,0.15384615384615385,13,12,TGGTCTTCGGGGAGAAAGAC,1,4324222
yadI_predicted,0.15384615384615385,13,12,TGGGCGTCCCGCATCCGATG,1,4355055
yadI_predicted,0.9230769230769231,23,12,TGGGCGTAACGATCTAGAGG,11,4339690
yadI_predicted,0.7692307692307693,21,12,TGGGCATCCGCACTGGGGCG,9,4325933
yadI_predicted,1.3846153846153846,29,12,TGGGCAAAGTTAGCGAAGAA,17,4296247
yadI_predicted,0.3076923076923077,15,12,TGGCGATTCGTATCCTTAAA,3,4310118
yadI_predicted,1.5384615384615385,31,12,TGGCCCTAGATATGTGGCAT,19,4346476
yadI_predicted,1.9230769230769231,36,12,TGGAAATCTAAGCATTCGGA,24,4364433
yadI_predicted,0.15384615384615385,13,12,TGAGGGTGCATCGCCGCCCT,1,4320618
yadI_predicted,0.38461538461538464,16,12,TGAGATCGCGCAAGGGCCAG,4,4364705
yadI_predicted,0.8461538461538461,22,12,TGAAGGCCGCCTACCCAGCG,10,4350217
yadI_predicted,0.5384615384615384,18,12,TCTTTCGGTTGGCAACTCGT,6,4289587
yadI_predicted,0.6153846153846154,19,12,TCTGATACTAAAATCGTTCT,7,4310322
yadI_predicted,1.6923076923076923,33,12,TCTGACGTAGTGCTTGGGTA,21,4295364
yadI_predicted,1.3846153846153846,29,12,TCGTGTGTCCTCGGCTGCGC,17,4307803
yadI_predicted,1.0769230769230769,25,12,TCGTGAATGGTCATGAGGCG,13,4308679
yadI_predicted,1.9230769230769231,36,12,TCGTGAAGGGTGATTCAGGT,24,4321994
yadI_predicted,0.15384615384615385,13,12,TCGGTGCATTAAGCTGCGCC,1,4340533
yadI_predicted,0.23076923076923078,14,12,TCGCTTAAGGTTGTCCGGTG,2,4351713
yadI_predicted,0.9230769230769231,23,12,TCCTGTAGCTTTTCAAACTT,11,4359917
yadI_predicted,0.3076923076923077,15,12,TCCGACAAGCCGATCAAAGA,3,4284345
yadI_predicted,3.230769230769231,53,12,TCCCGTTTAGCCGACGCGAG,41,4297697
yadI_predicted,2.3846153846153846,42,12,TCCCGAGATGCACAGGGTAT,30,4359707
yadI_predicted,1.1538461538461537,26,12,TCATGGGCAAATGTGAGCAA,14,4344345
yadI_predicted,0.9230769230769231,23,12,TCATCCCACATGCGGCACAT,11,4356922
yadI_predicted,3.076923076923077,51,12,TCACTGAACGGCAGTAAACG,39,4292083
yadI_predicted,3.5384615384615383,57,12,TCAAGTTCAGGGCAGTTAGA,45,4321935
yadI_predicted,1.7692307692307692,34,12,TCAAACACGTGGTCACTCGC,22,4366684
yadI_predicted,2.0,37,12,TATTGTAATCTGTTTAAACT,25,4327164
yadI_predicted,0.15384615384615385,13,12,TATTAACGCGCAACTTGTAA,1,4333877
yadI_predicted,0.15384615384615385,13,12,TATGGAAATATAATGGCTTC,1,4318851
yadI_predicted,4.846153846153846,74,12,TATGCGCGCATACGCAGGGT,62,4304494
yadI_predicted,0.46153846153846156,17,12,TATCTTACCTCACCTTAGAT,5,4329583
yadI_predicted,1.3846153846153846,29,12,TATCGGATTCTACTGTGTGG,17,4342812
yadI_predicted,1.7692307692307692,34,12,TATATAGCAAGAACCCGGTT,22,4354789
yadI_predicted,1.5384615384615385,31,12,TAGACAGGTGGCCAACTATA,19,4348825
yadI_predicted,0.15384615384615385,13,12,TACTTGGTCAACGACACTGA,1,4363962
yadI_predicted,0.9230769230769231,23,12,TACTTCTTGGCTATCGAAGT,11,4330049
yadI_predicted,2.6923076923076925,46,12,TACTGACTCTCTCTGTCTGT,34,4345976
yadI_predicted,1.6923076923076923,33,12,TACGTTGGTCACTGGGTTAC,21,4295590
yadI_predicted,0.9230769230769231,23,12,TACGCACAACGCTGAATCGT,11,4365329
yadI_predicted,2.0,37,12,TACCTGTAGTCTTCCCCCCA,25,4321727
yadI_predicted,1.0,24,12,TACCATTTTGGCCTATAGCT,12,4340657
yadI_predicted,1.3076923076923077,28,12,TACAGGTCGCAAGGCAGAAA,16,4345434
yadI_predicted,1.2307692307692308,27,12,TAATCTAGCATTTCACCCAG,15,4336792
yadI_predicted,2.3846153846153846,42,12,GTTTCTAGACCATTGACCTG,30,4366830
yadI_predicted,1.1538461538461537,26,12,GTTTATCCCGTGCCGCATCA,14,4303106
yadI_predicted,1.1538461538461537,26,12,GTGCTTGGCGGGTCATTCGA,14,4317381
yadI_predicted,0.9230769230769231,23,12,GTCTCCTTTTACTGGATTCA,11,4316565
yadI_predicted,0.23076923076923078,14,12,GTCGCTCACAAAAGGGCTAT,2,4287761
yadI_predicted,0.15384615384615385,13,12,GTCCAATCGGGTCCCTCTTT,1,4301392
yadI_predicted,0.3076923076923077,15,12,GTCAGCAAAGGCACAAGATT,3,4332626
yadI_predicted,1.5384615384615385,31,12,GTCAGAATGCGCGAAAGATA,19,4334159
yadI_predicted,3.3076923076923075,54,12,GTATCGACTGTCCCCGGTGG,42,4366572
yadI_predicted,2.8461538461538463,48,12,GTAGTCCACAGCCTCCACCA,36,4342577
yadI_predicted,0.6153846153846154,19,12,GTAGCATTTTACCTCCCTAT,7,4291985
yadI_predicted,0.9230769230769231,23,12,GTAGCAGCTTTGAACAAAGC,11,4311955
yadI_predicted,1.0769230769230769,25,12,GTACGCTCCGCTGGATTCCC,13,4355520
yadI_predicted,1.0769230769230769,25,12,GTACAGGTCTCGACCATTTT,13,4355114
yadI_predicted,2.3846153846153846,42,12,GTAATGGGAGTAAATCTTAG,30,4297473
yadI_predicted,1.4615384615384615,30,12,GTAATCAAAATAACGTAAGC,18,4367971
yadI_predicted,2.230769230769231,40,12,GTAAGATAGTGTCATTGATC,28,4368306
yadI_predicted,0.46153846153846156,17,12,GGTTGTTATGCACGTACAGC,5,4354356
yadI_predicted,0.7692307692307693,21,12,GGTTGTATCGGCTGCACGGG,9,4328437
yadI_predicted,0.3076923076923077,15,12,GGTTGGGTGACAGCTGCTGC,3,4349355
yadI_predicted,1.3846153846153846,29,12,GGTGGCAATGAACGTGTACG,17,4344738
yadI_predicted,0.8461538461538461,22,12,GGTGCACTCCGCCAGGTCAA,10,4292152
yadI_predicted,2.076923076923077,38,12,GGTATTCACGACAGAGAAAT,26,4365360
yadI_predicted,0.9230769230769231,23,12,GGGTTTGCTGGATCTACTTT,11,4322283
yadI_predicted,0.7692307692307693,21,12,GGGTGTCGCGCTGATACTAG,9,4345167
yadI_predicted,0.46153846153846156,17,12,GGGTCTGCGTAGGTATACCA,5,4287576
yadI_predicted,1.5384615384615385,31,12,GGGTCTGCATGAGCTGATGA,19,4358773
yadI_predicted,1.0769230769230769,25,12,GGGGTGACAGATCTGCGGAG,13,4364458
yadI_predicted,0.6153846153846154,19,12,GGGCGCCAATGCCACTGAAG,7,4301350
yadI_predicted,4.153846153846154,65,12,GGGATCATTTGAACGCATGC,53,4296391
yadI_predicted,0.7692307692307693,21,12,GGCCCGTCCCGATAGTCTGA,9,4284542
yadI_predicted,1.3076923076923077,28,12,GGCATGGGTTTGCATGGTCG,16,4355125
yadI_predicted,0.15384615384615385,13,12,GGCAGATACTCCTTGCACAC,1,4356168
yadI_predicted,3.3076923076923075,54,12,GGCAGAAATAAGGAAATCCT,42,4346777
yadI_predicted,0.15384615384615385,13,12,GGAATTCACTAGATCCGCAT,1,4346068
yadI_predicted,8.076923076923077,116,12,GGAATAGCTCAAGCAGGCTT,104,4364920
yadI_predicted,0.38461538461538464,16,12,GCTTAGGACCCAACTAAATT,4,4321554
yadI_predicted,2.3076923076923075,41,12,GCTGTTTAAACTTGTCGAAA,29,4349895
yadI_predicted,0.7692307692307693,21,12,GCTGTTACTCCGCATCGTGG,9,4287334
yadI_predicted,0.15384615384615385,13,12,GCTGATTAGAATGCCTCGAG,1,4362957
yadI_predicted,0.6923076923076923,20,12,GCTGAAGGCTGCACGGACAA,8,4292342
yadI_predicted,1.6923076923076923,33,12,GCTCGCCACTGGTTCCTCAA,21,4327150
yadI_predicted,1.3076923076923077,28,12,GCGTAAGGATGCGTCCATAT,16,4307668
yadI_predicted,0.46153846153846156,17,12,GCGGTGCCGTACGCGTCAGA,5,4328947
yadI_predicted,1.1538461538461537,26,12,GCGGCATGTCGGTTAATTTA,14,4317160
yadI_predicted,0.15384615384615385,13,12,GCGCTTTTAGCCACAAATCG,1,4346726
yadI_predicted,0.6153846153846154,19,12,GCGCGGTTCGTCCGTCATAA,7,4337223
yadI_predicted,3.3846153846153846,55,12,GCGAGGCACGCCAACGTCCA,43,4335804
yadI_predicted,0.5384615384615384,18,12,GCCTGAATCTCATATCTCTA,6,4360225
yadI_predicted,0.7692307692307693,21,12,GCCCGGGGTCACTTAAGGCG,9,4333199
yadI_predicted,0.6923076923076923,20,12,GCCCGCTAATGGGTACAAGC,8,4316898
yadI_predicted,0.15384615384615385,13,12,GCCAGCTACATTTATTCCTG,1,4327235
yadI_predicted,0.6923076923076923,20,12,GCCAAGAGAGCCGAGGCTAT,8,4291741
yadI_predicted,0.8461538461538461,22,12,GCACAAGTGCTAAATTAGCA,10,4291706
yadI_predicted,0.15384615384615385,13,12,GCAACCGCAACTGCTATTTG,1,4311477
yadI_predicted,0.6923076923076923,20,12,GCAAATTGTTGGCAGAGAAT,8,4304428
yadI_predicted,1.3846153846153846,29,12,GATGTCTGAGAATCTCTTCT,17,4296295
yadI_predicted,2.0,37,12,GATCTGCCGAAGCTACAAGT,25,4289094
yadI_predicted,0.3076923076923077,15,12,GATCCCACGGTCTATTTCAT,3,4336519
yadI_predicted,1.3846153846153846,29,12,GATCAGTGCGGCTGTACAGA,17,4357441
yadI_predicted,0.3076923076923077,15,12,GATCAGAAACAAGTTTTTAG,3,4333246
yadI_predicted,0.46153846153846156,17,12,GAGTGACTGCGATAGACTAC,5,4333391
yadI_predicted,0.15384615384615385,13,12,GAGTCTTCTCTTTAAGGACA,1,4302388
yadI_predicted,0.6923076923076923,20,12,GAGGGGGATTATACGCTCGC,8,4351534
yadI_predicted,0.38461538461538464,16,12,GAGGGCGTAACGCCCAACAT,4,4357417
yadI_predicted,0.8461538461538461,22,12,GAGGCTAATGTTGGCGCTAT,10,4286291
yadI_predicted,0.15384615384615385,13,12,GAGCTTATCCACAGAGCGGG,1,4288570
yadI_predicted,1.3076923076923077,28,12,GAGATGGGTTTACCAAGGAA,16,4310016
yadI_predicted,3.1538461538461537,52,12,GAGAGCACTGTAGTCTTTTA,40,4296619
yadI_predicted,1.6153846153846154,32,12,GACTACGCAGCTTTAAAGGA,20,4305243
yadI_predicted,1.6153846153846154,32,12,GACTAACGTTAGACCGTATT,20,4331130
yadI_predicted,0.15384615384615385,13,12,GACCGTCGCGGAGCCTTTAC,1,4340750
yadI_predicted,0.3076923076923077,15,12,GAATTATTGTCTAGCTCCCA,3,4312166
yadI_predicted,3.3076923076923075,54,12,GAAGAGGCATGCAACGACAT,42,4350702
yadI_predicted,0.15384615384615385,13,12,GAACACATGTCGATGATTTA,1,4353970
yadI_predicted,1.3846153846153846,29,12,GAAAGTTGTTTCTTCGGGTG,17,4322279
yadI_predicted,2.8461538461538463,48,12,CTTTCCGGCGAATGCGCTTG,36,4296571
yadI_predicted,1.8461538461538463,35,12,CTTTATTCTGGAGGCTGATC,23,4297446
yadI_predicted,1.5384615384615385,31,12,CTTCTTGTTTTCTCGGCAGT,19,4347412
yadI_predicted,1.2307692307692308,27,12,CTTAGGCAACTATATGCTTG,15,4334492
yadI_predicted,0.3076923076923077,15,12,CTGTAGTCGAAGGTCGAACA,3,4287169
yadI_predicted,4.615384615384615,71,12,CTGTAACCGAGTAAGTCGTT,59,4305975
yadI_predicted,1.3076923076923077,28,12,CTGGAGAGGGTCTAATTCTG,16,4365483
yadI_predicted,2.230769230769231,40,12,CTGCTGGATTACCCAATAAA,28,4360219
yadI_predicted,2.230769230769231,40,12,CTGCGTCCTCTGAATTATAT,28,4341227
yadI_predicted,6.923076923076923,101,12,CTGACCAGGGGTCCTCTCGG,89,4319856
yadI_predicted,1.1538461538461537,26,12,CTCTGGCTTTCTCAAAATTT,14,4329968
yadI_predicted,1.7692307692307692,34,12,CTCAGTTCGGCATTTCAGAG,22,4358841
yadI_predicted,0.38461538461538464,16,12,CTAGATATCTACCTCGCGCA,4,4333689
yadI_predicted,3.4615384615384617,56,12,CTAATCCTCAAGCCTCAGCG,44,4302149
yadI_predicted,4.0,63,12,CGTGTAACGGCGATATCAGG,51,4298693
yadI_predicted,0.38461538461538464,16,12,CGTGACTGTGGTAGGAGTCA,4,4350358
yadI_predicted,2.1538461538461537,39,12,CGTAAACGCTCCGATCTAAC,27,4356430
yadI_predicted,0.15384615384615385,13,12,CGGTGGGTGCTATTAGAATA,1,4344690
yadI_predicted,1.2307692307692308,27,12,CGGGCTCAGTTGGCACAATG,15,4368482
yadI_predicted,0.15384615384615385,13,12,CGGGCTAAACCAAGCATATT,1,4366693
yadI_predicted,0.6153846153846154,19,12,CGGCATAGGCTATGCAAAGG,7,4313443
yadI_predicted,2.230769230769231,40,12,CGGAGGGCGGACGGAGTACA,28,4347183
yadI_predicted,0.5384615384615384,18,12,CGCGGCGGTTTTCAAGGGCT,6,4329436
yadI_predicted,0.15384615384615385,13,12,CGCCTTTGTAGGTTACCTAG,1,4290920
yadI_predicted,3.5384615384615383,57,12,CGCCGCGTGTGCCTTGGACT,45,4356307
yadI_predicted,2.6153846153846154,45,12,CGCACAGAGCCCTACTTTTA,33,4363738
yadI_predicted,0.15384615384615385,13,12,CGATTAGTGCCACATTGTAA,1,4308685
yadI_predicted,1.9230769230769231,36,12,CGAGCTATAAATGCATACAA,24,4334449
yadI_predicted,0.3076923076923077,15,12,CGACTGAATGCGTAACATTT,3,4340566
yadI_predicted,0.6923076923076923,20,12,CCTTTACGGTTTTCAGATAG,8,4323551
yadI_predicted,0.8461538461538461,22,12,CCTGTGCGCGCCACTGCTGA,10,4299295
yadI_predicted,3.3846153846153846,55,12,CCGTGGACTTCTTCGGGGCG,43,4341521
yadI_predicted,2.076923076923077,38,12,CCGTCAAATTAGTCCCTCAC,26,4359169
yadI_predicted,0.8461538461538461,22,12,CCGAGGTGTTCAGGGTATAA,10,4312636
yadI_predicted,0.6153846153846154,19,12,CCCTGGATATCTGTAATCCG,7,4336700
yadI_predicted,0.8461538461538461,22,12,CCCTGCTCATCGCTTCACCA,10,4332316
yadI_predicted,1.7692307692307692,34,12,CCCTCTCCTAAAGGTCATCT,22,4300966
yadI_predicted,1.1538461538461537,26,12,CCCCGTTGTAGAAGGAGCTT,14,4308946
yadI_predicted,0.15384615384615385,13,12,CCCCCGTGTATCAGTCATAC,1,4357418
yadI_predicted,1.4615384615384615,30,12,CCCCCCGTCAGTCCCGGCCT,18,4321555
yadI_predicted,0.46153846153846156,17,12,CCCCAAGGAAATACATTATC,5,4328534
yadI_predicted,0.7692307692307693,21,12,CCCACTACCTGTGCGTCCGA,9,4322951
yadI_predicted,1.8461538461538463,35,12,CCCAACAAGTCGGAAACCGT,23,4331125
yadI_predicted,0.6923076923076923,20,12,CCATGTGCGGATGGGGCCAC,8,4315261
yadI_predicted,2.1538461538461537,39,12,CCATGAGGTTTGCGGATATC,27,4360467
yadI_predicted,2.0,37,12,CCATCCTGAGAGCTTCGGCA,25,4351837
yadI_predicted,0.6153846153846154,19,12,CCAGGTACTTCTACTGTGCT,7,4333244
yadI_predicted,0.6153846153846154,19,12,CCAGGGGGGAGACGTACCTA,7,4323156
yadI_predicted,0.8461538461538461,22,12,CCAGGAGGCCTGCCCACAGT,10,4291326
yadI_predicted,0.46153846153846156,17,12,CCAATGGTTCCCATCACGAC,5,4339189
yadI_predicted,0.15384615384615385,13,12,CATTCATTGACTGCGTTTGC,1,4305725
yadI_predicted,0.15384615384615385,13,12,CATTCATTAGGACTGACCTA,1,4364058
yadI_predicted,1.0,24,12,CATGGATATATCGGCCCGTT,12,4346280
yadI_predicted,1.3846153846153846,29,12,CATCTGTAAGTGGAGGTGCA,17,4366697
yadI_predicted,0.15384615384615385,13,12,CATATGACCTCTCCCCATCT,1,4285660
yadI_predicted,0.8461538461538461,22,12,CATATAGTATAGTCCAAGTA,10,4357051
yadI_predicted,0.46153846153846156,17,12,CAGTTTCGACTAATCCTTTA,5,4347418
yadI_predicted,0.15384615384615385,13,12,CAGGGGTAATTTAACTTCAT,1,4298049
yadI_predicted,1.4615384615384615,30,12,CAGGGCGTCCGGCGCCATTC,18,4307988
yadI_predicted,1.4615384615384615,30,12,CAGGCACGGAGCGTGCGAGA,18,4319133
yadI_predicted,1.3076923076923077,28,12,CACTTTACATTTATTGCCCC,16,4300452
yadI_predicted,0.15384615384615385,13,12,CACGCCACATATCGGGTAAA,1,4331289
yadI_predicted,1.0,24,12,CACCTAAAGTTTAATTGGTA,12,4347095
yadI_predicted,0.15384615384615385,13,12,CACCGTGGACTACCGTTTAA,1,4306826
yadI_predicted,1.3846153846153846,29,12,CACCCTGTAGCACGAGGCGT,17,4327737
yadI_predicted,0.15384615384615385,13,12,CACCCGTGAGCGAATTAGTA,1,4287841
yadI_predicted,1.3846153846153846,29,12,CACATAAAGCTCTATTCAAA,17,4326837
yadI_predicted,1.2307692307692308,27,12,CAATTGTTACGATGCTTGAG,15,4292478
yadI_predicted,1.3846153846153846,29,12,CAATTCCAGCTTAACGGGCG,17,4285220
yadI_predicted,1.3076923076923077,28,12,CAATATCACGTGTTACGCAT,16,4289635
yadI_predicted,2.3076923076923075,41,12,CAATAAGTGGGCATCGGACT,29,4286801
yadI_predicted,0.5384615384615384,18,12,CAAGTGACCAATATAAGCTC,6,4352233
yadI_predicted,0.8461538461538461,22,12,CAAGTCACGACCTCGGGGTA,10,4287556
yadI_predicted,1.9230769230769231,36,12,CAAAATTTCCCCCGCTGACG,24,4291857
yadI_predicted,2.3846153846153846,42,12,ATTGTCTGTAACCTCTCTGC,30,4288649
yadI_predicted,0.6153846153846154,19,12,ATTGATTACGTATGGGGGAG,7,4297554
yadI_predicted,2.230769230769231,40,12,ATTCGGCTACTGACCCAGAG,28,4315022
yadI_predicted,0.8461538461538461,22,12,ATGGAACCAATGGGCGCGGA,10,4345879
yadI_predicted,2.1538461538461537,39,12,ATGCCAGTATAAATGCGCAT,27,4303230
yadI_predicted,0.15384615384615385,13,12,ATGATGAGATCGCCGTTGTG,1,4365763
yadI_predicted,2.0,37,12,ATGAATGGCCAATGAATGAA,25,4299312
yadI_predicted,1.9230769230769231,36,12,ATCTACAGGTTAGCCGCAAG,24,4332236
yadI_predicted,0.38461538461538464,16,12,ATCGGAGATTGTTTCATACA,4,4317900
yadI_predicted,1.0769230769230769,25,12,ATCGGAAGTCGGTCCCAATT,13,4304828
yadI_predicted,0.23076923076923078,14,12,ATCACAGCTACAACAAACGC,2,4356897
yadI_predicted,1.6153846153846154,32,12,ATATTTTTGTCTGCGCGACG,20,4300970
yadI_predicted,0.38461538461538464,16,12,ATATTACGTTCATTCTTTTC,4,4366843
yadI_predicted,0.9230769230769231,23,12,ATAGTCGTGAAAGTTAGCAG,11,4320802
yadI_predicted,3.1538461538461537,52,12,ATAGGTGCACGAGCGAAATA,40,4342817
yadI_predicted,1.5384615384615385,31,12,ATAGAGGTGTGACGACCCAG,19,4324686
yadI_predicted,0.8461538461538461,22,12,ATACATGACTTTTATATGTT,10,4285986
yadI_predicted,3.3846153846153846,55,12,ATAACTGGAAACCTCGAAGT,43,4329832
yadI_predicted,0.7692307692307693,21,12,AGTACAGGGCCGAATCCAAC,9,4343510
yadI_predicted,0.15384615384615385,13,12,AGGTTTCTAAGACTCCGATG,1,4307957
yadI_predicted,2.230769230769231,40,12,AGGTCCTGAACTATAAGCAG,28,4344831
yadI_predicted,1.0,24,12,AGGGTTAGTGCATTACGCTT,12,4305173
yadI_predicted,1.7692307692307692,34,12,AGGGCGCTTACCCGAGGCTT,22,4317861
yadI_predicted,2.3846153846153846,42,12,AGGGATGAAATTGTTCATCT,30,4341307
yadI_predicted,0.23076923076923078,14,12,AGGCATCACCCGTAGTTTGT,2,4322595
yadI_predicted,0.7692307692307693,21,12,AGGATTAAATTGAGCTAGGA,9,4314697
yadI_predicted,1.3076923076923077,28,12,AGGATCGCTCTGGTCCTAAC,16,4363056
yadI_predicted,0.5384615384615384,18,12,AGGACGCGACCGCAAGCGTT,6,4303649
yadI_predicted,3.076923076923077,51,12,AGGACAGATCCCCAGGCTTC,39,4297271
yadI_predicted,1.3076923076923077,28,12,AGCTAACAACAAGCACCTCT,16,4342198
yadI_predicted,1.2307692307692308,27,12,AGCGCCCAGGCGCCCGGGCT,15,4328800
yadI_predicted,0.15384615384615385,13,12,AGCGAGAACGGGACTATCTT,1,4287659
yadI_predicted,5.538461538461538,83,12,AGCATACCCTGGCTTATACT,71,4337385
yadI_predicted,2.3846153846153846,42,12,AGCACTTTCATCTGGTACAA,30,4353912
yadI_predicted,0.38461538461538464,16,12,AGACGTGTTCGTGGGCAAGA,4,4325500
yadI_predicted,0.9230769230769231,23,12,AGAATAATCATTCCCTAGGA,11,4351595
yadI_predicted,1.4615384615384615,30,12,ACTGCGAATGGATTGTACGG,18,4351395
yadI_predicted,1.6153846153846154,32,12,ACTGAGTTGCACCGGACGTC,20,4305205
yadI_predicted,0.6153846153846154,19,12,ACTCTGACCCCCCAGTGTAA,7,4337458
yadI_predicted,2.230769230769231,40,12,ACTCGAATGAACATGGTTTT,28,4334059
yadI_predicted,2.076923076923077,38,12,ACTCAACCCTCAGACTACAT,26,4287944
yadI_predicted,1.8461538461538463,35,12,ACTACGTAATCGGCTGGCTG,23,4301250
yadI_predicted,0.3076923076923077,15,12,ACTACATTTGGGTAAAGAGG,3,4366683
yadI_predicted,1.7692307692307692,34,12,ACGCTCCGGACAGTTTGACT,22,4306361
yadI_predicted,2.3076923076923075,41,12,ACGATTGTTCCCTAAACCGT,29,4354290
yadI_predicted,1.9230769230769231,36,12,ACGAGTGCACCCTTTTTGCT,24,4314075
yadI_predicted,0.5384615384615384,18,12,ACCTAACTGCAAATCGGCTG,6,4300354
yadI_predicted,0.6923076923076923,20,12,ACCGATCCGTCTGATGCAGG,8,4339823
yadI_predicted,2.0,37,12,ACCCCTCCGCCAGACTTGTT,25,4294501
yadI_predicted,1.0769230769230769,25,12,ACCCCCTGCGTGCTTGACCA,13,4363528
yadI_predicted,1.0769230769230769,25,12,ACCCCATTCGCACAATTACC,13,4349405
yadI_predicted,1.4615384615384615,30,12,ACCCCACTCAAATAGGCCAA,18,4289116
yadI_predicted,1.3076923076923077,28,12,ACCCATACGAGCACCTCTAG,16,4327660
yadI_predicted,1.4615384615384615,30,12,ACATTAGAGTTTAAACGAGC,18,4341156
yadI_predicted,2.230769230769231,40,12,ACAGGGCCGGTCAAGTTCGA,28,4306402
yadI_predicted,1.9230769230769231,36,12,ACAGAGCTGGTAGGTTGTAC,24,4303063
yadI_predicted,0.7692307692307693,21,12,ACACTTGCGGGAGATATTTG,9,4332722
yadI_predicted,0.8461538461538461,22,12,ACAAGTGTGAAAACAAAACT,10,4310886
yadI_predicted,0.15384615384615385,13,12,AATTGGTAGATGGTTCTTCG,1,4368623
yadI_predicted,1.3076923076923077,28,12,AATGGTAACGGACTCGTCAG,16,4333595
yadI_predicted,0.7692307692307693,21,12,AATGCCCTGTAAGAGGCGTA,9,4335835
yadI_predicted,1.6923076923076923,33,12,AATCGTAGGTCCTTCATGCG,21,4326287
yadI_predicted,1.1538461538461537,26,12,AAGCTGTCCCTGTTCAAGCG,14,4358113
yadI_predicted,2.0,37,12,AAGCCCGCCCACGTACAAAT,25,4315321
yadI_predicted,0.8461538461538461,22,12,AAGCCCACGAGATGAAAGGA,10,4297699
yadI_predicted,1.0,24,12,AAGCACTTATGTGGCTACTT,12,4318581
yadI_predicted,2.076923076923077,38,12,AAGCACTCTTAACGCAGAGT,26,4284299
yadI_predicted,2.1538461538461537,39,12,AAGCACCCAGGAAACAATAT,27,4350294
yadI_predicted,0.9230769230769231,23,12,AAGATGAGCGTCCCTAAACT,11,4346597
yadI_predicted,4.538461538461538,70,12,AACGGATGTTCCCAGATGAT,58,4350726
yadI_predicted,0.3076923076923077,15,12,AACGCGACGGGGCGGCACAT,3,4306937
yadI_predicted,1.1538461538461537,26,12,AACGCAAGACTATACAGACG,14,4328381
yadI_predicted,0.15384615384615385,13,12,AACGACTCGGCAAATTCTAC,1,4323389
yadI_predicted,2.0,37,12,AACCCTACCTTCCAGCAGGC,25,4363406
yadI_predicted,0.15384615384615385,13,12,AAATCATGGCTAGTAGGCGT,1,4328851
yadI_predicted,0.38461538461538464,16,12,AAAGGCCTCGAAAGCTAAAC,4,4306548
yadI_predicted,1.9230769230769231,36,12,AAAGATTAGTACGGCTGTCT,24,4343106
yadI_predicted,0.3076923076923077,15,12,AAAATTTGGCGTCGTTAGGG,3,4286061
yadI_predicted,1.6666666666666667,30,11,TTTTAGTCTGTAAGATTATT,19,4332885
yadI_predicted,1.0,22,11,TTTGTAAGACCAGTTATAAT,11,4294495
yadI_predicted,1.8333333333333333,32,11,TTTCGTGCGGGAACACGGTA,21,4359969
yadI_predicted,1.4166666666666667,27,11,TTTAGAATAGAAAATAACGG,16,4287783
yadI_predicted,2.0,34,11,TTGGTGGGTGTACCTCGTGA,23,4285675
yadI_predicted,0.16666666666666666,12,11,TTGGATAGCCCGGAATGAAA,1,4369114
yadI_predicted,1.8333333333333333,32,11,TTGCCTTCCCCACGCCCGAC,21,4317202
yadI_predicted,0.16666666666666666,12,11,TTGCAATTGAACGTATTGAA,1,4341158
yadI_predicted,1.0833333333333333,23,11,TTGATGGTTGATAGCCGGGT,12,4356070
yadI_predicted,0.5833333333333334,17,11,TTCTGGTCACCGGAGTAGTG,6,4302384
yadI_predicted,6.333333333333333,86,11,TTCGTAAGGTCCAATTGGCA,75,4290481
yadI_predicted,1.75,31,11,TTCGGAGATCTGGAACGGCG,20,4302911
yadI_predicted,0.25,13,11,TTCCGCACCGGCAGAGTTAC,2,4331547
yadI_predicted,3.0833333333333335,47,11,TTCCATTGCGAAACATGATC,36,4309061
yadI_predicted,0.3333333333333333,14,11,TTCCAGTAGAAGTCTGATAC,3,4301875
yadI_predicted,1.5,28,11,TTAGTTACAGTATACCGAGA,17,4364616
yadI_predicted,0.16666666666666666,12,11,TTACTCAGAAATGCGGCGTT,1,4348437
yadI_predicted,2.9166666666666665,45,11,TTAATACTTCTGACCTGCCG,34,4301246
yadI_predicted,0.5833333333333334,17,11,TTAACAGTGAATGTCCGACA,6,4337283
yadI_predicted,3.6666666666666665,54,11,TGTTTCGATTTATCATTCCT,43,4296403
yadI_predicted,0.16666666666666666,12,11,TGTGTGAATGTGAAGAAGAT,1,4305528
yadI_predicted,2.1666666666666665,36,11,TGTGATAGTTGCTACGTTCT,25,4331158
yadI_predicted,2.25,37,11,TGTCGATTTGTTCTTATCGA,26,4354363
yadI_predicted,1.5833333333333333,29,11,TGTCCTTCTGCTCTTTTGAC,18,4325738
yadI_predicted,1.25,25,11,TGTAGTCGCGTTAATGCGTA,14,4358258
yadI_predicted,0.16666666666666666,12,11,TGTAGATTGTCTAGGGGGGT,1,4357550
yadI_predicted,2.8333333333333335,44,11,TGGTGGTACGGCGACCATTA,33,4322636
yadI_predicted,2.0,34,11,TGGTGATCAATAATGAGTGC,23,4355641
yadI_predicted,1.3333333333333333,26,11,TGGTACCAGTTCCGTTCCAC,15,4319948
yadI_predicted,0.16666666666666666,12,11,TGGGCTCTCTTTTCGGTTCG,1,4298182
yadI_predicted,0.16666666666666666,12,11,TGGCCGGAATTTTCCATCCT,1,4317657
yadI_predicted,0.9166666666666666,21,11,TGGAATCTACAGCGGTTGCG,10,4328576
yadI_predicted,0.25,13,11,TGCTACGCGTGGTAACACAG,2,4343949
yadI_predicted,1.8333333333333333,32,11,TGCGCCGTTTTAGGCCTGGG,21,4364739
yadI_predicted,2.0,34,11,TGCACACCTGCAACCAGCAG,23,4284142
yadI_predicted,1.5,28,11,TGCACAAGCAAAACCTCCTA,17,4362133
yadI_predicted,1.1666666666666667,24,11,TGCAAACAAGGTCCCGAACA,13,4368340
yadI_predicted,0.6666666666666666,18,11,TGAGGCCCCGAAGGAGCAGA,7,4306288
yadI_predicted,0.25,13,11,TGACGATATGGGGGGGTCCT,2,4319139
yadI_predicted,1.75,31,11,TGAATTAACAGAGAGAGGTC,20,4356793
yadI_predicted,1.0833333333333333,23,11,TGAAAGCGGCCGTGTCCAAC,12,4335676
yadI_predicted,0.25,13,11,TGAAAGCGAACATTCAGAGG,2,4345649
yadI_predicted,0.16666666666666666,12,11,TCTTCAATTCAGACAGTCTA,1,4360569
yadI_predicted,0.16666666666666666,12,11,TCTGTTCAAGTCTCCCAGCA,1,4288223
yadI_predicted,0.16666666666666666,12,11,TCTCTTATCGGGTTTGCTGA,1,4329200
yadI_predicted,0.75,19,11,TCTCGTAGATGCGTTTTGCG,8,4352052
yadI_predicted,2.1666666666666665,36,11,TCTCGATCACTACATCTAAT,25,4304493
yadI_predicted,0.8333333333333334,20,11,TCTAGTTTCTTCTTATGTCT,9,4341445
yadI_predicted,1.25,25,11,TCGTTCGCAGAACAGGGTGA,14,4367858
yadI_predicted,0.16666666666666666,12,11,TCGTGCGCACCAGAAGGGGA,1,4304939
yadI_predicted,0.6666666666666666,18,11,TCGCCGCAGCACGCCACGGT,7,4290602
yadI_predicted,1.4166666666666667,27,11,TCCCACCATCCACTTGTCAT,16,4287472
yadI_predicted,1.6666666666666667,30,11,TCCAATGCGGCGGACAGAAA,19,4326831
yadI_predicted,2.75,43,11,TCATAACCCAGTGTGGTCCG,32,4291103
yadI_predicted,0.4166666666666667,15,11,TCACTCTCTCGGGCTCCGAA,4,4303061
yadI_predicted,0.5,16,11,TCACACAGTCACATTGCGGG,5,4350759
yadI_predicted,3.5833333333333335,53,11,TCAATCGAATTAGCGGATAA,42,4327509
yadI_predicted,1.75,31,11,TATTTCGCACGTGGCAATCA,20,4300859
yadI_predicted,1.0833333333333333,23,11,TATTCTGAGAACGGGACTGT,12,4351014
yadI_predicted,1.8333333333333333,32,11,TATTCTGAAAAGCATACCAG,21,4318545
yadI_predicted,0.5,16,11,TATTCAGACCCATCGCTGAC,5,4290459
yadI_predicted,1.6666666666666667,30,11,TATGGCGTCACAGCCGATAG,19,4313655
yadI_predicted,1.9166666666666667,33,11,TATGATCGCCGGCCTTAGTT,22,4292155
yadI_predicted,1.9166666666666667,33,11,TATCTAAGTATATTTATTGA,22,4349850
yadI_predicted,1.5,28,11,TATCGTCGGTCAACCACCCT,17,4328427
yadI_predicted,3.3333333333333335,50,11,TATCACTCTATAATCTATGG,39,4339558
yadI_predicted,1.5,28,11,TATAGTGAGGACACAAATAA,17,4359027
yadI_predicted,0.16666666666666666,12,11,TATAAGTAGAGCGCTTACTA,1,4284241
yadI_predicted,4.0,58,11,TAGCTCGGCAAAAATCAATT,47,4320907
yadI_predicted,2.6666666666666665,42,11,TAGCGCCGGCAGCTATCCTA,31,4299525
yadI_predicted,2.0,34,11,TAGAGTGCTGTATTCCATCA,23,4360232
yadI_predicted,3.1666666666666665,48,11,TAGAGTATGTTCCGAACCCT,37,4364773
yadI_predicted,1.4166666666666667,27,11,TACTTTGAGCCTTTTGGCGT,16,4354366
yadI_predicted,1.5833333333333333,29,11,TACTCGTGTGATTTTTCGGT,18,4287717
yadI_predicted,0.75,19,11,TACGGGGCGGACCGTTAAAT,8,4310751
yadI_predicted,1.4166666666666667,27,11,TACCAGGGCGGTCTTGATAG,16,4293025
yadI_predicted,0.6666666666666666,18,11,TACAAGTCTATGCATAATCG,7,4331293
yadI_predicted,0.16666666666666666,12,11,TAATTGTTTAGGTTGTCCAT,1,4303021
yadI_predicted,3.3333333333333335,50,11,TAATCTGGTTTATCTTCGCG,39,4307857
yadI_predicted,4.083333333333333,59,11,TAAAGACGCATAATTAGTCT,48,4355448
yadI_predicted,0.16666666666666666,12,11,GTTTGAGACAGGTTTCGTTG,1,4296330
yadI_predicted,0.75,19,11,GTTTCATCCTCCAGGATCAT,8,4358516
yadI_predicted,1.5,28,11,GTTTACGGCTGGCTCATTCG,17,4369213
yadI_predicted,2.5833333333333335,41,11,GTTGTACACAACTCCACTAT,30,4362014
yadI_predicted,2.0833333333333335,35,11,GTTGGAGAAGCGTGGTTAAG,24,4341589
yadI_predicted,1.1666666666666667,24,11,GTTGAAGCGAGAAATCTTAC,13,4312024
yadI_predicted,0.25,13,11,GTTCCAAAACTTTATATGGT,2,4325036
yadI_predicted,0.6666666666666666,18,11,GTTCATCTCCTTTTTTAACG,7,4304574
yadI_predicted,0.3333333333333333,14,11,GTTACGGCCTTGAATCGAGA,3,4297488
yadI_predicted,1.3333333333333333,26,11,GTGTGGACGGAATGTGACTA,15,4292584
yadI_predicted,1.5833333333333333,29,11,GTGTCTTAGCTTCAGTTGTC,18,4329975
yadI_predicted,0.75,19,11,GTCTCTAGTGATGCAATACG,8,4338887
yadI_predicted,2.5,40,11,GTCCAGCCGGCTCCTACCTC,29,4349338
yadI_predicted,3.75,55,11,GTATTAATCGGACATACGGC,44,4310197
yadI_predicted,4.25,61,11,GTATGCTGGTTACTTTACCC,50,4286707
yadI_predicted,1.1666666666666667,24,11,GTAATTGTTGGTATCATTAA,13,4298918
yadI_predicted,3.75,55,11,GTAATCCCATAGCCTGATAC,44,4330239
yadI_predicted,0.16666666666666666,12,11,GGTTGGAATAACGAATGTTT,1,4337105
yadI_predicted,1.75,31,11,GGTCACTGCTGCTTAGCTCC,20,4337913
yadI_predicted,0.25,13,11,GGGCGCTGAACTCTGTTTAC,2,4285044
yadI_predicted,1.25,25,11,GGCGTTTTCAGGGCCACAAG,14,4368804
yadI_predicted,3.0,46,11,GGCGCCATTATTGCTAAATT,35,4360572
yadI_predicted,1.3333333333333333,26,11,GGCAGCAGTACCCCTCGCAA,15,4321790
yadI_predicted,0.25,13,11,GGCAACCTCAAACGTCCTAA,2,4355333
yadI_predicted,1.0833333333333333,23,11,GGATAAAAGAAAGTCCGTGA,12,4358161
yadI_predicted,2.75,43,11,GGAGTAAATTAGGCTGTTAC,32,4326169
yadI_predicted,2.75,43,11,GGAACGGCTACTTTTCTCGC,32,4293921
yadI_predicted,2.8333333333333335,44,11,GGAAATGGTACCGTCGTCGG,33,4320700
yadI_predicted,1.8333333333333333,32,11,GCTTTGCTGGTTACTCGGAC,21,4310736
yadI_predicted,1.5833333333333333,29,11,GCTTGCGTCTTGTGTAACGT,18,4359508
yadI_predicted,0.6666666666666666,18,11,GCTCCTCATCTGGCATCGAC,7,4364670
yadI_predicted,1.75,31,11,GCTATTTGAATGCAACTCTT,20,4284655
yadI_predicted,0.8333333333333334,20,11,GCTATTCGGGACTCAACCTG,9,4342121
yadI_predicted,0.6666666666666666,18,11,GCGGTCGCTGCCCCTCGTCA,7,4365759
yadI_predicted,0.6666666666666666,18,11,GCGGGTGCCATTATCTCTTC,7,4304121
yadI_predicted,3.5833333333333335,53,11,GCGGATATATTGACAGACAG,42,4289022
yadI_predicted,1.3333333333333333,26,11,GCGCAACTCGCACAGAACCT,15,4337375
yadI_predicted,0.3333333333333333,14,11,GCCAAAATCGCGGCAAGTGC,3,4334656
yadI_predicted,0.8333333333333334,20,11,GCATCGTTAAGTATATACAA,9,4317907
yadI_predicted,0.4166666666666667,15,11,GCATAACCCGCCCTTCCCTT,4,4355275
yadI_predicted,0.16666666666666666,12,11,GCAGCTACATGTCTTGTGGC,1,4297287
yadI_predicted,0.16666666666666666,12,11,GCAGCGTGTCTTACTAGAAA,1,4328968
yadI_predicted,1.9166666666666667,33,11,GCACCCGTTCGGCCTCCCGA,22,4353415
yadI_predicted,1.0,22,11,GATGCGTACCCATTACAACT,11,4367782
yadI_predicted,2.0,34,11,GATGCCAGTTGCCCGTATTC,23,4304627
yadI_predicted,0.16666666666666666,12,11,GATCATCTGTCCCGCAAGTG,1,4327793
yadI_predicted,0.4166666666666667,15,11,GATCAGCATAAGGAGCAGAG,4,4368821
yadI_predicted,0.5,16,11,GAGGGCTCCACAATACCCAC,5,4329909
yadI_predicted,0.16666666666666666,12,11,GAGCCCGAGGATTACTTAAT,1,4286724
yadI_predicted,2.75,43,11,GACTTGCGTGTCTTCTCATC,32,4328514
yadI_predicted,4.833333333333333,68,11,GACTCTTTGTCGCGGTCACG,57,4349522
yadI_predicted,0.16666666666666666,12,11,GACCGCGTATCAATCTGCCA,1,4331543
yadI_predicted,2.3333333333333335,38,11,GACAATGGTTTCAGAGTCGC,27,4330329
yadI_predicted,2.0,34,11,GAAGCGAAGGCAGTCGAAAG,23,4310518
yadI_predicted,28.25,349,11,GAACGGCAATGGTTGTAATA,338,4293350
yadI_predicted,1.5,28,11,GAACCTTCTCGGAAAATTTG,17,4316439
yadI_predicted,1.0833333333333333,23,11,CTTTGTGAACCTCTAGCGCC,12,4340651
yadI_predicted,0.5833333333333334,17,11,CTTCAACGCATTATCTGGAT,6,4353003
yadI_predicted,1.8333333333333333,32,11,CTTATATTGAGGCCGGAAGG,21,4315177
yadI_predicted,2.1666666666666665,36,11,CTGTGTCGGCCGTCCAAACG,25,4341382
yadI_predicted,1.1666666666666667,24,11,CTGGCCCAGAGTGACGAGAC,13,4348705
yadI_predicted,3.9166666666666665,57,11,CTGGAGGTTAACGAGTTCCC,46,4327463
yadI_predicted,0.4166666666666667,15,11,CTGAATCTGGTGATAGGAAC,4,4345148
yadI_predicted,1.5833333333333333,29,11,CTGAAAACGTCCAAGCGACG,18,4315671
yadI_predicted,1.9166666666666667,33,11,CTCTTCGGTCTTGCCACGTC,22,4366898
yadI_predicted,1.4166666666666667,27,11,CTCACCCTAATGGACCTGTT,16,4343756
yadI_predicted,0.16666666666666666,12,11,CTATGCCAGAGCTGATTGAG,1,4352865
yadI_predicted,2.75,43,11,CTATATCCACCGTTTCCTGA,32,4361222
yadI_predicted,3.0,46,11,CTAGGGGACTACTTTAAAAT,35,4310858
yadI_predicted,1.0833333333333333,23,11,CTAAGAGTGGTCATAAGTAT,12,4360418
yadI_predicted,3.8333333333333335,56,11,CTAAACCATGGTACATCCTC,45,4288708
yadI_predicted,2.4166666666666665,39,11,CGTGTATGATCTCCAGGAGT,28,4318128
yadI_predicted,5.333333333333333,74,11,CGTGGTCTGAACTGAAGGTT,63,4331818
yadI_predicted,1.75,31,11,CGTACAGCCATATGTGTTGT,20,4341067
yadI_predicted,1.6666666666666667,30,11,CGGTGTTTATGTAGGTGGCA,19,4317645
yadI_predicted,0.8333333333333334,20,11,CGGTGATGACATGTTTAAGG,9,4360008
yadI_predicted,1.75,31,11,CGGTCGGTTACGGGCTATAC,20,4342030
yadI_predicted,1.5,28,11,CGGTACGAAACGTATTCAAA,17,4345189
yadI_predicted,2.0833333333333335,35,11,CGGGGTCTAGTCGGAAAGTA,24,4304440
yadI_predicted,2.0833333333333335,35,11,CGGGGAGGATAATTTCATAC,24,4345360
yadI_predicted,1.5,28,11,CGGCGCGTGTTAAAACACGC,17,4367564
yadI_predicted,0.16666666666666666,12,11,CGGCCGGAGTTGACAGCGCA,1,4292349
yadI_predicted,2.4166666666666665,39,11,CGGCCCTTTTAATGTTGTAC,28,4363143
yadI_predicted,2.0833333333333335,35,11,CGGAGCAGGTCAGTTATGTT,24,4299922
yadI_predicted,0.5833333333333334,17,11,CGCGGGGCGGCACAGCTCAG,6,4346069
yadI_predicted,0.5833333333333334,17,11,CGCATATGGCAGAATATTGC,6,4348141
yadI_predicted,2.25,37,11,CGATTCGGCGAGCAGTCGGC,26,4329007
yadI_predicted,2.4166666666666665,39,11,CGATTAGAGCGTATATGCGT,28,4328136
yadI_predicted,1.0833333333333333,23,11,CGATGGGCCTAATTGCCAGA,12,4285475
yadI_predicted,1.1666666666666667,24,11,CGACCTAGTCTGCGTCATCC,13,4320960
yadI_predicted,0.9166666666666666,21,11,CGAAGTCACCACAGTCCTTG,10,4323355
yadI_predicted,1.25,25,11,CCTTCGGTGGACGAAATTTT,14,4328128
yadI_predicted,4.166666666666667,60,11,CCTTCCCGTGTTATGTACGG,49,4370032
yadI_predicted,0.6666666666666666,18,11,CCTGGCGCACTTACACATAG,7,4308841
yadI_predicted,3.5,52,11,CCTGCTTTCGTCGGTGCGCT,41,4350360
yadI_predicted,2.75,43,11,CCTCGGTAGGGGGTGTACTC,32,4365748
yadI_predicted,0.8333333333333334,20,11,CCTCGAGCCAATTTCGCTAA,9,4310892
yadI_predicted,2.0,34,11,CCTCACGGAACATATATTTG,23,4284355
yadI_predicted,2.1666666666666665,36,11,CCTATCCTAAACTTAGCGTG,25,4307862
yadI_predicted,0.5,16,11,CCGTTTTCACAGCGGTTATA,5,4326898
yadI_predicted,1.25,25,11,CCGGTAACTATCGAGATGTT,14,4330088
yadI_predicted,1.8333333333333333,32,11,CCGCGATCCTTCGGCGAGGG,21,4296693
yadI_predicted,0.75,19,11,CCGAGCCAAACCATCTATGA,8,4363889
yadI_predicted,1.3333333333333333,26,11,CCGACACGTGGGGATCTACG,15,4335549
yadI_predicted,0.16666666666666666,12,11,CCCGCCGCGTGAGAGCCTCG,1,4299196
yadI_predicted,1.5,28,11,CCCCTCTGGCATCGGCAGTG,17,4299038
yadI_predicted,1.9166666666666667,33,11,CCATGCTAACCGTGCCTTTT,22,4301873
yadI_predicted,1.5833333333333333,29,11,CCAGTACCTTCAAGCCTATG,18,4368757
yadI_predicted,0.8333333333333334,20,11,CCAGGACGCGTGCTACCTAC,9,4363525
yadI_predicted,0.16666666666666666,12,11,CCACGTCCTTTTCGTGCTCT,1,4331315
yadI_predicted,1.5,28,11,CCAAATTGACATGCGGTCTT,17,4345341
yadI_predicted,1.0,22,11,CCAAACATACGCTTGTCAGA,11,4324017
yadI_predicted,0.4166666666666667,15,11,CCAAAAGCTTTACTGCAAGA,4,4319957
yadI_predicted,0.16666666666666666,12,11,CATTGGTTGACCTCAAAAAC,1,4305500
yadI_predicted,1.5,28,11,CATGTAGGGCGAAGCGTCTA,17,4296166
yadI_predicted,1.0,22,11,CATCGTCCCGCGGGGGAGAC,11,4337245
yadI_predicted,0.3333333333333333,14,11,CATCCCAGAAGTAAGTCTTT,3,4355945
yadI_predicted,5.333333333333333,74,11,CATCAGTCCCCCCGACGACG,63,4343444
yadI_predicted,1.9166666666666667,33,11,CATAATTCTAGCCGGCTAAA,22,4347291
yadI_predicted,0.16666666666666666,12,11,CAGTAACCAGGGTCCAAAAG,1,4353509
yadI_predicted,0.75,19,11,CACTGGGATTCCGGGAAGAG,8,4300857
yadI_predicted,2.3333333333333335,38,11,CACTGCACGATGGGATAATG,27,4311791
yadI_predicted,2.5,40,11,CACTGAGTGGACCCGATAGA,29,4344217
yadI_predicted,5.0,70,11,CACGATAGAGGGAACATGAG,59,4299558
yadI_predicted,1.4166666666666667,27,11,CACCCCACTCCGAGTGCCAT,16,4330802
yadI_predicted,0.5833333333333334,17,11,CACAAGAAGGGACAGCATCA,6,4318902
yadI_predicted,1.5,28,11,CAAGGTAGAAAGGGCTGATG,17,4363727
yadI_predicted,1.5,28,11,CAAGACAGGCCTGACTGGTG,17,4303995
yadI_predicted,4.5,64,11,CAAATATCTTACCCAAGGTG,53,4354114
yadI_predicted,0.16666666666666666,12,11,CAAACAGATCGCGGTTTCAG,1,4363822
yadI_predicted,0.16666666666666666,12,11,ATTTTGCTAGGCCATGACGG,1,4301476
yadI_predicted,0.16666666666666666,12,11,ATTTGTCCGGTTAGAACGGT,1,4311658
yadI_predicted,1.6666666666666667,30,11,ATTGTTAGTCAGCCGAACCC,19,4285521
yadI_predicted,1.3333333333333333,26,11,ATTCTGGTTTTTGACAAACG,15,4352749
yadI_predicted,0.5,16,11,ATTCGGTCAGTATAGATAAG,5,4310966
yadI_predicted,0.16666666666666666,12,11,ATTCGAAAGGGGTTCGAGAT,1,4355516
yadI_predicted,0.16666666666666666,12,11,ATGGGCAACCATATTAAATC,1,4309744
yadI_predicted,0.16666666666666666,12,11,ATGGCAGCGCTCACCCATTC,1,4291548
yadI_predicted,0.8333333333333334,20,11,ATGCGTGTTCGAGTATATTA,9,4345650
yadI_predicted,0.16666666666666666,12,11,ATGCCGAGCTGTGCCAATTC,1,4369112
yadI_predicted,1.5,28,11,ATGAACTCTCGTTACCCAAT,17,4354092
yadI_predicted,3.25,49,11,ATCTTGTGTCATACTCTTTA,38,4358312
yadI_predicted,0.3333333333333333,14,11,ATCTCTTGGTCCAAATTGAA,3,4335217
yadI_predicted,0.6666666666666666,18,11,ATCGGTAGTAAAAATGGTGT,7,4311421
yadI_predicted,0.25,13,11,ATCGCTGACGCATCTCCATG,2,4354957
yadI_predicted,0.16666666666666666,12,11,ATCGAGCTAATCGCCTAAAC,1,4285027
yadI_predicted,1.25,25,11,ATCGAAGGGTTTTATGCCAC,14,4300461
yadI_predicted,0.6666666666666666,18,11,ATCCCCCCTGAACGCGACCT,7,4362321
yadI_predicted,0.5,16,11,ATCACGGCGTTACCCTTCTA,5,4340504
yadI_predicted,0.16666666666666666,12,11,ATATTCGTCCGCCCTCCGTA,1,4318118
yadI_predicted,2.25,37,11,ATATGCCCTTACCTAGACCC,26,4302399
yadI_predicted,4.166666666666667,60,11,ATAGTGTCGGTTGCTATTTC,49,4321765
yadI_predicted,3.25,49,11,ATAGAGACCACAACCGAATG,38,4326156
yadI_predicted,0.3333333333333333,14,11,ATACGTCCCGGCTATATTCC,3,4294071
yadI_predicted,3.75,55,11,ATACGTATAACATGTTGCGT,44,4323851
yadI_predicted,1.1666666666666667,24,11,ATAATTCCGAATTTTCAGCA,13,4317272
yadI_predicted,1.8333333333333333,32,11,AGTTAGGAACTGCAGAAGAA,21,4343187
yadI_predicted,1.4166666666666667,27,11,AGTGCCGAGTGGATTTAAGC,16,4367221
yadI_predicted,1.1666666666666667,24,11,AGTCGTTAGGCTCATACCAC,13,4287326
yadI_predicted,1.5,28,11,AGTCCTACAAATGAGCAGTT,17,4366740
yadI_predicted,0.8333333333333334,20,11,AGTCATCAATGAGACCCAAC,9,4309552
yadI_predicted,0.4166666666666667,15,11,AGTCAGGAAATCGGTCCATA,4,4296608
yadI_predicted,2.4166666666666665,39,11,AGTATTTGATTGGCAGTTTT,28,4319888
yadI_predicted,1.5,28,11,AGCTTAGAACAGTTAGGTTT,17,4329047
yadI_predicted,0.5,16,11,AGCTGTCTCTCTTGGGTAGG,5,4289233
yadI_predicted,2.25,37,11,AGCTGCAGGCTGTACCTGTT,26,4345911
yadI_predicted,0.4166666666666667,15,11,AGCTAACGCGCAGGATTATC,4,4299076
yadI_predicted,2.0833333333333335,35,11,AGCGCTCGCCTTAGTGTTCT,24,4305502
yadI_predicted,1.4166666666666667,27,11,AGCCGCCATGGTAAGTCGTG,16,4359311
yadI_predicted,1.5833333333333333,29,11,AGCCCGGGATGTTTCTTTAA,18,4326068
yadI_predicted,2.5,40,11,AGCAGCGAATGGCCGACGTT,29,4343573
yadI_predicted,0.16666666666666666,12,11,AGAACCCGTCTGAGGCAGAT,1,4360755
yadI_predicted,2.25,37,11,AGAAATCATCCCGAGCTCCA,26,4369591
yadI_predicted,4.75,67,11,AGAAATACTCATTAGCAAGG,56,4351947
yadI_predicted,1.6666666666666667,30,11,ACTTAAGAACTATGAATCTT,19,4317488
yadI_predicted,0.16666666666666666,12,11,ACTCCTAGTCGAGGAAATAG,1,4364089
yadI_predicted,3.75,55,11,ACTCACGTTAGGTTCGGTCG,44,4295874
yadI_predicted,0.3333333333333333,14,11,ACGTGAAGAACAACCCTCGT,3,4305811
yadI_predicted,0.16666666666666666,12,11,ACCTCATCGTACAACACCAT,1,4339900
yadI_predicted,1.8333333333333333,32,11,ACCTCAGGTTAAAATAACGC,21,4358726
yadI_predicted,0.6666666666666666,18,11,ACCCGACAAAAGCGCCAAAC,7,4344597
yadI_predicted,0.4166666666666667,15,11,ACCCCGTTACATCGTGGTTC,4,4324328
yadI_predicted,1.6666666666666667,30,11,ACATGTCTACATCGTTAGCA,19,4300980
yadI_predicted,2.75,43,11,ACAATTCCTTTAGATGCACT,32,4286885
yadI_predicted,3.0833333333333335,47,11,ACAAGATGCGCGTGGTTTTG,36,4318340
yadI_predicted,0.3333333333333333,14,11,ACAACCCAGAAGAACTTCCG,3,4286715
yadI_predicted,0.16666666666666666,12,11,ACAACAAAAATGATGTTCAA,1,4309138
yadI_predicted,0.9166666666666666,21,11,ACAAAGGGCCAGGTTAAGAG,10,4347259
yadI_predicted,0.6666666666666666,18,11,AATTCCTTCTAGCGGTGGTT,7,4314498
yadI_predicted,1.5833333333333333,29,11,AATTAGGATTACAGGATTAG,18,4292351
yadI_predicted,1.6666666666666667,30,11,AATGTTCTCCTCTCTAAACA,19,4285681
yadI_predicted,0.16666666666666666,12,11,AATGATTAGGGTGGGCAGGT,1,4288188
yadI_predicted,1.1666666666666667,24,11,AATGAGTAGTATGGGTTCAT,13,4290131
yadI_predicted,1.0,22,11,AAGTCTTGGGGCTCAGATTA,11,4309426
yadI_predicted,0.16666666666666666,12,11,AAGTCCTGGGCCGGCGGGCT,1,4343887
yadI_predicted,0.3333333333333333,14,11,AAGTCACACTATCAAGAGTT,3,4343412
yadI_predicted,2.6666666666666665,42,11,AAGCGTGCAGGGTAGGCGAA,31,4314671
yadI_predicted,2.1666666666666665,36,11,AACGACCGACATGGACCGCA,25,4304439
yadI_predicted,1.8333333333333333,32,11,AACCGACCTCCGACACCAAG,21,4352229
yadI_predicted,0.8333333333333334,20,11,AACATTAGGCTTCTGTGGTT,9,4354075
yadI_predicted,1.1666666666666667,24,11,AACAGGGCGCGCACCACCTG,13,4332820
yadI_predicted,0.16666666666666666,12,11,AAATTTCCTGCTATTAGAAA,1,4304093
yadI_predicted,2.5833333333333335,41,11,AAATGCACATAACACGCTTG,30,4296822
yadI_predicted,0.9166666666666666,21,11,AAAGAAGGCGGTAGGCTCGT,10,4294561
yadI_predicted,1.9166666666666667,33,11,AAACGATCCGAGACCCTGCT,22,4322599
yadI_predicted,1.3333333333333333,26,11,AAACCGGTGAAGGCTGCCGG,15,4343802
yadI_predicted,1.25,25,11,AAACATGTCATATCTGTTGA,14,4358541
yadI_predicted,0.18181818181818182,11,10,TTTTCGCCAAATTGCCCGGG,1,4287869
yadI_predicted,1.0909090909090908,21,10,TTTTCAGCCCGTTCGTGCAT,11,4307166
yadI_predicted,0.18181818181818182,11,10,TTTGTGGGGATGGAATTTAA,1,4285240
yadI_predicted,3.8181818181818183,51,10,TTTGCCTGCGACCACCACAA,41,4325330
yadI_predicted,1.1818181818181819,22,10,TTTGACATGTGGTCCTTCAT,12,4302957
yadI_predicted,0.8181818181818182,18,10,TTTCTTGTTGCGAGTCCATT,8,4294085
yadI_predicted,0.2727272727272727,12,10,TTTCTTAGCATCAAGCTTTG,2,4356295
yadI_predicted,0.9090909090909091,19,10,TTTATTATATAGTCACGGGG,9,4368305
yadI_predicted,5.909090909090909,74,10,TTTATATTGCAATTCACGGT,64,4342329
yadI_predicted,1.4545454545454546,25,10,TTTACACGCGTCACGGATTT,15,4298184
yadI_predicted,0.2727272727272727,12,10,TTGTACTAAAACGTATAATT,2,4308355
yadI_predicted,2.272727272727273,34,10,TTGACCGGTTGTTATGGTCC,24,4313697
yadI_predicted,2.1818181818181817,33,10,TTGAAGACATCTACAATTCT,23,4316622
yadI_predicted,1.3636363636363635,24,10,TTCTTGCACTCGCGCCGAGG,14,4299718
yadI_predicted,0.18181818181818182,11,10,TTCTGTACCGCTTTAAAGGG,1,4303761
yadI_predicted,2.727272727272727,39,10,TTCGTATTGGGGGATGTTGT,29,4338458
yadI_predicted,2.0,31,10,TTCGAACGACGACTGACCCT,21,4308141
yadI_predicted,0.9090909090909091,19,10,TTCCGGGTATACATGTGGAA,9,4362586
yadI_predicted,0.18181818181818182,11,10,TTCCGGACCAGGCGCGAAAT,1,4295822
yadI_predicted,1.9090909090909092,30,10,TTATTTTGGCCTTCCCAGCG,20,4299970
yadI_predicted,1.6363636363636365,27,10,TTATTTCCTTCTATGTCGTG,17,4313438
yadI_predicted,1.2727272727272727,23,10,TTATGCGGATCTAGGAAGCT,13,4349354
yadI_predicted,4.0,53,10,TTATGCCCTCTTAGTTGCCC,43,4344183
yadI_predicted,2.909090909090909,41,10,TTATCCGGGAGGATGTGCTG,31,4346285
yadI_predicted,0.45454545454545453,14,10,TTACGTCTGGGGTCTCTACC,4,4334791
yadI_predicted,2.6363636363636362,38,10,TTACCTTCAAAGATACGTGA,28,4293937
yadI_predicted,1.2727272727272727,23,10,TTAACAGCCGGAATTTCGCC,13,4295691
yadI_predicted,0.6363636363636364,16,10,TTAAACGGGGGCCCCCGCCC,6,4313292
yadI_predicted,1.4545454545454546,25,10,TGTTTGCATAAGGTTTAAGT,15,4319858
yadI_predicted,1.7272727272727273,28,10,TGTTCACTCGCATTCCCTGG,18,4311410
yadI_predicted,1.8181818181818181,29,10,TGTCCCTGCATGTACCAAGT,19,4332043
yadI_predicted,0.45454545454545453,14,10,TGTCCACATTATCCGTTTGA,4,4323425
yadI_predicted,1.6363636363636365,27,10,TGGGTGGGTTACTGAGGCAT,17,4331299
yadI_predicted,0.18181818181818182,11,10,TGGGGATTCCTCGTGAACGG,1,4312477
yadI_predicted,0.9090909090909091,19,10,TGGACCTGTGGTAAACAGTC,9,4295046
yadI_predicted,1.5454545454545454,26,10,TGGAAGTGGCGCGTTACCTC,16,4319984
yadI_predicted,2.5454545454545454,37,10,TGGAACTCAGACGTTGCGGT,27,4307155
yadI_predicted,0.18181818181818182,11,10,TGCTTAATGAAGTGTCCGTA,1,4335397
yadI_predicted,2.090909090909091,32,10,TGCGGAAGCGGAATCGGACA,22,4326926
yadI_predicted,1.5454545454545454,26,10,TGCCCTTCGAACAAACGTGT,16,4289390
yadI_predicted,0.8181818181818182,18,10,TGATCTGACCAGGGGGCTAA,8,4334257
yadI_predicted,1.2727272727272727,23,10,TGATCCCGCAGTGAAGGACT,13,4287776
yadI_predicted,2.090909090909091,32,10,TGAGGTCAGTGCCATGTTGC,22,4312219
yadI_predicted,4.909090909090909,63,10,TGAGGAGCCCACCACTGCGC,53,4294474
yadI_predicted,3.090909090909091,43,10,TCTTATCACTGTCCGTGGCA,33,4361579
yadI_predicted,1.5454545454545454,26,10,TCTGTTGCCAGTACCAGGTT,16,4320715
yadI_predicted,0.18181818181818182,11,10,TCTGTTCGTCGAGTCCTGTC,1,4358171
yadI_predicted,4.545454545454546,59,10,TCTGAAGGGGTTGAGCCTTT,49,4329356
yadI_predicted,0.7272727272727273,17,10,TCGGGCATCCGCCAAGGCAT,7,4367293
yadI_predicted,2.0,31,10,TCGATCAGGGGATCATCGTG,21,4351323
yadI_predicted,3.0,42,10,TCCTTTTACTGATACAGATG,32,4305327
yadI_predicted,0.45454545454545453,14,10,TCCTGCGCAGTGCTTGTCCT,4,4285847
yadI_predicted,1.8181818181818181,29,10,TCCTCGGACCATGTCTAGAT,19,4316138
yadI_predicted,0.5454545454545454,15,10,TCCGGTTAAATAATAACTTC,5,4326761
yadI_predicted,7.0,86,10,TCCCGGACGAACAGAGGCGT,76,4369901
yadI_predicted,1.1818181818181819,22,10,TCCACGGATCACTACCCCTA,12,4361098
yadI_predicted,0.36363636363636365,13,10,TCAGGGGGATGCACTATTTC,3,4323746
yadI_predicted,3.090909090909091,43,10,TCACGTAGCTACATGAACGC,33,4360568
yadI_predicted,0.18181818181818182,11,10,TCAAGGCATGTACTTATTCT,1,4357639
yadI_predicted,2.909090909090909,41,10,TATTTATACATTTTTCTCCT,31,4352484
yadI_predicted,4.454545454545454,58,10,TATGGTACCCAATTCACTTC,48,4367762
yadI_predicted,2.090909090909091,32,10,TATGGGTACATATAAATGGG,22,4358885
yadI_predicted,1.5454545454545454,26,10,TATCTGTTGCAACATCTCCT,16,4337075
yadI_predicted,1.2727272727272727,23,10,TATCCTGTAAGCGTATTTTC,13,4367809
yadI_predicted,2.4545454545454546,36,10,TAGGAACTTCTGGGAATTAC,26,4300357
yadI_predicted,2.6363636363636362,38,10,TAGCTCCTTTGAGGCGACAG,28,4289969
yadI_predicted,0.18181818181818182,11,10,TAGATTCGTTTAAAATCTAT,1,4366410
yadI_predicted,2.909090909090909,41,10,TAGAAAAAACCCTCCCTAAG,31,4346639
yadI_predicted,1.0,20,10,TACTTGATCGCCCTAGGTTA,10,4323412
yadI_predicted,2.090909090909091,32,10,TACTTCATTAAAATGTAAGA,22,4350649
yadI_predicted,0.2727272727272727,12,10,TACGTTAAAAGAGTCAATTG,2,4309932
yadI_predicted,0.6363636363636364,16,10,TACGTGGAGTTGCACCTATA,6,4347201
yadI_predicted,1.0,20,10,TACACGCTTTCGTAATGTGC,10,4319960
yadI_predicted,0.18181818181818182,11,10,TAATTGAGTCTTTTTGCTGA,1,4337071
yadI_predicted,1.3636363636363635,24,10,TAACTGGTCAACATTCCGAG,14,4310284
yadI_predicted,2.3636363636363638,35,10,TAAAGGGGGCTACGGACGCT,25,4345701
yadI_predicted,1.5454545454545454,26,10,TAAAGCCTAAGGTCGTGAGG,16,4357242
yadI_predicted,1.9090909090909092,30,10,GTTTTTTGGACAAAGTATAG,20,4296925
yadI_predicted,1.4545454545454546,25,10,GTTTTGTCAGTGCAGGGGCG,15,4349339
yadI_predicted,0.18181818181818182,11,10,GTTTCACTGACGCGGGGCTG,1,4364284
yadI_predicted,1.7272727272727273,28,10,GTTTATATTTGGAGTGGGGG,18,4349842
yadI_predicted,0.18181818181818182,11,10,GTTTAGAAATCAGCCGACAC,1,4323870
yadI_predicted,1.1818181818181819,22,10,GTTTAAGATACTGGAGTACA,12,4290396
yadI_predicted,1.0,20,10,GTTGTTGTACTGAGGGAACC,10,4369860
yadI_predicted,1.6363636363636365,27,10,GTTGCTCTATGTCAGCTTTG,17,4305608
yadI_predicted,2.1818181818181817,33,10,GTGTGTCGTTCCAGGTTGTG,23,4353693
yadI_predicted,6.7272727272727275,83,10,GTGTGGCACGAGGTTAACTG,73,4345857
yadI_predicted,0.18181818181818182,11,10,GTGTACCGAGTGGCGACGAA,1,4313857
yadI_predicted,2.727272727272727,39,10,GTGGTCCCGTACATAATAAT,29,4319234
yadI_predicted,2.090909090909091,32,10,GTGCAGTGCATTTTACTGAT,22,4363103
yadI_predicted,1.4545454545454546,25,10,GTCTGAGTATGGCTGGGCAA,15,4333861
yadI_predicted,0.2727272727272727,12,10,GTCTCGTAGCCGCCATCCCT,2,4365646
yadI_predicted,0.9090909090909091,19,10,GTCTCCCAAGGGTCGCTCTC,9,4331980
yadI_predicted,1.8181818181818181,29,10,GTCGTCAACTAGAGTATTGA,19,4359476
yadI_predicted,1.0,20,10,GTCCCAAGCAACGTTGGGAC,10,4352711
yadI_predicted,2.272727272727273,34,10,GTCATTCGAAGCTATCCGAG,24,4367700
yadI_predicted,0.18181818181818182,11,10,GTATAGATGATACAGTAGAC,1,4346655
yadI_predicted,1.0,20,10,GTACGCCCATCGCACTGCCT,10,4323219
yadI_predicted,2.8181818181818183,40,10,GTACGCAGCCGAAGGACCGA,30,4331275
yadI_predicted,3.090909090909091,43,10,GTAACAACCATCTCACTACA,33,4303645
yadI_predicted,0.36363636363636365,13,10,GTAAATGACGCCATGGGCTA,3,4368858
yadI_predicted,1.6363636363636365,27,10,GGTTCGTCTTGATGTCAGCA,17,4290021
yadI_predicted,0.5454545454545454,15,10,GGTGCGCTAGGTAGCCGATC,5,4338769
yadI_predicted,0.45454545454545453,14,10,GGTCCAGTCGTGCTCGTTTA,4,4351459
yadI_predicted,1.6363636363636365,27,10,GGGCTCCTTTGTTCAATTGA,17,4307250
yadI_predicted,2.5454545454545454,37,10,GGGCGGGGCCTATATCAATA,27,4301154
yadI_predicted,0.18181818181818182,11,10,GGGCCGCAAAACGGGGTGCA,1,4341946
yadI_predicted,0.18181818181818182,11,10,GGCTTCCCAGTCATCACTCG,1,4306241
yadI_predicted,0.18181818181818182,11,10,GGCTACGTTCCATGTGTGCC,1,4355279
yadI_predicted,2.3636363636363638,35,10,GGCGGACGAGGATCAGTTGT,25,4335212
yadI_predicted,2.909090909090909,41,10,GGCCTACTAGGCTCAAACGC,31,4305548
yadI_predicted,0.7272727272727273,17,10,GGCCATATAACGAAGTTAGT,7,4327379
yadI_predicted,1.9090909090909092,30,10,GGAGTTCCTAGGCCTGGAGA,20,4287711
yadI_predicted,0.36363636363636365,13,10,GGAGGAATCTTTCGCGGATA,3,4338634
yadI_predicted,3.8181818181818183,51,10,GGACTTTAGAAGCCATACCT,41,4368386
yadI_predicted,5.454545454545454,69,10,GGACGATACGTACCATGATC,59,4342807
yadI_predicted,0.7272727272727273,17,10,GCTGCCGGGCCGGCCCCGTT,7,4367081
yadI_predicted,0.45454545454545453,14,10,GCTGAGATGGACACAGTAAG,4,4341081
yadI_predicted,4.7272727272727275,61,10,GCTCAGACGTTGGTAAAACT,51,4292740
yadI_predicted,1.8181818181818181,29,10,GCTAATGCATTGATTTTACG,19,4339907
yadI_predicted,2.090909090909091,32,10,GCGGTCCTGAATAATTACGT,22,4329811
yadI_predicted,0.18181818181818182,11,10,GCGGATTAGTATATCATTGT,1,4332844
yadI_predicted,3.090909090909091,43,10,GCGCTAGAACAGGGACGGGT,33,4331827
yadI_predicted,2.6363636363636362,38,10,GCGAGAATCCTGTCTGTGCG,28,4351907
yadI_predicted,1.5454545454545454,26,10,GCCGCTGCATGTTGCAAACA,16,4299968
yadI_predicted,2.5454545454545454,37,10,GCATCAAATTTCCGACGGTA,27,4341768
yadI_predicted,2.272727272727273,34,10,GCAGGGTTGAAACAACGACC,24,4325956
yadI_predicted,2.090909090909091,32,10,GCAAGACTCGCACGCTAGGG,22,4340581
yadI_predicted,0.18181818181818182,11,10,GATTGAAAACAGACGTGGGA,1,4345358
yadI_predicted,0.9090909090909091,19,10,GATTCCGAGGTAAAGCCATT,9,4350368
yadI_predicted,1.0909090909090908,21,10,GATTCCAGTGAACGTTTGCG,11,4316311
yadI_predicted,1.0909090909090908,21,10,GATGTTAGGCATCCGCATCA,11,4348272
yadI_predicted,1.6363636363636365,27,10,GATGCAAAAACTCACAGTGC,17,4302552
yadI_predicted,0.9090909090909091,19,10,GATACTAAGCCGCTGTCATA,9,4284529
yadI_predicted,1.4545454545454546,25,10,GATACAGTAGAGGTCAAGTC,15,4294518
yadI_predicted,2.4545454545454546,36,10,GAGGCCTCCGGACCTGAATC,26,4296943
yadI_predicted,1.6363636363636365,27,10,GAGCGAAACTGGTTTAACCA,17,4365089
yadI_predicted,0.18181818181818182,11,10,GAATGTTGGATTGTCATGGT,1,4368283
yadI_predicted,2.1818181818181817,33,10,CTTCCCGCTTATAGAGGGGG,23,4315674
yadI_predicted,0.2727272727272727,12,10,CTTAGCTTACTAATGACGTG,2,4285254
yadI_predicted,0.6363636363636364,16,10,CTTAATAGGGCAGATTATAG,6,4369396
yadI_predicted,0.36363636363636365,13,10,CTGTTCACGGTTTTACTGGA,3,4346672
yadI_predicted,2.4545454545454546,36,10,CTGGGAGCCGGACTGAACCG,26,4335834
yadI_predicted,2.5454545454545454,37,10,CTGGATCTGAGGCTTCAATA,27,4319538
yadI_predicted,0.18181818181818182,11,10,CTGCGTGTTGGGACATTCAA,1,4334528
yadI_predicted,0.7272727272727273,17,10,CTCTGAGCCACCGTCATTGG,7,4321947
yadI_predicted,2.3636363636363638,35,10,CTCTCTCATTACCTAGCCCT,25,4284135
yadI_predicted,2.3636363636363638,35,10,CTCAGATCGATGAGCGATTG,25,4335538
yadI_predicted,2.090909090909091,32,10,CTATTGTTTCAATGATAACA,22,4286812
yadI_predicted,0.9090909090909091,19,10,CTATCCCCGCCTTCGTAGCT,9,4302404
yadI_predicted,2.3636363636363638,35,10,CTATCACTCCGCTATGATCG,25,4366060
yadI_predicted,2.090909090909091,32,10,CTAGACATCGAATCCATTAG,22,4308687
yadI_predicted,0.8181818181818182,18,10,CTAATCAGATGATTCCCCCC,8,4304443
yadI_predicted,2.4545454545454546,36,10,CGTGTCGCATATTATTATAC,26,4303586
yadI_predicted,0.9090909090909091,19,10,CGTCGGCAAAGAGGCTCAAA,9,4328963
yadI_predicted,3.090909090909091,43,10,CGTCCCCGTCAAATCAGTCC,33,4351289
yadI_predicted,2.1818181818181817,33,10,CGTCACTACATGCTAGACTG,23,4331632
yadI_predicted,0.9090909090909091,19,10,CGTATGTGGACTAAACCAAG,9,4335932
yadI_predicted,1.7272727272727273,28,10,CGTAGCGGACAAATCCGGCA,18,4327974
yadI_predicted,3.4545454545454546,47,10,CGTACGTCGAGCGTAGCGTT,37,4326424
yadI_predicted,0.2727272727272727,12,10,CGTACATGGGATAGTTGTCC,2,4293356
yadI_predicted,0.18181818181818182,11,10,CGGTTTGGATGGTAGCGTCA,1,4301938
yadI_predicted,2.090909090909091,32,10,CGGTTTCCGGTACTTGTCTC,22,4288889
yadI_predicted,3.6363636363636362,49,10,CGGGTTGCAAACTGCAAGGG,39,4316242
yadI_predicted,1.0,20,10,CGGGATTGTTTTGACATAGA,10,4326215
yadI_predicted,1.8181818181818181,29,10,CGGCTATAATATCCCGCCTA,19,4322486
yadI_predicted,0.36363636363636365,13,10,CGGCGTGCATGCATACCGAT,3,4311416
yadI_predicted,0.8181818181818182,18,10,CGGCCTCATCCAAGAATACG,8,4356833
yadI_predicted,1.3636363636363635,24,10,CGCTAGGCACTATTGTAGGT,14,4289806
yadI_predicted,0.45454545454545453,14,10,CGCCGGCCCATTGTCAAGTA,4,4316566
yadI_predicted,0.18181818181818182,11,10,CGCCAAGTCAAGTATGTTTC,1,4308859
yadI_predicted,3.4545454545454546,47,10,CGCAGTCTGCCAACAACCTA,37,4291665
yadI_predicted,1.5454545454545454,26,10,CGCAATTACTTAACGTATGT,16,4332748
yadI_predicted,2.0,31,10,CGAGTACGACGCTCTTGCAT,21,4336695
yadI_predicted,0.45454545454545453,14,10,CGAGGTCGATGACACTTTTA,4,4318874
yadI_predicted,2.5454545454545454,37,10,CGACTTTTCCGTAGCGATGA,27,4340629
yadI_predicted,1.6363636363636365,27,10,CGAATTACGAGACACAGGTT,17,4366222
yadI_predicted,1.7272727272727273,28,10,CGAATAATCAGTCGGAATAC,18,4325399
yadI_predicted,1.2727272727272727,23,10,CGAAACTGTAACGACGGTCC,13,4369454
yadI_predicted,1.5454545454545454,26,10,CCTTTGACCGAGAGAAGTGA,16,4301331
yadI_predicted,0.7272727272727273,17,10,CCTGGTCGGTGAAACGTGCA,7,4354772
yadI_predicted,2.090909090909091,32,10,CCTGACGGTCCAATCGTTAA,22,4315280
yadI_predicted,0.18181818181818182,11,10,CCTAGCACATGGCAGCGCTG,1,4312518
yadI_predicted,0.5454545454545454,15,10,CCTACCAATCGTAGTAAGGC,5,4303123
yadI_predicted,0.18181818181818182,11,10,CCGTGGATCGCCCGCATGTC,1,4297266
yadI_predicted,0.9090909090909091,19,10,CCGCCAGCGGTCGAGTCGAT,9,4337986
yadI_predicted,2.6363636363636362,38,10,CCGCCACCGCATTGGCGGTC,28,4297879
yadI_predicted,0.6363636363636364,16,10,CCGACCTGTAACTGCGGGCT,6,4326735
yadI_predicted,1.3636363636363635,24,10,CCCGTCTGGTGCTACAAGCT,14,4358156
yadI_predicted,2.909090909090909,41,10,CCCGGTTACATGACTGCTCT,31,4344673
yadI_predicted,4.0,53,10,CCCGACGCACGCAGGCTACC,43,4299853
yadI_predicted,0.18181818181818182,11,10,CCCCTGCAGTGTAAGACACG,1,4320821
yadI_predicted,1.3636363636363635,24,10,CCCCCTCATATGCGCCGGTA,14,4362517
yadI_predicted,2.727272727272727,39,10,CCCATACGAAGGATAATGCA,29,4363906
yadI_predicted,1.0,20,10,CCATACCGTTTCTGATAGCC,10,4291924
yadI_predicted,2.909090909090909,41,10,CCAGTTTCAACCTCTACAAC,31,4315681
yadI_predicted,0.2727272727272727,12,10,CCAGATAATGGCCGAGTACA,2,4337221
yadI_predicted,0.6363636363636364,16,10,CCAGAAATACTAAATCTGCC,6,4329967
yadI_predicted,1.5454545454545454,26,10,CCACGCGTCACGGCTGCGCC,16,4296819
yadI_predicted,0.6363636363636364,16,10,CCACATCTGAGCCGGAGGTG,6,4294135
yadI_predicted,1.7272727272727273,28,10,CATTATAGATTATCCTTATG,18,4302170
yadI_predicted,0.7272727272727273,17,10,CATTAAGGGATCTCCCTGGA,7,4348380
yadI_predicted,1.2727272727272727,23,10,CAGTTACAGTTGTTACCGTA,13,4331404
yadI_predicted,0.2727272727272727,12,10,CAGGCATATTGGTGCCTGAT,2,4322912
yadI_predicted,0.18181818181818182,11,10,CAGCGGATGCATACTCCTGT,1,4304102
yadI_predicted,0.2727272727272727,12,10,CAGCCGGTCTCGATCCTAAC,2,4289977
yadI_predicted,2.909090909090909,41,10,CAGAGATACCAACCCAGCAT,31,4333766
yadI_predicted,0.45454545454545453,14,10,CACTAGATGACCATGATTAT,4,4294900
yadI_predicted,0.6363636363636364,16,10,CACGTGCGGCGCGACCTAGT,6,4360175
yadI_predicted,0.5454545454545454,15,10,CACGTCGCGCGTGTTCGCTT,5,4356170
yadI_predicted,1.3636363636363635,24,10,CACGTCGCACCCTGTGGCCG,14,4306466
yadI_predicted,0.7272727272727273,17,10,CACGGCTTGTAATTGCCCGT,7,4353441
yadI_predicted,1.0,20,10,CACATTCGTCACACGGCTGC,10,4344017
yadI_predicted,0.36363636363636365,13,10,CAACGCGAGAATGGATCCCG,3,4364012
yadI_predicted,2.6363636363636362,38,10,CAACCCGTTTACCAATCGAG,28,4359091
yadI_predicted,2.090909090909091,32,10,ATTTAGCTTTCGCAGGGCAA,22,4287943
yadI_predicted,2.090909090909091,32,10,ATTTACTACATGTTGGTAAA,22,4334356
yadI_predicted,2.272727272727273,34,10,ATTTAATAAGAAAATCTCCT,24,4368394
yadI_predicted,0.5454545454545454,15,10,ATTGGGTATCGCATTCGCGA,5,4331731
yadI_predicted,0.18181818181818182,11,10,ATTGGCTACGCCTACGGAGA,1,4330411
yadI_predicted,0.18181818181818182,11,10,ATTGACTAAACGGTTTGGAT,1,4319244
yadI_predicted,7.818181818181818,95,10,ATTCATCATAGCGCCCATTG,85,4364913
yadI_predicted,2.0,31,10,ATTCAGTATAACAAGGGGAT,21,4323760
yadI_predicted,1.4545454545454546,25,10,ATTACCTTGGGGTCTGTACA,15,4289230
yadI_predicted,1.0909090909090908,21,10,ATTAACTATTAAGGCATACG,11,4322832
yadI_predicted,2.909090909090909,41,10,ATTAACCAGGTTGCACTGAA,31,4354198
yadI_predicted,4.909090909090909,63,10,ATGTTGTCGCAGCTTGGGGT,53,4300561
yadI_predicted,0.9090909090909091,19,10,ATGTGTCATGCGGGGATTAG,9,4313084
yadI_predicted,0.18181818181818182,11,10,ATGTCTCAATGCTAGAAACC,1,4345334
yadI_predicted,0.18181818181818182,11,10,ATGCTGTGAAGATTAAAGCA,1,4305732
yadI_predicted,1.4545454545454546,25,10,ATGCTAGGCAAGACAGTTGG,15,4308791
yadI_predicted,1.4545454545454546,25,10,ATGCGCAAATGGAGGTTAGG,15,4284598
yadI_predicted,0.18181818181818182,11,10,ATGCCCTGAAATATGCGGCG,1,4339701
yadI_predicted,1.2727272727272727,23,10,ATCTTTTTAAGCTTGTTTCG,13,4321796
yadI_predicted,2.5454545454545454,37,10,ATCTTCCTTGGTGCCGGACT,27,4345447
yadI_predicted,1.0,20,10,ATCTGGAAGTCTACTTAATA,10,4301984
yadI_predicted,2.4545454545454546,36,10,ATCTGAAACAAACAAGTAGT,26,4313927
yadI_predicted,0.18181818181818182,11,10,ATCTATGAGGTGGTAGTGCG,1,4367766
yadI_predicted,3.272727272727273,45,10,ATCTAGAAGCAACTATTGAA,35,4296648
yadI_predicted,0.7272727272727273,17,10,ATCCTAAGTGATACGTGAAA,7,4288494
yadI_predicted,1.7272727272727273,28,10,ATCCACCGAAAGTATCTTTT,18,4290400
yadI_predicted,2.3636363636363638,35,10,ATCAGGCCAGGCGCAGGCAA,25,4355891
yadI_predicted,1.0,20,10,ATATGATCAAACGGCACGAA,10,4358782
yadI_predicted,0.5454545454545454,15,10,ATAGCTACCAAGCAGGAACT,5,4344076
yadI_predicted,1.6363636363636365,27,10,ATACCTACGCGGATAACAAC,17,4340323
yadI_predicted,2.3636363636363638,35,10,ATAAGCCTATCACAATATCT,25,4361571
yadI_predicted,2.8181818181818183,40,10,ATAACCGTCAAGAACGGTTC,30,4294828
yadI_predicted,0.45454545454545453,14,10,AGTTGCTAATGACCAAGCAA,4,4331672
yadI_predicted,3.909090909090909,52,10,AGTGGCGCGTAGCTAGTACA,42,4299352
yadI_predicted,1.7272727272727273,28,10,AGTGCGGACAGAATTCAGCA,18,4344805
yadI_predicted,0.5454545454545454,15,10,AGTATGGCCCACCGTTGGGT,5,4325068
yadI_predicted,1.1818181818181819,22,10,AGTATATACAGGCCCACGTT,12,4336843
yadI_predicted,0.2727272727272727,12,10,AGGGGCTCACCGCTGAGGAC,2,4286052
yadI_predicted,0.36363636363636365,13,10,AGGCGGGATTCCAGACCTTA,3,4344496
yadI_predicted,0.18181818181818182,11,10,AGGCCGGGTACTAGATTAGA,1,4313917
yadI_predicted,0.18181818181818182,11,10,AGGCAGTGGCCGATGGATCA,1,4315910
yadI_predicted,0.9090909090909091,19,10,AGGCACAATCATACCGTATT,9,4297539
yadI_predicted,1.5454545454545454,26,10,AGGAGACGGTCAAGTTGGTA,16,4299987
yadI_predicted,0.18181818181818182,11,10,AGCGTCCATTTTTATAAATC,1,4339041
yadI_predicted,0.6363636363636364,16,10,AGCCGGGGGACGAACATATG,6,4334469
yadI_predicted,0.18181818181818182,11,10,AGCCATCAAGCTGAGTGGGC,1,4338506
yadI_predicted,0.18181818181818182,11,10,AGCACTGGAGAAGGAGGAGG,1,4317165
yadI_predicted,0.7272727272727273,17,10,AGATTGGGACACTCTTTCCT,7,4293285
yadI_predicted,0.36363636363636365,13,10,AGAGGCAGATACCGACCTGA,3,4289803
yadI_predicted,2.090909090909091,32,10,AGACGAATATCAGACTTGCG,22,4309355
yadI_predicted,1.9090909090909092,30,10,AGAAGGGGACACCTCCGCAG,20,4360570
yadI_predicted,2.0,31,10,ACTTCACATTTCAAGCTCAG,21,4338837
yadI_predicted,1.3636363636363635,24,10,ACTGGGCTCATGGCCCCGTA,14,4331831
yadI_predicted,0.5454545454545454,15,10,ACTCCTATTATACCAATCCT,5,4291481
yadI_predicted,1.3636363636363635,24,10,ACGTGGGGTCAAAAATTCGG,14,4308694
yadI_predicted,0.45454545454545453,14,10,ACGTAGGGGGATTTGTCGTT,4,4361240
yadI_predicted,0.18181818181818182,11,10,ACCATCCGTCATCTTATTCC,1,4324131
yadI_predicted,1.7272727272727273,28,10,ACCAGGGGTCCCGTTGCTCG,18,4298083
yadI_predicted,1.5454545454545454,26,10,ACATGTTAAGGATGCATGTT,16,4314601
yadI_predicted,2.4545454545454546,36,10,ACAGTCGAGCGTTAGGTAAT,26,4353506
yadI_predicted,0.18181818181818182,11,10,AATTTTTAAAATACAGAAAC,1,4324849
yadI_predicted,4.090909090909091,54,10,AATGGGTACCTTGTATTCCT,44,4297830
yadI_predicted,0.18181818181818182,11,10,AATGGCAGTGACTAAAGGCG,1,4310882
yadI_predicted,0.9090909090909091,19,10,AATGGAACCATCTAAGTCTC,9,4328962
yadI_predicted,0.36363636363636365,13,10,AATAATCGATAGTATCCCGA,3,4359988
yadI_predicted,0.36363636363636365,13,10,AAGTTTTGCTCACACTGCGA,3,4365841
yadI_predicted,0.7272727272727273,17,10,AAGGGGCCGAAACGATCCCG,7,4288617
yadI_predicted,2.5454545454545454,37,10,AAGGAAGCGGATCGCAACAC,27,4288994
yadI_predicted,1.9090909090909092,30,10,AAGCGCTCTAGGTTGGTACA,20,4337812
yadI_predicted,0.7272727272727273,17,10,AAGCCTTGCAGCGCGCACCT,7,4368314
yadI_predicted,0.2727272727272727,12,10,AAGCCTTCCTGGCTGTTTAC,2,4289784
yadI_predicted,1.6363636363636365,27,10,AACGCTGAAAATAACAGATC,17,4352678
yadI_predicted,0.5454545454545454,15,10,AACGCCTAGGTTGTTTTAGA,5,4366070
yadI_predicted,0.45454545454545453,14,10,AACCCATGGTTCCAGAAGAG,4,4285032
yadI_predicted,2.1818181818181817,33,10,AACAGCGGCGGCAGGTACAG,23,4307285
yadI_predicted,0.36363636363636365,13,10,AAAGTTGCTCTAAACAATCT,3,4321065
yadI_predicted,3.8181818181818183,51,10,AAAGCTCACTGTCAAGGAGT,41,4336748
yadI_predicted,1.2,20,9,TTTTGTCCCGTGCAGGATTA,11,4300321
yadI_predicted,2.9,37,9,TTTTCCCGGTTCGAGAGTAC,28,4309242
yadI_predicted,3.9,47,9,TTTTATTGGGTCTTGAGCTT,38,4347979
yadI_predicted,0.2,10,9,TTTTACCGCACACATTTCCT,1,4298677
yadI_predicted,2.4,32,9,TTTCTTGGGACACTTTGATT,23,4287003
yadI_predicted,2.7,35,9,TTTCGTCCCTCTGTAGTTTC,26,4333822
yadI_predicted,0.4,12,9,TTTCAGCTCCAATGACTATG,3,4318968
yadI_predicted,0.2,10,9,TTTATTTTATTACTCCGGGT,1,4312288
yadI_predicted,1.9,27,9,TTGTCATCCCCTTTCGTAGA,18,4291879
yadI_predicted,1.1,19,9,TTGGGTGCGCTAGCCCTCAA,10,4366318
yadI_predicted,0.2,10,9,TTGGCGGATTAGATGCGATT,1,4301613
yadI_predicted,0.3,11,9,TTGGAAGAACCATACTGGCT,2,4295569
yadI_predicted,0.4,12,9,TTGCCCCTCGTCGGGCTGGG,3,4307129
yadI_predicted,3.9,47,9,TTGAGGCCATAGATTGGGGG,38,4349937
yadI_predicted,1.0,18,9,TTGACGTCGCATGAAACCTA,9,4295047
yadI_predicted,0.7,15,9,TTCTTTCAAACCCTTTATAT,6,4338611
yadI_predicted,1.4,22,9,TTCCCGCGTATGGAAATATG,13,4315967
yadI_predicted,0.7,15,9,TTCCAGCTTGACAGCAACGG,6,4361708
yadI_predicted,0.9,17,9,TTCACCGGTCAGGACTGAGT,8,4322512
yadI_predicted,0.2,10,9,TTCAATGAGAATACCCGGTG,1,4338268
yadI_predicted,1.6,24,9,TTATGTCAAATGATTTAATT,15,4365014
yadI_predicted,3.2,40,9,TTACGTTGCAAGTATACGTG,31,4368606
yadI_predicted,0.4,12,9,TTACCGCCGGTAAGGAGCTC,3,4358940
yadI_predicted,3.3,41,9,TTACACTGACGAGGTACTGT,32,4366205
yadI_predicted,1.1,19,9,TTAAGGCGCTAAGTTCTTAA,10,4368263
yadI_predicted,1.6,24,9,TGTGTTGAAAAAGCCCCCTA,15,4347628
yadI_predicted,2.3,31,9,TGTGTTACGTTAAGAAGACG,22,4346940
yadI_predicted,1.8,26,9,TGTGCGTCAGCTATTGCTCC,17,4310914
yadI_predicted,1.7,25,9,TGTGATACATCCGCTCGTCA,16,4340985
yadI_predicted,1.3,21,9,TGTGATAAACGTGTAATAAA,12,4286511
yadI_predicted,0.3,11,9,TGGGGTAGCGCGGAACATTG,2,4304519
yadI_predicted,7.9,87,9,TGGGAAGAAGGTCAATAACT,78,4347035
yadI_predicted,2.6,34,9,TGGAGGACCTGGGGTTGACA,25,4303562
yadI_predicted,0.3,11,9,TGCTAATGCGCGGGGTGCTT,2,4315760
yadI_predicted,0.7,15,9,TGCGGTGACCGGAAGTCCGT,6,4333088
yadI_predicted,1.9,27,9,TGCCGGTAGCTCGTACGGGC,18,4352788
yadI_predicted,0.7,15,9,TGCAGTGCGTCTAACCTACT,6,4301503
yadI_predicted,1.9,27,9,TGATCACCCCCTCTCCCCCC,18,4316342
yadI_predicted,1.1,19,9,TGAGTCACGGTTGAGCCCAA,10,4322273
yadI_predicted,3.6,44,9,TGAGTACGGAGGGTCAGAGA,35,4304266
yadI_predicted,2.5,33,9,TGAGGTACGGTACCTCCGTT,24,4302280
yadI_predicted,2.3,31,9,TGAAAGAAGAGCGTGCGCTT,22,4351610
yadI_predicted,3.1,39,9,TCTTTCCACGGTGATAGATA,30,4318731
yadI_predicted,0.7,15,9,TCTTGCAAGCAAAGTTTTCA,6,4352418
yadI_predicted,1.1,19,9,TCTTCGAAATTTTATATTCA,10,4365981
yadI_predicted,0.2,10,9,TCTATTCGGCTGGTTTTTAT,1,4309354
yadI_predicted,0.9,17,9,TCTAAAGTGTCCAAACGCAT,8,4339946
yadI_predicted,1.9,27,9,TCGTTTACTGGGGGTCGTTG,18,4334837
yadI_predicted,2.0,28,9,TCGTGTAAGAGTAGTCAATC,19,4322760
yadI_predicted,2.9,37,9,TCGTCTGTCCTGGCGCCGGC,28,4295886
yadI_predicted,0.9,17,9,TCGGAGACAAGTGCACATTA,8,4363526
yadI_predicted,1.0,18,9,TCGAGAGGCCGGGGCGCGTT,9,4321486
yadI_predicted,1.0,18,9,TCCTTATTGAGAATTCCATA,9,4320367
yadI_predicted,1.4,22,9,TCCTCAGTAATCTTCGGGGA,13,4317269
yadI_predicted,1.4,22,9,TCCTATGGTTTCCGGCTGGA,13,4311664
yadI_predicted,2.0,28,9,TCCGCTAACGGCGCGTGAAG,19,4286954
yadI_predicted,1.4,22,9,TCCGAAGGCGACTGAAAGAG,13,4353819
yadI_predicted,0.4,12,9,TCCCTATCGAAGTGCGCCAT,3,4315473
yadI_predicted,0.6,14,9,TCCAGAACCTGCGCCTCGAT,5,4308942
yadI_predicted,3.3,41,9,TCATGACTTCGTTCACCCCG,32,4368274
yadI_predicted,1.7,25,9,TCATCCCATATCTTGTAACA,16,4343897
yadI_predicted,1.1,19,9,TCAGGCGGTCTTATACTCTA,10,4369519
yadI_predicted,2.0,28,9,TCAGACGCCTCGGGTCGGTC,19,4361714
yadI_predicted,1.8,26,9,TCAACCTCAGTCCTTTATGC,17,4338070
yadI_predicted,3.7,45,9,TATGACTCAGTCCCTTACAA,36,4341516
yadI_predicted,5.8,66,9,TATCCGAACAATAATTTTAA,57,4299711
yadI_predicted,2.0,28,9,TATCAGTTTCAGCATGTCTG,19,4347631
yadI_predicted,0.2,10,9,TATATACTACGCGCAAGTAT,1,4333859
yadI_predicted,2.0,28,9,TATAATGCGGTGGCAAGGTG,19,4356777
yadI_predicted,0.2,10,9,TATAAGTATAGTGAATCTAT,1,4356805
yadI_predicted,4.4,52,9,TAGGACCGGTGAGGGTCATT,43,4318713
yadI_predicted,1.6,24,9,TACAGCAACCCCACCAATGA,15,4305886
yadI_predicted,0.9,17,9,TACAAATATATAAGCGTGTG,8,4292348
yadI_predicted,2.0,28,9,TAAGAGCACCGATGTGACCC,19,4342976
yadI_predicted,0.6,14,9,TAACACCAGACAGACGCAAT,5,4290114
yadI_predicted,5.2,60,9,TAAAGTTCCTGATGTTAGGA,51,4308420
yadI_predicted,0.4,12,9,GTTTTCTTGGAGATCCGGCC,3,4284462
yadI_predicted,1.5,23,9,GTTTGGTACGAGCTCAGCAA,14,4306032
yadI_predicted,2.3,31,9,GTTTCTACTAATTATGAGCG,22,4341102
yadI_predicted,1.4,22,9,GTTTCAGATTAGTCAGTGCA,13,4318252
yadI_predicted,1.6,24,9,GTTCTCGTACGCAATGTGAA,15,4325898
yadI_predicted,0.2,10,9,GTTCTAGTCCCGAGCTACAC,1,4367932
yadI_predicted,4.9,57,9,GTTCGGTGGACGGGCATAGA,48,4328928
yadI_predicted,2.1,29,9,GTTCGGCCACCGTAGGCTTC,20,4302857
yadI_predicted,1.9,27,9,GTTCCCTTGAGAGGGCTCTA,18,4296047
yadI_predicted,6.8,76,9,GTTAATGATTTAGAACTCCT,67,4349391
yadI_predicted,0.2,10,9,GTTAAATAGGACATTGAAAT,1,4318863
yadI_predicted,0.5,13,9,GTGTTATACCTCCTTACCTC,4,4349664
yadI_predicted,0.9,17,9,GTGCTGGTTCTCGACAGCCA,8,4351596
yadI_predicted,2.6,34,9,GTGCGTGCGCGCACTACACG,25,4316172
yadI_predicted,4.7,55,9,GTGAGATATAATACATCAGC,46,4335692
yadI_predicted,0.2,10,9,GTCAAGCGAAGTAATCCCCT,1,4357244
yadI_predicted,4.0,48,9,GTATCCAGCCCGGGTTTGGT,39,4368144
yadI_predicted,2.4,32,9,GTACACTAAACTCCAATTGC,23,4316561
yadI_predicted,0.5,13,9,GTAACGCGCAAAGTTTCACT,4,4288228
yadI_predicted,0.5,13,9,GGTAAGTCGGGTGACGTTCG,4,4293803
yadI_predicted,0.3,11,9,GGTAAGGACAAATGGGTGCA,2,4291014
yadI_predicted,0.2,10,9,GGTAAATTTGCAACTCTTAC,1,4309124
yadI_predicted,3.2,40,9,GGGTGGCCTGAACAGTAATA,31,4323379
yadI_predicted,1.5,23,9,GGGCGCAACCTCAAGTTTGG,14,4296101
yadI_predicted,1.0,18,9,GGGCCGGGGTCCTTCGGGCA,9,4287762
yadI_predicted,0.2,10,9,GGCTAGAAGCGCAGACTGAT,1,4324362
yadI_predicted,1.8,26,9,GGCCTTCCATGAGTATTCAT,17,4341867
yadI_predicted,3.5,43,9,GGCCAATAGAATTAGACACT,34,4367122
yadI_predicted,2.4,32,9,GGCATTTTACGCGGAGAAAT,23,4332002
yadI_predicted,1.5,23,9,GGCATCGACGTACACCGTAC,14,4335590
yadI_predicted,3.3,41,9,GGCACCGGGATGATTCACAT,32,4314179
yadI_predicted,0.2,10,9,GGATTCTTTGTTCCCCCAAT,1,4362691
yadI_predicted,1.4,22,9,GGATTAGTACGAAGGCTTAA,13,4359644
yadI_predicted,1.1,19,9,GGACTCTCGCAACCTCACAC,10,4351024
yadI_predicted,1.6,24,9,GGACGCACAGGGTGCGTTCA,15,4365113
yadI_predicted,0.2,10,9,GCTTAGACCCAGCCACCCCT,1,4311582
yadI_predicted,0.2,10,9,GCTTAATGATTTGTCTCGGT,1,4303139
yadI_predicted,2.6,34,9,GCTCGTTGGCACATGTCACT,25,4310387
yadI_predicted,0.2,10,9,GCTCAGAACATGCCCCTCCG,1,4330164
yadI_predicted,2.4,32,9,GCTAGTAATATTCAGTTCTG,23,4330679
yadI_predicted,0.7,15,9,GCGTGCACACTCTTTAAACG,6,4299328
yadI_predicted,1.0,18,9,GCGTATTAAGTTCCCACACC,9,4323815
yadI_predicted,1.4,22,9,GCGTAGCCAAGCTTGTAGAC,13,4342359
yadI_predicted,0.2,10,9,GCGGGTATGCTTGGAACAAA,1,4367030
yadI_predicted,1.8,26,9,GCGGCTGTATACAGTAAGAA,17,4342423
yadI_predicted,0.9,17,9,GCGATAGTGGGATCTCGGAC,8,4295235
yadI_predicted,0.2,10,9,GCCTCATAACGTCGTTATAG,1,4313373
yadI_predicted,3.4,42,9,GCCGTGTGCGTCTATGTTCA,33,4346862
yadI_predicted,1.1,19,9,GCCGTATATGGCCAACATTG,10,4357103
yadI_predicted,5.2,60,9,GCCCTCGTTGACCGGAAGTG,51,4303890
yadI_predicted,2.9,37,9,GCCATAGATATCTCAAACTT,28,4352519
yadI_predicted,0.9,17,9,GCCACCAACAGTTCGGCGCA,8,4330676
yadI_predicted,1.5,23,9,GCATGATCAGGTACGCATCC,14,4356842
yadI_predicted,0.4,12,9,GCATCCGAGGAAGAGAGTTG,3,4335787
yadI_predicted,1.7,25,9,GCATATAAGTTTTAGAGTTA,16,4342833
yadI_predicted,0.7,15,9,GCAGGTCAGTCGGGGGCTCT,6,4369466
yadI_predicted,1.3,21,9,GCAGCCTATCCGAGAAAAGA,12,4330662
yadI_predicted,1.6,24,9,GCAGATCCGTCCGGTGCCGC,15,4291148
yadI_predicted,1.5,23,9,GATTTTGAAGCGACCAGATG,14,4284716
yadI_predicted,1.7,25,9,GATGCTACGCGCGTGGGGTT,16,4328634
yadI_predicted,0.2,10,9,GATGCCAAGGAAGGGGATAT,1,4345666
yadI_predicted,2.3,31,9,GATCGATGTTTTTAACCCTT,22,4361516
yadI_predicted,2.5,33,9,GATCGAAGATTTTGGTAGAC,24,4308736
yadI_predicted,1.8,26,9,GAGTTCCAAAGCCATTAGAA,17,4357512
yadI_predicted,0.2,10,9,GAGTGGATCATATTGCATTC,1,4328916
yadI_predicted,2.1,29,9,GAGTGCTAGTTGCACCAGTT,20,4341203
yadI_predicted,3.3,41,9,GAGTATTGGGGTCTTGCCAA,32,4286595
yadI_predicted,1.2,20,9,GAGCATTCGTCACTGTCTAA,11,4330591
yadI_predicted,0.2,10,9,GAGATTAGCCTAGGCGAGCA,1,4286179
yadI_predicted,4.6,54,9,GAGAGAAGTAGGTTCGTCTC,45,4296604
yadI_predicted,3.2,40,9,GAGACAGTGATGTACATTGA,31,4313912
yadI_predicted,1.1,19,9,GACTTGAATCATCGGCCCAC,10,4354344
yadI_predicted,2.9,37,9,GACGGACAAGTTCTTTGTAG,28,4315790
yadI_predicted,1.3,21,9,GACCTGACTGAACCGTTGAA,12,4360788
yadI_predicted,1.9,27,9,GAAGTACAAAGTTTGGAGCT,18,4313152
yadI_predicted,1.6,24,9,GAAGGGTGTATATGGAGTAA,15,4330504
yadI_predicted,0.2,10,9,GAAGGAACAGTGTGACGGAG,1,4362803
yadI_predicted,1.0,18,9,GAAGCGCCACAACGGAAACC,9,4369192
yadI_predicted,2.0,28,9,CTTGGAGAGCTCTAGTCACT,19,4342409
yadI_predicted,2.2,30,9,CTTGCCGTCAGTTGGTCAGA,21,4327255
yadI_predicted,1.0,18,9,CTGTTACCATATGGTGTGCT,9,4347368
yadI_predicted,0.2,10,9,CTGTGCATTGGAGGATGAGA,1,4341684
yadI_predicted,0.6,14,9,CTGCTCGACCGGAACTTTTC,5,4291723
yadI_predicted,5.6,64,9,CTGCGGGCATGACCGCAAGG,55,4317564
yadI_predicted,1.1,19,9,CTGCGACGAACTCAGTCCGA,10,4329275
yadI_predicted,2.9,37,9,CTCTTAAGTTTTGAATAGAT,28,4367154
yadI_predicted,0.2,10,9,CTCTGCGAGACTTAACGTAT,1,4363833
yadI_predicted,3.8,46,9,CTCTCTCGGTACCCATGGAA,37,4304614
yadI_predicted,1.1,19,9,CTCGGACCCCTTCTATTGAG,10,4300918
yadI_predicted,2.2,30,9,CTCCCTGGCTACGAGCGGCT,21,4337997
yadI_predicted,1.8,26,9,CTCAGGCGAAATATGATCGG,17,4333376
yadI_predicted,0.2,10,9,CTCAGGCAGATGCTTAGGCA,1,4357304
yadI_predicted,0.8,16,9,CTCAGATTGTCAGACTATGG,7,4312053
yadI_predicted,0.2,10,9,CTATGGGTGTGGTCAAGCGT,1,4324543
yadI_predicted,0.2,10,9,CGTTTTTTTGACCTTCGATC,1,4321769
yadI_predicted,0.2,10,9,CGTTTACGAGATAACGCCAT,1,4368772
yadI_predicted,0.5,13,9,CGTGTGTGCAAGCGTGGGTT,4,4330777
yadI_predicted,0.2,10,9,CGTGTGCATGGGCACTAGAG,1,4330508
yadI_predicted,1.3,21,9,CGTGCACGTGACGGAATCAA,12,4327016
yadI_predicted,2.1,29,9,CGTCTTTTATTACTGGACGC,20,4368888
yadI_predicted,2.7,35,9,CGTCACAATGGAACAACCAC,26,4369660
yadI_predicted,0.6,14,9,CGGTTTGACTGAGGCACTAA,5,4299894
yadI_predicted,2.6,34,9,CGGTTAATTCAGACAAATCC,25,4297652
yadI_predicted,0.4,12,9,CGGGAAAGTTCAGTGGACCA,3,4296992
yadI_predicted,0.2,10,9,CGGCTCATTGCTTGTCTCAG,1,4310696
yadI_predicted,0.2,10,9,CGGCCCGTTGGTGACTTTGG,1,4315485
yadI_predicted,1.5,23,9,CGGAGCAGCAGCCTACGATC,14,4347737
yadI_predicted,1.0,18,9,CGCGTCTCTCTTACACTGCG,9,4314238
yadI_predicted,1.5,23,9,CGCGGGGGGCAGCGGTCTGG,14,4294870
yadI_predicted,1.3,21,9,CGCGCTATGAGTGGCTGGAC,12,4335705
yadI_predicted,0.9,17,9,CGCCCGTGGGGTGCCCCTCG,8,4353685
yadI_predicted,0.7,15,9,CGCATCCTTTGAGCACTCTG,6,4297634
yadI_predicted,0.2,10,9,CGCAGTGTTGCGCTCATAGT,1,4313248
yadI_predicted,2.4,32,9,CGATGTTCGGGGACTGCGGA,23,4290784
yadI_predicted,5.3,61,9,CGATAGAGACCGGCCTATCA,52,4348719
yadI_predicted,1.7,25,9,CGAGGGCAGCTCGGAGGTCT,16,4306795
yadI_predicted,0.2,10,9,CGACTGTTCGGTATAGAGAG,1,4346409
yadI_predicted,0.3,11,9,CGACAGCCGACACCCCGTAA,2,4293263
yadI_predicted,2.2,30,9,CGAAGTATGCTCACTAGCGT,21,4290055
yadI_predicted,1.6,24,9,CCTTGTCTTTACGGAAACGG,15,4297953
yadI_predicted,0.4,12,9,CCTTGGATGACCCCGGACTA,3,4286347
yadI_predicted,1.1,19,9,CCTTGCTGCGTATTCCCCTT,10,4318861
yadI_predicted,0.2,10,9,CCTTACGTTCCTCTAGTCAA,1,4292311
yadI_predicted,1.9,27,9,CCTTAAAGGTTAGATAGAAT,18,4364461
yadI_predicted,1.9,27,9,CCTGTAGAAGGTCACATCAG,18,4298185
yadI_predicted,0.2,10,9,CCGGTGTTGTTACGTCGTCA,1,4287698
yadI_predicted,1.0,18,9,CCGCTCTACAAAGTTCCTTT,9,4310520
yadI_predicted,0.2,10,9,CCGCGCATATCGCAGATATC,1,4311044
yadI_predicted,0.7,15,9,CCGCACTCTCTCTCAATGGT,6,4321154
yadI_predicted,1.9,27,9,CCGATCACCGAACCCTTGTA,18,4321801
yadI_predicted,2.4,32,9,CCGACGTTCACGCGGATTCG,23,4294086
yadI_predicted,0.3,11,9,CCCGAGTCGTTACCGCACAC,2,4288492
yadI_predicted,3.0,38,9,CCCCTTGCATGTGTACCACG,29,4291752
yadI_predicted,3.8,46,9,CCCCTCTTGCACTGGCGTAG,37,4361036
yadI_predicted,0.2,10,9,CCCAGAAACAATATGTGTAC,1,4324586
yadI_predicted,0.3,11,9,CCATTAATAGCCGAGAGTCA,2,4323682
yadI_predicted,2.3,31,9,CCAGGTCGCGTGGCAATTCT,22,4318826
yadI_predicted,0.2,10,9,CCACCGGATGCTGGCCGTCT,1,4295565
yadI_predicted,1.9,27,9,CCACAGGCCGTCCTGTGACG,18,4287643
yadI_predicted,0.2,10,9,CCAAGAAAGCAACGCCTAAC,1,4336451
yadI_predicted,0.5,13,9,CCAACCATAGAACCTACCCA,4,4317746
yadI_predicted,2.7,35,9,CCAAACACATCAATATCTTA,26,4286773
yadI_predicted,1.2,20,9,CATTGTGTTTTGTACAATCT,11,4288723
yadI_predicted,3.6,44,9,CATTCACTGGTCATAATGTT,35,4326135
yadI_predicted,3.4,42,9,CATGCATTTACTTCTCTTAT,33,4294983
yadI_predicted,0.2,10,9,CATGAGAACCTTCTATGACT,1,4287532
yadI_predicted,0.4,12,9,CATCCCAATGCGGGTCTAGA,3,4310818
yadI_predicted,2.1,29,9,CATATAGTCCGCATTTTTCT,20,4306360
yadI_predicted,3.3,41,9,CATATAGCTTTCGCGAGTGA,32,4285991
yadI_predicted,1.5,23,9,CAGGCCATGGCGTACAGGTC,14,4346375
yadI_predicted,2.2,30,9,CAGGAGTATTGTTAGGGTGT,21,4324399
yadI_predicted,0.9,17,9,CAGATTCTCGGTGCTGGGAA,8,4332054
yadI_predicted,3.8,46,9,CAGATGAAAAGGAAGTTTGT,37,4318836
yadI_predicted,0.8,16,9,CAGAGTTTAATCGAGCTCCA,7,4286683
yadI_predicted,0.2,10,9,CACTCAAACGTTGACCTGCA,1,4347313
yadI_predicted,2.4,32,9,CACGCGACGTCAATTGTGCT,23,4340652
yadI_predicted,0.8,16,9,CACGACATTTCACGACCCAC,7,4318775
yadI_predicted,1.8,26,9,CACCTCTATGGGGCTGCGCA,17,4360962
yadI_predicted,1.1,19,9,CACCGGTTCCGATATTGTTT,10,4365594
yadI_predicted,1.5,23,9,CACAGGCCAGGTCGCTCTGC,14,4288265
yadI_predicted,1.7,25,9,CACAGGAGTCGAAAGATCCC,16,4293011
yadI_predicted,0.2,10,9,CACAACAACAGTGACATCGT,1,4313307
yadI_predicted,0.3,11,9,CAAGCTATACAAAAAACATT,2,4296827
yadI_predicted,0.2,10,9,CAAGCATTGATAGGATTTAG,1,4359766
yadI_predicted,1.9,27,9,CAACTTCCAGCGCACAGTGA,18,4356096
yadI_predicted,3.5,43,9,CAACCGTTGTCCAGAGAACG,34,4346601
yadI_predicted,2.7,35,9,CAACATTGCGAGACGGTGCA,26,4303430
yadI_predicted,1.8,26,9,CAAACATAAGAGCTTCCACT,17,4354514
yadI_predicted,1.7,25,9,CAAACAAATGTAATTTCTTT,16,4365007
yadI_predicted,0.6,14,9,ATTTACCTCGGGTATCTTTA,5,4297386
yadI_predicted,0.2,10,9,ATTCTGAGCTACCTCAATAG,1,4295227
yadI_predicted,0.3,11,9,ATTCGAGGGTGAGTAAAGTG,2,4284437
yadI_predicted,0.2,10,9,ATTACTTCACTCCGATTAAT,1,4340959
yadI_predicted,1.3,21,9,ATTAAACGTGTGCGGACTGT,12,4330183
yadI_predicted,1.5,23,9,ATGTGTGCACGATAGGAGTC,14,4349411
yadI_predicted,2.0,28,9,ATGTAGTATAGGCAAGTAAA,19,4351358
yadI_predicted,1.4,22,9,ATGTACGCCGTGTAAGGTTT,13,4287329
yadI_predicted,5.6,64,9,ATGGATACTTTGTGATATCC,55,4314188
yadI_predicted,2.7,35,9,ATGCCCACGAAGGCTTCTAA,26,4363119
yadI_predicted,0.4,12,9,ATGCAAGTTACACTAGGCCC,3,4339173
yadI_predicted,2.5,33,9,ATGAAAACTGCTCGAGAGCT,24,4365598
yadI_predicted,0.3,11,9,ATCTTGACGTATAGTTAGCA,2,4364786
yadI_predicted,0.3,11,9,ATCTGACACGCATATTATCC,2,4357554
yadI_predicted,1.5,23,9,ATCGGGGGCGTAAGAAAAAG,14,4360429
yadI_predicted,0.4,12,9,ATCGCTTTCCGGAGATAATC,3,4349760
yadI_predicted,0.6,14,9,ATCCGTCCCTCATATAAACT,5,4306969
yadI_predicted,4.3,51,9,ATCATTTTGTTGCGGTCTCT,42,4311965
yadI_predicted,0.2,10,9,ATCATTCACCGTGCGGAATG,1,4328316
yadI_predicted,3.0,38,9,ATCAGTTCGGGGCTTGCAGG,29,4316616
yadI_predicted,4.1,49,9,ATCAAAGCGGCACAGTTTAG,40,4301462
yadI_predicted,3.2,40,9,AGTTTTGAATTTTACTCGGT,31,4320222
yadI_predicted,0.2,10,9,AGTGGGCGCCGAGCACTGCG,1,4311922
yadI_predicted,0.3,11,9,AGTGGGAACCCTTCAAACTG,2,4284469
yadI_predicted,0.2,10,9,AGTCTCTGACCGGTTAGTCC,1,4349892
yadI_predicted,2.3,31,9,AGGGCGCTAGCCGCGTGCGA,22,4294809
yadI_predicted,0.6,14,9,AGGAGCTTATTGCCGTTGAC,5,4319855
yadI_predicted,1.4,22,9,AGGACTCATTTGTTAATTTA,13,4306754
yadI_predicted,1.8,26,9,AGCTTAGAGACTTCAAAATT,17,4306740
yadI_predicted,2.6,34,9,AGCGTTGTGCCTAACTACAG,25,4338452
yadI_predicted,2.0,28,9,AGCGCGGTCCTGGCTTCACA,19,4317679
yadI_predicted,0.2,10,9,AGCGCCTGCCCCGACCGCAG,1,4308276
yadI_predicted,0.6,14,9,AGCGCCCTCATTGTAAGAAT,5,4319282
yadI_predicted,2.2,30,9,AGCCGTCATACTAGCCGACA,21,4356001
yadI_predicted,2.2,30,9,AGCCCCGGAATTCAGTTGGG,21,4345552
yadI_predicted,1.5,23,9,AGCAGCGACGTACAAATCCA,14,4303529
yadI_predicted,1.3,21,9,AGATACTACGGAGATGGATT,12,4341363
yadI_predicted,0.4,12,9,AGACCTTCGTAAAATTTTGA,3,4333675
yadI_predicted,1.8,26,9,AGACAACATCCGCGCGCTCA,17,4288830
yadI_predicted,1.2,20,9,AGAATCACACGTGCTACGTG,11,4289370
yadI_predicted,1.3,21,9,AGAAGGTGCAGGTCCCACTT,12,4341773
yadI_predicted,0.8,16,9,ACTTTGTCAATCCCTGCAGA,7,4340729
yadI_predicted,2.4,32,9,ACTTTATGGGTCGGATTCAA,23,4302821
yadI_predicted,3.6,44,9,ACTGAAATTAACGATAAGCC,35,4309872
yadI_predicted,0.2,10,9,ACGTCCAAAGCCGTCCCTTT,1,4299618
yadI_predicted,1.5,23,9,ACGGTCAAGGGAGGTGTTTT,14,4328126
yadI_predicted,0.3,11,9,ACGGGGCATACTATAGGTAG,2,4309720
yadI_predicted,0.2,10,9,ACGGCCAAGAAGGCGCTTTG,1,4353079
yadI_predicted,3.5,43,9,ACGCGGTGCATTTGGGGTCA,34,4309676
yadI_predicted,0.3,11,9,ACCGCTGACGTGGATTTCAA,2,4318846
yadI_predicted,2.0,28,9,ACCGCTCTGTAAGAGGGCTA,19,4343786
yadI_predicted,3.2,40,9,ACCGAGAGTCATCCCCCAAA,31,4340851
yadI_predicted,1.8,26,9,ACATATTTGTGTATGTTCAC,17,4346015
yadI_predicted,0.7,15,9,ACATATTCGTCTGATAGACC,6,4348147
yadI_predicted,2.4,32,9,ACAACGGAGCGACCCCCACA,23,4313701
yadI_predicted,1.4,22,9,AATGGTTTTGGGTACGCTGA,13,4285959
yadI_predicted,0.2,10,9,AATGGGCCAACCACGCCCTT,1,4363280
yadI_predicted,1.2,20,9,AATGGCATCTAGCCTAGACC,11,4369296
yadI_predicted,0.5,13,9,AATGCTAAATTGTGGCCGGA,4,4292078
yadI_predicted,0.3,11,9,AATAGCAACGTAAGAGGAGT,2,4313317
yadI_predicted,1.3,21,9,AATACGAGTTGTCTTAATTT,12,4340311
yadI_predicted,1.5,23,9,AAGTAAACCCTTTGTTACGC,14,4325990
yadI_predicted,1.9,27,9,AAGGTTTTTACACAGGACGA,18,4351450
yadI_predicted,1.5,23,9,AAGGTTCGCTATATCACCTT,14,4364371
yadI_predicted,0.6,14,9,AAGGGCAAACTGCGTGAACG,5,4369194
yadI_predicted,0.2,10,9,AAGGCCGAATCCCAGTGGGT,1,4292224
yadI_predicted,0.2,10,9,AAGGATCGGTGCGTCTAGCG,1,4329649
yadI_predicted,0.2,10,9,AAGGAGGCATTTTATACTGT,1,4317642
yadI_predicted,1.3,21,9,AAGCGTGTCCAATAATTGTG,12,4304733
yadI_predicted,2.8,36,9,AAGATGACATCGTGATAATT,27,4332246
yadI_predicted,3.4,42,9,AAGATCACTACATCTGACAC,33,4342803
yadI_predicted,0.2,10,9,AAGAGAGCGACAACTGGTTT,1,4360664
yadI_predicted,2.1,29,9,AAGAGACCATAGCGCGGAGC,20,4304742
yadI_predicted,0.2,10,9,AAGAATGTGTCGCCGTTCCA,1,4303379
yadI_predicted,0.2,10,9,AACGCCTAAACGACAGTCCT,1,4307258
yadI_predicted,3.9,47,9,AAATTTCACAAATGCCGGTG,38,4315606
yadI_predicted,0.7,15,9,AAATGTGACCGGAAAGTGGT,6,4289461
yadI_predicted,0.6,14,9,AAATATCTGGTTGGACAGTA,5,4304825
yadI_predicted,2.2,30,9,AAATAACAAAGACACCGATA,21,4353243
yadI_predicted,0.2,10,9,AAAGTGTATAGGAGCTAGAT,1,4306370
yadI_predicted,2.1,29,9,AAAGTACGTGCCCCTCTGAT,20,4320287
yadI_predicted,1.3,21,9,AAAGGGCCGGGTGCAATCTA,12,4350670
yadI_predicted,0.8,16,9,AAAGCTCACACTACTGAAAA,7,4292093
yadI_predicted,1.7,25,9,AAAGCGTTGCAAGAAGCGCT,16,4296864
yadI_predicted,0.2,10,9,AAAGCAACTCGCCTGATTGG,1,4293178
yadI_predicted,1.0,18,9,AAACAGTGCTTGGGTTTATA,9,4296990
yadI_predicted,0.2222222222222222,9,8,TTTGTGTAGACGGGGTTTGT,1,4287052
yadI_predicted,1.1111111111111112,17,8,TTTGCGCAGGGACGATATTT,9,4326974
yadI_predicted,3.7777777777777777,41,8,TTTCGGTAGTGTGTCTTAGC,33,4304859
yadI_predicted,2.2222222222222223,27,8,TTTATTAGTCGGTCTGCTCA,19,4369859
yadI_predicted,1.1111111111111112,17,8,TTTACTAATTAGTGCGCGAG,9,4350124
yadI_predicted,0.7777777777777778,14,8,TTGTCTTCACGTTAAGGGAC,6,4324818
yadI_predicted,0.7777777777777778,14,8,TTGTCTGTAGCCAAAGGCGC,6,4353339
yadI_predicted,4.0,43,8,TTGACTAGCCCGGTTCAACA,35,4348346
yadI_predicted,1.7777777777777777,23,8,TTCTTCTCCTTAGGGCTCAA,15,4315098
yadI_predicted,9.11111111111111,89,8,TTCTGGTAAGTTAGCGCGAT,81,4310519
yadI_predicted,5.444444444444445,56,8,TTCGTGCGACTGACCTCCCA,48,4337388
yadI_predicted,0.7777777777777778,14,8,TTCGTCCTCTTCTGGGGTGG,6,4357818
yadI_predicted,2.3333333333333335,28,8,TTCCGAATTTGATCCTTATC,20,4325400
yadI_predicted,1.6666666666666667,22,8,TTCCGAACCTTAGCAAGCGA,14,4335595
yadI_predicted,2.3333333333333335,28,8,TTAGTGCGATTGTCAGACAG,20,4305298
yadI_predicted,0.2222222222222222,9,8,TTAAGTTTGTTGTCCACGCA,1,4366193
yadI_predicted,2.0,25,8,TTAAGGGCACCGATCCGTAC,17,4290019
yadI_predicted,2.7777777777777777,32,8,TTAAATCAGTGGGGTGTGCG,24,4362637
yadI_predicted,0.5555555555555556,12,8,TGTTGTTCGATGTCCTTATG,4,4284534
yadI_predicted,0.2222222222222222,9,8,TGTTCTTCCTCGAGGAACGT,1,4325338
yadI_predicted,1.8888888888888888,24,8,TGTTCGCTAGACCAAATTTT,16,4325810
yadI_predicted,0.5555555555555556,12,8,TGTCTTGTAGTGGGCTGGTA,4,4326292
yadI_predicted,2.2222222222222223,27,8,TGTCATTCCTCTGGCCTGTT,19,4287480
yadI_predicted,0.6666666666666666,13,8,TGTCATAACAACGCGAGGAC,5,4320291
yadI_predicted,0.6666666666666666,13,8,TGTATTGGAGTAGCCGGTTG,5,4301831
yadI_predicted,1.3333333333333333,19,8,TGGGGCGGAGGGGTGTTGTT,11,4289993
yadI_predicted,0.5555555555555556,12,8,TGGCTCACATTTAACACCTA,4,4331922
yadI_predicted,1.8888888888888888,24,8,TGCGTTAAACTCGGCGGACC,16,4295663
yadI_predicted,1.7777777777777777,23,8,TGAGTCGGGGCTAATCACGC,15,4310095
yadI_predicted,0.3333333333333333,10,8,TGAGTACAAGGAGGGGCGGT,2,4335338
yadI_predicted,2.3333333333333335,28,8,TGACTCATACGCGAGCGGAA,20,4314019
yadI_predicted,0.7777777777777778,14,8,TGACGTAAATCAGGGTCCAC,6,4291810
yadI_predicted,1.5555555555555556,21,8,TGACCGAATTCGGGTGCAAA,13,4360779
yadI_predicted,4.0,43,8,TGACACCTTCAGCAAAGTGA,35,4299428
yadI_predicted,1.6666666666666667,22,8,TGAAGCAAAGCAAATGTAGG,14,4339484
yadI_predicted,2.0,25,8,TCTTGAAACCGGTGCTGACA,17,4323428
yadI_predicted,3.4444444444444446,38,8,TCTCTTACCTTCGAATTGGG,30,4304766
yadI_predicted,2.7777777777777777,32,8,TCTCAACTTTTAATTTCATT,24,4327749
yadI_predicted,1.4444444444444444,20,8,TCGTGGGTTTACTTCATTGA,12,4304985
yadI_predicted,2.5555555555555554,30,8,TCGGTTTCATCGTTTACGTT,22,4360310
yadI_predicted,4.777777777777778,50,8,TCGGTATTCGGCCTGTATTA,42,4284669
yadI_predicted,1.6666666666666667,22,8,TCGCTCAGAGGTTACCTGTG,14,4339681
yadI_predicted,2.111111111111111,26,8,TCGAGACTGAGCGTGTGCGT,18,4319031
yadI_predicted,2.6666666666666665,31,8,TCCTGATGGGACACTAAACC,23,4362788
yadI_predicted,0.3333333333333333,10,8,TCCTCGATCGCGGTATACTC,2,4300338
yadI_predicted,0.3333333333333333,10,8,TCCGTGTGGTGTTTTATGTT,2,4293459
yadI_predicted,0.8888888888888888,15,8,TCCGCCTACACAGTGGACTT,7,4336458
yadI_predicted,2.5555555555555554,30,8,TCCGAGGATCTGGTTGGGTA,22,4355928
yadI_predicted,3.888888888888889,42,8,TCCCTGAGTTTACCCCCCGG,34,4290474
yadI_predicted,1.3333333333333333,19,8,TCCCGGAGCGATTAGATTGT,11,4341143
yadI_predicted,4.333333333333333,46,8,TCCCCCCCTAAGCGCAAATT,38,4340417
yadI_predicted,3.2222222222222223,36,8,TCCATCCAAATAGGCGACTC,28,4325747
yadI_predicted,0.2222222222222222,9,8,TCAGATTAGACGACCACATG,1,4359036
yadI_predicted,1.5555555555555556,21,8,TCACGGTTGCGGTGACGATA,13,4338085
yadI_predicted,4.222222222222222,45,8,TCAACAACTGCCACGCTACT,37,4351988
yadI_predicted,3.111111111111111,35,8,TATCTATGTATGGATTACGT,27,4336411
yadI_predicted,3.6666666666666665,40,8,TATCGCCAGGCAATGTGAAC,32,4369145
yadI_predicted,0.7777777777777778,14,8,TATCATGCATGTCGGTGACA,6,4294451
yadI_predicted,0.4444444444444444,11,8,TATACTCTTCACCGAGCTAC,3,4285730
yadI_predicted,1.6666666666666667,22,8,TAGCGCATGGGTTCGGGGTA,14,4284898
yadI_predicted,0.2222222222222222,9,8,TAGCCGGGGCATGATTCTGC,1,4329938
yadI_predicted,1.6666666666666667,22,8,TAGACACATTCAAGGCACAC,14,4356706
yadI_predicted,0.3333333333333333,10,8,TACTTATATTAGTACTGAAT,2,4341364
yadI_predicted,0.2222222222222222,9,8,TACTGCTGAAGAAGCACGCG,1,4308871
yadI_predicted,1.5555555555555556,21,8,TACTCTCATTGTTTTCTATG,13,4295228
yadI_predicted,0.5555555555555556,12,8,TACGCGACCCTCGGGGGATA,4,4351342
yadI_predicted,3.2222222222222223,36,8,TACGCAACATTTACCGAAAA,28,4338653
yadI_predicted,0.4444444444444444,11,8,TACCGCCGAACACCTTGGTT,3,4355496
yadI_predicted,3.6666666666666665,40,8,TAAGCTGGGTTGGTGGGATA,32,4335350
yadI_predicted,1.7777777777777777,23,8,TAAGAGAAGAAGTCGGTCTA,15,4319588
yadI_predicted,2.5555555555555554,30,8,TAACGTTCCGTTCTTGCGCA,22,4288155
yadI_predicted,1.3333333333333333,19,8,TAACGTGCACTTCCGATTTG,11,4308918
yadI_predicted,0.2222222222222222,9,8,TAACGGTTCGAACAGATACT,1,4337195
yadI_predicted,0.4444444444444444,11,8,GTTTGCAGTGTCTCTGGCAA,3,4284237
yadI_predicted,0.2222222222222222,9,8,GTTGGGATGGTAGCGGACTG,1,4367895
yadI_predicted,2.4444444444444446,29,8,GTTCGTCGGACCTGCCACAT,21,4305696
yadI_predicted,1.2222222222222223,18,8,GTGTTTTTCGTTGAGTGGCT,10,4349615
yadI_predicted,4.222222222222222,45,8,GTGTGGCAGTTGCGGATCAG,37,4304092
yadI_predicted,2.3333333333333335,28,8,GTGGTTGATGCACTATAAAA,20,4356244
yadI_predicted,3.2222222222222223,36,8,GTGGGGTCGGAGTCAGTGCA,28,4342010
yadI_predicted,1.4444444444444444,20,8,GTGCTGTAACGTCGAATCCT,12,4345471
yadI_predicted,0.7777777777777778,14,8,GTGCTGCATACGTTGATAAG,6,4317023
yadI_predicted,1.1111111111111112,17,8,GTGAGATCGTCGTGAGATTA,9,4362937
yadI_predicted,3.111111111111111,35,8,GTGACCAGCCTGCGGCCGCT,27,4352821
yadI_predicted,0.2222222222222222,9,8,GTCGTTCGGTATAATGCGCT,1,4326172
yadI_predicted,1.1111111111111112,17,8,GTCCCCTAAAAAGGTGGATC,9,4297306
yadI_predicted,2.5555555555555554,30,8,GTCACGAGTGTAGCGGACAC,22,4352313
yadI_predicted,4.888888888888889,51,8,GTATAAGGCTTGTCTTTACC,43,4328837
yadI_predicted,2.3333333333333335,28,8,GTAGGTGGCAATGGACGAAT,20,4295752
yadI_predicted,1.0,16,8,GTAGAACCGAATGACATTCG,8,4340928
yadI_predicted,1.5555555555555556,21,8,GTAACAAACGAATTACATCG,13,4353185
yadI_predicted,3.3333333333333335,37,8,GGTTTCAAATCCCTGCTATG,29,4316612
yadI_predicted,1.2222222222222223,18,8,GGTTCCAAGACAAGGAACAA,10,4347727
yadI_predicted,0.2222222222222222,9,8,GGTGCAGGTCTCTTTGATAA,1,4319320
yadI_predicted,3.0,34,8,GGTGATTTGGCAGTGACCGG,26,4361470
yadI_predicted,2.3333333333333335,28,8,GGTAGCTGGCGTTACTCATT,20,4315972
yadI_predicted,0.2222222222222222,9,8,GGGTTGCCCGGAATTTATTT,1,4313298
yadI_predicted,2.6666666666666665,31,8,GGGTCACCTGAAGCTCGCGC,23,4342725
yadI_predicted,1.1111111111111112,17,8,GGGGGGCTTCAGTCTTCGGG,9,4370002
yadI_predicted,1.7777777777777777,23,8,GGGGAGTCAGGTTACCTACG,15,4285787
yadI_predicted,0.3333333333333333,10,8,GGGCTATCGGGTTGTTAGCT,2,4285526
yadI_predicted,0.8888888888888888,15,8,GGGAGAATCTTTCGAGTCAT,7,4362997
yadI_predicted,1.1111111111111112,17,8,GGCGTACCTGGGTTCGTCCT,9,4359081
yadI_predicted,1.5555555555555556,21,8,GGATGTATCGGAAGAGCCAT,13,4361623
yadI_predicted,2.4444444444444446,29,8,GGAGTAATGGTTACCGGCTG,21,4304283
yadI_predicted,1.3333333333333333,19,8,GGAACATTGTACTTTATGTC,11,4343506
yadI_predicted,2.0,25,8,GGAAAAAGTGGTGGGTGGGG,17,4328527
yadI_predicted,1.7777777777777777,23,8,GCTTTTTCACCGTGGCTGCC,15,4324363
yadI_predicted,2.111111111111111,26,8,GCTTTATTGTGTGGAAACCC,18,4321687
yadI_predicted,1.1111111111111112,17,8,GCTTCCTGCTATAGTTGCTT,9,4337905
yadI_predicted,1.5555555555555556,21,8,GCTGGAGGCGGGCGGGATGG,13,4294138
yadI_predicted,0.2222222222222222,9,8,GCTCCATGGTTACACCGAAT,1,4333972
yadI_predicted,2.111111111111111,26,8,GCTCATTTCTTGGGACTTCG,18,4293749
yadI_predicted,2.2222222222222223,27,8,GCGTGGACTATAAACCACAT,19,4336344
yadI_predicted,2.4444444444444446,29,8,GCGTCTCAGGATGTCATGTG,21,4319701
yadI_predicted,0.3333333333333333,10,8,GCGGTTTCACCTGCACGATC,2,4347793
yadI_predicted,0.2222222222222222,9,8,GCGGGGGAACCAACTTCTGC,1,4335429
yadI_predicted,1.3333333333333333,19,8,GCGGGGAAAGCTGAGTACCA,11,4287426
yadI_predicted,1.2222222222222223,18,8,GCGGCCATTAGAAATATTGT,10,4361193
yadI_predicted,1.3333333333333333,19,8,GCGGAACGGCGCTCACATAC,11,4348991
yadI_predicted,7.0,70,8,GCGCTAAGTGACACTATGAG,62,4328735
yadI_predicted,1.8888888888888888,24,8,GCGCGGCTAGTGATCTGCGA,16,4342965
yadI_predicted,1.2222222222222223,18,8,GCCTGTTAACGTCGGTGGTA,10,4326390
yadI_predicted,0.2222222222222222,9,8,GCCTGCAACGAGCGTTTAAA,1,4328711
yadI_predicted,1.5555555555555556,21,8,GCCTCTATTTCAGGTGTCTC,13,4360185
yadI_predicted,0.2222222222222222,9,8,GCCGGTAGTGTATTATCTCC,1,4343507
yadI_predicted,1.5555555555555556,21,8,GCCGCTGGCGTGGCCACCCC,13,4303878
yadI_predicted,0.2222222222222222,9,8,GCCGCCCCGGTTGTACCAAC,1,4331830
yadI_predicted,2.6666666666666665,31,8,GCCGAAAACTATTTTCGTAC,23,4333375
yadI_predicted,2.2222222222222223,27,8,GCCCAGGGTCTCGTACTGTA,19,4337821
yadI_predicted,0.5555555555555556,12,8,GCATAGAGCGTGAACTGCCA,4,4335720
yadI_predicted,3.888888888888889,42,8,GCAGGGTCCTGCAAGCAACC,34,4308897
yadI_predicted,1.1111111111111112,17,8,GCAGAACGGACAGCAATCTA,9,4341206
yadI_predicted,1.3333333333333333,19,8,GCACGACGTTATCGGTAATA,11,4300863
yadI_predicted,3.2222222222222223,36,8,GCAACGCGTTATCAATCGAA,28,4342127
yadI_predicted,3.2222222222222223,36,8,GCAACCGCCACGGTAAGAAA,28,4335914
yadI_predicted,0.3333333333333333,10,8,GATTTGTGTCGGCGACTAGA,2,4289236
yadI_predicted,1.0,16,8,GATTGGAGCACCCCTATTTA,8,4343535
yadI_predicted,3.3333333333333335,37,8,GATACCGCCTAATACATAGT,29,4313181
yadI_predicted,7.666666666666667,76,8,GAGTGCTGATCGATACGCGA,68,4341834
yadI_predicted,3.7777777777777777,41,8,GAGTCCCGCATAGATCGAGA,33,4312661
yadI_predicted,1.4444444444444444,20,8,GAGTCATGGTTTTACCAGCC,12,4318457
yadI_predicted,2.0,25,8,GAGGGTAGTAGTTCTGCGCC,17,4289693
yadI_predicted,2.2222222222222223,27,8,GAGCGCTTATAGGTGCGGAA,19,4319934
yadI_predicted,0.3333333333333333,10,8,GAGCGCGTATCCAGCTATGA,2,4321561
yadI_predicted,3.5555555555555554,39,8,GACGAGAGCGCGCCGCATGT,31,4331919
yadI_predicted,0.3333333333333333,10,8,GACCAGGATACAGCGGCGAT,2,4333594
yadI_predicted,0.6666666666666666,13,8,GAATATGTCGGCCAAGTCCA,5,4332049
yadI_predicted,0.2222222222222222,9,8,GAAGGGGTTGGCCGCCTACG,1,4314212
yadI_predicted,0.3333333333333333,10,8,GAACTGGTCTCACTACTATA,2,4328049
yadI_predicted,0.2222222222222222,9,8,CTTTCCTTGGGATGCATCGC,1,4332294
yadI_predicted,0.5555555555555556,12,8,CTTGTATATTCTGGTGTGGT,4,4334416
yadI_predicted,0.2222222222222222,9,8,CTTGGATGTAACGAACATCT,1,4318967
yadI_predicted,3.2222222222222223,36,8,CTTCCATTTAGTGTGCACCC,28,4339891
yadI_predicted,3.111111111111111,35,8,CTGTGCGTATCACCAGACGA,27,4321110
yadI_predicted,2.3333333333333335,28,8,CTGTCACCAGTCCCTGAACA,20,4322438
yadI_predicted,2.6666666666666665,31,8,CTGCGACATTTGGCCATATG,23,4326634
yadI_predicted,0.2222222222222222,9,8,CTGCAGAGGTGCAAGCGTAA,1,4323056
yadI_predicted,1.8888888888888888,24,8,CTGATAATCGAATCCAAGCT,16,4359579
yadI_predicted,2.6666666666666665,31,8,CTCTTCAAGCGGTCTCTCGC,23,4286349
yadI_predicted,2.2222222222222223,27,8,CTCCTATTTCTTGAGTTAAG,19,4311164
yadI_predicted,2.3333333333333335,28,8,CTCATGTGGCACCAGTCAGT,20,4324710
yadI_predicted,1.5555555555555556,21,8,CTCACTGCCGACCACGATGA,13,4352975
yadI_predicted,0.2222222222222222,9,8,CTAGCCGTCATAAATGTTGA,1,4347792
yadI_predicted,1.5555555555555556,21,8,CTACTGAAAAAAATCACGGT,13,4352651
yadI_predicted,0.5555555555555556,12,8,CTACGACAGGGATCTTAACC,4,4332051
yadI_predicted,1.2222222222222223,18,8,CTACCGCTCAGGTCAGGCAT,10,4363468
yadI_predicted,2.0,25,8,CGTTTGTTCCGAGGGAGGGA,17,4339899
yadI_predicted,2.5555555555555554,30,8,CGTGTTTAGGGACATGTATT,22,4303228
yadI_predicted,2.4444444444444446,29,8,CGTCACATTGTACCTCGCCT,21,4330822
yadI_predicted,4.444444444444445,47,8,CGTATATAGGTCCGTCTATT,39,4291322
yadI_predicted,2.7777777777777777,32,8,CGTAGGATTATGTTCATCCT,24,4353063
yadI_predicted,2.6666666666666665,31,8,CGGTAGAGCGGTACCCGAGG,23,4310532
yadI_predicted,0.7777777777777778,14,8,CGGGGTGGCAGACTCACCGT,6,4328125
yadI_predicted,2.3333333333333335,28,8,CGGGGCTCCACAGCGTATAT,20,4366645
yadI_predicted,2.111111111111111,26,8,CGGGCAAGGCTTCGGCCGAC,18,4312395
yadI_predicted,1.1111111111111112,17,8,CGGGACAGCTGGGAACTGCT,9,4338699
yadI_predicted,4.444444444444445,47,8,CGGAGTTAGATAAGGAAATC,39,4305968
yadI_predicted,1.1111111111111112,17,8,CGGAGCTTCAAGCCACTCGT,9,4353829
yadI_predicted,0.6666666666666666,13,8,CGCTGTGCGCTTATTATTAA,5,4334363
yadI_predicted,1.2222222222222223,18,8,CGCTATGGCAGATGGAAGGA,10,4294557
yadI_predicted,0.2222222222222222,9,8,CGCGGGTTGCTTCAATCCTA,1,4290770
yadI_predicted,1.4444444444444444,20,8,CGCCGTTAAGTTATTTCAAC,12,4296688
yadI_predicted,2.888888888888889,33,8,CGCCCCTTGTAGACCAGGAT,25,4348458
yadI_predicted,1.2222222222222223,18,8,CGCCAGCTGTTTCACACATG,10,4340126
yadI_predicted,2.111111111111111,26,8,CGCAGTGATTCAAAGGGATG,18,4309155
yadI_predicted,0.3333333333333333,10,8,CGCAATCTAACCAACCGGAC,2,4314612
yadI_predicted,0.2222222222222222,9,8,CGATCCGATCGTTTTGATCA,1,4309161
yadI_predicted,2.4444444444444446,29,8,CGATAGTGCGGGCGTACGCT,21,4338503
yadI_predicted,1.4444444444444444,20,8,CGAGGTAGAATCCTCTGTCG,12,4342332
yadI_predicted,1.4444444444444444,20,8,CGAGCCTGCCCGAGCCAATA,12,4292359
yadI_predicted,1.6666666666666667,22,8,CGAGAGCAGAGCCTTCGACT,14,4303556
yadI_predicted,0.2222222222222222,9,8,CGAAAACACAATCATGCGGA,1,4321747
yadI_predicted,0.6666666666666666,13,8,CCTTCGGCGAGTGACGTTGT,5,4343959
yadI_predicted,2.3333333333333335,28,8,CCTGCCTTCGAAAACGAGGT,20,4298186
yadI_predicted,2.4444444444444446,29,8,CCTGCCTGACTCAAGAGCCT,21,4342247
yadI_predicted,0.7777777777777778,14,8,CCTCGTGAATGGTCGGTTGC,6,4342117
yadI_predicted,0.4444444444444444,11,8,CCTCGGCACAGCATAGGTCT,3,4309928
yadI_predicted,0.2222222222222222,9,8,CCTCGAAGCATCTAGTGTCT,1,4340709
yadI_predicted,3.0,34,8,CCTAGCTCTGGTCGCCAGTA,26,4326255
yadI_predicted,1.2222222222222223,18,8,CCTACTTAGTCACCTCATAG,10,4341742
yadI_predicted,0.2222222222222222,9,8,CCTACCATGGGCGACCTGGT,1,4315027
yadI_predicted,1.1111111111111112,17,8,CCGTGCCTCCAAGTTCGTTG,9,4338500
yadI_predicted,1.2222222222222223,18,8,CCGTCACGTAGTCAAGTTTC,10,4341194
yadI_predicted,2.4444444444444446,29,8,CCGGTCGATCTCGAGCTCAA,21,4365451
yadI_predicted,0.2222222222222222,9,8,CCGCGAGGAATGTCCCTAGC,1,4328306
yadI_predicted,0.2222222222222222,9,8,CCGCAATCAGTATCAGACTA,1,4351902
yadI_predicted,4.666666666666667,49,8,CCGAGAAGTTTTCTGGGGTC,41,4321724
yadI_predicted,3.5555555555555554,39,8,CCGACTCTTTGTCGAATCTA,31,4346632
yadI_predicted,0.4444444444444444,11,8,CCCTTCACAATACCGGACCG,3,4297454
yadI_predicted,0.6666666666666666,13,8,CCCGGACAACACTTGTCAAC,5,4299805
yadI_predicted,0.2222222222222222,9,8,CCCATGGGTGAATGAGGCAT,1,4328292
yadI_predicted,0.3333333333333333,10,8,CCCAGGTCCAGTCTGTGTTT,2,4348013
yadI_predicted,3.111111111111111,35,8,CCATGGAGTGTCGGGCATAA,27,4341828
yadI_predicted,3.5555555555555554,39,8,CCAGGCGCAATCGGCCGACA,31,4313094
yadI_predicted,5.222222222222222,54,8,CCACCGACTATTTTTTTAAA,46,4324014
yadI_predicted,3.0,34,8,CCAATATCGGTGTACTGACA,26,4364519
yadI_predicted,0.7777777777777778,14,8,CCAAGCGGGTTGCAATATCG,6,4358232
yadI_predicted,0.7777777777777778,14,8,CCAACGCCCGCCACCTACTA,6,4318973
yadI_predicted,3.3333333333333335,37,8,CATGTGTAGATCTACCCTCG,29,4318623
yadI_predicted,2.111111111111111,26,8,CATAACTGCTGACCAGGTGG,18,4290235
yadI_predicted,5.666666666666667,58,8,CAGTCTTAGATTTGTGAGGC,50,4303538
yadI_predicted,0.6666666666666666,13,8,CAGCGAGTCAGGGCCAATTG,5,4356586
yadI_predicted,1.3333333333333333,19,8,CAGCCTTGCGTCAGTAGACC,11,4305406
yadI_predicted,3.2222222222222223,36,8,CACGGGCAACTGCGGGCTTA,28,4323639
yadI_predicted,0.4444444444444444,11,8,CACGACGACTGGTGCACGCT,3,4340355
yadI_predicted,0.2222222222222222,9,8,CACCGGATCCGCCAGTTTCC,1,4337400
yadI_predicted,2.888888888888889,33,8,CACCAGCTAGGTTTTATTAA,25,4335373
yadI_predicted,1.3333333333333333,19,8,CACACCTATTTGAGCCATGT,11,4296392
yadI_predicted,0.8888888888888888,15,8,CACACATTCGGACCGTACCT,7,4291178
yadI_predicted,0.4444444444444444,11,8,CAATCCTCATAGTTTAGGTA,3,4339061
yadI_predicted,4.444444444444445,47,8,CAAGTTTAGGCAGGCGCAGT,39,4318837
yadI_predicted,3.888888888888889,42,8,CAAGTCGTGGTTGTCAAAGA,34,4344151
yadI_predicted,1.0,16,8,CAAGGATTCAATGGCTAGCT,8,4314507
yadI_predicted,2.0,25,8,CAACGTGCTCCGCGTGGAAT,17,4348933
yadI_predicted,6.555555555555555,66,8,CAACGAGGCCCTGAACTGAG,58,4351942
yadI_predicted,1.4444444444444444,20,8,CAACCTCGTATAGGTGGACT,12,4288610
yadI_predicted,3.2222222222222223,36,8,ATTTTGGAATCTCGTGAGCC,28,4349998
yadI_predicted,3.0,34,8,ATTGGTGAAACAATTTAACT,26,4320117
yadI_predicted,0.6666666666666666,13,8,ATTGATCAACATGGATTAGA,5,4306460
yadI_predicted,2.5555555555555554,30,8,ATTATTGCGGTCCAGTTCGT,22,4345779
yadI_predicted,2.6666666666666665,31,8,ATTATCTACCGCGCACAAGC,23,4310982
yadI_predicted,2.7777777777777777,32,8,ATGTGCTTCGGGCACAGTTT,24,4311460
yadI_predicted,2.111111111111111,26,8,ATGTATAAAGATACAGGTAA,18,4300320
yadI_predicted,1.7777777777777777,23,8,ATGGGGTAGCACGTCCAAGA,15,4363762
yadI_predicted,0.2222222222222222,9,8,ATGGGAGTTGAAATGACTTT,1,4290859
yadI_predicted,0.5555555555555556,12,8,ATGGCGGCTTCAGACTTAGT,4,4307513
yadI_predicted,0.8888888888888888,15,8,ATGCGGCCTACCTGGTTGAT,7,4315089
yadI_predicted,0.3333333333333333,10,8,ATGCATGACCGTGGGAGGGT,2,4361679
yadI_predicted,4.222222222222222,45,8,ATGAGGCCTAGGCGAGGTTT,37,4284196
yadI_predicted,1.3333333333333333,19,8,ATGACGTTGATATTCCCTGT,11,4352150
yadI_predicted,1.6666666666666667,22,8,ATCTTGCCTTCAGCATCACG,14,4296037
yadI_predicted,1.2222222222222223,18,8,ATCTATTTCATTGACATATA,10,4324337
yadI_predicted,0.2222222222222222,9,8,ATCGGTTGCCGCCCGGCATT,1,4358452
yadI_predicted,6.888888888888889,69,8,ATCCGGCATGGTAAACCAAA,61,4285511
yadI_predicted,2.2222222222222223,27,8,ATCCGATTGGGCATCGAAAG,19,4345361
yadI_predicted,0.6666666666666666,13,8,ATCCCTGGGCCAGTTACATG,5,4352669
yadI_predicted,0.7777777777777778,14,8,ATCCAGGCACCGTTCGGTAA,6,4363557
yadI_predicted,5.111111111111111,53,8,ATATTGACCGTGATACCTCA,45,4289055
yadI_predicted,0.2222222222222222,9,8,ATATCATGGACGTAATCTCA,1,4353120
yadI_predicted,2.3333333333333335,28,8,ATAGGCCGCGTACTCGCGCG,20,4312798
yadI_predicted,2.6666666666666665,31,8,ATACTTTGCCGGGATATTGA,23,4297381
yadI_predicted,2.4444444444444446,29,8,ATACGTCCCACTTTCAACAT,21,4310056
yadI_predicted,1.5555555555555556,21,8,ATACGGTGAGGCGGGTGGCT,13,4346700
yadI_predicted,1.3333333333333333,19,8,ATAATAGCCCCTCCGAAAAT,11,4342412
yadI_predicted,1.8888888888888888,24,8,AGTTGAGCCTTTATGTTCGT,16,4294048
yadI_predicted,2.0,25,8,AGTTCATGCGGATATGGGTC,17,4347106
yadI_predicted,0.2222222222222222,9,8,AGTTCAGATAGCTGTAATGT,1,4297954
yadI_predicted,4.555555555555555,48,8,AGTGCTGATGGTATAGATAA,40,4358977
yadI_predicted,3.7777777777777777,41,8,AGTCGAGACGGAACGTTATG,33,4325760
yadI_predicted,14.11111111111111,134,8,AGGTTGGATCACTGATGTAT,126,4364915
yadI_predicted,1.8888888888888888,24,8,AGGGCGCAGTTGGGGGAGAA,16,4322896
yadI_predicted,4.333333333333333,46,8,AGGCTAATGGCATGAGGTAG,38,4312486
yadI_predicted,0.7777777777777778,14,8,AGGCACCAATAGTGTGGCGA,6,4297060
yadI_predicted,0.8888888888888888,15,8,AGCTGTGGTTCGTATTAAGT,7,4321800
yadI_predicted,1.3333333333333333,19,8,AGCTCTGGAGAGTTATCAAT,11,4367604
yadI_predicted,3.4444444444444446,38,8,AGCGTTGGTGGATACTTCGT,30,4351728
yadI_predicted,3.5555555555555554,39,8,AGCGTTATTGGTGATACGAG,31,4316524
yadI_predicted,0.3333333333333333,10,8,AGCGTGTATTGCAGAAGCCC,2,4294363
yadI_predicted,3.0,34,8,AGCGCTCTTTGGCGCAACAA,26,4331008
yadI_predicted,2.111111111111111,26,8,AGCCGTCACATCAACATAAT,18,4358787
yadI_predicted,0.8888888888888888,15,8,AGCCCTAAGGCGATCTAACT,7,4322263
yadI_predicted,0.7777777777777778,14,8,AGCCCCACCTGAGCTCCAAA,6,4364894
yadI_predicted,0.5555555555555556,12,8,AGCCCAGTCGATCTATATCT,4,4343459
yadI_predicted,1.2222222222222223,18,8,AGCCACGAGGGCGTAAGTCA,10,4322679
yadI_predicted,1.5555555555555556,21,8,AGATTTGGCTGTTTATCCCG,13,4286466
yadI_predicted,1.3333333333333333,19,8,AGATGCGGGGCACCGGACCA,11,4369289
yadI_predicted,0.2222222222222222,9,8,AGATATCGCCGGTAGTCCCT,1,4301953
yadI_predicted,0.4444444444444444,11,8,AGAATTCCGATGCGCTCCAT,3,4325337
yadI_predicted,2.5555555555555554,30,8,AGAATACCGGCTTTGTCGTA,22,4313922
yadI_predicted,6.777777777777778,68,8,ACTTAAATTTGCTGGGGTCA,60,4317516
yadI_predicted,1.5555555555555556,21,8,ACTAGGTTGCATAGCACTTA,13,4367710
yadI_predicted,2.6666666666666665,31,8,ACGTGCACCTCCATCATTAA,23,4365731
yadI_predicted,3.6666666666666665,40,8,ACGCTAACTGCTTAGAGTAT,32,4346899
yadI_predicted,3.5555555555555554,39,8,ACGACCACGCATCGTATATA,31,4343016
yadI_predicted,1.5555555555555556,21,8,ACCTCGGCATGAAACAAGCT,13,4335699
yadI_predicted,1.7777777777777777,23,8,ACCGACCCAGTACTTCTATC,15,4308583
yadI_predicted,0.2222222222222222,9,8,ACCGAAACGAAGGTCCAACA,1,4335263
yadI_predicted,3.0,34,8,ACCCGGCGTATAACACACAT,26,4322135
yadI_predicted,2.0,25,8,ACCCCGGTTACGTTAGAGGT,17,4315503
yadI_predicted,4.555555555555555,48,8,ACCCATTCAGGGGGGTCGAA,40,4302584
yadI_predicted,2.111111111111111,26,8,ACCATACGAGGCGATGATTG,18,4309424
yadI_predicted,2.6666666666666665,31,8,ACACATACGCTTGGGTCCCT,23,4356578
yadI_predicted,1.6666666666666667,22,8,ACAAATTAAAGGCACGATGC,14,4318076
yadI_predicted,3.5555555555555554,39,8,AATTGGGGCGAATGCTTGGT,31,4317506
yadI_predicted,0.8888888888888888,15,8,AATTCTGGCCCCGACAGAAA,7,4332583
yadI_predicted,2.7777777777777777,32,8,AATGCTGACTGGACGTGGAC,24,4345773
yadI_predicted,1.3333333333333333,19,8,AATGATTGTGTATCATGATA,11,4353498
yadI_predicted,0.4444444444444444,11,8,AATCCGTATAGGTCATTCTC,3,4325580
yadI_predicted,0.5555555555555556,12,8,AAGTTCATTGTGGGATGAGG,4,4362306
yadI_predicted,1.4444444444444444,20,8,AAGTACGTGTCGAGATTACT,12,4289927
yadI_predicted,0.2222222222222222,9,8,AAGCGATATCGGTACGTACT,1,4357543
yadI_predicted,1.0,16,8,AACTTGTGCACTACCCGATG,8,4307149
yadI_predicted,0.3333333333333333,10,8,AACGGTCACCACGGGCTACC,2,4284336
yadI_predicted,3.2222222222222223,36,8,AAATTTGAGTTGTACCCTAG,28,4301480
yadI_predicted,0.4444444444444444,11,8,AAAACATGCAGGACAACCGG,3,4360909
yadI_predicted,2.5,26,7,TTTTTCGAGGCCAGGTTAGA,19,4311174
yadI_predicted,1.75,20,7,TTTGGCTCAGCGATCGGCAT,13,4302216
yadI_predicted,2.625,27,7,TTTGAGCCGTCGAGCGGGTC,20,4329417
yadI_predicted,8.0,70,7,TTTATTACTTCCCTTTTGGG,63,4347160
yadI_predicted,5.375,49,7,TTGTACACCGGTTGCCCATT,42,4306868
yadI_predicted,2.625,27,7,TTGCTAGTTGACATTGTCCC,20,4325133
yadI_predicted,0.375,9,7,TTCCGGCATCCGGAAGCCTC,2,4287333
yadI_predicted,3.5,34,7,TTCAGGATTCGTTCAAGTAC,27,4347982
yadI_predicted,0.25,8,7,TTCAAGGGGCAAGCGGCATA,1,4308607
yadI_predicted,2.0,22,7,TTCAACCGTCCTAATGGAAA,15,4365022
yadI_predicted,2.25,24,7,TTCAAAAAACCTAAGTTCAT,17,4348681
yadI_predicted,0.25,8,7,TTATTCCTGTTTATAATAGG,1,4289670
yadI_predicted,3.0,30,7,TTACGGACCGGCACGACCGT,23,4347329
yadI_predicted,1.5,18,7,TGTTTGTGGTAAGCCGAGCC,11,4302102
yadI_predicted,2.625,27,7,TGTTATATTGGAAGTCACGA,20,4364440
yadI_predicted,0.25,8,7,TGTGTGCCTCCCAACCTCGG,1,4324528
yadI_predicted,0.75,12,7,TGTGGTCTGGTCCTTGGCGG,5,4288945
yadI_predicted,1.75,20,7,TGTGGCGCAGGTCGCGCACA,13,4367305
yadI_predicted,0.875,13,7,TGTATCGTAATGTTGGGAAT,6,4285389
yadI_predicted,1.0,14,7,TGTACGGGTCAGACCTCGAA,7,4319232
yadI_predicted,0.75,12,7,TGGGAGGAAGAGTATAGGAT,5,4320104
yadI_predicted,0.375,9,7,TGGGAAAGAATAATCAGAAA,2,4320921
yadI_predicted,1.5,18,7,TGGCCTCAAAAGATTTACTC,11,4301533
yadI_predicted,2.875,29,7,TGGAGCGTGCTCCAGGCTTT,22,4363135
yadI_predicted,1.75,20,7,TGGAAGCGTCAATTAATACA,13,4308914
yadI_predicted,1.875,21,7,TGCCCCGCTGTCAGACCCGA,14,4300069
yadI_predicted,4.5,42,7,TGCAGCCCACCTTTTTATTC,35,4323112
yadI_predicted,1.75,20,7,TGATGGCGGCTGGCCCAAGT,13,4348429
yadI_predicted,0.25,8,7,TGAGCGGGACGCCAACATCT,1,4297636
yadI_predicted,3.5,34,7,TCTTGGGTACGGGGCGGTAT,27,4298309
yadI_predicted,4.0,38,7,TCTCCTGCAATCTACATAAC,31,4322094
yadI_predicted,3.0,30,7,TCGTGTGCATCATCGTGGTC,23,4364935
yadI_predicted,0.5,10,7,TCGTGAAGAGGTTATTAGGA,3,4333459
yadI_predicted,0.25,8,7,TCGTCTACGAGAGGCTCCAA,1,4294057
yadI_predicted,0.5,10,7,TCGTCCAAGACTGTAGCTTA,3,4328912
yadI_predicted,0.75,12,7,TCGTAAGCGGGGTTGTACTA,5,4285667
yadI_predicted,3.5,34,7,TCGGGGAAAGAAATACAAAC,27,4369880
yadI_predicted,0.5,10,7,TCGCTTACTGCACGGTATCA,3,4322566
yadI_predicted,2.625,27,7,TCCTTCGGTAACAAAGCCCA,20,4315210
yadI_predicted,2.25,24,7,TCCTCTTGCGCGCCGCGCTG,17,4346623
yadI_predicted,0.25,8,7,TCCTCAGTATCCCTTTCAAT,1,4306001
yadI_predicted,2.125,23,7,TCCTAGCCACAACAAGTCTG,16,4285194
yadI_predicted,0.625,11,7,TCCGGTTGCTGACCTACTTG,4,4285968
yadI_predicted,1.5,18,7,TCCGAAGAGACGTGCCGTTT,11,4342744
yadI_predicted,2.75,28,7,TCCCTCAAAGAATGCATGGG,21,4343616
yadI_predicted,4.625,43,7,TCCCCGGGAGTGGGGTGACC,36,4336231
yadI_predicted,0.25,8,7,TCCCAACCGGGGTTCCAGTT,1,4299845
yadI_predicted,0.5,10,7,TCATCAAGTATATATAGCTC,3,4312217
yadI_predicted,3.0,30,7,TCATATCATGTATTGACTGC,23,4300666
yadI_predicted,0.25,8,7,TCATATATTATAGCTAACGC,1,4330659
yadI_predicted,7.0,62,7,TCACCTGAGAGCATAACACA,55,4312212
yadI_predicted,0.25,8,7,TCACACCCGAGACCTATGGT,1,4369201
yadI_predicted,1.125,15,7,TATTCACACGTCTAATCCCT,8,4312118
yadI_predicted,0.75,12,7,TATGACCATCACGTTGCATT,5,4291446
yadI_predicted,3.75,36,7,TAGTTAGATGAAAGCTGTGC,29,4308241
yadI_predicted,2.875,29,7,TAGGTGCAAGGCTGGTCCAC,22,4312530
yadI_predicted,1.125,15,7,TAGCAGGTGGAGTTCAGCCC,8,4320289
yadI_predicted,0.25,8,7,TAGATGGTGTATGGACCTCG,1,4304015
yadI_predicted,1.625,19,7,TAGATACGTAAACAAGGTCT,12,4341187
yadI_predicted,2.75,28,7,TACTTACTTGCGGCATGTTG,21,4301769
yadI_predicted,1.125,15,7,TACGTCAAGCCCTAGCCGGG,8,4338426
yadI_predicted,3.0,30,7,TACGCGCCTTGTATCTGCAT,23,4341513
yadI_predicted,0.5,10,7,TACGAACTTGAAAACTGAAA,3,4337125
yadI_predicted,0.25,8,7,TACCTTTACCAGGCCACTAC,1,4300773
yadI_predicted,0.5,10,7,TAATGCTCCATTTGATCCCT,3,4356588
yadI_predicted,3.875,37,7,TAATCAGGAGCGGTTCTATC,30,4321146
yadI_predicted,2.0,22,7,TAAGATTGTCCCATCAAAAG,15,4347760
yadI_predicted,2.875,29,7,TAAGATAATCCGATTGTACG,22,4367619
yadI_predicted,1.375,17,7,TAAGACGCCCGAACTATGAA,10,4293185
yadI_predicted,3.75,36,7,TAAGAAATCAAAAGAAAACT,29,4357593
yadI_predicted,4.25,40,7,TAACAGAGTTCATGTTGTTA,33,4364922
yadI_predicted,1.25,16,7,TAACACTAATGTCTGTGAAA,9,4310447
yadI_predicted,0.875,13,7,GTTTTAATTAAGACGTTTGC,6,4298026
yadI_predicted,0.75,12,7,GTTTATTGGGCTACTGTGAA,5,4369334
yadI_predicted,0.25,8,7,GTTTAACGTTAAGCTCAACA,1,4363632
yadI_predicted,0.25,8,7,GTTGAGGGTGTTCGTGTTAG,1,4334412
yadI_predicted,2.25,24,7,GTTGAATGGTAACGGCGGCC,17,4307743
yadI_predicted,0.375,9,7,GTTGAACGTCTTTGGAACTC,2,4286806
yadI_predicted,2.125,23,7,GTTCCTAGTCCCCGTTTGCG,16,4286667
yadI_predicted,2.0,22,7,GTTCCCGTGTGGCTCCCCAA,15,4331628
yadI_predicted,0.375,9,7,GTTACTAAAGTATCAGAGCA,2,4352109
yadI_predicted,0.75,12,7,GTTAAGGTTTTGTGCAGGAA,5,4316668
yadI_predicted,1.375,17,7,GTGCTTAGTCAATTAGTTGG,10,4340541
yadI_predicted,0.25,8,7,GTGCGATTCAACTGTCAGGG,1,4335287
yadI_predicted,4.0,38,7,GTGCCCCTCGCATTGCACGA,31,4295264
yadI_predicted,2.125,23,7,GTGAAGGCAAGGCAAAGCTC,16,4296805
yadI_predicted,3.75,36,7,GTCTTGTATCGCTCTGTGCC,29,4329357
yadI_predicted,1.75,20,7,GTCTAACGGGCTACAGCGGA,13,4335788
yadI_predicted,3.25,32,7,GTCGGTTTCCTGGCTTATCG,25,4348120
yadI_predicted,3.125,31,7,GTCCGGCGTCTTTAGCTCTG,24,4356580
yadI_predicted,3.25,32,7,GTCCGACGCTCTCTGATGAC,25,4326261
yadI_predicted,1.75,20,7,GTATGTCTACAGGACTGCCC,13,4324132
yadI_predicted,2.25,24,7,GTAGATGATACCCTCTGAGA,17,4306655
yadI_predicted,2.125,23,7,GGTGTACAACCGATCCCCTT,16,4348009
yadI_predicted,3.75,36,7,GGTGCCCACGAAGTTCGGTG,29,4286968
yadI_predicted,4.375,41,7,GGTCTTCAGCAGTCCCGGCG,34,4287330
yadI_predicted,0.5,10,7,GGTCAAAAGTCGCACTGGCA,3,4310066
yadI_predicted,1.125,15,7,GGTAACGGGCCTCACTCGAA,8,4370016
yadI_predicted,0.875,13,7,GGGTGGGGCCAGAACCTCCT,6,4333175
yadI_predicted,1.875,21,7,GGGTCAGCTACGTCGGCACA,14,4320417
yadI_predicted,0.5,10,7,GGGTCACAGCATACGTGGAT,3,4318083
yadI_predicted,6.375,57,7,GGGAATCTTAGAAGGCCTCG,50,4351969
yadI_predicted,0.375,9,7,GGGAACCTCAAGACTTAACT,2,4343227
yadI_predicted,1.5,18,7,GGCTTATTTGGAGCACCATT,11,4287676
yadI_predicted,4.5,42,7,GGCGAAGATCCCTCGGAGAA,35,4307466
yadI_predicted,0.25,8,7,GGCCAGGACGGTGGTGACAT,1,4293888
yadI_predicted,3.0,30,7,GGCAGGAGAGTAATAACAGC,23,4309891
yadI_predicted,3.75,36,7,GGCAATGGGTTGCTGATCTC,29,4350508
yadI_predicted,1.125,15,7,GGATCGTCTTTCTTAATCCT,8,4363457
yadI_predicted,5.875,53,7,GGATCGCTTTTTTGTCATAC,46,4344536
yadI_predicted,3.625,35,7,GGAGTTGGATTAAGCGGGCT,28,4315736
yadI_predicted,4.5,42,7,GGACCCTATTTTTCCGATCA,35,4308678
yadI_predicted,4.125,39,7,GGAAGGTCACAGGTTATTAT,32,4319767
yadI_predicted,1.5,18,7,GCTGGTTTCAGGGACACCTT,11,4334653
yadI_predicted,2.0,22,7,GCTATTGGATTACCGATCCT,15,4356063
yadI_predicted,3.375,33,7,GCTACCACAGGCGCGAAAAT,26,4328926
yadI_predicted,8.625,75,7,GCGTTACCGATTCGACTGCT,68,4328802
yadI_predicted,1.5,18,7,GCGGCAGCATTTGATAATGA,11,4340939
yadI_predicted,2.375,25,7,GCGGAGGACATAATACGCAG,18,4352763
yadI_predicted,3.625,35,7,GCCGGGTGTACTTTAGGGAG,28,4336991
yadI_predicted,1.5,18,7,GCCGCCCCTGACATATCGTA,11,4317385
yadI_predicted,1.5,18,7,GCCGCATTACGCGTTTTTCG,11,4317674
yadI_predicted,1.375,17,7,GCCCTGAGGATCAATCTAAG,10,4309800
yadI_predicted,2.25,24,7,GCCCGGCTAAGGGTAACCCC,17,4292154
yadI_predicted,2.25,24,7,GCCAAGGTGGAATGTTCCTT,17,4313380
yadI_predicted,0.25,8,7,GCAGTTGCGTGATGTCGCTA,1,4319479
yadI_predicted,2.25,24,7,GCACTCTCTCCGGGCCAGGG,17,4344763
yadI_predicted,0.375,9,7,GCACTAACTTAGTTTTGACC,2,4338155
yadI_predicted,2.875,29,7,GCACCACTATCCACGGATTG,22,4361705
yadI_predicted,1.5,18,7,GCACAGCCTGTACATCATAA,11,4323830
yadI_predicted,2.25,24,7,GCAATTCTGCATAGTATCTC,17,4334213
yadI_predicted,1.875,21,7,GCAAGGATTGACCATTGTCT,14,4312902
yadI_predicted,4.25,40,7,GCAACCGCGTCTATTACAAT,33,4362590
yadI_predicted,1.875,21,7,GATTTAACGGACATCATTTA,14,4361785
yadI_predicted,1.75,20,7,GATGTTCAACACCGCACCTG,13,4326905
yadI_predicted,3.75,36,7,GATGTAGCATGGTGGTTTTC,29,4325129
yadI_predicted,0.5,10,7,GATGCCATACGTTTCTTTGC,3,4329483
yadI_predicted,10.75,92,7,GATCGCATAAAGCATTCGCA,85,4337903
yadI_predicted,12.5,106,7,GATAGGAGGTTTTACCAACG,99,4324001
yadI_predicted,0.75,12,7,GAGTGGCGCAGGGTATGAAT,5,4286819
yadI_predicted,0.75,12,7,GAGTACAGAGGCGCTAATCT,5,4328633
yadI_predicted,1.25,16,7,GAGGCAGCCGTGGTAACGAC,9,4298479
yadI_predicted,0.375,9,7,GAGCTGTTAGGAAGATGTGT,2,4347914
yadI_predicted,1.5,18,7,GAGATACAACATTCGCCAAT,11,4305315
yadI_predicted,2.25,24,7,GACTATAATTGTTCGTCTTA,17,4295145
yadI_predicted,2.625,27,7,GACTACTAACTTTGTGCTAA,20,4288620
yadI_predicted,2.5,26,7,GACCCTTAAGTTCTGTAGGC,19,4321606
yadI_predicted,4.75,44,7,GACATTCCAAATCTGTTTTT,37,4319317
yadI_predicted,2.375,25,7,GACAACACCCCGCGGTAAGA,18,4356592
yadI_predicted,0.375,9,7,GAATGGGTAGCACAACGCGA,2,4309976
yadI_predicted,1.375,17,7,GAATAAAACCAAATAGTTCT,10,4359596
yadI_predicted,0.625,11,7,GAAGGTAATGTGGCATAAGC,4,4359955
yadI_predicted,1.375,17,7,GAACTATCGTCTCCGTGTAG,10,4363492
yadI_predicted,2.125,23,7,GAAATTATGAGGTAATCATC,16,4311141
yadI_predicted,1.0,14,7,GAAAATGGAAAGCTACTATA,7,4330252
yadI_predicted,3.375,33,7,CTTTGGTTAAACGGAGCCTA,26,4287331
yadI_predicted,2.25,24,7,CTTCTGGCCCTTTATACTCC,17,4342956
yadI_predicted,0.25,8,7,CTGGGCCGGGCGCCTCAAGC,1,4341779
yadI_predicted,3.875,37,7,CTGGCAAATGTAACAGGAAA,30,4341789
yadI_predicted,2.25,24,7,CTGGACGTTAGAGAATGCTT,17,4311952
yadI_predicted,0.25,8,7,CTGCATTAGGCCTGCATGGT,1,4340068
yadI_predicted,2.125,23,7,CTGAAGTGTCGGGCAAAATT,16,4365525
yadI_predicted,0.25,8,7,CTCGGAGAGTGTGATAGGGA,1,4344487
yadI_predicted,0.75,12,7,CTCCTTGATTGGAGGGTAGT,5,4362369
yadI_predicted,1.5,18,7,CTCCTACAGGCCATCTAGGC,11,4301133
yadI_predicted,2.125,23,7,CTCCAGTTTAAGAAGTAGCT,16,4314907
yadI_predicted,4.25,40,7,CTCAGGTATTCAGTAGGCCT,33,4354792
yadI_predicted,5.625,51,7,CTCACTTGCTGCATGCAGTT,44,4322862
yadI_predicted,0.75,12,7,CTCACCATCTTTGTTTAAAT,5,4287489
yadI_predicted,1.75,20,7,CTAGCTTCGGCAGGCCCAGT,13,4358406
yadI_predicted,2.5,26,7,CTAGCGGGTAGTGTAGTTTA,19,4319359
yadI_predicted,0.5,10,7,CTAACAGCGGTAATATAACG,3,4302415
yadI_predicted,1.75,20,7,CGTTTATACCTGTGGTACAT,13,4342659
yadI_predicted,3.0,30,7,CGTTAAAAACTCGTAAGTTT,23,4318784
yadI_predicted,2.5,26,7,CGTGTCGCTGCTGCTCAGCC,19,4329842
yadI_predicted,0.25,8,7,CGTGCCTCGTTACTGCGACA,1,4312239
yadI_predicted,2.5,26,7,CGTGCAGTGCAACGGGAGAT,19,4308676
yadI_predicted,1.0,14,7,CGTCTCCATAGTTGCGAACT,7,4293911
yadI_predicted,1.625,19,7,CGTAGTATGTTTCCTGCGTT,12,4323103
yadI_predicted,3.125,31,7,CGGTCGCTATCTATCGCAAC,24,4324832
yadI_predicted,0.375,9,7,CGGGCAGCAGCTTGTGCGGT,2,4317892
yadI_predicted,2.625,27,7,CGGGATACCTGAGTCGAAAT,20,4289838
yadI_predicted,1.5,18,7,CGGCCCCAAGGCTCCCACGT,11,4291580
yadI_predicted,0.25,8,7,CGGAGAGTTCTGACCACGGC,1,4340752
yadI_predicted,1.125,15,7,CGCGGACTCCTCATACTGCT,8,4332666
yadI_predicted,2.5,26,7,CGCGCTGCTGTCGCCCGGAC,19,4286659
yadI_predicted,0.25,8,7,CGCGAGCGGTCACTAGGGAA,1,4301659
yadI_predicted,0.75,12,7,CGCGACCGCTCTTCCACCGA,5,4311099
yadI_predicted,2.25,24,7,CGCAGGGTAGATAGAGATTG,17,4353408
yadI_predicted,1.5,18,7,CGCACGAGGCACCTGACTGC,11,4288613
yadI_predicted,1.625,19,7,CGCAAACGCGGATAGCATCT,12,4328289
yadI_predicted,1.375,17,7,CGATTCGGGATACCATACGA,10,4287789
yadI_predicted,1.25,16,7,CGATACAAGTGGTTCTGGCA,9,4320215
yadI_predicted,0.375,9,7,CGAGTCTCAAGCGCAAGTTC,2,4332587
yadI_predicted,2.5,26,7,CGACTTTCTATTTCCTGAGG,19,4300464
yadI_predicted,4.125,39,7,CGACTTGTTTCTGCGTTGTT,32,4300757
yadI_predicted,2.625,27,7,CCTTGGAAGTTAGGGAAATA,20,4324501
yadI_predicted,0.25,8,7,CCTTAGACGAGGTCACAACT,1,4319983
yadI_predicted,0.5,10,7,CCTTAAACGCCGGGGGACCA,3,4332310
yadI_predicted,0.25,8,7,CCTGCCCCGAACAATCGCGG,1,4308228
yadI_predicted,2.875,29,7,CCTCCTTTATTCACTGTTTA,22,4314632
yadI_predicted,3.875,37,7,CCTAACGGGGTGGACTTGGT,30,4302731
yadI_predicted,4.125,39,7,CCGTCGTTAGATTTACGAAG,32,4329849
yadI_predicted,0.875,13,7,CCGTAACCGAAAATTTGCTT,6,4362740
yadI_predicted,0.75,12,7,CCGGGGCCCGCAAAAACAAC,5,4345935
yadI_predicted,1.375,17,7,CCGGGCGGTCAACGTTAATA,10,4368193
yadI_predicted,1.125,15,7,CCGCTGTTCGGGAAAGTGCT,8,4323700
yadI_predicted,2.125,23,7,CCGCTATCGAAGGTTCTTAC,16,4357744
yadI_predicted,0.25,8,7,CCGCGCCTAGTCCCGACCAC,1,4365942
yadI_predicted,2.875,29,7,CCGACAGGGGACTCTTACCT,22,4292755
yadI_predicted,1.875,21,7,CCGAATTTATGTCTCAATGC,14,4291624
yadI_predicted,0.875,13,7,CCGAAAACGTTAGACTCAAT,6,4337783
yadI_predicted,2.625,27,7,CCCTGATAGTCATGCCGTTC,20,4356732
yadI_predicted,2.5,26,7,CCCGGCCTCGTTGCGTGATG,19,4347781
yadI_predicted,2.75,28,7,CCCCGAAGTGGAGGCGTATT,21,4364476
yadI_predicted,0.25,8,7,CCATTGCAATCCCTTATGTC,1,4292486
yadI_predicted,4.375,41,7,CCATCGAGTAGCAGACGTTA,34,4293984
yadI_predicted,7.875,69,7,CCATAGTACTTAAATGGATG,62,4292924
yadI_predicted,0.25,8,7,CCATAAAAATGGCGGGGGAT,1,4359144
yadI_predicted,1.5,18,7,CCAGTACCTTGTGTGTTGTG,11,4346606
yadI_predicted,4.5,42,7,CCACGTGCCTTCCCGTGGAA,35,4335550
yadI_predicted,2.75,28,7,CCACCGAAGGGGGCATCTTT,21,4368296
yadI_predicted,0.5,10,7,CCACATTCAACGCTAGTGAC,3,4319497
yadI_predicted,0.25,8,7,CCAACGGTTACGGGATGTAG,1,4306030
yadI_predicted,1.25,16,7,CCAACACCAGATTAAAGGCT,9,4290112
yadI_predicted,2.0,22,7,CCAAAGCATAGATGCTACAA,15,4321755
yadI_predicted,0.875,13,7,CATTTGATCGAGTAACGTGT,6,4303127
yadI_predicted,0.75,12,7,CATTGGCAGTGCCGTAGCTT,5,4323487
yadI_predicted,1.875,21,7,CATCTAGGTCATGGTCTCAC,14,4356207
yadI_predicted,2.875,29,7,CATCGTTCTCTGCCATCGTG,22,4295089
yadI_predicted,3.375,33,7,CATAGAATAACTAAATCAGC,26,4296274
yadI_predicted,2.5,26,7,CAGTCCGAAGACGAAATATA,19,4339976
yadI_predicted,0.875,13,7,CAGGTTCTCATTCACTCGCA,6,4330653
yadI_predicted,0.25,8,7,CAGCTCCGAGGATTGCGATA,1,4362821
yadI_predicted,0.25,8,7,CAGCATGATTTCGCGTCCAG,1,4315438
yadI_predicted,1.625,19,7,CAGAGTTCCAGTTTTACCGA,12,4301773
yadI_predicted,2.0,22,7,CACGGCCGTGTCTTCGATCC,15,4362755
yadI_predicted,3.0,30,7,CACGCGCGATGTGCCACCCT,23,4314630
yadI_predicted,4.5,42,7,CAATGGACTGTGTAAGCATT,35,4318028
yadI_predicted,0.375,9,7,CAAGCCAAAACCTGATGATC,2,4306959
yadI_predicted,2.75,28,7,CAACTGAAGTCCTGGACCGG,21,4331970
yadI_predicted,1.625,19,7,ATTGCCCCCACTAGACAGAC,12,4301032
yadI_predicted,2.125,23,7,ATTCATGATGGTGCGTCGCG,16,4308146
yadI_predicted,0.5,10,7,ATTATTTGCATCTGAATGAA,3,4364593
yadI_predicted,3.375,33,7,ATTAGCGAGCTAATTCCGAT,26,4332148
yadI_predicted,1.0,14,7,ATTAGCACTGAAATCGCGGG,7,4334742
yadI_predicted,1.25,16,7,ATTACGCCTGGTGAGTGTGG,9,4314076
yadI_predicted,0.25,8,7,ATGGGTAAATATCAGCGACA,1,4292363
yadI_predicted,2.125,23,7,ATGAGGCGGCGTCGTTACTC,16,4356190
yadI_predicted,2.375,25,7,ATCTGTTTCAAGTTTCTAGT,18,4357265
yadI_predicted,1.125,15,7,ATCCGCGGGTAGTTAAGATA,8,4355030
yadI_predicted,0.75,12,7,ATCCGAGGTACCTACAATCA,5,4361135
yadI_predicted,0.25,8,7,ATATGCGGTTGCATGAGGAA,1,4291610
yadI_predicted,2.875,29,7,ATATACCACGGTGGGTGTGA,22,4316215
yadI_predicted,1.75,20,7,ATACGCACTTGTGATGGTGA,13,4305392
yadI_predicted,0.875,13,7,ATAATGCATTGGTCGGGCGA,6,4302608
yadI_predicted,2.0,22,7,ATAATCGTGAAAAATTCCGT,15,4344022
yadI_predicted,2.5,26,7,ATAACAAGCTGCCCGTCCGG,19,4366892
yadI_predicted,1.625,19,7,AGTTTCCTCATATACATACT,12,4354724
yadI_predicted,1.375,17,7,AGTTGTACTCTTGCAGCTTA,10,4298307
yadI_predicted,0.25,8,7,AGTTGGTTAGATCGGTACCT,1,4317681
yadI_predicted,0.5,10,7,AGTGGCTCCGAACCGTGGTA,3,4363465
yadI_predicted,0.375,9,7,AGTGACAGGTCAACGGCATC,2,4361919
yadI_predicted,2.0,22,7,AGTCAGTTCTGGTAGTCCAC,15,4309686
yadI_predicted,2.5,26,7,AGTAATGTACTTGTTCTTTG,19,4284240
yadI_predicted,4.0,38,7,AGTAATCCCCGCGTACCAGC,31,4344330
yadI_predicted,3.375,33,7,AGGTTTATCCTTTGTTTGGG,26,4367949
yadI_predicted,3.375,33,7,AGGTCCAATTCTTTATGAAA,26,4356230
yadI_predicted,1.5,18,7,AGGGAGTGCTGATGGGGGGT,11,4320482
yadI_predicted,3.0,30,7,AGGGAGACATTAAACACAAA,23,4349639
yadI_predicted,1.5,18,7,AGGCTGACATCATATCGTTG,11,4351633
yadI_predicted,0.25,8,7,AGCTTGTGAGCTATTTCGAC,1,4308539
yadI_predicted,0.375,9,7,AGCTTGTAGATACGGGAGAG,2,4356075
yadI_predicted,3.0,30,7,AGCTTCGGAGCCGGCAAGGA,23,4353234
yadI_predicted,0.5,10,7,AGCTGACTCTTCGGCAATGA,3,4301169
yadI_predicted,2.5,26,7,AGCGTTACCCCGGTGAGAGA,19,4312277
yadI_predicted,3.25,32,7,AGCCTGGCCAGGAAATAACC,25,4339612
yadI_predicted,2.0,22,7,AGCCGGGAGTTACATCTAAG,15,4349063
yadI_predicted,2.875,29,7,AGCCGAGTTACAGTCTAGAC,22,4346711
yadI_predicted,3.0,30,7,AGCAGGAAGCCCTAACATAC,23,4316420
yadI_predicted,0.375,9,7,AGAGTTACCAGTTCAATGGG,2,4360979
yadI_predicted,0.625,11,7,AGAATAGGTATGTGATATTG,4,4288846
yadI_predicted,0.75,12,7,AGAAGACTACGTGTGCAGAC,5,4336768
yadI_predicted,1.875,21,7,ACTTTCGTACGTTTGTACAA,14,4284174
yadI_predicted,1.25,16,7,ACTGTCACTCACGTGCGAAA,9,4338260
yadI_predicted,0.25,8,7,ACTCGTCAGATGGGCCATTG,1,4369943
yadI_predicted,4.0,38,7,ACTATCCAGATGCTCTGTCG,31,4328321
yadI_predicted,0.25,8,7,ACTAAGGAGTTGTCCGGAAA,1,4301988
yadI_predicted,3.625,35,7,ACGCGTCTTGGCACAGGGGA,28,4337807
yadI_predicted,0.375,9,7,ACGCCAGCCGTTAGATAACG,2,4350354
yadI_predicted,2.125,23,7,ACGATGAACGTTATGCCCGG,16,4369885
yadI_predicted,1.375,17,7,ACGACGAATCTGAGATTGGT,10,4334902
yadI_predicted,0.375,9,7,ACCCTATGGGATCTACGCAC,2,4320649
yadI_predicted,0.5,10,7,ACCATCTAACTGCTACACCT,3,4331360
yadI_predicted,3.125,31,7,ACCACGCAGGTAGGAGCAAG,24,4353410
yadI_predicted,3.0,30,7,ACCAAACGTCAAGTGTCAGG,23,4289175
yadI_predicted,0.25,8,7,ACCAAAATCAAACCCCTTTG,1,4348279
yadI_predicted,0.625,11,7,ACAGGTGGGCAAACCACTCT,4,4304892
yadI_predicted,0.625,11,7,ACAGGGATGTTTAGATTCAT,4,4302457
yadI_predicted,1.25,16,7,ACAATCCACAATCTTTAACG,9,4326846
yadI_predicted,0.25,8,7,AATTTCGTCCAGTCATTCAA,1,4327351
yadI_predicted,0.75,12,7,AATTAGTAGCCAAGTCATAT,5,4327754
yadI_predicted,2.25,24,7,AATCTCGAGGACGGTCCCGT,17,4348209
yadI_predicted,4.125,39,7,AATCGTGAATCTAGCATGTG,32,4301170
yadI_predicted,1.625,19,7,AATCCTTCAAAACGGCAACT,12,4319602
yadI_predicted,3.125,31,7,AATATGGGGAAGACTCTTGA,24,4324517
yadI_predicted,0.875,13,7,AATACCATCTACGACACGCT,6,4354992
yadI_predicted,5.0,46,7,AAGTTACACGGGACCTGTAG,39,4351948
yadI_predicted,0.5,10,7,AAGCCGAGGCTAGCCTTCAA,3,4309663
yadI_predicted,3.75,36,7,AAGCATAGTATGCAGACTGT,29,4333278
yadI_predicted,0.375,9,7,AACTTGTACAGCAGTCATCT,2,4311702
yadI_predicted,1.25,16,7,AACGGCACGGATTTGGGCAA,9,4356150
yadI_predicted,4.125,39,7,AACGCCAGCTGAGAATCGGT,32,4297593
yadI_predicted,3.625,35,7,AAATGTTGGGCATTTTAGTG,28,4289720
yadI_predicted,0.25,8,7,AAATCATTAGAGTTGGCTGT,1,4287799
yadI_predicted,3.625,35,7,AAAGGGGGCACCTCTCAATC,28,4294061
yadI_predicted,4.75,44,7,AAAGAATATCTTGTTTCACT,37,4314516
yadI_predicted,0.75,12,7,AAACGAGTTACAAATAGGCA,5,4295511
yadI_predicted,5.0,40,6,TTTTGTTGGAAGTATCCCCG,34,4363321
yadI_predicted,8.571428571428571,65,6,TTTCAGAGAAGTTTCCGAGG,59,4285738
yadI_predicted,2.142857142857143,20,6,TTTATATTGTCTAGACAGGG,14,4297765
yadI_predicted,3.0,26,6,TTTAAATGACATTGCTATCA,20,4334107
yadI_predicted,1.1428571428571428,13,6,TTTAAAGTAATGTACTACTT,7,4340983
yadI_predicted,1.8571428571428572,18,6,TTGCATATATAGTGACCCAG,12,4298195
yadI_predicted,2.857142857142857,25,6,TTGAGTGCGCATGGGGTCCT,19,4352868
yadI_predicted,3.142857142857143,27,6,TTGAGAAGCAAGGGTCTTGA,21,4321956
yadI_predicted,0.2857142857142857,7,6,TTCTAATAAAGCAGACTTGA,1,4318570
yadI_predicted,3.142857142857143,27,6,TTCGGCTACGGGTGGGTCAA,21,4362320
yadI_predicted,8.285714285714286,63,6,TTCGGAGCCGCGTGTATCGA,57,4334382
yadI_predicted,6.285714285714286,49,6,TTCCTAGGGGGTCCAAGTAA,43,4354069
yadI_predicted,7.0,54,6,TTCCTAGCGAAATTTTACAG,48,4299114
yadI_predicted,1.5714285714285714,16,6,TTCCCACTGAGGCGCATGTG,10,4367482
yadI_predicted,1.7142857142857142,17,6,TTCCATGTTTCTGGGTCAAA,11,4305341
yadI_predicted,2.4285714285714284,22,6,TTCCATGATAGTACTGCCTA,16,4359755
yadI_predicted,5.857142857142857,46,6,TTCCAAAAGCACCTGAGCCA,40,4362078
yadI_predicted,2.7142857142857144,24,6,TTCATTCGCTTTGCTCTGGT,18,4350069
yadI_predicted,1.1428571428571428,13,6,TTCATCGACGCTCGTCTAGG,7,4291112
yadI_predicted,6.857142857142857,53,6,TTCATCACGGCCGAACTTTA,47,4310754
yadI_predicted,1.1428571428571428,13,6,TTATTTTAAGCATTTTGCGC,7,4367342
yadI_predicted,1.1428571428571428,13,6,TTAGCAAAGTGTTGCCGGGA,7,4333685
yadI_predicted,1.8571428571428572,18,6,TTAAGACTGACGGGGGCATC,12,4357243
yadI_predicted,3.2857142857142856,28,6,TGTGGGACAGGATGAAAGAC,22,4288305
yadI_predicted,1.4285714285714286,15,6,TGTGATCCGGTCCGGTCCTC,9,4308659
yadI_predicted,2.7142857142857144,24,6,TGTCACGTTTGACGTACGGT,18,4365074
yadI_predicted,4.0,33,6,TGTACGGGGTTTGGGTGGTC,27,4293045
yadI_predicted,0.5714285714285714,9,6,TGTACCTTTACAGGCTAGTC,3,4299556
yadI_predicted,2.2857142857142856,21,6,TGGTGAGAAAGTTGCCGCCT,15,4322840
yadI_predicted,2.4285714285714284,22,6,TGCGGCAATCTTACGCGGGT,16,4355935
yadI_predicted,0.42857142857142855,8,6,TGCGACTGTAAGACCTCAAT,2,4369240
yadI_predicted,0.7142857142857143,10,6,TGCCGCCCAGTTCGGAGATT,4,4346221
yadI_predicted,2.0,19,6,TGATCTGACTGGCAATCAGC,13,4359953
yadI_predicted,2.0,19,6,TGATCACTGCTACTTGCGTG,13,4312475
yadI_predicted,2.7142857142857144,24,6,TGATATGAGGTTGATTTTAG,18,4334350
yadI_predicted,0.8571428571428571,11,6,TGAGTGGCCTGACGCATTGG,5,4308151
yadI_predicted,2.4285714285714284,22,6,TGACGTGGAAGCCTTTCGGT,16,4303010
yadI_predicted,5.428571428571429,43,6,TGACAGTCTGTGACGTGCAG,37,4362809
yadI_predicted,3.7142857142857144,31,6,TGAACGTCGCAGGTGCGACG,25,4363053
yadI_predicted,3.2857142857142856,28,6,TCTCGAAATTATACTTGACC,22,4318324
yadI_predicted,0.2857142857142857,7,6,TCTCCAAAGAAGCCGGAGAC,1,4347191
yadI_predicted,6.0,47,6,TCTAGTTCGTCTGAAGCAGC,41,4330320
yadI_predicted,0.2857142857142857,7,6,TCTAGGCCTGCTACCACCAG,1,4367281
yadI_predicted,1.5714285714285714,16,6,TCGTCACAGCCGATAGTTCC,10,4334406
yadI_predicted,1.7142857142857142,17,6,TCGGTGGTAGAGGCCCTACC,11,4345817
yadI_predicted,0.5714285714285714,9,6,TCGGCGTTTGCTTGTCCCAG,3,4355885
yadI_predicted,0.5714285714285714,9,6,TCGGATTGTGTTACCACAAT,3,4288862
yadI_predicted,0.2857142857142857,7,6,TCGCTCCGTTTGGCCTTTGG,1,4285023
yadI_predicted,1.5714285714285714,16,6,TCCTTATGTCCGCGGGAAAC,10,4366112
yadI_predicted,1.8571428571428572,18,6,TCCCGCAACCGCTTCGCATC,12,4354743
yadI_predicted,4.285714285714286,35,6,TCCAGGGACCTCTGTCGCGA,29,4284554
yadI_predicted,0.2857142857142857,7,6,TCCACCTTGGTCGCCGGTTA,1,4316237
yadI_predicted,1.7142857142857142,17,6,TCATTAGAGATGTGGCTCGT,11,4339362
yadI_predicted,7.285714285714286,56,6,TCATACCGTACTGTCATCAG,50,4353807
yadI_predicted,4.0,33,6,TCAGTCAAAGACACATGTAA,27,4325875
yadI_predicted,1.5714285714285714,16,6,TCAAGGTTATTCACATCGTA,10,4343582
yadI_predicted,3.857142857142857,32,6,TATGTTCAGGGTTGCGCCTT,26,4313618
yadI_predicted,2.0,19,6,TATGCCATACGGAGGAAAAT,13,4337753
yadI_predicted,2.4285714285714284,22,6,TATCATCCAAACCCAATAGA,16,4338369
yadI_predicted,3.857142857142857,32,6,TATATTAATAATCGTGTGCT,26,4286026
yadI_predicted,7.857142857142857,60,6,TAGGTGACCATCCGGCCTAT,54,4302908
yadI_predicted,1.1428571428571428,13,6,TAGCTTATGATGAAAAAGGA,7,4330644
yadI_predicted,2.0,19,6,TAGAGACGGTGCTCCAGTAT,13,4311646
yadI_predicted,3.142857142857143,27,6,TACTTTAAGGTAGGGGCTTC,21,4358238
yadI_predicted,0.2857142857142857,7,6,TACGTTGAGGTGAGGGACAA,1,4336495
yadI_predicted,0.7142857142857143,10,6,TACGTACTTGATTGCAAATA,4,4307379
yadI_predicted,3.142857142857143,27,6,TACCTTATCTTTAAACTACT,21,4289731
yadI_predicted,3.857142857142857,32,6,TACCTCGAGCCACCACAACC,26,4289403
yadI_predicted,2.2857142857142856,21,6,TACCCGACACTTACTCGGAT,15,4353642
yadI_predicted,2.7142857142857144,24,6,TACAGGAACTCCGAAGTATG,18,4363893
yadI_predicted,1.0,12,6,TACACTCGCCGTAATGGGAA,6,4329863
yadI_predicted,3.4285714285714284,29,6,TAAGTTTAACGGGATTGAAC,23,4307890
yadI_predicted,1.8571428571428572,18,6,TAAGTGTACGCTTATTTTCC,12,4324290
yadI_predicted,1.0,12,6,TAAGCCCGCCGTGAAGGTTG,6,4358690
yadI_predicted,0.2857142857142857,7,6,TAAGAATATACTTTAATGTC,1,4308908
yadI_predicted,3.0,26,6,GTTTCCGTACGATTATCTCG,20,4302784
yadI_predicted,0.42857142857142855,8,6,GTTGTTACGGCCCGCGTTAG,2,4289339
yadI_predicted,0.42857142857142855,8,6,GTTGTAACCTTAGTAAAGTC,2,4366825
yadI_predicted,2.2857142857142856,21,6,GTTCTTATCGAGTCACAACT,15,4323055
yadI_predicted,9.0,68,6,GTTAGGTTTAAATCTGGGCT,62,4325463
yadI_predicted,0.2857142857142857,7,6,GTGTTCTCCGTGGGTCTAGG,1,4366092
yadI_predicted,3.857142857142857,32,6,GTGGATTCATCAGGCACTGT,26,4349153
yadI_predicted,1.5714285714285714,16,6,GTGCACTCCAATGTCAATTA,10,4284571
yadI_predicted,1.0,12,6,GTGATCGGGTTGTGCACCTC,6,4320059
yadI_predicted,0.5714285714285714,9,6,GTGACTCTTCCATGTGTTCG,3,4313832
yadI_predicted,0.8571428571428571,11,6,GTCTGTTTCAAAGCTGAATT,5,4310769
yadI_predicted,1.7142857142857142,17,6,GTCCTTGAGTTTTGAGACTA,11,4328110
yadI_predicted,3.4285714285714284,29,6,GTCCGAAAACAGGTAGTTAA,23,4292685
yadI_predicted,0.5714285714285714,9,6,GTCCATTCTATTGATAGCGT,3,4331909
yadI_predicted,4.0,33,6,GTCATGATGCGTGGATCAAG,27,4351893
yadI_predicted,3.857142857142857,32,6,GTCACCATTAGTGGTCCGAG,26,4332720
yadI_predicted,3.142857142857143,27,6,GTCAACTCTCGGACGTAGTT,21,4297585
yadI_predicted,2.0,19,6,GTACTGATCTGATCTCTCGG,13,4364149
yadI_predicted,1.1428571428571428,13,6,GGTTGGGTACCCTTGATTGT,7,4291750
yadI_predicted,4.142857142857143,34,6,GGTTCAACCGTTTCGTCGGG,28,4318994
yadI_predicted,3.5714285714285716,30,6,GGTGCCAATAAAGCCTACCG,24,4368114
yadI_predicted,0.7142857142857143,10,6,GGTGACGAGTCCTTGGTCAA,4,4331413
yadI_predicted,2.7142857142857144,24,6,GGTCGGGTTTCAAGGTCGGT,18,4307520
yadI_predicted,4.0,33,6,GGTCAAGACATGGAGAGATT,27,4285502
yadI_predicted,3.857142857142857,32,6,GGTATGCGGTCAAACATAGG,26,4337795
yadI_predicted,1.8571428571428572,18,6,GGTATCTACGGTTTTTTCCA,12,4329528
yadI_predicted,3.5714285714285716,30,6,GGTAGTAGCTTGCCGGTCCA,24,4297945
yadI_predicted,6.0,47,6,GGTAGAGCACATTAGTCCCC,41,4289131
yadI_predicted,7.285714285714286,56,6,GGGTTCCGGACCTCTTGCGA,50,4336223
yadI_predicted,0.2857142857142857,7,6,GGGTCAACGCCGGCGCGTTT,1,4304451
yadI_predicted,3.5714285714285716,30,6,GGGTACGTAAATCGGTGGGC,24,4364917
yadI_predicted,2.2857142857142856,21,6,GGGGTTGGGATGGCCACAAC,15,4321851
yadI_predicted,1.4285714285714286,15,6,GGGCCCTGGGCTAGAGTTGT,9,4288061
yadI_predicted,3.142857142857143,27,6,GGGATTCGGCGTAAGGCGGG,21,4327004
yadI_predicted,1.5714285714285714,16,6,GGGACTTTTTAATAGCTACG,10,4286116
yadI_predicted,3.5714285714285716,30,6,GGGAATCTTCATTTATGCCG,24,4335599
yadI_predicted,0.42857142857142855,8,6,GGCGTGTGCGACATGCGGAA,2,4356175
yadI_predicted,1.5714285714285714,16,6,GGCGGCGCTAGAGCTGTGCT,10,4302242
yadI_predicted,1.2857142857142858,14,6,GGCGGCCTGGAGCCACTAGC,8,4343192
yadI_predicted,1.5714285714285714,16,6,GGCGCTCGGAGGTAGGTGTA,10,4359930
yadI_predicted,2.4285714285714284,22,6,GGCACATCTTTGAATATATA,16,4339954
yadI_predicted,0.2857142857142857,7,6,GGCAATGAAGAAAGCAGTAG,1,4303656
yadI_predicted,1.8571428571428572,18,6,GGATCTTCATTGAGCGAAGG,12,4312875
yadI_predicted,0.2857142857142857,7,6,GGACCTTATTGAACGTAAAA,1,4284387
yadI_predicted,2.4285714285714284,22,6,GGACCAGGTTCTCTGGGCGA,16,4353853
yadI_predicted,3.0,26,6,GGAATCCTCTACGCAGTTCG,20,4310014
yadI_predicted,0.2857142857142857,7,6,GGAAGTTAAGTCTCTGTGTG,1,4337022
yadI_predicted,1.8571428571428572,18,6,GCTTTAGATGCTGTTGAACT,12,4351264
yadI_predicted,2.0,19,6,GCTTCGCGGGCTCGGTCCAT,13,4317575
yadI_predicted,2.7142857142857144,24,6,GCTGGATTAATTCTAGGGGA,18,4303445
yadI_predicted,1.0,12,6,GCTCGCACCCGCCGCCATAT,6,4359083
yadI_predicted,1.5714285714285714,16,6,GCTCACCCATTCCGTATGGC,10,4360753
yadI_predicted,1.1428571428571428,13,6,GCTATGGTCCAACCAAGATT,7,4311417
yadI_predicted,5.142857142857143,41,6,GCGTTGGCAATGCTGAGTTG,35,4289170
yadI_predicted,0.2857142857142857,7,6,GCGTCAGCTAGTATCGATAA,1,4338989
yadI_predicted,0.2857142857142857,7,6,GCGTCACAGGCCCGGATAAT,1,4325057
yadI_predicted,4.285714285714286,35,6,GCGTAGTCTACAAATCCACA,29,4334170
yadI_predicted,2.7142857142857144,24,6,GCGCCTCTTGTCGTGTAATG,18,4286178
yadI_predicted,2.2857142857142856,21,6,GCGAGTCGATATTTTGACGC,15,4342204
yadI_predicted,3.2857142857142856,28,6,GCCTGGAGTACCGTTGTTAT,22,4299175
yadI_predicted,2.2857142857142856,21,6,GCCTGATCTTTACGTGACTA,15,4320273
yadI_predicted,0.42857142857142855,8,6,GCCGTGAGGCTTTGGAGCAT,2,4339687
yadI_predicted,1.0,12,6,GCCCTCATTAGTGACCGGGA,6,4369947
yadI_predicted,0.42857142857142855,8,6,GCCATGTTATTATCACGCAG,2,4364093
yadI_predicted,2.2857142857142856,21,6,GCCACTTCCAGATACATTCG,15,4335333
yadI_predicted,3.2857142857142856,28,6,GCATCGTCGCGTCGGCCCGT,22,4295582
yadI_predicted,0.42857142857142855,8,6,GCATCCATGCGATGTAGTAA,2,4285203
yadI_predicted,0.2857142857142857,7,6,GCACTACCTGTACCTGATCG,1,4364339
yadI_predicted,2.7142857142857144,24,6,GCACGCAGGTACCACCCTCG,18,4294555
yadI_predicted,1.1428571428571428,13,6,GCACGCACGCGTGTCACTGC,7,4319887
yadI_predicted,0.2857142857142857,7,6,GCACGACATAAGGATTTGGA,1,4354518
yadI_predicted,1.4285714285714286,15,6,GCACCACGCACCGTCTCGAA,9,4366528
yadI_predicted,3.0,26,6,GCACAGCGACAAGGCGCCGA,20,4330227
yadI_predicted,2.4285714285714284,22,6,GATTCAATTTGCCGGATCAT,16,4323696
yadI_predicted,3.2857142857142856,28,6,GATTAGTATTTGTCTCTCTT,22,4291228
yadI_predicted,0.2857142857142857,7,6,GATGCGACTGCTAGCAAAGC,1,4329018
yadI_predicted,0.2857142857142857,7,6,GATCTCGGTATATGTCCTTG,1,4296018
yadI_predicted,1.8571428571428572,18,6,GAGTGAGGGTGTTTTCATTG,12,4363156
yadI_predicted,2.142857142857143,20,6,GAGTACGACCGCCTTTATAT,14,4368720
yadI_predicted,3.142857142857143,27,6,GAGGCAGCTAAAAAGAGGGC,21,4330862
yadI_predicted,2.2857142857142856,21,6,GAGATCACGCGAAACCCGGG,15,4312695
yadI_predicted,0.7142857142857143,10,6,GAGAGCTGTAATCGGAGCGA,4,4350502
yadI_predicted,2.0,19,6,GAGAGACTCGGTTTTCCTTG,13,4333442
yadI_predicted,1.5714285714285714,16,6,GAGACTCTTCAACTATGCGA,10,4343022
yadI_predicted,3.142857142857143,27,6,GACTGCTCATGTCAGATATG,21,4291150
yadI_predicted,6.428571428571429,50,6,GACGGGAAGCCGGACAAACT,44,4287068
yadI_predicted,2.0,19,6,GACAGTCTATAAAGGTTGCG,13,4291104
yadI_predicted,2.4285714285714284,22,6,GACAGGACCCGCACACAAGA,16,4331749
yadI_predicted,0.42857142857142855,8,6,GAATGGACGTTAGACATATT,2,4357775
yadI_predicted,2.2857142857142856,21,6,GAATGAGATCAATACACCAA,15,4348607
yadI_predicted,1.4285714285714286,15,6,GAAGATACATGTTCGTGTAT,9,4363226
yadI_predicted,0.7142857142857143,10,6,GAACTAACAACATTGCGGTA,4,4303084
yadI_predicted,0.8571428571428571,11,6,CTTGACGTATTGCAATAGCT,5,4348433
yadI_predicted,5.142857142857143,41,6,CTTCGTACCCAGTTGGCAAT,35,4367494
yadI_predicted,0.5714285714285714,9,6,CTTCGCTGCTAATGCCCCTT,3,4304134
yadI_predicted,2.142857142857143,20,6,CTTAACATCGGTCGGGCGGG,14,4361212
yadI_predicted,0.8571428571428571,11,6,CTGTCGCAACGAAACTGTTC,5,4285875
yadI_predicted,0.42857142857142855,8,6,CTGTAAACCCTACTAACTAA,2,4361976
yadI_predicted,2.5714285714285716,23,6,CTGGTACCCCCTCGGGGTCG,17,4366181
yadI_predicted,1.7142857142857142,17,6,CTGCCTGTTAACCAGAGAAG,11,4306737
yadI_predicted,2.4285714285714284,22,6,CTCTGTCTGCTTAGAAGAAC,16,4314381
yadI_predicted,2.142857142857143,20,6,CTCGGCTTGTGGCGCTCTTG,14,4350898
yadI_predicted,3.142857142857143,27,6,CTCCTATTACAGGGTTTTTG,21,4319105
yadI_predicted,0.8571428571428571,11,6,CTCCAGAACTGAGAATCGCA,5,4314132
yadI_predicted,0.7142857142857143,10,6,CTCATTGGATAATGTCTGGA,4,4367349
yadI_predicted,1.0,12,6,CTCAGATGCCGATCGCGTCA,6,4347849
yadI_predicted,3.142857142857143,27,6,CTCAAGAGACCGGTTACCTT,21,4320612
yadI_predicted,2.142857142857143,20,6,CTATCAAAACATCTCTATCT,14,4308626
yadI_predicted,3.7142857142857144,31,6,CTAGATCTGTACCCAGTCTC,25,4299373
yadI_predicted,5.428571428571429,43,6,CTACGAAGAGGCACAGTTGT,37,4284798
yadI_predicted,6.428571428571429,50,6,CTACATTCTGCGGCCTGACG,44,4350591
yadI_predicted,0.2857142857142857,7,6,CTAAGCCAGGTACCTATTAC,1,4304734
yadI_predicted,5.428571428571429,43,6,CTAACCCGGAAGAGTACGGC,37,4311949
yadI_predicted,7.714285714285714,59,6,CGTTTCGAATGTGATGGCCG,53,4366820
yadI_predicted,1.2857142857142858,14,6,CGTGGAACACTGTTGTCTCA,8,4344167
yadI_predicted,2.857142857142857,25,6,CGTCCCGTAAGCGGTGGCGC,19,4299470
yadI_predicted,2.4285714285714284,22,6,CGTACAGTATGAATTTTGTA,16,4295686
yadI_predicted,2.857142857142857,25,6,CGGTGCCTGCACTACGTTTA,19,4335370
yadI_predicted,4.142857142857143,34,6,CGGGTCTGCGTGGCTGGTTG,28,4369369
yadI_predicted,0.2857142857142857,7,6,CGGGGCTGCGCCAGCAGACG,1,4364172
yadI_predicted,4.142857142857143,34,6,CGGGGAGGGTGATATGTCAG,28,4369850
yadI_predicted,0.2857142857142857,7,6,CGGGCGCATGGAAAATGGAC,1,4343519
yadI_predicted,0.42857142857142855,8,6,CGGATCGGTGACGGGACTGA,2,4284608
yadI_predicted,0.2857142857142857,7,6,CGCTTGTAAGTCTGTCGAAC,1,4341680
yadI_predicted,1.1428571428571428,13,6,CGCTTGGCACATCCCGGCGG,7,4284536
yadI_predicted,4.857142857142857,39,6,CGCGTGCCAGGAATCGCCTT,33,4317371
yadI_predicted,0.2857142857142857,7,6,CGCCTTGCTCGTTTCGAATG,1,4367690
yadI_predicted,4.428571428571429,36,6,CGCAGTCAAATCCTACTGTC,30,4327907
yadI_predicted,3.4285714285714284,29,6,CGAGATTCTGACTCCTGCAG,23,4305504
yadI_predicted,2.857142857142857,25,6,CCTTCCTTGGCGCCGTCCTA,19,4343983
yadI_predicted,0.5714285714285714,9,6,CCTTCCTGTCTATCGTGGGA,3,4287792
yadI_predicted,1.8571428571428572,18,6,CCTTAGTTCACTAATTATCA,12,4301349
yadI_predicted,10.714285714285714,80,6,CCTGGTCGGGACGGCTAATC,74,4369884
yadI_predicted,1.8571428571428572,18,6,CCTCTCGTTCTGTTAGGCGA,12,4320856
yadI_predicted,1.4285714285714286,15,6,CCTCTCGATTGATGTAGGCC,9,4320969
yadI_predicted,1.1428571428571428,13,6,CCTCCGCTCTCAGCCGTTGT,7,4323825
yadI_predicted,0.2857142857142857,7,6,CCTACCTTGGGAAGTATTAT,1,4337298
yadI_predicted,4.428571428571429,36,6,CCTAATCCGCCAGAGCTGCA,30,4339773
yadI_predicted,1.4285714285714286,15,6,CCGTTGTAACGACTACATAT,9,4317701
yadI_predicted,3.142857142857143,27,6,CCGGGGTGGTAGTATGTTAA,21,4350598
yadI_predicted,2.2857142857142856,21,6,CCGGATCAATCCGCGCTAAG,15,4344608
yadI_predicted,2.7142857142857144,24,6,CCCTCTGACACGTGTTCTGT,18,4341974
yadI_predicted,1.1428571428571428,13,6,CCCGTTGAACTCCTTCCGAG,7,4288819
yadI_predicted,4.142857142857143,34,6,CCCGGTAAGGCCGATCGAGA,28,4332401
yadI_predicted,0.42857142857142855,8,6,CCCCAGCCGAGATGTCATAA,2,4330456
yadI_predicted,2.857142857142857,25,6,CCCACAACGAACTGTTCGGG,19,4323527
yadI_predicted,0.7142857142857143,10,6,CCACCTGATTGACAACATGT,4,4295954
yadI_predicted,2.7142857142857144,24,6,CCAACTCAGTGAAGCGGCAT,18,4341872
yadI_predicted,0.42857142857142855,8,6,CATTTTTTGTTGATTACAGG,2,4304223
yadI_predicted,0.2857142857142857,7,6,CATTTTGAGGAGGCGTCGGA,1,4357812
yadI_predicted,0.2857142857142857,7,6,CATGGAGCGGATGTTACCAA,1,4304138
yadI_predicted,0.7142857142857143,10,6,CATGCGGCTACGCGGGCTGG,4,4339601
yadI_predicted,8.428571428571429,64,6,CATGACACCTGCAACTCAGA,58,4304727
yadI_predicted,0.2857142857142857,7,6,CATCTGTAATTGGGATTATG,1,4306419
yadI_predicted,2.7142857142857144,24,6,CATCCCGTGACATACCCAAC,18,4364494
yadI_predicted,1.5714285714285714,16,6,CATCAGAAATTCTTATGTAT,10,4294850
yadI_predicted,2.857142857142857,25,6,CATACCGATAATAGCTCGGG,19,4333958
yadI_predicted,0.2857142857142857,7,6,CAGTTGCACTTGTATAAACG,1,4354076
yadI_predicted,1.2857142857142858,14,6,CAGTTCACCTTCGTCGGGTC,8,4335637
yadI_predicted,3.7142857142857144,31,6,CAGTGGCATGTAAGACGATG,25,4338629
yadI_predicted,2.7142857142857144,24,6,CAGGTATGTTGCGGCTATCA,18,4284925
yadI_predicted,4.428571428571429,36,6,CAGGCGGGTAAGGCGGTTAT,30,4305840
yadI_predicted,1.1428571428571428,13,6,CAGCCCCCCCTTTGGACCCT,7,4316163
yadI_predicted,3.857142857142857,32,6,CAGCAACAAAGGTACTCTCT,26,4349535
yadI_predicted,0.2857142857142857,7,6,CAGAGCCTGAGGCCATCTAG,1,4285725
yadI_predicted,1.0,12,6,CAGACGAGTCAATGCAACAT,6,4355662
yadI_predicted,1.1428571428571428,13,6,CAGAAATAAGGTCGCCGCAA,7,4301157
yadI_predicted,2.4285714285714284,22,6,CACTCATGGCCATTTTGCTA,16,4359534
yadI_predicted,2.142857142857143,20,6,CACTCAGTGCCACGTAAGGG,14,4306282
yadI_predicted,2.0,19,6,CACGGTTCGACTCTGAGTTC,13,4323571
yadI_predicted,0.2857142857142857,7,6,CACCGGCACCTTTTGAACAA,1,4310527
yadI_predicted,0.42857142857142855,8,6,CACCGGCAAGACGCCGTGGC,2,4364667
yadI_predicted,0.5714285714285714,9,6,CACATTCGCACCTCACGTTT,3,4311958
yadI_predicted,2.5714285714285716,23,6,CACAGTTTTTTTCTGTGGTC,17,4343037
yadI_predicted,0.7142857142857143,10,6,CACAATAGGATCAAAGCTTA,4,4335546
yadI_predicted,2.2857142857142856,21,6,CAATTGTTATGACTTATGAG,15,4302456
yadI_predicted,0.7142857142857143,10,6,CAAGTCAGCGCGTTCTCTGT,4,4368587
yadI_predicted,2.5714285714285716,23,6,CAAGTACTTACGTGATTCGG,17,4343499
yadI_predicted,0.2857142857142857,7,6,CAAGGGATTCGCAGAACTCG,1,4310960
yadI_predicted,3.7142857142857144,31,6,CAAGATCCTAGGAAGTGAGG,25,4351258
yadI_predicted,0.5714285714285714,9,6,CAAAGAGGGTGGCGTTGTGA,3,4289484
yadI_predicted,4.285714285714286,35,6,ATTTAACATGACCGGAACGT,29,4362218
yadI_predicted,1.1428571428571428,13,6,ATTTAAATCTGAAGGGGCCT,7,4368076
yadI_predicted,1.7142857142857142,17,6,ATTGCCACCAGCACAGCCCC,11,4356686
yadI_predicted,1.7142857142857142,17,6,ATTGCATTAGAAATTAAGAG,11,4311584
yadI_predicted,2.142857142857143,20,6,ATTCGGGCGGGCTTGACCGA,14,4353361
yadI_predicted,1.0,12,6,ATTACCCGTACCCTGTTGTA,6,4345584
yadI_predicted,2.142857142857143,20,6,ATTACACTGAAAATCGCCCC,14,4325008
yadI_predicted,2.142857142857143,20,6,ATGTGTCCCGCACCATCAAG,14,4357831
yadI_predicted,1.7142857142857142,17,6,ATGTGGCACTGATGACGCAA,11,4325739
yadI_predicted,6.428571428571429,50,6,ATGCGATCAGCTCGGAGTAC,44,4339373
yadI_predicted,5.142857142857143,41,6,ATGATCTCTAAAGAAGGTTT,35,4312903
yadI_predicted,4.0,33,6,ATGACCTTGAGCTGTTATTC,27,4292180
yadI_predicted,3.0,26,6,ATGAACCTTGGAACCACGGC,20,4341901
yadI_predicted,0.2857142857142857,7,6,ATCTTTCTAAGCCTCAACCT,1,4315931
yadI_predicted,0.2857142857142857,7,6,ATCCTTCATCCAATTGGTCC,1,4364115
yadI_predicted,9.285714285714286,70,6,ATCCGATCGGCATCCAGTCT,64,4294172
yadI_predicted,2.5714285714285716,23,6,ATCAGATCCTATTGCTTTCC,17,4328561
yadI_predicted,0.2857142857142857,7,6,ATAGGTGTTCCCCGGCACTT,1,4309811
yadI_predicted,4.428571428571429,36,6,ATAGCGTCTAGTACCACTTG,30,4312051
yadI_predicted,1.0,12,6,ATACCTCACGGTCACTCGCG,6,4334359
yadI_predicted,0.2857142857142857,7,6,ATAAGATCCGAAGAATTTCA,1,4289464
yadI_predicted,0.7142857142857143,10,6,AGTTACCAGAGCAGTTAGTT,4,4367141
yadI_predicted,1.0,12,6,AGTGCATAGATCTTCACTTA,6,4284805
yadI_predicted,5.0,40,6,AGGGTCGGGAGAAAGGAGCG,34,4358846
yadI_predicted,1.2857142857142858,14,6,AGGGGGATCAGACCAACCGC,8,4284256
yadI_predicted,4.571428571428571,37,6,AGGAGTTTAGGGAAAGATTT,31,4296346
yadI_predicted,0.42857142857142855,8,6,AGGACCCCACTAGGGGAGTA,2,4285998
yadI_predicted,3.2857142857142856,28,6,AGGAACGAGACGCTCTGCGA,22,4307873
yadI_predicted,3.5714285714285716,30,6,AGCTTACCGAATACACTCCA,24,4300764
yadI_predicted,0.5714285714285714,9,6,AGCTGTGTACCCGCTGAGAT,3,4359719
yadI_predicted,0.2857142857142857,7,6,AGCTCTTTAGCAAGTGTATT,1,4358792
yadI_predicted,3.7142857142857144,31,6,AGCGAAAACCATTTCGTAAT,25,4300185
yadI_predicted,11.857142857142858,88,6,AGCCCCCGAGTCTGATAACT,82,4342550
yadI_predicted,21.285714285714285,154,6,AGCATTCAATAGATTTCGTT,148,4370086
yadI_predicted,0.2857142857142857,7,6,AGCACCGGTAGTGGAACTTC,1,4303210
yadI_predicted,3.2857142857142856,28,6,AGATATGATCAGGGGCGGCT,22,4335862
yadI_predicted,0.7142857142857143,10,6,ACTTCTTGAAGGGTTTCTAT,4,4342136
yadI_predicted,2.5714285714285716,23,6,ACTTCTCGACTCTAAGCTTA,17,4293192
yadI_predicted,2.0,19,6,ACTCGTATTGGAGGCTCAGC,13,4341832
yadI_predicted,5.0,40,6,ACTCCCACGTGTCGATAAAA,34,4368486
yadI_predicted,2.857142857142857,25,6,ACTCAGATTATGGAAAATCG,19,4363330
yadI_predicted,0.5714285714285714,9,6,ACGTGGTACCAGACACACCG,3,4290772
yadI_predicted,0.7142857142857143,10,6,ACCTCGTAGGGCTTGTGATG,4,4313036
yadI_predicted,3.142857142857143,27,6,ACCTACCCGAGTTGAAATGA,21,4308108
yadI_predicted,1.5714285714285714,16,6,ACCTACACCTCGTAGTTACG,10,4305356
yadI_predicted,5.857142857142857,46,6,ACCCTACGTTACAGCGCTTA,40,4295828
yadI_predicted,3.2857142857142856,28,6,ACCAACTCCCGCATCTCGAC,22,4313507
yadI_predicted,3.0,26,6,ACAGCGTATGCATTGGTGTC,20,4314606
yadI_predicted,2.857142857142857,25,6,ACAAACTAGATGATGTCATA,19,4298191
yadI_predicted,3.0,26,6,AATGCTCTGGACCTAGGCAT,20,4342724
yadI_predicted,2.4285714285714284,22,6,AATGCACGTTATGGCTTGGC,16,4344573
yadI_predicted,1.2857142857142858,14,6,AATCTATTCCTGTATCGCTG,8,4363681
yadI_predicted,2.7142857142857144,24,6,AATACGCTAACCGTGTTCCT,18,4324928
yadI_predicted,10.285714285714286,77,6,AAGTTGGATACGATAAGCTT,71,4366306
yadI_predicted,1.5714285714285714,16,6,AAGTACACATCGTTTTCCCT,10,4338523
yadI_predicted,0.8571428571428571,11,6,AAGGCCGACTTTGGTCACCT,5,4334105
yadI_predicted,1.5714285714285714,16,6,AACTTATATTGCTTATAAGC,10,4310402
yadI_predicted,1.5714285714285714,16,6,AACTCCTAGATGAAACCTAG,10,4360893
yadI_predicted,10.0,75,6,AACGTAAAGGCCTATTCGTG,69,4327389
yadI_predicted,1.7142857142857142,17,6,AACCTTTAGTGCAACAATCT,11,4326165
yadI_predicted,2.2857142857142856,21,6,AACCCTAAATGAGGTGAAAT,15,4289016
yadI_predicted,1.1428571428571428,13,6,AACACGATAGATCTCCATAC,7,4289814
yadI_predicted,0.42857142857142855,8,6,AAATGACTGACAATTGTACG,2,4333656
yadI_predicted,6.285714285714286,49,6,AAAGGTGGACACGGTGTGTA,43,4360930
yadI_predicted,0.42857142857142855,8,6,AAAAATCGTCCCCCTCCCCA,2,4360428
yadI_predicted,3.1666666666666665,23,5,TTTTGTGGCCTTTGAGTTGT,18,4352296
yadI_predicted,2.6666666666666665,20,5,TTTTGAACCAGATCAGATCT,15,4284641
yadI_predicted,3.3333333333333335,24,5,TTTTCCGCCATAATGTTATT,19,4311050
yadI_predicted,0.8333333333333334,9,5,TTTGACTATAGCTGCGAAGG,4,4351037
yadI_predicted,0.3333333333333333,6,5,TTTGAATAGGTCACGCGTGC,1,4330878
yadI_predicted,5.0,34,5,TTTGAATAGAATCCCCCCTT,29,4316899
yadI_predicted,2.1666666666666665,17,5,TTTCGTAGTTTCAGAACCCC,12,4317227
yadI_predicted,6.5,43,5,TTTCGCGTCTGTTCCATCGT,38,4368514
yadI_predicted,2.1666666666666665,17,5,TTTAAGAGGCTAAGATCCTG,12,4340013
yadI_predicted,4.5,31,5,TTGTGCACCACGTCTAAGAC,26,4349039
yadI_predicted,0.3333333333333333,6,5,TTGTACAAGGCTTATTGCGA,1,4302136
yadI_predicted,5.5,37,5,TTGGTATGGTTCCCAATCCC,32,4344552
yadI_predicted,8.333333333333334,54,5,TTGGAAATTTAAATACGATT,49,4349402
yadI_predicted,5.0,34,5,TTCGTTAGTGCCCTGGAATA,29,4356440
yadI_predicted,1.0,10,5,TTCCCCAGGAGATTGACTTT,5,4356603
yadI_predicted,1.0,10,5,TTCCCAAGTCTTATCACTCT,5,4304500
yadI_predicted,6.166666666666667,41,5,TTAGGGGCTAAGTTATCTGT,36,4331592
yadI_predicted,0.3333333333333333,6,5,TTAGCAGTCTGTTCTGCGAC,1,4310584
yadI_predicted,2.1666666666666665,17,5,TTAGATAGCTACAATGGGTC,12,4363948
yadI_predicted,5.5,37,5,TTACTGACCTGAGGCTGCCC,32,4339109
yadI_predicted,6.333333333333333,42,5,TTACTCTATCCTTGTAAGAG,37,4335321
yadI_predicted,0.3333333333333333,6,5,TTACAACTGGACACATGAGT,1,4312910
yadI_predicted,3.6666666666666665,26,5,TTAATAGCAGCCTATTTGTC,21,4322510
yadI_predicted,0.6666666666666666,8,5,TGTTATTCTATCAGGCAGGG,3,4351549
yadI_predicted,3.6666666666666665,26,5,TGTGGTCACAAAGATAAACG,21,4301171
yadI_predicted,4.0,28,5,TGTGGTAGCAGGTGCCTACA,23,4322592
yadI_predicted,0.8333333333333334,9,5,TGTCAATAAGGTGAGTTAAC,4,4310252
yadI_predicted,5.166666666666667,35,5,TGTACTCCAGGCGCAAGTCT,30,4288028
yadI_predicted,2.3333333333333335,18,5,TGGTATACTCTCCGGAGATT,13,4300812
yadI_predicted,3.1666666666666665,23,5,TGGTACGTTTTAAGGTGCCA,18,4312787
yadI_predicted,2.5,19,5,TGGGTCCCACTCTGCGTAGA,14,4318912
yadI_predicted,2.5,19,5,TGGGCGGGTACGGAGATCAT,14,4316570
yadI_predicted,2.0,16,5,TGGGCGGCACTGGACACACT,11,4319347
yadI_predicted,0.5,7,5,TGCGTGAGGGTAGCGGAATA,2,4352799
yadI_predicted,6.0,40,5,TGCAGTTAGTTCTCCAATTT,35,4320221
yadI_predicted,0.5,7,5,TGCACTCAGCTGCGGCACTT,2,4287834
yadI_predicted,9.166666666666666,59,5,TGCAATGAGCGACAACCAAA,54,4343968
yadI_predicted,1.8333333333333333,15,5,TGATGGTCCAAAGCGCGCTG,10,4337219
yadI_predicted,1.8333333333333333,15,5,TGATGAAAAACTGGCCTTAG,10,4352731
yadI_predicted,3.5,25,5,TGATAGATTATGGAGCCGGG,20,4293409
yadI_predicted,0.5,7,5,TCTTAGTGCAGCTCTAAGGC,2,4312858
yadI_predicted,0.5,7,5,TCTCAGCTAATCTTCCCGAC,2,4305769
yadI_predicted,1.5,13,5,TCGTCCACGGTTGCTGCGTC,8,4370058
yadI_predicted,2.0,16,5,TCGGTCTGTTCAGCATGGGG,11,4311901
yadI_predicted,4.333333333333333,30,5,TCGACCACCAATACGGTTCA,25,4363399
yadI_predicted,3.3333333333333335,24,5,TCCTGTATCTAGTTGGCCGC,19,4354205
yadI_predicted,6.333333333333333,42,5,TCCGTATACGGAGCCTGGCT,37,4288096
yadI_predicted,3.3333333333333335,24,5,TCCGTAGCAGCTAGTATAGA,19,4360814
yadI_predicted,4.833333333333333,33,5,TCCGAGGACCGCCAGGGGAT,28,4316162
yadI_predicted,2.6666666666666665,20,5,TCCCGAGTGGTAATAGGTGG,15,4348065
yadI_predicted,0.5,7,5,TCCCCACGAAGGCAGAAGAA,2,4326987
yadI_predicted,3.0,22,5,TCCATTCATCGCTGGAGCAT,17,4318399
yadI_predicted,4.0,28,5,TCCATGCCTGGTCAAGGGGA,23,4301498
yadI_predicted,3.1666666666666665,23,5,TCCACTGACACAAGAGTATG,18,4326072
yadI_predicted,1.0,10,5,TCCACAATATTCACTATTCA,5,4321213
yadI_predicted,1.1666666666666667,11,5,TCATCGCATTTGGATATCAT,6,4297292
yadI_predicted,0.3333333333333333,6,5,TCAGGTAGGAGATCACCGAG,1,4332242
yadI_predicted,1.1666666666666667,11,5,TCAGCAACGCCCACAGATAT,6,4304220
yadI_predicted,1.0,10,5,TATTTAACTATAAGACCAGA,5,4360305
yadI_predicted,0.5,7,5,TATGGTAGCGGATCTCACCT,2,4299124
yadI_predicted,0.6666666666666666,8,5,TATGCAGTAGCGCCAAACTG,3,4368107
yadI_predicted,4.166666666666667,29,5,TATGAACCAATGAGCCGACA,24,4336218
yadI_predicted,3.5,25,5,TATCAAGCGGCCTCTGGCGC,20,4324824
yadI_predicted,4.0,28,5,TATCAAATCGTGACCATTCT,23,4312712
yadI_predicted,17.166666666666668,107,5,TAGTCTCCTTATTTGGCCAC,102,4319644
yadI_predicted,2.6666666666666665,20,5,TAGGGGGGCTGACTCTCTTT,15,4311411
yadI_predicted,1.5,13,5,TAGGGATTGCCACATTCGAA,8,4286069
yadI_predicted,2.5,19,5,TAGGATAATCCATGCACCTA,14,4315742
yadI_predicted,1.0,10,5,TAGGAGCTCCGGTCCCCTTT,5,4357731
yadI_predicted,0.8333333333333334,9,5,TAGCTTTTAATACCATCTCC,4,4328354
yadI_predicted,1.3333333333333333,12,5,TAGCTACGGATTACTCATCT,7,4305679
yadI_predicted,4.833333333333333,33,5,TAGCACCGACTCTAACTGCA,28,4364443
yadI_predicted,4.833333333333333,33,5,TAGATTACCGGGCATTCTCT,28,4286128
yadI_predicted,1.5,13,5,TAGACGTCTATGCCTGCCTA,8,4359853
yadI_predicted,4.0,28,5,TACTCCAACAACCGCCAATC,23,4369378
yadI_predicted,1.6666666666666667,14,5,TACGTACATCGGTCATGGAT,9,4300648
yadI_predicted,1.6666666666666667,14,5,TACGGTTCGTTAAGAAACTT,9,4359082
yadI_predicted,1.0,10,5,TACGCCCATAACAACCGTAA,5,4312868
yadI_predicted,1.6666666666666667,14,5,TACCGCGTAGACATTAATAT,9,4328993
yadI_predicted,0.3333333333333333,6,5,TACATCGAAGCTGTGTAGCT,1,4341111
yadI_predicted,3.6666666666666665,26,5,TAATGGGCGTCGCCCGACGT,21,4288069
yadI_predicted,6.5,43,5,TAAGGCTCATCCATCAATGA,38,4347991
yadI_predicted,1.1666666666666667,11,5,TAAGAGGGGCGCTCAAACGT,6,4301151
yadI_predicted,0.6666666666666666,8,5,TAAGACTCAGGCGTACAGAA,3,4322776
yadI_predicted,7.5,49,5,TAAAATGCTCTTAGATGGGT,44,4347730
yadI_predicted,4.166666666666667,29,5,TAAAAAGGTGATGGAACTCA,24,4306222
yadI_predicted,8.333333333333334,54,5,GTTTAAGAGGTCCCACTTTC,49,4285948
yadI_predicted,6.0,40,5,GTTGTGTATCGGGAACCATT,35,4351169
yadI_predicted,9.666666666666666,62,5,GTTGGTCACGGGACACAAAT,57,4292678
yadI_predicted,3.5,25,5,GTTGCTATGTTTACTCCCAC,20,4346045
yadI_predicted,2.8333333333333335,21,5,GTTGCCATGCACGTTCACGC,16,4359291
yadI_predicted,3.3333333333333335,24,5,GTTCATCACACGTTGGAAGC,19,4323105
yadI_predicted,2.6666666666666665,20,5,GTTAAAGTGTCGCCCCAGAG,15,4284848
yadI_predicted,8.666666666666666,56,5,GTTAAAGTAATACTTAAGAA,51,4336371
yadI_predicted,1.8333333333333333,15,5,GTGTACTCCGCGTACGTTAG,10,4348511
yadI_predicted,3.5,25,5,GTGGCTTCTTCCATTTTCAG,20,4294359
yadI_predicted,0.3333333333333333,6,5,GTGCAACATTCAACTGATGT,1,4342480
yadI_predicted,1.6666666666666667,14,5,GTGATTTGGGTTATCTGCTC,9,4365588
yadI_predicted,0.8333333333333334,9,5,GTGAAGAGCCTTTGGAGGCA,4,4367277
yadI_predicted,18.333333333333332,114,5,GTCTTTTTAAATAGCGCTTT,109,4305971
yadI_predicted,1.5,13,5,GTCCTATCCAAGCTGAAAAC,8,4303880
yadI_predicted,4.5,31,5,GTCCATTATTGTGGACAGTT,26,4335696
yadI_predicted,1.6666666666666667,14,5,GTCATTCGAAATGATAATGT,9,4330065
yadI_predicted,2.1666666666666665,17,5,GTCAACGGACCTTGCCAGCA,12,4333242
yadI_predicted,3.5,25,5,GTCAACATTAGTACAAAGGT,20,4302215
yadI_predicted,4.833333333333333,33,5,GTATTGACTATCCTTCACAG,28,4286521
yadI_predicted,0.5,7,5,GTATTCTTTCCTGCTTGAAG,2,4310536
yadI_predicted,0.3333333333333333,6,5,GTATTAATTCTGGACTCGGT,1,4329421
yadI_predicted,4.5,31,5,GTAAAGCACGAATTCGTGAC,26,4300123
yadI_predicted,1.6666666666666667,14,5,GGTTAAGGTCGTATTCGATA,9,4347094
yadI_predicted,6.333333333333333,42,5,GGTCGCTAAGTCTAGAATTG,37,4294119
yadI_predicted,4.666666666666667,32,5,GGTCCCCACCATTCCTAATG,27,4300999
yadI_predicted,1.6666666666666667,14,5,GGTAAAGGCGGACACATTCC,9,4314433
yadI_predicted,3.8333333333333335,27,5,GGGTGTACCAGGCCGGTTAA,22,4331689
yadI_predicted,1.1666666666666667,11,5,GGGGCACAAATTAATTTTAG,6,4338024
yadI_predicted,0.8333333333333334,9,5,GGGCTAAAGTTTCGGGTGGT,4,4367973
yadI_predicted,2.3333333333333335,18,5,GGGCATGGGCGGTATCTACT,13,4345115
yadI_predicted,1.6666666666666667,14,5,GGGATCGAGTTAAAATAGTA,9,4350077
yadI_predicted,2.8333333333333335,21,5,GGGACAATTATTCGGTGGGT,16,4363890
yadI_predicted,2.6666666666666665,20,5,GGCGCGCTACGCAGGACCAG,15,4366827
yadI_predicted,2.1666666666666665,17,5,GGCGACTCTTAAAGCCTACT,12,4351971
yadI_predicted,1.0,10,5,GGCCGTATGCTTAATTCTCA,5,4349714
yadI_predicted,1.6666666666666667,14,5,GGCCGCGGTTAAGCGGTCAA,9,4290418
yadI_predicted,2.6666666666666665,20,5,GGAGTTGGAACGGTCAAACG,15,4294058
yadI_predicted,2.5,19,5,GGACCACTTTTCATCGTCCT,14,4355932
yadI_predicted,3.0,22,5,GGAAATCCCTGTTTTTGGCT,17,4337264
yadI_predicted,0.3333333333333333,6,5,GCTTGATCCCCCTCATGTTA,1,4330668
yadI_predicted,0.5,7,5,GCTTCGGCCCGGATTCTTTT,2,4327668
yadI_predicted,1.3333333333333333,12,5,GCTCGTTCTTTGACTGGTGA,7,4346553
yadI_predicted,13.333333333333334,84,5,GCTCGATCGGTAGGTTCCCC,79,4321014
yadI_predicted,2.0,16,5,GCTCCGTGCTAGACCGACGT,11,4284823
yadI_predicted,2.3333333333333335,18,5,GCTAGGATCACTACCGGTCC,13,4313744
yadI_predicted,2.8333333333333335,21,5,GCTACACGAATATTCCCTGC,16,4329620
yadI_predicted,5.666666666666667,38,5,GCGTGCCGTATATTCAGCAT,33,4286130
yadI_predicted,4.666666666666667,32,5,GCGGTAACGTTCTACCCTTC,27,4320275
yadI_predicted,3.3333333333333335,24,5,GCGGGAGCGTTGTTCCCCCC,19,4341788
yadI_predicted,0.3333333333333333,6,5,GCGGCTGTATGGCAAACCCA,1,4334055
yadI_predicted,3.0,22,5,GCGATGGTAAGAGGGCTTGC,17,4306889
yadI_predicted,5.5,37,5,GCGAGTACATGGTGATGTAT,32,4301282
yadI_predicted,4.0,28,5,GCGACGTGGCATAAAATTCT,23,4343136
yadI_predicted,2.1666666666666665,17,5,GCCTCAATCCGATAAGGTGC,12,4356619
yadI_predicted,3.3333333333333335,24,5,GCCGTGGAGCCGGATTTCTC,19,4357672
yadI_predicted,0.3333333333333333,6,5,GCCCTCCGGCCATTGAGAGA,1,4352945
yadI_predicted,4.166666666666667,29,5,GCCAGAGTAACTATTGGATA,24,4350528
yadI_predicted,0.8333333333333334,9,5,GCCAAGCGCCGTTCTACTAT,4,4321201
yadI_predicted,1.8333333333333333,15,5,GCCAACGCGAGACCTCTTTG,10,4343801
yadI_predicted,1.0,10,5,GCACGGGGATTTATTACTCT,5,4287828
yadI_predicted,0.3333333333333333,6,5,GCAATCCCTTATCCCTCTCA,1,4322719
yadI_predicted,8.833333333333334,57,5,GCAACCCGTAAGGTTTTCGG,52,4316102
yadI_predicted,2.6666666666666665,20,5,GCAAACCCAGATTCAATTTT,15,4355654
yadI_predicted,4.5,31,5,GATTCCGTTCAACTAGCGCG,26,4313293
yadI_predicted,1.8333333333333333,15,5,GATGCATGGGGCGTTCGCGA,10,4346317
yadI_predicted,0.3333333333333333,6,5,GATCAGGTACGCATCCTTTT,1,4364069
yadI_predicted,7.0,46,5,GAGCTGTGATACGTGTTAGG,41,4369861
yadI_predicted,0.3333333333333333,6,5,GAGAAAGGTACGAACCTGAG,1,4325333
yadI_predicted,2.5,19,5,GACTCGACGCGCGCCCGTTG,14,4287654
yadI_predicted,0.3333333333333333,6,5,GACCGCAGTTGGCCATGCCT,1,4303263
yadI_predicted,3.5,25,5,GACAGCGCGTAGTACTGTGT,20,4335736
yadI_predicted,0.8333333333333334,9,5,GAAGTGCGGCTGGTGGCATA,4,4304638
yadI_predicted,3.3333333333333335,24,5,GAAGGTCGATCATGCGCAAG,19,4286952
yadI_predicted,2.3333333333333335,18,5,GAAGCTGCTGGTCTAGCGGA,13,4308690
yadI_predicted,2.6666666666666665,20,5,GAACTGGTGCGGAATCTTAG,15,4339341
yadI_predicted,0.8333333333333334,9,5,GAACGGCATAACGTTGCAGG,4,4361200
yadI_predicted,2.0,16,5,CTTTTCAACGTACCTTGAGG,11,4287877
yadI_predicted,7.333333333333333,48,5,CTTTCGCCTCCTTGATTACT,43,4307448
yadI_predicted,0.5,7,5,CTTTACAACTGTGTTTCTTA,2,4335587
yadI_predicted,2.1666666666666665,17,5,CTTGGTTTAGTGTCTTATAG,12,4286073
yadI_predicted,0.3333333333333333,6,5,CTTCTGTGATTGGTGCGTAT,1,4334612
yadI_predicted,0.6666666666666666,8,5,CTTAGCTTATAGAGAATTAG,3,4337749
yadI_predicted,0.3333333333333333,6,5,CTGTTAGTACGTGTTCACAG,1,4346042
yadI_predicted,2.8333333333333335,21,5,CTGTCTGCCCCTTGAATGAC,16,4316705
yadI_predicted,2.3333333333333335,18,5,CTGGTTGATATAGCAACAAA,13,4344251
yadI_predicted,0.5,7,5,CTGCTACATAGGTCTAGTAG,2,4296261
yadI_predicted,0.6666666666666666,8,5,CTGCAGTACCTCGTCTATCA,3,4343240
yadI_predicted,4.166666666666667,29,5,CTGAGTTATGAAGAGTAAAC,24,4323610
yadI_predicted,5.833333333333333,39,5,CTGAGAGCCTCCACCTTCGG,34,4332842
yadI_predicted,1.8333333333333333,15,5,CTGAAGTACCTTCCAAATAA,10,4356351
yadI_predicted,1.5,13,5,CTCTGACCTGCCAGACCTGA,8,4284154
yadI_predicted,0.3333333333333333,6,5,CTCGTAACACCATACAGCTC,1,4316526
yadI_predicted,1.6666666666666667,14,5,CTCGGAAGTTGGGAGACTTT,9,4307078
yadI_predicted,1.3333333333333333,12,5,CTCCGGCTTTTTATGTACTA,7,4301344
yadI_predicted,2.0,16,5,CTCCCCCTAGACTGCCTTGG,11,4320559
yadI_predicted,4.666666666666667,32,5,CTCAATGCTTAAAAAGCTGA,27,4341677
yadI_predicted,0.5,7,5,CTCAACGGACTAGAATGGAA,2,4337837
yadI_predicted,5.333333333333333,36,5,CTAGCTGAGACCGTGTATTG,31,4354744
yadI_predicted,0.6666666666666666,8,5,CTACTCATGGAGCAACAATT,3,4286807
yadI_predicted,3.0,22,5,CTACAGTGCGAAGTACCGGC,17,4324130
yadI_predicted,0.3333333333333333,6,5,CTAAGAGAAGACAGTCTTAT,1,4309113
yadI_predicted,1.8333333333333333,15,5,CGTTTACAACTACCAGGTCA,10,4308600
yadI_predicted,4.0,28,5,CGTTAGGAGGTTCTCGGCAA,23,4312002
yadI_predicted,0.5,7,5,CGTGGTCATACAGGGCCTAA,2,4342063
yadI_predicted,5.5,37,5,CGTGCTCATTAGGTCATACT,32,4299017
yadI_predicted,2.6666666666666665,20,5,CGTCGAGGGAACAAAGCTGT,15,4296326
yadI_predicted,3.8333333333333335,27,5,CGTATCTTTGTTCATGTTAA,22,4287458
yadI_predicted,2.3333333333333335,18,5,CGGTTTTATGCTGCAGGCTG,13,4358352
yadI_predicted,1.0,10,5,CGGTATGACCTCCGTCCTTC,5,4357553
yadI_predicted,2.5,19,5,CGGGCGGGGGCTCTCAGATC,14,4368580
yadI_predicted,0.5,7,5,CGGGAGCCTCACAGGCTGCC,2,4309227
yadI_predicted,0.3333333333333333,6,5,CGGGAACAACAGTGCGAATC,1,4306542
yadI_predicted,0.8333333333333334,9,5,CGGATGTGCTCATCTCCTAC,4,4301906
yadI_predicted,0.6666666666666666,8,5,CGGATGCGGAGAAAGGAGGT,3,4320642
yadI_predicted,1.0,10,5,CGCTCCGGGGATCGCTTTTA,5,4298804
yadI_predicted,1.5,13,5,CGCTAGTTGAAAAGTTGCGA,8,4318714
yadI_predicted,3.1666666666666665,23,5,CGCGTTCCATCCCCTGTAAA,18,4332832
yadI_predicted,3.1666666666666665,23,5,CGCGTAGCAGCTAATAGGTA,18,4348975
yadI_predicted,1.3333333333333333,12,5,CGCCGCGCCCAGGCCAGCTT,7,4296240
yadI_predicted,0.3333333333333333,6,5,CGCATGAGCGACGGTAGATG,1,4354882
yadI_predicted,1.1666666666666667,11,5,CGCACCCGGGTGCAGCGGAC,6,4312619
yadI_predicted,1.8333333333333333,15,5,CGATAGCCTCGGAGGCGAGC,10,4296555
yadI_predicted,6.5,43,5,CGAGATGGTAGTTGTTGTGC,38,4324815
yadI_predicted,0.3333333333333333,6,5,CGACCCACTTCTGACATCCC,1,4363220
yadI_predicted,1.6666666666666667,14,5,CCTTGCCTGATTTCGCACGC,9,4290780
yadI_predicted,3.3333333333333335,24,5,CCTTCGTGCTTCAGTCTTTA,19,4296782
yadI_predicted,3.5,25,5,CCTTAGTGCATAGGTGTTAG,20,4319314
yadI_predicted,2.6666666666666665,20,5,CCTGTCCATCCGTAGCTCTT,15,4305709
yadI_predicted,3.5,25,5,CCTCGGGCCTGTCCCAGGCG,20,4342742
yadI_predicted,0.3333333333333333,6,5,CCTATTCACGTTGATTGCGT,1,4326375
yadI_predicted,1.1666666666666667,11,5,CCGTGGGCGCAAAGAGGGCA,6,4323303
yadI_predicted,0.3333333333333333,6,5,CCGTAGGTGGTAGGAGCTTG,1,4305858
yadI_predicted,0.6666666666666666,8,5,CCGGTTGACCTCGCAACTGC,3,4305596
yadI_predicted,1.6666666666666667,14,5,CCGCTCCTGATCTCAAGTGG,9,4364438
yadI_predicted,1.5,13,5,CCGCAACATCGGTCTCATCC,8,4307327
yadI_predicted,2.6666666666666665,20,5,CCGAGTCCGGCTTAAGCCTG,15,4349401
yadI_predicted,0.3333333333333333,6,5,CCCTTACTCCTTCCTCCACA,1,4325063
yadI_predicted,4.5,31,5,CCCGGCGAGTATTTAGTAAT,26,4298109
yadI_predicted,5.0,34,5,CCCGATTATGATTGGTTGAG,29,4354460
yadI_predicted,2.5,19,5,CCCCGAGCGGGCGCATCTAC,14,4284618
yadI_predicted,2.0,16,5,CCCCCGGCCCCGGTTGGACA,11,4309070
yadI_predicted,0.3333333333333333,6,5,CCCCCACGACGCCGCTAACA,1,4323132
yadI_predicted,5.333333333333333,36,5,CCCATAAAACGCGAGGCTGT,31,4321209
yadI_predicted,0.3333333333333333,6,5,CCATTCAACGACGGTGCCCT,1,4365866
yadI_predicted,1.1666666666666667,11,5,CCAGGCAGGAACCCGCAGTG,6,4339538
yadI_predicted,0.6666666666666666,8,5,CCAATAAGCTCGCTGATCAT,3,4304992
yadI_predicted,0.6666666666666666,8,5,CCAACAATCGCACCCGGTGC,3,4354934
yadI_predicted,6.833333333333333,45,5,CCAAACGCACAGCTCACGAC,40,4354856
yadI_predicted,3.1666666666666665,23,5,CATTTTATGGAACGGGATAT,18,4315977
yadI_predicted,0.3333333333333333,6,5,CATTGTTGGCAATGGAGCAA,1,4295107
yadI_predicted,0.3333333333333333,6,5,CATTAGCGGTCCCGATGGAT,1,4369282
yadI_predicted,1.8333333333333333,15,5,CATGTCCGGCCGCGTAACGA,10,4326934
yadI_predicted,2.3333333333333335,18,5,CATGAGATGTTTATTGACTG,13,4293830
yadI_predicted,2.8333333333333335,21,5,CATAGTGCCTCCAAGACGAC,16,4319718
yadI_predicted,0.3333333333333333,6,5,CATAACGAGAGTCCATTCAT,1,4344576
yadI_predicted,3.5,25,5,CAGTTCCGGAGATACGAGTA,20,4331408
yadI_predicted,2.6666666666666665,20,5,CAGGTTAGAAGCGTTACATA,15,4310815
yadI_predicted,3.0,22,5,CAGGTACACGAACCTGCGCA,17,4358148
yadI_predicted,0.5,7,5,CAGCTGGCGCGCTCTAGGCA,2,4296021
yadI_predicted,28.833333333333332,177,5,CAGAGATACCACACAGGTAG,172,4335164
yadI_predicted,3.6666666666666665,26,5,CACGTTTCAAGGGTATCTTG,21,4345242
yadI_predicted,1.6666666666666667,14,5,CACGGAGGAAGGTTTGTATT,9,4292622
yadI_predicted,0.6666666666666666,8,5,CAAGAGAAATGTGGTTTTTG,3,4341369
yadI_predicted,2.5,19,5,CAAGACATGCCGTATATGTG,14,4348207
yadI_predicted,2.8333333333333335,21,5,CAACTCATATAAGAGCTCCG,16,4333658
yadI_predicted,9.166666666666666,59,5,CAACCAGGGTAGTCTTACGA,54,4351695
yadI_predicted,0.3333333333333333,6,5,CAAAGGTCCCACTTTAGTAT,1,4356487
yadI_predicted,7.333333333333333,48,5,ATTTAACGATGCTTCTACGT,43,4350710
yadI_predicted,4.666666666666667,32,5,ATTGAAAGTTTAATACGAGG,27,4348161
yadI_predicted,1.3333333333333333,12,5,ATTCTTATCAGCACGCTTAA,7,4298269
yadI_predicted,0.5,7,5,ATTCGCAGGCACAGCAGCGT,2,4369744
yadI_predicted,2.3333333333333335,18,5,ATTATAGAGCCACCAAAAAC,13,4316909
yadI_predicted,3.3333333333333335,24,5,ATTACTTTCCAAGGTCGTAG,19,4316806
yadI_predicted,5.333333333333333,36,5,ATGTGACTTAACATGATAGG,31,4366230
yadI_predicted,2.3333333333333335,18,5,ATGTCTGAAGCCGTACGTAC,13,4301361
yadI_predicted,1.6666666666666667,14,5,ATGTCCAACCCATGCAAGGC,9,4296573
yadI_predicted,3.5,25,5,ATGTCATAGTTTCTACCGAC,20,4326121
yadI_predicted,0.3333333333333333,6,5,ATGCGGGGTAGGATGATCCT,1,4332299
yadI_predicted,2.6666666666666665,20,5,ATGCAACAGATGCCCTAATC,15,4305457
yadI_predicted,3.6666666666666665,26,5,ATGAATTGAGTGAGTATGCC,21,4307083
yadI_predicted,4.833333333333333,33,5,ATCTGCAACTCGCTGGCTAG,28,4296312
yadI_predicted,4.333333333333333,30,5,ATCTAGCCCTCGCAACCTAG,25,4324568
yadI_predicted,2.6666666666666665,20,5,ATCGTCCTGAGATCGGTTTT,15,4300197
yadI_predicted,0.3333333333333333,6,5,ATCGTAATCTAACATTTGCA,1,4313996
yadI_predicted,0.5,7,5,ATCGGTAGGCCTGCTTCTTT,2,4346801
yadI_predicted,1.3333333333333333,12,5,ATCGGTAGACAATCGACGCC,7,4315784
yadI_predicted,3.8333333333333335,27,5,ATCATCATCTAGGCCAGGAC,22,4330067
yadI_predicted,4.0,28,5,ATCACGCCGTGAACAGAACG,23,4307526
yadI_predicted,2.1666666666666665,17,5,ATATGCCCAGGTAGTAACGC,12,4354445
yadI_predicted,0.6666666666666666,8,5,ATAGGACAGGCGAATGCTAA,3,4359994
yadI_predicted,3.5,25,5,ATAGCCAAAAGAGTTTCTAA,20,4342818
yadI_predicted,3.1666666666666665,23,5,ATAGATCTTCCTAATTCGGT,18,4349557
yadI_predicted,2.0,16,5,ATACCGATCTCGCGGATCGA,11,4303954
yadI_predicted,5.0,34,5,ATACCAAATTTCATCGTTCA,29,4354855
yadI_predicted,5.166666666666667,35,5,ATAAGCCTTCTCTTCGTGTC,30,4351116
yadI_predicted,0.3333333333333333,6,5,ATAAAGAGTGGGGGCTATGA,1,4366328
yadI_predicted,1.1666666666666667,11,5,AGTAGATAGATCAGGTTTGG,6,4332830
yadI_predicted,2.6666666666666665,20,5,AGTAACGTGTCCGCCCAATG,15,4366179
yadI_predicted,4.333333333333333,30,5,AGGTTAATGATTCGATGATC,25,4359970
yadI_predicted,6.666666666666667,44,5,AGGTCAATCGGGAAACACCA,39,4304452
yadI_predicted,4.166666666666667,29,5,AGGTATATTGTTTCGTGGTC,24,4287836
yadI_predicted,6.333333333333333,42,5,AGGGGTAACAAGGGCGATGC,37,4312218
yadI_predicted,1.6666666666666667,14,5,AGGGGATGTAATGACCCTGT,9,4331200
yadI_predicted,0.5,7,5,AGGAGTCGAGGAGAAGACGT,2,4359040
yadI_predicted,6.166666666666667,41,5,AGGACATCAGTAGGACATAT,36,4287063
yadI_predicted,7.833333333333333,51,5,AGCTTAAGCCTCGAGCACTG,46,4360523
yadI_predicted,3.6666666666666665,26,5,AGATGGTAGGATTGACGGGG,21,4366245
yadI_predicted,2.8333333333333335,21,5,AGATCCCATGGCACTCTTTC,16,4341584
yadI_predicted,11.0,70,5,AGAGCTGTTTGGATTACTAT,65,4295103
yadI_predicted,0.3333333333333333,6,5,AGAATCATCTGCGCCACAGG,1,4327799
yadI_predicted,10.5,67,5,ACTTCTGTCATTGACACTTG,62,4286822
yadI_predicted,4.333333333333333,30,5,ACTCGACTATCCAGACTCGG,25,4318976
yadI_predicted,2.8333333333333335,21,5,ACTAGGGCTATCTAAGGGTA,16,4311972
yadI_predicted,4.666666666666667,32,5,ACTACCTTAGGTTACACTCT,27,4293750
yadI_predicted,0.3333333333333333,6,5,ACGCGCGCGGACGTCTCCCA,1,4323275
yadI_predicted,6.5,43,5,ACGCATAGTTAGCGGGAGTT,38,4364872
yadI_predicted,0.8333333333333334,9,5,ACGAGGTGCAGGGGCTCGTC,4,4316821
yadI_predicted,5.666666666666667,38,5,ACGACTTGTACAAATGATGC,33,4336366
yadI_predicted,3.0,22,5,ACCGCAATTTAATTCATCTC,17,4329536
yadI_predicted,4.0,28,5,ACCCTTGGAATGGTGTACCT,23,4291803
yadI_predicted,1.1666666666666667,11,5,ACATCTTCCCGCCTTTATTG,6,4353080
yadI_predicted,5.333333333333333,36,5,ACATAGACCGGAGAATAGTC,31,4343859
yadI_predicted,1.1666666666666667,11,5,ACAGCGCCCCAGCTGCGCAT,6,4330578
yadI_predicted,7.0,46,5,ACAGCCTGTATTACTTCACC,41,4324004
yadI_predicted,3.1666666666666665,23,5,ACACGGCAGTAAGCCACGAT,18,4314445
yadI_predicted,0.3333333333333333,6,5,ACAACTCGTAATAAGGAGTT,1,4337132
yadI_predicted,0.6666666666666666,8,5,AATTGTGGTTAGTTGGGGCA,3,4369704
yadI_predicted,0.3333333333333333,6,5,AATTGCAAACCAAGGTTTCT,1,4348217
yadI_predicted,0.6666666666666666,8,5,AATGTGGATCCGCTGTCGCG,3,4291047
yadI_predicted,4.166666666666667,29,5,AATCTAACAAAGGGGCCATT,24,4357681
yadI_predicted,2.8333333333333335,21,5,AATCATCGGCTGGTCACCCT,16,4361885
yadI_predicted,7.666666666666667,50,5,AATCAGGCACGTTATCAAGT,45,4341392
yadI_predicted,3.0,22,5,AATATGCCTGGCCACGTGCT,17,4289909
yadI_predicted,0.3333333333333333,6,5,AATAGCCCAATAACCGTTGC,1,4284118
yadI_predicted,2.8333333333333335,21,5,AAGTTCGACGCGTGCACCTC,16,4335631
yadI_predicted,4.833333333333333,33,5,AAGGTTCGCGATGGGTATCG,28,4364701
yadI_predicted,1.6666666666666667,14,5,AAGGGTAAGACCCATCTATA,9,4315781
yadI_predicted,6.666666666666667,44,5,AAGCGGATTCTTCCTAGTGT,39,4292800
yadI_predicted,1.3333333333333333,12,5,AAGATGAACCGGCGCCCAAA,7,4357320
yadI_predicted,0.3333333333333333,6,5,AAGATCCCTCAAGGATGATT,1,4366517
yadI_predicted,3.1666666666666665,23,5,AACTTCCTAACCTGGCGAAT,18,4293099
yadI_predicted,2.3333333333333335,18,5,AACTGGTCCACTTCGGAGGC,13,4339686
yadI_predicted,0.3333333333333333,6,5,AACTCATCTCTGTTGAACAG,1,4307717
yadI_predicted,0.3333333333333333,6,5,AACTACCTCGCCGTAACAGA,1,4305310
yadI_predicted,2.3333333333333335,18,5,AACGTGTGGCGTAGAGGAGC,13,4322881
yadI_predicted,0.3333333333333333,6,5,AACGTACTCGTCCTAAAGCT,1,4334741
yadI_predicted,1.6666666666666667,14,5,AACGCTAACAGTTGGGAATC,9,4351320
yadI_predicted,0.3333333333333333,6,5,AACGACCAAGGCGCGCCTCT,1,4331594
yadI_predicted,2.1666666666666665,17,5,AAATTCCTGGACTTGCGTCG,12,4344986
yadI_predicted,1.6666666666666667,14,5,AAATTACAAGACTCTCGAGG,9,4294005
yadI_predicted,0.3333333333333333,6,5,AAAGGAACTAGGCACCTGTG,1,4354711
yadI_predicted,0.3333333333333333,6,5,AAACCCGTGGTCAACGGGTA,1,4337562
yadI_predicted,0.4,5,4,TTTTTAAGAGGCATGCTGTG,1,4335645
yadI_predicted,0.4,5,4,TTTTGGGGGTGGCTTACCAG,1,4343951
yadI_predicted,4.0,23,4,TTTTCGCAGCTATCTTGCGA,19,4361461
yadI_predicted,5.8,32,4,TTTGTGAGTAGGACCATGGA,28,4338805
yadI_predicted,0.8,7,4,TTTGTCCGGAACTCCATGGG,3,4346469
yadI_predicted,1.4,10,4,TTTGCGTTCTTCAGAGCGAG,6,4326720
yadI_predicted,4.2,24,4,TTTGCCCGCTCGGCTGTGTT,20,4340391
yadI_predicted,4.8,27,4,TTTGAATGACTGTAACAAAC,23,4291929
yadI_predicted,0.4,5,4,TTTGAAACAAGTGTGCTTTA,1,4354936
yadI_predicted,6.8,37,4,TTTCCAGTCATTGACTCAAT,33,4335180
yadI_predicted,2.0,13,4,TTGTTTACCAAAGGTGCATG,9,4346723
yadI_predicted,5.6,31,4,TTGCTCCAGTTCCGCGTAGC,27,4306552
yadI_predicted,2.2,14,4,TTGCCAAACCAAGGTGGTCA,10,4306164
yadI_predicted,3.6,21,4,TTCCATCCTCGCTCACCCCC,17,4316214
yadI_predicted,0.4,5,4,TTCATTATATACTGTGTGAA,1,4366269
yadI_predicted,3.8,22,4,TTCATATCGGGGCTGTACCT,18,4366515
yadI_predicted,3.8,22,4,TTATAGCCCTGAGTATCTGC,18,4319853
yadI_predicted,0.4,5,4,TTATAAGTTCGGGCTGAGAT,1,4293282
yadI_predicted,1.8,12,4,TTACTGCTCAGCGCACCGTG,8,4295269
yadI_predicted,2.0,13,4,TTACTAAATTGACATGTATA,9,4339608
yadI_predicted,2.0,13,4,TTAATCTTTCCACTTTGCAA,9,4301057
yadI_predicted,1.4,10,4,TGTGGATTCGCACAATTCGT,6,4330600
yadI_predicted,4.2,24,4,TGTGCGGATAGCGATACGTA,20,4323258
yadI_predicted,0.4,5,4,TGTGAATGGGCGTGACGAAC,1,4295585
yadI_predicted,1.0,8,4,TGTCGAAAAGCGTGAAATGT,4,4347975
yadI_predicted,1.8,12,4,TGTACTGAATTAGTGGTGGT,8,4306254
yadI_predicted,2.6,16,4,TGGTCGATGACTACGTTTAA,12,4294944
yadI_predicted,0.4,5,4,TGGGGCGCTCAAGCAGAGTC,1,4323975
yadI_predicted,2.2,14,4,TGGGGATAAAATACGTGGGG,10,4297477
yadI_predicted,0.4,5,4,TGGGCATATACACAGAGATA,1,4320798
yadI_predicted,0.6,6,4,TGGGACAACACTGTCTAGTT,2,4325092
yadI_predicted,2.4,15,4,TGGATATCATGACTTTAGGC,11,4349349
yadI_predicted,1.0,8,4,TGGAGCGTCGTGATTTGCGC,4,4352509
yadI_predicted,1.6,11,4,TGGAGAGAGATTTCCTTCCA,7,4320905
yadI_predicted,1.8,12,4,TGGAAGCCCTCACACGGATT,8,4289224
yadI_predicted,3.4,20,4,TGCTTCCTTTGTCATGCAAG,16,4332747
yadI_predicted,4.0,23,4,TGCTTCCTCATGAGATTATT,19,4358480
yadI_predicted,6.4,35,4,TGCTGGGACAGCCCCGAATG,31,4364527
yadI_predicted,5.4,30,4,TGCCTGAGCTAACAACGACT,26,4311326
yadI_predicted,2.4,15,4,TGCCTCTGTGGGCCATGCCA,11,4314948
yadI_predicted,3.4,20,4,TGCATGGAGGCCGCGCTCGA,16,4347210
yadI_predicted,2.8,17,4,TGCACACGCGGTCGGATTTG,13,4298393
yadI_predicted,0.8,7,4,TGATATTCTAGTGTTCAGTT,3,4347304
yadI_predicted,7.0,38,4,TGATAAGCTCATTCCAAATC,34,4320637
yadI_predicted,0.4,5,4,TGACAGTACTGACTAAGAAT,1,4290719
yadI_predicted,4.6,26,4,TGAACCAGGTTCCAGCCTAC,22,4358879
yadI_predicted,2.6,16,4,TCTGCTAGAGCATCGTCCAT,12,4335274
yadI_predicted,4.8,27,4,TCTGCAACACCGGAGTATAT,23,4339191
yadI_predicted,0.4,5,4,TCTCTATAGAGGCTAATTAA,1,4333770
yadI_predicted,4.6,26,4,TCTCGCTGGGTTCAATAAGC,22,4350485
yadI_predicted,4.4,25,4,TCTCCTTTCAGTCATACAGT,21,4338351
yadI_predicted,5.6,31,4,TCGTATCCCGAAGAGTCTAT,27,4316581
yadI_predicted,1.0,8,4,TCGTACGGCAGCATATTCTG,4,4307737
yadI_predicted,8.0,43,4,TCGGCCTAAGGACAGTCGTT,39,4369743
yadI_predicted,2.0,13,4,TCGGAGGACACCGACATCTG,9,4285342
yadI_predicted,2.4,15,4,TCGGAATTCTCGACGGTGCG,11,4315461
yadI_predicted,3.6,21,4,TCGCTTAGATAGCCACGAAT,17,4314628
yadI_predicted,4.2,24,4,TCGATCGAGACCACTGTCCA,20,4343737
yadI_predicted,5.6,31,4,TCGAGAGGTCAACAATAAAT,27,4286464
yadI_predicted,7.4,40,4,TCCGTAGATCGAATAAAGAC,36,4368440
yadI_predicted,1.4,10,4,TCCCAGTATGCAGTGCCTTC,6,4287224
yadI_predicted,0.4,5,4,TCATTGTGAGCCGTTTACTT,1,4320594
yadI_predicted,1.8,12,4,TCATATCCATACCTGTAGCT,8,4353405
yadI_predicted,2.0,13,4,TCAGCGCATGGGTACTACGA,9,4367232
yadI_predicted,7.2,39,4,TCACGGTCCAATCCGGGCCA,35,4314831
yadI_predicted,0.4,5,4,TCAATCCAGTACGAGATCCT,1,4362673
yadI_predicted,2.4,15,4,TATTTGCAGCTGTCTGAGTG,11,4315235
yadI_predicted,3.4,20,4,TATTCTCCACGGGGCGGGAA,16,4293989
yadI_predicted,0.8,7,4,TATTCGGCGCATTCGCTGAG,3,4304504
yadI_predicted,0.4,5,4,TATGCGCTGCGGTTCGGATG,1,4329724
yadI_predicted,0.4,5,4,TATGAAGCGGAGCGTATGAA,1,4356017
yadI_predicted,0.4,5,4,TATCTGCGTTCAGCCAACGT,1,4307224
yadI_predicted,3.0,18,4,TATCCGTCCTTGCTTCAGAA,14,4332719
yadI_predicted,3.0,18,4,TAGCCTACCTTTCGGTTCGA,14,4336918
yadI_predicted,3.8,22,4,TACGAACCTAAGAACTGTCA,18,4324232
yadI_predicted,5.2,29,4,TACCGCAAGAGTGTAGAAGG,25,4342836
yadI_predicted,6.2,34,4,TACCAAATTGAATACAGCCT,30,4367610
yadI_predicted,0.4,5,4,TACAGCACCGCATCGGTATC,1,4355613
yadI_predicted,2.4,15,4,TACACACCTATGACATCGCA,11,4315851
yadI_predicted,2.8,17,4,TAAGTCTTCTTTCGTGTATA,13,4322144
yadI_predicted,0.4,5,4,TAAGATTCTGCCCTGCATTA,1,4323758
yadI_predicted,3.8,22,4,TAACGTACGAGATTGCGTCT,18,4331509
yadI_predicted,8.8,47,4,TAACAGATCATATCTTACTA,43,4321763
yadI_predicted,4.6,26,4,TAAATTAACCCCAGGCTTTC,22,4354335
yadI_predicted,3.8,22,4,TAAAGGTTCGCTCCAGTACA,18,4349709
yadI_predicted,5.6,31,4,TAAAGAGCGTGGTCGATGAT,27,4367445
yadI_predicted,0.8,7,4,TAAACGGTATTACGAAAGTC,3,4293919
yadI_predicted,0.4,5,4,GTTTGCGTTAGTTATCTGAA,1,4313992
yadI_predicted,0.6,6,4,GTTGATGAGGGAACCTCCGA,2,4334352
yadI_predicted,9.0,48,4,GTTAGACAGTTGATTTAGGT,44,4355751
yadI_predicted,2.2,14,4,GTGGGGTTGACTACAAAAAC,10,4327851
yadI_predicted,1.6,11,4,GTGGAAGTCAGTAGGGACCA,7,4298426
yadI_predicted,4.2,24,4,GTGCGCTGATCTTGCAGGAC,20,4348799
yadI_predicted,1.4,10,4,GTGCATAAGGCCTATCCCCC,6,4354930
yadI_predicted,5.2,29,4,GTGAGCGACGTACAAATGGT,25,4325327
yadI_predicted,2.4,15,4,GTCTGGAGAGCCGGACCCTG,11,4311680
yadI_predicted,3.6,21,4,GTCGCGTCGATCGTCAGGTA,17,4362447
yadI_predicted,1.6,11,4,GTCCCTTCCCCTGTTGCCAC,7,4317837
yadI_predicted,1.2,9,4,GTCATGAATGGGACCAATGT,5,4297276
yadI_predicted,4.4,25,4,GTCACCTCACACAAGTGTCC,21,4349612
yadI_predicted,2.8,17,4,GTCAAGTACGAATTTCTACA,13,4366246
yadI_predicted,0.6,6,4,GTAGTCTGGTGCAGGCTTTG,2,4286709
yadI_predicted,0.4,5,4,GTAATCGACTTATCCATCAA,1,4317239
yadI_predicted,4.6,26,4,GGTTAAGCCCTTCGTCTAGC,22,4332665
yadI_predicted,5.0,28,4,GGTGGCAAAGCCCTGACTCG,24,4361385
yadI_predicted,3.4,20,4,GGTGAAGTTGTATTGGTGTG,16,4352157
yadI_predicted,3.2,19,4,GGGTTATCCTTGTTCGTAAC,15,4351093
yadI_predicted,4.4,25,4,GGGTACATAAGAATTTGCGA,21,4367738
yadI_predicted,0.4,5,4,GGGGCGGTGAACACGCCGCC,1,4318306
yadI_predicted,8.4,45,4,GGGGCACAGCCTTATCCACC,41,4359823
yadI_predicted,0.6,6,4,GGGATAATGGTCTGTCGCAA,2,4301879
yadI_predicted,3.8,22,4,GGGAATTCCTGCATATAAAG,18,4303709
yadI_predicted,0.4,5,4,GGCTCCTGGTTCGGACTGGA,1,4363476
yadI_predicted,3.2,19,4,GGCCAATCGAGTACTTTTTA,15,4364366
yadI_predicted,1.0,8,4,GGCAGTTATGGGATACGCAT,4,4351850
yadI_predicted,0.6,6,4,GGCAAGATTGAGGTAACGGA,2,4366720
yadI_predicted,2.4,15,4,GGACCTCGGTATAGTATAAA,11,4285388
yadI_predicted,5.0,28,4,GGAAAGAATCAAAATATACT,24,4368848
yadI_predicted,11.0,58,4,GCTTATAGCAGATTCATCTT,54,4302052
yadI_predicted,0.6,6,4,GCTTAAAGTCCTATTGCTGG,2,4328581
yadI_predicted,4.0,23,4,GCTGGTGGACCGGGCCACTC,19,4314546
yadI_predicted,0.6,6,4,GCTCACCATAACCCTACCTT,2,4369918
yadI_predicted,0.4,5,4,GCTCAATCTCACTCGCTACG,1,4334124
yadI_predicted,6.6,36,4,GCTATGAGCATGTACTCCAG,32,4328838
yadI_predicted,2.4,15,4,GCTAGTTTAAGAATGGGGAA,11,4345640
yadI_predicted,3.6,21,4,GCTAGGGTCATCGACCGCTT,17,4321095
yadI_predicted,0.4,5,4,GCTACGGATGTCCGGGGGTA,1,4343849
yadI_predicted,1.4,10,4,GCGTTTTACCGCTCGACTAG,6,4333682
yadI_predicted,2.6,16,4,GCGTCTAAGCGTCATTCTGC,12,4365673
yadI_predicted,2.2,14,4,GCGTCACTGCGTTAGGAGAT,10,4316714
yadI_predicted,2.0,13,4,GCGGCCCCAGCGTTATAAGT,9,4329223
yadI_predicted,0.4,5,4,GCGCTAAGATTCAAAATACA,1,4321704
yadI_predicted,3.6,21,4,GCGATATATTACCTCGACTC,17,4346647
yadI_predicted,0.4,5,4,GCCTTTGAGGAGGAGAGGTA,1,4293820
yadI_predicted,2.0,13,4,GCCGTATAGAGAGCCCAGTG,9,4302894
yadI_predicted,0.4,5,4,GCCGGTTTGAGCGAAGATCT,1,4360592
yadI_predicted,1.6,11,4,GCCGGAGAGCAGGGACAGCA,7,4367847
yadI_predicted,8.8,47,4,GCCGAACCAGAAGTTAGTCA,43,4341139
yadI_predicted,1.4,10,4,GCATTGCTCGCGGTCTCATG,6,4358989
yadI_predicted,2.4,15,4,GCATAGTTGTCTATCTACTC,11,4301652
yadI_predicted,4.2,24,4,GCAGAACATGCTCTATGGAT,20,4319753
yadI_predicted,5.2,29,4,GATGAGTCTGCCTCAACGGT,25,4315226
yadI_predicted,3.6,21,4,GATCGCTAGCTTTTAACGTC,17,4297778
yadI_predicted,2.4,15,4,GATAAGCCCTATCGGGGTTT,11,4343822
yadI_predicted,0.8,7,4,GAGTCTTATTGTTCCTCATT,3,4303108
yadI_predicted,4.2,24,4,GAGGGAGCTGGAGGGCTCTT,20,4349884
yadI_predicted,2.0,13,4,GAGGCGCCTGGCGCGTCTCT,9,4334232
yadI_predicted,1.8,12,4,GAGCCGGTCTTTGAGGTTGT,8,4296613
yadI_predicted,3.0,18,4,GAGATCGGGTTAAGAATGCA,14,4359867
yadI_predicted,3.4,20,4,GACTGTGGGCGACCAGTAGA,16,4329081
yadI_predicted,1.0,8,4,GACTCTGTGCAACCAAAAGG,4,4341089
yadI_predicted,1.2,9,4,GACTATGGACGGGAGTACGA,5,4305830
yadI_predicted,1.8,12,4,GACGAACCGTTAGAGTTACT,8,4313916
yadI_predicted,2.4,15,4,GAATTTTCTGGTCGGTGTGA,11,4307255
yadI_predicted,1.4,10,4,GAAGTACCCTTTAATCAGAG,6,4352667
yadI_predicted,1.4,10,4,GAACCTTCATCTGGTGTAAC,6,4364233
yadI_predicted,2.6,16,4,CTTTTGGGTCGTTAGCAGAG,12,4308666
yadI_predicted,2.0,13,4,CTTTGGTTCACAGGAACAGG,9,4312057
yadI_predicted,1.6,11,4,CTTGTGCAGGCATTTATATA,7,4336387
yadI_predicted,3.6,21,4,CTTCTGTCAAGTCTAAAAGA,17,4318302
yadI_predicted,3.6,21,4,CTTCTAGGTGTACCTGAGCC,17,4287753
yadI_predicted,2.6,16,4,CTTACCCTTTGTAACACAAC,12,4357135
yadI_predicted,0.4,5,4,CTGTGCTATGGCACATCCGT,1,4291156
yadI_predicted,5.6,31,4,CTGTGCCCACGTAGCCCTCT,27,4284348
yadI_predicted,0.8,7,4,CTGTGACCGCACGGGAGTAA,3,4349214
yadI_predicted,4.4,25,4,CTGGGCAATGCCTCCCACAC,21,4339609
yadI_predicted,5.2,29,4,CTGGCTGGCATTCTTTACGC,25,4349877
yadI_predicted,0.4,5,4,CTGCAATTTAGAATCTCCTC,1,4298141
yadI_predicted,0.4,5,4,CTGAGCCTAATAGGCGCCTC,1,4284563
yadI_predicted,5.4,30,4,CTCTATGGTGCGTCTGGGTT,26,4318584
yadI_predicted,8.0,43,4,CTCGGGGAGGTGTGTGAGTG,39,4297972
yadI_predicted,3.0,18,4,CTCGATTGGCGAGTTCGGAA,14,4367042
yadI_predicted,0.4,5,4,CGTTTTTCGGTTTTTCACGA,1,4314908
yadI_predicted,7.0,38,4,CGTTATTTACACTGCTGTTG,34,4294851
yadI_predicted,3.0,18,4,CGTGAGATCGTCGGATGTAA,14,4287951
yadI_predicted,0.6,6,4,CGTCAGTGCTGGGGTTAGTC,2,4321453
yadI_predicted,7.8,42,4,CGTCAATTAATCCAGTGGAT,38,4311514
yadI_predicted,3.6,21,4,CGGTTACTCGGGGAGGCCGG,17,4355926
yadI_predicted,5.6,31,4,CGGTCTCATTGTATGTACCC,27,4299013
yadI_predicted,5.8,32,4,CGGTCATCCTACTAACCTCA,28,4300718
yadI_predicted,5.6,31,4,CGGGTATCACAAATCGGTTT,27,4296182
yadI_predicted,0.8,7,4,CGGCTCCCTAGTTATTGATA,3,4290404
yadI_predicted,0.4,5,4,CGGCATCTCCGACACACTGT,1,4354345
yadI_predicted,0.4,5,4,CGGATCGGAGCCCATTCATA,1,4304437
yadI_predicted,7.6,41,4,CGCGGTGCTTTAGTAAATTC,37,4289747
yadI_predicted,3.2,19,4,CGCGGGATTTGTGTTTATGG,15,4325197
yadI_predicted,3.6,21,4,CGCGCTCGGTCTCGGAGCGG,17,4343639
yadI_predicted,0.6,6,4,CGCGACGTGACTTCTAGATA,2,4343159
yadI_predicted,5.4,30,4,CGCCCTTACTCCATATTCAA,26,4288315
yadI_predicted,3.2,19,4,CGCCCATCCCCGAAGAGGGC,15,4299602
yadI_predicted,3.2,19,4,CGATCGATGCATTGGAAGAA,15,4310194
yadI_predicted,2.8,17,4,CGAGTACACCGCGACATTAT,13,4341374
yadI_predicted,0.6,6,4,CGAGATTCCCTCAGTCACCA,2,4306821
yadI_predicted,2.8,17,4,CGACTATATACTCTAGCATT,13,4333403
yadI_predicted,0.4,5,4,CGACGCAAGAAGCCTGCGCC,1,4347073
yadI_predicted,0.6,6,4,CGAACAGAAACTCGATCGTT,2,4334897
yadI_predicted,4.8,27,4,CCTTCTACTAATCAGTGCAT,23,4302891
yadI_predicted,0.4,5,4,CCTTAATGGTTCACGATATA,1,4351013
yadI_predicted,1.4,10,4,CCTACGATAGGTAACAATGC,6,4345728
yadI_predicted,0.4,5,4,CCGTTAACAGTGGGGGAACA,1,4305408
yadI_predicted,1.6,11,4,CCGTAACTACACGCGTAAGG,7,4347362
yadI_predicted,10.0,53,4,CCGCCCGGCATTGGTGACAC,49,4336919
yadI_predicted,8.0,43,4,CCCTTCATCATGCTATCGAA,39,4291509
yadI_predicted,2.6,16,4,CCCTAATTGGAAGGTTTAGA,12,4291125
yadI_predicted,5.4,30,4,CCCGGATTTCATCTGGTCGT,26,4317491
yadI_predicted,6.8,37,4,CCCGCATCACACTTACGCCC,33,4317181
yadI_predicted,2.2,14,4,CCCGACTGTCTCGAGGTATG,10,4341275
yadI_predicted,1.0,8,4,CCCCTGATGTAATCTCCACA,4,4347070
yadI_predicted,1.0,8,4,CCCCTGAAAAGGAAGCAGAG,4,4318969
yadI_predicted,13.2,69,4,CCCAGAGCTCGCGGAAAACA,65,4284192
yadI_predicted,4.8,27,4,CCATCTGTTAAATGCCGTAC,23,4365119
yadI_predicted,1.4,10,4,CCATATTTTAACCTACCTGA,6,4302461
yadI_predicted,2.0,13,4,CCAGAAAACTTCGAATGTTG,9,4344800
yadI_predicted,0.4,5,4,CCACGATCCAAACCTGTTTT,1,4339043
yadI_predicted,2.4,15,4,CCAATGGACGCATGTGGCTG,11,4342980
yadI_predicted,10.4,55,4,CCAATGACTAGGCTCGGGAA,51,4293014
yadI_predicted,3.8,22,4,CCAACTATTTATTAAGCTTT,18,4331984
yadI_predicted,0.6,6,4,CCAAACTAATATTTATATAA,2,4308586
yadI_predicted,4.8,27,4,CCAAAAGGAGCTATCAAGGA,23,4369383
yadI_predicted,2.2,14,4,CATCTTGGGCTGCCTAGGGT,10,4339363
yadI_predicted,0.4,5,4,CATCTAGAAGCTGAGTTAGT,1,4306000
yadI_predicted,4.8,27,4,CATACGTTCAGTAAATGGCG,23,4364951
yadI_predicted,3.4,20,4,CATAAGTGACTCCAGTGTTG,16,4324221
yadI_predicted,4.0,23,4,CAGCGCTACCACGAAAGGGG,19,4312035
yadI_predicted,0.4,5,4,CAGCATCCACTATGGTGGAG,1,4291701
yadI_predicted,2.4,15,4,CACCTCCCGGAGAATATGGG,11,4319936
yadI_predicted,3.6,21,4,CACCCTTAGATCACGGTCAG,17,4293191
yadI_predicted,4.4,25,4,CAATGACACGTGCGTCATAT,21,4313532
yadI_predicted,0.6,6,4,CAAGGTTGTGGTTCAAACTT,2,4332406
yadI_predicted,1.8,12,4,CAAGCGATGTGGAACGGCAG,8,4352421
yadI_predicted,0.4,5,4,CAACTAATGCTTATCTTTTG,1,4340235
yadI_predicted,2.4,15,4,CAAAACAAGCAAGTCAATTT,11,4360483
yadI_predicted,7.8,42,4,ATTTGAGGTAATCGGTCCAA,38,4359305
yadI_predicted,4.6,26,4,ATTGTTTGTTCATGTCCCCT,22,4306625
yadI_predicted,6.2,34,4,ATTCCATGATCTTTTATACT,30,4342197
yadI_predicted,4.6,26,4,ATTATTGTGCCGCGGAGGTT,22,4350071
yadI_predicted,2.6,16,4,ATTATCGTACACCTCCTACA,12,4342824
yadI_predicted,7.6,41,4,ATTAGTTTTGGTTCTCTACT,37,4330986
yadI_predicted,3.6,21,4,ATGTTCCATAACTCCACCTC,17,4341948
yadI_predicted,2.2,14,4,ATGTGGGTCCTCTCAATTGA,10,4288371
yadI_predicted,3.4,20,4,ATGGCCGACAAGAGGGTTTT,16,4323744
yadI_predicted,0.8,7,4,ATGCTTCACCATTTCCGGGA,3,4301417
yadI_predicted,1.2,9,4,ATGCACACGTGAGGTACAGT,5,4298036
yadI_predicted,3.8,22,4,ATCTACGCGTGGTCTTCCAA,18,4346876
yadI_predicted,0.4,5,4,ATCTACACTGATATACAGTC,1,4343671
yadI_predicted,3.4,20,4,ATCCGTTTGGTGTTTCGTCC,16,4359587
yadI_predicted,6.0,33,4,ATCCAGAGTGACTATCCGCT,29,4366742
yadI_predicted,0.4,5,4,ATATTCCAATCCTGGTTACA,1,4341255
yadI_predicted,2.2,14,4,ATATCCTTCCTAAGCATCCC,10,4329950
yadI_predicted,4.2,24,4,ATACTCGATGTTTTCAAGAA,20,4319814
yadI_predicted,7.4,40,4,ATACGCACCTACGTCGGGTG,36,4306006
yadI_predicted,0.4,5,4,ATACAGGCGATTGCCAACGT,1,4327981
yadI_predicted,0.8,7,4,ATAACCCGATAAAGTTTGCT,3,4366188
yadI_predicted,3.4,20,4,AGTTCGTTTATTGACACAAC,16,4352375
yadI_predicted,5.6,31,4,AGTTCACCCACCCAGGTTTC,27,4336706
yadI_predicted,4.4,25,4,AGTGCGTAGTTGATCGGCTT,21,4361970
yadI_predicted,3.4,20,4,AGTCTAGCCGGCATTATACT,16,4351962
yadI_predicted,3.2,19,4,AGTCGTTGAACTAAAGTGCA,15,4345556
yadI_predicted,0.4,5,4,AGTATGGCAATGTACTCCGA,1,4330871
yadI_predicted,1.6,11,4,AGGTCTACCATTATCAAGTT,7,4298537
yadI_predicted,2.8,17,4,AGGTAGTCATATCGGTACCT,13,4287871
yadI_predicted,3.4,20,4,AGGTAACATAGCGAGTTCCC,16,4337317
yadI_predicted,6.2,34,4,AGGGTAAAGTCCAGGCGCCC,30,4300205
yadI_predicted,6.0,33,4,AGGGGCTACACGTGATGGCA,29,4358931
yadI_predicted,3.2,19,4,AGGGCGGCGAGCTTTCTTTA,15,4363416
yadI_predicted,2.4,15,4,AGGGAACCTCCCAACGTGGG,11,4301620
yadI_predicted,2.4,15,4,AGGCAGTTTAGTCGTGATTG,11,4350271
yadI_predicted,3.8,22,4,AGGAGGGACAACCGCCGTCG,18,4296283
yadI_predicted,2.4,15,4,AGCTTCGATGCTTATACGTA,11,4289348
yadI_predicted,1.2,9,4,AGCAGGGGTACTAAGACGCC,5,4355378
yadI_predicted,4.0,23,4,AGATTATTCTCTATTATCCT,19,4361032
yadI_predicted,3.0,18,4,AGATGGTATGCTCCACGGGT,14,4325136
yadI_predicted,5.2,29,4,AGATGAATACAGGACCAGCA,25,4301797
yadI_predicted,3.0,18,4,AGATGAAACGCGGTTTTGAA,14,4355229
yadI_predicted,0.4,5,4,AGAGTGGCCCCCGAAGGCCG,1,4315745
yadI_predicted,4.4,25,4,AGAGCTATCGCCTCTACCTT,21,4285743
yadI_predicted,2.6,16,4,AGACAATATTATACTCAAAA,12,4356653
yadI_predicted,23.4,120,4,ACTGTCTTCGCTGCGAGTCC,116,4364944
yadI_predicted,0.8,7,4,ACTCATTATAGCGAATGAGG,3,4305255
yadI_predicted,4.2,24,4,ACGTCGATCTCGAGTAAGGT,20,4342692
yadI_predicted,4.2,24,4,ACGGTCCGAAGGCTAAGCGC,20,4328076
yadI_predicted,0.4,5,4,ACGGCGTGCTAGGCCACCGC,1,4332136
yadI_predicted,10.2,54,4,ACGGAATCCGAAGGAAACTC,50,4314821
yadI_predicted,6.4,35,4,ACGCTGAACATATTGAGGGA,31,4350412
yadI_predicted,1.2,9,4,ACGCGATTTCCCGAAAATCG,5,4291862
yadI_predicted,2.2,14,4,ACGCAATCTAGCGGACATCC,10,4306616
yadI_predicted,7.4,40,4,ACGAGGAGCGACATCCTATA,36,4363959
yadI_predicted,2.4,15,4,ACGACAAAAACAAGCCATGG,11,4298248
yadI_predicted,0.8,7,4,ACCTCGTCGTGTTTGTAAGG,3,4322798
yadI_predicted,4.6,26,4,ACCGACAGCTTTGTATCACC,22,4339292
yadI_predicted,4.0,23,4,ACCCCGTTTTTATCTGGTTT,19,4324986
yadI_predicted,0.4,5,4,ACCCATTGGGCAGATCGCTC,1,4296610
yadI_predicted,0.4,5,4,ACCATCGCTAAGTTCTTGAG,1,4325620
yadI_predicted,0.8,7,4,ACCAGTTCTACGAAGAAGAC,3,4318585
yadI_predicted,3.4,20,4,ACCACCTGCCAGGAAGATAG,16,4325495
yadI_predicted,2.0,13,4,ACCACCACGGGTTCAAGGAA,9,4339625
yadI_predicted,0.4,5,4,ACATGTGTGGGAAGCGTGGC,1,4338054
yadI_predicted,4.8,27,4,ACATGTATAAGTGCTCCGGA,23,4350204
yadI_predicted,5.8,32,4,ACATCATTCGAGTTTGTCTT,28,4310932
yadI_predicted,3.0,18,4,ACATATAATAAGTGTTGTTA,14,4296030
yadI_predicted,1.4,10,4,ACAGCAAGTCACTCCTTGTA,6,4357758
yadI_predicted,0.4,5,4,ACAATGGTACTATGATTGAG,1,4366530
yadI_predicted,4.0,23,4,ACAACGGCCTGTAATCTTGC,19,4342853
yadI_predicted,2.8,17,4,AATGGTCGGTTCAATGACCT,13,4316051
yadI_predicted,9.8,52,4,AATGGCATCAGTGAATGTCT,48,4338635
yadI_predicted,0.8,7,4,AATCCAGATTGAGATCTAGA,3,4362791
yadI_predicted,3.6,21,4,AATATATTGCGACTTTATAA,17,4306791
yadI_predicted,2.6,16,4,AAGCACACCCGGACGATAGA,12,4340341
yadI_predicted,1.0,8,4,AACTTCCTAGGGGGGCGCCA,4,4316580
yadI_predicted,4.2,24,4,AACTTAGGACCGATCATGTA,20,4364865
yadI_predicted,0.4,5,4,AACTGAACATTAATGGTATT,1,4321017
yadI_predicted,5.0,28,4,AAACTCTCACTTCGAAGCAT,24,4322302
yadI_predicted,2.0,13,4,AAACCTTGTAAATCTGCGAA,9,4292034
yadI_predicted,1.0,8,4,AAAACACGCCCACCAACCGA,4,4309584
yadI_predicted,6.5,28,3,TTTTTCGATCCTCCGATTTG,25,4307314
yadI_predicted,6.5,28,3,TTTTTAGAGTGACGGTAGAT,25,4321441
yadI_predicted,1.0,6,3,TTTTCAGTCTTCAGAGGATC,3,4310967
yadI_predicted,2.75,13,3,TTTGTTAGACACGTTGTCAA,10,4313642
yadI_predicted,3.0,14,3,TTTGTCCAGCTGCGACGGTT,11,4331089
yadI_predicted,0.5,4,3,TTTGGAATAGCTGATCACAG,1,4360327
yadI_predicted,4.75,21,3,TTTCAACGTCATAGTTTTTC,18,4315751
yadI_predicted,0.5,4,3,TTTAAAGGTTACGGCTGAAT,1,4358347
yadI_predicted,5.0,22,3,TTGTAAAGATTGTATGACAG,19,4329612
yadI_predicted,0.5,4,3,TTGAGTCTAGGTGTGACTTG,1,4335323
yadI_predicted,3.75,17,3,TTCGAGGCTGGGAAATGTAC,14,4319216
yadI_predicted,2.25,11,3,TTCCGACGTATAGTTGCTGG,8,4359759
yadI_predicted,1.5,8,3,TTCCCCAAAGTAATGAGTGC,5,4295450
yadI_predicted,7.0,30,3,TTCAGCCTAGCTTTCATCGA,27,4304431
yadI_predicted,1.75,9,3,TTCACCACACGGAGCCTCCT,6,4337393
yadI_predicted,0.75,5,3,TTCACAGGAATTGTTGGTGC,2,4353537
yadI_predicted,1.25,7,3,TTATTTCCGAACAGCTCTCC,4,4316350
yadI_predicted,1.75,9,3,TTATTAGAGCGTAGGGTCGC,6,4290435
yadI_predicted,5.0,22,3,TTATCTGTAGTTTCACGATC,19,4331813
yadI_predicted,0.75,5,3,TTATCAGTTGCATAGAAGAT,2,4356952
yadI_predicted,4.5,20,3,TGTACAACGTTTTTTATGGA,17,4285468
yadI_predicted,6.25,27,3,TGGGCTGGCCGGCAAAACGT,24,4323612
yadI_predicted,7.0,30,3,TGGATTCATCAGGTGTGCCA,27,4355851
yadI_predicted,15.75,65,3,TGCTGGAAGGGGGACTAGCT,62,4323736
yadI_predicted,7.25,31,3,TGCTGCCCCAGCAGAACGTG,28,4356716
yadI_predicted,2.25,11,3,TGCTCGTCCTGGGGTCCCTT,8,4369249
yadI_predicted,10.5,44,3,TGCTAGGTGATCGATTGCCA,41,4368910
yadI_predicted,0.5,4,3,TGCTAGGGTGTGACAGATTT,1,4306705
yadI_predicted,5.5,24,3,TGCTACATATTCTTTAAACC,21,4346183
yadI_predicted,0.5,4,3,TGCGGTCTATCGTTGGGGCA,1,4366933
yadI_predicted,6.25,27,3,TGCATTCTCACCTTGGTCCC,24,4307751
yadI_predicted,0.75,5,3,TGATGTTTCAGGGAACCAAT,2,4339279
yadI_predicted,9.25,39,3,TGATCCCTTTGTAAGCACAG,36,4340918
yadI_predicted,0.75,5,3,TGATCCCCGGGACCTAAAAT,2,4352575
yadI_predicted,8.0,34,3,TGAGGTTTGGATCGGGGTGT,31,4324021
yadI_predicted,2.75,13,3,TGAGCTCATTAGGTACTTTC,10,4337104
yadI_predicted,5.75,25,3,TGAGCTATGACCATTGACTT,22,4307546
yadI_predicted,2.75,13,3,TGACTGCCGAGCTCGCACTA,10,4287941
yadI_predicted,3.0,14,3,TGAAGTCGTATTCTCCTTTG,11,4322464
yadI_predicted,1.5,8,3,TCTTCAGTAGTCCCCCCAGT,5,4318723
yadI_predicted,1.25,7,3,TCTTCAACCGCACATCGAAA,4,4325573
yadI_predicted,4.5,20,3,TCTGACCGTAGCCGGGCACA,17,4368723
yadI_predicted,3.5,16,3,TCTACACGGGTGGTTATGAG,13,4289282
yadI_predicted,5.5,24,3,TCGTTATGGGTTAGGCCCAG,21,4287229
yadI_predicted,0.5,4,3,TCGCCGGTCACAAGTGTCCT,1,4303932
yadI_predicted,0.75,5,3,TCGCAAGCTTACAATGGTAC,2,4294700
yadI_predicted,1.0,6,3,TCGAGGCTTGGCGATGTCTC,3,4365561
yadI_predicted,4.75,21,3,TCCTGGTATCTCCGTGTGCA,18,4328464
yadI_predicted,8.0,34,3,TCCGTCACACGAAGTCAGCA,31,4331312
yadI_predicted,1.5,8,3,TCCGGTATCTTCTTAGTTGT,5,4345953
yadI_predicted,8.0,34,3,TCCGGCGGTTATGATAACCT,31,4332861
yadI_predicted,4.5,20,3,TCCCAGGACGATACTCGACC,17,4342039
yadI_predicted,8.5,36,3,TCCAGTGGCCCCGTGTATCT,33,4320390
yadI_predicted,2.0,10,3,TCCAGCACTAGACGGAGTCT,7,4290726
yadI_predicted,2.5,12,3,TCCAACTGCCAGAGTTTACG,9,4368872
yadI_predicted,6.25,27,3,TCATTGTTGAGCGGCGTCCG,24,4345095
yadI_predicted,2.0,10,3,TCATCTCTATCATTGCCTGA,7,4292470
yadI_predicted,8.25,35,3,TCAGCAATGACGCAAACTAT,32,4304961
yadI_predicted,5.25,23,3,TCAGACTCGCACTAGATCTT,20,4363179
yadI_predicted,0.75,5,3,TCACTGCAGGCCTCCGATCA,2,4369500
yadI_predicted,3.75,17,3,TCACGGCAACCCTTCTTAGC,14,4334080
yadI_predicted,5.25,23,3,TCACGCCTGTATGTAGACCA,20,4312685
yadI_predicted,6.5,28,3,TATTGCCAATATTTAACGCC,25,4311413
yadI_predicted,9.0,38,3,TATGGATAAGCAAATACTAG,35,4328082
yadI_predicted,5.5,24,3,TATCTAGCACGGTTTTAATA,21,4326782
yadI_predicted,3.0,14,3,TATCGTAATGTTGATACCCA,11,4347996
yadI_predicted,2.0,10,3,TATATTGCGATGGTCGATCC,7,4293386
yadI_predicted,5.0,22,3,TATATCTTTGAACATGGGTG,19,4338218
yadI_predicted,4.5,20,3,TAGGGGCGGCTCTGTTCAAC,17,4361928
yadI_predicted,7.75,33,3,TAGGATGTAACCCCGTCAAT,30,4297724
yadI_predicted,1.5,8,3,TAGGATAGGCGTTAGTGGCA,5,4332942
yadI_predicted,12.25,51,3,TAGATTCAAAGGGTGCGTTT,48,4351949
yadI_predicted,0.5,4,3,TAGAGGGAGTTTATCCTTGT,1,4366610
yadI_predicted,8.5,36,3,TAGAATGTGACTTCCCGTGA,33,4300521
yadI_predicted,3.75,17,3,TACTCTGGGCGTAACACGCG,14,4325061
yadI_predicted,7.75,33,3,TACGTTCAAAGCCTATACAA,30,4314684
yadI_predicted,2.5,12,3,TACGAAACGTCTTCAGGATT,9,4353089
yadI_predicted,5.0,22,3,TAATTCTTCAGCGTATTTGG,19,4350754
yadI_predicted,5.25,23,3,TAATTAACGGGCGCGGCCTG,20,4309218
yadI_predicted,4.5,20,3,TAACAAGGGTCGGTCACGGC,17,4328854
yadI_predicted,3.25,15,3,TAAATACCCGGCTAAAGACC,12,4328154
yadI_predicted,3.25,15,3,GTTTACTTATTATAACCACT,12,4368622
yadI_predicted,4.75,21,3,GTTGCGGCTGCCCCCCATAC,18,4286677
yadI_predicted,0.5,4,3,GTTGAGTGACTAGAAAGGAC,1,4352695
yadI_predicted,3.5,16,3,GTTCACGGATGTCAGAGCGC,13,4296031
yadI_predicted,9.0,38,3,GTTCACAGCAATACTACTAT,35,4284152
yadI_predicted,1.0,6,3,GTTAAGTCGTCATCGTCTGA,3,4354007
yadI_predicted,7.5,32,3,GTGTCCGTCTGTACGCCGGT,29,4292377
yadI_predicted,1.5,8,3,GTCTTATGTCCACCAGCGGA,5,4350119
yadI_predicted,5.25,23,3,GTCTCATCGGTCTTTAGATG,20,4306570
yadI_predicted,4.75,21,3,GTCCTTGTATCGGATTGGAT,18,4297403
yadI_predicted,2.0,10,3,GTCCGTGTCCCACCAACCCC,7,4345968
yadI_predicted,0.5,4,3,GTCATAGTTCCCCATCGTGT,1,4361289
yadI_predicted,0.5,4,3,GTCAGAACACTTACCCCGGC,1,4315860
yadI_predicted,1.5,8,3,GTCACTGGAGACAAGCGTAT,5,4309254
yadI_predicted,10.75,45,3,GTCAATGTACGAATCTTGTG,42,4364938
yadI_predicted,9.25,39,3,GTAGCCGACTGTAGGGGCCT,36,4297690
yadI_predicted,0.5,4,3,GTAGAGCAGGTACTTTGGTA,1,4328517
yadI_predicted,7.25,31,3,GTAAGTACATTAAAAGATCT,28,4361601
yadI_predicted,2.5,12,3,GTAAGACACTACAGGAAACA,9,4328450
yadI_predicted,9.25,39,3,GTAACGGGTTCAGCCACCAT,36,4288852
yadI_predicted,0.5,4,3,GGTTTCGTCTCAACAGGGCG,1,4294547
yadI_predicted,1.5,8,3,GGTTGTATTCATGGCTCTGT,5,4338188
yadI_predicted,6.25,27,3,GGTTCGCCACTCAATAAACA,24,4357662
yadI_predicted,11.5,48,3,GGTCTAGTGTCATACCAGAT,45,4285302
yadI_predicted,5.25,23,3,GGTAACAGTGCTCGTCCGGT,20,4302191
yadI_predicted,1.5,8,3,GGGTGTGCTTAAGATCACGC,5,4346184
yadI_predicted,4.75,21,3,GGGTCCAGTAGTGTCGCGGG,18,4300346
yadI_predicted,1.5,8,3,GGGGGCTCGCGGTAATAACA,5,4329378
yadI_predicted,3.0,14,3,GGGCTGTCTCGGCCTCGGAC,11,4301566
yadI_predicted,3.0,14,3,GGGCTACAGCCACGACAACC,11,4362879
yadI_predicted,3.75,17,3,GGGCATTTACTCAGGCTTGA,14,4334093
yadI_predicted,0.75,5,3,GGGAGTGTGAAGAGATGAAT,2,4300158
yadI_predicted,0.75,5,3,GGGACCATTTGTCTGCCATG,2,4320048
yadI_predicted,19.5,80,3,GGCTGTCCTTTGGATAGTAG,77,4288785
yadI_predicted,3.25,15,3,GGCTACATCTAGTTGTGAGA,12,4336846
yadI_predicted,1.75,9,3,GGCGCCTCGCAATGTCCCGG,6,4327894
yadI_predicted,5.0,22,3,GGCCCGATGTTCGTTGCAAA,19,4329216
yadI_predicted,3.0,14,3,GGATCGCCATCGTGATCATG,11,4292199
yadI_predicted,8.0,34,3,GGACAAGTACGCGGAGCCGT,31,4301861
yadI_predicted,2.5,12,3,GGAATTAACTTGATCGCCGT,9,4309975
yadI_predicted,8.5,36,3,GCTTGCGGTAGTCTCTTCAG,33,4294016
yadI_predicted,3.0,14,3,GCTTCGTTTCATGAAAACAT,11,4310829
yadI_predicted,3.5,16,3,GCGTTACGTGAACACCGTTA,13,4355859
yadI_predicted,1.0,6,3,GCGGGGAGTGAGTCGGGCTA,3,4326020
yadI_predicted,3.5,16,3,GCGCGTTCTGAAATGGTGTA,13,4316650
yadI_predicted,1.0,6,3,GCGATGATATAAGAAGACCT,3,4315283
yadI_predicted,2.0,10,3,GCCTAGTGTTCCTGTGAAAG,7,4320741
yadI_predicted,6.5,28,3,GCCGCGCGAGTGAGCGTCCC,25,4298341
yadI_predicted,0.5,4,3,GCCGACCAGGCAAGTACGTG,1,4332465
yadI_predicted,3.0,14,3,GCCCTTAATAGCAAGAGACA,11,4325207
yadI_predicted,0.75,5,3,GCCATTCTGCAGGTAGTGTC,2,4356715
yadI_predicted,0.5,4,3,GCCATCTGGTCATGTTTGAT,1,4366075
yadI_predicted,5.75,25,3,GCCATCGCGGACAGATCAAA,22,4300319
yadI_predicted,2.0,10,3,GCCACCCCCGTGAGGCTCCC,7,4330886
yadI_predicted,5.25,23,3,GCATTTCTGGATAACCCTTA,20,4358174
yadI_predicted,4.5,20,3,GCATTAACATTCGCTATACC,17,4294984
yadI_predicted,3.75,17,3,GCAGGTCATAAGGTGCGATA,14,4355486
yadI_predicted,11.5,48,3,GCACTCTAACCCGACTTGGA,45,4341501
yadI_predicted,12.0,50,3,GCAAGGACCGATTACAATGA,47,4329080
yadI_predicted,2.5,12,3,GCAACCCACGGTCATTCCGT,9,4317988
yadI_predicted,0.5,4,3,GCAAAAACACTGGATGTGTG,1,4315984
yadI_predicted,4.25,19,3,GATTTTTCATCGGTGATAAA,16,4301104
yadI_predicted,0.5,4,3,GATTCGTCAGGAGGGGATCG,1,4317377
yadI_predicted,0.75,5,3,GATTATGTCCTTCTTGCATC,2,4340360
yadI_predicted,0.75,5,3,GATGCCGCAGCGCTCCGGCT,2,4310419
yadI_predicted,4.25,19,3,GAGTAAATACAGTTTAGCGT,16,4293161
yadI_predicted,0.5,4,3,GAGGCTTGGAATGTGGGTGT,1,4329980
yadI_predicted,3.5,16,3,GAGGATGGCTAGGCTTGCCA,13,4321086
yadI_predicted,4.25,19,3,GAGCCATTAGATATCACTCG,16,4368630
yadI_predicted,1.0,6,3,GAGATCTTGAATTTTTACTC,3,4361284
yadI_predicted,2.25,11,3,GAGATCAAGAAAGGTCGAAA,8,4342611
yadI_predicted,7.25,31,3,GAGAGGCTTAGGGGAAGATA,28,4304432
yadI_predicted,18.25,75,3,GAGAGGATCCTAGATGTCTT,72,4292940
yadI_predicted,1.25,7,3,GACTCGCAAGCAGTTGTCAA,4,4295580
yadI_predicted,1.25,7,3,GACGTTGGCTCGTATAGTAA,4,4327165
yadI_predicted,2.75,13,3,GACCATGTCTTAGAGACCTT,10,4339500
yadI_predicted,6.0,26,3,GACCAGCGCGGTGTCACATG,23,4305060
yadI_predicted,4.5,20,3,GAATTGGATTTTCGACTGTA,17,4286137
yadI_predicted,1.75,9,3,GAAGGTCTCATCGCACATGA,6,4359244
yadI_predicted,6.5,28,3,GAAATACCTGTTTTGTGGTT,25,4339605
yadI_predicted,0.5,4,3,GAAATAAGGCTGTTTGTACT,1,4365952
yadI_predicted,3.25,15,3,GAAAGCCCCCTTTCACGGCA,12,4337939
yadI_predicted,4.25,19,3,CTTTTCATGTCTTCTGCTAG,16,4339179
yadI_predicted,0.5,4,3,CTTTTATCGGCACGCTATCT,1,4297087
yadI_predicted,7.5,32,3,CTTGTGAACGACTCGATCCT,29,4340454
yadI_predicted,0.5,4,3,CTTCGGGTAGTGTGACAGCG,1,4288923
yadI_predicted,0.5,4,3,CTGTAGGGACGTCGATGCTC,1,4335697
yadI_predicted,2.0,10,3,CTGGTTCGCGAATTCTTACG,7,4360687
yadI_predicted,6.5,28,3,CTGGTGGCCAATCGGATCTA,25,4290467
yadI_predicted,13.5,56,3,CTGGACGTATCTGGGGTTTT,53,4369157
yadI_predicted,3.0,14,3,CTGCCGGGTGACAGTGTGAA,11,4364919
yadI_predicted,4.25,19,3,CTGCCATGAGCTCTACTATC,16,4300259
yadI_predicted,3.5,16,3,CTGAGGCCGAACGGGTGATA,13,4288159
yadI_predicted,0.5,4,3,CTCTTTCATTCTCGCATGCT,1,4293038
yadI_predicted,4.0,18,3,CTCTTAAATTGACCTCACTA,15,4285189
yadI_predicted,3.0,14,3,CTCTGAAGCTAATAGCAAAG,11,4307817
yadI_predicted,1.5,8,3,CTCGGCTTTCAAGTGCGATC,5,4296407
yadI_predicted,5.25,23,3,CTCCGACCGCTGTGGTTCAA,20,4363380
yadI_predicted,3.5,16,3,CTCACTACGCAAAGTTACTG,13,4291859
yadI_predicted,1.5,8,3,CTATTTCTGTCACAGGGCTG,5,4342572
yadI_predicted,2.75,13,3,CTAGCCGCAGTAGGACGAAG,10,4349646
yadI_predicted,1.75,9,3,CTAGATGCGGGCATCCTGAA,6,4312364
yadI_predicted,1.0,6,3,CTAGACCCTCTTGCCAGGAC,3,4344101
yadI_predicted,0.5,4,3,CTACTTTGTGGTGTCAACGT,1,4299086
yadI_predicted,13.0,54,3,CTACTTTGCTGGGTTTGACG,51,4329739
yadI_predicted,4.75,21,3,CTACCGCCCTCCGTTAGGGG,18,4343625
yadI_predicted,9.5,40,3,CTACCATTTGAGTGGATATA,37,4305839
yadI_predicted,0.5,4,3,CTAATTGCCCCCTAATGCTC,1,4286406
yadI_predicted,1.5,8,3,CGTTGTTATAACTCTACCGG,5,4308025
yadI_predicted,0.75,5,3,CGTGCGGCTCATCAAGCCAC,2,4362045
yadI_predicted,2.5,12,3,CGTCTGTATGACGTTCTATA,9,4314552
yadI_predicted,0.5,4,3,CGTCGCTCCAAAAACTGCTC,1,4285306
yadI_predicted,0.75,5,3,CGTCAAAACCCAGTATACAC,2,4320274
yadI_predicted,2.0,10,3,CGTAGGATCACGCGAACACA,7,4361477
yadI_predicted,3.5,16,3,CGTAACCTACATGTATATCT,13,4303552
yadI_predicted,3.0,14,3,CGGTTTGACACATTGGGAAC,11,4291176
yadI_predicted,6.75,29,3,CGGTTTAGGCGTCCCTAAGA,26,4320867
yadI_predicted,6.5,28,3,CGGTGGACTCGAGTGGCCGG,25,4287471
yadI_predicted,3.5,16,3,CGGGAAGGATAGTAAATAGG,13,4304623
yadI_predicted,6.25,27,3,CGGATTGTTGCAAGGATAGG,24,4349121
yadI_predicted,5.5,24,3,CGGATTCTGGCAGTGCGTAT,21,4357301
yadI_predicted,2.0,10,3,CGGACCGGCCCTTGGGAGTG,7,4353001
yadI_predicted,1.0,6,3,CGCTTGACCTCATTTAGTAG,3,4313164
yadI_predicted,8.0,34,3,CGCTCTTTCGCCTCTTATCA,31,4312300
yadI_predicted,5.5,24,3,CGCCTGCCAATCTAGACAGT,21,4286558
yadI_predicted,3.5,16,3,CGCATGTCCTAAACACTGTC,13,4312801
yadI_predicted,4.0,18,3,CGCACATTAATAGTTGACTG,15,4342526
yadI_predicted,2.25,11,3,CGATTGGGAACGGGGATGAA,8,4329796
yadI_predicted,4.0,18,3,CGAGTATGCCGCACCCTATC,15,4326294
yadI_predicted,0.5,4,3,CGAGATTCTGATGGCACATT,1,4363947
yadI_predicted,2.25,11,3,CGAGAGTGCTTACAAGTTCC,8,4308795
yadI_predicted,0.5,4,3,CGAGAGGGTTGTGATTCCCT,1,4321997
yadI_predicted,0.5,4,3,CGAGAGGGCTAAGCTCAAAA,1,4367698
yadI_predicted,2.25,11,3,CGACGCAGAATACAAAAGAC,8,4293975
yadI_predicted,0.5,4,3,CGACCAGGAGATCTCAGTCT,1,4310057
yadI_predicted,0.5,4,3,CGACAACACGGGTCCGTGGT,1,4313225
yadI_predicted,4.0,18,3,CGAATGAAAAAACTCCATCA,15,4330423
yadI_predicted,5.5,24,3,CGAACTCCGCACGACATGTA,21,4292067
yadI_predicted,3.25,15,3,CCTTTATTGATTATTCAGTG,12,4358986
yadI_predicted,7.5,32,3,CCTGTTTGATATCTATATCC,29,4313460
yadI_predicted,1.0,6,3,CCTGTAATCTAGGCGCCCGC,3,4356979
yadI_predicted,2.0,10,3,CCTGACTCCGTTGGTGTGCT,7,4331271
yadI_predicted,5.75,25,3,CCTAGGCGTTTACGCTACAG,22,4327677
yadI_predicted,14.5,60,3,CCGCATTCGAGCCCTAAACT,57,4296630
yadI_predicted,6.0,26,3,CCGCAATACAGAGTCTTAAA,23,4330154
yadI_predicted,3.5,16,3,CCGAAGGTAGACAAATCGGG,13,4297711
yadI_predicted,2.75,13,3,CCGAAAGTATGAAATCTGGC,10,4346855
yadI_predicted,1.5,8,3,CCCTTCCTATTTTTCTGACC,5,4321392
yadI_predicted,0.5,4,3,CCCTGCGGCCTGCTCACAGA,1,4344037
yadI_predicted,5.0,22,3,CCCTCTTAGCCTAGAACATG,19,4297664
yadI_predicted,3.0,14,3,CCCTCGTCAGGGAAAGCTCT,11,4369875
yadI_predicted,0.5,4,3,CCCGCAGGAGGGCGAGCCAC,1,4342161
yadI_predicted,4.5,20,3,CCCGACGTACGTATCCAAAT,17,4359096
yadI_predicted,2.75,13,3,CCCCGTTGCGCTACGGGAAA,10,4327550
yadI_predicted,5.5,24,3,CCATCATTGGCCGGAGGATC,21,4302523
yadI_predicted,4.75,21,3,CCACTACTGTGTAGTTTATC,18,4323060
yadI_predicted,6.0,26,3,CATCAGGATTAAAGGCCGCT,23,4347011
yadI_predicted,5.25,23,3,CAGTTGCTCGGTGTGGCAAA,20,4368670
yadI_predicted,3.25,15,3,CAGGAGTCATTCGCTGGAAG,12,4286126
yadI_predicted,1.0,6,3,CAGCCACTGCACCATCAAGA,3,4332128
yadI_predicted,2.25,11,3,CAGATTCAGGGTTTTCAAGC,8,4326983
yadI_predicted,2.5,12,3,CAGATAATACATAAGCCAGT,9,4285005
yadI_predicted,3.0,14,3,CAGAATGGGATGCGTACTTT,11,4354880
yadI_predicted,0.5,4,3,CACATGGAGATATCAGTACG,1,4320688
yadI_predicted,5.75,25,3,CACACTGCGTCCGACGACGC,22,4321802
yadI_predicted,0.5,4,3,CACACGGTATCAATTGATGG,1,4312384
yadI_predicted,4.25,19,3,CACAAAGTCCTAAGGACCGT,16,4336205
yadI_predicted,11.0,46,3,CAATTGTTTCATGCATCTTA,43,4289920
yadI_predicted,2.5,12,3,CAATAGCCAGTAATGTACAA,9,4319882
yadI_predicted,3.25,15,3,CAAGCGGGCTCCTCATCTCA,12,4355800
yadI_predicted,10.75,45,3,ATTGAGCTCGTACTGCCCGA,42,4367216
yadI_predicted,5.25,23,3,ATTCGTATGAGTGGTGTAGA,20,4359705
yadI_predicted,1.75,9,3,ATTCCGTATATCAGATCGTC,6,4326168
yadI_predicted,8.5,36,3,ATTCAGAAGGACCAACTAGC,33,4297232
yadI_predicted,12.5,52,3,ATTAGTGCAGTGGAGTGAAA,49,4285609
yadI_predicted,10.75,45,3,ATTAGAACCTCTCGTGGGGT,42,4286577
yadI_predicted,0.5,4,3,ATGTTAGGTCCAAACAATCT,1,4349315
yadI_predicted,7.75,33,3,ATGTATGGCGTGAACACGCA,30,4342830
yadI_predicted,4.25,19,3,ATGCCGGCGCGCCACTTCTT,16,4350237
yadI_predicted,3.5,16,3,ATGCAATAGGACCGGTCATC,13,4338355
yadI_predicted,6.0,26,3,ATGACTCACCCAAACTAGCA,23,4307665
yadI_predicted,6.25,27,3,ATCCTCTATGGACACCGGTT,24,4368750
yadI_predicted,1.75,9,3,ATCCTCACTGCGTATGGGTA,6,4324883
yadI_predicted,2.25,11,3,ATCAGGCTCGCTCCCATCCT,8,4341675
yadI_predicted,3.25,15,3,ATCAGCATCTCCAATCAGAT,12,4347452
yadI_predicted,7.5,32,3,ATCACAGCTAACCCGTAGAC,29,4331036
yadI_predicted,2.0,10,3,ATCAATTTAACATATAGAGC,7,4313374
yadI_predicted,3.0,14,3,ATATTCCCCTATAAAGCACT,11,4315885
yadI_predicted,18.25,75,3,ATATCTGAAATACCTCAGGA,72,4300260
yadI_predicted,0.75,5,3,ATAGCTAAACTCGCGGTGGA,2,4337452
yadI_predicted,2.0,10,3,ATAGACATGTTGCCCATGTG,7,4329178
yadI_predicted,6.0,26,3,ATACTAGGGGACTAACCCGG,23,4316641
yadI_predicted,1.75,9,3,AGTTTTTGTGCGGGTATGAG,6,4327045
yadI_predicted,3.25,15,3,AGTTTGATTATAGAATCGGA,12,4292578
yadI_predicted,1.25,7,3,AGTCATGGCGCCCGAGAGAG,4,4321478
yadI_predicted,2.75,13,3,AGTAGTCGTTCTGATGAAAA,10,4347618
yadI_predicted,8.25,35,3,AGGTGCAGCCAGCCCCACCT,32,4343362
yadI_predicted,7.75,33,3,AGGCGGGGTCGAACGGGACG,30,4296134
yadI_predicted,7.75,33,3,AGCTATGGCAGTTGGCCAAG,30,4349536
yadI_predicted,4.5,20,3,AGCCTCAAATTGTGGAAATT,17,4343787
yadI_predicted,12.25,51,3,AGCCATCCGTCGTTGCCGTA,48,4294868
yadI_predicted,0.5,4,3,AGCCAATCCTGAAATTCGCG,1,4298904
yadI_predicted,1.0,6,3,AGCAGTTCAGGGATGTTTAT,3,4314487
yadI_predicted,3.75,17,3,AGATTTCTAGCCATCTCGCC,14,4337691
yadI_predicted,0.5,4,3,AGAGTGCTAGGGCTCTACAG,1,4296225
yadI_predicted,1.5,8,3,AGAGCTGCAGTGCCACTTGT,5,4291202
yadI_predicted,6.0,26,3,AGAATCGTTAGATTAGAACA,23,4360778
yadI_predicted,1.0,6,3,AGAATATATCTACTTCCTGA,3,4319269
yadI_predicted,5.75,25,3,ACTGGATACGACACCAAGCA,22,4365933
yadI_predicted,1.75,9,3,ACTGCGCCTCTAAGACCGCA,6,4368176
yadI_predicted,5.75,25,3,ACTCGAACCACAAACCGGTA,22,4302208
yadI_predicted,3.5,16,3,ACTATGCGCTGGCTCTAGGG,13,4354735
yadI_predicted,1.5,8,3,ACTAATTCTGTGATTCCGGC,5,4368098
yadI_predicted,4.5,20,3,ACGTTGGGTCGCGCGTGAAA,17,4343588
yadI_predicted,5.0,22,3,ACGTGCACCAGGAAGCGATC,19,4308360
yadI_predicted,3.25,15,3,ACGTCCTCACCTGTCCTGCC,12,4290410
yadI_predicted,2.5,12,3,ACGGGATACCCAAACCACCT,9,4345839
yadI_predicted,0.5,4,3,ACGCGTACCGTTGGCCGCCA,1,4313751
yadI_predicted,2.25,11,3,ACGACTGTAGGCCGTAGGTC,8,4323707
yadI_predicted,3.75,17,3,ACGACATCCATGCACGGAAG,14,4315060
yadI_predicted,0.5,4,3,ACGAACATTGTATACATCAA,1,4365388
yadI_predicted,9.25,39,3,ACGAAATGCTTAGTATCTAT,36,4308941
yadI_predicted,4.75,21,3,ACCTCACGGTACTCTATGGA,18,4324370
yadI_predicted,1.25,7,3,ACCGTTGTCATGGCAGGGTC,4,4350232
yadI_predicted,2.75,13,3,ACCCGCCACATCTCCCACAG,10,4316433
yadI_predicted,3.0,14,3,ACCCAAACGAAGAGTAACCC,11,4299171
yadI_predicted,3.5,16,3,ACCATTGTCTGGTAAGCACA,13,4292861
yadI_predicted,6.5,28,3,ACCAGTTCGTTCTTGCGTAT,25,4315483
yadI_predicted,6.0,26,3,ACATGATGATATAAGGAGCT,23,4363037
yadI_predicted,5.25,23,3,ACAGGAAAGCTTTTCCGTAC,20,4336034
yadI_predicted,6.25,27,3,ACACCACAGTAAGCCATCTC,24,4366219
yadI_predicted,14.5,60,3,ACAATTACACCTAAGTGGAC,57,4359444
yadI_predicted,7.0,30,3,ACAACTGGCCAGCCTGAAAT,27,4288491
yadI_predicted,2.5,12,3,AATCTAGAGCCGTTAACGGC,9,4343745
yadI_predicted,4.25,19,3,AATCAGCTGACTCTCCCCCA,16,4330120
yadI_predicted,9.0,38,3,AAGGGTCCGTCTCGTGAGAT,35,4358413
yadI_predicted,15.25,63,3,AAGGATCTGGTCGTACCCGT,60,4293884
yadI_predicted,0.75,5,3,AAGGACCGACGATTCGTCTG,2,4286882
yadI_predicted,5.75,25,3,AAGCCAGGGAATGGCCTCGC,22,4331729
yadI_predicted,9.0,38,3,AACGGCTTAACGAGGGTGGA,35,4338343
yadI_predicted,3.0,14,3,AACGCCCACAATGATTTCCT,11,4284120
yadI_predicted,0.75,5,3,AACCTAACGCAGTGTGCCAA,2,4337108
yadI_predicted,1.75,9,3,AACATGTACGGCAACGGGGG,6,4290411
yadI_predicted,1.75,9,3,AACATAACTACTCTCCGGCA,6,4349630
yadI_predicted,5.5,24,3,AACAATATTGTGGAATTCAC,21,4365535
yadI_predicted,2.5,12,3,AAATGCAACTCCTCGTGTGA,9,4304125
yadI_predicted,4.25,19,3,AAAGCATAGTCGTCACTAAG,16,4362434
yadI_predicted,0.6666666666666666,3,2,TTTGTATACAACAGATCGAA,1,4349515
yadI_predicted,3.3333333333333335,11,2,TTTACACGCCTAATCATGAA,9,4328211
yadI_predicted,8.333333333333334,26,2,TTGTGTACCGCGCGATTTTC,24,4344559
yadI_predicted,5.333333333333333,17,2,TTGTCCTCATGACGGCTCTG,15,4304107
yadI_predicted,5.666666666666667,18,2,TTGTATGTGCAATTCTGTCC,16,4292220
yadI_predicted,11.0,34,2,TTGGTAGATAACGTAGAGGT,32,4289899
yadI_predicted,5.666666666666667,18,2,TTGGGTCTTATGAGCGACAG,16,4353706
yadI_predicted,18.333333333333332,56,2,TTGCTAGCCGTATGGCTACT,54,4324504
yadI_predicted,3.3333333333333335,11,2,TTCTAGGCAGGCAGAGGCAC,9,4297762
yadI_predicted,7.0,22,2,TTCGTAAAAACGCTTTTCAC,20,4300570
yadI_predicted,1.6666666666666667,6,2,TTCGCGAAGGTTCGGTCAGG,4,4287398
yadI_predicted,8.0,25,2,TTCGACATAAGTGGGCCGCT,23,4336849
yadI_predicted,1.3333333333333333,5,2,TTCGAAACCCGAGCGCAGCT,3,4335136
yadI_predicted,12.0,37,2,TTCCCGTCAAGGGCTTGGGA,35,4294853
yadI_predicted,0.6666666666666666,3,2,TTCATCGCCGATAACATACG,1,4295508
yadI_predicted,5.333333333333333,17,2,TTCACTTTAAGTCTCAGGAG,15,4294866
yadI_predicted,4.333333333333333,14,2,TTATTTTGATGACACCGGCC,12,4359246
yadI_predicted,1.0,4,2,TGTTTGTCTTTTTGTCTTCA,2,4303116
yadI_predicted,0.6666666666666666,3,2,TGTTTAGTTCCGTATGTGCC,1,4289335
yadI_predicted,4.666666666666667,15,2,TGTTGGACCAAGCACCCGGT,13,4291292
yadI_predicted,5.666666666666667,18,2,TGTTCCTCCTTTTGTTACTA,16,4300067
yadI_predicted,2.0,7,2,TGTTAGTGCCTATTACGAAA,5,4288376
yadI_predicted,9.0,28,2,TGTCGGTCAAGCCTTTTCAA,26,4321207
yadI_predicted,0.6666666666666666,3,2,TGTCGGCGGCTTCTCATTGT,1,4317846
yadI_predicted,7.333333333333333,23,2,TGTCCTGCAGCTCTTATCTC,21,4326890
yadI_predicted,4.666666666666667,15,2,TGTCATCGTCCAGTATTAGT,13,4289225
yadI_predicted,3.3333333333333335,11,2,TGGTGAACTGACCGTTGGGG,9,4360874
yadI_predicted,6.0,19,2,TGGTATGCCCCTGGTAAATA,17,4310178
yadI_predicted,4.0,13,2,TGGGCGGTACTGCCATGCCT,11,4315114
yadI_predicted,3.3333333333333335,11,2,TGGGCACACAGCCCAAGTCC,9,4353632
yadI_predicted,4.666666666666667,15,2,TGGGACCTGACGCGGACTTG,13,4292566
yadI_predicted,3.3333333333333335,11,2,TGGCCCTCCTTATAGAAGTC,9,4335062
yadI_predicted,8.333333333333334,26,2,TGCGCAAATTGTAGTTCATA,24,4359515
yadI_predicted,7.0,22,2,TGCATGGAGAGTCAAAATCA,20,4326925
yadI_predicted,8.0,25,2,TGCATCCTCCGTTTTTTCGA,23,4335481
yadI_predicted,11.666666666666666,36,2,TGATGGGGACTGGGAAACGC,34,4359915
yadI_predicted,0.6666666666666666,3,2,TGATCGGCAGGGTCTAATGA,1,4330099
yadI_predicted,9.0,28,2,TGACAGCAATATTACTTGTA,26,4353534
yadI_predicted,0.6666666666666666,3,2,TCTCTGAAGTTGTGGGTAGT,1,4287900
yadI_predicted,7.666666666666667,24,2,TCTCGGTGTGTCAGTCTAAA,22,4335635
yadI_predicted,7.666666666666667,24,2,TCTCGAATCGGTATATTTAT,22,4355015
yadI_predicted,10.666666666666666,33,2,TCTCAGGCCGCGTGGTCTTA,31,4369285
yadI_predicted,3.0,10,2,TCGCGGTCAGACGGATAACT,8,4299127
yadI_predicted,9.0,28,2,TCGCAGCAGGTGCCATCCCA,26,4311550
yadI_predicted,1.6666666666666667,6,2,TCGATTGGCCAAAGGACTCG,4,4304824
yadI_predicted,9.333333333333334,29,2,TCGAACTATGAGATCATGAA,27,4286475
yadI_predicted,10.333333333333334,32,2,TCCTAGTTGCGGAAGGGACT,30,4326412
yadI_predicted,2.0,7,2,TCCGCATAACGGGTTTTAGC,5,4359185
yadI_predicted,0.6666666666666666,3,2,TCATGTAGTCTGGTAGATCT,1,4313849
yadI_predicted,3.3333333333333335,11,2,TCACCGACCATAGGGACACC,9,4320785
yadI_predicted,6.333333333333333,20,2,TATTTTATGGTTCATACAAG,18,4365023
yadI_predicted,0.6666666666666666,3,2,TATTACTAATCGGACACTCT,1,4289922
yadI_predicted,6.0,19,2,TATGAGGAGGCGTACGACGG,17,4285793
yadI_predicted,1.6666666666666667,6,2,TATAGCTGGATTTCGCCCTG,4,4333245
yadI_predicted,7.333333333333333,23,2,TAGGGTGGGTTCCTCCGTAG,21,4332598
yadI_predicted,1.6666666666666667,6,2,TAGGCTCTCCAATACGGTGA,4,4363576
yadI_predicted,2.3333333333333335,8,2,TAGGACCTTTAATGGCTGGT,6,4329719
yadI_predicted,7.0,22,2,TAGGAACAATTCTGAAGCCC,20,4309248
yadI_predicted,12.333333333333334,38,2,TAGATGTGAAAGAATCTCTG,36,4300329
yadI_predicted,4.333333333333333,14,2,TACTTACGTCAACCCACCAA,12,4368101
yadI_predicted,6.333333333333333,20,2,TACGATATTCCCTGTACGAA,18,4284568
yadI_predicted,9.0,28,2,TACCGAGATGAATGTGGCAT,26,4353524
yadI_predicted,4.333333333333333,14,2,TACAGTCTGCCCCTGGTTCG,12,4306693
yadI_predicted,11.333333333333334,35,2,TACACGCTCAGTCGGTCTTA,33,4333814
yadI_predicted,7.333333333333333,23,2,TAATTTACTAGGTATAACCG,21,4335672
yadI_predicted,0.6666666666666666,3,2,TAATGGCTCTGTCTTCCTCT,1,4302230
yadI_predicted,3.0,10,2,GTTTACCAGCGTCAATGAAA,8,4335221
yadI_predicted,10.333333333333334,32,2,GTTGCAAGCCGATTCATGGT,30,4347860
yadI_predicted,7.0,22,2,GTTCGCGTACGGAAACCCCC,20,4306564
yadI_predicted,8.666666666666666,27,2,GTTAGTGACCTTAGGCGCAT,25,4313545
yadI_predicted,14.0,43,2,GTGTGACGTCGGTTGGGGCT,41,4337455
yadI_predicted,5.333333333333333,17,2,GTGGCTCGACATAAGTTATA,15,4343476
yadI_predicted,16.0,49,2,GTGGAAAACCATGGCAGTCG,47,4328587
yadI_predicted,2.3333333333333335,8,2,GTGCGGCGATCATCGCCAGG,6,4333801
yadI_predicted,3.0,10,2,GTGCACTAGAAACGTACGGG,8,4294428
yadI_predicted,1.6666666666666667,6,2,GTCGGCGATGCGCTGGCACT,4,4326614
yadI_predicted,7.0,22,2,GTCGCGCTCGTCAACGCTAT,20,4366239
yadI_predicted,0.6666666666666666,3,2,GTCCTTTGACGTTAAAAGTT,1,4330246
yadI_predicted,5.666666666666667,18,2,GTCAGTGGGTCAAGACGATA,16,4351336
yadI_predicted,0.6666666666666666,3,2,GTATTGAAGGTTCAATGCCC,1,4338686
yadI_predicted,4.0,13,2,GTATGCCCCAAGCGCGCATG,11,4352177
yadI_predicted,6.666666666666667,21,2,GTAGAGTAATATCTCTAGAA,19,4300399
yadI_predicted,6.0,19,2,GTAAGTAGAGTGGAAGAAAA,17,4317860
yadI_predicted,6.333333333333333,20,2,GTAAAACAGTAGCACGGTTG,18,4306161
yadI_predicted,5.666666666666667,18,2,GGTTATAGATGCAATCCTGA,16,4302383
yadI_predicted,1.0,4,2,GGTTAGGTCACATCCCCGAG,2,4287201
yadI_predicted,8.333333333333334,26,2,GGTGGGTCGTCGAATTATTG,24,4298353
yadI_predicted,6.333333333333333,20,2,GGTAAACTAGGTTGTAATCC,18,4334153
yadI_predicted,2.0,7,2,GGGTCGTTGCTTTACTTTCT,5,4333114
yadI_predicted,3.6666666666666665,12,2,GGGTCCATGTAATGACATTA,10,4359025
yadI_predicted,0.6666666666666666,3,2,GGGGTGTTCCGAAAAAGCTG,1,4365179
yadI_predicted,4.666666666666667,15,2,GGGCTTGCGTTGGTGCCAGC,13,4312876
yadI_predicted,0.6666666666666666,3,2,GGGATTAAGAATGTATCATT,1,4295301
yadI_predicted,3.3333333333333335,11,2,GGGACGCGGCAGTTCTCCAC,9,4358759
yadI_predicted,6.666666666666667,21,2,GGCTATCAGAGATCGCAGCT,19,4342678
yadI_predicted,5.0,16,2,GGCGTCTACGGATGGGGCAG,14,4304414
yadI_predicted,8.0,25,2,GGCGGATGTCGCCAGCGCTT,23,4331430
yadI_predicted,8.0,25,2,GGCAGCATTACCTTAAGGTT,23,4350721
yadI_predicted,4.666666666666667,15,2,GGATCCCAAATGCTGTCTAT,13,4347657
yadI_predicted,1.0,4,2,GGACTGTCCGTTGACTTAAA,2,4347543
yadI_predicted,10.666666666666666,33,2,GGAATGCTCATGCCTTCAGA,31,4351089
yadI_predicted,7.333333333333333,23,2,GGAACAAATCCTGGCGAACA,21,4297875
yadI_predicted,6.333333333333333,20,2,GCTTGCGAACGGAGCAGGCC,18,4325078
yadI_predicted,0.6666666666666666,3,2,GCTGCAGCGTGGTGAGCCAG,1,4290952
yadI_predicted,2.0,7,2,GCTCGTAGCGGAATTCGAAT,5,4342668
yadI_predicted,10.333333333333334,32,2,GCGTAGACGACGCCGTGATT,30,4329908
yadI_predicted,6.666666666666667,21,2,GCGGAATGACATTAAGCCCT,19,4357603
yadI_predicted,2.3333333333333335,8,2,GCGCGCCGACAGAATTTTGA,6,4320421
yadI_predicted,4.333333333333333,14,2,GCGACGACACTGCCGCGGCT,12,4368767
yadI_predicted,4.333333333333333,14,2,GCCTGGTGAGTTCCATTGGG,12,4302898
yadI_predicted,1.0,4,2,GCCTCACGGGCTACAGCAAG,2,4314677
yadI_predicted,3.3333333333333335,11,2,GCCTCAAGTGTGCTGTGGCC,9,4350428
yadI_predicted,0.6666666666666666,3,2,GCCGCTCTGCAGGGTCTAAT,1,4346126
yadI_predicted,4.333333333333333,14,2,GCCCCGGTGTGAAAGGCATC,12,4344391
yadI_predicted,3.6666666666666665,12,2,GCCAAGTGTACGATGTTCTA,10,4340026
yadI_predicted,5.0,16,2,GCATGTTGTGTGCGAAAGTC,14,4366783
yadI_predicted,7.333333333333333,23,2,GCATCATGTTGTGTATAGTC,21,4322782
yadI_predicted,6.333333333333333,20,2,GCATCAGTAGTTTATAGTTG,18,4319233
yadI_predicted,6.666666666666667,21,2,GCAGTCCCCGCAGAATACAC,19,4286876
yadI_predicted,4.333333333333333,14,2,GCAGGGCCTCGGTTTGCAGG,12,4297567
yadI_predicted,11.333333333333334,35,2,GCAGATCGGGTGCACCCCAT,33,4331277
yadI_predicted,13.333333333333334,41,2,GCAGAACCTCCGATTCACAC,39,4348693
yadI_predicted,5.666666666666667,18,2,GCACTCCGGAGCCCACACCT,16,4362250
yadI_predicted,4.666666666666667,15,2,GCACCGGGTTTTCAGGTACC,13,4318170
yadI_predicted,3.3333333333333335,11,2,GCACCCGTGACTTTTTTCTT,9,4343309
yadI_predicted,1.0,4,2,GCAAGTAAGCTGGTCATCTT,2,4301854
yadI_predicted,1.3333333333333333,5,2,GCAAATGCCCTGGTGGCACT,3,4308592
yadI_predicted,0.6666666666666666,3,2,GATTTAAAAATATATCGTGC,1,4295952
yadI_predicted,6.0,19,2,GATTGACCGGGATCGTCGAT,17,4295300
yadI_predicted,5.0,16,2,GATTCAGTGCTTTGTTGCTT,14,4348235
yadI_predicted,7.0,22,2,GATTCAGCGGAACCTAACTG,20,4317017
yadI_predicted,1.6666666666666667,6,2,GATCTTCGGCGTATCCGCCT,4,4335830
yadI_predicted,6.0,19,2,GATCGCACTTTCGTGCAAGG,17,4293972
yadI_predicted,8.0,25,2,GATCGAATGCCGCTAGCGAG,23,4341983
yadI_predicted,2.3333333333333335,8,2,GATCAACCCCATTACTGTTT,6,4341191
yadI_predicted,0.6666666666666666,3,2,GATAATCGGTAATACACACA,1,4325587
yadI_predicted,4.333333333333333,14,2,GAGTCCGAGTTGAGTTACGA,12,4364183
yadI_predicted,0.6666666666666666,3,2,GAGGTGCGCAGCAGCAGTCG,1,4303327
yadI_predicted,1.0,4,2,GAGGGGCGCGGATATCCGCC,2,4328035
yadI_predicted,2.6666666666666665,9,2,GAGCTCCACGAGCCTCTGAT,7,4324934
yadI_predicted,0.6666666666666666,3,2,GAGCAAGCATTTGCCGTGAA,1,4296525
yadI_predicted,0.6666666666666666,3,2,GACTTAATTTCCGGATATTC,1,4320378
yadI_predicted,1.0,4,2,GACGTACGTGCTATTGTAAA,2,4359586
yadI_predicted,0.6666666666666666,3,2,GACGTAATCCATCCCTCCTT,1,4352051
yadI_predicted,11.333333333333334,35,2,GACAACGGCAGAGCCTAAAC,33,4335138
yadI_predicted,8.0,25,2,GAATGGCCCGCATGGCCTCG,23,4293250
yadI_predicted,9.333333333333334,29,2,GAATAGGAACGGGATTCACT,27,4368288
yadI_predicted,5.0,16,2,GAATACGTTCTCGGAGGAGT,14,4288639
yadI_predicted,3.3333333333333335,11,2,GAACTCTTGGCACTCTATGG,9,4321620
yadI_predicted,1.6666666666666667,6,2,GAACTCCCGGTCGTCATATG,4,4342195
yadI_predicted,3.6666666666666665,12,2,GAACACCATAGGTACTCGGA,10,4318565
yadI_predicted,11.666666666666666,36,2,CTTCTAACCGATAGTTGCGT,34,4353356
yadI_predicted,7.0,22,2,CTTCAAGCGTGTCCTTCGAG,20,4343576
yadI_predicted,6.666666666666667,21,2,CTGCTTCTGGAGACCCTGAG,19,4301017
yadI_predicted,0.6666666666666666,3,2,CTGCATGTAGGCCCGTCCCT,1,4306401
yadI_predicted,10.333333333333334,32,2,CTGCAAGCACTCATACGGCG,30,4306271
yadI_predicted,0.6666666666666666,3,2,CTGATGCGAAACTCTCAGCG,1,4310065
yadI_predicted,6.333333333333333,20,2,CTGATGAATATGACTGAGGC,18,4286805
yadI_predicted,32.666666666666664,99,2,CTGAGGGCATCGAAAGCGCA,97,4321220
yadI_predicted,3.6666666666666665,12,2,CTGAGCGCAGTGACAATGGT,10,4299893
yadI_predicted,0.6666666666666666,3,2,CTCGTACTCTCTTGGACTCA,1,4362734
yadI_predicted,7.666666666666667,24,2,CTCCTTTGCCCCGCAGCCTT,22,4354593
yadI_predicted,0.6666666666666666,3,2,CTCCGCTTCAATCGGACACT,1,4351075
yadI_predicted,2.6666666666666665,9,2,CTCCCGATGACCAAGGGTAA,7,4293808
yadI_predicted,4.0,13,2,CTCCATCAGCGCGAGGGAGG,11,4358006
yadI_predicted,7.0,22,2,CTAGGCGGCTTCTCATGGAT,20,4361829
yadI_predicted,1.6666666666666667,6,2,CTAGACAGCGTGCCGTCATA,4,4331733
yadI_predicted,4.666666666666667,15,2,CTACTTTGTGCCGTCCGGTC,13,4300862
yadI_predicted,7.333333333333333,23,2,CTAAGTTCTGAGCGCGCAGA,21,4286544
yadI_predicted,8.0,25,2,CGTTGGCTGACACTATTTCT,23,4342728
yadI_predicted,4.0,13,2,CGTTCTGTCTCCAAGTTCCT,11,4291519
yadI_predicted,5.666666666666667,18,2,CGTGGCACAGTATCAGCCTA,16,4320331
yadI_predicted,7.666666666666667,24,2,CGTCCAACTACTATCTCGCC,22,4331018
yadI_predicted,5.333333333333333,17,2,CGGTGGCTGAAAGGAGGTGC,15,4286533
yadI_predicted,3.0,10,2,CGGGACAGGGTGCAGAACCT,8,4326314
yadI_predicted,5.666666666666667,18,2,CGGCCCTAAACAGAGGAGGC,16,4369135
yadI_predicted,7.0,22,2,CGGCCCCGGGTCGCCCCTGT,20,4354206
yadI_predicted,9.666666666666666,30,2,CGGCAACCTTTACTTGGAAT,28,4342328
yadI_predicted,6.666666666666667,21,2,CGCTGCTTTAGTGATTTCGG,19,4317237
yadI_predicted,6.333333333333333,20,2,CGCTCTCCAATCCCTAACTG,18,4292454
yadI_predicted,3.6666666666666665,12,2,CGCTATTCATGGGGATGCGG,10,4358217
yadI_predicted,4.0,13,2,CGCAGCTGATTTGGTTAGTA,11,4315873
yadI_predicted,3.3333333333333335,11,2,CGACCTAATGAGGTCAACAG,9,4293261
yadI_predicted,8.666666666666666,27,2,CGACCATATGAATAGTGCCA,25,4307302
yadI_predicted,3.6666666666666665,12,2,CGACATAGGATGTGATATGT,10,4352038
yadI_predicted,14.333333333333334,44,2,CGAACAACTTGCTACGCCTT,42,4343586
yadI_predicted,3.0,10,2,CGAAATCCACTTGCACAAGA,8,4344066
yadI_predicted,0.6666666666666666,3,2,CGAAATATCCAAGTCCCCCG,1,4326322
yadI_predicted,5.0,16,2,CCTTATGTGTATAACTCCGA,14,4289154
yadI_predicted,3.0,10,2,CCTCCTTCGCTCCTATGTCT,8,4291157
yadI_predicted,6.0,19,2,CCTATTGTTGTAGGCGTTCT,17,4342388
yadI_predicted,2.6666666666666665,9,2,CCTACTCATGGACGACAGCA,7,4316104
yadI_predicted,9.333333333333334,29,2,CCGTTGATCAACCCACTGCG,27,4342663
yadI_predicted,0.6666666666666666,3,2,CCGTCAGAGGGCTAAGGCCC,1,4293274
yadI_predicted,5.333333333333333,17,2,CCGGTGTCTCACTCAAAGAG,15,4288725
yadI_predicted,3.3333333333333335,11,2,CCGGTGCCGCGGACATGTGT,9,4298169
yadI_predicted,3.6666666666666665,12,2,CCGGCATTCGAGGCCGGAAC,10,4309370
yadI_predicted,4.666666666666667,15,2,CCGGATGTGAGCACGTTAAT,13,4328847
yadI_predicted,0.6666666666666666,3,2,CCGCGCTTTTTGGAGCAGAG,1,4291883
yadI_predicted,4.333333333333333,14,2,CCGCCGGGTTCTTTGTGAAA,12,4284202
yadI_predicted,1.6666666666666667,6,2,CCGCCAGATTCAGTTTACCT,4,4287337
yadI_predicted,5.666666666666667,18,2,CCGCAGCCTCCTCCCCAACG,16,4294232
yadI_predicted,7.0,22,2,CCCGGCTCCGGGACACCCAG,20,4294595
yadI_predicted,0.6666666666666666,3,2,CCATCCGGGAGAGTCGCTCG,1,4319956
yadI_predicted,6.333333333333333,20,2,CCAGTTGTACGGTGAGACCC,18,4337920
yadI_predicted,6.333333333333333,20,2,CCAGTCAACTGTTCGTCGAT,18,4307096
yadI_predicted,1.3333333333333333,5,2,CCAGGGTTGTTCCGTCCGCC,3,4310891
yadI_predicted,0.6666666666666666,3,2,CCAGCGTTAAGCCATCTATC,1,4354734
yadI_predicted,13.666666666666666,42,2,CCACAGCAGACTCTGGTGTC,40,4309962
yadI_predicted,0.6666666666666666,3,2,CCACACGCATGGTCAGGGGA,1,4309090
yadI_predicted,3.0,10,2,CCAACTTGGATTCGGCTCAC,8,4306058
yadI_predicted,7.666666666666667,24,2,CCAAAGGGCAAGGATGGCGT,22,4311304
yadI_predicted,4.0,13,2,CATTAAACCGGGATCAAACA,11,4303889
yadI_predicted,3.6666666666666665,12,2,CATGAGTGTAAGTCTATGAC,10,4352104
yadI_predicted,6.333333333333333,20,2,CATATAGCCAATAGAAGCCA,18,4337050
yadI_predicted,5.333333333333333,17,2,CATACTAGGTAATGGGCAAG,15,4370062
yadI_predicted,4.0,13,2,CAGGAGTGTTGTGTAGTTAG,11,4313165
yadI_predicted,6.0,19,2,CACTCGCGCGTAAAAGACTC,17,4311854
yadI_predicted,0.6666666666666666,3,2,CACATAAATGGTACTGTGTG,1,4352436
yadI_predicted,0.6666666666666666,3,2,CACAGTCGTAGACTGGGGAT,1,4360105
yadI_predicted,3.6666666666666665,12,2,CACACACAAGGTGTGTAGAT,10,4302217
yadI_predicted,4.333333333333333,14,2,CAATGGTCAGAGTTAGAGTT,12,4303496
yadI_predicted,6.0,19,2,CAATCTGGTTACTCGAGCTA,17,4362174
yadI_predicted,0.6666666666666666,3,2,CAAGGCGACCAGGAAGGGTT,1,4350215
yadI_predicted,7.0,22,2,CAAGATCGTGGAATTGGACT,20,4322800
yadI_predicted,3.0,10,2,CAACTGCCGAGCGTTATTAA,8,4365429
yadI_predicted,5.333333333333333,17,2,CAACACATAAAACGGTTAAT,15,4342242
yadI_predicted,4.333333333333333,14,2,CAAACACTTACGAGCATCTT,12,4327806
yadI_predicted,5.666666666666667,18,2,ATTTGTGACCTGGAATGTGA,16,4311298
yadI_predicted,6.666666666666667,21,2,ATTTCTATCGGAACAAAGGC,19,4324061
yadI_predicted,5.333333333333333,17,2,ATTTCGGGATGTCGATGAGC,15,4337449
yadI_predicted,3.6666666666666665,12,2,ATTGCCTATAATCACCGGCT,10,4315735
yadI_predicted,0.6666666666666666,3,2,ATTAGCTAGCACAATGAGCA,1,4321946
yadI_predicted,8.0,25,2,ATGTTTGCTATGGACGCAAC,23,4299570
yadI_predicted,6.666666666666667,21,2,ATGGCTTGGGGTAATTGGTA,19,4334320
yadI_predicted,6.333333333333333,20,2,ATGGCCGCACACTTCTATTC,18,4301220
yadI_predicted,0.6666666666666666,3,2,ATGCTGCCCGGTTTCGATTG,1,4301899
yadI_predicted,7.0,22,2,ATGCGCTAGGATAGGGTGCG,20,4315063
yadI_predicted,6.333333333333333,20,2,ATGAGGTATTCGCGGGCGGA,18,4307770
yadI_predicted,1.6666666666666667,6,2,ATCTCGGGTAACTAACAGGT,4,4349902
yadI_predicted,4.0,13,2,ATCAGGAGATTATCCACAAA,11,4291772
yadI_predicted,4.333333333333333,14,2,ATATCTAACTGCCTGGGTCA,12,4366317
yadI_predicted,1.0,4,2,ATATCACATAGCATCATCCT,2,4309091
yadI_predicted,5.0,16,2,ATAGCTTCCAGTGCATGGGT,14,4313296
yadI_predicted,7.0,22,2,ATACGTCTAAGGTCCAATTG,20,4324013
yadI_predicted,1.3333333333333333,5,2,ATACCGTCGCTTAAGCAAGG,3,4340854
yadI_predicted,10.333333333333334,32,2,ATACAACGTAACAACGGCTC,30,4298413
yadI_predicted,7.666666666666667,24,2,ATAATTGCTAGCCGAACCCC,22,4335558
yadI_predicted,6.0,19,2,ATAATCTTGGACACTGCCAT,17,4334686
yadI_predicted,10.666666666666666,33,2,ATAAATTGATCCTGTCCTTC,31,4359510
yadI_predicted,6.666666666666667,21,2,AGTTAAGACTCAGCCTAATT,19,4319240
yadI_predicted,2.3333333333333335,8,2,AGTGTTTTGGTGTCCAACCC,6,4289266
yadI_predicted,4.0,13,2,AGTGGACTTCATCACGAAAC,11,4326913
yadI_predicted,5.0,16,2,AGTATCCCTGTTAACTTTTT,14,4345811
yadI_predicted,5.0,16,2,AGGTGTTGCGAAATTAGAGT,14,4343388
yadI_predicted,0.6666666666666666,3,2,AGGCCATGCATACAATATTA,1,4309465
yadI_predicted,4.666666666666667,15,2,AGGAGACCCCGTAAGGAAGT,13,4360045
yadI_predicted,6.333333333333333,20,2,AGGACGCTTGCTGCTTTCAG,18,4349151
yadI_predicted,0.6666666666666666,3,2,AGCGTAACCAAGAGGGCATC,1,4297994
yadI_predicted,9.666666666666666,30,2,AGCGCCTTAAGAACCACGCA,28,4323450
yadI_predicted,0.6666666666666666,3,2,AGCCCTAGTCCGCGGATTTG,1,4362557
yadI_predicted,9.0,28,2,AGCCCAAGAGACTCTTAGGA,26,4291313
yadI_predicted,14.666666666666666,45,2,AGCAGCTTCTACCGGTAGGT,43,4303501
yadI_predicted,7.333333333333333,23,2,AGCAAGATCTTCACTCCCCG,21,4293267
yadI_predicted,1.6666666666666667,6,2,AGATGGAGCTACAGGTTGGA,4,4334071
yadI_predicted,0.6666666666666666,3,2,AGATAACCACGACGCAGGGA,1,4335930
yadI_predicted,10.0,31,2,AGAGCCATCCTGTGAACGGT,29,4358471
yadI_predicted,3.6666666666666665,12,2,AGAGAGGGGATTCAATCACT,10,4296947
yadI_predicted,11.0,34,2,AGAATACGAGTTGTGATCGT,32,4314383
yadI_predicted,12.666666666666666,39,2,AGAAGCTGACTCGGTGGTTA,37,4330062
yadI_predicted,2.3333333333333335,8,2,ACTTGCATGGTAAGCGGGGT,6,4363176
yadI_predicted,3.6666666666666665,12,2,ACTCTATCGTCGTTGATGCC,10,4332370
yadI_predicted,2.3333333333333335,8,2,ACGTTGTTCTAGATCTACTA,6,4357502
yadI_predicted,2.3333333333333335,8,2,ACGTGAAGATTTCTATGTGC,6,4331816
yadI_predicted,2.6666666666666665,9,2,ACGTATTATGTTTATCAGCA,7,4289073
yadI_predicted,7.0,22,2,ACGCGACCCGGTTTGATGAC,20,4294233
yadI_predicted,7.333333333333333,23,2,ACCTGTCCGAAGCTCTCATA,21,4363464
yadI_predicted,4.333333333333333,14,2,ACCTCCATACGGTTGTTCTT,12,4344025
yadI_predicted,3.3333333333333335,11,2,ACCTATAGAAAGGTGGCGGC,9,4315804
yadI_predicted,0.6666666666666666,3,2,ACCGCCAAAGTCGTTAGTTA,1,4304002
yadI_predicted,10.333333333333334,32,2,ACCGATCGTGCTATCCGATC,30,4300458
yadI_predicted,21.333333333333332,65,2,ACCCATGCAGTAAAGGATGA,63,4350056
yadI_predicted,7.0,22,2,ACCATTGCACTAAGGAAACT,20,4311979
yadI_predicted,0.6666666666666666,3,2,ACCACCTTTCCCTACAATAC,1,4348506
yadI_predicted,3.0,10,2,ACCACCATTGAAACAACGCA,8,4363424
yadI_predicted,9.666666666666666,30,2,ACAGGTCCAAATTCATCCCG,28,4339254
yadI_predicted,11.666666666666666,36,2,ACAGGGCATCACGTGGGGAA,34,4323107
yadI_predicted,2.0,7,2,ACACTCCCGTAACCTGGTTG,5,4308536
yadI_predicted,0.6666666666666666,3,2,AATGCGGATCTCGCATGGAA,1,4287367
yadI_predicted,5.0,16,2,AATGCCCTCCGCACACAAGA,14,4303132
yadI_predicted,3.3333333333333335,11,2,AATGATGGTCACCCTCCTAT,9,4286778
yadI_predicted,3.0,10,2,AATAAAATGGCCATTTATGG,8,4357774
yadI_predicted,10.666666666666666,33,2,AAGTTCCACGCACGCCAGTC,31,4348906
yadI_predicted,6.333333333333333,20,2,AAGTGCGTTATCAAGGGACA,18,4351082
yadI_predicted,8.333333333333334,26,2,AAGCATACCACTGCGGCCAA,24,4310563
yadI_predicted,8.0,25,2,AAGATACTGCGCAGGCAGTT,23,4369389
yadI_predicted,11.666666666666666,36,2,AACTGTACGATTGCATAACT,34,4305610
yadI_predicted,6.0,19,2,AACCGGGGTAGGTTCCATCC,17,4342312
yadI_predicted,2.6666666666666665,9,2,AACACGCCGAACAAGAAAAT,7,4353973
yadI_predicted,9.333333333333334,29,2,AACACCTTTGACATGAAGTG,27,4356436
yadI_predicted,7.0,22,2,AAACTAACTCGCTCGTGTGA,20,4369876
yadI_predicted,14.5,29,1,TTTGTCATCTAAGCGCACGA,28,4354691
yadI_predicted,11.0,22,1,TTTCATTGACTATCACGACG,21,4298158
yadI_predicted,5.0,10,1,TTTCAATGGATCCAACGGCT,9,4291982
yadI_predicted,2.0,4,1,TTTATGCTTGTCATCCGTAT,3,4366185
yadI_predicted,1.0,2,1,TTGGCCACCGTGTTGCGGCA,1,4326334
yadI_predicted,4.0,8,1,TTGCCTGCAACGCCGATTTG,7,4336978
yadI_predicted,2.0,4,1,TTGCCGCATTCGATTTTACT,3,4306510
yadI_predicted,6.5,13,1,TTCGGTAACCTGAGGTGTCT,12,4289953
yadI_predicted,8.0,16,1,TTCATTTCTCTGCTAGCCAA,15,4357121
yadI_predicted,3.0,6,1,TTCAACTCATATTAGCGCAA,5,4364605
yadI_predicted,6.5,13,1,TTATGAAAGGGTCCGAGCAA,12,4296969
yadI_predicted,16.0,32,1,TTAGCCAATCCTATAGCCGA,31,4290915
yadI_predicted,13.0,26,1,TTACTAAACCCACGGAGTGT,25,4286818
yadI_predicted,8.0,16,1,TTACCCAACAGTCTCCGCAG,15,4317914
yadI_predicted,5.5,11,1,TTACCCAAAATTACACATGG,10,4295113
yadI_predicted,1.0,2,1,TTACAGCTCATGCCAACGGT,1,4296348
yadI_predicted,7.0,14,1,TTACACTGTCCCTGGTCCCT,13,4305771
yadI_predicted,1.0,2,1,TGTGTACTATGTTTGCAACG,1,4298930
yadI_predicted,9.0,18,1,TGTATATGTGATGTAGTCCT,17,4350333
yadI_predicted,16.0,32,1,TGGTGGCGGGTAGAGAATCC,31,4331075
yadI_predicted,1.5,3,1,TGGTGGCCAGTTCGCCCAAT,2,4310662
yadI_predicted,3.5,7,1,TGGGCAGCAGCGGGCGAAAC,6,4312505
yadI_predicted,1.5,3,1,TGCTTTCTGGGTCACGAGAA,2,4300059
yadI_predicted,6.0,12,1,TGCGGCGTCTCATAGGACGT,11,4341038
yadI_predicted,10.5,21,1,TGCCGGAATTGCCAAATGTC,20,4370019
yadI_predicted,1.5,3,1,TGCCAGAAATAAGAATCGAT,2,4317065
yadI_predicted,14.0,28,1,TGCAATAGTAATAGCCGATA,27,4315704
yadI_predicted,1.5,3,1,TGATTTCCCTCTTCTGGACT,2,4305673
yadI_predicted,2.0,4,1,TGATCCAAGGTGTAATGGTA,3,4314673
yadI_predicted,6.0,12,1,TGACACTAGACCATGTTTTA,11,4292707
yadI_predicted,7.5,15,1,TCTTCGGCATGATCGAGTTC,14,4338071
yadI_predicted,5.5,11,1,TCTTCCCTCTATCATAAGCA,10,4337569
yadI_predicted,5.0,10,1,TCTTAGGCTTATGAACCGTC,9,4324329
yadI_predicted,3.0,6,1,TCTGGCGGTTCGCATTCAAG,5,4327759
yadI_predicted,7.0,14,1,TCTCGAGTATTCGGACTCTC,13,4295461
yadI_predicted,9.5,19,1,TCTCCAGTAGGCGTACAGAG,18,4325994
yadI_predicted,16.5,33,1,TCTAGATAAGTTGAGGACTC,32,4352481
yadI_predicted,13.5,27,1,TCGTTGGGGCCTGCGCATGT,26,4369867
yadI_predicted,18.0,36,1,TCGTTAGCGAAGTTAAGGTA,35,4286021
yadI_predicted,11.0,22,1,TCGGCTCCGCATACTATTGA,21,4313196
yadI_predicted,3.0,6,1,TCGACACCTCTACTCACCTA,5,4332138
yadI_predicted,15.0,30,1,TCCCCTGAGCAAATCTCTGA,29,4287233
yadI_predicted,13.0,26,1,TCCCATCCTGTTGCTAACTA,25,4351726
yadI_predicted,9.5,19,1,TCATGAGGGGCGGTTCGCAG,18,4322168
yadI_predicted,13.5,27,1,TCATACGCCCGCTTGACGGC,26,4332737
yadI_predicted,1.0,2,1,TCAGGCAGATCCAGCATCTC,1,4328078
yadI_predicted,1.0,2,1,TCACTCTAAATGGCATGACG,1,4299950
yadI_predicted,1.0,2,1,TCACGGGAGCTTATGACAGA,1,4329986
yadI_predicted,9.5,19,1,TATGGAGGAAATCGTGGCCT,18,4340696
yadI_predicted,1.0,2,1,TATGCATTATCAAAGACTCA,1,4291174
yadI_predicted,8.5,17,1,TATCCGGTGACGGAGGGCGG,16,4286359
yadI_predicted,12.5,25,1,TATATCGCTTATTAGGTCCT,24,4340947
yadI_predicted,9.5,19,1,TATAGGACCAGGCGGACACA,18,4338712
yadI_predicted,1.0,2,1,TATAGCTGATGCTGTAAGTG,1,4312642
yadI_predicted,7.0,14,1,TATACCTTCGATCAGTAAAG,13,4287223
yadI_predicted,28.0,56,1,TAGCAATTGAGCAAGAAGGT,55,4356955
yadI_predicted,1.0,2,1,TAGATGCGCGAAGTTCGGAA,1,4292580
yadI_predicted,7.0,14,1,TAGAGGGTGTGCTCTGCCAG,13,4345799
yadI_predicted,9.0,18,1,TAGACGGAGTTACCGTCCTT,17,4362714
yadI_predicted,6.5,13,1,TAGAATGAAACCCGGGATAC,12,4362739
yadI_predicted,17.0,34,1,TACTCGGGACATTTTGGAGG,33,4339105
yadI_predicted,10.5,21,1,TACGTCAGTAGAAGAGCGAA,20,4298308
yadI_predicted,11.0,22,1,TACCTTAATGCCCAGGCCTG,21,4352008
yadI_predicted,7.0,14,1,TACCGCAATCGAACGTCGTT,13,4314287
yadI_predicted,4.0,8,1,TACCCCGTCTATCGTGCCAG,7,4354212
yadI_predicted,1.0,2,1,TACACGACAGTGGTTATAGT,1,4358082
yadI_predicted,3.5,7,1,TAAGGCACAACCAACCCCCC,6,4351495
yadI_predicted,10.0,20,1,TAAGCTTGTGGGCTAGAGTA,19,4332663
yadI_predicted,7.0,14,1,TAAGAGTGGGGTAAAGCGCG,13,4318416
yadI_predicted,9.0,18,1,TAACAGACACTGGAAGTGGG,17,4314423
yadI_predicted,2.0,4,1,TAAATTTGCTGGTATTGATT,3,4366543
yadI_predicted,20.0,40,1,GTTTTGTACCATCATATGTT,39,4302179
yadI_predicted,4.5,9,1,GTTTTGATTCATACGTGACA,8,4335573
yadI_predicted,1.0,2,1,GTTTGGTCAATATATGAGTT,1,4308959
yadI_predicted,9.0,18,1,GTTTCTCCCACGTCTCCTGC,17,4325010
yadI_predicted,9.0,18,1,GTTTACTAAATAGGGCGACT,17,4340878
yadI_predicted,3.0,6,1,GTTGTCCCCCGATAAAGACG,5,4302627
yadI_predicted,6.0,12,1,GTTGCGTCGCGCCAAGCTTC,11,4325450
yadI_predicted,6.5,13,1,GTTGAAGAAGAGGCCTAGTT,12,4333655
yadI_predicted,2.0,4,1,GTTCCTTGGCTGCTGCGCCG,3,4305332
yadI_predicted,15.5,31,1,GTTCCGCCTTAAAGTGGGAA,30,4291512
yadI_predicted,11.5,23,1,GTGTCCACCGAAGGGGTTGG,22,4300511
yadI_predicted,8.5,17,1,GTGCCGACTGCCACCAACCG,16,4334871
yadI_predicted,17.5,35,1,GTGCCCACAACACATAACCT,34,4324116
yadI_predicted,11.5,23,1,GTGATACCAAAAGTGAAATT,22,4368430
yadI_predicted,1.0,2,1,GTGACGGTTTCTACTGTTCT,1,4318124
yadI_predicted,4.0,8,1,GTCTCGCGGCATCTTTCGGT,7,4297998
yadI_predicted,4.5,9,1,GTCTCCCGTCTAATGAGAAG,8,4370014
yadI_predicted,7.5,15,1,GTCTACCATAATTTAAACAA,14,4326177
yadI_predicted,10.5,21,1,GTCGTTTCTGACATATACTG,20,4353311
yadI_predicted,5.5,11,1,GTCGGTTGTATCGGCAACCT,10,4346026
yadI_predicted,1.0,2,1,GTCGGCGGCTTAGAAAGAGA,1,4360828
yadI_predicted,1.5,3,1,GTCATTGTGGCGGTCCTAAC,2,4367163
yadI_predicted,9.0,18,1,GTCATCAGCCTGCGACGGAG,17,4306495
yadI_predicted,11.5,23,1,GTATTAAGCTCCGACAGTGG,22,4359148
yadI_predicted,1.0,2,1,GTATGGTCCCAATCCGACGT,1,4346831
yadI_predicted,6.5,13,1,GTATCCGTCAGCCGTTCTGA,12,4363597
yadI_predicted,6.5,13,1,GTAGACGTGCCAGTGCAGAG,12,4365648
yadI_predicted,1.0,2,1,GTAGAACGGATCATGCTACT,1,4311091
yadI_predicted,4.5,9,1,GGTTTGCAAGCCACTATGAC,8,4342734
yadI_predicted,3.0,6,1,GGTGCGATCGTTGCTACCTG,5,4331513
yadI_predicted,2.5,5,1,GGGTCCATGAGGTCGGCGAG,4,4306567
yadI_predicted,1.0,2,1,GGGGTTCATGAGTTTTTGCT,1,4337459
yadI_predicted,2.5,5,1,GGGGGGTTGCGTTATCCATG,4,4284809
yadI_predicted,6.0,12,1,GGGGGACACGCAAGCACCAT,11,4285830
yadI_predicted,8.5,17,1,GGGCTCTGCCCCACGACGGT,16,4303899
yadI_predicted,6.5,13,1,GGCTAAATGCCATCCACAAT,12,4304752
yadI_predicted,11.5,23,1,GGCGCTTCAGTGGCAACTGA,22,4310464
yadI_predicted,1.0,2,1,GGCGCCCCTTTAATATCAGC,1,4296835
yadI_predicted,1.0,2,1,GGCCCGGAGACATGTTTTCA,1,4313718
yadI_predicted,5.5,11,1,GGCCCCTGTTGGGTTAGACG,10,4285011
yadI_predicted,1.0,2,1,GGCCCACAATATTCCCAATC,1,4314246
yadI_predicted,1.5,3,1,GGCACACACAAACAGCTCAG,2,4369741
yadI_predicted,5.0,10,1,GGAGGGAGCGGGGCTGTGGG,9,4317894
yadI_predicted,16.0,32,1,GGACCGGCTTAGTCGTCATG,31,4315864
yadI_predicted,10.5,21,1,GCTTCGTCACGTGTAGACTT,20,4342740
yadI_predicted,2.5,5,1,GCTGCGGAGTATTCCCACTG,4,4346166
yadI_predicted,10.0,20,1,GCTCAGTACTGCATAGTCTG,19,4319085
yadI_predicted,9.5,19,1,GCGGCTCTACGCAGGACCTG,18,4294140
yadI_predicted,12.0,24,1,GCGCAGTGTTCCATGGATCT,23,4343218
yadI_predicted,10.5,21,1,GCGAGGTCATATCGGGTGTG,20,4308229
yadI_predicted,2.5,5,1,GCCTCCTGACACTTTAGGTT,4,4338291
yadI_predicted,11.0,22,1,GCCTCCCGGGTCCTGAGAAC,21,4284657
yadI_predicted,2.5,5,1,GCCGCTCCTACGCAGAGCCT,4,4341105
yadI_predicted,7.0,14,1,GCCCGTCTCAGTCAAATACA,13,4303493
yadI_predicted,13.0,26,1,GCCCCGGGCTTAGTACGGAG,25,4290159
yadI_predicted,1.0,2,1,GCATGCGCCTTGTGTTTAAG,1,4303497
yadI_predicted,9.5,19,1,GCACCAAGTCACGGGGAAAG,18,4316056
yadI_predicted,5.5,11,1,GCAATTCTTGGTTTTAAACA,10,4335959
yadI_predicted,8.0,16,1,GATTTCGTCATCAGTAGGTG,15,4342275
yadI_predicted,17.5,35,1,GATTAGTCCCTTCCTCCTCA,34,4350556
yadI_predicted,3.5,7,1,GATCCTTGCTAATGCGGCGA,6,4366354
yadI_predicted,1.0,2,1,GATCCCAAATAGGAAAAAAG,1,4297065
yadI_predicted,14.0,28,1,GATCCACAGATCTGTCACCG,27,4364445
yadI_predicted,23.5,47,1,GATAATGAAGTATGGCTGTT,46,4296327
yadI_predicted,1.0,2,1,GAGAGCCGGCGTTGTTACAT,1,4334789
yadI_predicted,14.5,29,1,GACTTAGCCACTGTCCTCAA,28,4329781
yadI_predicted,27.5,55,1,GACTCCTAGGTAGCATCGTC,54,4351993
yadI_predicted,11.5,23,1,GACGTTTATCTGGCTCCTGG,22,4289319
yadI_predicted,9.5,19,1,GACGAGCAATAGGGTAAATC,18,4327085
yadI_predicted,4.5,9,1,GACCCACCACTTTCTTCAAA,8,4312870
yadI_predicted,14.5,29,1,GACATTGCTTGGCTTCGTAA,28,4316009
yadI_predicted,5.0,10,1,GAATTCGTATGGAGTTCCCC,9,4344976
yadI_predicted,11.0,22,1,GAATGGAAGTGCGCAGGCTA,21,4365311
yadI_predicted,1.0,2,1,GAAGGAGCAGCTTACGTTAT,1,4332796
yadI_predicted,11.5,23,1,GAACTGCAGCAGTCGCGGTG,22,4322202
yadI_predicted,1.0,2,1,GAACGGAGGTTACAGAGTAG,1,4338679
yadI_predicted,11.5,23,1,GAACGCCTGCGACTATGAAC,22,4288013
yadI_predicted,3.0,6,1,GAACCGGATTGGTCACACCA,5,4364929
yadI_predicted,34.5,69,1,CTTGCCTCCCGGCTCCAGTA,68,4364947
yadI_predicted,6.5,13,1,CTTGAGCGACAGCTCTACAC,12,4333299
yadI_predicted,9.0,18,1,CTTGAACCATCTGTCATCAC,17,4309616
yadI_predicted,1.0,2,1,CTTCGGGGCGGTAGGGTCTC,1,4325105
yadI_predicted,29.5,59,1,CTTCGCGAGTTCGTTCGTGT,58,4346532
yadI_predicted,7.5,15,1,CTTCGACATTGTTCACGCCA,14,4329272
yadI_predicted,4.0,8,1,CTTAATTCGACTGCCATAGA,7,4296489
yadI_predicted,1.0,2,1,CTGTGGGAACAGAACAGACA,1,4338577
yadI_predicted,12.5,25,1,CTGTCGAGACACAAATCCGT,24,4297970
yadI_predicted,5.5,11,1,CTGGTGGGGATTTAGGCAAT,10,4356496
yadI_predicted,2.5,5,1,CTGGTAAGAACGGGCCGGAT,4,4367388
yadI_predicted,10.5,21,1,CTGGGTCCTGATAACCCGCG,20,4298872
yadI_predicted,1.0,2,1,CTGCTGGACTGACCAACCGT,1,4358725
yadI_predicted,5.5,11,1,CTGCTATGTACCATGGCTTG,10,4333609
yadI_predicted,9.5,19,1,CTGCAAGTGTGCCCGCGTAC,18,4367492
yadI_predicted,1.0,2,1,CTGACTATGAATGGATACAG,1,4367741
yadI_predicted,1.0,2,1,CTCTTATTTTCTTTTTGCTT,1,4362998
yadI_predicted,4.0,8,1,CTCTGCGTAAGTCTCCTGTT,7,4342237
yadI_predicted,13.5,27,1,CTCGACGTGGCTCAAGTGGC,26,4369248
yadI_predicted,1.0,2,1,CTCCTTATTTCGGGTTATTA,1,4368079
yadI_predicted,1.5,3,1,CTCCTCATGTTGACCACCTA,2,4301148
yadI_predicted,12.0,24,1,CTCCGTAACACTAAAGTGTG,23,4295244
yadI_predicted,7.5,15,1,CTCCCTCTTGAAACTGGGTT,14,4333811
yadI_predicted,1.0,2,1,CTCCCTCGTTGTGATGTGTA,1,4357108
yadI_predicted,3.5,7,1,CTAGGTCTCTTTTGGGCATA,6,4343437
yadI_predicted,18.5,37,1,CTACGAGCAAGAACACACGG,36,4350524
yadI_predicted,12.5,25,1,CTAATGCCCAAGGAACCCTT,24,4298102
yadI_predicted,11.0,22,1,CTAACTTCTTAGACCGCACC,21,4293702
yadI_predicted,11.5,23,1,CTAACTGAATGGAAGTTTGT,22,4309189
yadI_predicted,2.5,5,1,CGTTTTTTAAAACAGGGCTT,4,4289566
yadI_predicted,4.0,8,1,CGTTGTGAAGGTTTGATACA,7,4336464
yadI_predicted,1.0,2,1,CGTGTCTTTAAGTATGTCAC,1,4336525
yadI_predicted,4.0,8,1,CGTGGGCCAACCTGAGCGAG,7,4307345
yadI_predicted,5.0,10,1,CGTGAGTCCGCCAACTATTC,9,4312817
yadI_predicted,5.0,10,1,CGGTTTTAGTGAATTGTCTG,9,4366636
yadI_predicted,4.5,9,1,CGGTTCCGACCATCCAAGGC,8,4293296
yadI_predicted,13.0,26,1,CGGTTATTATACCAGTGTTG,25,4321503
yadI_predicted,6.0,12,1,CGGGTTCCTAGAGTCGAATT,11,4334222
yadI_predicted,1.5,3,1,CGGCTACTTGGTATCCGGAG,2,4304103
yadI_predicted,12.5,25,1,CGGCCTTAAACCCGTTGATC,24,4352991
yadI_predicted,2.0,4,1,CGGCCATCTACCTCGCTTTG,3,4314844
yadI_predicted,5.0,10,1,CGGACGGTGAAAAACTCCGG,9,4331424
yadI_predicted,5.5,11,1,CGCTTACCAGCACGCTAGAA,10,4312955
yadI_predicted,10.0,20,1,CGCTGAGGATAAGTTACCTT,19,4357668
yadI_predicted,15.0,30,1,CGCTCATAGCATTAGGGTCT,29,4368308
yadI_predicted,1.0,2,1,CGCGTCTAACGGGTTATGGG,1,4359290
yadI_predicted,7.5,15,1,CGCCTGTCTTGTGAAAGGGT,14,4350198
yadI_predicted,1.0,2,1,CGCCAGGTAAATCCTCGGGC,1,4334201
yadI_predicted,8.5,17,1,CGCCACGTGGTGTCATTCAT,16,4336967
yadI_predicted,1.0,2,1,CGCATCGCGGAGCCACCATG,1,4324564
yadI_predicted,1.5,3,1,CGCACAAGAAAGTACTAGGG,2,4360491
yadI_predicted,9.5,19,1,CGATTTCACGTTCGAAGATT,18,4362832
yadI_predicted,4.0,8,1,CGATGGACGGACAAGTTTGG,7,4317998
yadI_predicted,2.5,5,1,CGACGTTTGATTTAACTATG,4,4319485
yadI_predicted,2.5,5,1,CGACGTCTTGTGCGTATGGC,4,4320668
yadI_predicted,3.5,7,1,CCTTGTATGTCCCTAGGACT,6,4364795
yadI_predicted,13.0,26,1,CCTGTGTCCTGAAGGCGTTC,25,4331701
yadI_predicted,1.0,2,1,CCTGCTCAGGTCCCTTAACA,1,4325524
yadI_predicted,12.0,24,1,CCTGCGGGCTAGGCCGCGTC,23,4348716
yadI_predicted,18.5,37,1,CCTCGATTCTGGGTACAGAA,36,4310446
yadI_predicted,1.5,3,1,CCTCGATGGATTATGACAAA,2,4301839
yadI_predicted,1.0,2,1,CCTCCGAGCTCAAGCGCCCC,1,4318676
yadI_predicted,6.0,12,1,CCTATGTGTGTATACAGTTT,11,4307451
yadI_predicted,1.5,3,1,CCTATCGTCACACATCGCGT,2,4335425
yadI_predicted,1.0,2,1,CCTAGCTATCGAGGTTTTGT,1,4309665
yadI_predicted,5.5,11,1,CCTAAGTTTGTTTCACCGAA,10,4339099
yadI_predicted,1.0,2,1,CCGTGTAGACGCACGGTCAC,1,4348319
yadI_predicted,8.5,17,1,CCGTAACCGTCATTCACCCC,16,4317849
yadI_predicted,10.5,21,1,CCGGCGAGGGTGACGCTCGT,20,4318344
yadI_predicted,9.5,19,1,CCGCGTACGCATATAATTCC,18,4369753
yadI_predicted,8.0,16,1,CCGCGCCGCGTTTCAGCTGG,15,4353824
yadI_predicted,7.0,14,1,CCGATCGGCGGACTAGACAC,13,4290593
yadI_predicted,3.0,6,1,CCGAGCGGCTCGACCAACAG,5,4338872
yadI_predicted,11.0,22,1,CCCTTTCTAACGCACGACGG,21,4312267
yadI_predicted,13.0,26,1,CCCTGTACAGGTTATCAGAA,25,4305529
yadI_predicted,3.0,6,1,CCCTGACTCGTAGCGCGCTT,5,4359821
yadI_predicted,1.0,2,1,CCCTCATAACCACTGTCTAG,1,4322959
yadI_predicted,12.5,25,1,CCCGTCTCGCGCGCGCGACA,24,4352025
yadI_predicted,6.5,13,1,CCCGGTGAGTAAACGGTGGG,12,4299852
yadI_predicted,11.5,23,1,CCCGAGTTAGCACAATTAGT,22,4285956
yadI_predicted,1.5,3,1,CCCCCGAAGGATACTACTAC,2,4300766
yadI_predicted,12.0,24,1,CCCAACTGCGCCATGCTGTA,23,4292296
yadI_predicted,7.0,14,1,CATTGCGATTCAAGCGGGGA,13,4316756
yadI_predicted,8.0,16,1,CATTCAGGAAGCAGGACATC,15,4332027
yadI_predicted,6.0,12,1,CATGTACGCCTATTACGAAT,11,4325878
yadI_predicted,5.0,10,1,CATGGGTACCGACACGAATC,9,4364342
yadI_predicted,7.5,15,1,CATGAGGGAGTCGGTGGCGG,14,4308682
yadI_predicted,8.0,16,1,CATATGGTATATGTCCGCAG,15,4315757
yadI_predicted,13.5,27,1,CATAATCTCACGTCCGTTCT,26,4327370
yadI_predicted,5.5,11,1,CAGTCCGTGTTAATTCATTG,10,4299788
yadI_predicted,10.5,21,1,CAGTCAAAACGCTGCTAGAC,20,4324257
yadI_predicted,4.5,9,1,CAGGGTGGAAATATGTCGGG,8,4302094
yadI_predicted,3.5,7,1,CAGGCCTGCGCACGGGGTCT,6,4301421
yadI_predicted,7.0,14,1,CAGCAGATGACGATTCAAAG,13,4304337
yadI_predicted,1.0,2,1,CAGAGGGGAAGCCCATGCTT,1,4308116
yadI_predicted,9.5,19,1,CAGACGTGCAAGTTGAACCG,18,4326917
yadI_predicted,2.5,5,1,CACTAGGTGATAGCTGGTCT,4,4313014
yadI_predicted,5.5,11,1,CACCTGGCGTATTATAATTA,10,4302231
yadI_predicted,2.0,4,1,CACCTGCGTATGGTGCTAGG,3,4296278
yadI_predicted,1.5,3,1,CACCTAGCCCCGATTCCGCA,2,4321367
yadI_predicted,5.5,11,1,CAATTACCCATAGGACCTAA,10,4300946
yadI_predicted,4.0,8,1,CAACATTTAGTGTAAGTACC,7,4324393
yadI_predicted,4.0,8,1,CAAATTTAGTAAACGCGCCT,7,4355787
yadI_predicted,18.0,36,1,CAAAGGAATACATGGACCCT,35,4359168
yadI_predicted,15.0,30,1,ATTTATGTCTAGTGCTTCGT,29,4322878
yadI_predicted,3.0,6,1,ATTTAAGGGTGTAATCCTGC,5,4351913
yadI_predicted,11.5,23,1,ATTGTTCGCCCTTGTCCTCC,22,4344422
yadI_predicted,8.0,16,1,ATTCTTTAGACTCGTTGACG,15,4355070
yadI_predicted,11.0,22,1,ATTACAAAGGAGGCGGGTAC,21,4342934
yadI_predicted,2.5,5,1,ATTAAAATTTGCGGGATATG,4,4321380
yadI_predicted,6.5,13,1,ATGGGTACGACCAAGCGGGG,12,4288641
yadI_predicted,20.5,41,1,ATGGGAGAAGTTAAATCCAG,40,4360353
yadI_predicted,9.5,19,1,ATGATCGCCGGATGTCTTTA,18,4328421
yadI_predicted,14.0,28,1,ATCGGTTTCGTAATGGTGTG,27,4312488
yadI_predicted,6.0,12,1,ATCGCAAAAAAGGTTTGTAG,11,4299583
yadI_predicted,5.5,11,1,ATCGAGGGACAGGCGAGACC,10,4296478
yadI_predicted,2.5,5,1,ATCACTTATTCTACCTCCAG,4,4317758
yadI_predicted,15.0,30,1,ATCACTTAAGATGCCGCTTC,29,4369853
yadI_predicted,3.5,7,1,ATACAGGCTTCTATCGCGCA,6,4344761
yadI_predicted,4.5,9,1,ATAATCGCACTACATGAATC,8,4365073
yadI_predicted,3.0,6,1,ATAAGTCTCTGATCGATGGA,5,4352239
yadI_predicted,11.0,22,1,ATAACGTTTTACGCGGGAGA,21,4340772
yadI_predicted,14.5,29,1,ATAAACCGACGCATGTTTTA,28,4302659
yadI_predicted,1.0,2,1,AGTTTGCACATTTTGTGAAT,1,4350482
yadI_predicted,5.5,11,1,AGTTCTTGATCTCGGTTTGG,10,4361317
yadI_predicted,4.5,9,1,AGTTACCACACTCTTACGAG,8,4361624
yadI_predicted,17.5,35,1,AGTGCCAACTTCTGTTGCGC,34,4340357
yadI_predicted,4.0,8,1,AGTGCAAGAACCGCGACATA,7,4298312
yadI_predicted,14.5,29,1,AGTCTTAGGTGTTCAGACGC,28,4330853
yadI_predicted,5.5,11,1,AGTCACAGCGGAGGGATTCT,10,4331639
yadI_predicted,7.5,15,1,AGTAGTTTTAAGCTCGTGCG,14,4300000
yadI_predicted,5.0,10,1,AGTAAGTGCTCCATCAAAAT,9,4331807
yadI_predicted,2.0,4,1,AGGTTGTTTAACTGCCATGA,3,4329898
yadI_predicted,9.5,19,1,AGGTCCTCCGAACAATTCTC,18,4363849
yadI_predicted,1.5,3,1,AGGGTAATGAGGTAAATTTT,2,4293809
yadI_predicted,2.5,5,1,AGGGGGGCAGCTCACCTTAG,4,4361704
yadI_predicted,1.0,2,1,AGGGAAAGGTAAACTAAGCG,1,4369843
yadI_predicted,6.0,12,1,AGGATGGGGTTGCGTCTAAC,11,4343550
yadI_predicted,5.0,10,1,AGGAGTTTAACGGGCGGGTC,9,4364197
yadI_predicted,6.0,12,1,AGGAATTACCGGTATAAATT,11,4320911
yadI_predicted,5.5,11,1,AGGAAGAACGTTTCGAGCAA,10,4346347
yadI_predicted,4.5,9,1,AGCTGCTAATCCGGGTGGGC,8,4321570
yadI_predicted,12.0,24,1,AGCTGCGCCCCTTAATCTTC,23,4348442
yadI_predicted,1.0,2,1,AGCGCTATGATGAACGGCAT,1,4311478
yadI_predicted,8.5,17,1,AGCGCCGGCGAAGACGCCAA,16,4361629
yadI_predicted,18.5,37,1,AGCGACCGGATGCCCAATCT,36,4320757
yadI_predicted,19.0,38,1,AGCGAACTTGCCGTGGCTAC,37,4299009
yadI_predicted,5.0,10,1,AGAATACTAAATGGGCAATC,9,4288735
yadI_predicted,1.5,3,1,AGAAACACTAAGAGTGCGGC,2,4289172
yadI_predicted,2.0,4,1,ACTTATCTAGGTACGCACTC,3,4347367
yadI_predicted,15.0,30,1,ACTTAGCATGAACAGAACTC,29,4362378
yadI_predicted,2.0,4,1,ACTGTTTCGTAGTGGGCGCC,3,4365137
yadI_predicted,1.0,2,1,ACTGGGTACTGGACAGTTCG,1,4333241
yadI_predicted,15.0,30,1,ACTGGGGCGGCTGATGCGCC,29,4318682
yadI_predicted,1.0,2,1,ACTCTTGGATCCATACATAA,1,4359760
yadI_predicted,5.0,10,1,ACTCTCAAATCGTCCGTTGA,9,4290356
yadI_predicted,6.0,12,1,ACGTTAAGCGGAGATACCGC,11,4335950
yadI_predicted,8.0,16,1,ACGTATAGTGGGCTGTTGGT,15,4328803
yadI_predicted,1.5,3,1,ACGGTCTATAAAATATGAAA,2,4325756
yadI_predicted,1.0,2,1,ACGGGAATGGTAAGCCTAAC,1,4336204
yadI_predicted,1.0,2,1,ACGCGGGGCATCAAGAATCC,1,4308377
yadI_predicted,7.0,14,1,ACGCGACTTATAACTTCTCT,13,4319729
yadI_predicted,2.0,4,1,ACGAAGGGACCCACTTCGAA,3,4304552
yadI_predicted,6.5,13,1,ACGAACGGAGCTAATCCGCA,12,4348211
yadI_predicted,1.0,2,1,ACCGTTTTACTCCCACCTGC,1,4365186
yadI_predicted,6.5,13,1,ACCCAAGTTACTTCCGCCCC,12,4348518
yadI_predicted,11.0,22,1,ACCAAGGCGAAGGATCGCGT,21,4285962
yadI_predicted,8.0,16,1,ACATGCCGATTTGGACTTTG,15,4312224
yadI_predicted,7.0,14,1,ACAGGAGCTTCTCACGTCCT,13,4286922
yadI_predicted,9.0,18,1,ACACTGAGGTTTATAGGCCA,17,4293894
yadI_predicted,14.5,29,1,ACACTGACAGTATACATCCT,28,4366654
yadI_predicted,1.0,2,1,ACACGTGCTCGAGGTGTTCA,1,4320001
yadI_predicted,4.5,9,1,ACACCCTAGCTGTGGCGAAT,8,4342933
yadI_predicted,23.0,46,1,ACACAGTTGAGTCATCTGAA,45,4294145
yadI_predicted,13.0,26,1,ACAAGCCTAAACCGCTGTGT,25,4342206
yadI_predicted,1.0,2,1,AATTCAGATATTAGTCCAAA,1,4365088
yadI_predicted,8.5,17,1,AATGCTGTAGAAAGGCCGTC,16,4357858
yadI_predicted,17.5,35,1,AATACTTAGCCGAGGAATTC,34,4350207
yadI_predicted,4.5,9,1,AATACTCCATGTTATCGCGT,8,4316544
yadI_predicted,1.0,2,1,AAGTTGACTAAGCCGAAGGA,1,4284151
yadI_predicted,7.5,15,1,AAGTAATCGTAGGCAACACC,14,4356668
yadI_predicted,2.5,5,1,AAGGAGTATCGGGAACGCGG,4,4311225
yadI_predicted,10.0,20,1,AAGCTGCTACGTGCCGGGTA,19,4363251
yadI_predicted,3.0,6,1,AAGCCTTCCTTTCATACCCG,5,4349773
yadI_predicted,1.0,2,1,AACTAACCCGGGGCAGTATT,1,4316124
yadI_predicted,8.0,16,1,AACGCTACGGCGCAGCGGAG,15,4349065
yadI_predicted,16.0,32,1,AAATTAGTAGGAAGCTTGGG,31,4331824
yadI_predicted,1.5,3,1,AAATCCCTGAGTGTTCATTC,2,4344339
yadI_predicted,1.0,2,1,AAATCAGGAAGCCAGGACCG,1,4339482
yadI_predicted,13.5,27,1,AAAGCTTGCGCGTTTACCAG,26,4328088
yadI_predicted,1.0,2,1,AAACTCCTCTCAATATTACT,1,4315279
yadI_predicted,7.5,15,1,AAACGCCAAGCTACAAAAAA,14,4331559
yadI_predicted,2.0,4,1,AAACCACGCAGTAACAGTGA,3,4353346
yadI_predicted,1.0,2,1,AAACATGGGTTCTATTGCCA,1,4317437
yadI_predicted,1.0,2,1,AAAATTTTAGCGGTCAGGTC,1,4349618
yadI_predicted,0.008620689655172414,115,115,AATATTGGGGGCGCACAGCT,0,4300559
yadI_predicted,0.01020408163265306,97,97,TATAAAGCGACGTACCGGTT,0,4289118
yadI_predicted,0.01098901098901099,90,90,GGCAATGCCGTAGTTCTGAA,0,4319859
yadI_predicted,0.011111111111111112,89,89,CGAGGTGCTAGGCTGGTCTC,0,4349692
yadI_predicted,0.011235955056179775,88,88,GAGCAAATGGGTTGGACGCT,0,4284941
yadI_predicted,0.011363636363636364,87,87,CGGCTTTATTGTAAGCCCCA,0,4301127
yadI_predicted,0.011494252873563218,86,86,ATTCGATAAGCGTCGAGATG,0,4349690
yadI_predicted,0.011904761904761904,83,83,CCAGGATAACACGAACGTCA,0,4298384
yadI_predicted,0.012048192771084338,82,82,AACGTGTGCAGAATTTGAAT,0,4359214
yadI_predicted,0.012345679012345678,80,80,CGTGCAGTTTGATAGCATAG,0,4312380
yadI_predicted,0.0125,79,79,CGGGCCGGTAGACAAACCGA,0,4285943
yadI_predicted,0.0125,79,79,AAAGCCATTTAGTATGCGGT,0,4293420
yadI_predicted,0.01282051282051282,77,77,TTGGCGGATATTCTGGCTAT,0,4290397
yadI_predicted,0.0136986301369863,72,72,CACTGGAGGAGGGGATTTGA,0,4312096
yadI_predicted,0.013888888888888888,71,71,TAGAGCGCGAACGTGATTTC,0,4290457
yadI_predicted,0.013888888888888888,71,71,GGGGTCCCGAGATTATTTGG,0,4314242
yadI_predicted,0.014084507042253521,70,70,GGACCCGTGCCCTTACACTT,0,4290642
yadI_predicted,0.014492753623188406,68,68,TCTGACGCCGCTTTCGGCAT,0,4315260
yadI_predicted,0.014492753623188406,68,68,CAAGCCCCGCGGGAATTCTT,0,4308120
yadI_predicted,0.014492753623188406,68,68,ATCACAAGGCATGGTGGCTA,0,4348450
yadI_predicted,0.014705882352941176,67,67,TGCAAGTCACACTCACTGAC,0,4357533
yadI_predicted,0.014705882352941176,67,67,CTTTCCTTCTGATATATTTC,0,4348451
yadI_predicted,0.014925373134328358,66,66,TATTGAAAAATCTAAGTCTG,0,4298629
yadI_predicted,0.014925373134328358,66,66,GCTCCCTTTCAGAACGGGAC,0,4296073
yadI_predicted,0.015384615384615385,64,64,TCTTCCTGTTAGTTAACATT,0,4348138
yadI_predicted,0.015384615384615385,64,64,CCATTGGCAAAGATAAATAT,0,4367763
yadI_predicted,0.015384615384615385,64,64,AGGACGGATTATGGTGAGTG,0,4301638
yadI_predicted,0.015625,63,63,CGGCGTCGGATCGTGCGTCA,0,4285305
yadI_predicted,0.015625,63,63,AGGTGCGATGCCCGTAGACT,0,4299121
yadI_predicted,0.015625,63,63,AATGACTACAATTAGAGAGT,0,4323050
yadI_predicted,0.015873015873015872,62,62,GAATAAAATTACAAGCAATA,0,4293413
yadI_predicted,0.015873015873015872,62,62,AGGGCCTGTGGATCTCATAT,0,4290067
yadI_predicted,0.016129032258064516,61,61,TGTAGACTCTGGTGTGGAGG,0,4305763
yadI_predicted,0.016129032258064516,61,61,TCGCTAGGGCCTCCAAATGA,0,4307438
yadI_predicted,0.016129032258064516,61,61,GTTGACTACCCTGGGCCGAT,0,4352573
yadI_predicted,0.016129032258064516,61,61,GAGCGAAGGGTGACAGCTTT,0,4309347
yadI_predicted,0.016129032258064516,61,61,CCGCAGGTCGCCAAACGTTC,0,4299767
yadI_predicted,0.016129032258064516,61,61,CACTTCTGGGTGGAGTCTCT,0,4313098
yadI_predicted,0.016129032258064516,61,61,ATGGGCGGCTTATACGAGGT,0,4308004
yadI_predicted,0.01639344262295082,60,60,GTGCCTCACGGTTAAGGCGG,0,4326601
yadI_predicted,0.01639344262295082,60,60,GGCCTATGAATCGAATAACT,0,4339091
yadI_predicted,0.01639344262295082,60,60,AGGACTCGGGAATCCTCTAC,0,4338253
yadI_predicted,0.01694915254237288,58,58,GTAGCACGTAGTAATTAAAG,0,4341634
yadI_predicted,0.01694915254237288,58,58,GGTCGGAATTTAATTCTGGT,0,4321928
yadI_predicted,0.01694915254237288,58,58,CTCCCCTTTCGTTAGCGAAG,0,4341762
yadI_predicted,0.01694915254237288,58,58,ACGTGTAGGGAATATCAAAC,0,4344472
yadI_predicted,0.017241379310344827,57,57,TGGGTCAGACTACGGTACCT,0,4361615
yadI_predicted,0.017241379310344827,57,57,TCTCTACCCGCGTGCCCATC,0,4336900
yadI_predicted,0.017241379310344827,57,57,TACCTCATCGACAGCAATCT,0,4288811
yadI_predicted,0.017241379310344827,57,57,CATGGACATCCGGGTGCTCG,0,4284946
yadI_predicted,0.017241379310344827,57,57,ATTGTACTCTTGTAAACGTT,0,4332131
yadI_predicted,0.017241379310344827,57,57,ACGGTATTTCGTTCGCTCAG,0,4353093
yadI_predicted,0.017241379310344827,57,57,AACTGGGTAGCTGAGACGAA,0,4319032
yadI_predicted,0.017543859649122806,56,56,TGATCTGCCCCGAGCAAACT,0,4295152
yadI_predicted,0.017543859649122806,56,56,GGGGAGCCCATATGCGGGAT,0,4318189
yadI_predicted,0.017543859649122806,56,56,CTGGTCTTTGGGGATGCGCA,0,4292104
yadI_predicted,0.017543859649122806,56,56,CTGCCGTGGTACCCCACCCT,0,4365694
yadI_predicted,0.017543859649122806,56,56,ATCAGAAGATACCACCCGTG,0,4306922
yadI_predicted,0.017543859649122806,56,56,ACCACCATAAGTGCCCTGAT,0,4292139
yadI_predicted,0.017857142857142856,55,55,TTTTCAAGTTGGCACGTCAC,0,4340312
yadI_predicted,0.017857142857142856,55,55,TTGACACCCATGGGCACACA,0,4316341
yadI_predicted,0.017857142857142856,55,55,TCTGACTAGAAGGAGGGCAA,0,4295413
yadI_predicted,0.017857142857142856,55,55,GCCAGAACTTCGAGGCCGAG,0,4344434
yadI_predicted,0.017857142857142856,55,55,GATATGTCGCTGCGTACGAA,0,4354854
yadI_predicted,0.017857142857142856,55,55,GACAAGGGGACCTTGGGTAT,0,4330828
yadI_predicted,0.017857142857142856,55,55,ACGCCTGACTCTCGCATTAG,0,4321328
yadI_predicted,0.017857142857142856,55,55,AACGTCGGTACCCGTCCGTG,0,4300127
yadI_predicted,0.01818181818181818,54,54,TGGTCCGTGCCAGCCCGAGG,0,4302641
yadI_predicted,0.01818181818181818,54,54,ACGCCCGAACGGAATACGTA,0,4341301
yadI_predicted,0.01818181818181818,54,54,AAAGGCCTCTCACGGCGGAG,0,4338529
yadI_predicted,0.018518518518518517,53,53,GGCTTCAATGTCTAGTTTCC,0,4336644
yadI_predicted,0.018518518518518517,53,53,CGGTGCAGGCGCAGCGAAGA,0,4302503
yadI_predicted,0.018518518518518517,53,53,CATGTCATGTGGCTGATCCA,0,4316042
yadI_predicted,0.018518518518518517,53,53,AGGGGCGTTTGCGGTCCCTA,0,4319175
yadI_predicted,0.018867924528301886,52,52,TTCGTGGAGGCAGGACAGGA,0,4357380
yadI_predicted,0.018867924528301886,52,52,TGTAGACCGCCGTATCGGCG,0,4362205
yadI_predicted,0.018867924528301886,52,52,GGCGGCCGGAATTGTCCAAT,0,4363670
yadI_predicted,0.018867924528301886,52,52,GCGCCAATAGAAAGCGCCTA,0,4293477
yadI_predicted,0.018867924528301886,52,52,GATCACTCCCCTGGTACAAA,0,4326151
yadI_predicted,0.018867924528301886,52,52,CGATTGGGCGAGTAGCCTCC,0,4343017
yadI_predicted,0.018867924528301886,52,52,CGAGTTCGATCATTTCCCAA,0,4292922
yadI_predicted,0.018867924528301886,52,52,CAGCGACCGAACGAGCATGT,0,4355689
yadI_predicted,0.018867924528301886,52,52,CAATAGGAGATCTCTCCACG,0,4307525
yadI_predicted,0.018867924528301886,52,52,AGTGTCAGACGTGGAATAAT,0,4330624
yadI_predicted,0.018867924528301886,52,52,ACTCGACAAGCGCTTTCTAA,0,4335266
yadI_predicted,0.018867924528301886,52,52,ACTAATCGTAGTTGGAAATA,0,4297120
yadI_predicted,0.019230769230769232,51,51,TTAATCTGACCTAATGGAAG,0,4359303
yadI_predicted,0.019230769230769232,51,51,TATCATTACTGCGATCGGGA,0,4300119
yadI_predicted,0.019230769230769232,51,51,TACATGCTGCGCTATCAATG,0,4290834
yadI_predicted,0.019230769230769232,51,51,GGTGCCAACTGGATCGTCAC,0,4296163
yadI_predicted,0.019230769230769232,51,51,GCTAGCGGCGGGAATACGTA,0,4353114
yadI_predicted,0.019230769230769232,51,51,CTTTGGGAGCTAGGCACGAA,0,4287319
yadI_predicted,0.019230769230769232,51,51,CCGGCAGGGGCTTTAGCCAC,0,4287825
yadI_predicted,0.0196078431372549,50,50,TTATGTTGCTGTGTGCTGGG,0,4285504
yadI_predicted,0.0196078431372549,50,50,TGATTCGCACCATAACACGA,0,4325931
yadI_predicted,0.0196078431372549,50,50,TACATACGGATAGATTAGGT,0,4304982
yadI_predicted,0.0196078431372549,50,50,GGGATCTCTTATGATGGGAA,0,4309352
yadI_predicted,0.0196078431372549,50,50,GCGGATAGGTGAACTGAGAC,0,4314727
yadI_predicted,0.0196078431372549,50,50,CGTCTAGGTTTGGTGGAGTA,0,4318978
yadI_predicted,0.0196078431372549,50,50,CATGTGCAATCGACTTTTAA,0,4324811
yadI_predicted,0.0196078431372549,50,50,CAATGTTGGACTCGGGTGAG,0,4310173
yadI_predicted,0.0196078431372549,50,50,ATCAGTAGCTTGTAGATCGA,0,4287448
yadI_predicted,0.0196078431372549,50,50,ACTCACGCACCCAGCCGGAC,0,4342524
yadI_predicted,0.0196078431372549,50,50,ACACGGGATACATTTAACTT,0,4322590
yadI_predicted,0.02,49,49,TCCTGCATTGCATGGGATCA,0,4338453
yadI_predicted,0.02,49,49,GAATTAAACTGTGCCTGACA,0,4285780
yadI_predicted,0.02,49,49,CGTGGGGAGCCCTGAACATC,0,4295491
yadI_predicted,0.02,49,49,CGGGTTACTTAATTTATCGA,0,4356456
yadI_predicted,0.02,49,49,CGCAATCCGGACTCGGTACG,0,4319909
yadI_predicted,0.02,49,49,CCGTATGGTATCGGGCAGAA,0,4315011
yadI_predicted,0.02,49,49,CATGTACATCTTGCATTTCT,0,4352256
yadI_predicted,0.02,49,49,ATGGTGGTCTCGAGTTGTTT,0,4360977
yadI_predicted,0.02040816326530612,48,48,TGAGTACCAGCCCTAATAGC,0,4309473
yadI_predicted,0.02040816326530612,48,48,TCGTCGTTTTTTGCGAGAAA,0,4327505
yadI_predicted,0.02040816326530612,48,48,TAGCTGCGTAAATATTAGAG,0,4337676
yadI_predicted,0.02040816326530612,48,48,GTATTTCAAGTGCTTTGCGA,0,4360184
yadI_predicted,0.02040816326530612,48,48,GGTATACCATACTCATGAGT,0,4290340
yadI_predicted,0.02040816326530612,48,48,GGCTTTAGCATCCACAGGGA,0,4349790
yadI_predicted,0.02040816326530612,48,48,GCTTCCGGCCCTATTTATAT,0,4366411
yadI_predicted,0.02040816326530612,48,48,GCAGCAAACCAAAAGCCACA,0,4295946
yadI_predicted,0.02040816326530612,48,48,GAGGTACATCCATTGTCAAG,0,4344370
yadI_predicted,0.02040816326530612,48,48,CGCTAGTCTAGCATGTAAGA,0,4302386
yadI_predicted,0.02040816326530612,48,48,ATAGTTAGGGGAACGAATCA,0,4310956
yadI_predicted,0.02040816326530612,48,48,AGCAGTGCTAGTGTGTTCAG,0,4290604
yadI_predicted,0.02040816326530612,48,48,AGAGTAAGGCGCCAAGCGAG,0,4296313
yadI_predicted,0.02040816326530612,48,48,ACCAACGGATTCCTAGGTAA,0,4333236
yadI_predicted,0.02040816326530612,48,48,AAAGTGTATCCTACTAGCAT,0,4320149
yadI_predicted,0.020833333333333332,47,47,TTCAATCCTGAGCACTAGAA,0,4334776
yadI_predicted,0.020833333333333332,47,47,TGGACAGAGGGATAAGGACC,0,4302900
yadI_predicted,0.020833333333333332,47,47,TAGCGGACCAGGAGACGTCG,0,4303048
yadI_predicted,0.020833333333333332,47,47,GTTACAGGTACCGGATTACA,0,4336812
yadI_predicted,0.020833333333333332,47,47,GCGATTCAAGCTTGCGGGGT,0,4345042
yadI_predicted,0.020833333333333332,47,47,CTTGGCATAGTATGTGATTC,0,4299173
yadI_predicted,0.020833333333333332,47,47,ATTAATCGTAGAGTGAAGAA,0,4292291
yadI_predicted,0.020833333333333332,47,47,AGGCCATTGATGTCCTGTTA,0,4368073
yadI_predicted,0.02127659574468085,46,46,TGATTCGTGAATTCATACAT,0,4344373
yadI_predicted,0.02127659574468085,46,46,TCGGGCTACGAGACATCAAA,0,4320471
yadI_predicted,0.02127659574468085,46,46,TAGAATAATCTAAGTGCCGT,0,4292592
yadI_predicted,0.02127659574468085,46,46,TAACCATCGTGAAATTACTG,0,4328360
yadI_predicted,0.02127659574468085,46,46,GTTCCAGGCGGATAGGCATT,0,4317891
yadI_predicted,0.02127659574468085,46,46,GGGAGGTAGTACGCCTACGG,0,4369917
yadI_predicted,0.02127659574468085,46,46,GGCGGATTGGCAAAGAATCA,0,4314418
yadI_predicted,0.02127659574468085,46,46,GCCGGTTATAAAAATAACAA,0,4305836
yadI_predicted,0.02127659574468085,46,46,CTGTATTAACTGTGCTGGAC,0,4319939
yadI_predicted,0.02127659574468085,46,46,CCACTGGGTAGTCCATGTAA,0,4323047
yadI_predicted,0.02127659574468085,46,46,AGACTGCCAAAGGAAAAATT,0,4344343
yadI_predicted,0.02127659574468085,46,46,AAAGCTTGCATTGCCTTCTT,0,4312243
yadI_predicted,0.021739130434782608,45,45,TGTATCGCATTAAATTGTAT,0,4323732
yadI_predicted,0.021739130434782608,45,45,TATATTAGAGAGATGGCTTA,0,4333240
yadI_predicted,0.021739130434782608,45,45,TACCTAGCAGACGATAAGGG,0,4342406
yadI_predicted,0.021739130434782608,45,45,GTAGTTGAGTGTCCAGACAT,0,4310579
yadI_predicted,0.021739130434782608,45,45,GTAAGCAGTTTGGCAAGGAC,0,4285297
yadI_predicted,0.021739130434782608,45,45,GGGGCTACTAACTCTCGATG,0,4292344
yadI_predicted,0.021739130434782608,45,45,GGGCCACTTGGTTTTTGGGA,0,4334853
yadI_predicted,0.021739130434782608,45,45,GGATGGGCGGTTTGCTGGGG,0,4361425
yadI_predicted,0.021739130434782608,45,45,GAGAAATTTCGCAACTATAG,0,4357257
yadI_predicted,0.021739130434782608,45,45,CGTCTAATCAATAGACGATC,0,4323093
yadI_predicted,0.021739130434782608,45,45,CCGGACTGCTGGACGCAGCA,0,4338676
yadI_predicted,0.021739130434782608,45,45,ATTTCCGATGCGTAATGCTG,0,4287577
yadI_predicted,0.021739130434782608,45,45,ATCGAGGGAAGTGTGGCATC,0,4305888
yadI_predicted,0.021739130434782608,45,45,AAACATGACAAATGCAATGA,0,4328067
yadI_predicted,0.022222222222222223,44,44,TTAAATGTTTGCAACGGGTT,0,4357990
yadI_predicted,0.022222222222222223,44,44,GTGTATGGGTGATTAACATA,0,4343012
yadI_predicted,0.022222222222222223,44,44,GCTACAAGGTTGGACTAATG,0,4362286
yadI_predicted,0.022222222222222223,44,44,GCCATTTGGCAAACACATTT,0,4367922
yadI_predicted,0.022222222222222223,44,44,GAGTACAAGTGTTTGTTGAC,0,4313411
yadI_predicted,0.022222222222222223,44,44,GAAAACACGTATTGCATTCA,0,4323218
yadI_predicted,0.022222222222222223,44,44,CGGTTCATCCTGAGAAGCAG,0,4319528
yadI_predicted,0.022222222222222223,44,44,ATTAGCTATCTCCGAACTGT,0,4309469
yadI_predicted,0.022222222222222223,44,44,AGTGCGTACCATCGATCTGA,0,4364442
yadI_predicted,0.022222222222222223,44,44,AGCCCGAGTGTGGCCTATTG,0,4329692
yadI_predicted,0.022222222222222223,44,44,ACTCTGGAGCGTATAAAAGT,0,4312857
yadI_predicted,0.022222222222222223,44,44,ACATACGCTAACTCCGCTTC,0,4291290
yadI_predicted,0.022222222222222223,44,44,AAGGCTTAGGAACACTAAGT,0,4362924
yadI_predicted,0.022222222222222223,44,44,AAATTTCGCATGTCTGTCTA,0,4332658
yadI_predicted,0.022727272727272728,43,43,TCCCGCGACCTAGGGGACGA,0,4320487
yadI_predicted,0.022727272727272728,43,43,TCCAAGACGCTGTTTTCTTG,0,4339360
yadI_predicted,0.022727272727272728,43,43,TAAGGATCGGCAAAACTTTG,0,4358399
yadI_predicted,0.022727272727272728,43,43,TAAATTTCCCGGTTGAAAGT,0,4327997
yadI_predicted,0.022727272727272728,43,43,GTGGTACTGATGCGACTCGT,0,4326830
yadI_predicted,0.022727272727272728,43,43,GGTTGTTGTTAAGGAGTTGT,0,4341508
yadI_predicted,0.022727272727272728,43,43,GGGGAAGAGAACTGCGAGCT,0,4333377
yadI_predicted,0.022727272727272728,43,43,CTGCATATCGTGGGCTTATA,0,4338065
yadI_predicted,0.022727272727272728,43,43,CAGGCCCCAACGGAGAAGCT,0,4349324
yadI_predicted,0.022727272727272728,43,43,CACTCCGCTGCGAAGAGGAT,0,4319312
yadI_predicted,0.022727272727272728,43,43,ATCTTATGCTATCACTGGGG,0,4323750
yadI_predicted,0.022727272727272728,43,43,ACTACGGCCCAGAAACTGGT,0,4355360
yadI_predicted,0.022727272727272728,43,43,AATGCGAGGGCGTGGCTGTG,0,4365532
yadI_predicted,0.022727272727272728,43,43,AAGTACGAAGCTGTGGACCC,0,4343725
yadI_predicted,0.023255813953488372,42,42,TTTTGTACAGTGCCTCTAAT,0,4311957
yadI_predicted,0.023255813953488372,42,42,TTTGTAGCGCGTGACAGGGC,0,4300344
yadI_predicted,0.023255813953488372,42,42,TTTACTGAAGCCACTCATGG,0,4369714
yadI_predicted,0.023255813953488372,42,42,TTGTAAACAATCTGCAGCCG,0,4336375
yadI_predicted,0.023255813953488372,42,42,TTGCGTTCCTTAGCCAGTGA,0,4310172
yadI_predicted,0.023255813953488372,42,42,TTCATCGGTAGTGATACGAA,0,4368338
yadI_predicted,0.023255813953488372,42,42,TTCAATAGCACTGAAAACTA,0,4291147
yadI_predicted,0.023255813953488372,42,42,TGGCCGTAAAACAATATATA,0,4333950
yadI_predicted,0.023255813953488372,42,42,TGCTTGGTCCTAGGAGGCCT,0,4326071
yadI_predicted,0.023255813953488372,42,42,TATGTTTCTAGGAGTATCGT,0,4302771
yadI_predicted,0.023255813953488372,42,42,TAAAATTAGAAGTGTAGAAG,0,4332593
yadI_predicted,0.023255813953488372,42,42,GTGGAGTGTCGTTACCATAT,0,4346066
yadI_predicted,0.023255813953488372,42,42,GGTTCAGCCAAGCCGCCGAT,0,4353070
yadI_predicted,0.023255813953488372,42,42,GCTTATTCTATGACCGTCTT,0,4318148
yadI_predicted,0.023255813953488372,42,42,GAGTCCGGGGCTACAGGGCA,0,4331068
yadI_predicted,0.023255813953488372,42,42,CTTCGGACCTTGGGATTAAC,0,4310692
yadI_predicted,0.023255813953488372,42,42,CTTATGCAGTGCATTTGAAG,0,4322465
yadI_predicted,0.023255813953488372,42,42,ATTGTAGCGCGTCATGTCCA,0,4316020
yadI_predicted,0.023255813953488372,42,42,ATTAAGTAACTGCGGGCAAG,0,4289220
yadI_predicted,0.023255813953488372,42,42,ATGGGGTCGAGGTATCTTGC,0,4357282
yadI_predicted,0.023255813953488372,42,42,ATGGGCCGAGTCCAATATAG,0,4295325
yadI_predicted,0.023255813953488372,42,42,AGGTGCTACACCGAGCGCGT,0,4334309
yadI_predicted,0.023255813953488372,42,42,AGAACTACCGTCAGGACTCT,0,4307185
yadI_predicted,0.023255813953488372,42,42,ACATTTGAATTACACGATCA,0,4361180
yadI_predicted,0.023255813953488372,42,42,AACTGTCGGAAGTTCAACAT,0,4303883
yadI_predicted,0.023255813953488372,42,42,AACCCATCGAAAAAGAGTTT,0,4299542
yadI_predicted,0.023255813953488372,42,42,AAACATGCGAGGCGTCTTAA,0,4339738
yadI_predicted,0.023809523809523808,41,41,TTGACCCAGTGTGTGCCCAC,0,4328432
yadI_predicted,0.023809523809523808,41,41,TTCCCCCCACGCCACTGGAC,0,4328194
yadI_predicted,0.023809523809523808,41,41,TGTTACGGAGGTTGATACGT,0,4315739
yadI_predicted,0.023809523809523808,41,41,TGGCAATTTGATTCGCGGCT,0,4355056
yadI_predicted,0.023809523809523808,41,41,TAGATGAGGTCAGCTAGCAT,0,4296959
yadI_predicted,0.023809523809523808,41,41,GTCGGCATTCGTGAAGAACT,0,4294424
yadI_predicted,0.023809523809523808,41,41,GTCCAGTGGATCGGGAAAAT,0,4289761
yadI_predicted,0.023809523809523808,41,41,GGTGGGTAACCGGGGTAAGG,0,4333997
yadI_predicted,0.023809523809523808,41,41,GGGATCGTTGCCATGGCGGC,0,4313805
yadI_predicted,0.023809523809523808,41,41,GGCATTATCGGATTCCCGGT,0,4358497
yadI_predicted,0.023809523809523808,41,41,GGAAACCCACGGGTTTGGAT,0,4287236
yadI_predicted,0.023809523809523808,41,41,GCTCAGACTTTATTATCTTT,0,4368234
yadI_predicted,0.023809523809523808,41,41,GAGTGGAACGCACGGTACGC,0,4338005
yadI_predicted,0.023809523809523808,41,41,GACCTGTAATGTGAGCCTTA,0,4341066
yadI_predicted,0.023809523809523808,41,41,GACCTCAGCGAAACAGTGGT,0,4289315
yadI_predicted,0.023809523809523808,41,41,CTAGCGCCCTGATCTCGGCA,0,4324896
yadI_predicted,0.023809523809523808,41,41,CTAAAGGACTTTACCCGACG,0,4333456
yadI_predicted,0.023809523809523808,41,41,CGTGTGCGGACAACCTTGAA,0,4292519
yadI_predicted,0.023809523809523808,41,41,CGCTCACGGCGAAGCGGCAA,0,4330807
yadI_predicted,0.023809523809523808,41,41,CCATGGCACTGTAGTTGCCA,0,4295690
yadI_predicted,0.023809523809523808,41,41,CATACTCAGGCTTCGGCTGA,0,4289901
yadI_predicted,0.023809523809523808,41,41,CACGGAAAGACACAACGCAA,0,4321723
yadI_predicted,0.023809523809523808,41,41,CAACCAATGGCGTTGAGATA,0,4331059
yadI_predicted,0.023809523809523808,41,41,CAAAATCTTACGTCGAGTTT,0,4292621
yadI_predicted,0.023809523809523808,41,41,ATGGGGCCTCCAGGGTTTGG,0,4290832
yadI_predicted,0.023809523809523808,41,41,ATCATTCACTCACAATGTCA,0,4314356
yadI_predicted,0.023809523809523808,41,41,ATACCAATTTTAGCACGGGT,0,4370069
yadI_predicted,0.023809523809523808,41,41,AGGCCACCCGTGGCAGTGTG,0,4365394
yadI_predicted,0.023809523809523808,41,41,AAGTTCAACTAGATATTAAC,0,4301821
yadI_predicted,0.023809523809523808,41,41,AAGGAACGCTCTCTTACGGG,0,4290286
yadI_predicted,0.023809523809523808,41,41,AAACAATATGGTAAATACTT,0,4293754
yadI_predicted,0.024390243902439025,40,40,TGTACCAAGGTAGCTTCAGA,0,4353319
yadI_predicted,0.024390243902439025,40,40,TGGAATTTGTCACAAAAATA,0,4347867
yadI_predicted,0.024390243902439025,40,40,TGAGAGAATCAATCTATTCT,0,4295225
yadI_predicted,0.024390243902439025,40,40,TGACGAGCTATCAAATAAGG,0,4363325
yadI_predicted,0.024390243902439025,40,40,TATTGCGAATTAGCATGGGG,0,4302645
yadI_predicted,0.024390243902439025,40,40,TATTAATCTAACGGACCGAT,0,4306956
yadI_predicted,0.024390243902439025,40,40,GTGTGATTAACTAAAGCGTC,0,4304829
yadI_predicted,0.024390243902439025,40,40,GTGGTATCATTACGTTGGTG,0,4292808
yadI_predicted,0.024390243902439025,40,40,GGAATGAGAAGCGTTGGTTC,0,4287833
yadI_predicted,0.024390243902439025,40,40,GCTAAGACGCATCAACACCT,0,4284396
yadI_predicted,0.024390243902439025,40,40,CTAATCTCTAGCGAGGTCGT,0,4339499
yadI_predicted,0.024390243902439025,40,40,CCTGACCTTGTCCCCTCGGT,0,4297114
yadI_predicted,0.024390243902439025,40,40,CAATTCAAACACGTGTTAGC,0,4314547
yadI_predicted,0.024390243902439025,40,40,AGAAAGTTGCGGAATGTTTA,0,4346703
yadI_predicted,0.024390243902439025,40,40,ACGACTACCAATGGATCGTA,0,4324668
yadI_predicted,0.024390243902439025,40,40,AATCTGTCGCCTAAGCATTG,0,4288435
yadI_predicted,0.025,39,39,TTGCCGACATCAAGGTGTAC,0,4309463
yadI_predicted,0.025,39,39,TGTTGCGGATTTGAGGGCGT,0,4319935
yadI_predicted,0.025,39,39,TGAATAAACAGCCGTACTCT,0,4332619
yadI_predicted,0.025,39,39,TCGAGCAACAGCTTGATCCA,0,4287102
yadI_predicted,0.025,39,39,GGACTAAGTGCTGGCGAATT,0,4288306
yadI_predicted,0.025,39,39,GGAAAAAAACTTAACAGTCA,0,4297267
yadI_predicted,0.025,39,39,GCGCGCGGACGGCGCACTAA,0,4350750
yadI_predicted,0.025,39,39,GACCCTATCACATCTATGAA,0,4363219
yadI_predicted,0.025,39,39,GAATGAGTCACGGGATGCAA,0,4314788
yadI_predicted,0.025,39,39,CTTGTAGCCCCCAAAGGAGC,0,4329917
yadI_predicted,0.025,39,39,CTCAACCCTACTTCGTCAAA,0,4328233
yadI_predicted,0.025,39,39,CGGACCTGACACACCTGACA,0,4305807
yadI_predicted,0.025,39,39,CGACATATCCCTCTGTGGGA,0,4320903
yadI_predicted,0.025,39,39,CGACAGTATTCAGTACCCGG,0,4343138
yadI_predicted,0.025,39,39,CAGGCCCAGTAAAAGTCTGG,0,4342019
yadI_predicted,0.025,39,39,CAGCAGTAAAATGAGCAGTT,0,4327231
yadI_predicted,0.025,39,39,CAATCGGGTACAAAAATCAG,0,4330313
yadI_predicted,0.025,39,39,CAACGATCACGGACCAGGAC,0,4288158
yadI_predicted,0.025,39,39,ATCTATCTTGCCCTCTCAAT,0,4311766
yadI_predicted,0.025,39,39,ATCAAGGCTTCCGGTGTGAA,0,4359674
yadI_predicted,0.025,39,39,AGGTCAAGGCGTGACGGTGG,0,4318155
yadI_predicted,0.025,39,39,ACCTGGCTTGTTACCGTCGT,0,4299561
yadI_predicted,0.025,39,39,AAGTAGAGAACTCTGCGGAA,0,4366366
yadI_predicted,0.025,39,39,AACGATTGGGTGATGTATGA,0,4331366
yadI_predicted,0.025,39,39,AAATGTTCCCCGCCATCCAC,0,4365730
yadI_predicted,0.025,39,39,AAATATCAATACCGGATGTA,0,4323098
yadI_predicted,0.025,39,39,AAAGGGGTTAGGACCCCGAT,0,4296941
yadI_predicted,0.02564102564102564,38,38,TTTTCCGCAAGGATAGGGGT,0,4293193
yadI_predicted,0.02564102564102564,38,38,TGGGTTAGTAGTGTGATAGT,0,4349467
yadI_predicted,0.02564102564102564,38,38,TGGCTCCTAAGTGGCTCACA,0,4331219
yadI_predicted,0.02564102564102564,38,38,TGGCAGGGCTGCTGGGCTTA,0,4354920
yadI_predicted,0.02564102564102564,38,38,TGGCACAGGAGAATGAGCTG,0,4304386
yadI_predicted,0.02564102564102564,38,38,TGAAGGGCGGTCGCAGCAAA,0,4346154
yadI_predicted,0.02564102564102564,38,38,TCTTATGCGTTCGAGGGCTT,0,4353287
yadI_predicted,0.02564102564102564,38,38,TCGATCGAGCATACCTCGAA,0,4341065
yadI_predicted,0.02564102564102564,38,38,TCCTTTGGATACGGCACCCG,0,4320786
yadI_predicted,0.02564102564102564,38,38,TATGTCTGGTCAGATCTATA,0,4318776
yadI_predicted,0.02564102564102564,38,38,TAGCGGTTTGCACCGTCGCA,0,4315982
yadI_predicted,0.02564102564102564,38,38,TAACCCTTGGAAGCTTTAGG,0,4332452
yadI_predicted,0.02564102564102564,38,38,GTTTCCTCTATGCACGATGC,0,4340690
yadI_predicted,0.02564102564102564,38,38,GTTCTGATTTGTCACCCTTT,0,4363351
yadI_predicted,0.02564102564102564,38,38,GTGACTCAGGATAGCTATTA,0,4364736
yadI_predicted,0.02564102564102564,38,38,GGTTCCGGGCCGTACCCGCA,0,4335206
yadI_predicted,0.02564102564102564,38,38,GGGGGTGAACAAAGGCGGTA,0,4345715
yadI_predicted,0.02564102564102564,38,38,GGGAGTCCCACCTGATGGAT,0,4288220
yadI_predicted,0.02564102564102564,38,38,GGCTCTGGGGTTAACCGGTA,0,4348978
yadI_predicted,0.02564102564102564,38,38,GCTAGGGGCTAAACTCATCA,0,4335679
yadI_predicted,0.02564102564102564,38,38,GCATGGTATGTCGATCGTCG,0,4286105
yadI_predicted,0.02564102564102564,38,38,GATTCTGGCTTGTAGGGTGC,0,4363726
yadI_predicted,0.02564102564102564,38,38,GATAACTCCAATGCCTGTCC,0,4341444
yadI_predicted,0.02564102564102564,38,38,GACCAGTTGCGACATGACTT,0,4355149
yadI_predicted,0.02564102564102564,38,38,GAAATTTTAGAGAGCTGCTG,0,4294607
yadI_predicted,0.02564102564102564,38,38,CTGGCTGACCCCTGTGAGGA,0,4358460
yadI_predicted,0.02564102564102564,38,38,CTATCTACGACCCTCGGAAT,0,4338932
yadI_predicted,0.02564102564102564,38,38,CGTCACTAACATTGCTAATT,0,4335203
yadI_predicted,0.02564102564102564,38,38,CGCACCCAATGTATAAGGAA,0,4359758
yadI_predicted,0.02564102564102564,38,38,CCTCGTCAAGAGTAGGTATT,0,4322752
yadI_predicted,0.02564102564102564,38,38,CAGTTAACGACCGTTTATAG,0,4344421
yadI_predicted,0.02564102564102564,38,38,CAGGACACCTGGTCAGATCC,0,4336000
yadI_predicted,0.02564102564102564,38,38,ATGTCTGGTTGGTTGTAGGG,0,4287449
yadI_predicted,0.02564102564102564,38,38,ATCCACGAAGAGTATACCAT,0,4344600
yadI_predicted,0.02564102564102564,38,38,AGGCCTCGAATAACGAAGAG,0,4347579
yadI_predicted,0.02564102564102564,38,38,AGCCTACATAGCATGGGTGT,0,4290589
yadI_predicted,0.02564102564102564,38,38,ACTTAACCGGGTGCGGCATA,0,4344706
yadI_predicted,0.02564102564102564,38,38,ACTGGAGCTCGGCGGGCTTG,0,4318248
yadI_predicted,0.02564102564102564,38,38,ACGAACACTTGTCAATCACG,0,4306351
yadI_predicted,0.02564102564102564,38,38,AACCAGGAATTCACAGCAGG,0,4287614
yadI_predicted,0.02564102564102564,38,38,AAAGGCCGGACAGCTTAGGA,0,4329020
yadI_predicted,0.02564102564102564,38,38,AAACTGGACAAATGGTTATG,0,4330800
yadI_predicted,0.02631578947368421,37,37,TTCTATGGTACCCGTGAAGT,0,4291969
yadI_predicted,0.02631578947368421,37,37,TTCTAATACGGATGTTGGGA,0,4367739
yadI_predicted,0.02631578947368421,37,37,TGTTCGTTGCCTTATGCATT,0,4306034
yadI_predicted,0.02631578947368421,37,37,TGTGTTAACCGTACTCACGA,0,4288493
yadI_predicted,0.02631578947368421,37,37,TCGCGATAGTGGTGCGTATG,0,4347626
yadI_predicted,0.02631578947368421,37,37,TAGATCCCACAGGGTATCGT,0,4323226
yadI_predicted,0.02631578947368421,37,37,TACCGGTCCAACAATCAAGC,0,4323114
yadI_predicted,0.02631578947368421,37,37,TAAGTAGCGTGCTGCCGCTA,0,4324677
yadI_predicted,0.02631578947368421,37,37,GTTGGCGCTTATTGTCTCGC,0,4327515
yadI_predicted,0.02631578947368421,37,37,GGAGGATAGCCATGCTTGAG,0,4333118
yadI_predicted,0.02631578947368421,37,37,GCTTAGAGCGAAAGGGCAGT,0,4350925
yadI_predicted,0.02631578947368421,37,37,GCAATTACGGTCTGTTCATC,0,4299180
yadI_predicted,0.02631578947368421,37,37,GACCTGATCAGGGAAGTAGA,0,4300186
yadI_predicted,0.02631578947368421,37,37,GAAGTGTCAAAACCGGACTT,0,4327228
yadI_predicted,0.02631578947368421,37,37,GAACTGTTACTGCGCCCGAT,0,4364597
yadI_predicted,0.02631578947368421,37,37,CTTTGAACAGAAGGAGCTCA,0,4319445
yadI_predicted,0.02631578947368421,37,37,CTAGCAGCCGTTTGGCGTCA,0,4302164
yadI_predicted,0.02631578947368421,37,37,CGCACCTCCTAATAGGATCT,0,4289001
yadI_predicted,0.02631578947368421,37,37,CGAATGTACGTGCGTGCGAT,0,4322412
yadI_predicted,0.02631578947368421,37,37,CCGACCAGAGGCCAAGGATG,0,4328626
yadI_predicted,0.02631578947368421,37,37,CCCATACCGCGTGCCTAACG,0,4307638
yadI_predicted,0.02631578947368421,37,37,CCCAAAAGGCTTTCGGGCAA,0,4350318
yadI_predicted,0.02631578947368421,37,37,CCATTGGCTATCCGTCGCCA,0,4299376
yadI_predicted,0.02631578947368421,37,37,CCAGTAAGAACCTTGCGATG,0,4343438
yadI_predicted,0.02631578947368421,37,37,CAGTCTCTGTGCCAGACCTT,0,4301226
yadI_predicted,0.02631578947368421,37,37,CACGGGTGCTCAACTAAGGG,0,4287613
yadI_predicted,0.02631578947368421,37,37,CAAGCGCCTCGCTTTGCATA,0,4358540
yadI_predicted,0.02631578947368421,37,37,CAACTATCGCGGGGGCAGTG,0,4361468
yadI_predicted,0.02631578947368421,37,37,ATCTGGTAGAAGGCACTGGT,0,4354258
yadI_predicted,0.02631578947368421,37,37,ATCGGATCCTGGAAATAAGT,0,4303220
yadI_predicted,0.02631578947368421,37,37,AGGTACAGTACCGGGGGTTC,0,4361769
yadI_predicted,0.02631578947368421,37,37,AGAGGCCCTGCTAATTGAAG,0,4285896
yadI_predicted,0.02631578947368421,37,37,ACTTCAATATCTATGGTTTA,0,4290843
yadI_predicted,0.02631578947368421,37,37,ACTTAAGGTTTTGGACATCT,0,4294305
yadI_predicted,0.02631578947368421,37,37,ACGTCCGGGCATGGCAGTGG,0,4355317
yadI_predicted,0.02631578947368421,37,37,ACGGGGCATTAGCCGTTATA,0,4298335
yadI_predicted,0.02631578947368421,37,37,AATTGGCTGGGTGCGGATCG,0,4350054
yadI_predicted,0.02702702702702703,36,36,TTGTTTTGTCACCCGTTCTT,0,4366470
yadI_predicted,0.02702702702702703,36,36,TTGTAGGCGGTTCGTTCGAT,0,4360933
yadI_predicted,0.02702702702702703,36,36,TTGGTTGGCCCACATAGAAT,0,4286181
yadI_predicted,0.02702702702702703,36,36,TTAGACTTAGATAAACCTAC,0,4358863
yadI_predicted,0.02702702702702703,36,36,TGAGCATCCTGGCTCTTCAA,0,4338575
yadI_predicted,0.02702702702702703,36,36,TGAAGTGTGCGTCTTGGAAG,0,4333379
yadI_predicted,0.02702702702702703,36,36,TCTGGATGGGCTTGGAAGAT,0,4355788
yadI_predicted,0.02702702702702703,36,36,TCCCATCCCAGCTCGGTAAA,0,4285783
yadI_predicted,0.02702702702702703,36,36,TCAGTCGGAGAGCGATAAAG,0,4357631
yadI_predicted,0.02702702702702703,36,36,TCACAGTGGCCCCCAGCGTA,0,4315913
yadI_predicted,0.02702702702702703,36,36,TAACATGGGGGACCGTCGCA,0,4305095
yadI_predicted,0.02702702702702703,36,36,GTCCATACTAGGCCCGCACA,0,4324508
yadI_predicted,0.02702702702702703,36,36,GGTACGTTCGGTAAGACCAC,0,4296422
yadI_predicted,0.02702702702702703,36,36,GCCTATATGATAAGGAGACC,0,4350252
yadI_predicted,0.02702702702702703,36,36,GCCGGGACTACCGCTGTTAG,0,4366142
yadI_predicted,0.02702702702702703,36,36,GCCGATATAATCTTCTCCGG,0,4327064
yadI_predicted,0.02702702702702703,36,36,GATGGAGTTCGAAGTTCTGA,0,4358559
yadI_predicted,0.02702702702702703,36,36,GAATCACGAAGAGTGATCAC,0,4350967
yadI_predicted,0.02702702702702703,36,36,CTTCATTAGAGATTTAAAAG,0,4301606
yadI_predicted,0.02702702702702703,36,36,CGGATGTTCGGTGGGCGGGT,0,4336373
yadI_predicted,0.02702702702702703,36,36,CGCTTTGGAGGACGCGGGGA,0,4314477
yadI_predicted,0.02702702702702703,36,36,CCTGTTGGAGGCTTTTACGG,0,4344419
yadI_predicted,0.02702702702702703,36,36,CAAGATCGGCTGCCTCTAGT,0,4308909
yadI_predicted,0.02702702702702703,36,36,ATTTGGGGCGTCACCGCTCC,0,4307855
yadI_predicted,0.02702702702702703,36,36,ATGGCTTAGCAATACGTCGT,0,4296347
yadI_predicted,0.02702702702702703,36,36,ATGGAGTTTTTAAGGAGTTG,0,4299363
yadI_predicted,0.02702702702702703,36,36,ATGGAGTGGGAAAACTTTCT,0,4349993
yadI_predicted,0.02702702702702703,36,36,ATGAGCAAGACTAGCCCGGT,0,4341113
yadI_predicted,0.02702702702702703,36,36,AGATTGAGTTTCCGATTTTT,0,4295556
yadI_predicted,0.02702702702702703,36,36,AGAGTCCTGTGCTGCTAATA,0,4318477
yadI_predicted,0.02702702702702703,36,36,ACTTGGTCTATCTGCATGCA,0,4329699
yadI_predicted,0.02702702702702703,36,36,ACATGAGTTGCTCTGCTCAC,0,4328909
yadI_predicted,0.02702702702702703,36,36,AAGCTTAAAGGGCATCTACA,0,4293012
yadI_predicted,0.02702702702702703,36,36,AACACCCATTTGCAATTGAA,0,4299414
yadI_predicted,0.027777777777777776,35,35,TTTGGCCACTATGGCAGAAA,0,4306694
yadI_predicted,0.027777777777777776,35,35,TTGACATTGAATTTCATGGA,0,4349559
yadI_predicted,0.027777777777777776,35,35,TTCCGTACTATGGGTCCCTT,0,4354038
yadI_predicted,0.027777777777777776,35,35,TGCATACATTCAACTGAATG,0,4337820
yadI_predicted,0.027777777777777776,35,35,TCTGAAAAAACTAAGTTCAT,0,4297050
yadI_predicted,0.027777777777777776,35,35,TCGATGGGTAAGGTGCAGCA,0,4304106
yadI_predicted,0.027777777777777776,35,35,TCATTCTAGATGGCATCTGT,0,4311242
yadI_predicted,0.027777777777777776,35,35,TCAGCTTCCTGATGTCGTAA,0,4289178
yadI_predicted,0.027777777777777776,35,35,TAGACTGTCCCCCTGAGGAT,0,4284816
yadI_predicted,0.027777777777777776,35,35,TACTTGGGAAACCGGCTGAG,0,4347216
yadI_predicted,0.027777777777777776,35,35,GTGAATAGATTAACCGGCCT,0,4304653
yadI_predicted,0.027777777777777776,35,35,GTCCGATGGACGCAATGAGA,0,4346403
yadI_predicted,0.027777777777777776,35,35,GTCCAGGCGAGCCTTATTTA,0,4354861
yadI_predicted,0.027777777777777776,35,35,GGCCTTCATGTGTGGGATCT,0,4306544
yadI_predicted,0.027777777777777776,35,35,GGATCTAAATGCTTCACAGA,0,4300816
yadI_predicted,0.027777777777777776,35,35,GCGGAGGTGCCGGGGACGAG,0,4340563
yadI_predicted,0.027777777777777776,35,35,GCCATTTCAGTCTTGAACTT,0,4361469
yadI_predicted,0.027777777777777776,35,35,GCACCCGACACGTCAGTCCT,0,4361826
yadI_predicted,0.027777777777777776,35,35,GAAATGGGAGTAATGGCTCA,0,4329844
yadI_predicted,0.027777777777777776,35,35,CTGAGGAATTCCCCAATGGA,0,4364535
yadI_predicted,0.027777777777777776,35,35,CGTTTTGGACGCGACAGGTA,0,4312689
yadI_predicted,0.027777777777777776,35,35,CGCCCGGACAATGGAACGAG,0,4287179
yadI_predicted,0.027777777777777776,35,35,CGACGAGCCCACAATACAAC,0,4351838
yadI_predicted,0.027777777777777776,35,35,CGACCGCAAGGGCATACGTC,0,4320953
yadI_predicted,0.027777777777777776,35,35,CGAACTTTTGTAGACATCAT,0,4302793
yadI_predicted,0.027777777777777776,35,35,CCCCCAGTAGCGTGAGCGCT,0,4332046
yadI_predicted,0.027777777777777776,35,35,CCATACAGGCGGTATTTCAT,0,4362797
yadI_predicted,0.027777777777777776,35,35,CCAAATACGACCTGGGTGAG,0,4290405
yadI_predicted,0.027777777777777776,35,35,CATACGGTACGGCCGTAATA,0,4340756
yadI_predicted,0.027777777777777776,35,35,CAGCTCCGGCTGGCATCACG,0,4288370
yadI_predicted,0.027777777777777776,35,35,CAGAACCTCAGATGTCGGTA,0,4350596
yadI_predicted,0.027777777777777776,35,35,CAAAGTTTGTGTATTGTACA,0,4363759
yadI_predicted,0.027777777777777776,35,35,ATTAACGGAAGCACTCAACT,0,4340162
yadI_predicted,0.027777777777777776,35,35,ATAAGACTCTCCCAGGAGGC,0,4295387
yadI_predicted,0.027777777777777776,35,35,AGGAAACGGTGAAAGGGCTA,0,4297126
yadI_predicted,0.027777777777777776,35,35,ACTTCTGAAATGGATCGTAC,0,4345347
yadI_predicted,0.027777777777777776,35,35,ACGGAGTTCTTGAGTCTATC,0,4354624
yadI_predicted,0.027777777777777776,35,35,AAAACATCAGTGGGGAAAAG,0,4369251
yadI_predicted,0.027777777777777776,35,35,AAAAAATATAAACGAGCTTG,0,4306139
yadI_predicted,0.02857142857142857,34,34,TTCGAGGAGGTCGTTAGTGA,0,4303368
yadI_predicted,0.02857142857142857,34,34,TTCATCCTGCTGAGCCGAAA,0,4364346
yadI_predicted,0.02857142857142857,34,34,TGTTCGCGTTCATGATCACC,0,4336903
yadI_predicted,0.02857142857142857,34,34,TCTTCGAAGAGAGTCTTGGT,0,4316212
yadI_predicted,0.02857142857142857,34,34,TCATGACAACGAAGTTCCTT,0,4334832
yadI_predicted,0.02857142857142857,34,34,GTTTCCTGCGATGTCTAGGG,0,4312416
yadI_predicted,0.02857142857142857,34,34,GTGTTTTCGGAGTTCTTAAA,0,4333537
yadI_predicted,0.02857142857142857,34,34,GTGCAATGGCAGTGTACTCA,0,4290711
yadI_predicted,0.02857142857142857,34,34,GTCGTTACGATCGACCGCTA,0,4353875
yadI_predicted,0.02857142857142857,34,34,GTCGTCCGTACTCCGGTGGC,0,4327342
yadI_predicted,0.02857142857142857,34,34,GGCCGACCTCATGCGGGGCT,0,4345440
yadI_predicted,0.02857142857142857,34,34,GCGTGGTTCCAAGACATTCG,0,4331542
yadI_predicted,0.02857142857142857,34,34,GCGGGCCACACCCCCCTGGA,0,4287176
yadI_predicted,0.02857142857142857,34,34,GCGCACGGTAAACGGGCTCA,0,4331575
yadI_predicted,0.02857142857142857,34,34,GCGAGAGTGAGGCTGGCTCG,0,4291684
yadI_predicted,0.02857142857142857,34,34,GATTGGCGACATGATTCTCC,0,4296216
yadI_predicted,0.02857142857142857,34,34,GATTAGCATGTGACATTGGA,0,4345168
yadI_predicted,0.02857142857142857,34,34,GATGTCGGCTGGACGGTAAG,0,4310582
yadI_predicted,0.02857142857142857,34,34,GAGGACTCACTTAAACCGGA,0,4319946
yadI_predicted,0.02857142857142857,34,34,GAACTCCGACCGAAACACGT,0,4309615
yadI_predicted,0.02857142857142857,34,34,GAACACGAGGTCCTTTCTAG,0,4367125
yadI_predicted,0.02857142857142857,34,34,CTCTTGTTCCCATTCTCTAC,0,4350660
yadI_predicted,0.02857142857142857,34,34,CTCCATCTCGGCAGACACCT,0,4313632
yadI_predicted,0.02857142857142857,34,34,CTAGGTGTACAAGGGATAAG,0,4307459
yadI_predicted,0.02857142857142857,34,34,CTACTTTTCGCCACAGACGA,0,4299187
yadI_predicted,0.02857142857142857,34,34,CGTACTTAAGAGGTAATATC,0,4313301
yadI_predicted,0.02857142857142857,34,34,CGGCAACATGCGACCAGCGG,0,4318834
yadI_predicted,0.02857142857142857,34,34,CGCGTTTAGTGAAAGTTTGG,0,4325860
yadI_predicted,0.02857142857142857,34,34,CGCCCGAGTATTGATAGTTC,0,4338364
yadI_predicted,0.02857142857142857,34,34,CATTGATAGAAGTAGTTCAA,0,4322680
yadI_predicted,0.02857142857142857,34,34,CAGTCAGTGTACTCGTGTGC,0,4298482
yadI_predicted,0.02857142857142857,34,34,CACGTGTGCTGCGGGCTCCA,0,4329905
yadI_predicted,0.02857142857142857,34,34,CACATCGGAAGGCAACCGAA,0,4344729
yadI_predicted,0.02857142857142857,34,34,CAATAACGTTAATGTTTCGA,0,4284944
yadI_predicted,0.02857142857142857,34,34,CAACTTCGCGTTACGAAGCC,0,4346030
yadI_predicted,0.02857142857142857,34,34,CAAATCGCATCAGGTTAAAG,0,4367673
yadI_predicted,0.02857142857142857,34,34,CAAACATCATCATCCAGCGG,0,4288726
yadI_predicted,0.02857142857142857,34,34,ATTTCGGCCCATGGACGCAT,0,4321144
yadI_predicted,0.02857142857142857,34,34,ATGTGGGCTGCGACTCCTTG,0,4343498
yadI_predicted,0.02857142857142857,34,34,ATCGCCACTAAAGCGAGAAA,0,4296309
yadI_predicted,0.02857142857142857,34,34,AGTTAGACTCACGCCAGACC,0,4292868
yadI_predicted,0.02857142857142857,34,34,AGTGTTCAGTCGCTCGAAGA,0,4358010
yadI_predicted,0.02857142857142857,34,34,AGGTTTTGTGCGCCTAGCCG,0,4345973
yadI_predicted,0.02857142857142857,34,34,AGGGAATTTCGCAAGCGCCT,0,4328036
yadI_predicted,0.02857142857142857,34,34,AGGCGCATGCCTTGTTCTAC,0,4348597
yadI_predicted,0.02857142857142857,34,34,ACGTCAGACATAATGAACGG,0,4366614
yadI_predicted,0.02857142857142857,34,34,ACCTCGCCTCAGATACTCAT,0,4287234
yadI_predicted,0.02857142857142857,34,34,ACATCTAGAGCAAATCCCAT,0,4318192
yadI_predicted,0.02857142857142857,34,34,ACACGTGAGAATTATCGTAG,0,4301238
yadI_predicted,0.02857142857142857,34,34,ACACGGTTGCTCCCAGATAA,0,4315732
yadI_predicted,0.02857142857142857,34,34,ACACAAAAAACATAGGTTCT,0,4352483
yadI_predicted,0.02857142857142857,34,34,AAGGTCCGCGGCTATAGACA,0,4314063
yadI_predicted,0.02857142857142857,34,34,AAAAAAGAATTCTCGCCCTC,0,4305277
yadI_predicted,0.029411764705882353,33,33,TTTGCGCGACGCGATTAGAT,0,4348696
yadI_predicted,0.029411764705882353,33,33,TTTAGTGATGCGGCCAACAT,0,4337987
yadI_predicted,0.029411764705882353,33,33,TTGTGAGCGGTGCTTGCGAT,0,4284244
yadI_predicted,0.029411764705882353,33,33,TTGCGCTCCTTAGGTCAGGG,0,4291480
yadI_predicted,0.029411764705882353,33,33,TGTGACTCCGTCATTAGGAC,0,4344073
yadI_predicted,0.029411764705882353,33,33,TGGATTTCTGCCTCCGAATT,0,4323640
yadI_predicted,0.029411764705882353,33,33,TGCGTAACCGATACGGGGAT,0,4305097
yadI_predicted,0.029411764705882353,33,33,TGACGGGGATCACGCAATCA,0,4346933
yadI_predicted,0.029411764705882353,33,33,TCCATACCCCGGCATCCCGA,0,4322829
yadI_predicted,0.029411764705882353,33,33,TATTTCGATATTTTTCTCTA,0,4340305
yadI_predicted,0.029411764705882353,33,33,TACACGGTCTTGCCTTTTTT,0,4325934
yadI_predicted,0.029411764705882353,33,33,GTGTACGCCTGTAGAACTGG,0,4325785
yadI_predicted,0.029411764705882353,33,33,GTCGCGAAGGTTCGTGTAGT,0,4317057
yadI_predicted,0.029411764705882353,33,33,GTAAAGATACTAACGTGTGC,0,4353747
yadI_predicted,0.029411764705882353,33,33,GGTATTCCATGCGACCGCTA,0,4309836
yadI_predicted,0.029411764705882353,33,33,GGTAGACCAAGCGGGCCTAT,0,4336443
yadI_predicted,0.029411764705882353,33,33,GGGTCTCTGGGTGGAGTGGT,0,4294498
yadI_predicted,0.029411764705882353,33,33,GGGCTGGGCACTTGTAGAGC,0,4349819
yadI_predicted,0.029411764705882353,33,33,GGACCCGGCGGACGCCTATC,0,4289472
yadI_predicted,0.029411764705882353,33,33,GCGGATCGACGAGTTGGTCT,0,4369393
yadI_predicted,0.029411764705882353,33,33,GCATCTATTCCTGCTCGTTG,0,4338897
yadI_predicted,0.029411764705882353,33,33,GAAAGGGTCCCATGGAATGA,0,4303011
yadI_predicted,0.029411764705882353,33,33,CTTTCTTTCGAGACTCAAAC,0,4306140
yadI_predicted,0.029411764705882353,33,33,CTGCGGATGAATGCTGCGAT,0,4313915
yadI_predicted,0.029411764705882353,33,33,CTATCTAGGTCCATCTTGGA,0,4316431
yadI_predicted,0.029411764705882353,33,33,CGTGTGAGGGTAGGTTATAC,0,4298246
yadI_predicted,0.029411764705882353,33,33,CGGGCAACGAGCTCACGCTA,0,4311694
yadI_predicted,0.029411764705882353,33,33,CGGCGTATACGAGCTTATGA,0,4340370
yadI_predicted,0.029411764705882353,33,33,ATTGGGGTCCGCGGTGCCTG,0,4291250
yadI_predicted,0.029411764705882353,33,33,ATATTTTTATTAGTCGAAAC,0,4327449
yadI_predicted,0.029411764705882353,33,33,ATATCGGTCGAGGAATAGAC,0,4347507
yadI_predicted,0.029411764705882353,33,33,ATATCAGAAGTTTAATTGCG,0,4293427
yadI_predicted,0.029411764705882353,33,33,ATAAAGTTGCTGTCGAGGTG,0,4295685
yadI_predicted,0.029411764705882353,33,33,AGGGGGACTAAAGGGAGTGT,0,4290478
yadI_predicted,0.029411764705882353,33,33,AGGGGATCAAATTCTGGATT,0,4293498
yadI_predicted,0.029411764705882353,33,33,AGCTGTCCAAGTTGCTGATG,0,4308821
yadI_predicted,0.029411764705882353,33,33,AGCGTTGCCTATAAGGGCGT,0,4349038
yadI_predicted,0.029411764705882353,33,33,AGCGTAGGAATTAGAGTTTC,0,4344005
yadI_predicted,0.029411764705882353,33,33,AGCCCACGGAGGGTGCGCCT,0,4345944
yadI_predicted,0.029411764705882353,33,33,ACTCGACAGGGGATGGAATG,0,4351565
yadI_predicted,0.029411764705882353,33,33,ACTAAGATTAAGTTTGGTAC,0,4329585
yadI_predicted,0.029411764705882353,33,33,ACCGGGCGCAAATCCAATGA,0,4313276
yadI_predicted,0.029411764705882353,33,33,ACCCGGTGGGCGGATTGCGT,0,4292864
yadI_predicted,0.029411764705882353,33,33,AATGCGCTAATAAGAAATAC,0,4332245
yadI_predicted,0.029411764705882353,33,33,AATGATGACAGCGCACTAAA,0,4344907
yadI_predicted,0.029411764705882353,33,33,AAGTACGACGCTGGCGACCA,0,4326847
yadI_predicted,0.029411764705882353,33,33,AACACAAGGCGCCGCAGGAG,0,4296463
yadI_predicted,0.030303030303030304,32,32,TTTCGCCCTTTTGGGGAAGA,0,4336704
yadI_predicted,0.030303030303030304,32,32,TTGCCAATATTTGTGATGGG,0,4363673
yadI_predicted,0.030303030303030304,32,32,TTCAACGTTTGTGTATCATG,0,4360743
yadI_predicted,0.030303030303030304,32,32,TGTCCGCTGAGAGCTTCGCT,0,4313850
yadI_predicted,0.030303030303030304,32,32,TGGTACGGTTCCCAAGGTGA,0,4304375
yadI_predicted,0.030303030303030304,32,32,TGGCCTCAAAAAACTCGAAT,0,4313104
yadI_predicted,0.030303030303030304,32,32,TGCTAACCATTTGTGAGCGC,0,4319128
yadI_predicted,0.030303030303030304,32,32,TGCGAACCTGCGCCGTACCT,0,4357378
yadI_predicted,0.030303030303030304,32,32,TGCCCCACGCCCCAAGACAG,0,4288867
yadI_predicted,0.030303030303030304,32,32,TGAGGAGGGGCGAACACTCG,0,4293799
yadI_predicted,0.030303030303030304,32,32,TCGCAGTCTTTCCATCTGCA,0,4347777
yadI_predicted,0.030303030303030304,32,32,TATCAGATGGAATACCACGA,0,4367282
yadI_predicted,0.030303030303030304,32,32,TATAGGGGAACTAGAGGATC,0,4366618
yadI_predicted,0.030303030303030304,32,32,TACCTTGAACGGTTAATTCG,0,4311721
yadI_predicted,0.030303030303030304,32,32,TAATTGTCTATCTGTGCGCA,0,4304940
yadI_predicted,0.030303030303030304,32,32,TAACGTGGAAAGCCTTGCTA,0,4326713
yadI_predicted,0.030303030303030304,32,32,GTTTATCGCGATCTCAATGG,0,4357926
yadI_predicted,0.030303030303030304,32,32,GTGCAACGCAGGGGTCCGCA,0,4365288
yadI_predicted,0.030303030303030304,32,32,GTCTCGGGCGTCAGGGCATT,0,4349871
yadI_predicted,0.030303030303030304,32,32,GGTTGCCGGGGACAGCAGGG,0,4339259
yadI_predicted,0.030303030303030304,32,32,GGTCACCACCTGAAGCCCCC,0,4352413
yadI_predicted,0.030303030303030304,32,32,GGGCCGCTCCGGGTCTGTGG,0,4364860
yadI_predicted,0.030303030303030304,32,32,GGCTAGGTTACGTTGCCTCA,0,4338261
yadI_predicted,0.030303030303030304,32,32,GGCCTCAGGAGCCGGGCGAT,0,4354803
yadI_predicted,0.030303030303030304,32,32,GGCATCCCAACTGCTCATGG,0,4297916
yadI_predicted,0.030303030303030304,32,32,GGACGCTTGTCCGTAGGCAA,0,4358098
yadI_predicted,0.030303030303030304,32,32,GGACCTACCGATACTGATCC,0,4361716
yadI_predicted,0.030303030303030304,32,32,GGAAGTCCTGAGTGGAGCTG,0,4350651
yadI_predicted,0.030303030303030304,32,32,GCGACTGAGATCGCGGCACC,0,4284890
yadI_predicted,0.030303030303030304,32,32,GCCTCCGATCACTCCAGGGT,0,4329259
yadI_predicted,0.030303030303030304,32,32,GCAGAAGTCGAGGGTCGTCA,0,4328150
yadI_predicted,0.030303030303030304,32,32,GACGCGAGGGCGATTTGCAA,0,4298040
yadI_predicted,0.030303030303030304,32,32,CTTTTACCTAACCGGGGAAT,0,4299120
yadI_predicted,0.030303030303030304,32,32,CTTGTTACCCCCCCACTCTC,0,4291579
yadI_predicted,0.030303030303030304,32,32,CTTCGGTGTCTCTGCATATG,0,4288577
yadI_predicted,0.030303030303030304,32,32,CGGCTGTGGGAAAGAGCCCT,0,4323867
yadI_predicted,0.030303030303030304,32,32,CGGCGCAATAAACTGTGAGA,0,4325998
yadI_predicted,0.030303030303030304,32,32,CGCGTGGCCTAAGGGAACGT,0,4343842
yadI_predicted,0.030303030303030304,32,32,CGCGAAGTCGCATAGATCAT,0,4289074
yadI_predicted,0.030303030303030304,32,32,CGATCGCCAAATAGCGTGAT,0,4302614
yadI_predicted,0.030303030303030304,32,32,CCTCTGCTGACTGCGCAGAC,0,4339133
yadI_predicted,0.030303030303030304,32,32,CCTATCCGGAGTGAGGCAGG,0,4338125
yadI_predicted,0.030303030303030304,32,32,CCCGGAGGCAGAAAGTGATC,0,4366164
yadI_predicted,0.030303030303030304,32,32,CCCCGGCGGGACAATGTAAT,0,4326474
yadI_predicted,0.030303030303030304,32,32,CATTCCTCTAGGGGTATAAG,0,4344810
yadI_predicted,0.030303030303030304,32,32,CAGTCTACGGCAGGCGATTC,0,4290587
yadI_predicted,0.030303030303030304,32,32,CAGCGGTTCATTATTGTTAT,0,4318726
yadI_predicted,0.030303030303030304,32,32,CACCATGGTGATTGGAGCGT,0,4340120
yadI_predicted,0.030303030303030304,32,32,ATTTGGACGGTAGAGTAGCT,0,4353991
yadI_predicted,0.030303030303030304,32,32,ATAACCCAACAGTACCAGAG,0,4286168
yadI_predicted,0.030303030303030304,32,32,AGGTACTCGTCGAGACACTA,0,4292734
yadI_predicted,0.030303030303030304,32,32,AGGATTAAAAGGGCGCTTAA,0,4285010
yadI_predicted,0.030303030303030304,32,32,AGGAGAAGAGGATATGGATT,0,4344509
yadI_predicted,0.030303030303030304,32,32,AGGAAGGCCAAACACAAAGC,0,4286289
yadI_predicted,0.030303030303030304,32,32,ACTGGTAGCGCCACGCAAAC,0,4319095
yadI_predicted,0.030303030303030304,32,32,ACCTTCTGTGAACGTTGACA,0,4364646
yadI_predicted,0.030303030303030304,32,32,AATTTCCCATTACCCCTGCT,0,4347379
yadI_predicted,0.030303030303030304,32,32,AACAATAAGCTATAGTCGCA,0,4325334
yadI_predicted,0.030303030303030304,32,32,AAATAGGGTAGCGTGAGGTA,0,4284889
yadI_predicted,0.030303030303030304,32,32,AAACGTGTGTCCTGTTAAAA,0,4298676
yadI_predicted,0.03125,31,31,TTACGATACTGTATCGCCAA,0,4366021
yadI_predicted,0.03125,31,31,TTAATGTAGGCCGGGCTGCG,0,4331020
yadI_predicted,0.03125,31,31,TGTTGGGTAGGCATAGCGTC,0,4345065
yadI_predicted,0.03125,31,31,TGTGAGTTGATCGTGGTAAT,0,4339155
yadI_predicted,0.03125,31,31,TGTCTTACATCTATGAGGGG,0,4334171
yadI_predicted,0.03125,31,31,TGAGATGGACTTAGGGGCGT,0,4348704
yadI_predicted,0.03125,31,31,TCTTGGAGTTGTCATCATTT,0,4322466
yadI_predicted,0.03125,31,31,TCTGGCATAGGTTCGTAGAA,0,4367553
yadI_predicted,0.03125,31,31,TCGCTGGGAGGGCAAGTGAT,0,4364857
yadI_predicted,0.03125,31,31,TCACTACAGTGGCGCCGGGA,0,4300165
yadI_predicted,0.03125,31,31,TAGCTACGGCTGTAGAAGCC,0,4312446
yadI_predicted,0.03125,31,31,GTTTGCCACGTAAAAATACG,0,4326092
yadI_predicted,0.03125,31,31,GTGGGACCATCCGTTGTTTT,0,4296910
yadI_predicted,0.03125,31,31,GTCGAACGGCGGGGGGTCAT,0,4363572
yadI_predicted,0.03125,31,31,GTCCTGATGGCATTCAGTGC,0,4345040
yadI_predicted,0.03125,31,31,GTAGACCGGCGGAAAACGGC,0,4358619
yadI_predicted,0.03125,31,31,GTACAATCAGGGCGGGCGTA,0,4315655
yadI_predicted,0.03125,31,31,GTAAAGATGGAACCTGGTCA,0,4286352
yadI_predicted,0.03125,31,31,GGCTACTACCCCCCCAACCA,0,4308223
yadI_predicted,0.03125,31,31,GGCCGGGAGTGGAAATCTGT,0,4364834
yadI_predicted,0.03125,31,31,GCAGCTGTTGCCAGAAATGG,0,4295916
yadI_predicted,0.03125,31,31,GCACTACGCAACGCCTGGTC,0,4362473
yadI_predicted,0.03125,31,31,GATTGGCTCTGACGTCCCTG,0,4318424
yadI_predicted,0.03125,31,31,GATGGCGTTCGAGATAGGAG,0,4358011
yadI_predicted,0.03125,31,31,GAGCAGAGGTAACATGGGCT,0,4355502
yadI_predicted,0.03125,31,31,GACCTTCATTACATCTGTTA,0,4343304
yadI_predicted,0.03125,31,31,CTGATGACCTGTTAAGCCGA,0,4306235
yadI_predicted,0.03125,31,31,CTCCAGAAAATCGAAGATCA,0,4318069
yadI_predicted,0.03125,31,31,CTCAGCAATAGTTAAAAGGA,0,4309169
yadI_predicted,0.03125,31,31,CGTGGTGCAAGGGTCGAATG,0,4320416
yadI_predicted,0.03125,31,31,CGGTTGAGCTTGACCCACTG,0,4295888
yadI_predicted,0.03125,31,31,CGGGAATCACGGGATGCTCT,0,4301222
yadI_predicted,0.03125,31,31,CGCGATCAATTAGGCGTCCG,0,4309074
yadI_predicted,0.03125,31,31,CGCAGAGCTAGTGAGTGACT,0,4287991
yadI_predicted,0.03125,31,31,CGATCGATGCTGCTGAGTAC,0,4313481
yadI_predicted,0.03125,31,31,CGACTGAATTGCGGGTGCCG,0,4359640
yadI_predicted,0.03125,31,31,CGACCGCAGTCAATGTTACG,0,4354253
yadI_predicted,0.03125,31,31,CCTTCCTCACGGTCCCGTAG,0,4310015
yadI_predicted,0.03125,31,31,CCTGCGGCCACGAGAACGCC,0,4310964
yadI_predicted,0.03125,31,31,CCGGGTGAAGATCAGGGAAC,0,4292201
yadI_predicted,0.03125,31,31,CATAAGACTTCACTTTATTG,0,4360477
yadI_predicted,0.03125,31,31,CAGGATCACGGCAAACGCCT,0,4290341
yadI_predicted,0.03125,31,31,CAATTAGATTCGCTAGGGGT,0,4357673
yadI_predicted,0.03125,31,31,ATGTCTTGTTACGTACGGGT,0,4318303
yadI_predicted,0.03125,31,31,ATGGGTAGCGGGTGGTATGG,0,4357873
yadI_predicted,0.03125,31,31,ATGCAGCGACGGGATTTTGA,0,4355290
yadI_predicted,0.03125,31,31,ATGAGCAACTCATCTGCAAT,0,4335483
yadI_predicted,0.03125,31,31,ATCACCCCGGACGGGTGCTA,0,4286531
yadI_predicted,0.03125,31,31,ATCAAAGTGGATTGAGGTCT,0,4288885
yadI_predicted,0.03125,31,31,ATATGATCGATAACTGAGCA,0,4301474
yadI_predicted,0.03125,31,31,AGGATACCGGCGACATTTGT,0,4325001
yadI_predicted,0.03125,31,31,AGCGACGTGCGGGCTGAGAT,0,4369217
yadI_predicted,0.03125,31,31,ACTGTGGTAGCGGAATACAT,0,4343134
yadI_predicted,0.03125,31,31,ACACTAACGCCGAGCCCTTT,0,4313690
yadI_predicted,0.03125,31,31,AATTGATAAATCCCGTTGGT,0,4359810
yadI_predicted,0.03125,31,31,AATGTATATGATGTGATCAG,0,4305059
yadI_predicted,0.03125,31,31,AATAAATACTGCCTAGCGGA,0,4345995
yadI_predicted,0.03125,31,31,AACGTGTGCACGTCATAAAC,0,4354573
yadI_predicted,0.03125,31,31,AAATGGCGTTACGGAAAATA,0,4350076
yadI_predicted,0.03125,31,31,AAACCGGTGAACCTGGCAAA,0,4323873
yadI_predicted,0.03225806451612903,30,30,TTTTAGGCCTGGCCATGATT,0,4336136
yadI_predicted,0.03225806451612903,30,30,TTGGTTTAGTGTACTAAGGA,0,4308533
yadI_predicted,0.03225806451612903,30,30,TTCAAGTACGATTCCCAAGG,0,4368780
yadI_predicted,0.03225806451612903,30,30,TGTTATAAGTTGCTAGATAT,0,4299406
yadI_predicted,0.03225806451612903,30,30,TGTGACCCACACGAGATTAG,0,4294805
yadI_predicted,0.03225806451612903,30,30,TGCTCGAGTGAGTACTTTAG,0,4323397
yadI_predicted,0.03225806451612903,30,30,TGAGTTTGCAATGGGCGTGA,0,4336363
yadI_predicted,0.03225806451612903,30,30,TCGTTTTAAGCGGCGGCTCG,0,4290979
yadI_predicted,0.03225806451612903,30,30,TCGGCGTATTCCACCGTAAG,0,4321869
yadI_predicted,0.03225806451612903,30,30,TCGATACTGTATTGATATCA,0,4369483
yadI_predicted,0.03225806451612903,30,30,TCCGGAACCATAGGTGGAAA,0,4356059
yadI_predicted,0.03225806451612903,30,30,TCCGAGAAACCCACAAGGGG,0,4346214
yadI_predicted,0.03225806451612903,30,30,TCATTAGTGCTTTGTCAATT,0,4333883
yadI_predicted,0.03225806451612903,30,30,TCACAAATTAGTTCCGTCAA,0,4289686
yadI_predicted,0.03225806451612903,30,30,GTTCCTCGGCGGTATGGATC,0,4285002
yadI_predicted,0.03225806451612903,30,30,GTGCTAAAGATGGGGAAGGC,0,4340699
yadI_predicted,0.03225806451612903,30,30,GTCCTCCTCCGAGAATAAGC,0,4339816
yadI_predicted,0.03225806451612903,30,30,GTCCCGACCTGAGCGTTGTA,0,4324450
yadI_predicted,0.03225806451612903,30,30,GGTTGTGACCCTAGGAGGCA,0,4331126
yadI_predicted,0.03225806451612903,30,30,GGACAATTAGTTTGATTCGT,0,4312211
yadI_predicted,0.03225806451612903,30,30,GCTGCAGGAACAACTTAAGG,0,4308038
yadI_predicted,0.03225806451612903,30,30,GCGTACCCGCCCGTGCTCCG,0,4344651
yadI_predicted,0.03225806451612903,30,30,GCCTGATAACGTGAGTTCGA,0,4300278
yadI_predicted,0.03225806451612903,30,30,GCCTACCCAATGTGGTCCTT,0,4284335
yadI_predicted,0.03225806451612903,30,30,GCACGACGACAAGATGACTT,0,4340806
yadI_predicted,0.03225806451612903,30,30,GAGTAGTGCAGTTCTTGTTG,0,4322197
yadI_predicted,0.03225806451612903,30,30,GAGAAGTGGACTAAGCAAAC,0,4351730
yadI_predicted,0.03225806451612903,30,30,GACCGAGGTGCGGCTCCCGT,0,4361616
yadI_predicted,0.03225806451612903,30,30,GAATTCACGATCGATCGTGG,0,4309231
yadI_predicted,0.03225806451612903,30,30,CTTTACCGAGCCGGAATCAA,0,4365236
yadI_predicted,0.03225806451612903,30,30,CTCGAGAATTACAGAGGCCA,0,4296550
yadI_predicted,0.03225806451612903,30,30,CGCCGGAGGCCCAGAGTTAG,0,4294981
yadI_predicted,0.03225806451612903,30,30,CGAGTCTATAGGTAAGCTGA,0,4285507
yadI_predicted,0.03225806451612903,30,30,CGAATGTCTAGACCCAATTC,0,4335082
yadI_predicted,0.03225806451612903,30,30,CCCTGTTAAGTGAGTACGAT,0,4304490
yadI_predicted,0.03225806451612903,30,30,CACCCTGGATACTAAAACCA,0,4289136
yadI_predicted,0.03225806451612903,30,30,CAAAGATCGCTCTTCCACAA,0,4324665
yadI_predicted,0.03225806451612903,30,30,ATTATAAGGCTGAGGTCTTT,0,4332226
yadI_predicted,0.03225806451612903,30,30,ATTAATTAGGGACTCTGTAT,0,4363977
yadI_predicted,0.03225806451612903,30,30,ATGTTCCTGCATATTGTTTG,0,4321527
yadI_predicted,0.03225806451612903,30,30,ATGTGGTCGTCAAAAATTCC,0,4357010
yadI_predicted,0.03225806451612903,30,30,ATGCTACTACGACGTCAAGG,0,4345231
yadI_predicted,0.03225806451612903,30,30,ATGCCACATCGCACCTTGAA,0,4341019
yadI_predicted,0.03225806451612903,30,30,ATGCATGACTCCGGGGGGGG,0,4360797
yadI_predicted,0.03225806451612903,30,30,ATGCAGTTAGTAGATTGATT,0,4331891
yadI_predicted,0.03225806451612903,30,30,ATAGCTACTTGTGGGTCCAT,0,4326849
yadI_predicted,0.03225806451612903,30,30,ATAGATGCAACACCGGAGCC,0,4365133
yadI_predicted,0.03225806451612903,30,30,ATACGGTGGGCTCCAGCTCT,0,4307044
yadI_predicted,0.03225806451612903,30,30,ATACCTTACAGGAGACCCTC,0,4300191
yadI_predicted,0.03225806451612903,30,30,ATAAAACACTAAAGCGATAT,0,4363218
yadI_predicted,0.03225806451612903,30,30,AGTCTTCCTCAGACGGAGAT,0,4311622
yadI_predicted,0.03225806451612903,30,30,AGCCTTAAGGATCAAATTTC,0,4317270
yadI_predicted,0.03225806451612903,30,30,ACTCGGTTAAGGGGCCAGTA,0,4368484
yadI_predicted,0.03225806451612903,30,30,ACGAGCGGCTCGTCCGGGTT,0,4315326
yadI_predicted,0.03225806451612903,30,30,ACCGGATGAATCAGTGGGTG,0,4300382
yadI_predicted,0.03225806451612903,30,30,ACCGGACTTAGCCGGGTGAT,0,4367508
yadI_predicted,0.03225806451612903,30,30,ACCCGAGCGTGGATACTCAA,0,4365644
yadI_predicted,0.03225806451612903,30,30,ACCCCGTCCCTCTCGTGCCA,0,4331775
yadI_predicted,0.03225806451612903,30,30,ACCAATCGAGCCTACCTCAG,0,4293246
yadI_predicted,0.03225806451612903,30,30,AATGGCCTAATACGGCTGGC,0,4357275
yadI_predicted,0.03225806451612903,30,30,AAGGCATAAAAGGTAGCACG,0,4360775
yadI_predicted,0.03225806451612903,30,30,AACATTCTGACACATAACGG,0,4308930
yadI_predicted,0.03225806451612903,30,30,AAAGCAGCAAGTCTAGAGCT,0,4330501
yadI_predicted,0.03225806451612903,30,30,AAACTGTTCAGCACAATCCC,0,4357120
yadI_predicted,0.03333333333333333,29,29,TTTCTGCTGAGGTGCGTACA,0,4310442
yadI_predicted,0.03333333333333333,29,29,TTCGTCAAGCAGCTAATCAA,0,4328531
yadI_predicted,0.03333333333333333,29,29,TTCCTAGGAGAACGTAGGTG,0,4343361
yadI_predicted,0.03333333333333333,29,29,TTATGCGCGTGCAAAGGACT,0,4366088
yadI_predicted,0.03333333333333333,29,29,TTAGTTATCGACGGCGCTTG,0,4299756
yadI_predicted,0.03333333333333333,29,29,TTAAGAAATTGAGCACACAA,0,4302505
yadI_predicted,0.03333333333333333,29,29,TGTTACTCAGGGGGAAGGTA,0,4345344
yadI_predicted,0.03333333333333333,29,29,TGTTAACCCCGACTTGCACG,0,4292343
yadI_predicted,0.03333333333333333,29,29,TGGTTCGGTGCGTGCATGTA,0,4298876
yadI_predicted,0.03333333333333333,29,29,TGGGCTAAATAACAGTTCGA,0,4284537
yadI_predicted,0.03333333333333333,29,29,TGGCCATCAACCAACCCCTT,0,4303977
yadI_predicted,0.03333333333333333,29,29,TGCTTTCTAGGGTGGCGGCA,0,4350109
yadI_predicted,0.03333333333333333,29,29,TGCTAGAGATTGTTGGAGCT,0,4335265
yadI_predicted,0.03333333333333333,29,29,TGACGATTAAAGACCAGTGC,0,4365546
yadI_predicted,0.03333333333333333,29,29,TCTTCTCCACTGAGATCCGA,0,4293617
yadI_predicted,0.03333333333333333,29,29,TCTATGCGTTTAGATTTCGC,0,4346114
yadI_predicted,0.03333333333333333,29,29,TCCACACAAGTTAGTTAGAT,0,4305663
yadI_predicted,0.03333333333333333,29,29,TCAGCGTCGCGTTCGCAGGC,0,4287325
yadI_predicted,0.03333333333333333,29,29,TATTTGAAGTCCGATGAAGC,0,4344006
yadI_predicted,0.03333333333333333,29,29,TATTTCAGGCCTTCGTAGAG,0,4304398
yadI_predicted,0.03333333333333333,29,29,TATTCGATTAAGGATCCCAC,0,4338910
yadI_predicted,0.03333333333333333,29,29,TATATAGATAGCCTTCACGA,0,4346312
yadI_predicted,0.03333333333333333,29,29,TAGGGCGACAAAATCTGGGA,0,4309239
yadI_predicted,0.03333333333333333,29,29,TAGCGGGGAATCCTGGCCCA,0,4316802
yadI_predicted,0.03333333333333333,29,29,TACCCGAGCGAAGGGCTGGA,0,4325869
yadI_predicted,0.03333333333333333,29,29,GTTCGAAAGAGTAGGGTGAT,0,4354452
yadI_predicted,0.03333333333333333,29,29,GTGTGTCAAAGAGGGTCCCA,0,4298078
yadI_predicted,0.03333333333333333,29,29,GTGCAACCCGTATCCCCGTA,0,4302649
yadI_predicted,0.03333333333333333,29,29,GTGAGGACACACTGCGAATG,0,4314787
yadI_predicted,0.03333333333333333,29,29,GTGAGCTCGACGTCCTACGT,0,4353272
yadI_predicted,0.03333333333333333,29,29,GTCGCCATTCAGCCGGAGGA,0,4350238
yadI_predicted,0.03333333333333333,29,29,GTCCCCCTTGTCGGGGCAGA,0,4292039
yadI_predicted,0.03333333333333333,29,29,GTCCAGACCCGGCGGGCTAT,0,4360633
yadI_predicted,0.03333333333333333,29,29,GTCAAACCTTCTTTCGGTGT,0,4285318
yadI_predicted,0.03333333333333333,29,29,GTATTAGTAGGCTAGCTCTT,0,4299172
yadI_predicted,0.03333333333333333,29,29,GTAGTCAAGGAGTGAATACT,0,4339354
yadI_predicted,0.03333333333333333,29,29,GTAGTACAGAAGACCTGTAT,0,4362825
yadI_predicted,0.03333333333333333,29,29,GTACGGCTACTACAACTTTG,0,4327062
yadI_predicted,0.03333333333333333,29,29,GTAAGGACTCCCCAACTCTC,0,4303052
yadI_predicted,0.03333333333333333,29,29,GGTTCCTAGCATGCTAACGT,0,4310756
yadI_predicted,0.03333333333333333,29,29,GATCTACCGAATCCCGGTAT,0,4329393
yadI_predicted,0.03333333333333333,29,29,GAGGTAGTCGGAGTCCCGGT,0,4348739
yadI_predicted,0.03333333333333333,29,29,GACCTCGAAGGAGCGTTTGT,0,4356916
yadI_predicted,0.03333333333333333,29,29,GAATTTAGCCCAATGGATAA,0,4303008
yadI_predicted,0.03333333333333333,29,29,CTTATCACGGTCTGATAACT,0,4293295
yadI_predicted,0.03333333333333333,29,29,CTTACTTAGGAACGTTGGGG,0,4333136
yadI_predicted,0.03333333333333333,29,29,CTGGACTGAGTCCTGACCGT,0,4368740
yadI_predicted,0.03333333333333333,29,29,CTAGAGTAGTGGCGGATGTA,0,4363819
yadI_predicted,0.03333333333333333,29,29,CTAAGACGTTCGACCGACAT,0,4347022
yadI_predicted,0.03333333333333333,29,29,CGTTCACCATTTCTGGGGGA,0,4305700
yadI_predicted,0.03333333333333333,29,29,CGTACATCTTTAAGCCGGAA,0,4339104
yadI_predicted,0.03333333333333333,29,29,CGGTCGCGTCCACATGACGC,0,4297048
yadI_predicted,0.03333333333333333,29,29,CGCTTGGCAAAAAGAACGGA,0,4331990
yadI_predicted,0.03333333333333333,29,29,CGCTACCTTTACAAGGCCGC,0,4322082
yadI_predicted,0.03333333333333333,29,29,CGATGCGGCCGACCAGAAAC,0,4339466
yadI_predicted,0.03333333333333333,29,29,CGACTTTGAAGGCGAATACG,0,4313477
yadI_predicted,0.03333333333333333,29,29,CCTCTTTGAGTATATGCGGC,0,4316865
yadI_predicted,0.03333333333333333,29,29,CCGCGCCTGCCCGCGTCACA,0,4289382
yadI_predicted,0.03333333333333333,29,29,CCCTTTTTCGAGAATAAAGT,0,4304908
yadI_predicted,0.03333333333333333,29,29,CCCTGTAGAAAAAATTTGTA,0,4300454
yadI_predicted,0.03333333333333333,29,29,CCCAATAGAGTATAGAGGGC,0,4326592
yadI_predicted,0.03333333333333333,29,29,CATCCGCCCCGAGCGTCTAA,0,4343869
yadI_predicted,0.03333333333333333,29,29,CATCCCAATACTGCTCCAGG,0,4293751
yadI_predicted,0.03333333333333333,29,29,CACCCTACGGTGCATTCGTG,0,4360783
yadI_predicted,0.03333333333333333,29,29,CACCCCGCCAGGGATGGGAA,0,4362977
yadI_predicted,0.03333333333333333,29,29,CAACGTCGCGTCCCCGCGGA,0,4299577
yadI_predicted,0.03333333333333333,29,29,CAACACGTAGAGGGGATGCC,0,4351856
yadI_predicted,0.03333333333333333,29,29,ATTTACAAAGCATGGTCCAG,0,4364008
yadI_predicted,0.03333333333333333,29,29,ATTGCCACTTGCCGGCGTTG,0,4347833
yadI_predicted,0.03333333333333333,29,29,ATGTGTTCGCCGGTCTCGCC,0,4307136
yadI_predicted,0.03333333333333333,29,29,ATCTATTAGAAGTCTGTCTC,0,4364231
yadI_predicted,0.03333333333333333,29,29,AGGTATATCGGATCCAAGAT,0,4366539
yadI_predicted,0.03333333333333333,29,29,AGCCCCCGCGGTGAATGACC,0,4290983
yadI_predicted,0.03333333333333333,29,29,ACTTATTTTCAAACCAAATG,0,4327149
yadI_predicted,0.03333333333333333,29,29,ACGCCGTGTGTATAAGAGGT,0,4294176
yadI_predicted,0.03333333333333333,29,29,ACCGAGTTCTTAGTCTCATC,0,4302720
yadI_predicted,0.03333333333333333,29,29,ACCAGCTTTGACGGCCGGTA,0,4353407
yadI_predicted,0.03333333333333333,29,29,ACATCGCGGGATTTAGGCGT,0,4312869
yadI_predicted,0.03333333333333333,29,29,AATGGGGGGGGTGTGATACG,0,4342905
yadI_predicted,0.03333333333333333,29,29,AAGTCGTGGAGAATTCCAAT,0,4331196
yadI_predicted,0.03333333333333333,29,29,AAGGCTTGAGTGCTGAGGGT,0,4319542
yadI_predicted,0.03333333333333333,29,29,AAGACGGATTCTAGTGGGAA,0,4341103
yadI_predicted,0.03333333333333333,29,29,AACAACATATATACTCTGCT,0,4299783
yadI_predicted,0.03333333333333333,29,29,AAAGCCTTTCGACGGGAATA,0,4336267
yadI_predicted,0.034482758620689655,28,28,TTGTGACTTTTAGACAGAAT,0,4305398
yadI_predicted,0.034482758620689655,28,28,TTGTGACCGATAAGCACTGG,0,4349152
yadI_predicted,0.034482758620689655,28,28,TTGGGATCACCGCTCGTAGT,0,4303101
yadI_predicted,0.034482758620689655,28,28,TTGCTAGATCACAGTTTATG,0,4331352
yadI_predicted,0.034482758620689655,28,28,TTCAACGAGTCCGGGTCCGG,0,4302206
yadI_predicted,0.034482758620689655,28,28,TTATCCAATCGGCTGTGAGG,0,4329249
yadI_predicted,0.034482758620689655,28,28,TTATAGAAATGAACTGTTGG,0,4300258
yadI_predicted,0.034482758620689655,28,28,TTAGGTCTAGCGGTCTAGCA,0,4307939
yadI_predicted,0.034482758620689655,28,28,TTACAGCGTGTGCACTATCA,0,4362130
yadI_predicted,0.034482758620689655,28,28,TGTTTAGTACGTAGCCATTG,0,4365654
yadI_predicted,0.034482758620689655,28,28,TGTTCCCCAAGCGTGACTTG,0,4363676
yadI_predicted,0.034482758620689655,28,28,TGGTTGACTCGCAAACCGTA,0,4301982
yadI_predicted,0.034482758620689655,28,28,TGGTGAACCTGAGTGCAACT,0,4330243
yadI_predicted,0.034482758620689655,28,28,TGGTCCTCAGTAATAAGAAG,0,4305387
yadI_predicted,0.034482758620689655,28,28,TGCTTAGAAACCTCGTTGCG,0,4320552
yadI_predicted,0.034482758620689655,28,28,TGATTTGGGCTCTTTACACA,0,4356602
yadI_predicted,0.034482758620689655,28,28,TGATTAATTATGTGTAGCCA,0,4294429
yadI_predicted,0.034482758620689655,28,28,TCTATAGGTCGGTATGTCTC,0,4351448
yadI_predicted,0.034482758620689655,28,28,TCGTATCTGAGCTCAAGGAC,0,4308876
yadI_predicted,0.034482758620689655,28,28,TCGAGTTTGTCCGTTAGCAG,0,4290673
yadI_predicted,0.034482758620689655,28,28,TCATAGATCGCGTGATGTCA,0,4313376
yadI_predicted,0.034482758620689655,28,28,TATATTTTCGCTTGTGTCTG,0,4287754
yadI_predicted,0.034482758620689655,28,28,TATAATAATCTTTGCGATGT,0,4355409
yadI_predicted,0.034482758620689655,28,28,TAGGGCTTTGAACTTTGGTA,0,4299117
yadI_predicted,0.034482758620689655,28,28,TACGTTAGATTGGGGGAATG,0,4293882
yadI_predicted,0.034482758620689655,28,28,TACATACGTAGGCTTTCTGC,0,4296466
yadI_predicted,0.034482758620689655,28,28,TAAAACGAAAATGACAGTGG,0,4322731
yadI_predicted,0.034482758620689655,28,28,GTTCGCCACAGTCTGAGCCT,0,4299270
yadI_predicted,0.034482758620689655,28,28,GTGCGAGGTTGCCGGGTCGT,0,4293705
yadI_predicted,0.034482758620689655,28,28,GTGAGGCGAGCATCAAACTC,0,4300690
yadI_predicted,0.034482758620689655,28,28,GTCTTTGGAGATCACAAATT,0,4292153
yadI_predicted,0.034482758620689655,28,28,GTCTTGAACATTTCGCCAGA,0,4326289
yadI_predicted,0.034482758620689655,28,28,GTCTCGCCCTTAGGGCCTGT,0,4318370
yadI_predicted,0.034482758620689655,28,28,GTCCATGGAAAACGCGTTAG,0,4296334
yadI_predicted,0.034482758620689655,28,28,GTACACCTACTGGGTGGTGA,0,4288202
yadI_predicted,0.034482758620689655,28,28,GTACACCGCGTAATTCTATT,0,4327285
yadI_predicted,0.034482758620689655,28,28,GGTAGGCCTGGGATTCCCAC,0,4287028
yadI_predicted,0.034482758620689655,28,28,GGTACGGCTGCGATGTTTTA,0,4302643
yadI_predicted,0.034482758620689655,28,28,GGGTGACCTCCCTTGCTCCT,0,4315636
yadI_predicted,0.034482758620689655,28,28,GGGGTAAGTGAGAATATCAT,0,4346136
yadI_predicted,0.034482758620689655,28,28,GGCTCGTATACAGCCGCGTA,0,4329764
yadI_predicted,0.034482758620689655,28,28,GGAACGTAAGGCCCCGCGGG,0,4344568
yadI_predicted,0.034482758620689655,28,28,GCTTGTATTGGACGCACACT,0,4360917
yadI_predicted,0.034482758620689655,28,28,GCTCAGGCGGACAGTGAGCA,0,4307940
yadI_predicted,0.034482758620689655,28,28,GCTACGCTTGGGTCTGCTGT,0,4350278
yadI_predicted,0.034482758620689655,28,28,GCGTTGAGGCAAAGGTATTT,0,4352043
yadI_predicted,0.034482758620689655,28,28,GATCATAGGCACCTATGTGG,0,4341670
yadI_predicted,0.034482758620689655,28,28,GAGCCCCAGCAGACTGTCTA,0,4358995
yadI_predicted,0.034482758620689655,28,28,GAGCAAACCGACATGCCAAT,0,4329448
yadI_predicted,0.034482758620689655,28,28,GAAGCTAGTTAGCCTTTCAT,0,4365868
yadI_predicted,0.034482758620689655,28,28,CTGCGTTGTAATGCTCTCGG,0,4352486
yadI_predicted,0.034482758620689655,28,28,CTCAGCGACGTGTTTAAAAG,0,4317440
yadI_predicted,0.034482758620689655,28,28,CTATCAGCCGGTATCTGGAT,0,4330425
yadI_predicted,0.034482758620689655,28,28,CTAAGACTTCGCATACTTTC,0,4341461
yadI_predicted,0.034482758620689655,28,28,CGTTCGGGGTCGAACGACTG,0,4298869
yadI_predicted,0.034482758620689655,28,28,CGGCAAGCGTTGTAGTACTC,0,4298996
yadI_predicted,0.034482758620689655,28,28,CGCGAGACGGGACTATCTGC,0,4294820
yadI_predicted,0.034482758620689655,28,28,CGAGGCTGTGGATCTCTGAT,0,4353085
yadI_predicted,0.034482758620689655,28,28,CGAGGATGTCGGCCGTGGGT,0,4324510
yadI_predicted,0.034482758620689655,28,28,CGAGAGTATTTGTATTGGAC,0,4316164
yadI_predicted,0.034482758620689655,28,28,CCTGGATCTCTGACTACTCG,0,4331006
yadI_predicted,0.034482758620689655,28,28,CCTATGTTGTGATTCTCGTT,0,4320709
yadI_predicted,0.034482758620689655,28,28,CCTATGCGGCATGCTAATGG,0,4313490
yadI_predicted,0.034482758620689655,28,28,CCTATAGCCTCTGAAGAACC,0,4300055
yadI_predicted,0.034482758620689655,28,28,CCGGCTGTTGTCCTCGGCTC,0,4328568
yadI_predicted,0.034482758620689655,28,28,CCACTTATAACCATAAGTGA,0,4358753
yadI_predicted,0.034482758620689655,28,28,CCACGGGGAGGGGAAAGGCC,0,4315268
yadI_predicted,0.034482758620689655,28,28,CCAACGGATCATTATGTTGT,0,4295375
yadI_predicted,0.034482758620689655,28,28,CATCAACGGGCATCAACCTT,0,4301819
yadI_predicted,0.034482758620689655,28,28,CATAGCCTAAACCTGACTTC,0,4330524
yadI_predicted,0.034482758620689655,28,28,CAGTCGTTTTCCTGGGACAA,0,4331281
yadI_predicted,0.034482758620689655,28,28,CAGCTTGTGTCACGCACGGT,0,4310819
yadI_predicted,0.034482758620689655,28,28,CAGCGAGGCTCTCCGGCCCA,0,4356906
yadI_predicted,0.034482758620689655,28,28,CAGCATAATACCGATACAAA,0,4328198
yadI_predicted,0.034482758620689655,28,28,CAGCAGTAGTCAGGGACCTT,0,4321289
yadI_predicted,0.034482758620689655,28,28,CACTAATAATTGCGTTGTAC,0,4366012
yadI_predicted,0.034482758620689655,28,28,CAATCGACTCGAAGGCCTAT,0,4358748
yadI_predicted,0.034482758620689655,28,28,CAAGTCTGGTTCAAGAAAAT,0,4369171
yadI_predicted,0.034482758620689655,28,28,CAAGACGCACCTAGCGCTGC,0,4363223
yadI_predicted,0.034482758620689655,28,28,CAACTCCGGACCTCGAAATT,0,4364459
yadI_predicted,0.034482758620689655,28,28,ATCTCGGCTCTTCCAGACAA,0,4299714
yadI_predicted,0.034482758620689655,28,28,ATCTCATCGCGACTGTGAGC,0,4355109
yadI_predicted,0.034482758620689655,28,28,ATCATATGGCTGTCTGCAGC,0,4304097
yadI_predicted,0.034482758620689655,28,28,AGTCCGCTGGTTGAAGGGAC,0,4325066
yadI_predicted,0.034482758620689655,28,28,AGGTTCCGCCAGTGTGCACA,0,4341518
yadI_predicted,0.034482758620689655,28,28,AGCCTAGGGGCGGCGCTTAG,0,4309620
yadI_predicted,0.034482758620689655,28,28,AGCCGGATCGAACAGATATC,0,4315013
yadI_predicted,0.034482758620689655,28,28,AGCAGCGGTTGGAGGCGAGG,0,4304056
yadI_predicted,0.034482758620689655,28,28,ACTAACGGGGGGATGTTATG,0,4363943
yadI_predicted,0.034482758620689655,28,28,ACGTCCTCTAGGGTAATTTG,0,4317335
yadI_predicted,0.034482758620689655,28,28,ACGCAAAGGATTCTGCTAGA,0,4299489
yadI_predicted,0.034482758620689655,28,28,ACGATCAGTGGATCCATCGA,0,4348951
yadI_predicted,0.034482758620689655,28,28,ACCGCTGTTCGCCAGTGGCT,0,4289221
yadI_predicted,0.034482758620689655,28,28,ACCAGGTCGAATTTTCTGGA,0,4322544
yadI_predicted,0.034482758620689655,28,28,AATGCAGGGAACTACTTGGT,0,4347778
yadI_predicted,0.034482758620689655,28,28,AATAGTCTTGCAACCAAGTC,0,4343976
yadI_predicted,0.034482758620689655,28,28,AACCGGGCATGAACGCCATC,0,4330054
yadI_predicted,0.034482758620689655,28,28,AACACCGACTGTTTCTGCAT,0,4317843
yadI_predicted,0.034482758620689655,28,28,AAAGCCCTGCGCACTTCAAG,0,4351394
yadI_predicted,0.034482758620689655,28,28,AAAAGTTGCGCCCCCACCTG,0,4353738
yadI_predicted,0.03571428571428571,27,27,TTTTGAACTGATACTGAGCA,0,4316109
yadI_predicted,0.03571428571428571,27,27,TTTGCCCAGGGTCAGTGAGG,0,4359962
yadI_predicted,0.03571428571428571,27,27,TTTCTCGGATTGCCGGCGGG,0,4330471
yadI_predicted,0.03571428571428571,27,27,TTGGATGGCCGGGGTCGTAT,0,4357997
yadI_predicted,0.03571428571428571,27,27,TTCCTCTCGCGAGCTCACGC,0,4292302
yadI_predicted,0.03571428571428571,27,27,TTCCATAAGGAAAATCAGAC,0,4326629
yadI_predicted,0.03571428571428571,27,27,TTCATGTAGGATATCGTAAC,0,4330372
yadI_predicted,0.03571428571428571,27,27,TTATACGTGTCCGCACTAGA,0,4329405
yadI_predicted,0.03571428571428571,27,27,TGGTACCACCGTCGTTGATG,0,4308869
yadI_predicted,0.03571428571428571,27,27,TGGCTGTCTTGCTTCCGCTG,0,4362485
yadI_predicted,0.03571428571428571,27,27,TGCCGACACGGTTCCGGCTC,0,4365175
yadI_predicted,0.03571428571428571,27,27,TGACTTCTGGTATCGCTCGT,0,4323227
yadI_predicted,0.03571428571428571,27,27,TGACTACGGCGCGCCTACAA,0,4305699
yadI_predicted,0.03571428571428571,27,27,TCTGCAACTTTTCAACTCCA,0,4290679
yadI_predicted,0.03571428571428571,27,27,TCTATATTTTCCTCGGGGCA,0,4362011
yadI_predicted,0.03571428571428571,27,27,TCTAATCAAATAAGCATTAG,0,4318478
yadI_predicted,0.03571428571428571,27,27,TCGGACTAGCGGTGAATTTG,0,4343254
yadI_predicted,0.03571428571428571,27,27,TCCGTGTGCGGGACCCGAAC,0,4318971
yadI_predicted,0.03571428571428571,27,27,TCCGTAAGGGGCTTCTCGAA,0,4363458
yadI_predicted,0.03571428571428571,27,27,TCATAGTGCCTAGAAATGGC,0,4352461
yadI_predicted,0.03571428571428571,27,27,TCACACTAGGCTGTTCGCTA,0,4331403
yadI_predicted,0.03571428571428571,27,27,TATATGACCGGCGTGCCTCA,0,4327503
yadI_predicted,0.03571428571428571,27,27,TAGCACGAGAATAACTAAAA,0,4344596
yadI_predicted,0.03571428571428571,27,27,TACTGAGGCACTATTGCTTG,0,4341138
yadI_predicted,0.03571428571428571,27,27,TACCCCCCAGCTGCATATTT,0,4357634
yadI_predicted,0.03571428571428571,27,27,TAAAACGTGGGACCTTGACA,0,4348517
yadI_predicted,0.03571428571428571,27,27,GTTAGTAATCAGATTAGACT,0,4366823
yadI_predicted,0.03571428571428571,27,27,GTGTTCAAGTACGTTCGAGT,0,4356003
yadI_predicted,0.03571428571428571,27,27,GTGTATGCAGGCTTAAGAAA,0,4329518
yadI_predicted,0.03571428571428571,27,27,GTGATATCACCCGCCAGTCT,0,4335006
yadI_predicted,0.03571428571428571,27,27,GTGATATAAGCAACGACCTT,0,4359541
yadI_predicted,0.03571428571428571,27,27,GTCAGCGCGTACGGGAGGGG,0,4328388
yadI_predicted,0.03571428571428571,27,27,GTATCTGGTGTGTAATACGC,0,4350512
yadI_predicted,0.03571428571428571,27,27,GTAGTCAGTTGGTTAGAGGA,0,4331182
yadI_predicted,0.03571428571428571,27,27,GTAGGTATATAAGGCTTTCG,0,4366123
yadI_predicted,0.03571428571428571,27,27,GTACGAGCGATGCCTATCAA,0,4319448
yadI_predicted,0.03571428571428571,27,27,GTACCTCTTGTGATGTGTGG,0,4329240
yadI_predicted,0.03571428571428571,27,27,GGTTTTTGTGGTTACCTTAT,0,4354858
yadI_predicted,0.03571428571428571,27,27,GGCTTCGGCGCTACGGATGG,0,4310959
yadI_predicted,0.03571428571428571,27,27,GGCCGTCACGGACGGGAACT,0,4290909
yadI_predicted,0.03571428571428571,27,27,GGCCAATACAACCGATTGAT,0,4286710
yadI_predicted,0.03571428571428571,27,27,GGCACATGTCGCCCTTAAAG,0,4305499
yadI_predicted,0.03571428571428571,27,27,GGACGGGTCCTGCGATAGTC,0,4324829
yadI_predicted,0.03571428571428571,27,27,GCTTGATTTCGACTTCCAGC,0,4313079
yadI_predicted,0.03571428571428571,27,27,GCTTATAATTTTCGCTCTTG,0,4336532
yadI_predicted,0.03571428571428571,27,27,GCCTCACGTAAGCACACGCC,0,4303666
yadI_predicted,0.03571428571428571,27,27,GCCTAGGGTCCGTACGCTAA,0,4298647
yadI_predicted,0.03571428571428571,27,27,GATTAGACCCGACCCCACCA,0,4357424
yadI_predicted,0.03571428571428571,27,27,GATGTACGGAGACGGCCCAC,0,4332953
yadI_predicted,0.03571428571428571,27,27,GATGACTACCTATTGGTTAT,0,4329533
yadI_predicted,0.03571428571428571,27,27,GAGTACAGGGCTCAGTATAA,0,4362476
yadI_predicted,0.03571428571428571,27,27,GAATAATATGGAGACAGTCA,0,4362969
yadI_predicted,0.03571428571428571,27,27,GAAGGCCTGGTACATGTGTT,0,4346086
yadI_predicted,0.03571428571428571,27,27,CTGCCGGTGGTTTGTAGTAT,0,4322027
yadI_predicted,0.03571428571428571,27,27,CTGAGGGCTAATTCAGAAGA,0,4309546
yadI_predicted,0.03571428571428571,27,27,CTAACCAACAGCGCCCAGTG,0,4287145
yadI_predicted,0.03571428571428571,27,27,CGTCAAATCGGATAACGGCA,0,4347377
yadI_predicted,0.03571428571428571,27,27,CGGGTGAACATTTACTGGTT,0,4328344
yadI_predicted,0.03571428571428571,27,27,CGCGTTTTGGTAAAGTTGGA,0,4296176
yadI_predicted,0.03571428571428571,27,27,CGCGCATTCGTGTGTGGTCT,0,4347688
yadI_predicted,0.03571428571428571,27,27,CGCAGTATCGCTAACGAGAC,0,4303285
yadI_predicted,0.03571428571428571,27,27,CGATAAAACTTGGGTAGATT,0,4310186
yadI_predicted,0.03571428571428571,27,27,CGAATAGGAGGCCAGGTGCG,0,4324747
yadI_predicted,0.03571428571428571,27,27,CCTGGGCGCATTCAGTTATG,0,4321063
yadI_predicted,0.03571428571428571,27,27,CCGTGCTATGCAACCCAGGA,0,4336904
yadI_predicted,0.03571428571428571,27,27,CCGCTCGTCTTGGAGCTGGT,0,4299603
yadI_predicted,0.03571428571428571,27,27,CCGCTCATTGTAAGTCGAAA,0,4364526
yadI_predicted,0.03571428571428571,27,27,CCGCGGTCGAACCGTACTCC,0,4343329
yadI_predicted,0.03571428571428571,27,27,CCCGGTCATACTACATCATG,0,4300317
yadI_predicted,0.03571428571428571,27,27,CCCGGACTTCTGGATCGATG,0,4342661
yadI_predicted,0.03571428571428571,27,27,CCCACGCCCCAGGAGCGACA,0,4303982
yadI_predicted,0.03571428571428571,27,27,CATTAAGCTTTAAGTATTAC,0,4367676
yadI_predicted,0.03571428571428571,27,27,CACTGCTACAGACCAGGTAC,0,4301472
yadI_predicted,0.03571428571428571,27,27,CAAATCTTGTCTAAACGTGA,0,4314428
yadI_predicted,0.03571428571428571,27,27,ATTCGCTGCAGAATAGGGCA,0,4367544
yadI_predicted,0.03571428571428571,27,27,ATGGCACGTTAAACAGGCTA,0,4287579
yadI_predicted,0.03571428571428571,27,27,ATGCAATCCCCGTGGCTAAC,0,4319024
yadI_predicted,0.03571428571428571,27,27,ATCTCTCTGCCTAACGAGAT,0,4360637
yadI_predicted,0.03571428571428571,27,27,ATCGTGAGGCCTCCACATTG,0,4312187
yadI_predicted,0.03571428571428571,27,27,ATAGACCTGGGGATCCAAAG,0,4366216
yadI_predicted,0.03571428571428571,27,27,AGTAACCTTCGGAGCGAAGA,0,4329458
yadI_predicted,0.03571428571428571,27,27,AGGTGGGTAGCTACGGGTGA,0,4357931
yadI_predicted,0.03571428571428571,27,27,AGGCCTGTGCACAGTGACAC,0,4301868
yadI_predicted,0.03571428571428571,27,27,AGCGGGGGTACATATAGCAT,0,4287023
yadI_predicted,0.03571428571428571,27,27,AGAATACTAAGCACGGATCC,0,4327516
yadI_predicted,0.03571428571428571,27,27,ACTTTTTCAAGTGAAGACTC,0,4304906
yadI_predicted,0.03571428571428571,27,27,ACTCGGAGAATGACGGCTAT,0,4311370
yadI_predicted,0.03571428571428571,27,27,ACTATGCGTTTGGGAATACA,0,4297197
yadI_predicted,0.03571428571428571,27,27,ACGAAGGTCATCTATACTGA,0,4314296
yadI_predicted,0.03571428571428571,27,27,ACAAATGATCAATCGGAGAG,0,4353250
yadI_predicted,0.03571428571428571,27,27,AATGTACGGATAAATTCGGG,0,4345516
yadI_predicted,0.03571428571428571,27,27,AAGCCGAAATCATCTGTTTA,0,4320212
yadI_predicted,0.03571428571428571,27,27,AACCTGGTATTCAGAAACAG,0,4288827
yadI_predicted,0.03571428571428571,27,27,AACCGTGTGCATCGTTTGCT,0,4367035
yadI_predicted,0.03571428571428571,27,27,AAATCCCGACGGGCAGAGAT,0,4359160
yadI_predicted,0.037037037037037035,26,26,TTTATTGAGACGTGGATATG,0,4286512
yadI_predicted,0.037037037037037035,26,26,TTGTAGTTTAGGCGCTGGAC,0,4362902
yadI_predicted,0.037037037037037035,26,26,TTCTTAACAACGTCCTTCGG,0,4349766
yadI_predicted,0.037037037037037035,26,26,TTCTATCGTTCATGTCGCTT,0,4301477
yadI_predicted,0.037037037037037035,26,26,TTCCATGCAGGGGCGATCCA,0,4288825
yadI_predicted,0.037037037037037035,26,26,TTCATGACTGAAACGAGATG,0,4314975
yadI_predicted,0.037037037037037035,26,26,TTACTCAATGCGCCAGGAAG,0,4288764
yadI_predicted,0.037037037037037035,26,26,TGTGGACCACTGCTCAACAA,0,4290362
yadI_predicted,0.037037037037037035,26,26,TGGTGTCCTATTACAGCATG,0,4316574
yadI_predicted,0.037037037037037035,26,26,TGGGCTCGTGAAGCATTTCA,0,4365951
yadI_predicted,0.037037037037037035,26,26,TGGCCCAGCGCATTTGTAAT,0,4354456
yadI_predicted,0.037037037037037035,26,26,TGGAAATACATTTCATATAA,0,4342683
yadI_predicted,0.037037037037037035,26,26,TGCGACCAACAAAATAATGG,0,4311243
yadI_predicted,0.037037037037037035,26,26,TGATAACGGGGTTCGCTCGT,0,4323528
yadI_predicted,0.037037037037037035,26,26,TCTTGGAGCTTACTCCATCA,0,4287644
yadI_predicted,0.037037037037037035,26,26,TCTTACCGTGGACATGTTGG,0,4362718
yadI_predicted,0.037037037037037035,26,26,TCCTGACGAAATTCGGTGGT,0,4303897
yadI_predicted,0.037037037037037035,26,26,TCCTAATCCGCGACCCTGAG,0,4335678
yadI_predicted,0.037037037037037035,26,26,TCATGATGCATTAGCTACCA,0,4312377
yadI_predicted,0.037037037037037035,26,26,TCACTCACATTGCCTCGACC,0,4369167
yadI_predicted,0.037037037037037035,26,26,TATTCGTATTTTCGCTACGA,0,4350114
yadI_predicted,0.037037037037037035,26,26,TATCTATTGTACGGTTTGGT,0,4315908
yadI_predicted,0.037037037037037035,26,26,TATACTACCTCCGAGGCCCT,0,4357427
yadI_predicted,0.037037037037037035,26,26,TACGCGTGCCCGCCGTGAAG,0,4317751
yadI_predicted,0.037037037037037035,26,26,TACCAAGATCTAAGTTCGCT,0,4338589
yadI_predicted,0.037037037037037035,26,26,TAAAGCCATCTGATGTCAGT,0,4289632
yadI_predicted,0.037037037037037035,26,26,GTTAGAGCTTGTTAGCCGGG,0,4338804
yadI_predicted,0.037037037037037035,26,26,GTGTGTGCGGTGCCGAGGTT,0,4287397
yadI_predicted,0.037037037037037035,26,26,GTCTGGTCCTCTCCAGGGAA,0,4324562
yadI_predicted,0.037037037037037035,26,26,GTCTCACATACTCTCGGCTT,0,4308221
yadI_predicted,0.037037037037037035,26,26,GGTAATAGATTGTGTGTATG,0,4310949
yadI_predicted,0.037037037037037035,26,26,GGGTCTGCTTCGAGCCAGAT,0,4303732
yadI_predicted,0.037037037037037035,26,26,GGGGCGCTGCCGTAGACCTA,0,4325079
yadI_predicted,0.037037037037037035,26,26,GGGGATGTATGTTCCTCGTG,0,4363240
yadI_predicted,0.037037037037037035,26,26,GGCCAACGGTGATTTGAGAT,0,4348623
yadI_predicted,0.037037037037037035,26,26,GGATTAGTCAAGGGTCTTGA,0,4340622
yadI_predicted,0.037037037037037035,26,26,GGATGTCCCGTGTGAGGACA,0,4296019
yadI_predicted,0.037037037037037035,26,26,GGAGTACCGTTCCATGTAAA,0,4305497
yadI_predicted,0.037037037037037035,26,26,GGAGCACCGTTGGGACCTTA,0,4300890
yadI_predicted,0.037037037037037035,26,26,GGACGGAGACCCAAGCATCG,0,4309474
yadI_predicted,0.037037037037037035,26,26,GGAAAACCTACGTTATTCTT,0,4352279
yadI_predicted,0.037037037037037035,26,26,GCTTTCAGGTCTCATCCGCC,0,4333156
yadI_predicted,0.037037037037037035,26,26,GCGTGTGGCACAGATTATGT,0,4326631
yadI_predicted,0.037037037037037035,26,26,GCGGTCGCACCATGTCCTAT,0,4306622
yadI_predicted,0.037037037037037035,26,26,GCCAGTCCGGGCGCCTTGAC,0,4321334
yadI_predicted,0.037037037037037035,26,26,GCATAGATGCGAGTTGTCAA,0,4351339
yadI_predicted,0.037037037037037035,26,26,GCAGTGATGTCTGTCCCAGA,0,4323455
yadI_predicted,0.037037037037037035,26,26,GATTGAGGTTGATTTCGAGG,0,4326462
yadI_predicted,0.037037037037037035,26,26,GAGGCTTGGCTTCGTGGCTA,0,4294046
yadI_predicted,0.037037037037037035,26,26,GAGACGCATTTGCACGATCA,0,4343360
yadI_predicted,0.037037037037037035,26,26,GACCTTGTAAGCGACCGGGT,0,4296472
yadI_predicted,0.037037037037037035,26,26,GACCAGGGGTGAGGTTGCTC,0,4287829
yadI_predicted,0.037037037037037035,26,26,GAATCCAAATTGCTGAGATG,0,4318296
yadI_predicted,0.037037037037037035,26,26,GAAAATAATCAATTCTACGA,0,4300949
yadI_predicted,0.037037037037037035,26,26,CTTTTATCGATAGGGGCCAC,0,4368517
yadI_predicted,0.037037037037037035,26,26,CTTCGGGGTATGGCGAGATA,0,4309187
yadI_predicted,0.037037037037037035,26,26,CTTAGAGCGAAACCAAATTT,0,4340057
yadI_predicted,0.037037037037037035,26,26,CTGTGCGGGCGAACAGTCAC,0,4352369
yadI_predicted,0.037037037037037035,26,26,CTGAAACGCGGGTGCCCAGC,0,4329335
yadI_predicted,0.037037037037037035,26,26,CTCTGTTGCAGGGCAGGACA,0,4338943
yadI_predicted,0.037037037037037035,26,26,CTCAGGTGTAGCAGCAGGTC,0,4315151
yadI_predicted,0.037037037037037035,26,26,CTAGTGAATACCCTTGCCGA,0,4361918
yadI_predicted,0.037037037037037035,26,26,CTACGGTTGCTGATCGTAAG,0,4288612
yadI_predicted,0.037037037037037035,26,26,CGTACTCTGAGCAACTCCAT,0,4289457
yadI_predicted,0.037037037037037035,26,26,CGGATAGGCGCCAAAAGAAG,0,4333998
yadI_predicted,0.037037037037037035,26,26,CGCGCGGATACCCTGTCCTT,0,4312442
yadI_predicted,0.037037037037037035,26,26,CGAGCAGGCCTGGAACCGCT,0,4301834
yadI_predicted,0.037037037037037035,26,26,CCTCAGTTCGACTTGCACGA,0,4321023
yadI_predicted,0.037037037037037035,26,26,CCGAAGCGATATGTGTGCTG,0,4349558
yadI_predicted,0.037037037037037035,26,26,CCCTTTTGTGGTTGGGTTTA,0,4356660
yadI_predicted,0.037037037037037035,26,26,CCCATTGGACGTCTGTACCT,0,4339416
yadI_predicted,0.037037037037037035,26,26,CATTCTCGGGGAAGACAAAA,0,4334465
yadI_predicted,0.037037037037037035,26,26,CATAGAGATGCGTCAACCTG,0,4289097
yadI_predicted,0.037037037037037035,26,26,CAGTCGTATACGTGGGTCGG,0,4353956
yadI_predicted,0.037037037037037035,26,26,CAGGGGTGGGCGAAGGACTG,0,4297637
yadI_predicted,0.037037037037037035,26,26,CAGCATAAATACGTGGGTAT,0,4329084
yadI_predicted,0.037037037037037035,26,26,CACAGGTTCATCCGAGCTAA,0,4303978
yadI_predicted,0.037037037037037035,26,26,CACAGCGCATGTATCGGCGT,0,4293433
yadI_predicted,0.037037037037037035,26,26,CACACTAAGGTTGGTAATTG,0,4293495
yadI_predicted,0.037037037037037035,26,26,CAAGCTCTGAGTCTGAGCGA,0,4352054
yadI_predicted,0.037037037037037035,26,26,CAAATACGCGTGTAACTAGA,0,4292084
yadI_predicted,0.037037037037037035,26,26,ATGCGGGGCTGGGAGGAAGT,0,4321253
yadI_predicted,0.037037037037037035,26,26,ATCCATTAGCTTTCTGACAG,0,4309364
yadI_predicted,0.037037037037037035,26,26,ATCACTTCTACTATATCTGT,0,4291470
yadI_predicted,0.037037037037037035,26,26,ATATATCGTTGATATCATCA,0,4292804
yadI_predicted,0.037037037037037035,26,26,ATACACATTATGTACACGCA,0,4297462
yadI_predicted,0.037037037037037035,26,26,AGTGGCAGTTAAGCGTTTGC,0,4316944
yadI_predicted,0.037037037037037035,26,26,AGGGACGGTCGTGCAAACGC,0,4284977
yadI_predicted,0.037037037037037035,26,26,AGGCGCGCGTCGTCAAAGCA,0,4305168
yadI_predicted,0.037037037037037035,26,26,AGCTTTGAACAAGGTGCTCA,0,4299002
yadI_predicted,0.037037037037037035,26,26,AGCCATGGAGACGTTAATTC,0,4291097
yadI_predicted,0.037037037037037035,26,26,AGCAGGGACCCATATGTCAG,0,4322539
yadI_predicted,0.037037037037037035,26,26,AGACGATGGCCATTTAACGC,0,4357870
yadI_predicted,0.037037037037037035,26,26,AGAACAGCGACACTACTCGG,0,4356199
yadI_predicted,0.037037037037037035,26,26,ACTCCTCCGCGTAGGGGAAT,0,4339749
yadI_predicted,0.037037037037037035,26,26,ACGGCTCAGCCGAGCTTCTT,0,4328420
yadI_predicted,0.037037037037037035,26,26,ACCATCGCCAACATTTTCGG,0,4364789
yadI_predicted,0.037037037037037035,26,26,ACATGTTGTTGTAATCCGTT,0,4330469
yadI_predicted,0.037037037037037035,26,26,ACAATATAGCCGCACCGACA,0,4322262
yadI_predicted,0.037037037037037035,26,26,AATACTTACCAGACCGCTTA,0,4348617
yadI_predicted,0.037037037037037035,26,26,AACGGACCGTATTGTAACTA,0,4362795
yadI_predicted,0.037037037037037035,26,26,AAATTTTTACCAGTTAGCAG,0,4326328
yadI_predicted,0.037037037037037035,26,26,AAACCTCAAATAGATTCCGG,0,4344158
yadI_predicted,0.037037037037037035,26,26,AAAACTGACGCCGTCCCGGT,0,4345232
yadI_predicted,0.037037037037037035,26,26,AAAAACCTCTGCGGGCCTTG,0,4324673
yadI_predicted,0.038461538461538464,25,25,TTTTATAGATGAGTGGCATG,0,4287018
yadI_predicted,0.038461538461538464,25,25,TTTGAGAACTAGTTCTCTAT,0,4331752
yadI_predicted,0.038461538461538464,25,25,TTTAAATTCTGGACGCAGGT,0,4312474
yadI_predicted,0.038461538461538464,25,25,TTGTTCACTAGAAAGCAATA,0,4323690
yadI_predicted,0.038461538461538464,25,25,TTGGTCGTGCGATCTACATT,0,4363290
yadI_predicted,0.038461538461538464,25,25,TTGGGGTGGCACTTTCCAAT,0,4295515
yadI_predicted,0.038461538461538464,25,25,TTGCTGGGCGAGGTCACAGT,0,4335709
yadI_predicted,0.038461538461538464,25,25,TTCTTTTATCGTACCGTATA,0,4298187
yadI_predicted,0.038461538461538464,25,25,TTCGACCGATTAACAGGCGA,0,4323604
yadI_predicted,0.038461538461538464,25,25,TTATGGTAATGGTCGGTTCG,0,4342322
yadI_predicted,0.038461538461538464,25,25,TTAGCGTGCACGCTGGACGG,0,4356703
yadI_predicted,0.038461538461538464,25,25,TTAACTACGGTGCACTAGAG,0,4317604
yadI_predicted,0.038461538461538464,25,25,TGTCGCCTACTCATTGGTAG,0,4315620
yadI_predicted,0.038461538461538464,25,25,TGTCATGCAACCTGCAAGGA,0,4367907
yadI_predicted,0.038461538461538464,25,25,TGGCGAAGCGTTTCAAATTG,0,4304839
yadI_predicted,0.038461538461538464,25,25,TGGAAGTAATGGAAAAGGTG,0,4352287
yadI_predicted,0.038461538461538464,25,25,TGCGACTGAGGTCAGGGGAG,0,4356056
yadI_predicted,0.038461538461538464,25,25,TGCCGGCCTTGCACATCGGA,0,4307497
yadI_predicted,0.038461538461538464,25,25,TCGTACGCCCTACTGATATC,0,4333679
yadI_predicted,0.038461538461538464,25,25,TCGATCATCAACATTTAGAT,0,4358943
yadI_predicted,0.038461538461538464,25,25,TCCTGTGTCTGTATTCTTAT,0,4290590
yadI_predicted,0.038461538461538464,25,25,TCCCAGAGTGCAGCACTGGT,0,4291866
yadI_predicted,0.038461538461538464,25,25,TCACATCAGCCCCCTAAGAA,0,4288974
yadI_predicted,0.038461538461538464,25,25,TAGAAACAAAGAGGTCTGCT,0,4293141
yadI_predicted,0.038461538461538464,25,25,TACCCGTCAGGATCGACTAC,0,4367430
yadI_predicted,0.038461538461538464,25,25,TAATGATAATTAGAGGTGAT,0,4352040
yadI_predicted,0.038461538461538464,25,25,TAATATTAGCAACGACCTGG,0,4311931
yadI_predicted,0.038461538461538464,25,25,TAATACTTGGTGTTGATAGG,0,4348887
yadI_predicted,0.038461538461538464,25,25,TAAATTCTATTAGCGGCGAG,0,4332297
yadI_predicted,0.038461538461538464,25,25,GTTCATCGTTTGCCAATATC,0,4317562
yadI_predicted,0.038461538461538464,25,25,GTGGCCATATGACTTAAGCT,0,4297781
yadI_predicted,0.038461538461538464,25,25,GTCGGGAACCAGAGAACGCT,0,4346755
yadI_predicted,0.038461538461538464,25,25,GTCATCACAGCGAGTTCGGG,0,4300560
yadI_predicted,0.038461538461538464,25,25,GTCATCAAAGCGAGTACTAC,0,4297068
yadI_predicted,0.038461538461538464,25,25,GTAGGCTCTACGCTGACAAA,0,4312250
yadI_predicted,0.038461538461538464,25,25,GTAACACCGCTCGTGCAGAA,0,4289223
yadI_predicted,0.038461538461538464,25,25,GGTTGATCTGATGTGAGAAA,0,4313998
yadI_predicted,0.038461538461538464,25,25,GGTTAAGAAGTCCAGTTGGG,0,4323886
yadI_predicted,0.038461538461538464,25,25,GGTCCGCCAGGCGTTTCATT,0,4357128
yadI_predicted,0.038461538461538464,25,25,GGTCCCTAAGACGCGGGTAT,0,4327467
yadI_predicted,0.038461538461538464,25,25,GGGTGTGCGGGAACAGGGTT,0,4323564
yadI_predicted,0.038461538461538464,25,25,GGGCGGTCTCAAGTAAGGCA,0,4298966
yadI_predicted,0.038461538461538464,25,25,GGCTCTTAAATCGTTGAGGT,0,4294197
yadI_predicted,0.038461538461538464,25,25,GGCTAATTGCGATAAGTGAA,0,4299269
yadI_predicted,0.038461538461538464,25,25,GGCGGCAGGGAGCGCATCGT,0,4323542
yadI_predicted,0.038461538461538464,25,25,GGCGCGCCACTGCAGACATA,0,4311916
yadI_predicted,0.038461538461538464,25,25,GGCCACAAACCAAGCGTTAC,0,4300543
yadI_predicted,0.038461538461538464,25,25,GCTAACCAGGGCACCAGCAA,0,4325189
yadI_predicted,0.038461538461538464,25,25,GCGTGCGCTCCGGGGATTGA,0,4340222
yadI_predicted,0.038461538461538464,25,25,GCGTCAGAACTCGACTCTGT,0,4358679
yadI_predicted,0.038461538461538464,25,25,GCGGCGCCATATCAAGAGTT,0,4346397
yadI_predicted,0.038461538461538464,25,25,GCGAGCCATACCAGAATAGG,0,4306285
yadI_predicted,0.038461538461538464,25,25,GCCCAAGTTTGGGGGAATTG,0,4315556
yadI_predicted,0.038461538461538464,25,25,GCCAGTTTAATGGTGAACCT,0,4325793
yadI_predicted,0.038461538461538464,25,25,GCAGGGAACTCGTTACGGAT,0,4343090
yadI_predicted,0.038461538461538464,25,25,GCAGAGCCGATAGTCGATCA,0,4356185
yadI_predicted,0.038461538461538464,25,25,GCAGAATTACCGTTCAATGG,0,4336320
yadI_predicted,0.038461538461538464,25,25,GAGTGCTCCGACGAGTCAGG,0,4293243
yadI_predicted,0.038461538461538464,25,25,GAGGGTAAATTTCGCGCTTG,0,4333327
yadI_predicted,0.038461538461538464,25,25,GAGGCGCAATTATTGGGGTA,0,4321447
yadI_predicted,0.038461538461538464,25,25,GACGAATTGGTTGCTAAACC,0,4339637
yadI_predicted,0.038461538461538464,25,25,GAACTGGCACTACCAATTGG,0,4312111
yadI_predicted,0.038461538461538464,25,25,CTTACATCAAAGAACATTAT,0,4326358
yadI_predicted,0.038461538461538464,25,25,CTGAGGCAACATATCCCAGG,0,4312867
yadI_predicted,0.038461538461538464,25,25,CTCTTCAAAGGTTGCCGGTT,0,4316874
yadI_predicted,0.038461538461538464,25,25,CTCGCAGGAAGTTCCACGTA,0,4301249
yadI_predicted,0.038461538461538464,25,25,CGTGATGCAGAATCCTACCT,0,4294724
yadI_predicted,0.038461538461538464,25,25,CGGCCCATTGTCAGCTCTGC,0,4345833
yadI_predicted,0.038461538461538464,25,25,CGCTGCTCTACCTACTCAGC,0,4292568
yadI_predicted,0.038461538461538464,25,25,CGACCACACCAAAGTGTTTG,0,4286393
yadI_predicted,0.038461538461538464,25,25,CCTTGCCCGACGGCCCAGCG,0,4351180
yadI_predicted,0.038461538461538464,25,25,CCTTAGGTAGGGCGAATCAC,0,4335515
yadI_predicted,0.038461538461538464,25,25,CCTCAGCGGTGAATCGCGAT,0,4324633
yadI_predicted,0.038461538461538464,25,25,CCGAAGCATTGCTCGGGACA,0,4313611
yadI_predicted,0.038461538461538464,25,25,CCCTCACGACTTAATAAGCG,0,4329524
yadI_predicted,0.038461538461538464,25,25,CCCGCTATTCTCTCGTCCCA,0,4357152
yadI_predicted,0.038461538461538464,25,25,CCAGGCGCGTCAGCGACTCA,0,4353933
yadI_predicted,0.038461538461538464,25,25,CATCAATGACGCTCATTGGA,0,4324404
yadI_predicted,0.038461538461538464,25,25,CATAGCTGCGAATCCAACAG,0,4303650
yadI_predicted,0.038461538461538464,25,25,CAGTAGAGAGTAGGGTCTGT,0,4324396
yadI_predicted,0.038461538461538464,25,25,CAGGGATTATCGAGTTGCCT,0,4295930
yadI_predicted,0.038461538461538464,25,25,CAGGAGCCGGGTTCTTACCC,0,4288549
yadI_predicted,0.038461538461538464,25,25,CAGAGCCAAGTATCCACCGG,0,4364279
yadI_predicted,0.038461538461538464,25,25,CACCGGGTTTTAGAGGGTAG,0,4364968
yadI_predicted,0.038461538461538464,25,25,CAATCTTCAAGATGGGTCCT,0,4292573
yadI_predicted,0.038461538461538464,25,25,ATGTTCTTGTCTTGCGGCAT,0,4329770
yadI_predicted,0.038461538461538464,25,25,ATGATTCCGTACACGGGCAA,0,4309837
yadI_predicted,0.038461538461538464,25,25,ATCTTCATTCGATCAGCTAA,0,4298129
yadI_predicted,0.038461538461538464,25,25,ATCTGCAGGTGTGTCGAGTC,0,4304726
yadI_predicted,0.038461538461538464,25,25,ATAGACCAAAGGAAAATTGT,0,4369332
yadI_predicted,0.038461538461538464,25,25,ATACGTTTTCACGTCTCCTA,0,4289062
yadI_predicted,0.038461538461538464,25,25,ATACACAACCCGGGCGTCAA,0,4286583
yadI_predicted,0.038461538461538464,25,25,AGTGACAAGGCTTAGGCGGG,0,4335419
yadI_predicted,0.038461538461538464,25,25,AGTCGCTAAACTGCTCCCTG,0,4295814
yadI_predicted,0.038461538461538464,25,25,AGTCATACGGAACGATGCGG,0,4353189
yadI_predicted,0.038461538461538464,25,25,AGTCAAGTCCTATCGCGTAG,0,4301131
yadI_predicted,0.038461538461538464,25,25,AGGGGCTCAGCGTCAAGATC,0,4346663
yadI_predicted,0.038461538461538464,25,25,AGGGAATGAGCAGGCGTAGT,0,4350825
yadI_predicted,0.038461538461538464,25,25,AGGCGTTTAACAAAAATAAC,0,4329085
yadI_predicted,0.038461538461538464,25,25,AGCGGTCGATACGGCCTATT,0,4316046
yadI_predicted,0.038461538461538464,25,25,AGATACTATGACATGGACCA,0,4350592
yadI_predicted,0.038461538461538464,25,25,AGACGGGTGGTATCAACTGA,0,4347832
yadI_predicted,0.038461538461538464,25,25,AGAAGAGTTTTCACACAGCT,0,4351235
yadI_predicted,0.038461538461538464,25,25,ACTGCACAGTCCGAACTCAA,0,4292368
yadI_predicted,0.038461538461538464,25,25,ACGTGTGTGAAGCGCTTTTA,0,4290785
yadI_predicted,0.038461538461538464,25,25,ACGGTCTGCCCATGATTCTT,0,4303234
yadI_predicted,0.038461538461538464,25,25,ACGCGTCTGGGCAGGTCAAA,0,4318257
yadI_predicted,0.038461538461538464,25,25,ACATGTCGTCAGCGTCATAA,0,4338112
yadI_predicted,0.038461538461538464,25,25,ACAGATGGTCCCGTCACAAG,0,4287715
yadI_predicted,0.038461538461538464,25,25,ACAAAGCAGGTTGACTTCAT,0,4361074
yadI_predicted,0.038461538461538464,25,25,AATTTAAGTTACTACACTAG,0,4293272
yadI_predicted,0.038461538461538464,25,25,AATTGTTGTCACAGTTCGCA,0,4318079
yadI_predicted,0.038461538461538464,25,25,AATTAAAAATACGGAGTTTA,0,4353750
yadI_predicted,0.038461538461538464,25,25,AATCTGGAACTTTTGATCGA,0,4293186
yadI_predicted,0.038461538461538464,25,25,AATATTCATGCACAGTTCAG,0,4297459
yadI_predicted,0.038461538461538464,25,25,AACGTGCAGACCTCAGAAGT,0,4314113
yadI_predicted,0.038461538461538464,25,25,AACGGACCCTGAGGTAAGGT,0,4365115
yadI_predicted,0.038461538461538464,25,25,AACGCATTTGACTGCACCCT,0,4345188
yadI_predicted,0.038461538461538464,25,25,AACACACCGTTTTGCGTTTA,0,4351118
yadI_predicted,0.038461538461538464,25,25,AAAGGGGAAACGCCCGCTTT,0,4352434
yadI_predicted,0.04,24,24,TTTTTACAGAAAACTTTGGC,0,4284891
yadI_predicted,0.04,24,24,TTTTGCTTGATCTCGGTCCG,0,4321062
yadI_predicted,0.04,24,24,TTTGTCGCTGGTGGGCTCGC,0,4350047
yadI_predicted,0.04,24,24,TTTCGCTATCCCGTAGGATT,0,4292854
yadI_predicted,0.04,24,24,TTTAACCATCAACACCGCGT,0,4347921
yadI_predicted,0.04,24,24,TTGGTGGCCTGTAGTGACAC,0,4296110
yadI_predicted,0.04,24,24,TTGGGATGGGGGGTGGCTTT,0,4336293
yadI_predicted,0.04,24,24,TTGCCACCTCTTTGTTGTTT,0,4311263
yadI_predicted,0.04,24,24,TTCTCGTAGGCACAACACGG,0,4335364
yadI_predicted,0.04,24,24,TGTTAACCCAGTTCTAGAAG,0,4295015
yadI_predicted,0.04,24,24,TGTGGATCGGAACAAGGCTG,0,4368489
yadI_predicted,0.04,24,24,TGTCGTGTTTACTCGTTGGT,0,4356441
yadI_predicted,0.04,24,24,TGGTCCTGGCTTGTCTGAAT,0,4348914
yadI_predicted,0.04,24,24,TGGGTTCCTTCGAAGGCCGG,0,4363407
yadI_predicted,0.04,24,24,TGCCCATCAACGTATAAATG,0,4306085
yadI_predicted,0.04,24,24,TGCCAGGGAAGAAGTGGATT,0,4353587
yadI_predicted,0.04,24,24,TGAGCCATCTTGTCGTATTC,0,4300057
yadI_predicted,0.04,24,24,TGAGACTCGCTGTCGGACAC,0,4323220
yadI_predicted,0.04,24,24,TGACTTGGGTTGGTCGCGTT,0,4338463
yadI_predicted,0.04,24,24,TGAACCCACTCTGGTACCAG,0,4366480
yadI_predicted,0.04,24,24,TCGTTTCCCGCGGACCGCAA,0,4311159
yadI_predicted,0.04,24,24,TCGCTGCGGACTGTGTTTGT,0,4367496
yadI_predicted,0.04,24,24,TCGCACGATGGCCGCTCTTA,0,4322134
yadI_predicted,0.04,24,24,TCCATTCCCAAAAGACCCAC,0,4300851
yadI_predicted,0.04,24,24,TCCAGATTACGATCCGTAGC,0,4353081
yadI_predicted,0.04,24,24,TATGTAAGGTTGTTAGATGA,0,4346463
yadI_predicted,0.04,24,24,TATGGGGGACGCTACTCTCT,0,4368686
yadI_predicted,0.04,24,24,TAGGAGGATGACTGCGCCGG,0,4369111
yadI_predicted,0.04,24,24,TACAAGCTGTTCCCAGGTAC,0,4288812
yadI_predicted,0.04,24,24,GTTGGACTTTGTCTAAGTTT,0,4331744
yadI_predicted,0.04,24,24,GTGTTAGGCAATAGATGTCG,0,4332135
yadI_predicted,0.04,24,24,GTGCACCCTTTGCACCATTC,0,4290031
yadI_predicted,0.04,24,24,GTATATGCCCAGGCGTCAAC,0,4353590
yadI_predicted,0.04,24,24,GGTTTTCCGTATCTTAAGCA,0,4335205
yadI_predicted,0.04,24,24,GGTTGTATAACCGAATTTCG,0,4306289
yadI_predicted,0.04,24,24,GGGGCACGCAAACATGCATA,0,4325939
yadI_predicted,0.04,24,24,GGCTATAGTCAGTCTGGCAG,0,4351592
yadI_predicted,0.04,24,24,GGCGTTCACGGGTCGGGCTG,0,4300756
yadI_predicted,0.04,24,24,GGAAGCCTGTTTGTGAACAA,0,4320902
yadI_predicted,0.04,24,24,GCGTAGGGAATGACGAACTT,0,4327792
yadI_predicted,0.04,24,24,GCGGTGCTACAGGACCATAG,0,4343133
yadI_predicted,0.04,24,24,GCGCGTTAAGATCGGGCAGC,0,4301223
yadI_predicted,0.04,24,24,GCCTTAAGCATACGAGGCTG,0,4285145
yadI_predicted,0.04,24,24,GCCATCTACAAACCTTGGAC,0,4356958
yadI_predicted,0.04,24,24,GCACATCGTTTAGGCGAGGG,0,4363184
yadI_predicted,0.04,24,24,GCACAGTCTGGAGCCGTCTT,0,4334997
yadI_predicted,0.04,24,24,GATTTCGAGCTGCGTCTCGC,0,4357098
yadI_predicted,0.04,24,24,GATCATACGCTCTGCGTGCA,0,4294636
yadI_predicted,0.04,24,24,GACGGCTGGTGCAGGTATTT,0,4319142
yadI_predicted,0.04,24,24,GACCGGGGATCGCGTATGCA,0,4318081
yadI_predicted,0.04,24,24,GACCCAGCTGCCGTGGCTCC,0,4336265
yadI_predicted,0.04,24,24,GAACTTCGCCTTGGAGAAAA,0,4309506
yadI_predicted,0.04,24,24,CTTTGCTTATGGATTTAGGA,0,4349994
yadI_predicted,0.04,24,24,CTTTAATGTCAACCGTACTG,0,4351171
yadI_predicted,0.04,24,24,CTGCACTGTTAACGTAGCCT,0,4306364
yadI_predicted,0.04,24,24,CTGCACCACCCTCTGATCCT,0,4354917
yadI_predicted,0.04,24,24,CTCTCATTCGGCCGCTCTTA,0,4336713
yadI_predicted,0.04,24,24,CTCTACCATAGCTAAACACT,0,4329538
yadI_predicted,0.04,24,24,CTCAATTTTTAATGTCTTAT,0,4350456
yadI_predicted,0.04,24,24,CTATGTACTAATCTGAGCTC,0,4297359
yadI_predicted,0.04,24,24,CTATACAGTCTCCGGTCTAT,0,4328287
yadI_predicted,0.04,24,24,CTAGCGTGGTACGACTGACA,0,4344227
yadI_predicted,0.04,24,24,CTAGCAATCAGGCAGTTCTG,0,4354388
yadI_predicted,0.04,24,24,CTAGATACAGGGGATATCTG,0,4314217
yadI_predicted,0.04,24,24,CTACTGCGCAAGGCCTTCTT,0,4306353
yadI_predicted,0.04,24,24,CGTCCATAGGGTATTCGCTG,0,4333430
yadI_predicted,0.04,24,24,CGTCAGGGATAAATATAGTG,0,4311812
yadI_predicted,0.04,24,24,CGTAAAGCGATCATAAGGCT,0,4307786
yadI_predicted,0.04,24,24,CGGTGCATGAGGACTTAACC,0,4313180
yadI_predicted,0.04,24,24,CGGGTCCGATGAAAAGGACA,0,4316419
yadI_predicted,0.04,24,24,CGGGGAAGTATGTGTAAACT,0,4290680
yadI_predicted,0.04,24,24,CGGGCGTCCACTCCGTCTTC,0,4324127
yadI_predicted,0.04,24,24,CGGCCCCTAAAACGAGCTGG,0,4318120
yadI_predicted,0.04,24,24,CGGCACACGATGCTGCTGCT,0,4333188
yadI_predicted,0.04,24,24,CGCGCTCCTGCGTTAGCTAC,0,4326541
yadI_predicted,0.04,24,24,CGCGCGTTATTATAGAGTCC,0,4285791
yadI_predicted,0.04,24,24,CGCGCGGACTATCTGTCAGG,0,4307702
yadI_predicted,0.04,24,24,CGCGAACGGAATCTGATAAC,0,4331090
yadI_predicted,0.04,24,24,CGCACTCTCCCGTCGGGTGC,0,4290989
yadI_predicted,0.04,24,24,CCTACCGTCGTCGTTAAGCT,0,4367276
yadI_predicted,0.04,24,24,CCGTCGATCATTAGTTGGGA,0,4303873
yadI_predicted,0.04,24,24,CCGCAAGTTACCACCCACCC,0,4333876
yadI_predicted,0.04,24,24,CCCGCAAGCCTACGATGCCT,0,4347149
yadI_predicted,0.04,24,24,CCCCTAAGTAAGCCGGGGCA,0,4346027
yadI_predicted,0.04,24,24,CCCAGTAAGAAGGAATTCGG,0,4335997
yadI_predicted,0.04,24,24,CCATTCCCGGGGGCGCCGCA,0,4301493
yadI_predicted,0.04,24,24,CCATACAAATACGGGTAGAA,0,4369109
yadI_predicted,0.04,24,24,CCACTCTATTGAGACAAAGA,0,4337144
yadI_predicted,0.04,24,24,CCAATGCTGGGATCGGTGAC,0,4318897
yadI_predicted,0.04,24,24,CCAATGAAACGCCACTGCCG,0,4294608
yadI_predicted,0.04,24,24,CCAAGGAACAAAGGGGGGAA,0,4353893
yadI_predicted,0.04,24,24,CATTGACTTCCTCCGATTTC,0,4307375
yadI_predicted,0.04,24,24,CATGGTTGCGGTTTCGACGT,0,4332579
yadI_predicted,0.04,24,24,CATGGTTCTCAGATGCTGGT,0,4305523
yadI_predicted,0.04,24,24,CATATGTGTGCCGACCGCAA,0,4351699
yadI_predicted,0.04,24,24,CAGGTTTACCGTTCTATCAA,0,4335639
yadI_predicted,0.04,24,24,CAGGGACCGGTGTCCTTATT,0,4293225
yadI_predicted,0.04,24,24,CAGGCGCTACACCGCTGGAG,0,4322554
yadI_predicted,0.04,24,24,CACTGTGGAGACGTGAAATC,0,4326064
yadI_predicted,0.04,24,24,CACTCCGCCTCAAACGAGTT,0,4368309
yadI_predicted,0.04,24,24,CACGTCTGTAAATAAGCCCC,0,4356661
yadI_predicted,0.04,24,24,CACCGCAGTAAGTGCTGCGG,0,4287578
yadI_predicted,0.04,24,24,CAACTATACGGCGGCGGTCG,0,4326108
yadI_predicted,0.04,24,24,ATTGGAAATCGAAACAAATG,0,4357007
yadI_predicted,0.04,24,24,ATTCTCAGTTTGTCACCAGA,0,4316364
yadI_predicted,0.04,24,24,ATTCCGGACCCCTGGTTTTA,0,4348534
yadI_predicted,0.04,24,24,ATGCGTGAAACGTTTTAATA,0,4358944
yadI_predicted,0.04,24,24,ATCGTCATGTCCGGAAAGAA,0,4361145
yadI_predicted,0.04,24,24,ATCCATAGCGTTTGCCACAT,0,4366378
yadI_predicted,0.04,24,24,ATATATAAGGGAACACATAA,0,4317689
yadI_predicted,0.04,24,24,AGTGTGATCGGTATCAGAGC,0,4339419
yadI_predicted,0.04,24,24,AGTGCAGAGCAGCTTATAAA,0,4329256
yadI_predicted,0.04,24,24,AGGAGGTAGAGCAGGATTGT,0,4355374
yadI_predicted,0.04,24,24,AGCGCGATCGCTCCGATTAT,0,4366538
yadI_predicted,0.04,24,24,AGCCTGGCGCTCCGCTCGGC,0,4345521
yadI_predicted,0.04,24,24,AGCCAAATCTGGGTGCGTCA,0,4358060
yadI_predicted,0.04,24,24,AGATAGTACGCGGAGACTCA,0,4337576
yadI_predicted,0.04,24,24,AGACAGCAGTTAGTACCGCA,0,4319871
yadI_predicted,0.04,24,24,AGACACGCGTTGTTGGGATG,0,4358339
yadI_predicted,0.04,24,24,AGAAACCAGTCATATATGCA,0,4306258
yadI_predicted,0.04,24,24,ACTGAGAAAGGTTTCTTCCG,0,4289011
yadI_predicted,0.04,24,24,ACGCTCATCAGGGCAGATTG,0,4346156
yadI_predicted,0.04,24,24,ACGCGCTTACTGGATCCGGG,0,4356073
yadI_predicted,0.04,24,24,ACCTCATTCTTTATTTAGAT,0,4357647
yadI_predicted,0.04,24,24,ACCCTGGCTGGAGCCCTCCT,0,4308599
yadI_predicted,0.04,24,24,ACCAGTGAATCGCTATTTGT,0,4333874
yadI_predicted,0.04,24,24,ACATACCGAAAGGCATAGAA,0,4360623
yadI_predicted,0.04,24,24,ACACTTGACACTTCGGTTCC,0,4368485
yadI_predicted,0.04,24,24,AATTGGTAAGAGCCTTCTTA,0,4333906
yadI_predicted,0.04,24,24,AAGGGTCGAGACTCACCCAC,0,4314518
yadI_predicted,0.04,24,24,AAGCACTTATCATGCAAACA,0,4296223
yadI_predicted,0.04,24,24,AACTGGGCTGACTGTTGCAT,0,4319134
yadI_predicted,0.04,24,24,AACAGTACCAGAAGTGGGTT,0,4332589
yadI_predicted,0.04,24,24,AACACGGATTGACGCGAATG,0,4347075
yadI_predicted,0.04,24,24,AAAGGGGCCTCTAATTGGTT,0,4344124
yadI_predicted,0.04,24,24,AAACAACTTGGGCCAATGCA,0,4326154
yadI_predicted,0.04,24,24,AAAATAGGATGCCTTCGTCA,0,4310588
yadI_predicted,0.04,24,24,AAAAAGGAGCTTTTCTGGTA,0,4315657
yadI_predicted,0.041666666666666664,23,23,TTTTTTGGATGCAGACTGGT,0,4320122
yadI_predicted,0.041666666666666664,23,23,TTTTCGCTTCATAACACTGC,0,4329212
yadI_predicted,0.041666666666666664,23,23,TTGCAAATAGGCAGGTCCTA,0,4368823
yadI_predicted,0.041666666666666664,23,23,TTCTGACAGTTGGCGCTGAA,0,4325082
yadI_predicted,0.041666666666666664,23,23,TTCGACTGAACAGTCAACGC,0,4331351
yadI_predicted,0.041666666666666664,23,23,TTCATAGCTATGCAACCCGA,0,4291919
yadI_predicted,0.041666666666666664,23,23,TTATCCGGGCAATCGCTGGA,0,4315782
yadI_predicted,0.041666666666666664,23,23,TTACTGTTCGTTTCCCGGTT,0,4317644
yadI_predicted,0.041666666666666664,23,23,TTAATGGTCGAACCCCCGTA,0,4338610
yadI_predicted,0.041666666666666664,23,23,TGTTGATAACGCAGTACTGT,0,4339939
yadI_predicted,0.041666666666666664,23,23,TGTTATGGTCGGAAACACGT,0,4362414
yadI_predicted,0.041666666666666664,23,23,TGTGGGAGACGTTCAAGGGA,0,4295563
yadI_predicted,0.041666666666666664,23,23,TGTATGTACTTTATTAGTCA,0,4309931
yadI_predicted,0.041666666666666664,23,23,TGGTGGTTCACTGGCGATAC,0,4284602
yadI_predicted,0.041666666666666664,23,23,TGGGGTTCTCAAGCCGAGAA,0,4306189
yadI_predicted,0.041666666666666664,23,23,TGGATGCCGTGCTTTGATAT,0,4302098
yadI_predicted,0.041666666666666664,23,23,TGCCCTCGGGTGGTAACCCT,0,4302549
yadI_predicted,0.041666666666666664,23,23,TGCCCGTTTCGGGGCTTACC,0,4367359
yadI_predicted,0.041666666666666664,23,23,TGATTAACAAGTTCAGGCGT,0,4349641
yadI_predicted,0.041666666666666664,23,23,TGAACCACCGGTATCGCCAA,0,4351791
yadI_predicted,0.041666666666666664,23,23,TCTGCTTAGTGCTCGTCACT,0,4328302
yadI_predicted,0.041666666666666664,23,23,TCTAGATACGGCCCGGCGCG,0,4339478
yadI_predicted,0.041666666666666664,23,23,TCTACAATGATTTTGCTCTC,0,4333306
yadI_predicted,0.041666666666666664,23,23,TCCGTGCCACTTATCGCATC,0,4363743
yadI_predicted,0.041666666666666664,23,23,TCATGCGCGTGTTGACTTGA,0,4337614
yadI_predicted,0.041666666666666664,23,23,TCAGTCTTATTGCATTTAGC,0,4357102
yadI_predicted,0.041666666666666664,23,23,TCAAATTTGATGTCGATGAT,0,4305458
yadI_predicted,0.041666666666666664,23,23,TATGTGTGTGACAGTTGGAC,0,4317169
yadI_predicted,0.041666666666666664,23,23,TATATAAAGTACAGTATTGT,0,4340882
yadI_predicted,0.041666666666666664,23,23,TATAAAGTCCGCGGAATGGA,0,4358934
yadI_predicted,0.041666666666666664,23,23,TACAACTCCAGGTAGAGCCT,0,4332458
yadI_predicted,0.041666666666666664,23,23,TAAGAGGGTGGTACCGGCAC,0,4324409
yadI_predicted,0.041666666666666664,23,23,TAACACTGGTGTAAAAACGC,0,4293765
yadI_predicted,0.041666666666666664,23,23,GTTCACGGACATACAACATT,0,4305687
yadI_predicted,0.041666666666666664,23,23,GTGGATTGTTATGGTGCTAA,0,4290647
yadI_predicted,0.041666666666666664,23,23,GTGAGCTTTCCTGGGTCCTC,0,4317910
yadI_predicted,0.041666666666666664,23,23,GTCTCGTAGATCCATCCACA,0,4325806
yadI_predicted,0.041666666666666664,23,23,GTCTCCCAAAGTCTTAATGT,0,4329253
yadI_predicted,0.041666666666666664,23,23,GTCTAACGCGTCCGCATGTG,0,4304270
yadI_predicted,0.041666666666666664,23,23,GTATTAACAGGCCCTGCTAT,0,4366310
yadI_predicted,0.041666666666666664,23,23,GGTTCGCGCCAGTGCTATAC,0,4311259
yadI_predicted,0.041666666666666664,23,23,GGTGCGTCTTAGCGGAGGGG,0,4348443
yadI_predicted,0.041666666666666664,23,23,GGTCGCTGCATCGAGGTAAT,0,4309022
yadI_predicted,0.041666666666666664,23,23,GGTACGAGCATCATCAGTGT,0,4313794
yadI_predicted,0.041666666666666664,23,23,GGGGGTCTAGCTCACGGTGC,0,4290990
yadI_predicted,0.041666666666666664,23,23,GGGCTGGGGGTCGTCCAGCC,0,4322749
yadI_predicted,0.041666666666666664,23,23,GGGCGCACTCACCGTAGTCG,0,4286292
yadI_predicted,0.041666666666666664,23,23,GGCTTAGTCGACTCTCTCGA,0,4309842
yadI_predicted,0.041666666666666664,23,23,GGCTCGGTGGCAAATTTGGG,0,4360876
yadI_predicted,0.041666666666666664,23,23,GGCGTCATCATGCTGACCCA,0,4291161
yadI_predicted,0.041666666666666664,23,23,GGCCAAATTTATTTGCCATA,0,4327852
yadI_predicted,0.041666666666666664,23,23,GGCATCCGCTTGGGTCCTGC,0,4312890
yadI_predicted,0.041666666666666664,23,23,GGCATCAAGAGGGCCGCCAC,0,4358303
yadI_predicted,0.041666666666666664,23,23,GGAGTTTCCGTTCGGTGCGT,0,4319339
yadI_predicted,0.041666666666666664,23,23,GCTTGTGGTTATGTGTTGTG,0,4284431
yadI_predicted,0.041666666666666664,23,23,GCTTCTTCATGGCGCAGTCT,0,4365178
yadI_predicted,0.041666666666666664,23,23,GCTTATTCTAGCTTTAGATC,0,4301236
yadI_predicted,0.041666666666666664,23,23,GCTAGGTCCAGGCATGGATT,0,4323064
yadI_predicted,0.041666666666666664,23,23,GCGTCTAGTTAGCGCGTCTC,0,4308222
yadI_predicted,0.041666666666666664,23,23,GCGTCGGACCGATAGAGTGA,0,4329823
yadI_predicted,0.041666666666666664,23,23,GCGGGTCTCTCCTGGGACTC,0,4302455
yadI_predicted,0.041666666666666664,23,23,GCGCTGCGCATGGACACGTT,0,4332501
yadI_predicted,0.041666666666666664,23,23,GCCTGTAGCTAGAATTGCAA,0,4323331
yadI_predicted,0.041666666666666664,23,23,GCCAGGTTCCAATGGTTTGT,0,4334568
yadI_predicted,0.041666666666666664,23,23,GCACGATGAAGGGTGATTTA,0,4339257
yadI_predicted,0.041666666666666664,23,23,GATTTCATGTTGTGACAGGT,0,4366689
yadI_predicted,0.041666666666666664,23,23,GATTGTTCGATCTTTACGAT,0,4359456
yadI_predicted,0.041666666666666664,23,23,GATGTTAACTGTTTGCTCTG,0,4321984
yadI_predicted,0.041666666666666664,23,23,GAGTGTACCATAGGATTAGA,0,4305590
yadI_predicted,0.041666666666666664,23,23,GAGGGAGTTTATACCATCAG,0,4365306
yadI_predicted,0.041666666666666664,23,23,GAGGAATTATTGATTCGGGA,0,4286112
yadI_predicted,0.041666666666666664,23,23,GACTGCCCTGCCCATAGTAC,0,4317451
yadI_predicted,0.041666666666666664,23,23,GACTCATGTAAGAGGTCCTT,0,4291801
yadI_predicted,0.041666666666666664,23,23,GAATCACAGCAAGACTCTTA,0,4336528
yadI_predicted,0.041666666666666664,23,23,GAAGGATTGTAAGCACGTTT,0,4304274
yadI_predicted,0.041666666666666664,23,23,GAAATCTCAATTTAAATCGG,0,4337685
yadI_predicted,0.041666666666666664,23,23,CTGTAAGCTGAGGGATGGCG,0,4286774
yadI_predicted,0.041666666666666664,23,23,CTGATCATTTGATTGTAGCC,0,4357245
yadI_predicted,0.041666666666666664,23,23,CTCGTCTCGCCCGGAGTCCA,0,4299305
yadI_predicted,0.041666666666666664,23,23,CGTCTCTATGAAGGTCCATT,0,4299073
yadI_predicted,0.041666666666666664,23,23,CGTCATAGTTATTTTGCGTT,0,4320838
yadI_predicted,0.041666666666666664,23,23,CGTATACAAACTACGATCAA,0,4296556
yadI_predicted,0.041666666666666664,23,23,CGTAAGACAGCAACCGGTGA,0,4321156
yadI_predicted,0.041666666666666664,23,23,CGGTATCCTGCCCCTAAAAT,0,4292824
yadI_predicted,0.041666666666666664,23,23,CGGGGTCCCACGGGTCGGCA,0,4366314
yadI_predicted,0.041666666666666664,23,23,CGGGAGCTGCCGCCTCTGAA,0,4333680
yadI_predicted,0.041666666666666664,23,23,CGCTTTTTTCACCGGCAACT,0,4368166
yadI_predicted,0.041666666666666664,23,23,CGCTACACGTCAGGCATTAA,0,4319236
yadI_predicted,0.041666666666666664,23,23,CGCCATGTCCGCGCGATACC,0,4321254
yadI_predicted,0.041666666666666664,23,23,CCTTCCCACCCCAGACAAGG,0,4355497
yadI_predicted,0.041666666666666664,23,23,CCTATCTACCCCCATGTAAC,0,4288470
yadI_predicted,0.041666666666666664,23,23,CCTAATATAGCTATCTGGTA,0,4331683
yadI_predicted,0.041666666666666664,23,23,CCGAGGCTCATATCGAAGGA,0,4309885
yadI_predicted,0.041666666666666664,23,23,CCGAGAATCGACCTCACTCT,0,4344010
yadI_predicted,0.041666666666666664,23,23,CCAAGCTTATCTAAATATTA,0,4352358
yadI_predicted,0.041666666666666664,23,23,CCAAGCATTCCCACCGGTCG,0,4348851
yadI_predicted,0.041666666666666664,23,23,CAGGCATTCCTGCAATAGGC,0,4338455
yadI_predicted,0.041666666666666664,23,23,CACTATTATGAAGAGCAGGA,0,4302782
yadI_predicted,0.041666666666666664,23,23,CACGGGGTCCCGGGCTATTC,0,4320236
yadI_predicted,0.041666666666666664,23,23,CACCAGGTAGCTTATAAGAC,0,4320295
yadI_predicted,0.041666666666666664,23,23,CACAGTGGTCTCTACCTCAG,0,4358891
yadI_predicted,0.041666666666666664,23,23,CAATTCCGATTTCGTGCTTA,0,4364999
yadI_predicted,0.041666666666666664,23,23,CAATGTTGCATAACGTCAAC,0,4369541
yadI_predicted,0.041666666666666664,23,23,CAAGCCGTTAGGGCACCGCA,0,4335434
yadI_predicted,0.041666666666666664,23,23,CAACGGTGGCGCCGTCATAT,0,4328990
yadI_predicted,0.041666666666666664,23,23,ATTTTATCTATATGGACTAA,0,4333382
yadI_predicted,0.041666666666666664,23,23,ATTAAGGCGCTAACTCGTAG,0,4354616
yadI_predicted,0.041666666666666664,23,23,ATGTCATGGCTCGTCCACCG,0,4284294
yadI_predicted,0.041666666666666664,23,23,ATGGGACATTGTTCCTGTCA,0,4296333
yadI_predicted,0.041666666666666664,23,23,ATGAACACTCCTGCGAACAC,0,4359613
yadI_predicted,0.041666666666666664,23,23,ATCTACACGAGGTGATTATG,0,4337803
yadI_predicted,0.041666666666666664,23,23,ATCTAATAGGTGAAGGGTGG,0,4353582
yadI_predicted,0.041666666666666664,23,23,ATCGGGCTTAGGTTACGGGA,0,4335776
yadI_predicted,0.041666666666666664,23,23,ATCCGCCGAAGCCTCCAACG,0,4287284
yadI_predicted,0.041666666666666664,23,23,ATCCACTAATCCCGGATGCA,0,4367002
yadI_predicted,0.041666666666666664,23,23,ATATGGTTCCAGTGAAGCAA,0,4363732
yadI_predicted,0.041666666666666664,23,23,ATATGAGGGCATCAGGAATA,0,4316765
yadI_predicted,0.041666666666666664,23,23,ATATAGTGAGCTATGCTGGG,0,4338084
yadI_predicted,0.041666666666666664,23,23,ATACCTTTAGCAACATCATA,0,4319438
yadI_predicted,0.041666666666666664,23,23,ATAACTCTGGCAGGTGTTAG,0,4328567
yadI_predicted,0.041666666666666664,23,23,AGTCCCTTCCAGAAACAGCA,0,4325958
yadI_predicted,0.041666666666666664,23,23,AGTCCACGTGACAATGGTGT,0,4342887
yadI_predicted,0.041666666666666664,23,23,AGTATTCAGTGGCCTTCACT,0,4294625
yadI_predicted,0.041666666666666664,23,23,AGTACGTTGAGTCTTTCATA,0,4356055
yadI_predicted,0.041666666666666664,23,23,AGGGCTCCTGGGCCAACGCG,0,4340052
yadI_predicted,0.041666666666666664,23,23,AGGGACCCGTTTATGGCATT,0,4347926
yadI_predicted,0.041666666666666664,23,23,AGGATGGTTTTGAATGTGTA,0,4323454
yadI_predicted,0.041666666666666664,23,23,AGGACCCAACAGATGCCGTG,0,4338842
yadI_predicted,0.041666666666666664,23,23,AGAGTTGCTGCCTGGATTAG,0,4357379
yadI_predicted,0.041666666666666664,23,23,AGACCCGATGCAAACTACGT,0,4366064
yadI_predicted,0.041666666666666664,23,23,AGAATTCACTCTCTTGCGGT,0,4344658
yadI_predicted,0.041666666666666664,23,23,AGAAAACTACATCAGGGCTT,0,4284463
yadI_predicted,0.041666666666666664,23,23,ACTTTGGGCTCAATATCCTA,0,4310888
yadI_predicted,0.041666666666666664,23,23,ACTTTCTTCCGTGCAGCGAG,0,4338340
yadI_predicted,0.041666666666666664,23,23,ACTTTCTCGATTATTCGGTC,0,4286238
yadI_predicted,0.041666666666666664,23,23,ACTTATATATTCCTAATGTA,0,4294741
yadI_predicted,0.041666666666666664,23,23,ACTCGGGTTCCACGGAAGTC,0,4359294
yadI_predicted,0.041666666666666664,23,23,ACGTCTTAGGGCAGGTATCA,0,4302307
yadI_predicted,0.041666666666666664,23,23,ACCGATCTGCTGGCCTGGCA,0,4313300
yadI_predicted,0.041666666666666664,23,23,ACCGAGCCAGCAGGTCTAGA,0,4329775
yadI_predicted,0.041666666666666664,23,23,ACCCAGAACCAGATCGAGGA,0,4286585
yadI_predicted,0.041666666666666664,23,23,ACCATTTTAGAGGTCGGACA,0,4315859
yadI_predicted,0.041666666666666664,23,23,ACATGCCACTGACATGATGC,0,4340238
yadI_predicted,0.041666666666666664,23,23,ACATAGCGCGGCAAGCAGTA,0,4286002
yadI_predicted,0.041666666666666664,23,23,ACACGCATCAACAGTATTAA,0,4288924
yadI_predicted,0.041666666666666664,23,23,ACAATAGTGTAACACTTCAG,0,4368617
yadI_predicted,0.041666666666666664,23,23,ACAAACGATTGATCTACATG,0,4302778
yadI_predicted,0.041666666666666664,23,23,AATTATGTTCACAGCAACCA,0,4355920
yadI_predicted,0.041666666666666664,23,23,AATCGGAGCGAGCCGTCTAC,0,4344214
yadI_predicted,0.041666666666666664,23,23,AACCTCTGGTTCCTCGTATA,0,4336035
yadI_predicted,0.041666666666666664,23,23,AACCTATTGAATAACGAATT,0,4287455
yadI_predicted,0.041666666666666664,23,23,AACCAAGAAATCACCCAGCT,0,4316308
yadI_predicted,0.041666666666666664,23,23,AAACAGGTTCATCGTATCCA,0,4350648
yadI_predicted,0.041666666666666664,23,23,AAAAGGTGCGCGGTAATGAA,0,4354657
yadI_predicted,0.043478260869565216,22,22,TTTGTAAATTGGGCATAGGT,0,4360177
yadI_predicted,0.043478260869565216,22,22,TTTGATCGTTGACTTCGTTA,0,4369549
yadI_predicted,0.043478260869565216,22,22,TTTCAGTACTAGACGTGCAA,0,4355063
yadI_predicted,0.043478260869565216,22,22,TTGTTTCCGCCGATGTTATT,0,4284850
yadI_predicted,0.043478260869565216,22,22,TTGTGATACGTGGGCTACAC,0,4348315
yadI_predicted,0.043478260869565216,22,22,TTGTCAGAATGAAGAAATGT,0,4356503
yadI_predicted,0.043478260869565216,22,22,TTGGCTATTGAACGTAGTAG,0,4348317
yadI_predicted,0.043478260869565216,22,22,TTCTTCGGGTATGTACGAGA,0,4326109
yadI_predicted,0.043478260869565216,22,22,TTCTCAGTCGAGGTATATAC,0,4357125
yadI_predicted,0.043478260869565216,22,22,TTCCCGCGAGAGGATCCGAA,0,4284334
yadI_predicted,0.043478260869565216,22,22,TTATGAAGGCGTGATGATTC,0,4360913
yadI_predicted,0.043478260869565216,22,22,TTAGGTCTTGGTCGAAGGCT,0,4296818
yadI_predicted,0.043478260869565216,22,22,TTAAGTGTGCTATCTAAGAT,0,4355277
yadI_predicted,0.043478260869565216,22,22,TGTTTTGGGACTGAGCCCGA,0,4345468
yadI_predicted,0.043478260869565216,22,22,TGTAGCGACCTGAGTTAGAT,0,4284341
yadI_predicted,0.043478260869565216,22,22,TGGTTAAGGCCAACGCCACT,0,4346657
yadI_predicted,0.043478260869565216,22,22,TGGCAGGGTACAGCATTTGC,0,4352162
yadI_predicted,0.043478260869565216,22,22,TGGCAGGCTTCCATCCTAGT,0,4314613
yadI_predicted,0.043478260869565216,22,22,TGCGATTTCACCTGTTTCTA,0,4302043
yadI_predicted,0.043478260869565216,22,22,TGCCCCGTAAAATGGGTATG,0,4342722
yadI_predicted,0.043478260869565216,22,22,TGCACTAGCGTCAGTGTTAA,0,4345946
yadI_predicted,0.043478260869565216,22,22,TGATTCATGACACAGCGGTA,0,4310661
yadI_predicted,0.043478260869565216,22,22,TCTCGTGGCACTCGTGCGAC,0,4284121
yadI_predicted,0.043478260869565216,22,22,TCTATAGAACCTATCCGGTA,0,4336517
yadI_predicted,0.043478260869565216,22,22,TCGTCGCGAGAAAGTCGCGT,0,4357084
yadI_predicted,0.043478260869565216,22,22,TCCTATGCTATTGGTATGTG,0,4302786
yadI_predicted,0.043478260869565216,22,22,TCATTCTACCGGGCGGCTTG,0,4357127
yadI_predicted,0.043478260869565216,22,22,TATGTTTGACCAAATCGTCA,0,4304919
yadI_predicted,0.043478260869565216,22,22,TATCACTCAGAGGGACAAGA,0,4320057
yadI_predicted,0.043478260869565216,22,22,TATAGCTAAACTAGAAACAT,0,4284432
yadI_predicted,0.043478260869565216,22,22,TAGGAATGCCAGAGGTTTTG,0,4306689
yadI_predicted,0.043478260869565216,22,22,TAGCAGTCGCTCTATACGGA,0,4349887
yadI_predicted,0.043478260869565216,22,22,TAGCAAGTCGCTTGGTAAAT,0,4306675
yadI_predicted,0.043478260869565216,22,22,TAGATTGTGCGAATGCGAGA,0,4330123
yadI_predicted,0.043478260869565216,22,22,TACGTCAGTAAGGACCTCAA,0,4316463
yadI_predicted,0.043478260869565216,22,22,TACGAGAGGCCACTGTGACA,0,4291678
yadI_predicted,0.043478260869565216,22,22,TACCTAGCTCTAAAGACACG,0,4329449
yadI_predicted,0.043478260869565216,22,22,TACAATGAATCATGCCCTTA,0,4343441
yadI_predicted,0.043478260869565216,22,22,GTTTCGGAAAGCCGGTTGTC,0,4361130
yadI_predicted,0.043478260869565216,22,22,GTTTAGGATATGGAAATTTG,0,4285445
yadI_predicted,0.043478260869565216,22,22,GTTCTTACCTAAACAACGTT,0,4305260
yadI_predicted,0.043478260869565216,22,22,GTTCGGCCTGACGGCAGCCT,0,4304336
yadI_predicted,0.043478260869565216,22,22,GTTACATGGCAAACTTATAT,0,4301508
yadI_predicted,0.043478260869565216,22,22,GTGTGAACCGATGCGCGTGT,0,4339881
yadI_predicted,0.043478260869565216,22,22,GTGCTTCACCATTGTTGCCA,0,4291472
yadI_predicted,0.043478260869565216,22,22,GTCGCTTTGAACGAGGCTCC,0,4330118
yadI_predicted,0.043478260869565216,22,22,GTCCTGAGCCATTTGTCTTG,0,4334894
yadI_predicted,0.043478260869565216,22,22,GTCACACCGTACTCGGACGG,0,4315826
yadI_predicted,0.043478260869565216,22,22,GTCAAGCCAAGGATCGTCTG,0,4339714
yadI_predicted,0.043478260869565216,22,22,GTCAAATAGTATAATATTCC,0,4296723
yadI_predicted,0.043478260869565216,22,22,GTAGTCACGATCCAGCTCTA,0,4329337
yadI_predicted,0.043478260869565216,22,22,GTAGGGGAGTGCAGATTCGC,0,4288722
yadI_predicted,0.043478260869565216,22,22,GTAATTAGTTACAAACAGCA,0,4285283
yadI_predicted,0.043478260869565216,22,22,GTAACTATGGACACTACTGG,0,4322792
yadI_predicted,0.043478260869565216,22,22,GTAACGAAGGCTGGACTCAA,0,4368401
yadI_predicted,0.043478260869565216,22,22,GGTTCAGTATGCAATCAACT,0,4365649
yadI_predicted,0.043478260869565216,22,22,GGTTATCCAGTACAGCCAAA,0,4354343
yadI_predicted,0.043478260869565216,22,22,GGTGTGGTCTCCGGCTGAAA,0,4293970
yadI_predicted,0.043478260869565216,22,22,GGTCGCAAGCAACAGACCGC,0,4312864
yadI_predicted,0.043478260869565216,22,22,GGTCCCGAGGGGTATCGGAC,0,4296966
yadI_predicted,0.043478260869565216,22,22,GGGACACAAGGATGATACGC,0,4288615
yadI_predicted,0.043478260869565216,22,22,GCGTACTCATACTTGCGTTG,0,4331094
yadI_predicted,0.043478260869565216,22,22,GCGGAACTGACCTGTTGAAT,0,4367507
yadI_predicted,0.043478260869565216,22,22,GCGACGGTGAATACTAGCGA,0,4350059
yadI_predicted,0.043478260869565216,22,22,GCCTACCTTGGTCATACAAA,0,4356832
yadI_predicted,0.043478260869565216,22,22,GCCGTCATAAAGACTAACCG,0,4338871
yadI_predicted,0.043478260869565216,22,22,GCCCACACGTACTAAGAACG,0,4360849
yadI_predicted,0.043478260869565216,22,22,GCATGACTACGGTTCGCGTC,0,4321922
yadI_predicted,0.043478260869565216,22,22,GCACCGAAACGTAAATACGT,0,4334739
yadI_predicted,0.043478260869565216,22,22,GATTTCGGGAGTTCCGTTTG,0,4291164
yadI_predicted,0.043478260869565216,22,22,GATCCCTCAAGGGAAGAGTG,0,4338928
yadI_predicted,0.043478260869565216,22,22,GAGTGCGTTATAGCATTTTG,0,4289270
yadI_predicted,0.043478260869565216,22,22,GAGGACGTGGCGCTCAATTT,0,4327669
yadI_predicted,0.043478260869565216,22,22,GACTTACACCGTCCGTTTTA,0,4299104
yadI_predicted,0.043478260869565216,22,22,GAAAAGCTACTCTCAAAGTA,0,4337500
yadI_predicted,0.043478260869565216,22,22,CTTAACGCTGTTCCGGTGGC,0,4308793
yadI_predicted,0.043478260869565216,22,22,CTGGTAGTAGGCAGGGTCTT,0,4361644
yadI_predicted,0.043478260869565216,22,22,CTGGGTTCCGAACCGCGGAC,0,4362578
yadI_predicted,0.043478260869565216,22,22,CTATTGCGTTTGAGTACGCA,0,4349832
yadI_predicted,0.043478260869565216,22,22,CTATTATGAGGAAGTGGGTG,0,4357049
yadI_predicted,0.043478260869565216,22,22,CTATGTCGTTCCGCGGCGGG,0,4304740
yadI_predicted,0.043478260869565216,22,22,CGTGTCCCGTTCGGCCATGA,0,4311880
yadI_predicted,0.043478260869565216,22,22,CGTCTTTTCTATTGGAAGAT,0,4349202
yadI_predicted,0.043478260869565216,22,22,CGGCAAGAGTAGCGGTGACA,0,4313368
yadI_predicted,0.043478260869565216,22,22,CGGAGGGGAGGATCCTCGTC,0,4363799
yadI_predicted,0.043478260869565216,22,22,CGCTATGTCAGGCATTAATT,0,4301352
yadI_predicted,0.043478260869565216,22,22,CGCCGAGCGGGTTACTGACC,0,4325992
yadI_predicted,0.043478260869565216,22,22,CGCAAGGGGAATCGAGGCTA,0,4304780
yadI_predicted,0.043478260869565216,22,22,CGATTGTCCGGCCACCTCGT,0,4304950
yadI_predicted,0.043478260869565216,22,22,CGATTGGACCCGGCAACGAG,0,4344570
yadI_predicted,0.043478260869565216,22,22,CGAGGCGAACTTCGAAGGAC,0,4327735
yadI_predicted,0.043478260869565216,22,22,CCTCCCCGGGAGTTCCATTA,0,4315424
yadI_predicted,0.043478260869565216,22,22,CCTACTCCTGTCTGGACAAG,0,4300875
yadI_predicted,0.043478260869565216,22,22,CCGTGGTCAGGTGTAATGTC,0,4368164
yadI_predicted,0.043478260869565216,22,22,CCGTCCTCCACTATTCCTAT,0,4344985
yadI_predicted,0.043478260869565216,22,22,CCGGTGTACAGCTGTTGTGG,0,4285744
yadI_predicted,0.043478260869565216,22,22,CCGAAACTCGGGTGTGGCAT,0,4342889
yadI_predicted,0.043478260869565216,22,22,CCCTTCCCAAGTTCCCGACA,0,4298768
yadI_predicted,0.043478260869565216,22,22,CCCATGGGGTGTCAAGTATG,0,4339420
yadI_predicted,0.043478260869565216,22,22,CCATAGTTAATCGCACGGAT,0,4285452
yadI_predicted,0.043478260869565216,22,22,CCACCCGAGTTATGCCCCTG,0,4339094
yadI_predicted,0.043478260869565216,22,22,CCAATACGTATGCGTGTTGC,0,4328290
yadI_predicted,0.043478260869565216,22,22,CATGTTATCAGTTTAAAAGC,0,4306237
yadI_predicted,0.043478260869565216,22,22,CATGCTTGTGCAGCGCCAAA,0,4322570
yadI_predicted,0.043478260869565216,22,22,CAGGGTCCCGCCATTCAGAA,0,4306843
yadI_predicted,0.043478260869565216,22,22,CAGAAGGGGGGGAAATAAAA,0,4335998
yadI_predicted,0.043478260869565216,22,22,CAAGTTTGGTTGAGTAATAT,0,4299565
yadI_predicted,0.043478260869565216,22,22,CAAGCCTATACCGGGATATT,0,4368569
yadI_predicted,0.043478260869565216,22,22,CAAGACGGCAACAAACTTTG,0,4342808
yadI_predicted,0.043478260869565216,22,22,CAAAGGTAGTGACCGACATC,0,4310576
yadI_predicted,0.043478260869565216,22,22,ATTTTGCACTCGCTCATGTG,0,4356555
yadI_predicted,0.043478260869565216,22,22,ATTTGCGTGGTCCCATACGT,0,4336420
yadI_predicted,0.043478260869565216,22,22,ATTTATACGGTCAGACCTAA,0,4368867
yadI_predicted,0.043478260869565216,22,22,ATTGGTATGTGGTCATGATG,0,4348874
yadI_predicted,0.043478260869565216,22,22,ATTCCAAATAGTCTTGCGAC,0,4322468
yadI_predicted,0.043478260869565216,22,22,ATGGTCAAGGTGAGTAACAA,0,4326399
yadI_predicted,0.043478260869565216,22,22,ATGCTCCAAACCCTGTCGGG,0,4353554
yadI_predicted,0.043478260869565216,22,22,ATCGTTCATTCTCTCGTGGG,0,4288374
yadI_predicted,0.043478260869565216,22,22,ATCCTGGGGGCTGGACTCTA,0,4362695
yadI_predicted,0.043478260869565216,22,22,ATCCATAGCTACTGAACGTT,0,4309475
yadI_predicted,0.043478260869565216,22,22,ATATCCAGGATTATATGCAG,0,4362142
yadI_predicted,0.043478260869565216,22,22,ATAAACGCATACCATTCGCT,0,4302556
yadI_predicted,0.043478260869565216,22,22,AGTCATCCGCTGGCAGGAAT,0,4334733
yadI_predicted,0.043478260869565216,22,22,AGGGCGCATGGTGGTGTTGC,0,4353815
yadI_predicted,0.043478260869565216,22,22,AGGGCAAATTGACGTCGCGT,0,4349212
yadI_predicted,0.043478260869565216,22,22,AGGCTTCAAGAGCAAGTTTC,0,4335703
yadI_predicted,0.043478260869565216,22,22,AGGCCCGATACTGGTCAAAC,0,4367550
yadI_predicted,0.043478260869565216,22,22,AGGAACGGGGTCCCCATTAT,0,4353641
yadI_predicted,0.043478260869565216,22,22,AGGAACCACAACCCGGGCTC,0,4330952
yadI_predicted,0.043478260869565216,22,22,AGCGTTGACTATATAGTTTA,0,4317331
yadI_predicted,0.043478260869565216,22,22,AGCGAATTAAATGTCATAAT,0,4295800
yadI_predicted,0.043478260869565216,22,22,AGCAGAAGAATGCTCCGTGA,0,4335972
yadI_predicted,0.043478260869565216,22,22,AGATGTGCTATTCCACCTGC,0,4340575
yadI_predicted,0.043478260869565216,22,22,ACTTTTCCTCACGGGCTTTA,0,4288544
yadI_predicted,0.043478260869565216,22,22,ACTGGTTTCAGTAGTGGTAT,0,4322754
yadI_predicted,0.043478260869565216,22,22,ACTGGCTTATAACGTTCTAG,0,4349942
yadI_predicted,0.043478260869565216,22,22,ACGGTGTATCTATTTTACCA,0,4321214
yadI_predicted,0.043478260869565216,22,22,ACGCGCCAGGGCGGTGCCGA,0,4318773
yadI_predicted,0.043478260869565216,22,22,ACGCAAACGAGGCTTGCCGC,0,4313961
yadI_predicted,0.043478260869565216,22,22,ACGACTAAGACAGGCCCCTA,0,4310181
yadI_predicted,0.043478260869565216,22,22,ACCGGTCGCAACCGGCTTGC,0,4328034
yadI_predicted,0.043478260869565216,22,22,ACCGATACGTTTCCAACAAT,0,4304720
yadI_predicted,0.043478260869565216,22,22,ACATTCCGCCTTTTGGAACT,0,4328160
yadI_predicted,0.043478260869565216,22,22,ACAATGGCCAATAAACGCCA,0,4368861
yadI_predicted,0.043478260869565216,22,22,AATCTTTACATCACTTTTTG,0,4316041
yadI_predicted,0.043478260869565216,22,22,AATCGCTTCGACACGGCTCG,0,4332573
yadI_predicted,0.043478260869565216,22,22,AATCGCCCGAGGACGCACAG,0,4342309
yadI_predicted,0.043478260869565216,22,22,AATATTTCCCTTACTTCGAG,0,4352705
yadI_predicted,0.043478260869565216,22,22,AATAACCCAGAAGGTACGAT,0,4365203
yadI_predicted,0.043478260869565216,22,22,AAGGTTTCGGACGATTGGAT,0,4352758
yadI_predicted,0.043478260869565216,22,22,AAGCGATATATTGGCGGTCT,0,4293253
yadI_predicted,0.043478260869565216,22,22,AACGCGTTGCCAGGGAGAGG,0,4324904
yadI_predicted,0.043478260869565216,22,22,AAAGCACAGGGTGAATGAAT,0,4335831
yadI_predicted,0.043478260869565216,22,22,AAAACGAACCTAGGTGTCGC,0,4303915
yadI_predicted,0.045454545454545456,21,21,TTTTGCTGTGCATCAGCAAT,0,4287987
yadI_predicted,0.045454545454545456,21,21,TTTTCACACTTCAGAACCGC,0,4364340
yadI_predicted,0.045454545454545456,21,21,TTTCCTTGCAACTTTACGAG,0,4334419
yadI_predicted,0.045454545454545456,21,21,TTGTCTGTCGTCGAAAGAAA,0,4335297
yadI_predicted,0.045454545454545456,21,21,TTGCATGCTGGAGAAAACAG,0,4326107
yadI_predicted,0.045454545454545456,21,21,TTCTCTGGCCACGAAGTTCT,0,4325497
yadI_predicted,0.045454545454545456,21,21,TTCTCTGCTATTGACCTAAC,0,4332872
yadI_predicted,0.045454545454545456,21,21,TTCGGCTAACACGGCAACAT,0,4307736
yadI_predicted,0.045454545454545456,21,21,TTCGGCAAATTTTTAATTAA,0,4338934
yadI_predicted,0.045454545454545456,21,21,TTCGCAACTGGAGTTGCTAC,0,4359878
yadI_predicted,0.045454545454545456,21,21,TTCGAGTATTCCAGCTTGCG,0,4286859
yadI_predicted,0.045454545454545456,21,21,TTCCGTGTCAGGAGATCAAG,0,4323538
yadI_predicted,0.045454545454545456,21,21,TTCCAAAAAGCAGGCCAACA,0,4301414
yadI_predicted,0.045454545454545456,21,21,TTCATTATTATGAGGAACCA,0,4360223
yadI_predicted,0.045454545454545456,21,21,TTCACTAAAACATTCGGTTT,0,4299559
yadI_predicted,0.045454545454545456,21,21,TTCACATCCTCGCTTGATTG,0,4323689
yadI_predicted,0.045454545454545456,21,21,TTATTCCTGCTTCCTGGAGA,0,4352861
yadI_predicted,0.045454545454545456,21,21,TTATAAAACACTGTCGGCAG,0,4326694
yadI_predicted,0.045454545454545456,21,21,TGTCAGCCAGCAGTGGCTCC,0,4341362
yadI_predicted,0.045454545454545456,21,21,TGTATGGGGCTAGCGCAAAA,0,4309803
yadI_predicted,0.045454545454545456,21,21,TGTAAGGGGTGTGATACCAA,0,4303239
yadI_predicted,0.045454545454545456,21,21,TGGGTCCATTTATAAGAGCC,0,4358309
yadI_predicted,0.045454545454545456,21,21,TGGGGGGAGCAATGTCTGTA,0,4321231
yadI_predicted,0.045454545454545456,21,21,TGGCGAGGCAGGCACAAGTA,0,4329833
yadI_predicted,0.045454545454545456,21,21,TGGCAGTTGTGATCCTCGTA,0,4347258
yadI_predicted,0.045454545454545456,21,21,TGGAGTTCCAAGCCACGAGT,0,4332607
yadI_predicted,0.045454545454545456,21,21,TGCAGACCTGATGTCTTTTC,0,4300072
yadI_predicted,0.045454545454545456,21,21,TGATTCCAATTATCCAGTGT,0,4320386
yadI_predicted,0.045454545454545456,21,21,TGAAGCTGACGGCGCAATTA,0,4358478
yadI_predicted,0.045454545454545456,21,21,TGAAGCTCAGTGTGGCTAGC,0,4346631
yadI_predicted,0.045454545454545456,21,21,TCGGCGGCCAGTACTCAGTC,0,4367267
yadI_predicted,0.045454545454545456,21,21,TCGCGTGGGGCGTCGGATGG,0,4349327
yadI_predicted,0.045454545454545456,21,21,TCCTCTTAAACTGGTACGTC,0,4350830
yadI_predicted,0.045454545454545456,21,21,TCCTACAGATTGTTAATCTC,0,4318566
yadI_predicted,0.045454545454545456,21,21,TCCTAACAGGTCTTGACAGT,0,4349857
yadI_predicted,0.045454545454545456,21,21,TCCGTGCTGGGGCTATGAAG,0,4361119
yadI_predicted,0.045454545454545456,21,21,TCATGTGGTCCTAACGTAAA,0,4284129
yadI_predicted,0.045454545454545456,21,21,TCATGCGAGTCACATAAGGA,0,4294226
yadI_predicted,0.045454545454545456,21,21,TCAAGGAAATGTTTATTCCA,0,4331190
yadI_predicted,0.045454545454545456,21,21,TCAACTAACGAGTTAAAGTG,0,4304819
yadI_predicted,0.045454545454545456,21,21,TATGAGTCGCTATCGGTCGG,0,4308673
yadI_predicted,0.045454545454545456,21,21,TAGGTCAGAAGGGCATGTAA,0,4366426
yadI_predicted,0.045454545454545456,21,21,TAGGGCACGGCGATAAATAA,0,4327008
yadI_predicted,0.045454545454545456,21,21,TAAGCCGTCGAGCTATTTTA,0,4293897
yadI_predicted,0.045454545454545456,21,21,TAAAAGCCGAACCTATCTGT,0,4336650
yadI_predicted,0.045454545454545456,21,21,GTTGTAAATTCAGTACTCAT,0,4299912
yadI_predicted,0.045454545454545456,21,21,GTGTTGACGGCTTGGCGAGG,0,4307686
yadI_predicted,0.045454545454545456,21,21,GTGTGCAGGCATGGATTGAT,0,4291972
yadI_predicted,0.045454545454545456,21,21,GTGGGGGGTAAAAAGATAAA,0,4352327
yadI_predicted,0.045454545454545456,21,21,GTGGGATAGGATTTCGAATC,0,4311858
yadI_predicted,0.045454545454545456,21,21,GTGCCGAGGACTAAGAATGA,0,4294173
yadI_predicted,0.045454545454545456,21,21,GTCCTAAACAACGGGTTCAC,0,4359023
yadI_predicted,0.045454545454545456,21,21,GTAGTTGCGGTCGATGCATC,0,4366074
yadI_predicted,0.045454545454545456,21,21,GTAGTTCTAATCTTTGCGCG,0,4369785
yadI_predicted,0.045454545454545456,21,21,GTAGTGGATCGGGGGCCAAA,0,4343848
yadI_predicted,0.045454545454545456,21,21,GTAGTCCTGGATGCCGGACG,0,4369692
yadI_predicted,0.045454545454545456,21,21,GTACGTCGGTAAGGCGGCCT,0,4328055
yadI_predicted,0.045454545454545456,21,21,GTAAAGTGACGGGATCAAAC,0,4332616
yadI_predicted,0.045454545454545456,21,21,GGTTATGTTGGGTATATTTA,0,4349472
yadI_predicted,0.045454545454545456,21,21,GGTGACGGAGTTAATGAGCT,0,4337610
yadI_predicted,0.045454545454545456,21,21,GGTCCATTGACAGACACCTA,0,4292735
yadI_predicted,0.045454545454545456,21,21,GGTACAACTTCTCGTCCGCA,0,4302646
yadI_predicted,0.045454545454545456,21,21,GGGGGCATGGACGGTTCTCT,0,4299798
yadI_predicted,0.045454545454545456,21,21,GGGCATTGAATTGGCTATCT,0,4305411
yadI_predicted,0.045454545454545456,21,21,GGGATCAAATCGCCCTGTAT,0,4304122
yadI_predicted,0.045454545454545456,21,21,GGCTGAGTGCCCAACATCAC,0,4353251
yadI_predicted,0.045454545454545456,21,21,GGCGTTCGAGTGAACAGTCC,0,4332206
yadI_predicted,0.045454545454545456,21,21,GGCGCCAATTTCTACGCCGT,0,4357009
yadI_predicted,0.045454545454545456,21,21,GGCCTACAATTGAAATAGAT,0,4331353
yadI_predicted,0.045454545454545456,21,21,GGCCAGGGCTTCTACGCCAC,0,4344656
yadI_predicted,0.045454545454545456,21,21,GGATTGCCGTTTCATGTGGG,0,4284994
yadI_predicted,0.045454545454545456,21,21,GGATGCTGCCGGCGTACACT,0,4289519
yadI_predicted,0.045454545454545456,21,21,GGATGACCAGGATGACTCCA,0,4314643
yadI_predicted,0.045454545454545456,21,21,GGATCGAAGGCCATAGCTGG,0,4319398
yadI_predicted,0.045454545454545456,21,21,GGAAATCATGGCTTTGGCCA,0,4340190
yadI_predicted,0.045454545454545456,21,21,GCTTTCCTGGGGGTCCTCCC,0,4334096
yadI_predicted,0.045454545454545456,21,21,GCTTGTTGTGAGTCCACTGT,0,4310301
yadI_predicted,0.045454545454545456,21,21,GCTTAGGCATGTGTCTTCAA,0,4348083
yadI_predicted,0.045454545454545456,21,21,GCTGTTCAATGTTCAAGGCC,0,4306924
yadI_predicted,0.045454545454545456,21,21,GCTCATAAGGAAGATGCGGT,0,4325637
yadI_predicted,0.045454545454545456,21,21,GCTACCACGGTATAGTATAA,0,4327773
yadI_predicted,0.045454545454545456,21,21,GCGCTAGTCCCGGTCAGGAT,0,4314562
yadI_predicted,0.045454545454545456,21,21,GCGCAGAAGTGAATTTAGAA,0,4333705
yadI_predicted,0.045454545454545456,21,21,GCGATCGCGGTCCGGCATCT,0,4317895
yadI_predicted,0.045454545454545456,21,21,GCGAGTTGCTCGCATACCAG,0,4352650
yadI_predicted,0.045454545454545456,21,21,GCGAGTACGATCGCGGCGTA,0,4359225
yadI_predicted,0.045454545454545456,21,21,GCCTCCCCAACACGGGGAGT,0,4297742
yadI_predicted,0.045454545454545456,21,21,GCCGCTTCCGCACAAACCTA,0,4334904
yadI_predicted,0.045454545454545456,21,21,GCCGCTTATTGGCAAGACCT,0,4328564
yadI_predicted,0.045454545454545456,21,21,GCCCGACTCATACCTCAAAG,0,4328704
yadI_predicted,0.045454545454545456,21,21,GCCATAATAGTTCTAGTGCT,0,4319038
yadI_predicted,0.045454545454545456,21,21,GCCAGTAGACTCCCGACAAC,0,4353833
yadI_predicted,0.045454545454545456,21,21,GCAGCAAGGACTTCGAACCC,0,4339184
yadI_predicted,0.045454545454545456,21,21,GCAAAAGGTCAGAGCACGCT,0,4288622
yadI_predicted,0.045454545454545456,21,21,GATTGGGCGGCGCACTTCGG,0,4315748
yadI_predicted,0.045454545454545456,21,21,GATTAGAACTACTACCGTGG,0,4366784
yadI_predicted,0.045454545454545456,21,21,GATACCAAGCCAGGTGGTAT,0,4325523
yadI_predicted,0.045454545454545456,21,21,GAGTAAGAGCTCCGCCATTG,0,4305800
yadI_predicted,0.045454545454545456,21,21,GAGGCCTCGTGGGCGTTCTC,0,4315964
yadI_predicted,0.045454545454545456,21,21,GAGGAGATATATAGAATTAC,0,4316720
yadI_predicted,0.045454545454545456,21,21,GACGGGGCTACATGGTGGAC,0,4309363
yadI_predicted,0.045454545454545456,21,21,GACGAAGCGAATTTAGACCA,0,4363114
yadI_predicted,0.045454545454545456,21,21,GACCTTTAATGGTCACTTAT,0,4360571
yadI_predicted,0.045454545454545456,21,21,GACCCGCTTCGCTTCCTGCA,0,4354991
yadI_predicted,0.045454545454545456,21,21,GACAACATTACCAGCATTGC,0,4355468
yadI_predicted,0.045454545454545456,21,21,GAATCCTGAAGCTACACTGC,0,4287253
yadI_predicted,0.045454545454545456,21,21,GAACTTAACTTCGTGGTAGA,0,4358001
yadI_predicted,0.045454545454545456,21,21,GAACTGTGATGTATGAAACG,0,4357986
yadI_predicted,0.045454545454545456,21,21,GAACATTCTACAAAATGATC,0,4305244
yadI_predicted,0.045454545454545456,21,21,GAAATTCCGCGGTGGAGGAC,0,4315263
yadI_predicted,0.045454545454545456,21,21,GAAAGGGGGAGATCGTGATT,0,4364749
yadI_predicted,0.045454545454545456,21,21,CTTTGTCCGTTACGCCAGGT,0,4319238
yadI_predicted,0.045454545454545456,21,21,CTTGTACCGATTCTCGCTCG,0,4295553
yadI_predicted,0.045454545454545456,21,21,CTTGAAATCTGTGCCGACGA,0,4342935
yadI_predicted,0.045454545454545456,21,21,CTTCTAGGGGACCGAGGTAA,0,4303740
yadI_predicted,0.045454545454545456,21,21,CTTATGCCCAGCTACCCGCA,0,4314307
yadI_predicted,0.045454545454545456,21,21,CTTACGTTGTTTCTGGTCCG,0,4327465
yadI_predicted,0.045454545454545456,21,21,CTGTCGTGGAGTTTTTATTA,0,4355564
yadI_predicted,0.045454545454545456,21,21,CTCGTTACAGGCCCGGTCAT,0,4296344
yadI_predicted,0.045454545454545456,21,21,CTCGGGCAACCGGGTCATTT,0,4341591
yadI_predicted,0.045454545454545456,21,21,CTCGGGAGCTAGACTATCAC,0,4300190
yadI_predicted,0.045454545454545456,21,21,CTCCCGTGTGAATCCCCACT,0,4308839
yadI_predicted,0.045454545454545456,21,21,CTAGGGATTCGGTTCGGCTC,0,4343253
yadI_predicted,0.045454545454545456,21,21,CTAGCGCTTTCAAAGTAATG,0,4307942
yadI_predicted,0.045454545454545456,21,21,CTAAATATTGCAAGATAATT,0,4353084
yadI_predicted,0.045454545454545456,21,21,CTAAACCCAATGTTAGGAAA,0,4321033
yadI_predicted,0.045454545454545456,21,21,CGTTGAAGTGCCGCTCAGCC,0,4289664
yadI_predicted,0.045454545454545456,21,21,CGTGCAGGACGGGTTGAGAC,0,4319315
yadI_predicted,0.045454545454545456,21,21,CGTAGTGTTATCGCTCGGAT,0,4306910
yadI_predicted,0.045454545454545456,21,21,CGGTTCCTTGGGGGGATATG,0,4367341
yadI_predicted,0.045454545454545456,21,21,CGGTTCACAAAGCTCAGCGG,0,4352168
yadI_predicted,0.045454545454545456,21,21,CGGCTTCTCTGCCGGGCGGG,0,4312482
yadI_predicted,0.045454545454545456,21,21,CGGCAGAGAAAATGGACCGC,0,4338766
yadI_predicted,0.045454545454545456,21,21,CGGCAAGGCTACCGGGTCAT,0,4310055
yadI_predicted,0.045454545454545456,21,21,CGGACACCGTTAGAGGAGTT,0,4352100
yadI_predicted,0.045454545454545456,21,21,CGGAAAGGACAGTCAATGCA,0,4351204
yadI_predicted,0.045454545454545456,21,21,CGCTTAGGGGGGCGTTCATT,0,4299713
yadI_predicted,0.045454545454545456,21,21,CGCTGCATGGAGCACGCTTC,0,4332657
yadI_predicted,0.045454545454545456,21,21,CGCTGACGGGGAGGTCTGTT,0,4315417
yadI_predicted,0.045454545454545456,21,21,CGCGCGAGCGCCGCGGGTTA,0,4296681
yadI_predicted,0.045454545454545456,21,21,CGCAAATATGTATCTACAGT,0,4307787
yadI_predicted,0.045454545454545456,21,21,CGATTTCTTGCAACGTACAG,0,4353958
yadI_predicted,0.045454545454545456,21,21,CGACAGAGTGTGTTTGGGAA,0,4328559
yadI_predicted,0.045454545454545456,21,21,CCTTGTATACACAATCGAAT,0,4364171
yadI_predicted,0.045454545454545456,21,21,CCTGACCAAGTATCCCTATC,0,4285371
yadI_predicted,0.045454545454545456,21,21,CCTCGATTCGTACCGGGCAG,0,4303733
yadI_predicted,0.045454545454545456,21,21,CCTATGGGATCAGGGGAAAT,0,4297059
yadI_predicted,0.045454545454545456,21,21,CCTATATCCTCAGGGTGTGT,0,4343265
yadI_predicted,0.045454545454545456,21,21,CCTAGGACGCAGTCGTCAAG,0,4291230
yadI_predicted,0.045454545454545456,21,21,CCCAATTAACAATAACCCAT,0,4315989
yadI_predicted,0.045454545454545456,21,21,CCACCCAGACCGTGTGGCAT,0,4360636
yadI_predicted,0.045454545454545456,21,21,CATTGACTCCTCTCCACCTC,0,4325347
yadI_predicted,0.045454545454545456,21,21,CATGACGTCGATTGCCTTAC,0,4291581
yadI_predicted,0.045454545454545456,21,21,CAGTATTAGCGTGGTAACGT,0,4295248
yadI_predicted,0.045454545454545456,21,21,CAGGGTTATATTCGGGTCCG,0,4287520
yadI_predicted,0.045454545454545456,21,21,CACTGTCGGATGAGTACTAA,0,4353686
yadI_predicted,0.045454545454545456,21,21,CACTAAACCAAAGACTCCGT,0,4313023
yadI_predicted,0.045454545454545456,21,21,CACGTGGGAAAAGAACTAAA,0,4328308
yadI_predicted,0.045454545454545456,21,21,CAATGGACGAATCACCGGTC,0,4355591
yadI_predicted,0.045454545454545456,21,21,CAATGACACACCTTTGGTCT,0,4322132
yadI_predicted,0.045454545454545456,21,21,CAATATCACAAGTACGGCCA,0,4353957
yadI_predicted,0.045454545454545456,21,21,CAAACACACTGCGACTAGAG,0,4316228
yadI_predicted,0.045454545454545456,21,21,CAAAATTGATTCCATGTCAC,0,4325192
yadI_predicted,0.045454545454545456,21,21,ATTCCCAGTGCGGCCGCAGG,0,4293967
yadI_predicted,0.045454545454545456,21,21,ATTCAGGCTGGTCGTATAAT,0,4327540
yadI_predicted,0.045454545454545456,21,21,ATGGGTCCGAACGGGAACCC,0,4290657
yadI_predicted,0.045454545454545456,21,21,ATCATAGATCGTCCCTGCCA,0,4364147
yadI_predicted,0.045454545454545456,21,21,ATATTGTCCATCGTTCCAAC,0,4356173
yadI_predicted,0.045454545454545456,21,21,ATAGTGATGGGTTGTTCAAA,0,4352489
yadI_predicted,0.045454545454545456,21,21,ATACGCTTACGAGCTCTGCG,0,4333194
yadI_predicted,0.045454545454545456,21,21,AGTTTAGGGGTCTTAGCGTT,0,4354662
yadI_predicted,0.045454545454545456,21,21,AGTGGACGCATCCTATGCCT,0,4288222
yadI_predicted,0.045454545454545456,21,21,AGTAGTTGGGTAAGGGCTTA,0,4366662
yadI_predicted,0.045454545454545456,21,21,AGGGTTCAGGGGACGACTGG,0,4340200
yadI_predicted,0.045454545454545456,21,21,AGGCGGTCCTGTGCAGGAAA,0,4321854
yadI_predicted,0.045454545454545456,21,21,AGGCCAACTAGGAAGAGGGC,0,4351340
yadI_predicted,0.045454545454545456,21,21,AGGCAGGATTCTACCCCTGA,0,4346144
yadI_predicted,0.045454545454545456,21,21,AGGCAAAACTGTAACAGGGA,0,4293907
yadI_predicted,0.045454545454545456,21,21,AGGATAGTGCGGAGATGACC,0,4292460
yadI_predicted,0.045454545454545456,21,21,AGCTTTCGCTGATCACCAGC,0,4304938
yadI_predicted,0.045454545454545456,21,21,AGCGGCAGTAGTTTGATGAT,0,4337055
yadI_predicted,0.045454545454545456,21,21,AGCCGCGATGGTAAATGGGT,0,4340992
yadI_predicted,0.045454545454545456,21,21,AGCCCAGGAGAGATCTCAAT,0,4324945
yadI_predicted,0.045454545454545456,21,21,AGATATATCTGGCCTGATCA,0,4325191
yadI_predicted,0.045454545454545456,21,21,ACGGGGGTGGTCATTACATA,0,4353091
yadI_predicted,0.045454545454545456,21,21,ACGCGTACACGAACCGGGTA,0,4308126
yadI_predicted,0.045454545454545456,21,21,ACGCATTGTAGTTTTATCAC,0,4356360
yadI_predicted,0.045454545454545456,21,21,ACCGGACTGACTTACGCTAT,0,4346074
yadI_predicted,0.045454545454545456,21,21,ACCCTTGGGTTACTCTTTCT,0,4356067
yadI_predicted,0.045454545454545456,21,21,ACCCAGTGTTCTATCCAGAG,0,4353809
yadI_predicted,0.045454545454545456,21,21,ACCAGCTCTCGATATCCGAG,0,4338609
yadI_predicted,0.045454545454545456,21,21,ACCAAGTTATTTCGTTACAA,0,4349042
yadI_predicted,0.045454545454545456,21,21,ACATGGGTACTCGACCACTA,0,4367212
yadI_predicted,0.045454545454545456,21,21,ACAGCATAGCACGGGTTCGT,0,4360583
yadI_predicted,0.045454545454545456,21,21,ACAAAGGAGGAACTCTGCGT,0,4314114
yadI_predicted,0.045454545454545456,21,21,AATTTGCATGCATCATTGAT,0,4339304
yadI_predicted,0.045454545454545456,21,21,AATGAATATGGCTTGACAAG,0,4319845
yadI_predicted,0.045454545454545456,21,21,AAGTAGCAGGACGATATCTG,0,4369590
yadI_predicted,0.045454545454545456,21,21,AAGATTCAGACTGGACTCTA,0,4331475
yadI_predicted,0.045454545454545456,21,21,AAGATCAGGGCCGAGCCGTT,0,4345033
yadI_predicted,0.045454545454545456,21,21,AAGAGACTTGCTACGGCTCT,0,4340899
yadI_predicted,0.045454545454545456,21,21,AACTCATAGAAAGCGGGCAA,0,4328959
yadI_predicted,0.045454545454545456,21,21,AACGCCTATGGCTAGGAGTG,0,4329347
yadI_predicted,0.045454545454545456,21,21,AACCTTTGTTGGTCGAGATG,0,4358769
yadI_predicted,0.045454545454545456,21,21,AACCGCCTCGATATCTTACT,0,4331936
yadI_predicted,0.045454545454545456,21,21,AACCCTTGTAGGGACGCCAG,0,4366124
yadI_predicted,0.045454545454545456,21,21,AACCCTACGGGATTCGGGCT,0,4339287
yadI_predicted,0.045454545454545456,21,21,AACAGGGACCGGCGTTCCGA,0,4349015
yadI_predicted,0.045454545454545456,21,21,AAATAGATGGGCGCCACAGG,0,4323822
yadI_predicted,0.045454545454545456,21,21,AAAGGGGTCCTGGTGTTACG,0,4344150
yadI_predicted,0.045454545454545456,21,21,AAAGGGCGTACTTGTATAGT,0,4353130
yadI_predicted,0.045454545454545456,21,21,AAAGCGCGGAGTGCCATCGT,0,4354187
yadI_predicted,0.047619047619047616,20,20,TTTGTTAGCATAAACAATGT,0,4358091
yadI_predicted,0.047619047619047616,20,20,TTTGGCTAAGCCGTTCGATG,0,4365358
yadI_predicted,0.047619047619047616,20,20,TTTCCCTCTATACAGAAATC,0,4285580
yadI_predicted,0.047619047619047616,20,20,TTTATGGGGAAGTTTCAGGT,0,4317394
yadI_predicted,0.047619047619047616,20,20,TTGAGGGGCCTCGGAATTCA,0,4298152
yadI_predicted,0.047619047619047616,20,20,TTCTAATAGGTCACCAGTGA,0,4318435
yadI_predicted,0.047619047619047616,20,20,TTCCTGCGTTCAGGCACGCA,0,4325496
yadI_predicted,0.047619047619047616,20,20,TTCCCGGTGCCCGCGTCGTG,0,4305925
yadI_predicted,0.047619047619047616,20,20,TTCACAAAGAAAACCAAGCA,0,4347871
yadI_predicted,0.047619047619047616,20,20,TTCAAGCGTATTCGACCCGC,0,4299829
yadI_predicted,0.047619047619047616,20,20,TTACGGCCGCGGAAAAATGT,0,4294824
yadI_predicted,0.047619047619047616,20,20,TTAAAGGGGTTGGGTAGACT,0,4333587
yadI_predicted,0.047619047619047616,20,20,TGTTTGGCCCATAGCATTGT,0,4354866
yadI_predicted,0.047619047619047616,20,20,TGTCTCCATCTCTATTTGTT,0,4354139
yadI_predicted,0.047619047619047616,20,20,TGTATATGGCTCGCTCCATC,0,4335777
yadI_predicted,0.047619047619047616,20,20,TGGAGTAAGGTTTATAAGGT,0,4348602
yadI_predicted,0.047619047619047616,20,20,TGCCTTCGGTCTGATTTTGG,0,4302267
yadI_predicted,0.047619047619047616,20,20,TGCATACCCCGGTGTGGATA,0,4354617
yadI_predicted,0.047619047619047616,20,20,TGCAACCTCCGTCGAATCGC,0,4285563
yadI_predicted,0.047619047619047616,20,20,TGATGGAAGCATCCTTGTAA,0,4286803
yadI_predicted,0.047619047619047616,20,20,TGACTGAAGCCTTTTGAAAG,0,4290141
yadI_predicted,0.047619047619047616,20,20,TGAAGGAGCCGAGATTTAAG,0,4350104
yadI_predicted,0.047619047619047616,20,20,TCTGTGTTCAGGAGGTCTGG,0,4346039
yadI_predicted,0.047619047619047616,20,20,TCTGTGTGTAGTCCATGAGA,0,4361519
yadI_predicted,0.047619047619047616,20,20,TCGTTTTGGGCGGGTCAGCA,0,4355569
yadI_predicted,0.047619047619047616,20,20,TCGAGGATGTGATCTGCGTA,0,4347164
yadI_predicted,0.047619047619047616,20,20,TCCCTGCGATGTAGGGGTAG,0,4369425
yadI_predicted,0.047619047619047616,20,20,TCAGTGTAATGGCCGCGGCG,0,4355051
yadI_predicted,0.047619047619047616,20,20,TCAGGAAGTCCGTTACTAAG,0,4354986
yadI_predicted,0.047619047619047616,20,20,TCAGAGCCTTTTTTCATGTT,0,4294177
yadI_predicted,0.047619047619047616,20,20,TCACCACTAAAAGCTTTCAT,0,4351622
yadI_predicted,0.047619047619047616,20,20,TCAACCTTATCGTGAAGGTC,0,4288560
yadI_predicted,0.047619047619047616,20,20,TCAAAGCAGCGTCTGCGTAT,0,4350609
yadI_predicted,0.047619047619047616,20,20,TATGTCACCGACTTATAAAT,0,4310768
yadI_predicted,0.047619047619047616,20,20,TATGATCGCCGTCCACACAT,0,4320477
yadI_predicted,0.047619047619047616,20,20,TATGAGGTGATTGTCAAGTA,0,4363130
yadI_predicted,0.047619047619047616,20,20,TATGACTCGCTTAGGCGCGG,0,4298302
yadI_predicted,0.047619047619047616,20,20,TATAACATGCAACACTCATC,0,4323352
yadI_predicted,0.047619047619047616,20,20,TAGGCAAGCGCCCTGGTATT,0,4305542
yadI_predicted,0.047619047619047616,20,20,TAGGAGCATTAACCCATGGG,0,4293605
yadI_predicted,0.047619047619047616,20,20,TAGCGGGGCCTTGCTTTTTA,0,4361830
yadI_predicted,0.047619047619047616,20,20,TAGCACCTGACCAGCACTTC,0,4333849
yadI_predicted,0.047619047619047616,20,20,TAGACTTGAGGGGGAACATT,0,4346638
yadI_predicted,0.047619047619047616,20,20,TACCGCTGGAAGACTTGAAA,0,4320209
yadI_predicted,0.047619047619047616,20,20,TACCGCCATCGAGAGTGTAG,0,4289653
yadI_predicted,0.047619047619047616,20,20,TACAAGAAGCCTTTCGAAAC,0,4289718
yadI_predicted,0.047619047619047616,20,20,TAATACGAGTACTGCCGGCG,0,4354687
yadI_predicted,0.047619047619047616,20,20,TAAGTTGCAAGTCCATGGTC,0,4294496
yadI_predicted,0.047619047619047616,20,20,TAAGTGCTAAAGCATATACT,0,4305835
yadI_predicted,0.047619047619047616,20,20,TAACCGGCTCGGCAGCGAGG,0,4353876
yadI_predicted,0.047619047619047616,20,20,TAAACTTCCCGTCATTATAA,0,4285947
yadI_predicted,0.047619047619047616,20,20,GTTTCCGGGAGGAATTGCCT,0,4319088
yadI_predicted,0.047619047619047616,20,20,GTTCCGCGACAACGCCTAAT,0,4336897
yadI_predicted,0.047619047619047616,20,20,GTTCAGAGTACTTTTGCAAG,0,4308625
yadI_predicted,0.047619047619047616,20,20,GTTAGTCGGGGTCCGCGGTT,0,4314610
yadI_predicted,0.047619047619047616,20,20,GTGTTGAGATCTCCAATTCT,0,4351938
yadI_predicted,0.047619047619047616,20,20,GTGCCTCGCGCATCAGGATG,0,4310700
yadI_predicted,0.047619047619047616,20,20,GTGCCGATGTTAACGCGGAA,0,4357099
yadI_predicted,0.047619047619047616,20,20,GTCGGCACAGTCCCGGTGCA,0,4330909
yadI_predicted,0.047619047619047616,20,20,GTCCGTGCGACGATACGCGA,0,4323466
yadI_predicted,0.047619047619047616,20,20,GTCCGTCTGGGTTACAGTAT,0,4290079
yadI_predicted,0.047619047619047616,20,20,GTCATGAGCTCTTCAGTGAG,0,4302993
yadI_predicted,0.047619047619047616,20,20,GTCACCATAGGAACCACTCA,0,4298997
yadI_predicted,0.047619047619047616,20,20,GTAGGAATCTGTAAGAATGC,0,4284369
yadI_predicted,0.047619047619047616,20,20,GTAAAGCGGTGGGGTTCTTG,0,4330826
yadI_predicted,0.047619047619047616,20,20,GGTAGAGAGGGGGTTTAGTG,0,4328996
yadI_predicted,0.047619047619047616,20,20,GGTAATCCGATGAGACAATA,0,4353122
yadI_predicted,0.047619047619047616,20,20,GGGTATAATTATGAGAGAAA,0,4329184
yadI_predicted,0.047619047619047616,20,20,GGCATTGCTAATGAGCAGCA,0,4358770
yadI_predicted,0.047619047619047616,20,20,GGCAATAAGAGAGCAATACT,0,4293189
yadI_predicted,0.047619047619047616,20,20,GGATTGTGTCGCGGGATACG,0,4297941
yadI_predicted,0.047619047619047616,20,20,GGATTAACCCTTCGGATCCT,0,4286923
yadI_predicted,0.047619047619047616,20,20,GGATCTCATGTGTAATCAGC,0,4308282
yadI_predicted,0.047619047619047616,20,20,GGATATGCAGTGGCCACGTG,0,4287399
yadI_predicted,0.047619047619047616,20,20,GGAATGGGTCGGGATACTGT,0,4322690
yadI_predicted,0.047619047619047616,20,20,GGAAGAGTGAGCAGTTTGTA,0,4361545
yadI_predicted,0.047619047619047616,20,20,GGAACGGCGGGAGAGCATGG,0,4336793
yadI_predicted,0.047619047619047616,20,20,GGAACCCGTTTCGCCTTAGA,0,4314977
yadI_predicted,0.047619047619047616,20,20,GGAACACGTAGAGTATTCTC,0,4284559
yadI_predicted,0.047619047619047616,20,20,GCTAATTGCCGTTTTTTCCG,0,4359876
yadI_predicted,0.047619047619047616,20,20,GCCCGGGGTGCATATTTAAA,0,4321923
yadI_predicted,0.047619047619047616,20,20,GCATTTCCATGTTGTGGCGA,0,4362204
yadI_predicted,0.047619047619047616,20,20,GCAGAGTATTCGCGCACTAT,0,4351291
yadI_predicted,0.047619047619047616,20,20,GCAATGAAACCACACGTTAA,0,4336197
yadI_predicted,0.047619047619047616,20,20,GCAACGGCAACGTAGACAGG,0,4344692
yadI_predicted,0.047619047619047616,20,20,GATTGCTGAAAAGTTGATAA,0,4297936
yadI_predicted,0.047619047619047616,20,20,GATTAAAGCGATTTTTTCAG,0,4337454
yadI_predicted,0.047619047619047616,20,20,GATGCGAGGTGGCTGTAAAT,0,4358164
yadI_predicted,0.047619047619047616,20,20,GATGAATAATCCCACCCTTT,0,4350159
yadI_predicted,0.047619047619047616,20,20,GATCAACTGACAGCAATCTG,0,4349868
yadI_predicted,0.047619047619047616,20,20,GAGTCGGGCGTCTCACACGG,0,4327236
yadI_predicted,0.047619047619047616,20,20,GAGGTCACTCTATGTCCGTC,0,4294685
yadI_predicted,0.047619047619047616,20,20,GAGGCTCATCTTATTCCGAA,0,4285665
yadI_predicted,0.047619047619047616,20,20,GAGGCTATACAGGGCGCCCT,0,4294871
yadI_predicted,0.047619047619047616,20,20,GAGCTGATCAGTAAAAAGGC,0,4331207
yadI_predicted,0.047619047619047616,20,20,GAGCGTAGGGGTGTGAGGAC,0,4346548
yadI_predicted,0.047619047619047616,20,20,GAGCGCACTAGGTCAACATA,0,4352230
yadI_predicted,0.047619047619047616,20,20,GACTTCACAGCGTGACCACT,0,4352972
yadI_predicted,0.047619047619047616,20,20,GACCGTTTTCCATCTTGCTT,0,4323747
yadI_predicted,0.047619047619047616,20,20,GACAGTAAGGCGACCTCTAA,0,4344136
yadI_predicted,0.047619047619047616,20,20,GAATGGTGATGCGCTCATAA,0,4304719
yadI_predicted,0.047619047619047616,20,20,GAATCGCACGATCAGCCAGT,0,4286772
yadI_predicted,0.047619047619047616,20,20,GAAGTGTATTAAATAAGACC,0,4311096
yadI_predicted,0.047619047619047616,20,20,GAAGTACTTCATGACTGTCA,0,4333573
yadI_predicted,0.047619047619047616,20,20,CTTCTGGGGCGGGTTGCGTG,0,4356855
yadI_predicted,0.047619047619047616,20,20,CTTAAACCGACGAACCAGAA,0,4298334
yadI_predicted,0.047619047619047616,20,20,CTGGCTATAGATCGGACAGT,0,4347831
yadI_predicted,0.047619047619047616,20,20,CTGGCCTGCCGAGTTACATC,0,4310575
yadI_predicted,0.047619047619047616,20,20,CTGGCAGCCAGCACGATTAC,0,4292345
yadI_predicted,0.047619047619047616,20,20,CTGATAGGATCCTGGAGATC,0,4295017
yadI_predicted,0.047619047619047616,20,20,CTGAACTACGGGCCTTGCGG,0,4308609
yadI_predicted,0.047619047619047616,20,20,CTGAAACGTCTTCGTATAGT,0,4328295
yadI_predicted,0.047619047619047616,20,20,CTCTCATTGTCAACCGGGTG,0,4315400
yadI_predicted,0.047619047619047616,20,20,CTCCTAAACCGCCCTACCAT,0,4298327
yadI_predicted,0.047619047619047616,20,20,CTCAATACGTGTAAACTGCT,0,4317897
yadI_predicted,0.047619047619047616,20,20,CTATGTGGACATTGGGACAA,0,4297118
yadI_predicted,0.047619047619047616,20,20,CTAGGCGATGAGTTGCGTCC,0,4333084
yadI_predicted,0.047619047619047616,20,20,CTAGCCTCGTGTGTTTAGTT,0,4293806
yadI_predicted,0.047619047619047616,20,20,CTAAGTTTGAGTCGTCGCAT,0,4360415
yadI_predicted,0.047619047619047616,20,20,CTAAGGGTCAAATTTTGGCC,0,4364232
yadI_predicted,0.047619047619047616,20,20,CTAAACTCAGGGACTTGTAC,0,4318918
yadI_predicted,0.047619047619047616,20,20,CGTGTCTAATTGAAGGTTTC,0,4331746
yadI_predicted,0.047619047619047616,20,20,CGTGTATCCCGTCCTTAGAC,0,4306313
yadI_predicted,0.047619047619047616,20,20,CGTGGTAGGGCTCTAATGTT,0,4295804
yadI_predicted,0.047619047619047616,20,20,CGTACCCAGCACACTCCGGT,0,4323408
yadI_predicted,0.047619047619047616,20,20,CGGTGATCTCCAAAGATACT,0,4347646
yadI_predicted,0.047619047619047616,20,20,CGGCCCGACCCGTGCGTGTC,0,4325646
yadI_predicted,0.047619047619047616,20,20,CGGAGGCGTGCTTACGGCCT,0,4317251
yadI_predicted,0.047619047619047616,20,20,CGGAGGAGGTTTCAAAGGAT,0,4286188
yadI_predicted,0.047619047619047616,20,20,CGGAATGTGCGGTACAGGTA,0,4349345
yadI_predicted,0.047619047619047616,20,20,CGCAGACGCTGAGTAAATGA,0,4338286
yadI_predicted,0.047619047619047616,20,20,CGATCCGGGGACTTCTGGCG,0,4353611
yadI_predicted,0.047619047619047616,20,20,CGAGGCTCATATGGGTGATC,0,4349918
yadI_predicted,0.047619047619047616,20,20,CCTTACGGGCAGGAGAAGTG,0,4340940
yadI_predicted,0.047619047619047616,20,20,CCGGAGTGGATCGAATTTCA,0,4345602
yadI_predicted,0.047619047619047616,20,20,CCGCGTTCTATCAGGCGTTA,0,4362139
yadI_predicted,0.047619047619047616,20,20,CCGAGCCGCATGTACGCAAA,0,4348558
yadI_predicted,0.047619047619047616,20,20,CCCTTGGTGTCTAGTGAGAC,0,4353810
yadI_predicted,0.047619047619047616,20,20,CCCTGGTCGCGGACCGGAAC,0,4353238
yadI_predicted,0.047619047619047616,20,20,CCCGTCAGTGAGCATGTCTC,0,4359771
yadI_predicted,0.047619047619047616,20,20,CCCGCTGGAGCTATTATTTT,0,4341688
yadI_predicted,0.047619047619047616,20,20,CCCCTTCTTTAAACCGAGAC,0,4317450
yadI_predicted,0.047619047619047616,20,20,CCCCGGAACAAGGTCAACGC,0,4298627
yadI_predicted,0.047619047619047616,20,20,CCCAAGGGGTCGTTCGAGCT,0,4333250
yadI_predicted,0.047619047619047616,20,20,CCATGTCCAAGTCAGCTTCT,0,4321026
yadI_predicted,0.047619047619047616,20,20,CCAGTGAGTAAGAGTTTCTG,0,4344243
yadI_predicted,0.047619047619047616,20,20,CCACGCGCTAGGTTTTGGTG,0,4289263
yadI_predicted,0.047619047619047616,20,20,CATGAGTTAGATGTCCTCGC,0,4287930
yadI_predicted,0.047619047619047616,20,20,CATCGAGCAACAGGTTCGCA,0,4325020
yadI_predicted,0.047619047619047616,20,20,CATAGACAGTGTGCCGTTTA,0,4319535
yadI_predicted,0.047619047619047616,20,20,CATAAACTGCATTCGCACCC,0,4319130
yadI_predicted,0.047619047619047616,20,20,CAGGGCTTGTGGAGATATTA,0,4368487
yadI_predicted,0.047619047619047616,20,20,CAGACTTATGTTGCGGTATA,0,4298920
yadI_predicted,0.047619047619047616,20,20,CACGTGCCTTGCGTCCACCG,0,4348262
yadI_predicted,0.047619047619047616,20,20,CACGTCGGTAGCGTTCGACG,0,4363844
yadI_predicted,0.047619047619047616,20,20,CACGGCGCGCGCGGGGCTAC,0,4359805
yadI_predicted,0.047619047619047616,20,20,CACGCTCATCCGAACGAGGG,0,4309115
yadI_predicted,0.047619047619047616,20,20,CACGCTAGTTTGTACAGGGT,0,4306976
yadI_predicted,0.047619047619047616,20,20,CACACAATAGGGATGCAATG,0,4340737
yadI_predicted,0.047619047619047616,20,20,CAAAAGGGCAATTGATGAGA,0,4350763
yadI_predicted,0.047619047619047616,20,20,CAAAACGCGCGGGGTAGTGT,0,4305587
yadI_predicted,0.047619047619047616,20,20,ATTTCCCCGATGGGGCATTT,0,4321753
yadI_predicted,0.047619047619047616,20,20,ATTGTATTGAGAAGACGACG,0,4354752
yadI_predicted,0.047619047619047616,20,20,ATGTCCGAGTCTCGCACTCC,0,4349157
yadI_predicted,0.047619047619047616,20,20,ATGCAGTAGGGGCTGTTTAA,0,4305121
yadI_predicted,0.047619047619047616,20,20,ATGAATGTGGTGCACCCATA,0,4351016
yadI_predicted,0.047619047619047616,20,20,ATCGGGCTGGCCACGCTTTG,0,4331673
yadI_predicted,0.047619047619047616,20,20,ATCGCCCACACCGCTGGGGG,0,4327652
yadI_predicted,0.047619047619047616,20,20,ATCCGACGTCTATAGGCATC,0,4337128
yadI_predicted,0.047619047619047616,20,20,ATCAGCACATAACTCGGGTA,0,4310755
yadI_predicted,0.047619047619047616,20,20,ATATTAGTAACGCTATTGTT,0,4365017
yadI_predicted,0.047619047619047616,20,20,ATAGTTCCCGATCACTATTG,0,4291234
yadI_predicted,0.047619047619047616,20,20,ATAGAGTTACCACCGCAATA,0,4328294
yadI_predicted,0.047619047619047616,20,20,ATACATATCATCGAAGTCAT,0,4334272
yadI_predicted,0.047619047619047616,20,20,AGTTTTCCTAAAATGCAAGA,0,4330833
yadI_predicted,0.047619047619047616,20,20,AGTGGGGTCATCCGGAATTC,0,4335410
yadI_predicted,0.047619047619047616,20,20,AGTGCCTTCGGTGGCACACA,0,4365752
yadI_predicted,0.047619047619047616,20,20,AGGCCATTCTGAATCGCGTA,0,4308373
yadI_predicted,0.047619047619047616,20,20,AGGAGCCCGAGAGGGCTGAT,0,4287615
yadI_predicted,0.047619047619047616,20,20,AGCTAGCTTCGTATGTGTAG,0,4353906
yadI_predicted,0.047619047619047616,20,20,AGCGCCTGCCTGAGAAGTAC,0,4319078
yadI_predicted,0.047619047619047616,20,20,AGATAAGGTATTGAGCCTCC,0,4293258
yadI_predicted,0.047619047619047616,20,20,AGACTGCGTAGTCACTAGTT,0,4326641
yadI_predicted,0.047619047619047616,20,20,AGACAGAGCCAGGTGAATCA,0,4309498
yadI_predicted,0.047619047619047616,20,20,AGACACGACGCTCGGAAACC,0,4302606
yadI_predicted,0.047619047619047616,20,20,AGAATTGGGGATGGAGAACT,0,4305349
yadI_predicted,0.047619047619047616,20,20,AGAATATATACCGAAGGGTC,0,4360538
yadI_predicted,0.047619047619047616,20,20,ACTTGCTTCATGGTAGGGAC,0,4307651
yadI_predicted,0.047619047619047616,20,20,ACTAAGAAGCTTAGGATCCA,0,4308154
yadI_predicted,0.047619047619047616,20,20,ACTAAATAATACGGGTTCCT,0,4343783
yadI_predicted,0.047619047619047616,20,20,ACGGCAGCATGCGCTCGGAT,0,4308745
yadI_predicted,0.047619047619047616,20,20,ACGGATCGGATGTCAGGTAT,0,4308721
yadI_predicted,0.047619047619047616,20,20,ACCGTCAGGTTGAAAACCCT,0,4287450
yadI_predicted,0.047619047619047616,20,20,ACCGGACAGACAGAGACTTA,0,4357828
yadI_predicted,0.047619047619047616,20,20,ACATACAGGATTCCGGGGCA,0,4341592
yadI_predicted,0.047619047619047616,20,20,ACAATAGACTTGCCCACTAT,0,4341838
yadI_predicted,0.047619047619047616,20,20,ACAAAAGACGCCCCTTAAAA,0,4333349
yadI_predicted,0.047619047619047616,20,20,AATCATAGCGGAGTATCTAC,0,4315974
yadI_predicted,0.047619047619047616,20,20,AATATAACCCCTGTGGAATG,0,4307866
yadI_predicted,0.047619047619047616,20,20,AAGTGAAGTGGTGTGCCACT,0,4306923
yadI_predicted,0.047619047619047616,20,20,AAGTCTCAAAGCCCTCTCGC,0,4304259
yadI_predicted,0.047619047619047616,20,20,AACTCTCTGAATGGAGTCCT,0,4299112
yadI_predicted,0.047619047619047616,20,20,AACGATCTATTTCCGAAATG,0,4324825
yadI_predicted,0.047619047619047616,20,20,AACCCGAGGTTTTCTGTTGC,0,4317619
yadI_predicted,0.047619047619047616,20,20,AAATCTGTCCACCTGACATC,0,4324492
yadI_predicted,0.047619047619047616,20,20,AAATCGCAAATCTGTAATAC,0,4329981
yadI_predicted,0.047619047619047616,20,20,AAACCACTTTATGGCATAGG,0,4366609
yadI_predicted,0.047619047619047616,20,20,AAAAGGCCGCAACACGACAC,0,4294447
yadI_predicted,0.05,19,19,TTTGCTACAGTATACAGAAT,0,4292802
yadI_predicted,0.05,19,19,TTTGATCATGCAAGGATCGT,0,4341976
yadI_predicted,0.05,19,19,TTTATTCGTCCGGCGGATAG,0,4298924
yadI_predicted,0.05,19,19,TTGGTACGCTCAAGGTGAGT,0,4361299
yadI_predicted,0.05,19,19,TTGGGAATCACCTGTCTTGT,0,4342804
yadI_predicted,0.05,19,19,TTGCGTTAGATACCAGCAGG,0,4343727
yadI_predicted,0.05,19,19,TTGACGTATTTGTTCTTCAT,0,4355421
yadI_predicted,0.05,19,19,TTCGTTGACTAGGTGAGGGT,0,4305114
yadI_predicted,0.05,19,19,TTCGTGAGACCAAGTGTAGA,0,4303930
yadI_predicted,0.05,19,19,TTCGGTCCGCTCTGGAGGGA,0,4355552
yadI_predicted,0.05,19,19,TTCGGCCACATCGACCGCCG,0,4356356
yadI_predicted,0.05,19,19,TTCGCTGGGGTTAGAAGTAA,0,4287536
yadI_predicted,0.05,19,19,TTCCGCCCGCAGTGAGTTCA,0,4293410
yadI_predicted,0.05,19,19,TTCCACAGCGGGCATGCATA,0,4360626
yadI_predicted,0.05,19,19,TTCAGGCTACGAGGCATCTC,0,4350105
yadI_predicted,0.05,19,19,TTCACGTGTGTTCCACATGT,0,4292866
yadI_predicted,0.05,19,19,TTATAAACAGGACGCGTATA,0,4309555
yadI_predicted,0.05,19,19,TTAGTGAGTAACTCAGCCGA,0,4298080
yadI_predicted,0.05,19,19,TTAGATCGCTCAATCTTGTG,0,4340377
yadI_predicted,0.05,19,19,TTACGTACGTGTAACATGAG,0,4351900
yadI_predicted,0.05,19,19,TTACCGTTTAGCACTAATTT,0,4309667
yadI_predicted,0.05,19,19,TTACATTAAGGTACCCTCAT,0,4349824
yadI_predicted,0.05,19,19,TTACAGGTTATTGGTCCCTG,0,4303868
yadI_predicted,0.05,19,19,TGTAACTTGCTGTGACCCAT,0,4360873
yadI_predicted,0.05,19,19,TGGTACTACTTTAGCCTAGT,0,4351766
yadI_predicted,0.05,19,19,TGGGTCTACTACGGTCGGCA,0,4315313
yadI_predicted,0.05,19,19,TGCGCTCGTCCGGACGTCCA,0,4294514
yadI_predicted,0.05,19,19,TGATGCAATATGTTTGCTGA,0,4340812
yadI_predicted,0.05,19,19,TGATAGAGGAAACTCTTTCC,0,4336266
yadI_predicted,0.05,19,19,TGAGTTATCCTGTGTCCCGA,0,4302955
yadI_predicted,0.05,19,19,TGAGTCAAGCTTGCTGATTC,0,4296234
yadI_predicted,0.05,19,19,TGACCTCCACCGTTAATATA,0,4290237
yadI_predicted,0.05,19,19,TGAAGAGTCTGTTTGTAGCT,0,4348691
yadI_predicted,0.05,19,19,TCTTTGGCATGACTAAACCA,0,4295230
yadI_predicted,0.05,19,19,TCTGTGTCGAGTCGTCCACA,0,4345211
yadI_predicted,0.05,19,19,TCTACCCATTAATATTAGAC,0,4299001
yadI_predicted,0.05,19,19,TCGTCCACATTCTATTATAG,0,4320897
yadI_predicted,0.05,19,19,TCGGTTTGTAGCCCTAGATG,0,4326281
yadI_predicted,0.05,19,19,TCGGATGTCACCATACCCCA,0,4284636
yadI_predicted,0.05,19,19,TCGGATGAGATAACATCGGC,0,4292305
yadI_predicted,0.05,19,19,TCGAAACTCTGTTTCCGGCG,0,4300369
yadI_predicted,0.05,19,19,TCCTCGATCGAACTCATCGC,0,4335704
yadI_predicted,0.05,19,19,TCCTCCACTTTGGGTGAGCT,0,4330502
yadI_predicted,0.05,19,19,TCCGCGTTCTATGGTGTTCA,0,4347318
yadI_predicted,0.05,19,19,TCACGGCGCCACACTAACAG,0,4365036
yadI_predicted,0.05,19,19,TATTGAGTAATGGGGATCAA,0,4331341
yadI_predicted,0.05,19,19,TATTATGTAACGTTTTTTTT,0,4324997
yadI_predicted,0.05,19,19,TATGCGACCGAATTACTCCA,0,4298197
yadI_predicted,0.05,19,19,TATGATTTTTATAAACGCAA,0,4308350
yadI_predicted,0.05,19,19,TATGATTTGGGTCCTGCCAG,0,4366987
yadI_predicted,0.05,19,19,TATGATTATCGATTTTTGAA,0,4356584
yadI_predicted,0.05,19,19,TATGAACTGGCAATGAATCA,0,4332250
yadI_predicted,0.05,19,19,TATATGAATGTTTATGCGTA,0,4310048
yadI_predicted,0.05,19,19,TAGGCGTACCCAGGCCTCCT,0,4330369
yadI_predicted,0.05,19,19,TAGGCACCCTATGTAGTCAC,0,4334108
yadI_predicted,0.05,19,19,TAGCCGAGGATCTGTGCGCA,0,4326555
yadI_predicted,0.05,19,19,TACATTGCACAACACGCTTA,0,4306820
yadI_predicted,0.05,19,19,TAAGTATTCAAAGTTCGAGT,0,4349519
yadI_predicted,0.05,19,19,TAAGTAGTGCAAGCACTGTA,0,4300866
yadI_predicted,0.05,19,19,TAACCTACTAACTTTCTATT,0,4306061
yadI_predicted,0.05,19,19,GTTCTTCGAAAGGGAAATGT,0,4285797
yadI_predicted,0.05,19,19,GTTCGACTGATTATTTGTTG,0,4309099
yadI_predicted,0.05,19,19,GTTATGCAGGGCTACTCGGT,0,4296988
yadI_predicted,0.05,19,19,GTTATCTAGACGCTACCTAT,0,4295799
yadI_predicted,0.05,19,19,GTTACCAGCCCACGCGCACC,0,4315420
yadI_predicted,0.05,19,19,GTTAATCAGTTCGATCTGAC,0,4320277
yadI_predicted,0.05,19,19,GTTAACGCACGATCGGGGTG,0,4305484
yadI_predicted,0.05,19,19,GTGGGGATTTACTGGAGCGT,0,4369653
yadI_predicted,0.05,19,19,GTGGATCCTTGGTGCACAAA,0,4356954
yadI_predicted,0.05,19,19,GTGCTGATTTTAATCTAGAA,0,4317326
yadI_predicted,0.05,19,19,GTGCATAAGGTAAGAGCAGC,0,4316422
yadI_predicted,0.05,19,19,GTGCACTCGAGTCTCCGTTT,0,4328257
yadI_predicted,0.05,19,19,GTGCAATGCTAAGGGTTTCG,0,4295503
yadI_predicted,0.05,19,19,GTCTTCGCCGTTTGGGAACT,0,4327774
yadI_predicted,0.05,19,19,GTCGCGCCGCCAGCCGATTC,0,4334290
yadI_predicted,0.05,19,19,GTCGATAGCGTGGCACACTA,0,4335320
yadI_predicted,0.05,19,19,GTCCCGGGTCCAAAAACTAA,0,4330724
yadI_predicted,0.05,19,19,GTCAGCGCAGATCTGCAGAG,0,4317373
yadI_predicted,0.05,19,19,GTATTTTTCTATCGTCCAAA,0,4293366
yadI_predicted,0.05,19,19,GTAGGCCTGGACGTCACGTT,0,4302291
yadI_predicted,0.05,19,19,GTAGCCCGGTCTTAATACGA,0,4292628
yadI_predicted,0.05,19,19,GTAGAATAGCATGCGGCTAT,0,4340808
yadI_predicted,0.05,19,19,GTACAGATCTGTAGTGCTTG,0,4349517
yadI_predicted,0.05,19,19,GTAAATGGTGTACGAACACG,0,4346464
yadI_predicted,0.05,19,19,GGTTTATGCTAGGAGACTTT,0,4302095
yadI_predicted,0.05,19,19,GGTCTGGGAGTCAGGACAAT,0,4339896
yadI_predicted,0.05,19,19,GGTCGTTGAACCAGCGATGG,0,4357420
yadI_predicted,0.05,19,19,GGTACACGCGGAGCCAATTT,0,4341585
yadI_predicted,0.05,19,19,GGTAACCCACTCATGTCAGA,0,4348884
yadI_predicted,0.05,19,19,GGGTTAGTCAGAGGCACACT,0,4337915
yadI_predicted,0.05,19,19,GGGGGGGAGTTTGCCGACTA,0,4352762
yadI_predicted,0.05,19,19,GGGGGGAAGTCCGGTAGCGT,0,4318656
yadI_predicted,0.05,19,19,GGGGGCCTGGACAATGGAAA,0,4341512
yadI_predicted,0.05,19,19,GGGCCGTTTTATAGCCCCCA,0,4292964
yadI_predicted,0.05,19,19,GGGCACCCTCTAGCGTTAGT,0,4318046
yadI_predicted,0.05,19,19,GGCTTCAGCGAAATCTCCTA,0,4301911
yadI_predicted,0.05,19,19,GGCTAATGGAACAGGCACGT,0,4286838
yadI_predicted,0.05,19,19,GGCCTGACCGCACTATCCGG,0,4368023
yadI_predicted,0.05,19,19,GGCAATACTATACTCCCCGT,0,4312387
yadI_predicted,0.05,19,19,GGCAAAACTTGGGCAGGCCA,0,4302294
yadI_predicted,0.05,19,19,GGATTGCCTCAATTAGGGTA,0,4353468
yadI_predicted,0.05,19,19,GGACTTTCGTGTCAAGGACC,0,4332454
yadI_predicted,0.05,19,19,GCTTCTTAAGTGCCCCACGT,0,4334731
yadI_predicted,0.05,19,19,GCTGCGCGACCAGAGTTTCA,0,4339931
yadI_predicted,0.05,19,19,GCGTCTCGTATGGCACATTG,0,4310493
yadI_predicted,0.05,19,19,GCGGTATTTGTAAGCTTTGG,0,4343667
yadI_predicted,0.05,19,19,GCCGTCTCAATCTTTCAGGT,0,4345224
yadI_predicted,0.05,19,19,GCCGCTCGTTTGGCACAGTT,0,4337596
yadI_predicted,0.05,19,19,GCCACGGGAGTGCGACACCT,0,4357027
yadI_predicted,0.05,19,19,GCATGGCATGGGGAGCGCCT,0,4312527
yadI_predicted,0.05,19,19,GCATAACTATCTAGGGTGAT,0,4363630
yadI_predicted,0.05,19,19,GCAAGTTGAGTATAGCTCCC,0,4287617
yadI_predicted,0.05,19,19,GATTGGCGTGCTGTTCCTAG,0,4313289
yadI_predicted,0.05,19,19,GATCTGCATAAATAAGGGTC,0,4307311
yadI_predicted,0.05,19,19,GATCCTTCTTCCTCGATAAA,0,4312021
yadI_predicted,0.05,19,19,GATACACCCCGAGCTTTAAG,0,4357241
yadI_predicted,0.05,19,19,GAGCTGGGCACACGAGGGAT,0,4350802
yadI_predicted,0.05,19,19,GAGAAGGTATACTACGCAGC,0,4341193
yadI_predicted,0.05,19,19,GACTTGGATGACTTACGCTG,0,4342709
yadI_predicted,0.05,19,19,GACCGTATGGTACTCAGCGA,0,4333952
yadI_predicted,0.05,19,19,GACAGAAGTCACTCGCTGGG,0,4285170
yadI_predicted,0.05,19,19,GAAAGAATAGCCCTACCACG,0,4352228
yadI_predicted,0.05,19,19,GAAACACGCTTCTCTTCTGC,0,4369597
yadI_predicted,0.05,19,19,CTTGGCTTTTAGCTCCCGAT,0,4344324
yadI_predicted,0.05,19,19,CTTCACCTCGGTATTACCGA,0,4339162
yadI_predicted,0.05,19,19,CTGTCAGATATTACGCACCT,0,4306037
yadI_predicted,0.05,19,19,CTGGGGGTACTGAACACAAC,0,4329677
yadI_predicted,0.05,19,19,CTCTTGTTTTACACGAGCGA,0,4345500
yadI_predicted,0.05,19,19,CTCTTGTTTAAACTAGAAGC,0,4321155
yadI_predicted,0.05,19,19,CTCGAGTGCATTGAGTTTAG,0,4322041
yadI_predicted,0.05,19,19,CTCCATTCATCGCCGTGATC,0,4310175
yadI_predicted,0.05,19,19,CTCAAAGGGATTACTAACGT,0,4302554
yadI_predicted,0.05,19,19,CTATGTTGCCAATCTCGTAA,0,4325089
yadI_predicted,0.05,19,19,CTATGTCCGGTGCACGCTAT,0,4356169
yadI_predicted,0.05,19,19,CTATAATGACAGGGGGGTAA,0,4326067
yadI_predicted,0.05,19,19,CGTTTGAAATGGCCAGAACA,0,4354808
yadI_predicted,0.05,19,19,CGTTTCCTATGTCGAGAAAC,0,4330813
yadI_predicted,0.05,19,19,CGTTAGTATATCTCGCATGT,0,4307545
yadI_predicted,0.05,19,19,CGTGGGGAGATGCTCATTTG,0,4312264
yadI_predicted,0.05,19,19,CGTCGGAGGGAAGCTGAGGG,0,4284292
yadI_predicted,0.05,19,19,CGTCCTTTTCATAAGTTTAA,0,4319426
yadI_predicted,0.05,19,19,CGTAGATCAGTGTGGAAAGG,0,4317163
yadI_predicted,0.05,19,19,CGGCGGTGGGCCTATAAATT,0,4296714
yadI_predicted,0.05,19,19,CGGCAATTCCCCCGAACTGT,0,4323697
yadI_predicted,0.05,19,19,CGGATCTAAGATATATTCAA,0,4300962
yadI_predicted,0.05,19,19,CGGATACTTGCCGTATGTCT,0,4352465
yadI_predicted,0.05,19,19,CGGACGTCTCTGATGGGGAC,0,4293190
yadI_predicted,0.05,19,19,CGCTCATAGGGCTTGATGTC,0,4353497
yadI_predicted,0.05,19,19,CGCGGTTGGGGTTGTTCCAC,0,4329013
yadI_predicted,0.05,19,19,CGCGAACTCGGGTGGCAACG,0,4286662
yadI_predicted,0.05,19,19,CGCCTTCGGAGGTCATATCC,0,4334642
yadI_predicted,0.05,19,19,CGCAGCACAGATTCTGCGGC,0,4309882
yadI_predicted,0.05,19,19,CGCAATGACCGAGCCCGTTA,0,4350364
yadI_predicted,0.05,19,19,CGAGTGGGCCTGTACTTCTA,0,4358349
yadI_predicted,0.05,19,19,CGAGTCTACGCCCGTGGAAC,0,4286410
yadI_predicted,0.05,19,19,CGAGCTCGACGAGGGCGGTC,0,4346635
yadI_predicted,0.05,19,19,CGAGACGGTAAGATTACCGT,0,4363222
yadI_predicted,0.05,19,19,CGACGCCTATGACCTCCCAC,0,4287134
yadI_predicted,0.05,19,19,CGACCGTGCGAATCATTAGG,0,4347256
yadI_predicted,0.05,19,19,CGACACCATAGCGCTTCGAT,0,4301353
yadI_predicted,0.05,19,19,CGAAGGACGCTCCGACTGGG,0,4297514
yadI_predicted,0.05,19,19,CGAACTCGTTGAGGACTCGT,0,4315738
yadI_predicted,0.05,19,19,CCTCCTCTCCATTCTATCCA,0,4304735
yadI_predicted,0.05,19,19,CCGTCACTGGAGCTTAGTCG,0,4330509
yadI_predicted,0.05,19,19,CCGGCGATCTTACGGAGCTA,0,4341243
yadI_predicted,0.05,19,19,CCGGCAGTCCTATAGCATAA,0,4312327
yadI_predicted,0.05,19,19,CCGCCGTAAAACAGAGGGAT,0,4360101
yadI_predicted,0.05,19,19,CCAACTTATGCCAGACGCCA,0,4347565
yadI_predicted,0.05,19,19,CATCTCAGCCAGAGAGGTTG,0,4365600
yadI_predicted,0.05,19,19,CATCGTGCTACCCGCTTCAT,0,4326301
yadI_predicted,0.05,19,19,CATAGGACGGGCTCACTATC,0,4317213
yadI_predicted,0.05,19,19,CAGTACAGGGATTTGAATAT,0,4292928
yadI_predicted,0.05,19,19,CAGGTAGCTGTGGGGCTGTC,0,4324739
yadI_predicted,0.05,19,19,CAGAGGATAGAGCAGTGTGA,0,4285152
yadI_predicted,0.05,19,19,CACTCGGTTTCCTGGTTACA,0,4311360
yadI_predicted,0.05,19,19,CACATCCATCCGAGCCACTA,0,4323609
yadI_predicted,0.05,19,19,CACACTGATAAAATTGGCTT,0,4356589
yadI_predicted,0.05,19,19,CAACTCTGCTTTCGGCTTGG,0,4301130
yadI_predicted,0.05,19,19,ATTTTAGGGTGCAAAATCTC,0,4337816
yadI_predicted,0.05,19,19,ATTTATGGCCTCACTCGGAC,0,4312517
yadI_predicted,0.05,19,19,ATTGAATCCCCGGGTTGTTT,0,4316120
yadI_predicted,0.05,19,19,ATTCCCAACAGCGAGTTTGA,0,4310705
yadI_predicted,0.05,19,19,ATTAGGGCCTACCGAACCGC,0,4367775
yadI_predicted,0.05,19,19,ATGTTACTGCCTAATGTCCA,0,4368718
yadI_predicted,0.05,19,19,ATGCTGCCCTGCTAGGTTGG,0,4348879
yadI_predicted,0.05,19,19,ATGCTCATCGGTTGTGGTTG,0,4295466
yadI_predicted,0.05,19,19,ATGCGACGGGCACACAACAT,0,4326410
yadI_predicted,0.05,19,19,ATCTCGTTAAGGATAGTGAT,0,4307139
yadI_predicted,0.05,19,19,ATCTATGTTCTCGAGCAGGA,0,4330300
yadI_predicted,0.05,19,19,ATCCAGTAATTAGGTGCGGA,0,4359818
yadI_predicted,0.05,19,19,ATATTTCAATTCCGCCTTAT,0,4343201
yadI_predicted,0.05,19,19,ATATATGCAGCCCAAGGCTT,0,4313918
yadI_predicted,0.05,19,19,ATAGTGTATTTAGGAGCTTT,0,4363913
yadI_predicted,0.05,19,19,ATAATTATAATCCTAACCAC,0,4302207
yadI_predicted,0.05,19,19,ATAACGTTTGTTCACAGAAT,0,4356061
yadI_predicted,0.05,19,19,ATAAACAACCTTTGGTCATG,0,4343449
yadI_predicted,0.05,19,19,AGTCTTTTGGAGAGTACCTC,0,4356163
yadI_predicted,0.05,19,19,AGTATGAGCGGAAGGTCAAT,0,4327657
yadI_predicted,0.05,19,19,AGGTTCCCCTAAGACGTCAA,0,4310876
yadI_predicted,0.05,19,19,AGGGGTGTACACACCCTAAT,0,4309356
yadI_predicted,0.05,19,19,AGGCTCTCAGGCCCTATCCT,0,4319357
yadI_predicted,0.05,19,19,AGGCTCGTCATGAATCAGGT,0,4347287
yadI_predicted,0.05,19,19,AGCTAGTTGAGTCTACATAA,0,4359334
yadI_predicted,0.05,19,19,AGCATCACGATGCGGCATAT,0,4364788
yadI_predicted,0.05,19,19,AGATCCCCCGAAAGCGGATT,0,4349859
yadI_predicted,0.05,19,19,AGATACAACCCACATGAAGA,0,4360561
yadI_predicted,0.05,19,19,AGAGCGTTAGCACAGGCTTG,0,4290698
yadI_predicted,0.05,19,19,AGAGAATGGCGGATTCTTGC,0,4348198
yadI_predicted,0.05,19,19,AGAAGAGTGGTGCTCCGGTT,0,4296568
yadI_predicted,0.05,19,19,AGAACCGGTCGTCAAGCATC,0,4357883
yadI_predicted,0.05,19,19,AGAAAGCCCCCCTTGAGACG,0,4309151
yadI_predicted,0.05,19,19,ACTCGACATTACTTTTCCCC,0,4318238
yadI_predicted,0.05,19,19,ACTACAGCACCAATGTTTGG,0,4360546
yadI_predicted,0.05,19,19,ACGTGGGTAGTGGGCTCCTG,0,4331290
yadI_predicted,0.05,19,19,ACGTCGTGCACGAGCGTCCC,0,4299771
yadI_predicted,0.05,19,19,ACGGTAACAGCTGTTAACGA,0,4290338
yadI_predicted,0.05,19,19,ACGGGTTGTGTGGTTAGTAT,0,4327460
yadI_predicted,0.05,19,19,ACGGGGACTATTCCTCCCTG,0,4327087
yadI_predicted,0.05,19,19,ACGGCGGCACACGCGAAGAC,0,4318071
yadI_predicted,0.05,19,19,ACGCAAGGGAAAGCGCGGCA,0,4350464
yadI_predicted,0.05,19,19,ACCGTAAGGCAATACAAATT,0,4320899
yadI_predicted,0.05,19,19,ACCACAAAGGATGCTTAGTA,0,4284632
yadI_predicted,0.05,19,19,ACACTCGAGTTATTCCGGGA,0,4286864
yadI_predicted,0.05,19,19,ACACAAGCATGGAGGGGCAT,0,4292943
yadI_predicted,0.05,19,19,AATGATGAGATTCCCACCTT,0,4320553
yadI_predicted,0.05,19,19,AATCGAACGAAGATCAGTCC,0,4369807
yadI_predicted,0.05,19,19,AATATGCGGTTAGGTCCGAA,0,4290033
yadI_predicted,0.05,19,19,AATAAGTCCGTTTTATGCAG,0,4290981
yadI_predicted,0.05,19,19,AAGTCCACCGCTGATGTTTT,0,4348664
yadI_predicted,0.05,19,19,AAGGCAATAGCAAGATGCCT,0,4343851
yadI_predicted,0.05,19,19,AAGCTTTCACCCTAGTTTAA,0,4318796
yadI_predicted,0.05,19,19,AAGCCGCGATTTTAGGGGGA,0,4363472
yadI_predicted,0.05,19,19,AAGCAGGTTGCTAAAAAGGT,0,4321603
yadI_predicted,0.05,19,19,AAGAAATATAGGAGCGCCCT,0,4285382
yadI_predicted,0.05,19,19,AACTTCTGGGTAGCAAATGT,0,4299004
yadI_predicted,0.05,19,19,AACTGTGTGTGGAGCTGCTT,0,4347072
yadI_predicted,0.05,19,19,AACTCTAGCGAATCCAAGCT,0,4295436
yadI_predicted,0.05,19,19,AACTAATACTGTCCAAGCCA,0,4354347
yadI_predicted,0.05,19,19,AACGGGACTGGTGAGCCGTG,0,4364316
yadI_predicted,0.05,19,19,AACGGCCTTAAAGGGTAATC,0,4319080
yadI_predicted,0.05,19,19,AACCGGATCGGATAACTCGA,0,4296517
yadI_predicted,0.05,19,19,AACCGACACATTTCAGGACC,0,4291000
yadI_predicted,0.05,19,19,AACATAATTTGGCCGTGGGA,0,4305300
yadI_predicted,0.05,19,19,AAAGATAGCTATTTAACTAA,0,4299838
yadI_predicted,0.05,19,19,AAAATAACAGGCTAGTACGG,0,4296465
yadI_predicted,0.05263157894736842,18,18,TTTTGCTGCCGGGGCCGAGG,0,4310117
yadI_predicted,0.05263157894736842,18,18,TTTTCAACGTTCTGATGCCT,0,4366934
yadI_predicted,0.05263157894736842,18,18,TTTTAGTGGTTTACCGTCAT,0,4289232
yadI_predicted,0.05263157894736842,18,18,TTTGGATAAAATTTTCCGGC,0,4329299
yadI_predicted,0.05263157894736842,18,18,TTTCTCACCAAACCAGATAG,0,4349351
yadI_predicted,0.05263157894736842,18,18,TTTCGAGTATCGCACGGCCC,0,4358162
yadI_predicted,0.05263157894736842,18,18,TTTCCGTTGTACGCATATTA,0,4334525
yadI_predicted,0.05263157894736842,18,18,TTTATTTAGACGGAGTAGTT,0,4300898
yadI_predicted,0.05263157894736842,18,18,TTGCTCCGTGCCAACCATGG,0,4290835
yadI_predicted,0.05263157894736842,18,18,TTGCGGAATTTATTGCTCGA,0,4335875
yadI_predicted,0.05263157894736842,18,18,TTGAGATCTTAGGACGCGCG,0,4316556
yadI_predicted,0.05263157894736842,18,18,TTCTTACCGGGGCGCCAGTT,0,4345840
yadI_predicted,0.05263157894736842,18,18,TTCGAGACATGGGCAAAGTG,0,4350108
yadI_predicted,0.05263157894736842,18,18,TTCCGCGCACAAGCGTCCTA,0,4314735
yadI_predicted,0.05263157894736842,18,18,TTCATGCCGGGTCTTAAAAT,0,4328424
yadI_predicted,0.05263157894736842,18,18,TTCAGCGAGGTGGTCAAATG,0,4368849
yadI_predicted,0.05263157894736842,18,18,TTATACACTCTAGGGACGCG,0,4355550
yadI_predicted,0.05263157894736842,18,18,TTAGCTGGACAATCTACTGA,0,4313417
yadI_predicted,0.05263157894736842,18,18,TTAGAAACCTCAGCACGAGG,0,4342384
yadI_predicted,0.05263157894736842,18,18,TTAAGGCGACTCCGGTAGTG,0,4358552
yadI_predicted,0.05263157894736842,18,18,TTAAAGGCAGGTCAGCGCAG,0,4369689
yadI_predicted,0.05263157894736842,18,18,TGTTTCAGGAACGTACCCAC,0,4351007
yadI_predicted,0.05263157894736842,18,18,TGTTCGGGCGCCAGCAGGTA,0,4312325
yadI_predicted,0.05263157894736842,18,18,TGTGTGACCAGTCACAGAAT,0,4347621
yadI_predicted,0.05263157894736842,18,18,TGTCTTGTATCATCGGGATT,0,4318341
yadI_predicted,0.05263157894736842,18,18,TGTATCACCCGAGATGGTAC,0,4354696
yadI_predicted,0.05263157894736842,18,18,TGTACATCACTGAGTGACTT,0,4362107
yadI_predicted,0.05263157894736842,18,18,TGGCGGAATGAAGTTCCGAT,0,4342168
yadI_predicted,0.05263157894736842,18,18,TGCGTGATCCCACTTTACGT,0,4351855
yadI_predicted,0.05263157894736842,18,18,TGATACTAGCATTTGCGTCC,0,4302099
yadI_predicted,0.05263157894736842,18,18,TGAGTATGCGTGAACTGAGA,0,4314969
yadI_predicted,0.05263157894736842,18,18,TGAGGGCACGATTGCGGAAC,0,4362129
yadI_predicted,0.05263157894736842,18,18,TGAAGCCTGTTTCGGCGCAG,0,4368169
yadI_predicted,0.05263157894736842,18,18,TCTTGAGAGTTGATAGTGCT,0,4347972
yadI_predicted,0.05263157894736842,18,18,TCTGTAGTGACCAATATCCA,0,4342404
yadI_predicted,0.05263157894736842,18,18,TCTGGCCGTGTGTACAGTAA,0,4352634
yadI_predicted,0.05263157894736842,18,18,TCTGATCCAGTACACTTCGT,0,4314962
yadI_predicted,0.05263157894736842,18,18,TCGTTATCACTCGGTGGGGG,0,4303300
yadI_predicted,0.05263157894736842,18,18,TCGTGTCATTTCAGGGATAT,0,4311557
yadI_predicted,0.05263157894736842,18,18,TCGCTGACGGTTTTACCCGA,0,4326695
yadI_predicted,0.05263157894736842,18,18,TCGCTCCGGGCTAGTGAGTT,0,4317147
yadI_predicted,0.05263157894736842,18,18,TCGATCATTTTTGGATGACA,0,4308530
yadI_predicted,0.05263157894736842,18,18,TCGAGGAAAGTATCAGTAGC,0,4317905
yadI_predicted,0.05263157894736842,18,18,TCGAAAGTTGTGAGTCGTTT,0,4319452
yadI_predicted,0.05263157894736842,18,18,TCCTTGGGGGGTCCCTGAGT,0,4368726
yadI_predicted,0.05263157894736842,18,18,TCCTGACTGGCGGCTTGGTC,0,4327790
yadI_predicted,0.05263157894736842,18,18,TCCTACGGCGAAATTTCCTC,0,4288672
yadI_predicted,0.05263157894736842,18,18,TCCTACCGGCTGGCCAGTTA,0,4296957
yadI_predicted,0.05263157894736842,18,18,TCCGGTTCTAGGAGGGCACC,0,4367565
yadI_predicted,0.05263157894736842,18,18,TCCATGTCACGATTCAACAT,0,4318369
yadI_predicted,0.05263157894736842,18,18,TCCAGCACATGGAATCGTTC,0,4332882
yadI_predicted,0.05263157894736842,18,18,TCCAGAGCGTAGCGACGAAC,0,4319086
yadI_predicted,0.05263157894736842,18,18,TCCAAATTCGGGGAATTTGA,0,4350864
yadI_predicted,0.05263157894736842,18,18,TCATTATCGGGTTTGAGGGT,0,4300801
yadI_predicted,0.05263157894736842,18,18,TCATCCCGATCACCTGAGTT,0,4350353
yadI_predicted,0.05263157894736842,18,18,TCAGGAGTGTTTTTTTTCGC,0,4312322
yadI_predicted,0.05263157894736842,18,18,TATTGTCGATCAATCTTAAT,0,4302097
yadI_predicted,0.05263157894736842,18,18,TATTCGCGAACAAATCTGTA,0,4367693
yadI_predicted,0.05263157894736842,18,18,TATAATACGCGGCTTACGAG,0,4289907
yadI_predicted,0.05263157894736842,18,18,TAGGATATATCCCCGAAAGG,0,4286596
yadI_predicted,0.05263157894736842,18,18,TAGCAACTACCGGTCCATTG,0,4355416
yadI_predicted,0.05263157894736842,18,18,TACGTTTGATGTAGAATATT,0,4307550
yadI_predicted,0.05263157894736842,18,18,TACGTAATGACTCCGTCCCA,0,4367220
yadI_predicted,0.05263157894736842,18,18,TACGGTGTATGAATCCCTTA,0,4349996
yadI_predicted,0.05263157894736842,18,18,TACGACACACGCGCATGCCC,0,4354614
yadI_predicted,0.05263157894736842,18,18,TACGAATGGATTCCGAGTCT,0,4352569
yadI_predicted,0.05263157894736842,18,18,TACCAGCGACAACTAACTGT,0,4346257
yadI_predicted,0.05263157894736842,18,18,TAAGTTGGGGACATGGGACG,0,4297764
yadI_predicted,0.05263157894736842,18,18,TAAGGTGAAGTTTGCCATGT,0,4292206
yadI_predicted,0.05263157894736842,18,18,TAAGGCGCGCGGACTTGTAA,0,4298192
yadI_predicted,0.05263157894736842,18,18,TAAGCAAGCCTGTTGAACAG,0,4345616
yadI_predicted,0.05263157894736842,18,18,TAAGACGGTCGTATGCGCAT,0,4325366
yadI_predicted,0.05263157894736842,18,18,TAAGAAACAAAAAGCGGCCT,0,4284706
yadI_predicted,0.05263157894736842,18,18,TAACGGTACCCGAACGGCCG,0,4340161
yadI_predicted,0.05263157894736842,18,18,TAACCCAACCACGGAGAGGT,0,4301147
yadI_predicted,0.05263157894736842,18,18,TAACCACGCTTGCGGTTTCT,0,4352676
yadI_predicted,0.05263157894736842,18,18,TAAATCTGAATTACAGGAGA,0,4329491
yadI_predicted,0.05263157894736842,18,18,GTTTGTATCTAACGCATGTA,0,4367672
yadI_predicted,0.05263157894736842,18,18,GTTTCAATCAAATATTAAAG,0,4298477
yadI_predicted,0.05263157894736842,18,18,GTTGAAGGCGCACATTCCGC,0,4348415
yadI_predicted,0.05263157894736842,18,18,GTTCTTTTTCCCGGAGTGCT,0,4296773
yadI_predicted,0.05263157894736842,18,18,GTGGGGACATGTAACTTCTT,0,4355715
yadI_predicted,0.05263157894736842,18,18,GTGGGCAACATAACCACGTC,0,4290901
yadI_predicted,0.05263157894736842,18,18,GTGCTGCTACAAACGATGTA,0,4292341
yadI_predicted,0.05263157894736842,18,18,GTGCTAGACAGCGCCAATAG,0,4333185
yadI_predicted,0.05263157894736842,18,18,GTGCGATAGATACGATCATA,0,4354192
yadI_predicted,0.05263157894736842,18,18,GTGATGGTACTGATGCACAA,0,4314841
yadI_predicted,0.05263157894736842,18,18,GTCTTCAGTAACACTGTTGC,0,4314256
yadI_predicted,0.05263157894736842,18,18,GTCTACTGTACAAGGACGTC,0,4341621
yadI_predicted,0.05263157894736842,18,18,GTCGTTTGGTACGTGGCATT,0,4339979
yadI_predicted,0.05263157894736842,18,18,GTCCTCTGCGAGCTAATTGT,0,4348938
yadI_predicted,0.05263157894736842,18,18,GTCAGTATAGCCTATGTCGT,0,4338949
yadI_predicted,0.05263157894736842,18,18,GTATGCGAAGTTTCTGCATT,0,4317890
yadI_predicted,0.05263157894736842,18,18,GTAGGCTGGTCGGCCAACTC,0,4311489
yadI_predicted,0.05263157894736842,18,18,GTAGCACAATTCGAGATGAT,0,4326012
yadI_predicted,0.05263157894736842,18,18,GTACGCGCAAGATCTAACCA,0,4297902
yadI_predicted,0.05263157894736842,18,18,GGTTGCAAAGAATGTGGTAA,0,4341185
yadI_predicted,0.05263157894736842,18,18,GGTTCGACTTCGCGCGTCAC,0,4290229
yadI_predicted,0.05263157894736842,18,18,GGGGATAATTTGATCTGCCT,0,4336708
yadI_predicted,0.05263157894736842,18,18,GGGCGTTCTTGGCTCTTGCC,0,4296387
yadI_predicted,0.05263157894736842,18,18,GGGCGGAATGATTCCAAGTC,0,4324186
yadI_predicted,0.05263157894736842,18,18,GGGCGCACTCGGTGGAATAC,0,4338347
yadI_predicted,0.05263157894736842,18,18,GGGCAACTCTCACGTATTAG,0,4309467
yadI_predicted,0.05263157894736842,18,18,GGGAACAGAGATTAATCTGT,0,4351840
yadI_predicted,0.05263157894736842,18,18,GGCTTTACAGTTGACGCGTT,0,4360195
yadI_predicted,0.05263157894736842,18,18,GGCGCTGAGATTACCACCCT,0,4357200
yadI_predicted,0.05263157894736842,18,18,GGCCTTGATCAGGGCTTTAT,0,4302647
yadI_predicted,0.05263157894736842,18,18,GGCATTGCCCAGTGAAGCGG,0,4336603
yadI_predicted,0.05263157894736842,18,18,GGCAATGGAACACCTTGCTT,0,4348005
yadI_predicted,0.05263157894736842,18,18,GGATTGCACGCAAAGGGCAG,0,4338254
yadI_predicted,0.05263157894736842,18,18,GGATGGTAAATAAAAGCACA,0,4364790
yadI_predicted,0.05263157894736842,18,18,GGATCCTGGGGGTTGTGGTC,0,4304507
yadI_predicted,0.05263157894736842,18,18,GGATACTCCAGTCGGGGGAG,0,4340114
yadI_predicted,0.05263157894736842,18,18,GGAGTCTGCTCCAATACGGG,0,4299357
yadI_predicted,0.05263157894736842,18,18,GGAGGCCGCGCCTGGTAAGA,0,4291746
yadI_predicted,0.05263157894736842,18,18,GGAGCTTCGCAGACGAATAG,0,4307132
yadI_predicted,0.05263157894736842,18,18,GGAGAGTTCCTGTGTGTACG,0,4314196
yadI_predicted,0.05263157894736842,18,18,GGACTACCTGTGGTATTGTC,0,4302775
yadI_predicted,0.05263157894736842,18,18,GGACTAACGAAACTCTGTTA,0,4369588
yadI_predicted,0.05263157894736842,18,18,GGACATGCACTCTATACGCT,0,4365447
yadI_predicted,0.05263157894736842,18,18,GCTTTTAGGGGGTGGTTCCT,0,4339829
yadI_predicted,0.05263157894736842,18,18,GCTTGTTCGAGGTCTCACGA,0,4317291
yadI_predicted,0.05263157894736842,18,18,GCTTAACCCGGATTAGTTTT,0,4306188
yadI_predicted,0.05263157894736842,18,18,GCTAGTCCTTGCAGGATGAT,0,4305178
yadI_predicted,0.05263157894736842,18,18,GCGTAGATCTCCTGTATGAG,0,4297134
yadI_predicted,0.05263157894736842,18,18,GCGGATAACGGTCGAGATGA,0,4290684
yadI_predicted,0.05263157894736842,18,18,GCGCTACGATTAGTCGAGTT,0,4303175
yadI_predicted,0.05263157894736842,18,18,GCCTCATTAGTGTGCGTTGA,0,4369108
yadI_predicted,0.05263157894736842,18,18,GCCCATTTATTGGGAGGGAA,0,4331966
yadI_predicted,0.05263157894736842,18,18,GCCCACGAAGCGTGGACCTA,0,4342726
yadI_predicted,0.05263157894736842,18,18,GCAGCACGAAGAGCAGACGA,0,4335277
yadI_predicted,0.05263157894736842,18,18,GATTTTTGATACTGACTTTT,0,4353802
yadI_predicted,0.05263157894736842,18,18,GATTAGTAGTCCCCTCAATT,0,4298107
yadI_predicted,0.05263157894736842,18,18,GATTAGAGGCAGACAAGGTG,0,4303054
yadI_predicted,0.05263157894736842,18,18,GATCTGGCCGCCCGGGACAC,0,4314475
yadI_predicted,0.05263157894736842,18,18,GATCTAGCCTAAAGACCGTC,0,4345566
yadI_predicted,0.05263157894736842,18,18,GATCAGTTATAGGCCTCGTA,0,4327758
yadI_predicted,0.05263157894736842,18,18,GATCAGTATCTAAGACAAGA,0,4302956
yadI_predicted,0.05263157894736842,18,18,GATAACTCTGGACCTCCGAT,0,4348692
yadI_predicted,0.05263157894736842,18,18,GAGTTTCATGTCGCCACACT,0,4337126
yadI_predicted,0.05263157894736842,18,18,GAGCTCTTTCTGAGGCCCAG,0,4367562
yadI_predicted,0.05263157894736842,18,18,GAGAGGCTCATCTGGCGCTG,0,4307074
yadI_predicted,0.05263157894736842,18,18,GACTGGACGGCCTTGGACAT,0,4330852
yadI_predicted,0.05263157894736842,18,18,GACTACGTCCTCAAAACCCG,0,4322088
yadI_predicted,0.05263157894736842,18,18,GACGTAAGGTAATGCACCTA,0,4286172
yadI_predicted,0.05263157894736842,18,18,GACCAGCGATCTTAACAATT,0,4336606
yadI_predicted,0.05263157894736842,18,18,GACATGAGCTACAACATAGA,0,4288326
yadI_predicted,0.05263157894736842,18,18,GAATTTTCCACCGCGGCGGT,0,4301798
yadI_predicted,0.05263157894736842,18,18,GAATTACCTCTGCGCCATTG,0,4315666
yadI_predicted,0.05263157894736842,18,18,GAAGGGTTGCTTGGCAAGGA,0,4336962
yadI_predicted,0.05263157894736842,18,18,GAAGGGATGGGACTGCATTT,0,4340498
yadI_predicted,0.05263157894736842,18,18,GAAGATAATCAACGTAAACT,0,4309367
yadI_predicted,0.05263157894736842,18,18,CTTGGCGTCATGGCCAGGTG,0,4320439
yadI_predicted,0.05263157894736842,18,18,CTTAATGCCGGTGCCGAGCG,0,4290020
yadI_predicted,0.05263157894736842,18,18,CTGTAGCCAGAAGTGGCGTC,0,4327073
yadI_predicted,0.05263157894736842,18,18,CTGGCCGATTGTTCTAGGGC,0,4348391
yadI_predicted,0.05263157894736842,18,18,CTGCGCGCTGGGAGTCGATC,0,4339543
yadI_predicted,0.05263157894736842,18,18,CTGCATAAGATGCGGGCCTC,0,4304258
yadI_predicted,0.05263157894736842,18,18,CTGCACTGGTGGCCAAGGGA,0,4306427
yadI_predicted,0.05263157894736842,18,18,CTGCAAGAGTAATAACACCA,0,4317838
yadI_predicted,0.05263157894736842,18,18,CTGACACCGTGAATCCCTCA,0,4313277
yadI_predicted,0.05263157894736842,18,18,CTGAAAGTATGATAAACCTT,0,4300820
yadI_predicted,0.05263157894736842,18,18,CTCGTCCGGGTGGGCTACGG,0,4301778
yadI_predicted,0.05263157894736842,18,18,CTCGTATTCTCCCCGAGCTG,0,4305404
yadI_predicted,0.05263157894736842,18,18,CTCGGAAGTGGTCTCATCAT,0,4307110
yadI_predicted,0.05263157894736842,18,18,CTCGCTAATGGCCAACAGCG,0,4326449
yadI_predicted,0.05263157894736842,18,18,CTCGCAAAGGATAATCCTGT,0,4286671
yadI_predicted,0.05263157894736842,18,18,CTCCCGCTTTCCATGTGACG,0,4353121
yadI_predicted,0.05263157894736842,18,18,CTCCCGCCTGTACCCATCAG,0,4364016
yadI_predicted,0.05263157894736842,18,18,CTCCAGTTCTAGAATTTGAA,0,4310058
yadI_predicted,0.05263157894736842,18,18,CTCAACTTAGGGTACGCGCT,0,4340419
yadI_predicted,0.05263157894736842,18,18,CTAGTACTTGACGGTCAAGT,0,4325443
yadI_predicted,0.05263157894736842,18,18,CTAAGTGCCCCTTGGAAATA,0,4316234
yadI_predicted,0.05263157894736842,18,18,CTAAGGTATGCGATTCTCTG,0,4322467
yadI_predicted,0.05263157894736842,18,18,CGTTTGCGACCATGCAAGTA,0,4348778
yadI_predicted,0.05263157894736842,18,18,CGTTCTCACACACGGTAGGA,0,4329452
yadI_predicted,0.05263157894736842,18,18,CGTTCCTCTACCGAAGTGTA,0,4300883
yadI_predicted,0.05263157894736842,18,18,CGTTCCCATGTGTTTATCGA,0,4301532
yadI_predicted,0.05263157894736842,18,18,CGTGACACAGTGGGTGTAGA,0,4319313
yadI_predicted,0.05263157894736842,18,18,CGTCTAGGGACCTGGACTTT,0,4312478
yadI_predicted,0.05263157894736842,18,18,CGTCAAGCGCGCAAATTCTT,0,4341192
yadI_predicted,0.05263157894736842,18,18,CGTACGGCCAGTCCATAGTG,0,4334703
yadI_predicted,0.05263157894736842,18,18,CGTACAGGGGTTTGTCAGGT,0,4341906
yadI_predicted,0.05263157894736842,18,18,CGTAAGAGGTATGTGGACAA,0,4321138
yadI_predicted,0.05263157894736842,18,18,CGGTGGTCCTACTACCTCAT,0,4337774
yadI_predicted,0.05263157894736842,18,18,CGGGTCTCAGCCTTGGCCCC,0,4337076
yadI_predicted,0.05263157894736842,18,18,CGGGGCTAGTATGTCACGCA,0,4332887
yadI_predicted,0.05263157894736842,18,18,CGGCAACTCGACTTGAAGTA,0,4300194
yadI_predicted,0.05263157894736842,18,18,CGGATAGGTACGAATCACTG,0,4344677
yadI_predicted,0.05263157894736842,18,18,CGCGTGGAATGCGGTGTCTA,0,4303433
yadI_predicted,0.05263157894736842,18,18,CGCCTCTACAAGATAGGGCT,0,4296321
yadI_predicted,0.05263157894736842,18,18,CGCCTCAATTCCGGCCACCC,0,4343843
yadI_predicted,0.05263157894736842,18,18,CGCCGAGGTGCGAGTTAGGC,0,4322637
yadI_predicted,0.05263157894736842,18,18,CGCATGCCACGTCCAGTTTG,0,4288815
yadI_predicted,0.05263157894736842,18,18,CGCACGGGTGTTGTGCTGCA,0,4293608
yadI_predicted,0.05263157894736842,18,18,CGAGAATGGCCGAACCCTAG,0,4321929
yadI_predicted,0.05263157894736842,18,18,CGAGAACCGATCTTAGTGTT,0,4369195
yadI_predicted,0.05263157894736842,18,18,CGACGGGAAGTATTTCAATA,0,4294923
yadI_predicted,0.05263157894736842,18,18,CGACAGTCAGTTTACACCCA,0,4310586
yadI_predicted,0.05263157894736842,18,18,CCTTAAACTCAGGGGTGAAT,0,4321276
yadI_predicted,0.05263157894736842,18,18,CCTCCTACGAGTGTTAATAC,0,4306656
yadI_predicted,0.05263157894736842,18,18,CCTCATTGGTGTAGAAGCGC,0,4338220
yadI_predicted,0.05263157894736842,18,18,CCGTTGGGCTTGGTCGGGCT,0,4314129
yadI_predicted,0.05263157894736842,18,18,CCGTTAATTCGGCTGGCGTA,0,4362465
yadI_predicted,0.05263157894736842,18,18,CCGGTAGCTACGAATCGATT,0,4322210
yadI_predicted,0.05263157894736842,18,18,CCGGGCTCCTGCGCTTAATA,0,4350066
yadI_predicted,0.05263157894736842,18,18,CCGGGAACAACTAAGGCACC,0,4297873
yadI_predicted,0.05263157894736842,18,18,CCGCCGTATTTTTTTTCATT,0,4310445
yadI_predicted,0.05263157894736842,18,18,CCCTGTCCGGGGTTAAAAAC,0,4315680
yadI_predicted,0.05263157894736842,18,18,CCCAAGGGCACTTCTGGTCC,0,4369950
yadI_predicted,0.05263157894736842,18,18,CCATTTGCACTTTAGTTTGC,0,4338164
yadI_predicted,0.05263157894736842,18,18,CCATTCACACAAGGATCGAT,0,4320761
yadI_predicted,0.05263157894736842,18,18,CCACTCTTGGACTATCTTTT,0,4300932
yadI_predicted,0.05263157894736842,18,18,CCAATCGCAAGGGACGCTCC,0,4328989
yadI_predicted,0.05263157894736842,18,18,CATCAAGAGCTACGATCCAC,0,4360949
yadI_predicted,0.05263157894736842,18,18,CATAAGTAAAGGAGCTGGCA,0,4359024
yadI_predicted,0.05263157894736842,18,18,CACTTTCTGGGGGCAAGGTT,0,4311934
yadI_predicted,0.05263157894736842,18,18,CACTTAAGAGAACAAAACTA,0,4352638
yadI_predicted,0.05263157894736842,18,18,CACTGTATGCCTATATTGAC,0,4319694
yadI_predicted,0.05263157894736842,18,18,CACGAACATGCGATTAGGGT,0,4306551
yadI_predicted,0.05263157894736842,18,18,CACCGGTCTTTCTTTGAAAA,0,4297548
yadI_predicted,0.05263157894736842,18,18,CACACCGTCAGTCGTACCAA,0,4337468
yadI_predicted,0.05263157894736842,18,18,CAATTTTTCTAGAAACGCCT,0,4325534
yadI_predicted,0.05263157894736842,18,18,CAATTCGTCCCGTCCCAGCT,0,4339921
yadI_predicted,0.05263157894736842,18,18,CAAGTTACACACGGAAACTT,0,4333949
yadI_predicted,0.05263157894736842,18,18,CAAGGGCGGAGGACGATCAT,0,4352797
yadI_predicted,0.05263157894736842,18,18,CAAGGAGGTTCTACAGATTC,0,4356563
yadI_predicted,0.05263157894736842,18,18,CAAGGAATTAACGAAAGCGA,0,4347399
yadI_predicted,0.05263157894736842,18,18,ATTTTGTGATAGGTCAACAC,0,4309954
yadI_predicted,0.05263157894736842,18,18,ATTTTGAGAAATGATGATTA,0,4365771
yadI_predicted,0.05263157894736842,18,18,ATTTGGACATACAAGCGAAG,0,4345700
yadI_predicted,0.05263157894736842,18,18,ATTTACGCGCCAGGTTCGCT,0,4356913
yadI_predicted,0.05263157894736842,18,18,ATTGTAGTCCGCATCAAAGT,0,4332656
yadI_predicted,0.05263157894736842,18,18,ATTATGTTAAGTTCATCGCT,0,4292434
yadI_predicted,0.05263157894736842,18,18,ATTACCGAAGGTTACCAAGA,0,4362070
yadI_predicted,0.05263157894736842,18,18,ATTAACGCAACACGCTTGAT,0,4325839
yadI_predicted,0.05263157894736842,18,18,ATGGTTCTCCCAGGACTTCA,0,4350411
yadI_predicted,0.05263157894736842,18,18,ATGGGCTCGGGTTTAGCGAA,0,4318926
yadI_predicted,0.05263157894736842,18,18,ATGGCAATACGTGTCATTAG,0,4297564
yadI_predicted,0.05263157894736842,18,18,ATGCCAAGGAGTATCCGGCC,0,4361981
yadI_predicted,0.05263157894736842,18,18,ATCCAGGTTATGTGCGGCGA,0,4320276
yadI_predicted,0.05263157894736842,18,18,ATCAGATGTGAACTAATCTG,0,4348853
yadI_predicted,0.05263157894736842,18,18,ATCAGACAGTCTCGATTCTC,0,4309205
yadI_predicted,0.05263157894736842,18,18,ATATGCATTCTAACGAGCCT,0,4289329
yadI_predicted,0.05263157894736842,18,18,ATATAAGATTGTTAGATATC,0,4346837
yadI_predicted,0.05263157894736842,18,18,ATAGGACGCTAGACCAAAGG,0,4334833
yadI_predicted,0.05263157894736842,18,18,ATAGAGGCGGGGGTATCGAG,0,4338153
yadI_predicted,0.05263157894736842,18,18,ATACCCTCACTGCTATCTAT,0,4357771
yadI_predicted,0.05263157894736842,18,18,AGTTGCAAAGCTGTCGATCG,0,4330001
yadI_predicted,0.05263157894736842,18,18,AGGTTATTGAACATCGGAAC,0,4353117
yadI_predicted,0.05263157894736842,18,18,AGGGCGCCGCCACCAGTTGT,0,4361693
yadI_predicted,0.05263157894736842,18,18,AGGACTCAGTTTTTGCTTCA,0,4341284
yadI_predicted,0.05263157894736842,18,18,AGCTTATGGCTTGGTAGAAT,0,4335278
yadI_predicted,0.05263157894736842,18,18,AGCTGGCAGGTAGGTGTCAT,0,4337474
yadI_predicted,0.05263157894736842,18,18,AGCTATTTTCCGTTAAGGAT,0,4300854
yadI_predicted,0.05263157894736842,18,18,AGCGGTTCGGCTGGAGTTAG,0,4298253
yadI_predicted,0.05263157894736842,18,18,AGCGAGGATCCGCACAGCCA,0,4341455
yadI_predicted,0.05263157894736842,18,18,AGCCGGTCCATTGTCTTGTA,0,4326769
yadI_predicted,0.05263157894736842,18,18,AGCCGGGTGCCAGTGTCGAG,0,4299776
yadI_predicted,0.05263157894736842,18,18,AGCCGATGCCCAACAAGGCG,0,4353024
yadI_predicted,0.05263157894736842,18,18,AGCCGATGCATAAGAACAAC,0,4300870
yadI_predicted,0.05263157894736842,18,18,AGCAGCTAGTGGCGCCGGTC,0,4319325
yadI_predicted,0.05263157894736842,18,18,AGCAGAGAAAAGTGGGGGCG,0,4318847
yadI_predicted,0.05263157894736842,18,18,AGCAATCTTGCGTATGTGGT,0,4333860
yadI_predicted,0.05263157894736842,18,18,AGATGGTTTTACGTCGTAGG,0,4318549
yadI_predicted,0.05263157894736842,18,18,AGAGTGAGCGAGTTTAAGTA,0,4362702
yadI_predicted,0.05263157894736842,18,18,AGAGCCTAAGCTACAGGCGG,0,4287038
yadI_predicted,0.05263157894736842,18,18,AGACTGTACTATAGTAGGTC,0,4292731
yadI_predicted,0.05263157894736842,18,18,AGAAATGCCGACGAACTACT,0,4309641
yadI_predicted,0.05263157894736842,18,18,ACTTTCCTAGATGCGAGGGC,0,4345175
yadI_predicted,0.05263157894736842,18,18,ACTCTTGGCAGGGAAGGCCG,0,4327714
yadI_predicted,0.05263157894736842,18,18,ACTCCTATTATCTATCGCGA,0,4292371
yadI_predicted,0.05263157894736842,18,18,ACTAAGGGTGGGATGGGCTA,0,4369808
yadI_predicted,0.05263157894736842,18,18,ACTAACGGGATGATTTTTAG,0,4321867
yadI_predicted,0.05263157894736842,18,18,ACGTTCACCAGGCCACCGGG,0,4350218
yadI_predicted,0.05263157894736842,18,18,ACGTGCGAGCACACGACGCA,0,4357641
yadI_predicted,0.05263157894736842,18,18,ACGTGAACCGGTACCCACAA,0,4308365
yadI_predicted,0.05263157894736842,18,18,ACGGTCTGGGACGGGTCATC,0,4297233
yadI_predicted,0.05263157894736842,18,18,ACGGGGTTGCAACCTACGGC,0,4363047
yadI_predicted,0.05263157894736842,18,18,ACGGCTGACAGGGGAGTAAG,0,4362623
yadI_predicted,0.05263157894736842,18,18,ACGCTGAACTCGATCCGGTT,0,4329666
yadI_predicted,0.05263157894736842,18,18,ACGATCAAACCTTAGGTATC,0,4302744
yadI_predicted,0.05263157894736842,18,18,ACGATATGGGGTCGAAGGGC,0,4317609
yadI_predicted,0.05263157894736842,18,18,ACCTCCCTCTCGTTGGACCA,0,4352059
yadI_predicted,0.05263157894736842,18,18,ACCGGGAAGGCGTTTCTGAT,0,4307914
yadI_predicted,0.05263157894736842,18,18,ACCGCGCCACTCCGCCGGTG,0,4311728
yadI_predicted,0.05263157894736842,18,18,ACCCATTTACCAACTGTTAG,0,4299983
yadI_predicted,0.05263157894736842,18,18,ACCATCGCTCGAGTAAATCT,0,4339825
yadI_predicted,0.05263157894736842,18,18,ACCAGAACGCTGTTACTAAG,0,4362015
yadI_predicted,0.05263157894736842,18,18,ACAGCTCTGTCAGACCCATC,0,4352990
yadI_predicted,0.05263157894736842,18,18,ACAGCCAATGTTCGACAGTA,0,4301152
yadI_predicted,0.05263157894736842,18,18,ACAAGCTGACTGTGAACGAA,0,4358810
yadI_predicted,0.05263157894736842,18,18,AATTGTTACACTGGAGCGTG,0,4357674
yadI_predicted,0.05263157894736842,18,18,AATTGATCGAACCCCGCCCT,0,4362827
yadI_predicted,0.05263157894736842,18,18,AAGTTCCAGCAGAAAAATGC,0,4315948
yadI_predicted,0.05263157894736842,18,18,AAGTCCGCGATCGTCAGGAG,0,4342191
yadI_predicted,0.05263157894736842,18,18,AAGCTAGCGACGCTTAGGGA,0,4355570
yadI_predicted,0.05263157894736842,18,18,AACGTTCAGGCCACCTTCAA,0,4314476
yadI_predicted,0.05263157894736842,18,18,AACCGTTACCCTATATTGGC,0,4308147
yadI_predicted,0.05263157894736842,18,18,AACCCTTGTCGCCGCGGAAG,0,4313630
yadI_predicted,0.05263157894736842,18,18,AACAAACAGTCGTTGCTGGG,0,4304543
yadI_predicted,0.05263157894736842,18,18,AAATTACCACTGTGTTTCTT,0,4333684
yadI_predicted,0.05263157894736842,18,18,AAATCCCGCTGTGATTTCAG,0,4357008
yadI_predicted,0.05263157894736842,18,18,AAAGAGCATAAACCTGTTTA,0,4369646
yadI_predicted,0.05263157894736842,18,18,AAACAGCGGCCAAGACCGCT,0,4331904
yadI_predicted,0.05263157894736842,18,18,AAAAGCCCGACAAACATGTG,0,4323235
yadI_predicted,0.05263157894736842,18,18,AAAAGATACGCACTGCCCCG,0,4304062
yadI_predicted,0.05555555555555555,17,17,TTTTGCTTTCCCCCTGTACC,0,4320502
yadI_predicted,0.05555555555555555,17,17,TTTTCTCACTGGCAGCTAGT,0,4346320
yadI_predicted,0.05555555555555555,17,17,TTTGACGGGCGGGTCCTTTA,0,4317663
yadI_predicted,0.05555555555555555,17,17,TTTCTTGGCGGACACTTACC,0,4337625
yadI_predicted,0.05555555555555555,17,17,TTTCCGGCAGCTATAAAAGT,0,4337481
yadI_predicted,0.05555555555555555,17,17,TTTCAGCTGGGATTCATGCT,0,4359869
yadI_predicted,0.05555555555555555,17,17,TTGGCATATAGAGGACTTGT,0,4347724
yadI_predicted,0.05555555555555555,17,17,TTGCTGAAAGCACTTGAGTG,0,4352060
yadI_predicted,0.05555555555555555,17,17,TTCTTTTAGGCAAGGTTCGG,0,4348422
yadI_predicted,0.05555555555555555,17,17,TTCGTGTGACTCTAGGGCTA,0,4344441
yadI_predicted,0.05555555555555555,17,17,TTCGTCCAACGTTGAAATCT,0,4339961
yadI_predicted,0.05555555555555555,17,17,TTCCGCCACTCCACCATCGA,0,4291796
yadI_predicted,0.05555555555555555,17,17,TTCCCTCGGGTCGATTTTCA,0,4362206
yadI_predicted,0.05555555555555555,17,17,TTCAAAGTAAGCTGTAAAGA,0,4306680
yadI_predicted,0.05555555555555555,17,17,TTATGCCGTAGCCTCCCTTG,0,4363892
yadI_predicted,0.05555555555555555,17,17,TTAGGAGGATCGATCTGAAT,0,4298128
yadI_predicted,0.05555555555555555,17,17,TTACTCGCAGCCACTGGGAT,0,4291643
yadI_predicted,0.05555555555555555,17,17,TTACCCGTCTGATAGCTTCT,0,4292214
yadI_predicted,0.05555555555555555,17,17,TTACACTAGCGACAAACCAG,0,4285985
yadI_predicted,0.05555555555555555,17,17,TGTTTCTCTCACAGGAAGGT,0,4310256
yadI_predicted,0.05555555555555555,17,17,TGTCAACGCATCCGCCATAT,0,4341891
yadI_predicted,0.05555555555555555,17,17,TGTACGGAGTAAATCGGAGT,0,4322828
yadI_predicted,0.05555555555555555,17,17,TGTACATAGCGTGTGCTATG,0,4358665
yadI_predicted,0.05555555555555555,17,17,TGTAACATTATCCCCGTTAA,0,4335940
yadI_predicted,0.05555555555555555,17,17,TGGTTATTTTTGATGGGGCA,0,4364863
yadI_predicted,0.05555555555555555,17,17,TGGGTTCCGGGAACCTCGAT,0,4319932
yadI_predicted,0.05555555555555555,17,17,TGGGCAGTTTCGACCGGGTA,0,4365845
yadI_predicted,0.05555555555555555,17,17,TGCTTATCAAGCACGCGGTG,0,4324915
yadI_predicted,0.05555555555555555,17,17,TGCTGTTGTTACACAAACAG,0,4325940
yadI_predicted,0.05555555555555555,17,17,TGCTCCGCAATTGAATAGGT,0,4298011
yadI_predicted,0.05555555555555555,17,17,TGCTATCCACGAACGCTACA,0,4346036
yadI_predicted,0.05555555555555555,17,17,TGCGATATGAACTACGGCTG,0,4333117
yadI_predicted,0.05555555555555555,17,17,TGCCGTACTATCGTTAGTGG,0,4337019
yadI_predicted,0.05555555555555555,17,17,TGCCCAGAAATCCGGATCTT,0,4357945
yadI_predicted,0.05555555555555555,17,17,TGCATGCATCAGGTGACGAA,0,4295209
yadI_predicted,0.05555555555555555,17,17,TGCACGCATCGGCGTTAGCA,0,4290148
yadI_predicted,0.05555555555555555,17,17,TGCAAGAATCTTTCTGCCTT,0,4341458
yadI_predicted,0.05555555555555555,17,17,TGCAACCCCGGAGTCGACGT,0,4295698
yadI_predicted,0.05555555555555555,17,17,TGATGCCCGAAACGCACCGG,0,4342311
yadI_predicted,0.05555555555555555,17,17,TGATAGTTATATGAAACACT,0,4307631
yadI_predicted,0.05555555555555555,17,17,TGAGTCCCGTGCGACTAGAT,0,4293091
yadI_predicted,0.05555555555555555,17,17,TGAGAGGGATTGGTATACAA,0,4322907
yadI_predicted,0.05555555555555555,17,17,TGAAGTTCGGGATGCAAGGC,0,4361175
yadI_predicted,0.05555555555555555,17,17,TCTCGCTACGGGAGTCAGCT,0,4338693
yadI_predicted,0.05555555555555555,17,17,TCTCAGGTGCTATTAGGATT,0,4330511
yadI_predicted,0.05555555555555555,17,17,TCGTGGCGGGGGGGCTATGA,0,4287827
yadI_predicted,0.05555555555555555,17,17,TCGCGCAGGATATTAGGCGG,0,4334526
yadI_predicted,0.05555555555555555,17,17,TCCATATGTGTCCTGGGGCT,0,4319451
yadI_predicted,0.05555555555555555,17,17,TCATATCGCGAGTTGACACG,0,4337843
yadI_predicted,0.05555555555555555,17,17,TCAGGCTCTTGTCTCTTTCA,0,4316059
yadI_predicted,0.05555555555555555,17,17,TCAGGCCCCCGTGTGGAACA,0,4305768
yadI_predicted,0.05555555555555555,17,17,TCAGCAATATCGCTTCCATT,0,4359190
yadI_predicted,0.05555555555555555,17,17,TCAGAACATGGGTTTCCTGC,0,4300327
yadI_predicted,0.05555555555555555,17,17,TCACTACGGACATTCTACAG,0,4322628
yadI_predicted,0.05555555555555555,17,17,TCAAAAGGGTAGGGCTCACC,0,4314492
yadI_predicted,0.05555555555555555,17,17,TATTGCTCTGGCCATGTAGT,0,4348243
yadI_predicted,0.05555555555555555,17,17,TATTCACACAAGACGCAGTT,0,4346073
yadI_predicted,0.05555555555555555,17,17,TATCTTGAGCATAATCGGCA,0,4304265
yadI_predicted,0.05555555555555555,17,17,TATCGGCACCCGCGGAAAGC,0,4325581
yadI_predicted,0.05555555555555555,17,17,TATATTTCTGATAATTGTGG,0,4326822
yadI_predicted,0.05555555555555555,17,17,TATACAGCGCAGTCCATTCG,0,4349944
yadI_predicted,0.05555555555555555,17,17,TAGCGAAAATTAAAGATGTT,0,4369281
yadI_predicted,0.05555555555555555,17,17,TAGCCGATGACCTCCGTGAT,0,4322178
yadI_predicted,0.05555555555555555,17,17,TAGCCCCTTGTCATAAGTCC,0,4290059
yadI_predicted,0.05555555555555555,17,17,TAGACGGAGATTCATTCCCA,0,4364397
yadI_predicted,0.05555555555555555,17,17,TACTGTCTTACCTCAATATC,0,4312342
yadI_predicted,0.05555555555555555,17,17,TACTGGGGAGATCTCTCGCC,0,4285550
yadI_predicted,0.05555555555555555,17,17,TACGGACTACGAAAGCCTCA,0,4337290
yadI_predicted,0.05555555555555555,17,17,TACCACTTTCCAAGGCCTTT,0,4357059
yadI_predicted,0.05555555555555555,17,17,TACCACTGGATAAATGTGGC,0,4337196
yadI_predicted,0.05555555555555555,17,17,TACCAATGCCTTTTGAACAA,0,4350022
yadI_predicted,0.05555555555555555,17,17,TACAGGGTTCGTACGAATCT,0,4321237
yadI_predicted,0.05555555555555555,17,17,TAATTATGAACTCGTTGGGG,0,4306535
yadI_predicted,0.05555555555555555,17,17,TAAGTCGGTCTTCCGGAAAT,0,4313858
yadI_predicted,0.05555555555555555,17,17,TAAGCGGAGGACCCGACACA,0,4308300
yadI_predicted,0.05555555555555555,17,17,TAACCTGCGTTCACGGATAT,0,4358684
yadI_predicted,0.05555555555555555,17,17,GTTGGCTGCTGCCAGAACGG,0,4354862
yadI_predicted,0.05555555555555555,17,17,GTTGCGATGGAATGAAATCA,0,4288166
yadI_predicted,0.05555555555555555,17,17,GTGTCTCGATCGAGTAGAAA,0,4287695
yadI_predicted,0.05555555555555555,17,17,GTGGGCGACTCATTCGCGGC,0,4302210
yadI_predicted,0.05555555555555555,17,17,GTGGCGACCGAACATCACAA,0,4300952
yadI_predicted,0.05555555555555555,17,17,GTGGAAGTATGAGATTCCAT,0,4301940
yadI_predicted,0.05555555555555555,17,17,GTGCCCAGGAATTGAGTGCA,0,4330240
yadI_predicted,0.05555555555555555,17,17,GTGATCTCGTTTGAATTGGG,0,4338205
yadI_predicted,0.05555555555555555,17,17,GTCGCGCGGGCGCTGGGAGT,0,4313159
yadI_predicted,0.05555555555555555,17,17,GTCGCCCACTTGGGCGTGCA,0,4338276
yadI_predicted,0.05555555555555555,17,17,GTCGATTTAAGGCGTTCTTC,0,4365603
yadI_predicted,0.05555555555555555,17,17,GTCCTAGGCCTTGCTACAAA,0,4319699
yadI_predicted,0.05555555555555555,17,17,GTCCGGGTCCAAATTCGCTC,0,4349359
yadI_predicted,0.05555555555555555,17,17,GTCCATTGTTAAAGAACTGT,0,4360932
yadI_predicted,0.05555555555555555,17,17,GTCCACGGAGTGATCCTGCA,0,4317186
yadI_predicted,0.05555555555555555,17,17,GTCAAAGAACTCTTAAGAAG,0,4342481
yadI_predicted,0.05555555555555555,17,17,GTAGCGAATGACGAACGGCG,0,4333748
yadI_predicted,0.05555555555555555,17,17,GTACTTTAAAGGGATAACAA,0,4297206
yadI_predicted,0.05555555555555555,17,17,GTACCGTATCTAATCGCCAA,0,4359065
yadI_predicted,0.05555555555555555,17,17,GGTGTTGGCGCAAAAAAGTG,0,4289676
yadI_predicted,0.05555555555555555,17,17,GGTGACCCTCCTCTGGAGTG,0,4358223
yadI_predicted,0.05555555555555555,17,17,GGTCCGACTGCTTTAAAGAA,0,4337365
yadI_predicted,0.05555555555555555,17,17,GGTCACACACGATAGCAGAT,0,4294437
yadI_predicted,0.05555555555555555,17,17,GGTATTGGCGGTTATGTGAA,0,4314245
yadI_predicted,0.05555555555555555,17,17,GGTACATCATATGACTCTAG,0,4317393
yadI_predicted,0.05555555555555555,17,17,GGGTTGCCTGTTGGACAGTA,0,4369284
yadI_predicted,0.05555555555555555,17,17,GGGGCTGATAACAATATTGT,0,4365275
yadI_predicted,0.05555555555555555,17,17,GGGGATATGCCTTGCGGCTT,0,4357599
yadI_predicted,0.05555555555555555,17,17,GGGCACGAACACACAACCTA,0,4350968
yadI_predicted,0.05555555555555555,17,17,GGGATTCGCGTAGGTGGCTT,0,4293023
yadI_predicted,0.05555555555555555,17,17,GGCTTCTTCGCGTATATGAT,0,4334893
yadI_predicted,0.05555555555555555,17,17,GGCTCAACCCAGGCGCGTTT,0,4315219
yadI_predicted,0.05555555555555555,17,17,GGCGCCGGGACACTCCTCGC,0,4347508
yadI_predicted,0.05555555555555555,17,17,GGCCGCTACATACGAGAACG,0,4324737
yadI_predicted,0.05555555555555555,17,17,GGCAAGATGAGTGTTGACTG,0,4320656
yadI_predicted,0.05555555555555555,17,17,GGATGTGAGCGCGTCTGTGT,0,4292042
yadI_predicted,0.05555555555555555,17,17,GGATGCACAATGGGGTGGGA,0,4296989
yadI_predicted,0.05555555555555555,17,17,GGATCGACACGCGAGGAGGT,0,4287627
yadI_predicted,0.05555555555555555,17,17,GGAGGTGCTCCAGGTGGGAA,0,4350867
yadI_predicted,0.05555555555555555,17,17,GCTTTACCACGTCCGTAATT,0,4290856
yadI_predicted,0.05555555555555555,17,17,GCTTCCTATGCGCCCCAGTC,0,4317762
yadI_predicted,0.05555555555555555,17,17,GCTTACCAAGATGCTTGGTC,0,4335279
yadI_predicted,0.05555555555555555,17,17,GCTGTACGAGGACGCTCGCT,0,4284680
yadI_predicted,0.05555555555555555,17,17,GCTCGCGGGGTTGCCCTCAA,0,4293380
yadI_predicted,0.05555555555555555,17,17,GCTAAATGGAGCGGGCGAAA,0,4329414
yadI_predicted,0.05555555555555555,17,17,GCGTCACCCGTAGTGGGAAT,0,4335903
yadI_predicted,0.05555555555555555,17,17,GCGGGGCTCCCGTAGGCACT,0,4313264
yadI_predicted,0.05555555555555555,17,17,GCGCGTTCCACACCAGTAGT,0,4287857
yadI_predicted,0.05555555555555555,17,17,GCGATTGGAAGATCGGTATC,0,4331634
yadI_predicted,0.05555555555555555,17,17,GCGATCGCGACCGGTTTTGA,0,4291577
yadI_predicted,0.05555555555555555,17,17,GCGACACAAGGGCCACTGAC,0,4322194
yadI_predicted,0.05555555555555555,17,17,GCCTCGGTTCGTTCATTCGG,0,4345624
yadI_predicted,0.05555555555555555,17,17,GCCTCCCTGGTCGCTCTGGT,0,4293759
yadI_predicted,0.05555555555555555,17,17,GCCGAAAATCCTGCGCAAGG,0,4344223
yadI_predicted,0.05555555555555555,17,17,GCCAAGGGTGGCTCGCTGTC,0,4361873
yadI_predicted,0.05555555555555555,17,17,GCATAACGTCATGACGCTTA,0,4364444
yadI_predicted,0.05555555555555555,17,17,GCACAGTGTATTAGCAACTA,0,4353918
yadI_predicted,0.05555555555555555,17,17,GCAATATGTGTTGACCAACT,0,4285397
yadI_predicted,0.05555555555555555,17,17,GCAAATGTCTCTTTGCGAGG,0,4323270
yadI_predicted,0.05555555555555555,17,17,GCAAAAATGTCAGTCGGGTT,0,4346610
yadI_predicted,0.05555555555555555,17,17,GATTGGGTGATCAGCTCACT,0,4324086
yadI_predicted,0.05555555555555555,17,17,GATCCTAGCGATCATATACT,0,4308934
yadI_predicted,0.05555555555555555,17,17,GATCAAGGATCCATGTGTGA,0,4345121
yadI_predicted,0.05555555555555555,17,17,GATAGCGACTCAGAGAGGAT,0,4362226
yadI_predicted,0.05555555555555555,17,17,GATACGGAATCAGTTTCCAA,0,4293616
yadI_predicted,0.05555555555555555,17,17,GAGGTTCCGTTCCTGTGTCT,0,4309415
yadI_predicted,0.05555555555555555,17,17,GAGCAGGGGACATCCTCTCA,0,4324012
yadI_predicted,0.05555555555555555,17,17,GAGAAGTCGCTATTCACCAT,0,4340987
yadI_predicted,0.05555555555555555,17,17,GACTTCCGGACGGTATTCTC,0,4295642
yadI_predicted,0.05555555555555555,17,17,GACTTCCACGTACACGGCCT,0,4334829
yadI_predicted,0.05555555555555555,17,17,GACGTAGGGGAACCAGCAGC,0,4321501
yadI_predicted,0.05555555555555555,17,17,GACGGGCTGCCTTAACGGAA,0,4327110
yadI_predicted,0.05555555555555555,17,17,GACGGACTTCGGGGTGTTCA,0,4335897
yadI_predicted,0.05555555555555555,17,17,GACGCGCACCATCCCGATTA,0,4299635
yadI_predicted,0.05555555555555555,17,17,GACCAAGGTTACAACTTGCA,0,4349106
yadI_predicted,0.05555555555555555,17,17,GAATCCTCGCGGTATTAGTG,0,4353119
yadI_predicted,0.05555555555555555,17,17,GAAGGGTCTGGGGCCAACAA,0,4344063
yadI_predicted,0.05555555555555555,17,17,GAACTTATAATTGAATGGGA,0,4325015
yadI_predicted,0.05555555555555555,17,17,GAACTCGCTCATTATGTTAA,0,4309071
yadI_predicted,0.05555555555555555,17,17,GAACGAGCGGACATGGGACA,0,4308310
yadI_predicted,0.05555555555555555,17,17,CTTTTGGTCAATCGTGCTTG,0,4349399
yadI_predicted,0.05555555555555555,17,17,CTTGTTTAGCATAAGCTGAA,0,4315566
yadI_predicted,0.05555555555555555,17,17,CTTGTAAATAGGATATAGAT,0,4357896
yadI_predicted,0.05555555555555555,17,17,CTTCTCCAATGTAATGTCCA,0,4332066
yadI_predicted,0.05555555555555555,17,17,CTTCAAGCTACTCTATAAGT,0,4350299
yadI_predicted,0.05555555555555555,17,17,CTTAGTGTCATGTAACCCTG,0,4361978
yadI_predicted,0.05555555555555555,17,17,CTTACAACCCGGCGTGGACT,0,4366894
yadI_predicted,0.05555555555555555,17,17,CTGTCGGTTTTATCACTCGT,0,4332559
yadI_predicted,0.05555555555555555,17,17,CTGTAGCTTCACCGGGGGGA,0,4341214
yadI_predicted,0.05555555555555555,17,17,CTGTACGGGGGGAGTGGGTA,0,4316522
yadI_predicted,0.05555555555555555,17,17,CTGGGGGCTGTCCCTACAAG,0,4325989
yadI_predicted,0.05555555555555555,17,17,CTGCTTCTTTCATCCACTGT,0,4350507
yadI_predicted,0.05555555555555555,17,17,CTGCGCTATTGTAGAAGGAT,0,4332575
yadI_predicted,0.05555555555555555,17,17,CTGATCGATTAAATCCCTAA,0,4285754
yadI_predicted,0.05555555555555555,17,17,CTCGTGGTAAGTAGGACAAA,0,4298887
yadI_predicted,0.05555555555555555,17,17,CTCGTGATTCAGACTCCGCC,0,4352571
yadI_predicted,0.05555555555555555,17,17,CTCGTACGCCCCGAGTCGCT,0,4333911
yadI_predicted,0.05555555555555555,17,17,CTCCAGACCATCCGTATGAA,0,4302403
yadI_predicted,0.05555555555555555,17,17,CTCATACTCTGTATGTTATT,0,4316907
yadI_predicted,0.05555555555555555,17,17,CTATATGGGATATTCCTTTT,0,4329970
yadI_predicted,0.05555555555555555,17,17,CTAGTGATATGACAAACGGA,0,4303865
yadI_predicted,0.05555555555555555,17,17,CTACGTGCTTGCCGCAATAT,0,4298807
yadI_predicted,0.05555555555555555,17,17,CTAAGTTCCACAGAACACTT,0,4354537
yadI_predicted,0.05555555555555555,17,17,CTAAATTCGCAGCGGGACGT,0,4341029
yadI_predicted,0.05555555555555555,17,17,CGTTCGCACGTGCAAACCAC,0,4298031
yadI_predicted,0.05555555555555555,17,17,CGTTCCGATTTCCGGCCAAG,0,4365265
yadI_predicted,0.05555555555555555,17,17,CGTGCTCCAAACTAATTTTT,0,4303222
yadI_predicted,0.05555555555555555,17,17,CGTCTAAAGGAAATCTCCAC,0,4345437
yadI_predicted,0.05555555555555555,17,17,CGTCCCGCGCGCTTTTTCTA,0,4292191
yadI_predicted,0.05555555555555555,17,17,CGTCCCAAGTTTTCGCCTGA,0,4340693
yadI_predicted,0.05555555555555555,17,17,CGTCACATGAGCAAATTTGG,0,4315265
yadI_predicted,0.05555555555555555,17,17,CGTAATGGATCCAACTACAA,0,4314968
yadI_predicted,0.05555555555555555,17,17,CGGTGGTTCTCCGACGCCAG,0,4317318
yadI_predicted,0.05555555555555555,17,17,CGGTAATACTCTATTCAAGA,0,4327077
yadI_predicted,0.05555555555555555,17,17,CGGATACCGCGTTGGTCTAA,0,4362558
yadI_predicted,0.05555555555555555,17,17,CGGAATCGGTGGTTTGGCAG,0,4315679
yadI_predicted,0.05555555555555555,17,17,CGCGCCAAGGTGTGGCGCCA,0,4313234
yadI_predicted,0.05555555555555555,17,17,CGAGTGTCCTAAGAGTTGGA,0,4361590
yadI_predicted,0.05555555555555555,17,17,CGAGGGGAATCCGGGAGTCA,0,4327518
yadI_predicted,0.05555555555555555,17,17,CGAGGCTTCAGTACCTACCT,0,4360236
yadI_predicted,0.05555555555555555,17,17,CGAATTAACTGGCATGCTGC,0,4332732
yadI_predicted,0.05555555555555555,17,17,CCTTTGCAATCGGCAACTCT,0,4323446
yadI_predicted,0.05555555555555555,17,17,CCTTGGACCTGGTATGTGGT,0,4313615
yadI_predicted,0.05555555555555555,17,17,CCTGCCCTCGGAACCAATAT,0,4301001
yadI_predicted,0.05555555555555555,17,17,CCTCAGTCGCTTGCGCAAAG,0,4340426
yadI_predicted,0.05555555555555555,17,17,CCGTGCACGATTAAAGAGCT,0,4329001
yadI_predicted,0.05555555555555555,17,17,CCGTCTCACAGGTCAAGGGC,0,4317896
yadI_predicted,0.05555555555555555,17,17,CCGGGAGGGGGTTTCACCAT,0,4324398
yadI_predicted,0.05555555555555555,17,17,CCGGCTGGTGGTTAGTGTTT,0,4313021
yadI_predicted,0.05555555555555555,17,17,CCGCATAACATTCGTGACTT,0,4298908
yadI_predicted,0.05555555555555555,17,17,CCGAGAGACTACGACCCCGT,0,4299569
yadI_predicted,0.05555555555555555,17,17,CCGAAAACAAGAGAGGCACG,0,4300828
yadI_predicted,0.05555555555555555,17,17,CCCTTAAATTGGTGGCGGGC,0,4341715
yadI_predicted,0.05555555555555555,17,17,CCCTCGTTATGACGAGCCGG,0,4335261
yadI_predicted,0.05555555555555555,17,17,CCCTCACCTCTTTTTAGCTA,0,4307713
yadI_predicted,0.05555555555555555,17,17,CCCATGTCGCCGACCCACGG,0,4325932
yadI_predicted,0.05555555555555555,17,17,CCCATAGCGGCATCATCGCC,0,4290305
yadI_predicted,0.05555555555555555,17,17,CCCACTTATATCTTGTTATT,0,4328951
yadI_predicted,0.05555555555555555,17,17,CCATACGCTATTATGATTTA,0,4296512
yadI_predicted,0.05555555555555555,17,17,CCACCATGTTAGGCCCCCCA,0,4358221
yadI_predicted,0.05555555555555555,17,17,CCAACACGGCTAACAGTAGT,0,4366016
yadI_predicted,0.05555555555555555,17,17,CATTATGTCGGTGATCACCT,0,4340640
yadI_predicted,0.05555555555555555,17,17,CATGTGTCCCCGCGGTGACG,0,4350587
yadI_predicted,0.05555555555555555,17,17,CATGTGGACGACCGTTCGGT,0,4289732
yadI_predicted,0.05555555555555555,17,17,CATGAAGGGATGCACGGTAC,0,4354887
yadI_predicted,0.05555555555555555,17,17,CATCTAGTTAAGGGAGTAGA,0,4327527
yadI_predicted,0.05555555555555555,17,17,CATCGTAAGAGAAAAACTTC,0,4361106
yadI_predicted,0.05555555555555555,17,17,CATAATGGCGTACGTCGCGT,0,4309568
yadI_predicted,0.05555555555555555,17,17,CAGTATTCACAGGGTAAAGG,0,4341769
yadI_predicted,0.05555555555555555,17,17,CAGTATCATAGGATGTCTTT,0,4294104
yadI_predicted,0.05555555555555555,17,17,CAGGAGAGAGATTTTTGCGA,0,4339181
yadI_predicted,0.05555555555555555,17,17,CACTTAGTTCGGGGTCTTCC,0,4302604
yadI_predicted,0.05555555555555555,17,17,CACTCGTTTTTCGTTATAGT,0,4322714
yadI_predicted,0.05555555555555555,17,17,CACAACTTGTTGCTACGGAT,0,4285945
yadI_predicted,0.05555555555555555,17,17,CAAGCTGGAGTGGTGCGTAT,0,4339589
yadI_predicted,0.05555555555555555,17,17,CAAGCGGCAGTAAGATGTAA,0,4337895
yadI_predicted,0.05555555555555555,17,17,CAACAAGTCTAGATCCAGAG,0,4293800
yadI_predicted,0.05555555555555555,17,17,CAAACAGTCCGGTACGCCCT,0,4296237
yadI_predicted,0.05555555555555555,17,17,ATTTTGCAGCTGCATTGTCT,0,4349423
yadI_predicted,0.05555555555555555,17,17,ATTTTGATAATGAAGTGGTC,0,4356069
yadI_predicted,0.05555555555555555,17,17,ATTTTCATCGTTAATTGCAT,0,4343202
yadI_predicted,0.05555555555555555,17,17,ATTTCCAACCCGTCGAGATC,0,4355234
yadI_predicted,0.05555555555555555,17,17,ATTTCAAATACCCACGGGAC,0,4299775
yadI_predicted,0.05555555555555555,17,17,ATTGGGAAAGGCACTTGATG,0,4318975
yadI_predicted,0.05555555555555555,17,17,ATTGGAGCGATTCGTCTTTG,0,4333283
yadI_predicted,0.05555555555555555,17,17,ATTCTGTGGAACCCTGGATC,0,4321633
yadI_predicted,0.05555555555555555,17,17,ATTCGTTTCTGGTGATCACT,0,4362671
yadI_predicted,0.05555555555555555,17,17,ATTCGGTGTTAACAACACGT,0,4306038
yadI_predicted,0.05555555555555555,17,17,ATTCCGTGATGTTCTGTTCC,0,4327103
yadI_predicted,0.05555555555555555,17,17,ATTATCTGTGCTGCGGTTAA,0,4288741
yadI_predicted,0.05555555555555555,17,17,ATGGTCAACCCAGAGGCGAA,0,4310884
yadI_predicted,0.05555555555555555,17,17,ATGCCATACGGATGCTACGT,0,4311043
yadI_predicted,0.05555555555555555,17,17,ATGAGGTAACTGGTACCCAG,0,4326176
yadI_predicted,0.05555555555555555,17,17,ATGAGAGGGCTTTTGAGGCT,0,4337682
yadI_predicted,0.05555555555555555,17,17,ATCTGGGTACGCCAGACCAC,0,4324230
yadI_predicted,0.05555555555555555,17,17,ATCTCTGGTCAGCGCAACCA,0,4336385
yadI_predicted,0.05555555555555555,17,17,ATCGTAGTAGTCCCTAACTA,0,4358455
yadI_predicted,0.05555555555555555,17,17,ATCGGGTAACGCGTGTGTGG,0,4286108
yadI_predicted,0.05555555555555555,17,17,ATCGCTTAATGGGGGAGGTG,0,4290202
yadI_predicted,0.05555555555555555,17,17,ATCGAAGTTGTCCGCGATGC,0,4322833
yadI_predicted,0.05555555555555555,17,17,ATCCACCGGCATAGTTCTAA,0,4366919
yadI_predicted,0.05555555555555555,17,17,ATCAAGTCCTTTTTGATCTA,0,4346640
yadI_predicted,0.05555555555555555,17,17,ATCAAACGCCGAAAGGCGCG,0,4310458
yadI_predicted,0.05555555555555555,17,17,ATACGTAAATCATTGAGAAC,0,4298240
yadI_predicted,0.05555555555555555,17,17,ATACGGGTCGCCTGTCTTTG,0,4367767
yadI_predicted,0.05555555555555555,17,17,ATACGCTTCTGTGCGAATGG,0,4299212
yadI_predicted,0.05555555555555555,17,17,ATAAGTCGTCAAGACTTCTT,0,4305359
yadI_predicted,0.05555555555555555,17,17,AGTTGTGTCGTTATCTCCGA,0,4364738
yadI_predicted,0.05555555555555555,17,17,AGTTATACTCTAAACAATAG,0,4345187
yadI_predicted,0.05555555555555555,17,17,AGTTAGTCCGTGCACGCGCC,0,4309116
yadI_predicted,0.05555555555555555,17,17,AGTGTGCCGACTGTAGAGGC,0,4330145
yadI_predicted,0.05555555555555555,17,17,AGTGATGAAGAGTCATCTGA,0,4307196
yadI_predicted,0.05555555555555555,17,17,AGGCACGCTTGGCTATCAAT,0,4353959
yadI_predicted,0.05555555555555555,17,17,AGGAAGATATAAAAGCAGTC,0,4294659
yadI_predicted,0.05555555555555555,17,17,AGCTGGCAAGCCTGATAGGC,0,4354242
yadI_predicted,0.05555555555555555,17,17,AGCGTCTGGAGGCAAAATTA,0,4317591
yadI_predicted,0.05555555555555555,17,17,AGCGGACAAAGGAATGCGAT,0,4330245
yadI_predicted,0.05555555555555555,17,17,AGCCAGTGCTCCAACGTAAA,0,4313422
yadI_predicted,0.05555555555555555,17,17,AGCAATCTTATCATATCCCT,0,4297849
yadI_predicted,0.05555555555555555,17,17,AGATACCATTATGGTCGTAG,0,4343627
yadI_predicted,0.05555555555555555,17,17,AGACCTATCCGGCGTCCCGG,0,4357191
yadI_predicted,0.05555555555555555,17,17,ACTCCCAGGCGAGGTACAGC,0,4344415
yadI_predicted,0.05555555555555555,17,17,ACGGCTCCCCTCCGCGACTG,0,4356579
yadI_predicted,0.05555555555555555,17,17,ACGCGCAGCCGTAAAGTATT,0,4351217
yadI_predicted,0.05555555555555555,17,17,ACCTGGTATACACCGTCAAT,0,4341378
yadI_predicted,0.05555555555555555,17,17,ACCGTGTTACATCGCCAGCA,0,4292115
yadI_predicted,0.05555555555555555,17,17,ACCGGGGCTCGCATTTCGTA,0,4332463
yadI_predicted,0.05555555555555555,17,17,ACCATTTACCGTACCGATGA,0,4289404
yadI_predicted,0.05555555555555555,17,17,ACCAGCTGTCCACCCCCACT,0,4351392
yadI_predicted,0.05555555555555555,17,17,ACATCACGTTGACGCATGAT,0,4293758
yadI_predicted,0.05555555555555555,17,17,ACATAGGCAAGGGCAAAGGT,0,4343398
yadI_predicted,0.05555555555555555,17,17,ACAGTGCGAATCTACTATTA,0,4335214
yadI_predicted,0.05555555555555555,17,17,ACAGTCGCCGCCGACAACAG,0,4353113
yadI_predicted,0.05555555555555555,17,17,ACAGGAGCACTCTGCGACAT,0,4339651
yadI_predicted,0.05555555555555555,17,17,ACACCCTCCAAGACAATATA,0,4348197
yadI_predicted,0.05555555555555555,17,17,ACACAGGAGTGTCATGAGAC,0,4313812
yadI_predicted,0.05555555555555555,17,17,ACAATCTTACTGCTCGTAGG,0,4305297
yadI_predicted,0.05555555555555555,17,17,AATTGCGGCGTAGACCGTGG,0,4352462
yadI_predicted,0.05555555555555555,17,17,AATTATCGAAACAAGAAAGG,0,4313955
yadI_predicted,0.05555555555555555,17,17,AATGAGACAAGCTTCGGAAA,0,4292151
yadI_predicted,0.05555555555555555,17,17,AAGTGAAAAGTCCGTATATT,0,4346816
yadI_predicted,0.05555555555555555,17,17,AAGTCTACGGGCATCGGTCC,0,4295360
yadI_predicted,0.05555555555555555,17,17,AAGGCGGGAACAATGGCCGC,0,4298418
yadI_predicted,0.05555555555555555,17,17,AAGCAGTACCCTGCGTTGAG,0,4350669
yadI_predicted,0.05555555555555555,17,17,AAGAACCATTCCGACCTTGT,0,4305296
yadI_predicted,0.05555555555555555,17,17,AAGAACACTCGGCAGATTAA,0,4340351
yadI_predicted,0.05555555555555555,17,17,AACGGTTCAATTGACGGGGT,0,4362880
yadI_predicted,0.05555555555555555,17,17,AACATCAGCAAAGGTCCGAC,0,4357740
yadI_predicted,0.05555555555555555,17,17,AAATGCTGTGTACGTTATTA,0,4296949
yadI_predicted,0.05555555555555555,17,17,AAATCACGACCGCCATGCGC,0,4287583
yadI_predicted,0.05555555555555555,17,17,AAAGTGTTAGTCCTAAACGT,0,4291294
yadI_predicted,0.05555555555555555,17,17,AAACTCGAGCCACATATGAC,0,4328748
yadI_predicted,0.05555555555555555,17,17,AAACCAACTTCACCGATGGG,0,4353417
yadI_predicted,0.058823529411764705,16,16,TTTTGTGAAATACGCCTGTA,0,4297703
yadI_predicted,0.058823529411764705,16,16,TTTTGGATCACGCAAAACCA,0,4328742
yadI_predicted,0.058823529411764705,16,16,TTTGGGAGCGAAGCCAGGGA,0,4300430
yadI_predicted,0.058823529411764705,16,16,TTTCAGACGCGAGCTTATCT,0,4350423
yadI_predicted,0.058823529411764705,16,16,TTTAACTCGGAAGGCAGAGA,0,4321255
yadI_predicted,0.058823529411764705,16,16,TTGTCTGGCTCAGTGAACGT,0,4312373
yadI_predicted,0.058823529411764705,16,16,TTGTCATATTGGACGGAATG,0,4356205
yadI_predicted,0.058823529411764705,16,16,TTGGGGGTAAGTTTGGGCCT,0,4313169
yadI_predicted,0.058823529411764705,16,16,TTGGCATAATAAATCCCCGA,0,4356439
yadI_predicted,0.058823529411764705,16,16,TTGGACTTAGGCAATTTTTG,0,4295462
yadI_predicted,0.058823529411764705,16,16,TTGGAAGAATGCGGCACCAC,0,4327381
yadI_predicted,0.058823529411764705,16,16,TTCTCTAACGCAGTGGCTTA,0,4317321
yadI_predicted,0.058823529411764705,16,16,TTCGCGGACTATTTTTGCTA,0,4295102
yadI_predicted,0.058823529411764705,16,16,TTCGCATAGCGGCTCGGGAT,0,4320220
yadI_predicted,0.058823529411764705,16,16,TTCCGGCTTGCCCCCTACTT,0,4355133
yadI_predicted,0.058823529411764705,16,16,TTCCGACCTTTATATCATTA,0,4353503
yadI_predicted,0.058823529411764705,16,16,TTCCCGCGTTGTAAAGGGCA,0,4333239
yadI_predicted,0.058823529411764705,16,16,TTCATAAGGGCCTACCGCCG,0,4354520
yadI_predicted,0.058823529411764705,16,16,TTAGTGAGCGGGGACTCTTT,0,4357535
yadI_predicted,0.058823529411764705,16,16,TTACCGTAGTCAATTTTCCA,0,4296882
yadI_predicted,0.058823529411764705,16,16,TTACAGGACCTTGGTTAATG,0,4309921
yadI_predicted,0.058823529411764705,16,16,TTAAGCTGTCGCGAAAAAGA,0,4293028
yadI_predicted,0.058823529411764705,16,16,TTAAAGCGTGCACCACAGCG,0,4308686
yadI_predicted,0.058823529411764705,16,16,TGTTTTCACCCAGCGTATGC,0,4333817
yadI_predicted,0.058823529411764705,16,16,TGTTGGGAAAGACATGGGCA,0,4305659
yadI_predicted,0.058823529411764705,16,16,TGTTCGCATCATCTTCCACA,0,4295376
yadI_predicted,0.058823529411764705,16,16,TGTTCATTGCCATATCCTCC,0,4347650
yadI_predicted,0.058823529411764705,16,16,TGTGACATCCCACAGAACTT,0,4310265
yadI_predicted,0.058823529411764705,16,16,TGTCACCGCCCTTAACTACA,0,4302642
yadI_predicted,0.058823529411764705,16,16,TGTAGACTTTCGGCTATGAC,0,4305104
yadI_predicted,0.058823529411764705,16,16,TGGGTAAAGAAATGAATGTG,0,4321531
yadI_predicted,0.058823529411764705,16,16,TGGGGAACTGCTTGCAGCAT,0,4364599
yadI_predicted,0.058823529411764705,16,16,TGGGCCTTTGAATTCTGGAC,0,4326406
yadI_predicted,0.058823529411764705,16,16,TGGGATGGGTTCGGTGACCT,0,4309206
yadI_predicted,0.058823529411764705,16,16,TGGCGGACGTGCCTTGGACT,0,4330788
yadI_predicted,0.058823529411764705,16,16,TGGCCATCAGGCCGGTCACG,0,4328913
yadI_predicted,0.058823529411764705,16,16,TGCGTTTGTTAGTCCAACGA,0,4347923
yadI_predicted,0.058823529411764705,16,16,TGCGTTCGATTAGGGTGTAG,0,4286555
yadI_predicted,0.058823529411764705,16,16,TGCGGACCGGGCGGGTGACG,0,4321736
yadI_predicted,0.058823529411764705,16,16,TGCCATATGACTGGTACAGA,0,4321540
yadI_predicted,0.058823529411764705,16,16,TGCCAGGGGCGAACGGACCC,0,4335078
yadI_predicted,0.058823529411764705,16,16,TGCCAGCCGTCAGACCACTG,0,4338296
yadI_predicted,0.058823529411764705,16,16,TGAGTAGAGGAGTAGCAACT,0,4353591
yadI_predicted,0.058823529411764705,16,16,TGAGGAGACGAGAGGCGATC,0,4326088
yadI_predicted,0.058823529411764705,16,16,TGAATCGTGACGTTGACTCT,0,4341282
yadI_predicted,0.058823529411764705,16,16,TGAAGAGCATTTAGGGGTGC,0,4289864
yadI_predicted,0.058823529411764705,16,16,TGAAAGTCGCGATGTATTCG,0,4369716
yadI_predicted,0.058823529411764705,16,16,TGAAAGGAACGCTCATGGTA,0,4336338
yadI_predicted,0.058823529411764705,16,16,TCTTCAGGGAACTGTATCTC,0,4357080
yadI_predicted,0.058823529411764705,16,16,TCTTACAATACTGGCCGGTG,0,4358214
yadI_predicted,0.058823529411764705,16,16,TCTGACCTACTAGGGTCTGA,0,4334747
yadI_predicted,0.058823529411764705,16,16,TCTCGTGCAGTTGCGGCAGA,0,4352158
yadI_predicted,0.058823529411764705,16,16,TCTAGTTACGATGTGTCCAT,0,4334640
yadI_predicted,0.058823529411764705,16,16,TCTAGGTTTAGTTAGGTATT,0,4354689
yadI_predicted,0.058823529411764705,16,16,TCGTTGATCTATGAGGGGTG,0,4313792
yadI_predicted,0.058823529411764705,16,16,TCGTGGCTTCTACTTTAGGT,0,4309057
yadI_predicted,0.058823529411764705,16,16,TCGTCACCGGTATGTAGTGT,0,4298033
yadI_predicted,0.058823529411764705,16,16,TCGTATAGCGGGCGCCGTCA,0,4333282
yadI_predicted,0.058823529411764705,16,16,TCGTACGAGTGATTAGGAGA,0,4304383
yadI_predicted,0.058823529411764705,16,16,TCGCAAGATAGGCCCGGCGT,0,4349844
yadI_predicted,0.058823529411764705,16,16,TCGATCAAAGGATTTCCTGA,0,4300831
yadI_predicted,0.058823529411764705,16,16,TCCTCCATAAGAAGCATGAA,0,4338123
yadI_predicted,0.058823529411764705,16,16,TCCGTCATTCCGCCCCTGGG,0,4290849
yadI_predicted,0.058823529411764705,16,16,TCCGGGTAGCCCCTCGTTGA,0,4352376
yadI_predicted,0.058823529411764705,16,16,TCATGGAGAGAAGAGACAGG,0,4344563
yadI_predicted,0.058823529411764705,16,16,TCAGGGTGACTATCATAATT,0,4319138
yadI_predicted,0.058823529411764705,16,16,TCAGGACTGCCCAACGGGTT,0,4369657
yadI_predicted,0.058823529411764705,16,16,TCACGGGGGCGGAACGAAAG,0,4336269
yadI_predicted,0.058823529411764705,16,16,TCAACCAGAGTCTAAGGACC,0,4303050
yadI_predicted,0.058823529411764705,16,16,TCAAAGCAGTCTCCCACGCA,0,4328396
yadI_predicted,0.058823529411764705,16,16,TATTTCTTAAATTAGGGTAA,0,4296687
yadI_predicted,0.058823529411764705,16,16,TATTAAGCGTACTTGTTCGA,0,4289334
yadI_predicted,0.058823529411764705,16,16,TATGTGGTATGTACGGTGGT,0,4301239
yadI_predicted,0.058823529411764705,16,16,TATCGCGTTCAAATTTGAGC,0,4342662
yadI_predicted,0.058823529411764705,16,16,TATCCAAAAGAGTTTATTTT,0,4313388
yadI_predicted,0.058823529411764705,16,16,TAGGAAGTGGCGGTCCAGTA,0,4294754
yadI_predicted,0.058823529411764705,16,16,TAGCTACAGAATCACGTTAT,0,4286664
yadI_predicted,0.058823529411764705,16,16,TAGAAACGCCTGTCGAGAAG,0,4364018
yadI_predicted,0.058823529411764705,16,16,TACGTGCTGACCTTTGAGGC,0,4350836
yadI_predicted,0.058823529411764705,16,16,TACGTGACGAAGAAAGAGCA,0,4347513
yadI_predicted,0.058823529411764705,16,16,TACGGGATTTGCGGATCGTG,0,4314965
yadI_predicted,0.058823529411764705,16,16,TACGCAGTGCTTTGTTGCCC,0,4291855
yadI_predicted,0.058823529411764705,16,16,TACGCACCAGTGTCTGTACA,0,4351890
yadI_predicted,0.058823529411764705,16,16,TACGAATCGTGACGAAGTAC,0,4323350
yadI_predicted,0.058823529411764705,16,16,TACCGCGTGTGAAAGCCAAA,0,4339779
yadI_predicted,0.058823529411764705,16,16,TACCATCGCTAGGAAGCCGT,0,4328533
yadI_predicted,0.058823529411764705,16,16,TAATCAGCCGTGATTGCGCG,0,4317569
yadI_predicted,0.058823529411764705,16,16,TAAGCCCGAAATCACGTGAT,0,4306629
yadI_predicted,0.058823529411764705,16,16,TAAACGGGGCTTATAATTAG,0,4354528
yadI_predicted,0.058823529411764705,16,16,GTTCTAGTGGGTGAGTGGTT,0,4298678
yadI_predicted,0.058823529411764705,16,16,GTGTTGGAAGTCAAGCTTTT,0,4292231
yadI_predicted,0.058823529411764705,16,16,GTGTTAAGACTCTAGCTCGT,0,4298483
yadI_predicted,0.058823529411764705,16,16,GTGCACTAGGTAATGTACAG,0,4326391
yadI_predicted,0.058823529411764705,16,16,GTCTTTTTGTGAACCTCTTC,0,4297691
yadI_predicted,0.058823529411764705,16,16,GTCTTATAATCATAATTGTA,0,4347231
yadI_predicted,0.058823529411764705,16,16,GTCGTGGGAACCTACGTGCA,0,4363277
yadI_predicted,0.058823529411764705,16,16,GTCCTATTTTGGGAAAAACT,0,4317010
yadI_predicted,0.058823529411764705,16,16,GTCAGCATCGTGGTGTAAAA,0,4305295
yadI_predicted,0.058823529411764705,16,16,GTATTCAGGATTATTAGCCC,0,4305772
yadI_predicted,0.058823529411764705,16,16,GTATATGCATTCAGGCCGTT,0,4348510
yadI_predicted,0.058823529411764705,16,16,GTAGCCTGACCATTGCCGAT,0,4326984
yadI_predicted,0.058823529411764705,16,16,GTACAAAATGGGTAGGTTCG,0,4357836
yadI_predicted,0.058823529411764705,16,16,GGTTGATTGAAGGTTCTAGA,0,4316413
yadI_predicted,0.058823529411764705,16,16,GGTGGGGCGACCTGGAAGGT,0,4328848
yadI_predicted,0.058823529411764705,16,16,GGTGCCAAACGGGGTACGAG,0,4291587
yadI_predicted,0.058823529411764705,16,16,GGTATAAGCCATTCTGTGGA,0,4340503
yadI_predicted,0.058823529411764705,16,16,GGTAAGTGGGCAGTGATTAT,0,4317808
yadI_predicted,0.058823529411764705,16,16,GGGTTTCTAACGTCTTTTGA,0,4367826
yadI_predicted,0.058823529411764705,16,16,GGGGGCTGCGAAAAACCCGT,0,4326194
yadI_predicted,0.058823529411764705,16,16,GGGGCGGCTGGTGCTAGAAT,0,4354279
yadI_predicted,0.058823529411764705,16,16,GGGCTGCTACTAGGGTCCTC,0,4317152
yadI_predicted,0.058823529411764705,16,16,GGGCGGCTGTTGCAAGAATC,0,4288066
yadI_predicted,0.058823529411764705,16,16,GGGCCGCGGTCCCCTGGACA,0,4307948
yadI_predicted,0.058823529411764705,16,16,GGGCACTATGCGGGCCTGAG,0,4321649
yadI_predicted,0.058823529411764705,16,16,GGCGTGTCCCAGTGAGGGTG,0,4338536
yadI_predicted,0.058823529411764705,16,16,GGCGCACAAGGTCCGCGCAA,0,4319321
yadI_predicted,0.058823529411764705,16,16,GGCCTACCGACGTCTCGAGC,0,4341960
yadI_predicted,0.058823529411764705,16,16,GGCAGTCTGCGTGTAGGGGA,0,4368766
yadI_predicted,0.058823529411764705,16,16,GGATAAGGTCCGGTTCTGCC,0,4304673
yadI_predicted,0.058823529411764705,16,16,GGAGGGCGCCAGACACAATA,0,4363044
yadI_predicted,0.058823529411764705,16,16,GGAGAACTTTAATTCCGGTG,0,4362224
yadI_predicted,0.058823529411764705,16,16,GGAAGGGTATTTCGTCCTTA,0,4358218
yadI_predicted,0.058823529411764705,16,16,GGAACAGAATCAGGATAATA,0,4313121
yadI_predicted,0.058823529411764705,16,16,GGAAACACGACTATTGGCCG,0,4296165
yadI_predicted,0.058823529411764705,16,16,GCTTTGATAAGCGCGCATGC,0,4357817
yadI_predicted,0.058823529411764705,16,16,GCTTTCCGACGGGAAGTTAT,0,4294749
yadI_predicted,0.058823529411764705,16,16,GCTTACCCGAACACATGCTG,0,4330052
yadI_predicted,0.058823529411764705,16,16,GCTTAAATTACAGCAACTCA,0,4299966
yadI_predicted,0.058823529411764705,16,16,GCTAGTACGCAGTGTGGATG,0,4331739
yadI_predicted,0.058823529411764705,16,16,GCTAAAACGCAACCGCAAGC,0,4336145
yadI_predicted,0.058823529411764705,16,16,GCGTTGATAATGGGAGATAG,0,4284995
yadI_predicted,0.058823529411764705,16,16,GCGTTCGGCCAAGGATTAAC,0,4324350
yadI_predicted,0.058823529411764705,16,16,GCGTCTGCGAAAATGGTGCA,0,4366268
yadI_predicted,0.058823529411764705,16,16,GCGTAACAAGCTTAATATGC,0,4288014
yadI_predicted,0.058823529411764705,16,16,GCGGAGGGACAACGCCCAGG,0,4331142
yadI_predicted,0.058823529411764705,16,16,GCGGAAGGAAGCTTACCTGT,0,4360323
yadI_predicted,0.058823529411764705,16,16,GCGCTGGGTCTATAGATAAA,0,4348331
yadI_predicted,0.058823529411764705,16,16,GCGCTCGGAACGGCAACGGG,0,4358003
yadI_predicted,0.058823529411764705,16,16,GCGCCGTTTCAGTGATCATT,0,4295500
yadI_predicted,0.058823529411764705,16,16,GCGCATCTCATCAGGTCTGT,0,4316621
yadI_predicted,0.058823529411764705,16,16,GCGATTTAAACCAGCGGGGA,0,4351703
yadI_predicted,0.058823529411764705,16,16,GCGACCGTTCGGGCCAATCA,0,4363169
yadI_predicted,0.058823529411764705,16,16,GCCTTACTAAATCACTACGG,0,4330785
yadI_predicted,0.058823529411764705,16,16,GCCTGTAGAGCTTTTGTGAC,0,4294503
yadI_predicted,0.058823529411764705,16,16,GCCTACGGCGAGTTGGGCAG,0,4358422
yadI_predicted,0.058823529411764705,16,16,GCCGCCCCCTTCAATTTAAC,0,4288227
yadI_predicted,0.058823529411764705,16,16,GCCGAAGCTCGGTCTCGATA,0,4315622
yadI_predicted,0.058823529411764705,16,16,GCCCTACGTCTAACGCATGT,0,4312198
yadI_predicted,0.058823529411764705,16,16,GCCACTCGTAAGAAGCCACA,0,4327409
yadI_predicted,0.058823529411764705,16,16,GCCACGTGGGGCTGTCTTGG,0,4359076
yadI_predicted,0.058823529411764705,16,16,GCATGGAAACGATCGTTTGA,0,4319953
yadI_predicted,0.058823529411764705,16,16,GCATATTCAGCTCTAGATTC,0,4317003
yadI_predicted,0.058823529411764705,16,16,GCAGCACAACGATGCGGCGC,0,4332472
yadI_predicted,0.058823529411764705,16,16,GCACTCTAGATCCCACGGGA,0,4336466
yadI_predicted,0.058823529411764705,16,16,GATTGTGATTGCACAGGCCC,0,4367786
yadI_predicted,0.058823529411764705,16,16,GATATCGTGCTTAACGAACT,0,4332786
yadI_predicted,0.058823529411764705,16,16,GAGTTTAGCTCCCGTATTCC,0,4321015
yadI_predicted,0.058823529411764705,16,16,GAGTTCAACAAACCCAAAAG,0,4295379
yadI_predicted,0.058823529411764705,16,16,GAGTGTTATTCTTGGTAGGT,0,4367721
yadI_predicted,0.058823529411764705,16,16,GAGTCCCTTGTGCCTAATTA,0,4345043
yadI_predicted,0.058823529411764705,16,16,GAGGGTTCCACCTCCTGTTC,0,4316807
yadI_predicted,0.058823529411764705,16,16,GAGGGTGGACGGCACTTAGA,0,4364602
yadI_predicted,0.058823529411764705,16,16,GAGCTGCCGGGACTTCTCTA,0,4336856
yadI_predicted,0.058823529411764705,16,16,GAGATATGAGCCCGTTCGAA,0,4331402
yadI_predicted,0.058823529411764705,16,16,GAGACAGTTGGTGTCAAGGT,0,4351504
yadI_predicted,0.058823529411764705,16,16,GACGTCCACGCTCGTATCAT,0,4363462
yadI_predicted,0.058823529411764705,16,16,GACGGCGGGGACACCTGCTA,0,4290695
yadI_predicted,0.058823529411764705,16,16,GACGACCAAGCTCTTGGTAT,0,4325651
yadI_predicted,0.058823529411764705,16,16,GACGAAGTACCGGTATCCGT,0,4315920
yadI_predicted,0.058823529411764705,16,16,GACCGCCAACGGGGCACGGT,0,4300639
yadI_predicted,0.058823529411764705,16,16,GACCCCGCCCTTGAAGTGGT,0,4358102
yadI_predicted,0.058823529411764705,16,16,GACACGAATTAATTCACACA,0,4302826
yadI_predicted,0.058823529411764705,16,16,GAATCACGTGTCCGCGTTTT,0,4330728
yadI_predicted,0.058823529411764705,16,16,GAAGGGTCTACGTTTTCCGC,0,4332200
yadI_predicted,0.058823529411764705,16,16,GAAGGGAAGCACCGGGAATA,0,4305884
yadI_predicted,0.058823529411764705,16,16,GAAGAGACAGCATAACTGTA,0,4314672
yadI_predicted,0.058823529411764705,16,16,GAACGTGGTCCACCGTCCGT,0,4316630
yadI_predicted,0.058823529411764705,16,16,CTTGGTCGGCGAATCGTGCT,0,4293198
yadI_predicted,0.058823529411764705,16,16,CTTGGCCTAACATTAGGGGT,0,4307952
yadI_predicted,0.058823529411764705,16,16,CTTCGGAGCATCTCCGGTCC,0,4346588
yadI_predicted,0.058823529411764705,16,16,CTTCACGAAGTGTTTAGAGC,0,4367455
yadI_predicted,0.058823529411764705,16,16,CTTACGGTGCAGGGTACGTA,0,4317166
yadI_predicted,0.058823529411764705,16,16,CTTACCCGTCTCCTGGTTGG,0,4352045
yadI_predicted,0.058823529411764705,16,16,CTGGAATCGAATGCGTCGAT,0,4342432
yadI_predicted,0.058823529411764705,16,16,CTGCTCTCCGCCAACGCTAT,0,4311300
yadI_predicted,0.058823529411764705,16,16,CTGCGGCGTTAAAATTATTT,0,4334408
yadI_predicted,0.058823529411764705,16,16,CTGCGCTACCGGAGGCGCAT,0,4330436
yadI_predicted,0.058823529411764705,16,16,CTGCCCTCGTCAGTCGGACG,0,4289739
yadI_predicted,0.058823529411764705,16,16,CTGAATGACGGATAGTCAGA,0,4356162
yadI_predicted,0.058823529411764705,16,16,CTCTTTGAATCTTATGATTG,0,4338727
yadI_predicted,0.058823529411764705,16,16,CTCTTTCCCATTTGCTCAGC,0,4347218
yadI_predicted,0.058823529411764705,16,16,CTCTGTACTTGAAAGATCGG,0,4357065
yadI_predicted,0.058823529411764705,16,16,CTCGGCACAATGACGGGAAA,0,4312596
yadI_predicted,0.058823529411764705,16,16,CTCCGGTAAGTGGGAAGATT,0,4339966
yadI_predicted,0.058823529411764705,16,16,CTCCCCTTAACCATCCGGTC,0,4304608
yadI_predicted,0.058823529411764705,16,16,CTAGAATCGAAAGTGATCTT,0,4325807
yadI_predicted,0.058823529411764705,16,16,CTACTACGGGCGGTACACAC,0,4368233
yadI_predicted,0.058823529411764705,16,16,CTACCACTGAGAAATTTAAG,0,4351255
yadI_predicted,0.058823529411764705,16,16,CGTTTAGCTCGCATATCTTT,0,4317434
yadI_predicted,0.058823529411764705,16,16,CGTTAACAGACACAGCATCT,0,4337087
yadI_predicted,0.058823529411764705,16,16,CGTGGGGCGTACGTGCCACT,0,4337595
yadI_predicted,0.058823529411764705,16,16,CGTGCAATGGGCAGCGATCA,0,4290818
yadI_predicted,0.058823529411764705,16,16,CGTGAGGGCAGAGTGTAGAT,0,4349128
yadI_predicted,0.058823529411764705,16,16,CGTCAACATGCTCCGTTGCC,0,4309002
yadI_predicted,0.058823529411764705,16,16,CGTATTTCATTCATGCCATA,0,4343117
yadI_predicted,0.058823529411764705,16,16,CGTAAGCGTCACATTAATGT,0,4350945
yadI_predicted,0.058823529411764705,16,16,CGGTGTTAACCGCCCCGTAA,0,4291921
yadI_predicted,0.058823529411764705,16,16,CGGTGAGCCAAGCTTCGCGT,0,4324938
yadI_predicted,0.058823529411764705,16,16,CGGGTCTCTGCAATGCAGGA,0,4303223
yadI_predicted,0.058823529411764705,16,16,CGGGAACACCCTGGTGTATT,0,4331129
yadI_predicted,0.058823529411764705,16,16,CGGCATTGCAGGAGCGGGGA,0,4310428
yadI_predicted,0.058823529411764705,16,16,CGGAGCGGGTAAAATACCTT,0,4326236
yadI_predicted,0.058823529411764705,16,16,CGGAGAACATAATTCTCGAC,0,4294262
yadI_predicted,0.058823529411764705,16,16,CGGAAGTTCGTTAACTCATG,0,4348710
yadI_predicted,0.058823529411764705,16,16,CGCTACCATCTATTGCGAAT,0,4293604
yadI_predicted,0.058823529411764705,16,16,CGCGCCCGACTCAGATCTTA,0,4337346
yadI_predicted,0.058823529411764705,16,16,CGCCTTTGATCAATTTTGTA,0,4325138
yadI_predicted,0.058823529411764705,16,16,CGCCATTAATAGAGGCAACG,0,4291440
yadI_predicted,0.058823529411764705,16,16,CGCCATCTAATCCCAGGCTT,0,4332154
yadI_predicted,0.058823529411764705,16,16,CGCATCAGCCCGCCCTGCGG,0,4321831
yadI_predicted,0.058823529411764705,16,16,CGCAGTTCGGGGGTCTTAGT,0,4305898
yadI_predicted,0.058823529411764705,16,16,CGCAAAGGGTGGGAGGTGCA,0,4329288
yadI_predicted,0.058823529411764705,16,16,CGAGATGTCAAACTCAATCA,0,4333790
yadI_predicted,0.058823529411764705,16,16,CGACTCGGAGGACATAAGGT,0,4359220
yadI_predicted,0.058823529411764705,16,16,CGAAATTTCCATATTGTATG,0,4326447
yadI_predicted,0.058823529411764705,16,16,CGAAATCGTGGACTGCAGTC,0,4346226
yadI_predicted,0.058823529411764705,16,16,CCTTGCAAGCGTTACCCTAC,0,4322767
yadI_predicted,0.058823529411764705,16,16,CCTGTCCTGCGCCTCGCCAT,0,4323160
yadI_predicted,0.058823529411764705,16,16,CCTCGGAGGTCTGTGGGCCT,0,4323524
yadI_predicted,0.058823529411764705,16,16,CCTCGCGAAGCACGATCTTA,0,4296778
yadI_predicted,0.058823529411764705,16,16,CCGTAAACTCCCGTCCCCCT,0,4306890
yadI_predicted,0.058823529411764705,16,16,CCGGTTGCAGCCTCTGCATC,0,4287066
yadI_predicted,0.058823529411764705,16,16,CCGGTCATGACAACTATGCG,0,4369133
yadI_predicted,0.058823529411764705,16,16,CCGCTTTCCGGTAGGTGTTG,0,4315171
yadI_predicted,0.058823529411764705,16,16,CCCGTGCCGAGAGAGCCGTG,0,4305505
yadI_predicted,0.058823529411764705,16,16,CCCGCGGTCCCGGGGCGAGC,0,4309597
yadI_predicted,0.058823529411764705,16,16,CCCCGTCCGCGGGAGCTTGA,0,4344730
yadI_predicted,0.058823529411764705,16,16,CCCCGCAGGCGCCGAGTTGC,0,4341577
yadI_predicted,0.058823529411764705,16,16,CCCCGCACCATAAAGCCCCA,0,4367899
yadI_predicted,0.058823529411764705,16,16,CCCCGATGGGGAGTTAAGTC,0,4297568
yadI_predicted,0.058823529411764705,16,16,CCCCACATATACGCAGGTAA,0,4317115
yadI_predicted,0.058823529411764705,16,16,CCCAACTCTATATTAACCGG,0,4321434
yadI_predicted,0.058823529411764705,16,16,CCATTGAGAGGACCCTATTC,0,4304849
yadI_predicted,0.058823529411764705,16,16,CCAGTATAAAATTCCTAGAA,0,4346856
yadI_predicted,0.058823529411764705,16,16,CCAGCTGCGGTCGTGGGTTG,0,4329767
yadI_predicted,0.058823529411764705,16,16,CCACGAGGGCTGGCCCTTCT,0,4329348
yadI_predicted,0.058823529411764705,16,16,CCACAACGATTGCGTACTAC,0,4304952
yadI_predicted,0.058823529411764705,16,16,CATCACAGGCGCCGGCAAAA,0,4333597
yadI_predicted,0.058823529411764705,16,16,CATAGAGCATGCCAACGGAC,0,4288074
yadI_predicted,0.058823529411764705,16,16,CATACTTTAGGGACGGGTGA,0,4288891
yadI_predicted,0.058823529411764705,16,16,CATACTTGTTGGCGAAACGC,0,4336148
yadI_predicted,0.058823529411764705,16,16,CATAAAGTAATCGTGGGTTC,0,4358713
yadI_predicted,0.058823529411764705,16,16,CAGGACGCGCATAGGTGCAA,0,4321983
yadI_predicted,0.058823529411764705,16,16,CAGCAAATCCGGGACATTCG,0,4360910
yadI_predicted,0.058823529411764705,16,16,CAGACGGCAAAACTGTAACA,0,4325447
yadI_predicted,0.058823529411764705,16,16,CAGACCTGATCCCTCCATAA,0,4331208
yadI_predicted,0.058823529411764705,16,16,CAGAACCTCTTATAATCGTG,0,4309898
yadI_predicted,0.058823529411764705,16,16,CACTGCGTGTACTCCCACCA,0,4325402
yadI_predicted,0.058823529411764705,16,16,CACTCGCACCAGTCTTTCAG,0,4294425
yadI_predicted,0.058823529411764705,16,16,CACGAATTTCCCAGGTGAGC,0,4328086
yadI_predicted,0.058823529411764705,16,16,CACCTTGCTGGACTGAAATC,0,4351161
yadI_predicted,0.058823529411764705,16,16,CAATTAAATGGGCCGTCTAA,0,4360983
yadI_predicted,0.058823529411764705,16,16,CAAGTTGAGCAGCCTAGTAA,0,4349103
yadI_predicted,0.058823529411764705,16,16,CAAAGCCCAGTATTTACTTT,0,4299646
yadI_predicted,0.058823529411764705,16,16,ATTTTTTGCGGATCCCCACG,0,4313648
yadI_predicted,0.058823529411764705,16,16,ATTTGAAACCCGGGGCAGAT,0,4324828
yadI_predicted,0.058823529411764705,16,16,ATTTAAGCGGGCAGCTGTGA,0,4307249
yadI_predicted,0.058823529411764705,16,16,ATTGCCAACTACTCCATCCT,0,4316414
yadI_predicted,0.058823529411764705,16,16,ATGTTATCAGTGGCCGGGTC,0,4348416
yadI_predicted,0.058823529411764705,16,16,ATGGTGCTAGCTATCGATTG,0,4367857
yadI_predicted,0.058823529411764705,16,16,ATGCTCTATTTCTTTGCGGT,0,4361306
yadI_predicted,0.058823529411764705,16,16,ATGACTAGCAACGGCAACCA,0,4335472
yadI_predicted,0.058823529411764705,16,16,ATCTGGTGATGTAATACATG,0,4361090
yadI_predicted,0.058823529411764705,16,16,ATCTATCGTTTCGAGCTAAG,0,4308861
yadI_predicted,0.058823529411764705,16,16,ATCGTTTGTGGTTTCTGCGG,0,4320672
yadI_predicted,0.058823529411764705,16,16,ATCGTGCGACTGGCGACATG,0,4344065
yadI_predicted,0.058823529411764705,16,16,ATCATGTCAAGGTTAGTTAT,0,4314972
yadI_predicted,0.058823529411764705,16,16,ATATATTGGGCATATGTGGA,0,4290090
yadI_predicted,0.058823529411764705,16,16,ATAGTTCAGCTTCGCACGTC,0,4296023
yadI_predicted,0.058823529411764705,16,16,ATAGTAACGGTAGGTCAAGA,0,4307989
yadI_predicted,0.058823529411764705,16,16,ATAGGAAGGTAACAACGGAC,0,4303360
yadI_predicted,0.058823529411764705,16,16,ATAGATACACGACATCGCAA,0,4303253
yadI_predicted,0.058823529411764705,16,16,ATACCGGCGCACGAGGGTCT,0,4288567
yadI_predicted,0.058823529411764705,16,16,ATAAGTCGCGTCGCACGTGG,0,4290801
yadI_predicted,0.058823529411764705,16,16,ATAACAAGAAACCAAGGCAT,0,4368634
yadI_predicted,0.058823529411764705,16,16,AGTTTCGCTGGTTGAACTTA,0,4310822
yadI_predicted,0.058823529411764705,16,16,AGTTATACTAGCTAGGTCAT,0,4366706
yadI_predicted,0.058823529411764705,16,16,AGTTAGGCACGCTTGGGTGA,0,4355556
yadI_predicted,0.058823529411764705,16,16,AGGTCAAATTTCGTGGCGAA,0,4339901
yadI_predicted,0.058823529411764705,16,16,AGGGCTGAGCATTGGGGACA,0,4338271
yadI_predicted,0.058823529411764705,16,16,AGGCTAGTTCAGATAGCATA,0,4326859
yadI_predicted,0.058823529411764705,16,16,AGGATGTGCTCTACGCTAGT,0,4304951
yadI_predicted,0.058823529411764705,16,16,AGGATCAATAGTATGGCCGC,0,4302340
yadI_predicted,0.058823529411764705,16,16,AGGAGACGGGGACGGCGTAC,0,4339604
yadI_predicted,0.058823529411764705,16,16,AGCGCTACGCGGTACGACTC,0,4316050
yadI_predicted,0.058823529411764705,16,16,AGCCTGGGTCGGCTCCTAGT,0,4313171
yadI_predicted,0.058823529411764705,16,16,AGCCGCCTCGGGGACCGGCA,0,4360674
yadI_predicted,0.058823529411764705,16,16,AGCCCAGTCCGGGACCAATA,0,4360846
yadI_predicted,0.058823529411764705,16,16,AGCAGCGAACATCTGTGCGT,0,4329422
yadI_predicted,0.058823529411764705,16,16,AGCAAGCAATGTGAACCGAT,0,4329705
yadI_predicted,0.058823529411764705,16,16,AGATTGGGGAAATGAAATGT,0,4300813
yadI_predicted,0.058823529411764705,16,16,AGATATGGATCGCGCAACGA,0,4364165
yadI_predicted,0.058823529411764705,16,16,AGAGTGGTCACGGCCGTCGG,0,4284434
yadI_predicted,0.058823529411764705,16,16,AGAGCTACTGGTCGGGCCAG,0,4305171
yadI_predicted,0.058823529411764705,16,16,AGAGCCCGGACTACCGTGTA,0,4347564
yadI_predicted,0.058823529411764705,16,16,AGACTCGTTAAAGATAGACA,0,4330946
yadI_predicted,0.058823529411764705,16,16,AGACCCCGAATGGCTAGAAG,0,4338117
yadI_predicted,0.058823529411764705,16,16,AGAACGCTTACCACCACAGT,0,4364121
yadI_predicted,0.058823529411764705,16,16,AGAAATTATCCTTTAATTAA,0,4306617
yadI_predicted,0.058823529411764705,16,16,ACTTTAGTGACTTAATGAGG,0,4353404
yadI_predicted,0.058823529411764705,16,16,ACTGCAAGCCACCTGGCACA,0,4359182
yadI_predicted,0.058823529411764705,16,16,ACTCGTGTCTCAGGACGAGG,0,4310697
yadI_predicted,0.058823529411764705,16,16,ACGTTCGTTTTATGCGCAAA,0,4326110
yadI_predicted,0.058823529411764705,16,16,ACGTTAGGTCCAGGGGTCAG,0,4311169
yadI_predicted,0.058823529411764705,16,16,ACGTGCATTAGGACTTGCGA,0,4345036
yadI_predicted,0.058823529411764705,16,16,ACGGGTGGGGGCATCCTAGT,0,4347986
yadI_predicted,0.058823529411764705,16,16,ACGGCCCGTCGATTGTGCGG,0,4363198
yadI_predicted,0.058823529411764705,16,16,ACGCCCCGCGCGCTGTACGC,0,4350973
yadI_predicted,0.058823529411764705,16,16,ACGAATCCGCTTATGTTTGT,0,4339960
yadI_predicted,0.058823529411764705,16,16,ACCATACTATTACCCGTGCA,0,4287599
yadI_predicted,0.058823529411764705,16,16,ACCAGTCAGATGTGATCACC,0,4288453
yadI_predicted,0.058823529411764705,16,16,ACAGTTTCCAAGCGGAATCA,0,4288156
yadI_predicted,0.058823529411764705,16,16,ACAGCCCGAGAACACTCGAT,0,4350577
yadI_predicted,0.058823529411764705,16,16,ACACGGTTAAAACGGGGAAC,0,4310646
yadI_predicted,0.058823529411764705,16,16,ACACAGTTTCATCTGATGCT,0,4348218
yadI_predicted,0.058823529411764705,16,16,AATGGCAAGGATCCTGGGTT,0,4305394
yadI_predicted,0.058823529411764705,16,16,AATCTCTGTGAAGGAGAGAT,0,4361922
yadI_predicted,0.058823529411764705,16,16,AATCCCCGACTCGACAATAG,0,4328242
yadI_predicted,0.058823529411764705,16,16,AATATCGAGCGCAGTCATCC,0,4309348
yadI_predicted,0.058823529411764705,16,16,AAGTGTTAGAAGGATGTAGA,0,4316173
yadI_predicted,0.058823529411764705,16,16,AAGTAAATTAGACACCCGCA,0,4362643
yadI_predicted,0.058823529411764705,16,16,AAGGTTTCTTTCACGGGAAA,0,4286800
yadI_predicted,0.058823529411764705,16,16,AAGGTTAGGAAGTGAAGATA,0,4368859
yadI_predicted,0.058823529411764705,16,16,AAGGTTAATCCGACCTTAGG,0,4293843
yadI_predicted,0.058823529411764705,16,16,AAGGATTTCACTATCCCTCT,0,4315965
yadI_predicted,0.058823529411764705,16,16,AAGGAGTAGTGATAACCACT,0,4329074
yadI_predicted,0.058823529411764705,16,16,AAGGACTTGAAACTCGGCTC,0,4306405
yadI_predicted,0.058823529411764705,16,16,AAGGAATACTCAGGGCTTGA,0,4318657
yadI_predicted,0.058823529411764705,16,16,AAGAGCTTTGGTTGGATATC,0,4302454
yadI_predicted,0.058823529411764705,16,16,AAGAATTATTGGCATCCACT,0,4306134
yadI_predicted,0.058823529411764705,16,16,AACTGCTGTGGGAGTCTGGC,0,4360422
yadI_predicted,0.058823529411764705,16,16,AACGCGTTGCGAGACACTAG,0,4320925
yadI_predicted,0.058823529411764705,16,16,AACGAATCCTAGTTTCCGTG,0,4321804
yadI_predicted,0.058823529411764705,16,16,AACACCCCTTTCTCGGGTAT,0,4284302
yadI_predicted,0.058823529411764705,16,16,AAATGCTTGTCGTCTTATTT,0,4352188
yadI_predicted,0.058823529411764705,16,16,AAACGCCTCATTACAAACGT,0,4360682
yadI_predicted,0.0625,15,15,TTTGACTCCACTGGTGCGTA,0,4366976
yadI_predicted,0.0625,15,15,TTTCGTCTGGATCGGGTCGC,0,4324394
yadI_predicted,0.0625,15,15,TTTATCGCTTTATCGCATTA,0,4306661
yadI_predicted,0.0625,15,15,TTTACAGTTGAGGGACTGCA,0,4323104
yadI_predicted,0.0625,15,15,TTGTTCCGCTTAGCCTGGCA,0,4309655
yadI_predicted,0.0625,15,15,TTGCTGTCCAGTCAGCCCGA,0,4286334
yadI_predicted,0.0625,15,15,TTGCTCATATTTCTAAACTA,0,4318904
yadI_predicted,0.0625,15,15,TTGCTACTCAACCGTTTCGC,0,4351857
yadI_predicted,0.0625,15,15,TTGCAGGAGAGTGATTGCAG,0,4344012
yadI_predicted,0.0625,15,15,TTGCAAACTTTAAGGTTGCT,0,4306884
yadI_predicted,0.0625,15,15,TTGACCTCGCGCTTTATCGT,0,4294681
yadI_predicted,0.0625,15,15,TTGACACGATTGGGCCGCGA,0,4347381
yadI_predicted,0.0625,15,15,TTCTCCATGTGGCGAAAATT,0,4356290
yadI_predicted,0.0625,15,15,TTCTACTGTATACCGTTTCC,0,4343279
yadI_predicted,0.0625,15,15,TTCGTTCATACTGACTGGAA,0,4367779
yadI_predicted,0.0625,15,15,TTCGGAATTCGTGTGGTATG,0,4333529
yadI_predicted,0.0625,15,15,TTCGCAGGTTTATATGCGGG,0,4308792
yadI_predicted,0.0625,15,15,TTCCTCGTTTTCACAGGAGG,0,4346324
yadI_predicted,0.0625,15,15,TTCCGCTAACATGTAAGACG,0,4312749
yadI_predicted,0.0625,15,15,TTCCCCACCTGGGAAATGCC,0,4317542
yadI_predicted,0.0625,15,15,TTATTGGCCTGCACCCTCAC,0,4347397
yadI_predicted,0.0625,15,15,TTATCATCCGTCAGATGTCT,0,4348199
yadI_predicted,0.0625,15,15,TTACTTTTTGCAAGTTATCC,0,4324862
yadI_predicted,0.0625,15,15,TTACCTCTAGGGATGGGGTT,0,4299277
yadI_predicted,0.0625,15,15,TTACCTATTCAGTGTTTAAT,0,4362426
yadI_predicted,0.0625,15,15,TTACACGCCACCCTTACCGT,0,4289271
yadI_predicted,0.0625,15,15,TTACAAGGTCCGATGGCGAT,0,4362614
yadI_predicted,0.0625,15,15,TTAAGGTACTTTATGAACCA,0,4339177
yadI_predicted,0.0625,15,15,TGTTGGACGGTATCTACTTC,0,4296286
yadI_predicted,0.0625,15,15,TGTTGCCGGGCACTTACACC,0,4332125
yadI_predicted,0.0625,15,15,TGTTACCAGTGCGGCCTTGA,0,4354191
yadI_predicted,0.0625,15,15,TGTGCTATCGATGCTCTAAA,0,4284600
yadI_predicted,0.0625,15,15,TGTCGCGAGTAATAGTCCGT,0,4305186
yadI_predicted,0.0625,15,15,TGTCCGGGTGAGGCTGACAT,0,4326398
yadI_predicted,0.0625,15,15,TGTATGTCGGAGCTCCCTAT,0,4356646
yadI_predicted,0.0625,15,15,TGTAGGCCTGTGCACGGTTT,0,4347496
yadI_predicted,0.0625,15,15,TGGCTGCCCTATCTAAAATA,0,4333687
yadI_predicted,0.0625,15,15,TGGCCAGTGACTGAGATGGT,0,4364891
yadI_predicted,0.0625,15,15,TGGATCATCCCACTCAGACA,0,4355200
yadI_predicted,0.0625,15,15,TGCTAGTCAAAGCTTCTAGT,0,4294903
yadI_predicted,0.0625,15,15,TGCGTCACGGACATGACGTT,0,4299919
yadI_predicted,0.0625,15,15,TGCCGACTTAACTCACCTTC,0,4303592
yadI_predicted,0.0625,15,15,TGCCATGACCGCAGAGGGTG,0,4357955
yadI_predicted,0.0625,15,15,TGCAACTGGTGTGATATTGA,0,4295767
yadI_predicted,0.0625,15,15,TGCAAAGGTGTTGCGTCCAT,0,4310820
yadI_predicted,0.0625,15,15,TGATTGACAAGTACAAGTTT,0,4364137
yadI_predicted,0.0625,15,15,TGATGTCGTACTTTAATGCT,0,4323523
yadI_predicted,0.0625,15,15,TGAGCGGACCTCAGCGGAAT,0,4320176
yadI_predicted,0.0625,15,15,TGACTTCAACGAGAGTTTTT,0,4332553
yadI_predicted,0.0625,15,15,TGACGGCTGAAATGGCATCT,0,4366137
yadI_predicted,0.0625,15,15,TGAACAACCGCGCTCGGGCA,0,4284503
yadI_predicted,0.0625,15,15,TCTTGGGAGCTCCCTGACCA,0,4360004
yadI_predicted,0.0625,15,15,TCTTCCCTTGGCTACTTTAT,0,4345438
yadI_predicted,0.0625,15,15,TCTTCAGAGTAATCGCAGGA,0,4292739
yadI_predicted,0.0625,15,15,TCGTGGTGTCTGCTGTCTAA,0,4318191
yadI_predicted,0.0625,15,15,TCGTCTTCGATTTCTAGTTG,0,4289804
yadI_predicted,0.0625,15,15,TCGGAGACAGGAAGATTGAG,0,4304114
yadI_predicted,0.0625,15,15,TCGCTGCATCGCGACCGTTG,0,4295750
yadI_predicted,0.0625,15,15,TCCTCGTTCCTTCGGGTAGG,0,4339264
yadI_predicted,0.0625,15,15,TCCGCAGGGTCAAGACATTG,0,4286118
yadI_predicted,0.0625,15,15,TCCCTCCTTACGGGGGGTAC,0,4337902
yadI_predicted,0.0625,15,15,TCCCATCATAATGTTTGCGA,0,4327153
yadI_predicted,0.0625,15,15,TCCAACACGGGACTGATTTG,0,4332326
yadI_predicted,0.0625,15,15,TCATTCAGAAGGTACATGTC,0,4295687
yadI_predicted,0.0625,15,15,TCATCTCCAACGCAACTTAA,0,4320143
yadI_predicted,0.0625,15,15,TCACCTCGAGGAGACTCATT,0,4294494
yadI_predicted,0.0625,15,15,TCAATGTGCACCACACAGCT,0,4368643
yadI_predicted,0.0625,15,15,TCAAGTACTCTACACGCGTA,0,4332289
yadI_predicted,0.0625,15,15,TCAAGACTGAGGGAGTTACA,0,4308510
yadI_predicted,0.0625,15,15,TCAACCCGTCCAACGTAGAA,0,4369678
yadI_predicted,0.0625,15,15,TATTGGTGGCATCTCATCTC,0,4346620
yadI_predicted,0.0625,15,15,TATGTAATCTTATACCAGCT,0,4319933
yadI_predicted,0.0625,15,15,TATGGTTACGTAGGGAAGTA,0,4328135
yadI_predicted,0.0625,15,15,TATCTGACTCATCACGTGTG,0,4304329
yadI_predicted,0.0625,15,15,TATCCTTACTACATCGTTTC,0,4311533
yadI_predicted,0.0625,15,15,TATATTTGATTAACTACTAA,0,4286869
yadI_predicted,0.0625,15,15,TATATAAAGCGAATCATGCT,0,4369954
yadI_predicted,0.0625,15,15,TATAGGGTTACGAGATACAA,0,4297218
yadI_predicted,0.0625,15,15,TAGGTATTTCCAGCGAGATG,0,4307183
yadI_predicted,0.0625,15,15,TAGGAACCAGGCAAGTTGAT,0,4325460
yadI_predicted,0.0625,15,15,TAGCCTATAAACCTTGGGAC,0,4318833
yadI_predicted,0.0625,15,15,TAGATGATGCCTTTCCGTCA,0,4322785
yadI_predicted,0.0625,15,15,TAGAGGGTTTTTGACACTGC,0,4299995
yadI_predicted,0.0625,15,15,TACTTATAGAGTGCTTGTCC,0,4328516
yadI_predicted,0.0625,15,15,TACGTTCACTACACGCTTCG,0,4289042
yadI_predicted,0.0625,15,15,TACGCTTTCAAGTCGGCCCT,0,4307470
yadI_predicted,0.0625,15,15,TACGCTACGCCATTAAGCTC,0,4353633
yadI_predicted,0.0625,15,15,TACGCCGAGGTTCGAGGACT,0,4351598
yadI_predicted,0.0625,15,15,TACAGTCTCCATGAACCGGT,0,4354245
yadI_predicted,0.0625,15,15,TAATTTTAAGCGTTGGTGTA,0,4319330
yadI_predicted,0.0625,15,15,TAAGTGGTGTATCCGGTTAG,0,4285643
yadI_predicted,0.0625,15,15,TAAGTCGCCGAGGTTACGGG,0,4296317
yadI_predicted,0.0625,15,15,TAACTTTCGAAGGTTCTTAC,0,4323876
yadI_predicted,0.0625,15,15,TAACTGATTCCAGTGTGCTA,0,4320099
yadI_predicted,0.0625,15,15,TAACCGCGATACCGTTGTTC,0,4362442
yadI_predicted,0.0625,15,15,GTTTTTGACGGCTGTTCGCG,0,4308639
yadI_predicted,0.0625,15,15,GTTTGTACCAACCAGCGACA,0,4303359
yadI_predicted,0.0625,15,15,GTTGGGTACCTGTATGTGCT,0,4327969
yadI_predicted,0.0625,15,15,GTGTTCGGTATGTATAACGG,0,4363751
yadI_predicted,0.0625,15,15,GTGGTTGTTACGCAACAAAT,0,4332951
yadI_predicted,0.0625,15,15,GTGCTCTTGGGCTTATGGCG,0,4322506
yadI_predicted,0.0625,15,15,GTGCGGGAACCAAACTATTT,0,4364450
yadI_predicted,0.0625,15,15,GTGATGCACAGCTTTGCGGT,0,4287517
yadI_predicted,0.0625,15,15,GTGATATAAAATTCAACGGG,0,4318869
yadI_predicted,0.0625,15,15,GTCGTGCATGTGATCAAACT,0,4298159
yadI_predicted,0.0625,15,15,GTCGGCAGATACAAAGGGAG,0,4366567
yadI_predicted,0.0625,15,15,GTCCTTTTCCCAGGGACTGC,0,4295142
yadI_predicted,0.0625,15,15,GTCCTCCTGTGGCCATAGAT,0,4355558
yadI_predicted,0.0625,15,15,GTCCGGCTGAATCACCCTTC,0,4302773
yadI_predicted,0.0625,15,15,GTCCAAGTGACCCCCTCGCC,0,4297798
yadI_predicted,0.0625,15,15,GTCACACTCCTATAGCAACG,0,4324880
yadI_predicted,0.0625,15,15,GTATTACTACACCGATATAG,0,4319961
yadI_predicted,0.0625,15,15,GTATGCGTAACGAGCAAACA,0,4347859
yadI_predicted,0.0625,15,15,GTAGATAACACTTTGTATCA,0,4360005
yadI_predicted,0.0625,15,15,GTAGAGTGGGTCCTCGCTAA,0,4356064
yadI_predicted,0.0625,15,15,GTACGTGCAGAGTGCTGCCA,0,4355683
yadI_predicted,0.0625,15,15,GTACACGAATTGCCTCGCGC,0,4324397
yadI_predicted,0.0625,15,15,GTAATGGCGGAGACACGTTG,0,4324664
yadI_predicted,0.0625,15,15,GTAAGGCCTTATGGTCGGTC,0,4356305
yadI_predicted,0.0625,15,15,GTAACGTAGGATGCATGATT,0,4285290
yadI_predicted,0.0625,15,15,GTAAAGACTTCGCAATGGTT,0,4354224
yadI_predicted,0.0625,15,15,GGTTTTCGCCCCAAGTTTTG,0,4362761
yadI_predicted,0.0625,15,15,GGTTATCGGGAGAGCGTAGA,0,4342253
yadI_predicted,0.0625,15,15,GGTTAATTAAGGACTTGCAA,0,4345510
yadI_predicted,0.0625,15,15,GGTGCGAGATTAACTCTAGG,0,4330507
yadI_predicted,0.0625,15,15,GGTCAGTGTGGCCCCGCAGT,0,4305823
yadI_predicted,0.0625,15,15,GGTCAAAACTACTCGTGCTC,0,4352815
yadI_predicted,0.0625,15,15,GGGTGTTTTTACATTAGTAG,0,4325884
yadI_predicted,0.0625,15,15,GGGTCGGAGTCTACAGGTGA,0,4350877
yadI_predicted,0.0625,15,15,GGGTCATCGGAAATCTGGCA,0,4346520
yadI_predicted,0.0625,15,15,GGGGGTTTCTAGTAAAGGGA,0,4364682
yadI_predicted,0.0625,15,15,GGGGGAGACCCTAACGTAAC,0,4335059
yadI_predicted,0.0625,15,15,GGGCTATTCGACAGTGCCTA,0,4288886
yadI_predicted,0.0625,15,15,GGGCGAGAGTCATAAGCTAA,0,4313866
yadI_predicted,0.0625,15,15,GGGATTGTCCCTTCTTTAGC,0,4328347
yadI_predicted,0.0625,15,15,GGGAGGACAATGTGTACCCA,0,4302592
yadI_predicted,0.0625,15,15,GGCTAGATGGCACTAGCTGT,0,4292925
yadI_predicted,0.0625,15,15,GGCGCCCAAAGTAAACTCGG,0,4338870
yadI_predicted,0.0625,15,15,GGCACTCCCACGTAGCGCCT,0,4312040
yadI_predicted,0.0625,15,15,GGCAAGGGCGCAACTGTCAT,0,4369794
yadI_predicted,0.0625,15,15,GGATCTAGGTCAATTCCTTA,0,4350162
yadI_predicted,0.0625,15,15,GGATCAGGCGACCTGATGTA,0,4356082
yadI_predicted,0.0625,15,15,GGAGGCTAGAGCCAAAGGGT,0,4304475
yadI_predicted,0.0625,15,15,GGACCTTCTCTACCGACTTG,0,4301529
yadI_predicted,0.0625,15,15,GGAATAAGGAGATTTAGGCT,0,4291905
yadI_predicted,0.0625,15,15,GGAAAACCACGATGATTGCG,0,4289249
yadI_predicted,0.0625,15,15,GCTTGTGGTAGATTAGATTC,0,4345808
yadI_predicted,0.0625,15,15,GCTTAGTCTAATAAACGCGC,0,4288084
yadI_predicted,0.0625,15,15,GCTCCGTCTGGCCAGAGGAC,0,4322936
yadI_predicted,0.0625,15,15,GCGTGGCCTCAGCCCCTTGT,0,4321933
yadI_predicted,0.0625,15,15,GCGGTCCTGACCGGAGTTCC,0,4351257
yadI_predicted,0.0625,15,15,GCGGGTTTGGGTAATGGGGA,0,4347830
yadI_predicted,0.0625,15,15,GCGGGCCATTGGTAATGACC,0,4356559
yadI_predicted,0.0625,15,15,GCGCGTGGGATCGGTATCTC,0,4364259
yadI_predicted,0.0625,15,15,GCGCCTTTTGGATTTTAGCT,0,4340232
yadI_predicted,0.0625,15,15,GCGATCTAAGAGTTGCCGCG,0,4309635
yadI_predicted,0.0625,15,15,GCCGCTGATCAAGCACAACA,0,4331974
yadI_predicted,0.0625,15,15,GCATTTCCGCAAAATGGTAT,0,4289038
yadI_predicted,0.0625,15,15,GCATCGGCGGCGGATGCATC,0,4362854
yadI_predicted,0.0625,15,15,GCATAGCATTACACATCCGT,0,4311794
yadI_predicted,0.0625,15,15,GCAGGGTAGAATGATCCCGC,0,4359993
yadI_predicted,0.0625,15,15,GCAGCCTGCTCCCGCGGACC,0,4316932
yadI_predicted,0.0625,15,15,GCAGATGAGGGCGCGAGAAT,0,4318615
yadI_predicted,0.0625,15,15,GCACGTGTACATCTCTTTTG,0,4317754
yadI_predicted,0.0625,15,15,GCACCCAGATATGTAAATAA,0,4367419
yadI_predicted,0.0625,15,15,GATTTTGTCGCAGCTCATGC,0,4307694
yadI_predicted,0.0625,15,15,GATTGATAACGTATGAGAAG,0,4297407
yadI_predicted,0.0625,15,15,GATTGAAACAGAGGGAGCTG,0,4329773
yadI_predicted,0.0625,15,15,GATGTTAAAGGAATGTGGAA,0,4365721
yadI_predicted,0.0625,15,15,GATGGTCGGGGGACAAAAAG,0,4359299
yadI_predicted,0.0625,15,15,GATCCGGTATGACCTCCTGG,0,4339565
yadI_predicted,0.0625,15,15,GATCACGGATCCGGTTGGCC,0,4302825
yadI_predicted,0.0625,15,15,GATATGGTTCGTAATATTTG,0,4286872
yadI_predicted,0.0625,15,15,GATATCGCTGGGACCACGTC,0,4308308
yadI_predicted,0.0625,15,15,GAGTGAGTGACGAACCATGT,0,4354659
yadI_predicted,0.0625,15,15,GAGGGTTATGCAACCTGGGA,0,4362452
yadI_predicted,0.0625,15,15,GAGGATGACCCTCGTTAAAA,0,4285644
yadI_predicted,0.0625,15,15,GAGCTATTCTACGTTTTCTT,0,4288724
yadI_predicted,0.0625,15,15,GAGATGCTCTGCGTATCTCT,0,4366899
yadI_predicted,0.0625,15,15,GAGACATCGTAGACTGGGAG,0,4367396
yadI_predicted,0.0625,15,15,GACGCGTCTTTTAAGTTTAT,0,4348982
yadI_predicted,0.0625,15,15,GACGCGCCGGACCATCTGAA,0,4325596
yadI_predicted,0.0625,15,15,GACCGTGTTTATTCTCTTCG,0,4329974
yadI_predicted,0.0625,15,15,GACCCATCCCAAAGGATGTG,0,4353951
yadI_predicted,0.0625,15,15,GAATTCCGCGTACTACACAC,0,4337655
yadI_predicted,0.0625,15,15,GAAGGCGTAGCTAGTCGCTC,0,4334593
yadI_predicted,0.0625,15,15,GAACAGGCCAACGGGCGATC,0,4319129
yadI_predicted,0.0625,15,15,CTTTGGTCGTCAACGGGCCA,0,4330055
yadI_predicted,0.0625,15,15,CTTGGTCATCTCGTACTCTA,0,4307616
yadI_predicted,0.0625,15,15,CTTGCCGCCTACGCACTTGG,0,4300253
yadI_predicted,0.0625,15,15,CTTACACGCGCAATAAGTTC,0,4313795
yadI_predicted,0.0625,15,15,CTTAACGGAAGTGTCGCAGA,0,4295502
yadI_predicted,0.0625,15,15,CTGGAAGGGTAGCGTGGGGA,0,4355110
yadI_predicted,0.0625,15,15,CTGCCACATGGGGATAGCGC,0,4285281
yadI_predicted,0.0625,15,15,CTGCAATCCCGCAACCCCGA,0,4325164
yadI_predicted,0.0625,15,15,CTCGTGACCTCCGTGTTCAT,0,4308931
yadI_predicted,0.0625,15,15,CTCCTGCTCGACATGTTCCC,0,4294499
yadI_predicted,0.0625,15,15,CTCCAATGGGACACGTTGTA,0,4364874
yadI_predicted,0.0625,15,15,CTCAATTTATGCCAGCTGCT,0,4356499
yadI_predicted,0.0625,15,15,CTATGAGCGGGTGGATTGCG,0,4333082
yadI_predicted,0.0625,15,15,CTAGTTTAGCGATCTCTTGC,0,4356699
yadI_predicted,0.0625,15,15,CTAGATAGGTTCAGCGGCAT,0,4348491
yadI_predicted,0.0625,15,15,CTACTACCATGTCATGCACT,0,4369424
yadI_predicted,0.0625,15,15,CTACCACATCTTACTCAGGC,0,4305063
yadI_predicted,0.0625,15,15,CTACAGTTAAACGTGAACAT,0,4323678
yadI_predicted,0.0625,15,15,CTACAGTCGGGGTGTATGCT,0,4297622
yadI_predicted,0.0625,15,15,CTAATATCACACTTAAACAT,0,4341710
yadI_predicted,0.0625,15,15,CTAACTACTCGGTCCTCGAC,0,4343271
yadI_predicted,0.0625,15,15,CGTTCATCGTGGTTTATTGG,0,4319696
yadI_predicted,0.0625,15,15,CGTGGCGTTGGGGTAGACCC,0,4297565
yadI_predicted,0.0625,15,15,CGTGAACTCCTGGAGTCTTA,0,4295885
yadI_predicted,0.0625,15,15,CGTCCATGTTTCCCGTTCAG,0,4287164
yadI_predicted,0.0625,15,15,CGTATTGTTCGTAAGTCTGG,0,4365053
yadI_predicted,0.0625,15,15,CGGTCTTACCCATCGCGATA,0,4296767
yadI_predicted,0.0625,15,15,CGGGTACACACTGGTGGTTT,0,4307792
yadI_predicted,0.0625,15,15,CGGGAACGGCCCTACCCTGG,0,4288378
yadI_predicted,0.0625,15,15,CGGCTTTAGTATGGTGACTA,0,4326893
yadI_predicted,0.0625,15,15,CGGCGTGTGCCCCGAACATA,0,4355179
yadI_predicted,0.0625,15,15,CGGCAGCAGCTCAATGATTG,0,4362752
yadI_predicted,0.0625,15,15,CGGAGGTGTTTGCTCGAAGC,0,4347344
yadI_predicted,0.0625,15,15,CGGAGCCTTTGAAATCGCCA,0,4303413
yadI_predicted,0.0625,15,15,CGCTAAGTTCGGGTGTGGGA,0,4307163
yadI_predicted,0.0625,15,15,CGCGTTACGTACCGGCTCAC,0,4308266
yadI_predicted,0.0625,15,15,CGCCTAGGGTCCGCATGGCT,0,4355513
yadI_predicted,0.0625,15,15,CGCCGAGTACTAGACTTCGC,0,4368508
yadI_predicted,0.0625,15,15,CGCCACGCTCTTGGGTTTCT,0,4363546
yadI_predicted,0.0625,15,15,CGCAGTTTCACTGAAGATGT,0,4308117
yadI_predicted,0.0625,15,15,CGCAATTCATATCGAATTAG,0,4299731
yadI_predicted,0.0625,15,15,CGCAAGGGGAGTTCGTCAGC,0,4295359
yadI_predicted,0.0625,15,15,CGATCTTATGGTGAAGTTAC,0,4335880
yadI_predicted,0.0625,15,15,CGAGTAATCAATGCTCCATT,0,4304091
yadI_predicted,0.0625,15,15,CGAGGTTGGCACTGTCGGCC,0,4342735
yadI_predicted,0.0625,15,15,CGACATCACCAGGGGAAGTC,0,4352560
yadI_predicted,0.0625,15,15,CGAATGGTCGCTCCCCGATC,0,4342500
yadI_predicted,0.0625,15,15,CGAAGTTACACGTCTATGCC,0,4322034
yadI_predicted,0.0625,15,15,CCTTTGGCCCTCCCGCGGAA,0,4357942
yadI_predicted,0.0625,15,15,CCTTGCTGCATCTACGCCTA,0,4295521
yadI_predicted,0.0625,15,15,CCTGGGGGTGGAGGATTGAA,0,4358067
yadI_predicted,0.0625,15,15,CCTGACATTATACATGAAAA,0,4365328
yadI_predicted,0.0625,15,15,CCTCTCCTGGTCACTGTACA,0,4317279
yadI_predicted,0.0625,15,15,CCTATATCCCTGTTCACTCA,0,4324872
yadI_predicted,0.0625,15,15,CCTAAGTTGACCTGAAACAA,0,4356071
yadI_predicted,0.0625,15,15,CCTAACACTGGAGGGGGTAA,0,4292569
yadI_predicted,0.0625,15,15,CCGTGAGCCGAGGTGGTGGA,0,4368647
yadI_predicted,0.0625,15,15,CCGTCCGCGTCGTGTAGTCT,0,4364812
yadI_predicted,0.0625,15,15,CCGGTCAAAAGATTGCGTCG,0,4362560
yadI_predicted,0.0625,15,15,CCGCCAGGGGTTCACAGAAA,0,4299419
yadI_predicted,0.0625,15,15,CCGAGTTTCCTATCACACGT,0,4352939
yadI_predicted,0.0625,15,15,CCGACATACGGGCAAAGTGC,0,4339298
yadI_predicted,0.0625,15,15,CCGACACAGACAAGCCCCGG,0,4322080
yadI_predicted,0.0625,15,15,CCCTCGTTGACCGGCTTGTC,0,4369202
yadI_predicted,0.0625,15,15,CCCGCCGTTATCAGCGGGCA,0,4325967
yadI_predicted,0.0625,15,15,CCCGACTGGTGATTCGCCTC,0,4351607
yadI_predicted,0.0625,15,15,CCCCGCCCTGGGGCAGCGTC,0,4355012
yadI_predicted,0.0625,15,15,CCCACTCGCGCAGTCTGAAG,0,4347838
yadI_predicted,0.0625,15,15,CCCACACGGCCTCGCCCTCT,0,4298953
yadI_predicted,0.0625,15,15,CCAGGGCCGAGAGGTCCGTT,0,4302450
yadI_predicted,0.0625,15,15,CCACTTGCGTGGAACCATTA,0,4321657
yadI_predicted,0.0625,15,15,CCACTAGGGTCATTTGTCCC,0,4288780
yadI_predicted,0.0625,15,15,CCACGGGGGAACCGATGTTA,0,4332082
yadI_predicted,0.0625,15,15,CCACCTACCCGGTGAATGCA,0,4336908
yadI_predicted,0.0625,15,15,CCACCGAACTTTTACTGGGT,0,4320151
yadI_predicted,0.0625,15,15,CCACACCGTATTTTCATCGG,0,4297051
yadI_predicted,0.0625,15,15,CCAATGGTAGTTATTGTTTA,0,4324898
yadI_predicted,0.0625,15,15,CCAATGGACTAATTTGACAG,0,4357778
yadI_predicted,0.0625,15,15,CCAAGTGGATAAGAATCTCT,0,4314925
yadI_predicted,0.0625,15,15,CATTTTACCTATCAGAATAT,0,4284195
yadI_predicted,0.0625,15,15,CATGAGCGTCAATAATTGAT,0,4302602
yadI_predicted,0.0625,15,15,CATCGCGCAGAATTGAATCT,0,4361181
yadI_predicted,0.0625,15,15,CATATTTGTTGCAACGTGAC,0,4345565
yadI_predicted,0.0625,15,15,CATAGTCGATTCGCGAACAC,0,4309968
yadI_predicted,0.0625,15,15,CATAAATCCCCATGCGCGCC,0,4304412
yadI_predicted,0.0625,15,15,CAGTCCGCGCTTAACAAAAC,0,4323894
yadI_predicted,0.0625,15,15,CAGCTTGGGAGTTTCTGGTG,0,4305071
yadI_predicted,0.0625,15,15,CAGCACCGTTCGACTAAAGT,0,4328447
yadI_predicted,0.0625,15,15,CACTCCCCCTAAGATTATGG,0,4309433
yadI_predicted,0.0625,15,15,CACTAGAGTTCACGTCTCAC,0,4284811
yadI_predicted,0.0625,15,15,CACGAGGGGTCGCGTTTACC,0,4286469
yadI_predicted,0.0625,15,15,CACAGTTTGTGGTCCAGGCA,0,4359427
yadI_predicted,0.0625,15,15,CACAGCTGTCCCGCCACGCT,0,4332039
yadI_predicted,0.0625,15,15,CACAACCATAGGAAGTGGAC,0,4357875
yadI_predicted,0.0625,15,15,CAATGCTTTACGCGCGTGCG,0,4332038
yadI_predicted,0.0625,15,15,CAATGCCCGCAGTGCACGGG,0,4319271
yadI_predicted,0.0625,15,15,CAAGACGATGGTTACGTGGA,0,4305921
yadI_predicted,0.0625,15,15,CAAACGCGACTTGACCGTAT,0,4354993
yadI_predicted,0.0625,15,15,ATTTGTCTGGTAGAAAGGTT,0,4285505
yadI_predicted,0.0625,15,15,ATTTCTTCGAGCAAAGAATG,0,4306749
yadI_predicted,0.0625,15,15,ATTTATGAATTGGTTGGCGT,0,4293419
yadI_predicted,0.0625,15,15,ATTCTTTAGAAAACTGAGGT,0,4368446
yadI_predicted,0.0625,15,15,ATTAGTTAGTCCGCGCCAGT,0,4337463
yadI_predicted,0.0625,15,15,ATTACGGCACAGCGTCTCAA,0,4316712
yadI_predicted,0.0625,15,15,ATTAAGTACGTTTTGAAGCC,0,4365849
yadI_predicted,0.0625,15,15,ATGTTTTCAGGAGCAGTGCT,0,4355766
yadI_predicted,0.0625,15,15,ATGTTCTCTCATGTCACAAG,0,4332551
yadI_predicted,0.0625,15,15,ATGTGGGGTAAAATAGCTTA,0,4286373
yadI_predicted,0.0625,15,15,ATGGTGGCTCTTTTTAAGAA,0,4359482
yadI_predicted,0.0625,15,15,ATGGGCCAATTAGCCCTATA,0,4323616
yadI_predicted,0.0625,15,15,ATGCTTTCCAAGTACTCCTG,0,4343150
yadI_predicted,0.0625,15,15,ATGCTATGGGGACGAGGATA,0,4351077
yadI_predicted,0.0625,15,15,ATGCCTGGATAAATTGTAGA,0,4326205
yadI_predicted,0.0625,15,15,ATGAGTTCTTATCAGCTGGG,0,4287899
yadI_predicted,0.0625,15,15,ATGAGTTACTCTACGTAAAT,0,4294371
yadI_predicted,0.0625,15,15,ATGAAGCCAGCACTGGTTAG,0,4315608
yadI_predicted,0.0625,15,15,ATCTAATAAACTATACCCGA,0,4341007
yadI_predicted,0.0625,15,15,ATCGTCAGAGGGACGAGGGG,0,4335269
yadI_predicted,0.0625,15,15,ATCGAGAGGAACTTCCAGTT,0,4287996
yadI_predicted,0.0625,15,15,ATCCATCAACCACCGCTCAC,0,4298795
yadI_predicted,0.0625,15,15,ATCATGCCCAGGATCACTGA,0,4304123
yadI_predicted,0.0625,15,15,ATCAGGCAAAGTACTACGGT,0,4319316
yadI_predicted,0.0625,15,15,ATCAAGGCGGTTGTTACGTT,0,4315909
yadI_predicted,0.0625,15,15,ATATTGACTTCTGCCATCAA,0,4349518
yadI_predicted,0.0625,15,15,ATATCTTACGAAACCCTGTT,0,4292757
yadI_predicted,0.0625,15,15,ATAGGGTCGTTTATACGGAA,0,4286850
yadI_predicted,0.0625,15,15,ATAGGAACGCGTCAATTGTA,0,4331131
yadI_predicted,0.0625,15,15,AGTTGTAACGGAAAGTTTTT,0,4338994
yadI_predicted,0.0625,15,15,AGTTAAGTTATACAGACACG,0,4310592
yadI_predicted,0.0625,15,15,AGTGTACATGAGTCATACTG,0,4368624
yadI_predicted,0.0625,15,15,AGTCGTACGGGGACCTCTGG,0,4310725
yadI_predicted,0.0625,15,15,AGTCGATCACGTCACCCTTT,0,4343194
yadI_predicted,0.0625,15,15,AGTATGGCGCGCCAAAATTT,0,4357054
yadI_predicted,0.0625,15,15,AGTATCGTTACCTTGAAATG,0,4314422
yadI_predicted,0.0625,15,15,AGTACGCTATAGGATTACGT,0,4350970
yadI_predicted,0.0625,15,15,AGGTTCCCGATCCCTTCGAT,0,4312394
yadI_predicted,0.0625,15,15,AGGTCCGGTACATCTTAGAC,0,4329115
yadI_predicted,0.0625,15,15,AGGCGAATGTGTTCACGCAG,0,4323228
yadI_predicted,0.0625,15,15,AGGACATGGGTTGAAGAGAA,0,4336544
yadI_predicted,0.0625,15,15,AGCTCGCCTCATCAGACAGT,0,4344097
yadI_predicted,0.0625,15,15,AGCTATTCCTCTCATCTTAC,0,4316801
yadI_predicted,0.0625,15,15,AGCCTGCTCTCGGCTCACAT,0,4309183
yadI_predicted,0.0625,15,15,AGAGCATAGATATAATTGTC,0,4341527
yadI_predicted,0.0625,15,15,AGAGAGTGATACGGCCGTAT,0,4288441
yadI_predicted,0.0625,15,15,AGACTACCCCCGGCGCGCAT,0,4329643
yadI_predicted,0.0625,15,15,AGACGAGTGCTGTAAGGGAC,0,4347861
yadI_predicted,0.0625,15,15,AGACGAGGACACTCCGGATT,0,4318245
yadI_predicted,0.0625,15,15,AGACCTTGGTTAGGCGTGGC,0,4339975
yadI_predicted,0.0625,15,15,AGAATTTTGGTCCGGTCGGC,0,4303295
yadI_predicted,0.0625,15,15,AGAATTGGGGGGTTTCATTG,0,4328658
yadI_predicted,0.0625,15,15,AGAAATTGGATTGCTGTTGT,0,4286679
yadI_predicted,0.0625,15,15,ACTTTTACTCAACTAACCTG,0,4343185
yadI_predicted,0.0625,15,15,ACTTAGAATGAGCTATCCGA,0,4285363
yadI_predicted,0.0625,15,15,ACTGGTGCGTAATATAGTGC,0,4316044
yadI_predicted,0.0625,15,15,ACTGGAATAACGGCCTCCAT,0,4309933
yadI_predicted,0.0625,15,15,ACTGATCCAGAGTATATGTC,0,4334215
yadI_predicted,0.0625,15,15,ACGTTTGATCGTCGCATTAA,0,4291804
yadI_predicted,0.0625,15,15,ACGTGGGAGGGACGTTCGCT,0,4354997
yadI_predicted,0.0625,15,15,ACGTCAAGGGCCTGGGATAC,0,4357012
yadI_predicted,0.0625,15,15,ACGGGGACTGTGTGTCGGCA,0,4351447
yadI_predicted,0.0625,15,15,ACGGAGAAACGAGCCCCCCA,0,4312896
yadI_predicted,0.0625,15,15,ACGGACACCTGTGCTGGAGT,0,4299972
yadI_predicted,0.0625,15,15,ACGGAAGTACCTCAGGCGAC,0,4292817
yadI_predicted,0.0625,15,15,ACGCTAGAGGACTCGCTTGT,0,4359992
yadI_predicted,0.0625,15,15,ACGCTACTGGGGATCGGCGT,0,4337775
yadI_predicted,0.0625,15,15,ACGCAACAATATACGCACGG,0,4361480
yadI_predicted,0.0625,15,15,ACGATGGAGTCCGGTTTGTC,0,4323739
yadI_predicted,0.0625,15,15,ACGACGGGATTGCGCCGCGC,0,4334921
yadI_predicted,0.0625,15,15,ACGACCGAACGACACCAACG,0,4334898
yadI_predicted,0.0625,15,15,ACCTGTACATGCATGGATTA,0,4315445
yadI_predicted,0.0625,15,15,ACCGGGCTTCTTGGGAGGAC,0,4324146
yadI_predicted,0.0625,15,15,ACCGGATAGCCTTATGACGA,0,4332293
yadI_predicted,0.0625,15,15,ACCCTATCAGCTGGTAAGAC,0,4324218
yadI_predicted,0.0625,15,15,ACATTGATATCAGTTTTGGT,0,4366283
yadI_predicted,0.0625,15,15,ACATCGAGACCTTCAACAAT,0,4298927
yadI_predicted,0.0625,15,15,ACAGGTTTGCAAGAACCACA,0,4352806
yadI_predicted,0.0625,15,15,ACAGCGTCGAAAAATTCTTC,0,4355688
yadI_predicted,0.0625,15,15,ACAATCGGGATTGAAGCCGA,0,4285384
yadI_predicted,0.0625,15,15,AATTTGGGTCCTCGCCCTCG,0,4351707
yadI_predicted,0.0625,15,15,AATTTACTGTCCCTTAAAAA,0,4369667
yadI_predicted,0.0625,15,15,AATTCAATTGGTTTAGGTAA,0,4357777
yadI_predicted,0.0625,15,15,AATGTGCGGGCTGAGGTATA,0,4357998
yadI_predicted,0.0625,15,15,AATCGTGGAACGTATATCCG,0,4345855
yadI_predicted,0.0625,15,15,AATACACTAAAGTCCGTTGG,0,4293424
yadI_predicted,0.0625,15,15,AAGTGGGAGGGCTTAGTGTT,0,4327470
yadI_predicted,0.0625,15,15,AAGTCGCCGATATGTTTTTC,0,4284917
yadI_predicted,0.0625,15,15,AAGTCATGCGTTCATTGAAG,0,4311435
yadI_predicted,0.0625,15,15,AAGTACGTAGCCGATCACAG,0,4308815
yadI_predicted,0.0625,15,15,AAGTAAGCTAGTGGATGCAG,0,4332456
yadI_predicted,0.0625,15,15,AAGGGAGGGTATGACACGTA,0,4317199
yadI_predicted,0.0625,15,15,AAGCTCACCACTTAGACATG,0,4334282
yadI_predicted,0.0625,15,15,AAGATTGAGTCAGGTAGTGG,0,4310830
yadI_predicted,0.0625,15,15,AAGAGAAAAAGGAACACTCA,0,4345259
yadI_predicted,0.0625,15,15,AACTAGAGGGTCTAGTCAGC,0,4344212
yadI_predicted,0.0625,15,15,AACGCATGGAATTACGCTGA,0,4343860
yadI_predicted,0.0625,15,15,AACCGCCACGTTGGGAACGA,0,4353464
yadI_predicted,0.0625,15,15,AACACAAGTCGGAGATTTGA,0,4310953
yadI_predicted,0.0625,15,15,AACAATTTTCAGCGTTACCA,0,4334659
yadI_predicted,0.0625,15,15,AAATCTTGTTAACAGGTAGC,0,4318373
yadI_predicted,0.0625,15,15,AAAGTTGGCTAGAGTACCCG,0,4308528
yadI_predicted,0.0625,15,15,AAAGGCAGGAAGAACGTTTA,0,4320299
yadI_predicted,0.0625,15,15,AAAGATGTTATACTGGCCTA,0,4351701
yadI_predicted,0.0625,15,15,AAACTTTGGTACTCGCCATC,0,4293562
yadI_predicted,0.0625,15,15,AAACTCTGATTAGCTTGCCT,0,4295464
yadI_predicted,0.0625,15,15,AAACGTGGATTTTCACCGGT,0,4316799
yadI_predicted,0.0625,15,15,AAACCGTTGTACAACCGACA,0,4306628
yadI_predicted,0.0625,15,15,AAAAATTTTGTCATACATCC,0,4321756
yadI_predicted,0.0625,15,15,AAAAACGCCGACTGCATTAA,0,4323223
yadI_predicted,0.06666666666666667,14,14,TTTTCAACCATTCAGTTTGA,0,4356572
yadI_predicted,0.06666666666666667,14,14,TTTCGAGGGCATAATCGGAC,0,4315162
yadI_predicted,0.06666666666666667,14,14,TTTCCGGTAAATAGGCAGCA,0,4327902
yadI_predicted,0.06666666666666667,14,14,TTTACCGCGAGTAGAACTCA,0,4295424
yadI_predicted,0.06666666666666667,14,14,TTGTTAGCTCACACCTGTCC,0,4361625
yadI_predicted,0.06666666666666667,14,14,TTGTGTCGCCTAGGGCTCCA,0,4367259
yadI_predicted,0.06666666666666667,14,14,TTGTGTATGCCTTCAAATAA,0,4329839
yadI_predicted,0.06666666666666667,14,14,TTGGTATATCTTGGTGTTCG,0,4311706
yadI_predicted,0.06666666666666667,14,14,TTGCTGCAGCCAGCATGCCA,0,4320657
yadI_predicted,0.06666666666666667,14,14,TTGCCGATCGCTCTTCGGGA,0,4312682
yadI_predicted,0.06666666666666667,14,14,TTGCAATCGCGCTAGGGCGG,0,4305302
yadI_predicted,0.06666666666666667,14,14,TTGATCTGTGTGAAATTATA,0,4336370
yadI_predicted,0.06666666666666667,14,14,TTCTCTTTCGGGAAGTAGAA,0,4299754
yadI_predicted,0.06666666666666667,14,14,TTCTCGTGGGCTTTAGTGCT,0,4312676
yadI_predicted,0.06666666666666667,14,14,TTCGTCGTTTTTCGCCTGTA,0,4331297
yadI_predicted,0.06666666666666667,14,14,TTCGCACACGAATTTGAAAT,0,4362866
yadI_predicted,0.06666666666666667,14,14,TTCCCAAAACGCGTGGGGCA,0,4301330
yadI_predicted,0.06666666666666667,14,14,TTATTTCATTGCCACGGCCA,0,4355617
yadI_predicted,0.06666666666666667,14,14,TTATGGGGCAGCCGATTCTG,0,4344748
yadI_predicted,0.06666666666666667,14,14,TTATCACGGTATCCGCTAGG,0,4364807
yadI_predicted,0.06666666666666667,14,14,TTAGGGTTTGGGTGGCACGC,0,4329669
yadI_predicted,0.06666666666666667,14,14,TTACGCATCGTACAACCAGG,0,4313423
yadI_predicted,0.06666666666666667,14,14,TTACGAGAGTGGGCAGACAC,0,4339093
yadI_predicted,0.06666666666666667,14,14,TTAATTTGGGGTTAGGGGTT,0,4356463
yadI_predicted,0.06666666666666667,14,14,TTAACACCAAGTTTTAGCTA,0,4357026
yadI_predicted,0.06666666666666667,14,14,TGTATAATTAGGCAATTTTG,0,4318315
yadI_predicted,0.06666666666666667,14,14,TGTACCCCAACCTGTTAGGC,0,4342689
yadI_predicted,0.06666666666666667,14,14,TGTAACGTAAGGGAGAAATT,0,4299610
yadI_predicted,0.06666666666666667,14,14,TGGTCCCGTGCCGTTCAGGA,0,4333639
yadI_predicted,0.06666666666666667,14,14,TGGTCATATTGAAACATCGG,0,4329345
yadI_predicted,0.06666666666666667,14,14,TGGGTCTAGTCGCTAACAAT,0,4299688
yadI_predicted,0.06666666666666667,14,14,TGGCGTGCGGCGGCAGAATC,0,4363517
yadI_predicted,0.06666666666666667,14,14,TGGCGTACCGCGGCGCCCCC,0,4345847
yadI_predicted,0.06666666666666667,14,14,TGGCACGGAATAAGACCCTC,0,4311650
yadI_predicted,0.06666666666666667,14,14,TGGAACTCTACGCTAACCAG,0,4335732
yadI_predicted,0.06666666666666667,14,14,TGCTCATTTGGATGATGTCG,0,4298313
yadI_predicted,0.06666666666666667,14,14,TGCATCCTCACTTCTTACGA,0,4347491
yadI_predicted,0.06666666666666667,14,14,TGATCGGGAAGCCCAACTAT,0,4358625
yadI_predicted,0.06666666666666667,14,14,TGATAACTGTGGAGTCTCGT,0,4328386
yadI_predicted,0.06666666666666667,14,14,TGACTCTCGGCATGGAACTT,0,4341031
yadI_predicted,0.06666666666666667,14,14,TCTGTGTCTAGCCCTGGTAA,0,4321093
yadI_predicted,0.06666666666666667,14,14,TCTGTCAGCATAGTTGAAAC,0,4340193
yadI_predicted,0.06666666666666667,14,14,TCTCACGGCGTAGTAAACTC,0,4348293
yadI_predicted,0.06666666666666667,14,14,TCTATCGAGGGTTACGCCGG,0,4359151
yadI_predicted,0.06666666666666667,14,14,TCGTCCCTTATTGTAAGAAT,0,4304095
yadI_predicted,0.06666666666666667,14,14,TCGACGTCCCACGCTCTCCC,0,4305299
yadI_predicted,0.06666666666666667,14,14,TCCTTGAAGCCAAAAACGGT,0,4352246
yadI_predicted,0.06666666666666667,14,14,TCCTTAACATATGACAATGA,0,4369909
yadI_predicted,0.06666666666666667,14,14,TCCTAGTTCCCCCAAGGTGT,0,4334520
yadI_predicted,0.06666666666666667,14,14,TCCGTTGGGGTCTCGCCCCA,0,4358681
yadI_predicted,0.06666666666666667,14,14,TCCGGATGTGCGTGTGACAG,0,4362536
yadI_predicted,0.06666666666666667,14,14,TCCCATGCAAGCACCGGATT,0,4298417
yadI_predicted,0.06666666666666667,14,14,TCCCATCCAGTTTTTAGTAG,0,4332504
yadI_predicted,0.06666666666666667,14,14,TCCCACTGGGTAACCAGAGG,0,4365309
yadI_predicted,0.06666666666666667,14,14,TCCCACTACACTGTCAAATG,0,4347002
yadI_predicted,0.06666666666666667,14,14,TCCCAAACCACTGGGTCAAT,0,4364319
yadI_predicted,0.06666666666666667,14,14,TCCATCCCTGGGAAGTTCTA,0,4335682
yadI_predicted,0.06666666666666667,14,14,TCATCTGACGAACCACGAAA,0,4318003
yadI_predicted,0.06666666666666667,14,14,TCATCAGAGATGTTTGTGTT,0,4304616
yadI_predicted,0.06666666666666667,14,14,TCAGTGAATTAGGCGATGGC,0,4353029
yadI_predicted,0.06666666666666667,14,14,TCAGCGGGGAAGGCCTGGTA,0,4285168
yadI_predicted,0.06666666666666667,14,14,TCAGATATGAGGGGTGAGCA,0,4305812
yadI_predicted,0.06666666666666667,14,14,TCAAGTGCGGGACGCCTCGC,0,4332781
yadI_predicted,0.06666666666666667,14,14,TATTAACTGTTTGTAATAAC,0,4285277
yadI_predicted,0.06666666666666667,14,14,TATGGGCCAAGTATTATCAG,0,4351210
yadI_predicted,0.06666666666666667,14,14,TATCTCAACCCAGAAGTGAT,0,4310074
yadI_predicted,0.06666666666666667,14,14,TATCTAATAACAGGGGATGG,0,4368483
yadI_predicted,0.06666666666666667,14,14,TATCGTATCTGTCGGATACA,0,4324830
yadI_predicted,0.06666666666666667,14,14,TATCGCTCCGCGTTTATTAA,0,4295956
yadI_predicted,0.06666666666666667,14,14,TATCAGGGTGCTAGTCCACT,0,4320436
yadI_predicted,0.06666666666666667,14,14,TATAAACATTGCTATAACAC,0,4350394
yadI_predicted,0.06666666666666667,14,14,TAGGGCGGGGAAGCGACGGG,0,4360685
yadI_predicted,0.06666666666666667,14,14,TAGGGCCGCTAGGGTTCAGG,0,4332070
yadI_predicted,0.06666666666666667,14,14,TAGGGATTTAGAGCTCAAAG,0,4366524
yadI_predicted,0.06666666666666667,14,14,TAGGCTCCCGCACATTAGAA,0,4285121
yadI_predicted,0.06666666666666667,14,14,TAGCTGAGATATAATCCCCT,0,4357958
yadI_predicted,0.06666666666666667,14,14,TAGATGCGAGCACCGCATCG,0,4340024
yadI_predicted,0.06666666666666667,14,14,TACTACCCCTATATGACTTA,0,4343054
yadI_predicted,0.06666666666666667,14,14,TACTAAGGCGTTGCTAACGG,0,4294716
yadI_predicted,0.06666666666666667,14,14,TACGGCAATTGTGCTGTGTA,0,4353697
yadI_predicted,0.06666666666666667,14,14,TACGGAAAGCAGTGCTACTC,0,4291401
yadI_predicted,0.06666666666666667,14,14,TACGCACTGGCAGTCCCAAT,0,4345977
yadI_predicted,0.06666666666666667,14,14,TACCTCGTCATTGCAAGGTG,0,4295110
yadI_predicted,0.06666666666666667,14,14,TAATGGAAAATATTTGCGCC,0,4349575
yadI_predicted,0.06666666666666667,14,14,TAATCTATACGCTTATACGT,0,4306051
yadI_predicted,0.06666666666666667,14,14,TAAGGAGCATACAATGGTCT,0,4319478
yadI_predicted,0.06666666666666667,14,14,TAAGCGTGCCAAAAAAGGTC,0,4320968
yadI_predicted,0.06666666666666667,14,14,TAACGACGGGCTTAAAACTC,0,4361382
yadI_predicted,0.06666666666666667,14,14,TAACCCTGAACCTCACAGAC,0,4296311
yadI_predicted,0.06666666666666667,14,14,TAACAGTTCCGGACATAAGC,0,4304219
yadI_predicted,0.06666666666666667,14,14,TAAATGCGAAAATTATTACA,0,4309726
yadI_predicted,0.06666666666666667,14,14,GTTTGTCGAGTTCCGCCGTA,0,4319561
yadI_predicted,0.06666666666666667,14,14,GTTGTAGGCGGGTAGCCGAA,0,4315446
yadI_predicted,0.06666666666666667,14,14,GTTCCGGTCTAGGGTTAAGG,0,4350274
yadI_predicted,0.06666666666666667,14,14,GTTCAGCGGTCACCCACCCC,0,4311408
yadI_predicted,0.06666666666666667,14,14,GTTCACCTTTATGGGGGGAA,0,4330060
yadI_predicted,0.06666666666666667,14,14,GTTCAAGACAAAGATATTCA,0,4285372
yadI_predicted,0.06666666666666667,14,14,GTGTCCAGGTTACCAGTGGG,0,4290986
yadI_predicted,0.06666666666666667,14,14,GTGGTGACAGGTGCAGTCGG,0,4314885
yadI_predicted,0.06666666666666667,14,14,GTGGGAGCGGTTGGGGACGT,0,4301912
yadI_predicted,0.06666666666666667,14,14,GTGCTCGAGTCGCGGAGCAT,0,4287888
yadI_predicted,0.06666666666666667,14,14,GTGCGTAATGATATTTTATG,0,4308119
yadI_predicted,0.06666666666666667,14,14,GTGCCAGTTGATCCAGGCCC,0,4326153
yadI_predicted,0.06666666666666667,14,14,GTGCACAAGCCTTAACAGGA,0,4362729
yadI_predicted,0.06666666666666667,14,14,GTGATTCGGCTTACCCCATA,0,4368815
yadI_predicted,0.06666666666666667,14,14,GTGATGCGCCAAAAATACTT,0,4324494
yadI_predicted,0.06666666666666667,14,14,GTGATCCAGACATGCATTGC,0,4338906
yadI_predicted,0.06666666666666667,14,14,GTCCTTGTATGCTATGTTTC,0,4322937
yadI_predicted,0.06666666666666667,14,14,GTCATCTGCACACCATATAC,0,4329011
yadI_predicted,0.06666666666666667,14,14,GTCAGCTGTGTGAAGTGGCA,0,4356167
yadI_predicted,0.06666666666666667,14,14,GTCACGTGCAAGCAACAAAG,0,4320651
yadI_predicted,0.06666666666666667,14,14,GTCAAATTGTATGTGTCATT,0,4290743
yadI_predicted,0.06666666666666667,14,14,GTCAAAGTTTGTAAGGCATG,0,4336998
yadI_predicted,0.06666666666666667,14,14,GTATTGTGGCAACAGATTTG,0,4345501
yadI_predicted,0.06666666666666667,14,14,GTATGCTGGTTCTTACAGTA,0,4320312
yadI_predicted,0.06666666666666667,14,14,GTAGGCCCGTTCTTGAGCTC,0,4350296
yadI_predicted,0.06666666666666667,14,14,GTACCGACACTTCAAACGAG,0,4295217
yadI_predicted,0.06666666666666667,14,14,GTACCCGGACGGCCTGCCCG,0,4302299
yadI_predicted,0.06666666666666667,14,14,GTAAGTTCCCGTCACCCCTA,0,4331671
yadI_predicted,0.06666666666666667,14,14,GTAAAGTCATAAAGTGGCTG,0,4366679
yadI_predicted,0.06666666666666667,14,14,GGTGTCTCCCCAGCTGTTGT,0,4325862
yadI_predicted,0.06666666666666667,14,14,GGTCTTTTCAACGACGCGGA,0,4331786
yadI_predicted,0.06666666666666667,14,14,GGTCTTAAATCCTGAGTTAG,0,4364550
yadI_predicted,0.06666666666666667,14,14,GGTCGATGTGCCATGCACGA,0,4352874
yadI_predicted,0.06666666666666667,14,14,GGTAGCAATCGGAAGTGTAC,0,4333133
yadI_predicted,0.06666666666666667,14,14,GGTACGACTTCAAAACCGTC,0,4328385
yadI_predicted,0.06666666666666667,14,14,GGGTTTCTAGTGCCGCAAAT,0,4299297
yadI_predicted,0.06666666666666667,14,14,GGGTGCTCCCCCAGTTTCGC,0,4306958
yadI_predicted,0.06666666666666667,14,14,GGGTCGGGTGGTCCCGAGTG,0,4363912
yadI_predicted,0.06666666666666667,14,14,GGGGTTACCGCAAACATGGT,0,4316902
yadI_predicted,0.06666666666666667,14,14,GGGGCAGGGCTTTAGATACA,0,4304641
yadI_predicted,0.06666666666666667,14,14,GGGGAGGTCATGCTCAAACA,0,4353227
yadI_predicted,0.06666666666666667,14,14,GGGCTGCAGTAAGCCACGTA,0,4288206
yadI_predicted,0.06666666666666667,14,14,GGGCTCGAGTTAAAGAGTGG,0,4361622
yadI_predicted,0.06666666666666667,14,14,GGGCTAGGTGGTTGGAGTGG,0,4325539
yadI_predicted,0.06666666666666667,14,14,GGGCGGGTGCGGGACTCCCT,0,4317278
yadI_predicted,0.06666666666666667,14,14,GGGCGAGACGCGCCTAAGTA,0,4334954
yadI_predicted,0.06666666666666667,14,14,GGGAACTTCTGTGCCACAAA,0,4323051
yadI_predicted,0.06666666666666667,14,14,GGGAACGCTCGCCGTCTCAC,0,4361123
yadI_predicted,0.06666666666666667,14,14,GGCTGGGGGACCGCTTTACT,0,4350665
yadI_predicted,0.06666666666666667,14,14,GGCCTGGGGCGGCTATGCAG,0,4307193
yadI_predicted,0.06666666666666667,14,14,GGCCTCTCTTGACCGGTTGA,0,4321744
yadI_predicted,0.06666666666666667,14,14,GGCCGTCCTGGTGGGGGCTA,0,4348752
yadI_predicted,0.06666666666666667,14,14,GGCCGAACTCCACGCTTTCA,0,4317640
yadI_predicted,0.06666666666666667,14,14,GGCACGTTCGCGGGATCGTT,0,4354871
yadI_predicted,0.06666666666666667,14,14,GGCAAGCCCGTGGCATTGTA,0,4313533
yadI_predicted,0.06666666666666667,14,14,GGATTTTAAAGAATAGAAGG,0,4330089
yadI_predicted,0.06666666666666667,14,14,GGATGGAAATGGCGGTTATA,0,4301144
yadI_predicted,0.06666666666666667,14,14,GGATCGATTTGCGTCCCACC,0,4333125
yadI_predicted,0.06666666666666667,14,14,GGAGCGTGAGGGTGTGCCAT,0,4296690
yadI_predicted,0.06666666666666667,14,14,GGAATATATGATATCAAGGC,0,4347842
yadI_predicted,0.06666666666666667,14,14,GGAACAGAATACGGCAAAAT,0,4299554
yadI_predicted,0.06666666666666667,14,14,GGAACACTCTGTAAGGCCCC,0,4350558
yadI_predicted,0.06666666666666667,14,14,GCTTTAGGGTAGCAGTTAAA,0,4309139
yadI_predicted,0.06666666666666667,14,14,GCTTCGCTAGATGGCCGCAA,0,4322528
yadI_predicted,0.06666666666666667,14,14,GCTTCGCCTCAAATTCCTGG,0,4339424
yadI_predicted,0.06666666666666667,14,14,GCTGTCTTCCGGTCTTGGCA,0,4355845
yadI_predicted,0.06666666666666667,14,14,GCTGGTGGTCTTAGCAATGC,0,4318318
yadI_predicted,0.06666666666666667,14,14,GCTGGCTGAAGTATTGACAT,0,4365083
yadI_predicted,0.06666666666666667,14,14,GCTCGGTGTGGGGCTGACAC,0,4316127
yadI_predicted,0.06666666666666667,14,14,GCTAAGAGAATATTATTGGG,0,4299781
yadI_predicted,0.06666666666666667,14,14,GCTAACTCCTCAGAGTAATC,0,4284499
yadI_predicted,0.06666666666666667,14,14,GCGTATATATGTTCTTATGC,0,4350757
yadI_predicted,0.06666666666666667,14,14,GCGGGTCAATCAACGGTTGC,0,4338571
yadI_predicted,0.06666666666666667,14,14,GCGGCTGCACCTATGAGCTG,0,4289147
yadI_predicted,0.06666666666666667,14,14,GCGGACGTCCACTCCACATA,0,4313341
yadI_predicted,0.06666666666666667,14,14,GCGAGCTTTTATATAACCAC,0,4366430
yadI_predicted,0.06666666666666667,14,14,GCGACTTTCACAGGTTTCAT,0,4322847
yadI_predicted,0.06666666666666667,14,14,GCGAATGTCGGACAGAATAA,0,4344885
yadI_predicted,0.06666666666666667,14,14,GCGAACCGCTTTTTTGAGGG,0,4319626
yadI_predicted,0.06666666666666667,14,14,GCGAAATTTCAAATGCGTGC,0,4320973
yadI_predicted,0.06666666666666667,14,14,GCCTCTAGGCAGTTCTGACA,0,4344064
yadI_predicted,0.06666666666666667,14,14,GCCTATGGTTATTGCACCAT,0,4314323
yadI_predicted,0.06666666666666667,14,14,GCCCACGAGTCATTCTCGTC,0,4324419
yadI_predicted,0.06666666666666667,14,14,GCCAGCACGAGGAGTCTTGA,0,4328429
yadI_predicted,0.06666666666666667,14,14,GCATGGCTGTAAGACGCTTA,0,4337982
yadI_predicted,0.06666666666666667,14,14,GCATGGAATGGTTTCGTGAC,0,4329672
yadI_predicted,0.06666666666666667,14,14,GCAGTTAAGTGCTGCCAATC,0,4286870
yadI_predicted,0.06666666666666667,14,14,GCAGCCAGACCTAGCCATCC,0,4318850
yadI_predicted,0.06666666666666667,14,14,GCACTGCAACGAGTTCAACC,0,4301870
yadI_predicted,0.06666666666666667,14,14,GCACGATGTATTCGTCCGCA,0,4293251
yadI_predicted,0.06666666666666667,14,14,GCAAGTTTGATGGCCTCCAA,0,4347076
yadI_predicted,0.06666666666666667,14,14,GATTACTGCGGTTGGCATCC,0,4329472
yadI_predicted,0.06666666666666667,14,14,GATGGCGACTCCGATGCTAT,0,4311529
yadI_predicted,0.06666666666666667,14,14,GATCTGGATTAGGTAAGGAT,0,4311146
yadI_predicted,0.06666666666666667,14,14,GATCCCGTTTATGTCCGAAA,0,4318237
yadI_predicted,0.06666666666666667,14,14,GATAGGGGGAGCAGGATGCT,0,4313806
yadI_predicted,0.06666666666666667,14,14,GATAGACGCGCTTACGTAAT,0,4301822
yadI_predicted,0.06666666666666667,14,14,GATACTCACAGTCAATTGAA,0,4339096
yadI_predicted,0.06666666666666667,14,14,GAGTAGCGCGGGGTAGGCCA,0,4325178
yadI_predicted,0.06666666666666667,14,14,GAGGTGGCATATAGCTGGGG,0,4320039
yadI_predicted,0.06666666666666667,14,14,GAGGTCTTGTGACTAAACAT,0,4291898
yadI_predicted,0.06666666666666667,14,14,GAGGATGCTATTCCAACACG,0,4301544
yadI_predicted,0.06666666666666667,14,14,GAGCTCACACTAAGTGGAAC,0,4316558
yadI_predicted,0.06666666666666667,14,14,GAGATTCGGTACTGCCGTAT,0,4354246
yadI_predicted,0.06666666666666667,14,14,GAGAGAAACCGCACTGTCGA,0,4304496
yadI_predicted,0.06666666666666667,14,14,GAGAAGTTCCGAATTTATGA,0,4328952
yadI_predicted,0.06666666666666667,14,14,GACTCCATTTTAGTGGCCAA,0,4316213
yadI_predicted,0.06666666666666667,14,14,GACGGCAGCAGATTAAAACT,0,4357385
yadI_predicted,0.06666666666666667,14,14,GACGGATATAGTGTAAGTGT,0,4287850
yadI_predicted,0.06666666666666667,14,14,GACGACCCGGACCAGGATTA,0,4336016
yadI_predicted,0.06666666666666667,14,14,GACCTGTAAAAAGGCATTTA,0,4284533
yadI_predicted,0.06666666666666667,14,14,GACCAGCCTGTGAACGACGT,0,4335086
yadI_predicted,0.06666666666666667,14,14,GACAACTGCTCCACTAGCGG,0,4312386
yadI_predicted,0.06666666666666667,14,14,GAAGTCTCATGGGGGAGAGG,0,4327455
yadI_predicted,0.06666666666666667,14,14,GAACCGAGTCCGAAGGCTCC,0,4313869
yadI_predicted,0.06666666666666667,14,14,GAACAGATTAAGTTGTTGAA,0,4297958
yadI_predicted,0.06666666666666667,14,14,GAAAGGATTGTGAGTCGGAG,0,4320519
yadI_predicted,0.06666666666666667,14,14,CTTTGACTCATCTGTCGGAC,0,4346624
yadI_predicted,0.06666666666666667,14,14,CTTTATCCCACTTTTCCTTC,0,4288504
yadI_predicted,0.06666666666666667,14,14,CTTGTCCCTTACGCGGAAAT,0,4363950
yadI_predicted,0.06666666666666667,14,14,CTTGGTAGGCTGAGACTGAT,0,4300161
yadI_predicted,0.06666666666666667,14,14,CTTGGCCTAGCCCATTAACT,0,4308136
yadI_predicted,0.06666666666666667,14,14,CTTCCGACCGTGTTCTTCGT,0,4365313
yadI_predicted,0.06666666666666667,14,14,CTTCAGGACATATGGAGAAC,0,4292346
yadI_predicted,0.06666666666666667,14,14,CTTCAACCCCTGGCTGGGAC,0,4299778
yadI_predicted,0.06666666666666667,14,14,CTTAGAGTTTACTGAGAGAG,0,4326115
yadI_predicted,0.06666666666666667,14,14,CTGTCTCATTATTCAGCCGT,0,4351623
yadI_predicted,0.06666666666666667,14,14,CTGTCTAACATTCGGCGGCT,0,4321424
yadI_predicted,0.06666666666666667,14,14,CTGTCCGGGAACATAGATTT,0,4303979
yadI_predicted,0.06666666666666667,14,14,CTGTACAGGCACTGGCCGGC,0,4318219
yadI_predicted,0.06666666666666667,14,14,CTGTAACTACCAGGGGCATT,0,4287673
yadI_predicted,0.06666666666666667,14,14,CTGGTTTGATCAGGGCCGCA,0,4347251
yadI_predicted,0.06666666666666667,14,14,CTGGTCTGTAGACTTTTGGC,0,4339190
yadI_predicted,0.06666666666666667,14,14,CTGGGTATGAAAAGAGATTG,0,4350923
yadI_predicted,0.06666666666666667,14,14,CTGCTTGGCCGTAGGGTCTG,0,4305775
yadI_predicted,0.06666666666666667,14,14,CTGCGCCGCAAGTTTAGCGT,0,4298390
yadI_predicted,0.06666666666666667,14,14,CTGAGGCGCTTCACCTACAT,0,4351753
yadI_predicted,0.06666666666666667,14,14,CTGACGATTCGAAAGAGGAG,0,4365001
yadI_predicted,0.06666666666666667,14,14,CTCTGCTGACCATTCTGTCA,0,4315360
yadI_predicted,0.06666666666666667,14,14,CTCTGCGAGCTGGTAAGATG,0,4298057
yadI_predicted,0.06666666666666667,14,14,CTCTGACCACTGACGGTCAA,0,4315754
yadI_predicted,0.06666666666666667,14,14,CTCGGAGTGGTTAATTCGGT,0,4289296
yadI_predicted,0.06666666666666667,14,14,CTCACTTTAATCCTCTTCTT,0,4343989
yadI_predicted,0.06666666666666667,14,14,CTCACGAGTTACGCGCCTGT,0,4366227
yadI_predicted,0.06666666666666667,14,14,CTATCTTAAAGAGATTAGGC,0,4312591
yadI_predicted,0.06666666666666667,14,14,CTAGTGCTACGTGTTTAGCT,0,4352036
yadI_predicted,0.06666666666666667,14,14,CTAGGCTTCGGTGTACACTG,0,4357694
yadI_predicted,0.06666666666666667,14,14,CTAGATGGAGAGCTGAGCGC,0,4333142
yadI_predicted,0.06666666666666667,14,14,CTACTTCATAATGGCGGACA,0,4316617
yadI_predicted,0.06666666666666667,14,14,CTACATATTGGTATCGGTTA,0,4323164
yadI_predicted,0.06666666666666667,14,14,CTAATGTTTAGCGAGACAGT,0,4330656
yadI_predicted,0.06666666666666667,14,14,CTAAGTTGTTAAGCCTCAGA,0,4336457
yadI_predicted,0.06666666666666667,14,14,CTAACACAGCCTAGGAGTAC,0,4356912
yadI_predicted,0.06666666666666667,14,14,CGTTCGTCTAGTAATTTGTT,0,4317025
yadI_predicted,0.06666666666666667,14,14,CGTGTGAGTTACTGCAAAGG,0,4345035
yadI_predicted,0.06666666666666667,14,14,CGTGATCGGTCCTAATGTAG,0,4354209
yadI_predicted,0.06666666666666667,14,14,CGTCTGCAGAACTATTAGTG,0,4341864
yadI_predicted,0.06666666666666667,14,14,CGTCGGGCCTCAGGGGTCCA,0,4309612
yadI_predicted,0.06666666666666667,14,14,CGTAGAGGTGTCGTGGGAGC,0,4321022
yadI_predicted,0.06666666666666667,14,14,CGTACGATGTTAGACCGGGA,0,4313282
yadI_predicted,0.06666666666666667,14,14,CGGTGGGCCAATTGGCTCCC,0,4369750
yadI_predicted,0.06666666666666667,14,14,CGGTCTTCAATTGGGCCACA,0,4362812
yadI_predicted,0.06666666666666667,14,14,CGGGTAGTAGCTCGTCATTC,0,4310307
yadI_predicted,0.06666666666666667,14,14,CGGCTCGAAACTGCCCGAGC,0,4344515
yadI_predicted,0.06666666666666667,14,14,CGGCTCAAGAGAGGGACCTG,0,4287105
yadI_predicted,0.06666666666666667,14,14,CGGCAGATTACACCGAGACA,0,4357781
yadI_predicted,0.06666666666666667,14,14,CGGATTTACCTAAAGTTAAG,0,4328562
yadI_predicted,0.06666666666666667,14,14,CGGATACTGGATGGTGCCTG,0,4344978
yadI_predicted,0.06666666666666667,14,14,CGGAATGACGGGAGCTGGAT,0,4324639
yadI_predicted,0.06666666666666667,14,14,CGCTTTGTGCGACCTCCCTT,0,4298998
yadI_predicted,0.06666666666666667,14,14,CGCTTTGTCGAGCCGACGTT,0,4352784
yadI_predicted,0.06666666666666667,14,14,CGCGTGAGATCTCTGACGGG,0,4316434
yadI_predicted,0.06666666666666667,14,14,CGCCTAGGGCTCATTTATGG,0,4329429
yadI_predicted,0.06666666666666667,14,14,CGCCCGAGCGGTTGCGCATG,0,4303114
yadI_predicted,0.06666666666666667,14,14,CGCCCCCCCTAGGATGGGCA,0,4320105
yadI_predicted,0.06666666666666667,14,14,CGATGGCACTTGGAAGCTCA,0,4356193
yadI_predicted,0.06666666666666667,14,14,CGAGTCGGTTCCGCTTTCTC,0,4297320
yadI_predicted,0.06666666666666667,14,14,CGAGTCGGCCCGGCGCGAAA,0,4367947
yadI_predicted,0.06666666666666667,14,14,CGAGGACAGGATAGTGGTCT,0,4365534
yadI_predicted,0.06666666666666667,14,14,CGAGCTCTGAGCTTGTTCGT,0,4288062
yadI_predicted,0.06666666666666667,14,14,CGACCCGAGCTAGGATACTC,0,4292631
yadI_predicted,0.06666666666666667,14,14,CGACAAGTTTATCGTCGGCC,0,4335899
yadI_predicted,0.06666666666666667,14,14,CGAATGGTATACAATCGTCG,0,4330812
yadI_predicted,0.06666666666666667,14,14,CGAAATAGACATTTATGTAA,0,4347786
yadI_predicted,0.06666666666666667,14,14,CCTTACCGCACTTGACGATT,0,4360367
yadI_predicted,0.06666666666666667,14,14,CCTGTTAATCCCTTAAGTTG,0,4308739
yadI_predicted,0.06666666666666667,14,14,CCTGCTGCTTGGAAACGATT,0,4343082
yadI_predicted,0.06666666666666667,14,14,CCTATCAGTCAGACGTGAGG,0,4340538
yadI_predicted,0.06666666666666667,14,14,CCTAAGGCCCAGTCTCTGTA,0,4332889
yadI_predicted,0.06666666666666667,14,14,CCTAACGAGCAGAGCTCTGC,0,4329114
yadI_predicted,0.06666666666666667,14,14,CCGTCACTGTCTCTGCAAGT,0,4316557
yadI_predicted,0.06666666666666667,14,14,CCGTAGTAAATTGTCGCAGT,0,4364286
yadI_predicted,0.06666666666666667,14,14,CCGGCCACACTTGCCTACTT,0,4327670
yadI_predicted,0.06666666666666667,14,14,CCGGACCGCTGTGCTGTGCC,0,4325144
yadI_predicted,0.06666666666666667,14,14,CCGCTGCAGTACGGAAGCGC,0,4332590
yadI_predicted,0.06666666666666667,14,14,CCGCCACGGGGTACTAACAA,0,4306696
yadI_predicted,0.06666666666666667,14,14,CCGAGGGATGTAAGCAATAA,0,4284366
yadI_predicted,0.06666666666666667,14,14,CCGACCGGACCCCCTGATGT,0,4325513
yadI_predicted,0.06666666666666667,14,14,CCCAACAAAATCCCACCTGA,0,4357186
yadI_predicted,0.06666666666666667,14,14,CCATGTCAGACATGGATGTT,0,4326591
yadI_predicted,0.06666666666666667,14,14,CCATCTTCTTCAGCCACATG,0,4318008
yadI_predicted,0.06666666666666667,14,14,CCATCTGCTTTCACGGTAAC,0,4318594
yadI_predicted,0.06666666666666667,14,14,CCATCCCTCCCCTTTCGGAG,0,4295947
yadI_predicted,0.06666666666666667,14,14,CCAGGAGTTCCAACTTTACG,0,4289801
yadI_predicted,0.06666666666666667,14,14,CCACGGCAATATAACCCTCA,0,4322229
yadI_predicted,0.06666666666666667,14,14,CCACGGAAACTTTTTCCACG,0,4321685
yadI_predicted,0.06666666666666667,14,14,CCAATTTTAAAGTTATAACG,0,4294800
yadI_predicted,0.06666666666666667,14,14,CCAAAAGGCATGTTATGTAT,0,4318606
yadI_predicted,0.06666666666666667,14,14,CATTGGTTTTTACCAGGCAA,0,4306136
yadI_predicted,0.06666666666666667,14,14,CATTGGAACTCAGGTTGGTG,0,4344338
yadI_predicted,0.06666666666666667,14,14,CATTGCTGGGAACCACAGTT,0,4288528
yadI_predicted,0.06666666666666667,14,14,CATTGCTAGGTTCAGAAATA,0,4327863
yadI_predicted,0.06666666666666667,14,14,CATTAGTATCTCGTAGTAAC,0,4298475
yadI_predicted,0.06666666666666667,14,14,CATGATGGATGCATATGATT,0,4306721
yadI_predicted,0.06666666666666667,14,14,CATCTTCACAAGATGGGGTA,0,4333512
yadI_predicted,0.06666666666666667,14,14,CATCCAGGAATATATCTAGT,0,4328560
yadI_predicted,0.06666666666666667,14,14,CATATGCCGACCGCCATCTG,0,4290904
yadI_predicted,0.06666666666666667,14,14,CATAAGGGAATACCGCATTA,0,4364391
yadI_predicted,0.06666666666666667,14,14,CATAACCCGGGGTCCGTTGT,0,4333603
yadI_predicted,0.06666666666666667,14,14,CAGGCCTCACGGTGTTCGTT,0,4353732
yadI_predicted,0.06666666666666667,14,14,CAGCTGCACATGGGTACGCA,0,4321396
yadI_predicted,0.06666666666666667,14,14,CAGCTACAATATCTTTATGA,0,4324066
yadI_predicted,0.06666666666666667,14,14,CAGCGCGCACTCCTAGTGAC,0,4359181
yadI_predicted,0.06666666666666667,14,14,CAGCGAACTAAATTACTCAG,0,4367377
yadI_predicted,0.06666666666666667,14,14,CAGCAGCTCGATTGGGTCCT,0,4310274
yadI_predicted,0.06666666666666667,14,14,CACTGTTGAGAGTAATGGAC,0,4299199
yadI_predicted,0.06666666666666667,14,14,CACTGTACTGAAGCCGTTAT,0,4344039
yadI_predicted,0.06666666666666667,14,14,CACTCTCGGGAACAACTACC,0,4359070
yadI_predicted,0.06666666666666667,14,14,CACTATTCAGACATATTTCT,0,4300795
yadI_predicted,0.06666666666666667,14,14,CACTATCCTCGACGGTTTTT,0,4313437
yadI_predicted,0.06666666666666667,14,14,CACGGCTAAGGGGCGCTATT,0,4291445
yadI_predicted,0.06666666666666667,14,14,CACGCTTCGATGCGGGATGG,0,4316601
yadI_predicted,0.06666666666666667,14,14,CACCGGTTGCTGACCACATG,0,4335390
yadI_predicted,0.06666666666666667,14,14,CACCGCGAAGGCGATTCACA,0,4341717
yadI_predicted,0.06666666666666667,14,14,CACACAATAGTCGAATCGCA,0,4323989
yadI_predicted,0.06666666666666667,14,14,CAATTACGTAGGGCTCCGTT,0,4287332
yadI_predicted,0.06666666666666667,14,14,CAATCCAGGCCTAGTCGAGA,0,4294374
yadI_predicted,0.06666666666666667,14,14,CAAGGCTTTCCACAATAGTT,0,4288404
yadI_predicted,0.06666666666666667,14,14,CAAGACCAGATGCTGATCCT,0,4334781
yadI_predicted,0.06666666666666667,14,14,ATTTTGAGTGGGTGAGGATA,0,4317311
yadI_predicted,0.06666666666666667,14,14,ATTTCTATCAAATCGGAAGA,0,4339250
yadI_predicted,0.06666666666666667,14,14,ATTGGCCTAGATGCCCGCCG,0,4351010
yadI_predicted,0.06666666666666667,14,14,ATTGCCAGCTTAGTCGCGCT,0,4295557
yadI_predicted,0.06666666666666667,14,14,ATTCGATATCTTTTAGACAA,0,4290731
yadI_predicted,0.06666666666666667,14,14,ATTCACAACCGTGGCGGGGC,0,4329101
yadI_predicted,0.06666666666666667,14,14,ATTAGTGGATCATAGCGCTA,0,4332344
yadI_predicted,0.06666666666666667,14,14,ATTAGGTAACGTGTCACCCA,0,4306416
yadI_predicted,0.06666666666666667,14,14,ATTAATGGTTATGGTCAACT,0,4317750
yadI_predicted,0.06666666666666667,14,14,ATGTTTGGCCGCCCAGATTT,0,4348832
yadI_predicted,0.06666666666666667,14,14,ATGTGCCTACGCAGAACGAA,0,4332932
yadI_predicted,0.06666666666666667,14,14,ATGCTTGTGTGCATATTTGC,0,4286926
yadI_predicted,0.06666666666666667,14,14,ATGCGGTGCCTCTAGGTCCA,0,4352633
yadI_predicted,0.06666666666666667,14,14,ATGAAGCTCTTTGACAACGT,0,4290113
yadI_predicted,0.06666666666666667,14,14,ATCGTATGACTACCCGCTTC,0,4348263
yadI_predicted,0.06666666666666667,14,14,ATCGCTGTAGATACAGTATT,0,4291757
yadI_predicted,0.06666666666666667,14,14,ATCCAAGCTAAATAAGTGCG,0,4314775
yadI_predicted,0.06666666666666667,14,14,ATCATGTGAGTCCCGAAAAA,0,4363523
yadI_predicted,0.06666666666666667,14,14,ATCATCCTCTAAACCGATAA,0,4360013
yadI_predicted,0.06666666666666667,14,14,ATCACACGGCTCTTCGTTGA,0,4318957
yadI_predicted,0.06666666666666667,14,14,ATATTTGGGCACTGTCCGGT,0,4353018
yadI_predicted,0.06666666666666667,14,14,ATATGTAAGACACATTCTGG,0,4316816
yadI_predicted,0.06666666666666667,14,14,ATAGAGGTCATAGGGCCATA,0,4344589
yadI_predicted,0.06666666666666667,14,14,ATACGATGGCACCAGTACGT,0,4313110
yadI_predicted,0.06666666666666667,14,14,ATACACAGGCATGAGATGCC,0,4319529
yadI_predicted,0.06666666666666667,14,14,ATACAAACAGTTTGATATTT,0,4340306
yadI_predicted,0.06666666666666667,14,14,ATAATCGACGGATCTCGTGG,0,4350606
yadI_predicted,0.06666666666666667,14,14,AGTTGCGTTAGGCAGTCAGC,0,4288609
yadI_predicted,0.06666666666666667,14,14,AGTTCCTGGCTTAGGCGATG,0,4285532
yadI_predicted,0.06666666666666667,14,14,AGGTTGAACCTACACACTGA,0,4291245
yadI_predicted,0.06666666666666667,14,14,AGGGTTTGACCATGGGTCCT,0,4318550
yadI_predicted,0.06666666666666667,14,14,AGGGTGGGACCTATAGAGCC,0,4343880
yadI_predicted,0.06666666666666667,14,14,AGGGTCACAACTCAGGCCGT,0,4305808
yadI_predicted,0.06666666666666667,14,14,AGGGCGCTGCATTTCCGGCT,0,4305689
yadI_predicted,0.06666666666666667,14,14,AGGGCAAGTTCTCGTCTATA,0,4340336
yadI_predicted,0.06666666666666667,14,14,AGGCCTACATTCTTACTTGT,0,4317818
yadI_predicted,0.06666666666666667,14,14,AGGCCATCGAGAATTACGTC,0,4327279
yadI_predicted,0.06666666666666667,14,14,AGGAAACGTCAACATCCTCA,0,4319034
yadI_predicted,0.06666666666666667,14,14,AGCGTCTTAGAAGCTGCTGT,0,4365315
yadI_predicted,0.06666666666666667,14,14,AGCGCGGTCGGCCGCTATGT,0,4364797
yadI_predicted,0.06666666666666667,14,14,AGCGATCGGGCGGGCGGGCG,0,4358085
yadI_predicted,0.06666666666666667,14,14,AGCCTCATCAGGACTTCGAT,0,4336368
yadI_predicted,0.06666666666666667,14,14,AGCCAAGCTACAGAGGAAGT,0,4302593
yadI_predicted,0.06666666666666667,14,14,AGCATCGTGGAACAGCCAGA,0,4346451
yadI_predicted,0.06666666666666667,14,14,AGCATCGAAGGGACGTTCTT,0,4315993
yadI_predicted,0.06666666666666667,14,14,AGCAGCAGGGCAAATACAGG,0,4318718
yadI_predicted,0.06666666666666667,14,14,AGCACGTGCAAAAAGCCAAT,0,4284708
yadI_predicted,0.06666666666666667,14,14,AGCAAAGTTCAAAATGTCGG,0,4350707
yadI_predicted,0.06666666666666667,14,14,AGATGGTACTACAGGGAGTA,0,4355643
yadI_predicted,0.06666666666666667,14,14,AGATCCTATTAGCGCATTGA,0,4315422
yadI_predicted,0.06666666666666667,14,14,AGATAGGATATGAAGGTACC,0,4343788
yadI_predicted,0.06666666666666667,14,14,AGAGACCATTGTACGTAAGC,0,4308855
yadI_predicted,0.06666666666666667,14,14,AGACGCGAGCGATGGTTGGT,0,4339739
yadI_predicted,0.06666666666666667,14,14,AGACCGTCGGGGCCAGAGGA,0,4302673
yadI_predicted,0.06666666666666667,14,14,AGACCCTTTGTGTAGACATT,0,4294746
yadI_predicted,0.06666666666666667,14,14,AGAATCAAGCTAACCCCGAA,0,4295608
yadI_predicted,0.06666666666666667,14,14,ACTTCGTGAATTTGGGTAGC,0,4287218
yadI_predicted,0.06666666666666667,14,14,ACTTATTACTGTGTAGGGTT,0,4313544
yadI_predicted,0.06666666666666667,14,14,ACTGCGGTACGGCAATTGGA,0,4332524
yadI_predicted,0.06666666666666667,14,14,ACTCTTGGGTAGGGGCACAT,0,4333177
yadI_predicted,0.06666666666666667,14,14,ACTCGAGAGTCGTGGTTCGC,0,4291703
yadI_predicted,0.06666666666666667,14,14,ACTAGGCAAACGGCCGAGAC,0,4310302
yadI_predicted,0.06666666666666667,14,14,ACTAACCCAACTAGATGTCC,0,4288252
yadI_predicted,0.06666666666666667,14,14,ACGGATATCCGCTATACTGT,0,4315023
yadI_predicted,0.06666666666666667,14,14,ACGCTCACTGACTGATCGCT,0,4346339
yadI_predicted,0.06666666666666667,14,14,ACGCTAGGTCGTCATCGCTC,0,4325352
yadI_predicted,0.06666666666666667,14,14,ACGCCGGGCACCACGTATAG,0,4293123
yadI_predicted,0.06666666666666667,14,14,ACGCATTCATGGCTCGGAGA,0,4366615
yadI_predicted,0.06666666666666667,14,14,ACGCAGAAGCGATCAAGACC,0,4313525
yadI_predicted,0.06666666666666667,14,14,ACGATTGGCAAATACAGGGA,0,4345460
yadI_predicted,0.06666666666666667,14,14,ACGATCTAAACCAACAGTGT,0,4346576
yadI_predicted,0.06666666666666667,14,14,ACGATCCATGGCGAACTTCA,0,4295104
yadI_predicted,0.06666666666666667,14,14,ACGAGTTACCCTTCGCCGAC,0,4324147
yadI_predicted,0.06666666666666667,14,14,ACGAGATTTGCTACCAAGAA,0,4321647
yadI_predicted,0.06666666666666667,14,14,ACGAATAACAAAAGGGGCCA,0,4332831
yadI_predicted,0.06666666666666667,14,14,ACCTTCGTGAGACCGCAAAT,0,4295329
yadI_predicted,0.06666666666666667,14,14,ACCCTAGAACTGCAAGGCGC,0,4363908
yadI_predicted,0.06666666666666667,14,14,ACCCATTTTCTTCGTGACCT,0,4359178
yadI_predicted,0.06666666666666667,14,14,ACCCAGCGGACGCGGCCGGA,0,4357130
yadI_predicted,0.06666666666666667,14,14,ACATAGTTCAAGTACCATCG,0,4312340
yadI_predicted,0.06666666666666667,14,14,ACAGCGACATTGCAATTTTT,0,4311777
yadI_predicted,0.06666666666666667,14,14,ACAGACTGCCATTCCGATAC,0,4360475
yadI_predicted,0.06666666666666667,14,14,ACACCCCCCACCGGGGTAGA,0,4340006
yadI_predicted,0.06666666666666667,14,14,ACAACGTGCACTTATCCCGA,0,4302211
yadI_predicted,0.06666666666666667,14,14,ACAACCGTAACGGCAGTCCC,0,4286961
yadI_predicted,0.06666666666666667,14,14,AATGTCGCATTCCCAGACTC,0,4368039
yadI_predicted,0.06666666666666667,14,14,AATGAGGGTGGTCTGAGCTA,0,4294122
yadI_predicted,0.06666666666666667,14,14,AATCTACCTGGAAATTTTTA,0,4326775
yadI_predicted,0.06666666666666667,14,14,AATCGGGTGCAGAAAGAAAG,0,4344812
yadI_predicted,0.06666666666666667,14,14,AATCCTTGGAAAGGGGTTCC,0,4321670
yadI_predicted,0.06666666666666667,14,14,AATCATCAGCACGACGAAAT,0,4318195
yadI_predicted,0.06666666666666667,14,14,AATATCTTGTGAGCTCTTTT,0,4286453
yadI_predicted,0.06666666666666667,14,14,AATAGCGCGAGTACTCAGTG,0,4288954
yadI_predicted,0.06666666666666667,14,14,AATAGCAGTCCCCATACAAA,0,4342542
yadI_predicted,0.06666666666666667,14,14,AAGTGCCAACAGAACCGGAC,0,4294215
yadI_predicted,0.06666666666666667,14,14,AAGTGAACCGTTTACGCATA,0,4336655
yadI_predicted,0.06666666666666667,14,14,AAGTCCATGGCGGCCGTTTA,0,4334531
yadI_predicted,0.06666666666666667,14,14,AAGAAATGAGAGTTCCACCT,0,4364457
yadI_predicted,0.06666666666666667,14,14,AACGTTATAGGGTTCATACA,0,4360877
yadI_predicted,0.06666666666666667,14,14,AACGTCTAACCCTATATGTT,0,4293439
yadI_predicted,0.06666666666666667,14,14,AACGATCAAACCAGATGGTA,0,4317835
yadI_predicted,0.06666666666666667,14,14,AACCCGCACGCCAAGGGTAG,0,4343741
yadI_predicted,0.06666666666666667,14,14,AACCAGCCTTATGCTCGAAT,0,4284996
yadI_predicted,0.06666666666666667,14,14,AACAATGGATGAGACGGCCT,0,4302852
yadI_predicted,0.06666666666666667,14,14,AACAAGTGCACGATATTAGT,0,4308426
yadI_predicted,0.06666666666666667,14,14,AAATTTTGAGCAAACGCATT,0,4302281
yadI_predicted,0.06666666666666667,14,14,AAATGTGATAGGGCCGTTGG,0,4309421
yadI_predicted,0.06666666666666667,14,14,AAATGAGTAGTGTACTCCGT,0,4343840
yadI_predicted,0.06666666666666667,14,14,AAATCCTGGCCTCACACGCT,0,4363965
yadI_predicted,0.06666666666666667,14,14,AAATAAAGCTTGCGTTGGCC,0,4284942
yadI_predicted,0.06666666666666667,14,14,AAAGCTATCTGTCACCGGGC,0,4365863
yadI_predicted,0.06666666666666667,14,14,AAAGCAACATGTCTGCCTTA,0,4365318
yadI_predicted,0.06666666666666667,14,14,AAACGGCAGGCTAGATCCAG,0,4369343
yadI_predicted,0.06666666666666667,14,14,AAACGCACCCCTAAAGCTTA,0,4298315
yadI_predicted,0.07142857142857142,13,13,TTTTGCAAGGAATTAAAAGA,0,4318711
yadI_predicted,0.07142857142857142,13,13,TTTTAGAATGTTCCAGGTTC,0,4324813
yadI_predicted,0.07142857142857142,13,13,TTTGTTCGGTCCACTCGTTG,0,4289268
yadI_predicted,0.07142857142857142,13,13,TTTGTTAGCGCATAAAGTGG,0,4332546
yadI_predicted,0.07142857142857142,13,13,TTTGCTGGACTACCGGGGCT,0,4334527
yadI_predicted,0.07142857142857142,13,13,TTTGCAAGTCGCTCCCAAGC,0,4302709
yadI_predicted,0.07142857142857142,13,13,TTTGAGTTTCTAACGCATAT,0,4302485
yadI_predicted,0.07142857142857142,13,13,TTTGAGCTCCACCTCATGAT,0,4336710
yadI_predicted,0.07142857142857142,13,13,TTTCTGGTGCTAGAGGTATG,0,4352548
yadI_predicted,0.07142857142857142,13,13,TTTCGCACACGGATTCTGGT,0,4358972
yadI_predicted,0.07142857142857142,13,13,TTGTCGATTTCCAACTCCTC,0,4328434
yadI_predicted,0.07142857142857142,13,13,TTGGTAGTCCAGACTAAGCT,0,4308865
yadI_predicted,0.07142857142857142,13,13,TTGCCGGCTAGAGCTCGCGC,0,4299640
yadI_predicted,0.07142857142857142,13,13,TTGCCCGGATTGCGTCGATC,0,4333252
yadI_predicted,0.07142857142857142,13,13,TTGCCCGCGACAATGCCTGG,0,4285161
yadI_predicted,0.07142857142857142,13,13,TTGCAATGATTTGGTCGATA,0,4301237
yadI_predicted,0.07142857142857142,13,13,TTCTGGGATAACAAGCAAGA,0,4337379
yadI_predicted,0.07142857142857142,13,13,TTCCGGTATTCTCGGGCATT,0,4323679
yadI_predicted,0.07142857142857142,13,13,TTCCGGTATACCGGAGAAGC,0,4307316
yadI_predicted,0.07142857142857142,13,13,TTCCGAATGCGCCATAAAGT,0,4336664
yadI_predicted,0.07142857142857142,13,13,TTCCCGCAGATACAGAAACA,0,4334046
yadI_predicted,0.07142857142857142,13,13,TTCAGCTAGTGTTATAACGC,0,4345326
yadI_predicted,0.07142857142857142,13,13,TTCAGAAGACTTTCCTGCTA,0,4302732
yadI_predicted,0.07142857142857142,13,13,TTCAAAGGGTAGAGCTCACG,0,4343448
yadI_predicted,0.07142857142857142,13,13,TTATGTCTTAGTGGGTAGTT,0,4343941
yadI_predicted,0.07142857142857142,13,13,TTATAACCTTATAAGGTCGT,0,4367134
yadI_predicted,0.07142857142857142,13,13,TTAGATAATCGAGGCCTTCG,0,4297485
yadI_predicted,0.07142857142857142,13,13,TTACTCACGCCTCCTGGTCT,0,4314060
yadI_predicted,0.07142857142857142,13,13,TTACGACGACTACAACACCC,0,4292005
yadI_predicted,0.07142857142857142,13,13,TTAAGGAACTATCCCTAATA,0,4361737
yadI_predicted,0.07142857142857142,13,13,TTAACATCGGCCACCGCAAC,0,4321259
yadI_predicted,0.07142857142857142,13,13,TTAAACTAAATATGTAGCCA,0,4349754
yadI_predicted,0.07142857142857142,13,13,TGTTGACGGGGATCGATCGC,0,4299686
yadI_predicted,0.07142857142857142,13,13,TGTGGAAGTGTGACTTTGGA,0,4367776
yadI_predicted,0.07142857142857142,13,13,TGTGCCAAGGCGCGGATTTT,0,4344325
yadI_predicted,0.07142857142857142,13,13,TGTAATAGGGCGGGCAGATT,0,4348264
yadI_predicted,0.07142857142857142,13,13,TGGTGTAGCCAACGTAGGGT,0,4345459
yadI_predicted,0.07142857142857142,13,13,TGGGTAGTTCCAACGTACCA,0,4331411
yadI_predicted,0.07142857142857142,13,13,TGGGGCGTATGCTGGGGACT,0,4300610
yadI_predicted,0.07142857142857142,13,13,TGGGGCCGTTTGCGGCCGCA,0,4315415
yadI_predicted,0.07142857142857142,13,13,TGGGCTCGGCGGTAGGTTCC,0,4334835
yadI_predicted,0.07142857142857142,13,13,TGGGCAGCTGTTATCGCATT,0,4334031
yadI_predicted,0.07142857142857142,13,13,TGGCAGTGAGTTCTGTACCA,0,4293906
yadI_predicted,0.07142857142857142,13,13,TGGCACTTTGGTTCGCCGAC,0,4352316
yadI_predicted,0.07142857142857142,13,13,TGGATAGTGGTCTGGAGTTA,0,4367556
yadI_predicted,0.07142857142857142,13,13,TGGAAACCGTTTCTCTACAT,0,4344806
yadI_predicted,0.07142857142857142,13,13,TGCTAGCGTTTAACGGTTCA,0,4345739
yadI_predicted,0.07142857142857142,13,13,TGCTAATGTTACCTCTGGCA,0,4293095
yadI_predicted,0.07142857142857142,13,13,TGCGTCAGGGCGCTGTCGGG,0,4290274
yadI_predicted,0.07142857142857142,13,13,TGCGTAAGTTTGCATACTTT,0,4307256
yadI_predicted,0.07142857142857142,13,13,TGCGCCATTCGATCCCTAGC,0,4294261
yadI_predicted,0.07142857142857142,13,13,TGCCTGGGGAGGTGCACCAC,0,4337399
yadI_predicted,0.07142857142857142,13,13,TGCCTACTGCATCCGAACGT,0,4289267
yadI_predicted,0.07142857142857142,13,13,TGCCGGAAGATTCATCTCAT,0,4306975
yadI_predicted,0.07142857142857142,13,13,TGCCCCCGAATGCTTGAGTG,0,4368066
yadI_predicted,0.07142857142857142,13,13,TGCATCGGCTGCCAGGTCAT,0,4326691
yadI_predicted,0.07142857142857142,13,13,TGCAGGTATTTATGACTCAT,0,4344072
yadI_predicted,0.07142857142857142,13,13,TGATTTTTGTTGGGATTCGT,0,4326991
yadI_predicted,0.07142857142857142,13,13,TGATAGTCGTCCTTACGCTG,0,4292372
yadI_predicted,0.07142857142857142,13,13,TGAGGTCGTGTTCAGAGATC,0,4302648
yadI_predicted,0.07142857142857142,13,13,TGACTGACACACTTCTTTAG,0,4362136
yadI_predicted,0.07142857142857142,13,13,TGACGGTCACCGCCGCTTCT,0,4356249
yadI_predicted,0.07142857142857142,13,13,TGACACCGAGTTAAACGCCA,0,4351018
yadI_predicted,0.07142857142857142,13,13,TGAACGAGATTATGGCCTAT,0,4362508
yadI_predicted,0.07142857142857142,13,13,TGAACCTCGCACACCCCGGG,0,4344733
yadI_predicted,0.07142857142857142,13,13,TCTTCGTGTATCGCTGGGTC,0,4301921
yadI_predicted,0.07142857142857142,13,13,TCTTCCAAGCGATTTCTAAC,0,4289895
yadI_predicted,0.07142857142857142,13,13,TCTTACCGGGAGAAGAGCCT,0,4307801
yadI_predicted,0.07142857142857142,13,13,TCTGTCGGGATGCCGTCTCG,0,4344513
yadI_predicted,0.07142857142857142,13,13,TCTCGGACGCCCCAAGCTCC,0,4352149
yadI_predicted,0.07142857142857142,13,13,TCTCGAACTACTTAGGTAAT,0,4321686
yadI_predicted,0.07142857142857142,13,13,TCTCAGTTGCAAGTCATTCC,0,4343630
yadI_predicted,0.07142857142857142,13,13,TCTATAGAGAGGCGCCTGGA,0,4329198
yadI_predicted,0.07142857142857142,13,13,TCTAGGTACAGAATTGGTTT,0,4289673
yadI_predicted,0.07142857142857142,13,13,TCGTCCCGACTAAGGGCACT,0,4308989
yadI_predicted,0.07142857142857142,13,13,TCGGGTAATCTATTGTAAAA,0,4290632
yadI_predicted,0.07142857142857142,13,13,TCGGATCTCATCGCAAGACA,0,4352454
yadI_predicted,0.07142857142857142,13,13,TCGGAGGACCTGGTGCCGAC,0,4348192
yadI_predicted,0.07142857142857142,13,13,TCGCGTCTGGTCGAAAGCAT,0,4299377
yadI_predicted,0.07142857142857142,13,13,TCGAGTTTTGGTCTTCTTTC,0,4339523
yadI_predicted,0.07142857142857142,13,13,TCGAGGGAAGCTCTTCTCGA,0,4305012
yadI_predicted,0.07142857142857142,13,13,TCGAGCAGCTGCGCAGGTGC,0,4348894
yadI_predicted,0.07142857142857142,13,13,TCCTGAGCATGCCAAGCAGG,0,4309855
yadI_predicted,0.07142857142857142,13,13,TCCGTTCCAAGAAAGCCCAG,0,4343481
yadI_predicted,0.07142857142857142,13,13,TCCCGTAAGAGAGCAGTGCA,0,4286461
yadI_predicted,0.07142857142857142,13,13,TCCCAAAGAATTGAGTAGGC,0,4348497
yadI_predicted,0.07142857142857142,13,13,TCATTTACCCGGTGGAAATT,0,4341277
yadI_predicted,0.07142857142857142,13,13,TCATCGGCGGTCTCAGGGAC,0,4364746
yadI_predicted,0.07142857142857142,13,13,TCAGTGCTCAATGATGATCA,0,4300147
yadI_predicted,0.07142857142857142,13,13,TCAGGTGTCAACCCTGCGAT,0,4367233
yadI_predicted,0.07142857142857142,13,13,TCAGCTCCAATATCCCGTGC,0,4365000
yadI_predicted,0.07142857142857142,13,13,TCAGCGCAGGTGGGCCAAAT,0,4339536
yadI_predicted,0.07142857142857142,13,13,TCACCATGCTAGGGAACACT,0,4284650
yadI_predicted,0.07142857142857142,13,13,TCAAGTCATTGGTTTTGACA,0,4313401
yadI_predicted,0.07142857142857142,13,13,TCAACCACGATGGGCGTTCA,0,4291964
yadI_predicted,0.07142857142857142,13,13,TCAAATTATTTTCGCTGGAA,0,4328743
yadI_predicted,0.07142857142857142,13,13,TCAAAGACAATAGTTTATTA,0,4348260
yadI_predicted,0.07142857142857142,13,13,TATTGGACCAAGATATCCCA,0,4305970
yadI_predicted,0.07142857142857142,13,13,TATGTGTCTTACTCGGGCCC,0,4335774
yadI_predicted,0.07142857142857142,13,13,TATGCGTCAACATTGCCCAG,0,4323560
yadI_predicted,0.07142857142857142,13,13,TATGCGACGCACGGTTCCGC,0,4321271
yadI_predicted,0.07142857142857142,13,13,TATCGGGGGGTAATAATACC,0,4298688
yadI_predicted,0.07142857142857142,13,13,TAGGGGAGCCCGAGCCTAAT,0,4350154
yadI_predicted,0.07142857142857142,13,13,TAGCGTTATGCGCTCGTTAA,0,4336193
yadI_predicted,0.07142857142857142,13,13,TAGCCAAAGGTCTAAGCCAT,0,4313031
yadI_predicted,0.07142857142857142,13,13,TAGCATAACCAGTCAAGTGG,0,4296850
yadI_predicted,0.07142857142857142,13,13,TAGAACTTTGGCCGGAAAAG,0,4290352
yadI_predicted,0.07142857142857142,13,13,TAGAACCCCAACCCCGTTCC,0,4331682
yadI_predicted,0.07142857142857142,13,13,TACGTTATTGTTGGGGAGGT,0,4357016
yadI_predicted,0.07142857142857142,13,13,TACGTGCGGAGGTACATACT,0,4352696
yadI_predicted,0.07142857142857142,13,13,TACGGCCGGTCACGTCAATT,0,4339205
yadI_predicted,0.07142857142857142,13,13,TACATCTTCCCGCGACTCTC,0,4325062
yadI_predicted,0.07142857142857142,13,13,TACAGGGTGTTACGGTGGGT,0,4328304
yadI_predicted,0.07142857142857142,13,13,TACACACAGCCATCGAGACC,0,4352405
yadI_predicted,0.07142857142857142,13,13,TAATTGCTCTGGTCTACTAA,0,4310079
yadI_predicted,0.07142857142857142,13,13,TAATGTGAGGGGGATGTTAA,0,4339325
yadI_predicted,0.07142857142857142,13,13,TAACGGTCCAACATCAGCGG,0,4337841
yadI_predicted,0.07142857142857142,13,13,TAAACCCCCGTTTAAGAGGA,0,4317078
yadI_predicted,0.07142857142857142,13,13,GTTTATCAGTTATCCGCCTT,0,4349740
yadI_predicted,0.07142857142857142,13,13,GTTGTCACTAACCCGGGTAC,0,4327719
yadI_predicted,0.07142857142857142,13,13,GTTGGAGTTTGGATTGCTGC,0,4344014
yadI_predicted,0.07142857142857142,13,13,GTTGATCGAACCTACGTACC,0,4309163
yadI_predicted,0.07142857142857142,13,13,GTTCGTCACACGGGAACCTT,0,4362425
yadI_predicted,0.07142857142857142,13,13,GTTCGGGAACAATGGCAGAC,0,4307568
yadI_predicted,0.07142857142857142,13,13,GTTCGGCCAGGATGATCGTC,0,4340049
yadI_predicted,0.07142857142857142,13,13,GTTCCCGGCCGCGTCTATAG,0,4363333
yadI_predicted,0.07142857142857142,13,13,GTTAGGTTCGGGCGTGATAA,0,4362440
yadI_predicted,0.07142857142857142,13,13,GTTACTGGCGCTTTAAAAAA,0,4306838
yadI_predicted,0.07142857142857142,13,13,GTTACAGGGAGATGTTCGCA,0,4309942
yadI_predicted,0.07142857142857142,13,13,GTTAAGCGTGGCCGCCATAT,0,4330876
yadI_predicted,0.07142857142857142,13,13,GTGTGCTCGGTTCCCTCTAT,0,4369665
yadI_predicted,0.07142857142857142,13,13,GTGTCTGAACATGCGTTTTC,0,4335079
yadI_predicted,0.07142857142857142,13,13,GTGTCTCCAATCGGTTGTCT,0,4299465
yadI_predicted,0.07142857142857142,13,13,GTGTCCTTGATCCCTGTCCT,0,4318980
yadI_predicted,0.07142857142857142,13,13,GTGTACTTCAACTCGAGTAG,0,4360925
yadI_predicted,0.07142857142857142,13,13,GTGGTGCTTCTGTCTCGCAG,0,4294734
yadI_predicted,0.07142857142857142,13,13,GTGGCCCCGCGTGTGCCAGG,0,4301367
yadI_predicted,0.07142857142857142,13,13,GTGGAGTTAAAATATCAAGC,0,4287157
yadI_predicted,0.07142857142857142,13,13,GTGGAAGGCATGACTTATCG,0,4326833
yadI_predicted,0.07142857142857142,13,13,GTGCGTAGCTAAAAGACCAC,0,4330733
yadI_predicted,0.07142857142857142,13,13,GTGCAGCCGTTAATGTCTTT,0,4331699
yadI_predicted,0.07142857142857142,13,13,GTGAGCACGGTCTATAATGA,0,4347633
yadI_predicted,0.07142857142857142,13,13,GTGACAAAGAATGTATGAGA,0,4287594
yadI_predicted,0.07142857142857142,13,13,GTCTTTTGCAGAGTTAAAGC,0,4293612
yadI_predicted,0.07142857142857142,13,13,GTCTCTTTACTTCTAGTGCG,0,4331886
yadI_predicted,0.07142857142857142,13,13,GTCGCTCCCTTAGAATTACC,0,4306195
yadI_predicted,0.07142857142857142,13,13,GTCCTTCCAACCGCGAACGG,0,4296849
yadI_predicted,0.07142857142857142,13,13,GTCCGCAACTGGCATCTGAC,0,4325128
yadI_predicted,0.07142857142857142,13,13,GTCCATGCACCTGTTCATAC,0,4344652
yadI_predicted,0.07142857142857142,13,13,GTCCATCAGCACCCCCTATC,0,4345917
yadI_predicted,0.07142857142857142,13,13,GTCATAAGACCCCCATCCTT,0,4290924
yadI_predicted,0.07142857142857142,13,13,GTATTGAAATCGAGGCCTGG,0,4321147
yadI_predicted,0.07142857142857142,13,13,GTATAGAAAACGCGTCACTT,0,4363236
yadI_predicted,0.07142857142857142,13,13,GTAGTTTCAATCCCGCATTT,0,4310649
yadI_predicted,0.07142857142857142,13,13,GTAGCTTTGTAGAAACCCGA,0,4344403
yadI_predicted,0.07142857142857142,13,13,GTACTCATGTGACCTTCAAT,0,4339370
yadI_predicted,0.07142857142857142,13,13,GTACTACGACTACACCAAAG,0,4318418
yadI_predicted,0.07142857142857142,13,13,GTACGGCCCACGCGGTTCAG,0,4302665
yadI_predicted,0.07142857142857142,13,13,GTACGACAGCAATGACTCAC,0,4316119
yadI_predicted,0.07142857142857142,13,13,GTACCCGCCGCAAGTGAGGT,0,4303125
yadI_predicted,0.07142857142857142,13,13,GTAATATTGCCTTACCGGAT,0,4320328
yadI_predicted,0.07142857142857142,13,13,GTAAGCCGCTCCCTTGGTGC,0,4286560
yadI_predicted,0.07142857142857142,13,13,GTAACGCAGATGCGTGATAC,0,4311305
yadI_predicted,0.07142857142857142,13,13,GTAAAGGGTATCACTGGGGC,0,4297274
yadI_predicted,0.07142857142857142,13,13,GGTTCCGGAGTTTGATCAGA,0,4292463
yadI_predicted,0.07142857142857142,13,13,GGTTATACCTTTGCCGTGGT,0,4319328
yadI_predicted,0.07142857142857142,13,13,GGTGTTGGAGCCACTCATAG,0,4345899
yadI_predicted,0.07142857142857142,13,13,GGTGGAGCCAACAGTGATCG,0,4295912
yadI_predicted,0.07142857142857142,13,13,GGTGACTGTTGACTTCTTTT,0,4321498
yadI_predicted,0.07142857142857142,13,13,GGTCAACTGGCGAATACGGT,0,4322070
yadI_predicted,0.07142857142857142,13,13,GGTATTTGGCGGAGACCGGT,0,4331691
yadI_predicted,0.07142857142857142,13,13,GGTATTCACGACCGAGAAAT,0,4365353
yadI_predicted,0.07142857142857142,13,13,GGTATCATTTTCAGGCGATC,0,4351734
yadI_predicted,0.07142857142857142,13,13,GGTAGTTGGATACGAGTTAA,0,4295728
yadI_predicted,0.07142857142857142,13,13,GGTACTGCGAGAGGTTGCCG,0,4369574
yadI_predicted,0.07142857142857142,13,13,GGTAAGTCCGCGTAGCTTGT,0,4304834
yadI_predicted,0.07142857142857142,13,13,GGGTGTATGAGGCACTTGTT,0,4366186
yadI_predicted,0.07142857142857142,13,13,GGGGTAATCGCTCAGACTAT,0,4325938
yadI_predicted,0.07142857142857142,13,13,GGGGTAATCATACTATTTGG,0,4348285
yadI_predicted,0.07142857142857142,13,13,GGGGAGTGACCCGAGCTATA,0,4322171
yadI_predicted,0.07142857142857142,13,13,GGGGAAAGGGGAAGCGCAGA,0,4284337
yadI_predicted,0.07142857142857142,13,13,GGGCTTTAGTAGAACTGAAT,0,4292684
yadI_predicted,0.07142857142857142,13,13,GGGCAGGTTAGTACTTAGAT,0,4340891
yadI_predicted,0.07142857142857142,13,13,GGCTGGCTCGAAGAACGCGT,0,4332934
yadI_predicted,0.07142857142857142,13,13,GGCTCTGGCGTTGTGTCGCG,0,4357048
yadI_predicted,0.07142857142857142,13,13,GGCGCAGCCGTAGGTATGCC,0,4298516
yadI_predicted,0.07142857142857142,13,13,GGCCGTGAGTCGGGAGACCC,0,4343165
yadI_predicted,0.07142857142857142,13,13,GGATGTTACCATCAACGCAA,0,4323968
yadI_predicted,0.07142857142857142,13,13,GGATGGCTCCTGTTCTGGAT,0,4354681
yadI_predicted,0.07142857142857142,13,13,GGATCGTTTTTAGTCCGCCG,0,4317161
yadI_predicted,0.07142857142857142,13,13,GGATCGGACCGACAACGTCA,0,4351559
yadI_predicted,0.07142857142857142,13,13,GGAGATTCACTACATGTCTA,0,4362906
yadI_predicted,0.07142857142857142,13,13,GGAGATGAGGCTGGCGAAAG,0,4314971
yadI_predicted,0.07142857142857142,13,13,GGACGGTACCAGATGGACAG,0,4326442
yadI_predicted,0.07142857142857142,13,13,GGACCGGTAGGTGGCCGTTT,0,4322494
yadI_predicted,0.07142857142857142,13,13,GGACACATTCGGGAAGGGGG,0,4345800
yadI_predicted,0.07142857142857142,13,13,GGAATACGCGGATCCTGTCG,0,4321931
yadI_predicted,0.07142857142857142,13,13,GGAAAGCACATGCAAGAAGA,0,4319389
yadI_predicted,0.07142857142857142,13,13,GCTTCGAGACGTAGATTTCA,0,4361833
yadI_predicted,0.07142857142857142,13,13,GCTTATTATCCGCAAAGCTT,0,4339723
yadI_predicted,0.07142857142857142,13,13,GCTGATGACACTTACTGGGG,0,4331888
yadI_predicted,0.07142857142857142,13,13,GCTGATCTGATCTTGTGAAC,0,4292088
yadI_predicted,0.07142857142857142,13,13,GCTCTGGAGTCAACTAGGCG,0,4329340
yadI_predicted,0.07142857142857142,13,13,GCTCAATAAATCCCTAGAGT,0,4317493
yadI_predicted,0.07142857142857142,13,13,GCTAGCTGGATAATTGGTAC,0,4345401
yadI_predicted,0.07142857142857142,13,13,GCGTTGACACCAAGTTGGAG,0,4320803
yadI_predicted,0.07142857142857142,13,13,GCGTGGACTATTCTTAGCCC,0,4354732
yadI_predicted,0.07142857142857142,13,13,GCGTGAATTAGCCTCGCCAT,0,4316953
yadI_predicted,0.07142857142857142,13,13,GCGTGAAAAGCAACAGTTGC,0,4304666
yadI_predicted,0.07142857142857142,13,13,GCGTCTACGACGCTCTCGTT,0,4332407
yadI_predicted,0.07142857142857142,13,13,GCGTCATCGATCTGTCAAGA,0,4349853
yadI_predicted,0.07142857142857142,13,13,GCGTATGGTATTAGGTGTTT,0,4344660
yadI_predicted,0.07142857142857142,13,13,GCGTAACCAGGCCAACAAGT,0,4312501
yadI_predicted,0.07142857142857142,13,13,GCGGGGAGACATCAGCACTG,0,4338471
yadI_predicted,0.07142857142857142,13,13,GCGGGAAGTTTCGCGACTGT,0,4356762
yadI_predicted,0.07142857142857142,13,13,GCGGAGGCCCGGTGACTTGT,0,4303755
yadI_predicted,0.07142857142857142,13,13,GCGCCTCATTATGGCACAAT,0,4335842
yadI_predicted,0.07142857142857142,13,13,GCGATTGCGCAATCTAGAAC,0,4336156
yadI_predicted,0.07142857142857142,13,13,GCCTCAGAAGCGACAGCCCC,0,4324670
yadI_predicted,0.07142857142857142,13,13,GCCTAAGCAGGAAATCGAAT,0,4305857
yadI_predicted,0.07142857142857142,13,13,GCCGAGGGGTTTTGACGAGG,0,4334780
yadI_predicted,0.07142857142857142,13,13,GCCCTTCCTTTAGTCGGCGG,0,4366714
yadI_predicted,0.07142857142857142,13,13,GCCCCAAAGCCTCAGGCAGA,0,4289816
yadI_predicted,0.07142857142857142,13,13,GCCATTGGGACGAGGAATTG,0,4360855
yadI_predicted,0.07142857142857142,13,13,GCCATAGAATTAGTCCGAGC,0,4310013
yadI_predicted,0.07142857142857142,13,13,GCCATAATCCGGTGTGCGTA,0,4343516
yadI_predicted,0.07142857142857142,13,13,GCCAGGTGACGGGGATTGCA,0,4352858
yadI_predicted,0.07142857142857142,13,13,GCCAACTATGCGACCAGCTC,0,4297930
yadI_predicted,0.07142857142857142,13,13,GCCAACAGGCCGGGTGCCCT,0,4322037
yadI_predicted,0.07142857142857142,13,13,GCATGTGTTGTGGAGTTGCG,0,4326891
yadI_predicted,0.07142857142857142,13,13,GCATCGTAACTTGACCATGA,0,4362551
yadI_predicted,0.07142857142857142,13,13,GCATAGGACAAAAGATGTTT,0,4317197
yadI_predicted,0.07142857142857142,13,13,GCAGTCGCACACATCTTGGT,0,4363283
yadI_predicted,0.07142857142857142,13,13,GCAGGGCTTTTTCGTCTCAG,0,4315856
yadI_predicted,0.07142857142857142,13,13,GCACAATGTTCGCAATGGGA,0,4337470
yadI_predicted,0.07142857142857142,13,13,GCAACCTGCGTATTCATTTA,0,4330581
yadI_predicted,0.07142857142857142,13,13,GCAACATATTAAAGCAGTTA,0,4309874
yadI_predicted,0.07142857142857142,13,13,GATTTTGTGCAGTGTGACTA,0,4348843
yadI_predicted,0.07142857142857142,13,13,GATTGCTTCGCGTTGTGTCG,0,4331269
yadI_predicted,0.07142857142857142,13,13,GATTGCGTTTTCATCTATAA,0,4293412
yadI_predicted,0.07142857142857142,13,13,GATTACGCCTTGGCAGGTCT,0,4363955
yadI_predicted,0.07142857142857142,13,13,GATGAGCGTTGCCGAGATAC,0,4311361
yadI_predicted,0.07142857142857142,13,13,GATATTATTTTACGGCCAGG,0,4317329
yadI_predicted,0.07142857142857142,13,13,GATACTCCTCCAGATTAGGT,0,4337433
yadI_predicted,0.07142857142857142,13,13,GATAATCGGGCCAGCTTTGT,0,4316279
yadI_predicted,0.07142857142857142,13,13,GAGTGAAGGATTGGACGCGG,0,4310855
yadI_predicted,0.07142857142857142,13,13,GAGTATAATTCATTGGCCTT,0,4296393
yadI_predicted,0.07142857142857142,13,13,GAGGGCGTCACTTTGTCATT,0,4355365
yadI_predicted,0.07142857142857142,13,13,GAGCCCATGTACATTTTTGG,0,4331227
yadI_predicted,0.07142857142857142,13,13,GAGCCAAATGGCACTGCATC,0,4350452
yadI_predicted,0.07142857142857142,13,13,GACTAGAAATTAAGCCTGCT,0,4288905
yadI_predicted,0.07142857142857142,13,13,GACGTTTCAGACGATGGACA,0,4320622
yadI_predicted,0.07142857142857142,13,13,GACCCGACCAAGAACAGGGA,0,4297559
yadI_predicted,0.07142857142857142,13,13,GACATTAAGCGTTCGTTATT,0,4302662
yadI_predicted,0.07142857142857142,13,13,GACAGAGTAAGCAAGTTTAC,0,4318203
yadI_predicted,0.07142857142857142,13,13,GAATGGCTGACCGTGCACGT,0,4286737
yadI_predicted,0.07142857142857142,13,13,GAACAAAGACATACATCGAA,0,4368225
yadI_predicted,0.07142857142857142,13,13,GAAAGAGCGTGTGCAATAAC,0,4369278
yadI_predicted,0.07142857142857142,13,13,GAAACGAGCGCGGAAATGTT,0,4337804
yadI_predicted,0.07142857142857142,13,13,CTTTTTGAAGAGACTCTTTG,0,4293026
yadI_predicted,0.07142857142857142,13,13,CTTGCATTCATTGAGAAGCA,0,4367557
yadI_predicted,0.07142857142857142,13,13,CTTACTGCGAACATCAGAGG,0,4337639
yadI_predicted,0.07142857142857142,13,13,CTTAACAAGGGGCGGGGGGA,0,4315510
yadI_predicted,0.07142857142857142,13,13,CTGTGATTATTGCCTCGGTG,0,4323384
yadI_predicted,0.07142857142857142,13,13,CTGTCACAAATAGATGAGCC,0,4308277
yadI_predicted,0.07142857142857142,13,13,CTGTATCCAGGGGCCACGGG,0,4297967
yadI_predicted,0.07142857142857142,13,13,CTGCTCCCCAAGTTGTATCT,0,4285021
yadI_predicted,0.07142857142857142,13,13,CTGCGTGATTCATTCCTCGG,0,4325072
yadI_predicted,0.07142857142857142,13,13,CTGCCTAGCGGTTTACGGCT,0,4295988
yadI_predicted,0.07142857142857142,13,13,CTCGTCCTACGATTGGATCT,0,4294318
yadI_predicted,0.07142857142857142,13,13,CTCCGGCCGCCGCGCCGACT,0,4295641
yadI_predicted,0.07142857142857142,13,13,CTCCAACGGTATCCTACTTT,0,4287163
yadI_predicted,0.07142857142857142,13,13,CTCAACTAATGTAGGACTTA,0,4342890
yadI_predicted,0.07142857142857142,13,13,CTATGTGCGATGCGAGTTAT,0,4291094
yadI_predicted,0.07142857142857142,13,13,CTATAAACCGCTCTACCGGT,0,4359643
yadI_predicted,0.07142857142857142,13,13,CTAGGGGTACGATGTAGTTT,0,4284238
yadI_predicted,0.07142857142857142,13,13,CTAGGAGCAACGAATGGTGC,0,4334549
yadI_predicted,0.07142857142857142,13,13,CTAGCGTGTATTGGCCTTCA,0,4351207
yadI_predicted,0.07142857142857142,13,13,CTAGCGTAATAGGATCGAGT,0,4357325
yadI_predicted,0.07142857142857142,13,13,CTAGCACAATCAACTATTCG,0,4317972
yadI_predicted,0.07142857142857142,13,13,CTACGTAATGGCCCTATTTA,0,4363624
yadI_predicted,0.07142857142857142,13,13,CTAATGATCAGTCGGCGGAA,0,4295446
yadI_predicted,0.07142857142857142,13,13,CTAACTTGTCGGCACCAGAT,0,4333248
yadI_predicted,0.07142857142857142,13,13,CGTTCCATACTTGTCACGAA,0,4313029
yadI_predicted,0.07142857142857142,13,13,CGTTCCAGTTTCAGGTGGAA,0,4318670
yadI_predicted,0.07142857142857142,13,13,CGTGTCGAACGCGGGAGCCA,0,4366309
yadI_predicted,0.07142857142857142,13,13,CGTGCCATCCTACACGCTGT,0,4310950
yadI_predicted,0.07142857142857142,13,13,CGTCATAGTGCCTCTGGACG,0,4307023
yadI_predicted,0.07142857142857142,13,13,CGTACTTGTCTCCAGGATGT,0,4351059
yadI_predicted,0.07142857142857142,13,13,CGTACACGGCACAACCGCGG,0,4309246
yadI_predicted,0.07142857142857142,13,13,CGTAATGGCCACATTGGGTT,0,4295254
yadI_predicted,0.07142857142857142,13,13,CGGTTGTTTGCCACCTTGTC,0,4364737
yadI_predicted,0.07142857142857142,13,13,CGGTTAAGATGTCTGGCGTA,0,4352792
yadI_predicted,0.07142857142857142,13,13,CGGTCCGGATGTCTCTTACA,0,4302761
yadI_predicted,0.07142857142857142,13,13,CGGTAGGTCATGCTTACTAC,0,4308579
yadI_predicted,0.07142857142857142,13,13,CGGGATTATGAAGTCAAGAA,0,4318127
yadI_predicted,0.07142857142857142,13,13,CGGCTACTTGTGCACTCGCA,0,4344871
yadI_predicted,0.07142857142857142,13,13,CGGCACGGATTGTCCACGGA,0,4295506
yadI_predicted,0.07142857142857142,13,13,CGGAAGTTTATTGAGCCTTA,0,4288001
yadI_predicted,0.07142857142857142,13,13,CGCTTGTGTATACCGGAAAT,0,4284950
yadI_predicted,0.07142857142857142,13,13,CGCCTGATAACGTGTAACAG,0,4344408
yadI_predicted,0.07142857142857142,13,13,CGCCCATTGGGTACAACGAT,0,4348872
yadI_predicted,0.07142857142857142,13,13,CGCCATCAACACGGTTGAAC,0,4307945
yadI_predicted,0.07142857142857142,13,13,CGCATATTTCGGGGCATCAG,0,4323687
yadI_predicted,0.07142857142857142,13,13,CGCAGTATGGAAAAGCAGCG,0,4322572
yadI_predicted,0.07142857142857142,13,13,CGATAGTAAGGTCGGTTATA,0,4306697
yadI_predicted,0.07142857142857142,13,13,CGATAGCGGTGTCTCGTAAA,0,4288823
yadI_predicted,0.07142857142857142,13,13,CGAGTTTTGACTGGTATGTA,0,4331637
yadI_predicted,0.07142857142857142,13,13,CGAGTCTGATTTTTCGTTAG,0,4292767
yadI_predicted,0.07142857142857142,13,13,CGAGGCCGAGAACATGTGAG,0,4346526
yadI_predicted,0.07142857142857142,13,13,CGACAGGTGCAAAGCTACGC,0,4324839
yadI_predicted,0.07142857142857142,13,13,CGAAAGAACGCAAGTGGTTA,0,4307081
yadI_predicted,0.07142857142857142,13,13,CCTTTACGCGCCGGAACGTG,0,4296256
yadI_predicted,0.07142857142857142,13,13,CCTTAGGTTGTGACTTTGAG,0,4301616
yadI_predicted,0.07142857142857142,13,13,CCTGGTTGCGTCGTTGGTGA,0,4359505
yadI_predicted,0.07142857142857142,13,13,CCTGCAAGCAGGGCCTCAAA,0,4310455
yadI_predicted,0.07142857142857142,13,13,CCTCTAAGCAAGGGGGTGCT,0,4284721
yadI_predicted,0.07142857142857142,13,13,CCTCCTGCGTAAGATGCTAT,0,4359066
yadI_predicted,0.07142857142857142,13,13,CCTCCCAGACGGACCTTCTG,0,4318316
yadI_predicted,0.07142857142857142,13,13,CCTCACATCCGTCTGGACGG,0,4343015
yadI_predicted,0.07142857142857142,13,13,CCTAGAGTACAGTTGGGGCT,0,4333093
yadI_predicted,0.07142857142857142,13,13,CCGTGGGCCGTCCGTCCTCT,0,4290608
yadI_predicted,0.07142857142857142,13,13,CCGGTAGTGTCTAGAGGGGC,0,4300447
yadI_predicted,0.07142857142857142,13,13,CCGGCTACGGGACGTCTCAC,0,4305303
yadI_predicted,0.07142857142857142,13,13,CCGGCACGGGCAGCGGCCAC,0,4322700
yadI_predicted,0.07142857142857142,13,13,CCGCCTGGAACTGCTTGCGA,0,4337809
yadI_predicted,0.07142857142857142,13,13,CCGCATAGGCATACGATGTC,0,4363794
yadI_predicted,0.07142857142857142,13,13,CCGCAGCGGAGACGCCGACT,0,4287574
yadI_predicted,0.07142857142857142,13,13,CCGATGAAGATGGGTAAATT,0,4360313
yadI_predicted,0.07142857142857142,13,13,CCGATACAGAAGCGGGTAAA,0,4338121
yadI_predicted,0.07142857142857142,13,13,CCGAGCCCTAAGAGGTAACC,0,4303491
yadI_predicted,0.07142857142857142,13,13,CCGACATACGCTCGTACTCG,0,4361828
yadI_predicted,0.07142857142857142,13,13,CCCCGCTTCCTAAATATGTT,0,4319941
yadI_predicted,0.07142857142857142,13,13,CCCCAACACTACTGGTGTTG,0,4357032
yadI_predicted,0.07142857142857142,13,13,CCCATGCGTACGTAACCATT,0,4295950
yadI_predicted,0.07142857142857142,13,13,CCATTGAAATTGTCAGGCGT,0,4291400
yadI_predicted,0.07142857142857142,13,13,CCACTGTTCAAACTCCTGAG,0,4321733
yadI_predicted,0.07142857142857142,13,13,CCACATCGCGTGGTAGTAAT,0,4332512
yadI_predicted,0.07142857142857142,13,13,CCACAATTGTCAGATGAGAT,0,4355042
yadI_predicted,0.07142857142857142,13,13,CCAAGCTGTAACAACGCCAC,0,4327070
yadI_predicted,0.07142857142857142,13,13,CATTCCAACGCAGAGCTAGA,0,4341863
yadI_predicted,0.07142857142857142,13,13,CATTATCTAACGCTGCTATG,0,4339343
yadI_predicted,0.07142857142857142,13,13,CATTACCACTGAGGAACCGA,0,4299191
yadI_predicted,0.07142857142857142,13,13,CATCCTTTAACTGGGTAAGT,0,4329992
yadI_predicted,0.07142857142857142,13,13,CATACTGAAGATCCGCGAAA,0,4354629
yadI_predicted,0.07142857142857142,13,13,CAGTTTTCCCGAATCCAATA,0,4367618
yadI_predicted,0.07142857142857142,13,13,CAGTGTGACCAAACGTACAG,0,4367878
yadI_predicted,0.07142857142857142,13,13,CAGGCCCTCGCAGTGCCAGA,0,4368593
yadI_predicted,0.07142857142857142,13,13,CAGGAATGGAATTAATAGTA,0,4298391
yadI_predicted,0.07142857142857142,13,13,CAGCTCTACAACATGAGTCA,0,4359283
yadI_predicted,0.07142857142857142,13,13,CAGCCCAGTGACGCACCGGA,0,4331819
yadI_predicted,0.07142857142857142,13,13,CAGCATAGTGGCTTGCCTCG,0,4332282
yadI_predicted,0.07142857142857142,13,13,CAGAGATGCACTACTATTGC,0,4345750
yadI_predicted,0.07142857142857142,13,13,CAGACGGGCGAAGGTGATCA,0,4287550
yadI_predicted,0.07142857142857142,13,13,CAGACACCATGGTCTTAGAG,0,4354586
yadI_predicted,0.07142857142857142,13,13,CACTGGTTCATGTTGCCCAA,0,4356194
yadI_predicted,0.07142857142857142,13,13,CACTCACCTGTATGGGACCG,0,4365806
yadI_predicted,0.07142857142857142,13,13,CACTATCGGGAAAAGGGAGT,0,4351268
yadI_predicted,0.07142857142857142,13,13,CACGTTCATATGCCGCTTCA,0,4288936
yadI_predicted,0.07142857142857142,13,13,CACGTATCAAGGGACCGACG,0,4354931
yadI_predicted,0.07142857142857142,13,13,CACGCAGGATTTGGTCTCAA,0,4303009
yadI_predicted,0.07142857142857142,13,13,CACGAAATCCGAGAATTGCT,0,4334775
yadI_predicted,0.07142857142857142,13,13,CACCTAGTAGTAACTTTCGT,0,4336869
yadI_predicted,0.07142857142857142,13,13,CAATTGTGTCGATGTGTCTT,0,4310995
yadI_predicted,0.07142857142857142,13,13,CAATCCAGGTGCTGCGACGT,0,4362964
yadI_predicted,0.07142857142857142,13,13,CAATAAAGTGCAATTTTTTG,0,4294758
yadI_predicted,0.07142857142857142,13,13,CAAGCGATCGGATTTGAAGC,0,4294466
yadI_predicted,0.07142857142857142,13,13,CAAGACTAACTATTCGATAT,0,4331400
yadI_predicted,0.07142857142857142,13,13,ATTTGCCAAAGGTCAGGATT,0,4364820
yadI_predicted,0.07142857142857142,13,13,ATTTGAAGGGGATCTTCAGA,0,4348139
yadI_predicted,0.07142857142857142,13,13,ATTTCGCTCAAAGCGATTTA,0,4333740
yadI_predicted,0.07142857142857142,13,13,ATTGGGTCGCAGCGACACCT,0,4309844
yadI_predicted,0.07142857142857142,13,13,ATTGAGACATGGGCAAATGT,0,4305553
yadI_predicted,0.07142857142857142,13,13,ATTGACGCTGAAGCCAACCT,0,4329463
yadI_predicted,0.07142857142857142,13,13,ATTCGGGGCGGTTACATATA,0,4341073
yadI_predicted,0.07142857142857142,13,13,ATTCGCTGAGTTTTGTAAAT,0,4345709
yadI_predicted,0.07142857142857142,13,13,ATTCACGGACTCTGTTTCGC,0,4342969
yadI_predicted,0.07142857142857142,13,13,ATTAGCGACACGCTGCTTGC,0,4341467
yadI_predicted,0.07142857142857142,13,13,ATTAATTAAGTTCACCACGA,0,4326997
yadI_predicted,0.07142857142857142,13,13,ATGTCCAGCCTTATACCTTG,0,4307615
yadI_predicted,0.07142857142857142,13,13,ATGGTGCCTCGTTAAGCCAA,0,4355696
yadI_predicted,0.07142857142857142,13,13,ATGGTATGGTTTGGAGACGG,0,4288693
yadI_predicted,0.07142857142857142,13,13,ATGGCGGGTGAACAACGTTA,0,4309646
yadI_predicted,0.07142857142857142,13,13,ATGCGGTTGGACCTCTTTTA,0,4365906
yadI_predicted,0.07142857142857142,13,13,ATGCCCGCGGTGAGGTACGA,0,4339618
yadI_predicted,0.07142857142857142,13,13,ATGAGACCCGGATTAGATGA,0,4314181
yadI_predicted,0.07142857142857142,13,13,ATGACCTCGTCGTGGGGCCA,0,4291505
yadI_predicted,0.07142857142857142,13,13,ATCTCTATAGTATGGAGACT,0,4344501
yadI_predicted,0.07142857142857142,13,13,ATCGTTAAGCCGTGCAAGCA,0,4338698
yadI_predicted,0.07142857142857142,13,13,ATCGGAACCGTTACGGCGCG,0,4301408
yadI_predicted,0.07142857142857142,13,13,ATCGAGTCACGGGTTGCTAG,0,4290074
yadI_predicted,0.07142857142857142,13,13,ATCCTCAGTAATAATAGTGT,0,4330355
yadI_predicted,0.07142857142857142,13,13,ATCCCGCAAGGCGAGGATGC,0,4288443
yadI_predicted,0.07142857142857142,13,13,ATAGTCACAAATTTTGACAT,0,4356871
yadI_predicted,0.07142857142857142,13,13,ATAGGAGTCCCGAGAGGGGG,0,4358768
yadI_predicted,0.07142857142857142,13,13,ATACTCCGTGCCCTGTTGGT,0,4319319
yadI_predicted,0.07142857142857142,13,13,ATACGAGACATGAGGGGCAT,0,4316710
yadI_predicted,0.07142857142857142,13,13,ATAAGAGCCCAGGACCACGA,0,4329584
yadI_predicted,0.07142857142857142,13,13,ATAAATGGTTGGTAGAGAAA,0,4317029
yadI_predicted,0.07142857142857142,13,13,AGTTGATGGAGCGACAATAG,0,4289873
yadI_predicted,0.07142857142857142,13,13,AGTTGAGCGAGGGTCCCATA,0,4342125
yadI_predicted,0.07142857142857142,13,13,AGTTGAACGGAAGGTGCGTA,0,4291003
yadI_predicted,0.07142857142857142,13,13,AGTGGGGAAGGGAACACAGG,0,4359700
yadI_predicted,0.07142857142857142,13,13,AGTATTGCGACACGCTTCAC,0,4307180
yadI_predicted,0.07142857142857142,13,13,AGTATGAAGAGTGGACAGGT,0,4302918
yadI_predicted,0.07142857142857142,13,13,AGTAGTTTATAGTTACTTAT,0,4323959
yadI_predicted,0.07142857142857142,13,13,AGTAGTATAGGAATCTCTCT,0,4358041
yadI_predicted,0.07142857142857142,13,13,AGTACTTTGCTTTTCGTCGC,0,4355609
yadI_predicted,0.07142857142857142,13,13,AGTACTTGGGATGAAGGACC,0,4317540
yadI_predicted,0.07142857142857142,13,13,AGGTTTGTCGCCGCAAGCGG,0,4349278
yadI_predicted,0.07142857142857142,13,13,AGGTTGCGAGCCTTGACTGT,0,4360439
yadI_predicted,0.07142857142857142,13,13,AGGTGTACGTTGCCTGGCAA,0,4313784
yadI_predicted,0.07142857142857142,13,13,AGGTCCGGTGACGGTGTAAG,0,4317889
yadI_predicted,0.07142857142857142,13,13,AGGTCAGCTAAACTGCTGTT,0,4304299
yadI_predicted,0.07142857142857142,13,13,AGGTAATTGCATTTTCCTAC,0,4329325
yadI_predicted,0.07142857142857142,13,13,AGGCTTGATCGGCCTCTGCA,0,4342013
yadI_predicted,0.07142857142857142,13,13,AGGCTAAGGTGTAATGCGAC,0,4332654
yadI_predicted,0.07142857142857142,13,13,AGGCGTGATAGGTACAGGAG,0,4290200
yadI_predicted,0.07142857142857142,13,13,AGGCAGTTCGTGTGACCCAG,0,4299256
yadI_predicted,0.07142857142857142,13,13,AGGCAGGAAATAGCGGGGAT,0,4336607
yadI_predicted,0.07142857142857142,13,13,AGCTGTCCAGAAGTTACTTA,0,4295164
yadI_predicted,0.07142857142857142,13,13,AGCTCCATAAATGTCTAGTA,0,4292089
yadI_predicted,0.07142857142857142,13,13,AGCGTTAGCGTTAGAGGGTG,0,4288057
yadI_predicted,0.07142857142857142,13,13,AGCGCATCCATGAGCGTTAG,0,4342895
yadI_predicted,0.07142857142857142,13,13,AGCCTCGGAAGATACAACGA,0,4299851
yadI_predicted,0.07142857142857142,13,13,AGCCGATGAGGTAAATCTTT,0,4305395
yadI_predicted,0.07142857142857142,13,13,AGCCGAAGTCGGATACTACA,0,4340019
yadI_predicted,0.07142857142857142,13,13,AGCCACCAGTAAAGAGAGAG,0,4332743
yadI_predicted,0.07142857142857142,13,13,AGCAGATGGAAAACAGCCCT,0,4354566
yadI_predicted,0.07142857142857142,13,13,AGCACTAATTCAGAAAGCTG,0,4350458
yadI_predicted,0.07142857142857142,13,13,AGCACGAAGAGATCATTTCG,0,4369461
yadI_predicted,0.07142857142857142,13,13,AGATCATGGCTAGTGGGATA,0,4297951
yadI_predicted,0.07142857142857142,13,13,AGAGTGTCCAAACATGGCCT,0,4366371
yadI_predicted,0.07142857142857142,13,13,AGAGTCCGCCCACGTTCAGA,0,4310802
yadI_predicted,0.07142857142857142,13,13,AGACGCGTTGTCAAGTAGAT,0,4287768
yadI_predicted,0.07142857142857142,13,13,AGACATTGCAAAGTATAACG,0,4298085
yadI_predicted,0.07142857142857142,13,13,AGACAAATTTTTGGGCAGCT,0,4325071
yadI_predicted,0.07142857142857142,13,13,AGAAAGGAAACCTCCAGTAT,0,4337064
yadI_predicted,0.07142857142857142,13,13,ACTTCCTTTTTTAGGCCAGA,0,4363013
yadI_predicted,0.07142857142857142,13,13,ACTTAATTTCGGATCAGGAA,0,4315222
yadI_predicted,0.07142857142857142,13,13,ACTGGTCAGATTTCACGTTT,0,4296020
yadI_predicted,0.07142857142857142,13,13,ACTGGGGGATAGGAGGGGCA,0,4342303
yadI_predicted,0.07142857142857142,13,13,ACTGGCGTCGGTTATTGCTA,0,4308604
yadI_predicted,0.07142857142857142,13,13,ACTGCCTAAGTGGTTACGGC,0,4326988
yadI_predicted,0.07142857142857142,13,13,ACTCTGTGGACCCCTAAGAC,0,4319700
yadI_predicted,0.07142857142857142,13,13,ACTACCGTTCGGAGGGAACG,0,4309120
yadI_predicted,0.07142857142857142,13,13,ACGTTGCTGCCGACGGGTGT,0,4333181
yadI_predicted,0.07142857142857142,13,13,ACGTTACCTACGTTAGTTTC,0,4337520
yadI_predicted,0.07142857142857142,13,13,ACGGTGGACGGCAACTCCGT,0,4287391
yadI_predicted,0.07142857142857142,13,13,ACGGTCAGATATTTTTAAAA,0,4285808
yadI_predicted,0.07142857142857142,13,13,ACGATCCGGTACCATGCATA,0,4299074
yadI_predicted,0.07142857142857142,13,13,ACCTTGGGAAGTCTATGAGC,0,4290685
yadI_predicted,0.07142857142857142,13,13,ACCGCCGCTGTGGGGATACT,0,4309666
yadI_predicted,0.07142857142857142,13,13,ACCCTGGGTATTAAGTCTAG,0,4313941
yadI_predicted,0.07142857142857142,13,13,ACCATATGCGGCAACATCGG,0,4364661
yadI_predicted,0.07142857142857142,13,13,ACATGGAGTTGTGGAATAAT,0,4314930
yadI_predicted,0.07142857142857142,13,13,ACATCGAGCTACGCCCTTCC,0,4303354
yadI_predicted,0.07142857142857142,13,13,ACATATCGCCCAACGCACGA,0,4300719
yadI_predicted,0.07142857142857142,13,13,ACATATACCAGCACCTCGTT,0,4313926
yadI_predicted,0.07142857142857142,13,13,ACAGGGCAATTACGGACCGC,0,4344712
yadI_predicted,0.07142857142857142,13,13,ACAGAGTAAGGTAGAATGAT,0,4293320
yadI_predicted,0.07142857142857142,13,13,ACACGATATGTCGTCAGCCC,0,4352927
yadI_predicted,0.07142857142857142,13,13,ACACCCATGATACCCCAATA,0,4346431
yadI_predicted,0.07142857142857142,13,13,ACAATGTAGGCCCGCGACGA,0,4321267
yadI_predicted,0.07142857142857142,13,13,ACAACAAAAGACGTTTTTTG,0,4290078
yadI_predicted,0.07142857142857142,13,13,ACAAAAACCTCGGCCACACT,0,4321916
yadI_predicted,0.07142857142857142,13,13,AATTTATTGCCGGTCTGCAA,0,4352155
yadI_predicted,0.07142857142857142,13,13,AATTGCTTGCTTTCACGAAG,0,4319228
yadI_predicted,0.07142857142857142,13,13,AATTCGATGGTACGGCATTT,0,4311585
yadI_predicted,0.07142857142857142,13,13,AATTCCCCGTTACGGTGTCG,0,4358712
yadI_predicted,0.07142857142857142,13,13,AATGTGTTAGCTTGGAATCG,0,4318304
yadI_predicted,0.07142857142857142,13,13,AATGTCGAATAATTTTATAT,0,4306404
yadI_predicted,0.07142857142857142,13,13,AATGCCCATAAAGGCGGGGT,0,4288436
yadI_predicted,0.07142857142857142,13,13,AATCTGGCACCCGACGGATT,0,4292219
yadI_predicted,0.07142857142857142,13,13,AATCGCGGACCTACAAATTG,0,4301067
yadI_predicted,0.07142857142857142,13,13,AATCCTTCCAGCTCCCGGTG,0,4335690
yadI_predicted,0.07142857142857142,13,13,AATAGTCGTCGAAGTGGAGG,0,4311389
yadI_predicted,0.07142857142857142,13,13,AATAAACGTGGTTGCTCAGC,0,4319849
yadI_predicted,0.07142857142857142,13,13,AAGTTTTGGAAGTGTCCACA,0,4340175
yadI_predicted,0.07142857142857142,13,13,AAGTTAATCCACTAGATGGC,0,4304331
yadI_predicted,0.07142857142857142,13,13,AAGTGATGGATGGTTAGACA,0,4340626
yadI_predicted,0.07142857142857142,13,13,AAGTGAATCCGGACGAGCGA,0,4307535
yadI_predicted,0.07142857142857142,13,13,AAGTCGTTAATGAAAAAGAT,0,4321862
yadI_predicted,0.07142857142857142,13,13,AAGTCGCCACTAGAGCTCAG,0,4332151
yadI_predicted,0.07142857142857142,13,13,AAGTACAGCGGAGATTGTTT,0,4310767
yadI_predicted,0.07142857142857142,13,13,AAGGAGTGTCTTTCTTGGCC,0,4330577
yadI_predicted,0.07142857142857142,13,13,AAGGAAAATGAAGGGCGGCA,0,4315340
yadI_predicted,0.07142857142857142,13,13,AAGAGGGGCTACCCTGCCGG,0,4296048
yadI_predicted,0.07142857142857142,13,13,AAGAATCCGTAGTAGATCAG,0,4361894
yadI_predicted,0.07142857142857142,13,13,AACTGGAGTAACATGATTAG,0,4306383
yadI_predicted,0.07142857142857142,13,13,AACTCTGCTCGCATGCCAGG,0,4290592
yadI_predicted,0.07142857142857142,13,13,AACTCTAGTAGCGGAAATTC,0,4316235
yadI_predicted,0.07142857142857142,13,13,AACTAGCAGATTAGGCCTTC,0,4311651
yadI_predicted,0.07142857142857142,13,13,AACGGCTGTACAAGCGGGCT,0,4299490
yadI_predicted,0.07142857142857142,13,13,AACGAGACCCGGGGGTGTAG,0,4303456
yadI_predicted,0.07142857142857142,13,13,AACCTTGAAGCTTTATTGAT,0,4315604
yadI_predicted,0.07142857142857142,13,13,AACCGTCCAGCTATATGGTC,0,4289278
yadI_predicted,0.07142857142857142,13,13,AACCATTCAGTAAGAAACCC,0,4350078
yadI_predicted,0.07142857142857142,13,13,AACAGTACTCAAGGTTTTGT,0,4334691
yadI_predicted,0.07142857142857142,13,13,AACAGGGGGTATAGTTGGTA,0,4319403
yadI_predicted,0.07142857142857142,13,13,AACACTAGGCTGGGTCACGA,0,4323119
yadI_predicted,0.07142857142857142,13,13,AAAGTATGGGTACCGGATTA,0,4298176
yadI_predicted,0.07142857142857142,13,13,AAACAGAACAAAGTCCACGT,0,4359134
yadI_predicted,0.07692307692307693,12,12,TTTTTAGACAGAGTTTATCC,0,4288322
yadI_predicted,0.07692307692307693,12,12,TTTTCGAGGGAATCCATCAA,0,4285304
yadI_predicted,0.07692307692307693,12,12,TTTTCCGATATCACGATCGA,0,4347163
yadI_predicted,0.07692307692307693,12,12,TTTTCCCACCCCTCGGGCGG,0,4291111
yadI_predicted,0.07692307692307693,12,12,TTTTACGACGTGGCTGGCTA,0,4307815
yadI_predicted,0.07692307692307693,12,12,TTTTACCTTGATCGAAACCA,0,4358374
yadI_predicted,0.07692307692307693,12,12,TTTGGCTCTGCACCTTGTCA,0,4307915
yadI_predicted,0.07692307692307693,12,12,TTTGCAACTGGATCCATCGT,0,4345442
yadI_predicted,0.07692307692307693,12,12,TTTCGATTTCCCAGAGGTGA,0,4338127
yadI_predicted,0.07692307692307693,12,12,TTTCGAGTATCACGCATTTC,0,4312484
yadI_predicted,0.07692307692307693,12,12,TTTCAGAAGTGAAGGTCTCC,0,4334264
yadI_predicted,0.07692307692307693,12,12,TTTATACCCATCAGGGTAGT,0,4335566
yadI_predicted,0.07692307692307693,12,12,TTTAGTTGTCTTGCCAACCT,0,4341918
yadI_predicted,0.07692307692307693,12,12,TTTAGACTCGATAACTCGGT,0,4295805
yadI_predicted,0.07692307692307693,12,12,TTTAAGCTCCTTTTTAACTT,0,4332503
yadI_predicted,0.07692307692307693,12,12,TTGTGGCCTCATGATCGTTC,0,4285401
yadI_predicted,0.07692307692307693,12,12,TTGTGCCCCGGGGACCAATT,0,4290243
yadI_predicted,0.07692307692307693,12,12,TTGTATGGCAACATTATATC,0,4356803
yadI_predicted,0.07692307692307693,12,12,TTGTATGACGACTAAACTAC,0,4349475
yadI_predicted,0.07692307692307693,12,12,TTGGAGAGGTCCGAGGTACA,0,4311926
yadI_predicted,0.07692307692307693,12,12,TTGCGGGCTAGTGAGTTTGG,0,4369613
yadI_predicted,0.07692307692307693,12,12,TTGCGGATAAGACCTGGCTG,0,4350072
yadI_predicted,0.07692307692307693,12,12,TTGATGCTAACAGAGCGTGC,0,4364449
yadI_predicted,0.07692307692307693,12,12,TTGAATTCCACGGACGGGGA,0,4324690
yadI_predicted,0.07692307692307693,12,12,TTGAAAGAGTCATTTCGAGC,0,4321426
yadI_predicted,0.07692307692307693,12,12,TTCTTTCCCCCCAGTGGTGG,0,4298006
yadI_predicted,0.07692307692307693,12,12,TTCGTGGAATCCGACTCGAC,0,4310257
yadI_predicted,0.07692307692307693,12,12,TTCCCGCTAACGTCTATCAA,0,4364971
yadI_predicted,0.07692307692307693,12,12,TTCCAGAATCGTCAATACCT,0,4314186
yadI_predicted,0.07692307692307693,12,12,TTCATAGATAACAGCGATAC,0,4352151
yadI_predicted,0.07692307692307693,12,12,TTCACGCGCTCTCCCATAAT,0,4300193
yadI_predicted,0.07692307692307693,12,12,TTATTAACTTAATAGCAACG,0,4326910
yadI_predicted,0.07692307692307693,12,12,TTAGTCTTATAAATCATTTA,0,4285087
yadI_predicted,0.07692307692307693,12,12,TTAGTCCTATCAGGGCAATT,0,4364290
yadI_predicted,0.07692307692307693,12,12,TTAGTCAGGAATGTTCAGTA,0,4306742
yadI_predicted,0.07692307692307693,12,12,TTAGGTACAAATTGTAAATG,0,4339457
yadI_predicted,0.07692307692307693,12,12,TTAGGGTTCTTGCAGTTTAA,0,4316559
yadI_predicted,0.07692307692307693,12,12,TTAGCCTTCGGACTTACGAG,0,4344160
yadI_predicted,0.07692307692307693,12,12,TTACGGGAACAATATCAAGA,0,4314379
yadI_predicted,0.07692307692307693,12,12,TTACGAGGGGCGCTGAACTT,0,4351440
yadI_predicted,0.07692307692307693,12,12,TTAAGGACTGACACCGAATG,0,4287837
yadI_predicted,0.07692307692307693,12,12,TTAAGCCCGCTCTTTTGCAT,0,4323895
yadI_predicted,0.07692307692307693,12,12,TTAAGCAGGTGTACGAACCA,0,4301312
yadI_predicted,0.07692307692307693,12,12,TTAACTCTTGCGGGCTTTAG,0,4359573
yadI_predicted,0.07692307692307693,12,12,TTAACCATAAGACACGCTGG,0,4293711
yadI_predicted,0.07692307692307693,12,12,TGTTCGCCTTCATACTAAAC,0,4319254
yadI_predicted,0.07692307692307693,12,12,TGTTCGATACGACCGGAGGG,0,4336376
yadI_predicted,0.07692307692307693,12,12,TGTGCAGGCGGGGGAATGAT,0,4317862
yadI_predicted,0.07692307692307693,12,12,TGTGATCCATAGGCCGCGGC,0,4293182
yadI_predicted,0.07692307692307693,12,12,TGTGAGCCAAGGTTGCATCG,0,4298740
yadI_predicted,0.07692307692307693,12,12,TGTCGTAGTTTCATCTTAGG,0,4310578
yadI_predicted,0.07692307692307693,12,12,TGTAACAACCGTTACATATC,0,4295850
yadI_predicted,0.07692307692307693,12,12,TGGTTTTTTCGCTGGTCCTG,0,4349233
yadI_predicted,0.07692307692307693,12,12,TGGTCTTCATCAAATGCACT,0,4355757
yadI_predicted,0.07692307692307693,12,12,TGGGTTGAAAATACCGATGC,0,4343186
yadI_predicted,0.07692307692307693,12,12,TGGGTCCAGCACGTTTGACG,0,4307052
yadI_predicted,0.07692307692307693,12,12,TGGGGTACTATCGAATCGTC,0,4292431
yadI_predicted,0.07692307692307693,12,12,TGGGAGGACTTTCTTCGATC,0,4297942
yadI_predicted,0.07692307692307693,12,12,TGGCTGATAGACGTGTGGAA,0,4366223
yadI_predicted,0.07692307692307693,12,12,TGGCTCCATACTCTATTTGG,0,4308985
yadI_predicted,0.07692307692307693,12,12,TGGCGGGAGATCAGTTGGTT,0,4347080
yadI_predicted,0.07692307692307693,12,12,TGGATCTATACGGCGTAGAT,0,4341689
yadI_predicted,0.07692307692307693,12,12,TGGAGTTTGGTTAGCGGAAG,0,4343896
yadI_predicted,0.07692307692307693,12,12,TGGAGAGGGAGACCACATAA,0,4299450
yadI_predicted,0.07692307692307693,12,12,TGGACCGTTCTGCAGTTACT,0,4358077
yadI_predicted,0.07692307692307693,12,12,TGCTTGTAGATCACAGCGGA,0,4303137
yadI_predicted,0.07692307692307693,12,12,TGCTGACCTTTTGCAATCAG,0,4331887
yadI_predicted,0.07692307692307693,12,12,TGCTAAGTACTCACAAGTCA,0,4323920
yadI_predicted,0.07692307692307693,12,12,TGCGGACCTGGATTACCACG,0,4328645
yadI_predicted,0.07692307692307693,12,12,TGCGCTCAAACTTCTGAAGG,0,4325559
yadI_predicted,0.07692307692307693,12,12,TGCATAGGGCGTCCACAGAG,0,4344951
yadI_predicted,0.07692307692307693,12,12,TGCAAGGATGCTGTACCCCA,0,4318907
yadI_predicted,0.07692307692307693,12,12,TGATTTGCATGTACATCGCC,0,4334166
yadI_predicted,0.07692307692307693,12,12,TGATGCAAGAGTGAGATCGG,0,4289931
yadI_predicted,0.07692307692307693,12,12,TGATGACAGTCGGAACGCGT,0,4312634
yadI_predicted,0.07692307692307693,12,12,TGATCTGCGTACTATTTCGT,0,4298143
yadI_predicted,0.07692307692307693,12,12,TGATAATTCGGCATCTATCT,0,4309486
yadI_predicted,0.07692307692307693,12,12,TGAGGTGACTCTTGGTTAAA,0,4358806
yadI_predicted,0.07692307692307693,12,12,TGAGGTCATCGCCTATCCTG,0,4286661
yadI_predicted,0.07692307692307693,12,12,TGACTTAAAGCGGTTGTACG,0,4365698
yadI_predicted,0.07692307692307693,12,12,TGACGTACATCAGGGACCCT,0,4306148
yadI_predicted,0.07692307692307693,12,12,TGACCGCCGACCGGTGTCAT,0,4320161
yadI_predicted,0.07692307692307693,12,12,TCTTTTGTCTTGTCCATCAA,0,4343247
yadI_predicted,0.07692307692307693,12,12,TCTGTACTGCATCTTTCTAC,0,4347983
yadI_predicted,0.07692307692307693,12,12,TCTGGGGTGAACCGTCTAGC,0,4302893
yadI_predicted,0.07692307692307693,12,12,TCTCACACGATTTTCGGGAT,0,4360650
yadI_predicted,0.07692307692307693,12,12,TCTATTATAGCCCGGATCGT,0,4291175
yadI_predicted,0.07692307692307693,12,12,TCTAGTTCGCCCGAGGGAAA,0,4369682
yadI_predicted,0.07692307692307693,12,12,TCTAGGCAGGTCACAGGCGC,0,4322935
yadI_predicted,0.07692307692307693,12,12,TCTAAAGTTGAGTTGCTAGA,0,4349959
yadI_predicted,0.07692307692307693,12,12,TCGTTTGCATAATAAGCTGG,0,4365464
yadI_predicted,0.07692307692307693,12,12,TCGTGTGCGTAGGAGCCAGT,0,4369477
yadI_predicted,0.07692307692307693,12,12,TCGTGAAAATATGTCCAGAT,0,4316576
yadI_predicted,0.07692307692307693,12,12,TCGTCCAGCAAGGGAATCGC,0,4341726
yadI_predicted,0.07692307692307693,12,12,TCGTCCAACACATTAAACAG,0,4311485
yadI_predicted,0.07692307692307693,12,12,TCGTATCAATTCTCACCGGC,0,4369751
yadI_predicted,0.07692307692307693,12,12,TCGGGTATAGAGCCCTTTAG,0,4291993
yadI_predicted,0.07692307692307693,12,12,TCGGCGCTTTCTCCCGGTTT,0,4313496
yadI_predicted,0.07692307692307693,12,12,TCGCTGCGTCCTCTCGTTAC,0,4353467
yadI_predicted,0.07692307692307693,12,12,TCGCGGAGCCCGACCTGGAT,0,4326189
yadI_predicted,0.07692307692307693,12,12,TCGATATTTACACATAAAGA,0,4354135
yadI_predicted,0.07692307692307693,12,12,TCGAGGGATCAGTGTTAAAA,0,4290466
yadI_predicted,0.07692307692307693,12,12,TCGAGAAGGTGAACTTGGGG,0,4361096
yadI_predicted,0.07692307692307693,12,12,TCGACTTTTGAGGTCACGTA,0,4311903
yadI_predicted,0.07692307692307693,12,12,TCGACCGGGCGTACGCCGTA,0,4337381
yadI_predicted,0.07692307692307693,12,12,TCCTGTGCCATTTCATGCCT,0,4352515
yadI_predicted,0.07692307692307693,12,12,TCCTAGCGCAGGACTTCATG,0,4313739
yadI_predicted,0.07692307692307693,12,12,TCCGTTCAAGAGGTCCCTAA,0,4361561
yadI_predicted,0.07692307692307693,12,12,TCCGGAACATCTGGGAAGTA,0,4320107
yadI_predicted,0.07692307692307693,12,12,TCCATTGATGGGTAATAGAC,0,4327859
yadI_predicted,0.07692307692307693,12,12,TCCATACATTGATGTTGTCA,0,4313687
yadI_predicted,0.07692307692307693,12,12,TCCAGCTCGAGTTTTCAACG,0,4309857
yadI_predicted,0.07692307692307693,12,12,TCATGGAGACGGACTCCCTT,0,4304782
yadI_predicted,0.07692307692307693,12,12,TCATGCCGCTCATATTCACA,0,4326711
yadI_predicted,0.07692307692307693,12,12,TCATCTGTTTTACTGCGGTT,0,4320901
yadI_predicted,0.07692307692307693,12,12,TCAGTTTTCCGCAGACACGA,0,4336616
yadI_predicted,0.07692307692307693,12,12,TCAGGTCAATGTCTGAATAC,0,4314876
yadI_predicted,0.07692307692307693,12,12,TCACTTTGCCATCGGCCGGT,0,4294986
yadI_predicted,0.07692307692307693,12,12,TCACTCGATTACCGTTTTAT,0,4339123
yadI_predicted,0.07692307692307693,12,12,TCACGAACCTGGGAATAGGA,0,4296741
yadI_predicted,0.07692307692307693,12,12,TCACCTCAGTATGTTAGGTT,0,4300276
yadI_predicted,0.07692307692307693,12,12,TCACAAGAACAACAGAAGGT,0,4321822
yadI_predicted,0.07692307692307693,12,12,TATTTAACGAGTAGATCCGG,0,4343638
yadI_predicted,0.07692307692307693,12,12,TATGTAGGTTAGGCGCGTGA,0,4318704
yadI_predicted,0.07692307692307693,12,12,TATCCAACTCCGAAGGCGGA,0,4304212
yadI_predicted,0.07692307692307693,12,12,TATCAGTTGCTATTCGTCTC,0,4304799
yadI_predicted,0.07692307692307693,12,12,TAGTTATAATTTACAATACG,0,4305860
yadI_predicted,0.07692307692307693,12,12,TAGGGACGCTGCGCGATTTT,0,4326060
yadI_predicted,0.07692307692307693,12,12,TAGGCTCTCTGTTTGGGTGT,0,4339382
yadI_predicted,0.07692307692307693,12,12,TAGGCCCAATCCAGACGACT,0,4361302
yadI_predicted,0.07692307692307693,12,12,TAGGATATAATGTGTAAGAA,0,4295219
yadI_predicted,0.07692307692307693,12,12,TAGCTGCGGAGTTTTTTGCA,0,4321268
yadI_predicted,0.07692307692307693,12,12,TAGCGCACCACTCAACTGAT,0,4363561
yadI_predicted,0.07692307692307693,12,12,TAGCGCAACCAAATTCAATA,0,4334103
yadI_predicted,0.07692307692307693,12,12,TAGAGTCGAACGTACCGGCT,0,4351462
yadI_predicted,0.07692307692307693,12,12,TAGAAACATATTTTGGGGCG,0,4347217
yadI_predicted,0.07692307692307693,12,12,TACTGGACTAAAGCTCCATA,0,4293669
yadI_predicted,0.07692307692307693,12,12,TACTGAAATGACCCTGCCAA,0,4321808
yadI_predicted,0.07692307692307693,12,12,TACGGTCAACATGTGGGTCA,0,4287947
yadI_predicted,0.07692307692307693,12,12,TACCCGTCTCTATAAAGAAT,0,4354451
yadI_predicted,0.07692307692307693,12,12,TACATACGGAACGTGTTGTT,0,4315324
yadI_predicted,0.07692307692307693,12,12,TACACCGTAAGTGGCATTCC,0,4318307
yadI_predicted,0.07692307692307693,12,12,TAATTTGGCCCTAAGTGCGC,0,4305169
yadI_predicted,0.07692307692307693,12,12,TAATGGGTCATTATTCGGCC,0,4300572
yadI_predicted,0.07692307692307693,12,12,TAATCTGGGGTAATGGGGCT,0,4363814
yadI_predicted,0.07692307692307693,12,12,TAATCTCAGAGTATTTCGTC,0,4348711
yadI_predicted,0.07692307692307693,12,12,TAAGCTCCTCGGGCAATGAA,0,4294896
yadI_predicted,0.07692307692307693,12,12,TAACGAAAGGCGATTGCCCG,0,4343198
yadI_predicted,0.07692307692307693,12,12,GTTTGACCCTCAAAAAGGAG,0,4339404
yadI_predicted,0.07692307692307693,12,12,GTTTCACAACGGCCTTCTAA,0,4352507
yadI_predicted,0.07692307692307693,12,12,GTTGTCGCGGTGGACGGCTA,0,4350453
yadI_predicted,0.07692307692307693,12,12,GTTGGTTCGAGGGTGCAACC,0,4366902
yadI_predicted,0.07692307692307693,12,12,GTTGGATTTACCCCACGGAC,0,4330473
yadI_predicted,0.07692307692307693,12,12,GTTCGGTGAACCGGACTGGC,0,4305902
yadI_predicted,0.07692307692307693,12,12,GTTATTAACTCCAGACGGCC,0,4305969
yadI_predicted,0.07692307692307693,12,12,GTTAGGTGCGCGATCGGAAA,0,4366027
yadI_predicted,0.07692307692307693,12,12,GTTAGCATCGCGACGATGTA,0,4348216
yadI_predicted,0.07692307692307693,12,12,GTTACGTCGGCATAAGTCAG,0,4348961
yadI_predicted,0.07692307692307693,12,12,GTTAATTCGACGCGTATAAA,0,4306426
yadI_predicted,0.07692307692307693,12,12,GTGTCGTAATGAAGCTGAGA,0,4301254
yadI_predicted,0.07692307692307693,12,12,GTGGTACCGCTCCGGAAGGA,0,4339888
yadI_predicted,0.07692307692307693,12,12,GTGGGCTCCAGATAATCCTC,0,4359773
yadI_predicted,0.07692307692307693,12,12,GTGCTCGTTAAAAGACTCAT,0,4345633
yadI_predicted,0.07692307692307693,12,12,GTGCGGTACCAGGAGAGTGA,0,4337486
yadI_predicted,0.07692307692307693,12,12,GTGCGCGACAATTTGCTTGA,0,4368814
yadI_predicted,0.07692307692307693,12,12,GTGCCCTTAGGTATGGGAGA,0,4298811
yadI_predicted,0.07692307692307693,12,12,GTGCCATCAGTCGGGAGCTT,0,4323903
yadI_predicted,0.07692307692307693,12,12,GTGCACAACTCGCAGTTCAC,0,4330752
yadI_predicted,0.07692307692307693,12,12,GTGATGAGCACGGAACCGAC,0,4340167
yadI_predicted,0.07692307692307693,12,12,GTGAGGTGCGCGCTGACTGA,0,4349928
yadI_predicted,0.07692307692307693,12,12,GTGACATAAGTGGCTCTCTT,0,4312137
yadI_predicted,0.07692307692307693,12,12,GTCTGATTTTTAATTTTAAG,0,4318255
yadI_predicted,0.07692307692307693,12,12,GTCGTGCCAAGTTTAAGATG,0,4284715
yadI_predicted,0.07692307692307693,12,12,GTCGGGAGTGATCATTAATG,0,4341683
yadI_predicted,0.07692307692307693,12,12,GTCGCGGTGAGTCGTTCGCA,0,4329904
yadI_predicted,0.07692307692307693,12,12,GTCCGGTGTTATGGAATGTA,0,4338852
yadI_predicted,0.07692307692307693,12,12,GTCCGGGACTTTTCTTTCTA,0,4334654
yadI_predicted,0.07692307692307693,12,12,GTCCCTTGGGTTTCTCTAAA,0,4320955
yadI_predicted,0.07692307692307693,12,12,GTCCCGCCACACATCAATAT,0,4324226
yadI_predicted,0.07692307692307693,12,12,GTCCCCATCGGCGCACAATG,0,4343679
yadI_predicted,0.07692307692307693,12,12,GTCATATGTCCGCTATAGGA,0,4361700
yadI_predicted,0.07692307692307693,12,12,GTCACCGAGGGTTGACGGCG,0,4329167
yadI_predicted,0.07692307692307693,12,12,GTCAAGCAACCATGAAAGAC,0,4336605
yadI_predicted,0.07692307692307693,12,12,GTATACCAGGCATTTGAGCA,0,4367263
yadI_predicted,0.07692307692307693,12,12,GTAGGGCGACCGGTTAGTCA,0,4328161
yadI_predicted,0.07692307692307693,12,12,GTAGCGTCGGAACGGGTTGA,0,4314624
yadI_predicted,0.07692307692307693,12,12,GTAGAGGCCGGGAGCTATGG,0,4341295
yadI_predicted,0.07692307692307693,12,12,GTACTACTCGTGGCTTATCG,0,4358097
yadI_predicted,0.07692307692307693,12,12,GTAATTTAAATGTATACATG,0,4341770
yadI_predicted,0.07692307692307693,12,12,GGTTTCTCCTGTAGCTACGC,0,4296551
yadI_predicted,0.07692307692307693,12,12,GGTTGGTCAAAAGGAGGAGG,0,4316895
yadI_predicted,0.07692307692307693,12,12,GGTTGGGGCACCTACGACGT,0,4360591
yadI_predicted,0.07692307692307693,12,12,GGTTCCGTTCATCGCCTTCC,0,4329076
yadI_predicted,0.07692307692307693,12,12,GGTTCCCTTTGGGTGCATAC,0,4332199
yadI_predicted,0.07692307692307693,12,12,GGTTAACAACAGGAGTGGCA,0,4333218
yadI_predicted,0.07692307692307693,12,12,GGTGACGGCAACTGACGGCA,0,4347273
yadI_predicted,0.07692307692307693,12,12,GGTCGGGAACTATACGACGA,0,4294925
yadI_predicted,0.07692307692307693,12,12,GGTCCCTAGAGCAGTGATCT,0,4344114
yadI_predicted,0.07692307692307693,12,12,GGTCACCGCTAGTTGAAGGT,0,4295106
yadI_predicted,0.07692307692307693,12,12,GGTATAATCTCTATCTCGTA,0,4287013
yadI_predicted,0.07692307692307693,12,12,GGTAGTTCACCGGCCCTACA,0,4329225
yadI_predicted,0.07692307692307693,12,12,GGGTTTCGAGGTGGTTGGAC,0,4338154
yadI_predicted,0.07692307692307693,12,12,GGGTTCGACGTTCGCCAATC,0,4347083
yadI_predicted,0.07692307692307693,12,12,GGGGATTAACTGCCCGTGGA,0,4338194
yadI_predicted,0.07692307692307693,12,12,GGGCGAATAGTAATTTAGAT,0,4318785
yadI_predicted,0.07692307692307693,12,12,GGGCATTACACGAGCGTCGC,0,4361710
yadI_predicted,0.07692307692307693,12,12,GGCTATTTGATAATTCGACA,0,4334506
yadI_predicted,0.07692307692307693,12,12,GGCGTCCTCATCCTTTCGTT,0,4354747
yadI_predicted,0.07692307692307693,12,12,GGCGGTGGACTACTACAGAA,0,4331251
yadI_predicted,0.07692307692307693,12,12,GGCGGCTGACACCCTATTGA,0,4297755
yadI_predicted,0.07692307692307693,12,12,GGCGCAATCGCGACAGTCTC,0,4356181
yadI_predicted,0.07692307692307693,12,12,GGCGACGGGTCTCGGCGGGC,0,4307383
yadI_predicted,0.07692307692307693,12,12,GGCCGCCGAGCATTTTCAAT,0,4324413
yadI_predicted,0.07692307692307693,12,12,GGCCCCACGGCTCTCAGTGG,0,4338507
yadI_predicted,0.07692307692307693,12,12,GGATTCCTGCTGGGAGTGAT,0,4344283
yadI_predicted,0.07692307692307693,12,12,GGAGTTTGAAGGACACCAAC,0,4327671
yadI_predicted,0.07692307692307693,12,12,GGAGTGAGCGTTCATCGACG,0,4342193
yadI_predicted,0.07692307692307693,12,12,GGAGTCTGGTCAGATTTTGT,0,4326070
yadI_predicted,0.07692307692307693,12,12,GGAGGCTCCGCTAAGTTGTA,0,4326545
yadI_predicted,0.07692307692307693,12,12,GGAGATTGTTTACATGTGTG,0,4334650
yadI_predicted,0.07692307692307693,12,12,GGACGCATGTGACTCCGCGA,0,4337390
yadI_predicted,0.07692307692307693,12,12,GGAATCACTTGCGGCCCTAA,0,4329689
yadI_predicted,0.07692307692307693,12,12,GGAATAGCCTCACACTATTA,0,4295045
yadI_predicted,0.07692307692307693,12,12,GGAAGCTTGAATCTGGAATT,0,4308362
yadI_predicted,0.07692307692307693,12,12,GGAACAGTTCAGCCCATTAT,0,4357656
yadI_predicted,0.07692307692307693,12,12,GGAAACTATTACAGCGTTCT,0,4293623
yadI_predicted,0.07692307692307693,12,12,GCTGTTCCAGGATCCGGTCA,0,4335911
yadI_predicted,0.07692307692307693,12,12,GCTGCGCCCCGTTTTTACAA,0,4333642
yadI_predicted,0.07692307692307693,12,12,GCTGATATGGTATCGACGTG,0,4327603
yadI_predicted,0.07692307692307693,12,12,GCTCTGGACAGGAGGAGCTA,0,4300934
yadI_predicted,0.07692307692307693,12,12,GCTCTCGCCATATATTGTGG,0,4285105
yadI_predicted,0.07692307692307693,12,12,GCTCGTTGAGTTAAGCTATT,0,4284474
yadI_predicted,0.07692307692307693,12,12,GCTCGGGAGGAAGAGGATAT,0,4309845
yadI_predicted,0.07692307692307693,12,12,GCTCAGAAAGGGATGAACCT,0,4305735
yadI_predicted,0.07692307692307693,12,12,GCTCAAGTTAAGGTATTTCC,0,4353690
yadI_predicted,0.07692307692307693,12,12,GCTCAACCAAGCGCAGGCCA,0,4327357
yadI_predicted,0.07692307692307693,12,12,GCTATCTACGAAAATTCACT,0,4361303
yadI_predicted,0.07692307692307693,12,12,GCTACCAAGTGGGACTGAAA,0,4293672
yadI_predicted,0.07692307692307693,12,12,GCTACAGAGGTTGTCAGGGT,0,4300584
yadI_predicted,0.07692307692307693,12,12,GCTAAAACCTGAGTAGGCGT,0,4300451
yadI_predicted,0.07692307692307693,12,12,GCGTTGGAGGACCTTCACTC,0,4308331
yadI_predicted,0.07692307692307693,12,12,GCGTTAGCATGTACAAGGCC,0,4297370
yadI_predicted,0.07692307692307693,12,12,GCGTGTGAGCTTGCTCAGGC,0,4342547
yadI_predicted,0.07692307692307693,12,12,GCGTGAGTATGTAGGAATTA,0,4324697
yadI_predicted,0.07692307692307693,12,12,GCGTAAGGTGATCATCCCTT,0,4308838
yadI_predicted,0.07692307692307693,12,12,GCGGTGATCACTGAATCAGG,0,4362170
yadI_predicted,0.07692307692307693,12,12,GCGGGATTCGGGAAATAGGA,0,4316098
yadI_predicted,0.07692307692307693,12,12,GCGGAGCGAACTGTGTTCGT,0,4312353
yadI_predicted,0.07692307692307693,12,12,GCGACTTGGAGCCGAAACTA,0,4319768
yadI_predicted,0.07692307692307693,12,12,GCGACTGTGTCACGGTACAC,0,4331753
yadI_predicted,0.07692307692307693,12,12,GCCTGGGAGTCCAAACCCCT,0,4305263
yadI_predicted,0.07692307692307693,12,12,GCCTAGATCTAACGTGCGTT,0,4299849
yadI_predicted,0.07692307692307693,12,12,GCCGCAAGAATTCCTATACA,0,4368515
yadI_predicted,0.07692307692307693,12,12,GCCCCTACAGCTCTGTTGAT,0,4335479
yadI_predicted,0.07692307692307693,12,12,GCCCAGCCCCGCCGCGCGGT,0,4320643
yadI_predicted,0.07692307692307693,12,12,GCCCAATTGGCCTGAATGCA,0,4356848
yadI_predicted,0.07692307692307693,12,12,GCCATGCACGTGATAATTTG,0,4323157
yadI_predicted,0.07692307692307693,12,12,GCCATGAATAAATCAGCTCC,0,4300576
yadI_predicted,0.07692307692307693,12,12,GCATTTTGAACGGGATATTT,0,4344680
yadI_predicted,0.07692307692307693,12,12,GCATGGGCGGTGCAGGGTGA,0,4355573
yadI_predicted,0.07692307692307693,12,12,GCATCAGACTGCAGGCTAGT,0,4352770
yadI_predicted,0.07692307692307693,12,12,GCAGAACGGTACGTCGATGA,0,4286416
yadI_predicted,0.07692307692307693,12,12,GCAGAAATCCAGGCCCGACA,0,4359761
yadI_predicted,0.07692307692307693,12,12,GCACCTTGGTACATACCACA,0,4311609
yadI_predicted,0.07692307692307693,12,12,GCAACTTTGGGTCGTTGGTT,0,4352047
yadI_predicted,0.07692307692307693,12,12,GATTGAACCTTGGTGATAAA,0,4286706
yadI_predicted,0.07692307692307693,12,12,GATTAGCGAAGCCTATTAAG,0,4360552
yadI_predicted,0.07692307692307693,12,12,GATCTGTGCACTATCCCCAA,0,4355097
yadI_predicted,0.07692307692307693,12,12,GATCGACTGTTTAAGTCAAC,0,4287083
yadI_predicted,0.07692307692307693,12,12,GATCCTAGCTGCCCCTAATT,0,4298906
yadI_predicted,0.07692307692307693,12,12,GATCCGCAGCGGAATTTCTG,0,4319131
yadI_predicted,0.07692307692307693,12,12,GATCATATACACTGCTGGAG,0,4297273
yadI_predicted,0.07692307692307693,12,12,GATCATAATGAGCTACTGCG,0,4297311
yadI_predicted,0.07692307692307693,12,12,GATAGATTGCTAAATATATA,0,4295084
yadI_predicted,0.07692307692307693,12,12,GATAAGTAACGTAACTGACA,0,4350210
yadI_predicted,0.07692307692307693,12,12,GATAAGCGAGCTGGTTTAAA,0,4302103
yadI_predicted,0.07692307692307693,12,12,GAGGCACAGACGAAACCGTT,0,4291664
yadI_predicted,0.07692307692307693,12,12,GAGCTTCTTTTGTGATCCAA,0,4287158
yadI_predicted,0.07692307692307693,12,12,GAGCGGCAGGCGAGTCCAAC,0,4321986
yadI_predicted,0.07692307692307693,12,12,GACTTTGAAATTATACAGCA,0,4344132
yadI_predicted,0.07692307692307693,12,12,GACTGAGCGGTGGAGACGTA,0,4353235
yadI_predicted,0.07692307692307693,12,12,GACGGGTGTACCTGCTCATA,0,4330267
yadI_predicted,0.07692307692307693,12,12,GACGGAAGTCAAACACTAAG,0,4362763
yadI_predicted,0.07692307692307693,12,12,GACGCTCATGGGGTCCTAGT,0,4352360
yadI_predicted,0.07692307692307693,12,12,GACGATCGAGGGATGGTGGC,0,4337015
yadI_predicted,0.07692307692307693,12,12,GACCCCAGTCCTAAGCGCGG,0,4358785
yadI_predicted,0.07692307692307693,12,12,GACACGGTCCGCTGAAGTCA,0,4324243
yadI_predicted,0.07692307692307693,12,12,GAATTCGAAAACTTGATGGG,0,4333779
yadI_predicted,0.07692307692307693,12,12,GAATTATTTTCCTACTCATT,0,4347157
yadI_predicted,0.07692307692307693,12,12,GAATGGTTACAGTGTTATAG,0,4363310
yadI_predicted,0.07692307692307693,12,12,GAATGCCTATGTTAGTATGA,0,4322838
yadI_predicted,0.07692307692307693,12,12,GAATCTCGGGAACCCCGTCG,0,4343697
yadI_predicted,0.07692307692307693,12,12,GAAGAGCGGTGATCTTGTGA,0,4340802
yadI_predicted,0.07692307692307693,12,12,GAAGAATACAAAGATATGAA,0,4357419
yadI_predicted,0.07692307692307693,12,12,GAACCGCGAAGGGGTCTTTG,0,4307331
yadI_predicted,0.07692307692307693,12,12,GAAAGGGCCTCAGGGGCGCT,0,4284728
yadI_predicted,0.07692307692307693,12,12,GAAACGGAAAATCCCCGGTT,0,4293075
yadI_predicted,0.07692307692307693,12,12,CTTTTCTCAATCCGAGAATT,0,4314815
yadI_predicted,0.07692307692307693,12,12,CTTTTACGGGGGGACCGTGG,0,4358632
yadI_predicted,0.07692307692307693,12,12,CTTTGGTGGTAGAGATGATC,0,4333930
yadI_predicted,0.07692307692307693,12,12,CTTTAGGATAACTATTTCGA,0,4293125
yadI_predicted,0.07692307692307693,12,12,CTTGTGTGTCTATCGTTCGT,0,4358548
yadI_predicted,0.07692307692307693,12,12,CTTGCTGAGGCCGATACATT,0,4325212
yadI_predicted,0.07692307692307693,12,12,CTTCGAGCGCATGTTCCTCA,0,4291510
yadI_predicted,0.07692307692307693,12,12,CTTAGTGTCGGGGTGTGTTC,0,4359130
yadI_predicted,0.07692307692307693,12,12,CTGTGTAATGGAACGTACTG,0,4345575
yadI_predicted,0.07692307692307693,12,12,CTGTCACAGTATGGCAAGAG,0,4346968
yadI_predicted,0.07692307692307693,12,12,CTGTAAGCTGGTGTCCTAGC,0,4288888
yadI_predicted,0.07692307692307693,12,12,CTGGTCTATATTTCTCGGAC,0,4361136
yadI_predicted,0.07692307692307693,12,12,CTGGGACACGCATCTAGAGT,0,4330085
yadI_predicted,0.07692307692307693,12,12,CTGGCTTCGGGGTACGTTGG,0,4284992
yadI_predicted,0.07692307692307693,12,12,CTGGAGTGAGATATCCTGTG,0,4294542
yadI_predicted,0.07692307692307693,12,12,CTGGAGTCAACATGTGAACT,0,4311065
yadI_predicted,0.07692307692307693,12,12,CTGCGAATGATCTCTGGCCT,0,4317661
yadI_predicted,0.07692307692307693,12,12,CTGATGGCAAGGGGTGTCCC,0,4309357
yadI_predicted,0.07692307692307693,12,12,CTCTTCGTCCGCGCGGTGCC,0,4313807
yadI_predicted,0.07692307692307693,12,12,CTCTGTCTATCGTATCCGGC,0,4350449
yadI_predicted,0.07692307692307693,12,12,CTCTCGAGCCTTTGTCTCTC,0,4302903
yadI_predicted,0.07692307692307693,12,12,CTCTCAAATCTTTTCGCAGC,0,4309607
yadI_predicted,0.07692307692307693,12,12,CTCGTGGGTTAGTATATGTG,0,4327565
yadI_predicted,0.07692307692307693,12,12,CTCGGGCGAACTCAAAGATT,0,4305006
yadI_predicted,0.07692307692307693,12,12,CTCGCTTAGATTCTACGCTC,0,4347155
yadI_predicted,0.07692307692307693,12,12,CTCGCGTAGGAAATGTCACA,0,4292181
yadI_predicted,0.07692307692307693,12,12,CTCGCGGGCTTGCACTGGTG,0,4332802
yadI_predicted,0.07692307692307693,12,12,CTCATTCGTCCATATGCACA,0,4352308
yadI_predicted,0.07692307692307693,12,12,CTCAGCTGCGTGCTTAAGCG,0,4349052
yadI_predicted,0.07692307692307693,12,12,CTCAGAGCGCGCTGGATCTA,0,4304669
yadI_predicted,0.07692307692307693,12,12,CTCACAGCTTTTGGATTAGT,0,4367714
yadI_predicted,0.07692307692307693,12,12,CTCACAAACCCATTCATAGG,0,4308301
yadI_predicted,0.07692307692307693,12,12,CTAGTTCCGTGGCTTTAGCT,0,4352039
yadI_predicted,0.07692307692307693,12,12,CTAGGAGAGTGTCCCGGGTC,0,4306671
yadI_predicted,0.07692307692307693,12,12,CTAGACGTTTATCTCTAACA,0,4349221
yadI_predicted,0.07692307692307693,12,12,CTACGTAAGCCAGGCCGGCT,0,4319140
yadI_predicted,0.07692307692307693,12,12,CTAATAATCGTTTCTGGAAT,0,4305653
yadI_predicted,0.07692307692307693,12,12,CGTTTGCATGTTCTCCATCG,0,4352409
yadI_predicted,0.07692307692307693,12,12,CGTTTGAGGCCGCTGACCCC,0,4332259
yadI_predicted,0.07692307692307693,12,12,CGTTATCAAACACATACCCA,0,4353291
yadI_predicted,0.07692307692307693,12,12,CGTGCACAGTCTGACATCGG,0,4362144
yadI_predicted,0.07692307692307693,12,12,CGTGAAGCAGCTGTTTCGTA,0,4316827
yadI_predicted,0.07692307692307693,12,12,CGTCGGGGAAGAAACGGGAG,0,4314846
yadI_predicted,0.07692307692307693,12,12,CGTCAATCTAGGGACATTGT,0,4337771
yadI_predicted,0.07692307692307693,12,12,CGTCAAGTTAGAAAGTACGT,0,4306538
yadI_predicted,0.07692307692307693,12,12,CGTAGCAGCGCGAATCGATC,0,4342527
yadI_predicted,0.07692307692307693,12,12,CGGTTTAGTTCACGTTCTGG,0,4365693
yadI_predicted,0.07692307692307693,12,12,CGGTTCCTGCAACTGTTACT,0,4361060
yadI_predicted,0.07692307692307693,12,12,CGGTGTGTGTTGCGGATGTG,0,4311983
yadI_predicted,0.07692307692307693,12,12,CGGTCGGCACATAGTAGGAG,0,4365609
yadI_predicted,0.07692307692307693,12,12,CGGGTGTTAGAGGGGAAAAT,0,4350869
yadI_predicted,0.07692307692307693,12,12,CGGGTGAAGTGGTTGGACTC,0,4344926
yadI_predicted,0.07692307692307693,12,12,CGGGGTATCGGAGACGGGAC,0,4334987
yadI_predicted,0.07692307692307693,12,12,CGGGGCGATGTATGCTGGGG,0,4288887
yadI_predicted,0.07692307692307693,12,12,CGGGCGCGATTCTCTATGTG,0,4356914
yadI_predicted,0.07692307692307693,12,12,CGGGAATAACGTCTAAAGTG,0,4304946
yadI_predicted,0.07692307692307693,12,12,CGGACGGACATCCGCTTTCC,0,4287141
yadI_predicted,0.07692307692307693,12,12,CGGACGAAAAACAGCACTCG,0,4290798
yadI_predicted,0.07692307692307693,12,12,CGCTTCTGCATCCCAAAAGA,0,4322857
yadI_predicted,0.07692307692307693,12,12,CGCTATTTCGGCCGGGTTTT,0,4335773
yadI_predicted,0.07692307692307693,12,12,CGCGTGAACCCGCCTATAAC,0,4351657
yadI_predicted,0.07692307692307693,12,12,CGCGGGTTTAGTGTTTTTAC,0,4308675
yadI_predicted,0.07692307692307693,12,12,CGCGCATTTGCACAGGCTGG,0,4336017
yadI_predicted,0.07692307692307693,12,12,CGCCCTTAAGAACCTAGAAT,0,4350467
yadI_predicted,0.07692307692307693,12,12,CGCCCAGGTTTAGGATGGTA,0,4313613
yadI_predicted,0.07692307692307693,12,12,CGCATGTGCGCGCACGCTAG,0,4299472
yadI_predicted,0.07692307692307693,12,12,CGCATAGTAAATCTAAGTAG,0,4310389
yadI_predicted,0.07692307692307693,12,12,CGATTTACAATGAAACAGTA,0,4350461
yadI_predicted,0.07692307692307693,12,12,CGATGTTGTTGCGGATCAGT,0,4326305
yadI_predicted,0.07692307692307693,12,12,CGATGGTTGGCGGTAGGTCA,0,4293631
yadI_predicted,0.07692307692307693,12,12,CGATCGAGGTGAGTAGGTAG,0,4369967
yadI_predicted,0.07692307692307693,12,12,CGATAGATGTTCCGTAGCTA,0,4362554
yadI_predicted,0.07692307692307693,12,12,CGAGTGCTGAGTGGTATGTC,0,4317002
yadI_predicted,0.07692307692307693,12,12,CGAGGTGGGGAAAGGCCAAC,0,4354568
yadI_predicted,0.07692307692307693,12,12,CGAGGTAAAATGAAGCAATC,0,4362651
yadI_predicted,0.07692307692307693,12,12,CGAGCTAGCGAAACACGTCA,0,4284539
yadI_predicted,0.07692307692307693,12,12,CGAGCGTGTTTTGTTTCATC,0,4366466
yadI_predicted,0.07692307692307693,12,12,CGAGACGTCTGCATCGCCGG,0,4306711
yadI_predicted,0.07692307692307693,12,12,CGACGAAGTATATGATCAGA,0,4344653
yadI_predicted,0.07692307692307693,12,12,CGAATTCGACTATAGGGGTA,0,4321967
yadI_predicted,0.07692307692307693,12,12,CGAACGTCGTAAGCTTCGGC,0,4365269
yadI_predicted,0.07692307692307693,12,12,CGAACGGATCAGGACCGACT,0,4286463
yadI_predicted,0.07692307692307693,12,12,CCTTCTAGAGTTAGGATTGT,0,4356549
yadI_predicted,0.07692307692307693,12,12,CCGTTTACTGATCTCATGTA,0,4327908
yadI_predicted,0.07692307692307693,12,12,CCGTTAATGTACGTATCATG,0,4334500
yadI_predicted,0.07692307692307693,12,12,CCGTGTCCGAATTGCGGCGG,0,4332847
yadI_predicted,0.07692307692307693,12,12,CCGTCTGGTAGGCGCCTCCT,0,4363122
yadI_predicted,0.07692307692307693,12,12,CCGTCGTCATTTATAATTCT,0,4304979
yadI_predicted,0.07692307692307693,12,12,CCGTCCTACGTGGGCCGCGC,0,4335570
yadI_predicted,0.07692307692307693,12,12,CCGTCAATCTGGATCATCGT,0,4291391
yadI_predicted,0.07692307692307693,12,12,CCGGTAATCAACACCCCCGA,0,4326080
yadI_predicted,0.07692307692307693,12,12,CCGCTTTACCCGGAGTAGCT,0,4339925
yadI_predicted,0.07692307692307693,12,12,CCGCGTAGGGAACGATAAAC,0,4343257
yadI_predicted,0.07692307692307693,12,12,CCGACCCACCCGGCTTGGGA,0,4324627
yadI_predicted,0.07692307692307693,12,12,CCCTATAGCTGCGATTGTTA,0,4332090
yadI_predicted,0.07692307692307693,12,12,CCCGTTCCAGATCTCCTCAC,0,4354031
yadI_predicted,0.07692307692307693,12,12,CCCGTATGGGAACACTGTTG,0,4365488
yadI_predicted,0.07692307692307693,12,12,CCCGGAGAACTGGCTCGGGG,0,4318017
yadI_predicted,0.07692307692307693,12,12,CCCGCCGTAGGGTCGAGGAT,0,4342874
yadI_predicted,0.07692307692307693,12,12,CCCCGGTTCGTTTTAGGGAT,0,4308135
yadI_predicted,0.07692307692307693,12,12,CCCCGGAATAAAAGCGCGCC,0,4358051
yadI_predicted,0.07692307692307693,12,12,CCCCACAAAGTTTCGCTATA,0,4301876
yadI_predicted,0.07692307692307693,12,12,CCCAATTTTACCATCGCAAT,0,4363520
yadI_predicted,0.07692307692307693,12,12,CCCAATGATCGATACTAGGG,0,4367283
yadI_predicted,0.07692307692307693,12,12,CCCAAGGCAGCGACGTGGAG,0,4367768
yadI_predicted,0.07692307692307693,12,12,CCATTCAGTCAGGAAGACAC,0,4287526
yadI_predicted,0.07692307692307693,12,12,CCATATATTAGGGTCAACCC,0,4344822
yadI_predicted,0.07692307692307693,12,12,CCAGGCCCGGCGCGTATTGT,0,4342022
yadI_predicted,0.07692307692307693,12,12,CCACGTAGCAACGTCCTATT,0,4292856
yadI_predicted,0.07692307692307693,12,12,CCACGCCTAGAATCGAAGTA,0,4315789
yadI_predicted,0.07692307692307693,12,12,CCAAAGGGGAAGGTCGCTCC,0,4364998
yadI_predicted,0.07692307692307693,12,12,CATTCCCTGATTCCAGGTTT,0,4356448
yadI_predicted,0.07692307692307693,12,12,CATGTCTGAAATAAGGGTGG,0,4367552
yadI_predicted,0.07692307692307693,12,12,CATGCATCCGTCGGATACCT,0,4339764
yadI_predicted,0.07692307692307693,12,12,CATCTGGTGCCCACCGCCGA,0,4363062
yadI_predicted,0.07692307692307693,12,12,CATCATGGCTCCCGTTTAGC,0,4310271
yadI_predicted,0.07692307692307693,12,12,CATCACGATCGACATGAGTC,0,4328037
yadI_predicted,0.07692307692307693,12,12,CATACTAGGTAATTCTTAAG,0,4346861
yadI_predicted,0.07692307692307693,12,12,CATACCCCGAGGAACCCAGC,0,4300817
yadI_predicted,0.07692307692307693,12,12,CATAAACCGGGGTGTACATT,0,4321262
yadI_predicted,0.07692307692307693,12,12,CAGTACGGACACTTAGTACA,0,4364520
yadI_predicted,0.07692307692307693,12,12,CAGTAACGGCCAAGGCATCT,0,4343081
yadI_predicted,0.07692307692307693,12,12,CAGGCCACACATACTCCGAT,0,4322939
yadI_predicted,0.07692307692307693,12,12,CAGGCACCTCACTCACGCGT,0,4307863
yadI_predicted,0.07692307692307693,12,12,CAGGCAATTAATTCGGCTTA,0,4302729
yadI_predicted,0.07692307692307693,12,12,CAGGAGTGCTACATAAAGCT,0,4357196
yadI_predicted,0.07692307692307693,12,12,CAGGAGCGACTCAGCCGGGG,0,4286263
yadI_predicted,0.07692307692307693,12,12,CAGGAATCGATTTGAACCGA,0,4303743
yadI_predicted,0.07692307692307693,12,12,CAGGAAGGGCCTTGACTTAC,0,4364735
yadI_predicted,0.07692307692307693,12,12,CAGCCGTGGGTACCACGAGT,0,4345230
yadI_predicted,0.07692307692307693,12,12,CAGAGTGCTCTAGCTGGATT,0,4356909
yadI_predicted,0.07692307692307693,12,12,CAGACCTTCCCGGACCGCCA,0,4363687
yadI_predicted,0.07692307692307693,12,12,CACTTTGGGATGGATCCAAT,0,4345087
yadI_predicted,0.07692307692307693,12,12,CACTTGAACGAATAGTCCAT,0,4348382
yadI_predicted,0.07692307692307693,12,12,CACTTCGCCAAGGGATATGG,0,4363316
yadI_predicted,0.07692307692307693,12,12,CACTGCGCTGCCGATTGAAT,0,4297474
yadI_predicted,0.07692307692307693,12,12,CACTAAGCGTTAGATCTAAT,0,4352298
yadI_predicted,0.07692307692307693,12,12,CACCGCTGGCTTACCGAGCA,0,4358317
yadI_predicted,0.07692307692307693,12,12,CACATATTTGGAATTGTTTA,0,4337111
yadI_predicted,0.07692307692307693,12,12,CACAGGGGGTAAGCCGGAAG,0,4348527
yadI_predicted,0.07692307692307693,12,12,CACAACGCTTGGAGTAACTC,0,4304512
yadI_predicted,0.07692307692307693,12,12,CAATTAAAGGACGTTTGGGT,0,4285908
yadI_predicted,0.07692307692307693,12,12,CAATGGTTGGCCAGCACCAG,0,4285646
yadI_predicted,0.07692307692307693,12,12,CAAGCAGCTCTCGCACTCTC,0,4354874
yadI_predicted,0.07692307692307693,12,12,CAAGCACACCATTCCGAAGG,0,4308519
yadI_predicted,0.07692307692307693,12,12,CAACGCATATTACGGGCCTA,0,4333895
yadI_predicted,0.07692307692307693,12,12,CAAAGGAGCCGTCGCAGGGA,0,4293044
yadI_predicted,0.07692307692307693,12,12,ATTTGATTGCAGCCAATAAG,0,4356692
yadI_predicted,0.07692307692307693,12,12,ATTCTCTTTTCATCGCCGGC,0,4327181
yadI_predicted,0.07692307692307693,12,12,ATTATGAAATCAGCGACAGT,0,4319599
yadI_predicted,0.07692307692307693,12,12,ATTAGAGAAGAATTCGCCCT,0,4321377
yadI_predicted,0.07692307692307693,12,12,ATTAAACATGGAATTGAGTG,0,4287354
yadI_predicted,0.07692307692307693,12,12,ATGTCTCTGCCAATTAGAGA,0,4296055
yadI_predicted,0.07692307692307693,12,12,ATGGGTGGATGCAATTTCAA,0,4305324
yadI_predicted,0.07692307692307693,12,12,ATGGCTTAGGTGGCCCGGTG,0,4354455
yadI_predicted,0.07692307692307693,12,12,ATGCGAGACCGCCGGTATCC,0,4356079
yadI_predicted,0.07692307692307693,12,12,ATGCCGGTGCATCGTGTGGG,0,4339395
yadI_predicted,0.07692307692307693,12,12,ATGCAATGATTGGAGGCGTG,0,4338984
yadI_predicted,0.07692307692307693,12,12,ATGAGACAGCGCTCGCGTTT,0,4335650
yadI_predicted,0.07692307692307693,12,12,ATGAAAGTGAAGAGCTCGTA,0,4288899
yadI_predicted,0.07692307692307693,12,12,ATCTCTACATACTCATTGGA,0,4296680
yadI_predicted,0.07692307692307693,12,12,ATCTCGACTGGGTGCCCTCC,0,4358407
yadI_predicted,0.07692307692307693,12,12,ATCGTGATGATCTGATGGTG,0,4349208
yadI_predicted,0.07692307692307693,12,12,ATCGGTGTACAGTTTGGACT,0,4289893
yadI_predicted,0.07692307692307693,12,12,ATCGGTCGGTATGGGGACGA,0,4330704
yadI_predicted,0.07692307692307693,12,12,ATCGGAAACGGGGCACTGCG,0,4314070
yadI_predicted,0.07692307692307693,12,12,ATCCTTTACTGACAGGAGCA,0,4364783
yadI_predicted,0.07692307692307693,12,12,ATCCGGGTTCCTAATGCAAC,0,4285146
yadI_predicted,0.07692307692307693,12,12,ATCATGAGCCCAATTCCGTT,0,4369166
yadI_predicted,0.07692307692307693,12,12,ATCATCGTTCCATCGGTATA,0,4306267
yadI_predicted,0.07692307692307693,12,12,ATATTTTTCATTCTGATGGC,0,4310529
yadI_predicted,0.07692307692307693,12,12,ATATGTGGGTTATTTAAGAA,0,4329794
yadI_predicted,0.07692307692307693,12,12,ATATGTCGTTCATAACTTAT,0,4310193
yadI_predicted,0.07692307692307693,12,12,ATATGGACTTGCACCGTGCC,0,4332045
yadI_predicted,0.07692307692307693,12,12,ATATGCACCGACATCAATTG,0,4349288
yadI_predicted,0.07692307692307693,12,12,ATATACTTGACGTGACCACT,0,4286180
yadI_predicted,0.07692307692307693,12,12,ATAGTAAGGGGCTCTCTACA,0,4336520
yadI_predicted,0.07692307692307693,12,12,ATAGGTGGCCCTTGTAAGAG,0,4287217
yadI_predicted,0.07692307692307693,12,12,ATAGCCTGTTTCCTGTCGAT,0,4308922
yadI_predicted,0.07692307692307693,12,12,ATAGAGTGAACCTTGAGAGG,0,4363754
yadI_predicted,0.07692307692307693,12,12,ATACTTTCACTCGAAAGAAA,0,4357688
yadI_predicted,0.07692307692307693,12,12,ATACTCTATGGGTAGCGACT,0,4332754
yadI_predicted,0.07692307692307693,12,12,ATACGCTGTACGAGACCACG,0,4287534
yadI_predicted,0.07692307692307693,12,12,ATAATGCCCCGTTTGTCGAG,0,4329972
yadI_predicted,0.07692307692307693,12,12,ATAAGGGAGCCCGATTAAAC,0,4368857
yadI_predicted,0.07692307692307693,12,12,ATAACCCACCCACGTGGTGA,0,4311377
yadI_predicted,0.07692307692307693,12,12,AGTTCTGTTCTGAAGAAAGT,0,4336147
yadI_predicted,0.07692307692307693,12,12,AGTGGGCTGGCACCGAACTG,0,4314165
yadI_predicted,0.07692307692307693,12,12,AGTGCCCATTGGAGTTGCAT,0,4347840
yadI_predicted,0.07692307692307693,12,12,AGTGCAGTACACTTACTTAT,0,4328569
yadI_predicted,0.07692307692307693,12,12,AGTGAAAGTATAGATGACAC,0,4354898
yadI_predicted,0.07692307692307693,12,12,AGTCTGGGAAGTGGTGGAAT,0,4330834
yadI_predicted,0.07692307692307693,12,12,AGTCGGGTCCATGCGTCAAG,0,4360516
yadI_predicted,0.07692307692307693,12,12,AGTCCTAATTGCCGGCCGCA,0,4364609
yadI_predicted,0.07692307692307693,12,12,AGTACACACATCAAACTTAC,0,4349997
yadI_predicted,0.07692307692307693,12,12,AGTAAATAACCAAAATGAGA,0,4354087
yadI_predicted,0.07692307692307693,12,12,AGTAAAAGCCGGAAACGAAA,0,4290300
yadI_predicted,0.07692307692307693,12,12,AGGTGAGTTAAGGCTACTAT,0,4341425
yadI_predicted,0.07692307692307693,12,12,AGGTGAGACCTCAAGTACTA,0,4368732
yadI_predicted,0.07692307692307693,12,12,AGGTCGTCCAAAAGTAGACA,0,4356663
yadI_predicted,0.07692307692307693,12,12,AGGTCCGCCACCACTCACAT,0,4298890
yadI_predicted,0.07692307692307693,12,12,AGGGCCACGGCGCCCACCTC,0,4364349
yadI_predicted,0.07692307692307693,12,12,AGGCGACAAGTGACATTAAG,0,4332673
yadI_predicted,0.07692307692307693,12,12,AGGCATCAATGGGACATAGC,0,4329650
yadI_predicted,0.07692307692307693,12,12,AGGATCTGCTCAGAAGCCTA,0,4337819
yadI_predicted,0.07692307692307693,12,12,AGGATATCACACTCGGGTTA,0,4310254
yadI_predicted,0.07692307692307693,12,12,AGGAAACTTGGAATCAACTC,0,4319458
yadI_predicted,0.07692307692307693,12,12,AGCGGCTTGATAGGTTCCAT,0,4292600
yadI_predicted,0.07692307692307693,12,12,AGCGGATTGGCACAGGGTTT,0,4358463
yadI_predicted,0.07692307692307693,12,12,AGCATAAATTGTACTGTAAG,0,4329590
yadI_predicted,0.07692307692307693,12,12,AGATTGACCAACAGGGTGCA,0,4310677
yadI_predicted,0.07692307692307693,12,12,AGACGAGCGGCAGCAATGTA,0,4312804
yadI_predicted,0.07692307692307693,12,12,AGACATCTTGCTTCCGCATG,0,4362630
yadI_predicted,0.07692307692307693,12,12,AGACAAGGGCGTTCACCTTA,0,4350686
yadI_predicted,0.07692307692307693,12,12,AGAATTTAGTTCGTGTATAT,0,4336745
yadI_predicted,0.07692307692307693,12,12,ACTTTCTGAGGCCATCCCCA,0,4315448
yadI_predicted,0.07692307692307693,12,12,ACTTCCTATGTCAGACTAAG,0,4349608
yadI_predicted,0.07692307692307693,12,12,ACTTAGATGGTAAAGGGAGC,0,4362213
yadI_predicted,0.07692307692307693,12,12,ACTGGGCGGCACTCGTTCGG,0,4320744
yadI_predicted,0.07692307692307693,12,12,ACTGCTCGCGTGGATTGGGC,0,4340745
yadI_predicted,0.07692307692307693,12,12,ACTGCCAACTGGTATTCCGT,0,4365913
yadI_predicted,0.07692307692307693,12,12,ACTAACAATCCGCTAGGTGT,0,4322766
yadI_predicted,0.07692307692307693,12,12,ACGTGTTTGCAGTTGGGGTG,0,4286457
yadI_predicted,0.07692307692307693,12,12,ACGTGTTGCTGGCTGTAGGA,0,4308572
yadI_predicted,0.07692307692307693,12,12,ACGGTTTGGGGAGAGGCTCG,0,4364858
yadI_predicted,0.07692307692307693,12,12,ACGGTGTCTAACCTTGACGG,0,4332964
yadI_predicted,0.07692307692307693,12,12,ACGGCTGACGATCCAACATA,0,4314730
yadI_predicted,0.07692307692307693,12,12,ACGGCCGTCGGACGGGAAAC,0,4300328
yadI_predicted,0.07692307692307693,12,12,ACGGAGGCACGCAAGTGAGA,0,4334210
yadI_predicted,0.07692307692307693,12,12,ACGGAAATATCATGCTTCCT,0,4352312
yadI_predicted,0.07692307692307693,12,12,ACGCTTGGGAGACGCAGCGC,0,4357602
yadI_predicted,0.07692307692307693,12,12,ACGCGGGGAGTCCTTCAAGA,0,4364229
yadI_predicted,0.07692307692307693,12,12,ACGCAAACCGACATTCCCAT,0,4355043
yadI_predicted,0.07692307692307693,12,12,ACGATGGCTAGTACGGTTTA,0,4339647
yadI_predicted,0.07692307692307693,12,12,ACCTTTTCGGGCGCCCGCAG,0,4354084
yadI_predicted,0.07692307692307693,12,12,ACCTTTAGTGAGAGCTCAGT,0,4304521
yadI_predicted,0.07692307692307693,12,12,ACCGACCGAGAAATCCACTT,0,4348290
yadI_predicted,0.07692307692307693,12,12,ACCAAGCATTTATGGTCGGA,0,4321996
yadI_predicted,0.07692307692307693,12,12,ACATTGTCTAAACGCACGAC,0,4303080
yadI_predicted,0.07692307692307693,12,12,ACAGTCAAATGATTTTCTGC,0,4341020
yadI_predicted,0.07692307692307693,12,12,ACACGGCACCGTCACGAACC,0,4352423
yadI_predicted,0.07692307692307693,12,12,ACACAAATTGCTCTCTGATT,0,4348566
yadI_predicted,0.07692307692307693,12,12,ACAATGCGCGTGGTTAACGG,0,4354262
yadI_predicted,0.07692307692307693,12,12,ACAAGCGGGTCCTCCTGTTG,0,4357086
yadI_predicted,0.07692307692307693,12,12,ACAACGGCCGGGGGGTCTGA,0,4366189
yadI_predicted,0.07692307692307693,12,12,ACAACATATCGCTGAGCGGG,0,4320150
yadI_predicted,0.07692307692307693,12,12,ACAAATACGCACCTTCCTTA,0,4317339
yadI_predicted,0.07692307692307693,12,12,AATTTCATCCGGTGCTGTTC,0,4289227
yadI_predicted,0.07692307692307693,12,12,AATTCGGCGATTAAAGGCCA,0,4300210
yadI_predicted,0.07692307692307693,12,12,AATCGTCAAACTGACCGATA,0,4344707
yadI_predicted,0.07692307692307693,12,12,AATATCGTGTGGACATATTC,0,4304993
yadI_predicted,0.07692307692307693,12,12,AAGTCCTGAGGTGACAAGAC,0,4360444
yadI_predicted,0.07692307692307693,12,12,AAGTACGATGCGATAGTGTG,0,4306203
yadI_predicted,0.07692307692307693,12,12,AAGTAACATATGAGTTAGAA,0,4290272
yadI_predicted,0.07692307692307693,12,12,AAGGTAATAACGGTTAAATG,0,4353711
yadI_predicted,0.07692307692307693,12,12,AAGGCGGACAAAAAGGATTC,0,4357948
yadI_predicted,0.07692307692307693,12,12,AAGGATGTCATTAATCGTCG,0,4352697
yadI_predicted,0.07692307692307693,12,12,AAGCTTCGTAGAAGTTGCCT,0,4355310
yadI_predicted,0.07692307692307693,12,12,AAGCTCGGCTCGGCACGTCA,0,4343810
yadI_predicted,0.07692307692307693,12,12,AAGCGATGGCTTTCAACGGA,0,4293554
yadI_predicted,0.07692307692307693,12,12,AAGACCGTATTCGTCGTATG,0,4320296
yadI_predicted,0.07692307692307693,12,12,AACTGACGTACATGATCATA,0,4311170
yadI_predicted,0.07692307692307693,12,12,AACCTTTCCTACTGCTGGTC,0,4349945
yadI_predicted,0.07692307692307693,12,12,AACCCTATGGCGGTGTCCGT,0,4364518
yadI_predicted,0.07692307692307693,12,12,AACATTTGGGATCCATATCA,0,4343766
yadI_predicted,0.07692307692307693,12,12,AAATTCGGAGTCCTGTAAAC,0,4332816
yadI_predicted,0.07692307692307693,12,12,AAATGGCAATTCGTTACTTT,0,4289082
yadI_predicted,0.07692307692307693,12,12,AAAGGCTAAGCGCTCACGTC,0,4301610
yadI_predicted,0.07692307692307693,12,12,AAAGGCCATTCAGCGGAAGT,0,4333804
yadI_predicted,0.07692307692307693,12,12,AAACGGTGGTAGGGGCTACG,0,4329522
yadI_predicted,0.07692307692307693,12,12,AAACGAGTCGGGGACAGGCA,0,4352049
yadI_predicted,0.07692307692307693,12,12,AAACAATAATCAAAATAACG,0,4328107
yadI_predicted,0.07692307692307693,12,12,AAAATAAGGTTGGAATTAAC,0,4304429
yadI_predicted,0.07692307692307693,12,12,AAAAGGTGCGGCACGAACTA,0,4300705
yadI_predicted,0.07692307692307693,12,12,AAAAATATACAGGTCTACCT,0,4330167
yadI_predicted,0.08333333333333333,11,11,TTTTTTTCTTCGGAACGACG,0,4361079
yadI_predicted,0.08333333333333333,11,11,TTTTGAGGTGGGGTTGGAAC,0,4301551
yadI_predicted,0.08333333333333333,11,11,TTTGCTCTACTTAGTGTTAG,0,4287476
yadI_predicted,0.08333333333333333,11,11,TTTGACCTATTCAAACCTAG,0,4340363
yadI_predicted,0.08333333333333333,11,11,TTTGACAATACCGCTACGAT,0,4352674
yadI_predicted,0.08333333333333333,11,11,TTTCTTCACCGTGTTGACCA,0,4299079
yadI_predicted,0.08333333333333333,11,11,TTTAGATGTACCCCAGCCTA,0,4353148
yadI_predicted,0.08333333333333333,11,11,TTGGCGCTGTTGTTGAAATA,0,4338768
yadI_predicted,0.08333333333333333,11,11,TTGGCATCACGGCAGTCTAG,0,4293415
yadI_predicted,0.08333333333333333,11,11,TTGGCAGGGATGCCGGCCAG,0,4312846
yadI_predicted,0.08333333333333333,11,11,TTGAGCTGCACGCACACTCT,0,4352368
yadI_predicted,0.08333333333333333,11,11,TTCTGGATAATTGCGTGTAT,0,4349098
yadI_predicted,0.08333333333333333,11,11,TTCTGCTTATTGTGAGACGC,0,4324446
yadI_predicted,0.08333333333333333,11,11,TTCTCATACTGCTCACCCGA,0,4363550
yadI_predicted,0.08333333333333333,11,11,TTCTACGTCTGATAGTCACA,0,4357772
yadI_predicted,0.08333333333333333,11,11,TTCGACCGTTCTCAATGGCC,0,4304195
yadI_predicted,0.08333333333333333,11,11,TTCCGTCTTGGGGAGGGGCT,0,4337378
yadI_predicted,0.08333333333333333,11,11,TTCCGGTGAATTGAAAGACA,0,4284287
yadI_predicted,0.08333333333333333,11,11,TTCCGCTCGCTGAGAAAGTA,0,4285583
yadI_predicted,0.08333333333333333,11,11,TTATTCAGCAGGCGTGCCAT,0,4310261
yadI_predicted,0.08333333333333333,11,11,TTATGGGCGCCAGTATGCGC,0,4355505
yadI_predicted,0.08333333333333333,11,11,TTAGTCTGGCAGGGCAGTAA,0,4341092
yadI_predicted,0.08333333333333333,11,11,TTAGGATTCTCAAATATATG,0,4310107
yadI_predicted,0.08333333333333333,11,11,TTAGGATGGGATACCACCTT,0,4352480
yadI_predicted,0.08333333333333333,11,11,TTACAAGGCTGTACGTCTTG,0,4289980
yadI_predicted,0.08333333333333333,11,11,TTAATTGCCCGACACACGAA,0,4333398
yadI_predicted,0.08333333333333333,11,11,TTAAGTCTTATATCCAGGGC,0,4310281
yadI_predicted,0.08333333333333333,11,11,TGTTGTCCACGAAGTACCTA,0,4308318
yadI_predicted,0.08333333333333333,11,11,TGTTCCAAAGGAACAGCACA,0,4339952
yadI_predicted,0.08333333333333333,11,11,TGTTATAAGAAACGAGAATG,0,4339648
yadI_predicted,0.08333333333333333,11,11,TGTTAAGGGCATGCGGGTAT,0,4342046
yadI_predicted,0.08333333333333333,11,11,TGTGCTGAGAGCTGAGTTTT,0,4297067
yadI_predicted,0.08333333333333333,11,11,TGTGCTAATGTATGGACATT,0,4349003
yadI_predicted,0.08333333333333333,11,11,TGTGACGCATTCTGATTCCC,0,4340986
yadI_predicted,0.08333333333333333,11,11,TGTCCGGTAGCTGACGACTC,0,4355285
yadI_predicted,0.08333333333333333,11,11,TGTCCATATCCCGTCCATAG,0,4350450
yadI_predicted,0.08333333333333333,11,11,TGTATTCCGTGAGAGCGACG,0,4310778
yadI_predicted,0.08333333333333333,11,11,TGTACGGGGTTTGACTAGAT,0,4348774
yadI_predicted,0.08333333333333333,11,11,TGTAAAACAGGTGTCGGGGT,0,4303017
yadI_predicted,0.08333333333333333,11,11,TGGTTGTTGGACGCGACGCG,0,4290669
yadI_predicted,0.08333333333333333,11,11,TGGGCTTAAGCCGTCGAACA,0,4311826
yadI_predicted,0.08333333333333333,11,11,TGGCTTGTAAAATCTGGATG,0,4329899
yadI_predicted,0.08333333333333333,11,11,TGGCGTAGAGACGTTTGGGG,0,4357146
yadI_predicted,0.08333333333333333,11,11,TGGCCTTCTCCGGACTAAAG,0,4353246
yadI_predicted,0.08333333333333333,11,11,TGGCCGACGCGACGCGATTT,0,4302651
yadI_predicted,0.08333333333333333,11,11,TGGCAGTCTTACACTGGAAA,0,4340307
yadI_predicted,0.08333333333333333,11,11,TGGCAAGACGCGGGTAGTAC,0,4358716
yadI_predicted,0.08333333333333333,11,11,TGGAGACATTATAAAAAAAA,0,4351396
yadI_predicted,0.08333333333333333,11,11,TGGACATTGCGTACAGTGGA,0,4365383
yadI_predicted,0.08333333333333333,11,11,TGCTGATCCGTTTGCTCGCC,0,4289493
yadI_predicted,0.08333333333333333,11,11,TGCTATTCGGGTCTCTCTAG,0,4309190
yadI_predicted,0.08333333333333333,11,11,TGCTAGCGTCGTAACGTGTT,0,4296121
yadI_predicted,0.08333333333333333,11,11,TGCGTCAGGTTTGCCGAGGA,0,4335995
yadI_predicted,0.08333333333333333,11,11,TGCGAAACCGGCTTAACGTA,0,4303289
yadI_predicted,0.08333333333333333,11,11,TGCCCTCCGTTTCGTAGCAA,0,4339080
yadI_predicted,0.08333333333333333,11,11,TGCCACCGTTGTGGTAGTAC,0,4285043
yadI_predicted,0.08333333333333333,11,11,TGCATATTTCATTCCATAAA,0,4308799
yadI_predicted,0.08333333333333333,11,11,TGCAGCGGCCTCTAAATAGT,0,4302410
yadI_predicted,0.08333333333333333,11,11,TGATTTGGACCTTGGGGGCA,0,4294455
yadI_predicted,0.08333333333333333,11,11,TGATCTCATGGGCGGCTGAG,0,4331612
yadI_predicted,0.08333333333333333,11,11,TGAGTAATCATGATCAACTC,0,4296855
yadI_predicted,0.08333333333333333,11,11,TGAGCTCAGGGGGCGGGCTG,0,4317836
yadI_predicted,0.08333333333333333,11,11,TGAGACGTGGGGTACGATCC,0,4298316
yadI_predicted,0.08333333333333333,11,11,TGACATTGACTTTTGTTTCG,0,4352743
yadI_predicted,0.08333333333333333,11,11,TGAATTTGGCCTTCAATCAC,0,4361753
yadI_predicted,0.08333333333333333,11,11,TGAAGTAATTGCGAGTAAAC,0,4344569
yadI_predicted,0.08333333333333333,11,11,TCTTTAGTGCCTGGCGTCTT,0,4344565
yadI_predicted,0.08333333333333333,11,11,TCTTTAGGTCTATCATAGAT,0,4353754
yadI_predicted,0.08333333333333333,11,11,TCTTAATTGCAGCTCTTCTA,0,4365737
yadI_predicted,0.08333333333333333,11,11,TCTGCGACCAACTAACTACT,0,4288561
yadI_predicted,0.08333333333333333,11,11,TCTGACTGAGGCTTAGGAGT,0,4315076
yadI_predicted,0.08333333333333333,11,11,TCTCTGCGAGTGGCGTAGTA,0,4297503
yadI_predicted,0.08333333333333333,11,11,TCTCGAAAAGCGTTGGTTAA,0,4355607
yadI_predicted,0.08333333333333333,11,11,TCTCCTGCAAGCGGGGGGAT,0,4334136
yadI_predicted,0.08333333333333333,11,11,TCTAAGGCGACATCAGTGGT,0,4329684
yadI_predicted,0.08333333333333333,11,11,TCGTGTTATACACCGGACTT,0,4291872
yadI_predicted,0.08333333333333333,11,11,TCGGTCAGGAATACGGGCGT,0,4340567
yadI_predicted,0.08333333333333333,11,11,TCGGGGTCCCCGTTACAGCC,0,4301230
yadI_predicted,0.08333333333333333,11,11,TCGGCATGGCGCTAATAGTT,0,4312249
yadI_predicted,0.08333333333333333,11,11,TCGCTGCCAAGTTCTGTCAA,0,4343751
yadI_predicted,0.08333333333333333,11,11,TCGCAATGCTTTCAGCGAAA,0,4362261
yadI_predicted,0.08333333333333333,11,11,TCGATGGCCTACTTATTATG,0,4305691
yadI_predicted,0.08333333333333333,11,11,TCGAGGTGCAGCGGCTCAAC,0,4369951
yadI_predicted,0.08333333333333333,11,11,TCGACGACGGCACGCAGGGC,0,4290997
yadI_predicted,0.08333333333333333,11,11,TCCTCGGCACATCCCGTGCA,0,4342600
yadI_predicted,0.08333333333333333,11,11,TCCCGTCGTTGGATGCTTAG,0,4366950
yadI_predicted,0.08333333333333333,11,11,TCCCCCACCTAGACTGCTGG,0,4348624
yadI_predicted,0.08333333333333333,11,11,TCCATGTTTTGCATTTACAG,0,4354454
yadI_predicted,0.08333333333333333,11,11,TCCATGGGGATGGTGTCACC,0,4362749
yadI_predicted,0.08333333333333333,11,11,TCCAATGGTCCGAGCCTGCA,0,4351804
yadI_predicted,0.08333333333333333,11,11,TCATCCGCCGCCATTCAGTC,0,4294660
yadI_predicted,0.08333333333333333,11,11,TCATATGCACACCTGGTGTT,0,4321345
yadI_predicted,0.08333333333333333,11,11,TCAGTTGGTCAACTAGATCA,0,4336643
yadI_predicted,0.08333333333333333,11,11,TCAGCATTTAATGTAAGGTA,0,4290753
yadI_predicted,0.08333333333333333,11,11,TCAGAGTTAGCCTAAAAGCA,0,4310550
yadI_predicted,0.08333333333333333,11,11,TCACTTGTGTACCTGTAGAA,0,4364886
yadI_predicted,0.08333333333333333,11,11,TCACGGCAATAAGGTATCGC,0,4343514
yadI_predicted,0.08333333333333333,11,11,TCACACCCTCGACTTAGGCC,0,4326897
yadI_predicted,0.08333333333333333,11,11,TCAATACAGTTAGATTAAGT,0,4306321
yadI_predicted,0.08333333333333333,11,11,TCAACACCGCACGATGTCGT,0,4335218
yadI_predicted,0.08333333333333333,11,11,TATTTCGCCAGTAGGGGCGA,0,4365421
yadI_predicted,0.08333333333333333,11,11,TATTTAAACATTCGTGGTGA,0,4296558
yadI_predicted,0.08333333333333333,11,11,TATTGACCGTTGAGCGAAGC,0,4363239
yadI_predicted,0.08333333333333333,11,11,TATTATTAATTGGCTACCCG,0,4287994
yadI_predicted,0.08333333333333333,11,11,TATTAACGCACTTCATTTTT,0,4366421
yadI_predicted,0.08333333333333333,11,11,TATGGACGGACTGTTAAAAT,0,4344323
yadI_predicted,0.08333333333333333,11,11,TATGGACGAACAAGTATGAC,0,4326909
yadI_predicted,0.08333333333333333,11,11,TATGAAGGGATGTGACCACG,0,4366893
yadI_predicted,0.08333333333333333,11,11,TATCGCAAGGGGTGAACATA,0,4366640
yadI_predicted,0.08333333333333333,11,11,TATCCGAACGTAGCGAAAGA,0,4310093
yadI_predicted,0.08333333333333333,11,11,TATCCATGCAAGATCGGGCA,0,4349767
yadI_predicted,0.08333333333333333,11,11,TATATATATACAAGGGGGTA,0,4346191
yadI_predicted,0.08333333333333333,11,11,TATAGCCCCTGCGCGCCTAA,0,4289811
yadI_predicted,0.08333333333333333,11,11,TATACTAGGATGGCTTCTTA,0,4368568
yadI_predicted,0.08333333333333333,11,11,TAGTGCGGTTTGCGATTACG,0,4301655
yadI_predicted,0.08333333333333333,11,11,TAGGTGGTTACATGTTCTTG,0,4326789
yadI_predicted,0.08333333333333333,11,11,TAGGTGCCAACATTTTGGGA,0,4289417
yadI_predicted,0.08333333333333333,11,11,TAGGTCCGAACGTTATTTGA,0,4360680
yadI_predicted,0.08333333333333333,11,11,TAGGGGTATGCGGAAACGGG,0,4306536
yadI_predicted,0.08333333333333333,11,11,TAGGCCATTAGCATCCCGGG,0,4365855
yadI_predicted,0.08333333333333333,11,11,TAGCGCTCGCACTGCCTATT,0,4343963
yadI_predicted,0.08333333333333333,11,11,TAGCGCCTAATCTCCCTTTG,0,4363667
yadI_predicted,0.08333333333333333,11,11,TACTTGTAAAACACGCTCTC,0,4292752
yadI_predicted,0.08333333333333333,11,11,TACTTAGCCGTTTTGCCTCG,0,4292806
yadI_predicted,0.08333333333333333,11,11,TACGTCAGGCAGTGTGGAGG,0,4309598
yadI_predicted,0.08333333333333333,11,11,TACGAACCACGTTCCGGTGG,0,4291020
yadI_predicted,0.08333333333333333,11,11,TACCGACCAGGATCTGATAT,0,4347526
yadI_predicted,0.08333333333333333,11,11,TACCCATAACGTGTGAAGAA,0,4329209
yadI_predicted,0.08333333333333333,11,11,TACCATCAGCCTGACAATTA,0,4285792
yadI_predicted,0.08333333333333333,11,11,TACCACGCCGGGATCTCCGC,0,4322453
yadI_predicted,0.08333333333333333,11,11,TACAGCAGCAGGCCGGTCGA,0,4349285
yadI_predicted,0.08333333333333333,11,11,TACACTATCGCCCGACTTTC,0,4304333
yadI_predicted,0.08333333333333333,11,11,TACAATTAGCCACAAGCCCA,0,4332790
yadI_predicted,0.08333333333333333,11,11,TAATCGTTACGACTGACGTC,0,4325557
yadI_predicted,0.08333333333333333,11,11,TAATCCATCCAATGGGGTGA,0,4345718
yadI_predicted,0.08333333333333333,11,11,TAAGTCTACTGGAAACGTAA,0,4333872
yadI_predicted,0.08333333333333333,11,11,TAACTTCCTCCGCGAAGGGG,0,4324755
yadI_predicted,0.08333333333333333,11,11,TAACTCTGTGGGATTTGCAT,0,4320606
yadI_predicted,0.08333333333333333,11,11,TAACGGTCCAGCACATCGAC,0,4316649
yadI_predicted,0.08333333333333333,11,11,TAACGATGGTTCGTCTCTAC,0,4325135
yadI_predicted,0.08333333333333333,11,11,TAACAGAGTTAAAAATAGAT,0,4338622
yadI_predicted,0.08333333333333333,11,11,TAACACAATTCCACCCGTGC,0,4343939
yadI_predicted,0.08333333333333333,11,11,TAAATCTCGACCTGACTACA,0,4336031
yadI_predicted,0.08333333333333333,11,11,TAAAGTGGTACCTCATGACA,0,4334388
yadI_predicted,0.08333333333333333,11,11,GTTTTGTGGGGTATGCGTCG,0,4335163
yadI_predicted,0.08333333333333333,11,11,GTTTCCTCGCGGCTTTCCTC,0,4356642
yadI_predicted,0.08333333333333333,11,11,GTTGTGGTCTCGGGGTACTA,0,4294463
yadI_predicted,0.08333333333333333,11,11,GTTGAAAGCGTTGCCGCGCC,0,4354497
yadI_predicted,0.08333333333333333,11,11,GTTCTTGCTCCGATCCAGCT,0,4321954
yadI_predicted,0.08333333333333333,11,11,GTTCTGTGCCCAATCAGTAG,0,4333129
yadI_predicted,0.08333333333333333,11,11,GTTCGGACGACTACAATGAG,0,4307444
yadI_predicted,0.08333333333333333,11,11,GTTCCTCGGGACGCATAGAC,0,4312589
yadI_predicted,0.08333333333333333,11,11,GTTCAGATGTTTCAAGCGTT,0,4364322
yadI_predicted,0.08333333333333333,11,11,GTTAATCAGGTTACAGGGGT,0,4309145
yadI_predicted,0.08333333333333333,11,11,GTGTAATTGTCAATGCCTTA,0,4331368
yadI_predicted,0.08333333333333333,11,11,GTGGTAGGTTGCTAGCTGCG,0,4314001
yadI_predicted,0.08333333333333333,11,11,GTGGGGACGTGTCTGTGAAT,0,4294725
yadI_predicted,0.08333333333333333,11,11,GTGGCCTCGTCGAGTGCGGC,0,4285803
yadI_predicted,0.08333333333333333,11,11,GTGGCAAGTACGGGGTCACA,0,4359419
yadI_predicted,0.08333333333333333,11,11,GTGGACGCTCGGCGGTATAT,0,4343024
yadI_predicted,0.08333333333333333,11,11,GTGCCGCTTCAGCGGTGATC,0,4353413
yadI_predicted,0.08333333333333333,11,11,GTGCCAAGCTGACCCAATTA,0,4299365
yadI_predicted,0.08333333333333333,11,11,GTGATACCGAACGGCTACCC,0,4297452
yadI_predicted,0.08333333333333333,11,11,GTGACGTAGGCCGTCCGAGG,0,4332267
yadI_predicted,0.08333333333333333,11,11,GTCTTAAACAAAGACGTTTT,0,4317389
yadI_predicted,0.08333333333333333,11,11,GTCTAAACGTGGGCTTTGTG,0,4304060
yadI_predicted,0.08333333333333333,11,11,GTCGTTCGGTAGCGCGTAGG,0,4343578
yadI_predicted,0.08333333333333333,11,11,GTCGGGGATGAACCTGATGA,0,4316005
yadI_predicted,0.08333333333333333,11,11,GTCCTTAGGCCGTTAGCGCC,0,4292641
yadI_predicted,0.08333333333333333,11,11,GTCCCGTTTGGTACCTAAGC,0,4299786
yadI_predicted,0.08333333333333333,11,11,GTCATTCCGGTTAAAATCTC,0,4303665
yadI_predicted,0.08333333333333333,11,11,GTCAGTTTCCCCGATAAGGT,0,4292923
yadI_predicted,0.08333333333333333,11,11,GTCACGTATAAGCGCCCACG,0,4354384
yadI_predicted,0.08333333333333333,11,11,GTCAATCGCACGATGCGAGG,0,4301242
yadI_predicted,0.08333333333333333,11,11,GTATTCACATCTGTAATCCA,0,4291477
yadI_predicted,0.08333333333333333,11,11,GTATTAGACTTATACGTAAC,0,4286528
yadI_predicted,0.08333333333333333,11,11,GTATGTCGAATAAGGTTTCT,0,4318210
yadI_predicted,0.08333333333333333,11,11,GTATAGGAGGATTTTGTCAG,0,4311884
yadI_predicted,0.08333333333333333,11,11,GTAGGGTTCCCTCTAACATA,0,4328573
yadI_predicted,0.08333333333333333,11,11,GTAGGGCATTCGAGCTCGTA,0,4296188
yadI_predicted,0.08333333333333333,11,11,GTACTGTCACCGGCCCGACT,0,4366063
yadI_predicted,0.08333333333333333,11,11,GTACAAGATAGTCTGAAATC,0,4355764
yadI_predicted,0.08333333333333333,11,11,GTAATACTTCTTTGTCTTTA,0,4316000
yadI_predicted,0.08333333333333333,11,11,GGTTTTTGCAGTTCAGACAC,0,4358610
yadI_predicted,0.08333333333333333,11,11,GGTTTGTCGATTTATCTTGC,0,4296987
yadI_predicted,0.08333333333333333,11,11,GGTTTCCAACATTAGGGTCT,0,4316227
yadI_predicted,0.08333333333333333,11,11,GGTTTAACAATGAACGGCAT,0,4360858
yadI_predicted,0.08333333333333333,11,11,GGTTGGACTGTTGTCCCGGA,0,4337603
yadI_predicted,0.08333333333333333,11,11,GGTTCTTATAAACATTTGGG,0,4368292
yadI_predicted,0.08333333333333333,11,11,GGTTCGGATCTAGGCCTAGG,0,4302047
yadI_predicted,0.08333333333333333,11,11,GGTTACATCCAGGATCCATC,0,4298681
yadI_predicted,0.08333333333333333,11,11,GGTTAAAGGAGTGGGGTCAA,0,4332228
yadI_predicted,0.08333333333333333,11,11,GGTGTAATCTAATGAGTGAG,0,4299275
yadI_predicted,0.08333333333333333,11,11,GGTGCGGGCAGGTGATGACG,0,4312799
yadI_predicted,0.08333333333333333,11,11,GGTCTTTCCAGCTCTTCAGT,0,4307088
yadI_predicted,0.08333333333333333,11,11,GGTCTTCGGCATATGTCCTG,0,4286201
yadI_predicted,0.08333333333333333,11,11,GGTCTGCTCTCACGTATGAC,0,4341657
yadI_predicted,0.08333333333333333,11,11,GGTCGTTGTTTCAGCATGCT,0,4323116
yadI_predicted,0.08333333333333333,11,11,GGTCCGGGTAAGCCACTTCT,0,4289000
yadI_predicted,0.08333333333333333,11,11,GGTCCGGGCGATACGACAAC,0,4298805
yadI_predicted,0.08333333333333333,11,11,GGTACTACCCGACTCTCTTA,0,4346326
yadI_predicted,0.08333333333333333,11,11,GGGTGTTCTCGCAAAACGAC,0,4334268
yadI_predicted,0.08333333333333333,11,11,GGGTGAACGACCTCCTTGTG,0,4341293
yadI_predicted,0.08333333333333333,11,11,GGGGGTTGCCGGTTTGCCGA,0,4346140
yadI_predicted,0.08333333333333333,11,11,GGGGCGCGACCTAGGCTCGC,0,4300129
yadI_predicted,0.08333333333333333,11,11,GGGCCGACTTGCGCAGGGGG,0,4368286
yadI_predicted,0.08333333333333333,11,11,GGGCCAAGTACTCTTTTTTG,0,4310111
yadI_predicted,0.08333333333333333,11,11,GGGCAGTGGCCTCAGCGACA,0,4315335
yadI_predicted,0.08333333333333333,11,11,GGGACTTTTACGAAGGGCCG,0,4356227
yadI_predicted,0.08333333333333333,11,11,GGGAATAACTTTTGCGGGGA,0,4332345
yadI_predicted,0.08333333333333333,11,11,GGGAAGGGAACTGACTTCGC,0,4296089
yadI_predicted,0.08333333333333333,11,11,GGCTTTCGATAAATTTCATA,0,4353752
yadI_predicted,0.08333333333333333,11,11,GGCTTGACAAATAGAATCGT,0,4321164
yadI_predicted,0.08333333333333333,11,11,GGCTTCACTTTTACTCGGTG,0,4364434
yadI_predicted,0.08333333333333333,11,11,GGCTTAGACACAGGCACACT,0,4310492
yadI_predicted,0.08333333333333333,11,11,GGCTGGTGGTCTGGTTCGTA,0,4357780
yadI_predicted,0.08333333333333333,11,11,GGCTCCGACTGTGAGGTAGC,0,4311909
yadI_predicted,0.08333333333333333,11,11,GGCTAATCTCGTGACAGGTA,0,4335270
yadI_predicted,0.08333333333333333,11,11,GGCGTCGCTGTTGGCCCCGT,0,4311301
yadI_predicted,0.08333333333333333,11,11,GGCGGGTTGTTAGGTCATAA,0,4285035
yadI_predicted,0.08333333333333333,11,11,GGCGCTGCGGGATGAGAGGT,0,4361271
yadI_predicted,0.08333333333333333,11,11,GGCCGGATTGCACCGTACTG,0,4365778
yadI_predicted,0.08333333333333333,11,11,GGCCCTCTACTAATGTCCCG,0,4342670
yadI_predicted,0.08333333333333333,11,11,GGCATCCGCGTGGTGTGGTA,0,4293088
yadI_predicted,0.08333333333333333,11,11,GGCAGTTCGTCGCGCATTAT,0,4312727
yadI_predicted,0.08333333333333333,11,11,GGCACGATCTGCGTCTCGGG,0,4335691
yadI_predicted,0.08333333333333333,11,11,GGATTTGATTCCTGCTCTTC,0,4347077
yadI_predicted,0.08333333333333333,11,11,GGATTCCCTTGCGCATAAAG,0,4325952
yadI_predicted,0.08333333333333333,11,11,GGATCTTAGCATAGGGATTG,0,4291794
yadI_predicted,0.08333333333333333,11,11,GGATCCCCGGGTATTGCTGG,0,4308702
yadI_predicted,0.08333333333333333,11,11,GGAGTGAAACCCGATGAAAC,0,4301939
yadI_predicted,0.08333333333333333,11,11,GGAGGCAATTTATAATCTCT,0,4365729
yadI_predicted,0.08333333333333333,11,11,GGAGGAACTCGCATCACAGA,0,4362931
yadI_predicted,0.08333333333333333,11,11,GGAGCTTCTGTAGTTATCAA,0,4318129
yadI_predicted,0.08333333333333333,11,11,GGAGAATGGATATGCGGTCA,0,4313242
yadI_predicted,0.08333333333333333,11,11,GGACTGCATTTCGAACGCGG,0,4286586
yadI_predicted,0.08333333333333333,11,11,GGACGGCTAGGAAGAGGCTT,0,4363847
yadI_predicted,0.08333333333333333,11,11,GGACCGTTGGTACTTTCGTT,0,4365497
yadI_predicted,0.08333333333333333,11,11,GGAATGTAGTACTGTACATT,0,4298624
yadI_predicted,0.08333333333333333,11,11,GCTTTCTGCACGAGTGGCGT,0,4348418
yadI_predicted,0.08333333333333333,11,11,GCTTCAGGCAGTTGAATTCG,0,4292122
yadI_predicted,0.08333333333333333,11,11,GCTTAGATCTAGAGAGGCCC,0,4325134
yadI_predicted,0.08333333333333333,11,11,GCTGTTTAGGAGGAAGCGTG,0,4318123
yadI_predicted,0.08333333333333333,11,11,GCTGCGCCGTTTACGCCGAG,0,4353233
yadI_predicted,0.08333333333333333,11,11,GCTCTCATTCATCATAGGTA,0,4326014
yadI_predicted,0.08333333333333333,11,11,GCTCGTCGGCCCGCCGGTCA,0,4336450
yadI_predicted,0.08333333333333333,11,11,GCTAAACGTATGCCTAACTG,0,4346413
yadI_predicted,0.08333333333333333,11,11,GCGTTGAATCACCCTTTTCC,0,4354875
yadI_predicted,0.08333333333333333,11,11,GCGGTCATAGGGTCAAGGCT,0,4285317
yadI_predicted,0.08333333333333333,11,11,GCGGCCTTTTTTGTTGGTCA,0,4353428
yadI_predicted,0.08333333333333333,11,11,GCGCGTGTTTCCGGACAGCT,0,4334611
yadI_predicted,0.08333333333333333,11,11,GCCTTCTCCAGGATCCTTTG,0,4297563
yadI_predicted,0.08333333333333333,11,11,GCCTTAGACGTCGGGTGAAA,0,4310698
yadI_predicted,0.08333333333333333,11,11,GCCGGGACATAGTGTAATGT,0,4293810
yadI_predicted,0.08333333333333333,11,11,GCCGGCACCCTTCTTAGAGA,0,4306799
yadI_predicted,0.08333333333333333,11,11,GCCGGATTGTATACTGAGGT,0,4347535
yadI_predicted,0.08333333333333333,11,11,GCCGCTCGCTCACCTGACAC,0,4329520
yadI_predicted,0.08333333333333333,11,11,GCCGCGGCCTCGGTTGTATG,0,4303225
yadI_predicted,0.08333333333333333,11,11,GCCGATCTATGCTAGAATTT,0,4310693
yadI_predicted,0.08333333333333333,11,11,GCCGAGAAGGTCCGGTATTG,0,4288809
yadI_predicted,0.08333333333333333,11,11,GCCCTCCAAAATGGCTCCGT,0,4292523
yadI_predicted,0.08333333333333333,11,11,GCCCTAAGCCCCTCTAAGGA,0,4362885
yadI_predicted,0.08333333333333333,11,11,GCCCGTTGCGCCAGCAACGG,0,4311644
yadI_predicted,0.08333333333333333,11,11,GCCATGTAGAGAGCCTAACA,0,4349858
yadI_predicted,0.08333333333333333,11,11,GCCATGAGGTGCGCATGACT,0,4288240
yadI_predicted,0.08333333333333333,11,11,GCCAGTCATCGGCCTCCTAA,0,4300392
yadI_predicted,0.08333333333333333,11,11,GCCAGGGCCCGGTTGAAAGT,0,4338008
yadI_predicted,0.08333333333333333,11,11,GCCAGCACCTGCGAGAAGTT,0,4346524
yadI_predicted,0.08333333333333333,11,11,GCCAAAATGTAGAGTCTTTC,0,4323094
yadI_predicted,0.08333333333333333,11,11,GCATTTTTACCTCTGAAACG,0,4302599
yadI_predicted,0.08333333333333333,11,11,GCATGTAACCGAGCTAGCGC,0,4293312
yadI_predicted,0.08333333333333333,11,11,GCATATGGCGGCGGCGGCGC,0,4285727
yadI_predicted,0.08333333333333333,11,11,GCAGGATTAATCATGGGTCG,0,4320926
yadI_predicted,0.08333333333333333,11,11,GCAGACGGTAGAAACCTAGA,0,4358796
yadI_predicted,0.08333333333333333,11,11,GCAGAATTCGACAATTTATG,0,4340944
yadI_predicted,0.08333333333333333,11,11,GCACTTACGCGATGTCTTGT,0,4343501
yadI_predicted,0.08333333333333333,11,11,GCACGGAGACGGAACGTGTA,0,4310326
yadI_predicted,0.08333333333333333,11,11,GCACGATCCACCTTCTGGAT,0,4294553
yadI_predicted,0.08333333333333333,11,11,GCACCTTAAGATCCTGCCTC,0,4310383
yadI_predicted,0.08333333333333333,11,11,GCACCGATGCCTTATACACT,0,4352396
yadI_predicted,0.08333333333333333,11,11,GCACCGAAACTGGTCCGACT,0,4318146
yadI_predicted,0.08333333333333333,11,11,GCAAGCAAAACAAAGGCATT,0,4341460
yadI_predicted,0.08333333333333333,11,11,GATTTCGATCCATTTTGTGG,0,4353655
yadI_predicted,0.08333333333333333,11,11,GATTGCAGCCAGGGGCACAC,0,4339427
yadI_predicted,0.08333333333333333,11,11,GATTCTGCAATGGTAAATGT,0,4354042
yadI_predicted,0.08333333333333333,11,11,GATTCCGACCAGAGCCGCAA,0,4337130
yadI_predicted,0.08333333333333333,11,11,GATTAGGACGGCGCGGTGAA,0,4331005
yadI_predicted,0.08333333333333333,11,11,GATTAATGGAAACACAGAGC,0,4367034
yadI_predicted,0.08333333333333333,11,11,GATTAAGATGCCCATGTCTC,0,4312232
yadI_predicted,0.08333333333333333,11,11,GATGGTGTCGCATTTGATCG,0,4293518
yadI_predicted,0.08333333333333333,11,11,GATGGGTCTGCTTGATCAAG,0,4369587
yadI_predicted,0.08333333333333333,11,11,GATGGAAGTCATAGACGGTT,0,4339271
yadI_predicted,0.08333333333333333,11,11,GATGCCTGATAGCATGTTGT,0,4284354
yadI_predicted,0.08333333333333333,11,11,GATCTCCTACGCGACAGGGA,0,4358054
yadI_predicted,0.08333333333333333,11,11,GATCGGTTAAAACTCGCTGT,0,4353341
yadI_predicted,0.08333333333333333,11,11,GATCCTCTTCAAACTGTAGG,0,4311314
yadI_predicted,0.08333333333333333,11,11,GATAGACTTAGTCCCCTGCG,0,4311455
yadI_predicted,0.08333333333333333,11,11,GATAAGGCAAGATCCCCCCG,0,4336161
yadI_predicted,0.08333333333333333,11,11,GATAAAAAATGTGCTAATGA,0,4294684
yadI_predicted,0.08333333333333333,11,11,GAGTTAAGATGGCGCGCTGG,0,4321616
yadI_predicted,0.08333333333333333,11,11,GAGTATTAGCATAACCTCCA,0,4342240
yadI_predicted,0.08333333333333333,11,11,GAGGGCACGATACGCGTAAA,0,4360218
yadI_predicted,0.08333333333333333,11,11,GAGCGCCATTTTTCCATAGT,0,4358542
yadI_predicted,0.08333333333333333,11,11,GAGCATGGTAATTGATACTC,0,4350287
yadI_predicted,0.08333333333333333,11,11,GAGCAATTTTGTTGTGTAAA,0,4347857
yadI_predicted,0.08333333333333333,11,11,GAGATAAAGGCCTCGTACGC,0,4337336
yadI_predicted,0.08333333333333333,11,11,GACTGGGTCCTGTGTAGAAT,0,4330159
yadI_predicted,0.08333333333333333,11,11,GACGTGTGCGAGTACACGAC,0,4339324
yadI_predicted,0.08333333333333333,11,11,GACCGGTCACTACGATTAAT,0,4319153
yadI_predicted,0.08333333333333333,11,11,GACCCATTTCAGAATGATGC,0,4346888
yadI_predicted,0.08333333333333333,11,11,GACATTGAGATAAACAGGCC,0,4296336
yadI_predicted,0.08333333333333333,11,11,GACATTAGCCATACGACACG,0,4288894
yadI_predicted,0.08333333333333333,11,11,GACACGCATGAACTACCAAG,0,4324091
yadI_predicted,0.08333333333333333,11,11,GAATCTAGTCAAATGAAAGT,0,4293478
yadI_predicted,0.08333333333333333,11,11,GAATACGTGGAACATGATCT,0,4308806
yadI_predicted,0.08333333333333333,11,11,GAAGGTGCCCGTGGGTAAGA,0,4359141
yadI_predicted,0.08333333333333333,11,11,GAAGGTCCGATTTGCAACAT,0,4300224
yadI_predicted,0.08333333333333333,11,11,GAAGAGACGTAAATGGATGT,0,4298915
yadI_predicted,0.08333333333333333,11,11,GAAAGTCCCACGCCGTGACC,0,4289167
yadI_predicted,0.08333333333333333,11,11,CTTTCTTCAAGGTGCGCGGA,0,4306957
yadI_predicted,0.08333333333333333,11,11,CTTTATTACGTGCAGCAAGA,0,4345435
yadI_predicted,0.08333333333333333,11,11,CTTTACGGTTGAGGTGAAAT,0,4359812
yadI_predicted,0.08333333333333333,11,11,CTTTACCCCCTGCGAAGCGC,0,4355934
yadI_predicted,0.08333333333333333,11,11,CTTGGTGGCGAATGCACACT,0,4292437
yadI_predicted,0.08333333333333333,11,11,CTTGCGTATGCATATAACAA,0,4341896
yadI_predicted,0.08333333333333333,11,11,CTTGCCACACATAATACGCG,0,4340110
yadI_predicted,0.08333333333333333,11,11,CTTGATAGGAGACTAGGTGA,0,4342496
yadI_predicted,0.08333333333333333,11,11,CTTCCTGGAGTAGAAATGCT,0,4294703
yadI_predicted,0.08333333333333333,11,11,CTTCAGGTGAGTGTGGATTA,0,4358628
yadI_predicted,0.08333333333333333,11,11,CTTATGCCAGGGTGGAGGAT,0,4287810
yadI_predicted,0.08333333333333333,11,11,CTTAACCCTTCTAGGGTGCG,0,4314604
yadI_predicted,0.08333333333333333,11,11,CTGTGAGGGGCCTTCCAAAT,0,4289861
yadI_predicted,0.08333333333333333,11,11,CTGTCGTGACAATGTTAAAG,0,4345376
yadI_predicted,0.08333333333333333,11,11,CTGTACGAACCACGTGCAGC,0,4341962
yadI_predicted,0.08333333333333333,11,11,CTGGGTGGCTGAGCTGTAGG,0,4355178
yadI_predicted,0.08333333333333333,11,11,CTGGGATCCTGGGCTCCTGA,0,4366168
yadI_predicted,0.08333333333333333,11,11,CTGGGACCGTCAGCTGTGCG,0,4304833
yadI_predicted,0.08333333333333333,11,11,CTGGCCGACCCCGATGGAGG,0,4369911
yadI_predicted,0.08333333333333333,11,11,CTGCTTACCGGGCTCCGCGC,0,4354738
yadI_predicted,0.08333333333333333,11,11,CTGCGAATCAAGTTAATTAC,0,4330448
yadI_predicted,0.08333333333333333,11,11,CTGCCTTGATTTAGCCACAG,0,4345343
yadI_predicted,0.08333333333333333,11,11,CTGATTTTACCCATTTAGAG,0,4299360
yadI_predicted,0.08333333333333333,11,11,CTGAGGGGAATGCGGGTTAA,0,4335803
yadI_predicted,0.08333333333333333,11,11,CTCTCTCCCGCACTGGCCGT,0,4317893
yadI_predicted,0.08333333333333333,11,11,CTCTCACCTAAGAACGGGGA,0,4355363
yadI_predicted,0.08333333333333333,11,11,CTCGTGTCATAGCGTCCCTC,0,4343911
yadI_predicted,0.08333333333333333,11,11,CTCGGGGCATCTGCTCATCA,0,4302453
yadI_predicted,0.08333333333333333,11,11,CTATGTGTGCAGGTCTACGT,0,4303287
yadI_predicted,0.08333333333333333,11,11,CTATGGGGTTCCCGCCGTAC,0,4321871
yadI_predicted,0.08333333333333333,11,11,CTATATGACCATATGCCCGG,0,4350794
yadI_predicted,0.08333333333333333,11,11,CTAGGTTATCCATGTCCGAG,0,4331331
yadI_predicted,0.08333333333333333,11,11,CTAGGGCCTAAAGGTGTCTA,0,4342278
yadI_predicted,0.08333333333333333,11,11,CTACTGAGCACAATACTGGT,0,4297723
yadI_predicted,0.08333333333333333,11,11,CTACGGCGGCTACTCTGTTT,0,4338687
yadI_predicted,0.08333333333333333,11,11,CTAATACTGAGGCGGCCAAC,0,4323128
yadI_predicted,0.08333333333333333,11,11,CTAATAACCAGCACTAGCGG,0,4326480
yadI_predicted,0.08333333333333333,11,11,CGTTTCACTGTCGGCCCTCT,0,4329977
yadI_predicted,0.08333333333333333,11,11,CGTGTTAACTGTGCGGGGAG,0,4291501
yadI_predicted,0.08333333333333333,11,11,CGTGATTCACGGAGTAATGT,0,4319258
yadI_predicted,0.08333333333333333,11,11,CGTCTTGGATTTGCTGCCTA,0,4293422
yadI_predicted,0.08333333333333333,11,11,CGTCGCATCGAAATGAAGTC,0,4324283
yadI_predicted,0.08333333333333333,11,11,CGTAGATTATTCTAATCGAT,0,4310749
yadI_predicted,0.08333333333333333,11,11,CGTACCTTACGCCGCTAGTC,0,4359647
yadI_predicted,0.08333333333333333,11,11,CGTAACTTACACATAAAGGT,0,4359493
yadI_predicted,0.08333333333333333,11,11,CGTAACGCACAAGTAAGAGT,0,4340790
yadI_predicted,0.08333333333333333,11,11,CGGTTTTTTTGAATCACCGA,0,4294621
yadI_predicted,0.08333333333333333,11,11,CGGTTGATGGTGTCCTAGTT,0,4355509
yadI_predicted,0.08333333333333333,11,11,CGGTTCTTTTATGGCTTAGA,0,4359589
yadI_predicted,0.08333333333333333,11,11,CGGTTAGGATTATCACAGAG,0,4358678
yadI_predicted,0.08333333333333333,11,11,CGGTAGCCAGGCTAACATAT,0,4318555
yadI_predicted,0.08333333333333333,11,11,CGGGTCCTGTAGTTTTGGAT,0,4354813
yadI_predicted,0.08333333333333333,11,11,CGGGGAGGTTGTCACTACAG,0,4330948
yadI_predicted,0.08333333333333333,11,11,CGGGCACCAAAGCCACATCT,0,4365663
yadI_predicted,0.08333333333333333,11,11,CGGCGTCCACTCGACTTTTT,0,4289252
yadI_predicted,0.08333333333333333,11,11,CGGCGCAGCGCGAACCTACT,0,4306560
yadI_predicted,0.08333333333333333,11,11,CGGAGCCTCCTGGAAGCTGG,0,4363858
yadI_predicted,0.08333333333333333,11,11,CGGACGGCCGCCGTGGACGG,0,4349295
yadI_predicted,0.08333333333333333,11,11,CGGAATTGGTTCTGGCGTGT,0,4285295
yadI_predicted,0.08333333333333333,11,11,CGGAAGTGTACATCGCTCCA,0,4364878
yadI_predicted,0.08333333333333333,11,11,CGGAAATTCAGACGACATTC,0,4295726
yadI_predicted,0.08333333333333333,11,11,CGCTTGTTTCTCGGACAGGG,0,4346218
yadI_predicted,0.08333333333333333,11,11,CGCGTTGCTGGATCTGTCAG,0,4320598
yadI_predicted,0.08333333333333333,11,11,CGCGGAAAGACCGAAGGGTG,0,4317045
yadI_predicted,0.08333333333333333,11,11,CGCCTCTACCTTGATTATAT,0,4296455
yadI_predicted,0.08333333333333333,11,11,CGCCTCCATCATCTAGCCTC,0,4289955
yadI_predicted,0.08333333333333333,11,11,CGCCAACCTTGTTGCGATAT,0,4298180
yadI_predicted,0.08333333333333333,11,11,CGCATTCCCAATAAAGCATT,0,4290145
yadI_predicted,0.08333333333333333,11,11,CGCATTCACTCTAGCGAAAT,0,4308247
yadI_predicted,0.08333333333333333,11,11,CGCACCCCACGTTACCTGGG,0,4321536
yadI_predicted,0.08333333333333333,11,11,CGCAATTCGGCACGTGGGTG,0,4367966
yadI_predicted,0.08333333333333333,11,11,CGATGGTGGAACGTCGCTTG,0,4304830
yadI_predicted,0.08333333333333333,11,11,CGATCCAGTTGTGACAATGA,0,4303660
yadI_predicted,0.08333333333333333,11,11,CGATACCCTCAAGGGCTTCA,0,4304754
yadI_predicted,0.08333333333333333,11,11,CGAGGAGTGCGCTGGCTTAG,0,4323292
yadI_predicted,0.08333333333333333,11,11,CGAGCCGTTTCCCATAGAGG,0,4323368
yadI_predicted,0.08333333333333333,11,11,CGAGCAGTGGTCCCTCACTA,0,4290630
yadI_predicted,0.08333333333333333,11,11,CGAGAAGTGTGTGGAATTGT,0,4362171
yadI_predicted,0.08333333333333333,11,11,CGACTCTTGGGGTGCGTAGT,0,4292438
yadI_predicted,0.08333333333333333,11,11,CGACTCCACTAAGTAACGTC,0,4324754
yadI_predicted,0.08333333333333333,11,11,CGACTAATCACACGGCGTTC,0,4356963
yadI_predicted,0.08333333333333333,11,11,CGACCTTATAGTAAAGGCTC,0,4366013
yadI_predicted,0.08333333333333333,11,11,CGACCATTTCCGGAAGCCGT,0,4357252
yadI_predicted,0.08333333333333333,11,11,CGAATGGTTGCTAATTAGCG,0,4306057
yadI_predicted,0.08333333333333333,11,11,CGAAAGGCGTAACGGTGAAG,0,4337020
yadI_predicted,0.08333333333333333,11,11,CCTTCTTAACTTGCTAACGA,0,4316166
yadI_predicted,0.08333333333333333,11,11,CCTTAGTTGCCGCGATTGTA,0,4296991
yadI_predicted,0.08333333333333333,11,11,CCTGTATTTAAGGTTAGGAA,0,4328235
yadI_predicted,0.08333333333333333,11,11,CCTGCTTGTACCAGGTGTCA,0,4318137
yadI_predicted,0.08333333333333333,11,11,CCTGCCAATATTAGAACTAT,0,4307797
yadI_predicted,0.08333333333333333,11,11,CCTGAAAGTATACAGCCTTG,0,4359960
yadI_predicted,0.08333333333333333,11,11,CCTATCGTTCACAGTCTTAA,0,4333901
yadI_predicted,0.08333333333333333,11,11,CCTAGGAGAGCCAGGTGAGG,0,4347498
yadI_predicted,0.08333333333333333,11,11,CCTAAGCTGAGCCCCTTAGG,0,4335351
yadI_predicted,0.08333333333333333,11,11,CCTAAGATGCCCCTTAGGCA,0,4285022
yadI_predicted,0.08333333333333333,11,11,CCTAACATTGGATAATGTTC,0,4288070
yadI_predicted,0.08333333333333333,11,11,CCGTTCTCGAACTCGCGGCA,0,4332391
yadI_predicted,0.08333333333333333,11,11,CCGTGTGTTGACGGCTCCGT,0,4363600
yadI_predicted,0.08333333333333333,11,11,CCGTATAATGTGCGAGCCAA,0,4305594
yadI_predicted,0.08333333333333333,11,11,CCGGTGCCCGTATATAGTGC,0,4305432
yadI_predicted,0.08333333333333333,11,11,CCGGGGTTCGTTTCACCACT,0,4327953
yadI_predicted,0.08333333333333333,11,11,CCGGGAGGACTTCGCTTCAG,0,4302560
yadI_predicted,0.08333333333333333,11,11,CCGGCCGTGGACGACATGGA,0,4357547
yadI_predicted,0.08333333333333333,11,11,CCGGCCATAGCAGCAGGAAA,0,4292737
yadI_predicted,0.08333333333333333,11,11,CCGCTGGCCAGTTAAAGGGA,0,4302278
yadI_predicted,0.08333333333333333,11,11,CCGCGAGCACCCGAAGATGC,0,4320280
yadI_predicted,0.08333333333333333,11,11,CCGATTTTACGATCCGAAGC,0,4311851
yadI_predicted,0.08333333333333333,11,11,CCGAGGCGTTAGCCACTAGG,0,4315322
yadI_predicted,0.08333333333333333,11,11,CCGACCAGCACAAAGATCGC,0,4334792
yadI_predicted,0.08333333333333333,11,11,CCGACAGTGCTCATCTGGAA,0,4349986
yadI_predicted,0.08333333333333333,11,11,CCGAAGTCTGTGTGGTCTGT,0,4284178
yadI_predicted,0.08333333333333333,11,11,CCCTTTCCTATATAGACATA,0,4286863
yadI_predicted,0.08333333333333333,11,11,CCCTTGGTATGGATTAGTCG,0,4358370
yadI_predicted,0.08333333333333333,11,11,CCCTTCTAGGAATTTCATGC,0,4326431
yadI_predicted,0.08333333333333333,11,11,CCCTGTTATGGTATAAAGCG,0,4350073
yadI_predicted,0.08333333333333333,11,11,CCCTGTGGTGCAAGGTTGGT,0,4314362
yadI_predicted,0.08333333333333333,11,11,CCCTCCAATGGATGCTTCTC,0,4369110
yadI_predicted,0.08333333333333333,11,11,CCCTATAGTGGGACCTTAAT,0,4342324
yadI_predicted,0.08333333333333333,11,11,CCCGTACCCTAACCCTTCTC,0,4342762
yadI_predicted,0.08333333333333333,11,11,CCCGACACAACAACGGCTTG,0,4351222
yadI_predicted,0.08333333333333333,11,11,CCCCGTTTTCAGGTGGTTTT,0,4353806
yadI_predicted,0.08333333333333333,11,11,CCCCGGTCACCGTTGGACTG,0,4304182
yadI_predicted,0.08333333333333333,11,11,CCCCGGCTGTTCGGCCAGTT,0,4305452
yadI_predicted,0.08333333333333333,11,11,CCCCGATGAGTTGATCTGCG,0,4327924
yadI_predicted,0.08333333333333333,11,11,CCCCACATCAAATTTTAACA,0,4314800
yadI_predicted,0.08333333333333333,11,11,CCCACGCACTACCAAGGCAT,0,4296695
yadI_predicted,0.08333333333333333,11,11,CCCAAATTTCCCATCTAGAC,0,4369707
yadI_predicted,0.08333333333333333,11,11,CCAGGACCTTTGTGTCAAAT,0,4299354
yadI_predicted,0.08333333333333333,11,11,CCAGACCTTAACTTAAGCGA,0,4334599
yadI_predicted,0.08333333333333333,11,11,CCAGACACTGGTATCGCTCT,0,4362529
yadI_predicted,0.08333333333333333,11,11,CCACGGCTGTGAAGCTGTTC,0,4350862
yadI_predicted,0.08333333333333333,11,11,CATTTGAGCCGATTCGGCCC,0,4356594
yadI_predicted,0.08333333333333333,11,11,CATTTATGGCTCAAGGGAAT,0,4333596
yadI_predicted,0.08333333333333333,11,11,CATTGACTGACTGCCATATA,0,4294383
yadI_predicted,0.08333333333333333,11,11,CATTGAATCACCCTGACGAG,0,4305456
yadI_predicted,0.08333333333333333,11,11,CATTCGGCGGACGCTTCTCA,0,4367148
yadI_predicted,0.08333333333333333,11,11,CATTAGCGCATCGTCCCTAC,0,4357534
yadI_predicted,0.08333333333333333,11,11,CATTAACACTACGGTCGTGA,0,4332793
yadI_predicted,0.08333333333333333,11,11,CATGGTACGATGTTAAAGTT,0,4324365
yadI_predicted,0.08333333333333333,11,11,CATGGAAGTAAGCCGATCTG,0,4341219
yadI_predicted,0.08333333333333333,11,11,CATGACCATTTTAGGCTTCG,0,4340888
yadI_predicted,0.08333333333333333,11,11,CATCGGGGATTTACGCCAAA,0,4348754
yadI_predicted,0.08333333333333333,11,11,CATCGGATGCCTAGATTCGG,0,4311956
yadI_predicted,0.08333333333333333,11,11,CATCCAGGACACTAAGGTCC,0,4311739
yadI_predicted,0.08333333333333333,11,11,CATCATTAAGTGGTCCAGGT,0,4351538
yadI_predicted,0.08333333333333333,11,11,CATAGGCTTTGAAGCATCGC,0,4307555
yadI_predicted,0.08333333333333333,11,11,CATAAAGTGGTCTATGGAAC,0,4342475
yadI_predicted,0.08333333333333333,11,11,CAGTAACTTCGGGAACTTTT,0,4355140
yadI_predicted,0.08333333333333333,11,11,CAGGGCCATCGCATTAGGAC,0,4357184
yadI_predicted,0.08333333333333333,11,11,CAGGGATGTCCACGGACGGT,0,4301420
yadI_predicted,0.08333333333333333,11,11,CAGGACGCGACACGAATTGA,0,4347255
yadI_predicted,0.08333333333333333,11,11,CAGGAAGTAGACCGCGTTGA,0,4331732
yadI_predicted,0.08333333333333333,11,11,CAGCGAAGATAATATATCAT,0,4298242
yadI_predicted,0.08333333333333333,11,11,CAGCCGATGTGGCGCCGAGT,0,4352891
yadI_predicted,0.08333333333333333,11,11,CAGCATGCCCCCTCTCGGAG,0,4313810
yadI_predicted,0.08333333333333333,11,11,CAGATCTAATCCGCGCTAAA,0,4288184
yadI_predicted,0.08333333333333333,11,11,CAGACAAGCGGGCACTAAAG,0,4323461
yadI_predicted,0.08333333333333333,11,11,CACTCTTGGCGCTACCGGAA,0,4313534
yadI_predicted,0.08333333333333333,11,11,CACTCTCAGCTTTACGCTAC,0,4311920
yadI_predicted,0.08333333333333333,11,11,CACGTGTCTGGCAGACTTCT,0,4354503
yadI_predicted,0.08333333333333333,11,11,CACGTGGAAGCCCCTGCACG,0,4319850
yadI_predicted,0.08333333333333333,11,11,CACCCCGGTTAGGGGCATTG,0,4318455
yadI_predicted,0.08333333333333333,11,11,CACAGAGTAAAGCCATAAGT,0,4330248
yadI_predicted,0.08333333333333333,11,11,CACACCAAGAGGCTTCATGC,0,4341555
yadI_predicted,0.08333333333333333,11,11,CACAATCAGATTCCCCGGAT,0,4335837
yadI_predicted,0.08333333333333333,11,11,CAATTGTGTCTGAAAACCAT,0,4303118
yadI_predicted,0.08333333333333333,11,11,CAATGAGCTTTATGCGCGCC,0,4315924
yadI_predicted,0.08333333333333333,11,11,CAATAAGAGTTCCTGTCCGT,0,4315670
yadI_predicted,0.08333333333333333,11,11,CAAGGCGGAGAGTTGCGTTC,0,4328877
yadI_predicted,0.08333333333333333,11,11,CAAGAGAACACGCCTTCTCT,0,4352152
yadI_predicted,0.08333333333333333,11,11,CAACTTCTGCGACTCTGCAT,0,4304842
yadI_predicted,0.08333333333333333,11,11,CAACTAGATACAGGTATTCC,0,4319369
yadI_predicted,0.08333333333333333,11,11,CAAAGTGGCACCGAGGGGTA,0,4294427
yadI_predicted,0.08333333333333333,11,11,ATTGTGATTACCCGGACGTA,0,4305062
yadI_predicted,0.08333333333333333,11,11,ATTGCGGGCTTGTCCTTAAG,0,4349581
yadI_predicted,0.08333333333333333,11,11,ATTCTTGGCAGAAGGAGCGC,0,4356183
yadI_predicted,0.08333333333333333,11,11,ATTCATAGGCGCCCCCTAGT,0,4340367
yadI_predicted,0.08333333333333333,11,11,ATTATTTGAAGTTTTGCGGT,0,4345636
yadI_predicted,0.08333333333333333,11,11,ATTAGTGGGAAGAAACGCTA,0,4307029
yadI_predicted,0.08333333333333333,11,11,ATGTTAGAGCACGGCCGTGA,0,4363196
yadI_predicted,0.08333333333333333,11,11,ATGTCTAGCATACTAGCAAA,0,4320096
yadI_predicted,0.08333333333333333,11,11,ATGTAGTGAAGGTGGTCCTT,0,4310659
yadI_predicted,0.08333333333333333,11,11,ATGGGGTGGAATGCATCCAT,0,4355469
yadI_predicted,0.08333333333333333,11,11,ATGGGATCCTGATCCACCGC,0,4290116
yadI_predicted,0.08333333333333333,11,11,ATGGGAGGTGCAACGGTTCA,0,4339822
yadI_predicted,0.08333333333333333,11,11,ATGGCAGAGCCTGGGAGTTT,0,4338219
yadI_predicted,0.08333333333333333,11,11,ATGCTTCGCAGGGAAGGGTG,0,4310327
yadI_predicted,0.08333333333333333,11,11,ATGCGAAAGGGCAATCCCGA,0,4291677
yadI_predicted,0.08333333333333333,11,11,ATGCCAAGGCACACCCGAGG,0,4286063
yadI_predicted,0.08333333333333333,11,11,ATGCCAACATTGGATGCGCA,0,4286343
yadI_predicted,0.08333333333333333,11,11,ATGATACGGGAACAATCCAG,0,4333487
yadI_predicted,0.08333333333333333,11,11,ATGACAAGAGGGGGTCTAGG,0,4353002
yadI_predicted,0.08333333333333333,11,11,ATGAACCCTGTAATCAGTTC,0,4367900
yadI_predicted,0.08333333333333333,11,11,ATCTTGAGCTGGACCCCTAA,0,4364071
yadI_predicted,0.08333333333333333,11,11,ATCTTAGCTAGAAGAGCCAC,0,4343856
yadI_predicted,0.08333333333333333,11,11,ATCGTATCGACATTAGCTAG,0,4340003
yadI_predicted,0.08333333333333333,11,11,ATCGGGTAATTCCAAACAAC,0,4327159
yadI_predicted,0.08333333333333333,11,11,ATCGGCGGCCAGTTGAATTA,0,4329130
yadI_predicted,0.08333333333333333,11,11,ATCCTATCGTGTCGAGCTTC,0,4342375
yadI_predicted,0.08333333333333333,11,11,ATCCCGGGGGGGCACTTCTG,0,4355847
yadI_predicted,0.08333333333333333,11,11,ATCCCACTTTGATTTGATGA,0,4344069
yadI_predicted,0.08333333333333333,11,11,ATCCATAGGAGGTGGCAAAA,0,4340361
yadI_predicted,0.08333333333333333,11,11,ATCATCTTCCAGGGGTTGTG,0,4307536
yadI_predicted,0.08333333333333333,11,11,ATCAGCTGACAACATCCGGA,0,4319471
yadI_predicted,0.08333333333333333,11,11,ATCACGCTAGAGCCCGAGTA,0,4331644
yadI_predicted,0.08333333333333333,11,11,ATCACCCGGCAGATAGAGAA,0,4321021
yadI_predicted,0.08333333333333333,11,11,ATAGTCGGGGAAGGCAGTGG,0,4339437
yadI_predicted,0.08333333333333333,11,11,ATACGCTCGCCGAACATGCA,0,4369482
yadI_predicted,0.08333333333333333,11,11,ATACGAGAACATTTCTGCTC,0,4352066
yadI_predicted,0.08333333333333333,11,11,ATACCTATAAAAGCAGAGAG,0,4318193
yadI_predicted,0.08333333333333333,11,11,ATACCACGGGTAAGTATTCG,0,4336977
yadI_predicted,0.08333333333333333,11,11,ATAATGGGGGCCATTTGTTC,0,4349563
yadI_predicted,0.08333333333333333,11,11,ATAAAGGTAGGCCATTAGGG,0,4342192
yadI_predicted,0.08333333333333333,11,11,AGTTTGACGGGCTACAACGG,0,4318475
yadI_predicted,0.08333333333333333,11,11,AGTGGTCTTCGAACGATCCA,0,4368816
yadI_predicted,0.08333333333333333,11,11,AGTGGTCAGGTCATGAGGTT,0,4290836
yadI_predicted,0.08333333333333333,11,11,AGTGGCGTAGATGGGAGGAA,0,4365166
yadI_predicted,0.08333333333333333,11,11,AGTGCATTTTATTACAGTCG,0,4357594
yadI_predicted,0.08333333333333333,11,11,AGTGCACGGCCTCTGCACCG,0,4287228
yadI_predicted,0.08333333333333333,11,11,AGTATTTCGATCCGACCCAG,0,4313738
yadI_predicted,0.08333333333333333,11,11,AGTAGTTAAAGCTGGCCTGG,0,4287486
yadI_predicted,0.08333333333333333,11,11,AGTAACGGATTCGCCGATCG,0,4355353
yadI_predicted,0.08333333333333333,11,11,AGGTTGTAAAGCGCTCGGGA,0,4364523
yadI_predicted,0.08333333333333333,11,11,AGGTGCAAGCCTCTTTTTAC,0,4351814
yadI_predicted,0.08333333333333333,11,11,AGGTCCACTTGTGGATGTTA,0,4303652
yadI_predicted,0.08333333333333333,11,11,AGGTCACTCAGGGGTATACT,0,4321528
yadI_predicted,0.08333333333333333,11,11,AGGGGTATTCCAATGTAGGG,0,4362482
yadI_predicted,0.08333333333333333,11,11,AGGGGCCGATGGCTAGTGTT,0,4338962
yadI_predicted,0.08333333333333333,11,11,AGGGCACGGGGTCAGGTCAA,0,4319704
yadI_predicted,0.08333333333333333,11,11,AGGCTGATGGAGGCGCCTCC,0,4338013
yadI_predicted,0.08333333333333333,11,11,AGGCTCATTCATAGCTAGAT,0,4323684
yadI_predicted,0.08333333333333333,11,11,AGGCTAGTTGCCCAGGACCA,0,4354925
yadI_predicted,0.08333333333333333,11,11,AGGCAATTCCGTTACGGAAC,0,4330128
yadI_predicted,0.08333333333333333,11,11,AGGATAGTGGGAGGTAGAAG,0,4360810
yadI_predicted,0.08333333333333333,11,11,AGGATAACCCAAATGCGAAG,0,4345643
yadI_predicted,0.08333333333333333,11,11,AGCTTTATGCGGTATGGCCT,0,4341524
yadI_predicted,0.08333333333333333,11,11,AGCTGGTTCGTTCACATCAC,0,4355006
yadI_predicted,0.08333333333333333,11,11,AGCTGGAGAGCCACGGATTA,0,4318848
yadI_predicted,0.08333333333333333,11,11,AGCGTGTTACATCGGAACGC,0,4323625
yadI_predicted,0.08333333333333333,11,11,AGCGGTACGATAAGAGCCCG,0,4297650
yadI_predicted,0.08333333333333333,11,11,AGCGAGCACCCCTGCGGTGG,0,4298956
yadI_predicted,0.08333333333333333,11,11,AGCCCGGTTTTCTAGTCGGG,0,4284819
yadI_predicted,0.08333333333333333,11,11,AGCCACATTGAAGGATGAGC,0,4315159
yadI_predicted,0.08333333333333333,11,11,AGCATCGCTTTGAACAAATA,0,4347392
yadI_predicted,0.08333333333333333,11,11,AGCAGCAATCAGTTGACATC,0,4284155
yadI_predicted,0.08333333333333333,11,11,AGCACGGGATCAGACTTAGA,0,4354647
yadI_predicted,0.08333333333333333,11,11,AGATTGGTACGGGAAGGTCA,0,4285934
yadI_predicted,0.08333333333333333,11,11,AGATCAGCAGAGAGTAGTAT,0,4308236
yadI_predicted,0.08333333333333333,11,11,AGAGTACCACAGAGTAGTTT,0,4294128
yadI_predicted,0.08333333333333333,11,11,AGAGCAGGGTGTGGCTAGGG,0,4342439
yadI_predicted,0.08333333333333333,11,11,AGAGAAGGTTGGGGTTACCT,0,4360854
yadI_predicted,0.08333333333333333,11,11,AGACGGGTTCGGCCCGTTGG,0,4365278
yadI_predicted,0.08333333333333333,11,11,AGACCTTAGGAGTGCAGGCA,0,4286117
yadI_predicted,0.08333333333333333,11,11,AGACCGTAGGTCAGGTAGAC,0,4358346
yadI_predicted,0.08333333333333333,11,11,AGAAGGCCTGGTGAGGAAAG,0,4345122
yadI_predicted,0.08333333333333333,11,11,AGAACCCGGATGACTGATCG,0,4326157
yadI_predicted,0.08333333333333333,11,11,AGAACACTCGCGCAAACGTG,0,4340380
yadI_predicted,0.08333333333333333,11,11,ACTTGACGACCCGTAGATAC,0,4328094
yadI_predicted,0.08333333333333333,11,11,ACTTGAACGTCTGATGCTAT,0,4327546
yadI_predicted,0.08333333333333333,11,11,ACTTCGGAGGTAGTCAAGGG,0,4361914
yadI_predicted,0.08333333333333333,11,11,ACTGGGATTTAAATGATCAG,0,4306991
yadI_predicted,0.08333333333333333,11,11,ACTGCCATATCCACTGATGG,0,4366279
yadI_predicted,0.08333333333333333,11,11,ACTGACATTGACACTAACTA,0,4313204
yadI_predicted,0.08333333333333333,11,11,ACTGAACTACAATGGTACAT,0,4342477
yadI_predicted,0.08333333333333333,11,11,ACTCGAGGGACGTAGTTTGT,0,4293139
yadI_predicted,0.08333333333333333,11,11,ACTACTAAGCGGGGTTAGTC,0,4337643
yadI_predicted,0.08333333333333333,11,11,ACGTTTCAATGCAGCCGTTA,0,4340747
yadI_predicted,0.08333333333333333,11,11,ACGTAAGCGCAAGTATGGTT,0,4284194
yadI_predicted,0.08333333333333333,11,11,ACGTAAATCTCGGGCCGCGT,0,4352295
yadI_predicted,0.08333333333333333,11,11,ACGGTGCTTCTTCCAGGCGT,0,4346031
yadI_predicted,0.08333333333333333,11,11,ACGGGAGGGTATCAGAATTA,0,4367830
yadI_predicted,0.08333333333333333,11,11,ACGCGTGGTAACGCCCACTA,0,4289385
yadI_predicted,0.08333333333333333,11,11,ACGAACGGGAAAATCGTTTA,0,4298024
yadI_predicted,0.08333333333333333,11,11,ACCTTTACGAGCTGATGGCC,0,4289897
yadI_predicted,0.08333333333333333,11,11,ACCTCTAGATAGCATACGCG,0,4303098
yadI_predicted,0.08333333333333333,11,11,ACCGTTGATATACGAGGGGA,0,4290048
yadI_predicted,0.08333333333333333,11,11,ACCGGGGCAGGATTATGGTC,0,4291747
yadI_predicted,0.08333333333333333,11,11,ACCGCGCGCTCGCGATGGAG,0,4318556
yadI_predicted,0.08333333333333333,11,11,ACCGCCTCGTTTCCCCTTGC,0,4321084
yadI_predicted,0.08333333333333333,11,11,ACCAAAACGGATGGAAATTT,0,4292441
yadI_predicted,0.08333333333333333,11,11,ACATGGTGTAGGACGGGAAG,0,4296169
yadI_predicted,0.08333333333333333,11,11,ACATGATAAGTGAATAAAAC,0,4330763
yadI_predicted,0.08333333333333333,11,11,ACATCGGGGCGTCAACTTTA,0,4285674
yadI_predicted,0.08333333333333333,11,11,ACAGGGCGGGCCTTCCCATA,0,4294191
yadI_predicted,0.08333333333333333,11,11,ACACTCAGGTTCAGTGGGCG,0,4319725
yadI_predicted,0.08333333333333333,11,11,ACACCGTCTACACGTCAACC,0,4331987
yadI_predicted,0.08333333333333333,11,11,ACACCGGGTGATCAATTGCC,0,4328515
yadI_predicted,0.08333333333333333,11,11,ACAAACCTCGGGCCACACAC,0,4337528
yadI_predicted,0.08333333333333333,11,11,AATTCTAGAGCGATGCATTA,0,4317812
yadI_predicted,0.08333333333333333,11,11,AATGTAAATACGGCGAACCT,0,4348522
yadI_predicted,0.08333333333333333,11,11,AATGGATGATTGCTTGTGTG,0,4345196
yadI_predicted,0.08333333333333333,11,11,AATCTGCGCTCCGGCAGGAG,0,4316347
yadI_predicted,0.08333333333333333,11,11,AATCCCGAATCAACCCGTTG,0,4291792
yadI_predicted,0.08333333333333333,11,11,AATATCGGCGAAGATATGCT,0,4335329
yadI_predicted,0.08333333333333333,11,11,AATAGCGCAACGTTCGCGAG,0,4316735
yadI_predicted,0.08333333333333333,11,11,AATACCGAACAATCTCAAAA,0,4285848
yadI_predicted,0.08333333333333333,11,11,AAGTTCTAGTGATTAGAGGC,0,4298942
yadI_predicted,0.08333333333333333,11,11,AAGTGGGTTGCAGCCCCCCC,0,4324424
yadI_predicted,0.08333333333333333,11,11,AAGTCGGTTCTTCGGGCCAC,0,4289173
yadI_predicted,0.08333333333333333,11,11,AAGTCGCTAGCGTAAGAGGT,0,4369838
yadI_predicted,0.08333333333333333,11,11,AAGGGTTCAACCTCAAAGGT,0,4350515
yadI_predicted,0.08333333333333333,11,11,AAGGGTCCTCAAGCAAAGCA,0,4328764
yadI_predicted,0.08333333333333333,11,11,AAGGGGTCCGTATGGGGGTA,0,4355186
yadI_predicted,0.08333333333333333,11,11,AAGCTGTATGAAGAAGGAGG,0,4292466
yadI_predicted,0.08333333333333333,11,11,AAGCCAAGGTGGTCAGACCA,0,4334928
yadI_predicted,0.08333333333333333,11,11,AAGATTAGTGGGTAGTGGGT,0,4286857
yadI_predicted,0.08333333333333333,11,11,AAGATCCTCAACTTCTCTAG,0,4357787
yadI_predicted,0.08333333333333333,11,11,AAGAGTTAACAGCGGCCGCA,0,4319861
yadI_predicted,0.08333333333333333,11,11,AAGACGAGAAGTGATTTCCA,0,4336797
yadI_predicted,0.08333333333333333,11,11,AAGACACGGCCCGGGTCCAG,0,4336618
yadI_predicted,0.08333333333333333,11,11,AAGAAATGTGGATTCACTCT,0,4324859
yadI_predicted,0.08333333333333333,11,11,AACTTTTGGAGAATCTTATC,0,4322005
yadI_predicted,0.08333333333333333,11,11,AACTTTAACGTTACCATGTC,0,4291974
yadI_predicted,0.08333333333333333,11,11,AACTGTACCATATAGTTTTG,0,4356002
yadI_predicted,0.08333333333333333,11,11,AACTGCTTAGCATCTGTATC,0,4353995
yadI_predicted,0.08333333333333333,11,11,AACCCGCGCTTCTTCAGGGG,0,4313846
yadI_predicted,0.08333333333333333,11,11,AACATGACAGCATCAAGTAT,0,4351299
yadI_predicted,0.08333333333333333,11,11,AACATCGAGGTACGGGGCTA,0,4312323
yadI_predicted,0.08333333333333333,11,11,AACAGCGACGAACTAATCAC,0,4358509
yadI_predicted,0.08333333333333333,11,11,AACAAGTGCGGGTGTTGGCT,0,4295299
yadI_predicted,0.08333333333333333,11,11,AAATTTTCACGGATAGGTAC,0,4295875
yadI_predicted,0.08333333333333333,11,11,AAATTAGATCAACCCGCCAA,0,4354168
yadI_predicted,0.08333333333333333,11,11,AAATAGCAGGTAGTGGGTTA,0,4346279
yadI_predicted,0.08333333333333333,11,11,AAAGTGGGTGACTATAGCTA,0,4329973
yadI_predicted,0.08333333333333333,11,11,AAAGTGGACCGTGTGGACAA,0,4307623
yadI_predicted,0.08333333333333333,11,11,AAAGGACTGTTTCTGCTTAA,0,4334162
yadI_predicted,0.08333333333333333,11,11,AAAGCTTTAAAGATGTGGGA,0,4366829
yadI_predicted,0.08333333333333333,11,11,AAAGCAGGGATTACACCCCC,0,4342333
yadI_predicted,0.08333333333333333,11,11,AAAGCACGGCCGCCAACGGA,0,4363931
yadI_predicted,0.08333333333333333,11,11,AAAATATAGGTAACATGCTG,0,4355791
yadI_predicted,0.08333333333333333,11,11,AAAAGTGGGGGCTACGTAGG,0,4337376
yadI_predicted,0.08333333333333333,11,11,AAAAGTACTATAGACTTCTA,0,4320054
yadI_predicted,0.08333333333333333,11,11,AAAAAAAAGAGGTGGTGGGT,0,4353719
yadI_predicted,0.09090909090909091,10,10,TTTTTTCTCGCATGACTAAT,0,4320639
yadI_predicted,0.09090909090909091,10,10,TTTTTCATTGGTAACGTGGG,0,4344698
yadI_predicted,0.09090909090909091,10,10,TTTTGCATCTTAGGCTGACC,0,4304267
yadI_predicted,0.09090909090909091,10,10,TTTTGAATATGCGCTGTGGT,0,4329923
yadI_predicted,0.09090909090909091,10,10,TTTTCAGGATAGATATCGCA,0,4321423
yadI_predicted,0.09090909090909091,10,10,TTTTCACGGTGTCAAACGCA,0,4354994
yadI_predicted,0.09090909090909091,10,10,TTTTACATTCTGCCGGTGTT,0,4314484
yadI_predicted,0.09090909090909091,10,10,TTTGATCGCCGGACCTGGTC,0,4330315
yadI_predicted,0.09090909090909091,10,10,TTTGATAGATAGCGGCGCGT,0,4349145
yadI_predicted,0.09090909090909091,10,10,TTTCGGATTTAATGACGAAG,0,4360985
yadI_predicted,0.09090909090909091,10,10,TTTCGAGCATGAAGTTGAAT,0,4307575
yadI_predicted,0.09090909090909091,10,10,TTTCCCCACTCCATATCCTA,0,4333113
yadI_predicted,0.09090909090909091,10,10,TTTCAAACATTAGGAGCGGT,0,4333279
yadI_predicted,0.09090909090909091,10,10,TTTACGATTTACACAGTATC,0,4337988
yadI_predicted,0.09090909090909091,10,10,TTTACCCCCGGATAGTCCCA,0,4285812
yadI_predicted,0.09090909090909091,10,10,TTTAATAGGTCTTCCGTCTC,0,4315612
yadI_predicted,0.09090909090909091,10,10,TTGTGTGCTGCTTGAAGACT,0,4293892
yadI_predicted,0.09090909090909091,10,10,TTGTGGGTCCTGCCGCGGGA,0,4324020
yadI_predicted,0.09090909090909091,10,10,TTGTCTTTGTGCTTCGAAAA,0,4352117
yadI_predicted,0.09090909090909091,10,10,TTGTCAGACTTTGTGGGACG,0,4354044
yadI_predicted,0.09090909090909091,10,10,TTGTATGTCCTTGCATCTCG,0,4346281
yadI_predicted,0.09090909090909091,10,10,TTGGTCAACGGCCTTCTGCA,0,4329004
yadI_predicted,0.09090909090909091,10,10,TTGGTAGCAGAGTCCGCCGA,0,4287584
yadI_predicted,0.09090909090909091,10,10,TTGAGAGGTACGTCACTCTT,0,4310902
yadI_predicted,0.09090909090909091,10,10,TTCTGCGGGGGAAGCCGATA,0,4312483
yadI_predicted,0.09090909090909091,10,10,TTCGGATCCGTAGGTTCGGG,0,4329406
yadI_predicted,0.09090909090909091,10,10,TTCGATGATTGAATACAAAA,0,4330077
yadI_predicted,0.09090909090909091,10,10,TTCGAGGGACACACATATCA,0,4300400
yadI_predicted,0.09090909090909091,10,10,TTCCTCATTCAATTTACAAA,0,4351546
yadI_predicted,0.09090909090909091,10,10,TTCCGTCGGCGCGGACCGAG,0,4300569
yadI_predicted,0.09090909090909091,10,10,TTCCGACCGAGTACAATACA,0,4330815
yadI_predicted,0.09090909090909091,10,10,TTCCATGATCCCTGATCAAC,0,4300117
yadI_predicted,0.09090909090909091,10,10,TTCCATCAGAGCAATAGACA,0,4355561
yadI_predicted,0.09090909090909091,10,10,TTCATTGTGGGAACTACGTA,0,4286311
yadI_predicted,0.09090909090909091,10,10,TTCATGGAGCAACGTCTTCA,0,4361702
yadI_predicted,0.09090909090909091,10,10,TTCATACAGGTTACGCCGAG,0,4326998
yadI_predicted,0.09090909090909091,10,10,TTCAGACGAGACATTAGAAA,0,4346579
yadI_predicted,0.09090909090909091,10,10,TTCACTTATGGCAGCCTGTC,0,4348384
yadI_predicted,0.09090909090909091,10,10,TTCACTCGTTTCGTAGCTAA,0,4326700
yadI_predicted,0.09090909090909091,10,10,TTCAAGAACAGTTACAACGA,0,4298742
yadI_predicted,0.09090909090909091,10,10,TTATTGAGCGTCCTTAGTGT,0,4364281
yadI_predicted,0.09090909090909091,10,10,TTATTATAGGGCAGAACTAT,0,4291422
yadI_predicted,0.09090909090909091,10,10,TTATGTTGGGACTTCACTGT,0,4332943
yadI_predicted,0.09090909090909091,10,10,TTATGATCAATCTTTACCTG,0,4326532
yadI_predicted,0.09090909090909091,10,10,TTATATTCCGGAGGGGACGG,0,4358534
yadI_predicted,0.09090909090909091,10,10,TTATAACTCCAACACTCCAT,0,4313616
yadI_predicted,0.09090909090909091,10,10,TTAGGTTATCCTTGACGGTT,0,4308937
yadI_predicted,0.09090909090909091,10,10,TTAGATACGGATGAACACAG,0,4348840
yadI_predicted,0.09090909090909091,10,10,TTAGAGCGTGGCCAATTCAA,0,4348144
yadI_predicted,0.09090909090909091,10,10,TTACCGAGACGCAGCACTAC,0,4332161
yadI_predicted,0.09090909090909091,10,10,TTACATCGGACAAGGATACC,0,4287143
yadI_predicted,0.09090909090909091,10,10,TTACAGATATTACTGGTTCG,0,4310701
yadI_predicted,0.09090909090909091,10,10,TTAACGGTACTTCCGCGCGG,0,4306940
yadI_predicted,0.09090909090909091,10,10,TGTTTCGGTAATAGCGGGGA,0,4361261
yadI_predicted,0.09090909090909091,10,10,TGTTGTCCGATATGTTGAAG,0,4303447
yadI_predicted,0.09090909090909091,10,10,TGTTACTATTACAGACCTAT,0,4353088
yadI_predicted,0.09090909090909091,10,10,TGTGGTTTGCTAAGGTACAT,0,4331613
yadI_predicted,0.09090909090909091,10,10,TGTGGGACTTGTAAGCAATA,0,4347783
yadI_predicted,0.09090909090909091,10,10,TGTGGCTGGCAAAGCATTTG,0,4310059
yadI_predicted,0.09090909090909091,10,10,TGTGGAATGGAGATACCGGT,0,4323677
yadI_predicted,0.09090909090909091,10,10,TGTCTAAAAAGAATTCAGGA,0,4299772
yadI_predicted,0.09090909090909091,10,10,TGTCGCATAATCTCCTCTAT,0,4357210
yadI_predicted,0.09090909090909091,10,10,TGTATTAGCGATTAAAGACA,0,4339127
yadI_predicted,0.09090909090909091,10,10,TGTAGAAGCTATGCAGCGCG,0,4347726
yadI_predicted,0.09090909090909091,10,10,TGTACGGTGGTGCAATCAGA,0,4319345
yadI_predicted,0.09090909090909091,10,10,TGTACCTGGGGAAGCCCCGA,0,4349403
yadI_predicted,0.09090909090909091,10,10,TGGTGTACGCACTTTTGTGA,0,4339417
yadI_predicted,0.09090909090909091,10,10,TGGTGCGTCATTGGTCGCTG,0,4310380
yadI_predicted,0.09090909090909091,10,10,TGGTGATCCAGGGTTATGTA,0,4311156
yadI_predicted,0.09090909090909091,10,10,TGGTCTTGGACTCCGAATTG,0,4356545
yadI_predicted,0.09090909090909091,10,10,TGGTAGTTGAAGCACATGTA,0,4287699
yadI_predicted,0.09090909090909091,10,10,TGGTAGTGTTTGGTACCTTT,0,4285910
yadI_predicted,0.09090909090909091,10,10,TGGGGGGTCCGACCACGGCG,0,4304108
yadI_predicted,0.09090909090909091,10,10,TGGGAATAGCGACTCGCGCC,0,4327508
yadI_predicted,0.09090909090909091,10,10,TGGCAGGTGGAGCTCTGGTC,0,4355288
yadI_predicted,0.09090909090909091,10,10,TGGATTGATGGCTTCAAATG,0,4354771
yadI_predicted,0.09090909090909091,10,10,TGGATTACAGGGTACTATCC,0,4299572
yadI_predicted,0.09090909090909091,10,10,TGGAAGACCAAGCGTAGATA,0,4285000
yadI_predicted,0.09090909090909091,10,10,TGGAACACGTGGTCAGTACC,0,4313160
yadI_predicted,0.09090909090909091,10,10,TGCGTTCGGCTGGCTAACTG,0,4328863
yadI_predicted,0.09090909090909091,10,10,TGCGTTCCAGATTTGCGGTA,0,4339313
yadI_predicted,0.09090909090909091,10,10,TGCGGCCAGGAAGTGTAAAG,0,4339242
yadI_predicted,0.09090909090909091,10,10,TGCGGAGCAGTTCTTTTCTG,0,4303012
yadI_predicted,0.09090909090909091,10,10,TGCGAGCAGCGGTTAAAACT,0,4336171
yadI_predicted,0.09090909090909091,10,10,TGCGAGCAGACTATGGTCCC,0,4311848
yadI_predicted,0.09090909090909091,10,10,TGCGAACATCGCACATAGTT,0,4296685
yadI_predicted,0.09090909090909091,10,10,TGCCGTTTTTAACGGGCCTA,0,4365727
yadI_predicted,0.09090909090909091,10,10,TGCCCTGTGAGAATCTTAGG,0,4353103
yadI_predicted,0.09090909090909091,10,10,TGCAAATCTGCATCATAGGT,0,4364288
yadI_predicted,0.09090909090909091,10,10,TGATTCGATGAGCACTATCG,0,4287872
yadI_predicted,0.09090909090909091,10,10,TGATTACAGGTACGCCAACG,0,4369502
yadI_predicted,0.09090909090909091,10,10,TGAGCAGTAGGGATGCTGAT,0,4310992
yadI_predicted,0.09090909090909091,10,10,TGACACCTTTCCGGTTTTGG,0,4314239
yadI_predicted,0.09090909090909091,10,10,TGAAGAGCCTAGTATGGACT,0,4292934
yadI_predicted,0.09090909090909091,10,10,TGAACTGCAGTGACCTGCAT,0,4317281
yadI_predicted,0.09090909090909091,10,10,TCTTATCTGTTGCGCGCCAC,0,4343621
yadI_predicted,0.09090909090909091,10,10,TCTTAGACAGTGCATCTGTC,0,4305854
yadI_predicted,0.09090909090909091,10,10,TCTTAGAAGCCGTGAGAGGA,0,4318147
yadI_predicted,0.09090909090909091,10,10,TCTTAAACACCTAAGGGAGT,0,4310382
yadI_predicted,0.09090909090909091,10,10,TCTGTTGTTTATTGATATGT,0,4285642
yadI_predicted,0.09090909090909091,10,10,TCTGTCGGATAAGTACTTGG,0,4317968
yadI_predicted,0.09090909090909091,10,10,TCTGTAGAGCCGTCTGTAAT,0,4316047
yadI_predicted,0.09090909090909091,10,10,TCTGCAATCCGACGGCCAGA,0,4326690
yadI_predicted,0.09090909090909091,10,10,TCTCTTACTCTAGGGTGAAG,0,4349561
yadI_predicted,0.09090909090909091,10,10,TCTCACTCGTCTTGCATTTA,0,4335418
yadI_predicted,0.09090909090909091,10,10,TCTATTCAATGTAAGGTTAG,0,4292170
yadI_predicted,0.09090909090909091,10,10,TCTATGACTCCCTATCGCTA,0,4332574
yadI_predicted,0.09090909090909091,10,10,TCTAGCCCATCGCCGCGGTT,0,4324331
yadI_predicted,0.09090909090909091,10,10,TCGTCGTTCGTGTTTTGACC,0,4319162
yadI_predicted,0.09090909090909091,10,10,TCGTCGTGTGAGGCTGCTCC,0,4326016
yadI_predicted,0.09090909090909091,10,10,TCGTCAGTAGCACCGAATAC,0,4367839
yadI_predicted,0.09090909090909091,10,10,TCGGTTTAACCAATACGGCA,0,4367290
yadI_predicted,0.09090909090909091,10,10,TCGGCCGGAGTTAGCACTTT,0,4357665
yadI_predicted,0.09090909090909091,10,10,TCGCCGCTTGAAACAGTTCT,0,4352107
yadI_predicted,0.09090909090909091,10,10,TCGCCAGGCGCGCATGGACT,0,4316951
yadI_predicted,0.09090909090909091,10,10,TCGATATCTTGGAGTCCGGG,0,4343366
yadI_predicted,0.09090909090909091,10,10,TCGAGTTCTTTTCTACTACG,0,4340877
yadI_predicted,0.09090909090909091,10,10,TCGAGGACACTAGCCCCGGG,0,4311181
yadI_predicted,0.09090909090909091,10,10,TCGACCGTATAATCATCAAC,0,4324753
yadI_predicted,0.09090909090909091,10,10,TCCTCGCTTTTGCTAACGCA,0,4299425
yadI_predicted,0.09090909090909091,10,10,TCCTCCGGTGCCATGTCTAA,0,4314893
yadI_predicted,0.09090909090909091,10,10,TCCGGTTCGGTACTCTATCC,0,4345623
yadI_predicted,0.09090909090909091,10,10,TCCGGGCAGTACACAGAGAT,0,4293195
yadI_predicted,0.09090909090909091,10,10,TCCGCGGGTCTACGCCCAAG,0,4311087
yadI_predicted,0.09090909090909091,10,10,TCCCATGATGATCGCGTCCC,0,4364862
yadI_predicted,0.09090909090909091,10,10,TCCCATCAAAGGTCGCACCC,0,4338427
yadI_predicted,0.09090909090909091,10,10,TCCCAGCCCGATCCGTCAGA,0,4315609
yadI_predicted,0.09090909090909091,10,10,TCCCACGTGTTTCCGGGGCT,0,4296202
yadI_predicted,0.09090909090909091,10,10,TCCATTAGATGGTGATCGAG,0,4336559
yadI_predicted,0.09090909090909091,10,10,TCCAGCGTATTGCTCAGGCA,0,4339057
yadI_predicted,0.09090909090909091,10,10,TCAGTTGGCCTCGGCTACAA,0,4290838
yadI_predicted,0.09090909090909091,10,10,TCAGTTGGAATTTACTGAAT,0,4334838
yadI_predicted,0.09090909090909091,10,10,TCAGCCTTTCGAGAATTAGC,0,4339727
yadI_predicted,0.09090909090909091,10,10,TCAGCACGGTCATGAGTCCC,0,4311676
yadI_predicted,0.09090909090909091,10,10,TCAGACCAATGAGGGATGAA,0,4318993
yadI_predicted,0.09090909090909091,10,10,TCACTAGGAGGAAAGCCGTG,0,4319929
yadI_predicted,0.09090909090909091,10,10,TCACGTCAGCCCTTAAGGGT,0,4296531
yadI_predicted,0.09090909090909091,10,10,TCACAACCGTGGTCTCTTCC,0,4348615
yadI_predicted,0.09090909090909091,10,10,TCAAGTATGAGGTTACCGTG,0,4299368
yadI_predicted,0.09090909090909091,10,10,TCAAGGCAGTCGTACATCAA,0,4286104
yadI_predicted,0.09090909090909091,10,10,TCAAGAAGGTGACGGAGAAC,0,4356196
yadI_predicted,0.09090909090909091,10,10,TATTGTGGGTATTCATACCT,0,4290050
yadI_predicted,0.09090909090909091,10,10,TATTCTAAAGAAATGTTCAG,0,4349207
yadI_predicted,0.09090909090909091,10,10,TATGTGCCGCTGTTCAGTAG,0,4363131
yadI_predicted,0.09090909090909091,10,10,TATGGTTCCCCTCATGATTG,0,4299122
yadI_predicted,0.09090909090909091,10,10,TATGCCGTGTTGCTTAAGGA,0,4288918
yadI_predicted,0.09090909090909091,10,10,TATGATCCCGCTCACTGTTC,0,4297374
yadI_predicted,0.09090909090909091,10,10,TATGAGTTGGTCATGATTTT,0,4295847
yadI_predicted,0.09090909090909091,10,10,TATCCGGAAGAAGGAATACT,0,4363172
yadI_predicted,0.09090909090909091,10,10,TAGGTGGGATGTCGAAACAT,0,4324332
yadI_predicted,0.09090909090909091,10,10,TAGGTCCGCGTCTCAAAGGT,0,4296884
yadI_predicted,0.09090909090909091,10,10,TAGGTAATCGATGACCATTC,0,4369933
yadI_predicted,0.09090909090909091,10,10,TAGGCGGATTAGTCCTACTT,0,4301209
yadI_predicted,0.09090909090909091,10,10,TAGGCGGAACCTCGTAGCTA,0,4298117
yadI_predicted,0.09090909090909091,10,10,TAGCAGAGAACCGAGTCTGA,0,4295381
yadI_predicted,0.09090909090909091,10,10,TAGATTACGTTAACCGCTAT,0,4366818
yadI_predicted,0.09090909090909091,10,10,TAGACGGGCCTGGTTTGTTA,0,4344290
yadI_predicted,0.09090909090909091,10,10,TACTTCATAGAACGTATTTG,0,4347872
yadI_predicted,0.09090909090909091,10,10,TACTGAGCCGTTAGTAGGGT,0,4323462
yadI_predicted,0.09090909090909091,10,10,TACTCATACAATTATCAGGT,0,4297364
yadI_predicted,0.09090909090909091,10,10,TACTAATGTCCAGGCAGAGA,0,4346287
yadI_predicted,0.09090909090909091,10,10,TACGTATATGCCAACACTAC,0,4310385
yadI_predicted,0.09090909090909091,10,10,TACGTAGGACTTTTCAACGG,0,4321419
yadI_predicted,0.09090909090909091,10,10,TACGGTGTGCCGGTGCCGGC,0,4362966
yadI_predicted,0.09090909090909091,10,10,TACCGCAGGGTCCGACCTTG,0,4331477
yadI_predicted,0.09090909090909091,10,10,TACCCAGGCCATATTCGTGG,0,4329165
yadI_predicted,0.09090909090909091,10,10,TACCAGATGGTGTAGGGAGC,0,4342717
yadI_predicted,0.09090909090909091,10,10,TACCACAGGGCTTTAGCCTA,0,4361695
yadI_predicted,0.09090909090909091,10,10,TACATTACGGTCTACTAAAA,0,4346619
yadI_predicted,0.09090909090909091,10,10,TACAGTCTCCACTCATGCAG,0,4306761
yadI_predicted,0.09090909090909091,10,10,TAATCCCACTCTGCCGAGAT,0,4326599
yadI_predicted,0.09090909090909091,10,10,TAATCAGTAGCACACACAAA,0,4308231
yadI_predicted,0.09090909090909091,10,10,TAATATCAGCGACGCTCGTG,0,4315786
yadI_predicted,0.09090909090909091,10,10,TAATATATTAATACAACAAG,0,4291817
yadI_predicted,0.09090909090909091,10,10,TAAGCCTTGGGCAGCGCGGT,0,4326008
yadI_predicted,0.09090909090909091,10,10,TAACTCGCGACTTCTTCGTT,0,4319627
yadI_predicted,0.09090909090909091,10,10,TAAATAGCATCGCTACGAGC,0,4346949
yadI_predicted,0.09090909090909091,10,10,TAAATAATCCATGCGGCTGA,0,4289746
yadI_predicted,0.09090909090909091,10,10,TAAACTTTTTGTGTCGAAAG,0,4346740
yadI_predicted,0.09090909090909091,10,10,TAAACTTATTGATTGGGTCT,0,4332056
yadI_predicted,0.09090909090909091,10,10,TAAAATGGCCTGACTCTTGA,0,4307362
yadI_predicted,0.09090909090909091,10,10,TAAAATCGGGGTTCAGGCTC,0,4335644
yadI_predicted,0.09090909090909091,10,10,GTTTTTACCGACCTTCATTG,0,4337211
yadI_predicted,0.09090909090909091,10,10,GTTTTGCGGTAGTTTCAGGT,0,4340366
yadI_predicted,0.09090909090909091,10,10,GTTTTGACGACTATGGCACT,0,4285887
yadI_predicted,0.09090909090909091,10,10,GTTGTAATTATCAAGCATGT,0,4291656
yadI_predicted,0.09090909090909091,10,10,GTTCTAATGCTGCCCTAACC,0,4287289
yadI_predicted,0.09090909090909091,10,10,GTTCCATTCCATGGAGACGA,0,4307521
yadI_predicted,0.09090909090909091,10,10,GTTCACAAAATCTCGCTCCA,0,4301260
yadI_predicted,0.09090909090909091,10,10,GTTACCGCGTGTATTCGTCC,0,4319536
yadI_predicted,0.09090909090909091,10,10,GTTACATGAGACGCACGATC,0,4339817
yadI_predicted,0.09090909090909091,10,10,GTTACATGAACACGGACGCT,0,4342009
yadI_predicted,0.09090909090909091,10,10,GTTAACGCCGTACATGAACT,0,4343414
yadI_predicted,0.09090909090909091,10,10,GTTAACGACATTTCTGGATT,0,4358403
yadI_predicted,0.09090909090909091,10,10,GTGTTGATGCTGTAGATCTG,0,4325841
yadI_predicted,0.09090909090909091,10,10,GTGTGTCACCTGCGGTGCAT,0,4286616
yadI_predicted,0.09090909090909091,10,10,GTGTCTTGAGGTTCACGGCG,0,4330488
yadI_predicted,0.09090909090909091,10,10,GTGTCCCGAGTAAGCGATTG,0,4330158
yadI_predicted,0.09090909090909091,10,10,GTGGTGAGGCCGGAGCCCTG,0,4287259
yadI_predicted,0.09090909090909091,10,10,GTGCTCGTCCTAGCTAGTTA,0,4346806
yadI_predicted,0.09090909090909091,10,10,GTGCGCGTACCTATCGCACG,0,4362918
yadI_predicted,0.09090909090909091,10,10,GTGCCCCTAGCTGTTTAAGA,0,4336614
yadI_predicted,0.09090909090909091,10,10,GTGCCACCAGCGGGATGGTG,0,4329332
yadI_predicted,0.09090909090909091,10,10,GTGACCCGCGTCAACTCAAT,0,4351761
yadI_predicted,0.09090909090909091,10,10,GTCTTTTCCGCTGAAATGGA,0,4321574
yadI_predicted,0.09090909090909091,10,10,GTCTGAACTATCAAGTGAGA,0,4349691
yadI_predicted,0.09090909090909091,10,10,GTCTCATCTGGTAATCGTTC,0,4340047
yadI_predicted,0.09090909090909091,10,10,GTCTAGCAGACGCAGGATCT,0,4303869
yadI_predicted,0.09090909090909091,10,10,GTCTACTACTGGTGGACGTG,0,4316760
yadI_predicted,0.09090909090909091,10,10,GTCGTATGCATCCTAGCCAC,0,4357374
yadI_predicted,0.09090909090909091,10,10,GTCGCGACTCCTTGCTTATA,0,4294117
yadI_predicted,0.09090909090909091,10,10,GTCCCTGAATTACTCCATGG,0,4295137
yadI_predicted,0.09090909090909091,10,10,GTCCAAAGAATTTGTCATTT,0,4333253
yadI_predicted,0.09090909090909091,10,10,GTCATTTCATTCCTAGGGTT,0,4360843
yadI_predicted,0.09090909090909091,10,10,GTCATGACGCACGACGGGGG,0,4339953
yadI_predicted,0.09090909090909091,10,10,GTCAGGTTAGGTCAATATAG,0,4334311
yadI_predicted,0.09090909090909091,10,10,GTCAGGGGGTACCCATGGAT,0,4360734
yadI_predicted,0.09090909090909091,10,10,GTCAAGTCCCATCGAGTGCC,0,4353474
yadI_predicted,0.09090909090909091,10,10,GTATTGAGTTCTGGACCCAT,0,4347096
yadI_predicted,0.09090909090909091,10,10,GTATGGTCCTCGCCATAACG,0,4325407
yadI_predicted,0.09090909090909091,10,10,GTATGGAACGAAGGGTCTAA,0,4310489
yadI_predicted,0.09090909090909091,10,10,GTATCCACAGACCTGCCTAG,0,4365583
yadI_predicted,0.09090909090909091,10,10,GTATATTCAGCTCTAAGTCA,0,4366374
yadI_predicted,0.09090909090909091,10,10,GTATAAGAATTCAGGATGGT,0,4304966
yadI_predicted,0.09090909090909091,10,10,GTAGTAGGCGCTGTGATGGT,0,4301644
yadI_predicted,0.09090909090909091,10,10,GTAGGGCCTCCAATGTAGAC,0,4324827
yadI_predicted,0.09090909090909091,10,10,GTACTAATGAACCTCACTGG,0,4366192
yadI_predicted,0.09090909090909091,10,10,GTACGGTAATACAAAAGGCG,0,4357610
yadI_predicted,0.09090909090909091,10,10,GTACACGGATAAACCAAGGA,0,4301602
yadI_predicted,0.09090909090909091,10,10,GTAACAGTACCCACGTCTAA,0,4319868
yadI_predicted,0.09090909090909091,10,10,GTAAATAGGGCGGTGAACTA,0,4306059
yadI_predicted,0.09090909090909091,10,10,GGTGTTCGGAGATAGTTATA,0,4308849
yadI_predicted,0.09090909090909091,10,10,GGTGCATACGGCTCGGGGGA,0,4329807
yadI_predicted,0.09090909090909091,10,10,GGTCTCTCTGCGTCGGGGTC,0,4347880
yadI_predicted,0.09090909090909091,10,10,GGTCGGAGGTCTATGCGGCA,0,4295516
yadI_predicted,0.09090909090909091,10,10,GGTCCGCGCTACCTTCACGT,0,4305690
yadI_predicted,0.09090909090909091,10,10,GGTCCCCCATATGCATCACA,0,4309418
yadI_predicted,0.09090909090909091,10,10,GGGTCGGGGTAGAATGAAAT,0,4367755
yadI_predicted,0.09090909090909091,10,10,GGGTAGTACGAGCCGATCGC,0,4341950
yadI_predicted,0.09090909090909091,10,10,GGGTAGGAGGTTAGGATTAT,0,4340242
yadI_predicted,0.09090909090909091,10,10,GGGGTCACTTAAGACACAGT,0,4342473
yadI_predicted,0.09090909090909091,10,10,GGGGGCGAAAACTAACGACA,0,4348157
yadI_predicted,0.09090909090909091,10,10,GGGCTACTTAAGGGTTATAA,0,4296044
yadI_predicted,0.09090909090909091,10,10,GGGCGGTCTCGGAATATGCA,0,4319141
yadI_predicted,0.09090909090909091,10,10,GGGCGCATATAGCTCCAAGC,0,4294956
yadI_predicted,0.09090909090909091,10,10,GGGCCAATAACAGTATTCCA,0,4344094
yadI_predicted,0.09090909090909091,10,10,GGGACTGGGTTATTGGGGTC,0,4328438
yadI_predicted,0.09090909090909091,10,10,GGGAATGTATGTACAAGTGG,0,4314374
yadI_predicted,0.09090909090909091,10,10,GGGAATCAATTTAGTGTGAT,0,4302113
yadI_predicted,0.09090909090909091,10,10,GGGAAGGCCCGTTCCCAATG,0,4365003
yadI_predicted,0.09090909090909091,10,10,GGGAAGAGGATTGCGTCCGT,0,4336057
yadI_predicted,0.09090909090909091,10,10,GGGAACAGAGAGGAGCGGTG,0,4303235
yadI_predicted,0.09090909090909091,10,10,GGCTTTTACAACTGACTATA,0,4300462
yadI_predicted,0.09090909090909091,10,10,GGCTTGTGGCACGGCTTTAG,0,4349838
yadI_predicted,0.09090909090909091,10,10,GGCTTGCCTCATTTTGGCTT,0,4284588
yadI_predicted,0.09090909090909091,10,10,GGCTGTGTTTACGCCCTTTA,0,4306493
yadI_predicted,0.09090909090909091,10,10,GGCTGTGTTATGTCGTTAGG,0,4299804
yadI_predicted,0.09090909090909091,10,10,GGCTCTCTTTTGATGTACAT,0,4333001
yadI_predicted,0.09090909090909091,10,10,GGCTCTAGTGTACCCCTGAA,0,4357644
yadI_predicted,0.09090909090909091,10,10,GGCTAAATGTGTGAACGTCG,0,4334994
yadI_predicted,0.09090909090909091,10,10,GGCGGTGTTTAGCGTTTGTA,0,4338137
yadI_predicted,0.09090909090909091,10,10,GGCCATTTTGGTATACCAAA,0,4345621
yadI_predicted,0.09090909090909091,10,10,GGCATCGAAGCAGATCATAC,0,4286956
yadI_predicted,0.09090909090909091,10,10,GGCAGTCCGTCATGGGCCAA,0,4320101
yadI_predicted,0.09090909090909091,10,10,GGCAGGGTTTCTATACGACA,0,4354626
yadI_predicted,0.09090909090909091,10,10,GGCACTTAAACTCAGGTGTT,0,4368061
yadI_predicted,0.09090909090909091,10,10,GGATTCGGAGCGTCAGATTG,0,4354081
yadI_predicted,0.09090909090909091,10,10,GGATGCCATGCAACAGGGAT,0,4354950
yadI_predicted,0.09090909090909091,10,10,GGATAATTTCGTTCGATTAA,0,4288728
yadI_predicted,0.09090909090909091,10,10,GGAGGTAAAAGGACCCCGCA,0,4320511
yadI_predicted,0.09090909090909091,10,10,GGAGAACTGGTACTCTCTTA,0,4301370
yadI_predicted,0.09090909090909091,10,10,GGACCGTGGGCATTCTAGGC,0,4291394
yadI_predicted,0.09090909090909091,10,10,GGACATCAGTGCGCAACCGG,0,4294356
yadI_predicted,0.09090909090909091,10,10,GGAAACTTGGTGTGAAGTTG,0,4342626
yadI_predicted,0.09090909090909091,10,10,GCTTTTAATCTCGTGCGTTC,0,4330769
yadI_predicted,0.09090909090909091,10,10,GCTTTCGTCAATATGCGCGT,0,4324145
yadI_predicted,0.09090909090909091,10,10,GCTTCCACAATAGCGAGGTA,0,4321070
yadI_predicted,0.09090909090909091,10,10,GCTGGTGTCTCTTACGTTAT,0,4366590
yadI_predicted,0.09090909090909091,10,10,GCTGGAGGTTATGAAAAACG,0,4352980
yadI_predicted,0.09090909090909091,10,10,GCTGCCTGTTAATCCAATTC,0,4310513
yadI_predicted,0.09090909090909091,10,10,GCTCTCTCATACAATGGGTC,0,4315307
yadI_predicted,0.09090909090909091,10,10,GCTCGAGTTGGTCGTCAACG,0,4331016
yadI_predicted,0.09090909090909091,10,10,GCTCCTAAATCCGTAGATCG,0,4362053
yadI_predicted,0.09090909090909091,10,10,GCTCCACAAGATGCACGTAC,0,4295965
yadI_predicted,0.09090909090909091,10,10,GCTCAGGACCTAGAGCCGGC,0,4308183
yadI_predicted,0.09090909090909091,10,10,GCTCAAGTAGAGGAACATTT,0,4356251
yadI_predicted,0.09090909090909091,10,10,GCTAGCATCGCTGTTGGCGT,0,4324672
yadI_predicted,0.09090909090909091,10,10,GCTACCGAAGATTTAAGTAC,0,4326549
yadI_predicted,0.09090909090909091,10,10,GCTAAGCCTCATGTTTATCG,0,4325214
yadI_predicted,0.09090909090909091,10,10,GCTAAAGTGTCAGAGTTCAC,0,4326745
yadI_predicted,0.09090909090909091,10,10,GCGTGGTAAATGTTTTCTTA,0,4368541
yadI_predicted,0.09090909090909091,10,10,GCGTGGATTTTGGACCCCAC,0,4347364
yadI_predicted,0.09090909090909091,10,10,GCGGGCATTTCGGTTCAGGA,0,4290906
yadI_predicted,0.09090909090909091,10,10,GCGGCACCTTGCTGGGTTAA,0,4299531
yadI_predicted,0.09090909090909091,10,10,GCGCGCAAAAAAGGTAGGTC,0,4343255
yadI_predicted,0.09090909090909091,10,10,GCGCCCCCCTTCCACCTCAT,0,4341534
yadI_predicted,0.09090909090909091,10,10,GCGCATTCGTAAACATGACA,0,4324716
yadI_predicted,0.09090909090909091,10,10,GCGAGTCCGGTCGCTCATTT,0,4295820
yadI_predicted,0.09090909090909091,10,10,GCGACTATTGCTTATCCTTA,0,4289812
yadI_predicted,0.09090909090909091,10,10,GCGACGTGTTTCCAATATCC,0,4329920
yadI_predicted,0.09090909090909091,10,10,GCCTCGCGTAGCTAGGCCGA,0,4299576
yadI_predicted,0.09090909090909091,10,10,GCCGGAGCCAAGTTACTTTC,0,4362093
yadI_predicted,0.09090909090909091,10,10,GCCCAACCGGCTTACTGTAA,0,4369155
yadI_predicted,0.09090909090909091,10,10,GCCCAAAAACGAATCTTGCT,0,4368343
yadI_predicted,0.09090909090909091,10,10,GCCATCCCAGTGGGCGGACC,0,4323731
yadI_predicted,0.09090909090909091,10,10,GCCAAGCGGTGGGGGAAATT,0,4348611
yadI_predicted,0.09090909090909091,10,10,GCATTTCCTTAGAGACACTC,0,4288619
yadI_predicted,0.09090909090909091,10,10,GCATTACGGGGAAAAGTTTC,0,4297448
yadI_predicted,0.09090909090909091,10,10,GCATGACCGCGCTATCTAGT,0,4313372
yadI_predicted,0.09090909090909091,10,10,GCATAATGTACCCTGCAAAC,0,4326771
yadI_predicted,0.09090909090909091,10,10,GCAGTGATAGAACTAGAGGT,0,4335036
yadI_predicted,0.09090909090909091,10,10,GCAGACTCTACTTGTGGGTC,0,4311789
yadI_predicted,0.09090909090909091,10,10,GCACTGGAAATGTGGTTAAT,0,4298621
yadI_predicted,0.09090909090909091,10,10,GCACGCGTACACGACAAACT,0,4354386
yadI_predicted,0.09090909090909091,10,10,GCACCAGCGGTAAGGAAAGC,0,4312020
yadI_predicted,0.09090909090909091,10,10,GCACATAGAGGGGTGACAAT,0,4305045
yadI_predicted,0.09090909090909091,10,10,GCAATCAGGTGCCGAGGAGC,0,4337293
yadI_predicted,0.09090909090909091,10,10,GCAAGTCGCACCTTCTGGCT,0,4292163
yadI_predicted,0.09090909090909091,10,10,GCAAACCTGCCACGTGGGTC,0,4337337
yadI_predicted,0.09090909090909091,10,10,GATTGATCGTCCTGTACTTG,0,4331681
yadI_predicted,0.09090909090909091,10,10,GATTGAACCTGTTGAAGTCT,0,4363519
yadI_predicted,0.09090909090909091,10,10,GATTCGAGTTCGGGATTATT,0,4359581
yadI_predicted,0.09090909090909091,10,10,GATTCAAACGAAGCTATTTG,0,4294317
yadI_predicted,0.09090909090909091,10,10,GATTATGGGTTGACTCGGTA,0,4326563
yadI_predicted,0.09090909090909091,10,10,GATCTGAGCGGGTGATGTCT,0,4368501
yadI_predicted,0.09090909090909091,10,10,GATCCGACTATGCCAGATCT,0,4289379
yadI_predicted,0.09090909090909091,10,10,GATCAGTGTTTCGGGGTCTG,0,4360856
yadI_predicted,0.09090909090909091,10,10,GATATTCTATATTTGTCGCT,0,4347473
yadI_predicted,0.09090909090909091,10,10,GATAAATGTTGAGTTATTGG,0,4315769
yadI_predicted,0.09090909090909091,10,10,GAGTACCGTGCCGTTGCGCA,0,4324909
yadI_predicted,0.09090909090909091,10,10,GAGGTATTTGAAGTTTTGTC,0,4353362
yadI_predicted,0.09090909090909091,10,10,GAGGTAAACCCGCGTTACAA,0,4357558
yadI_predicted,0.09090909090909091,10,10,GAGGAGTTGACCTCACGCTA,0,4286350
yadI_predicted,0.09090909090909091,10,10,GAGCTGCTTCGCACATCCGT,0,4345614
yadI_predicted,0.09090909090909091,10,10,GAGCGTGCCTGGGGCACGCA,0,4361439
yadI_predicted,0.09090909090909091,10,10,GAGCCTCGTGGGCCTTGTCC,0,4359067
yadI_predicted,0.09090909090909091,10,10,GAGCCCGCTTAGCAACTACC,0,4317334
yadI_predicted,0.09090909090909091,10,10,GAGCCACCCCACCTACCACC,0,4341711
yadI_predicted,0.09090909090909091,10,10,GAGAAACCTTCGCTCATTGG,0,4351439
yadI_predicted,0.09090909090909091,10,10,GACTTATATTCTTGGCCGGG,0,4366242
yadI_predicted,0.09090909090909091,10,10,GACTGGGTTATTTGTTGTCG,0,4330725
yadI_predicted,0.09090909090909091,10,10,GACTGATTCTTGCGGCTGAC,0,4357384
yadI_predicted,0.09090909090909091,10,10,GACGGCGACCGCACTGTCGC,0,4300236
yadI_predicted,0.09090909090909091,10,10,GACGAAGAATTCAGAAAGGA,0,4307089
yadI_predicted,0.09090909090909091,10,10,GACACGCACGGGCTTTCTCG,0,4356784
yadI_predicted,0.09090909090909091,10,10,GAATTTTGCAAGTTCTCGTG,0,4313940
yadI_predicted,0.09090909090909091,10,10,GAATGTGAACCCGGTGGATT,0,4358002
yadI_predicted,0.09090909090909091,10,10,GAATGCCTGCTGACCCTTTG,0,4313476
yadI_predicted,0.09090909090909091,10,10,GAATGAAACCCTAAGGCCCC,0,4324327
yadI_predicted,0.09090909090909091,10,10,GAATCGGTACACTAAGCAGT,0,4367559
yadI_predicted,0.09090909090909091,10,10,GAATAGGTCTTTCAATAACC,0,4345957
yadI_predicted,0.09090909090909091,10,10,GAAGTTTGAGGCCGGCTTAA,0,4315419
yadI_predicted,0.09090909090909091,10,10,GAAGCAATTTTATAAGTCAG,0,4366709
yadI_predicted,0.09090909090909091,10,10,GAAGATTTACCTTAATGCCC,0,4353046
yadI_predicted,0.09090909090909091,10,10,GAACAATGCGAATTGTCTAT,0,4295321
yadI_predicted,0.09090909090909091,10,10,GAAATTAGCCGGAACACCGA,0,4344558
yadI_predicted,0.09090909090909091,10,10,GAAATGGGAAGTCACCTCAC,0,4333287
yadI_predicted,0.09090909090909091,10,10,GAAAGCCGTAGGCATGCTCC,0,4346048
yadI_predicted,0.09090909090909091,10,10,CTTTTTGACTCATGTCCACT,0,4347803
yadI_predicted,0.09090909090909091,10,10,CTTTTCCCAGCTAGTGCAAT,0,4341413
yadI_predicted,0.09090909090909091,10,10,CTTTCAGGACGCGACTGAAT,0,4347946
yadI_predicted,0.09090909090909091,10,10,CTTTAGCCATGTCTGTGGCG,0,4284398
yadI_predicted,0.09090909090909091,10,10,CTTGTTGGGTCAATTGATAC,0,4309073
yadI_predicted,0.09090909090909091,10,10,CTTGTTCAGACGCTCGCTGA,0,4291146
yadI_predicted,0.09090909090909091,10,10,CTTGGGTGCCCCTAGCCATA,0,4330993
yadI_predicted,0.09090909090909091,10,10,CTTGAGGTATCTTTCACCGT,0,4337922
yadI_predicted,0.09090909090909091,10,10,CTTCAAGATAAAAAAATACT,0,4321989
yadI_predicted,0.09090909090909091,10,10,CTTAGTCCCGGCCAGAAGCA,0,4331009
yadI_predicted,0.09090909090909091,10,10,CTTACTCGGCCCTCCAGTAA,0,4346038
yadI_predicted,0.09090909090909091,10,10,CTTACGTTGGGTGGTTAGCT,0,4357421
yadI_predicted,0.09090909090909091,10,10,CTGTGAGGCGCCAGCTGGTG,0,4319420
yadI_predicted,0.09090909090909091,10,10,CTGTGACAGATATGGCGGAT,0,4293471
yadI_predicted,0.09090909090909091,10,10,CTGTCTTCAGTTTGGTTCTA,0,4355612
yadI_predicted,0.09090909090909091,10,10,CTGGTGGCATTCCTCGTAGT,0,4307901
yadI_predicted,0.09090909090909091,10,10,CTGGGTGCCTGTTACGTTGG,0,4351792
yadI_predicted,0.09090909090909091,10,10,CTGGATTGGATTTGCTCAGA,0,4319266
yadI_predicted,0.09090909090909091,10,10,CTGGAGGCAGAAACACGCCA,0,4334310
yadI_predicted,0.09090909090909091,10,10,CTGGACTATGTTTGGAAAAA,0,4292251
yadI_predicted,0.09090909090909091,10,10,CTGCTGTGCCACTTCCGATC,0,4315849
yadI_predicted,0.09090909090909091,10,10,CTGCGGGGATGCAATTGTGC,0,4290463
yadI_predicted,0.09090909090909091,10,10,CTGCGCTTCATGACATTAGC,0,4289802
yadI_predicted,0.09090909090909091,10,10,CTGCGAACCCGTACGCACTG,0,4362620
yadI_predicted,0.09090909090909091,10,10,CTGAGGTGGGCCAGTCTGGT,0,4286775
yadI_predicted,0.09090909090909091,10,10,CTGACGTACCTAGTGTCTGC,0,4358369
yadI_predicted,0.09090909090909091,10,10,CTGAACGACGCGAGACTAAA,0,4307941
yadI_predicted,0.09090909090909091,10,10,CTCTCGTGAGTGGATCATTA,0,4361563
yadI_predicted,0.09090909090909091,10,10,CTCTATTTAAGGTATGGCAA,0,4360914
yadI_predicted,0.09090909090909091,10,10,CTCGTTCCCGATTCTAACAG,0,4325006
yadI_predicted,0.09090909090909091,10,10,CTCGTCCCCACGCAACGAGT,0,4368676
yadI_predicted,0.09090909090909091,10,10,CTCGCGGAGCGCAGGTTGTG,0,4340497
yadI_predicted,0.09090909090909091,10,10,CTCGACGAGCGTACTCGTTT,0,4325622
yadI_predicted,0.09090909090909091,10,10,CTCCCTCAGGGACATTTACC,0,4291289
yadI_predicted,0.09090909090909091,10,10,CTCCCTCACTATGGTCCGTT,0,4287997
yadI_predicted,0.09090909090909091,10,10,CTCAAGCAAGACGAAAGCAT,0,4346671
yadI_predicted,0.09090909090909091,10,10,CTATTGGTTGAAGACACCTG,0,4317962
yadI_predicted,0.09090909090909091,10,10,CTATCTGACAGTCTTGCAGC,0,4332134
yadI_predicted,0.09090909090909091,10,10,CTATCATGCACTCTAGATTA,0,4351785
yadI_predicted,0.09090909090909091,10,10,CTATATTGGATTACTCTGAC,0,4303567
yadI_predicted,0.09090909090909091,10,10,CTATACCCAAGCTACGTAAT,0,4321731
yadI_predicted,0.09090909090909091,10,10,CTAGGTCAGCGACCAGTCGC,0,4296785
yadI_predicted,0.09090909090909091,10,10,CTAGAGGGCTCTTCTCGCGT,0,4345807
yadI_predicted,0.09090909090909091,10,10,CTACTCTCTGGAGATCCTTT,0,4285668
yadI_predicted,0.09090909090909091,10,10,CTAAGGATCGGGGTGCGATC,0,4296284
yadI_predicted,0.09090909090909091,10,10,CTAAGCTAGTATCACAAGCG,0,4304198
yadI_predicted,0.09090909090909091,10,10,CTAAGCATACGGATAAACCA,0,4307871
yadI_predicted,0.09090909090909091,10,10,CTAACGGGTATTCGGTAGAA,0,4353307
yadI_predicted,0.09090909090909091,10,10,CTAACCTAGGGCAGCTTAGG,0,4360395
yadI_predicted,0.09090909090909091,10,10,CTAAATGGTTATGGAGGAAT,0,4310601
yadI_predicted,0.09090909090909091,10,10,CGTGTAACGGGAAACAACTG,0,4300703
yadI_predicted,0.09090909090909091,10,10,CGTCGTACTGTTAGCCGGAT,0,4350882
yadI_predicted,0.09090909090909091,10,10,CGTCATCGATCAACCCCGTG,0,4363257
yadI_predicted,0.09090909090909091,10,10,CGTACTGGGGCCAGCGCCTA,0,4348500
yadI_predicted,0.09090909090909091,10,10,CGTACGAGTGGAACGTTGCG,0,4343450
yadI_predicted,0.09090909090909091,10,10,CGTACCGGTAAGACGGCCTC,0,4355148
yadI_predicted,0.09090909090909091,10,10,CGTACCGCGGTATTACATCG,0,4347788
yadI_predicted,0.09090909090909091,10,10,CGTACACAAAGGATGGACAA,0,4363602
yadI_predicted,0.09090909090909091,10,10,CGTAACGGTGTTATCTGAGG,0,4286960
yadI_predicted,0.09090909090909091,10,10,CGGTTTCTCGGTCAGCTAAC,0,4355846
yadI_predicted,0.09090909090909091,10,10,CGGTCTCCGCGAACAGGCAC,0,4296184
yadI_predicted,0.09090909090909091,10,10,CGGTCAGGGTCCGGTTTCCT,0,4330716
yadI_predicted,0.09090909090909091,10,10,CGGTCAGCCCGAGTCTCTAC,0,4305430
yadI_predicted,0.09090909090909091,10,10,CGGGTGAAGGGGCTGTACAC,0,4336003
yadI_predicted,0.09090909090909091,10,10,CGGGTAACACTGATCTTGGG,0,4290190
yadI_predicted,0.09090909090909091,10,10,CGGGGCAGTGTAGAACTACA,0,4285857
yadI_predicted,0.09090909090909091,10,10,CGGGCGGAGCTGACTACGTT,0,4300697
yadI_predicted,0.09090909090909091,10,10,CGGGACACAGAATTGTATAG,0,4340505
yadI_predicted,0.09090909090909091,10,10,CGGCGATGCGCACCGGGCGT,0,4307701
yadI_predicted,0.09090909090909091,10,10,CGGCACGCAACCTGCAGTGC,0,4363915
yadI_predicted,0.09090909090909091,10,10,CGGATTGAGAGTGGAAAACA,0,4304130
yadI_predicted,0.09090909090909091,10,10,CGGAGGTCCCCCCGTCAGAT,0,4330268
yadI_predicted,0.09090909090909091,10,10,CGGAGGATAACTACGTCAAC,0,4352179
yadI_predicted,0.09090909090909091,10,10,CGGACAAAACCTCGTAGGGC,0,4338425
yadI_predicted,0.09090909090909091,10,10,CGCTTCGGGACCCGACCAGG,0,4323539
yadI_predicted,0.09090909090909091,10,10,CGCTGGCCGGCGATTCAGCC,0,4304043
yadI_predicted,0.09090909090909091,10,10,CGCGCCGGTCACGTTCCCGT,0,4321229
yadI_predicted,0.09090909090909091,10,10,CGCCTGGCTTTCGAGTCTGA,0,4295420
yadI_predicted,0.09090909090909091,10,10,CGCCGTCGCTGGGCGTTCAA,0,4354390
yadI_predicted,0.09090909090909091,10,10,CGCCAGCAAAGGTACAAATG,0,4314074
yadI_predicted,0.09090909090909091,10,10,CGCATTCCACTGTCTTCAAC,0,4293438
yadI_predicted,0.09090909090909091,10,10,CGCAGTACGGCGGGCGTAAC,0,4359215
yadI_predicted,0.09090909090909091,10,10,CGCAGAATAAATCTAATTAT,0,4286369
yadI_predicted,0.09090909090909091,10,10,CGAGTGTGAGTTCGGACTGA,0,4285058
yadI_predicted,0.09090909090909091,10,10,CGAGCCTCACTTATCGCTTG,0,4339121
yadI_predicted,0.09090909090909091,10,10,CGACTGGCCGCGAAGACCGA,0,4313203
yadI_predicted,0.09090909090909091,10,10,CGACCTATTTAACGTGCTTA,0,4286963
yadI_predicted,0.09090909090909091,10,10,CCTTCCTATGGAGGACGCGC,0,4285378
yadI_predicted,0.09090909090909091,10,10,CCTCTTTAAGCGATGATTGA,0,4356917
yadI_predicted,0.09090909090909091,10,10,CCTCGGGGAGCGTCTCCGCT,0,4350276
yadI_predicted,0.09090909090909091,10,10,CCTCCAGAACGAATTGATGC,0,4292295
yadI_predicted,0.09090909090909091,10,10,CCTCACTAGACAACAAGCTT,0,4306752
yadI_predicted,0.09090909090909091,10,10,CCGTCCCATGCTGACGTTGT,0,4344495
yadI_predicted,0.09090909090909091,10,10,CCGTAGAGGATTGAGGTGTC,0,4353694
yadI_predicted,0.09090909090909091,10,10,CCGTACGCGTTACCCATATG,0,4326533
yadI_predicted,0.09090909090909091,10,10,CCGGCCAGGAAGGCTGCATC,0,4339600
yadI_predicted,0.09090909090909091,10,10,CCGGCCAGCGGAAGAGAATT,0,4302833
yadI_predicted,0.09090909090909091,10,10,CCGGATCGTAAAAATAAGTA,0,4343945
yadI_predicted,0.09090909090909091,10,10,CCGCTAAGTCGGTCACATAG,0,4335782
yadI_predicted,0.09090909090909091,10,10,CCGAGAGTCTATCTTAGCGA,0,4295313
yadI_predicted,0.09090909090909091,10,10,CCCTTGGTCTAGGTGAGAGG,0,4329841
yadI_predicted,0.09090909090909091,10,10,CCCTGGCGTTCGAAGACAGC,0,4352068
yadI_predicted,0.09090909090909091,10,10,CCCTGATCCCGACTCTTGCC,0,4302214
yadI_predicted,0.09090909090909091,10,10,CCCGGCCTTAAGGACACCAT,0,4318855
yadI_predicted,0.09090909090909091,10,10,CCCGCGTTGGACTGAACAAC,0,4340769
yadI_predicted,0.09090909090909091,10,10,CCCGCGAACTTTCAACTTAG,0,4332576
yadI_predicted,0.09090909090909091,10,10,CCCCGGATAATTCTCACTCC,0,4297419
yadI_predicted,0.09090909090909091,10,10,CCCCCGTAGATGTATACAGA,0,4347967
yadI_predicted,0.09090909090909091,10,10,CCCCAACTAAGGTGGCTGTA,0,4349024
yadI_predicted,0.09090909090909091,10,10,CCCATGTTACGTGGTTAGTC,0,4285699
yadI_predicted,0.09090909090909091,10,10,CCCAGTGTTCAGCGCTTCCG,0,4326688
yadI_predicted,0.09090909090909091,10,10,CCCACATTGTGCAACGCTCG,0,4303204
yadI_predicted,0.09090909090909091,10,10,CCATTTGGTCAGTTCTAGCC,0,4332577
yadI_predicted,0.09090909090909091,10,10,CCATTGTTGAATGGGATGCT,0,4349319
yadI_predicted,0.09090909090909091,10,10,CCATTGATCGAAAGCCAGGT,0,4310657
yadI_predicted,0.09090909090909091,10,10,CCATCAACGGCTTTCTTTGA,0,4369272
yadI_predicted,0.09090909090909091,10,10,CCAGTTTATGCAGTAAGCCC,0,4349037
yadI_predicted,0.09090909090909091,10,10,CCACTGCACGGGCCGTAGTT,0,4348945
yadI_predicted,0.09090909090909091,10,10,CCACCGAGACGAAATGATCG,0,4301000
yadI_predicted,0.09090909090909091,10,10,CCAATCGATCATCATGTTAG,0,4335708
yadI_predicted,0.09090909090909091,10,10,CCAATATAGACGACGACCGC,0,4293817
yadI_predicted,0.09090909090909091,10,10,CCAAAGTAGGAGTTGCTCGT,0,4290288
yadI_predicted,0.09090909090909091,10,10,CATTTCGTTGAGTTGGGCTG,0,4290290
yadI_predicted,0.09090909090909091,10,10,CATTCACCGGGAAATCAAGA,0,4358866
yadI_predicted,0.09090909090909091,10,10,CATGCCGAGTATCTCGATAT,0,4364068
yadI_predicted,0.09090909090909091,10,10,CATGCATCATATTCCTGCGT,0,4351512
yadI_predicted,0.09090909090909091,10,10,CATGATATGGTACCACCCCC,0,4319551
yadI_predicted,0.09090909090909091,10,10,CATGAATCAGTCACGGAAAG,0,4298683
yadI_predicted,0.09090909090909091,10,10,CATGAACATAACTAGAGATA,0,4319695
yadI_predicted,0.09090909090909091,10,10,CATCTACTAGGTACCCTCAA,0,4358952
yadI_predicted,0.09090909090909091,10,10,CATCCGAAACTAGGCAACAC,0,4302154
yadI_predicted,0.09090909090909091,10,10,CATATAATATCGCTTGTCCT,0,4308192
yadI_predicted,0.09090909090909091,10,10,CATAGGGGATCTGCTATCCT,0,4322647
yadI_predicted,0.09090909090909091,10,10,CATAGCTTAAATCGGTCATG,0,4329464
yadI_predicted,0.09090909090909091,10,10,CATAGAATGCAGTACTGGTC,0,4296862
yadI_predicted,0.09090909090909091,10,10,CATACTCGAATTCGCGTTAT,0,4334100
yadI_predicted,0.09090909090909091,10,10,CATACGGGTTTCCAGACAAT,0,4353822
yadI_predicted,0.09090909090909091,10,10,CATACGGCACCAGTGTTCCA,0,4331283
yadI_predicted,0.09090909090909091,10,10,CATACACCAATGATAAGGTT,0,4357823
yadI_predicted,0.09090909090909091,10,10,CATAAGCCGGCCCATCGAGG,0,4357900
yadI_predicted,0.09090909090909091,10,10,CAGTTGAATGGGGTCAAGAG,0,4313923
yadI_predicted,0.09090909090909091,10,10,CAGTTACACGAAGAATTTGA,0,4345009
yadI_predicted,0.09090909090909091,10,10,CAGTGAGGGTATTAATGGTG,0,4355429
yadI_predicted,0.09090909090909091,10,10,CAGTCGTGGGACCGGCAGGA,0,4367339
yadI_predicted,0.09090909090909091,10,10,CAGGTTACAAACGGAACTAT,0,4313030
yadI_predicted,0.09090909090909091,10,10,CAGGAATACGCACGTTTGCC,0,4343323
yadI_predicted,0.09090909090909091,10,10,CAGCTCATCAATGCCTACTA,0,4359295
yadI_predicted,0.09090909090909091,10,10,CAGCGTGATACATCAAACGT,0,4323153
yadI_predicted,0.09090909090909091,10,10,CAGCGTAGGACACTTTATGA,0,4292255
yadI_predicted,0.09090909090909091,10,10,CAGACGGTAGTCAATATCTA,0,4319734
yadI_predicted,0.09090909090909091,10,10,CAGAAAGGTAGAACAAAGCA,0,4350656
yadI_predicted,0.09090909090909091,10,10,CACTGACTTGGCCACGTGTG,0,4333604
yadI_predicted,0.09090909090909091,10,10,CACTCGTTATAGTATTCTCG,0,4293301
yadI_predicted,0.09090909090909091,10,10,CACGTGCAGTGTATACGGGT,0,4353255
yadI_predicted,0.09090909090909091,10,10,CACGTCAGGTTAGTATTGAA,0,4340376
yadI_predicted,0.09090909090909091,10,10,CACGCTGCGCTGTCGGCCGG,0,4326712
yadI_predicted,0.09090909090909091,10,10,CACCTGTACGCAGCCAGCAT,0,4293660
yadI_predicted,0.09090909090909091,10,10,CACCCAGGGATCTAGAGTTA,0,4293693
yadI_predicted,0.09090909090909091,10,10,CACCAGTGGTGGCTAGCAGA,0,4337912
yadI_predicted,0.09090909090909091,10,10,CACAATATTAGGCCCCTGCA,0,4318719
yadI_predicted,0.09090909090909091,10,10,CAATGGCTGTCGCAAGCGGT,0,4337374
yadI_predicted,0.09090909090909091,10,10,CAATCAGGGATTTTTACAAA,0,4355892
yadI_predicted,0.09090909090909091,10,10,CAAGGTGACCAATCGCTTAA,0,4307006
yadI_predicted,0.09090909090909091,10,10,CAAGCCGGCGCACGTGAGTC,0,4322107
yadI_predicted,0.09090909090909091,10,10,CAAGCACCGAGACTGAGGGA,0,4313813
yadI_predicted,0.09090909090909091,10,10,CAAATGTGCGAAATTCTGGC,0,4292659
yadI_predicted,0.09090909090909091,10,10,CAAACACATCGTTGTACCAT,0,4334319
yadI_predicted,0.09090909090909091,10,10,ATTTTGTGGGTGTCTCGCTG,0,4288501
yadI_predicted,0.09090909090909091,10,10,ATTTGGTTCCTTGGTGTGAG,0,4311717
yadI_predicted,0.09090909090909091,10,10,ATTTCAGTCAGGTAGTTGAA,0,4343377
yadI_predicted,0.09090909090909091,10,10,ATTTCAGCAAAACGCTAGAG,0,4309142
yadI_predicted,0.09090909090909091,10,10,ATTTATCTCATCTGTGTCAA,0,4332985
yadI_predicted,0.09090909090909091,10,10,ATTTAGGTGAGTCATTCAGA,0,4367431
yadI_predicted,0.09090909090909091,10,10,ATTTAGGAAATTGGCTAAGT,0,4338462
yadI_predicted,0.09090909090909091,10,10,ATTTAGAGGATGGGATCGTT,0,4350616
yadI_predicted,0.09090909090909091,10,10,ATTGAGGGTAGGCCGAAGGA,0,4361197
yadI_predicted,0.09090909090909091,10,10,ATTCTGGTCGGAATTACTTT,0,4354185
yadI_predicted,0.09090909090909091,10,10,ATTCTACGGGTCCGTGCCAC,0,4311700
yadI_predicted,0.09090909090909091,10,10,ATTATGTTTCTTTGCCCGAA,0,4315033
yadI_predicted,0.09090909090909091,10,10,ATTATAATACTAGGAGAGTG,0,4295862
yadI_predicted,0.09090909090909091,10,10,ATGTTTCGGTACAAGATCTC,0,4314746
yadI_predicted,0.09090909090909091,10,10,ATGTTTACTTCCGACTGCTG,0,4300070
yadI_predicted,0.09090909090909091,10,10,ATGTTCCTAGGGGATTCCAC,0,4333326
yadI_predicted,0.09090909090909091,10,10,ATGTGTAGTCGGAAGAGTAT,0,4369877
yadI_predicted,0.09090909090909091,10,10,ATGTGGTATAACAGCTCGAC,0,4336198
yadI_predicted,0.09090909090909091,10,10,ATGTGCACTTTGTTTCTAAC,0,4361915
yadI_predicted,0.09090909090909091,10,10,ATGGGCGCGACCAAGCCCGA,0,4330428
yadI_predicted,0.09090909090909091,10,10,ATGGCGGTACAAACCGGAAC,0,4350748
yadI_predicted,0.09090909090909091,10,10,ATGGACTTTAGCCGTGTATG,0,4292298
yadI_predicted,0.09090909090909091,10,10,ATGCTTGCTCCCCCATCATG,0,4293762
yadI_predicted,0.09090909090909091,10,10,ATGCTTCAGGACTTGCGACA,0,4334595
yadI_predicted,0.09090909090909091,10,10,ATGCTGCAGGAACCACGATA,0,4297121
yadI_predicted,0.09090909090909091,10,10,ATGATTCGGGAAATCAGTCA,0,4339742
yadI_predicted,0.09090909090909091,10,10,ATGATTCCGGGGGGCTGGCA,0,4335480
yadI_predicted,0.09090909090909091,10,10,ATGATACCCATGTGATGGGT,0,4344244
yadI_predicted,0.09090909090909091,10,10,ATCTGATCATCGGCGACGGG,0,4329438
yadI_predicted,0.09090909090909091,10,10,ATCGTTTACGCGTTATCCGG,0,4298948
yadI_predicted,0.09090909090909091,10,10,ATCGCTTTGAAGGATTAAGC,0,4294319
yadI_predicted,0.09090909090909091,10,10,ATCGCTTAGATCTAGATACT,0,4308725
yadI_predicted,0.09090909090909091,10,10,ATCGAGCGGAATTGGTTCAA,0,4299710
yadI_predicted,0.09090909090909091,10,10,ATCCTACCGCTGGACGTAAA,0,4331474
yadI_predicted,0.09090909090909091,10,10,ATCCCCAAGGAGTCAGTCAC,0,4314548
yadI_predicted,0.09090909090909091,10,10,ATCCACTAATCTTTCACGGC,0,4340075
yadI_predicted,0.09090909090909091,10,10,ATATGGGCGTCGCGCATGCG,0,4325163
yadI_predicted,0.09090909090909091,10,10,ATATCCCGCGGCACACCCTC,0,4323354
yadI_predicted,0.09090909090909091,10,10,ATAGTTCTCAATAATCCACC,0,4346889
yadI_predicted,0.09090909090909091,10,10,ATAGGTATATCGTCCGCGAA,0,4313749
yadI_predicted,0.09090909090909091,10,10,ATAGCCACGTGTTCGTGGGT,0,4344900
yadI_predicted,0.09090909090909091,10,10,ATAGAGAGCGATGGACGCCT,0,4327458
yadI_predicted,0.09090909090909091,10,10,ATAGACTTTCCATAGTACTG,0,4346118
yadI_predicted,0.09090909090909091,10,10,ATACCTCAAGCCCAATTTAG,0,4316706
yadI_predicted,0.09090909090909091,10,10,ATACCCGGTAGGGTTTCAAT,0,4367783
yadI_predicted,0.09090909090909091,10,10,ATACCACCCTTTCATTGGCG,0,4315497
yadI_predicted,0.09090909090909091,10,10,ATAAGGAACCCGCCTTAGAT,0,4301980
yadI_predicted,0.09090909090909091,10,10,AGTTGTCGCAATCCTAGTTG,0,4322796
yadI_predicted,0.09090909090909091,10,10,AGTGTACCCCTGACCCACTA,0,4290702
yadI_predicted,0.09090909090909091,10,10,AGTGGGAGACACGAGAGCAT,0,4316345
yadI_predicted,0.09090909090909091,10,10,AGTGGACATTTCCGCGCGGG,0,4324621
yadI_predicted,0.09090909090909091,10,10,AGTGACGTGGTGGTCATGAT,0,4361620
yadI_predicted,0.09090909090909091,10,10,AGTGACGGCAGGCACCTTCC,0,4344289
yadI_predicted,0.09090909090909091,10,10,AGTCTTACGAGTCACGGGAG,0,4286517
yadI_predicted,0.09090909090909091,10,10,AGTCTTAAGAGGGTAGCTAC,0,4358440
yadI_predicted,0.09090909090909091,10,10,AGTCTGGAATGAGCCCCCAT,0,4303872
yadI_predicted,0.09090909090909091,10,10,AGTCGGACACGTGCCTGTAC,0,4302565
yadI_predicted,0.09090909090909091,10,10,AGTCCGAAATATACGTGCAT,0,4285993
yadI_predicted,0.09090909090909091,10,10,AGTCCACGGTACCCGCGTCG,0,4326993
yadI_predicted,0.09090909090909091,10,10,AGTATTGACTTTTCCGCTTG,0,4334168
yadI_predicted,0.09090909090909091,10,10,AGTAGTGCTTTACCCGGCTC,0,4312413
yadI_predicted,0.09090909090909091,10,10,AGTACCAGGCATCAACCCAC,0,4362329
yadI_predicted,0.09090909090909091,10,10,AGTAAGAAGCCACCGTGCTG,0,4327328
yadI_predicted,0.09090909090909091,10,10,AGGTTCCTTCGGTCACACAT,0,4354036
yadI_predicted,0.09090909090909091,10,10,AGGTCAATCAGTACGTGTAG,0,4343844
yadI_predicted,0.09090909090909091,10,10,AGGTAGGTCAATCACGGATT,0,4320908
yadI_predicted,0.09090909090909091,10,10,AGGTAGGGTCGCCTTGTAGA,0,4348101
yadI_predicted,0.09090909090909091,10,10,AGGGTATTTAAGATTATGGC,0,4350454
yadI_predicted,0.09090909090909091,10,10,AGGGTAATCCTTATTACTGG,0,4323302
yadI_predicted,0.09090909090909091,10,10,AGGCTTTGACGAGCTCTGCG,0,4315700
yadI_predicted,0.09090909090909091,10,10,AGGCTCCGGTGTATGCGGCG,0,4358720
yadI_predicted,0.09090909090909091,10,10,AGGCGTTCGGGATAATTAAT,0,4298912
yadI_predicted,0.09090909090909091,10,10,AGGCCTTTGAATAGTAGACT,0,4347272
yadI_predicted,0.09090909090909091,10,10,AGGCAGCTAGAATTAGTCAC,0,4361307
yadI_predicted,0.09090909090909091,10,10,AGGATTACTTCTCTGGGGCT,0,4360239
yadI_predicted,0.09090909090909091,10,10,AGGAATGGCGAGCGCTTGTA,0,4362278
yadI_predicted,0.09090909090909091,10,10,AGCTATGGGACGCAGGTAGT,0,4304556
yadI_predicted,0.09090909090909091,10,10,AGCTAGGCATCACGATAGAG,0,4329010
yadI_predicted,0.09090909090909091,10,10,AGCGCTCGATGGTTTATTGA,0,4294634
yadI_predicted,0.09090909090909091,10,10,AGCGACTTGCAATACCCCAG,0,4358228
yadI_predicted,0.09090909090909091,10,10,AGCGAAGCATGCGGACACAG,0,4326838
yadI_predicted,0.09090909090909091,10,10,AGCCATGTCTTATTTCATGT,0,4363953
yadI_predicted,0.09090909090909091,10,10,AGCACGAGCGAACGGTCCGC,0,4369548
yadI_predicted,0.09090909090909091,10,10,AGCAAGGGTATGCGTATAGT,0,4321277
yadI_predicted,0.09090909090909091,10,10,AGATGGTCGGGGTGTGCTGA,0,4363784
yadI_predicted,0.09090909090909091,10,10,AGATGCGTACGCTAGAATGC,0,4327082
yadI_predicted,0.09090909090909091,10,10,AGATCACATTGGAAAGTGAA,0,4341713
yadI_predicted,0.09090909090909091,10,10,AGATAGTACTGAGTCTCTCA,0,4288997
yadI_predicted,0.09090909090909091,10,10,AGAGTGCGTGGCTTACGGGA,0,4292959
yadI_predicted,0.09090909090909091,10,10,AGAGTACACACTCAGATTCC,0,4284413
yadI_predicted,0.09090909090909091,10,10,AGAGGGCCTACATCCATGCC,0,4323607
yadI_predicted,0.09090909090909091,10,10,AGAGCGATCTTTGGCGTGAC,0,4320429
yadI_predicted,0.09090909090909091,10,10,AGACAGTCAATAGGACATTG,0,4297955
yadI_predicted,0.09090909090909091,10,10,AGAATCCAACTGGCCCACCA,0,4345119
yadI_predicted,0.09090909090909091,10,10,AGAAGGGCTGGTCGTCATGG,0,4306881
yadI_predicted,0.09090909090909091,10,10,AGAAGCGCGAGTTCTATGGT,0,4286650
yadI_predicted,0.09090909090909091,10,10,ACTTATATGACACGGCTTGT,0,4324144
yadI_predicted,0.09090909090909091,10,10,ACTGGCATGGTTCCGTAATG,0,4361365
yadI_predicted,0.09090909090909091,10,10,ACTCTGAGGGATTCCAGAGT,0,4297726
yadI_predicted,0.09090909090909091,10,10,ACTCGAGGGACTCCCGGCCC,0,4317489
yadI_predicted,0.09090909090909091,10,10,ACTCCTTGCTATTCTTTGAG,0,4358241
yadI_predicted,0.09090909090909091,10,10,ACTCAACGCGCCCAACCAGG,0,4285004
yadI_predicted,0.09090909090909091,10,10,ACTATCTGAGACGTCACGGG,0,4300933
yadI_predicted,0.09090909090909091,10,10,ACTAATTCGCCATAGGTGGG,0,4298273
yadI_predicted,0.09090909090909091,10,10,ACGTTTGATCCGACGCCTAC,0,4310780
yadI_predicted,0.09090909090909091,10,10,ACGTTGGGTGGCGATACTAC,0,4357794
yadI_predicted,0.09090909090909091,10,10,ACGTGCTCCCCTGCTATATG,0,4296222
yadI_predicted,0.09090909090909091,10,10,ACGTGCCTAAACGGGTCGGG,0,4324778
yadI_predicted,0.09090909090909091,10,10,ACGGTTCTAATGGAGGTCCT,0,4324740
yadI_predicted,0.09090909090909091,10,10,ACGGGGTGCGCAACGAGAGC,0,4343620
yadI_predicted,0.09090909090909091,10,10,ACGGCGGCCCAATGCTATCG,0,4359228
yadI_predicted,0.09090909090909091,10,10,ACGGATTCTCGAACGTGAAC,0,4348200
yadI_predicted,0.09090909090909091,10,10,ACGGATCCGTGGGCCAGGCA,0,4318090
yadI_predicted,0.09090909090909091,10,10,ACGGAAGGGCACGCACGTTC,0,4353954
yadI_predicted,0.09090909090909091,10,10,ACGCAATTAGAACGGGGGCT,0,4339537
yadI_predicted,0.09090909090909091,10,10,ACGATTGTAAGCTAAAGTAA,0,4361670
yadI_predicted,0.09090909090909091,10,10,ACGATGCTGCAAAGGTGAGA,0,4308565
yadI_predicted,0.09090909090909091,10,10,ACGAGTGGGTACGGTTTGGG,0,4293640
yadI_predicted,0.09090909090909091,10,10,ACGAACCTGACCGCAAGAAC,0,4285083
yadI_predicted,0.09090909090909091,10,10,ACCTTGGCCGGCGAAATGAA,0,4321741
yadI_predicted,0.09090909090909091,10,10,ACCTATTTGGGATGATGGGG,0,4364662
yadI_predicted,0.09090909090909091,10,10,ACCTAGGCGTATTCTATTAA,0,4316057
yadI_predicted,0.09090909090909091,10,10,ACCGTATTAAAGAAGGCCTT,0,4333948
yadI_predicted,0.09090909090909091,10,10,ACCGCAGGACGTGGCTGGAC,0,4340911
yadI_predicted,0.09090909090909091,10,10,ACCGATTGTTCGGGCGTGAA,0,4348829
yadI_predicted,0.09090909090909091,10,10,ACCGATTCTATTCACGCCTG,0,4351078
yadI_predicted,0.09090909090909091,10,10,ACCGAACAGATAGCGCAAAT,0,4346272
yadI_predicted,0.09090909090909091,10,10,ACCCTGGGTGCTGGCGCTTC,0,4340244
yadI_predicted,0.09090909090909091,10,10,ACCCTATAGCCCTTGTGGTA,0,4287338
yadI_predicted,0.09090909090909091,10,10,ACCCGTCCGGTGTATCTCGT,0,4334432
yadI_predicted,0.09090909090909091,10,10,ACCCAAGAAGGTCATCAATT,0,4329648
yadI_predicted,0.09090909090909091,10,10,ACCACGAACAAATAGTGGTG,0,4306802
yadI_predicted,0.09090909090909091,10,10,ACCACCGTTCAGGACGCAGT,0,4307515
yadI_predicted,0.09090909090909091,10,10,ACCAAGAGTACGGCCCTCCG,0,4301343
yadI_predicted,0.09090909090909091,10,10,ACATCGTATGTATCCAGGTA,0,4331906
yadI_predicted,0.09090909090909091,10,10,ACATCCGGCTTGGTGCACGT,0,4324738
yadI_predicted,0.09090909090909091,10,10,ACATATTTACCCATGATACA,0,4344436
yadI_predicted,0.09090909090909091,10,10,ACAGTTTGGGTTCAAAGTCA,0,4327499
yadI_predicted,0.09090909090909091,10,10,ACAGTGTTTACCGACAGCAG,0,4369338
yadI_predicted,0.09090909090909091,10,10,ACAGCTCGATCCGGGCTACA,0,4334533
yadI_predicted,0.09090909090909091,10,10,ACAGATAGCACACGTAGTGT,0,4285604
yadI_predicted,0.09090909090909091,10,10,ACACTTACAGGTTCTGCGAT,0,4292692
yadI_predicted,0.09090909090909091,10,10,ACACTATTGGCCTGGCATCG,0,4331291
yadI_predicted,0.09090909090909091,10,10,ACACGGTGAGGAGTGTGGTT,0,4315025
yadI_predicted,0.09090909090909091,10,10,ACAAGAGATCAGGGTCAGTG,0,4300942
yadI_predicted,0.09090909090909091,10,10,ACAACTGGAAGTCGATAGTA,0,4327234
yadI_predicted,0.09090909090909091,10,10,ACAACCGTTGGGTCGGAGGT,0,4296851
yadI_predicted,0.09090909090909091,10,10,ACAAAGTTTTAAATAAGGTA,0,4294654
yadI_predicted,0.09090909090909091,10,10,AATTAGGGCCGAATCCCGAT,0,4327783
yadI_predicted,0.09090909090909091,10,10,AATGCTTAATTGAATATTGG,0,4328991
yadI_predicted,0.09090909090909091,10,10,AATCTATGGTTAGTAACGTT,0,4340308
yadI_predicted,0.09090909090909091,10,10,AATCGTGGGGTCTTTACTTT,0,4355732
yadI_predicted,0.09090909090909091,10,10,AATCGGGTCTACAGCTTTTC,0,4296920
yadI_predicted,0.09090909090909091,10,10,AATAGTTGGCGTGAAGTCTA,0,4317420
yadI_predicted,0.09090909090909091,10,10,AATACACAATGAAGCGGCGC,0,4323410
yadI_predicted,0.09090909090909091,10,10,AAGTGAAGCTGGCAGATAGA,0,4295573
yadI_predicted,0.09090909090909091,10,10,AAGTCGTATGATCAGCTGGG,0,4311366
yadI_predicted,0.09090909090909091,10,10,AAGTAAGATTATACCCGCTG,0,4344371
yadI_predicted,0.09090909090909091,10,10,AAGGCCGCCTCACGTAGATG,0,4353470
yadI_predicted,0.09090909090909091,10,10,AAGGAAACAGCTGCCCTGTG,0,4368820
yadI_predicted,0.09090909090909091,10,10,AAGCCTGTCTTCAAGAACGT,0,4333334
yadI_predicted,0.09090909090909091,10,10,AAGAGTGCCAACGGTCTAAA,0,4325891
yadI_predicted,0.09090909090909091,10,10,AAGAGAGCTGAAGGACCCAC,0,4295322
yadI_predicted,0.09090909090909091,10,10,AAGACGTTATCTCGATCGAA,0,4353586
yadI_predicted,0.09090909090909091,10,10,AAGACCATATTTCCAGGAGT,0,4321504
yadI_predicted,0.09090909090909091,10,10,AAGAATTTCACAATGCGCAG,0,4309459
yadI_predicted,0.09090909090909091,10,10,AACTCTTCGGCAACCCGAAC,0,4287388
yadI_predicted,0.09090909090909091,10,10,AACTACCTCGAGGGCTATTG,0,4362411
yadI_predicted,0.09090909090909091,10,10,AACGTTAGACTATGGGGGAG,0,4296228
yadI_predicted,0.09090909090909091,10,10,AACGGGCTTGATCCGTTCCT,0,4324373
yadI_predicted,0.09090909090909091,10,10,AACGCTACTAATGCGTTTCT,0,4334687
yadI_predicted,0.09090909090909091,10,10,AACGCATCGGAGTCCGTTCA,0,4295185
yadI_predicted,0.09090909090909091,10,10,AACCTCTACCGCCCGACTGT,0,4334030
yadI_predicted,0.09090909090909091,10,10,AACCTCAGAACGCCTGTCCT,0,4345517
yadI_predicted,0.09090909090909091,10,10,AACCGCAGATGCTCTGCGGA,0,4304841
yadI_predicted,0.09090909090909091,10,10,AACATTTTTGGAGAATGCAG,0,4299790
yadI_predicted,0.09090909090909091,10,10,AACATAGAGAAGGCCGGAGT,0,4295177
yadI_predicted,0.09090909090909091,10,10,AACATACCACTTGCCCTCAG,0,4316418
yadI_predicted,0.09090909090909091,10,10,AACAATCCGCGTCGAAGTCG,0,4367348
yadI_predicted,0.09090909090909091,10,10,AACAACTACGGATACCTGGA,0,4323583
yadI_predicted,0.09090909090909091,10,10,AAATGGCGCGAAACCAGATA,0,4349923
yadI_predicted,0.09090909090909091,10,10,AAAGGCAACGAAATGGAAAT,0,4289505
yadI_predicted,0.09090909090909091,10,10,AAAGCCATTTGAAGGGAGTG,0,4340231
yadI_predicted,0.09090909090909091,10,10,AAACGGTCAGCTCCACGGCC,0,4291247
yadI_predicted,0.09090909090909091,10,10,AAACCGGAGGATGCAGCTAA,0,4313635
yadI_predicted,0.09090909090909091,10,10,AAACATTCCGCAGCAATCGT,0,4290703
yadI_predicted,0.09090909090909091,10,10,AAACAGTGTAGCAACTGTAT,0,4328395
yadI_predicted,0.09090909090909091,10,10,AAACAAGATCGTAAGGAAGA,0,4365363
yadI_predicted,0.09090909090909091,10,10,AAAAACGAGTGTTGAAATAC,0,4349094
yadI_predicted,0.1,9,9,TTTTTTAGGAATTTGACGAC,0,4358941
yadI_predicted,0.1,9,9,TTTTGGGAGTTAGGTCCCGT,0,4285729
yadI_predicted,0.1,9,9,TTTTATCGCGTAGAATACCT,0,4361884
yadI_predicted,0.1,9,9,TTTGTGATCGGCAGTCATCC,0,4288135
yadI_predicted,0.1,9,9,TTTGTCCCGCTCGGACGAAT,0,4347374
yadI_predicted,0.1,9,9,TTTGTAAGTGAGGGCCTATG,0,4324023
yadI_predicted,0.1,9,9,TTTGCGTGACTCTGCCAAAC,0,4364157
yadI_predicted,0.1,9,9,TTTGCCCCCAAATGATGAAA,0,4296700
yadI_predicted,0.1,9,9,TTTCTTGTTTCCTCGCTCAC,0,4333095
yadI_predicted,0.1,9,9,TTTCTGATAGATGGTATAAC,0,4365080
yadI_predicted,0.1,9,9,TTTCTAAGGCTACAAAAGCA,0,4342544
yadI_predicted,0.1,9,9,TTTCACGGTATGTAAGTGGA,0,4349762
yadI_predicted,0.1,9,9,TTTATGGAAGCGGTTCTTTG,0,4287327
yadI_predicted,0.1,9,9,TTTAGTACTCGCCGAGTCAC,0,4316231
yadI_predicted,0.1,9,9,TTTAGACCTTCTACGGAACG,0,4339302
yadI_predicted,0.1,9,9,TTTACGCTATGTTATGCTGG,0,4321681
yadI_predicted,0.1,9,9,TTTACAAAATATCACAAGCA,0,4335317
yadI_predicted,0.1,9,9,TTGTTAACGAAAGTATGAGC,0,4357197
yadI_predicted,0.1,9,9,TTGTGCCTCAAAATGTTGTC,0,4305328
yadI_predicted,0.1,9,9,TTGTGACAATTGTATGGGGG,0,4308303
yadI_predicted,0.1,9,9,TTGTCGTACTAAGCTCGTGT,0,4323622
yadI_predicted,0.1,9,9,TTGTCACATATTGGGGCAGG,0,4343140
yadI_predicted,0.1,9,9,TTGGGTAGACCGCATATAGT,0,4298432
yadI_predicted,0.1,9,9,TTGGGGTCCCATTAGCCGGG,0,4327784
yadI_predicted,0.1,9,9,TTGGGCTCGGGTCACATCAA,0,4336168
yadI_predicted,0.1,9,9,TTGGACTTCAGCACGGTCTA,0,4285995
yadI_predicted,0.1,9,9,TTGCGACAGGGTTTACCTTT,0,4342868
yadI_predicted,0.1,9,9,TTGCCTATCAGACATATAGA,0,4327244
yadI_predicted,0.1,9,9,TTGCCTAGGAGTTACATAAG,0,4295797
yadI_predicted,0.1,9,9,TTGCCTACAACCCGATATGT,0,4322874
yadI_predicted,0.1,9,9,TTGATTCCCCATTTAAAGCT,0,4344331
yadI_predicted,0.1,9,9,TTGACAGCGTTATCGACTCA,0,4295123
yadI_predicted,0.1,9,9,TTGAATCGAGTACCTGTCCA,0,4350952
yadI_predicted,0.1,9,9,TTCTTCGCGGCGTCACCTTA,0,4329543
yadI_predicted,0.1,9,9,TTCTGACGGCCTTTTGGTTG,0,4364328
yadI_predicted,0.1,9,9,TTCTCCGTCATAGTCCAATG,0,4366084
yadI_predicted,0.1,9,9,TTCTATAAGTTATGCGGCTA,0,4346840
yadI_predicted,0.1,9,9,TTCTACGGGAGCGACTCACA,0,4354352
yadI_predicted,0.1,9,9,TTCGTTGCAAGCGTTCTCCG,0,4334736
yadI_predicted,0.1,9,9,TTCGGTGCCTACAGTGCTCC,0,4363787
yadI_predicted,0.1,9,9,TTCGGGTCCGAAAAGAGTCT,0,4289391
yadI_predicted,0.1,9,9,TTCGGAGAAGTCTCTGGTAA,0,4342664
yadI_predicted,0.1,9,9,TTCGCTGGCCGTTACGACGA,0,4301931
yadI_predicted,0.1,9,9,TTCGCGATACCGCTATTCAC,0,4320067
yadI_predicted,0.1,9,9,TTCGACCTTCTGTTCGCATG,0,4329296
yadI_predicted,0.1,9,9,TTCCTGCTTTTCATAATTTG,0,4296999
yadI_predicted,0.1,9,9,TTCCCAAGGGGCTCAGATAT,0,4299777
yadI_predicted,0.1,9,9,TTCATGAGACTCACGATGGT,0,4315961
yadI_predicted,0.1,9,9,TTCAGCTCTTGCGTCTAAGG,0,4286175
yadI_predicted,0.1,9,9,TTCACTTATGCCGGCTTGCG,0,4314023
yadI_predicted,0.1,9,9,TTCACTGCACGAGAATTATA,0,4307154
yadI_predicted,0.1,9,9,TTCACCCCTGGGGTAACGAG,0,4328428
yadI_predicted,0.1,9,9,TTATTGCAGGCCTTCGAGGC,0,4365407
yadI_predicted,0.1,9,9,TTATGGGCATGGGAAGGATA,0,4365536
yadI_predicted,0.1,9,9,TTATGGAACCTGTAGTCAGA,0,4316246
yadI_predicted,0.1,9,9,TTATGATACGACTGCGACCT,0,4315425
yadI_predicted,0.1,9,9,TTATAACATGTTGGTGGTAA,0,4342347
yadI_predicted,0.1,9,9,TTAGTGACTTCCCGCGGGAG,0,4301056
yadI_predicted,0.1,9,9,TTAGTCGCTGAACAGTCAGG,0,4318070
yadI_predicted,0.1,9,9,TTAGTCATGTTCATAGGTCT,0,4359874
yadI_predicted,0.1,9,9,TTAGGACCAGTCACGTTATG,0,4326422
yadI_predicted,0.1,9,9,TTAGCTAGCTTATAACAAGA,0,4340365
yadI_predicted,0.1,9,9,TTAGAATCTTTTCTCCGAAT,0,4301234
yadI_predicted,0.1,9,9,TTACTGATACTGAGGTCTTA,0,4303023
yadI_predicted,0.1,9,9,TTACTCGTAGAGCACACACT,0,4295722
yadI_predicted,0.1,9,9,TTACGTACCTGGGCACACAG,0,4312318
yadI_predicted,0.1,9,9,TTACGGCGAAGAGAGAACGG,0,4326061
yadI_predicted,0.1,9,9,TTACAACGCGTAAGCCGTAC,0,4347007
yadI_predicted,0.1,9,9,TTAATGACCGGCCCGTCTGC,0,4297866
yadI_predicted,0.1,9,9,TTAATCTCGCCCGTCGGCGC,0,4338587
yadI_predicted,0.1,9,9,TTAAGCCCGCGGTCATCTAT,0,4321212
yadI_predicted,0.1,9,9,TTAACGCGGTGAACGGTAGT,0,4317447
yadI_predicted,0.1,9,9,TTAACCCTACCCCTTTGGAT,0,4308938
yadI_predicted,0.1,9,9,TTAAAGTGTAAACACCGCCC,0,4319060
yadI_predicted,0.1,9,9,TTAAAGCGTTCTGTACGTAT,0,4358676
yadI_predicted,0.1,9,9,TGTTCAATTGACACGAAGAT,0,4327239
yadI_predicted,0.1,9,9,TGTTATCACGTAGTAGTCCT,0,4332364
yadI_predicted,0.1,9,9,TGTGTTTGCACAGGTGTGAC,0,4314973
yadI_predicted,0.1,9,9,TGTGTGGGGGTAAGTAGCGG,0,4368679
yadI_predicted,0.1,9,9,TGTCGATCGCTCGAGGACTT,0,4327513
yadI_predicted,0.1,9,9,TGTCCCGCAAAACTGTTGAA,0,4322260
yadI_predicted,0.1,9,9,TGTCATGTGATTCTCATGGA,0,4327065
yadI_predicted,0.1,9,9,TGTCAGAAGAGTCGCACGCT,0,4357655
yadI_predicted,0.1,9,9,TGGTGTGGGGTATTATAAAT,0,4366424
yadI_predicted,0.1,9,9,TGGTCGCCAGCCACCTACGA,0,4342489
yadI_predicted,0.1,9,9,TGGTCACATATTCTTGTTTG,0,4285157
yadI_predicted,0.1,9,9,TGGGTTCTTCACGCTCGGCC,0,4323816
yadI_predicted,0.1,9,9,TGGGGGTCAAAGGGGTCTTA,0,4366435
yadI_predicted,0.1,9,9,TGGGACATTGATTTACTGGG,0,4307511
yadI_predicted,0.1,9,9,TGGGACAAAACCCACTAGCG,0,4360632
yadI_predicted,0.1,9,9,TGGATGAGTGATGGCCTTTC,0,4305588
yadI_predicted,0.1,9,9,TGGATGAGCTTCCATTTAAT,0,4324752
yadI_predicted,0.1,9,9,TGGATCTTCTGTGGATCGCC,0,4355139
yadI_predicted,0.1,9,9,TGGACCCTCGCATGTCTCAC,0,4303229
yadI_predicted,0.1,9,9,TGGACCATGCAGCGTGGGGT,0,4325099
yadI_predicted,0.1,9,9,TGGAAACTCCCTCGAGGCTC,0,4320734
yadI_predicted,0.1,9,9,TGCTTAGGAACACGAACCCC,0,4318816
yadI_predicted,0.1,9,9,TGCTCTACTTACAGCATAGG,0,4332950
yadI_predicted,0.1,9,9,TGCGGCTTACTAGATAGGCA,0,4334340
yadI_predicted,0.1,9,9,TGCGCCAGGTCAGGCCTATA,0,4344545
yadI_predicted,0.1,9,9,TGCGATAGAATCCCCTGACT,0,4335417
yadI_predicted,0.1,9,9,TGCGATAATTTCGGTGGTTC,0,4346357
yadI_predicted,0.1,9,9,TGCGAGAGAGGGTGCATCAA,0,4290596
yadI_predicted,0.1,9,9,TGCGACGTGGATGGGTTGGG,0,4292168
yadI_predicted,0.1,9,9,TGCCGTACATGGGTCAACAT,0,4357878
yadI_predicted,0.1,9,9,TGCCGGAGCTCAACCCGAGA,0,4315414
yadI_predicted,0.1,9,9,TGCCCAACTGGACGACTCTC,0,4297334
yadI_predicted,0.1,9,9,TGCATCGACCTAAGGTACTC,0,4291291
yadI_predicted,0.1,9,9,TGCAGGGAATGACACCAGTA,0,4340993
yadI_predicted,0.1,9,9,TGCAGAAGGAGCCAAACTCG,0,4308433
yadI_predicted,0.1,9,9,TGCAAGTCAGTCAAGTTGAG,0,4365237
yadI_predicted,0.1,9,9,TGCAAGAAGACGCGTACGTA,0,4364992
yadI_predicted,0.1,9,9,TGATGTTTTAGAAGTCAATT,0,4313316
yadI_predicted,0.1,9,9,TGATGTAGTCACCCTGTTTT,0,4361402
yadI_predicted,0.1,9,9,TGATGGTTCTCAGACACTCG,0,4362380
yadI_predicted,0.1,9,9,TGATGGGCAGAAGCCACTTA,0,4288663
yadI_predicted,0.1,9,9,TGAGTTACACGAGAAATGAA,0,4316233
yadI_predicted,0.1,9,9,TGAGGATATCTACCCGTCTT,0,4350570
yadI_predicted,0.1,9,9,TGAGCGCTCGGACAAACTGA,0,4291745
yadI_predicted,0.1,9,9,TGACTGCTTGAAAAGGGCGT,0,4319743
yadI_predicted,0.1,9,9,TGACGGGCTGGTCTTCTAGT,0,4288196
yadI_predicted,0.1,9,9,TGACAACTTTATTGAGACAT,0,4294791
yadI_predicted,0.1,9,9,TGAATGTTTATCCTTGTACT,0,4342721
yadI_predicted,0.1,9,9,TGAAGTCGTCATTCAGCCGA,0,4355848
yadI_predicted,0.1,9,9,TGAAGAATCTTATGGATTTG,0,4303361
yadI_predicted,0.1,9,9,TGAACTGGCCATGCCCATTA,0,4344994
yadI_predicted,0.1,9,9,TGAAAGGGTTCGCGTCGTTG,0,4302871
yadI_predicted,0.1,9,9,TCTTCGCGGACCACTTAGTT,0,4284349
yadI_predicted,0.1,9,9,TCTTAGCTTCGTAGACATCG,0,4298046
yadI_predicted,0.1,9,9,TCTTAAATTCTCTACATTAC,0,4326476
yadI_predicted,0.1,9,9,TCTGTATGCTCATCGGGTCC,0,4304510
yadI_predicted,0.1,9,9,TCTGGTAACGACGGCGGTCC,0,4355717
yadI_predicted,0.1,9,9,TCTGGGAAGCGGTGCGCGTG,0,4324532
yadI_predicted,0.1,9,9,TCTGGAGGAAGATCAGACGA,0,4348594
yadI_predicted,0.1,9,9,TCTGCACTGATGGGCAGGTG,0,4288686
yadI_predicted,0.1,9,9,TCTGACCTAGTTTTAAGGCC,0,4328590
yadI_predicted,0.1,9,9,TCTGAATAGCGTTTTGTGTA,0,4369925
yadI_predicted,0.1,9,9,TCTCACTTACTACATTTAGC,0,4309548
yadI_predicted,0.1,9,9,TCTAACCTAGTTGTACTTGT,0,4360648
yadI_predicted,0.1,9,9,TCGTTTTTAGACGTTTAAAT,0,4301232
yadI_predicted,0.1,9,9,TCGTTTGGCAAGACACAGAG,0,4349699
yadI_predicted,0.1,9,9,TCGTGTGCGGGTATACAACG,0,4306297
yadI_predicted,0.1,9,9,TCGGGCCTGGGCGCAAATAA,0,4293262
yadI_predicted,0.1,9,9,TCGGAGAAGTAGTTCACAGA,0,4328387
yadI_predicted,0.1,9,9,TCGCTACCTATCAGTTTTAG,0,4301649
yadI_predicted,0.1,9,9,TCGCGGACAGCGCGGATCTA,0,4298504
yadI_predicted,0.1,9,9,TCGCGCCAGGTAGACCGATC,0,4334851
yadI_predicted,0.1,9,9,TCGCGAGCATACGCTGTGTA,0,4343629
yadI_predicted,0.1,9,9,TCGCAAGAAGTGCGAGCACT,0,4367831
yadI_predicted,0.1,9,9,TCGAGTTCACTCCACGTAGG,0,4315808
yadI_predicted,0.1,9,9,TCGACCATTTCGCCTGGATT,0,4352258
yadI_predicted,0.1,9,9,TCCTTGGAAGTAGTGCCCGC,0,4367727
yadI_predicted,0.1,9,9,TCCTGATTCACGACAGATCC,0,4320815
yadI_predicted,0.1,9,9,TCCGTAGACAAGGCTGGCAA,0,4302285
yadI_predicted,0.1,9,9,TCCCTGACAGGGGCATTTGT,0,4318080
yadI_predicted,0.1,9,9,TCCCGGGGACATACATCCTA,0,4352490
yadI_predicted,0.1,9,9,TCCCCGATATCTACACCTTA,0,4327520
yadI_predicted,0.1,9,9,TCCCCCTTAGAACAATGAAC,0,4352710
yadI_predicted,0.1,9,9,TCCCAGTGCCACCGTCTAAG,0,4287078
yadI_predicted,0.1,9,9,TCCAGAGGTATTGCAGAAGG,0,4326637
yadI_predicted,0.1,9,9,TCCAATAAATGATTAATTGT,0,4362927
yadI_predicted,0.1,9,9,TCCAAGATTCCCAGCTTGGT,0,4302841
yadI_predicted,0.1,9,9,TCAGGACGAAGCCGTCACGC,0,4298628
yadI_predicted,0.1,9,9,TCAGAATGACTGAGAACCAC,0,4294137
yadI_predicted,0.1,9,9,TCACTCTACGACAGCCCGAA,0,4285312
yadI_predicted,0.1,9,9,TCAATTCGTTATAGGGTTAT,0,4322211
yadI_predicted,0.1,9,9,TCAATTATGGAAGGCAGGTG,0,4301227
yadI_predicted,0.1,9,9,TCAATAGCAAGTACGGCAGT,0,4302163
yadI_predicted,0.1,9,9,TCAACGCTTAACAGTTTTAT,0,4292400
yadI_predicted,0.1,9,9,TCAAACGAAGTTCGGAGTTT,0,4315041
yadI_predicted,0.1,9,9,TATTTATGCATATATGCGGT,0,4310627
yadI_predicted,0.1,9,9,TATTCAATGGGCATCATTCA,0,4369776
yadI_predicted,0.1,9,9,TATTAGTAACACGCAGCACT,0,4317658
yadI_predicted,0.1,9,9,TATGGGGGTCAGTGCCTGGG,0,4336986
yadI_predicted,0.1,9,9,TATGCATCAACATGTAAACG,0,4345449
yadI_predicted,0.1,9,9,TATGAACGGCTAATGTTAAG,0,4369892
yadI_predicted,0.1,9,9,TATCTGTCCCTTCCCGTATG,0,4364015
yadI_predicted,0.1,9,9,TATCTAGGAACGTAAACTGT,0,4338342
yadI_predicted,0.1,9,9,TATCGAGAAATCCGCTCCAG,0,4319026
yadI_predicted,0.1,9,9,TATCCACGTTTGTTTCTCAT,0,4306053
yadI_predicted,0.1,9,9,TATATTGTCAACCGGGGATC,0,4346423
yadI_predicted,0.1,9,9,TATATATCCAAATACGAGAA,0,4294148
yadI_predicted,0.1,9,9,TATATACTCAGGACACGCCA,0,4354072
yadI_predicted,0.1,9,9,TAGTGGGGGTCCCGAGCACT,0,4353218
yadI_predicted,0.1,9,9,TAGGGAGGCGATTCCGTGTT,0,4346321
yadI_predicted,0.1,9,9,TAGGATTACGGGTGGTTCCT,0,4315493
yadI_predicted,0.1,9,9,TAGGACACGTAAAAAACGTT,0,4288136
yadI_predicted,0.1,9,9,TAGCTACGATTGATGCATCC,0,4324625
yadI_predicted,0.1,9,9,TAGAGGATATTCCTCCTCCG,0,4352406
yadI_predicted,0.1,9,9,TAGAATGTCTGACGTCAATT,0,4288892
yadI_predicted,0.1,9,9,TAGAATGGAACACACCCCTA,0,4305598
yadI_predicted,0.1,9,9,TACTTGGCCTGCGTATCGGG,0,4320366
yadI_predicted,0.1,9,9,TACTCCGTGCATTTACCAGA,0,4346393
yadI_predicted,0.1,9,9,TACTCCCATAGAAAATCGTA,0,4319193
yadI_predicted,0.1,9,9,TACGGGGCATTTAAACGTTC,0,4310873
yadI_predicted,0.1,9,9,TACCGGTCGGGGACCTATTG,0,4329113
yadI_predicted,0.1,9,9,TACCGGCCTCAAAGATCAAA,0,4291593
yadI_predicted,0.1,9,9,TACCATCTGTGGTAGGGAAG,0,4360156
yadI_predicted,0.1,9,9,TACAGTTCGCGTTTCAGAGG,0,4341912
yadI_predicted,0.1,9,9,TACAAAGATCTGTCTGTCCT,0,4304562
yadI_predicted,0.1,9,9,TAATTGAGTGAGCGGGTCAA,0,4289970
yadI_predicted,0.1,9,9,TAATTCTGCTAGCACTGAGT,0,4305597
yadI_predicted,0.1,9,9,TAATGTTGGCATAAAAGGAG,0,4327188
yadI_predicted,0.1,9,9,TAAGTTCACACACGGGGTGG,0,4339053
yadI_predicted,0.1,9,9,TAAGTCTAGTGCACCATGTA,0,4291935
yadI_predicted,0.1,9,9,TAAGTACTCAATTCTTTTAA,0,4315416
yadI_predicted,0.1,9,9,TAAGGGGTAGCCGATGTCCC,0,4364472
yadI_predicted,0.1,9,9,TAAGATTATTCAAGGTAACT,0,4316416
yadI_predicted,0.1,9,9,TAACCCGTTAGGACTCAGTA,0,4333158
yadI_predicted,0.1,9,9,TAACCACGCAGGGGGATTGC,0,4301172
yadI_predicted,0.1,9,9,TAACATGGTTCGCCCCACAT,0,4342011
yadI_predicted,0.1,9,9,TAACATGGGACAGAGCTTGG,0,4360978
yadI_predicted,0.1,9,9,TAAACTATACTTTATGAAAG,0,4340325
yadI_predicted,0.1,9,9,TAAACGCAGCGCCACCCCAG,0,4355943
yadI_predicted,0.1,9,9,GTTTTTCAGCAGGGATATTG,0,4332383
yadI_predicted,0.1,9,9,GTTTCTATCTCCTTTATTGG,0,4337950
yadI_predicted,0.1,9,9,GTTTCTAGGTGCACTGAATG,0,4349313
yadI_predicted,0.1,9,9,GTTTCGGTGCTATTATGGTT,0,4349523
yadI_predicted,0.1,9,9,GTTTCCTTCACGCATGTCTG,0,4296554
yadI_predicted,0.1,9,9,GTTTACCCAAAAGGGGACTC,0,4294179
yadI_predicted,0.1,9,9,GTTTAAGTGCTCTGTAGTAG,0,4348420
yadI_predicted,0.1,9,9,GTTGTCAGTAGTCATCTAGT,0,4337612
yadI_predicted,0.1,9,9,GTTGGCCACCATGAGTGTGT,0,4341836
yadI_predicted,0.1,9,9,GTTGCTTGCGTTGACTCCAA,0,4293370
yadI_predicted,0.1,9,9,GTTCGGGCAAAACCCATGTC,0,4365256
yadI_predicted,0.1,9,9,GTTCGAGTTGGCCGCATGCG,0,4333467
yadI_predicted,0.1,9,9,GTTCAGGGCCTTTCAAACTG,0,4334238
yadI_predicted,0.1,9,9,GTTAGGCTGCACATGTAGCC,0,4310110
yadI_predicted,0.1,9,9,GTTACTTAACTCGTGGGGAC,0,4358553
yadI_predicted,0.1,9,9,GTTACGGTAGCGTTGGCGCA,0,4285584
yadI_predicted,0.1,9,9,GTTACCAGTGTAGCCTCCGA,0,4323874
yadI_predicted,0.1,9,9,GTGTCCTACGTCCCTAGCGC,0,4327651
yadI_predicted,0.1,9,9,GTGTCCCGTAAAGAACGGCT,0,4305010
yadI_predicted,0.1,9,9,GTGTCAGCATCGTCGCACGG,0,4306977
yadI_predicted,0.1,9,9,GTGTACGGATGTAATATTAG,0,4361692
yadI_predicted,0.1,9,9,GTGTAAGCACTCATTATCAC,0,4348756
yadI_predicted,0.1,9,9,GTGGGGGGAACGATATTGAT,0,4358410
yadI_predicted,0.1,9,9,GTGGCGCCAGTTGGTCGTGG,0,4285383
yadI_predicted,0.1,9,9,GTGGCAGCGCCTTTTGTTTA,0,4303599
yadI_predicted,0.1,9,9,GTGGATGTACCGATGTGTGT,0,4286601
yadI_predicted,0.1,9,9,GTGCTGAACCGATCCTCTGT,0,4324288
yadI_predicted,0.1,9,9,GTGCTACATGATATGGTTCA,0,4310907
yadI_predicted,0.1,9,9,GTGCGTACGCGACCTCTATG,0,4285088
yadI_predicted,0.1,9,9,GTGCGATATGACAGACGGGA,0,4323842
yadI_predicted,0.1,9,9,GTGCATTACTTGGTTCCTCA,0,4305702
yadI_predicted,0.1,9,9,GTGAGTAAAATGCCATAGCA,0,4300214
yadI_predicted,0.1,9,9,GTCTAGAAGGGAGCGCTAGA,0,4289719
yadI_predicted,0.1,9,9,GTCGCACGCGCCTTAGGGGT,0,4336821
yadI_predicted,0.1,9,9,GTCGATGGGGAATCCTAGCC,0,4360058
yadI_predicted,0.1,9,9,GTCGAGGTTGCGGGATACAA,0,4322853
yadI_predicted,0.1,9,9,GTCCTGAGGTCCCTAAAGGA,0,4288334
yadI_predicted,0.1,9,9,GTCCAACCGGCCTTGTCTGA,0,4314253
yadI_predicted,0.1,9,9,GTCACTCTGGATCAACGTAA,0,4315104
yadI_predicted,0.1,9,9,GTATTAGGAGCCTATTTTGG,0,4349073
yadI_predicted,0.1,9,9,GTATGCGACGCTATTTTGAT,0,4318020
yadI_predicted,0.1,9,9,GTATGCCGGGTGTGACATCT,0,4299438
yadI_predicted,0.1,9,9,GTATGCACTGTAAACAAAAT,0,4302657
yadI_predicted,0.1,9,9,GTATCCTATCATTGCGTCTA,0,4369654
yadI_predicted,0.1,9,9,GTATCCGGCTCTATCTAACT,0,4367484
yadI_predicted,0.1,9,9,GTATCCCCTGCGAGGAGGGA,0,4367773
yadI_predicted,0.1,9,9,GTATATGGGATCGCAAACTA,0,4326340
yadI_predicted,0.1,9,9,GTATAAATTTCCAGTAATTA,0,4308456
yadI_predicted,0.1,9,9,GTAGCTGTCACGCTCTCTAG,0,4330059
yadI_predicted,0.1,9,9,GTAGCCTTTGGTCAGGAAAG,0,4349876
yadI_predicted,0.1,9,9,GTACTTTAGGACATTGCGAG,0,4329921
yadI_predicted,0.1,9,9,GTACTCTAATTGGCTCCATA,0,4356020
yadI_predicted,0.1,9,9,GTACGTCGCTTCGGACGTTG,0,4346633
yadI_predicted,0.1,9,9,GTACCAGACAGTTTATGGGT,0,4304697
yadI_predicted,0.1,9,9,GTACCAATAGTACATGTTAT,0,4320216
yadI_predicted,0.1,9,9,GTAATGGCTATGAACGCACG,0,4326396
yadI_predicted,0.1,9,9,GTAATCAACTCGGCTTCCGG,0,4303747
yadI_predicted,0.1,9,9,GTAAATAGGCGTACGAAATC,0,4304004
yadI_predicted,0.1,9,9,GGTTGTACATATAGCGTATC,0,4326536
yadI_predicted,0.1,9,9,GGTTACGATTAATCTCCAAT,0,4368244
yadI_predicted,0.1,9,9,GGTGGTTTGTAAACCTGATA,0,4307709
yadI_predicted,0.1,9,9,GGTCGTTTTGAGGCCCTAGA,0,4343439
yadI_predicted,0.1,9,9,GGTCGTTCTCAAGGCTACGT,0,4324334
yadI_predicted,0.1,9,9,GGTCCGTTCTACGTATGGGA,0,4336412
yadI_predicted,0.1,9,9,GGTCCGTACAATGATAAGTG,0,4316734
yadI_predicted,0.1,9,9,GGTCCGCAGCCTGCCAAACC,0,4343035
yadI_predicted,0.1,9,9,GGTCCACTATTCTTCCATAA,0,4364006
yadI_predicted,0.1,9,9,GGTCAGTTCGCTCCCGTCCG,0,4354485
yadI_predicted,0.1,9,9,GGTCAGTGTCTCGCCGACTA,0,4348509
yadI_predicted,0.1,9,9,GGTATAGGAATGATTCTGTC,0,4324749
yadI_predicted,0.1,9,9,GGTAGCGCATGATTAAGTGT,0,4369551
yadI_predicted,0.1,9,9,GGTAAAACGTGGGACAGACT,0,4349466
yadI_predicted,0.1,9,9,GGGTTTACTCTATTTGGCTG,0,4367272
yadI_predicted,0.1,9,9,GGGTTCCCGGAATTCTCTAT,0,4331825
yadI_predicted,0.1,9,9,GGGTGACCTGTTGCACAATA,0,4353196
yadI_predicted,0.1,9,9,GGGTACCAGAGCGGCTGCCG,0,4354633
yadI_predicted,0.1,9,9,GGGGACAGGTCGAGCCGTGG,0,4324683
yadI_predicted,0.1,9,9,GGGCTCGTGAACACGAACGT,0,4309513
yadI_predicted,0.1,9,9,GGGCCGATAGTAACAAGTCG,0,4302119
yadI_predicted,0.1,9,9,GGGCAATGGTTCTTTACTTA,0,4345617
yadI_predicted,0.1,9,9,GGGATCCCCCGCTTGAAGTT,0,4327191
yadI_predicted,0.1,9,9,GGGATATAGCTCATGATAGA,0,4351260
yadI_predicted,0.1,9,9,GGGAGGAATTGTCGCAGCAG,0,4308738
yadI_predicted,0.1,9,9,GGGACAGTGGGAGACAGATC,0,4290768
yadI_predicted,0.1,9,9,GGCTTCTCGGAAGTAGCCAT,0,4302630
yadI_predicted,0.1,9,9,GGCTTCATGTGGCCATACGT,0,4352249
yadI_predicted,0.1,9,9,GGCTGTGGCGATGTCCTAAA,0,4284776
yadI_predicted,0.1,9,9,GGCTGTACCCTGGCTACCGG,0,4348417
yadI_predicted,0.1,9,9,GGCTGATGGTCAATTCCGGA,0,4287035
yadI_predicted,0.1,9,9,GGCTCACGTAACTTTGCCTT,0,4333827
yadI_predicted,0.1,9,9,GGCGTTACCCAGGCACACCG,0,4355708
yadI_predicted,0.1,9,9,GGCGGTTTTTAGATGTCACG,0,4355465
yadI_predicted,0.1,9,9,GGCGCGGCTGTTATGGGCCT,0,4331982
yadI_predicted,0.1,9,9,GGCGATGCTCACGTAAATAT,0,4314845
yadI_predicted,0.1,9,9,GGCCTGGAGGACTGTTGGTC,0,4310502
yadI_predicted,0.1,9,9,GGCCTCAGAAGTGTGCTCCA,0,4320165
yadI_predicted,0.1,9,9,GGCATAGGGCCTGCTTGAAA,0,4296954
yadI_predicted,0.1,9,9,GGCAAGGAAAAGGGCCAAAG,0,4312406
yadI_predicted,0.1,9,9,GGATTCATCCTTCCCTTTCT,0,4343875
yadI_predicted,0.1,9,9,GGATGAGCAGGGGTCTGTGA,0,4363671
yadI_predicted,0.1,9,9,GGATCCGTGGCGCTCCCCGT,0,4362370
yadI_predicted,0.1,9,9,GGATAGCATGGTAGCACTTC,0,4289279
yadI_predicted,0.1,9,9,GGAGTCATAAGTTTATTAAA,0,4350272
yadI_predicted,0.1,9,9,GGAGCCCCGAGATGGGCTGA,0,4306635
yadI_predicted,0.1,9,9,GGACTCTTTAGATGAGCTGC,0,4366809
yadI_predicted,0.1,9,9,GGACGTTTGGGAGGATGTGT,0,4289990
yadI_predicted,0.1,9,9,GGACCGAGATGGCAACTTTA,0,4332095
yadI_predicted,0.1,9,9,GGACATGATGACCCTACAAG,0,4293983
yadI_predicted,0.1,9,9,GCTTTGGGGGGACCCGCTCT,0,4368724
yadI_predicted,0.1,9,9,GCTTGGAGAGTGACCGCTGA,0,4346966
yadI_predicted,0.1,9,9,GCTTGGAAAGGTAATGACGT,0,4355560
yadI_predicted,0.1,9,9,GCTTCGAGCCATGAATGCTT,0,4327901
yadI_predicted,0.1,9,9,GCTTATTTATTATCCGACAT,0,4342753
yadI_predicted,0.1,9,9,GCTTATCTGCGAAGCCCGTA,0,4292467
yadI_predicted,0.1,9,9,GCTGGACGGATCGGAATGTG,0,4312640
yadI_predicted,0.1,9,9,GCTGCTTCTGGGGACCGCAA,0,4308862
yadI_predicted,0.1,9,9,GCTGAGAGATAGAAATCGGC,0,4299197
yadI_predicted,0.1,9,9,GCTCGAACGTTCGCAGAACT,0,4305140
yadI_predicted,0.1,9,9,GCTCCGGGCTATCCGACTTT,0,4303519
yadI_predicted,0.1,9,9,GCTCCCAGGCAAGTCACGGG,0,4361187
yadI_predicted,0.1,9,9,GCTCATATGAGTAATTAGAG,0,4325464
yadI_predicted,0.1,9,9,GCTCAGTCATGGGTGCTTAG,0,4349148
yadI_predicted,0.1,9,9,GCTCAGCCCCTTATCGGCAG,0,4369526
yadI_predicted,0.1,9,9,GCGTTGGGAAATGATGTATA,0,4291327
yadI_predicted,0.1,9,9,GCGTCGCGGTTTTCGATTAA,0,4309121
yadI_predicted,0.1,9,9,GCGTCCTACGCCGACGCATA,0,4351211
yadI_predicted,0.1,9,9,GCGTAGGCTGGAGTGGATTC,0,4316942
yadI_predicted,0.1,9,9,GCGCCATGGCAGTCGCGCGC,0,4312110
yadI_predicted,0.1,9,9,GCGATGCCAGTCTTAACGTG,0,4294980
yadI_predicted,0.1,9,9,GCGAGTACTTCATCCAAGCA,0,4284926
yadI_predicted,0.1,9,9,GCGAGCTTTCAGAAAGTCCT,0,4314214
yadI_predicted,0.1,9,9,GCGAGAGGTAATTCCAAGGC,0,4301155
yadI_predicted,0.1,9,9,GCCTCTTTGGCACCTTACCA,0,4289579
yadI_predicted,0.1,9,9,GCCTCTGGGATAAGGCTTAA,0,4368635
yadI_predicted,0.1,9,9,GCCGGACACGGGGAGGGTAG,0,4311846
yadI_predicted,0.1,9,9,GCCCCCATCCTCGAGACTCT,0,4320479
yadI_predicted,0.1,9,9,GCCCCATGAGGATGCTATGA,0,4301895
yadI_predicted,0.1,9,9,GCCCAATGCAACTTCGCAGG,0,4292524
yadI_predicted,0.1,9,9,GCCATGAGCCGCTAGGCTTC,0,4287826
yadI_predicted,0.1,9,9,GCCACGGAATCTTGTGTACT,0,4316333
yadI_predicted,0.1,9,9,GCATGCTACGCGAAATTGAC,0,4319527
yadI_predicted,0.1,9,9,GCATAGTTCGGCTTTCTAGG,0,4317151
yadI_predicted,0.1,9,9,GCAGGGTAGCAACAGGGGAG,0,4296623
yadI_predicted,0.1,9,9,GCAGGCTCAGCCATAAGCCA,0,4342873
yadI_predicted,0.1,9,9,GCAGCCGGCTTAGGGCGTGC,0,4331362
yadI_predicted,0.1,9,9,GCAGACTTCACAGCCAAGTT,0,4325864
yadI_predicted,0.1,9,9,GCACCAAAGGCGGCGATACT,0,4358216
yadI_predicted,0.1,9,9,GCACAATGGCCACGCATATA,0,4357083
yadI_predicted,0.1,9,9,GCAATGTGGATGGTATTACG,0,4295960
yadI_predicted,0.1,9,9,GCAACAACAACCTAGTGGGG,0,4285186
yadI_predicted,0.1,9,9,GCAAAGATTATATTCTTGCT,0,4357865
yadI_predicted,0.1,9,9,GCAAACTAGCAAGCCGTGTG,0,4295953
yadI_predicted,0.1,9,9,GATTGGTTTCAGAGCATTAG,0,4346028
yadI_predicted,0.1,9,9,GATTGGCTAAGCTTGCCTGT,0,4320981
yadI_predicted,0.1,9,9,GATTGACACCTGGCAAACAG,0,4353522
yadI_predicted,0.1,9,9,GATGGAAGAACATGGGTCCA,0,4301604
yadI_predicted,0.1,9,9,GATGACCCCGTCTTGGGAAA,0,4313707
yadI_predicted,0.1,9,9,GATCGGGCCCACAATTCATG,0,4351465
yadI_predicted,0.1,9,9,GATCGCGGATCAGTTTCCTA,0,4303248
yadI_predicted,0.1,9,9,GATCGCGCTTCAAGTGGCCG,0,4300659
yadI_predicted,0.1,9,9,GATCCCATGCAAAGGACTTC,0,4353289
yadI_predicted,0.1,9,9,GATATAGATCACTAGGGGTG,0,4359247
yadI_predicted,0.1,9,9,GATACGCATTTCGCACTTCG,0,4320952
yadI_predicted,0.1,9,9,GATACAGGTCTACCGCGGTC,0,4329201
yadI_predicted,0.1,9,9,GATAACGCTTCGCTTGGGTA,0,4308688
yadI_predicted,0.1,9,9,GAGTTACGGACTGACATTCG,0,4343203
yadI_predicted,0.1,9,9,GAGTGGGATACTAACCACGA,0,4303887
yadI_predicted,0.1,9,9,GAGTCCGGCGAGTACAGTAG,0,4346349
yadI_predicted,0.1,9,9,GAGTAACTCTTGTCCGCGTC,0,4358049
yadI_predicted,0.1,9,9,GAGGTAACAAACGAAGGTCA,0,4362938
yadI_predicted,0.1,9,9,GAGGGAGGCAATCCCAGGTT,0,4314426
yadI_predicted,0.1,9,9,GAGGCCGTGATGAACGGAAT,0,4287298
yadI_predicted,0.1,9,9,GAGCTGCGCTCGGTTTTTCT,0,4364635
yadI_predicted,0.1,9,9,GAGCACTGCCCAGGGGCCAA,0,4289480
yadI_predicted,0.1,9,9,GAGATCCATGGGTGCCCCTC,0,4329470
yadI_predicted,0.1,9,9,GAGACCAAATAATTCAGGGA,0,4335507
yadI_predicted,0.1,9,9,GACTTGTGAGGGGGGTCCGG,0,4349406
yadI_predicted,0.1,9,9,GACTTCCCGTCCCGCACAAC,0,4358069
yadI_predicted,0.1,9,9,GACTGGGCCTAGGGGCATTT,0,4307753
yadI_predicted,0.1,9,9,GACTGGGATCCTTGTCTGAC,0,4297092
yadI_predicted,0.1,9,9,GACTACCCGGCCACATGCTG,0,4363800
yadI_predicted,0.1,9,9,GACGGTGAAGCATCGCGCAA,0,4305764
yadI_predicted,0.1,9,9,GACATGTATAGATAGGACGT,0,4341188
yadI_predicted,0.1,9,9,GACATCACGGGATGATAGAG,0,4353491
yadI_predicted,0.1,9,9,GACATATGATGGGTCAAGGA,0,4285907
yadI_predicted,0.1,9,9,GACATAAAGAAGGCATGCCA,0,4314158
yadI_predicted,0.1,9,9,GACAGTGTGGGGGAGATGTT,0,4286057
yadI_predicted,0.1,9,9,GACACTCGGGAAAGCAAGCA,0,4301783
yadI_predicted,0.1,9,9,GAATTTTATCGCAACGAGGG,0,4322678
yadI_predicted,0.1,9,9,GAATTCCGCGTCGATCGGCT,0,4309466
yadI_predicted,0.1,9,9,GAATCTAGTAGCCGTACTCA,0,4304822
yadI_predicted,0.1,9,9,GAATCAGTGGTCATCTCGTT,0,4289520
yadI_predicted,0.1,9,9,GAACTCCATGCGTCATTCGG,0,4336667
yadI_predicted,0.1,9,9,GAACGGCTAAGCGGCGTGTT,0,4337900
yadI_predicted,0.1,9,9,GAACCTCCTGACCGTTTTCC,0,4310608
yadI_predicted,0.1,9,9,GAAACTAGGCTGGCAGCATA,0,4335090
yadI_predicted,0.1,9,9,GAAAATCCCGAGTTTCGCTG,0,4284193
yadI_predicted,0.1,9,9,GAAAAGTCAGCGGGCCAAAG,0,4332264
yadI_predicted,0.1,9,9,CTTTTTGGAACATCGCGGGA,0,4310183
yadI_predicted,0.1,9,9,CTTTTAAAGGGTCATAGTGA,0,4343014
yadI_predicted,0.1,9,9,CTTTGTAGGGGCACCTGCAA,0,4347261
yadI_predicted,0.1,9,9,CTTTCTCGCTCGGCAACCCT,0,4356644
yadI_predicted,0.1,9,9,CTTTCCTGTCGGGAAGGATC,0,4300701
yadI_predicted,0.1,9,9,CTTTCAGAAATGATATGGCA,0,4284972
yadI_predicted,0.1,9,9,CTTGTGCGTCCTTGGTAAAG,0,4329943
yadI_predicted,0.1,9,9,CTTGGATTAGTGTCAGTCGT,0,4330897
yadI_predicted,0.1,9,9,CTTGGATCTGGCTTCGTTTA,0,4305464
yadI_predicted,0.1,9,9,CTTGGAATCTGCGGCTGTGT,0,4293359
yadI_predicted,0.1,9,9,CTTGCGTCTGAAGGACAGCA,0,4297643
yadI_predicted,0.1,9,9,CTTGCCTATAATGCCACGCG,0,4354561
yadI_predicted,0.1,9,9,CTTCCGTAGGCGTGAAAATC,0,4293757
yadI_predicted,0.1,9,9,CTTCACTCTCGTAGCCGGAC,0,4322834
yadI_predicted,0.1,9,9,CTTCAAATACTAAATGCGAT,0,4289817
yadI_predicted,0.1,9,9,CTTATTGGACAAAACCACAG,0,4327977
yadI_predicted,0.1,9,9,CTTAGGGTTTAAACGTAGGT,0,4303991
yadI_predicted,0.1,9,9,CTTAATTGGAAGATTCCGGG,0,4344964
yadI_predicted,0.1,9,9,CTTAAGCCTCGAATCTGATA,0,4330773
yadI_predicted,0.1,9,9,CTTAAAAGCGCCTCCAAGCT,0,4288085
yadI_predicted,0.1,9,9,CTGTTAGTACTAGGAGAGCT,0,4346651
yadI_predicted,0.1,9,9,CTGTGTGACCGCGCTAGTGA,0,4316555
yadI_predicted,0.1,9,9,CTGTGCTGGTTCCGGCACGT,0,4314883
yadI_predicted,0.1,9,9,CTGTCCTATCTTGACTCGTA,0,4308299
yadI_predicted,0.1,9,9,CTGGTGGTATCAACTATGCT,0,4351438
yadI_predicted,0.1,9,9,CTGGAGATAGCCGCGACGCA,0,4299648
yadI_predicted,0.1,9,9,CTGCTTGGAGGCTACACGCA,0,4337434
yadI_predicted,0.1,9,9,CTGCCGGGGCATGGAGTTGC,0,4325750
yadI_predicted,0.1,9,9,CTGATAGTGGTGCGGTGCGT,0,4369210
yadI_predicted,0.1,9,9,CTGAACGCCTGCTATCAGCT,0,4353895
yadI_predicted,0.1,9,9,CTCTTATGCGGTCGGTTGGT,0,4301892
yadI_predicted,0.1,9,9,CTCTCGAGAGACAAACGATA,0,4341380
yadI_predicted,0.1,9,9,CTCTCGAACTACACAACCTT,0,4366079
yadI_predicted,0.1,9,9,CTCGGGTGGCGCGGCAAGGC,0,4351736
yadI_predicted,0.1,9,9,CTCGCGCCTTGCTGGCCCCA,0,4311850
yadI_predicted,0.1,9,9,CTCCCGGGTAGACGCCGGCA,0,4289540
yadI_predicted,0.1,9,9,CTCCATTACCCACAGTTTGT,0,4366305
yadI_predicted,0.1,9,9,CTCCAACTGGGTCATTTGCT,0,4300997
yadI_predicted,0.1,9,9,CTCCAAAGAGAGTTCATGTA,0,4354248
yadI_predicted,0.1,9,9,CTCATTTATCGACAGGTAGA,0,4332883
yadI_predicted,0.1,9,9,CTCATCAAGAATAACGGTCT,0,4330138
yadI_predicted,0.1,9,9,CTCAATTCAAGTCTCAGACC,0,4340236
yadI_predicted,0.1,9,9,CTCAATGAGTGAGCCTAGAC,0,4296028
yadI_predicted,0.1,9,9,CTATGTTAACGCCGTGCCCG,0,4339879
yadI_predicted,0.1,9,9,CTATGGCGATAGAGGCGTCT,0,4308732
yadI_predicted,0.1,9,9,CTATGCGGTGGGTCCGACTT,0,4306090
yadI_predicted,0.1,9,9,CTATCATGGTAATTCGTAAA,0,4366985
yadI_predicted,0.1,9,9,CTATATGGTAGGATATCTAC,0,4358090
yadI_predicted,0.1,9,9,CTAGTGTCCGGGTTCGAGCT,0,4334054
yadI_predicted,0.1,9,9,CTAGTGCACTTTAAACTCTG,0,4354200
yadI_predicted,0.1,9,9,CTACTCACGCCCTTCTCAAA,0,4295948
yadI_predicted,0.1,9,9,CTACGGGCCAAGCACTGTCT,0,4332334
yadI_predicted,0.1,9,9,CTACCAGCCTCGAGCATAGT,0,4338790
yadI_predicted,0.1,9,9,CTAATCGATTTGGACTATGT,0,4309865
yadI_predicted,0.1,9,9,CTAAGGGTCAATCGGCTCCA,0,4318489
yadI_predicted,0.1,9,9,CTAACTCGGTTAACTGCCGT,0,4321698
yadI_predicted,0.1,9,9,CTAACTAAATGGTCCATTAT,0,4343221
yadI_predicted,0.1,9,9,CGTTATAACCTGTTCACGGT,0,4340843
yadI_predicted,0.1,9,9,CGTTAAGTTGGCTTTACTGA,0,4295842
yadI_predicted,0.1,9,9,CGTGTATTGTTAGCAGAAGG,0,4338770
yadI_predicted,0.1,9,9,CGTGGGAGGGTTTAATCTGT,0,4362409
yadI_predicted,0.1,9,9,CGTGCTATTCCCAGCCCCGT,0,4337627
yadI_predicted,0.1,9,9,CGTCTATGCTAAGCTATTTC,0,4337911
yadI_predicted,0.1,9,9,CGTCGGATTAGAAACGCAAT,0,4290917
yadI_predicted,0.1,9,9,CGTCATGGCTGAAACATTAT,0,4307619
yadI_predicted,0.1,9,9,CGTCAAGCCGCTCTATCGTG,0,4306677
yadI_predicted,0.1,9,9,CGGTGACTTGGCAAGGTAGT,0,4331017
yadI_predicted,0.1,9,9,CGGTATCAATGCATGCTAAA,0,4327108
yadI_predicted,0.1,9,9,CGGTACCGCTCCCGTTTCGG,0,4302896
yadI_predicted,0.1,9,9,CGGGTGGGGCCAACGAAAAT,0,4342575
yadI_predicted,0.1,9,9,CGGGTGAGCATGCTAGCTGC,0,4369231
yadI_predicted,0.1,9,9,CGGGGTATTGCAGGACGCTG,0,4337999
yadI_predicted,0.1,9,9,CGGGGGGCAACGCTGGACGC,0,4351960
yadI_predicted,0.1,9,9,CGGGCCGGCACGACCCGTTC,0,4309255
yadI_predicted,0.1,9,9,CGGGACTGCTTGGGACGCTA,0,4297546
yadI_predicted,0.1,9,9,CGGGACTCCAGCCGGTTAGA,0,4286588
yadI_predicted,0.1,9,9,CGGGACTAAATGTGTGGGAG,0,4325146
yadI_predicted,0.1,9,9,CGGGAAGGCCCTAACGCTTG,0,4336711
yadI_predicted,0.1,9,9,CGGCGAGTTTCCCGCCTAAC,0,4306856
yadI_predicted,0.1,9,9,CGGATTTAAAACATCGTCGG,0,4302953
yadI_predicted,0.1,9,9,CGGATGTTTATAATTCAAGC,0,4362106
yadI_predicted,0.1,9,9,CGGATCTACTGGCTTGCAAC,0,4313489
yadI_predicted,0.1,9,9,CGGACTAGGTTTCAGGGAAG,0,4290902
yadI_predicted,0.1,9,9,CGGACCGGGCTCCCACTACA,0,4360152
yadI_predicted,0.1,9,9,CGGACCGCATTGACCCGGCG,0,4314297
yadI_predicted,0.1,9,9,CGGACAAGTATTAGGTTGGT,0,4348532
yadI_predicted,0.1,9,9,CGCTTCTTTGGATCGGAACC,0,4339638
yadI_predicted,0.1,9,9,CGCTGGCTTGGGGCTCGTGT,0,4339310
yadI_predicted,0.1,9,9,CGCTGCATCCCGGCACCCTC,0,4314103
yadI_predicted,0.1,9,9,CGCGTACTCCGCTCGCGGAA,0,4356708
yadI_predicted,0.1,9,9,CGCGCAATTAGTCATCTATA,0,4345058
yadI_predicted,0.1,9,9,CGCGAGCGTCCCTCGTATTA,0,4342535
yadI_predicted,0.1,9,9,CGCCTAGTGCACGCATTATG,0,4299410
yadI_predicted,0.1,9,9,CGCCGTACGCACTGGGCGTC,0,4330631
yadI_predicted,0.1,9,9,CGCCCGATTTCTGAACTTCA,0,4290063
yadI_predicted,0.1,9,9,CGCCAAACGAGTCAATCGTC,0,4297071
yadI_predicted,0.1,9,9,CGCATTCGGAAGTCTTTCTC,0,4336796
yadI_predicted,0.1,9,9,CGCAGTACACTCGTTCGAAA,0,4290339
yadI_predicted,0.1,9,9,CGATGGTGTTGAGTGTACTG,0,4355137
yadI_predicted,0.1,9,9,CGATGCGCGAACCTCTCAAT,0,4363040
yadI_predicted,0.1,9,9,CGATGCAAGTCCCCCTCCCC,0,4295880
yadI_predicted,0.1,9,9,CGATCACATCCCTATCTCAT,0,4339306
yadI_predicted,0.1,9,9,CGAGTACACGACAGTAATTA,0,4313281
yadI_predicted,0.1,9,9,CGACTTTTGGCGTCCGAACA,0,4334231
yadI_predicted,0.1,9,9,CGACTTCGACAGGTACGCAG,0,4311726
yadI_predicted,0.1,9,9,CGACATCTACCTGATGACCG,0,4324679
yadI_predicted,0.1,9,9,CGACAGCAGCGGCCGTTGAT,0,4328253
yadI_predicted,0.1,9,9,CGAATGCAAAGCACGGCTGC,0,4348844
yadI_predicted,0.1,9,9,CGAAGTCAACCTTGACGAGA,0,4300207
yadI_predicted,0.1,9,9,CGAAACCAACGTTAGACAGC,0,4313860
yadI_predicted,0.1,9,9,CCTTGTGGATGATGTGCGCA,0,4321739
yadI_predicted,0.1,9,9,CCTTGGTCCATTGCACCCTT,0,4316664
yadI_predicted,0.1,9,9,CCTTGGCAGCGCTTCACTTT,0,4348194
yadI_predicted,0.1,9,9,CCTTCGGATAAGCCACAATT,0,4319229
yadI_predicted,0.1,9,9,CCTGTGAGAGGCCCATCTAA,0,4310006
yadI_predicted,0.1,9,9,CCTGTAGATAAGTAACAACT,0,4311672
yadI_predicted,0.1,9,9,CCTGGGTAAGGCGGGTTCCG,0,4368505
yadI_predicted,0.1,9,9,CCTGGGAGTTCTTAGTAATG,0,4330688
yadI_predicted,0.1,9,9,CCTGGGAAGTGGGAAGGACT,0,4321013
yadI_predicted,0.1,9,9,CCTGCCAATGATTTTTGTAC,0,4353684
yadI_predicted,0.1,9,9,CCTGAAAAAATGTATGAAAA,0,4343288
yadI_predicted,0.1,9,9,CCTCTTCGTAGTCTTCGAAC,0,4338833
yadI_predicted,0.1,9,9,CCTCGTCACCCGGGTTCGAA,0,4366526
yadI_predicted,0.1,9,9,CCTCCCGCGACATGCAGCCA,0,4320868
yadI_predicted,0.1,9,9,CCTCAGCGCCTCACCGATCC,0,4366957
yadI_predicted,0.1,9,9,CCTATTGTGTGTTGCTGACT,0,4306225
yadI_predicted,0.1,9,9,CCTAGTACAAATAACGCGAT,0,4361481
yadI_predicted,0.1,9,9,CCTACGGGATATTGAGTACC,0,4312374
yadI_predicted,0.1,9,9,CCGTTTCACTCTGCGCGAGG,0,4285832
yadI_predicted,0.1,9,9,CCGTTGGTGGCGCGCTGCCT,0,4317853
yadI_predicted,0.1,9,9,CCGTTATGCAAAGCTTCGTA,0,4295031
yadI_predicted,0.1,9,9,CCGTGTAGGTCAGAATCGTC,0,4362021
yadI_predicted,0.1,9,9,CCGTGAAGTGCCTTGAACAT,0,4344484
yadI_predicted,0.1,9,9,CCGTCGAACCGATGGTTAGA,0,4330851
yadI_predicted,0.1,9,9,CCGTATCCTCTTGGTTGGGT,0,4298743
yadI_predicted,0.1,9,9,CCGGGTACGAATCTTAACAG,0,4351898
yadI_predicted,0.1,9,9,CCGGCGTTAGGCCAATTTGT,0,4303558
yadI_predicted,0.1,9,9,CCGGCGGCGATAAATCTGGA,0,4347987
yadI_predicted,0.1,9,9,CCGGAGGCCGGGCTATAGTC,0,4320558
yadI_predicted,0.1,9,9,CCGCACGTTTTACTGTCATC,0,4356188
yadI_predicted,0.1,9,9,CCGCACACGTGGAACGGTAA,0,4324241
yadI_predicted,0.1,9,9,CCGATTGGTCCCTGAGAGTC,0,4360440
yadI_predicted,0.1,9,9,CCCTTTCATCCCATTGGAGA,0,4319764
yadI_predicted,0.1,9,9,CCCGTAAGAGGATACCGAAA,0,4343863
yadI_predicted,0.1,9,9,CCCGATAAATTGGCTGATGA,0,4332753
yadI_predicted,0.1,9,9,CCCGAACTACGATCAACATG,0,4297629
yadI_predicted,0.1,9,9,CCCCTAAGTTTGGGCAATGG,0,4288576
yadI_predicted,0.1,9,9,CCCCCGTAGGCGCGATTGAA,0,4346089
yadI_predicted,0.1,9,9,CCCCAAGCACCATGTATTAG,0,4303895
yadI_predicted,0.1,9,9,CCCAGAATAACGACATGCCA,0,4289991
yadI_predicted,0.1,9,9,CCATTTAGAGCACGCGATGC,0,4287785
yadI_predicted,0.1,9,9,CCATCCTGCTTGCCAGCAAA,0,4287705
yadI_predicted,0.1,9,9,CCAGACCAATTCAAGGCGCC,0,4296173
yadI_predicted,0.1,9,9,CCACTTTTAGTTCTTGGAGC,0,4364685
yadI_predicted,0.1,9,9,CCACGTGACGACCCAGGAGC,0,4367761
yadI_predicted,0.1,9,9,CCACCCGCGAATGGAAGGCC,0,4349068
yadI_predicted,0.1,9,9,CCACATGTGCTGAGTGACGC,0,4285467
yadI_predicted,0.1,9,9,CCAATGCTAACACCGTCTGG,0,4356206
yadI_predicted,0.1,9,9,CCAAGTCCAGAAGAATTTAT,0,4319077
yadI_predicted,0.1,9,9,CATTTTTTGAAGCACCGAGT,0,4355939
yadI_predicted,0.1,9,9,CATTTTGTACGGTTCCCACC,0,4353768
yadI_predicted,0.1,9,9,CATTGCATATGAGAAAGAAT,0,4309026
yadI_predicted,0.1,9,9,CATTGCACGGTGGCTTATTA,0,4292675
yadI_predicted,0.1,9,9,CATGTTTTGGGCTTATAGTA,0,4291330
yadI_predicted,0.1,9,9,CATGTTCCAGGCCAAAGGAG,0,4366548
yadI_predicted,0.1,9,9,CATGCTTAAATCGCTGTAGA,0,4332948
yadI_predicted,0.1,9,9,CATCCACACCGGGGTTCAAT,0,4369473
yadI_predicted,0.1,9,9,CATCAATGCCTAGTCTCACT,0,4360309
yadI_predicted,0.1,9,9,CATAAGATTTCGAGGGGTTG,0,4304995
yadI_predicted,0.1,9,9,CATAAAGGTAAGCTGGCTTG,0,4301066
yadI_predicted,0.1,9,9,CAGTTAGGCGAAAAGTCAGT,0,4324456
yadI_predicted,0.1,9,9,CAGTGATCCTATCAACCGCT,0,4351316
yadI_predicted,0.1,9,9,CAGTCCCTACTCCATCATGT,0,4322443
yadI_predicted,0.1,9,9,CAGTCAAAAATAATTCCGTC,0,4294211
yadI_predicted,0.1,9,9,CAGTATTACAAGAATAAATT,0,4312645
yadI_predicted,0.1,9,9,CAGTATGTAGAACTATATAC,0,4310924
yadI_predicted,0.1,9,9,CAGTACTGGCCCTCGCTGCA,0,4297543
yadI_predicted,0.1,9,9,CAGTACGGGGGACGGAGACA,0,4337358
yadI_predicted,0.1,9,9,CAGGTGTCCAATTGCGCATG,0,4352707
yadI_predicted,0.1,9,9,CAGGTCCGGGTTACTACCGG,0,4351608
yadI_predicted,0.1,9,9,CAGGCGGGCTATTTCAGCAG,0,4321378
yadI_predicted,0.1,9,9,CAGGATGGAATCACACGCTA,0,4316049
yadI_predicted,0.1,9,9,CAGGAAGCAAAATGATCAGA,0,4342858
yadI_predicted,0.1,9,9,CAGCTGACTACAGGATCGGT,0,4329862
yadI_predicted,0.1,9,9,CAGCGGTATATGGTCCACGG,0,4309368
yadI_predicted,0.1,9,9,CAGCGATCACCCACGGATAC,0,4361837
yadI_predicted,0.1,9,9,CAGATAAACGATGATTCTCT,0,4326111
yadI_predicted,0.1,9,9,CAGACCGTCAACTATTACTA,0,4357814
yadI_predicted,0.1,9,9,CAGAATCTACGGATAGCTGT,0,4319147
yadI_predicted,0.1,9,9,CACTCGAAGTTTTCGCCATA,0,4352934
yadI_predicted,0.1,9,9,CACTCCGTGCCAGCCCATGC,0,4344626
yadI_predicted,0.1,9,9,CACGGTCACGTCGCTCGAGG,0,4284754
yadI_predicted,0.1,9,9,CACGGCGAAACTAATTTCGA,0,4344843
yadI_predicted,0.1,9,9,CACGACGCAGTTCGTTTACG,0,4334228
yadI_predicted,0.1,9,9,CACGACCGCGAGATTTGCCC,0,4301145
yadI_predicted,0.1,9,9,CACCTATAGGATTTTAGCCA,0,4344475
yadI_predicted,0.1,9,9,CACCGATCCTTGAGAAAGAA,0,4317726
yadI_predicted,0.1,9,9,CACCCGCCAGATAACGGGTA,0,4335790
yadI_predicted,0.1,9,9,CACACTGTGACACTGCGGCG,0,4322728
yadI_predicted,0.1,9,9,CACAATTCTGAGTGGCCAGG,0,4344691
yadI_predicted,0.1,9,9,CACAACCGCAGACTGCGTGG,0,4312683
yadI_predicted,0.1,9,9,CAATTCTGGGACTTCTTCGA,0,4311719
yadI_predicted,0.1,9,9,CAATGTACGCCACATATGCT,0,4346637
yadI_predicted,0.1,9,9,CAATATTTTAGGCAGAGGCC,0,4338702
yadI_predicted,0.1,9,9,CAATAGGTCTTCTACGAACG,0,4345904
yadI_predicted,0.1,9,9,CAATAGAATCCGGTTTCGGG,0,4367066
yadI_predicted,0.1,9,9,CAAGTTTGTAGAAACTAGGA,0,4301999
yadI_predicted,0.1,9,9,CAAGTTATGCGACGCTGGTG,0,4330837
yadI_predicted,0.1,9,9,CAAGGTTCGGTGCGTGCGGT,0,4301053
yadI_predicted,0.1,9,9,CAACTCGCTTTATTCCTTTG,0,4362550
yadI_predicted,0.1,9,9,CAACGGAGGCTTCGAGAATA,0,4361638
yadI_predicted,0.1,9,9,CAACGGAGCTGGAGGGACTC,0,4349938
yadI_predicted,0.1,9,9,CAAACATAACGATGCAAGCT,0,4324451
yadI_predicted,0.1,9,9,ATTTGTGACTACTTACCTAC,0,4335918
yadI_predicted,0.1,9,9,ATTTGGAAAGCTAACTTAAG,0,4341446
yadI_predicted,0.1,9,9,ATTTATCAAACAGATGGGAG,0,4327232
yadI_predicted,0.1,9,9,ATTTAGGTCCGGTTATGGAA,0,4335807
yadI_predicted,0.1,9,9,ATTTAACACGCACTAGAATA,0,4334176
yadI_predicted,0.1,9,9,ATTGGTGGTCAGTGCGCCAA,0,4312214
yadI_predicted,0.1,9,9,ATTGGCGCGTAGAGTCCGCC,0,4318777
yadI_predicted,0.1,9,9,ATTGACGTTGTGTCCGTACG,0,4334730
yadI_predicted,0.1,9,9,ATTGAAGCCCTCAAACACCT,0,4355283
yadI_predicted,0.1,9,9,ATTCTATCTAGGGCCGGCCT,0,4365915
yadI_predicted,0.1,9,9,ATTCGTTATACGTCGCATTC,0,4362016
yadI_predicted,0.1,9,9,ATTCGTGAGCTGGAATAGGT,0,4298845
yadI_predicted,0.1,9,9,ATTAGTAGCGTCTGGAGTGC,0,4298485
yadI_predicted,0.1,9,9,ATTAGCCGATGGGTTGTATA,0,4336533
yadI_predicted,0.1,9,9,ATTACCACCCGTGCCTTGTA,0,4317899
yadI_predicted,0.1,9,9,ATTAAACGTGGTCGTCACTG,0,4290889
yadI_predicted,0.1,9,9,ATGTGGCGAGGGCCTTATAG,0,4308122
yadI_predicted,0.1,9,9,ATGTCGGCCAGGACGTACCT,0,4293284
yadI_predicted,0.1,9,9,ATGGTCCTTAGGATTATCAT,0,4316363
yadI_predicted,0.1,9,9,ATGGGGCTGCCAGCATCGAA,0,4322515
yadI_predicted,0.1,9,9,ATGGCCACGTGGTTAGCCTT,0,4299513
yadI_predicted,0.1,9,9,ATGGATAACTAGGTATTGTC,0,4291686
yadI_predicted,0.1,9,9,ATGCTATTCTAAGAGTAGTA,0,4320329
yadI_predicted,0.1,9,9,ATGCAATATAGGCAAGATCC,0,4310993
yadI_predicted,0.1,9,9,ATGAGTTTCAACTGCGCGAT,0,4299830
yadI_predicted,0.1,9,9,ATGAGGGGGGCAATCCCAAA,0,4354666
yadI_predicted,0.1,9,9,ATGAGAGAGCGCGCGGAATC,0,4354385
yadI_predicted,0.1,9,9,ATGACAAACTAGCGTATGCA,0,4292561
yadI_predicted,0.1,9,9,ATCTCCGTCAGATGAATACC,0,4315861
yadI_predicted,0.1,9,9,ATCTCATGGTTATGGCTTTG,0,4355151
yadI_predicted,0.1,9,9,ATCTCAGTTGTTATGTGCTG,0,4290479
yadI_predicted,0.1,9,9,ATCTCACGTCCAATGTTGGG,0,4352722
yadI_predicted,0.1,9,9,ATCGTCATCTGACCCGAGGT,0,4300112
yadI_predicted,0.1,9,9,ATCGGCCCCCGGTCTGGTTT,0,4343572
yadI_predicted,0.1,9,9,ATCCGAACCACAGTACAGTC,0,4349888
yadI_predicted,0.1,9,9,ATCCCAACTTCTTCCCTCCT,0,4365250
yadI_predicted,0.1,9,9,ATCCAGGGTCCATGCGCCAG,0,4352985
yadI_predicted,0.1,9,9,ATCAGTAAGTATGGGGACTT,0,4318778
yadI_predicted,0.1,9,9,ATCAACGGAATTTATGTTCC,0,4315699
yadI_predicted,0.1,9,9,ATATGGGTATACAAGCGCGT,0,4301965
yadI_predicted,0.1,9,9,ATATCTTCTCAGAGGCGGAT,0,4289347
yadI_predicted,0.1,9,9,ATATCCGGAGGCGGGAGTGG,0,4305905
yadI_predicted,0.1,9,9,ATAGTTAGGGGTATGTGTCA,0,4292583
yadI_predicted,0.1,9,9,ATAGATTTCCTTGGTCCGAA,0,4353904
yadI_predicted,0.1,9,9,ATACGAGCCCAGTACCGACG,0,4305843
yadI_predicted,0.1,9,9,ATACGAGATCAAAGAACTTA,0,4291832
yadI_predicted,0.1,9,9,ATACACGAAATGTATCATCT,0,4333325
yadI_predicted,0.1,9,9,ATAAGGGACACTCGAAGGTC,0,4287883
yadI_predicted,0.1,9,9,ATAAGACTATAATAAATATT,0,4338969
yadI_predicted,0.1,9,9,ATAACCTATCGTGGGGCGGT,0,4315772
yadI_predicted,0.1,9,9,ATAACATTTGCCACGGCTGG,0,4364177
yadI_predicted,0.1,9,9,AGTTTTTCATGCGGTCTTCT,0,4294509
yadI_predicted,0.1,9,9,AGTTTGGGAGGTATAAGACT,0,4295208
yadI_predicted,0.1,9,9,AGTTTAGTACTTTAAATTCT,0,4322635
yadI_predicted,0.1,9,9,AGTTGTCGCCACATCGCACG,0,4307415
yadI_predicted,0.1,9,9,AGTGTTTTTCTTAGCTAAGC,0,4297756
yadI_predicted,0.1,9,9,AGTGGTCCAGAACCTTACCA,0,4288231
yadI_predicted,0.1,9,9,AGTCGTGCCATAGAGCGTGT,0,4289080
yadI_predicted,0.1,9,9,AGTCGAGGAGGATCCTGACG,0,4330880
yadI_predicted,0.1,9,9,AGTCGAGAGTCTTGATTCGA,0,4339752
yadI_predicted,0.1,9,9,AGTCCAGACCCGGTATGCAA,0,4313863
yadI_predicted,0.1,9,9,AGTCATGATCGGCGCAATAA,0,4343955
yadI_predicted,0.1,9,9,AGTAGTTGTCATCTCACAAG,0,4341286
yadI_predicted,0.1,9,9,AGTAGATCTCTTTGCTTAAT,0,4364468
yadI_predicted,0.1,9,9,AGTACATTAGGGTTATCAGG,0,4287077
yadI_predicted,0.1,9,9,AGTAAGACCGGGAGTCCTAT,0,4343532
yadI_predicted,0.1,9,9,AGGTTTGACGTCCGTTCTCG,0,4366201
yadI_predicted,0.1,9,9,AGGTTGACAGGCCGTGGAGA,0,4291629
yadI_predicted,0.1,9,9,AGGTGGGTAGATCGTTAGCA,0,4353721
yadI_predicted,0.1,9,9,AGGGTTTACGTCATTCGAGA,0,4330482
yadI_predicted,0.1,9,9,AGGGTCCGCATGTGTCAATT,0,4292983
yadI_predicted,0.1,9,9,AGGGTATTGACTCCGTTGTA,0,4306411
yadI_predicted,0.1,9,9,AGGGCGTCTACTCACTCGGA,0,4313336
yadI_predicted,0.1,9,9,AGGGAGGTTGCGTTTTATCC,0,4366167
yadI_predicted,0.1,9,9,AGGCTGATAACATTATTCAG,0,4318314
yadI_predicted,0.1,9,9,AGGCTCCTGTTGTCTAAGTG,0,4364899
yadI_predicted,0.1,9,9,AGGCCTTGGTCAAGAGTGGT,0,4308111
yadI_predicted,0.1,9,9,AGGCCTTATAGCGCAGGTAT,0,4322367
yadI_predicted,0.1,9,9,AGGCCCCGACGATGTGCACT,0,4336538
yadI_predicted,0.1,9,9,AGGCCATGGGGGTCTGACAT,0,4310765
yadI_predicted,0.1,9,9,AGGCACCCTACGTGCACTTA,0,4303291
yadI_predicted,0.1,9,9,AGGATAATCCAGGTCTCGCT,0,4307527
yadI_predicted,0.1,9,9,AGGACTTGGGACGCCCGTTT,0,4305770
yadI_predicted,0.1,9,9,AGGAAACAAGGTCGTTTAGT,0,4331070
yadI_predicted,0.1,9,9,AGGAAAAGGCTTATGATTTA,0,4356231
yadI_predicted,0.1,9,9,AGCTTGTGACGGCTACGTCC,0,4311100
yadI_predicted,0.1,9,9,AGCTTGCCTATTAGGCCGGT,0,4348755
yadI_predicted,0.1,9,9,AGCTTAGGCAGTGAGCCCCG,0,4336851
yadI_predicted,0.1,9,9,AGCTGGGCCACGTGTGCACG,0,4326774
yadI_predicted,0.1,9,9,AGCTCCTAATTTATTCGTAC,0,4352042
yadI_predicted,0.1,9,9,AGCTAGGCCAATAGTGAACT,0,4363413
yadI_predicted,0.1,9,9,AGCGGGTCTGGATGTTACAA,0,4354144
yadI_predicted,0.1,9,9,AGCGCTTTTCCCCGAAGTTA,0,4321463
yadI_predicted,0.1,9,9,AGCGCCACTTCCTGGCTCAG,0,4301607
yadI_predicted,0.1,9,9,AGCGCACTCGACAGCATAGT,0,4348226
yadI_predicted,0.1,9,9,AGCGCACTAATTCCAACCCA,0,4351110
yadI_predicted,0.1,9,9,AGCCTGGGAGGAGCGCCTCA,0,4322730
yadI_predicted,0.1,9,9,AGCCTCTACTCTGGTTGCAG,0,4296036
yadI_predicted,0.1,9,9,AGCCGTGCGAAGGCCGAATA,0,4347269
yadI_predicted,0.1,9,9,AGCCATTGGTAGTATCATAA,0,4315305
yadI_predicted,0.1,9,9,AGCATGGCCCGGTGGGTTGC,0,4293147
yadI_predicted,0.1,9,9,AGCAGGGTTTGCATACCCGA,0,4307593
yadI_predicted,0.1,9,9,AGCAGGCGCGTGCACTTGCA,0,4315231
yadI_predicted,0.1,9,9,AGCAGCCTACAAAGATGGGA,0,4328988
yadI_predicted,0.1,9,9,AGCACCGACTTCACAAGGAG,0,4328935
yadI_predicted,0.1,9,9,AGCACCAAATATGGGGCATT,0,4321949
yadI_predicted,0.1,9,9,AGATTAAGCGTTCGTTAAAA,0,4290346
yadI_predicted,0.1,9,9,AGATCTGTTGCTCGTTATAT,0,4313789
yadI_predicted,0.1,9,9,AGATCGGCCTAGCGGACCGC,0,4319557
yadI_predicted,0.1,9,9,AGATCCATTTCCTCACCGAC,0,4285126
yadI_predicted,0.1,9,9,AGATCCATGGCATATGGCTG,0,4321275
yadI_predicted,0.1,9,9,AGATAGAAAAGACCTCGATC,0,4329716
yadI_predicted,0.1,9,9,AGATAAATTCGTTAGGGGCT,0,4293914
yadI_predicted,0.1,9,9,AGAGTTTGTATTCCGCCTTG,0,4352951
yadI_predicted,0.1,9,9,AGAGTACCGAACTGGGCGGA,0,4311962
yadI_predicted,0.1,9,9,AGAGGGGAAGGGCTCGCCAT,0,4298936
yadI_predicted,0.1,9,9,AGAGATCGACGGGCTCGCGC,0,4295892
yadI_predicted,0.1,9,9,AGAGACTACCGGCATGTATG,0,4316451
yadI_predicted,0.1,9,9,AGAGACGGCCGCGGAAGGTT,0,4309164
yadI_predicted,0.1,9,9,AGACTATTTACAATTGCTTA,0,4296965
yadI_predicted,0.1,9,9,AGACACGCGTTTAAATCATT,0,4291986
yadI_predicted,0.1,9,9,AGAATGGTCATCGTCGGACT,0,4354922
yadI_predicted,0.1,9,9,AGAATAGTCAAGGGAATACA,0,4356370
yadI_predicted,0.1,9,9,AGAAGCGATTAGATTGATGC,0,4354786
yadI_predicted,0.1,9,9,AGAACCTTGACGTCTGGGGC,0,4314764
yadI_predicted,0.1,9,9,ACTTTCGGGTCCCTAAGTTT,0,4358617
yadI_predicted,0.1,9,9,ACTTTCGGATCTCCGAGTCT,0,4338197
yadI_predicted,0.1,9,9,ACTTGTCTGTATGGCCCTCA,0,4305135
yadI_predicted,0.1,9,9,ACTTGGACGCGCCACGGATT,0,4309373
yadI_predicted,0.1,9,9,ACTGGTGTAGTTGAAGTTGT,0,4321669
yadI_predicted,0.1,9,9,ACTCTACCCAGCGCGAGTAC,0,4287230
yadI_predicted,0.1,9,9,ACTCGGGCAAGTAGCCCGCG,0,4319703
yadI_predicted,0.1,9,9,ACTCGGAGACAAGGCCGTCG,0,4320728
yadI_predicted,0.1,9,9,ACTACCGTGCATGAGGTCTA,0,4314886
yadI_predicted,0.1,9,9,ACTACAAGTGAGTTCCCGTA,0,4300281
yadI_predicted,0.1,9,9,ACGTTTGCCGAAGACTCGTA,0,4297265
yadI_predicted,0.1,9,9,ACGTCTGGAGTGGCATTGCT,0,4341594
yadI_predicted,0.1,9,9,ACGTACATCGCGCTGCAGGA,0,4356817
yadI_predicted,0.1,9,9,ACGGGTAAACCACGACCGCC,0,4349697
yadI_predicted,0.1,9,9,ACGCGCGGTGGGTATTCACG,0,4291233
yadI_predicted,0.1,9,9,ACGCAGCGGAGCTCATTCTA,0,4338016
yadI_predicted,0.1,9,9,ACGATTGTTCCCGATCCACT,0,4308171
yadI_predicted,0.1,9,9,ACGATATGATTTCATGGTGT,0,4327867
yadI_predicted,0.1,9,9,ACGACTGCAGGGGAACACGA,0,4316301
yadI_predicted,0.1,9,9,ACCTTCTCCTGGTGATCGCG,0,4291966
yadI_predicted,0.1,9,9,ACCTTATTATTCTCTTTAAT,0,4287770
yadI_predicted,0.1,9,9,ACCTAGCTCCTCATTTTGCA,0,4287417
yadI_predicted,0.1,9,9,ACCGGCATATGAATCAGTGT,0,4288167
yadI_predicted,0.1,9,9,ACCGCCGCTACCCCTACGGG,0,4357590
yadI_predicted,0.1,9,9,ACCGACGATTGATGAATGTT,0,4369124
yadI_predicted,0.1,9,9,ACCCTCTAAAGGCCTTATAA,0,4311613
yadI_predicted,0.1,9,9,ACCCGGTGTACTCTGCATTC,0,4338613
yadI_predicted,0.1,9,9,ACCACTCCAGAGATGTTCTT,0,4354529
yadI_predicted,0.1,9,9,ACCACGGGAGCCTAAATCCG,0,4360915
yadI_predicted,0.1,9,9,ACCAATGTCCCGATGCCGCG,0,4336550
yadI_predicted,0.1,9,9,ACATTTACATCATCGGCCGA,0,4297375
yadI_predicted,0.1,9,9,ACATTACAGTCTCTTGGATA,0,4311705
yadI_predicted,0.1,9,9,ACATTAAATGTCCCGTAGTA,0,4352154
yadI_predicted,0.1,9,9,ACAGTGCGACGGCAAAAGAA,0,4365537
yadI_predicted,0.1,9,9,ACAGGTTTAAGCGGTTTTGA,0,4327511
yadI_predicted,0.1,9,9,ACAGGCTGTCCTAACGCGAA,0,4308428
yadI_predicted,0.1,9,9,ACAGGCTCGAAATTCGTTTA,0,4325794
yadI_predicted,0.1,9,9,ACAGCGGTTAATGTGATGGA,0,4336038
yadI_predicted,0.1,9,9,ACAGAGGAGGCAACATAACT,0,4316458
yadI_predicted,0.1,9,9,ACAGACGGAGTACACGCGCC,0,4347739
yadI_predicted,0.1,9,9,ACACGTTTTTGTTCCACTGG,0,4295112
yadI_predicted,0.1,9,9,ACACGCCCTGCCCTGTCGGG,0,4362097
yadI_predicted,0.1,9,9,ACACCCCCAAGGGATTACAT,0,4316036
yadI_predicted,0.1,9,9,ACACAAGTAAGTTGACACGG,0,4331734
yadI_predicted,0.1,9,9,ACAATGAACTGGAAACGCTT,0,4364808
yadI_predicted,0.1,9,9,ACAAGGTGCAATTAGATCTT,0,4293371
yadI_predicted,0.1,9,9,ACAACCTTCCGCATCGCGGA,0,4311876
yadI_predicted,0.1,9,9,AATTCGATCTTCGGAGGTTA,0,4309670
yadI_predicted,0.1,9,9,AATGTTTAACTCGACTTAGA,0,4314099
yadI_predicted,0.1,9,9,AATGGTGTATAGCTAAGTAC,0,4361597
yadI_predicted,0.1,9,9,AATGGTATAGCTTATAAGAC,0,4335655
yadI_predicted,0.1,9,9,AATGGGCAACCCCAGGGACA,0,4354461
yadI_predicted,0.1,9,9,AATGGCATCGGTTTGATGAC,0,4308356
yadI_predicted,0.1,9,9,AATGCTTGCGCGGTGTATCG,0,4322966
yadI_predicted,0.1,9,9,AATGCGACTAGGCCTTCGCT,0,4328635
yadI_predicted,0.1,9,9,AATGAAGGCGGGTCCCTCCG,0,4367456
yadI_predicted,0.1,9,9,AATCGGAGGGTGGAACGAAA,0,4287581
yadI_predicted,0.1,9,9,AATCATTAGTGGGGTTTGCG,0,4293823
yadI_predicted,0.1,9,9,AATCATGAAAGAGAGAGTTA,0,4360693
yadI_predicted,0.1,9,9,AATACGGGCTTCGACGTTAT,0,4287488
yadI_predicted,0.1,9,9,AAGTGTCCGTTTGGTCACGT,0,4331993
yadI_predicted,0.1,9,9,AAGTGTCCCTTTTCTTTAAC,0,4337823
yadI_predicted,0.1,9,9,AAGTACCGATCCTTAGTCCG,0,4305511
yadI_predicted,0.1,9,9,AAGGTTTGTTGTATTCCAAA,0,4342087
yadI_predicted,0.1,9,9,AAGGTTGGTCCAGTACTTAA,0,4298682
yadI_predicted,0.1,9,9,AAGGCTGTGACCACCAAAAT,0,4344221
yadI_predicted,0.1,9,9,AAGGCCCACAGGTGTAGGGG,0,4301767
yadI_predicted,0.1,9,9,AAGGCAAAGCCCCCACACTT,0,4311538
yadI_predicted,0.1,9,9,AAGCTTTAATGAAACGCCAA,0,4347492
yadI_predicted,0.1,9,9,AAGCTACATGACAATGATCC,0,4319945
yadI_predicted,0.1,9,9,AAGCGTTTGAAGGACAACCC,0,4345399
yadI_predicted,0.1,9,9,AAGCGTTCTTGATCTGGTAA,0,4290598
yadI_predicted,0.1,9,9,AAGCGGGTTAGTTTAATATA,0,4353891
yadI_predicted,0.1,9,9,AAGCGAGACTGTATGGACTG,0,4320118
yadI_predicted,0.1,9,9,AAGCCACGGATGGAAGATAT,0,4331920
yadI_predicted,0.1,9,9,AAGACGTGAGGTAGAGACGC,0,4316959
yadI_predicted,0.1,9,9,AAGAAGTAGCGACTCATGAC,0,4328389
yadI_predicted,0.1,9,9,AACTTGCGCTCTCAGCCTGT,0,4367300
yadI_predicted,0.1,9,9,AACTTCAAAGAAATCGCTCA,0,4362525
yadI_predicted,0.1,9,9,AACTAGTTCAGTATGGGGAT,0,4333585
yadI_predicted,0.1,9,9,AACGCTTTGGCCAGGTGGGC,0,4292200
yadI_predicted,0.1,9,9,AACGATACGGTTGATAAGTG,0,4342048
yadI_predicted,0.1,9,9,AACGAGCTTCTTTCACGACG,0,4308131
yadI_predicted,0.1,9,9,AACGAGATACAGGGAAAAAA,0,4336028
yadI_predicted,0.1,9,9,AACCTATGAAACTAGCGGCA,0,4302378
yadI_predicted,0.1,9,9,AACCCCACTAAGCAGCAATA,0,4337440
yadI_predicted,0.1,9,9,AACCCACGTATTGCGTCCTA,0,4291590
yadI_predicted,0.1,9,9,AAATTGTCTCCCGTAGATCG,0,4325827
yadI_predicted,0.1,9,9,AAATGTAACCAGTTAGTAAT,0,4346720
yadI_predicted,0.1,9,9,AAATCATTACATCAACCCGG,0,4291301
yadI_predicted,0.1,9,9,AAAGTTTTGAACAGCCCGAT,0,4347103
yadI_predicted,0.1,9,9,AAAGTGGGCCTTGACTGCCA,0,4326158
yadI_predicted,0.1,9,9,AAAGATAGGGAGGAGGTAAA,0,4332305
yadI_predicted,0.1,9,9,AAAGACGCGCTAGCCAGAGT,0,4315932
yadI_predicted,0.1,9,9,AAACTTCTCCCATTTGAAAG,0,4369388
yadI_predicted,0.1,9,9,AAACGATCACGAGGTTAAAC,0,4296906
yadI_predicted,0.1,9,9,AAACCGAACCCAAAAGGCTT,0,4292947
yadI_predicted,0.1,9,9,AAACAAGTGTGAGGGAACTT,0,4336752
yadI_predicted,0.1,9,9,AAAACGTACTCGTATCAATA,0,4367463
yadI_predicted,0.1,9,9,AAAAACTGCATAACAGTGTT,0,4295644
yadI_predicted,0.1111111111111111,8,8,TTTTCCAACGGATCATCTGC,0,4300334
yadI_predicted,0.1111111111111111,8,8,TTTTAATTGCTTTGTGTCCA,0,4314987
yadI_predicted,0.1111111111111111,8,8,TTTGTCTGCATATCCCTTTT,0,4345727
yadI_predicted,0.1111111111111111,8,8,TTTGGTGCAAGTGATCTCAT,0,4307985
yadI_predicted,0.1111111111111111,8,8,TTTGGCGCTATCCGGGCAAT,0,4295712
yadI_predicted,0.1111111111111111,8,8,TTTGAGCCAGCAGAATAGAA,0,4297540
yadI_predicted,0.1111111111111111,8,8,TTTCCATTCAAGCAGGCACA,0,4346529
yadI_predicted,0.1111111111111111,8,8,TTTCATTTGATTGCCAAACG,0,4292809
yadI_predicted,0.1111111111111111,8,8,TTTACGACTATCCCGATCAT,0,4308594
yadI_predicted,0.1111111111111111,8,8,TTTAAAGGATAGCGGGGGCG,0,4306972
yadI_predicted,0.1111111111111111,8,8,TTGTGGCTGGTATAGTACAT,0,4290839
yadI_predicted,0.1111111111111111,8,8,TTGTCCCACTTGTTACCGAC,0,4362574
yadI_predicted,0.1111111111111111,8,8,TTGTACCGTTTTCAACGGGA,0,4353625
yadI_predicted,0.1111111111111111,8,8,TTGTAAAATGCGTTACAAAA,0,4285210
yadI_predicted,0.1111111111111111,8,8,TTGGTCGGTCCGTGTTTTTC,0,4287418
yadI_predicted,0.1111111111111111,8,8,TTGGGACACGTTTGTGTTAT,0,4364364
yadI_predicted,0.1111111111111111,8,8,TTGGGAAGTTCTCCAATGTC,0,4350538
yadI_predicted,0.1111111111111111,8,8,TTGGCGAAGTTGGTTTCTCG,0,4307791
yadI_predicted,0.1111111111111111,8,8,TTGCGTAAGGGGACTGCGCA,0,4297174
yadI_predicted,0.1111111111111111,8,8,TTGATTTACATTGTTCGAGA,0,4350363
yadI_predicted,0.1111111111111111,8,8,TTGACAAGGATATTGAGATA,0,4359412
yadI_predicted,0.1111111111111111,8,8,TTCTTGTACATATCATTGGC,0,4345118
yadI_predicted,0.1111111111111111,8,8,TTCTGCGGGCTTGGCGGATG,0,4338207
yadI_predicted,0.1111111111111111,8,8,TTCTCGTTGGTTGAATTTTG,0,4328627
yadI_predicted,0.1111111111111111,8,8,TTCGGACCTTATTGACCCTA,0,4294195
yadI_predicted,0.1111111111111111,8,8,TTCGGACCACCGAGCCACGG,0,4320281
yadI_predicted,0.1111111111111111,8,8,TTCGCGTGATGTTAAAGCCC,0,4317885
yadI_predicted,0.1111111111111111,8,8,TTCGCATCACTTTAAACACT,0,4293625
yadI_predicted,0.1111111111111111,8,8,TTCGCAGCATGACAAGTGGT,0,4335499
yadI_predicted,0.1111111111111111,8,8,TTCCGGTGGACATTCAACCA,0,4337036
yadI_predicted,0.1111111111111111,8,8,TTCCGGAGGCTTACCATGAT,0,4296218
yadI_predicted,0.1111111111111111,8,8,TTCCGACGCAAGATGGTATC,0,4313692
yadI_predicted,0.1111111111111111,8,8,TTCCCCTGCCGTCCGCAACG,0,4327853
yadI_predicted,0.1111111111111111,8,8,TTCCCATCTCAATGAATTCA,0,4363190
yadI_predicted,0.1111111111111111,8,8,TTCCCACACGGGGAGCGGTT,0,4340931
yadI_predicted,0.1111111111111111,8,8,TTCCACTCCCCAAGGGATTA,0,4296397
yadI_predicted,0.1111111111111111,8,8,TTCATTAAAACGTCAGTGTA,0,4343258
yadI_predicted,0.1111111111111111,8,8,TTCATCCCCCGACATTGTAC,0,4288676
yadI_predicted,0.1111111111111111,8,8,TTCACATGAGTGAGCGTTTC,0,4344008
yadI_predicted,0.1111111111111111,8,8,TTCAAGAGATCCACAAAATC,0,4314197
yadI_predicted,0.1111111111111111,8,8,TTCAACTTGTATTCCGGCGA,0,4340719
yadI_predicted,0.1111111111111111,8,8,TTCAACTATCTTGACGATCG,0,4336005
yadI_predicted,0.1111111111111111,8,8,TTATTAACACGATTCGATAT,0,4368131
yadI_predicted,0.1111111111111111,8,8,TTATAGCGTTCGGAACCGCG,0,4292176
yadI_predicted,0.1111111111111111,8,8,TTATAACGTGCCCAGTATTT,0,4307028
yadI_predicted,0.1111111111111111,8,8,TTATAAAACGTAGCTGGCTT,0,4354783
yadI_predicted,0.1111111111111111,8,8,TTAGTGGGGTCCCGGACGAT,0,4330273
yadI_predicted,0.1111111111111111,8,8,TTAGTGCGTCCTGCGCCGTG,0,4316818
yadI_predicted,0.1111111111111111,8,8,TTAGGGCCGCTGCTTGTCTA,0,4308361
yadI_predicted,0.1111111111111111,8,8,TTAGGCAAAAGGGGCGAGCC,0,4326728
yadI_predicted,0.1111111111111111,8,8,TTAGATATCCGGTGTTCATT,0,4289377
yadI_predicted,0.1111111111111111,8,8,TTACGGGAACGCACCACAGT,0,4310589
yadI_predicted,0.1111111111111111,8,8,TTACCTCATTTATCAGCGGA,0,4299190
yadI_predicted,0.1111111111111111,8,8,TTAAGGACTTGGAGTACGAA,0,4357430
yadI_predicted,0.1111111111111111,8,8,TTAACTAATATGGTTAATTG,0,4329997
yadI_predicted,0.1111111111111111,8,8,TTAAAAGGCAAGGACTACTC,0,4296396
yadI_predicted,0.1111111111111111,8,8,TGTTTCAGTCTTCAGTTTAG,0,4305791
yadI_predicted,0.1111111111111111,8,8,TGTTGCAAGGCACGTAAGCG,0,4327965
yadI_predicted,0.1111111111111111,8,8,TGTTGAATTTTCAGGTTTTA,0,4297545
yadI_predicted,0.1111111111111111,8,8,TGTTCTTCTGGAAATAGCAG,0,4284163
yadI_predicted,0.1111111111111111,8,8,TGTTCAGCGGGGAACCTACC,0,4326253
yadI_predicted,0.1111111111111111,8,8,TGTGGGTCTTTTCTATCGGC,0,4344798
yadI_predicted,0.1111111111111111,8,8,TGTCGTCCAGGCAAATCCCG,0,4308113
yadI_predicted,0.1111111111111111,8,8,TGTCCGTTGAAATGTCACCT,0,4322312
yadI_predicted,0.1111111111111111,8,8,TGTATTCGGTAACAGCCCAT,0,4294322
yadI_predicted,0.1111111111111111,8,8,TGTATAGGCTGTGGAACTGG,0,4302705
yadI_predicted,0.1111111111111111,8,8,TGTACCTTCATCTTATTAGG,0,4317431
yadI_predicted,0.1111111111111111,8,8,TGTAATACGTCGTCAAACAG,0,4366841
yadI_predicted,0.1111111111111111,8,8,TGTAAACACCCGACGTCTTT,0,4344203
yadI_predicted,0.1111111111111111,8,8,TGGTCTTAAAGCAATTACAC,0,4350780
yadI_predicted,0.1111111111111111,8,8,TGGTCTCAGTGAAGTGCCGT,0,4327203
yadI_predicted,0.1111111111111111,8,8,TGGTATCTCAATTTTTAAGG,0,4342232
yadI_predicted,0.1111111111111111,8,8,TGGGCATTGCCAGGCTTAGC,0,4335926
yadI_predicted,0.1111111111111111,8,8,TGGGATACTGTAGGCCTACT,0,4317865
yadI_predicted,0.1111111111111111,8,8,TGGCTTAACCGGCACGATTG,0,4346470
yadI_predicted,0.1111111111111111,8,8,TGGCTATTCCACTCTGACAT,0,4352073
yadI_predicted,0.1111111111111111,8,8,TGGCGTTGCATCAAGTTATC,0,4366970
yadI_predicted,0.1111111111111111,8,8,TGGAGTTTACGGCAAACCCA,0,4358954
yadI_predicted,0.1111111111111111,8,8,TGGACTTCCATGCTATCGAG,0,4353129
yadI_predicted,0.1111111111111111,8,8,TGGACTCTTAATAGGAATAA,0,4364600
yadI_predicted,0.1111111111111111,8,8,TGGACTATGGTCTGACAAGT,0,4334992
yadI_predicted,0.1111111111111111,8,8,TGGACGGTTTATTACCCCGT,0,4342469
yadI_predicted,0.1111111111111111,8,8,TGGAACGTCGTCTGTCAACG,0,4365750
yadI_predicted,0.1111111111111111,8,8,TGGAACGAGTTGCCCTCTAA,0,4345783
yadI_predicted,0.1111111111111111,8,8,TGGAAAGAAATCGCGGGAAG,0,4327590
yadI_predicted,0.1111111111111111,8,8,TGGAAAAGGAATCCAGTACC,0,4316300
yadI_predicted,0.1111111111111111,8,8,TGCTGGCTCCGACAGCCCTG,0,4351076
yadI_predicted,0.1111111111111111,8,8,TGCTCTCTCGGCCTTCAATG,0,4319045
yadI_predicted,0.1111111111111111,8,8,TGCTATCCTTACAAGAGGGG,0,4336599
yadI_predicted,0.1111111111111111,8,8,TGCGTGACGGCCGTCTTCGT,0,4359650
yadI_predicted,0.1111111111111111,8,8,TGCGTAATAGTTTTTGTGAT,0,4302814
yadI_predicted,0.1111111111111111,8,8,TGCCTGCCCAGAGTTCTTGA,0,4318548
yadI_predicted,0.1111111111111111,8,8,TGCCGGAGAGGGTGATGTGT,0,4367680
yadI_predicted,0.1111111111111111,8,8,TGCCGAGAGACCAGGTAATT,0,4327760
yadI_predicted,0.1111111111111111,8,8,TGCCATTTGAACCCTGCAAA,0,4324500
yadI_predicted,0.1111111111111111,8,8,TGCATCGGGATATCTGAAAA,0,4349807
yadI_predicted,0.1111111111111111,8,8,TGCAGGTAATAGCTACGCTT,0,4362959
yadI_predicted,0.1111111111111111,8,8,TGCACGTATCAGGCCAGTCG,0,4365452
yadI_predicted,0.1111111111111111,8,8,TGCACACCCTGTGTGTTTCA,0,4318524
yadI_predicted,0.1111111111111111,8,8,TGATTGCTACCCCCAATTCA,0,4351843
yadI_predicted,0.1111111111111111,8,8,TGATTCGGGTAGCACTAGAA,0,4327216
yadI_predicted,0.1111111111111111,8,8,TGATCCACCGGGCTGGAGAT,0,4326003
yadI_predicted,0.1111111111111111,8,8,TGATACTGCCGTTTAGGTGT,0,4355843
yadI_predicted,0.1111111111111111,8,8,TGATAAGACCGAAGCGATCT,0,4358359
yadI_predicted,0.1111111111111111,8,8,TGAGTTGACGAGGGTGCCAA,0,4349957
yadI_predicted,0.1111111111111111,8,8,TGAGTAGGAAATAAGGACTT,0,4343446
yadI_predicted,0.1111111111111111,8,8,TGAGTAATGTAATTGTATGT,0,4343100
yadI_predicted,0.1111111111111111,8,8,TGAGGTACACTAGGTGCCAG,0,4337488
yadI_predicted,0.1111111111111111,8,8,TGAGCGGCGCATAGGGAGTT,0,4301621
yadI_predicted,0.1111111111111111,8,8,TGAGAAACGGAGTAAACTTC,0,4302644
yadI_predicted,0.1111111111111111,8,8,TGACGTCTATTCTAATAATG,0,4354216
yadI_predicted,0.1111111111111111,8,8,TGACACGAGTCTAACTACGG,0,4345767
yadI_predicted,0.1111111111111111,8,8,TGAATAGCCTGTTCGCAAGA,0,4341453
yadI_predicted,0.1111111111111111,8,8,TGAACTGTGGGTTTCTTCCA,0,4311140
yadI_predicted,0.1111111111111111,8,8,TGAAATTGCTAGTAGTGAAC,0,4313702
yadI_predicted,0.1111111111111111,8,8,TGAAAATGCCAAGTGTAATT,0,4294830
yadI_predicted,0.1111111111111111,8,8,TCTTGTAGGACGCGTCACGA,0,4330824
yadI_predicted,0.1111111111111111,8,8,TCTTGGAAGCCCTCCATAGT,0,4362996
yadI_predicted,0.1111111111111111,8,8,TCTTCTTGGAACACCGTTCT,0,4296956
yadI_predicted,0.1111111111111111,8,8,TCTTCTAGTCTGGGACACTC,0,4319618
yadI_predicted,0.1111111111111111,8,8,TCTTACAGCAAGAACGTCTG,0,4352253
yadI_predicted,0.1111111111111111,8,8,TCTGGATCGGGTGGGATCTC,0,4344662
yadI_predicted,0.1111111111111111,8,8,TCTGAGTGGCGACGGGTGCA,0,4329737
yadI_predicted,0.1111111111111111,8,8,TCTCTAAGTACAAACCCCTG,0,4347489
yadI_predicted,0.1111111111111111,8,8,TCTCATGATAAGAATAGGCT,0,4361507
yadI_predicted,0.1111111111111111,8,8,TCTCATCTCGCCCGCCCAAT,0,4300279
yadI_predicted,0.1111111111111111,8,8,TCTCAGTTCGTATTTATGTT,0,4366106
yadI_predicted,0.1111111111111111,8,8,TCTATCCATAACATGCCTTT,0,4318360
yadI_predicted,0.1111111111111111,8,8,TCTAGCCTGTATTAAATTTA,0,4285599
yadI_predicted,0.1111111111111111,8,8,TCTACTTAGCGCCTTTGCAA,0,4342129
yadI_predicted,0.1111111111111111,8,8,TCTACACACAGGCTAGCTGC,0,4343457
yadI_predicted,0.1111111111111111,8,8,TCTACAATCTCCAGTATGAC,0,4347805
yadI_predicted,0.1111111111111111,8,8,TCTAATTTAGGCGTCGGATT,0,4357247
yadI_predicted,0.1111111111111111,8,8,TCGTCAGACCATCACCAAAG,0,4325808
yadI_predicted,0.1111111111111111,8,8,TCGGTGCCACCAGATTCGTT,0,4334161
yadI_predicted,0.1111111111111111,8,8,TCGGTCGGGTTACTGTCAAA,0,4337822
yadI_predicted,0.1111111111111111,8,8,TCGGTCGGGATATAATGAGT,0,4301338
yadI_predicted,0.1111111111111111,8,8,TCGGTCCAGCCAGGGGCGAA,0,4312525
yadI_predicted,0.1111111111111111,8,8,TCGGGTAAGGGCGACATCCG,0,4335216
yadI_predicted,0.1111111111111111,8,8,TCGGCTGTGCTTGATTAGGA,0,4316275
yadI_predicted,0.1111111111111111,8,8,TCGGCTCCCAAACTAAAAGA,0,4327870
yadI_predicted,0.1111111111111111,8,8,TCGGCACCACGGTTTACTAC,0,4318332
yadI_predicted,0.1111111111111111,8,8,TCGGATAATCACTGTGGTAG,0,4350929
yadI_predicted,0.1111111111111111,8,8,TCGGACCGCGTAAGCGATGT,0,4332884
yadI_predicted,0.1111111111111111,8,8,TCGATTCTGTTTTAGGCAGT,0,4287002
yadI_predicted,0.1111111111111111,8,8,TCGATAACTTATTAGTTTTT,0,4334784
yadI_predicted,0.1111111111111111,8,8,TCGAGATGCAGAGTGGAAAG,0,4368519
yadI_predicted,0.1111111111111111,8,8,TCGAACTCTAGGGATAATAC,0,4299842
yadI_predicted,0.1111111111111111,8,8,TCCTTCAAATCATGCGGTAC,0,4303604
yadI_predicted,0.1111111111111111,8,8,TCCGTAGAGCTAGTCGCAAC,0,4326100
yadI_predicted,0.1111111111111111,8,8,TCCGGAGCCACACTTGAGTC,0,4333954
yadI_predicted,0.1111111111111111,8,8,TCCGCTTTGGACAGAACACC,0,4343557
yadI_predicted,0.1111111111111111,8,8,TCCGACTCTTCCACCTTGTG,0,4339182
yadI_predicted,0.1111111111111111,8,8,TCCGAAGGGTGGGTGCTGGG,0,4296689
yadI_predicted,0.1111111111111111,8,8,TCCAGGAAAGACTACCCACG,0,4349603
yadI_predicted,0.1111111111111111,8,8,TCCACTTTATGAGCGGGAAC,0,4290597
yadI_predicted,0.1111111111111111,8,8,TCCACAAATCTCTGCCCCCG,0,4330228
yadI_predicted,0.1111111111111111,8,8,TCCAATACGCGTTGGGCGTA,0,4312295
yadI_predicted,0.1111111111111111,8,8,TCCAAGGGTCTCCCAAAGCA,0,4313335
yadI_predicted,0.1111111111111111,8,8,TCATTCGCGTAATCGATACT,0,4291088
yadI_predicted,0.1111111111111111,8,8,TCATGGCGGCCACACGTTGG,0,4286458
yadI_predicted,0.1111111111111111,8,8,TCATATTCTGCGAATATGGG,0,4309769
yadI_predicted,0.1111111111111111,8,8,TCATACGAGTTTTGCCGCGT,0,4296183
yadI_predicted,0.1111111111111111,8,8,TCAGTGGTAGTCTCAATCAT,0,4319342
yadI_predicted,0.1111111111111111,8,8,TCAGGTTCGTCCTGTTCGTG,0,4338907
yadI_predicted,0.1111111111111111,8,8,TCAGACCTTCTTTGCATGCA,0,4327392
yadI_predicted,0.1111111111111111,8,8,TCAGACCGGCCCGTATTCGC,0,4321206
yadI_predicted,0.1111111111111111,8,8,TCACATTCCTGTGGTTTCGA,0,4363542
yadI_predicted,0.1111111111111111,8,8,TCAATGAGTTACGTATTTCA,0,4305692
yadI_predicted,0.1111111111111111,8,8,TCAAATAGGCGTTAGTAAGA,0,4340211
yadI_predicted,0.1111111111111111,8,8,TCAAACACCCGGATTATTCA,0,4306960
yadI_predicted,0.1111111111111111,8,8,TATTGATCGCTCCTGCACGT,0,4317012
yadI_predicted,0.1111111111111111,8,8,TATGGGTCAAACTCTACGTA,0,4356862
yadI_predicted,0.1111111111111111,8,8,TATGCAAATCGACATGTGAT,0,4314741
yadI_predicted,0.1111111111111111,8,8,TATCGACGACATATAAACCG,0,4317031
yadI_predicted,0.1111111111111111,8,8,TATCCCAGACAGTTCTTTCC,0,4312871
yadI_predicted,0.1111111111111111,8,8,TATCCACGTTAGCTCCAGAG,0,4294426
yadI_predicted,0.1111111111111111,8,8,TATACGGCTGGACTGTGAGG,0,4300049
yadI_predicted,0.1111111111111111,8,8,TAGTTTTACTATATGCTCGG,0,4367948
yadI_predicted,0.1111111111111111,8,8,TAGGTATAATGCAACCGTAG,0,4334946
yadI_predicted,0.1111111111111111,8,8,TAGGCGTCTGCGCTTTGAAC,0,4360588
yadI_predicted,0.1111111111111111,8,8,TAGGATTCTTATTGATCGGG,0,4335497
yadI_predicted,0.1111111111111111,8,8,TAGGATGGACACAATGAGGT,0,4357840
yadI_predicted,0.1111111111111111,8,8,TAGCGTGAACATACGGCCGT,0,4311163
yadI_predicted,0.1111111111111111,8,8,TAGCGGTCAAAACTTAGGAC,0,4291820
yadI_predicted,0.1111111111111111,8,8,TAGCGGATAAGCCACTGGTT,0,4357988
yadI_predicted,0.1111111111111111,8,8,TAGCGCCCTCAAGGATTTGC,0,4299185
yadI_predicted,0.1111111111111111,8,8,TAGCCGATAGGACCGACGAC,0,4303648
yadI_predicted,0.1111111111111111,8,8,TAGCAGGTGCCCTTTCACTA,0,4356379
yadI_predicted,0.1111111111111111,8,8,TAGCACGCTTAACCATTCTT,0,4310273
yadI_predicted,0.1111111111111111,8,8,TAGATTCGGCGAGCACCTAT,0,4366295
yadI_predicted,0.1111111111111111,8,8,TAGAATCCTCTTGGCCAATC,0,4329346
yadI_predicted,0.1111111111111111,8,8,TAGAAATAAAACTCCAAGAT,0,4364096
yadI_predicted,0.1111111111111111,8,8,TACTGGCGTTAACTTGATGC,0,4335003
yadI_predicted,0.1111111111111111,8,8,TACTCTGCATACTATGGTAT,0,4363616
yadI_predicted,0.1111111111111111,8,8,TACTATCTCCGACGGGACAA,0,4307188
yadI_predicted,0.1111111111111111,8,8,TACGTGCGGACTCGAATAGG,0,4317438
yadI_predicted,0.1111111111111111,8,8,TACGATCGCTGTGAACCCAA,0,4327003
yadI_predicted,0.1111111111111111,8,8,TACGAGCCAATATCCTCTCA,0,4286510
yadI_predicted,0.1111111111111111,8,8,TACCCAATATCAAGAAGAGT,0,4339552
yadI_predicted,0.1111111111111111,8,8,TACCACATGGGCGGTTCGTA,0,4366744
yadI_predicted,0.1111111111111111,8,8,TACAGCTAGTTTGGTTTCGT,0,4364548
yadI_predicted,0.1111111111111111,8,8,TACAGCGCTGGACAGCCGAT,0,4320818
yadI_predicted,0.1111111111111111,8,8,TACACCTGTTTGTATACGGT,0,4339903
yadI_predicted,0.1111111111111111,8,8,TACAATGGTGGCAAGATTGC,0,4340135
yadI_predicted,0.1111111111111111,8,8,TAAGTACGGACGAATTCCTC,0,4306886
yadI_predicted,0.1111111111111111,8,8,TAAGGGGTTAATAGCACGCT,0,4367532
yadI_predicted,0.1111111111111111,8,8,TAAGGGGATTCCGCACTAAT,0,4317777
yadI_predicted,0.1111111111111111,8,8,TAAGCGCAAACGTCGTAGGT,0,4304442
yadI_predicted,0.1111111111111111,8,8,TAAGCCGAACAGGGCTATTC,0,4323445
yadI_predicted,0.1111111111111111,8,8,TAAGCCCATTATCCGGAGAC,0,4288911
yadI_predicted,0.1111111111111111,8,8,TAAGAGTGCCAACGCCCCTT,0,4367375
yadI_predicted,0.1111111111111111,8,8,TAACCGATATAATCCTCAAT,0,4351645
yadI_predicted,0.1111111111111111,8,8,TAAACTGGGTTCGAGCAGAC,0,4334948
yadI_predicted,0.1111111111111111,8,8,TAAAAAACGGCTTGCTGTTC,0,4298041
yadI_predicted,0.1111111111111111,8,8,GTTTTTGTCGGTTTTTCAAC,0,4286949
yadI_predicted,0.1111111111111111,8,8,GTTTTGGTGGCGGTACGGAA,0,4296297
yadI_predicted,0.1111111111111111,8,8,GTTGTTGGACGAGCGTCCCG,0,4310841
yadI_predicted,0.1111111111111111,8,8,GTTGTGGCTCCGTGCGTGTA,0,4346739
yadI_predicted,0.1111111111111111,8,8,GTTGGATTAGGGTCGCAAAT,0,4329008
yadI_predicted,0.1111111111111111,8,8,GTTGCAGACCATCATCCGCC,0,4317273
yadI_predicted,0.1111111111111111,8,8,GTTGATTATGACACAAAGAT,0,4302952
yadI_predicted,0.1111111111111111,8,8,GTTGATGTCTAGCCGCAACG,0,4369729
yadI_predicted,0.1111111111111111,8,8,GTTCTGATCTAAACTAGGAG,0,4361422
yadI_predicted,0.1111111111111111,8,8,GTTCCCGTTCGAGTTTTGGG,0,4300855
yadI_predicted,0.1111111111111111,8,8,GTTCATGGCACTGAAGGACA,0,4326451
yadI_predicted,0.1111111111111111,8,8,GTTCAATGGAATGTAACAAT,0,4363689
yadI_predicted,0.1111111111111111,8,8,GTTATTGGAGATGTAATATA,0,4310292
yadI_predicted,0.1111111111111111,8,8,GTTATGGTAAGAGATATGGC,0,4303975
yadI_predicted,0.1111111111111111,8,8,GTTATATAGCGTATGGGGAT,0,4310629
yadI_predicted,0.1111111111111111,8,8,GTTAGCGCTAGGTCGGACAT,0,4336906
yadI_predicted,0.1111111111111111,8,8,GTTAAAATGACTGCGGTTCT,0,4312143
yadI_predicted,0.1111111111111111,8,8,GTGTGGTTTGAATGAGCAAT,0,4294110
yadI_predicted,0.1111111111111111,8,8,GTGTGGAAGGTATGTGGGGC,0,4336013
yadI_predicted,0.1111111111111111,8,8,GTGTGCAAGAACAGCATTCG,0,4366637
yadI_predicted,0.1111111111111111,8,8,GTGTGATGGCGGTCAGAGTT,0,4357302
yadI_predicted,0.1111111111111111,8,8,GTGTCTTATTCTGCAGGCCA,0,4336648
yadI_predicted,0.1111111111111111,8,8,GTGGTCTGTAGGATCGGGTT,0,4345091
yadI_predicted,0.1111111111111111,8,8,GTGGTCTCGTATTGCGCCGA,0,4366476
yadI_predicted,0.1111111111111111,8,8,GTGGGTCCACACGTATTGAC,0,4300450
yadI_predicted,0.1111111111111111,8,8,GTGGGAACAACAGAGAACCT,0,4347090
yadI_predicted,0.1111111111111111,8,8,GTGGCCCGCGCTAGAATGGA,0,4367876
yadI_predicted,0.1111111111111111,8,8,GTGCTAGCTATAATATTGCA,0,4369399
yadI_predicted,0.1111111111111111,8,8,GTGCGCACGGGATGAAGGGT,0,4325863
yadI_predicted,0.1111111111111111,8,8,GTGCAGCGGGGTATTTTCAA,0,4354357
yadI_predicted,0.1111111111111111,8,8,GTGATAAAATAATCGCTCTG,0,4334183
yadI_predicted,0.1111111111111111,8,8,GTGACTGAGACAGCTCCTAC,0,4348430
yadI_predicted,0.1111111111111111,8,8,GTGAATAGCCCTGACTCCGG,0,4301108
yadI_predicted,0.1111111111111111,8,8,GTCTTTCGGAGCTGGGCATA,0,4366855
yadI_predicted,0.1111111111111111,8,8,GTCTTGGGCCGGTAACAACA,0,4362487
yadI_predicted,0.1111111111111111,8,8,GTCTGCAGGACCTAGGTCAG,0,4349316
yadI_predicted,0.1111111111111111,8,8,GTCTCTTTGGGCGTTAGGTA,0,4311862
yadI_predicted,0.1111111111111111,8,8,GTCTCAGAGCTAGATGACGT,0,4364396
yadI_predicted,0.1111111111111111,8,8,GTCGGTAAGCTTCCGGGTCG,0,4358775
yadI_predicted,0.1111111111111111,8,8,GTCGATTGCGCTACGGCGGG,0,4317149
yadI_predicted,0.1111111111111111,8,8,GTCGAGTTTTGGTAACAGCA,0,4295004
yadI_predicted,0.1111111111111111,8,8,GTCCGTACATTCCTTTAACT,0,4322681
yadI_predicted,0.1111111111111111,8,8,GTCCCTGGTCGCAACGTAGA,0,4334678
yadI_predicted,0.1111111111111111,8,8,GTCCAGCCCTGTCGTTACGC,0,4348162
yadI_predicted,0.1111111111111111,8,8,GTCATTAAGTTTTTTGGAAT,0,4294055
yadI_predicted,0.1111111111111111,8,8,GTCATACTTTTTGTCTCAGT,0,4367852
yadI_predicted,0.1111111111111111,8,8,GTCACATCGGTGTGGTGAGA,0,4354265
yadI_predicted,0.1111111111111111,8,8,GTCAATCTCAGTTGTTACAA,0,4357104
yadI_predicted,0.1111111111111111,8,8,GTATTCGTCTGGCCCATCGG,0,4305190
yadI_predicted,0.1111111111111111,8,8,GTATTCCACATATAGCTGGG,0,4362561
yadI_predicted,0.1111111111111111,8,8,GTATGTCAACGGAAGATTTG,0,4351167
yadI_predicted,0.1111111111111111,8,8,GTATACATTAGACATAATAA,0,4348210
yadI_predicted,0.1111111111111111,8,8,GTAGGGTACGTGATATAGAT,0,4354778
yadI_predicted,0.1111111111111111,8,8,GTAGGCATGAAACTTAAGGC,0,4359954
yadI_predicted,0.1111111111111111,8,8,GTAGGAGCTGCTAGTATTTC,0,4304239
yadI_predicted,0.1111111111111111,8,8,GTACGTTTACCCATGCTAGA,0,4339636
yadI_predicted,0.1111111111111111,8,8,GTACCTAGCCTGAGTACAAG,0,4345451
yadI_predicted,0.1111111111111111,8,8,GTACAGTAATGATGAAATTG,0,4333411
yadI_predicted,0.1111111111111111,8,8,GTACAGCGTTTGGTGAGACC,0,4330574
yadI_predicted,0.1111111111111111,8,8,GTACACGGGAGTACGGGCAC,0,4291649
yadI_predicted,0.1111111111111111,8,8,GTACACGCTACCACAAAAAG,0,4305195
yadI_predicted,0.1111111111111111,8,8,GTAATCTGCTCTTAAGGAAG,0,4328733
yadI_predicted,0.1111111111111111,8,8,GTAAGGGCTGCGGGTCAGAG,0,4355844
yadI_predicted,0.1111111111111111,8,8,GTAACTCTGGCTGGAAGAAA,0,4334952
yadI_predicted,0.1111111111111111,8,8,GTAACGAGGTACACTAACGT,0,4322520
yadI_predicted,0.1111111111111111,8,8,GTAACCTCCGCCTCCATCAA,0,4348316
yadI_predicted,0.1111111111111111,8,8,GTAAATATAGGCTTTCCCAT,0,4289550
yadI_predicted,0.1111111111111111,8,8,GTAAAGCCATGGGATCCGTT,0,4341530
yadI_predicted,0.1111111111111111,8,8,GGTTGTGTTGCCAGGGGGTG,0,4315186
yadI_predicted,0.1111111111111111,8,8,GGTTGGGAAATCTACTGTGA,0,4365461
yadI_predicted,0.1111111111111111,8,8,GGTTGCTAAGCGGGGTGGAT,0,4321648
yadI_predicted,0.1111111111111111,8,8,GGTTGCAGCTGACCAGAGAG,0,4345059
yadI_predicted,0.1111111111111111,8,8,GGTTCGGATAGATCTTGGGT,0,4297727
yadI_predicted,0.1111111111111111,8,8,GGTTCAGCAAGCCCTAATGC,0,4306627
yadI_predicted,0.1111111111111111,8,8,GGTTACGGGTCGGGGAAGCA,0,4303189
yadI_predicted,0.1111111111111111,8,8,GGTGACCCGAGTCTCGGATG,0,4294888
yadI_predicted,0.1111111111111111,8,8,GGTCGATTAGGCTGTACATT,0,4361771
yadI_predicted,0.1111111111111111,8,8,GGTCCGGTCACCCGGTAAAT,0,4295212
yadI_predicted,0.1111111111111111,8,8,GGTCCGGCAACAGGAGACTG,0,4330678
yadI_predicted,0.1111111111111111,8,8,GGTCATCCCAAACGACTGCT,0,4359463
yadI_predicted,0.1111111111111111,8,8,GGTATGGGACGAAACAACTT,0,4362608
yadI_predicted,0.1111111111111111,8,8,GGTATGCTTATAGACGGGAG,0,4299174
yadI_predicted,0.1111111111111111,8,8,GGTATCGGTTCACCTCGTCA,0,4327980
yadI_predicted,0.1111111111111111,8,8,GGTATATGGCTGTCCTGGTG,0,4296227
yadI_predicted,0.1111111111111111,8,8,GGTAGGTTGGGATAACGACG,0,4295439
yadI_predicted,0.1111111111111111,8,8,GGTAGGTCTATGTTGGCAGG,0,4344745
yadI_predicted,0.1111111111111111,8,8,GGTACTGAATCGGCCCTAGC,0,4338264
yadI_predicted,0.1111111111111111,8,8,GGTAACAACTCGGCTCCGAA,0,4360747
yadI_predicted,0.1111111111111111,8,8,GGGTCGTACTCATCCAGAAC,0,4328033
yadI_predicted,0.1111111111111111,8,8,GGGTCAATGAGCGCATGAGG,0,4291447
yadI_predicted,0.1111111111111111,8,8,GGGGTTAGTCCGTTTCGGCC,0,4317076
yadI_predicted,0.1111111111111111,8,8,GGGGGGCTGTAGGACCGACT,0,4305301
yadI_predicted,0.1111111111111111,8,8,GGGGCCCACACCACTCCTTG,0,4298305
yadI_predicted,0.1111111111111111,8,8,GGGGAAGATCTTAAATCAAT,0,4341629
yadI_predicted,0.1111111111111111,8,8,GGGCTAGGAAAGCCGCGAAC,0,4331080
yadI_predicted,0.1111111111111111,8,8,GGGCACAATTCCACGGTACT,0,4360425
yadI_predicted,0.1111111111111111,8,8,GGGCAAGGGAACGAACAGCG,0,4337450
yadI_predicted,0.1111111111111111,8,8,GGGATACATCACGCCTTGAG,0,4334895
yadI_predicted,0.1111111111111111,8,8,GGGATAACTTTAGTCAACTG,0,4297678
yadI_predicted,0.1111111111111111,8,8,GGGAGGGGCGACTCTAAATA,0,4349198
yadI_predicted,0.1111111111111111,8,8,GGGAACCTTGTCACGAGAGT,0,4360167
yadI_predicted,0.1111111111111111,8,8,GGGAAAATGAAGCAGGCCGT,0,4294372
yadI_predicted,0.1111111111111111,8,8,GGCTGCCAAACGGGGATCAG,0,4321150
yadI_predicted,0.1111111111111111,8,8,GGCTATCTTTCAGGGTTAAC,0,4343551
yadI_predicted,0.1111111111111111,8,8,GGCTACGTTCATGATGATCA,0,4322839
yadI_predicted,0.1111111111111111,8,8,GGCGTCCAGAGACGCCAGAT,0,4330452
yadI_predicted,0.1111111111111111,8,8,GGCGGTCAGAGCGCGTTCTC,0,4367207
yadI_predicted,0.1111111111111111,8,8,GGCGCTTCGACGACGTAGGA,0,4312843
yadI_predicted,0.1111111111111111,8,8,GGCGCGTTGGGGACACGCAA,0,4327468
yadI_predicted,0.1111111111111111,8,8,GGCGAATTTCTTGTAAGAAG,0,4308742
yadI_predicted,0.1111111111111111,8,8,GGCCTGATCATCTTTGACGG,0,4369554
yadI_predicted,0.1111111111111111,8,8,GGCCCCAGTGTTTGAACGTA,0,4313537
yadI_predicted,0.1111111111111111,8,8,GGCCATGGTAGTGCTGACCC,0,4351474
yadI_predicted,0.1111111111111111,8,8,GGCAGGTGACGCATAAGGTA,0,4296776
yadI_predicted,0.1111111111111111,8,8,GGCAGGAGATGGCAGGGGGG,0,4286258
yadI_predicted,0.1111111111111111,8,8,GGCAGAGCTTCCCGTGTATA,0,4364530
yadI_predicted,0.1111111111111111,8,8,GGCACTTTAATTTCGGCAGC,0,4323794
yadI_predicted,0.1111111111111111,8,8,GGCAACGATTCGATTCCGAT,0,4285365
yadI_predicted,0.1111111111111111,8,8,GGATTTTCTTGGTTCGGATG,0,4310761
yadI_predicted,0.1111111111111111,8,8,GGATTCCCGCACCTGATATC,0,4314680
yadI_predicted,0.1111111111111111,8,8,GGATCGATGGGACTAGGCTA,0,4295603
yadI_predicted,0.1111111111111111,8,8,GGATCATGATGTATTCGTTT,0,4298043
yadI_predicted,0.1111111111111111,8,8,GGATATGTCGGTCCATCGCT,0,4361283
yadI_predicted,0.1111111111111111,8,8,GGATATATCCCGGGACAGTT,0,4350422
yadI_predicted,0.1111111111111111,8,8,GGATAGCAAATTCCTCGGGC,0,4295517
yadI_predicted,0.1111111111111111,8,8,GGATAATCCTTATATCACGT,0,4295761
yadI_predicted,0.1111111111111111,8,8,GGATAACCTTCGAGCCATGC,0,4327528
yadI_predicted,0.1111111111111111,8,8,GGATAACCACAGAGCGGCGA,0,4310680
yadI_predicted,0.1111111111111111,8,8,GGAGTTCGTAAGGAAAGCTA,0,4316717
yadI_predicted,0.1111111111111111,8,8,GGAGCGCCTTTAACCAACGT,0,4363140
yadI_predicted,0.1111111111111111,8,8,GGACTGAGTACGTACGGCAG,0,4314357
yadI_predicted,0.1111111111111111,8,8,GGACGTACGAAAGTTACCAA,0,4357402
yadI_predicted,0.1111111111111111,8,8,GGACGGGGGTTGCATTGTCA,0,4288314
yadI_predicted,0.1111111111111111,8,8,GGACGCACCTCGGCAATGAA,0,4291753
yadI_predicted,0.1111111111111111,8,8,GGAATGTATGTAGTCGTCTG,0,4317113
yadI_predicted,0.1111111111111111,8,8,GGAAGGACCGCGCTGGGTCA,0,4328285
yadI_predicted,0.1111111111111111,8,8,GGAACCACCAGGGTACATCC,0,4318421
yadI_predicted,0.1111111111111111,8,8,GGAAAGTGTGTAGAACTGCA,0,4320484
yadI_predicted,0.1111111111111111,8,8,GGAAACCAAATATGCCAGGC,0,4323353
yadI_predicted,0.1111111111111111,8,8,GCTTTTCTTGTGATTAGGTC,0,4343154
yadI_predicted,0.1111111111111111,8,8,GCTTTTCGCTTTGGTGATAC,0,4297038
yadI_predicted,0.1111111111111111,8,8,GCTTGTCCCACTACACAAAC,0,4338688
yadI_predicted,0.1111111111111111,8,8,GCTTGGCTTGCATAGTCAAT,0,4288177
yadI_predicted,0.1111111111111111,8,8,GCTTCGGTGGGCCGGAGAGT,0,4361333
yadI_predicted,0.1111111111111111,8,8,GCTTCGATCCCCGGGGGCTC,0,4355735
yadI_predicted,0.1111111111111111,8,8,GCTGGAATTTGACCTTTCCC,0,4308843
yadI_predicted,0.1111111111111111,8,8,GCTGATCCAGCCCTCATTAG,0,4357635
yadI_predicted,0.1111111111111111,8,8,GCTCCGGATAGGAAGCACCA,0,4294205
yadI_predicted,0.1111111111111111,8,8,GCTCCCAACGCGCCATACGG,0,4351446
yadI_predicted,0.1111111111111111,8,8,GCTCATGGGTTCTATGAGTC,0,4293752
yadI_predicted,0.1111111111111111,8,8,GCTCATAAATGGGTTTAAGA,0,4313986
yadI_predicted,0.1111111111111111,8,8,GCTCAAAAGGTCACGTGATC,0,4340270
yadI_predicted,0.1111111111111111,8,8,GCTATATGAGGCAAATGGGT,0,4286250
yadI_predicted,0.1111111111111111,8,8,GCTAGGAACTTGTCAAGAAG,0,4363691
yadI_predicted,0.1111111111111111,8,8,GCTACTAGCCGTCTGCAGTT,0,4315083
yadI_predicted,0.1111111111111111,8,8,GCTAAGCCATTGACATGACC,0,4293180
yadI_predicted,0.1111111111111111,8,8,GCGTTTTCCCTAGAAAAAAT,0,4359439
yadI_predicted,0.1111111111111111,8,8,GCGTTTAGTCGGACGCTCCA,0,4296133
yadI_predicted,0.1111111111111111,8,8,GCGTTATACTTTACATATCC,0,4305225
yadI_predicted,0.1111111111111111,8,8,GCGTGGCACAGTGGGCGTTC,0,4291603
yadI_predicted,0.1111111111111111,8,8,GCGTACGGGCGAGTTCGATA,0,4293716
yadI_predicted,0.1111111111111111,8,8,GCGTAAAAGAGGGTGGTCGT,0,4330506
yadI_predicted,0.1111111111111111,8,8,GCGGTCTACAGGGTCTCAAG,0,4293988
yadI_predicted,0.1111111111111111,8,8,GCGGTCACACACGTAGGTTA,0,4330972
yadI_predicted,0.1111111111111111,8,8,GCGGTCAACAACTTCTGGCA,0,4330242
yadI_predicted,0.1111111111111111,8,8,GCGGGGGCTGGTCCCTAAGA,0,4323286
yadI_predicted,0.1111111111111111,8,8,GCGGAGTAAGAAAAGCATAA,0,4298028
yadI_predicted,0.1111111111111111,8,8,GCGGAGCAGGGGGATAGGAA,0,4350910
yadI_predicted,0.1111111111111111,8,8,GCGCAGTGTCAAGGTAAGTC,0,4288019
yadI_predicted,0.1111111111111111,8,8,GCGCACCCCACTAAAGACGC,0,4326595
yadI_predicted,0.1111111111111111,8,8,GCGCAAGGACTTGTTCAAAA,0,4291444
yadI_predicted,0.1111111111111111,8,8,GCGATTGAAAGTTCTGCTAG,0,4346885
yadI_predicted,0.1111111111111111,8,8,GCGACACTCTAGCCATCACC,0,4298079
yadI_predicted,0.1111111111111111,8,8,GCGAATTGCAAATGGTCGGC,0,4293600
yadI_predicted,0.1111111111111111,8,8,GCGAAATCATCTGCGCTGTG,0,4290070
yadI_predicted,0.1111111111111111,8,8,GCCTTATAAAGATCAGAACC,0,4300401
yadI_predicted,0.1111111111111111,8,8,GCCTCATACGCCCCGGGCCA,0,4324991
yadI_predicted,0.1111111111111111,8,8,GCCTACACTACCACTTTATG,0,4289039
yadI_predicted,0.1111111111111111,8,8,GCCGTACACCGAATTTGTTC,0,4287238
yadI_predicted,0.1111111111111111,8,8,GCCGACCGAAGTAAGAGTCA,0,4322944
yadI_predicted,0.1111111111111111,8,8,GCCGACACGTCAGCACAGTC,0,4362804
yadI_predicted,0.1111111111111111,8,8,GCCCTGGATTTCAAATGGTC,0,4355768
yadI_predicted,0.1111111111111111,8,8,GCCCGTGGGTAATTACTGAT,0,4296641
yadI_predicted,0.1111111111111111,8,8,GCCCGTCGCGCTGGAGCAAA,0,4359536
yadI_predicted,0.1111111111111111,8,8,GCCCGGGGTGCAATCGCCTC,0,4286005
yadI_predicted,0.1111111111111111,8,8,GCCCGGACTGATACTCTCAT,0,4349659
yadI_predicted,0.1111111111111111,8,8,GCCCGCGATAGAGATTGCCC,0,4319632
yadI_predicted,0.1111111111111111,8,8,GCCCGATCCCGGTTCTCCAA,0,4328463
yadI_predicted,0.1111111111111111,8,8,GCCCCGGGCGCGGCTATCGA,0,4337453
yadI_predicted,0.1111111111111111,8,8,GCCCCACCACCCGGGACCCG,0,4314616
yadI_predicted,0.1111111111111111,8,8,GCCACTTTAGACATCGCTCC,0,4293807
yadI_predicted,0.1111111111111111,8,8,GCCACTTGCGTCCATGCGCT,0,4363554
yadI_predicted,0.1111111111111111,8,8,GCCACGCGAGCCGTAACCCT,0,4353656
yadI_predicted,0.1111111111111111,8,8,GCCAAAAGACGCAACAGGAA,0,4312164
yadI_predicted,0.1111111111111111,8,8,GCATATCAGGCCCATATGCA,0,4294615
yadI_predicted,0.1111111111111111,8,8,GCATAGGCCTAAGAAGTTAT,0,4284467
yadI_predicted,0.1111111111111111,8,8,GCAGGTGGGATCTAAGAGTG,0,4315662
yadI_predicted,0.1111111111111111,8,8,GCAGGGTGTCGGGGCTACGT,0,4313288
yadI_predicted,0.1111111111111111,8,8,GCAGGAACGGGTGACACCCA,0,4293492
yadI_predicted,0.1111111111111111,8,8,GCAGATAACTCCTCTCGTCC,0,4354516
yadI_predicted,0.1111111111111111,8,8,GCAGACTCGCGGGTATGAGT,0,4365270
yadI_predicted,0.1111111111111111,8,8,GCAGAATATCTGTCGTCCAG,0,4348698
yadI_predicted,0.1111111111111111,8,8,GCACTTTGGGGGGAGTCTAG,0,4296614
yadI_predicted,0.1111111111111111,8,8,GCACTCCGGCTCAAATCCTG,0,4304991
yadI_predicted,0.1111111111111111,8,8,GCACGTTATTTTTGGATCCG,0,4295975
yadI_predicted,0.1111111111111111,8,8,GCACAGACCTTACCGCCCCG,0,4325454
yadI_predicted,0.1111111111111111,8,8,GCAATTTACTCACGCTCTAA,0,4320377
yadI_predicted,0.1111111111111111,8,8,GCAATAGGCCCGCAGCAGAG,0,4351267
yadI_predicted,0.1111111111111111,8,8,GCAAGTATGTAACACGCGCA,0,4365213
yadI_predicted,0.1111111111111111,8,8,GCAACTCTGGCATTACTTCG,0,4286804
yadI_predicted,0.1111111111111111,8,8,GCAACGTGGAGCGCAGCTCG,0,4365247
yadI_predicted,0.1111111111111111,8,8,GCAACGCAAGCCCATAGCCT,0,4314345
yadI_predicted,0.1111111111111111,8,8,GCAAAGATGCGGCTTGAGAG,0,4357118
yadI_predicted,0.1111111111111111,8,8,GATTTATCAAAGTATATCCG,0,4319400
yadI_predicted,0.1111111111111111,8,8,GATTGGGGCTAGAGAATCGC,0,4290018
yadI_predicted,0.1111111111111111,8,8,GATTGAGGTCTAGTCTAGAA,0,4358453
yadI_predicted,0.1111111111111111,8,8,GATTAATTGTAAGATTTACT,0,4296439
yadI_predicted,0.1111111111111111,8,8,GATGGGCCGGGTTTTCCCAG,0,4323195
yadI_predicted,0.1111111111111111,8,8,GATGACATTCCTGACGGGGG,0,4295022
yadI_predicted,0.1111111111111111,8,8,GATCTGATCAGCCTATGCAG,0,4291798
yadI_predicted,0.1111111111111111,8,8,GATCGCTGGATAAGGTATTG,0,4288078
yadI_predicted,0.1111111111111111,8,8,GATCCTGGTTTATTCCTTGG,0,4310036
yadI_predicted,0.1111111111111111,8,8,GATCATATCTACGTACCGTT,0,4309599
yadI_predicted,0.1111111111111111,8,8,GATACAACCCTTTGGACTAT,0,4355580
yadI_predicted,0.1111111111111111,8,8,GAGTTTTTTTTCACGGTTGC,0,4306996
yadI_predicted,0.1111111111111111,8,8,GAGTTAGGGAGTAATCGAGG,0,4315460
yadI_predicted,0.1111111111111111,8,8,GAGTGGCGGCCATCAGGGGA,0,4325941
yadI_predicted,0.1111111111111111,8,8,GAGTGGAGCAGCCATTACCT,0,4331894
yadI_predicted,0.1111111111111111,8,8,GAGGATATCGCGGTAGTTGT,0,4326828
yadI_predicted,0.1111111111111111,8,8,GAGCCTTCAAACGAACGTAT,0,4320965
yadI_predicted,0.1111111111111111,8,8,GAGCCCGCTATCCCTTTATT,0,4288793
yadI_predicted,0.1111111111111111,8,8,GAGATACCGCAGTCAATCGG,0,4361128
yadI_predicted,0.1111111111111111,8,8,GAGAGATCGGCTGGTTGGCC,0,4352954
yadI_predicted,0.1111111111111111,8,8,GACTGCGCCCAATATCGTCG,0,4330870
yadI_predicted,0.1111111111111111,8,8,GACTATGTACGGGCTATTCC,0,4296948
yadI_predicted,0.1111111111111111,8,8,GACTAACGCAGTACATAATG,0,4318871
yadI_predicted,0.1111111111111111,8,8,GACGTTATGAGCTATATGGT,0,4356228
yadI_predicted,0.1111111111111111,8,8,GACGGGGCTCCAGCGGCTGC,0,4299118
yadI_predicted,0.1111111111111111,8,8,GACCTCTACACCGGCTCTAG,0,4317060
yadI_predicted,0.1111111111111111,8,8,GACCGCGTTCCGATATGCCC,0,4323733
yadI_predicted,0.1111111111111111,8,8,GACCGCGGTAGGAATACTTA,0,4334537
yadI_predicted,0.1111111111111111,8,8,GACCCCTGGTGTCTGCCAGT,0,4285870
yadI_predicted,0.1111111111111111,8,8,GACCACTTTCGCCAAATGAG,0,4328314
yadI_predicted,0.1111111111111111,8,8,GACAGCCCGGCAGTAACAAG,0,4353715
yadI_predicted,0.1111111111111111,8,8,GACAATGCATCTACGACTTA,0,4325666
yadI_predicted,0.1111111111111111,8,8,GACAAGGCTCATTGGAACAA,0,4332717
yadI_predicted,0.1111111111111111,8,8,GACAAACAAGGCGAGTAATC,0,4335477
yadI_predicted,0.1111111111111111,8,8,GAATTAAACGAAGTCTTAGG,0,4316066
yadI_predicted,0.1111111111111111,8,8,GAATATGATACTTGTTCGAT,0,4350259
yadI_predicted,0.1111111111111111,8,8,GAAGTTTCCCCTCTTTGGTC,0,4315430
yadI_predicted,0.1111111111111111,8,8,GAAGGGACGTAACTAGGAGG,0,4316122
yadI_predicted,0.1111111111111111,8,8,GAAGCCAAGAGCCCGCCTCC,0,4305979
yadI_predicted,0.1111111111111111,8,8,GAACAGGCCCTGTGTGGTAC,0,4294567
yadI_predicted,0.1111111111111111,8,8,GAAACCGCGCGGTTGGCATG,0,4325222
yadI_predicted,0.1111111111111111,8,8,GAAAAACTGGGGGGGAGGCT,0,4290232
yadI_predicted,0.1111111111111111,8,8,CTTTGGAATCGTACCTGGCA,0,4311502
yadI_predicted,0.1111111111111111,8,8,CTTTCCTACATTTGCAAGCA,0,4291298
yadI_predicted,0.1111111111111111,8,8,CTTTCCGACGGGTGAATTTT,0,4292937
yadI_predicted,0.1111111111111111,8,8,CTTTCAGCCAGAGACTTCAT,0,4321442
yadI_predicted,0.1111111111111111,8,8,CTTTATTGTACCACAAGATA,0,4319033
yadI_predicted,0.1111111111111111,8,8,CTTGTCTGGGAGTATTAACA,0,4352808
yadI_predicted,0.1111111111111111,8,8,CTTGGGTGTTCTCAAGGCAA,0,4346486
yadI_predicted,0.1111111111111111,8,8,CTTGCGCCCGTAGACAAACC,0,4342023
yadI_predicted,0.1111111111111111,8,8,CTTCGGTGGAGCATGGAGGG,0,4290248
yadI_predicted,0.1111111111111111,8,8,CTTCGGGGAAGAACAACGTG,0,4350242
yadI_predicted,0.1111111111111111,8,8,CTTCAAGCAGTACTCGCGTA,0,4369345
yadI_predicted,0.1111111111111111,8,8,CTTATACCTCCACATATGAA,0,4310080
yadI_predicted,0.1111111111111111,8,8,CTTAGGGTTTACTAGGTCCT,0,4285794
yadI_predicted,0.1111111111111111,8,8,CTTAGATCTCGGTGGGTGAC,0,4345458
yadI_predicted,0.1111111111111111,8,8,CTTAATGCTACAAACTCTTA,0,4310485
yadI_predicted,0.1111111111111111,8,8,CTTAATGCACGAGTAAACTC,0,4340105
yadI_predicted,0.1111111111111111,8,8,CTTAATACAGTACGCACGTT,0,4326844
yadI_predicted,0.1111111111111111,8,8,CTTAAACCACTTTATATGTT,0,4301781
yadI_predicted,0.1111111111111111,8,8,CTGTGGATATGTTCTTATAT,0,4332153
yadI_predicted,0.1111111111111111,8,8,CTGTCGATCGAGAGCTCAGG,0,4292596
yadI_predicted,0.1111111111111111,8,8,CTGTACGACTGGCTGTTTGC,0,4284766
yadI_predicted,0.1111111111111111,8,8,CTGGTAAGCTCACCATTAGA,0,4341288
yadI_predicted,0.1111111111111111,8,8,CTGGGTGGGTCGTCAAGACC,0,4368041
yadI_predicted,0.1111111111111111,8,8,CTGGGCCTCTCAGCCGGGCT,0,4365734
yadI_predicted,0.1111111111111111,8,8,CTGGAGTAAGCCGGGAGCCC,0,4341125
yadI_predicted,0.1111111111111111,8,8,CTGCTAGCGGTCCCTTCTTG,0,4293619
yadI_predicted,0.1111111111111111,8,8,CTGCGTTAGTATCTGGATAA,0,4342816
yadI_predicted,0.1111111111111111,8,8,CTGCGCGTATGTCTCACTCT,0,4354816
yadI_predicted,0.1111111111111111,8,8,CTGCCGGACGGTAGATTTTC,0,4335011
yadI_predicted,0.1111111111111111,8,8,CTGCAATACCCGACGTGAAA,0,4298212
yadI_predicted,0.1111111111111111,8,8,CTGCAAATTACCGGCTCAAG,0,4306489
yadI_predicted,0.1111111111111111,8,8,CTGATTATGGATAAAATGGA,0,4327653
yadI_predicted,0.1111111111111111,8,8,CTGAAGACGCGTGACGATCG,0,4292245
yadI_predicted,0.1111111111111111,8,8,CTGAACTGCTTCCCAATTCT,0,4311769
yadI_predicted,0.1111111111111111,8,8,CTCTTGCGGCTGTAGTCGGG,0,4301772
yadI_predicted,0.1111111111111111,8,8,CTCTTATTGCAATATTTTAC,0,4319526
yadI_predicted,0.1111111111111111,8,8,CTCTGGGAAGGCCGTAAGCT,0,4354908
yadI_predicted,0.1111111111111111,8,8,CTCGTCACTTTACTGCCGCT,0,4307534
yadI_predicted,0.1111111111111111,8,8,CTCGGTCGCTCCGCTTTCTG,0,4348720
yadI_predicted,0.1111111111111111,8,8,CTCGAGCTTCGGAGTGTGGG,0,4325506
yadI_predicted,0.1111111111111111,8,8,CTCCTCATTAAACAGGTAGG,0,4304086
yadI_predicted,0.1111111111111111,8,8,CTCCAATCGGTGAAATTTAG,0,4297212
yadI_predicted,0.1111111111111111,8,8,CTCATTATCAAAAGATGCTC,0,4336850
yadI_predicted,0.1111111111111111,8,8,CTCATGCAGAGATTCAGCAA,0,4301355
yadI_predicted,0.1111111111111111,8,8,CTCACTAGGCCTTTCGCGGA,0,4352714
yadI_predicted,0.1111111111111111,8,8,CTCAAGCCCACACTTTGGCC,0,4316723
yadI_predicted,0.1111111111111111,8,8,CTATTCGTATTGACTCATTT,0,4344479
yadI_predicted,0.1111111111111111,8,8,CTATTCCCCTCATCATGCTT,0,4332495
yadI_predicted,0.1111111111111111,8,8,CTATGCTGTTAGACTATCCG,0,4306236
yadI_predicted,0.1111111111111111,8,8,CTAGTTGTGATCCCTCACTT,0,4354731
yadI_predicted,0.1111111111111111,8,8,CTAGTTCGCGGCTTTTCATG,0,4365599
yadI_predicted,0.1111111111111111,8,8,CTAGTAGATTGCGAGACCAA,0,4300394
yadI_predicted,0.1111111111111111,8,8,CTAGGCTGATTCCATAATTA,0,4346589
yadI_predicted,0.1111111111111111,8,8,CTAGCGAGAAATCCTCTAAC,0,4294192
yadI_predicted,0.1111111111111111,8,8,CTAGCCTAATTCAAGGCTCC,0,4339375
yadI_predicted,0.1111111111111111,8,8,CTACTTCGGCCAATATAGAG,0,4322047
yadI_predicted,0.1111111111111111,8,8,CTACGTGCTCCAAGTCCTTC,0,4339743
yadI_predicted,0.1111111111111111,8,8,CTACGCACCAACATGAGCTA,0,4368350
yadI_predicted,0.1111111111111111,8,8,CTAATGGCATGATTAACCCA,0,4343094
yadI_predicted,0.1111111111111111,8,8,CTAAAGAAGCCAGGGTTCAC,0,4319869
yadI_predicted,0.1111111111111111,8,8,CTAAACGCCCGTTACGTGAC,0,4337992
yadI_predicted,0.1111111111111111,8,8,CGTTTGCTCTGGGTTCTAAA,0,4295156
yadI_predicted,0.1111111111111111,8,8,CGTTTCTCGTGGTGACATTA,0,4339261
yadI_predicted,0.1111111111111111,8,8,CGTTCTGATTGGTACCGCAG,0,4354287
yadI_predicted,0.1111111111111111,8,8,CGTTCTAGATGAGTAGGAGT,0,4367802
yadI_predicted,0.1111111111111111,8,8,CGTTCCTGTGAGCGCCGTGA,0,4335796
yadI_predicted,0.1111111111111111,8,8,CGTTCCCCAGTCACTACCTT,0,4287999
yadI_predicted,0.1111111111111111,8,8,CGTTCAGAGTTTTAAATGCA,0,4325027
yadI_predicted,0.1111111111111111,8,8,CGTTAGGGCCATATCACTAA,0,4366301
yadI_predicted,0.1111111111111111,8,8,CGTTAGCATTTCTATCAGGT,0,4296963
yadI_predicted,0.1111111111111111,8,8,CGTGTCACGCAGCCAATTAG,0,4295401
yadI_predicted,0.1111111111111111,8,8,CGTGGTCACAATTTGGCTCC,0,4321806
yadI_predicted,0.1111111111111111,8,8,CGTGGAATACGCTATTGGGA,0,4316809
yadI_predicted,0.1111111111111111,8,8,CGTGCTGACCCCCAAATTTG,0,4361997
yadI_predicted,0.1111111111111111,8,8,CGTGCGTGTTCGCGTACTCC,0,4315426
yadI_predicted,0.1111111111111111,8,8,CGTGCGCGCTGAATGGTCAG,0,4311143
yadI_predicted,0.1111111111111111,8,8,CGTGAGCCCTATGCCGCCCA,0,4357239
yadI_predicted,0.1111111111111111,8,8,CGTGACGTATATGCCAAGAT,0,4346944
yadI_predicted,0.1111111111111111,8,8,CGTCTCCTCCTCCGTTTGTA,0,4315839
yadI_predicted,0.1111111111111111,8,8,CGTCGGGGGGGTTGACGTGC,0,4356427
yadI_predicted,0.1111111111111111,8,8,CGTCACTTGCCGGACGTTCT,0,4304911
yadI_predicted,0.1111111111111111,8,8,CGTATTCTCCCGACTAGAAA,0,4331756
yadI_predicted,0.1111111111111111,8,8,CGTATCGTGATTAGCCGAAG,0,4286262
yadI_predicted,0.1111111111111111,8,8,CGTACCAGAGGCTTCAACTT,0,4349332
yadI_predicted,0.1111111111111111,8,8,CGTAATACAACCAATAACTG,0,4351256
yadI_predicted,0.1111111111111111,8,8,CGTAAGTCTTGTACATTCTG,0,4344773
yadI_predicted,0.1111111111111111,8,8,CGTAAGCTTCGGTAAATAAC,0,4304912
yadI_predicted,0.1111111111111111,8,8,CGGTTGCCATTCATCGTTCG,0,4358361
yadI_predicted,0.1111111111111111,8,8,CGGTTCATCCAAGTATTTAG,0,4336523
yadI_predicted,0.1111111111111111,8,8,CGGTGTTCGCGTTCTCCTGG,0,4360739
yadI_predicted,0.1111111111111111,8,8,CGGTGCCGAAGTGCAGTGTA,0,4288038
yadI_predicted,0.1111111111111111,8,8,CGGTGAATCTCAGCCCTTCC,0,4360442
yadI_predicted,0.1111111111111111,8,8,CGGTCCCAGGCTCACCACGG,0,4312652
yadI_predicted,0.1111111111111111,8,8,CGGGTGACGGTTAACCATGT,0,4304611
yadI_predicted,0.1111111111111111,8,8,CGGGTGACCTGAAGGCCCAA,0,4297735
yadI_predicted,0.1111111111111111,8,8,CGGGTCCTTCATCCTTGGAC,0,4311444
yadI_predicted,0.1111111111111111,8,8,CGGGTACGCTATGACACACG,0,4343881
yadI_predicted,0.1111111111111111,8,8,CGGGCTCGGAAGAGTTTGAA,0,4333959
yadI_predicted,0.1111111111111111,8,8,CGGGCGCTCGCACTGTTGAC,0,4322033
yadI_predicted,0.1111111111111111,8,8,CGGGAACCCTAGTCGTGTCA,0,4350120
yadI_predicted,0.1111111111111111,8,8,CGGCGTTAGGCTCGGCAAGC,0,4365585
yadI_predicted,0.1111111111111111,8,8,CGGCCTGATAGAGCATGTTA,0,4335281
yadI_predicted,0.1111111111111111,8,8,CGGAGTGTATGCGTTCCCAG,0,4306776
yadI_predicted,0.1111111111111111,8,8,CGGAGCATGGAGGCTCACAG,0,4358730
yadI_predicted,0.1111111111111111,8,8,CGGACTACTCCTGAACAGAC,0,4290594
yadI_predicted,0.1111111111111111,8,8,CGGACGCAGCTTTGTGGTCT,0,4293429
yadI_predicted,0.1111111111111111,8,8,CGGAATCTTACTCCTTTATA,0,4345146
yadI_predicted,0.1111111111111111,8,8,CGCGTCCCCGGGCAGAGTGA,0,4337284
yadI_predicted,0.1111111111111111,8,8,CGCGGTGCTCAAGCGTTGGT,0,4334598
yadI_predicted,0.1111111111111111,8,8,CGCGGTAAGTTCGCCACTCG,0,4331004
yadI_predicted,0.1111111111111111,8,8,CGCGGGTCCAGGATGAGCTC,0,4342981
yadI_predicted,0.1111111111111111,8,8,CGCGCGGCAAGACAGAGTGT,0,4304112
yadI_predicted,0.1111111111111111,8,8,CGCGAGTAGGTCCCCTAGTT,0,4320306
yadI_predicted,0.1111111111111111,8,8,CGCGAGTACACATCTTCTTG,0,4297073
yadI_predicted,0.1111111111111111,8,8,CGCCTGAGACTCGCAGTGGA,0,4294131
yadI_predicted,0.1111111111111111,8,8,CGCCTCTCATGGCAGCGCCT,0,4343043
yadI_predicted,0.1111111111111111,8,8,CGCCGACGATCGTTGGCCGA,0,4288380
yadI_predicted,0.1111111111111111,8,8,CGCCCTTGTGCGCCTTAACT,0,4317430
yadI_predicted,0.1111111111111111,8,8,CGCATCCGATTGCATATGAT,0,4365164
yadI_predicted,0.1111111111111111,8,8,CGCAGGCTGGGGGCCAATTT,0,4361031
yadI_predicted,0.1111111111111111,8,8,CGCAATCAGCACTCATCATA,0,4338602
yadI_predicted,0.1111111111111111,8,8,CGATTGACAACGCAGGACTA,0,4304298
yadI_predicted,0.1111111111111111,8,8,CGATGTACTTACAGATCCCT,0,4315165
yadI_predicted,0.1111111111111111,8,8,CGATGCGTCTGATGAACGTC,0,4318508
yadI_predicted,0.1111111111111111,8,8,CGATCTCACACTATCACACG,0,4326496
yadI_predicted,0.1111111111111111,8,8,CGAGTGCTGCGCTCTACGCT,0,4344414
yadI_predicted,0.1111111111111111,8,8,CGAGTCCAATTCAAGGCTCG,0,4354983
yadI_predicted,0.1111111111111111,8,8,CGAGTATTAGACTTAAGGCC,0,4361583
yadI_predicted,0.1111111111111111,8,8,CGAGGACGCCGGGGTTAGTA,0,4290499
yadI_predicted,0.1111111111111111,8,8,CGAGCGTCAAGTTGATCTTC,0,4300731
yadI_predicted,0.1111111111111111,8,8,CGAGCGGGCTACCACTGGGA,0,4335475
yadI_predicted,0.1111111111111111,8,8,CGAGCACGTCACGTAGAGCA,0,4295654
yadI_predicted,0.1111111111111111,8,8,CGAGATGCTTTTGGAGAAGT,0,4306060
yadI_predicted,0.1111111111111111,8,8,CGACTTGCTCATGTCTTCAT,0,4322604
yadI_predicted,0.1111111111111111,8,8,CGACAGATCGCCATGGGGGT,0,4347627
yadI_predicted,0.1111111111111111,8,8,CGACACTGAGATAATGGTTT,0,4292226
yadI_predicted,0.1111111111111111,8,8,CGAAGTTGATTTCTTATCCA,0,4325458
yadI_predicted,0.1111111111111111,8,8,CCTTTAATGCCAAAATGGGA,0,4290591
yadI_predicted,0.1111111111111111,8,8,CCTTGGTGGTTTACCGTTGT,0,4324133
yadI_predicted,0.1111111111111111,8,8,CCTTCTGAAAAGTTGGTATT,0,4291693
yadI_predicted,0.1111111111111111,8,8,CCTTCATGCGGACGTAAACA,0,4285446
yadI_predicted,0.1111111111111111,8,8,CCTTAACAGATCAAACGGAA,0,4298091
yadI_predicted,0.1111111111111111,8,8,CCTGTGACCCGCAGTATTGC,0,4302717
yadI_predicted,0.1111111111111111,8,8,CCTGAACCCAGTCCATTAGT,0,4334779
yadI_predicted,0.1111111111111111,8,8,CCTCTGAGTCGGCTCACAAA,0,4299644
yadI_predicted,0.1111111111111111,8,8,CCTCCGCCTCAGGTCCTAGC,0,4366786
yadI_predicted,0.1111111111111111,8,8,CCTCATGTAACCTGACATTA,0,4353887
yadI_predicted,0.1111111111111111,8,8,CCTATCATATCAAGGATTAT,0,4299483
yadI_predicted,0.1111111111111111,8,8,CCTAGGTTTCTTTTGTTATA,0,4338697
yadI_predicted,0.1111111111111111,8,8,CCTACGTGCAGATTGCGGAA,0,4294208
yadI_predicted,0.1111111111111111,8,8,CCTACGGCCGCACGGGCGCA,0,4296637
yadI_predicted,0.1111111111111111,8,8,CCTACGCACACTTGGTGTGA,0,4315206
yadI_predicted,0.1111111111111111,8,8,CCGTTTCTAACTCCTAATCC,0,4344427
yadI_predicted,0.1111111111111111,8,8,CCGTGGTGCTATGACGAAAC,0,4317731
yadI_predicted,0.1111111111111111,8,8,CCGTGCAGATATGTGGCTAG,0,4361653
yadI_predicted,0.1111111111111111,8,8,CCGTATCGCTCTCCTTCATG,0,4286237
yadI_predicted,0.1111111111111111,8,8,CCGGCTTCAATCTAGGAACT,0,4365162
yadI_predicted,0.1111111111111111,8,8,CCGGCAAAGAAGCATTGTCA,0,4331565
yadI_predicted,0.1111111111111111,8,8,CCGGAAGCCCGGGAGGAGAG,0,4296175
yadI_predicted,0.1111111111111111,8,8,CCGCTCTTCTTTTTCGTCCG,0,4315049
yadI_predicted,0.1111111111111111,8,8,CCGACTGTGGAGCTCATGGG,0,4354660
yadI_predicted,0.1111111111111111,8,8,CCGACGTATTTGGCCTATAT,0,4361126
yadI_predicted,0.1111111111111111,8,8,CCCTTGGCGATGGAGTGCGG,0,4361784
yadI_predicted,0.1111111111111111,8,8,CCCTGGGACTCCCGTTAAAA,0,4358331
yadI_predicted,0.1111111111111111,8,8,CCCTGGCCCGGTAGTGCGCC,0,4292919
yadI_predicted,0.1111111111111111,8,8,CCCTGAGGCTGGGGCTACCC,0,4302209
yadI_predicted,0.1111111111111111,8,8,CCCGTCTAAGTACGTATTGC,0,4305267
yadI_predicted,0.1111111111111111,8,8,CCCGTCACTGCCGGGAGAGA,0,4366229
yadI_predicted,0.1111111111111111,8,8,CCCGGTGTAACGCCGAGTCT,0,4329213
yadI_predicted,0.1111111111111111,8,8,CCCGGTCGTGAGATGGACGC,0,4360845
yadI_predicted,0.1111111111111111,8,8,CCCGGTCATAGTGCGCAGCG,0,4303675
yadI_predicted,0.1111111111111111,8,8,CCCGGCCCCCGACTAGAAAT,0,4341280
yadI_predicted,0.1111111111111111,8,8,CCCGGAGCTTCGGGCTCGCT,0,4361924
yadI_predicted,0.1111111111111111,8,8,CCCGGAGACCGTGACTGTGG,0,4308110
yadI_predicted,0.1111111111111111,8,8,CCCGGAATTATAAGATTATG,0,4369895
yadI_predicted,0.1111111111111111,8,8,CCCGCTATGACGATTGCGCA,0,4365741
yadI_predicted,0.1111111111111111,8,8,CCCCTAACAGGGATCGTCTC,0,4293662
yadI_predicted,0.1111111111111111,8,8,CCCCGATGTCCAGATTGGAG,0,4363999
yadI_predicted,0.1111111111111111,8,8,CCCCACACAGGACTCCCGCA,0,4285838
yadI_predicted,0.1111111111111111,8,8,CCCAGCGGCTGGGGGAAAGA,0,4300586
yadI_predicted,0.1111111111111111,8,8,CCCAGAAAGTCTAGATAGTC,0,4334402
yadI_predicted,0.1111111111111111,8,8,CCCAAGCCGATGGGTGGCCT,0,4289274
yadI_predicted,0.1111111111111111,8,8,CCATTGCCCATACTTGAATC,0,4362923
yadI_predicted,0.1111111111111111,8,8,CCATGGCGCGGCTCAAGCCT,0,4312330
yadI_predicted,0.1111111111111111,8,8,CCATGCTACTCGTCTTTGGC,0,4300692
yadI_predicted,0.1111111111111111,8,8,CCATAATTGGGCCGTGAACT,0,4362730
yadI_predicted,0.1111111111111111,8,8,CCAGGCTGATAGGGAAGGTG,0,4356576
yadI_predicted,0.1111111111111111,8,8,CCAGGCTATGTCCCAATGCC,0,4319482
yadI_predicted,0.1111111111111111,8,8,CCAGAAGCTTATATGAATCA,0,4334354
yadI_predicted,0.1111111111111111,8,8,CCAATAATATTCTGGCAGGT,0,4356488
yadI_predicted,0.1111111111111111,8,8,CCAAGTGGCGTAAGGATAAA,0,4296120
yadI_predicted,0.1111111111111111,8,8,CATTGGTCATTCCGTATCTG,0,4320121
yadI_predicted,0.1111111111111111,8,8,CATTGATCCCTATATGAAAG,0,4305810
yadI_predicted,0.1111111111111111,8,8,CATTCTAGCCAGGGCACTGT,0,4289577
yadI_predicted,0.1111111111111111,8,8,CATTACTAAGGAGTGTCTAC,0,4354441
yadI_predicted,0.1111111111111111,8,8,CATTACCCCTAGCTTCCTGG,0,4341639
yadI_predicted,0.1111111111111111,8,8,CATGGCGGGTGAGCCGATCA,0,4336845
yadI_predicted,0.1111111111111111,8,8,CATGCGGTATAGTGATCACA,0,4347520
yadI_predicted,0.1111111111111111,8,8,CATGCGAAAATGGGACAATT,0,4336612
yadI_predicted,0.1111111111111111,8,8,CATCTTTTAACAAACTTAGG,0,4315656
yadI_predicted,0.1111111111111111,8,8,CATCTGTTAGAGTCATACCT,0,4337335
yadI_predicted,0.1111111111111111,8,8,CATCTAGCGCTAAGAAATGG,0,4302965
yadI_predicted,0.1111111111111111,8,8,CATCGGACAAACTTGATCAA,0,4365703
yadI_predicted,0.1111111111111111,8,8,CATCCTACATTGGGTTCGAT,0,4369634
yadI_predicted,0.1111111111111111,8,8,CATCCAGTGTCTTCGAGGTT,0,4341294
yadI_predicted,0.1111111111111111,8,8,CATAGTTGCCGCCACGTATA,0,4314598
yadI_predicted,0.1111111111111111,8,8,CATACATACCTCATTGATAG,0,4303420
yadI_predicted,0.1111111111111111,8,8,CATACAGTTCCCCTTAAGCA,0,4296955
yadI_predicted,0.1111111111111111,8,8,CATAAAACAAGTTAACACTG,0,4290149
yadI_predicted,0.1111111111111111,8,8,CAGTTAGATGTGTTCGCAGG,0,4362764
yadI_predicted,0.1111111111111111,8,8,CAGTCAGCAGCACCGAAAGG,0,4314272
yadI_predicted,0.1111111111111111,8,8,CAGTAACGGCTTTAGAAGAT,0,4329763
yadI_predicted,0.1111111111111111,8,8,CAGGAATGGCGACAGTATAC,0,4361482
yadI_predicted,0.1111111111111111,8,8,CAGCTGATATCGCAGTGCAT,0,4324287
yadI_predicted,0.1111111111111111,8,8,CAGATTGTCTAGCTACGCAT,0,4287423
yadI_predicted,0.1111111111111111,8,8,CAGATTATATCTACACGAGT,0,4307384
yadI_predicted,0.1111111111111111,8,8,CAGATCCCGTCGCGATTTTC,0,4292110
yadI_predicted,0.1111111111111111,8,8,CAGAATTGGCATTCCATTCC,0,4288920
yadI_predicted,0.1111111111111111,8,8,CAGAAGCAATTCAATCCACG,0,4345553
yadI_predicted,0.1111111111111111,8,8,CAGAAAACGCCGAATGGAAG,0,4361325
yadI_predicted,0.1111111111111111,8,8,CACTGAAGTGTTCCGGTTCC,0,4342335
yadI_predicted,0.1111111111111111,8,8,CACGTTAAATGTGCGTTTTC,0,4321184
yadI_predicted,0.1111111111111111,8,8,CACGTGTAACTGCGGCATGA,0,4298745
yadI_predicted,0.1111111111111111,8,8,CACGTCCGTAGGCACGACTT,0,4342315
yadI_predicted,0.1111111111111111,8,8,CACGGCGTTCTGAGGCTCGT,0,4361311
yadI_predicted,0.1111111111111111,8,8,CACCATGGAATGTCAATTAT,0,4329232
yadI_predicted,0.1111111111111111,8,8,CACATAGAGTTCCGGGTGAC,0,4330087
yadI_predicted,0.1111111111111111,8,8,CACACTAGGTCTTACGAGCG,0,4367910
yadI_predicted,0.1111111111111111,8,8,CACACAAGGTCCTATATGGG,0,4352414
yadI_predicted,0.1111111111111111,8,8,CACAATTTCTAGATCTGTGT,0,4361806
yadI_predicted,0.1111111111111111,8,8,CACAACGACTCCCAACAGAA,0,4345153
yadI_predicted,0.1111111111111111,8,8,CACAACCTCGAGCGTGGTCC,0,4300562
yadI_predicted,0.1111111111111111,8,8,CAATGCGGAAGTCATATTGC,0,4359762
yadI_predicted,0.1111111111111111,8,8,CAATCAGCGGGTTCGAATAA,0,4343137
yadI_predicted,0.1111111111111111,8,8,CAATCAACGGATCTCTGCCC,0,4320697
yadI_predicted,0.1111111111111111,8,8,CAATATAGCCTGAAACCGAA,0,4313078
yadI_predicted,0.1111111111111111,8,8,CAAGTTCAGTGAAGGTTGTG,0,4293658
yadI_predicted,0.1111111111111111,8,8,CAAGGGAATGCGTCCAACTA,0,4364540
yadI_predicted,0.1111111111111111,8,8,CAAGCCACCATTTCCTGTGG,0,4344099
yadI_predicted,0.1111111111111111,8,8,CAAGAGGTAGGGGTAGACCA,0,4326295
yadI_predicted,0.1111111111111111,8,8,CAAGACCAATGCGAGGGATA,0,4356528
yadI_predicted,0.1111111111111111,8,8,CAACCCGACGGCGGCAGCCC,0,4330247
yadI_predicted,0.1111111111111111,8,8,CAACATGCTCATATGGCAAT,0,4342205
yadI_predicted,0.1111111111111111,8,8,CAACATGAAACATCCAACAC,0,4362878
yadI_predicted,0.1111111111111111,8,8,CAAATTTTGCTGCAGCCCCA,0,4346273
yadI_predicted,0.1111111111111111,8,8,CAAAGGGGAGAAAACGAACA,0,4362071
yadI_predicted,0.1111111111111111,8,8,CAAAGGCCGTTGCCATCGGC,0,4345465
yadI_predicted,0.1111111111111111,8,8,CAAACCAAAAATCATTTAAG,0,4326980
yadI_predicted,0.1111111111111111,8,8,CAAAACAGTGTACAAACCCT,0,4323067
yadI_predicted,0.1111111111111111,8,8,ATTTCACGGGGTCAACCTCT,0,4346175
yadI_predicted,0.1111111111111111,8,8,ATTGTTTGCTGACCATACGT,0,4337524
yadI_predicted,0.1111111111111111,8,8,ATTGATATCTCTCATCTGCC,0,4363810
yadI_predicted,0.1111111111111111,8,8,ATTGAGAGCCGGGAGTAGGT,0,4312329
yadI_predicted,0.1111111111111111,8,8,ATTGAACGATGCTCAATGGC,0,4331428
yadI_predicted,0.1111111111111111,8,8,ATTCTTGGGAATACGTGGTA,0,4364543
yadI_predicted,0.1111111111111111,8,8,ATTCTCAGAGAGCACGGATT,0,4331282
yadI_predicted,0.1111111111111111,8,8,ATTATCGAGATTTTGAATCA,0,4349662
yadI_predicted,0.1111111111111111,8,8,ATTAGCAGGATTTTCACATC,0,4330564
yadI_predicted,0.1111111111111111,8,8,ATTAGACAACGACTTTGACA,0,4305651
yadI_predicted,0.1111111111111111,8,8,ATTAGAATATAGTGAACGGA,0,4325108
yadI_predicted,0.1111111111111111,8,8,ATTAGAACCAGAAGTGTCCG,0,4363527
yadI_predicted,0.1111111111111111,8,8,ATTACAATTTTTGCAGGTGC,0,4326006
yadI_predicted,0.1111111111111111,8,8,ATGTGTCGAATCCAGTTAAA,0,4334209
yadI_predicted,0.1111111111111111,8,8,ATGTGTACAAGTCCAAAAGC,0,4364478
yadI_predicted,0.1111111111111111,8,8,ATGTATGGTACGAGGCAGGG,0,4287257
yadI_predicted,0.1111111111111111,8,8,ATGTACTCTGGCGAATCGAC,0,4335985
yadI_predicted,0.1111111111111111,8,8,ATGTAACCCTTATCGAACAC,0,4356859
yadI_predicted,0.1111111111111111,8,8,ATGGTGATGTTCTGTAAACC,0,4314349
yadI_predicted,0.1111111111111111,8,8,ATGGTACGTCTACAGGCGCA,0,4295971
yadI_predicted,0.1111111111111111,8,8,ATGGTAATAATCAACGGCAG,0,4310263
yadI_predicted,0.1111111111111111,8,8,ATGGCCGCCATTCAGGGGCA,0,4307247
yadI_predicted,0.1111111111111111,8,8,ATGCGCGCCTTGAGCCATCA,0,4309013
yadI_predicted,0.1111111111111111,8,8,ATGCCATACTTGGCCGCATG,0,4343209
yadI_predicted,0.1111111111111111,8,8,ATGCCAGAAGAAAAGGCCAA,0,4291462
yadI_predicted,0.1111111111111111,8,8,ATGAGGGGACAGATTGCTTA,0,4344990
yadI_predicted,0.1111111111111111,8,8,ATGAGCGGGAGTATGGGGAA,0,4338068
yadI_predicted,0.1111111111111111,8,8,ATGAGAGCGTGAAAGAGCGT,0,4364873
yadI_predicted,0.1111111111111111,8,8,ATGACTTATGATCCGTTGAT,0,4333922
yadI_predicted,0.1111111111111111,8,8,ATGACACCGTCAGGCAGGCG,0,4369070
yadI_predicted,0.1111111111111111,8,8,ATGAACAGTAGAGCGGGTTT,0,4331916
yadI_predicted,0.1111111111111111,8,8,ATCTTCTAAGTAGGGTCGGG,0,4344181
yadI_predicted,0.1111111111111111,8,8,ATCTAGTAGGTATGTTTACG,0,4345249
yadI_predicted,0.1111111111111111,8,8,ATCGTCAGTACTGTCAGACT,0,4367965
yadI_predicted,0.1111111111111111,8,8,ATCGTAGTAATACGTATATC,0,4319492
yadI_predicted,0.1111111111111111,8,8,ATCGGCTGTCCATTCTTGGA,0,4362727
yadI_predicted,0.1111111111111111,8,8,ATCGCCTACTTCATTCAGAC,0,4309835
yadI_predicted,0.1111111111111111,8,8,ATCCTTGGGGTACACCAGCT,0,4332873
yadI_predicted,0.1111111111111111,8,8,ATCCTCAGAGTTAAATCCAA,0,4356455
yadI_predicted,0.1111111111111111,8,8,ATCCGTGTGAAAGAGACGGA,0,4309423
yadI_predicted,0.1111111111111111,8,8,ATCCACCGGAGGGGGAACGT,0,4324444
yadI_predicted,0.1111111111111111,8,8,ATCAGGTTCCTTCGTACTCT,0,4319857
yadI_predicted,0.1111111111111111,8,8,ATCAGGCTTAGACAACGACA,0,4320267
yadI_predicted,0.1111111111111111,8,8,ATCAGACGTTTCAGCTACAA,0,4327914
yadI_predicted,0.1111111111111111,8,8,ATCAGACGATGCGGGTTTTT,0,4357126
yadI_predicted,0.1111111111111111,8,8,ATCAGAATGTAAAGTAGCGC,0,4336972
yadI_predicted,0.1111111111111111,8,8,ATCAATAGAAGTTGGCGGTC,0,4326318
yadI_predicted,0.1111111111111111,8,8,ATCAAGCACACAACGGTGAA,0,4329694
yadI_predicted,0.1111111111111111,8,8,ATATTTCGGGAATGCGTCGG,0,4284125
yadI_predicted,0.1111111111111111,8,8,ATATTGGCTATGTGACCGGA,0,4343373
yadI_predicted,0.1111111111111111,8,8,ATATTCTGAGTCCTTTCCCT,0,4292741
yadI_predicted,0.1111111111111111,8,8,ATATAACTATATTTTGACTC,0,4320158
yadI_predicted,0.1111111111111111,8,8,ATAGTCTCGAGCCGGATCCA,0,4294872
yadI_predicted,0.1111111111111111,8,8,ATAGTCACCTGGGTTCCACT,0,4318501
yadI_predicted,0.1111111111111111,8,8,ATAGGATAATGCTGGTGTTC,0,4311113
yadI_predicted,0.1111111111111111,8,8,ATAGCCAACGGGCCTGGGCA,0,4367637
yadI_predicted,0.1111111111111111,8,8,ATAGACCCGCAGACCCGTTG,0,4291868
yadI_predicted,0.1111111111111111,8,8,ATAGACCCACCCGTAGTTTC,0,4335326
yadI_predicted,0.1111111111111111,8,8,ATACGCGGATTGTTGTAGAA,0,4369467
yadI_predicted,0.1111111111111111,8,8,ATACCGAGCCGGGTCTCGGT,0,4291507
yadI_predicted,0.1111111111111111,8,8,ATACCACCAGCTGACCAGCT,0,4340378
yadI_predicted,0.1111111111111111,8,8,ATACATTTTAGCACGCTACA,0,4332508
yadI_predicted,0.1111111111111111,8,8,ATACATCTAACCGCGTATTT,0,4319329
yadI_predicted,0.1111111111111111,8,8,ATACACTACAGTTACCCTGC,0,4363684
yadI_predicted,0.1111111111111111,8,8,ATAATCTGCAGAGTTCAAAT,0,4367421
yadI_predicted,0.1111111111111111,8,8,ATAAATTTCGGGCATATGGG,0,4324895
yadI_predicted,0.1111111111111111,8,8,AGTTCACGCCTTGTAGACAA,0,4340513
yadI_predicted,0.1111111111111111,8,8,AGTGGGGCTCAAGGCGGTAA,0,4301663
yadI_predicted,0.1111111111111111,8,8,AGTGCGCCTTCAACGAGCGC,0,4320476
yadI_predicted,0.1111111111111111,8,8,AGTGCAGATCCGGTAGAGTT,0,4322591
yadI_predicted,0.1111111111111111,8,8,AGTCTTATTTGCCGCACTGT,0,4292690
yadI_predicted,0.1111111111111111,8,8,AGTCGTCCACTGGATGTGTG,0,4301545
yadI_predicted,0.1111111111111111,8,8,AGTCGGTTATAAACTATAAC,0,4314595
yadI_predicted,0.1111111111111111,8,8,AGTCCTTAAAACTCCCCGCT,0,4346400
yadI_predicted,0.1111111111111111,8,8,AGTCCTCGCGCCAACCGATC,0,4308407
yadI_predicted,0.1111111111111111,8,8,AGTCACTAACCCGACCGAGG,0,4294618
yadI_predicted,0.1111111111111111,8,8,AGTATGAGTAAACGTACATG,0,4323753
yadI_predicted,0.1111111111111111,8,8,AGTATAGGTACCATTCGAGT,0,4297831
yadI_predicted,0.1111111111111111,8,8,AGTATACTATTTTTGCAGCG,0,4337216
yadI_predicted,0.1111111111111111,8,8,AGTAGCTATAATGCTACCCA,0,4302598
yadI_predicted,0.1111111111111111,8,8,AGTACAATTTTTATGTCCGC,0,4304547
yadI_predicted,0.1111111111111111,8,8,AGTAAGCGTCACGTTGCTAA,0,4312511
yadI_predicted,0.1111111111111111,8,8,AGTAAGCCAAAGGGATTCCA,0,4340318
yadI_predicted,0.1111111111111111,8,8,AGGTGTCGGGCGGGCCGAGC,0,4321387
yadI_predicted,0.1111111111111111,8,8,AGGTGACCCCATGATATTAT,0,4311150
yadI_predicted,0.1111111111111111,8,8,AGGTCTCTGTTAAAAGTTTC,0,4357116
yadI_predicted,0.1111111111111111,8,8,AGGTACCCTGACTCGCACTG,0,4313157
yadI_predicted,0.1111111111111111,8,8,AGGTAAAAGGGTAACGAGAG,0,4313938
yadI_predicted,0.1111111111111111,8,8,AGGGTTTGCTTGCTATAGGT,0,4300132
yadI_predicted,0.1111111111111111,8,8,AGGGTGCTCCGCTCTATATC,0,4303532
yadI_predicted,0.1111111111111111,8,8,AGGGTAGGAGGGTTCGTTCT,0,4306035
yadI_predicted,0.1111111111111111,8,8,AGGGGCGAGCTGAACTTCAA,0,4296917
yadI_predicted,0.1111111111111111,8,8,AGGGCGGGAATGTCGGATCG,0,4289652
yadI_predicted,0.1111111111111111,8,8,AGGGCGCGTGTGCGGTAGCG,0,4312907
yadI_predicted,0.1111111111111111,8,8,AGGCTCGTGCATTAATGTTA,0,4298916
yadI_predicted,0.1111111111111111,8,8,AGGCGTGAAAAACCAGTAAT,0,4337117
yadI_predicted,0.1111111111111111,8,8,AGGCAATCGAGGTTTTACGC,0,4326243
yadI_predicted,0.1111111111111111,8,8,AGGATACATTATTTGACTGA,0,4310386
yadI_predicted,0.1111111111111111,8,8,AGGAGGCCCCCCAGGGCAAT,0,4362968
yadI_predicted,0.1111111111111111,8,8,AGGAAAGTCCCTCTTTAATT,0,4300897
yadI_predicted,0.1111111111111111,8,8,AGCTTGCGAGACTCCACAAG,0,4286124
yadI_predicted,0.1111111111111111,8,8,AGCTTCCCATAACGATACCA,0,4367770
yadI_predicted,0.1111111111111111,8,8,AGCTCTTCCCGCTGCTGGTG,0,4310196
yadI_predicted,0.1111111111111111,8,8,AGCTCGTGACGGATTCTGCA,0,4347632
yadI_predicted,0.1111111111111111,8,8,AGCGTGGACCCAACTCGCAG,0,4339008
yadI_predicted,0.1111111111111111,8,8,AGCGTAAAGTGCCCAATTCA,0,4288719
yadI_predicted,0.1111111111111111,8,8,AGCGAGTATGATCAGCAGTG,0,4349907
yadI_predicted,0.1111111111111111,8,8,AGCCTTAATACGGCACGACA,0,4312604
yadI_predicted,0.1111111111111111,8,8,AGCCCAACCTACAAGAGGAT,0,4341479
yadI_predicted,0.1111111111111111,8,8,AGCATTCCCCGGATTATCCG,0,4314478
yadI_predicted,0.1111111111111111,8,8,AGCATGTCGAAGGGGTGTTG,0,4360158
yadI_predicted,0.1111111111111111,8,8,AGCACATTGCGCATATATTT,0,4350233
yadI_predicted,0.1111111111111111,8,8,AGATTTGCATGTGGTGTAGT,0,4323184
yadI_predicted,0.1111111111111111,8,8,AGATTAAGAGGGGATTTGTC,0,4368024
yadI_predicted,0.1111111111111111,8,8,AGATCGAGTGGACAAGTCCA,0,4357381
yadI_predicted,0.1111111111111111,8,8,AGATAGGAACCGGGTAGGAT,0,4343796
yadI_predicted,0.1111111111111111,8,8,AGAGTTTCTCTACTCGCTGC,0,4289894
yadI_predicted,0.1111111111111111,8,8,AGAGACACCGCGCTAACGGC,0,4316911
yadI_predicted,0.1111111111111111,8,8,AGACTGTTATGTTGGGCACC,0,4358564
yadI_predicted,0.1111111111111111,8,8,AGACGTGACTCCACCCCGAG,0,4341463
yadI_predicted,0.1111111111111111,8,8,AGACAGTTGCCGTAAGGGGT,0,4342413
yadI_predicted,0.1111111111111111,8,8,AGACAGCAGGTAAATGCACT,0,4362741
yadI_predicted,0.1111111111111111,8,8,AGACAAGACAGAGGTATCCC,0,4348154
yadI_predicted,0.1111111111111111,8,8,AGAACTGTAGTCCCTATTAG,0,4351796
yadI_predicted,0.1111111111111111,8,8,AGAAAAACGCGTAAAAATGG,0,4356546
yadI_predicted,0.1111111111111111,8,8,ACTTTGACCACATTCCAGAG,0,4364393
yadI_predicted,0.1111111111111111,8,8,ACTTTATCTAGTGGATCTTG,0,4349203
yadI_predicted,0.1111111111111111,8,8,ACTTGATCGACAGCGTCGAG,0,4333394
yadI_predicted,0.1111111111111111,8,8,ACTTCTCTGGTGACCCCATT,0,4349100
yadI_predicted,0.1111111111111111,8,8,ACTTATGCGGAGGTCACGTA,0,4321383
yadI_predicted,0.1111111111111111,8,8,ACTTACTTTTTCTCGCTCTG,0,4338376
yadI_predicted,0.1111111111111111,8,8,ACTGTCAGAGAACTGTGGCA,0,4285786
yadI_predicted,0.1111111111111111,8,8,ACTGGGACGGTCTTCGTCAG,0,4317015
yadI_predicted,0.1111111111111111,8,8,ACTGCGCGAGGGCCGCGCCC,0,4294751
yadI_predicted,0.1111111111111111,8,8,ACTGATGATGGACATCTGTG,0,4297669
yadI_predicted,0.1111111111111111,8,8,ACTCGGCAGCGCGCGGGAGC,0,4352764
yadI_predicted,0.1111111111111111,8,8,ACTCCATGCACACCTTACAT,0,4316108
yadI_predicted,0.1111111111111111,8,8,ACTCAACCAATCATTGCCGG,0,4292863
yadI_predicted,0.1111111111111111,8,8,ACTATTTCTGGACACACGCG,0,4305407
yadI_predicted,0.1111111111111111,8,8,ACTATGCCCTGAGGGTACAT,0,4337916
yadI_predicted,0.1111111111111111,8,8,ACTATCGCCCTACGTAGCTG,0,4311475
yadI_predicted,0.1111111111111111,8,8,ACTACGAGAGCTTGTTTCAT,0,4361080
yadI_predicted,0.1111111111111111,8,8,ACGTTACTAGCCAATAGGGT,0,4356248
yadI_predicted,0.1111111111111111,8,8,ACGTGGGTTCGTAGTCGTCG,0,4307959
yadI_predicted,0.1111111111111111,8,8,ACGTGCGTAGTACGAGAAAC,0,4336898
yadI_predicted,0.1111111111111111,8,8,ACGTCGCCATATTAGCCCTG,0,4343730
yadI_predicted,0.1111111111111111,8,8,ACGTATGCTTCTACAGACAG,0,4312551
yadI_predicted,0.1111111111111111,8,8,ACGTATAACGAAGGGAGACT,0,4293494
yadI_predicted,0.1111111111111111,8,8,ACGGGCGCTCGGTGTGATTT,0,4364715
yadI_predicted,0.1111111111111111,8,8,ACGGGAAAGCACGCTTGAAA,0,4306647
yadI_predicted,0.1111111111111111,8,8,ACGGCGTAATACTCATATGA,0,4309122
yadI_predicted,0.1111111111111111,8,8,ACGGATACGAGGCCCGGTTA,0,4350520
yadI_predicted,0.1111111111111111,8,8,ACGCGCAAGACTGTGGTTCT,0,4312172
yadI_predicted,0.1111111111111111,8,8,ACGATGTGGAACTAGGTTAA,0,4303900
yadI_predicted,0.1111111111111111,8,8,ACGATCGGGATACAAGGTAC,0,4353026
yadI_predicted,0.1111111111111111,8,8,ACGATAGATTTGAGGATTTC,0,4336809
yadI_predicted,0.1111111111111111,8,8,ACGATACCCGCAACTTGGAC,0,4326093
yadI_predicted,0.1111111111111111,8,8,ACGAGATTACATTTAGCATG,0,4348269
yadI_predicted,0.1111111111111111,8,8,ACGAATCGGTGAGCTTGGTG,0,4366135
yadI_predicted,0.1111111111111111,8,8,ACGAAGTATAGGAGTACGGA,0,4304953
yadI_predicted,0.1111111111111111,8,8,ACCTTCAACCCAACTTGACT,0,4296242
yadI_predicted,0.1111111111111111,8,8,ACCTTATTGCCCTCCGTTTC,0,4297963
yadI_predicted,0.1111111111111111,8,8,ACCTCCATAACCAAAGAGTC,0,4320638
yadI_predicted,0.1111111111111111,8,8,ACCGTGGGTCGTCACCCCCG,0,4351456
yadI_predicted,0.1111111111111111,8,8,ACCGGACATCACTAGCGCGT,0,4349419
yadI_predicted,0.1111111111111111,8,8,ACCGCGGATTCTTCAAGGGT,0,4358366
yadI_predicted,0.1111111111111111,8,8,ACCGCATACCGAATCCTTAG,0,4334074
yadI_predicted,0.1111111111111111,8,8,ACCGAGATGAAGCAAGGATA,0,4368158
yadI_predicted,0.1111111111111111,8,8,ACCCTGGCCATAAACCTCGG,0,4336534
yadI_predicted,0.1111111111111111,8,8,ACCCGGCCACGTTCCTGGTC,0,4345588
yadI_predicted,0.1111111111111111,8,8,ACCCGACTGTAGTGCCGCTT,0,4326308
yadI_predicted,0.1111111111111111,8,8,ACCCCAGCCCCATGGATGTC,0,4352583
yadI_predicted,0.1111111111111111,8,8,ACCCCACGGGGATGATATTC,0,4349823
yadI_predicted,0.1111111111111111,8,8,ACCATATTCCCCCCGTTAGC,0,4357549
yadI_predicted,0.1111111111111111,8,8,ACCATACCCCTTCCATTGAG,0,4355150
yadI_predicted,0.1111111111111111,8,8,ACCAGGTCAGGCATGTTCAG,0,4325874
yadI_predicted,0.1111111111111111,8,8,ACCAGATCTCTCCTTAGGGG,0,4368751
yadI_predicted,0.1111111111111111,8,8,ACATGACACCTAGTCCCGGG,0,4313758
yadI_predicted,0.1111111111111111,8,8,ACATCGGGCTCTCTTGCACG,0,4308124
yadI_predicted,0.1111111111111111,8,8,ACATCACGGCTTAAAACTAA,0,4307393
yadI_predicted,0.1111111111111111,8,8,ACATAGCTCGTAATGGGTTC,0,4305841
yadI_predicted,0.1111111111111111,8,8,ACAGTAGGAAGACAGTATGC,0,4331545
yadI_predicted,0.1111111111111111,8,8,ACAGGTTCACTTGTTTTGCA,0,4295082
yadI_predicted,0.1111111111111111,8,8,ACAGGCAGCGTGAACTACGC,0,4325647
yadI_predicted,0.1111111111111111,8,8,ACAGGCAAAAAGGCAAAACA,0,4355690
yadI_predicted,0.1111111111111111,8,8,ACAGCGTGCCCGGAATAAGG,0,4349941
yadI_predicted,0.1111111111111111,8,8,ACAGCCCAACAGTTGCGGCC,0,4328584
yadI_predicted,0.1111111111111111,8,8,ACAGACGTGAAGTGTATCAT,0,4297731
yadI_predicted,0.1111111111111111,8,8,ACACTTCGCGTCGTGGCATA,0,4351918
yadI_predicted,0.1111111111111111,8,8,ACACTCCCGCGTTGAATCAC,0,4296246
yadI_predicted,0.1111111111111111,8,8,ACACGTCCGTAAGTAAGTTG,0,4298103
yadI_predicted,0.1111111111111111,8,8,ACACGGGAACACCGTCTATA,0,4354519
yadI_predicted,0.1111111111111111,8,8,ACACGGCAGAATCCTCGCAA,0,4337106
yadI_predicted,0.1111111111111111,8,8,ACAATATCTTTGGACGGCAT,0,4313610
yadI_predicted,0.1111111111111111,8,8,ACAAGGGCGCAAGACGGGAA,0,4310533
yadI_predicted,0.1111111111111111,8,8,ACAACAGTCACCGAGTATTA,0,4352241
yadI_predicted,0.1111111111111111,8,8,ACAAACACTATTTAGGTAAA,0,4343403
yadI_predicted,0.1111111111111111,8,8,AATTCCAGTCGCTCCTTTCA,0,4292357
yadI_predicted,0.1111111111111111,8,8,AATGTGAGCGCAGTACACCG,0,4355115
yadI_predicted,0.1111111111111111,8,8,AATGTCCGTTTTGCTCGTGA,0,4369681
yadI_predicted,0.1111111111111111,8,8,AATGGGTCGGAGTCCAGACC,0,4302166
yadI_predicted,0.1111111111111111,8,8,AATGGCACTGTGTGCCGTGA,0,4367264
yadI_predicted,0.1111111111111111,8,8,AATCTCGGATCATGGAATCC,0,4292029
yadI_predicted,0.1111111111111111,8,8,AATCTCGACACGGGGATCGC,0,4347401
yadI_predicted,0.1111111111111111,8,8,AATATTCTCAATATTCAAAT,0,4310954
yadI_predicted,0.1111111111111111,8,8,AATAGTGATTTTCCGATCAT,0,4354171
yadI_predicted,0.1111111111111111,8,8,AATACTTCATCGACAGGCCC,0,4322198
yadI_predicted,0.1111111111111111,8,8,AATACGTACGCAAGACGCTA,0,4348881
yadI_predicted,0.1111111111111111,8,8,AATAACATACGTCCTTATAC,0,4291264
yadI_predicted,0.1111111111111111,8,8,AAGTTAGGTTGCATAAGCTT,0,4368883
yadI_predicted,0.1111111111111111,8,8,AAGTGTGGGCATTCGGTAGA,0,4356369
yadI_predicted,0.1111111111111111,8,8,AAGTGGAAAGTTCTCGGCAA,0,4318544
yadI_predicted,0.1111111111111111,8,8,AAGTCTGGTTAATTCGAAGT,0,4336041
yadI_predicted,0.1111111111111111,8,8,AAGTAGGGATGCTTATACGC,0,4296694
yadI_predicted,0.1111111111111111,8,8,AAGGTTCACTAATGAAACGA,0,4320927
yadI_predicted,0.1111111111111111,8,8,AAGGGTAGGGTATAGGAGGA,0,4330829
yadI_predicted,0.1111111111111111,8,8,AAGGATAGCGAGGTATTTGG,0,4330954
yadI_predicted,0.1111111111111111,8,8,AAGCTCGCCAAGTACGATAG,0,4326288
yadI_predicted,0.1111111111111111,8,8,AAGCTATCTTGCCATTTAAC,0,4364665
yadI_predicted,0.1111111111111111,8,8,AAGCGCCCAGACGGGATCAA,0,4297777
yadI_predicted,0.1111111111111111,8,8,AAGCACCGGTCTCTGCGCGA,0,4334367
yadI_predicted,0.1111111111111111,8,8,AAGAGCGAATGGGAAGTACT,0,4316226
yadI_predicted,0.1111111111111111,8,8,AAGACGAACATTTGGTTACA,0,4349280
yadI_predicted,0.1111111111111111,8,8,AAGACAGCCTAGCATTACCT,0,4329693
yadI_predicted,0.1111111111111111,8,8,AACTAAAGACCATCACGGGT,0,4303257
yadI_predicted,0.1111111111111111,8,8,AACGTTGTGAGCCATAAGTT,0,4287459
yadI_predicted,0.1111111111111111,8,8,AACGTCCGGGCACACACAGA,0,4318908
yadI_predicted,0.1111111111111111,8,8,AACGGACGTAGGTCCAATCT,0,4326776
yadI_predicted,0.1111111111111111,8,8,AACCGATTCAATGCGGCAAC,0,4345063
yadI_predicted,0.1111111111111111,8,8,AACCCGAAAACCTTGTTTTG,0,4305320
yadI_predicted,0.1111111111111111,8,8,AACCCATCAGGACTATCGCG,0,4350003
yadI_predicted,0.1111111111111111,8,8,AACCATCAAGCCTCGAAGCA,0,4341076
yadI_predicted,0.1111111111111111,8,8,AACCAGTTTTGTCCGCGAAG,0,4360696
yadI_predicted,0.1111111111111111,8,8,AACCAAGGGGTGGGACGCGG,0,4297891
yadI_predicted,0.1111111111111111,8,8,AACATAAACTCTCATGTAGC,0,4340271
yadI_predicted,0.1111111111111111,8,8,AACAGGGTAGTTGGTGCGAG,0,4309926
yadI_predicted,0.1111111111111111,8,8,AACAGCGAATCACACTGGAA,0,4296537
yadI_predicted,0.1111111111111111,8,8,AACAACGAAAATTACTGGTA,0,4344426
yadI_predicted,0.1111111111111111,8,8,AAATCCAGAGGGGGAACCGA,0,4314637
yadI_predicted,0.1111111111111111,8,8,AAATAGCAGAGCGGACACAG,0,4367010
yadI_predicted,0.1111111111111111,8,8,AAAGGCCCGAAAATTTCCTA,0,4361786
yadI_predicted,0.1111111111111111,8,8,AAACTATGAGAATTTATGAC,0,4353998
yadI_predicted,0.1111111111111111,8,8,AAACGTTCAGTTCGTCGTAA,0,4369234
yadI_predicted,0.1111111111111111,8,8,AAACATCTCCTGTGGTTTTG,0,4294312
yadI_predicted,0.1111111111111111,8,8,AAAACCGTAGCCATCCCCAA,0,4366619
yadI_predicted,0.1111111111111111,8,8,AAAACAGCTCGTCAAGGACA,0,4302251
yadI_predicted,0.1111111111111111,8,8,AAAACACAGAACTAGGGGCG,0,4315741
yadI_predicted,0.1111111111111111,8,8,AAAAAGTTAGCGGGGAAGTC,0,4321680
yadI_predicted,0.125,7,7,TTTTTCATATATCAAGATAC,0,4292520
yadI_predicted,0.125,7,7,TTTTTCAATGTTTACCGAGA,0,4339170
yadI_predicted,0.125,7,7,TTTTTAGCATCGGGTTCCCC,0,4366717
yadI_predicted,0.125,7,7,TTTTGTGCTTCAAATTCGCC,0,4311699
yadI_predicted,0.125,7,7,TTTTGAGCGTCTCATGAACC,0,4306393
yadI_predicted,0.125,7,7,TTTTCCTACTGGAGTAGTAC,0,4317659
yadI_predicted,0.125,7,7,TTTTAGTCCGTCACCTTAAT,0,4361476
yadI_predicted,0.125,7,7,TTTTAGGTATGCTAGTAAGC,0,4299948
yadI_predicted,0.125,7,7,TTTGTTAAAGTGCGGTTTGT,0,4358621
yadI_predicted,0.125,7,7,TTTGGATTTATCATATATGA,0,4367226
yadI_predicted,0.125,7,7,TTTGACCGATCGCTTGACGT,0,4321863
yadI_predicted,0.125,7,7,TTTCGTTAGATGCGACTCTA,0,4314280
yadI_predicted,0.125,7,7,TTTCGTGCAGTGCTGGTGAC,0,4302122
yadI_predicted,0.125,7,7,TTTCATGGGAAGATGTCTGG,0,4300867
yadI_predicted,0.125,7,7,TTTCAATATACATTTGAGCC,0,4316896
yadI_predicted,0.125,7,7,TTGTTCGTCAGTCAAGAAAG,0,4293499
yadI_predicted,0.125,7,7,TTGTTCATCTGAGGCCGTTA,0,4339887
yadI_predicted,0.125,7,7,TTGTGGCTTTCACCCACGGC,0,4354165
yadI_predicted,0.125,7,7,TTGTGACTGACGGTGTCGAA,0,4320218
yadI_predicted,0.125,7,7,TTGTATGCTTTGCAATCTCA,0,4368025
yadI_predicted,0.125,7,7,TTGTATACACGATCACAATT,0,4361275
yadI_predicted,0.125,7,7,TTGTACTGATCGATCTAGTG,0,4350295
yadI_predicted,0.125,7,7,TTGGTAGTCGTCAAGTGGAC,0,4369198
yadI_predicted,0.125,7,7,TTGGGCAAAAGCTCACTCCT,0,4307467
yadI_predicted,0.125,7,7,TTGGAGCGGGGATATAACTT,0,4338838
yadI_predicted,0.125,7,7,TTGCTAGGCTCTAGTCAGGC,0,4339369
yadI_predicted,0.125,7,7,TTGCTAAAGACAAGATTTGG,0,4348700
yadI_predicted,0.125,7,7,TTGCACAAGTCAAGTCTACG,0,4332646
yadI_predicted,0.125,7,7,TTGATAATCAACGAAGCGAT,0,4295161
yadI_predicted,0.125,7,7,TTGAGGATCATTTGGCACTT,0,4319807
yadI_predicted,0.125,7,7,TTGAGCGATGCTGCCGAAAG,0,4368908
yadI_predicted,0.125,7,7,TTGACGTCGCTCGGATACTG,0,4352675
yadI_predicted,0.125,7,7,TTGACGTACGTGACCATGAC,0,4304705
yadI_predicted,0.125,7,7,TTGACAGCCCGGAATTCTCC,0,4370067
yadI_predicted,0.125,7,7,TTGAATTGGGGCAAGATGGG,0,4286447
yadI_predicted,0.125,7,7,TTGAAGCCGTTGATGTAGGC,0,4353987
yadI_predicted,0.125,7,7,TTCTTACAAAGTTAGTATAC,0,4327107
yadI_predicted,0.125,7,7,TTCTGACAAGTATGACACCA,0,4307745
yadI_predicted,0.125,7,7,TTCTACTCCTATATTGCAGG,0,4323268
yadI_predicted,0.125,7,7,TTCTAAATAACGTCTGAGGA,0,4328768
yadI_predicted,0.125,7,7,TTCGTCTGTAGAACAAGGTT,0,4325564
yadI_predicted,0.125,7,7,TTCGCTACCGGCTCTGTCAT,0,4328325
yadI_predicted,0.125,7,7,TTCGCCTCGTGTCCTCCCGT,0,4334125
yadI_predicted,0.125,7,7,TTCCATGGTCTCGGTTAAGG,0,4352174
yadI_predicted,0.125,7,7,TTCCATCGGTGTGTAGGAAC,0,4310108
yadI_predicted,0.125,7,7,TTCATCTGCACTTGCCGGGG,0,4300733
yadI_predicted,0.125,7,7,TTCAGACTTTAGTAGACAGT,0,4341314
yadI_predicted,0.125,7,7,TTCAGACCCGATCAGTAGAT,0,4291392
yadI_predicted,0.125,7,7,TTCACTTGCAATTAGAATTA,0,4330493
yadI_predicted,0.125,7,7,TTATTGGTTCAGGATTCCCA,0,4314127
yadI_predicted,0.125,7,7,TTATGATACTGTTAGACTGA,0,4306979
yadI_predicted,0.125,7,7,TTATCAAGGCGCTCATAGTT,0,4301167
yadI_predicted,0.125,7,7,TTATAGTGTCACTCCGGTCA,0,4331588
yadI_predicted,0.125,7,7,TTATACGGAACCACGGACTA,0,4322616
yadI_predicted,0.125,7,7,TTATACACCACTATGGCTGG,0,4306144
yadI_predicted,0.125,7,7,TTATAACGTTAAATGCCGCA,0,4355273
yadI_predicted,0.125,7,7,TTAGCGGCCGTACCTCCCCA,0,4320480
yadI_predicted,0.125,7,7,TTAGAGCATGTTGTCGGTGT,0,4318959
yadI_predicted,0.125,7,7,TTACGATAAGGTTCATGATA,0,4361397
yadI_predicted,0.125,7,7,TTACAGCCACGCAACGCTCT,0,4333089
yadI_predicted,0.125,7,7,TTACAATGGTTCGGAATCGT,0,4287974
yadI_predicted,0.125,7,7,TTAACAGACTCGTAGCTTAG,0,4362179
yadI_predicted,0.125,7,7,TTAAATCAGGTACCTTTCCC,0,4287085
yadI_predicted,0.125,7,7,TGTTTTAGGAGACAAACATA,0,4345626
yadI_predicted,0.125,7,7,TGTTTCAGTTTCGCGTCAGT,0,4316912
yadI_predicted,0.125,7,7,TGTTGACGGGGCAGTCATGA,0,4363116
yadI_predicted,0.125,7,7,TGTTATTTCGCTATAGGGGT,0,4323233
yadI_predicted,0.125,7,7,TGTTAAGCGCAAACGCTAGC,0,4330255
yadI_predicted,0.125,7,7,TGTTAACTATGTAAAAGTTC,0,4298135
yadI_predicted,0.125,7,7,TGTGTTAGTTCGAAATTTTA,0,4315557
yadI_predicted,0.125,7,7,TGTGTGTAGACTGCGGCGCT,0,4328834
yadI_predicted,0.125,7,7,TGTGGGTCCGTAGCCAAAGG,0,4284119
yadI_predicted,0.125,7,7,TGTGGGAAACTGACCAACTG,0,4361952
yadI_predicted,0.125,7,7,TGTGCCGAGGGTGATATTGG,0,4348629
yadI_predicted,0.125,7,7,TGTGAGGGATCTTAATTATT,0,4306033
yadI_predicted,0.125,7,7,TGTGAAGACGGAGTCGCGCG,0,4325514
yadI_predicted,0.125,7,7,TGTCTGGCTAACGCGTCAGT,0,4306719
yadI_predicted,0.125,7,7,TGTCGAACGGATAAAGCCAG,0,4330531
yadI_predicted,0.125,7,7,TGTCATGAGAGAGTACAACT,0,4341451
yadI_predicted,0.125,7,7,TGTAGCTTATTGCGGGAAGC,0,4327561
yadI_predicted,0.125,7,7,TGTACGGCGTTATACTTACG,0,4364866
yadI_predicted,0.125,7,7,TGTACGCGGATCCAACTTCA,0,4311951
yadI_predicted,0.125,7,7,TGTACCGCTGATAGGTTATT,0,4322641
yadI_predicted,0.125,7,7,TGTAATGTGAAAGCGGCAAT,0,4321937
yadI_predicted,0.125,7,7,TGTAACATTATAACTCTGAA,0,4341535
yadI_predicted,0.125,7,7,TGGTTTCCGATCCACTTGAG,0,4320475
yadI_predicted,0.125,7,7,TGGTTGAGCGACACTTCTTA,0,4312688
yadI_predicted,0.125,7,7,TGGGACTGGAGCCAATATAG,0,4316716
yadI_predicted,0.125,7,7,TGGCCCTGTATATTCCATGT,0,4356836
yadI_predicted,0.125,7,7,TGGATCTGTTACCGTGCAAA,0,4310022
yadI_predicted,0.125,7,7,TGGATATGTCAAAGCGGAAG,0,4304492
yadI_predicted,0.125,7,7,TGGATAGGGTGAGGGCGTAC,0,4361599
yadI_predicted,0.125,7,7,TGGATAGCATGATTGTTCAT,0,4320555
yadI_predicted,0.125,7,7,TGGAGGATCGCCTCCAGTTG,0,4331419
yadI_predicted,0.125,7,7,TGGAGAGATTTCGCGGCGGT,0,4366097
yadI_predicted,0.125,7,7,TGGAAGTGTTTTAGTCCATG,0,4302009
yadI_predicted,0.125,7,7,TGGAACGTACAGGAGATAGC,0,4323833
yadI_predicted,0.125,7,7,TGGAAAAGTTTCTCCAAATA,0,4301991
yadI_predicted,0.125,7,7,TGCTCCGGGATGGGCATTAT,0,4300391
yadI_predicted,0.125,7,7,TGCTCCCTGAGCGGCGAGAT,0,4353963
yadI_predicted,0.125,7,7,TGCTCCAGGTGACGGGTTTT,0,4345631
yadI_predicted,0.125,7,7,TGCTCATACCTAGTTCCCCA,0,4315434
yadI_predicted,0.125,7,7,TGCGGGGCGGGCTATGTCCT,0,4359422
yadI_predicted,0.125,7,7,TGCGCGTCATGGGACGACGG,0,4302282
yadI_predicted,0.125,7,7,TGCGCGCTTCTCTATTCCCA,0,4365539
yadI_predicted,0.125,7,7,TGCGCAGAGTGTAAACCGAT,0,4341011
yadI_predicted,0.125,7,7,TGCGAAGGATTGAGGAGGTA,0,4348028
yadI_predicted,0.125,7,7,TGCCTCTGAGCCCTAGGTTC,0,4297132
yadI_predicted,0.125,7,7,TGCCGCAAAGCTGTGATGAC,0,4341302
yadI_predicted,0.125,7,7,TGCCGAGTACTTCAGCAAAA,0,4359997
yadI_predicted,0.125,7,7,TGCACACTATCAGTCATGTA,0,4292961
yadI_predicted,0.125,7,7,TGATGGGATTCTGTTAACGA,0,4284239
yadI_predicted,0.125,7,7,TGATGGATTGTTTTATCACA,0,4311378
yadI_predicted,0.125,7,7,TGATATACGGGACATCTCAG,0,4302484
yadI_predicted,0.125,7,7,TGATAAATCGGTGATGACGC,0,4344682
yadI_predicted,0.125,7,7,TGATAAAGATGGGGAAATAA,0,4334109
yadI_predicted,0.125,7,7,TGAGTGGCGACTCCGTTATT,0,4284684
yadI_predicted,0.125,7,7,TGAGGGGCATCTCTCACCTG,0,4331214
yadI_predicted,0.125,7,7,TGAGCTACCCCGGTCATTTG,0,4297224
yadI_predicted,0.125,7,7,TGAGCCAGCGAAGCTTTACA,0,4327723
yadI_predicted,0.125,7,7,TGACGGGAGGCTTCGAAACG,0,4295811
yadI_predicted,0.125,7,7,TGACGGACAGTTTTGGGACC,0,4298452
yadI_predicted,0.125,7,7,TGACGCGTAAACGGCTCAGG,0,4331037
yadI_predicted,0.125,7,7,TGACCACGTCGGTTCTGGTG,0,4287412
yadI_predicted,0.125,7,7,TGAATTGTATCGTGTTCAAA,0,4369662
yadI_predicted,0.125,7,7,TGAAGTCAGTGGTGCCAGTT,0,4322745
yadI_predicted,0.125,7,7,TGAAGGAACTGTTTCTGCTA,0,4287336
yadI_predicted,0.125,7,7,TCTTTCGTACAGAATGAGGA,0,4303014
yadI_predicted,0.125,7,7,TCTTGCGCGCGGTGCGAGAT,0,4288002
yadI_predicted,0.125,7,7,TCTTAAGTATTCTGGCTTGT,0,4361479
yadI_predicted,0.125,7,7,TCTGCATCCACATCTTTTTC,0,4305465
yadI_predicted,0.125,7,7,TCTATTAAACTTCATGTTGC,0,4286507
yadI_predicted,0.125,7,7,TCTATGAAAGAGGATCTCTA,0,4307681
yadI_predicted,0.125,7,7,TCTAGTGTGGAATCATGGCC,0,4344654
yadI_predicted,0.125,7,7,TCTACACTGATTCGGAAGGT,0,4316118
yadI_predicted,0.125,7,7,TCTAAGATTTTAGGTTGTAG,0,4284300
yadI_predicted,0.125,7,7,TCGTGTTGACCTCAGTCCAT,0,4340913
yadI_predicted,0.125,7,7,TCGTGTCGGAGAAACGTCAA,0,4366788
yadI_predicted,0.125,7,7,TCGTGGAGATGCGTACACGG,0,4287724
yadI_predicted,0.125,7,7,TCGTGCTAATAAAATCCAGT,0,4324084
yadI_predicted,0.125,7,7,TCGTCTGGTGGATATTAATG,0,4328222
yadI_predicted,0.125,7,7,TCGTCTATGAACATCATCCA,0,4347978
yadI_predicted,0.125,7,7,TCGTCGCTATACCTTCTGGA,0,4288690
yadI_predicted,0.125,7,7,TCGTCCGTGATTGGCACCGT,0,4324835
yadI_predicted,0.125,7,7,TCGTCACAAGCCTTTAGGGT,0,4310712
yadI_predicted,0.125,7,7,TCGTCAACAATTCAAGCAGA,0,4307735
yadI_predicted,0.125,7,7,TCGTAGGAATTGGACACCAT,0,4292634
yadI_predicted,0.125,7,7,TCGGTCTGATCAAACCGGGT,0,4305358
yadI_predicted,0.125,7,7,TCGGGCTCCTTAAACGAATC,0,4295509
yadI_predicted,0.125,7,7,TCGGCATGATTAGCCTAGTG,0,4361083
yadI_predicted,0.125,7,7,TCGGCAGACGCACTTCTCAG,0,4352672
yadI_predicted,0.125,7,7,TCGGATATTGATAAAAGGGG,0,4306295
yadI_predicted,0.125,7,7,TCGCTGGTAGTTTCACACTC,0,4358248
yadI_predicted,0.125,7,7,TCGCTCGGCAGGGCTAACTA,0,4315499
yadI_predicted,0.125,7,7,TCGCGTTGGCCGTACTAGGC,0,4306870
yadI_predicted,0.125,7,7,TCGCGGTACTGTTTCATCGT,0,4324870
yadI_predicted,0.125,7,7,TCGCATCGATTTTGTCCATT,0,4356027
yadI_predicted,0.125,7,7,TCGCAGAGGCGCTTGTCCGA,0,4357770
yadI_predicted,0.125,7,7,TCGAGGCAGGAAACCTCATT,0,4347641
yadI_predicted,0.125,7,7,TCGAACGGCTAAACAAGGCA,0,4363538
yadI_predicted,0.125,7,7,TCGAAATGTGCCGATGGTCC,0,4297609
yadI_predicted,0.125,7,7,TCCTTTGCACCACGTGTCAC,0,4326017
yadI_predicted,0.125,7,7,TCCTCACGGCTCGCTTTAAT,0,4316438
yadI_predicted,0.125,7,7,TCCGTGGTGGAGCCAGAAGG,0,4354864
yadI_predicted,0.125,7,7,TCCGTATGTCCCACTGGCTA,0,4345179
yadI_predicted,0.125,7,7,TCCGGCGAACATTGCGCGTC,0,4349124
yadI_predicted,0.125,7,7,TCCGCGTGGGGACACTAGGC,0,4317402
yadI_predicted,0.125,7,7,TCCGCGAGCTTACTGATACT,0,4321003
yadI_predicted,0.125,7,7,TCCCAAAATATTAATAAGTT,0,4333124
yadI_predicted,0.125,7,7,TCCAATGTGCCAACCATATT,0,4297408
yadI_predicted,0.125,7,7,TCCAAATATGTGGTATACGT,0,4290503
yadI_predicted,0.125,7,7,TCATGCTGCGCCCAGTTATT,0,4331025
yadI_predicted,0.125,7,7,TCATCGTTAGACTTCTGACT,0,4300155
yadI_predicted,0.125,7,7,TCATAGTGCTATGGCCCGAC,0,4295554
yadI_predicted,0.125,7,7,TCAGTTTGGATTCAACTCGG,0,4314602
yadI_predicted,0.125,7,7,TCAGTTGGGCCAAGAAAGAA,0,4320782
yadI_predicted,0.125,7,7,TCAGGTGGTCATCATATGTT,0,4344988
yadI_predicted,0.125,7,7,TCAGGGGTGGGACACTCCGC,0,4336632
yadI_predicted,0.125,7,7,TCAGCGAGCACACGGTTGCA,0,4331073
yadI_predicted,0.125,7,7,TCACTGACCCATTTATATGC,0,4338499
yadI_predicted,0.125,7,7,TCACGTAGTATCGGACGAAG,0,4337333
yadI_predicted,0.125,7,7,TCACGCTTCGAACTTGCCGA,0,4366901
yadI_predicted,0.125,7,7,TCACGATATTCGAGAATGCT,0,4349627
yadI_predicted,0.125,7,7,TCAATTAACAATACCCTACG,0,4326612
yadI_predicted,0.125,7,7,TCAATAAGGAGTGGTATAAT,0,4368099
yadI_predicted,0.125,7,7,TCAAGGTCACCAACAACGGC,0,4302851
yadI_predicted,0.125,7,7,TCAAGGGCGAGGCAAGGGCT,0,4301603
yadI_predicted,0.125,7,7,TCAACGGCGAGCGCCGCTCC,0,4344710
yadI_predicted,0.125,7,7,TCAACATAAGACAACGAATT,0,4347435
yadI_predicted,0.125,7,7,TCAACAGTAATCCCCGATTA,0,4354611
yadI_predicted,0.125,7,7,TCAACACACTGGAGCAACTA,0,4290850
yadI_predicted,0.125,7,7,TATTTGTGATTTGAATTCCG,0,4332724
yadI_predicted,0.125,7,7,TATTTGAGGAGAGCCCCTTC,0,4349328
yadI_predicted,0.125,7,7,TATTCGCCGAGCGTGCAATC,0,4354448
yadI_predicted,0.125,7,7,TATTATGCCGAGAGCCTATG,0,4311783
yadI_predicted,0.125,7,7,TATTACTAACTCTAACGGGT,0,4309458
yadI_predicted,0.125,7,7,TATTAAATCGTTCCCATTTG,0,4307567
yadI_predicted,0.125,7,7,TATTAAAGTCCGCGAGCAAA,0,4344919
yadI_predicted,0.125,7,7,TATGTGACGGGGTCGCCTGC,0,4306961
yadI_predicted,0.125,7,7,TATGTGAAGCATTATTTGTG,0,4307703
yadI_predicted,0.125,7,7,TATGTCGGAACCGCGCTAAA,0,4369920
yadI_predicted,0.125,7,7,TATGTATCTGACTAACTTTT,0,4289199
yadI_predicted,0.125,7,7,TATGGCTGAAAGTTGGGGAA,0,4357669
yadI_predicted,0.125,7,7,TATGGACAAGGCATCTCGTT,0,4301397
yadI_predicted,0.125,7,7,TATGCTATTAAAGGTTTGTT,0,4362837
yadI_predicted,0.125,7,7,TATGCCCGGAACCAAGGGTA,0,4338625
yadI_predicted,0.125,7,7,TATGAGCACTCAATGCAGAC,0,4312354
yadI_predicted,0.125,7,7,TATCTTGGCCGCTCGATTGA,0,4307911
yadI_predicted,0.125,7,7,TATCAAAGGGGTCTTATGTA,0,4358816
yadI_predicted,0.125,7,7,TATATGGTAAGCCAGTGACA,0,4289063
yadI_predicted,0.125,7,7,TATATCTGCGACCGTCCGAA,0,4319713
yadI_predicted,0.125,7,7,TATATAGGACATACGTCTCC,0,4297898
yadI_predicted,0.125,7,7,TATATACTAACTAACTATGC,0,4364772
yadI_predicted,0.125,7,7,TATACGTGTGTTGTATCTAT,0,4313529
yadI_predicted,0.125,7,7,TATACCATGTGCGCTGGAGA,0,4322648
yadI_predicted,0.125,7,7,TATACATTGTTAAGTAGCCG,0,4342144
yadI_predicted,0.125,7,7,TAGGTCTGGAGTCGATAGCA,0,4290982
yadI_predicted,0.125,7,7,TAGGTCCCATAATGCCCATG,0,4299634
yadI_predicted,0.125,7,7,TAGGGTGAGCCAGGCTGTTT,0,4320828
yadI_predicted,0.125,7,7,TAGGGGGTTCAGGATTGGAA,0,4328508
yadI_predicted,0.125,7,7,TAGGGGGGTGCTACGCACAT,0,4363763
yadI_predicted,0.125,7,7,TAGGGCATTGTGTGTGTGTG,0,4344751
yadI_predicted,0.125,7,7,TAGCGATCGGGCCTGAAACA,0,4357595
yadI_predicted,0.125,7,7,TAGCCGAGAGGTAGATATAT,0,4300954
yadI_predicted,0.125,7,7,TAGATTTCGTGGACCTCGGG,0,4289021
yadI_predicted,0.125,7,7,TAGATGTGGTCACAATACCA,0,4290062
yadI_predicted,0.125,7,7,TAGATGCCATGCCCGAACAC,0,4313953
yadI_predicted,0.125,7,7,TAGATCGGGGTAGAAGTCCC,0,4293497
yadI_predicted,0.125,7,7,TAGACTCATGCCAGAGGTTT,0,4326862
yadI_predicted,0.125,7,7,TAGACGAAGCCCTATACTAT,0,4317650
yadI_predicted,0.125,7,7,TAGAAGTGATTGACCCAAAG,0,4342972
yadI_predicted,0.125,7,7,TACTTTTATCTTCAAGAGGT,0,4316428
yadI_predicted,0.125,7,7,TACTTTGGACGGATTACGTT,0,4368581
yadI_predicted,0.125,7,7,TACTTCGACTCATCAAACGG,0,4362559
yadI_predicted,0.125,7,7,TACTCATCCTTTCTGATGGG,0,4332445
yadI_predicted,0.125,7,7,TACTACAGTAAACTCCCGTG,0,4354045
yadI_predicted,0.125,7,7,TACTAACGGCAAATTAACTT,0,4305593
yadI_predicted,0.125,7,7,TACGTGATCGTGGGCTACAA,0,4335547
yadI_predicted,0.125,7,7,TACGGTAGTGAATAACGGCG,0,4338078
yadI_predicted,0.125,7,7,TACGAATGGACTAACTTCTA,0,4356544
yadI_predicted,0.125,7,7,TACCGCCAATTACCGCTATA,0,4324064
yadI_predicted,0.125,7,7,TACCCTGGGTATGCCAAGAC,0,4368159
yadI_predicted,0.125,7,7,TACCAGACTATCACCTCGCC,0,4317713
yadI_predicted,0.125,7,7,TACCACCGCCGAGATATTGG,0,4307969
yadI_predicted,0.125,7,7,TACCACAGCTTGCTCACCTG,0,4350708
yadI_predicted,0.125,7,7,TACATGTCATTCAGTTTATG,0,4287073
yadI_predicted,0.125,7,7,TACATCGGCTCTTGTGTTTA,0,4325501
yadI_predicted,0.125,7,7,TACAGTGGTTGTGACTCCCC,0,4368869
yadI_predicted,0.125,7,7,TACACGTAAGACTCTGCTCC,0,4316584
yadI_predicted,0.125,7,7,TACAAACGGCCTAGCGGTCG,0,4298783
yadI_predicted,0.125,7,7,TAATGGTGGACCTTCTAGGC,0,4333179
yadI_predicted,0.125,7,7,TAATACACACTGAGGCGTAG,0,4352170
yadI_predicted,0.125,7,7,TAAGTATGCCTCTCGTCATG,0,4288503
yadI_predicted,0.125,7,7,TAAGGTTTTCCACCCGGAAC,0,4320929
yadI_predicted,0.125,7,7,TAAGGATGGAAAACTTGGCT,0,4340395
yadI_predicted,0.125,7,7,TAAGAGTCAATCTAGATCTG,0,4335056
yadI_predicted,0.125,7,7,TAACGGTGGCCTCTTCCACG,0,4364180
yadI_predicted,0.125,7,7,TAACGGGCAAAATCGGGACG,0,4319854
yadI_predicted,0.125,7,7,TAACGGCAGGGTTTTCTAAT,0,4287007
yadI_predicted,0.125,7,7,TAACCCTAGTTCATTCTAGG,0,4309664
yadI_predicted,0.125,7,7,TAAAGTCGTTCTCCGGCCGG,0,4293764
yadI_predicted,0.125,7,7,TAAAGGTAGGGGAAAAGAAA,0,4285736
yadI_predicted,0.125,7,7,TAAAGCCCGTTGGCTAGGCA,0,4312400
yadI_predicted,0.125,7,7,TAAAAGTGCGAGGTGTAGCA,0,4362921
yadI_predicted,0.125,7,7,TAAAACGCGTGTGGCCACGT,0,4364436
yadI_predicted,0.125,7,7,GTTTTCTACGTATCTGTCTT,0,4290936
yadI_predicted,0.125,7,7,GTTTGCATCTCACACAAGCA,0,4361955
yadI_predicted,0.125,7,7,GTTTCTAGGAGGGGCTGTCC,0,4301128
yadI_predicted,0.125,7,7,GTTTCCGACGGTTCGATTAC,0,4334830
yadI_predicted,0.125,7,7,GTTTATGTCTATCATTTCGC,0,4363757
yadI_predicted,0.125,7,7,GTTGTTAGTGTGGGGGAGGC,0,4367769
yadI_predicted,0.125,7,7,GTTGGCTGGTCTAGCCAGAC,0,4325167
yadI_predicted,0.125,7,7,GTTGCTGCTCGTTATATAAC,0,4349000
yadI_predicted,0.125,7,7,GTTGACATGGCCGAGACGAG,0,4294051
yadI_predicted,0.125,7,7,GTTGACAAAGTACCAATGGA,0,4288467
yadI_predicted,0.125,7,7,GTTCGGAGGATTCGGTCTAA,0,4329026
yadI_predicted,0.125,7,7,GTTCGCGGGCAAACAGGTGG,0,4353344
yadI_predicted,0.125,7,7,GTTCCTGGGCATTACACAAG,0,4355955
yadI_predicted,0.125,7,7,GTTCCCGTTACCATCCACCA,0,4291041
yadI_predicted,0.125,7,7,GTTCAAGGGCAGACTTTGTC,0,4349656
yadI_predicted,0.125,7,7,GTTACCTCGAACGAGTGTCG,0,4337699
yadI_predicted,0.125,7,7,GTGTTGGGCTTTTACATCGA,0,4320368
yadI_predicted,0.125,7,7,GTGTCTGCCTGTAACCTTGA,0,4354437
yadI_predicted,0.125,7,7,GTGTCAATACACTGTTCCTT,0,4302678
yadI_predicted,0.125,7,7,GTGTAATCCTAGGGTAAAAA,0,4296942
yadI_predicted,0.125,7,7,GTGGGCGCACAAGATCGCGC,0,4288105
yadI_predicted,0.125,7,7,GTGGGCATCAAGGGGTGGAC,0,4317966
yadI_predicted,0.125,7,7,GTGGGAGATGCTCGGGGTGT,0,4297378
yadI_predicted,0.125,7,7,GTGGGAAGGCGCCCAGGCAA,0,4298779
yadI_predicted,0.125,7,7,GTGGCTACGCAGTGCCGTCA,0,4323364
yadI_predicted,0.125,7,7,GTGGAGGACATCATCGCGTG,0,4366477
yadI_predicted,0.125,7,7,GTGCTGGTATCATTACAGGT,0,4321211
yadI_predicted,0.125,7,7,GTGCTATCCAGCCCTAATGT,0,4314966
yadI_predicted,0.125,7,7,GTGCGTGCATGCTATAATAT,0,4313466
yadI_predicted,0.125,7,7,GTGCCTTCTAAGACGGAACG,0,4354305
yadI_predicted,0.125,7,7,GTGATCGTCGTAAAGCGGCG,0,4361465
yadI_predicted,0.125,7,7,GTGATACAGTTGCCAGAAAT,0,4338320
yadI_predicted,0.125,7,7,GTGAGTGCTCCGTGCAGGTT,0,4331759
yadI_predicted,0.125,7,7,GTGAGACGGGAGTAGCATCA,0,4318561
yadI_predicted,0.125,7,7,GTGACCTGAACACTCACGGC,0,4319735
yadI_predicted,0.125,7,7,GTGAAATCAACCCGATATGA,0,4307299
yadI_predicted,0.125,7,7,GTCTTTAAGTACGTAAAGCC,0,4358853
yadI_predicted,0.125,7,7,GTCTCTAGTGTCGGGTCACA,0,4350123
yadI_predicted,0.125,7,7,GTCTCGTAGTAAAATTGAAA,0,4302286
yadI_predicted,0.125,7,7,GTCGGTGGTCGCATCACAAA,0,4336654
yadI_predicted,0.125,7,7,GTCGGTCGCGCACAATCTCG,0,4362420
yadI_predicted,0.125,7,7,GTCGGCAATTGAATTATAGA,0,4288309
yadI_predicted,0.125,7,7,GTCGATCCAGTGCACGCTAT,0,4304722
yadI_predicted,0.125,7,7,GTCCTGTACCGGCAGCAGAT,0,4323556
yadI_predicted,0.125,7,7,GTCCTCCAACGCGTGTCGCG,0,4348625
yadI_predicted,0.125,7,7,GTCCCGGTTTCACCGCCTTT,0,4359237
yadI_predicted,0.125,7,7,GTCCCATCGATAGGGCAGAA,0,4345928
yadI_predicted,0.125,7,7,GTCCAAAGAAGTCCATGAAG,0,4343454
yadI_predicted,0.125,7,7,GTCAATCCGATCCCGCGGTT,0,4333871
yadI_predicted,0.125,7,7,GTCAAGAGACTGTCTTAGTT,0,4338346
yadI_predicted,0.125,7,7,GTCAAACAGCCAGCGACTAT,0,4361827
yadI_predicted,0.125,7,7,GTCAAACACGACTATCTACA,0,4324810
yadI_predicted,0.125,7,7,GTATTCCCCTGCCGAAGATC,0,4318024
yadI_predicted,0.125,7,7,GTATTCAGTCAAAAGGGCCA,0,4344068
yadI_predicted,0.125,7,7,GTATGTGTGACATTTTAACA,0,4361573
yadI_predicted,0.125,7,7,GTAGTCCCCGTCGATTCTCG,0,4356967
yadI_predicted,0.125,7,7,GTAGGTCTCTTTAGGCTGAA,0,4324917
yadI_predicted,0.125,7,7,GTAGGGCTCCGCCGGTGGGT,0,4301258
yadI_predicted,0.125,7,7,GTAGACAGCGTGCTTGTTGG,0,4322698
yadI_predicted,0.125,7,7,GTACTTAGACGGACCTACGC,0,4359806
yadI_predicted,0.125,7,7,GTACGAAGGAGACGATCCAT,0,4338111
yadI_predicted,0.125,7,7,GTACACCAATAGAACAACTA,0,4300888
yadI_predicted,0.125,7,7,GTACAACTTCGCGGTCCGCA,0,4353059
yadI_predicted,0.125,7,7,GTAAATCCAGCTACCCTACA,0,4301909
yadI_predicted,0.125,7,7,GGTTTTTGTTGACAGGCCTT,0,4337265
yadI_predicted,0.125,7,7,GGTTTTGGTTGACCAAAGCT,0,4336137
yadI_predicted,0.125,7,7,GGTTGGAATAATGTCCCTAT,0,4299044
yadI_predicted,0.125,7,7,GGTTCCCGCTCTTGATTGTA,0,4287633
yadI_predicted,0.125,7,7,GGTTACGATTGACAGCTGTA,0,4288955
yadI_predicted,0.125,7,7,GGTGTACGATGTCGCGAATC,0,4321076
yadI_predicted,0.125,7,7,GGTGTAAGGTAGTGTCACGG,0,4333586
yadI_predicted,0.125,7,7,GGTGGTTAACCGACGAACCT,0,4314826
yadI_predicted,0.125,7,7,GGTGCTCCAGGTATATACTC,0,4343321
yadI_predicted,0.125,7,7,GGTCGTGATCTGATAACTCC,0,4322008
yadI_predicted,0.125,7,7,GGTCCATACCTGGTCCCAAT,0,4355320
yadI_predicted,0.125,7,7,GGTCACGCATGGTGGGGTGG,0,4355041
yadI_predicted,0.125,7,7,GGTCACGAATTGCACGGATG,0,4287618
yadI_predicted,0.125,7,7,GGTATGGGCTCCTAACTCTT,0,4314481
yadI_predicted,0.125,7,7,GGTATGGCTGCAAACAACTT,0,4331192
yadI_predicted,0.125,7,7,GGTAGTGGCTCTGGCTTTAC,0,4332048
yadI_predicted,0.125,7,7,GGTAGACGCAATACCTGCAG,0,4344640
yadI_predicted,0.125,7,7,GGTACTTGTATCCTGACGGG,0,4299471
yadI_predicted,0.125,7,7,GGTACATAAACGATCAGTGG,0,4300187
yadI_predicted,0.125,7,7,GGGTAGAGGAGGTTGAATCA,0,4291881
yadI_predicted,0.125,7,7,GGGTAATGGTTCACGCTTAT,0,4354288
yadI_predicted,0.125,7,7,GGGGTGTTGTAACCCGATCA,0,4328955
yadI_predicted,0.125,7,7,GGGGTCGCGCCATTGGTGCG,0,4332548
yadI_predicted,0.125,7,7,GGGGGGGCACGTGGTAACCG,0,4361265
yadI_predicted,0.125,7,7,GGGGGATTTCACATACTATG,0,4330305
yadI_predicted,0.125,7,7,GGGCTTACCCTAAGGACGGA,0,4308166
yadI_predicted,0.125,7,7,GGGCTAGTATTGAGTAATCA,0,4354675
yadI_predicted,0.125,7,7,GGGATCGCAATATCGCTAAA,0,4297143
yadI_predicted,0.125,7,7,GGGAGGGAGTGCTTATAAGG,0,4299409
yadI_predicted,0.125,7,7,GGGACTTAGCACCGTCCGTT,0,4294365
yadI_predicted,0.125,7,7,GGGAACTGGATCTTGGTTAT,0,4339171
yadI_predicted,0.125,7,7,GGCTTTCACGACTACACCGT,0,4286865
yadI_predicted,0.125,7,7,GGCTGAGCGCCGGCGCCTCT,0,4319352
yadI_predicted,0.125,7,7,GGCGTTATTAATTAAAGACG,0,4349048
yadI_predicted,0.125,7,7,GGCGTATGAAGCATGATCAC,0,4305334
yadI_predicted,0.125,7,7,GGCGGAGATCGGTCTGAAAG,0,4323961
yadI_predicted,0.125,7,7,GGCGCTCGTGTGAGGAAAGC,0,4314520
yadI_predicted,0.125,7,7,GGCGCACGGCGCATGTTTGG,0,4359140
yadI_predicted,0.125,7,7,GGCCTGTCGGGATCGGAGCG,0,4368447
yadI_predicted,0.125,7,7,GGCCGGTCTGTCCGAAGTGA,0,4304555
yadI_predicted,0.125,7,7,GGCCAACGTAAACAAGTGTG,0,4304351
yadI_predicted,0.125,7,7,GGCAGTTCGTATCTGTCGGT,0,4337516
yadI_predicted,0.125,7,7,GGCACTGAAACATGCGCGCC,0,4295215
yadI_predicted,0.125,7,7,GGCACATCCTTGACCCGTCC,0,4296911
yadI_predicted,0.125,7,7,GGCACACACTCTGTCGGGGT,0,4363880
yadI_predicted,0.125,7,7,GGCAAGGGGCTGATCCAGGA,0,4295555
yadI_predicted,0.125,7,7,GGCAACGGCAAATAGCTTTG,0,4321064
yadI_predicted,0.125,7,7,GGATACTCTTTCGCTAGGGG,0,4325502
yadI_predicted,0.125,7,7,GGATACAGGGCGAAGAGTGT,0,4327805
yadI_predicted,0.125,7,7,GGAGAGGATACTGGATGTTA,0,4302796
yadI_predicted,0.125,7,7,GGACCCTACGATCCATTATA,0,4366694
yadI_predicted,0.125,7,7,GGACCCCTACAGGGTGATGT,0,4299655
yadI_predicted,0.125,7,7,GGACATGAGGCTTACTATTG,0,4306064
yadI_predicted,0.125,7,7,GGAATCCAACGATCGGCACG,0,4363536
yadI_predicted,0.125,7,7,GGAAGTACGCGCCTTTTTAT,0,4349223
yadI_predicted,0.125,7,7,GGAAATTATATGGGAGGTTG,0,4339641
yadI_predicted,0.125,7,7,GGAAACTTTGATTTGGGGGT,0,4291583
yadI_predicted,0.125,7,7,GCTTTACTCAGAGACAACGA,0,4330806
yadI_predicted,0.125,7,7,GCTTGCGAAGAATTACGACG,0,4287149
yadI_predicted,0.125,7,7,GCTTCAGAGCTCCCAGTCAA,0,4341674
yadI_predicted,0.125,7,7,GCTTATATTACTTCTCAGTC,0,4349341
yadI_predicted,0.125,7,7,GCTGGCGCAATAAATGGGAG,0,4286295
yadI_predicted,0.125,7,7,GCTGCGTTTGCTACCTCGTC,0,4353184
yadI_predicted,0.125,7,7,GCTGCCCGGTTTCGGATTAA,0,4306883
yadI_predicted,0.125,7,7,GCTGCCAGGGCAGTGTCATA,0,4306186
yadI_predicted,0.125,7,7,GCTCGCATGTCGTTAATCTC,0,4286964
yadI_predicted,0.125,7,7,GCTCCGTAGACAGGGTCGGT,0,4322750
yadI_predicted,0.125,7,7,GCTCCGGGTATTTGCCGCTC,0,4303057
yadI_predicted,0.125,7,7,GCTCATTATGTGTCTTACAT,0,4331077
yadI_predicted,0.125,7,7,GCTCAGGTTTTCACCAGATG,0,4325019
yadI_predicted,0.125,7,7,GCTCAAGGAGAGGAACTTGA,0,4301855
yadI_predicted,0.125,7,7,GCGTTGGAACGCTTGTTTGG,0,4321332
yadI_predicted,0.125,7,7,GCGTTAGTTAGTCGTTCAAC,0,4332142
yadI_predicted,0.125,7,7,GCGTGCTACCAATCGTCTAA,0,4325519
yadI_predicted,0.125,7,7,GCGTGCCAAATAGGTCCAAT,0,4331572
yadI_predicted,0.125,7,7,GCGTCATGCGAGTGGAGGCG,0,4291973
yadI_predicted,0.125,7,7,GCGTACCTTACGTTTTTACG,0,4324704
yadI_predicted,0.125,7,7,GCGGTTGGGTCGCAGGCTCT,0,4304634
yadI_predicted,0.125,7,7,GCGGTAAGGATACCTAATAC,0,4308363
yadI_predicted,0.125,7,7,GCGGGACACCAGACTAAATT,0,4309854
yadI_predicted,0.125,7,7,GCGGCGCCGTCCCTAGGGGA,0,4351490
yadI_predicted,0.125,7,7,GCGGATTACTTTAGACTTAT,0,4316417
yadI_predicted,0.125,7,7,GCGCTCTAACAGCTGCGTTC,0,4339037
yadI_predicted,0.125,7,7,GCGCGAATAAGTCCTCTGGC,0,4292380
yadI_predicted,0.125,7,7,GCGCCCCGTTGGAAGGCCAG,0,4342917
yadI_predicted,0.125,7,7,GCGCAACGTATACCCTTGGC,0,4285149
yadI_predicted,0.125,7,7,GCGATCATCCCAATGATTGG,0,4348100
yadI_predicted,0.125,7,7,GCGAGCCCGTAACCAGTTAA,0,4298366
yadI_predicted,0.125,7,7,GCGACGGGAGCTATCGTCTT,0,4346113
yadI_predicted,0.125,7,7,GCGACGCGAACAAGTCGCGC,0,4363201
yadI_predicted,0.125,7,7,GCGAAGTGGATAAATGCAAT,0,4304826
yadI_predicted,0.125,7,7,GCGAAGATGCACAGCATTCC,0,4338735
yadI_predicted,0.125,7,7,GCGAACTGCCTCTGCCTTAT,0,4366220
yadI_predicted,0.125,7,7,GCCTTGTTATTCATCCTCGG,0,4359452
yadI_predicted,0.125,7,7,GCCTCTTGCGGGGTGATGGC,0,4292733
yadI_predicted,0.125,7,7,GCCTCCCTACCGATGACGTG,0,4284947
yadI_predicted,0.125,7,7,GCCTAGAGTCGTATTCCAAA,0,4344764
yadI_predicted,0.125,7,7,GCCTAACTGCGGCTCGGAGG,0,4365444
yadI_predicted,0.125,7,7,GCCGGCGAGCTCCCGCGCGG,0,4367549
yadI_predicted,0.125,7,7,GCCGGATTCGATGTACGCCA,0,4293154
yadI_predicted,0.125,7,7,GCCGGAAGGCACCACTATCT,0,4338289
yadI_predicted,0.125,7,7,GCCGCGGGCGAATCGGTTGA,0,4365326
yadI_predicted,0.125,7,7,GCCCTTCCACCAGGAGAATC,0,4332263
yadI_predicted,0.125,7,7,GCCCATTTGGATGAAGCCCA,0,4358514
yadI_predicted,0.125,7,7,GCCCACAACAGATAGGTTTA,0,4320556
yadI_predicted,0.125,7,7,GCCCAAGCATGGGTATCGTG,0,4369197
yadI_predicted,0.125,7,7,GCCATCCTGCATTCGCTTGT,0,4336811
yadI_predicted,0.125,7,7,GCCATCACTGCGCAGGGATT,0,4288824
yadI_predicted,0.125,7,7,GCCATACCTCGCAAGCTTTC,0,4349014
yadI_predicted,0.125,7,7,GCCAGGTCCCTTACTGACCT,0,4309126
yadI_predicted,0.125,7,7,GCCAGCCGCAGTCGGATCTC,0,4289912
yadI_predicted,0.125,7,7,GCCAATAAACTCTATATGAG,0,4323053
yadI_predicted,0.125,7,7,GCCAAGGCCTAGACTTGGTC,0,4327781
yadI_predicted,0.125,7,7,GCCAAGCTAAGGGACCCTTT,0,4289684
yadI_predicted,0.125,7,7,GCATTGTAACATGCGATATA,0,4307446
yadI_predicted,0.125,7,7,GCATCTAATGAATTAGTTTG,0,4326125
yadI_predicted,0.125,7,7,GCATATAGCGAGCCGTTAAA,0,4323097
yadI_predicted,0.125,7,7,GCACCGTGTCCCGCGACAGC,0,4351354
yadI_predicted,0.125,7,7,GCACATGTTTGGAGCGGAGG,0,4284723
yadI_predicted,0.125,7,7,GCACAGGAAGCCCACGGTGC,0,4305509
yadI_predicted,0.125,7,7,GCACACTAAACGTTGAGATA,0,4284342
yadI_predicted,0.125,7,7,GCAATCTACGCCTACGCTGC,0,4332281
yadI_predicted,0.125,7,7,GCAAGTGTCACCCCGAATCG,0,4297939
yadI_predicted,0.125,7,7,GCAAGGAACGGCGGTAGCTA,0,4324069
yadI_predicted,0.125,7,7,GCAACGTTGTGAGTCCCGGA,0,4332506
yadI_predicted,0.125,7,7,GCAAAGTAAAGGCTGGACTA,0,4320727
yadI_predicted,0.125,7,7,GCAAACTGATGCAGGTGTCA,0,4288313
yadI_predicted,0.125,7,7,GATTTTTACTTGAGACAGAC,0,4363854
yadI_predicted,0.125,7,7,GATTCCCTTTCCAGTCTGAT,0,4285888
yadI_predicted,0.125,7,7,GATTACGTATCGGTTTTTTT,0,4337990
yadI_predicted,0.125,7,7,GATGTCATGGAGTTCTCCCC,0,4346435
yadI_predicted,0.125,7,7,GATGTAGGAGCAGTGTACGA,0,4291943
yadI_predicted,0.125,7,7,GATGGAAGGTACGTTCTCTA,0,4349524
yadI_predicted,0.125,7,7,GATGCCAGTCTAACATTTGC,0,4302045
yadI_predicted,0.125,7,7,GATGAATTCTACAGAACACT,0,4354699
yadI_predicted,0.125,7,7,GATCTTGCAATCAAATAACT,0,4349397
yadI_predicted,0.125,7,7,GATCGAAAGACTTGGGGGGT,0,4362483
yadI_predicted,0.125,7,7,GATCCTTCCCATGCCTACTT,0,4305591
yadI_predicted,0.125,7,7,GATATGTCTAGGTCCAGCGC,0,4367005
yadI_predicted,0.125,7,7,GATATCTATCGCCAGGAACA,0,4340857
yadI_predicted,0.125,7,7,GATAGTCTCTCTAGGGACTT,0,4346769
yadI_predicted,0.125,7,7,GATAGAATAATAGATTTTGC,0,4319248
yadI_predicted,0.125,7,7,GATACCAGAAGCAGAACGAC,0,4337246
yadI_predicted,0.125,7,7,GAGTTTTAGCCGTTTTTCCT,0,4313168
yadI_predicted,0.125,7,7,GAGTCTTCACCCATGTTATA,0,4338732
yadI_predicted,0.125,7,7,GAGTAGGGAAAATTCTGTAT,0,4360804
yadI_predicted,0.125,7,7,GAGCTGAGACCTAACCTCGT,0,4306898
yadI_predicted,0.125,7,7,GAGCTAGGAGTGCTGGCTCG,0,4330960
yadI_predicted,0.125,7,7,GAGCGGCGTCTACAACCATA,0,4301771
yadI_predicted,0.125,7,7,GAGCAGTTTCCAGGCCTTTT,0,4312493
yadI_predicted,0.125,7,7,GAGCAGGCGCGAGAACGTAC,0,4296236
yadI_predicted,0.125,7,7,GAGCAAGGTTAGAGTTACAA,0,4364418
yadI_predicted,0.125,7,7,GAGATTCCTACGGTTAAACG,0,4284378
yadI_predicted,0.125,7,7,GAGATCGGGGGTTCAGCAAG,0,4358428
yadI_predicted,0.125,7,7,GAGATAGAGTCTTGACATTG,0,4298392
yadI_predicted,0.125,7,7,GAGATAAACGTCGACTGGTC,0,4324316
yadI_predicted,0.125,7,7,GAGAGACGGTCTGATCCCAT,0,4311022
yadI_predicted,0.125,7,7,GAGAAGTAAGGACTGAAGTT,0,4293129
yadI_predicted,0.125,7,7,GAGAACTCACGATACTTTCC,0,4360981
yadI_predicted,0.125,7,7,GACTTGGGAGGAAGGACAGT,0,4301138
yadI_predicted,0.125,7,7,GACTTAGGGCCATGGTATTA,0,4304045
yadI_predicted,0.125,7,7,GACTGGCGAGTACTATTGAT,0,4331307
yadI_predicted,0.125,7,7,GACTGCCGGTTCAAGGACTA,0,4316753
yadI_predicted,0.125,7,7,GACTCGTTCCGGCATTATCA,0,4321079
yadI_predicted,0.125,7,7,GACTAAACGTTGAAGAGCGT,0,4363181
yadI_predicted,0.125,7,7,GACGGCCGAATCAAAACATT,0,4295884
yadI_predicted,0.125,7,7,GACGCATGATATGGCTGATT,0,4324684
yadI_predicted,0.125,7,7,GACCTCAAGAATGGCATTGA,0,4326781
yadI_predicted,0.125,7,7,GACCCGGGCAAATGGGTTCG,0,4328663
yadI_predicted,0.125,7,7,GACCATAGCATCGGCTCACA,0,4367787
yadI_predicted,0.125,7,7,GACCAGAAGTACAATCTTGT,0,4322290
yadI_predicted,0.125,7,7,GACAGATGCGTACAGATCCA,0,4298201
yadI_predicted,0.125,7,7,GACACTCCGAGATTTGGGCT,0,4323562
yadI_predicted,0.125,7,7,GACACGTGGATGTATTGGGA,0,4301811
yadI_predicted,0.125,7,7,GACACAGTTTTACGGAACGG,0,4345628
yadI_predicted,0.125,7,7,GACAAGAGCATAGTTTTACA,0,4297518
yadI_predicted,0.125,7,7,GAATTCGTTCGCGGTTAGAC,0,4347622
yadI_predicted,0.125,7,7,GAATGCTTCAGGATTAGGAG,0,4342676
yadI_predicted,0.125,7,7,GAATCAGCGTAGCTGGCTTT,0,4338163
yadI_predicted,0.125,7,7,GAATACCAAATCAAGTCAAG,0,4291641
yadI_predicted,0.125,7,7,GAAGTTAGAGTGGAGTAGCA,0,4321143
yadI_predicted,0.125,7,7,GAAGTTACCCTGTGTGTTTC,0,4352639
yadI_predicted,0.125,7,7,GAAGTAGGCAGTTGGAAGGC,0,4362728
yadI_predicted,0.125,7,7,GAAGGCAGGTCCGCTAGCAT,0,4320736
yadI_predicted,0.125,7,7,GAACTCGCGGTTCTAGAAGG,0,4298048
yadI_predicted,0.125,7,7,GAACGTAGAGACAGAGGATT,0,4317378
yadI_predicted,0.125,7,7,GAACGGTCATGCACGCTGAA,0,4338262
yadI_predicted,0.125,7,7,GAACGACGTCCGAATGTTGA,0,4305537
yadI_predicted,0.125,7,7,GAAATAAGAATCCTTAGTGC,0,4324457
yadI_predicted,0.125,7,7,GAAAGTGAAGTAACCCGCCC,0,4354289
yadI_predicted,0.125,7,7,CTTTTACCGTCAAGCCAGGG,0,4355370
yadI_predicted,0.125,7,7,CTTTCCTAGACTCTAGCGGG,0,4353421
yadI_predicted,0.125,7,7,CTTGTCTAGTGCGCGTATCA,0,4311649
yadI_predicted,0.125,7,7,CTTGGTGCGAGTATCTTGGT,0,4313330
yadI_predicted,0.125,7,7,CTTGGAACCGCGAGCCCAAA,0,4367998
yadI_predicted,0.125,7,7,CTTGAGAAAACCATTGAATG,0,4342417
yadI_predicted,0.125,7,7,CTTCTTTTCTGGGCTATTAT,0,4319641
yadI_predicted,0.125,7,7,CTTCCGAAATGCGAATCCTT,0,4316355
yadI_predicted,0.125,7,7,CTTATACAGGTAATGAGCAT,0,4353557
yadI_predicted,0.125,7,7,CTTAGTACCGATGCGACACA,0,4291090
yadI_predicted,0.125,7,7,CTGTTTTGATAGCGCATACG,0,4345405
yadI_predicted,0.125,7,7,CTGTGGCGACCAATCACAGT,0,4347430
yadI_predicted,0.125,7,7,CTGTGCTACACCCCTGGTCT,0,4320854
yadI_predicted,0.125,7,7,CTGTCAGATTAAACGTCTAT,0,4292099
yadI_predicted,0.125,7,7,CTGGTTATCGGCTTATCAAT,0,4304739
yadI_predicted,0.125,7,7,CTGGTCATGAAAGGTTTCGC,0,4367836
yadI_predicted,0.125,7,7,CTGGTATGCCGCGTTCTTAG,0,4365530
yadI_predicted,0.125,7,7,CTGGTAACAAAAAAAAATAC,0,4316814
yadI_predicted,0.125,7,7,CTGGGTTTAGGGGCTTTCTC,0,4342321
yadI_predicted,0.125,7,7,CTGGGCTCCTCGTATGTTCA,0,4369652
yadI_predicted,0.125,7,7,CTGGGAGTCTTGAGACGGTG,0,4305391
yadI_predicted,0.125,7,7,CTGGAGAGGTCCATGAGCGT,0,4300530
yadI_predicted,0.125,7,7,CTGGACTCGCTAATCCGAGC,0,4317552
yadI_predicted,0.125,7,7,CTGCTAGTTGAGAAGTGGGT,0,4369724
yadI_predicted,0.125,7,7,CTGCGCTATAGACGAGTGCA,0,4367794
yadI_predicted,0.125,7,7,CTGCGAAGGTACCCATATTT,0,4365051
yadI_predicted,0.125,7,7,CTGCATGCAAACCGCGTTGC,0,4367420
yadI_predicted,0.125,7,7,CTGCACCTTGCGGTGACGGG,0,4353882
yadI_predicted,0.125,7,7,CTGCAATGTCGAAACGAGCA,0,4309840
yadI_predicted,0.125,7,7,CTGAGTGAAGGCAGGGTAGA,0,4324434
yadI_predicted,0.125,7,7,CTGAGTATCGCAGTGTCCGA,0,4331198
yadI_predicted,0.125,7,7,CTGAGCGGTTAACAGGCGTT,0,4329336
yadI_predicted,0.125,7,7,CTGAGAGAGGTCGTCGCAAG,0,4309841
yadI_predicted,0.125,7,7,CTGACAAGGTTGGCCTCGAG,0,4328370
yadI_predicted,0.125,7,7,CTGAAGTACTATGGTGTCTT,0,4363231
yadI_predicted,0.125,7,7,CTGAAATTCTAATGTTTCAA,0,4343670
yadI_predicted,0.125,7,7,CTCTTGTTGGCATTCAGACA,0,4332610
yadI_predicted,0.125,7,7,CTCTCTACGACGACCGGTCA,0,4349638
yadI_predicted,0.125,7,7,CTCTCCTAGCCCGCGGAAGG,0,4294178
yadI_predicted,0.125,7,7,CTCTACAGACTGCCACAACT,0,4289044
yadI_predicted,0.125,7,7,CTCGGTTTGACAGGCCGTTG,0,4343548
yadI_predicted,0.125,7,7,CTCGGCATGGCCTCGATAGG,0,4324461
yadI_predicted,0.125,7,7,CTCGCCTATGCGACACCACA,0,4320501
yadI_predicted,0.125,7,7,CTCGCATCTACAAAGTATTA,0,4310260
yadI_predicted,0.125,7,7,CTCGCAGAGTATAGGGATGG,0,4297659
yadI_predicted,0.125,7,7,CTCGAGCGCTGAGATAGTTT,0,4289866
yadI_predicted,0.125,7,7,CTCGAGAAATAGCGTTTCCC,0,4366485
yadI_predicted,0.125,7,7,CTCGACCCCGGCATCACGGA,0,4340700
yadI_predicted,0.125,7,7,CTCCCCGCGGGCAGTTTTGG,0,4291151
yadI_predicted,0.125,7,7,CTCCAGTCCGATATGAGCAG,0,4316903
yadI_predicted,0.125,7,7,CTCCAGAGCGTACTCACTCC,0,4353145
yadI_predicted,0.125,7,7,CTCCACCTTCCAATTGCCAC,0,4355467
yadI_predicted,0.125,7,7,CTCCACCTGCGAACGCGTAA,0,4288753
yadI_predicted,0.125,7,7,CTCATGGAGGCCTAAATGTT,0,4298513
yadI_predicted,0.125,7,7,CTCATCGGTCGTGTGGGAAC,0,4305374
yadI_predicted,0.125,7,7,CTCACAAAGAAGCAGGACCA,0,4366591
yadI_predicted,0.125,7,7,CTATTGAAATTGGGTATGCG,0,4348570
yadI_predicted,0.125,7,7,CTATGTTCGTTGAAGCGTCA,0,4361558
yadI_predicted,0.125,7,7,CTATGCGACTTTGCGTCAGT,0,4303929
yadI_predicted,0.125,7,7,CTATGCCGAGAATCGAGCCT,0,4347179
yadI_predicted,0.125,7,7,CTATAGTTTTTATCGCGTGA,0,4323183
yadI_predicted,0.125,7,7,CTATACCTGCGTTAAGAGAC,0,4299179
yadI_predicted,0.125,7,7,CTAGGTTACGACCCGCACAT,0,4349488
yadI_predicted,0.125,7,7,CTAGCATTTTCAACTGGACT,0,4351669
yadI_predicted,0.125,7,7,CTAGATTCGGGGGTAGGCCC,0,4352912
yadI_predicted,0.125,7,7,CTAGATCGCCATATGCTCAA,0,4351087
yadI_predicted,0.125,7,7,CTAGATCCGGCAGACCTGTG,0,4295078
yadI_predicted,0.125,7,7,CTACTGGTCGGCCAGCCCTT,0,4289007
yadI_predicted,0.125,7,7,CTACGCTGCAGAAGAAGCAT,0,4356161
yadI_predicted,0.125,7,7,CTACCGGATGTCTTTTGCAA,0,4368175
yadI_predicted,0.125,7,7,CTAATGTTATGAAAACACAT,0,4327348
yadI_predicted,0.125,7,7,CTAAGCCAGGACACACTCGA,0,4344914
yadI_predicted,0.125,7,7,CGTTTAGAAGCTCGGAAAGA,0,4306882
yadI_predicted,0.125,7,7,CGTTTAATCTCCGGCATTCT,0,4366377
yadI_predicted,0.125,7,7,CGTTGGTATAGTTTCTGAGT,0,4313230
yadI_predicted,0.125,7,7,CGTTGACAAAAAGCTTGAAC,0,4325623
yadI_predicted,0.125,7,7,CGTTGAATCAATCCGTCCTA,0,4289226
yadI_predicted,0.125,7,7,CGTTCTCTAACGTCCTTTGG,0,4331380
yadI_predicted,0.125,7,7,CGTTCAGAGTTCTTGACAGT,0,4332905
yadI_predicted,0.125,7,7,CGTTAAGACAGATGCTTTCT,0,4325868
yadI_predicted,0.125,7,7,CGTGTGCTATCCATCTAATA,0,4286412
yadI_predicted,0.125,7,7,CGTGTAAATTATGGTCTCAC,0,4298211
yadI_predicted,0.125,7,7,CGTGCTATTTCAGATTGGTC,0,4320119
yadI_predicted,0.125,7,7,CGTCTCGAATCTGTCGAATC,0,4301009
yadI_predicted,0.125,7,7,CGTCGGTCGGACTCGTACGG,0,4316828
yadI_predicted,0.125,7,7,CGTCGGTCCACTCCTAATCA,0,4303782
yadI_predicted,0.125,7,7,CGTCGCTGCAGCGCCAAATT,0,4338889
yadI_predicted,0.125,7,7,CGTACTTCTCTCAGTAATGG,0,4326311
yadI_predicted,0.125,7,7,CGTAATCTGACTGACCAAGG,0,4298867
yadI_predicted,0.125,7,7,CGGTTAGGGACACACGGAGT,0,4290442
yadI_predicted,0.125,7,7,CGGTGGCGGAATTGACGAAG,0,4334487
yadI_predicted,0.125,7,7,CGGTGACAGTCTCGGGGTAA,0,4358356
yadI_predicted,0.125,7,7,CGGTCTGGGCGTCCATGGCC,0,4331028
yadI_predicted,0.125,7,7,CGGTCTCCGCCGCACCACGA,0,4321602
yadI_predicted,0.125,7,7,CGGTCCTTTACCGGCCTCAA,0,4288451
yadI_predicted,0.125,7,7,CGGTATTCGATCCTTTGTGT,0,4355750
yadI_predicted,0.125,7,7,CGGTACCGGCACGTAAATGG,0,4319331
yadI_predicted,0.125,7,7,CGGGTGGAGGGAAGTATAAG,0,4294715
yadI_predicted,0.125,7,7,CGGGGTCTCCAGGTACCTGC,0,4290253
yadI_predicted,0.125,7,7,CGGGGTAGCCGCATCACGCA,0,4328296
yadI_predicted,0.125,7,7,CGGGGCGATAGCAATTACGG,0,4308537
yadI_predicted,0.125,7,7,CGGGAAGCTGCCAAAACAAG,0,4287175
yadI_predicted,0.125,7,7,CGGCTTCGCTTTAAGGTGAT,0,4291453
yadI_predicted,0.125,7,7,CGGCTAACCTGCAATGTGCG,0,4347953
yadI_predicted,0.125,7,7,CGGCTAAACGGACTTTCGAG,0,4286591
yadI_predicted,0.125,7,7,CGGCGAATGATAGATGGTCT,0,4289392
yadI_predicted,0.125,7,7,CGGCCTTTCCGCGTTATCGA,0,4297398
yadI_predicted,0.125,7,7,CGGCCGAAGATACTCAATCT,0,4336715
yadI_predicted,0.125,7,7,CGGCCCCTCTAGCTCTACGT,0,4364167
yadI_predicted,0.125,7,7,CGGCAGCCTATAGATCCCAG,0,4290659
yadI_predicted,0.125,7,7,CGGCAGAGTCTAAGACCCCT,0,4322174
yadI_predicted,0.125,7,7,CGGATCCGTCCTCCTCCGGC,0,4347147
yadI_predicted,0.125,7,7,CGGAGGGGCTCATCGGGTGC,0,4330713
yadI_predicted,0.125,7,7,CGGAGCCGCAGCGCTCTCCG,0,4312409
yadI_predicted,0.125,7,7,CGGACTGCGCGCAACATGGC,0,4318274
yadI_predicted,0.125,7,7,CGGACACGGTCCTGGATTGT,0,4324889
yadI_predicted,0.125,7,7,CGGAACAGCGATGTTGACCT,0,4323468
yadI_predicted,0.125,7,7,CGCTTGAGTAAGTTAGACCT,0,4344829
yadI_predicted,0.125,7,7,CGCTGACCCCGCAGTTTGCG,0,4293041
yadI_predicted,0.125,7,7,CGCGTGTGACAAGAAATTTC,0,4333598
yadI_predicted,0.125,7,7,CGCGTGGAAGCCACTTAAGG,0,4360359
yadI_predicted,0.125,7,7,CGCGGTATCTCCGAATGAGA,0,4313479
yadI_predicted,0.125,7,7,CGCGGTACGACCCTTGTGGT,0,4367147
yadI_predicted,0.125,7,7,CGCGGGTGGGTGTCTATGCT,0,4345771
yadI_predicted,0.125,7,7,CGCGGGATATCTATTTAACT,0,4312717
yadI_predicted,0.125,7,7,CGCCTGTCCTACGTAAACAA,0,4355761
yadI_predicted,0.125,7,7,CGCCGCATCGTGCCAACACT,0,4351408
yadI_predicted,0.125,7,7,CGCCGATTGGTGGGAAAACC,0,4357056
yadI_predicted,0.125,7,7,CGCCCCTCTCTGTGGGATGT,0,4351244
yadI_predicted,0.125,7,7,CGCCAGCCCGGGACCAGGCT,0,4285127
yadI_predicted,0.125,7,7,CGCACAATCGTTGCCAAATG,0,4286705
yadI_predicted,0.125,7,7,CGATTTACTTTTCTGTCCAT,0,4288386
yadI_predicted,0.125,7,7,CGATGTACTTAACGGAATGC,0,4332053
yadI_predicted,0.125,7,7,CGATGGGATGCAGGTTTTCA,0,4333197
yadI_predicted,0.125,7,7,CGATGGAAATGAGCTGGGGA,0,4290938
yadI_predicted,0.125,7,7,CGATGCCTTGTGGCGTATAA,0,4331558
yadI_predicted,0.125,7,7,CGATGCCTCGTTTGGATAAG,0,4321301
yadI_predicted,0.125,7,7,CGATCTCATTTAGGCGTATT,0,4337204
yadI_predicted,0.125,7,7,CGATATCGAAGTCCGATGCT,0,4328435
yadI_predicted,0.125,7,7,CGATACCTGTGCGACGTACT,0,4365669
yadI_predicted,0.125,7,7,CGAGTTCTGAGTCTAGGAGG,0,4364274
yadI_predicted,0.125,7,7,CGAGGGAAGCGTGATGCTGA,0,4299574
yadI_predicted,0.125,7,7,CGAGCGCGATATTCACTACG,0,4336886
yadI_predicted,0.125,7,7,CGAGATATTCACACACCATG,0,4365584
yadI_predicted,0.125,7,7,CGAGACCGCCGTCTACAGGG,0,4296153
yadI_predicted,0.125,7,7,CGAGAATCAAACTCGGTCAA,0,4368161
yadI_predicted,0.125,7,7,CGACTCTGAACCGCAGTATA,0,4366479
yadI_predicted,0.125,7,7,CGACTCATATGGTACTGGTA,0,4294808
yadI_predicted,0.125,7,7,CGACTAAGGCTCAACCTTGT,0,4366090
yadI_predicted,0.125,7,7,CGACCCATCCTTTCAAACGA,0,4350291
yadI_predicted,0.125,7,7,CGACACTCCAAGGACAAATC,0,4302382
yadI_predicted,0.125,7,7,CGACAACCGCTCACGGCAAT,0,4310764
yadI_predicted,0.125,7,7,CGAATATAACGCACTACAAT,0,4331801
yadI_predicted,0.125,7,7,CGAAGCCCGGTTTGTTAACT,0,4317403
yadI_predicted,0.125,7,7,CGAACTCGGTTCAATAATGT,0,4347844
yadI_predicted,0.125,7,7,CGAAAGTGTTCGTTGAACAA,0,4324470
yadI_predicted,0.125,7,7,CCTTTTCATAAAGTAGACGG,0,4314778
yadI_predicted,0.125,7,7,CCTTTAGATGCAGAGCCCGT,0,4292227
yadI_predicted,0.125,7,7,CCTTGCGCTCCCATGCCCTC,0,4347209
yadI_predicted,0.125,7,7,CCTTAACAAAGGATGGATAA,0,4325369
yadI_predicted,0.125,7,7,CCTGTGCGTGAAATCGCTGC,0,4316586
yadI_predicted,0.125,7,7,CCTGTCGGTATGTTAGCTTT,0,4333867
yadI_predicted,0.125,7,7,CCTGGGATGCGCTGCCACCC,0,4307397
yadI_predicted,0.125,7,7,CCTGGGAAGGCGCGCGGCCC,0,4361471
yadI_predicted,0.125,7,7,CCTGCCGATAAAAATAACCA,0,4343642
yadI_predicted,0.125,7,7,CCTGATATGCTGCAGGAGGA,0,4295703
yadI_predicted,0.125,7,7,CCTGAGAGGCACATACTACC,0,4341840
yadI_predicted,0.125,7,7,CCTCTACCAGGGGCTTTATA,0,4323703
yadI_predicted,0.125,7,7,CCTCCCTGATCGGGTGATCT,0,4295211
yadI_predicted,0.125,7,7,CCTCCCGGCTCCGTAAGGTA,0,4287619
yadI_predicted,0.125,7,7,CCTCCAATTGTACTCCCGCT,0,4284861
yadI_predicted,0.125,7,7,CCTCATGAAGATGATTGAGG,0,4344903
yadI_predicted,0.125,7,7,CCTCACCAACGTTTTTCTAG,0,4366129
yadI_predicted,0.125,7,7,CCTAACTCAAGCGGCAGCTG,0,4288900
yadI_predicted,0.125,7,7,CCGTTCCGACTTTTTAAATC,0,4294267
yadI_predicted,0.125,7,7,CCGTGTCTTAGTAGTTGTTT,0,4346299
yadI_predicted,0.125,7,7,CCGTGAGCCGGCATAGTGAC,0,4356590
yadI_predicted,0.125,7,7,CCGTCCTCGTGCTCGTGTAG,0,4309739
yadI_predicted,0.125,7,7,CCGTAGAGAGTGTGCGGTGA,0,4369767
yadI_predicted,0.125,7,7,CCGTAAGGCCACTTGATAGT,0,4366680
yadI_predicted,0.125,7,7,CCGGTCTGATGACGCTGCCA,0,4304832
yadI_predicted,0.125,7,7,CCGGGCTGGCAAGTGACTCG,0,4345473
yadI_predicted,0.125,7,7,CCGGCTAAGGGCATATCATA,0,4333917
yadI_predicted,0.125,7,7,CCGGAGTATGTGAACTTCGC,0,4294613
yadI_predicted,0.125,7,7,CCGATGGTTAGCTCACGTTC,0,4318590
yadI_predicted,0.125,7,7,CCGATGGTATTTGCACGTAG,0,4362348
yadI_predicted,0.125,7,7,CCGATGGCAATAGCTTCCGT,0,4306459
yadI_predicted,0.125,7,7,CCGAGTGCGAATAGATTTTG,0,4366743
yadI_predicted,0.125,7,7,CCGACTTAAATCAGAACACT,0,4332881
yadI_predicted,0.125,7,7,CCGACAGCTCCGGGCTGAGC,0,4341289
yadI_predicted,0.125,7,7,CCCTGGACCGTGACAAGAAT,0,4342422
yadI_predicted,0.125,7,7,CCCTCGGAAATTAACAGGGC,0,4308225
yadI_predicted,0.125,7,7,CCCTCATTAAGGGAGGTGAA,0,4357776
yadI_predicted,0.125,7,7,CCCTAGTACTTCCGGCCCAC,0,4335636
yadI_predicted,0.125,7,7,CCCTACACTGGTCATTGCTC,0,4346581
yadI_predicted,0.125,7,7,CCCGTAGTCTCTATATATTG,0,4341142
yadI_predicted,0.125,7,7,CCCGTAGATTCGCTAATAGG,0,4293668
yadI_predicted,0.125,7,7,CCCCTGGGCTTACGGAAGGA,0,4293466
yadI_predicted,0.125,7,7,CCCCCTTTAATGTTCATGCA,0,4292082
yadI_predicted,0.125,7,7,CCCCAGGCTAAGATCCTGCA,0,4332952
yadI_predicted,0.125,7,7,CCCATTGTGTCACGGATCGT,0,4364005
yadI_predicted,0.125,7,7,CCCACAGTAAAGAGGATTCA,0,4284339
yadI_predicted,0.125,7,7,CCCACAGGTCCTGACGGCTC,0,4317822
yadI_predicted,0.125,7,7,CCATTGGGACACAGCCGTAG,0,4303980
yadI_predicted,0.125,7,7,CCATTCCGACACGCAGGTAT,0,4357153
yadI_predicted,0.125,7,7,CCATTACTTTGCCTTTAAAC,0,4307827
yadI_predicted,0.125,7,7,CCAGGGGCTATCGATGCTTG,0,4360029
yadI_predicted,0.125,7,7,CCAGCTTAAGGGGAAGTTAG,0,4347949
yadI_predicted,0.125,7,7,CCAGCATAGTTGTAAAAGCA,0,4318194
yadI_predicted,0.125,7,7,CCAGATCAACACCGCGCGGA,0,4300699
yadI_predicted,0.125,7,7,CCACCTGGAAGTTCTCGGGA,0,4303293
yadI_predicted,0.125,7,7,CCACCGCTGGGCGCCTGGAT,0,4321884
yadI_predicted,0.125,7,7,CCACAGAGCCTTGATTAGTT,0,4368218
yadI_predicted,0.125,7,7,CCACACCTTGGTTACGCCAA,0,4335494
yadI_predicted,0.125,7,7,CCAATTGTGCTAGGATTTTG,0,4353646
yadI_predicted,0.125,7,7,CCAAGGCGGATTGAAGGAGG,0,4319614
yadI_predicted,0.125,7,7,CCAACTGTGCGTCGCAAGAA,0,4367331
yadI_predicted,0.125,7,7,CCAACTAGCCGTGAGCCTCT,0,4369072
yadI_predicted,0.125,7,7,CCAAATATGCCGCGAATTAA,0,4355517
yadI_predicted,0.125,7,7,CATTTGATAGCAATTGACAG,0,4305517
yadI_predicted,0.125,7,7,CATTGGTACTGCGAGAATCA,0,4350993
yadI_predicted,0.125,7,7,CATTGCGCTTAGTAAATCGT,0,4355867
yadI_predicted,0.125,7,7,CATTCCGTAGATCGTAAGGG,0,4313485
yadI_predicted,0.125,7,7,CATTCCCAGTCCCCCTATGA,0,4304313
yadI_predicted,0.125,7,7,CATTATGTTACCTAGTCCTT,0,4340499
yadI_predicted,0.125,7,7,CATGGAACGGGACACATCCG,0,4349306
yadI_predicted,0.125,7,7,CATGACCTACAAAGTGCTTA,0,4298133
yadI_predicted,0.125,7,7,CATCTTACATGGCACGCCTA,0,4366878
yadI_predicted,0.125,7,7,CATCTCGGCCAGTTTCAGAT,0,4300591
yadI_predicted,0.125,7,7,CATCGTCATTGGTACTCGGC,0,4297589
yadI_predicted,0.125,7,7,CATCGCGCTAAGTCGCTGTC,0,4325575
yadI_predicted,0.125,7,7,CATCGCAAAACACTGATTAC,0,4346895
yadI_predicted,0.125,7,7,CATCCGCAACTTCTCATCGG,0,4324682
yadI_predicted,0.125,7,7,CATCAGGGGGGTAGACTAGG,0,4314193
yadI_predicted,0.125,7,7,CATATACCTCGATCTTTACT,0,4320282
yadI_predicted,0.125,7,7,CATAGCGAAGACCGACTCAA,0,4321667
yadI_predicted,0.125,7,7,CAGTTTGTGCCGTTTCCCCG,0,4318305
yadI_predicted,0.125,7,7,CAGTTAATTTTGTCCTTAGT,0,4327797
yadI_predicted,0.125,7,7,CAGTGCTTACATAAGTTCAG,0,4362176
yadI_predicted,0.125,7,7,CAGTGCGCCAGTTCTCTATA,0,4360582
yadI_predicted,0.125,7,7,CAGTGAGAGAACCTGCGAAC,0,4336007
yadI_predicted,0.125,7,7,CAGTATCATCGGCTAGCGGA,0,4319852
yadI_predicted,0.125,7,7,CAGGTCGCGCCATTTCTTAT,0,4343238
yadI_predicted,0.125,7,7,CAGGCTAGGTAAAGGCGAGA,0,4293606
yadI_predicted,0.125,7,7,CAGGCTAAAGCCGTGGTTAT,0,4356581
yadI_predicted,0.125,7,7,CAGCATAGGGCAGGTCTAGT,0,4342607
yadI_predicted,0.125,7,7,CAGCAGGTTATTTCACGGAA,0,4333729
yadI_predicted,0.125,7,7,CAGATAACGTTTTCTTGTGA,0,4295425
yadI_predicted,0.125,7,7,CAGACCTAGGTATATGATTG,0,4296817
yadI_predicted,0.125,7,7,CAGAACCCTCAAAGGAGGGA,0,4365126
yadI_predicted,0.125,7,7,CACTTTATCCACTTTGGATT,0,4289530
yadI_predicted,0.125,7,7,CACGTGGTGCAGTCGAAGTA,0,4333824
yadI_predicted,0.125,7,7,CACGTGGTCGCCAATAACTA,0,4290985
yadI_predicted,0.125,7,7,CACGGTGGAATGTTGGTTAT,0,4341625
yadI_predicted,0.125,7,7,CACGGAAGCAACTCAGAATC,0,4287741
yadI_predicted,0.125,7,7,CACGCTACAATGTTTTACGG,0,4364014
yadI_predicted,0.125,7,7,CACGCCGTGCCATTCAATTT,0,4301332
yadI_predicted,0.125,7,7,CACCTCACCATCCGGGGGCA,0,4296922
yadI_predicted,0.125,7,7,CACCGAAGCAATTTGCATGA,0,4345900
yadI_predicted,0.125,7,7,CACCCGTTGCTCGTCCTCTG,0,4358532
yadI_predicted,0.125,7,7,CACCAGTATCATCGGTGACG,0,4337772
yadI_predicted,0.125,7,7,CACATCCGAAGAAACACTAG,0,4321655
yadI_predicted,0.125,7,7,CACAGTCAGTTCCGTCTCCC,0,4347723
yadI_predicted,0.125,7,7,CACAGGATCGGTATGAATGT,0,4337849
yadI_predicted,0.125,7,7,CACAGCTCGTGATTTTTCGT,0,4332664
yadI_predicted,0.125,7,7,CAATGGACTTAGAGCGGTTA,0,4348377
yadI_predicted,0.125,7,7,CAATCGGTGGATGCAATGCC,0,4296566
yadI_predicted,0.125,7,7,CAATCGAATATGACGAATTA,0,4314117
yadI_predicted,0.125,7,7,CAATATGCCCAGCAAACTTT,0,4292378
yadI_predicted,0.125,7,7,CAATACTCGGTGCGGATATG,0,4334778
yadI_predicted,0.125,7,7,CAATACACCCCGGGTGAGTC,0,4312326
yadI_predicted,0.125,7,7,CAAGGTTCCCATAGGTGGAG,0,4308987
yadI_predicted,0.125,7,7,CAAGGCCCGGTCGGTCAGCC,0,4361800
yadI_predicted,0.125,7,7,CAAGGCCAAGCATAAGTAAA,0,4314207
yadI_predicted,0.125,7,7,CAAGGACACACAGGGGGAGG,0,4323619
yadI_predicted,0.125,7,7,CAAGAAGCCTGCGCATGCTC,0,4352361
yadI_predicted,0.125,7,7,CAAGAACGCTTATGGATGGC,0,4332822
yadI_predicted,0.125,7,7,CAACTCAACGACGGATTAGC,0,4343879
yadI_predicted,0.125,7,7,CAACTAGTCATATAGCCCTT,0,4288909
yadI_predicted,0.125,7,7,CAACGGCTATGGTGAAGGTA,0,4324786
yadI_predicted,0.125,7,7,CAACCCCTACGTGTTTTCCG,0,4288170
yadI_predicted,0.125,7,7,CAAATTCAGTCTTCCGCTGG,0,4301782
yadI_predicted,0.125,7,7,CAAATAATTGTTCCTCTCCT,0,4348859
yadI_predicted,0.125,7,7,CAAAGTGACACAATCTATTT,0,4316430
yadI_predicted,0.125,7,7,CAAAGCACGTACGAACAACA,0,4355377
yadI_predicted,0.125,7,7,CAAAATGTTAAAAACGCCAC,0,4321544
yadI_predicted,0.125,7,7,CAAAAGTGCTCAAGCGAGCA,0,4285330
yadI_predicted,0.125,7,7,ATTTTATGTTCTGTGGCCCT,0,4359665
yadI_predicted,0.125,7,7,ATTTGGGTTCGATGAATCGG,0,4351341
yadI_predicted,0.125,7,7,ATTTACGATTGTAATTAGAT,0,4331195
yadI_predicted,0.125,7,7,ATTGGGAGTCGGCACGTGCA,0,4302324
yadI_predicted,0.125,7,7,ATTGGGACTTCGGGGGAAAT,0,4288447
yadI_predicted,0.125,7,7,ATTGGCTCTGGGTCGGAAAT,0,4287621
yadI_predicted,0.125,7,7,ATTGGATGAATTTTGAGCCA,0,4295742
yadI_predicted,0.125,7,7,ATTCCGGCCGAAATGAGACC,0,4307810
yadI_predicted,0.125,7,7,ATTATCGTACCCGTACCGGT,0,4352982
yadI_predicted,0.125,7,7,ATTATAGCCATACGAATATG,0,4307312
yadI_predicted,0.125,7,7,ATTAGTCGCTACAGATTTGT,0,4311204
yadI_predicted,0.125,7,7,ATTAGAGTTTAAATTCAGAT,0,4287671
yadI_predicted,0.125,7,7,ATTAGAGCATTGCACCCCAC,0,4323217
yadI_predicted,0.125,7,7,ATTACTTTATGTAATATGTT,0,4347725
yadI_predicted,0.125,7,7,ATGTTGTGCATGGGCCGCGA,0,4340697
yadI_predicted,0.125,7,7,ATGTTCCGAGACTCCTTAGT,0,4323388
yadI_predicted,0.125,7,7,ATGTCCGCTGGCGTTGTAAG,0,4309776
yadI_predicted,0.125,7,7,ATGGGTTAGCTAGGGCATTA,0,4322949
yadI_predicted,0.125,7,7,ATGGGCCAATCCGCTATTAA,0,4318365
yadI_predicted,0.125,7,7,ATGGCAGCGTGATCCAAAGA,0,4307539
yadI_predicted,0.125,7,7,ATGGAGCGGACTCTTAAACA,0,4359765
yadI_predicted,0.125,7,7,ATGCTTCCACTTCTTCTCGA,0,4301552
yadI_predicted,0.125,7,7,ATGCTGATAGTACTGTAAGT,0,4307368
yadI_predicted,0.125,7,7,ATGCGAGGTCTACAGCCTCT,0,4357947
yadI_predicted,0.125,7,7,ATGCACTGGACAGGTATAAC,0,4336141
yadI_predicted,0.125,7,7,ATGCACGGCCCTCGGCTCGA,0,4288292
yadI_predicted,0.125,7,7,ATGCAAGGAAAGCTGTTGAA,0,4297829
yadI_predicted,0.125,7,7,ATGATGCATTTCGGTGTGAG,0,4309240
yadI_predicted,0.125,7,7,ATGATAGCGCGACAATACGT,0,4321742
yadI_predicted,0.125,7,7,ATGAGGAGTAAGAATGTATT,0,4304115
yadI_predicted,0.125,7,7,ATGAGAATCGTGGACCGTTT,0,4303405
yadI_predicted,0.125,7,7,ATGACATGAGTACGTTGACT,0,4297363
yadI_predicted,0.125,7,7,ATGAATGTATAAACAAGGCT,0,4364471
yadI_predicted,0.125,7,7,ATCTTAAATGTTAAACGCCA,0,4368713
yadI_predicted,0.125,7,7,ATCTCTTATGTATTCCGTTA,0,4346634
yadI_predicted,0.125,7,7,ATCTCGGTACTTGAGTGTCT,0,4307788
yadI_predicted,0.125,7,7,ATCTCCCGGGAGTTACTTTC,0,4346246
yadI_predicted,0.125,7,7,ATCTACGGGCGCCTTTCGAG,0,4325139
yadI_predicted,0.125,7,7,ATCCGTGCCTAAGATTTCTC,0,4353929
yadI_predicted,0.125,7,7,ATCATCATGTAGCCAGTCTA,0,4291682
yadI_predicted,0.125,7,7,ATCATCACACGAGGGTGTAG,0,4312402
yadI_predicted,0.125,7,7,ATCATATTACTACGTAAAAC,0,4305855
yadI_predicted,0.125,7,7,ATATGGAACGAGCGAAAGTA,0,4295578
yadI_predicted,0.125,7,7,ATATGACTAAGGTGACCCGA,0,4306433
yadI_predicted,0.125,7,7,ATATCTGAGGTGCACAACAC,0,4307248
yadI_predicted,0.125,7,7,ATATATCTACAGCGGATGCG,0,4332688
yadI_predicted,0.125,7,7,ATATATCGCCCGGCGTTGTG,0,4348229
yadI_predicted,0.125,7,7,ATAGTGAGTGCATTTGTAGG,0,4309851
yadI_predicted,0.125,7,7,ATAGTATGGTACATTCCCCA,0,4302997
yadI_predicted,0.125,7,7,ATAGTAAGGGAAACAATAGG,0,4288007
yadI_predicted,0.125,7,7,ATAGAAGCAAGAGGGCATTA,0,4333683
yadI_predicted,0.125,7,7,ATACTGGGGAGATCGGCGCA,0,4340748
yadI_predicted,0.125,7,7,ATACGAGCATTGTACTGGTA,0,4296113
yadI_predicted,0.125,7,7,ATACGAACTGAATTTTTGCC,0,4369351
yadI_predicted,0.125,7,7,ATAATAGTGGCCGATCGCGT,0,4328492
yadI_predicted,0.125,7,7,ATAATAGGCAATGCCGCCAG,0,4317087
yadI_predicted,0.125,7,7,ATAACGTTCAGGGCGTGCGC,0,4355706
yadI_predicted,0.125,7,7,ATAACGCGCGGCTGATGAAG,0,4347383
yadI_predicted,0.125,7,7,ATAACCTGAGGGGGGCGCCA,0,4299417
yadI_predicted,0.125,7,7,ATAAATGATAGGTAATGTTG,0,4366908
yadI_predicted,0.125,7,7,AGTTTTATCGTACGCTGAAG,0,4332963
yadI_predicted,0.125,7,7,AGTTTGGCGTTAACCGTGGC,0,4326970
yadI_predicted,0.125,7,7,AGTTTGATGAACTCCAAGTC,0,4323442
yadI_predicted,0.125,7,7,AGTTTAGGCCGCGTGCTACG,0,4357657
yadI_predicted,0.125,7,7,AGTTGTGCCTGTGCGGAAAA,0,4311781
yadI_predicted,0.125,7,7,AGTTCGGCCATATCGTTGTT,0,4365847
yadI_predicted,0.125,7,7,AGTTCCGTTATGACAGTAGT,0,4317901
yadI_predicted,0.125,7,7,AGTTATCCCCAGTCGTACCA,0,4359337
yadI_predicted,0.125,7,7,AGTTAGGCACCACCGTGATC,0,4300529
yadI_predicted,0.125,7,7,AGTTAAACCCCTTTAGCCCT,0,4363188
yadI_predicted,0.125,7,7,AGTGGTCTCTCAAATCGTTC,0,4322421
yadI_predicted,0.125,7,7,AGTGCTGGGAGGTGTCGAGC,0,4360662
yadI_predicted,0.125,7,7,AGTGCGTTACCCGCCGCTCA,0,4329475
yadI_predicted,0.125,7,7,AGTGCGTCCCGTCTGGGTCA,0,4345832
yadI_predicted,0.125,7,7,AGTGCGATGTCTTGAAAATG,0,4355107
yadI_predicted,0.125,7,7,AGTGATGTCTTTAAGCGGAA,0,4368227
yadI_predicted,0.125,7,7,AGTGAGGTGGGATTTAACGG,0,4345060
yadI_predicted,0.125,7,7,AGTCTGACCTAATATACTTA,0,4352081
yadI_predicted,0.125,7,7,AGTCCATGTACGACTGCTCA,0,4332159
yadI_predicted,0.125,7,7,AGTCAAATGATAGAGGTAGG,0,4337762
yadI_predicted,0.125,7,7,AGTAGCCCGGCCGACCCTAG,0,4350777
yadI_predicted,0.125,7,7,AGTACGGCCTCGAGACGTCC,0,4368435
yadI_predicted,0.125,7,7,AGTACAACATTGGTTACCCA,0,4312054
yadI_predicted,0.125,7,7,AGGTCCAGGTTTGGAGATCC,0,4294989
yadI_predicted,0.125,7,7,AGGTAAATCTCATACTCCGT,0,4295504
yadI_predicted,0.125,7,7,AGGGTTTCGCCAAGGGTTCT,0,4342860
yadI_predicted,0.125,7,7,AGGGTTATCTGGACGGAATT,0,4314057
yadI_predicted,0.125,7,7,AGGGTATATCCCTAATGGCG,0,4324865
yadI_predicted,0.125,7,7,AGGGGTTTGTTTAAAAATGC,0,4331885
yadI_predicted,0.125,7,7,AGGGGCTCCAAGTAACGACA,0,4315347
yadI_predicted,0.125,7,7,AGGGCGGGTGAGCCTTAAGA,0,4326245
yadI_predicted,0.125,7,7,AGGGATGGATTTCGCACCCT,0,4337224
yadI_predicted,0.125,7,7,AGGCGCCCGCTTGCAAAGAC,0,4331204
yadI_predicted,0.125,7,7,AGGATGTCCGTAGAGCCGGG,0,4327332
yadI_predicted,0.125,7,7,AGGATGGTATCTCACCAGCC,0,4343018
yadI_predicted,0.125,7,7,AGGATGCTATTCTCCCTGCT,0,4312638
yadI_predicted,0.125,7,7,AGGACTTAAGTCCCAGCTTC,0,4340018
yadI_predicted,0.125,7,7,AGGACAGCTTGTAATCTTCG,0,4350758
yadI_predicted,0.125,7,7,AGGAATACGAAAACGGGACC,0,4330370
yadI_predicted,0.125,7,7,AGCTGTTATCAGATTGGCAG,0,4360941
yadI_predicted,0.125,7,7,AGCTCTACTAGATTAGGTTA,0,4343135
yadI_predicted,0.125,7,7,AGCTCCCGAACATGAGTCGG,0,4299303
yadI_predicted,0.125,7,7,AGCGTGTACTTTAGTCTTTA,0,4303589
yadI_predicted,0.125,7,7,AGCGGCGTACGGATCTAATA,0,4296479
yadI_predicted,0.125,7,7,AGCGGACAATGGCATTGCGG,0,4322751
yadI_predicted,0.125,7,7,AGCGATCACTTGGGTGCTCC,0,4343249
yadI_predicted,0.125,7,7,AGCGACGGCTTGTTCTCTTG,0,4356377
yadI_predicted,0.125,7,7,AGCCTGCTAAGAAGAAACGG,0,4330522
yadI_predicted,0.125,7,7,AGCCGATCACTCGGGGTGAA,0,4350273
yadI_predicted,0.125,7,7,AGCCCTCATATGTAGATTAG,0,4348427
yadI_predicted,0.125,7,7,AGCCACAGTTGCTTGGCTGG,0,4288932
yadI_predicted,0.125,7,7,AGCCACAGCTGTAACCACCA,0,4364545
yadI_predicted,0.125,7,7,AGCCAAGGTAGCCTTTTTAA,0,4339323
yadI_predicted,0.125,7,7,AGCATTCGATGGTACACAAC,0,4316624
yadI_predicted,0.125,7,7,AGCAGGGTTTGCTCACGACT,0,4303723
yadI_predicted,0.125,7,7,AGCAAGAGCCGTTACGACTA,0,4351492
yadI_predicted,0.125,7,7,AGCAAGACCGACTTCTGCCA,0,4335994
yadI_predicted,0.125,7,7,AGCAACGCGATGGATCCCAC,0,4317289
yadI_predicted,0.125,7,7,AGATTTCCCGTATAGCCACA,0,4353689
yadI_predicted,0.125,7,7,AGATGTAATGGTCGGCGATC,0,4367510
yadI_predicted,0.125,7,7,AGATGCCTAACTTTTTACGA,0,4292742
yadI_predicted,0.125,7,7,AGATGCCAGCCAGCCTGCGC,0,4285594
yadI_predicted,0.125,7,7,AGATACGGCATTATGGCAAA,0,4348980
yadI_predicted,0.125,7,7,AGAGTTCGCTAGGGCACTCA,0,4326540
yadI_predicted,0.125,7,7,AGAGTGGCTGATCAACAGCA,0,4326551
yadI_predicted,0.125,7,7,AGAGTACGACAGAGCAGCAC,0,4287132
yadI_predicted,0.125,7,7,AGAGGTGGAAGGCACTATGA,0,4338681
yadI_predicted,0.125,7,7,AGAGGGCTCCTCCAGGCAAT,0,4319671
yadI_predicted,0.125,7,7,AGAGCTATTCTGAGTGGTAT,0,4327558
yadI_predicted,0.125,7,7,AGAGCGTTGTAGAAGATTAG,0,4328436
yadI_predicted,0.125,7,7,AGAGATAGTGTGCAGCCCTG,0,4324491
yadI_predicted,0.125,7,7,AGAGACTCAGAAGCCTACTT,0,4319555
yadI_predicted,0.125,7,7,AGACGTCAGCTCTAAGGCTC,0,4358672
yadI_predicted,0.125,7,7,AGACGGGACGACCAACTATA,0,4334562
yadI_predicted,0.125,7,7,AGACCTGGAAATAGGGGACG,0,4326296
yadI_predicted,0.125,7,7,AGACCATAGGAGCTCATGAG,0,4343938
yadI_predicted,0.125,7,7,AGACACCCGAGTTGCGGCGA,0,4305707
yadI_predicted,0.125,7,7,AGAATTAGGTAACCCGGTCA,0,4354505
yadI_predicted,0.125,7,7,AGAATACATGTTATTATCGT,0,4297782
yadI_predicted,0.125,7,7,AGAAACAAAAACATTCTTAA,0,4320472
yadI_predicted,0.125,7,7,AGAAAACTTGAGCTGTCAAA,0,4366513
yadI_predicted,0.125,7,7,ACTTTCGGAGTTTCCAATGT,0,4294543
yadI_predicted,0.125,7,7,ACTTTCCGCTAAAGAGAAAG,0,4331093
yadI_predicted,0.125,7,7,ACTTTAGCGGGCAAGCTGAT,0,4362276
yadI_predicted,0.125,7,7,ACTTGTGGCACTACTGCCGT,0,4310030
yadI_predicted,0.125,7,7,ACTTGATCTGCACGAATCAC,0,4325922
yadI_predicted,0.125,7,7,ACTTCCAATGCCAAAGGTGT,0,4351133
yadI_predicted,0.125,7,7,ACTTCAAATATTTGACCGGC,0,4329177
yadI_predicted,0.125,7,7,ACTTATGAGTCCATACAAGT,0,4297646
yadI_predicted,0.125,7,7,ACTTAGGCATAGGTGCATTT,0,4337061
yadI_predicted,0.125,7,7,ACTGTAATTTTCTCTTGTCA,0,4289012
yadI_predicted,0.125,7,7,ACTGGCGTTAGCCTTGTGTA,0,4351453
yadI_predicted,0.125,7,7,ACTGGACGTTTACGAGGGAG,0,4333192
yadI_predicted,0.125,7,7,ACTGCTAGGTAAGTTCGGGA,0,4338777
yadI_predicted,0.125,7,7,ACTCGGCGTTTTGCATTATG,0,4343080
yadI_predicted,0.125,7,7,ACTCGCGCACGACAACATCG,0,4344429
yadI_predicted,0.125,7,7,ACTCCAGTCTAGTGCCGAGA,0,4321781
yadI_predicted,0.125,7,7,ACTCAAAGCTCCGCGGTTAC,0,4290125
yadI_predicted,0.125,7,7,ACTATTTAAGGTGCCGCGTG,0,4366024
yadI_predicted,0.125,7,7,ACTAGGGGACAAGACCAAGT,0,4329306
yadI_predicted,0.125,7,7,ACTAGGGATAGGACCGCATA,0,4297352
yadI_predicted,0.125,7,7,ACTACTTAACGTCAGATAGT,0,4296116
yadI_predicted,0.125,7,7,ACTAATTGAACTCGTCTAAC,0,4288632
yadI_predicted,0.125,7,7,ACGTGCATCGTTGCGCCGGA,0,4332947
yadI_predicted,0.125,7,7,ACGTCATGACTGATCACGGC,0,4367024
yadI_predicted,0.125,7,7,ACGTATTACATATGAGGTGG,0,4350703
yadI_predicted,0.125,7,7,ACGTAATACGTAGAACAAAA,0,4327112
yadI_predicted,0.125,7,7,ACGTAAACGCGCCATAAGAC,0,4321321
yadI_predicted,0.125,7,7,ACGTAAACACGACATTAAAT,0,4305470
yadI_predicted,0.125,7,7,ACGGGAGGAGACAACATCAG,0,4346122
yadI_predicted,0.125,7,7,ACGGGAGCATGTATGTTATG,0,4305790
yadI_predicted,0.125,7,7,ACGGGAGACATATGTGTGCT,0,4293361
yadI_predicted,0.125,7,7,ACGGATTGACTACGTTTACG,0,4296229
yadI_predicted,0.125,7,7,ACGCGTGATCATCGCGGGAG,0,4358777
yadI_predicted,0.125,7,7,ACGCGAGTCGGCTGAAATAA,0,4285663
yadI_predicted,0.125,7,7,ACGAGGTTGATGGCTGATCT,0,4363129
yadI_predicted,0.125,7,7,ACGAGGCGGCTCGCGAAAGG,0,4341615
yadI_predicted,0.125,7,7,ACGAGCGGAACATTGTCCCA,0,4314468
yadI_predicted,0.125,7,7,ACGAATTCCGGCCGCGCGAA,0,4299787
yadI_predicted,0.125,7,7,ACGAATATCGCAACGAACAC,0,4315577
yadI_predicted,0.125,7,7,ACGAAGCCCTGGCGCCGCGG,0,4294369
yadI_predicted,0.125,7,7,ACGAAAAGTGTTTGTGGAAC,0,4353161
yadI_predicted,0.125,7,7,ACCTTAGTCAAACAGACCCC,0,4302458
yadI_predicted,0.125,7,7,ACCTGCGGTAAGAGAATAGT,0,4359838
yadI_predicted,0.125,7,7,ACCGTGTGGCTAATTCAAGC,0,4358616
yadI_predicted,0.125,7,7,ACCGTGGTTCCTTCCGAAGA,0,4347557
yadI_predicted,0.125,7,7,ACCGGGCGAGCTTTGCACCA,0,4365557
yadI_predicted,0.125,7,7,ACCGGGAAGTTACACCTACA,0,4361089
yadI_predicted,0.125,7,7,ACCGGAATGGATCTACTCAT,0,4323629
yadI_predicted,0.125,7,7,ACCGCTAGTTCGACGTTATT,0,4286004
yadI_predicted,0.125,7,7,ACCGCTACGGGTCGATTCGG,0,4307014
yadI_predicted,0.125,7,7,ACCGCGGGGATGAAGTTAGT,0,4299181
yadI_predicted,0.125,7,7,ACCCGGCCTCGCGTGCGATA,0,4347619
yadI_predicted,0.125,7,7,ACCCCAGGACACGCCATCAT,0,4319613
yadI_predicted,0.125,7,7,ACCATTTATTACCAGCTCGC,0,4300644
yadI_predicted,0.125,7,7,ACCATGGCACCTAAGGGAGT,0,4296046
yadI_predicted,0.125,7,7,ACCAGGCGGGCAGCGGCAAG,0,4291262
yadI_predicted,0.125,7,7,ACCAGAGAGGACGATGATTA,0,4326613
yadI_predicted,0.125,7,7,ACCACATCCTAATTGCTTAC,0,4291570
yadI_predicted,0.125,7,7,ACCAATGTTATAAACACCGA,0,4308268
yadI_predicted,0.125,7,7,ACCAAGTAGGCGACATTTAC,0,4344647
yadI_predicted,0.125,7,7,ACATTTAAGCGCTCCTTGTC,0,4326402
yadI_predicted,0.125,7,7,ACATGTTCGGTGGGGTCAAA,0,4350554
yadI_predicted,0.125,7,7,ACATATTGAGACTCGGCATC,0,4334840
yadI_predicted,0.125,7,7,ACAGTCTCATGTAAACGGGT,0,4310017
yadI_predicted,0.125,7,7,ACAGGAACTCAACCACCTAG,0,4314661
yadI_predicted,0.125,7,7,ACAGAGATGCGGTCAGCCAA,0,4321872
yadI_predicted,0.125,7,7,ACAGACTTTGTAAAGTGACA,0,4349607
yadI_predicted,0.125,7,7,ACAGACTGAACTTTTAGTTT,0,4288476
yadI_predicted,0.125,7,7,ACACGTAGCGAGTAGGAGAC,0,4366771
yadI_predicted,0.125,7,7,ACACCGCGAAAGACTCCGAC,0,4301065
yadI_predicted,0.125,7,7,ACAAGAACTAATTGTCCTGT,0,4300463
yadI_predicted,0.125,7,7,ACAAACGGCGTATATAGAGC,0,4340661
yadI_predicted,0.125,7,7,AATTTTCGAGAGTGACAGGA,0,4318944
yadI_predicted,0.125,7,7,AATTCTAGTGATTATTCTCA,0,4351232
yadI_predicted,0.125,7,7,AATTCCAGCAGAGGGAATTT,0,4313487
yadI_predicted,0.125,7,7,AATTATTACGGAATCCTATC,0,4313924
yadI_predicted,0.125,7,7,AATTATAACCTGTTGCCCCA,0,4364843
yadI_predicted,0.125,7,7,AATGTATAGGCGGATTTGCT,0,4284806
yadI_predicted,0.125,7,7,AATGATTTTTAACCTTCCTG,0,4360710
yadI_predicted,0.125,7,7,AATGAATAGATCTCTCACGC,0,4363048
yadI_predicted,0.125,7,7,AATCTCAGGTTGATTCGACG,0,4297445
yadI_predicted,0.125,7,7,AATCGTTATTTGCGTGATAA,0,4348665
yadI_predicted,0.125,7,7,AATCCGTCAAGCTACCGACC,0,4310645
yadI_predicted,0.125,7,7,AATCCCCGCGAGGCAATACA,0,4360416
yadI_predicted,0.125,7,7,AATCATAGTTACGTCAAATG,0,4347798
yadI_predicted,0.125,7,7,AATCACGGTTATCTATGGGT,0,4326363
yadI_predicted,0.125,7,7,AATATGACCGCAGCCCGAAT,0,4314867
yadI_predicted,0.125,7,7,AATATCTGGAACCACAAGTC,0,4320915
yadI_predicted,0.125,7,7,AATATATAAGCCGCAGCCGG,0,4350214
yadI_predicted,0.125,7,7,AATACGTCATTCGGGCTCCG,0,4291886
yadI_predicted,0.125,7,7,AATAACTTTCTGCAGACTCT,0,4367052
yadI_predicted,0.125,7,7,AAGTGTATGTTAAGATGCGA,0,4354275
yadI_predicted,0.125,7,7,AAGTGCGTAAGTTGAGACCG,0,4303130
yadI_predicted,0.125,7,7,AAGTGCCACAATCAATGAGG,0,4299519
yadI_predicted,0.125,7,7,AAGTGACTGATGACTCTCTG,0,4337567
yadI_predicted,0.125,7,7,AAGGTGTTAGATATTTGGAA,0,4368357
yadI_predicted,0.125,7,7,AAGGTCGGCAGATGGGTCAC,0,4329298
yadI_predicted,0.125,7,7,AAGGTCCATTGTGAGGACTC,0,4365381
yadI_predicted,0.125,7,7,AAGGTCACGTTCATGGTTAT,0,4336697
yadI_predicted,0.125,7,7,AAGGGTGTACGTTTGGGGTC,0,4323464
yadI_predicted,0.125,7,7,AAGGCGGGGACGTCACCGTT,0,4327330
yadI_predicted,0.125,7,7,AAGGCCGCTAGTTACAAGAC,0,4315779
yadI_predicted,0.125,7,7,AAGGCCGCGACGGTGCAAGG,0,4322231
yadI_predicted,0.125,7,7,AAGGCACACAATATACTGTT,0,4322724
yadI_predicted,0.125,7,7,AAGCTAGTTCAGAATCGTGT,0,4357020
yadI_predicted,0.125,7,7,AAGCGGTAGCGGTGCTGTCC,0,4359919
yadI_predicted,0.125,7,7,AAGCATTACACCGAACTAGA,0,4357436
yadI_predicted,0.125,7,7,AAGCAGGCGGGAGAGAGTAA,0,4354371
yadI_predicted,0.125,7,7,AAGCAATCAGGTTTAGGGAA,0,4346716
yadI_predicted,0.125,7,7,AAGATCTAGTGAGTACGTAT,0,4305803
yadI_predicted,0.125,7,7,AAGAGTCGTTTCCCTGGATC,0,4356097
yadI_predicted,0.125,7,7,AAGACGCGCAAATACGCGAG,0,4312279
yadI_predicted,0.125,7,7,AAGAATTCTCGCCACGCTCA,0,4362417
yadI_predicted,0.125,7,7,AAGAACCCTAAACTCAATCG,0,4321728
yadI_predicted,0.125,7,7,AACTTGAGGACCGTGCCATA,0,4359660
yadI_predicted,0.125,7,7,AACTTCTCAAAGATTTATTG,0,4368547
yadI_predicted,0.125,7,7,AACTGCAAACGGTTTCTGCC,0,4292532
yadI_predicted,0.125,7,7,AACTCATTCTCTGATGGGGT,0,4343467
yadI_predicted,0.125,7,7,AACTCACGACTGGGGGGCCG,0,4325515
yadI_predicted,0.125,7,7,AACTACCGACCAGTGAACGG,0,4343841
yadI_predicted,0.125,7,7,AACGTTACCGATGGCTGCAA,0,4320860
yadI_predicted,0.125,7,7,AACGTGATGCACTGTATACC,0,4337247
yadI_predicted,0.125,7,7,AACGGGTGTTGTGCGAGGGC,0,4287757
yadI_predicted,0.125,7,7,AACGCCCGCCTTTACCCCTC,0,4322558
yadI_predicted,0.125,7,7,AACCGGATTATTTCCCAGTG,0,4359029
yadI_predicted,0.125,7,7,AACCCCCATGCTGGGCAGTG,0,4321879
yadI_predicted,0.125,7,7,AACCAGCCCGAATCATCGCC,0,4315044
yadI_predicted,0.125,7,7,AACATGTCGCTGCTCTTCTA,0,4336649
yadI_predicted,0.125,7,7,AACATATCACAAGGGTACGG,0,4296499
yadI_predicted,0.125,7,7,AACAGATAGGAGATGGTTGG,0,4352377
yadI_predicted,0.125,7,7,AACACTGTTTTAGACGATCT,0,4307951
yadI_predicted,0.125,7,7,AAATTTCAAACTTGGATAGT,0,4351591
yadI_predicted,0.125,7,7,AAATTGCTTGTGTATTGTCG,0,4334482
yadI_predicted,0.125,7,7,AAATACTGGGATGCGTGTGG,0,4367599
yadI_predicted,0.125,7,7,AAATAATTAGTCCCTCCCGA,0,4362914
yadI_predicted,0.125,7,7,AAATAAAATTTATCAAACAT,0,4350893
yadI_predicted,0.125,7,7,AAAGTATAGTGCAGCATAGC,0,4322844
yadI_predicted,0.125,7,7,AAAGCTGTACGAATTGACAT,0,4356000
yadI_predicted,0.125,7,7,AAAGAGTCATGTCGGATTTG,0,4353499
yadI_predicted,0.125,7,7,AAACTCGGAAGTATCTGCTC,0,4319198
yadI_predicted,0.125,7,7,AAACGAGTGCGGGAGGCGCA,0,4363534
yadI_predicted,0.125,7,7,AAACCTTGTGTACAGGCGAC,0,4291305
yadI_predicted,0.125,7,7,AAACCTTGTACAGCAGGTTC,0,4337145
yadI_predicted,0.125,7,7,AAAATTCCGAACGATCCAGT,0,4320297
yadI_predicted,0.125,7,7,AAAATAATGCCTGTCGTAAT,0,4365959
yadI_predicted,0.125,7,7,AAAAGGTCGTACCACTCGAG,0,4362903
yadI_predicted,0.125,7,7,AAAAGCCGGCGTCTATAAGC,0,4318470
yadI_predicted,0.125,7,7,AAAAACGTATTATTATCAGG,0,4366412
yadI_predicted,0.14285714285714285,6,6,TTTTTGGTGCTGCCCCCCCT,0,4289200
yadI_predicted,0.14285714285714285,6,6,TTTTTGCTATTGTCCGGACA,0,4351853
yadI_predicted,0.14285714285714285,6,6,TTTTTGAGTGTCATACGACT,0,4293436
yadI_predicted,0.14285714285714285,6,6,TTTTGTGGTCAGATCAAGCA,0,4302452
yadI_predicted,0.14285714285714285,6,6,TTTTGTACACGGACTAATGG,0,4284828
yadI_predicted,0.14285714285714285,6,6,TTTTGCCCTCGACGCTAGGT,0,4323662
yadI_predicted,0.14285714285714285,6,6,TTTTGACTGGTCACCTTCAT,0,4317235
yadI_predicted,0.14285714285714285,6,6,TTTTCGTATAGGATGTTCAT,0,4292120
yadI_predicted,0.14285714285714285,6,6,TTTTCCGGCCCATGTTGTGG,0,4342970
yadI_predicted,0.14285714285714285,6,6,TTTTCATTCCGTATATTCGC,0,4351636
yadI_predicted,0.14285714285714285,6,6,TTTTACGAATCGGTTTCAGC,0,4291778
yadI_predicted,0.14285714285714285,6,6,TTTTAACTGATGCCAAAAGC,0,4323970
yadI_predicted,0.14285714285714285,6,6,TTTGTTGTTAGCGAACCAGG,0,4350058
yadI_predicted,0.14285714285714285,6,6,TTTGCGATTTGTCTGGGAGA,0,4329181
yadI_predicted,0.14285714285714285,6,6,TTTGCCTGACATCTAGCGGT,0,4358465
yadI_predicted,0.14285714285714285,6,6,TTTCGGTTGGCGTGGGGCAG,0,4308336
yadI_predicted,0.14285714285714285,6,6,TTTCGGTAAGAAACCTGATA,0,4363984
yadI_predicted,0.14285714285714285,6,6,TTTCCTTTCCGAACGAGCTT,0,4294921
yadI_predicted,0.14285714285714285,6,6,TTTCATGGCTTCGAGGGCTG,0,4369851
yadI_predicted,0.14285714285714285,6,6,TTTCATGGCACGATCTATTT,0,4349516
yadI_predicted,0.14285714285714285,6,6,TTTCATGCGATAAGCGTGGC,0,4323529
yadI_predicted,0.14285714285714285,6,6,TTTCAATTCAACGTAAGGTA,0,4354350
yadI_predicted,0.14285714285714285,6,6,TTTATTACGATTACTGGACG,0,4331423
yadI_predicted,0.14285714285714285,6,6,TTTAGGGCATGGAACAACTA,0,4284377
yadI_predicted,0.14285714285714285,6,6,TTTACAGTATATCTCCCTCG,0,4365765
yadI_predicted,0.14285714285714285,6,6,TTGTTGTGGGCTTGAACAGA,0,4326155
yadI_predicted,0.14285714285714285,6,6,TTGTGAATCGTATGCTCCTA,0,4296830
yadI_predicted,0.14285714285714285,6,6,TTGTCACGATGACAGCAGAA,0,4317518
yadI_predicted,0.14285714285714285,6,6,TTGGTTGAAGCTTATGGTAC,0,4357494
yadI_predicted,0.14285714285714285,6,6,TTGGAGTGAGGAGACACCAA,0,4350561
yadI_predicted,0.14285714285714285,6,6,TTGCTTGTGTAGAGGGGAAA,0,4360394
yadI_predicted,0.14285714285714285,6,6,TTGATGCAATAAAGTCAGCC,0,4308952
yadI_predicted,0.14285714285714285,6,6,TTGATCTAGCTGCTGCATCA,0,4328391
yadI_predicted,0.14285714285714285,6,6,TTGACGCGCATCTACCCATG,0,4294822
yadI_predicted,0.14285714285714285,6,6,TTGAAAACCATGCGGAAAGA,0,4340946
yadI_predicted,0.14285714285714285,6,6,TTGAAAAAATAACTGGTTTT,0,4305340
yadI_predicted,0.14285714285714285,6,6,TTCTGTCGGCGTATTACAAG,0,4349150
yadI_predicted,0.14285714285714285,6,6,TTCTGGAGTTGGAACTTAAT,0,4327872
yadI_predicted,0.14285714285714285,6,6,TTCTCGTCACTAGAAAGTAA,0,4319730
yadI_predicted,0.14285714285714285,6,6,TTCTCGCGGACCTCCCTCGA,0,4333591
yadI_predicted,0.14285714285714285,6,6,TTCTAGCCATTCCAACTCGA,0,4361078
yadI_predicted,0.14285714285714285,6,6,TTCGTAATGTCTCCGTGGCT,0,4324691
yadI_predicted,0.14285714285714285,6,6,TTCGTAACGCTATAAAGTCA,0,4349939
yadI_predicted,0.14285714285714285,6,6,TTCGGTTGTGGTTGGACAGT,0,4354154
yadI_predicted,0.14285714285714285,6,6,TTCGGGGCTTGCATAGGTCG,0,4293665
yadI_predicted,0.14285714285714285,6,6,TTCGGGAGGGGGGCATCGCC,0,4340424
yadI_predicted,0.14285714285714285,6,6,TTCGGCCTGTATATGCTGGC,0,4333533
yadI_predicted,0.14285714285714285,6,6,TTCGGATTGGGAGAAAGAAA,0,4287248
yadI_predicted,0.14285714285714285,6,6,TTCGCGCGCTCGAGGCGCAT,0,4297715
yadI_predicted,0.14285714285714285,6,6,TTCCTAGCAGCCCTTAACGT,0,4346442
yadI_predicted,0.14285714285714285,6,6,TTCCGATGAAACCACGGATA,0,4353041
yadI_predicted,0.14285714285714285,6,6,TTCCCTCGTGAGATACTGAT,0,4353558
yadI_predicted,0.14285714285714285,6,6,TTCCCGATGGAGGTATGGGT,0,4338895
yadI_predicted,0.14285714285714285,6,6,TTCCATCACAGAAAAGGAGA,0,4354756
yadI_predicted,0.14285714285714285,6,6,TTCCAGCACCTGGCGTCACT,0,4294174
yadI_predicted,0.14285714285714285,6,6,TTCATACCGGAACGGTACTT,0,4308755
yadI_predicted,0.14285714285714285,6,6,TTCAGCGGGTGGCTGATTCC,0,4313280
yadI_predicted,0.14285714285714285,6,6,TTCACTGTGTAGGAGTCTGC,0,4341633
yadI_predicted,0.14285714285714285,6,6,TTCACTGACATTCCACACCT,0,4358925
yadI_predicted,0.14285714285714285,6,6,TTATTGAAAACCTCTAAACG,0,4348072
yadI_predicted,0.14285714285714285,6,6,TTATATCTTTTGTCCATCGC,0,4288437
yadI_predicted,0.14285714285714285,6,6,TTAGGGTAAATCCTCGCGGG,0,4368817
yadI_predicted,0.14285714285714285,6,6,TTAGGGCCATGGGGTGTTTG,0,4336461
yadI_predicted,0.14285714285714285,6,6,TTAGGATTTGAGTGCTATAT,0,4285450
yadI_predicted,0.14285714285714285,6,6,TTAGCCGACAGCAGGCCGCA,0,4355471
yadI_predicted,0.14285714285714285,6,6,TTAGCACTGTAGCGAGCGAC,0,4346445
yadI_predicted,0.14285714285714285,6,6,TTAGAGAATCAGGGCGAAAA,0,4355116
yadI_predicted,0.14285714285714285,6,6,TTAGACATTAACTGTACGTT,0,4310760
yadI_predicted,0.14285714285714285,6,6,TTACTCTCTGTGACAGAGCC,0,4296904
yadI_predicted,0.14285714285714285,6,6,TTACTCCTTAGCCACGCGTG,0,4327892
yadI_predicted,0.14285714285714285,6,6,TTACGAAATCCAGCTCTACT,0,4298386
yadI_predicted,0.14285714285714285,6,6,TTACCTGCTTTGTAGCATCT,0,4320603
yadI_predicted,0.14285714285714285,6,6,TTACCATAGGACATTATGTT,0,4310112
yadI_predicted,0.14285714285714285,6,6,TTACATTTCGTGACGGAGTC,0,4368827
yadI_predicted,0.14285714285714285,6,6,TTAAGTAACTTACGATGTAT,0,4329910
yadI_predicted,0.14285714285714285,6,6,TTAAAGGAAAGGCTTAGCAT,0,4361594
yadI_predicted,0.14285714285714285,6,6,TGTTTGCCGGGTGGTCTATG,0,4366839
yadI_predicted,0.14285714285714285,6,6,TGTTATTCCTGAGTAGTGAC,0,4354349
yadI_predicted,0.14285714285714285,6,6,TGTTACATTTAATTGGCATC,0,4313231
yadI_predicted,0.14285714285714285,6,6,TGTGTGCGATTCGTAGATAT,0,4347956
yadI_predicted,0.14285714285714285,6,6,TGTGGTTGCAATTTACTATG,0,4341958
yadI_predicted,0.14285714285714285,6,6,TGTGGGCCATGATTTGTCCG,0,4336433
yadI_predicted,0.14285714285714285,6,6,TGTGCCGGCTCGAACCTTTA,0,4358015
yadI_predicted,0.14285714285714285,6,6,TGTGACGATAGGACTCCATC,0,4350316
yadI_predicted,0.14285714285714285,6,6,TGTCTTTTACACTCTTGTGG,0,4300738
yadI_predicted,0.14285714285714285,6,6,TGTCTTTTAAAACACTCCCA,0,4292479
yadI_predicted,0.14285714285714285,6,6,TGTCGCGGCGGTGAAACCCA,0,4293362
yadI_predicted,0.14285714285714285,6,6,TGTCGATTGACTTGACGTTC,0,4306559
yadI_predicted,0.14285714285714285,6,6,TGTCCACGGGCGGCTATTTG,0,4315237
yadI_predicted,0.14285714285714285,6,6,TGTATGTGTGTAGAGCCTTA,0,4318246
yadI_predicted,0.14285714285714285,6,6,TGTATGCTAGCACGAATTAA,0,4340816
yadI_predicted,0.14285714285714285,6,6,TGTAGGTGAGACGATTTTTT,0,4315374
yadI_predicted,0.14285714285714285,6,6,TGTAGGGAATCTGTCACGCC,0,4296080
yadI_predicted,0.14285714285714285,6,6,TGTAGATAACTTCAAATGAA,0,4350883
yadI_predicted,0.14285714285714285,6,6,TGTACTTAGACGGCCATTCG,0,4332358
yadI_predicted,0.14285714285714285,6,6,TGTACGGACACAACTAGCGA,0,4294765
yadI_predicted,0.14285714285714285,6,6,TGTACCGCACCGCGGAGTCG,0,4306640
yadI_predicted,0.14285714285714285,6,6,TGGTTCATAGAGGGATCGGT,0,4293999
yadI_predicted,0.14285714285714285,6,6,TGGTCTGCAAGGCTTAGAGT,0,4359310
yadI_predicted,0.14285714285714285,6,6,TGGTCAAAAACTGACCGGAC,0,4339582
yadI_predicted,0.14285714285714285,6,6,TGGTAAGAGTGCAATAAAAC,0,4295158
yadI_predicted,0.14285714285714285,6,6,TGGGCGGATAGCTGGTTAGA,0,4367631
yadI_predicted,0.14285714285714285,6,6,TGGGCATTTTTTTCAGTTTG,0,4335085
yadI_predicted,0.14285714285714285,6,6,TGGGAGGCCAAGGCTTTGAT,0,4299426
yadI_predicted,0.14285714285714285,6,6,TGGCTTAGGTTGTTAAGATA,0,4338037
yadI_predicted,0.14285714285714285,6,6,TGGCCTTTTAGGCAGAAAAT,0,4348943
yadI_predicted,0.14285714285714285,6,6,TGGCCACTTCATACCACAGT,0,4304820
yadI_predicted,0.14285714285714285,6,6,TGGACTGTTAAATTCACAAT,0,4355551
yadI_predicted,0.14285714285714285,6,6,TGCTGGTTGGCCCAGTAAGT,0,4313311
yadI_predicted,0.14285714285714285,6,6,TGCTCGCAATCCACGATGTC,0,4333605
yadI_predicted,0.14285714285714285,6,6,TGCTCAGTAATTTATCGTCA,0,4355639
yadI_predicted,0.14285714285714285,6,6,TGCTAGATGCTACTATCTGG,0,4323844
yadI_predicted,0.14285714285714285,6,6,TGCGTTTTATGGAGATGAAT,0,4327115
yadI_predicted,0.14285714285714285,6,6,TGCGTATTCTAGCTGTAAAA,0,4366206
yadI_predicted,0.14285714285714285,6,6,TGCGGTATAATCCGGTTCGG,0,4368725
yadI_predicted,0.14285714285714285,6,6,TGCGGCTGGAGGGCTCGATA,0,4363388
yadI_predicted,0.14285714285714285,6,6,TGCGGCAATCAGAGGGTGTT,0,4327681
yadI_predicted,0.14285714285714285,6,6,TGCGCCCTACTGGACTATTG,0,4287341
yadI_predicted,0.14285714285714285,6,6,TGCGAGCCTGGGTGTCGCGA,0,4327215
yadI_predicted,0.14285714285714285,6,6,TGCCGGGGGACGCCTCCCTA,0,4357887
yadI_predicted,0.14285714285714285,6,6,TGCCGGCCGCGTGATTTGCA,0,4307579
yadI_predicted,0.14285714285714285,6,6,TGCCGATAAACGCCAAAAAC,0,4317928
yadI_predicted,0.14285714285714285,6,6,TGCCCTTTACCTGGTGTCGT,0,4285258
yadI_predicted,0.14285714285714285,6,6,TGCCAATTTTTGCAGTCTTG,0,4328288
yadI_predicted,0.14285714285714285,6,6,TGCCAATTCAAACTTTGGGT,0,4336831
yadI_predicted,0.14285714285714285,6,6,TGCATCAAGGTACTTATCAC,0,4338527
yadI_predicted,0.14285714285714285,6,6,TGCATACATAGTCATTACTG,0,4320317
yadI_predicted,0.14285714285714285,6,6,TGCAGACAAATACTCCTGCG,0,4332660
yadI_predicted,0.14285714285714285,6,6,TGCACAGTAAGATATGGTCC,0,4288673
yadI_predicted,0.14285714285714285,6,6,TGCAAAGTCTGGGGTGTGCG,0,4360600
yadI_predicted,0.14285714285714285,6,6,TGCAAAATATCTGGCTCAGT,0,4303306
yadI_predicted,0.14285714285714285,6,6,TGATCCCACCATTGCGGGGG,0,4318376
yadI_predicted,0.14285714285714285,6,6,TGATCCACTGTCGCACACTG,0,4321827
yadI_predicted,0.14285714285714285,6,6,TGATAAGGTGCAGGAGTTTC,0,4320922
yadI_predicted,0.14285714285714285,6,6,TGAGTAACCACTAGCACTTG,0,4300138
yadI_predicted,0.14285714285714285,6,6,TGAGGTATCAGATGGCATCC,0,4305804
yadI_predicted,0.14285714285714285,6,6,TGAGGCTGGAAGCTTCAGCG,0,4322040
yadI_predicted,0.14285714285714285,6,6,TGAGGAACGCGTTCATAATC,0,4335342
yadI_predicted,0.14285714285714285,6,6,TGAGAAACAGTCCCCGAGAG,0,4335473
yadI_predicted,0.14285714285714285,6,6,TGACCTGCCGTCGAGGAAGT,0,4287466
yadI_predicted,0.14285714285714285,6,6,TGACCGGTTTTATGCGCTGG,0,4322594
yadI_predicted,0.14285714285714285,6,6,TGACAATGGCAATAATCGGC,0,4344929
yadI_predicted,0.14285714285714285,6,6,TGAATGATCCGTTAGTCTAG,0,4313747
yadI_predicted,0.14285714285714285,6,6,TGAATGATACATGCACATGT,0,4363317
yadI_predicted,0.14285714285714285,6,6,TGAAGGACGGAAGTTTCGGA,0,4316564
yadI_predicted,0.14285714285714285,6,6,TGAAGCTTCCAGTGCGGTCA,0,4316310
yadI_predicted,0.14285714285714285,6,6,TGAACTTAGTGAACAACCAT,0,4310490
yadI_predicted,0.14285714285714285,6,6,TGAAATAGCTGAGTCTTTGT,0,4329265
yadI_predicted,0.14285714285714285,6,6,TGAAACGTTCGCCAACGCCT,0,4287114
yadI_predicted,0.14285714285714285,6,6,TCTTTGTTCGACACATAGTG,0,4293352
yadI_predicted,0.14285714285714285,6,6,TCTTTGAATAGTTAAGCTAG,0,4286980
yadI_predicted,0.14285714285714285,6,6,TCTTTATCTCGAGCACGGCA,0,4342536
yadI_predicted,0.14285714285714285,6,6,TCTTGACCATCAGCCGTTTA,0,4331191
yadI_predicted,0.14285714285714285,6,6,TCTTCTGCATTCTCACAAGG,0,4292545
yadI_predicted,0.14285714285714285,6,6,TCTTCGCGGAGCGGCGAAGC,0,4325751
yadI_predicted,0.14285714285714285,6,6,TCTTCCACTAAACATCCTAC,0,4354149
yadI_predicted,0.14285714285714285,6,6,TCTTCCAACTGGGATACCGG,0,4352582
yadI_predicted,0.14285714285714285,6,6,TCTGGAGATAGTAGGGGGGA,0,4344905
yadI_predicted,0.14285714285714285,6,6,TCTGCTGTAACTTCTATAGA,0,4359518
yadI_predicted,0.14285714285714285,6,6,TCTGCTAGTGCGCATCGCTG,0,4333646
yadI_predicted,0.14285714285714285,6,6,TCTGACCCCCGGGGGGACAG,0,4292203
yadI_predicted,0.14285714285714285,6,6,TCTCTTATCGGTTAGAACGA,0,4325203
yadI_predicted,0.14285714285714285,6,6,TCTCTCGTAGTGGGTGTCAT,0,4286218
yadI_predicted,0.14285714285714285,6,6,TCTCGTATCTCAGATGGCGT,0,4316261
yadI_predicted,0.14285714285714285,6,6,TCTCGCAACCATCTGAAATT,0,4328937
yadI_predicted,0.14285714285714285,6,6,TCGTTTTTTCGCTATAGCTA,0,4348892
yadI_predicted,0.14285714285714285,6,6,TCGTTTATGTATATCAAGGT,0,4324674
yadI_predicted,0.14285714285714285,6,6,TCGTTGCAAAGTAATCGATT,0,4306334
yadI_predicted,0.14285714285714285,6,6,TCGTGTAGACGATTGCCAAT,0,4351626
yadI_predicted,0.14285714285714285,6,6,TCGTGGAGTGCACGATGCTG,0,4320344
yadI_predicted,0.14285714285714285,6,6,TCGTGCCCTGCCTTACCTTT,0,4294431
yadI_predicted,0.14285714285714285,6,6,TCGTCGCTGTAACCGACAGC,0,4321659
yadI_predicted,0.14285714285714285,6,6,TCGGTGGATGATTGCCGTAT,0,4350971
yadI_predicted,0.14285714285714285,6,6,TCGGTACCATCCTGACGTGG,0,4295570
yadI_predicted,0.14285714285714285,6,6,TCGGGTTTCCAACATCGCTA,0,4317254
yadI_predicted,0.14285714285714285,6,6,TCGGGTGATCAACGGTCCGT,0,4361645
yadI_predicted,0.14285714285714285,6,6,TCGGGGCTAATCAATTCCGA,0,4318728
yadI_predicted,0.14285714285714285,6,6,TCGGCTTTAGCTCCGTCACG,0,4369095
yadI_predicted,0.14285714285714285,6,6,TCGGCTTACGATGCAGCATA,0,4328672
yadI_predicted,0.14285714285714285,6,6,TCGGCGATCGGATGGCATCT,0,4338334
yadI_predicted,0.14285714285714285,6,6,TCGCGTTCACTTCATACAAG,0,4342901
yadI_predicted,0.14285714285714285,6,6,TCGCGGCCCCACTAGCCTCC,0,4310583
yadI_predicted,0.14285714285714285,6,6,TCGCGGACGCGTCCCCAATC,0,4344655
yadI_predicted,0.14285714285714285,6,6,TCGCAGTTGACTTTGCTGCG,0,4311380
yadI_predicted,0.14285714285714285,6,6,TCGCAGTTCTTTATAGGGAG,0,4296859
yadI_predicted,0.14285714285714285,6,6,TCGCACGAATGGCCTGCATA,0,4328759
yadI_predicted,0.14285714285714285,6,6,TCGATGCGGTCCAGTTACTG,0,4287322
yadI_predicted,0.14285714285714285,6,6,TCGAGTCCTCCTTAGCGTAC,0,4350381
yadI_predicted,0.14285714285714285,6,6,TCGAGGGGTCATCATCGAGT,0,4303145
yadI_predicted,0.14285714285714285,6,6,TCGAGCAGCATTAGATTTTT,0,4286251
yadI_predicted,0.14285714285714285,6,6,TCCTGGAGGTTGGAGTAACG,0,4325560
yadI_predicted,0.14285714285714285,6,6,TCCTCCGTAAAGGGAGGACG,0,4349763
yadI_predicted,0.14285714285714285,6,6,TCCGGGGCACGTTCACAGCT,0,4328570
yadI_predicted,0.14285714285714285,6,6,TCCGGCCATACAGAGTCAAA,0,4332739
yadI_predicted,0.14285714285714285,6,6,TCCGCTATAACATAATGTAA,0,4292239
yadI_predicted,0.14285714285714285,6,6,TCCGAAGGTCGCCCTGAACA,0,4305720
yadI_predicted,0.14285714285714285,6,6,TCCCTCCGACGCCACTAGGA,0,4349011
yadI_predicted,0.14285714285714285,6,6,TCCCTAGATAGGTACCCCAC,0,4337302
yadI_predicted,0.14285714285714285,6,6,TCCCGGGAAGAACGGACTTG,0,4302807
yadI_predicted,0.14285714285714285,6,6,TCCATCATGATGGAGGGCCA,0,4296074
yadI_predicted,0.14285714285714285,6,6,TCCAGTACAGACATAGAACA,0,4296282
yadI_predicted,0.14285714285714285,6,6,TCCACATCAGAAATGGAACG,0,4362481
yadI_predicted,0.14285714285714285,6,6,TCCAACCCCGGAGGCTTGTA,0,4294049
yadI_predicted,0.14285714285714285,6,6,TCATTCTCGGTCTCCTGCAA,0,4299651
yadI_predicted,0.14285714285714285,6,6,TCATTCGCCCGATCATACGA,0,4289855
yadI_predicted,0.14285714285714285,6,6,TCATTAAGAAGGGGCTCTGG,0,4342570
yadI_predicted,0.14285714285714285,6,6,TCATGTGCCTGCTCGCAGAC,0,4356491
yadI_predicted,0.14285714285714285,6,6,TCATCCCTGGGGGGTGATTA,0,4316305
yadI_predicted,0.14285714285714285,6,6,TCATATTAAAAAATGTTACA,0,4303370
yadI_predicted,0.14285714285714285,6,6,TCATATAACATTTGTAGGGT,0,4308343
yadI_predicted,0.14285714285714285,6,6,TCAGTAAGAACCGCACACGG,0,4308608
yadI_predicted,0.14285714285714285,6,6,TCAGCAGGTACACGTTTCTC,0,4336716
yadI_predicted,0.14285714285714285,6,6,TCACCCGGGCCTTCACCTTT,0,4345657
yadI_predicted,0.14285714285714285,6,6,TCACAGTCGGCGGAAAAAGG,0,4349893
yadI_predicted,0.14285714285714285,6,6,TCACAGTAATTCTAAAGGGT,0,4341096
yadI_predicted,0.14285714285714285,6,6,TCACAAGGTTGATGTTTAAA,0,4341720
yadI_predicted,0.14285714285714285,6,6,TCAATTCTGCCAGGGGGCGT,0,4364237
yadI_predicted,0.14285714285714285,6,6,TCAATGGTCGTAACTTATTG,0,4336187
yadI_predicted,0.14285714285714285,6,6,TCAAGAGGCCACGCCTACTT,0,4296584
yadI_predicted,0.14285714285714285,6,6,TCAACTTGGGGTTGTGTTTG,0,4306818
yadI_predicted,0.14285714285714285,6,6,TCAAAACCAGTCGTTCGATG,0,4366234
yadI_predicted,0.14285714285714285,6,6,TATTTCTTGTCACTACAATA,0,4364289
yadI_predicted,0.14285714285714285,6,6,TATTCTATGTAGGTGTTGAA,0,4306872
yadI_predicted,0.14285714285714285,6,6,TATTCAGAGACTGTAAGGGT,0,4344817
yadI_predicted,0.14285714285714285,6,6,TATTAGCGGCCGTGGCACGC,0,4303177
yadI_predicted,0.14285714285714285,6,6,TATTAAAGAAACTGGCACGG,0,4327081
yadI_predicted,0.14285714285714285,6,6,TATGCCTCATTGGAGAAGAA,0,4345585
yadI_predicted,0.14285714285714285,6,6,TATGATGTTGACAGGGCAGC,0,4299115
yadI_predicted,0.14285714285714285,6,6,TATGAAAGGATGAGAGAATT,0,4361191
yadI_predicted,0.14285714285714285,6,6,TATCTGTATCTCGGCTCGGG,0,4294073
yadI_predicted,0.14285714285714285,6,6,TATCTCGGGAGAAGCGCGGC,0,4324701
yadI_predicted,0.14285714285714285,6,6,TATCTCATCAGACGGGGGTA,0,4348323
yadI_predicted,0.14285714285714285,6,6,TATCCCTAGACCTCTACTCA,0,4323176
yadI_predicted,0.14285714285714285,6,6,TATATGCATTGGTTCGCTTA,0,4324170
yadI_predicted,0.14285714285714285,6,6,TATACGGGGTAGGTGGGGCA,0,4369523
yadI_predicted,0.14285714285714285,6,6,TAGGTATAATCCTCTCGACT,0,4288377
yadI_predicted,0.14285714285714285,6,6,TAGGGTGTCAAAGAACCGTG,0,4344742
yadI_predicted,0.14285714285714285,6,6,TAGGGTAAGTAGGCAGCCCT,0,4354918
yadI_predicted,0.14285714285714285,6,6,TAGGGCCGAATAACCTACGT,0,4289396
yadI_predicted,0.14285714285714285,6,6,TAGCGTTCACTTGGCCATAT,0,4328098
yadI_predicted,0.14285714285714285,6,6,TAGCGGTTGACGGCTCTAAT,0,4293504
yadI_predicted,0.14285714285714285,6,6,TAGCGACGTTATGTGCCGTC,0,4289756
yadI_predicted,0.14285714285714285,6,6,TAGCGACCTCCTGGAGAGCT,0,4295918
yadI_predicted,0.14285714285714285,6,6,TAGCCGCTGAGATAACCTGG,0,4321051
yadI_predicted,0.14285714285714285,6,6,TAGATCCCAATCCCCGAGGG,0,4342658
yadI_predicted,0.14285714285714285,6,6,TAGACGTAGTGTAGACAACT,0,4302853
yadI_predicted,0.14285714285714285,6,6,TAGACGCCGGAGGCGCGCAT,0,4318038
yadI_predicted,0.14285714285714285,6,6,TAGACGAGGGTATGTCAAGA,0,4323605
yadI_predicted,0.14285714285714285,6,6,TAGACATTGCGATATGTACT,0,4354524
yadI_predicted,0.14285714285714285,6,6,TAGAAGACTTCCATTCCCCT,0,4313327
yadI_predicted,0.14285714285714285,6,6,TAGAACACTTAGGGAGCGGG,0,4340982
yadI_predicted,0.14285714285714285,6,6,TAGAAATACAGGGCAAGAGA,0,4285289
yadI_predicted,0.14285714285714285,6,6,TACTTTTCCGCTGATGATTC,0,4331390
yadI_predicted,0.14285714285714285,6,6,TACTTTATCAGAGAGTCAAC,0,4308933
yadI_predicted,0.14285714285714285,6,6,TACTATGAGGGGAATTCGAA,0,4361858
yadI_predicted,0.14285714285714285,6,6,TACGTCGAATCTTCGGACAT,0,4322433
yadI_predicted,0.14285714285714285,6,6,TACGTATCCGCTCGAAGAGC,0,4327544
yadI_predicted,0.14285714285714285,6,6,TACGGTAATAAACGCGGTGT,0,4327786
yadI_predicted,0.14285714285714285,6,6,TACGGGGCATTCGCCTTGAA,0,4331985
yadI_predicted,0.14285714285714285,6,6,TACGGATAAAGTTGCTTCAA,0,4352035
yadI_predicted,0.14285714285714285,6,6,TACGATCAACATGACATGGT,0,4358028
yadI_predicted,0.14285714285714285,6,6,TACGATATTGCTGATCGAAC,0,4298645
yadI_predicted,0.14285714285714285,6,6,TACGAATTAGTTTATGGTCA,0,4296400
yadI_predicted,0.14285714285714285,6,6,TACCGCTGAAAGCACATCTT,0,4366336
yadI_predicted,0.14285714285714285,6,6,TACCAGCCGAGTAATGTGAT,0,4362234
yadI_predicted,0.14285714285714285,6,6,TACCAAAAGGCTTTGTTCTA,0,4364373
yadI_predicted,0.14285714285714285,6,6,TACAGTATGGATTATGGTGG,0,4325787
yadI_predicted,0.14285714285714285,6,6,TACAGGGGAAGCATGGGCTG,0,4367778
yadI_predicted,0.14285714285714285,6,6,TAATTTTGCCCGTGTTGAAA,0,4345798
yadI_predicted,0.14285714285714285,6,6,TAATTATCTGTAGGTGCCTC,0,4289013
yadI_predicted,0.14285714285714285,6,6,TAATGCACACGTCCAGGAGG,0,4344743
yadI_predicted,0.14285714285714285,6,6,TAATCGGACGATAAAGTCTT,0,4289851
yadI_predicted,0.14285714285714285,6,6,TAATCAATCCCACCGTTGAA,0,4339744
yadI_predicted,0.14285714285714285,6,6,TAAGTTCTTTGAGAAGCGAA,0,4316076
yadI_predicted,0.14285714285714285,6,6,TAAGTCTGGCTGATTGGATG,0,4309601
yadI_predicted,0.14285714285714285,6,6,TAAGCGCCTCCTGCACATCC,0,4334521
yadI_predicted,0.14285714285714285,6,6,TAAGATGATTAGTTGAATTG,0,4305508
yadI_predicted,0.14285714285714285,6,6,TAAGAGTGCGCGGGTGGAAG,0,4321689
yadI_predicted,0.14285714285714285,6,6,TAAGACTTTAGTGGGTAGCA,0,4364066
yadI_predicted,0.14285714285714285,6,6,TAACTTTCGGAGCGTTCCTT,0,4336472
yadI_predicted,0.14285714285714285,6,6,TAACGCGGAAGGTCCCGTAC,0,4336798
yadI_predicted,0.14285714285714285,6,6,TAACAACCGTTGAAGCTCAC,0,4302667
yadI_predicted,0.14285714285714285,6,6,TAAATTGGAGTAGGATCTCT,0,4345335
yadI_predicted,0.14285714285714285,6,6,TAAATTCTAGCGCAGCCGTG,0,4356053
yadI_predicted,0.14285714285714285,6,6,TAAATGAATATGGAGGCGTT,0,4337153
yadI_predicted,0.14285714285714285,6,6,TAAAGGTAGAGGTGTTTGCA,0,4346909
yadI_predicted,0.14285714285714285,6,6,TAAAGACCTTCTATGAAATA,0,4349822
yadI_predicted,0.14285714285714285,6,6,TAAACACTGATCCCACATTC,0,4303301
yadI_predicted,0.14285714285714285,6,6,TAAAAATCATAACACCCGCC,0,4354636
yadI_predicted,0.14285714285714285,6,6,GTTTTGCGCGTCTCAGGAGG,0,4323826
yadI_predicted,0.14285714285714285,6,6,GTTTTCTCAAGAGACCGCGG,0,4304544
yadI_predicted,0.14285714285714285,6,6,GTTTTAGCAGCCGCAAAAAC,0,4342680
yadI_predicted,0.14285714285714285,6,6,GTTTGGAGTAATGATTCCTC,0,4351094
yadI_predicted,0.14285714285714285,6,6,GTTTGCAGACGATTGGCGCG,0,4284480
yadI_predicted,0.14285714285714285,6,6,GTTTGAAGGATAGATCAAGT,0,4358474
yadI_predicted,0.14285714285714285,6,6,GTTTCCTATGGAAGTCAGGT,0,4337068
yadI_predicted,0.14285714285714285,6,6,GTTTCACCAAGAGTCTTCGA,0,4328953
yadI_predicted,0.14285714285714285,6,6,GTTTACAAACTCATTCACTA,0,4350128
yadI_predicted,0.14285714285714285,6,6,GTTGTGACTTGTCGCGCAAC,0,4344341
yadI_predicted,0.14285714285714285,6,6,GTTGACTTCCGATTTGCCAG,0,4362037
yadI_predicted,0.14285714285714285,6,6,GTTGACAATAACAAAATAGG,0,4339128
yadI_predicted,0.14285714285714285,6,6,GTTGAACCTCAGAGCAATTA,0,4330296
yadI_predicted,0.14285714285714285,6,6,GTTCTAACCCTTATATATTG,0,4288684
yadI_predicted,0.14285714285714285,6,6,GTTCGGAGACCTTGCTACCG,0,4312705
yadI_predicted,0.14285714285714285,6,6,GTTCGGACTTCCAAGATATG,0,4289010
yadI_predicted,0.14285714285714285,6,6,GTTCGAATGGCCACTATTTG,0,4321492
yadI_predicted,0.14285714285714285,6,6,GTTCCTGTATTCAAGGATGT,0,4363875
yadI_predicted,0.14285714285714285,6,6,GTTCCAAGAGGCGCATGTCT,0,4310398
yadI_predicted,0.14285714285714285,6,6,GTTCAACTTTCTGAAAATCG,0,4351343
yadI_predicted,0.14285714285714285,6,6,GTTATTCACCCTGGTCCGTA,0,4316775
yadI_predicted,0.14285714285714285,6,6,GTTATCGGAAACTTGACAAC,0,4305788
yadI_predicted,0.14285714285714285,6,6,GTTAGCTCGCGCAGCAACTC,0,4327101
yadI_predicted,0.14285714285714285,6,6,GTTACTTACCTTTATCCGGG,0,4349194
yadI_predicted,0.14285714285714285,6,6,GTTACGTTGGCAACTCTCAA,0,4295838
yadI_predicted,0.14285714285714285,6,6,GTTACGGTGCTTCCGTTAGT,0,4323199
yadI_predicted,0.14285714285714285,6,6,GTTAAGTCCTATGGGGATAA,0,4313482
yadI_predicted,0.14285714285714285,6,6,GTTAACCGGAACGCAAAATA,0,4304846
yadI_predicted,0.14285714285714285,6,6,GTGTTTTTTCTAATCTGTAG,0,4327230
yadI_predicted,0.14285714285714285,6,6,GTGTGGGGCAAAAAGTCCTG,0,4290345
yadI_predicted,0.14285714285714285,6,6,GTGTGCCGGGGGTCCTTTGT,0,4313494
yadI_predicted,0.14285714285714285,6,6,GTGTCTATTTTAAGAAGTCC,0,4356321
yadI_predicted,0.14285714285714285,6,6,GTGTACCTGGCAGGTTGACT,0,4320023
yadI_predicted,0.14285714285714285,6,6,GTGGTCGATCTGCCCCTACC,0,4284707
yadI_predicted,0.14285714285714285,6,6,GTGGGGCTGATGTGCGCTTT,0,4367266
yadI_predicted,0.14285714285714285,6,6,GTGGGCAGTCTTTTCGTACC,0,4331273
yadI_predicted,0.14285714285714285,6,6,GTGGGACTTAGGGTCATAGC,0,4291799
yadI_predicted,0.14285714285714285,6,6,GTGCGGTCCGGGCGTCATTA,0,4367859
yadI_predicted,0.14285714285714285,6,6,GTGCGGAGGTAAGGATCCGC,0,4330229
yadI_predicted,0.14285714285714285,6,6,GTGCGCTCACTATCGGGGTC,0,4318367
yadI_predicted,0.14285714285714285,6,6,GTGCGCGTACGCGTAACGTG,0,4359136
yadI_predicted,0.14285714285714285,6,6,GTGCCGGAGTCAACCGTGTA,0,4356877
yadI_predicted,0.14285714285714285,6,6,GTGCACGGGATTAATTCTTT,0,4312707
yadI_predicted,0.14285714285714285,6,6,GTGATATTCTATCTCATATA,0,4294368
yadI_predicted,0.14285714285714285,6,6,GTGAGGGATAGCCGAATCAA,0,4330835
yadI_predicted,0.14285714285714285,6,6,GTGAGGCTTTAGAAGCGCGA,0,4333482
yadI_predicted,0.14285714285714285,6,6,GTGAGCCAGGCATCCGAGTC,0,4325467
yadI_predicted,0.14285714285714285,6,6,GTGAGATAAGTGGTTGTTAT,0,4348394
yadI_predicted,0.14285714285714285,6,6,GTGACGTCCGGGAGGCAACT,0,4332510
yadI_predicted,0.14285714285714285,6,6,GTGACGCCATGAGAAATATT,0,4339389
yadI_predicted,0.14285714285714285,6,6,GTGACCCCCAATAAGGTGAG,0,4325086
yadI_predicted,0.14285714285714285,6,6,GTGACAGCTATGTTCTTTTG,0,4304053
yadI_predicted,0.14285714285714285,6,6,GTGAAGGGTATAGGGGCGTA,0,4303886
yadI_predicted,0.14285714285714285,6,6,GTGAACGCACGACTACATCA,0,4326009
yadI_predicted,0.14285714285714285,6,6,GTCTTCAAGGCCTGGGCTTA,0,4357199
yadI_predicted,0.14285714285714285,6,6,GTCTGGTTTCAGGTGCTCGT,0,4348559
yadI_predicted,0.14285714285714285,6,6,GTCTGGCTGGTCAGTTAGCG,0,4288187
yadI_predicted,0.14285714285714285,6,6,GTCTGGAACATGGGGGTTTC,0,4286720
yadI_predicted,0.14285714285714285,6,6,GTCTCAGTGGGTTTGCTCGT,0,4332239
yadI_predicted,0.14285714285714285,6,6,GTCTCACGGGTCTGTGGTGG,0,4327459
yadI_predicted,0.14285714285714285,6,6,GTCTACGCTCGTGGTGCGAA,0,4359468
yadI_predicted,0.14285714285714285,6,6,GTCGTTCCACTTGCTACCGT,0,4294507
yadI_predicted,0.14285714285714285,6,6,GTCGGGCAAAGCTGGGCGAG,0,4305116
yadI_predicted,0.14285714285714285,6,6,GTCGCAATAGCCTCGATATC,0,4339483
yadI_predicted,0.14285714285714285,6,6,GTCGATGAAAGGCATTAGGA,0,4331367
yadI_predicted,0.14285714285714285,6,6,GTCGAAGACCAGTGACATGT,0,4303985
yadI_predicted,0.14285714285714285,6,6,GTCCTGGCCCCCGCCTTTTT,0,4325899
yadI_predicted,0.14285714285714285,6,6,GTCCTCAGGAATTTCACGCC,0,4351445
yadI_predicted,0.14285714285714285,6,6,GTCCTACCCACATCAATCGG,0,4285533
yadI_predicted,0.14285714285714285,6,6,GTCCCGAGCGGCTACAGCAT,0,4362175
yadI_predicted,0.14285714285714285,6,6,GTCCAGTGGTCACGGGAACA,0,4301492
yadI_predicted,0.14285714285714285,6,6,GTCCAGAAATGGAACTTTAC,0,4300869
yadI_predicted,0.14285714285714285,6,6,GTCATTTTTCCAGCCTATGC,0,4346270
yadI_predicted,0.14285714285714285,6,6,GTCAGGCGGATTTGTCGGTG,0,4325380
yadI_predicted,0.14285714285714285,6,6,GTCACTAAAGCGGTGTACTA,0,4303347
yadI_predicted,0.14285714285714285,6,6,GTCACGGTACGCACGGTTCT,0,4369959
yadI_predicted,0.14285714285714285,6,6,GTCAAATTGTTCGAAATACT,0,4295962
yadI_predicted,0.14285714285714285,6,6,GTATTACGGTAGGTTCTTAT,0,4284540
yadI_predicted,0.14285714285714285,6,6,GTATGTAATCATCACAGAAT,0,4292696
yadI_predicted,0.14285714285714285,6,6,GTATCTTTTCGATAGCCCGG,0,4306498
yadI_predicted,0.14285714285714285,6,6,GTATATGCACTTGGCGCGCC,0,4305090
yadI_predicted,0.14285714285714285,6,6,GTAGTTAATCGGCAAACGTA,0,4304558
yadI_predicted,0.14285714285714285,6,6,GTAGGTTGATGTTTTATACT,0,4353186
yadI_predicted,0.14285714285714285,6,6,GTAGCGTGCTTACGAGTTCA,0,4326657
yadI_predicted,0.14285714285714285,6,6,GTAGCGGGAAGACACCTTAA,0,4326894
yadI_predicted,0.14285714285714285,6,6,GTAGAATCGGATGGTGTCTT,0,4338498
yadI_predicted,0.14285714285714285,6,6,GTACTGTGCCTGGGTTTCCT,0,4294742
yadI_predicted,0.14285714285714285,6,6,GTACGTTTATTCTTTCATAT,0,4320923
yadI_predicted,0.14285714285714285,6,6,GTACGACATCAAGACAAGGT,0,4330297
yadI_predicted,0.14285714285714285,6,6,GTACCTGTGTAACGCAACCC,0,4305003
yadI_predicted,0.14285714285714285,6,6,GTACCCGCCCGTAATAGCGA,0,4355930
yadI_predicted,0.14285714285714285,6,6,GTACATGTTTAATACGCCGG,0,4361744
yadI_predicted,0.14285714285714285,6,6,GTACATGTCTGGAACAAGCC,0,4336537
yadI_predicted,0.14285714285714285,6,6,GTACATGTCGCCGCATGCCT,0,4355069
yadI_predicted,0.14285714285714285,6,6,GTACATCGGCTGATTGAAGG,0,4322954
yadI_predicted,0.14285714285714285,6,6,GTACAATTTGCAAGAAATTA,0,4307134
yadI_predicted,0.14285714285714285,6,6,GTAATCCGAGCCAACTGTTC,0,4367566
yadI_predicted,0.14285714285714285,6,6,GTAAGGATATAGCCGGGACA,0,4338578
yadI_predicted,0.14285714285714285,6,6,GTAAGCCGTCCGTAAGTCCA,0,4308672
yadI_predicted,0.14285714285714285,6,6,GTAAGCATGCTCGCTCTTAG,0,4287756
yadI_predicted,0.14285714285714285,6,6,GTAAAGAGAGAACAGACGTT,0,4360900
yadI_predicted,0.14285714285714285,6,6,GTAAAAGTGCTTGGAAACTA,0,4328961
yadI_predicted,0.14285714285714285,6,6,GGTTTACTGGATTAACCACG,0,4326312
yadI_predicted,0.14285714285714285,6,6,GGTTGGCGAGAAATCTCCAC,0,4325011
yadI_predicted,0.14285714285714285,6,6,GGTTGCGAGACGCGTGGAGC,0,4311094
yadI_predicted,0.14285714285714285,6,6,GGTTCTCCAAGGAGTGCTTA,0,4347881
yadI_predicted,0.14285714285714285,6,6,GGTTCGTATAACCATCAGGT,0,4298618
yadI_predicted,0.14285714285714285,6,6,GGTTAGTCACAAGGCGGTCC,0,4316512
yadI_predicted,0.14285714285714285,6,6,GGTGTTCTGACGCAGCCGAA,0,4302610
yadI_predicted,0.14285714285714285,6,6,GGTGTCAAAGTTAGGGGGAC,0,4347407
yadI_predicted,0.14285714285714285,6,6,GGTGGGGTATCCTACTCACC,0,4365982
yadI_predicted,0.14285714285714285,6,6,GGTGGGGGAGATCCTGGTCA,0,4293305
yadI_predicted,0.14285714285714285,6,6,GGTGGCTATCATTGCTGTAC,0,4356298
yadI_predicted,0.14285714285714285,6,6,GGTGGATCTGCCCAGTTCGC,0,4302660
yadI_predicted,0.14285714285714285,6,6,GGTGCATGCGACCATGATTA,0,4322423
yadI_predicted,0.14285714285714285,6,6,GGTCTTTTTACGTAAGAACT,0,4290238
yadI_predicted,0.14285714285714285,6,6,GGTCTGGATCGACTAATGTA,0,4297110
yadI_predicted,0.14285714285714285,6,6,GGTCTATGGCGTAATCGCCC,0,4364656
yadI_predicted,0.14285714285714285,6,6,GGTCGGTAATTCTAAGCCTT,0,4293590
yadI_predicted,0.14285714285714285,6,6,GGTCCGTTCAAGCGTGTGCA,0,4316240
yadI_predicted,0.14285714285714285,6,6,GGTCATTAATATCTAAGTCG,0,4367772
yadI_predicted,0.14285714285714285,6,6,GGTATACTGCAAGTACATAA,0,4298684
yadI_predicted,0.14285714285714285,6,6,GGTATACGGTGCCAAGCGTG,0,4292098
yadI_predicted,0.14285714285714285,6,6,GGTAGTACGATCGCGTTTTT,0,4285012
yadI_predicted,0.14285714285714285,6,6,GGTAGAAGATGTTAGCGTTG,0,4318132
yadI_predicted,0.14285714285714285,6,6,GGTAATTCCGCATATGCAGT,0,4368736
yadI_predicted,0.14285714285714285,6,6,GGTAAATCATCTTCGTATTC,0,4300743
yadI_predicted,0.14285714285714285,6,6,GGGTTTGGCCGAATCTATAT,0,4357219
yadI_predicted,0.14285714285714285,6,6,GGGTTCAGCCGTTACTTGCG,0,4360362
yadI_predicted,0.14285714285714285,6,6,GGGTGCAAGTAAAGCACATG,0,4302522
yadI_predicted,0.14285714285714285,6,6,GGGTAAATCCAGAGCGACAC,0,4306673
yadI_predicted,0.14285714285714285,6,6,GGGGTTTACAAGATATTAAT,0,4303992
yadI_predicted,0.14285714285714285,6,6,GGGGTATTTCGTCAGCTTCT,0,4316429
yadI_predicted,0.14285714285714285,6,6,GGGGTATCCTAGGTGGAGGA,0,4317809
yadI_predicted,0.14285714285714285,6,6,GGGGGTGGTATGGGACACTG,0,4315508
yadI_predicted,0.14285714285714285,6,6,GGGGGAACCATTCTTAGTTC,0,4358167
yadI_predicted,0.14285714285714285,6,6,GGGGCAACACATAGACAACA,0,4305461
yadI_predicted,0.14285714285714285,6,6,GGGCTTCGATACTGCCACCA,0,4350942
yadI_predicted,0.14285714285714285,6,6,GGGCTCTAAACGTTTGATCT,0,4309056
yadI_predicted,0.14285714285714285,6,6,GGGCGACCTAAACCGCTTAT,0,4287840
yadI_predicted,0.14285714285714285,6,6,GGGCCTCTAATATATAAGGT,0,4289752
yadI_predicted,0.14285714285714285,6,6,GGGCCCATCATTAAGCGGAC,0,4364586
yadI_predicted,0.14285714285714285,6,6,GGGCCACCCACCACCAAATC,0,4368865
yadI_predicted,0.14285714285714285,6,6,GGGATGGAGAAGTGTCACCC,0,4319619
yadI_predicted,0.14285714285714285,6,6,GGGATCGACACCTAATGCAG,0,4328630
yadI_predicted,0.14285714285714285,6,6,GGGAGGACACAAGTACAGTG,0,4358926
yadI_predicted,0.14285714285714285,6,6,GGGAACGTAACTTAAATAGA,0,4307758
yadI_predicted,0.14285714285714285,6,6,GGGAAAGCGTGTTTGTGTGT,0,4369522
yadI_predicted,0.14285714285714285,6,6,GGCTTGTAAGCAATCAACAC,0,4298061
yadI_predicted,0.14285714285714285,6,6,GGCTTCCAGAGAGCGCAGCC,0,4355058
yadI_predicted,0.14285714285714285,6,6,GGCTGGAAATCTGCTACCAA,0,4330606
yadI_predicted,0.14285714285714285,6,6,GGCTGCTAACGCCTGTTGAT,0,4366657
yadI_predicted,0.14285714285714285,6,6,GGCTGCCCCCGACTGCGTTG,0,4367477
yadI_predicted,0.14285714285714285,6,6,GGCGGCCCGCGCCCTATGTA,0,4305900
yadI_predicted,0.14285714285714285,6,6,GGCGGAACCCTAGGCTGGCG,0,4319226
yadI_predicted,0.14285714285714285,6,6,GGCGCTCTCCACCACGGGCG,0,4344615
yadI_predicted,0.14285714285714285,6,6,GGCGCACGAGGTAATACCTA,0,4310517
yadI_predicted,0.14285714285714285,6,6,GGCGATGGATCGAACACTTT,0,4335151
yadI_predicted,0.14285714285714285,6,6,GGCGAGGCACCCACTGTTTA,0,4362633
yadI_predicted,0.14285714285714285,6,6,GGCGAAAACCGGTATTTTCT,0,4368752
yadI_predicted,0.14285714285714285,6,6,GGCCTAAGCTAATGGCCGAT,0,4347079
yadI_predicted,0.14285714285714285,6,6,GGCCCGTTTACGTTGACGTC,0,4302502
yadI_predicted,0.14285714285714285,6,6,GGCCCCGCGGGTCACCTTTG,0,4309609
yadI_predicted,0.14285714285714285,6,6,GGCATCACGCGCGCCGCGTA,0,4300714
yadI_predicted,0.14285714285714285,6,6,GGCAGTTACGGCAAGCAATG,0,4318250
yadI_predicted,0.14285714285714285,6,6,GGCAGTATTCAATCCACATG,0,4359585
yadI_predicted,0.14285714285714285,6,6,GGCAGGGATATATCCAGCCG,0,4312113
yadI_predicted,0.14285714285714285,6,6,GGCACATAGTTATCGGATAA,0,4319546
yadI_predicted,0.14285714285714285,6,6,GGCACAGACCTAAGTATTCT,0,4305837
yadI_predicted,0.14285714285714285,6,6,GGCAATTGGGGTGCCATTGT,0,4312854
yadI_predicted,0.14285714285714285,6,6,GGCAAAGCATCGTCGCTCAT,0,4368645
yadI_predicted,0.14285714285714285,6,6,GGATGGGCCGGATGGCATCG,0,4301930
yadI_predicted,0.14285714285714285,6,6,GGATATGTATAAACTTGATT,0,4312664
yadI_predicted,0.14285714285714285,6,6,GGAGTGCTGAGTGAAGACTT,0,4305683
yadI_predicted,0.14285714285714285,6,6,GGAGTCTCGCTATACATAGG,0,4318443
yadI_predicted,0.14285714285714285,6,6,GGAGCTTTATCCTTTAGGGG,0,4367555
yadI_predicted,0.14285714285714285,6,6,GGAGCCTGACGCTAGGTAAA,0,4367848
yadI_predicted,0.14285714285714285,6,6,GGAGCCCTCGGGTTCATCTG,0,4300342
yadI_predicted,0.14285714285714285,6,6,GGAGCCACTGTCCCCGTAAG,0,4313932
yadI_predicted,0.14285714285714285,6,6,GGACTTCCATTTGATCCTAG,0,4345093
yadI_predicted,0.14285714285714285,6,6,GGACTTAGTCGAACTTTAGT,0,4308724
yadI_predicted,0.14285714285714285,6,6,GGACACTCAGGCGTTTAGGG,0,4323291
yadI_predicted,0.14285714285714285,6,6,GGACACAAATTACCTGCGAG,0,4316560
yadI_predicted,0.14285714285714285,6,6,GGAATGTCGTCAGTCTTTCG,0,4310903
yadI_predicted,0.14285714285714285,6,6,GGAAGTAGGGGTACCCTTAA,0,4322846
yadI_predicted,0.14285714285714285,6,6,GGAAGGGGATGCAGAGGATA,0,4357060
yadI_predicted,0.14285714285714285,6,6,GGAACATGATGACAAGTTAT,0,4303068
yadI_predicted,0.14285714285714285,6,6,GGAAATTCATAGGAATAATC,0,4297733
yadI_predicted,0.14285714285714285,6,6,GGAAACGAGAATTGGTTTAA,0,4285649
yadI_predicted,0.14285714285714285,6,6,GGAAACATCACTGTGGGAAG,0,4306429
yadI_predicted,0.14285714285714285,6,6,GCTTGTTTACGGCCTGTTAC,0,4346335
yadI_predicted,0.14285714285714285,6,6,GCTTGCGGCGGGGTATCCGG,0,4355854
yadI_predicted,0.14285714285714285,6,6,GCTGTTGTTCTCGCCTTAAC,0,4297757
yadI_predicted,0.14285714285714285,6,6,GCTGTGACCCGTTTTTCACG,0,4286841
yadI_predicted,0.14285714285714285,6,6,GCTGCCGTGTCACACCATCA,0,4337756
yadI_predicted,0.14285714285714285,6,6,GCTGCAACCAGAACAATTCG,0,4306056
yadI_predicted,0.14285714285714285,6,6,GCTCTCATCAGCGAGCATGG,0,4296498
yadI_predicted,0.14285714285714285,6,6,GCTCAGGCCTTGGTCTATAT,0,4303255
yadI_predicted,0.14285714285714285,6,6,GCTCACGAGCACAAAAAGTA,0,4299105
yadI_predicted,0.14285714285714285,6,6,GCTCACCCTTCTCGGTGCAA,0,4324403
yadI_predicted,0.14285714285714285,6,6,GCTAGTCCGCAGTGTTCGGA,0,4359420
yadI_predicted,0.14285714285714285,6,6,GCTAGCCTTCTGGATACCCG,0,4295819
yadI_predicted,0.14285714285714285,6,6,GCTACTCTACCGCAGGAGAA,0,4313086
yadI_predicted,0.14285714285714285,6,6,GCTACGATTCCGTTGATAGG,0,4341296
yadI_predicted,0.14285714285714285,6,6,GCTACCGGTGCAAAGATCAA,0,4319503
yadI_predicted,0.14285714285714285,6,6,GCTAATGTTGCAGAGAGAAA,0,4304994
yadI_predicted,0.14285714285714285,6,6,GCTAAGAGTAGTGTAGCGCG,0,4361337
yadI_predicted,0.14285714285714285,6,6,GCGTTCGAGCCCAATCTGTT,0,4360373
yadI_predicted,0.14285714285714285,6,6,GCGTGAAGACTTCTTGCACC,0,4298032
yadI_predicted,0.14285714285714285,6,6,GCGTAGGGACCATCGTCCTT,0,4285282
yadI_predicted,0.14285714285714285,6,6,GCGTAACCCACGATCTAAGC,0,4358062
yadI_predicted,0.14285714285714285,6,6,GCGGGTGATCGAGGCTGTAC,0,4329529
yadI_predicted,0.14285714285714285,6,6,GCGGGCGGGGTCCACAACTG,0,4358549
yadI_predicted,0.14285714285714285,6,6,GCGGCCCTTGGCTGGTGCGG,0,4298701
yadI_predicted,0.14285714285714285,6,6,GCGGCAGTAAGTACACCCAT,0,4302616
yadI_predicted,0.14285714285714285,6,6,GCGGATTTCGACGTCTATAT,0,4335081
yadI_predicted,0.14285714285714285,6,6,GCGGATGGTGACCGAGACGT,0,4302594
yadI_predicted,0.14285714285714285,6,6,GCGCGTAGTCCGGCGGCCAG,0,4321821
yadI_predicted,0.14285714285714285,6,6,GCGCGGCCCTATTCACCGTT,0,4354998
yadI_predicted,0.14285714285714285,6,6,GCGCGAATCATTCTTGGTGG,0,4316110
yadI_predicted,0.14285714285714285,6,6,GCGCCTATCACCTCTCTACG,0,4314557
yadI_predicted,0.14285714285714285,6,6,GCGCCCCTGAGGGGTGCCTT,0,4308877
yadI_predicted,0.14285714285714285,6,6,GCGCCCAATTTTCCGTTAGT,0,4364591
yadI_predicted,0.14285714285714285,6,6,GCGCCATGTCAAGGACATGT,0,4301825
yadI_predicted,0.14285714285714285,6,6,GCGCATCCTGTGATATCTTT,0,4286211
yadI_predicted,0.14285714285714285,6,6,GCGCAGAAGGTTCTCCTCGG,0,4358904
yadI_predicted,0.14285714285714285,6,6,GCGATAGGTAGTAAGTGGAT,0,4288927
yadI_predicted,0.14285714285714285,6,6,GCGACTCCAAGGATCGGTTG,0,4321875
yadI_predicted,0.14285714285714285,6,6,GCGACCGGTAATCTACAGAC,0,4345034
yadI_predicted,0.14285714285714285,6,6,GCGAAGTGGATACTGAAAGG,0,4310694
yadI_predicted,0.14285714285714285,6,6,GCGAAATTCCAAGGGTTGGG,0,4318733
yadI_predicted,0.14285714285714285,6,6,GCCTGGAAATCGACGCGGTT,0,4359286
yadI_predicted,0.14285714285714285,6,6,GCCTAACTGCACCGTCTTTA,0,4317757
yadI_predicted,0.14285714285714285,6,6,GCCGTCCTCGTGCCCTGCAA,0,4352500
yadI_predicted,0.14285714285714285,6,6,GCCGCGGGAACAAGAATATG,0,4318573
yadI_predicted,0.14285714285714285,6,6,GCCGCGAGAGCGTAGTATCA,0,4319558
yadI_predicted,0.14285714285714285,6,6,GCCGCAGGGTGCCGATCCTT,0,4300125
yadI_predicted,0.14285714285714285,6,6,GCCGATCTTGCATGGGTACT,0,4350969
yadI_predicted,0.14285714285714285,6,6,GCCGAATGTCTTAAATCATC,0,4317414
yadI_predicted,0.14285714285714285,6,6,GCCCTTATCAGGGGGTTTAT,0,4349694
yadI_predicted,0.14285714285714285,6,6,GCCCGCGGTTTAAATCTCAT,0,4330660
yadI_predicted,0.14285714285714285,6,6,GCCCGCGCATCGGTATCAAG,0,4297569
yadI_predicted,0.14285714285714285,6,6,GCCCGAGGTGGCACATTCAT,0,4366145
yadI_predicted,0.14285714285714285,6,6,GCCCCCTGAGTTTGTGCTCA,0,4365963
yadI_predicted,0.14285714285714285,6,6,GCCATGGGCAGTCCCGTGGA,0,4364013
yadI_predicted,0.14285714285714285,6,6,GCCATCGCGGGATCTATTGC,0,4351158
yadI_predicted,0.14285714285714285,6,6,GCCATAGAGGCCGTAGGATC,0,4313527
yadI_predicted,0.14285714285714285,6,6,GCCAGTCTCGCGACATCACC,0,4303881
yadI_predicted,0.14285714285714285,6,6,GCCAGGCCTGAAAAGTTTCC,0,4334095
yadI_predicted,0.14285714285714285,6,6,GCCACAAATGGGGCGTAGAG,0,4301158
yadI_predicted,0.14285714285714285,6,6,GCCAATACGGTCTCACTCTT,0,4345436
yadI_predicted,0.14285714285714285,6,6,GCATTATCCAAGCGGCACTA,0,4355112
yadI_predicted,0.14285714285714285,6,6,GCATTACTTTTCACTTATAT,0,4305887
yadI_predicted,0.14285714285714285,6,6,GCATGGGGTATGCAGCATGC,0,4319612
yadI_predicted,0.14285714285714285,6,6,GCATGCTGGTTTATCCACTA,0,4327299
yadI_predicted,0.14285714285714285,6,6,GCATGCAGGGGCCGACACTC,0,4340425
yadI_predicted,0.14285714285714285,6,6,GCATCGCGTGAGCTATAAGC,0,4292760
yadI_predicted,0.14285714285714285,6,6,GCATAGGTGACCGTCGGAAG,0,4304211
yadI_predicted,0.14285714285714285,6,6,GCATAAACGATTCATTGTAG,0,4292901
yadI_predicted,0.14285714285714285,6,6,GCAGTGCGTGTACCAGGGTC,0,4310679
yadI_predicted,0.14285714285714285,6,6,GCAGTCTCTTATGATTACTG,0,4284201
yadI_predicted,0.14285714285714285,6,6,GCAGTCCCAATGTATATGGC,0,4307953
yadI_predicted,0.14285714285714285,6,6,GCAGGAAATGCACACTTCAA,0,4363805
yadI_predicted,0.14285714285714285,6,6,GCAGAAGCATGTAAAATGGT,0,4287017
yadI_predicted,0.14285714285714285,6,6,GCACTCTCATCCGGGTGAAA,0,4317984
yadI_predicted,0.14285714285714285,6,6,GCACCCTCTACTATTAGAGG,0,4341643
yadI_predicted,0.14285714285714285,6,6,GCACACGGGCCGGTTCCGGT,0,4330663
yadI_predicted,0.14285714285714285,6,6,GCAATAACTCGCGCCTCGGA,0,4310974
yadI_predicted,0.14285714285714285,6,6,GCAAGTTTGGGCTCACGGCG,0,4356707
yadI_predicted,0.14285714285714285,6,6,GCAAAGGGAGATGTCAAGAA,0,4356374
yadI_predicted,0.14285714285714285,6,6,GCAAAGCATTGTGCCCCTCG,0,4293710
yadI_predicted,0.14285714285714285,6,6,GCAAACGAGTGTTCACAGAT,0,4297761
yadI_predicted,0.14285714285714285,6,6,GATTTATTTTAATAGTCTCA,0,4305249
yadI_predicted,0.14285714285714285,6,6,GATTTAGCGCTGCTAGGCCT,0,4340104
yadI_predicted,0.14285714285714285,6,6,GATTGAAATACGGGCCTACT,0,4301631
yadI_predicted,0.14285714285714285,6,6,GATTCGGGTGGTGTTCTTAT,0,4321675
yadI_predicted,0.14285714285714285,6,6,GATTATCGCGGCTGCCTAAA,0,4332227
yadI_predicted,0.14285714285714285,6,6,GATGCGTGCATAACATGTAG,0,4353254
yadI_predicted,0.14285714285714285,6,6,GATGCCCCGCCTGCCGTTCC,0,4284288
yadI_predicted,0.14285714285714285,6,6,GATCGTATTAGGGTGTACTG,0,4332031
yadI_predicted,0.14285714285714285,6,6,GATCGGTCTCGCCCGTTCAG,0,4288095
yadI_predicted,0.14285714285714285,6,6,GATCGCGTCTAGGTTAACGT,0,4361809
yadI_predicted,0.14285714285714285,6,6,GATCGAAACAAAAGAGAAAA,0,4358194
yadI_predicted,0.14285714285714285,6,6,GATCCTGACAACTGTAGCGT,0,4316941
yadI_predicted,0.14285714285714285,6,6,GATCATCTCCGGACGGGGTA,0,4343346
yadI_predicted,0.14285714285714285,6,6,GATAGAGCTTCACGCCTGTA,0,4325077
yadI_predicted,0.14285714285714285,6,6,GATACGGCTTAAAGTGCAGT,0,4343435
yadI_predicted,0.14285714285714285,6,6,GATAAGAGAACGCTGTACTT,0,4359824
yadI_predicted,0.14285714285714285,6,6,GAGTGCTGATACCCGGGTCC,0,4312271
yadI_predicted,0.14285714285714285,6,6,GAGTCCTGGGGGCGCGGTTT,0,4345596
yadI_predicted,0.14285714285714285,6,6,GAGTATCATTCTGGCATGCC,0,4365814
yadI_predicted,0.14285714285714285,6,6,GAGGTGGCCGACGTCCGTCG,0,4286381
yadI_predicted,0.14285714285714285,6,6,GAGGTATTAGAAGGCCACCC,0,4299102
yadI_predicted,0.14285714285714285,6,6,GAGGGCGCCTGGTAAACGCG,0,4302219
yadI_predicted,0.14285714285714285,6,6,GAGGGATGAAACAACTCTTA,0,4290662
yadI_predicted,0.14285714285714285,6,6,GAGGCGGCGCTGATCTAAAA,0,4311205
yadI_predicted,0.14285714285714285,6,6,GAGGCCTAGTATTATCCCAC,0,4323101
yadI_predicted,0.14285714285714285,6,6,GAGGAAGAATAGGAGGAGGT,0,4363804
yadI_predicted,0.14285714285714285,6,6,GAGCGTACCAATCGATCCCA,0,4334012
yadI_predicted,0.14285714285714285,6,6,GAGCGTACACAAATCCGTCG,0,4307450
yadI_predicted,0.14285714285714285,6,6,GAGCGAGGACCCTTCGCCCG,0,4367329
yadI_predicted,0.14285714285714285,6,6,GAGCACGGGATCTGGCTGAG,0,4347747
yadI_predicted,0.14285714285714285,6,6,GAGATTCTCCAACTTGAGTA,0,4285299
yadI_predicted,0.14285714285714285,6,6,GAGATACGTGAAATCATGGT,0,4348282
yadI_predicted,0.14285714285714285,6,6,GAGACATAGTACTGTCATAA,0,4347454
yadI_predicted,0.14285714285714285,6,6,GACTGTTATGGCGTCGCAGA,0,4330198
yadI_predicted,0.14285714285714285,6,6,GACTGCAGCGAGCCTCGACT,0,4290122
yadI_predicted,0.14285714285714285,6,6,GACGTGGTGCCTGTACACCT,0,4317014
yadI_predicted,0.14285714285714285,6,6,GACGGAGTTTGGGTTTCGTG,0,4323613
yadI_predicted,0.14285714285714285,6,6,GACGACATATGCTATCGATT,0,4316456
yadI_predicted,0.14285714285714285,6,6,GACCTTGTTTTTGGCAGTAC,0,4343964
yadI_predicted,0.14285714285714285,6,6,GACCTCGGGGCTCATATTCT,0,4316949
yadI_predicted,0.14285714285714285,6,6,GACCCACGACACCGGCTCAC,0,4350860
yadI_predicted,0.14285714285714285,6,6,GACCATAACTTAACTCTCCA,0,4284759
yadI_predicted,0.14285714285714285,6,6,GACCACATGTTCTGTCTATC,0,4284538
yadI_predicted,0.14285714285714285,6,6,GACATTAACACGTGACAATC,0,4326932
yadI_predicted,0.14285714285714285,6,6,GACACCGCGGTCACTAGACC,0,4335376
yadI_predicted,0.14285714285714285,6,6,GACAAGGCGGGGGTGACGAG,0,4332219
yadI_predicted,0.14285714285714285,6,6,GAATTCGCGGTCTCGCTCTA,0,4316177
yadI_predicted,0.14285714285714285,6,6,GAATGGCCGGCATAAGAACC,0,4338599
yadI_predicted,0.14285714285714285,6,6,GAATGATGCATGATTGTGGT,0,4314259
yadI_predicted,0.14285714285714285,6,6,GAATCGAAACATCTATACTT,0,4301487
yadI_predicted,0.14285714285714285,6,6,GAAGTGCGTTTCAGTACACA,0,4313314
yadI_predicted,0.14285714285714285,6,6,GAAGTGAACAGCGTATGAAA,0,4359517
yadI_predicted,0.14285714285714285,6,6,GAAGAGCTCATAGTTCGGTG,0,4360628
yadI_predicted,0.14285714285714285,6,6,GAAGACTCTGGGGCAGATTT,0,4297401
yadI_predicted,0.14285714285714285,6,6,GAACTTTTGTATGCAACACT,0,4293556
yadI_predicted,0.14285714285714285,6,6,GAACTTCTAAACTTTTCAGC,0,4364493
yadI_predicted,0.14285714285714285,6,6,GAACTTCACGAGAATGTTGC,0,4361632
yadI_predicted,0.14285714285714285,6,6,GAACTGACATGCATGCGGTT,0,4335112
yadI_predicted,0.14285714285714285,6,6,GAACTAACGTTCGACCCCGT,0,4326608
yadI_predicted,0.14285714285714285,6,6,GAACGCAATTTACCGTTCAT,0,4289229
yadI_predicted,0.14285714285714285,6,6,GAACCTTACCTCAGGTGCCT,0,4301046
yadI_predicted,0.14285714285714285,6,6,GAACCCTATCGCCCTTCTGA,0,4359641
yadI_predicted,0.14285714285714285,6,6,GAAATTACAAGTGACGGACG,0,4367142
yadI_predicted,0.14285714285714285,6,6,GAAACGCGAACCGTCATCCT,0,4303984
yadI_predicted,0.14285714285714285,6,6,GAAACAGCCGCTAAAGTTCC,0,4289662
yadI_predicted,0.14285714285714285,6,6,GAAACAATACTACCTTCGCC,0,4301928
yadI_predicted,0.14285714285714285,6,6,GAAAACTAACGAAGCTGGTA,0,4343724
yadI_predicted,0.14285714285714285,6,6,CTTTTGGTGGGACCGGTTGT,0,4290185
yadI_predicted,0.14285714285714285,6,6,CTTTTGCTACTCGGACTCTT,0,4350755
yadI_predicted,0.14285714285714285,6,6,CTTTTGCACCCCCGGAGGAC,0,4337907
yadI_predicted,0.14285714285714285,6,6,CTTTGTGCCACATACTGGGG,0,4321024
yadI_predicted,0.14285714285714285,6,6,CTTTGCATTGAGCCGCGCTT,0,4324618
yadI_predicted,0.14285714285714285,6,6,CTTTGAAGGTATCCTTGAGA,0,4317194
yadI_predicted,0.14285714285714285,6,6,CTTGTTTAGTCGCGCCGCGT,0,4355577
yadI_predicted,0.14285714285714285,6,6,CTTGTGCTGACTACCAGCGC,0,4364116
yadI_predicted,0.14285714285714285,6,6,CTTGAGGGCTCCGCACTCTA,0,4362965
yadI_predicted,0.14285714285714285,6,6,CTTGAACTTTCGGAGCAAGT,0,4327242
yadI_predicted,0.14285714285714285,6,6,CTTCTCCGCGACATTGATAT,0,4325087
yadI_predicted,0.14285714285714285,6,6,CTTCCTGTAGTGGGTGATAT,0,4331232
yadI_predicted,0.14285714285714285,6,6,CTTCCGCGGATCGCAATAAA,0,4323618
yadI_predicted,0.14285714285714285,6,6,CTTCCATTCACGCCTAGCTA,0,4348635
yadI_predicted,0.14285714285714285,6,6,CTTACTCCGCTTCGTACGTG,0,4349601
yadI_predicted,0.14285714285714285,6,6,CTTAAGGAGAGGTAGTCAAT,0,4290491
yadI_predicted,0.14285714285714285,6,6,CTGTTACCCACTCAACCTGT,0,4323555
yadI_predicted,0.14285714285714285,6,6,CTGTAGCCATTCGTGAACTC,0,4305506
yadI_predicted,0.14285714285714285,6,6,CTGTACTCATGAACGACACA,0,4319616
yadI_predicted,0.14285714285714285,6,6,CTGTAAGTTTCGGAAGCCCT,0,4316370
yadI_predicted,0.14285714285714285,6,6,CTGGTTCCGACTTGAGGTTT,0,4345988
yadI_predicted,0.14285714285714285,6,6,CTGGTTAACGGACAAAATTC,0,4287765
yadI_predicted,0.14285714285714285,6,6,CTGGTCAAGAGTACTCAAGT,0,4344252
yadI_predicted,0.14285714285714285,6,6,CTGGGGCCGTTTATCCGGAG,0,4330514
yadI_predicted,0.14285714285714285,6,6,CTGGGCTCTCGGAGGATCAC,0,4303574
yadI_predicted,0.14285714285714285,6,6,CTGGATTATAATGTTTACAA,0,4321622
yadI_predicted,0.14285714285714285,6,6,CTGGAGCTATAGACCGTGCT,0,4343282
yadI_predicted,0.14285714285714285,6,6,CTGCCACTGTCAGTCCTTAC,0,4323712
yadI_predicted,0.14285714285714285,6,6,CTGCACTGTCAAAAGGCGGC,0,4306375
yadI_predicted,0.14285714285714285,6,6,CTGCAACCCGCGTATTCGTG,0,4293019
yadI_predicted,0.14285714285714285,6,6,CTGATGGCCCACCCCCGCGG,0,4314402
yadI_predicted,0.14285714285714285,6,6,CTGATCTGCTATTCATCGAC,0,4332894
yadI_predicted,0.14285714285714285,6,6,CTGAGACGATCCAAGATCCG,0,4362682
yadI_predicted,0.14285714285714285,6,6,CTGACCACGAAATGAAGTTG,0,4327523
yadI_predicted,0.14285714285714285,6,6,CTCTCACTTTTCATATCCGG,0,4318995
yadI_predicted,0.14285714285714285,6,6,CTCTACCACGCTTAGGCAGG,0,4335286
yadI_predicted,0.14285714285714285,6,6,CTCGTCTCGCTGATAAGCAC,0,4342900
yadI_predicted,0.14285714285714285,6,6,CTCGTATCTAAGACGCTTTC,0,4321330
yadI_predicted,0.14285714285714285,6,6,CTCGGTAAACGTCAGCAAGG,0,4291819
yadI_predicted,0.14285714285714285,6,6,CTCGCCACTGTGTTAACTTT,0,4345354
yadI_predicted,0.14285714285714285,6,6,CTCCGCTTACCATACCAACC,0,4358340
yadI_predicted,0.14285714285714285,6,6,CTCCCGATTCATTGCCTGTG,0,4336617
yadI_predicted,0.14285714285714285,6,6,CTCCCACGCAAGTGGAATCT,0,4322699
yadI_predicted,0.14285714285714285,6,6,CTCAGTCAATGCGACAGCAG,0,4329416
yadI_predicted,0.14285714285714285,6,6,CTCAGGGCTTTTGTCCCCGG,0,4365968
yadI_predicted,0.14285714285714285,6,6,CTCACAATAAACGCATGCGA,0,4309923
yadI_predicted,0.14285714285714285,6,6,CTCAACCTGGTCCCCCAGGC,0,4297956
yadI_predicted,0.14285714285714285,6,6,CTATCCAATTCATCTCGGAC,0,4328236
yadI_predicted,0.14285714285714285,6,6,CTATAGAAAGCAATGCCAGC,0,4323485
yadI_predicted,0.14285714285714285,6,6,CTATAAGGATAAGTCTGAGC,0,4332653
yadI_predicted,0.14285714285714285,6,6,CTAGTGGCATCAGGAAAAGT,0,4313245
yadI_predicted,0.14285714285714285,6,6,CTAGGTCGCTCCGTCAGCCA,0,4363625
yadI_predicted,0.14285714285714285,6,6,CTAGCCAGTAATCCTTTTCG,0,4334580
yadI_predicted,0.14285714285714285,6,6,CTAGCACGTCCGATGCCATG,0,4331180
yadI_predicted,0.14285714285714285,6,6,CTAGCAAGCCTAAGAGTTGC,0,4288765
yadI_predicted,0.14285714285714285,6,6,CTAGAGCAACGCCGTCCGGA,0,4358711
yadI_predicted,0.14285714285714285,6,6,CTACTGTTAGCTGGGCGGCA,0,4309517
yadI_predicted,0.14285714285714285,6,6,CTACTGTGAGACTTGGGTCA,0,4315492
yadI_predicted,0.14285714285714285,6,6,CTACGAATTAGATGGAGGAA,0,4337766
yadI_predicted,0.14285714285714285,6,6,CTACAACGTACGGATACAGC,0,4345116
yadI_predicted,0.14285714285714285,6,6,CTACAAAAGCCTGAAGGTTA,0,4347522
yadI_predicted,0.14285714285714285,6,6,CTAATAATAGATACCAGTAC,0,4351489
yadI_predicted,0.14285714285714285,6,6,CTAAGATACATTTATTGGCA,0,4290072
yadI_predicted,0.14285714285714285,6,6,CTAACTTTATTGCTGATCTT,0,4329646
yadI_predicted,0.14285714285714285,6,6,CGTTTTGTTTGCCGTCTCCC,0,4363769
yadI_predicted,0.14285714285714285,6,6,CGTTGCAAATAAGAAGTTTC,0,4313075
yadI_predicted,0.14285714285714285,6,6,CGTTGAGACTGACGATGTAC,0,4361787
yadI_predicted,0.14285714285714285,6,6,CGTTCTGAATTGGCTATTAC,0,4369702
yadI_predicted,0.14285714285714285,6,6,CGTTCTCACTTAGATACTCC,0,4326240
yadI_predicted,0.14285714285714285,6,6,CGTGTGTGCCCGCGCTGAGG,0,4319132
yadI_predicted,0.14285714285714285,6,6,CGTGTGTCTGAGCTTTAACG,0,4318706
yadI_predicted,0.14285714285714285,6,6,CGTGTCGGCATCGGGAGTAT,0,4302469
yadI_predicted,0.14285714285714285,6,6,CGTGTCATTCGAAACTTGAG,0,4334244
yadI_predicted,0.14285714285714285,6,6,CGTGTACCGAGGAGGTACTA,0,4354507
yadI_predicted,0.14285714285714285,6,6,CGTCTTGTTCGGTGGAGGGT,0,4364141
yadI_predicted,0.14285714285714285,6,6,CGTCTCCAGAGTCGGGGTTT,0,4300434
yadI_predicted,0.14285714285714285,6,6,CGTCGCAGTCTTCCGGTTGC,0,4312585
yadI_predicted,0.14285714285714285,6,6,CGTCAGGGAACCAGATGACG,0,4299641
yadI_predicted,0.14285714285714285,6,6,CGTCACTTTTCTGGCGTACT,0,4324903
yadI_predicted,0.14285714285714285,6,6,CGTATAAATAGGCGTCTTAA,0,4303997
yadI_predicted,0.14285714285714285,6,6,CGTAGCGGTGCGACGAAGTC,0,4304560
yadI_predicted,0.14285714285714285,6,6,CGTACCCCTAACCACCGAAC,0,4326794
yadI_predicted,0.14285714285714285,6,6,CGTAAGACGCGGCGTTCGGC,0,4298741
yadI_predicted,0.14285714285714285,6,6,CGGTTTTAACTCCGTTCCAA,0,4327729
yadI_predicted,0.14285714285714285,6,6,CGGTTGCAGGTGTGTTGTTG,0,4361536
yadI_predicted,0.14285714285714285,6,6,CGGTTCCTCTTGCGGAATTC,0,4354339
yadI_predicted,0.14285714285714285,6,6,CGGTTCCGTCTTATCCGATC,0,4315619
yadI_predicted,0.14285714285714285,6,6,CGGTTCAGATCTAGGTCCAT,0,4327594
yadI_predicted,0.14285714285714285,6,6,CGGTGTTAGTAGTAGCGTAC,0,4351230
yadI_predicted,0.14285714285714285,6,6,CGGTGGTAACGGATTCATTA,0,4302589
yadI_predicted,0.14285714285714285,6,6,CGGTATGTTCTGAAATGTAA,0,4366909
yadI_predicted,0.14285714285714285,6,6,CGGGTACCGAAAGTCTGAAA,0,4350282
yadI_predicted,0.14285714285714285,6,6,CGGGCTTTGGGCATGCACAG,0,4361081
yadI_predicted,0.14285714285714285,6,6,CGGGCGTGGGGTAAAGCGCG,0,4302409
yadI_predicted,0.14285714285714285,6,6,CGGCTCTAAGTTGTTACTCT,0,4338001
yadI_predicted,0.14285714285714285,6,6,CGGCGGAATTCGTTGACGAC,0,4285827
yadI_predicted,0.14285714285714285,6,6,CGGCCACGTGAACACTACCT,0,4309087
yadI_predicted,0.14285714285714285,6,6,CGGCATCAGCCACGGGCCTT,0,4333143
yadI_predicted,0.14285714285714285,6,6,CGGCACTGGGGCCGAATAAT,0,4298638
yadI_predicted,0.14285714285714285,6,6,CGGATTCAGTCGCTAAAGGA,0,4335268
yadI_predicted,0.14285714285714285,6,6,CGGATGTCTTGAATGAGCGG,0,4326002
yadI_predicted,0.14285714285714285,6,6,CGGATGGCCCTCCCCGGGCT,0,4304289
yadI_predicted,0.14285714285714285,6,6,CGGAGCGCGGTAACTTTACG,0,4369080
yadI_predicted,0.14285714285714285,6,6,CGGACCGGCCGACTTTGCAA,0,4335155
yadI_predicted,0.14285714285714285,6,6,CGGACCGACCCGACGTTCCG,0,4303243
yadI_predicted,0.14285714285714285,6,6,CGGAAGCTGGTTGTCCGATA,0,4367251
yadI_predicted,0.14285714285714285,6,6,CGGAAAGTAGCCAGATGCAA,0,4284601
yadI_predicted,0.14285714285714285,6,6,CGGAAAATCCCATTTGCTTC,0,4338333
yadI_predicted,0.14285714285714285,6,6,CGCTTGGTGACTTCCTATGC,0,4325329
yadI_predicted,0.14285714285714285,6,6,CGCTTAACATATAGTGTCCC,0,4356529
yadI_predicted,0.14285714285714285,6,6,CGCTGTTATTGTTCCGGGCG,0,4308706
yadI_predicted,0.14285714285714285,6,6,CGCTGTGCTGCGGGTGCATG,0,4317589
yadI_predicted,0.14285714285714285,6,6,CGCTGGCTGGTGGTAGTCCA,0,4291237
yadI_predicted,0.14285714285714285,6,6,CGCTGGAGTTGCCTAGGTTT,0,4294210
yadI_predicted,0.14285714285714285,6,6,CGCTGATTATAGGATCATTT,0,4350248
yadI_predicted,0.14285714285714285,6,6,CGCTACTCGTCCCTTCAATA,0,4353644
yadI_predicted,0.14285714285714285,6,6,CGCTACAGGCGCCGCAAGCA,0,4300821
yadI_predicted,0.14285714285714285,6,6,CGCGTAATCTGTTGTCCGTT,0,4324335
yadI_predicted,0.14285714285714285,6,6,CGCGCAGTGTGCACGCCCCA,0,4347796
yadI_predicted,0.14285714285714285,6,6,CGCGCAGTATATTTTAGTCC,0,4326021
yadI_predicted,0.14285714285714285,6,6,CGCGAGTGTGTCGTGGACTG,0,4301530
yadI_predicted,0.14285714285714285,6,6,CGCGACCTTAAATGTTTGTG,0,4301618
yadI_predicted,0.14285714285714285,6,6,CGCCGGCCGGTCTGCTTTGT,0,4317033
yadI_predicted,0.14285714285714285,6,6,CGCCCCTACAAAACTGGGTT,0,4311420
yadI_predicted,0.14285714285714285,6,6,CGCCCAAAATGCCCTCTGAG,0,4313629
yadI_predicted,0.14285714285714285,6,6,CGCCAAGTTCAATCTGACCA,0,4309285
yadI_predicted,0.14285714285714285,6,6,CGCATTCGGGATGATGGATG,0,4349006
yadI_predicted,0.14285714285714285,6,6,CGCATGATTATCAGGCACGT,0,4298774
yadI_predicted,0.14285714285714285,6,6,CGCATATCTAACCGCTCTTT,0,4359832
yadI_predicted,0.14285714285714285,6,6,CGCACCTAATTACCGATACA,0,4347369
yadI_predicted,0.14285714285714285,6,6,CGCAATCGCAACGACCGTAA,0,4309951
yadI_predicted,0.14285714285714285,6,6,CGCAACAGCGAAAGGAGTAG,0,4325206
yadI_predicted,0.14285714285714285,6,6,CGATTGGGCTCATGTCCGTC,0,4319969
yadI_predicted,0.14285714285714285,6,6,CGATTCGTTGTTATGCCACC,0,4366571
yadI_predicted,0.14285714285714285,6,6,CGATTCGCAGCATGCGACGT,0,4346799
yadI_predicted,0.14285714285714285,6,6,CGATGCTAAATAGGCTTTAC,0,4365506
yadI_predicted,0.14285714285714285,6,6,CGATCGATAAATGAGGCCGA,0,4303356
yadI_predicted,0.14285714285714285,6,6,CGATCCGTGTAGAGGGCGTG,0,4307111
yadI_predicted,0.14285714285714285,6,6,CGATCCCGATGGAGCTTGTG,0,4323327
yadI_predicted,0.14285714285714285,6,6,CGAGGATCTCTAGCTGACCA,0,4295278
yadI_predicted,0.14285714285714285,6,6,CGAGGAGTGTAATCCTGCCT,0,4346664
yadI_predicted,0.14285714285714285,6,6,CGAGCCATCCATCCGCTCAC,0,4295999
yadI_predicted,0.14285714285714285,6,6,CGAGACGTCGAGGACAGGTT,0,4332399
yadI_predicted,0.14285714285714285,6,6,CGAGACAGAGGGGGTCGGAC,0,4304277
yadI_predicted,0.14285714285714285,6,6,CGACTAAGTGCAGTACAAAA,0,4285528
yadI_predicted,0.14285714285714285,6,6,CGACGTCGGGCCATTTGGGG,0,4368230
yadI_predicted,0.14285714285714285,6,6,CGACGGATCGCAAAAATTGT,0,4302824
yadI_predicted,0.14285714285714285,6,6,CGACCATTTGAAAAACTCTG,0,4310267
yadI_predicted,0.14285714285714285,6,6,CGACACTTTAAAGACGCCCG,0,4303176
yadI_predicted,0.14285714285714285,6,6,CGACACCGGTTATATATCGG,0,4322417
yadI_predicted,0.14285714285714285,6,6,CGAATCAGTCGTTGGTGTGG,0,4329553
yadI_predicted,0.14285714285714285,6,6,CGAAGCCCCATTGGAGCTCC,0,4292482
yadI_predicted,0.14285714285714285,6,6,CGAAATCGGTGTCAATAATA,0,4314346
yadI_predicted,0.14285714285714285,6,6,CCTTTGTTCAGATAAATCCG,0,4364255
yadI_predicted,0.14285714285714285,6,6,CCTTTCAGTTTTTTCGGTAC,0,4322957
yadI_predicted,0.14285714285714285,6,6,CCTTTAGCGTCTCTTGCTCG,0,4331202
yadI_predicted,0.14285714285714285,6,6,CCTTAGATACACCGATCGGA,0,4323295
yadI_predicted,0.14285714285714285,6,6,CCTGTTACCGTGGGGTCGGA,0,4306874
yadI_predicted,0.14285714285714285,6,6,CCTGGGTATATATTTTGGGA,0,4316360
yadI_predicted,0.14285714285714285,6,6,CCTGCTTGAATTTATTTTTA,0,4355964
yadI_predicted,0.14285714285714285,6,6,CCTCTGTACATTACCCGATG,0,4335424
yadI_predicted,0.14285714285714285,6,6,CCTCCGATACGTTAAGGTGC,0,4334990
yadI_predicted,0.14285714285714285,6,6,CCTAGCCCTGGAGTTCAATG,0,4347875
yadI_predicted,0.14285714285714285,6,6,CCTACTATAGTTTGGTTTTA,0,4343760
yadI_predicted,0.14285714285714285,6,6,CCTACATATAGAAAAGTTGC,0,4364588
yadI_predicted,0.14285714285714285,6,6,CCGTGTAATTTATCCCGCTT,0,4314970
yadI_predicted,0.14285714285714285,6,6,CCGTGCTGGCTCTGCTGGGT,0,4343733
yadI_predicted,0.14285714285714285,6,6,CCGTCCGTATGGTATCGTGA,0,4365308
yadI_predicted,0.14285714285714285,6,6,CCGTATACAATAATTGTAAC,0,4315522
yadI_predicted,0.14285714285714285,6,6,CCGTACCCGGACAAAGAATA,0,4359612
yadI_predicted,0.14285714285714285,6,6,CCGGTAGGATGCCTGGCACT,0,4366125
yadI_predicted,0.14285714285714285,6,6,CCGGGTAATTGATCTGCACA,0,4306891
yadI_predicted,0.14285714285714285,6,6,CCGGGAGGGTACAAGATATG,0,4311818
yadI_predicted,0.14285714285714285,6,6,CCGGCTTGCTCATGGGTTTC,0,4287137
yadI_predicted,0.14285714285714285,6,6,CCGGCCTCCAGGCAGCAGTG,0,4361725
yadI_predicted,0.14285714285714285,6,6,CCGGCAGCTCGGTGTCTCAA,0,4292462
yadI_predicted,0.14285714285714285,6,6,CCGGATGTGGTGACATAGTC,0,4351861
yadI_predicted,0.14285714285714285,6,6,CCGCTAATTAATGGACTTGT,0,4365834
yadI_predicted,0.14285714285714285,6,6,CCGCGTTGCATACAATGTCG,0,4296308
yadI_predicted,0.14285714285714285,6,6,CCGCGCCCTAGCCACGGTAT,0,4319268
yadI_predicted,0.14285714285714285,6,6,CCGCGAATGTAAGGGCTGAC,0,4317016
yadI_predicted,0.14285714285714285,6,6,CCGATTGTATCCCCACAGTA,0,4306197
yadI_predicted,0.14285714285714285,6,6,CCGATTCCCAAGGGTAACTC,0,4335145
yadI_predicted,0.14285714285714285,6,6,CCGATTATTGAATGAATGAA,0,4327818
yadI_predicted,0.14285714285714285,6,6,CCGATAGACTCCAGAACACG,0,4329014
yadI_predicted,0.14285714285714285,6,6,CCGACAAAGTCAAAAGCAAG,0,4301885
yadI_predicted,0.14285714285714285,6,6,CCGAACATTCATCCTCATGC,0,4341473
yadI_predicted,0.14285714285714285,6,6,CCCTGGCGGGTGTAAGCTGA,0,4298388
yadI_predicted,0.14285714285714285,6,6,CCCTGGACGATAGGGAGTGC,0,4365901
yadI_predicted,0.14285714285714285,6,6,CCCTGATGTGACACATGCAG,0,4320707
yadI_predicted,0.14285714285714285,6,6,CCCTAATTAGGGGAGACACT,0,4290722
yadI_predicted,0.14285714285714285,6,6,CCCGTCATGCCAAGATTTCA,0,4303769
yadI_predicted,0.14285714285714285,6,6,CCCGGCGGTGCGAATCGGTT,0,4317879
yadI_predicted,0.14285714285714285,6,6,CCCCCGACGACTAAGCTCAA,0,4345869
yadI_predicted,0.14285714285714285,6,6,CCCCAAGGGACTCTTAGTAA,0,4293992
yadI_predicted,0.14285714285714285,6,6,CCCATGTAGTAAGCCTCCGT,0,4290358
yadI_predicted,0.14285714285714285,6,6,CCCATACCCTATCTAGTAGC,0,4311960
yadI_predicted,0.14285714285714285,6,6,CCCACGGCCGGCTCGGTTAG,0,4339479
yadI_predicted,0.14285714285714285,6,6,CCCAAGCCATCCTTGTCCCA,0,4341953
yadI_predicted,0.14285714285714285,6,6,CCATTGGGCCTAACCGCAAA,0,4316128
yadI_predicted,0.14285714285714285,6,6,CCATGTAACCGTGTGAGGTG,0,4353123
yadI_predicted,0.14285714285714285,6,6,CCATGGCTCTTGTTGTTTCT,0,4294909
yadI_predicted,0.14285714285714285,6,6,CCATGGCATGCTCGCCGGCG,0,4364664
yadI_predicted,0.14285714285714285,6,6,CCATGAGATTAGCCGAAGTC,0,4351784
yadI_predicted,0.14285714285714285,6,6,CCATAAATCGGATTTTTATT,0,4314443
yadI_predicted,0.14285714285714285,6,6,CCAGTTGGCATAATCACCTG,0,4307276
yadI_predicted,0.14285714285714285,6,6,CCAGTTCATGGCACGCCACT,0,4363736
yadI_predicted,0.14285714285714285,6,6,CCAGGGGCTGTTTCCGGGTA,0,4347187
yadI_predicted,0.14285714285714285,6,6,CCAGGCTTGCTCCGGCGACG,0,4307165
yadI_predicted,0.14285714285714285,6,6,CCAGGACGTAGTTGGCAGAC,0,4292594
yadI_predicted,0.14285714285714285,6,6,CCAGCCCGTAGCACCACGCT,0,4303441
yadI_predicted,0.14285714285714285,6,6,CCAGCACATTCTGCCAGAAG,0,4330583
yadI_predicted,0.14285714285714285,6,6,CCACGTTATCGACCAGGTGA,0,4346080
yadI_predicted,0.14285714285714285,6,6,CCACCAGACCTGCGAGGGGC,0,4352822
yadI_predicted,0.14285714285714285,6,6,CCACCACCGGCATATGGCAT,0,4339106
yadI_predicted,0.14285714285714285,6,6,CCACAACGTCATGTGCCGGG,0,4334094
yadI_predicted,0.14285714285714285,6,6,CCAAGGCAAAGTTCAGCATT,0,4341030
yadI_predicted,0.14285714285714285,6,6,CCAACTTTACAAGGTTACAG,0,4333204
yadI_predicted,0.14285714285714285,6,6,CCAACGCAGCTCCAATTACT,0,4349796
yadI_predicted,0.14285714285714285,6,6,CCAAATTAAAGGTAAGAATT,0,4313241
yadI_predicted,0.14285714285714285,6,6,CATTTATAAACTGGACCTCA,0,4338183
yadI_predicted,0.14285714285714285,6,6,CATTCTGGCACCCTTGAGAA,0,4339426
yadI_predicted,0.14285714285714285,6,6,CATTCCTGGTATAATGGGCT,0,4353414
yadI_predicted,0.14285714285714285,6,6,CATTATTTTGGATTTCGTAG,0,4355687
yadI_predicted,0.14285714285714285,6,6,CATTATTTGCTTATGGGGAG,0,4368870
yadI_predicted,0.14285714285714285,6,6,CATTAGATTACTTTGTCGAT,0,4290135
yadI_predicted,0.14285714285714285,6,6,CATGTTGCTACGATATATAA,0,4331110
yadI_predicted,0.14285714285714285,6,6,CATGTTAGGTTTGCTCAGTG,0,4346788
yadI_predicted,0.14285714285714285,6,6,CATGTGGAAAGGATAGCGCG,0,4310817
yadI_predicted,0.14285714285714285,6,6,CATGTCGGTATGGCTAGCTT,0,4353471
yadI_predicted,0.14285714285714285,6,6,CATGCTGTGCATTTGCAAAT,0,4359870
yadI_predicted,0.14285714285714285,6,6,CATGCTAGGGTCCCCAATAG,0,4346329
yadI_predicted,0.14285714285714285,6,6,CATGCCTTTTGGTTGTTTAA,0,4303612
yadI_predicted,0.14285714285714285,6,6,CATCTAATTTCTAGCTATGG,0,4343003
yadI_predicted,0.14285714285714285,6,6,CATCGGTCCATCAATTTTCA,0,4295088
yadI_predicted,0.14285714285714285,6,6,CATCGCCGGCTTTGAATCGT,0,4342727
yadI_predicted,0.14285714285714285,6,6,CATCCTCGCCGTGATTTAAC,0,4367026
yadI_predicted,0.14285714285714285,6,6,CATCCGCGGTCGGTACCTGG,0,4346282
yadI_predicted,0.14285714285714285,6,6,CATCCGATGGATGTTATCTG,0,4302357
yadI_predicted,0.14285714285714285,6,6,CATCCAGCTATCCCGATCAG,0,4355949
yadI_predicted,0.14285714285714285,6,6,CATCATTGCGCTAAGACGCT,0,4293368
yadI_predicted,0.14285714285714285,6,6,CATCATCATGGTCCGGTCCA,0,4306260
yadI_predicted,0.14285714285714285,6,6,CATCAGACCCGAGGGAATAA,0,4347588
yadI_predicted,0.14285714285714285,6,6,CATATTGTCAAATATTACTT,0,4366176
yadI_predicted,0.14285714285714285,6,6,CATATGACCGGTGAAGGCTT,0,4300713
yadI_predicted,0.14285714285714285,6,6,CATACTTTCCCGCTCCGGTG,0,4286674
yadI_predicted,0.14285714285714285,6,6,CATACCCGTGTGGATTTCCT,0,4364681
yadI_predicted,0.14285714285714285,6,6,CATAAAAAACCGCCAAGAAA,0,4326408
yadI_predicted,0.14285714285714285,6,6,CAGTTTCCAAGTCCGCCGAC,0,4295238
yadI_predicted,0.14285714285714285,6,6,CAGTGCCTAATGTGTAGGGA,0,4326783
yadI_predicted,0.14285714285714285,6,6,CAGTCTCCTTTATCCCCCGT,0,4292096
yadI_predicted,0.14285714285714285,6,6,CAGTCGTCCCCTGAGCATGC,0,4339774
yadI_predicted,0.14285714285714285,6,6,CAGTAATTGGTCCCTTGTGC,0,4323568
yadI_predicted,0.14285714285714285,6,6,CAGTAAATCGCAAATGCTGT,0,4334617
yadI_predicted,0.14285714285714285,6,6,CAGGGCGCATGTATCTGCAT,0,4317517
yadI_predicted,0.14285714285714285,6,6,CAGGCGTGGACACGGGTGTA,0,4298798
yadI_predicted,0.14285714285714285,6,6,CAGGCACGGAGTCAGCGAAG,0,4318900
yadI_predicted,0.14285714285714285,6,6,CAGGATCCCTCATGTTGAGG,0,4338372
yadI_predicted,0.14285714285714285,6,6,CAGGAGGCACTCTACAAAGG,0,4285564
yadI_predicted,0.14285714285714285,6,6,CAGCGTTACGAGTGTAGCCA,0,4334223
yadI_predicted,0.14285714285714285,6,6,CAGCGACACATGAGTTCAAT,0,4287249
yadI_predicted,0.14285714285714285,6,6,CAGCACCTCATCCGGCCCAT,0,4287523
yadI_predicted,0.14285714285714285,6,6,CAGATAGGGGTGAGGGATTG,0,4368279
yadI_predicted,0.14285714285714285,6,6,CAGAGGTACTATCATCCACT,0,4359588
yadI_predicted,0.14285714285714285,6,6,CAGACATTCTACTATCTTGA,0,4363608
yadI_predicted,0.14285714285714285,6,6,CACTCCGCCGTCTGGTTAAT,0,4286011
yadI_predicted,0.14285714285714285,6,6,CACTCAGAGGATTAGGAACT,0,4344399
yadI_predicted,0.14285714285714285,6,6,CACGTGACGTAAAACCAGTC,0,4306773
yadI_predicted,0.14285714285714285,6,6,CACGGGATTACCCGTGTGCT,0,4330080
yadI_predicted,0.14285714285714285,6,6,CACGCACAGGAAGACCATGA,0,4357357
yadI_predicted,0.14285714285714285,6,6,CACGATACTAAGCCAGTGCT,0,4300065
yadI_predicted,0.14285714285714285,6,6,CACCTCGTACCACTCTATCT,0,4290119
yadI_predicted,0.14285714285714285,6,6,CACCCCCGGTCGGAGGCCTA,0,4345197
yadI_predicted,0.14285714285714285,6,6,CACAATTGCGCGGACCCGAA,0,4332357
yadI_predicted,0.14285714285714285,6,6,CACAAGGAGTCCGGGGTATC,0,4353265
yadI_predicted,0.14285714285714285,6,6,CACAAAGAAGCCGAGCACTC,0,4344719
yadI_predicted,0.14285714285714285,6,6,CAATTTTACAATCCCCTCGT,0,4350621
yadI_predicted,0.14285714285714285,6,6,CAATAGTAGGGAAGTTCACC,0,4326633
yadI_predicted,0.14285714285714285,6,6,CAAGTCATTTTCCGAGGCGT,0,4300192
yadI_predicted,0.14285714285714285,6,6,CAAGTCAGTATACAGCCGTA,0,4315311
yadI_predicted,0.14285714285714285,6,6,CAAGGCAACGGAACCCGGTG,0,4290482
yadI_predicted,0.14285714285714285,6,6,CAAGCTAGGATAAGCCCAGA,0,4296629
yadI_predicted,0.14285714285714285,6,6,CAAGATTAATGTTTAAAGTA,0,4301136
yadI_predicted,0.14285714285714285,6,6,CAAGATATTAGGCCCTTTCT,0,4295695
yadI_predicted,0.14285714285714285,6,6,CAAGAGCCAGAACAGGAACT,0,4346300
yadI_predicted,0.14285714285714285,6,6,CAAGAGACAACCTGATATAC,0,4317005
yadI_predicted,0.14285714285714285,6,6,CAAGAACCACCTATGTACGA,0,4356238
yadI_predicted,0.14285714285714285,6,6,CAAGAAAAACTGGTTAGATC,0,4296854
yadI_predicted,0.14285714285714285,6,6,CAACTTGGATTCACCCACGC,0,4338344
yadI_predicted,0.14285714285714285,6,6,CAACTGTGAATTATATAACA,0,4352365
yadI_predicted,0.14285714285714285,6,6,CAACGGATGTGTCCTTTCCG,0,4308887
yadI_predicted,0.14285714285714285,6,6,CAACGCTGGGATTCCGGTAG,0,4363765
yadI_predicted,0.14285714285714285,6,6,CAACCTCTTTACTGAGGAGT,0,4366376
yadI_predicted,0.14285714285714285,6,6,CAAATTTCATTGGCACTTAT,0,4301643
yadI_predicted,0.14285714285714285,6,6,ATTTTCAAGCACCTCAATTC,0,4320779
yadI_predicted,0.14285714285714285,6,6,ATTTGCTGCGTGGTTTTACT,0,4327340
yadI_predicted,0.14285714285714285,6,6,ATTTAGGTCAGGTTCTGGAA,0,4308517
yadI_predicted,0.14285714285714285,6,6,ATTTACGCATCACCCAGTGG,0,4304593
yadI_predicted,0.14285714285714285,6,6,ATTGGTCGTTAGAAGGTTTA,0,4363361
yadI_predicted,0.14285714285714285,6,6,ATTGGTAGGATGGTTTGTCG,0,4312183
yadI_predicted,0.14285714285714285,6,6,ATTGGACGCGCGGGAAAATG,0,4301844
yadI_predicted,0.14285714285714285,6,6,ATTGCGCTAACTAGCACAAG,0,4333644
yadI_predicted,0.14285714285714285,6,6,ATTGCGCGAACGGCCTTTGC,0,4318190
yadI_predicted,0.14285714285714285,6,6,ATTGATCCTATGTGTTGACG,0,4326022
yadI_predicted,0.14285714285714285,6,6,ATTGATATTTACCGCCTGTC,0,4286405
yadI_predicted,0.14285714285714285,6,6,ATTGAATGGCGTCCGCGTAG,0,4349525
yadI_predicted,0.14285714285714285,6,6,ATTCTCTCGTCGAGATACTA,0,4347811
yadI_predicted,0.14285714285714285,6,6,ATTCTATCTGCAGTATCCAA,0,4341108
yadI_predicted,0.14285714285714285,6,6,ATTCGCCCAACTTCACCGTC,0,4284363
yadI_predicted,0.14285714285714285,6,6,ATTCCACGAATATGCACCCC,0,4291762
yadI_predicted,0.14285714285714285,6,6,ATTATTATTCAAAAGCAGCG,0,4289837
yadI_predicted,0.14285714285714285,6,6,ATTAGGGAGGATTCGACCAG,0,4306166
yadI_predicted,0.14285714285714285,6,6,ATTAGACGGCGGTCCAGCTT,0,4300877
yadI_predicted,0.14285714285714285,6,6,ATTACTAGCATAAAGCACAC,0,4295510
yadI_predicted,0.14285714285714285,6,6,ATTAAGGCGACCCACGTCGC,0,4333943
yadI_predicted,0.14285714285714285,6,6,ATTAACCAGTGCGAGGCGCA,0,4310396
yadI_predicted,0.14285714285714285,6,6,ATTAAAGTGTTGATAGAAGT,0,4321101
yadI_predicted,0.14285714285714285,6,6,ATGTTCGGCCAGGTTATGTT,0,4353540
yadI_predicted,0.14285714285714285,6,6,ATGTTATAGGAGGCATATGT,0,4325215
yadI_predicted,0.14285714285714285,6,6,ATGTTACGTGGCAAGGACAC,0,4324080
yadI_predicted,0.14285714285714285,6,6,ATGTGGCGTCGGCGGGCGAT,0,4348177
yadI_predicted,0.14285714285714285,6,6,ATGTATTACCACCTCGCCAT,0,4297640
yadI_predicted,0.14285714285714285,6,6,ATGTAACATGTGAATCTGAG,0,4297492
yadI_predicted,0.14285714285714285,6,6,ATGGGTGTCCTGCGGTAGAA,0,4353004
yadI_predicted,0.14285714285714285,6,6,ATGGGGATTTATTGTAACCA,0,4338701
yadI_predicted,0.14285714285714285,6,6,ATGGCGACTAATAAGTCTGA,0,4350878
yadI_predicted,0.14285714285714285,6,6,ATGGCCGCTACATACGTGCG,0,4295403
yadI_predicted,0.14285714285714285,6,6,ATGGCCATGAGTCCGAGGGA,0,4363166
yadI_predicted,0.14285714285714285,6,6,ATGGCAGAGTTCATTAAAGA,0,4290707
yadI_predicted,0.14285714285714285,6,6,ATGGACTGCCACGGGTCATT,0,4347040
yadI_predicted,0.14285714285714285,6,6,ATGGAAGGTTAATTACACTT,0,4335797
yadI_predicted,0.14285714285714285,6,6,ATGGAAAGGAGTCGGGGCGG,0,4321025
yadI_predicted,0.14285714285714285,6,6,ATGCTTCTCTGGCTCCGAAG,0,4330433
yadI_predicted,0.14285714285714285,6,6,ATGCGGTATTGTCTTTACTC,0,4293850
yadI_predicted,0.14285714285714285,6,6,ATGCCCCTAAGGTTCAAGAT,0,4304381
yadI_predicted,0.14285714285714285,6,6,ATGATGGGCTATTCGGGTCG,0,4351403
yadI_predicted,0.14285714285714285,6,6,ATGATAAGTGGTCTTTGTTC,0,4350127
yadI_predicted,0.14285714285714285,6,6,ATGACGCTAGCCATGCAAGG,0,4311274
yadI_predicted,0.14285714285714285,6,6,ATGACGATGATTCCACCCCC,0,4350991
yadI_predicted,0.14285714285714285,6,6,ATGACCATCTAGCGTGTATG,0,4347264
yadI_predicted,0.14285714285714285,6,6,ATGAATCCGTATTCGATACC,0,4316303
yadI_predicted,0.14285714285714285,6,6,ATCTTTGCATACGAGAGCGA,0,4289683
yadI_predicted,0.14285714285714285,6,6,ATCTTGAGGTCGAGTAGGTC,0,4286345
yadI_predicted,0.14285714285714285,6,6,ATCTTCAGACACTGAATGTC,0,4307317
yadI_predicted,0.14285714285714285,6,6,ATCTCAGTTCACTGAGCCAA,0,4287925
yadI_predicted,0.14285714285714285,6,6,ATCGTGTGCGAGCATGGTGT,0,4368592
yadI_predicted,0.14285714285714285,6,6,ATCGTGAGAGTCCATTTTAT,0,4295671
yadI_predicted,0.14285714285714285,6,6,ATCGTCTCACATGCTATTGT,0,4344459
yadI_predicted,0.14285714285714285,6,6,ATCGGATAGCATCGCCGGAT,0,4318674
yadI_predicted,0.14285714285714285,6,6,ATCGCTGTTCAAGGTACAAG,0,4311492
yadI_predicted,0.14285714285714285,6,6,ATCGCGCGACACTCGTCTTA,0,4289269
yadI_predicted,0.14285714285714285,6,6,ATCCGCCAAATAGCAGGCCG,0,4302550
yadI_predicted,0.14285714285714285,6,6,ATCCAGTTGATTGTCATATG,0,4286881
yadI_predicted,0.14285714285714285,6,6,ATCCAGTTCTGCTCCTACAA,0,4290360
yadI_predicted,0.14285714285714285,6,6,ATCATAGGTGCCATTCGTGT,0,4288685
yadI_predicted,0.14285714285714285,6,6,ATCATACGTTCATGCAGTGA,0,4304843
yadI_predicted,0.14285714285714285,6,6,ATCAGGATGGGTTCACGTTT,0,4287485
yadI_predicted,0.14285714285714285,6,6,ATCAGCCATCCTTTACAATG,0,4311119
yadI_predicted,0.14285714285714285,6,6,ATCAGAACGTGCGTGGGGCA,0,4293242
yadI_predicted,0.14285714285714285,6,6,ATATTTTAGGCATATCGCAA,0,4303674
yadI_predicted,0.14285714285714285,6,6,ATATTCTACCGTATTGCTTT,0,4301874
yadI_predicted,0.14285714285714285,6,6,ATATGTGATCGCCTCTCCGT,0,4352863
yadI_predicted,0.14285714285714285,6,6,ATATGTGAAAGGGTGAGCAT,0,4313530
yadI_predicted,0.14285714285714285,6,6,ATATGAATTGTCATCGCTTG,0,4351507
yadI_predicted,0.14285714285714285,6,6,ATATCGGATCCAATGTCACC,0,4288998
yadI_predicted,0.14285714285714285,6,6,ATATCAGTGCAGATCATGAT,0,4299220
yadI_predicted,0.14285714285714285,6,6,ATAGTGCCTCGAACAAACTC,0,4322143
yadI_predicted,0.14285714285714285,6,6,ATAGTATTGGGAGGCGGCGA,0,4313546
yadI_predicted,0.14285714285714285,6,6,ATAGGAACGAGGCCAAGGTA,0,4355061
yadI_predicted,0.14285714285714285,6,6,ATAGAGTCATTGCCTCAGAC,0,4314837
yadI_predicted,0.14285714285714285,6,6,ATACTGCAGTGGACGCTCAC,0,4359287
yadI_predicted,0.14285714285714285,6,6,ATACTGACACCTCATTTCAC,0,4340630
yadI_predicted,0.14285714285714285,6,6,ATACGCCGTCCTCGGGGGAT,0,4310719
yadI_predicted,0.14285714285714285,6,6,ATACATCGCTGACCATTAAA,0,4284888
yadI_predicted,0.14285714285714285,6,6,ATACACAGTCAACGTCATTT,0,4308680
yadI_predicted,0.14285714285714285,6,6,ATAATGACCTTGGCTCCTGG,0,4307244
yadI_predicted,0.14285714285714285,6,6,ATAATATTAACTTCATGAAC,0,4339371
yadI_predicted,0.14285714285714285,6,6,ATAAGACAAGAATTCGAACA,0,4329227
yadI_predicted,0.14285714285714285,6,6,ATAACAGCACGGCTAACGAT,0,4289126
yadI_predicted,0.14285714285714285,6,6,ATAAAGAACGTAGGCCGTTG,0,4313637
yadI_predicted,0.14285714285714285,6,6,AGTTTTTCTTTTGTCCCCAC,0,4360997
yadI_predicted,0.14285714285714285,6,6,AGTTCTGGCTCCGTGGGTCT,0,4317801
yadI_predicted,0.14285714285714285,6,6,AGTTCGTCAATTCTCAGAGA,0,4327819
yadI_predicted,0.14285714285714285,6,6,AGTTAGCAGCTCGCTATATA,0,4328523
yadI_predicted,0.14285714285714285,6,6,AGTGTTACATCTCGTACACT,0,4307700
yadI_predicted,0.14285714285714285,6,6,AGTGTCTACTGTGGGTGCTT,0,4299996
yadI_predicted,0.14285714285714285,6,6,AGTGTACCACTGTACGTCCA,0,4288616
yadI_predicted,0.14285714285714285,6,6,AGTGGGAGGGTCACTTGAGA,0,4310029
yadI_predicted,0.14285714285714285,6,6,AGTGATGCACGGATCCTAGT,0,4324437
yadI_predicted,0.14285714285714285,6,6,AGTCCGTCAGCGCTGATATA,0,4325831
yadI_predicted,0.14285714285714285,6,6,AGTATTTCAATTGATTGGAC,0,4285566
yadI_predicted,0.14285714285714285,6,6,AGTATGCGGTCCAGAATATA,0,4287478
yadI_predicted,0.14285714285714285,6,6,AGTAATCTTGAACTGCATAA,0,4341394
yadI_predicted,0.14285714285714285,6,6,AGTAATAGGGCAACAGACGA,0,4309939
yadI_predicted,0.14285714285714285,6,6,AGTAACCGGTATACCCGTGA,0,4364408
yadI_predicted,0.14285714285714285,6,6,AGGTTTTCGGAACGCAAGCA,0,4348531
yadI_predicted,0.14285714285714285,6,6,AGGTTTCTCTTGTACACGTT,0,4319475
yadI_predicted,0.14285714285714285,6,6,AGGTGGCTAACCCCAGACAC,0,4351297
yadI_predicted,0.14285714285714285,6,6,AGGTGAGAAGTGCGGACCAC,0,4342142
yadI_predicted,0.14285714285714285,6,6,AGGTCGTGGTCTGATTTGTC,0,4300449
yadI_predicted,0.14285714285714285,6,6,AGGTCAACTCAGGGATGATC,0,4358345
yadI_predicted,0.14285714285714285,6,6,AGGGTATAGGTGCTCCCATA,0,4330848
yadI_predicted,0.14285714285714285,6,6,AGGGGGAGGCCGCCATGCCG,0,4367974
yadI_predicted,0.14285714285714285,6,6,AGGGCGGTCGCGAGAGAGAC,0,4289674
yadI_predicted,0.14285714285714285,6,6,AGGGCGAGTTTCTTGCTCAT,0,4297216
yadI_predicted,0.14285714285714285,6,6,AGGGCACGAGGGACCTAGAA,0,4285099
yadI_predicted,0.14285714285714285,6,6,AGGCTTACTTCGTGTTCATT,0,4294182
yadI_predicted,0.14285714285714285,6,6,AGGCTGGGACCCCACTTGCA,0,4307274
yadI_predicted,0.14285714285714285,6,6,AGGCTAGAATCCAAAGAGAC,0,4294047
yadI_predicted,0.14285714285714285,6,6,AGGATCGTTCGGACATCATG,0,4339753
yadI_predicted,0.14285714285714285,6,6,AGGATATAGCAACACTCTGT,0,4340215
yadI_predicted,0.14285714285714285,6,6,AGGATACGAATGGCCCAAGA,0,4308007
yadI_predicted,0.14285714285714285,6,6,AGGATAACTATTCCCACGTC,0,4285257
yadI_predicted,0.14285714285714285,6,6,AGGAGTGCCTACTAATAGGA,0,4354172
yadI_predicted,0.14285714285714285,6,6,AGGAGGGCTGAGCGAAGACC,0,4319222
yadI_predicted,0.14285714285714285,6,6,AGGACGTGTGATACCTTTAA,0,4346029
yadI_predicted,0.14285714285714285,6,6,AGCTGCGTTACGGTAACTAT,0,4293780
yadI_predicted,0.14285714285714285,6,6,AGCTCTGAGACCAGGCAAGG,0,4309136
yadI_predicted,0.14285714285714285,6,6,AGCTCTAGAGCCGGATGTCT,0,4323309
yadI_predicted,0.14285714285714285,6,6,AGCTCGGCCTCTCCAGGTAC,0,4311117
yadI_predicted,0.14285714285714285,6,6,AGCTCGAAAAGGCTTCCGAG,0,4301795
yadI_predicted,0.14285714285714285,6,6,AGCTAGCTATACGGTGGCAT,0,4311454
yadI_predicted,0.14285714285714285,6,6,AGCTAGCCTGTTCTTACTGA,0,4332331
yadI_predicted,0.14285714285714285,6,6,AGCGTTCGCTCATAGGCCAC,0,4346404
yadI_predicted,0.14285714285714285,6,6,AGCGTCTCAGTGCAAAATAG,0,4325247
yadI_predicted,0.14285714285714285,6,6,AGCGTCCGAGTGGTTTTTAG,0,4344156
yadI_predicted,0.14285714285714285,6,6,AGCGGTCTGAGGCATATCGA,0,4291486
yadI_predicted,0.14285714285714285,6,6,AGCGGGTGGTGGCGTTCCTG,0,4349464
yadI_predicted,0.14285714285714285,6,6,AGCGGGTCAAAGCGGGAGAA,0,4316963
yadI_predicted,0.14285714285714285,6,6,AGCGATGGGCAGTGAGGGGA,0,4306750
yadI_predicted,0.14285714285714285,6,6,AGCGATATTGCTGTTTATAG,0,4342918
yadI_predicted,0.14285714285714285,6,6,AGCGAAGGGAGTTGTTGGCG,0,4317840
yadI_predicted,0.14285714285714285,6,6,AGCCTTGTCCAAGGCCGTTG,0,4317011
yadI_predicted,0.14285714285714285,6,6,AGCCTATTAGTGTGCCGAGC,0,4288917
yadI_predicted,0.14285714285714285,6,6,AGCCTAGTAACACAGTGTAC,0,4345702
yadI_predicted,0.14285714285714285,6,6,AGCCCGGGTACGGGAAAATG,0,4358851
yadI_predicted,0.14285714285714285,6,6,AGCCAGTAGTTTCGCTCCGA,0,4340824
yadI_predicted,0.14285714285714285,6,6,AGCCACGAAGGCATGAGTAC,0,4303224
yadI_predicted,0.14285714285714285,6,6,AGCATGTGAGCGCCGTAAGC,0,4352974
yadI_predicted,0.14285714285714285,6,6,AGCAGGCCGCTAGATGCATG,0,4324866
yadI_predicted,0.14285714285714285,6,6,AGCAGGACCGAGTGCACTTA,0,4315428
yadI_predicted,0.14285714285714285,6,6,AGCACTACTCTGACCGTCGC,0,4311252
yadI_predicted,0.14285714285714285,6,6,AGCACAGCAGGGAAATAGAG,0,4289821
yadI_predicted,0.14285714285714285,6,6,AGCAATACCGTCCGGGCGGG,0,4300947
yadI_predicted,0.14285714285714285,6,6,AGCAAGTCTCTGTGAAGCGT,0,4363034
yadI_predicted,0.14285714285714285,6,6,AGCAAGATCGTCTACTTAGG,0,4325396
yadI_predicted,0.14285714285714285,6,6,AGCAAATATGTTGTAGTAAG,0,4319414
yadI_predicted,0.14285714285714285,6,6,AGATTTAAAGTGTAAGGATG,0,4315176
yadI_predicted,0.14285714285714285,6,6,AGATTGCTGCGAGGTGGGGT,0,4294546
yadI_predicted,0.14285714285714285,6,6,AGATCTAAACGGCCCACCCA,0,4284751
yadI_predicted,0.14285714285714285,6,6,AGATATCACGGATATGGGCG,0,4313929
yadI_predicted,0.14285714285714285,6,6,AGAGGTACGCCGTCTTCGGC,0,4342035
yadI_predicted,0.14285714285714285,6,6,AGAGGAAATATAGACCGTAT,0,4316707
yadI_predicted,0.14285714285714285,6,6,AGAGCTGAGTGAGGCACCGC,0,4355127
yadI_predicted,0.14285714285714285,6,6,AGAGCGAAGCGGCCCGACCT,0,4346706
yadI_predicted,0.14285714285714285,6,6,AGAGATCCTATGTGAGGCCG,0,4293131
yadI_predicted,0.14285714285714285,6,6,AGACGTTCAACATTTGCGCT,0,4298680
yadI_predicted,0.14285714285714285,6,6,AGACGCACGTCTTGTTCGCT,0,4343636
yadI_predicted,0.14285714285714285,6,6,AGACCAGAATTCCCCTGATT,0,4303183
yadI_predicted,0.14285714285714285,6,6,AGACATTAGACCTTACCCGC,0,4343372
yadI_predicted,0.14285714285714285,6,6,AGACATTAAAAAGTAGGTTT,0,4330307
yadI_predicted,0.14285714285714285,6,6,AGACAACTTTATGGGGGTCA,0,4337401
yadI_predicted,0.14285714285714285,6,6,AGACAACACGGTAGCTCTGG,0,4338855
yadI_predicted,0.14285714285714285,6,6,AGAAGTAGTCGAGCAAGACG,0,4319878
yadI_predicted,0.14285714285714285,6,6,AGAAGGTTCCGGTTAAGTCT,0,4302162
yadI_predicted,0.14285714285714285,6,6,AGAACTGATAAAGGCCGTAC,0,4336964
yadI_predicted,0.14285714285714285,6,6,AGAAAGCACTCCACACACGA,0,4346392
yadI_predicted,0.14285714285714285,6,6,ACTTTCCGGGCTTCGGACGT,0,4308260
yadI_predicted,0.14285714285714285,6,6,ACTTGGTGAGGACTGGAAGG,0,4318803
yadI_predicted,0.14285714285714285,6,6,ACTTGCGCGAGCTTCTAAAT,0,4299137
yadI_predicted,0.14285714285714285,6,6,ACTTCGTAGTCTAGCCGTCT,0,4284133
yadI_predicted,0.14285714285714285,6,6,ACTTATGCCCAAGCGACGCA,0,4327918
yadI_predicted,0.14285714285714285,6,6,ACTGTCCTCTCATGTCAAGG,0,4333262
yadI_predicted,0.14285714285714285,6,6,ACTGTCCGTGATAATGCCAA,0,4344747
yadI_predicted,0.14285714285714285,6,6,ACTGGGTTTGCAATGACCAC,0,4318209
yadI_predicted,0.14285714285714285,6,6,ACTGGCCGGATAAGTGGGCA,0,4350618
yadI_predicted,0.14285714285714285,6,6,ACTGCTAGGCGCCAATTGTA,0,4349206
yadI_predicted,0.14285714285714285,6,6,ACTGCGGGGGAATTGACAGT,0,4285964
yadI_predicted,0.14285714285714285,6,6,ACTGCGAAGTGGTCGGCATT,0,4293575
yadI_predicted,0.14285714285714285,6,6,ACTCTGACTTTCCATTACCG,0,4328390
yadI_predicted,0.14285714285714285,6,6,ACTCTCCTCGTGAGTTCTGA,0,4286953
yadI_predicted,0.14285714285714285,6,6,ACTCTCCGCATCCGCTCTGC,0,4364503
yadI_predicted,0.14285714285714285,6,6,ACTCGCTTGCCTCGGGAATT,0,4294458
yadI_predicted,0.14285714285714285,6,6,ACTCATTATAGGAAACGTCA,0,4288890
yadI_predicted,0.14285714285714285,6,6,ACTATAGAATCGCGGGTTTT,0,4325995
yadI_predicted,0.14285714285714285,6,6,ACTAGAAGTATAGGGGCGGT,0,4351308
yadI_predicted,0.14285714285714285,6,6,ACTACCATGTTCCAGCCCCC,0,4359416
yadI_predicted,0.14285714285714285,6,6,ACTAATCTACTATGATGCCT,0,4357155
yadI_predicted,0.14285714285714285,6,6,ACGTTCCGGTACAATCGTGC,0,4308527
yadI_predicted,0.14285714285714285,6,6,ACGTTAGGGAACCCGGGGTT,0,4328297
yadI_predicted,0.14285714285714285,6,6,ACGTGCTAATCTTCCTGAGG,0,4302130
yadI_predicted,0.14285714285714285,6,6,ACGTCTTAGCGCTGACTCGC,0,4292877
yadI_predicted,0.14285714285714285,6,6,ACGTCCAACCACCCTCGCTA,0,4358620
yadI_predicted,0.14285714285714285,6,6,ACGTCAGACGCGTCCAATGC,0,4330251
yadI_predicted,0.14285714285714285,6,6,ACGTACCAGCTCCATTTGCG,0,4308129
yadI_predicted,0.14285714285714285,6,6,ACGTAACCGTAAACTGCGTT,0,4344602
yadI_predicted,0.14285714285714285,6,6,ACGGGAATCCAGGCGTTTTA,0,4316613
yadI_predicted,0.14285714285714285,6,6,ACGCTTAGCGGCTGCGGTTT,0,4362074
yadI_predicted,0.14285714285714285,6,6,ACGCTGCGATGGAAAACTTT,0,4315785
yadI_predicted,0.14285714285714285,6,6,ACGCGTGATAATTATGTTGA,0,4362679
yadI_predicted,0.14285714285714285,6,6,ACGCGGTGTTACGTTCTTCA,0,4318794
yadI_predicted,0.14285714285714285,6,6,ACGCGAGTGCGTGGGAATCA,0,4285742
yadI_predicted,0.14285714285714285,6,6,ACGCCGGCTTAGCTGCGCGT,0,4355746
yadI_predicted,0.14285714285714285,6,6,ACGCCATGCAATTCGCTGTA,0,4320849
yadI_predicted,0.14285714285714285,6,6,ACGCCATCAGCCAAGCCCCT,0,4349320
yadI_predicted,0.14285714285714285,6,6,ACGCATGCACGCTAACAATG,0,4363566
yadI_predicted,0.14285714285714285,6,6,ACGCATAGAGCAGTTATCGC,0,4345338
yadI_predicted,0.14285714285714285,6,6,ACGATCGCCTGAGGGAGCTA,0,4357880
yadI_predicted,0.14285714285714285,6,6,ACGAGTGGGGCTACCGATCG,0,4353302
yadI_predicted,0.14285714285714285,6,6,ACGAGCTCAACCAGTGCGTG,0,4294189
yadI_predicted,0.14285714285714285,6,6,ACGACTTTGATAAACTCTGA,0,4363157
yadI_predicted,0.14285714285714285,6,6,ACGACTACATGATACGGATA,0,4329250
yadI_predicted,0.14285714285714285,6,6,ACGAAAGTCTACTTGGCTGT,0,4306654
yadI_predicted,0.14285714285714285,6,6,ACCTTGACAAGGGGTCGCAT,0,4368759
yadI_predicted,0.14285714285714285,6,6,ACCTTCCTGTGGGAAAATAA,0,4353083
yadI_predicted,0.14285714285714285,6,6,ACCTTAGGCATAACCCCTCC,0,4326162
yadI_predicted,0.14285714285714285,6,6,ACCTGCCGCACCTGGCAGCT,0,4369525
yadI_predicted,0.14285714285714285,6,6,ACCTCACTATGGAAAGGAAT,0,4311855
yadI_predicted,0.14285714285714285,6,6,ACCGTTCCCTGGTTGGCTGT,0,4321450
yadI_predicted,0.14285714285714285,6,6,ACCGGAGCTTGAGCGGTAAA,0,4341578
yadI_predicted,0.14285714285714285,6,6,ACCGCGTGTTAATAAGGGGA,0,4365184
yadI_predicted,0.14285714285714285,6,6,ACCGCAGGTTCAAATGCAGG,0,4324521
yadI_predicted,0.14285714285714285,6,6,ACCCGTGGTTTGTCCAAGGA,0,4367491
yadI_predicted,0.14285714285714285,6,6,ACCCCCGTTAGTTATGTGTG,0,4284824
yadI_predicted,0.14285714285714285,6,6,ACCCCATTAATCTATCCAGG,0,4318343
yadI_predicted,0.14285714285714285,6,6,ACCCATGTCATGATTCGGGA,0,4344981
yadI_predicted,0.14285714285714285,6,6,ACCCAAGATGGCTATTTAGA,0,4355541
yadI_predicted,0.14285714285714285,6,6,ACCATTGCTACCGCGAAAAG,0,4320731
yadI_predicted,0.14285714285714285,6,6,ACATGAACGCCTATTCATAT,0,4307131
yadI_predicted,0.14285714285714285,6,6,ACATCGACACTATTGGGCGT,0,4329698
yadI_predicted,0.14285714285714285,6,6,ACATCCGATACTGTACCCGA,0,4366503
yadI_predicted,0.14285714285714285,6,6,ACATCATTACGGACTTTTGT,0,4369137
yadI_predicted,0.14285714285714285,6,6,ACATAGTACGTCACGAATTA,0,4294185
yadI_predicted,0.14285714285714285,6,6,ACAGTTATAAAGTGATCCAC,0,4290656
yadI_predicted,0.14285714285714285,6,6,ACAGTGGGTGGAAGTGGAAC,0,4330831
yadI_predicted,0.14285714285714285,6,6,ACAGTCCTTGTCGTATCCGG,0,4355441
yadI_predicted,0.14285714285714285,6,6,ACAGCTCGGGGTACCGGTAT,0,4300100
yadI_predicted,0.14285714285714285,6,6,ACACTGATGTACTGATTATT,0,4326246
yadI_predicted,0.14285714285714285,6,6,ACACGCACGATGGCCCACGT,0,4360756
yadI_predicted,0.14285714285714285,6,6,ACACCTGAAGATACATTGAA,0,4315495
yadI_predicted,0.14285714285714285,6,6,ACACAAGCGCGCGGGGGGCA,0,4360361
yadI_predicted,0.14285714285714285,6,6,ACAATTCGAGAGCCGTCGAG,0,4296781
yadI_predicted,0.14285714285714285,6,6,ACAAGTCTTGCCGTATCGGT,0,4298030
yadI_predicted,0.14285714285714285,6,6,ACAACTGTAAAGAAACGGGT,0,4332266
yadI_predicted,0.14285714285714285,6,6,ACAACCGCGGGGGTACCACC,0,4361399
yadI_predicted,0.14285714285714285,6,6,AATTGACAGCGAGTCCCTTA,0,4345846
yadI_predicted,0.14285714285714285,6,6,AATTCCACCTGTAGACGGCT,0,4284479
yadI_predicted,0.14285714285714285,6,6,AATTAGTTGATCGCTCCGAC,0,4352645
yadI_predicted,0.14285714285714285,6,6,AATGTCCAGACGACACAAGC,0,4299969
yadI_predicted,0.14285714285714285,6,6,AATGGATGAAATGTATGGGG,0,4300967
yadI_predicted,0.14285714285714285,6,6,AATGCGATATTCGGAGCACC,0,4315015
yadI_predicted,0.14285714285714285,6,6,AATGATTGTGCGCGGGTATC,0,4346653
yadI_predicted,0.14285714285714285,6,6,AATGATTCAACCAATCGGAG,0,4345229
yadI_predicted,0.14285714285714285,6,6,AATGAAATCTTAACAAACGG,0,4330827
yadI_predicted,0.14285714285714285,6,6,AATCTTGTATAGGGTCCAAT,0,4356179
yadI_predicted,0.14285714285714285,6,6,AATCGGAAGAGGCGTCCTTG,0,4301648
yadI_predicted,0.14285714285714285,6,6,AATCGCAGGAGGACGCTTGG,0,4363966
yadI_predicted,0.14285714285714285,6,6,AATCCCGATTGGGTTCTGTT,0,4364283
yadI_predicted,0.14285714285714285,6,6,AATCAGGATTCATCGCCACA,0,4326588
yadI_predicted,0.14285714285714285,6,6,AATCACTCGTCAGTGGCACA,0,4337679
yadI_predicted,0.14285714285714285,6,6,AATAAAGATCGAGAAACTGA,0,4360871
yadI_predicted,0.14285714285714285,6,6,AAGTGTAATGAATGTCCCAT,0,4329532
yadI_predicted,0.14285714285714285,6,6,AAGTGCTTCGATGTAACGGC,0,4296564
yadI_predicted,0.14285714285714285,6,6,AAGTCTTTACCAACGGGTTA,0,4342474
yadI_predicted,0.14285714285714285,6,6,AAGTACAAGCTGGGCCGAAA,0,4299359
yadI_predicted,0.14285714285714285,6,6,AAGGTCCACTGCGTGGGGGC,0,4347876
yadI_predicted,0.14285714285714285,6,6,AAGGGCGCAGTAGTTTTGTG,0,4304554
yadI_predicted,0.14285714285714285,6,6,AAGGCTACGTTCAGGCAAGA,0,4313279
yadI_predicted,0.14285714285714285,6,6,AAGGCGCATAGTAAGGTGGG,0,4322293
yadI_predicted,0.14285714285714285,6,6,AAGGCACGGGGACACCGTCC,0,4321139
yadI_predicted,0.14285714285714285,6,6,AAGGAGTCGGGCTGAATCTT,0,4356941
yadI_predicted,0.14285714285714285,6,6,AAGGACTAGATGTTGTGAAA,0,4340015
yadI_predicted,0.14285714285714285,6,6,AAGCCGTTGATTGCATGGAC,0,4357495
yadI_predicted,0.14285714285714285,6,6,AAGCCCAGGATTCTCGCATA,0,4343028
yadI_predicted,0.14285714285714285,6,6,AAGCCAAAGCCCTCAGCGAA,0,4332457
yadI_predicted,0.14285714285714285,6,6,AAGCAAACATTGAAGTTCAG,0,4337471
yadI_predicted,0.14285714285714285,6,6,AAGAGTGACTCCATCTCAGA,0,4310449
yadI_predicted,0.14285714285714285,6,6,AAGACTCTTAGAAAACCACA,0,4363001
yadI_predicted,0.14285714285714285,6,6,AAGACACAAGGGTCCGGACG,0,4308513
yadI_predicted,0.14285714285714285,6,6,AAGAAGGTCAATAAGCCGGC,0,4297458
yadI_predicted,0.14285714285714285,6,6,AAGAAACCGGAGTGTATGCA,0,4335076
yadI_predicted,0.14285714285714285,6,6,AACTTCTGTTGGGATAACAT,0,4362446
yadI_predicted,0.14285714285714285,6,6,AACTGGTCTTCAGTGGCTGT,0,4327403
yadI_predicted,0.14285714285714285,6,6,AACTCGTATGTGGGCAATAG,0,4364995
yadI_predicted,0.14285714285714285,6,6,AACTACCAAGCCATCATTGC,0,4322613
yadI_predicted,0.14285714285714285,6,6,AACGTTTAACCGGGAGTTTC,0,4349885
yadI_predicted,0.14285714285714285,6,6,AACGTTCTGCGGGAATTTTG,0,4305128
yadI_predicted,0.14285714285714285,6,6,AACGGTGCTCGCGGCCCTGC,0,4365614
yadI_predicted,0.14285714285714285,6,6,AACGGATTAGGGCATATCTG,0,4345228
yadI_predicted,0.14285714285714285,6,6,AACGGAGTAACACAGAGCTA,0,4328579
yadI_predicted,0.14285714285714285,6,6,AACGGAAAGGTAGTCGGAGA,0,4309230
yadI_predicted,0.14285714285714285,6,6,AACGCCATGGTCCTAAGGAG,0,4330152
yadI_predicted,0.14285714285714285,6,6,AACGACGCTTGACCGATCGA,0,4345856
yadI_predicted,0.14285714285714285,6,6,AACCTCCAAAGAGCTGTTTC,0,4301298
yadI_predicted,0.14285714285714285,6,6,AACCTAAATTGTGGTGTCAA,0,4333946
yadI_predicted,0.14285714285714285,6,6,AACCGAAGGACGTCCATATG,0,4308790
yadI_predicted,0.14285714285714285,6,6,AACCATGCCCGAAGATCTGT,0,4343924
yadI_predicted,0.14285714285714285,6,6,AACATTCAACGTGCCTGTGC,0,4286407
yadI_predicted,0.14285714285714285,6,6,AACATGGTGGCCAGGAACCA,0,4364703
yadI_predicted,0.14285714285714285,6,6,AACATGGTACGACTCACCAC,0,4308499
yadI_predicted,0.14285714285714285,6,6,AACATAGGCCCGGCCTACTG,0,4326349
yadI_predicted,0.14285714285714285,6,6,AACATAAATGACTCAGGAGA,0,4299422
yadI_predicted,0.14285714285714285,6,6,AACACCCCACTCCTTGGGTA,0,4336140
yadI_predicted,0.14285714285714285,6,6,AAATTAAGGCGTTTCCATCA,0,4311784
yadI_predicted,0.14285714285714285,6,6,AAATGTACCCGGGTTCTTAG,0,4312757
yadI_predicted,0.14285714285714285,6,6,AAATGACGGATGCCCATTGG,0,4356433
yadI_predicted,0.14285714285714285,6,6,AAATATGCGATGGCCACTGC,0,4337023
yadI_predicted,0.14285714285714285,6,6,AAAGTCTTAAGCGCCCGCAT,0,4340099
yadI_predicted,0.14285714285714285,6,6,AAAGTATACAGCCAGGCCGG,0,4311712
yadI_predicted,0.14285714285714285,6,6,AAAGGTCCGGACCATGGGAC,0,4297167
yadI_predicted,0.14285714285714285,6,6,AAAGAGGTGGTCTTTCAGCC,0,4361801
yadI_predicted,0.14285714285714285,6,6,AAACTGGCCCTTTCCGCAGG,0,4324236
yadI_predicted,0.14285714285714285,6,6,AAACGATAACTCGTTCTACT,0,4297078
yadI_predicted,0.14285714285714285,6,6,AAACCTGAAACCTGTGTAAT,0,4344431
yadI_predicted,0.14285714285714285,6,6,AAACCCCGCCGTCCTAGGGT,0,4357364
yadI_predicted,0.14285714285714285,6,6,AAACATGGGCATAGGCGGTA,0,4314140
yadI_predicted,0.14285714285714285,6,6,AAACAGCCTCCAGGATACGA,0,4350924
yadI_predicted,0.14285714285714285,6,6,AAACAATCCTTTAGGGCGTC,0,4313170
yadI_predicted,0.14285714285714285,6,6,AAAATGTAGGCATTGCGTCT,0,4306744
yadI_predicted,0.14285714285714285,6,6,AAAATCACTTGCGATAAAGG,0,4342262
yadI_predicted,0.14285714285714285,6,6,AAAAGCGTTAACCGAAACGA,0,4350526
yadI_predicted,0.14285714285714285,6,6,AAAAACGGGTCACTTTCGGG,0,4350823
yadI_predicted,0.14285714285714285,6,6,AAAAACAGGAAGACGGCCAC,0,4307516
yadI_predicted,0.16666666666666666,5,5,TTTTTGGTCATAGTGGACAA,0,4328714
yadI_predicted,0.16666666666666666,5,5,TTTTTCCAACGTGATCAACT,0,4298068
yadI_predicted,0.16666666666666666,5,5,TTTTGGTCTTAAATTGGCGA,0,4318354
yadI_predicted,0.16666666666666666,5,5,TTTTGGATGGACGCGTGGGA,0,4351030
yadI_predicted,0.16666666666666666,5,5,TTTTGACTGAGCTTTCACGG,0,4361423
yadI_predicted,0.16666666666666666,5,5,TTTTAGATACCATGGTGTCC,0,4321824
yadI_predicted,0.16666666666666666,5,5,TTTTACAACTGTTGGGTCAT,0,4299012
yadI_predicted,0.16666666666666666,5,5,TTTGTGCATACTGTGGTGTC,0,4358012
yadI_predicted,0.16666666666666666,5,5,TTTGGATGATTATGCTTTAA,0,4365728
yadI_predicted,0.16666666666666666,5,5,TTTGCATGCGTTAAATTGCA,0,4328729
yadI_predicted,0.16666666666666666,5,5,TTTGATGAGCTTGACTTGAC,0,4292037
yadI_predicted,0.16666666666666666,5,5,TTTCTCACGCACGTGTCTAT,0,4290987
yadI_predicted,0.16666666666666666,5,5,TTTCTAAGCCCTTTCCCGGG,0,4363366
yadI_predicted,0.16666666666666666,5,5,TTTCGTCTAGTGAGAGACAG,0,4362612
yadI_predicted,0.16666666666666666,5,5,TTTCGGACTTCACATGCCAG,0,4304871
yadI_predicted,0.16666666666666666,5,5,TTTCGCTTCTGAATCCAGGG,0,4287162
yadI_predicted,0.16666666666666666,5,5,TTTCCTCTTCACACAGATTA,0,4291239
yadI_predicted,0.16666666666666666,5,5,TTTCCTACGGAGCCACCGTT,0,4293622
yadI_predicted,0.16666666666666666,5,5,TTTCAGGTGGGTGAAAGTTT,0,4292409
yadI_predicted,0.16666666666666666,5,5,TTTCAGCCTTTGAGTGTAAG,0,4345704
yadI_predicted,0.16666666666666666,5,5,TTTATTGGTCTGCCTCCCAT,0,4325833
yadI_predicted,0.16666666666666666,5,5,TTTATACGACGGAAGCAGCG,0,4293431
yadI_predicted,0.16666666666666666,5,5,TTTAGGAGGATACACTGGTC,0,4297825
yadI_predicted,0.16666666666666666,5,5,TTTACTCACCTCGGCAGTAA,0,4333435
yadI_predicted,0.16666666666666666,5,5,TTGTTTTGCCGTTACGGGTA,0,4326594
yadI_predicted,0.16666666666666666,5,5,TTGTTTGGTTTAACCAACAG,0,4358953
yadI_predicted,0.16666666666666666,5,5,TTGTTGTGCGCCTTAAGAGA,0,4361719
yadI_predicted,0.16666666666666666,5,5,TTGTTCGAGGAAGCGCTCGT,0,4350771
yadI_predicted,0.16666666666666666,5,5,TTGTGTTGCGGAGCCACAGG,0,4330950
yadI_predicted,0.16666666666666666,5,5,TTGTGGCTGGACAAGGGACA,0,4356843
yadI_predicted,0.16666666666666666,5,5,TTGTCTCCGGGGACAGAAGT,0,4340179
yadI_predicted,0.16666666666666666,5,5,TTGTCCGCGCGATTCAAGCC,0,4347581
yadI_predicted,0.16666666666666666,5,5,TTGTCACCTTTGTCTCTGCG,0,4350714
yadI_predicted,0.16666666666666666,5,5,TTGTATACATGCGGTGTAAA,0,4368152
yadI_predicted,0.16666666666666666,5,5,TTGTAGCCCGAAGAGCTGTT,0,4349958
yadI_predicted,0.16666666666666666,5,5,TTGGTTCAGATCGACCCGAC,0,4307320
yadI_predicted,0.16666666666666666,5,5,TTGGTCTGTATAGGGCAGTG,0,4311258
yadI_predicted,0.16666666666666666,5,5,TTGGTAGTTCTGGAAACCAT,0,4356697
yadI_predicted,0.16666666666666666,5,5,TTGGTAAACAGATTGCTATA,0,4367037
yadI_predicted,0.16666666666666666,5,5,TTGGGTTCGCACTGCCTCAT,0,4358510
yadI_predicted,0.16666666666666666,5,5,TTGGGCTCGGGGCAATACCT,0,4295982
yadI_predicted,0.16666666666666666,5,5,TTGGCGCCCCATTAGCCCTG,0,4324987
yadI_predicted,0.16666666666666666,5,5,TTGGCCCGAAGGCCAAGAGA,0,4365668
yadI_predicted,0.16666666666666666,5,5,TTGGAGCAAGCTAAAGGGGA,0,4287155
yadI_predicted,0.16666666666666666,5,5,TTGCCCAGGGTTATGAGGAC,0,4318804
yadI_predicted,0.16666666666666666,5,5,TTGATTCGCTCTGTCCTCCA,0,4327387
yadI_predicted,0.16666666666666666,5,5,TTGATAGTCTGGCACGTTCT,0,4332314
yadI_predicted,0.16666666666666666,5,5,TTGATAAGCAACGGCTCATG,0,4361517
yadI_predicted,0.16666666666666666,5,5,TTGAGACACGGTGGGGCAGG,0,4289137
yadI_predicted,0.16666666666666666,5,5,TTGACCCCGCGTTTGCTGGA,0,4317284
yadI_predicted,0.16666666666666666,5,5,TTCTTTAGTTTTACCTGGAT,0,4348521
yadI_predicted,0.16666666666666666,5,5,TTCTGGGTGTATTCTTCTGT,0,4346859
yadI_predicted,0.16666666666666666,5,5,TTCTGGGCCAGTTATCTGAA,0,4342405
yadI_predicted,0.16666666666666666,5,5,TTCTGAGATCGGGTCAAAGT,0,4351808
yadI_predicted,0.16666666666666666,5,5,TTCTCAACATAAAGTTGTCA,0,4346922
yadI_predicted,0.16666666666666666,5,5,TTCTACGGACTGACACTCGA,0,4290907
yadI_predicted,0.16666666666666666,5,5,TTCTACGAACCGTTCGTCCT,0,4289532
yadI_predicted,0.16666666666666666,5,5,TTCTACCAGGAATAAATACT,0,4314603
yadI_predicted,0.16666666666666666,5,5,TTCGTCAGTCGTTATTCCAT,0,4316947
yadI_predicted,0.16666666666666666,5,5,TTCGAAGAAAAATATGGGGT,0,4332058
yadI_predicted,0.16666666666666666,5,5,TTCCTTGAATGGGTAAGACA,0,4349216
yadI_predicted,0.16666666666666666,5,5,TTCCGTCGGCCTCATTTTTA,0,4285726
yadI_predicted,0.16666666666666666,5,5,TTCCGGTGTACCCGCCAGGG,0,4362137
yadI_predicted,0.16666666666666666,5,5,TTCCGAATTCCATAAGCGCG,0,4337205
yadI_predicted,0.16666666666666666,5,5,TTCCCTTTGGACTTTTGGTG,0,4362877
yadI_predicted,0.16666666666666666,5,5,TTCCAGCGGTGGAATCGGCC,0,4303319
yadI_predicted,0.16666666666666666,5,5,TTCATCTAGCAAATTGCTAT,0,4297201
yadI_predicted,0.16666666666666666,5,5,TTCAACGAAGTGGCCAATTG,0,4345644
yadI_predicted,0.16666666666666666,5,5,TTATTTTAAAGGACTATGTG,0,4287832
yadI_predicted,0.16666666666666666,5,5,TTATTGTAGAGTCGCCGACG,0,4334483
yadI_predicted,0.16666666666666666,5,5,TTATTGGCGGACATGCCTCA,0,4364499
yadI_predicted,0.16666666666666666,5,5,TTATGCACACCAACTGATCC,0,4315071
yadI_predicted,0.16666666666666666,5,5,TTATGAAATCCCCAAGGTGT,0,4306096
yadI_predicted,0.16666666666666666,5,5,TTATAGCCCTGAGTGCCTAA,0,4301475
yadI_predicted,0.16666666666666666,5,5,TTATACATATTCGAGGACCG,0,4330005
yadI_predicted,0.16666666666666666,5,5,TTAGTGGTATATCACTGTAT,0,4347528
yadI_predicted,0.16666666666666666,5,5,TTAGTATTCAATAGCCGCGA,0,4324421
yadI_predicted,0.16666666666666666,5,5,TTAGGCCAGAAGTTGCTTTA,0,4305350
yadI_predicted,0.16666666666666666,5,5,TTAGCGTTCGTGAACGTCGG,0,4335949
yadI_predicted,0.16666666666666666,5,5,TTAGATCTGCGGATCTTTGA,0,4347208
yadI_predicted,0.16666666666666666,5,5,TTAGACTCACTCGGCTCCCC,0,4319041
yadI_predicted,0.16666666666666666,5,5,TTAGACCGTGTGTTACTGAG,0,4368315
yadI_predicted,0.16666666666666666,5,5,TTACTTTCCAAATAGCCAGA,0,4363358
yadI_predicted,0.16666666666666666,5,5,TTACGACCGTCGTAACACTC,0,4365918
yadI_predicted,0.16666666666666666,5,5,TTACCGCCTCTCGGTCTGCC,0,4317245
yadI_predicted,0.16666666666666666,5,5,TTACACTGCCCAATATAGCG,0,4309852
yadI_predicted,0.16666666666666666,5,5,TTACAAGTCCTGGAACAGCA,0,4313044
yadI_predicted,0.16666666666666666,5,5,TTAAGGCCATTGTCGGCAGC,0,4304430
yadI_predicted,0.16666666666666666,5,5,TTAAGAGATTTCATTTAGGA,0,4300523
yadI_predicted,0.16666666666666666,5,5,TTAAATTGGAAAACAAGAAA,0,4306875
yadI_predicted,0.16666666666666666,5,5,TGTTTCAGGAGAGGGTCACC,0,4355000
yadI_predicted,0.16666666666666666,5,5,TGTTGCGGGCGAAAGACGGG,0,4305520
yadI_predicted,0.16666666666666666,5,5,TGTTGCGAGAGAGATTAGCA,0,4293201
yadI_predicted,0.16666666666666666,5,5,TGTTCTAATTTTCACTTTTG,0,4328248
yadI_predicted,0.16666666666666666,5,5,TGTTCCGGCAATACGGGAAA,0,4365005
yadI_predicted,0.16666666666666666,5,5,TGTTCCCGGCTGGAAAGTCT,0,4312988
yadI_predicted,0.16666666666666666,5,5,TGTTAGTTACTCCGGTTCAA,0,4299279
yadI_predicted,0.16666666666666666,5,5,TGTGTTTCAACGTCGTAAGG,0,4341202
yadI_predicted,0.16666666666666666,5,5,TGTGGGGTTGTCCAATTACC,0,4330652
yadI_predicted,0.16666666666666666,5,5,TGTGCCAAGCCCACTCATGT,0,4293265
yadI_predicted,0.16666666666666666,5,5,TGTGAACGAGTACTGAGAGC,0,4303120
yadI_predicted,0.16666666666666666,5,5,TGTGAAATGTGCAACCGTTA,0,4327178
yadI_predicted,0.16666666666666666,5,5,TGTCTACTTTAGAGAATGAG,0,4305119
yadI_predicted,0.16666666666666666,5,5,TGTCGAGTGGTATGGAGGCA,0,4307246
yadI_predicted,0.16666666666666666,5,5,TGTCCGGTCTTCACCAACCG,0,4331862
yadI_predicted,0.16666666666666666,5,5,TGTCCGCCGCATGTGTTGCC,0,4341381
yadI_predicted,0.16666666666666666,5,5,TGTCCATATCTAGAATTGTT,0,4316244
yadI_predicted,0.16666666666666666,5,5,TGTCCAGGGTCGTTGTCCTT,0,4364230
yadI_predicted,0.16666666666666666,5,5,TGTCAGACAGTGTATTGCGA,0,4338067
yadI_predicted,0.16666666666666666,5,5,TGTCAAGAGTTTAACAGCCA,0,4353635
yadI_predicted,0.16666666666666666,5,5,TGTATTGAGGCGCATGCTGG,0,4296181
yadI_predicted,0.16666666666666666,5,5,TGTAGGACGGACCAGTCACT,0,4290403
yadI_predicted,0.16666666666666666,5,5,TGTAGCAACCACGGCATAGA,0,4365780
yadI_predicted,0.16666666666666666,5,5,TGTAGAGCAGGGATATGCCC,0,4291334
yadI_predicted,0.16666666666666666,5,5,TGTACTACCTTTGACACTTA,0,4311875
yadI_predicted,0.16666666666666666,5,5,TGTACAGAAGGTTCAACAGT,0,4329103
yadI_predicted,0.16666666666666666,5,5,TGGTTACAAGCAAGCTACGT,0,4309085
yadI_predicted,0.16666666666666666,5,5,TGGTGTTACACGAAGCCGGG,0,4324229
yadI_predicted,0.16666666666666666,5,5,TGGTGCTGGCTGGATGGCAG,0,4284270
yadI_predicted,0.16666666666666666,5,5,TGGTGCGCGCGCTTAAAGCT,0,4320102
yadI_predicted,0.16666666666666666,5,5,TGGTCTGGTGCCTGCAAACG,0,4338844
yadI_predicted,0.16666666666666666,5,5,TGGTCCGCCGCATCGGGGGA,0,4305657
yadI_predicted,0.16666666666666666,5,5,TGGTCAGGCGGGTCAATCCT,0,4338049
yadI_predicted,0.16666666666666666,5,5,TGGTCAGCTAGCCTCCCGAG,0,4292261
yadI_predicted,0.16666666666666666,5,5,TGGTAGCCGATTGATCGGGG,0,4344476
yadI_predicted,0.16666666666666666,5,5,TGGTAATATGGCACTTGTGA,0,4329205
yadI_predicted,0.16666666666666666,5,5,TGGGTCTTTTTCGAATTACA,0,4360307
yadI_predicted,0.16666666666666666,5,5,TGGGTCTTCACTCGCGCAAA,0,4333284
yadI_predicted,0.16666666666666666,5,5,TGGGTCGCCTATCTTAGTCG,0,4366337
yadI_predicted,0.16666666666666666,5,5,TGGGTCACGAAAGGAGTCCC,0,4351441
yadI_predicted,0.16666666666666666,5,5,TGGGGTGCTCACTCCAACTC,0,4320006
yadI_predicted,0.16666666666666666,5,5,TGGGGCAAATAAATCGCGTA,0,4309158
yadI_predicted,0.16666666666666666,5,5,TGGGCCTGTAACCTCCATAG,0,4357317
yadI_predicted,0.16666666666666666,5,5,TGGGCAGGTGACGAACCCGT,0,4286728
yadI_predicted,0.16666666666666666,5,5,TGGGATGTCATACCGTTACT,0,4286335
yadI_predicted,0.16666666666666666,5,5,TGGCCGCCCGAAGAAATAGC,0,4331124
yadI_predicted,0.16666666666666666,5,5,TGGCCCTTATAGATTTCCAA,0,4369916
yadI_predicted,0.16666666666666666,5,5,TGGCCCTATATACATTCATC,0,4321256
yadI_predicted,0.16666666666666666,5,5,TGGCCCAGCTGGTGAGTCGT,0,4366023
yadI_predicted,0.16666666666666666,5,5,TGGCCATTCGGCGTTTTTAA,0,4287760
yadI_predicted,0.16666666666666666,5,5,TGGCCACGCTTAAAAGCACT,0,4369426
yadI_predicted,0.16666666666666666,5,5,TGGCATAGCGACGCGGTCTG,0,4320309
yadI_predicted,0.16666666666666666,5,5,TGGATCGGGCTATTGGCCCC,0,4315068
yadI_predicted,0.16666666666666666,5,5,TGGATACTTCGCTCAACCGG,0,4351219
yadI_predicted,0.16666666666666666,5,5,TGGAGTAAAGGTTTTTGTTA,0,4328155
yadI_predicted,0.16666666666666666,5,5,TGGAGGCTAGAGCAGACAAG,0,4313884
yadI_predicted,0.16666666666666666,5,5,TGGACTAAGTAAAACTCCTT,0,4285321
yadI_predicted,0.16666666666666666,5,5,TGGACCGGGCCTGCATTTCC,0,4359479
yadI_predicted,0.16666666666666666,5,5,TGCTTCAGTGTGAAGACGGC,0,4305100
yadI_predicted,0.16666666666666666,5,5,TGCTGTTCTGAAAATACCCA,0,4352242
yadI_predicted,0.16666666666666666,5,5,TGCTGTACGAAAGCGGGAGT,0,4292105
yadI_predicted,0.16666666666666666,5,5,TGCTGCGAACAACCGGTGCT,0,4347098
yadI_predicted,0.16666666666666666,5,5,TGCTGAATAGTAACCCGCTG,0,4331350
yadI_predicted,0.16666666666666666,5,5,TGCTCGTAACAAAGCTCTTT,0,4300939
yadI_predicted,0.16666666666666666,5,5,TGCTAGAGGTAGGCTGATGG,0,4327495
yadI_predicted,0.16666666666666666,5,5,TGCTAGAATTAGGGCTTCCT,0,4321567
yadI_predicted,0.16666666666666666,5,5,TGCGGCATCAATCGCCAGCG,0,4360229
yadI_predicted,0.16666666666666666,5,5,TGCGCGGTATCACATAGGCA,0,4362484
yadI_predicted,0.16666666666666666,5,5,TGCGATTAGAGGTAAAATGT,0,4337678
yadI_predicted,0.16666666666666666,5,5,TGCGAGGTTGTGCTATCGCG,0,4287953
yadI_predicted,0.16666666666666666,5,5,TGCCGGGGGGTGGGCTCGAA,0,4358181
yadI_predicted,0.16666666666666666,5,5,TGCCCGAGTCGTACCGTGCT,0,4352161
yadI_predicted,0.16666666666666666,5,5,TGCCAGAAGCCCTGTGCATT,0,4295176
yadI_predicted,0.16666666666666666,5,5,TGCCAATTCATCGCACTGAT,0,4318229
yadI_predicted,0.16666666666666666,5,5,TGCCAAACTTGGACGGCCTT,0,4340362
yadI_predicted,0.16666666666666666,5,5,TGCAGTAAATTAGGCGTGCG,0,4330366
yadI_predicted,0.16666666666666666,5,5,TGCACTAGATAAAAAACCTT,0,4312600
yadI_predicted,0.16666666666666666,5,5,TGCACCATTCGATTCAACGC,0,4321932
yadI_predicted,0.16666666666666666,5,5,TGCAACCTGTATTCATCTGG,0,4332733
yadI_predicted,0.16666666666666666,5,5,TGATGCTCTGCTTGTGGTGT,0,4322216
yadI_predicted,0.16666666666666666,5,5,TGATCGCTGCTGGCTTTAGA,0,4285677
yadI_predicted,0.16666666666666666,5,5,TGATATCGATTTTTAACGGA,0,4358544
yadI_predicted,0.16666666666666666,5,5,TGATAGCTCGGCCGTTAGGC,0,4295000
yadI_predicted,0.16666666666666666,5,5,TGATAATGCCCAAGGGCAAT,0,4355428
yadI_predicted,0.16666666666666666,5,5,TGAGTTCCTCCTTCGGGAGG,0,4348984
yadI_predicted,0.16666666666666666,5,5,TGAGTCCGAATTGACTAGGG,0,4315911
yadI_predicted,0.16666666666666666,5,5,TGAGGCTCGGCGGTGTAAGG,0,4310852
yadI_predicted,0.16666666666666666,5,5,TGAGACACCATAAAGCTCAC,0,4342245
yadI_predicted,0.16666666666666666,5,5,TGAGAAGCGAGCAGGTAGTA,0,4307092
yadI_predicted,0.16666666666666666,5,5,TGACGCCGTACGGTTCCGTA,0,4337889
yadI_predicted,0.16666666666666666,5,5,TGAATTTCCTGCAACTCGCC,0,4294171
yadI_predicted,0.16666666666666666,5,5,TGAATCCGGGAGCAGATTGC,0,4356683
yadI_predicted,0.16666666666666666,5,5,TGAATATGGTCTGAATAATC,0,4329736
yadI_predicted,0.16666666666666666,5,5,TGAATAACCTGCTCATCCGA,0,4300082
yadI_predicted,0.16666666666666666,5,5,TGAACTCCTGGAAAAGCGTT,0,4351019
yadI_predicted,0.16666666666666666,5,5,TGAACGAGCAAGGGTAGATC,0,4315215
yadI_predicted,0.16666666666666666,5,5,TGAAAGGACGTTGTGCAACA,0,4336330
yadI_predicted,0.16666666666666666,5,5,TGAAAGGAAAGCCCGGTATA,0,4321883
yadI_predicted,0.16666666666666666,5,5,TCTTTTTGGAATTCTGTCCA,0,4344741
yadI_predicted,0.16666666666666666,5,5,TCTTTTCGGTAGTGTCAGTC,0,4299952
yadI_predicted,0.16666666666666666,5,5,TCTTTCAGCATTTAATATTT,0,4349771
yadI_predicted,0.16666666666666666,5,5,TCTTGGTAGGACACCGCTGG,0,4360587
yadI_predicted,0.16666666666666666,5,5,TCTTGCGTAGTAAAATCGAC,0,4333641
yadI_predicted,0.16666666666666666,5,5,TCTTCGCCGTCTCTTCTGGT,0,4311688
yadI_predicted,0.16666666666666666,5,5,TCTTCAGTTTAGAGAGGTGT,0,4294910
yadI_predicted,0.16666666666666666,5,5,TCTGTCTTTCGTGAAAGTGC,0,4319048
yadI_predicted,0.16666666666666666,5,5,TCTGTAATGGCTGGTTCGTA,0,4350677
yadI_predicted,0.16666666666666666,5,5,TCTGGTTACTCTAGTGACAG,0,4300144
yadI_predicted,0.16666666666666666,5,5,TCTGGTGATGGATAAGTTTC,0,4362249
yadI_predicted,0.16666666666666666,5,5,TCTGCGCCTGCCTACGTCAC,0,4338382
yadI_predicted,0.16666666666666666,5,5,TCTGCCAGAGCTACTTCGGT,0,4318665
yadI_predicted,0.16666666666666666,5,5,TCTGATTTAAAATGGATATT,0,4318914
yadI_predicted,0.16666666666666666,5,5,TCTGATCGTGTTTAGGACAT,0,4313427
yadI_predicted,0.16666666666666666,5,5,TCTCTATGAGGCCCGGGCGA,0,4306930
yadI_predicted,0.16666666666666666,5,5,TCTCGTTCGCGAAGGAGGTG,0,4289321
yadI_predicted,0.16666666666666666,5,5,TCTCCTGGCAATTGAATAGT,0,4337962
yadI_predicted,0.16666666666666666,5,5,TCTCCCATTGTTATGTACAA,0,4351039
yadI_predicted,0.16666666666666666,5,5,TCTCCATAGAGCTGCAATCT,0,4301486
yadI_predicted,0.16666666666666666,5,5,TCTAATGTTGCATTATTGTC,0,4291306
yadI_predicted,0.16666666666666666,5,5,TCTAAGGTTTCGAGTGGCTT,0,4321000
yadI_predicted,0.16666666666666666,5,5,TCGTTTGTACTGAAAGAAGA,0,4295421
yadI_predicted,0.16666666666666666,5,5,TCGTTCTGTAAGGGGCTAGT,0,4289599
yadI_predicted,0.16666666666666666,5,5,TCGTGTTACTAGGGTTCACT,0,4289037
yadI_predicted,0.16666666666666666,5,5,TCGTGGCGGACTAGGTGCGA,0,4356783
yadI_predicted,0.16666666666666666,5,5,TCGTCCGCAGTAACATCGAC,0,4350593
yadI_predicted,0.16666666666666666,5,5,TCGGTATACAATCCGAACGG,0,4324886
yadI_predicted,0.16666666666666666,5,5,TCGGTAGTGCCTCAATGTAG,0,4355642
yadI_predicted,0.16666666666666666,5,5,TCGGGCATCCGGACTCCGAC,0,4369547
yadI_predicted,0.16666666666666666,5,5,TCGGCAGAACCGCACTTTGC,0,4348085
yadI_predicted,0.16666666666666666,5,5,TCGGAGCGTTTCAAGTTACT,0,4347574
yadI_predicted,0.16666666666666666,5,5,TCGGAGATCTAGTGTATCGG,0,4312294
yadI_predicted,0.16666666666666666,5,5,TCGGAACGGGAGCATAGAGA,0,4288017
yadI_predicted,0.16666666666666666,5,5,TCGGAAAATTGGACGTCGAA,0,4363329
yadI_predicted,0.16666666666666666,5,5,TCGCCATCACGCATTCTGAA,0,4315391
yadI_predicted,0.16666666666666666,5,5,TCGCATTGTGTATGATATCT,0,4309562
yadI_predicted,0.16666666666666666,5,5,TCGCAGCGGTCTTCGAACGC,0,4362419
yadI_predicted,0.16666666666666666,5,5,TCGCACTCTGGATGCGTGGG,0,4299109
yadI_predicted,0.16666666666666666,5,5,TCGCACCCCCGAGTAAAGCA,0,4319608
yadI_predicted,0.16666666666666666,5,5,TCGATGTGGAATCGCCGATC,0,4294448
yadI_predicted,0.16666666666666666,5,5,TCGACTCATTTTTTCGGAGA,0,4316466
yadI_predicted,0.16666666666666666,5,5,TCGACTATTATGGCATCTAG,0,4330353
yadI_predicted,0.16666666666666666,5,5,TCCTAGTGATCGGATACGAG,0,4363228
yadI_predicted,0.16666666666666666,5,5,TCCGTTCTAAGTACTTCTTA,0,4332782
yadI_predicted,0.16666666666666666,5,5,TCCGCCTCCGTCATTACACA,0,4338998
yadI_predicted,0.16666666666666666,5,5,TCCCGCTTGAACATGGTTCT,0,4328220
yadI_predicted,0.16666666666666666,5,5,TCCCGCGGATCCGACGGGTC,0,4328346
yadI_predicted,0.16666666666666666,5,5,TCCCGAGAAGAAGTTCGAAT,0,4361318
yadI_predicted,0.16666666666666666,5,5,TCCCCGAAGACACTCCGGAG,0,4305637
yadI_predicted,0.16666666666666666,5,5,TCCCCCACGTGGTCACACGA,0,4301044
yadI_predicted,0.16666666666666666,5,5,TCCCAATACGAACCTATATA,0,4314241
yadI_predicted,0.16666666666666666,5,5,TCCATCCGTACTCTTCAAAT,0,4297465
yadI_predicted,0.16666666666666666,5,5,TCCATAGTGCCTTATTCGGT,0,4330127
yadI_predicted,0.16666666666666666,5,5,TCCAGTACATTCGCCTTTCC,0,4303366
yadI_predicted,0.16666666666666666,5,5,TCCAGCAGCGCAATCTGACG,0,4311946
yadI_predicted,0.16666666666666666,5,5,TCCAGAGGCATGCGATCCGG,0,4325942
yadI_predicted,0.16666666666666666,5,5,TCCAAACAGACCGTTGAGTC,0,4344916
yadI_predicted,0.16666666666666666,5,5,TCATTCCCTGTTGCTCGGTC,0,4310720
yadI_predicted,0.16666666666666666,5,5,TCATTACGACCCGCAGGCGT,0,4321117
yadI_predicted,0.16666666666666666,5,5,TCATCGGCGGGCGATTCAGG,0,4297937
yadI_predicted,0.16666666666666666,5,5,TCATCCGCTTCAGCAATACA,0,4287016
yadI_predicted,0.16666666666666666,5,5,TCATACCTTTACCAATAACT,0,4370068
yadI_predicted,0.16666666666666666,5,5,TCATACCGGGCGAGCGCTAC,0,4332933
yadI_predicted,0.16666666666666666,5,5,TCAGTGGTTGGGTCCTAATA,0,4363295
yadI_predicted,0.16666666666666666,5,5,TCAGGTCACACAGCCGGATG,0,4292293
yadI_predicted,0.16666666666666666,5,5,TCAGGGGGCAAGGGAAATTA,0,4338905
yadI_predicted,0.16666666666666666,5,5,TCAGCTGCGTTGACAAACTG,0,4364803
yadI_predicted,0.16666666666666666,5,5,TCAGCGTTTCCGTAGACAAT,0,4357139
yadI_predicted,0.16666666666666666,5,5,TCAGAGGGTGTCGAATTGAT,0,4352238
yadI_predicted,0.16666666666666666,5,5,TCAGAAGAGCCGACTTAGTA,0,4308927
yadI_predicted,0.16666666666666666,5,5,TCACTGTCCATGCCTCATGG,0,4331399
yadI_predicted,0.16666666666666666,5,5,TCACTGCGATTTTGCACAAT,0,4296126
yadI_predicted,0.16666666666666666,5,5,TCACGCTCCCGAAGAGTCAT,0,4354369
yadI_predicted,0.16666666666666666,5,5,TCACGCACTAGGATTACGTC,0,4345630
yadI_predicted,0.16666666666666666,5,5,TCACCCCAGTTAGGCTACCA,0,4353037
yadI_predicted,0.16666666666666666,5,5,TCAATAATTCACCTTCCTCC,0,4294095
yadI_predicted,0.16666666666666666,5,5,TCAAGAAGTCCCTCAGTTCC,0,4338158
yadI_predicted,0.16666666666666666,5,5,TCAAACTCACTACGTTCGCT,0,4335091
yadI_predicted,0.16666666666666666,5,5,TCAAAAATCATTTTACGCTA,0,4305656
yadI_predicted,0.16666666666666666,5,5,TATTTTCAATGTCCTATCGG,0,4339429
yadI_predicted,0.16666666666666666,5,5,TATTGGTCCCTTTAGGTGCT,0,4303739
yadI_predicted,0.16666666666666666,5,5,TATTGGGCCATGTCCGGCCT,0,4344917
yadI_predicted,0.16666666666666666,5,5,TATTCGCGGTGCTTATCCCA,0,4369617
yadI_predicted,0.16666666666666666,5,5,TATGTTACACGCAGTAAGTC,0,4339036
yadI_predicted,0.16666666666666666,5,5,TATGGTACAATAGATAAGAT,0,4348541
yadI_predicted,0.16666666666666666,5,5,TATGCGTCAATATTGCCCAG,0,4323573
yadI_predicted,0.16666666666666666,5,5,TATGCGGGGCTTTCTGGACA,0,4358845
yadI_predicted,0.16666666666666666,5,5,TATGCGAATGTATTGTAACG,0,4360118
yadI_predicted,0.16666666666666666,5,5,TATGCCAGTTTACGGACGCA,0,4342255
yadI_predicted,0.16666666666666666,5,5,TATCTGAAACCGTTACGTTC,0,4335334
yadI_predicted,0.16666666666666666,5,5,TATCTATGTTTTCCAAGACC,0,4288626
yadI_predicted,0.16666666666666666,5,5,TATCCCAGCACCTTGTTCTT,0,4336867
yadI_predicted,0.16666666666666666,5,5,TATCATCGTGGGCGTTATAT,0,4322550
yadI_predicted,0.16666666666666666,5,5,TATAGGCAACTATCGAGCAG,0,4325825
yadI_predicted,0.16666666666666666,5,5,TATAGGAACCGAGAAGCTTT,0,4303734
yadI_predicted,0.16666666666666666,5,5,TATAACAGTAAATTTAGCGG,0,4319756
yadI_predicted,0.16666666666666666,5,5,TAGTCTAGTCGGCCTCTGGG,0,4293252
yadI_predicted,0.16666666666666666,5,5,TAGGTAGCGCACCTGGCATA,0,4344169
yadI_predicted,0.16666666666666666,5,5,TAGGCTACGCGGTGGTCGTC,0,4353804
yadI_predicted,0.16666666666666666,5,5,TAGGCGACGATTTCAAGGTT,0,4322867
yadI_predicted,0.16666666666666666,5,5,TAGGATCTCGAATTCCTCTG,0,4293015
yadI_predicted,0.16666666666666666,5,5,TAGGACTCGTAGTGAGAAAG,0,4317127
yadI_predicted,0.16666666666666666,5,5,TAGCGCCTAGGATTGGTGCT,0,4322564
yadI_predicted,0.16666666666666666,5,5,TAGATCGCCACTGTGCTCAG,0,4303464
yadI_predicted,0.16666666666666666,5,5,TAGATAGGGTTCGAAGCTTG,0,4324081
yadI_predicted,0.16666666666666666,5,5,TAGACGATGTTCGAGCGACG,0,4348213
yadI_predicted,0.16666666666666666,5,5,TACTTTAATCTGCTGGCACA,0,4350024
yadI_predicted,0.16666666666666666,5,5,TACTTCTCCAGACCACGCGT,0,4288559
yadI_predicted,0.16666666666666666,5,5,TACTTAGCTATTAGTACCGC,0,4284817
yadI_predicted,0.16666666666666666,5,5,TACTGGGTTTTAGTTACCTC,0,4356297
yadI_predicted,0.16666666666666666,5,5,TACTGGGTGTCTTGCACCCG,0,4300654
yadI_predicted,0.16666666666666666,5,5,TACTGGGAGAATTTTTCTCG,0,4323174
yadI_predicted,0.16666666666666666,5,5,TACTCAAAACAGTGTGTGGG,0,4362973
yadI_predicted,0.16666666666666666,5,5,TACTACTTACTCTCGATGAC,0,4334243
yadI_predicted,0.16666666666666666,5,5,TACGTGAGGGTAAGGAGGGG,0,4334658
yadI_predicted,0.16666666666666666,5,5,TACGGTACTCCGTAAACGTG,0,4304984
yadI_predicted,0.16666666666666666,5,5,TACGGGACGATTACCGTGCA,0,4335755
yadI_predicted,0.16666666666666666,5,5,TACGGCAAGGCGCCTAACAG,0,4286571
yadI_predicted,0.16666666666666666,5,5,TACGCGGGAATGTCCCCAAC,0,4309271
yadI_predicted,0.16666666666666666,5,5,TACGATTCTCCCCCCTATCA,0,4315561
yadI_predicted,0.16666666666666666,5,5,TACCTTACGGCAGTAAAGAA,0,4309265
yadI_predicted,0.16666666666666666,5,5,TACCGGCTAGTACTGGTAAT,0,4310192
yadI_predicted,0.16666666666666666,5,5,TACCATTATCCCCATTTTTT,0,4292318
yadI_predicted,0.16666666666666666,5,5,TACCAAGGGCCCCAGTAAAC,0,4357999
yadI_predicted,0.16666666666666666,5,5,TACCAAGAGTAAAGCCCCAC,0,4342248
yadI_predicted,0.16666666666666666,5,5,TACATTTCGGACCACCGTAA,0,4336430
yadI_predicted,0.16666666666666666,5,5,TACATAATCGTAGGAGGTCC,0,4367917
yadI_predicted,0.16666666666666666,5,5,TACAGGTATGTGGTGCTAGA,0,4347873
yadI_predicted,0.16666666666666666,5,5,TACAGGGTCTATATCGCAAC,0,4303495
yadI_predicted,0.16666666666666666,5,5,TACAGCTTGGGTTTGCAGTT,0,4286027
yadI_predicted,0.16666666666666666,5,5,TACACCTATAGCAGAGCATG,0,4331295
yadI_predicted,0.16666666666666666,5,5,TACACCACAAGTACGCTAAT,0,4339658
yadI_predicted,0.16666666666666666,5,5,TACAATGTTCCTAGTTCGGG,0,4332880
yadI_predicted,0.16666666666666666,5,5,TAATGTTTAACCTTGTGTGA,0,4358647
yadI_predicted,0.16666666666666666,5,5,TAATGGCGTTCAATACCAGT,0,4291594
yadI_predicted,0.16666666666666666,5,5,TAATCGGTGGAATAACTAGC,0,4336142
yadI_predicted,0.16666666666666666,5,5,TAATAATAGTGCGGCTCTTT,0,4332041
yadI_predicted,0.16666666666666666,5,5,TAAGTGATCTCGTCTTAGCC,0,4363845
yadI_predicted,0.16666666666666666,5,5,TAACCAGACATAAAGTGCAT,0,4355850
yadI_predicted,0.16666666666666666,5,5,TAAATGGGTCCGGCCATTCA,0,4334208
yadI_predicted,0.16666666666666666,5,5,TAAATCTACATTTCTAACCA,0,4342493
yadI_predicted,0.16666666666666666,5,5,TAAATAAAAGAAAGCGTTTT,0,4306284
yadI_predicted,0.16666666666666666,5,5,TAAAGTGGCCACAGGTAGCA,0,4354270
yadI_predicted,0.16666666666666666,5,5,TAAAGCCGGGGCGGCGCCTG,0,4361501
yadI_predicted,0.16666666666666666,5,5,TAAAAGAGGACGCACCTACA,0,4288316
yadI_predicted,0.16666666666666666,5,5,TAAAACCAGACAGCCTCGAC,0,4344605
yadI_predicted,0.16666666666666666,5,5,TAAAAACTCCCTAATGGGAA,0,4318130
yadI_predicted,0.16666666666666666,5,5,TAAAAACAGAGCCCATCCCT,0,4351788
yadI_predicted,0.16666666666666666,5,5,GTTTTTATACGATGGCGAGG,0,4300765
yadI_predicted,0.16666666666666666,5,5,GTTTCGGTAGGGTGCAACGT,0,4289597
yadI_predicted,0.16666666666666666,5,5,GTTTCGCCAGCGTCGTGTTC,0,4336060
yadI_predicted,0.16666666666666666,5,5,GTTTCAGTGGGACTGATTTT,0,4333345
yadI_predicted,0.16666666666666666,5,5,GTTTACCTGGCAGGCACTGT,0,4342356
yadI_predicted,0.16666666666666666,5,5,GTTGGGGTAACAAAAATGCC,0,4364144
yadI_predicted,0.16666666666666666,5,5,GTTGGGCATCCGATCTATGG,0,4305405
yadI_predicted,0.16666666666666666,5,5,GTTGCCGGAATTTGCTGCAT,0,4289133
yadI_predicted,0.16666666666666666,5,5,GTTCTGGATCTTTCACCAGT,0,4321629
yadI_predicted,0.16666666666666666,5,5,GTTCTCTAGCTTGCTGTAAA,0,4284667
yadI_predicted,0.16666666666666666,5,5,GTTCTCGGCACCGCTAACAA,0,4286655
yadI_predicted,0.16666666666666666,5,5,GTTCTACGCGCGTAGAACAG,0,4288652
yadI_predicted,0.16666666666666666,5,5,GTTCGGTTTACGGTGGGCCA,0,4368773
yadI_predicted,0.16666666666666666,5,5,GTTCCGTCTGTTATGGGGGA,0,4330868
yadI_predicted,0.16666666666666666,5,5,GTTCAAGCCGTCCGTAAGTA,0,4364406
yadI_predicted,0.16666666666666666,5,5,GTTATCCTGTAAACGGTATA,0,4314901
yadI_predicted,0.16666666666666666,5,5,GTTATAACGGATTGGTCGCT,0,4322658
yadI_predicted,0.16666666666666666,5,5,GTTAGGTTCAATAAAAGTTG,0,4366429
yadI_predicted,0.16666666666666666,5,5,GTTAGATAGTCCTAGTGGTC,0,4318567
yadI_predicted,0.16666666666666666,5,5,GTTACCGTAGTTTTATAATA,0,4323755
yadI_predicted,0.16666666666666666,5,5,GTTAATTGATAATGATCAGG,0,4312740
yadI_predicted,0.16666666666666666,5,5,GTGTTGTGATCCGAGTACTA,0,4338468
yadI_predicted,0.16666666666666666,5,5,GTGTGTCTCGAACACGCACA,0,4315348
yadI_predicted,0.16666666666666666,5,5,GTGTCCTGGCGAGCGTAGCA,0,4303922
yadI_predicted,0.16666666666666666,5,5,GTGTCAAGTCTCAGTCCCAC,0,4302393
yadI_predicted,0.16666666666666666,5,5,GTGTATCAGGCTCAGGAGGG,0,4348542
yadI_predicted,0.16666666666666666,5,5,GTGGGTCTGGATAGAGCCTG,0,4340574
yadI_predicted,0.16666666666666666,5,5,GTGGGGTCGGGCACTTTCCC,0,4365183
yadI_predicted,0.16666666666666666,5,5,GTGGGAAACCCTCAAAACCT,0,4351263
yadI_predicted,0.16666666666666666,5,5,GTGGATTTAGATTCTGGTAA,0,4320045
yadI_predicted,0.16666666666666666,5,5,GTGCTCAGGCTTGCAACATA,0,4352370
yadI_predicted,0.16666666666666666,5,5,GTGCGCGAAAGCATGATGAA,0,4313244
yadI_predicted,0.16666666666666666,5,5,GTGCCAAGGCCTCAAAAAAT,0,4338083
yadI_predicted,0.16666666666666666,5,5,GTGCAAGTAAGCGACCGTAT,0,4296476
yadI_predicted,0.16666666666666666,5,5,GTGAGTGGGGTGTTTGGGAA,0,4340250
yadI_predicted,0.16666666666666666,5,5,GTGAGGGGGTGCTCTGCCAT,0,4303244
yadI_predicted,0.16666666666666666,5,5,GTGAGCAATAAGAATTGCGA,0,4333662
yadI_predicted,0.16666666666666666,5,5,GTGACCGTTTAAATACATTG,0,4334323
yadI_predicted,0.16666666666666666,5,5,GTGACCATGCATCGCGGGCG,0,4358976
yadI_predicted,0.16666666666666666,5,5,GTCTGGCTGATTTCTATTTT,0,4287072
yadI_predicted,0.16666666666666666,5,5,GTCTGCTAGGCAGACGGGCG,0,4285373
yadI_predicted,0.16666666666666666,5,5,GTCTCTCTTAAGTGTAGAGC,0,4341899
yadI_predicted,0.16666666666666666,5,5,GTCTCGTCCCGACAACACCA,0,4315317
yadI_predicted,0.16666666666666666,5,5,GTCTCACCCACTATTGAACA,0,4342256
yadI_predicted,0.16666666666666666,5,5,GTCGTTACGCTACCCGCTTA,0,4308145
yadI_predicted,0.16666666666666666,5,5,GTCGTGATAGGAGGGGGCTG,0,4340477
yadI_predicted,0.16666666666666666,5,5,GTCGTCCGAGTGTAGTCAAG,0,4297705
yadI_predicted,0.16666666666666666,5,5,GTCGGGCGTCCGGCCTCTGA,0,4342612
yadI_predicted,0.16666666666666666,5,5,GTCGGCGTGCAGGGCGGCTT,0,4300577
yadI_predicted,0.16666666666666666,5,5,GTCGGCGTATCACCGTCACT,0,4298970
yadI_predicted,0.16666666666666666,5,5,GTCCGGTCATAATAATTCTG,0,4321541
yadI_predicted,0.16666666666666666,5,5,GTCCGGAGAGTGTCTCCCGT,0,4355523
yadI_predicted,0.16666666666666666,5,5,GTCCAGCCGAGACGCTTGCT,0,4306623
yadI_predicted,0.16666666666666666,5,5,GTCCACGCTTTATTGACGAC,0,4327951
yadI_predicted,0.16666666666666666,5,5,GTCAGTGGCCGTGGATAGCG,0,4359236
yadI_predicted,0.16666666666666666,5,5,GTCAGATATTTACTGTTTAT,0,4368490
yadI_predicted,0.16666666666666666,5,5,GTCACACACGTTCTCCACTA,0,4338985
yadI_predicted,0.16666666666666666,5,5,GTCAAAGCCTGTTGATAGTA,0,4297227
yadI_predicted,0.16666666666666666,5,5,GTATTTCCTCTAAGTTCATG,0,4286721
yadI_predicted,0.16666666666666666,5,5,GTATTGCACAGGGAAAGTAC,0,4298750
yadI_predicted,0.16666666666666666,5,5,GTATGCGATGGTCAATCGTC,0,4354278
yadI_predicted,0.16666666666666666,5,5,GTATGATAGCAATCTCTTGA,0,4313246
yadI_predicted,0.16666666666666666,5,5,GTATCTTGTACGCGAATTCG,0,4285014
yadI_predicted,0.16666666666666666,5,5,GTATCGAAGTGTCGATGGCC,0,4320633
yadI_predicted,0.16666666666666666,5,5,GTATATTCGGCTTGCCATGC,0,4362807
yadI_predicted,0.16666666666666666,5,5,GTATAACCTGATGCCTAGGA,0,4291015
yadI_predicted,0.16666666666666666,5,5,GTAGTTCCGGCACGGCCAAT,0,4342353
yadI_predicted,0.16666666666666666,5,5,GTAGTGGATGGCTTAAGCAA,0,4318121
yadI_predicted,0.16666666666666666,5,5,GTAGGTGGTTGTGATCGCTG,0,4361473
yadI_predicted,0.16666666666666666,5,5,GTAGGTAAAGTATTTATGGA,0,4358083
yadI_predicted,0.16666666666666666,5,5,GTAGGCAATTAAAGGCTCGC,0,4334029
yadI_predicted,0.16666666666666666,5,5,GTACTCGCCGTGTCTGCCAA,0,4317249
yadI_predicted,0.16666666666666666,5,5,GTACTATCTGGCGTTCTACT,0,4354078
yadI_predicted,0.16666666666666666,5,5,GTACGTTGCCAATCACGGCC,0,4361313
yadI_predicted,0.16666666666666666,5,5,GTACGTCAGTTACGTCTTAT,0,4285197
yadI_predicted,0.16666666666666666,5,5,GTACGACCCCTCCCGAAGGG,0,4330380
yadI_predicted,0.16666666666666666,5,5,GTACCTTTTCAGAGCGCTTC,0,4359884
yadI_predicted,0.16666666666666666,5,5,GTACCCACAGGAGCCGATAA,0,4287790
yadI_predicted,0.16666666666666666,5,5,GTACCATTACCTACGTGTTC,0,4351054
yadI_predicted,0.16666666666666666,5,5,GTACCATCGAGATATGCGGG,0,4316725
yadI_predicted,0.16666666666666666,5,5,GTACCATCCTGCTCAAGCAT,0,4297406
yadI_predicted,0.16666666666666666,5,5,GTACAGTCCTGACGGTAGAC,0,4306082
yadI_predicted,0.16666666666666666,5,5,GTACAGGACCTCCTCGGTAG,0,4314347
yadI_predicted,0.16666666666666666,5,5,GTACACTCCACGTAACGACT,0,4315031
yadI_predicted,0.16666666666666666,5,5,GTACACGTAGAAAGATCAAT,0,4311245
yadI_predicted,0.16666666666666666,5,5,GTAAATATTTGATGTAACCG,0,4288224
yadI_predicted,0.16666666666666666,5,5,GTAAATATTGTTTTGGAATA,0,4367088
yadI_predicted,0.16666666666666666,5,5,GTAAAACGAGTTCATGAACT,0,4327398
yadI_predicted,0.16666666666666666,5,5,GGTTTTCACCGCGCGGGTAT,0,4335554
yadI_predicted,0.16666666666666666,5,5,GGTTTAACGTGGCTATATGA,0,4287896
yadI_predicted,0.16666666666666666,5,5,GGTTTAAAGCTCTAAGCCCA,0,4351191
yadI_predicted,0.16666666666666666,5,5,GGTTGGCAACTCAGTGACCC,0,4352183
yadI_predicted,0.16666666666666666,5,5,GGTTGATGCGGGATGCGCCT,0,4369930
yadI_predicted,0.16666666666666666,5,5,GGTTCTTTTGCTAAGGTGCC,0,4305701
yadI_predicted,0.16666666666666666,5,5,GGTTCGAGCTTCCCCTTTTC,0,4322943
yadI_predicted,0.16666666666666666,5,5,GGTTCCGTCCCTACATAACG,0,4335140
yadI_predicted,0.16666666666666666,5,5,GGTTCCAGGGCTAAAGATGT,0,4363515
yadI_predicted,0.16666666666666666,5,5,GGTTCACGCCTGTATCTAAA,0,4360316
yadI_predicted,0.16666666666666666,5,5,GGTGTACGGGTCTCGGCTCA,0,4295755
yadI_predicted,0.16666666666666666,5,5,GGTGTAAAAACTTGTCCCTA,0,4290049
yadI_predicted,0.16666666666666666,5,5,GGTGGATTAACTCTCGTCAT,0,4336378
yadI_predicted,0.16666666666666666,5,5,GGTGCTATCAGCAATCCTAA,0,4336557
yadI_predicted,0.16666666666666666,5,5,GGTCTGCTCTGATTTTTATT,0,4291307
yadI_predicted,0.16666666666666666,5,5,GGTCGGAAACTTCGTACCAC,0,4328422
yadI_predicted,0.16666666666666666,5,5,GGTCGATAGTGAGGTGTTGT,0,4334001
yadI_predicted,0.16666666666666666,5,5,GGTCCTCCGCAAGACATACA,0,4351404
yadI_predicted,0.16666666666666666,5,5,GGTATCCTACTTACAGCCTG,0,4359664
yadI_predicted,0.16666666666666666,5,5,GGTACTGGGGCACGCCAAGT,0,4361464
yadI_predicted,0.16666666666666666,5,5,GGTACGTGTCCATGTTTCAG,0,4341515
yadI_predicted,0.16666666666666666,5,5,GGTACACTGCGCGGGTCTTT,0,4355938
yadI_predicted,0.16666666666666666,5,5,GGTAAGCGTTTAGCCGCCAC,0,4289397
yadI_predicted,0.16666666666666666,5,5,GGTAAACGCACACACCCTGC,0,4339436
yadI_predicted,0.16666666666666666,5,5,GGGTTTATAAGAGCCGCATC,0,4307319
yadI_predicted,0.16666666666666666,5,5,GGGTTGAGATAAGCGGGTAA,0,4344041
yadI_predicted,0.16666666666666666,5,5,GGGTCTACAGAGGTTAGTCA,0,4314455
yadI_predicted,0.16666666666666666,5,5,GGGTCAGCCGAGTTCAGTAA,0,4338715
yadI_predicted,0.16666666666666666,5,5,GGGTCAGAATATAATGTAGT,0,4363909
yadI_predicted,0.16666666666666666,5,5,GGGTATCCCCATAGCTTGCC,0,4301657
yadI_predicted,0.16666666666666666,5,5,GGGGGCGACGAGGGAACCTC,0,4285658
yadI_predicted,0.16666666666666666,5,5,GGGGCTGTGTAAACCTAGAT,0,4339759
yadI_predicted,0.16666666666666666,5,5,GGGGCGTGGGGGTCTCAAGC,0,4305201
yadI_predicted,0.16666666666666666,5,5,GGGGCCTATCTGATTATACA,0,4291888
yadI_predicted,0.16666666666666666,5,5,GGGGCATAATAAAAGCCCCC,0,4337611
yadI_predicted,0.16666666666666666,5,5,GGGGAGTAACACATCCTGTT,0,4286983
yadI_predicted,0.16666666666666666,5,5,GGGCTGGAAGGGGTATCGAT,0,4304748
yadI_predicted,0.16666666666666666,5,5,GGGCTCAGCGGGTTGTGGAA,0,4327730
yadI_predicted,0.16666666666666666,5,5,GGGCTAGGAGTGTTACAATA,0,4361572
yadI_predicted,0.16666666666666666,5,5,GGGCCTGAACTGGTAGGCGT,0,4322434
yadI_predicted,0.16666666666666666,5,5,GGGCCTATGCGCGTACGAAA,0,4320871
yadI_predicted,0.16666666666666666,5,5,GGGCAAATTGCACCACCATT,0,4319155
yadI_predicted,0.16666666666666666,5,5,GGGATTAGGCCTACTGGCAG,0,4331152
yadI_predicted,0.16666666666666666,5,5,GGGATGGCATCCCCGGGGGT,0,4302301
yadI_predicted,0.16666666666666666,5,5,GGGATGGACTGGTGAGGGGT,0,4311266
yadI_predicted,0.16666666666666666,5,5,GGGACTGATCCTTAGACCAT,0,4313875
yadI_predicted,0.16666666666666666,5,5,GGGACCTGAAGAAAGTAACA,0,4318867
yadI_predicted,0.16666666666666666,5,5,GGGAATTACACCCGGTAAGG,0,4290694
yadI_predicted,0.16666666666666666,5,5,GGCTGGTGGTATACAGTATG,0,4365881
yadI_predicted,0.16666666666666666,5,5,GGCTGGCATTTCCGTCGCAA,0,4324347
yadI_predicted,0.16666666666666666,5,5,GGCTCTGAATCTTCGCACTG,0,4354865
yadI_predicted,0.16666666666666666,5,5,GGCTAAAGGGGCCATACCAG,0,4320066
yadI_predicted,0.16666666666666666,5,5,GGCGTCATCTAGATTTATGA,0,4315801
yadI_predicted,0.16666666666666666,5,5,GGCGCGTTTCGCGATCCTTT,0,4351142
yadI_predicted,0.16666666666666666,5,5,GGCGCGGCCGCGCCACAAGA,0,4349574
yadI_predicted,0.16666666666666666,5,5,GGCGCAAGGTAAGGCGGTCT,0,4331161
yadI_predicted,0.16666666666666666,5,5,GGCGAGTTCTGTAATGCTGA,0,4296953
yadI_predicted,0.16666666666666666,5,5,GGCGACTGAACCGTCCGAGA,0,4348482
yadI_predicted,0.16666666666666666,5,5,GGCCGTGTACAAGTATGTAC,0,4336596
yadI_predicted,0.16666666666666666,5,5,GGCCGAGGAAGTTGTACGTA,0,4320370
yadI_predicted,0.16666666666666666,5,5,GGCCCGGTTATCGTCACATA,0,4317155
yadI_predicted,0.16666666666666666,5,5,GGCCCAAGCGGCTTGCCAGT,0,4301252
yadI_predicted,0.16666666666666666,5,5,GGCCATTCGCGCTTGTCTTG,0,4313295
yadI_predicted,0.16666666666666666,5,5,GGCCAGTTGCTCGCGAGAAA,0,4285917
yadI_predicted,0.16666666666666666,5,5,GGCAGCGTGTGACTTGATAC,0,4345144
yadI_predicted,0.16666666666666666,5,5,GGCACTTGCCCCCAATATAT,0,4285592
yadI_predicted,0.16666666666666666,5,5,GGCACTGGGTTCGGACTCGT,0,4290383
yadI_predicted,0.16666666666666666,5,5,GGATGGAGCTTCCAGCCGAT,0,4333364
yadI_predicted,0.16666666666666666,5,5,GGATGGAACATTGAGCTAGC,0,4305827
yadI_predicted,0.16666666666666666,5,5,GGATCTCTTTTGGAGATTCG,0,4359438
yadI_predicted,0.16666666666666666,5,5,GGATCCTTTCCCTGGTAGGT,0,4297480
yadI_predicted,0.16666666666666666,5,5,GGATCAAATTAAAAGGACGG,0,4303195
yadI_predicted,0.16666666666666666,5,5,GGATATCGAATTGTGTCAGT,0,4286862
yadI_predicted,0.16666666666666666,5,5,GGATACTTACAGGCCCAGTT,0,4324822
yadI_predicted,0.16666666666666666,5,5,GGAGTGCGTTCGAACCGCTC,0,4324407
yadI_predicted,0.16666666666666666,5,5,GGAGTGCGGGGTTTCTGAAG,0,4351372
yadI_predicted,0.16666666666666666,5,5,GGAGGAATTGTCATAAATGG,0,4337898
yadI_predicted,0.16666666666666666,5,5,GGAGCTTTTTATTGTCTCTG,0,4294854
yadI_predicted,0.16666666666666666,5,5,GGAGCGAGTCACACGTCAAA,0,4367611
yadI_predicted,0.16666666666666666,5,5,GGACTCTACACTTGCTAGAA,0,4341025
yadI_predicted,0.16666666666666666,5,5,GGACGTCCAGGACGGATAGT,0,4366989
yadI_predicted,0.16666666666666666,5,5,GGACGCTCAAAGCGCTTGGT,0,4353098
yadI_predicted,0.16666666666666666,5,5,GGACCATACATCTATGTGGT,0,4342864
yadI_predicted,0.16666666666666666,5,5,GGACAAACATATGTCGGCAG,0,4297338
yadI_predicted,0.16666666666666666,5,5,GGAATGCATTACCCTATGTC,0,4293132
yadI_predicted,0.16666666666666666,5,5,GGAATCGCCTTTGGTCTTGC,0,4308003
yadI_predicted,0.16666666666666666,5,5,GGAATATAACAACGCCTTAG,0,4289487
yadI_predicted,0.16666666666666666,5,5,GGAAGAGCCTAAACTTGGCG,0,4285761
yadI_predicted,0.16666666666666666,5,5,GGAAAGATAGATTATTTCCA,0,4335115
yadI_predicted,0.16666666666666666,5,5,GCTTTGTGGCCGACCGGATA,0,4307954
yadI_predicted,0.16666666666666666,5,5,GCTTTCGCCTGAATTGTCTA,0,4300858
yadI_predicted,0.16666666666666666,5,5,GCTTTCGATTATGGCTTAAG,0,4298735
yadI_predicted,0.16666666666666666,5,5,GCTTGTATTCCAGGCGCGAA,0,4317545
yadI_predicted,0.16666666666666666,5,5,GCTTGGTGAAACCGGAGGAC,0,4329053
yadI_predicted,0.16666666666666666,5,5,GCTTGCATCAATGCCTCGTA,0,4284814
yadI_predicted,0.16666666666666666,5,5,GCTTCCGGACTGTTTGATCC,0,4289580
yadI_predicted,0.16666666666666666,5,5,GCTTAACTTGACTACGCAGA,0,4286293
yadI_predicted,0.16666666666666666,5,5,GCTGTTCGGTCGTGGTGCTG,0,4367208
yadI_predicted,0.16666666666666666,5,5,GCTGTCGTAATGGTTCGGAT,0,4361547
yadI_predicted,0.16666666666666666,5,5,GCTGTAAGTCGTAAGGCTTA,0,4312884
yadI_predicted,0.16666666666666666,5,5,GCTGGTCCGTATGCTCCATT,0,4362680
yadI_predicted,0.16666666666666666,5,5,GCTGGGTGGCGACAATGTCA,0,4289119
yadI_predicted,0.16666666666666666,5,5,GCTGGACGCACCTGCGGTTC,0,4321228
yadI_predicted,0.16666666666666666,5,5,GCTGATTTACGAACAATACA,0,4369607
yadI_predicted,0.16666666666666666,5,5,GCTGAACGCTCTGTCTTTTG,0,4368877
yadI_predicted,0.16666666666666666,5,5,GCTCTGTTTGACTCGATCAA,0,4332393
yadI_predicted,0.16666666666666666,5,5,GCTCTGGAACTCGGCTTACA,0,4295276
yadI_predicted,0.16666666666666666,5,5,GCTCTAGACGGGGCTGGCCC,0,4346719
yadI_predicted,0.16666666666666666,5,5,GCTCGTGGTTAGGGCTGCGT,0,4362638
yadI_predicted,0.16666666666666666,5,5,GCTCGGTCTGCGCGGGGCTT,0,4323330
yadI_predicted,0.16666666666666666,5,5,GCTCATCCCCTTACCAGGAT,0,4323811
yadI_predicted,0.16666666666666666,5,5,GCTCATAAAATAAACAATAG,0,4357734
yadI_predicted,0.16666666666666666,5,5,GCTCAGTGAGGTTGGTCTTG,0,4296640
yadI_predicted,0.16666666666666666,5,5,GCTCAGCGAATAGGGATCGC,0,4353652
yadI_predicted,0.16666666666666666,5,5,GCTACCCTGCGCCCCTAGTA,0,4311445
yadI_predicted,0.16666666666666666,5,5,GCTACCATCAGTAAGTTCAG,0,4351427
yadI_predicted,0.16666666666666666,5,5,GCTAATGTCTTTGGGATTCT,0,4310727
yadI_predicted,0.16666666666666666,5,5,GCGTTGACATTGCCCTTCGA,0,4350608
yadI_predicted,0.16666666666666666,5,5,GCGTGTATAGAAGGAGCTTA,0,4284319
yadI_predicted,0.16666666666666666,5,5,GCGGTGGGGATACAAAATAA,0,4298635
yadI_predicted,0.16666666666666666,5,5,GCGGGTGAAAATCCGTCCTG,0,4312039
yadI_predicted,0.16666666666666666,5,5,GCGGGCTGGGTCAGCTCTCG,0,4330621
yadI_predicted,0.16666666666666666,5,5,GCGGCTTGCTTCAGGCCTGT,0,4328458
yadI_predicted,0.16666666666666666,5,5,GCGGCACTTCAATCGCTCGT,0,4360034
yadI_predicted,0.16666666666666666,5,5,GCGGAGAAGTCAGGGTTAAG,0,4342819
yadI_predicted,0.16666666666666666,5,5,GCGCCTGCTGAGGGTGGGAT,0,4358733
yadI_predicted,0.16666666666666666,5,5,GCGCCATCTCAGGACGTGCC,0,4286529
yadI_predicted,0.16666666666666666,5,5,GCGATTGTGTGCGCCTGGGC,0,4321385
yadI_predicted,0.16666666666666666,5,5,GCGATTCTATGATAAATCCT,0,4329220
yadI_predicted,0.16666666666666666,5,5,GCGATATCGTAGTCTCCTTT,0,4313609
yadI_predicted,0.16666666666666666,5,5,GCGATACCACTACACAAAGG,0,4298203
yadI_predicted,0.16666666666666666,5,5,GCGAGCAGGAACCAAAGGCG,0,4300199
yadI_predicted,0.16666666666666666,5,5,GCGACTCCAGGTCTATCTGC,0,4318415
yadI_predicted,0.16666666666666666,5,5,GCGAACGTACTTGACCTTAC,0,4327418
yadI_predicted,0.16666666666666666,5,5,GCGAAAGGGGTTGTATCTTA,0,4365266
yadI_predicted,0.16666666666666666,5,5,GCCTGGAAGTCTATAGTTTT,0,4318572
yadI_predicted,0.16666666666666666,5,5,GCCTGCCGACTACAAGGTCG,0,4284955
yadI_predicted,0.16666666666666666,5,5,GCCTAGAGGCAGGCGTTTCA,0,4293883
yadI_predicted,0.16666666666666666,5,5,GCCTACGACTACACTTGCAT,0,4339933
yadI_predicted,0.16666666666666666,5,5,GCCGTAGCCAACGCTTTGAC,0,4314109
yadI_predicted,0.16666666666666666,5,5,GCCGGCTGAATGTGCCGATT,0,4314485
yadI_predicted,0.16666666666666666,5,5,GCCGGAAGTTCGCGGACAGA,0,4332494
yadI_predicted,0.16666666666666666,5,5,GCCGCCGTTTCCGATGTTCC,0,4354153
yadI_predicted,0.16666666666666666,5,5,GCCGCACTCGCGATGCACTT,0,4301764
yadI_predicted,0.16666666666666666,5,5,GCCCTGCAGCGTGTAATTTC,0,4298306
yadI_predicted,0.16666666666666666,5,5,GCCCTCCTACAGTCATTCCT,0,4284296
yadI_predicted,0.16666666666666666,5,5,GCCCGGCGCGGCTGTGGTCT,0,4365897
yadI_predicted,0.16666666666666666,5,5,GCCCCCGCCCATGCTAATTA,0,4287592
yadI_predicted,0.16666666666666666,5,5,GCCCCAGTGTTATTTTATTA,0,4335564
yadI_predicted,0.16666666666666666,5,5,GCCCATCCCCACACCAGGCA,0,4325555
yadI_predicted,0.16666666666666666,5,5,GCCCATAGGCTAATATGACA,0,4341341
yadI_predicted,0.16666666666666666,5,5,GCCATGCTTTTGGGATGCGG,0,4350085
yadI_predicted,0.16666666666666666,5,5,GCCAGGTGAGGGGCTATGAG,0,4285911
yadI_predicted,0.16666666666666666,5,5,GCCACACTGATGTTGCTAAG,0,4296075
yadI_predicted,0.16666666666666666,5,5,GCCAACTGGAGCCGAAATCA,0,4339709
yadI_predicted,0.16666666666666666,5,5,GCATTTGTCGAACTACCTAG,0,4287252
yadI_predicted,0.16666666666666666,5,5,GCATGTTAAGGTTAGAACTT,0,4299721
yadI_predicted,0.16666666666666666,5,5,GCATGTAGGTATGTGAAGCT,0,4317568
yadI_predicted,0.16666666666666666,5,5,GCATGGGTCCTGAACGTGAG,0,4288328
yadI_predicted,0.16666666666666666,5,5,GCATGAGTCGATCACTGATG,0,4284122
yadI_predicted,0.16666666666666666,5,5,GCATCGAGTGGGTCAAGGTC,0,4362939
yadI_predicted,0.16666666666666666,5,5,GCATATGAACACACGCACCT,0,4285960
yadI_predicted,0.16666666666666666,5,5,GCAGTGGATGCATACTAGCA,0,4364416
yadI_predicted,0.16666666666666666,5,5,GCAGCGCACGGTCTGTAAGA,0,4345526
yadI_predicted,0.16666666666666666,5,5,GCACTATCTGCGGTTACACC,0,4314663
yadI_predicted,0.16666666666666666,5,5,GCACTAGGGTCTGCTCTTCC,0,4289188
yadI_predicted,0.16666666666666666,5,5,GCACGGCTTACTGCGCGTTT,0,4330453
yadI_predicted,0.16666666666666666,5,5,GCACCCTCTAGGCGAGGGTC,0,4310981
yadI_predicted,0.16666666666666666,5,5,GCACCCGCAAAGGGCTGGAG,0,4353258
yadI_predicted,0.16666666666666666,5,5,GCACAGATTTTGGATTATAG,0,4353585
yadI_predicted,0.16666666666666666,5,5,GCAAGTACATCAGCCTTGTG,0,4367832
yadI_predicted,0.16666666666666666,5,5,GCAAGCAATTGGCGCCAATA,0,4362488
yadI_predicted,0.16666666666666666,5,5,GCAACTTGCTTGATGTGTCC,0,4300957
yadI_predicted,0.16666666666666666,5,5,GCAACAAAAACGCGAAATTG,0,4341525
yadI_predicted,0.16666666666666666,5,5,GCAAATTCCGGCATGGGAAA,0,4369354
yadI_predicted,0.16666666666666666,5,5,GCAAATTATCGGTTCTCATA,0,4295922
yadI_predicted,0.16666666666666666,5,5,GCAAACACCATCGTTTGCCA,0,4308892
yadI_predicted,0.16666666666666666,5,5,GATTTCATTGCACCCTGGTT,0,4325638
yadI_predicted,0.16666666666666666,5,5,GATTTCATAATCACACTTAT,0,4362712
yadI_predicted,0.16666666666666666,5,5,GATTGTTAAAACAAAAAGAT,0,4313856
yadI_predicted,0.16666666666666666,5,5,GATTGTACGAGTGGGTGTTT,0,4357953
yadI_predicted,0.16666666666666666,5,5,GATTGACTTCCCGCAGAGCC,0,4332447
yadI_predicted,0.16666666666666666,5,5,GATTCTGAGTTACTATACCA,0,4324622
yadI_predicted,0.16666666666666666,5,5,GATTCTGAGGGCTAGGTAAG,0,4332231
yadI_predicted,0.16666666666666666,5,5,GATTCACTTGACGCGGGTCA,0,4284530
yadI_predicted,0.16666666666666666,5,5,GATGGAGTTCTGTGGTACTC,0,4334040
yadI_predicted,0.16666666666666666,5,5,GATGCACGGAGTACGATTCG,0,4306873
yadI_predicted,0.16666666666666666,5,5,GATGCAAGATCGGCAACCAT,0,4313284
yadI_predicted,0.16666666666666666,5,5,GATGAAACCAACGAGTATTA,0,4291707
yadI_predicted,0.16666666666666666,5,5,GATCTATGCTACACTGTACA,0,4349474
yadI_predicted,0.16666666666666666,5,5,GATCTAAAATAACGAGGTTG,0,4307552
yadI_predicted,0.16666666666666666,5,5,GATCGGATAGGCACGTTATC,0,4286244
yadI_predicted,0.16666666666666666,5,5,GATCCATGGAAGAGGAGATC,0,4368882
yadI_predicted,0.16666666666666666,5,5,GATCCACGCCATAACAAATA,0,4353884
yadI_predicted,0.16666666666666666,5,5,GATCCACCAACCCCGGGTTT,0,4369453
yadI_predicted,0.16666666666666666,5,5,GATCATCGCAATCACTGGCT,0,4314434
yadI_predicted,0.16666666666666666,5,5,GATATTGTCCAACCCCGACT,0,4330490
yadI_predicted,0.16666666666666666,5,5,GATAGTGAGCACTACCCACC,0,4311731
yadI_predicted,0.16666666666666666,5,5,GATACCTGCGCGTGATTCAG,0,4337184
yadI_predicted,0.16666666666666666,5,5,GATAATAATAAATATGCGTA,0,4311422
yadI_predicted,0.16666666666666666,5,5,GAGTTGTTGCAACATACAGC,0,4291863
yadI_predicted,0.16666666666666666,5,5,GAGTGGCGTCCTTGTAACGC,0,4338211
yadI_predicted,0.16666666666666666,5,5,GAGTGCATTCGGAGTGCGCT,0,4312693
yadI_predicted,0.16666666666666666,5,5,GAGTCAAGCTTGACGGTTTG,0,4314189
yadI_predicted,0.16666666666666666,5,5,GAGTATAACCTCCTAGTCTC,0,4315504
yadI_predicted,0.16666666666666666,5,5,GAGTAGCTGTAGAACTTACT,0,4366094
yadI_predicted,0.16666666666666666,5,5,GAGTACAGCGCGATCGTTGA,0,4304693
yadI_predicted,0.16666666666666666,5,5,GAGGTAGGTAACCGATCATG,0,4289668
yadI_predicted,0.16666666666666666,5,5,GAGGGTTTCGAGTTGAAAAG,0,4354785
yadI_predicted,0.16666666666666666,5,5,GAGGGGTCATCATGAGGGCG,0,4365556
yadI_predicted,0.16666666666666666,5,5,GAGGGGTAGCGACTCGGTTA,0,4311058
yadI_predicted,0.16666666666666666,5,5,GAGGGCGAAAGGCATAAAGG,0,4337003
yadI_predicted,0.16666666666666666,5,5,GAGGGATTGGTGACTACCGT,0,4328054
yadI_predicted,0.16666666666666666,5,5,GAGGACAGCAGAGTACCCTT,0,4358404
yadI_predicted,0.16666666666666666,5,5,GAGCTCATCGCTGCACCTCC,0,4355324
yadI_predicted,0.16666666666666666,5,5,GAGCTCAAGCGCCCGTTGTT,0,4323897
yadI_predicted,0.16666666666666666,5,5,GAGCGGACTCCGGGTGCCTC,0,4340352
yadI_predicted,0.16666666666666666,5,5,GAGCCCCGGTTGTCTTTCAC,0,4359104
yadI_predicted,0.16666666666666666,5,5,GAGCAGTTAACGACGACGAT,0,4367689
yadI_predicted,0.16666666666666666,5,5,GAGCAACGCTCCGACCGGAC,0,4353640
yadI_predicted,0.16666666666666666,5,5,GAGAGTTAGGAATGACGCGT,0,4300460
yadI_predicted,0.16666666666666666,5,5,GAGAGGCCGGGAGCTACTAC,0,4309871
yadI_predicted,0.16666666666666666,5,5,GAGAGATCGCCATCCCTTAA,0,4340111
yadI_predicted,0.16666666666666666,5,5,GAGAAGTATCGGGTCAGCCC,0,4305512
yadI_predicted,0.16666666666666666,5,5,GACTTTTCTGGCCAGCACCA,0,4356713
yadI_predicted,0.16666666666666666,5,5,GACTGGGTAGAAAATATCGG,0,4287948
yadI_predicted,0.16666666666666666,5,5,GACTCTCACCCCGAAAGCCA,0,4297836
yadI_predicted,0.16666666666666666,5,5,GACTCGGCTGATGGCCAGAA,0,4359453
yadI_predicted,0.16666666666666666,5,5,GACTCCGCTGCGCATTCGTT,0,4345674
yadI_predicted,0.16666666666666666,5,5,GACGTTTGTGACGTCGCAGC,0,4302792
yadI_predicted,0.16666666666666666,5,5,GACGTTCGGTAGAAAATCCC,0,4289129
yadI_predicted,0.16666666666666666,5,5,GACGTTACTAAGTAGCGCTT,0,4366516
yadI_predicted,0.16666666666666666,5,5,GACGGGGAGCGGGTCGCACA,0,4299276
yadI_predicted,0.16666666666666666,5,5,GACGGCGTACCCAACGCACC,0,4328472
yadI_predicted,0.16666666666666666,5,5,GACGCTACGTCCCCTCTAAC,0,4291758
yadI_predicted,0.16666666666666666,5,5,GACGCCGCGGCTTTAATGTT,0,4333499
yadI_predicted,0.16666666666666666,5,5,GACCGTCAGGGCGTCAGTTG,0,4311208
yadI_predicted,0.16666666666666666,5,5,GACCGGGCTGATTGGTAGAA,0,4322716
yadI_predicted,0.16666666666666666,5,5,GACCGCGATTGATGCCGGAG,0,4338526
yadI_predicted,0.16666666666666666,5,5,GACCCAATAAAATTGATTTA,0,4332474
yadI_predicted,0.16666666666666666,5,5,GACCACGGTATTGGGAAGAG,0,4287802
yadI_predicted,0.16666666666666666,5,5,GACCACCGTCGCAGATTTAC,0,4311711
yadI_predicted,0.16666666666666666,5,5,GACAGTGTATAATTACATAC,0,4322612
yadI_predicted,0.16666666666666666,5,5,GACAAGTGGTTTAAGTTGAA,0,4338683
yadI_predicted,0.16666666666666666,5,5,GAATTGAAAGGGGCCGACAG,0,4356269
yadI_predicted,0.16666666666666666,5,5,GAATGTTGCAGTACTACTTA,0,4291390
yadI_predicted,0.16666666666666666,5,5,GAATCCGCTACTTTCCCCGA,0,4357866
yadI_predicted,0.16666666666666666,5,5,GAATACTAGAAAAGTCTGCT,0,4350753
yadI_predicted,0.16666666666666666,5,5,GAAGTTCCCATCGAAGGGTT,0,4302517
yadI_predicted,0.16666666666666666,5,5,GAAGGCTCGAGAGCACTTCA,0,4294013
yadI_predicted,0.16666666666666666,5,5,GAAGGCACCAGTTGTTGTTG,0,4302780
yadI_predicted,0.16666666666666666,5,5,GAAGGACGAAGTTGACTAAT,0,4304603
yadI_predicted,0.16666666666666666,5,5,GAAGCGAGGGATGAACGACA,0,4314364
yadI_predicted,0.16666666666666666,5,5,GAAGAAAGGCGTTATGAGTT,0,4352596
yadI_predicted,0.16666666666666666,5,5,GAACGTTTACGACCGTCTGG,0,4352805
yadI_predicted,0.16666666666666666,5,5,GAACGAACATAACATGATTC,0,4352237
yadI_predicted,0.16666666666666666,5,5,GAACCGACTGAGCCGTGCAG,0,4314617
yadI_predicted,0.16666666666666666,5,5,GAACCCGGTACCTTTGACGT,0,4324871
yadI_predicted,0.16666666666666666,5,5,GAAATTAAACTCAAATTCGG,0,4326479
yadI_predicted,0.16666666666666666,5,5,GAAAACTAAAACGCAGCTGG,0,4333621
yadI_predicted,0.16666666666666666,5,5,CTTTGTGCCAAGGGATCAGT,0,4351125
yadI_predicted,0.16666666666666666,5,5,CTTTGGCGCACACTATGCTC,0,4330901
yadI_predicted,0.16666666666666666,5,5,CTTTGATCGTGGACGCGACT,0,4342601
yadI_predicted,0.16666666666666666,5,5,CTTTGATCCGTACCGCATGT,0,4360590
yadI_predicted,0.16666666666666666,5,5,CTTTCTTATAGATGGACATC,0,4346462
yadI_predicted,0.16666666666666666,5,5,CTTTCCGCCAGGCATAGTTT,0,4320718
yadI_predicted,0.16666666666666666,5,5,CTTTCACACGCATTCTACGG,0,4305547
yadI_predicted,0.16666666666666666,5,5,CTTTAGAGATGTCCCTTAAG,0,4300088
yadI_predicted,0.16666666666666666,5,5,CTTTACGACGTGTTAAGCGG,0,4321530
yadI_predicted,0.16666666666666666,5,5,CTTGTGCTGATAGGGTGCTT,0,4368275
yadI_predicted,0.16666666666666666,5,5,CTTGGTACGTAATGTGAAGA,0,4325485
yadI_predicted,0.16666666666666666,5,5,CTTGCGCAGCCCCACCGAAC,0,4339540
yadI_predicted,0.16666666666666666,5,5,CTTGCCGGATTTTTCTGTCT,0,4364603
yadI_predicted,0.16666666666666666,5,5,CTTATTGTATGTTGTGGGAG,0,4360108
yadI_predicted,0.16666666666666666,5,5,CTTATACAGGTAGTAGTGGT,0,4312943
yadI_predicted,0.16666666666666666,5,5,CTTATAAGATTGAGTTCGTT,0,4333086
yadI_predicted,0.16666666666666666,5,5,CTTAGCTCGTGGTCGATTGG,0,4313605
yadI_predicted,0.16666666666666666,5,5,CTTAGAGAATCCAGGTCCTA,0,4293472
yadI_predicted,0.16666666666666666,5,5,CTTAATTCTAGATAAATAAG,0,4318338
yadI_predicted,0.16666666666666666,5,5,CTTAAGGACCCTGACGGCCA,0,4317327
yadI_predicted,0.16666666666666666,5,5,CTTAAGCGGATTTACATTAT,0,4344364
yadI_predicted,0.16666666666666666,5,5,CTGTTGATGGAAAGACATAT,0,4363850
yadI_predicted,0.16666666666666666,5,5,CTGTGCGTGCGGTTGGGGGG,0,4311046
yadI_predicted,0.16666666666666666,5,5,CTGTGATCGCTCCTCTGAAT,0,4284679
yadI_predicted,0.16666666666666666,5,5,CTGTGAGGCATTGTCAACAT,0,4324868
yadI_predicted,0.16666666666666666,5,5,CTGTGAATTGTAATGATGTT,0,4290790
yadI_predicted,0.16666666666666666,5,5,CTGTAATTGGCATCTGACCT,0,4324678
yadI_predicted,0.16666666666666666,5,5,CTGGTTCTGGGATAAAAAGC,0,4318221
yadI_predicted,0.16666666666666666,5,5,CTGGTCTGGGGAGAACCTCT,0,4358300
yadI_predicted,0.16666666666666666,5,5,CTGGTCCCCTTGCTCTGGCC,0,4337060
yadI_predicted,0.16666666666666666,5,5,CTGGTAGCGCTTGTTGCTAG,0,4359224
yadI_predicted,0.16666666666666666,5,5,CTGGTACCACACGTTTCGGC,0,4329254
yadI_predicted,0.16666666666666666,5,5,CTGGGTGCGTTTTCTTTCGG,0,4314553
yadI_predicted,0.16666666666666666,5,5,CTGGGTCCCCCGGTTTTGGT,0,4291109
yadI_predicted,0.16666666666666666,5,5,CTGGGCTGTCTGACGGGTCA,0,4333956
yadI_predicted,0.16666666666666666,5,5,CTGGGAAGGAAGTCGTCCTA,0,4329105
yadI_predicted,0.16666666666666666,5,5,CTGGACAGAGGCAATTCTGG,0,4352756
yadI_predicted,0.16666666666666666,5,5,CTGCTTCTTCTTACGCGACA,0,4352520
yadI_predicted,0.16666666666666666,5,5,CTGCGTACCCAGAGTCAAGT,0,4358897
yadI_predicted,0.16666666666666666,5,5,CTGCCTGAATAACTTAGTCA,0,4306901
yadI_predicted,0.16666666666666666,5,5,CTGCCTCAGCGCCTTGCATT,0,4360016
yadI_predicted,0.16666666666666666,5,5,CTGCAGCTGGTTCGTATTTT,0,4332839
yadI_predicted,0.16666666666666666,5,5,CTGAGAGATGTCGTGTTCGT,0,4355419
yadI_predicted,0.16666666666666666,5,5,CTGACATTAGGCCCCGCTTA,0,4347939
yadI_predicted,0.16666666666666666,5,5,CTGAAGGTGCCCGTGAACTC,0,4346407
yadI_predicted,0.16666666666666666,5,5,CTGAAATCGGACTATCCCCT,0,4289524
yadI_predicted,0.16666666666666666,5,5,CTCTCCCCGCGATAGTCTGG,0,4302256
yadI_predicted,0.16666666666666666,5,5,CTCTCACTATAAGTCTTTCT,0,4305325
yadI_predicted,0.16666666666666666,5,5,CTCTAGCAAGTGAGGTTTGC,0,4368878
yadI_predicted,0.16666666666666666,5,5,CTCGTGTATTACCCTTCAGT,0,4295213
yadI_predicted,0.16666666666666666,5,5,CTCGTAGTTTAAATCGGCTC,0,4305892
yadI_predicted,0.16666666666666666,5,5,CTCGGTAGATCATACAAGTC,0,4327005
yadI_predicted,0.16666666666666666,5,5,CTCGGGGTCGCCTTAATGGT,0,4328956
yadI_predicted,0.16666666666666666,5,5,CTCCTGGGTCACACGTCATA,0,4287222
yadI_predicted,0.16666666666666666,5,5,CTCCTGCTTCCGACACATGT,0,4290794
yadI_predicted,0.16666666666666666,5,5,CTCCGGGACATATGAGCTTC,0,4294207
yadI_predicted,0.16666666666666666,5,5,CTCCGACTGAGGCGACCCCC,0,4346084
yadI_predicted,0.16666666666666666,5,5,CTCCCGCGAGCTCGGAGGTT,0,4337813
yadI_predicted,0.16666666666666666,5,5,CTCATTTAAACCTACTGTCC,0,4369356
yadI_predicted,0.16666666666666666,5,5,CTCATGCGTCTTACCTATGA,0,4294181
yadI_predicted,0.16666666666666666,5,5,CTCAGGCTATGCTGCGTGGG,0,4327265
yadI_predicted,0.16666666666666666,5,5,CTCAGCTGCTGGGACCCGTA,0,4344164
yadI_predicted,0.16666666666666666,5,5,CTCAGACGGATACAAAAAAA,0,4328195
yadI_predicted,0.16666666666666666,5,5,CTCACGTTAAGGTACGCGTA,0,4343821
yadI_predicted,0.16666666666666666,5,5,CTCACGAGGGATACATTTGC,0,4320919
yadI_predicted,0.16666666666666666,5,5,CTCACACGTTCGAAAACGCA,0,4352620
yadI_predicted,0.16666666666666666,5,5,CTCAACTTTCATGAGCCGGG,0,4300807
yadI_predicted,0.16666666666666666,5,5,CTATTTCGTCTTCCGGGGTC,0,4369524
yadI_predicted,0.16666666666666666,5,5,CTATTGTGCCGACAGGCTTC,0,4339843
yadI_predicted,0.16666666666666666,5,5,CTATTCAGTGGCAGGTCGGG,0,4334899
yadI_predicted,0.16666666666666666,5,5,CTATTCAAATTGTCGGATTC,0,4338624
yadI_predicted,0.16666666666666666,5,5,CTATGTAGCGGATGACGACT,0,4290208
yadI_predicted,0.16666666666666666,5,5,CTATCTTGTATCGGACTGGT,0,4349521
yadI_predicted,0.16666666666666666,5,5,CTATCAACACCGTTTGTGAG,0,4287255
yadI_predicted,0.16666666666666666,5,5,CTATATACGTCACGACTTGG,0,4330231
yadI_predicted,0.16666666666666666,5,5,CTAGGGGCGTAGCGTAAGAT,0,4287242
yadI_predicted,0.16666666666666666,5,5,CTACTACGTAAACCCGCTAC,0,4348708
yadI_predicted,0.16666666666666666,5,5,CTACTAATGCGCTGCGTGTT,0,4348261
yadI_predicted,0.16666666666666666,5,5,CTACCGTTCTCTCCATTCAC,0,4345008
yadI_predicted,0.16666666666666666,5,5,CTAAGACTGTTGAAACCTTA,0,4320041
yadI_predicted,0.16666666666666666,5,5,CTAACTAGCCTGAGGGCGTA,0,4336456
yadI_predicted,0.16666666666666666,5,5,CTAAAGTTTCTAGATGTCCT,0,4307019
yadI_predicted,0.16666666666666666,5,5,CTAAAGACAAAAGACAGTAA,0,4289045
yadI_predicted,0.16666666666666666,5,5,CGTTTTGGTCGCCCAGCTTA,0,4349785
yadI_predicted,0.16666666666666666,5,5,CGTTTTGATGCGGCAGATCG,0,4342031
yadI_predicted,0.16666666666666666,5,5,CGTTTGCACGTCCCTCACTT,0,4290833
yadI_predicted,0.16666666666666666,5,5,CGTTGTGGGCTTGCTTGTGG,0,4336151
yadI_predicted,0.16666666666666666,5,5,CGTTGCTAGTCCGCAAAGGA,0,4363686
yadI_predicted,0.16666666666666666,5,5,CGTTGCCTAACAATTTATCT,0,4321294
yadI_predicted,0.16666666666666666,5,5,CGTTCCTGCACTAGCACCTG,0,4341133
yadI_predicted,0.16666666666666666,5,5,CGTTAGCTTTCCACAGGTGA,0,4315212
yadI_predicted,0.16666666666666666,5,5,CGTGTATAAAGCTCTGTAAC,0,4288593
yadI_predicted,0.16666666666666666,5,5,CGTGGGACTGCTTATAGCGT,0,4320994
yadI_predicted,0.16666666666666666,5,5,CGTGCCATCCCTGACCATGG,0,4301950
yadI_predicted,0.16666666666666666,5,5,CGTGACGGCCGTTGTGCACG,0,4287246
yadI_predicted,0.16666666666666666,5,5,CGTCTTCTCTTGGACGGGAC,0,4327130
yadI_predicted,0.16666666666666666,5,5,CGTCGGCGCGATCTTAAAAC,0,4331810
yadI_predicted,0.16666666666666666,5,5,CGTCCCCTTGGGCTCAGGCC,0,4302842
yadI_predicted,0.16666666666666666,5,5,CGTCCACTGACCGTCCTGAT,0,4330071
yadI_predicted,0.16666666666666666,5,5,CGTAGGAGTGTTCAGTGTGC,0,4295887
yadI_predicted,0.16666666666666666,5,5,CGTAGGAAAATTATCTGAAA,0,4303129
yadI_predicted,0.16666666666666666,5,5,CGTAGCAATTGTGTCTCTTA,0,4307918
yadI_predicted,0.16666666666666666,5,5,CGTAGACGGGTACTTTTAAG,0,4343797
yadI_predicted,0.16666666666666666,5,5,CGTACGGCTCACCGCTCCCG,0,4319480
yadI_predicted,0.16666666666666666,5,5,CGTACCAGGTCTCATCCAAC,0,4311116
yadI_predicted,0.16666666666666666,5,5,CGTAAGCGCTACCAATTATG,0,4313833
yadI_predicted,0.16666666666666666,5,5,CGTAAGAGAATGAATTAGTT,0,4316768
yadI_predicted,0.16666666666666666,5,5,CGGTTTGTCCGTATCCGCGT,0,4363417
yadI_predicted,0.16666666666666666,5,5,CGGTTTAGTGGGCCTGAGTT,0,4354664
yadI_predicted,0.16666666666666666,5,5,CGGTTGCTTTGATCTGTCTG,0,4333137
yadI_predicted,0.16666666666666666,5,5,CGGTTCTCACTCTCCCTGTA,0,4313572
yadI_predicted,0.16666666666666666,5,5,CGGTTCAGACACTATTGGTG,0,4361301
yadI_predicted,0.16666666666666666,5,5,CGGTTAATCAATACTCCATC,0,4369656
yadI_predicted,0.16666666666666666,5,5,CGGTGCACCGGATTGAAAAT,0,4326309
yadI_predicted,0.16666666666666666,5,5,CGGTGAGACATGTCAGGTGG,0,4346975
yadI_predicted,0.16666666666666666,5,5,CGGTATTTTTGTAAGGCGTA,0,4340849
yadI_predicted,0.16666666666666666,5,5,CGGTAAGCGTGTTCGGGTTA,0,4347740
yadI_predicted,0.16666666666666666,5,5,CGGGTTACAGTCGGACGAGT,0,4315247
yadI_predicted,0.16666666666666666,5,5,CGGGTCCTATTCCGTCGGAT,0,4329695
yadI_predicted,0.16666666666666666,5,5,CGGGGCCGACAGAGGACGGC,0,4362518
yadI_predicted,0.16666666666666666,5,5,CGGGGAATGGGAGGGCTGCC,0,4337218
yadI_predicted,0.16666666666666666,5,5,CGGGCTGTGGAATTTCCCAG,0,4291299
yadI_predicted,0.16666666666666666,5,5,CGGGCCGCTAAACCAGTAGA,0,4324453
yadI_predicted,0.16666666666666666,5,5,CGGGCCATGATAGCGCTCAG,0,4288627
yadI_predicted,0.16666666666666666,5,5,CGGGACAAGCCATGGAGTAG,0,4356239
yadI_predicted,0.16666666666666666,5,5,CGGCTGCCCATCCCTCGAGC,0,4368007
yadI_predicted,0.16666666666666666,5,5,CGGCTCACGTGCATCCCCAG,0,4310984
yadI_predicted,0.16666666666666666,5,5,CGGCGGTAATATTAGACTAA,0,4335471
yadI_predicted,0.16666666666666666,5,5,CGGCGCCAAATAACTCCCCA,0,4328156
yadI_predicted,0.16666666666666666,5,5,CGGCGAATCCGTCATGGGGA,0,4326766
yadI_predicted,0.16666666666666666,5,5,CGGCCTAAAAAGTGGAGGGC,0,4366364
yadI_predicted,0.16666666666666666,5,5,CGGCCATGTATCTCAGTTTG,0,4319225
yadI_predicted,0.16666666666666666,5,5,CGGCCAACGGTTCCCGACCA,0,4306815
yadI_predicted,0.16666666666666666,5,5,CGGATATCTCTCTCTCCGTC,0,4361120
yadI_predicted,0.16666666666666666,5,5,CGGAGCGCAAGGATCGTCCA,0,4323531
yadI_predicted,0.16666666666666666,5,5,CGGAGAAGTCATCTATGAGC,0,4301548
yadI_predicted,0.16666666666666666,5,5,CGGACCCAAACGGGCAAGAG,0,4365699
yadI_predicted,0.16666666666666666,5,5,CGGAATCGGCAAGTCATGAC,0,4367828
yadI_predicted,0.16666666666666666,5,5,CGGAAGTAGGGTCCTCCGCC,0,4307519
yadI_predicted,0.16666666666666666,5,5,CGGAACATTAGTCTGCCTTT,0,4307162
yadI_predicted,0.16666666666666666,5,5,CGCTTTCATTACAATTATAT,0,4328969
yadI_predicted,0.16666666666666666,5,5,CGCTTACGTTTGCTATAGGA,0,4356142
yadI_predicted,0.16666666666666666,5,5,CGCTGAAGTCCGTAAGGGAA,0,4317606
yadI_predicted,0.16666666666666666,5,5,CGCTCGACAATCCTGGAATT,0,4315698
yadI_predicted,0.16666666666666666,5,5,CGCTCGAACGGGCGATAGTG,0,4309545
yadI_predicted,0.16666666666666666,5,5,CGCTACATCCGGCTAAATGC,0,4291541
yadI_predicted,0.16666666666666666,5,5,CGCGGTCTGAGGACTACGAG,0,4333087
yadI_predicted,0.16666666666666666,5,5,CGCGAGGTGCCGCGAAATGC,0,4311206
yadI_predicted,0.16666666666666666,5,5,CGCCTGTCCATGCAGATCTG,0,4349376
yadI_predicted,0.16666666666666666,5,5,CGCCTGCAACAATTCAGCGT,0,4366695
yadI_predicted,0.16666666666666666,5,5,CGCCGCTGCAATCTTGAACG,0,4294471
yadI_predicted,0.16666666666666666,5,5,CGCCGCCTGATCTAGACCGC,0,4343814
yadI_predicted,0.16666666666666666,5,5,CGCCCCTAGGGCAATCGCGA,0,4314756
yadI_predicted,0.16666666666666666,5,5,CGCCCCGCCACGGAGGTATT,0,4361139
yadI_predicted,0.16666666666666666,5,5,CGCCAGTGGGTATATGCAAG,0,4287268
yadI_predicted,0.16666666666666666,5,5,CGCAGGGCGTAAGGAACTAT,0,4363921
yadI_predicted,0.16666666666666666,5,5,CGCAGGAGTATGAATTAATA,0,4285916
yadI_predicted,0.16666666666666666,5,5,CGCACACGAACGACAATCTT,0,4316151
yadI_predicted,0.16666666666666666,5,5,CGATGTCCGGTGGGTGACGC,0,4316302
yadI_predicted,0.16666666666666666,5,5,CGATGGAGTCATAGAGGTAC,0,4335855
yadI_predicted,0.16666666666666666,5,5,CGATCGGATGATAGTTTCGA,0,4343798
yadI_predicted,0.16666666666666666,5,5,CGATCGCGCAGGGTGTTAGC,0,4334042
yadI_predicted,0.16666666666666666,5,5,CGATCGACGGATTCAACTTG,0,4303731
yadI_predicted,0.16666666666666666,5,5,CGATCAGAAGCTTCTGACTC,0,4326116
yadI_predicted,0.16666666666666666,5,5,CGATATCCACATGGGACGGT,0,4319892
yadI_predicted,0.16666666666666666,5,5,CGATAACTTCTCAAGGGGTT,0,4298878
yadI_predicted,0.16666666666666666,5,5,CGAGGCTTTTGCTCCTAGTA,0,4343865
yadI_predicted,0.16666666666666666,5,5,CGAGAAGTGGTTTTCTCCAA,0,4361272
yadI_predicted,0.16666666666666666,5,5,CGAGAACTTAATCTAGAGCA,0,4297204
yadI_predicted,0.16666666666666666,5,5,CGACTTCCTAGGAGATTCTG,0,4322413
yadI_predicted,0.16666666666666666,5,5,CGACTCATAAAGCAGAGATT,0,4354254
yadI_predicted,0.16666666666666666,5,5,CGACGAAAACCTTTAGGCGT,0,4300884
yadI_predicted,0.16666666666666666,5,5,CGACCCTCGGTCCTAGTCTA,0,4308132
yadI_predicted,0.16666666666666666,5,5,CGACATTTCACCGAAGGGGC,0,4300136
yadI_predicted,0.16666666666666666,5,5,CGAATTTCTCCACGAGTTCC,0,4309262
yadI_predicted,0.16666666666666666,5,5,CGAATCCAGGAAATAAACGC,0,4333728
yadI_predicted,0.16666666666666666,5,5,CGAACTATGGAAGGTCCCAA,0,4285854
yadI_predicted,0.16666666666666666,5,5,CCTTTTCCGTTAACATCTGT,0,4308397
yadI_predicted,0.16666666666666666,5,5,CCTTTGCGCCAGGGGGCGTT,0,4337078
yadI_predicted,0.16666666666666666,5,5,CCTTTACACCTATAAGCCGT,0,4338464
yadI_predicted,0.16666666666666666,5,5,CCTTCGCGTGCGCCAGACCA,0,4297596
yadI_predicted,0.16666666666666666,5,5,CCTTCCATCAGGGGGGCGCG,0,4361593
yadI_predicted,0.16666666666666666,5,5,CCTTCAGGCCAGCTCTATTA,0,4313862
yadI_predicted,0.16666666666666666,5,5,CCTTCAGCACTCGCTCCGCT,0,4338755
yadI_predicted,0.16666666666666666,5,5,CCTTAGTGAGTCATAGAAAT,0,4358106
yadI_predicted,0.16666666666666666,5,5,CCTTAACAAAATCGTAATAC,0,4313939
yadI_predicted,0.16666666666666666,5,5,CCTGGGTTTTGAAATCTCCC,0,4337908
yadI_predicted,0.16666666666666666,5,5,CCTGGGGGGTACTCAGGTGC,0,4357643
yadI_predicted,0.16666666666666666,5,5,CCTCGAATGGGGGAATCGTT,0,4301168
yadI_predicted,0.16666666666666666,5,5,CCTCCTCCGTTAGCTCGAAC,0,4286296
yadI_predicted,0.16666666666666666,5,5,CCTCCCAGTTCAGTTGGCAA,0,4353968
yadI_predicted,0.16666666666666666,5,5,CCTCATGGTATGGATATTAT,0,4319502
yadI_predicted,0.16666666666666666,5,5,CCTCAGGGGCTTTAAAGGGG,0,4309604
yadI_predicted,0.16666666666666666,5,5,CCTCAGGGAGATCTGAGCTA,0,4365697
yadI_predicted,0.16666666666666666,5,5,CCTCAAGCGCGGTCTAGCCA,0,4289555
yadI_predicted,0.16666666666666666,5,5,CCTAGATGTGCCGCTCATAG,0,4298100
yadI_predicted,0.16666666666666666,5,5,CCTACAGACTCGTGTTTGTG,0,4338678
yadI_predicted,0.16666666666666666,5,5,CCGTTGTGCTATGGTCCTTG,0,4328835
yadI_predicted,0.16666666666666666,5,5,CCGTTGCTCGCATATCACAT,0,4285815
yadI_predicted,0.16666666666666666,5,5,CCGTTGCGTGGACGTTGCGT,0,4318172
yadI_predicted,0.16666666666666666,5,5,CCGTGGGGTTGTACCGGGTG,0,4351209
yadI_predicted,0.16666666666666666,5,5,CCGTAGGGGACGTTCTTGGG,0,4303067
yadI_predicted,0.16666666666666666,5,5,CCGGTTGGCGGGCCATTAAT,0,4344346
yadI_predicted,0.16666666666666666,5,5,CCGGTCGCGTCCCCTAGGAC,0,4335070
yadI_predicted,0.16666666666666666,5,5,CCGGGGAACGCCAGTTCGGC,0,4298260
yadI_predicted,0.16666666666666666,5,5,CCGGCCGCAAGCTCGAGTCG,0,4341212
yadI_predicted,0.16666666666666666,5,5,CCGGCATACCCCAACGAGAA,0,4289726
yadI_predicted,0.16666666666666666,5,5,CCGGAGCTACGCTCATGACT,0,4352831
yadI_predicted,0.16666666666666666,5,5,CCGCTTGGACTGCCGATGTA,0,4335955
yadI_predicted,0.16666666666666666,5,5,CCGCTGTAGGCATGAAGGAT,0,4341315
yadI_predicted,0.16666666666666666,5,5,CCGCTATTCCGTGCTTCAGT,0,4367344
yadI_predicted,0.16666666666666666,5,5,CCGCGTGTTGGGTTGCGAGC,0,4330406
yadI_predicted,0.16666666666666666,5,5,CCGCGTGTCGGCGGCGGACC,0,4352056
yadI_predicted,0.16666666666666666,5,5,CCGCGTATGCATTACAACCC,0,4330357
yadI_predicted,0.16666666666666666,5,5,CCGCCTAGGGTCCAAATGGA,0,4331489
yadI_predicted,0.16666666666666666,5,5,CCGATTCATGAGCCGACTGG,0,4331703
yadI_predicted,0.16666666666666666,5,5,CCGAGTAGAACCTTGCATCT,0,4335993
yadI_predicted,0.16666666666666666,5,5,CCGACATATGCTCATTGGAG,0,4369460
yadI_predicted,0.16666666666666666,5,5,CCCTTCATCTATATGTAACA,0,4288637
yadI_predicted,0.16666666666666666,5,5,CCCTTCAACTTAGCTCTCTT,0,4339136
yadI_predicted,0.16666666666666666,5,5,CCCTGGTGCCGGTATTTGTT,0,4306116
yadI_predicted,0.16666666666666666,5,5,CCCTCCTGTTTACTACGTTC,0,4364114
yadI_predicted,0.16666666666666666,5,5,CCCTAGTACTTCGTGCTCTC,0,4344561
yadI_predicted,0.16666666666666666,5,5,CCCTACAGGCAGATTGTACA,0,4307391
yadI_predicted,0.16666666666666666,5,5,CCCTAAGGGCCAGCGAATAT,0,4357995
yadI_predicted,0.16666666666666666,5,5,CCCTAAATTGGGACAGCATA,0,4366577
yadI_predicted,0.16666666666666666,5,5,CCCGTTGTTAGTGGTCTGTA,0,4361694
yadI_predicted,0.16666666666666666,5,5,CCCGTGACTCTAGATAGCCT,0,4334092
yadI_predicted,0.16666666666666666,5,5,CCCGGACAATCCATGGATTG,0,4284535
yadI_predicted,0.16666666666666666,5,5,CCCGGAAATATCCAACAGTT,0,4324227
yadI_predicted,0.16666666666666666,5,5,CCCGCTAGCCCGTGTGGTTA,0,4351681
yadI_predicted,0.16666666666666666,5,5,CCCGCGAGCCCTTTTTGCAA,0,4309889
yadI_predicted,0.16666666666666666,5,5,CCCGCCCAGCCTCCGACGAA,0,4368003
yadI_predicted,0.16666666666666666,5,5,CCCGATCGTGGGGATTCATA,0,4326180
yadI_predicted,0.16666666666666666,5,5,CCCCGGATTCATAAAAGTAC,0,4311720
yadI_predicted,0.16666666666666666,5,5,CCCCGCTAGGACCTTTGTTT,0,4308717
yadI_predicted,0.16666666666666666,5,5,CCCCGCACTAAGAGTTACTC,0,4304222
yadI_predicted,0.16666666666666666,5,5,CCCCCGACGCGAACAGTAAG,0,4364370
yadI_predicted,0.16666666666666666,5,5,CCCCCATTGTGTGCGGGATC,0,4298243
yadI_predicted,0.16666666666666666,5,5,CCCCCATAAATTGTGTGCCT,0,4363210
yadI_predicted,0.16666666666666666,5,5,CCCCAATGCACACGGACAAA,0,4309622
yadI_predicted,0.16666666666666666,5,5,CCCCAATCTACCTGGCGAGT,0,4303606
yadI_predicted,0.16666666666666666,5,5,CCCATCCGGGCTGGCGTACT,0,4352303
yadI_predicted,0.16666666666666666,5,5,CCCAATCCGCCCTGGGCTAC,0,4351511
yadI_predicted,0.16666666666666666,5,5,CCATGCAGCCTAGGATAGTT,0,4317004
yadI_predicted,0.16666666666666666,5,5,CCATGATGTCACGAGATTGC,0,4343085
yadI_predicted,0.16666666666666666,5,5,CCATACCAAACAATAGTGTC,0,4352876
yadI_predicted,0.16666666666666666,5,5,CCAGTTATAAACATCAACAG,0,4289539
yadI_predicted,0.16666666666666666,5,5,CCAGTAAATACACGGTACTC,0,4362280
yadI_predicted,0.16666666666666666,5,5,CCAGGTATCTCGTTTTACCA,0,4314479
yadI_predicted,0.16666666666666666,5,5,CCAGGATCTGAGGCTTACTC,0,4361707
yadI_predicted,0.16666666666666666,5,5,CCAGATTCGCTCCGCCAATG,0,4303611
yadI_predicted,0.16666666666666666,5,5,CCAGAGGTATTTCCGAGCAG,0,4367896
yadI_predicted,0.16666666666666666,5,5,CCAGACTCGCGGTAGTAGAT,0,4315266
yadI_predicted,0.16666666666666666,5,5,CCACTGAAAGAAGCGGTGCA,0,4314728
yadI_predicted,0.16666666666666666,5,5,CCACGGGCCGATCCGTAGAG,0,4317234
yadI_predicted,0.16666666666666666,5,5,CCACGCGTTAGGTATCCTCT,0,4353485
yadI_predicted,0.16666666666666666,5,5,CCACCCTGCATGGGTTGATC,0,4347037
yadI_predicted,0.16666666666666666,5,5,CCACAATGGCACAATTCGTG,0,4332001
yadI_predicted,0.16666666666666666,5,5,CCAATAACACACCTAGGCGG,0,4348414
yadI_predicted,0.16666666666666666,5,5,CCAAGCTAAGTCTTAAAGGT,0,4285735
yadI_predicted,0.16666666666666666,5,5,CCAAGCATAATACGATGTAC,0,4352294
yadI_predicted,0.16666666666666666,5,5,CCAAGATGACCTTCAGCTGT,0,4289068
yadI_predicted,0.16666666666666666,5,5,CCAACCGCCCAACGCCGTAC,0,4359558
yadI_predicted,0.16666666666666666,5,5,CCAAATACACCCGGGTACTA,0,4354672
yadI_predicted,0.16666666666666666,5,5,CCAAAAGTGTGAGTGCCGGC,0,4329420
yadI_predicted,0.16666666666666666,5,5,CATTTATTATATCGACAAGA,0,4341022
yadI_predicted,0.16666666666666666,5,5,CATTTAGGCACCGCGTCCAC,0,4305019
yadI_predicted,0.16666666666666666,5,5,CATTGCAGCCCGTGAAATAC,0,4346192
yadI_predicted,0.16666666666666666,5,5,CATTATTTTTGGTCAAATGA,0,4294936
yadI_predicted,0.16666666666666666,5,5,CATGGTGGTACGCCTCCCGT,0,4301820
yadI_predicted,0.16666666666666666,5,5,CATGATTTGGGTGCAGTATA,0,4353157
yadI_predicted,0.16666666666666666,5,5,CATCTTACTGTTGGATGAAA,0,4289174
yadI_predicted,0.16666666666666666,5,5,CATCTGCCACACTATACCCA,0,4329097
yadI_predicted,0.16666666666666666,5,5,CATCTAAAAAGGTGTAATAG,0,4351271
yadI_predicted,0.16666666666666666,5,5,CATCGCGGGCCGTGGGGGAT,0,4321158
yadI_predicted,0.16666666666666666,5,5,CATCCTCGATACAGCAGCAT,0,4347919
yadI_predicted,0.16666666666666666,5,5,CATCACTATTCTGTCTAGGC,0,4285144
yadI_predicted,0.16666666666666666,5,5,CATCACTAGGTTCGACCCGG,0,4345654
yadI_predicted,0.16666666666666666,5,5,CATCAATTCCCACGGGTTGG,0,4344897
yadI_predicted,0.16666666666666666,5,5,CATATTTGGATAATGATCGC,0,4361278
yadI_predicted,0.16666666666666666,5,5,CATATACATCTTGCGCGCGA,0,4301422
yadI_predicted,0.16666666666666666,5,5,CATAGGTTAATGAGACAGTC,0,4355270
yadI_predicted,0.16666666666666666,5,5,CATAGCCAGAGATTGACGTC,0,4306199
yadI_predicted,0.16666666666666666,5,5,CATACTAAGACGAACCGGGG,0,4286249
yadI_predicted,0.16666666666666666,5,5,CATACGGTACACATCGAGAT,0,4289871
yadI_predicted,0.16666666666666666,5,5,CATAAGCTCATTCAATCAAG,0,4363891
yadI_predicted,0.16666666666666666,5,5,CATAAGACCCCTCAGCCCCC,0,4287700
yadI_predicted,0.16666666666666666,5,5,CATAACCTTGTCCAAAAGAC,0,4295833
yadI_predicted,0.16666666666666666,5,5,CAGTTTCGCAAATCGAGCGG,0,4334539
yadI_predicted,0.16666666666666666,5,5,CAGTGTAGGATGGAGAAGGG,0,4342378
yadI_predicted,0.16666666666666666,5,5,CAGTGTAGCGTGTGCGTGTG,0,4302447
yadI_predicted,0.16666666666666666,5,5,CAGTGAGACTCGTGTGATCC,0,4337402
yadI_predicted,0.16666666666666666,5,5,CAGTAGTGGGTTCGTAGGGT,0,4297628
yadI_predicted,0.16666666666666666,5,5,CAGTAAGATACTTTGCTGTG,0,4366738
yadI_predicted,0.16666666666666666,5,5,CAGGTGTCCAGTGGTCCGTA,0,4362077
yadI_predicted,0.16666666666666666,5,5,CAGGTCTCCGATGAATACTA,0,4344191
yadI_predicted,0.16666666666666666,5,5,CAGGGATCAATCGAGAGTTT,0,4340165
yadI_predicted,0.16666666666666666,5,5,CAGGCCGAAAATTTACTAGA,0,4354145
yadI_predicted,0.16666666666666666,5,5,CAGGAGCCGGCTCAGAAGCC,0,4345066
yadI_predicted,0.16666666666666666,5,5,CAGGACATCAATCAGGCTGA,0,4339741
yadI_predicted,0.16666666666666666,5,5,CAGGAACGTGGGGCATATTA,0,4355092
yadI_predicted,0.16666666666666666,5,5,CAGGAACGATCGACCTGCAG,0,4323338
yadI_predicted,0.16666666666666666,5,5,CAGCTCGGCGAGGGGGTGGT,0,4347539
yadI_predicted,0.16666666666666666,5,5,CAGCGGATCTGCCCCTCGCG,0,4357888
yadI_predicted,0.16666666666666666,5,5,CAGCGCGGCGCAAAGGCGAG,0,4348328
yadI_predicted,0.16666666666666666,5,5,CAGCACCGGAGAGCTAAGCA,0,4327664
yadI_predicted,0.16666666666666666,5,5,CAGAGTGATTTACATCTTTC,0,4347303
yadI_predicted,0.16666666666666666,5,5,CAGACGGGAACGAGTATTAA,0,4319739
yadI_predicted,0.16666666666666666,5,5,CAGAACGGGACACCACCGTG,0,4354680
yadI_predicted,0.16666666666666666,5,5,CACTTTTCGTACCGGACAAC,0,4333702
yadI_predicted,0.16666666666666666,5,5,CACTTTTAGTTTCCGGAAAT,0,4290681
yadI_predicted,0.16666666666666666,5,5,CACTTCGAACCTGGCACGAC,0,4348751
yadI_predicted,0.16666666666666666,5,5,CACTGCCTTGATTATAAGAC,0,4308709
yadI_predicted,0.16666666666666666,5,5,CACTCTTTGAACTCACAGCT,0,4298511
yadI_predicted,0.16666666666666666,5,5,CACTCACCTTAGCGCTACTT,0,4333568
yadI_predicted,0.16666666666666666,5,5,CACGGTTCCGGGCGCCAGTG,0,4335700
yadI_predicted,0.16666666666666666,5,5,CACGCGATTTTCAAAAGTGC,0,4308746
yadI_predicted,0.16666666666666666,5,5,CACGCGAGCTCATGGACAAA,0,4346217
yadI_predicted,0.16666666666666666,5,5,CACGAAAATCTTCTATCAGT,0,4319541
yadI_predicted,0.16666666666666666,5,5,CACCGCCCATCGGAAACCGC,0,4357994
yadI_predicted,0.16666666666666666,5,5,CACCCTCATCTTATCATTTG,0,4370050
yadI_predicted,0.16666666666666666,5,5,CACACTTTAAAGTCCTTTTA,0,4333422
yadI_predicted,0.16666666666666666,5,5,CACACCGCGAAAAAAGCTCG,0,4321152
yadI_predicted,0.16666666666666666,5,5,CAATTGTTAAACAGGTCTAT,0,4286093
yadI_predicted,0.16666666666666666,5,5,CAATTATCACAGCGGTACGT,0,4338608
yadI_predicted,0.16666666666666666,5,5,CAATGTGTGGATCATCGGGT,0,4341024
yadI_predicted,0.16666666666666666,5,5,CAATGGGCGTTTTCTACTGA,0,4349168
yadI_predicted,0.16666666666666666,5,5,CAATGATCTCGGACTCACGT,0,4364859
yadI_predicted,0.16666666666666666,5,5,CAATCAACTGACACCACGGT,0,4318349
yadI_predicted,0.16666666666666666,5,5,CAATACGGTTAGCATTGCTC,0,4326825
yadI_predicted,0.16666666666666666,5,5,CAAGTCAGCGATGGTCAGCC,0,4294430
yadI_predicted,0.16666666666666666,5,5,CAAGCGGAAGACATTTTACA,0,4361673
yadI_predicted,0.16666666666666666,5,5,CAAGAATGTGGTAGCTAAGC,0,4330709
yadI_predicted,0.16666666666666666,5,5,CAAGAACCAACTCGACTCGC,0,4364378
yadI_predicted,0.16666666666666666,5,5,CAACGTAGACATCGGCGGCG,0,4343947
yadI_predicted,0.16666666666666666,5,5,CAACGCTGTGCCTAAACAAC,0,4315070
yadI_predicted,0.16666666666666666,5,5,CAACGCCATATTAGAATGTC,0,4292484
yadI_predicted,0.16666666666666666,5,5,CAACGCAGAGCGTATACTAG,0,4355921
yadI_predicted,0.16666666666666666,5,5,CAACGATGGTAGATCCACTA,0,4304853
yadI_predicted,0.16666666666666666,5,5,CAAATATTGGCGGAGGACGG,0,4313573
yadI_predicted,0.16666666666666666,5,5,CAAACTTTCCCAGGTAAAGT,0,4333402
yadI_predicted,0.16666666666666666,5,5,CAAACTGGAAAGCCGCTTGA,0,4298637
yadI_predicted,0.16666666666666666,5,5,CAAACCGGCGTATTAGGACT,0,4343389
yadI_predicted,0.16666666666666666,5,5,CAAAATCATCCCACGTTCCC,0,4288462
yadI_predicted,0.16666666666666666,5,5,CAAAAGTGAGCTAGGCCTTT,0,4364007
yadI_predicted,0.16666666666666666,5,5,CAAAAACCTAGAGGCATGGG,0,4292187
yadI_predicted,0.16666666666666666,5,5,CAAAAACCGTGAAACCTGGG,0,4296124
yadI_predicted,0.16666666666666666,5,5,ATTTTCTTGCTTCCATAACG,0,4315970
yadI_predicted,0.16666666666666666,5,5,ATTTTCTCTATCGGGAAGCC,0,4314365
yadI_predicted,0.16666666666666666,5,5,ATTTGGATATAGTCCAGAAC,0,4330519
yadI_predicted,0.16666666666666666,5,5,ATTTGCCATTGCGTAATAAA,0,4340388
yadI_predicted,0.16666666666666666,5,5,ATTTGATGAACCCTGTGCGG,0,4350110
yadI_predicted,0.16666666666666666,5,5,ATTTCAATCTCGGTCGTAAT,0,4329712
yadI_predicted,0.16666666666666666,5,5,ATTTCAAACTTGAGCTTGTG,0,4339967
yadI_predicted,0.16666666666666666,5,5,ATTTAGGGTCAGTTGGGTGT,0,4365543
yadI_predicted,0.16666666666666666,5,5,ATTTAGACTTCGCTGCATGG,0,4316107
yadI_predicted,0.16666666666666666,5,5,ATTTACCCACTTTCACGGGT,0,4336610
yadI_predicted,0.16666666666666666,5,5,ATTGTGTTAATCACCTCAGG,0,4366428
yadI_predicted,0.16666666666666666,5,5,ATTGTCTGCCATTATAAGCA,0,4290124
yadI_predicted,0.16666666666666666,5,5,ATTGCAATGATAATAAGCGG,0,4352886
yadI_predicted,0.16666666666666666,5,5,ATTGACCTTCGGCTCTTGTT,0,4327666
yadI_predicted,0.16666666666666666,5,5,ATTCGCCGCGACAGGCTCCA,0,4306932
yadI_predicted,0.16666666666666666,5,5,ATTCCTCTGGAGACATGAGA,0,4313450
yadI_predicted,0.16666666666666666,5,5,ATTCAGAGGACGGTCACCCA,0,4322822
yadI_predicted,0.16666666666666666,5,5,ATTCAAGAGTTTTTGGGAGT,0,4349340
yadI_predicted,0.16666666666666666,5,5,ATTCAACTGGCGGGGGTTGT,0,4289422
yadI_predicted,0.16666666666666666,5,5,ATTATTTCCTATATTATTGG,0,4344213
yadI_predicted,0.16666666666666666,5,5,ATTAGTCACAAACTTCGTGA,0,4356919
yadI_predicted,0.16666666666666666,5,5,ATTAGAATCGGAGCACTACA,0,4321151
yadI_predicted,0.16666666666666666,5,5,ATTAAATTAAGCCTCGAGAG,0,4338358
yadI_predicted,0.16666666666666666,5,5,ATTAAAGAGTAGAGAATGAA,0,4329083
yadI_predicted,0.16666666666666666,5,5,ATTAAACATCAATCTCTGCA,0,4345003
yadI_predicted,0.16666666666666666,5,5,ATTAAAACACGCTACGAACA,0,4328425
yadI_predicted,0.16666666666666666,5,5,ATGTTGCGGTTTGCACCTCA,0,4355868
yadI_predicted,0.16666666666666666,5,5,ATGTTGACCGGATCATTAGC,0,4295492
yadI_predicted,0.16666666666666666,5,5,ATGTGTCGTCATATAGTTTG,0,4352384
yadI_predicted,0.16666666666666666,5,5,ATGTGGCAGAGATAAAACAC,0,4343512
yadI_predicted,0.16666666666666666,5,5,ATGTGCGGAGGTCCCAACTC,0,4337233
yadI_predicted,0.16666666666666666,5,5,ATGTCCCTGGATGTCTGTTA,0,4356435
yadI_predicted,0.16666666666666666,5,5,ATGTATTCTGGTGTAAATTT,0,4337561
yadI_predicted,0.16666666666666666,5,5,ATGGTCTCTTCCCCTAGAGG,0,4361040
yadI_predicted,0.16666666666666666,5,5,ATGGTCGATGTGCTCACGCA,0,4298063
yadI_predicted,0.16666666666666666,5,5,ATGGTCCACGCGTTCAAAAT,0,4322245
yadI_predicted,0.16666666666666666,5,5,ATGGGTTAGATGGCTGTGAT,0,4351421
yadI_predicted,0.16666666666666666,5,5,ATGGGTCAAACTGTACTCAC,0,4342313
yadI_predicted,0.16666666666666666,5,5,ATGGCTCGTACAGTTAGCAT,0,4348992
yadI_predicted,0.16666666666666666,5,5,ATGGATGGGGTATGTAATCA,0,4316835
yadI_predicted,0.16666666666666666,5,5,ATGGAGGTTATCTAACGTCC,0,4304110
yadI_predicted,0.16666666666666666,5,5,ATGGAGGGAAGCCATAAGTT,0,4311434
yadI_predicted,0.16666666666666666,5,5,ATGGAGAACGACCAAATGGT,0,4307956
yadI_predicted,0.16666666666666666,5,5,ATGCTTTACCCGCTGGACCT,0,4340810
yadI_predicted,0.16666666666666666,5,5,ATGCCGGCCACAGATGCTTG,0,4332718
yadI_predicted,0.16666666666666666,5,5,ATGCCCATGCGAGTCTAGCT,0,4333821
yadI_predicted,0.16666666666666666,5,5,ATGCACAGCGTTCTGGCAGA,0,4291550
yadI_predicted,0.16666666666666666,5,5,ATGCACACTTCATGCTGGTA,0,4343365
yadI_predicted,0.16666666666666666,5,5,ATGCACACCGATCAGAGACC,0,4355389
yadI_predicted,0.16666666666666666,5,5,ATGAGCGCAAACGGGGGTGG,0,4359514
yadI_predicted,0.16666666666666666,5,5,ATCTTGATGAATTGTCAAGA,0,4325002
yadI_predicted,0.16666666666666666,5,5,ATCTTCCTCCGAGAATCCAG,0,4357786
yadI_predicted,0.16666666666666666,5,5,ATCTTAGATTATCGGCTTGA,0,4318372
yadI_predicted,0.16666666666666666,5,5,ATCTGTAGGTTTGGAGGGGG,0,4358705
yadI_predicted,0.16666666666666666,5,5,ATCTCTTCTCCTCCAGTAAC,0,4324189
yadI_predicted,0.16666666666666666,5,5,ATCGTTCTCAAAATCCGCGT,0,4338946
yadI_predicted,0.16666666666666666,5,5,ATCGTAACACATGGTAGTTA,0,4320625
yadI_predicted,0.16666666666666666,5,5,ATCGGCACCCGAAAACACCA,0,4298505
yadI_predicted,0.16666666666666666,5,5,ATCGATGACAATATTGATAA,0,4298746
yadI_predicted,0.16666666666666666,5,5,ATCCTTCGTAGAAGCGTATT,0,4294631
yadI_predicted,0.16666666666666666,5,5,ATCCTGTATAGTCTAACGTA,0,4292056
yadI_predicted,0.16666666666666666,5,5,ATCCTCGCGAGAGTGATTGC,0,4323120
yadI_predicted,0.16666666666666666,5,5,ATCCGTTAGCTAAGCCGACC,0,4294826
yadI_predicted,0.16666666666666666,5,5,ATCCGGCGATGATTGATAGT,0,4315113
yadI_predicted,0.16666666666666666,5,5,ATCCGCATTTGCTGACCCAC,0,4334266
yadI_predicted,0.16666666666666666,5,5,ATCCGACCGTAGCTGTTTCA,0,4340787
yadI_predicted,0.16666666666666666,5,5,ATCCCTCCACTCCTCAAAAT,0,4352531
yadI_predicted,0.16666666666666666,5,5,ATCCCGTAGGGTATCTACTA,0,4335725
yadI_predicted,0.16666666666666666,5,5,ATCATGCATAGGATACTATT,0,4295257
yadI_predicted,0.16666666666666666,5,5,ATCATGAGAGTTCGCACTGC,0,4335273
yadI_predicted,0.16666666666666666,5,5,ATCAGGGGTATTGCAAAGGT,0,4368251
yadI_predicted,0.16666666666666666,5,5,ATCAGGACTCGTTTCGCCAC,0,4369969
yadI_predicted,0.16666666666666666,5,5,ATCACCTGGATAAAGCTGGG,0,4365110
yadI_predicted,0.16666666666666666,5,5,ATCAACAAAACGCTCGTTAT,0,4351757
yadI_predicted,0.16666666666666666,5,5,ATATGATCCGGTCTAAGACC,0,4359593
yadI_predicted,0.16666666666666666,5,5,ATATGACCTCCGATTACCTG,0,4363852
yadI_predicted,0.16666666666666666,5,5,ATATCGTTATAAAAGCAATG,0,4313435
yadI_predicted,0.16666666666666666,5,5,ATATAGCAGTTTATTGTACT,0,4289743
yadI_predicted,0.16666666666666666,5,5,ATATAGAAATCTCTCCGAGA,0,4350826
yadI_predicted,0.16666666666666666,5,5,ATAGGTAACATCTTTTGATC,0,4356498
yadI_predicted,0.16666666666666666,5,5,ATAGCTCGGTCATATGCCAA,0,4357784
yadI_predicted,0.16666666666666666,5,5,ATAGCGGTCCGAAAACGGCA,0,4319900
yadI_predicted,0.16666666666666666,5,5,ATAGCCATGGCGTACGCCGC,0,4314122
yadI_predicted,0.16666666666666666,5,5,ATAGCAAGGTTGTAATGTAC,0,4318919
yadI_predicted,0.16666666666666666,5,5,ATAGATATTGGAGCTTTATA,0,4359075
yadI_predicted,0.16666666666666666,5,5,ATAGAGCGCACAATCAGGAT,0,4340268
yadI_predicted,0.16666666666666666,5,5,ATAGAACACTAACCCGGCTG,0,4321452
yadI_predicted,0.16666666666666666,5,5,ATACGCGGCGTAGCACACAC,0,4287998
yadI_predicted,0.16666666666666666,5,5,ATACAGCCGCAATCCCTCCT,0,4347516
yadI_predicted,0.16666666666666666,5,5,ATAATTTTTTAAAATACGCT,0,4348221
yadI_predicted,0.16666666666666666,5,5,ATAATTAAGCTAGTGGCGGC,0,4364085
yadI_predicted,0.16666666666666666,5,5,ATAATCGTTTCTCCGCGATC,0,4297213
yadI_predicted,0.16666666666666666,5,5,ATAAGTTCCTGAAGTACCTG,0,4294929
yadI_predicted,0.16666666666666666,5,5,ATAAGATATGCTAACGTGCG,0,4294957
yadI_predicted,0.16666666666666666,5,5,ATAACAGGCCGACTAAGACA,0,4354682
yadI_predicted,0.16666666666666666,5,5,ATAAAAAAGTGTGTAGCTTA,0,4303119
yadI_predicted,0.16666666666666666,5,5,AGTTCTCCAGGGACTCTTTC,0,4341196
yadI_predicted,0.16666666666666666,5,5,AGTTCGGTATCACACGACAC,0,4350939
yadI_predicted,0.16666666666666666,5,5,AGTTCAGGCTCGGCGGGGAC,0,4313867
yadI_predicted,0.16666666666666666,5,5,AGTTCAGGCGGAATATCTAT,0,4311248
yadI_predicted,0.16666666666666666,5,5,AGTTATATCATAAATCAAGG,0,4326977
yadI_predicted,0.16666666666666666,5,5,AGTTAGTGCGCTTGCTTTGG,0,4343789
yadI_predicted,0.16666666666666666,5,5,AGTTAGTCGCCAGGGTGCCT,0,4320431
yadI_predicted,0.16666666666666666,5,5,AGTGATGTGGTGTTTGGCTG,0,4300916
yadI_predicted,0.16666666666666666,5,5,AGTCGCGCTACCTCTGGCCG,0,4308001
yadI_predicted,0.16666666666666666,5,5,AGTCACGCGACACTAAGCTA,0,4326721
yadI_predicted,0.16666666666666666,5,5,AGTCAACCAGGCCCGCAATT,0,4357057
yadI_predicted,0.16666666666666666,5,5,AGTCAAATCGGCAATCGGCA,0,4292047
yadI_predicted,0.16666666666666666,5,5,AGTATTACACGGTAGCTTGT,0,4337140
yadI_predicted,0.16666666666666666,5,5,AGTATGATTAAGAAACATGG,0,4331274
yadI_predicted,0.16666666666666666,5,5,AGTATCCTATTACACATGAA,0,4345710
yadI_predicted,0.16666666666666666,5,5,AGTAGGACTTGAGATCCCTC,0,4286247
yadI_predicted,0.16666666666666666,5,5,AGTAGAGAATCCAAGTACAC,0,4292932
yadI_predicted,0.16666666666666666,5,5,AGTACAAGATAAATAATCAC,0,4363683
yadI_predicted,0.16666666666666666,5,5,AGGTTTCACGATGTCTGGTC,0,4332321
yadI_predicted,0.16666666666666666,5,5,AGGTTGTTAGCACGTCAAAC,0,4348561
yadI_predicted,0.16666666666666666,5,5,AGGTGGGCCACACCCAGTCA,0,4321587
yadI_predicted,0.16666666666666666,5,5,AGGTGCCCCCCTCGTTAACT,0,4356407
yadI_predicted,0.16666666666666666,5,5,AGGTGATTCCACCCACATGG,0,4343274
yadI_predicted,0.16666666666666666,5,5,AGGTGAACAAGTGGCCTTAA,0,4301824
yadI_predicted,0.16666666666666666,5,5,AGGTCTTATGGTCCACGAGC,0,4293938
yadI_predicted,0.16666666666666666,5,5,AGGTCAGATGGGTGATTTGT,0,4359658
yadI_predicted,0.16666666666666666,5,5,AGGTATACGTTTCGGCTAGG,0,4309621
yadI_predicted,0.16666666666666666,5,5,AGGTAGTGCGGGGGTCTGGG,0,4301188
yadI_predicted,0.16666666666666666,5,5,AGGGTGTTTGTCTGCGCCAT,0,4296888
yadI_predicted,0.16666666666666666,5,5,AGGGTGTCTGTGGGGGTCAA,0,4363343
yadI_predicted,0.16666666666666666,5,5,AGGGCGGCAATTAGCAGGCG,0,4314745
yadI_predicted,0.16666666666666666,5,5,AGGGCGACGGACTTGACTCG,0,4357496
yadI_predicted,0.16666666666666666,5,5,AGGGCATGAAGGACCGTCCC,0,4287473
yadI_predicted,0.16666666666666666,5,5,AGGGCAATTAGCCTACTGAC,0,4333238
yadI_predicted,0.16666666666666666,5,5,AGGGAGTAAGGAGACGTTAA,0,4297672
yadI_predicted,0.16666666666666666,5,5,AGGGACAGTCGGGATCAGTA,0,4295826
yadI_predicted,0.16666666666666666,5,5,AGGCGTAGGAGACTAACGGA,0,4318240
yadI_predicted,0.16666666666666666,5,5,AGGCCTGCCGGGAGAGCCAA,0,4304099
yadI_predicted,0.16666666666666666,5,5,AGGCCAGCGTATGATGGAGT,0,4344137
yadI_predicted,0.16666666666666666,5,5,AGGCCAATCTAGGCTTGGGC,0,4289408
yadI_predicted,0.16666666666666666,5,5,AGGCAGAACGATGCCAAAAT,0,4315456
yadI_predicted,0.16666666666666666,5,5,AGGATGATCAAATACACATA,0,4366375
yadI_predicted,0.16666666666666666,5,5,AGGATCACTCATGTATCTCA,0,4294126
yadI_predicted,0.16666666666666666,5,5,AGGAGCTACATTCGGCTGGG,0,4311267
yadI_predicted,0.16666666666666666,5,5,AGGAGATGGTTCGTTCAGAT,0,4285603
yadI_predicted,0.16666666666666666,5,5,AGGAGACAGTGCATCGCCAG,0,4339684
yadI_predicted,0.16666666666666666,5,5,AGGAGAAGCGTATACAGCGT,0,4364669
yadI_predicted,0.16666666666666666,5,5,AGGAGAAAATAAAGATATCA,0,4287652
yadI_predicted,0.16666666666666666,5,5,AGGACCTTCGGTCCCGGGGC,0,4304732
yadI_predicted,0.16666666666666666,5,5,AGGAAGATTCATTGTGTGCT,0,4305242
yadI_predicted,0.16666666666666666,5,5,AGGAACTTTACGGGGCCAGT,0,4310125
yadI_predicted,0.16666666666666666,5,5,AGCTTGTGTGGGTCGTGCCT,0,4333970
yadI_predicted,0.16666666666666666,5,5,AGCTTGACAGAACATACTGT,0,4353594
yadI_predicted,0.16666666666666666,5,5,AGCTTCAACTGAATCCGGTT,0,4284132
yadI_predicted,0.16666666666666666,5,5,AGCTGGTTCGAGAAACGTAC,0,4359865
yadI_predicted,0.16666666666666666,5,5,AGCTGGTAAATGAAAAACGT,0,4353961
yadI_predicted,0.16666666666666666,5,5,AGCTAGTTAGAACGTGGGAA,0,4302970
yadI_predicted,0.16666666666666666,5,5,AGCTAGCGCCACAGCCTTAG,0,4344726
yadI_predicted,0.16666666666666666,5,5,AGCGTGCACCCAGGGGCGTC,0,4360731
yadI_predicted,0.16666666666666666,5,5,AGCGTATAGACCGTCAGGCA,0,4363514
yadI_predicted,0.16666666666666666,5,5,AGCGGGAACAAGACCCTCAC,0,4361779
yadI_predicted,0.16666666666666666,5,5,AGCGGATACCAATCAGTAAT,0,4295250
yadI_predicted,0.16666666666666666,5,5,AGCCTGACTGCCAGGAGCAT,0,4338582
yadI_predicted,0.16666666666666666,5,5,AGCCGTCTTACTCTTACAGA,0,4318678
yadI_predicted,0.16666666666666666,5,5,AGCCGGTAATTTTGGCATGA,0,4314747
yadI_predicted,0.16666666666666666,5,5,AGCCCAAGGCAGCGGCATCG,0,4293416
yadI_predicted,0.16666666666666666,5,5,AGCCATACATCTCTACGGGT,0,4298500
yadI_predicted,0.16666666666666666,5,5,AGCCAAAGGTGAAGTAATTA,0,4340053
yadI_predicted,0.16666666666666666,5,5,AGCATCTGGCAGCCCGTCGT,0,4343950
yadI_predicted,0.16666666666666666,5,5,AGCAGTGGAAACCGGATCAT,0,4363178
yadI_predicted,0.16666666666666666,5,5,AGCAGGAAGCTGACTCCACA,0,4302836
yadI_predicted,0.16666666666666666,5,5,AGATTCGACAGGTGGTAGAG,0,4362140
yadI_predicted,0.16666666666666666,5,5,AGATTAGTGATAAAATCGTG,0,4298084
yadI_predicted,0.16666666666666666,5,5,AGATGGGCTGAATGTGGACT,0,4308901
yadI_predicted,0.16666666666666666,5,5,AGATGGGCCTGGGCTTCAAT,0,4296794
yadI_predicted,0.16666666666666666,5,5,AGATGCTTGGTTTATGCAAG,0,4316003
yadI_predicted,0.16666666666666666,5,5,AGATCATTTGCGAACGAGGA,0,4350312
yadI_predicted,0.16666666666666666,5,5,AGATATGGGCAATGCGTAAC,0,4287492
yadI_predicted,0.16666666666666666,5,5,AGATAAACTAAGGTTAATAG,0,4334649
yadI_predicted,0.16666666666666666,5,5,AGAGTCGCTAAGAGTGCTCT,0,4341358
yadI_predicted,0.16666666666666666,5,5,AGAGCTTACACAGGTTACGT,0,4290128
yadI_predicted,0.16666666666666666,5,5,AGAGCGGATCCCATTGTGAT,0,4364469
yadI_predicted,0.16666666666666666,5,5,AGAGCCCTCATATACACCAC,0,4284549
yadI_predicted,0.16666666666666666,5,5,AGAGAAATGATCTCCAAGCT,0,4292587
yadI_predicted,0.16666666666666666,5,5,AGACGTGGTTAGGTCTCGGA,0,4290271
yadI_predicted,0.16666666666666666,5,5,AGACCTTAGGCACGAGTTTA,0,4294728
yadI_predicted,0.16666666666666666,5,5,AGACCCGGAAATCGGTCTTG,0,4292025
yadI_predicted,0.16666666666666666,5,5,AGACCATGCAGCTCGACAAG,0,4288906
yadI_predicted,0.16666666666666666,5,5,AGACAATGGAGCACCAGTTT,0,4353877
yadI_predicted,0.16666666666666666,5,5,AGAATTTCTATGATATGATT,0,4292324
yadI_predicted,0.16666666666666666,5,5,AGAATAGATACCTATTGCTG,0,4329197
yadI_predicted,0.16666666666666666,5,5,AGAATACTAGATGCAGTCGG,0,4307944
yadI_predicted,0.16666666666666666,5,5,AGAACGCGACAAAAAGCTTA,0,4339487
yadI_predicted,0.16666666666666666,5,5,AGAACGACCGCTAGTCTATA,0,4347274
yadI_predicted,0.16666666666666666,5,5,AGAAATGGAAGCTAAAATGA,0,4312655
yadI_predicted,0.16666666666666666,5,5,ACTTTTCATATTGCTTAGAC,0,4356159
yadI_predicted,0.16666666666666666,5,5,ACTTGGTGTGCAGGGCGGAT,0,4304596
yadI_predicted,0.16666666666666666,5,5,ACTTCCAGTGCTCAATGAGC,0,4336662
yadI_predicted,0.16666666666666666,5,5,ACTTAGTTAAGTCTCTAGAT,0,4363418
yadI_predicted,0.16666666666666666,5,5,ACTGTTATCCTTTCTGGTTT,0,4336233
yadI_predicted,0.16666666666666666,5,5,ACTGGCAGCATTATTCGAAA,0,4353811
yadI_predicted,0.16666666666666666,5,5,ACTGCTTCATTAACATCAAT,0,4318543
yadI_predicted,0.16666666666666666,5,5,ACTGCTCAGTGTTCGCCACT,0,4338669
yadI_predicted,0.16666666666666666,5,5,ACTCTCAGTCTTCCTTATCC,0,4308683
yadI_predicted,0.16666666666666666,5,5,ACTCGTAACAACCCCGGGAA,0,4310762
yadI_predicted,0.16666666666666666,5,5,ACTCGAAAGACCACCGTAGA,0,4336010
yadI_predicted,0.16666666666666666,5,5,ACTCATTGGGTTAGGGTATA,0,4364680
yadI_predicted,0.16666666666666666,5,5,ACTCATGTCTAGAGTCGATT,0,4293032
yadI_predicted,0.16666666666666666,5,5,ACTCAGCCCCGCGGAACAGC,0,4285856
yadI_predicted,0.16666666666666666,5,5,ACTCACCTGAGCTGCAACCG,0,4344813
yadI_predicted,0.16666666666666666,5,5,ACTATGTATCCATGCGTACG,0,4347889
yadI_predicted,0.16666666666666666,5,5,ACTACGCAGGGGAATAGCAG,0,4323602
yadI_predicted,0.16666666666666666,5,5,ACTACCGGCCTTAGTTCGAC,0,4308593
yadI_predicted,0.16666666666666666,5,5,ACTACATTGACTTGACAGCG,0,4324003
yadI_predicted,0.16666666666666666,5,5,ACTAAGGCATTAAGCCACCG,0,4306913
yadI_predicted,0.16666666666666666,5,5,ACGTTATTGGCCAGGATTCC,0,4328957
yadI_predicted,0.16666666666666666,5,5,ACGTTAGTGCTGTTGCGCGA,0,4307382
yadI_predicted,0.16666666666666666,5,5,ACGTTAACTTTCTCGGGGCA,0,4357305
yadI_predicted,0.16666666666666666,5,5,ACGTGGGCGACATTAGGATT,0,4303590
yadI_predicted,0.16666666666666666,5,5,ACGTCGAGCAGTGATTTAGG,0,4365285
yadI_predicted,0.16666666666666666,5,5,ACGTAATGGGCCAGTGTCGG,0,4293804
yadI_predicted,0.16666666666666666,5,5,ACGGTTAGCTCAGATAATCC,0,4334013
yadI_predicted,0.16666666666666666,5,5,ACGGTTAATCCGATATTTCG,0,4354574
yadI_predicted,0.16666666666666666,5,5,ACGGTACACGAGTTTATATG,0,4352218
yadI_predicted,0.16666666666666666,5,5,ACGGGGGCTCCTACGAGTTT,0,4368826
yadI_predicted,0.16666666666666666,5,5,ACGGGAAGCTTCCGGATCTC,0,4357564
yadI_predicted,0.16666666666666666,5,5,ACGGCTTCACTCTGGAGCAT,0,4313441
yadI_predicted,0.16666666666666666,5,5,ACGGCTGCCCTATTATGAAG,0,4365941
yadI_predicted,0.16666666666666666,5,5,ACGGCTAGGACGCGTCGCCG,0,4327675
yadI_predicted,0.16666666666666666,5,5,ACGGATATTCACGCATTTCA,0,4357151
yadI_predicted,0.16666666666666666,5,5,ACGCTGGCATGAACGTCCGA,0,4332805
yadI_predicted,0.16666666666666666,5,5,ACGCTGCGATGTGGGGAATC,0,4290465
yadI_predicted,0.16666666666666666,5,5,ACGCTGATTTGTGCAGACCA,0,4300060
yadI_predicted,0.16666666666666666,5,5,ACGCTCGGGGGTAACGATTT,0,4286467
yadI_predicted,0.16666666666666666,5,5,ACGCTCCCGAACGTTTTTAA,0,4313989
yadI_predicted,0.16666666666666666,5,5,ACGCTCATGAATGGACGGCG,0,4320904
yadI_predicted,0.16666666666666666,5,5,ACGCTATTTTTACTTATGTG,0,4295157
yadI_predicted,0.16666666666666666,5,5,ACGCGGTCATGATATAATGG,0,4322735
yadI_predicted,0.16666666666666666,5,5,ACGCCCCACACATTCGTGTG,0,4325537
yadI_predicted,0.16666666666666666,5,5,ACGCAGTTGGCCATCGGCTG,0,4328706
yadI_predicted,0.16666666666666666,5,5,ACGATCAGTCAACGCGGAAT,0,4356480
yadI_predicted,0.16666666666666666,5,5,ACGAGTGTGAATAATGCGAA,0,4292177
yadI_predicted,0.16666666666666666,5,5,ACGAGCGTTTTTTAGTCATG,0,4312170
yadI_predicted,0.16666666666666666,5,5,ACGAATTGCCCCGAAACTTA,0,4313397
yadI_predicted,0.16666666666666666,5,5,ACCTTCCGCAAAAAGCCGGC,0,4354203
yadI_predicted,0.16666666666666666,5,5,ACCTGTTCCAACGACTTTCC,0,4335089
yadI_predicted,0.16666666666666666,5,5,ACCTCGTGAGCGGTCACACC,0,4319600
yadI_predicted,0.16666666666666666,5,5,ACCTCCTGTAGTAATGATTC,0,4329843
yadI_predicted,0.16666666666666666,5,5,ACCTATAGATGGTTGATTGG,0,4316185
yadI_predicted,0.16666666666666666,5,5,ACCTACCAACGTTGGGCAGC,0,4358363
yadI_predicted,0.16666666666666666,5,5,ACCTAATGTTCTGACGGTGT,0,4309379
yadI_predicted,0.16666666666666666,5,5,ACCTAAAGGCCGTTGCAAGA,0,4335365
yadI_predicted,0.16666666666666666,5,5,ACCGTAAAGTACCCTGTTGC,0,4285983
yadI_predicted,0.16666666666666666,5,5,ACCGGTAGTTAGTGTTTCAG,0,4338362
yadI_predicted,0.16666666666666666,5,5,ACCGATTGGTAACAGCCGTC,0,4284904
yadI_predicted,0.16666666666666666,5,5,ACCGACCGAGGTTGTTATAA,0,4311911
yadI_predicted,0.16666666666666666,5,5,ACCCGTATGAGGGCCAAGTG,0,4289372
yadI_predicted,0.16666666666666666,5,5,ACCCCTCGCGTTCTTGTACG,0,4337808
yadI_predicted,0.16666666666666666,5,5,ACCCCTAATTAACGGTACTG,0,4324433
yadI_predicted,0.16666666666666666,5,5,ACCCCGTCAACCATGCCAAA,0,4335275
yadI_predicted,0.16666666666666666,5,5,ACCCAGAGATGCATGGTCTC,0,4296638
yadI_predicted,0.16666666666666666,5,5,ACCCAAGCCCGACTCCTTCA,0,4348406
yadI_predicted,0.16666666666666666,5,5,ACCATGAGTAGATATAAATG,0,4354348
yadI_predicted,0.16666666666666666,5,5,ACCATAGGAGACATCATCGC,0,4363007
yadI_predicted,0.16666666666666666,5,5,ACCAGTCATAAGGTTTCTGC,0,4357956
yadI_predicted,0.16666666666666666,5,5,ACCAGCTTTGGTACCAGTTC,0,4315078
yadI_predicted,0.16666666666666666,5,5,ACCAGCCTTCGAGGGTATCC,0,4337383
yadI_predicted,0.16666666666666666,5,5,ACCAGAGAGTTTGCTGCCCA,0,4335307
yadI_predicted,0.16666666666666666,5,5,ACCACCTATAGGAGGCAGTT,0,4310710
yadI_predicted,0.16666666666666666,5,5,ACCACCAATGTGCAAGGCTC,0,4325446
yadI_predicted,0.16666666666666666,5,5,ACATTAAAGTTTTCAAGCCA,0,4338335
yadI_predicted,0.16666666666666666,5,5,ACATGTCGAAGGGACGCTAC,0,4322315
yadI_predicted,0.16666666666666666,5,5,ACATGGGCGCTGGCACCTAG,0,4340554
yadI_predicted,0.16666666666666666,5,5,ACATCAAAAGAGGGTAACGA,0,4336994
yadI_predicted,0.16666666666666666,5,5,ACATATGCCTATCCTGGTTA,0,4333344
yadI_predicted,0.16666666666666666,5,5,ACATAGAAATAAATTACTCA,0,4319902
yadI_predicted,0.16666666666666666,5,5,ACAGTGTGGACGTGACGCTC,0,4340673
yadI_predicted,0.16666666666666666,5,5,ACAGTGAGCTGAGTGAAAAC,0,4346919
yadI_predicted,0.16666666666666666,5,5,ACAGTAGCCCCCCCCATTAG,0,4321894
yadI_predicted,0.16666666666666666,5,5,ACAGTAGATACCTACCTGCA,0,4314575
yadI_predicted,0.16666666666666666,5,5,ACAGGTGTCCAAGGTAGGGG,0,4356294
yadI_predicted,0.16666666666666666,5,5,ACAGGGAACGGGCCTAAGTC,0,4345392
yadI_predicted,0.16666666666666666,5,5,ACAGGCGATTATTGTATAGA,0,4306541
yadI_predicted,0.16666666666666666,5,5,ACAGGACCACCTTGCTAGAT,0,4342033
yadI_predicted,0.16666666666666666,5,5,ACAGCAAACCAGTCGGAGAT,0,4327517
yadI_predicted,0.16666666666666666,5,5,ACAGATCGGGTAATCGGGGT,0,4332545
yadI_predicted,0.16666666666666666,5,5,ACACTGGTTGCGCCGGGAAT,0,4291873
yadI_predicted,0.16666666666666666,5,5,ACACGTAGTCCCTTGTAAAA,0,4293279
yadI_predicted,0.16666666666666666,5,5,ACACGCCTCGGAGGACAGGC,0,4333150
yadI_predicted,0.16666666666666666,5,5,ACACCGGCTCGAGACCCTAA,0,4348403
yadI_predicted,0.16666666666666666,5,5,ACACACGGAGGTTGAAGTAG,0,4287232
yadI_predicted,0.16666666666666666,5,5,ACACACCTAAAACGCATTGA,0,4325964
yadI_predicted,0.16666666666666666,5,5,ACAAGGGATCCGTCGCCGCT,0,4319531
yadI_predicted,0.16666666666666666,5,5,ACAAGGCAAAATACGCCGAG,0,4287484
yadI_predicted,0.16666666666666666,5,5,ACAAGGCAAAACAAACACAA,0,4350415
yadI_predicted,0.16666666666666666,5,5,ACAACGGTTCAGGCTAGAAC,0,4307522
yadI_predicted,0.16666666666666666,5,5,AATTTCGGACGGCCAAGCCA,0,4332558
yadI_predicted,0.16666666666666666,5,5,AATTTAGGACAGCGGGGCCT,0,4344098
yadI_predicted,0.16666666666666666,5,5,AATTGGTCATGGCGGAAGAG,0,4338159
yadI_predicted,0.16666666666666666,5,5,AATTATTGAACTTCTTTAAA,0,4367007
yadI_predicted,0.16666666666666666,5,5,AATTACCGGCGTTGAGAGAA,0,4291460
yadI_predicted,0.16666666666666666,5,5,AATGGGTTGCACTTAGAGTC,0,4357143
yadI_predicted,0.16666666666666666,5,5,AATGGCGTTGAGACAAGTAG,0,4346083
yadI_predicted,0.16666666666666666,5,5,AATGCCCCGAATTCAACTTA,0,4303425
yadI_predicted,0.16666666666666666,5,5,AATGAATGGCTGGATCATCT,0,4286634
yadI_predicted,0.16666666666666666,5,5,AATCTTAGAGGTTTCGGCTA,0,4361185
yadI_predicted,0.16666666666666666,5,5,AATCGCAGGATGCCCTGTAG,0,4299077
yadI_predicted,0.16666666666666666,5,5,AATCCTCGACCTCGCTCGGT,0,4293351
yadI_predicted,0.16666666666666666,5,5,AATCCACTTACGGTTCAAGT,0,4297371
yadI_predicted,0.16666666666666666,5,5,AATATGTGGGTTGTCTACAT,0,4290230
yadI_predicted,0.16666666666666666,5,5,AATATGGAAGCATGGCGTAC,0,4337491
yadI_predicted,0.16666666666666666,5,5,AATATCTGCACGGCAAAGCA,0,4289088
yadI_predicted,0.16666666666666666,5,5,AATAGTTTAGAAGGCTTCCC,0,4346519
yadI_predicted,0.16666666666666666,5,5,AATAGGGATAAATCCACTAT,0,4363900
yadI_predicted,0.16666666666666666,5,5,AAGTTCGGTAGCCAGGAGAT,0,4288497
yadI_predicted,0.16666666666666666,5,5,AAGTTCGGCTCTCTAGTAGG,0,4291657
yadI_predicted,0.16666666666666666,5,5,AAGTTACCTTGCCTCGTAAA,0,4350534
yadI_predicted,0.16666666666666666,5,5,AAGTTACCCGGATGCTAATT,0,4347799
yadI_predicted,0.16666666666666666,5,5,AAGTGGGAAGGTTGATCTCA,0,4367274
yadI_predicted,0.16666666666666666,5,5,AAGTGCAGTTAGAACATGTC,0,4321437
yadI_predicted,0.16666666666666666,5,5,AAGTGAAGCCTGTTCTAAGC,0,4337113
yadI_predicted,0.16666666666666666,5,5,AAGTAAAGGTGTGGCCAAAG,0,4330650
yadI_predicted,0.16666666666666666,5,5,AAGGTGTCGTAAGTCAATTG,0,4290930
yadI_predicted,0.16666666666666666,5,5,AAGGGCGACTTCGGAGCTCC,0,4311270
yadI_predicted,0.16666666666666666,5,5,AAGGCAGTGCTGATAAGTTG,0,4341842
yadI_predicted,0.16666666666666666,5,5,AAGGACATAGTTCCTCATTC,0,4349309
yadI_predicted,0.16666666666666666,5,5,AAGCTTATGTTGCATCCGGG,0,4299170
yadI_predicted,0.16666666666666666,5,5,AAGCGTTGTTATCATCATAA,0,4328044
yadI_predicted,0.16666666666666666,5,5,AAGCGGGAATGGTTCTAACC,0,4340234
yadI_predicted,0.16666666666666666,5,5,AAGCGATTGCGTGAAAAGAC,0,4313741
yadI_predicted,0.16666666666666666,5,5,AAGCCACGTCTTTTATCGCT,0,4339551
yadI_predicted,0.16666666666666666,5,5,AAGCATCTGGTGCGATGGTG,0,4291308
yadI_predicted,0.16666666666666666,5,5,AAGCAGATAATCGTGTTTAT,0,4349184
yadI_predicted,0.16666666666666666,5,5,AAGCACTGTCTCGGATTTCG,0,4321866
yadI_predicted,0.16666666666666666,5,5,AAGCACCCGGCGGGAAGTTG,0,4368745
yadI_predicted,0.16666666666666666,5,5,AAGACCTGAAACTGCGATGG,0,4315275
yadI_predicted,0.16666666666666666,5,5,AAGACCACCTTCGACTCTAG,0,4359981
yadI_predicted,0.16666666666666666,5,5,AAGAACTATGATGACCCACA,0,4286313
yadI_predicted,0.16666666666666666,5,5,AACTGGTCAGCCAAGGCGGT,0,4347003
yadI_predicted,0.16666666666666666,5,5,AACTCGGGGTTCTGCGAGCC,0,4360736
yadI_predicted,0.16666666666666666,5,5,AACTCAAACTGCATTGCTGC,0,4350589
yadI_predicted,0.16666666666666666,5,5,AACGTGACTAAACAAGCGAA,0,4304655
yadI_predicted,0.16666666666666666,5,5,AACGCGGGGATGAGTGGTTA,0,4297793
yadI_predicted,0.16666666666666666,5,5,AACGATCACTGGGCGTTGTT,0,4316805
yadI_predicted,0.16666666666666666,5,5,AACCTTAGTTGCAAGCGGTG,0,4361206
yadI_predicted,0.16666666666666666,5,5,AACCCTAGCCACTATTGGGA,0,4305107
yadI_predicted,0.16666666666666666,5,5,AACCCGGGACCTGGTTGTTA,0,4295328
yadI_predicted,0.16666666666666666,5,5,AACCCATCTGGTATCTAGGG,0,4338345
yadI_predicted,0.16666666666666666,5,5,AACATGAGCCGAATTGCTGT,0,4309721
yadI_predicted,0.16666666666666666,5,5,AACAGGTTCACCAATACTAC,0,4321153
yadI_predicted,0.16666666666666666,5,5,AACAGGGAGCGCTCGGTAAA,0,4366225
yadI_predicted,0.16666666666666666,5,5,AACAGCCAGACGTAGGAGAG,0,4313607
yadI_predicted,0.16666666666666666,5,5,AACAGCATCCATCTTCGTTG,0,4333115
yadI_predicted,0.16666666666666666,5,5,AACACAGGCTTCGGTCACAC,0,4364056
yadI_predicted,0.16666666666666666,5,5,AAATTCTCGGTGCAGAGGGC,0,4311778
yadI_predicted,0.16666666666666666,5,5,AAATTCAGGTGAGTGGACAG,0,4341956
yadI_predicted,0.16666666666666666,5,5,AAATGGTGCGGGACTTATCT,0,4337301
yadI_predicted,0.16666666666666666,5,5,AAATGCATAGGCTAAGCAGC,0,4313809
yadI_predicted,0.16666666666666666,5,5,AAATCTACAGCAAGGCCTCT,0,4300580
yadI_predicted,0.16666666666666666,5,5,AAATCAAATGGCAACTGAAT,0,4349604
yadI_predicted,0.16666666666666666,5,5,AAATACTGTTGTAATGGATT,0,4335388
yadI_predicted,0.16666666666666666,5,5,AAATAATCGGCCTATTTACA,0,4316229
yadI_predicted,0.16666666666666666,5,5,AAAGTAGACATCGACGGCAG,0,4336453
yadI_predicted,0.16666666666666666,5,5,AAAGCTCTGTGTGGAACACC,0,4307639
yadI_predicted,0.16666666666666666,5,5,AAAGATGTACGGTAGCTCAC,0,4333971
yadI_predicted,0.16666666666666666,5,5,AAAGAGGTATAGAGAGTGAA,0,4342794
yadI_predicted,0.16666666666666666,5,5,AAAGAAAAGGGTAAAGGGTC,0,4360366
yadI_predicted,0.16666666666666666,5,5,AAACGTCCTTACCGAAGTTG,0,4299010
yadI_predicted,0.16666666666666666,5,5,AAACGCCGGCCCTCGGTAAG,0,4366131
yadI_predicted,0.16666666666666666,5,5,AAACGAGAAGTTGGGGGGTT,0,4346432
yadI_predicted,0.16666666666666666,5,5,AAACCTGGGAAGGGGGGGAC,0,4291051
yadI_predicted,0.16666666666666666,5,5,AAACCTAGAAACCAGGGTAT,0,4361698
yadI_predicted,0.16666666666666666,5,5,AAACCGTTGCAGTACAGTAC,0,4307663
yadI_predicted,0.16666666666666666,5,5,AAAAGCTCACTACAACTCAT,0,4313650
yadI_predicted,0.16666666666666666,5,5,AAAAGCGCATGCCTTTCATT,0,4298755
yadI_predicted,0.16666666666666666,5,5,AAAAGCCAGAAGTGCGGGAT,0,4337135
yadI_predicted,0.16666666666666666,5,5,AAAAGATACAAGTAAACGAC,0,4317930
yadI_predicted,0.16666666666666666,5,5,AAAACCTCGTGCATAGGTCC,0,4305331
yadI_predicted,0.2,4,4,TTTTGCTTAGGTTTTTCTAT,0,4300075
yadI_predicted,0.2,4,4,TTTTGATATGTGAGGATACG,0,4339847
yadI_predicted,0.2,4,4,TTTTCCGGGACTTGTCTGCC,0,4354285
yadI_predicted,0.2,4,4,TTTTCATAGTCGCCTCTAGC,0,4319943
yadI_predicted,0.2,4,4,TTTGTTTGTCTGAAGACGGT,0,4287177
yadI_predicted,0.2,4,4,TTTGGTTCCGCACGTTCCAT,0,4319510
yadI_predicted,0.2,4,4,TTTGGTAATACGCCAGAAAT,0,4300835
yadI_predicted,0.2,4,4,TTTGGGATCAGTTTATATTG,0,4339497
yadI_predicted,0.2,4,4,TTTGGATAATCTAATACACA,0,4315109
yadI_predicted,0.2,4,4,TTTGCCGGCTGGTATGGCGA,0,4353301
yadI_predicted,0.2,4,4,TTTGCACACAGGCTGAGAGA,0,4340938
yadI_predicted,0.2,4,4,TTTGATTTCTCAATTTTAAG,0,4348699
yadI_predicted,0.2,4,4,TTTGACAGATCACAGTATTC,0,4347862
yadI_predicted,0.2,4,4,TTTCTCCGATCTCCTCCAAA,0,4347456
yadI_predicted,0.2,4,4,TTTCTATTCAGCCAGAGGCG,0,4347220
yadI_predicted,0.2,4,4,TTTCTACGCCTAAGAAAGGC,0,4361312
yadI_predicted,0.2,4,4,TTTCGTTTCTCGGTAGGACT,0,4315412
yadI_predicted,0.2,4,4,TTTCGAATATTAGTTTTTGA,0,4329086
yadI_predicted,0.2,4,4,TTTCCTGCCGGAAATTCTAC,0,4362834
yadI_predicted,0.2,4,4,TTTCCGGCAACAATCTGGGT,0,4285093
yadI_predicted,0.2,4,4,TTTCCGGAGTGGTTGCCGTC,0,4366569
yadI_predicted,0.2,4,4,TTTCCCAAATGGAGACGGCA,0,4312003
yadI_predicted,0.2,4,4,TTTCACCTCCACTAAGGATA,0,4313919
yadI_predicted,0.2,4,4,TTTCACACGCTGCAGCTGGG,0,4360120
yadI_predicted,0.2,4,4,TTTCAATACATGAGAGTTAT,0,4339685
yadI_predicted,0.2,4,4,TTTCAAAGGCGATAGTAGAC,0,4295320
yadI_predicted,0.2,4,4,TTTATTCACATGGAATTCAG,0,4347993
yadI_predicted,0.2,4,4,TTTATCTCTGCACGTGCCAA,0,4301060
yadI_predicted,0.2,4,4,TTTATATTCGCCATATTTAG,0,4358781
yadI_predicted,0.2,4,4,TTTATATGTTGCGCGTCTTA,0,4288239
yadI_predicted,0.2,4,4,TTTAGCGTTTGACGGGTTTT,0,4301163
yadI_predicted,0.2,4,4,TTTAGATGTTGACCGGCTAA,0,4353523
yadI_predicted,0.2,4,4,TTTAGATGGACGGGGTACAA,0,4334767
yadI_predicted,0.2,4,4,TTTACTTCACGTCCGCTATA,0,4301992
yadI_predicted,0.2,4,4,TTTACTCGTTTTCGTAGGAT,0,4355254
yadI_predicted,0.2,4,4,TTTACCCGATCGCATCGAAA,0,4343260
yadI_predicted,0.2,4,4,TTTACAAGATGACTTGGGCG,0,4362432
yadI_predicted,0.2,4,4,TTTAACGGTTCACCTTGTCA,0,4367855
yadI_predicted,0.2,4,4,TTTAACGGCGCATCTAATCT,0,4361815
yadI_predicted,0.2,4,4,TTTAAATTAAAGGTGTAAGT,0,4307987
yadI_predicted,0.2,4,4,TTTAAACCTATTTTAAGCAT,0,4297082
yadI_predicted,0.2,4,4,TTGTTTGCGCCGGTATGGGT,0,4293281
yadI_predicted,0.2,4,4,TTGTTTCAAATAATCATTCC,0,4318099
yadI_predicted,0.2,4,4,TTGTTGAATGCCTCAGCAGC,0,4339435
yadI_predicted,0.2,4,4,TTGTTCTCGCCCAATTTTGC,0,4323769
yadI_predicted,0.2,4,4,TTGTTATGCCTTCGACACTA,0,4297241
yadI_predicted,0.2,4,4,TTGTTACCGCGCGCAAATCA,0,4360535
yadI_predicted,0.2,4,4,TTGTGCGGCGCGCTTCGGCA,0,4296581
yadI_predicted,0.2,4,4,TTGTGCGCTTACCCGGCCCA,0,4292967
yadI_predicted,0.2,4,4,TTGTGCGAGGCGCCCACGCA,0,4315853
yadI_predicted,0.2,4,4,TTGTCGTGGTCAAGCAGAAG,0,4366452
yadI_predicted,0.2,4,4,TTGTCCGCGTGGTTCATCGA,0,4369809
yadI_predicted,0.2,4,4,TTGTCCGATGTACGATTCAA,0,4331975
yadI_predicted,0.2,4,4,TTGTCCCGACTATAATACGC,0,4367325
yadI_predicted,0.2,4,4,TTGTATACAAAGGGTAGCGG,0,4314474
yadI_predicted,0.2,4,4,TTGTACGTCAGGGCCGTGAG,0,4326315
yadI_predicted,0.2,4,4,TTGGTTCTCCGAGACTCGTG,0,4347225
yadI_predicted,0.2,4,4,TTGGTCATCAGCGAACAAGC,0,4356309
yadI_predicted,0.2,4,4,TTGGGGGAGGCACTTGCGCA,0,4362255
yadI_predicted,0.2,4,4,TTGGGAGCAGTAGGTTTACT,0,4363694
yadI_predicted,0.2,4,4,TTGGAATGCCACGAATTTTT,0,4326211
yadI_predicted,0.2,4,4,TTGCTAAAGCTCAGTTTCGG,0,4315572
yadI_predicted,0.2,4,4,TTGCGGTTCATGACCCAGGC,0,4324149
yadI_predicted,0.2,4,4,TTGCGCGTGCTATTTTTTTC,0,4294713
yadI_predicted,0.2,4,4,TTGCCGTTTCCCACATGCGG,0,4314689
yadI_predicted,0.2,4,4,TTGCCGTGCCCCGCTCCATT,0,4359288
yadI_predicted,0.2,4,4,TTGCCACCCCTGGGACCGGG,0,4367260
yadI_predicted,0.2,4,4,TTGCACGCCATTTAGTACTG,0,4324814
yadI_predicted,0.2,4,4,TTGCACACCTTGGTAGAACG,0,4315976
yadI_predicted,0.2,4,4,TTGACGGTGCGATTTCGTAC,0,4350262
yadI_predicted,0.2,4,4,TTGAACTCAATCACATCACC,0,4308978
yadI_predicted,0.2,4,4,TTCTTCAAGGCATACACTAT,0,4325776
yadI_predicted,0.2,4,4,TTCTTAACATTAGCATGAAG,0,4289463
yadI_predicted,0.2,4,4,TTCTGTTGATTGAACAGGTT,0,4301660
yadI_predicted,0.2,4,4,TTCTGCACCGCAGCACACGG,0,4289259
yadI_predicted,0.2,4,4,TTCTCGGCTAGATCCCACCT,0,4336570
yadI_predicted,0.2,4,4,TTCTATGTCCGGGGTTGTAC,0,4340889
yadI_predicted,0.2,4,4,TTCTAGGAAGTAAATGATAA,0,4343594
yadI_predicted,0.2,4,4,TTCTACGTCGAAACGATCAT,0,4326643
yadI_predicted,0.2,4,4,TTCGTGGCTCAAGAGGGGAC,0,4353639
yadI_predicted,0.2,4,4,TTCGTCTAGGCGGCTGCCAT,0,4356960
yadI_predicted,0.2,4,4,TTCGTAGGGTACACGAACTA,0,4290898
yadI_predicted,0.2,4,4,TTCGCCCCCGTGTGGTCTTT,0,4344772
yadI_predicted,0.2,4,4,TTCGAGGCATTATCTCGTGT,0,4337166
yadI_predicted,0.2,4,4,TTCCGTTTAGGCTTCGGTCC,0,4344876
yadI_predicted,0.2,4,4,TTCCGTTGAAATTTTGCTCT,0,4355581
yadI_predicted,0.2,4,4,TTCCGGCCAATGGAAGTTGC,0,4297641
yadI_predicted,0.2,4,4,TTCCCGGGACATATTCCGAT,0,4289809
yadI_predicted,0.2,4,4,TTCCCGGATCTGGAGTCTCT,0,4333535
yadI_predicted,0.2,4,4,TTCCCCAGGGGTACAATAAC,0,4294366
yadI_predicted,0.2,4,4,TTCCACTTCGGAGATTAGCT,0,4285516
yadI_predicted,0.2,4,4,TTCATACGACCATAAGCGTC,0,4350594
yadI_predicted,0.2,4,4,TTCAGGGGATTAGCCCTCCT,0,4342074
yadI_predicted,0.2,4,4,TTCAGGCAACTTTGACGCGC,0,4336391
yadI_predicted,0.2,4,4,TTCAGATCGTCGGGTGTCAC,0,4351293
yadI_predicted,0.2,4,4,TTCACTCTACGCTTTAGTCC,0,4328985
yadI_predicted,0.2,4,4,TTCACCTCTGCAGACCATTT,0,4302510
yadI_predicted,0.2,4,4,TTCACATCTGGGGGACGGAC,0,4316575
yadI_predicted,0.2,4,4,TTCAAATGGGGCGCGATCAA,0,4286520
yadI_predicted,0.2,4,4,TTATTGTCCCTCAGAATATT,0,4309162
yadI_predicted,0.2,4,4,TTATGTGAATAGCAAAACAA,0,4369998
yadI_predicted,0.2,4,4,TTATCGTTTTGACCGGATAC,0,4352290
yadI_predicted,0.2,4,4,TTATACAGATTGAATTTCTC,0,4287882
yadI_predicted,0.2,4,4,TTAGTTACAACTATCGGTCA,0,4346176
yadI_predicted,0.2,4,4,TTAGTGCAGACCACTGATAG,0,4334547
yadI_predicted,0.2,4,4,TTAGTGAACTGTACATTTTG,0,4315390
yadI_predicted,0.2,4,4,TTAGTAAAAACGGCGTGGTC,0,4285395
yadI_predicted,0.2,4,4,TTAGGCAACTCGACGGAGAA,0,4291407
yadI_predicted,0.2,4,4,TTAGCTAGTCACAATTACAA,0,4285308
yadI_predicted,0.2,4,4,TTAGCTACTTGCGGCACGTT,0,4325535
yadI_predicted,0.2,4,4,TTACTGACCAGTCCCCCGGG,0,4341276
yadI_predicted,0.2,4,4,TTACGAGAAAGTCGTTAGCG,0,4354575
yadI_predicted,0.2,4,4,TTACCATAAGGACTCGCGGA,0,4323155
yadI_predicted,0.2,4,4,TTAATAGCTCGGAATAGCTT,0,4290140
yadI_predicted,0.2,4,4,TTAAGGCTAATGGGGAACGC,0,4333638
yadI_predicted,0.2,4,4,TTAACGTTCCGGAGAGGACG,0,4345555
yadI_predicted,0.2,4,4,TTAACGCGTAGTAAGAGCTA,0,4309869
yadI_predicted,0.2,4,4,TTAAAGTCCCCTCTAGCGTA,0,4341766
yadI_predicted,0.2,4,4,TTAAACGTGTGGTACACACC,0,4345864
yadI_predicted,0.2,4,4,TGTTTATAATGTTGAATTGC,0,4286489
yadI_predicted,0.2,4,4,TGTTCTGATTACCGACCAGC,0,4309503
yadI_predicted,0.2,4,4,TGTTAGTGCATATGCTCTCG,0,4305231
yadI_predicted,0.2,4,4,TGTGTTGGTGTCTGTTGTAG,0,4354259
yadI_predicted,0.2,4,4,TGTGTTGACATAGCGTATAG,0,4289868
yadI_predicted,0.2,4,4,TGTGTTCGATATGCCGCAAA,0,4346656
yadI_predicted,0.2,4,4,TGTGTACCTTTTGTGTTAAG,0,4323041
yadI_predicted,0.2,4,4,TGTGTAAGAATAGTGGCCTA,0,4308315
yadI_predicted,0.2,4,4,TGTGGTCTGGGGAAGAAGAT,0,4363530
yadI_predicted,0.2,4,4,TGTGGTCACTAGCACGGGGA,0,4324015
yadI_predicted,0.2,4,4,TGTGGCGAACTTTGTGCGAA,0,4292769
yadI_predicted,0.2,4,4,TGTGCGGCAACCCACATAGT,0,4303729
yadI_predicted,0.2,4,4,TGTGCCATCACACTCAATCC,0,4319280
yadI_predicted,0.2,4,4,TGTGATTTAAGATGATACAA,0,4365458
yadI_predicted,0.2,4,4,TGTGAACCTGGGGATATTCA,0,4291545
yadI_predicted,0.2,4,4,TGTCTGTTTCGGAGGTGTAT,0,4288548
yadI_predicted,0.2,4,4,TGTCTGTAAGCGGCAATCTT,0,4351170
yadI_predicted,0.2,4,4,TGTCGCATCGGTGTGAGAGA,0,4320247
yadI_predicted,0.2,4,4,TGTCGATCTGCTGCGGTCAT,0,4350785
yadI_predicted,0.2,4,4,TGTAGGCGGCAGGTGCATTA,0,4355373
yadI_predicted,0.2,4,4,TGTACTCACCTTGGGAGCCT,0,4340245
yadI_predicted,0.2,4,4,TGTACCAAACGGAAACGCGT,0,4345439
yadI_predicted,0.2,4,4,TGTACAGGGTGATTTGTTAT,0,4366627
yadI_predicted,0.2,4,4,TGTAAAGACCGTATACATCT,0,4365692
yadI_predicted,0.2,4,4,TGGTTTCTGAGGGGAAGCGG,0,4367288
yadI_predicted,0.2,4,4,TGGTGGAAAGACAGAGCAGA,0,4321663
yadI_predicted,0.2,4,4,TGGGTTTACTCAATGTTCAC,0,4286182
yadI_predicted,0.2,4,4,TGGGTTGGGTAGGCTGGTCG,0,4303104
yadI_predicted,0.2,4,4,TGGGTTGGCCAAGAGCGGGA,0,4314874
yadI_predicted,0.2,4,4,TGGGTCGTGTACGAGTTAAA,0,4356353
yadI_predicted,0.2,4,4,TGGGGGCAGGCAATGTGGAA,0,4321829
yadI_predicted,0.2,4,4,TGGGGCCTAGATAGCATGGA,0,4362742
yadI_predicted,0.2,4,4,TGGGGCCGCAACTTCGGAGT,0,4305738
yadI_predicted,0.2,4,4,TGGGGAAAGGGTCCGCGTGT,0,4364460
yadI_predicted,0.2,4,4,TGGGCGGATTGATCTCAGAA,0,4314785
yadI_predicted,0.2,4,4,TGGGATATGTTGACTAATGG,0,4361298
yadI_predicted,0.2,4,4,TGGGAGATTAGATCTGGGTG,0,4309407
yadI_predicted,0.2,4,4,TGGGAATGGAACCAGATGGG,0,4335468
yadI_predicted,0.2,4,4,TGGGAATGATGTGTCTTTGC,0,4289365
yadI_predicted,0.2,4,4,TGGCTGTCGAGAGCAGCAAA,0,4312328
yadI_predicted,0.2,4,4,TGGCTGAGATATACGGGTCT,0,4334066
yadI_predicted,0.2,4,4,TGGCGCCTTCAATTCCTTCT,0,4358269
yadI_predicted,0.2,4,4,TGGCGACATCATCAACTTTG,0,4303102
yadI_predicted,0.2,4,4,TGGCCCCTAGGTATTACCAA,0,4290399
yadI_predicted,0.2,4,4,TGGCCAGTGAGAATCTCAGG,0,4345234
yadI_predicted,0.2,4,4,TGGCAGGTCGTACACATTAT,0,4312268
yadI_predicted,0.2,4,4,TGGCAAGGTACCCGCACCGT,0,4328501
yadI_predicted,0.2,4,4,TGGAGGCAGGCGGCAATCAC,0,4365486
yadI_predicted,0.2,4,4,TGGAGCTGCCGAAATCTCGT,0,4348900
yadI_predicted,0.2,4,4,TGGAGAACGGGCGGTTTAAA,0,4344021
yadI_predicted,0.2,4,4,TGGACCCTCAAAATCACAGT,0,4297710
yadI_predicted,0.2,4,4,TGCTTGGTAATCTCACTCGG,0,4338259
yadI_predicted,0.2,4,4,TGCTTACTCCAAACAGCGGT,0,4337568
yadI_predicted,0.2,4,4,TGCTGTCCAACCGGCTGCAG,0,4314442
yadI_predicted,0.2,4,4,TGCTGCAGCGTTCATGCGAT,0,4303596
yadI_predicted,0.2,4,4,TGCTGAGGTTGCCTCATGTT,0,4338470
yadI_predicted,0.2,4,4,TGCTCGAGGCCGAGTCGACC,0,4310556
yadI_predicted,0.2,4,4,TGCTCCTATAAACACCATAT,0,4290263
yadI_predicted,0.2,4,4,TGCTAGGACCAAGTCCCTTG,0,4315306
yadI_predicted,0.2,4,4,TGCTAATGTTCCAGAACAGT,0,4333724
yadI_predicted,0.2,4,4,TGCGTCAGAGGCGTATTAGC,0,4321614
yadI_predicted,0.2,4,4,TGCGGGAACTATTTCCTTGC,0,4319847
yadI_predicted,0.2,4,4,TGCGGATTGCAAATCGCCTA,0,4340010
yadI_predicted,0.2,4,4,TGCGCGAAACAGTGTCTTAC,0,4306152
yadI_predicted,0.2,4,4,TGCGCATGTTAGGGTGGAAA,0,4318262
yadI_predicted,0.2,4,4,TGCGATCGCGAAAGGCACAA,0,4326710
yadI_predicted,0.2,4,4,TGCGAAGTAGAAGCTCGGTC,0,4292000
yadI_predicted,0.2,4,4,TGCCTTCAGGGGTCAAGATT,0,4318378
yadI_predicted,0.2,4,4,TGCCTGGTATCTGTGCAGAC,0,4359916
yadI_predicted,0.2,4,4,TGCCGCTTAACCATTGTCTT,0,4346583
yadI_predicted,0.2,4,4,TGCCATTTATGGAACCCGCG,0,4339418
yadI_predicted,0.2,4,4,TGCCAGATATTAGCCTGCCT,0,4355797
yadI_predicted,0.2,4,4,TGCCAAGTGACGTTTCTCGG,0,4349565
yadI_predicted,0.2,4,4,TGCCAAACGATTACTTTCGT,0,4358449
yadI_predicted,0.2,4,4,TGCATGTTAACTCCGAGATA,0,4332068
yadI_predicted,0.2,4,4,TGCATGCCTGGGACGAACAT,0,4355970
yadI_predicted,0.2,4,4,TGCATCCTTTTAGCCCAGTG,0,4301051
yadI_predicted,0.2,4,4,TGCAGTCAGGGGCGTTTGAG,0,4364771
yadI_predicted,0.2,4,4,TGCACCGTGGTGAACTGGCA,0,4324981
yadI_predicted,0.2,4,4,TGCACCACTCATGATTCATA,0,4362896
yadI_predicted,0.2,4,4,TGCAAATGTTAGATGCCACG,0,4309480
yadI_predicted,0.2,4,4,TGCAAACTTGCAAGCATACG,0,4305555
yadI_predicted,0.2,4,4,TGATTTGACAAGCCTGCGGT,0,4332061
yadI_predicted,0.2,4,4,TGATTTAGTGTCATCCTCGT,0,4349195
yadI_predicted,0.2,4,4,TGATTGGTCACGTCCGGCAC,0,4358212
yadI_predicted,0.2,4,4,TGATTGCCCTATCTCAGTTG,0,4308545
yadI_predicted,0.2,4,4,TGATTAAGTACAATTGACCT,0,4343270
yadI_predicted,0.2,4,4,TGATATTAAAGCCGCCGGGT,0,4354751
yadI_predicted,0.2,4,4,TGATAGCTAGGTCATCTGCA,0,4324228
yadI_predicted,0.2,4,4,TGAGTTCCGACGAGGGAAAC,0,4357423
yadI_predicted,0.2,4,4,TGAGTTCAGTTCCCAGGGAA,0,4364557
yadI_predicted,0.2,4,4,TGAGTCTGGCTCCTCGTTAA,0,4347161
yadI_predicted,0.2,4,4,TGAGTATTAAGGGCCAAGGT,0,4349256
yadI_predicted,0.2,4,4,TGAGGTATTGGTGTCTGACG,0,4292956
yadI_predicted,0.2,4,4,TGAGGTAATGAACCATATGT,0,4329410
yadI_predicted,0.2,4,4,TGAGCTTTCGGTTTAGTCTC,0,4296858
yadI_predicted,0.2,4,4,TGAGCTCCACTGAATCGTAT,0,4316123
yadI_predicted,0.2,4,4,TGAGCGTTCCACCGGTACGG,0,4289648
yadI_predicted,0.2,4,4,TGAGAGACTGGGCGTGCGGC,0,4287335
yadI_predicted,0.2,4,4,TGACTTCACACCTGGCGTTG,0,4354194
yadI_predicted,0.2,4,4,TGACTACGTGCACAGCCGCT,0,4298602
yadI_predicted,0.2,4,4,TGACCGACCATCCGAAAAGA,0,4339249
yadI_predicted,0.2,4,4,TGACAGTTTGGCAAAGTAAG,0,4294617
yadI_predicted,0.2,4,4,TGACAATGAGAATTAGATCG,0,4317886
yadI_predicted,0.2,4,4,TGACAAGGTTGTGGTATGTA,0,4288683
yadI_predicted,0.2,4,4,TGAATTTGTGTCTGGCTCGC,0,4297280
yadI_predicted,0.2,4,4,TGAATTGGGCGGTCGCTCTT,0,4288929
yadI_predicted,0.2,4,4,TGAATTCTTACACATATCCA,0,4359691
yadI_predicted,0.2,4,4,TGAATAAGATAAGGTGAGGT,0,4366275
yadI_predicted,0.2,4,4,TGAAGTTCTTCATGGTACCT,0,4368434
yadI_predicted,0.2,4,4,TGAAGATGATAATTGAAACG,0,4342876
yadI_predicted,0.2,4,4,TCTTTGGGTGATGACGAATT,0,4289730
yadI_predicted,0.2,4,4,TCTTTCGAGCATAACGGCAT,0,4327111
yadI_predicted,0.2,4,4,TCTTTCCCGTATCGAGAATC,0,4336795
yadI_predicted,0.2,4,4,TCTTTAGTCCTGGTGCTGTA,0,4301846
yadI_predicted,0.2,4,4,TCTTTAGCCCATTATACTAT,0,4291685
yadI_predicted,0.2,4,4,TCTTCCTGATTTCCCCACGG,0,4324169
yadI_predicted,0.2,4,4,TCTTCCGGTCTTACGTCTAT,0,4286068
yadI_predicted,0.2,4,4,TCTTATTAAAAGGAACTTTC,0,4333333
yadI_predicted,0.2,4,4,TCTTATGCATGTTTGTTGCA,0,4316255
yadI_predicted,0.2,4,4,TCTTATCAGACGGCGGCAAA,0,4329171
yadI_predicted,0.2,4,4,TCTTAGCGATCTTGACTTAT,0,4300371
yadI_predicted,0.2,4,4,TCTTAGATCAGGGGTGTTTA,0,4296652
yadI_predicted,0.2,4,4,TCTGTCAATGTTGAGAAAGT,0,4304450
yadI_predicted,0.2,4,4,TCTGGTGCGTTAGCGTAGCC,0,4324833
yadI_predicted,0.2,4,4,TCTGGATCGTCGTATATCCA,0,4289171
yadI_predicted,0.2,4,4,TCTGGAGCCGCATGGCTAGA,0,4361383
yadI_predicted,0.2,4,4,TCTGCGCCCATCGCTGCAAA,0,4309732
yadI_predicted,0.2,4,4,TCTGATTCATATTCCATCTT,0,4365904
yadI_predicted,0.2,4,4,TCTGAGGTAACCCGGCCTCA,0,4318981
yadI_predicted,0.2,4,4,TCTCTATTTAGATACTCTTG,0,4343508
yadI_predicted,0.2,4,4,TCTCGGAGCGCCGTTATTTT,0,4365652
yadI_predicted,0.2,4,4,TCTCGCGACTAAATTCCCGT,0,4355302
yadI_predicted,0.2,4,4,TCTCCCACGCGTATATATGT,0,4324007
yadI_predicted,0.2,4,4,TCTCCAGTGGTCAAGTGTCT,0,4284350
yadI_predicted,0.2,4,4,TCTCAGGAGGGGGTACGCTC,0,4290207
yadI_predicted,0.2,4,4,TCTCAGCTCGTTTAACGGCT,0,4330150
yadI_predicted,0.2,4,4,TCTAGTACTTGCTAATTCTA,0,4285311
yadI_predicted,0.2,4,4,TCTAGCGGCCGTTGTGGACA,0,4355238
yadI_predicted,0.2,4,4,TCTACTACGGCAGCGCTCGT,0,4357343
yadI_predicted,0.2,4,4,TCTACGATTAACCGAAGATA,0,4367898
yadI_predicted,0.2,4,4,TCTACCCGGGACTGGCTTGC,0,4287537
yadI_predicted,0.2,4,4,TCTAATAGTCCCTCTCAAAG,0,4367956
yadI_predicted,0.2,4,4,TCTAAGGCTTATTAGGTAAT,0,4328710
yadI_predicted,0.2,4,4,TCGTATGCCTTTGGGCCGAG,0,4320916
yadI_predicted,0.2,4,4,TCGTAACTTAAGCATAAGGC,0,4348932
yadI_predicted,0.2,4,4,TCGTAACGTAGGACGTGTCA,0,4294778
yadI_predicted,0.2,4,4,TCGGTTGGTGCTTTGAGTAG,0,4367849
yadI_predicted,0.2,4,4,TCGGTTCTCATGAAGGTCGC,0,4299672
yadI_predicted,0.2,4,4,TCGGTCGTCCAATGAGCCCG,0,4324823
yadI_predicted,0.2,4,4,TCGGTCCGCCCACATATTTA,0,4345648
yadI_predicted,0.2,4,4,TCGGGTTACTACGAACCCTT,0,4349407
yadI_predicted,0.2,4,4,TCGGGCTGCACACATACTAT,0,4361639
yadI_predicted,0.2,4,4,TCGGGCAGAGTATAGTGATC,0,4344044
yadI_predicted,0.2,4,4,TCGGGATCTCCAAGACATAG,0,4294865
yadI_predicted,0.2,4,4,TCGGGACCGGTCGTAAGTTA,0,4344620
yadI_predicted,0.2,4,4,TCGGGAATGGCTGTCGGTAA,0,4368465
yadI_predicted,0.2,4,4,TCGGGAACGTGGACTTGGTA,0,4347929
yadI_predicted,0.2,4,4,TCGGCCATTCAGGAGACTGG,0,4318684
yadI_predicted,0.2,4,4,TCGGCCAATTTGGTTGATGT,0,4288194
yadI_predicted,0.2,4,4,TCGGATTTTCAAGCCACCCA,0,4306228
yadI_predicted,0.2,4,4,TCGGATGGAGAGGAAGGGTA,0,4363213
yadI_predicted,0.2,4,4,TCGCTAGTATGAAGGTACTG,0,4349114
yadI_predicted,0.2,4,4,TCGCGCCGTTATCGGAATAG,0,4348999
yadI_predicted,0.2,4,4,TCGCCTCCGAATGTTTTAGG,0,4290468
yadI_predicted,0.2,4,4,TCGCCTCACCGCATGTGTGT,0,4360446
yadI_predicted,0.2,4,4,TCGATGCGCGAGCGGCACTG,0,4284351
yadI_predicted,0.2,4,4,TCGATCAAGGGTGCCCAGTA,0,4330387
yadI_predicted,0.2,4,4,TCGACTACAGTTATACCGTT,0,4319043
yadI_predicted,0.2,4,4,TCGACCATGAGCCGCCTACT,0,4290126
yadI_predicted,0.2,4,4,TCCTTGTCTGCTTGGCATTG,0,4367286
yadI_predicted,0.2,4,4,TCCTGCAGAATGAAACGGGA,0,4367139
yadI_predicted,0.2,4,4,TCCTCGTGTGGAAGAACTGC,0,4361338
yadI_predicted,0.2,4,4,TCCTCATCTCACCATTATCA,0,4337045
yadI_predicted,0.2,4,4,TCCTATGTACACAATCCTTA,0,4333697
yadI_predicted,0.2,4,4,TCCGGTCACGCCCGAGGACC,0,4368504
yadI_predicted,0.2,4,4,TCCGGGAGACGTGAATCGTC,0,4291514
yadI_predicted,0.2,4,4,TCCGCTTCGTACCTACTGGT,0,4290364
yadI_predicted,0.2,4,4,TCCGCGTATATGAATTAGTC,0,4357122
yadI_predicted,0.2,4,4,TCCGCCGGGTCAATAAGGCA,0,4322601
yadI_predicted,0.2,4,4,TCCCTGGCTTGAGAGAGTAT,0,4356217
yadI_predicted,0.2,4,4,TCCCTCCGAGTGCACTCGTC,0,4356800
yadI_predicted,0.2,4,4,TCCCCGGTCCCGTCAAGTGG,0,4326548
yadI_predicted,0.2,4,4,TCCCATTATATCCACGGCGC,0,4368242
yadI_predicted,0.2,4,4,TCCCAGCCCGCGCTCCTTTG,0,4310501
yadI_predicted,0.2,4,4,TCCCACTGCTCCATTAATCC,0,4335141
yadI_predicted,0.2,4,4,TCCATTTCAGCATCCAAATG,0,4362494
yadI_predicted,0.2,4,4,TCCATTCGGTCACAGGCTCT,0,4347748
yadI_predicted,0.2,4,4,TCCAGCCAAAGCCATGCGGA,0,4365810
yadI_predicted,0.2,4,4,TCCACCGGAAGATGATGTAC,0,4298088
yadI_predicted,0.2,4,4,TCCACAACCATGAAAGATTA,0,4307811
yadI_predicted,0.2,4,4,TCCAATGGGCAGTTCTCGCT,0,4290133
yadI_predicted,0.2,4,4,TCATTTCTTCTAGACACCCA,0,4292736
yadI_predicted,0.2,4,4,TCATTCTGGAGTGCCCATAA,0,4297649
yadI_predicted,0.2,4,4,TCATGGCACCAGATAGACCC,0,4342399
yadI_predicted,0.2,4,4,TCATGGCAAGTGAAACTCTA,0,4338601
yadI_predicted,0.2,4,4,TCATAACCTTTGTCTGGGGG,0,4310012
yadI_predicted,0.2,4,4,TCAGTTTTACGGAAGTCTAA,0,4299953
yadI_predicted,0.2,4,4,TCAGTATTGTCGAATAAGCT,0,4344672
yadI_predicted,0.2,4,4,TCAGCTACAAGGAGTAGTTA,0,4302861
yadI_predicted,0.2,4,4,TCAGCTAAAGTTGGCAGAAT,0,4344727
yadI_predicted,0.2,4,4,TCAGCGTAAGTGTCGGCATA,0,4366737
yadI_predicted,0.2,4,4,TCAGCGCGGTTGATGGGCAA,0,4337872
yadI_predicted,0.2,4,4,TCAGAATGAGATGGAGCTTC,0,4335207
yadI_predicted,0.2,4,4,TCACGGACCGGTCATTATAC,0,4357486
yadI_predicted,0.2,4,4,TCACGACTCATATACAAGTC,0,4292822
yadI_predicted,0.2,4,4,TCAATCGTAGATCTTTAAAG,0,4338157
yadI_predicted,0.2,4,4,TCAATCCCTAGCGCATAAAT,0,4337817
yadI_predicted,0.2,4,4,TCAAGCTAAGTACGTGGAAA,0,4318881
yadI_predicted,0.2,4,4,TCAACCAACTTGATCCCGCT,0,4295071
yadI_predicted,0.2,4,4,TCAAACTGAGAGTTACTAAA,0,4306207
yadI_predicted,0.2,4,4,TCAAACAAGAAACTAACGGG,0,4291458
yadI_predicted,0.2,4,4,TATTTTGCACACAGCAGGTG,0,4337587
yadI_predicted,0.2,4,4,TATTCGTTCGATCGTTTCTT,0,4321224
yadI_predicted,0.2,4,4,TATTCCTCTATTATCGCGTC,0,4285086
yadI_predicted,0.2,4,4,TATTCCTCGGAGGCTAGTGG,0,4293241
yadI_predicted,0.2,4,4,TATTCAATGGGAAGCGCAAG,0,4302781
yadI_predicted,0.2,4,4,TATGTGGCGGTGCGCGAGAT,0,4332150
yadI_predicted,0.2,4,4,TATGTGGCGATTAGTTTTTT,0,4345236
yadI_predicted,0.2,4,4,TATGTCGGCCCTAGTTCGAA,0,4343087
yadI_predicted,0.2,4,4,TATGGGCCATTAATCCAGAA,0,4288018
yadI_predicted,0.2,4,4,TATGGCGGCGTGGCACAAGT,0,4358414
yadI_predicted,0.2,4,4,TATGCTGACCTGAATAGGGG,0,4289800
yadI_predicted,0.2,4,4,TATGACGGCATTCTTTCTTT,0,4334405
yadI_predicted,0.2,4,4,TATCTTGTAAATGCCAGGGG,0,4298351
yadI_predicted,0.2,4,4,TATCCTCACTCCAATGGTCT,0,4295535
yadI_predicted,0.2,4,4,TATCACTGACCAGTACAGGA,0,4294309
yadI_predicted,0.2,4,4,TATAGGGGGGGGCTAGTCAT,0,4355296
yadI_predicted,0.2,4,4,TATAGCCCAGCCGCGGCGGC,0,4329602
yadI_predicted,0.2,4,4,TATACATCTTTAAGCTGAAG,0,4328352
yadI_predicted,0.2,4,4,TATAAATAGCTCTACTTGGT,0,4295925
yadI_predicted,0.2,4,4,TAGTGGTTTGCAGGGAGGAA,0,4343077
yadI_predicted,0.2,4,4,TAGGTGTCCGGCCGGACTAA,0,4295122
yadI_predicted,0.2,4,4,TAGGTGAAGAGATCATGTCG,0,4311051
yadI_predicted,0.2,4,4,TAGGGGTTGGAAGGTCGTTC,0,4366700
yadI_predicted,0.2,4,4,TAGGCGGCACACCATCGACT,0,4309436
yadI_predicted,0.2,4,4,TAGGCGAGGCCAGTAACCAT,0,4308123
yadI_predicted,0.2,4,4,TAGGATAGTAGAACCCAGTG,0,4311652
yadI_predicted,0.2,4,4,TAGCTGGGAGTGGTAAGAAG,0,4357053
yadI_predicted,0.2,4,4,TAGCGTGACCGGGGTAACTT,0,4286114
yadI_predicted,0.2,4,4,TAGCGGTGGAGCTGTCGATT,0,4292814
yadI_predicted,0.2,4,4,TAGCGGGCCAACCACTGATG,0,4285694
yadI_predicted,0.2,4,4,TAGCGGCGTGATGAAGACAC,0,4300448
yadI_predicted,0.2,4,4,TAGCCGACTCATTCCCTACA,0,4302601
yadI_predicted,0.2,4,4,TAGCATCTCCGGGCGGTACA,0,4320562
yadI_predicted,0.2,4,4,TAGCAGACAGACAATGCCCT,0,4320156
yadI_predicted,0.2,4,4,TAGATCCTTCAGGCATATAC,0,4308037
yadI_predicted,0.2,4,4,TAGATAGGCAACCTCGTAAA,0,4351407
yadI_predicted,0.2,4,4,TAGAGTCTAATACAGTTAGA,0,4348565
yadI_predicted,0.2,4,4,TAGACTTGAATACCCACATA,0,4312282
yadI_predicted,0.2,4,4,TAGACCGTGAGGAAACTGCT,0,4327361
yadI_predicted,0.2,4,4,TACTGGTCTATACGTATAAT,0,4292836
yadI_predicted,0.2,4,4,TACTGGGAAATATGTAAGAG,0,4361304
yadI_predicted,0.2,4,4,TACTGACCGCGCGACAAATG,0,4343500
yadI_predicted,0.2,4,4,TACTCTGCTTGACCGCACCG,0,4329174
yadI_predicted,0.2,4,4,TACTCTACGCAGCTCTCGGA,0,4351634
yadI_predicted,0.2,4,4,TACTCGATTTTCCAGACGGC,0,4333148
yadI_predicted,0.2,4,4,TACTCCTATCTTATGGAGCA,0,4319168
yadI_predicted,0.2,4,4,TACTCCCCTGATTCATAATT,0,4338696
yadI_predicted,0.2,4,4,TACTAATTAGATTGAGCGAC,0,4286006
yadI_predicted,0.2,4,4,TACTAAACAAGCCCGGGTGA,0,4292590
yadI_predicted,0.2,4,4,TACGTCGCTAGAACTAATAC,0,4319459
yadI_predicted,0.2,4,4,TACGGTTCGTCCGTATACTG,0,4321746
yadI_predicted,0.2,4,4,TACGCCCTAGTTAACAGACG,0,4323775
yadI_predicted,0.2,4,4,TACGATGTCTATCGTGCTTC,0,4292367
yadI_predicted,0.2,4,4,TACGATCAGTTTCACGGCGT,0,4321205
yadI_predicted,0.2,4,4,TACCTGTGCTCGAGGGTTCG,0,4357101
yadI_predicted,0.2,4,4,TACCTCATGGCACCGGTCAG,0,4308259
yadI_predicted,0.2,4,4,TACCCCCACTACGTGAAGAT,0,4285046
yadI_predicted,0.2,4,4,TACATAGGATACCTCAGTCG,0,4289373
yadI_predicted,0.2,4,4,TACATAGACACACCGTCGCA,0,4301687
yadI_predicted,0.2,4,4,TACAGGGAACGTTCATGATG,0,4312692
yadI_predicted,0.2,4,4,TACACGGGACAGCGACAGAC,0,4341676
yadI_predicted,0.2,4,4,TAATTTAGGAGGACTCTTGT,0,4343746
yadI_predicted,0.2,4,4,TAATTTAACCCATCGTAGCC,0,4289904
yadI_predicted,0.2,4,4,TAATTCGGTAAAGACCGTCA,0,4299888
yadI_predicted,0.2,4,4,TAATGGCTGCTCCCACGTTT,0,4305778
yadI_predicted,0.2,4,4,TAATGCCAACGAACCTGGGA,0,4332785
yadI_predicted,0.2,4,4,TAATCTTTTCATCGAACATC,0,4334174
yadI_predicted,0.2,4,4,TAATCATGCAGTTAATTTAC,0,4289283
yadI_predicted,0.2,4,4,TAATAGGCACCCGGGATGGC,0,4296287
yadI_predicted,0.2,4,4,TAAGTTGCGTCCTATTTAGG,0,4364687
yadI_predicted,0.2,4,4,TAAGTCGCGAGGGCCGATGC,0,4359135
yadI_predicted,0.2,4,4,TAAGGTGGGCGTCATTTCCG,0,4329432
yadI_predicted,0.2,4,4,TAAGCTATTCAGCGGGCGGG,0,4301776
yadI_predicted,0.2,4,4,TAAGCGAGTTAGCACGACTA,0,4299068
yadI_predicted,0.2,4,4,TAAGATCGTACTTAACGGTC,0,4321617
yadI_predicted,0.2,4,4,TAAGAGGTACATTCGGTCCC,0,4304836
yadI_predicted,0.2,4,4,TAACTCGGTTGTCACGTCGG,0,4313425
yadI_predicted,0.2,4,4,TAACGATGATGTTGCCCCAT,0,4342153
yadI_predicted,0.2,4,4,TAACGACAGCATGAGAACAA,0,4349489
yadI_predicted,0.2,4,4,TAACCTTGCTAATCAGCTAA,0,4315821
yadI_predicted,0.2,4,4,TAACATGTGCTTGTCTGGTA,0,4369666
yadI_predicted,0.2,4,4,TAAAGTTCGCGTCAAACACT,0,4318389
yadI_predicted,0.2,4,4,TAAACGTCAAGCTCCGGGGG,0,4337238
yadI_predicted,0.2,4,4,TAAACGATTCTTATCATTGA,0,4360982
yadI_predicted,0.2,4,4,TAAACCCTCTGAGAGCCCGG,0,4330466
yadI_predicted,0.2,4,4,TAAAATGATGCGGTTTGATC,0,4301924
yadI_predicted,0.2,4,4,GTTTGCGTAACTATGTATAT,0,4364733
yadI_predicted,0.2,4,4,GTTTGCCAGAGGAATAAATT,0,4339115
yadI_predicted,0.2,4,4,GTTTGCAAAAACGAGCAAAA,0,4325155
yadI_predicted,0.2,4,4,GTTTCGAAGATGAAGTGGTA,0,4365528
yadI_predicted,0.2,4,4,GTTTCACATCAAGAAGCCTC,0,4292536
yadI_predicted,0.2,4,4,GTTTAGTTTTAATTTTGAAC,0,4298332
yadI_predicted,0.2,4,4,GTTTAAAGGTGAGTCGTCGT,0,4354006
yadI_predicted,0.2,4,4,GTTGTACTCCTGCCCTCCCC,0,4287024
yadI_predicted,0.2,4,4,GTTGGGTGAGTTACCTATAC,0,4290786
yadI_predicted,0.2,4,4,GTTGATCCCTCAGGATACTG,0,4340009
yadI_predicted,0.2,4,4,GTTCTGTCACTAGGCCTAAA,0,4286365
yadI_predicted,0.2,4,4,GTTCGCAGCCTCCGCGGGTC,0,4368059
yadI_predicted,0.2,4,4,GTTCCACCTTCGTAGTCCGC,0,4314699
yadI_predicted,0.2,4,4,GTTCATACGAAGAGTGGTTC,0,4342362
yadI_predicted,0.2,4,4,GTTCACTTCAGGCGTCATGA,0,4346087
yadI_predicted,0.2,4,4,GTTATAGTGTTGTTGTTTTT,0,4349311
yadI_predicted,0.2,4,4,GTTATAAGTACTGCTAGGAT,0,4318092
yadI_predicted,0.2,4,4,GTTAGGGGGCTGTATGACAG,0,4334554
yadI_predicted,0.2,4,4,GTTACCACGGATCATGTGAG,0,4322835
yadI_predicted,0.2,4,4,GTGTTCCCGTGGGAGTTCGT,0,4324267
yadI_predicted,0.2,4,4,GTGTGTTGGCCGCTTCTTTC,0,4290462
yadI_predicted,0.2,4,4,GTGTGTGTCCGCTACATTCA,0,4284967
yadI_predicted,0.2,4,4,GTGTCGGGCCAATGGTCCGC,0,4300407
yadI_predicted,0.2,4,4,GTGTATTCGCACTATCCATG,0,4322753
yadI_predicted,0.2,4,4,GTGTAGACGGTGGTCGGGTG,0,4314440
yadI_predicted,0.2,4,4,GTGGGGCCAAGAGTATTCAT,0,4359457
yadI_predicted,0.2,4,4,GTGGCTGTTATGATACACCT,0,4300223
yadI_predicted,0.2,4,4,GTGGCATGAGTATCAGTTTC,0,4356649
yadI_predicted,0.2,4,4,GTGCTGTATGAGCATAGAAT,0,4337929
yadI_predicted,0.2,4,4,GTGCTGATCTTCTGGTAGTT,0,4341009
yadI_predicted,0.2,4,4,GTGCGTACTGCTGCGGGCAA,0,4332106
yadI_predicted,0.2,4,4,GTGCGGGCATAGCCACATTC,0,4370057
yadI_predicted,0.2,4,4,GTGCCACGGTATGTGGTCAC,0,4325798
yadI_predicted,0.2,4,4,GTGCCAACGTAGTCCACTCT,0,4369144
yadI_predicted,0.2,4,4,GTGCAAATCGGCTCAAGTAA,0,4295331
yadI_predicted,0.2,4,4,GTGACGCTTGCAGATACATT,0,4344130
yadI_predicted,0.2,4,4,GTGACCTATTGAGGGTCGGC,0,4319446
yadI_predicted,0.2,4,4,GTGACATCCCTGCAAGAGGT,0,4289394
yadI_predicted,0.2,4,4,GTGAAGGCGGTCGCAGACAG,0,4294273
yadI_predicted,0.2,4,4,GTGAAAGCGCTAATTTGCTC,0,4337431
yadI_predicted,0.2,4,4,GTCTTTAGAGTGTGACAAAT,0,4328041
yadI_predicted,0.2,4,4,GTCTTACGCCGCTGTGGTAC,0,4359142
yadI_predicted,0.2,4,4,GTCTGGAAGGCTGAGGTAGT,0,4366895
yadI_predicted,0.2,4,4,GTCTGCAGCGCTAGTAGTTG,0,4367678
yadI_predicted,0.2,4,4,GTCTCCGCTGACGTGGCGTT,0,4309390
yadI_predicted,0.2,4,4,GTCTATTTCTCTTGTTTTGA,0,4367036
yadI_predicted,0.2,4,4,GTCGGTCGGCGCGGAATTAT,0,4306072
yadI_predicted,0.2,4,4,GTCCGAGAAAATAAGCGTTA,0,4298247
yadI_predicted,0.2,4,4,GTCCAAAACGCTGAAGGAGA,0,4309491
yadI_predicted,0.2,4,4,GTCATGGGGGTGGTAAATAC,0,4316812
yadI_predicted,0.2,4,4,GTCATATGTAGTAATGATGA,0,4339480
yadI_predicted,0.2,4,4,GTCAGTTATATGGTTATACC,0,4292777
yadI_predicted,0.2,4,4,GTCACGTTTAACTAGACACC,0,4350828
yadI_predicted,0.2,4,4,GTCAAGCCCACGCGGTAGGC,0,4345905
yadI_predicted,0.2,4,4,GTATTGTTACCTAAAGTGGT,0,4364531
yadI_predicted,0.2,4,4,GTATTCCCGGTTATGCATAA,0,4296515
yadI_predicted,0.2,4,4,GTATTAGGCGACCGGTCAGG,0,4342806
yadI_predicted,0.2,4,4,GTATGATTGACGGTCGTTAA,0,4358321
yadI_predicted,0.2,4,4,GTATCAAGCCAGCGCCCGTG,0,4369286
yadI_predicted,0.2,4,4,GTATAATCACACTCACTCAC,0,4337451
yadI_predicted,0.2,4,4,GTAGTGTCTGTACTTCTTCT,0,4362222
yadI_predicted,0.2,4,4,GTAGTCCCAACTGACGATCA,0,4299835
yadI_predicted,0.2,4,4,GTAGGGTGATTGTCACACGT,0,4321539
yadI_predicted,0.2,4,4,GTAGGGGGCATGAGTTGACT,0,4317061
yadI_predicted,0.2,4,4,GTAGGCGCCATACTATCGAC,0,4331376
yadI_predicted,0.2,4,4,GTAGCGGACGCGCTCATGCA,0,4356923
yadI_predicted,0.2,4,4,GTAGCGCTTCCTTTCAGAGG,0,4288647
yadI_predicted,0.2,4,4,GTAGAGTCACCTTCGGATCT,0,4321861
yadI_predicted,0.2,4,4,GTACTTGTTGATTGGCGTCT,0,4353759
yadI_predicted,0.2,4,4,GTACTGTTAATAGTTTTATC,0,4341541
yadI_predicted,0.2,4,4,GTACTGCCTTATGCATCAAG,0,4320669
yadI_predicted,0.2,4,4,GTACCTTTTGTTTGAGAAGG,0,4343905
yadI_predicted,0.2,4,4,GTACCTACTGTTTGTGGCGC,0,4369717
yadI_predicted,0.2,4,4,GTACCGCGACTATCGGGGGG,0,4361832
yadI_predicted,0.2,4,4,GTACCATGGATTCATAACTG,0,4326986
yadI_predicted,0.2,4,4,GTACATTGATGTTACATACC,0,4356359
yadI_predicted,0.2,4,4,GTACACGTCACTGAGATCAG,0,4358252
yadI_predicted,0.2,4,4,GTACAATCAGATTCAAGGAC,0,4316469
yadI_predicted,0.2,4,4,GTACAACTCTTCTGATTCAG,0,4315968
yadI_predicted,0.2,4,4,GTAATGAAGGCGGCAGCGGG,0,4330010
yadI_predicted,0.2,4,4,GTAATAGGCACCTCAGCGAT,0,4330019
yadI_predicted,0.2,4,4,GTAATACCAAGTTACGCTTT,0,4332827
yadI_predicted,0.2,4,4,GTAAGCACCTGTACAACGAT,0,4305109
yadI_predicted,0.2,4,4,GTAACTTACGAGACGATTAG,0,4314882
yadI_predicted,0.2,4,4,GTAACTCGGTATATTCTTTC,0,4357927
yadI_predicted,0.2,4,4,GTAACGATAAATCAATTCAC,0,4344071
yadI_predicted,0.2,4,4,GTAACAAGGAGTCATGTACC,0,4368111
yadI_predicted,0.2,4,4,GTAAATGTCCTCGAGCGGGG,0,4348989
yadI_predicted,0.2,4,4,GTAAATGTAGAGTCCATCAT,0,4357996
yadI_predicted,0.2,4,4,GTAAAGCTGTACAGACTATG,0,4287522
yadI_predicted,0.2,4,4,GTAAAAGGCAGGTTCCGAAG,0,4342643
yadI_predicted,0.2,4,4,GGTTTTTGAAGCCCGTTAGC,0,4304488
yadI_predicted,0.2,4,4,GGTTTATCTCTTTGTCAAGA,0,4287355
yadI_predicted,0.2,4,4,GGTTGGAAAACGCCCTAGGC,0,4358612
yadI_predicted,0.2,4,4,GGTTGCAGTCCAAAAGTTCA,0,4349840
yadI_predicted,0.2,4,4,GGTTCTCGGGCATTCACTCT,0,4366221
yadI_predicted,0.2,4,4,GGTTCGACCCGCCAGGCGCG,0,4288558
yadI_predicted,0.2,4,4,GGTTCCTTGGGAAGTGATGG,0,4355801
yadI_predicted,0.2,4,4,GGTTAGCTGGAGGGTCACCA,0,4294655
yadI_predicted,0.2,4,4,GGTGTTGTCCTAAGGGTAAA,0,4313975
yadI_predicted,0.2,4,4,GGTGCTGAGACCTAACGGTA,0,4341368
yadI_predicted,0.2,4,4,GGTGATGATAACCTCACATT,0,4324428
yadI_predicted,0.2,4,4,GGTCTTTCGAAGTAGTCGCT,0,4310622
yadI_predicted,0.2,4,4,GGTCTTATTGCAGCGTTTAC,0,4287707
yadI_predicted,0.2,4,4,GGTCTCCAAACAACTGCCCT,0,4312588
yadI_predicted,0.2,4,4,GGTCTATCTGGACCATTGAG,0,4347020
yadI_predicted,0.2,4,4,GGTCCTGACGCGAAGGAAAC,0,4363740
yadI_predicted,0.2,4,4,GGTCAGATTTAATGGTGTTA,0,4332044
yadI_predicted,0.2,4,4,GGTATGATTCTATTCGGCCA,0,4333380
yadI_predicted,0.2,4,4,GGTAGTCAAACCTTCACTTC,0,4322257
yadI_predicted,0.2,4,4,GGTACTGTCATTCCTAACAT,0,4362090
yadI_predicted,0.2,4,4,GGTACGGATTGATCGACTAT,0,4310201
yadI_predicted,0.2,4,4,GGTAAGACAACTAGCTGGGA,0,4347519
yadI_predicted,0.2,4,4,GGTAAATCATGGTTGCTGCT,0,4329121
yadI_predicted,0.2,4,4,GGGTTTTTGGGGCGCTGTGG,0,4366626
yadI_predicted,0.2,4,4,GGGTTAGGAGTGCGCAGTGT,0,4322559
yadI_predicted,0.2,4,4,GGGTGTGGGAATGTTATATA,0,4285724
yadI_predicted,0.2,4,4,GGGTGGAAACATAGGATACG,0,4343706
yadI_predicted,0.2,4,4,GGGTGCGGCAGAAGTAGCCC,0,4357206
yadI_predicted,0.2,4,4,GGGTCTTTTCCCACCCAAGC,0,4307147
yadI_predicted,0.2,4,4,GGGTCTTTCAAGGGGGCTAA,0,4290095
yadI_predicted,0.2,4,4,GGGTCTGCCTTGTGGGGGCT,0,4360358
yadI_predicted,0.2,4,4,GGGTACGATCATGCGGACCC,0,4319773
yadI_predicted,0.2,4,4,GGGTAAAGATGCACGGCGCC,0,4306073
yadI_predicted,0.2,4,4,GGGGTTTTCAACGCTGGTGA,0,4364553
yadI_predicted,0.2,4,4,GGGGTTACAAGGCGTGGAAC,0,4326935
yadI_predicted,0.2,4,4,GGGGTCCACGCTGAGAACTA,0,4296250
yadI_predicted,0.2,4,4,GGGGGTGGCGCCGTCAGAGT,0,4289722
yadI_predicted,0.2,4,4,GGGGGGAAACGCGCTGCTAT,0,4315691
yadI_predicted,0.2,4,4,GGGGGAAATTCCATACCGAG,0,4324188
yadI_predicted,0.2,4,4,GGGGCATTACGCTTCAGAAG,0,4317117
yadI_predicted,0.2,4,4,GGGGATACCTATACTATATC,0,4340527
yadI_predicted,0.2,4,4,GGGGACTGGGCCTCTGTCTA,0,4316808
yadI_predicted,0.2,4,4,GGGGACGAAGGACATTTGCT,0,4331146
yadI_predicted,0.2,4,4,GGGGACATGGCCCCCACCCA,0,4365132
yadI_predicted,0.2,4,4,GGGGAAGGACATACTCTCTG,0,4285871
yadI_predicted,0.2,4,4,GGGCTTCGCAAACAGTTTGC,0,4316905
yadI_predicted,0.2,4,4,GGGCTGATATGCGTGAAATC,0,4351405
yadI_predicted,0.2,4,4,GGGCTCTGGGGGAAAAACTT,0,4337201
yadI_predicted,0.2,4,4,GGGCTAGCGAATAAGCACAG,0,4309608
yadI_predicted,0.2,4,4,GGGCTAAGGCACTAAGCAAA,0,4304728
yadI_predicted,0.2,4,4,GGGCGGCGGGTGCGTCTCCA,0,4355498
yadI_predicted,0.2,4,4,GGGCGGCAGGGCTATCCCCT,0,4334118
yadI_predicted,0.2,4,4,GGGCGCGTGTTTCCATAAAT,0,4332257
yadI_predicted,0.2,4,4,GGGCGCAGTATATTCTATTG,0,4353299
yadI_predicted,0.2,4,4,GGGCCTGCCCTCATATCAGC,0,4362187
yadI_predicted,0.2,4,4,GGGCCGCTTCACCTCAGCCG,0,4314830
yadI_predicted,0.2,4,4,GGGCATTAACGGTAAGAAAT,0,4319971
yadI_predicted,0.2,4,4,GGGCAATCCCTATGACACTG,0,4286351
yadI_predicted,0.2,4,4,GGGCAAGCAACCAAAGTAGG,0,4348761
yadI_predicted,0.2,4,4,GGGATGTAAGAGTTTCGAGC,0,4301049
yadI_predicted,0.2,4,4,GGGATCGGATGTTGACTCGG,0,4362279
yadI_predicted,0.2,4,4,GGGAGCCTACTACATGGGCT,0,4320174
yadI_predicted,0.2,4,4,GGGACGGGAATTTAAAGCTA,0,4287093
yadI_predicted,0.2,4,4,GGGACAAAAGGCTCGCACGA,0,4312291
yadI_predicted,0.2,4,4,GGGAAGTCTGGGGCCGCGAA,0,4299186
yadI_predicted,0.2,4,4,GGGAAGTCGGGGCAATGAAC,0,4313449
yadI_predicted,0.2,4,4,GGGAAAAGCCGCGATCATAT,0,4296164
yadI_predicted,0.2,4,4,GGCTTGTTAAGGTGGTCTCT,0,4340530
yadI_predicted,0.2,4,4,GGCTTACTTATTGGCAAGCA,0,4299344
yadI_predicted,0.2,4,4,GGCTTAACAGAGAATCACAG,0,4313153
yadI_predicted,0.2,4,4,GGCTCTTCCATGGGGTTGGT,0,4324842
yadI_predicted,0.2,4,4,GGCTCGCGGCTTTCACAAGA,0,4309834
yadI_predicted,0.2,4,4,GGCTCCAATCGGGGTGGTAG,0,4341903
yadI_predicted,0.2,4,4,GGCTATTTGGTTATGTTAAT,0,4317911
yadI_predicted,0.2,4,4,GGCGCCGGGCGATAGATCTA,0,4343330
yadI_predicted,0.2,4,4,GGCGCAGTCATCGGGGTCCC,0,4342891
yadI_predicted,0.2,4,4,GGCGAAGATTTGGATACAGT,0,4364029
yadI_predicted,0.2,4,4,GGCCTTACTTTGAGCACGGA,0,4300234
yadI_predicted,0.2,4,4,GGCCTCGGTAGGATCAAACG,0,4344219
yadI_predicted,0.2,4,4,GGCCCTGGGACTCTTATACG,0,4301229
yadI_predicted,0.2,4,4,GGCCCGTCTTGGCAGCCCGA,0,4362621
yadI_predicted,0.2,4,4,GGCCCCAAGAGACGCCGACA,0,4363628
yadI_predicted,0.2,4,4,GGCCATAGGATCACCACAGA,0,4335698
yadI_predicted,0.2,4,4,GGCCACGGGGGGGGTGCTCA,0,4314751
yadI_predicted,0.2,4,4,GGCCAAGGGTAAACTCTAAT,0,4361929
yadI_predicted,0.2,4,4,GGCATTTCGTTAGGTTTTTA,0,4294457
yadI_predicted,0.2,4,4,GGCATTCGCATATGAAATCG,0,4358095
yadI_predicted,0.2,4,4,GGCATCTTACGAGGATTGTT,0,4333879
yadI_predicted,0.2,4,4,GGCATCGCACGCTCCAAAAG,0,4367374
yadI_predicted,0.2,4,4,GGCATAGACAGGTGCCGGGA,0,4332850
yadI_predicted,0.2,4,4,GGCAGGTTAGCACGGGGATC,0,4333266
yadI_predicted,0.2,4,4,GGCAGACTCCACATCAGAGG,0,4351091
yadI_predicted,0.2,4,4,GGCAATTAATTGCTTTAAAT,0,4365921
yadI_predicted,0.2,4,4,GGCAAGGAACGTGCATACAA,0,4329545
yadI_predicted,0.2,4,4,GGCAACTTCTTATCTGACAG,0,4344168
yadI_predicted,0.2,4,4,GGCAACAAAGGTGTAGCGAC,0,4311439
yadI_predicted,0.2,4,4,GGATTTCGTATACTGGTCGC,0,4340936
yadI_predicted,0.2,4,4,GGATGTGGGGCGTATCAACT,0,4321551
yadI_predicted,0.2,4,4,GGATGGGTGCGCCAGGATAC,0,4317652
yadI_predicted,0.2,4,4,GGATCTGCTTTAGCCCCTGT,0,4346381
yadI_predicted,0.2,4,4,GGATCCGACCTGCTATATAC,0,4349783
yadI_predicted,0.2,4,4,GGATCCCTTTTATCCTAAAG,0,4325701
yadI_predicted,0.2,4,4,GGATCCACGAACGGGCTTTG,0,4304909
yadI_predicted,0.2,4,4,GGAGTTTTTATAGTTTACGA,0,4327068
yadI_predicted,0.2,4,4,GGAGTACCTAGCGGAGCTGT,0,4343013
yadI_predicted,0.2,4,4,GGAGGGGCAATTCCACCGAA,0,4359079
yadI_predicted,0.2,4,4,GGAGGCAGAAAATTTGGTTG,0,4353846
yadI_predicted,0.2,4,4,GGAGGACCGTTGCGCTATAA,0,4337384
yadI_predicted,0.2,4,4,GGACTTTTAGTGCATTATTT,0,4328934
yadI_predicted,0.2,4,4,GGACTGGGTCGAGCGATCAC,0,4296319
yadI_predicted,0.2,4,4,GGACTCTAAGTAACGGAGCT,0,4288864
yadI_predicted,0.2,4,4,GGACTCGCTCGTGGTTACAA,0,4361208
yadI_predicted,0.2,4,4,GGACGCTTATCTATTGACAC,0,4343861
yadI_predicted,0.2,4,4,GGACGCAACCGTCTTCGGCA,0,4354954
yadI_predicted,0.2,4,4,GGACAACGCCCCTGCGTATC,0,4313562
yadI_predicted,0.2,4,4,GGAATGGTCAAGGTAAGAAC,0,4354361
yadI_predicted,0.2,4,4,GGAATAAGGGGGCCGTACTC,0,4338034
yadI_predicted,0.2,4,4,GGAAGCTCCTGGCTGTAAAC,0,4348220
yadI_predicted,0.2,4,4,GGAAGCGTGCAGCAATAGAT,0,4318322
yadI_predicted,0.2,4,4,GGAACGGGATTCCAATGGGA,0,4328894
yadI_predicted,0.2,4,4,GGAACGCTCATGAAGATCCT,0,4343199
yadI_predicted,0.2,4,4,GCTTTTAATTACTTCATGGA,0,4363109
yadI_predicted,0.2,4,4,GCTTTCTACTAAATCGATGT,0,4304723
yadI_predicted,0.2,4,4,GCTTTCGAGGATAAGATATG,0,4352755
yadI_predicted,0.2,4,4,GCTTGACTATGGTGCCCTTA,0,4290939
yadI_predicted,0.2,4,4,GCTTCTTCGGCCTCTATCAA,0,4295384
yadI_predicted,0.2,4,4,GCTTCCCTACCTATCGTCTG,0,4292008
yadI_predicted,0.2,4,4,GCTTCATTGTTAAGGCGGAA,0,4307057
yadI_predicted,0.2,4,4,GCTTATGGAACGCATTGTAT,0,4355047
yadI_predicted,0.2,4,4,GCTTATGCGATTAGGGATTG,0,4288845
yadI_predicted,0.2,4,4,GCTGTCCTTTTCGGTTTTTA,0,4360417
yadI_predicted,0.2,4,4,GCTGGGGCTACGTGCAACAC,0,4365338
yadI_predicted,0.2,4,4,GCTGAGTTTCGCGGACTGGG,0,4354000
yadI_predicted,0.2,4,4,GCTGACGCGGCCGGTAAGTA,0,4316573
yadI_predicted,0.2,4,4,GCTGACATTAGTTCTCCGCG,0,4353638
yadI_predicted,0.2,4,4,GCTCGTTGGATCAATGGATT,0,4344759
yadI_predicted,0.2,4,4,GCTCGATTGGAAAGAGCAGG,0,4367090
yadI_predicted,0.2,4,4,GCTCGACGCCCGATATGACT,0,4367205
yadI_predicted,0.2,4,4,GCTCATGCGACCACCGCTCG,0,4365004
yadI_predicted,0.2,4,4,GCTCAGTCCAGTAGCACGAA,0,4320360
yadI_predicted,0.2,4,4,GCTCACCCTCGGGAGGATCC,0,4353247
yadI_predicted,0.2,4,4,GCTCAATTGCCGACCCAGGG,0,4294362
yadI_predicted,0.2,4,4,GCTAGGGAATTAAAGGCTAC,0,4333815
yadI_predicted,0.2,4,4,GCTACTACGCTTATCACATA,0,4366578
yadI_predicted,0.2,4,4,GCTACGCCGCGCGCTGTATA,0,4359686
yadI_predicted,0.2,4,4,GCTACAGAGCTTTCACAACC,0,4361531
yadI_predicted,0.2,4,4,GCTAATTTGACCCTGAACTT,0,4320231
yadI_predicted,0.2,4,4,GCTAAGATCAATTTGTCATA,0,4288422
yadI_predicted,0.2,4,4,GCTAAATAGATCAGAACGAT,0,4322769
yadI_predicted,0.2,4,4,GCTAAACGTCCACGGATTAT,0,4332608
yadI_predicted,0.2,4,4,GCGTGTCTTGCCCCGGTGGA,0,4331735
yadI_predicted,0.2,4,4,GCGTGGCTGTGGATCGCGGG,0,4356368
yadI_predicted,0.2,4,4,GCGTCAAAACATTTGGTGCA,0,4293558
yadI_predicted,0.2,4,4,GCGGTATAACTGACTCGGAA,0,4339719
yadI_predicted,0.2,4,4,GCGGGCTACGTGTCCAATTT,0,4355424
yadI_predicted,0.2,4,4,GCGGGCGTGTCCTACCTCTT,0,4307961
yadI_predicted,0.2,4,4,GCGGGACAGCACGAATAGAG,0,4300717
yadI_predicted,0.2,4,4,GCGGCTTTTTTGCGGAGGCA,0,4296331
yadI_predicted,0.2,4,4,GCGGCTCTCCACCCGTAAGA,0,4300003
yadI_predicted,0.2,4,4,GCGGCTACTTCAGAACAGTG,0,4359187
yadI_predicted,0.2,4,4,GCGGCCATTATGGTACTAGA,0,4312660
yadI_predicted,0.2,4,4,GCGGCATTGCATTGTTCTCT,0,4335501
yadI_predicted,0.2,4,4,GCGGCATCACGGTACAGATG,0,4322278
yadI_predicted,0.2,4,4,GCGGAGCCAGAGGGGTATAA,0,4348146
yadI_predicted,0.2,4,4,GCGGAATATGTATGGATCGT,0,4359019
yadI_predicted,0.2,4,4,GCGCTGTCCGGTCCGAATTA,0,4356243
yadI_predicted,0.2,4,4,GCGCGTTCTTTAGTGATAAC,0,4366974
yadI_predicted,0.2,4,4,GCGCGTCGGTAATGAATTAC,0,4322726
yadI_predicted,0.2,4,4,GCGCCCCACAGGCAACTAGG,0,4330117
yadI_predicted,0.2,4,4,GCGCCACTGAGGGTGGTAAG,0,4296852
yadI_predicted,0.2,4,4,GCGCATAGCTGACAGGACAT,0,4320168
yadI_predicted,0.2,4,4,GCGCAAGGGTGCGATGATCA,0,4298262
yadI_predicted,0.2,4,4,GCGATTTCCCCGCGTGGGGT,0,4362401
yadI_predicted,0.2,4,4,GCGAGTTCTTGGTACTCAGG,0,4330804
yadI_predicted,0.2,4,4,GCGACAGTCCCCCTTTAGAG,0,4365736
yadI_predicted,0.2,4,4,GCGACAGGCTTTCCCAGGGA,0,4298289
yadI_predicted,0.2,4,4,GCGAATTTATAAGGCTTCCC,0,4348787
yadI_predicted,0.2,4,4,GCGAATCTCTCTATCCGACT,0,4359578
yadI_predicted,0.2,4,4,GCCTTCTGGGTCAGGAAGAG,0,4315880
yadI_predicted,0.2,4,4,GCCTGTTCAGGGGCTTCAAG,0,4312859
yadI_predicted,0.2,4,4,GCCTGGACGAAATCTACCGC,0,4362319
yadI_predicted,0.2,4,4,GCCTGAGAACTTACTTGTGA,0,4298310
yadI_predicted,0.2,4,4,GCCTATTGCAGCCCACCGGC,0,4309249
yadI_predicted,0.2,4,4,GCCTAGCGCTGATCCACCCT,0,4313457
yadI_predicted,0.2,4,4,GCCTAGCATGCAGGTTCGTA,0,4305120
yadI_predicted,0.2,4,4,GCCGTTAAGTAAACGTACAC,0,4351691
yadI_predicted,0.2,4,4,GCCGGTTTCCGGTCGGATGT,0,4286470
yadI_predicted,0.2,4,4,GCCGGTTATACCGAGTGATA,0,4314978
yadI_predicted,0.2,4,4,GCCGGGCAAAGAGATCTTTC,0,4342682
yadI_predicted,0.2,4,4,GCCGCTTGCCTACTGTTACC,0,4285689
yadI_predicted,0.2,4,4,GCCGCTATCACGGGTCTCTG,0,4327705
yadI_predicted,0.2,4,4,GCCGATGGTCAGATCGTCTG,0,4290292
yadI_predicted,0.2,4,4,GCCCGGTGGGGCTCAATACG,0,4365606
yadI_predicted,0.2,4,4,GCCCGGAGTGTGGCTCTTAC,0,4338935
yadI_predicted,0.2,4,4,GCCCCGAGGTATAGTGGTAA,0,4340706
yadI_predicted,0.2,4,4,GCCATCCCTAGCGGGATCAT,0,4314564
yadI_predicted,0.2,4,4,GCATTCAGCGCCCGGGCCTG,0,4322689
yadI_predicted,0.2,4,4,GCATGTGCGAATTTCAGTTC,0,4313491
yadI_predicted,0.2,4,4,GCATGCTCGGGTTGTGGATA,0,4291586
yadI_predicted,0.2,4,4,GCATGCTATCACTGAGCAGG,0,4349922
yadI_predicted,0.2,4,4,GCATCAGGCCTGTAGTACAC,0,4324540
yadI_predicted,0.2,4,4,GCATATACTTAACGCTTCAT,0,4330190
yadI_predicted,0.2,4,4,GCATAACCGGAGAAGCGTTT,0,4319082
yadI_predicted,0.2,4,4,GCAGGTGTATGTCTGTCTTA,0,4309862
yadI_predicted,0.2,4,4,GCAGGGGCACAACGGCACCC,0,4297630
yadI_predicted,0.2,4,4,GCAGGAAGTTTCGGAATGGG,0,4287606
yadI_predicted,0.2,4,4,GCAGCTCTATAAAGCGATTC,0,4299478
yadI_predicted,0.2,4,4,GCAGAGGGCATGACGCCCGA,0,4356252
yadI_predicted,0.2,4,4,GCACGGGCCGTCTAAGCAAC,0,4343453
yadI_predicted,0.2,4,4,GCACCATTGGTTAGTGGCAA,0,4341844
yadI_predicted,0.2,4,4,GCAATTTGCACATATCGGTA,0,4357356
yadI_predicted,0.2,4,4,GCAATGTTCGACGTATAATC,0,4316397
yadI_predicted,0.2,4,4,GCAATAAGACCGAGTTGGTG,0,4359782
yadI_predicted,0.2,4,4,GCAACTTGCCTTATCGAATG,0,4355480
yadI_predicted,0.2,4,4,GCAACCGTATGGTTGATGCA,0,4309791
yadI_predicted,0.2,4,4,GCAACCCGAGCTGCTATCGA,0,4298496
yadI_predicted,0.2,4,4,GCAACAGGCTCCCTGGTGGT,0,4323686
yadI_predicted,0.2,4,4,GCAACAAACAATGAGATGCC,0,4305459
yadI_predicted,0.2,4,4,GCAAAATAGTCCACGCACTC,0,4291419
yadI_predicted,0.2,4,4,GATTTTCCCGGGCCTAATAA,0,4296081
yadI_predicted,0.2,4,4,GATTTGTCGGAACTGGATAC,0,4350196
yadI_predicted,0.2,4,4,GATTTCTACTTGGTCGGAGT,0,4350659
yadI_predicted,0.2,4,4,GATTTAAGGTGGAGGTCCTA,0,4361736
yadI_predicted,0.2,4,4,GATTGGTAACCTATTTGATA,0,4354693
yadI_predicted,0.2,4,4,GATTCGCTGTCAGTGAGCGC,0,4342440
yadI_predicted,0.2,4,4,GATTCACTTAGCTCCTACGA,0,4340879
yadI_predicted,0.2,4,4,GATTATCTGCAATCCGACAT,0,4288225
yadI_predicted,0.2,4,4,GATTATCAAACGTCAATTCT,0,4306833
yadI_predicted,0.2,4,4,GATTATATCAGTATGTCGGA,0,4306502
yadI_predicted,0.2,4,4,GATGTTAAAATAAGACCGGT,0,4363124
yadI_predicted,0.2,4,4,GATGTGTACATTTTGGCACA,0,4345260
yadI_predicted,0.2,4,4,GATGTCTAGCGCGGTCATTC,0,4368813
yadI_predicted,0.2,4,4,GATGTCGCGTTTGAGCATAC,0,4360608
yadI_predicted,0.2,4,4,GATGTCCTTTTGTGCCATGC,0,4357079
yadI_predicted,0.2,4,4,GATGTCACGGTTTGTAGTAA,0,4285596
yadI_predicted,0.2,4,4,GATGTAGCGCGCTTTTGTGT,0,4364861
yadI_predicted,0.2,4,4,GATGGCGAAGAGCGCTGGGA,0,4289600
yadI_predicted,0.2,4,4,GATGCTGGTTTTCTCGGAAC,0,4308406
yadI_predicted,0.2,4,4,GATGCCAAGTATTCGTGTTT,0,4292350
yadI_predicted,0.2,4,4,GATGAGCTGCGTTCAAAACG,0,4315160
yadI_predicted,0.2,4,4,GATCGTGCATGACACATTAA,0,4353714
yadI_predicted,0.2,4,4,GATCGCTGTACCCTACAAAG,0,4347837
yadI_predicted,0.2,4,4,GATCATCGGCATCTTTAGGT,0,4332650
yadI_predicted,0.2,4,4,GATCAGAGGTACCGCCTTTT,0,4341226
yadI_predicted,0.2,4,4,GATATCGGTAGTTCTTCGCA,0,4342731
yadI_predicted,0.2,4,4,GATATACCTATTCCGTGTCC,0,4294464
yadI_predicted,0.2,4,4,GATAGCAACATGATACGGCA,0,4291153
yadI_predicted,0.2,4,4,GATACTGAAGGATACTGAGC,0,4289961
yadI_predicted,0.2,4,4,GATACGTTGAATTAAGTGTT,0,4350683
yadI_predicted,0.2,4,4,GATACCTAAGTAAAAACGGA,0,4299244
yadI_predicted,0.2,4,4,GATAAGGGCCATCGCAGGGT,0,4354094
yadI_predicted,0.2,4,4,GAGTTCTGCAACTCCGGTGA,0,4321584
yadI_predicted,0.2,4,4,GAGTTCGGTACTCATAACAG,0,4312382
yadI_predicted,0.2,4,4,GAGTTATCGAGCACTGGCAA,0,4307243
yadI_predicted,0.2,4,4,GAGTGGACCAGGGGCGGAGA,0,4357330
yadI_predicted,0.2,4,4,GAGTGCAGGAAGGATTAACC,0,4348339
yadI_predicted,0.2,4,4,GAGTGATGGGGATGGGGATA,0,4315423
yadI_predicted,0.2,4,4,GAGTATTTCGGCACGCGTCC,0,4302935
yadI_predicted,0.2,4,4,GAGTATTGGACTATAACTTC,0,4288278
yadI_predicted,0.2,4,4,GAGTAGGTTATATCCATCCT,0,4299810
yadI_predicted,0.2,4,4,GAGTACTATTGCACACTGGA,0,4317857
yadI_predicted,0.2,4,4,GAGCGGTGTCCGCGAAGCGG,0,4368273
yadI_predicted,0.2,4,4,GAGCGAAATTCGGCAATAAT,0,4325060
yadI_predicted,0.2,4,4,GAGCACGAGCCCTCTCGAAA,0,4352649
yadI_predicted,0.2,4,4,GAGATGTATTGGTTGAGCCA,0,4300469
yadI_predicted,0.2,4,4,GAGATCTGACCAGAGCTAGA,0,4287797
yadI_predicted,0.2,4,4,GAGAGGCTGCATCGGTACGG,0,4344688
yadI_predicted,0.2,4,4,GAGAGGCCCCTTCTTGGAAA,0,4287153
yadI_predicted,0.2,4,4,GAGAGCCCACGTGGGGACCA,0,4366611
yadI_predicted,0.2,4,4,GAGAGATTACAGCCGGAGAG,0,4332572
yadI_predicted,0.2,4,4,GAGAATGTCGCAAATTAGAA,0,4312220
yadI_predicted,0.2,4,4,GAGAATGTAGAGGTGAGGGG,0,4369379
yadI_predicted,0.2,4,4,GAGAATATCAACTTAGTTAC,0,4364441
yadI_predicted,0.2,4,4,GAGAACGCCTTGGCAAGTAG,0,4289020
yadI_predicted,0.2,4,4,GAGAAACCATTCAGCTCGCA,0,4364234
yadI_predicted,0.2,4,4,GACTTAGGGCACTAGATCCC,0,4311849
yadI_predicted,0.2,4,4,GACTTAATGTGGTCCGATTA,0,4337906
yadI_predicted,0.2,4,4,GACTGGCAGGTGTCATCTTT,0,4284998
yadI_predicted,0.2,4,4,GACTCATGACCGCAACGGTT,0,4355553
yadI_predicted,0.2,4,4,GACTATCGAGTCACCCAGCG,0,4310180
yadI_predicted,0.2,4,4,GACTAGAACTCCCGACGTAA,0,4314258
yadI_predicted,0.2,4,4,GACGTGGGATAAATAAAGGA,0,4340253
yadI_predicted,0.2,4,4,GACGTACTGCCATACCATTC,0,4355853
yadI_predicted,0.2,4,4,GACGGGAGCAGACCAGTGAA,0,4341596
yadI_predicted,0.2,4,4,GACGGGAATGCAGACGAGCG,0,4292009
yadI_predicted,0.2,4,4,GACGCAGGAAATTCCGACTA,0,4336139
yadI_predicted,0.2,4,4,GACCTGTAGGGTATTTTCCA,0,4368491
yadI_predicted,0.2,4,4,GACCGCTGCTTCGGCTCGAA,0,4325510
yadI_predicted,0.2,4,4,GACCGAAAAAGGGATTTAGC,0,4292941
yadI_predicted,0.2,4,4,GACCCCTGCACGATACGGGA,0,4306425
yadI_predicted,0.2,4,4,GACCCACGAAGACTGGGTAT,0,4328623
yadI_predicted,0.2,4,4,GACCATTACAGGCGCGCCGC,0,4355134
yadI_predicted,0.2,4,4,GACCAGGGTCAGAGGTCGTT,0,4315365
yadI_predicted,0.2,4,4,GACCAGGGAAGGTGATTCTC,0,4357182
yadI_predicted,0.2,4,4,GACATGCCCGTGGACCTGGG,0,4315765
yadI_predicted,0.2,4,4,GACAGTGGTGGTCGGCCATA,0,4334668
yadI_predicted,0.2,4,4,GACAAGCGGCAAGGACCCTT,0,4289125
yadI_predicted,0.2,4,4,GACAACAGTGGTTGGGTATT,0,4330707
yadI_predicted,0.2,4,4,GAATTTTTTTTTTCGGCCTG,0,4337517
yadI_predicted,0.2,4,4,GAATTGAAAAGTAAATTTTT,0,4368548
yadI_predicted,0.2,4,4,GAATGGCCACGAGTTAGGTG,0,4323631
yadI_predicted,0.2,4,4,GAATCTAGACTGAACACTGG,0,4309194
yadI_predicted,0.2,4,4,GAATCTACGCATACTGGCTG,0,4334470
yadI_predicted,0.2,4,4,GAATCGGCTAAGCCCATCCA,0,4362146
yadI_predicted,0.2,4,4,GAATCGCCCGAACGTTAGGC,0,4299897
yadI_predicted,0.2,4,4,GAATACGTCTCCCAACGACT,0,4295564
yadI_predicted,0.2,4,4,GAAGTCTGGGTGATTTGTTT,0,4351073
yadI_predicted,0.2,4,4,GAAGGGGCGGAAATCATAGA,0,4353013
yadI_predicted,0.2,4,4,GAAGCCTCTGGGACGCGGAT,0,4343289
yadI_predicted,0.2,4,4,GAAGATTTGTATTAATAAAT,0,4365016
yadI_predicted,0.2,4,4,GAAGACCTCCAAAGACTAGT,0,4361893
yadI_predicted,0.2,4,4,GAACTGAATAGCACACCTGC,0,4286589
yadI_predicted,0.2,4,4,GAACTAGTTATGGCGACTGG,0,4319029
yadI_predicted,0.2,4,4,GAACGTTGGCCCCACGACGA,0,4314840
yadI_predicted,0.2,4,4,GAACGACTCATTACGACGGC,0,4342196
yadI_predicted,0.2,4,4,GAACCTTGGGGAGCAGGACC,0,4364025
yadI_predicted,0.2,4,4,GAACATTAGCCTGCAGAATC,0,4317276
yadI_predicted,0.2,4,4,GAACAGATCTCCTACGATAT,0,4293293
yadI_predicted,0.2,4,4,GAACAGACCAGAGTCAGTGG,0,4327154
yadI_predicted,0.2,4,4,GAAAGAAGTCATAATTTGTC,0,4316527
yadI_predicted,0.2,4,4,GAAAAACCTGCCGACCTTGG,0,4350789
yadI_predicted,0.2,4,4,CTTTTTATATCACAGGACCC,0,4324768
yadI_predicted,0.2,4,4,CTTTTTAGCAAACGTAGATT,0,4369945
yadI_predicted,0.2,4,4,CTTTTAACTTAAAGGGCCGA,0,4286633
yadI_predicted,0.2,4,4,CTTTTAACGCCGTTTGATTT,0,4364155
yadI_predicted,0.2,4,4,CTTTGCATCGCCCACCCCTG,0,4354387
yadI_predicted,0.2,4,4,CTTTCACACGCCGCTTTCGG,0,4320689
yadI_predicted,0.2,4,4,CTTTATCACGAGGGGCGTCA,0,4332087
yadI_predicted,0.2,4,4,CTTTACGCCACCCATACACC,0,4346120
yadI_predicted,0.2,4,4,CTTGTTCTGTGACTCTACGG,0,4325565
yadI_predicted,0.2,4,4,CTTGTGTACTTACAGAGGAT,0,4323154
yadI_predicted,0.2,4,4,CTTGGGTTGCGCAAAAGTTA,0,4304090
yadI_predicted,0.2,4,4,CTTGCCATGTTGTATCGGAG,0,4286120
yadI_predicted,0.2,4,4,CTTGATGACGTCAGTTTGGT,0,4296716
yadI_predicted,0.2,4,4,CTTGAGAACGGCAACATTAT,0,4367497
yadI_predicted,0.2,4,4,CTTCGTAGGCGTTAAGCCTT,0,4336470
yadI_predicted,0.2,4,4,CTTCCTGAGGTAAAGGTTGT,0,4322602
yadI_predicted,0.2,4,4,CTTCACTGGGGCGAACTACT,0,4313931
yadI_predicted,0.2,4,4,CTTCACGTAAAATGTTTTCG,0,4367513
yadI_predicted,0.2,4,4,CTTATTTGACGTGTTGGGCA,0,4317829
yadI_predicted,0.2,4,4,CTTATGTTTTTCGCTCCGGA,0,4325634
yadI_predicted,0.2,4,4,CTTAGTCTGCCTTTGGGGAC,0,4351895
yadI_predicted,0.2,4,4,CTTACTCAGGTCCGCGTGCA,0,4364750
yadI_predicted,0.2,4,4,CTTACGGAGACTCGCGACCA,0,4318032
yadI_predicted,0.2,4,4,CTTAAATCCCGTTGTTCCTA,0,4331487
yadI_predicted,0.2,4,4,CTTAAAGCCGAAAGCAATCT,0,4313236
yadI_predicted,0.2,4,4,CTGTTGCGGTTATGATTCAG,0,4313378
yadI_predicted,0.2,4,4,CTGTGTTTCGTTCCCCGAGT,0,4359068
yadI_predicted,0.2,4,4,CTGTGCATACAACACTGGCA,0,4361196
yadI_predicted,0.2,4,4,CTGTGAGCCATCGATTACCT,0,4334234
yadI_predicted,0.2,4,4,CTGTATTGACAGCAGCGCAG,0,4296902
yadI_predicted,0.2,4,4,CTGGTGCAGATCGGAACAAA,0,4290848
yadI_predicted,0.2,4,4,CTGGTCGGTTCCACAGGTCT,0,4326321
yadI_predicted,0.2,4,4,CTGGGGGCAAGAGCTTGTCG,0,4342479
yadI_predicted,0.2,4,4,CTGGGCCGTCTTGATCAGCG,0,4329404
yadI_predicted,0.2,4,4,CTGGCGGGCCGCTTTGAGAG,0,4313306
yadI_predicted,0.2,4,4,CTGGCCTGGGGACGGGCCAC,0,4320713
yadI_predicted,0.2,4,4,CTGGATGTCAGAAAGGAGGG,0,4365784
yadI_predicted,0.2,4,4,CTGCTTTTTATTTTCAGTTG,0,4344708
yadI_predicted,0.2,4,4,CTGCTTTTGGATGTCAATAT,0,4308009
yadI_predicted,0.2,4,4,CTGCGTTGAGATTGTGTGTT,0,4314305
yadI_predicted,0.2,4,4,CTGCGGAGAGCGGGCAGGTA,0,4301341
yadI_predicted,0.2,4,4,CTGCGAAACTGTTAAAGTCC,0,4313166
yadI_predicted,0.2,4,4,CTGCCGTGAGACCTGGCTTC,0,4319970
yadI_predicted,0.2,4,4,CTGCCCGAAAGCGATAATCG,0,4315088
yadI_predicted,0.2,4,4,CTGCCCCGGCAACTCAATCA,0,4286239
yadI_predicted,0.2,4,4,CTGCACCCGTACCACAGGAT,0,4324745
yadI_predicted,0.2,4,4,CTGCACAGTGTGATGTCTAA,0,4285013
yadI_predicted,0.2,4,4,CTGATGAGATATACGAACAG,0,4359777
yadI_predicted,0.2,4,4,CTGAGGACCAGCGGACGTAT,0,4319094
yadI_predicted,0.2,4,4,CTGAGCTCGTGAGTCTCGCG,0,4289572
yadI_predicted,0.2,4,4,CTGACCTCGCCACACAGTGG,0,4364061
yadI_predicted,0.2,4,4,CTGACCACGACTCCGTTAGT,0,4360640
yadI_predicted,0.2,4,4,CTGACCAATTCACTATTCCA,0,4322269
yadI_predicted,0.2,4,4,CTGAATGTGCCTCTATTTGG,0,4325816
yadI_predicted,0.2,4,4,CTGAAATCTAGATCTCTCTA,0,4343086
yadI_predicted,0.2,4,4,CTCTTTCCCGTGTTGAACAG,0,4319710
yadI_predicted,0.2,4,4,CTCTTCAGGTCTATGTGTTA,0,4307420
yadI_predicted,0.2,4,4,CTCTTATTGTGATAATGGGA,0,4287533
yadI_predicted,0.2,4,4,CTCTATGCCTCTTCCCGGGA,0,4324675
yadI_predicted,0.2,4,4,CTCTATGACAATGACAAGCG,0,4358799
yadI_predicted,0.2,4,4,CTCTAGCCCTTCAGCTCCAA,0,4334673
yadI_predicted,0.2,4,4,CTCTACTCATAACGGTGGCA,0,4345193
yadI_predicted,0.2,4,4,CTCGCGCGTTACAAGGTTAT,0,4353529
yadI_predicted,0.2,4,4,CTCGATCATGAGAACCGCTT,0,4367707
yadI_predicted,0.2,4,4,CTCCTTCAGCGCCAGGGGGA,0,4317124
yadI_predicted,0.2,4,4,CTCCTGTCAGAATTCTATAC,0,4335486
yadI_predicted,0.2,4,4,CTCCTCAACCCATTCCTGAG,0,4340379
yadI_predicted,0.2,4,4,CTCCGGCAAACCAACTTTGA,0,4298744
yadI_predicted,0.2,4,4,CTCCATTATAGAGTGTGAAG,0,4325088
yadI_predicted,0.2,4,4,CTCCAGAACGACGATTGTCG,0,4319872
yadI_predicted,0.2,4,4,CTCCACAACATGCGCCAATG,0,4284780
yadI_predicted,0.2,4,4,CTCATTCGTGGGCTTGATGT,0,4345550
yadI_predicted,0.2,4,4,CTCATGAAGGCTCGTACAGT,0,4363904
yadI_predicted,0.2,4,4,CTCATAAAAAGAGGGTTAGT,0,4305972
yadI_predicted,0.2,4,4,CTCAGTTTGGACCAGTTCTG,0,4317476
yadI_predicted,0.2,4,4,CTCAGTGACAGCAGTATTTG,0,4304850
yadI_predicted,0.2,4,4,CTCACTTGGCCGTTGTCCGC,0,4341775
yadI_predicted,0.2,4,4,CTCAACTGCAAGGATTCTTC,0,4290408
yadI_predicted,0.2,4,4,CTATTTCCAATGGCCTATAG,0,4305039
yadI_predicted,0.2,4,4,CTATGTATAGTCCAATAGCG,0,4291402
yadI_predicted,0.2,4,4,CTATGGCCAAATACCTACGT,0,4344674
yadI_predicted,0.2,4,4,CTATGGATACGGGCGCAGAT,0,4298650
yadI_predicted,0.2,4,4,CTATGCTGGGTAACGCTCTA,0,4363545
yadI_predicted,0.2,4,4,CTATGCGGAAAGGAGCAAAC,0,4296865
yadI_predicted,0.2,4,4,CTATGCCTGTTCATGTACTA,0,4351182
yadI_predicted,0.2,4,4,CTATCGTCGTGGAAACTCAC,0,4346284
yadI_predicted,0.2,4,4,CTATACGGAAGAACGGGGTA,0,4306147
yadI_predicted,0.2,4,4,CTATACGCGGCGACTGCCTA,0,4331079
yadI_predicted,0.2,4,4,CTATACAGTGCCACGATCAA,0,4331306
yadI_predicted,0.2,4,4,CTATAATGAGATTAGGGAAC,0,4297877
yadI_predicted,0.2,4,4,CTAGTGACCACCGACCTGGT,0,4320935
yadI_predicted,0.2,4,4,CTAGGTAGTTAGCGGTACAG,0,4342913
yadI_predicted,0.2,4,4,CTAGCCCCCTCAGTTCCGAT,0,4325561
yadI_predicted,0.2,4,4,CTAGATAAATCTTTGATTTC,0,4362613
yadI_predicted,0.2,4,4,CTAGAGTGTCTAATCAGACA,0,4360578
yadI_predicted,0.2,4,4,CTAGAGGCTCTGTCGAGGGC,0,4304685
yadI_predicted,0.2,4,4,CTACTTCTTTCGATACATGA,0,4309899
yadI_predicted,0.2,4,4,CTACTGGCATCTTCGCTGCA,0,4290804
yadI_predicted,0.2,4,4,CTACGGGCAAACTATTCTTC,0,4362020
yadI_predicted,0.2,4,4,CTACGAAAAAGCAAACGACT,0,4324447
yadI_predicted,0.2,4,4,CTACCCACGAATCGATCCAC,0,4349972
yadI_predicted,0.2,4,4,CTACCAGGGAACATAGCTTG,0,4307946
yadI_predicted,0.2,4,4,CTACAACATAGCTACAGTCC,0,4354355
yadI_predicted,0.2,4,4,CTAATGCTGAGCAATTTAAC,0,4312233
yadI_predicted,0.2,4,4,CTAATACTACAGTATCCTGC,0,4350174
yadI_predicted,0.2,4,4,CTAAGGCTAGCCTAACTCGT,0,4332145
yadI_predicted,0.2,4,4,CTAAGCGGACTCTGAAGCCG,0,4334927
yadI_predicted,0.2,4,4,CTAAGAACATGGGAGGGTTT,0,4316245
yadI_predicted,0.2,4,4,CTAACTTATGGAGTTACTGC,0,4355640
yadI_predicted,0.2,4,4,CTAAAGGAGAAATTCTCCGG,0,4294382
yadI_predicted,0.2,4,4,CGTTTGAGTCTGGTTTTTGT,0,4369442
yadI_predicted,0.2,4,4,CGTTTAGAAAAGGTCCTATC,0,4307273
yadI_predicted,0.2,4,4,CGTTTACAGCGGAGTCGGCC,0,4348195
yadI_predicted,0.2,4,4,CGTTGTCGTAGTATCTGGCT,0,4330516
yadI_predicted,0.2,4,4,CGTTGGACTTCATCGCTGCT,0,4326640
yadI_predicted,0.2,4,4,CGTTGCAGCTAGTATGTACT,0,4336604
yadI_predicted,0.2,4,4,CGTTGAATACGGCTGCTTGA,0,4286056
yadI_predicted,0.2,4,4,CGTTCCATGCTCGTTCAAGC,0,4359928
yadI_predicted,0.2,4,4,CGTTCACCGGCAGAGCCACT,0,4307380
yadI_predicted,0.2,4,4,CGTTCAAGGATGTGCAGATC,0,4284652
yadI_predicted,0.2,4,4,CGTGTCTTGATAACCACACT,0,4322688
yadI_predicted,0.2,4,4,CGTGCCCTTACGTGACAGTG,0,4308439
yadI_predicted,0.2,4,4,CGTGAGGAATTCTGCTAATA,0,4311247
yadI_predicted,0.2,4,4,CGTGAAGAATAGAGTATTAA,0,4368323
yadI_predicted,0.2,4,4,CGTCTAGGATGCAAACACGG,0,4344088
yadI_predicted,0.2,4,4,CGTCGTCCACCAGTAAGTTT,0,4316379
yadI_predicted,0.2,4,4,CGTCCTCCACTAGCACTGAT,0,4347453
yadI_predicted,0.2,4,4,CGTCCGGATGTCATGCGGAC,0,4319001
yadI_predicted,0.2,4,4,CGTCAATACGTAGCGGTTTC,0,4308187
yadI_predicted,0.2,4,4,CGTATGAGCGCTAACCGCGG,0,4317917
yadI_predicted,0.2,4,4,CGTAGTGATAGCGTGAAACA,0,4327457
yadI_predicted,0.2,4,4,CGTAGGTGACTTGTATCCAG,0,4344089
yadI_predicted,0.2,4,4,CGTAGAGGGTCGAACTCCTG,0,4359787
yadI_predicted,0.2,4,4,CGTAACACGATAACATCGCA,0,4322493
yadI_predicted,0.2,4,4,CGTAAAGCGTAATGACCGTG,0,4356837
yadI_predicted,0.2,4,4,CGTAAACAAAGGTTTAGGGT,0,4299082
yadI_predicted,0.2,4,4,CGGTTCTTCACGTCTCTTAT,0,4356358
yadI_predicted,0.2,4,4,CGGTTCACATCCTGGAGGGA,0,4350036
yadI_predicted,0.2,4,4,CGGTGTTTTCTTAATGGTAG,0,4354919
yadI_predicted,0.2,4,4,CGGTCTTAAAATTCCCTGGA,0,4365267
yadI_predicted,0.2,4,4,CGGTCTAATGCTGGGTTTAA,0,4309203
yadI_predicted,0.2,4,4,CGGTCCCAACTAGAAAATGA,0,4293896
yadI_predicted,0.2,4,4,CGGTAGTGATTTACATGCCA,0,4367490
yadI_predicted,0.2,4,4,CGGGGTAGCTTGAGCCTCTT,0,4314847
yadI_predicted,0.2,4,4,CGGGGCAACTTTCAAGGTTT,0,4320474
yadI_predicted,0.2,4,4,CGGGCTGTTGGCTAATTGTG,0,4343971
yadI_predicted,0.2,4,4,CGGGCGCCGCGTTATTCTTA,0,4343067
yadI_predicted,0.2,4,4,CGGGCATGATCGCCTGTACA,0,4285514
yadI_predicted,0.2,4,4,CGGGAGAAGTTGCCTGTCTC,0,4289006
yadI_predicted,0.2,4,4,CGGGAATAGCTGGACAAGCG,0,4334353
yadI_predicted,0.2,4,4,CGGCTTGTGGTAAAGAGCGT,0,4350620
yadI_predicted,0.2,4,4,CGGCTCTTATGTCAGCTAAC,0,4364658
yadI_predicted,0.2,4,4,CGGCTCCCCGGGGGCTGTGG,0,4297105
yadI_predicted,0.2,4,4,CGGCGGATATTGGGGTCCAG,0,4357403
yadI_predicted,0.2,4,4,CGGCCGAGTTAGTTGGCGCA,0,4368836
yadI_predicted,0.2,4,4,CGGCCCGCAGGCCTCGTTTC,0,4313997
yadI_predicted,0.2,4,4,CGGCCAACCCCTTGACAGGC,0,4358758
yadI_predicted,0.2,4,4,CGGCATAGTATCATTATTGA,0,4312399
yadI_predicted,0.2,4,4,CGGCACCGTCAGCTTCACTA,0,4312647
yadI_predicted,0.2,4,4,CGGCACCACATGTGCTGGTA,0,4309514
yadI_predicted,0.2,4,4,CGGAGACTAATATAGTCAGA,0,4330962
yadI_predicted,0.2,4,4,CGGACCTTGCGCGTCCAGTA,0,4350471
yadI_predicted,0.2,4,4,CGCTTATCTTCGCGTTATAC,0,4345241
yadI_predicted,0.2,4,4,CGCTGTGTGGGCGGCCCGTG,0,4369915
yadI_predicted,0.2,4,4,CGCTGCCTAGTTTGAGTCCA,0,4304363
yadI_predicted,0.2,4,4,CGCTGCCGGGTCCTCATATC,0,4315791
yadI_predicted,0.2,4,4,CGCTGCAACGATGGGTAGAC,0,4300868
yadI_predicted,0.2,4,4,CGCTCGCATGCCGATAGTTG,0,4345770
yadI_predicted,0.2,4,4,CGCTACGGTCGCTAATCCGA,0,4364067
yadI_predicted,0.2,4,4,CGCGTCGAGGAACTCTGTAT,0,4352037
yadI_predicted,0.2,4,4,CGCGTCAGTATGCACGGTTC,0,4299971
yadI_predicted,0.2,4,4,CGCGTCAAGGGCTGCGGATT,0,4313654
yadI_predicted,0.2,4,4,CGCGTAAAACGCAGACACAA,0,4323557
yadI_predicted,0.2,4,4,CGCGGGCTGAGTAATTAGTC,0,4324498
yadI_predicted,0.2,4,4,CGCGCAGAGGCGCGAGTCTG,0,4323611
yadI_predicted,0.2,4,4,CGCGAATTGATGACGGGCTA,0,4297725
yadI_predicted,0.2,4,4,CGCCATGTTAAGGGGATGCG,0,4346262
yadI_predicted,0.2,4,4,CGCATCAGGCGTGGCACTGA,0,4338174
yadI_predicted,0.2,4,4,CGCAGGCGTATACTGGGCGA,0,4349800
yadI_predicted,0.2,4,4,CGCAGCCAGGGCCTCCGTAG,0,4308283
yadI_predicted,0.2,4,4,CGCACTTCCGACATCCAGCA,0,4346471
yadI_predicted,0.2,4,4,CGCACATCCGTAGTATAAGT,0,4335387
yadI_predicted,0.2,4,4,CGCAACGATCTGGCTAGGTA,0,4294265
yadI_predicted,0.2,4,4,CGATTTATATGTAGGTTCCA,0,4357342
yadI_predicted,0.2,4,4,CGATTATGGAAAGAGTTCAT,0,4362876
yadI_predicted,0.2,4,4,CGATTACTTAAACATCAAGC,0,4285567
yadI_predicted,0.2,4,4,CGATGGTTCGTATCTACAGT,0,4314744
yadI_predicted,0.2,4,4,CGATGGTCAGGGCTGAAGTG,0,4294573
yadI_predicted,0.2,4,4,CGATGGGGGACCGATTCGCA,0,4337272
yadI_predicted,0.2,4,4,CGATGGGGCTTGGCGAGCCT,0,4320827
yadI_predicted,0.2,4,4,CGATGCGAAGATTGACTAAC,0,4366414
yadI_predicted,0.2,4,4,CGATCTGATCGTGTTCAAGG,0,4286448
yadI_predicted,0.2,4,4,CGATAAATATGGTAACTTGA,0,4311055
yadI_predicted,0.2,4,4,CGAGTGACCTGTTAGTCCTG,0,4321578
yadI_predicted,0.2,4,4,CGAGGTTGCAGCAAATAAAC,0,4309669
yadI_predicted,0.2,4,4,CGAGCTGTTAGTGCATAGTC,0,4353588
yadI_predicted,0.2,4,4,CGAGCTGTCATACTAACTTA,0,4367677
yadI_predicted,0.2,4,4,CGACTGTGCGCAATCACAAT,0,4287402
yadI_predicted,0.2,4,4,CGACGGACGCAGGTGATGAT,0,4359780
yadI_predicted,0.2,4,4,CGACCGAGAAATACGTTTTC,0,4289468
yadI_predicted,0.2,4,4,CGACAGTAACTAATTACGTG,0,4315152
yadI_predicted,0.2,4,4,CGACAGCTAGATGACTTTAT,0,4293479
yadI_predicted,0.2,4,4,CGACACTCATTTTTGGCTGG,0,4300188
yadI_predicted,0.2,4,4,CGACACGATCGGTACAACCA,0,4361054
yadI_predicted,0.2,4,4,CGACACAGGCACCAAATCTT,0,4304954
yadI_predicted,0.2,4,4,CGAATTTACTGACTAGGCTC,0,4353163
yadI_predicted,0.2,4,4,CGAATGGTGCTTGGAATAAG,0,4346318
yadI_predicted,0.2,4,4,CGAATGCTGCCTCGCGACAA,0,4359533
yadI_predicted,0.2,4,4,CGAATCCGATCCGACCTTAT,0,4333719
yadI_predicted,0.2,4,4,CGAAGATCGTCTTCGAACTC,0,4339542
yadI_predicted,0.2,4,4,CGAACGGACGTTTGGGGCTA,0,4319545
yadI_predicted,0.2,4,4,CGAAATTTGGGAGCGAGGCC,0,4308427
yadI_predicted,0.2,4,4,CCTTTCCTGTATTCGGTAGA,0,4365891
yadI_predicted,0.2,4,4,CCTTGCGATTTTTAGGCTAG,0,4355233
yadI_predicted,0.2,4,4,CCTTGACCGCACTTCTATGC,0,4298153
yadI_predicted,0.2,4,4,CCTTCTGCTCAAACGTGAGG,0,4364524
yadI_predicted,0.2,4,4,CCTTCGGTGTAATTTGAGGA,0,4351079
yadI_predicted,0.2,4,4,CCTTCCTGCTATCTCCGCGT,0,4308818
yadI_predicted,0.2,4,4,CCTTCCAACCCTATTTTGGT,0,4293753
yadI_predicted,0.2,4,4,CCTTCATGAATCAAGATGTA,0,4333980
yadI_predicted,0.2,4,4,CCTTATCGTAACGGCAATAT,0,4367238
yadI_predicted,0.2,4,4,CCTGGTGTGAACGCACTGGA,0,4315095
yadI_predicted,0.2,4,4,CCTGGATCCAGGAATTCGGC,0,4352866
yadI_predicted,0.2,4,4,CCTGATATGTTAACACGAGC,0,4289669
yadI_predicted,0.2,4,4,CCTGAGCAAATCTGAATTTC,0,4354788
yadI_predicted,0.2,4,4,CCTCGGGTTGTGAGTGCTTC,0,4338690
yadI_predicted,0.2,4,4,CCTCGAGTCGTAGGGACCCG,0,4351864
yadI_predicted,0.2,4,4,CCTCGACCTCGAATCGGGTT,0,4350684
yadI_predicted,0.2,4,4,CCTCGACACATTCGTATAAT,0,4359938
yadI_predicted,0.2,4,4,CCTCCTTTGTTTAACTACAT,0,4327782
yadI_predicted,0.2,4,4,CCTCAACTTTTTCTGTCCTT,0,4310985
yadI_predicted,0.2,4,4,CCTATTGTGTCGCAACCTCT,0,4339265
yadI_predicted,0.2,4,4,CCTACGGAGCCATGTGTTGG,0,4290194
yadI_predicted,0.2,4,4,CCTACCGGAATCGATATCCG,0,4332828
yadI_predicted,0.2,4,4,CCTACAGGGCGGATGAACAC,0,4329982
yadI_predicted,0.2,4,4,CCTAATCTGTCTCGGACTTC,0,4363237
yadI_predicted,0.2,4,4,CCTAATATCACTGCTTTCTA,0,4331488
yadI_predicted,0.2,4,4,CCTAAGCCCGATCATGGGCA,0,4363233
yadI_predicted,0.2,4,4,CCTAAAGTTTAGTATAATCG,0,4355810
yadI_predicted,0.2,4,4,CCGTTTCCTAGGAAGTAACC,0,4358348
yadI_predicted,0.2,4,4,CCGTTTCAGTTGTCGTGGGG,0,4317077
yadI_predicted,0.2,4,4,CCGTTCGAGCCCACGAGACT,0,4356438
yadI_predicted,0.2,4,4,CCGTGGCTAATTGCTAGTTA,0,4366514
yadI_predicted,0.2,4,4,CCGTGATCCCTGTCTCATTT,0,4313294
yadI_predicted,0.2,4,4,CCGTCGGCCTCCTATGAACT,0,4356927
yadI_predicted,0.2,4,4,CCGTCGATTAGTGCGTTTTG,0,4315161
yadI_predicted,0.2,4,4,CCGTCAAGATCGAGAAGGCA,0,4364585
yadI_predicted,0.2,4,4,CCGTAAGGTTATTTACCTTT,0,4311708
yadI_predicted,0.2,4,4,CCGGTTGGTGGGGAGGTCAG,0,4331479
yadI_predicted,0.2,4,4,CCGGGTAGAGTTGCTACAAT,0,4305311
yadI_predicted,0.2,4,4,CCGGGACAAGTATAGCCGGT,0,4319548
yadI_predicted,0.2,4,4,CCGCTTAGTGGGGCACAGGG,0,4314419
yadI_predicted,0.2,4,4,CCGCCACCGCCTTTGGTCTT,0,4304581
yadI_predicted,0.2,4,4,CCGCAACTTTCCAAATCGAC,0,4332585
yadI_predicted,0.2,4,4,CCGACATTACGTCGCTACAC,0,4299247
yadI_predicted,0.2,4,4,CCCTTTTTTGGCTAACCTGA,0,4352760
yadI_predicted,0.2,4,4,CCCTTAATACTTCGCGGTGG,0,4341017
yadI_predicted,0.2,4,4,CCCTGGATGCGTTTTAAAAC,0,4291987
yadI_predicted,0.2,4,4,CCCTCTGAGCCTACGGAGCT,0,4301004
yadI_predicted,0.2,4,4,CCCTCTAGAGGTATCCCTCT,0,4313967
yadI_predicted,0.2,4,4,CCCTATTCTCGGTAGCCAAC,0,4338983
yadI_predicted,0.2,4,4,CCCTATAGCTTCGAAGTGTA,0,4315560
yadI_predicted,0.2,4,4,CCCTAACACCATTATGAGAT,0,4329733
yadI_predicted,0.2,4,4,CCCGGGATCCACGTGACAGG,0,4353616
yadI_predicted,0.2,4,4,CCCGATATGCCTCCCGAGCC,0,4284719
yadI_predicted,0.2,4,4,CCCGACTTGAGCCGTGTGAC,0,4369698
yadI_predicted,0.2,4,4,CCCGAAGAAGTGCGATATAT,0,4357218
yadI_predicted,0.2,4,4,CCCCGTGGGCCATTAACCCT,0,4320793
yadI_predicted,0.2,4,4,CCCCGACCGGTTTCGCCGAA,0,4292107
yadI_predicted,0.2,4,4,CCCCCCGCAACGCTCAAACA,0,4293772
yadI_predicted,0.2,4,4,CCCCATGCTCTGTATGGGCG,0,4337664
yadI_predicted,0.2,4,4,CCCCATACTCACTAAGCCAC,0,4321274
yadI_predicted,0.2,4,4,CCCCAGCCGGGATCAATAGG,0,4307861
yadI_predicted,0.2,4,4,CCCATAATAACCGCATGCCC,0,4335412
yadI_predicted,0.2,4,4,CCCATAACGGAACTTCGTGG,0,4315154
yadI_predicted,0.2,4,4,CCCACTGGTACTGAGAAATG,0,4313305
yadI_predicted,0.2,4,4,CCCAATTGGCCGATAGATAT,0,4292204
yadI_predicted,0.2,4,4,CCCAATATGGATCTTGAGAG,0,4348885
yadI_predicted,0.2,4,4,CCCAAACATCTTACATTGGG,0,4334324
yadI_predicted,0.2,4,4,CCATTGCAAACACGACTGGT,0,4330702
yadI_predicted,0.2,4,4,CCATGGACTCATAAGACTAG,0,4351658
yadI_predicted,0.2,4,4,CCATGCATTGTCGTGGCAAC,0,4307530
yadI_predicted,0.2,4,4,CCATCCTCGTCCGAGAGTGT,0,4311787
yadI_predicted,0.2,4,4,CCATATCCCTGATTTCTGTT,0,4300324
yadI_predicted,0.2,4,4,CCATAGAGCTTGTGACCGGT,0,4287220
yadI_predicted,0.2,4,4,CCAGTTGTCCCAGGGCCGGC,0,4365821
yadI_predicted,0.2,4,4,CCAGTATAGGGTGCCTGGGG,0,4289272
yadI_predicted,0.2,4,4,CCAGGTTCTATAGTGGTTGT,0,4355798
yadI_predicted,0.2,4,4,CCAGGGTGTATTACTCCGGT,0,4326505
yadI_predicted,0.2,4,4,CCAGGGCATTCCGTGGGTAG,0,4353127
yadI_predicted,0.2,4,4,CCAGGCCACGATACGATAGT,0,4361094
yadI_predicted,0.2,4,4,CCAGCGGTGGGCAGACGAAA,0,4362971
yadI_predicted,0.2,4,4,CCAGCCGCATCATGGTATAA,0,4364825
yadI_predicted,0.2,4,4,CCACTGAAGTGGGCGGTAGA,0,4311295
yadI_predicted,0.2,4,4,CCACCCCCTTTTTTAAGAAC,0,4293971
yadI_predicted,0.2,4,4,CCAATCGGAACTCTCGCATT,0,4351611
yadI_predicted,0.2,4,4,CCAAGTGCTAGGTTCTGGCT,0,4316956
yadI_predicted,0.2,4,4,CCAAAGAATGCGTCAGGGAC,0,4324563
yadI_predicted,0.2,4,4,CCAAAATAGAGGCACGTCTA,0,4294307
yadI_predicted,0.2,4,4,CATTTTGTCTTGTCATGCTA,0,4288844
yadI_predicted,0.2,4,4,CATTGACAACTGTACCGTTA,0,4338252
yadI_predicted,0.2,4,4,CATTCTCCATTTATCTCTGC,0,4330510
yadI_predicted,0.2,4,4,CATTATTCCAGTAAGCTTCC,0,4353237
yadI_predicted,0.2,4,4,CATTAGAGGTAACGATACCG,0,4327854
yadI_predicted,0.2,4,4,CATGTGTAATCATGCCTTGA,0,4293066
yadI_predicted,0.2,4,4,CATGTGGTCGAATAGGTACA,0,4293889
yadI_predicted,0.2,4,4,CATGGGTTCCCAGCAACATT,0,4366196
yadI_predicted,0.2,4,4,CATGCTGGAAGTTCGAGTTC,0,4327233
yadI_predicted,0.2,4,4,CATGAGTTAAGCCCTTACTT,0,4361634
yadI_predicted,0.2,4,4,CATCTTGATGTTAGCATTGA,0,4361883
yadI_predicted,0.2,4,4,CATCTGGGCGAGGAATCTTG,0,4303292
yadI_predicted,0.2,4,4,CATCGTAAATTTAAAGAGGT,0,4306412
yadI_predicted,0.2,4,4,CATCCTGCCTTTTCGGAGGG,0,4306494
yadI_predicted,0.2,4,4,CATCACCCGAGTATGGAGTC,0,4347879
yadI_predicted,0.2,4,4,CATCAAGGTGTCTACTAATA,0,4364413
yadI_predicted,0.2,4,4,CATATTAACTACTCAAATCG,0,4284208
yadI_predicted,0.2,4,4,CATATACGGAGCCATGTGGG,0,4357457
yadI_predicted,0.2,4,4,CATAATCGTCAGTTCTTGTG,0,4335005
yadI_predicted,0.2,4,4,CAGTTTCGTAGCTTCCCGTC,0,4344683
yadI_predicted,0.2,4,4,CAGTTGTTCGTCCCAACGGG,0,4315928
yadI_predicted,0.2,4,4,CAGTTATGGATTGATGAGGG,0,4368589
yadI_predicted,0.2,4,4,CAGTTAACCAGAGCCGACTC,0,4346399
yadI_predicted,0.2,4,4,CAGTGAGGGAGTTTCCATGA,0,4348758
yadI_predicted,0.2,4,4,CAGTCGTCTTACCGTCAGAG,0,4344982
yadI_predicted,0.2,4,4,CAGTATCTGTATTCCAAAGG,0,4308616
yadI_predicted,0.2,4,4,CAGTAGGTCAGGTGGGTCGC,0,4355699
yadI_predicted,0.2,4,4,CAGGTCCCCACCCTGATTTA,0,4356611
yadI_predicted,0.2,4,4,CAGGGGCTCCCGTAAAGTCT,0,4330083
yadI_predicted,0.2,4,4,CAGGGCACCTCTTGCCTCGT,0,4289582
yadI_predicted,0.2,4,4,CAGGGAGCGGGTTTTTGTTT,0,4332996
yadI_predicted,0.2,4,4,CAGGGAACGATGCCCCCAGT,0,4345639
yadI_predicted,0.2,4,4,CAGGGAACCGGATGAATGTT,0,4309129
yadI_predicted,0.2,4,4,CAGGCTAGTTATCGCATCTC,0,4362227
yadI_predicted,0.2,4,4,CAGGCGGGAACGTTGCCAAG,0,4288804
yadI_predicted,0.2,4,4,CAGGCCCTGATAAGTTTGTC,0,4349197
yadI_predicted,0.2,4,4,CAGGCAAGGCCCCCTCTGCC,0,4362759
yadI_predicted,0.2,4,4,CAGGAGGGTGCGGAGGATTG,0,4365684
yadI_predicted,0.2,4,4,CAGGACATAGCCATTGAGTC,0,4336555
yadI_predicted,0.2,4,4,CAGCTTTCCACCTCTTTGAG,0,4367686
yadI_predicted,0.2,4,4,CAGCGTTGTGTGTTGGTTCA,0,4288517
yadI_predicted,0.2,4,4,CAGCGAAGCTCTAATAGTCT,0,4311120
yadI_predicted,0.2,4,4,CAGCCTCGAGGTGACTCGTA,0,4311905
yadI_predicted,0.2,4,4,CAGCCCGGGAGCACGATGTG,0,4288675
yadI_predicted,0.2,4,4,CAGCATGCGGCCAGCTTCCC,0,4367437
yadI_predicted,0.2,4,4,CAGCAAATAGCGCGTTCAGT,0,4332098
yadI_predicted,0.2,4,4,CAGATATCCCAGTCGCACAG,0,4331231
yadI_predicted,0.2,4,4,CAGATACCGTGTCTTTGTGC,0,4291809
yadI_predicted,0.2,4,4,CAGAGTTCTGCCATCCAGGA,0,4313696
yadI_predicted,0.2,4,4,CAGAGGGCTTGGATCGTCAG,0,4368926
yadI_predicted,0.2,4,4,CAGACTTCTTTGGCTAGTAG,0,4312266
yadI_predicted,0.2,4,4,CAGACTTCTCACGCGTGCCC,0,4344342
yadI_predicted,0.2,4,4,CAGACTCCCGCCGTTCTGGA,0,4348505
yadI_predicted,0.2,4,4,CAGACTACTCCAGGCTACAA,0,4302937
yadI_predicted,0.2,4,4,CAGAATGAGACAGGGGGCCA,0,4343540
yadI_predicted,0.2,4,4,CAGAATACTTACATCTGTGC,0,4368004
yadI_predicted,0.2,4,4,CAGAAGCCAGACCTGTCAAC,0,4360976
yadI_predicted,0.2,4,4,CAGAACCGACCCTGGCCAAT,0,4350661
yadI_predicted,0.2,4,4,CACTTGACCCCGGTAGTGCA,0,4343456
yadI_predicted,0.2,4,4,CACTTAGGAAATGCTACTTT,0,4325993
yadI_predicted,0.2,4,4,CACTAGCAACCAACGGCAAT,0,4344599
yadI_predicted,0.2,4,4,CACTAATCAAGTTAAAAATC,0,4361384
yadI_predicted,0.2,4,4,CACGTAATCATTGAGCCCTT,0,4284612
yadI_predicted,0.2,4,4,CACGGGGCCGTGGTACAGTT,0,4284252
yadI_predicted,0.2,4,4,CACGGGCGTCGTCGTAGGAA,0,4294730
yadI_predicted,0.2,4,4,CACGCTGAACCGACAGGCTA,0,4332698
yadI_predicted,0.2,4,4,CACGATATGAGTTACGGTCA,0,4338116
yadI_predicted,0.2,4,4,CACGAACGATCACTTGTGAT,0,4310526
yadI_predicted,0.2,4,4,CACGAAATGTTAAGTCTGCA,0,4357805
yadI_predicted,0.2,4,4,CACCTAGGACGGCAGGGTAG,0,4304016
yadI_predicted,0.2,4,4,CACCGTGCGGGCCATAGTCC,0,4287602
yadI_predicted,0.2,4,4,CACCGGTCCCCGTATTTTTA,0,4307949
yadI_predicted,0.2,4,4,CACCGAAACCGGACAGTCAG,0,4324278
yadI_predicted,0.2,4,4,CACCCTCAGCACGCGGTCTA,0,4369339
yadI_predicted,0.2,4,4,CACCCGTCCTCGCCATGTTG,0,4300804
yadI_predicted,0.2,4,4,CACCCCCCCTCACAAAGCCA,0,4324157
yadI_predicted,0.2,4,4,CACCCAAGCGGTCTCGTCTC,0,4325049
yadI_predicted,0.2,4,4,CACACGTCTCCATCCCCTGC,0,4365165
yadI_predicted,0.2,4,4,CAATTGATTGTTAGTACCGG,0,4342866
yadI_predicted,0.2,4,4,CAATGTGAATGTGTGGCGGA,0,4347475
yadI_predicted,0.2,4,4,CAATGCGATCAACAGTTGGG,0,4317729
yadI_predicted,0.2,4,4,CAATATGTGGATCTCACTTC,0,4322942
yadI_predicted,0.2,4,4,CAATAGTGTATAAAACCTTA,0,4298397
yadI_predicted,0.2,4,4,CAATAGCAGCTCAGAGCACA,0,4304667
yadI_predicted,0.2,4,4,CAAGTTCAATGCTGGTCTAG,0,4287950
yadI_predicted,0.2,4,4,CAAGGGACGAATATGCGTGT,0,4320725
yadI_predicted,0.2,4,4,CAAGGCGCAGTAGCTCTGCC,0,4367217
yadI_predicted,0.2,4,4,CAAGGAGGTACCGGTGTAAA,0,4358412
yadI_predicted,0.2,4,4,CAAGCGGGAATGTTTTAGTC,0,4353531
yadI_predicted,0.2,4,4,CAAGCCGTTCACTGGATTGT,0,4321690
yadI_predicted,0.2,4,4,CAAGCCACCTCAGAAGATAA,0,4287084
yadI_predicted,0.2,4,4,CAACTTTCCGGCGCAATTAC,0,4326357
yadI_predicted,0.2,4,4,CAACTGAAGCCCCCGGTGAA,0,4290806
yadI_predicted,0.2,4,4,CAACTACTGGGGTACGACAG,0,4318687
yadI_predicted,0.2,4,4,CAACGTATTCCGGCCTTAGA,0,4346710
yadI_predicted,0.2,4,4,CAACGAGTTTTTATAGAGTA,0,4305698
yadI_predicted,0.2,4,4,CAACCTAGCTAAGTCAATTT,0,4290412
yadI_predicted,0.2,4,4,CAACCGGATTTTAGGCCGCT,0,4335781
yadI_predicted,0.2,4,4,CAACCATGCCACGAACGTGT,0,4333581
yadI_predicted,0.2,4,4,CAACATAATATGGATACACT,0,4361598
yadI_predicted,0.2,4,4,CAACACTCTAGGTGACACAG,0,4305118
yadI_predicted,0.2,4,4,CAAATAGTGACGCGAATACT,0,4293054
yadI_predicted,0.2,4,4,CAAACTTAAATTTCCATTCT,0,4313035
yadI_predicted,0.2,4,4,CAAAAGTAAGTGGTTCTAAA,0,4342899
yadI_predicted,0.2,4,4,CAAAACCATTCGGGCTAGTA,0,4295879
yadI_predicted,0.2,4,4,CAAAAAGCTTCAGCATGAAT,0,4306392
yadI_predicted,0.2,4,4,ATTTTATAACAACGTCTCGC,0,4326773
yadI_predicted,0.2,4,4,ATTTGTTAGCCTTCCCAATT,0,4340695
yadI_predicted,0.2,4,4,ATTTGTGATTTTTCTAGCAT,0,4354521
yadI_predicted,0.2,4,4,ATTTCGTGATTTCGTTTTGG,0,4289527
yadI_predicted,0.2,4,4,ATTTCGGTTAACTCGATCAC,0,4306796
yadI_predicted,0.2,4,4,ATTTCCGGCACCACTCGCTT,0,4328754
yadI_predicted,0.2,4,4,ATTTCCCAGTATCCGGTGGC,0,4367032
yadI_predicted,0.2,4,4,ATTTATAGATCTACTAACTA,0,4297482
yadI_predicted,0.2,4,4,ATTGTAGCATGTCGCAAACG,0,4323558
yadI_predicted,0.2,4,4,ATTGGGTCGGAAACGATTTA,0,4315148
yadI_predicted,0.2,4,4,ATTGCGCCACAGCGCGAAAG,0,4357483
yadI_predicted,0.2,4,4,ATTGAGTATGGTGAACGGTG,0,4312594
yadI_predicted,0.2,4,4,ATTGACAAGCTTATTTCAAC,0,4348759
yadI_predicted,0.2,4,4,ATTCTATATCCAGAGCCGAC,0,4366020
yadI_predicted,0.2,4,4,ATTCATCAGCTTAAGTAGTA,0,4345676
yadI_predicted,0.2,4,4,ATTCAGCAGGACAAACTATT,0,4359767
yadI_predicted,0.2,4,4,ATTATTGACGTACACGCGGT,0,4311716
yadI_predicted,0.2,4,4,ATTATGTCAGTGTTATCGTT,0,4319952
yadI_predicted,0.2,4,4,ATTAGTTTCAGATTACGTGG,0,4318142
yadI_predicted,0.2,4,4,ATTAGCGAGTACACTAATGG,0,4287108
yadI_predicted,0.2,4,4,ATTAGCCATGGATGTCCGCA,0,4299504
yadI_predicted,0.2,4,4,ATTACTCTCGCACTATAGAC,0,4356143
yadI_predicted,0.2,4,4,ATTACGTGGCGTGGATACAT,0,4294441
yadI_predicted,0.2,4,4,ATTACGGCTTGGCAAGTCAT,0,4365433
yadI_predicted,0.2,4,4,ATTACCAGCCCCGCGAACAT,0,4313173
yadI_predicted,0.2,4,4,ATTAATTCAAAGACCTACTT,0,4316966
yadI_predicted,0.2,4,4,ATTAACATCCTCCGGCGGAC,0,4357548
yadI_predicted,0.2,4,4,ATGTTTAACACAGCACTACG,0,4289900
yadI_predicted,0.2,4,4,ATGTTATCGTGGATCCTCCA,0,4294004
yadI_predicted,0.2,4,4,ATGTCGAGAGGGCGTACGTC,0,4346595
yadI_predicted,0.2,4,4,ATGTCCTCAACGGCGTGGAA,0,4352473
yadI_predicted,0.2,4,4,ATGTCAAACAGAGCCAGGCT,0,4352338
yadI_predicted,0.2,4,4,ATGTATGCGGCGCATCTGTG,0,4292602
yadI_predicted,0.2,4,4,ATGGTTTTGGGATCGTCTTT,0,4294373
yadI_predicted,0.2,4,4,ATGGTCAACAATCCGAGTAC,0,4344322
yadI_predicted,0.2,4,4,ATGGTACTGCGATGAACCCT,0,4311545
yadI_predicted,0.2,4,4,ATGGGGTTGTTGATTAATGT,0,4286904
yadI_predicted,0.2,4,4,ATGGGGGCTTCAGTCGGTAA,0,4359995
yadI_predicted,0.2,4,4,ATGGGGACGGGTCCTCGCGA,0,4313058
yadI_predicted,0.2,4,4,ATGGCTTCACCCCGTGACCC,0,4285477
yadI_predicted,0.2,4,4,ATGGCTCTAATCAGCCGGAG,0,4330376
yadI_predicted,0.2,4,4,ATGGATTTTAGAGACCGATG,0,4300348
yadI_predicted,0.2,4,4,ATGCGTCTGAGGCCCCCAGT,0,4315353
yadI_predicted,0.2,4,4,ATGCGGTACCTGCACCTACT,0,4368021
yadI_predicted,0.2,4,4,ATGCCTGGCGGAAGATAGCG,0,4329094
yadI_predicted,0.2,4,4,ATGCCGACTCGTTCTATCTT,0,4302343
yadI_predicted,0.2,4,4,ATGCAGGCACGGCGGTTCAT,0,4345514
yadI_predicted,0.2,4,4,ATGCAAACAGATTAGACTAA,0,4355909
yadI_predicted,0.2,4,4,ATGATTCACTGGTTATATGA,0,4365172
yadI_predicted,0.2,4,4,ATGATGTTATCAGTAGATTC,0,4320722
yadI_predicted,0.2,4,4,ATGATAGAATCACGAGCTAA,0,4333831
yadI_predicted,0.2,4,4,ATGATAAATTCCAAGGTCAA,0,4348386
yadI_predicted,0.2,4,4,ATGAGCAATAGCCATGGAAC,0,4331737
yadI_predicted,0.2,4,4,ATGACTAATTGTCTCAGTCA,0,4363175
yadI_predicted,0.2,4,4,ATGACGTTCCGGTAGGCGAG,0,4308610
yadI_predicted,0.2,4,4,ATGACAATCAGTCTATGGGT,0,4306183
yadI_predicted,0.2,4,4,ATGAACTAATGCTTAATTAT,0,4341048
yadI_predicted,0.2,4,4,ATGAAATCAAGAAAGCTCTG,0,4361125
yadI_predicted,0.2,4,4,ATCTGGCATCACAGTGAATC,0,4346180
yadI_predicted,0.2,4,4,ATCTGATGAAGATCCTGGCT,0,4343592
yadI_predicted,0.2,4,4,ATCTCGAGGCGAGCGGACTA,0,4309236
yadI_predicted,0.2,4,4,ATCTCCGCCCTCTGGTCACT,0,4319727
yadI_predicted,0.2,4,4,ATCTATCGAAGGGCAGTGAA,0,4360487
yadI_predicted,0.2,4,4,ATCTACGCCCCCACGAGGAG,0,4368341
yadI_predicted,0.2,4,4,ATCGTCTTGAACTGAATTCC,0,4347433
yadI_predicted,0.2,4,4,ATCGTCTGTCAGATGCATTA,0,4288323
yadI_predicted,0.2,4,4,ATCGGGATGGTGGGCGGTGA,0,4359460
yadI_predicted,0.2,4,4,ATCGGACACTAAGTAGCGTC,0,4315459
yadI_predicted,0.2,4,4,ATCGCAGGGAGTTTAAGGGA,0,4329175
yadI_predicted,0.2,4,4,ATCCTTTACCTTGAACCGCC,0,4302663
yadI_predicted,0.2,4,4,ATCCTTCGGTGTATCTCTAG,0,4289176
yadI_predicted,0.2,4,4,ATCCTCCCAGCCTGAGTCAA,0,4312339
yadI_predicted,0.2,4,4,ATCCGGTTAGGCCAAAAAGA,0,4361956
yadI_predicted,0.2,4,4,ATCCGAGCATTCAGCGATTG,0,4302745
yadI_predicted,0.2,4,4,ATCCAGAGATCTGATAGGCG,0,4359825
yadI_predicted,0.2,4,4,ATCCACAGTCTTGAAGCCCA,0,4336598
yadI_predicted,0.2,4,4,ATCCAACGGCAAGCTACGTC,0,4340633
yadI_predicted,0.2,4,4,ATCATCTTCATTCACACTAG,0,4368577
yadI_predicted,0.2,4,4,ATATTATTGGGGACACGGTC,0,4358572
yadI_predicted,0.2,4,4,ATATGCACGCTAGGGGTTCA,0,4361270
yadI_predicted,0.2,4,4,ATATGATCATCACCTAAGAT,0,4310691
yadI_predicted,0.2,4,4,ATATCTTTTCGCCTGTTCCG,0,4366015
yadI_predicted,0.2,4,4,ATATCGCCTCCAAGTTCAGA,0,4358343
yadI_predicted,0.2,4,4,ATATCGCATCATCGCCAGGT,0,4337478
yadI_predicted,0.2,4,4,ATATCAGTTAGTGAAGGGTC,0,4338206
yadI_predicted,0.2,4,4,ATATAGGTACGAGATCCGGA,0,4306048
yadI_predicted,0.2,4,4,ATAGGGATGCGTTGTGTGTT,0,4318938
yadI_predicted,0.2,4,4,ATAGGGAATACTTATGCCGT,0,4287767
yadI_predicted,0.2,4,4,ATAGGCAACCCGCATGAGAA,0,4309234
yadI_predicted,0.2,4,4,ATAGAAACTCGCCAGAGCCG,0,4367616
yadI_predicted,0.2,4,4,ATACGGCCCACAGACCGAAC,0,4346905
yadI_predicted,0.2,4,4,ATACGATGTCTCAACCCAGG,0,4290134
yadI_predicted,0.2,4,4,ATACCCTACAAGCGCGCATT,0,4329343
yadI_predicted,0.2,4,4,ATACCAGGCTAAGGTCGGTG,0,4322718
yadI_predicted,0.2,4,4,ATACAAAGACGCTTGGGAGA,0,4343589
yadI_predicted,0.2,4,4,ATAATGGGTAAGGTGGCCAA,0,4311599
yadI_predicted,0.2,4,4,ATAACGACGAAGCGCGCAAT,0,4323300
yadI_predicted,0.2,4,4,ATAACAAACTAGCTGGAGTT,0,4368407
yadI_predicted,0.2,4,4,ATAAATAGGAATCACCGCGT,0,4291260
yadI_predicted,0.2,4,4,AGTTTATTTCTTGTTCCTTT,0,4337231
yadI_predicted,0.2,4,4,AGTTATATGTTGCAGTAGGA,0,4292949
yadI_predicted,0.2,4,4,AGTGTTTTGCGGTCAGAGGT,0,4290484
yadI_predicted,0.2,4,4,AGTGTGTGGCGGGCAGGAAT,0,4287343
yadI_predicted,0.2,4,4,AGTGTGGAGTCGAACTAGAT,0,4345289
yadI_predicted,0.2,4,4,AGTGTAAGGTGACCTTACCA,0,4367691
yadI_predicted,0.2,4,4,AGTGGGAACTCCGCCAGCGC,0,4357428
yadI_predicted,0.2,4,4,AGTGGCGATTTAACGCCATG,0,4325641
yadI_predicted,0.2,4,4,AGTGCTGGCCTCGCATTTGA,0,4297835
yadI_predicted,0.2,4,4,AGTGCGTCCTCCCGATCATG,0,4327078
yadI_predicted,0.2,4,4,AGTGCCTGAACGGTTAGGGA,0,4287299
yadI_predicted,0.2,4,4,AGTGATCGCCCTCACAGGAT,0,4343626
yadI_predicted,0.2,4,4,AGTGAGTATCACTGATTTTA,0,4367681
yadI_predicted,0.2,4,4,AGTCTCCGAGGAGTCGCAGA,0,4296431
yadI_predicted,0.2,4,4,AGTCGTCCCCATTCACGGAT,0,4347620
yadI_predicted,0.2,4,4,AGTCGTCAATAATCATACAA,0,4304553
yadI_predicted,0.2,4,4,AGTCCGGGACACGACTCTGA,0,4324455
yadI_predicted,0.2,4,4,AGTCCCCCCGGCCAGGCAGT,0,4362475
yadI_predicted,0.2,4,4,AGTCACTCATCGACTGCTAC,0,4317294
yadI_predicted,0.2,4,4,AGTCACGACTACAGTAGAGG,0,4285286
yadI_predicted,0.2,4,4,AGTCACCTGTCTGAGGTCGT,0,4336580
yadI_predicted,0.2,4,4,AGTCAAAAAGTGGAAAAAAG,0,4284358
yadI_predicted,0.2,4,4,AGTATGAGCCGGTGGTTTAT,0,4332466
yadI_predicted,0.2,4,4,AGTATCCAGTGAGGTGTGAA,0,4307947
yadI_predicted,0.2,4,4,AGTATCAATCGGTTCGTGAA,0,4295305
yadI_predicted,0.2,4,4,AGTATCAAGCTTGATGAATT,0,4302056
yadI_predicted,0.2,4,4,AGTATATTCAGTCATACTAT,0,4300959
yadI_predicted,0.2,4,4,AGTATAGAAGGTGGAAGGTT,0,4365352
yadI_predicted,0.2,4,4,AGTATACACAGAGCACGAGT,0,4303062
yadI_predicted,0.2,4,4,AGTAGGTCACATTGTAACTA,0,4293266
yadI_predicted,0.2,4,4,AGTAGCTGATTGTAAAAACT,0,4322167
yadI_predicted,0.2,4,4,AGTACGTATATAGACTTAGA,0,4299370
yadI_predicted,0.2,4,4,AGTACCCATGGGGCGCTAGA,0,4363448
yadI_predicted,0.2,4,4,AGTAAGGTTACGGGTATGGT,0,4295333
yadI_predicted,0.2,4,4,AGTAACGGGACAACCCTTTT,0,4358888
yadI_predicted,0.2,4,4,AGGTTTGCCGCGCGGACACT,0,4343109
yadI_predicted,0.2,4,4,AGGTGGTGACTGCATGACCG,0,4365597
yadI_predicted,0.2,4,4,AGGTGCTGACAGCCTCGAAT,0,4299283
yadI_predicted,0.2,4,4,AGGTGCGTTGTGTGTACTAA,0,4305023
yadI_predicted,0.2,4,4,AGGTCGATCATTTTCTTAAA,0,4310328
yadI_predicted,0.2,4,4,AGGTCCATGTCTGTATGGTT,0,4327021
yadI_predicted,0.2,4,4,AGGTATGGGCTGCTTTCCAG,0,4293489
yadI_predicted,0.2,4,4,AGGGTGTCTCTGCAGCGTTT,0,4286147
yadI_predicted,0.2,4,4,AGGCTTGCCTATAACAAACA,0,4295935
yadI_predicted,0.2,4,4,AGGCTAGCACGCTTGAGCAA,0,4363672
yadI_predicted,0.2,4,4,AGGCGCATAGTGGGTTTGAA,0,4329455
yadI_predicted,0.2,4,4,AGGCCTTGGACTTTGTCCGG,0,4339449
yadI_predicted,0.2,4,4,AGGCCTGACAACGAACGGGT,0,4336332
yadI_predicted,0.2,4,4,AGGCCACTCGTGCGCCCCCT,0,4366286
yadI_predicted,0.2,4,4,AGGATTTGTTGTTCAATATT,0,4359614
yadI_predicted,0.2,4,4,AGGATTGGTAGAATGCAAAA,0,4312473
yadI_predicted,0.2,4,4,AGGATCCTAGTACGCATATA,0,4323881
yadI_predicted,0.2,4,4,AGGAGTAGTCCCTCGTGGTG,0,4315588
yadI_predicted,0.2,4,4,AGGAGCGTATAGGGAGGTGA,0,4349122
yadI_predicted,0.2,4,4,AGGAAGAAATGTCTTCTAAG,0,4300029
yadI_predicted,0.2,4,4,AGGAACAGGAGTAGATAGGG,0,4349215
yadI_predicted,0.2,4,4,AGGAAACCGCAGATCAGGAT,0,4315758
yadI_predicted,0.2,4,4,AGCTCTGGTTCCACAGGCCT,0,4368404
yadI_predicted,0.2,4,4,AGCTCTATCCGACTTTCACA,0,4319430
yadI_predicted,0.2,4,4,AGCTCGTCCAATGATCAGAA,0,4309464
yadI_predicted,0.2,4,4,AGCTCAGGAACGCTAAACGT,0,4305911
yadI_predicted,0.2,4,4,AGCTACCAGGATTGCTACGG,0,4352709
yadI_predicted,0.2,4,4,AGCGTGCAGATTACCAGAAA,0,4361467
yadI_predicted,0.2,4,4,AGCGTCCACTCTAATGTTGG,0,4345342
yadI_predicted,0.2,4,4,AGCGGAATTACAGTCCTGCT,0,4341027
yadI_predicted,0.2,4,4,AGCCTTCCTGCGTTGCATTA,0,4343088
yadI_predicted,0.2,4,4,AGCCTACACGGATACTAGAA,0,4306377
yadI_predicted,0.2,4,4,AGCCGAATGGCCAGTTTATG,0,4346418
yadI_predicted,0.2,4,4,AGCCCAATCGCGTGTTTACC,0,4285586
yadI_predicted,0.2,4,4,AGCCATTCCAGCTCGTTGGC,0,4303646
yadI_predicted,0.2,4,4,AGCCACGTTCACCCTCGACC,0,4313625
yadI_predicted,0.2,4,4,AGCATCTGGCTCTTGTTGGT,0,4331864
yadI_predicted,0.2,4,4,AGCAGATAGAAGACACCTCT,0,4336734
yadI_predicted,0.2,4,4,AGCAGACCAGTATGGCGAAG,0,4344102
yadI_predicted,0.2,4,4,AGCACTGTTAAGTAAAGATA,0,4360150
yadI_predicted,0.2,4,4,AGCACTAGGGGACTAACGAA,0,4331425
yadI_predicted,0.2,4,4,AGCAACGATTTCCATTACTA,0,4368948
yadI_predicted,0.2,4,4,AGATTAGTATGCCAAATCCA,0,4359504
yadI_predicted,0.2,4,4,AGATGTACTTTTGTGACAAA,0,4321776
yadI_predicted,0.2,4,4,AGATCGATAGAGCACGCATC,0,4296825
yadI_predicted,0.2,4,4,AGATATAGGCGAGGGGCAGG,0,4343443
yadI_predicted,0.2,4,4,AGATAGGAGTAGCCTTATGC,0,4369333
yadI_predicted,0.2,4,4,AGATAGCTTAACAAACGTGA,0,4334091
yadI_predicted,0.2,4,4,AGATAAGATACAGTTAACTC,0,4307937
yadI_predicted,0.2,4,4,AGAGTTATCTCCTTGGTATT,0,4288834
yadI_predicted,0.2,4,4,AGAGTGCAAGCAGTTAGGCG,0,4346008
yadI_predicted,0.2,4,4,AGAGTGATTGGATGGTGGTG,0,4299182
yadI_predicted,0.2,4,4,AGAGTAAGGGTTCAACGTGA,0,4349894
yadI_predicted,0.2,4,4,AGAGAGGCAAATCCACTAAA,0,4312196
yadI_predicted,0.2,4,4,AGAGAGCCGGAGCTCTAGGT,0,4354777
yadI_predicted,0.2,4,4,AGACTCCAAAGATCCGGCGC,0,4286524
yadI_predicted,0.2,4,4,AGACTCAGGCGCTCAGTTAC,0,4296401
yadI_predicted,0.2,4,4,AGACTAAAACGCACGCGTTA,0,4343581
yadI_predicted,0.2,4,4,AGACGAGGGCCATGCACCGT,0,4357755
yadI_predicted,0.2,4,4,AGACGACGCCTGTCGCGGTA,0,4331747
yadI_predicted,0.2,4,4,AGACCAGATGCTCCTAACCA,0,4331201
yadI_predicted,0.2,4,4,AGACAGGGTGAATCATCGCA,0,4351416
yadI_predicted,0.2,4,4,AGAATATCGGGGTACTGAAG,0,4353042
yadI_predicted,0.2,4,4,AGAAGGAGCTCCGGACGACT,0,4305773
yadI_predicted,0.2,4,4,AGAAGACCCGCCGTACGTGA,0,4299108
yadI_predicted,0.2,4,4,AGAACCGAGGGGTGGTATCT,0,4364437
yadI_predicted,0.2,4,4,AGAACCCTAGTTACACCCGC,0,4356428
yadI_predicted,0.2,4,4,AGAAACCAGAAAGAATTCGC,0,4337752
yadI_predicted,0.2,4,4,ACTTGGTTAATGTTCAATGA,0,4307744
yadI_predicted,0.2,4,4,ACTTGATATCCAGCCAGAAA,0,4294056
yadI_predicted,0.2,4,4,ACTTCCAGTTTACTGGTAGT,0,4344912
yadI_predicted,0.2,4,4,ACTTCAGGGGGTAACTTCCA,0,4358714
yadI_predicted,0.2,4,4,ACTTAATCACGGTCCTAACT,0,4346748
yadI_predicted,0.2,4,4,ACTGTCGAACGTATCGGCAT,0,4318887
yadI_predicted,0.2,4,4,ACTGTCAAGGATCTGATATA,0,4284762
yadI_predicted,0.2,4,4,ACTGGGTAAAGTTCGTGCAT,0,4296315
yadI_predicted,0.2,4,4,ACTGGCAGATGGGTCGGTGG,0,4324416
yadI_predicted,0.2,4,4,ACTGCTTATGGATGGAGGGG,0,4341678
yadI_predicted,0.2,4,4,ACTCGAGGAGTCTTAGCGTT,0,4324025
yadI_predicted,0.2,4,4,ACTCCGTGTGCATATAGTAT,0,4340517
yadI_predicted,0.2,4,4,ACTCCAATTATTAAAAAACC,0,4319218
yadI_predicted,0.2,4,4,ACTCATAAACAACTAAACTA,0,4334963
yadI_predicted,0.2,4,4,ACTCAGGTTTATAACAAACC,0,4329984
yadI_predicted,0.2,4,4,ACTCAGCGCTGTTCATCCAT,0,4317685
yadI_predicted,0.2,4,4,ACTCAAGTAAGTAAGTGCAG,0,4324154
yadI_predicted,0.2,4,4,ACTCAACAAACAACCTATGC,0,4300694
yadI_predicted,0.2,4,4,ACTAGGGTGAGACTAAGCAG,0,4302756
yadI_predicted,0.2,4,4,ACTAGCGCCCGCAACTGTAC,0,4310713
yadI_predicted,0.2,4,4,ACTAATCTTCTAGTAGGTTC,0,4317236
yadI_predicted,0.2,4,4,ACGTGTCTATGGAGTCAAGT,0,4325763
yadI_predicted,0.2,4,4,ACGTGCTCCATCGAATTAAG,0,4330801
yadI_predicted,0.2,4,4,ACGTGAGCCCCAGATGAGCG,0,4298116
yadI_predicted,0.2,4,4,ACGTGACACATTAGATACGT,0,4349897
yadI_predicted,0.2,4,4,ACGTCTGTAGCGTTCCGTTC,0,4311052
yadI_predicted,0.2,4,4,ACGTCGGCAAAGTACAATCT,0,4293584
yadI_predicted,0.2,4,4,ACGTCATCTTAAGACGACGC,0,4360586
yadI_predicted,0.2,4,4,ACGTATGTCTTAAGGAAGGA,0,4326206
yadI_predicted,0.2,4,4,ACGTAGTTTTTGGTAGTATT,0,4362057
yadI_predicted,0.2,4,4,ACGTACCAGTCCCTGCACTA,0,4307688
yadI_predicted,0.2,4,4,ACGGTGTCAGGCGCCCGCTG,0,4302046
yadI_predicted,0.2,4,4,ACGGTGCGGCAACGGCGGAT,0,4361285
yadI_predicted,0.2,4,4,ACGGTCAACACAAGGGCCAA,0,4367834
yadI_predicted,0.2,4,4,ACGCTGGAATGTCACAAAAC,0,4328518
yadI_predicted,0.2,4,4,ACGCTGACTACCATATGTGA,0,4352326
yadI_predicted,0.2,4,4,ACGCTAGATGAAACTGGTCC,0,4347320
yadI_predicted,0.2,4,4,ACGCTACCCGGGCGAATTAA,0,4298747
yadI_predicted,0.2,4,4,ACGCGCGTTGTTGTCCACTG,0,4331106
yadI_predicted,0.2,4,4,ACGCCGGTAAGCCAATACAT,0,4363113
yadI_predicted,0.2,4,4,ACGCAGGATAGGACGGGAGT,0,4369651
yadI_predicted,0.2,4,4,ACGCAGAAGTGCCTTACTAG,0,4301194
yadI_predicted,0.2,4,4,ACGAGTATTGACCCACATCG,0,4315486
yadI_predicted,0.2,4,4,ACGACCTATAGGGAACGAGA,0,4296190
yadI_predicted,0.2,4,4,ACCTTTTCAAAGAATACGTA,0,4354590
yadI_predicted,0.2,4,4,ACCTAATGGATTCGCATACT,0,4364801
yadI_predicted,0.2,4,4,ACCGTGACTTTTTGATGTTT,0,4361790
yadI_predicted,0.2,4,4,ACCGGTGATATGCCTCCCTT,0,4307996
yadI_predicted,0.2,4,4,ACCGGTATAAGAGTAATGTT,0,4320422
yadI_predicted,0.2,4,4,ACCGGCATGGGTCGAGCGGT,0,4314028
yadI_predicted,0.2,4,4,ACCGGATGTAGACTATTGGC,0,4355246
yadI_predicted,0.2,4,4,ACCGATATTTGTGCTTGAAT,0,4341308
yadI_predicted,0.2,4,4,ACCGAGTCATACGATATTTG,0,4323751
yadI_predicted,0.2,4,4,ACCCGTTACAGACGCAAGTA,0,4290922
yadI_predicted,0.2,4,4,ACCCGATGTTTATTAAGACA,0,4343103
yadI_predicted,0.2,4,4,ACCCGATCCTTGTTTAGGAG,0,4319087
yadI_predicted,0.2,4,4,ACCCCGAGATGAGATGGAGC,0,4365761
yadI_predicted,0.2,4,4,ACCCACAGGGTGCCCAGTGG,0,4368681
yadI_predicted,0.2,4,4,ACCATTGGTAATTGGTAGTA,0,4344921
yadI_predicted,0.2,4,4,ACCATTAAACTGTACGGTAG,0,4288816
yadI_predicted,0.2,4,4,ACCAGCAGTTTGAGGTATGA,0,4304658
yadI_predicted,0.2,4,4,ACCACACCGTTGGACCACAT,0,4298598
yadI_predicted,0.2,4,4,ACATGGTCCGGTAACGACTC,0,4289376
yadI_predicted,0.2,4,4,ACATGGGCTTAGTCAACTCC,0,4323729
yadI_predicted,0.2,4,4,ACATGGATATTCATGCCGTT,0,4315236
yadI_predicted,0.2,4,4,ACATGAATCATATTTCGCCG,0,4301271
yadI_predicted,0.2,4,4,ACATGAACTTGGTCGGTGGT,0,4363952
yadI_predicted,0.2,4,4,ACATCGTGAACCCTGTTCCA,0,4348338
yadI_predicted,0.2,4,4,ACATCGTCCGGGTCCCTGAT,0,4344438
yadI_predicted,0.2,4,4,ACATCATGACACCGAGCATC,0,4340213
yadI_predicted,0.2,4,4,ACATAGACCTTAGATTAGGC,0,4347093
yadI_predicted,0.2,4,4,ACATACGTAACTGAAATACC,0,4363668
yadI_predicted,0.2,4,4,ACATACCTTCAACAACAGTT,0,4337116
yadI_predicted,0.2,4,4,ACAGTGTGTTCTCGGATCGT,0,4299907
yadI_predicted,0.2,4,4,ACAGGTTTTACGCGGATCAA,0,4349167
yadI_predicted,0.2,4,4,ACAGGGTGGTCGTTTTCTCT,0,4321660
yadI_predicted,0.2,4,4,ACAGGCAGAGCCCTCTCACC,0,4301600
yadI_predicted,0.2,4,4,ACAGCTGCACCGAAGGCAGG,0,4337748
yadI_predicted,0.2,4,4,ACAGCGCTACAAGAAGCTCT,0,4318159
yadI_predicted,0.2,4,4,ACAGATATATTCCTACACGG,0,4305885
yadI_predicted,0.2,4,4,ACACTCCGGATTTGGACGGA,0,4289423
yadI_predicted,0.2,4,4,ACACGCGGGTTGTCACTCCC,0,4356266
yadI_predicted,0.2,4,4,ACACGCCAGGCTTCCGGATC,0,4352997
yadI_predicted,0.2,4,4,ACACCGCACTTGCAACTGGC,0,4309765
yadI_predicted,0.2,4,4,ACACATGCCATCAGCTTCAT,0,4365331
yadI_predicted,0.2,4,4,ACAATGTCGGTACCATACAA,0,4288763
yadI_predicted,0.2,4,4,ACAATCTATCCGTAAGCGAT,0,4324867
yadI_predicted,0.2,4,4,ACAATCCGGGTCATCGATCT,0,4323592
yadI_predicted,0.2,4,4,ACAAGCCCGAGGTTAAGCGA,0,4352757
yadI_predicted,0.2,4,4,ACAACTCGGGCGACACGGGA,0,4341989
yadI_predicted,0.2,4,4,ACAACGCCCAGACGATAATG,0,4288716
yadI_predicted,0.2,4,4,ACAAATTGCCGGGTCGGACA,0,4300353
yadI_predicted,0.2,4,4,ACAAATGTTCTCGATACCTA,0,4349370
yadI_predicted,0.2,4,4,ACAAATGACTCGGTAAGCTA,0,4361627
yadI_predicted,0.2,4,4,ACAAAACACTTATTAAATAT,0,4347176
yadI_predicted,0.2,4,4,AATTTTACTCGGTAGTTGGA,0,4289322
yadI_predicted,0.2,4,4,AATTGGTGCTTTTGGACGTT,0,4319089
yadI_predicted,0.2,4,4,AATTGCTGTACCGTCAAGAC,0,4298685
yadI_predicted,0.2,4,4,AATTCCCCCAAATGATGAGT,0,4322368
yadI_predicted,0.2,4,4,AATTATTACTGAGTCTGGAG,0,4284915
yadI_predicted,0.2,4,4,AATTAATCATCCTCGAAGCC,0,4350469
yadI_predicted,0.2,4,4,AATGTTGGGGTAGTCACAAG,0,4338549
yadI_predicted,0.2,4,4,AATGTCGGGGCGCAGACCCC,0,4353606
yadI_predicted,0.2,4,4,AATGTCGGACTAACTTGAAA,0,4363551
yadI_predicted,0.2,4,4,AATGGTCAACCTATTGGATA,0,4340408
yadI_predicted,0.2,4,4,AATGGGTAACCTAGGTTTAA,0,4311668
yadI_predicted,0.2,4,4,AATGGGGATGGTATAGGGTT,0,4299591
yadI_predicted,0.2,4,4,AATGGAGGCCATTTAACTGC,0,4368102
yadI_predicted,0.2,4,4,AATGCTTATCGTGGGTGAGA,0,4287704
yadI_predicted,0.2,4,4,AATGCGCGTTTCTTGGATAA,0,4328246
yadI_predicted,0.2,4,4,AATGCCGGTTATAAAAGTGC,0,4333149
yadI_predicted,0.2,4,4,AATCTGAGAGAGTTACAGAT,0,4314211
yadI_predicted,0.2,4,4,AATCTACTCGATATTCATTT,0,4365505
yadI_predicted,0.2,4,4,AATCGCGGTTATAGGTGTGT,0,4306338
yadI_predicted,0.2,4,4,AATCGCACCGAAAGTGCGTG,0,4301365
yadI_predicted,0.2,4,4,AATCCTGGCCATACCTTATA,0,4341063
yadI_predicted,0.2,4,4,AATCCTACCGGCGTTCAAAT,0,4336800
yadI_predicted,0.2,4,4,AATCCGTTCAGATCGGACGT,0,4299730
yadI_predicted,0.2,4,4,AATCCGATGCTTAATGGCGT,0,4358875
yadI_predicted,0.2,4,4,AATCACAGGGGTTCGGCTGA,0,4362626
yadI_predicted,0.2,4,4,AATATTGAGTAGCGATCATT,0,4307666
yadI_predicted,0.2,4,4,AATATGTTATCGGTACTCGG,0,4356303
yadI_predicted,0.2,4,4,AATATGAAATTGTTGTGGCG,0,4305851
yadI_predicted,0.2,4,4,AATATACCACCGTATCCGAG,0,4293055
yadI_predicted,0.2,4,4,AATAGACGCCTTTGGGGGTA,0,4350135
yadI_predicted,0.2,4,4,AATAAGATTATACGACTGGT,0,4325877
yadI_predicted,0.2,4,4,AAGTTCGTAAAAGCCCTTTC,0,4295002
yadI_predicted,0.2,4,4,AAGTGCGTGCTCGGTCAAAA,0,4327166
yadI_predicted,0.2,4,4,AAGTCTCACGTAGACTAAGT,0,4362375
yadI_predicted,0.2,4,4,AAGTCGGTGTGCACACACCG,0,4311048
yadI_predicted,0.2,4,4,AAGTCCTAATGACACTAGCT,0,4325120
yadI_predicted,0.2,4,4,AAGTCAATGGATACTCGGTT,0,4289745
yadI_predicted,0.2,4,4,AAGTATAACTCGGGCTGAAT,0,4314396
yadI_predicted,0.2,4,4,AAGTAGTATAAGCAGTGCCC,0,4351963
yadI_predicted,0.2,4,4,AAGTAGGAGATCTAACGTTA,0,4346454
yadI_predicted,0.2,4,4,AAGGTTCTACATGAAGGAAA,0,4316179
yadI_predicted,0.2,4,4,AAGGTCGCTCCGTGTTTGTA,0,4307457
yadI_predicted,0.2,4,4,AAGGGGAATTCATAATACAC,0,4356908
yadI_predicted,0.2,4,4,AAGGGCAACCTGACCTAGAA,0,4366532
yadI_predicted,0.2,4,4,AAGGCTGGGCGCAGGACTGG,0,4311954
yadI_predicted,0.2,4,4,AAGGCGGCGATATGTCCTAA,0,4320420
yadI_predicted,0.2,4,4,AAGGCGCGTGAGGCGATACC,0,4341189
yadI_predicted,0.2,4,4,AAGGCCGTCTGCTAGGAGTT,0,4326544
yadI_predicted,0.2,4,4,AAGGAAAGGTCACTTATGGA,0,4316701
yadI_predicted,0.2,4,4,AAGCTTAGTTTCCGTAGCGC,0,4368396
yadI_predicted,0.2,4,4,AAGCTCTCTAGTTCAACTAT,0,4287525
yadI_predicted,0.2,4,4,AAGCGTGTTTCTAATTGCTC,0,4352600
yadI_predicted,0.2,4,4,AAGCGCGAATATCAAGTTAC,0,4340439
yadI_predicted,0.2,4,4,AAGCCCATAATAGCCAGGTG,0,4286362
yadI_predicted,0.2,4,4,AAGCATGCCGAATTTTGCAT,0,4337629
yadI_predicted,0.2,4,4,AAGATTCATGATGCCCTCGT,0,4325035
yadI_predicted,0.2,4,4,AAGATGGGCCGCTTGGCTCG,0,4356828
yadI_predicted,0.2,4,4,AAGATGCTCCGTTGGATTGT,0,4316324
yadI_predicted,0.2,4,4,AAGATACCCCTTTGTTTTTA,0,4358168
yadI_predicted,0.2,4,4,AAGAGGTAATAGGCTAGTCG,0,4338991
yadI_predicted,0.2,4,4,AAGACTGTGTACTGATAGCA,0,4289381
yadI_predicted,0.2,4,4,AAGACTGCTCTGCGATTTCG,0,4339079
yadI_predicted,0.2,4,4,AAGACGCGATCCCGCCGCCC,0,4352169
yadI_predicted,0.2,4,4,AAGACGAAACGTCGCTAAGT,0,4343728
yadI_predicted,0.2,4,4,AACTTTATGGACGTCGGATT,0,4366224
yadI_predicted,0.2,4,4,AACTGTGTTATATGGCTCAC,0,4289877
yadI_predicted,0.2,4,4,AACTGTATCCTGGTCGTCTT,0,4300232
yadI_predicted,0.2,4,4,AACTCACCAAGCGGGGAACC,0,4353377
yadI_predicted,0.2,4,4,AACGTTATCTGTTACATTTC,0,4321768
yadI_predicted,0.2,4,4,AACGGTTAGACAGGGAGAGG,0,4345804
yadI_predicted,0.2,4,4,AACGGGATCTATGGGCGGAT,0,4300124
yadI_predicted,0.2,4,4,AACGCGAAGGCGGAAATCAA,0,4337983
yadI_predicted,0.2,4,4,AACGAGTGATGTGAACATGC,0,4308722
yadI_predicted,0.2,4,4,AACGAGCTCTAGCACCCCAC,0,4367639
yadI_predicted,0.2,4,4,AACGAGATCCTGGCTGTGAA,0,4325802
yadI_predicted,0.2,4,4,AACGAATCTAATAGCTCGTT,0,4364253
yadI_predicted,0.2,4,4,AACGAATCACCGCGGCGGGG,0,4301013
yadI_predicted,0.2,4,4,AACCGGTCATTTGTCTCGTT,0,4350029
yadI_predicted,0.2,4,4,AACCGCTCACGAAATTGGGT,0,4345388
yadI_predicted,0.2,4,4,AACCGCCAGTACGTGATGCC,0,4351787
yadI_predicted,0.2,4,4,AACCGCAGAAGCGCACGGTG,0,4296329
yadI_predicted,0.2,4,4,AACCGAAAGTATTAGCGTCG,0,4301064
yadI_predicted,0.2,4,4,AACCCTTTATATTAGCAGCC,0,4349477
yadI_predicted,0.2,4,4,AACCCCGCTAGCCGGTTCGT,0,4286873
yadI_predicted,0.2,4,4,AACCCCAATCGGACTCCAAT,0,4314558
yadI_predicted,0.2,4,4,AACCATCGATTCCCCATGTT,0,4299974
yadI_predicted,0.2,4,4,AACATTTTAGCAGGCACGTC,0,4346965
yadI_predicted,0.2,4,4,AACATATTAGAAGTAATTGG,0,4327916
yadI_predicted,0.2,4,4,AACAGCAAGTATGCGTTTGT,0,4302049
yadI_predicted,0.2,4,4,AACACTGCTATCTACGAGGT,0,4360107
yadI_predicted,0.2,4,4,AACACGCAATTAACTCGACA,0,4340934
yadI_predicted,0.2,4,4,AACAAGTGGGTTGGGTGCGT,0,4289960
yadI_predicted,0.2,4,4,AACAAAGTTGACCATTTACC,0,4349821
yadI_predicted,0.2,4,4,AAATTGATGCCAGCTCCCGG,0,4327822
yadI_predicted,0.2,4,4,AAATTATGCGGCTGTAGGCT,0,4349396
yadI_predicted,0.2,4,4,AAATGTGTTAAAGGATACTT,0,4356386
yadI_predicted,0.2,4,4,AAATGTGTATAAACCTAAGT,0,4363508
yadI_predicted,0.2,4,4,AAATGGCTGTATGAGTTGGC,0,4347509
yadI_predicted,0.2,4,4,AAATCCGATCAACAAATCAC,0,4338631
yadI_predicted,0.2,4,4,AAATCAAGACCTGGAAGCAA,0,4357283
yadI_predicted,0.2,4,4,AAATAGTGGAGCTTAAGCTC,0,4310564
yadI_predicted,0.2,4,4,AAATAAGAGGCGGTAACGCC,0,4324776
yadI_predicted,0.2,4,4,AAATAAGAAGTAGCGCTCCG,0,4286712
yadI_predicted,0.2,4,4,AAAGTAAATATTAACCGGTT,0,4285946
yadI_predicted,0.2,4,4,AAAGGTTCAGGGTGACGATT,0,4333951
yadI_predicted,0.2,4,4,AAAGGGCGTCCGTAGGTCTC,0,4339877
yadI_predicted,0.2,4,4,AAACTAGCAAGAGCCACAGG,0,4337574
yadI_predicted,0.2,4,4,AAACTACCTTAGGGGAAATT,0,4328461
yadI_predicted,0.2,4,4,AAACCAGGCATGCCGATAAG,0,4286110
yadI_predicted,0.2,4,4,AAAATTTCGCCTACAGAACT,0,4303131
yadI_predicted,0.2,4,4,AAAATTCGCTGCCTAATGTA,0,4351415
yadI_predicted,0.2,4,4,AAAATCCTTGAAGCGGCTGA,0,4293298
yadI_predicted,0.2,4,4,AAAAATCCGATATTTGGTCA,0,4302823
yadI_predicted,0.2,4,4,AAAAAAGGGAGTGAAGAGTC,0,4361151
yadI_predicted,0.25,3,3,TTTTTATATGTCGGTACATG,0,4322956
yadI_predicted,0.25,3,3,TTTTGCCTTGCAGATGAGGG,0,4296488
yadI_predicted,0.25,3,3,TTTTCAAATCCTAGATCAGA,0,4340704
yadI_predicted,0.25,3,3,TTTGTACTCTTGGCTCGTCG,0,4348810
yadI_predicted,0.25,3,3,TTTGGTGCTTTGCTTGATGA,0,4346838
yadI_predicted,0.25,3,3,TTTGGTCACGTGTTTCTTGA,0,4367140
yadI_predicted,0.25,3,3,TTTGGGTAGAAAGACAGGGA,0,4306153
yadI_predicted,0.25,3,3,TTTGGGAAAGGTATCTGAAA,0,4330364
yadI_predicted,0.25,3,3,TTTGAGTTAAGCCTATATGT,0,4365745
yadI_predicted,0.25,3,3,TTTGAGCAGGGCAGAGAACC,0,4351966
yadI_predicted,0.25,3,3,TTTGAGATTGTCCCCACCGT,0,4284513
yadI_predicted,0.25,3,3,TTTGACGGGCCACGCTGTAC,0,4325264
yadI_predicted,0.25,3,3,TTTCTTCTAAGCTGAAACAA,0,4328089
yadI_predicted,0.25,3,3,TTTCTAGACGCATGTTCTTT,0,4330069
yadI_predicted,0.25,3,3,TTTCTACCAGGGCTCCGGAC,0,4352417
yadI_predicted,0.25,3,3,TTTCGTGCGAATTCACTTAA,0,4342061
yadI_predicted,0.25,3,3,TTTCGTCGTTCCAACGATGC,0,4292749
yadI_predicted,0.25,3,3,TTTCGCAATTTGGTCACAAA,0,4344425
yadI_predicted,0.25,3,3,TTTCCGTTACTTTGAGATTT,0,4362526
yadI_predicted,0.25,3,3,TTTCCACGCTCAGGATCCTA,0,4348075
yadI_predicted,0.25,3,3,TTTCAGGGGGGATACTCACC,0,4347145
yadI_predicted,0.25,3,3,TTTCAAGGCCGTTACATATG,0,4322858
yadI_predicted,0.25,3,3,TTTCAAATGCGCGACACTAT,0,4289015
yadI_predicted,0.25,3,3,TTTATGCAACTCAACCAATT,0,4327163
yadI_predicted,0.25,3,3,TTTATGAGATAAGCCACAGC,0,4350966
yadI_predicted,0.25,3,3,TTTATACAGCATAACCTTAT,0,4337074
yadI_predicted,0.25,3,3,TTTAGTATAAGATTTTTAAG,0,4308658
yadI_predicted,0.25,3,3,TTTAAGGTTCTCAGAGCATC,0,4335902
yadI_predicted,0.25,3,3,TTTAAGCAAGGTAGCGGAAT,0,4349283
yadI_predicted,0.25,3,3,TTGTTCACCGCAGTTCCGAG,0,4329173
yadI_predicted,0.25,3,3,TTGTGTACTGATCGTTGTAT,0,4333471
yadI_predicted,0.25,3,3,TTGTGCTATGCGGGTGGAGG,0,4352572
yadI_predicted,0.25,3,3,TTGTCTGGCGGTTCATGCTA,0,4285211
yadI_predicted,0.25,3,3,TTGTCGTTGCGGCTGCCACT,0,4317958
yadI_predicted,0.25,3,3,TTGTCATCAGCCCGCGTTTT,0,4314359
yadI_predicted,0.25,3,3,TTGTCAAACATCAAAAACGT,0,4324258
yadI_predicted,0.25,3,3,TTGTACCGTTACCGGGATAT,0,4304642
yadI_predicted,0.25,3,3,TTGTAATGTTGCGTCTATTC,0,4299858
yadI_predicted,0.25,3,3,TTGTAAGCTCATCTATGTAA,0,4323471
yadI_predicted,0.25,3,3,TTGGTCGTTAGGTTAGGCAT,0,4330805
yadI_predicted,0.25,3,3,TTGGGCTTGGCATCGTACGG,0,4310007
yadI_predicted,0.25,3,3,TTGGCAATTATTTTGGAACA,0,4289966
yadI_predicted,0.25,3,3,TTGGAACGTCCACTCTGTAG,0,4300389
yadI_predicted,0.25,3,3,TTGCTATCTTTTAGTCTGCA,0,4331622
yadI_predicted,0.25,3,3,TTGCGGTCCTATTGAGGAAG,0,4319249
yadI_predicted,0.25,3,3,TTGCGGGATTGTGCCCTGAC,0,4362521
yadI_predicted,0.25,3,3,TTGCGGCGACCGCGCGATTA,0,4342669
yadI_predicted,0.25,3,3,TTGCGATTTACAGTGGCAAC,0,4316539
yadI_predicted,0.25,3,3,TTGCCTTATTTTAGTGTTAC,0,4293654
yadI_predicted,0.25,3,3,TTGCCCACTTCTGATGAGCT,0,4309372
yadI_predicted,0.25,3,3,TTGCATTGCTTATTCCTCCT,0,4319392
yadI_predicted,0.25,3,3,TTGCATAAGCCATACTTTAA,0,4352374
yadI_predicted,0.25,3,3,TTGCAGGACTACCGCGGAAT,0,4312665
yadI_predicted,0.25,3,3,TTGCAACATGCTCGATTCCG,0,4315649
yadI_predicted,0.25,3,3,TTGAGGGCCGCTTAGAGCAT,0,4315857
yadI_predicted,0.25,3,3,TTGAGACGTGTGGTAATGCA,0,4301581
yadI_predicted,0.25,3,3,TTGACTCCATGGATAATGAT,0,4293188
yadI_predicted,0.25,3,3,TTGACGGCTGCTTTAACCCT,0,4314879
yadI_predicted,0.25,3,3,TTGACACACCATCTAACACC,0,4300797
yadI_predicted,0.25,3,3,TTCTTGTGCCGAGACAGGTG,0,4306070
yadI_predicted,0.25,3,3,TTCTTCCGGGTCTCAGGTTC,0,4290628
yadI_predicted,0.25,3,3,TTCTGGGGCGCGATAATCGG,0,4291999
yadI_predicted,0.25,3,3,TTCTGCAGATTAGTCTTGGT,0,4334970
yadI_predicted,0.25,3,3,TTCTGATTTTAGAATCGCGG,0,4356434
yadI_predicted,0.25,3,3,TTCTCTGTTACGAGGTCAGG,0,4306624
yadI_predicted,0.25,3,3,TTCTCGAGTCAGTCGCACAA,0,4328206
yadI_predicted,0.25,3,3,TTCTATTCCTTCATTGAAAT,0,4307007
yadI_predicted,0.25,3,3,TTCTAGATTGAATCTGTGTC,0,4306928
yadI_predicted,0.25,3,3,TTCTACTACAGTACTTGTCA,0,4340945
yadI_predicted,0.25,3,3,TTCTAAGTTGCACGAAGCAG,0,4328003
yadI_predicted,0.25,3,3,TTCGCGAAACTCTTCCCGAG,0,4352794
yadI_predicted,0.25,3,3,TTCGACAGAAAGTTTGCGAG,0,4334592
yadI_predicted,0.25,3,3,TTCCTTCAGCTGTCTTCGAA,0,4313591
yadI_predicted,0.25,3,3,TTCCTCCACACGTGAGCAAC,0,4305256
yadI_predicted,0.25,3,3,TTCCTCATTTCCGACGTTGA,0,4350675
yadI_predicted,0.25,3,3,TTCCTCAAACTCGAACGCTT,0,4285810
yadI_predicted,0.25,3,3,TTCCGTCTCTTGGCTTTAAG,0,4332287
yadI_predicted,0.25,3,3,TTCCGTACCCCCTGGAATGT,0,4342458
yadI_predicted,0.25,3,3,TTCCGGTCTAGAAGTTAGTC,0,4362609
yadI_predicted,0.25,3,3,TTCCGCAAGCCGATATCAGC,0,4342015
yadI_predicted,0.25,3,3,TTCCCGATCGTAACTTCAGA,0,4324079
yadI_predicted,0.25,3,3,TTCCCCGTGAAGGACACAAG,0,4297914
yadI_predicted,0.25,3,3,TTCCAGAGTGTCGTTATGGT,0,4335157
yadI_predicted,0.25,3,3,TTCCAGACCGGCAGCGTACT,0,4336392
yadI_predicted,0.25,3,3,TTCCAAGTGGGGTCGTCACT,0,4312125
yadI_predicted,0.25,3,3,TTCAATGGTACATCCTCGTA,0,4348582
yadI_predicted,0.25,3,3,TTCAACTGCTGGCAGCACGG,0,4303518
yadI_predicted,0.25,3,3,TTATGTCCTGATATTCCCCC,0,4303969
yadI_predicted,0.25,3,3,TTATCGGGTCCGCAACAAAT,0,4291269
yadI_predicted,0.25,3,3,TTATAGTGAAGAGACCTGTA,0,4365962
yadI_predicted,0.25,3,3,TTATAGCAGTACGAAGTACA,0,4366194
yadI_predicted,0.25,3,3,TTATACCGTCGTAACACACC,0,4369784
yadI_predicted,0.25,3,3,TTATAACAATAGCAGGGCGG,0,4359611
yadI_predicted,0.25,3,3,TTAGTTACTGTCGGGCGCAT,0,4349520
yadI_predicted,0.25,3,3,TTAGTGTGTTGCCGTAATGC,0,4325746
yadI_predicted,0.25,3,3,TTAGTGTATTCCAACGTTCA,0,4319044
yadI_predicted,0.25,3,3,TTAGTCGGTCTGCGCACCCC,0,4332630
yadI_predicted,0.25,3,3,TTAGTCACTCAATCTCCACT,0,4339383
yadI_predicted,0.25,3,3,TTAGGTCACATTCGCAACAC,0,4322101
yadI_predicted,0.25,3,3,TTAGGGTACCGGTATCGCTA,0,4308812
yadI_predicted,0.25,3,3,TTAGGGCACGCTGCCTGTCC,0,4331449
yadI_predicted,0.25,3,3,TTAGGACCGGGCACACGCGC,0,4318018
yadI_predicted,0.25,3,3,TTAGCTTAGGTCTTAAACGT,0,4330191
yadI_predicted,0.25,3,3,TTAGCAATAGCGCGGCCAAG,0,4333085
yadI_predicted,0.25,3,3,TTAGATTGAGTTCAGTAAGT,0,4351362
yadI_predicted,0.25,3,3,TTAGATGAACCCTAGTAGGA,0,4337089
yadI_predicted,0.25,3,3,TTAGAGTCCTACTTCGATCT,0,4367902
yadI_predicted,0.25,3,3,TTACGATGCACAGCGACCAG,0,4319410
yadI_predicted,0.25,3,3,TTACCTCGTTCGGTGCAATT,0,4333886
yadI_predicted,0.25,3,3,TTACATTCCGCCGTCAAACA,0,4347625
yadI_predicted,0.25,3,3,TTACATGGTAGTTTACTGTA,0,4309790
yadI_predicted,0.25,3,3,TTAATCACTGGACTTAGCTT,0,4287701
yadI_predicted,0.25,3,3,TTAATCACACCCGTATGCGC,0,4358070
yadI_predicted,0.25,3,3,TTAATAGACGAAGACTTGGG,0,4331485
yadI_predicted,0.25,3,3,TTAATACACGGCAGATTACC,0,4366243
yadI_predicted,0.25,3,3,TTAAGTCCGTGCTACTTTTT,0,4294623
yadI_predicted,0.25,3,3,TTAAGGTAGGGACATCCAAG,0,4288515
yadI_predicted,0.25,3,3,TTAAGAAGGGCTGCGGCAGT,0,4363189
yadI_predicted,0.25,3,3,TTAACTTTAGAACTAGCACG,0,4345464
yadI_predicted,0.25,3,3,TTAAACTGTCAAAAGATTGA,0,4362180
yadI_predicted,0.25,3,3,TTAAAAGCACATTGGCGGAG,0,4299031
yadI_predicted,0.25,3,3,TGTTGCGATTTAGCTCGGCG,0,4330177
yadI_predicted,0.25,3,3,TGTTCACTACGTTCGATCCC,0,4335264
yadI_predicted,0.25,3,3,TGTTACCGCATAACTGATTG,0,4332413
yadI_predicted,0.25,3,3,TGTGTGTAAGAGATAATTAT,0,4333915
yadI_predicted,0.25,3,3,TGTGTGCTAATACAACACTG,0,4336206
yadI_predicted,0.25,3,3,TGTGTAGCTTCGCGGATAAG,0,4369586
yadI_predicted,0.25,3,3,TGTGTAGCGTTCTTCTCATT,0,4353805
yadI_predicted,0.25,3,3,TGTGTACAGGGTCCGACTAG,0,4352545
yadI_predicted,0.25,3,3,TGTGGTTCTGGGAAAGGCTC,0,4334688
yadI_predicted,0.25,3,3,TGTGGAAGCATCGGGTCCTG,0,4329375
yadI_predicted,0.25,3,3,TGTGCTATTAGGTTGCCTTC,0,4314513
yadI_predicted,0.25,3,3,TGTGCCAGCAGTCAGTGGTA,0,4346421
yadI_predicted,0.25,3,3,TGTGATTTTTGGACCAGGGG,0,4335345
yadI_predicted,0.25,3,3,TGTCTTAGCAGTGATCGGGC,0,4323869
yadI_predicted,0.25,3,3,TGTCTGCCGGCGAAAGGTAA,0,4298146
yadI_predicted,0.25,3,3,TGTCGCTCATAAGTGGTCCG,0,4335037
yadI_predicted,0.25,3,3,TGTCGCACGACGTGGAACAA,0,4310331
yadI_predicted,0.25,3,3,TGTCCTAAGACGGCACTGCC,0,4300698
yadI_predicted,0.25,3,3,TGTCCGCGAGTTCTAGCGTT,0,4327753
yadI_predicted,0.25,3,3,TGTCATCGCTTTATTGCCTT,0,4347087
yadI_predicted,0.25,3,3,TGTCATCAGCTTACGCATTC,0,4345444
yadI_predicted,0.25,3,3,TGTCATATCTGAGGAGCGGA,0,4315366
yadI_predicted,0.25,3,3,TGTCAGGAGTGTGAAAGCGT,0,4338113
yadI_predicted,0.25,3,3,TGTCAGGACATTGCACAATA,0,4333483
yadI_predicted,0.25,3,3,TGTCAGCGTTGCGAAGAAGT,0,4303659
yadI_predicted,0.25,3,3,TGTCAATTTTCCTAGAGCTG,0,4292125
yadI_predicted,0.25,3,3,TGTATAGTACCTTCGGCAGG,0,4364033
yadI_predicted,0.25,3,3,TGTAGCTACGTTCTCTGCCA,0,4348378
yadI_predicted,0.25,3,3,TGTACAGCAGGGCGAACCTT,0,4318386
yadI_predicted,0.25,3,3,TGTAATCGGCAGTGTCGATT,0,4305889
yadI_predicted,0.25,3,3,TGTAAGAGGCAAATGCAGAT,0,4333452
yadI_predicted,0.25,3,3,TGGTTTTACATACACTGTAC,0,4338352
yadI_predicted,0.25,3,3,TGGTTATTCAGTGGTGAACA,0,4298272
yadI_predicted,0.25,3,3,TGGTGTGCGGGACGGGCGGG,0,4364884
yadI_predicted,0.25,3,3,TGGTGTGCAATAAAGGCGAT,0,4336855
yadI_predicted,0.25,3,3,TGGTCTGCTTGTCGGGACGC,0,4329870
yadI_predicted,0.25,3,3,TGGTCAGAGCTTCCCGAACA,0,4303330
yadI_predicted,0.25,3,3,TGGTATTGCGAAAACGGAAC,0,4355111
yadI_predicted,0.25,3,3,TGGGTTTTGTTCTCAATCGC,0,4307879
yadI_predicted,0.25,3,3,TGGGTAATGCGAGCAAAGTT,0,4303417
yadI_predicted,0.25,3,3,TGGGGTCAAGGTCCTTCAGC,0,4354676
yadI_predicted,0.25,3,3,TGGGGAACCGGTGCGACTAT,0,4324888
yadI_predicted,0.25,3,3,TGGGCTGTGCAGCCATCCTC,0,4302892
yadI_predicted,0.25,3,3,TGGGCACGACGGCTGAAATC,0,4292167
yadI_predicted,0.25,3,3,TGGGAGCAGTCTCCGTGTTC,0,4368205
yadI_predicted,0.25,3,3,TGGCTCGGCTTCACATCCTG,0,4316459
yadI_predicted,0.25,3,3,TGGCTCAGAGATTCTTGACA,0,4317502
yadI_predicted,0.25,3,3,TGGCTATTCCAAGGCAGCGA,0,4330352
yadI_predicted,0.25,3,3,TGGCGCAGCAATCCGGTACA,0,4349169
yadI_predicted,0.25,3,3,TGGCCTCTCTTACGTGGCTT,0,4302832
yadI_predicted,0.25,3,3,TGGCATTGAACCACACAGGT,0,4290921
yadI_predicted,0.25,3,3,TGGCATCCGCACTCTTCGGG,0,4347791
yadI_predicted,0.25,3,3,TGGCAGAGCATCGACGCTAT,0,4304096
yadI_predicted,0.25,3,3,TGGCAGAAAGCCTTGATAGG,0,4317648
yadI_predicted,0.25,3,3,TGGAGGTATGGGTATGTTCG,0,4337622
yadI_predicted,0.25,3,3,TGGAGACATCGTAATGACGG,0,4330885
yadI_predicted,0.25,3,3,TGGAATGGTGTCACGTTCTA,0,4359703
yadI_predicted,0.25,3,3,TGGAATGGAAACCGCGTGGG,0,4349404
yadI_predicted,0.25,3,3,TGGAAGTGATCCCAAGGGAT,0,4348811
yadI_predicted,0.25,3,3,TGGAAAGCCTCGGTTCCGTC,0,4285034
yadI_predicted,0.25,3,3,TGGAAACTGGCTCGTCAATT,0,4334777
yadI_predicted,0.25,3,3,TGCTGTTGCTGCCGATCCCC,0,4307789
yadI_predicted,0.25,3,3,TGCTGCATTGGCATAGGCGA,0,4346380
yadI_predicted,0.25,3,3,TGCTACCCACGCGGACTTCG,0,4341287
yadI_predicted,0.25,3,3,TGCTAAGCCGGCCCCTTCAC,0,4356388
yadI_predicted,0.25,3,3,TGCGTTGGGAGTATGCGCTA,0,4326632
yadI_predicted,0.25,3,3,TGCGTCTATGGGGAGGATCC,0,4339031
yadI_predicted,0.25,3,3,TGCGGCTGGTCTTCGCTGTG,0,4362449
yadI_predicted,0.25,3,3,TGCGGCGGAACCAAATTTGG,0,4288740
yadI_predicted,0.25,3,3,TGCGGAGGACGCATGTATGC,0,4336305
yadI_predicted,0.25,3,3,TGCGACGGCGAGTATGATAC,0,4298210
yadI_predicted,0.25,3,3,TGCCTGGGTTGCTCCCTCCT,0,4346340
yadI_predicted,0.25,3,3,TGCCGGAAGGATCGGAAATG,0,4342040
yadI_predicted,0.25,3,3,TGCCCAACACTCAGAGCTTC,0,4368019
yadI_predicted,0.25,3,3,TGCATGTCTGCAAACGATTA,0,4331932
yadI_predicted,0.25,3,3,TGCATGGGGACGTTCCGGAG,0,4310671
yadI_predicted,0.25,3,3,TGCAGTACTCCGGTCTTTCG,0,4336209
yadI_predicted,0.25,3,3,TGCAGCTGAAGCGCGGTTGA,0,4291800
yadI_predicted,0.25,3,3,TGCAATCATTATGATATCCG,0,4357747
yadI_predicted,0.25,3,3,TGCAAGTCCTAGGACGCCCA,0,4324561
yadI_predicted,0.25,3,3,TGCAACGCGTGTGGGTAAGG,0,4305664
yadI_predicted,0.25,3,3,TGCAACAGGGTTTAATTATA,0,4348816
yadI_predicted,0.25,3,3,TGCAAAAGCCGGTACTGACA,0,4322219
yadI_predicted,0.25,3,3,TGATTTCACCTTCGCGTGAC,0,4348701
yadI_predicted,0.25,3,3,TGATGTCCTGGTCTAAAAGT,0,4285449
yadI_predicted,0.25,3,3,TGATGCTCAGACAATTACGA,0,4345125
yadI_predicted,0.25,3,3,TGATGATGTCTAAGCTCAAA,0,4356604
yadI_predicted,0.25,3,3,TGATCCCGACGACCTAAGTT,0,4293144
yadI_predicted,0.25,3,3,TGATCAAGGGCGAGCGCCTT,0,4301135
yadI_predicted,0.25,3,3,TGATAGATGTATAGTACGTG,0,4356600
yadI_predicted,0.25,3,3,TGATAAACTATGAGGATATG,0,4364521
yadI_predicted,0.25,3,3,TGAGTGAGCGAGTAAGCACT,0,4347102
yadI_predicted,0.25,3,3,TGAGTCGCGTATTCTCGTTG,0,4343155
yadI_predicted,0.25,3,3,TGAGTCCGGTGGACATTCAG,0,4346450
yadI_predicted,0.25,3,3,TGAGTAGATTCATGCTCTCA,0,4324692
yadI_predicted,0.25,3,3,TGAGGTTTACCCCAAACTGG,0,4343248
yadI_predicted,0.25,3,3,TGAGAATTATGGCCTCTTAT,0,4293583
yadI_predicted,0.25,3,3,TGACGTCGTAAGGTTCTCAA,0,4325541
yadI_predicted,0.25,3,3,TGACGCGCGTGATAACAATT,0,4355842
yadI_predicted,0.25,3,3,TGACGAGACAGAATTTAAAT,0,4341900
yadI_predicted,0.25,3,3,TGACCTGCTCAGGGTTGTTG,0,4305901
yadI_predicted,0.25,3,3,TGACATCCGGCGATTGGCTG,0,4362131
yadI_predicted,0.25,3,3,TGACATAGGGTCTTGTCCGG,0,4286515
yadI_predicted,0.25,3,3,TGACATACAGTATTCTCGGT,0,4317660
yadI_predicted,0.25,3,3,TGACACGTGGAGAGTGGAGT,0,4347228
yadI_predicted,0.25,3,3,TGAATTAAATCCCTCGGAAG,0,4321337
yadI_predicted,0.25,3,3,TGAATGCGCCCGAGACCGCA,0,4325100
yadI_predicted,0.25,3,3,TGAATCGCCCTCTTCACCGC,0,4302258
yadI_predicted,0.25,3,3,TGAATCACAATATACACGTA,0,4316579
yadI_predicted,0.25,3,3,TGAAGGACTAAATCAGCTAT,0,4306149
yadI_predicted,0.25,3,3,TGAAACACACTCAAACGCCC,0,4333589
yadI_predicted,0.25,3,3,TCTTTTGTTGACATTCTTGT,0,4348205
yadI_predicted,0.25,3,3,TCTTGTGGTCCCGCCGGATT,0,4320256
yadI_predicted,0.25,3,3,TCTTGGGTCATATGGTTCGT,0,4353269
yadI_predicted,0.25,3,3,TCTTGCCCAATGCGTCACCC,0,4288999
yadI_predicted,0.25,3,3,TCTTCGAGTAACATCGCATC,0,4307847
yadI_predicted,0.25,3,3,TCTTACTGGTACACAAGCCC,0,4327804
yadI_predicted,0.25,3,3,TCTGTTGGAAACCAGGATCA,0,4320508
yadI_predicted,0.25,3,3,TCTGGTTGGTTAAAATTTCA,0,4295348
yadI_predicted,0.25,3,3,TCTGGTCCATCTACAGAAGA,0,4369827
yadI_predicted,0.25,3,3,TCTGGAATGTTTGTAACATA,0,4337634
yadI_predicted,0.25,3,3,TCTGCTAAACGTAGGAATTC,0,4286767
yadI_predicted,0.25,3,3,TCTGCGGACTTTTTTTTAAC,0,4359512
yadI_predicted,0.25,3,3,TCTGCCGAGCTGCAGAGTGA,0,4355414
yadI_predicted,0.25,3,3,TCTGCAAATACCCCCCGCCC,0,4313148
yadI_predicted,0.25,3,3,TCTGAATGGCTTTGGCCCTG,0,4352754
yadI_predicted,0.25,3,3,TCTGAAGCGACTCATCCTGT,0,4361315
yadI_predicted,0.25,3,3,TCTCTAAGCGCTTATTCGTT,0,4304120
yadI_predicted,0.25,3,3,TCTCGACACAACACGGAGTA,0,4312269
yadI_predicted,0.25,3,3,TCTCGAACCGGGCGTATTTG,0,4362168
yadI_predicted,0.25,3,3,TCTCCCCACCGCAAACCTGC,0,4333414
yadI_predicted,0.25,3,3,TCTCCAATCTCCACTGTGCA,0,4355362
yadI_predicted,0.25,3,3,TCTATCTGGGCCGGAGATAC,0,4331416
yadI_predicted,0.25,3,3,TCTAGGTTCAGACAATCTCG,0,4325073
yadI_predicted,0.25,3,3,TCTACTGAGGCTATCGATTC,0,4295263
yadI_predicted,0.25,3,3,TCTACATCTCCTGTGTGAAT,0,4327865
yadI_predicted,0.25,3,3,TCTAAAACAGTTTTCGAATT,0,4317764
yadI_predicted,0.25,3,3,TCGTTTGAACTATTCGTGAA,0,4307187
yadI_predicted,0.25,3,3,TCGTCTTAAGTAGGCAATGA,0,4325569
yadI_predicted,0.25,3,3,TCGTCTGAACCTACCAAACA,0,4318903
yadI_predicted,0.25,3,3,TCGTCGTCATCCCGTTTTAG,0,4335780
yadI_predicted,0.25,3,3,TCGTCCAGTTGAAGGGTATG,0,4362801
yadI_predicted,0.25,3,3,TCGTCACGTCGGGGCAATAG,0,4357964
yadI_predicted,0.25,3,3,TCGTAGCCGGTAAAAGGTCC,0,4307664
yadI_predicted,0.25,3,3,TCGTAAGCATTAATTCTTTT,0,4314116
yadI_predicted,0.25,3,3,TCGGGTGGGTACCAGCATCC,0,4361878
yadI_predicted,0.25,3,3,TCGGGAGCGGTCTCATAGGT,0,4323224
yadI_predicted,0.25,3,3,TCGGGACTCAAATTCTTCTT,0,4343378
yadI_predicted,0.25,3,3,TCGGCACCCCAGAGATATCG,0,4347015
yadI_predicted,0.25,3,3,TCGGCACAGAGTACTACGAA,0,4317382
yadI_predicted,0.25,3,3,TCGGATGGTTATAATGCATA,0,4359920
yadI_predicted,0.25,3,3,TCGGATAAGGAGCTAAAAGG,0,4367978
yadI_predicted,0.25,3,3,TCGGACGGACCGTTTTGGAG,0,4284847
yadI_predicted,0.25,3,3,TCGCTTCAATTTAAAACAAG,0,4350329
yadI_predicted,0.25,3,3,TCGCTGTCTTTTCTACGCGG,0,4351398
yadI_predicted,0.25,3,3,TCGCGCTAATCGGTGGGCAG,0,4301216
yadI_predicted,0.25,3,3,TCGCCGTACTTGCGTATACG,0,4308847
yadI_predicted,0.25,3,3,TCGCAGCCCCTTTCCTGTAG,0,4285525
yadI_predicted,0.25,3,3,TCGCAAACCGCGTCCCCCGT,0,4289598
yadI_predicted,0.25,3,3,TCGATTGGAGCACGAGGCAT,0,4291274
yadI_predicted,0.25,3,3,TCGATAAAGTTGGTAACGTA,0,4324465
yadI_predicted,0.25,3,3,TCGAGGTGGGAAGCTGGCCC,0,4297783
yadI_predicted,0.25,3,3,TCGAAGACATTGCTTTTGGA,0,4316577
yadI_predicted,0.25,3,3,TCGAAAGACGTCTTTTACGA,0,4318575
yadI_predicted,0.25,3,3,TCCTTTAAGATCATCGAGTC,0,4303601
yadI_predicted,0.25,3,3,TCCTTATCAGCCAGTCTGCT,0,4362371
yadI_predicted,0.25,3,3,TCCGTCCCGTACACCAGTAA,0,4346477
yadI_predicted,0.25,3,3,TCCGGATATTGATAACTGAG,0,4362926
yadI_predicted,0.25,3,3,TCCGGACAAGTGCCCAAGAT,0,4354495
yadI_predicted,0.25,3,3,TCCGAGTCGTCGAAGGGTTT,0,4354406
yadI_predicted,0.25,3,3,TCCGAGTCAAGCCTCAGATA,0,4353193
yadI_predicted,0.25,3,3,TCCCTTAAGGTTAGGGTTGC,0,4355799
yadI_predicted,0.25,3,3,TCCCTGTAAAGTGGAGGCGG,0,4366350
yadI_predicted,0.25,3,3,TCCCTGAGCTGCGGCGGGCA,0,4322091
yadI_predicted,0.25,3,3,TCCCGGCATAAACTGAGCGA,0,4310394
yadI_predicted,0.25,3,3,TCCCGATTGACTTATTAGAC,0,4327904
yadI_predicted,0.25,3,3,TCCCAGGAAAGGACAGCCCA,0,4345515
yadI_predicted,0.25,3,3,TCCACGTCCTATTTCCGAGA,0,4296492
yadI_predicted,0.25,3,3,TCCACCAACAATTGGTACCG,0,4353501
yadI_predicted,0.25,3,3,TCCACATAGACAACGTTTGA,0,4313177
yadI_predicted,0.25,3,3,TCCAATCCGATTTAAATGTG,0,4368071
yadI_predicted,0.25,3,3,TCCAAGTACGCGCCTTTTTT,0,4354391
yadI_predicted,0.25,3,3,TCATTGCTGGGGAGAGAACC,0,4354009
yadI_predicted,0.25,3,3,TCATGTTGGCACGCTTAAAC,0,4350115
yadI_predicted,0.25,3,3,TCATGGCGGAACGCCTGCGA,0,4316441
yadI_predicted,0.25,3,3,TCATGCACGTCGTTGGAACG,0,4292210
yadI_predicted,0.25,3,3,TCATGAAGCAATATGCAATT,0,4338363
yadI_predicted,0.25,3,3,TCATCTTGTGGGGGACCCCA,0,4350376
yadI_predicted,0.25,3,3,TCATCTAGTGTGCCCATATG,0,4295304
yadI_predicted,0.25,3,3,TCATCGGCGTTGACCTCGGC,0,4351731
yadI_predicted,0.25,3,3,TCAGTTGGCTAATCGGGAAA,0,4362992
yadI_predicted,0.25,3,3,TCAGTCTATCCACCAGACCG,0,4353035
yadI_predicted,0.25,3,3,TCAGGTTTGGAATACGTACA,0,4303876
yadI_predicted,0.25,3,3,TCAGGATCCACATCCGCTCG,0,4311896
yadI_predicted,0.25,3,3,TCAGCGAGCACCGGGAATGT,0,4312805
yadI_predicted,0.25,3,3,TCACTAAACTTCCTAGGCAA,0,4331577
yadI_predicted,0.25,3,3,TCACGTAGTTAACAGCGATT,0,4349348
yadI_predicted,0.25,3,3,TCACAAGTTGTAGATACAAC,0,4341875
yadI_predicted,0.25,3,3,TCACAAATCAGGAGGATATG,0,4337124
yadI_predicted,0.25,3,3,TCAATTGTTGAACCTTCTCG,0,4324425
yadI_predicted,0.25,3,3,TCAATTAACCCCATTCGGCG,0,4365214
yadI_predicted,0.25,3,3,TCAATCAAATACTGGTCGGC,0,4336703
yadI_predicted,0.25,3,3,TCAATAATCTACTTATAGCT,0,4353725
yadI_predicted,0.25,3,3,TCAACGTTGCTTCTTGGATA,0,4297824
yadI_predicted,0.25,3,3,TCAACCCCAATATGCGATTA,0,4346667
yadI_predicted,0.25,3,3,TCAAATGCCTTTTGCGAAGT,0,4358570
yadI_predicted,0.25,3,3,TCAAAGACAGCTCAATATTG,0,4366905
yadI_predicted,0.25,3,3,TCAAAATCTCGCGCTTGAAT,0,4362192
yadI_predicted,0.25,3,3,TCAAAAGTGTGATTTGCTTA,0,4304668
yadI_predicted,0.25,3,3,TATTTGAGTGAACTCCTTCA,0,4344667
yadI_predicted,0.25,3,3,TATTTATTATTAAATAAAGG,0,4288180
yadI_predicted,0.25,3,3,TATTGGAGGAATAATCTGAT,0,4330139
yadI_predicted,0.25,3,3,TATTGCTACATGGTCAAGAC,0,4341449
yadI_predicted,0.25,3,3,TATTGCGAACCTAGCAAGTA,0,4300799
yadI_predicted,0.25,3,3,TATTGATTCGCGTGAAAGCG,0,4357211
yadI_predicted,0.25,3,3,TATTGAACGCAGGTACGCGC,0,4358893
yadI_predicted,0.25,3,3,TATTCGGGCGGCGGCAGCCT,0,4353828
yadI_predicted,0.25,3,3,TATTCCTTCAGCGGGACGGG,0,4306407
yadI_predicted,0.25,3,3,TATTCCTGGCAATCTCAAGA,0,4365971
yadI_predicted,0.25,3,3,TATGGTCGCGAACCAGCTTT,0,4345569
yadI_predicted,0.25,3,3,TATGCCTGTATAAGGGGTTG,0,4353324
yadI_predicted,0.25,3,3,TATGAGTCCCGCTCATTTGG,0,4291012
yadI_predicted,0.25,3,3,TATGAGCCGCGGCTTTCTAT,0,4323479
yadI_predicted,0.25,3,3,TATGAGACGAAGACTTTTGC,0,4352503
yadI_predicted,0.25,3,3,TATGACGCGGCAAAGTGTTG,0,4346800
yadI_predicted,0.25,3,3,TATCTGCTCCTAGTAGCAAG,0,4337814
yadI_predicted,0.25,3,3,TATCTAAACTTGCGGATATG,0,4361628
yadI_predicted,0.25,3,3,TATCCCGCGATCCAATTCTC,0,4347234
yadI_predicted,0.25,3,3,TATCCCCCATTGGGCGTAAT,0,4330316
yadI_predicted,0.25,3,3,TATCCACATAGACTGGGGAA,0,4295592
yadI_predicted,0.25,3,3,TATCAGCTTGCAAGCACCAT,0,4295490
yadI_predicted,0.25,3,3,TATCACTCTCGGTCCTTCTT,0,4330587
yadI_predicted,0.25,3,3,TATCAATCCGAGTCATATTT,0,4323044
yadI_predicted,0.25,3,3,TATATGGGCGCCTCTCCCGT,0,4361539
yadI_predicted,0.25,3,3,TATATCGTAGAGTCTAGGAT,0,4362284
yadI_predicted,0.25,3,3,TATATCCAGACCCAGAGCAT,0,4366387
yadI_predicted,0.25,3,3,TATATAAATATCCTGGGCAT,0,4327587
yadI_predicted,0.25,3,3,TATAGTTGGGAACCGACAAG,0,4358611
yadI_predicted,0.25,3,3,TATAGTGGTGACCGAACCGA,0,4285520
yadI_predicted,0.25,3,3,TATAGTGGCCACTCGCGGCC,0,4325621
yadI_predicted,0.25,3,3,TATACGTATCCCGCACCTTT,0,4330723
yadI_predicted,0.25,3,3,TATACCCAGATGAGGATCGT,0,4342540
yadI_predicted,0.25,3,3,TAGGTCTCCCTTAGCAGAAC,0,4352837
yadI_predicted,0.25,3,3,TAGGTAGTCATGAGCTCGGT,0,4341593
yadI_predicted,0.25,3,3,TAGGCTAACAAGCCTTTGGA,0,4350244
yadI_predicted,0.25,3,3,TAGGCGATTACGTTTGACTT,0,4348499
yadI_predicted,0.25,3,3,TAGGACAGTGCAAGGGGGAG,0,4314102
yadI_predicted,0.25,3,3,TAGGAAGGGCTGTGTATCAT,0,4291167
yadI_predicted,0.25,3,3,TAGCTCAGTACTTACCTGTG,0,4355274
yadI_predicted,0.25,3,3,TAGCGCTACCGGGAAGCAGG,0,4368163
yadI_predicted,0.25,3,3,TAGCCCATTTTTTATACTAG,0,4320003
yadI_predicted,0.25,3,3,TAGCACTCACAGTCGGGTCG,0,4303798
yadI_predicted,0.25,3,3,TAGATCTTTCTTTGAAGCAG,0,4339585
yadI_predicted,0.25,3,3,TAGATATCTGGCCGGAGATA,0,4303337
yadI_predicted,0.25,3,3,TAGAGGGGGAGGCCATCCGG,0,4289644
yadI_predicted,0.25,3,3,TAGAGGCCTAAGGAGAGTAC,0,4363348
yadI_predicted,0.25,3,3,TAGAGCTCCGTTACTAAGAA,0,4301444
yadI_predicted,0.25,3,3,TAGAGCTACGGGGATGGAAC,0,4308319
yadI_predicted,0.25,3,3,TAGACACGACTGGGGACACA,0,4306798
yadI_predicted,0.25,3,3,TAGAATAACCATGTCTGTAC,0,4296994
yadI_predicted,0.25,3,3,TAGAAGTAAGAAACCAGACT,0,4325343
yadI_predicted,0.25,3,3,TAGAACTTTAGTAGACAAAA,0,4341478
yadI_predicted,0.25,3,3,TAGAACTCATCAATTCCATG,0,4299492
yadI_predicted,0.25,3,3,TAGAACCTCGCCACGTCCAA,0,4354019
yadI_predicted,0.25,3,3,TAGAAAATGCTTGGATCATT,0,4326326
yadI_predicted,0.25,3,3,TACTTTGCGACGAAGGCATC,0,4290024
yadI_predicted,0.25,3,3,TACTTAGACCCTCGGCGGAA,0,4333206
yadI_predicted,0.25,3,3,TACTCCAATGCCGGTGTCGG,0,4287280
yadI_predicted,0.25,3,3,TACTCAGGCTAACGGTGCCC,0,4323399
yadI_predicted,0.25,3,3,TACTATTCCAATCCTTGTCT,0,4304736
yadI_predicted,0.25,3,3,TACTATCCGATCGGTGATCC,0,4297360
yadI_predicted,0.25,3,3,TACTAGGTGGGTGCACGGTT,0,4308186
yadI_predicted,0.25,3,3,TACGTTTTTTAGCTTCGAAT,0,4316258
yadI_predicted,0.25,3,3,TACGTTATGCGTTGGGCAAC,0,4301255
yadI_predicted,0.25,3,3,TACGTCGGATGCATGACACG,0,4352407
yadI_predicted,0.25,3,3,TACGTCGAGAGGAGCTCGCT,0,4355692
yadI_predicted,0.25,3,3,TACGTATAGCAGAGCACCAT,0,4327237
yadI_predicted,0.25,3,3,TACGTAGGGTTTAGTGTTTC,0,4343790
yadI_predicted,0.25,3,3,TACGTAGATACCAGCATGTA,0,4335204
yadI_predicted,0.25,3,3,TACGGGTCGCTCGAAGGCTA,0,4342189
yadI_predicted,0.25,3,3,TACGGCAGGGAGCGAGCTTT,0,4311148
yadI_predicted,0.25,3,3,TACCTTTTGACGAGCGTCAT,0,4302587
yadI_predicted,0.25,3,3,TACCTTTGCGCTTCTTTTAT,0,4302874
yadI_predicted,0.25,3,3,TACCTTAAACACGACTGCCA,0,4344396
yadI_predicted,0.25,3,3,TACCTGATGCATCGGTCGAA,0,4286449
yadI_predicted,0.25,3,3,TACCCGCAGTGGCGCACGTA,0,4292488
yadI_predicted,0.25,3,3,TACCCCGTTAGAGAGCAAGG,0,4310688
yadI_predicted,0.25,3,3,TACCAGTAAGCTGGGCTGAT,0,4291795
yadI_predicted,0.25,3,3,TACATGGATGGGTGTGAACC,0,4285228
yadI_predicted,0.25,3,3,TACATCCTCATGAGTTGAGC,0,4334848
yadI_predicted,0.25,3,3,TACAGTGCTCCTGTTCATGT,0,4363075
yadI_predicted,0.25,3,3,TACACCTCACGCTAGACCGA,0,4315080
yadI_predicted,0.25,3,3,TAATTTGAACACGGCTTCGA,0,4330566
yadI_predicted,0.25,3,3,TAATTCGCCGTTAGCATGTT,0,4307025
yadI_predicted,0.25,3,3,TAATTCAAATCCGCTCTGAC,0,4344340
yadI_predicted,0.25,3,3,TAATGTTTTGCTTTGCACTA,0,4359206
yadI_predicted,0.25,3,3,TAATGCCTCTAACTACGGCC,0,4360370
yadI_predicted,0.25,3,3,TAATGCCTAGTCCTGGGCAG,0,4342589
yadI_predicted,0.25,3,3,TAATCTAATTTTTCAGTGAT,0,4323849
yadI_predicted,0.25,3,3,TAATCCGTTCCTATTACTGC,0,4368046
yadI_predicted,0.25,3,3,TAATAACAATACTCTTGGTC,0,4356263
yadI_predicted,0.25,3,3,TAAGTTGACTTATCATGATT,0,4350590
yadI_predicted,0.25,3,3,TAAGTTAGAAGCTCAATAAT,0,4353351
yadI_predicted,0.25,3,3,TAAGTGTACTGATGTCGTAT,0,4310524
yadI_predicted,0.25,3,3,TAAGTGGCGTTCGCACATAG,0,4367879
yadI_predicted,0.25,3,3,TAAGTGACGCAACTGTAGCC,0,4345805
yadI_predicted,0.25,3,3,TAAGTATGAGCAACTCAACT,0,4290663
yadI_predicted,0.25,3,3,TAAGGCCCCGCTCAACTGGG,0,4353294
yadI_predicted,0.25,3,3,TAAGCACCCGATCCTTTTAG,0,4315153
yadI_predicted,0.25,3,3,TAAGCAAACCGGGGACAACG,0,4337160
yadI_predicted,0.25,3,3,TAAGATACACAGCCCACCCC,0,4324525
yadI_predicted,0.25,3,3,TAAGACTGACAGTCGATAAA,0,4291075
yadI_predicted,0.25,3,3,TAACTAGCGCGGCACAGCGT,0,4303682
yadI_predicted,0.25,3,3,TAACCGGCGGCAGGCAATAC,0,4344995
yadI_predicted,0.25,3,3,TAACAGACTATAGTAGGGGG,0,4304001
yadI_predicted,0.25,3,3,TAAATTTAGGGAGTTCTCGC,0,4321148
yadI_predicted,0.25,3,3,TAAAGTTGCCGGGGTGACTC,0,4322051
yadI_predicted,0.25,3,3,TAAAGTATACCTGGGTGTTC,0,4285456
yadI_predicted,0.25,3,3,TAAAGAAGGGGAATCGTGGA,0,4350337
yadI_predicted,0.25,3,3,TAAAAGTACTAACCATAGTC,0,4331566
yadI_predicted,0.25,3,3,GTTTTCCTATGAGTCCGAAA,0,4336717
yadI_predicted,0.25,3,3,GTTTGTTTCGATTCATCAAT,0,4323106
yadI_predicted,0.25,3,3,GTTTGTCATGGTGTTTGGTT,0,4304126
yadI_predicted,0.25,3,3,GTTTGGGCAGGGCTAGGGGC,0,4287751
yadI_predicted,0.25,3,3,GTTTGCGCCCGATTGGTACG,0,4331300
yadI_predicted,0.25,3,3,GTTTGACGTGTCGTCCTCAC,0,4346585
yadI_predicted,0.25,3,3,GTTTATATGGCTGTTAACGG,0,4368081
yadI_predicted,0.25,3,3,GTTTATAGTATCCCCAGCTT,0,4363594
yadI_predicted,0.25,3,3,GTTTAATGGGAAGCATGATT,0,4311883
yadI_predicted,0.25,3,3,GTTGTTGAATTCTAACAATT,0,4361896
yadI_predicted,0.25,3,3,GTTGGTTGGGGACTAAGACT,0,4358992
yadI_predicted,0.25,3,3,GTTGGTACTTCTGGAGCTAA,0,4285195
yadI_predicted,0.25,3,3,GTTGGAGCCGTCAGATCTTT,0,4367082
yadI_predicted,0.25,3,3,GTTGGACGGGTGAGTGAAAT,0,4330601
yadI_predicted,0.25,3,3,GTTGCATGCGCTCGTCAGCT,0,4342373
yadI_predicted,0.25,3,3,GTTGCATATTCTTCCTATCC,0,4290905
yadI_predicted,0.25,3,3,GTTGCAAATTGGCGTAAGTT,0,4322164
yadI_predicted,0.25,3,3,GTTGACCGGAACCTGAGAAG,0,4357166
yadI_predicted,0.25,3,3,GTTGAAGAAAGCGACTAAAT,0,4365924
yadI_predicted,0.25,3,3,GTTCGTGTGTTATGAGTAGG,0,4357680
yadI_predicted,0.25,3,3,GTTCGGTAAATGCCGTCTCC,0,4323409
yadI_predicted,0.25,3,3,GTTCATGCTTCCAGTTTGTA,0,4308681
yadI_predicted,0.25,3,3,GTTCAGCGGTTGCTGATTGG,0,4351621
yadI_predicted,0.25,3,3,GTTCAAAATGATTATAACCA,0,4344473
yadI_predicted,0.25,3,3,GTTATCATGTTGTACTTGGT,0,4293142
yadI_predicted,0.25,3,3,GTTATAGGACAGAAACAGTT,0,4293299
yadI_predicted,0.25,3,3,GTTATAACGTCTTTGTCCCC,0,4333138
yadI_predicted,0.25,3,3,GTTAGTCCAAGATCTCGTAA,0,4343342
yadI_predicted,0.25,3,3,GTTAGAAAGCGCTGGAGGCC,0,4352033
yadI_predicted,0.25,3,3,GTTACCCTGCCGGCGCGTCT,0,4363467
yadI_predicted,0.25,3,3,GTTACAAAACGCATGGTCGT,0,4342846
yadI_predicted,0.25,3,3,GTTAAATATGTTCCGGCTCT,0,4326635
yadI_predicted,0.25,3,3,GTGTTTCAGGTCCCACCGGA,0,4360581
yadI_predicted,0.25,3,3,GTGTGTCGGTAAGGAGTAAG,0,4291006
yadI_predicted,0.25,3,3,GTGTGCGGCCGAAGGATGTT,0,4343877
yadI_predicted,0.25,3,3,GTGTGCACGTCTGTGAGCGG,0,4293995
yadI_predicted,0.25,3,3,GTGTCCACAGCCTTTGCGCG,0,4324885
yadI_predicted,0.25,3,3,GTGTCATAATAACATAAGAA,0,4309606
yadI_predicted,0.25,3,3,GTGTAGAGGACATTGCGAGT,0,4327995
yadI_predicted,0.25,3,3,GTGGTGAGCATGACGAAAAC,0,4295640
yadI_predicted,0.25,3,3,GTGGGCCGAGTCAAAAATGT,0,4350673
yadI_predicted,0.25,3,3,GTGGCTAATACAGGTGCCAT,0,4366708
yadI_predicted,0.25,3,3,GTGGATCATACGGAGTCGAA,0,4288438
yadI_predicted,0.25,3,3,GTGGAAGAGGGTTAGTAAAG,0,4352485
yadI_predicted,0.25,3,3,GTGCTGTTATGTTACATCGT,0,4345355
yadI_predicted,0.25,3,3,GTGCTACACCCGCTGCAAGT,0,4304359
yadI_predicted,0.25,3,3,GTGCCTTGTTACACGGGCCA,0,4326975
yadI_predicted,0.25,3,3,GTGCCGCGTCCACTCTGGTC,0,4335170
yadI_predicted,0.25,3,3,GTGCCATATACGTTATTAAG,0,4293453
yadI_predicted,0.25,3,3,GTGAGGGTTGAATCAGCGCC,0,4336280
yadI_predicted,0.25,3,3,GTGAGGGTGCGCACAGTTTC,0,4327776
yadI_predicted,0.25,3,3,GTGAGCGGCCCGAAAATGGG,0,4349044
yadI_predicted,0.25,3,3,GTGACTGACAACTTAGCCTT,0,4316642
yadI_predicted,0.25,3,3,GTGACCAGGTGGGGAAGGCT,0,4314268
yadI_predicted,0.25,3,3,GTCTTTCAATTGAACAAGGC,0,4297557
yadI_predicted,0.25,3,3,GTCTTGTTTGAAATACACAC,0,4333752
yadI_predicted,0.25,3,3,GTCTGGGATGCCGGTGCTTG,0,4284853
yadI_predicted,0.25,3,3,GTCTGAGCATTTTGTGCACA,0,4334041
yadI_predicted,0.25,3,3,GTCTGAGCACAAATCAGACA,0,4326530
yadI_predicted,0.25,3,3,GTCTCTAATGTCTCTGCATC,0,4334003
yadI_predicted,0.25,3,3,GTCTCGGGAATGTCGCCAAC,0,4356292
yadI_predicted,0.25,3,3,GTCTCCATCGCCTGCGCGCA,0,4290115
yadI_predicted,0.25,3,3,GTCTAGTTGGGCGAGTAGAC,0,4369422
yadI_predicted,0.25,3,3,GTCTAGGGCGTAAGGAAAAC,0,4313754
yadI_predicted,0.25,3,3,GTCTAAGCACATGTTTTGTA,0,4369596
yadI_predicted,0.25,3,3,GTCGTGCCGGGTACATCCGA,0,4301393
yadI_predicted,0.25,3,3,GTCGGTCAAGGCCAGGATCT,0,4326981
yadI_predicted,0.25,3,3,GTCGGGATGGAGCGCTAACT,0,4301137
yadI_predicted,0.25,3,3,GTCGCCGAAGTAGGAAAGTC,0,4313742
yadI_predicted,0.25,3,3,GTCGCACACACACAGGTAGT,0,4328644
yadI_predicted,0.25,3,3,GTCGATTTGGCGTACTATTC,0,4342604
yadI_predicted,0.25,3,3,GTCGATCATAAAGGTACGTG,0,4323297
yadI_predicted,0.25,3,3,GTCGAATCTGTCTCCAAAGT,0,4356300
yadI_predicted,0.25,3,3,GTCGAACGTACTGAAAAATT,0,4364330
yadI_predicted,0.25,3,3,GTCCGCGGGGAGGCAGGCTA,0,4300226
yadI_predicted,0.25,3,3,GTCCGATGCTCGCACCGTTC,0,4338135
yadI_predicted,0.25,3,3,GTCCCTCCCCTCGAATGAGT,0,4354367
yadI_predicted,0.25,3,3,GTCCATATCCCCCAATGAGC,0,4297940
yadI_predicted,0.25,3,3,GTCCAGTTCAGGTGCAGAAC,0,4334051
yadI_predicted,0.25,3,3,GTCATTTGTCGTGGCTGGAT,0,4323062
yadI_predicted,0.25,3,3,GTCATAAGTTGTCGCAGCCG,0,4336719
yadI_predicted,0.25,3,3,GTCAGATGGGTTCACCACAT,0,4352408
yadI_predicted,0.25,3,3,GTCACAGGCTTATTTTTCCT,0,4338019
yadI_predicted,0.25,3,3,GTCACACCGTCCCTGGATCA,0,4358575
yadI_predicted,0.25,3,3,GTCAATTGTGGAAAGCTAAT,0,4322264
yadI_predicted,0.25,3,3,GTCAATTCGTGAGCTCCTCT,0,4331645
yadI_predicted,0.25,3,3,GTCAATCCATAACACTACTC,0,4342209
yadI_predicted,0.25,3,3,GTCAAGGATTTGCGTGAAAA,0,4360217
yadI_predicted,0.25,3,3,GTCAAGAGAGGGTCCGGTGG,0,4284666
yadI_predicted,0.25,3,3,GTCAAAAGCGTACAACCCTC,0,4333558
yadI_predicted,0.25,3,3,GTATTTATGCAACGTCCAAA,0,4293444
yadI_predicted,0.25,3,3,GTATTAAGCTCGGCAGCCAG,0,4329206
yadI_predicted,0.25,3,3,GTATGGCAGCACAGCCTTAG,0,4315093
yadI_predicted,0.25,3,3,GTATGGAAAGGGGCCAACGT,0,4346536
yadI_predicted,0.25,3,3,GTATCTTTCTGAAACATCTA,0,4349062
yadI_predicted,0.25,3,3,GTATCGGATACGGGTCATCA,0,4363463
yadI_predicted,0.25,3,3,GTATCGCTTAGGTTCGTCGT,0,4367213
yadI_predicted,0.25,3,3,GTATAAGACAATATGTGGCC,0,4290764
yadI_predicted,0.25,3,3,GTAGTGTCCTCTGCTTGCAG,0,4336020
yadI_predicted,0.25,3,3,GTAGGTGCAACGTGGTATCG,0,4335437
yadI_predicted,0.25,3,3,GTAGGCTAAATGGAGGATCT,0,4325820
yadI_predicted,0.25,3,3,GTAGCCTACAACAGTCTATG,0,4307170
yadI_predicted,0.25,3,3,GTAGCCGGATGTCCGAGTGG,0,4359828
yadI_predicted,0.25,3,3,GTAGAGTCTGCGACCCCGCC,0,4286699
yadI_predicted,0.25,3,3,GTACTTGTTTGGTGACGACA,0,4324647
yadI_predicted,0.25,3,3,GTACTGGTATTAACCTCACA,0,4368130
yadI_predicted,0.25,3,3,GTACTAATGATAGAGTAAGG,0,4299749
yadI_predicted,0.25,3,3,GTACGACGTGCTACAAACCA,0,4331285
yadI_predicted,0.25,3,3,GTACCCGCCCTTGGTACGTG,0,4355287
yadI_predicted,0.25,3,3,GTACATGACTAGGCCACCCT,0,4338437
yadI_predicted,0.25,3,3,GTACATCTAACTTGCCTGGA,0,4323752
yadI_predicted,0.25,3,3,GTACATACAAGTAAGCATCT,0,4357256
yadI_predicted,0.25,3,3,GTACAGCGAGCTGGGAATTG,0,4310654
yadI_predicted,0.25,3,3,GTACACACCTTAAAGCTTAT,0,4360020
yadI_predicted,0.25,3,3,GTACAAAGGGTGCACATTTA,0,4355525
yadI_predicted,0.25,3,3,GTAATTTTACTGCGTGTGTT,0,4284644
yadI_predicted,0.25,3,3,GTAATTTTACAAATCAAGTC,0,4286743
yadI_predicted,0.25,3,3,GTAATAGGAACGATCCTGAG,0,4295369
yadI_predicted,0.25,3,3,GTAATAAAATACGCATAGAA,0,4315806
yadI_predicted,0.25,3,3,GTAAGTGCCTGTATGGATAT,0,4301402
yadI_predicted,0.25,3,3,GTAAGTACGGTAGCGAGTAA,0,4299748
yadI_predicted,0.25,3,3,GTAAGCTGCTCCATTGACAC,0,4323148
yadI_predicted,0.25,3,3,GTAACACGATTACGGGAGAA,0,4364124
yadI_predicted,0.25,3,3,GTAAACGGGCAGTTATACAT,0,4323255
yadI_predicted,0.25,3,3,GGTTGGAAACGTTCCGTCGC,0,4326030
yadI_predicted,0.25,3,3,GGTTGCGAATTAGAGTTGAT,0,4325648
yadI_predicted,0.25,3,3,GGTTGCCTGTCGCCGAGGTA,0,4360315
yadI_predicted,0.25,3,3,GGTTCTCTGTATGATCATCG,0,4344493
yadI_predicted,0.25,3,3,GGTTATGAAGTCCGTGATTA,0,4350068
yadI_predicted,0.25,3,3,GGTTACAGGGTTGCTCGGTC,0,4321537
yadI_predicted,0.25,3,3,GGTTAACTTGGAGACTGGAG,0,4344737
yadI_predicted,0.25,3,3,GGTTAAAAATCGGTGATCAC,0,4321358
yadI_predicted,0.25,3,3,GGTGTAGATTCGCAAAAAGA,0,4285679
yadI_predicted,0.25,3,3,GGTGTACTGAGCGCGCTGTA,0,4321069
yadI_predicted,0.25,3,3,GGTGGTTATTCCTCGGTAAA,0,4332165
yadI_predicted,0.25,3,3,GGTGCCAAGTGCTTAGCTCC,0,4319322
yadI_predicted,0.25,3,3,GGTGCATGGGATAACAGGTC,0,4314065
yadI_predicted,0.25,3,3,GGTGCAGTAACTTCGGGACT,0,4351758
yadI_predicted,0.25,3,3,GGTGAGTACCGGGAACACAG,0,4313339
yadI_predicted,0.25,3,3,GGTGAAATGTTGTGTGTAGG,0,4346549
yadI_predicted,0.25,3,3,GGTCTTTAGAGGGTAGTTCC,0,4288817
yadI_predicted,0.25,3,3,GGTCTTACCTGAAGAGGTTA,0,4353931
yadI_predicted,0.25,3,3,GGTCTCAGGCTAGATTCAAA,0,4353472
yadI_predicted,0.25,3,3,GGTCGCTTGTAGGGGGTAAC,0,4339361
yadI_predicted,0.25,3,3,GGTCGCGGCTCGTTCTAGTA,0,4326851
yadI_predicted,0.25,3,3,GGTCCGATAGGAATGGCGCT,0,4316823
yadI_predicted,0.25,3,3,GGTCCAAGAGTAACATCAGG,0,4352860
yadI_predicted,0.25,3,3,GGTCACAAATTTAAGTTCCG,0,4330648
yadI_predicted,0.25,3,3,GGTCAATTCCCGCTGTATAA,0,4284961
yadI_predicted,0.25,3,3,GGTCAAGTCGAGAGAACACA,0,4306372
yadI_predicted,0.25,3,3,GGTCAACTTTTTTGCATACG,0,4348344
yadI_predicted,0.25,3,3,GGTATTTTTGCTAAGGTATA,0,4367512
yadI_predicted,0.25,3,3,GGTATTTAACTAGCCTGTAT,0,4364399
yadI_predicted,0.25,3,3,GGTAGGGTACTGGTTATCGA,0,4296707
yadI_predicted,0.25,3,3,GGTACGACTAAGCGGGAGTT,0,4286727
yadI_predicted,0.25,3,3,GGTACAGCAGCCCCCGGGTT,0,4302412
yadI_predicted,0.25,3,3,GGTAATTACGGGATATATGT,0,4335489
yadI_predicted,0.25,3,3,GGTAATCAGATGGCACTGTC,0,4362031
yadI_predicted,0.25,3,3,GGTAATACAGGTGTGCTCTC,0,4321653
yadI_predicted,0.25,3,3,GGTAACATGACTTCACTAAA,0,4358357
yadI_predicted,0.25,3,3,GGTAACAGTAAAACTCAGAC,0,4366777
yadI_predicted,0.25,3,3,GGGTTCTTTCAGCACAAGAA,0,4343505
yadI_predicted,0.25,3,3,GGGTGGAGCTGTTGGAAAAG,0,4360249
yadI_predicted,0.25,3,3,GGGTGCAACCCATAGTATGC,0,4357682
yadI_predicted,0.25,3,3,GGGTGAAGGTGTATTCGCTA,0,4287892
yadI_predicted,0.25,3,3,GGGTCTCTCCGGAAAGCTTG,0,4308696
yadI_predicted,0.25,3,3,GGGTCGGGGTGTTCGGCCTA,0,4319922
yadI_predicted,0.25,3,3,GGGTCATCTTCTGCGCTTTA,0,4352517
yadI_predicted,0.25,3,3,GGGTAGCAATCGGCAGGTCG,0,4286023
yadI_predicted,0.25,3,3,GGGTACGTATAAACAAAGGG,0,4337316
yadI_predicted,0.25,3,3,GGGTACCTTTCTTACATAGG,0,4353416
yadI_predicted,0.25,3,3,GGGTAATGGGTACGCGATTA,0,4327820
yadI_predicted,0.25,3,3,GGGGTGCTTTTAATTCTTTT,0,4293024
yadI_predicted,0.25,3,3,GGGGTGCCTCGGAAAGGCCT,0,4287631
yadI_predicted,0.25,3,3,GGGGTCGGACATGCCAATAA,0,4350697
yadI_predicted,0.25,3,3,GGGGTACGGGGAGGCTCATG,0,4350504
yadI_predicted,0.25,3,3,GGGGGCGGCATTACCTGGAC,0,4331570
yadI_predicted,0.25,3,3,GGGGGACGCACCATCATGCA,0,4350875
yadI_predicted,0.25,3,3,GGGGCACAGGAGTGTGAAGA,0,4304548
yadI_predicted,0.25,3,3,GGGGCAAGTGACCTGTGCAG,0,4315672
yadI_predicted,0.25,3,3,GGGGATCGTTGCAGCTTCCA,0,4287396
yadI_predicted,0.25,3,3,GGGGATCGCTTGGATCTTTT,0,4341074
yadI_predicted,0.25,3,3,GGGGACGCTCTGGTAACCGC,0,4324929
yadI_predicted,0.25,3,3,GGGGAAGACGGGATCTGAGG,0,4366967
yadI_predicted,0.25,3,3,GGGCTACACAGGCCCTCCGC,0,4338004
yadI_predicted,0.25,3,3,GGGCGAGCACATGGCGTCTT,0,4366143
yadI_predicted,0.25,3,3,GGGCCTAGTCCTCCAGGACG,0,4356361
yadI_predicted,0.25,3,3,GGGCCGTAGAGTAAAAGGCC,0,4301538
yadI_predicted,0.25,3,3,GGGCCGAATTTAACATTTGG,0,4353975
yadI_predicted,0.25,3,3,GGGCCATCTCTACTGAATAA,0,4297356
yadI_predicted,0.25,3,3,GGGCATCTTTACTGCTCTCA,0,4338695
yadI_predicted,0.25,3,3,GGGCATCTCTACAAAGTGTG,0,4316113
yadI_predicted,0.25,3,3,GGGCACCTTCCCCCTACGAG,0,4311571
yadI_predicted,0.25,3,3,GGGAGGCATTGCGCTAGCAA,0,4362010
yadI_predicted,0.25,3,3,GGGAGAGTGAGGGAGTAGAT,0,4289106
yadI_predicted,0.25,3,3,GGGACGAGGGAACTTCTCGA,0,4295917
yadI_predicted,0.25,3,3,GGGACCGCTTGCACTGGGGT,0,4358226
yadI_predicted,0.25,3,3,GGGACCAACCGGGCGACAAA,0,4334392
yadI_predicted,0.25,3,3,GGCTTTGGAATAGGTCGTCT,0,4342745
yadI_predicted,0.25,3,3,GGCTTGTTGGGTATGATAAT,0,4284531
yadI_predicted,0.25,3,3,GGCTCTTTTTTGCTTGCGTT,0,4328597
yadI_predicted,0.25,3,3,GGCTCTTCTGCATAAAACTG,0,4367022
yadI_predicted,0.25,3,3,GGCTCGGTGTGCGATTTTTG,0,4299188
yadI_predicted,0.25,3,3,GGCTCGATTAAGGACCTTTC,0,4332164
yadI_predicted,0.25,3,3,GGCTCGACACCTGGTTAAGA,0,4306249
yadI_predicted,0.25,3,3,GGCTATCGGGGCAATTTCGA,0,4312272
yadI_predicted,0.25,3,3,GGCTAGCAAACGGACCCCCT,0,4336747
yadI_predicted,0.25,3,3,GGCTACAGGTATCAACTTGT,0,4365567
yadI_predicted,0.25,3,3,GGCGTTTGAGAATCAGTCAT,0,4336006
yadI_predicted,0.25,3,3,GGCGTATTCACTGGAATCGA,0,4318218
yadI_predicted,0.25,3,3,GGCGTAACGGATACTGCTGT,0,4297372
yadI_predicted,0.25,3,3,GGCGGTGAATCAAGGGCTGA,0,4353137
yadI_predicted,0.25,3,3,GGCGGGAGGGGTTCAGGGCA,0,4343690
yadI_predicted,0.25,3,3,GGCGGCCGATCACCCTGTGC,0,4309125
yadI_predicted,0.25,3,3,GGCGGAGAAACCGACAATGG,0,4315858
yadI_predicted,0.25,3,3,GGCGCTAACGCAAACCGTCC,0,4328696
yadI_predicted,0.25,3,3,GGCGAGCATTCCTATGTTGT,0,4354728
yadI_predicted,0.25,3,3,GGCCTCTCCAGTAGTCGAGA,0,4330590
yadI_predicted,0.25,3,3,GGCCTACGAAGGGACGTCAG,0,4347305
yadI_predicted,0.25,3,3,GGCCTACGAAAGGTCAAGTA,0,4326923
yadI_predicted,0.25,3,3,GGCCTAACGTTCTTTGGTGA,0,4304671
yadI_predicted,0.25,3,3,GGCCTAAACACAGCCCTTGA,0,4354867
yadI_predicted,0.25,3,3,GGCCGTCAGATGCAGGCAAC,0,4321562
yadI_predicted,0.25,3,3,GGCCCGTAGCTTACTAAAAT,0,4336282
yadI_predicted,0.25,3,3,GGCCCCGCTTCGTAGGGTGC,0,4339819
yadI_predicted,0.25,3,3,GGCAGGCTCTCTCGGCAGAA,0,4367688
yadI_predicted,0.25,3,3,GGCACCTAACCCTTCACTTC,0,4365887
yadI_predicted,0.25,3,3,GGCAATCAGCAGGACTATGA,0,4286896
yadI_predicted,0.25,3,3,GGCAATAGGAATCGTTCTCT,0,4338279
yadI_predicted,0.25,3,3,GGCAAGAGAATTTTACATTA,0,4353919
yadI_predicted,0.25,3,3,GGCAACGAAATTCGCGCGCT,0,4352943
yadI_predicted,0.25,3,3,GGCAAAATAATGATTAGTGG,0,4332812
yadI_predicted,0.25,3,3,GGCAAAAATTCTTCACGATA,0,4337624
yadI_predicted,0.25,3,3,GGATTCGCACGATGGTTCAT,0,4317325
yadI_predicted,0.25,3,3,GGATTCCTATAGAGAAACAC,0,4359202
yadI_predicted,0.25,3,3,GGATTCCTAGGCCTAGTTGT,0,4364747
yadI_predicted,0.25,3,3,GGATTATAGGGTTACAAGAG,0,4304471
yadI_predicted,0.25,3,3,GGATGCTGTTGCTCCGTTTG,0,4303939
yadI_predicted,0.25,3,3,GGATGCCTCGCCTTGTATCA,0,4349141
yadI_predicted,0.25,3,3,GGATCCCCAGCTTAAGGGTT,0,4314736
yadI_predicted,0.25,3,3,GGATATCACTATGCCCGCAT,0,4296737
yadI_predicted,0.25,3,3,GGATAATACATCGGCCCGCT,0,4332620
yadI_predicted,0.25,3,3,GGAGTGCTGCTGGTGCCAGA,0,4319115
yadI_predicted,0.25,3,3,GGAGTCAAGTGGAGGGAACG,0,4288633
yadI_predicted,0.25,3,3,GGAGGTCTAAGTCAAGGCCG,0,4293135
yadI_predicted,0.25,3,3,GGAGGGCCAAGCACCCTTTG,0,4369215
yadI_predicted,0.25,3,3,GGAGGGACAGAGGCCTCCCA,0,4348501
yadI_predicted,0.25,3,3,GGAGGATCGGGCAGTACCAA,0,4308701
yadI_predicted,0.25,3,3,GGAGCGGCCTAGGGGAAACC,0,4368551
yadI_predicted,0.25,3,3,GGAGCGCTCCTTTGCAAGGT,0,4309204
yadI_predicted,0.25,3,3,GGAGCCTTATGCGCCGACTC,0,4328910
yadI_predicted,0.25,3,3,GGAGAGACAATGTGTTTTTT,0,4352752
yadI_predicted,0.25,3,3,GGAGAATGAGCACAGCTCAA,0,4343445
yadI_predicted,0.25,3,3,GGAGAAAATTTACGGCCCAC,0,4362653
yadI_predicted,0.25,3,3,GGACTCGGGCATGATTGGGT,0,4319186
yadI_predicted,0.25,3,3,GGACGGGAACACGGGCGTGA,0,4302943
yadI_predicted,0.25,3,3,GGACCAAGGTCGAGTAAGTG,0,4289879
yadI_predicted,0.25,3,3,GGAATTAGTTTGATTCGGAA,0,4292879
yadI_predicted,0.25,3,3,GGAAGGATTAGGAACTCGCA,0,4312584
yadI_predicted,0.25,3,3,GGAAGATCGAAAGGGAACAG,0,4356135
yadI_predicted,0.25,3,3,GGAAATAAAGCTGTTCTCAC,0,4355008
yadI_predicted,0.25,3,3,GGAAAGTGACGGTAACCATG,0,4287819
yadI_predicted,0.25,3,3,GCTTTTTGTCCCATTAAAAC,0,4355021
yadI_predicted,0.25,3,3,GCTTGTTTCGTGGTGTCGTT,0,4342345
yadI_predicted,0.25,3,3,GCTTGCTCATGTCCTAACCA,0,4297321
yadI_predicted,0.25,3,3,GCTGTGACGAACCTTTAGAA,0,4338201
yadI_predicted,0.25,3,3,GCTGTCGCAGTACCGGAGTA,0,4326031
yadI_predicted,0.25,3,3,GCTGGCCCTGAGCGACAGAG,0,4304176
yadI_predicted,0.25,3,3,GCTGATGTCCATAGTGGTCT,0,4332554
yadI_predicted,0.25,3,3,GCTCTTGGAGGTCGTGAAGC,0,4285196
yadI_predicted,0.25,3,3,GCTCGTATCCCCGTGCGAAT,0,4301898
yadI_predicted,0.25,3,3,GCTCGGGTTTAAGCTGGCCT,0,4309725
yadI_predicted,0.25,3,3,GCTCCTTTGGCTCCGCTTTC,0,4350871
yadI_predicted,0.25,3,3,GCTCCGAGCGCCCCATCGTT,0,4318045
yadI_predicted,0.25,3,3,GCTATCTCACGAGCAAAGCC,0,4296770
yadI_predicted,0.25,3,3,GCTATCACTAGAAGTGAGTT,0,4353952
yadI_predicted,0.25,3,3,GCTAAGTACTCACAATCAAA,0,4366199
yadI_predicted,0.25,3,3,GCTAACCCAAACGTCTGTTG,0,4338014
yadI_predicted,0.25,3,3,GCTAAATGTCCTCGCCGTTA,0,4305666
yadI_predicted,0.25,3,3,GCGTTGGTTATAGTCCCGCC,0,4322584
yadI_predicted,0.25,3,3,GCGTTAAGGATACGTAACCA,0,4297730
yadI_predicted,0.25,3,3,GCGTGCTCACTTGTCTAGAA,0,4349041
yadI_predicted,0.25,3,3,GCGTGAAAGTTTAGTAAGAG,0,4369636
yadI_predicted,0.25,3,3,GCGTCGTATGAAAAGAAATA,0,4347113
yadI_predicted,0.25,3,3,GCGTCAGTGCAGTATTAAGA,0,4328929
yadI_predicted,0.25,3,3,GCGTACGGTTGGTGAAGGCA,0,4285517
yadI_predicted,0.25,3,3,GCGGGGATTATTTCTACTAC,0,4314375
yadI_predicted,0.25,3,3,GCGGGAATAGCTGCAGATTT,0,4351034
yadI_predicted,0.25,3,3,GCGGGAACAGCGCAGAGGTC,0,4358576
yadI_predicted,0.25,3,3,GCGGCGCGGGTGCAAGAACA,0,4335009
yadI_predicted,0.25,3,3,GCGGAACCAATCGGGTTCAC,0,4366575
yadI_predicted,0.25,3,3,GCGCTGAACGCTCTCGGACC,0,4350075
yadI_predicted,0.25,3,3,GCGCGCGTATGGCACAACAA,0,4324349
yadI_predicted,0.25,3,3,GCGCCGTATAGTAAGACGAG,0,4313322
yadI_predicted,0.25,3,3,GCGCCGAAATCTGTGCATTA,0,4332322
yadI_predicted,0.25,3,3,GCGCCCAGTACGCAATGATT,0,4364811
yadI_predicted,0.25,3,3,GCGCCCACCCAATATCCAAG,0,4306519
yadI_predicted,0.25,3,3,GCGCACGTTCGTATCCTTGG,0,4333866
yadI_predicted,0.25,3,3,GCGCAAGTCGGTGTTTGATC,0,4366370
yadI_predicted,0.25,3,3,GCGAGTCTATCTATATTTGA,0,4367038
yadI_predicted,0.25,3,3,GCGACAATCGTGGCGTGATA,0,4315553
yadI_predicted,0.25,3,3,GCGAAGAATGCCGCTACAGA,0,4322836
yadI_predicted,0.25,3,3,GCCTTGTGACGCATTCGAGA,0,4343011
yadI_predicted,0.25,3,3,GCCTGTATCATTAGCGTTAT,0,4331505
yadI_predicted,0.25,3,3,GCCTGCGAACCGCTAGAGTT,0,4297303
yadI_predicted,0.25,3,3,GCCTCGCTTGATCTTCTAGG,0,4305254
yadI_predicted,0.25,3,3,GCCTCCGGGATTTCGTGAAC,0,4340572
yadI_predicted,0.25,3,3,GCCTCAAAGTGCATTCAGGG,0,4302481
yadI_predicted,0.25,3,3,GCCTAATGCTAACGATTAAC,0,4294852
yadI_predicted,0.25,3,3,GCCTAATATTTAGCAGCGGT,0,4334249
yadI_predicted,0.25,3,3,GCCGTGCCTGGATAGCAATG,0,4338272
yadI_predicted,0.25,3,3,GCCGGTGAATGTTCTTTGTA,0,4368278
yadI_predicted,0.25,3,3,GCCGCGCAGTAAGTAGACGT,0,4293981
yadI_predicted,0.25,3,3,GCCGAGATCCTAGATTGGTA,0,4315919
yadI_predicted,0.25,3,3,GCCGACGTATTTGCGAGGTA,0,4306695
yadI_predicted,0.25,3,3,GCCGACACGGAAACCGGCCT,0,4313382
yadI_predicted,0.25,3,3,GCCCTATTAGTTATTGTTTT,0,4336822
yadI_predicted,0.25,3,3,GCCCTAGGTGTCGCAGTGAG,0,4359770
yadI_predicted,0.25,3,3,GCCCGGCTCATCTGAAATGG,0,4292819
yadI_predicted,0.25,3,3,GCCCGCGTGCGAGAGCGGGT,0,4308396
yadI_predicted,0.25,3,3,GCCCCTTGTTAATAAGGTCA,0,4359654
yadI_predicted,0.25,3,3,GCCCATTCTAACGCGCGGTT,0,4333830
yadI_predicted,0.25,3,3,GCCATTTATATACATGTGAG,0,4344931
yadI_predicted,0.25,3,3,GCCATCGGCTTGGGCATAAG,0,4329603
yadI_predicted,0.25,3,3,GCCATCCAGAACCTGATATA,0,4359979
yadI_predicted,0.25,3,3,GCCATATTAGTTTCCAAGGC,0,4341150
yadI_predicted,0.25,3,3,GCCAGGTACATAGTTGGGCT,0,4323768
yadI_predicted,0.25,3,3,GCCAGGGCTGAATCCTGCGT,0,4296483
yadI_predicted,0.25,3,3,GCCACCCCCGGTATTAGGAG,0,4314816
yadI_predicted,0.25,3,3,GCCAAGAGGCCGCTTCCGGT,0,4340420
yadI_predicted,0.25,3,3,GCCAACTTCTAAGCGGTCTG,0,4303575
yadI_predicted,0.25,3,3,GCATTGCTCGGGGTAGCCTC,0,4300120
yadI_predicted,0.25,3,3,GCATTGAAACGCTCTTAGTC,0,4321661
yadI_predicted,0.25,3,3,GCATTCAAGGCGCATGGCTG,0,4365173
yadI_predicted,0.25,3,3,GCATTATCTCCCGTACAGAG,0,4318525
yadI_predicted,0.25,3,3,GCATGCCCGGAATTATGCAG,0,4357577
yadI_predicted,0.25,3,3,GCATGACGTGGTCGCAACGC,0,4362347
yadI_predicted,0.25,3,3,GCATAATCGCCGAGACCCGG,0,4341641
yadI_predicted,0.25,3,3,GCAGGCGGACGTCATTTAGT,0,4314187
yadI_predicted,0.25,3,3,GCAGGAGTTAGCCCGGTACA,0,4343515
yadI_predicted,0.25,3,3,GCAGCATAAATCAGGGTTGC,0,4355499
yadI_predicted,0.25,3,3,GCAGATGAACGGGGACGTCG,0,4355911
yadI_predicted,0.25,3,3,GCACTCGGGGAGCCAGCGCC,0,4305251
yadI_predicted,0.25,3,3,GCACGCGAAACCCACTAAAC,0,4352632
yadI_predicted,0.25,3,3,GCACCGCTGTGGCTCGGCAC,0,4356080
yadI_predicted,0.25,3,3,GCACCGCAAAAAGACAAGTT,0,4290672
yadI_predicted,0.25,3,3,GCACCAGGTCTGCACACGTG,0,4323954
yadI_predicted,0.25,3,3,GCAATTTCTCGCCATCACAT,0,4338349
yadI_predicted,0.25,3,3,GCAATTTATCGCAATGAGAG,0,4322947
yadI_predicted,0.25,3,3,GCAATCGCGGGCTTAAGATG,0,4318505
yadI_predicted,0.25,3,3,GCAAGTGATCGCTGGCTGCA,0,4315740
yadI_predicted,0.25,3,3,GCAACGATCCCAGCCTTTAC,0,4286535
yadI_predicted,0.25,3,3,GCAACAGCGTACGGGTCGGA,0,4366069
yadI_predicted,0.25,3,3,GCAAATGCAAAGAGGCCCTA,0,4303957
yadI_predicted,0.25,3,3,GCAAAGAGGTATGCTGCCTA,0,4353997
yadI_predicted,0.25,3,3,GCAAAACCTCGTTACACGCA,0,4328254
yadI_predicted,0.25,3,3,GCAAAAATGGTGTTATGCTT,0,4357962
yadI_predicted,0.25,3,3,GATTTCCAAGAAGACGCATA,0,4360436
yadI_predicted,0.25,3,3,GATTCGCAGAATCTGGTGAG,0,4359189
yadI_predicted,0.25,3,3,GATTCGAGGCCCCACGTGAG,0,4300453
yadI_predicted,0.25,3,3,GATTAATACCCACCGAACGG,0,4305014
yadI_predicted,0.25,3,3,GATTAAGTACGAATATGAGT,0,4305182
yadI_predicted,0.25,3,3,GATGTTCAAGGCGGGGATCG,0,4350351
yadI_predicted,0.25,3,3,GATGTGTCGTCCCCGGCTGC,0,4343967
yadI_predicted,0.25,3,3,GATGTCAAACTATACCTTAG,0,4317756
yadI_predicted,0.25,3,3,GATGGCAAACATAGAGCAGT,0,4333884
yadI_predicted,0.25,3,3,GATGCAGGGCCATGGGATTC,0,4362839
yadI_predicted,0.25,3,3,GATGAGGGAAGATCGCTAAC,0,4290660
yadI_predicted,0.25,3,3,GATGAATCGTACGAGCGATA,0,4302518
yadI_predicted,0.25,3,3,GATCAGGGTCTCTTTGATGC,0,4357683
yadI_predicted,0.25,3,3,GATCAGCGTGTCGTACTGCA,0,4344103
yadI_predicted,0.25,3,3,GATCAAAACTCCACCGCGAA,0,4334958
yadI_predicted,0.25,3,3,GATATTAGCGATAAATACAG,0,4326698
yadI_predicted,0.25,3,3,GATATGGACCAGACGCATTA,0,4369113
yadI_predicted,0.25,3,3,GATATCCGTGATCGAGGCAT,0,4294786
yadI_predicted,0.25,3,3,GATATAATCGTTGGAGAACG,0,4352938
yadI_predicted,0.25,3,3,GATAGTACGTAAGGCAGGGG,0,4362275
yadI_predicted,0.25,3,3,GATAGTACCCATAGAGTAGT,0,4296118
yadI_predicted,0.25,3,3,GATAGGCGTTGCCGTAATGG,0,4345340
yadI_predicted,0.25,3,3,GATAGACACTGACGGGAACG,0,4342442
yadI_predicted,0.25,3,3,GATAGAACATTACCTTGGTC,0,4347670
yadI_predicted,0.25,3,3,GATACTGATGCATCTGACGG,0,4310221
yadI_predicted,0.25,3,3,GAGTTTATATTGGCCAGAGA,0,4362216
yadI_predicted,0.25,3,3,GAGTTAGATTTAGGCCGATA,0,4349602
yadI_predicted,0.25,3,3,GAGTGGCCTGGTGCCTCAAT,0,4336531
yadI_predicted,0.25,3,3,GAGTGCTCTCTTTCATAGTT,0,4363256
yadI_predicted,0.25,3,3,GAGTAGAAAGATGCGTGGCT,0,4322547
yadI_predicted,0.25,3,3,GAGGTTGTTCACACAAATAC,0,4285298
yadI_predicted,0.25,3,3,GAGGTTACCACAGGTTAAGA,0,4354740
yadI_predicted,0.25,3,3,GAGGGGGCGAAATTTTGTTA,0,4292835
yadI_predicted,0.25,3,3,GAGGGGCGATTCCCTCTTAA,0,4296402
yadI_predicted,0.25,3,3,GAGGGCCGGGACAGTAAGAC,0,4291742
yadI_predicted,0.25,3,3,GAGGGATGTAGGTGAACTTT,0,4310904
yadI_predicted,0.25,3,3,GAGGGAAGTTCGGACCCATG,0,4325064
yadI_predicted,0.25,3,3,GAGGCTGGCGCACGCATTCG,0,4319221
yadI_predicted,0.25,3,3,GAGGCTCAATCCTTTGTCGT,0,4296255
yadI_predicted,0.25,3,3,GAGGCGTCTCGAGTTTAACC,0,4310580
yadI_predicted,0.25,3,3,GAGGCCGTTCTGCAATTAGA,0,4316578
yadI_predicted,0.25,3,3,GAGGACGTCAACTGAAAGTG,0,4355849
yadI_predicted,0.25,3,3,GAGGACGTAAATAGACCTAT,0,4348110
yadI_predicted,0.25,3,3,GAGGAACGTCGTCACACTGC,0,4357821
yadI_predicted,0.25,3,3,GAGCTCGACGACAACGTACT,0,4316583
yadI_predicted,0.25,3,3,GAGCGGTATAGTGAGAGCGG,0,4287076
yadI_predicted,0.25,3,3,GAGCGCTGGAGACCCGGAGC,0,4288067
yadI_predicted,0.25,3,3,GAGCCTGGATCCGACCAAGT,0,4328852
yadI_predicted,0.25,3,3,GAGCCATGCGCCTTAGACCT,0,4368554
yadI_predicted,0.25,3,3,GAGCCATAAACAGCAAGACA,0,4317150
yadI_predicted,0.25,3,3,GAGCATCTGTGTTCCCTATT,0,4295285
yadI_predicted,0.25,3,3,GAGATTATATTGGTAATATG,0,4358354
yadI_predicted,0.25,3,3,GAGAGTGATAGCATGCGCGA,0,4347254
yadI_predicted,0.25,3,3,GAGAGTCAGGTCCACTTAGA,0,4334968
yadI_predicted,0.25,3,3,GAGAGCTTTAAAGGTATGAT,0,4318447
yadI_predicted,0.25,3,3,GAGACTCATTAGGCGTTCTT,0,4286874
yadI_predicted,0.25,3,3,GAGACGGACAGACGCCGTGC,0,4328728
yadI_predicted,0.25,3,3,GAGACGCCAGGCGAGGGCAA,0,4310753
yadI_predicted,0.25,3,3,GAGAATCATACGTTGGTGAG,0,4287216
yadI_predicted,0.25,3,3,GAGAAGAATCGTAACGTATC,0,4351860
yadI_predicted,0.25,3,3,GACTTCGTATTATGTTCCAA,0,4288482
yadI_predicted,0.25,3,3,GACTGCTTTTACACTACAAT,0,4357841
yadI_predicted,0.25,3,3,GACTGCTCGCTGTGGGTGGA,0,4292781
yadI_predicted,0.25,3,3,GACTCGCATCCCAAGTGACA,0,4356078
yadI_predicted,0.25,3,3,GACTAGCATGATGACTTTAG,0,4365190
yadI_predicted,0.25,3,3,GACTACCTTGTGGGCGGAAG,0,4336321
yadI_predicted,0.25,3,3,GACGTTTGCGAAGTATCCGC,0,4303436
yadI_predicted,0.25,3,3,GACGTCCGGACGTAGACCCG,0,4316152
yadI_predicted,0.25,3,3,GACGGGTGACGCGCTCATCG,0,4321798
yadI_predicted,0.25,3,3,GACGGAACCGGCTATTGGCT,0,4287089
yadI_predicted,0.25,3,3,GACGCTGGGAGAAGGGGAGG,0,4344196
yadI_predicted,0.25,3,3,GACGCGAATAAACGCACCAC,0,4326407
yadI_predicted,0.25,3,3,GACGCCTTGCTCGTGGACTA,0,4302951
yadI_predicted,0.25,3,3,GACGCCTGGGGTTGCAACCT,0,4352882
yadI_predicted,0.25,3,3,GACGCCCGACGCTTGCTAAA,0,4350933
yadI_predicted,0.25,3,3,GACGCAGATACGGCACTATT,0,4339580
yadI_predicted,0.25,3,3,GACGATTGGATTCACTTGAA,0,4328183
yadI_predicted,0.25,3,3,GACGAGACAGGCACAATCAT,0,4356585
yadI_predicted,0.25,3,3,GACGACGATTCGGGGTAAGG,0,4328840
yadI_predicted,0.25,3,3,GACGACCGTGAAACGCAGAT,0,4347092
yadI_predicted,0.25,3,3,GACGAACCCATGGCAAATCG,0,4308485
yadI_predicted,0.25,3,3,GACCTTGGTTAGATCCAGCT,0,4341116
yadI_predicted,0.25,3,3,GACCTGAATCGTAGATCTTT,0,4298183
yadI_predicted,0.25,3,3,GACCTAATCTAATCATCTGC,0,4364785
yadI_predicted,0.25,3,3,GACCGGGGAGGTTTAGTCTG,0,4344529
yadI_predicted,0.25,3,3,GACCGCGGGGCCGACTATAT,0,4363370
yadI_predicted,0.25,3,3,GACCGACGTTACGGCAGATC,0,4365582
yadI_predicted,0.25,3,3,GACCCATTAGCGTAGTGTCT,0,4292709
yadI_predicted,0.25,3,3,GACCACCTACGTAAGTGCGA,0,4356062
yadI_predicted,0.25,3,3,GACCACAAAAACTGTTAGGC,0,4341753
yadI_predicted,0.25,3,3,GACATGAACACCGAGCGTCA,0,4318756
yadI_predicted,0.25,3,3,GACAGGTACGTAAAGGACAA,0,4309955
yadI_predicted,0.25,3,3,GACAGCCTCTGGCTATACCG,0,4323298
yadI_predicted,0.25,3,3,GACAGAGGTGGCTTCGGCAA,0,4310190
yadI_predicted,0.25,3,3,GACACTAGCTGACCGGTTAG,0,4295890
yadI_predicted,0.25,3,3,GACACGGTCTGGACGAATAT,0,4299008
yadI_predicted,0.25,3,3,GACACACGTGGATATTACAT,0,4348601
yadI_predicted,0.25,3,3,GACACAAGCCCAAAGATCCG,0,4321604
yadI_predicted,0.25,3,3,GACAATGTTCAGGAGTGAGG,0,4349301
yadI_predicted,0.25,3,3,GAATTATACTCCATGGTCGT,0,4353418
yadI_predicted,0.25,3,3,GAATGTTCATGGGACAGTAA,0,4295689
yadI_predicted,0.25,3,3,GAATGTGCTTAAACAGTATT,0,4325056
yadI_predicted,0.25,3,3,GAATGTAGTTTGAGGGACGG,0,4315926
yadI_predicted,0.25,3,3,GAATGGGTGGCTGTTCAATC,0,4321258
yadI_predicted,0.25,3,3,GAATGGATACGCTCCGTAGA,0,4294653
yadI_predicted,0.25,3,3,GAATGCCTACAGTGGGGGCT,0,4292652
yadI_predicted,0.25,3,3,GAATGAGCTGAAATTTCTCT,0,4331304
yadI_predicted,0.25,3,3,GAATCCCAGCTCAACCAAGC,0,4319886
yadI_predicted,0.25,3,3,GAATATGCGAGCCCCCGCTA,0,4346660
yadI_predicted,0.25,3,3,GAATACGACATCCGCTGAAA,0,4311433
yadI_predicted,0.25,3,3,GAAGTTTACGTTATGAAACA,0,4346078
yadI_predicted,0.25,3,3,GAAGTTAGCGGTAACGTTAG,0,4321438
yadI_predicted,0.25,3,3,GAAGCCTGCCCTGCGAAACC,0,4296235
yadI_predicted,0.25,3,3,GAAGAGCCTAAAGTGGCCAA,0,4350646
yadI_predicted,0.25,3,3,GAAGAAAGACAGAGATATAA,0,4291415
yadI_predicted,0.25,3,3,GAACTGGCGGTGTCAGCTAC,0,4351894
yadI_predicted,0.25,3,3,GAACTAGGGTTCAGCAGCTC,0,4356509
yadI_predicted,0.25,3,3,GAACTACGCCACTAAGCTAA,0,4306431
yadI_predicted,0.25,3,3,GAACCCTCGGGGATGACAGT,0,4323230
yadI_predicted,0.25,3,3,GAACCACGCCCTATGGCGCG,0,4315817
yadI_predicted,0.25,3,3,GAACATTTGCCGTGTGATTA,0,4342029
yadI_predicted,0.25,3,3,GAACACGCTCTTGGTTCCAC,0,4341360
yadI_predicted,0.25,3,3,GAAATTACCTGAGCTAACAG,0,4313158
yadI_predicted,0.25,3,3,GAAATACGGCTAACACGCCG,0,4323906
yadI_predicted,0.25,3,3,GAAAGAGTCTATGTGACGAA,0,4309930
yadI_predicted,0.25,3,3,GAAACGGCATACTGGTTTTG,0,4326908
yadI_predicted,0.25,3,3,GAAACAGAGCACAACCTAAC,0,4303728
yadI_predicted,0.25,3,3,GAAAAAATTAGCGAGAGATC,0,4350375
yadI_predicted,0.25,3,3,CTTTTGGTACGTCAGGGCCT,0,4290057
yadI_predicted,0.25,3,3,CTTTTGCAGCCCTGCCAGAA,0,4284804
yadI_predicted,0.25,3,3,CTTTTCCGGCACCAAGCCCT,0,4352699
yadI_predicted,0.25,3,3,CTTTTAGGTCAAAGGATCTC,0,4334996
yadI_predicted,0.25,3,3,CTTTGTCTTGCTCGAGCTCT,0,4315079
yadI_predicted,0.25,3,3,CTTTCTTCACAAACACATAA,0,4347405
yadI_predicted,0.25,3,3,CTTTCCCCTGAACACGCAAG,0,4312355
yadI_predicted,0.25,3,3,CTTTAGTGAGCCCGTGATTG,0,4329704
yadI_predicted,0.25,3,3,CTTTACTCAGAACTGCGTAC,0,4343726
yadI_predicted,0.25,3,3,CTTGTGGCCGCTTCCAAGCC,0,4334657
yadI_predicted,0.25,3,3,CTTGTCTGTGCTCGCTGGAA,0,4342319
yadI_predicted,0.25,3,3,CTTGGGGGACCTATTTCACG,0,4303185
yadI_predicted,0.25,3,3,CTTGCTCATCATATGATAGC,0,4338353
yadI_predicted,0.25,3,3,CTTGCGAGTACCAGCGAGTT,0,4296482
yadI_predicted,0.25,3,3,CTTCTATATCGGGGTAGTAT,0,4336288
yadI_predicted,0.25,3,3,CTTCGTTAAATTTGTTCATG,0,4350818
yadI_predicted,0.25,3,3,CTTCGTCAGCCGGAAAATGT,0,4291696
yadI_predicted,0.25,3,3,CTTCGTAACGGCCGGCACTA,0,4315578
yadI_predicted,0.25,3,3,CTTCGGCTTTGACCTGACAA,0,4357748
yadI_predicted,0.25,3,3,CTTCCGTCCTCCGGATACAC,0,4318709
yadI_predicted,0.25,3,3,CTTCCGCGTCTTCCCTGAAG,0,4341304
yadI_predicted,0.25,3,3,CTTCAGCTTCATGCGAAGAC,0,4350425
yadI_predicted,0.25,3,3,CTTATTTGGGGCCAGACGTC,0,4337391
yadI_predicted,0.25,3,3,CTTATCTCAAATCGTTGCAT,0,4301153
yadI_predicted,0.25,3,3,CTTACTTTAGTACACCCGGT,0,4328053
yadI_predicted,0.25,3,3,CTTACATAAGATGGTCGCCA,0,4284320
yadI_predicted,0.25,3,3,CTTACAGTCCTACATATATG,0,4316917
yadI_predicted,0.25,3,3,CTTACACGTGTGCCGCATGG,0,4326130
yadI_predicted,0.25,3,3,CTGTTACCCGCTCAACCTGT,0,4323579
yadI_predicted,0.25,3,3,CTGTGGATATCTATAACGTC,0,4369068
yadI_predicted,0.25,3,3,CTGTCTGTGGTAGTATAGGC,0,4302389
yadI_predicted,0.25,3,3,CTGTAGACCGGTGGAAGAAG,0,4316060
yadI_predicted,0.25,3,3,CTGTAGAACCGCGTGCTTCC,0,4363910
yadI_predicted,0.25,3,3,CTGGTTGGAGCATCATCGTT,0,4291815
yadI_predicted,0.25,3,3,CTGGTTATACACGTATCAGA,0,4330213
yadI_predicted,0.25,3,3,CTGGTGCAGTAGAGACATCT,0,4302650
yadI_predicted,0.25,3,3,CTGGTCCTCACACACCGAGA,0,4367237
yadI_predicted,0.25,3,3,CTGGTAATGACTTTTCCTGG,0,4310176
yadI_predicted,0.25,3,3,CTGGGGGTCAGTGTCACCCA,0,4301787
yadI_predicted,0.25,3,3,CTGGCGGTGCTCCACCTAAT,0,4294505
yadI_predicted,0.25,3,3,CTGGCAAACGTACAGCCGTG,0,4301714
yadI_predicted,0.25,3,3,CTGCGTAAGATTTAACTGCA,0,4353350
yadI_predicted,0.25,3,3,CTGCATTTTCGAACAATGAG,0,4338882
yadI_predicted,0.25,3,3,CTGCACAGTTTGGTGTCCCT,0,4314525
yadI_predicted,0.25,3,3,CTGATGTTCACAGACTTCGT,0,4344440
yadI_predicted,0.25,3,3,CTGATGGGAGCGCAGACGTC,0,4353054
yadI_predicted,0.25,3,3,CTGAGTAGGGGCGTTACCGC,0,4324299
yadI_predicted,0.25,3,3,CTGAGGATCAACACAAGACC,0,4292002
yadI_predicted,0.25,3,3,CTGAGAACTCGGAACGGACT,0,4306503
yadI_predicted,0.25,3,3,CTGACGTCAGCGGAAATGTC,0,4302512
yadI_predicted,0.25,3,3,CTGACATCATGAGTTTTGTG,0,4323386
yadI_predicted,0.25,3,3,CTGACACGGTGGCTTATGTT,0,4292049
yadI_predicted,0.25,3,3,CTGAAGCATCCTTTCTCCGA,0,4334847
yadI_predicted,0.25,3,3,CTGAAGACTAATTCGAATTA,0,4307670
yadI_predicted,0.25,3,3,CTGAACTAGAGGGCACTGTG,0,4358669
yadI_predicted,0.25,3,3,CTCTTTATATTCCCATACTT,0,4323630
yadI_predicted,0.25,3,3,CTCTTTAAAGGGCGGCTTAG,0,4292091
yadI_predicted,0.25,3,3,CTCTGGTACGCTGAGGCAGA,0,4311626
yadI_predicted,0.25,3,3,CTCTGACTAGAGTTATCCTA,0,4300788
yadI_predicted,0.25,3,3,CTCTCTTCGTCGCATCTGTA,0,4365111
yadI_predicted,0.25,3,3,CTCTCTGGTGAAATTTCAAC,0,4357592
yadI_predicted,0.25,3,3,CTCTCGGGTAATCTAGCCGG,0,4324953
yadI_predicted,0.25,3,3,CTCTCAAGAGTTGGTTCGGA,0,4321534
yadI_predicted,0.25,3,3,CTCGTCTCACCGCGGATGAA,0,4314693
yadI_predicted,0.25,3,3,CTCGTAATCGTGTAGTTCGA,0,4345641
yadI_predicted,0.25,3,3,CTCGGTCCTTATATGCGCAA,0,4335276
yadI_predicted,0.25,3,3,CTCGGGCAGCGCGCGGTCAA,0,4284661
yadI_predicted,0.25,3,3,CTCGGCTGTCCCAATGCAAT,0,4290406
yadI_predicted,0.25,3,3,CTCGGCCCACCAATCTTGCT,0,4310538
yadI_predicted,0.25,3,3,CTCGCCCATACAAACGACAA,0,4349395
yadI_predicted,0.25,3,3,CTCGATAGTGCGTCGGTCAA,0,4352730
yadI_predicted,0.25,3,3,CTCGACGGATAGGAGTAGAA,0,4333767
yadI_predicted,0.25,3,3,CTCGAAATCTCTAGATCAGT,0,4293565
yadI_predicted,0.25,3,3,CTCCTTGCGGTTCGGTCACT,0,4330345
yadI_predicted,0.25,3,3,CTCCTCCAGTCCATTCCGAT,0,4334648
yadI_predicted,0.25,3,3,CTCCGCATGCCGCAGTCCTC,0,4360001
yadI_predicted,0.25,3,3,CTCCGAAATTGAAGGAGGTT,0,4285515
yadI_predicted,0.25,3,3,CTCCATTCCGTTCACTTGGA,0,4349040
yadI_predicted,0.25,3,3,CTCCAGAATCAGTACGCGTC,0,4322156
yadI_predicted,0.25,3,3,CTCCAAATGCCGCGTGAGAA,0,4341718
yadI_predicted,0.25,3,3,CTCATCTATCAATTGCATGG,0,4350377
yadI_predicted,0.25,3,3,CTCATCGCTCCGCGCATTCT,0,4358519
yadI_predicted,0.25,3,3,CTCATCATATTTGGTTCGGG,0,4366127
yadI_predicted,0.25,3,3,CTCATATTTGCTAGTGGGTC,0,4299550
yadI_predicted,0.25,3,3,CTCATACAGACCGCACGTTA,0,4300517
yadI_predicted,0.25,3,3,CTCACATGTAGGCGCAACAC,0,4306690
yadI_predicted,0.25,3,3,CTCAAGTTCCACTCCGTGTT,0,4333393
yadI_predicted,0.25,3,3,CTCAAGGGTCCGATCTCGGC,0,4299896
yadI_predicted,0.25,3,3,CTCAACCGTAGTCGGCTTAA,0,4310272
yadI_predicted,0.25,3,3,CTCAAAGCCATGGTCCTGGC,0,4343979
yadI_predicted,0.25,3,3,CTATTTACCGTCAGATTGGT,0,4326482
yadI_predicted,0.25,3,3,CTATTGCGCCTTAGCAATCA,0,4317133
yadI_predicted,0.25,3,3,CTATGTTATTAGATTGGTCT,0,4297383
yadI_predicted,0.25,3,3,CTATGGAACACAGATTGTTA,0,4352646
yadI_predicted,0.25,3,3,CTATACAACACTGGTAGTTG,0,4335688
yadI_predicted,0.25,3,3,CTAGTGCGGGAAGATCCTAG,0,4321830
yadI_predicted,0.25,3,3,CTAGTGACCATGGGAGCCAT,0,4336816
yadI_predicted,0.25,3,3,CTAGGACAAAGTTGGTAATC,0,4308058
yadI_predicted,0.25,3,3,CTAGCATCATTCCGTTCCCT,0,4314923
yadI_predicted,0.25,3,3,CTAGCAGCGGGCAGGGTCGT,0,4360786
yadI_predicted,0.25,3,3,CTAGACTTCAACTGACGCGT,0,4339103
yadI_predicted,0.25,3,3,CTACCCGGTAAATCGTGCGT,0,4351304
yadI_predicted,0.25,3,3,CTACCAGTGGAAAGGATCGA,0,4349660
yadI_predicted,0.25,3,3,CTACACATTCTTGTCTGTGA,0,4326904
yadI_predicted,0.25,3,3,CTAATCCGGCGGTTTCCGAG,0,4317733
yadI_predicted,0.25,3,3,CTAAGGGATGGGGCTTGAGA,0,4297084
yadI_predicted,0.25,3,3,CTAACTTCTACGGTTCCCTC,0,4350270
yadI_predicted,0.25,3,3,CTAACGTGGTTTACTACTGC,0,4359020
yadI_predicted,0.25,3,3,CTAAAATTCAGGGACCACTC,0,4310480
yadI_predicted,0.25,3,3,CGTTTGCAGAAGGTCGCTAG,0,4363766
yadI_predicted,0.25,3,3,CGTTGTTTGTGTTGTAATTT,0,4341851
yadI_predicted,0.25,3,3,CGTTGTCTAGCCCGAGGGCA,0,4297903
yadI_predicted,0.25,3,3,CGTTGCACAAGAATAATTGC,0,4326770
yadI_predicted,0.25,3,3,CGTTCAAATGGACTTATCTA,0,4342910
yadI_predicted,0.25,3,3,CGTTAGCTACAAACTTGTTT,0,4339318
yadI_predicted,0.25,3,3,CGTGTTTCTCCCACGGAAGA,0,4295193
yadI_predicted,0.25,3,3,CGTGGTGAGCAAATTATTGC,0,4334802
yadI_predicted,0.25,3,3,CGTGGCGCCGATATCGTTTA,0,4367280
yadI_predicted,0.25,3,3,CGTGGACGCGGGGGGGAAAC,0,4318067
yadI_predicted,0.25,3,3,CGTGCCAGAAACAACCAATG,0,4300076
yadI_predicted,0.25,3,3,CGTGATGCGGTGTCTGAGTC,0,4355119
yadI_predicted,0.25,3,3,CGTGAACGTGCATAATCGCC,0,4295574
yadI_predicted,0.25,3,3,CGTGAACATTTACCAGGAAG,0,4361951
yadI_predicted,0.25,3,3,CGTCTGTGCGTCGGCAGAAT,0,4347505
yadI_predicted,0.25,3,3,CGTCGGCCGTGAACAAAGTT,0,4338730
yadI_predicted,0.25,3,3,CGTCATTTACGAAATACCCG,0,4336323
yadI_predicted,0.25,3,3,CGTCAGGTTTGGCATTCATG,0,4313622
yadI_predicted,0.25,3,3,CGTCACCTTAATGCAGGGCA,0,4344956
yadI_predicted,0.25,3,3,CGTCACCCTTCAAATTCCGT,0,4331139
yadI_predicted,0.25,3,3,CGTCACCCCGTGGATGTTAA,0,4290260
yadI_predicted,0.25,3,3,CGTCAATCTGTAGATCGGCT,0,4302309
yadI_predicted,0.25,3,3,CGTATTTTTGGACGGGTTTG,0,4350981
yadI_predicted,0.25,3,3,CGTATACTTAGGCCCGGAAG,0,4293611
yadI_predicted,0.25,3,3,CGTAGTACAGGCGCATCGAA,0,4361154
yadI_predicted,0.25,3,3,CGTACACATTCTCTGATTCA,0,4312447
yadI_predicted,0.25,3,3,CGTAAGTCCTAAGCCCATGC,0,4357729
yadI_predicted,0.25,3,3,CGGTTTCTGACAAGAGACCG,0,4341795
yadI_predicted,0.25,3,3,CGGTTCGTTTAGATCCGTTC,0,4352231
yadI_predicted,0.25,3,3,CGGTGTGCTTTTCACACGAA,0,4338423
yadI_predicted,0.25,3,3,CGGTGGCGAATAATCGAGTT,0,4334551
yadI_predicted,0.25,3,3,CGGTGAACATTTCTAACGTT,0,4333343
yadI_predicted,0.25,3,3,CGGTCCTGGGATATTTCATC,0,4310305
yadI_predicted,0.25,3,3,CGGTCACGTATCGCGGTTAG,0,4302595
yadI_predicted,0.25,3,3,CGGTAACTCATCGCCTAAAT,0,4364161
yadI_predicted,0.25,3,3,CGGGGTGGGACTTTGCGGAG,0,4339365
yadI_predicted,0.25,3,3,CGGGGGGCGATTACCTTTCT,0,4358850
yadI_predicted,0.25,3,3,CGGGCCTCGATGCGAAGAAT,0,4330953
yadI_predicted,0.25,3,3,CGGGCCTAACGTGGGAGATT,0,4308953
yadI_predicted,0.25,3,3,CGGGCAATTATGGCATATAC,0,4339439
yadI_predicted,0.25,3,3,CGGGATTGTACAAGCTCGAC,0,4356959
yadI_predicted,0.25,3,3,CGGGATCACGTACAGCCATG,0,4352654
yadI_predicted,0.25,3,3,CGGCGTCTTTCTAAACCATT,0,4322095
yadI_predicted,0.25,3,3,CGGCGCATCGATGGTACTTG,0,4339295
yadI_predicted,0.25,3,3,CGGCGATGCTGTCCATCGGT,0,4301838
yadI_predicted,0.25,3,3,CGGCATCTAACGATCAGTTT,0,4291998
yadI_predicted,0.25,3,3,CGGATCACACTAAGTCCAAA,0,4317384
yadI_predicted,0.25,3,3,CGGATACGTCAGGTTAACTT,0,4311974
yadI_predicted,0.25,3,3,CGGATAAACGGCGGAGTCTG,0,4285326
yadI_predicted,0.25,3,3,CGGAGGTCCACCTGGCAATG,0,4347511
yadI_predicted,0.25,3,3,CGGAGGCTGACCGCCCAATG,0,4312898
yadI_predicted,0.25,3,3,CGGAGCTACCGAAGTGACGG,0,4294364
yadI_predicted,0.25,3,3,CGGAGATTTTTATGCAAGGG,0,4367394
yadI_predicted,0.25,3,3,CGGAGATGTGAAAGTGCCTG,0,4303437
yadI_predicted,0.25,3,3,CGGACGGCATTTCATCTAGT,0,4355442
yadI_predicted,0.25,3,3,CGGACGCGTGCTGGGACTCC,0,4319716
yadI_predicted,0.25,3,3,CGGACCCTACACGCGGATTA,0,4297771
yadI_predicted,0.25,3,3,CGGACCACGAACGTAACCTA,0,4352818
yadI_predicted,0.25,3,3,CGGACATCTTAGCTATTCCC,0,4330426
yadI_predicted,0.25,3,3,CGGACAACGAGTTTGATATA,0,4342844
yadI_predicted,0.25,3,3,CGCTTGTTTCTGTAGGGATA,0,4328243
yadI_predicted,0.25,3,3,CGCTTGCTCCCTCATACGCT,0,4308390
yadI_predicted,0.25,3,3,CGCTGGGCCGCAGAAAAAAA,0,4311358
yadI_predicted,0.25,3,3,CGCTGAGCTCGTGTGATCCT,0,4331421
yadI_predicted,0.25,3,3,CGCTAAACCGATTTCAGCGT,0,4307334
yadI_predicted,0.25,3,3,CGCGTTTCCGCCGCTCTTTA,0,4312795
yadI_predicted,0.25,3,3,CGCGTCGCGGGTAGGTCAGT,0,4297075
yadI_predicted,0.25,3,3,CGCGTCAAGTAAGTGCAGCT,0,4340507
yadI_predicted,0.25,3,3,CGCGGTCGGGCTAGCGTTCT,0,4365406
yadI_predicted,0.25,3,3,CGCGGGTGACGGCGGCCTGA,0,4333347
yadI_predicted,0.25,3,3,CGCGAGAGGGAGTCAAAGTG,0,4303059
yadI_predicted,0.25,3,3,CGCCTTTAAAATCAGTCTAT,0,4342761
yadI_predicted,0.25,3,3,CGCCTGCCGGTCGTGGGCGA,0,4344553
yadI_predicted,0.25,3,3,CGCCGCGCGGTGGGTTAGCA,0,4357205
yadI_predicted,0.25,3,3,CGCCGACCGGCCACCTCTGC,0,4368498
yadI_predicted,0.25,3,3,CGCCCGACTGAAACCATCCT,0,4317654
yadI_predicted,0.25,3,3,CGCCCAAAGTTGGGTATTGC,0,4304491
yadI_predicted,0.25,3,3,CGCCATAACTCCACAACCTG,0,4355292
yadI_predicted,0.25,3,3,CGCATCTCCTCTTCGTATTA,0,4369603
yadI_predicted,0.25,3,3,CGCATCGAAAAGTGGATAAA,0,4306191
yadI_predicted,0.25,3,3,CGCAGACATGGCCGTTCACA,0,4307002
yadI_predicted,0.25,3,3,CGCACCGTGCGGATGAGCGT,0,4311860
yadI_predicted,0.25,3,3,CGCACAGTTGTAGAGAATTA,0,4293027
yadI_predicted,0.25,3,3,CGCACACCGCAATAAAGGAA,0,4319255
yadI_predicted,0.25,3,3,CGCAACGCCAAGCAAGGGTA,0,4324219
yadI_predicted,0.25,3,3,CGATTACATCCTATATCGGG,0,4293452
yadI_predicted,0.25,3,3,CGATGTGGTCGTCGGGATTT,0,4295798
yadI_predicted,0.25,3,3,CGATCTGACACCATGGATGG,0,4344547
yadI_predicted,0.25,3,3,CGATAGAATCACGTTCCGTA,0,4324233
yadI_predicted,0.25,3,3,CGAGTTCGCAGGGACGCTCG,0,4331968
yadI_predicted,0.25,3,3,CGAGTTCACCTCGTAATGTG,0,4290121
yadI_predicted,0.25,3,3,CGAGTCAGAAACTCTACTTG,0,4338354
yadI_predicted,0.25,3,3,CGAGGTTTCGATCTTAATTA,0,4332978
yadI_predicted,0.25,3,3,CGAGCTAATTAGCTCCACCT,0,4315966
yadI_predicted,0.25,3,3,CGAGCCTGTTGGCACCTATC,0,4303550
yadI_predicted,0.25,3,3,CGAGCATGGTGTGGAGGGTG,0,4368439
yadI_predicted,0.25,3,3,CGAGAAAATTCTGTGTCAGT,0,4339501
yadI_predicted,0.25,3,3,CGACTGGCTTACTGGATCAT,0,4351940
yadI_predicted,0.25,3,3,CGACGGTGAGTTGCAATGCA,0,4369073
yadI_predicted,0.25,3,3,CGACGCCTGCTGCTATAAGT,0,4336669
yadI_predicted,0.25,3,3,CGACGCCCGAAGTCGCCTAT,0,4289009
yadI_predicted,0.25,3,3,CGACCAGTGCCCAAAACTTG,0,4340266
yadI_predicted,0.25,3,3,CGACAGTATGTGGTGCGGGT,0,4323637
yadI_predicted,0.25,3,3,CGACAATTTTATCACACCGG,0,4368493
yadI_predicted,0.25,3,3,CGACAACATCGCATACTGCT,0,4307999
yadI_predicted,0.25,3,3,CGAATTTGTGGGGGTAACTT,0,4335210
yadI_predicted,0.25,3,3,CGAATGCAGTGCCTTGGGAT,0,4330568
yadI_predicted,0.25,3,3,CGAATCTCCCGTTAATCCAT,0,4335833
yadI_predicted,0.25,3,3,CGAAGCACTCCCTATCGCGT,0,4358469
yadI_predicted,0.25,3,3,CGAAGATTTTACGCTAGACC,0,4347570
yadI_predicted,0.25,3,3,CGAAGAGCTAACCGGAGAGT,0,4331834
yadI_predicted,0.25,3,3,CGAAGACCTCAGTGTCCCGG,0,4334002
yadI_predicted,0.25,3,3,CGAACTGGTTGCGGCTCACT,0,4316497
yadI_predicted,0.25,3,3,CCTTTGTGTACCGCAGAACG,0,4358668
yadI_predicted,0.25,3,3,CCTTTGAAAACTAGAGCGAT,0,4353333
yadI_predicted,0.25,3,3,CCTTTCGCGCAATCTATGAG,0,4284481
yadI_predicted,0.25,3,3,CCTTGTCTTCCTCCTGCTTT,0,4345836
yadI_predicted,0.25,3,3,CCTTGTCCGCCCTGCGCCAA,0,4359077
yadI_predicted,0.25,3,3,CCTTGGTGCTTAAGCTTGGA,0,4337829
yadI_predicted,0.25,3,3,CCTTGGGGAGTTGCGCGGGG,0,4353383
yadI_predicted,0.25,3,3,CCTTGATACACCCGGGGTTC,0,4293655
yadI_predicted,0.25,3,3,CCTTCTGCTCTCGTGAAAGA,0,4351896
yadI_predicted,0.25,3,3,CCTTCCCTATTTGTTCGTAA,0,4313326
yadI_predicted,0.25,3,3,CCTTCCAAATCCCGTGGCAT,0,4357563
yadI_predicted,0.25,3,3,CCTTCACACATAAAGCAGAT,0,4363556
yadI_predicted,0.25,3,3,CCTTAAGACTTCCACGTTTC,0,4295127
yadI_predicted,0.25,3,3,CCTGTTTGCGTTGGGAGATA,0,4346736
yadI_predicted,0.25,3,3,CCTGTATAACCCCATTAATC,0,4366838
yadI_predicted,0.25,3,3,CCTGGCACACGGTTAATGAA,0,4363773
yadI_predicted,0.25,3,3,CCTGGCAACCCCGTCGTTCC,0,4315309
yadI_predicted,0.25,3,3,CCTGCTATCGTCACAGTGCG,0,4358034
yadI_predicted,0.25,3,3,CCTGCACGGCTTAAGGAGTG,0,4366467
yadI_predicted,0.25,3,3,CCTGAATTGTTACTTAGCGC,0,4348763
yadI_predicted,0.25,3,3,CCTGAAGGATGCCAGCCGCA,0,4362655
yadI_predicted,0.25,3,3,CCTCTTTCCTGGGCCAGGTA,0,4363312
yadI_predicted,0.25,3,3,CCTCGCTCGCATGTCTAAGG,0,4348610
yadI_predicted,0.25,3,3,CCTCCGCGGCTTTGGTACCC,0,4353495
yadI_predicted,0.25,3,3,CCTCCGAAAGAGTGGGGATC,0,4316567
yadI_predicted,0.25,3,3,CCTCCCGATAGTAAGACACA,0,4288505
yadI_predicted,0.25,3,3,CCTCATTTGGGAAAAGTTGA,0,4313752
yadI_predicted,0.25,3,3,CCTCAGCGAACCTCTCCCAG,0,4298955
yadI_predicted,0.25,3,3,CCTCAGCAGGTAGCACCCAC,0,4356373
yadI_predicted,0.25,3,3,CCTCAGAGGCTTGCAAACAA,0,4324070
yadI_predicted,0.25,3,3,CCTATGCTCAGGATATAATT,0,4317132
yadI_predicted,0.25,3,3,CCTAGTTACCCTCATCCACA,0,4321020
yadI_predicted,0.25,3,3,CCTAGTATCAAATGCTAGAG,0,4313442
yadI_predicted,0.25,3,3,CCTACGGCGGATGAAGGACC,0,4305129
yadI_predicted,0.25,3,3,CCTAAGTGTAAAGATGAACG,0,4304208
yadI_predicted,0.25,3,3,CCTAACCAGCTCAACACTTC,0,4303607
yadI_predicted,0.25,3,3,CCGTTGTACAGCCGCATTCG,0,4367740
yadI_predicted,0.25,3,3,CCGTTACAAAGTGGCTGTAC,0,4293181
yadI_predicted,0.25,3,3,CCGTGTGATCCGATCTGAGC,0,4285747
yadI_predicted,0.25,3,3,CCGTGGTATAAGAGAATAGG,0,4339588
yadI_predicted,0.25,3,3,CCGTGACGGCTGCTCTAATA,0,4359097
yadI_predicted,0.25,3,3,CCGTCTTGGTAGTGGGTCAG,0,4326112
yadI_predicted,0.25,3,3,CCGTCTCTCGCCTAGATGCC,0,4340957
yadI_predicted,0.25,3,3,CCGTCCAATGCAGCGGCAGA,0,4335605
yadI_predicted,0.25,3,3,CCGTATCGAGCGGCTTAGCG,0,4338552
yadI_predicted,0.25,3,3,CCGGTATGACGAAAGAACCC,0,4309787
yadI_predicted,0.25,3,3,CCGGTAAGCCGGGGTGAGGA,0,4297220
yadI_predicted,0.25,3,3,CCGGGCTTCCTCCCCGCGTC,0,4309816
yadI_predicted,0.25,3,3,CCGGCCCAGGTTACCTATTG,0,4318458
yadI_predicted,0.25,3,3,CCGGATCGGAATTCTTGCTA,0,4347990
yadI_predicted,0.25,3,3,CCGGACCCGGGCAAACTTGC,0,4334856
yadI_predicted,0.25,3,3,CCGGAAAGGGACGCCCGTCT,0,4305087
yadI_predicted,0.25,3,3,CCGCTTCCCGCACCTCCTCG,0,4298398
yadI_predicted,0.25,3,3,CCGCTGCGTGGATAATAGTG,0,4340930
yadI_predicted,0.25,3,3,CCGCTCTCATTACCGGGGTA,0,4369664
yadI_predicted,0.25,3,3,CCGCTCCATCTTTTGGCGAA,0,4340192
yadI_predicted,0.25,3,3,CCGCTCCAACATTGAGTCAT,0,4327798
yadI_predicted,0.25,3,3,CCGCTCATTCTTTGGTAATT,0,4319746
yadI_predicted,0.25,3,3,CCGCGCTTAAATCTGCGGAT,0,4317795
yadI_predicted,0.25,3,3,CCGCAGGATGCGTTTATACA,0,4337197
yadI_predicted,0.25,3,3,CCGCAGAGCAATCGGGTACA,0,4298947
yadI_predicted,0.25,3,3,CCGATTGGGGCCGTGCTTGC,0,4289301
yadI_predicted,0.25,3,3,CCGAGATCGCCCATCCGTTC,0,4318356
yadI_predicted,0.25,3,3,CCGACTTATGGTCTGGGAGG,0,4340409
yadI_predicted,0.25,3,3,CCGACACGCAAGAGTAGACC,0,4318119
yadI_predicted,0.25,3,3,CCGAAGATCTACCGACATTG,0,4295306
yadI_predicted,0.25,3,3,CCGAAAGGTTACATGTATAT,0,4319621
yadI_predicted,0.25,3,3,CCGAAACGCCGACTTGTGCG,0,4346765
yadI_predicted,0.25,3,3,CCCTGTTCGTCTATGTGCTT,0,4319504
yadI_predicted,0.25,3,3,CCCTGGAGTACGAGCCATGG,0,4309628
yadI_predicted,0.25,3,3,CCCTGGACGCGATATCGTGG,0,4310020
yadI_predicted,0.25,3,3,CCCTGACCACAGCCCAAAAA,0,4299866
yadI_predicted,0.25,3,3,CCCTCGTACATCGCACTTAC,0,4358932
yadI_predicted,0.25,3,3,CCCGTGTTTCGAAGCAGAGT,0,4299184
yadI_predicted,0.25,3,3,CCCGGTTCGTCATCCTTGAA,0,4366806
yadI_predicted,0.25,3,3,CCCGGGGAAGTGATGCGACC,0,4359455
yadI_predicted,0.25,3,3,CCCGGCTCAGGGCAGACTCG,0,4329517
yadI_predicted,0.25,3,3,CCCGGATGTAGCATAGTCTG,0,4315599
yadI_predicted,0.25,3,3,CCCGGATCAACAACCGCAGG,0,4286459
yadI_predicted,0.25,3,3,CCCGGAGCAATAACTGGTTT,0,4318265
yadI_predicted,0.25,3,3,CCCGCTCAACTTAATACGCA,0,4332584
yadI_predicted,0.25,3,3,CCCGAGGCTCATGCATTCTA,0,4338391
yadI_predicted,0.25,3,3,CCCGACACTTAAGCGTCGTG,0,4336552
yadI_predicted,0.25,3,3,CCCCGTTAAATTAGCTACAT,0,4345174
yadI_predicted,0.25,3,3,CCCCGTGGTGTAATCCCTAG,0,4364080
yadI_predicted,0.25,3,3,CCCCGCAGTCCCACTGGGTG,0,4293382
yadI_predicted,0.25,3,3,CCCCCTCATCAGATGCTGCT,0,4337185
yadI_predicted,0.25,3,3,CCCCCGACCACGTTGGCAAG,0,4313764
yadI_predicted,0.25,3,3,CCCAGTACATTCGGTAGCGT,0,4367584
yadI_predicted,0.25,3,3,CCCAGGACGCGCGAGTGAGC,0,4302110
yadI_predicted,0.25,3,3,CCCAGAGGGGTGTTGGATGC,0,4288525
yadI_predicted,0.25,3,3,CCCAGAGGGGGGGCGTCGAG,0,4285009
yadI_predicted,0.25,3,3,CCCACTATCCTATTCGGGCT,0,4349940
yadI_predicted,0.25,3,3,CCCACCGACGGTCCGTCTAA,0,4305314
yadI_predicted,0.25,3,3,CCCAAGACGCAAATAAGGAT,0,4295188
yadI_predicted,0.25,3,3,CCCAACTATTGTTCGGCGCA,0,4288238
yadI_predicted,0.25,3,3,CCCAACCATTCCAAGTGTGG,0,4287759
yadI_predicted,0.25,3,3,CCATTTTACCCCCCTTGCTA,0,4361409
yadI_predicted,0.25,3,3,CCATTGGTCGCGGCGTCTGG,0,4350468
yadI_predicted,0.25,3,3,CCATTACGACTCGGATGCCG,0,4367429
yadI_predicted,0.25,3,3,CCATGTCATTCGGTGCGCGC,0,4342533
yadI_predicted,0.25,3,3,CCATGCAACACGACAACAGG,0,4328582
yadI_predicted,0.25,3,3,CCATCGTCTGCAGCCAAGCC,0,4363120
yadI_predicted,0.25,3,3,CCATACTGGGGGAGCCCTCA,0,4337815
yadI_predicted,0.25,3,3,CCATACGGCGTAGCCAGGGG,0,4313685
yadI_predicted,0.25,3,3,CCAGGCCACAGGGATTGGCT,0,4299780
yadI_predicted,0.25,3,3,CCAGCTTTGCGGCGCTCGGG,0,4322111
yadI_predicted,0.25,3,3,CCAGCTCGTCGAGCTGAGGT,0,4358506
yadI_predicted,0.25,3,3,CCAGCGTTTCGCCCGATTAA,0,4319449
yadI_predicted,0.25,3,3,CCAGCCGCTCGTGATCAAGT,0,4285961
yadI_predicted,0.25,3,3,CCAGATGATCAGGGGCGTTC,0,4313472
yadI_predicted,0.25,3,3,CCACGTAGCTTTCGGACATC,0,4308329
yadI_predicted,0.25,3,3,CCACGAAGATCCTCCTAGCT,0,4285190
yadI_predicted,0.25,3,3,CCACCGAGAACCTGGGTACT,0,4298821
yadI_predicted,0.25,3,3,CCACATCGTTTATGGGAGCC,0,4347502
yadI_predicted,0.25,3,3,CCAATAAGTTACTGCTGGTC,0,4344906
yadI_predicted,0.25,3,3,CCAAGACTCGGGCACTGGTA,0,4343597
yadI_predicted,0.25,3,3,CCAACTCCCGTGCTCACGGA,0,4350560
yadI_predicted,0.25,3,3,CCAACGGTAGGTGTAACCAG,0,4350488
yadI_predicted,0.25,3,3,CCAAATGCTTAGAATAATTG,0,4302394
yadI_predicted,0.25,3,3,CCAAATACAGTGAGCCATGC,0,4300091
yadI_predicted,0.25,3,3,CCAAAACAGCGGATTTAATC,0,4290297
yadI_predicted,0.25,3,3,CCAAAAAGCCTCGAAGTTTT,0,4302317
yadI_predicted,0.25,3,3,CATTTGCCAAATAAGATAAG,0,4302878
yadI_predicted,0.25,3,3,CATTTATTTCTGGTCGACTG,0,4314521
yadI_predicted,0.25,3,3,CATTGGGTTCTTCTACCTAC,0,4320500
yadI_predicted,0.25,3,3,CATTGGGCTGGAGCTACAAG,0,4344153
yadI_predicted,0.25,3,3,CATTCGATGAGGGCTGGGTC,0,4321803
yadI_predicted,0.25,3,3,CATTCAAGAAGTAAAAGGCA,0,4311539
yadI_predicted,0.25,3,3,CATTAGTCTTGCCCCACCTC,0,4328695
yadI_predicted,0.25,3,3,CATTAGGTCTTTTGCCAGGC,0,4293968
yadI_predicted,0.25,3,3,CATTAACTGTGCCTTTCGTT,0,4365011
yadI_predicted,0.25,3,3,CATGTGCCAGAACATTTACA,0,4326524
yadI_predicted,0.25,3,3,CATGTGCATTTTCCACCATG,0,4333460
yadI_predicted,0.25,3,3,CATGGTTTTGAAGCACGAAT,0,4288562
yadI_predicted,0.25,3,3,CATGCGCGACAATGTAACAA,0,4293309
yadI_predicted,0.25,3,3,CATGCCTAGAGAGACCGACA,0,4288488
yadI_predicted,0.25,3,3,CATGAGACTACTTCGGGGTC,0,4317549
yadI_predicted,0.25,3,3,CATGAATGCGCCTTATAGCC,0,4367924
yadI_predicted,0.25,3,3,CATCTTTTCACTTGCTCTTG,0,4286151
yadI_predicted,0.25,3,3,CATCTTAACCTCTACCACGC,0,4307378
yadI_predicted,0.25,3,3,CATCTGGTCGGTTGTGGTTC,0,4369273
yadI_predicted,0.25,3,3,CATCTGCAAGCTTACAACAA,0,4365009
yadI_predicted,0.25,3,3,CATATTTGATAATTCTCAAT,0,4291271
yadI_predicted,0.25,3,3,CATAGTGGAACATACGTAGT,0,4356553
yadI_predicted,0.25,3,3,CATAGAGAGCCTCACTGTAT,0,4307325
yadI_predicted,0.25,3,3,CATACGGGTTCACATTTTCT,0,4309795
yadI_predicted,0.25,3,3,CATAACATACTGTGGTCCAA,0,4310840
yadI_predicted,0.25,3,3,CAGTGTACCGCGAGGTCACT,0,4340386
yadI_predicted,0.25,3,3,CAGTGGCTGGACAAAGGGTT,0,4288144
yadI_predicted,0.25,3,3,CAGTCCTCGTTAGCTGGGTG,0,4329365
yadI_predicted,0.25,3,3,CAGTCAGGTATTAAGTTTAT,0,4335642
yadI_predicted,0.25,3,3,CAGTAGTGGCTCATCTTTGG,0,4349841
yadI_predicted,0.25,3,3,CAGTAGAGGGACTATAGGTT,0,4299358
yadI_predicted,0.25,3,3,CAGTACCGACTTTACGTGGC,0,4289402
yadI_predicted,0.25,3,3,CAGGTTTAGCTATTTGTCTA,0,4357826
yadI_predicted,0.25,3,3,CAGGTGAGGGCTCATGTCTT,0,4284963
yadI_predicted,0.25,3,3,CAGGTATTAGGTTCTAGAGA,0,4357658
yadI_predicted,0.25,3,3,CAGGTAGCCAGCTGCGGTAA,0,4368174
yadI_predicted,0.25,3,3,CAGGGGGATTAGGTCTGGAT,0,4330730
yadI_predicted,0.25,3,3,CAGGCATTGTCCTTTACTGC,0,4301006
yadI_predicted,0.25,3,3,CAGGATATAACTCTCGGTGC,0,4369581
yadI_predicted,0.25,3,3,CAGGAGCGTAGATGCTAAAA,0,4335177
yadI_predicted,0.25,3,3,CAGCTCTTAGTTGTATCTGT,0,4366787
yadI_predicted,0.25,3,3,CAGCGCTCATAGTTGAATGT,0,4346169
yadI_predicted,0.25,3,3,CAGCAGGTCTTAGCTTAGCG,0,4342681
yadI_predicted,0.25,3,3,CAGCACCGAACCCGGGGCAT,0,4322148
yadI_predicted,0.25,3,3,CAGATTAGAGGCATACAGGT,0,4341385
yadI_predicted,0.25,3,3,CAGATGTATACAGGGAGGGG,0,4296516
yadI_predicted,0.25,3,3,CAGAGGTGTTCTCTATCCCA,0,4310223
yadI_predicted,0.25,3,3,CAGAGCCTCAACCCGGGTAT,0,4285025
yadI_predicted,0.25,3,3,CAGAGCCGAGGCGTCGCGAC,0,4289374
yadI_predicted,0.25,3,3,CAGACTTTGGAATCGGTGGT,0,4323898
yadI_predicted,0.25,3,3,CAGACCGTGTGATAGAAGCC,0,4331063
yadI_predicted,0.25,3,3,CAGAATTTTTAACGCGCAAC,0,4314003
yadI_predicted,0.25,3,3,CAGAATTCATAATGCACCTG,0,4286582
yadI_predicted,0.25,3,3,CAGAATAACACACCGACCTC,0,4306190
yadI_predicted,0.25,3,3,CAGAAGTGCTCACGCCATCC,0,4362384
yadI_predicted,0.25,3,3,CAGAAATTAGAAGTGGTTAC,0,4326306
yadI_predicted,0.25,3,3,CACTTGATTGGATCAGAGGA,0,4354872
yadI_predicted,0.25,3,3,CACTTCGGTCTTGGGGGTGA,0,4320504
yadI_predicted,0.25,3,3,CACTTCGCCAAGCTTGCGGT,0,4287260
yadI_predicted,0.25,3,3,CACTTCCTGGTGCTGCGCGC,0,4356598
yadI_predicted,0.25,3,3,CACTGTTGAGGTGCTCCGTA,0,4300658
yadI_predicted,0.25,3,3,CACTGGGTGTCAGTGTTTGT,0,4292645
yadI_predicted,0.25,3,3,CACTGACCGTCAGTTCCCAT,0,4363324
yadI_predicted,0.25,3,3,CACTCTCCGAAAACTAAATT,0,4323225
yadI_predicted,0.25,3,3,CACTACTTGTTGATAGGGGT,0,4305421
yadI_predicted,0.25,3,3,CACTACCGCATATCCGGAGT,0,4362886
yadI_predicted,0.25,3,3,CACGTCACCGGAGTAAACCC,0,4354375
yadI_predicted,0.25,3,3,CACGGTAAACAATAGGTATC,0,4289257
yadI_predicted,0.25,3,3,CACGGGTGACGCCGCAGTAG,0,4369973
yadI_predicted,0.25,3,3,CACGGAGGATTGAAGAGTCT,0,4312737
yadI_predicted,0.25,3,3,CACGCCGTACAAAAACCGCA,0,4360796
yadI_predicted,0.25,3,3,CACGCAGTCAGTTGCGGGGC,0,4327388
yadI_predicted,0.25,3,3,CACGATTGCAGATTTCCATC,0,4350900
yadI_predicted,0.25,3,3,CACGAGGAACTGCTTCCATC,0,4350881
yadI_predicted,0.25,3,3,CACCTCCCATTTCCCCAAAG,0,4349758
yadI_predicted,0.25,3,3,CACCCTGGCAGATAACAGAG,0,4328423
yadI_predicted,0.25,3,3,CACCCCCCAGGTACCGGGGC,0,4351967
yadI_predicted,0.25,3,3,CACATGCATGGAGACTGTTT,0,4296886
yadI_predicted,0.25,3,3,CACAGTTCGCCGCTAGACAC,0,4335563
yadI_predicted,0.25,3,3,CACAGGCGGAGGGGCGATTG,0,4336684
yadI_predicted,0.25,3,3,CACAGCTCAGGGCACACCTC,0,4337834
yadI_predicted,0.25,3,3,CACACGATGCTTCAAATAGG,0,4317827
yadI_predicted,0.25,3,3,CACACCCTCTGAGCAGCGGG,0,4349459
yadI_predicted,0.25,3,3,CACACATAACTTCATCTGTC,0,4347154
yadI_predicted,0.25,3,3,CACAAGTGTGTAGCCTCAAC,0,4316356
yadI_predicted,0.25,3,3,CAATTTATTGGGGAGCGATT,0,4288324
yadI_predicted,0.25,3,3,CAATTGATATCCGGTGGTGT,0,4328867
yadI_predicted,0.25,3,3,CAATTCAATGCCTGATGTCA,0,4350724
yadI_predicted,0.25,3,3,CAATGCCCTGGTAAATGGCT,0,4285478
yadI_predicted,0.25,3,3,CAATCAGGGTGGTAGGCCAG,0,4362287
yadI_predicted,0.25,3,3,CAATAATCTAGCAATACAGA,0,4330772
yadI_predicted,0.25,3,3,CAATAAACCTCCGGTCATTC,0,4314178
yadI_predicted,0.25,3,3,CAAGTTATATCCTATTCACG,0,4369107
yadI_predicted,0.25,3,3,CAAGTTAGCGTGCAATCCGC,0,4284692
yadI_predicted,0.25,3,3,CAAGTGCCAATACTCCCCAA,0,4332100
yadI_predicted,0.25,3,3,CAAGTCTTACTAGCACAAAT,0,4285613
yadI_predicted,0.25,3,3,CAAGTATTGGAGCCGCATTA,0,4302559
yadI_predicted,0.25,3,3,CAAGTAGGCGCGCACATTAG,0,4320624
yadI_predicted,0.25,3,3,CAAGGCATATCTCTGCTATA,0,4309235
yadI_predicted,0.25,3,3,CAAGGACTATTACCGCGCGA,0,4325403
yadI_predicted,0.25,3,3,CAAGCATTACAGAGATAGCA,0,4350194
yadI_predicted,0.25,3,3,CAAGAAGCTTACCCTGGGTT,0,4334490
yadI_predicted,0.25,3,3,CAACTGGATAGGAAGTTTTC,0,4357018
yadI_predicted,0.25,3,3,CAACTGCCGTCAGACCGCTT,0,4363041
yadI_predicted,0.25,3,3,CAACGCATTTAAAGTGTACC,0,4287587
yadI_predicted,0.25,3,3,CAACCCCGCGAACAACGCTG,0,4304821
yadI_predicted,0.25,3,3,CAACACTGTCGGGCTCTGTC,0,4312210
yadI_predicted,0.25,3,3,CAAATGTAAAAGGAAATGCG,0,4305257
yadI_predicted,0.25,3,3,CAAATGCCCATCCGAGGATC,0,4344783
yadI_predicted,0.25,3,3,CAAATAGAACACCACATGTC,0,4321529
yadI_predicted,0.25,3,3,CAAACTTCTGTAGTGTAGGG,0,4363067
yadI_predicted,0.25,3,3,ATTTTGAGACGGAGAGGTGC,0,4330988
yadI_predicted,0.25,3,3,ATTTTGACGGATGGCATCCT,0,4361320
yadI_predicted,0.25,3,3,ATTTTCGGGTGGTTAGCCTA,0,4365082
yadI_predicted,0.25,3,3,ATTTTCGCAGTATTTACCAT,0,4291386
yadI_predicted,0.25,3,3,ATTTTATCTGCAGATCGGGA,0,4315069
yadI_predicted,0.25,3,3,ATTTTACACTGACCGTGTGG,0,4319160
yadI_predicted,0.25,3,3,ATTTGAGTCATGATCTTTTA,0,4285587
yadI_predicted,0.25,3,3,ATTTGAGTAGCGGCTTGGAG,0,4312892
yadI_predicted,0.25,3,3,ATTTCTTAAGCTAAGCTAGC,0,4352123
yadI_predicted,0.25,3,3,ATTTCATAACCGGTGACCAC,0,4354562
yadI_predicted,0.25,3,3,ATTTCAAGTCAGCGGCCCCC,0,4288922
yadI_predicted,0.25,3,3,ATTTAGTAGCGCATATGCTC,0,4319750
yadI_predicted,0.25,3,3,ATTTACCCCCTCCTGATGAA,0,4286360
yadI_predicted,0.25,3,3,ATTGTTTCCCTTGGTTCTCA,0,4345446
yadI_predicted,0.25,3,3,ATTGTGAGATCACAATGGCC,0,4309487
yadI_predicted,0.25,3,3,ATTGTCCGCCGATCAGTGTG,0,4352427
yadI_predicted,0.25,3,3,ATTGGTATCAATTACGCACT,0,4318064
yadI_predicted,0.25,3,3,ATTGGGCTGCCCGGTAGTTC,0,4336138
yadI_predicted,0.25,3,3,ATTGGATCACCACCGCTAAT,0,4364063
yadI_predicted,0.25,3,3,ATTGCGGTGCATAGTTAGCT,0,4352437
yadI_predicted,0.25,3,3,ATTGATGTGTAGGTTCTTGT,0,4299795
yadI_predicted,0.25,3,3,ATTGATGTATGCGGACAGGG,0,4310222
yadI_predicted,0.25,3,3,ATTGATAACGATTCGCTGGT,0,4296951
yadI_predicted,0.25,3,3,ATTGAGGTGGAATGGCCCGT,0,4287766
yadI_predicted,0.25,3,3,ATTCTTTGTAGTACCGTTGC,0,4330053
yadI_predicted,0.25,3,3,ATTCTCGCATACCCTTTGAC,0,4340766
yadI_predicted,0.25,3,3,ATTCTACAACTAGGTGCCAG,0,4330298
yadI_predicted,0.25,3,3,ATTCGTTGGTCCTTTTCCCG,0,4347779
yadI_predicted,0.25,3,3,ATTCGCAACTCGGGGTAAGT,0,4298478
yadI_predicted,0.25,3,3,ATTCCGGGGTCAAGGGGTGG,0,4337024
yadI_predicted,0.25,3,3,ATTCACTCTCCACATCATCA,0,4307449
yadI_predicted,0.25,3,3,ATTATTATGCGCTCTGACTT,0,4326409
yadI_predicted,0.25,3,3,ATTATGCCAACTCTGCATAG,0,4332052
yadI_predicted,0.25,3,3,ATTATCAAGTGCCGCATCCA,0,4314701
yadI_predicted,0.25,3,3,ATTAGCTATACGGTCACTGC,0,4300936
yadI_predicted,0.25,3,3,ATTACGGACCGAACGTGGAA,0,4307556
yadI_predicted,0.25,3,3,ATTACGACGAAAGGTGCGCC,0,4354353
yadI_predicted,0.25,3,3,ATTAAGGATGGTCGGTTAGT,0,4348985
yadI_predicted,0.25,3,3,ATTAAGCAGCATTGTGCGGG,0,4316043
yadI_predicted,0.25,3,3,ATGTTATTATTCTCATAAAG,0,4336590
yadI_predicted,0.25,3,3,ATGTTAATCAACGTTATTCG,0,4308857
yadI_predicted,0.25,3,3,ATGTGAATCGAATCCTTAGC,0,4297551
yadI_predicted,0.25,3,3,ATGTCCGTCGCACCGTCGCA,0,4287692
yadI_predicted,0.25,3,3,ATGTCACTCAGTCCACCAGG,0,4351172
yadI_predicted,0.25,3,3,ATGTATGGGGGAACGGGAGT,0,4332092
yadI_predicted,0.25,3,3,ATGTACCTAATCAGAACCAG,0,4329465
yadI_predicted,0.25,3,3,ATGTAACTCCAGACATACAT,0,4309107
yadI_predicted,0.25,3,3,ATGGTACAACAACGCCACGC,0,4323282
yadI_predicted,0.25,3,3,ATGGGGAAATAAGGTCACAA,0,4293725
yadI_predicted,0.25,3,3,ATGGCTACGTGTTCACATGT,0,4297146
yadI_predicted,0.25,3,3,ATGGAGTGAACCATAATACT,0,4326339
yadI_predicted,0.25,3,3,ATGGAGGCGCTTCGGTCCTA,0,4335393
yadI_predicted,0.25,3,3,ATGGACTGTGGCCCTCAGTC,0,4351693
yadI_predicted,0.25,3,3,ATGGACAAACAACGAGTGCA,0,4288893
yadI_predicted,0.25,3,3,ATGGAATGTAGTAGACCCAT,0,4365241
yadI_predicted,0.25,3,3,ATGGAAGGAGGTGGGACCTC,0,4327223
yadI_predicted,0.25,3,3,ATGCTAATAGATACTCACTA,0,4339656
yadI_predicted,0.25,3,3,ATGCGCGTGCAGACGGTAAG,0,4335540
yadI_predicted,0.25,3,3,ATGCGAGGTGTCAGCGTGAG,0,4317388
yadI_predicted,0.25,3,3,ATGCCCCAGGATTAGGACAT,0,4290949
yadI_predicted,0.25,3,3,ATGCATGCTAGAATCGGTGT,0,4348504
yadI_predicted,0.25,3,3,ATGCACGGTACCGGACACGA,0,4334561
yadI_predicted,0.25,3,3,ATGCAAGTGGGACGCTCTAA,0,4322081
yadI_predicted,0.25,3,3,ATGCAAAAGCTGATAGAGGT,0,4359519
yadI_predicted,0.25,3,3,ATGATTCGGATGATTCATGT,0,4310759
yadI_predicted,0.25,3,3,ATGATGTTCAGTAGCGAGTA,0,4319374
yadI_predicted,0.25,3,3,ATGATGAAGAGGGGTGGTCG,0,4317566
yadI_predicted,0.25,3,3,ATGATACAATGGGTCCTCTT,0,4298124
yadI_predicted,0.25,3,3,ATGATAATTCCGGGAAAGAG,0,4337847
yadI_predicted,0.25,3,3,ATGATAAACCAAAGGAAGAT,0,4297899
yadI_predicted,0.25,3,3,ATGAGTGCTTATATTTGCCT,0,4288079
yadI_predicted,0.25,3,3,ATGAGTAACGCGCGAACACA,0,4360782
yadI_predicted,0.25,3,3,ATGAGGTTTACATATATTGC,0,4305589
yadI_predicted,0.25,3,3,ATGAGCGGACCGCCATCGTT,0,4338620
yadI_predicted,0.25,3,3,ATGACTCGAGTCAACTGGGC,0,4306243
yadI_predicted,0.25,3,3,ATGACGTGTGACACGAGTGA,0,4356408
yadI_predicted,0.25,3,3,ATGACGTGATATGATATTCC,0,4324198
yadI_predicted,0.25,3,3,ATGAAGAAGTCGTGCCTCAT,0,4291988
yadI_predicted,0.25,3,3,ATGAACCAGGCGCCGTAATC,0,4330153
yadI_predicted,0.25,3,3,ATCTTTGGCTGCTGATGGTA,0,4340423
yadI_predicted,0.25,3,3,ATCTTCGTTTCAAGTTAATT,0,4367385
yadI_predicted,0.25,3,3,ATCTGTGTAGCGCTGAGCCG,0,4359414
yadI_predicted,0.25,3,3,ATCTGAGCATATTTTATCGG,0,4323478
yadI_predicted,0.25,3,3,ATCTCTGTACTACCTTAACA,0,4333389
yadI_predicted,0.25,3,3,ATCTCAATTGGACAACTGCG,0,4330557
yadI_predicted,0.25,3,3,ATCGTATTAAACATACGCGT,0,4314738
yadI_predicted,0.25,3,3,ATCGGTCCTCCATGGCTACT,0,4329853
yadI_predicted,0.25,3,3,ATCGGCAGGCAGCAGTCGTT,0,4296025
yadI_predicted,0.25,3,3,ATCGGACCTCTGCGTATGAC,0,4327471
yadI_predicted,0.25,3,3,ATCGCGAATTCATTAGCGTC,0,4355120
yadI_predicted,0.25,3,3,ATCGATTTCACTATTAGGAA,0,4327094
yadI_predicted,0.25,3,3,ATCGATCGGTCAAACGCGTT,0,4359851
yadI_predicted,0.25,3,3,ATCCTTCCACGCCGATCGTA,0,4353248
yadI_predicted,0.25,3,3,ATCCCAAGCTGAGGTTCCTG,0,4363185
yadI_predicted,0.25,3,3,ATCCATGGCATTTCATTAAG,0,4326600
yadI_predicted,0.25,3,3,ATCCAGGGGCAATGTATGAC,0,4366483
yadI_predicted,0.25,3,3,ATCCAGCCAGCGGTTGACTA,0,4338614
yadI_predicted,0.25,3,3,ATCCACGTATGGCTAACGTA,0,4306209
yadI_predicted,0.25,3,3,ATCCAATGCGTTGCTGGAAT,0,4316861
yadI_predicted,0.25,3,3,ATCCAAGCTTAAACCGCGCC,0,4301983
yadI_predicted,0.25,3,3,ATCCAAGACGACTTTGTTCT,0,4329255
yadI_predicted,0.25,3,3,ATCAGGCCGCAGAGGTGCAT,0,4338199
yadI_predicted,0.25,3,3,ATCAGCACGCCAGGGTGCCT,0,4330858
yadI_predicted,0.25,3,3,ATCAGCAAATGCCATCTCTG,0,4352304
yadI_predicted,0.25,3,3,ATCAGAAGGGGAAGATTCAG,0,4361986
yadI_predicted,0.25,3,3,ATCAACCCGGGCGTGGCCTT,0,4304505
yadI_predicted,0.25,3,3,ATATTGACCATATGGCTCTT,0,4284165
yadI_predicted,0.25,3,3,ATATGTTATTGAGGGGTTAA,0,4345445
yadI_predicted,0.25,3,3,ATATGTGAGAAGTAAACAGT,0,4330973
yadI_predicted,0.25,3,3,ATATGTCATACTACCCGGTA,0,4349249
yadI_predicted,0.25,3,3,ATATGGCCCGCTTTAATCGA,0,4363898
yadI_predicted,0.25,3,3,ATATCAGGGGAGCACTGCCG,0,4361334
yadI_predicted,0.25,3,3,ATATATTGTCGGATAGCTTA,0,4332595
yadI_predicted,0.25,3,3,ATATATTCATACATCAGAAA,0,4370013
yadI_predicted,0.25,3,3,ATAGTCATTCGTTCTGGCGC,0,4349054
yadI_predicted,0.25,3,3,ATAGGGCATCTCATACAGAC,0,4370008
yadI_predicted,0.25,3,3,ATAGGCGCGTACGGTAGCGT,0,4296526
yadI_predicted,0.25,3,3,ATAGCGGTTCAGCACCGTAC,0,4357633
yadI_predicted,0.25,3,3,ATACTCTTTACTTGTGAGGC,0,4346216
yadI_predicted,0.25,3,3,ATACCGTACTGCCGCTACAT,0,4360836
yadI_predicted,0.25,3,3,ATACCCCGACGGCCTGCAGA,0,4291912
yadI_predicted,0.25,3,3,ATACCACATATTATACGTTT,0,4292818
yadI_predicted,0.25,3,3,ATACATATTTCATTGAGTGT,0,4353755
yadI_predicted,0.25,3,3,ATACAGGGAAGAAGTGTGGC,0,4334420
yadI_predicted,0.25,3,3,ATACACGTCAAAAGGAACAC,0,4336212
yadI_predicted,0.25,3,3,ATAATTCTTGCTACGCAGGA,0,4291037
yadI_predicted,0.25,3,3,ATAAGGATCAATAAAGGCCA,0,4363182
yadI_predicted,0.25,3,3,ATAAGAGGTAATTCAATTTA,0,4338081
yadI_predicted,0.25,3,3,ATAACGCTTCGGCAGTGGGA,0,4357650
yadI_predicted,0.25,3,3,ATAACCCCGCACTCGGGGGC,0,4308349
yadI_predicted,0.25,3,3,ATAAATAAGGACTGGCTGCA,0,4287713
yadI_predicted,0.25,3,3,AGTTTGGAAAGTGGGAGCTC,0,4366465
yadI_predicted,0.25,3,3,AGTTTGCCCAGCGGGCAACA,0,4354703
yadI_predicted,0.25,3,3,AGTTTCCCAGTGCTAAACAA,0,4326290
yadI_predicted,0.25,3,3,AGTTGCGCTTGTAACAATTA,0,4352209
yadI_predicted,0.25,3,3,AGTTCCTCATATGAGGAGAT,0,4316450
yadI_predicted,0.25,3,3,AGTTCAGTTTCGTTGGGATG,0,4339326
yadI_predicted,0.25,3,3,AGTTATGGAGTGAGATATTT,0,4291864
yadI_predicted,0.25,3,3,AGTTATCAATTAGCGACATC,0,4339432
yadI_predicted,0.25,3,3,AGTTAGGTGGTGATCGGGAA,0,4335072
yadI_predicted,0.25,3,3,AGTTACCTTTGCGTCCATAA,0,4353595
yadI_predicted,0.25,3,3,AGTTAATAAGATAACAGGTA,0,4355447
yadI_predicted,0.25,3,3,AGTGTTTCGCTCCTTAGACT,0,4345418
yadI_predicted,0.25,3,3,AGTGTATGCGCTCGCATTGA,0,4302840
yadI_predicted,0.25,3,3,AGTGGGCGCAACGCCGCACG,0,4362298
yadI_predicted,0.25,3,3,AGTGGCTACCTGGGATCAAC,0,4325194
yadI_predicted,0.25,3,3,AGTGGAGCCGAAGCTGAATA,0,4311279
yadI_predicted,0.25,3,3,AGTGCATGATAACCCGGCAT,0,4285335
yadI_predicted,0.25,3,3,AGTGCAGCGGTTATTCGGAC,0,4340529
yadI_predicted,0.25,3,3,AGTGCACGTCGCTTGTCTAG,0,4359895
yadI_predicted,0.25,3,3,AGTGAATGGAGTCTAGTAGC,0,4367441
yadI_predicted,0.25,3,3,AGTCTTCTGTTCGTGGGGGA,0,4314599
yadI_predicted,0.25,3,3,AGTCGGGCACTCGCACATCA,0,4347981
yadI_predicted,0.25,3,3,AGTCGCCGCACCTGGCTACT,0,4325205
yadI_predicted,0.25,3,3,AGTCCGTCTCACGCTGTTCG,0,4367127
yadI_predicted,0.25,3,3,AGTCAGGATGATGCATTACG,0,4297008
yadI_predicted,0.25,3,3,AGTCACGAAGTCGGGCTAGG,0,4347992
yadI_predicted,0.25,3,3,AGTATTCGGCTCTCTACGGT,0,4306978
yadI_predicted,0.25,3,3,AGTATGATGCTACTCCCGAG,0,4290690
yadI_predicted,0.25,3,3,AGTATCTCGCTTTCCCTGGG,0,4298486
yadI_predicted,0.25,3,3,AGTATACGTCCAATATCTCG,0,4366302
yadI_predicted,0.25,3,3,AGTAATGTAGGCTGAGTGAT,0,4296823
yadI_predicted,0.25,3,3,AGTAAGCTTCCCAAATCGGT,0,4339297
yadI_predicted,0.25,3,3,AGTAAAGGCGTAGATCCTCG,0,4362744
yadI_predicted,0.25,3,3,AGGTTTATCCAGTGGCTTGA,0,4328291
yadI_predicted,0.25,3,3,AGGTTGTCTCGTTGTTTCTA,0,4297166
yadI_predicted,0.25,3,3,AGGTTGTCACCTTCGATCTA,0,4332386
yadI_predicted,0.25,3,3,AGGTGCACTACAGACGGCCA,0,4333261
yadI_predicted,0.25,3,3,AGGTGACACTTCTGGTTGAC,0,4324812
yadI_predicted,0.25,3,3,AGGTCTCTGCAGAAAGCTCC,0,4340795
yadI_predicted,0.25,3,3,AGGTATGGGCTGGGCGGTCG,0,4363760
yadI_predicted,0.25,3,3,AGGTATATCTTCTTATCGCT,0,4363470
yadI_predicted,0.25,3,3,AGGTAAGCGTCTGGTCCTTG,0,4308778
yadI_predicted,0.25,3,3,AGGGTTGGAGCGAAATGTAC,0,4326529
yadI_predicted,0.25,3,3,AGGGTCTCGAAGCGTAGAGA,0,4315983
yadI_predicted,0.25,3,3,AGGGGTTAGGTGTCATGGGG,0,4289906
yadI_predicted,0.25,3,3,AGGGGCCGAACAATTCAGAT,0,4342130
yadI_predicted,0.25,3,3,AGGGCGACGACAATTAAATT,0,4333810
yadI_predicted,0.25,3,3,AGGGATCTCTGAGCTCCCAT,0,4301276
yadI_predicted,0.25,3,3,AGGGACGGGCAACCATAACT,0,4289318
yadI_predicted,0.25,3,3,AGGGACCACACTTAAACAGG,0,4310857
yadI_predicted,0.25,3,3,AGGCGCCGGTACGATTATGG,0,4346255
yadI_predicted,0.25,3,3,AGGCCTAGTAAGTGCATCTT,0,4359487
yadI_predicted,0.25,3,3,AGGCCGGCCCGATGGAACGA,0,4369387
yadI_predicted,0.25,3,3,AGGCCAGGGTTGCCATTCTA,0,4285323
yadI_predicted,0.25,3,3,AGGCATCTATTTCCCCAGGG,0,4341932
yadI_predicted,0.25,3,3,AGGCACCCTGTCTAAAAGTC,0,4323909
yadI_predicted,0.25,3,3,AGGCAAGGCCAACAGCACAC,0,4295596
yadI_predicted,0.25,3,3,AGGATGTACAACGGTCGGAT,0,4337129
yadI_predicted,0.25,3,3,AGGAGTGTAAGGATCGTTAA,0,4358623
yadI_predicted,0.25,3,3,AGGAGACCGGCAATTGTAAA,0,4367203
yadI_predicted,0.25,3,3,AGGACTGGAACTGTACCGAC,0,4344966
yadI_predicted,0.25,3,3,AGGACGTCGCCCCGGTGGAA,0,4309613
yadI_predicted,0.25,3,3,AGGACGGGGGCGAGAAAATA,0,4292902
yadI_predicted,0.25,3,3,AGGACAGGATGCCAGGGAAG,0,4294270
yadI_predicted,0.25,3,3,AGCTTTTCTGATAGCCGACA,0,4349312
yadI_predicted,0.25,3,3,AGCTTTCGTTACCGTTGAAT,0,4365818
yadI_predicted,0.25,3,3,AGCTTTCGTGGTGTATATGT,0,4321077
yadI_predicted,0.25,3,3,AGCTTAGAGGACATATCTAA,0,4296711
yadI_predicted,0.25,3,3,AGCTGATTCTTTCGAGGGCC,0,4305184
yadI_predicted,0.25,3,3,AGCTCGGCCTGGGGTGGCCC,0,4318522
yadI_predicted,0.25,3,3,AGCTCACACAGAGCTGATCC,0,4365442
yadI_predicted,0.25,3,3,AGCTAATTTATTCGGCTCGT,0,4347623
yadI_predicted,0.25,3,3,AGCGGTGGAGCGCTGTGCCT,0,4295166
yadI_predicted,0.25,3,3,AGCGGCTCTCGTCCGACGTA,0,4364238
yadI_predicted,0.25,3,3,AGCGGCAGGCTGGCTAGTCC,0,4349764
yadI_predicted,0.25,3,3,AGCGGACAAAGGATTGGCGT,0,4358190
yadI_predicted,0.25,3,3,AGCGCCTTCACCAGGAACTT,0,4320380
yadI_predicted,0.25,3,3,AGCGATGGCCAATCATGTTG,0,4292589
yadI_predicted,0.25,3,3,AGCGAGGTTCCGATGGTCGT,0,4327538
yadI_predicted,0.25,3,3,AGCGAATTCCTGACATGATA,0,4308019
yadI_predicted,0.25,3,3,AGCCTGAAGCTTACCTCAGC,0,4365204
yadI_predicted,0.25,3,3,AGCCTAGGCGGATTCCCCTC,0,4358084
yadI_predicted,0.25,3,3,AGCCGTTGCAATGCCACATA,0,4296820
yadI_predicted,0.25,3,3,AGCCGCACTGCACCAGCATT,0,4362203
yadI_predicted,0.25,3,3,AGCCGATTCAACGATATCTT,0,4299066
yadI_predicted,0.25,3,3,AGCCCACGCGCTCAACGCCC,0,4321029
yadI_predicted,0.25,3,3,AGCATGTAATTAGACAAACG,0,4290654
yadI_predicted,0.25,3,3,AGCAGTAGGACCAGGGATCA,0,4301584
yadI_predicted,0.25,3,3,AGCAGCTACTGCTTAAATGG,0,4365149
yadI_predicted,0.25,3,3,AGCACCTCGTGTTTTAATGG,0,4346157
yadI_predicted,0.25,3,3,AGCACCGTAATACATTGGAG,0,4320068
yadI_predicted,0.25,3,3,AGATTGGCCTGCCTCACCGC,0,4324863
yadI_predicted,0.25,3,3,AGATTAAACCGTTTTTGTCT,0,4309694
yadI_predicted,0.25,3,3,AGATGGGCCAGCAATTACGT,0,4322268
yadI_predicted,0.25,3,3,AGATGAAAGAGCTGCTACAG,0,4318759
yadI_predicted,0.25,3,3,AGATCTTACTGTCGCCGTGG,0,4338198
yadI_predicted,0.25,3,3,AGATCGTGTGTAAGTCATAT,0,4350602
yadI_predicted,0.25,3,3,AGATCGAGTTTAGTCAGGCA,0,4348196
yadI_predicted,0.25,3,3,AGATCCTACTCGGACGATGT,0,4339650
yadI_predicted,0.25,3,3,AGATAAGCTAAACCCGGTTT,0,4348462
yadI_predicted,0.25,3,3,AGAGGCGGCATGCCAGCCGA,0,4344163
yadI_predicted,0.25,3,3,AGAGGACAAGATTATTTAAG,0,4350680
yadI_predicted,0.25,3,3,AGAGCTAAGTGCCACAAGAG,0,4351461
yadI_predicted,0.25,3,3,AGAGCGGTACAAATCCGCGT,0,4324593
yadI_predicted,0.25,3,3,AGAGATAGTCGTGGAAAATT,0,4307884
yadI_predicted,0.25,3,3,AGAGAACATCAGGCAGGGAC,0,4326821
yadI_predicted,0.25,3,3,AGAGAAAGAACGTTGGGGCA,0,4284290
yadI_predicted,0.25,3,3,AGACTCAGATGATGGGACTA,0,4343876
yadI_predicted,0.25,3,3,AGACTATAGAATTTGGCAGG,0,4313428
yadI_predicted,0.25,3,3,AGACGTAGCGACAGGGTACT,0,4307440
yadI_predicted,0.25,3,3,AGACGGGCGGGTCGAGTCAT,0,4313773
yadI_predicted,0.25,3,3,AGACCGTACTGGGAGTTCCC,0,4351452
yadI_predicted,0.25,3,3,AGACCAAATGACGGAAAGGT,0,4298761
yadI_predicted,0.25,3,3,AGACACTCACCATGTCGCCC,0,4339090
yadI_predicted,0.25,3,3,AGACACCAATTGGCAGTGGG,0,4355010
yadI_predicted,0.25,3,3,AGAATAAGATCGGCCTTTCT,0,4338734
yadI_predicted,0.25,3,3,AGAAGGCGGGGTCTGGGACT,0,4336536
yadI_predicted,0.25,3,3,AGAAGCAATGCGGGCCAGCT,0,4355371
yadI_predicted,0.25,3,3,AGAACTAGGGGCCGGGACAG,0,4346901
yadI_predicted,0.25,3,3,AGAACTAAGACGGTCAGGAA,0,4315181
yadI_predicted,0.25,3,3,AGAACGTACTGTACTAAGGT,0,4323883
yadI_predicted,0.25,3,3,ACTTTGCGCCAACTGGTCAG,0,4320074
yadI_predicted,0.25,3,3,ACTTGCAGGACTCGTACGAT,0,4323418
yadI_predicted,0.25,3,3,ACTTGATAAGATTTATGCAG,0,4327267
yadI_predicted,0.25,3,3,ACTTGAAGGTGTCCGTAGAC,0,4298929
yadI_predicted,0.25,3,3,ACTTCTCGAAGGGAAGTCTT,0,4364357
yadI_predicted,0.25,3,3,ACTTCTACTAGGCACCACAA,0,4330864
yadI_predicted,0.25,3,3,ACTTCGCTCTAAGAGTTGCC,0,4307804
yadI_predicted,0.25,3,3,ACTTCGAGTACATTTCGAAG,0,4306989
yadI_predicted,0.25,3,3,ACTTCCGAACGTCTAACGAA,0,4325498
yadI_predicted,0.25,3,3,ACTTCAGTAATACCGCACCA,0,4323100
yadI_predicted,0.25,3,3,ACTTCAGGACCCGAGTTTAG,0,4343044
yadI_predicted,0.25,3,3,ACTTCAAGACCCCTAACAAA,0,4292872
yadI_predicted,0.25,3,3,ACTGGACATCCTGTTAATCA,0,4312103
yadI_predicted,0.25,3,3,ACTGATTGTGCAAAGGTCAT,0,4363518
yadI_predicted,0.25,3,3,ACTGAGCGTCTAATATAAAC,0,4357897
yadI_predicted,0.25,3,3,ACTCTAATAACCAAACTGAT,0,4338995
yadI_predicted,0.25,3,3,ACTCGATTTATGAACGCTCC,0,4332132
yadI_predicted,0.25,3,3,ACTCCAGCAACAGTGCGAAT,0,4348204
yadI_predicted,0.25,3,3,ACTAGACTGGCTTAGAGCAG,0,4346303
yadI_predicted,0.25,3,3,ACTAAGGGACATGACTAGAT,0,4341278
yadI_predicted,0.25,3,3,ACTAACGGGACGCAATTATC,0,4324566
yadI_predicted,0.25,3,3,ACGTTACAATGCGTCGCCAC,0,4347169
yadI_predicted,0.25,3,3,ACGTGTTTCTAATTCGATAA,0,4341112
yadI_predicted,0.25,3,3,ACGTGGGTTCGCACTCTGAA,0,4360643
yadI_predicted,0.25,3,3,ACGTGCGAAACCGCTTTTCA,0,4361061
yadI_predicted,0.25,3,3,ACGTGCAGGTTACATCCAGA,0,4346475
yadI_predicted,0.25,3,3,ACGTCCAGATGGGGCTAAAG,0,4304612
yadI_predicted,0.25,3,3,ACGTATCGAGGACAGCGACC,0,4323692
yadI_predicted,0.25,3,3,ACGTAGTGTAGCGCGCACTT,0,4346405
yadI_predicted,0.25,3,3,ACGTAGCTCGGACCTTAGAA,0,4288837
yadI_predicted,0.25,3,3,ACGTAGATCTCGGCCGGCTC,0,4297721
yadI_predicted,0.25,3,3,ACGTACGGTTTGTGAAGCCT,0,4369471
yadI_predicted,0.25,3,3,ACGGTTTTCAATTGGGCCAC,0,4330945
yadI_predicted,0.25,3,3,ACGGTGGTAAGACAGCTGAT,0,4332936
yadI_predicted,0.25,3,3,ACGGTATGTTGTCGAGACGC,0,4301399
yadI_predicted,0.25,3,3,ACGGTATCAAGACATGATGT,0,4327066
yadI_predicted,0.25,3,3,ACGGGTCCGGCACTCGGTCA,0,4354269
yadI_predicted,0.25,3,3,ACGGGGTGGTCCCCTTGGAT,0,4352923
yadI_predicted,0.25,3,3,ACGGGGTCGTCATCGTCCGG,0,4332578
yadI_predicted,0.25,3,3,ACGGGGACAGATAATACGTA,0,4293825
yadI_predicted,0.25,3,3,ACGGGCTCTTTGAACCAGAG,0,4328520
yadI_predicted,0.25,3,3,ACGGAGTATTTACTTGTAAT,0,4309095
yadI_predicted,0.25,3,3,ACGGACCTGGACTTCGCACG,0,4338607
yadI_predicted,0.25,3,3,ACGGAATAATGGTCCCTACC,0,4337261
yadI_predicted,0.25,3,3,ACGCTTTTGGCAGACAGACA,0,4368784
yadI_predicted,0.25,3,3,ACGCTTATGTCTTGCACCCT,0,4353916
yadI_predicted,0.25,3,3,ACGCGTTCGGAAAAAGCTCG,0,4356284
yadI_predicted,0.25,3,3,ACGCGAATAAGGGAGATCAT,0,4343157
yadI_predicted,0.25,3,3,ACGCCTCAGTAGCTCCATCC,0,4350886
yadI_predicted,0.25,3,3,ACGCCTAGGGTCCGATGCGA,0,4338780
yadI_predicted,0.25,3,3,ACGCCGTGTGGGGATCTGGA,0,4328789
yadI_predicted,0.25,3,3,ACGCCCTACACCAGGGAAGG,0,4367436
yadI_predicted,0.25,3,3,ACGATTATGTTAGCACACTG,0,4339886
yadI_predicted,0.25,3,3,ACGATGTGTAATCAATCTCG,0,4307990
yadI_predicted,0.25,3,3,ACGATAAGGAGGTTTCCTTA,0,4313676
yadI_predicted,0.25,3,3,ACGAGAGCGTTGTCGGCCTA,0,4351597
yadI_predicted,0.25,3,3,ACGACGCCGATTTCACAATT,0,4347933
yadI_predicted,0.25,3,3,ACGAATACACCCTAGGCGAA,0,4308133
yadI_predicted,0.25,3,3,ACGAAGAGTTTGGCGAGAAT,0,4364248
yadI_predicted,0.25,3,3,ACGAACCCCCTACTTCCGCA,0,4294175
yadI_predicted,0.25,3,3,ACCTGTTTAGCAGTTAATGG,0,4359855
yadI_predicted,0.25,3,3,ACCTGCGACCCACAATGAAG,0,4337493
yadI_predicted,0.25,3,3,ACCTGACATAACAGGTACAA,0,4324499
yadI_predicted,0.25,3,3,ACCTCCCTGCCTGAACACCG,0,4306075
yadI_predicted,0.25,3,3,ACCTCAGCCATTGCGGCTCG,0,4332071
yadI_predicted,0.25,3,3,ACCGTGTAAGGTACCTTCAT,0,4363331
yadI_predicted,0.25,3,3,ACCGTCCGCAGTAGCGCTTA,0,4299914
yadI_predicted,0.25,3,3,ACCGGTCTGTCCTAATCCAC,0,4349237
yadI_predicted,0.25,3,3,ACCGGGTATGAGCTACAAGT,0,4292813
yadI_predicted,0.25,3,3,ACCGGAAGAACGGCTCCCCT,0,4294922
yadI_predicted,0.25,3,3,ACCGCGGCCTAGTGACTTCA,0,4353133
yadI_predicted,0.25,3,3,ACCGCCCCTTTATATCTCTT,0,4320726
yadI_predicted,0.25,3,3,ACCGCATTCCACCTGCGAGG,0,4360434
yadI_predicted,0.25,3,3,ACCGATATAATATCCATTAT,0,4308596
yadI_predicted,0.25,3,3,ACCGAAGAAACGATAAGCAT,0,4296421
yadI_predicted,0.25,3,3,ACCGAAAAAGTTCACCCTGA,0,4365653
yadI_predicted,0.25,3,3,ACCCTGAGGGCCAGGAACGT,0,4317256
yadI_predicted,0.25,3,3,ACCCGTAATCGGGTTGAACT,0,4331472
yadI_predicted,0.25,3,3,ACCCGATGTATTTTGATAGT,0,4344273
yadI_predicted,0.25,3,3,ACCCACAATTTTCAATGATA,0,4367271
yadI_predicted,0.25,3,3,ACCCAATTCATCCGGGTGAT,0,4361776
yadI_predicted,0.25,3,3,ACCATGCCGACTGCATAAAG,0,4302051
yadI_predicted,0.25,3,3,ACATTTGGCCGTGTTTCATG,0,4344086
yadI_predicted,0.25,3,3,ACATTAAGATCGCTAATAAC,0,4313176
yadI_predicted,0.25,3,3,ACATGGGCGCTTAGATCTAG,0,4324932
yadI_predicted,0.25,3,3,ACATCTTAGACGTTCACTAA,0,4304791
yadI_predicted,0.25,3,3,ACATCGCTGTGGGAAATTAC,0,4311500
yadI_predicted,0.25,3,3,ACATCCCGAACTACAACGAG,0,4330863
yadI_predicted,0.25,3,3,ACATAGGATATAACTGTCTA,0,4318486
yadI_predicted,0.25,3,3,ACATAAAGTATAAGCGATCC,0,4317969
yadI_predicted,0.25,3,3,ACAGTGAATAAGCGTAATGC,0,4367500
yadI_predicted,0.25,3,3,ACAGGTAGAATAGGCCCCCC,0,4333121
yadI_predicted,0.25,3,3,ACAGGCAATATTTGGTAATG,0,4299106
yadI_predicted,0.25,3,3,ACAGCCGGAGCATTTAAGCC,0,4322891
yadI_predicted,0.25,3,3,ACAGATATCGATCGAGAGGG,0,4318677
yadI_predicted,0.25,3,3,ACAGAGCACCCAAGCCACTT,0,4308605
yadI_predicted,0.25,3,3,ACACTCTGGACATTAAATTA,0,4364532
yadI_predicted,0.25,3,3,ACACGCCGCCTATCTTGCGG,0,4303564
yadI_predicted,0.25,3,3,ACACGATCAGTAGGACGCGA,0,4296325
yadI_predicted,0.25,3,3,ACACCCAGACAATCATTACA,0,4286718
yadI_predicted,0.25,3,3,ACACCAAATTCTGCTCATGC,0,4326443
yadI_predicted,0.25,3,3,ACACCAAATATGTGTGGGGC,0,4343518
yadI_predicted,0.25,3,3,ACACATAATTGTGGGACAAT,0,4365416
yadI_predicted,0.25,3,3,ACACAATTTAGTTTGCCGCG,0,4288551
yadI_predicted,0.25,3,3,ACAATGATTTTAGGCGCCAT,0,4317383
yadI_predicted,0.25,3,3,ACAAGTGACGACCCCTCACG,0,4310415
yadI_predicted,0.25,3,3,ACAACTGTGCCACCTGATGA,0,4328348
yadI_predicted,0.25,3,3,ACAAAATATAACACTCCTTG,0,4362567
yadI_predicted,0.25,3,3,AATTTGGCCTTCAGAAACGT,0,4323476
yadI_predicted,0.25,3,3,AATTGCCTTTGGTTTCAGTA,0,4364199
yadI_predicted,0.25,3,3,AATTGCAACGCGTCCTGATT,0,4291990
yadI_predicted,0.25,3,3,AATTCGGAGTTTGCACACAG,0,4285565
yadI_predicted,0.25,3,3,AATTAGTCCCATGACTAACT,0,4310617
yadI_predicted,0.25,3,3,AATGTGTTCCCGCCCGATTA,0,4297800
yadI_predicted,0.25,3,3,AATGTAAAGTGACGCCCTGC,0,4319732
yadI_predicted,0.25,3,3,AATGGCAGGTAACGAGACGG,0,4291922
yadI_predicted,0.25,3,3,AATGCGAGCATTGCTAGTGG,0,4352641
yadI_predicted,0.25,3,3,AATGCCGCCCAAATGTATCC,0,4288527
yadI_predicted,0.25,3,3,AATGATTAACAATCGTTGGG,0,4310295
yadI_predicted,0.25,3,3,AATGATGACGTATCACGGAC,0,4359711
yadI_predicted,0.25,3,3,AATGAGCTCCGACGGCAAAT,0,4358997
yadI_predicted,0.25,3,3,AATCTTATCAGCAACCTTTA,0,4337955
yadI_predicted,0.25,3,3,AATCTGGGCGCTAGTTGACG,0,4310656
yadI_predicted,0.25,3,3,AATCGCTATGATGCGGGGCG,0,4360517
yadI_predicted,0.25,3,3,AATCGCCTTACGCGCGCATA,0,4337686
yadI_predicted,0.25,3,3,AATCGCCGGGGTTTGAAACA,0,4308612
yadI_predicted,0.25,3,3,AATCGATACCAGCCTGAGGA,0,4291588
yadI_predicted,0.25,3,3,AATCGAGGTGGAATACGATG,0,4349991
yadI_predicted,0.25,3,3,AATCCCGGTACCAACCGAAT,0,4344028
yadI_predicted,0.25,3,3,AATCCCGGGGGCTCTGGATC,0,4338126
yadI_predicted,0.25,3,3,AATATTGTACGTCCTTAACG,0,4295159
yadI_predicted,0.25,3,3,AATATGTTGCCGCCTAGAAA,0,4307167
yadI_predicted,0.25,3,3,AATATGTCTATCACGAAATC,0,4304216
yadI_predicted,0.25,3,3,AATATGCTCAACCAGGGGGT,0,4311001
yadI_predicted,0.25,3,3,AATAGATTGCCGCGACTCAC,0,4296217
yadI_predicted,0.25,3,3,AATACTGATCGCGTTTCACT,0,4285268
yadI_predicted,0.25,3,3,AATAATAATAGCACTGACCA,0,4304175
yadI_predicted,0.25,3,3,AATAAGACCATTCAGCGTCC,0,4295034
yadI_predicted,0.25,3,3,AAGTTTAGTACGCCAGTCCA,0,4324410
yadI_predicted,0.25,3,3,AAGTTTAAACGCTCACCAGG,0,4287914
yadI_predicted,0.25,3,3,AAGTTGGAAGCGAGAAACTA,0,4323493
yadI_predicted,0.25,3,3,AAGTTCTCGAAGGGTATGTG,0,4367450
yadI_predicted,0.25,3,3,AAGTTATAGTTACGTTATCC,0,4301455
yadI_predicted,0.25,3,3,AAGTCTGCGCTTATATCATC,0,4286062
yadI_predicted,0.25,3,3,AAGTCCGCTATGACGATTAG,0,4359226
yadI_predicted,0.25,3,3,AAGTATCCGGAAGGCTAGCA,0,4317232
yadI_predicted,0.25,3,3,AAGTAAATAATAACAGGTGT,0,4296816
yadI_predicted,0.25,3,3,AAGGTTAACGCCTGCCCCCC,0,4335102
yadI_predicted,0.25,3,3,AAGGTCCTGCCTTAATTTCA,0,4311011
yadI_predicted,0.25,3,3,AAGGTATCAGAAATGAGATC,0,4348783
yadI_predicted,0.25,3,3,AAGGTAATGCCACCACCAAC,0,4306417
yadI_predicted,0.25,3,3,AAGGGTAGACCTTGTTGTAT,0,4298231
yadI_predicted,0.25,3,3,AAGGGGATACTCTTAGGTTG,0,4291506
yadI_predicted,0.25,3,3,AAGGCTGTCACGTAGTTCAG,0,4336937
yadI_predicted,0.25,3,3,AAGGCGATCTATTTTTTCTG,0,4285865
yadI_predicted,0.25,3,3,AAGGCGAACTGAGAGAGCTC,0,4369804
yadI_predicted,0.25,3,3,AAGGCAGTCTACTAATTGAC,0,4346322
yadI_predicted,0.25,3,3,AAGGAATAGGACCCCAGCGA,0,4359704
yadI_predicted,0.25,3,3,AAGCATTCTTAGAAAGACTA,0,4311261
yadI_predicted,0.25,3,3,AAGCATGAACAGGACTGAAA,0,4293805
yadI_predicted,0.25,3,3,AAGCAGTTAAAGCGGCTCGC,0,4328822
yadI_predicted,0.25,3,3,AAGATAGGAATCTGTGGATA,0,4331138
yadI_predicted,0.25,3,3,AAGAGTAAGAAAGGAGATGT,0,4318136
yadI_predicted,0.25,3,3,AAGAGAGGTGGTGGTGGTGC,0,4362895
yadI_predicted,0.25,3,3,AAGACCTTACACCATATCTA,0,4358860
yadI_predicted,0.25,3,3,AAGACATTCCGTTCTTAATT,0,4347402
yadI_predicted,0.25,3,3,AACTTTAATATTCTGAGACC,0,4297127
yadI_predicted,0.25,3,3,AACTTCCTCAATCGGTTATA,0,4310783
yadI_predicted,0.25,3,3,AACTGTCTGTAGGGCCGCAG,0,4344374
yadI_predicted,0.25,3,3,AACTCGAGTTGTCTTTCAGT,0,4303637
yadI_predicted,0.25,3,3,AACGTCACTGATTAATCCTA,0,4337416
yadI_predicted,0.25,3,3,AACGTATAATGAGCAAGCAA,0,4346850
yadI_predicted,0.25,3,3,AACGTACAATGTGCCTCTGG,0,4304341
yadI_predicted,0.25,3,3,AACGCCTATCTGTGATGACG,0,4323570
yadI_predicted,0.25,3,3,AACGACAGTGCCGGGGATCA,0,4350457
yadI_predicted,0.25,3,3,AACCTTCAAGGGATTGTAAG,0,4332875
yadI_predicted,0.25,3,3,AACCTGCACCGCCCCGCGAC,0,4320375
yadI_predicted,0.25,3,3,AACCGAGTTGCAACAGAATA,0,4304281
yadI_predicted,0.25,3,3,AACCATAGGTGTTTCGGAGC,0,4348621
yadI_predicted,0.25,3,3,AACATCGTATCACTATAGAA,0,4331504
yadI_predicted,0.25,3,3,AACAGCCAGTCGATAAGACG,0,4363005
yadI_predicted,0.25,3,3,AACACGAATATCGACGGTCA,0,4341981
yadI_predicted,0.25,3,3,AACAAGTTATGCCTACGCAG,0,4298155
yadI_predicted,0.25,3,3,AAATTTTCTAATTTTTTTAG,0,4351166
yadI_predicted,0.25,3,3,AAATTAACTAGGCTTTCACA,0,4360170
yadI_predicted,0.25,3,3,AAATTAAAGAGGCATAACGT,0,4332562
yadI_predicted,0.25,3,3,AAATGTGAGCATCGTACCTG,0,4354911
yadI_predicted,0.25,3,3,AAATGTAAAATCCCAATGGT,0,4295891
yadI_predicted,0.25,3,3,AAATGGTGGCTACTATTGTT,0,4315092
yadI_predicted,0.25,3,3,AAATCGTGAGTTCCAATGGC,0,4335041
yadI_predicted,0.25,3,3,AAATAAAGAGCTTTTGCGCT,0,4364198
yadI_predicted,0.25,3,3,AAAGGCTGTGGCCACGACAA,0,4343461
yadI_predicted,0.25,3,3,AAAGGCTGATTGCGACTCGT,0,4305211
yadI_predicted,0.25,3,3,AAAGCAAAGTCCATCCTGGA,0,4297737
yadI_predicted,0.25,3,3,AAAGATAGTTAGGATGGTAC,0,4335866
yadI_predicted,0.25,3,3,AAAGAGATCAGCAATGGAGA,0,4290129
yadI_predicted,0.25,3,3,AAAGACAGCCCAAAGCTCCA,0,4344011
yadI_predicted,0.25,3,3,AAAGAACTAGATTGGATAAA,0,4342985
yadI_predicted,0.25,3,3,AAACTCGGCAACAAACTTAT,0,4295894
yadI_predicted,0.25,3,3,AAACTCACAGCCAAGTAACA,0,4289557
yadI_predicted,0.25,3,3,AAACGTAGGCGGGTAACCGT,0,4285923
yadI_predicted,0.25,3,3,AAACGCTGAGTCCATATTTT,0,4315523
yadI_predicted,0.25,3,3,AAACCGACTACACGTGGGGA,0,4361189
yadI_predicted,0.25,3,3,AAACCATACTCAGCATATAA,0,4368096
yadI_predicted,0.25,3,3,AAACATAGGGTTTTAGGTAC,0,4327531
yadI_predicted,0.25,3,3,AAACAACTGCGCGCTCAGGT,0,4354252
yadI_predicted,0.25,3,3,AAAATTCGTGAAACACTTTC,0,4341537
yadI_predicted,0.25,3,3,AAAATATTTTTTTTAGCTAT,0,4327919
yadI_predicted,0.25,3,3,AAAAGGCTTAGTCCATCTTT,0,4344288
yadI_predicted,0.25,3,3,AAAAGCACCATAGCGCAAAT,0,4312807
yadI_predicted,0.25,3,3,AAAAGAGCGGTGGCAAGTGG,0,4336237
yadI_predicted,0.25,3,3,AAAACTTCGGACGATTTTAG,0,4338162
yadI_predicted,0.3333333333333333,2,2,TTTTTTTTATGGGCGACCAG,0,4317148
yadI_predicted,0.3333333333333333,2,2,TTTTTGTCTAGGCTTTAATG,0,4306381
yadI_predicted,0.3333333333333333,2,2,TTTTGGAGTATGAGAAATGC,0,4352186
yadI_predicted,0.3333333333333333,2,2,TTTTGCTGCTCTCTACTTAA,0,4315443
yadI_predicted,0.3333333333333333,2,2,TTTTGATTTGAAGGGATGTT,0,4359426
yadI_predicted,0.3333333333333333,2,2,TTTTCTTTTGCCAAAAAGGT,0,4295468
yadI_predicted,0.3333333333333333,2,2,TTTTACTTATAGCGGAACCG,0,4307960
yadI_predicted,0.3333333333333333,2,2,TTTTACGGCTAGATCAAGTT,0,4314394
yadI_predicted,0.3333333333333333,2,2,TTTTACAATCGTCTTCAACG,0,4338417
yadI_predicted,0.3333333333333333,2,2,TTTGTCTCTTCACTAAAGAT,0,4359232
yadI_predicted,0.3333333333333333,2,2,TTTGTCGAGCTGCCCCGCTC,0,4342138
yadI_predicted,0.3333333333333333,2,2,TTTGTAGTATTCCTTTACAT,0,4308710
yadI_predicted,0.3333333333333333,2,2,TTTGTACATTGCTAACTTTC,0,4324420
yadI_predicted,0.3333333333333333,2,2,TTTGGGGCTTAATCACCCTG,0,4288237
yadI_predicted,0.3333333333333333,2,2,TTTGGAAAATGTCTCGCGGG,0,4289332
yadI_predicted,0.3333333333333333,2,2,TTTGCGTGGAGTAGACTGGA,0,4369256
yadI_predicted,0.3333333333333333,2,2,TTTGCAACTTGATGTTTTCG,0,4297083
yadI_predicted,0.3333333333333333,2,2,TTTGATACTTTTTATCCCGC,0,4299495
yadI_predicted,0.3333333333333333,2,2,TTTGAGGAGGAGGACTATTA,0,4286017
yadI_predicted,0.3333333333333333,2,2,TTTCTCGGGTTGCATGTTTT,0,4300575
yadI_predicted,0.3333333333333333,2,2,TTTCGACCAAACCCAGACAG,0,4341082
yadI_predicted,0.3333333333333333,2,2,TTTCCTTCAATGATCTTCGT,0,4314240
yadI_predicted,0.3333333333333333,2,2,TTTCATAAATCTGTTCTGAA,0,4331576
yadI_predicted,0.3333333333333333,2,2,TTTATCTCGAGGCAGCACCA,0,4298329
yadI_predicted,0.3333333333333333,2,2,TTTAGGTTTGTTGTAGATAT,0,4314180
yadI_predicted,0.3333333333333333,2,2,TTTAGCTCCCAAATGAAAGT,0,4323416
yadI_predicted,0.3333333333333333,2,2,TTTAATTTACACACATGTTG,0,4285949
yadI_predicted,0.3333333333333333,2,2,TTTAATGGAGCCCATTGAGA,0,4322777
yadI_predicted,0.3333333333333333,2,2,TTTAACGGTAATACTTATTA,0,4352261
yadI_predicted,0.3333333333333333,2,2,TTTAACGGGGCGTTGCATTA,0,4295787
yadI_predicted,0.3333333333333333,2,2,TTTAAATTATCTAAGTGCTG,0,4352936
yadI_predicted,0.3333333333333333,2,2,TTGTTGTTCTAGGGCTCAAA,0,4337425
yadI_predicted,0.3333333333333333,2,2,TTGTTGGCAGGCGGACTCTC,0,4346352
yadI_predicted,0.3333333333333333,2,2,TTGTTGACGGGCGAAGTGCT,0,4315818
yadI_predicted,0.3333333333333333,2,2,TTGTTCCGCAGCTCTCACGC,0,4326293
yadI_predicted,0.3333333333333333,2,2,TTGTTCAGGATGGGCGCGCG,0,4320393
yadI_predicted,0.3333333333333333,2,2,TTGTGTCGCGCAAGCCCTTT,0,4303180
yadI_predicted,0.3333333333333333,2,2,TTGTGTATCTGAAAGTGACC,0,4341299
yadI_predicted,0.3333333333333333,2,2,TTGTCCGCTCGTCGGATCTG,0,4289120
yadI_predicted,0.3333333333333333,2,2,TTGTCAGTCTTGTTGACCAA,0,4294593
yadI_predicted,0.3333333333333333,2,2,TTGTCACGTTGTGAAAAATT,0,4321726
yadI_predicted,0.3333333333333333,2,2,TTGTCAATACGCCCCCATAC,0,4342025
yadI_predicted,0.3333333333333333,2,2,TTGTATTGGCGGACCCACAT,0,4300963
yadI_predicted,0.3333333333333333,2,2,TTGTATGTCGCGCTAAACCC,0,4355054
yadI_predicted,0.3333333333333333,2,2,TTGTATAATGGCTTGCTTCA,0,4321995
yadI_predicted,0.3333333333333333,2,2,TTGTAGCACTCTCTCGGAGA,0,4285686
yadI_predicted,0.3333333333333333,2,2,TTGGTGTCTCCAGCACTGGA,0,4368672
yadI_predicted,0.3333333333333333,2,2,TTGGTCTTCTATGTGCTTGA,0,4294196
yadI_predicted,0.3333333333333333,2,2,TTGGTACATTACAAGTTGCT,0,4307075
yadI_predicted,0.3333333333333333,2,2,TTGGTAACAAACAGTGTACT,0,4358073
yadI_predicted,0.3333333333333333,2,2,TTGGGTCGCATAAAGTATAT,0,4324649
yadI_predicted,0.3333333333333333,2,2,TTGGCTTACTAAATGCGATG,0,4318782
yadI_predicted,0.3333333333333333,2,2,TTGGCTCGGGAAGGCGTCAT,0,4305112
yadI_predicted,0.3333333333333333,2,2,TTGGCCCTCACCGACGCTTC,0,4291845
yadI_predicted,0.3333333333333333,2,2,TTGCTTGTGTCTCTATTAGC,0,4328758
yadI_predicted,0.3333333333333333,2,2,TTGCTATCGAAACCTGGATA,0,4345732
yadI_predicted,0.3333333333333333,2,2,TTGCGGGTTACTTGGCTTCT,0,4362343
yadI_predicted,0.3333333333333333,2,2,TTGCAGTGGTAGCTAAATTT,0,4368808
yadI_predicted,0.3333333333333333,2,2,TTGCAGAGGGCTACAGGTAT,0,4284242
yadI_predicted,0.3333333333333333,2,2,TTGCACTTCCCTGCGGGGGA,0,4311722
yadI_predicted,0.3333333333333333,2,2,TTGCACCGAAGGTCCAATCC,0,4352798
yadI_predicted,0.3333333333333333,2,2,TTGATATATGGTCTCGTTGG,0,4319698
yadI_predicted,0.3333333333333333,2,2,TTGAGCTACTATAACCTCTA,0,4284483
yadI_predicted,0.3333333333333333,2,2,TTGACTCAATTACCTGAGCT,0,4363279
yadI_predicted,0.3333333333333333,2,2,TTGACGATACGCTTGGCAAA,0,4358677
yadI_predicted,0.3333333333333333,2,2,TTGACATCGTATAATTCCTT,0,4357015
yadI_predicted,0.3333333333333333,2,2,TTGACAACAATTTATGTGGA,0,4285513
yadI_predicted,0.3333333333333333,2,2,TTGAAAAATCCGTGGCATTT,0,4365862
yadI_predicted,0.3333333333333333,2,2,TTCTTCGATGATTAGATTCA,0,4355563
yadI_predicted,0.3333333333333333,2,2,TTCTTATCTTCTCATGCATA,0,4292894
yadI_predicted,0.3333333333333333,2,2,TTCTGAAACTGCCGAGTGAT,0,4316112
yadI_predicted,0.3333333333333333,2,2,TTCTCATAACTTGCCCCTGG,0,4367547
yadI_predicted,0.3333333333333333,2,2,TTCTCAGAGACAGGAGCACA,0,4308021
yadI_predicted,0.3333333333333333,2,2,TTCTACCATCAGGGGTATGC,0,4316055
yadI_predicted,0.3333333333333333,2,2,TTCTAATGCTCCTGCCTATG,0,4304930
yadI_predicted,0.3333333333333333,2,2,TTCGTGAATCAAGTAGCTCT,0,4365772
yadI_predicted,0.3333333333333333,2,2,TTCGGGGAACAGATGTCGCT,0,4315934
yadI_predicted,0.3333333333333333,2,2,TTCGCGAGTCTCGGGAGTGT,0,4350208
yadI_predicted,0.3333333333333333,2,2,TTCGCCGTCAGCGATTGGAA,0,4342095
yadI_predicted,0.3333333333333333,2,2,TTCGCCCCCCACCACGAGGC,0,4314946
yadI_predicted,0.3333333333333333,2,2,TTCGCAGCTGAAACTCGGCG,0,4294574
yadI_predicted,0.3333333333333333,2,2,TTCCTTGCACCAACTCTGGT,0,4360160
yadI_predicted,0.3333333333333333,2,2,TTCCTGTGTAGGCACGTTGT,0,4360865
yadI_predicted,0.3333333333333333,2,2,TTCCTGGTTGCCCGTCGGGG,0,4347655
yadI_predicted,0.3333333333333333,2,2,TTCCTCTTTTCATCCGGTTC,0,4364348
yadI_predicted,0.3333333333333333,2,2,TTCCTACCATTCCATACTTA,0,4316223
yadI_predicted,0.3333333333333333,2,2,TTCCGTGTTTTCGAAGTACA,0,4334014
yadI_predicted,0.3333333333333333,2,2,TTCCGGTTGGAAAGGGCGGT,0,4366182
yadI_predicted,0.3333333333333333,2,2,TTCCCGTGGCAAACTTAAAA,0,4336326
yadI_predicted,0.3333333333333333,2,2,TTCCCCACACGGATACACGT,0,4349534
yadI_predicted,0.3333333333333333,2,2,TTCCCACACGCTCAGAGCCC,0,4361474
yadI_predicted,0.3333333333333333,2,2,TTCATGGTCAATAAATTTAG,0,4347667
yadI_predicted,0.3333333333333333,2,2,TTCATGACGGCTCGTGTGAC,0,4358065
yadI_predicted,0.3333333333333333,2,2,TTCATCAACCGGACTGTTAC,0,4301550
yadI_predicted,0.3333333333333333,2,2,TTCATACTTTAAGAGCCCTT,0,4293977
yadI_predicted,0.3333333333333333,2,2,TTCATACGCTAGCGCGGGTA,0,4320466
yadI_predicted,0.3333333333333333,2,2,TTCAGTTGAGTCGTCCTGCT,0,4291317
yadI_predicted,0.3333333333333333,2,2,TTCAGAGACAGGAGTGAGTA,0,4286690
yadI_predicted,0.3333333333333333,2,2,TTCACTTAAGGGTTCGCTCT,0,4284482
yadI_predicted,0.3333333333333333,2,2,TTCACTCGTAGTACTTATGT,0,4324794
yadI_predicted,0.3333333333333333,2,2,TTCACAGGGCCTTCGTTTTC,0,4290637
yadI_predicted,0.3333333333333333,2,2,TTCAATGAAGAGCACATTCT,0,4344308
yadI_predicted,0.3333333333333333,2,2,TTCAATCATCTCACTCGTTA,0,4331225
yadI_predicted,0.3333333333333333,2,2,TTCAAGTGGGGTCTTCATAA,0,4301654
yadI_predicted,0.3333333333333333,2,2,TTCAACGATCGGAGGGCAGG,0,4311620
yadI_predicted,0.3333333333333333,2,2,TTATTCTCCTGGACCTCAAG,0,4285424
yadI_predicted,0.3333333333333333,2,2,TTATTCCCGGTCCGTCGATG,0,4321865
yadI_predicted,0.3333333333333333,2,2,TTATGTTCTGCCTGTACCTA,0,4335801
yadI_predicted,0.3333333333333333,2,2,TTATCTTTACGTTCGACGTT,0,4286880
yadI_predicted,0.3333333333333333,2,2,TTATCTACGTAGAGTGGATA,0,4298880
yadI_predicted,0.3333333333333333,2,2,TTATATTGTAGCCCTGATAC,0,4324942
yadI_predicted,0.3333333333333333,2,2,TTATAGGTGATATGGGGTGC,0,4367120
yadI_predicted,0.3333333333333333,2,2,TTATACCGGCACAGCCGTGC,0,4284464
yadI_predicted,0.3333333333333333,2,2,TTATAAGTTCACCACGTACC,0,4342995
yadI_predicted,0.3333333333333333,2,2,TTATAAGGAATCGCACCCAG,0,4349305
yadI_predicted,0.3333333333333333,2,2,TTATAAGATTGGAATAGTGC,0,4307361
yadI_predicted,0.3333333333333333,2,2,TTAGTACTATAGGTGTTGTT,0,4360032
yadI_predicted,0.3333333333333333,2,2,TTAGGGTCATCTATATGCAC,0,4294901
yadI_predicted,0.3333333333333333,2,2,TTAGGGGTACCTTGCCTATA,0,4353741
yadI_predicted,0.3333333333333333,2,2,TTAGGATAGAGGCGAGTAGA,0,4340830
yadI_predicted,0.3333333333333333,2,2,TTAGGACGTTTCCTTGCGAG,0,4303409
yadI_predicted,0.3333333333333333,2,2,TTAGATATCCCAGGGTTTGT,0,4298943
yadI_predicted,0.3333333333333333,2,2,TTAGATACCGATCCACGAGT,0,4302321
yadI_predicted,0.3333333333333333,2,2,TTAGAGGGATGACCGATCCT,0,4299552
yadI_predicted,0.3333333333333333,2,2,TTAGAGACCAACACAAGAGC,0,4334676
yadI_predicted,0.3333333333333333,2,2,TTAGACCCTTTCTCGTCCGT,0,4328072
yadI_predicted,0.3333333333333333,2,2,TTAGAAATCAATGAAAACAA,0,4349642
yadI_predicted,0.3333333333333333,2,2,TTACTCTCTTGGTTTTACCC,0,4363420
yadI_predicted,0.3333333333333333,2,2,TTACTCCAGTGAGTCGCGCG,0,4311187
yadI_predicted,0.3333333333333333,2,2,TTACTAGCCGTATAATTCGG,0,4355656
yadI_predicted,0.3333333333333333,2,2,TTACTAATCATGGCTCCTAT,0,4318788
yadI_predicted,0.3333333333333333,2,2,TTACGGGCAGAGCTTACACG,0,4312699
yadI_predicted,0.3333333333333333,2,2,TTACGGCCCTGGATCCGGCA,0,4286604
yadI_predicted,0.3333333333333333,2,2,TTACCGGGATTTCTTGGGTT,0,4292626
yadI_predicted,0.3333333333333333,2,2,TTACATTTTTGTCCACGTAT,0,4325630
yadI_predicted,0.3333333333333333,2,2,TTACATGTCTGGTAACGTAT,0,4351318
yadI_predicted,0.3333333333333333,2,2,TTACAGATAACCGGCCAAGC,0,4364512
yadI_predicted,0.3333333333333333,2,2,TTACAATCCCACGGTATTGC,0,4348320
yadI_predicted,0.3333333333333333,2,2,TTAATGTTGTCCATAAGGCC,0,4290030
yadI_predicted,0.3333333333333333,2,2,TTAATGAGTGGTGTCGCCCA,0,4329469
yadI_predicted,0.3333333333333333,2,2,TTAATCTTGGCTGTGCGGCC,0,4321737
yadI_predicted,0.3333333333333333,2,2,TTAAGTTAATGGCAAGCACT,0,4340177
yadI_predicted,0.3333333333333333,2,2,TTAAGTAGCGCACACTTGCA,0,4323663
yadI_predicted,0.3333333333333333,2,2,TTAAAGTAGATTAAATTTGG,0,4317556
yadI_predicted,0.3333333333333333,2,2,TTAAAGACTCGTGTTAACTC,0,4316424
yadI_predicted,0.3333333333333333,2,2,TGTTTTAGTGTTACAATAAC,0,4352108
yadI_predicted,0.3333333333333333,2,2,TGTTGTTTGTAGCATAGGCG,0,4347337
yadI_predicted,0.3333333333333333,2,2,TGTTGGGCGCCTGAGTGTTG,0,4307662
yadI_predicted,0.3333333333333333,2,2,TGTTCGTACACTTTCACCAA,0,4359126
yadI_predicted,0.3333333333333333,2,2,TGTTCCAGTGGAGATACTCA,0,4299562
yadI_predicted,0.3333333333333333,2,2,TGTTCACAGCGTACGATCCT,0,4358341
yadI_predicted,0.3333333333333333,2,2,TGTTACCCAACACTTAAGGT,0,4328371
yadI_predicted,0.3333333333333333,2,2,TGTTAAGTAGTTGTAGCGCA,0,4349619
yadI_predicted,0.3333333333333333,2,2,TGTTAAATAACGTGTGGTCA,0,4325037
yadI_predicted,0.3333333333333333,2,2,TGTTAAAGATCAAGTTGTCC,0,4353249
yadI_predicted,0.3333333333333333,2,2,TGTGTAACCTTTTGATCGAG,0,4345419
yadI_predicted,0.3333333333333333,2,2,TGTGGGGCTTCGATGACTAA,0,4301719
yadI_predicted,0.3333333333333333,2,2,TGTGGCTTGTACTAAGTTCG,0,4298119
yadI_predicted,0.3333333333333333,2,2,TGTGGCGCCTGGTACTGGAA,0,4305705
yadI_predicted,0.3333333333333333,2,2,TGTGGCAACGCTATCAAGAT,0,4299201
yadI_predicted,0.3333333333333333,2,2,TGTGCAGGAATTTGAGTACT,0,4285410
yadI_predicted,0.3333333333333333,2,2,TGTGATCTTCACAAAACGTG,0,4356869
yadI_predicted,0.3333333333333333,2,2,TGTGAAGATCTGTCAGGAGG,0,4362076
yadI_predicted,0.3333333333333333,2,2,TGTGAACAAATAGAATACTT,0,4316531
yadI_predicted,0.3333333333333333,2,2,TGTCTTAGCTTTTGAGCACG,0,4329831
yadI_predicted,0.3333333333333333,2,2,TGTCTCGCTTGTGAACTACG,0,4333472
yadI_predicted,0.3333333333333333,2,2,TGTCGTATCACTGGGGGCTG,0,4338485
yadI_predicted,0.3333333333333333,2,2,TGTCGTACCGTCGGTCAGGA,0,4331410
yadI_predicted,0.3333333333333333,2,2,TGTCGCTTAATGGGCGACTG,0,4305612
yadI_predicted,0.3333333333333333,2,2,TGTCGCTCATACCGAACAGG,0,4322481
yadI_predicted,0.3333333333333333,2,2,TGTCGAGTTAGCTCGCTTAT,0,4309435
yadI_predicted,0.3333333333333333,2,2,TGTCCGTAATTTGGACAGGA,0,4310191
yadI_predicted,0.3333333333333333,2,2,TGTCCATCCGCACGAGGAAT,0,4368170
yadI_predicted,0.3333333333333333,2,2,TGTATGGGCTTATCGACCTA,0,4327785
yadI_predicted,0.3333333333333333,2,2,TGTATAGGACGCGTCACGGC,0,4338914
yadI_predicted,0.3333333333333333,2,2,TGTACAACACTTTGAAAAGC,0,4320510
yadI_predicted,0.3333333333333333,2,2,TGTAATTACAACTGCTTGGC,0,4369485
yadI_predicted,0.3333333333333333,2,2,TGTAAGTCGGCTGGGCCATC,0,4362292
yadI_predicted,0.3333333333333333,2,2,TGGTTTCAGAACGCGATCCC,0,4355473
yadI_predicted,0.3333333333333333,2,2,TGGTTGAAACTGCGTTTGGA,0,4303117
yadI_predicted,0.3333333333333333,2,2,TGGTTCATGTGAACACGAAT,0,4311064
yadI_predicted,0.3333333333333333,2,2,TGGTGGCGAGGTCGAGGCTA,0,4351083
yadI_predicted,0.3333333333333333,2,2,TGGTCGTTTATCATGCAGAG,0,4341945
yadI_predicted,0.3333333333333333,2,2,TGGTAGTCCATCTGGTAATT,0,4342810
yadI_predicted,0.3333333333333333,2,2,TGGTAGCGTTCAAGCGTTTG,0,4297582
yadI_predicted,0.3333333333333333,2,2,TGGTAAGAATATCGGCTCAG,0,4352153
yadI_predicted,0.3333333333333333,2,2,TGGGTGCGACTGAGATTACG,0,4336653
yadI_predicted,0.3333333333333333,2,2,TGGGTGAGCGAAATGCGAAA,0,4291072
yadI_predicted,0.3333333333333333,2,2,TGGGTCGGGCCCCCGACTTG,0,4366415
yadI_predicted,0.3333333333333333,2,2,TGGGGGACTACCTTTCCGAC,0,4325558
yadI_predicted,0.3333333333333333,2,2,TGGGGAAGCCCATTGGCGTG,0,4353682
yadI_predicted,0.3333333333333333,2,2,TGGGCTAGACTGTTCCGGGA,0,4344230
yadI_predicted,0.3333333333333333,2,2,TGGGCGGAATTTCGTCGCGG,0,4314742
yadI_predicted,0.3333333333333333,2,2,TGGGCCGTAAAGATGCTGCT,0,4342419
yadI_predicted,0.3333333333333333,2,2,TGGGCAATTCCGCACCGTAG,0,4316216
yadI_predicted,0.3333333333333333,2,2,TGGGATGCTCCGTAGCCCCC,0,4342574
yadI_predicted,0.3333333333333333,2,2,TGGGAGTCCCCGGGTAAACG,0,4338120
yadI_predicted,0.3333333333333333,2,2,TGGGACCGAGGTGGACAGCC,0,4326556
yadI_predicted,0.3333333333333333,2,2,TGGGAATAAGTCTTTAGCCC,0,4368918
yadI_predicted,0.3333333333333333,2,2,TGGCCAGCAATTATCCACTT,0,4362245
yadI_predicted,0.3333333333333333,2,2,TGGCATAATGGGGAGTTCTT,0,4362753
yadI_predicted,0.3333333333333333,2,2,TGGCAGTATCGAGACAGCCA,0,4320975
yadI_predicted,0.3333333333333333,2,2,TGGCAAGACTTGCTACGCGC,0,4318342
yadI_predicted,0.3333333333333333,2,2,TGGCAAATAAGCGCGCGTTG,0,4308031
yadI_predicted,0.3333333333333333,2,2,TGGATAAGCCTTCCCGCACA,0,4353898
yadI_predicted,0.3333333333333333,2,2,TGGACAGATAGTGCTAATTC,0,4292527
yadI_predicted,0.3333333333333333,2,2,TGGAATGGACGGATGACCAC,0,4308500
yadI_predicted,0.3333333333333333,2,2,TGGAAATTCGTCATAACTTG,0,4293775
yadI_predicted,0.3333333333333333,2,2,TGGAAAGATGTGGGTCAATA,0,4290039
yadI_predicted,0.3333333333333333,2,2,TGCTTTCGGTGCACCCCCGT,0,4307240
yadI_predicted,0.3333333333333333,2,2,TGCTGTACTCCCTACGCTCG,0,4319615
yadI_predicted,0.3333333333333333,2,2,TGCTGCTACTTCGCCGTCGG,0,4289222
yadI_predicted,0.3333333333333333,2,2,TGCTCGCGTCTCCGGCTACC,0,4324748
yadI_predicted,0.3333333333333333,2,2,TGCTCCCATGGGTCAAATTT,0,4316891
yadI_predicted,0.3333333333333333,2,2,TGCTACGCTTCATGCGTGAG,0,4320609
yadI_predicted,0.3333333333333333,2,2,TGCTAAATCACGGATGCCAT,0,4336413
yadI_predicted,0.3333333333333333,2,2,TGCGTGTCGTCTTCCTAGGA,0,4369543
yadI_predicted,0.3333333333333333,2,2,TGCGTACTAGGTTGCCACAC,0,4286301
yadI_predicted,0.3333333333333333,2,2,TGCGGCTCAGAAGGCCTCAA,0,4298699
yadI_predicted,0.3333333333333333,2,2,TGCGCTGACTAACTGTTACA,0,4365700
yadI_predicted,0.3333333333333333,2,2,TGCGACATACAGGTTTTACT,0,4305681
yadI_predicted,0.3333333333333333,2,2,TGCGAATAATACGTAGTTTC,0,4313617
yadI_predicted,0.3333333333333333,2,2,TGCCGGGCCACTTAGGGGAA,0,4351417
yadI_predicted,0.3333333333333333,2,2,TGCCGGAGAGGGGCTAAGAA,0,4368381
yadI_predicted,0.3333333333333333,2,2,TGCCCAGTCTGATCTTTCCA,0,4350386
yadI_predicted,0.3333333333333333,2,2,TGCCAGTACTATCTTCAACA,0,4320225
yadI_predicted,0.3333333333333333,2,2,TGCATGGTCCGAGACGGCCT,0,4302474
yadI_predicted,0.3333333333333333,2,2,TGCATAAACAAATGACCGAA,0,4312490
yadI_predicted,0.3333333333333333,2,2,TGCAGGTAGAGAGCACAGTC,0,4357638
yadI_predicted,0.3333333333333333,2,2,TGCACTCTGGCTGCGGATCA,0,4345971
yadI_predicted,0.3333333333333333,2,2,TGCACGTGCGCCTGACCCTG,0,4285598
yadI_predicted,0.3333333333333333,2,2,TGCACCGACAGATCTGTCAT,0,4358937
yadI_predicted,0.3333333333333333,2,2,TGCAATTTTAAGATCGGGCA,0,4338579
yadI_predicted,0.3333333333333333,2,2,TGATTAGAGCAGAGTGGCAT,0,4337767
yadI_predicted,0.3333333333333333,2,2,TGATGTCAAAGAATGGGCAA,0,4352862
yadI_predicted,0.3333333333333333,2,2,TGATGGTATATAAAGGGAAA,0,4299822
yadI_predicted,0.3333333333333333,2,2,TGATCTCCTCACAACTAATT,0,4296477
yadI_predicted,0.3333333333333333,2,2,TGATAGGCTATACCACTAGA,0,4285922
yadI_predicted,0.3333333333333333,2,2,TGATAGGCGCGTCGGCCGGA,0,4365844
yadI_predicted,0.3333333333333333,2,2,TGATAGGACCTGAAGACCAT,0,4301944
yadI_predicted,0.3333333333333333,2,2,TGATAGCCTGGGCCTTAAGT,0,4312448
yadI_predicted,0.3333333333333333,2,2,TGATAAAAGCACTCTGCTCA,0,4343912
yadI_predicted,0.3333333333333333,2,2,TGAGGCTCAGGCTGGCACTT,0,4332729
yadI_predicted,0.3333333333333333,2,2,TGAGCTCGCTAATGCCGGTT,0,4330830
yadI_predicted,0.3333333333333333,2,2,TGAGCGGACCAGTGCATGTT,0,4320602
yadI_predicted,0.3333333333333333,2,2,TGAGAGGACATAGAATTGAA,0,4347784
yadI_predicted,0.3333333333333333,2,2,TGACTCAGAGGGGTCGATGA,0,4325193
yadI_predicted,0.3333333333333333,2,2,TGACTATATGACAGATACAG,0,4291700
yadI_predicted,0.3333333333333333,2,2,TGACGCATCCAGGCGTCTGC,0,4295901
yadI_predicted,0.3333333333333333,2,2,TGACGACTGTGAGTCCCGTA,0,4290710
yadI_predicted,0.3333333333333333,2,2,TGACCTCATCTGTTTCCGGC,0,4312333
yadI_predicted,0.3333333333333333,2,2,TGACCAAGCTCCTGCGCCTT,0,4289287
yadI_predicted,0.3333333333333333,2,2,TGAATTCGTTCCAGCTCTCG,0,4295994
yadI_predicted,0.3333333333333333,2,2,TGAATGGAGTCTCATTTTCA,0,4337025
yadI_predicted,0.3333333333333333,2,2,TGAAGTTTTTTTTCCTCGGT,0,4358487
yadI_predicted,0.3333333333333333,2,2,TGAAGGTACTAGACTAATTA,0,4299728
yadI_predicted,0.3333333333333333,2,2,TCTTTTTGCGCCGCGGCACG,0,4284562
yadI_predicted,0.3333333333333333,2,2,TCTTTTAGGTAAAGCAAATG,0,4321652
yadI_predicted,0.3333333333333333,2,2,TCTTTCGTCCTCATCACCGA,0,4302741
yadI_predicted,0.3333333333333333,2,2,TCTTTATTCCCCGTATTGAG,0,4336149
yadI_predicted,0.3333333333333333,2,2,TCTTGCTTCCACACGGAATA,0,4309303
yadI_predicted,0.3333333333333333,2,2,TCTTGCGTCGGCAGTGGTCA,0,4309350
yadI_predicted,0.3333333333333333,2,2,TCTTAGGCTATCTTCTAAGT,0,4291101
yadI_predicted,0.3333333333333333,2,2,TCTTAAATTTACGAACAATT,0,4320264
yadI_predicted,0.3333333333333333,2,2,TCTGTTTGACAAGAAGGGGT,0,4336659
yadI_predicted,0.3333333333333333,2,2,TCTGGGGTCCCCGCCTAGAC,0,4357449
yadI_predicted,0.3333333333333333,2,2,TCTGCACTATTAGCATCATG,0,4294385
yadI_predicted,0.3333333333333333,2,2,TCTGAATAGCTTAGTCCATG,0,4318459
yadI_predicted,0.3333333333333333,2,2,TCTCTGAACGGCCGGCAGAC,0,4300386
yadI_predicted,0.3333333333333333,2,2,TCTCTAACCGTCAGGGGTAT,0,4344779
yadI_predicted,0.3333333333333333,2,2,TCTCGGGAGGGGCTGTAAAA,0,4294497
yadI_predicted,0.3333333333333333,2,2,TCTCGCTGACAACCGTCGTC,0,4350749
yadI_predicted,0.3333333333333333,2,2,TCTCCTTCTTTGAACGAACG,0,4334793
yadI_predicted,0.3333333333333333,2,2,TCTATATGAAGCAGCGAGAT,0,4343213
yadI_predicted,0.3333333333333333,2,2,TCTATACAGAGCGGTGTGCG,0,4345681
yadI_predicted,0.3333333333333333,2,2,TCTAGGGAATCGGTGTTCTC,0,4349585
yadI_predicted,0.3333333333333333,2,2,TCTAGCGGACTGCTCGAGGA,0,4319242
yadI_predicted,0.3333333333333333,2,2,TCTACGACTAGCATCACATG,0,4338027
yadI_predicted,0.3333333333333333,2,2,TCTACCAGCCGATCGGGATC,0,4303410
yadI_predicted,0.3333333333333333,2,2,TCTACAGCCACATGCGCGGA,0,4319299
yadI_predicted,0.3333333333333333,2,2,TCGTTCTCCATGGCGCTAGG,0,4321965
yadI_predicted,0.3333333333333333,2,2,TCGTTATAGCCATCTTCCGT,0,4338044
yadI_predicted,0.3333333333333333,2,2,TCGTGTTGCCTACCGCACCA,0,4368621
yadI_predicted,0.3333333333333333,2,2,TCGTGTCGCACCCCCCAGAC,0,4293046
yadI_predicted,0.3333333333333333,2,2,TCGTCTAACTATGTGGGAGG,0,4341782
yadI_predicted,0.3333333333333333,2,2,TCGTCGTTCCCAATGGAGGC,0,4307322
yadI_predicted,0.3333333333333333,2,2,TCGTCCGACACCAAAGCGGC,0,4286884
yadI_predicted,0.3333333333333333,2,2,TCGTCAGGTAGAGTGGACGC,0,4339192
yadI_predicted,0.3333333333333333,2,2,TCGTACCGCAGTACTTAATG,0,4340506
yadI_predicted,0.3333333333333333,2,2,TCGTAATTGCAGAGACGTAT,0,4347186
yadI_predicted,0.3333333333333333,2,2,TCGTAAACTGTGATTCCTTT,0,4286450
yadI_predicted,0.3333333333333333,2,2,TCGGTGCAATCTTATACGGC,0,4318311
yadI_predicted,0.3333333333333333,2,2,TCGGTATGGATTTCAGTAAG,0,4356018
yadI_predicted,0.3333333333333333,2,2,TCGGGTGTAGAGTATTCTTT,0,4304949
yadI_predicted,0.3333333333333333,2,2,TCGGCTCGTTTAGAAGTCGA,0,4361429
yadI_predicted,0.3333333333333333,2,2,TCGGCTAACCTCCTGTCCTT,0,4353897
yadI_predicted,0.3333333333333333,2,2,TCGGAGATCAAATCTTCCTA,0,4362258
yadI_predicted,0.3333333333333333,2,2,TCGGACTTCCGGAGACGGAG,0,4369123
yadI_predicted,0.3333333333333333,2,2,TCGCTTCATGCATCGGTCGC,0,4285913
yadI_predicted,0.3333333333333333,2,2,TCGCGTATATTAGATCTGAT,0,4309848
yadI_predicted,0.3333333333333333,2,2,TCGCGGGTAATAATCTAACA,0,4314530
yadI_predicted,0.3333333333333333,2,2,TCGCGCGACAAAACATCGGA,0,4284772
yadI_predicted,0.3333333333333333,2,2,TCGCGCCTACTGTCCGGTGT,0,4337746
yadI_predicted,0.3333333333333333,2,2,TCGCCTGCGGATCTATGAAT,0,4293310
yadI_predicted,0.3333333333333333,2,2,TCGCCGTTCCGATTGTTAGA,0,4306357
yadI_predicted,0.3333333333333333,2,2,TCGCCGCCCCTCTCGCCGTT,0,4323516
yadI_predicted,0.3333333333333333,2,2,TCGCATAATCTACTGCATTG,0,4348567
yadI_predicted,0.3333333333333333,2,2,TCGCAGGCCTGAAGGAGTAT,0,4302967
yadI_predicted,0.3333333333333333,2,2,TCGATCTGTACACGGGAAAG,0,4350824
yadI_predicted,0.3333333333333333,2,2,TCGAGCGCTCTAAACCGCGC,0,4325160
yadI_predicted,0.3333333333333333,2,2,TCGACAGTGTGTAGCCGGAT,0,4307683
yadI_predicted,0.3333333333333333,2,2,TCGAATGTGATTATGGTGGA,0,4308304
yadI_predicted,0.3333333333333333,2,2,TCGAATGCCTAGCGATATCA,0,4341002
yadI_predicted,0.3333333333333333,2,2,TCGAACGTCATTATCTCGAG,0,4358802
yadI_predicted,0.3333333333333333,2,2,TCCTTGAGGAGTGGGTTGTT,0,4366365
yadI_predicted,0.3333333333333333,2,2,TCCTTAAGGGACAATTTCGG,0,4295587
yadI_predicted,0.3333333333333333,2,2,TCCTCTGGTCTCCATGCCCA,0,4309186
yadI_predicted,0.3333333333333333,2,2,TCCTCAGGCATTGCACAAGG,0,4334854
yadI_predicted,0.3333333333333333,2,2,TCCGTTCGCTGATATGTACT,0,4335074
yadI_predicted,0.3333333333333333,2,2,TCCGTATTCGACTATACTAC,0,4359208
yadI_predicted,0.3333333333333333,2,2,TCCGTAGTGGCATTTCCAGT,0,4307718
yadI_predicted,0.3333333333333333,2,2,TCCGCTTGCGGCTTTGCTTA,0,4298361
yadI_predicted,0.3333333333333333,2,2,TCCGCCCCACGATCGCCGAA,0,4298923
yadI_predicted,0.3333333333333333,2,2,TCCGACGGCAGCACGCCCTA,0,4314550
yadI_predicted,0.3333333333333333,2,2,TCCCTGACCCGTGTCGCTTC,0,4314120
yadI_predicted,0.3333333333333333,2,2,TCCCTCTAGGCGGCGTGACG,0,4313089
yadI_predicted,0.3333333333333333,2,2,TCCCTCCCCGGCCACAAGTC,0,4346615
yadI_predicted,0.3333333333333333,2,2,TCCCGGGTCCCATTCGTCTC,0,4312916
yadI_predicted,0.3333333333333333,2,2,TCCCGCATCCCCTGGTAATC,0,4346525
yadI_predicted,0.3333333333333333,2,2,TCCCGAGCCTCGTGGGTCCC,0,4338521
yadI_predicted,0.3333333333333333,2,2,TCCCGAGAGCCTTCTTTGCG,0,4367905
yadI_predicted,0.3333333333333333,2,2,TCCCCCTTGAAGGGTGGGTA,0,4299931
yadI_predicted,0.3333333333333333,2,2,TCCATTTTTTTTTATTCTTA,0,4296091
yadI_predicted,0.3333333333333333,2,2,TCCATCTCCGACAAGAGGTC,0,4327791
yadI_predicted,0.3333333333333333,2,2,TCCATAGTAGGCTTAGAAAC,0,4331964
yadI_predicted,0.3333333333333333,2,2,TCCATACTGCCGGTCTTGCT,0,4325187
yadI_predicted,0.3333333333333333,2,2,TCCAGCGGTAATGAAGGATA,0,4305895
yadI_predicted,0.3333333333333333,2,2,TCCAAGAGGCGACCACGCTG,0,4317374
yadI_predicted,0.3333333333333333,2,2,TCCAACCCTTTCTGGGATTC,0,4348145
yadI_predicted,0.3333333333333333,2,2,TCCAACAACAGCATTTGAGT,0,4325067
yadI_predicted,0.3333333333333333,2,2,TCCAAATCGCAGGCAGGGGG,0,4318793
yadI_predicted,0.3333333333333333,2,2,TCCAAATATGGAGCTTTTAG,0,4325526
yadI_predicted,0.3333333333333333,2,2,TCATTGTATGTGCGCGGATG,0,4345453
yadI_predicted,0.3333333333333333,2,2,TCATTGGGATATTGGCAAAA,0,4314503
yadI_predicted,0.3333333333333333,2,2,TCATGCGGTGTAATCCAGTC,0,4291158
yadI_predicted,0.3333333333333333,2,2,TCATGATTAGAAATCCCGCT,0,4298533
yadI_predicted,0.3333333333333333,2,2,TCATCTAAGTGAGGTACATA,0,4363949
yadI_predicted,0.3333333333333333,2,2,TCATCGATCACCCGATGGAA,0,4356265
yadI_predicted,0.3333333333333333,2,2,TCATATATAATGTCAGTTAA,0,4368805
yadI_predicted,0.3333333333333333,2,2,TCAGTGGGAGCGGTAGTATG,0,4350199
yadI_predicted,0.3333333333333333,2,2,TCAGTGCAGCTGCAGATCAG,0,4358225
yadI_predicted,0.3333333333333333,2,2,TCAGTAAAATCTGAAGCTCA,0,4292308
yadI_predicted,0.3333333333333333,2,2,TCAGGTTATCCTCTGCCAGT,0,4307277
yadI_predicted,0.3333333333333333,2,2,TCAGGTGTGCCACCTGACCA,0,4331679
yadI_predicted,0.3333333333333333,2,2,TCAGGGTAGGAGATGCTCGT,0,4369976
yadI_predicted,0.3333333333333333,2,2,TCAGAATGTTACGCCACCAC,0,4350500
yadI_predicted,0.3333333333333333,2,2,TCAGAAATGTCGTCGAGGGA,0,4360130
yadI_predicted,0.3333333333333333,2,2,TCACTTTGGCCAGCTCGTCA,0,4290152
yadI_predicted,0.3333333333333333,2,2,TCACTGGGCTACCGTCTTCA,0,4319189
yadI_predicted,0.3333333333333333,2,2,TCACTACAGGGGGAGGGGGT,0,4323549
yadI_predicted,0.3333333333333333,2,2,TCACGGTTATCATATAAGAT,0,4306050
yadI_predicted,0.3333333333333333,2,2,TCACGGCTTCGTTAGGAGGT,0,4324140
yadI_predicted,0.3333333333333333,2,2,TCACCTTCCCGCATCAGAGG,0,4286903
yadI_predicted,0.3333333333333333,2,2,TCACCGGTTCAACTGGGGTA,0,4358437
yadI_predicted,0.3333333333333333,2,2,TCACCATCTTCAAGATGTGG,0,4302226
yadI_predicted,0.3333333333333333,2,2,TCACAGGGTCCGATTCTGGC,0,4284356
yadI_predicted,0.3333333333333333,2,2,TCACAAGGTCGTAATCAATA,0,4339655
yadI_predicted,0.3333333333333333,2,2,TCAAGTCCTGCACAGGGTTC,0,4311902
yadI_predicted,0.3333333333333333,2,2,TCAAGGCTGAAGGAAAGGCT,0,4328426
yadI_predicted,0.3333333333333333,2,2,TCAAGGCCCAATAGAAGGCG,0,4346642
yadI_predicted,0.3333333333333333,2,2,TCAACCGGATTTCCTATCAA,0,4311151
yadI_predicted,0.3333333333333333,2,2,TCAAACGCGGCATGCGAGAA,0,4334207
yadI_predicted,0.3333333333333333,2,2,TATTTCCGACACATTAGCAT,0,4299991
yadI_predicted,0.3333333333333333,2,2,TATTTATTGGCGAGCCTCGG,0,4328449
yadI_predicted,0.3333333333333333,2,2,TATGTTTATCTGCCACTGGT,0,4334326
yadI_predicted,0.3333333333333333,2,2,TATGTCTGCGGGCCACTTTA,0,4361984
yadI_predicted,0.3333333333333333,2,2,TATGGTCCTAGAACTAGAGT,0,4358861
yadI_predicted,0.3333333333333333,2,2,TATGCTCTGCGAGTAGTAAG,0,4340942
yadI_predicted,0.3333333333333333,2,2,TATGCCGGGCATTGCTCGGA,0,4334028
yadI_predicted,0.3333333333333333,2,2,TATGCACTTTGTGGCCGATT,0,4354247
yadI_predicted,0.3333333333333333,2,2,TATGATTGCGTCCCGCCTTG,0,4324291
yadI_predicted,0.3333333333333333,2,2,TATGATAGTAGCATGTGGTG,0,4299355
yadI_predicted,0.3333333333333333,2,2,TATGAGCGTCCCTTTGGATT,0,4341533
yadI_predicted,0.3333333333333333,2,2,TATGAATGATCATGGTTTAG,0,4300551
yadI_predicted,0.3333333333333333,2,2,TATCTTCCGATAAATAGTTA,0,4310653
yadI_predicted,0.3333333333333333,2,2,TATCTCTCACCACGTCGATT,0,4324285
yadI_predicted,0.3333333333333333,2,2,TATCGAAGAGGTCCTTGTCT,0,4330642
yadI_predicted,0.3333333333333333,2,2,TATCCCGTGAGTGCGAAAGT,0,4342149
yadI_predicted,0.3333333333333333,2,2,TATCCACGAGGTTCGGATTT,0,4306102
yadI_predicted,0.3333333333333333,2,2,TATCAGTGGTACCCTGAAAT,0,4354381
yadI_predicted,0.3333333333333333,2,2,TATCAGGATGGTATCGCCTC,0,4332597
yadI_predicted,0.3333333333333333,2,2,TATATCGTCATGGACATAAT,0,4361577
yadI_predicted,0.3333333333333333,2,2,TATATAGCCGACTTGGCTTA,0,4367285
yadI_predicted,0.3333333333333333,2,2,TATATACGTTAAGGATGTTG,0,4338570
yadI_predicted,0.3333333333333333,2,2,TATAGTGAAGTTCCCCGGGA,0,4295061
yadI_predicted,0.3333333333333333,2,2,TATAGTCTTCATGTACAAGG,0,4334901
yadI_predicted,0.3333333333333333,2,2,TATAGGAGCTCGCCAGCAAC,0,4319980
yadI_predicted,0.3333333333333333,2,2,TATAGAAGCCGATCGGAGAC,0,4293037
yadI_predicted,0.3333333333333333,2,2,TATACCACTGCTAACTTAAC,0,4338616
yadI_predicted,0.3333333333333333,2,2,TATAATCTCATCTTGGATGC,0,4360432
yadI_predicted,0.3333333333333333,2,2,TATAACTCCTAGCTTAAGGT,0,4349410
yadI_predicted,0.3333333333333333,2,2,TAGTCGATCGCCGACCGAGT,0,4369127
yadI_predicted,0.3333333333333333,2,2,TAGGTTCTCTGGGAGGTATT,0,4366147
yadI_predicted,0.3333333333333333,2,2,TAGGTCAAATTGGGGAACTG,0,4347084
yadI_predicted,0.3333333333333333,2,2,TAGGGTTATGGGGAAAGACG,0,4355232
yadI_predicted,0.3333333333333333,2,2,TAGGGTAGCTGGTAGTATGC,0,4358504
yadI_predicted,0.3333333333333333,2,2,TAGGCATTGGTTACTATCAT,0,4300759
yadI_predicted,0.3333333333333333,2,2,TAGGACGGGGTTTGGCGCCT,0,4316763
yadI_predicted,0.3333333333333333,2,2,TAGGACACTCCTTTTTATGT,0,4310437
yadI_predicted,0.3333333333333333,2,2,TAGGAAACGTTCGGCCAAGA,0,4361216
yadI_predicted,0.3333333333333333,2,2,TAGCTTCCGAATATGGTCTG,0,4299141
yadI_predicted,0.3333333333333333,2,2,TAGCTGACACGAAGACCAGC,0,4366187
yadI_predicted,0.3333333333333333,2,2,TAGCTCAGCTCAAGTGAACA,0,4320063
yadI_predicted,0.3333333333333333,2,2,TAGCGTGGTCTGGGCCGGAC,0,4354513
yadI_predicted,0.3333333333333333,2,2,TAGCGACGGCGGGGTAGATG,0,4333251
yadI_predicted,0.3333333333333333,2,2,TAGCCGAGGCTAAAACGGTA,0,4288777
yadI_predicted,0.3333333333333333,2,2,TAGCATTGTTGTAAATGCAT,0,4363992
yadI_predicted,0.3333333333333333,2,2,TAGCAAGCACGGGAGGCAGG,0,4349512
yadI_predicted,0.3333333333333333,2,2,TAGATGATCGCACTCGGAGT,0,4296414
yadI_predicted,0.3333333333333333,2,2,TAGAGTAACGCCCGCACCTC,0,4298406
yadI_predicted,0.3333333333333333,2,2,TAGAGCCGTGCTCCGTATTG,0,4354619
yadI_predicted,0.3333333333333333,2,2,TAGACGTGGATATATATGGA,0,4322656
yadI_predicted,0.3333333333333333,2,2,TAGACCCAATCTTTTATGAT,0,4304516
yadI_predicted,0.3333333333333333,2,2,TAGAACGCATTAATTTATTT,0,4333984
yadI_predicted,0.3333333333333333,2,2,TACTTCCTTTCGTTGCAGGG,0,4329271
yadI_predicted,0.3333333333333333,2,2,TACTTCACGTTTTCGCAGCA,0,4333378
yadI_predicted,0.3333333333333333,2,2,TACTTATTACCAACAACACT,0,4321749
yadI_predicted,0.3333333333333333,2,2,TACTTATCAGGGCGCATAAA,0,4288129
yadI_predicted,0.3333333333333333,2,2,TACTGTGGCAGCTACGGAGA,0,4347421
yadI_predicted,0.3333333333333333,2,2,TACTGGCCGCCCGTAGCATA,0,4335996
yadI_predicted,0.3333333333333333,2,2,TACTGCGGAGAAGTCAGCAA,0,4354637
yadI_predicted,0.3333333333333333,2,2,TACTGCATTACTTTGGAACC,0,4299892
yadI_predicted,0.3333333333333333,2,2,TACTCGTAACGCAACCCGGG,0,4360266
yadI_predicted,0.3333333333333333,2,2,TACTCCTCTGCGTAACCATT,0,4325588
yadI_predicted,0.3333333333333333,2,2,TACGGGACCACACTCTCTGT,0,4291979
yadI_predicted,0.3333333333333333,2,2,TACGGCGTGTATTTGGAGTA,0,4310187
yadI_predicted,0.3333333333333333,2,2,TACGGCGTAGATACTCAGGT,0,4319456
yadI_predicted,0.3333333333333333,2,2,TACGCTGAACTCGGTGTGGG,0,4298322
yadI_predicted,0.3333333333333333,2,2,TACGCCAAATTTGTATGGGG,0,4354776
yadI_predicted,0.3333333333333333,2,2,TACGCAACGGAGCTACAGAT,0,4369140
yadI_predicted,0.3333333333333333,2,2,TACGAAACAAATTCAGTATA,0,4335289
yadI_predicted,0.3333333333333333,2,2,TACCTTCTCGGTGGGGCCCT,0,4315149
yadI_predicted,0.3333333333333333,2,2,TACCCCGGTCCGCTAGCGCG,0,4350832
yadI_predicted,0.3333333333333333,2,2,TACCCATTTGGTAGGACCCT,0,4325570
yadI_predicted,0.3333333333333333,2,2,TACCATATTGTACTGATTAT,0,4340815
yadI_predicted,0.3333333333333333,2,2,TACCAGCCCTACGGATGTGA,0,4330479
yadI_predicted,0.3333333333333333,2,2,TACCAAGCTCCGGGGAAGCA,0,4333397
yadI_predicted,0.3333333333333333,2,2,TACATGGTACGGCCCGCGAT,0,4295054
yadI_predicted,0.3333333333333333,2,2,TACATATAGTTAACGATGGA,0,4292456
yadI_predicted,0.3333333333333333,2,2,TACAGTTAGGCAGGGTGTAA,0,4312476
yadI_predicted,0.3333333333333333,2,2,TACACTGAAAAGGGCTTCTG,0,4314493
yadI_predicted,0.3333333333333333,2,2,TACACGTAGCACATCTTCTC,0,4365529
yadI_predicted,0.3333333333333333,2,2,TACAATCTACGCTGCTGCTA,0,4339883
yadI_predicted,0.3333333333333333,2,2,TACAAGCCTGAAATGTTGAC,0,4315216
yadI_predicted,0.3333333333333333,2,2,TAATTTAGGGGGACGTAAAG,0,4332073
yadI_predicted,0.3333333333333333,2,2,TAATTCGAATCCAGATAAGC,0,4300937
yadI_predicted,0.3333333333333333,2,2,TAATTATTACCGGAAGGACA,0,4329858
yadI_predicted,0.3333333333333333,2,2,TAATTAACGTACGATCGTCA,0,4354502
yadI_predicted,0.3333333333333333,2,2,TAATGAGACGGTAACTGATG,0,4361768
yadI_predicted,0.3333333333333333,2,2,TAATCGCGTATCGTTTGCAA,0,4297358
yadI_predicted,0.3333333333333333,2,2,TAATAGTGCGCAATACACGA,0,4337207
yadI_predicted,0.3333333333333333,2,2,TAATAGGTGTCCGCGAGGTA,0,4342829
yadI_predicted,0.3333333333333333,2,2,TAATAATCTCCCATGCCGGA,0,4353394
yadI_predicted,0.3333333333333333,2,2,TAATAATAGTCACCTCGTCG,0,4345357
yadI_predicted,0.3333333333333333,2,2,TAAGTTCATTAGTTTTTCTC,0,4309493
yadI_predicted,0.3333333333333333,2,2,TAAGTGGAGGCGGTCATCCT,0,4333428
yadI_predicted,0.3333333333333333,2,2,TAAGGTGTGAATCGACCGAT,0,4340123
yadI_predicted,0.3333333333333333,2,2,TAAGGACGGCCGTTGGTACC,0,4287245
yadI_predicted,0.3333333333333333,2,2,TAAGCTATTAGCGTTGACAT,0,4309119
yadI_predicted,0.3333333333333333,2,2,TAAGCAACGCTATTAAGAGG,0,4294998
yadI_predicted,0.3333333333333333,2,2,TAACTTTTCATAAATGTAAG,0,4297701
yadI_predicted,0.3333333333333333,2,2,TAACGTTACGCCACAGACGT,0,4353365
yadI_predicted,0.3333333333333333,2,2,TAACGCCCCACCCGAATAAC,0,4321160
yadI_predicted,0.3333333333333333,2,2,TAACAGACGATGGGAATGAC,0,4304701
yadI_predicted,0.3333333333333333,2,2,TAACACTTCTCGATTCATAT,0,4366041
yadI_predicted,0.3333333333333333,2,2,TAAAGTGTCGGGCGGAGAGA,0,4316719
yadI_predicted,0.3333333333333333,2,2,TAAAGAGTACTTACTGTGGA,0,4291417
yadI_predicted,0.3333333333333333,2,2,TAAACGAGACGGTGGCAAGA,0,4351460
yadI_predicted,0.3333333333333333,2,2,TAAACCATTGGCCCAGGAGT,0,4340698
yadI_predicted,0.3333333333333333,2,2,TAAAAGAGCTAAGGGAGCAG,0,4327383
yadI_predicted,0.3333333333333333,2,2,TAAAACAACGGATCGTGGAA,0,4358425
yadI_predicted,0.3333333333333333,2,2,TAAAAACTGCTCAGAGTCTC,0,4344803
yadI_predicted,0.3333333333333333,2,2,GTTTGTGCAGGGGCGCTGTG,0,4289100
yadI_predicted,0.3333333333333333,2,2,GTTTGGGTATTAATTGGCGT,0,4289458
yadI_predicted,0.3333333333333333,2,2,GTTTGGAGTTTTATCGTTGT,0,4360454
yadI_predicted,0.3333333333333333,2,2,GTTTCTACTCCGTTGTGCGA,0,4301431
yadI_predicted,0.3333333333333333,2,2,GTTGTTGTTAACCTAGCTTG,0,4299585
yadI_predicted,0.3333333333333333,2,2,GTTGTCAAGAGGGCGGGATC,0,4353484
yadI_predicted,0.3333333333333333,2,2,GTTGTAGGGAACCCATGTGA,0,4350163
yadI_predicted,0.3333333333333333,2,2,GTTGCTCACGCCGAGCCGGG,0,4312816
yadI_predicted,0.3333333333333333,2,2,GTTGCGTAATCGTGAACCTG,0,4290754
yadI_predicted,0.3333333333333333,2,2,GTTGCGGGGGATAATTGGCG,0,4292246
yadI_predicted,0.3333333333333333,2,2,GTTGCGGGAGCCTCCGAATG,0,4310309
yadI_predicted,0.3333333333333333,2,2,GTTCTCGGGGGCGGGCAAGG,0,4303141
yadI_predicted,0.3333333333333333,2,2,GTTCTAAAACGGTAACCCGC,0,4344792
yadI_predicted,0.3333333333333333,2,2,GTTCGTAAGGGCCACATTCT,0,4352422
yadI_predicted,0.3333333333333333,2,2,GTTCGGCGTTTGGGACCGGT,0,4301277
yadI_predicted,0.3333333333333333,2,2,GTTCCGAAGCTGGATTTAGT,0,4294733
yadI_predicted,0.3333333333333333,2,2,GTTCATTTTGCCTCCTGCGT,0,4361562
yadI_predicted,0.3333333333333333,2,2,GTTCAGCTTGAGATCGTACT,0,4327200
yadI_predicted,0.3333333333333333,2,2,GTTATTGCCGGAGCAACGAT,0,4351923
yadI_predicted,0.3333333333333333,2,2,GTTATTGCCCCGAATCGGTC,0,4365661
yadI_predicted,0.3333333333333333,2,2,GTTATGAAACAGACGGCTCG,0,4303510
yadI_predicted,0.3333333333333333,2,2,GTTATCCGGGCCTTCTGACG,0,4307790
yadI_predicted,0.3333333333333333,2,2,GTTAGTCTACGCGCAATGTT,0,4360447
yadI_predicted,0.3333333333333333,2,2,GTTAGTCCGTTAACTGGTCT,0,4368521
yadI_predicted,0.3333333333333333,2,2,GTTAGGGATGTGTCATCGGA,0,4355090
yadI_predicted,0.3333333333333333,2,2,GTTAGAGCTCGAGAGTGATT,0,4352193
yadI_predicted,0.3333333333333333,2,2,GTTACGTATCGGGAAAGGAT,0,4355138
yadI_predicted,0.3333333333333333,2,2,GTTACCGCGCGAAGGTCACA,0,4332544
yadI_predicted,0.3333333333333333,2,2,GTTACAGACAGTAGGCTCAT,0,4339827
yadI_predicted,0.3333333333333333,2,2,GTTACACGCTCGGATTAACG,0,4349845
yadI_predicted,0.3333333333333333,2,2,GTTACACGATGTCAAATATC,0,4335064
yadI_predicted,0.3333333333333333,2,2,GTTAAACTCAACTTTCCCAT,0,4349219
yadI_predicted,0.3333333333333333,2,2,GTGTTTGCGAAAAGAACGTC,0,4291473
yadI_predicted,0.3333333333333333,2,2,GTGTTTCGACAGCACCGAGC,0,4350788
yadI_predicted,0.3333333333333333,2,2,GTGTGTGTGAGGGATAGCGT,0,4307881
yadI_predicted,0.3333333333333333,2,2,GTGTGGGTATCCGGTCATTT,0,4295134
yadI_predicted,0.3333333333333333,2,2,GTGTGACTCGGACTGGACAT,0,4297018
yadI_predicted,0.3333333333333333,2,2,GTGTCTTCCTGCGTCCGATA,0,4314429
yadI_predicted,0.3333333333333333,2,2,GTGTCTGTGCTCTCATCCTT,0,4367016
yadI_predicted,0.3333333333333333,2,2,GTGTCTGTACTTAATTCAGA,0,4365021
yadI_predicted,0.3333333333333333,2,2,GTGTCCTAATAACCCGTCTG,0,4302882
yadI_predicted,0.3333333333333333,2,2,GTGTATGACCAGTATTGCTT,0,4332515
yadI_predicted,0.3333333333333333,2,2,GTGTACTCATGGAAAGGCTC,0,4332235
yadI_predicted,0.3333333333333333,2,2,GTGTACCCAAAGCTCGGCCT,0,4302387
yadI_predicted,0.3333333333333333,2,2,GTGTACATGCGGGTAGTGAA,0,4345741
yadI_predicted,0.3333333333333333,2,2,GTGTAACACACCCTAGGGAC,0,4287005
yadI_predicted,0.3333333333333333,2,2,GTGGTTCTAGACCTGGCTCA,0,4347244
yadI_predicted,0.3333333333333333,2,2,GTGGTGAGGCAGCGACATTT,0,4314692
yadI_predicted,0.3333333333333333,2,2,GTGGGTAGTATCTGTGTGAC,0,4361121
yadI_predicted,0.3333333333333333,2,2,GTGGGACACCGGGCCATACT,0,4350564
yadI_predicted,0.3333333333333333,2,2,GTGGCCTTCATTCTAAACAT,0,4286959
yadI_predicted,0.3333333333333333,2,2,GTGGCCCGTTCGATAACATT,0,4303553
yadI_predicted,0.3333333333333333,2,2,GTGGATTCGGTCATCTCGGT,0,4290873
yadI_predicted,0.3333333333333333,2,2,GTGGATCCAGAAGCGCGGCT,0,4359879
yadI_predicted,0.3333333333333333,2,2,GTGCTGCCCCCATATTGTTC,0,4298337
yadI_predicted,0.3333333333333333,2,2,GTGCGTTGAAGGTTTTAAGG,0,4369468
yadI_predicted,0.3333333333333333,2,2,GTGCGTTAATGCAGCGTGAC,0,4313018
yadI_predicted,0.3333333333333333,2,2,GTGCGTGGGCAATTACCGGA,0,4303642
yadI_predicted,0.3333333333333333,2,2,GTGCGTGAAGTCGTTACAGT,0,4297323
yadI_predicted,0.3333333333333333,2,2,GTGCGCCGTCCGATTCACGT,0,4298198
yadI_predicted,0.3333333333333333,2,2,GTGCCGTAGGGGAACTCTAC,0,4304244
yadI_predicted,0.3333333333333333,2,2,GTGCCCGGAGGATTCAACGG,0,4312708
yadI_predicted,0.3333333333333333,2,2,GTGCCCATGGAGTAAGATTG,0,4369593
yadI_predicted,0.3333333333333333,2,2,GTGCCAACTCACGTTTCAGT,0,4349827
yadI_predicted,0.3333333333333333,2,2,GTGCACGGACACACTTCAGT,0,4349825
yadI_predicted,0.3333333333333333,2,2,GTGCACCCGCTATATGTTCG,0,4324336
yadI_predicted,0.3333333333333333,2,2,GTGATTATCAATCTTTTGAC,0,4336529
yadI_predicted,0.3333333333333333,2,2,GTGATCAGTTACTTATGTAT,0,4363570
yadI_predicted,0.3333333333333333,2,2,GTGAGGTCAGCCATGTTGAA,0,4305743
yadI_predicted,0.3333333333333333,2,2,GTGAGGGTCTTGTGTCTGCC,0,4349250
yadI_predicted,0.3333333333333333,2,2,GTGAGAGGTCTCGTGGTTCC,0,4341457
yadI_predicted,0.3333333333333333,2,2,GTGAGAAAAGTGCGGTGGGT,0,4307458
yadI_predicted,0.3333333333333333,2,2,GTGAAGTTGGATAGTACCGA,0,4284606
yadI_predicted,0.3333333333333333,2,2,GTGAACAGGAACGTCAACGA,0,4355897
yadI_predicted,0.3333333333333333,2,2,GTCTTGTTAGATTCCGCACT,0,4332461
yadI_predicted,0.3333333333333333,2,2,GTCTTGGTAAGCACTCCTTT,0,4310887
yadI_predicted,0.3333333333333333,2,2,GTCTTCCGATAAGGTCCAGT,0,4368375
yadI_predicted,0.3333333333333333,2,2,GTCTGGGCAAGCCCTTGCCA,0,4345910
yadI_predicted,0.3333333333333333,2,2,GTCTGGCGACTAACCGATGT,0,4363697
yadI_predicted,0.3333333333333333,2,2,GTCTGATCCCCAGCTAACTG,0,4299123
yadI_predicted,0.3333333333333333,2,2,GTCTCTTTCAGATGAGTTGG,0,4319586
yadI_predicted,0.3333333333333333,2,2,GTCTCCTGGGTAGTAATCGC,0,4306382
yadI_predicted,0.3333333333333333,2,2,GTCTCAAGGCTCCATCGACT,0,4361886
yadI_predicted,0.3333333333333333,2,2,GTCTACTAGGGTAATGGACG,0,4365065
yadI_predicted,0.3333333333333333,2,2,GTCGTTGTTCTTAATACCTC,0,4360518
yadI_predicted,0.3333333333333333,2,2,GTCGTGGGGAGGGTCGGTTC,0,4347148
yadI_predicted,0.3333333333333333,2,2,GTCGTAAGTGGAGCCTTTAT,0,4323541
yadI_predicted,0.3333333333333333,2,2,GTCGGTTTCTGGTCCACAGC,0,4335058
yadI_predicted,0.3333333333333333,2,2,GTCGGTCAAATTTCTTGCAA,0,4369075
yadI_predicted,0.3333333333333333,2,2,GTCGCAATGGCGTCATAGGT,0,4347253
yadI_predicted,0.3333333333333333,2,2,GTCGCAACCCCAATTCTTCT,0,4293818
yadI_predicted,0.3333333333333333,2,2,GTCGAGCCAAGACTATACTG,0,4367080
yadI_predicted,0.3333333333333333,2,2,GTCCTCCTTTCGGCCCCGTT,0,4309797
yadI_predicted,0.3333333333333333,2,2,GTCCTACGCGCAAACATTGC,0,4347042
yadI_predicted,0.3333333333333333,2,2,GTCCGGGTGATGAGTAATCC,0,4367098
yadI_predicted,0.3333333333333333,2,2,GTCCGGGCTGGTTCTGCGTT,0,4369450
yadI_predicted,0.3333333333333333,2,2,GTCCGCGCCGGAAATCAGGT,0,4299205
yadI_predicted,0.3333333333333333,2,2,GTCCCTCCCAGCGCCATTTG,0,4350426
yadI_predicted,0.3333333333333333,2,2,GTCCATTCGGTGCCCTAACG,0,4325390
yadI_predicted,0.3333333333333333,2,2,GTCCAGGCAGTATTTTCAGT,0,4303384
yadI_predicted,0.3333333333333333,2,2,GTCCAGATATAAGGGTGGTC,0,4294671
yadI_predicted,0.3333333333333333,2,2,GTCCAGACGCGTGCCAGTGT,0,4327989
yadI_predicted,0.3333333333333333,2,2,GTCATTTGTGAAACCGGTGC,0,4339144
yadI_predicted,0.3333333333333333,2,2,GTCATAATGGGCGCATGAAA,0,4314370
yadI_predicted,0.3333333333333333,2,2,GTCAGTGTTAGCGCCTTTAA,0,4343322
yadI_predicted,0.3333333333333333,2,2,GTCAGTAGCGTGAATCGGCG,0,4314783
yadI_predicted,0.3333333333333333,2,2,GTCAGGGACAAGGGCAGCTA,0,4325504
yadI_predicted,0.3333333333333333,2,2,GTCAGAATGCTGAGAGACAA,0,4349759
yadI_predicted,0.3333333333333333,2,2,GTCACGACGTCTCTTACGCT,0,4345037
yadI_predicted,0.3333333333333333,2,2,GTCACCCGTGTTAATCTATG,0,4326401
yadI_predicted,0.3333333333333333,2,2,GTCACCACGAGACGAACCTC,0,4320384
yadI_predicted,0.3333333333333333,2,2,GTCAATTTGCTCCAGTTTAC,0,4323871
yadI_predicted,0.3333333333333333,2,2,GTCAATGCGAGCGAACGGTG,0,4292644
yadI_predicted,0.3333333333333333,2,2,GTCAAGAGATTCAATGATTA,0,4301949
yadI_predicted,0.3333333333333333,2,2,GTATTTCTCCCAGGCTCCCT,0,4290857
yadI_predicted,0.3333333333333333,2,2,GTATTCGGTGCCACAGGTAT,0,4303875
yadI_predicted,0.3333333333333333,2,2,GTATTACCACGTTACATTCA,0,4332230
yadI_predicted,0.3333333333333333,2,2,GTATGTGTCACTGTCTCCGG,0,4290667
yadI_predicted,0.3333333333333333,2,2,GTATGCGGAGGCCCGCATAA,0,4365075
yadI_predicted,0.3333333333333333,2,2,GTATGAAGTCTCATACCTTC,0,4367774
yadI_predicted,0.3333333333333333,2,2,GTATCTTGTTTCTTAGCATT,0,4330175
yadI_predicted,0.3333333333333333,2,2,GTATCGGGGGCCCCGCTCTT,0,4290992
yadI_predicted,0.3333333333333333,2,2,GTATACTTTTGCATTCGAGG,0,4315865
yadI_predicted,0.3333333333333333,2,2,GTATACTGTCTGGTGCTCTC,0,4305913
yadI_predicted,0.3333333333333333,2,2,GTATACAGTTGAGGCATCCG,0,4365274
yadI_predicted,0.3333333333333333,2,2,GTATAATATAGGGATCGTAA,0,4364704
yadI_predicted,0.3333333333333333,2,2,GTATAAGGCTATGCGACTCC,0,4306281
yadI_predicted,0.3333333333333333,2,2,GTAGTTGTTTGCCTCTGGGC,0,4348016
yadI_predicted,0.3333333333333333,2,2,GTAGTTATTTTCATTGGAGT,0,4351245
yadI_predicted,0.3333333333333333,2,2,GTAGTGATAGCTCTCGCACA,0,4348439
yadI_predicted,0.3333333333333333,2,2,GTAGTAGCAAGCGTTCTTGG,0,4315877
yadI_predicted,0.3333333333333333,2,2,GTAGGCATAGATTAGGGCAA,0,4301790
yadI_predicted,0.3333333333333333,2,2,GTAGAGTACTTCCTGAGGGT,0,4290192
yadI_predicted,0.3333333333333333,2,2,GTAGAACCATCCTTTAGAGG,0,4297775
yadI_predicted,0.3333333333333333,2,2,GTAGAAATGCGTACTCTGAT,0,4291991
yadI_predicted,0.3333333333333333,2,2,GTACGGGCGTGAAACTGTGT,0,4337199
yadI_predicted,0.3333333333333333,2,2,GTACGCAGGAGGACAATCTC,0,4331149
yadI_predicted,0.3333333333333333,2,2,GTAATACTGCATCGTCTGGT,0,4329519
yadI_predicted,0.3333333333333333,2,2,GTAAGAAGAAGGAGGTGGAT,0,4294360
yadI_predicted,0.3333333333333333,2,2,GTAACTTGATCCATATAACT,0,4359289
yadI_predicted,0.3333333333333333,2,2,GTAACGCCGGACGAAAAAGC,0,4363857
yadI_predicted,0.3333333333333333,2,2,GTAACAAGCGCAACAAGTGC,0,4298827
yadI_predicted,0.3333333333333333,2,2,GTAAAGCGGGCACTTAAATT,0,4366334
yadI_predicted,0.3333333333333333,2,2,GTAAACCTTGGATGAATGGA,0,4296129
yadI_predicted,0.3333333333333333,2,2,GTAAACCCGTTAAATGGCGG,0,4346277
yadI_predicted,0.3333333333333333,2,2,GGTTTTGCGAAAACGGAAGG,0,4297969
yadI_predicted,0.3333333333333333,2,2,GGTTTTAGTCCGTGCCAGTG,0,4347158
yadI_predicted,0.3333333333333333,2,2,GGTTGTGCATTAGGTAAATT,0,4352781
yadI_predicted,0.3333333333333333,2,2,GGTTGGAACCTGTGTACAAA,0,4350463
yadI_predicted,0.3333333333333333,2,2,GGTTGCCGACAGAAATCGCA,0,4321550
yadI_predicted,0.3333333333333333,2,2,GGTTGCACTGAAGCAAGTTA,0,4300121
yadI_predicted,0.3333333333333333,2,2,GGTTAATGTCCGGGAGAGAT,0,4325586
yadI_predicted,0.3333333333333333,2,2,GGTTAAGAGCGGAAGCACAG,0,4324920
yadI_predicted,0.3333333333333333,2,2,GGTGTATCTTACGCTAAAAG,0,4368648
yadI_predicted,0.3333333333333333,2,2,GGTGGTGGGCCGGCAAATAT,0,4306240
yadI_predicted,0.3333333333333333,2,2,GGTGGGTAAAGGTATCTCGA,0,4364379
yadI_predicted,0.3333333333333333,2,2,GGTGGCACCTTCTCTTCATC,0,4319640
yadI_predicted,0.3333333333333333,2,2,GGTGGATGCAACTCGAGTAG,0,4291304
yadI_predicted,0.3333333333333333,2,2,GGTGGACACGCGCAGATGAG,0,4324168
yadI_predicted,0.3333333333333333,2,2,GGTGGAAGCCCTAATATGTA,0,4336686
yadI_predicted,0.3333333333333333,2,2,GGTGCGTTTGGACTGAATTT,0,4367091
yadI_predicted,0.3333333333333333,2,2,GGTGCGCCGGCTAGCGCGGG,0,4367459
yadI_predicted,0.3333333333333333,2,2,GGTGCCTCAGCATCAATCAT,0,4330161
yadI_predicted,0.3333333333333333,2,2,GGTGACGCTTCGCATGGCTC,0,4347672
yadI_predicted,0.3333333333333333,2,2,GGTGACCGCGGTAAAGGACC,0,4285836
yadI_predicted,0.3333333333333333,2,2,GGTCTCTAGCTTCGAGTTGT,0,4336181
yadI_predicted,0.3333333333333333,2,2,GGTCTCACCCCAGCATAACG,0,4348944
yadI_predicted,0.3333333333333333,2,2,GGTCTAGACGCGGGAACTGC,0,4314326
yadI_predicted,0.3333333333333333,2,2,GGTCGTGTCGAACGGTGGAT,0,4288472
yadI_predicted,0.3333333333333333,2,2,GGTCGTAGAAGAGTGTGAGA,0,4332749
yadI_predicted,0.3333333333333333,2,2,GGTCCGCCGCGCATGTTCCT,0,4365977
yadI_predicted,0.3333333333333333,2,2,GGTCAGGTCATGATAGTAGA,0,4304275
yadI_predicted,0.3333333333333333,2,2,GGTATTAACAAATCGAATAC,0,4307533
yadI_predicted,0.3333333333333333,2,2,GGTAGGTGGTCTTACGGTAA,0,4323840
yadI_predicted,0.3333333333333333,2,2,GGTAGGTGATTGGAACGAAA,0,4359459
yadI_predicted,0.3333333333333333,2,2,GGTAGCGTATAGTTCACGTA,0,4338893
yadI_predicted,0.3333333333333333,2,2,GGTAGAACTGTACAGCGCAA,0,4357970
yadI_predicted,0.3333333333333333,2,2,GGTACTACAAGAAAGTGATA,0,4364551
yadI_predicted,0.3333333333333333,2,2,GGTACGACCTATCATGCTGT,0,4299317
yadI_predicted,0.3333333333333333,2,2,GGTACATACTTTTACCTCCG,0,4322227
yadI_predicted,0.3333333333333333,2,2,GGTAATGGTCCTTACGTAGT,0,4329702
yadI_predicted,0.3333333333333333,2,2,GGTAAGGGCGGTTTTGAACC,0,4296420
yadI_predicted,0.3333333333333333,2,2,GGTAAGGAGGCAAGCCACCA,0,4360451
yadI_predicted,0.3333333333333333,2,2,GGTAAGACACTGTTCGGCTC,0,4337444
yadI_predicted,0.3333333333333333,2,2,GGTAAATGCCCTCTGGTCTG,0,4314683
yadI_predicted,0.3333333333333333,2,2,GGGTTTTTCGCGAGCTGGGC,0,4307741
yadI_predicted,0.3333333333333333,2,2,GGGTTTAGAATTTATAGTGG,0,4284695
yadI_predicted,0.3333333333333333,2,2,GGGTTTAAATAGAGTTGTCA,0,4340418
yadI_predicted,0.3333333333333333,2,2,GGGTTGCAAACTACACGAGG,0,4287136
yadI_predicted,0.3333333333333333,2,2,GGGTTCGAGTGGAGACACTA,0,4321684
yadI_predicted,0.3333333333333333,2,2,GGGTTCCGAAGTCTGTTCGG,0,4351537
yadI_predicted,0.3333333333333333,2,2,GGGTGTAGGCGTTGGGGAAG,0,4305668
yadI_predicted,0.3333333333333333,2,2,GGGTGCCGCATTCACCCCTC,0,4351360
yadI_predicted,0.3333333333333333,2,2,GGGTCTGTAGTGAATCACAA,0,4369200
yadI_predicted,0.3333333333333333,2,2,GGGTCGAAGAGTGCTTCGAC,0,4328201
yadI_predicted,0.3333333333333333,2,2,GGGTCCCTTAATGATGCCAT,0,4308002
yadI_predicted,0.3333333333333333,2,2,GGGTCCCCTTAGCCTCAGGA,0,4287547
yadI_predicted,0.3333333333333333,2,2,GGGTCCATTGTCGTACTAGA,0,4308845
yadI_predicted,0.3333333333333333,2,2,GGGTCCAGTGCAATACGCAT,0,4358746
yadI_predicted,0.3333333333333333,2,2,GGGTCAGGTCGTTTATAAGC,0,4290247
yadI_predicted,0.3333333333333333,2,2,GGGTACAGGTATTCACTGTC,0,4335711
yadI_predicted,0.3333333333333333,2,2,GGGTACACCGCATAGCGATC,0,4297818
yadI_predicted,0.3333333333333333,2,2,GGGGTGTCGAGCCGGAATTC,0,4357255
yadI_predicted,0.3333333333333333,2,2,GGGGGTTGGCCCCTCCGAGC,0,4365484
yadI_predicted,0.3333333333333333,2,2,GGGGGGATCCCTGAGCATTC,0,4369870
yadI_predicted,0.3333333333333333,2,2,GGGGGCTTTGTGCAGAGTGA,0,4307856
yadI_predicted,0.3333333333333333,2,2,GGGGGCTAGATACACCGGGT,0,4285265
yadI_predicted,0.3333333333333333,2,2,GGGGGATGTTGCGACAGCTG,0,4361621
yadI_predicted,0.3333333333333333,2,2,GGGGGATGGGAGCCTAAGCC,0,4343374
yadI_predicted,0.3333333333333333,2,2,GGGGCATCCCACGTCCGTTG,0,4334574
yadI_predicted,0.3333333333333333,2,2,GGGGATAGATCCGCATCTAT,0,4361672
yadI_predicted,0.3333333333333333,2,2,GGGGAATCACTCAATACGCT,0,4293887
yadI_predicted,0.3333333333333333,2,2,GGGCTTGTTCTGAGGGATAG,0,4339768
yadI_predicted,0.3333333333333333,2,2,GGGCTGGTTGGACACTTCCT,0,4351482
yadI_predicted,0.3333333333333333,2,2,GGGCTGCCCTCGACTTTCAT,0,4313599
yadI_predicted,0.3333333333333333,2,2,GGGCTACTGACTAGACATTA,0,4343686
yadI_predicted,0.3333333333333333,2,2,GGGCTAACAAAATACCTGAG,0,4310105
yadI_predicted,0.3333333333333333,2,2,GGGCGTAAATAGAGCCGGAT,0,4300645
yadI_predicted,0.3333333333333333,2,2,GGGCGGCTCGTAAGATAGAG,0,4363401
yadI_predicted,0.3333333333333333,2,2,GGGCGCTTCCTTCAATCTAA,0,4289217
yadI_predicted,0.3333333333333333,2,2,GGGCGCACCTGTCCTACCGA,0,4316407
yadI_predicted,0.3333333333333333,2,2,GGGCCTGGCTGCTGTGCAGG,0,4326832
yadI_predicted,0.3333333333333333,2,2,GGGCCTGAGCTACGGTTAAG,0,4309059
yadI_predicted,0.3333333333333333,2,2,GGGCCGTTTAGTCGGGGTGA,0,4337043
yadI_predicted,0.3333333333333333,2,2,GGGCCGCGTCTTGCACTATT,0,4327072
yadI_predicted,0.3333333333333333,2,2,GGGCAGGTCAGGGTGGACGT,0,4309924
yadI_predicted,0.3333333333333333,2,2,GGGCACAAGGTTAGAGTAGC,0,4351296
yadI_predicted,0.3333333333333333,2,2,GGGCAATAAACTGTATCTGG,0,4295163
yadI_predicted,0.3333333333333333,2,2,GGGCAAATGCTACCTCCCAG,0,4300433
yadI_predicted,0.3333333333333333,2,2,GGGATTATATCTCACGCTGC,0,4287345
yadI_predicted,0.3333333333333333,2,2,GGGATCCGTGGGCGCAATCT,0,4338944
yadI_predicted,0.3333333333333333,2,2,GGGATAACCGGTGGATTTCT,0,4300981
yadI_predicted,0.3333333333333333,2,2,GGGAGGACGGGGGCCGAATT,0,4294640
yadI_predicted,0.3333333333333333,2,2,GGGACTGTGAAACGGTGTTT,0,4323648
yadI_predicted,0.3333333333333333,2,2,GGGACGTTTTGTGCACTTGT,0,4310528
yadI_predicted,0.3333333333333333,2,2,GGGACGGTAATTTTCTCCGG,0,4313837
yadI_predicted,0.3333333333333333,2,2,GGGACGAGCTGCCCGAGGCA,0,4345951
yadI_predicted,0.3333333333333333,2,2,GGGACCGGCATTCATGGTAC,0,4291381
yadI_predicted,0.3333333333333333,2,2,GGGACCATATTTCACCATTC,0,4302605
yadI_predicted,0.3333333333333333,2,2,GGGAAAAGTCCCATGTTGAA,0,4316663
yadI_predicted,0.3333333333333333,2,2,GGCTTCGAGTTCGCCCCGGT,0,4333249
yadI_predicted,0.3333333333333333,2,2,GGCTGTCACAAAGGGTGGAA,0,4336725
yadI_predicted,0.3333333333333333,2,2,GGCTGACTGCGGACACTTAT,0,4336874
yadI_predicted,0.3333333333333333,2,2,GGCTCCTCTAGATCGCACCC,0,4322336
yadI_predicted,0.3333333333333333,2,2,GGCTCCTCCTAGCTCGTGTA,0,4302515
yadI_predicted,0.3333333333333333,2,2,GGCTCACCTAAGCTTACATT,0,4340108
yadI_predicted,0.3333333333333333,2,2,GGCTATCGGAAATGTTTTGC,0,4344807
yadI_predicted,0.3333333333333333,2,2,GGCGTGCACATCCCTCTCGG,0,4350111
yadI_predicted,0.3333333333333333,2,2,GGCGATGGCCCTGTGTCCTC,0,4312182
yadI_predicted,0.3333333333333333,2,2,GGCGATAAATCTTACGTCCG,0,4341870
yadI_predicted,0.3333333333333333,2,2,GGCGACTCTGTAGCACCGTT,0,4351464
yadI_predicted,0.3333333333333333,2,2,GGCGAAATTCGCCTCTAACA,0,4320891
yadI_predicted,0.3333333333333333,2,2,GGCCTCAATGCGGTTCCGGA,0,4362033
yadI_predicted,0.3333333333333333,2,2,GGCCGGTAAGAGGTACGCGA,0,4350797
yadI_predicted,0.3333333333333333,2,2,GGCCGAGGGATCTCACATCC,0,4353996
yadI_predicted,0.3333333333333333,2,2,GGCCATACCACTGTAGTAGG,0,4295505
yadI_predicted,0.3333333333333333,2,2,GGCATTCACGGGACTGCGGG,0,4340600
yadI_predicted,0.3333333333333333,2,2,GGCATTAGACGGGCACCCCT,0,4358481
yadI_predicted,0.3333333333333333,2,2,GGCATCCATTTTTTTGGGAC,0,4333195
yadI_predicted,0.3333333333333333,2,2,GGCAGTACCACAGGCATACT,0,4346566
yadI_predicted,0.3333333333333333,2,2,GGCAGGTAAATATTACGTCC,0,4304188
yadI_predicted,0.3333333333333333,2,2,GGCACGTGGCCGCGTTATAC,0,4284777
yadI_predicted,0.3333333333333333,2,2,GGCACGGAAGTCAGAGCCAA,0,4344925
yadI_predicted,0.3333333333333333,2,2,GGCACCTAGGTATCAGCTGA,0,4313727
yadI_predicted,0.3333333333333333,2,2,GGCACCCTCTTTATCACAGG,0,4328992
yadI_predicted,0.3333333333333333,2,2,GGCACACGGTAAATCGATCT,0,4355686
yadI_predicted,0.3333333333333333,2,2,GGCAATCCTGCTGTAATCGG,0,4303505
yadI_predicted,0.3333333333333333,2,2,GGCAAGGCGATGTACGCCAT,0,4314668
yadI_predicted,0.3333333333333333,2,2,GGCAAGCGTCCGGTAATGTC,0,4321208
yadI_predicted,0.3333333333333333,2,2,GGCAACTGCCGACGTTCCTA,0,4359308
yadI_predicted,0.3333333333333333,2,2,GGATTGTTCAGAAGACAACA,0,4332296
yadI_predicted,0.3333333333333333,2,2,GGATTGGGTATTTGAGAGGT,0,4344500
yadI_predicted,0.3333333333333333,2,2,GGATTCTTCAACCCCCCAGC,0,4351080
yadI_predicted,0.3333333333333333,2,2,GGATGGGCTCCCACCGCTTG,0,4337504
yadI_predicted,0.3333333333333333,2,2,GGATGGGAAAGTGTTGCTGA,0,4364388
yadI_predicted,0.3333333333333333,2,2,GGATGCTGAGGCGGGCCTAC,0,4327504
yadI_predicted,0.3333333333333333,2,2,GGATGCGGATAGAATAACGC,0,4287414
yadI_predicted,0.3333333333333333,2,2,GGAGTTAGAAGATGGGTTAC,0,4320043
yadI_predicted,0.3333333333333333,2,2,GGAGTCTACCACGCACCTAA,0,4369131
yadI_predicted,0.3333333333333333,2,2,GGAGTCGGTCCGACCAGTAG,0,4325365
yadI_predicted,0.3333333333333333,2,2,GGAGTCCGCATCGCGAGTCC,0,4319603
yadI_predicted,0.3333333333333333,2,2,GGAGTACACTCACCCAGCCC,0,4361795
yadI_predicted,0.3333333333333333,2,2,GGAGGTACTTAATGGTCATG,0,4308016
yadI_predicted,0.3333333333333333,2,2,GGAGGGATGTTCCTGGAGGC,0,4313318
yadI_predicted,0.3333333333333333,2,2,GGAGGAGCACGGTTGGCCGG,0,4319930
yadI_predicted,0.3333333333333333,2,2,GGAGCTTTCGCAACGAATCT,0,4287235
yadI_predicted,0.3333333333333333,2,2,GGAGCGCGCAAGTGGGTCCA,0,4318243
yadI_predicted,0.3333333333333333,2,2,GGAGCGATAAAGATTAGTAG,0,4292137
yadI_predicted,0.3333333333333333,2,2,GGAGAGTTCCCACATTTCTA,0,4311289
yadI_predicted,0.3333333333333333,2,2,GGAGACCCCAGGCCACCGGG,0,4348553
yadI_predicted,0.3333333333333333,2,2,GGACTACTTCCCGCTTGTAT,0,4328918
yadI_predicted,0.3333333333333333,2,2,GGACGTGCTGTCGTCTCGGG,0,4348152
yadI_predicted,0.3333333333333333,2,2,GGACCGTTTAGGTGAACGTT,0,4367487
yadI_predicted,0.3333333333333333,2,2,GGACCGTCCCCGGTACAACA,0,4284357
yadI_predicted,0.3333333333333333,2,2,GGACCCTTCCCTCGGTAAGT,0,4358451
yadI_predicted,0.3333333333333333,2,2,GGACACGTTGGTCATTCTGG,0,4291654
yadI_predicted,0.3333333333333333,2,2,GGACAAGGCTTGTAATAGCT,0,4356657
yadI_predicted,0.3333333333333333,2,2,GGACAACATTAATGTTTCTA,0,4327925
yadI_predicted,0.3333333333333333,2,2,GGAATTATTTCGAGGCTGCT,0,4362152
yadI_predicted,0.3333333333333333,2,2,GGAATATGCCGTCCACGGAT,0,4334035
yadI_predicted,0.3333333333333333,2,2,GGAATACTCTTCTCGTCAGC,0,4369252
yadI_predicted,0.3333333333333333,2,2,GGAATACCTGTTTCGGCTGT,0,4341494
yadI_predicted,0.3333333333333333,2,2,GGAATACCGCCATGCACGAC,0,4330821
yadI_predicted,0.3333333333333333,2,2,GGAAGTATTTTGGGATTACA,0,4319395
yadI_predicted,0.3333333333333333,2,2,GGAAGGCCGCATTGATCCGT,0,4368941
yadI_predicted,0.3333333333333333,2,2,GGAAGCATGGCGGTAATGGG,0,4356781
yadI_predicted,0.3333333333333333,2,2,GGAACGGATGCGCAGTGCGT,0,4320428
yadI_predicted,0.3333333333333333,2,2,GGAACCCAGCCAATCAGTTT,0,4314025
yadI_predicted,0.3333333333333333,2,2,GGAACAGCGGAGAGACGGAG,0,4292476
yadI_predicted,0.3333333333333333,2,2,GGAAATTGGTTGGGGCAAAC,0,4304514
yadI_predicted,0.3333333333333333,2,2,GGAAATGATATTCTCAGATT,0,4343763
yadI_predicted,0.3333333333333333,2,2,GGAAATCTAGAAATCTTTAC,0,4287775
yadI_predicted,0.3333333333333333,2,2,GGAAACTAGTAAACGGCACG,0,4293561
yadI_predicted,0.3333333333333333,2,2,GCTTTGGGGTGAAGAAATAG,0,4341485
yadI_predicted,0.3333333333333333,2,2,GCTTGTTAGTCTCTTACGCA,0,4351484
yadI_predicted,0.3333333333333333,2,2,GCTTCTTTAGGGTTTAGCTG,0,4304481
yadI_predicted,0.3333333333333333,2,2,GCTTCTTAGAAGGCTTGGGG,0,4362790
yadI_predicted,0.3333333333333333,2,2,GCTTCTACGGGTGAGTTACT,0,4285301
yadI_predicted,0.3333333333333333,2,2,GCTTCGTTTGAGCTTTCGAG,0,4311735
yadI_predicted,0.3333333333333333,2,2,GCTTCGGAGATTGCGTAAAT,0,4316635
yadI_predicted,0.3333333333333333,2,2,GCTTCAGTTACCTGTTGATA,0,4288757
yadI_predicted,0.3333333333333333,2,2,GCTTAGTGAAATTAGACGCT,0,4315631
yadI_predicted,0.3333333333333333,2,2,GCTTAGGAATTCATATTTGG,0,4312539
yadI_predicted,0.3333333333333333,2,2,GCTGTCTTACCTTCACGCGG,0,4362172
yadI_predicted,0.3333333333333333,2,2,GCTGTCATATGATGGACGTA,0,4315435
yadI_predicted,0.3333333333333333,2,2,GCTGGTGGAACGCCAGGTAC,0,4340702
yadI_predicted,0.3333333333333333,2,2,GCTGGGGCGCAGGTGCCGAG,0,4342568
yadI_predicted,0.3333333333333333,2,2,GCTGGCGCTCATCGTGACGA,0,4363146
yadI_predicted,0.3333333333333333,2,2,GCTGCAGCTTCATTCCGGGC,0,4347984
yadI_predicted,0.3333333333333333,2,2,GCTGATTATATCTCGTCTAA,0,4318139
yadI_predicted,0.3333333333333333,2,2,GCTGAGGTAAAAGGTGCAAG,0,4303045
yadI_predicted,0.3333333333333333,2,2,GCTGAGGGACCGGAGCCCTA,0,4355871
yadI_predicted,0.3333333333333333,2,2,GCTCTGTACTGCGAGTCATT,0,4309130
yadI_predicted,0.3333333333333333,2,2,GCTCTAGAACTCGGAATCGG,0,4340761
yadI_predicted,0.3333333333333333,2,2,GCTCTACGGCTGTAGGATAA,0,4308353
yadI_predicted,0.3333333333333333,2,2,GCTCTACATCAAACGGTAGT,0,4296056
yadI_predicted,0.3333333333333333,2,2,GCTCGTTTTACCCCGCAACA,0,4309539
yadI_predicted,0.3333333333333333,2,2,GCTCGTAGCGAATCTGTTAG,0,4306465
yadI_predicted,0.3333333333333333,2,2,GCTCCGACCAAGTTGTTTTA,0,4285390
yadI_predicted,0.3333333333333333,2,2,GCTCCACCATGCTCTCAGCC,0,4364228
yadI_predicted,0.3333333333333333,2,2,GCTCATCGCGGGCAAAAGCA,0,4365221
yadI_predicted,0.3333333333333333,2,2,GCTCACTCTTTATGAGGTTC,0,4291253
yadI_predicted,0.3333333333333333,2,2,GCTACATGTTTTCGTCTGAC,0,4314674
yadI_predicted,0.3333333333333333,2,2,GCTAATTCACACCCGCACAG,0,4334404
yadI_predicted,0.3333333333333333,2,2,GCTAAGCTCATAGACTTAGG,0,4355293
yadI_predicted,0.3333333333333333,2,2,GCTAAGCCCGCTGATCTACA,0,4368876
yadI_predicted,0.3333333333333333,2,2,GCTAACGGACTTTCATGAAT,0,4287875
yadI_predicted,0.3333333333333333,2,2,GCGTTGCTAGTCTAGGTGCA,0,4365796
yadI_predicted,0.3333333333333333,2,2,GCGTTCGTTCAATGCATGCC,0,4358128
yadI_predicted,0.3333333333333333,2,2,GCGTCTTCCATATGGTACTC,0,4293153
yadI_predicted,0.3333333333333333,2,2,GCGTCTGTGGCGGCAATGTT,0,4354281
yadI_predicted,0.3333333333333333,2,2,GCGTCGGCGAAGGTTCCCAG,0,4365789
yadI_predicted,0.3333333333333333,2,2,GCGGTTTGAGTAGCGCGAGC,0,4285202
yadI_predicted,0.3333333333333333,2,2,GCGGTAGCATCGGCGAGTTA,0,4293390
yadI_predicted,0.3333333333333333,2,2,GCGGGGTCCGCCAACAATCT,0,4334860
yadI_predicted,0.3333333333333333,2,2,GCGGCTGTATGTAGGTGATC,0,4350121
yadI_predicted,0.3333333333333333,2,2,GCGGCAAAAAGCTGAATAGT,0,4290402
yadI_predicted,0.3333333333333333,2,2,GCGGAGGTCTCCTCGTGGGG,0,4323076
yadI_predicted,0.3333333333333333,2,2,GCGGACCAACAGCTGAAGTC,0,4338707
yadI_predicted,0.3333333333333333,2,2,GCGGAATCCCGGAACGCACG,0,4291553
yadI_predicted,0.3333333333333333,2,2,GCGCTTCGGAAGGGCCGGAA,0,4368828
yadI_predicted,0.3333333333333333,2,2,GCGCGCGGGTGCTCTTAGAA,0,4307406
yadI_predicted,0.3333333333333333,2,2,GCGCGAGGGGTAGAGGCAGA,0,4345415
yadI_predicted,0.3333333333333333,2,2,GCGCCTAGTGAAATGCTCCA,0,4321772
yadI_predicted,0.3333333333333333,2,2,GCGCCGATTCTGCATTCCGT,0,4346844
yadI_predicted,0.3333333333333333,2,2,GCGCCATGTACCAATAATCT,0,4364689
yadI_predicted,0.3333333333333333,2,2,GCGCATTCATGTGCGCATTT,0,4309454
yadI_predicted,0.3333333333333333,2,2,GCGATTCCTGACAGCGCAAT,0,4341580
yadI_predicted,0.3333333333333333,2,2,GCGATCTCATGGCTTGACAT,0,4354737
yadI_predicted,0.3333333333333333,2,2,GCGAGCGTGTACCTCGTGCG,0,4351601
yadI_predicted,0.3333333333333333,2,2,GCGAGCACGTCCGATGTGAA,0,4361407
yadI_predicted,0.3333333333333333,2,2,GCGAGCAAGAATATTATGGG,0,4304235
yadI_predicted,0.3333333333333333,2,2,GCGAGAGGAGCCTACACCAT,0,4318510
yadI_predicted,0.3333333333333333,2,2,GCCTTTGGTTGGACGCGTGC,0,4293255
yadI_predicted,0.3333333333333333,2,2,GCCTTGGTACTGACTATCTA,0,4357189
yadI_predicted,0.3333333333333333,2,2,GCCTGGTGTGGTTCTTGGTG,0,4359688
yadI_predicted,0.3333333333333333,2,2,GCCTGCGGGAAGCGCGATGC,0,4349533
yadI_predicted,0.3333333333333333,2,2,GCCTCTAGACAACTGGGTCA,0,4318467
yadI_predicted,0.3333333333333333,2,2,GCCTCCCGATGAGCCGATGA,0,4369600
yadI_predicted,0.3333333333333333,2,2,GCCTATTGAGAGTTAATGAT,0,4285506
yadI_predicted,0.3333333333333333,2,2,GCCTATTCACGTCTCCTTGA,0,4361297
yadI_predicted,0.3333333333333333,2,2,GCCTAATGCGATAGCGTCCA,0,4344862
yadI_predicted,0.3333333333333333,2,2,GCCGGCTGGGCTTCGGGTTA,0,4319994
yadI_predicted,0.3333333333333333,2,2,GCCGATGTGTCACAGAACCT,0,4288257
yadI_predicted,0.3333333333333333,2,2,GCCGATCGTTCATTAGTCTA,0,4289888
yadI_predicted,0.3333333333333333,2,2,GCCGAGACCATGGATACTTT,0,4339107
yadI_predicted,0.3333333333333333,2,2,GCCGACACCTTACCCTAGCA,0,4359041
yadI_predicted,0.3333333333333333,2,2,GCCCTTGGATGTGAATAAAT,0,4300808
yadI_predicted,0.3333333333333333,2,2,GCCCTAGCAAAGTAGGTATT,0,4311374
yadI_predicted,0.3333333333333333,2,2,GCCCGTGTCTAAGTGCGCGC,0,4312105
yadI_predicted,0.3333333333333333,2,2,GCCCGTAGGGTCCAGTACGC,0,4302167
yadI_predicted,0.3333333333333333,2,2,GCCCGTAAAGTATAGAGACT,0,4319453
yadI_predicted,0.3333333333333333,2,2,GCCCGCGGTCGCGTCATTCA,0,4321464
yadI_predicted,0.3333333333333333,2,2,GCCCCAAAGCCCGCTAAAAT,0,4359833
yadI_predicted,0.3333333333333333,2,2,GCCCACTGATACCGCGATGC,0,4310678
yadI_predicted,0.3333333333333333,2,2,GCCCACATTAGATGCTCCAA,0,4323887
yadI_predicted,0.3333333333333333,2,2,GCCCACACATCAATTTTATG,0,4295786
yadI_predicted,0.3333333333333333,2,2,GCCATTTCCATGTTCGTTAT,0,4284859
yadI_predicted,0.3333333333333333,2,2,GCCATTATAGAGAACCACGG,0,4306766
yadI_predicted,0.3333333333333333,2,2,GCCAGGATCGCTAACTCAAA,0,4295261
yadI_predicted,0.3333333333333333,2,2,GCCAGATTCCTTATCCTACG,0,4331440
yadI_predicted,0.3333333333333333,2,2,GCCACCGCAAATTTGTGCAT,0,4354016
yadI_predicted,0.3333333333333333,2,2,GCCACAGGTTGGTAGCGCGA,0,4331039
yadI_predicted,0.3333333333333333,2,2,GCCAAGGTGTACAGCCCCCA,0,4337304
yadI_predicted,0.3333333333333333,2,2,GCCAAGACCTGCTCAGGCCA,0,4288164
yadI_predicted,0.3333333333333333,2,2,GCCAAATGGAAGCTCCCCCA,0,4361649
yadI_predicted,0.3333333333333333,2,2,GCATTCACGAAACGCAGCCA,0,4316257
yadI_predicted,0.3333333333333333,2,2,GCATGTTATACCAGGGAGTC,0,4284532
yadI_predicted,0.3333333333333333,2,2,GCATGGAGCACTTACAGACG,0,4286154
yadI_predicted,0.3333333333333333,2,2,GCATGATTAAGGACACATTT,0,4326320
yadI_predicted,0.3333333333333333,2,2,GCATCGTGGCGCGTTAATTC,0,4330576
yadI_predicted,0.3333333333333333,2,2,GCATCGATTCACAGCAGTTC,0,4295522
yadI_predicted,0.3333333333333333,2,2,GCATCCGCGTTCCCAAATCG,0,4306279
yadI_predicted,0.3333333333333333,2,2,GCATATTCTCCACAAGATGT,0,4358979
yadI_predicted,0.3333333333333333,2,2,GCATAGTAGAAAGTTCCAGG,0,4340577
yadI_predicted,0.3333333333333333,2,2,GCATAGGCTCTGCATCCGGG,0,4361022
yadI_predicted,0.3333333333333333,2,2,GCATAGCTGCTCAGCAAAGC,0,4324141
yadI_predicted,0.3333333333333333,2,2,GCATAAGGCCTGGAGTAAAC,0,4339305
yadI_predicted,0.3333333333333333,2,2,GCAGTTTAATTAGTTGCGCT,0,4362552
yadI_predicted,0.3333333333333333,2,2,GCAGTGTGGTATGCGCTAAA,0,4334548
yadI_predicted,0.3333333333333333,2,2,GCAGTCGCGCTCGCCCTAAA,0,4347082
yadI_predicted,0.3333333333333333,2,2,GCAGGCATTGCAGATGAGTT,0,4363396
yadI_predicted,0.3333333333333333,2,2,GCAGAATGGCTAGTGCTATA,0,4303147
yadI_predicted,0.3333333333333333,2,2,GCAGAAGTGATCGGTGTCTG,0,4367841
yadI_predicted,0.3333333333333333,2,2,GCACTGCCGAGCCGGTGGCA,0,4320372
yadI_predicted,0.3333333333333333,2,2,GCACGTTACCCTATGGGGGG,0,4320878
yadI_predicted,0.3333333333333333,2,2,GCACGCATTCTATCCTCCGT,0,4320714
yadI_predicted,0.3333333333333333,2,2,GCACCTTATTGCGAGGGTGT,0,4304207
yadI_predicted,0.3333333333333333,2,2,GCACCCGTAAAAGTTCACGG,0,4316359
yadI_predicted,0.3333333333333333,2,2,GCACAACAGCACGGCCGCAG,0,4307986
yadI_predicted,0.3333333333333333,2,2,GCAATTCAATTGGGGAGTTC,0,4344477
yadI_predicted,0.3333333333333333,2,2,GCAATTAGAGCCCGCTCAAA,0,4312696
yadI_predicted,0.3333333333333333,2,2,GCAATCAAGAAGATACGTGG,0,4363547
yadI_predicted,0.3333333333333333,2,2,GCAAGAGCCTGTAAGAGTCT,0,4334214
yadI_predicted,0.3333333333333333,2,2,GATTGTACATAATCCCGCAC,0,4296913
yadI_predicted,0.3333333333333333,2,2,GATTCGGCACTCTTAACAGT,0,4302785
yadI_predicted,0.3333333333333333,2,2,GATTCGCCGCATCGGGTCGC,0,4290601
yadI_predicted,0.3333333333333333,2,2,GATTCATGCATCGCGTCTCG,0,4320167
yadI_predicted,0.3333333333333333,2,2,GATTAGCCTTTTTTGCAGAC,0,4356702
yadI_predicted,0.3333333333333333,2,2,GATTACTGAAAAAATTCACA,0,4324615
yadI_predicted,0.3333333333333333,2,2,GATGCTGCCTGGATGTGTCA,0,4292823
yadI_predicted,0.3333333333333333,2,2,GATGCGACTGGTAGAGGTCC,0,4368555
yadI_predicted,0.3333333333333333,2,2,GATGCGAAGAATAGATATGG,0,4310897
yadI_predicted,0.3333333333333333,2,2,GATGCATTGTGGAATAGATT,0,4288342
yadI_predicted,0.3333333333333333,2,2,GATGCACGATTCATAAGGTC,0,4354780
yadI_predicted,0.3333333333333333,2,2,GATGATCGACACAACGGTAA,0,4298649
yadI_predicted,0.3333333333333333,2,2,GATGAAAAGCTAGTGCTTTA,0,4313498
yadI_predicted,0.3333333333333333,2,2,GATCTTCGGGGAATCCACCT,0,4334600
yadI_predicted,0.3333333333333333,2,2,GATCTTCGGACGATAAGCCC,0,4295700
yadI_predicted,0.3333333333333333,2,2,GATCGGTCTGGTATAAAAAC,0,4341099
yadI_predicted,0.3333333333333333,2,2,GATCGGGTGCGGGGTCTAAA,0,4323828
yadI_predicted,0.3333333333333333,2,2,GATCCCCGGCGCTAGAACTT,0,4292677
yadI_predicted,0.3333333333333333,2,2,GATCCATGCTTGTTGGTAGA,0,4331147
yadI_predicted,0.3333333333333333,2,2,GATCCAGGGACGGCGTTTAA,0,4318244
yadI_predicted,0.3333333333333333,2,2,GATCATCATGTGTGAACGGA,0,4291196
yadI_predicted,0.3333333333333333,2,2,GATATCTGGGTGCCAATGGT,0,4284134
yadI_predicted,0.3333333333333333,2,2,GATAGTTTAACAAGGATGGG,0,4307329
yadI_predicted,0.3333333333333333,2,2,GATAGTGCACATGCTACAGG,0,4347010
yadI_predicted,0.3333333333333333,2,2,GATAGGACGCCGCCAGGTAT,0,4306218
yadI_predicted,0.3333333333333333,2,2,GATACAGCCTCGGGTCCTGT,0,4321348
yadI_predicted,0.3333333333333333,2,2,GATAATAGGGACAAAGCGAG,0,4332367
yadI_predicted,0.3333333333333333,2,2,GAGTTCCCTTAACATACTCC,0,4331480
yadI_predicted,0.3333333333333333,2,2,GAGTTATGGGGAGCAAATAG,0,4356009
yadI_predicted,0.3333333333333333,2,2,GAGTGGTCTTTGATGTTTAC,0,4304630
yadI_predicted,0.3333333333333333,2,2,GAGTGCTAGTAGGATATGTA,0,4325335
yadI_predicted,0.3333333333333333,2,2,GAGTCGTTTATAGGTCACAA,0,4305824
yadI_predicted,0.3333333333333333,2,2,GAGTCAGGTCATTTCGCCGA,0,4361263
yadI_predicted,0.3333333333333333,2,2,GAGTAATTTGCGCTTAGTAT,0,4357028
yadI_predicted,0.3333333333333333,2,2,GAGGTTTATTAAGGCTTATC,0,4324715
yadI_predicted,0.3333333333333333,2,2,GAGGGTGCGCTAACCGCGCC,0,4347495
yadI_predicted,0.3333333333333333,2,2,GAGGCCGGTGGTCGCTAACC,0,4330779
yadI_predicted,0.3333333333333333,2,2,GAGGCAATATGGTTTCCACT,0,4300508
yadI_predicted,0.3333333333333333,2,2,GAGGAATCACTCCATGAACA,0,4359592
yadI_predicted,0.3333333333333333,2,2,GAGCCTCTTCGGGCGCATGA,0,4313444
yadI_predicted,0.3333333333333333,2,2,GAGCCGTAACCGGGCTCTTG,0,4304631
yadI_predicted,0.3333333333333333,2,2,GAGCCGGTGCGACCTCAGGT,0,4344920
yadI_predicted,0.3333333333333333,2,2,GAGCCAGGAGATGCCACGCT,0,4317459
yadI_predicted,0.3333333333333333,2,2,GAGCAAGATGCTCAGAAGTT,0,4324011
yadI_predicted,0.3333333333333333,2,2,GAGCAAACCTGGCCCATAAC,0,4354939
yadI_predicted,0.3333333333333333,2,2,GAGATGGGTCCTAGCTGCAT,0,4329846
yadI_predicted,0.3333333333333333,2,2,GAGATAAGAAGCTATGGTTT,0,4313957
yadI_predicted,0.3333333333333333,2,2,GAGAGTAAAGGGGGTAAAGA,0,4315941
yadI_predicted,0.3333333333333333,2,2,GAGAGCACCCCGTCATGTAT,0,4339156
yadI_predicted,0.3333333333333333,2,2,GAGACAGGCTAACCGGCAGT,0,4284651
yadI_predicted,0.3333333333333333,2,2,GAGAATTTCTTGTGTGCTTC,0,4294180
yadI_predicted,0.3333333333333333,2,2,GAGAACACAAGTAACTTCCG,0,4355815
yadI_predicted,0.3333333333333333,2,2,GACTGCTTATGCGGAATGGG,0,4302899
yadI_predicted,0.3333333333333333,2,2,GACTCCGTTGGCGGTTTCTC,0,4304945
yadI_predicted,0.3333333333333333,2,2,GACTCATTCACGCATCCGAC,0,4320959
yadI_predicted,0.3333333333333333,2,2,GACTCATCCGGTGGTAGTAA,0,4346168
yadI_predicted,0.3333333333333333,2,2,GACTAGATTATTTACGGGGC,0,4353820
yadI_predicted,0.3333333333333333,2,2,GACGTTTGCCTGTCAAGGAA,0,4361950
yadI_predicted,0.3333333333333333,2,2,GACGTTAGGTACGGTATTAG,0,4302010
yadI_predicted,0.3333333333333333,2,2,GACGTGCGCGCGCGTACATC,0,4294303
yadI_predicted,0.3333333333333333,2,2,GACGGGGCGACAGGGACTCC,0,4286658
yadI_predicted,0.3333333333333333,2,2,GACGGCGTTTAACTATATAC,0,4313736
yadI_predicted,0.3333333333333333,2,2,GACGATCGTAATTGAGTACT,0,4360891
yadI_predicted,0.3333333333333333,2,2,GACCTTCTTTCGGGCATGCC,0,4364401
yadI_predicted,0.3333333333333333,2,2,GACCGTAGGCGTGGACTGGC,0,4340798
yadI_predicted,0.3333333333333333,2,2,GACCCGCTTAGGCTATGTTC,0,4286516
yadI_predicted,0.3333333333333333,2,2,GACCATCCGCAACACAGTCA,0,4338381
yadI_predicted,0.3333333333333333,2,2,GACCAGACTGTGAGATTACG,0,4291679
yadI_predicted,0.3333333333333333,2,2,GACCACCGCATAGTAATCCG,0,4331553
yadI_predicted,0.3333333333333333,2,2,GACCACCCTTCCGATGGCCT,0,4343972
yadI_predicted,0.3333333333333333,2,2,GACATGTTCTCCACGGCGGC,0,4361441
yadI_predicted,0.3333333333333333,2,2,GACAGATGACGCCGTAAGAA,0,4334250
yadI_predicted,0.3333333333333333,2,2,GACAGAATACTTACAAGGCG,0,4325507
yadI_predicted,0.3333333333333333,2,2,GACACTGGAGGCGAAAATGG,0,4322183
yadI_predicted,0.3333333333333333,2,2,GACAATTTACTTTACTCGTG,0,4344834
yadI_predicted,0.3333333333333333,2,2,GACAAACAACGGATGCGATA,0,4301403
yadI_predicted,0.3333333333333333,2,2,GAATTACACAACTTGCCTTA,0,4284614
yadI_predicted,0.3333333333333333,2,2,GAATTAACTTATTGCTCCCC,0,4331678
yadI_predicted,0.3333333333333333,2,2,GAATGACATGAAGACCTCCG,0,4320214
yadI_predicted,0.3333333333333333,2,2,GAATCTCACGCTGACGCATT,0,4308393
yadI_predicted,0.3333333333333333,2,2,GAATCTACTAATGTCGTTAG,0,4301043
yadI_predicted,0.3333333333333333,2,2,GAATCAATTAACATGCGTGT,0,4309897
yadI_predicted,0.3333333333333333,2,2,GAATATAAGAAGGTTCTAAT,0,4336818
yadI_predicted,0.3333333333333333,2,2,GAAGTTCGTGTTCACATTAG,0,4293354
yadI_predicted,0.3333333333333333,2,2,GAAGTTACGAGTTGTTAGCC,0,4311642
yadI_predicted,0.3333333333333333,2,2,GAAGTGTGTATATGAAGATT,0,4330964
yadI_predicted,0.3333333333333333,2,2,GAAGTAATCCCGCTGGATGT,0,4306935
yadI_predicted,0.3333333333333333,2,2,GAAGGGGGGCCATGATGTCC,0,4322755
yadI_predicted,0.3333333333333333,2,2,GAAGGCGTGCCCCTGTAGTC,0,4323052
yadI_predicted,0.3333333333333333,2,2,GAAGGATTGGTCCTTCACTT,0,4332815
yadI_predicted,0.3333333333333333,2,2,GAAGCGCAGGCCCCCTGGAA,0,4335209
yadI_predicted,0.3333333333333333,2,2,GAACTCGTCGCGGGGCACGT,0,4358804
yadI_predicted,0.3333333333333333,2,2,GAACGTTTAGACCAAAACAA,0,4355303
yadI_predicted,0.3333333333333333,2,2,GAACGTGTTAGACTGCCGTT,0,4320389
yadI_predicted,0.3333333333333333,2,2,GAACGGTGGCGTTTCGATAT,0,4348388
yadI_predicted,0.3333333333333333,2,2,GAACGGAAGTTATGGAGGTC,0,4311412
yadI_predicted,0.3333333333333333,2,2,GAACGAGCATAGGGGAGTAA,0,4343792
yadI_predicted,0.3333333333333333,2,2,GAACCTACAATAATATGAGT,0,4316980
yadI_predicted,0.3333333333333333,2,2,GAACCGATCCTAAGCGGCCA,0,4309282
yadI_predicted,0.3333333333333333,2,2,GAACCAACGTGCCCATGCGA,0,4348771
yadI_predicted,0.3333333333333333,2,2,GAACAGGTGAGTATGGTTAC,0,4318117
yadI_predicted,0.3333333333333333,2,2,GAACAACAGGTCTTTACTCT,0,4317500
yadI_predicted,0.3333333333333333,2,2,GAAATTTATTCCCCTTTCGT,0,4284297
yadI_predicted,0.3333333333333333,2,2,GAAAGGTATCGAGAAGGGTT,0,4337613
yadI_predicted,0.3333333333333333,2,2,GAAAGGAGGTCTTTTCGCAT,0,4291351
yadI_predicted,0.3333333333333333,2,2,GAAACTAGGGTCGCAGCCTA,0,4340887
yadI_predicted,0.3333333333333333,2,2,GAAACTACTGGTCGCGCCCT,0,4296221
yadI_predicted,0.3333333333333333,2,2,GAAACCCTCGATTTACTTCA,0,4330836
yadI_predicted,0.3333333333333333,2,2,GAAAATTCGGGAATCATTCC,0,4321773
yadI_predicted,0.3333333333333333,2,2,GAAAATGACCACACGCGTCT,0,4304986
yadI_predicted,0.3333333333333333,2,2,GAAAAGGCGCCACATATTTG,0,4353257
yadI_predicted,0.3333333333333333,2,2,GAAAACTAAGATTAAAACTA,0,4358852
yadI_predicted,0.3333333333333333,2,2,CTTTTTTGCATTTGAGCCAC,0,4317567
yadI_predicted,0.3333333333333333,2,2,CTTTTGTGGACATGAACGCG,0,4307417
yadI_predicted,0.3333333333333333,2,2,CTTTTGGGGGATATAACCAG,0,4350774
yadI_predicted,0.3333333333333333,2,2,CTTTGTTTAGTCGCATGAGC,0,4296320
yadI_predicted,0.3333333333333333,2,2,CTTTCGTCCAACTAAGGTGC,0,4302220
yadI_predicted,0.3333333333333333,2,2,CTTTCCCTTAACAGGGGAAT,0,4346489
yadI_predicted,0.3333333333333333,2,2,CTTTATACTGCATGGTTTAC,0,4339314
yadI_predicted,0.3333333333333333,2,2,CTTTAGTCGCCACGGCCCGA,0,4314823
yadI_predicted,0.3333333333333333,2,2,CTTTAAATGCCGACAGATCT,0,4327291
yadI_predicted,0.3333333333333333,2,2,CTTGTAGGCAAGTCAATCGG,0,4303639
yadI_predicted,0.3333333333333333,2,2,CTTGGTAGCGCAAGGATATC,0,4335836
yadI_predicted,0.3333333333333333,2,2,CTTGGCGGGGCACATTCTCA,0,4306308
yadI_predicted,0.3333333333333333,2,2,CTTGGCCAGGCAAAGGTACG,0,4312498
yadI_predicted,0.3333333333333333,2,2,CTTGAGTGCTGTCTACTAAG,0,4324339
yadI_predicted,0.3333333333333333,2,2,CTTGACGTTTCGAGTACCGG,0,4313304
yadI_predicted,0.3333333333333333,2,2,CTTCTGAATTTTATCCTCGT,0,4339311
yadI_predicted,0.3333333333333333,2,2,CTTCTAGTACGGGCAGGAGC,0,4355434
yadI_predicted,0.3333333333333333,2,2,CTTCTAGCCATCTCTGCCGT,0,4336093
yadI_predicted,0.3333333333333333,2,2,CTTCGTGTCGTAATCTTATG,0,4368416
yadI_predicted,0.3333333333333333,2,2,CTTCGTAAGCAGGGCACGAC,0,4337505
yadI_predicted,0.3333333333333333,2,2,CTTCGATGGTAGTTAACTTA,0,4343734
yadI_predicted,0.3333333333333333,2,2,CTTCGATCACATAACCTTAC,0,4313808
yadI_predicted,0.3333333333333333,2,2,CTTCCGTTTTGAGCCGGTCG,0,4292551
yadI_predicted,0.3333333333333333,2,2,CTTCCGGGGCGTTAGAAACA,0,4312497
yadI_predicted,0.3333333333333333,2,2,CTTCCATGGCTGAAGTATCT,0,4327802
yadI_predicted,0.3333333333333333,2,2,CTTCCACTTAGTAGCCTAAA,0,4302498
yadI_predicted,0.3333333333333333,2,2,CTTCATGGCTGCTATCGTTG,0,4354736
yadI_predicted,0.3333333333333333,2,2,CTTCATATACACGGCATTAC,0,4309550
yadI_predicted,0.3333333333333333,2,2,CTTCAATACTTCAAGGGAGG,0,4362332
yadI_predicted,0.3333333333333333,2,2,CTTATTTGGAAAAATTGGAA,0,4302656
yadI_predicted,0.3333333333333333,2,2,CTTATTCTCCACGGGCACGG,0,4334662
yadI_predicted,0.3333333333333333,2,2,CTTATGGCATAGAAGGTGCA,0,4320710
yadI_predicted,0.3333333333333333,2,2,CTTAGTCCCCCGTGCGCCGA,0,4347005
yadI_predicted,0.3333333333333333,2,2,CTTAGGGGTTACTCGTAAGG,0,4362316
yadI_predicted,0.3333333333333333,2,2,CTTAGCACACACGATGGTTA,0,4334620
yadI_predicted,0.3333333333333333,2,2,CTTAGAGTAGTATCCGGACG,0,4311152
yadI_predicted,0.3333333333333333,2,2,CTTACGACACTCGTGGGCAA,0,4326799
yadI_predicted,0.3333333333333333,2,2,CTTACCCTGATGATGGGGGG,0,4339938
yadI_predicted,0.3333333333333333,2,2,CTTACAGTGCCGTGGTTTCT,0,4302770
yadI_predicted,0.3333333333333333,2,2,CTTAACCGGTTCAAGCGGCA,0,4340331
yadI_predicted,0.3333333333333333,2,2,CTTAACAGACAAATTGTCTA,0,4312789
yadI_predicted,0.3333333333333333,2,2,CTTAAAGTGGGCGCATTCAT,0,4338783
yadI_predicted,0.3333333333333333,2,2,CTTAAAAGCCGAACGTCCCA,0,4356497
yadI_predicted,0.3333333333333333,2,2,CTGTTTTGTTGTCCGAGCAG,0,4288884
yadI_predicted,0.3333333333333333,2,2,CTGTTTACATATGATAACGT,0,4305312
yadI_predicted,0.3333333333333333,2,2,CTGTGGTCGTGAGCCCGCTA,0,4362451
yadI_predicted,0.3333333333333333,2,2,CTGTGGCGAAGTCACAATAG,0,4313620
yadI_predicted,0.3333333333333333,2,2,CTGTCTATGACATAAACAAG,0,4298050
yadI_predicted,0.3333333333333333,2,2,CTGTCGGACAGGCCAAACCA,0,4292010
yadI_predicted,0.3333333333333333,2,2,CTGTCGAATGTACCAAACCA,0,4312734
yadI_predicted,0.3333333333333333,2,2,CTGTCCGCCCCCTCCATCAT,0,4295720
yadI_predicted,0.3333333333333333,2,2,CTGTATAATCTCTAGGCTGA,0,4313802
yadI_predicted,0.3333333333333333,2,2,CTGTAGTTGATTGATCCACC,0,4341586
yadI_predicted,0.3333333333333333,2,2,CTGTAGGTTTATACGCGCGC,0,4330955
yadI_predicted,0.3333333333333333,2,2,CTGTACCCGATACCCAAGTT,0,4369921
yadI_predicted,0.3333333333333333,2,2,CTGGTGCCTAGCCACTCGCA,0,4355019
yadI_predicted,0.3333333333333333,2,2,CTGGTCCAATTTTCACTGTA,0,4354978
yadI_predicted,0.3333333333333333,2,2,CTGGTCAAAGTTTGAACCCT,0,4325792
yadI_predicted,0.3333333333333333,2,2,CTGGGTCCACACCGGTTGCA,0,4341281
yadI_predicted,0.3333333333333333,2,2,CTGGGGGTGCAACGCTAAAC,0,4287535
yadI_predicted,0.3333333333333333,2,2,CTGGGGCCAGGAGTAGGGTC,0,4287454
yadI_predicted,0.3333333333333333,2,2,CTGGCTCATAATCTAACAAT,0,4310182
yadI_predicted,0.3333333333333333,2,2,CTGGCGGGGCATCCGGGACT,0,4342310
yadI_predicted,0.3333333333333333,2,2,CTGGCAGCATTTGCGCAATA,0,4307707
yadI_predicted,0.3333333333333333,2,2,CTGGATGTCAGACTACGACA,0,4289181
yadI_predicted,0.3333333333333333,2,2,CTGGATAGATGCCACGCTCT,0,4332313
yadI_predicted,0.3333333333333333,2,2,CTGCTTTGTCAGTAATGTCG,0,4340564
yadI_predicted,0.3333333333333333,2,2,CTGCGTAGGGGCTTTATCTC,0,4356609
yadI_predicted,0.3333333333333333,2,2,CTGCGGCAACCGATGATTGC,0,4368567
yadI_predicted,0.3333333333333333,2,2,CTGCCACAAGCTCACAGTGT,0,4324163
yadI_predicted,0.3333333333333333,2,2,CTGCATTACCTACGCTAATT,0,4364805
yadI_predicted,0.3333333333333333,2,2,CTGATGGGTCCTCGTGTTAA,0,4316058
yadI_predicted,0.3333333333333333,2,2,CTGATAAGACACGACACTTT,0,4302109
yadI_predicted,0.3333333333333333,2,2,CTGAGTTTGAAGGATCGCTT,0,4327243
yadI_predicted,0.3333333333333333,2,2,CTGAGGCTACAGTATTTCCA,0,4327028
yadI_predicted,0.3333333333333333,2,2,CTGACGGATCCATTCGTGCT,0,4316675
yadI_predicted,0.3333333333333333,2,2,CTGACATTATATCGGGTAGT,0,4366409
yadI_predicted,0.3333333333333333,2,2,CTCTTCAGTACAGTTGGTCT,0,4308917
yadI_predicted,0.3333333333333333,2,2,CTCTGTTCGATGGTCTTTTT,0,4317122
yadI_predicted,0.3333333333333333,2,2,CTCTCATATAAAAGTTTATA,0,4352816
yadI_predicted,0.3333333333333333,2,2,CTCTCAGAAGCTCGCTGGTT,0,4330706
yadI_predicted,0.3333333333333333,2,2,CTCTATTAAAACGGAAAAAA,0,4364055
yadI_predicted,0.3333333333333333,2,2,CTCTAGTGTAGATCATACGA,0,4338682
yadI_predicted,0.3333333333333333,2,2,CTCGTTGCTGATAAGTCCAC,0,4365651
yadI_predicted,0.3333333333333333,2,2,CTCGTGCTGCTGAAGCCTCC,0,4362202
yadI_predicted,0.3333333333333333,2,2,CTCGTGAGGGGGGCTCCAGT,0,4363322
yadI_predicted,0.3333333333333333,2,2,CTCGTCTGGACGTATATTGT,0,4337484
yadI_predicted,0.3333333333333333,2,2,CTCGTCTACCATACCGCTGC,0,4312246
yadI_predicted,0.3333333333333333,2,2,CTCGTATTTATTAGAACTGT,0,4310594
yadI_predicted,0.3333333333333333,2,2,CTCGGTTTCATCTTGGTTCA,0,4346733
yadI_predicted,0.3333333333333333,2,2,CTCGGGCGTCCAGTAAGGGG,0,4304109
yadI_predicted,0.3333333333333333,2,2,CTCGGGAACGGCTTTGACCT,0,4292079
yadI_predicted,0.3333333333333333,2,2,CTCGCCACACAGCTCTACAT,0,4343975
yadI_predicted,0.3333333333333333,2,2,CTCGAGATATCCCGGTACAT,0,4317565
yadI_predicted,0.3333333333333333,2,2,CTCGAAAGTTGTCTCCTAGG,0,4315376
yadI_predicted,0.3333333333333333,2,2,CTCGAAAGATCCGGGCAAGA,0,4322213
yadI_predicted,0.3333333333333333,2,2,CTCCTCGAAAGAGCCGCGGC,0,4342097
yadI_predicted,0.3333333333333333,2,2,CTCCGGTTATTAGCCCTCGA,0,4293717
yadI_predicted,0.3333333333333333,2,2,CTCCGGTCCTGTGCACCGGA,0,4333710
yadI_predicted,0.3333333333333333,2,2,CTCCCGCATAGCCGCCCGGG,0,4350866
yadI_predicted,0.3333333333333333,2,2,CTCCCAAGCAGCGGGATGCC,0,4320641
yadI_predicted,0.3333333333333333,2,2,CTCCATAACGGTCTATAAAC,0,4334164
yadI_predicted,0.3333333333333333,2,2,CTCCAGAGAGTTTTTATCTC,0,4355226
yadI_predicted,0.3333333333333333,2,2,CTCATATTGCTTGGTGTCAT,0,4299657
yadI_predicted,0.3333333333333333,2,2,CTCAGCGGCTAGCTACTTTC,0,4288469
yadI_predicted,0.3333333333333333,2,2,CTCACTCCCGCGCAGTTCCA,0,4328999
yadI_predicted,0.3333333333333333,2,2,CTCACCCTTGACCCACAGGG,0,4364344
yadI_predicted,0.3333333333333333,2,2,CTCAATACTGTCTGGACTGT,0,4337250
yadI_predicted,0.3333333333333333,2,2,CTCAAGAATGTCACATAACA,0,4291932
yadI_predicted,0.3333333333333333,2,2,CTCAAACTGGATCCACGCGC,0,4316690
yadI_predicted,0.3333333333333333,2,2,CTATTGCATGGTTTCTAAGT,0,4299669
yadI_predicted,0.3333333333333333,2,2,CTATTCCATGTCCATCAAAT,0,4330959
yadI_predicted,0.3333333333333333,2,2,CTATTAATTGATACAATTAG,0,4343320
yadI_predicted,0.3333333333333333,2,2,CTATGTTAATTTATATATTA,0,4285253
yadI_predicted,0.3333333333333333,2,2,CTATGCTAAGGTTAATGTGC,0,4317773
yadI_predicted,0.3333333333333333,2,2,CTATGCACATAGCTCAGTGC,0,4350678
yadI_predicted,0.3333333333333333,2,2,CTATGATGCAAGTGAGTTGT,0,4344830
yadI_predicted,0.3333333333333333,2,2,CTATCTAGCCCCCGTCTCTT,0,4330468
yadI_predicted,0.3333333333333333,2,2,CTATAGAGCACTATGCTTCC,0,4340368
yadI_predicted,0.3333333333333333,2,2,CTATAATTGGCCTTAATATG,0,4295427
yadI_predicted,0.3333333333333333,2,2,CTAGCTTGGGGCGATTCTGA,0,4298952
yadI_predicted,0.3333333333333333,2,2,CTAGCCTGATTCCGCATAAT,0,4296231
yadI_predicted,0.3333333333333333,2,2,CTAGCATTCACAGGTAACAC,0,4307359
yadI_predicted,0.3333333333333333,2,2,CTAGCACACACGGGACCTGG,0,4342407
yadI_predicted,0.3333333333333333,2,2,CTAGCAACACACCTTAATGG,0,4356208
yadI_predicted,0.3333333333333333,2,2,CTAGAGGTTAGGTTTACTTC,0,4312285
yadI_predicted,0.3333333333333333,2,2,CTACTTCTTTAGCGAAAATA,0,4284656
yadI_predicted,0.3333333333333333,2,2,CTACGTCTCATGGAGCGCGC,0,4368689
yadI_predicted,0.3333333333333333,2,2,CTACGCTAGCACCGTCGAAT,0,4341305
yadI_predicted,0.3333333333333333,2,2,CTACGAAGCAGTGTTGTTTA,0,4340485
yadI_predicted,0.3333333333333333,2,2,CTACCACTTGCCACTCCCGG,0,4312352
yadI_predicted,0.3333333333333333,2,2,CTACATTCTACCTTGACCGT,0,4288251
yadI_predicted,0.3333333333333333,2,2,CTACAGTGAGCTTGACCATA,0,4286981
yadI_predicted,0.3333333333333333,2,2,CTACACCTTGCTAGAACCTA,0,4325583
yadI_predicted,0.3333333333333333,2,2,CTAATTGTAAGCACCGGGTG,0,4284949
yadI_predicted,0.3333333333333333,2,2,CTAATGTTGAGTCAACCCAT,0,4329652
yadI_predicted,0.3333333333333333,2,2,CTAATCTGCATTGGAGGAAT,0,4325951
yadI_predicted,0.3333333333333333,2,2,CTAATATCGAGCCGTCATCA,0,4292121
yadI_predicted,0.3333333333333333,2,2,CTAAGTAACCTGGACATCTC,0,4354308
yadI_predicted,0.3333333333333333,2,2,CTAAGGATATAAGGTCCATT,0,4366793
yadI_predicted,0.3333333333333333,2,2,CTAAGCAGAATTCACGACCT,0,4367609
yadI_predicted,0.3333333333333333,2,2,CTAAGACCTACACGTATTTA,0,4360984
yadI_predicted,0.3333333333333333,2,2,CTAACGAGTTTCAGACGGTT,0,4346447
yadI_predicted,0.3333333333333333,2,2,CTAAACAGTCTTAAATAAGT,0,4357857
yadI_predicted,0.3333333333333333,2,2,CTAAAAAATCGCCTGCCAGG,0,4301853
yadI_predicted,0.3333333333333333,2,2,CGTTTTGATAGAGGAGCCAC,0,4306242
yadI_predicted,0.3333333333333333,2,2,CGTTTCTAGGCATAATCCGC,0,4320652
yadI_predicted,0.3333333333333333,2,2,CGTTGACTCGTCCCGCAACC,0,4302212
yadI_predicted,0.3333333333333333,2,2,CGTTCGACATAACAATGTTA,0,4293231
yadI_predicted,0.3333333333333333,2,2,CGTTAGAAGTCTTCTAAAAC,0,4299902
yadI_predicted,0.3333333333333333,2,2,CGTTAAAAGGTCCTATTGCA,0,4365343
yadI_predicted,0.3333333333333333,2,2,CGTGTTCGTGGGAGGAGCTC,0,4326759
yadI_predicted,0.3333333333333333,2,2,CGTGTGGATTCTTGAAGCAA,0,4286894
yadI_predicted,0.3333333333333333,2,2,CGTGGGCATATCGATTCCAT,0,4359922
yadI_predicted,0.3333333333333333,2,2,CGTGCATTGTGAAAGTGGAG,0,4286619
yadI_predicted,0.3333333333333333,2,2,CGTGATAGGGGCGGGCACAA,0,4356110
yadI_predicted,0.3333333333333333,2,2,CGTCTTCCCCCCATTTTCAA,0,4335695
yadI_predicted,0.3333333333333333,2,2,CGTCTGGAAACCATAGGGAA,0,4341001
yadI_predicted,0.3333333333333333,2,2,CGTCTCGCATGACCGCCCTC,0,4320784
yadI_predicted,0.3333333333333333,2,2,CGTCTATGAAGACCACGGGA,0,4309376
yadI_predicted,0.3333333333333333,2,2,CGTCGGCCTTCTCACAGATT,0,4302534
yadI_predicted,0.3333333333333333,2,2,CGTCGCTATTTGGCAGGGTT,0,4292630
yadI_predicted,0.3333333333333333,2,2,CGTCCTATCGTCAGTTCGGT,0,4325758
yadI_predicted,0.3333333333333333,2,2,CGTCCCGGCCATATGTACCC,0,4295540
yadI_predicted,0.3333333333333333,2,2,CGTCATGTGACCTGGCGTGC,0,4285994
yadI_predicted,0.3333333333333333,2,2,CGTATCTTTTTCACAAAGCT,0,4330613
yadI_predicted,0.3333333333333333,2,2,CGTATCAATACCAGGGTATC,0,4330845
yadI_predicted,0.3333333333333333,2,2,CGTAGTTCCCCGTTAAAAGT,0,4292679
yadI_predicted,0.3333333333333333,2,2,CGTAGTGATTCACACTTCAG,0,4355807
yadI_predicted,0.3333333333333333,2,2,CGTAGTCAAGGTCCATGCGA,0,4366468
yadI_predicted,0.3333333333333333,2,2,CGTAGGTCCATCACTGAAGC,0,4350760
yadI_predicted,0.3333333333333333,2,2,CGTACTAGCATCATCATGCT,0,4309462
yadI_predicted,0.3333333333333333,2,2,CGTAACGCCCGAGGGGGAGC,0,4320661
yadI_predicted,0.3333333333333333,2,2,CGTAAAGACTCGCAGGGTGC,0,4340195
yadI_predicted,0.3333333333333333,2,2,CGTAAACTGGAACGACCTAT,0,4329562
yadI_predicted,0.3333333333333333,2,2,CGGTTTCCCAACCACAGACG,0,4366607
yadI_predicted,0.3333333333333333,2,2,CGGTTCAGTGGTGGGTGTCA,0,4369452
yadI_predicted,0.3333333333333333,2,2,CGGTCTCAAGAAAAGAAAAG,0,4298498
yadI_predicted,0.3333333333333333,2,2,CGGTCGATTCCTCCAGGGGT,0,4284858
yadI_predicted,0.3333333333333333,2,2,CGGTCCCAGTGCACGGGAAG,0,4299273
yadI_predicted,0.3333333333333333,2,2,CGGTATCCGACGCAGTCTAT,0,4301957
yadI_predicted,0.3333333333333333,2,2,CGGTACTGCAGCTGATAATC,0,4302557
yadI_predicted,0.3333333333333333,2,2,CGGTAAGTAGTGGTTTGTGG,0,4348425
yadI_predicted,0.3333333333333333,2,2,CGGTAAGGGCTAAGCAGTGA,0,4323864
yadI_predicted,0.3333333333333333,2,2,CGGGTTCGCAGGCCCAGACG,0,4367062
yadI_predicted,0.3333333333333333,2,2,CGGGTGGACAAGTGTTTCGA,0,4305695
yadI_predicted,0.3333333333333333,2,2,CGGGTCGGGACACGGAGGAC,0,4356233
yadI_predicted,0.3333333333333333,2,2,CGGGGTAGACAGGTTTATTT,0,4287806
yadI_predicted,0.3333333333333333,2,2,CGGGGCGCAACACAGTTAGA,0,4304957
yadI_predicted,0.3333333333333333,2,2,CGGGGCATCGTATACCTTTT,0,4356485
yadI_predicted,0.3333333333333333,2,2,CGGGCTTCCCGACAGCTCAT,0,4343031
yadI_predicted,0.3333333333333333,2,2,CGGGCTCGGTCTTTTTGTCA,0,4320711
yadI_predicted,0.3333333333333333,2,2,CGGGCTATCAACAGGGATTA,0,4351662
yadI_predicted,0.3333333333333333,2,2,CGGGCGGACGGCCGCGGTCT,0,4293537
yadI_predicted,0.3333333333333333,2,2,CGGGCAGCTGGCCCGCCGGT,0,4359069
yadI_predicted,0.3333333333333333,2,2,CGGGATTTGGACGTTGCGTT,0,4326780
yadI_predicted,0.3333333333333333,2,2,CGGGAAAATGGTACGGGCGA,0,4347156
yadI_predicted,0.3333333333333333,2,2,CGGCTTGCAGTCCCCGGCAG,0,4339951
yadI_predicted,0.3333333333333333,2,2,CGGCTGACAGTATGCATAGT,0,4364741
yadI_predicted,0.3333333333333333,2,2,CGGCGCTCTTATTAGTAAGC,0,4318552
yadI_predicted,0.3333333333333333,2,2,CGGCCTTAGCGTTCAAGTCT,0,4334790
yadI_predicted,0.3333333333333333,2,2,CGGCCTGCGCGTGTGAAGTG,0,4364243
yadI_predicted,0.3333333333333333,2,2,CGGCACCGAGTAAATGAGTA,0,4289328
yadI_predicted,0.3333333333333333,2,2,CGGCAAGCCAATGGCAGCGA,0,4315494
yadI_predicted,0.3333333333333333,2,2,CGGATTGTCCCGACGGGGCT,0,4284564
yadI_predicted,0.3333333333333333,2,2,CGGATGACTGGAAGACCAGT,0,4321568
yadI_predicted,0.3333333333333333,2,2,CGGAGTCCTGCTTTTAAGGT,0,4345198
yadI_predicted,0.3333333333333333,2,2,CGGAGTACTCGTAGACATTG,0,4330148
yadI_predicted,0.3333333333333333,2,2,CGGAGGGATGAGGCCTTACG,0,4329969
yadI_predicted,0.3333333333333333,2,2,CGGAGGCCTTCGCGCAAGAC,0,4352587
yadI_predicted,0.3333333333333333,2,2,CGGAGGACACAGGACGTAAG,0,4297136
yadI_predicted,0.3333333333333333,2,2,CGGAGCTGGCCCTGTTTTTC,0,4317058
yadI_predicted,0.3333333333333333,2,2,CGGAGCACATGCTGGTCTTA,0,4353280
yadI_predicted,0.3333333333333333,2,2,CGGACAAGTCTGTTAAAGGC,0,4289314
yadI_predicted,0.3333333333333333,2,2,CGGAATTCACGGATAATAGG,0,4289534
yadI_predicted,0.3333333333333333,2,2,CGGAAAACGGCTTACTTATT,0,4365615
yadI_predicted,0.3333333333333333,2,2,CGCTTCCATGTTCCTAGTTC,0,4369153
yadI_predicted,0.3333333333333333,2,2,CGCTTCAGGGTGTTAATAAT,0,4357145
yadI_predicted,0.3333333333333333,2,2,CGCTGGAAGAGCGCACAGCC,0,4311196
yadI_predicted,0.3333333333333333,2,2,CGCTGAGCAGGATGTGGACT,0,4284548
yadI_predicted,0.3333333333333333,2,2,CGCTCCAGGAATTAGTACCC,0,4335316
yadI_predicted,0.3333333333333333,2,2,CGCGTGGCCTAAGGGAAGTT,0,4343846
yadI_predicted,0.3333333333333333,2,2,CGCGTAATGTTGATTAGACT,0,4344155
yadI_predicted,0.3333333333333333,2,2,CGCGGTGATGCACAGGTCGC,0,4300150
yadI_predicted,0.3333333333333333,2,2,CGCGGTGAGATCGCGGGACT,0,4341337
yadI_predicted,0.3333333333333333,2,2,CGCGCTATAATGCGTACCTG,0,4311363
yadI_predicted,0.3333333333333333,2,2,CGCGCGTCGTTTTCAGCATT,0,4354615
yadI_predicted,0.3333333333333333,2,2,CGCGAACAACGCACATCACG,0,4323603
yadI_predicted,0.3333333333333333,2,2,CGCCTTTCACTTAGTCTATG,0,4306409
yadI_predicted,0.3333333333333333,2,2,CGCCTATTTATAGCCTTGGA,0,4339948
yadI_predicted,0.3333333333333333,2,2,CGCCGCTGCCTTCCGGTGGT,0,4306643
yadI_predicted,0.3333333333333333,2,2,CGCCCTTTTGAGAGTAATCC,0,4299946
yadI_predicted,0.3333333333333333,2,2,CGCCCTTACATTCTATAGTT,0,4284550
yadI_predicted,0.3333333333333333,2,2,CGCCCTCGTGTCCGTGTTGT,0,4333832
yadI_predicted,0.3333333333333333,2,2,CGCCAGTATACTGTCGAAAG,0,4332064
yadI_predicted,0.3333333333333333,2,2,CGCCAGCTCAGCCCTATCGC,0,4326120
yadI_predicted,0.3333333333333333,2,2,CGCCACCCTCAGTTTTCCGT,0,4305842
yadI_predicted,0.3333333333333333,2,2,CGCCACAAAACTTAGAAACG,0,4336670
yadI_predicted,0.3333333333333333,2,2,CGCATTTGTTCACTTCCGTG,0,4361033
yadI_predicted,0.3333333333333333,2,2,CGCAGTGAAGTGTCCGGCCT,0,4296721
yadI_predicted,0.3333333333333333,2,2,CGCAGTAGATCTTCGAGCCC,0,4370021
yadI_predicted,0.3333333333333333,2,2,CGCAGGGATATGCAGTTTGG,0,4305044
yadI_predicted,0.3333333333333333,2,2,CGCAGGCTAGTTAGTCCTAA,0,4300459
yadI_predicted,0.3333333333333333,2,2,CGCAGCGACCGAACCAATAG,0,4350384
yadI_predicted,0.3333333333333333,2,2,CGCAGATTAATTGCGCTGTT,0,4359428
yadI_predicted,0.3333333333333333,2,2,CGCACGGTCATGGTTATAGA,0,4317372
yadI_predicted,0.3333333333333333,2,2,CGCAAGCCGTAGGCTACTCC,0,4289098
yadI_predicted,0.3333333333333333,2,2,CGCAAATGAGAACTTATAAA,0,4342472
yadI_predicted,0.3333333333333333,2,2,CGCAAAGGCAACAGTCCGCG,0,4335730
yadI_predicted,0.3333333333333333,2,2,CGCAAAACGTGTCAACTCTG,0,4332941
yadI_predicted,0.3333333333333333,2,2,CGATTTATGTAGCGAATCAG,0,4368108
yadI_predicted,0.3333333333333333,2,2,CGATTGGTAGATGCCTGTTC,0,4296022
yadI_predicted,0.3333333333333333,2,2,CGATTATGCGGTTGTTCACA,0,4327689
yadI_predicted,0.3333333333333333,2,2,CGATTAGGAGCCACGCACGT,0,4321472
yadI_predicted,0.3333333333333333,2,2,CGATGGAGAGAGCGCTAACT,0,4299545
yadI_predicted,0.3333333333333333,2,2,CGATGATCACTATTAGTATG,0,4324613
yadI_predicted,0.3333333333333333,2,2,CGATGATAATTTTTATGGAC,0,4296105
yadI_predicted,0.3333333333333333,2,2,CGAGTTTATCCAGCCATCGT,0,4367435
yadI_predicted,0.3333333333333333,2,2,CGAGTTATAACCGTCGTTGT,0,4327724
yadI_predicted,0.3333333333333333,2,2,CGAGTATTCATGGAGTCGTA,0,4366733
yadI_predicted,0.3333333333333333,2,2,CGAGTAGGATAGCCCCCTCT,0,4368557
yadI_predicted,0.3333333333333333,2,2,CGAGTACGTTAAGGTGTCAA,0,4346229
yadI_predicted,0.3333333333333333,2,2,CGAGGTTTGTATCGGGATTC,0,4333021
yadI_predicted,0.3333333333333333,2,2,CGAGGGTTGCTGTTCACATA,0,4322605
yadI_predicted,0.3333333333333333,2,2,CGAGGGTAAACAACTTGAGC,0,4314177
yadI_predicted,0.3333333333333333,2,2,CGAGGGGCGGCGGTGGTAGA,0,4360423
yadI_predicted,0.3333333333333333,2,2,CGAGGGCGTTTCGGGGGTGT,0,4299643
yadI_predicted,0.3333333333333333,2,2,CGAGGAAAGGGGCTCAGACT,0,4309034
yadI_predicted,0.3333333333333333,2,2,CGAGCTTCATGTAACTCGCA,0,4316631
yadI_predicted,0.3333333333333333,2,2,CGAGCTCTGTTCGTCGGTAG,0,4342342
yadI_predicted,0.3333333333333333,2,2,CGAGCCAGGAGCGGTTGGGA,0,4327595
yadI_predicted,0.3333333333333333,2,2,CGAGATAACTATTTTTATTG,0,4330513
yadI_predicted,0.3333333333333333,2,2,CGAGAGAGTAAATAGCACAG,0,4355555
yadI_predicted,0.3333333333333333,2,2,CGAGACAAACGGCATTTGTG,0,4299613
yadI_predicted,0.3333333333333333,2,2,CGACTACGAGTGGCGAGGCA,0,4307757
yadI_predicted,0.3333333333333333,2,2,CGACGTGCACGCTGCTGTCA,0,4314391
yadI_predicted,0.3333333333333333,2,2,CGACCGTGAAGTGTGTTAGC,0,4314372
yadI_predicted,0.3333333333333333,2,2,CGACCGGTAAGGTGTTTTCG,0,4307145
yadI_predicted,0.3333333333333333,2,2,CGACACTTTGACTTTTGGTC,0,4359248
yadI_predicted,0.3333333333333333,2,2,CGACACGTACGACAAAGCCT,0,4302293
yadI_predicted,0.3333333333333333,2,2,CGAATTTGGAGGGGTTTGGG,0,4341681
yadI_predicted,0.3333333333333333,2,2,CGAATTGACCGACCCCTCGG,0,4341387
yadI_predicted,0.3333333333333333,2,2,CGAATTAGGATAAGCATCAG,0,4305383
yadI_predicted,0.3333333333333333,2,2,CGAATGCTGTCGCGGACGTC,0,4287347
yadI_predicted,0.3333333333333333,2,2,CGAATGAAAAAACGTTACCA,0,4287624
yadI_predicted,0.3333333333333333,2,2,CGAATCTCCCCCTTTTTATT,0,4328700
yadI_predicted,0.3333333333333333,2,2,CGAATAGGGGCGAACACTGG,0,4312883
yadI_predicted,0.3333333333333333,2,2,CGAAGTATTGAGCCGAAGAG,0,4328345
yadI_predicted,0.3333333333333333,2,2,CGAAGATGGCCTCAGGCAAC,0,4364326
yadI_predicted,0.3333333333333333,2,2,CGAACTGGTCACCGATACTC,0,4362726
yadI_predicted,0.3333333333333333,2,2,CGAAATTCTAACCTTGGCTT,0,4302424
yadI_predicted,0.3333333333333333,2,2,CGAAACGTCGGTCCAGTCGT,0,4331494
yadI_predicted,0.3333333333333333,2,2,CCTTGCGCAACTTCCACAGT,0,4346936
yadI_predicted,0.3333333333333333,2,2,CCTTCCTGGTACATCAGTCG,0,4329991
yadI_predicted,0.3333333333333333,2,2,CCTTCCGGCGCTTATGTCTA,0,4350379
yadI_predicted,0.3333333333333333,2,2,CCTTCATGTACTCTTACCCG,0,4313725
yadI_predicted,0.3333333333333333,2,2,CCTTATGTGATCCAGATATT,0,4369440
yadI_predicted,0.3333333333333333,2,2,CCTTATGCGCGCTTAGCAAT,0,4350723
yadI_predicted,0.3333333333333333,2,2,CCTTAGATCTCGTCACGCGA,0,4344740
yadI_predicted,0.3333333333333333,2,2,CCTTAAGCACAACTGTATCA,0,4307301
yadI_predicted,0.3333333333333333,2,2,CCTGTTTCGTATTCGTGAAC,0,4314615
yadI_predicted,0.3333333333333333,2,2,CCTGGTACGCGCGGCTTTAT,0,4288939
yadI_predicted,0.3333333333333333,2,2,CCTGGCTGGAAGCGGGCGAT,0,4335435
yadI_predicted,0.3333333333333333,2,2,CCTGATCCGCGACAGCTCGA,0,4351181
yadI_predicted,0.3333333333333333,2,2,CCTCGTGGATTTTCTGGCTC,0,4348175
yadI_predicted,0.3333333333333333,2,2,CCTCGTATGCGCGCAACAGT,0,4344686
yadI_predicted,0.3333333333333333,2,2,CCTCCGTTTACAGCCAGGGA,0,4322721
yadI_predicted,0.3333333333333333,2,2,CCTCCCAAGGTGTCATAAGC,0,4336609
yadI_predicted,0.3333333333333333,2,2,CCTCCACGCAGGTTAACTCG,0,4287154
yadI_predicted,0.3333333333333333,2,2,CCTCAGGGACTCAGAATGCA,0,4302682
yadI_predicted,0.3333333333333333,2,2,CCTCACTTGGAATTGCAGCC,0,4285466
yadI_predicted,0.3333333333333333,2,2,CCTCAATTTGCTTCGTCGCT,0,4350160
yadI_predicted,0.3333333333333333,2,2,CCTATTCATAAAAGCGAGAT,0,4326179
yadI_predicted,0.3333333333333333,2,2,CCTATCCCGTACCACAAGAG,0,4317242
yadI_predicted,0.3333333333333333,2,2,CCTAGTTTCCGAAACAGGAT,0,4287408
yadI_predicted,0.3333333333333333,2,2,CCTAGGCTTCTAGGTCCGAG,0,4367029
yadI_predicted,0.3333333333333333,2,2,CCTACATGTAACCCGTGGCC,0,4322757
yadI_predicted,0.3333333333333333,2,2,CCTAATTCCGCTGATGCGAG,0,4331303
yadI_predicted,0.3333333333333333,2,2,CCTAATCAGGGGCCACGGGT,0,4337496
yadI_predicted,0.3333333333333333,2,2,CCGTTCTTAGCATGGTACGA,0,4316391
yadI_predicted,0.3333333333333333,2,2,CCGTTCACATGCCAAGCCAT,0,4295308
yadI_predicted,0.3333333333333333,2,2,CCGTTACGAGGTATACCAGG,0,4285113
yadI_predicted,0.3333333333333333,2,2,CCGTGTTGTAAGAGTATGTA,0,4311738
yadI_predicted,0.3333333333333333,2,2,CCGTGTAGCAGTAACCGGTG,0,4359192
yadI_predicted,0.3333333333333333,2,2,CCGTGCAGTTCGGTGGAATC,0,4305352
yadI_predicted,0.3333333333333333,2,2,CCGTGATACTTGGAGAGGAA,0,4353598
yadI_predicted,0.3333333333333333,2,2,CCGTCTCCTACTACATACGG,0,4352973
yadI_predicted,0.3333333333333333,2,2,CCGGTCTTCCGGCAAGACCA,0,4308840
yadI_predicted,0.3333333333333333,2,2,CCGGGGCGGCAATGTAGGAG,0,4340708
yadI_predicted,0.3333333333333333,2,2,CCGGGACGGAAGCATCCGAG,0,4358590
yadI_predicted,0.3333333333333333,2,2,CCGGCTGACAGTAGACTGAG,0,4321538
yadI_predicted,0.3333333333333333,2,2,CCGGCCCTAACTAGCCGACG,0,4338077
yadI_predicted,0.3333333333333333,2,2,CCGGATCGTGATTAGAAGGT,0,4314361
yadI_predicted,0.3333333333333333,2,2,CCGGAAGGATTCTCTGGCAA,0,4364997
yadI_predicted,0.3333333333333333,2,2,CCGCTGACTCTTCTGTTATA,0,4298837
yadI_predicted,0.3333333333333333,2,2,CCGCTATAATGACGCTCGAA,0,4324143
yadI_predicted,0.3333333333333333,2,2,CCGCGTGGGACGTCAATACC,0,4294833
yadI_predicted,0.3333333333333333,2,2,CCGCGGTAGTAACGCGCAAG,0,4320170
yadI_predicted,0.3333333333333333,2,2,CCGCGCGATCACCCGTAAGA,0,4292158
yadI_predicted,0.3333333333333333,2,2,CCGCCGTCCTTCAAGACGCT,0,4299831
yadI_predicted,0.3333333333333333,2,2,CCGCCCGTTCGGAGAAGGTG,0,4284158
yadI_predicted,0.3333333333333333,2,2,CCGCCCCCTGTACAATAGAT,0,4328441
yadI_predicted,0.3333333333333333,2,2,CCGCATATAAACGGAATGTC,0,4318456
yadI_predicted,0.3333333333333333,2,2,CCGATGTGATGCAGGGGACT,0,4308369
yadI_predicted,0.3333333333333333,2,2,CCGATCTGTGCTCCCGTCAC,0,4361056
yadI_predicted,0.3333333333333333,2,2,CCGAGTAAGTGCAGACAAAG,0,4366381
yadI_predicted,0.3333333333333333,2,2,CCGAGCGTAAACAAAGTTCA,0,4291927
yadI_predicted,0.3333333333333333,2,2,CCGACGCGTTAGGAGGAAAC,0,4315833
yadI_predicted,0.3333333333333333,2,2,CCGAACTAAGGCATAGGTGT,0,4321356
yadI_predicted,0.3333333333333333,2,2,CCCTGGAAAGTTGTGGGGCT,0,4367240
yadI_predicted,0.3333333333333333,2,2,CCCTGCTCGTTCTGAACTGT,0,4321178
yadI_predicted,0.3333333333333333,2,2,CCCTCGGTTCTGATTTACAA,0,4343536
yadI_predicted,0.3333333333333333,2,2,CCCTCCACGGCACCGTTTGC,0,4302738
yadI_predicted,0.3333333333333333,2,2,CCCTCACAAACATCTAGGGT,0,4327177
yadI_predicted,0.3333333333333333,2,2,CCCTAGGGGCTCTTATGTTT,0,4331084
yadI_predicted,0.3333333333333333,2,2,CCCGTTCCTTCCGCGACACC,0,4361954
yadI_predicted,0.3333333333333333,2,2,CCCGTGAGACGCGAGAGACC,0,4302789
yadI_predicted,0.3333333333333333,2,2,CCCGGCATAATTTAAGAGTA,0,4289536
yadI_predicted,0.3333333333333333,2,2,CCCGGAACCATCCCGATCGT,0,4321028
yadI_predicted,0.3333333333333333,2,2,CCCGCTAACGCTCTTGAGTT,0,4300948
yadI_predicted,0.3333333333333333,2,2,CCCGCTAACAGCGTATTTTA,0,4351102
yadI_predicted,0.3333333333333333,2,2,CCCGCGAGGGGTCTCGTGCT,0,4318752
yadI_predicted,0.3333333333333333,2,2,CCCGCCAGCCGTGCTGCGTT,0,4333654
yadI_predicted,0.3333333333333333,2,2,CCCGATGGGGCAAAGGCTAT,0,4356858
yadI_predicted,0.3333333333333333,2,2,CCCGAGGCGTCCAGTGACTA,0,4308371
yadI_predicted,0.3333333333333333,2,2,CCCGAACGGCCCACGGGTCA,0,4345414
yadI_predicted,0.3333333333333333,2,2,CCCCGTTACCACGAAATGTG,0,4347814
yadI_predicted,0.3333333333333333,2,2,CCCCGGCGTAAAACAGGTCG,0,4287876
yadI_predicted,0.3333333333333333,2,2,CCCCCCGTCAGGGGCGCCCA,0,4351750
yadI_predicted,0.3333333333333333,2,2,CCCCCCGCAGGGAATATCAA,0,4344204
yadI_predicted,0.3333333333333333,2,2,CCCCAGGTCGGGAAATCAGA,0,4327506
yadI_predicted,0.3333333333333333,2,2,CCCCAGCGGGCATTTAAACA,0,4285067
yadI_predicted,0.3333333333333333,2,2,CCCCAGACCCGGACGGTGCC,0,4349695
yadI_predicted,0.3333333333333333,2,2,CCCCAAGAGTTAGTCGTGGT,0,4365112
yadI_predicted,0.3333333333333333,2,2,CCCATGACTCCGCACGAGGG,0,4302351
yadI_predicted,0.3333333333333333,2,2,CCCAGGACCGGAGATAAGAA,0,4300200
yadI_predicted,0.3333333333333333,2,2,CCCAGACGCCATGAGTAGGA,0,4365271
yadI_predicted,0.3333333333333333,2,2,CCCAACTGATGTTGGAGGAA,0,4321740
yadI_predicted,0.3333333333333333,2,2,CCATTCTTCTCTTCATACTC,0,4317680
yadI_predicted,0.3333333333333333,2,2,CCATTCAGGGCACGCCAACG,0,4361198
yadI_predicted,0.3333333333333333,2,2,CCATGAACCGATGGCTCAGC,0,4333546
yadI_predicted,0.3333333333333333,2,2,CCATCGTATACGTCCGTGAG,0,4313634
yadI_predicted,0.3333333333333333,2,2,CCATCCGCCTGGGCTGCTTC,0,4360320
yadI_predicted,0.3333333333333333,2,2,CCATCAGATGACCCTCCATT,0,4311371
yadI_predicted,0.3333333333333333,2,2,CCATATATCCCAACAGCATA,0,4335392
yadI_predicted,0.3333333333333333,2,2,CCAGTGGTTCTTAAAGAGTT,0,4286003
yadI_predicted,0.3333333333333333,2,2,CCAGTCATTGTTGATATCGC,0,4346309
yadI_predicted,0.3333333333333333,2,2,CCAGTAGAATTATAAGGGCT,0,4326971
yadI_predicted,0.3333333333333333,2,2,CCAGTAAGTTTTACGAGATG,0,4293244
yadI_predicted,0.3333333333333333,2,2,CCAGGGGGCTTTAAAGGGCA,0,4365544
yadI_predicted,0.3333333333333333,2,2,CCAGCGCTCTCGCGTATTCC,0,4303365
yadI_predicted,0.3333333333333333,2,2,CCACTTACCCAGTGAGCGAC,0,4302994
yadI_predicted,0.3333333333333333,2,2,CCACTCAATCTTTCGAGTCA,0,4366677
yadI_predicted,0.3333333333333333,2,2,CCACGTCTTGCCCCCAAGAG,0,4362785
yadI_predicted,0.3333333333333333,2,2,CCACGAGGTCCAGTATCATT,0,4358872
yadI_predicted,0.3333333333333333,2,2,CCACGAGAAGCTACCCGTAA,0,4293819
yadI_predicted,0.3333333333333333,2,2,CCACCTTGCCGTGGAGGTGG,0,4368125
yadI_predicted,0.3333333333333333,2,2,CCACCGAACTGTGGTGACCA,0,4339444
yadI_predicted,0.3333333333333333,2,2,CCACCCGATTAGCAAATAAA,0,4330146
yadI_predicted,0.3333333333333333,2,2,CCACCAACTGGACAGTGGGT,0,4303422
yadI_predicted,0.3333333333333333,2,2,CCACAGAGATGCGACGGGGT,0,4340997
yadI_predicted,0.3333333333333333,2,2,CCACACACCTATAAAGATCG,0,4296706
yadI_predicted,0.3333333333333333,2,2,CCACAAGCCTATGGGAAATA,0,4339477
yadI_predicted,0.3333333333333333,2,2,CCAATTACGGGATGCACAAT,0,4353139
yadI_predicted,0.3333333333333333,2,2,CCAATTAATATGGTGCGTTG,0,4325381
yadI_predicted,0.3333333333333333,2,2,CCAATCCTGCTTTCACCTTA,0,4288691
yadI_predicted,0.3333333333333333,2,2,CCAAGTGACAGCACGTTGTC,0,4291152
yadI_predicted,0.3333333333333333,2,2,CCAAGGCCAAATCAACTAAA,0,4337208
yadI_predicted,0.3333333333333333,2,2,CCAAAACTTTGCGGGTTAAA,0,4329009
yadI_predicted,0.3333333333333333,2,2,CATTTTGGGGGAATACGCCC,0,4357809
yadI_predicted,0.3333333333333333,2,2,CATTTTAAGAGTAAACTGGA,0,4365314
yadI_predicted,0.3333333333333333,2,2,CATTTGGTTTTAGGTGCCGT,0,4337310
yadI_predicted,0.3333333333333333,2,2,CATTGTCCCCAGGAAACGCT,0,4355470
yadI_predicted,0.3333333333333333,2,2,CATTGCATCCTCGACTACCC,0,4320578
yadI_predicted,0.3333333333333333,2,2,CATTGAGAGACTGAGAGTTA,0,4308061
yadI_predicted,0.3333333333333333,2,2,CATTCGGTAGCTGGCGTCTG,0,4322673
yadI_predicted,0.3333333333333333,2,2,CATTCCTTCTAATTACACTG,0,4325007
yadI_predicted,0.3333333333333333,2,2,CATTCCGTATCATTGATTAC,0,4345182
yadI_predicted,0.3333333333333333,2,2,CATTCATAGAGCCTCGAATC,0,4335838
yadI_predicted,0.3333333333333333,2,2,CATTCAGCCACTAGACTTTC,0,4284471
yadI_predicted,0.3333333333333333,2,2,CATTAATTTCCGGATAGGTG,0,4340066
yadI_predicted,0.3333333333333333,2,2,CATTAAATCTTGCGCCCATA,0,4309238
yadI_predicted,0.3333333333333333,2,2,CATTAAAGTGCGGCGAACTC,0,4284347
yadI_predicted,0.3333333333333333,2,2,CATGTTTCTTGGGCACGGGA,0,4360461
yadI_predicted,0.3333333333333333,2,2,CATGTTCAAAAAGGTCAGCT,0,4326560
yadI_predicted,0.3333333333333333,2,2,CATGTCTTAACTCTCTGAAT,0,4349314
yadI_predicted,0.3333333333333333,2,2,CATGTCGGCAGCGTTCCTGA,0,4288355
yadI_predicted,0.3333333333333333,2,2,CATGTATAACTTTCCTTCTT,0,4350588
yadI_predicted,0.3333333333333333,2,2,CATGTAATCTTATCGCAGCT,0,4352453
yadI_predicted,0.3333333333333333,2,2,CATGGTTTGTACCAATCTAT,0,4337487
yadI_predicted,0.3333333333333333,2,2,CATGGACGGTCACAACATTT,0,4304118
yadI_predicted,0.3333333333333333,2,2,CATGCTCGTACGTGAGCTCG,0,4312721
yadI_predicted,0.3333333333333333,2,2,CATGCGTGGCGGCATGTTTG,0,4304416
yadI_predicted,0.3333333333333333,2,2,CATGCGGGCGTGCCGCCTGC,0,4303277
yadI_predicted,0.3333333333333333,2,2,CATGCCTCGGGAGGTCAGTT,0,4299563
yadI_predicted,0.3333333333333333,2,2,CATGATAAAGGGGCAAGTTC,0,4284359
yadI_predicted,0.3333333333333333,2,2,CATCTTACTATGGTCAGCCA,0,4319187
yadI_predicted,0.3333333333333333,2,2,CATCTGTTTACCCAGGCAGC,0,4359682
yadI_predicted,0.3333333333333333,2,2,CATCTGCCGGCTAGTAGCCC,0,4287885
yadI_predicted,0.3333333333333333,2,2,CATCTGCAGACACGGTTTTA,0,4306938
yadI_predicted,0.3333333333333333,2,2,CATCGGCTGCACCGGTCTGT,0,4327960
yadI_predicted,0.3333333333333333,2,2,CATCGACTGCTTCGGGTGGT,0,4295391
yadI_predicted,0.3333333333333333,2,2,CATCCTCTATCTGGGGGAAT,0,4313930
yadI_predicted,0.3333333333333333,2,2,CATCCCTACCGCTGGTTCTG,0,4365965
yadI_predicted,0.3333333333333333,2,2,CATCCCACGTTGTTTGTCCA,0,4332040
yadI_predicted,0.3333333333333333,2,2,CATCACACGACCCTTTCGGG,0,4291383
yadI_predicted,0.3333333333333333,2,2,CATATGTGTCAGAAACCGTT,0,4366897
yadI_predicted,0.3333333333333333,2,2,CATATGTGCGGGACATGTTC,0,4311068
yadI_predicted,0.3333333333333333,2,2,CATATAGGGATAGCTCGACA,0,4295302
yadI_predicted,0.3333333333333333,2,2,CATAGGGATTTTCATCCCCT,0,4290841
yadI_predicted,0.3333333333333333,2,2,CATAGGATAGGAGTGCAGTA,0,4289103
yadI_predicted,0.3333333333333333,2,2,CATAGATTACTAAATTCGGA,0,4322859
yadI_predicted,0.3333333333333333,2,2,CATAGAGTCGGACCTCGTAT,0,4318273
yadI_predicted,0.3333333333333333,2,2,CATAGACTCTGTCTTGGTAC,0,4329592
yadI_predicted,0.3333333333333333,2,2,CAGTTTTATGAATCAATCAC,0,4327947
yadI_predicted,0.3333333333333333,2,2,CAGTTCTATACTAGCCAAGT,0,4310370
yadI_predicted,0.3333333333333333,2,2,CAGTTAGGATTCTTTGAGCA,0,4353781
yadI_predicted,0.3333333333333333,2,2,CAGTTAAATAACGCCTCTGC,0,4297880
yadI_predicted,0.3333333333333333,2,2,CAGTGGTTTCTAATAACGTT,0,4356378
yadI_predicted,0.3333333333333333,2,2,CAGTGATATGGGTTTTAGTC,0,4346842
yadI_predicted,0.3333333333333333,2,2,CAGTGAACACGATCGCTAGC,0,4352460
yadI_predicted,0.3333333333333333,2,2,CAGTCAGATCACGGTTACCA,0,4369484
yadI_predicted,0.3333333333333333,2,2,CAGTATCGGATAATTGCAGG,0,4292687
yadI_predicted,0.3333333333333333,2,2,CAGTATCGAATATTGCCTCA,0,4349706
yadI_predicted,0.3333333333333333,2,2,CAGTACAGTCTGAATCGAGT,0,4331619
yadI_predicted,0.3333333333333333,2,2,CAGTAATTTGTGGTACTTAT,0,4303308
yadI_predicted,0.3333333333333333,2,2,CAGTAATCTCGATGGCCAGA,0,4303996
yadI_predicted,0.3333333333333333,2,2,CAGGTACAGTCCGAGATAGA,0,4295216
yadI_predicted,0.3333333333333333,2,2,CAGGGGTTTCGTAGCCCTGG,0,4320851
yadI_predicted,0.3333333333333333,2,2,CAGGGAGCGTAGCCTAGGCG,0,4352708
yadI_predicted,0.3333333333333333,2,2,CAGGCGGCATATAGCGGAGT,0,4352826
yadI_predicted,0.3333333333333333,2,2,CAGGCCCCGGATCCTGGAAA,0,4291584
yadI_predicted,0.3333333333333333,2,2,CAGGAGTTGTCCTCTTGTCG,0,4336813
yadI_predicted,0.3333333333333333,2,2,CAGCTCTGATGTACGGTGAC,0,4326199
yadI_predicted,0.3333333333333333,2,2,CAGCTCAGGTTCGGATACAG,0,4300986
yadI_predicted,0.3333333333333333,2,2,CAGCGGCGAAAGCGCTCGAT,0,4348428
yadI_predicted,0.3333333333333333,2,2,CAGCGGATTCTCAGTTCGGG,0,4351032
yadI_predicted,0.3333333333333333,2,2,CAGCGGAGGTTGGAGATCAT,0,4336432
yadI_predicted,0.3333333333333333,2,2,CAGCGCTTTCTGAAGATTTG,0,4348140
yadI_predicted,0.3333333333333333,2,2,CAGCGAGCTTGTAGGTAATC,0,4352648
yadI_predicted,0.3333333333333333,2,2,CAGCGACGGTCTAAGGTCTC,0,4322759
yadI_predicted,0.3333333333333333,2,2,CAGCCTAGTCTTCCACTTAG,0,4314514
yadI_predicted,0.3333333333333333,2,2,CAGCCCTACTAAGAACTTGC,0,4339700
yadI_predicted,0.3333333333333333,2,2,CAGCCACGTTCGCCCGAGAA,0,4363725
yadI_predicted,0.3333333333333333,2,2,CAGCACCCTGGCAGTATCTT,0,4306461
yadI_predicted,0.3333333333333333,2,2,CAGATTCCGTGGCCGGTTAA,0,4296903
yadI_predicted,0.3333333333333333,2,2,CAGATAGTACCAAAGGCCAT,0,4354885
yadI_predicted,0.3333333333333333,2,2,CAGAGTTATCCAGGCGACAG,0,4300527
yadI_predicted,0.3333333333333333,2,2,CAGAGGGGGACTTCTATAGG,0,4300935
yadI_predicted,0.3333333333333333,2,2,CAGAGCTTTTTCCAACGAGA,0,4356234
yadI_predicted,0.3333333333333333,2,2,CAGAGCTGTTTGGGAGCTAA,0,4369184
yadI_predicted,0.3333333333333333,2,2,CAGAGATTGTGGCTTTCCAG,0,4336969
yadI_predicted,0.3333333333333333,2,2,CAGACTAATAAAAGCCGACA,0,4290366
yadI_predicted,0.3333333333333333,2,2,CAGACAAGCGCTGGACCGAA,0,4311193
yadI_predicted,0.3333333333333333,2,2,CAGAATTGGAGGTTTCCCAC,0,4285799
yadI_predicted,0.3333333333333333,2,2,CAGAACACCTACTCGTAGGA,0,4355230
yadI_predicted,0.3333333333333333,2,2,CACTTGCTAAATCTCATTTA,0,4309153
yadI_predicted,0.3333333333333333,2,2,CACTTCAAGGAAACCGTTAT,0,4316813
yadI_predicted,0.3333333333333333,2,2,CACTTAGAATACCAGCAAGT,0,4335139
yadI_predicted,0.3333333333333333,2,2,CACTGGCACGTCAAACGGGA,0,4305065
yadI_predicted,0.3333333333333333,2,2,CACTGGAGGAGCCGGGATAA,0,4368788
yadI_predicted,0.3333333333333333,2,2,CACTGATCAGAGGTAAAATG,0,4361635
yadI_predicted,0.3333333333333333,2,2,CACTGACCGCCCGGACTGAC,0,4333652
yadI_predicted,0.3333333333333333,2,2,CACGTGATATTAGATAGGTT,0,4348284
yadI_predicted,0.3333333333333333,2,2,CACGTCGCGATTTAACGGCG,0,4301348
yadI_predicted,0.3333333333333333,2,2,CACGTAGGCGGATACTGGGT,0,4359652
yadI_predicted,0.3333333333333333,2,2,CACGGGCTTTTGTTAACCCA,0,4357738
yadI_predicted,0.3333333333333333,2,2,CACGGAAAGACACGTCGGAT,0,4364017
yadI_predicted,0.3333333333333333,2,2,CACGCAATCCGATAACATTG,0,4330094
yadI_predicted,0.3333333333333333,2,2,CACGAAGCCCTGCGCTTGGC,0,4311359
yadI_predicted,0.3333333333333333,2,2,CACCGGGAGCTAGAGGACTT,0,4346313
yadI_predicted,0.3333333333333333,2,2,CACCGGCACGATGCCACTGT,0,4331415
yadI_predicted,0.3333333333333333,2,2,CACCCGTGCAGACCCGATCT,0,4314777
yadI_predicted,0.3333333333333333,2,2,CACCATTACAGGGCCATGTT,0,4307514
yadI_predicted,0.3333333333333333,2,2,CACCATGCGTATTATAGCTT,0,4361316
yadI_predicted,0.3333333333333333,2,2,CACCACATACATCATGCGAG,0,4331692
yadI_predicted,0.3333333333333333,2,2,CACATAGGTCGTAGCATCCA,0,4351773
yadI_predicted,0.3333333333333333,2,2,CACATAATCATCTATCTACA,0,4332152
yadI_predicted,0.3333333333333333,2,2,CACAGTATGGTACAGTTACT,0,4304725
yadI_predicted,0.3333333333333333,2,2,CACAGGGCAATCGGCGTCCC,0,4354129
yadI_predicted,0.3333333333333333,2,2,CACACTTCACGGTTTGTCGC,0,4329616
yadI_predicted,0.3333333333333333,2,2,CACACAAGGGGTTTCCGAGA,0,4310708
yadI_predicted,0.3333333333333333,2,2,CAATTTGCTTGTGGAACGGT,0,4326778
yadI_predicted,0.3333333333333333,2,2,CAATTGAAGAAGGCACATCG,0,4354534
yadI_predicted,0.3333333333333333,2,2,CAATTCCAAACTATGCATGA,0,4361675
yadI_predicted,0.3333333333333333,2,2,CAATGGAGGCAGGGGTGCGG,0,4331150
yadI_predicted,0.3333333333333333,2,2,CAATGCGCTCGTTGCGATTA,0,4331698
yadI_predicted,0.3333333333333333,2,2,CAATGCATCGTAGGCACCTT,0,4362164
yadI_predicted,0.3333333333333333,2,2,CAATGCACGCGTCGCATCCC,0,4355316
yadI_predicted,0.3333333333333333,2,2,CAATCTTGTACTGTCGTGAG,0,4321817
yadI_predicted,0.3333333333333333,2,2,CAATATACTCCACTATAGGT,0,4367796
yadI_predicted,0.3333333333333333,2,2,CAATAAGGATAATTTAAACG,0,4298263
yadI_predicted,0.3333333333333333,2,2,CAATAAACGCAGGGTCCGCT,0,4330998
yadI_predicted,0.3333333333333333,2,2,CAAGTTTCACGACGTAATCC,0,4334538
yadI_predicted,0.3333333333333333,2,2,CAAGTGCCTTCGGACGCACC,0,4353359
yadI_predicted,0.3333333333333333,2,2,CAAGGTTGGTGCAACCTTAA,0,4299319
yadI_predicted,0.3333333333333333,2,2,CAAGGTATATGCGTTTATTT,0,4304426
yadI_predicted,0.3333333333333333,2,2,CAAGGCGTTGCCTTTGGTAA,0,4328300
yadI_predicted,0.3333333333333333,2,2,CAAGCTAAATGTCATGTCAA,0,4309875
yadI_predicted,0.3333333333333333,2,2,CAAGATGCGCCCATGGGAAT,0,4290505
yadI_predicted,0.3333333333333333,2,2,CAAGAGGGTTGATGTTTGTT,0,4346681
yadI_predicted,0.3333333333333333,2,2,CAACTGACTTAGTCACGCGC,0,4308305
yadI_predicted,0.3333333333333333,2,2,CAACGCTATTCTTGCGAAAT,0,4318266
yadI_predicted,0.3333333333333333,2,2,CAACCTTCGCGACCTCCACA,0,4318256
yadI_predicted,0.3333333333333333,2,2,CAACCCTCACGCTCACAATT,0,4368437
yadI_predicted,0.3333333333333333,2,2,CAACCCGATCCAGTGGACAT,0,4337831
yadI_predicted,0.3333333333333333,2,2,CAACATGGTGTGCGTCGGAC,0,4329415
yadI_predicted,0.3333333333333333,2,2,CAACAACAGCTAGACCTCCC,0,4318802
yadI_predicted,0.3333333333333333,2,2,CAACAACAGCGCAATCACAA,0,4304227
yadI_predicted,0.3333333333333333,2,2,CAAATTTTGACTTCGTGGAG,0,4314743
yadI_predicted,0.3333333333333333,2,2,CAAATTATCGGAACTATATT,0,4309940
yadI_predicted,0.3333333333333333,2,2,CAAATCTGCGTTTGACGTGT,0,4290191
yadI_predicted,0.3333333333333333,2,2,CAAATCATAACGATGACTGT,0,4300102
yadI_predicted,0.3333333333333333,2,2,CAAAGTATGTGGATACACGC,0,4341070
yadI_predicted,0.3333333333333333,2,2,CAAAGGAAAATAAGGATTCC,0,4318563
yadI_predicted,0.3333333333333333,2,2,CAAAGCTATGCATCAACCAC,0,4339454
yadI_predicted,0.3333333333333333,2,2,CAAAGAAACCGCGGGATAGT,0,4307671
yadI_predicted,0.3333333333333333,2,2,CAAACACCAAGGTCGTCCCT,0,4310299
yadI_predicted,0.3333333333333333,2,2,CAAAATTTGGCGGAAGTGAT,0,4316239
yadI_predicted,0.3333333333333333,2,2,CAAAACACTCCGCGCGGAAA,0,4352580
yadI_predicted,0.3333333333333333,2,2,ATTTTGCTCTAGAAGATGGG,0,4323911
yadI_predicted,0.3333333333333333,2,2,ATTTTGCGCGCACCTGCTTG,0,4316626
yadI_predicted,0.3333333333333333,2,2,ATTTTATTTATGTGACTGGG,0,4326843
yadI_predicted,0.3333333333333333,2,2,ATTTTACGGGCCTGACTGCC,0,4357052
yadI_predicted,0.3333333333333333,2,2,ATTTGTGTCTTAGGTGTCTC,0,4356262
yadI_predicted,0.3333333333333333,2,2,ATTTGGTTTGCCGCAGGCGT,0,4309154
yadI_predicted,0.3333333333333333,2,2,ATTTGGTCTTCACTGCTACA,0,4320155
yadI_predicted,0.3333333333333333,2,2,ATTTGCAACGGAATATGATA,0,4330000
yadI_predicted,0.3333333333333333,2,2,ATTTCTGAGAGATCGGCGAA,0,4312253
yadI_predicted,0.3333333333333333,2,2,ATTTCGCCGACTGGATCATA,0,4355105
yadI_predicted,0.3333333333333333,2,2,ATTTATTCCGAGAAATGAGT,0,4342673
yadI_predicted,0.3333333333333333,2,2,ATTTAGGAATAACTGCCCTT,0,4285193
yadI_predicted,0.3333333333333333,2,2,ATTGTGCTTTCATACGATAG,0,4307617
yadI_predicted,0.3333333333333333,2,2,ATTGTATGTTGCGAGACCTC,0,4320433
yadI_predicted,0.3333333333333333,2,2,ATTGGATTCGTTACTTCAAA,0,4289898
yadI_predicted,0.3333333333333333,2,2,ATTGGAAATTCCCGCCTCAG,0,4323357
yadI_predicted,0.3333333333333333,2,2,ATTGCATGGATAGGTGTGTC,0,4326393
yadI_predicted,0.3333333333333333,2,2,ATTGCATATCAATCGAGAAT,0,4293581
yadI_predicted,0.3333333333333333,2,2,ATTGAAGTTGTACGGTGTTT,0,4367875
yadI_predicted,0.3333333333333333,2,2,ATTCTCACATTGCACAATAA,0,4325268
yadI_predicted,0.3333333333333333,2,2,ATTCGCAAGGGAATAAGTAG,0,4289518
yadI_predicted,0.3333333333333333,2,2,ATTCGATCAATCGTAGGGAT,0,4335815
yadI_predicted,0.3333333333333333,2,2,ATTCCTCTGAGAAGACCGTC,0,4327861
yadI_predicted,0.3333333333333333,2,2,ATTCCGCCGAGCCTTAAATA,0,4290234
yadI_predicted,0.3333333333333333,2,2,ATTCCCGCCACTATCCTCCG,0,4366925
yadI_predicted,0.3333333333333333,2,2,ATTCATTGTGGGTTGTGTGA,0,4290052
yadI_predicted,0.3333333333333333,2,2,ATTATTGGTTCAGCTCCTAC,0,4303874
yadI_predicted,0.3333333333333333,2,2,ATTATTCAAGAGGGCGCATG,0,4344485
yadI_predicted,0.3333333333333333,2,2,ATTATGGATTACATATTGCG,0,4335839
yadI_predicted,0.3333333333333333,2,2,ATTATGGATCTCGTATTATA,0,4360712
yadI_predicted,0.3333333333333333,2,2,ATTAGCTCTGCGGCAGCCCG,0,4330898
yadI_predicted,0.3333333333333333,2,2,ATTAGCCCTACACTTCATCT,0,4298660
yadI_predicted,0.3333333333333333,2,2,ATTACTCGCAAGTTCTAATA,0,4350505
yadI_predicted,0.3333333333333333,2,2,ATTACGCTTAAGTCCGACGT,0,4288059
yadI_predicted,0.3333333333333333,2,2,ATTAATGACCTACGACGAGC,0,4358342
yadI_predicted,0.3333333333333333,2,2,ATTAATGAATTTTCTAGTTT,0,4313827
yadI_predicted,0.3333333333333333,2,2,ATTAATCTGCACTAGGGTGG,0,4341792
yadI_predicted,0.3333333333333333,2,2,ATTAAGGGGTAGGACATCGA,0,4359783
yadI_predicted,0.3333333333333333,2,2,ATTAAATGTGTGCGGTGGCA,0,4344451
yadI_predicted,0.3333333333333333,2,2,ATGTTGTAGATGTTTTCGCC,0,4322079
yadI_predicted,0.3333333333333333,2,2,ATGTGGGTGAGAGGCTCTCC,0,4330693
yadI_predicted,0.3333333333333333,2,2,ATGTGGCTGTGTGCCGGATG,0,4316946
yadI_predicted,0.3333333333333333,2,2,ATGTGATACGTGAAATTTTG,0,4304225
yadI_predicted,0.3333333333333333,2,2,ATGTGACTCCCACTTGTACA,0,4350130
yadI_predicted,0.3333333333333333,2,2,ATGTGAAAGTCTGGAACGGG,0,4290988
yadI_predicted,0.3333333333333333,2,2,ATGTCTACGTAGCGGAGCAA,0,4291098
yadI_predicted,0.3333333333333333,2,2,ATGTCACCCGCACTTAGTTT,0,4342380
yadI_predicted,0.3333333333333333,2,2,ATGTAACACAAACTGGATTT,0,4361566
yadI_predicted,0.3333333333333333,2,2,ATGGTGTACCTCCAGGCGGT,0,4358170
yadI_predicted,0.3333333333333333,2,2,ATGGTGAACCACTTCGGCTA,0,4350704
yadI_predicted,0.3333333333333333,2,2,ATGGGTCTTCCCAGGCGATC,0,4289244
yadI_predicted,0.3333333333333333,2,2,ATGGGACGCGATGGTGGTTG,0,4320967
yadI_predicted,0.3333333333333333,2,2,ATGGCGATATCAGACGTGTT,0,4354261
yadI_predicted,0.3333333333333333,2,2,ATGGCGACCCTACTAGGATG,0,4316915
yadI_predicted,0.3333333333333333,2,2,ATGGCATATTGACAACGGTG,0,4302248
yadI_predicted,0.3333333333333333,2,2,ATGCTGTAATCTGGGAAGGA,0,4304858
yadI_predicted,0.3333333333333333,2,2,ATGCTCTGGTGGTCTTAAGT,0,4288674
yadI_predicted,0.3333333333333333,2,2,ATGCGGGTCAGTCCGGACGT,0,4360030
yadI_predicted,0.3333333333333333,2,2,ATGCGGGGTTCTGGGCTTAC,0,4369747
yadI_predicted,0.3333333333333333,2,2,ATGCGGCTTGTAAACTGGTT,0,4307190
yadI_predicted,0.3333333333333333,2,2,ATGCGAATATAAGTACCCAA,0,4323244
yadI_predicted,0.3333333333333333,2,2,ATGCCGATACCAGATTGATT,0,4295336
yadI_predicted,0.3333333333333333,2,2,ATGCATGATTTGAGTCTGTA,0,4367202
yadI_predicted,0.3333333333333333,2,2,ATGCATACTACTAACTATGT,0,4360171
yadI_predicted,0.3333333333333333,2,2,ATGCAGGCTCGGGTGGACCC,0,4304784
yadI_predicted,0.3333333333333333,2,2,ATGCACGCGACGGGTATCAT,0,4306309
yadI_predicted,0.3333333333333333,2,2,ATGCAATAACTAGTGAGTCT,0,4293071
yadI_predicted,0.3333333333333333,2,2,ATGATGCATGTAATAGGTGC,0,4298802
yadI_predicted,0.3333333333333333,2,2,ATGACTAATAGCAAGGTAGC,0,4357816
yadI_predicted,0.3333333333333333,2,2,ATGACCTTCCCCAAATCCGA,0,4308107
yadI_predicted,0.3333333333333333,2,2,ATGAATCCCTAGAACATTAA,0,4296871
yadI_predicted,0.3333333333333333,2,2,ATCTTGTGATCAGTATCGTG,0,4364885
yadI_predicted,0.3333333333333333,2,2,ATCTGTCTGTTGGTTATGCT,0,4351198
yadI_predicted,0.3333333333333333,2,2,ATCTCTCGGTGCCCAGGCAG,0,4327654
yadI_predicted,0.3333333333333333,2,2,ATCTATAAAGCCCTGCGCAT,0,4364343
yadI_predicted,0.3333333333333333,2,2,ATCTAGGAACATAATTTTTC,0,4333875
yadI_predicted,0.3333333333333333,2,2,ATCTAAGATCAGGCTGTTTT,0,4298421
yadI_predicted,0.3333333333333333,2,2,ATCGTTTTTTAGCCTTGTGT,0,4303898
yadI_predicted,0.3333333333333333,2,2,ATCGTATAACCCCTGGGGAT,0,4300078
yadI_predicted,0.3333333333333333,2,2,ATCGTACTTAGTAACTCACC,0,4334466
yadI_predicted,0.3333333333333333,2,2,ATCGGGATACACCCGAGGGA,0,4305568
yadI_predicted,0.3333333333333333,2,2,ATCGGAATCTTTTCGTGTTA,0,4326668
yadI_predicted,0.3333333333333333,2,2,ATCGGAAGGAAGAGAGGTAC,0,4363245
yadI_predicted,0.3333333333333333,2,2,ATCGCAGTTCGAATAAGGCC,0,4335367
yadI_predicted,0.3333333333333333,2,2,ATCGATTACTTCGAATACGT,0,4323045
yadI_predicted,0.3333333333333333,2,2,ATCGAGCATTTTAAAAATAT,0,4321721
yadI_predicted,0.3333333333333333,2,2,ATCGAGACGACTGGAACTCT,0,4358035
yadI_predicted,0.3333333333333333,2,2,ATCCGGCAAAGACATTCGAT,0,4313320
yadI_predicted,0.3333333333333333,2,2,ATCCCGTCCGACCTATGTAT,0,4353303
yadI_predicted,0.3333333333333333,2,2,ATCCCCTAATAGGGGAAACT,0,4349254
yadI_predicted,0.3333333333333333,2,2,ATCCCAACTTTAGCCAAGCT,0,4314457
yadI_predicted,0.3333333333333333,2,2,ATCCAGCGATGTATGACATG,0,4321074
yadI_predicted,0.3333333333333333,2,2,ATCCACTCCCCGCTCAGTTA,0,4337341
yadI_predicted,0.3333333333333333,2,2,ATCCACCATAACACAACATA,0,4323774
yadI_predicted,0.3333333333333333,2,2,ATCCAAAGGATAAAATATAA,0,4350062
yadI_predicted,0.3333333333333333,2,2,ATCATTTGGATAACGTTTCC,0,4305992
yadI_predicted,0.3333333333333333,2,2,ATCATTGCCGCAGCTGACTA,0,4319609
yadI_predicted,0.3333333333333333,2,2,ATCATTAGGATAATCGCAAG,0,4322083
yadI_predicted,0.3333333333333333,2,2,ATCAGCTTGTAAACCAGAGA,0,4293698
yadI_predicted,0.3333333333333333,2,2,ATCACGTGTAGACCAGTCAC,0,4294816
yadI_predicted,0.3333333333333333,2,2,ATCACCTACGATCCGCGGCA,0,4356569
yadI_predicted,0.3333333333333333,2,2,ATCACCGTTATTAGTAACAC,0,4318010
yadI_predicted,0.3333333333333333,2,2,ATCACATGCTATGCCCGTCA,0,4343143
yadI_predicted,0.3333333333333333,2,2,ATCAAGAATCGAGGAGGACC,0,4313766
yadI_predicted,0.3333333333333333,2,2,ATATTTTTACACTTGGGTAG,0,4354389
yadI_predicted,0.3333333333333333,2,2,ATATTTCGGATCGCGGTCAA,0,4330866
yadI_predicted,0.3333333333333333,2,2,ATATTGGCCGAAGTCAGAGC,0,4358655
yadI_predicted,0.3333333333333333,2,2,ATATTGAGGTGCGAGTAGGA,0,4311718
yadI_predicted,0.3333333333333333,2,2,ATATTGACGCTCCGGCCCGC,0,4328164
yadI_predicted,0.3333333333333333,2,2,ATATTACCCGGGGATTGTAT,0,4313207
yadI_predicted,0.3333333333333333,2,2,ATATGGTAAGCAGCGGCAAG,0,4297738
yadI_predicted,0.3333333333333333,2,2,ATATGCCGTGCAGCGGTCTA,0,4355698
yadI_predicted,0.3333333333333333,2,2,ATATCTGTGGAGGATAAACT,0,4303160
yadI_predicted,0.3333333333333333,2,2,ATATCTGTCTTGCTCATTTA,0,4358987
yadI_predicted,0.3333333333333333,2,2,ATATCGTGCGCCCGGACAAG,0,4288398
yadI_predicted,0.3333333333333333,2,2,ATATCGCACGGTTACGATTG,0,4345333
yadI_predicted,0.3333333333333333,2,2,ATATCAGTTCCGCAGAGCTT,0,4315686
yadI_predicted,0.3333333333333333,2,2,ATATCAGAGCAAGCGCTCGA,0,4301333
yadI_predicted,0.3333333333333333,2,2,ATATATGCTCGTCAAATTAT,0,4338222
yadI_predicted,0.3333333333333333,2,2,ATATAGTGGGCACGACAGCT,0,4366067
yadI_predicted,0.3333333333333333,2,2,ATAGTCGCATCTGTACTCCA,0,4359239
yadI_predicted,0.3333333333333333,2,2,ATAGGTCGCTGTATGACTCG,0,4345677
yadI_predicted,0.3333333333333333,2,2,ATAGCTGCTTTGCGTTCCAG,0,4336857
yadI_predicted,0.3333333333333333,2,2,ATAGCTCCTATCGCAATATG,0,4321993
yadI_predicted,0.3333333333333333,2,2,ATAGCCCTCTTCCAAGGACT,0,4316550
yadI_predicted,0.3333333333333333,2,2,ATAGATGTTGGAGCTGTTAC,0,4301478
yadI_predicted,0.3333333333333333,2,2,ATAGATCTGCAGGCTTAACT,0,4288439
yadI_predicted,0.3333333333333333,2,2,ATACTGACCCACTACTGACG,0,4314838
yadI_predicted,0.3333333333333333,2,2,ATACTAATATATCGGAGGGC,0,4317834
yadI_predicted,0.3333333333333333,2,2,ATACGGGCGCAACGCTTGTG,0,4342837
yadI_predicted,0.3333333333333333,2,2,ATACGAGCTAGTCCGGCAAC,0,4298490
yadI_predicted,0.3333333333333333,2,2,ATACCGTGAGGGTCGCGCTG,0,4318844
yadI_predicted,0.3333333333333333,2,2,ATACCGGTATGTATTGTTGC,0,4315439
yadI_predicted,0.3333333333333333,2,2,ATACCGCAAGACCACTCTCC,0,4306793
yadI_predicted,0.3333333333333333,2,2,ATACCCACAGGACGGAGTTA,0,4350338
yadI_predicted,0.3333333333333333,2,2,ATAATTTTAAGAGGTTGAGT,0,4316542
yadI_predicted,0.3333333333333333,2,2,ATAATCAGATAAGACAGAGT,0,4294436
yadI_predicted,0.3333333333333333,2,2,ATAAGGCACATTTAGGGTAC,0,4335038
yadI_predicted,0.3333333333333333,2,2,ATAAGCTTGGATTGTCAATC,0,4366896
yadI_predicted,0.3333333333333333,2,2,ATAAGAAGACAGCATGGTTA,0,4311211
yadI_predicted,0.3333333333333333,2,2,ATAACGAGGCCTTTACTAAT,0,4313890
yadI_predicted,0.3333333333333333,2,2,ATAAAAATCGGTGCTAGGCA,0,4349833
yadI_predicted,0.3333333333333333,2,2,AGTTTTCGGCACCCGGTGTT,0,4315816
yadI_predicted,0.3333333333333333,2,2,AGTTTCCGTCGTCACTGAGG,0,4367506
yadI_predicted,0.3333333333333333,2,2,AGTTTATTGTCCTCATTAGG,0,4333807
yadI_predicted,0.3333333333333333,2,2,AGTTGTCAGCCCGCTGAATT,0,4355132
yadI_predicted,0.3333333333333333,2,2,AGTTGGGATGGAGTGCACAC,0,4305345
yadI_predicted,0.3333333333333333,2,2,AGTTGCAACTATATCGACCA,0,4305007
yadI_predicted,0.3333333333333333,2,2,AGTTGAAACGACTATAGCGC,0,4331007
yadI_predicted,0.3333333333333333,2,2,AGTTCGAGATAGGAAGAGCC,0,4284654
yadI_predicted,0.3333333333333333,2,2,AGTTCCAAGCCCGCAGAATC,0,4321650
yadI_predicted,0.3333333333333333,2,2,AGTTCAAGAGGAAACAGAGG,0,4322084
yadI_predicted,0.3333333333333333,2,2,AGTTATAGCGTCACCAGTAC,0,4332078
yadI_predicted,0.3333333333333333,2,2,AGTTACAGAAGGCGATTTAT,0,4318200
yadI_predicted,0.3333333333333333,2,2,AGTTAAGCAAATGTCAAAGG,0,4297198
yadI_predicted,0.3333333333333333,2,2,AGTGTTTAGGCTTACAACCG,0,4353492
yadI_predicted,0.3333333333333333,2,2,AGTGTGACGCCAGCCCATAC,0,4354362
yadI_predicted,0.3333333333333333,2,2,AGTGTCGCCCATCTTTTTAT,0,4347504
yadI_predicted,0.3333333333333333,2,2,AGTGGTTTGTATCTCAACCA,0,4354143
yadI_predicted,0.3333333333333333,2,2,AGTGGGAAACTCTCATCTTG,0,4340051
yadI_predicted,0.3333333333333333,2,2,AGTGCTGCCACTGACCCTAA,0,4322108
yadI_predicted,0.3333333333333333,2,2,AGTGCTCTCACTAGCCGCGT,0,4367635
yadI_predicted,0.3333333333333333,2,2,AGTGATAATAACTGGGGTAG,0,4337285
yadI_predicted,0.3333333333333333,2,2,AGTGAAGCCGGATTGTTTCA,0,4367568
yadI_predicted,0.3333333333333333,2,2,AGTCTTGCCTGACTGTCAAC,0,4302334
yadI_predicted,0.3333333333333333,2,2,AGTCTGATTACCGATACTGT,0,4369121
yadI_predicted,0.3333333333333333,2,2,AGTCTAAACAAACAGTTGTG,0,4315951
yadI_predicted,0.3333333333333333,2,2,AGTCGGCCTCGTACACCATA,0,4325414
yadI_predicted,0.3333333333333333,2,2,AGTCGCCCCGTTAGCCCTTC,0,4314353
yadI_predicted,0.3333333333333333,2,2,AGTCCGGAAGAGAATGCCTT,0,4303794
yadI_predicted,0.3333333333333333,2,2,AGTCATCGATTCCTAGATCC,0,4365118
yadI_predicted,0.3333333333333333,2,2,AGTCACATTATGTTAGCAAT,0,4290765
yadI_predicted,0.3333333333333333,2,2,AGTATGGCGGCTCTGTTTTC,0,4339875
yadI_predicted,0.3333333333333333,2,2,AGTATGCAATGGTTGGGTTA,0,4295566
yadI_predicted,0.3333333333333333,2,2,AGTATCGGTATGCAGGTATG,0,4344847
yadI_predicted,0.3333333333333333,2,2,AGTATAGGCCGCCGGGCCCA,0,4323817
yadI_predicted,0.3333333333333333,2,2,AGTAGATTACCCGAGCATCT,0,4365840
yadI_predicted,0.3333333333333333,2,2,AGTAATCGTGGGTTAACGAG,0,4364688
yadI_predicted,0.3333333333333333,2,2,AGTAAGAAGGTTCCCTAGAG,0,4356226
yadI_predicted,0.3333333333333333,2,2,AGGTTTGCCATATTGCTGTC,0,4342326
yadI_predicted,0.3333333333333333,2,2,AGGTTGTCAACGGCGGACTG,0,4292829
yadI_predicted,0.3333333333333333,2,2,AGGTGTTAGTATAGAGGTAA,0,4352804
yadI_predicted,0.3333333333333333,2,2,AGGTGGTATACGATATGGAC,0,4364663
yadI_predicted,0.3333333333333333,2,2,AGGTGGCACAGGAGGACGTG,0,4307748
yadI_predicted,0.3333333333333333,2,2,AGGTGGAAGCAATCCATTAA,0,4315285
yadI_predicted,0.3333333333333333,2,2,AGGTCGGCAATGACAACCGG,0,4365114
yadI_predicted,0.3333333333333333,2,2,AGGTCGCTGAATTATGATCA,0,4290926
yadI_predicted,0.3333333333333333,2,2,AGGTCCCGGCTTGTCAGATA,0,4289908
yadI_predicted,0.3333333333333333,2,2,AGGTCACAGGGGATAGGGAA,0,4336916
yadI_predicted,0.3333333333333333,2,2,AGGTAGCACGTGTTGAAGCT,0,4313052
yadI_predicted,0.3333333333333333,2,2,AGGTACACGTTTCGATATAA,0,4316327
yadI_predicted,0.3333333333333333,2,2,AGGTACAAACGTTTATAACC,0,4291740
yadI_predicted,0.3333333333333333,2,2,AGGGTTGTGAGTGGGCCGTT,0,4321880
yadI_predicted,0.3333333333333333,2,2,AGGGTGTTTTCGCCGTCCAC,0,4327612
yadI_predicted,0.3333333333333333,2,2,AGGGTGTTCTGAACTAAATG,0,4310094
yadI_predicted,0.3333333333333333,2,2,AGGGTGTGGACGCCCTATCT,0,4319611
yadI_predicted,0.3333333333333333,2,2,AGGGGTGGCCGGGGATATGC,0,4294548
yadI_predicted,0.3333333333333333,2,2,AGGGGTACGTCTTGAGGCCA,0,4345693
yadI_predicted,0.3333333333333333,2,2,AGGGGGATAAGCGAGCGACA,0,4354264
yadI_predicted,0.3333333333333333,2,2,AGGGGGAATTAGGTGAGCCT,0,4297595
yadI_predicted,0.3333333333333333,2,2,AGGGGCAAGGGTTTCGCGAC,0,4330595
yadI_predicted,0.3333333333333333,2,2,AGGGGAGTGTCAGCTGCGAG,0,4284623
yadI_predicted,0.3333333333333333,2,2,AGGGGACTTGGTCACAGTCG,0,4365732
yadI_predicted,0.3333333333333333,2,2,AGGGCTGTGACGCACCGAGA,0,4329873
yadI_predicted,0.3333333333333333,2,2,AGGGCCGAGATGCTGACAGG,0,4332613
yadI_predicted,0.3333333333333333,2,2,AGGGAAACCTAGCCCGCTGG,0,4296302
yadI_predicted,0.3333333333333333,2,2,AGGCTGTAGTTAATTCGTAG,0,4343956
yadI_predicted,0.3333333333333333,2,2,AGGCTGGCCAGCAGCCTGGA,0,4347587
yadI_predicted,0.3333333333333333,2,2,AGGCTCTCGGCACATACCAG,0,4325950
yadI_predicted,0.3333333333333333,2,2,AGGCTCATGAACTCGTGCGT,0,4284391
yadI_predicted,0.3333333333333333,2,2,AGGCGGCGGGGAGGCAGGTA,0,4303276
yadI_predicted,0.3333333333333333,2,2,AGGCGAGCGGCCAGGCAAGA,0,4368549
yadI_predicted,0.3333333333333333,2,2,AGGCGAGCGACACATACAGG,0,4294673
yadI_predicted,0.3333333333333333,2,2,AGGCGACGTTCATGACGAAA,0,4352032
yadI_predicted,0.3333333333333333,2,2,AGGCCTCGAACAATAAAGTA,0,4366536
yadI_predicted,0.3333333333333333,2,2,AGGCCGCGTGTGCAGTAGTT,0,4349201
yadI_predicted,0.3333333333333333,2,2,AGGCCCGGTGACTCAAGCAA,0,4288110
yadI_predicted,0.3333333333333333,2,2,AGGCCAGTCTTACTATAATA,0,4328115
yadI_predicted,0.3333333333333333,2,2,AGGCCAATTCATCCCTAGAC,0,4299055
yadI_predicted,0.3333333333333333,2,2,AGGATTTAAGTAAAGCACTA,0,4331548
yadI_predicted,0.3333333333333333,2,2,AGGATGCTAGGAGGTAACAA,0,4309624
yadI_predicted,0.3333333333333333,2,2,AGGAGTCCCTCCTCGTGAAC,0,4329989
yadI_predicted,0.3333333333333333,2,2,AGGAGTCCATTTGAGCAGGG,0,4321943
yadI_predicted,0.3333333333333333,2,2,AGGAGTCAGTTTCATCGCGG,0,4351646
yadI_predicted,0.3333333333333333,2,2,AGGAGGGTGTGCGGACGATA,0,4359238
yadI_predicted,0.3333333333333333,2,2,AGGAGGACACAGCTCGAGCA,0,4308230
yadI_predicted,0.3333333333333333,2,2,AGGACGCCAGCGGACGCAAA,0,4350571
yadI_predicted,0.3333333333333333,2,2,AGGACAGCCACTACGGGCGT,0,4365860
yadI_predicted,0.3333333333333333,2,2,AGGACACCCAGGGCCTGGTG,0,4364770
yadI_predicted,0.3333333333333333,2,2,AGGAAGTACATTGAGTGTAT,0,4334172
yadI_predicted,0.3333333333333333,2,2,AGGAAGAGTATCTCGGCTTA,0,4311589
yadI_predicted,0.3333333333333333,2,2,AGCTTTTCCCTCGAGCATGC,0,4355126
yadI_predicted,0.3333333333333333,2,2,AGCTGTTATAAAAGCTCTTC,0,4328255
yadI_predicted,0.3333333333333333,2,2,AGCTGTCCAACCAAGGTCCA,0,4317978
yadI_predicted,0.3333333333333333,2,2,AGCTCGGCGTATAGCGGGCG,0,4291209
yadI_predicted,0.3333333333333333,2,2,AGCTACGGGATCCTGGATCC,0,4348308
yadI_predicted,0.3333333333333333,2,2,AGCGTTTTTTCATCTGCTAT,0,4295754
yadI_predicted,0.3333333333333333,2,2,AGCGGTTTGGCCCTTACGGT,0,4335433
yadI_predicted,0.3333333333333333,2,2,AGCGGCCTAGCTTGTACTAG,0,4369400
yadI_predicted,0.3333333333333333,2,2,AGCGGCAGAATGCGGCGGAG,0,4309177
yadI_predicted,0.3333333333333333,2,2,AGCGCCGCATGGGCATATAC,0,4358719
yadI_predicted,0.3333333333333333,2,2,AGCGACTTAGTGCATATACG,0,4319532
yadI_predicted,0.3333333333333333,2,2,AGCGACACAGTCATCCTTTA,0,4303560
yadI_predicted,0.3333333333333333,2,2,AGCCTTGCCTTTTCAGCTAT,0,4349620
yadI_predicted,0.3333333333333333,2,2,AGCCTAGTCTTAGCCGCTTT,0,4358319
yadI_predicted,0.3333333333333333,2,2,AGCCTAGTAAGTGGATCTCA,0,4362685
yadI_predicted,0.3333333333333333,2,2,AGCCGGCTATACGGTGATAA,0,4340892
yadI_predicted,0.3333333333333333,2,2,AGCCCTACATTAATATTTTA,0,4324809
yadI_predicted,0.3333333333333333,2,2,AGCCCCATCGCCAATCGTCT,0,4343065
yadI_predicted,0.3333333333333333,2,2,AGCCCAAAAATTTCTCAAGT,0,4338278
yadI_predicted,0.3333333333333333,2,2,AGCCATGGAGCGCAGCGGTT,0,4340000
yadI_predicted,0.3333333333333333,2,2,AGCCATCTGTCCGCATTAGA,0,4341893
yadI_predicted,0.3333333333333333,2,2,AGCCATAGCTATCTACATTT,0,4298939
yadI_predicted,0.3333333333333333,2,2,AGCCATACTTCGCTAGGTAT,0,4364994
yadI_predicted,0.3333333333333333,2,2,AGCCACGGAATCTGCTTTTC,0,4318715
yadI_predicted,0.3333333333333333,2,2,AGCAGAGTCGGGTACTGATT,0,4306743
yadI_predicted,0.3333333333333333,2,2,AGCAGAGCGACATGCTCGTA,0,4291213
yadI_predicted,0.3333333333333333,2,2,AGCACGCCCGAGTCGTGTCA,0,4300588
yadI_predicted,0.3333333333333333,2,2,AGCAATGCCGGTCCCCATTA,0,4299015
yadI_predicted,0.3333333333333333,2,2,AGATTACTTTGGTGCCTAAA,0,4363367
yadI_predicted,0.3333333333333333,2,2,AGATGCTTTGCGCCCATAGG,0,4324137
yadI_predicted,0.3333333333333333,2,2,AGATGCAGAATTCATTTTAC,0,4359963
yadI_predicted,0.3333333333333333,2,2,AGATCTCCGAAACCCACGTC,0,4289954
yadI_predicted,0.3333333333333333,2,2,AGATACTGGTATACCGTCCG,0,4314910
yadI_predicted,0.3333333333333333,2,2,AGATAATTTCGTACCTCCGC,0,4319622
yadI_predicted,0.3333333333333333,2,2,AGATAAGGGATGCCCCTCCC,0,4308128
yadI_predicted,0.3333333333333333,2,2,AGAGTCGCAGATACAGCTAC,0,4341420
yadI_predicted,0.3333333333333333,2,2,AGAGTAGTGGTTTACAGCGT,0,4368344
yadI_predicted,0.3333333333333333,2,2,AGAGGTGTCCGCTCATTGCG,0,4354030
yadI_predicted,0.3333333333333333,2,2,AGAGGGCGGCCAGCGGTAAT,0,4285508
yadI_predicted,0.3333333333333333,2,2,AGAGGAGAATAGCCGCTATT,0,4303479
yadI_predicted,0.3333333333333333,2,2,AGAGGAAGCCGGCTTTCCAT,0,4292070
yadI_predicted,0.3333333333333333,2,2,AGAGCCAGATGCGCCCACAT,0,4284385
yadI_predicted,0.3333333333333333,2,2,AGAGAGCCGCGAACTGTTAG,0,4293670
yadI_predicted,0.3333333333333333,2,2,AGAGAATCCGCAAAGTGTTA,0,4332478
yadI_predicted,0.3333333333333333,2,2,AGACTTAGGCGATTGGTAAC,0,4329850
yadI_predicted,0.3333333333333333,2,2,AGACTTACTCCGGCATGACA,0,4335466
yadI_predicted,0.3333333333333333,2,2,AGACTCGGAGTACATGTCGG,0,4290264
yadI_predicted,0.3333333333333333,2,2,AGACGTCTCTCGGAGTCGGA,0,4361506
yadI_predicted,0.3333333333333333,2,2,AGACGCTTCACACGTGTAAC,0,4339374
yadI_predicted,0.3333333333333333,2,2,AGACCGTTCACGCTTATGCA,0,4332430
yadI_predicted,0.3333333333333333,2,2,AGACCCCCTTGGTGGGGATG,0,4350532
yadI_predicted,0.3333333333333333,2,2,AGACCCCAGTGCGTCTCCAG,0,4320179
yadI_predicted,0.3333333333333333,2,2,AGACAGGCACTTATTGGAGC,0,4339566
yadI_predicted,0.3333333333333333,2,2,AGACAGACTGGTTATGCCCT,0,4339550
yadI_predicted,0.3333333333333333,2,2,AGAAGATAGGCCACTTCCTC,0,4309937
yadI_predicted,0.3333333333333333,2,2,AGAACCAATCTTTGAAGCCT,0,4298288
yadI_predicted,0.3333333333333333,2,2,AGAAAGTATTATGGACTGAA,0,4290022
yadI_predicted,0.3333333333333333,2,2,AGAAAGGTTTTCCGAAGCAA,0,4356394
yadI_predicted,0.3333333333333333,2,2,AGAAAGGCACACGTGCACAG,0,4369225
yadI_predicted,0.3333333333333333,2,2,AGAAAAGGGATCATATCGCT,0,4310096
yadI_predicted,0.3333333333333333,2,2,ACTTTTATTTAGTTCGTCCA,0,4347547
yadI_predicted,0.3333333333333333,2,2,ACTTTGTAAATGGTCTCCGG,0,4337621
yadI_predicted,0.3333333333333333,2,2,ACTTTGCTCCGTGACACAAC,0,4300700
yadI_predicted,0.3333333333333333,2,2,ACTTTGAATTCTTACTGATC,0,4293447
yadI_predicted,0.3333333333333333,2,2,ACTTTCTCAGAGCTAGATCA,0,4369937
yadI_predicted,0.3333333333333333,2,2,ACTTGTTACGCGAGGTAGAA,0,4332348
yadI_predicted,0.3333333333333333,2,2,ACTTGCTTTAGTAGCGAGTC,0,4314873
yadI_predicted,0.3333333333333333,2,2,ACTTCTTGTGGAAGTGAAAG,0,4286725
yadI_predicted,0.3333333333333333,2,2,ACTTCTTAATTAAACGGGAC,0,4285396
yadI_predicted,0.3333333333333333,2,2,ACTTCGCCGAGCCCGGGGGC,0,4357123
yadI_predicted,0.3333333333333333,2,2,ACTTCAGAGGGAATCTCAGG,0,4304947
yadI_predicted,0.3333333333333333,2,2,ACTTAGTCGGTAATGGGGAT,0,4363081
yadI_predicted,0.3333333333333333,2,2,ACTTAGGTATCCTGCACGAT,0,4325014
yadI_predicted,0.3333333333333333,2,2,ACTGTTGCCTCCTATGTCGC,0,4366774
yadI_predicted,0.3333333333333333,2,2,ACTGTGAGGTTATTCTGGAC,0,4330774
yadI_predicted,0.3333333333333333,2,2,ACTGGGAAAATAACGGTAGG,0,4301997
yadI_predicted,0.3333333333333333,2,2,ACTGGACATCCGCCCCGTTC,0,4319324
yadI_predicted,0.3333333333333333,2,2,ACTGCGGGAGGTTCGGTCCC,0,4294074
yadI_predicted,0.3333333333333333,2,2,ACTGCGCTTGCTAGGTCAAA,0,4365273
yadI_predicted,0.3333333333333333,2,2,ACTGATTATCTTCAGTTTCT,0,4353087
yadI_predicted,0.3333333333333333,2,2,ACTGAAAAGCACGATTACGT,0,4315403
yadI_predicted,0.3333333333333333,2,2,ACTCTCTGGGTTGAGTAAGT,0,4353862
yadI_predicted,0.3333333333333333,2,2,ACTCTCACCTGTGAAAATAC,0,4288161
yadI_predicted,0.3333333333333333,2,2,ACTCTACATGAAGTAATTCT,0,4311852
yadI_predicted,0.3333333333333333,2,2,ACTCGTAGCCAGGGGCCTTT,0,4312388
yadI_predicted,0.3333333333333333,2,2,ACTCGCCATGTTTGCATCCG,0,4334436
yadI_predicted,0.3333333333333333,2,2,ACTCCATCTCGAGGAATTTA,0,4364341
yadI_predicted,0.3333333333333333,2,2,ACTCACCTGATTCTTATGCT,0,4352496
yadI_predicted,0.3333333333333333,2,2,ACTCACAAACGCGGCGGTTG,0,4297946
yadI_predicted,0.3333333333333333,2,2,ACTCAAGGGGAAAGAGGAAA,0,4328814
yadI_predicted,0.3333333333333333,2,2,ACTATTGGTGTACACCTGAC,0,4343889
yadI_predicted,0.3333333333333333,2,2,ACTATGTGCGTGTGCAGTGT,0,4314458
yadI_predicted,0.3333333333333333,2,2,ACTAGGTTTGATCGGCAGGC,0,4314071
yadI_predicted,0.3333333333333333,2,2,ACTAGGTCCGTGTCACAAGA,0,4339746
yadI_predicted,0.3333333333333333,2,2,ACTAGGGGAAGTAGGCCACA,0,4299553
yadI_predicted,0.3333333333333333,2,2,ACTAGGCACTCACCGTCATA,0,4319230
yadI_predicted,0.3333333333333333,2,2,ACTACCTGGGGTAACTGTAT,0,4324869
yadI_predicted,0.3333333333333333,2,2,ACTACAGCATGCACCAGCCC,0,4320924
yadI_predicted,0.3333333333333333,2,2,ACTAAGCTGCTTTGGTGCAG,0,4328927
yadI_predicted,0.3333333333333333,2,2,ACTAAGATGGACAATCCCGT,0,4326161
yadI_predicted,0.3333333333333333,2,2,ACTAAGACGCTGACCCCTTT,0,4314087
yadI_predicted,0.3333333333333333,2,2,ACTAACCGCGGGTGTGTACA,0,4293511
yadI_predicted,0.3333333333333333,2,2,ACTAAACAACGGCTTTCACA,0,4360741
yadI_predicted,0.3333333333333333,2,2,ACGTGTTAAAAGTCCAGGGG,0,4305191
yadI_predicted,0.3333333333333333,2,2,ACGTGTCAGGAACAATTTCT,0,4318426
yadI_predicted,0.3333333333333333,2,2,ACGTCGCGTTCCACGTAGCT,0,4318675
yadI_predicted,0.3333333333333333,2,2,ACGTCGCAGGCTGGGGAGGG,0,4354033
yadI_predicted,0.3333333333333333,2,2,ACGTCCGCTACTGACTTTTG,0,4357492
yadI_predicted,0.3333333333333333,2,2,ACGTCATCCATAACGAGTCA,0,4353839
yadI_predicted,0.3333333333333333,2,2,ACGTAAGGATGAAGCAAACA,0,4297631
yadI_predicted,0.3333333333333333,2,2,ACGTAACAGTGGGGCCAGCA,0,4367561
yadI_predicted,0.3333333333333333,2,2,ACGGTTAAACTATCGTGTAT,0,4366633
yadI_predicted,0.3333333333333333,2,2,ACGGTCGCGAAAAAAGGTCG,0,4319224
yadI_predicted,0.3333333333333333,2,2,ACGGTCAAGGTGAATTCAGT,0,4345257
yadI_predicted,0.3333333333333333,2,2,ACGGGTGAGGCCGATACGTC,0,4368492
yadI_predicted,0.3333333333333333,2,2,ACGGGTCAAGTAATAATAGA,0,4359738
yadI_predicted,0.3333333333333333,2,2,ACGGGCAGGTGCATAAGAGC,0,4314878
yadI_predicted,0.3333333333333333,2,2,ACGGGAGTGCGATAGTCTTC,0,4306849
yadI_predicted,0.3333333333333333,2,2,ACGGCTTAAAATTTAAACTG,0,4353886
yadI_predicted,0.3333333333333333,2,2,ACGGCTGATTGTGTGCGGAG,0,4330171
yadI_predicted,0.3333333333333333,2,2,ACGGATAGAGGTGGCCCTTA,0,4335952
yadI_predicted,0.3333333333333333,2,2,ACGGAGTGAGTTCTTGCTGG,0,4284620
yadI_predicted,0.3333333333333333,2,2,ACGGAGGCTGTGATGCAGTA,0,4357938
yadI_predicted,0.3333333333333333,2,2,ACGGACCCAGGTTAGTGCAT,0,4366907
yadI_predicted,0.3333333333333333,2,2,ACGGAACAGGTTACGGGCTC,0,4360641
yadI_predicted,0.3333333333333333,2,2,ACGCTTCACGGCCGAGGTAC,0,4300944
yadI_predicted,0.3333333333333333,2,2,ACGCTCCTGCTCACCCGGTG,0,4326779
yadI_predicted,0.3333333333333333,2,2,ACGCGGATTAGATGGCTTCG,0,4303323
yadI_predicted,0.3333333333333333,2,2,ACGCGCACGTATATTGCCAT,0,4338796
yadI_predicted,0.3333333333333333,2,2,ACGCCTGGATCGGGAATGGT,0,4359017
yadI_predicted,0.3333333333333333,2,2,ACGCCGGGGCGCAATTGCTT,0,4366965
yadI_predicted,0.3333333333333333,2,2,ACGCCGGAGGAGACTCGGCC,0,4348612
yadI_predicted,0.3333333333333333,2,2,ACGCCGGAGAGCTGCCAGCG,0,4366071
yadI_predicted,0.3333333333333333,2,2,ACGCCGCGGCATGCGTTTCC,0,4314377
yadI_predicted,0.3333333333333333,2,2,ACGCAGTTCTAATGCTAGTG,0,4319108
yadI_predicted,0.3333333333333333,2,2,ACGCAGAGTCTGAAGACGAA,0,4284374
yadI_predicted,0.3333333333333333,2,2,ACGCAGACTGGATGGCGCCG,0,4361323
yadI_predicted,0.3333333333333333,2,2,ACGCACACGATCGTCGGGTG,0,4310790
yadI_predicted,0.3333333333333333,2,2,ACGATTCAATCTTTCGCCCC,0,4337778
yadI_predicted,0.3333333333333333,2,2,ACGATCGCGAAACTGGAGCA,0,4345765
yadI_predicted,0.3333333333333333,2,2,ACGATATGCTTCAATACCCT,0,4291241
yadI_predicted,0.3333333333333333,2,2,ACGAGTTCACGTGCACTAGC,0,4313748
yadI_predicted,0.3333333333333333,2,2,ACGAGGTGGTGGACCCTCCG,0,4349587
yadI_predicted,0.3333333333333333,2,2,ACGACGTTGTTTGCTCGTAA,0,4296860
yadI_predicted,0.3333333333333333,2,2,ACGACAAGGCTTGACCACCT,0,4319418
yadI_predicted,0.3333333333333333,2,2,ACGAATTGTCTTACATTGGT,0,4341514
yadI_predicted,0.3333333333333333,2,2,ACGAACTTGAAGGAAAGGCG,0,4369806
yadI_predicted,0.3333333333333333,2,2,ACGAAAGGTGCGAGAGTCCT,0,4307027
yadI_predicted,0.3333333333333333,2,2,ACCTTTAAAACTTACATGGG,0,4313859
yadI_predicted,0.3333333333333333,2,2,ACCTGTCCAGTGGCTCACGA,0,4356225
yadI_predicted,0.3333333333333333,2,2,ACCTGGCAAGGAGAGTAGGC,0,4300845
yadI_predicted,0.3333333333333333,2,2,ACCTGGAGCCGGTGAATCCC,0,4308335
yadI_predicted,0.3333333333333333,2,2,ACCTGATTTCTGGACATTGT,0,4338706
yadI_predicted,0.3333333333333333,2,2,ACCTCGCTATCGGCCGCTAA,0,4305928
yadI_predicted,0.3333333333333333,2,2,ACCTCGCGTGTCTATAGTCT,0,4349352
yadI_predicted,0.3333333333333333,2,2,ACCTCCGATCTTGACACTAA,0,4324074
yadI_predicted,0.3333333333333333,2,2,ACCTCCAAGCTTTCAGGGAA,0,4363901
yadI_predicted,0.3333333333333333,2,2,ACCTCACCAGTCATGTCGTC,0,4327017
yadI_predicted,0.3333333333333333,2,2,ACCTAACAAAAAGCAGTTTA,0,4351132
yadI_predicted,0.3333333333333333,2,2,ACCGTGGACATATTAATATC,0,4314567
yadI_predicted,0.3333333333333333,2,2,ACCGTATGTTCCCGTCAGAA,0,4358472
yadI_predicted,0.3333333333333333,2,2,ACCGGGCATTGACGGTCTGT,0,4361742
yadI_predicted,0.3333333333333333,2,2,ACCGGACAATAAATGAAGCT,0,4349775
yadI_predicted,0.3333333333333333,2,2,ACCGCGTGGGGTATGGAGTG,0,4309165
yadI_predicted,0.3333333333333333,2,2,ACCGCGGGCTTTGGCAGTCA,0,4351225
yadI_predicted,0.3333333333333333,2,2,ACCGCGCCTCCACTGGGCGC,0,4342955
yadI_predicted,0.3333333333333333,2,2,ACCGAGAGAAATCGAAATGT,0,4318001
yadI_predicted,0.3333333333333333,2,2,ACCCTTTGGGGCGTAAGTCT,0,4334242
yadI_predicted,0.3333333333333333,2,2,ACCCTTCAGAATTACGGTGG,0,4302105
yadI_predicted,0.3333333333333333,2,2,ACCCGGTAGGCCTTTCAAGA,0,4287438
yadI_predicted,0.3333333333333333,2,2,ACCCGCAGTTGCATGCATAT,0,4297708
yadI_predicted,0.3333333333333333,2,2,ACCCGATGTTTGTTAGCCAA,0,4289538
yadI_predicted,0.3333333333333333,2,2,ACCCGATGTACGCTGAGCGA,0,4331167
yadI_predicted,0.3333333333333333,2,2,ACCCGACTAGCATATGAATC,0,4360495
yadI_predicted,0.3333333333333333,2,2,ACCCCCCGGTCATTTTGTTG,0,4289827
yadI_predicted,0.3333333333333333,2,2,ACCCCCCGACCGTGATATAG,0,4346316
yadI_predicted,0.3333333333333333,2,2,ACCCCATGCAGTTAGCCATC,0,4338792
yadI_predicted,0.3333333333333333,2,2,ACCCCAGCGACGCAATTTTT,0,4334476
yadI_predicted,0.3333333333333333,2,2,ACCCCAAATTCAACGGTTAT,0,4327402
yadI_predicted,0.3333333333333333,2,2,ACCCATCAGTAGTGTACTAA,0,4324094
yadI_predicted,0.3333333333333333,2,2,ACCCAACAGGCAGCAGTCAT,0,4332467
yadI_predicted,0.3333333333333333,2,2,ACCATAGTAACTATATACTC,0,4355754
yadI_predicted,0.3333333333333333,2,2,ACCAGTTATGTAGAGCTTAT,0,4345936
yadI_predicted,0.3333333333333333,2,2,ACCAGGTCAAGGTTTATTGT,0,4309199
yadI_predicted,0.3333333333333333,2,2,ACCAGCCCACCCAGAAGAGT,0,4320162
yadI_predicted,0.3333333333333333,2,2,ACCAGCAAGGGCAGCGACCA,0,4295307
yadI_predicted,0.3333333333333333,2,2,ACCAGAGGCCACACGCGGAC,0,4334546
yadI_predicted,0.3333333333333333,2,2,ACCAGACGCCGCTTGTTACA,0,4364403
yadI_predicted,0.3333333333333333,2,2,ACCAAATCGTAATAGGGGAT,0,4284599
yadI_predicted,0.3333333333333333,2,2,ACATTGTACTTCTGGGCCGG,0,4335073
yadI_predicted,0.3333333333333333,2,2,ACATTAACTTTTGGGGCGAT,0,4311864
yadI_predicted,0.3333333333333333,2,2,ACATGCTTCTACGAAGTCCC,0,4288233
yadI_predicted,0.3333333333333333,2,2,ACATGCGGTCTACGTGCCCC,0,4344979
yadI_predicted,0.3333333333333333,2,2,ACATGCAGTAGCCTCGATGC,0,4341223
yadI_predicted,0.3333333333333333,2,2,ACATCACACGGTAAAGCCGT,0,4291105
yadI_predicted,0.3333333333333333,2,2,ACATAGCTCGTTCCATTTTT,0,4292001
yadI_predicted,0.3333333333333333,2,2,ACATACGAGGGTTCAGTCGG,0,4289671
yadI_predicted,0.3333333333333333,2,2,ACATAACCCGTACCTGCTTA,0,4286427
yadI_predicted,0.3333333333333333,2,2,ACATAAATCCGCATTATACA,0,4354237
yadI_predicted,0.3333333333333333,2,2,ACAGTTTAAAGTTTCGGGTT,0,4344635
yadI_predicted,0.3333333333333333,2,2,ACAGGTAGGACGATAATCGA,0,4298060
yadI_predicted,0.3333333333333333,2,2,ACAGCTCGATAGTACCACGT,0,4305802
yadI_predicted,0.3333333333333333,2,2,ACAGCCGTTGTTAATGGCTA,0,4359984
yadI_predicted,0.3333333333333333,2,2,ACAGCCCAATCATTACGAAA,0,4332601
yadI_predicted,0.3333333333333333,2,2,ACAGATAGCGGAAAAAAAAC,0,4360384
yadI_predicted,0.3333333333333333,2,2,ACACTTATGTACTATGTCGG,0,4351380
yadI_predicted,0.3333333333333333,2,2,ACACTGTGCTACCTGAAGAT,0,4292812
yadI_predicted,0.3333333333333333,2,2,ACACTGCTTAAGGAGTTACA,0,4338467
yadI_predicted,0.3333333333333333,2,2,ACACGTTTGGGATGCGAAGG,0,4311049
yadI_predicted,0.3333333333333333,2,2,ACACGGGGTCTAGTGAATCG,0,4284552
yadI_predicted,0.3333333333333333,2,2,ACACCGCGAACTTGCGTAGT,0,4314611
yadI_predicted,0.3333333333333333,2,2,ACACATACACATAATAGTCA,0,4307309
yadI_predicted,0.3333333333333333,2,2,ACACAGGCTAAAGGCATAGT,0,4347387
yadI_predicted,0.3333333333333333,2,2,ACACACGGTTCTTGTATGAA,0,4348066
yadI_predicted,0.3333333333333333,2,2,ACACAAGTGTAAGAGTTAGT,0,4311269
yadI_predicted,0.3333333333333333,2,2,ACAATTCGCGAACAGAGCGT,0,4322420
yadI_predicted,0.3333333333333333,2,2,ACAATTAAGTGACAGCCCCC,0,4331562
yadI_predicted,0.3333333333333333,2,2,ACAATCATCTTATGGACTCT,0,4347571
yadI_predicted,0.3333333333333333,2,2,ACAATAACCGGTACTTGCCC,0,4286542
yadI_predicted,0.3333333333333333,2,2,ACAAGTCCTGTCTACGCTTC,0,4327408
yadI_predicted,0.3333333333333333,2,2,ACAAGTAGTTTAGACCCCGC,0,4360785
yadI_predicted,0.3333333333333333,2,2,ACAAGCGTAAATTTTCGTGT,0,4304918
yadI_predicted,0.3333333333333333,2,2,ACAAGCCGTAAACCCAAGCG,0,4312522
yadI_predicted,0.3333333333333333,2,2,ACAAGCCCGGGGATTGAGAT,0,4287995
yadI_predicted,0.3333333333333333,2,2,ACAAGATGCATCTAAATTGA,0,4344908
yadI_predicted,0.3333333333333333,2,2,ACAACCTACTGCAGTCAAAT,0,4316004
yadI_predicted,0.3333333333333333,2,2,ACAACCGGGTGAGCAATTCA,0,4358222
yadI_predicted,0.3333333333333333,2,2,ACAACCGGATGACTGCAGCT,0,4305027
yadI_predicted,0.3333333333333333,2,2,ACAAATTTGGCCGAGCGGCC,0,4344293
yadI_predicted,0.3333333333333333,2,2,ACAAATGTGACTACCAGGCT,0,4360980
yadI_predicted,0.3333333333333333,2,2,ACAAAATATTACTTGGTCGT,0,4321433
yadI_predicted,0.3333333333333333,2,2,AATTTGGGCTCAGTAGACTG,0,4345082
yadI_predicted,0.3333333333333333,2,2,AATTGTCTTCGCTCATGGCC,0,4298626
yadI_predicted,0.3333333333333333,2,2,AATTGGCGTCAATCGCAAAC,0,4326350
yadI_predicted,0.3333333333333333,2,2,AATTGGCCTCTACGTGCAGA,0,4320052
yadI_predicted,0.3333333333333333,2,2,AATTGCCGTTGATGAACATC,0,4342443
yadI_predicted,0.3333333333333333,2,2,AATTCTTAGCGAGTTTGACA,0,4312321
yadI_predicted,0.3333333333333333,2,2,AATTCGGACCCTACGAAGCG,0,4337209
yadI_predicted,0.3333333333333333,2,2,AATTCCTGCTGCTATAACCA,0,4295310
yadI_predicted,0.3333333333333333,2,2,AATTCAACTCAGAAAAGGGA,0,4292579
yadI_predicted,0.3333333333333333,2,2,AATTACAGTGGCAGTCGTAC,0,4293910
yadI_predicted,0.3333333333333333,2,2,AATTAAAGGTATAGGTCAAT,0,4369212
yadI_predicted,0.3333333333333333,2,2,AATGTTGGCAGCGCAATCAT,0,4330299
yadI_predicted,0.3333333333333333,2,2,AATGTTGATGGGTGCGTGTG,0,4344754
yadI_predicted,0.3333333333333333,2,2,AATGTGTGGGGTCGAGTGTG,0,4355318
yadI_predicted,0.3333333333333333,2,2,AATGTCGCGTCACGTCTTAG,0,4285319
yadI_predicted,0.3333333333333333,2,2,AATGTATTTAAAATCAGGAT,0,4284818
yadI_predicted,0.3333333333333333,2,2,AATGGCTCTGTTGGTTTATG,0,4325786
yadI_predicted,0.3333333333333333,2,2,AATGATGAACAGCACTCGCT,0,4294488
yadI_predicted,0.3333333333333333,2,2,AATCTCCGGCGGGGAGACCA,0,4330359
yadI_predicted,0.3333333333333333,2,2,AATCGTGCGGTCAACTGCAG,0,4320730
yadI_predicted,0.3333333333333333,2,2,AATCCAGCTCTCTTCACACC,0,4285213
yadI_predicted,0.3333333333333333,2,2,AATCCAATTGCGAGCTACAC,0,4362087
yadI_predicted,0.3333333333333333,2,2,AATCATTGAACACTAATAAG,0,4297140
yadI_predicted,0.3333333333333333,2,2,AATCATGCTTTCATGCCAAA,0,4351561
yadI_predicted,0.3333333333333333,2,2,AATCAGCTGCTCACCGAGAC,0,4349703
yadI_predicted,0.3333333333333333,2,2,AATATCACTGTGTTGCCGGA,0,4302232
yadI_predicted,0.3333333333333333,2,2,AATAGGTTATATGAATCTGT,0,4310296
yadI_predicted,0.3333333333333333,2,2,AATAGGGACGAAATGTACAT,0,4288848
yadI_predicted,0.3333333333333333,2,2,AATAGGCTCGCATCGGCCAA,0,4350451
yadI_predicted,0.3333333333333333,2,2,AATAGGATACTGATTCCTCT,0,4365322
yadI_predicted,0.3333333333333333,2,2,AATAGCCCGGTTGGGCATCA,0,4338684
yadI_predicted,0.3333333333333333,2,2,AATAGAAGCGCGAACATGGC,0,4322866
yadI_predicted,0.3333333333333333,2,2,AATACTTCTCATATAGTGAT,0,4293677
yadI_predicted,0.3333333333333333,2,2,AATACTGGAATTAGCAGATC,0,4336701
yadI_predicted,0.3333333333333333,2,2,AATACTCTGTGGACAACTAA,0,4341443
yadI_predicted,0.3333333333333333,2,2,AATACCCTAAAAGACTCGAA,0,4287907
yadI_predicted,0.3333333333333333,2,2,AATAATATCGGACTATACAA,0,4355207
yadI_predicted,0.3333333333333333,2,2,AATAAGGGCCCGGGGGAGTA,0,4321552
yadI_predicted,0.3333333333333333,2,2,AATAACCATAGATACTCGAC,0,4334900
yadI_predicted,0.3333333333333333,2,2,AAGTTTGAGCGTTTTGTGCG,0,4316405
yadI_predicted,0.3333333333333333,2,2,AAGTTAGTCCTGCGTATTGA,0,4361420
yadI_predicted,0.3333333333333333,2,2,AAGTGCCAGAAGCAAGCAAT,0,4334911
yadI_predicted,0.3333333333333333,2,2,AAGTGAGCGTGTAGACCGGA,0,4369193
yadI_predicted,0.3333333333333333,2,2,AAGTGAGCCATTCCGCAATA,0,4345050
yadI_predicted,0.3333333333333333,2,2,AAGTCTTAACTGTGCCTAGG,0,4354927
yadI_predicted,0.3333333333333333,2,2,AAGTCTGAGTTAGGGAGTGG,0,4313560
yadI_predicted,0.3333333333333333,2,2,AAGTCACTTAAGGCATATTA,0,4341598
yadI_predicted,0.3333333333333333,2,2,AAGTCAATTAAGGAGCACAA,0,4362634
yadI_predicted,0.3333333333333333,2,2,AAGGTAAAATACAACTGTAT,0,4343327
yadI_predicted,0.3333333333333333,2,2,AAGGGTTGCGAAGCGACCCG,0,4360700
yadI_predicted,0.3333333333333333,2,2,AAGGGTCATATCGACCGAAG,0,4304031
yadI_predicted,0.3333333333333333,2,2,AAGGCAGGCCCGGGAACCGA,0,4304179
yadI_predicted,0.3333333333333333,2,2,AAGGACAAACGGGAAGATCT,0,4314811
yadI_predicted,0.3333333333333333,2,2,AAGCTTCTAGGGATCTATGC,0,4286868
yadI_predicted,0.3333333333333333,2,2,AAGCTACTATTACGGTAGGG,0,4340874
yadI_predicted,0.3333333333333333,2,2,AAGCGTTGATATTTCAATTC,0,4303974
yadI_predicted,0.3333333333333333,2,2,AAGCGTACCACAATACGAGT,0,4325418
yadI_predicted,0.3333333333333333,2,2,AAGCGCGTAGTATAACCTAA,0,4348098
yadI_predicted,0.3333333333333333,2,2,AAGCGACGATTTCCCTAGGT,0,4332904
yadI_predicted,0.3333333333333333,2,2,AAGCCGGCCGGAAACATCGT,0,4356237
yadI_predicted,0.3333333333333333,2,2,AAGCCGCTGCATTAAAAGAA,0,4337308
yadI_predicted,0.3333333333333333,2,2,AAGCCATCATGTTAAATACG,0,4285531
yadI_predicted,0.3333333333333333,2,2,AAGCATCTACTAAGAGCAGT,0,4360115
yadI_predicted,0.3333333333333333,2,2,AAGCAAGGCTATGGGCTTTT,0,4320077
yadI_predicted,0.3333333333333333,2,2,AAGATGCGGGCCTTCATGAC,0,4296702
yadI_predicted,0.3333333333333333,2,2,AAGATCTCGATCACACTTGG,0,4355941
yadI_predicted,0.3333333333333333,2,2,AAGAGGATATGCTGGCTCAA,0,4285090
yadI_predicted,0.3333333333333333,2,2,AAGACGATTGACCAGCTCCA,0,4335068
yadI_predicted,0.3333333333333333,2,2,AACTTGTGGGCTAATTGTAA,0,4301272
yadI_predicted,0.3333333333333333,2,2,AACTTCCTGTGGTTATAGCA,0,4353476
yadI_predicted,0.3333333333333333,2,2,AACTTCATTGGAATTAGTTA,0,4284465
yadI_predicted,0.3333333333333333,2,2,AACTGTTTCTCACCTTCCAA,0,4327994
yadI_predicted,0.3333333333333333,2,2,AACTGCACATATTAGTAGGG,0,4313003
yadI_predicted,0.3333333333333333,2,2,AACTCGCTCCGTCGAGCTTC,0,4285040
yadI_predicted,0.3333333333333333,2,2,AACTCATTAGGATACATGGA,0,4342415
yadI_predicted,0.3333333333333333,2,2,AACTATGCCGGGGGACGCAA,0,4352643
yadI_predicted,0.3333333333333333,2,2,AACTACGAGATGGCATGCTA,0,4347275
yadI_predicted,0.3333333333333333,2,2,AACTAAGATCAGCACATGGG,0,4336250
yadI_predicted,0.3333333333333333,2,2,AACGTTAATAAAGTCAGGGG,0,4315953
yadI_predicted,0.3333333333333333,2,2,AACGTGCTCACCACGGAGGT,0,4291596
yadI_predicted,0.3333333333333333,2,2,AACGTAAATCTGTGAAGCCT,0,4344582
yadI_predicted,0.3333333333333333,2,2,AACGGTTTAGGCGCAACTTG,0,4285084
yadI_predicted,0.3333333333333333,2,2,AACGGTCAGGTTCAGTTGCA,0,4354267
yadI_predicted,0.3333333333333333,2,2,AACGGAGCGAAGATGTTAGC,0,4299023
yadI_predicted,0.3333333333333333,2,2,AACGAATCCTTGCAGTACGA,0,4303304
yadI_predicted,0.3333333333333333,2,2,AACGAACAAGCAAGTTGATA,0,4366871
yadI_predicted,0.3333333333333333,2,2,AACCTGGCAACAAGGCTTCA,0,4362589
yadI_predicted,0.3333333333333333,2,2,AACCTCACGTGTTCACTAGC,0,4361328
yadI_predicted,0.3333333333333333,2,2,AACCTATTCACGCCTGCGAC,0,4294186
yadI_predicted,0.3333333333333333,2,2,AACCGGGATCGTTCGAAGTC,0,4308434
yadI_predicted,0.3333333333333333,2,2,AACCGCTGACATAGCTTATG,0,4290118
yadI_predicted,0.3333333333333333,2,2,AACCGCGGCCACGTCGCTTA,0,4356840
yadI_predicted,0.3333333333333333,2,2,AACCCTTGCCGCGCGTCTTC,0,4291869
yadI_predicted,0.3333333333333333,2,2,AACCCTCCCGAATCGCAGAG,0,4366920
yadI_predicted,0.3333333333333333,2,2,AACCCTATGTAGTGTTTAAT,0,4361394
yadI_predicted,0.3333333333333333,2,2,AACCCAGTTGGCCTCGGATT,0,4349715
yadI_predicted,0.3333333333333333,2,2,AACCATAGACCCTGCGTGGG,0,4327716
yadI_predicted,0.3333333333333333,2,2,AACCAGGTCTCAAAGTAGCC,0,4329467
yadI_predicted,0.3333333333333333,2,2,AACATACAGGCAAAACGTCC,0,4289903
yadI_predicted,0.3333333333333333,2,2,AACAGTGTCCGCAGTCCACA,0,4337239
yadI_predicted,0.3333333333333333,2,2,AACAGCCCATTCCGATACAC,0,4352131
yadI_predicted,0.3333333333333333,2,2,AACACTCTCGCCCTCCAATG,0,4364134
yadI_predicted,0.3333333333333333,2,2,AACACGGCCTTACGGCAACA,0,4349377
yadI_predicted,0.3333333333333333,2,2,AACACGGAGTTCGCGTCCGT,0,4295207
yadI_predicted,0.3333333333333333,2,2,AAATTGCCTGGAGGAGGTCG,0,4360131
yadI_predicted,0.3333333333333333,2,2,AAATTAGAGTGGTAGTCCAT,0,4331626
yadI_predicted,0.3333333333333333,2,2,AAATGGGCGTATCCACTACT,0,4369637
yadI_predicted,0.3333333333333333,2,2,AAATCTTTAACCTACAGCAA,0,4344927
yadI_predicted,0.3333333333333333,2,2,AAATCCTCGAAAGGGGGCCT,0,4300108
yadI_predicted,0.3333333333333333,2,2,AAATATATCCAGCAGTCCGC,0,4287019
yadI_predicted,0.3333333333333333,2,2,AAATACAGAGCGCCACATAT,0,4350605
yadI_predicted,0.3333333333333333,2,2,AAAGTTATTGAGGCCCGGCG,0,4354136
yadI_predicted,0.3333333333333333,2,2,AAAGGTGTCGTAAGTATCTG,0,4315862
yadI_predicted,0.3333333333333333,2,2,AAAGGTATGGTCCCCCAAGT,0,4301085
yadI_predicted,0.3333333333333333,2,2,AAAGGGTTCCCGGTCTCCTA,0,4332172
yadI_predicted,0.3333333333333333,2,2,AAAGGCTTGCCCTCAGTACC,0,4316730
yadI_predicted,0.3333333333333333,2,2,AAAGGCAGGTGTCGGCGAAG,0,4295558
yadI_predicted,0.3333333333333333,2,2,AAAGGATAAGCTTGGATTAT,0,4316632
yadI_predicted,0.3333333333333333,2,2,AAAGCCACGACAACGGCATC,0,4340087
yadI_predicted,0.3333333333333333,2,2,AAAGATCTCTCTTCGAGGTA,0,4285051
yadI_predicted,0.3333333333333333,2,2,AAAGACAGAAATAGTTAGGG,0,4288311
yadI_predicted,0.3333333333333333,2,2,AAACTCCAGAGAAATGCCCG,0,4368322
yadI_predicted,0.3333333333333333,2,2,AAACTATATTAGATCTTGCA,0,4338888
yadI_predicted,0.3333333333333333,2,2,AAACTAGTGACCGACTCGGG,0,4309278
yadI_predicted,0.3333333333333333,2,2,AAACGGCGCCCGCCGAATTG,0,4311536
yadI_predicted,0.3333333333333333,2,2,AAACCGAGGCCGTCTGCCTT,0,4318425
yadI_predicted,0.3333333333333333,2,2,AAACATTTCATAGTCCATGA,0,4367499
yadI_predicted,0.3333333333333333,2,2,AAACAGCGTGTCCATTCGAA,0,4305661
yadI_predicted,0.3333333333333333,2,2,AAACACCGTAGAGGTCATTT,0,4311441
yadI_predicted,0.3333333333333333,2,2,AAACACACGGTCAGGTTTAA,0,4296345
yadI_predicted,0.3333333333333333,2,2,AAACACAAGTCTGGGGGTAG,0,4323401
yadI_predicted,0.3333333333333333,2,2,AAAATGGGCCGGAAGGGTGT,0,4348936
yadI_predicted,0.3333333333333333,2,2,AAAATGGCAGAGATCATCAA,0,4303294
yadI_predicted,0.3333333333333333,2,2,AAAATCCGGTCAGAAAAGAG,0,4316724
yadI_predicted,0.3333333333333333,2,2,AAAATCAAGGGCTAAATAGG,0,4347980
yadI_predicted,0.3333333333333333,2,2,AAAAGCGTTCGGAAAGTATA,0,4363276
yadI_predicted,0.3333333333333333,2,2,AAAAGATCAGCATAGCTTAC,0,4327421
yadI_predicted,0.3333333333333333,2,2,AAAACTGCTACCACCTATTG,0,4340233
yadI_predicted,0.3333333333333333,2,2,AAAACCCCTCCCGGTTCACT,0,4295435
yadI_predicted,0.3333333333333333,2,2,AAAACCAGGTATCCGGTGAA,0,4322490
yadI_predicted,0.3333333333333333,2,2,AAAAACTGAAAAGACACTAA,0,4341216
yadI_predicted,0.3333333333333333,2,2,AAAAAAACTGGATGGGCAGT,0,4338940
yadI_predicted,0.5,1,1,TTTTTTGGGATCCATGTCGG,0,4288318
yadI_predicted,0.5,1,1,TTTTTGTGGCTAATAAGTAA,0,4321410
yadI_predicted,0.5,1,1,TTTTGAGCCCTCTAAAAGTC,0,4338724
yadI_predicted,0.5,1,1,TTTTCGTGGCATAACAACTC,0,4294663
yadI_predicted,0.5,1,1,TTTTCGCCACGACCTTCCAG,0,4319624
yadI_predicted,0.5,1,1,TTTTCGAGGACGTGAGCAAA,0,4290845
yadI_predicted,0.5,1,1,TTTTCATTTGCAGGTACGAT,0,4289309
yadI_predicted,0.5,1,1,TTTTCAAAGACCCAATAAGC,0,4365252
yadI_predicted,0.5,1,1,TTTTAGCTAGGGACGACAGT,0,4369561
yadI_predicted,0.5,1,1,TTTTACCACTGTGGTGCCCA,0,4308814
yadI_predicted,0.5,1,1,TTTGTTTAGTTCCCGGCCCG,0,4330144
yadI_predicted,0.5,1,1,TTTGTTACTTCGCACTAAAA,0,4334883
yadI_predicted,0.5,1,1,TTTGTGTGTCAATCCCATAA,0,4306369
yadI_predicted,0.5,1,1,TTTGTAGCAAATTCCAGCGG,0,4359952
yadI_predicted,0.5,1,1,TTTGGGTTAGTCTGCCTCGT,0,4353657
yadI_predicted,0.5,1,1,TTTGGATGAGCGTAACGTCC,0,4315992
yadI_predicted,0.5,1,1,TTTGGAATCCCACATCAAGC,0,4294955
yadI_predicted,0.5,1,1,TTTGCCTGGGTGCTGATTAT,0,4357248
yadI_predicted,0.5,1,1,TTTGCAATAATATGCTCCGT,0,4298229
yadI_predicted,0.5,1,1,TTTGAGTTTCGGATTGCGTT,0,4311457
yadI_predicted,0.5,1,1,TTTGAAGTATAAACGTTGGT,0,4338854
yadI_predicted,0.5,1,1,TTTCTCCTGGCAAGGGTTCC,0,4306681
yadI_predicted,0.5,1,1,TTTCGTCTCATTAATCCACA,0,4336976
yadI_predicted,0.5,1,1,TTTCGCGCTCCACGTCGACC,0,4289361
yadI_predicted,0.5,1,1,TTTCGATTTCTCAGATGCGG,0,4318842
yadI_predicted,0.5,1,1,TTTCGAGCCTTGTTTCGAGG,0,4339769
yadI_predicted,0.5,1,1,TTTCCTGTAAATCCGTAGTA,0,4293901
yadI_predicted,0.5,1,1,TTTCCGTGATATTGGCTAAA,0,4325097
yadI_predicted,0.5,1,1,TTTCCGCAGCTAATGTAAGT,0,4341303
yadI_predicted,0.5,1,1,TTTCCCGTCAGCGCCATTTA,0,4289276
yadI_predicted,0.5,1,1,TTTCCCCGACTTGCATATCA,0,4331212
yadI_predicted,0.5,1,1,TTTCCAACGCGTTTTGTACA,0,4327439
yadI_predicted,0.5,1,1,TTTCATCTTCCTCTTTTGGC,0,4355422
yadI_predicted,0.5,1,1,TTTCACCCCGAACGTTACCA,0,4324855
yadI_predicted,0.5,1,1,TTTCACCATCAGATGTACGC,0,4289810
yadI_predicted,0.5,1,1,TTTCACACGAACATCTCCGG,0,4358990
yadI_predicted,0.5,1,1,TTTATTGCCGTTGTACGTGA,0,4328699
yadI_predicted,0.5,1,1,TTTATGATCGGATCTACGGT,0,4353488
yadI_predicted,0.5,1,1,TTTAGTATTCTCTGTGCGGA,0,4341240
yadI_predicted,0.5,1,1,TTTAGGTGTCTAGGTTTCTG,0,4363775
yadI_predicted,0.5,1,1,TTTAGGACGACTGTAACGGC,0,4311296
yadI_predicted,0.5,1,1,TTTAGCAGAGGCTTGAACAT,0,4339124
yadI_predicted,0.5,1,1,TTTACTTGACAATGTTAGCT,0,4354312
yadI_predicted,0.5,1,1,TTTACCTGATACTAAGACCA,0,4365596
yadI_predicted,0.5,1,1,TTTACCGGTCTCGGTACCGG,0,4288712
yadI_predicted,0.5,1,1,TTTAATGATCAGCATAAGCG,0,4320154
yadI_predicted,0.5,1,1,TTTAAGGGTGTCGTAGTTTT,0,4292208
yadI_predicted,0.5,1,1,TTTAAGGGGGTATGGCTTGC,0,4289371
yadI_predicted,0.5,1,1,TTTAAGGGGAATCCGGTCAC,0,4305923
yadI_predicted,0.5,1,1,TTTAAAACAGAAGAGTCGTA,0,4308127
yadI_predicted,0.5,1,1,TTGTTTCTGTTACACCGCAT,0,4315330
yadI_predicted,0.5,1,1,TTGTTTAGCTAATCGCCTAC,0,4348798
yadI_predicted,0.5,1,1,TTGTTGTGAGAGTCATCCAA,0,4305086
yadI_predicted,0.5,1,1,TTGTTGAAAATCAACTCTGG,0,4342914
yadI_predicted,0.5,1,1,TTGTTAACGCGCAAGACGGA,0,4302591
yadI_predicted,0.5,1,1,TTGTGTCAGATCGACCTCCT,0,4354161
yadI_predicted,0.5,1,1,TTGTGGCGCCTGTGTACGAC,0,4320311
yadI_predicted,0.5,1,1,TTGTGCCATAAGACCGGTAA,0,4322181
yadI_predicted,0.5,1,1,TTGTCGTGATGTAGTCAGGG,0,4284900
yadI_predicted,0.5,1,1,TTGTCGTACAAAAGCGGTAT,0,4353442
yadI_predicted,0.5,1,1,TTGTCGTAAAACAAGAGCTG,0,4320495
yadI_predicted,0.5,1,1,TTGTCCTAGTCGCGCTTGGT,0,4365574
yadI_predicted,0.5,1,1,TTGTAGGTGACTATCTCGGG,0,4368499
yadI_predicted,0.5,1,1,TTGTACCATCCGTCAATATG,0,4335936
yadI_predicted,0.5,1,1,TTGGTTTAAGCAAGTAGTAT,0,4328717
yadI_predicted,0.5,1,1,TTGGTGTACCAGCCAGTGAG,0,4319042
yadI_predicted,0.5,1,1,TTGGTATTTTCACAATTCTG,0,4366235
yadI_predicted,0.5,1,1,TTGGTATCTCAATTCCAAGC,0,4360989
yadI_predicted,0.5,1,1,TTGGGTGTCCTCTGAATAAT,0,4310297
yadI_predicted,0.5,1,1,TTGGCTCTTCGACTTATCAT,0,4293959
yadI_predicted,0.5,1,1,TTGGCTAGGAAAGGTATATT,0,4304518
yadI_predicted,0.5,1,1,TTGGATAACAACTCTTCACA,0,4301937
yadI_predicted,0.5,1,1,TTGGAGGGCGAGGGTGCACT,0,4305982
yadI_predicted,0.5,1,1,TTGGAGCAGGATAGGCCTTA,0,4313868
yadI_predicted,0.5,1,1,TTGGACAGTGCAAAAATACG,0,4368441
yadI_predicted,0.5,1,1,TTGGAAGAAATCACGACTAC,0,4305846
yadI_predicted,0.5,1,1,TTGCTTCCTGAGTGACCTGC,0,4341072
yadI_predicted,0.5,1,1,TTGCTCTCCTCGTATAAGGG,0,4323151
yadI_predicted,0.5,1,1,TTGCTAATCCGCATTTACTG,0,4289755
yadI_predicted,0.5,1,1,TTGCGGAAATGCAGCTAAAT,0,4342672
yadI_predicted,0.5,1,1,TTGCGATCTATTTCAGCAAA,0,4350182
yadI_predicted,0.5,1,1,TTGCCTCGACGGCGGGATGT,0,4331363
yadI_predicted,0.5,1,1,TTGCATCTAATAGAGGTTAA,0,4344657
yadI_predicted,0.5,1,1,TTGCAGACGCCCAGTTAGGC,0,4369693
yadI_predicted,0.5,1,1,TTGATCAATGATGTAGGATT,0,4289333
yadI_predicted,0.5,1,1,TTGATAGGGCACTTCCTATC,0,4322650
yadI_predicted,0.5,1,1,TTGAGTACAGCTAGCGAGTT,0,4343130
yadI_predicted,0.5,1,1,TTGAGCTACATCCGACGCTC,0,4363895
yadI_predicted,0.5,1,1,TTGACTTGTGACAGAACGGA,0,4365910
yadI_predicted,0.5,1,1,TTGACTTATTCTATTCGATG,0,4303944
yadI_predicted,0.5,1,1,TTGACTCCGGCCGAAATCGC,0,4333418
yadI_predicted,0.5,1,1,TTGACCTAGGCACTATTAAT,0,4318321
yadI_predicted,0.5,1,1,TTGACAGGTATAGGGGGGAG,0,4368835
yadI_predicted,0.5,1,1,TTGACACAGTTGACTACGTC,0,4312785
yadI_predicted,0.5,1,1,TTGAATGGGTAACAGGCGAG,0,4358018
yadI_predicted,0.5,1,1,TTGAACCTTTATCTCCGCTT,0,4311752
yadI_predicted,0.5,1,1,TTGAACCCTGGTCTTCTTGC,0,4297855
yadI_predicted,0.5,1,1,TTGAACAGCTGGACCATTTT,0,4304917
yadI_predicted,0.5,1,1,TTGAAATTAACGAAGGTAAG,0,4302199
yadI_predicted,0.5,1,1,TTGAAATGGCGTTTTGAGTC,0,4343744
yadI_predicted,0.5,1,1,TTCTTCGGCAGCTTACACCA,0,4344776
yadI_predicted,0.5,1,1,TTCTTAACCCCGGCAACAGG,0,4351113
yadI_predicted,0.5,1,1,TTCTGATGCCTACTTTTTGT,0,4340174
yadI_predicted,0.5,1,1,TTCTGACGTCTCCGACTTCT,0,4284773
yadI_predicted,0.5,1,1,TTCTGAACCGTTAGGTGAGC,0,4296172
yadI_predicted,0.5,1,1,TTCTCTAAAAGTGATCAATG,0,4320327
yadI_predicted,0.5,1,1,TTCTCGTCTTGGCTAACGTT,0,4288072
yadI_predicted,0.5,1,1,TTCTCGCAATTGGCCCGTTC,0,4314351
yadI_predicted,0.5,1,1,TTCTCCGGCCAGTCGAGGGA,0,4353581
yadI_predicted,0.5,1,1,TTCTCAATCGCTAAGCGGTA,0,4324688
yadI_predicted,0.5,1,1,TTCTATCTCAGGGACGACCA,0,4323829
yadI_predicted,0.5,1,1,TTCTATCACTCTTGCGGTGA,0,4298087
yadI_predicted,0.5,1,1,TTCTAATATCCGACGGTTAC,0,4365243
yadI_predicted,0.5,1,1,TTCGTTGGCCTTGAATTCCC,0,4320704
yadI_predicted,0.5,1,1,TTCGTTGACATCAAAAAGAC,0,4321126
yadI_predicted,0.5,1,1,TTCGTGCCCATGTCCGTGTG,0,4289672
yadI_predicted,0.5,1,1,TTCGTCATGTGAACTACTGC,0,4298885
yadI_predicted,0.5,1,1,TTCGTCAGCTCGCAATCCCT,0,4339597
yadI_predicted,0.5,1,1,TTCGTATTTTATTCACTTAT,0,4298354
yadI_predicted,0.5,1,1,TTCGGTACGAGCATAAGATA,0,4307395
yadI_predicted,0.5,1,1,TTCGGGCTCTAGACATGGGA,0,4329289
yadI_predicted,0.5,1,1,TTCGGAGTGGTCAGTACCCA,0,4300351
yadI_predicted,0.5,1,1,TTCGGAGAGAGCAGCGAATG,0,4285347
yadI_predicted,0.5,1,1,TTCGCTCTCTGTAGTATGAC,0,4312389
yadI_predicted,0.5,1,1,TTCGCTCGTTATCTACTGCC,0,4302085
yadI_predicted,0.5,1,1,TTCGCGGCGGCACGGAGTTG,0,4286958
yadI_predicted,0.5,1,1,TTCGCGCTTACAAGTGCCAA,0,4289957
yadI_predicted,0.5,1,1,TTCGAATGCGGCTTGATGTT,0,4289677
yadI_predicted,0.5,1,1,TTCGAACCCAGGCGATTCTC,0,4308852
yadI_predicted,0.5,1,1,TTCCTTACTCACACATCGCC,0,4314055
yadI_predicted,0.5,1,1,TTCCTAACTCTCTGGGGGGT,0,4335942
yadI_predicted,0.5,1,1,TTCCGGAGATCATTCTACAA,0,4332675
yadI_predicted,0.5,1,1,TTCCCTCAGATGGTGCGTTG,0,4322200
yadI_predicted,0.5,1,1,TTCCCGTCCCGTAATGAGAC,0,4318559
yadI_predicted,0.5,1,1,TTCCCGCGTTTAATTCGAAT,0,4331843
yadI_predicted,0.5,1,1,TTCCCCAAGTCGGGCCTTAA,0,4291931
yadI_predicted,0.5,1,1,TTCCCACATTTTACCCAGGC,0,4344525
yadI_predicted,0.5,1,1,TTCCATTCTCTGGTGCCCTT,0,4363025
yadI_predicted,0.5,1,1,TTCATTAAGCAATCACTCTT,0,4291880
yadI_predicted,0.5,1,1,TTCAGCACAAGAGACAACGG,0,4307086
yadI_predicted,0.5,1,1,TTCAGAGTTACGCATTAGGT,0,4309431
yadI_predicted,0.5,1,1,TTCAGAGTTACCCCTGCATG,0,4333803
yadI_predicted,0.5,1,1,TTCAGAAGCCCTTGAACAAT,0,4298803
yadI_predicted,0.5,1,1,TTCACCATGTCGGTTTAAAC,0,4335846
yadI_predicted,0.5,1,1,TTCAATTCTTGTGCATCGGG,0,4338114
yadI_predicted,0.5,1,1,TTCAATGAACGTGTACCCAG,0,4293811
yadI_predicted,0.5,1,1,TTCAATAATCTAACCTTTAT,0,4366159
yadI_predicted,0.5,1,1,TTCAACACCCCTCCATTCAT,0,4362522
yadI_predicted,0.5,1,1,TTATTGGGCCGGGTCTTAGT,0,4306593
yadI_predicted,0.5,1,1,TTATTGGCAGTCTCCAAATT,0,4296467
yadI_predicted,0.5,1,1,TTATTGGATTTGTCTCCGGC,0,4291443
yadI_predicted,0.5,1,1,TTATTGAGCTCTAGCCCCCC,0,4336475
yadI_predicted,0.5,1,1,TTATGTGTGGGCTACGTGTA,0,4309557
yadI_predicted,0.5,1,1,TTATGGGAGATCGAGTCGTT,0,4325944
yadI_predicted,0.5,1,1,TTATACGTACTACTGAACTA,0,4287529
yadI_predicted,0.5,1,1,TTATAAGTAGTTGAGTAGGC,0,4306951
yadI_predicted,0.5,1,1,TTATAAACAAAGGGTGTTCG,0,4297327
yadI_predicted,0.5,1,1,TTAGTAGCACAAACATCATT,0,4328806
yadI_predicted,0.5,1,1,TTAGGTACTCGTGATCCAGC,0,4330850
yadI_predicted,0.5,1,1,TTAGGGTAGCACGCTGAATC,0,4297295
yadI_predicted,0.5,1,1,TTAGGCAAGTAACGATCGGA,0,4366851
yadI_predicted,0.5,1,1,TTAGGACCTAGTTCCTTCCC,0,4340466
yadI_predicted,0.5,1,1,TTAGCGGGCACAACCACTCT,0,4297475
yadI_predicted,0.5,1,1,TTAGCCGGCGGGTAGATGAG,0,4304637
yadI_predicted,0.5,1,1,TTAGATTGTGCGGTCTAACC,0,4302312
yadI_predicted,0.5,1,1,TTAGATTCGCGATGGAGCTG,0,4341638
yadI_predicted,0.5,1,1,TTACTTCCCCGCCGTAAAGA,0,4322474
yadI_predicted,0.5,1,1,TTACTCCGGATGCACTATGT,0,4324767
yadI_predicted,0.5,1,1,TTACTCATAACTGACCGCTC,0,4355568
yadI_predicted,0.5,1,1,TTACCTTTGCCGCTCAAGAA,0,4347222
yadI_predicted,0.5,1,1,TTACCAGTCCGTACGGGTGC,0,4364057
yadI_predicted,0.5,1,1,TTACATATCGGGGTAGTGCC,0,4350362
yadI_predicted,0.5,1,1,TTACAGTCAAACATAAGGTC,0,4325253
yadI_predicted,0.5,1,1,TTACAATACCGAAACACTTG,0,4331826
yadI_predicted,0.5,1,1,TTACAACTTGTTTGCATTAA,0,4314576
yadI_predicted,0.5,1,1,TTAATCGCAGTCGCACCAGC,0,4353477
yadI_predicted,0.5,1,1,TTAAGTTCCTCGTAGGGGAA,0,4349904
yadI_predicted,0.5,1,1,TTAAGTCTGCACTGGGAATG,0,4287891
yadI_predicted,0.5,1,1,TTAAGTCACTGCTGTCGGTC,0,4353099
yadI_predicted,0.5,1,1,TTAAGCGTCCTTTGAGGTAG,0,4323360
yadI_predicted,0.5,1,1,TTAACTAGCACAGTCTCAGC,0,4344767
yadI_predicted,0.5,1,1,TTAACGCAAACGATGTTACA,0,4307738
yadI_predicted,0.5,1,1,TTAACCCCGCCCACCTAATG,0,4350180
yadI_predicted,0.5,1,1,TTAACACGTGCCCACATTCC,0,4310975
yadI_predicted,0.5,1,1,TTAAATTCTACCCAGTACCT,0,4330400
yadI_predicted,0.5,1,1,TGTTTTTGAACCAGGATTCA,0,4322026
yadI_predicted,0.5,1,1,TGTTTTCTACAGCGGCGTCT,0,4334947
yadI_predicted,0.5,1,1,TGTTTGACATATTACAACTT,0,4314993
yadI_predicted,0.5,1,1,TGTTTCGCGGCAACCTGCAG,0,4351021
yadI_predicted,0.5,1,1,TGTTTATTTTGCTTGACTGT,0,4307076
yadI_predicted,0.5,1,1,TGTTTAGTGGAACATGTTAG,0,4356910
yadI_predicted,0.5,1,1,TGTTGAGGTTCCGGACATTG,0,4295204
yadI_predicted,0.5,1,1,TGTTCTCGCTAGCAGGACCC,0,4310880
yadI_predicted,0.5,1,1,TGTTCGAGTAGCAATTAGTA,0,4335548
yadI_predicted,0.5,1,1,TGTTCCTGCGACCATTGGGA,0,4360916
yadI_predicted,0.5,1,1,TGTTATTATCGACGCCCTCG,0,4313819
yadI_predicted,0.5,1,1,TGTTAGTAGTGGGCTGTTTA,0,4348424
yadI_predicted,0.5,1,1,TGTTACTGTTAAGGCATATG,0,4287628
yadI_predicted,0.5,1,1,TGTGTTTACGAAGTCTACGA,0,4354077
yadI_predicted,0.5,1,1,TGTGTGGTTCCAGGAACATG,0,4286121
yadI_predicted,0.5,1,1,TGTGTCCGGTATCGCTGTGC,0,4310626
yadI_predicted,0.5,1,1,TGTGTCCCGTACTCCTCAGA,0,4351146
yadI_predicted,0.5,1,1,TGTGGGTTTTGATTACGGGC,0,4340203
yadI_predicted,0.5,1,1,TGTGGGATGGTGTTGATACG,0,4326076
yadI_predicted,0.5,1,1,TGTGGCCCTCGGCCCTGACC,0,4334278
yadI_predicted,0.5,1,1,TGTGCAATCCGGGTGGAATC,0,4358947
yadI_predicted,0.5,1,1,TGTGATTCCGTTGCCGTAAT,0,4351712
yadI_predicted,0.5,1,1,TGTGATGTAAGATCCTTGGA,0,4300284
yadI_predicted,0.5,1,1,TGTGAGTAATAAAAGGTTAA,0,4285881
yadI_predicted,0.5,1,1,TGTGAGGGGGCTGGGGATTC,0,4321384
yadI_predicted,0.5,1,1,TGTGAGAGGAGAAGCCCCAA,0,4364877
yadI_predicted,0.5,1,1,TGTCGGAAGCTCCAGCGACC,0,4288545
yadI_predicted,0.5,1,1,TGTCGCCAAAAAATCACAAG,0,4355519
yadI_predicted,0.5,1,1,TGTCCTACCATCGTTGCTAT,0,4318852
yadI_predicted,0.5,1,1,TGTCAGGATTGATCCAAACG,0,4290783
yadI_predicted,0.5,1,1,TGTCACTGTATAGGAGTTAC,0,4298448
yadI_predicted,0.5,1,1,TGTAGGCACGGCCACAGACG,0,4299476
yadI_predicted,0.5,1,1,TGTAGAGTTTGTCGCAGGTG,0,4327996
yadI_predicted,0.5,1,1,TGTACGAACCCTACCCCCGC,0,4335786
yadI_predicted,0.5,1,1,TGTACCCTGGCACATTATGA,0,4319208
yadI_predicted,0.5,1,1,TGGTTTGTCAGTCACGATTC,0,4364534
yadI_predicted,0.5,1,1,TGGTTGCAACAAGTTGGTAC,0,4366202
yadI_predicted,0.5,1,1,TGGTTCGCTACGGCAGGGAC,0,4318310
yadI_predicted,0.5,1,1,TGGTTATTTTTACAGCGGAG,0,4284902
yadI_predicted,0.5,1,1,TGGTTAAAGCCGGCACCACC,0,4335583
yadI_predicted,0.5,1,1,TGGTGGTTGGGCTGCCGAGG,0,4304221
yadI_predicted,0.5,1,1,TGGTGCTTAGCAACCATCAC,0,4348385
yadI_predicted,0.5,1,1,TGGTGCGGATATGGTAAGGA,0,4362208
yadI_predicted,0.5,1,1,TGGTGATTACCGTAGCCGAA,0,4358191
yadI_predicted,0.5,1,1,TGGTGAGCGGTGCTACAGAC,0,4315066
yadI_predicted,0.5,1,1,TGGTCGTCCTAAGGGTTACA,0,4354146
yadI_predicted,0.5,1,1,TGGTCGGAGACGGAGTAAGT,0,4312185
yadI_predicted,0.5,1,1,TGGTCCCGCTGGATCGGCCA,0,4362493
yadI_predicted,0.5,1,1,TGGTAGTCGGATAGGATTCT,0,4352390
yadI_predicted,0.5,1,1,TGGTAAATAGGTTAGCTTGG,0,4328707
yadI_predicted,0.5,1,1,TGGTAAAGCATGACACCTGC,0,4327720
yadI_predicted,0.5,1,1,TGGGTTCTGGTGGTGACGGA,0,4339969
yadI_predicted,0.5,1,1,TGGGTGTTGGTGGCGGATTC,0,4292051
yadI_predicted,0.5,1,1,TGGGTGGCGAACGAAACTCC,0,4344869
yadI_predicted,0.5,1,1,TGGGTACCCAGTCCCATAAC,0,4341228
yadI_predicted,0.5,1,1,TGGGGGTTCGCCTGTACAGA,0,4284958
yadI_predicted,0.5,1,1,TGGGGACGGACTCTTTCACG,0,4294982
yadI_predicted,0.5,1,1,TGGGCTTCTAGCCAACACGA,0,4363229
yadI_predicted,0.5,1,1,TGGGCCACGTACGGGGGAGA,0,4350466
yadI_predicted,0.5,1,1,TGGGATGGATACCGTCTATC,0,4296944
yadI_predicted,0.5,1,1,TGGGAGGATCACTGATTAGA,0,4313416
yadI_predicted,0.5,1,1,TGGGAGCGCTCGAGCTCGTC,0,4318780
yadI_predicted,0.5,1,1,TGGGAAGTTCGATACCACCT,0,4323824
yadI_predicted,0.5,1,1,TGGGAAAGTACCCATTGTTT,0,4344490
yadI_predicted,0.5,1,1,TGGCTTTAGCGGCCTAATCG,0,4345350
yadI_predicted,0.5,1,1,TGGCTGGGAACTCTTCCGAC,0,4292480
yadI_predicted,0.5,1,1,TGGCTCTAGCATGGGCATGA,0,4322492
yadI_predicted,0.5,1,1,TGGCTACAATGGGATCCATA,0,4329990
yadI_predicted,0.5,1,1,TGGCGTTGGCGTCAAAACCA,0,4345173
yadI_predicted,0.5,1,1,TGGCGTGTGCGATCCTTGTG,0,4364889
yadI_predicted,0.5,1,1,TGGCCGGATGTTGTTGTTGT,0,4362793
yadI_predicted,0.5,1,1,TGGCAGCCCTGCGGATAGCT,0,4330174
yadI_predicted,0.5,1,1,TGGATTTAAGCAGGGGCGTG,0,4310220
yadI_predicted,0.5,1,1,TGGATGCCTAAGGCTAGCTA,0,4344083
yadI_predicted,0.5,1,1,TGGATCACTTGACACGCGGG,0,4365591
yadI_predicted,0.5,1,1,TGGACTTACGCTAACATATG,0,4288372
yadI_predicted,0.5,1,1,TGGACGTGGACATTTGATAC,0,4310491
yadI_predicted,0.5,1,1,TGGACCGCTCTGGAATCGGG,0,4369421
yadI_predicted,0.5,1,1,TGGACCGCGGCTAAGGGTTT,0,4326429
yadI_predicted,0.5,1,1,TGGAATCTCCACCTTGGTAA,0,4308013
yadI_predicted,0.5,1,1,TGGAATCATGTTACATCTGG,0,4363359
yadI_predicted,0.5,1,1,TGGAACGTCAACGTGCGTTA,0,4309723
yadI_predicted,0.5,1,1,TGGAAACATCGTAACGCGAA,0,4293124
yadI_predicted,0.5,1,1,TGCTTTTCGACAAGTCGGCC,0,4289636
yadI_predicted,0.5,1,1,TGCTTCTGTGGTGGAGACAA,0,4340576
yadI_predicted,0.5,1,1,TGCTTCGTTTGCCACATCAT,0,4330809
yadI_predicted,0.5,1,1,TGCTTAAGAATATTGAATCA,0,4333862
yadI_predicted,0.5,1,1,TGCTGGCCCATACGGACCTG,0,4360280
yadI_predicted,0.5,1,1,TGCTGCGTTCACCCAGACAG,0,4354634
yadI_predicted,0.5,1,1,TGCTCTCCGTGGTAACTCTT,0,4299903
yadI_predicted,0.5,1,1,TGCTCGGCGACACTTTACGT,0,4318940
yadI_predicted,0.5,1,1,TGCTCGCGCAATGGTACCGT,0,4286825
yadI_predicted,0.5,1,1,TGCTACACAGACAATCGAGG,0,4341695
yadI_predicted,0.5,1,1,TGCTAACCAACACACACGCA,0,4307468
yadI_predicted,0.5,1,1,TGCGTGGTCCCCTAGGGGTC,0,4341636
yadI_predicted,0.5,1,1,TGCGGCTGAGGAGTCCACCT,0,4349170
yadI_predicted,0.5,1,1,TGCGGCACTGACGTTTCCCC,0,4363039
yadI_predicted,0.5,1,1,TGCGCACTGCGTATAATCTT,0,4322950
yadI_predicted,0.5,1,1,TGCGAGTTCGTCAAGGCTAG,0,4301320
yadI_predicted,0.5,1,1,TGCGAGAATGAGGTCGAGTT,0,4299499
yadI_predicted,0.5,1,1,TGCGACCGCTTGAAAACGTC,0,4349924
yadI_predicted,0.5,1,1,TGCGAATGTCCTTTTAAGAC,0,4326907
yadI_predicted,0.5,1,1,TGCGAATCTTGCGTGTCAGA,0,4310666
yadI_predicted,0.5,1,1,TGCGAACAAACCTATTTCCC,0,4334735
yadI_predicted,0.5,1,1,TGCCTTACGCTATTCGATAC,0,4325356
yadI_predicted,0.5,1,1,TGCCTCTACGATGGCTGGTC,0,4365146
yadI_predicted,0.5,1,1,TGCCGTCAAATCAATGCTAA,0,4306509
yadI_predicted,0.5,1,1,TGCCCTCACGCAATACGTCT,0,4322987
yadI_predicted,0.5,1,1,TGCCCCTCCTTTATCATAAT,0,4338370
yadI_predicted,0.5,1,1,TGCCCAACTAAGTTCTAGGC,0,4309243
yadI_predicted,0.5,1,1,TGCCAGGGAAAGGGTATAAT,0,4339617
yadI_predicted,0.5,1,1,TGCCAGCGGTGCTGCTTTCT,0,4324346
yadI_predicted,0.5,1,1,TGCCAGCATAAGCCTGAGCA,0,4332674
yadI_predicted,0.5,1,1,TGCCAGAGGCTCATATTTCC,0,4357034
yadI_predicted,0.5,1,1,TGCAGTAAGCGCTGTAATTG,0,4340885
yadI_predicted,0.5,1,1,TGCAGGACATAAACTTGTAA,0,4365359
yadI_predicted,0.5,1,1,TGCAGCCAGCGGCGAATTCA,0,4306851
yadI_predicted,0.5,1,1,TGCACGGCACTGGGATGGAG,0,4329033
yadI_predicted,0.5,1,1,TGCACCTTACAGATTGGTAC,0,4284245
yadI_predicted,0.5,1,1,TGCAAGTTATATAATCAATC,0,4309745
yadI_predicted,0.5,1,1,TGCAAGATATGGGGGGGGGT,0,4361773
yadI_predicted,0.5,1,1,TGATTTCGTTACGTCTCCGG,0,4358569
yadI_predicted,0.5,1,1,TGATTGCGTGCGGGCTCCGG,0,4365490
yadI_predicted,0.5,1,1,TGATGCATTTCGGACTCTAA,0,4361490
yadI_predicted,0.5,1,1,TGATGCAGTTCTCTCGGCTA,0,4342093
yadI_predicted,0.5,1,1,TGATCTAACCGGGCCAACCC,0,4365049
yadI_predicted,0.5,1,1,TGATCGGCAAGACCGCGACG,0,4351301
yadI_predicted,0.5,1,1,TGATCGGATAATTCTTAGGC,0,4363139
yadI_predicted,0.5,1,1,TGATCCGTGGGTATTTTTTG,0,4369829
yadI_predicted,0.5,1,1,TGATCATTCCAATGTGGTTC,0,4338161
yadI_predicted,0.5,1,1,TGATCAGATTCTAAGCGCTA,0,4306775
yadI_predicted,0.5,1,1,TGATACAAGCGTCGTTGATA,0,4299286
yadI_predicted,0.5,1,1,TGAGTTGTGACCAATCTAGT,0,4309861
yadI_predicted,0.5,1,1,TGAGTACGGTCCCCGCTAGC,0,4337331
yadI_predicted,0.5,1,1,TGAGGGGGGTAGGTCACGCC,0,4329668
yadI_predicted,0.5,1,1,TGAGCGCAGGGTTAAAATCC,0,4332726
yadI_predicted,0.5,1,1,TGAGCCCATATTATTGTAGC,0,4336608
yadI_predicted,0.5,1,1,TGAGATGTTCTCAATTTGTT,0,4318596
yadI_predicted,0.5,1,1,TGAGAAGGACCATGGCCATG,0,4325195
yadI_predicted,0.5,1,1,TGACTTGTGCATGCTCAACA,0,4316315
yadI_predicted,0.5,1,1,TGACTTCTGAGTGATTTAAC,0,4363483
yadI_predicted,0.5,1,1,TGACTTATGAGCCCTCGAGT,0,4301823
yadI_predicted,0.5,1,1,TGACGTAAAGCGACATTCAA,0,4325789
yadI_predicted,0.5,1,1,TGACGCCCGGCGTGGAGAGA,0,4288348
yadI_predicted,0.5,1,1,TGACCTCTACACTATGCGAA,0,4335443
yadI_predicted,0.5,1,1,TGACCGAGTTCGACTGTGGA,0,4307734
yadI_predicted,0.5,1,1,TGACCCCTTCAATCCGCGAC,0,4294624
yadI_predicted,0.5,1,1,TGACAGGAGCGTCTTAGCTA,0,4353206
yadI_predicted,0.5,1,1,TGACAAGGGTCCTGAGTCAT,0,4332738
yadI_predicted,0.5,1,1,TGAATGCTTGTGCTGTGGTG,0,4347924
yadI_predicted,0.5,1,1,TGAATAGCTTCGGAATGCGG,0,4321703
yadI_predicted,0.5,1,1,TGAAGGGAGGCATGTTGAAT,0,4300938
yadI_predicted,0.5,1,1,TGAAGCAGCTTTGAGAACTG,0,4345984
yadI_predicted,0.5,1,1,TGAAGACGTGTCCTGGGTCT,0,4327991
yadI_predicted,0.5,1,1,TGAACTGATCATCCTTGACG,0,4330563
yadI_predicted,0.5,1,1,TGAACTCTTGTGCCGGACAT,0,4361069
yadI_predicted,0.5,1,1,TGAACGGTTCCAGCCGGACA,0,4326343
yadI_predicted,0.5,1,1,TGAACCCGGTAGACCCAGCA,0,4335354
yadI_predicted,0.5,1,1,TGAACCAAATCGTGGACTCT,0,4323167
yadI_predicted,0.5,1,1,TGAAATGCAACATTAATGTC,0,4339653
yadI_predicted,0.5,1,1,TGAAAGAGTTTGTAAGAGCT,0,4315272
yadI_predicted,0.5,1,1,TGAAACGGTAAAGGTTTCGT,0,4318669
yadI_predicted,0.5,1,1,TGAAAAACGAACGTGAGATA,0,4364743
yadI_predicted,0.5,1,1,TGAAAAAAGCCAATCTCCCG,0,4366746
yadI_predicted,0.5,1,1,TCTTTTTTCCGCATATTATA,0,4336730
yadI_predicted,0.5,1,1,TCTTGTATTCGTTTTGGTAC,0,4368495
yadI_predicted,0.5,1,1,TCTTGATTTCACAGCAGCGG,0,4290844
yadI_predicted,0.5,1,1,TCTTGATGAGCCGCGTCTCG,0,4317513
yadI_predicted,0.5,1,1,TCTTCTCGGAGTATCCACAG,0,4333184
yadI_predicted,0.5,1,1,TCTTCGCCCAATATGATGGG,0,4367701
yadI_predicted,0.5,1,1,TCTTATTTGCTGGTCAAACA,0,4298346
yadI_predicted,0.5,1,1,TCTTATAGGACAGCGAAGGA,0,4332047
yadI_predicted,0.5,1,1,TCTTAGCTTGAATATACCTT,0,4290331
yadI_predicted,0.5,1,1,TCTTACATGGGCGGAAAAAG,0,4335686
yadI_predicted,0.5,1,1,TCTTACAGTAAATCGAAGAA,0,4333769
yadI_predicted,0.5,1,1,TCTTAATAACGGGCTGAAGC,0,4336722
yadI_predicted,0.5,1,1,TCTGGTATAACCGCAGGCCC,0,4300958
yadI_predicted,0.5,1,1,TCTGGATACTCTTTATTGGG,0,4311476
yadI_predicted,0.5,1,1,TCTGCTTGTTAGGAACCGGA,0,4314570
yadI_predicted,0.5,1,1,TCTGCTCACGCCGTTGTTCT,0,4357318
yadI_predicted,0.5,1,1,TCTGATGCGACCAGATTATG,0,4360911
yadI_predicted,0.5,1,1,TCTGAGGAACCTGGACCATT,0,4350365
yadI_predicted,0.5,1,1,TCTCTTAGCCTTGCACAACT,0,4296845
yadI_predicted,0.5,1,1,TCTCTGACTAGGTGGCAAGG,0,4358456
yadI_predicted,0.5,1,1,TCTCGACACGGTTCGGCCCT,0,4295645
yadI_predicted,0.5,1,1,TCTCCTACCCTGATTAGTAA,0,4294796
yadI_predicted,0.5,1,1,TCTCCGGTTCTTGACGCCAG,0,4368563
yadI_predicted,0.5,1,1,TCTCAGTCCTAGATTTCGCA,0,4317019
yadI_predicted,0.5,1,1,TCTATGCATCATCGCGTCCG,0,4306659
yadI_predicted,0.5,1,1,TCTATGCACAGCAAGCAACA,0,4298106
yadI_predicted,0.5,1,1,TCTATCGGGTGTTTATCATG,0,4334827
yadI_predicted,0.5,1,1,TCTAGTGTGGGTCACCTAAA,0,4312512
yadI_predicted,0.5,1,1,TCTAGTCACAGCATGGCCGC,0,4364130
yadI_predicted,0.5,1,1,TCTAGGTGTCCTCTTATAAG,0,4304941
yadI_predicted,0.5,1,1,TCTAGCAAGCTTCACGACGA,0,4321439
yadI_predicted,0.5,1,1,TCTAGAAATTTCATAGGTTC,0,4319610
yadI_predicted,0.5,1,1,TCTACGCACGTCGCGACACA,0,4290343
yadI_predicted,0.5,1,1,TCTAACCAAATCCAGGCAGC,0,4310961
yadI_predicted,0.5,1,1,TCGTGCCTCATAGCAAAGTA,0,4354292
yadI_predicted,0.5,1,1,TCGTGAAGGCGGGGAGAAGT,0,4336144
yadI_predicted,0.5,1,1,TCGTCTTTATCAAGCGGTCT,0,4308708
yadI_predicted,0.5,1,1,TCGTCGTGTCGGACTAAGTG,0,4311591
yadI_predicted,0.5,1,1,TCGTCCGGTAATGGCTTTAT,0,4313723
yadI_predicted,0.5,1,1,TCGTCCACGGACTGAAGGTA,0,4300436
yadI_predicted,0.5,1,1,TCGTCATTCGCACGGTCATA,0,4362894
yadI_predicted,0.5,1,1,TCGTATGTTTAACCGTCTTC,0,4312227
yadI_predicted,0.5,1,1,TCGTAGTCTGGTCCAAAGTA,0,4323705
yadI_predicted,0.5,1,1,TCGTAATGGCAGCTGTTTCT,0,4337146
yadI_predicted,0.5,1,1,TCGGTTAAGCCGACGGCTCG,0,4291829
yadI_predicted,0.5,1,1,TCGGTCCATATCTGTCATCT,0,4343096
yadI_predicted,0.5,1,1,TCGGTCAGTAGCGTTGGTCT,0,4284277
yadI_predicted,0.5,1,1,TCGGGTACGGTAACCATAAC,0,4287133
yadI_predicted,0.5,1,1,TCGGGGTTTTTGCAGCTAGC,0,4311756
yadI_predicted,0.5,1,1,TCGGGAGTAGAGAGACACAA,0,4289281
yadI_predicted,0.5,1,1,TCGGCCGCGAGACGAGGGTT,0,4356849
yadI_predicted,0.5,1,1,TCGGCCAGGGGAGTCAGCTC,0,4367204
yadI_predicted,0.5,1,1,TCGGATACCCGCAGGCAGGA,0,4344940
yadI_predicted,0.5,1,1,TCGCGGTTCCCGAATTATAG,0,4367717
yadI_predicted,0.5,1,1,TCGCGAGGTACACTCAATCT,0,4320106
yadI_predicted,0.5,1,1,TCGCGACTTCCGGGAGTGTC,0,4330487
yadI_predicted,0.5,1,1,TCGCCTCCTAAGCGATACGC,0,4346415
yadI_predicted,0.5,1,1,TCGCCCTCCGTGCCCATGTA,0,4302999
yadI_predicted,0.5,1,1,TCGCCAGTCTCTTTTTTCTA,0,4286008
yadI_predicted,0.5,1,1,TCGCCAGACCTACTCTGCGG,0,4346275
yadI_predicted,0.5,1,1,TCGCATTACCTGTTTAGTTT,0,4333900
yadI_predicted,0.5,1,1,TCGCATCGTCTATCCGGAGG,0,4341837
yadI_predicted,0.5,1,1,TCGCAGTGGAGCAAATCGAG,0,4355188
yadI_predicted,0.5,1,1,TCGCACCTACCGAGTTCAAT,0,4345775
yadI_predicted,0.5,1,1,TCGCACAGTTCCAGATGCGA,0,4301150
yadI_predicted,0.5,1,1,TCGCAATTAAAGAGATTTAT,0,4324423
yadI_predicted,0.5,1,1,TCGATTCGAGTGAAGAAACT,0,4302779
yadI_predicted,0.5,1,1,TCGATTCAGCCCTAATCTGT,0,4296932
yadI_predicted,0.5,1,1,TCGATCGGGGTAGTAGTAGC,0,4339197
yadI_predicted,0.5,1,1,TCGATAATCGGAATCAATAG,0,4357336
yadI_predicted,0.5,1,1,TCGATAACCATGGCCGAGCA,0,4360539
yadI_predicted,0.5,1,1,TCGAGTTCATAAGGGGCCTG,0,4297061
yadI_predicted,0.5,1,1,TCGAGGGTGAATAAGCATCC,0,4321219
yadI_predicted,0.5,1,1,TCGAGACCCTTTAACAGAGT,0,4308374
yadI_predicted,0.5,1,1,TCGACTTATCTGCTTGGCAT,0,4290246
yadI_predicted,0.5,1,1,TCGACTGGGGCTGACATTCT,0,4352285
yadI_predicted,0.5,1,1,TCGAATGGAAACTGATAGGT,0,4307710
yadI_predicted,0.5,1,1,TCGAAGTTCACTCTTCACAT,0,4324923
yadI_predicted,0.5,1,1,TCGAAGTATAGTGATAATCA,0,4332591
yadI_predicted,0.5,1,1,TCGAAACTTGGGTTTCTGAG,0,4287519
yadI_predicted,0.5,1,1,TCCTTTTACAAATATCGCGC,0,4334951
yadI_predicted,0.5,1,1,TCCTTGCCGTTCGGGTGGTA,0,4309191
yadI_predicted,0.5,1,1,TCCTTCGATTTGAAAGGCGC,0,4369701
yadI_predicted,0.5,1,1,TCCTGGTTACGACGGGCTCA,0,4298142
yadI_predicted,0.5,1,1,TCCTGGCAAAAAGAATCTGA,0,4363414
yadI_predicted,0.5,1,1,TCCTGCGGCGGATAGATCCG,0,4324711
yadI_predicted,0.5,1,1,TCCTGCACTCACAGCTAGTC,0,4330816
yadI_predicted,0.5,1,1,TCCTCTGGTTGAATGTTAGT,0,4306786
yadI_predicted,0.5,1,1,TCCTCGGAATCCAGTTAGGA,0,4336445
yadI_predicted,0.5,1,1,TCCTAGCGGAAGTTTCCTTA,0,4366133
yadI_predicted,0.5,1,1,TCCGTTGTTGGGGCGTATGT,0,4293784
yadI_predicted,0.5,1,1,TCCGTTGTCGTCACGAATAA,0,4339047
yadI_predicted,0.5,1,1,TCCGTTAGCATAAAGTAATA,0,4321908
yadI_predicted,0.5,1,1,TCCGTGCGAGTCCCTCCATA,0,4286411
yadI_predicted,0.5,1,1,TCCGTATCAGATAGGTTTGA,0,4288245
yadI_predicted,0.5,1,1,TCCGGCCTTATGATTACTTT,0,4355201
yadI_predicted,0.5,1,1,TCCGGATGAAGCAATCCAAG,0,4344624
yadI_predicted,0.5,1,1,TCCGATCAATAATACCTGAT,0,4328917
yadI_predicted,0.5,1,1,TCCGAGTTCTAAAAGGCGGA,0,4347501
yadI_predicted,0.5,1,1,TCCGAGAAATTTGTTCATTG,0,4331621
yadI_predicted,0.5,1,1,TCCCTTGGGGATTTTATTGC,0,4333116
yadI_predicted,0.5,1,1,TCCCTCTCGCCATAGTGGAG,0,4302229
yadI_predicted,0.5,1,1,TCCCGTCTTACGACTAAAGG,0,4333440
yadI_predicted,0.5,1,1,TCCCCAATCAGTAATCCGAT,0,4341046
yadI_predicted,0.5,1,1,TCCCACAGCCACTGTTAATT,0,4346870
yadI_predicted,0.5,1,1,TCCATTTTAGTGGACGCCGT,0,4294825
yadI_predicted,0.5,1,1,TCCATTAATATTAGATGCCC,0,4357387
yadI_predicted,0.5,1,1,TCCATATAGTTCATAACGCT,0,4347450
yadI_predicted,0.5,1,1,TCCAGTACAGAAGACAATAC,0,4307125
yadI_predicted,0.5,1,1,TCCAGCCGTGCAGCACCATG,0,4318297
yadI_predicted,0.5,1,1,TCCAGACGGGGCGTCTATAT,0,4356845
yadI_predicted,0.5,1,1,TCCACGCGAATGTCGTCCAG,0,4303069
yadI_predicted,0.5,1,1,TCCACGCAACGGGGCTCGAT,0,4292952
yadI_predicted,0.5,1,1,TCCAATAGCGAGAAGCACAG,0,4318197
yadI_predicted,0.5,1,1,TCCAAGTTTGTGTTCGATTG,0,4306379
yadI_predicted,0.5,1,1,TCCAAGTCCCGTGTTGCACT,0,4367322
yadI_predicted,0.5,1,1,TCCAAAGAATACGTCTTTCA,0,4350533
yadI_predicted,0.5,1,1,TCATTATGTCCGGCGAATTG,0,4321350
yadI_predicted,0.5,1,1,TCATTAACTTATAGCGGTAG,0,4306410
yadI_predicted,0.5,1,1,TCATGTTGAGACTTCCTGTT,0,4320293
yadI_predicted,0.5,1,1,TCATGTCCAACCCGAGGGTG,0,4318655
yadI_predicted,0.5,1,1,TCATGTCACGAGTGAACTAC,0,4362533
yadI_predicted,0.5,1,1,TCATCGTGTCTGGGCGTTCT,0,4310866
yadI_predicted,0.5,1,1,TCATCCTACGGATGCCACTC,0,4355231
yadI_predicted,0.5,1,1,TCATAGGGTGCAGACAGTGG,0,4361608
yadI_predicted,0.5,1,1,TCATAGGAGGGACTCCCTCT,0,4325642
yadI_predicted,0.5,1,1,TCAGTGGCGACGCGGCCCTG,0,4336008
yadI_predicted,0.5,1,1,TCAGTCAACGTGGTCACCTC,0,4348707
yadI_predicted,0.5,1,1,TCAGGGGTAATCATGTCTCC,0,4327535
yadI_predicted,0.5,1,1,TCAGGGGCACGATGTCCGAT,0,4322940
yadI_predicted,0.5,1,1,TCAGCTGAATCTCATCAAGT,0,4305592
yadI_predicted,0.5,1,1,TCAGCGGAGTTTGCTCCATG,0,4327534
yadI_predicted,0.5,1,1,TCAGCGGACGCGGTAGGAGT,0,4304104
yadI_predicted,0.5,1,1,TCAGCCTGGCCCCACATCGG,0,4352924
yadI_predicted,0.5,1,1,TCAGAGCTAGGGTATTTTGG,0,4334254
yadI_predicted,0.5,1,1,TCACTTTGGCTAGTTCCCCA,0,4303382
yadI_predicted,0.5,1,1,TCACTTATCCGGGACCGCTA,0,4310229
yadI_predicted,0.5,1,1,TCACTCGCTGCGGTCCTACA,0,4350094
yadI_predicted,0.5,1,1,TCACGTTGGATCGAGGTGCT,0,4288091
yadI_predicted,0.5,1,1,TCACGCACCCTTGATTGGAG,0,4357932
yadI_predicted,0.5,1,1,TCACGAAATGGGATCCAGTC,0,4307424
yadI_predicted,0.5,1,1,TCACCCTTAGCGCCTCCCAA,0,4305099
yadI_predicted,0.5,1,1,TCACCCGGACAGGCTTCTCT,0,4298549
yadI_predicted,0.5,1,1,TCACCCCAGGCCTATGGGCT,0,4333698
yadI_predicted,0.5,1,1,TCAATTCATAGTTGGAGAAC,0,4298096
yadI_predicted,0.5,1,1,TCAATATTGGTCTCCTGAGC,0,4299652
yadI_predicted,0.5,1,1,TCAAGTGACCTCGATGGTGT,0,4339101
yadI_predicted,0.5,1,1,TCAAGGTATAAGTTGACAGG,0,4342657
yadI_predicted,0.5,1,1,TCAAGGCGAGGCCCGAACTT,0,4290912
yadI_predicted,0.5,1,1,TCAAGCGCGGCTTTGAGGTG,0,4315029
yadI_predicted,0.5,1,1,TCAAGCCGCCGTATATTTAA,0,4306554
yadI_predicted,0.5,1,1,TCAAGATCGCCGATGCATGA,0,4321557
yadI_predicted,0.5,1,1,TCAAGAACTCCCATAAGGGG,0,4320183
yadI_predicted,0.5,1,1,TCAACGTTCGTCCTTAGTAT,0,4340515
yadI_predicted,0.5,1,1,TCAACGTATGTCCAAATGAG,0,4318996
yadI_predicted,0.5,1,1,TCAACAATTAAGCCTCTGCA,0,4285117
yadI_predicted,0.5,1,1,TCAAAGCCTACGTAGGAAAA,0,4303565
yadI_predicted,0.5,1,1,TCAAAGAGAGTTAGCGGCCA,0,4337122
yadI_predicted,0.5,1,1,TCAAACAGCGCGGGAGGTCT,0,4291650
yadI_predicted,0.5,1,1,TATTGGGAACATAAGCGAAT,0,4320213
yadI_predicted,0.5,1,1,TATTGGAGCCTATTCACTGT,0,4338292
yadI_predicted,0.5,1,1,TATTGACTAAGAAAGTCGCT,0,4368272
yadI_predicted,0.5,1,1,TATTATTAGCGCGTTCTACG,0,4284131
yadI_predicted,0.5,1,1,TATTAAGCAACCCTCCAAGG,0,4314566
yadI_predicted,0.5,1,1,TATGTGAGCGCATGGACAAA,0,4309082
yadI_predicted,0.5,1,1,TATGGTAGGAATTCGCATCT,0,4366126
yadI_predicted,0.5,1,1,TATGGCATGACTGGCAACCA,0,4295471
yadI_predicted,0.5,1,1,TATGCGACAGGTACCAACGC,0,4318985
yadI_predicted,0.5,1,1,TATGAGGCTGGGCAAGGAAC,0,4363498
yadI_predicted,0.5,1,1,TATGACTTGAGACTGGATTA,0,4324220
yadI_predicted,0.5,1,1,TATGAAGGTCCTGCTACAAA,0,4332730
yadI_predicted,0.5,1,1,TATGAAGGCAGGATCGAGGC,0,4311597
yadI_predicted,0.5,1,1,TATCTTATCATAACTATGGC,0,4360688
yadI_predicted,0.5,1,1,TATCGTTAAGACTCTATCAA,0,4340586
yadI_predicted,0.5,1,1,TATCCTTTATGGTAAGCGGC,0,4291511
yadI_predicted,0.5,1,1,TATCCTCGTCGGATATTGGT,0,4332744
yadI_predicted,0.5,1,1,TATCCGGTCCAATAGGATAC,0,4296428
yadI_predicted,0.5,1,1,TATCCCGGCTAGCTCGAAAG,0,4354047
yadI_predicted,0.5,1,1,TATCCAGGGATAACGGGTTT,0,4318462
yadI_predicted,0.5,1,1,TATCAGCAATACGTGTTCCT,0,4304005
yadI_predicted,0.5,1,1,TATCAATTACCCTGGCGATC,0,4345133
yadI_predicted,0.5,1,1,TATCAAGAGTTTCTAACGAG,0,4308008
yadI_predicted,0.5,1,1,TATATTTACCTAGCAGGTAC,0,4303882
yadI_predicted,0.5,1,1,TATATGGTAAAACGTTATAC,0,4304234
yadI_predicted,0.5,1,1,TATATCGAGGGTAGTGTTGT,0,4286522
yadI_predicted,0.5,1,1,TATAGCTAAACTTTCCTGGG,0,4319423
yadI_predicted,0.5,1,1,TATACTTCTTTTTGAGAAAG,0,4358336
yadI_predicted,0.5,1,1,TATACTCTCGAACTGGTCAC,0,4341650
yadI_predicted,0.5,1,1,TATAAGCTACGGTATTTGTT,0,4365954
yadI_predicted,0.5,1,1,TATAACAGACTCTCAAATAA,0,4300201
yadI_predicted,0.5,1,1,TAGGTGCATAGGCCGGCGAA,0,4290350
yadI_predicted,0.5,1,1,TAGGTGAACACATGGCCTCG,0,4325034
yadI_predicted,0.5,1,1,TAGGTGAAAAAGGCAAAATA,0,4316283
yadI_predicted,0.5,1,1,TAGGTATACGTTCTGGCTCA,0,4346893
yadI_predicted,0.5,1,1,TAGGGGCTCTTGTTTTATTC,0,4349591
yadI_predicted,0.5,1,1,TAGGGGATGGGAGCGCCCGC,0,4286058
yadI_predicted,0.5,1,1,TAGGCGCCCTATATTAACCC,0,4352156
yadI_predicted,0.5,1,1,TAGGCGATTCGCAGCGGAGG,0,4324689
yadI_predicted,0.5,1,1,TAGGCCCCTTCTTTTCGTGG,0,4320906
yadI_predicted,0.5,1,1,TAGGCCAACGCCACCGTAGC,0,4285512
yadI_predicted,0.5,1,1,TAGGCATGTTCTGATCTCAT,0,4353293
yadI_predicted,0.5,1,1,TAGGAGTGAGTGTCGCGTGT,0,4347372
yadI_predicted,0.5,1,1,TAGGAGGATTGTACGTGGCC,0,4333820
yadI_predicted,0.5,1,1,TAGGAGCAGCCAGTGAGTGG,0,4297053
yadI_predicted,0.5,1,1,TAGGACGCACATCAGTGATG,0,4314486
yadI_predicted,0.5,1,1,TAGGAAATCCAGGACTCTCC,0,4295220
yadI_predicted,0.5,1,1,TAGCTTTTTACGTTACGTTC,0,4305815
yadI_predicted,0.5,1,1,TAGCTCTAGTTGCAGTTTTT,0,4365127
yadI_predicted,0.5,1,1,TAGCGTCCTCTAGGACCGGT,0,4333720
yadI_predicted,0.5,1,1,TAGCGGCAGTTTTCTATCCT,0,4341964
yadI_predicted,0.5,1,1,TAGCGGAGAACCCTTGCCTT,0,4326209
yadI_predicted,0.5,1,1,TAGCGCTGACGATGGCCTCT,0,4300239
yadI_predicted,0.5,1,1,TAGCGCTCAAAAGCCCTGAC,0,4299942
yadI_predicted,0.5,1,1,TAGCCGTCGCAGGCACATCT,0,4352920
yadI_predicted,0.5,1,1,TAGCCGGGCATATTGGACAA,0,4334667
yadI_predicted,0.5,1,1,TAGCAGCGAGGAAGGCTTCT,0,4306146
yadI_predicted,0.5,1,1,TAGCAGATTTCAACCTACTT,0,4302725
yadI_predicted,0.5,1,1,TAGATTCATGGGGAGAGCCT,0,4314453
yadI_predicted,0.5,1,1,TAGATGGCCCCGGGTATATC,0,4300143
yadI_predicted,0.5,1,1,TAGATCTCAGAGCGGGAAGG,0,4288584
yadI_predicted,0.5,1,1,TAGATCAGGGGTTTCCGCAT,0,4327899
yadI_predicted,0.5,1,1,TAGAGGTAACCAGAGCGCTG,0,4338475
yadI_predicted,0.5,1,1,TAGAGGAGTGGACCAAGTAT,0,4294375
yadI_predicted,0.5,1,1,TAGAGAATGTCACACGTGCA,0,4322006
yadI_predicted,0.5,1,1,TAGAACGGGGTCAGATACAT,0,4288916
yadI_predicted,0.5,1,1,TAGAACACACAAGACGGGGT,0,4336647
yadI_predicted,0.5,1,1,TAGAAACAGTGTATATCACG,0,4358636
yadI_predicted,0.5,1,1,TAGAAAAAGACTCGGAACTT,0,4365156
yadI_predicted,0.5,1,1,TACTTTGGTGGATAAGAGCA,0,4343384
yadI_predicted,0.5,1,1,TACTTTCAGGCGGTGTTGAT,0,4354178
yadI_predicted,0.5,1,1,TACTTCTTGCGTGCTCCACG,0,4308671
yadI_predicted,0.5,1,1,TACTTACCGTTAGTCGTCCA,0,4300417
yadI_predicted,0.5,1,1,TACTGCACATACGGGTACGC,0,4300322
yadI_predicted,0.5,1,1,TACTGAAGTTCTCATCGTTT,0,4334766
yadI_predicted,0.5,1,1,TACTATTCATTTGCGGCAGA,0,4308613
yadI_predicted,0.5,1,1,TACTATCTCGGGGGGGGCTA,0,4321351
yadI_predicted,0.5,1,1,TACTATATCAGAACAAATAT,0,4296996
yadI_predicted,0.5,1,1,TACTACCGAATATTACCTCA,0,4292469
yadI_predicted,0.5,1,1,TACGTGGTGCACTCACCATA,0,4334256
yadI_predicted,0.5,1,1,TACGTAGTATAAAGACTGCT,0,4311302
yadI_predicted,0.5,1,1,TACGGATCGCTATCTGTTGA,0,4332890
yadI_predicted,0.5,1,1,TACGCACCTAACACCAGTCG,0,4305318
yadI_predicted,0.5,1,1,TACCTGATGAGCCGTCATAA,0,4316747
yadI_predicted,0.5,1,1,TACCGTACTTAGTAATTCGT,0,4318021
yadI_predicted,0.5,1,1,TACCGGCCACGAACGAATCG,0,4332455
yadI_predicted,0.5,1,1,TACCGGCAGGAATTGGGCAT,0,4287521
yadI_predicted,0.5,1,1,TACCCGACCAAAGTATTCCC,0,4309859
yadI_predicted,0.5,1,1,TACCCCCGTAGTTATGGCAG,0,4318259
yadI_predicted,0.5,1,1,TACCAGTATTTAAAGTCAGG,0,4326976
yadI_predicted,0.5,1,1,TACCAGGTTCGTCTTAGAGT,0,4336414
yadI_predicted,0.5,1,1,TACCAGACCAGTTACAAGGC,0,4287431
yadI_predicted,0.5,1,1,TACCACTCACGAAGAGGTGA,0,4303188
yadI_predicted,0.5,1,1,TACCAAGGTCTCGGGAATTT,0,4301563
yadI_predicted,0.5,1,1,TACATGGATTTGCTCCTCTT,0,4313691
yadI_predicted,0.5,1,1,TACATAAATGAGCGGATCTG,0,4294392
yadI_predicted,0.5,1,1,TACAGTAGAGGTCACGTTTC,0,4290213
yadI_predicted,0.5,1,1,TACACTTCGACTGATTTCGT,0,4301542
yadI_predicted,0.5,1,1,TACACTATTGAAAACAGGGG,0,4357347
yadI_predicted,0.5,1,1,TACACTAGGTGCCTACGCTG,0,4366832
yadI_predicted,0.5,1,1,TACAATGCTGCCGATAACGT,0,4349738
yadI_predicted,0.5,1,1,TACAAGTACGCGGTTGACCC,0,4356853
yadI_predicted,0.5,1,1,TAATTAGCCATCAATACGGA,0,4315328
yadI_predicted,0.5,1,1,TAAGTGCAAAACGCTTTAAG,0,4299411
yadI_predicted,0.5,1,1,TAAGGCAGCCAAAGGACGTG,0,4309501
yadI_predicted,0.5,1,1,TAAGGATCTATGAGATATAT,0,4311665
yadI_predicted,0.5,1,1,TAAGCGACATAAAAAGCAGA,0,4351844
yadI_predicted,0.5,1,1,TAACTGGGAGGTTATGCCAT,0,4353290
yadI_predicted,0.5,1,1,TAACTCGCATTTACTCAGTA,0,4355446
yadI_predicted,0.5,1,1,TAACTCATCGGCGATACGTC,0,4299006
yadI_predicted,0.5,1,1,TAACTATCAAACGGTCATGT,0,4363362
yadI_predicted,0.5,1,1,TAACGGTGTCGCACGCCAGC,0,4296111
yadI_predicted,0.5,1,1,TAACGAGAACAGCCGGAGGG,0,4346426
yadI_predicted,0.5,1,1,TAACGACGTGGCTCTTCTGT,0,4352741
yadI_predicted,0.5,1,1,TAACGACAATCCGGCATCAT,0,4364684
yadI_predicted,0.5,1,1,TAACGAAGAGAGTACCGAAC,0,4352067
yadI_predicted,0.5,1,1,TAACGAAACTTCTGAGTTCG,0,4290789
yadI_predicted,0.5,1,1,TAACATTAGGGTTTCCAAAC,0,4288109
yadI_predicted,0.5,1,1,TAACATCCTGGGCGCGCTCT,0,4323057
yadI_predicted,0.5,1,1,TAACAGTTCAAAGTCATCGG,0,4339963
yadI_predicted,0.5,1,1,TAAATGCCGCCATGACGGAG,0,4298515
yadI_predicted,0.5,1,1,TAAATCAATAAAGAGTTACG,0,4311073
yadI_predicted,0.5,1,1,TAAATATCACGGGTTCACTT,0,4295763
yadI_predicted,0.5,1,1,TAAATAGAAGTTTACGAGCT,0,4300485
yadI_predicted,0.5,1,1,TAAATACTTGAGTTCCCCTA,0,4363475
yadI_predicted,0.5,1,1,TAAATAAGTGGGTGCGTCAT,0,4332594
yadI_predicted,0.5,1,1,TAAAGGTTGAAGCGGGTGTC,0,4288160
yadI_predicted,0.5,1,1,TAAAGCTGAGAGTGTATACC,0,4313308
yadI_predicted,0.5,1,1,TAAAGCTACCTTGCAACGGT,0,4287109
yadI_predicted,0.5,1,1,TAAAGCCTGCACAGGGTTAG,0,4336757
yadI_predicted,0.5,1,1,TAAAATTATATTTTAGCAAA,0,4287873
yadI_predicted,0.5,1,1,TAAAACTCCAAGGATAGTTA,0,4308858
yadI_predicted,0.5,1,1,TAAAACCTAAATCTGGCGCT,0,4363409
yadI_predicted,0.5,1,1,TAAAAATGGGGATTTTCCGG,0,4301366
yadI_predicted,0.5,1,1,TAAAAACTAGACCTGTCGTA,0,4358924
yadI_predicted,0.5,1,1,GTTTTGGTGTGTTGACTAAC,0,4311498
yadI_predicted,0.5,1,1,GTTTTCTACGTGTCCTGTGT,0,4358355
yadI_predicted,0.5,1,1,GTTTTACCCCGCGCCCCGAC,0,4300301
yadI_predicted,0.5,1,1,GTTTTACATAGCGGGTCATC,0,4312045
yadI_predicted,0.5,1,1,GTTTTAACAGCACGTCTCTA,0,4334106
yadI_predicted,0.5,1,1,GTTTGTATAAAGCGTCGCAG,0,4358736
yadI_predicted,0.5,1,1,GTTTCGGAAAGCGCTTATTG,0,4311948
yadI_predicted,0.5,1,1,GTTTCGAGTCCACTGCAGCT,0,4325273
yadI_predicted,0.5,1,1,GTTTCCATTGTTTCAAAGCC,0,4342178
yadI_predicted,0.5,1,1,GTTTAATACCCTGTGGTGGA,0,4325069
yadI_predicted,0.5,1,1,GTTTAATAATCTTAAAGTTC,0,4345789
yadI_predicted,0.5,1,1,GTTTAACGATGCACCGCACC,0,4368754
yadI_predicted,0.5,1,1,GTTGTTCTGCAAAATACTAT,0,4350622
yadI_predicted,0.5,1,1,GTTGTTAGTGCTAATTGCAA,0,4310803
yadI_predicted,0.5,1,1,GTTGTGTATGTATATCCATC,0,4289723
yadI_predicted,0.5,1,1,GTTGTGCTTCCCAGCATCCT,0,4328269
yadI_predicted,0.5,1,1,GTTGTATAAAGGCGGTAACG,0,4313387
yadI_predicted,0.5,1,1,GTTGGGCGGCCGCAGTTCAC,0,4358172
yadI_predicted,0.5,1,1,GTTGGGAACAAGAACAATCA,0,4324926
yadI_predicted,0.5,1,1,GTTGGCAAATGCACGGTAGG,0,4303081
yadI_predicted,0.5,1,1,GTTGCCCTTGAGCGCATCGT,0,4293680
yadI_predicted,0.5,1,1,GTTGCCAACCCGAACGCAAT,0,4333102
yadI_predicted,0.5,1,1,GTTGATCTCTGCCTGGGGTC,0,4337910
yadI_predicted,0.5,1,1,GTTGAGTACATTGGTCACAC,0,4309754
yadI_predicted,0.5,1,1,GTTCTTGGCCCGGAAACCCT,0,4309748
yadI_predicted,0.5,1,1,GTTCTGCACAAAATCTCTGA,0,4363061
yadI_predicted,0.5,1,1,GTTCTCCGATGCCATTGGTT,0,4362654
yadI_predicted,0.5,1,1,GTTCTACCAAGTCAATTGCC,0,4362515
yadI_predicted,0.5,1,1,GTTCGTGATGGTTACATGTG,0,4304066
yadI_predicted,0.5,1,1,GTTCGGTGAACCCGGTCCGG,0,4358335
yadI_predicted,0.5,1,1,GTTCGAGCAAAGAACTGGCC,0,4308916
yadI_predicted,0.5,1,1,GTTCCTAGGACAAGTCCCCA,0,4287954
yadI_predicted,0.5,1,1,GTTCCCCGTGCATCAGGACC,0,4343785
yadI_predicted,0.5,1,1,GTTATGTATTTAGTTGCTCG,0,4288450
yadI_predicted,0.5,1,1,GTTATGTATACATTGGTTTG,0,4348723
yadI_predicted,0.5,1,1,GTTATCTACAACATACTAAG,0,4341622
yadI_predicted,0.5,1,1,GTTATAACGTCCATATCCCA,0,4362789
yadI_predicted,0.5,1,1,GTTAGGCCTACCTGTCGGGT,0,4308854
yadI_predicted,0.5,1,1,GTTAGGCCCAACCACCCCTG,0,4340509
yadI_predicted,0.5,1,1,GTTAGGAAGCCGATCGAGCT,0,4344018
yadI_predicted,0.5,1,1,GTTACTATCACCTCAGCGCG,0,4369344
yadI_predicted,0.5,1,1,GTTACCACGTTGGATTACCG,0,4311800
yadI_predicted,0.5,1,1,GTTACATGAGGCGCCATCAT,0,4347150
yadI_predicted,0.5,1,1,GTTAAGTTCGACCTAGGACA,0,4343932
yadI_predicted,0.5,1,1,GTTAAGGCTCGGAGGCGGTA,0,4305919
yadI_predicted,0.5,1,1,GTTAAGACCGAGAGCAAATC,0,4357190
yadI_predicted,0.5,1,1,GTTAACGGACTTCCTACCTC,0,4317277
yadI_predicted,0.5,1,1,GTTAAATGCGAGAACTAGAC,0,4319499
yadI_predicted,0.5,1,1,GTGTTTTCGTAACGAGAAAA,0,4368494
yadI_predicted,0.5,1,1,GTGTTTACTGTATCTGGCCT,0,4286713
yadI_predicted,0.5,1,1,GTGTTGGTAGCAGTATTGAC,0,4300189
yadI_predicted,0.5,1,1,GTGTTCTTCCCTCAAATCAT,0,4311810
yadI_predicted,0.5,1,1,GTGTGTGCCTCACTGTAATC,0,4287706
yadI_predicted,0.5,1,1,GTGTGTCAACTGGTTGAGAT,0,4295839
yadI_predicted,0.5,1,1,GTGTGCTTTCACTTCCCGCG,0,4328656
yadI_predicted,0.5,1,1,GTGTGCAGAGATACTCTGTG,0,4304607
yadI_predicted,0.5,1,1,GTGTGCACGCGGCACTAAGA,0,4348335
yadI_predicted,0.5,1,1,GTGTCCCAGGTTCTACCGAC,0,4348287
yadI_predicted,0.5,1,1,GTGTCATCTCTATGTACTTA,0,4296919
yadI_predicted,0.5,1,1,GTGTCACGCGATGAATCACG,0,4339913
yadI_predicted,0.5,1,1,GTGTCAACCCCGCGGCTCGA,0,4318222
yadI_predicted,0.5,1,1,GTGTACGGTCGTGTGGTTTT,0,4300711
yadI_predicted,0.5,1,1,GTGTAAGTTGAACCGTTCAG,0,4287264
yadI_predicted,0.5,1,1,GTGTAAATTCTCGGTGACTC,0,4364103
yadI_predicted,0.5,1,1,GTGGTTTGTGTAGCACTCAA,0,4284156
yadI_predicted,0.5,1,1,GTGGTCTTTTCCATGAATGC,0,4361907
yadI_predicted,0.5,1,1,GTGGTCGTATGCTATGTGCC,0,4356804
yadI_predicted,0.5,1,1,GTGGGCGATCATCGTCTACT,0,4303444
yadI_predicted,0.5,1,1,GTGGCTTCTTTCGGGAAGTT,0,4319237
yadI_predicted,0.5,1,1,GTGGCTCTCATTATAAAATA,0,4312114
yadI_predicted,0.5,1,1,GTGGCCCCGAGTTGCTCCCA,0,4330767
yadI_predicted,0.5,1,1,GTGGATTGTATGACCGTGCC,0,4316660
yadI_predicted,0.5,1,1,GTGGATTAAAGAGTGTCCGT,0,4308827
yadI_predicted,0.5,1,1,GTGGAGGCTGGCAATAACAT,0,4300865
yadI_predicted,0.5,1,1,GTGGACTTCGCGACGAACAA,0,4363217
yadI_predicted,0.5,1,1,GTGGACCCCCTAGACTAGAC,0,4337593
yadI_predicted,0.5,1,1,GTGGACAGATGTTCTTCCGG,0,4369670
yadI_predicted,0.5,1,1,GTGCTGTCAATGAACACAGA,0,4330778
yadI_predicted,0.5,1,1,GTGCGTGAGTTGACTCCAGC,0,4300262
yadI_predicted,0.5,1,1,GTGCGTACGGCGCTAGCCTC,0,4336480
yadI_predicted,0.5,1,1,GTGCGGAGCCTAAGTTTAGT,0,4348846
yadI_predicted,0.5,1,1,GTGCGCGAACGGTTGCGCCA,0,4358096
yadI_predicted,0.5,1,1,GTGCGCCACCACTTGGCGGA,0,4367428
yadI_predicted,0.5,1,1,GTGCGCACCTTGACGGTCGG,0,4317698
yadI_predicted,0.5,1,1,GTGCCTTTAGCATTATGCAT,0,4323373
yadI_predicted,0.5,1,1,GTGCCTCATAGGGGCAACAG,0,4306259
yadI_predicted,0.5,1,1,GTGCCGCTACGGTCTCGGAG,0,4293535
yadI_predicted,0.5,1,1,GTGCAGTTCAATGGCTGCGC,0,4326565
yadI_predicted,0.5,1,1,GTGATAGGGCAGTACTAGGA,0,4301263
yadI_predicted,0.5,1,1,GTGATAGAGCTTAGCTTTGT,0,4344190
yadI_predicted,0.5,1,1,GTGAGTCCCCAGAAGTCACG,0,4317231
yadI_predicted,0.5,1,1,GTGAGGACATATCATCCCAG,0,4312259
yadI_predicted,0.5,1,1,GTGAGCACGAATCCTTCCAC,0,4358613
yadI_predicted,0.5,1,1,GTGAGAAGAATCATGGTCTT,0,4292876
yadI_predicted,0.5,1,1,GTGACCGAGGCCGAGAGACT,0,4296826
yadI_predicted,0.5,1,1,GTGAATGGCTCCCGACTGAC,0,4348593
yadI_predicted,0.5,1,1,GTGAATCAACTTACTAAAGA,0,4366385
yadI_predicted,0.5,1,1,GTGAATATACACAAACAAAG,0,4305468
yadI_predicted,0.5,1,1,GTCTTTGTTAGAACGCGCTA,0,4304000
yadI_predicted,0.5,1,1,GTCTTGGGCACCCCGACTCC,0,4347396
yadI_predicted,0.5,1,1,GTCTTAGGGCCGTATGTTCT,0,4322928
yadI_predicted,0.5,1,1,GTCTGTCTGGTTAAGCCTTG,0,4324576
yadI_predicted,0.5,1,1,GTCTGCAGTGCTGCTTCTGA,0,4324527
yadI_predicted,0.5,1,1,GTCTGAGAAGGCATTACATT,0,4362374
yadI_predicted,0.5,1,1,GTCTCTTGAAGATAGCCCCT,0,4345130
yadI_predicted,0.5,1,1,GTCTCTATCCTGTGGAACTC,0,4325147
yadI_predicted,0.5,1,1,GTCTCGTACTATCTTTCTTA,0,4345721
yadI_predicted,0.5,1,1,GTCTCCAAATACGATATCTC,0,4312347
yadI_predicted,0.5,1,1,GTCTCAATGAAGCAAGAAAA,0,4305005
yadI_predicted,0.5,1,1,GTCTATCGTTTTCACACGTT,0,4316523
yadI_predicted,0.5,1,1,GTCTACGTACGCGGTCAAAT,0,4321190
yadI_predicted,0.5,1,1,GTCGTTAAAAGTGGATCCCA,0,4313815
yadI_predicted,0.5,1,1,GTCGTCCGCGGCAGGCAGGC,0,4369848
yadI_predicted,0.5,1,1,GTCGTCATTTGCATTGCAAG,0,4318977
yadI_predicted,0.5,1,1,GTCGTAGCACAACCTAAATC,0,4320492
yadI_predicted,0.5,1,1,GTCGGTTCAGAGACTCGGAA,0,4358878
yadI_predicted,0.5,1,1,GTCGGATGATCAACAGCCAG,0,4348726
yadI_predicted,0.5,1,1,GTCGCCGCTCGGCCGCTACA,0,4321692
yadI_predicted,0.5,1,1,GTCGAGATTAGGGAGTTAAT,0,4367588
yadI_predicted,0.5,1,1,GTCGAACCACTGTGGGCCAG,0,4369013
yadI_predicted,0.5,1,1,GTCGAAAAGGTGGGTTTGCT,0,4359888
yadI_predicted,0.5,1,1,GTCCTTTTAGGAACGTCCGA,0,4293020
yadI_predicted,0.5,1,1,GTCCTGGCATCTGGGCTGGA,0,4306869
yadI_predicted,0.5,1,1,GTCCTGATCCGAGGACTCCC,0,4344898
yadI_predicted,0.5,1,1,GTCCTCCCGGGCGTTACAAT,0,4320242
yadI_predicted,0.5,1,1,GTCCTATACGTGCTATGCAG,0,4289522
yadI_predicted,0.5,1,1,GTCCTAGTTGAGCAAATAGA,0,4349795
yadI_predicted,0.5,1,1,GTCCGGGGGGGTACCTCCCT,0,4330157
yadI_predicted,0.5,1,1,GTCCGCGCCAATGGCTATGC,0,4325444
yadI_predicted,0.5,1,1,GTCCGCCACTTAGAGGCAAC,0,4310908
yadI_predicted,0.5,1,1,GTCCCTTCGGTTGCTACCCT,0,4356504
yadI_predicted,0.5,1,1,GTCCCATAGATGCACACGGG,0,4351074
yadI_predicted,0.5,1,1,GTCCATGTACTGGGTTTCTT,0,4301908
yadI_predicted,0.5,1,1,GTCCATGCCGCCGAGCCGCT,0,4346531
yadI_predicted,0.5,1,1,GTCCACATGATGTGAGCAAG,0,4336595
yadI_predicted,0.5,1,1,GTCATTCTCGAGGCATCCCT,0,4357807
yadI_predicted,0.5,1,1,GTCATGTCGCCCGTTTAAAC,0,4323178
yadI_predicted,0.5,1,1,GTCATCTCCTACTTTGGAAT,0,4293709
yadI_predicted,0.5,1,1,GTCATATTTCCTTGATGATT,0,4359669
yadI_predicted,0.5,1,1,GTCATATTCATTGATGATAA,0,4311446
yadI_predicted,0.5,1,1,GTCAGTCAGGGAAGCTTGCC,0,4350414
yadI_predicted,0.5,1,1,GTCAGACCGCGAGCAGTTAT,0,4360368
yadI_predicted,0.5,1,1,GTCACTTCTTCCAACCGCGA,0,4328443
yadI_predicted,0.5,1,1,GTCACTCGCTCGTATCATCA,0,4338442
yadI_predicted,0.5,1,1,GTCACGTGCCCGAATCTCAT,0,4315050
yadI_predicted,0.5,1,1,GTCACCGCTTAAGACCCAAC,0,4358870
yadI_predicted,0.5,1,1,GTCACATGTCTGATTCAACG,0,4366372
yadI_predicted,0.5,1,1,GTCACACTGAAGGTAGAATC,0,4354496
yadI_predicted,0.5,1,1,GTCAATTAGTCGGCCTGCAG,0,4352494
yadI_predicted,0.5,1,1,GTCAAGTCGTTACAGCGGTG,0,4354942
yadI_predicted,0.5,1,1,GTCAAGTCACAATTAACAGA,0,4333381
yadI_predicted,0.5,1,1,GTCAAGTAATGGGTAATCGA,0,4304294
yadI_predicted,0.5,1,1,GTCAACCGTGGAACGACAAA,0,4313338
yadI_predicted,0.5,1,1,GTATTGTCACAGTGTCCGGT,0,4314135
yadI_predicted,0.5,1,1,GTATTGCGGGGTCCGGGAGA,0,4357819
yadI_predicted,0.5,1,1,GTATTCTTCTTTCCGTGGTG,0,4366208
yadI_predicted,0.5,1,1,GTATTCGCCACAGCTCGCTT,0,4338908
yadI_predicted,0.5,1,1,GTATTCCAGTGTGTTAGGGA,0,4291333
yadI_predicted,0.5,1,1,GTATGCGCCAGGTAGCACTA,0,4297502
yadI_predicted,0.5,1,1,GTATGCCGGATTCCTTATTA,0,4353027
yadI_predicted,0.5,1,1,GTATCACTTTAGTTAGATTT,0,4284969
yadI_predicted,0.5,1,1,GTATCACGCGCGACCCGGGT,0,4293050
yadI_predicted,0.5,1,1,GTATATTGTCTCAGAGTGCA,0,4314421
yadI_predicted,0.5,1,1,GTATAGGGATACAGGTCGCA,0,4324076
yadI_predicted,0.5,1,1,GTAGGTGCTCGCCCTAGTGG,0,4339458
yadI_predicted,0.5,1,1,GTAGGTACCCCTTGTGCTTA,0,4325631
yadI_predicted,0.5,1,1,GTAGGTAAATCGCCGATTCG,0,4369083
yadI_predicted,0.5,1,1,GTAGGGTTCTGATAATGCAG,0,4356326
yadI_predicted,0.5,1,1,GTAGGGATAGCAACAAGGCA,0,4327184
yadI_predicted,0.5,1,1,GTAGGCGACGAAACCTCTTG,0,4335857
yadI_predicted,0.5,1,1,GTAGCGCGGAGGTTTTAATA,0,4309209
yadI_predicted,0.5,1,1,GTAGCCCATCTGCCCATCCA,0,4321738
yadI_predicted,0.5,1,1,GTAGATAGCAGGTCCGAATT,0,4326543
yadI_predicted,0.5,1,1,GTAGAGTCATTCGGGTTTCG,0,4358624
yadI_predicted,0.5,1,1,GTAGAGCTTGAAGTACTATA,0,4297296
yadI_predicted,0.5,1,1,GTAGACTCCTGCTGCCTCAT,0,4324708
yadI_predicted,0.5,1,1,GTACTGAGGGAGACACCCGT,0,4346738
yadI_predicted,0.5,1,1,GTACTCGGGAGTCGGACCAA,0,4306824
yadI_predicted,0.5,1,1,GTACTAGCATATCACGAGTC,0,4337421
yadI_predicted,0.5,1,1,GTACTAAATTGGTTTCGTCC,0,4344328
yadI_predicted,0.5,1,1,GTACGCGCCCGTGAATCAAA,0,4362497
yadI_predicted,0.5,1,1,GTACGCAACTCAGCTAACGA,0,4353150
yadI_predicted,0.5,1,1,GTACGATGACGGATCGAGGT,0,4301509
yadI_predicted,0.5,1,1,GTACGAAAGGTACCTGCTGG,0,4360224
yadI_predicted,0.5,1,1,GTACCGGTCCGGCGCTGAGT,0,4365656
yadI_predicted,0.5,1,1,GTACATGGAAAATCGAATAA,0,4330147
yadI_predicted,0.5,1,1,GTACACGTCTCTCAAATAAT,0,4294544
yadI_predicted,0.5,1,1,GTAATTCTTCGCCATTGTCT,0,4329274
yadI_predicted,0.5,1,1,GTAATGGACCAACTTGCTTA,0,4318495
yadI_predicted,0.5,1,1,GTAATATCCGAGGCCGACTG,0,4313934
yadI_predicted,0.5,1,1,GTAAGTTCAGCAACCCATAA,0,4328045
yadI_predicted,0.5,1,1,GTAAGAAATGTGACGCTAGC,0,4319409
yadI_predicted,0.5,1,1,GTAAATAGTCGCCCGCCCGG,0,4355183
yadI_predicted,0.5,1,1,GTAAAGCCCTGGGTCATTGA,0,4310084
yadI_predicted,0.5,1,1,GTAAACCTTATAGTTATAGG,0,4319559
yadI_predicted,0.5,1,1,GGTTTGGGTTTAGGATAGAC,0,4366237
yadI_predicted,0.5,1,1,GGTTTGGGTCGACAGGACTT,0,4333305
yadI_predicted,0.5,1,1,GGTTTCAGTCTATTACCTCT,0,4347598
yadI_predicted,0.5,1,1,GGTTTATCTCTGTACTTTTG,0,4361201
yadI_predicted,0.5,1,1,GGTTTACAGCAGTGGCGAGA,0,4338525
yadI_predicted,0.5,1,1,GGTTTAAGCCTCGCCCGGAA,0,4329480
yadI_predicted,0.5,1,1,GGTTGCCCGGTACATCCGTG,0,4284176
yadI_predicted,0.5,1,1,GGTTGCAAACTCGCGGGCCT,0,4350315
yadI_predicted,0.5,1,1,GGTTCTACGCTATCGTGCGG,0,4336037
yadI_predicted,0.5,1,1,GGTTCAGCGATCATTGTGAC,0,4317275
yadI_predicted,0.5,1,1,GGTTAGCGAATCAGACTAGA,0,4339974
yadI_predicted,0.5,1,1,GGTTAGAGCCGGTAGAGAGA,0,4312361
yadI_predicted,0.5,1,1,GGTGTGTGCCTGCGGTCCTA,0,4349174
yadI_predicted,0.5,1,1,GGTGTGCCAGTCTACCATTG,0,4318721
yadI_predicted,0.5,1,1,GGTGTCTTGCGATTAAAAAC,0,4354892
yadI_predicted,0.5,1,1,GGTGGTCTACAGCGTGGTTA,0,4315823
yadI_predicted,0.5,1,1,GGTGGCTTGTCGGATGTATC,0,4313182
yadI_predicted,0.5,1,1,GGTGGATCATAGAAACGATG,0,4361733
yadI_predicted,0.5,1,1,GGTGCGGCATAATAACTAGA,0,4288044
yadI_predicted,0.5,1,1,GGTGATGCTACTCATGCGTC,0,4308925
yadI_predicted,0.5,1,1,GGTGATAGTTTTTCCAGGTA,0,4289065
yadI_predicted,0.5,1,1,GGTGATAAAAGGAAACTCCT,0,4347213
yadI_predicted,0.5,1,1,GGTGACTAAAGACAAAGACT,0,4287661
yadI_predicted,0.5,1,1,GGTCTCATTCCGTCGTGGCG,0,4284145
yadI_predicted,0.5,1,1,GGTCGTAGAGCTATCAAGCC,0,4296035
yadI_predicted,0.5,1,1,GGTCGCAAAACCGCCCTGAG,0,4330378
yadI_predicted,0.5,1,1,GGTCGAGGGTGTCCTCATCA,0,4284397
yadI_predicted,0.5,1,1,GGTCCGCCCATAGACATTAA,0,4323617
yadI_predicted,0.5,1,1,GGTCCGATTACAATCGTCGG,0,4285739
yadI_predicted,0.5,1,1,GGTCATATTCAGCGACCGAA,0,4288169
yadI_predicted,0.5,1,1,GGTCAGTTCCCGCAGGACGA,0,4331690
yadI_predicted,0.5,1,1,GGTCAGCTATCCCGAACTAT,0,4293156
yadI_predicted,0.5,1,1,GGTCAGCAAAATGTTAGCCG,0,4345668
yadI_predicted,0.5,1,1,GGTCACTTAGAACATGATCA,0,4363036
yadI_predicted,0.5,1,1,GGTCACCGTTCAACAAGTGC,0,4369291
yadI_predicted,0.5,1,1,GGTATTGAGATCAATCGCCC,0,4317782
yadI_predicted,0.5,1,1,GGTATGTGTCTAGCAGAAAA,0,4361961
yadI_predicted,0.5,1,1,GGTATGAATAAGGTGGGCAT,0,4348760
yadI_predicted,0.5,1,1,GGTATAGGACGGCCAACCCA,0,4322660
yadI_predicted,0.5,1,1,GGTAGGTCCGGTAATAATAA,0,4350809
yadI_predicted,0.5,1,1,GGTAGCTTCTGTCGGAATAT,0,4363978
yadI_predicted,0.5,1,1,GGTAGCTCCCGGGTCTTCTT,0,4333353
yadI_predicted,0.5,1,1,GGTAGAGCGCGGACACTACT,0,4313660
yadI_predicted,0.5,1,1,GGTACTAATGCAAAAACAGA,0,4346662
yadI_predicted,0.5,1,1,GGTACCCGCGGCCTGAGATC,0,4366506
yadI_predicted,0.5,1,1,GGTACCAGCGCTCGGAATCC,0,4302897
yadI_predicted,0.5,1,1,GGTAAACATGAACCGACTAA,0,4336527
yadI_predicted,0.5,1,1,GGTAAAAGTAGAGTTAGACG,0,4364974
yadI_predicted,0.5,1,1,GGGTTTATCACATTTATTAG,0,4328064
yadI_predicted,0.5,1,1,GGGTTGCCGATCAGCGCAGC,0,4348965
yadI_predicted,0.5,1,1,GGGTTGATAAGCGTTGAGGA,0,4294857
yadI_predicted,0.5,1,1,GGGTTCTTTGGCCCTAGGTT,0,4324846
yadI_predicted,0.5,1,1,GGGTTATCGTTCGACCTCAG,0,4319568
yadI_predicted,0.5,1,1,GGGTTACTGTCCTTTGGACT,0,4286877
yadI_predicted,0.5,1,1,GGGTGGTTCCCATTACTTCT,0,4355244
yadI_predicted,0.5,1,1,GGGTCGGGATCACATACCCA,0,4303369
yadI_predicted,0.5,1,1,GGGTCGCGGGAAACCAACAG,0,4351839
yadI_predicted,0.5,1,1,GGGTCCTAGGTCACCGGACC,0,4321232
yadI_predicted,0.5,1,1,GGGTAATTGGAACCTAGACG,0,4302749
yadI_predicted,0.5,1,1,GGGGTTGATGTGCTTGACCG,0,4312121
yadI_predicted,0.5,1,1,GGGGTGTATAAGTCATCTCT,0,4299649
yadI_predicted,0.5,1,1,GGGGTATACAAGGACTTAAT,0,4297397
yadI_predicted,0.5,1,1,GGGGTAAATCGTCAAATTTT,0,4290625
yadI_predicted,0.5,1,1,GGGGGTTAATGTCACTGCGC,0,4316722
yadI_predicted,0.5,1,1,GGGGGGTTTATTTTCCACGA,0,4305514
yadI_predicted,0.5,1,1,GGGGGGCTTACACAGGAAGA,0,4291902
yadI_predicted,0.5,1,1,GGGGGGCCTATTAGCGCACC,0,4306011
yadI_predicted,0.5,1,1,GGGGGATATAACGATGACTA,0,4346123
yadI_predicted,0.5,1,1,GGGGGACAAGTCTGATCTTG,0,4362661
yadI_predicted,0.5,1,1,GGGGCTTAGCACTGGTATAA,0,4319417
yadI_predicted,0.5,1,1,GGGGCGTAGCGGTGGCAATA,0,4335716
yadI_predicted,0.5,1,1,GGGGCAAATCCCGGGACTTT,0,4350490
yadI_predicted,0.5,1,1,GGGGATAGCTTATAGTATTC,0,4362282
yadI_predicted,0.5,1,1,GGGGAGGCCGGACAGACACG,0,4317745
yadI_predicted,0.5,1,1,GGGGACGGCACAGCTGTTGC,0,4330235
yadI_predicted,0.5,1,1,GGGCTTCCACTTTCAACCCG,0,4294264
yadI_predicted,0.5,1,1,GGGCTTAACTCAAGCAGGCC,0,4347738
yadI_predicted,0.5,1,1,GGGCTGACCCATTAGCGACT,0,4343371
yadI_predicted,0.5,1,1,GGGCTACGTGGGGTAATATT,0,4359500
yadI_predicted,0.5,1,1,GGGCTACCCGTGACCTGCCA,0,4352412
yadI_predicted,0.5,1,1,GGGCGTTCCTCGTCAACGTT,0,4299024
yadI_predicted,0.5,1,1,GGGCGTGTACACTTTCATGT,0,4313017
yadI_predicted,0.5,1,1,GGGCGTGCAGTAAGGCTATT,0,4301134
yadI_predicted,0.5,1,1,GGGCGGAGTGTATTCGTTTA,0,4286192
yadI_predicted,0.5,1,1,GGGCGGAAGCTTATGGCATT,0,4328864
yadI_predicted,0.5,1,1,GGGCGACAAGTGGGGGAGAG,0,4285602
yadI_predicted,0.5,1,1,GGGCCGAACGGAGTCTAGTT,0,4293801
yadI_predicted,0.5,1,1,GGGCCAGGGGTCATTACTTC,0,4349830
yadI_predicted,0.5,1,1,GGGCAGTGGCCAATATCCGC,0,4364463
yadI_predicted,0.5,1,1,GGGCAGCACGATATGACTTA,0,4357928
yadI_predicted,0.5,1,1,GGGCACACAGTGTGCTGGCC,0,4328141
yadI_predicted,0.5,1,1,GGGATGAATACAGACTTTCG,0,4354641
yadI_predicted,0.5,1,1,GGGAGGTGCGTCACACTTTT,0,4340255
yadI_predicted,0.5,1,1,GGGACTGCTAACTCCCCTAG,0,4328060
yadI_predicted,0.5,1,1,GGGACGGTGATACGAACCGA,0,4289395
yadI_predicted,0.5,1,1,GGGACGGACAAATCTTGATT,0,4359242
yadI_predicted,0.5,1,1,GGGAATCTCGAGCCACCTGT,0,4349927
yadI_predicted,0.5,1,1,GGGAAGTTCGGCAGACTACC,0,4356779
yadI_predicted,0.5,1,1,GGGAAGGTCGGGTTTTCCTG,0,4337380
yadI_predicted,0.5,1,1,GGGAACAACCGGGGGAGGGA,0,4301768
yadI_predicted,0.5,1,1,GGGAAATGCGTATTACACTG,0,4322426
yadI_predicted,0.5,1,1,GGGAAAGTGAAGCACAGACC,0,4306630
yadI_predicted,0.5,1,1,GGGAAAATAAGGACAATCTT,0,4300148
yadI_predicted,0.5,1,1,GGGAAAAATTCTCTTAATTT,0,4337551
yadI_predicted,0.5,1,1,GGCTTTTTAATCTCATTCTA,0,4366278
yadI_predicted,0.5,1,1,GGCTTCTAACCAAATCCTTG,0,4308768
yadI_predicted,0.5,1,1,GGCTTACCGAAGTGTCTTGT,0,4322715
yadI_predicted,0.5,1,1,GGCTGTTTACCATGATCTAT,0,4292396
yadI_predicted,0.5,1,1,GGCTGGATCTCTAAACTGGT,0,4329426
yadI_predicted,0.5,1,1,GGCTCGTGGATGTGGCAGGG,0,4308844
yadI_predicted,0.5,1,1,GGCTCGGTTGGCTAGCAGCG,0,4284833
yadI_predicted,0.5,1,1,GGCTCAGGGTATAGGCAGTT,0,4359577
yadI_predicted,0.5,1,1,GGCTAGGTCCCGTGGCGCAA,0,4305117
yadI_predicted,0.5,1,1,GGCTAGACATTTGGCTGAAG,0,4323546
yadI_predicted,0.5,1,1,GGCTACCGTCTTCCGATCCG,0,4332340
yadI_predicted,0.5,1,1,GGCTAAGCGGTCATCGAATT,0,4313076
yadI_predicted,0.5,1,1,GGCTAAATGGGACGCGGTCA,0,4292801
yadI_predicted,0.5,1,1,GGCGTGTAGCATCGTTTGAT,0,4303435
yadI_predicted,0.5,1,1,GGCGTGCTTCGAAGATTTTC,0,4310208
yadI_predicted,0.5,1,1,GGCGTATAGCTGTAAGGTAG,0,4345252
yadI_predicted,0.5,1,1,GGCGTAGTCCTGACCAGACC,0,4298556
yadI_predicted,0.5,1,1,GGCGTAAATCGCGGCTGGCC,0,4339941
yadI_predicted,0.5,1,1,GGCGGTCAGGATACTAGGTG,0,4323574
yadI_predicted,0.5,1,1,GGCGGGCTGACATTTTTTTA,0,4345339
yadI_predicted,0.5,1,1,GGCGGCATATGTCGGCTCTG,0,4357201
yadI_predicted,0.5,1,1,GGCGGAGAACTTAACATTGT,0,4369934
yadI_predicted,0.5,1,1,GGCGCTCTGGGCAAGAGAGT,0,4341671
yadI_predicted,0.5,1,1,GGCGCGGCCTCGTGGTCCCT,0,4309623
yadI_predicted,0.5,1,1,GGCGCAAAACTGGAAACACA,0,4295253
yadI_predicted,0.5,1,1,GGCGAGTTACCGCGGGGAAA,0,4367464
yadI_predicted,0.5,1,1,GGCGAGGGCCTGCATTGAAC,0,4327336
yadI_predicted,0.5,1,1,GGCCGTGCTAAATCATCTGG,0,4360496
yadI_predicted,0.5,1,1,GGCCGCTTGCTAATCACCGA,0,4331546
yadI_predicted,0.5,1,1,GGCCCTGATAAATAGACGGG,0,4347827
yadI_predicted,0.5,1,1,GGCCCGGGGTCAAGTCCCCC,0,4299733
yadI_predicted,0.5,1,1,GGCCCACAGCTAATCCTCTT,0,4317424
yadI_predicted,0.5,1,1,GGCCATTACGACTTACCGCT,0,4356627
yadI_predicted,0.5,1,1,GGCCATGGAGAACCCATCAG,0,4312704
yadI_predicted,0.5,1,1,GGCCAGTTTGTGTCGAACGG,0,4357934
yadI_predicted,0.5,1,1,GGCCAGGTGCTATTTTTCTG,0,4331567
yadI_predicted,0.5,1,1,GGCCAGCCGTCTACCGGTCC,0,4358546
yadI_predicted,0.5,1,1,GGCCAGACAGAAAGTGTACA,0,4335945
yadI_predicted,0.5,1,1,GGCCACTACTATCTACATAG,0,4355924
yadI_predicted,0.5,1,1,GGCATGCGGTGGTATGCTGC,0,4362167
yadI_predicted,0.5,1,1,GGCATGCAACCGCATCGGCA,0,4289614
yadI_predicted,0.5,1,1,GGCATCTTAGCCGGATACTA,0,4349480
yadI_predicted,0.5,1,1,GGCATCACATCGTCATAGGG,0,4367051
yadI_predicted,0.5,1,1,GGCAGGGACACAAGTGTCAG,0,4367242
yadI_predicted,0.5,1,1,GGCAGCCGCACGCGTTGAGT,0,4369757
yadI_predicted,0.5,1,1,GGCAGAATAGGTTATGTGTT,0,4293450
yadI_predicted,0.5,1,1,GGCAATCCGATGTCCGATCG,0,4365848
yadI_predicted,0.5,1,1,GGCAAGGTTAACACTGCTAC,0,4286243
yadI_predicted,0.5,1,1,GGCAAAATCGGTGGGACGGA,0,4357785
yadI_predicted,0.5,1,1,GGATTTCGTAATTATTATTC,0,4356640
yadI_predicted,0.5,1,1,GGATTGGTTAGAACCCTGGA,0,4312746
yadI_predicted,0.5,1,1,GGATGTGGCACTCCGATCGA,0,4351164
yadI_predicted,0.5,1,1,GGATGTCCCATTCGACGGGA,0,4344749
yadI_predicted,0.5,1,1,GGATGGTCCAAACAATAGGG,0,4312465
yadI_predicted,0.5,1,1,GGATCTTATCGCGGCACGTC,0,4343871
yadI_predicted,0.5,1,1,GGATCTCCGGGCTAAAGGCC,0,4346170
yadI_predicted,0.5,1,1,GGATCTCATATGTGTAGTCG,0,4311104
yadI_predicted,0.5,1,1,GGATCGGGTCCCGGGTGGTG,0,4295658
yadI_predicted,0.5,1,1,GGATCCTTAGCCCCTAGCAA,0,4298254
yadI_predicted,0.5,1,1,GGATCATACACCTAATTTCC,0,4351987
yadI_predicted,0.5,1,1,GGATCAGGAATGTATACAGT,0,4346959
yadI_predicted,0.5,1,1,GGATCACGGTATCCCATCCA,0,4346963
yadI_predicted,0.5,1,1,GGATACTTCATACCTGTTGC,0,4309201
yadI_predicted,0.5,1,1,GGATAATGATCAACGTACAT,0,4284263
yadI_predicted,0.5,1,1,GGATAATGAATATCTGGACG,0,4319712
yadI_predicted,0.5,1,1,GGATAAGCTTTTGTGACAAA,0,4319259
yadI_predicted,0.5,1,1,GGAGTTGATACAGGACAAAA,0,4364347
yadI_predicted,0.5,1,1,GGAGTGAATGCTCGTAATTA,0,4334474
yadI_predicted,0.5,1,1,GGAGTAATTGACATATTTCT,0,4336871
yadI_predicted,0.5,1,1,GGAGGTTGATCCGTGAGAAA,0,4307820
yadI_predicted,0.5,1,1,GGAGGTTATGACTCCGTTCT,0,4340059
yadI_predicted,0.5,1,1,GGAGGACGCTGCTCCTTCAG,0,4319867
yadI_predicted,0.5,1,1,GGAGCTATGCTGATCAATCA,0,4317323
yadI_predicted,0.5,1,1,GGAGCGTGCCGCCGCTCGTA,0,4334713
yadI_predicted,0.5,1,1,GGAGCAGGTCAAGCAGCGGG,0,4366741
yadI_predicted,0.5,1,1,GGAGATTAAAACATAGCCTA,0,4353264
yadI_predicted,0.5,1,1,GGAGAAATTGATTATGCACT,0,4354640
yadI_predicted,0.5,1,1,GGACTGCAACAAGGAACTAC,0,4346024
yadI_predicted,0.5,1,1,GGACTCTGTACGACCTCTGT,0,4343934
yadI_predicted,0.5,1,1,GGACGTCTGATTTGCTTGCC,0,4292292
yadI_predicted,0.5,1,1,GGACGCCTTTGGCGCGGCAA,0,4360002
yadI_predicted,0.5,1,1,GGACCGGCGGTCCGCATTAT,0,4286455
yadI_predicted,0.5,1,1,GGACAGTTTGGTTGGTTAAG,0,4337811
yadI_predicted,0.5,1,1,GGACAGTTCATTGCAAAGCC,0,4294566
yadI_predicted,0.5,1,1,GGACACATCCCTGAAGATGA,0,4344930
yadI_predicted,0.5,1,1,GGAATTTTGATGGTCTGATT,0,4351609
yadI_predicted,0.5,1,1,GGAATAATGGCTACGAGAGG,0,4321707
yadI_predicted,0.5,1,1,GGAAGTCGTAGTAAGATACT,0,4296790
yadI_predicted,0.5,1,1,GGAAGGTCAACTGTCTATAG,0,4287087
yadI_predicted,0.5,1,1,GGAAGATACGGCGCGTTAGT,0,4329874
yadI_predicted,0.5,1,1,GGAAGACAGTTCCGTAACCG,0,4368575
yadI_predicted,0.5,1,1,GGAACTATCGCCCATATGAT,0,4321107
yadI_predicted,0.5,1,1,GGAACATCAGAATTCGGCCC,0,4355129
yadI_predicted,0.5,1,1,GGAAATGTTAATGCCGCGCT,0,4328453
yadI_predicted,0.5,1,1,GGAAATGGCGGTGCGCCGCT,0,4284310
yadI_predicted,0.5,1,1,GGAAATGCACTTCTGCGCGA,0,4332669
yadI_predicted,0.5,1,1,GGAAACCTAAGCGGCTTGAA,0,4330681
yadI_predicted,0.5,1,1,GGAAAATGCGGATATAGTTG,0,4353253
yadI_predicted,0.5,1,1,GCTTTGCGATTAAGTGAAGG,0,4322894
yadI_predicted,0.5,1,1,GCTTTCCCTGAAAGCTAGAG,0,4366418
yadI_predicted,0.5,1,1,GCTTGCTAATACCGGTGGAA,0,4290879
yadI_predicted,0.5,1,1,GCTTGCGGTATAGAGGGATT,0,4300513
yadI_predicted,0.5,1,1,GCTTGATTTCCGCGCGAAGC,0,4365589
yadI_predicted,0.5,1,1,GCTTATCCGTATCCCGGAAG,0,4340674
yadI_predicted,0.5,1,1,GCTTACGAGGGCTAGGGTCT,0,4355857
yadI_predicted,0.5,1,1,GCTGTTTGTTAACTGCGTCG,0,4295987
yadI_predicted,0.5,1,1,GCTGTAATGGTCGTCAGAGC,0,4351735
yadI_predicted,0.5,1,1,GCTGGCGTGTAACCTAATAT,0,4304433
yadI_predicted,0.5,1,1,GCTGGACAGAGGCAACCACA,0,4311209
yadI_predicted,0.5,1,1,GCTGCTAATGGTTCCCCTCT,0,4360187
yadI_predicted,0.5,1,1,GCTGATACTTTAAGACGCCA,0,4305630
yadI_predicted,0.5,1,1,GCTGAGATGATACTCGTGGG,0,4308325
yadI_predicted,0.5,1,1,GCTGACAGGTTTTAGAACCT,0,4324205
yadI_predicted,0.5,1,1,GCTCTTTCCGTCATAAGTCC,0,4317848
yadI_predicted,0.5,1,1,GCTCTTTAATTGGGATAGCA,0,4344423
yadI_predicted,0.5,1,1,GCTCTTGGTCCTGCTCTTTC,0,4339836
yadI_predicted,0.5,1,1,GCTCTATTCGTACCACTCGC,0,4318012
yadI_predicted,0.5,1,1,GCTCGTGAATGCCCGAAAGG,0,4311742
yadI_predicted,0.5,1,1,GCTCGCGCTTCGAGGTTTGA,0,4325973
yadI_predicted,0.5,1,1,GCTCGCCTTTAAAAAAGTTG,0,4369723
yadI_predicted,0.5,1,1,GCTCGATAGCACAGGCGAAT,0,4318313
yadI_predicted,0.5,1,1,GCTCGAAAGTCAAGGAAGGA,0,4364139
yadI_predicted,0.5,1,1,GCTCCTAACTATTTGACAAT,0,4300272
yadI_predicted,0.5,1,1,GCTCCGGACTGCGATATCTT,0,4294279
yadI_predicted,0.5,1,1,GCTCCGATATCTCTCGACGT,0,4338722
yadI_predicted,0.5,1,1,GCTCATAAGATAGTTTCCGC,0,4301295
yadI_predicted,0.5,1,1,GCTCAATTGTCACAGCGCTA,0,4327658
yadI_predicted,0.5,1,1,GCTCAAGGTGCCCAACGGTG,0,4305208
yadI_predicted,0.5,1,1,GCTCAAGAGTGAACTAGGCC,0,4318207
yadI_predicted,0.5,1,1,GCTATGTATAAAGATCTGGT,0,4311319
yadI_predicted,0.5,1,1,GCTATAAAGGTGAGGAACGG,0,4350887
yadI_predicted,0.5,1,1,GCTAGAAACTACAGGGTATT,0,4369602
yadI_predicted,0.5,1,1,GCTACGTTTATGACAGAGGG,0,4297464
yadI_predicted,0.5,1,1,GCTACGATCATTTGGAGAAC,0,4326019
yadI_predicted,0.5,1,1,GCTACAGGGGGATCGTAGTC,0,4326063
yadI_predicted,0.5,1,1,GCTAACGTCCACGAAAAGGT,0,4348786
yadI_predicted,0.5,1,1,GCGTTTTAGGGGCATACACA,0,4314107
yadI_predicted,0.5,1,1,GCGTTATAGTCACGGGTTCA,0,4361088
yadI_predicted,0.5,1,1,GCGTTAATCGTTTGCTAAGG,0,4321476
yadI_predicted,0.5,1,1,GCGTTAAACCGGAGTATTGG,0,4299555
yadI_predicted,0.5,1,1,GCGTGGTCATATTCACCTCT,0,4286306
yadI_predicted,0.5,1,1,GCGTGGGAAATCCATTTAAG,0,4294665
yadI_predicted,0.5,1,1,GCGTGACGTCACTTAACAGA,0,4359431
yadI_predicted,0.5,1,1,GCGTCGATGATGCAGGACGA,0,4347089
yadI_predicted,0.5,1,1,GCGGTGTTAAACGCCTACGT,0,4320735
yadI_predicted,0.5,1,1,GCGGTCTTTCCGGAATGTTT,0,4306172
yadI_predicted,0.5,1,1,GCGGGGGTCTTGCGCGCCGG,0,4299600
yadI_predicted,0.5,1,1,GCGGGGGCGAACTAAACTCT,0,4295377
yadI_predicted,0.5,1,1,GCGGGCTCACTCGCTTTCCT,0,4295762
yadI_predicted,0.5,1,1,GCGGGCGCTGCGTTAGACGC,0,4367337
yadI_predicted,0.5,1,1,GCGGGCCCCCTGGCACGCAT,0,4352931
yadI_predicted,0.5,1,1,GCGGGCCACGTGGCCGACGA,0,4303678
yadI_predicted,0.5,1,1,GCGGGCAATAGTACTACCTC,0,4304458
yadI_predicted,0.5,1,1,GCGGGCAACATACTAAGCAG,0,4337514
yadI_predicted,0.5,1,1,GCGGGAACGAGATAATGTGT,0,4356650
yadI_predicted,0.5,1,1,GCGGCAGGTGCAAGCGTCAA,0,4347100
yadI_predicted,0.5,1,1,GCGGAGGATCGGATCACAAT,0,4335927
yadI_predicted,0.5,1,1,GCGGACAATCTGGTCTGACG,0,4293289
yadI_predicted,0.5,1,1,GCGGAATTTAGTCCTATATG,0,4290034
yadI_predicted,0.5,1,1,GCGGAAGGTGCGCATTGATG,0,4367785
yadI_predicted,0.5,1,1,GCGCTTCGAAGATGAGTGCG,0,4342066
yadI_predicted,0.5,1,1,GCGCTTCCCGCGCGTTATAG,0,4334351
yadI_predicted,0.5,1,1,GCGCTGGAGCCCAAATCATC,0,4347976
yadI_predicted,0.5,1,1,GCGCTGCTTGGGCACGTAGG,0,4367234
yadI_predicted,0.5,1,1,GCGCTGATTGAATAACGCAT,0,4308767
yadI_predicted,0.5,1,1,GCGCTATATCGTCGCCACAA,0,4352787
yadI_predicted,0.5,1,1,GCGCTAGTCAAGGGGACACC,0,4361930
yadI_predicted,0.5,1,1,GCGCGTTCACTGTCGTAACA,0,4365696
yadI_predicted,0.5,1,1,GCGCGGTTCCTGCGTCATTT,0,4296735
yadI_predicted,0.5,1,1,GCGCGGTGATCTCATCATTA,0,4319891
yadI_predicted,0.5,1,1,GCGCGGGTACAGTTATTGAA,0,4348875
yadI_predicted,0.5,1,1,GCGCGCCGCGTGATCAATTC,0,4365185
yadI_predicted,0.5,1,1,GCGCGCATCGGCAGTACCTG,0,4316732
yadI_predicted,0.5,1,1,GCGCCTCGCCCAACAATAGC,0,4297281
yadI_predicted,0.5,1,1,GCGCAGCCAGATGCCGCTCA,0,4284774
yadI_predicted,0.5,1,1,GCGCAACTTCGTACCATGCT,0,4300422
yadI_predicted,0.5,1,1,GCGATTATAGGACATTCCCT,0,4337016
yadI_predicted,0.5,1,1,GCGATGGGAAAATGGAGCAG,0,4329474
yadI_predicted,0.5,1,1,GCGAGGACAGCAGTCCGGCA,0,4301561
yadI_predicted,0.5,1,1,GCGAGACTTGGTGTAAAGTG,0,4300573
yadI_predicted,0.5,1,1,GCGACCTCAGGATGGTGGCT,0,4364074
yadI_predicted,0.5,1,1,GCGACCAGTATGATAGAATA,0,4300861
yadI_predicted,0.5,1,1,GCGAAAGTCCTCGCTAGCGC,0,4309127
yadI_predicted,0.5,1,1,GCGAAACTATTGGCATTGTT,0,4295751
yadI_predicted,0.5,1,1,GCCTTGGACGTATTCACGGA,0,4294841
yadI_predicted,0.5,1,1,GCCTTATGTCCCGAAGGCAC,0,4354050
yadI_predicted,0.5,1,1,GCCTTATCAGTCACTTAGGT,0,4350288
yadI_predicted,0.5,1,1,GCCTTAGCGTACTCTGCGTG,0,4368675
yadI_predicted,0.5,1,1,GCCTTACGGATGGTCAGGAA,0,4335794
yadI_predicted,0.5,1,1,GCCTTAAGCATCCAATGGTT,0,4355059
yadI_predicted,0.5,1,1,GCCTGTCAGACTCTACCATG,0,4330915
yadI_predicted,0.5,1,1,GCCTGTACTACGCGTTACCG,0,4350775
yadI_predicted,0.5,1,1,GCCTGTAAGGCTATCATGGT,0,4315621
yadI_predicted,0.5,1,1,GCCTGGGGGGTATACTGACG,0,4333276
yadI_predicted,0.5,1,1,GCCTGGCTGAGGGTATGTTC,0,4363118
yadI_predicted,0.5,1,1,GCCTGGATTATTAGCTTTTA,0,4329310
yadI_predicted,0.5,1,1,GCCTGATTGTAACAACTCTT,0,4286587
yadI_predicted,0.5,1,1,GCCTCGCAGCCCGACCGGCC,0,4321750
yadI_predicted,0.5,1,1,GCCTAGTCCACCTGCTCCCA,0,4306327
yadI_predicted,0.5,1,1,GCCTAATGGTCGTTAAAGGC,0,4339428
yadI_predicted,0.5,1,1,GCCTAAGCATGCAGTATGCA,0,4314420
yadI_predicted,0.5,1,1,GCCTAAATCGATAGTTAACA,0,4290658
yadI_predicted,0.5,1,1,GCCGTGAGACGAGCTCGTCC,0,4349731
yadI_predicted,0.5,1,1,GCCGTCGTGTGGGCTTCAGG,0,4338591
yadI_predicted,0.5,1,1,GCCGTCCGGCGCGCCGCATA,0,4299601
yadI_predicted,0.5,1,1,GCCGTACCAAACCGGGCCAC,0,4367850
yadI_predicted,0.5,1,1,GCCGGGTGGTCATGGCACAC,0,4358525
yadI_predicted,0.5,1,1,GCCGCCATCCCGGCAGGGCG,0,4299469
yadI_predicted,0.5,1,1,GCCGATGGCGAGAGCGTCAG,0,4292732
yadI_predicted,0.5,1,1,GCCGAGATGCCACATTTTGC,0,4362105
yadI_predicted,0.5,1,1,GCCGACTCATCCGAGCAAAA,0,4291353
yadI_predicted,0.5,1,1,GCCCTAGTGAATGTCAATGA,0,4350523
yadI_predicted,0.5,1,1,GCCCGTATGAACATTACATA,0,4287071
yadI_predicted,0.5,1,1,GCCCGCATTGCACTCATGCT,0,4296079
yadI_predicted,0.5,1,1,GCCCGCAGTGGCCTGTCACG,0,4303307
yadI_predicted,0.5,1,1,GCCCGAACTCAGTGTATGTT,0,4349772
yadI_predicted,0.5,1,1,GCCCCTAATCTTGAAGCACA,0,4295171
yadI_predicted,0.5,1,1,GCCATTGGGTAGGCCTCGCG,0,4329106
yadI_predicted,0.5,1,1,GCCATTCCGCTTACTCTAGG,0,4286726
yadI_predicted,0.5,1,1,GCCATAGCGCGCGGCCAGAC,0,4305515
yadI_predicted,0.5,1,1,GCCAGGCACAGCTTTGCTTC,0,4352867
yadI_predicted,0.5,1,1,GCCAGCTTCCGATAAACAGC,0,4308243
yadI_predicted,0.5,1,1,GCCAGAGCAGGCAGTTGACA,0,4288175
yadI_predicted,0.5,1,1,GCCAATGTGAAAACAAGGTT,0,4316432
yadI_predicted,0.5,1,1,GCCAACTGGGCGCTCAAGAG,0,4331893
yadI_predicted,0.5,1,1,GCATTGTCTTCTTCGGTATC,0,4312534
yadI_predicted,0.5,1,1,GCATTGGGTTTCAAAGGGAC,0,4361607
yadI_predicted,0.5,1,1,GCATTATCTGTACCGTTCAT,0,4329342
yadI_predicted,0.5,1,1,GCATGGTCTTTAGTTAATTT,0,4342896
yadI_predicted,0.5,1,1,GCATGGCAAGCAAAACTTAC,0,4363821
yadI_predicted,0.5,1,1,GCATGGACGCTCTGAGATAG,0,4336676
yadI_predicted,0.5,1,1,GCATGCCCCGTGCCCCACGC,0,4330671
yadI_predicted,0.5,1,1,GCATGAGGATCCCAGTTGTA,0,4313513
yadI_predicted,0.5,1,1,GCATCGAGCCGTTTAGAAAG,0,4352385
yadI_predicted,0.5,1,1,GCATCGAAAGATGAGTAAAC,0,4290244
yadI_predicted,0.5,1,1,GCATCATGCGCGCAATGCGG,0,4347569
yadI_predicted,0.5,1,1,GCATAGCCAGATGAACGAAT,0,4357961
yadI_predicted,0.5,1,1,GCAGTCTTGTTTAAGCAGGG,0,4291448
yadI_predicted,0.5,1,1,GCAGGTATAGTGATGCGCGC,0,4314645
yadI_predicted,0.5,1,1,GCAGGATACTCAGTATTCTA,0,4291771
yadI_predicted,0.5,1,1,GCAGCTTTGGGTAATAGTTA,0,4314678
yadI_predicted,0.5,1,1,GCAGCTTGTCGTTGCAATCG,0,4323414
yadI_predicted,0.5,1,1,GCAGCTTCACCATGACAGAG,0,4294263
yadI_predicted,0.5,1,1,GCAGCGACTTTAATACTCTT,0,4358774
yadI_predicted,0.5,1,1,GCAGAGGCATGGGGTCAGTT,0,4346222
yadI_predicted,0.5,1,1,GCAGACCTAGCATCACATGG,0,4288008
yadI_predicted,0.5,1,1,GCAGAATTGGCTCCGGTCGG,0,4285652
yadI_predicted,0.5,1,1,GCACTCTAAATGGCTAGTGT,0,4294405
yadI_predicted,0.5,1,1,GCACTATGTCCCAGGCGTAA,0,4306685
yadI_predicted,0.5,1,1,GCACGGTGTCGAGACGAGCA,0,4333553
yadI_predicted,0.5,1,1,GCACGGAGAATTGTGGTGAA,0,4297222
yadI_predicted,0.5,1,1,GCACCATGCGCGTATGAAGT,0,4352921
yadI_predicted,0.5,1,1,GCACCACTTTTCGCAACAGG,0,4349700
yadI_predicted,0.5,1,1,GCACATCGGACTCAAGGGTG,0,4298086
yadI_predicted,0.5,1,1,GCACAGGCTGCGGGACTAGA,0,4341727
yadI_predicted,0.5,1,1,GCACACTCCCTCCGAGCTTT,0,4301008
yadI_predicted,0.5,1,1,GCAATGTGCAGAAGAACAGC,0,4297766
yadI_predicted,0.5,1,1,GCAATCGGCCTTAGCAAGTG,0,4312845
yadI_predicted,0.5,1,1,GCAATACGCCACAGTCGTCC,0,4358808
yadI_predicted,0.5,1,1,GCAAGGTTCATTTTGCGCAG,0,4350202
yadI_predicted,0.5,1,1,GCAAGCTGGTTCGCTAAGCC,0,4336083
yadI_predicted,0.5,1,1,GCAAGAGCGGGCAGCATAAA,0,4350209
yadI_predicted,0.5,1,1,GCAACGGTGCCGAAATCTCA,0,4319220
yadI_predicted,0.5,1,1,GCAACGCGTGATGCAGTTAG,0,4321958
yadI_predicted,0.5,1,1,GCAAATTCAAGCACCAATCG,0,4364539
yadI_predicted,0.5,1,1,GCAAACAGCCTAGGATCAAT,0,4307537
yadI_predicted,0.5,1,1,GCAAAACGTATCACGTACCG,0,4343127
yadI_predicted,0.5,1,1,GATTTGAATTGCTTAAGTCC,0,4284269
yadI_predicted,0.5,1,1,GATTTCGAGGATGTCCTACA,0,4284953
yadI_predicted,0.5,1,1,GATTTATGTGAATAAGCGCA,0,4345102
yadI_predicted,0.5,1,1,GATTGTGATCGCTCTCCAGT,0,4358520
yadI_predicted,0.5,1,1,GATTCTCTCACTGATTGCGA,0,4363412
yadI_predicted,0.5,1,1,GATTCTCCCATAGCCCGTCC,0,4310702
yadI_predicted,0.5,1,1,GATTCTAAGTTAGACAAGGC,0,4294468
yadI_predicted,0.5,1,1,GATTCGCTATCGGCGGCGTC,0,4306414
yadI_predicted,0.5,1,1,GATTCATCGCATTATCCCTA,0,4335505
yadI_predicted,0.5,1,1,GATTATAGGTCCCAGGTTTG,0,4312177
yadI_predicted,0.5,1,1,GATGTTGCAGGAAAACCTAA,0,4298762
yadI_predicted,0.5,1,1,GATGTGTAAAGATCTTCAGC,0,4316733
yadI_predicted,0.5,1,1,GATGTGCTCCGTAGTATCTT,0,4310025
yadI_predicted,0.5,1,1,GATGTGCGTCCGAAGGGGAG,0,4329122
yadI_predicted,0.5,1,1,GATGTGAACGTTTATTCTGA,0,4357129
yadI_predicted,0.5,1,1,GATGTACGCCAGGGTTACTT,0,4299782
yadI_predicted,0.5,1,1,GATGGCTCGGACGACCGCCA,0,4290778
yadI_predicted,0.5,1,1,GATGGCCAACGCAGATTGCT,0,4293358
yadI_predicted,0.5,1,1,GATGCTTGAGACTTTCGGGT,0,4341744
yadI_predicted,0.5,1,1,GATGCGGCGGTTAACGGCTT,0,4347324
yadI_predicted,0.5,1,1,GATGCAGGTCCTGATCCGGT,0,4357142
yadI_predicted,0.5,1,1,GATGACATGGCGTGTGGTGC,0,4298396
yadI_predicted,0.5,1,1,GATGACAGTCCACGGATGCC,0,4328548
yadI_predicted,0.5,1,1,GATGAAGCGCGGCAGGTTCA,0,4312097
yadI_predicted,0.5,1,1,GATCTGTTAAGCGGAGTTGT,0,4360007
yadI_predicted,0.5,1,1,GATCTGCTTCTTGTGACTAA,0,4351262
yadI_predicted,0.5,1,1,GATCTCTCGCTGTAAGCAGC,0,4294683
yadI_predicted,0.5,1,1,GATCTCAGCTATTGTTGAGA,0,4319245
yadI_predicted,0.5,1,1,GATCGTTTACTAACTCGCGC,0,4317475
yadI_predicted,0.5,1,1,GATCGTAGACTTCGTAGCTT,0,4320956
yadI_predicted,0.5,1,1,GATCGGAGAGATAGGAAATA,0,4291666
yadI_predicted,0.5,1,1,GATCGAGCGTATCACCTAGG,0,4298481
yadI_predicted,0.5,1,1,GATCCGATAGCTTGGAGCTG,0,4362676
yadI_predicted,0.5,1,1,GATCCCATCCACAGCTTATA,0,4350894
yadI_predicted,0.5,1,1,GATCCATGGAAACCGCTGAC,0,4357622
yadI_predicted,0.5,1,1,GATCCACGCGAATTCTTTAC,0,4303178
yadI_predicted,0.5,1,1,GATCACGCGATATGGCACAC,0,4363885
yadI_predicted,0.5,1,1,GATATCAACTACGGATAAAT,0,4291476
yadI_predicted,0.5,1,1,GATATAATAACGCAGAAAAC,0,4352254
yadI_predicted,0.5,1,1,GATAGTCGAGGGTAGCTGGT,0,4294656
yadI_predicted,0.5,1,1,GATAGACTGGCAAGAGACTG,0,4312044
yadI_predicted,0.5,1,1,GATACTGGTCGTTGCAAGGG,0,4325348
yadI_predicted,0.5,1,1,GATACAGGGGGGTAACATTA,0,4307714
yadI_predicted,0.5,1,1,GATAATTCGACCAGTCGCGT,0,4305525
yadI_predicted,0.5,1,1,GATAAGGCTACTTCAGTTGG,0,4306500
yadI_predicted,0.5,1,1,GATAAGCTTTTATATTGGGG,0,4326299
yadI_predicted,0.5,1,1,GAGTTCGGAACTCGTGACAA,0,4299193
yadI_predicted,0.5,1,1,GAGTTACATCGCTTACTAGC,0,4326354
yadI_predicted,0.5,1,1,GAGTTAAGCATCTCTCCGTA,0,4342241
yadI_predicted,0.5,1,1,GAGTGTCAGATCGACCGTCC,0,4288108
yadI_predicted,0.5,1,1,GAGTGGGCCATGCGTACCTT,0,4332332
yadI_predicted,0.5,1,1,GAGTGCTGAATAGTCGGTTC,0,4284247
yadI_predicted,0.5,1,1,GAGTGCATTATGTTTTTAGT,0,4360537
yadI_predicted,0.5,1,1,GAGTGAGGCCCTTGCTAGAG,0,4349398
yadI_predicted,0.5,1,1,GAGTGACAAGCAAACAATTT,0,4351727
yadI_predicted,0.5,1,1,GAGTCTGGTTACCGAAACAC,0,4294520
yadI_predicted,0.5,1,1,GAGTCATCATAACCGCGCGG,0,4316983
yadI_predicted,0.5,1,1,GAGTCAAGCGATGGTCATTA,0,4358417
yadI_predicted,0.5,1,1,GAGTATGATGAACAAGGGTC,0,4356312
yadI_predicted,0.5,1,1,GAGTACGGAGGGTGACAGAT,0,4296788
yadI_predicted,0.5,1,1,GAGTACGGAACTGAACCTCC,0,4322552
yadI_predicted,0.5,1,1,GAGGTCGCATCACGCTGGCG,0,4287004
yadI_predicted,0.5,1,1,GAGGGGGGTTCAGGTGATTA,0,4310951
yadI_predicted,0.5,1,1,GAGGGGCATTCAGCGCCCGT,0,4304856
yadI_predicted,0.5,1,1,GAGGGCTTAGGCAAGATGAT,0,4325480
yadI_predicted,0.5,1,1,GAGGCCTTGGTAGCAAAGTA,0,4289387
yadI_predicted,0.5,1,1,GAGGAGTATATCTGCCGCAT,0,4345114
yadI_predicted,0.5,1,1,GAGGAGAGGGAAACCTCCGT,0,4298082
yadI_predicted,0.5,1,1,GAGGACACTGGAAAATGAAA,0,4302121
yadI_predicted,0.5,1,1,GAGCTATATCAACCGAAAGG,0,4342305
yadI_predicted,0.5,1,1,GAGCGGGGGTACTGGTAGTT,0,4325791
yadI_predicted,0.5,1,1,GAGCGCTCGCACAATAGCAG,0,4360448
yadI_predicted,0.5,1,1,GAGCCGCATGACTCAGCACT,0,4338512
yadI_predicted,0.5,1,1,GAGCCCGAGGTTAAGTTGAG,0,4309605
yadI_predicted,0.5,1,1,GAGATTAGTCGTAAGATTTG,0,4301082
yadI_predicted,0.5,1,1,GAGATGGGCAAAAGTGAGCA,0,4321513
yadI_predicted,0.5,1,1,GAGATCGTCTCCTAGGATAG,0,4355335
yadI_predicted,0.5,1,1,GAGAGGCGCCGAGGAAGCGA,0,4335922
yadI_predicted,0.5,1,1,GAGACTCCAGTTCACATAGA,0,4323650
yadI_predicted,0.5,1,1,GAGACAGCGAGCGCTATCTC,0,4332464
yadI_predicted,0.5,1,1,GAGACAGATGTCATAACAAC,0,4321605
yadI_predicted,0.5,1,1,GAGAATCACGGGAGATACTA,0,4310344
yadI_predicted,0.5,1,1,GAGAACGTACCCTCTGTAAT,0,4347211
yadI_predicted,0.5,1,1,GACTTCTCTTGGTGTTTCGA,0,4319607
yadI_predicted,0.5,1,1,GACTTCACGTCTCTCTTAAC,0,4300457
yadI_predicted,0.5,1,1,GACTGGTGATGGTTAGTCAA,0,4304854
yadI_predicted,0.5,1,1,GACTGCGGTCAAATCAGTTA,0,4351442
yadI_predicted,0.5,1,1,GACTGCATCAAGTGTACGCA,0,4364826
yadI_predicted,0.5,1,1,GACTCGTAGCCTCAAGCTCC,0,4329317
yadI_predicted,0.5,1,1,GACTCAGCTTTACTATGTTG,0,4338628
yadI_predicted,0.5,1,1,GACTACCTCAGAGAGTACTT,0,4293769
yadI_predicted,0.5,1,1,GACTACATGACAGCACACTA,0,4316588
yadI_predicted,0.5,1,1,GACGTGAGATACATTCGACC,0,4317615
yadI_predicted,0.5,1,1,GACGTATAGCTTTCTGACTA,0,4297599
yadI_predicted,0.5,1,1,GACGGCTCGTTATTAGACTT,0,4325771
yadI_predicted,0.5,1,1,GACGGCCACCTGAGGTTTAA,0,4344709
yadI_predicted,0.5,1,1,GACGCGGCCAGAAAGAAATC,0,4286717
yadI_predicted,0.5,1,1,GACGCGCGATCTCAGTCCTG,0,4361881
yadI_predicted,0.5,1,1,GACGATGCTAGCACCGACTT,0,4366776
yadI_predicted,0.5,1,1,GACCTGTGTCTGACTCTTTC,0,4352817
yadI_predicted,0.5,1,1,GACCTGTCCAAGGTGACCCA,0,4331518
yadI_predicted,0.5,1,1,GACCTGATAACTCCGGAGCA,0,4342096
yadI_predicted,0.5,1,1,GACCTCAAGTTAACTTGTTC,0,4337357
yadI_predicted,0.5,1,1,GACCTAAACCGGCTTGTGGC,0,4290257
yadI_predicted,0.5,1,1,GACCGGTTGGTTTTTAAGAC,0,4302298
yadI_predicted,0.5,1,1,GACCCTACGGGGAAAATCAT,0,4337919
yadI_predicted,0.5,1,1,GACCCCACTTGATCAGAAGG,0,4331675
yadI_predicted,0.5,1,1,GACCCCAATAGTTGAGGGCA,0,4325629
yadI_predicted,0.5,1,1,GACATTGCGTCGGGGACTAG,0,4314200
yadI_predicted,0.5,1,1,GACATTAGTTTAAGTTCTGT,0,4342920
yadI_predicted,0.5,1,1,GACATGTCCATCCAAGGTCA,0,4304528
yadI_predicted,0.5,1,1,GACACCTATTTCGGCTGTAC,0,4349995
yadI_predicted,0.5,1,1,GACACCAGTGCGCGGCTTTT,0,4330413
yadI_predicted,0.5,1,1,GACAATTTTATCTAGTAAAC,0,4352128
yadI_predicted,0.5,1,1,GACAAGGACCTACGAGACAC,0,4316461
yadI_predicted,0.5,1,1,GAATTTGCCGCCTTCAGTTT,0,4315605
yadI_predicted,0.5,1,1,GAATTTAGTAATATGGATGA,0,4309006
yadI_predicted,0.5,1,1,GAATGAAGTCAGCCCTGATG,0,4341528
yadI_predicted,0.5,1,1,GAATCTCACATAGATACCCC,0,4315369
yadI_predicted,0.5,1,1,GAATCGGCGTCGGGCGCGTG,0,4290678
yadI_predicted,0.5,1,1,GAATCGCGAGAAGTGGTCTC,0,4361556
yadI_predicted,0.5,1,1,GAATCAGGAATCACCGAAAG,0,4323955
yadI_predicted,0.5,1,1,GAATATCCTGCCTTACATGT,0,4335319
yadI_predicted,0.5,1,1,GAATACGGGCGGGTCTGGAG,0,4353138
yadI_predicted,0.5,1,1,GAAGTTTAAACAGGGTCTTG,0,4366952
yadI_predicted,0.5,1,1,GAAGTTGCGGCGTCCTTTCA,0,4292667
yadI_predicted,0.5,1,1,GAAGTTACAATACAGGGGTT,0,4329892
yadI_predicted,0.5,1,1,GAAGTGCCGTCTCCTGTCAC,0,4321455
yadI_predicted,0.5,1,1,GAAGTCAACCAAGCTTAAGT,0,4344176
yadI_predicted,0.5,1,1,GAAGGGAAGGTTGTAAAACC,0,4303669
yadI_predicted,0.5,1,1,GAAGGCTGCGCGTCGCCAGG,0,4365032
yadI_predicted,0.5,1,1,GAAGGCGTTCCAGTGCCACT,0,4324417
yadI_predicted,0.5,1,1,GAAGGCGTAGACTCAGCGTC,0,4348628
yadI_predicted,0.5,1,1,GAAGGAACGGTAGCTATATA,0,4348193
yadI_predicted,0.5,1,1,GAAGCTGTCCTGACAAGGTA,0,4288550
yadI_predicted,0.5,1,1,GAAGCTCGTGGCTACGCTCG,0,4344606
yadI_predicted,0.5,1,1,GAAGCTCACCTTCAAACGAA,0,4352512
yadI_predicted,0.5,1,1,GAAGCTATTAGTGTCGTACT,0,4326979
yadI_predicted,0.5,1,1,GAAGCTAATACTACCCCGAG,0,4307263
yadI_predicted,0.5,1,1,GAAGCGTGCTTAATAGTGAC,0,4363147
yadI_predicted,0.5,1,1,GAAGCGTAGGTCCCACGGAG,0,4337694
yadI_predicted,0.5,1,1,GAAGATATGCATAGTTAATT,0,4342119
yadI_predicted,0.5,1,1,GAAGACCGCGCGTGGGCGGA,0,4335104
yadI_predicted,0.5,1,1,GAAGACAGGACCGGGTTCTA,0,4302355
yadI_predicted,0.5,1,1,GAAGAATGGTCCGGCATGAA,0,4352999
yadI_predicted,0.5,1,1,GAACTTTCTCACCACTTTGG,0,4336732
yadI_predicted,0.5,1,1,GAACGGGTTATAAATTAGTT,0,4297709
yadI_predicted,0.5,1,1,GAACCTGCGGCTGAAAGGTC,0,4340146
yadI_predicted,0.5,1,1,GAACCGGTGATGGCTCATCG,0,4350167
yadI_predicted,0.5,1,1,GAACCCCGAAGAACCGTTCA,0,4296812
yadI_predicted,0.5,1,1,GAACCATAGCTGCGCTAGGT,0,4343032
yadI_predicted,0.5,1,1,GAACCAGCTACGTCTGTCGA,0,4364073
yadI_predicted,0.5,1,1,GAACACAAGAGACCTCACGG,0,4362088
yadI_predicted,0.5,1,1,GAACAAGCATACCGTATCAT,0,4315293
yadI_predicted,0.5,1,1,GAAATTCTCCGCACAGATAA,0,4339592
yadI_predicted,0.5,1,1,GAAATCGTGCTTTATTGTAC,0,4366713
yadI_predicted,0.5,1,1,GAAATCCGGGGTGACGTTGA,0,4336270
yadI_predicted,0.5,1,1,GAAATATATACGTTAGTGTG,0,4351295
yadI_predicted,0.5,1,1,GAAAGGTTCTAAGACCTCGT,0,4351744
yadI_predicted,0.5,1,1,GAAAGCTACGGGGAGGATTT,0,4299222
yadI_predicted,0.5,1,1,GAAAGACAGATGATATCGGA,0,4317121
yadI_predicted,0.5,1,1,GAAACTGTACGGTCAGCACT,0,4358868
yadI_predicted,0.5,1,1,GAAACACCAACCGTATATGT,0,4318787
yadI_predicted,0.5,1,1,CTTTTGCCGGGGATGCCACT,0,4314295
yadI_predicted,0.5,1,1,CTTTTACGTGTTTTACGTCA,0,4353219
yadI_predicted,0.5,1,1,CTTTCTTCTTCCAGCCGTGT,0,4332878
yadI_predicted,0.5,1,1,CTTTCATAGTCCTCGGTCGT,0,4339039
yadI_predicted,0.5,1,1,CTTGTACGATTATCACCGCA,0,4331287
yadI_predicted,0.5,1,1,CTTGGTTTTGCTAACGACCA,0,4324010
yadI_predicted,0.5,1,1,CTTGGTTAAATAGCCTAGCG,0,4337154
yadI_predicted,0.5,1,1,CTTGCCACGTACAGCCCTGG,0,4338651
yadI_predicted,0.5,1,1,CTTGCAGTTCAACATACGAG,0,4324834
yadI_predicted,0.5,1,1,CTTGAGGCCAGAACTATGAA,0,4359584
yadI_predicted,0.5,1,1,CTTGAAAGGCATTTTATGTG,0,4339270
yadI_predicted,0.5,1,1,CTTCTGGTAAATATCGGGCA,0,4341728
yadI_predicted,0.5,1,1,CTTCTGGCCTCAGTTGGCCA,0,4365874
yadI_predicted,0.5,1,1,CTTCTCGCGAATGCTCCCTG,0,4338890
yadI_predicted,0.5,1,1,CTTCTATGGTCCGACTTTGG,0,4327121
yadI_predicted,0.5,1,1,CTTCCTGTACCGCCACCACG,0,4348990
yadI_predicted,0.5,1,1,CTTCCTGGCACTGTGTATTT,0,4362715
yadI_predicted,0.5,1,1,CTTCACAAGATGACTTTCCG,0,4347998
yadI_predicted,0.5,1,1,CTTATCGGGATATTGCTGAT,0,4312458
yadI_predicted,0.5,1,1,CTTAGTTTTGGCAAGAGGTT,0,4343575
yadI_predicted,0.5,1,1,CTTAGTGCTGCGGGTAAGGA,0,4358235
yadI_predicted,0.5,1,1,CTTAGAGTATCACGGCCCGT,0,4325142
yadI_predicted,0.5,1,1,CTTAGAACTGCGGACTAGGT,0,4346332
yadI_predicted,0.5,1,1,CTTACCGGAGTCTGTCAAGG,0,4287929
yadI_predicted,0.5,1,1,CTTACCCGAACACCAATCCA,0,4317727
yadI_predicted,0.5,1,1,CTTAATGTAAGACGGGCGTG,0,4286064
yadI_predicted,0.5,1,1,CTTAAACTTACATCCTATGA,0,4321338
yadI_predicted,0.5,1,1,CTTAAACAAAGCCCACGGCA,0,4308118
yadI_predicted,0.5,1,1,CTGTTTGCTAAGATTACAGT,0,4346939
yadI_predicted,0.5,1,1,CTGTTAATAGGGGAGGTTCA,0,4299843
yadI_predicted,0.5,1,1,CTGTGTAATCTCAAAGCATC,0,4303600
yadI_predicted,0.5,1,1,CTGTGGGTAAGACTACCGTG,0,4320914
yadI_predicted,0.5,1,1,CTGTGCAGGCATATCAAAGT,0,4307830
yadI_predicted,0.5,1,1,CTGTGAAGGTCTCGTAGCTG,0,4367533
yadI_predicted,0.5,1,1,CTGTCTTATAGTCGCGGAGG,0,4343624
yadI_predicted,0.5,1,1,CTGTCACGGAGCCTGATCTA,0,4327927
yadI_predicted,0.5,1,1,CTGTATTCTCTGTTACCGTA,0,4310291
yadI_predicted,0.5,1,1,CTGTAGGATAGGTCCGGCGC,0,4291607
yadI_predicted,0.5,1,1,CTGTAAGAGCAGTCAAAGAA,0,4341239
yadI_predicted,0.5,1,1,CTGGTGTAGGAGTCTACTTC,0,4366433
yadI_predicted,0.5,1,1,CTGGTGGATCGTTTGTATTG,0,4327768
yadI_predicted,0.5,1,1,CTGGTAATAGCGGTATCAGT,0,4285346
yadI_predicted,0.5,1,1,CTGGGGTCGCTAGCTCCTCA,0,4360940
yadI_predicted,0.5,1,1,CTGGGAAACCTGTCCGCGGA,0,4289584
yadI_predicted,0.5,1,1,CTGGCTGACGTATGGGCGTG,0,4325344
yadI_predicted,0.5,1,1,CTGGCACGCCCCGCGTATAC,0,4358849
yadI_predicted,0.5,1,1,CTGCTTGTTCTTACAAATTT,0,4366968
yadI_predicted,0.5,1,1,CTGCTTGGAGTGGGGAGGAC,0,4354382
yadI_predicted,0.5,1,1,CTGCTTCCAATGCTTTTTAG,0,4353241
yadI_predicted,0.5,1,1,CTGCTCCGACTCGCACAGTT,0,4364359
yadI_predicted,0.5,1,1,CTGCTACTTCTTCACAATTC,0,4326238
yadI_predicted,0.5,1,1,CTGCTAAAGTTAGTGCTTGA,0,4303566
yadI_predicted,0.5,1,1,CTGCGGCGTTGTTTGACCTG,0,4310314
yadI_predicted,0.5,1,1,CTGCCTTATAGTAGTGCAGA,0,4298321
yadI_predicted,0.5,1,1,CTGCCTGGACAACAGCGCCG,0,4293064
yadI_predicted,0.5,1,1,CTGCCCTAGTATTAAGTATT,0,4296803
yadI_predicted,0.5,1,1,CTGCCCCGTACCGCGTCAGT,0,4308644
yadI_predicted,0.5,1,1,CTGCCCAACGACACGGGTGG,0,4366218
yadI_predicted,0.5,1,1,CTGCCATAACGGACAGCCTC,0,4332304
yadI_predicted,0.5,1,1,CTGCCAGATAAGTGACCGTA,0,4344491
yadI_predicted,0.5,1,1,CTGATGTAAGCCAAGTCAGG,0,4296905
yadI_predicted,0.5,1,1,CTGATCATAAGCACTCCGAC,0,4316815
yadI_predicted,0.5,1,1,CTGATCAGGCTACACGGGCT,0,4331532
yadI_predicted,0.5,1,1,CTGATCAACAGAGTACCATT,0,4364890
yadI_predicted,0.5,1,1,CTGATAGCAGGAAGCGGTGA,0,4351400
yadI_predicted,0.5,1,1,CTGATACTCCATTATTAGTT,0,4305455
yadI_predicted,0.5,1,1,CTGATACCCATATCGTATCC,0,4290471
yadI_predicted,0.5,1,1,CTGAGTACGTGTGAGTGTCC,0,4312889
yadI_predicted,0.5,1,1,CTGAGTAAAACAGTTGATTT,0,4334494
yadI_predicted,0.5,1,1,CTGAGGCGCTTATGAAAGAG,0,4357782
yadI_predicted,0.5,1,1,CTGACTACGCAATGAATGGG,0,4299132
yadI_predicted,0.5,1,1,CTGACCTGATGCCTTTCATA,0,4324526
yadI_predicted,0.5,1,1,CTCTTGTAGTGCCCATCATT,0,4294314
yadI_predicted,0.5,1,1,CTCTTGGATGAAAGTGGGTT,0,4289862
yadI_predicted,0.5,1,1,CTCTTCGTAAGAATTTCCAT,0,4327133
yadI_predicted,0.5,1,1,CTCTTAGAAAAACGGGCCAC,0,4336341
yadI_predicted,0.5,1,1,CTCTGTTGATATTAAAATAT,0,4303557
yadI_predicted,0.5,1,1,CTCTGCGTATCCCTATGAAA,0,4363937
yadI_predicted,0.5,1,1,CTCTGAATTGCAGATTTACA,0,4308235
yadI_predicted,0.5,1,1,CTCTCTCCTATCTCCCCTAA,0,4321651
yadI_predicted,0.5,1,1,CTCTATCCCGATGCCAGGTT,0,4294643
yadI_predicted,0.5,1,1,CTCTATCAGAGTAGAAATCA,0,4299053
yadI_predicted,0.5,1,1,CTCTACTTAGGTAATGATAA,0,4324402
yadI_predicted,0.5,1,1,CTCTAATTCAAGTGGCGGAG,0,4369371
yadI_predicted,0.5,1,1,CTCGTTTCACGATTCTGGAT,0,4289642
yadI_predicted,0.5,1,1,CTCGTGGCGGCATCCACACC,0,4356965
yadI_predicted,0.5,1,1,CTCGTGCAGGTTCCAGCGAT,0,4310083
yadI_predicted,0.5,1,1,CTCGTCTTCGTGTTGCGATC,0,4323113
yadI_predicted,0.5,1,1,CTCGTCGATACCGCGCTTAA,0,4358857
yadI_predicted,0.5,1,1,CTCGCGACCTCCATTTCCTC,0,4289725
yadI_predicted,0.5,1,1,CTCGATACTCAAAAGGCGCC,0,4301202
yadI_predicted,0.5,1,1,CTCGACCCTGAATAATCCGA,0,4343408
yadI_predicted,0.5,1,1,CTCCGTTGAGCGTATCCTTC,0,4367230
yadI_predicted,0.5,1,1,CTCCGTTCTGCGTGATAGGT,0,4357519
yadI_predicted,0.5,1,1,CTCCGACCACTTCTCCCCTA,0,4363043
yadI_predicted,0.5,1,1,CTCCCCGGTTTAACACAGGT,0,4366172
yadI_predicted,0.5,1,1,CTCCACGTATCAACCCATCA,0,4300128
yadI_predicted,0.5,1,1,CTCATTTCCTTGCATCGGGA,0,4358927
yadI_predicted,0.5,1,1,CTCAGGTTGGGGCGGTCAAT,0,4345283
yadI_predicted,0.5,1,1,CTCAGGCGCTAGTTCGGAAT,0,4365813
yadI_predicted,0.5,1,1,CTCAGCTAGCGGACACCCTA,0,4350197
yadI_predicted,0.5,1,1,CTCAGATACACGGAACTTCC,0,4313798
yadI_predicted,0.5,1,1,CTCAGAGGGTACGCGCAGTC,0,4367273
yadI_predicted,0.5,1,1,CTCACTGCAGTCCCTCGTCG,0,4363540
yadI_predicted,0.5,1,1,CTCACGTCATATTAGCAGAA,0,4296170
yadI_predicted,0.5,1,1,CTCACCAGCCCCCCATGGAG,0,4357462
yadI_predicted,0.5,1,1,CTCACATCATTTAATTTTGC,0,4348599
yadI_predicted,0.5,1,1,CTCACACAGTACTGAAAAAA,0,4359776
yadI_predicted,0.5,1,1,CTCAATACACACGTGGAGAA,0,4347848
yadI_predicted,0.5,1,1,CTCAAGGCGTTCGCCGATGG,0,4340260
yadI_predicted,0.5,1,1,CTATTTATTTGTCCCTCCTC,0,4368329
yadI_predicted,0.5,1,1,CTATTCCCGTGTCGCCCTCC,0,4293030
yadI_predicted,0.5,1,1,CTATTAGATAACTACGCACG,0,4288369
yadI_predicted,0.5,1,1,CTATGCGGTAGCGATGAGGT,0,4317399
yadI_predicted,0.5,1,1,CTATCTCGTACAAGATGGGC,0,4324707
yadI_predicted,0.5,1,1,CTATCGTGCGCAGTTTCAAC,0,4326985
yadI_predicted,0.5,1,1,CTATCGTGCATTTTTATGTG,0,4363801
yadI_predicted,0.5,1,1,CTATCATCGGTAACGTCAAG,0,4358921
yadI_predicted,0.5,1,1,CTATATACTCCGGTAAGTGC,0,4336283
yadI_predicted,0.5,1,1,CTATAAATTAACGGCTGCGA,0,4343402
yadI_predicted,0.5,1,1,CTAGTTCGAGATTCTGAGCT,0,4364627
yadI_predicted,0.5,1,1,CTAGTTATTTAGTGCTGGCG,0,4302161
yadI_predicted,0.5,1,1,CTAGTAGCCCGGCAGTCGTG,0,4369672
yadI_predicted,0.5,1,1,CTAGGGGTACGTCCGCTGTC,0,4297479
yadI_predicted,0.5,1,1,CTAGGGGGTGGTAGTCTTCC,0,4369914
yadI_predicted,0.5,1,1,CTAGGCTAAATCCTGCGGCT,0,4312425
yadI_predicted,0.5,1,1,CTAGGCAGTCGTCTGCGCCT,0,4346289
yadI_predicted,0.5,1,1,CTAGCTGCACCTAGTCTTGG,0,4366499
yadI_predicted,0.5,1,1,CTAGCCAAGCCTCCTCGTAT,0,4352055
yadI_predicted,0.5,1,1,CTAGCATAATGCTGCTTCCT,0,4337703
yadI_predicted,0.5,1,1,CTAGCAAAAAAGTCCACTGT,0,4296683
yadI_predicted,0.5,1,1,CTAGAGCCAGATTAGGGACC,0,4292166
yadI_predicted,0.5,1,1,CTAGAGAAAGGCGGTCAATG,0,4293392
yadI_predicted,0.5,1,1,CTAGACCGCTTTGCGGTGGT,0,4293620
yadI_predicted,0.5,1,1,CTACTGAACATGGATGAGGA,0,4333962
yadI_predicted,0.5,1,1,CTACGCTCTCCGTCTCGTTA,0,4308152
yadI_predicted,0.5,1,1,CTACCCGTTTGGATGTGTTG,0,4326300
yadI_predicted,0.5,1,1,CTACAGTGGCATTTACCAGT,0,4288914
yadI_predicted,0.5,1,1,CTACAGCAGGCCGTGTGGAA,0,4287586
yadI_predicted,0.5,1,1,CTACAATGCGGCTGGGCGCG,0,4321331
yadI_predicted,0.5,1,1,CTAATCTGGAGCGGTGGGCA,0,4330703
yadI_predicted,0.5,1,1,CTAATCTAGCGTGATATTGC,0,4316849
yadI_predicted,0.5,1,1,CTAATCCGTGCGAAATCATC,0,4299773
yadI_predicted,0.5,1,1,CTAAGTCCGTTCAGCACAAT,0,4307021
yadI_predicted,0.5,1,1,CTAAGTAGAAAACGCCTGTA,0,4302844
yadI_predicted,0.5,1,1,CTAAGTAAACCTCCAAATAT,0,4334651
yadI_predicted,0.5,1,1,CTAAGGCGATCTGACCGGGA,0,4287290
yadI_predicted,0.5,1,1,CTAAGCCGCTTCCAGAAGGG,0,4318319
yadI_predicted,0.5,1,1,CTAACTAACCTTGCCGTGGT,0,4291222
yadI_predicted,0.5,1,1,CTAACCTCACCGCGGGGGTG,0,4288907
yadI_predicted,0.5,1,1,CTAACCGAGAAGGTCGTACG,0,4309007
yadI_predicted,0.5,1,1,CTAACATTAGGCGCGCAATT,0,4308802
yadI_predicted,0.5,1,1,CTAACATATGAAAGTTCGAA,0,4299131
yadI_predicted,0.5,1,1,CTAACAACGCGGGGCAGTCT,0,4367118
yadI_predicted,0.5,1,1,CTAACAAACCATCGAGGGCT,0,4313237
yadI_predicted,0.5,1,1,CTAAAACCGTGCGCAGAGAT,0,4317760
yadI_predicted,0.5,1,1,CGTTTGGCAACATTTGGAGC,0,4299958
yadI_predicted,0.5,1,1,CGTTGGTCGTCAAACCTTGC,0,4313393
yadI_predicted,0.5,1,1,CGTTGGGTGGTGCGGGGTCT,0,4288490
yadI_predicted,0.5,1,1,CGTTGCGAACGGTGATCAGT,0,4358984
yadI_predicted,0.5,1,1,CGTTGCATATGACCCGGATA,0,4288098
yadI_predicted,0.5,1,1,CGTTCCAAGGACATGCGAAA,0,4346790
yadI_predicted,0.5,1,1,CGTTAGTAGAAGGGTCCCGA,0,4329924
yadI_predicted,0.5,1,1,CGTTAGATTCGTTATCAAGG,0,4296578
yadI_predicted,0.5,1,1,CGTTAAGTACGACGGAGAGG,0,4354048
yadI_predicted,0.5,1,1,CGTTAACTAGGGAACGGCAC,0,4303429
yadI_predicted,0.5,1,1,CGTGTTCGACCTGTGACTGG,0,4352127
yadI_predicted,0.5,1,1,CGTGTTATGATTGGAGCACC,0,4317026
yadI_predicted,0.5,1,1,CGTGTGCTCATACCTAACGA,0,4361890
yadI_predicted,0.5,1,1,CGTGCGGTCTTTCTCGCGAC,0,4304040
yadI_predicted,0.5,1,1,CGTGCGCATCTAGCACATCC,0,4325937
yadI_predicted,0.5,1,1,CGTGCCTCCCGTTTAGCCAG,0,4353691
yadI_predicted,0.5,1,1,CGTGATGTGCATACGCCTTA,0,4360597
yadI_predicted,0.5,1,1,CGTGATCTGATCGACTGAGA,0,4293890
yadI_predicted,0.5,1,1,CGTGAGCGAGTCTACCTTTT,0,4292521
yadI_predicted,0.5,1,1,CGTCTTTGTTTACTCTAAAA,0,4304340
yadI_predicted,0.5,1,1,CGTCTGGCAACCGCATTCAG,0,4299486
yadI_predicted,0.5,1,1,CGTCTGATGGACTAACTCGC,0,4355439
yadI_predicted,0.5,1,1,CGTCTATGCATGCAGTGACC,0,4304098
yadI_predicted,0.5,1,1,CGTCTAGTGGCAGAATGTCA,0,4298891
yadI_predicted,0.5,1,1,CGTCTAGCTTTCGTTGTCAT,0,4346504
yadI_predicted,0.5,1,1,CGTCTAGCGGATCGTGAAAT,0,4343326
yadI_predicted,0.5,1,1,CGTCGTCAGAAATGCATAAT,0,4309693
yadI_predicted,0.5,1,1,CGTCGTAGGAAAAGAGGACT,0,4302322
yadI_predicted,0.5,1,1,CGTCGAGCAAGTAAAGTCCA,0,4353142
yadI_predicted,0.5,1,1,CGTCCTCTAGAGCCGCAAAC,0,4306936
yadI_predicted,0.5,1,1,CGTCCTACGCAAGGGACCTT,0,4323913
yadI_predicted,0.5,1,1,CGTCCCACGGCTGAATAAGA,0,4316447
yadI_predicted,0.5,1,1,CGTCCAGGCTATGGCACATT,0,4296973
yadI_predicted,0.5,1,1,CGTCAGATGCCAATCATTCG,0,4335684
yadI_predicted,0.5,1,1,CGTATATTATGGTCAGAGTA,0,4319146
yadI_predicted,0.5,1,1,CGTAGTTTTAGCCCGCGCTG,0,4311171
yadI_predicted,0.5,1,1,CGTAGCCTGACCAGTGAAGT,0,4322607
yadI_predicted,0.5,1,1,CGTAGAGCTGGTACTGACTC,0,4316473
yadI_predicted,0.5,1,1,CGTAGACTTGTTGTTGAATG,0,4298319
yadI_predicted,0.5,1,1,CGTACTTGGAACCTCTCGAT,0,4310416
yadI_predicted,0.5,1,1,CGTAAGCGGGTCGCTGATAT,0,4364879
yadI_predicted,0.5,1,1,CGTAAGATACTTCCGATCCT,0,4339944
yadI_predicted,0.5,1,1,CGTAACCATTATGTCATGAT,0,4343525
yadI_predicted,0.5,1,1,CGTAAATTTTATATCATGAG,0,4284617
yadI_predicted,0.5,1,1,CGGTTTAGGGACGCGAGGAT,0,4298270
yadI_predicted,0.5,1,1,CGGTTGTTGGGGTGGCTCCG,0,4324174
yadI_predicted,0.5,1,1,CGGTTGCTTCCGTGCTTCCC,0,4339034
yadI_predicted,0.5,1,1,CGGTTCTCATGAATGCTCGC,0,4370075
yadI_predicted,0.5,1,1,CGGTGTATCTTGTTCTGGTT,0,4317971
yadI_predicted,0.5,1,1,CGGTGGGGGGGGGATGACCA,0,4342034
yadI_predicted,0.5,1,1,CGGTGCGCCCAGGGGAGATA,0,4320261
yadI_predicted,0.5,1,1,CGGTCGGGTTAGCTCCTTGA,0,4284705
yadI_predicted,0.5,1,1,CGGTATCTGGGTATGATAAT,0,4314696
yadI_predicted,0.5,1,1,CGGTAAAACATAGGAGAAAT,0,4341965
yadI_predicted,0.5,1,1,CGGGTTTGGGGGTTCTTGTG,0,4326091
yadI_predicted,0.5,1,1,CGGGTGGACAGGAGGCACGC,0,4295033
yadI_predicted,0.5,1,1,CGGGTATCATGGACTCTTCA,0,4333645
yadI_predicted,0.5,1,1,CGGGTAATAACAATGCTGGG,0,4322934
yadI_predicted,0.5,1,1,CGGGGTTTCAATCAGAATAT,0,4324948
yadI_predicted,0.5,1,1,CGGGGTAAAAGCCGTTAGGG,0,4368809
yadI_predicted,0.5,1,1,CGGGGGTGTAAAAGAACTTC,0,4317551
yadI_predicted,0.5,1,1,CGGGCGCGGCGTGACAGCGT,0,4348158
yadI_predicted,0.5,1,1,CGGGCGCGCATTGAAGTTTT,0,4334850
yadI_predicted,0.5,1,1,CGGGCACTCTGAACGTGTGC,0,4360691
yadI_predicted,0.5,1,1,CGGGAGTTTATTTTTGTGAG,0,4354169
yadI_predicted,0.5,1,1,CGGGAGCGTCACGGTGGAGT,0,4312641
yadI_predicted,0.5,1,1,CGGGAGACCGAAACCCACCC,0,4305333
yadI_predicted,0.5,1,1,CGGGAATGTTCATACCCAAG,0,4318358
yadI_predicted,0.5,1,1,CGGGAAAGTATCTTGTAGTC,0,4287788
yadI_predicted,0.5,1,1,CGGGAAAACATGCTCGCACC,0,4314912
yadI_predicted,0.5,1,1,CGGGAAAAAGGTCCCCGGTG,0,4336317
yadI_predicted,0.5,1,1,CGGCTTAGGCCTGTTTGTTA,0,4357333
yadI_predicted,0.5,1,1,CGGCTATAACTTTAGGCTAT,0,4303706
yadI_predicted,0.5,1,1,CGGCGGGGCGGGGAATGGAC,0,4350309
yadI_predicted,0.5,1,1,CGGCGGACATTTAACTCGCA,0,4360159
yadI_predicted,0.5,1,1,CGGCCGTTTCTCGGAACCAT,0,4304865
yadI_predicted,0.5,1,1,CGGCCACAGTACTTCTCTAT,0,4333545
yadI_predicted,0.5,1,1,CGGCACCTACCTTGGCAGGT,0,4331925
yadI_predicted,0.5,1,1,CGGATGCGGATGGGAAGAGG,0,4335092
yadI_predicted,0.5,1,1,CGGATCCAGTAGTCATGCGC,0,4326249
yadI_predicted,0.5,1,1,CGGATACGTGCGAGACAAGA,0,4349566
yadI_predicted,0.5,1,1,CGGAGTGAGACGTGTATTAG,0,4330521
yadI_predicted,0.5,1,1,CGGACGTTTTTTTTGCTCGT,0,4368904
yadI_predicted,0.5,1,1,CGGACCTTTTCAGGGAAGCA,0,4338586
yadI_predicted,0.5,1,1,CGGACCAAACTCCATGCGCC,0,4295810
yadI_predicted,0.5,1,1,CGGAAGAGTGTCTAGCTTGA,0,4319405
yadI_predicted,0.5,1,1,CGGAACCCGACCAGATTTTA,0,4346534
yadI_predicted,0.5,1,1,CGCTTATTTCGGTATGGCTC,0,4331230
yadI_predicted,0.5,1,1,CGCTTATGTTGCAACGGATC,0,4315878
yadI_predicted,0.5,1,1,CGCTTAGTTGTCGAACAGTA,0,4299307
yadI_predicted,0.5,1,1,CGCTGGATGTCTGCTTCGTC,0,4312880
yadI_predicted,0.5,1,1,CGCTCTTGTTTATGGTCCTG,0,4297904
yadI_predicted,0.5,1,1,CGCTCTATCCTCTTTCGACG,0,4338110
yadI_predicted,0.5,1,1,CGCTCTACATTCAGCCAATA,0,4345580
yadI_predicted,0.5,1,1,CGCTCCGGAAGAGACAACCT,0,4304724
yadI_predicted,0.5,1,1,CGCTCCAACTACTGAAGGTG,0,4320169
yadI_predicted,0.5,1,1,CGCTAACTATGTCGCCTGGG,0,4310752
yadI_predicted,0.5,1,1,CGCGTTATGTGAACCCATTT,0,4366066
yadI_predicted,0.5,1,1,CGCGTGTCACCACGGAATGG,0,4336993
yadI_predicted,0.5,1,1,CGCGTGGCTTATTTACGTGT,0,4318487
yadI_predicted,0.5,1,1,CGCGTCTCACACAGTCGTTA,0,4333328
yadI_predicted,0.5,1,1,CGCGTCGTGTCAATACGGTC,0,4369671
yadI_predicted,0.5,1,1,CGCGTCGAATTAAGGACGGC,0,4364522
yadI_predicted,0.5,1,1,CGCGGCTTTTTTATTCTATT,0,4291502
yadI_predicted,0.5,1,1,CGCGGCAGACAGTCTGCTGC,0,4286358
yadI_predicted,0.5,1,1,CGCGGCACATACGTCATCTA,0,4347922
yadI_predicted,0.5,1,1,CGCGGATCACTCCTATTTTC,0,4351048
yadI_predicted,0.5,1,1,CGCGCCGAAGCGGTCCATAT,0,4309634
yadI_predicted,0.5,1,1,CGCGAGGCCTGTGGGACATT,0,4327739
yadI_predicted,0.5,1,1,CGCGACCTTTTTCTTAGCGT,0,4314248
yadI_predicted,0.5,1,1,CGCGAAAATCGTACTGAAGT,0,4350513
yadI_predicted,0.5,1,1,CGCCTCGACTCTGGGAGTGC,0,4295945
yadI_predicted,0.5,1,1,CGCCGGGCTCCCTAAAGTGG,0,4369172
yadI_predicted,0.5,1,1,CGCCGATAGTCTTGTTGACA,0,4291249
yadI_predicted,0.5,1,1,CGCCCGACTTAATTACCTCC,0,4365760
yadI_predicted,0.5,1,1,CGCCAGGGGTCAGGCGAGAG,0,4290320
yadI_predicted,0.5,1,1,CGCCAATGGCCAGCCTAACC,0,4285969
yadI_predicted,0.5,1,1,CGCATGAAAGAGTTACGAAT,0,4318608
yadI_predicted,0.5,1,1,CGCATAGAGTAAACGGGTCA,0,4336395
yadI_predicted,0.5,1,1,CGCAGGCGCTTCGAGCCTTC,0,4328058
yadI_predicted,0.5,1,1,CGCAGCGGACAGCTGGATAC,0,4350473
yadI_predicted,0.5,1,1,CGCAGATTAACTCGTGAATA,0,4286212
yadI_predicted,0.5,1,1,CGCACTTGTCCATGAGATCC,0,4351043
yadI_predicted,0.5,1,1,CGCACGAGTAGTGATGCTGG,0,4364888
yadI_predicted,0.5,1,1,CGCACCCACATTTCTCTAAA,0,4302082
yadI_predicted,0.5,1,1,CGCAATGAGCTGAAGGGCGT,0,4346215
yadI_predicted,0.5,1,1,CGCAAGTCGTTTTGGTCGGA,0,4286479
yadI_predicted,0.5,1,1,CGCAAGTACCAGCTATTAGC,0,4340416
yadI_predicted,0.5,1,1,CGCAAGGTACTGTGAGATGT,0,4350429
yadI_predicted,0.5,1,1,CGCAAAGGACACGGGAACTA,0,4327091
yadI_predicted,0.5,1,1,CGATTCTCGGCCACTAAGCT,0,4324522
yadI_predicted,0.5,1,1,CGATGTGTTGTTGGAGTTCT,0,4299321
yadI_predicted,0.5,1,1,CGATGCTGAAACGTTCGAGC,0,4291387
yadI_predicted,0.5,1,1,CGATCTGGACAATCTCCATT,0,4321225
yadI_predicted,0.5,1,1,CGATCTGAGAGCAAAAAAAT,0,4299998
yadI_predicted,0.5,1,1,CGATCGGAGCTATTTTGAGA,0,4295415
yadI_predicted,0.5,1,1,CGATCCCGCGAAGCAGAGGA,0,4355579
yadI_predicted,0.5,1,1,CGATATCGATCAACTCTTGT,0,4342145
yadI_predicted,0.5,1,1,CGATACATGAGTTTTGTATT,0,4343982
yadI_predicted,0.5,1,1,CGATAAGGTGACCACGATGA,0,4325508
yadI_predicted,0.5,1,1,CGAGTGTTATCTGGGTGCAT,0,4340932
yadI_predicted,0.5,1,1,CGAGTAGGGCGGGCCATTCA,0,4337966
yadI_predicted,0.5,1,1,CGAGGTCTTTCTATTGGCTT,0,4303064
yadI_predicted,0.5,1,1,CGAGGGAAGATCGCCTACCT,0,4329762
yadI_predicted,0.5,1,1,CGAGCGGCCTCCTAGGCGAC,0,4292205
yadI_predicted,0.5,1,1,CGAGCCTTATCTATTGCTTG,0,4324043
yadI_predicted,0.5,1,1,CGAGCCTACCTCCATAAAAA,0,4362833
yadI_predicted,0.5,1,1,CGAGCAGCCCAGGTGGTGTC,0,4290666
yadI_predicted,0.5,1,1,CGAGAGGTGGGTCAAGATTC,0,4340011
yadI_predicted,0.5,1,1,CGAGAGGCCATGCGGTGCGA,0,4328769
yadI_predicted,0.5,1,1,CGAGAGCCGCTTATACGCGC,0,4319940
yadI_predicted,0.5,1,1,CGAGACTGTATGTCCAATCA,0,4338217
yadI_predicted,0.5,1,1,CGACTGAGTCCTTCTCACAA,0,4308996
yadI_predicted,0.5,1,1,CGACTCCGAGAGCATGATTT,0,4311405
yadI_predicted,0.5,1,1,CGACTCAGCCTTCCGCCTCG,0,4349436
yadI_predicted,0.5,1,1,CGACTATTGCAATAACGGAT,0,4364425
yadI_predicted,0.5,1,1,CGACTACGGCCATGAGGCAA,0,4341087
yadI_predicted,0.5,1,1,CGACGTATACTAAATCCGGG,0,4346648
yadI_predicted,0.5,1,1,CGACGTACATACGGTCCCGT,0,4320286
yadI_predicted,0.5,1,1,CGACCCCAGTTCTCGTCGGT,0,4287405
yadI_predicted,0.5,1,1,CGACCCACCCGTACCCAAGC,0,4326687
yadI_predicted,0.5,1,1,CGACCAGAATAAGCTTAGAG,0,4326836
yadI_predicted,0.5,1,1,CGACAGTATGCTTAGGCGGC,0,4333173
yadI_predicted,0.5,1,1,CGAATTTGACGTCACATGAT,0,4291053
yadI_predicted,0.5,1,1,CGAATCTTGCCCAGGAGGTG,0,4311775
yadI_predicted,0.5,1,1,CGAATATAACGTAATGTATT,0,4289602
yadI_predicted,0.5,1,1,CGAAGTCCCAATCAGACTGT,0,4364455
yadI_predicted,0.5,1,1,CGAACTGCGATGGGGTGCAT,0,4321430
yadI_predicted,0.5,1,1,CGAACTATAAAGCTATTAAG,0,4289352
yadI_predicted,0.5,1,1,CGAACGGTGTCAACGATTAG,0,4285884
yadI_predicted,0.5,1,1,CGAACGGCGTATGCTCCGGT,0,4297376
yadI_predicted,0.5,1,1,CGAACCGTGGCCACCAAAAC,0,4332155
yadI_predicted,0.5,1,1,CGAACCCATTATATTGAACC,0,4333258
yadI_predicted,0.5,1,1,CGAACAATATAGTGTCAACT,0,4306093
yadI_predicted,0.5,1,1,CCTTTGATTCGTGCTTCTAC,0,4321646
yadI_predicted,0.5,1,1,CCTTTGAAACACAAGGTCCT,0,4324998
yadI_predicted,0.5,1,1,CCTTTACGGTGAACCGGGGG,0,4346778
yadI_predicted,0.5,1,1,CCTTGTACCGAAAGCACATT,0,4330371
yadI_predicted,0.5,1,1,CCTTGCTCGAATAACCTAGC,0,4363319
yadI_predicted,0.5,1,1,CCTTGCCCCGCTGAGCTTTT,0,4348502
yadI_predicted,0.5,1,1,CCTTCGCGGTGCACCTTTCG,0,4322994
yadI_predicted,0.5,1,1,CCTTATTTAAGCGCTTTGAG,0,4342360
yadI_predicted,0.5,1,1,CCTTAGTGCGGCGCGGCATA,0,4298138
yadI_predicted,0.5,1,1,CCTTAGAGGTCTAACAGCAA,0,4344703
yadI_predicted,0.5,1,1,CCTTACTTTATCGGTGCTCT,0,4302449
yadI_predicted,0.5,1,1,CCTTAAAGGCCAATACACCA,0,4337030
yadI_predicted,0.5,1,1,CCTGTGTTTCATATCGGTTG,0,4316811
yadI_predicted,0.5,1,1,CCTGTGGTCAGTCTACTGTT,0,4343331
yadI_predicted,0.5,1,1,CCTGTATATCACGGATTTGA,0,4335375
yadI_predicted,0.5,1,1,CCTGTAGCGTCCTCACGTCT,0,4301883
yadI_predicted,0.5,1,1,CCTGTAATTCTCAGCGTACT,0,4314670
yadI_predicted,0.5,1,1,CCTGGCCAGTAGGGTAGGAA,0,4367481
yadI_predicted,0.5,1,1,CCTGCGCGCCAACGGGACAC,0,4301922
yadI_predicted,0.5,1,1,CCTGCAGACTGGCACATTCG,0,4307389
yadI_predicted,0.5,1,1,CCTGAGGATTTAGCCATAGG,0,4321502
yadI_predicted,0.5,1,1,CCTCGGTAGGCCTGGGTTGT,0,4357993
yadI_predicted,0.5,1,1,CCTCCGGTACGTAGCGGATA,0,4360573
yadI_predicted,0.5,1,1,CCTCAGTATAGTATAGGAAT,0,4298546
yadI_predicted,0.5,1,1,CCTATTCCATCGGTGCCCAA,0,4329273
yadI_predicted,0.5,1,1,CCTAGGATCATCGTGCTTGA,0,4355358
yadI_predicted,0.5,1,1,CCTAGATTGTGCGGCATTAC,0,4303692
yadI_predicted,0.5,1,1,CCTACCCTAACAATGGCCCT,0,4308568
yadI_predicted,0.5,1,1,CCTAATAGTATTTTAGCTAC,0,4318990
yadI_predicted,0.5,1,1,CCTAAGAGATACGGGGAACC,0,4301129
yadI_predicted,0.5,1,1,CCGTTTGGGACGTCTCAAGC,0,4342936
yadI_predicted,0.5,1,1,CCGTTTGGCTGGTCCCTGGC,0,4294512
yadI_predicted,0.5,1,1,CCGTTGCGGGTAAAAAGGAA,0,4343411
yadI_predicted,0.5,1,1,CCGTTACACGGTACACCACC,0,4301077
yadI_predicted,0.5,1,1,CCGTGTTTTCACGGAAGTCC,0,4349874
yadI_predicted,0.5,1,1,CCGTGTAGTTTCAGCGTCAT,0,4335560
yadI_predicted,0.5,1,1,CCGTGTAGAGGTCGATTGTA,0,4324479
yadI_predicted,0.5,1,1,CCGTGGACCTTTATAAGACG,0,4360438
yadI_predicted,0.5,1,1,CCGTGCGATTACCACGAGTC,0,4353515
yadI_predicted,0.5,1,1,CCGTCGTCTATGCTCTTGTC,0,4310405
yadI_predicted,0.5,1,1,CCGTCATCCGTTATGCATGA,0,4317274
yadI_predicted,0.5,1,1,CCGTCACTTAACCCTACAGG,0,4306348
yadI_predicted,0.5,1,1,CCGTCAAGAACCCTGTCTTC,0,4351555
yadI_predicted,0.5,1,1,CCGTATTTTGCAGGACCGCA,0,4317776
yadI_predicted,0.5,1,1,CCGTATGTGGTAGTTCGCAG,0,4332668
yadI_predicted,0.5,1,1,CCGTACACCTACTTTCTGGA,0,4302576
yadI_predicted,0.5,1,1,CCGTAATTAGGCGAACGGAT,0,4347125
yadI_predicted,0.5,1,1,CCGGTTCCCGGCAGGGGATG,0,4305606
yadI_predicted,0.5,1,1,CCGGTTAGAGCAGAATCTCA,0,4317666
yadI_predicted,0.5,1,1,CCGGTTACCTGTCAGTCAAT,0,4327407
yadI_predicted,0.5,1,1,CCGGTGACTGGAACATTTCA,0,4349921
yadI_predicted,0.5,1,1,CCGGTCGAGCTATAGACCCT,0,4325665
yadI_predicted,0.5,1,1,CCGGGTTTCTTGCAACTGAG,0,4358023
yadI_predicted,0.5,1,1,CCGGGTGTTACTCCGCCCGA,0,4340109
yadI_predicted,0.5,1,1,CCGGGGCGCAGTACGTTGTC,0,4310893
yadI_predicted,0.5,1,1,CCGGGCAGTGTCCGTGTATG,0,4364983
yadI_predicted,0.5,1,1,CCGGGCACCAGATAATGAAC,0,4304707
yadI_predicted,0.5,1,1,CCGGGATTCATTTATCACTT,0,4306287
yadI_predicted,0.5,1,1,CCGGGAACTCATTGTCGTGG,0,4323249
yadI_predicted,0.5,1,1,CCGGCGTAGTTGGAGGATCT,0,4291858
yadI_predicted,0.5,1,1,CCGGCGGTTACACTAAGTTG,0,4320376
yadI_predicted,0.5,1,1,CCGGCCAGTTGGATGGCCCC,0,4304835
yadI_predicted,0.5,1,1,CCGGCAGTTTCAACTGATAA,0,4293107
yadI_predicted,0.5,1,1,CCGGATGTTAGCCACCGTCC,0,4356738
yadI_predicted,0.5,1,1,CCGGATGGACGGTAAGATAT,0,4310423
yadI_predicted,0.5,1,1,CCGGAGTAAACTTAAACTAG,0,4288668
yadI_predicted,0.5,1,1,CCGGACTCTAGAGTCGCAAA,0,4285209
yadI_predicted,0.5,1,1,CCGGACTCGACCCCTTTATT,0,4325828
yadI_predicted,0.5,1,1,CCGCTTACGGCTTCGAACCA,0,4298446
yadI_predicted,0.5,1,1,CCGCTCTCAGGGTCCGCGGC,0,4341424
yadI_predicted,0.5,1,1,CCGCGTTCGTATTTTAGATC,0,4285461
yadI_predicted,0.5,1,1,CCGCGGTTCCGAATTTTTGT,0,4324031
yadI_predicted,0.5,1,1,CCGCGAATTTGGTGGAACCA,0,4310277
yadI_predicted,0.5,1,1,CCGCCTTAAGCACTCACGGG,0,4302222
yadI_predicted,0.5,1,1,CCGCCCGAAGATCAGGCACA,0,4317285
yadI_predicted,0.5,1,1,CCGCATTGCGTATCTGATCA,0,4329017
yadI_predicted,0.5,1,1,CCGCATATGCGAGCTCAGAT,0,4349839
yadI_predicted,0.5,1,1,CCGCAGAACGACCTGAGGTG,0,4348022
yadI_predicted,0.5,1,1,CCGCAAACCAACTATTAGTC,0,4323780
yadI_predicted,0.5,1,1,CCGATTGTCACGCCCAATGG,0,4364660
yadI_predicted,0.5,1,1,CCGATGTCCAAAGGTTCCTT,0,4347901
yadI_predicted,0.5,1,1,CCGATGCGAGCAGATGGGTC,0,4362314
yadI_predicted,0.5,1,1,CCGAGTTGCTAAAATCGTCG,0,4303026
yadI_predicted,0.5,1,1,CCGAGACCTTTGTTTAGTCA,0,4289124
yadI_predicted,0.5,1,1,CCGACGATACGAGGCATAGT,0,4292627
yadI_predicted,0.5,1,1,CCGACCACCCACCGCGAAAT,0,4352497
yadI_predicted,0.5,1,1,CCGACAGGTACAAGGAGGGA,0,4298960
yadI_predicted,0.5,1,1,CCGACAGGAAATTCGATAGG,0,4313371
yadI_predicted,0.5,1,1,CCGACACCCAGGCAACCCTG,0,4346429
yadI_predicted,0.5,1,1,CCCTTTTTCACCTCGAGCTG,0,4351121
yadI_predicted,0.5,1,1,CCCTTTTAAACGAGGCTGGT,0,4338513
yadI_predicted,0.5,1,1,CCCTTCTTTATTAGCGATGC,0,4327151
yadI_predicted,0.5,1,1,CCCTTCAGGATTATCTTATA,0,4316221
yadI_predicted,0.5,1,1,CCCTGTCCTAGTTGAGTTTC,0,4361727
yadI_predicted,0.5,1,1,CCCTGCTTCGAATAGTCGAT,0,4293268
yadI_predicted,0.5,1,1,CCCTGCGAAACGCTAACCAG,0,4285914
yadI_predicted,0.5,1,1,CCCTGCCTTTGGAGGCCCCC,0,4331109
yadI_predicted,0.5,1,1,CCCTGAAGATGTTGCCTATC,0,4324204
yadI_predicted,0.5,1,1,CCCTCGGGTAATCCTGATTG,0,4333799
yadI_predicted,0.5,1,1,CCCTCGGCGTACTAAGACAG,0,4353818
yadI_predicted,0.5,1,1,CCCTCAGGCCAGAAGATCCC,0,4320413
yadI_predicted,0.5,1,1,CCCTAACATACGAAACGCCT,0,4330382
yadI_predicted,0.5,1,1,CCCGTTCAGGTAGTAGCAAA,0,4309945
yadI_predicted,0.5,1,1,CCCGTTCAGATCTTATGGAG,0,4284555
yadI_predicted,0.5,1,1,CCCGTGTAGAAACGAATTAA,0,4308153
yadI_predicted,0.5,1,1,CCCGTGGGTCATCGGGAATA,0,4294306
yadI_predicted,0.5,1,1,CCCGTGCAATCGCTTTCGGC,0,4345914
yadI_predicted,0.5,1,1,CCCGTGAGGGGTCGATGACG,0,4316679
yadI_predicted,0.5,1,1,CCCGGTCTTGATAACGACAG,0,4288387
yadI_predicted,0.5,1,1,CCCGGGTAGGAGTTACTATG,0,4360369
yadI_predicted,0.5,1,1,CCCGCTAGAAGGCCATAGAC,0,4351959
yadI_predicted,0.5,1,1,CCCGCAGGCAACTCTATTCC,0,4288060
yadI_predicted,0.5,1,1,CCCGAAAAAATGACGTCAGA,0,4314572
yadI_predicted,0.5,1,1,CCCCTTGGGGTCCTAGTAGG,0,4365670
yadI_predicted,0.5,1,1,CCCCTTAAGTGTTCGTCCAT,0,4319653
yadI_predicted,0.5,1,1,CCCCGGTCAAGCCAAGGGTG,0,4368157
yadI_predicted,0.5,1,1,CCCCCTGCCTAAGGTACACG,0,4342400
yadI_predicted,0.5,1,1,CCCCCGGACTGACGCGTCAA,0,4325406
yadI_predicted,0.5,1,1,CCCCACCCGTATATCTGGGG,0,4368334
yadI_predicted,0.5,1,1,CCCCACAGTGGGTGTTGAAA,0,4328238
yadI_predicted,0.5,1,1,CCCATAACGCCAGAACCTTG,0,4288232
yadI_predicted,0.5,1,1,CCCAGTAAGTAGTGCTCGGT,0,4345778
yadI_predicted,0.5,1,1,CCCAGGTTTCGTATCTACGC,0,4323615
yadI_predicted,0.5,1,1,CCCAGGCTGAGTCTGTCCAA,0,4331132
yadI_predicted,0.5,1,1,CCCAGAGTTTGTCAATGACA,0,4343857
yadI_predicted,0.5,1,1,CCCAAGTGTAGCGCTTGGAA,0,4355487
yadI_predicted,0.5,1,1,CCCAAAGATGTTCGTATGAG,0,4315721
yadI_predicted,0.5,1,1,CCATTGGTGCCTATTCGCTA,0,4313991
yadI_predicted,0.5,1,1,CCATTCGACGTCGTAGGTGT,0,4311870
yadI_predicted,0.5,1,1,CCATTAGGTTAACCATGATC,0,4335482
yadI_predicted,0.5,1,1,CCATTAAGAGCCGGAATTAA,0,4311312
yadI_predicted,0.5,1,1,CCATCCTTCGGCGGCGGCAA,0,4309065
yadI_predicted,0.5,1,1,CCATAGATTGCTTTCTTACT,0,4333354
yadI_predicted,0.5,1,1,CCAGTGTCTTCGATACCGAG,0,4321713
yadI_predicted,0.5,1,1,CCAGTGTCACTGGCCCGCGC,0,4311715
yadI_predicted,0.5,1,1,CCAGTCCTTCTCCACGGAAG,0,4292688
yadI_predicted,0.5,1,1,CCAGTCCGTCGCAAATCGCT,0,4328982
yadI_predicted,0.5,1,1,CCAGTACGGGCGGATGGGAT,0,4356108
yadI_predicted,0.5,1,1,CCAGGTTTACTTTCGCACTC,0,4319336
yadI_predicted,0.5,1,1,CCAGGTGGATTTACTCACTC,0,4305399
yadI_predicted,0.5,1,1,CCAGGGCTTTCAATAAAGAC,0,4338511
yadI_predicted,0.5,1,1,CCAGGGAATAGCTCGGAGAT,0,4342076
yadI_predicted,0.5,1,1,CCAGGCCTTGGGCAGAGTCA,0,4329856
yadI_predicted,0.5,1,1,CCAGGCCAGCAAGTAACACA,0,4285300
yadI_predicted,0.5,1,1,CCAGCTGGGTCGAGTATGAT,0,4353764
yadI_predicted,0.5,1,1,CCAGCGCAACTAAGTAGTGT,0,4317233
yadI_predicted,0.5,1,1,CCAGATAACGGACCAGGGCT,0,4320662
yadI_predicted,0.5,1,1,CCAGAACCGCAGTCCGCATG,0,4369891
yadI_predicted,0.5,1,1,CCACGTCGAAGTAGGTATTC,0,4336990
yadI_predicted,0.5,1,1,CCACGGTACAAGTCCCTGAA,0,4314027
yadI_predicted,0.5,1,1,CCACGGACGAATCCACGCTT,0,4350658
yadI_predicted,0.5,1,1,CCACGCATCGGCCGTAATGC,0,4331241
yadI_predicted,0.5,1,1,CCACCTTAAGGAAATGGGAC,0,4321535
yadI_predicted,0.5,1,1,CCACCGCAAATGATCGAGCG,0,4309984
yadI_predicted,0.5,1,1,CCACCAGGCCAAAACGTGTT,0,4349149
yadI_predicted,0.5,1,1,CCACCACATTCACAGTTAGA,0,4317024
yadI_predicted,0.5,1,1,CCACATTCGTTTATTTCCAG,0,4302819
yadI_predicted,0.5,1,1,CCACATGCGTTACGGACGCT,0,4325686
yadI_predicted,0.5,1,1,CCACAGCGTATTGGCCGGCT,0,4325945
yadI_predicted,0.5,1,1,CCACACGCAACTCGGATGGC,0,4316819
yadI_predicted,0.5,1,1,CCACACCAGTTCGTTGCTAT,0,4320321
yadI_predicted,0.5,1,1,CCAATTTTCAAGGGGATGCA,0,4296921
yadI_predicted,0.5,1,1,CCAATCGGTACCTTTGCTGG,0,4359735
yadI_predicted,0.5,1,1,CCAATATACAGGGGAGTGCA,0,4351494
yadI_predicted,0.5,1,1,CCAAGGTCTCGCTATTGCCA,0,4345181
yadI_predicted,0.5,1,1,CCAAGCTTGGTGAGGTAGGA,0,4308992
yadI_predicted,0.5,1,1,CCAAGCGACGATGACGGCCA,0,4300160
yadI_predicted,0.5,1,1,CCAAGACCTTCGGCAAGCTT,0,4321444
yadI_predicted,0.5,1,1,CCAACTTCAGTAAGCCAAAT,0,4350099
yadI_predicted,0.5,1,1,CCAACTCACAAAATCTTCAC,0,4341778
yadI_predicted,0.5,1,1,CCAAAGCGTGACAACGCACT,0,4310877
yadI_predicted,0.5,1,1,CCAAAGATTTGAAGTTACCC,0,4314011
yadI_predicted,0.5,1,1,CATTTGTGCAATAGTAGCCT,0,4358126
yadI_predicted,0.5,1,1,CATTTCTGAGGCGGCAGATT,0,4342331
yadI_predicted,0.5,1,1,CATTGTCAACCGCTTCACCT,0,4337032
yadI_predicted,0.5,1,1,CATTGGGGGGCTGAGAACAA,0,4366184
yadI_predicted,0.5,1,1,CATTGATTAAAAGCATCTAT,0,4345064
yadI_predicted,0.5,1,1,CATTCCATAAAGCCCACAAG,0,4298686
yadI_predicted,0.5,1,1,CATTATTTACTGAGTTTCCT,0,4298497
yadI_predicted,0.5,1,1,CATTATCGCGAGACCGCAGG,0,4314784
yadI_predicted,0.5,1,1,CATTATATGCCGTTCAAGGG,0,4297455
yadI_predicted,0.5,1,1,CATTAGTATTCTTGATCAGC,0,4306349
yadI_predicted,0.5,1,1,CATTAGGCACGTTGACTGTA,0,4325159
yadI_predicted,0.5,1,1,CATTACAGGTTGACAAATTT,0,4343904
yadI_predicted,0.5,1,1,CATGTGGTTAATGGGTTCAG,0,4304214
yadI_predicted,0.5,1,1,CATGTGACGCATCGTCGTGG,0,4308893
yadI_predicted,0.5,1,1,CATGTCGGGATCTAGGTAAA,0,4313095
yadI_predicted,0.5,1,1,CATGGTGCGATCCTCGGTGC,0,4307524
yadI_predicted,0.5,1,1,CATGCGGAGTTCGTAGGGTT,0,4298409
yadI_predicted,0.5,1,1,CATGCAGAAACGACCCCTCT,0,4313185
yadI_predicted,0.5,1,1,CATGAGTACTTCCCACCATT,0,4297893
yadI_predicted,0.5,1,1,CATGACCATAGGCGTTTAAG,0,4356304
yadI_predicted,0.5,1,1,CATCTAGGAGCTTAGGCGAT,0,4356322
yadI_predicted,0.5,1,1,CATCGCAAAACCGGTGGTTT,0,4313891
yadI_predicted,0.5,1,1,CATCGATCTAATCCAGCGTT,0,4292053
yadI_predicted,0.5,1,1,CATCGAATTGGTGGTGTCCA,0,4333696
yadI_predicted,0.5,1,1,CATCCTCTTATCCCAATAAT,0,4304044
yadI_predicted,0.5,1,1,CATCCATGTTAGCAAAGTGT,0,4340142
yadI_predicted,0.5,1,1,CATCCATGGAGCCTCTTTGT,0,4335591
yadI_predicted,0.5,1,1,CATCATACCTCGGTCGGAAT,0,4320795
yadI_predicted,0.5,1,1,CATCAGTGGAGCTGTAGCTT,0,4358723
yadI_predicted,0.5,1,1,CATCAGGATCGAGACTGCGA,0,4319411
yadI_predicted,0.5,1,1,CATCACCGGTGCTTGCTCCA,0,4335001
yadI_predicted,0.5,1,1,CATCACCGGGGGTGGGAAAC,0,4365774
yadI_predicted,0.5,1,1,CATCAATGAACAGTGACAAG,0,4326535
yadI_predicted,0.5,1,1,CATCAATCGCGTGCAAGATA,0,4289697
yadI_predicted,0.5,1,1,CATATTATCCGTGGATGTTC,0,4305305
yadI_predicted,0.5,1,1,CATATGGTGGCGGTGGGTAA,0,4290899
yadI_predicted,0.5,1,1,CATATAAGAAAGTATGTACC,0,4346410
yadI_predicted,0.5,1,1,CATAGGGATTGGTTGGCAAT,0,4366444
yadI_predicted,0.5,1,1,CATACCCTATGCCTACTGAT,0,4339392
yadI_predicted,0.5,1,1,CATACACATATCCGTAGCAG,0,4306315
yadI_predicted,0.5,1,1,CATAAGGTCGCCTAGTATTA,0,4356651
yadI_predicted,0.5,1,1,CATAAGCGTAAGTAGGTCCA,0,4327543
yadI_predicted,0.5,1,1,CATAAACATACACTCGGACG,0,4360123
yadI_predicted,0.5,1,1,CAGTTTGATACTATGACGTT,0,4363669
yadI_predicted,0.5,1,1,CAGTTTGAATTTTCGGTTTG,0,4341326
yadI_predicted,0.5,1,1,CAGTTCGACGACGTAGTCAG,0,4332295
yadI_predicted,0.5,1,1,CAGTTAGCTACCGCCAGTAA,0,4326597
yadI_predicted,0.5,1,1,CAGTGTACCAGAGCGACGAC,0,4341071
yadI_predicted,0.5,1,1,CAGTGCATTATTGGTCCGCC,0,4294130
yadI_predicted,0.5,1,1,CAGTGAGCGGGGAATAGGCT,0,4340590
yadI_predicted,0.5,1,1,CAGTAGAGGTACATCCATTG,0,4327988
yadI_predicted,0.5,1,1,CAGGTTGAAAACTTAGTTAC,0,4362762
yadI_predicted,0.5,1,1,CAGGTGCTTCATATCTGTAC,0,4293703
yadI_predicted,0.5,1,1,CAGGTGATCGCGTTCGGCCG,0,4356100
yadI_predicted,0.5,1,1,CAGGTCCGCCGAGAAAGTAT,0,4317981
yadI_predicted,0.5,1,1,CAGGTATGTACGCTTTGTTC,0,4322022
yadI_predicted,0.5,1,1,CAGGTAAATGGGCAACCCGG,0,4354576
yadI_predicted,0.5,1,1,CAGGGTAAAGTGACGGAAAG,0,4348937
yadI_predicted,0.5,1,1,CAGGCCGGGCTGCCTTTGGG,0,4313369
yadI_predicted,0.5,1,1,CAGGCCATTGCGTGTGATGG,0,4365987
yadI_predicted,0.5,1,1,CAGGCATAGATTGCATCTGG,0,4340754
yadI_predicted,0.5,1,1,CAGGATAATTAGGTAGGTTT,0,4354474
yadI_predicted,0.5,1,1,CAGGAGCCCAGTGTGTAATA,0,4339448
yadI_predicted,0.5,1,1,CAGGAGATTCGGTGGTTTGT,0,4361789
yadI_predicted,0.5,1,1,CAGCTGTTACCCTGTGAGCC,0,4288895
yadI_predicted,0.5,1,1,CAGCTGGGGGACGAAGAACA,0,4342252
yadI_predicted,0.5,1,1,CAGCGTGATGCAGCGATCGT,0,4341000
yadI_predicted,0.5,1,1,CAGCGTAATTAGCGTACAAG,0,4302739
yadI_predicted,0.5,1,1,CAGCCAGTAGAAAGCATTTG,0,4364317
yadI_predicted,0.5,1,1,CAGCATGAGCAGGAACGGGC,0,4296491
yadI_predicted,0.5,1,1,CAGCAGTTAATGCATATCCG,0,4349836
yadI_predicted,0.5,1,1,CAGCACGGATCACGAGCGCA,0,4367495
yadI_predicted,0.5,1,1,CAGCAATCAGCGCAGATTGA,0,4326856
yadI_predicted,0.5,1,1,CAGCAACGGGTTCTCATCCG,0,4368313
yadI_predicted,0.5,1,1,CAGATTGATACACTTAGATT,0,4361134
yadI_predicted,0.5,1,1,CAGATCCTTCGATGTGAATT,0,4313797
yadI_predicted,0.5,1,1,CAGAGTGTACATTAAGGTTT,0,4345664
yadI_predicted,0.5,1,1,CAGAGGCTAGTCCCGTCTAT,0,4331372
yadI_predicted,0.5,1,1,CAGAGGCCCCAATGAGGCTA,0,4321998
yadI_predicted,0.5,1,1,CAGAGCGAACTACGGCAGCC,0,4298105
yadI_predicted,0.5,1,1,CAGACGTTCTACCGTACCGT,0,4343210
yadI_predicted,0.5,1,1,CAGACGCTTGGGAGTTGAAA,0,4310707
yadI_predicted,0.5,1,1,CAGACAGGGCCGCCCCCTTC,0,4300631
yadI_predicted,0.5,1,1,CAGAACGGATTCAGCCTGGG,0,4290073
yadI_predicted,0.5,1,1,CAGAACAAACTATAGCGCCT,0,4341127
yadI_predicted,0.5,1,1,CACTTAATTTTATCAGTTAG,0,4353482
yadI_predicted,0.5,1,1,CACTGTACAAGAACCCGATA,0,4309735
yadI_predicted,0.5,1,1,CACTGCTGCAGGGGTGGTAT,0,4328303
yadI_predicted,0.5,1,1,CACTCCGTGTTAAAGCGCGA,0,4341730
yadI_predicted,0.5,1,1,CACTCCAGCCACGCACCTTA,0,4305599
yadI_predicted,0.5,1,1,CACTCAGACGTTAAAGGGAT,0,4365911
yadI_predicted,0.5,1,1,CACGTTCCGATGTTTCAACT,0,4351463
yadI_predicted,0.5,1,1,CACGTTATAATGCTCCACTT,0,4286776
yadI_predicted,0.5,1,1,CACGTCTCGCCTTAAAAGAG,0,4334867
yadI_predicted,0.5,1,1,CACGTCAAGTATTTGCGTAG,0,4302101
yadI_predicted,0.5,1,1,CACGTACACATGTTGGAGTC,0,4287835
yadI_predicted,0.5,1,1,CACGGTTAAGTGAAAATGTA,0,4307097
yadI_predicted,0.5,1,1,CACGGGAGGGTGAAAGGAAT,0,4315914
yadI_predicted,0.5,1,1,CACGGCTACCTAATGCCGGG,0,4311297
yadI_predicted,0.5,1,1,CACGGCCGATCTTTGAATGG,0,4321071
yadI_predicted,0.5,1,1,CACGCGGTCAACTTAATTAC,0,4359293
yadI_predicted,0.5,1,1,CACGCCCTCTTCATAATAAG,0,4307828
yadI_predicted,0.5,1,1,CACGAGTACCCACAATGGAC,0,4292108
yadI_predicted,0.5,1,1,CACCTTACTCTTTGAAGGTC,0,4330439
yadI_predicted,0.5,1,1,CACCTGTGACCTGACTAGAA,0,4365187
yadI_predicted,0.5,1,1,CACCTGGGCCATGTGGGCTT,0,4358686
yadI_predicted,0.5,1,1,CACCTATGCCAGCTCGTACA,0,4324454
yadI_predicted,0.5,1,1,CACCTAACGCAGTCTAGCAA,0,4321047
yadI_predicted,0.5,1,1,CACCGATTCTCAGCATGCCA,0,4331551
yadI_predicted,0.5,1,1,CACCGAGGACGGCGCACGCC,0,4357954
yadI_predicted,0.5,1,1,CACCGAATGACGCCCCATGA,0,4305476
yadI_predicted,0.5,1,1,CACCCGAGAGTTAGTGTCTG,0,4312872
yadI_predicted,0.5,1,1,CACCAGGCCAGTGACTATAC,0,4366608
yadI_predicted,0.5,1,1,CACCACTTACGCAGGTCGGC,0,4346219
yadI_predicted,0.5,1,1,CACCACGGCTCGTTGCAGGT,0,4332962
yadI_predicted,0.5,1,1,CACCAAGTGTTTCGTAAGCA,0,4321864
yadI_predicted,0.5,1,1,CACATTACACATTCAGCAAA,0,4323553
yadI_predicted,0.5,1,1,CACATGTCTGGGTACAGACT,0,4363682
yadI_predicted,0.5,1,1,CACATACGCCAGGGAACACT,0,4310695
yadI_predicted,0.5,1,1,CACATACGAATTATAGATGG,0,4360730
yadI_predicted,0.5,1,1,CACAGCAGTGCATTAAGTTG,0,4306968
yadI_predicted,0.5,1,1,CACAGATAGGCGATACTACA,0,4288569
yadI_predicted,0.5,1,1,CACACGGACTCAGTAGCGGT,0,4294755
yadI_predicted,0.5,1,1,CACACGCGGCATGATAGGGA,0,4328038
yadI_predicted,0.5,1,1,CACACCGCGAGATGGTGTCG,0,4352761
yadI_predicted,0.5,1,1,CAATTTCTTAGCCGCCAGGG,0,4299453
yadI_predicted,0.5,1,1,CAATTGAATACCGATACCCC,0,4335215
yadI_predicted,0.5,1,1,CAATTCCCCGACGCGGACGC,0,4361778
yadI_predicted,0.5,1,1,CAATGGTATCATAAACTAAA,0,4288754
yadI_predicted,0.5,1,1,CAATGCGTTCGGGTATGGCA,0,4352504
yadI_predicted,0.5,1,1,CAATGCATGTGAGTATACTA,0,4344572
yadI_predicted,0.5,1,1,CAATGACCTTCGTTAACATT,0,4325935
yadI_predicted,0.5,1,1,CAATCATGGGGGCTCCAGTC,0,4338093
yadI_predicted,0.5,1,1,CAATAGACTGCTGCCTAGCG,0,4357541
yadI_predicted,0.5,1,1,CAATAATTTGAGGTGGATGC,0,4350597
yadI_predicted,0.5,1,1,CAAGTGGGTGCTATTTTTGT,0,4288343
yadI_predicted,0.5,1,1,CAAGTCTCCGAATTACGCCT,0,4306828
yadI_predicted,0.5,1,1,CAAGTCTCACACGATCTCAT,0,4352505
yadI_predicted,0.5,1,1,CAAGTCCGCCTCATTACCCT,0,4365967
yadI_predicted,0.5,1,1,CAAGGTGGGGCTTCCTGTTC,0,4338853
yadI_predicted,0.5,1,1,CAAGGTACGGAGTATTTGCC,0,4352130
yadI_predicted,0.5,1,1,CAAGGGAACAGTTCTGGGGT,0,4346406
yadI_predicted,0.5,1,1,CAAGGATGCCTGTTTAATAG,0,4315447
yadI_predicted,0.5,1,1,CAAGGATCTCGAGGAATGCA,0,4314160
yadI_predicted,0.5,1,1,CAAGGACGCACCGTTCGAGG,0,4285385
yadI_predicted,0.5,1,1,CAAGCGTCATTGTAAGAGCC,0,4340373
yadI_predicted,0.5,1,1,CAAGCGAGTATGTACGATGG,0,4325687
yadI_predicted,0.5,1,1,CAAGCAGTAACTCAAGGCGA,0,4357312
yadI_predicted,0.5,1,1,CAAGAAGCTGTTATGATATA,0,4365905
yadI_predicted,0.5,1,1,CAACTTGTACCCAAGTAGGT,0,4294266
yadI_predicted,0.5,1,1,CAACTCGCTTTACTGGTACC,0,4326914
yadI_predicted,0.5,1,1,CAACTCAAAATACGCATTTG,0,4300237
yadI_predicted,0.5,1,1,CAACGTAATAGCATTAAAAC,0,4315132
yadI_predicted,0.5,1,1,CAACGGCGGTCAGTGTATAT,0,4288731
yadI_predicted,0.5,1,1,CAACGCTCACCGAGAACGAC,0,4341285
yadI_predicted,0.5,1,1,CAACGAGTTAGCTTTTGTAT,0,4355918
yadI_predicted,0.5,1,1,CAACGAGTACACTTATTTGT,0,4353890
yadI_predicted,0.5,1,1,CAACCTGGGTATGACGGAAG,0,4341991
yadI_predicted,0.5,1,1,CAACCGATTGTGAAGTCTGG,0,4339336
yadI_predicted,0.5,1,1,CAACCAAGAATCGTTTGTGA,0,4369749
yadI_predicted,0.5,1,1,CAACATTCTCCGGCGACAAC,0,4342893
yadI_predicted,0.5,1,1,CAACATTCTAATAGGGGCTA,0,4290188
yadI_predicted,0.5,1,1,CAACAGTCTTCATTGCTAAC,0,4342510
yadI_predicted,0.5,1,1,CAAATCGCGACCCTTCATTT,0,4338829
yadI_predicted,0.5,1,1,CAAATCATAGAAAAGAGCAG,0,4311653
yadI_predicted,0.5,1,1,CAAATAGCACCTCATTTATT,0,4357557
yadI_predicted,0.5,1,1,CAAATAGACAGGAACGATAT,0,4317823
yadI_predicted,0.5,1,1,CAAAGGTCAAACTGTAATCG,0,4285049
yadI_predicted,0.5,1,1,CAAAGGGAGGCTTCATTAAC,0,4340565
yadI_predicted,0.5,1,1,CAAAGCATCAGCAGCCAAAG,0,4365067
yadI_predicted,0.5,1,1,CAAAGAGCACAGGGATATAC,0,4339004
yadI_predicted,0.5,1,1,CAAACCAACAACAGCCAAAT,0,4319419
yadI_predicted,0.5,1,1,CAAACAGATACTTGTATAGT,0,4288071
yadI_predicted,0.5,1,1,CAAACACCGAAAGTGCTAAC,0,4335455
yadI_predicted,0.5,1,1,CAAAATCCAGTCGCTACGTC,0,4323419
yadI_predicted,0.5,1,1,CAAAAGCAAGGCGGGGACGT,0,4311066
yadI_predicted,0.5,1,1,CAAAAATATTGTCCGCCGTC,0,4305859
yadI_predicted,0.5,1,1,CAAAAAGTTGGAAAGGCAGG,0,4305412
yadI_predicted,0.5,1,1,CAAAAAGCCAAGGTACAACT,0,4286670
yadI_predicted,0.5,1,1,CAAAAAAACGTGAACTCGGC,0,4350462
yadI_predicted,0.5,1,1,ATTTTTTGAAATTTTTTCGT,0,4358064
yadI_predicted,0.5,1,1,ATTTTCACCTGGCTGATGGG,0,4309547
yadI_predicted,0.5,1,1,ATTTGTCGTGTGAACTAATC,0,4312247
yadI_predicted,0.5,1,1,ATTTGCACAGGAAGTCGATC,0,4301360
yadI_predicted,0.5,1,1,ATTTCGCGCGGAATCCGACA,0,4344054
yadI_predicted,0.5,1,1,ATTTCCCCAAGTATTGCGTT,0,4335844
yadI_predicted,0.5,1,1,ATTTCATAACGCGTCTAATG,0,4362658
yadI_predicted,0.5,1,1,ATTTCAATCGGCTTAAGTTA,0,4337436
yadI_predicted,0.5,1,1,ATTTACGTTAAGTCCATCAG,0,4352998
yadI_predicted,0.5,1,1,ATTTAACAGGATATTCGCTC,0,4363735
yadI_predicted,0.5,1,1,ATTGTTTACCGCGAAATCGA,0,4287781
yadI_predicted,0.5,1,1,ATTGTTGGCTTCTATACGCG,0,4343640
yadI_predicted,0.5,1,1,ATTGTTCTAAGCGATAGAAC,0,4310581
yadI_predicted,0.5,1,1,ATTGTTCCACTAGCGCTGGC,0,4289820
yadI_predicted,0.5,1,1,ATTGTGGCGAGGATATGTTC,0,4310239
yadI_predicted,0.5,1,1,ATTGTCTCCTGGAGAACGGC,0,4317702
yadI_predicted,0.5,1,1,ATTGGTTATATAGGCTTCCA,0,4360679
yadI_predicted,0.5,1,1,ATTGGGCCTCATGAAGTACT,0,4303809
yadI_predicted,0.5,1,1,ATTGGGCATGCGGATCCTTA,0,4343217
yadI_predicted,0.5,1,1,ATTGGCTCTTGTAGGTGGAT,0,4307685
yadI_predicted,0.5,1,1,ATTGCGTGGGTGACATATGC,0,4329207
yadI_predicted,0.5,1,1,ATTGCGCGAATCAGCATTCT,0,4307401
yadI_predicted,0.5,1,1,ATTGCCGGGCAATCATTACG,0,4321807
yadI_predicted,0.5,1,1,ATTGCCATGGAAGTTCGGCA,0,4352112
yadI_predicted,0.5,1,1,ATTGCACGTCGAACCTACCT,0,4325618
yadI_predicted,0.5,1,1,ATTGCACGGTTAAGGTGGGC,0,4305518
yadI_predicted,0.5,1,1,ATTGAACGCTACGGGCGAGG,0,4354775
yadI_predicted,0.5,1,1,ATTCTCGAACCTGAAGGTAT,0,4310885
yadI_predicted,0.5,1,1,ATTCGCGACAGCCATGTTAT,0,4308161
yadI_predicted,0.5,1,1,ATTCGCCTTTACGGCATAGA,0,4362507
yadI_predicted,0.5,1,1,ATTCGCCAGAGAATAGGTCA,0,4307628
yadI_predicted,0.5,1,1,ATTCCGCCGGTCATGGGTTC,0,4362095
yadI_predicted,0.5,1,1,ATTCCATTGGGGATCTCTGG,0,4286988
yadI_predicted,0.5,1,1,ATTCAGATTAAGATTATATA,0,4339818
yadI_predicted,0.5,1,1,ATTCACGCGGTTTGACTGAC,0,4321088
yadI_predicted,0.5,1,1,ATTATTCACATCCAGCTTAA,0,4296577
yadI_predicted,0.5,1,1,ATTATCATCTCCCGTCCCTT,0,4339470
yadI_predicted,0.5,1,1,ATTATAGTTTATGCGGAGTC,0,4307055
yadI_predicted,0.5,1,1,ATTATAGGATTTGGTCCTAA,0,4321988
yadI_predicted,0.5,1,1,ATTAGGTAGCACTGCCGTTT,0,4296248
yadI_predicted,0.5,1,1,ATTACGGTTAAAAGCGTCCC,0,4284765
yadI_predicted,0.5,1,1,ATTACGGTATTCAAAATCCT,0,4334475
yadI_predicted,0.5,1,1,ATTACGGCGTTCTTTTCGCG,0,4322280
yadI_predicted,0.5,1,1,ATTACCCCCCTCATGTATGC,0,4337995
yadI_predicted,0.5,1,1,ATTACATTAGGCAAACCGTT,0,4369299
yadI_predicted,0.5,1,1,ATTAAGAGACTTCCTTCCAC,0,4333285
yadI_predicted,0.5,1,1,ATTAAAGTTTGGCCAGTTGG,0,4292841
yadI_predicted,0.5,1,1,ATGTTCGTTCCATAACGAAC,0,4334945
yadI_predicted,0.5,1,1,ATGTTCGCGATTGTATACTA,0,4364612
yadI_predicted,0.5,1,1,ATGTTATTTGTGAGCAGCAG,0,4343568
yadI_predicted,0.5,1,1,ATGTTAACGAAGCTAACTTG,0,4308924
yadI_predicted,0.5,1,1,ATGTGGATTCGCGCAGACGC,0,4352887
yadI_predicted,0.5,1,1,ATGTGCTTTCCCCGTGTCAA,0,4313319
yadI_predicted,0.5,1,1,ATGTGCACACGCTCATATCT,0,4322933
yadI_predicted,0.5,1,1,ATGTGAACCGTTAACGCTAC,0,4336381
yadI_predicted,0.5,1,1,ATGTCTCCCTGACCACCAGC,0,4362392
yadI_predicted,0.5,1,1,ATGTCTCATTGTATACAGGA,0,4288717
yadI_predicted,0.5,1,1,ATGTCGGGATAACTTTGTGG,0,4313531
yadI_predicted,0.5,1,1,ATGTCGCCCAATGGCATTTA,0,4329369
yadI_predicted,0.5,1,1,ATGTCATTTTCGCCAACTGA,0,4344825
yadI_predicted,0.5,1,1,ATGTCATCTAGTCTATTATG,0,4310198
yadI_predicted,0.5,1,1,ATGTCACTTCAATCTTATAC,0,4350393
yadI_predicted,0.5,1,1,ATGTCAAGGCAGGCCCTTTT,0,4290875
yadI_predicted,0.5,1,1,ATGTATTTATTGAGGAACCC,0,4345054
yadI_predicted,0.5,1,1,ATGTATCACGTGTCTCCGGC,0,4321484
yadI_predicted,0.5,1,1,ATGTATAAAATCGAAAAACC,0,4294630
yadI_predicted,0.5,1,1,ATGTAGTGTTGCACCCACCT,0,4307087
yadI_predicted,0.5,1,1,ATGTACTCAGATACAGAGTC,0,4346044
yadI_predicted,0.5,1,1,ATGTACGGGCAGTTGAAGAC,0,4320796
yadI_predicted,0.5,1,1,ATGTAACTTTGTCCGCCACT,0,4317590
yadI_predicted,0.5,1,1,ATGGTTGCTGAACTGGACAG,0,4299741
yadI_predicted,0.5,1,1,ATGGTCGCGCATCTCTCGTG,0,4334493
yadI_predicted,0.5,1,1,ATGGTATTTAATCGGCGTGT,0,4340237
yadI_predicted,0.5,1,1,ATGGGTATAAAGACATCATC,0,4310825
yadI_predicted,0.5,1,1,ATGGGGTAATGGACCGACGC,0,4368425
yadI_predicted,0.5,1,1,ATGGGGGTCGCGCGTCTTGG,0,4287082
yadI_predicted,0.5,1,1,ATGGGGACGCCCTGTGTCAA,0,4327789
yadI_predicted,0.5,1,1,ATGGGCGGCCCGGTACCGGG,0,4320812
yadI_predicted,0.5,1,1,ATGGGCGCCGCATAGCGTCT,0,4346071
yadI_predicted,0.5,1,1,ATGGGAGCGAGTTGGCGGTT,0,4361652
yadI_predicted,0.5,1,1,ATGGCTTACGGTCGCAGTCT,0,4311924
yadI_predicted,0.5,1,1,ATGGCGCAACTAGCCGGTCG,0,4348768
yadI_predicted,0.5,1,1,ATGGCCTCTATGTTACATCT,0,4353902
yadI_predicted,0.5,1,1,ATGGCCATTGAATAGCCGTG,0,4284136
yadI_predicted,0.5,1,1,ATGGCCAGAGTTCCATTTCT,0,4362294
yadI_predicted,0.5,1,1,ATGGATTATCTTGAGATGGA,0,4304757
yadI_predicted,0.5,1,1,ATGGATCTAGTAGGAGACAA,0,4349053
yadI_predicted,0.5,1,1,ATGGAGTAGATCGCATTTGC,0,4334271
yadI_predicted,0.5,1,1,ATGGAGAGATATAACGTGTT,0,4299529
yadI_predicted,0.5,1,1,ATGCTTTCAGGGAGGGGGGA,0,4334113
yadI_predicted,0.5,1,1,ATGCTGGAAGATGTCGGGTT,0,4364818
yadI_predicted,0.5,1,1,ATGCTCTGCCTGGGGGCTTG,0,4290858
yadI_predicted,0.5,1,1,ATGCGTTCAGACTTCTTCAC,0,4359924
yadI_predicted,0.5,1,1,ATGCGGTTTCCTTAAACTTT,0,4327967
yadI_predicted,0.5,1,1,ATGCGCGGTAGCGACGTGTG,0,4367031
yadI_predicted,0.5,1,1,ATGCGATTCATGATAAGCGT,0,4327693
yadI_predicted,0.5,1,1,ATGCCTTAGACTCGTTGTGA,0,4298518
yadI_predicted,0.5,1,1,ATGCCGCGGGTTTTCTGTAT,0,4343146
yadI_predicted,0.5,1,1,ATGCCGCATAAAAAATGCTC,0,4318461
yadI_predicted,0.5,1,1,ATGATGTGCCTGGGATCCAG,0,4355922
yadI_predicted,0.5,1,1,ATGAGTACCATCAGATAGGA,0,4369346
yadI_predicted,0.5,1,1,ATGAGAGTAACCAGGGTATA,0,4346846
yadI_predicted,0.5,1,1,ATGACTCGTTTTACACCGCA,0,4326090
yadI_predicted,0.5,1,1,ATGACGTTATTATCTAAATT,0,4331814
yadI_predicted,0.5,1,1,ATGACGATCATATGCTACTA,0,4288339
yadI_predicted,0.5,1,1,ATGAAACTTGGAAAGCCGGT,0,4313100
yadI_predicted,0.5,1,1,ATCTTGCTCCTTTTCCCACA,0,4338419
yadI_predicted,0.5,1,1,ATCTTGATGTAATTCAGCGG,0,4351603
yadI_predicted,0.5,1,1,ATCTTAACCGTCGTTGCATA,0,4369768
yadI_predicted,0.5,1,1,ATCTGCCTGCTTCAGCCAAG,0,4300708
yadI_predicted,0.5,1,1,ATCTGCAAAAGGATTCAACT,0,4355789
yadI_predicted,0.5,1,1,ATCTCGCCTATAGAAATTCT,0,4337747
yadI_predicted,0.5,1,1,ATCTCGAGTACGTGGAATTC,0,4364196
yadI_predicted,0.5,1,1,ATCTCAGTGATAACTGACTC,0,4308311
yadI_predicted,0.5,1,1,ATCTCAGGAGCCGCGGTGCG,0,4293760
yadI_predicted,0.5,1,1,ATCTATAGTAGGCCCTCGTT,0,4350834
yadI_predicted,0.5,1,1,ATCTAGTGATGGTAAATGAT,0,4284815
yadI_predicted,0.5,1,1,ATCTAGACGGGTGGAACTTT,0,4306055
yadI_predicted,0.5,1,1,ATCTACTCTTGGAAGCGGCC,0,4338428
yadI_predicted,0.5,1,1,ATCGTTACCTGCCATTAGAT,0,4353911
yadI_predicted,0.5,1,1,ATCGTCTGAATATTTGAAAT,0,4294475
yadI_predicted,0.5,1,1,ATCGTCGCCAGCCACATCTA,0,4349617
yadI_predicted,0.5,1,1,ATCGTAGGCCCGGCATTCCA,0,4318035
yadI_predicted,0.5,1,1,ATCGGGGGGCCGCGTAATCC,0,4359871
yadI_predicted,0.5,1,1,ATCGGGAGGACCTGTGTCTT,0,4332661
yadI_predicted,0.5,1,1,ATCGGGACTGGGACGCTTCC,0,4287342
yadI_predicted,0.5,1,1,ATCGGATACTCGCACTTATA,0,4365071
yadI_predicted,0.5,1,1,ATCGATGACGGGTTCCGACA,0,4347834
yadI_predicted,0.5,1,1,ATCCTCCAAGCCCGCAGAGC,0,4351092
yadI_predicted,0.5,1,1,ATCCTAGAACGGGACCCGTA,0,4312463
yadI_predicted,0.5,1,1,ATCCGTCAGGAGGTGTGCCC,0,4314662
yadI_predicted,0.5,1,1,ATCCGTACTAATATCGTATC,0,4348324
yadI_predicted,0.5,1,1,ATCCGATCGTGTCGCAGCAA,0,4346636
yadI_predicted,0.5,1,1,ATCCGAAACCGTCCCTTACG,0,4364828
yadI_predicted,0.5,1,1,ATCCCTTTTGCCAATGTGAC,0,4350432
yadI_predicted,0.5,1,1,ATCCCTCGCTGCGACCTGCC,0,4364679
yadI_predicted,0.5,1,1,ATCCCCATATAAGAGCCCTT,0,4311149
yadI_predicted,0.5,1,1,ATCCCATTTCATAATTGCTT,0,4333751
yadI_predicted,0.5,1,1,ATCCAGATACGGAAGGGTGG,0,4300066
yadI_predicted,0.5,1,1,ATCATCGTGCACTGCCCCAT,0,4339616
yadI_predicted,0.5,1,1,ATCATAACTCCGTCGGCAGT,0,4347033
yadI_predicted,0.5,1,1,ATCAGTACTCGCGGCGAACC,0,4330407
yadI_predicted,0.5,1,1,ATCAGGTAGATACGGATTTT,0,4364742
yadI_predicted,0.5,1,1,ATCAGGCACCGGTGTGCCCA,0,4325873
yadI_predicted,0.5,1,1,ATCACGCAAGGATGCAGATA,0,4356733
yadI_predicted,0.5,1,1,ATCACCCCCGGATACAACTA,0,4335436
yadI_predicted,0.5,1,1,ATCACCACACCATATCAGCA,0,4285753
yadI_predicted,0.5,1,1,ATCACAGTGGATTGAGGTCT,0,4288987
yadI_predicted,0.5,1,1,ATCACAGAGCAGGGGCTCGG,0,4364003
yadI_predicted,0.5,1,1,ATCAATCTCAGAGTGGTGTC,0,4289179
yadI_predicted,0.5,1,1,ATCAAGCGCACCGTAAGTAT,0,4321999
yadI_predicted,0.5,1,1,ATATTTAATCAAACAGTCAA,0,4348231
yadI_predicted,0.5,1,1,ATATTGTTGTGGGAAGGCTG,0,4312881
yadI_predicted,0.5,1,1,ATATTATAAGCTAACGTATA,0,4292931
yadI_predicted,0.5,1,1,ATATTATAACTGTTCCACGC,0,4300903
yadI_predicted,0.5,1,1,ATATCTATCTTGGTTAAGCT,0,4367837
yadI_predicted,0.5,1,1,ATATCGTTGGAACAACACTC,0,4308313
yadI_predicted,0.5,1,1,ATATCGTCTCGCAAGCTAGC,0,4343723
yadI_predicted,0.5,1,1,ATATATATTTCTGTCGTGCT,0,4330017
yadI_predicted,0.5,1,1,ATATATAGACACCGCCTCAT,0,4365793
yadI_predicted,0.5,1,1,ATATACCAATGTTCCGTTCT,0,4309360
yadI_predicted,0.5,1,1,ATATAATGAAAGGTCCTGCG,0,4326701
yadI_predicted,0.5,1,1,ATAGGTACTATAATTTGCGA,0,4290089
yadI_predicted,0.5,1,1,ATAGGGACTCCGTAATGCAA,0,4364864
yadI_predicted,0.5,1,1,ATAGCTTGCGTTATTATTTG,0,4359724
yadI_predicted,0.5,1,1,ATAGCTACCACTTGATCTCT,0,4325801
yadI_predicted,0.5,1,1,ATAGCGCCGTTATAGGCTGT,0,4329902
yadI_predicted,0.5,1,1,ATAGCGACTGGGAACGGTTA,0,4295423
yadI_predicted,0.5,1,1,ATAGCCGAAGGTAAGCCGGA,0,4336714
yadI_predicted,0.5,1,1,ATAGAGTTGATTAATTTAAG,0,4322133
yadI_predicted,0.5,1,1,ATAGACGGCGCCTTCAGGCC,0,4326714
yadI_predicted,0.5,1,1,ATACTTTACTCCTCTGGTAT,0,4352189
yadI_predicted,0.5,1,1,ATACTTGATGAAGACGCACT,0,4289122
yadI_predicted,0.5,1,1,ATACTTACCGGACGCATGCA,0,4326132
yadI_predicted,0.5,1,1,ATACTGGTCCTCGTAATGTG,0,4312257
yadI_predicted,0.5,1,1,ATACTGGCGTTAGCGCCTGT,0,4358630
yadI_predicted,0.5,1,1,ATACTCTGTATATACGCATC,0,4328364
yadI_predicted,0.5,1,1,ATACTCTGGTGCGCACACCA,0,4336268
yadI_predicted,0.5,1,1,ATACTCTAGAAGGTCCGGAA,0,4300387
yadI_predicted,0.5,1,1,ATACGTCGGTTCGCGAATCA,0,4292837
yadI_predicted,0.5,1,1,ATACGGTCGCCAAATTATAG,0,4319623
yadI_predicted,0.5,1,1,ATACGGACCAATCGGCGGTC,0,4364753
yadI_predicted,0.5,1,1,ATACGGAACACTCTGGGTCT,0,4334393
yadI_predicted,0.5,1,1,ATACGATGTTGTGAATACAA,0,4307626
yadI_predicted,0.5,1,1,ATACGAGGGCAACGCAGACA,0,4287843
yadI_predicted,0.5,1,1,ATACGAAATACACGAAAATT,0,4359073
yadI_predicted,0.5,1,1,ATACCGTAGCCACAACCAAG,0,4338657
yadI_predicted,0.5,1,1,ATACCGCGTGAATCGGGTAA,0,4348533
yadI_predicted,0.5,1,1,ATACCCCCCCCGCCGATGCT,0,4345738
yadI_predicted,0.5,1,1,ATACATGTGGTTGGACTCGC,0,4360012
yadI_predicted,0.5,1,1,ATACATCGCGTCGGATTCGG,0,4352479
yadI_predicted,0.5,1,1,ATACATCGATGATGTGTTAT,0,4356863
yadI_predicted,0.5,1,1,ATACAAAGGGGCGCAAGGTG,0,4369487
yadI_predicted,0.5,1,1,ATAAGCGACCCACCTATGCC,0,4356693
yadI_predicted,0.5,1,1,ATAACTGCAGAGGTGAGCAT,0,4310021
yadI_predicted,0.5,1,1,ATAACGTTCATAAGCTTGAA,0,4340002
yadI_predicted,0.5,1,1,ATAACAGCCGCACGGCACCA,0,4347316
yadI_predicted,0.5,1,1,ATAACAAGCCGATGGGGGGT,0,4335000
yadI_predicted,0.5,1,1,AGTTTTTCAGTTCTGGGCAC,0,4290897
yadI_predicted,0.5,1,1,AGTTTTCAAGTTCGCCAGTT,0,4334846
yadI_predicted,0.5,1,1,AGTTTTATTGCCGCGCCTTC,0,4333182
yadI_predicted,0.5,1,1,AGTTTGTCGGGCTAGGCAGT,0,4366780
yadI_predicted,0.5,1,1,AGTTTGAGGTATCTGATATC,0,4336367
yadI_predicted,0.5,1,1,AGTTTCGGCCATAGAAGGAC,0,4360922
yadI_predicted,0.5,1,1,AGTTGTAAAATCTTAGTACC,0,4352244
yadI_predicted,0.5,1,1,AGTTGGCCTCCGGACGATGG,0,4309377
yadI_predicted,0.5,1,1,AGTTGGACAGTACGCCCGGT,0,4332284
yadI_predicted,0.5,1,1,AGTTCATTAACCGCCTGGGT,0,4367107
yadI_predicted,0.5,1,1,AGTTATTCAATGTTAGCGGA,0,4361433
yadI_predicted,0.5,1,1,AGTGTTATGTCGTCCAGAGT,0,4331450
yadI_predicted,0.5,1,1,AGTGTCCAAATGCACGACGT,0,4331145
yadI_predicted,0.5,1,1,AGTGGGCGGCGGAAAATGGC,0,4367706
yadI_predicted,0.5,1,1,AGTGCTCCAGTCCATTACAT,0,4301204
yadI_predicted,0.5,1,1,AGTGCTAGAGCTCCACCTAG,0,4358166
yadI_predicted,0.5,1,1,AGTGCATGTCTTCCAAGTTC,0,4337924
yadI_predicted,0.5,1,1,AGTGCACTAGCCACCATGAT,0,4330839
yadI_predicted,0.5,1,1,AGTCTTTCTCCAGGGCGCTG,0,4345205
yadI_predicted,0.5,1,1,AGTCTGCAAGGACGACGCTC,0,4365002
yadI_predicted,0.5,1,1,AGTCTAGGCGTATGTTTAGT,0,4361292
yadI_predicted,0.5,1,1,AGTCGGTTGTTCCGTGTTCG,0,4324087
yadI_predicted,0.5,1,1,AGTCGGGGAAAGCATGGCAA,0,4331310
yadI_predicted,0.5,1,1,AGTCGGCTTATCTTACGGCA,0,4358577
yadI_predicted,0.5,1,1,AGTCGCGTGTGCAGGACCTC,0,4362569
yadI_predicted,0.5,1,1,AGTCGAGCACATCTACTCGA,0,4285877
yadI_predicted,0.5,1,1,AGTCCGGAGAGGGAGGAAGA,0,4326929
yadI_predicted,0.5,1,1,AGTCCCATGGTCGTTCAACC,0,4339581
yadI_predicted,0.5,1,1,AGTCCATTGATAATGGCTCA,0,4304691
yadI_predicted,0.5,1,1,AGTCATTCGCTCTTAGGTTT,0,4312069
yadI_predicted,0.5,1,1,AGTCAAAGGGATTGTGAACG,0,4293607
yadI_predicted,0.5,1,1,AGTCAAAACGGATTAAATGA,0,4340582
yadI_predicted,0.5,1,1,AGTATTCTGAAGGGGAGCGT,0,4368680
yadI_predicted,0.5,1,1,AGTAGTTGCGTTCATACATC,0,4301339
yadI_predicted,0.5,1,1,AGTAGCTCTAAAATCGGAGG,0,4330971
yadI_predicted,0.5,1,1,AGTAGCGTCATTCCCCGTTT,0,4288621
yadI_predicted,0.5,1,1,AGTACATGCTCCGAAAGTCG,0,4300528
yadI_predicted,0.5,1,1,AGTAATAAGACACGGACGTG,0,4324544
yadI_predicted,0.5,1,1,AGTAAATTAGTCGTCCGGAG,0,4363305
yadI_predicted,0.5,1,1,AGGTTTTACAGATTTTCAAT,0,4325861
yadI_predicted,0.5,1,1,AGGTTTGGAAGTTCATACCT,0,4365788
yadI_predicted,0.5,1,1,AGGTTTACAGCCATTCACGA,0,4352430
yadI_predicted,0.5,1,1,AGGTTGATCGCCGACGGCGG,0,4349624
yadI_predicted,0.5,1,1,AGGTGAGCCTACGACCTCGC,0,4287919
yadI_predicted,0.5,1,1,AGGTCTACGCGTCTCCAGGA,0,4294532
yadI_predicted,0.5,1,1,AGGTCGGGGGAGTTTTAAAC,0,4331218
yadI_predicted,0.5,1,1,AGGTCATGGAGTCGTTGGGA,0,4349831
yadI_predicted,0.5,1,1,AGGTCAGTTATGCTGCTCGA,0,4340641
yadI_predicted,0.5,1,1,AGGTCACACGCACGTCCCAG,0,4345274
yadI_predicted,0.5,1,1,AGGTACTTTTATATGGTTCA,0,4322195
yadI_predicted,0.5,1,1,AGGGTCACCGATCGAGTTTA,0,4284438
yadI_predicted,0.5,1,1,AGGGTAAGAACGGCCGGATA,0,4329022
yadI_predicted,0.5,1,1,AGGGGTTAGTATCTTCTCGC,0,4335223
yadI_predicted,0.5,1,1,AGGGGTTAAGTTTAACATTA,0,4341957
yadI_predicted,0.5,1,1,AGGGGTGTTGCTGCCTAGAC,0,4301612
yadI_predicted,0.5,1,1,AGGGGGGCACGTCGCCACGA,0,4286895
yadI_predicted,0.5,1,1,AGGGGAGTGAATAGGTGCAA,0,4333339
yadI_predicted,0.5,1,1,AGGGCTTTCTCACCCAATCT,0,4338711
yadI_predicted,0.5,1,1,AGGGCTATGGGAGGAAATCT,0,4321780
yadI_predicted,0.5,1,1,AGGGCCGATAGAATAGCGAG,0,4308238
yadI_predicted,0.5,1,1,AGGGCAGTTGGCTCGTGGCG,0,4327109
yadI_predicted,0.5,1,1,AGGGCAAACGCAAACCAAAT,0,4356072
yadI_predicted,0.5,1,1,AGGGATTTTCGTGCATAGAA,0,4320294
yadI_predicted,0.5,1,1,AGGGATGGACGAATGGCTTC,0,4327554
yadI_predicted,0.5,1,1,AGGGATAGGTGAATCATTGA,0,4328202
yadI_predicted,0.5,1,1,AGGGACCGACCATTGCTCAA,0,4354018
yadI_predicted,0.5,1,1,AGGGAATACTCACCAACAGT,0,4361889
yadI_predicted,0.5,1,1,AGGGAATAACGCCAAGCTTC,0,4292887
yadI_predicted,0.5,1,1,AGGCTTCTAACAACGTTAGT,0,4359461
yadI_predicted,0.5,1,1,AGGCTTATTGATGGAGCCCA,0,4338360
yadI_predicted,0.5,1,1,AGGCTTACAGGACTGGTATT,0,4319720
yadI_predicted,0.5,1,1,AGGCTTAATTAATGGGGAAG,0,4367997
yadI_predicted,0.5,1,1,AGGCGGGTATTGGTCTGTGA,0,4311393
yadI_predicted,0.5,1,1,AGGCGGAAGCTTTGGGACTG,0,4306160
yadI_predicted,0.5,1,1,AGGCCTTGACCCAGAAAAGC,0,4359709
yadI_predicted,0.5,1,1,AGGCCATTGGTCCATCGTAC,0,4355574
yadI_predicted,0.5,1,1,AGGCAGCGCCGAGCGTGGAG,0,4341746
yadI_predicted,0.5,1,1,AGGCAATCCCCCATGGGGAT,0,4289345
yadI_predicted,0.5,1,1,AGGATGTTCAATTTAGCAGT,0,4343102
yadI_predicted,0.5,1,1,AGGATCGGGAAGCTTCCTTT,0,4304948
yadI_predicted,0.5,1,1,AGGAGGATTAGCGTTGTGTG,0,4309649
yadI_predicted,0.5,1,1,AGGAGCTGCAAAACACGAGA,0,4317734
yadI_predicted,0.5,1,1,AGGAGCATACTTCCATGAAG,0,4292398
yadI_predicted,0.5,1,1,AGGAGAACACAGTTAGCGTG,0,4350657
yadI_predicted,0.5,1,1,AGGACTTCATCCGAGGTGTT,0,4289127
yadI_predicted,0.5,1,1,AGGACAGCAGTAAGAGTGGA,0,4302890
yadI_predicted,0.5,1,1,AGGAAGGCGCACACACTATG,0,4303588
yadI_predicted,0.5,1,1,AGGAAGCGACAAATGCGGGA,0,4296624
yadI_predicted,0.5,1,1,AGGAACGTCACACAGAGCGC,0,4298244
yadI_predicted,0.5,1,1,AGGAAATCGTGAAAAACTTC,0,4335689
yadI_predicted,0.5,1,1,AGGAAACGTCTTGCCCGCTA,0,4292927
yadI_predicted,0.5,1,1,AGCTTTGCAGTTAGAATGCA,0,4309553
yadI_predicted,0.5,1,1,AGCTTTGAACGACATTGAAT,0,4306156
yadI_predicted,0.5,1,1,AGCTTCACCTTGGCTTTTCA,0,4328983
yadI_predicted,0.5,1,1,AGCTGTCTAACGCGGGAGCC,0,4353517
yadI_predicted,0.5,1,1,AGCTGTAACCCGTGTCATAA,0,4289089
yadI_predicted,0.5,1,1,AGCTGCCCGAATGTCAAAGT,0,4299908
yadI_predicted,0.5,1,1,AGCTCTGCGGGTTCGAGGGA,0,4336313
yadI_predicted,0.5,1,1,AGCTCACGTAGGACTTCGGG,0,4293155
yadI_predicted,0.5,1,1,AGCTCACCAATTCCCGCTTG,0,4298204
yadI_predicted,0.5,1,1,AGCTAGCGTATACTTAACGC,0,4362523
yadI_predicted,0.5,1,1,AGCTACATGTTCCTTTGGAT,0,4357232
yadI_predicted,0.5,1,1,AGCGTCCATTAACCTTGAGA,0,4307296
yadI_predicted,0.5,1,1,AGCGGCGACCCGTATTAACC,0,4362823
yadI_predicted,0.5,1,1,AGCGGCCGCACGTCTGCCAC,0,4365969
yadI_predicted,0.5,1,1,AGCGGCCAACACGTATTCCC,0,4342940
yadI_predicted,0.5,1,1,AGCGCCCGAACTTGATAGCC,0,4292149
yadI_predicted,0.5,1,1,AGCGCCCCTCGAGCGAACTT,0,4347890
yadI_predicted,0.5,1,1,AGCGAACGACATACGTGGGT,0,4357444
yadI_predicted,0.5,1,1,AGCGAAACAAATGGAGGAAT,0,4302107
yadI_predicted,0.5,1,1,AGCCTCCCATGCGGATGTGG,0,4295581
yadI_predicted,0.5,1,1,AGCCGTTAATGATGGTCGTC,0,4306545
yadI_predicted,0.5,1,1,AGCCGCGGCTGTGCCGGAGC,0,4310228
yadI_predicted,0.5,1,1,AGCCGCCGGCGGGCCGTTAC,0,4291450
yadI_predicted,0.5,1,1,AGCCGCCGACTATAACATAT,0,4345859
yadI_predicted,0.5,1,1,AGCCGAACGGATGCTAATGT,0,4338119
yadI_predicted,0.5,1,1,AGCCCTGATAGTGGATAACC,0,4286452
yadI_predicted,0.5,1,1,AGCCCGGTCAGTTCTTTTCT,0,4340382
yadI_predicted,0.5,1,1,AGCCCGCTTAACCCCCGGTT,0,4336671
yadI_predicted,0.5,1,1,AGCCAGGGTAAGCCGACGTG,0,4341042
yadI_predicted,0.5,1,1,AGCCAAATCTCGGATGAAAG,0,4287225
yadI_predicted,0.5,1,1,AGCATTCTGGACTCTCGCAA,0,4318502
yadI_predicted,0.5,1,1,AGCATCAACTAGCTCCCTGT,0,4358409
yadI_predicted,0.5,1,1,AGCATACTTACCTTAGGCTT,0,4301012
yadI_predicted,0.5,1,1,AGCAGGAAATAACCACTCCT,0,4358829
yadI_predicted,0.5,1,1,AGCAGAGTCTCGGCCAAAAC,0,4319761
yadI_predicted,0.5,1,1,AGCAGAAATCAAGAACTTAC,0,4318547
yadI_predicted,0.5,1,1,AGCACGGTGCAAGAGGTTTT,0,4339438
yadI_predicted,0.5,1,1,AGCAATTGCGAACGGGATCA,0,4323118
yadI_predicted,0.5,1,1,AGCAACCTAATCACTATAGT,0,4335411
yadI_predicted,0.5,1,1,AGATTTTTTAGTACTCGTTA,0,4295418
yadI_predicted,0.5,1,1,AGATTTTTCAACGCATACTT,0,4329682
yadI_predicted,0.5,1,1,AGATTTCGCGGTTTACGGAT,0,4319798
yadI_predicted,0.5,1,1,AGATGAGGTCAAACAGAAAT,0,4355390
yadI_predicted,0.5,1,1,AGATGACCAGTCGGTCTCAC,0,4361875
yadI_predicted,0.5,1,1,AGATCATGTTAAGTTCGAGC,0,4295223
yadI_predicted,0.5,1,1,AGATCAGCATGTGAACGGCT,0,4350765
yadI_predicted,0.5,1,1,AGATCAACGTGTGGGCGACT,0,4336388
yadI_predicted,0.5,1,1,AGATAGGTTGGCGAGTGCTT,0,4290519
yadI_predicted,0.5,1,1,AGATAGCATACCTTCATACA,0,4321921
yadI_predicted,0.5,1,1,AGATACCCTTTGACTTAACG,0,4343442
yadI_predicted,0.5,1,1,AGAGGGTGGATTTGTGGTCC,0,4358109
yadI_predicted,0.5,1,1,AGAGCCCGTAAGGTAGGAAA,0,4309997
yadI_predicted,0.5,1,1,AGAGATCTACCCGCGTTCAA,0,4317906
yadI_predicted,0.5,1,1,AGACTTTATCCTGCGTGAGA,0,4343183
yadI_predicted,0.5,1,1,AGACATACATCACTTCGCGA,0,4364125
yadI_predicted,0.5,1,1,AGACACTGATTTATGACGCG,0,4356714
yadI_predicted,0.5,1,1,AGAATGGTCTTTGCAGCTGG,0,4284251
yadI_predicted,0.5,1,1,AGAATGCGTAGAGGACAATA,0,4290475
yadI_predicted,0.5,1,1,AGAATCGTGCGTCTTTTTTT,0,4330314
yadI_predicted,0.5,1,1,AGAAGGGTTCGCTTTTTAAT,0,4301228
yadI_predicted,0.5,1,1,AGAAGCCTGGCACATCTAGT,0,4334049
yadI_predicted,0.5,1,1,AGAAGATCTAAGTCGGCGCA,0,4351551
yadI_predicted,0.5,1,1,AGAACTTGTGGCTGCGTTCC,0,4290245
yadI_predicted,0.5,1,1,AGAACGATACCTGATTTCGA,0,4349784
yadI_predicted,0.5,1,1,AGAACAATCTATATTCTATA,0,4330505
yadI_predicted,0.5,1,1,AGAAATAAGGCTAAAGGAAG,0,4347017
yadI_predicted,0.5,1,1,AGAAACGTCTCCGGTTCAGA,0,4297988
yadI_predicted,0.5,1,1,AGAAACCCCGAATCGCCTTT,0,4367432
yadI_predicted,0.5,1,1,AGAAAAAGTAAGTGTGGTCC,0,4320111
yadI_predicted,0.5,1,1,ACTTTGTGTTTAAAAACCCA,0,4300012
yadI_predicted,0.5,1,1,ACTTTATTTTAGGTCCGTGC,0,4293277
yadI_predicted,0.5,1,1,ACTTCTAGCAAGTCCGTCTC,0,4354879
yadI_predicted,0.5,1,1,ACTTCCAGTAAGATTATGCT,0,4316176
yadI_predicted,0.5,1,1,ACTTCAAAGCTTTCATCAGT,0,4317008
yadI_predicted,0.5,1,1,ACTTAATCTCTGGCGAGTTA,0,4330758
yadI_predicted,0.5,1,1,ACTGTGTCTCGGCTCTAACA,0,4367534
yadI_predicted,0.5,1,1,ACTGTGAGCCTAGGGGTTAA,0,4357157
yadI_predicted,0.5,1,1,ACTGGTGGTACTGGCCTGGT,0,4355695
yadI_predicted,0.5,1,1,ACTGGGAAGTGTGTTTCCGG,0,4359086
yadI_predicted,0.5,1,1,ACTGGCTACAAGAGACCGGG,0,4301788
yadI_predicted,0.5,1,1,ACTGCTTCGCGATTCGCTCA,0,4360430
yadI_predicted,0.5,1,1,ACTGCGGGTAAGCCAGAGAT,0,4284281
yadI_predicted,0.5,1,1,ACTGCCGCAGATTCGGGATA,0,4325905
yadI_predicted,0.5,1,1,ACTGATCCCCCGTTATGAAC,0,4311908
yadI_predicted,0.5,1,1,ACTGAAAGTTACATAGGGTG,0,4345981
yadI_predicted,0.5,1,1,ACTCTTTGCCTTCATTCCCA,0,4307578
yadI_predicted,0.5,1,1,ACTCTGAGACATTGACAGAC,0,4348555
yadI_predicted,0.5,1,1,ACTCTCGAATGAGGAGTCGG,0,4352871
yadI_predicted,0.5,1,1,ACTCGTTCCGGTGAGGGTGA,0,4284619
yadI_predicted,0.5,1,1,ACTCGGGAGGACAAGACCGG,0,4284368
yadI_predicted,0.5,1,1,ACTCGGCCCTGTTTCGGTCT,0,4320708
yadI_predicted,0.5,1,1,ACTCGGCACGTCCTTAAACG,0,4325584
yadI_predicted,0.5,1,1,ACTCGAGGGTATTCAGCGGC,0,4286617
yadI_predicted,0.5,1,1,ACTCGAGAAACTCTGGCCTA,0,4330269
yadI_predicted,0.5,1,1,ACTCCGTCAGGTCGGGGCTA,0,4342337
yadI_predicted,0.5,1,1,ACTCACAGGACGAAGCACGT,0,4345452
yadI_predicted,0.5,1,1,ACTATGATTTTATTACGTTA,0,4327726
yadI_predicted,0.5,1,1,ACTAGGTGTGACAAACACGC,0,4352191
yadI_predicted,0.5,1,1,ACTAGCTGTTATCTTTACGT,0,4296863
yadI_predicted,0.5,1,1,ACTAGACGTCAGGAATCGGT,0,4324212
yadI_predicted,0.5,1,1,ACTACTTAGTGACCATCCCA,0,4359132
yadI_predicted,0.5,1,1,ACTACGTTCCTAAAGTTTTG,0,4313375
yadI_predicted,0.5,1,1,ACTACCGTTACCAAGAGGGC,0,4285944
yadI_predicted,0.5,1,1,ACTACCCTAATTTCTAATGC,0,4357159
yadI_predicted,0.5,1,1,ACTAAGCCCTGGAGTCATTT,0,4307636
yadI_predicted,0.5,1,1,ACGTTCGTCTTTTCAATTGG,0,4352790
yadI_predicted,0.5,1,1,ACGTTCGGACGGGACGCCCC,0,4315298
yadI_predicted,0.5,1,1,ACGTTATGCCTGGTCTGCGG,0,4300217
yadI_predicted,0.5,1,1,ACGTTAAAGTCGCCCTAGTT,0,4314213
yadI_predicted,0.5,1,1,ACGTGCGTTGGGCTTTCACT,0,4325005
yadI_predicted,0.5,1,1,ACGTGACTAAGTGTCATGTC,0,4295825
yadI_predicted,0.5,1,1,ACGTGACCATTACACCTAAT,0,4313958
yadI_predicted,0.5,1,1,ACGTCTGAGTTTGAAGAGTG,0,4298008
yadI_predicted,0.5,1,1,ACGTCGCCGGGAGGTGGAAC,0,4368674
yadI_predicted,0.5,1,1,ACGTATGGCCGGCATATTGA,0,4327345
yadI_predicted,0.5,1,1,ACGTACCTGCGTTGCTTCAT,0,4347797
yadI_predicted,0.5,1,1,ACGTAAGGCCGACGCCAGTT,0,4299955
yadI_predicted,0.5,1,1,ACGGTCAACAAGATAAAGCT,0,4348976
yadI_predicted,0.5,1,1,ACGGGGCCTTGAAAGAAGAA,0,4309637
yadI_predicted,0.5,1,1,ACGGGGCCACTTTGTGCGTC,0,4290945
yadI_predicted,0.5,1,1,ACGGCTGGTCAATGATAGTC,0,4333202
yadI_predicted,0.5,1,1,ACGGCCCACCCTACTGATTA,0,4288331
yadI_predicted,0.5,1,1,ACGGCACCCATTCACACAAG,0,4304597
yadI_predicted,0.5,1,1,ACGGACGCTGAAAGAAAGAA,0,4336033
yadI_predicted,0.5,1,1,ACGCGGTGTGGTACGCCTTA,0,4357552
yadI_predicted,0.5,1,1,ACGCGGTGAGAGACACCGTT,0,4354515
yadI_predicted,0.5,1,1,ACGCCGTTGGGTGGTAGACG,0,4316742
yadI_predicted,0.5,1,1,ACGCCATCCAGCCCTCTCTG,0,4347301
yadI_predicted,0.5,1,1,ACGCATCCAGTTAGCATAAT,0,4341581
yadI_predicted,0.5,1,1,ACGCACAAACATGTAATTGA,0,4369792
yadI_predicted,0.5,1,1,ACGCAACCGATGACTCAGAA,0,4354563
yadI_predicted,0.5,1,1,ACGATTCTACATCATGTGTG,0,4366620
yadI_predicted,0.5,1,1,ACGATGGTGCGCTGACTACA,0,4329691
yadI_predicted,0.5,1,1,ACGATCTCAATGGTTTCCAT,0,4353355
yadI_predicted,0.5,1,1,ACGATATCGCAAAAGGGCGA,0,4343197
yadI_predicted,0.5,1,1,ACGATAAGTTCATTTACTTG,0,4327116
yadI_predicted,0.5,1,1,ACGAGATCATCTAGTGGTCA,0,4363376
yadI_predicted,0.5,1,1,ACGACCAGAGGTCATACTAC,0,4351542
yadI_predicted,0.5,1,1,ACGAATGGCGAAGTTTAGTC,0,4330056
yadI_predicted,0.5,1,1,ACGAAATCATAACCAACCTT,0,4323745
yadI_predicted,0.5,1,1,ACCTTGATATCGGAACACAA,0,4352666
yadI_predicted,0.5,1,1,ACCTTCTTACCGGAGCGTCT,0,4322988
yadI_predicted,0.5,1,1,ACCTTCATGACATGCCGATA,0,4356850
yadI_predicted,0.5,1,1,ACCTTCATAGATGGCCCACC,0,4354014
yadI_predicted,0.5,1,1,ACCTGCAAGACATAGCGAAC,0,4299441
yadI_predicted,0.5,1,1,ACCTGAACGACATTACATTT,0,4351869
yadI_predicted,0.5,1,1,ACCTGAACCTAGAGGGTTAT,0,4362627
yadI_predicted,0.5,1,1,ACCTCGTCCGTTCACGCCCC,0,4337198
yadI_predicted,0.5,1,1,ACCTCCTCTTGGCACTCACA,0,4286361
yadI_predicted,0.5,1,1,ACCTATGGACTGTCAGTTGT,0,4313711
yadI_predicted,0.5,1,1,ACCTATAATACGGTACGTGT,0,4329622
yadI_predicted,0.5,1,1,ACCGTTTCCGCTGGGTCATG,0,4298822
yadI_predicted,0.5,1,1,ACCGTAGCGCATGCAATTAT,0,4310523
yadI_predicted,0.5,1,1,ACCGGTACAGTGGGGAATGA,0,4344488
yadI_predicted,0.5,1,1,ACCGGGCATCATACTTGGGT,0,4363206
yadI_predicted,0.5,1,1,ACCGGGACATCGGTATTAAT,0,4305619
yadI_predicted,0.5,1,1,ACCGGATTAACAGACTGGGT,0,4309251
yadI_predicted,0.5,1,1,ACCGGAAGGCCTTGCCGAAC,0,4325568
yadI_predicted,0.5,1,1,ACCGAGGAATGTGGTGCATC,0,4314510
yadI_predicted,0.5,1,1,ACCGACTAAGGTTGAGACCG,0,4298825
yadI_predicted,0.5,1,1,ACCGAAGGGTTTAGTCTGCC,0,4365210
yadI_predicted,0.5,1,1,ACCCTTCTGCAATTGTATAA,0,4333186
yadI_predicted,0.5,1,1,ACCCTGTTCCCTCAGACATA,0,4367307
yadI_predicted,0.5,1,1,ACCCTATTGCGTGATTGATC,0,4319862
yadI_predicted,0.5,1,1,ACCCTATGAGCTCTTTCCCA,0,4338086
yadI_predicted,0.5,1,1,ACCCGTGGGGTTCCATGAAC,0,4290085
yadI_predicted,0.5,1,1,ACCCGTCCCGGCGACCTTTA,0,4323627
yadI_predicted,0.5,1,1,ACCCGGCTTCTGTGTGTGCC,0,4321427
yadI_predicted,0.5,1,1,ACCCGGCAAGGCCCGCGGTT,0,4309689
yadI_predicted,0.5,1,1,ACCCGCCGATTAGGACGACT,0,4302670
yadI_predicted,0.5,1,1,ACCCGCAGCGGTCTGGAAAC,0,4292929
yadI_predicted,0.5,1,1,ACCCCCTTATAGACAACATC,0,4293857
yadI_predicted,0.5,1,1,ACCCCCTCATATCCCGTGCG,0,4297571
yadI_predicted,0.5,1,1,ACCATGTGAGCTGGCACCCC,0,4293729
yadI_predicted,0.5,1,1,ACCATGCAGACGATACCATC,0,4304663
yadI_predicted,0.5,1,1,ACCAGTCGTTCGGTGGAAAT,0,4357134
yadI_predicted,0.5,1,1,ACCAGTCGGGGGCAACATAA,0,4296912
yadI_predicted,0.5,1,1,ACCAGCATTGGAGGAATTAG,0,4343466
yadI_predicted,0.5,1,1,ACCACACGTGCCCTGTAGAG,0,4358461
yadI_predicted,0.5,1,1,ACCAAGTGACATCCCACCGT,0,4307186
yadI_predicted,0.5,1,1,ACCAAATTATGCCTGTCGCA,0,4317176
yadI_predicted,0.5,1,1,ACCAAATTAAAGGGTGCCAG,0,4288152
yadI_predicted,0.5,1,1,ACCAAATGCATGAACTTAGC,0,4313290
yadI_predicted,0.5,1,1,ACATTTTGCTCCTGAGGCCT,0,4322790
yadI_predicted,0.5,1,1,ACATTCTAAGTTTGAACACT,0,4361129
yadI_predicted,0.5,1,1,ACATTCATGCAGCGCTCGAA,0,4303259
yadI_predicted,0.5,1,1,ACATTATGGTGACAAGGCTT,0,4329290
yadI_predicted,0.5,1,1,ACATTAATTCTATCGCCTAC,0,4363456
yadI_predicted,0.5,1,1,ACATGGCGTCTAGCGCCTGA,0,4295910
yadI_predicted,0.5,1,1,ACATGCGCAATTTGCTTCTT,0,4332113
yadI_predicted,0.5,1,1,ACATGCACGATACGTTTGCA,0,4299785
yadI_predicted,0.5,1,1,ACATCTATTCTAATCAAGTA,0,4317736
yadI_predicted,0.5,1,1,ACATCGTCGGTTGCTATTGT,0,4334178
yadI_predicted,0.5,1,1,ACATCGAGGACGACCTGTCA,0,4321475
yadI_predicted,0.5,1,1,ACATCCGGGCGAGGACTACT,0,4324068
yadI_predicted,0.5,1,1,ACATCATTCGGCTTTCATTT,0,4287672
yadI_predicted,0.5,1,1,ACATCATGGCTTCCGGCACT,0,4317432
yadI_predicted,0.5,1,1,ACATATACGATACCGGATGT,0,4316985
yadI_predicted,0.5,1,1,ACAGTTCTTTTTTATAGATA,0,4284960
yadI_predicted,0.5,1,1,ACAGTGTGGAGAAGCGGTAT,0,4292041
yadI_predicted,0.5,1,1,ACAGTCGAGATCTTTCTTAT,0,4296892
yadI_predicted,0.5,1,1,ACAGTATAGGGGCATGAGAC,0,4358043
yadI_predicted,0.5,1,1,ACAGTAGCATTCATAGGTGG,0,4311891
yadI_predicted,0.5,1,1,ACAGGGTTGGCATCGCAAGA,0,4321416
yadI_predicted,0.5,1,1,ACAGGCTGGCACTGTGAATT,0,4357216
yadI_predicted,0.5,1,1,ACAGGATGGTTGGTTTCGAG,0,4306366
yadI_predicted,0.5,1,1,ACAGGACAGATGTTTTGTGT,0,4303250
yadI_predicted,0.5,1,1,ACAGCTAATTAACCGTGATG,0,4346760
yadI_predicted,0.5,1,1,ACAGCAATCGAAAATCGGTC,0,4349769
yadI_predicted,0.5,1,1,ACAGATCAGGGTGGTTATTA,0,4360478
yadI_predicted,0.5,1,1,ACAGATAGAGCAGCCAATCT,0,4366521
yadI_predicted,0.5,1,1,ACACTGAGAAAAAGGGGTTA,0,4315223
yadI_predicted,0.5,1,1,ACACGTCCCTGTACCAGGTG,0,4331969
yadI_predicted,0.5,1,1,ACACGTCCCTAAAAGATTGT,0,4359775
yadI_predicted,0.5,1,1,ACACGAGTCTATCCGGAATG,0,4341632
yadI_predicted,0.5,1,1,ACACCTTCTCCGTGAGCACG,0,4324506
yadI_predicted,0.5,1,1,ACACCACTTAATCCGCCGGA,0,4366113
yadI_predicted,0.5,1,1,ACACATGATGGCTTAAGTAG,0,4357624
yadI_predicted,0.5,1,1,ACAATTCCAGCTCTCTATAC,0,4317179
yadI_predicted,0.5,1,1,ACAATCCGGGACGTGAGCGG,0,4362230
yadI_predicted,0.5,1,1,ACAAGTAAATCCGAGTTGCT,0,4302310
yadI_predicted,0.5,1,1,ACAAGCTACATGGACACTTG,0,4360054
yadI_predicted,0.5,1,1,ACAAGCAGTCAATGCGGCGA,0,4302596
yadI_predicted,0.5,1,1,ACAACTTCTAAGTGAAAAAG,0,4316736
yadI_predicted,0.5,1,1,ACAACTTAATTAGGTGTTGT,0,4362424
yadI_predicted,0.5,1,1,ACAACTATGGTGATGTGGAC,0,4339066
yadI_predicted,0.5,1,1,ACAAATGGCACCACGTTTAG,0,4350286
yadI_predicted,0.5,1,1,ACAAAGTGCACTTCGGTCAT,0,4295319
yadI_predicted,0.5,1,1,ACAAAGTCTACGCGGCGACT,0,4353420
yadI_predicted,0.5,1,1,ACAAAGAATACGTCCTGAAA,0,4369185
yadI_predicted,0.5,1,1,AATTTTTTCTTCCACCCGTC,0,4367808
yadI_predicted,0.5,1,1,AATTGTCGTTCTCGCCGGTT,0,4367433
yadI_predicted,0.5,1,1,AATTGCCACTACGCCTCTCC,0,4286892
yadI_predicted,0.5,1,1,AATTGCAACGAGGACGAACA,0,4325119
yadI_predicted,0.5,1,1,AATTAGAAGTGTAGACAAGT,0,4298866
yadI_predicted,0.5,1,1,AATGTTATCAGTCAGTAGGT,0,4338845
yadI_predicted,0.5,1,1,AATGTCGGAATGTTAAGCCA,0,4341008
yadI_predicted,0.5,1,1,AATGTCGAAGGGCAACTTCA,0,4286886
yadI_predicted,0.5,1,1,AATGGTGGCTGTAGTCGTAC,0,4367236
yadI_predicted,0.5,1,1,AATGGGTTCTAACGTACGCC,0,4313074
yadI_predicted,0.5,1,1,AATGGAGTCTAGGTCGTCTA,0,4299080
yadI_predicted,0.5,1,1,AATGCGACCAACGTGCGAGG,0,4356429
yadI_predicted,0.5,1,1,AATGCATTGGCAGGTTCTTG,0,4336726
yadI_predicted,0.5,1,1,AATGCACTGTGCGAGGTTGT,0,4292681
yadI_predicted,0.5,1,1,AATGATTATTGACTCCTCTC,0,4350977
yadI_predicted,0.5,1,1,AATGATGGTCATCATCTATA,0,4289262
yadI_predicted,0.5,1,1,AATGACTTCACCCAACGGTG,0,4300323
yadI_predicted,0.5,1,1,AATCTTGGGGCAACTCTACC,0,4338196
yadI_predicted,0.5,1,1,AATCTTCAACACGCAGCATT,0,4333458
yadI_predicted,0.5,1,1,AATCTACTCCGCTTCAGTTT,0,4319161
yadI_predicted,0.5,1,1,AATCTAATCTTGCTAGCTAT,0,4329597
yadI_predicted,0.5,1,1,AATCGTAAAGCCGACCACGA,0,4296914
yadI_predicted,0.5,1,1,AATCGACCACGGGGCCAGTA,0,4329424
yadI_predicted,0.5,1,1,AATCGAAGCGACGGAGTGCG,0,4347378
yadI_predicted,0.5,1,1,AATCCTCTGACGAGTAGCGT,0,4323054
yadI_predicted,0.5,1,1,AATCAGATGGATATTGCCAA,0,4334381
yadI_predicted,0.5,1,1,AATCACTACCCTTGATAACT,0,4357902
yadI_predicted,0.5,1,1,AATCAAGCCACTCGAAGCGC,0,4318077
yadI_predicted,0.5,1,1,AATCAAAGCGACGCGATTGA,0,4285108
yadI_predicted,0.5,1,1,AATATTTGGGCTGTGCCCTA,0,4318979
yadI_predicted,0.5,1,1,AATATGAACTAAGTATGATT,0,4321413
yadI_predicted,0.5,1,1,AATATACATCATGCATTAAG,0,4320160
yadI_predicted,0.5,1,1,AATATAAGTAGACAAACCCA,0,4324565
yadI_predicted,0.5,1,1,AATAGGCAGATCTGTGTTGG,0,4345729
yadI_predicted,0.5,1,1,AATAGCGTCGACGCATAGAC,0,4336343
yadI_predicted,0.5,1,1,AATAGCGTCACATCTCCCCA,0,4292744
yadI_predicted,0.5,1,1,AATACGAACCGATCGAGGCT,0,4363430
yadI_predicted,0.5,1,1,AATAACCCTGAGCCCGCCCG,0,4324032
yadI_predicted,0.5,1,1,AATAAAGTCATACGGGTGTT,0,4338180
yadI_predicted,0.5,1,1,AATAAACAGACGGCCCGGTT,0,4348987
yadI_predicted,0.5,1,1,AATAAAAAGCCGGAACTGTG,0,4366864
yadI_predicted,0.5,1,1,AAGTTTGTTCCCTTATGAGT,0,4364026
yadI_predicted,0.5,1,1,AAGTTGTAACTCGTATGTCG,0,4364592
yadI_predicted,0.5,1,1,AAGTTGCAGAGGGTTGCAGA,0,4340834
yadI_predicted,0.5,1,1,AAGTTACGTCAATCTTGAAT,0,4311782
yadI_predicted,0.5,1,1,AAGTGGGGCTGGGTCATCCT,0,4287015
yadI_predicted,0.5,1,1,AAGTGAGAATCGTAGACCTA,0,4300587
yadI_predicted,0.5,1,1,AAGTCTTCGAGAGGTTATGA,0,4286790
yadI_predicted,0.5,1,1,AAGTATGGAATAGCCGTTCA,0,4312885
yadI_predicted,0.5,1,1,AAGTACGGCAACTAGGGTGA,0,4294216
yadI_predicted,0.5,1,1,AAGGTTTTACGTAAGCGCGT,0,4342628
yadI_predicted,0.5,1,1,AAGGTGCCAAATGGTCGCGT,0,4309673
yadI_predicted,0.5,1,1,AAGGTCGCCTCTGTTGCGCA,0,4329413
yadI_predicted,0.5,1,1,AAGGTCAGTGGCATGTTGGG,0,4290359
yadI_predicted,0.5,1,1,AAGGGAGGGTATGGGTGTTG,0,4306007
yadI_predicted,0.5,1,1,AAGGCTAGGGGGTGCTGGTG,0,4368346
yadI_predicted,0.5,1,1,AAGGCGAGGTTACCGGCGCC,0,4366161
yadI_predicted,0.5,1,1,AAGGCAGTAGAAGGGGTCGC,0,4354677
yadI_predicted,0.5,1,1,AAGGATCGACAGGAAGTACA,0,4295980
yadI_predicted,0.5,1,1,AAGGATAGGACGTGTTTCAA,0,4312175
yadI_predicted,0.5,1,1,AAGGACGGTGTGCCATCGAG,0,4286266
yadI_predicted,0.5,1,1,AAGCTTTGGAGTAGGATGTT,0,4368626
yadI_predicted,0.5,1,1,AAGCTGGCGGGGATAATGAG,0,4358727
yadI_predicted,0.5,1,1,AAGCGGTTGGGCCGGATCTT,0,4312378
yadI_predicted,0.5,1,1,AAGCGCATTGCAATGCTTAC,0,4300871
yadI_predicted,0.5,1,1,AAGCCCTGACGTACATGTGC,0,4313426
yadI_predicted,0.5,1,1,AAGCCCGTCAGTAGAGGGAT,0,4310145
yadI_predicted,0.5,1,1,AAGCCATTTACAGGCTTGAG,0,4350477
yadI_predicted,0.5,1,1,AAGCATCAATTCGCGCGGAA,0,4294062
yadI_predicted,0.5,1,1,AAGCATAGAGGTCTCGTTAA,0,4319028
yadI_predicted,0.5,1,1,AAGCACGAAGCCCTATCGAT,0,4328529
yadI_predicted,0.5,1,1,AAGAGGTGGTAGTGATTTCA,0,4350989
yadI_predicted,0.5,1,1,AAGAGCACCCGTCACATCCC,0,4307653
yadI_predicted,0.5,1,1,AAGAGAAGTCTAGGCTTGCC,0,4354453
yadI_predicted,0.5,1,1,AAGACGGATGGGCTGCGAGC,0,4296324
yadI_predicted,0.5,1,1,AAGACCTGACTGGACGCTCA,0,4341026
yadI_predicted,0.5,1,1,AAGACCAACGAGATACACTC,0,4302895
yadI_predicted,0.5,1,1,AAGAACTCAGTGTATTCGGT,0,4369831
yadI_predicted,0.5,1,1,AAGAACTATCGGAGCAAGGT,0,4332778
yadI_predicted,0.5,1,1,AAGAACGCGTACACCTTCTT,0,4349356
yadI_predicted,0.5,1,1,AACTTGACCAGGGATCAACG,0,4349353
yadI_predicted,0.5,1,1,AACTTATGCTATTAGATCAT,0,4363818
yadI_predicted,0.5,1,1,AACTTAAGTCCTCGATGTAC,0,4295900
yadI_predicted,0.5,1,1,AACTGTCAGTTAATTTAAGC,0,4343089
yadI_predicted,0.5,1,1,AACTGAATGCCTGGACGGAC,0,4304626
yadI_predicted,0.5,1,1,AACTCGTCTGAAGCTTAACT,0,4299435
yadI_predicted,0.5,1,1,AACTATGCGACAAACAACGC,0,4334491
yadI_predicted,0.5,1,1,AACTAATGGTTCCTCCGAGG,0,4353521
yadI_predicted,0.5,1,1,AACGTTAGAGGTTCATCTAT,0,4345906
yadI_predicted,0.5,1,1,AACGTCCCTTTCGTGAATGG,0,4294651
yadI_predicted,0.5,1,1,AACGTACCTAGGTAGGAGCG,0,4300696
yadI_predicted,0.5,1,1,AACGCGGGAGGTATTGACCA,0,4360598
yadI_predicted,0.5,1,1,AACGCGAGAGTACTTTGACT,0,4355147
yadI_predicted,0.5,1,1,AACGCATGGCTCTAATAAGG,0,4324954
yadI_predicted,0.5,1,1,AACGACGACGTGAGGTACGT,0,4328148
yadI_predicted,0.5,1,1,AACCTATGAGCGGGTAGTTG,0,4285225
yadI_predicted,0.5,1,1,AACCGTCACTTCACTCCTCC,0,4341182
yadI_predicted,0.5,1,1,AACCGTAGGGACGGAGTATA,0,4364659
yadI_predicted,0.5,1,1,AACCGTAACCCCTGGTAGGT,0,4290815
yadI_predicted,0.5,1,1,AACCGGCAGTGAGCCTAACT,0,4309561
yadI_predicted,0.5,1,1,AACCGACATTCGGTCCAGGA,0,4366940
yadI_predicted,0.5,1,1,AACCCTAATTACGATATCCA,0,4367079
yadI_predicted,0.5,1,1,AACCCGGTCTTATCCACAGA,0,4361411
yadI_predicted,0.5,1,1,AACCCCTTAATCAACGTGTA,0,4332062
yadI_predicted,0.5,1,1,AACCCATTTACCCGGGGACC,0,4327292
yadI_predicted,0.5,1,1,AACCATGCTGGTCTAGAGGA,0,4353053
yadI_predicted,0.5,1,1,AACCAGGCAACCTAACATTC,0,4308734
yadI_predicted,0.5,1,1,AACCACTTTCTGACGCCCAC,0,4341703
yadI_predicted,0.5,1,1,AACATTGGTTTGTCAACGCT,0,4351982
yadI_predicted,0.5,1,1,AACATACGCACCGGATTGGC,0,4369220
yadI_predicted,0.5,1,1,AACAGTAGGTCACACTCGAT,0,4287580
yadI_predicted,0.5,1,1,AACAGCCAGAAAGAGGTCTC,0,4328313
yadI_predicted,0.5,1,1,AACACGGCTCCGGAGAGTGT,0,4294077
yadI_predicted,0.5,1,1,AACAATGCTGATTCGCTGTG,0,4346590
yadI_predicted,0.5,1,1,AACAAGCGCACCGTATCCTT,0,4347030
yadI_predicted,0.5,1,1,AACAACAGTTCTCGTAGCCC,0,4287262
yadI_predicted,0.5,1,1,AAATTCGTGGGGGTCAAGTG,0,4358827
yadI_predicted,0.5,1,1,AAATGTTGAAGTAGGTCTCC,0,4333733
yadI_predicted,0.5,1,1,AAATGCTCTCTGTCACCTCG,0,4293249
yadI_predicted,0.5,1,1,AAATGCGAAATGTGGGCCCA,0,4326999
yadI_predicted,0.5,1,1,AAATCGGTCTGAGTTATGTG,0,4292766
yadI_predicted,0.5,1,1,AAATCGGTAAGTCCGGGTTT,0,4320427
yadI_predicted,0.5,1,1,AAATCCTGGACTTTTGTATG,0,4368618
yadI_predicted,0.5,1,1,AAATCCGGCCGTTAACGGAC,0,4368155
yadI_predicted,0.5,1,1,AAATCATGAGCAAATTCAAC,0,4299978
yadI_predicted,0.5,1,1,AAATATCTCATTCACGCAGG,0,4346459
yadI_predicted,0.5,1,1,AAATAGCGTCGATTTTAGAG,0,4337758
yadI_predicted,0.5,1,1,AAAGTCATTGCATGAACAGT,0,4292582
yadI_predicted,0.5,1,1,AAAGGGCATCGGCCAACACT,0,4321157
yadI_predicted,0.5,1,1,AAAGCGTTTCCTATCCGCCA,0,4318768
yadI_predicted,0.5,1,1,AAAGCATTTCGACCGTCCCT,0,4296870
yadI_predicted,0.5,1,1,AAAGCACGCTTTGCGCACTG,0,4356796
yadI_predicted,0.5,1,1,AAAGATCCTGCAACGGGACT,0,4296836
yadI_predicted,0.5,1,1,AAAGATAAATCGATCCTCTT,0,4359150
yadI_predicted,0.5,1,1,AAACTCATCACTAGGCCTGA,0,4293160
yadI_predicted,0.5,1,1,AAACTATAGGAGCACAACAA,0,4293917
yadI_predicted,0.5,1,1,AAACGTTCCTTGGAGCGGCG,0,4342434
yadI_predicted,0.5,1,1,AAACGCTTAAGTTACACGAT,0,4364127
yadI_predicted,0.5,1,1,AAACCGCCATACATAACCTA,0,4336522
yadI_predicted,0.5,1,1,AAACCGAAGTTGATTGAGAA,0,4369632
yadI_predicted,0.5,1,1,AAACCCTTCTGTATCGTTAG,0,4369958
yadI_predicted,0.5,1,1,AAACAAGACGGCGAGGCTCT,0,4289770
yadI_predicted,0.5,1,1,AAAATTTAACGGCGTGATTA,0,4366977
yadI_predicted,0.5,1,1,AAAATTGCGTGTATACCCTG,0,4324293
yadI_predicted,0.5,1,1,AAAATTGAATGTGGCGATGT,0,4363363
yadI_predicted,0.5,1,1,AAAATTAATCATCTTCATTA,0,4336891
yadI_predicted,0.5,1,1,AAAATGGTTATCAACTGGCA,0,4351644
yadI_predicted,0.5,1,1,AAAATGCTATTTGTATAAGC,0,4332050
yadI_predicted,0.5,1,1,AAAATAGCATTCAAAAGACA,0,4338433
yadI_predicted,0.5,1,1,AAAAGTTTAAAGTTAGAAAA,0,4300335
yadI_predicted,0.5,1,1,AAAAGTGTCGGAAAAAATCT,0,4339854
yadI_predicted,0.5,1,1,AAAAGTACGGTCTTTGAACA,0,4308438
yadI_predicted,0.5,1,1,AAAAGGGCACTACCCGAGAG,0,4344696
yadI_predicted,0.5,1,1,AAAAGGGAGCAGAGTCATCT,0,4284837
yadI_predicted,0.5,1,1,AAAAGGCCCCGGGTGAGCTG,0,4362883
yadI_predicted,0.5,1,1,AAAACGTAGCCGCTGGCATA,0,4363281
yadI_predicted,0.5,1,1,AAAACGGGATTTTCAAGTTC,0,4291028
yadI_predicted,0.5,1,1,AAAACCGCAAGATTATCGTA,0,4328948
yadI_predicted,0.5,1,1,AAAAATTCTCACGACGGAAG,0,4303972
yadI_predicted,0.5,1,1,AAAAATAGCTAAACAGGAAA,0,4314311
yadI_predicted,104.0,103,0,CGCGAGTCCGCACTTTATAA,103,4351970
yadI_predicted,83.0,82,0,TGATATGTCCAGGGTTTCCT,82,4352084
yadI_predicted,68.0,67,0,GGTCTTAACGCACTTGGAAG,67,4350725
yadI_predicted,60.0,59,0,GTTCACGCACACCTTGTAGT,59,4341398
yadI_predicted,58.0,57,0,ACTTGAGGTTTACACAGGAG,57,4363227
yadI_predicted,48.0,47,0,TCGCACGAGTGTGGCATACT,47,4364923
yadI_predicted,48.0,47,0,CTGGGTGTGCCTATTAATAT,47,4362889
yadI_predicted,46.0,45,0,TCTATTCGCAACGCCTCTCG,45,4317390
yadI_predicted,45.0,44,0,TTTTACGGAAAGGCACGCAT,44,4355102
yadI_predicted,42.0,41,0,GAATTCGTGGGAGAAACGTA,41,4320123
yadI_predicted,42.0,41,0,ATAAGGAGACCCGTAGTCAA,41,4328755
yadI_predicted,42.0,41,0,AGATTATTGCCAATCGCCCT,41,4351807
yadI_predicted,41.0,40,0,TGATATTACTCGCTATTCCC,40,4308548
yadI_predicted,39.0,38,0,AATCGTAAAGGCTTACACTC,38,4319903
yadI_predicted,38.0,37,0,TTCTGGCAAACGCATAGTCA,37,4353817
yadI_predicted,38.0,37,0,GTCACCCGAGCGGGTTAAGT,37,4367121
yadI_predicted,37.0,36,0,TTTAGCTATTAGTAACACTT,36,4362283
yadI_predicted,37.0,36,0,CAGACGCGTCAGTTACGGAA,36,4289182
yadI_predicted,37.0,36,0,AGGGTTCATGCCCGAGAGCT,36,4320325
yadI_predicted,35.0,34,0,TTTGGAAAGGTAGGTCCTAA,34,4363605
yadI_predicted,35.0,34,0,TCCCAGATTCAAACCAATTA,34,4302395
yadI_predicted,34.0,33,0,CAGATGCACACTAGCACTTC,33,4323125
yadI_predicted,33.0,32,0,TGGTACCTACGAGAGGTTCT,32,4331066
yadI_predicted,33.0,32,0,GGGTGCAAACCCTCTATGCC,32,4332777
yadI_predicted,33.0,32,0,ATCACAGAAACGTTTCGTAA,32,4369580
yadI_predicted,32.0,31,0,GGTCCCAAGTGGATTCGTCA,31,4346757
yadI_predicted,32.0,31,0,GGGGATTCAACTCTACCAGT,31,4358839
yadI_predicted,32.0,31,0,CTCGTACGTAAACTGGTAGT,31,4364931
yadI_predicted,32.0,31,0,CTCATAAAAAATGTTAAGAC,31,4301562
yadI_predicted,32.0,31,0,CGGGCTCGCCATCAAGCAAA,31,4312174
yadI_predicted,32.0,31,0,CCGTGTAACCTGCCAAATAC,31,4324469
yadI_predicted,31.0,30,0,TGTTGTCCCTACTCGCCCAG,30,4358030
yadI_predicted,31.0,30,0,TCATCCCATTGCCAGTACTG,30,4289407
yadI_predicted,31.0,30,0,GCTACGAAATATGTGGGCAT,30,4317187
yadI_predicted,31.0,30,0,GATCACTACTTACGTTGGCT,30,4311418
yadI_predicted,31.0,30,0,GAGGTTGTGGCACAACGTTT,30,4332486
yadI_predicted,31.0,30,0,ACGCCAGTATAAGACGGAAC,30,4316645
yadI_predicted,30.0,29,0,TGGTGGTTCTGCCACCCGGT,29,4364979
yadI_predicted,30.0,29,0,TGCATTGGGTCGCATCTGAG,29,4356381
yadI_predicted,30.0,29,0,TAACCGATACCGTGAGACAC,29,4291818
yadI_predicted,30.0,29,0,GGGGCGACCGGTATCACAAC,29,4294860
yadI_predicted,30.0,29,0,CGCCTAGACCAGATCTACTA,29,4369288
yadI_predicted,30.0,29,0,ATTACCTGAGTCACCTATGT,29,4344216
yadI_predicted,29.0,28,0,GCCGAATGCCAGGCTCTCGT,28,4354458
yadI_predicted,29.0,28,0,CTCCAGTTTTGTAAAAATCT,28,4325744
yadI_predicted,29.0,28,0,CTAGTAAAGCGAGCCTGCCA,28,4296475
yadI_predicted,29.0,28,0,ATTGTGTCCAATCATTGATC,28,4313829
yadI_predicted,28.0,27,0,CCAGTCGCCGCCTATCCAGT,27,4294777
yadI_predicted,28.0,27,0,CATCCCGTCGTAACCGACAA,27,4291933
yadI_predicted,28.0,27,0,ATGATAATGGTAGTATAGTT,27,4320659
yadI_predicted,28.0,27,0,ATCCCATCACATGGTATGAG,27,4362023
yadI_predicted,28.0,27,0,ACCTCCCCGATAATTGAGGC,27,4344687
yadI_predicted,27.0,26,0,TTATCTGCAGAACAGTAGGA,26,4340061
yadI_predicted,27.0,26,0,TGGCGAGTTGTTTTGTCTCT,26,4333614
yadI_predicted,27.0,26,0,TGCTTTATTGATGACGAGCT,26,4313935
yadI_predicted,27.0,26,0,CATACTCTGTGAAGCCTTCG,26,4324516
yadI_predicted,26.0,25,0,TTTCCACAGCCTGACGGGGA,25,4299288
yadI_predicted,26.0,25,0,TAATAGATGACATTCAATAA,25,4302330
yadI_predicted,26.0,25,0,GGGCGATGCCCTAGCTTCGA,25,4363126
yadI_predicted,26.0,25,0,CCCCTTACATTGGTAAAAGA,25,4305079
yadI_predicted,26.0,25,0,CACGTTGTTTCTTGAATGAC,25,4332671
yadI_predicted,26.0,25,0,ATGTGTCTTTATGGAAGGTC,25,4331875
yadI_predicted,26.0,25,0,ATATAAGCCTTACTCCGGGA,25,4323709
yadI_predicted,25.0,24,0,TAGGCGCTACGCACGACGCA,24,4325772
yadI_predicted,25.0,24,0,GGCGCCACTCACGGTGACCT,24,4345974
yadI_predicted,25.0,24,0,CTAGGCCAAATGACGTAGAC,24,4309950
yadI_predicted,25.0,24,0,CGCTCTAACCAAAGAAGGGG,24,4292059
yadI_predicted,25.0,24,0,CCTTGGTTCCGCCAATAGGT,24,4284305
yadI_predicted,25.0,24,0,CACGTACACTTGGGCTTATC,24,4354894
yadI_predicted,25.0,24,0,CAAAACCTCTGGGCAGTGGG,24,4317550
yadI_predicted,25.0,24,0,ATCTTGATTGGCATGGGTTA,24,4330323
yadI_predicted,25.0,24,0,AGGGGTGAATTTGCGCTAGA,24,4359367
yadI_predicted,25.0,24,0,ACGCACTAAACTTGTACTTT,24,4330873
yadI_predicted,24.0,23,0,TGGCCATCTATGACCTCGCT,23,4318560
yadI_predicted,24.0,23,0,TATTAGGCTCTCTGGAGCCT,23,4321040
yadI_predicted,24.0,23,0,TAACCTTGCCGGCCGGGAGT,23,4355297
yadI_predicted,24.0,23,0,GTCTGAGCTTGTACCTTCTA,23,4288128
yadI_predicted,24.0,23,0,GTAAGTCGAACCAGTGTAGA,23,4312038
yadI_predicted,24.0,23,0,GGCTGTCCTGATTCCAGGTC,23,4342058
yadI_predicted,24.0,23,0,CCGCACTAAAGCTGTGAAGA,23,4287777
yadI_predicted,24.0,23,0,CAGGATAAGTTAGATTATAT,23,4337430
yadI_predicted,24.0,23,0,ATTGACCGGCTACTTCTCAG,23,4309727
yadI_predicted,24.0,23,0,ATCAGGAATTTCGGCCCTAC,23,4338765
yadI_predicted,24.0,23,0,ACTTTCTGGCTTACATCCGA,23,4357070
yadI_predicted,24.0,23,0,ACAGCAAGAGTAGCGGAGTT,23,4368667
yadI_predicted,23.0,22,0,TTGTTTGACTGCTGAGCACG,22,4289004
yadI_predicted,23.0,22,0,TGAGGCCGCGGTGAGGCACG,22,4319709
yadI_predicted,23.0,22,0,TAAGCTTCGTTGATGTAGTG,22,4361503
yadI_predicted,23.0,22,0,GTGAATAACACTTGTATGAC,22,4301415
yadI_predicted,23.0,22,0,GGTAGGGAGGTAACGGTTGA,22,4304473
yadI_predicted,23.0,22,0,GGATTTTTATGACTGGTATT,22,4338461
yadI_predicted,23.0,22,0,GAAGGTCATCATTGTGCTAC,22,4369989
yadI_predicted,23.0,22,0,CGAGGCTCCACAACTGCATT,22,4299512
yadI_predicted,23.0,22,0,CCCATCGGTCTAGTCGCCGG,22,4358099
yadI_predicted,23.0,22,0,ACTATAGTGTGTTGGTTCGA,22,4369754
yadI_predicted,22.0,21,0,TTTGCTATATGAGGAATGCA,21,4302539
yadI_predicted,22.0,21,0,TTACCGCCCAACTGCAAAGC,21,4364791
yadI_predicted,22.0,21,0,TCGCAATGGACCACGGCGCC,21,4319462
yadI_predicted,22.0,21,0,TATTGACAATATGTGACTCC,21,4337543
yadI_predicted,22.0,21,0,TAGGGCCAGTTTCGAGTACA,21,4291731
yadI_predicted,22.0,21,0,GTGGGTGGCACAACATCCAT,21,4290626
yadI_predicted,22.0,21,0,GTACTACCCCACGGCGCCAA,21,4361427
yadI_predicted,22.0,21,0,CGGTAATTCCGAGGATGATA,21,4311961
yadI_predicted,22.0,21,0,CCCTGTATTCTCATAGAACA,21,4343874
yadI_predicted,22.0,21,0,AGTTAGCGGCCGACCGATTG,21,4291093
yadI_predicted,22.0,21,0,AGTGGGAGACCTCTTTACGT,21,4346833
yadI_predicted,22.0,21,0,AGACAGTTGAGCTTTTCTTC,21,4297483
yadI_predicted,21.0,20,0,TTTCTTGTATTGTGCTACAT,20,4333350
yadI_predicted,21.0,20,0,TTGTAATATAGGTGAATTGT,20,4365854
yadI_predicted,21.0,20,0,GTCTTTCACGGGCGATAGGC,20,4345062
yadI_predicted,21.0,20,0,GCACTTCCCGGCAGTAGGAA,20,4320197
yadI_predicted,21.0,20,0,GATAAACTGTCACCATCTTA,20,4291190
yadI_predicted,21.0,20,0,CGGTGCGGGGCTTCAGCGTT,20,4343799
yadI_predicted,21.0,20,0,CATACTTGAGAGGCCGAGTT,20,4331863
yadI_predicted,21.0,20,0,AGCCTTGAAAAAACTCTCTC,20,4310963
yadI_predicted,21.0,20,0,AAAGATCGATATCCTTTTCC,20,4293567
yadI_predicted,20.0,19,0,TACTGTAACTCATGTCGCGA,19,4294855
yadI_predicted,20.0,19,0,GTGATGCGGCCGCCGACCGT,19,4308430
yadI_predicted,20.0,19,0,GTCACGGTAGTCCCGGTCGT,19,4288635
yadI_predicted,20.0,19,0,CTCCCCTTAAACTTCGTTGT,19,4295802
yadI_predicted,20.0,19,0,CCCCATAGAGAGCGGCGCCT,19,4360768
yadI_predicted,20.0,19,0,AGGACTATTTACGTTGGCCA,19,4317059
yadI_predicted,20.0,19,0,ACGCGGGAGCTCGAAAATCA,19,4370023
yadI_predicted,19.0,18,0,TCGGAAAGAAAGGCGGGTAT,18,4315800
yadI_predicted,19.0,18,0,TACTATTCTCGTCGCGCAAG,18,4332400
yadI_predicted,19.0,18,0,GGTTCACGGTAGCATGGCGA,18,4362884
yadI_predicted,19.0,18,0,GCCTACAGACGCTGAGGTGC,18,4305978
yadI_predicted,19.0,18,0,CGCGGTAGAGCCCTGCGATA,18,4338532
yadI_predicted,19.0,18,0,CCCCCACAGCAGAGCACTTA,18,4339645
yadI_predicted,19.0,18,0,CACCCGATGGGTGTGATTGT,18,4294924
yadI_predicted,19.0,18,0,ATTTGACCCAATCTGTGTAT,18,4312935
yadI_predicted,19.0,18,0,ATCCAATCGGCATAGAATAG,18,4311595
yadI_predicted,19.0,18,0,AGGAGAGGGGTCAAACACAA,18,4331288
yadI_predicted,19.0,18,0,ACATCGAGCAGCGGGTATTT,18,4302392
yadI_predicted,19.0,18,0,AAGGTTGGCGCGCTCTAAGT,18,4347525
yadI_predicted,18.0,17,0,TAGCAACCCGATTTTCTCGG,17,4344297
yadI_predicted,18.0,17,0,GGGGTCGATATTGGATCATA,17,4368445
yadI_predicted,18.0,17,0,GACGGTCTGAATCTGAAAGT,17,4357263
yadI_predicted,18.0,17,0,CTCTGCTGGCCTCCCAGTTG,17,4319025
yadI_predicted,18.0,17,0,CTCCGGGTTCGTTTTCGTGA,17,4297584
yadI_predicted,18.0,17,0,AGCGGGGGACTTCAAATAAT,17,4331895
yadI_predicted,18.0,17,0,ACTGTGAGCGATTGTGGAAT,17,4346290
yadI_predicted,18.0,17,0,ACCACGAATACGTGTTAGCG,17,4297706
yadI_predicted,17.0,16,0,TCAATGCCCCTGGCTCTCAA,16,4353387
yadI_predicted,17.0,16,0,GATCCGGGCGCTGCTATTAT,16,4301197
yadI_predicted,17.0,16,0,GAGTCGGATAATCTCCTTGT,16,4306457
yadI_predicted,17.0,16,0,GACTCTAAAAGCCACCCTAG,16,4347193
yadI_predicted,17.0,16,0,CGCCTGATCATAGCGGGTGT,16,4352864
yadI_predicted,17.0,16,0,CCGGATCCAAGGTTTTGATG,16,4356860
yadI_predicted,17.0,16,0,CCCCGACGCCTCGACCTAAT,16,4308689
yadI_predicted,17.0,16,0,CAATAAATTGTGACAAGCTC,16,4305881
yadI_predicted,17.0,16,0,AGGTACTTGCAATAAAAAGA,16,4347942
yadI_predicted,16.0,15,0,TTTAACGCTTCGGTCTTGAT,15,4318717
yadI_predicted,16.0,15,0,TGAGCCCTAGGTCAGATAGT,15,4338846
yadI_predicted,16.0,15,0,TATGGCCAGAGCGGGAGGTC,15,4341878
yadI_predicted,16.0,15,0,GGTTCCGAAGATCCTTGAAG,15,4349059
yadI_predicted,16.0,15,0,GCAAGAGGTTATTGTATTTT,15,4333759
yadI_predicted,16.0,15,0,CTTTTATTTCACAAGGTCTG,15,4291980
yadI_predicted,16.0,15,0,CTGAGGGTCAACCATCACCT,15,4367143
yadI_predicted,16.0,15,0,CCCAGCAAATCGGGCAGACG,15,4306877
yadI_predicted,16.0,15,0,CATGCGTATGTCTAGGTCTG,15,4311590
yadI_predicted,16.0,15,0,CACCCATTGGTTCGGCAGGT,15,4356718
yadI_predicted,16.0,15,0,ATCCTCTATGAGGAATCTTA,15,4338076
yadI_predicted,16.0,15,0,AGGGCTAGCCGCCCTTCCTC,15,4362629
yadI_predicted,16.0,15,0,AGCGTACTTGAAGCGCTGTA,15,4349473
yadI_predicted,16.0,15,0,ACGTGGCTTCCCCAACGGCT,15,4351135
yadI_predicted,15.0,14,0,TTGGCGTTCCTCACGGGACG,14,4343226
yadI_predicted,15.0,14,0,TGGGACAACAAGGCGAACAA,14,4300350
yadI_predicted,15.0,14,0,TGCGAGTCTTAACATACGTC,14,4349304
yadI_predicted,15.0,14,0,TGAAGCTGGAACTTTCCGGA,14,4329701
yadI_predicted,15.0,14,0,TCTTGTAACCGAAGGGGATA,14,4291371
yadI_predicted,15.0,14,0,TCGCGCTGCGACTGAGGGCG,14,4324772
yadI_predicted,15.0,14,0,TATCAGATCTAAAAGGGTTT,14,4366844
yadI_predicted,15.0,14,0,GTATTATGCACATATTATAT,14,4359720
yadI_predicted,15.0,14,0,GCTGCACGTCTCGCGATCAA,14,4362225
yadI_predicted,15.0,14,0,CCAACCTGGCGAACAACTGA,14,4294750
yadI_predicted,15.0,14,0,ATCTTGATGCAACGGTCTCA,14,4339185
yadI_predicted,15.0,14,0,ATAAGGCGGCATCTTTCGGC,14,4301022
yadI_predicted,15.0,14,0,AGTGCAAGTTCGCTGTCCGG,14,4296779
yadI_predicted,15.0,14,0,ACGAGACGGTTCGTCCTTTT,14,4300014
yadI_predicted,14.0,13,0,TTCTCCCCCTAGTGTTGCGT,13,4341130
yadI_predicted,14.0,13,0,GGGAGCGGATGGAGTTCATC,13,4292604
yadI_predicted,14.0,13,0,GCCCACCAAAAATTATCCCA,13,4313966
yadI_predicted,14.0,13,0,CTGGACAAGCTGACGCCTCA,13,4356795
yadI_predicted,14.0,13,0,CTCCTTTCTATGTCTCAGTG,13,4368769
yadI_predicted,14.0,13,0,CGACCATCGAGGTTCACATG,13,4339666
yadI_predicted,14.0,13,0,CGAATTTTTACGTGGGAGCG,13,4342027
yadI_predicted,14.0,13,0,CCTCGTGCTCAAAAAGCACT,13,4320210
yadI_predicted,14.0,13,0,CCCAGGTCTCACAATCCTCA,13,4300657
yadI_predicted,14.0,13,0,CAACTCTGGGCAAGTGGCTC,13,4336933
yadI_predicted,14.0,13,0,ATTCTTACATATGAGTTTAC,13,4295165
yadI_predicted,14.0,13,0,ATGACACCTCCGGGCTAGTG,13,4341686
yadI_predicted,14.0,13,0,ATAGATTCCGCATGTGAGAA,13,4339995
yadI_predicted,14.0,13,0,ACTCCCGCTCTGTGGAGAGA,13,4335526
yadI_predicted,14.0,13,0,AAACTATAAGGCTCGATCCT,13,4313999
yadI_predicted,13.0,12,0,TCTATCAACGTGAAGATTGC,12,4366911
yadI_predicted,13.0,12,0,GTATCCCAGACTTCAGGAAA,12,4347941
yadI_predicted,13.0,12,0,GGGCTGTCACCCTAGGCGGC,12,4316728
yadI_predicted,13.0,12,0,GGCCGAAAACCGAAGAGTTG,12,4367737
yadI_predicted,13.0,12,0,GGAACAGATGACTTCCAGAA,12,4337107
yadI_predicted,13.0,12,0,GCCTCCATTTATACATCTGT,12,4326903
yadI_predicted,13.0,12,0,CTTTCCGCCTATATACAAGT,12,4338204
yadI_predicted,13.0,12,0,CTGTGGAGCCCGGGACTCGC,12,4349344
yadI_predicted,13.0,12,0,CTATCCTCACAATCCCAAAT,12,4335859
yadI_predicted,13.0,12,0,CACGGATCTGGCCCCGACGA,12,4312608
yadI_predicted,13.0,12,0,ATAATCTCGACTAAAATACT,12,4338066
yadI_predicted,13.0,12,0,AAACCCCGGTCTTGCTCGTG,12,4291412
yadI_predicted,12.0,11,0,TTGAGGGGGTACTGGCCTGA,11,4318094
yadI_predicted,12.0,11,0,TGTTGTATCCACTGCTAGCC,11,4337617
yadI_predicted,12.0,11,0,TAGGTATTCACATAAACCGA,11,4312709
yadI_predicted,12.0,11,0,GTAACGATACCTAGTTAATT,11,4327661
yadI_predicted,12.0,11,0,GGCATGTGTTGAAGACTAAC,11,4348347
yadI_predicted,12.0,11,0,CGGAATCAGGAGCCGGTAAC,11,4334038
yadI_predicted,12.0,11,0,CCCGTTAAACTATCAACGTT,11,4342271
yadI_predicted,12.0,11,0,AGTCCTCCATCATTGTTGAG,11,4341624
yadI_predicted,12.0,11,0,ACTTAATAAGGACTCTAGAT,11,4320963
yadI_predicted,12.0,11,0,ACTGTCTGGGGGTCTACCGA,11,4369868
yadI_predicted,12.0,11,0,ACTAATGCAGCACAGAGCTC,11,4319469
yadI_predicted,12.0,11,0,ACAATGTAAAAGAGTTTAGT,11,4285741
yadI_predicted,11.0,10,0,TTGCATCAAGACGAGCGAAG,10,4322157
yadI_predicted,11.0,10,0,TTCACATCTCCGATGTCGCT,10,4306043
yadI_predicted,11.0,10,0,TGTGAATCAGGGTGACTACT,10,4286731
yadI_predicted,11.0,10,0,CCGTAATCGCAAAGGCTTAG,10,4313695
yadI_predicted,11.0,10,0,CCGCGCGAACTGACCGTAAG,10,4326222
yadI_predicted,11.0,10,0,ACATACCGTAGCTCATTCAC,10,4347920
yadI_predicted,10.0,9,0,TTGTCCGAATTACTCGTCTA,9,4296606
yadI_predicted,10.0,9,0,TCAGTCCATCTGGTACCACT,9,4327813
yadI_predicted,10.0,9,0,TCAGGTAAAGTGTTAGGCGA,9,4335315
yadI_predicted,10.0,9,0,GCTGGGTCTCGCCTTCGGCG,9,4342556
yadI_predicted,10.0,9,0,GCCTGCGTTCGTGTGGGCGG,9,4341448
yadI_predicted,10.0,9,0,GCCATTCGCTTAACTACCAT,9,4366363
yadI_predicted,10.0,9,0,GCCACCTCAGTGGGGGGCTT,9,4320824
yadI_predicted,10.0,9,0,GAGCCGTACTTAATCGGGCG,9,4326538
yadI_predicted,10.0,9,0,GACAGGATCACGCTTTAGTA,9,4286302
yadI_predicted,10.0,9,0,CGAGCTGCGGAACAGTCATC,9,4336374
yadI_predicted,10.0,9,0,ACGGCTCTGCAGTTTATGCA,9,4314000
yadI_predicted,9.0,8,0,TGCCGGGCGAAGTGACGTGT,8,4315370
yadI_predicted,9.0,8,0,TGAAAAATCTTTAATTAATC,8,4303526
yadI_predicted,9.0,8,0,TCGGTGGTTATCCGGGCCGT,8,4330485
yadI_predicted,9.0,8,0,TAGAACAGGATAGAACACAC,8,4320053
yadI_predicted,9.0,8,0,GCCGCAGGTGTATATCCATC,8,4313861
yadI_predicted,9.0,8,0,CGTCCCTGCACTATTTACGA,8,4368112
yadI_predicted,9.0,8,0,CGGGAGCGCGTTTCATAGAT,8,4290999
yadI_predicted,9.0,8,0,CACGTCTCCGGCTGGCCTGC,8,4290636
yadI_predicted,9.0,8,0,ATAAGCGATCCCGCGTTGGC,8,4357930
yadI_predicted,9.0,8,0,AAGCCCGAAGGCAGTCTCCC,8,4305996
yadI_predicted,8.0,7,0,TTTTATAGTGCAGATACCTC,7,4297562
yadI_predicted,8.0,7,0,TTTATGAGTGGGTAGCGACC,7,4345316
yadI_predicted,8.0,7,0,TCGGCAGATTAACATATCGG,7,4338517
yadI_predicted,8.0,7,0,TCCATTACGTCTTGCCTATG,7,4329567
yadI_predicted,8.0,7,0,GTCCAGGCTTTGCGGATCTA,7,4353370
yadI_predicted,8.0,7,0,GACCTTGGTTTTGGGGTGCC,7,4363969
yadI_predicted,8.0,7,0,GACCGAACAAAGAGCTTGAA,7,4362531
yadI_predicted,8.0,7,0,CGTCGTAGATGAGGTCCGCA,7,4318493
yadI_predicted,8.0,7,0,CCTAATAACGTTTTGTAAAG,7,4296958
yadI_predicted,8.0,7,0,CAATCAGCGGGAGCCGGTTC,7,4359880
yadI_predicted,8.0,7,0,ATGTCATTTAGAGGCAGCTG,7,4292419
yadI_predicted,8.0,7,0,AGTACACATGTTTGCAGTCA,7,4302618
yadI_predicted,8.0,7,0,ACTCACGGCGGTGTGAACCT,7,4310504
yadI_predicted,7.0,6,0,TTTCAGTGATATCAGACCAT,6,4353105
yadI_predicted,7.0,6,0,TTGAAACCTCCGGCACACCT,6,4312603
yadI_predicted,7.0,6,0,TCTTTGAGCAACTTCTCCCT,6,4312610
yadI_predicted,7.0,6,0,TCGGATGAGGGACTATTTGC,6,4323221
yadI_predicted,7.0,6,0,GGTTATACTGCTAAACCTGC,6,4351022
yadI_predicted,7.0,6,0,GCTCCGGACTGCCACACCAT,6,4345226
yadI_predicted,7.0,6,0,GCTACGTGGTGAACTTTCTG,6,4286769
yadI_predicted,7.0,6,0,GATTATGGGACGTTGGATGG,6,4364169
yadI_predicted,7.0,6,0,CTTGTCTACTATTTCTGCTG,6,4304111
yadI_predicted,7.0,6,0,CTAACAGTGTTACCCTTGTT,6,4312444
yadI_predicted,7.0,6,0,CGCGCTCATTCAGCAAGGCA,6,4325556
yadI_predicted,7.0,6,0,CGCATCAGTTAGTCAAGTCT,6,4296180
yadI_predicted,7.0,6,0,CCCCGGCGCGGCAGCCAGTT,6,4368195
yadI_predicted,7.0,6,0,ATGTTGGCACGAGAGCATGG,6,4333667
yadI_predicted,7.0,6,0,AGTGTATCTGGCAATCGGGA,6,4301976
yadI_predicted,7.0,6,0,ACGAGGCGCACCGCGATATC,6,4292914
yadI_predicted,6.0,5,0,TGTCGTTCGGGGATTTGACC,5,4320561
yadI_predicted,6.0,5,0,TGAACTACAGGGTGCCGGCA,5,4317677
yadI_predicted,6.0,5,0,TAAATCGCGCGACGTGATAA,5,4332428
yadI_predicted,6.0,5,0,GTCCGGCCCGGTTTGAGGCA,5,4297770
yadI_predicted,6.0,5,0,GTAGTCGCTGAGCGTAATGC,5,4354079
yadI_predicted,6.0,5,0,GGGTTGAGTCTGCTGCATAA,5,4292857
yadI_predicted,6.0,5,0,GGCGAATTCGGAATCACCAA,5,4351156
yadI_predicted,6.0,5,0,GCTTATCGGTAGTTAACTGC,5,4343919
yadI_predicted,6.0,5,0,CGCGTGCAAAAAAATTAATT,5,4318988
yadI_predicted,6.0,5,0,CCTATGGCATGATTTCTTGC,5,4286814
yadI_predicted,6.0,5,0,CCGTACAAGGCAGACGGATC,5,4304997
yadI_predicted,6.0,5,0,CCCCTTCAACGCAAGACATC,5,4324808
yadI_predicted,6.0,5,0,CAGGTATTAAGAGATCGTCT,5,4368578
yadI_predicted,6.0,5,0,CAATTTGTGTGGATCGAGTT,5,4357230
yadI_predicted,6.0,5,0,ATGTTATTGTGGTTCTAACT,5,4292534
yadI_predicted,6.0,5,0,ACCCCTAGGATTGGTCATGC,5,4348155
yadI_predicted,6.0,5,0,AAGGGACGGGGAACATCGAC,5,4343703
yadI_predicted,6.0,5,0,AAACGTGTGTAAGGCACGGT,5,4293571
yadI_predicted,5.0,4,0,TGGGTGTCTACCTTAACGCA,4,4321607
yadI_predicted,5.0,4,0,TGGGCAAGAATTATGCGAGA,4,4351994
yadI_predicted,5.0,4,0,TCTTTTATCGAACACTTCAG,4,4346481
yadI_predicted,5.0,4,0,TCCGTCGAATTAAGAGCTAC,4,4300514
yadI_predicted,5.0,4,0,TATTTGACATTCGTCTCATT,4,4345990
yadI_predicted,5.0,4,0,TAGCGCACCTGAGTTGTGCT,4,4359683
yadI_predicted,5.0,4,0,GGTATTGATCCGTCACTACT,4,4361718
yadI_predicted,5.0,4,0,GGGAAGTTGTCTTCTTAGGA,4,4312445
yadI_predicted,5.0,4,0,GGAGACTAGCCTACCATAAA,4,4298535
yadI_predicted,5.0,4,0,GCGTTCGAACAATATAGGTG,4,4352125
yadI_predicted,5.0,4,0,GCGCGGAGATTATCTTTAAG,4,4342179
yadI_predicted,5.0,4,0,GACGTGCATATGCCAGGTTC,4,4318100
yadI_predicted,5.0,4,0,CTCCCAAATTAGCGACCGGA,4,4306682
yadI_predicted,5.0,4,0,CGTTCCCTTTTGTTAGCAGT,4,4369605
yadI_predicted,5.0,4,0,CCACTGGTGATGGGGTCCCG,4,4348913
yadI_predicted,5.0,4,0,CATTTGACTTACTATACCTA,4,4293396
yadI_predicted,5.0,4,0,AGTTGGTGCTGACGTCCACA,4,4330818
yadI_predicted,5.0,4,0,AAGTCAGGATTTTTTGATAC,4,4286835
yadI_predicted,4.0,3,0,TTTCTCCTCTCAAAACCTAA,3,4298140
yadI_predicted,4.0,3,0,TTTCCCATGTATCCCAAGTG,3,4365675
yadI_predicted,4.0,3,0,TTGTCCCTTCGTTGAGGGTA,3,4289641
yadI_predicted,4.0,3,0,TACATGTTGAAGGCGGTCAG,3,4333227
yadI_predicted,4.0,3,0,GTAGCATGTGATTCCTCAAG,3,4286356
yadI_predicted,4.0,3,0,GCGTTTAGGTCAGTGAACGT,3,4320116
yadI_predicted,4.0,3,0,CGACGGCGGTCCGTATTTGG,3,4364933
yadI_predicted,4.0,3,0,CCCTCAGCTTCTATGACCTG,3,4350005
yadI_predicted,4.0,3,0,CAGCTGCGATATAATGCGAC,3,4338931
yadI_predicted,4.0,3,0,ATTACCACACAAGCTCTTGC,3,4302054
yadI_predicted,4.0,3,0,AGGGGGATGCAATTTATGCT,3,4302772
yadI_predicted,4.0,3,0,ACCGGTTCCGTAGTATACCC,3,4357562
yadI_predicted,3.0,2,0,TTGATAACTATTCGGTTCAC,2,4357221
yadI_predicted,3.0,2,0,TGACGAGGTTCTTTCCTACT,2,4366979
yadI_predicted,3.0,2,0,GTTATTAACCACGACTTCTT,2,4351009
yadI_predicted,3.0,2,0,GTTATGCTTTGTTTATTACG,2,4368410
yadI_predicted,3.0,2,0,GGAATAACTATAAGATATAG,2,4345881
yadI_predicted,3.0,2,0,GACCGGATATGCCGAAACTA,2,4321991
yadI_predicted,3.0,2,0,CTCCGGGCCGGAAAAACGGG,2,4306110
yadI_predicted,3.0,2,0,CTAATCTGAAGTTAGACTTA,2,4355748
yadI_predicted,3.0,2,0,CGGCCACAGTTATACACTCA,2,4301241
yadI_predicted,3.0,2,0,CGCACTGATCTGTCCTAACG,2,4325483
yadI_predicted,3.0,2,0,CGAGGAAAGAGTATCCTTCG,2,4369323
yadI_predicted,3.0,2,0,CCTGTCCCCTCTACACGCAG,2,4304907
yadI_predicted,3.0,2,0,CCCTAGCCGCGGGCTGGTAC,2,4322916
yadI_predicted,3.0,2,0,CAGTGAGACCCACACGGCTG,2,4297081
yadI_predicted,3.0,2,0,CAGTATATTCTCAATCTGGG,2,4352341
yadI_predicted,3.0,2,0,ATTTGCTCCGCTTAACCGGG,2,4287960
yadI_predicted,3.0,2,0,ATTACGCGCAAACCCGAAAG,2,4361391
yadI_predicted,3.0,2,0,AGCCGTCTCAAGCTAGTGGT,2,4328807
yadI_predicted,3.0,2,0,ACTTGGACGAGTTACTCTTG,2,4368755
yadI_predicted,3.0,2,0,ACGTGTTATATGAACGTCAC,2,4293121
yadI_predicted,3.0,2,0,ACAAATTAGACCTCACACGA,2,4301342
yadI_predicted,2.0,1,0,TTTGGAGCATAGAACATGAA,1,4319252
yadI_predicted,2.0,1,0,TTTAGTATAGTGCGCCGCTC,1,4354638
yadI_predicted,2.0,1,0,TTGTTGTTTTCGCCTCAAAC,1,4297889
yadI_predicted,2.0,1,0,TTGCTGTCGAAAACTTTATT,1,4295882
yadI_predicted,2.0,1,0,TTAACAGCTCAATTTAGTAA,1,4298230
yadI_predicted,2.0,1,0,TGTTAACGGAAGTCCCAGTT,1,4305541
yadI_predicted,2.0,1,0,TGCTGCTTCTGCTTGTCCCT,1,4325901
yadI_predicted,2.0,1,0,TGCTACAGAACCGACCAACA,1,4296821
yadI_predicted,2.0,1,0,TGCGGCGAGCGGGCTGTCCG,1,4312026
yadI_predicted,2.0,1,0,TGCCGTCCCCTGTAACTGTA,1,4314123
yadI_predicted,2.0,1,0,TGAGTCCACACGCGCGAGCA,1,4365775
yadI_predicted,2.0,1,0,TGACCGTATCGCGGGAGTGA,1,4328134
yadI_predicted,2.0,1,0,TCGCTTCTTTAAGATTTTTA,1,4358923
yadI_predicted,2.0,1,0,TCCTCAGTTCCTATAGTTTT,1,4330657
yadI_predicted,2.0,1,0,TCCGAGTGGTGTGCGCCGCC,1,4334314
yadI_predicted,2.0,1,0,TCATTTTTCTGTTTCTGCCC,1,4330857
yadI_predicted,2.0,1,0,TATCAGTAAATGAATTCGTC,1,4362822
yadI_predicted,2.0,1,0,TACCATCGTTTATCGGCGAA,1,4297990
yadI_predicted,2.0,1,0,TACATCGGGCCGTCGATTGT,1,4336271
yadI_predicted,2.0,1,0,TACATAAGTCAGCCAACTCT,1,4330585
yadI_predicted,2.0,1,0,GTTTGAATGTAACTCGCTGA,1,4285494
yadI_predicted,2.0,1,0,GTTTCACTGTATTGGGGGTG,1,4322970
yadI_predicted,2.0,1,0,GTGGTCGCGACGTTAGAGCA,1,4350279
yadI_predicted,2.0,1,0,GTATCAGGTCCGTAATACGC,1,4337780
yadI_predicted,2.0,1,0,GGGTTCCTAACATGAGATAT,1,4324252
yadI_predicted,2.0,1,0,GGGGGTTTGAGATCTGCGCA,1,4289633
yadI_predicted,2.0,1,0,GGGCCGCCCAGAGTCGATGT,1,4287239
yadI_predicted,2.0,1,0,GGCATTTTGAGTATTTTCAG,1,4309884
yadI_predicted,2.0,1,0,GGACTGGATGAAAATAGTTT,1,4287498
yadI_predicted,2.0,1,0,GCTATTAAGGGTCACCTTTA,1,4364668
yadI_predicted,2.0,1,0,GCTACGGGGCTGCCCTGTAA,1,4346254
yadI_predicted,2.0,1,0,GCCCAAGAGGCTGCCGAGAT,1,4352807
yadI_predicted,2.0,1,0,GCATTGAATAGCCACCTACT,1,4341320
yadI_predicted,2.0,1,0,GAGATTTTAGACTTATTTGC,1,4358160
yadI_predicted,2.0,1,0,GACTGGACAACACCGCACTA,1,4315358
yadI_predicted,2.0,1,0,GACTCTGTCCAGTTTCCACC,1,4355385
yadI_predicted,2.0,1,0,GACGATCACACCCTCTTGGA,1,4337386
yadI_predicted,2.0,1,0,CTTCTTACATTAGCCTGAAA,1,4367479
yadI_predicted,2.0,1,0,CTACAACGAACGTCGTGTTA,1,4352955
yadI_predicted,2.0,1,0,CGTGCGTGCTGTGACAGACC,1,4309977
yadI_predicted,2.0,1,0,CGTCAACGAATCGGATGTGT,1,4358350
yadI_predicted,2.0,1,0,CGTAGAAAATAGCATAGATG,1,4322046
yadI_predicted,2.0,1,0,CGCGTTCTGAGGACACAACT,1,4348402
yadI_predicted,2.0,1,0,CCACTAATCTATGTGCCCGC,1,4318019
yadI_predicted,2.0,1,0,CATACGCGTGAGGAACTCCC,1,4290354
yadI_predicted,2.0,1,0,CAGGGTCCGCGCCTATCGGT,1,4285241
yadI_predicted,2.0,1,0,CACTAGGTTAAATACCGTAG,1,4308759
yadI_predicted,2.0,1,0,CACACTCCCCTGGGGCTCTA,1,4346538
yadI_predicted,2.0,1,0,CAATTGGCTGGCAAAGAGCG,1,4308915
yadI_predicted,2.0,1,0,ATGTGGCGCCTCTAGCATCA,1,4347927
yadI_predicted,2.0,1,0,ATGAGTTTCATGCGTGGTGA,1,4334665
yadI_predicted,2.0,1,0,ATGAGCCTTGTTGAAACGCA,1,4303328
yadI_predicted,2.0,1,0,ATCTCTGTGGTGTTCCTGCT,1,4364023
yadI_predicted,2.0,1,0,AGTTCAACCGGGGGGCATAA,1,4340612
yadI_predicted,2.0,1,0,AGTCACACACTTCGCCGGGA,1,4351128
yadI_predicted,2.0,1,0,AGGGTCCTACCGCACGCTGA,1,4350234
yadI_predicted,2.0,1,0,AGGAGACTGCCTAACCTTGA,1,4312597
yadI_predicted,2.0,1,0,AGCGGGACTGAGGGTGCTAG,1,4295232
yadI_predicted,2.0,1,0,ACTCTGCCGCTCAGGTACAA,1,4344922
yadI_predicted,2.0,1,0,ACGTGCTGCTGTCGATCTGA,1,4351981
yadI_predicted,2.0,1,0,ACGATGTTGCTGACCCTGCA,1,4285669
yadI_predicted,2.0,1,0,AATCTGACATCAACGGGCAT,1,4293490
yadI_predicted,2.0,1,0,AAGTCGCCAGTAATCTTGGT,1,4339579
yadI_predicted,2.0,1,0,AAGCACGAGTTACCCGGAGC,1,4308874
yadI_predicted,2.0,1,0,AAGAGCGTGTGGTGTTGGGG,1,4357632
yadI_predicted,2.0,1,0,AACTGTGCCAAGACCTTGTT,1,4351752
yadI_predicted,2.0,1,0,AAACTAATTATGGGTCAAAT,1,4311144
