name,relative_counts,ct,ct_0,barcode,ct_1,barcode_ind
ygfS_ygfT_predicted,0.06086956521739131,364,344,TAGCATAGGTAAGATTGGAA,20,4906978
ygfS_ygfT_predicted,0.45,404,279,GGCGATAGATACGCCGTTAA,125,4899871
ygfS_ygfT_predicted,0.014184397163120567,141,140,GGCCAATCTGGTCTCGTGGA,1,4903312
ygfS_ygfT_predicted,0.9781021897810219,269,136,AGCCAGAGACGGATAAGGGG,133,4913606
ygfS_ygfT_predicted,0.4146341463414634,172,122,CGAGTAAGCAGTACCGCGCA,50,4919826
ygfS_ygfT_predicted,0.525,181,119,TTATTACCTGAAGATACGAT,62,4907118
ygfS_ygfT_predicted,0.03571428571428571,114,111,TTGATCAGACTTTAAGTGTA,3,4905141
ygfS_ygfT_predicted,0.8839285714285714,209,111,GAATGCCAGGCGGCCGTTCA,98,4900608
ygfS_ygfT_predicted,0.45535714285714285,161,111,AATTCTCAAGCCTTCGTGCT,50,4906210
ygfS_ygfT_predicted,0.41284403669724773,152,108,CCGGAGCGATAAATTGCATG,44,4902648
ygfS_ygfT_predicted,0.16666666666666666,124,107,GGGAGGTATGCGCATTTACC,17,4922370
ygfS_ygfT_predicted,0.19626168224299065,126,106,CGCTTCAGTGCTTGCTAAGT,20,4902220
ygfS_ygfT_predicted,0.37142857142857144,142,104,GCGCTGGGCACATCATACAT,38,4900850
ygfS_ygfT_predicted,0.3238095238095238,137,104,GCGACTCGCCTGGAGAGCGG,33,4899918
ygfS_ygfT_predicted,1.0192307692307692,208,103,AGCCTCAGCTCACACGGTCA,105,4899812
ygfS_ygfT_predicted,0.7346938775510204,168,97,CTTGTCCCGTTGTGGCGCCA,71,4900055
ygfS_ygfT_predicted,0.16326530612244897,112,97,CCCGTTGTGTCTTGGGATAA,15,4924087
ygfS_ygfT_predicted,0.3157894736842105,123,94,AAGCAGCGACTCCACTTTTG,29,4908099
ygfS_ygfT_predicted,0.425531914893617,132,93,ATTAAATCGCTGCGACCCAG,39,4906068
ygfS_ygfT_predicted,0.3333333333333333,122,92,TCACTCACTACCCGTGCGAT,30,4917135
ygfS_ygfT_predicted,0.8260869565217391,166,91,ATTGTAAGACCGGGGAATAA,75,4920158
ygfS_ygfT_predicted,0.3626373626373626,122,90,GTTGATTTCGTAACAATCCA,32,4918881
ygfS_ygfT_predicted,0.24175824175824176,111,90,GCAGAGTCCTGACGTATTCT,21,4901564
ygfS_ygfT_predicted,0.8651685393258427,164,88,TTTGCGTCATTCACTCCGAC,76,4914353
ygfS_ygfT_predicted,0.022727272727272728,88,87,CGGGAGTACACTCAAAGTCA,1,4928647
ygfS_ygfT_predicted,0.7586206896551724,151,86,ATATTGTTTTTCCTCCGGTT,65,4913211
ygfS_ygfT_predicted,0.29069767441860467,109,85,TGAATCGAGGTGCGTAGAAT,24,4903106
ygfS_ygfT_predicted,0.29069767441860467,109,85,AGACAAGGGCGGCATAATCT,24,4908342
ygfS_ygfT_predicted,0.24705882352941178,104,84,TTGTGCCCGCCTTGTCCCGA,20,4902235
ygfS_ygfT_predicted,0.27380952380952384,105,83,GAGGCCGGACTTTGGTTCGT,22,4920970
ygfS_ygfT_predicted,0.3253012048192771,108,82,AAAATGATACCGCGTCTAAT,26,4913990
ygfS_ygfT_predicted,1.4634146341463414,200,81,TATGGCTGTATTTGGCTCCC,119,4908737
ygfS_ygfT_predicted,0.5,121,81,TACGCAATATGACGATGAAC,40,4900763
ygfS_ygfT_predicted,0.4024390243902439,113,81,GAACGGGGTAGGGCTGGAAC,32,4901255
ygfS_ygfT_predicted,0.17073170731707318,94,81,CCCTCTATAGCCAGTCTTTG,13,4903596
ygfS_ygfT_predicted,0.07407407407407407,85,80,TCCAAGCAGGCGACTTGGGA,5,4906082
ygfS_ygfT_predicted,0.620253164556962,126,78,AATCCTCCTTCAGGTGTCCT,48,4919387
ygfS_ygfT_predicted,0.5384615384615384,118,77,CCAGTTGGCATGGAAGCTGT,41,4903342
ygfS_ygfT_predicted,0.6973684210526315,127,75,GTTAGAAGCGGATTAGCCTC,52,4921237
ygfS_ygfT_predicted,0.3157894736842105,98,75,GCATACAAGAACACACTTCC,23,4920967
ygfS_ygfT_predicted,0.09210526315789473,81,75,CTCGTTACGCGTGGAGTCCA,6,4901271
ygfS_ygfT_predicted,0.5333333333333333,113,74,CTTTCAGCGTCATATATTGT,39,4926277
ygfS_ygfT_predicted,1.12,157,74,AGTGGGCAAAGCCTTGTCTA,83,4920063
ygfS_ygfT_predicted,0.24,91,74,ACGCTGAGGACTTTTCGATC,17,4899992
ygfS_ygfT_predicted,0.02702702702702703,74,73,ATGGAAACAAACTGACAATA,1,4906189
ygfS_ygfT_predicted,0.5616438356164384,112,72,TACATCCAAGGAAAGCGAGA,40,4900501
ygfS_ygfT_predicted,0.5616438356164384,112,72,CTCCTCCGTGACCCCTGAAG,40,4920855
ygfS_ygfT_predicted,0.2638888888888889,89,71,AACATTCCTGGAAATCCAAA,18,4919884
ygfS_ygfT_predicted,0.09859154929577464,76,70,TTCAATGTATTGCCATTAGG,6,4913358
ygfS_ygfT_predicted,0.29577464788732394,90,70,TCCGCAGCTGGCGTAGAACG,20,4901750
ygfS_ygfT_predicted,0.4507042253521127,101,70,ACGTCCCAACCGACTGAACA,31,4901113
ygfS_ygfT_predicted,0.6571428571428571,114,69,TTCGAGACGACGGAGTCGGA,45,4904958
ygfS_ygfT_predicted,0.9714285714285714,136,69,TCTCATGTCCTTCCAATTAT,67,4921697
ygfS_ygfT_predicted,0.6285714285714286,112,69,TCGACCCAGTCATCACTGTC,43,4927233
ygfS_ygfT_predicted,0.04285714285714286,71,69,CGTCCACCGGATTAAGTCCT,2,4915090
ygfS_ygfT_predicted,0.05714285714285714,72,69,CGGCCCATCGTATATTTACG,3,4900480
ygfS_ygfT_predicted,0.028985507246376812,69,68,AGGGTAGGGTTTCGCCAGTT,1,4922481
ygfS_ygfT_predicted,0.3382352941176471,89,67,TGCCGGAATAATCGGCAATT,22,4927169
ygfS_ygfT_predicted,0.6176470588235294,108,67,CCGAATTCCATGGGACTATT,41,4930820
ygfS_ygfT_predicted,0.029850746268656716,67,66,CTGGGCTATTCCAGCCTTCA,1,4902066
ygfS_ygfT_predicted,0.208955223880597,79,66,CGATAACTGCCCGCTAACTA,13,4907029
ygfS_ygfT_predicted,0.2727272727272727,82,65,TTAGAAGGGTAAGCTCCTGG,17,4899708
ygfS_ygfT_predicted,0.4090909090909091,91,65,GGCAACCATGTTCTGAAGCA,26,4929712
ygfS_ygfT_predicted,0.2153846153846154,77,64,CGTACCAGCTGAGGGCAGGA,13,4899682
ygfS_ygfT_predicted,0.3230769230769231,84,64,CGCCCGTTATGATTTCGCCA,20,4910528
ygfS_ygfT_predicted,0.03076923076923077,65,64,CATCGCCTTCGGTGTAGAAA,1,4913457
ygfS_ygfT_predicted,0.47692307692307695,94,64,CAGCGTAATCATGTTTGCGT,30,4899731
ygfS_ygfT_predicted,0.6153846153846154,103,64,ACAGGCGGTCGCGCAAACCA,39,4906062
ygfS_ygfT_predicted,0.125,70,63,TCTACCGGCCCACGGCAGAT,7,4915474
ygfS_ygfT_predicted,0.15625,72,63,TCGGTGCGATAATCAAGAAA,9,4915671
ygfS_ygfT_predicted,0.28125,80,63,CCCAGCCCTGGGCACCCAGT,17,4905116
ygfS_ygfT_predicted,0.578125,99,63,ATAGCCACATCCCCACGGAA,36,4909753
ygfS_ygfT_predicted,0.31746031746031744,81,62,TTGCTGACTACCTGTGCATG,19,4920344
ygfS_ygfT_predicted,0.031746031746031744,63,62,TAACAGGTAGTTGCCGCGGC,1,4912887
ygfS_ygfT_predicted,1.2222222222222223,138,62,GGCAATGTGATGTACGCTGT,76,4902990
ygfS_ygfT_predicted,0.14285714285714285,70,62,CTTTTGAAGTTCCTGAACGA,8,4919222
ygfS_ygfT_predicted,0.12698412698412698,69,62,CTTCGCGTTAATCAAAGGTG,7,4900586
ygfS_ygfT_predicted,0.4603174603174603,90,62,ATGCCGTATCTGAACGTTGA,28,4911956
ygfS_ygfT_predicted,0.27419354838709675,77,61,CTATAGTATGAGCTAAAGGT,16,4923194
ygfS_ygfT_predicted,0.532258064516129,93,61,CGGTAGAGTTCTTAGCATTA,32,4911052
ygfS_ygfT_predicted,0.7580645161290323,107,61,ATCTCTACGATCACAGGCGA,46,4916248
ygfS_ygfT_predicted,0.12903225806451613,68,61,AGAGGAATCAGCGAAATATA,7,4919580
ygfS_ygfT_predicted,0.2903225806451613,78,61,AAGCAGACCAGCCGTAAACA,17,4899822
ygfS_ygfT_predicted,0.03225806451612903,62,61,AAGAACGTCTCGGCAGCGCT,1,4905805
ygfS_ygfT_predicted,0.6885245901639344,101,60,TCGACCAACTAAGGTACCTC,41,4905146
ygfS_ygfT_predicted,0.32786885245901637,79,60,GACTGGGCGCAAGCGAATGA,19,4908194
ygfS_ygfT_predicted,0.5245901639344263,91,60,CGGTATTCGTGGGTTGCCTT,31,4922052
ygfS_ygfT_predicted,0.7868852459016393,107,60,CGCTACGTATCCGCGCATTA,47,4925579
ygfS_ygfT_predicted,1.9344262295081966,177,60,CACCAACCGCGACCAGAGGT,117,4909904
ygfS_ygfT_predicted,0.23333333333333334,72,59,TTCAATGACCGTCAATAGAA,13,4924809
ygfS_ygfT_predicted,0.2833333333333333,75,59,CTTATGGGGCACGTGGTTCA,16,4907609
ygfS_ygfT_predicted,0.5666666666666667,92,59,ATATCCTTCCCGACGTATGA,33,4923853
ygfS_ygfT_predicted,0.4406779661016949,83,58,GGTGCTGATGATTGCCAAGA,25,4914819
ygfS_ygfT_predicted,0.2711864406779661,73,58,CGGCGAAGCCTGCGTATGTG,15,4911926
ygfS_ygfT_predicted,0.7796610169491526,103,58,CGAAACTGCAAGTGTCACCA,45,4915445
ygfS_ygfT_predicted,0.6610169491525424,96,58,CACCCCATAGGGTTCCCCAT,38,4908931
ygfS_ygfT_predicted,1.1864406779661016,127,58,AATTCAAGACAATGACTCCT,69,4925130
ygfS_ygfT_predicted,0.9322033898305084,112,58,AAACAGTACACATAGTGTCC,54,4913435
ygfS_ygfT_predicted,0.2413793103448276,70,57,TAATCACTCGGGATCCCCAT,13,4925847
ygfS_ygfT_predicted,0.5862068965517241,90,57,CGGGCTATTAAGGGTGCTTA,33,4923624
ygfS_ygfT_predicted,0.6206896551724138,92,57,CGGATCAGTTTTCTAACCTG,35,4902934
ygfS_ygfT_predicted,0.38596491228070173,77,56,GTGGGGTCTGCATTGCATGT,21,4914250
ygfS_ygfT_predicted,0.3508771929824561,75,56,GAACGTAGAGGTATCCAGGT,19,4906711
ygfS_ygfT_predicted,0.19298245614035087,66,56,CGGATCCGCAGATTCAATAA,10,4901944
ygfS_ygfT_predicted,0.47368421052631576,82,56,CCTTTACCGGGTTAGCGCCC,26,4913682
ygfS_ygfT_predicted,0.19298245614035087,66,56,ACTGAATTGAGATTCATTAC,10,4902130
ygfS_ygfT_predicted,0.47368421052631576,82,56,AAGGGATAGATCCACCAGCT,26,4911661
ygfS_ygfT_predicted,0.39285714285714285,76,55,TGAAGCCGTCAACTTTCTGT,21,4913071
ygfS_ygfT_predicted,0.07272727272727272,57,54,TAGGTTTTGCACTTCACAGA,3,4904621
ygfS_ygfT_predicted,0.4,75,54,CGGGTGGGTGTCTCTGATAT,21,4923062
ygfS_ygfT_predicted,0.07407407407407407,56,53,TAGGACATCCTTGGTCGGAT,3,4931038
ygfS_ygfT_predicted,0.6666666666666666,88,53,GCAGGGAACTTTATATTTTT,35,4918393
ygfS_ygfT_predicted,0.8703703703703703,99,53,CTACCGTTGCAACGATACTT,46,4910269
ygfS_ygfT_predicted,0.05555555555555555,55,53,CGTCCGTTTTACCTGGCGCG,2,4921946
ygfS_ygfT_predicted,0.7777777777777778,94,53,CAGCTTGCGACGGGAGGTCA,41,4918478
ygfS_ygfT_predicted,1.1666666666666667,115,53,AGAGTCCGCGTGGATTCTGA,62,4923417
ygfS_ygfT_predicted,1.8333333333333333,151,53,ACGTACAAAACTCTCGATAT,98,4929810
ygfS_ygfT_predicted,0.20754716981132076,62,52,TTCCGTGCTTTTTCCCGGAT,10,4903661
ygfS_ygfT_predicted,0.1320754716981132,58,52,TCGCCCAATCATACTGGCGT,6,4926641
ygfS_ygfT_predicted,0.6415094339622641,85,52,TACTTGATTTCGAGATAAGA,33,4916512
ygfS_ygfT_predicted,1.3773584905660377,124,52,GATGAATCTACCGCTTTCCT,72,4905755
ygfS_ygfT_predicted,0.6792452830188679,87,52,CTTGGCCCCGTCAGGACAGA,35,4918820
ygfS_ygfT_predicted,1.0377358490566038,106,52,CTAAAGTTCTCTGCCGCCAT,54,4922050
ygfS_ygfT_predicted,0.4339622641509434,74,52,CCGTCCTCGGCGTCAATAGT,22,4903562
ygfS_ygfT_predicted,0.3584905660377358,70,52,CATTGGTCACCTCCTAACTG,18,4929749
ygfS_ygfT_predicted,0.16981132075471697,60,52,AGTCGGGTTGGAATACTTGG,8,4901534
ygfS_ygfT_predicted,0.8653846153846154,95,51,TTGATGGAATCACTGGATGA,44,4914840
ygfS_ygfT_predicted,0.36538461538461536,69,51,GGTGTAGGGCGATATTTGCC,18,4924337
ygfS_ygfT_predicted,0.6923076923076923,86,51,GCCAAGGTCTTCCGGCAGGG,35,4910178
ygfS_ygfT_predicted,0.038461538461538464,52,51,GATTAATACTTGATACAGCA,1,4927436
ygfS_ygfT_predicted,0.038461538461538464,52,51,GACATGAATTGCAGGTGACA,1,4917728
ygfS_ygfT_predicted,0.5961538461538461,81,51,CTGAGTTGCAACCGCTAGCG,30,4907039
ygfS_ygfT_predicted,0.23076923076923078,62,51,CGGCCTGTAGGCGTTGTCCA,11,4923685
ygfS_ygfT_predicted,0.15384615384615385,58,51,AGGAAGGTAAGGCACCGCAA,7,4908150
ygfS_ygfT_predicted,1.6923076923076923,138,51,AACTGTACTAGCATCACTAA,87,4903810
ygfS_ygfT_predicted,0.49019607843137253,74,50,TGATAGACATATTTTGGGTA,24,4902193
ygfS_ygfT_predicted,0.8431372549019608,92,50,TAGGCCACCCGGAAGGAAAC,42,4907060
ygfS_ygfT_predicted,0.09803921568627451,54,50,CGACGCCGACCGGGGGCGAG,4,4913519
ygfS_ygfT_predicted,0.13725490196078433,56,50,CCATGGATTGATTCACTCAC,6,4927960
ygfS_ygfT_predicted,0.72,84,49,TGCCATTTGAAATCGAGGTT,35,4915208
ygfS_ygfT_predicted,0.56,76,49,GTATACGGCAAATGTGTCCT,27,4903961
ygfS_ygfT_predicted,1.0,98,49,GGCCGAGCGGCCTTATCCTA,49,4909220
ygfS_ygfT_predicted,0.32,64,49,GCATAGTTTTCCGTCCGGAT,15,4907116
ygfS_ygfT_predicted,0.28,62,49,CTTCCCGGGAGGGATATAAT,13,4904060
ygfS_ygfT_predicted,2.22,159,49,CAACTATCGTCGGTGACGGA,110,4926535
ygfS_ygfT_predicted,2.38,167,49,ATGATTGATTAAAACGCCTT,118,4903967
ygfS_ygfT_predicted,0.04,50,49,AAAGGGATGGCTAACAGTTA,1,4926262
ygfS_ygfT_predicted,0.10204081632653061,52,48,TTGGTCCATCCATAGTTTGG,4,4905608
ygfS_ygfT_predicted,1.8775510204081634,139,48,GGAACAGTGAATGGTCCGCA,91,4902323
ygfS_ygfT_predicted,0.061224489795918366,50,48,CCCAGCCGTATGAGTTCGTT,2,4901662
ygfS_ygfT_predicted,0.5510204081632653,74,48,ACTTTTTCCTGGCCAACAGA,26,4900858
ygfS_ygfT_predicted,0.061224489795918366,50,48,ACAACGGGGTCTCGAACAGC,2,4915712
ygfS_ygfT_predicted,0.10204081632653061,52,48,AAAGTAGCCTCGGAATCTTG,4,4918363
ygfS_ygfT_predicted,0.6458333333333334,77,47,TGACTCGGCGAGCTCGCAGG,30,4900364
ygfS_ygfT_predicted,0.16666666666666666,54,47,GCCATCAGCATCTTCCTTAA,7,4925178
ygfS_ygfT_predicted,0.041666666666666664,48,47,CTGGGGCCTGAAGTACAGAG,1,4924751
ygfS_ygfT_predicted,0.125,52,47,CTACGGGACGAAAATATAGA,5,4923529
ygfS_ygfT_predicted,0.08333333333333333,50,47,AGTCAACCGTTAGCTTCATT,3,4930278
ygfS_ygfT_predicted,1.2916666666666667,108,47,ACGATCTTGCTTCATGGCTT,61,4902727
ygfS_ygfT_predicted,0.5957446808510638,73,46,TTCTATAGTTGATCTGGTAC,27,4908736
ygfS_ygfT_predicted,0.3404255319148936,61,46,GTAAGTGTTTAATTAGGTCA,15,4924723
ygfS_ygfT_predicted,0.9787234042553191,91,46,GGCATGTCAACGCACTGCAT,45,4901226
ygfS_ygfT_predicted,0.425531914893617,65,46,GCTGAGCCGGTCTTACGCAA,19,4900954
ygfS_ygfT_predicted,0.7446808510638298,80,46,GCGGGCCAGCAATACAATTG,34,4902027
ygfS_ygfT_predicted,0.46808510638297873,67,46,GCATTATGGAGTCTGTAGAG,21,4919622
ygfS_ygfT_predicted,0.9574468085106383,90,46,CTCGTCTTTACGCCCCTACG,44,4905360
ygfS_ygfT_predicted,1.2127659574468086,102,46,CGGCTAGTATGATTGCGCGA,56,4900013
ygfS_ygfT_predicted,0.0425531914893617,47,46,CGAAAGGCACCCTCTGCTAA,1,4918280
ygfS_ygfT_predicted,1.1914893617021276,101,46,CAAGCTGGGTGGGAAGCGAT,55,4911220
ygfS_ygfT_predicted,1.0,92,46,AGCTCGACTTATTCGATTTG,46,4919795
ygfS_ygfT_predicted,0.44680851063829785,66,46,AAGCCTTATCCGCCGCCGCA,20,4913819
ygfS_ygfT_predicted,0.3191489361702128,60,46,AACCTGGCAGCCTACCTTTT,14,4928548
ygfS_ygfT_predicted,0.8695652173913043,84,45,TCGGGTTTCTATGATAACAA,39,4920937
ygfS_ygfT_predicted,0.043478260869565216,46,45,TAAGTTTGCACCGGGGGAAA,1,4924850
ygfS_ygfT_predicted,0.15217391304347827,51,45,CCTTAAGCGAGGCCCTACGA,6,4921879
ygfS_ygfT_predicted,0.5869565217391305,71,45,CCATCCAGCTTGACTATCCT,26,4921554
ygfS_ygfT_predicted,0.043478260869565216,46,45,CCAAGCAGGAGTCGCGGTTT,1,4915832
ygfS_ygfT_predicted,0.5217391304347826,68,45,ATTAACTACCCATGTGAATG,23,4901448
ygfS_ygfT_predicted,0.6956521739130435,76,45,ATGGGGCAGTTTTTTATAGT,31,4899724
ygfS_ygfT_predicted,0.32608695652173914,59,45,AGCGTTGCACCAGTACTCGG,14,4904409
ygfS_ygfT_predicted,0.2391304347826087,55,45,AATAGTTTCCGAAGTTTCGG,10,4914735
ygfS_ygfT_predicted,0.17777777777777778,51,44,TTAGCCACTTATCGACGGCT,7,4909201
ygfS_ygfT_predicted,0.044444444444444446,45,44,TGGCGTCTGTACCAGCAGGC,1,4926595
ygfS_ygfT_predicted,0.9333333333333333,85,44,TCGCCAACGGTCTTTATCTG,41,4900222
ygfS_ygfT_predicted,0.17777777777777778,51,44,GGAGTGAGGATAGACCTAGT,7,4921575
ygfS_ygfT_predicted,0.15555555555555556,50,44,GCGCCTTACCGAGATACCAT,6,4912735
ygfS_ygfT_predicted,0.4666666666666667,64,44,GCAGGATTAGTATCGCCTTG,20,4910288
ygfS_ygfT_predicted,0.8222222222222222,80,44,CGACCATAAACTGGAATCGT,36,4915448
ygfS_ygfT_predicted,0.4444444444444444,63,44,CCCCGTGGCGGTCTGACCCT,19,4918398
ygfS_ygfT_predicted,0.6,70,44,AGTCTTTTTCACAAAGCAAT,26,4901074
ygfS_ygfT_predicted,0.20454545454545456,51,43,TTGACGGTTTGGAGACTAAC,8,4900177
ygfS_ygfT_predicted,0.6590909090909091,71,43,TATGTGTCTGCCTAATTTAA,28,4905634
ygfS_ygfT_predicted,0.18181818181818182,50,43,GTGGCTACATCGATGTGCGT,7,4905676
ygfS_ygfT_predicted,0.06818181818181818,45,43,GCCTAGCTTGTATCCGTAAA,2,4918319
ygfS_ygfT_predicted,1.0227272727272727,87,43,GACGTTCACGCTCGACGGTA,44,4912404
ygfS_ygfT_predicted,0.8181818181818182,78,43,CTCGGATAAGATGCATGTAA,35,4904406
ygfS_ygfT_predicted,0.5227272727272727,65,43,CGCAAAATTGCATAATATGG,22,4924876
ygfS_ygfT_predicted,0.22727272727272727,52,43,ATTCCGCTGGGGTTGGCAAA,9,4917151
ygfS_ygfT_predicted,0.5227272727272727,65,43,AGCATGTCAACTCATCGATT,22,4902215
ygfS_ygfT_predicted,0.75,75,43,AGAACGCCGGCCGTTCCCGT,32,4922435
ygfS_ygfT_predicted,1.1818181818181819,94,43,ACGGCCTATAGGGACTACTT,51,4902290
ygfS_ygfT_predicted,0.06818181818181818,45,43,ACGGCAGTCAAATATAAGCT,2,4903411
ygfS_ygfT_predicted,0.4418604651162791,60,42,TTGTGAAGGTGATTAATCTA,18,4904902
ygfS_ygfT_predicted,0.9302325581395349,81,42,TTGCAGTTGGATTTTCTAGA,39,4905066
ygfS_ygfT_predicted,0.37209302325581395,57,42,TCTGCTGCTACTATTTCGCT,15,4908992
ygfS_ygfT_predicted,0.2558139534883721,52,42,TCGGAGTACCGGCACCTTAA,10,4925722
ygfS_ygfT_predicted,0.3023255813953488,54,42,GGCTTATCCCCTTCCGAATA,12,4920179
ygfS_ygfT_predicted,0.09302325581395349,45,42,GCGAACATGTACATGGTCGC,3,4922028
ygfS_ygfT_predicted,0.7209302325581395,72,42,CGCAACGCGACTACCCCCCA,30,4910753
ygfS_ygfT_predicted,1.4186046511627908,102,42,CGAGCAGTTCGATGGCCCCC,60,4899743
ygfS_ygfT_predicted,0.5116279069767442,63,42,CAGGTTTGCAACTGCTTCCG,21,4911849
ygfS_ygfT_predicted,0.11627906976744186,46,42,ATCATTGAGACACAGGTAGA,4,4919272
ygfS_ygfT_predicted,0.046511627906976744,43,42,ATCATAGGTCACTCGCAGTG,1,4923598
ygfS_ygfT_predicted,0.32558139534883723,55,42,ATATAAGTCTTGCTACATTA,13,4923600
ygfS_ygfT_predicted,0.5581395348837209,65,42,ACTGCCTGTTAGGTGAAGAT,23,4916873
ygfS_ygfT_predicted,0.627906976744186,68,42,ACGTGTGGGATGCAGAACAA,26,4904061
ygfS_ygfT_predicted,0.6511627906976745,69,42,AACGATTTATCATTGCTAGT,27,4907735
ygfS_ygfT_predicted,0.7619047619047619,72,41,TGTAGGCCTCTGCTGTGCTT,31,4904648
ygfS_ygfT_predicted,0.40476190476190477,57,41,TGAGGGGGATGAGGCTCCTC,16,4907287
ygfS_ygfT_predicted,0.11904761904761904,45,41,GGTCTAGGTCTGCGCAGACT,4,4901144
ygfS_ygfT_predicted,0.35714285714285715,55,41,GGCCTCCTTCATGTGTTCAA,14,4900223
ygfS_ygfT_predicted,0.8333333333333334,75,41,GCGGCAAATTCCCAGCGGTG,34,4925162
ygfS_ygfT_predicted,0.16666666666666666,47,41,GCACCTCCGTGCCGTCGATA,6,4905244
ygfS_ygfT_predicted,1.3333333333333333,96,41,GATGGGCTAGTGACCCCCAA,55,4903679
ygfS_ygfT_predicted,0.14285714285714285,46,41,ACAGAAAGCGATCATAGGGC,5,4901080
ygfS_ygfT_predicted,0.4146341463414634,56,40,TGTCTTTCAATACCGGTGCT,16,4903067
ygfS_ygfT_predicted,1.1219512195121952,85,40,TGGCGCGTTCTGATGTGTTG,45,4904530
ygfS_ygfT_predicted,0.04878048780487805,41,40,TGCGACGACTGGGTAGTCGC,1,4911907
ygfS_ygfT_predicted,0.9024390243902439,76,40,GCTCCAGATCCATCAATGCT,36,4921147
ygfS_ygfT_predicted,0.2926829268292683,51,40,GCATTCTGGAGCCTATTAAG,11,4900397
ygfS_ygfT_predicted,0.04878048780487805,41,40,CTGGTATTAACTAGGCTCAT,1,4910779
ygfS_ygfT_predicted,0.5853658536585366,63,40,CGGTTCGGATACGCGCCCGG,23,4911070
ygfS_ygfT_predicted,0.04878048780487805,41,40,ACTCGCACTGGGGTCCCCAA,1,4920591
ygfS_ygfT_predicted,0.4878048780487805,59,40,ACGGACCCATCTCCTGGTCT,19,4901463
ygfS_ygfT_predicted,2.45,136,39,TTTCTGAACGACTAAGATGT,97,4912692
ygfS_ygfT_predicted,0.5,58,39,TTACGCTGGTTTACCAAAGT,19,4900078
ygfS_ygfT_predicted,0.35,52,39,TGTCACAATGCAACACTCTT,13,4908160
ygfS_ygfT_predicted,0.425,55,39,TGCTCGTCGTCTGGATGTTG,16,4910720
ygfS_ygfT_predicted,0.575,61,39,TGCAAACTGTTCACAAGATT,22,4910468
ygfS_ygfT_predicted,0.55,60,39,TCAATTAGTCCGCACTGGAT,21,4902858
ygfS_ygfT_predicted,1.925,115,39,TAGAAGCCGGAGCCTGGGCA,76,4902957
ygfS_ygfT_predicted,0.05,40,39,GTTTTCCGGGTTCATTACGA,1,4899762
ygfS_ygfT_predicted,0.925,75,39,GTCGTTAGTCTCTAGGCCGA,36,4926416
ygfS_ygfT_predicted,0.275,49,39,GGAAGGCCGACCTCCGGGCA,10,4902427
ygfS_ygfT_predicted,1.55,100,39,GCTCGGGATCTATTGAGTCG,61,4918172
ygfS_ygfT_predicted,0.55,60,39,GCCTCCCGGGCAGCTTTACA,21,4922348
ygfS_ygfT_predicted,2.95,156,39,GATTACTGCGGATCTGAGCT,117,4920983
ygfS_ygfT_predicted,0.75,68,39,CTGCCGGTACGCAAGGTATA,29,4914130
ygfS_ygfT_predicted,0.4,54,39,CCTTGGGGTATAATTGACAC,15,4908745
ygfS_ygfT_predicted,0.35,52,39,CCCTCGCCCGAGTTGACCAA,13,4920830
ygfS_ygfT_predicted,0.475,57,39,CCCAATTCCTCAGTAGTCTG,18,4900518
ygfS_ygfT_predicted,0.8,70,39,CATGCCCGTTTGCTTTCATC,31,4917485
ygfS_ygfT_predicted,0.5,58,39,AGGTGACGCGGGAAAGGGAC,19,4906675
ygfS_ygfT_predicted,0.575,61,39,ACTGGGCTTATGGGTTACGC,22,4905808
ygfS_ygfT_predicted,0.25,48,39,ACCCGTGGAACACCTGTAGT,9,4914129
ygfS_ygfT_predicted,1.625,103,39,ACCCGGTTCCGTCTTCTGTT,64,4902339
ygfS_ygfT_predicted,1.2564102564102564,86,38,TGTAAGGAGTCTTCCTATTT,48,4919757
ygfS_ygfT_predicted,0.6153846153846154,61,38,TACGGCTAGTGACTGTGTAG,23,4909257
ygfS_ygfT_predicted,0.717948717948718,65,38,TAAGTACTAAGTATTTTTTG,27,4916246
ygfS_ygfT_predicted,0.5128205128205128,57,38,GTGGAGCCCTCCTCTCGTGA,19,4900574
ygfS_ygfT_predicted,0.07692307692307693,40,38,GTCCTGCATTTTGTCCAGTT,2,4926351
ygfS_ygfT_predicted,0.23076923076923078,46,38,GACCGCGCACAGCCTAGACT,8,4905545
ygfS_ygfT_predicted,0.8717948717948718,71,38,CTTCACGCATCTGAATTAGT,33,4913687
ygfS_ygfT_predicted,1.205128205128205,84,38,AGATAGTAGAAGTGGTGACA,46,4917026
ygfS_ygfT_predicted,0.38461538461538464,52,38,ACCGCATGAACAGCGCGTTT,14,4921111
ygfS_ygfT_predicted,0.38461538461538464,52,38,ACAAACCCAAACTGGTGCAG,14,4901552
ygfS_ygfT_predicted,2.473684210526316,130,37,TTCGCGGCAGGAGTGTTCTG,93,4908836
ygfS_ygfT_predicted,1.9736842105263157,111,37,TCGAGGAAGTATGACGGGCA,74,4925548
ygfS_ygfT_predicted,0.3684210526315789,50,37,TCATTGATACGAGTTAAGTG,13,4912742
ygfS_ygfT_predicted,0.3157894736842105,48,37,GGCGTTGGTGCACAATTGCA,11,4903201
ygfS_ygfT_predicted,0.05263157894736842,38,37,GCAACCGAGACCCGTTGTCA,1,4913158
ygfS_ygfT_predicted,0.39473684210526316,51,37,CTAGAAAGCGTCGCATCGGT,14,4907887
ygfS_ygfT_predicted,0.15789473684210525,42,37,CTACACGGGGTACTCCTGAA,5,4911108
ygfS_ygfT_predicted,0.34210526315789475,49,37,CTACACGCGTACGTTTTGTA,12,4913215
ygfS_ygfT_predicted,0.8157894736842105,67,37,CACATTCCTTGAATTCGATG,30,4901449
ygfS_ygfT_predicted,0.7631578947368421,65,37,AGAACAGATCTCATGTGAGT,28,4906066
ygfS_ygfT_predicted,0.05263157894736842,38,37,ACTATTCCGCCACAACGACT,1,4914643
ygfS_ygfT_predicted,0.47368421052631576,54,37,ACCCGCAGAGTCAGCCTTAT,17,4922694
ygfS_ygfT_predicted,0.15789473684210525,42,37,ACATACACTCAGAATGACCT,5,4907342
ygfS_ygfT_predicted,0.3157894736842105,48,37,AACTAACAGGGGGGGATGGT,11,4908362
ygfS_ygfT_predicted,0.23684210526315788,45,37,AACACAGGAGTGGACCCCGC,8,4922684
ygfS_ygfT_predicted,0.5945945945945946,57,36,TGTACGGGGTACCCAACGCA,21,4922043
ygfS_ygfT_predicted,0.5405405405405406,55,36,TCAGCAAGGTGAATAGTACT,19,4909133
ygfS_ygfT_predicted,0.918918918918919,69,36,TAGCAGGACTATTGCCACTG,33,4922003
ygfS_ygfT_predicted,0.5405405405405406,55,36,GGATGGCATTTTTACTAGGC,19,4913504
ygfS_ygfT_predicted,1.162162162162162,78,36,GCGAGCATGCGAAATATCGT,42,4925121
ygfS_ygfT_predicted,0.8108108108108109,65,36,GCCTGGACCTGGTTGAGGCG,29,4929363
ygfS_ygfT_predicted,1.027027027027027,73,36,ATTAGTGCAATCCGTACGGC,37,4925225
ygfS_ygfT_predicted,0.05405405405405406,37,36,ATAAGTTAATCGCCAAAAAT,1,4926820
ygfS_ygfT_predicted,1.135135135135135,77,36,AGGGGTTTTTCTGTCTTTTG,41,4908489
ygfS_ygfT_predicted,0.8918918918918919,68,36,AGCGCGACCCCCCCGAGCAA,32,4907241
ygfS_ygfT_predicted,0.16216216216216217,41,36,ACGGACAGCTCCTGGTGCTC,5,4902406
ygfS_ygfT_predicted,0.43243243243243246,51,36,AAGATTCGAAAGACTCTTAT,15,4904427
ygfS_ygfT_predicted,0.2972972972972973,46,36,AACATAGAAAGCAGTATTTA,10,4909513
ygfS_ygfT_predicted,0.32432432432432434,47,36,AAATTAACCGTGATGATCCG,11,4904196
ygfS_ygfT_predicted,0.5,52,35,TTCGGTTATAACTAGATCGA,17,4909808
ygfS_ygfT_predicted,0.5555555555555556,54,35,TTAACCGGTCAGGTTTCCTA,19,4902891
ygfS_ygfT_predicted,0.19444444444444445,41,35,TGGAGGGACCATAGGTTTAG,6,4900255
ygfS_ygfT_predicted,1.3055555555555556,81,35,TGACCGCGCACCACTTTAGG,46,4905492
ygfS_ygfT_predicted,0.6388888888888888,57,35,GTGGTGTTAGACGGCTAGCT,22,4925848
ygfS_ygfT_predicted,0.05555555555555555,36,35,CGGGTATACGCGAAGGCGCG,1,4904424
ygfS_ygfT_predicted,0.5833333333333334,55,35,CGAGAGTGGTTCGAACAAAA,20,4910506
ygfS_ygfT_predicted,0.05555555555555555,36,35,ATCAAAAATGAACTGGAGGT,1,4903992
ygfS_ygfT_predicted,0.05555555555555555,36,35,AGATCTTCTGGCCAGTTCTC,1,4900784
ygfS_ygfT_predicted,0.6666666666666666,58,35,AAGTCCCGTCCATTTTTGCA,23,4903590
ygfS_ygfT_predicted,0.6944444444444444,59,35,AACCATCTTCTCATACTTAA,24,4912769
ygfS_ygfT_predicted,0.6,54,34,TTTTTTCTTAGCGGTGACTA,20,4902493
ygfS_ygfT_predicted,0.08571428571428572,36,34,TGGGTAATTAGAGCGAAGAT,2,4922390
ygfS_ygfT_predicted,0.9428571428571428,66,34,TCCATCGGTCTCGCCTTGTA,32,4909327
ygfS_ygfT_predicted,0.22857142857142856,41,34,TAAAACGGGATGATGTTTCT,7,4905097
ygfS_ygfT_predicted,0.5714285714285714,53,34,GTCCTGTCTTACCAAGAGAT,19,4919764
ygfS_ygfT_predicted,0.8857142857142857,64,34,GTCCTGCTTTCTATAAATTC,30,4923289
ygfS_ygfT_predicted,0.05714285714285714,35,34,GTCACGCTGACGTGAGATGT,1,4907239
ygfS_ygfT_predicted,1.9428571428571428,101,34,GTAGGCTGTGCCGTCCGAGT,67,4908779
ygfS_ygfT_predicted,0.34285714285714286,45,34,GTAAAGTGGCGCTTCCATTT,11,4912496
ygfS_ygfT_predicted,2.5142857142857142,121,34,GCTCGGGCGGCTAAAAGTAT,87,4922555
ygfS_ygfT_predicted,0.5142857142857142,51,34,GCCGTGGAATCACTTTGCAG,17,4911794
ygfS_ygfT_predicted,0.9714285714285714,67,34,GATTACTGGCAACGGGGGTG,33,4915973
ygfS_ygfT_predicted,0.37142857142857144,46,34,CTTAGACGCTTGATTAGTTT,12,4907184
ygfS_ygfT_predicted,0.8857142857142857,64,34,CTGGAAATATACCCACCTCA,30,4925585
ygfS_ygfT_predicted,0.17142857142857143,39,34,CGTGGAGCGGCTCGCCAAAT,5,4909725
ygfS_ygfT_predicted,1.6285714285714286,90,34,CGACGTCCACTGAGCGCCTC,56,4916996
ygfS_ygfT_predicted,0.5428571428571428,52,34,CCGATACCCCCTGAATACGC,18,4907788
ygfS_ygfT_predicted,0.5428571428571428,52,34,CAGCTCTGGTATTACGCGGA,18,4900170
ygfS_ygfT_predicted,0.5714285714285714,53,34,ATATGTTCTTGGCGACCCGC,19,4924319
ygfS_ygfT_predicted,0.22857142857142856,41,34,AGTAGACACGTCGCGCTGTG,7,4900088
ygfS_ygfT_predicted,0.2857142857142857,43,34,AGGTAGTGGTAATGTGATAC,9,4927563
ygfS_ygfT_predicted,0.5142857142857142,51,34,AACCTGTTATAGGAGCCTCT,17,4900481
ygfS_ygfT_predicted,2.7941176470588234,127,33,TTCCCTCGAGGGAGTGGGCA,94,4911513
ygfS_ygfT_predicted,0.3235294117647059,43,33,TGAGACACAGGTGGGTATAC,10,4901105
ygfS_ygfT_predicted,0.5,49,33,TCTGCTTCTCACAAGACCCT,16,4924412
ygfS_ygfT_predicted,0.5882352941176471,52,33,TACCTTCAGGGCATACTCAA,19,4905773
ygfS_ygfT_predicted,0.47058823529411764,48,33,GGTATCCAACCCAATTCGGT,15,4908080
ygfS_ygfT_predicted,0.7058823529411765,56,33,GGGAAAAGGAAGGCGCGTAG,23,4900701
ygfS_ygfT_predicted,1.0588235294117647,68,33,GGATACATGGTTTGTCGGAG,35,4911782
ygfS_ygfT_predicted,1.2352941176470589,74,33,GCTATATCTCTTCTTAGGGG,41,4927620
ygfS_ygfT_predicted,0.14705882352941177,37,33,GCCCGTGATTGCGCACCGTG,4,4911554
ygfS_ygfT_predicted,0.47058823529411764,48,33,CGGATGATAGCAGCCGAATA,15,4906131
ygfS_ygfT_predicted,0.08823529411764706,35,33,CGGAGGCACGCATGCACAAT,2,4910983
ygfS_ygfT_predicted,1.5588235294117647,85,33,CCTGGGAATTTATATGAATA,52,4908433
ygfS_ygfT_predicted,0.20588235294117646,39,33,CCGCGTCACGTGAGTTACTT,6,4899837
ygfS_ygfT_predicted,0.23529411764705882,40,33,CAATCCTTAAGCTAGTTTCT,7,4917669
ygfS_ygfT_predicted,0.4117647058823529,46,33,ATGGTGCCAGGTTCTAAATA,13,4907706
ygfS_ygfT_predicted,1.0588235294117647,68,33,ACTGTGCCTACCGCTTTACA,35,4899742
ygfS_ygfT_predicted,0.5,49,33,ACACTTGGTGGCAGCTACTA,16,4909308
ygfS_ygfT_predicted,0.5,49,33,ACAACAGGCACAATATCTGT,16,4907289
ygfS_ygfT_predicted,0.9393939393939394,62,32,TTGCAGCGGCATCGAGAAAT,30,4928945
ygfS_ygfT_predicted,0.45454545454545453,46,32,TGTGACTCCGCTAGCAAAGA,14,4907343
ygfS_ygfT_predicted,0.9696969696969697,63,32,TGTATCGGGGGTCCCAGTGT,31,4910314
ygfS_ygfT_predicted,0.06060606060606061,33,32,TGTAGTCGTCCCCATTTTTA,1,4912246
ygfS_ygfT_predicted,0.9090909090909091,61,32,TGTAACCACGAGTGGACAAA,29,4917727
ygfS_ygfT_predicted,1.696969696969697,87,32,TGGGTTAGGGGGGAAGAGCT,55,4902542
ygfS_ygfT_predicted,0.3939393939393939,44,32,TCTTGGGTTCTTGCCCTGCC,12,4911929
ygfS_ygfT_predicted,1.1515151515151516,69,32,TATCCTTTCGGACGAATGTT,37,4900206
ygfS_ygfT_predicted,1.1818181818181819,70,32,TACCTTCTGCGATCCTGCAG,38,4923375
ygfS_ygfT_predicted,0.9090909090909091,61,32,GGTATAGGTCCGAGTAGGGG,29,4917484
ygfS_ygfT_predicted,0.36363636363636365,43,32,GGTACGTCGATCACTGGCCT,11,4904190
ygfS_ygfT_predicted,0.24242424242424243,39,32,GGACATGGGCGGGTCCAGTT,7,4927543
ygfS_ygfT_predicted,0.3333333333333333,42,32,GATATGCGAACGCTGTTTCA,10,4905065
ygfS_ygfT_predicted,0.09090909090909091,34,32,CTGCTGGGCTGGTCATCCTG,2,4922614
ygfS_ygfT_predicted,0.6060606060606061,51,32,CTGAGCAAAAGTTGCTGGAC,19,4907558
ygfS_ygfT_predicted,0.21212121212121213,38,32,CTCTCGGATCGGCAGCTGTG,6,4929415
ygfS_ygfT_predicted,0.45454545454545453,46,32,CGTGATCAGATCGAGCTTTT,14,4917030
ygfS_ygfT_predicted,0.06060606060606061,33,32,CGAAACTGGCCCAAGCACTC,1,4910770
ygfS_ygfT_predicted,0.06060606060606061,33,32,CCGCTCAGAATTCGCAGGGA,1,4912924
ygfS_ygfT_predicted,3.303030303030303,140,32,CCGCAAGTTAGTTTCACGCA,108,4899958
ygfS_ygfT_predicted,0.21212121212121213,38,32,CATGCCATGCGGACATATGA,6,4918289
ygfS_ygfT_predicted,0.5151515151515151,48,32,ATCCTGCGCGTCACCGAACT,16,4904218
ygfS_ygfT_predicted,0.12121212121212122,35,32,ACTTGGCTACCCACGTACTC,3,4916216
ygfS_ygfT_predicted,0.06060606060606061,33,32,ACCGAGGAGTGGTAGTTGAG,1,4918927
ygfS_ygfT_predicted,1.3636363636363635,76,32,ACCCCGTCGGTCTCGGCCCT,44,4906695
ygfS_ygfT_predicted,0.696969696969697,54,32,AAGGACTCCCGGACAGAGTC,22,4906097
ygfS_ygfT_predicted,0.125,34,31,TTCATCTGACTAGCGTTTTC,3,4900729
ygfS_ygfT_predicted,3.84375,153,31,TGTTCCTTCCGATCCGTGCA,122,4920986
ygfS_ygfT_predicted,0.90625,59,31,TGTGATGTTAAAGTAAGTCA,28,4918090
ygfS_ygfT_predicted,0.59375,49,31,TATTGCGGTCATAACCTGCT,18,4901103
ygfS_ygfT_predicted,1.6875,84,31,TATCCAACTGGTCGTTCCTT,53,4905055
ygfS_ygfT_predicted,0.875,58,31,TAGCGGTGATCGATTTGTCA,27,4903037
ygfS_ygfT_predicted,0.625,50,31,TAAGTCACTTGCAATCTTGT,19,4908320
ygfS_ygfT_predicted,0.59375,49,31,GGTCAATACCCGAAGCAGTT,18,4905052
ygfS_ygfT_predicted,1.5,78,31,GGGCACAACGAAGGTGAGCT,47,4928846
ygfS_ygfT_predicted,1.0,62,31,GGCTGCGAGACAGCCGGACT,31,4906903
ygfS_ygfT_predicted,0.78125,55,31,GCAATGGAGCTTCAACAGAT,24,4918720
ygfS_ygfT_predicted,0.21875,37,31,CTTTATTGGGGTACGACAGG,6,4904620
ygfS_ygfT_predicted,0.78125,55,31,CTCTCCAAGCCCCTTGTAGT,24,4930167
ygfS_ygfT_predicted,0.0625,32,31,CGTTGTTATGCCGGGCCGGT,1,4908735
ygfS_ygfT_predicted,1.84375,89,31,CGCAGTTCTATGGGCAGACT,58,4915763
ygfS_ygfT_predicted,1.0625,64,31,AGTTTTCGGTAGTTTGCTCA,33,4905629
ygfS_ygfT_predicted,0.5,46,31,ACCAATGGGTGTGTTCATCT,15,4902816
ygfS_ygfT_predicted,0.06451612903225806,31,30,TTGGACAAAGTGGTTAGTGT,1,4906681
ygfS_ygfT_predicted,0.16129032258064516,34,30,TTCCGTGCCAGAGGCACAAA,4,4904700
ygfS_ygfT_predicted,0.4838709677419355,44,30,TGTAGAGTAGAAAGATCTCA,14,4909395
ygfS_ygfT_predicted,2.129032258064516,95,30,TGGTGCGTCCTTCGACTGCT,65,4900524
ygfS_ygfT_predicted,0.3870967741935484,41,30,TGGCATTTAACAGTGGGATA,11,4921454
ygfS_ygfT_predicted,0.6129032258064516,48,30,TGCAAAGGTAAAAGAGTCTA,18,4930428
ygfS_ygfT_predicted,0.0967741935483871,32,30,TCTAGGGTTTTCGAGAGAAG,2,4904225
ygfS_ygfT_predicted,2.193548387096774,97,30,TCCGCATGTGTGGCTCAGAA,67,4930148
ygfS_ygfT_predicted,0.3548387096774194,40,30,TCCGAATGGTTGCAACCTGG,10,4920905
ygfS_ygfT_predicted,0.06451612903225806,31,30,TCCAGATAGCCAGTGGAGTC,1,4922899
ygfS_ygfT_predicted,0.06451612903225806,31,30,TCAACCTAGGGAGAGCTCTA,1,4902428
ygfS_ygfT_predicted,2.096774193548387,94,30,TACCCTTATATTTCCGCTAT,64,4923253
ygfS_ygfT_predicted,0.1935483870967742,35,30,GCCTTCCTTTAGGCGCGCGC,5,4903527
ygfS_ygfT_predicted,0.12903225806451613,33,30,GACCGCCCCAAAGTGGGTTT,3,4900726
ygfS_ygfT_predicted,0.5483870967741935,46,30,CTTTATGCACAGGGTCAAGC,16,4902188
ygfS_ygfT_predicted,1.1935483870967742,66,30,CTGTCCCCATGCTCCAGCCA,36,4910306
ygfS_ygfT_predicted,0.12903225806451613,33,30,CTGAGTCTAGGAGCTTTTAA,3,4930307
ygfS_ygfT_predicted,0.4838709677419355,44,30,CTCCCTCTCCTCACTGTTTA,14,4903482
ygfS_ygfT_predicted,0.3870967741935484,41,30,CGTTACGCCCCGCATTCATG,11,4909059
ygfS_ygfT_predicted,0.6451612903225806,49,30,CGGTGCCACGATGTCACAAC,19,4923552
ygfS_ygfT_predicted,0.3225806451612903,39,30,CGACTCTGACTCCGCACGAC,9,4902345
ygfS_ygfT_predicted,1.5806451612903225,78,30,CCGCGGGTATCTTTCAAATG,48,4911931
ygfS_ygfT_predicted,0.45161290322580644,43,30,ATTAGCATGGTCCAAGATCT,13,4916949
ygfS_ygfT_predicted,0.3225806451612903,39,30,ATGAAGAATTGCTTTATTCT,9,4918061
ygfS_ygfT_predicted,0.5161290322580645,45,30,ATCAAGCCTTTTCGCGCCTT,15,4913087
ygfS_ygfT_predicted,0.12903225806451613,33,30,AGTACAATGTAGTTCTAGTG,3,4914452
ygfS_ygfT_predicted,1.1290322580645162,64,30,AGGTTAAAGTATCGGAGAGA,34,4930519
ygfS_ygfT_predicted,0.3548387096774194,40,30,AGCATAGACAACCCCTGCGA,10,4927572
ygfS_ygfT_predicted,0.06451612903225806,31,30,ACACGACATGCGCGCATTTA,1,4916729
ygfS_ygfT_predicted,0.22580645161290322,36,30,ACACATGAGGCATGCCATAA,6,4913667
ygfS_ygfT_predicted,0.9666666666666667,57,29,TTGCGCCTACGGCTGTCCAT,28,4908458
ygfS_ygfT_predicted,0.8666666666666667,54,29,TTGATGCACCACCTGTCGGA,25,4904352
ygfS_ygfT_predicted,0.3333333333333333,38,29,TTACTTCTGCGGTATTAATC,9,4916042
ygfS_ygfT_predicted,1.3666666666666667,69,29,TGGAGGAAAAATCAGGGGAG,40,4907086
ygfS_ygfT_predicted,0.3,37,29,TCTAAAGAGCGGGGTCCGTC,8,4913044
ygfS_ygfT_predicted,0.7,49,29,TCACGCCATAGGTCAGCCAT,20,4920702
ygfS_ygfT_predicted,0.1,31,29,TATGTACCATAGCGGCGGTA,2,4902204
ygfS_ygfT_predicted,0.06666666666666667,30,29,GTTCCGCCGGATGTCTACAA,1,4905584
ygfS_ygfT_predicted,0.36666666666666664,39,29,GTCTGAATTGAACGGCCGGG,10,4917541
ygfS_ygfT_predicted,1.1,61,29,GTCTAGCTAATCACAGCAGT,32,4915604
ygfS_ygfT_predicted,0.9,55,29,GTCGTGCGCTCCATTAAAGA,26,4920277
ygfS_ygfT_predicted,0.6,46,29,GGTACGGCGTTCCGGGATTC,17,4928781
ygfS_ygfT_predicted,0.16666666666666666,33,29,GGCACGAATCTGATCATGGA,4,4908880
ygfS_ygfT_predicted,0.06666666666666667,30,29,GGAATTAGCCCGGCGGCCGT,1,4921748
ygfS_ygfT_predicted,0.4,40,29,GCTGGCGCTGCGATGGGGAA,11,4917235
ygfS_ygfT_predicted,0.4666666666666667,42,29,GCGAATGCAAGCGTAACTGA,13,4928327
ygfS_ygfT_predicted,0.6666666666666666,48,29,GCCCTCAGCCCGGGATAGAT,19,4907963
ygfS_ygfT_predicted,1.2,64,29,GACAGAAATGAAGTTGGCCA,35,4908631
ygfS_ygfT_predicted,1.3,67,29,CTGGAGCACTTACGGGTGAA,38,4905435
ygfS_ygfT_predicted,3.8333333333333335,143,29,CTCTCTTTCGTTCTTGACCC,114,4910438
ygfS_ygfT_predicted,0.5,43,29,CGTAAAATTTATACAGCGGC,14,4902003
ygfS_ygfT_predicted,0.23333333333333334,35,29,CGCGGGGGTTGAGTGACTAA,6,4901738
ygfS_ygfT_predicted,0.5666666666666667,45,29,CGCCTAAAGTCGGGCCTAAT,16,4909821
ygfS_ygfT_predicted,0.16666666666666666,33,29,CCTTTTCAGGGGGGACCATG,4,4908519
ygfS_ygfT_predicted,1.9333333333333333,86,29,CCTACTCGGTAAAACCAGAA,57,4905825
ygfS_ygfT_predicted,1.0,58,29,CCGATTTCGCGGAGGCGTCA,29,4914769
ygfS_ygfT_predicted,0.9666666666666667,57,29,CATGAGCTCCATACTTGGCG,28,4931312
ygfS_ygfT_predicted,0.36666666666666664,39,29,ATTTCATTATTATGGCCTAC,10,4929788
ygfS_ygfT_predicted,0.8666666666666667,54,29,ATGTTATTTTTCGTGATATT,25,4903568
ygfS_ygfT_predicted,1.2666666666666666,66,29,ATGTACGATTCATGAGAGCA,37,4913471
ygfS_ygfT_predicted,1.2333333333333334,65,29,AGTTGGGGCGATCGGGACCT,36,4906430
ygfS_ygfT_predicted,0.3333333333333333,38,29,AGAGCTTATACGGCCGTACT,9,4910730
ygfS_ygfT_predicted,0.13333333333333333,32,29,ACCTAGCGGACGCACATGCA,3,4917375
ygfS_ygfT_predicted,0.2,34,29,ACAATTCCTTTTCGGCGCTC,5,4904485
ygfS_ygfT_predicted,0.8,52,29,AACCCGACTATCGCTAATCC,23,4900594
ygfS_ygfT_predicted,0.9,55,29,AACAAGCTTCTAGGGGCACA,26,4923851
ygfS_ygfT_predicted,0.6666666666666666,48,29,AAACTAGCCATTACCGGGGT,19,4908977
ygfS_ygfT_predicted,0.5862068965517241,44,28,TTTTTCTTGGTGACGGTCTA,16,4912558
ygfS_ygfT_predicted,0.5172413793103449,42,28,TTTTGAGATCTTGCGGGACA,14,4922581
ygfS_ygfT_predicted,3.1379310344827585,118,28,TTCAAGCATGTGTTAAATCG,90,4905607
ygfS_ygfT_predicted,0.8275862068965517,51,28,TTAACAAGCATGCCTAACCC,23,4908741
ygfS_ygfT_predicted,2.5517241379310347,101,28,TGTTGGACACTTTTTCGTGG,73,4901182
ygfS_ygfT_predicted,0.7931034482758621,50,28,TGTCGAATCCGATTCGCGAT,22,4908664
ygfS_ygfT_predicted,0.13793103448275862,31,28,TGCACTGTAATAGGACGTCC,3,4919418
ygfS_ygfT_predicted,0.3448275862068966,37,28,TGCAAGTCTTGCGGGCAACT,9,4924066
ygfS_ygfT_predicted,1.0689655172413792,58,28,TGACGGTGAGAGCCCACCTA,30,4930356
ygfS_ygfT_predicted,1.0689655172413792,58,28,TCTCAAGCAGTAACCTGGAC,30,4916435
ygfS_ygfT_predicted,1.8620689655172413,81,28,TCCCCTGACTTAGGGCCAAA,53,4902166
ygfS_ygfT_predicted,0.5172413793103449,42,28,TCATAGACGCAATTGCCGTG,14,4919934
ygfS_ygfT_predicted,0.3793103448275862,38,28,TAAATGCTTGACGAAGACCT,10,4915011
ygfS_ygfT_predicted,0.3793103448275862,38,28,GTGGGGGAACTTAGATCGGT,10,4907760
ygfS_ygfT_predicted,0.9310344827586207,54,28,GTAAATGCACTTACAGGATA,26,4914823
ygfS_ygfT_predicted,0.27586206896551724,35,28,GGGTTTAATATCTCAGGTCA,7,4901428
ygfS_ygfT_predicted,0.5172413793103449,42,28,GGGAAGGGGTCTCATCAACA,14,4917084
ygfS_ygfT_predicted,1.3793103448275863,67,28,GCATTTTCACTCGTAGTCTA,39,4915576
ygfS_ygfT_predicted,0.7241379310344828,48,28,GCATACGACTGAGGTGAACC,20,4915412
ygfS_ygfT_predicted,0.5172413793103449,42,28,GCATAAGCTTTCTGGTACCA,14,4916547
ygfS_ygfT_predicted,0.9655172413793104,55,28,GCACTTTAGTAACAGGGCTT,27,4914483
ygfS_ygfT_predicted,0.6896551724137931,47,28,GAGACGTGCGACGTTCGCAG,19,4910471
ygfS_ygfT_predicted,1.0344827586206897,57,28,CTGGGTTTAACACACTGCGT,29,4921517
ygfS_ygfT_predicted,0.06896551724137931,29,28,CGGGTCCAGTCACACTCTTA,1,4902819
ygfS_ygfT_predicted,4.344827586206897,153,28,CCGTCTTGTTTGTGGCACCT,125,4926859
ygfS_ygfT_predicted,4.206896551724138,149,28,CCAACCGAACTTACCTCGCG,121,4914316
ygfS_ygfT_predicted,0.6551724137931034,46,28,CATTAGGCGGGGCAACTAAG,18,4926937
ygfS_ygfT_predicted,1.6206896551724137,74,28,CACACGAAGTTCGCTAGTCA,46,4920701
ygfS_ygfT_predicted,1.5172413793103448,71,28,ATACCGGAAAAGATCTGTAT,43,4927845
ygfS_ygfT_predicted,0.896551724137931,53,28,AGGTCGCATACGGCAATCAG,25,4904207
ygfS_ygfT_predicted,1.2413793103448276,63,28,AGCGTAGACAGTCGGGGCGA,35,4902358
ygfS_ygfT_predicted,0.7931034482758621,50,28,AGCGGGGTCGCGTCGAACAA,22,4917725
ygfS_ygfT_predicted,0.20689655172413793,33,28,ACCGTCTAGTTGTCCTGAAG,5,4928207
ygfS_ygfT_predicted,0.8275862068965517,51,28,ACACCAGGAAGGTGATGCGT,23,4902380
ygfS_ygfT_predicted,0.4482758620689655,40,28,AAGCTTACATTTTAACAGTA,12,4917686
ygfS_ygfT_predicted,0.9285714285714286,52,27,TTTGGTGCGGAAACCAGGAA,25,4915822
ygfS_ygfT_predicted,0.2857142857142857,34,27,TGTTGTCGGGACCGTTCATA,7,4928195
ygfS_ygfT_predicted,0.07142857142857142,28,27,TGTGCCAATAAGGTTTGGCA,1,4909313
ygfS_ygfT_predicted,2.25,89,27,TGTAAGGGTATACGACGTAT,62,4905219
ygfS_ygfT_predicted,1.1785714285714286,59,27,TGGGGAGCATGGTCGTCCTA,32,4918523
ygfS_ygfT_predicted,0.14285714285714285,30,27,TGGCGTGTAAAGGGGTCAAC,3,4918462
ygfS_ygfT_predicted,1.6071428571428572,71,27,TGGCGCCTCATCGCTGCTGA,44,4904647
ygfS_ygfT_predicted,0.07142857142857142,28,27,TGAAGGGTCAGAGTTATAAA,1,4900550
ygfS_ygfT_predicted,0.7142857142857143,46,27,TCTCCACCTGAATCCTTTAA,19,4916439
ygfS_ygfT_predicted,1.5357142857142858,69,27,TCTAACTATAAGGATACTTT,42,4929104
ygfS_ygfT_predicted,2.2142857142857144,88,27,TCGAATGTAGGGGATAGTCA,61,4912248
ygfS_ygfT_predicted,0.4642857142857143,39,27,TCATGGTCACTGCGACGGCG,12,4917386
ygfS_ygfT_predicted,1.3214285714285714,63,27,TAGCTCTACGAAGTCCTCTT,36,4920610
ygfS_ygfT_predicted,0.10714285714285714,29,27,TACGTATACTTGTTGTTAAT,2,4929171
ygfS_ygfT_predicted,0.7142857142857143,46,27,GGGGGCATTTAATTTGGAGT,19,4911821
ygfS_ygfT_predicted,0.07142857142857142,28,27,GGAAACGCGTGGCCCTATCC,1,4923601
ygfS_ygfT_predicted,0.4642857142857143,39,27,GCTTTTAGCGGACATCTATG,12,4908838
ygfS_ygfT_predicted,0.21428571428571427,32,27,GCTTTAGCGACCTGCGGAGG,5,4919058
ygfS_ygfT_predicted,2.607142857142857,99,27,GCTCGAGAACCGATATCCTG,72,4923954
ygfS_ygfT_predicted,0.10714285714285714,29,27,GCGGTGCCTCCAGACAAGCT,2,4929607
ygfS_ygfT_predicted,1.0714285714285714,56,27,GCCTGATACATGATCACTCG,29,4913448
ygfS_ygfT_predicted,0.25,33,27,GCCCTGTGCTGGGTTCAAAT,6,4907608
ygfS_ygfT_predicted,0.8214285714285714,49,27,GCAGCCACGGGCGCTGCGTT,22,4926075
ygfS_ygfT_predicted,0.17857142857142858,31,27,GACTCCCATACTGTAGCTAT,4,4910824
ygfS_ygfT_predicted,0.8928571428571429,51,27,CTTGTGGGCGGCATTTATCG,24,4925417
ygfS_ygfT_predicted,0.5357142857142857,41,27,CTGTGGTAATACAACCCATT,14,4902651
ygfS_ygfT_predicted,1.1428571428571428,58,27,CTACCAGGGGACAATCGTAA,31,4914100
ygfS_ygfT_predicted,0.4642857142857143,39,27,CGGAACAAACAAACCGACAT,12,4922372
ygfS_ygfT_predicted,0.8214285714285714,49,27,CCAAGCGTCTATGATTAGAT,22,4909053
ygfS_ygfT_predicted,0.8928571428571429,51,27,CAAGGCGTCATTCTAAGCAG,24,4912164
ygfS_ygfT_predicted,0.07142857142857142,28,27,ATCTGGGTCTTGTGGTGACA,1,4907429
ygfS_ygfT_predicted,2.142857142857143,86,27,ATAGTCCAGTACGGTATAAC,59,4919415
ygfS_ygfT_predicted,0.07142857142857142,28,27,ATAATAGCGTGGTACATTGG,1,4914607
ygfS_ygfT_predicted,1.0357142857142858,55,27,AGTTTATGCTATGTGACGAA,28,4907451
ygfS_ygfT_predicted,0.5714285714285714,42,27,AGTACGGGAGTCCATGACCC,15,4908029
ygfS_ygfT_predicted,0.07142857142857142,28,27,AGAGGTGGAATTAATTACAG,1,4916027
ygfS_ygfT_predicted,0.75,47,27,AACCCAAGACCCACTTTACC,20,4905124
ygfS_ygfT_predicted,1.1481481481481481,56,26,TTTTAAGGGGTTCACAGAGG,30,4909993
ygfS_ygfT_predicted,1.2592592592592593,59,26,TTTCTACCGGACGTCTTGAA,33,4926999
ygfS_ygfT_predicted,0.37037037037037035,35,26,TTGATATGCAGTTACCAATA,9,4910339
ygfS_ygfT_predicted,0.8148148148148148,47,26,TTCGTACCACTTGAACCGTC,21,4930173
ygfS_ygfT_predicted,1.2962962962962963,60,26,TTCGGCCAGCTTGTGCACCA,34,4912891
ygfS_ygfT_predicted,0.7037037037037037,44,26,TTATAGTGCCTTGCCCAGCT,18,4917183
ygfS_ygfT_predicted,1.4444444444444444,64,26,TTAAACACTAGATTCTAGAA,38,4906236
ygfS_ygfT_predicted,0.6666666666666666,43,26,TCTGATTTGGGGGAATTGTC,17,4910236
ygfS_ygfT_predicted,0.6296296296296297,42,26,TCTCGAGGAATTTCTATTAC,16,4916325
ygfS_ygfT_predicted,0.48148148148148145,38,26,TCATCCAGAGCTACTGTTTC,12,4908052
ygfS_ygfT_predicted,2.6666666666666665,97,26,TACGGAGGAGCTCGAGAGTA,71,4930778
ygfS_ygfT_predicted,1.6666666666666667,70,26,GTGTTTCTACTCTAGTGTGC,44,4920372
ygfS_ygfT_predicted,0.5925925925925926,41,26,GTCTTCGCACGGCTGTACCA,15,4926472
ygfS_ygfT_predicted,0.2962962962962963,33,26,GTCAATCACAAGTATTCGAC,7,4911259
ygfS_ygfT_predicted,1.0,52,26,GTAAGCTCTCCAGAACTGGA,26,4908653
ygfS_ygfT_predicted,2.6296296296296298,96,26,GGCTCTGGGAATTCTCGCGG,70,4930989
ygfS_ygfT_predicted,0.07407407407407407,27,26,GGCGGATCCGTCTATACATA,1,4901478
ygfS_ygfT_predicted,2.888888888888889,103,26,GCGTCAATTTGTAAAATCGG,77,4911392
ygfS_ygfT_predicted,0.9259259259259259,50,26,GATCCATATTATACACGTCT,24,4909241
ygfS_ygfT_predicted,1.6666666666666667,70,26,CTTTGCGCTACAGGCATTGC,44,4904193
ygfS_ygfT_predicted,0.7407407407407407,45,26,CTGGTAAGTAATGAAGCTAC,19,4924590
ygfS_ygfT_predicted,0.6296296296296297,42,26,CGTATGGAACCTCGAAATGA,16,4924962
ygfS_ygfT_predicted,0.8148148148148148,47,26,CGCTCCTAGGTAAACGACTG,21,4906495
ygfS_ygfT_predicted,1.5185185185185186,66,26,CCGGATCGGTTGTCAACACT,40,4903929
ygfS_ygfT_predicted,0.07407407407407407,27,26,CCAATTGAGCGTATGCCCGT,1,4924323
ygfS_ygfT_predicted,1.1111111111111112,55,26,CAGGGCTATAATAGCGGTGT,29,4927491
ygfS_ygfT_predicted,0.8888888888888888,49,26,CAAAACTCTGGGGAACTAAT,23,4901539
ygfS_ygfT_predicted,0.07407407407407407,27,26,ATTTGATATGTCTGTGGGTC,1,4909301
ygfS_ygfT_predicted,0.5185185185185185,39,26,ATTTCTTAGCGTACCACAAG,13,4909057
ygfS_ygfT_predicted,1.8148148148148149,74,26,AGTGTGGATGGTCGGTTTGT,48,4907866
ygfS_ygfT_predicted,1.037037037037037,53,26,AGGGAAAGAGCGTTCGGGCT,27,4911740
ygfS_ygfT_predicted,0.2962962962962963,33,26,AGGCAGCCGAGGATGTTAAG,7,4905868
ygfS_ygfT_predicted,0.48148148148148145,38,26,AGAGGAATCGCCTCTATCGA,12,4925094
ygfS_ygfT_predicted,0.5925925925925926,41,26,AGACCGTAGACCATGTACAC,15,4901912
ygfS_ygfT_predicted,0.07407407407407407,27,26,ACTTCGAGTTGATATTTAGG,1,4925271
ygfS_ygfT_predicted,2.4444444444444446,91,26,ACTCTGCGTGTGACCGGCGT,65,4905279
ygfS_ygfT_predicted,1.1851851851851851,57,26,ACTATAGAGCGTTTTCATTT,31,4904689
ygfS_ygfT_predicted,0.7037037037037037,44,26,ACGGCAGGTGAATCAATGAA,18,4926465
ygfS_ygfT_predicted,0.18518518518518517,30,26,ACCATGTCTTTATTTCGCTA,4,4924362
ygfS_ygfT_predicted,0.25925925925925924,32,26,ACACTGAACAGAGGTGTCTC,6,4903219
ygfS_ygfT_predicted,0.5185185185185185,39,26,AATTCCCCCTTCAGTCATAT,13,4908620
ygfS_ygfT_predicted,1.1111111111111112,55,26,AACATCGGGTAGTCCTTATC,29,4920124
ygfS_ygfT_predicted,1.0740740740740742,54,26,AAAGGGTGTAGTCGCATGTA,28,4901300
ygfS_ygfT_predicted,0.7307692307692307,43,25,TTGTATATCCGATAATATTT,18,4908151
ygfS_ygfT_predicted,0.5,37,25,TTGGTGATTCCTCGTTGCAA,12,4906804
ygfS_ygfT_predicted,0.7692307692307693,44,25,TTCAAGCGAGCCTAGAAATA,19,4907477
ygfS_ygfT_predicted,0.07692307692307693,26,25,TTACAATTTAAGCACATGCG,1,4908448
ygfS_ygfT_predicted,0.5384615384615384,38,25,TCTACGACGATTCGGGGTGT,13,4917339
ygfS_ygfT_predicted,0.6923076923076923,42,25,TCGTTACTATTCATCAAAGG,17,4917561
ygfS_ygfT_predicted,0.4230769230769231,35,25,TAGCAATCACATTAAGGCAT,10,4924068
ygfS_ygfT_predicted,0.07692307692307693,26,25,TAATATTCACGGCAGGGCCA,1,4925047
ygfS_ygfT_predicted,0.9615384615384616,49,25,GTTTAGGGATCTGACCCCTA,24,4908888
ygfS_ygfT_predicted,1.4615384615384615,62,25,GTTGGTTGGCTTAGGCTCGA,37,4915954
ygfS_ygfT_predicted,0.07692307692307693,26,25,GTTCACAAGATCCTTGGGTA,1,4924774
ygfS_ygfT_predicted,1.6153846153846154,66,25,GTGCGACCAGCACGCTTAGT,41,4921593
ygfS_ygfT_predicted,0.4230769230769231,35,25,GTCATACTACCATTTTAAAA,10,4901887
ygfS_ygfT_predicted,1.0,50,25,GGTTTTCGTCCAGGTCAGAA,25,4929736
ygfS_ygfT_predicted,0.6923076923076923,42,25,GGTCCGCAGGATTAATGAGT,17,4924595
ygfS_ygfT_predicted,1.6153846153846154,66,25,GGCTCAGGCAACGCTCGAAG,41,4920885
ygfS_ygfT_predicted,0.5384615384615384,38,25,GCTGCAAATCCTTGTCCGGC,13,4907121
ygfS_ygfT_predicted,0.5,37,25,GCGGGAATTAAGTTCCGCGA,12,4901077
ygfS_ygfT_predicted,0.8461538461538461,46,25,GCGGACAAAGAGAAGGGCTG,21,4904364
ygfS_ygfT_predicted,0.07692307692307693,26,25,GCAGCGCCAGTGGTATAACC,1,4921329
ygfS_ygfT_predicted,1.0769230769230769,52,25,GATAGCGAACTAGAAATAAC,27,4905361
ygfS_ygfT_predicted,1.0,50,25,CTCCTGGGGTTCCATTAGAG,25,4904887
ygfS_ygfT_predicted,0.34615384615384615,33,25,CTCCAGTGCCTATCACACTG,8,4920481
ygfS_ygfT_predicted,1.1538461538461537,54,25,CTCAATCGGGTGGACCAGGG,29,4908738
ygfS_ygfT_predicted,0.11538461538461539,27,25,CTATGGTCGTGAGCACTGCG,2,4912761
ygfS_ygfT_predicted,1.8846153846153846,73,25,CTATCCACCGTTAGTTCATC,48,4916274
ygfS_ygfT_predicted,1.7307692307692308,69,25,CTAGGCAGCCTAGCTTTGCG,44,4914387
ygfS_ygfT_predicted,0.9230769230769231,48,25,CGGTTGGGTCCTCTCGGACC,23,4911762
ygfS_ygfT_predicted,2.923076923076923,100,25,CGGCGGCGTCGAGTCATCTC,75,4907724
ygfS_ygfT_predicted,1.1153846153846154,53,25,CGGAAGGACCCTTGCGGGAT,28,4928196
ygfS_ygfT_predicted,0.7307692307692307,43,25,CGCTCGGGGCTTTTATTACA,18,4904503
ygfS_ygfT_predicted,0.9615384615384616,49,25,CCCGAGCCGCTCACGGACGA,24,4922251
ygfS_ygfT_predicted,0.9230769230769231,48,25,CAATGATTGAATGTCCTCAA,23,4929017
ygfS_ygfT_predicted,1.2307692307692308,56,25,ATTCGCAGTAGTTACTGGGG,31,4904795
ygfS_ygfT_predicted,0.8076923076923077,45,25,ATTAGAACAAGAGGGTCTGA,20,4918449
ygfS_ygfT_predicted,1.0769230769230769,52,25,AGGCGGGGCGAACAGAGCCT,27,4930758
ygfS_ygfT_predicted,0.07692307692307693,26,25,AGGAGTTCTCCTAAAAGTAT,1,4925963
ygfS_ygfT_predicted,0.6153846153846154,40,25,AGCGACGGTTGCCACTAGAC,15,4913378
ygfS_ygfT_predicted,0.6153846153846154,40,25,AGCAATTATCATTAATAGGA,15,4928587
ygfS_ygfT_predicted,2.230769230769231,82,25,AGATCATCGAGATAATTACA,57,4909221
ygfS_ygfT_predicted,0.9615384615384616,49,25,AGAAAAGGGGGTAAGCGCGT,24,4904238
ygfS_ygfT_predicted,1.3461538461538463,59,25,AAGGGCATGGCCAGTCGTTC,34,4904114
ygfS_ygfT_predicted,1.3846153846153846,60,25,AAGCAAACTCGAACTTAAAA,35,4903969
ygfS_ygfT_predicted,0.84,44,24,TTTTGACCGAGCCACAGGAC,20,4901039
ygfS_ygfT_predicted,1.08,50,24,TTTCTGGCAAATCCTACTAG,26,4905862
ygfS_ygfT_predicted,0.28,30,24,TTCTTGACTCGTCACTCGGC,6,4926788
ygfS_ygfT_predicted,2.32,81,24,TTATGTAATTTAGAACCCTT,57,4914940
ygfS_ygfT_predicted,0.32,31,24,TGGATTATGTACTACTAAAA,7,4907190
ygfS_ygfT_predicted,0.48,35,24,TCTTCGCGAGATTGCATAGT,11,4918197
ygfS_ygfT_predicted,0.24,29,24,TCTAGAGATCGACTCCGTGC,5,4926757
ygfS_ygfT_predicted,0.6,38,24,TCGAGGATTGTTGTTAGTGC,14,4928379
ygfS_ygfT_predicted,0.6,38,24,TCAACCGGAGCGTTTAGATA,14,4907862
ygfS_ygfT_predicted,0.4,33,24,TATGGCGGCTGCAGACAGCA,9,4917180
ygfS_ygfT_predicted,0.08,25,24,TATGCTCAGGTTTCGCTGAG,1,4913908
ygfS_ygfT_predicted,0.48,35,24,TATCATGACGACAGTTAAAG,11,4928336
ygfS_ygfT_predicted,2.32,81,24,TATAGCCTCGCCCGTTGCAG,57,4902289
ygfS_ygfT_predicted,1.96,72,24,TAGCACCCGAATAATTGATC,48,4900641
ygfS_ygfT_predicted,1.68,65,24,TACGAGTCGGCCAATGCCGG,41,4911188
ygfS_ygfT_predicted,0.56,37,24,TACAAGATTCGGATAAGTTT,13,4907658
ygfS_ygfT_predicted,0.16,27,24,TAAAGGGTACGGGGCGGCGG,3,4915869
ygfS_ygfT_predicted,0.52,36,24,GTCTACTTTCTTGTGCGCCC,12,4903461
ygfS_ygfT_predicted,0.64,39,24,GTAGACTCTCACGTAGGCAG,15,4910882
ygfS_ygfT_predicted,1.84,69,24,GGTGTGCAACGGCCAGATCC,45,4913210
ygfS_ygfT_predicted,0.16,27,24,GGATTACACAGACTCTCCTA,3,4924476
ygfS_ygfT_predicted,0.52,36,24,GGATAGAAGGCAGTTACTTT,12,4903477
ygfS_ygfT_predicted,1.44,59,24,GGACGATGTTACTCTGTGTT,35,4924707
ygfS_ygfT_predicted,0.88,45,24,GCTCTGGCAGCTTGTTTGGG,21,4905403
ygfS_ygfT_predicted,0.96,47,24,GCATCACTACGTGGCTCATA,23,4918803
ygfS_ygfT_predicted,0.08,25,24,GATAAAGAGCGTAATCGGTT,1,4900459
ygfS_ygfT_predicted,1.92,71,24,GACGCCTTCTTAGTTCGTAG,47,4921742
ygfS_ygfT_predicted,0.24,29,24,CTCGAGAACTTCTTCAAGAC,5,4921889
ygfS_ygfT_predicted,3.48,110,24,CTACGCGCCAAGTAGGCAGT,86,4927031
ygfS_ygfT_predicted,0.08,25,24,CCTAAGTACTACACGATGTT,1,4908911
ygfS_ygfT_predicted,1.2,53,24,CCGACGCTTCTAAGAGACTA,29,4912289
ygfS_ygfT_predicted,0.44,34,24,CCCAAACGGCCCCGAAGTCG,10,4915210
ygfS_ygfT_predicted,1.4,58,24,CAGTACTTTATGAATTGCCA,34,4901979
ygfS_ygfT_predicted,0.16,27,24,CAATGTAGGTGAATAAACGT,3,4925583
ygfS_ygfT_predicted,0.08,25,24,ATCATGAGCATCGGTAGTAA,1,4920521
ygfS_ygfT_predicted,0.16,27,24,ATACAGTTCCACAAGAAAAG,3,4916765
ygfS_ygfT_predicted,0.12,26,24,AGTTCGGCCCTGGGTTGGCT,2,4912795
ygfS_ygfT_predicted,0.64,39,24,AGTCTCGCTTATTACTTCCT,15,4929582
ygfS_ygfT_predicted,3.0,98,24,ACGACATACCCCGGAAACTA,74,4908534
ygfS_ygfT_predicted,0.6,38,24,ACCTTCTGCAGAGTGGCAAA,14,4909230
ygfS_ygfT_predicted,0.44,34,24,ACCCTTAAGTGGACTGGCTA,10,4901793
ygfS_ygfT_predicted,1.16,52,24,ACCCGTTTGGGTAAGGGGAA,28,4916390
ygfS_ygfT_predicted,0.64,39,24,ACCCGTGCGGTGACCCTGTA,15,4915896
ygfS_ygfT_predicted,0.6,38,24,ACCCGCGGCGGTTGGCCCTG,14,4901811
ygfS_ygfT_predicted,1.24,54,24,AATGTAAAATCAATTAGACA,30,4916516
ygfS_ygfT_predicted,0.48,35,24,AAGCCTCTTGTTTCACCTAG,11,4902167
ygfS_ygfT_predicted,1.625,61,23,TTTAGATCGGAAGAGCACGT,38,4902725
ygfS_ygfT_predicted,0.25,28,23,TTCTCCTTTTTGCGGTTTCG,5,4928669
ygfS_ygfT_predicted,0.875,43,23,TTAGTGCTCTGAGCCGGGGT,20,4921449
ygfS_ygfT_predicted,0.2916666666666667,29,23,TGTGTATAGTGCCCTTATGA,6,4930845
ygfS_ygfT_predicted,1.625,61,23,TGTGGTTTTATGTAGTACAC,38,4909363
ygfS_ygfT_predicted,0.7916666666666666,41,23,TGGGGCTCTATTTCACTAAT,18,4904564
ygfS_ygfT_predicted,0.4166666666666667,32,23,TGCTGCGGTATCTTGCTTAT,9,4908140
ygfS_ygfT_predicted,0.9583333333333334,45,23,TGCGATACAGGGCAACTCCT,22,4915091
ygfS_ygfT_predicted,0.6666666666666666,38,23,TCTCTGACCCACAAGGGAAG,15,4923811
ygfS_ygfT_predicted,0.16666666666666666,26,23,TCTCAGGTAAGCATGCAGTT,3,4929831
ygfS_ygfT_predicted,0.6666666666666666,38,23,TCGTCCAGTACGTTGTCTTT,15,4927573
ygfS_ygfT_predicted,0.08333333333333333,24,23,TCCTAATTGCGGTACCCATA,1,4916284
ygfS_ygfT_predicted,2.625,85,23,TATATATGCGTAGATTTCTG,62,4903039
ygfS_ygfT_predicted,0.4166666666666667,32,23,TACGCCTTACCCAAAACAGT,9,4904989
ygfS_ygfT_predicted,0.3333333333333333,30,23,GTTCTACAGAGGTTCGCATG,7,4930387
ygfS_ygfT_predicted,0.9583333333333334,45,23,GTGCGGCGCCTCTGAATGGT,22,4924115
ygfS_ygfT_predicted,0.125,25,23,GTACGGGCCGCAGAGAGCTA,2,4908978
ygfS_ygfT_predicted,0.25,28,23,GTACGGCTGTAATATTGCCT,5,4915706
ygfS_ygfT_predicted,0.20833333333333334,27,23,GGAAAACCCTTCTTGTAGAG,4,4903861
ygfS_ygfT_predicted,0.7083333333333334,39,23,GCTGCTCATTCATAATGCAA,16,4906852
ygfS_ygfT_predicted,0.2916666666666667,29,23,GCGTGAGCTGAGTTTTGGGT,6,4918132
ygfS_ygfT_predicted,0.08333333333333333,24,23,GCGTCGAGATTTTGTAATGC,1,4904845
ygfS_ygfT_predicted,1.2916666666666667,53,23,GCCTGGCGAGATTCACACGA,30,4912921
ygfS_ygfT_predicted,0.25,28,23,GCCGTGCGAGATGGCCTCCT,5,4903851
ygfS_ygfT_predicted,0.6666666666666666,38,23,GCAAAAAATCGCGGAGAGTT,15,4916627
ygfS_ygfT_predicted,0.4166666666666667,32,23,GATGCCGACTTAGTGCGCCA,9,4912791
ygfS_ygfT_predicted,0.4583333333333333,33,23,GAGCCCCAGCCTGACAAGAT,10,4901567
ygfS_ygfT_predicted,0.08333333333333333,24,23,CTATCCAGGGGGTCCTTGAA,1,4922296
ygfS_ygfT_predicted,0.20833333333333334,27,23,CGGGACAAGCGTGCAAAGCA,4,4917820
ygfS_ygfT_predicted,1.125,49,23,CGGAGCGATTACTTAGTCCT,26,4928494
ygfS_ygfT_predicted,1.0833333333333333,48,23,CGCGGTTCTTTGCCACGAGA,25,4914408
ygfS_ygfT_predicted,0.625,37,23,CCATCTCGGTACCAGCTGAC,14,4927183
ygfS_ygfT_predicted,1.1666666666666667,50,23,CATGTAACGCCATTGATTTT,27,4901059
ygfS_ygfT_predicted,1.5416666666666667,59,23,CAAACAAGCTGCGTGCTTAA,36,4908712
ygfS_ygfT_predicted,0.5416666666666666,35,23,ATTCGTCTCCAGATACTACT,12,4914107
ygfS_ygfT_predicted,0.08333333333333333,24,23,ATTAGGCAGGACTCCAGGGT,1,4927863
ygfS_ygfT_predicted,0.4583333333333333,33,23,ATGGAAGCTATTGCGGACTT,10,4905690
ygfS_ygfT_predicted,0.5833333333333334,36,23,ATCGATCCAATGGATTCAAA,13,4903110
ygfS_ygfT_predicted,0.7916666666666666,41,23,ATCCAGGATCGGCCGAGTCG,18,4923146
ygfS_ygfT_predicted,1.5416666666666667,59,23,AGGGATGAGATGAAGTACTG,36,4922205
ygfS_ygfT_predicted,1.0,46,23,AGATCGCAAGACGTTGAAAG,23,4905913
ygfS_ygfT_predicted,0.6666666666666666,38,23,AGAGGAAGCTGAACAATATT,15,4920193
ygfS_ygfT_predicted,1.9166666666666667,68,23,AGAGCGGCCCCGGGCGTCGT,45,4927002
ygfS_ygfT_predicted,0.5833333333333334,36,23,ACGCATGATGATGGCCGTAC,13,4908654
ygfS_ygfT_predicted,0.16666666666666666,26,23,ACCCCATAGAACATAGGTGA,3,4917464
ygfS_ygfT_predicted,0.9583333333333334,45,23,AATGGTATAGGACGGTGAGA,22,4917384
ygfS_ygfT_predicted,0.3333333333333333,30,23,AATGGGGGTAAGTCCCTCAT,7,4907747
ygfS_ygfT_predicted,0.3333333333333333,30,23,AAGTCCCTAACCCCGCAGCC,7,4904336
ygfS_ygfT_predicted,1.9583333333333333,69,23,AAGAGCTTGTTGCTATTGGG,46,4910746
ygfS_ygfT_predicted,0.8333333333333334,42,23,AACCATCAACTGCGGTGCAT,19,4900590
ygfS_ygfT_predicted,0.08333333333333333,24,23,AAACTGTGCCAACTTCATAG,1,4904159
ygfS_ygfT_predicted,1.0434782608695652,45,22,TGTCTCACCCTTAGATGGTA,23,4910125
ygfS_ygfT_predicted,0.43478260869565216,31,22,TGGTGATTCGGGCCATAATC,9,4906355
ygfS_ygfT_predicted,0.30434782608695654,28,22,TGGTATCGGCACGCTGAAAA,6,4904937
ygfS_ygfT_predicted,0.6086956521739131,35,22,TGCTGAACAGTATGCCGTAC,13,4915280
ygfS_ygfT_predicted,0.8260869565217391,40,22,TGCCTTTAACGGATTCGCTG,18,4909491
ygfS_ygfT_predicted,1.7826086956521738,62,22,TGAACGCTCCGGATTGTGAG,40,4913949
ygfS_ygfT_predicted,1.608695652173913,58,22,TCGCCCAAAGGTGGAGGATC,36,4911473
ygfS_ygfT_predicted,0.30434782608695654,28,22,TCCCGCGACGCCCGAATCTC,6,4904768
ygfS_ygfT_predicted,0.21739130434782608,26,22,TCCAGACCTTTCGCGGCGTA,4,4923654
ygfS_ygfT_predicted,2.739130434782609,84,22,TATTGATGCATTACACCTTA,62,4902810
ygfS_ygfT_predicted,0.30434782608695654,28,22,TATTCGAGGCCTGAAAGTCA,6,4904868
ygfS_ygfT_predicted,1.4782608695652173,55,22,TAGCTTGCGTCAGGAAAGAT,33,4904533
ygfS_ygfT_predicted,0.34782608695652173,29,22,TAATTAAACGTTGTGCAAGC,7,4911804
ygfS_ygfT_predicted,0.43478260869565216,31,22,TAAACGAGCAGGGCGTTTAC,9,4920988
ygfS_ygfT_predicted,0.13043478260869565,24,22,TAAAAACTAGAGTGGAGTGA,2,4900898
ygfS_ygfT_predicted,0.5652173913043478,34,22,GTTGATTAGGGTAGTTGGTC,12,4903734
ygfS_ygfT_predicted,1.8695652173913044,64,22,GTTGACTAAGGTGGCGGTCG,42,4918464
ygfS_ygfT_predicted,1.565217391304348,57,22,GTGAGATTTAGTTGTAACTG,35,4918851
ygfS_ygfT_predicted,0.5217391304347826,33,22,GTCCAGTAAGGTCCTAGTTG,11,4918763
ygfS_ygfT_predicted,1.1304347826086956,47,22,GTAGGATCTCTCTGAGTTTA,25,4919443
ygfS_ygfT_predicted,0.8695652173913043,41,22,GTAGACGAAAACATCGGAGT,19,4905981
ygfS_ygfT_predicted,1.0,44,22,GTAAAGAGGCTTCTATACAT,22,4915737
ygfS_ygfT_predicted,0.5652173913043478,34,22,GGTCCCGTTAATTGGAAAGA,12,4930136
ygfS_ygfT_predicted,0.6086956521739131,35,22,GGCATGCCGTGGGTAGCTTC,13,4912077
ygfS_ygfT_predicted,1.2608695652173914,50,22,GCCAATTGACGCATTGTCAA,28,4907886
ygfS_ygfT_predicted,1.0434782608695652,45,22,GATAGACGGACGCATCTTTG,23,4924104
ygfS_ygfT_predicted,0.7391304347826086,38,22,GAGTGTTACTTTGAAACACT,16,4912292
ygfS_ygfT_predicted,0.17391304347826086,25,22,GAGAATTAGCTCACCTTTCT,3,4914599
ygfS_ygfT_predicted,1.391304347826087,53,22,GACGCGAAAGAACTCGAAAT,31,4927486
ygfS_ygfT_predicted,1.434782608695652,54,22,CTGTTAACTAATGGACATTG,32,4904451
ygfS_ygfT_predicted,0.08695652173913043,23,22,CTGCCGGGCATACGCGCACT,1,4911963
ygfS_ygfT_predicted,1.173913043478261,48,22,CTCAGTTTCAGGTACGATTT,26,4915143
ygfS_ygfT_predicted,0.391304347826087,30,22,CTACTTAGCCCAAATGGGTT,8,4917583
ygfS_ygfT_predicted,1.608695652173913,58,22,CGTGAGCTTGTATATATTGT,36,4919001
ygfS_ygfT_predicted,0.6956521739130435,37,22,CGGTGATTAAAACCCTTATG,15,4921336
ygfS_ygfT_predicted,0.5217391304347826,33,22,CGGCTTTAACCGGATGGAGA,11,4920349
ygfS_ygfT_predicted,0.34782608695652173,29,22,CGCCAGGGCGAATGCGGCAA,7,4929432
ygfS_ygfT_predicted,0.391304347826087,30,22,CGAAATCGCAGTCGGAGCGT,8,4920633
ygfS_ygfT_predicted,0.43478260869565216,31,22,CCTTAAAATTTTCTAAGACA,9,4916636
ygfS_ygfT_predicted,0.5217391304347826,33,22,CCGTGGGTAGGGTTGGAATT,11,4903987
ygfS_ygfT_predicted,0.391304347826087,30,22,CCGGAATATTTGTTCAGCGG,8,4921804
ygfS_ygfT_predicted,1.0869565217391304,46,22,CCGCCACTCCACACGAAAAA,24,4926061
ygfS_ygfT_predicted,0.6956521739130435,37,22,CCAGGGCGTTCTCGGGCAAT,15,4904359
ygfS_ygfT_predicted,1.0,44,22,CCACAAGGTAGGTGTGCCTA,22,4908688
ygfS_ygfT_predicted,0.08695652173913043,23,22,CCAAGGCAACAAAGTATGAA,1,4902150
ygfS_ygfT_predicted,0.17391304347826086,25,22,CATCCACGCTGACAGAGGCT,3,4918278
ygfS_ygfT_predicted,0.8260869565217391,40,22,CAGCCGGTGGTCGTTTGGCA,18,4917812
ygfS_ygfT_predicted,1.565217391304348,57,22,CAGCAGAAATCACAGTGCCA,35,4911607
ygfS_ygfT_predicted,0.34782608695652173,29,22,CACCGCATTTGTAGTGAGTA,7,4922219
ygfS_ygfT_predicted,0.21739130434782608,26,22,CACCAGTTTCCGTCCTGGAT,4,4904152
ygfS_ygfT_predicted,0.4782608695652174,32,22,ATTCGTGCAGCGAATCATAA,10,4915185
ygfS_ygfT_predicted,0.2608695652173913,27,22,ATTCACAGTATGCGAGTTAT,5,4912081
ygfS_ygfT_predicted,1.0869565217391304,46,22,AGCAAGAGGTGGTTTGCGGG,24,4908776
ygfS_ygfT_predicted,0.4782608695652174,32,22,ACTGTATGTGCCAACGTATA,10,4917511
ygfS_ygfT_predicted,0.782608695652174,39,22,ACAGTTTTCTTGGCTATAGT,17,4919566
ygfS_ygfT_predicted,0.5652173913043478,34,22,AAGCTATGGCCCGGCCCGAC,12,4920301
ygfS_ygfT_predicted,1.434782608695652,54,22,AAAGCGGGCGGTACCTTATT,32,4920037
ygfS_ygfT_predicted,0.4090909090909091,29,21,TTTGTGGAGCCGTGACGGTG,8,4901838
ygfS_ygfT_predicted,0.18181818181818182,24,21,TTTGGGCGAGGGCTACGAGG,3,4909544
ygfS_ygfT_predicted,0.5909090909090909,33,21,TTTCCTGTTAATGTGGTTTA,12,4904448
ygfS_ygfT_predicted,2.227272727272727,69,21,TTGTAAAAGTTGAACACTGT,48,4904935
ygfS_ygfT_predicted,0.09090909090909091,22,21,TTCCATGGCCAGCCAGACGG,1,4915263
ygfS_ygfT_predicted,0.6818181818181818,35,21,TCTATCCCTACGTCTTTGTG,14,4915169
ygfS_ygfT_predicted,1.9545454545454546,63,21,TCGTATAGAACTACCAATGT,42,4912061
ygfS_ygfT_predicted,0.13636363636363635,23,21,TCCTGCAGATGTGCATCAAT,2,4906172
ygfS_ygfT_predicted,3.1818181818181817,90,21,TCCCATTGTGAACCGGGCGG,69,4912475
ygfS_ygfT_predicted,0.09090909090909091,22,21,TATGTACGTGAGTAACGACT,1,4926598
ygfS_ygfT_predicted,0.13636363636363635,23,21,TACTAGAAACGGCAGGAGAA,2,4906678
ygfS_ygfT_predicted,0.4090909090909091,29,21,TACGTACGACCTGGTCAAGG,8,4923700
ygfS_ygfT_predicted,0.09090909090909091,22,21,TAAATGTATGACGAATTCGA,1,4910206
ygfS_ygfT_predicted,0.13636363636363635,23,21,GTTACTGACAAACTTCGATG,2,4925550
ygfS_ygfT_predicted,0.9090909090909091,40,21,GTGTACCCCATTCGACACGT,19,4922998
ygfS_ygfT_predicted,1.3636363636363635,50,21,GTCTCTCTCATCACCAGGTC,29,4916312
ygfS_ygfT_predicted,1.9545454545454546,63,21,GTCTACTAATAGCATGATCT,42,4905959
ygfS_ygfT_predicted,1.0909090909090908,44,21,GTAGTGGTATCATTCAATGC,23,4924208
ygfS_ygfT_predicted,3.1818181818181817,90,21,GGTTGAGGGAACCGTCGTGG,69,4915968
ygfS_ygfT_predicted,0.9090909090909091,40,21,GGGCGCCACTCGACCTTTCG,19,4929835
ygfS_ygfT_predicted,0.09090909090909091,22,21,GGCAGCTTGAATAAATTTTC,1,4920940
ygfS_ygfT_predicted,0.9090909090909091,40,21,GGATTCAAAGGGCAGTTTGC,19,4907804
ygfS_ygfT_predicted,0.6818181818181818,35,21,GCAGAATCAGGTCTTACGAT,14,4922098
ygfS_ygfT_predicted,0.4090909090909091,29,21,GAGCTTTCCCCGTTGAAGCG,8,4923260
ygfS_ygfT_predicted,0.09090909090909091,22,21,GACTAGACTCGCTAACGGAA,1,4915295
ygfS_ygfT_predicted,1.0,42,21,GAAACGTAAACTTCCTAGAC,21,4912942
ygfS_ygfT_predicted,1.8636363636363635,61,21,CTCGTATAATCAGCACGACA,40,4926890
ygfS_ygfT_predicted,1.0454545454545454,43,21,CTCCCTAGAGTTAGTCGTCT,22,4920819
ygfS_ygfT_predicted,1.0,42,21,CTATGAGCGCCTTTGAGCGT,21,4925295
ygfS_ygfT_predicted,2.090909090909091,66,21,CTACAGGACCCACTGTACAT,45,4902585
ygfS_ygfT_predicted,0.18181818181818182,24,21,CTAAATTTAGGAAAGTTATC,3,4915941
ygfS_ygfT_predicted,1.1818181818181819,46,21,CGTCACACCCGGCTTAGAAA,25,4915378
ygfS_ygfT_predicted,1.3181818181818181,49,21,CGCTGGAGCTCAAAATTCGT,28,4919752
ygfS_ygfT_predicted,0.09090909090909091,22,21,CGCACTAGAAAAACAGTCTA,1,4901627
ygfS_ygfT_predicted,3.1818181818181817,90,21,CCGTCCTTTATTTCCGCATA,69,4918231
ygfS_ygfT_predicted,1.8636363636363635,61,21,CCGTATATCCTACCATTATA,40,4904200
ygfS_ygfT_predicted,0.7727272727272727,37,21,CCGGCGTGCATCCACCCGGG,16,4918768
ygfS_ygfT_predicted,0.4090909090909091,29,21,CCGGCGGCGGCGTCCACTAT,8,4928818
ygfS_ygfT_predicted,0.8181818181818182,38,21,CCCAAGCAGAAAGGGCAGTC,17,4904572
ygfS_ygfT_predicted,0.5,31,21,CACTACATTTTCTGAGCACT,10,4928507
ygfS_ygfT_predicted,0.8181818181818182,38,21,CACGCTAAGGGACCCCATCC,17,4901513
ygfS_ygfT_predicted,0.3181818181818182,27,21,ATTACGAGTAACTCGGTAGC,6,4921971
ygfS_ygfT_predicted,0.22727272727272727,25,21,ATCTTATCGTCGAGTCACTA,4,4910135
ygfS_ygfT_predicted,1.1363636363636365,45,21,ATCGAGGCCGCAGAAGGCTT,24,4913028
ygfS_ygfT_predicted,1.7727272727272727,59,21,AGTGATAGTAAACAAGCCGT,38,4924967
ygfS_ygfT_predicted,1.8181818181818181,60,21,AGGTCGTCCGCTTTGTTCTA,39,4906154
ygfS_ygfT_predicted,0.9090909090909091,40,21,AGGACGCTCGCTCGAAACGT,19,4925658
ygfS_ygfT_predicted,0.8181818181818182,38,21,AGCGCATGGGCAATTGCACT,17,4901002
ygfS_ygfT_predicted,0.5,31,21,AGCGAGGAGGGAGAATCCCG,10,4901861
ygfS_ygfT_predicted,1.3181818181818181,49,21,ACTTCTTGGTCCACGTTCCA,28,4910864
ygfS_ygfT_predicted,0.7727272727272727,37,21,ACTTCATCGCCTACGGTGCG,16,4930341
ygfS_ygfT_predicted,1.5454545454545454,54,21,ACGTGGAAACCTGCCATCTG,33,4919971
ygfS_ygfT_predicted,0.9545454545454546,41,21,ACGCAATCACCGTTACAGAA,20,4929832
ygfS_ygfT_predicted,0.13636363636363635,23,21,AATAAACGGCGAAGCCAGTT,2,4908661
ygfS_ygfT_predicted,0.18181818181818182,24,21,AAGGCGCAACGCAAAATTCG,3,4903739
ygfS_ygfT_predicted,1.5,53,21,AAGGAGCCACTGACGACTTA,32,4918577
ygfS_ygfT_predicted,0.8181818181818182,38,21,AAAAGGGTGGAGAGCTCCGG,17,4925345
ygfS_ygfT_predicted,0.9047619047619048,38,20,TTTGTCATCTTCTGTCCTTT,18,4925353
ygfS_ygfT_predicted,0.3333333333333333,26,20,TTCTATCTAAGGAAGTGCGG,6,4906186
ygfS_ygfT_predicted,0.38095238095238093,27,20,TTATTGATTGGGTCGAGTGA,7,4928820
ygfS_ygfT_predicted,1.2380952380952381,45,20,TGTTATAGTTATCAATGGTA,25,4928725
ygfS_ygfT_predicted,0.09523809523809523,21,20,TGGTGAGTGCAGTACCCCGG,1,4914358
ygfS_ygfT_predicted,1.2380952380952381,45,20,TGGATACACTTACTGAGTCG,25,4903857
ygfS_ygfT_predicted,0.09523809523809523,21,20,TGCGAACTTAGGACAGACCG,1,4903803
ygfS_ygfT_predicted,0.5238095238095238,30,20,TGAGCTCCCGGTTGGACTCA,10,4923294
ygfS_ygfT_predicted,0.09523809523809523,21,20,TCGACCCTCAGCCACGACCA,1,4927309
ygfS_ygfT_predicted,0.3333333333333333,26,20,TCCGGCAATCTTGAGGACTA,6,4901045
ygfS_ygfT_predicted,0.5714285714285714,31,20,TCAGGAATCTGAATGCGGGT,11,4901812
ygfS_ygfT_predicted,2.9047619047619047,80,20,TATAGTGCCCCGTTTCCGCA,60,4920543
ygfS_ygfT_predicted,0.09523809523809523,21,20,TATAGCATCACGGTGTCTGT,1,4911627
ygfS_ygfT_predicted,0.9523809523809523,39,20,TATACGCAAGTCACGGCGAC,19,4920833
ygfS_ygfT_predicted,0.9047619047619048,38,20,TAGCGTATGTACAGGACGCG,18,4902133
ygfS_ygfT_predicted,0.09523809523809523,21,20,TACTGGTTCAAAGCAAGCGG,1,4921022
ygfS_ygfT_predicted,0.09523809523809523,21,20,GTTTCAATTCCCGTCCCCTA,1,4899700
ygfS_ygfT_predicted,5.285714285714286,130,20,GTGGTCTCTTTGGCTTTCAC,110,4922579
ygfS_ygfT_predicted,2.6666666666666665,75,20,GTCGATTGCGACCGACGTAA,55,4901744
ygfS_ygfT_predicted,0.09523809523809523,21,20,GTAGACGGCACGCGACAGTC,1,4921133
ygfS_ygfT_predicted,1.1428571428571428,43,20,GTAAGTCTCTTCAATGATCT,23,4921641
ygfS_ygfT_predicted,3.142857142857143,85,20,GGTATAAGTTGCGTCCACTC,65,4900034
ygfS_ygfT_predicted,1.2380952380952381,45,20,GGCGCTTTGGCGGATGTACG,25,4912383
ygfS_ygfT_predicted,1.0476190476190477,41,20,GGAATTCGCCCTCACCGGAA,21,4900221
ygfS_ygfT_predicted,1.8571428571428572,58,20,GCTGGTGGAACAGCGGGTCG,38,4912609
ygfS_ygfT_predicted,2.238095238095238,66,20,GCTGGCAAAACACTGTTCCT,46,4931050
ygfS_ygfT_predicted,0.8095238095238095,36,20,GCTCCGGTAGAACGGGTTCG,16,4904789
ygfS_ygfT_predicted,0.42857142857142855,28,20,GCTAATGGAGGTGCGAGCGA,8,4899970
ygfS_ygfT_predicted,1.0476190476190477,41,20,GCGACCCTATCCCTTTGCAG,21,4928385
ygfS_ygfT_predicted,0.14285714285714285,22,20,GCCTTGTTATGGTTGTGGAT,2,4923672
ygfS_ygfT_predicted,3.9523809523809526,102,20,GCACTCTATGTGCCAGCTCT,82,4907787
ygfS_ygfT_predicted,0.7142857142857143,34,20,GATATTGCTCGTATATGGGT,14,4909627
ygfS_ygfT_predicted,0.09523809523809523,21,20,GACTGAATATCAGATAAAGG,1,4931168
ygfS_ygfT_predicted,0.14285714285714285,22,20,CTTGCTCAGGCTGCTCACCA,2,4926459
ygfS_ygfT_predicted,0.09523809523809523,21,20,CTGATGAGTCCCGCTACACT,1,4911162
ygfS_ygfT_predicted,0.6666666666666666,33,20,CTCGTCATACACGAGTCCCC,13,4913754
ygfS_ygfT_predicted,0.19047619047619047,23,20,CGTGTTGTATGCATCACATT,3,4920834
ygfS_ygfT_predicted,2.5714285714285716,73,20,CGGTTCGCTAGAAGGATAGA,53,4902839
ygfS_ygfT_predicted,0.19047619047619047,23,20,CGCCAAGAGCGTGGTACTCG,3,4926216
ygfS_ygfT_predicted,0.5714285714285714,31,20,CCGTGATTTTATGTATCTAT,11,4922078
ygfS_ygfT_predicted,0.9523809523809523,39,20,CCGCGTGCAGCTTGCCATAT,19,4916247
ygfS_ygfT_predicted,0.09523809523809523,21,20,CCCCCTCCACGTATGTTAAC,1,4904093
ygfS_ygfT_predicted,0.2857142857142857,25,20,CATAGGGCGATTGCCTCTTA,5,4923674
ygfS_ygfT_predicted,1.4285714285714286,49,20,CACCAAATCGGAGTTTTCTT,29,4915920
ygfS_ygfT_predicted,0.3333333333333333,26,20,CAAGCCTTTGAGAGATCCTT,6,4916280
ygfS_ygfT_predicted,0.6190476190476191,32,20,ATTTATAGGGATTCCTCTCA,12,4906758
ygfS_ygfT_predicted,0.9047619047619048,38,20,ATACAACAAGTCATCCTCCT,18,4904546
ygfS_ygfT_predicted,0.7142857142857143,34,20,ATAAAATCTTGATGAACGGA,14,4900425
ygfS_ygfT_predicted,0.19047619047619047,23,20,AGCTCGCTCCCCCGTCTTAT,3,4901648
ygfS_ygfT_predicted,0.5714285714285714,31,20,AGCGTCAACGCCCCCAATAA,11,4924691
ygfS_ygfT_predicted,0.5714285714285714,31,20,AGAATAATAACTGATAAGTA,11,4910948
ygfS_ygfT_predicted,0.2857142857142857,25,20,ACTAGAAAAACGCACCGGGG,5,4924128
ygfS_ygfT_predicted,1.1428571428571428,43,20,AAGTGATCGCACTACCACGA,23,4919429
ygfS_ygfT_predicted,2.5238095238095237,72,20,AAGGATGACGCCACACCTCC,52,4913947
ygfS_ygfT_predicted,1.4761904761904763,50,20,AAGGATAGCGAGTAAAGGAA,30,4920483
ygfS_ygfT_predicted,0.5238095238095238,30,20,AACTGAGTAAGGGCTCGGTA,10,4931119
ygfS_ygfT_predicted,2.619047619047619,74,20,AAATGGACGTTTGCGACAGA,54,4917524
ygfS_ygfT_predicted,2.65,71,19,TTGCGAAGAAAGCCAGAAAG,52,4906712
ygfS_ygfT_predicted,0.25,23,19,TTATGCATGCCGGGTAGGTG,4,4926850
ygfS_ygfT_predicted,1.9,56,19,TTATCATGTACCGGAGTCGT,37,4931210
ygfS_ygfT_predicted,0.55,29,19,TTACAGGTATACAATCACTG,10,4925351
ygfS_ygfT_predicted,1.95,57,19,TGTGGGTTACATTAGTCCCT,38,4900679
ygfS_ygfT_predicted,1.45,47,19,TGCAGGCGTCAAAGCCTGGT,28,4913468
ygfS_ygfT_predicted,0.65,31,19,TGACTTGTTTAAGCATCGAT,12,4909958
ygfS_ygfT_predicted,0.35,25,19,TGACATCAGGCGTGGTCCAA,6,4917543
ygfS_ygfT_predicted,0.4,26,19,TCTACATATCTGTTGAGAAA,7,4919175
ygfS_ygfT_predicted,0.2,22,19,TCCTATTCGGTTGCTCCCAT,3,4913681
ygfS_ygfT_predicted,0.35,25,19,TCAGTAGTTGAAGCCGTGAT,6,4900503
ygfS_ygfT_predicted,3.85,95,19,TATGTGCACATTACTAATCT,76,4912579
ygfS_ygfT_predicted,0.85,35,19,TAACTTCCCCTTTCTATTTT,16,4905204
ygfS_ygfT_predicted,0.75,33,19,GTGTGTATGCTACGGTGACA,14,4907725
ygfS_ygfT_predicted,0.55,29,19,GTAAGCCCTAGTTGGGGCCG,10,4900367
ygfS_ygfT_predicted,0.8,34,19,GGGACCAGGTCATGTACAAA,15,4919238
ygfS_ygfT_predicted,1.1,40,19,GGCAATCATATTTTGACACC,21,4908410
ygfS_ygfT_predicted,2.85,75,19,GGAGATAGACCCCTATAGAT,56,4901679
ygfS_ygfT_predicted,1.15,41,19,GGACTTTATAAGGGTATGGC,22,4908613
ygfS_ygfT_predicted,0.35,25,19,GGACTGGCGCGAGGGCCAAC,6,4913528
ygfS_ygfT_predicted,0.1,20,19,GGAACGTTTTGTATCCGTGG,1,4913652
ygfS_ygfT_predicted,0.1,20,19,GGAACCAACTATTCACCTCT,1,4917603
ygfS_ygfT_predicted,0.1,20,19,GCTCGAAGTACTGCCATGTT,1,4918402
ygfS_ygfT_predicted,0.35,25,19,GCCTGAGGCGGCCGGTTCAT,6,4924127
ygfS_ygfT_predicted,0.1,20,19,GCACCGTTACGGGTTGCCGT,1,4916839
ygfS_ygfT_predicted,1.95,57,19,GCAACGCTATCATGGGGGTT,38,4920889
ygfS_ygfT_predicted,0.1,20,19,GATTCGATTAATTCCGGTGT,1,4911528
ygfS_ygfT_predicted,0.1,20,19,GATCTGAGACGCTCGAAAAA,1,4910585
ygfS_ygfT_predicted,0.55,29,19,GAGCGCACGAGTTTGTAAAG,10,4918392
ygfS_ygfT_predicted,1.05,39,19,CTTCCTCGACTGTCAAGAGG,20,4899835
ygfS_ygfT_predicted,0.1,20,19,CTAGCTCATTTGGGTTGGGT,1,4931313
ygfS_ygfT_predicted,1.4,46,19,CGTAATGATCGCGACTCACA,27,4923894
ygfS_ygfT_predicted,0.25,23,19,CGGTAAGGACGGCCACACTT,4,4907514
ygfS_ygfT_predicted,0.5,28,19,CGCGGTGAACGTTATGTCTC,9,4904511
ygfS_ygfT_predicted,0.9,36,19,CCTGACTCCCAGACGTCAAT,17,4901022
ygfS_ygfT_predicted,2.35,65,19,CCTAGGGTTCGAGGACGTAG,46,4916798
ygfS_ygfT_predicted,1.6,50,19,CCGTCAGCCTATGCCGCCTA,31,4909522
ygfS_ygfT_predicted,0.9,36,19,CCGCCTTTGCGCATACAAAG,17,4913159
ygfS_ygfT_predicted,0.3,24,19,CCCGGTCTGCCGCCTATTAC,5,4901947
ygfS_ygfT_predicted,0.35,25,19,CATCAAGGAGTCATGTCAAA,6,4910955
ygfS_ygfT_predicted,3.35,85,19,CAGGCCTTGGGTGGTTCTTT,66,4925189
ygfS_ygfT_predicted,2.5,68,19,CAGATTACGGCATCCTCGCG,49,4913577
ygfS_ygfT_predicted,0.1,20,19,CAGACACAAGTTGTAGATTA,1,4910009
ygfS_ygfT_predicted,0.85,35,19,CACCTGGCAACGAACGGTCT,16,4928163
ygfS_ygfT_predicted,0.15,21,19,CAACTAATGTTGTCCAAAAG,2,4929392
ygfS_ygfT_predicted,2.15,61,19,CAAAACCGACCTGGCGACGG,42,4917809
ygfS_ygfT_predicted,0.9,36,19,ATTATGGCGTTAGCATGGAC,17,4900749
ygfS_ygfT_predicted,1.85,55,19,ATCTAAGGTCAGTTGGTTAA,36,4917410
ygfS_ygfT_predicted,1.0,38,19,ATCAGAGGCCTCGGCACGTT,19,4919126
ygfS_ygfT_predicted,1.45,47,19,AGTGCAGCAAGCGGCGTCAT,28,4900027
ygfS_ygfT_predicted,0.1,20,19,AGGGCTAGTATGGTAAACGA,1,4925654
ygfS_ygfT_predicted,1.05,39,19,AGATCTTAGCCCCGTCCGTG,20,4918855
ygfS_ygfT_predicted,1.3,44,19,AGACGATGTATTGTGCTCGT,25,4916283
ygfS_ygfT_predicted,0.1,20,19,ACGTTGACGGAGCGAAGAAG,1,4903594
ygfS_ygfT_predicted,2.3,64,19,ACCGTTCGATAAGCTTTGCG,45,4920612
ygfS_ygfT_predicted,0.6,30,19,ACCATCGGCCTCGTAAAGAG,11,4918506
ygfS_ygfT_predicted,3.55,89,19,ACATATCTTGGGTCTCAGGG,70,4901643
ygfS_ygfT_predicted,1.3,44,19,ACACTGCTGGGATACTAACT,25,4922527
ygfS_ygfT_predicted,0.55,29,19,AATACGCGTATAGAGGGTCT,10,4924706
ygfS_ygfT_predicted,0.15,21,19,AATACAACTTGGCTACGGAA,2,4921450
ygfS_ygfT_predicted,1.15,41,19,AAGATGTATAGCGAGTGGTC,22,4904990
ygfS_ygfT_predicted,0.9,36,19,AAGATAGGGCGGCCCTTTAG,17,4914603
ygfS_ygfT_predicted,1.5,48,19,AACGGTCAATATGCGTGACA,29,4918366
ygfS_ygfT_predicted,1.45,47,19,AAAAGGCAACGTTGCATTTA,28,4914582
ygfS_ygfT_predicted,2.526315789473684,65,18,TTAGATGTGTCAGAAAGATA,47,4909060
ygfS_ygfT_predicted,0.10526315789473684,19,18,TGGTGGGGAGTCCTGAGCCT,1,4930500
ygfS_ygfT_predicted,0.47368421052631576,26,18,TGGCAGCGAATTGGACTGAT,8,4900976
ygfS_ygfT_predicted,0.2631578947368421,22,18,TGAATTGGTATAGGTCGTAT,4,4909702
ygfS_ygfT_predicted,0.15789473684210525,20,18,TGAATCAACAACGTCACTCT,2,4903943
ygfS_ygfT_predicted,1.0526315789473684,37,18,TCTTTGTTGCCGCCTCCATA,19,4901609
ygfS_ygfT_predicted,0.42105263157894735,25,18,TCTCATCATGCGTCGCCGGT,7,4919187
ygfS_ygfT_predicted,1.263157894736842,41,18,TCGTAGTGCGGAATTCTGCG,23,4929216
ygfS_ygfT_predicted,0.631578947368421,29,18,TCGGGGTCGTGCAGAATACA,11,4912672
ygfS_ygfT_predicted,2.0526315789473686,56,18,TCGGATGGTACCTGGTGTAC,38,4924855
ygfS_ygfT_predicted,3.1578947368421053,77,18,TCCTCATCGTTTTGTAAAGC,59,4927305
ygfS_ygfT_predicted,1.105263157894737,38,18,TCAACGCGATCGAACCTATA,20,4905280
ygfS_ygfT_predicted,0.10526315789473684,19,18,TATGGGGCCTGCCATTGTTA,1,4904765
ygfS_ygfT_predicted,1.105263157894737,38,18,TAGGCCAACCACGACACGAT,20,4912423
ygfS_ygfT_predicted,0.10526315789473684,19,18,GTTTTCCGGTGCTAACGAAG,1,4908656
ygfS_ygfT_predicted,0.2631578947368421,22,18,GTTCCTCTACACCCTTGCTC,4,4920112
ygfS_ygfT_predicted,0.3157894736842105,23,18,GTCGGCGACGCCTTATGCGT,5,4909631
ygfS_ygfT_predicted,0.631578947368421,29,18,GGTACGTAGCGAGGGTCCGC,11,4900676
ygfS_ygfT_predicted,0.2631578947368421,22,18,GGGTGGCATGATTGCTTTGG,4,4921820
ygfS_ygfT_predicted,0.2631578947368421,22,18,GGGTAACCAACAATTGTTGC,4,4927588
ygfS_ygfT_predicted,0.6842105263157895,30,18,GGGGATGCTGGTGCACTCCT,12,4916112
ygfS_ygfT_predicted,0.631578947368421,29,18,GGGCACGGATTCTTGTGGAA,11,4914915
ygfS_ygfT_predicted,0.10526315789473684,19,18,GGCTCTCCGAGTGTTGCCTA,1,4926276
ygfS_ygfT_predicted,3.263157894736842,79,18,GGCTAACCTCTAGGAAGGGT,61,4912472
ygfS_ygfT_predicted,0.10526315789473684,19,18,GATCGGGACTAACATCCTAA,1,4914029
ygfS_ygfT_predicted,0.7894736842105263,32,18,GAGTCGCAGAATCATGACTG,14,4917841
ygfS_ygfT_predicted,0.5789473684210527,28,18,GAGTCAGGATCAAACGAGGG,10,4899876
ygfS_ygfT_predicted,0.2631578947368421,22,18,GACGGCCGCTGGCACCTAAT,4,4901107
ygfS_ygfT_predicted,0.6842105263157895,30,18,CTCTCTATAAATGAGCGTCT,12,4904800
ygfS_ygfT_predicted,0.47368421052631576,26,18,CTCGATAAATCGATCCGTCT,8,4901206
ygfS_ygfT_predicted,1.4736842105263157,45,18,CGTTGAAGGTGATCACCGAC,27,4903051
ygfS_ygfT_predicted,1.2105263157894737,40,18,CGTCGGAGCGCGAGCATTTT,22,4904856
ygfS_ygfT_predicted,0.2631578947368421,22,18,CGGCAACGTGTAGTTGGGGT,4,4911020
ygfS_ygfT_predicted,0.9473684210526315,35,18,CGCTACAGGGAAGTCGCGCT,17,4911438
ygfS_ygfT_predicted,0.8421052631578947,33,18,CCTGTACCTGCCAATACTAG,15,4911384
ygfS_ygfT_predicted,1.0,36,18,CCGGAGGAGGGAAGTCCGCT,18,4926695
ygfS_ygfT_predicted,0.7894736842105263,32,18,CCCGGGTGTCTCTCGGAGGA,14,4928046
ygfS_ygfT_predicted,2.6315789473684212,67,18,CCCCTACCTGCGGATTGCGT,49,4914318
ygfS_ygfT_predicted,1.3157894736842106,42,18,CCCATCCGTAGTCCCAGGAA,24,4912797
ygfS_ygfT_predicted,0.10526315789473684,19,18,CCACTTGTCATTACACGCTG,1,4906945
ygfS_ygfT_predicted,0.10526315789473684,19,18,CATCGTGTAGTGACCGAGCA,1,4907888
ygfS_ygfT_predicted,0.3684210526315789,24,18,CAGGAGCTTTTCCATTGTGC,6,4903196
ygfS_ygfT_predicted,1.0,36,18,CAGAAGCCTGTGCCGATCTA,18,4901712
ygfS_ygfT_predicted,0.631578947368421,29,18,CACTCTTCACGGTACTCCGA,11,4900632
ygfS_ygfT_predicted,0.21052631578947367,21,18,CACAAGGCAAAGCCCCAGGA,3,4904837
ygfS_ygfT_predicted,1.1578947368421053,39,18,CAATCCAGCGGAAGGCAAAC,21,4910678
ygfS_ygfT_predicted,1.3157894736842106,42,18,CAAGACTCTGCGTATAACAT,24,4905408
ygfS_ygfT_predicted,0.5789473684210527,28,18,CAACAATTCATGACAGGAAA,10,4911341
ygfS_ygfT_predicted,0.15789473684210525,20,18,CAAACAACTCGTGCTAGAAC,2,4926749
ygfS_ygfT_predicted,0.5263157894736842,27,18,ATTCTTTCGGATTACGCTCA,9,4925415
ygfS_ygfT_predicted,0.5789473684210527,28,18,ATTACAGGTAATATATGGAG,10,4903488
ygfS_ygfT_predicted,2.6315789473684212,67,18,ATGTTGGTGCTGCGGGAGCG,49,4904653
ygfS_ygfT_predicted,2.473684210526316,64,18,ATATGGGCCTGTTGGATTGA,46,4917352
ygfS_ygfT_predicted,0.631578947368421,29,18,AGTTGGCCAGTAGTCCGGCG,11,4901275
ygfS_ygfT_predicted,1.631578947368421,48,18,AGTGGCTGCAAAATGGTCTC,30,4911824
ygfS_ygfT_predicted,0.10526315789473684,19,18,AGTCCCCACTTGATGTTGTA,1,4915766
ygfS_ygfT_predicted,0.5789473684210527,28,18,AGGCACGCTAAACCTACCCA,10,4909924
ygfS_ygfT_predicted,0.7368421052631579,31,18,AGAGTACATATTGTGAGCCC,13,4908083
ygfS_ygfT_predicted,1.4736842105263157,45,18,ACTTGCGCGGACATTCGGTA,27,4922234
ygfS_ygfT_predicted,1.4210526315789473,44,18,ACGGCCTAGCATGGCCATAA,26,4929994
ygfS_ygfT_predicted,0.10526315789473684,19,18,ACCATTCCACGGCTTCATGA,1,4921531
ygfS_ygfT_predicted,2.1052631578947367,57,18,AATTGGAAGGGTGGTTAATA,39,4927524
ygfS_ygfT_predicted,0.10526315789473684,19,18,AAGCGAAGAAGACAACAGTG,1,4903996
ygfS_ygfT_predicted,0.5789473684210527,28,18,AAGATATAGCCCATGATTAG,10,4926639
ygfS_ygfT_predicted,1.5263157894736843,46,18,AAAGTGGACAATCGCTGAAG,28,4913991
ygfS_ygfT_predicted,0.8888888888888888,32,17,TTTTGACAATTCGCTTCGTT,15,4905940
ygfS_ygfT_predicted,1.0,34,17,TTTTGAACCACATATCATCC,17,4925409
ygfS_ygfT_predicted,1.5555555555555556,44,17,TTTGTAGGCGACATCCGGTT,27,4912576
ygfS_ygfT_predicted,1.6111111111111112,45,17,TTCGCCTTTGCCGGGTGAGC,28,4902405
ygfS_ygfT_predicted,1.6666666666666667,46,17,TTCCACTTCCACGCACAACA,29,4919857
ygfS_ygfT_predicted,0.5,25,17,TTATTAATCAAAGATAAAAG,8,4923019
ygfS_ygfT_predicted,1.3888888888888888,41,17,TTATATTCGCTCGGTAGGAT,24,4909926
ygfS_ygfT_predicted,0.6666666666666666,28,17,TGTTTCCGTATCCGGTTTGA,11,4914225
ygfS_ygfT_predicted,0.2222222222222222,20,17,TGTCGTAACTAATGACTTAT,3,4912646
ygfS_ygfT_predicted,0.2777777777777778,21,17,TGGCCCGGACTTTAAGCTGA,4,4904507
ygfS_ygfT_predicted,1.1111111111111112,36,17,TGGATTTCGCCTTATATAGT,19,4901431
ygfS_ygfT_predicted,0.2777777777777778,21,17,TCTTGGAAGCTAATCAAAGC,4,4910756
ygfS_ygfT_predicted,0.1111111111111111,18,17,TCTCCGTATAAGACAGAATC,1,4923686
ygfS_ygfT_predicted,0.2222222222222222,20,17,TCGCCCTCTTGTGTTTCGAT,3,4923037
ygfS_ygfT_predicted,0.3888888888888889,23,17,TCATAAGAAAGGAAAATCTC,6,4903425
ygfS_ygfT_predicted,3.2777777777777777,75,17,TCATAACCGTTTGTATGCCA,58,4900702
ygfS_ygfT_predicted,1.0,34,17,TATGGATCCTCGCATGGTGT,17,4914354
ygfS_ygfT_predicted,0.7222222222222222,29,17,TAGCTTTGGGCTTTCCCATC,12,4903087
ygfS_ygfT_predicted,0.4444444444444444,24,17,TAGCTGTTTTCGTGGATCAA,7,4911764
ygfS_ygfT_predicted,0.7222222222222222,29,17,TAAGGACCACTTCCGTAAGA,12,4909219
ygfS_ygfT_predicted,1.4444444444444444,42,17,TAAGATGCAAGCCGTGGGAG,25,4918463
ygfS_ygfT_predicted,0.9444444444444444,33,17,GTGCGGATGCGGGGTCTCAC,16,4915078
ygfS_ygfT_predicted,0.2222222222222222,20,17,GTCAAAGGGGTAATCCAAAT,3,4922223
ygfS_ygfT_predicted,5.555555555555555,116,17,GTAATCCGTAAGCTTAGTGC,99,4927456
ygfS_ygfT_predicted,0.1111111111111111,18,17,GGTTGCACTCTCCCTCTGTC,1,4922448
ygfS_ygfT_predicted,0.1111111111111111,18,17,GGTGTGGTGCGCAGTCCCCA,1,4910901
ygfS_ygfT_predicted,0.7222222222222222,29,17,GGTAGGTCTTAAGGTGAACA,12,4914524
ygfS_ygfT_predicted,0.1111111111111111,18,17,GCTGGCATAGTGGAGGGTCC,1,4927232
ygfS_ygfT_predicted,1.0,34,17,GCTCGCAAGCTCCACATGAT,17,4909911
ygfS_ygfT_predicted,1.0555555555555556,35,17,GCGTACAACGCGTCGTATTA,18,4921970
ygfS_ygfT_predicted,3.1666666666666665,73,17,GCCTTGCATTTGGCAGTACA,56,4929412
ygfS_ygfT_predicted,0.1111111111111111,18,17,GCATACTGACGATTACGAAG,1,4914941
ygfS_ygfT_predicted,1.1666666666666667,37,17,GCATACACTGTTGTACAGAT,20,4907430
ygfS_ygfT_predicted,0.16666666666666666,19,17,GCAGTCATGACCTGCCTGGT,2,4926393
ygfS_ygfT_predicted,1.1666666666666667,37,17,GATTACGCTACTCGACCTGG,20,4920014
ygfS_ygfT_predicted,0.1111111111111111,18,17,GAGGTTCTACATAATCCCAT,1,4921114
ygfS_ygfT_predicted,3.111111111111111,72,17,GAGCCTCGCGCCCATTATGT,55,4909809
ygfS_ygfT_predicted,3.388888888888889,77,17,GACGATCATTCGCTGAGGAT,60,4901970
ygfS_ygfT_predicted,1.4444444444444444,42,17,CTTTAAAAGCGGAGGTACAA,25,4913611
ygfS_ygfT_predicted,1.7222222222222223,47,17,CTTATCCGTCTGTACCGGTA,30,4915852
ygfS_ygfT_predicted,1.8333333333333333,49,17,CTGTCGGATTACCCTCAAAT,32,4920417
ygfS_ygfT_predicted,0.1111111111111111,18,17,CTGCGCGTCACTGCGGGATT,1,4907889
ygfS_ygfT_predicted,1.1111111111111112,36,17,CTCATGTGCAGCGTTCATGT,19,4903842
ygfS_ygfT_predicted,0.9444444444444444,33,17,CTCAAAATCCTTCCGAGGAA,16,4907098
ygfS_ygfT_predicted,0.5555555555555556,26,17,CTAGAGATACTCCTTGGTTG,9,4920468
ygfS_ygfT_predicted,0.2222222222222222,20,17,CTAGACCGCGTTAGTGCCTT,3,4918399
ygfS_ygfT_predicted,2.4444444444444446,60,17,CTAAAACTATAGCCGTGTTG,43,4910974
ygfS_ygfT_predicted,1.4444444444444444,42,17,CGTTGTTGAGGGCTTGGCCA,25,4909742
ygfS_ygfT_predicted,0.4444444444444444,24,17,CGTCCGAATTGCGATTCGTG,7,4922554
ygfS_ygfT_predicted,0.2777777777777778,21,17,CGCTCGTAATGGTCGGGCGA,4,4903095
ygfS_ygfT_predicted,0.7222222222222222,29,17,CGACGAACAATGTTCAACCG,12,4926371
ygfS_ygfT_predicted,0.3888888888888889,23,17,CGAATGAGGTATAACACCGA,6,4922084
ygfS_ygfT_predicted,2.1666666666666665,55,17,CCTTAGATCGCGAGCGAGTA,38,4929114
ygfS_ygfT_predicted,3.388888888888889,77,17,CCTTAAACATCAGAGGCAAC,60,4915431
ygfS_ygfT_predicted,1.1111111111111112,36,17,CCTCGCCCAGATATTCGTAG,19,4909306
ygfS_ygfT_predicted,2.8333333333333335,67,17,CCGCGTTGTCACACAGTTAC,50,4916686
ygfS_ygfT_predicted,1.0555555555555556,35,17,CCGACGATGGTAAAGGGAAT,18,4926939
ygfS_ygfT_predicted,3.888888888888889,86,17,CCCCTATCTATTTGGAGGTA,69,4927148
ygfS_ygfT_predicted,0.6111111111111112,27,17,CATCAATCAGTGTTTACAGC,10,4908670
ygfS_ygfT_predicted,0.16666666666666666,19,17,CAGGTGGCAGGTCGCTGAGG,2,4916577
ygfS_ygfT_predicted,1.5555555555555556,44,17,CAGAGTAGAGACGGGCATAT,27,4928678
ygfS_ygfT_predicted,2.2222222222222223,56,17,CACATGACTGAAGACAAGCA,39,4913686
ygfS_ygfT_predicted,1.7777777777777777,48,17,CAATTCGACAAGCGTCGGAC,31,4901345
ygfS_ygfT_predicted,1.2222222222222223,38,17,CAATCATCTCACGAGTGGCA,21,4906067
ygfS_ygfT_predicted,0.6666666666666666,28,17,CAAAGTCCGGCAAGCGAGGG,11,4930453
ygfS_ygfT_predicted,1.2222222222222223,38,17,ATTGAGAAGAACACATGCCA,21,4909664
ygfS_ygfT_predicted,1.6666666666666667,46,17,ATGCGATGCGTTCACAAACC,29,4922513
ygfS_ygfT_predicted,0.16666666666666666,19,17,ATATGTAAGTTCAAATGTCG,2,4930416
ygfS_ygfT_predicted,1.2777777777777777,39,17,ATAGATTTGAGCTGTAGCCA,22,4907885
ygfS_ygfT_predicted,0.1111111111111111,18,17,AGGTTACAGGTTACGCGCAT,1,4907153
ygfS_ygfT_predicted,0.8888888888888888,32,17,ACTGTATCTATCGCGGATTC,15,4913718
ygfS_ygfT_predicted,0.8888888888888888,32,17,ACTCTGCCACTCGGGTCGTG,15,4901126
ygfS_ygfT_predicted,1.6111111111111112,45,17,ACGTACCCCGGACACATGGT,28,4927988
ygfS_ygfT_predicted,0.9444444444444444,33,17,ACGCAGACAAAGATATCCAC,16,4907616
ygfS_ygfT_predicted,1.2222222222222223,38,17,ACGACCTAGTGTTGAGAATA,21,4903605
ygfS_ygfT_predicted,1.0,34,17,ACCTGTGGATGAGGACAGAA,17,4906320
ygfS_ygfT_predicted,3.2777777777777777,75,17,ACCGCTGACAGGGGTGACTA,58,4905704
ygfS_ygfT_predicted,2.9444444444444446,69,17,ACCCTCGCACCTCGTAACTT,52,4922406
ygfS_ygfT_predicted,1.2222222222222223,38,17,ACCACGGGTGGTCTTGACCT,21,4911487
ygfS_ygfT_predicted,0.1111111111111111,18,17,ACAATTTATGGTCTTCTACA,1,4908462
ygfS_ygfT_predicted,1.1666666666666667,37,17,ACAACACTGCTGGCGACCAA,20,4924141
ygfS_ygfT_predicted,2.111111111111111,54,17,AATATAAAAGATCCGAGTTA,37,4913771
ygfS_ygfT_predicted,1.9444444444444444,51,17,AATAGACGCTGCGCGCCATA,34,4906171
ygfS_ygfT_predicted,0.11764705882352941,17,16,TTTGGGATCGAGTAGTCTAA,1,4927903
ygfS_ygfT_predicted,2.176470588235294,52,16,TTCTTTTTATAAAAGGTATC,36,4913982
ygfS_ygfT_predicted,2.3529411764705883,55,16,TTCTGGTGGGGAACTAAGCA,39,4919237
ygfS_ygfT_predicted,1.7647058823529411,45,16,TTCCGGCCGAACTTTGCTAA,29,4930600
ygfS_ygfT_predicted,3.0588235294117645,67,16,TTCAGAACTTCGCAAAAGAC,51,4917154
ygfS_ygfT_predicted,1.2941176470588236,37,16,TGTACTATTTAAACATTTTC,21,4913196
ygfS_ygfT_predicted,0.11764705882352941,17,16,TGGACGGTCCGCCGGTAAAC,1,4917216
ygfS_ygfT_predicted,1.5294117647058822,41,16,TGCCTGCGGCATGGAGTTGT,25,4903426
ygfS_ygfT_predicted,0.7647058823529411,28,16,TGAAGCTACGGGGTCCTCAA,12,4917548
ygfS_ygfT_predicted,2.235294117647059,53,16,TGAAACTGGTGATATATCCT,37,4924020
ygfS_ygfT_predicted,0.7647058823529411,28,16,TCTTCTAGGCATCTACGGAA,12,4906106
ygfS_ygfT_predicted,1.2941176470588236,37,16,TCTGGCGCACACTTTCAACT,21,4914388
ygfS_ygfT_predicted,0.5882352941176471,25,16,TCGAGAAGTACCACTGAAGG,9,4918106
ygfS_ygfT_predicted,0.8235294117647058,29,16,TATTTGGCCAAAACGAAGAC,13,4920462
ygfS_ygfT_predicted,1.0588235294117647,33,16,TATCCGTGATACAGAAATCG,17,4903893
ygfS_ygfT_predicted,1.588235294117647,42,16,TATAGTGCGGAAGGCCTATC,26,4925481
ygfS_ygfT_predicted,0.6470588235294118,26,16,TAATTATCTTCTCCGGCGCT,10,4929931
ygfS_ygfT_predicted,2.176470588235294,52,16,TAAAGGCCGTAACAAAGGCT,36,4916434
ygfS_ygfT_predicted,0.11764705882352941,17,16,GTAGAAATATTTCGTGCTTT,1,4918134
ygfS_ygfT_predicted,0.7647058823529411,28,16,GTACGTGGGAGATTTTTACT,12,4924807
ygfS_ygfT_predicted,2.0,49,16,GGGATGTACCTTTTAACCTC,33,4925573
ygfS_ygfT_predicted,0.8823529411764706,30,16,GCGTTGGGGTAATTGACGCA,14,4913027
ygfS_ygfT_predicted,0.11764705882352941,17,16,GCCTAGTTTCACCTCCGTTG,1,4919561
ygfS_ygfT_predicted,1.411764705882353,39,16,GCACGTTCAGGATCCCGACT,23,4913465
ygfS_ygfT_predicted,0.4117647058823529,22,16,GATCTTCAATCGGCGAAATG,6,4921596
ygfS_ygfT_predicted,1.2352941176470589,36,16,GAGGAACGCTTCGCGAGTGC,20,4922615
ygfS_ygfT_predicted,6.235294117647059,121,16,GAGCTTCATGACTCTTTCAC,105,4927526
ygfS_ygfT_predicted,0.9411764705882353,31,16,GAAGTCAGTCGGTTATTAGG,15,4928831
ygfS_ygfT_predicted,0.9411764705882353,31,16,CTTGAACGTAGACACACAAT,15,4908989
ygfS_ygfT_predicted,0.8235294117647058,29,16,CTTCTTTTCTGAGCGATCAG,13,4917006
ygfS_ygfT_predicted,0.11764705882352941,17,16,CTTCACATCGCCCAAGAGCT,1,4905379
ygfS_ygfT_predicted,1.7647058823529411,45,16,CTGGGCCAATAGCTGATCAC,29,4927049
ygfS_ygfT_predicted,0.11764705882352941,17,16,CTCAAGGTTACGCGACTGGA,1,4902562
ygfS_ygfT_predicted,0.35294117647058826,21,16,CTAAGTCCCGTACGGGAGGT,5,4909181
ygfS_ygfT_predicted,0.7647058823529411,28,16,CGTGAGGGCTCCAAAGTCTG,12,4904884
ygfS_ygfT_predicted,0.4117647058823529,22,16,CGGTGTTATATCGATAATCA,6,4916000
ygfS_ygfT_predicted,1.3529411764705883,38,16,CGGGTATTGCCAGTGGAATT,22,4912847
ygfS_ygfT_predicted,0.11764705882352941,17,16,CGGAAGATGCTCACACCCAT,1,4912291
ygfS_ygfT_predicted,1.6470588235294117,43,16,CGCAAGAACCTATAACAAAA,27,4916039
ygfS_ygfT_predicted,0.11764705882352941,17,16,CGAGTAAACCGTATTCTTCG,1,4904354
ygfS_ygfT_predicted,0.9411764705882353,31,16,CGAAAAAAGTTAGTGTCTCC,15,4904796
ygfS_ygfT_predicted,0.17647058823529413,18,16,CCAGTTTATTTGGAATGAAA,2,4917042
ygfS_ygfT_predicted,0.5882352941176471,25,16,CATCGGACGCGGGTGCGAAA,9,4917824
ygfS_ygfT_predicted,0.7647058823529411,28,16,CAGCTAAATCTTGAGATCAC,12,4917786
ygfS_ygfT_predicted,0.47058823529411764,23,16,CACTTGTCCTGTACAGAATA,7,4919800
ygfS_ygfT_predicted,0.47058823529411764,23,16,CACCTTTTCCGCAAAGAGGT,7,4905898
ygfS_ygfT_predicted,0.6470588235294118,26,16,CAATGCCGAGACACCAGATG,10,4907864
ygfS_ygfT_predicted,1.1764705882352942,35,16,CAAAGTTAAATGGCTCACCC,19,4930162
ygfS_ygfT_predicted,1.411764705882353,39,16,ATGTTCCAACAGGGGACTGT,23,4902907
ygfS_ygfT_predicted,0.8823529411764706,30,16,ATGTGAGGTTAGCATGGGTC,14,4915663
ygfS_ygfT_predicted,0.17647058823529413,18,16,ATCAAGGTATATGTGGACCA,2,4927762
ygfS_ygfT_predicted,3.4705882352941178,74,16,ATATATCGGGCTTTTCGTGA,58,4926281
ygfS_ygfT_predicted,1.2352941176470589,36,16,AGTAGGTCCGGGTTGGCTTG,20,4904704
ygfS_ygfT_predicted,0.11764705882352941,17,16,AGAATGATAATACTTTACTA,1,4915273
ygfS_ygfT_predicted,1.588235294117647,42,16,ACTAGCGTGTTTAGCCTCTT,26,4919110
ygfS_ygfT_predicted,1.0588235294117647,33,16,ACGTCACACGTCCTTTTCGG,17,4903907
ygfS_ygfT_predicted,0.11764705882352941,17,16,ACACGGGCTCGTTTAACATG,1,4923287
ygfS_ygfT_predicted,1.0588235294117647,33,16,ACAAAACTCAGCTGTGTAAA,17,4904355
ygfS_ygfT_predicted,0.8823529411764706,30,16,AAGTTCGGGCAACTTCCCAA,14,4926821
ygfS_ygfT_predicted,1.7058823529411764,44,16,AAGGGCCAGGGAATAGAGGG,28,4918445
ygfS_ygfT_predicted,0.17647058823529413,18,16,AACTGAACCGGCAAATCAAT,2,4923186
ygfS_ygfT_predicted,1.1176470588235294,34,16,AAATCCTTTACGATTCAGAA,18,4903973
ygfS_ygfT_predicted,1.4705882352941178,40,16,AAATCACTAGGAACCAAATT,24,4900025
ygfS_ygfT_predicted,0.125,16,15,TTTAGATGCAATAGGGCCGC,1,4904383
ygfS_ygfT_predicted,1.8125,43,15,TTGACTCGTTGGTCCGGTTA,28,4921143
ygfS_ygfT_predicted,0.6875,25,15,TTCGATAAGGTAGAAAAATG,10,4911641
ygfS_ygfT_predicted,3.5625,71,15,TTCAGCTGGTCCACGCTAAT,56,4914167
ygfS_ygfT_predicted,0.125,16,15,TGTTTTGCAGCAACGCAGGG,1,4906470
ygfS_ygfT_predicted,1.4375,37,15,TGTAGGATCTTAGAATATTG,22,4903894
ygfS_ygfT_predicted,1.5,38,15,TCGTTTACGTACACTTAACG,23,4912519
ygfS_ygfT_predicted,1.0625,31,15,TCGGTTTGTGGAGGGGGGCG,16,4918747
ygfS_ygfT_predicted,2.125,48,15,TCCTACCAAAGACCTTCGGA,33,4915409
ygfS_ygfT_predicted,0.375,20,15,TCCGAGATAACAATCAGGAG,5,4928124
ygfS_ygfT_predicted,1.875,44,15,TCCCCTGTAGCGAGCAATAT,29,4928571
ygfS_ygfT_predicted,2.5,54,15,TCACCGGAAGTGACTCCTAG,39,4901186
ygfS_ygfT_predicted,0.625,24,15,TATTTCCTCCCGACTCACGA,9,4911526
ygfS_ygfT_predicted,0.125,16,15,TATTAATGCCTTCGCTTTTG,1,4906192
ygfS_ygfT_predicted,1.6875,41,15,TACTCTGCCCTAGGGAAGTC,26,4900923
ygfS_ygfT_predicted,1.375,36,15,TACCGGGTGCCCAGAGCGAT,21,4906783
ygfS_ygfT_predicted,1.3125,35,15,GTTTGGTTTCCCTCGCGGTT,20,4908343
ygfS_ygfT_predicted,2.0,46,15,GTTCGTAAGACTTCAAACCG,31,4905148
ygfS_ygfT_predicted,1.125,32,15,GTTCCCTTTCACCGGCCAAA,17,4911014
ygfS_ygfT_predicted,0.5625,23,15,GTGTGCTAAATCCCGTTCAC,8,4929429
ygfS_ygfT_predicted,0.1875,17,15,GTGGAATGCCGGAACAACAT,2,4923347
ygfS_ygfT_predicted,2.0,46,15,GTCTATGACGAAAGTTATAT,31,4910447
ygfS_ygfT_predicted,0.375,20,15,GTCGGAACCTGTTCAATAAG,5,4924913
ygfS_ygfT_predicted,1.375,36,15,GTCGAGCGCAACCAGTGGAT,21,4914987
ygfS_ygfT_predicted,0.625,24,15,GTCAAGGGGGCATCGGCAAT,9,4920036
ygfS_ygfT_predicted,0.5,22,15,GTACGCCACGGTTCCGTATA,7,4919999
ygfS_ygfT_predicted,1.0625,31,15,GTACCAAAAATCCAACTTGA,16,4914326
ygfS_ygfT_predicted,0.1875,17,15,GTACATGACCCTACGGGGAT,2,4910365
ygfS_ygfT_predicted,1.5625,39,15,GGGTGGCCGGCACTTCTGTA,24,4911960
ygfS_ygfT_predicted,1.3125,35,15,GGGTCATGGCGTATCTCAAT,20,4909096
ygfS_ygfT_predicted,0.3125,19,15,GGGGAACAGCTGAAGCAAAA,4,4903933
ygfS_ygfT_predicted,1.125,32,15,GGCTCCGCTCGGTCCCTTCA,17,4899993
ygfS_ygfT_predicted,0.4375,21,15,GGCATGCTTACGCAGAATGG,6,4925568
ygfS_ygfT_predicted,0.125,16,15,GCGTACGTCACGATTACATG,1,4925832
ygfS_ygfT_predicted,0.375,20,15,GCCCGTTATCTCATTGTTGT,5,4921189
ygfS_ygfT_predicted,0.5,22,15,GCAAGCCGTCCACGCTGGCC,7,4920102
ygfS_ygfT_predicted,1.9375,45,15,GCAACCGTTATTATGCACAT,30,4906289
ygfS_ygfT_predicted,0.875,28,15,GATGTATAATTCCACGCGTA,13,4928690
ygfS_ygfT_predicted,4.6875,89,15,GAATTATGAAAGTGTAGCGA,74,4900845
ygfS_ygfT_predicted,2.0,46,15,CTGCTCTTCTGCTGCGCCAT,31,4907699
ygfS_ygfT_predicted,2.3125,51,15,CTGCTAAGCTTTCAGAAGAT,36,4917223
ygfS_ygfT_predicted,0.5625,23,15,CTCGTGTCAGAGGCCAGGAG,8,4916141
ygfS_ygfT_predicted,0.25,18,15,CTACAGTGTCGGATTCAGCA,3,4930714
ygfS_ygfT_predicted,1.9375,45,15,CTAAGTCTTGTTATTTGTAC,30,4919196
ygfS_ygfT_predicted,1.0625,31,15,CGTTCATTCCAGGGCCATCA,16,4920467
ygfS_ygfT_predicted,0.125,16,15,CCTTGCCTAGAGAGGGGGGT,1,4928418
ygfS_ygfT_predicted,1.0,30,15,CCCGTTGTCTAAGGCGCGAC,15,4928573
ygfS_ygfT_predicted,0.125,16,15,CCATGTTCTTTCCCTTCTTA,1,4912718
ygfS_ygfT_predicted,0.5,22,15,CCATCATCGGGGGAGTTCTG,7,4920356
ygfS_ygfT_predicted,1.125,32,15,CATGTACAGGAAGCACCTCT,17,4915007
ygfS_ygfT_predicted,2.5,54,15,CAGCACAGTATGATGACTCT,39,4917626
ygfS_ygfT_predicted,0.125,16,15,CACAGGCGCACACCTTACGT,1,4927160
ygfS_ygfT_predicted,0.6875,25,15,CAAATCGAAGGGAATCATGT,10,4909971
ygfS_ygfT_predicted,0.125,16,15,ATTCTGATTCCGTCTTAAGC,1,4918423
ygfS_ygfT_predicted,0.25,18,15,ATGGGTTGTGTGTGTGCGAG,3,4901389
ygfS_ygfT_predicted,3.5,70,15,AGCCCTGTGCACCGGTCGCA,55,4911935
ygfS_ygfT_predicted,0.8125,27,15,AGACGGGTTCGAGTTGCCCA,12,4927260
ygfS_ygfT_predicted,1.0,30,15,AGAAACCCTACCAATTTCCC,15,4905651
ygfS_ygfT_predicted,0.125,16,15,ACTGTTGGATAGCGGGGATT,1,4901285
ygfS_ygfT_predicted,0.5,22,15,ACTGTTCTTTTGATCCTGAT,7,4904252
ygfS_ygfT_predicted,1.625,40,15,ACTCGTTTAGTGTAATGGAT,25,4905298
ygfS_ygfT_predicted,1.625,40,15,ACGTGAAGAGACATAACATT,25,4915188
ygfS_ygfT_predicted,0.25,18,15,ACGATTGATTCAGATTGGTA,3,4906252
ygfS_ygfT_predicted,0.125,16,15,ACATGGATGACTTGTGAGCC,1,4903776
ygfS_ygfT_predicted,1.3125,35,15,AAGCTCGGTCCAGTCAGGAT,20,4918544
ygfS_ygfT_predicted,0.125,16,15,AAGATTAAACCAATTGCGAT,1,4910657
ygfS_ygfT_predicted,0.875,28,15,AAATTGCCCTTGGCTCACTT,13,4917263
ygfS_ygfT_predicted,0.13333333333333333,15,14,TTGTTATAAGAAACGGGGCA,1,4900556
ygfS_ygfT_predicted,0.6666666666666666,23,14,TTCTAACGTAAGGCCAGAAT,9,4911136
ygfS_ygfT_predicted,0.13333333333333333,15,14,TTCGCCGGCCAGTTAGAATG,1,4915173
ygfS_ygfT_predicted,1.5333333333333334,36,14,TTCGACTTAGGGATCAGACA,22,4906802
ygfS_ygfT_predicted,0.7333333333333333,24,14,TTAGGGGATTGTTAGGTCAT,10,4900228
ygfS_ygfT_predicted,3.466666666666667,65,14,TTACCTGCAGAGCCGACTCC,51,4928627
ygfS_ygfT_predicted,0.2,16,14,TGTTGCGTGCGCACAGGTCG,2,4927141
ygfS_ygfT_predicted,1.0,28,14,TGGATTTAGCAGGGATTCTT,14,4917489
ygfS_ygfT_predicted,1.1333333333333333,30,14,TGGAAGTAGGTGTGGCGCAG,16,4908910
ygfS_ygfT_predicted,3.6,67,14,TGCGCGGAACACGGTGAGTA,53,4926709
ygfS_ygfT_predicted,2.2666666666666666,47,14,TGCATTAAGAAGAGTCCACA,33,4925723
ygfS_ygfT_predicted,0.2,16,14,TGAGTTTAATTCGACAGGAC,2,4904003
ygfS_ygfT_predicted,0.6666666666666666,23,14,TGAGCATCACGCACGCGCAA,9,4924220
ygfS_ygfT_predicted,0.7333333333333333,24,14,TGAACCTCGCGCTACAATAG,10,4929640
ygfS_ygfT_predicted,0.4,19,14,TCTTTTTATAGACGTAATCT,5,4924575
ygfS_ygfT_predicted,3.2666666666666666,62,14,TCTGTGCTTTCAGGTTTTCG,48,4913213
ygfS_ygfT_predicted,0.5333333333333333,21,14,TCGGCTGAAAGGTCTCGAAG,7,4911145
ygfS_ygfT_predicted,1.4,34,14,TCGGATACGTCCGCTCGAAG,20,4930215
ygfS_ygfT_predicted,0.4666666666666667,20,14,TCCACGCGGTTGTAAAGGGG,6,4929367
ygfS_ygfT_predicted,3.3333333333333335,63,14,TCAGTAGCTTACTGCATCAC,49,4901302
ygfS_ygfT_predicted,0.8666666666666667,26,14,TCAGGGCGCACATAGACTAC,12,4906278
ygfS_ygfT_predicted,0.7333333333333333,24,14,TCACTTGGTGTGTCGTCCCT,10,4901638
ygfS_ygfT_predicted,3.4,64,14,TCAAAATCTTATCAACCTTG,50,4928037
ygfS_ygfT_predicted,1.8666666666666667,41,14,TATGGAAACTACCTCAAATT,27,4905362
ygfS_ygfT_predicted,1.1333333333333333,30,14,TACTGACGGGCGGCATCCAT,16,4927197
ygfS_ygfT_predicted,2.2666666666666666,47,14,TAAAAATAGAAGATCCCTTA,33,4921989
ygfS_ygfT_predicted,0.13333333333333333,15,14,GTTTATCATGCAAACCGTCT,1,4918546
ygfS_ygfT_predicted,0.8666666666666667,26,14,GTTTAAAATACAGAAGCTGC,12,4906805
ygfS_ygfT_predicted,1.9333333333333333,42,14,GTTCGAATATCCTTAACTCA,28,4909258
ygfS_ygfT_predicted,0.6,22,14,GTCGGCCTCTCTGGTCTATG,8,4902271
ygfS_ygfT_predicted,1.8666666666666667,41,14,GGGGGCTATGGATCCTGCTT,27,4916429
ygfS_ygfT_predicted,0.8,25,14,GGCAAAGCATTAATAAGCGT,11,4909791
ygfS_ygfT_predicted,0.4,19,14,GCGGCCCCTCGTTATCCGGA,5,4917512
ygfS_ygfT_predicted,0.6666666666666666,23,14,GCGAGATGGGCGAACTTTTA,9,4900521
ygfS_ygfT_predicted,0.13333333333333333,15,14,GCAGTACGGCCAGGGTTATG,1,4923897
ygfS_ygfT_predicted,0.3333333333333333,18,14,GATCTCGAATAAACGGTCGT,4,4919092
ygfS_ygfT_predicted,0.8666666666666667,26,14,GAGATGTCTCGTGTTAGCCG,12,4912578
ygfS_ygfT_predicted,0.2,16,14,GAAGCAGGGTTCAGTAAAGG,2,4920366
ygfS_ygfT_predicted,2.6,52,14,GAAAGGGTTTTTGTGCGTTT,38,4901587
ygfS_ygfT_predicted,4.8,85,14,CTTGCCCCCTTCCATGGTAC,71,4926777
ygfS_ygfT_predicted,0.4666666666666667,20,14,CTTCTTCGCTCTGACAACGT,6,4903021
ygfS_ygfT_predicted,0.5333333333333333,21,14,CTTCATGCTCGTATATGCGC,7,4920067
ygfS_ygfT_predicted,6.533333333333333,111,14,CTGGAAAGCAAAATCTGGCA,97,4929448
ygfS_ygfT_predicted,0.9333333333333333,27,14,CTGCGAAATAGGGAGGGCTA,13,4909391
ygfS_ygfT_predicted,1.8666666666666667,41,14,CGTTTTGTCCGAATATGCCC,27,4920490
ygfS_ygfT_predicted,1.3333333333333333,33,14,CGTCTACCACACAAGGCGCA,19,4913175
ygfS_ygfT_predicted,1.0666666666666667,29,14,CGCATGTCAAAGTGTCACAC,15,4905070
ygfS_ygfT_predicted,1.0,28,14,CCTATATTCTCTAGGTCGCT,14,4912456
ygfS_ygfT_predicted,1.4666666666666666,35,14,CCGTTTTGGGGTGACGTCTA,21,4908961
ygfS_ygfT_predicted,5.333333333333333,93,14,CCCTGGTACCAAAATCGCTA,79,4919452
ygfS_ygfT_predicted,0.7333333333333333,24,14,CCCGCTGCGGCAACGCCCAA,10,4904370
ygfS_ygfT_predicted,1.2666666666666666,32,14,CCCCCCCTATGTTGTGCCTA,18,4928289
ygfS_ygfT_predicted,2.8666666666666667,56,14,CCACCAATAGTCCTACTTCT,42,4909761
ygfS_ygfT_predicted,1.4666666666666666,35,14,CATTTAGTGACTTCATACTA,21,4908254
ygfS_ygfT_predicted,0.3333333333333333,18,14,CATTCGGGGTAGGGTCGGCA,4,4923729
ygfS_ygfT_predicted,2.4,49,14,ATTTAACAGTTATCAAATGT,35,4907799
ygfS_ygfT_predicted,0.13333333333333333,15,14,ATTATCCAACAAGGGGAAGA,1,4907151
ygfS_ygfT_predicted,2.2666666666666666,47,14,ATGAACTTGGTTCGTCATAT,33,4912583
ygfS_ygfT_predicted,0.13333333333333333,15,14,ATCATGTACGGCCGGGATTA,1,4914939
ygfS_ygfT_predicted,2.066666666666667,44,14,AGTATTTGCCGCAGTTCGTG,30,4924650
ygfS_ygfT_predicted,1.2,31,14,AGTACCCACCACTTTCGAAT,17,4917255
ygfS_ygfT_predicted,0.5333333333333333,21,14,AGCTCTCTGTAGAGTAAAGA,7,4907947
ygfS_ygfT_predicted,0.4666666666666667,20,14,AGCGTATGGGCTCATTCAAC,6,4930531
ygfS_ygfT_predicted,0.3333333333333333,18,14,AGCCATATTCAATTCAGACA,4,4905005
ygfS_ygfT_predicted,0.2,16,14,AGCATTTAGAGATTCTGATA,2,4910557
ygfS_ygfT_predicted,0.13333333333333333,15,14,AGACACAAGGAGGACAAGAT,1,4912656
ygfS_ygfT_predicted,15.733333333333333,249,14,AGAAAAACACTCGAGCACCC,235,4920749
ygfS_ygfT_predicted,0.7333333333333333,24,14,ACTGGCGAACACACTGGCAT,10,4926622
ygfS_ygfT_predicted,0.2,16,14,ACTCTCGCGGTCGGTGGTAG,2,4900674
ygfS_ygfT_predicted,0.9333333333333333,27,14,ACTACTCTCTATCACCGTAC,13,4916597
ygfS_ygfT_predicted,2.3333333333333335,48,14,ACCATCCGCGCTTCACACAA,34,4922478
ygfS_ygfT_predicted,1.7333333333333334,39,14,AATGTATTCGTATCCTGCAG,25,4909969
ygfS_ygfT_predicted,1.0666666666666667,29,14,AATGTACAACTCGGGAAAGC,15,4914802
ygfS_ygfT_predicted,0.7333333333333333,24,14,AATGAGCAGCAATAGCGTAA,10,4918453
ygfS_ygfT_predicted,1.1333333333333333,30,14,AATAGATACTTGAATTTGTG,16,4928434
ygfS_ygfT_predicted,0.4,19,14,AATACTGACGGCTTTTCCGT,5,4922374
ygfS_ygfT_predicted,0.13333333333333333,15,14,AAGTTTTCGGTGCAGTTATC,1,4900351
ygfS_ygfT_predicted,1.2,31,14,AAGCAATAAACCGACATCAT,17,4928574
ygfS_ygfT_predicted,2.6,52,14,AACGCGTTGGCTACAGACTG,38,4906229
ygfS_ygfT_predicted,0.5714285714285714,20,13,TTTTTTGGGATATTTATGTG,7,4906694
ygfS_ygfT_predicted,0.9285714285714286,25,13,TTTTTTAACGCCATCTTTCC,12,4903686
ygfS_ygfT_predicted,0.2857142857142857,16,13,TTTTATAACACGTTTTGTAG,3,4904429
ygfS_ygfT_predicted,0.35714285714285715,17,13,TTGTACAACATGATTGCGTC,4,4928325
ygfS_ygfT_predicted,0.6428571428571429,21,13,TTGGTCGTGTAATGGCTTTC,8,4902137
ygfS_ygfT_predicted,0.6428571428571429,21,13,TTGCCAGGCTTAGGTAATAG,8,4904132
ygfS_ygfT_predicted,0.5714285714285714,20,13,TTGAGGTTATGGGCGGCGAA,7,4921042
ygfS_ygfT_predicted,0.42857142857142855,18,13,TTGAATCGTGGCGCGGTAAT,5,4927964
ygfS_ygfT_predicted,3.0,54,13,TTCCGTTTATGCATAGCTCT,41,4912699
ygfS_ygfT_predicted,2.0,40,13,TTAAGGACCAAGAGTCGCTG,27,4903316
ygfS_ygfT_predicted,0.6428571428571429,21,13,TGGTAATACTAATCGTCAGA,8,4922189
ygfS_ygfT_predicted,0.14285714285714285,14,13,TGGCTTCACCCGCCATGTGG,1,4918324
ygfS_ygfT_predicted,0.14285714285714285,14,13,TGGCGAAGGGACGGCATGCG,1,4925428
ygfS_ygfT_predicted,1.1428571428571428,28,13,TGGCATAAAAGCAACGCAAC,15,4914750
ygfS_ygfT_predicted,0.14285714285714285,14,13,TGCGGCAGACATGCTAAGCT,1,4930273
ygfS_ygfT_predicted,0.21428571428571427,15,13,TCTATCGGGTACTGAACCTC,2,4928414
ygfS_ygfT_predicted,0.14285714285714285,14,13,TCGATTTTGTACGACTAACG,1,4905400
ygfS_ygfT_predicted,2.0,40,13,TCCGCAGGTCTAAAGTTAAT,27,4903049
ygfS_ygfT_predicted,0.7142857142857143,22,13,TCCCCTCCTGGCCCAGTGCC,9,4907258
ygfS_ygfT_predicted,0.9285714285714286,25,13,TCCAGTTTAGTCTTACCGTG,12,4903738
ygfS_ygfT_predicted,2.9285714285714284,53,13,TATACCTGAAAAGGAGCCGT,40,4906747
ygfS_ygfT_predicted,0.5,19,13,TACTTGTTGATGTAATGGAA,6,4917046
ygfS_ygfT_predicted,0.21428571428571427,15,13,TACGGGCTATCAGATTTATA,2,4914943
ygfS_ygfT_predicted,1.7857142857142858,37,13,TACAAGAATTTCTGACCGGT,24,4905657
ygfS_ygfT_predicted,0.35714285714285715,17,13,TAACTCAACCTCACTGAGTT,4,4925816
ygfS_ygfT_predicted,1.5714285714285714,34,13,TAACCGCACCATTCCATCGG,21,4921803
ygfS_ygfT_predicted,1.0,26,13,GTTCGACGCTATTCACGGGA,13,4914091
ygfS_ygfT_predicted,3.857142857142857,66,13,GTATCGCGGAAATGGAAGGA,53,4924567
ygfS_ygfT_predicted,1.4285714285714286,32,13,GTACGGTAATCTAGCTGTGT,19,4901017
ygfS_ygfT_predicted,2.0714285714285716,41,13,GGTGTCCTATCCAAACAGGC,28,4907346
ygfS_ygfT_predicted,1.2857142857142858,30,13,GGGGGAACTAACGTGGAATG,17,4904854
ygfS_ygfT_predicted,0.14285714285714285,14,13,GGATGTTGGTATGCCAGTCA,1,4925347
ygfS_ygfT_predicted,0.5,19,13,GGACGGCGTTATCTGTCATA,6,4920101
ygfS_ygfT_predicted,1.8571428571428572,38,13,GGACAATTGAGTACGAGTTT,25,4920071
ygfS_ygfT_predicted,2.857142857142857,52,13,GGAAATTTGACGTTCACCCC,39,4917880
ygfS_ygfT_predicted,3.142857142857143,56,13,GCTGATAGATCGATCTCGAA,43,4903906
ygfS_ygfT_predicted,0.14285714285714285,14,13,GCTCCGCGTGAACCGCCTTT,1,4927484
ygfS_ygfT_predicted,1.5,33,13,GCGTATACTTCAGTCCAAAG,20,4902386
ygfS_ygfT_predicted,0.8571428571428571,24,13,GCGCCTTGCGCTATAGGTCC,11,4909348
ygfS_ygfT_predicted,3.142857142857143,56,13,GCAGGGGACGGCGTTTCGAT,43,4916825
ygfS_ygfT_predicted,0.2857142857142857,16,13,GCAGGCAAGGATCTGGCGTT,3,4922167
ygfS_ygfT_predicted,0.7142857142857143,22,13,GATTGCCTGGCCGTCGAATT,9,4917843
ygfS_ygfT_predicted,0.14285714285714285,14,13,GAGGGAACCATAAAGGCGAT,1,4922966
ygfS_ygfT_predicted,0.42857142857142855,18,13,GAGAGTTTGACACATGGCGT,5,4927090
ygfS_ygfT_predicted,1.2857142857142858,30,13,GACAATGGGGTATGTATCTC,17,4928232
ygfS_ygfT_predicted,1.0,26,13,GAATGACATGAGCCTGGGCA,13,4921835
ygfS_ygfT_predicted,1.2857142857142858,30,13,GAACTGAAACAGATAATCCT,17,4927331
ygfS_ygfT_predicted,0.35714285714285715,17,13,CTTTGAGAAAGGCGGGAGGT,4,4927921
ygfS_ygfT_predicted,1.6428571428571428,35,13,CTTTCTCATAGCATCCACTT,22,4903660
ygfS_ygfT_predicted,1.4285714285714286,32,13,CTTTACCGTGGTCAAATTAA,19,4902189
ygfS_ygfT_predicted,0.21428571428571427,15,13,CTTGGCCAGTGATGACCCGG,2,4907122
ygfS_ygfT_predicted,0.14285714285714285,14,13,CTTGAACGCTCTATCAGAAA,1,4931354
ygfS_ygfT_predicted,0.21428571428571427,15,13,CTGGACCCAGGCCTCACCTT,2,4906218
ygfS_ygfT_predicted,0.7142857142857143,22,13,CTCTGTCCAGGACGGCCAGT,9,4904940
ygfS_ygfT_predicted,5.428571428571429,88,13,CTATAATGATAGCGCCGATA,75,4922616
ygfS_ygfT_predicted,1.0,26,13,CTAAAATTATACAGCATACA,13,4913127
ygfS_ygfT_predicted,0.6428571428571429,21,13,CGTGATCGTGACCTGAGGAT,8,4920033
ygfS_ygfT_predicted,2.642857142857143,49,13,CGTCAGCTCTAATCCCTGAA,36,4918214
ygfS_ygfT_predicted,1.1428571428571428,28,13,CGGTTGCCGCGCTGGACAGA,15,4927026
ygfS_ygfT_predicted,1.3571428571428572,31,13,CGCTAGGAAATTCTCGAGGA,18,4926131
ygfS_ygfT_predicted,0.14285714285714285,14,13,CGCCAGCGCTCTACTATCCT,1,4918581
ygfS_ygfT_predicted,1.9285714285714286,39,13,CGCATATCAGCCCGGGCTAG,26,4906500
ygfS_ygfT_predicted,1.0714285714285714,27,13,CGCAGGCTCATTACAGGGGG,14,4913546
ygfS_ygfT_predicted,3.7142857142857144,64,13,CGAAGACCCGCCTGCGCGAA,51,4903108
ygfS_ygfT_predicted,1.2142857142857142,29,13,CCTATCTGCGCAACCTACAG,16,4900824
ygfS_ygfT_predicted,0.14285714285714285,14,13,CCGTTGGGGGATCACACGGT,1,4915024
ygfS_ygfT_predicted,0.21428571428571427,15,13,CCCAAAAACGTGACCTCGCA,2,4901711
ygfS_ygfT_predicted,0.14285714285714285,14,13,CATTTCCCCCACAGAGTACG,1,4907538
ygfS_ygfT_predicted,0.2857142857142857,16,13,CATCAAACATCGAATTTCCC,3,4912012
ygfS_ygfT_predicted,1.2142857142857142,29,13,CACCCCGTATGCGAATGGTT,16,4910424
ygfS_ygfT_predicted,1.3571428571428572,31,13,CAATTGCTAACGCTCCATCG,18,4920472
ygfS_ygfT_predicted,0.5714285714285714,20,13,CAAGATTCGTGGGCCGTGTC,7,4908481
ygfS_ygfT_predicted,0.7857142857142857,23,13,CAACGGTCTCTGGCGGCGCA,10,4905683
ygfS_ygfT_predicted,1.0,26,13,ATTGGGATGTAGCACATCAT,13,4924944
ygfS_ygfT_predicted,2.0714285714285716,41,13,ATGTTTGCGGCACGGTTAAA,28,4906434
ygfS_ygfT_predicted,1.5714285714285714,34,13,ATGTGTAAAGCTTCCATGCA,21,4925091
ygfS_ygfT_predicted,0.14285714285714285,14,13,ATCTTTACTGGGGCCGAGGG,1,4912444
ygfS_ygfT_predicted,0.42857142857142855,18,13,ATCGGCGCGCGCATAAGACC,5,4905675
ygfS_ygfT_predicted,0.9285714285714286,25,13,ATACAAGGTGGTAATGAACA,12,4905620
ygfS_ygfT_predicted,0.7857142857142857,23,13,ATAAGGAACAGATTGTTCGG,10,4907636
ygfS_ygfT_predicted,4.571428571428571,76,13,AGTGCTTAGGCGACTGAGGA,63,4928607
ygfS_ygfT_predicted,1.5714285714285714,34,13,AGTGAACCAGCCATTTACGC,21,4921027
ygfS_ygfT_predicted,0.14285714285714285,14,13,AGGTGTGGTGTTGCTTTTGA,1,4925420
ygfS_ygfT_predicted,1.7857142857142858,37,13,AGGTCCCTGGTGCGGCTTAC,24,4914893
ygfS_ygfT_predicted,1.1428571428571428,28,13,AGGCCTTCCTTCATTCATTA,15,4924365
ygfS_ygfT_predicted,0.6428571428571429,21,13,AGCGATGAACGATTTGACTG,8,4910131
ygfS_ygfT_predicted,1.0714285714285714,27,13,AGATACTATCACAGTCAAGT,14,4923781
ygfS_ygfT_predicted,1.1428571428571428,28,13,AGAGAGAAACACGATTATGT,15,4908862
ygfS_ygfT_predicted,0.7857142857142857,23,13,ACTAAGACTTTGGTCAAACA,10,4926983
ygfS_ygfT_predicted,8.5,131,13,ACAATCTAACATGTGCACGC,118,4912473
ygfS_ygfT_predicted,1.5714285714285714,34,13,AATGGCCTTCGAGTCCGGAG,21,4908792
ygfS_ygfT_predicted,1.1428571428571428,28,13,AATCTTGGAGGCACGGTCTC,15,4906749
ygfS_ygfT_predicted,3.0,54,13,AATCCGCCTTATTGGTTCCT,41,4906036
ygfS_ygfT_predicted,0.42857142857142855,18,13,AATAGCCCCAGAGGTGTAAC,5,4907130
ygfS_ygfT_predicted,1.4285714285714286,32,13,AAGCAATTACCAGGGGTGGA,19,4907892
ygfS_ygfT_predicted,3.0,54,13,AACTGACTGAGCGTCCTATC,41,4908214
ygfS_ygfT_predicted,2.142857142857143,42,13,AACGGTGAGCTCAGTGAACT,29,4927418
ygfS_ygfT_predicted,2.142857142857143,42,13,AAATTGGGAATGATTCTGTA,29,4922718
ygfS_ygfT_predicted,8.0,115,12,TTTTGCCTTATTTTCGACCC,103,4907185
ygfS_ygfT_predicted,0.6153846153846154,19,12,TTTCGGTGAGGTAGGGGATA,7,4916624
ygfS_ygfT_predicted,1.0769230769230769,25,12,TTTAAGCTGCATAAGGCATG,13,4906904
ygfS_ygfT_predicted,0.23076923076923078,14,12,TTGCGACGTCACGCGCGTAA,2,4930745
ygfS_ygfT_predicted,1.3076923076923077,28,12,TTCAGGTGCTATGGTCAACA,16,4918260
ygfS_ygfT_predicted,0.46153846153846156,17,12,TTCAAATAAGCCAACAAACT,5,4908299
ygfS_ygfT_predicted,1.6153846153846154,32,12,TTATAGCAGGGATAGACACT,20,4917776
ygfS_ygfT_predicted,0.6923076923076923,20,12,TGCCTATACACTATGATATA,8,4929217
ygfS_ygfT_predicted,4.384615384615385,68,12,TGCATTGTGTACTAACAACC,56,4913972
ygfS_ygfT_predicted,1.2307692307692308,27,12,TGCATTCGAATGATCCCCAT,15,4904184
ygfS_ygfT_predicted,0.15384615384615385,13,12,TGAGAAGCACACGAGCGCAT,1,4915124
ygfS_ygfT_predicted,0.15384615384615385,13,12,TGACATCGGTACTCAGATAA,1,4902192
ygfS_ygfT_predicted,2.0,37,12,TGAATCCTGCAAAGATCAAT,25,4925566
ygfS_ygfT_predicted,0.7692307692307693,21,12,TCTTGAGATCGTATCGGATA,9,4910350
ygfS_ygfT_predicted,0.46153846153846156,17,12,TCTAGTGAAGGTGCTACCTG,5,4922576
ygfS_ygfT_predicted,1.4615384615384615,30,12,TCGCTAACACGTGAAAAGGA,18,4903736
ygfS_ygfT_predicted,2.1538461538461537,39,12,TATGCGTCCTATAGCTCCCA,27,4923556
ygfS_ygfT_predicted,1.1538461538461537,26,12,TACAGAGCGGTAAACAGTAT,14,4901476
ygfS_ygfT_predicted,1.3076923076923077,28,12,TAAGTTTTAGGTTCTTGGTA,16,4910078
ygfS_ygfT_predicted,4.923076923076923,75,12,GTTTCCTGACGTCCTAGTTT,63,4922989
ygfS_ygfT_predicted,1.2307692307692308,27,12,GTGGACCTTGGGACGAGCCC,15,4914356
ygfS_ygfT_predicted,3.769230769230769,60,12,GTCAACAATCCAACGGCCAA,48,4918632
ygfS_ygfT_predicted,1.9230769230769231,36,12,GTACTCTGCCTCACAATGTA,24,4931108
ygfS_ygfT_predicted,4.0,63,12,GTACCCCGCTTGCAGGTCGG,51,4917884
ygfS_ygfT_predicted,2.076923076923077,38,12,GGTTTAGAGGCTCGTTAAAG,26,4911317
ygfS_ygfT_predicted,1.6153846153846154,32,12,GGTAGACGGCCCTTGGCAAA,20,4922004
ygfS_ygfT_predicted,2.6153846153846154,45,12,GGGTCGCTTCGCCTATGGGG,33,4909780
ygfS_ygfT_predicted,1.3076923076923077,28,12,GGGAGTAGTCCCTCCCTATT,16,4931090
ygfS_ygfT_predicted,0.6923076923076923,20,12,GGCACAACTGAGCTTCACGA,8,4904486
ygfS_ygfT_predicted,0.5384615384615384,18,12,GGAGGAATGTAACCAGATGC,6,4901011
ygfS_ygfT_predicted,2.0,37,12,GGAGGAACTCTGCACGTCAT,25,4905413
ygfS_ygfT_predicted,7.076923076923077,103,12,GCTTGGATGCGTGATCCTGT,91,4929452
ygfS_ygfT_predicted,2.5384615384615383,44,12,GCGTTACTAAGTCTTGCGCC,32,4921440
ygfS_ygfT_predicted,1.3846153846153846,29,12,GCGTGGAGGCGTTATCCTCG,17,4925967
ygfS_ygfT_predicted,0.46153846153846156,17,12,GCCTGATGAGACGGAAACCT,5,4904594
ygfS_ygfT_predicted,2.0,37,12,GCATCCGACGTTAGCAGGTA,25,4900618
ygfS_ygfT_predicted,2.230769230769231,40,12,GCAGCTTCCATATCTTTGAT,28,4914682
ygfS_ygfT_predicted,0.38461538461538464,16,12,GCACATACAAATAGTTGACT,4,4917043
ygfS_ygfT_predicted,2.8461538461538463,48,12,GATGTATCGCTCCGATTTAG,36,4910925
ygfS_ygfT_predicted,0.9230769230769231,23,12,GATGGCTCTCCTATGGCACA,11,4903428
ygfS_ygfT_predicted,2.1538461538461537,39,12,GATCGAGGCCGACTGGTGAA,27,4900504
ygfS_ygfT_predicted,0.23076923076923078,14,12,GATACTTCCGAAGGTCGTCT,2,4909826
ygfS_ygfT_predicted,0.3076923076923077,15,12,GAGTAACGTTGACTCGTGCC,3,4928043
ygfS_ygfT_predicted,1.6923076923076923,33,12,GAGGTAGTCTCCTGAAACGC,21,4902006
ygfS_ygfT_predicted,0.9230769230769231,23,12,GAACCGATCTGGCATATGTA,11,4901911
ygfS_ygfT_predicted,1.3846153846153846,29,12,GAACACATGCGGATACGAGC,17,4906751
ygfS_ygfT_predicted,0.23076923076923078,14,12,CTTTCCTCGGAAATGACACA,2,4906471
ygfS_ygfT_predicted,0.23076923076923078,14,12,CTTTAGCTAGTCCACGGCTA,2,4907596
ygfS_ygfT_predicted,1.7692307692307692,34,12,CTTGGTGTCTGCGCCCTTTC,22,4903613
ygfS_ygfT_predicted,0.6923076923076923,20,12,CTTGCGTGCGAGTTTGACCG,8,4930559
ygfS_ygfT_predicted,2.3846153846153846,42,12,CTTAGCCACTGCTGGCAATT,30,4922376
ygfS_ygfT_predicted,1.2307692307692308,27,12,CTTAGAGAGAATATGGGTCA,15,4906473
ygfS_ygfT_predicted,0.15384615384615385,13,12,CTGAGTTTGCTACTTATAGT,1,4919824
ygfS_ygfT_predicted,2.8461538461538463,48,12,CTGAACTTTGCCGTATTAGT,36,4904797
ygfS_ygfT_predicted,2.4615384615384617,43,12,CTCTAAATGGGAACAGGAAT,31,4912477
ygfS_ygfT_predicted,2.3076923076923075,41,12,CTCAGCGGCCTGACGCCAGA,29,4914166
ygfS_ygfT_predicted,1.9230769230769231,36,12,CTATAGTATTCGCCATATTA,24,4914995
ygfS_ygfT_predicted,2.6153846153846154,45,12,CGTGTCCACTATAAGAATAT,33,4908759
ygfS_ygfT_predicted,0.7692307692307693,21,12,CGGGCCTGAGTCACGCTGTA,9,4923971
ygfS_ygfT_predicted,0.15384615384615385,13,12,CGATCGCAGTTCTCACCACC,1,4917237
ygfS_ygfT_predicted,0.7692307692307693,21,12,CGAACGTAGGAGAATAAGTC,9,4920308
ygfS_ygfT_predicted,0.15384615384615385,13,12,CCTCCCGCACGGCCCCCAAC,1,4915550
ygfS_ygfT_predicted,0.38461538461538464,16,12,CCGGTCAAGAATTCTGAAGG,4,4903091
ygfS_ygfT_predicted,1.9230769230769231,36,12,CCGGGCTCAACAGTCGCCCA,24,4906071
ygfS_ygfT_predicted,0.3076923076923077,15,12,CCGGCTCGGACTCTGACGTG,3,4927252
ygfS_ygfT_predicted,0.15384615384615385,13,12,CCGGCTCAAATGAACCAAGT,1,4923483
ygfS_ygfT_predicted,1.4615384615384615,30,12,CCCGCCCGCACCGTCAAACA,18,4904186
ygfS_ygfT_predicted,1.8461538461538463,35,12,CCCCGGAAACAAGATACGTT,23,4911079
ygfS_ygfT_predicted,1.0,24,12,CCCACAAATCTGTATAGCTA,12,4925724
ygfS_ygfT_predicted,3.0,50,12,CATTATTCATTACGTTACCT,38,4926048
ygfS_ygfT_predicted,1.4615384615384615,30,12,CATTAGGGACGCAACCAGTA,18,4905894
ygfS_ygfT_predicted,2.1538461538461537,39,12,CAGATGGTTCTCCGTTCAAT,27,4899872
ygfS_ygfT_predicted,3.769230769230769,60,12,CAGACAACGCGGACCAGCAG,48,4930554
ygfS_ygfT_predicted,1.6923076923076923,33,12,CAATGGGTGGACTTGCAGGA,21,4921321
ygfS_ygfT_predicted,1.1538461538461537,26,12,CAAATCCCGGAATCGTAATA,14,4914189
ygfS_ygfT_predicted,2.3846153846153846,42,12,ATTTTGTGAGTGTGTATAAG,30,4915893
ygfS_ygfT_predicted,0.3076923076923077,15,12,ATGGCTTGCCTTAGAAATAC,3,4901680
ygfS_ygfT_predicted,2.4615384615384617,43,12,ATGACCACCCCGAGGTTCAT,31,4911435
ygfS_ygfT_predicted,0.9230769230769231,23,12,ATCGACCAATCATTACCATT,11,4904471
ygfS_ygfT_predicted,0.9230769230769231,23,12,ATACGACTCTGGGACCGAAT,11,4926125
ygfS_ygfT_predicted,0.8461538461538461,22,12,ATAAAACGGGTGGACGTAGA,10,4926457
ygfS_ygfT_predicted,0.6153846153846154,19,12,AGTTCAAATCTCAAAAATGT,7,4901403
ygfS_ygfT_predicted,1.0,24,12,AGTGGCTGTATAGAATGAGA,12,4929764
ygfS_ygfT_predicted,8.076923076923077,116,12,AGGGACTGAGGACACTTAAA,104,4912483
ygfS_ygfT_predicted,4.3076923076923075,67,12,AGGGACATTTCATCCAGCAG,55,4926936
ygfS_ygfT_predicted,2.3076923076923075,41,12,AGGAAGAGGTTGCGAGACGG,29,4905425
ygfS_ygfT_predicted,2.3846153846153846,42,12,AGATGAGCTGGCTCTCCTTG,30,4911986
ygfS_ygfT_predicted,0.9230769230769231,23,12,AGAGAATCTGGTAACGGGAA,11,4919444
ygfS_ygfT_predicted,0.9230769230769231,23,12,AGACCTTCGTCTTAAGTACG,11,4931454
ygfS_ygfT_predicted,1.6923076923076923,33,12,ACTGATTTATCCTACACCTA,21,4900172
ygfS_ygfT_predicted,2.1538461538461537,39,12,ACTCTGATCATACGCCTTCA,27,4915546
ygfS_ygfT_predicted,0.9230769230769231,23,12,ACTCTAGATCTATCTCGAAA,11,4905593
ygfS_ygfT_predicted,0.6923076923076923,20,12,ACGAAAGTAGTTCGCCCGGT,8,4922149
ygfS_ygfT_predicted,2.0,37,12,ACCCAGAGAGGTCTGTGACT,25,4913564
ygfS_ygfT_predicted,1.0769230769230769,25,12,AATTAGTCAAATAGGTTTAT,13,4931360
ygfS_ygfT_predicted,3.0,50,12,AATCGCTATTGGGATGAGTG,38,4918255
ygfS_ygfT_predicted,1.3076923076923077,28,12,AATATGCTTCGGCACGTATT,16,4903684
ygfS_ygfT_predicted,0.3076923076923077,15,12,AAGTCACGAGAGGTTCTAAA,3,4910586
ygfS_ygfT_predicted,1.5384615384615385,31,12,AAGCGAACCTACTCTGATCG,19,4913523
ygfS_ygfT_predicted,0.6153846153846154,19,12,AAGAGGATTAGGGTGTAGCT,7,4908387
ygfS_ygfT_predicted,0.9230769230769231,23,12,AAGAGATGCCCGGTTAACTA,11,4928654
ygfS_ygfT_predicted,1.0,24,12,AACTGTGAGACCAAGTTATA,12,4905324
ygfS_ygfT_predicted,0.3076923076923077,15,12,AACTCCCGTGAAAGACACAG,3,4907515
ygfS_ygfT_predicted,1.3846153846153846,29,12,AACAATAGCCATGGACTCCA,17,4913203
ygfS_ygfT_predicted,1.75,31,11,TTTGTCTACAATATTCTCGG,20,4925549
ygfS_ygfT_predicted,0.9166666666666666,21,11,TTGGCATGCATTAGTTCGTT,10,4903650
ygfS_ygfT_predicted,3.25,49,11,TTGCCGCCATCAGCTGACCG,38,4913518
ygfS_ygfT_predicted,6.25,85,11,TTCACTTTGTAACACCGCTA,74,4910502
ygfS_ygfT_predicted,1.9166666666666667,33,11,TTAGCGTTCCATATAGAGAT,22,4912190
ygfS_ygfT_predicted,2.3333333333333335,38,11,TGTCTCGGATAAGGCGACCT,27,4914745
ygfS_ygfT_predicted,0.16666666666666666,12,11,TGGCAATACATTTTTACTCT,1,4910070
ygfS_ygfT_predicted,0.16666666666666666,12,11,TGCAACCCATCGTGCGAACC,1,4908288
ygfS_ygfT_predicted,2.8333333333333335,44,11,TCTCGGAGGTCATGACCCGA,33,4928868
ygfS_ygfT_predicted,0.16666666666666666,12,11,TCTACCGTACCCCCTAACTC,1,4907844
ygfS_ygfT_predicted,2.1666666666666665,36,11,TCGTGCGAGCCCCAACTTCA,25,4908057
ygfS_ygfT_predicted,2.75,43,11,TCGGTTGAATGAGATGGTGA,32,4920769
ygfS_ygfT_predicted,1.6666666666666667,30,11,TCCCGCAACTTCTTTTTCTA,19,4908556
ygfS_ygfT_predicted,0.16666666666666666,12,11,TCCAGCTTCTAGAACCTGCA,1,4917415
ygfS_ygfT_predicted,2.25,37,11,TCATAGCCACATGCTCAATG,26,4929407
ygfS_ygfT_predicted,2.25,37,11,TCAGCGCCCGTTGCACTGAA,26,4916804
ygfS_ygfT_predicted,0.6666666666666666,18,11,TCAATGCGAGACGTTTTTAG,7,4925956
ygfS_ygfT_predicted,0.5833333333333334,17,11,TATGGTAATTTAAACAGCGT,6,4923892
ygfS_ygfT_predicted,1.8333333333333333,32,11,TATCATTGCTCACGCAGTCC,21,4915408
ygfS_ygfT_predicted,0.16666666666666666,12,11,TACGTCAGCCGCTAGAATGG,1,4923054
ygfS_ygfT_predicted,2.25,37,11,TAAGGCCCAAAGGGTTTAGA,26,4904090
ygfS_ygfT_predicted,1.0833333333333333,23,11,TAACGCACCGGCTAGGCGCC,12,4901171
ygfS_ygfT_predicted,2.8333333333333335,44,11,GTTAGACTCCTGTCCGCCAA,33,4904883
ygfS_ygfT_predicted,1.0833333333333333,23,11,GTGTAGCCTGACGCCCCTAA,12,4926259
ygfS_ygfT_predicted,1.1666666666666667,24,11,GTGGGCAGGAACGGAAAAGT,13,4926580
ygfS_ygfT_predicted,2.3333333333333335,38,11,GTGCCACTTTATCGACGCGA,27,4900198
ygfS_ygfT_predicted,0.8333333333333334,20,11,GTGAGCCGGCCTCGCTGTGC,9,4919659
ygfS_ygfT_predicted,4.5,64,11,GTCGTACCAAAAGGAGATAG,53,4910492
ygfS_ygfT_predicted,0.16666666666666666,12,11,GTATGGAGGTTGATGCATAA,1,4919374
ygfS_ygfT_predicted,1.9166666666666667,33,11,GTATCATGCTACTTCAGAAG,22,4909184
ygfS_ygfT_predicted,3.25,49,11,GGGCGCTAAATACTATGGCC,38,4908714
ygfS_ygfT_predicted,2.25,37,11,GGGAGAGGATACTCGTTTGT,26,4915647
ygfS_ygfT_predicted,1.5833333333333333,29,11,GGATAGGTGGATCCGCCATA,18,4925168
ygfS_ygfT_predicted,1.0,22,11,GGAGATGTGCGATTACGGGA,11,4914585
ygfS_ygfT_predicted,2.4166666666666665,39,11,GGAGACAATACTCTGGGGAG,28,4906854
ygfS_ygfT_predicted,1.75,31,11,GGACCGGAACGATTCAAGAA,20,4930329
ygfS_ygfT_predicted,1.75,31,11,GCGTGTCATCGTGTAGCTAT,20,4924347
ygfS_ygfT_predicted,0.16666666666666666,12,11,GCGGTAAAATTTCCGTCTTG,1,4914865
ygfS_ygfT_predicted,1.75,31,11,GCGGCTAGTCCGGCTACCAG,20,4924138
ygfS_ygfT_predicted,1.0833333333333333,23,11,GCCTGATTAAAACAGTAGTA,12,4911128
ygfS_ygfT_predicted,2.0833333333333335,35,11,GCCGTCCAGCACATTTGTTT,24,4923297
ygfS_ygfT_predicted,1.75,31,11,GCCATTGGACTAATATCAAG,20,4913978
ygfS_ygfT_predicted,0.25,13,11,GCACTTCTTTAGTATGGCCG,2,4909719
ygfS_ygfT_predicted,2.1666666666666665,36,11,GATGACATCACTGTACAGTG,25,4908921
ygfS_ygfT_predicted,0.16666666666666666,12,11,GATACTTTATTACGGTCATA,1,4928758
ygfS_ygfT_predicted,2.3333333333333335,38,11,GATAAGAATGGTCGTGTTCC,27,4921807
ygfS_ygfT_predicted,0.8333333333333334,20,11,GAGGTCTTGCGTCGATACGG,9,4925408
ygfS_ygfT_predicted,4.75,67,11,GAGGAATCACGTGGGGCATA,56,4911544
ygfS_ygfT_predicted,1.5,28,11,GAGCCTAGATCACGTCATTT,17,4913591
ygfS_ygfT_predicted,1.75,31,11,GACATGCTGCAGATAAATTG,20,4927707
ygfS_ygfT_predicted,0.3333333333333333,14,11,GAACCGTGCTGACAAACATT,3,4922705
ygfS_ygfT_predicted,1.25,25,11,GAAACTATGCCAAGGACGTT,14,4906201
ygfS_ygfT_predicted,1.5,28,11,CTTTAGCCATGTGGACTTGG,17,4913297
ygfS_ygfT_predicted,2.6666666666666665,42,11,CTGGGTTACACTATGGCCGA,31,4910662
ygfS_ygfT_predicted,0.5,16,11,CTGATGTCTGCTGGACGCTC,5,4930688
ygfS_ygfT_predicted,1.0,22,11,CTCTTCCGTCAGTAGGGCGA,11,4911146
ygfS_ygfT_predicted,0.4166666666666667,15,11,CTCGGGAGGTGTATACAGAA,4,4909449
ygfS_ygfT_predicted,0.5833333333333334,17,11,CTAGCTCTGCGATGTCTTTA,6,4930438
ygfS_ygfT_predicted,3.8333333333333335,56,11,CTAGAAGATCTCCACATCAT,45,4926609
ygfS_ygfT_predicted,0.5833333333333334,17,11,CGTGGAGGGCAAGTCTGATA,6,4920566
ygfS_ygfT_predicted,4.0,58,11,CGGGGGACGCGACCAAATCT,47,4902217
ygfS_ygfT_predicted,1.5,28,11,CGGGACGACACTTCAGACCT,17,4903443
ygfS_ygfT_predicted,1.5,28,11,CGGCCACCAAGCCCAACGGA,17,4905947
ygfS_ygfT_predicted,1.5833333333333333,29,11,CGCAGTCTCTAACGGTTTTA,18,4924830
ygfS_ygfT_predicted,1.4166666666666667,27,11,CGAGCGATCCTGCTTCAGCA,16,4914701
ygfS_ygfT_predicted,1.6666666666666667,30,11,CCTGTATGGCTAGACCGGCC,19,4907303
ygfS_ygfT_predicted,1.8333333333333333,32,11,CCTAGGGCGCGCCGGTCTAA,21,4919105
ygfS_ygfT_predicted,3.0,46,11,CCGGTTGAGCAACGCGGCGA,35,4907805
ygfS_ygfT_predicted,0.4166666666666667,15,11,CCGCATATCTAGTTAGTGAC,4,4926461
ygfS_ygfT_predicted,1.75,31,11,CATGGGAAAGCACATCGCTA,20,4925537
ygfS_ygfT_predicted,1.5833333333333333,29,11,CAGTAATTATCCGAGGTGAT,18,4917252
ygfS_ygfT_predicted,0.16666666666666666,12,11,CAGATGACTAGCTAGGACAG,1,4904309
ygfS_ygfT_predicted,0.3333333333333333,14,11,CACGTGTCGAACTTTAGCCT,3,4902563
ygfS_ygfT_predicted,0.9166666666666666,21,11,CACGGGGCCTGGCGCTTCTA,10,4916004
ygfS_ygfT_predicted,1.3333333333333333,26,11,CACATAAATGTCCAAAAGGT,15,4907510
ygfS_ygfT_predicted,2.8333333333333335,44,11,CAAGTTCTCACGGAAAAACA,33,4905223
ygfS_ygfT_predicted,0.8333333333333334,20,11,ATTGTGGGGCCTATAGACAG,9,4915903
ygfS_ygfT_predicted,1.3333333333333333,26,11,ATTGTAGCCTACTCGCTAAC,15,4902588
ygfS_ygfT_predicted,0.16666666666666666,12,11,ATGCTGCGCACCGGAGCACT,1,4927099
ygfS_ygfT_predicted,0.16666666666666666,12,11,ATGAACCGCATCACATCATT,1,4899686
ygfS_ygfT_predicted,2.0,34,11,ATCGACGCGTTCGCCGGGAC,23,4921235
ygfS_ygfT_predicted,0.8333333333333334,20,11,ATCCTTACGTACTATTCCTC,9,4917356
ygfS_ygfT_predicted,0.16666666666666666,12,11,ATCCGCTAAGAGGGCGTGCG,1,4924599
ygfS_ygfT_predicted,1.0,22,11,ATCCCGTTTATATCGACCGT,11,4904764
ygfS_ygfT_predicted,1.9166666666666667,33,11,ATATGGTCAGCGACTTTCTA,22,4916392
ygfS_ygfT_predicted,1.4166666666666667,27,11,ATAGTACCTTCCGCTGGCTA,16,4921154
ygfS_ygfT_predicted,2.6666666666666665,42,11,ATAACGTGGTAACGTTTATT,31,4915141
ygfS_ygfT_predicted,2.4166666666666665,39,11,AGTTGTTTCGTGGGGTAAAT,28,4903791
ygfS_ygfT_predicted,1.75,31,11,AGTAGGGCGTGGTTCTTTCT,20,4903412
ygfS_ygfT_predicted,0.25,13,11,AGGCATCTGAACTGCGTCAT,2,4914523
ygfS_ygfT_predicted,0.5,16,11,AGCATCTCCCCCGGCTGGTA,5,4915476
ygfS_ygfT_predicted,0.9166666666666666,21,11,AGAAATCCATCCGACATTAT,10,4907119
ygfS_ygfT_predicted,1.0,22,11,ACTTTCTGCCTCGCACGTAT,11,4915815
ygfS_ygfT_predicted,0.16666666666666666,12,11,ACTACCACCCGCCCTTAGGC,1,4925365
ygfS_ygfT_predicted,2.6666666666666665,42,11,ACTAAGCAAATAAATAGCAT,31,4925982
ygfS_ygfT_predicted,0.5,16,11,ACGCTGCAGACACCTTGGTG,5,4911283
ygfS_ygfT_predicted,1.5,28,11,ACCGGGCGCGCCGATACTTT,17,4921829
ygfS_ygfT_predicted,0.6666666666666666,18,11,ACCAAGGCAGAGGTGGACCG,7,4909180
ygfS_ygfT_predicted,1.0833333333333333,23,11,AAGTGTTCGGCCTTAATAGG,12,4929761
ygfS_ygfT_predicted,0.16666666666666666,12,11,AAGGAAGTGGCATACCCCGG,1,4911042
ygfS_ygfT_predicted,0.5833333333333334,17,11,AAACGGCCTCGGATCCTGCA,6,4922033
ygfS_ygfT_predicted,0.45454545454545453,14,10,TTTTGCGGCCACTACTTCTT,4,4922420
ygfS_ygfT_predicted,3.727272727272727,50,10,TTTCAAACCGCCAGAGGGAG,40,4904623
ygfS_ygfT_predicted,0.9090909090909091,19,10,TTTATTAAGGTCTATTTACG,9,4901127
ygfS_ygfT_predicted,2.6363636363636362,38,10,TTGGGACTCCGTAATGTGTG,28,4911584
ygfS_ygfT_predicted,0.9090909090909091,19,10,TGTCCGAGTGATTAGCCACG,9,4923870
ygfS_ygfT_predicted,1.8181818181818181,29,10,TGGTTCCTGATCAATCGTCA,19,4923388
ygfS_ygfT_predicted,1.0909090909090908,21,10,TGCGGGCATCGACAAGAACA,11,4925092
ygfS_ygfT_predicted,2.8181818181818183,40,10,TCGACCATGGGTACGCATTG,30,4907481
ygfS_ygfT_predicted,0.6363636363636364,16,10,TCCTCCCCCATCGCCACATT,6,4909017
ygfS_ygfT_predicted,5.363636363636363,68,10,TCCATGTTGGAAGTACGATC,58,4926537
ygfS_ygfT_predicted,0.9090909090909091,19,10,TCAACGAAGCCATGCTAGCA,9,4900804
ygfS_ygfT_predicted,0.18181818181818182,11,10,TATTAAAAACGCGTCTATCG,1,4917795
ygfS_ygfT_predicted,2.0,31,10,TATGAACGCTTACCCGCCAG,21,4927755
ygfS_ygfT_predicted,3.1818181818181817,44,10,TATCTCGTGCCGTTATTTTT,34,4911153
ygfS_ygfT_predicted,5.818181818181818,73,10,TAACAAGGGGGGTCTATTAG,63,4923793
ygfS_ygfT_predicted,2.1818181818181817,33,10,TAAATCCCATGCTGGTATGA,23,4910187
ygfS_ygfT_predicted,4.2727272727272725,56,10,TAAAAGCAGTTTTACCATAA,46,4911542
ygfS_ygfT_predicted,2.5454545454545454,37,10,GTTTGGCATCGCGACCGGTT,27,4903988
ygfS_ygfT_predicted,0.5454545454545454,15,10,GTTATCCTTTCCTATGTATG,5,4926649
ygfS_ygfT_predicted,1.5454545454545454,26,10,GTGACCTTTGCAAGTTATTC,16,4900483
ygfS_ygfT_predicted,1.6363636363636365,27,10,GTACATGTCAGGCTCATGTG,17,4929734
ygfS_ygfT_predicted,5.636363636363637,71,10,GTAAAGGAGGAATTACCTAG,61,4916543
ygfS_ygfT_predicted,2.0,31,10,GGTGTAGGGTCTGAGCTTCA,21,4921466
ygfS_ygfT_predicted,1.1818181818181819,22,10,GGTATATTGCGCCACTCATA,12,4903001
ygfS_ygfT_predicted,0.18181818181818182,11,10,GGGCAACTTGGGATCGTTTA,1,4929646
ygfS_ygfT_predicted,2.0,31,10,GGGACCACAATTCACATGGA,21,4908652
ygfS_ygfT_predicted,2.3636363636363638,35,10,GGCATTCCTTAGTAAATACC,25,4905594
ygfS_ygfT_predicted,0.9090909090909091,19,10,GGACCAGTACTGATAATATA,9,4917805
ygfS_ygfT_predicted,1.8181818181818181,29,10,GGAAACCAGGATGTCCAGAT,19,4914115
ygfS_ygfT_predicted,1.5454545454545454,26,10,GCTGGGGGCTTTCCACGACC,16,4908662
ygfS_ygfT_predicted,1.1818181818181819,22,10,GCGTGCTAGGAGTCATGACT,12,4928712
ygfS_ygfT_predicted,0.18181818181818182,11,10,GCGGCCCTGGCGCTTAGTAC,1,4922075
ygfS_ygfT_predicted,0.45454545454545453,14,10,GCGGCCAGGACCGGATCGAC,4,4925480
ygfS_ygfT_predicted,1.7272727272727273,28,10,GCCAAAGTGGGCCGTTTATT,18,4905617
ygfS_ygfT_predicted,2.4545454545454546,36,10,GCATGTGGCTCTACCCACTA,26,4927100
ygfS_ygfT_predicted,1.6363636363636365,27,10,GATTGATCGAGGGGCGCAAA,17,4917873
ygfS_ygfT_predicted,1.5454545454545454,26,10,GATATCTAGCAGCCCGCTGT,16,4912896
ygfS_ygfT_predicted,1.5454545454545454,26,10,GATAAGAAGGCGTAAAGACG,16,4912050
ygfS_ygfT_predicted,3.3636363636363638,46,10,GAGTACTCCTGATAGTTGGA,36,4917181
ygfS_ygfT_predicted,1.3636363636363635,24,10,GAGGTTGTTATAGGACGGTT,14,4909303
ygfS_ygfT_predicted,1.0909090909090908,21,10,GAGAACCTCCATGGACAGTA,11,4920698
ygfS_ygfT_predicted,2.0,31,10,GACGGGATGCCCACAACACA,21,4907071
ygfS_ygfT_predicted,3.1818181818181817,44,10,GACAAAGACCTATAAGGTTG,34,4908477
ygfS_ygfT_predicted,3.3636363636363638,46,10,CTTTGGTGTTCTATTTCGCG,36,4904266
ygfS_ygfT_predicted,1.1818181818181819,22,10,CTTGTCGTGAAAGTGCACCA,12,4919994
ygfS_ygfT_predicted,1.9090909090909092,30,10,CTGACAGCATGGCTAACTTG,20,4906790
ygfS_ygfT_predicted,1.0909090909090908,21,10,CTCCTCAGACCGCTTCTGAG,11,4930138
ygfS_ygfT_predicted,1.0909090909090908,21,10,CTAGTTGAAGGAGGATCCGA,11,4916105
ygfS_ygfT_predicted,0.2727272727272727,12,10,CGTTGGCTATGTATCCCGCA,2,4900779
ygfS_ygfT_predicted,1.5454545454545454,26,10,CGCTGAAGACATTTTTTAAA,16,4904385
ygfS_ygfT_predicted,0.2727272727272727,12,10,CGAGTATTTTTTGCATAATA,2,4921380
ygfS_ygfT_predicted,1.1818181818181819,22,10,CGAGGTATTCGTAGGGGAGC,12,4928142
ygfS_ygfT_predicted,3.909090909090909,52,10,CCTCGCGTGTGGCGTTTAAA,42,4914580
ygfS_ygfT_predicted,0.18181818181818182,11,10,CCTCAGCAAAAGTAGCCGTT,1,4903819
ygfS_ygfT_predicted,1.6363636363636365,27,10,CCCAAACTCGAGATCTCTTA,17,4902612
ygfS_ygfT_predicted,2.090909090909091,32,10,CCAGTAGACGTTCCAGAATG,22,4925812
ygfS_ygfT_predicted,2.909090909090909,41,10,CCACTCCATCTAACATCAGT,31,4923852
ygfS_ygfT_predicted,1.1818181818181819,22,10,CCAATTAGGACGCTAGCGTA,12,4919511
ygfS_ygfT_predicted,3.5454545454545454,48,10,CCAAGTCCTATGCCCGACAC,38,4914950
ygfS_ygfT_predicted,1.9090909090909092,30,10,CCAACCAAGACTGACGGTTC,20,4903377
ygfS_ygfT_predicted,1.0909090909090908,21,10,CATGTATAGAGGGGCAGCAT,11,4921721
ygfS_ygfT_predicted,0.18181818181818182,11,10,CAGACATATTGACATTATGA,1,4931283
ygfS_ygfT_predicted,0.18181818181818182,11,10,ATTTCAACAAGGTTGGCCGA,1,4911005
ygfS_ygfT_predicted,1.4545454545454546,25,10,ATTCGGAGTACGGCAGACGA,15,4901157
ygfS_ygfT_predicted,1.0909090909090908,21,10,ATTCGCTATCGCGCGCATAC,11,4900859
ygfS_ygfT_predicted,1.4545454545454546,25,10,ATTCGCGAGGTGGCAAATCA,15,4924118
ygfS_ygfT_predicted,0.18181818181818182,11,10,ATGTGAAAATATAGGAACGG,1,4923841
ygfS_ygfT_predicted,1.2727272727272727,23,10,ATGTCAACGGGGGCTCCAAT,13,4912978
ygfS_ygfT_predicted,0.18181818181818182,11,10,ATGGTGGCTCTCGCGTGCTG,1,4925320
ygfS_ygfT_predicted,0.6363636363636364,16,10,ATGCGGAGGTAGACAAACGT,6,4905890
ygfS_ygfT_predicted,2.3636363636363638,35,10,ATGACGGTAGTCCGTCAGCA,25,4928421
ygfS_ygfT_predicted,1.0,20,10,ATGAACTATGCGGCGGTCCG,10,4919811
ygfS_ygfT_predicted,12.272727272727273,144,10,ATCTAGCCCGGCCCGACAGC,134,4906750
ygfS_ygfT_predicted,2.4545454545454546,36,10,ATCGGTTCCCTCCTACACAG,26,4924669
ygfS_ygfT_predicted,1.3636363636363635,24,10,ATCGCAGAAAGGACAGTTCT,14,4914185
ygfS_ygfT_predicted,0.18181818181818182,11,10,ATCCTTTCCTTATCATCGAA,1,4902863
ygfS_ygfT_predicted,1.0,20,10,ATCCGTGTCCACTGGCGAGA,10,4919593
ygfS_ygfT_predicted,0.7272727272727273,17,10,ATCAACTTACCCTGCTTCAC,7,4904294
ygfS_ygfT_predicted,2.090909090909091,32,10,ATATCCTCCGTAGGCAGAGT,22,4927476
ygfS_ygfT_predicted,0.18181818181818182,11,10,AGTTCCTGTTACCGCGGTCG,1,4912220
ygfS_ygfT_predicted,2.0,31,10,AGGAGGCCGGTAACTTGAAA,21,4907969
ygfS_ygfT_predicted,3.1818181818181817,44,10,ACGTCGAATTCACCACTGGC,34,4920675
ygfS_ygfT_predicted,4.454545454545454,58,10,ACCGACAAGGCCGGCAGACC,48,4919545
ygfS_ygfT_predicted,3.5454545454545454,48,10,ACCCGTCCGAATTTGCACTT,38,4922969
ygfS_ygfT_predicted,0.5454545454545454,15,10,ACAGATCTAGTAACGACTGT,5,4900303
ygfS_ygfT_predicted,0.45454545454545453,14,10,AATGGCCTTCGTATTCTATG,4,4929105
ygfS_ygfT_predicted,0.18181818181818182,11,10,AATGATTAATTCAACCGTGC,1,4929149
ygfS_ygfT_predicted,1.9090909090909092,30,10,AAGTCTGTAGCTGACGGTGT,20,4923965
ygfS_ygfT_predicted,0.5454545454545454,15,10,AACCCATCAAATTTGTACCT,5,4914602
ygfS_ygfT_predicted,1.5454545454545454,26,10,AAAGATCAGTGCCCCTACAA,16,4902565
ygfS_ygfT_predicted,2.3,31,9,TTTTCGTATTTCAACATATG,22,4930611
ygfS_ygfT_predicted,4.0,48,9,TTTTAACGTCGAGAAGACGA,39,4930346
ygfS_ygfT_predicted,1.5,23,9,TTTGTGGTGGTCTTACAGGA,14,4913282
ygfS_ygfT_predicted,2.6,34,9,TTTGGTAAAGCCTAACCCGG,25,4927635
ygfS_ygfT_predicted,2.2,30,9,TTGTTTCATCATACCGTTAC,21,4912729
ygfS_ygfT_predicted,0.4,12,9,TTGTAGGAAGTCCCGCATTG,3,4900732
ygfS_ygfT_predicted,0.8,16,9,TTGTAGCCCAGACTGCTGTT,7,4917471
ygfS_ygfT_predicted,1.5,23,9,TTGGTGCTGCAGGAAAACCA,14,4903667
ygfS_ygfT_predicted,3.6,44,9,TTGCGGTGTGTCCATGATGG,35,4922590
ygfS_ygfT_predicted,0.2,10,9,TTATACCAAATAGCGCGTAT,1,4912324
ygfS_ygfT_predicted,2.8,36,9,TTAAAAGCACATCTATCGTT,27,4920868
ygfS_ygfT_predicted,0.2,10,9,TGGCAAGTTACCACCTACGT,1,4899942
ygfS_ygfT_predicted,1.3,21,9,TGCAGGCGCACTATAGTGAT,12,4924796
ygfS_ygfT_predicted,1.6,24,9,TGATAGACTCGTAAGGGGTT,15,4904962
ygfS_ygfT_predicted,0.6,14,9,TCTGAGACTAAGGGTGGATC,5,4908884
ygfS_ygfT_predicted,2.5,33,9,TCGTGACTTACAAATATTCC,24,4904283
ygfS_ygfT_predicted,3.5,43,9,TCGACTGTGACCTCTGTCAC,34,4923714
ygfS_ygfT_predicted,0.2,10,9,TCGAATCGACAGCATACGCA,1,4926791
ygfS_ygfT_predicted,2.5,33,9,TCCCTTATCAGGGTACAGGC,24,4926542
ygfS_ygfT_predicted,3.2,40,9,TCCAAGGTAACCCGAAGAAC,31,4927831
ygfS_ygfT_predicted,0.6,14,9,TCAACGCGACGCCCCAGTCC,5,4910582
ygfS_ygfT_predicted,0.2,10,9,TATAGGAGCTATGTCCAACG,1,4927413
ygfS_ygfT_predicted,0.2,10,9,TAATGCACGGATCAACCACG,1,4904710
ygfS_ygfT_predicted,1.6,24,9,TAATAAGAGAACCGGTAAGT,15,4907233
ygfS_ygfT_predicted,2.3,31,9,GTGTCGGGAAACTAGCGGGT,22,4910573
ygfS_ygfT_predicted,0.2,10,9,GTGAGCAGCGTTGGGTCATA,1,4928628
ygfS_ygfT_predicted,1.9,27,9,GGTCTTGTTGCACTCTGGGT,18,4914003
ygfS_ygfT_predicted,2.1,29,9,GGGTTTGAAGATCGTCACTC,20,4906309
ygfS_ygfT_predicted,0.2,10,9,GGGGCGGAAGGGACACCAAT,1,4901741
ygfS_ygfT_predicted,1.5,23,9,GGGGCACGGAGTAAAGCGGG,14,4904787
ygfS_ygfT_predicted,1.6,24,9,GGGCAAAATCCTACTAAAGA,15,4901350
ygfS_ygfT_predicted,1.7,25,9,GGGAGATATACGTAAAGCTG,16,4902988
ygfS_ygfT_predicted,1.8,26,9,GGGACAATCTGCGTGTTTTT,17,4923982
ygfS_ygfT_predicted,1.4,22,9,GGCGCCACTAATGATATCTA,13,4926121
ygfS_ygfT_predicted,0.8,16,9,GGAGCTGGGCATCAACACGA,7,4903909
ygfS_ygfT_predicted,1.2,20,9,GCGTCACGACGATACGGGTT,11,4904147
ygfS_ygfT_predicted,3.4,42,9,GCGCAAAATCACATCTCGGA,33,4905230
ygfS_ygfT_predicted,2.8,36,9,GCACGGTCAGGGTCTGCAAA,27,4931026
ygfS_ygfT_predicted,1.6,24,9,GCACGAATGCTATATTTCGG,15,4900176
ygfS_ygfT_predicted,0.2,10,9,GCAACCCCGCGGGTAGAACA,1,4917056
ygfS_ygfT_predicted,1.8,26,9,GCAAACGTCTGCTATGTCCC,17,4926881
ygfS_ygfT_predicted,1.2,20,9,GAGCTCAACTACTTGACGTT,11,4923791
ygfS_ygfT_predicted,2.8,36,9,GAGCCTGACCGCATTAAATA,27,4900934
ygfS_ygfT_predicted,0.7,15,9,GACTGTCAATCAATGTTTAA,6,4908937
ygfS_ygfT_predicted,2.0,28,9,GAATGCCCACCGGTGGGCCA,19,4911553
ygfS_ygfT_predicted,0.2,10,9,CTTTGGCGCTAGCCCTACAT,1,4921234
ygfS_ygfT_predicted,1.4,22,9,CTTGGGATGGCTTTTCTCAA,13,4908061
ygfS_ygfT_predicted,2.3,31,9,CTTGAGGATCGTACAGCCGT,22,4902497
ygfS_ygfT_predicted,3.2,40,9,CTTACACGAGCTCCTCCTAC,31,4916436
ygfS_ygfT_predicted,1.6,24,9,CTGGATTGACGTGTTTGTTA,15,4922320
ygfS_ygfT_predicted,0.2,10,9,CTCTATTTCCTTGGGTTATG,1,4925664
ygfS_ygfT_predicted,3.2,40,9,CTATTTCAGTAAATGGTCCT,31,4910129
ygfS_ygfT_predicted,1.9,27,9,CTATTATTGGCTACAGCGTA,18,4912342
ygfS_ygfT_predicted,0.4,12,9,CTATGGTCATACAGGCTGAA,3,4914450
ygfS_ygfT_predicted,1.2,20,9,CTAGGAACAGCCGGACAGTT,11,4903711
ygfS_ygfT_predicted,0.5,13,9,CTACGATACTGACGAGGTCA,4,4920484
ygfS_ygfT_predicted,0.3,11,9,CGGACCGAGTACTCTGTTAT,2,4916296
ygfS_ygfT_predicted,1.5,23,9,CGCGAATACGGGCCGTCCCA,14,4913698
ygfS_ygfT_predicted,3.6,44,9,CGATCGCGGTGATGCACGGT,35,4910199
ygfS_ygfT_predicted,4.8,56,9,CGAGAATCGTTCTGACCAAC,47,4914025
ygfS_ygfT_predicted,0.2,10,9,CCTGCGATAGTAATTGGGTC,1,4901108
ygfS_ygfT_predicted,2.1,29,9,CCTACCCTCTTAAGTAAGAC,20,4910348
ygfS_ygfT_predicted,3.3,41,9,CCGTCTTTTGGGGCGGTATC,32,4918944
ygfS_ygfT_predicted,2.2,30,9,CCGGTAGTCAAGCAGTTCCA,21,4916690
ygfS_ygfT_predicted,3.7,45,9,CCGAAAGGCAATTCGATAGA,36,4922254
ygfS_ygfT_predicted,1.7,25,9,CCCTCGGGCTCCCCAACATG,16,4925134
ygfS_ygfT_predicted,0.4,12,9,CCCAAAGGAACGTACTTTCT,3,4925953
ygfS_ygfT_predicted,1.9,27,9,CCATGACGTCTGCGCCATAC,18,4908133
ygfS_ygfT_predicted,0.4,12,9,CATACAACCGTCTCTGTACA,3,4905189
ygfS_ygfT_predicted,0.7,15,9,CAGTACCGCAAGTGTTTTTA,6,4918248
ygfS_ygfT_predicted,1.8,26,9,CAGGTATTTCGAATAGTGGG,17,4919028
ygfS_ygfT_predicted,0.4,12,9,CAGAGGAGAAAATGCGCGGA,3,4903442
ygfS_ygfT_predicted,4.6,54,9,CACTACAAATAAAGGCTTTC,45,4916541
ygfS_ygfT_predicted,0.2,10,9,CAACTTCACTTCCCCTGTCT,1,4929997
ygfS_ygfT_predicted,0.5,13,9,ATTAGCCGAAGCTCAGAAGC,4,4917010
ygfS_ygfT_predicted,0.5,13,9,ATTACGCGCGCAATTCCCCT,4,4920345
ygfS_ygfT_predicted,0.2,10,9,ATCATTTGACTTGAACCTAG,1,4905247
ygfS_ygfT_predicted,0.6,14,9,ATAACTGCTGAATAATCCTA,5,4924711
ygfS_ygfT_predicted,2.4,32,9,AGTTACCAAGTTCACAGAAG,23,4927726
ygfS_ygfT_predicted,1.2,20,9,AGTAGGTAGCGGCGCTTACG,11,4912801
ygfS_ygfT_predicted,0.2,10,9,AGATCTAGATCTAAGATGAT,1,4923052
ygfS_ygfT_predicted,2.1,29,9,AGAAAGTTCTAATCCTTCAA,20,4911663
ygfS_ygfT_predicted,3.1,39,9,ACTTCGGTTTTACGGACTCA,30,4911257
ygfS_ygfT_predicted,3.9,47,9,ACTTCCGCAGCATCTGGTTG,38,4917155
ygfS_ygfT_predicted,0.2,10,9,ACTGGATTAGTCTCACGTCT,1,4929193
ygfS_ygfT_predicted,1.0,18,9,ACGGTTCATGTCTGTTTGAT,9,4907559
ygfS_ygfT_predicted,0.2,10,9,ACCGAATCCTTTCCATCTGG,1,4901624
ygfS_ygfT_predicted,1.6,24,9,ACAGCTGTTCCTATCTTGTA,15,4928002
ygfS_ygfT_predicted,0.5,13,9,ACAATAGTGCCTCTATTTCT,4,4920589
ygfS_ygfT_predicted,3.8,46,9,AATTGGATGACTGTGTACGT,37,4901239
ygfS_ygfT_predicted,0.2,10,9,AACGTTTTGGTATCCCTATG,1,4925471
ygfS_ygfT_predicted,1.6,24,9,AAACTCGACTACACCCGGAC,15,4931225
ygfS_ygfT_predicted,1.6,24,9,AAACGACGGCTGCCTGTAGG,15,4914284
ygfS_ygfT_predicted,1.2222222222222223,18,8,TTTTCTAACTCGGCTCCATA,10,4908589
ygfS_ygfT_predicted,2.888888888888889,33,8,TTTGAGCCGATGCATGTCTG,25,4908791
ygfS_ygfT_predicted,1.3333333333333333,19,8,TTTAGCAAAGCACCGGAGGT,11,4924361
ygfS_ygfT_predicted,1.0,16,8,TTGGGAAATGATTTGGGGCA,8,4909146
ygfS_ygfT_predicted,0.5555555555555556,12,8,TTGACTTATGGCAAAGACAC,4,4909517
ygfS_ygfT_predicted,0.2222222222222222,9,8,TTGAAGGCTGCGTACGTCCA,1,4926723
ygfS_ygfT_predicted,4.555555555555555,48,8,TTCCGGAGGAAATCGTTTTC,40,4930998
ygfS_ygfT_predicted,2.2222222222222223,27,8,TTACTCCGGACAGGTTTGGC,19,4919991
ygfS_ygfT_predicted,0.2222222222222222,9,8,TTAAGGATAGCCCGATCACA,1,4923144
ygfS_ygfT_predicted,1.1111111111111112,17,8,TGTCGTTTGGACCAAGTCCT,9,4900318
ygfS_ygfT_predicted,0.8888888888888888,15,8,TGTCGTATAACGACAGCATT,7,4912743
ygfS_ygfT_predicted,0.2222222222222222,9,8,TGGTCTTGCTTCTGTAATAT,1,4930080
ygfS_ygfT_predicted,1.4444444444444444,20,8,TGGTACGGATACTCCGGGTG,12,4900977
ygfS_ygfT_predicted,10.222222222222221,99,8,TGCGGGACCACAAGGATTCG,91,4908797
ygfS_ygfT_predicted,1.0,16,8,TGATCTCAGTATGACGCAAT,8,4906357
ygfS_ygfT_predicted,1.2222222222222223,18,8,TGACATCCTTTCCTAATGAA,10,4904460
ygfS_ygfT_predicted,2.7777777777777777,32,8,TGAAAGTCCGACACAGTATT,24,4923862
ygfS_ygfT_predicted,0.4444444444444444,11,8,TCTGTACTGGCTCGCAACTC,3,4922260
ygfS_ygfT_predicted,1.3333333333333333,19,8,TCTATTAAGGTAGCGGCCAT,11,4900403
ygfS_ygfT_predicted,1.8888888888888888,24,8,TCTAAGCGGTTCCTAGGTGA,16,4922981
ygfS_ygfT_predicted,0.4444444444444444,11,8,TCGGCGGGATCGGACCCTAG,3,4903610
ygfS_ygfT_predicted,3.2222222222222223,36,8,TCGCGTGTCAGGTAGTCTTT,28,4930647
ygfS_ygfT_predicted,1.6666666666666667,22,8,TCATCTCAGGGCTGATATCT,14,4917635
ygfS_ygfT_predicted,4.111111111111111,44,8,TCAGTAGTTTTGCTAATATT,36,4915202
ygfS_ygfT_predicted,1.5555555555555556,21,8,TCACCTTCGAATTGTGTGGT,13,4917807
ygfS_ygfT_predicted,3.5555555555555554,39,8,TATCACCACGTCAGTCACTC,31,4925928
ygfS_ygfT_predicted,1.4444444444444444,20,8,TAGAAGGCTCCGTTTCCCCA,12,4927143
ygfS_ygfT_predicted,1.1111111111111112,17,8,TACGATTGTCTACAGTAGGT,9,4919681
ygfS_ygfT_predicted,2.5555555555555554,30,8,TAACTTGTTTCAATCTATAC,22,4905030
ygfS_ygfT_predicted,2.888888888888889,33,8,TAACCTGTGTGTTCAGGTCC,25,4925606
ygfS_ygfT_predicted,0.2222222222222222,9,8,TAAACGATTCTCCTAGGCCT,1,4901502
ygfS_ygfT_predicted,0.7777777777777778,14,8,GTTGTCCCGCGTCGCTAGCT,6,4922732
ygfS_ygfT_predicted,0.2222222222222222,9,8,GTTCCACCACTCGCTCCAGA,1,4904088
ygfS_ygfT_predicted,2.5555555555555554,30,8,GTGTTAACAGACACACATAA,22,4916826
ygfS_ygfT_predicted,1.3333333333333333,19,8,GTGCCCGGATGGGGGGTGGG,11,4906409
ygfS_ygfT_predicted,0.2222222222222222,9,8,GTCTGTTTTGACAGTACACA,1,4901969
ygfS_ygfT_predicted,3.3333333333333335,37,8,GGTCCGTAACTGCCAGTGGT,29,4904785
ygfS_ygfT_predicted,0.7777777777777778,14,8,GGGCAAATCGGGAAGTATGC,6,4921309
ygfS_ygfT_predicted,1.5555555555555556,21,8,GGCAGGTTGACCTCAGTGGC,13,4916560
ygfS_ygfT_predicted,1.8888888888888888,24,8,GGAACCACTTACGTATACTT,16,4902652
ygfS_ygfT_predicted,2.0,25,8,GGAAACGTGGCACTGGAGGC,17,4914364
ygfS_ygfT_predicted,0.7777777777777778,14,8,GCGGTGGTCATGCGGCAACT,6,4913886
ygfS_ygfT_predicted,0.6666666666666666,13,8,GCGCGTCACACCAGAAAGCC,5,4929254
ygfS_ygfT_predicted,0.3333333333333333,10,8,GCGACACTACCGTACGCGCG,2,4910821
ygfS_ygfT_predicted,4.222222222222222,45,8,GCCTACTAGCTATACGGGTG,37,4913859
ygfS_ygfT_predicted,4.888888888888889,51,8,GCCGCTAATTTGGCAATCAA,43,4915705
ygfS_ygfT_predicted,2.5555555555555554,30,8,GCCCTCTCCAAGATACGAGT,22,4922625
ygfS_ygfT_predicted,3.6666666666666665,40,8,GCATAGCATAGGGAGTTTTT,32,4928381
ygfS_ygfT_predicted,1.4444444444444444,20,8,GATTTGTCGAGATGAAACAG,12,4910181
ygfS_ygfT_predicted,2.4444444444444446,29,8,GATTCCCGAACGCGGCGATA,21,4912308
ygfS_ygfT_predicted,1.2222222222222223,18,8,GATGGTTGTCGAAGAAGTTG,10,4909607
ygfS_ygfT_predicted,3.111111111111111,35,8,GAGTATTGTTTGGGTCCGTA,27,4919992
ygfS_ygfT_predicted,1.7777777777777777,23,8,GACCTGGGCTGTTCGGACCC,15,4921931
ygfS_ygfT_predicted,2.7777777777777777,32,8,GACAGAGATCCTACAGCGGC,24,4901847
ygfS_ygfT_predicted,2.3333333333333335,28,8,GACAATTCTTGCGTGGCCCG,20,4904302
ygfS_ygfT_predicted,7.444444444444445,74,8,GAAGAGCTACATTGAGCCTT,66,4921265
ygfS_ygfT_predicted,0.7777777777777778,14,8,CTTTGTTCCTAGCCCATGTC,6,4903192
ygfS_ygfT_predicted,5.333333333333333,55,8,CTGTAAATTCCACTATAGGG,47,4913176
ygfS_ygfT_predicted,2.3333333333333335,28,8,CTGCTCGTTCAGCTACTTGA,20,4924044
ygfS_ygfT_predicted,5.555555555555555,57,8,CTGACCCGTGAACCGTGATA,49,4915216
ygfS_ygfT_predicted,1.0,16,8,CTAGTGCTGAGGGAGCTTCA,8,4900191
ygfS_ygfT_predicted,4.888888888888889,51,8,CGTTGATGTATACCCTGGTA,43,4903041
ygfS_ygfT_predicted,0.2222222222222222,9,8,CGTAAGCCACATGTGGTGGC,1,4929488
ygfS_ygfT_predicted,1.7777777777777777,23,8,CGGTCCCAGTGCGCCTCTCC,15,4907807
ygfS_ygfT_predicted,3.0,34,8,CGGGTAAAATGAGCAGCGTT,26,4930193
ygfS_ygfT_predicted,1.5555555555555556,21,8,CGGGCCTGATCTATATTTGT,13,4909456
ygfS_ygfT_predicted,1.6666666666666667,22,8,CGGCCCCCCCATCAGATCGC,14,4916286
ygfS_ygfT_predicted,4.111111111111111,44,8,CGCTATGCCGCATTGTAAAT,36,4904822
ygfS_ygfT_predicted,2.6666666666666665,31,8,CGCCCCTGCAGATGTATAAT,23,4922970
ygfS_ygfT_predicted,1.8888888888888888,24,8,CGATGTAATCAAGACCATGG,16,4912407
ygfS_ygfT_predicted,2.5555555555555554,30,8,CGATATTCCGGGCCGATATC,22,4927894
ygfS_ygfT_predicted,1.1111111111111112,17,8,CGACATTCTAACACCCATCT,9,4907347
ygfS_ygfT_predicted,2.888888888888889,33,8,CGAATAACGTCTAATTAAGT,25,4913799
ygfS_ygfT_predicted,0.5555555555555556,12,8,CGAACCACGAGACCTGGTTA,4,4916234
ygfS_ygfT_predicted,1.8888888888888888,24,8,CCTGCTGAAATTACTCTTGA,16,4902956
ygfS_ygfT_predicted,1.2222222222222223,18,8,CCTAGTCCCGTTAATGGCGA,10,4915352
ygfS_ygfT_predicted,3.2222222222222223,36,8,CCGGTTTCGGGGCTTTGGGT,28,4905784
ygfS_ygfT_predicted,0.8888888888888888,15,8,CCCGCCAATATTTTAAAGGA,7,4903090
ygfS_ygfT_predicted,0.4444444444444444,11,8,CCCATACTATGGTCTTGACA,3,4919623
ygfS_ygfT_predicted,0.2222222222222222,9,8,CCCACTGATGGACCTCATGG,1,4914352
ygfS_ygfT_predicted,1.7777777777777777,23,8,CATGATAGTACTCGGGCTTA,15,4906697
ygfS_ygfT_predicted,0.2222222222222222,9,8,CATCTAGACGTAATGTAACA,1,4908195
ygfS_ygfT_predicted,0.4444444444444444,11,8,CAGTTGCACATCCAAATTCT,3,4915191
ygfS_ygfT_predicted,0.5555555555555556,12,8,CAGTATTCATAACCTCAAGG,4,4930610
ygfS_ygfT_predicted,1.0,16,8,CAGTAAATGCTAGGCTCTTT,8,4900737
ygfS_ygfT_predicted,1.4444444444444444,20,8,CAGGGCCGAGGCCCACTTCC,12,4908102
ygfS_ygfT_predicted,1.0,16,8,CAGCGTACCCGAGCCACGCT,8,4926020
ygfS_ygfT_predicted,0.2222222222222222,9,8,CACTATTTCATGCGACGGCA,1,4916036
ygfS_ygfT_predicted,1.6666666666666667,22,8,CACGGTAGACAACCTGATCC,14,4924812
ygfS_ygfT_predicted,0.7777777777777778,14,8,CACATAGTTTCAGTCCCTGC,6,4906241
ygfS_ygfT_predicted,0.6666666666666666,13,8,ATGTCTTTAACAGACTTTGT,5,4928821
ygfS_ygfT_predicted,0.7777777777777778,14,8,ATGGACCGTACGGCCTAGTG,6,4926553
ygfS_ygfT_predicted,3.4444444444444446,38,8,ATAATTTGTGCGGACTTCCG,30,4911704
ygfS_ygfT_predicted,1.5555555555555556,21,8,AGTTGCAGTCACCAGGCGTT,13,4924264
ygfS_ygfT_predicted,3.6666666666666665,40,8,AGTGGAGTGACCGTTCAGAC,32,4902277
ygfS_ygfT_predicted,2.111111111111111,26,8,AGTGCCGTTAGCTTTTTAAA,18,4926885
ygfS_ygfT_predicted,6.888888888888889,69,8,AGTACACGGAACCATGTAGT,61,4927685
ygfS_ygfT_predicted,11.11111111111111,107,8,AGGCGAAGTTGGTATTACAA,99,4912491
ygfS_ygfT_predicted,0.5555555555555556,12,8,AGGAGTGTAATACATTCCCC,4,4921194
ygfS_ygfT_predicted,1.6666666666666667,22,8,AGCCACGGGGATTGCAGAGT,14,4918722
ygfS_ygfT_predicted,0.2222222222222222,9,8,AGATTTCGACATGCTCGGAT,1,4911858
ygfS_ygfT_predicted,3.0,34,8,AGACCTCATACTCGAACCTG,26,4906989
ygfS_ygfT_predicted,0.2222222222222222,9,8,AGACAACCTTGCACGCGGAG,1,4928979
ygfS_ygfT_predicted,0.8888888888888888,15,8,AGAAGCAAGCTGCTGTTTCA,7,4925563
ygfS_ygfT_predicted,2.7777777777777777,32,8,ACATCGAGGACACAGTTTAT,24,4902936
ygfS_ygfT_predicted,2.4444444444444446,29,8,AATAGTAACACCCAACGTCC,21,4908281
ygfS_ygfT_predicted,0.6666666666666666,13,8,AAGGGTTAAGTCTCGTACAC,5,4921131
ygfS_ygfT_predicted,1.6666666666666667,22,8,AAGAAATGCGCCGACTATGC,14,4903319
ygfS_ygfT_predicted,0.2222222222222222,9,8,AACTGGTAGGGGCATGAAAA,1,4910186
ygfS_ygfT_predicted,2.2222222222222223,27,8,AACGATTAGGGTCCGCTTGA,19,4910382
ygfS_ygfT_predicted,0.3333333333333333,10,8,AACGAACACGGTAAGATCAC,2,4912123
ygfS_ygfT_predicted,1.8888888888888888,24,8,AAATACTTTTTGCCTCCCAG,16,4912059
ygfS_ygfT_predicted,3.5555555555555554,39,8,AAAACCTTCGAACAGAGGTG,31,4916515
ygfS_ygfT_predicted,1.625,19,7,TTGTAAGTTACATGGGTTTG,12,4919854
ygfS_ygfT_predicted,0.375,9,7,TTGGTGGGTCCAGAAACACG,2,4906238
ygfS_ygfT_predicted,4.25,40,7,TTGCGAATGGATCCGAATGT,33,4905426
ygfS_ygfT_predicted,3.125,31,7,TTGATTGAATTTTGATTCCC,24,4923130
ygfS_ygfT_predicted,4.125,39,7,TTCCTATGGGTCTGTATATT,32,4907110
ygfS_ygfT_predicted,4.125,39,7,TTCACTTGTAAGTGAGAATT,32,4926938
ygfS_ygfT_predicted,2.0,22,7,TTATTTGGTGCTTCCGTCAT,15,4924363
ygfS_ygfT_predicted,1.125,15,7,TTAGTGGAATTCAGTTTTAT,8,4908935
ygfS_ygfT_predicted,14.75,124,7,TGTGGCGATTCACAGATTGT,117,4916272
ygfS_ygfT_predicted,2.5,26,7,TGTATTAGAGTCGCTACAGT,19,4925912
ygfS_ygfT_predicted,2.125,23,7,TGGTCAGTTTAGGATCGACT,16,4904339
ygfS_ygfT_predicted,2.125,23,7,TGAGTTCTAATCTGAGCGGG,16,4907532
ygfS_ygfT_predicted,0.25,8,7,TGAACATATCTACGTAAGTT,1,4907409
ygfS_ygfT_predicted,0.75,12,7,TCTTTTCGTCTGGACCTAGC,5,4909353
ygfS_ygfT_predicted,4.125,39,7,TCTGTAGAATTTAGCCAACT,32,4928576
ygfS_ygfT_predicted,0.875,13,7,TCAGTCACTGATTGCCCCAT,6,4904260
ygfS_ygfT_predicted,2.125,23,7,TCAATAGACGTTGCCCTATG,16,4900210
ygfS_ygfT_predicted,1.125,15,7,TCAAATAGAAAATTAAACCT,8,4905365
ygfS_ygfT_predicted,0.375,9,7,TATAAACCTTGATTGTTTTA,2,4908257
ygfS_ygfT_predicted,0.25,8,7,TAGGGTTCACTAGGAATGAC,1,4904844
ygfS_ygfT_predicted,2.0,22,7,TACTGAGTTCCGGTAATGGA,15,4924137
ygfS_ygfT_predicted,2.25,24,7,TACGTCACAACGCCCCCAAG,17,4909729
ygfS_ygfT_predicted,2.25,24,7,TACCCAGTCCACGTAACGTC,17,4903677
ygfS_ygfT_predicted,1.5,18,7,TACAGTAGCCTTTGGAAGTC,11,4900672
ygfS_ygfT_predicted,1.75,20,7,TAATGCGCGCTATATGATGT,13,4925312
ygfS_ygfT_predicted,3.75,36,7,TAACGACGCGTTTCTTGTGA,29,4912113
ygfS_ygfT_predicted,1.125,15,7,TAACCGTCGTTGGTGCCAGG,8,4921998
ygfS_ygfT_predicted,2.5,26,7,GTGCATGCACTAGACTGTCG,19,4924181
ygfS_ygfT_predicted,1.5,18,7,GTGATCACATTCACACCCAT,11,4917616
ygfS_ygfT_predicted,0.375,9,7,GTGAAATGTCGCTATGTGTC,2,4910480
ygfS_ygfT_predicted,1.875,21,7,GTCCAGGACAGACGGGGTCG,14,4919723
ygfS_ygfT_predicted,6.5,58,7,GGTTTCCCTCCTCGAATGGT,51,4922258
ygfS_ygfT_predicted,0.25,8,7,GGTAGTTGCTGGACTTCGCA,1,4903486
ygfS_ygfT_predicted,0.25,8,7,GGGTCTGACAAGATGCTCAT,1,4909400
ygfS_ygfT_predicted,0.25,8,7,GGGTCCGGGGCGCGAGGACT,1,4907687
ygfS_ygfT_predicted,2.0,22,7,GGGCTGTCAGGAGAGCTAGG,15,4911474
ygfS_ygfT_predicted,0.375,9,7,GGCTGGCTGCCCAAACACGT,2,4915254
ygfS_ygfT_predicted,2.75,28,7,GGCAAGTACCTAATTATAAA,21,4907781
ygfS_ygfT_predicted,1.75,20,7,GGATGTGTTAGTGCTAAGGA,13,4905241
ygfS_ygfT_predicted,2.5,26,7,GGAAAGACATGCTCCATACC,19,4913354
ygfS_ygfT_predicted,0.375,9,7,GCTTCTTGGGCATACTAACT,2,4931098
ygfS_ygfT_predicted,2.0,22,7,GCTATGGGTTCACCTTTGGG,15,4926011
ygfS_ygfT_predicted,2.25,24,7,GCTAGATGTTCACGCCGGAA,17,4906130
ygfS_ygfT_predicted,13.75,116,7,GCGTATAAGGAAGGTATGGC,109,4920744
ygfS_ygfT_predicted,2.375,25,7,GCGGTCTGGGGCTGTCTACG,18,4916676
ygfS_ygfT_predicted,0.25,8,7,GCGGAGGTATCCTTTTATTC,1,4925136
ygfS_ygfT_predicted,1.375,17,7,GCGATGCCTACTTGTCCAAG,10,4931143
ygfS_ygfT_predicted,3.375,33,7,GCCTGGTCGCTCTACAGGCT,26,4911122
ygfS_ygfT_predicted,2.0,22,7,GCCTGCGCAAATGGTTTAAG,15,4926278
ygfS_ygfT_predicted,1.125,15,7,GCATGCGGTTGCCGCCTCCT,8,4931387
ygfS_ygfT_predicted,1.125,15,7,GCAGCGACCACAGTCCTACT,8,4922726
ygfS_ygfT_predicted,5.75,52,7,GATGCGCGCCAAGCTCATGC,45,4907196
ygfS_ygfT_predicted,0.25,8,7,GATGATGCCGCCTTAGCCGT,1,4908720
ygfS_ygfT_predicted,0.5,10,7,GAGATTGTACGTCAGCGAAG,3,4901547
ygfS_ygfT_predicted,1.875,21,7,GACGATCCAGCGCGGCTGAG,14,4919298
ygfS_ygfT_predicted,0.875,13,7,GACCTGCCCTGGGTTCCAAG,6,4924802
ygfS_ygfT_predicted,1.375,17,7,GACCCCCATGTATGCAGCAA,10,4903555
ygfS_ygfT_predicted,0.625,11,7,GAAAAAATAACGGAGGTCCG,4,4903918
ygfS_ygfT_predicted,0.5,10,7,CTTTGACGTACATAGGAGGT,3,4901076
ygfS_ygfT_predicted,1.125,15,7,CTGTTTTGCGCCGTACTGCG,8,4902005
ygfS_ygfT_predicted,2.5,26,7,CTGTTAATTATGTAAACAAC,19,4904980
ygfS_ygfT_predicted,1.75,20,7,CTCGAGTAAATCTTTCCTAG,13,4927009
ygfS_ygfT_predicted,2.875,29,7,CTCAAGAAAATCTAGTATGC,22,4920540
ygfS_ygfT_predicted,0.25,8,7,CTAATTGGAGGGTTTTAGGT,1,4918283
ygfS_ygfT_predicted,0.5,10,7,CGTGGTCTGCGAGCCAATGG,3,4922629
ygfS_ygfT_predicted,1.875,21,7,CGTCCAGGGGAGGCTTCGTC,14,4910801
ygfS_ygfT_predicted,3.5,34,7,CGTATAACGGTGGCGGCCTT,27,4907545
ygfS_ygfT_predicted,6.625,59,7,CGGCTTTAGAATCCCATTGC,52,4925979
ygfS_ygfT_predicted,0.25,8,7,CGGAATGTCTCATTGAATTA,1,4911400
ygfS_ygfT_predicted,5.125,47,7,CGGAAGACTGTTTGGGAGGA,40,4904062
ygfS_ygfT_predicted,1.375,17,7,CGCCGTGACTGATAGTTCAA,10,4915774
ygfS_ygfT_predicted,5.25,48,7,CGAGCCTAGAGCTTGGCCCT,41,4924266
ygfS_ygfT_predicted,0.375,9,7,CGAAGCGTGCACCCACTCCC,2,4927766
ygfS_ygfT_predicted,0.375,9,7,CGAAGATTAAGTGTACGCAA,2,4913356
ygfS_ygfT_predicted,1.625,19,7,CGAAACAATCCAAGGAGTCT,12,4907522
ygfS_ygfT_predicted,2.375,25,7,CCTTACCGTTTACCTCCGGA,18,4910268
ygfS_ygfT_predicted,0.375,9,7,CCTAAGTGCCAAAGACCCGC,2,4899898
ygfS_ygfT_predicted,2.375,25,7,CCTAAGTCCCCCATACTGAA,18,4905838
ygfS_ygfT_predicted,0.25,8,7,CCGCTGCATTACAAGTAATC,1,4904726
ygfS_ygfT_predicted,3.625,35,7,CCCTCCTATGTTAGTGCATG,28,4930925
ygfS_ygfT_predicted,3.25,32,7,CCCGCCGGTCGCTTTCGTAC,25,4928805
ygfS_ygfT_predicted,1.0,14,7,CCATTTAACTCACAGGAAGT,7,4900993
ygfS_ygfT_predicted,0.25,8,7,CCAGTTTCAGATGCGGAATC,1,4905678
ygfS_ygfT_predicted,2.375,25,7,CCAAGACATCGAGTGTGCTT,18,4917455
ygfS_ygfT_predicted,2.875,29,7,CATATCAGTCCCAGCGTTAC,22,4911723
ygfS_ygfT_predicted,0.25,8,7,CAGAGTGGTTTTGAGAGACC,1,4928524
ygfS_ygfT_predicted,0.875,13,7,CACCTGCAAGTCTCAACTCA,6,4923629
ygfS_ygfT_predicted,2.5,26,7,CACAGTCTAAACTTGCGTTG,19,4907868
ygfS_ygfT_predicted,1.125,15,7,CACAATATCGTCCATTAATA,8,4920054
ygfS_ygfT_predicted,1.125,15,7,CAATCCCTTTCTCGGGTCCA,8,4922773
ygfS_ygfT_predicted,8.125,71,7,CAATACCGCTATTCGGATAG,64,4915992
ygfS_ygfT_predicted,1.75,20,7,CAACTCAACATATCGTCACA,13,4906523
ygfS_ygfT_predicted,4.125,39,7,CAACCTGGAGTGCTCCAGCG,32,4915541
ygfS_ygfT_predicted,1.75,20,7,ATTAAAATGTCAAAGCGGTA,13,4925274
ygfS_ygfT_predicted,3.625,35,7,ATGGTGAGATACGTTTCACT,28,4919774
ygfS_ygfT_predicted,0.5,10,7,ATCCGCGCCCTCAGACTCTT,3,4914739
ygfS_ygfT_predicted,2.125,23,7,ATATTGCGCTTCTGACATTG,16,4925977
ygfS_ygfT_predicted,3.625,35,7,ATACCATCCGGTTCGGTGAT,28,4905632
ygfS_ygfT_predicted,0.625,11,7,AGTGTCCCTTTTCCCACATA,4,4904670
ygfS_ygfT_predicted,1.625,19,7,AGTGGCTAAGTAATATAATT,12,4919724
ygfS_ygfT_predicted,2.375,25,7,AGGTCATTCGATGCGTCTAG,18,4907709
ygfS_ygfT_predicted,1.875,21,7,AGGCCTCTCGCTCAAAACGC,14,4904771
ygfS_ygfT_predicted,2.125,23,7,AGAGGTTACCTTGTTGAGGA,16,4908079
ygfS_ygfT_predicted,7.25,64,7,AGAGGAAAAGCTCTCACCAT,57,4908988
ygfS_ygfT_predicted,1.5,18,7,AGACACTGTGAGTGGTAAAA,11,4905300
ygfS_ygfT_predicted,2.25,24,7,AGAAGCGGTGCTCACACTGT,17,4904691
ygfS_ygfT_predicted,1.75,20,7,ACTGAGTAAGGCTCTGTAAT,13,4905609
ygfS_ygfT_predicted,3.25,32,7,ACTAGGGGATTAAGCTTATA,25,4916091
ygfS_ygfT_predicted,2.625,27,7,AATGAGCGGTAACATGAAAC,20,4921208
ygfS_ygfT_predicted,5.125,47,7,AATAGGTCCCGTGCTGAACA,40,4909421
ygfS_ygfT_predicted,7.25,64,7,AAGTGATCTTGTGCATTAAC,57,4920856
ygfS_ygfT_predicted,2.125,23,7,AAGGCGCAGACGATTATCTT,16,4924988
ygfS_ygfT_predicted,4.25,40,7,AAGACCTCTCTCCGGTCTTT,33,4905635
ygfS_ygfT_predicted,0.25,8,7,AAGAAGTGTTCAGGGAAGTG,1,4905308
ygfS_ygfT_predicted,2.625,27,7,AACTTTATCTGCACAAGGAA,20,4921491
ygfS_ygfT_predicted,1.875,21,7,AACTCTAATAAGTTGATTCA,14,4923389
ygfS_ygfT_predicted,1.375,17,7,AACGTTATACCGGGTGTGCT,10,4911353
ygfS_ygfT_predicted,3.5,34,7,AAACTAGGCTAATTGAATCG,27,4905441
ygfS_ygfT_predicted,1.0,12,6,TTTTTGCAAATTGAAATCAT,6,4923492
ygfS_ygfT_predicted,3.857142857142857,32,6,TTTGAGTCGTGCTCCGGGCA,26,4906069
ygfS_ygfT_predicted,0.42857142857142855,8,6,TTGGGCCACTTGGATGAGCG,2,4929662
ygfS_ygfT_predicted,0.2857142857142857,7,6,TTGCTGGCCACACAACCTTT,1,4920488
ygfS_ygfT_predicted,1.8571428571428572,18,6,TTCTGGTCTGGGGCTGGAGC,12,4912043
ygfS_ygfT_predicted,4.0,33,6,TGTCTTCGAGCAGTTACTTT,27,4912455
ygfS_ygfT_predicted,1.2857142857142858,14,6,TGGGCGGCATGATCTGATCA,8,4912506
ygfS_ygfT_predicted,1.2857142857142858,14,6,TGCGAGCTCCGATTGGGTAT,8,4929449
ygfS_ygfT_predicted,3.2857142857142856,28,6,TGCATCTCCACCCAAAAGTC,22,4931261
ygfS_ygfT_predicted,1.7142857142857142,17,6,TGATCGGGCAAACAATGGAA,11,4916749
ygfS_ygfT_predicted,1.1428571428571428,13,6,TGATCACTTCTTTGATCCTC,7,4922952
ygfS_ygfT_predicted,1.8571428571428572,18,6,TGACGGCAAGAATAACTTAC,12,4903313
ygfS_ygfT_predicted,2.7142857142857144,24,6,TGAAAAGTTCATTACTTCAA,18,4919414
ygfS_ygfT_predicted,7.428571428571429,57,6,TCTTCTAGTCTTCTACTGTA,51,4928234
ygfS_ygfT_predicted,3.2857142857142856,28,6,TCTGGTACGACTTTTGTTAT,22,4900235
ygfS_ygfT_predicted,2.857142857142857,25,6,TCGACGGTCCCCCGTTTTAA,19,4919888
ygfS_ygfT_predicted,2.142857142857143,20,6,TATCCCATTAAGGCAAGTCA,14,4922740
ygfS_ygfT_predicted,3.0,26,6,TAGCCTTTCTTGAACTAGGA,20,4915971
ygfS_ygfT_predicted,0.5714285714285714,9,6,TAACAGCACTTGGGTTCTAG,3,4902384
ygfS_ygfT_predicted,1.2857142857142858,14,6,GTTCTCGATGTGTACTGGGT,8,4929902
ygfS_ygfT_predicted,12.714285714285714,94,6,GTTATACGGTAGCCAAGAGA,88,4912606
ygfS_ygfT_predicted,0.2857142857142857,7,6,GTGGTCATGCAGCCGCTGCT,1,4906520
ygfS_ygfT_predicted,1.4285714285714286,15,6,GTCTCGAGAGGCTCGAAACT,9,4908869
ygfS_ygfT_predicted,9.857142857142858,74,6,GTCGGACCATGTTCTTACAT,68,4902169
ygfS_ygfT_predicted,4.857142857142857,39,6,GGTTGCCCATATAGTGTCAA,33,4900413
ygfS_ygfT_predicted,1.2857142857142858,14,6,GGTCTTCAGCGTTAAACTGA,8,4929598
ygfS_ygfT_predicted,2.5714285714285716,23,6,GGCCTTCAAAGTAACCCTGT,17,4925028
ygfS_ygfT_predicted,0.2857142857142857,7,6,GGCCAAGGGACCGATTGTAG,1,4913989
ygfS_ygfT_predicted,1.2857142857142858,14,6,GGCATTCAAGTATTCAACTA,8,4914268
ygfS_ygfT_predicted,3.857142857142857,32,6,GGAACGGGGGATGGACCAAT,26,4919769
ygfS_ygfT_predicted,2.2857142857142856,21,6,GCGGTTCCCACTGTATGACT,15,4923929
ygfS_ygfT_predicted,2.0,19,6,GCGCAAGTACGCCTAGTCCT,13,4924055
ygfS_ygfT_predicted,2.0,19,6,GCCTCAACTGTTGGGATCTA,13,4921832
ygfS_ygfT_predicted,1.2857142857142858,14,6,GCCGGACACTTGAAAACTAC,8,4905049
ygfS_ygfT_predicted,2.857142857142857,25,6,GCCGAATTCACTTTCACTTA,19,4917565
ygfS_ygfT_predicted,5.428571428571429,43,6,GCATGAACCCGTCCGAAAAC,37,4918748
ygfS_ygfT_predicted,1.4285714285714286,15,6,GATGATAGGCCTTTCTCTCG,9,4921704
ygfS_ygfT_predicted,2.142857142857143,20,6,GAGATCGACTGAGTTAGCCT,14,4920858
ygfS_ygfT_predicted,4.714285714285714,38,6,GACGCTAGTTCGCACACCTC,32,4923027
ygfS_ygfT_predicted,1.2857142857142858,14,6,GACCTCCGCGATGTAGCAGA,8,4913730
ygfS_ygfT_predicted,1.8571428571428572,18,6,GACAGTAATTTCGGGTAACT,12,4913218
ygfS_ygfT_predicted,2.5714285714285716,23,6,GAACACTAAAGGGGGACGAC,17,4930407
ygfS_ygfT_predicted,0.2857142857142857,7,6,CTTTTGACGGTGAAAAGATG,1,4928260
ygfS_ygfT_predicted,0.2857142857142857,7,6,CTTTTGAATCCAGAAAGCTG,1,4909629
ygfS_ygfT_predicted,1.2857142857142858,14,6,CTTTCTATGTTGTGACAAGA,8,4917462
ygfS_ygfT_predicted,1.4285714285714286,15,6,CTTCCTTCCCAGCCCTAAGG,9,4913721
ygfS_ygfT_predicted,0.42857142857142855,8,6,CTTCCCGCTTCAACTCGGTC,2,4905364
ygfS_ygfT_predicted,2.142857142857143,20,6,CTTATTGTGCCAGGGCGTTG,14,4906133
ygfS_ygfT_predicted,2.2857142857142856,21,6,CTCTCGCACCGATCGTAGCT,15,4920159
ygfS_ygfT_predicted,1.0,12,6,CTCGTAATAAGATTGCCCCT,6,4922220
ygfS_ygfT_predicted,0.2857142857142857,7,6,CTCATGGCTCCCAGTAGGTC,1,4902041
ygfS_ygfT_predicted,0.8571428571428571,11,6,CTCAGTCAACGTGAGTCTCT,5,4925018
ygfS_ygfT_predicted,4.857142857142857,39,6,CTAGCCAAAACCGCTCACCA,33,4906633
ygfS_ygfT_predicted,1.0,12,6,CTACCGCTCAAGTAGGGGCT,6,4907197
ygfS_ygfT_predicted,1.8571428571428572,18,6,CTAAGGGCCTAGGAGTGCGT,12,4916214
ygfS_ygfT_predicted,2.2857142857142856,21,6,CGTTCCGGTGAGGCCCGCCT,15,4902972
ygfS_ygfT_predicted,1.4285714285714286,15,6,CGGTCCAGACTGCTTGCGGA,9,4923082
ygfS_ygfT_predicted,2.0,19,6,CGGCCCGGAAACCACCTCCT,13,4900427
ygfS_ygfT_predicted,0.2857142857142857,7,6,CGCGCAGTGGGTCGCATCAT,1,4911401
ygfS_ygfT_predicted,2.2857142857142856,21,6,CGAATCAGGCGATGTTGGAT,15,4919507
ygfS_ygfT_predicted,2.0,19,6,CCTTCCTCCAAACTCGTCCT,13,4916442
ygfS_ygfT_predicted,2.0,19,6,CCTTAGTTTTTAGTGATTTC,13,4913631
ygfS_ygfT_predicted,0.2857142857142857,7,6,CCTAACAGTTCAGTTGATGA,1,4919612
ygfS_ygfT_predicted,0.2857142857142857,7,6,CCGTCCTCGTCAGAGTTCGT,1,4903968
ygfS_ygfT_predicted,3.5714285714285716,30,6,CCGTACTTGAAGCGGAGTGC,24,4922162
ygfS_ygfT_predicted,2.0,19,6,CCGGGATCGTAGTATCTATA,13,4926562
ygfS_ygfT_predicted,3.2857142857142856,28,6,CCCTCATCAGGCGCTGAATC,22,4920223
ygfS_ygfT_predicted,3.4285714285714284,29,6,CCCGTGGGTTTATGGGACGA,23,4931273
ygfS_ygfT_predicted,1.8571428571428572,18,6,CCCCGCTGTGTGGCTATCGG,12,4913222
ygfS_ygfT_predicted,0.42857142857142855,8,6,CCAAGGTCCCGCATCTGATC,2,4916554
ygfS_ygfT_predicted,1.8571428571428572,18,6,CATGGGCTATGAAAAGGGGG,12,4909264
ygfS_ygfT_predicted,2.5714285714285716,23,6,CAGTTTGAAGCAAGGTGGGG,17,4924881
ygfS_ygfT_predicted,0.5714285714285714,9,6,CAGGTCATCTGACATATCAC,3,4919570
ygfS_ygfT_predicted,0.2857142857142857,7,6,CAGGGTCTTGTGGTTTCATG,1,4900522
ygfS_ygfT_predicted,1.4285714285714286,15,6,CACATACTCGCTACTGACAT,9,4916841
ygfS_ygfT_predicted,0.42857142857142855,8,6,CAATTTATCGGAGTTCAGTT,2,4914249
ygfS_ygfT_predicted,1.7142857142857142,17,6,CAAGCAGTCTATAGGTCGAA,11,4912027
ygfS_ygfT_predicted,1.2857142857142858,14,6,ATTGCCGTAGACATTGATTG,8,4920302
ygfS_ygfT_predicted,1.0,12,6,ATTCTTGAGTCATTGACTTT,6,4906208
ygfS_ygfT_predicted,5.714285714285714,45,6,ATTCAGCGCCGATAGCGTCA,39,4904664
ygfS_ygfT_predicted,0.2857142857142857,7,6,ATCTCCTGCGGCCGGATATG,1,4925736
ygfS_ygfT_predicted,1.2857142857142858,14,6,ATCTCAATTAAGAGTGATCC,8,4902087
ygfS_ygfT_predicted,4.571428571428571,37,6,ATCCTGAGGTCAACATTTAA,31,4922364
ygfS_ygfT_predicted,0.2857142857142857,7,6,ATATCCCTTCACGCGCAGAC,1,4906856
ygfS_ygfT_predicted,4.714285714285714,38,6,ATACGTTAAACTTACCTCTA,32,4901906
ygfS_ygfT_predicted,0.2857142857142857,7,6,AGTTTGTCAACGCGTATGAG,1,4912703
ygfS_ygfT_predicted,8.0,61,6,AGGGTCGAACTCCTCGCGTA,55,4918395
ygfS_ygfT_predicted,3.142857142857143,27,6,AGGCTGTTCCGTACGCCACT,21,4911403
ygfS_ygfT_predicted,2.0,19,6,AGCGCTTGTATGTGGCAGGG,13,4924411
ygfS_ygfT_predicted,0.8571428571428571,11,6,AGCCCCTGGAGGACATCACC,5,4913586
ygfS_ygfT_predicted,0.5714285714285714,9,6,AGCACTAAATCGCCTAGATT,3,4917336
ygfS_ygfT_predicted,3.4285714285714284,29,6,AGCAAAAGGACAGATCTAAA,23,4908547
ygfS_ygfT_predicted,0.2857142857142857,7,6,ACTGATATAAGCGTGGAAAT,1,4900326
ygfS_ygfT_predicted,0.42857142857142855,8,6,ACTCTAGGTTGTGATCCCTG,2,4916287
ygfS_ygfT_predicted,0.8571428571428571,11,6,ACGAAACCTTCATAGTGTCG,5,4927650
ygfS_ygfT_predicted,0.42857142857142855,8,6,ACCCCCAAATCTCTAAAGGT,2,4930831
ygfS_ygfT_predicted,4.285714285714286,35,6,ACATCACACGGAACCAAACA,29,4901830
ygfS_ygfT_predicted,2.5714285714285716,23,6,ACAGGTCAGAGTTATTTTGT,17,4914734
ygfS_ygfT_predicted,4.857142857142857,39,6,ACAGGGTTCGAGAACGTGTA,33,4903818
ygfS_ygfT_predicted,0.2857142857142857,7,6,ACACGGTCCTCTTCGCGTGA,1,4912412
ygfS_ygfT_predicted,1.8571428571428572,18,6,ACACGAAGCATTTCGTCAAC,12,4907615
ygfS_ygfT_predicted,3.0,26,6,AATTCGAGGTCCACCTCGTT,20,4907943
ygfS_ygfT_predicted,2.4285714285714284,22,6,AATTATGTAGAATTCTTATG,16,4930855
ygfS_ygfT_predicted,0.2857142857142857,7,6,AATCCGTTTGTTGATCCAAA,1,4916180
ygfS_ygfT_predicted,4.142857142857143,34,6,AATAGCATTAGGGAAGTCAA,28,4927734
ygfS_ygfT_predicted,2.4285714285714284,22,6,AATAAGAAACTTATGAATCG,16,4924124
ygfS_ygfT_predicted,0.2857142857142857,7,6,AATAACGGGCCTACGCGTCA,1,4922408
ygfS_ygfT_predicted,0.8571428571428571,11,6,AAGTCGAGCCCTAGCTTATA,5,4915994
ygfS_ygfT_predicted,0.42857142857142855,8,6,AAGCCGGTTTTGAGCTTTGA,2,4916837
ygfS_ygfT_predicted,0.2857142857142857,7,6,AACGCTTCGAGATCTCAAGT,1,4924791
ygfS_ygfT_predicted,0.8571428571428571,11,6,AACAATATCACGCGAGGGTC,5,4914635
ygfS_ygfT_predicted,2.857142857142857,25,6,AAACTTCGTGGTGGAACGGG,19,4919828
ygfS_ygfT_predicted,5.285714285714286,42,6,AAAAGTACCTATGGAGCTTT,36,4913824
ygfS_ygfT_predicted,3.1666666666666665,23,5,TTTCTCGAGTGCAAAAGGGT,18,4929102
ygfS_ygfT_predicted,2.0,16,5,TTTACTCTTGTCGATTGCGC,11,4926934
ygfS_ygfT_predicted,3.3333333333333335,24,5,TTGCCATTCGGGCAAGGGGT,19,4907007
ygfS_ygfT_predicted,3.1666666666666665,23,5,TTCGGTCATTGTTCCATCTT,18,4917545
ygfS_ygfT_predicted,4.5,31,5,TTCGGAGGGGGTCCTAAGAT,26,4918945
ygfS_ygfT_predicted,7.166666666666667,47,5,TTCCGCGATAGGATGTTCGT,42,4923377
ygfS_ygfT_predicted,2.6666666666666665,20,5,TTATTGACGCTAAAGTTCGT,15,4916395
ygfS_ygfT_predicted,1.6666666666666667,14,5,TTATCGTTGAATGTTGGCAG,9,4900587
ygfS_ygfT_predicted,3.5,25,5,TTATATGAGTGACTACGAGC,20,4918141
ygfS_ygfT_predicted,3.8333333333333335,27,5,TTACTTGTTGTTATTAGCCA,22,4919618
ygfS_ygfT_predicted,0.8333333333333334,9,5,TGTATCCTGAGAGCATGACC,4,4913075
ygfS_ygfT_predicted,4.333333333333333,30,5,TGTACTTCCTAACTGGGCCG,25,4913122
ygfS_ygfT_predicted,2.0,16,5,TGCGTTCCAAAACCCTTCAG,11,4923924
ygfS_ygfT_predicted,2.1666666666666665,17,5,TGCGTGCTCGTGGTGGGGAC,12,4910445
ygfS_ygfT_predicted,3.5,25,5,TGCCACATCGCAACTCTTGT,20,4927405
ygfS_ygfT_predicted,0.3333333333333333,6,5,TGATTCGAGTTTCTTCGGAT,1,4915986
ygfS_ygfT_predicted,1.3333333333333333,12,5,TGAGTAGTATTACAGACGAC,7,4925699
ygfS_ygfT_predicted,0.6666666666666666,8,5,TCTTGCATAAAAGGTCACCT,3,4902964
ygfS_ygfT_predicted,2.5,19,5,TCTTAAGGTCCGCAGTTCGT,14,4908208
ygfS_ygfT_predicted,1.0,10,5,TCTGACCACACTCTCGCCGC,5,4929883
ygfS_ygfT_predicted,1.5,13,5,TCTCCTCAGAACTACATGAG,8,4925017
ygfS_ygfT_predicted,0.3333333333333333,6,5,TCTAGGCCATAAAGTTCGTA,1,4920731
ygfS_ygfT_predicted,3.1666666666666665,23,5,TCGCGTGCTTGTGGGAGTGA,18,4923837
ygfS_ygfT_predicted,0.3333333333333333,6,5,TCGCCGGGCAACAGCGGCAA,1,4929354
ygfS_ygfT_predicted,2.6666666666666665,20,5,TCCGGGGAATCAGATAGTGT,15,4922845
ygfS_ygfT_predicted,2.6666666666666665,20,5,TCCATGCGTTTGAGTTTTAT,15,4902786
ygfS_ygfT_predicted,2.3333333333333335,18,5,TCCATCGCTGCCTCGTAGCC,13,4906328
ygfS_ygfT_predicted,0.5,7,5,TCCATAAGCTCATGAGTGAT,2,4926940
ygfS_ygfT_predicted,1.6666666666666667,14,5,TCCAAATATCTATTACTATT,9,4908886
ygfS_ygfT_predicted,0.3333333333333333,6,5,TCACAGCACGGTCACCGGTC,1,4923956
ygfS_ygfT_predicted,6.5,43,5,TCAAAAGAGGAGACTGTGTG,38,4904566
ygfS_ygfT_predicted,2.6666666666666665,20,5,TAGGGGCTCCGTCCCCGTGA,15,4916604
ygfS_ygfT_predicted,1.1666666666666667,11,5,TACTCTTACTTTACTACGGT,6,4927626
ygfS_ygfT_predicted,8.166666666666666,53,5,TACCATTGGCGTCCGAAGCG,48,4927924
ygfS_ygfT_predicted,0.3333333333333333,6,5,GTTAGGGGAGCACGCTCTCT,1,4918874
ygfS_ygfT_predicted,2.1666666666666665,17,5,GTTAACTCGGCCAGGTCCGA,12,4906306
ygfS_ygfT_predicted,3.1666666666666665,23,5,GTGGGACCTATGTGAAGAGA,18,4914153
ygfS_ygfT_predicted,3.6666666666666665,26,5,GTCTGTTACAACGCACGCTA,21,4903504
ygfS_ygfT_predicted,1.6666666666666667,14,5,GTCGATTGATCTGCCGACTC,9,4923105
ygfS_ygfT_predicted,0.3333333333333333,6,5,GTAGCCATGCATATGATTAG,1,4906897
ygfS_ygfT_predicted,2.3333333333333335,18,5,GTACTCGGCACAAGGGTCTG,13,4909341
ygfS_ygfT_predicted,0.3333333333333333,6,5,GTACGAAAAATCTAGGTAAC,1,4912517
ygfS_ygfT_predicted,3.8333333333333335,27,5,GTACCAGGGACTTTAAGGTC,22,4919162
ygfS_ygfT_predicted,0.8333333333333334,9,5,GGTTGCGTTTTTGAGCTGTG,4,4928139
ygfS_ygfT_predicted,5.166666666666667,35,5,GGTTCACCTGGCTCCGCTGG,30,4928450
ygfS_ygfT_predicted,4.833333333333333,33,5,GGTTACTTTAGGGAACTCTA,28,4917618
ygfS_ygfT_predicted,1.3333333333333333,12,5,GGTGTTATGTGATAAACAGG,7,4910441
ygfS_ygfT_predicted,2.3333333333333335,18,5,GGTGGAACATTGCACAAAGT,13,4924519
ygfS_ygfT_predicted,3.0,22,5,GGTGACCGGATCGTCATTGA,17,4920017
ygfS_ygfT_predicted,0.3333333333333333,6,5,GGGGGCGACCTAACCCGCCA,1,4904069
ygfS_ygfT_predicted,2.5,19,5,GGGCGGAAGGTGCCTCCTTA,14,4919555
ygfS_ygfT_predicted,3.1666666666666665,23,5,GGGATAAGGCTTAAACACGG,18,4918613
ygfS_ygfT_predicted,4.333333333333333,30,5,GGGACTTTACGATTTATTGA,25,4904454
ygfS_ygfT_predicted,3.5,25,5,GGCTTCTATTATCCTATTTT,20,4924197
ygfS_ygfT_predicted,3.0,22,5,GGCTTCAAGGGGGATACAGA,17,4906898
ygfS_ygfT_predicted,3.0,22,5,GGCGTCGTAGGATGGCATGA,17,4905195
ygfS_ygfT_predicted,3.5,25,5,GGCGGTGGGACCGAGCGTTT,20,4913973
ygfS_ygfT_predicted,0.3333333333333333,6,5,GGCGGCATGTACACGACCTA,1,4916074
ygfS_ygfT_predicted,0.3333333333333333,6,5,GGCGGATCCAACGTCATATC,1,4913325
ygfS_ygfT_predicted,2.3333333333333335,18,5,GGCGACCTCTTGTTACTTCT,13,4922252
ygfS_ygfT_predicted,6.333333333333333,42,5,GGCCGCCACCTGTCGGAGGA,37,4923035
ygfS_ygfT_predicted,2.3333333333333335,18,5,GGCAGCTATACACGATCTTC,13,4929248
ygfS_ygfT_predicted,2.1666666666666665,17,5,GGATGTACGAGAAAAAGTCA,12,4923196
ygfS_ygfT_predicted,2.0,16,5,GCTCTGCGAGGAGTCGGGAT,11,4901301
ygfS_ygfT_predicted,0.3333333333333333,6,5,GCGGCAGTCAAAGTGGTTAA,1,4930640
ygfS_ygfT_predicted,4.166666666666667,29,5,GCCCTGCTTCGGTTAGATTT,24,4919726
ygfS_ygfT_predicted,0.3333333333333333,6,5,GATCGCTGAGGTAGCTATAA,1,4930754
ygfS_ygfT_predicted,4.666666666666667,32,5,GATAGACGCCTATGGCCTCA,27,4927438
ygfS_ygfT_predicted,4.833333333333333,33,5,GAGCTTGCTTTGACATGCTT,28,4914953
ygfS_ygfT_predicted,2.8333333333333335,21,5,GAGCGTACGAAGTGGGTTAT,16,4903221
ygfS_ygfT_predicted,5.333333333333333,36,5,GAGAGTTAGAACCAGCGCGT,31,4927518
ygfS_ygfT_predicted,1.1666666666666667,11,5,GACCATTAGAAGATACCGTT,6,4930804
ygfS_ygfT_predicted,0.6666666666666666,8,5,GAAGGATGTCTGGAAGTGGA,3,4901265
ygfS_ygfT_predicted,2.1666666666666665,17,5,GAACCATCCTGTTTTTTAGA,12,4915312
ygfS_ygfT_predicted,6.333333333333333,42,5,CTTGGGTTCACCTGATTCAG,37,4901093
ygfS_ygfT_predicted,0.3333333333333333,6,5,CTTGGAGCCCACACTGACTG,1,4927887
ygfS_ygfT_predicted,1.8333333333333333,15,5,CTTCGGCGTGCTGCGAGCTC,10,4912322
ygfS_ygfT_predicted,2.8333333333333335,21,5,CTGAGAGATACTTGTGGTAT,16,4914292
ygfS_ygfT_predicted,6.166666666666667,41,5,CTCGAATACACCCCGGCATA,36,4903464
ygfS_ygfT_predicted,0.3333333333333333,6,5,CGTTTATATGTAAGCCCTGC,1,4925146
ygfS_ygfT_predicted,0.3333333333333333,6,5,CGGTTGAACGGTATGCCCTG,1,4914663
ygfS_ygfT_predicted,2.6666666666666665,20,5,CGGTCTCGAAGTTGAATCGT,15,4926958
ygfS_ygfT_predicted,0.3333333333333333,6,5,CGGTAAAAGACTGGTACCGC,1,4924949
ygfS_ygfT_predicted,0.5,7,5,CGGGACCTGGCCGTCCGACG,2,4914282
ygfS_ygfT_predicted,3.6666666666666665,26,5,CGGATCCCGTCACGCTCACG,21,4905985
ygfS_ygfT_predicted,3.6666666666666665,26,5,CGATGGTAACATACAAGGAG,21,4915382
ygfS_ygfT_predicted,1.0,10,5,CGAGAAGTCGTGGAGCGTAA,5,4906433
ygfS_ygfT_predicted,6.0,40,5,CGACACACTTCGATTAATTC,35,4923669
ygfS_ygfT_predicted,1.5,13,5,CCTTATCCTAAAGTATATGA,8,4929575
ygfS_ygfT_predicted,6.5,43,5,CCTGTAACATTTGACGTAGT,38,4900614
ygfS_ygfT_predicted,2.0,16,5,CCTCTGGGAGAGATCCACTT,11,4925214
ygfS_ygfT_predicted,4.0,28,5,CCTACTCAACAAGATGATTC,23,4905306
ygfS_ygfT_predicted,4.833333333333333,33,5,CCGATGCCGGATACTACAGT,28,4928651
ygfS_ygfT_predicted,3.0,22,5,CCCTGACCTACATATGCGAT,17,4920859
ygfS_ygfT_predicted,3.0,22,5,CCCCGGCCTTTCCATAACTA,17,4913464
ygfS_ygfT_predicted,3.3333333333333335,24,5,CCATCTGGGCGTGCGTTTGC,19,4913070
ygfS_ygfT_predicted,1.3333333333333333,12,5,CATTGGGGCGCGGCCCCAGA,7,4922920
ygfS_ygfT_predicted,2.0,16,5,CATCAGGCTGTAACACATTG,11,4925126
ygfS_ygfT_predicted,0.3333333333333333,6,5,CAGTGGTAATACGGGTTGGA,1,4912097
ygfS_ygfT_predicted,9.833333333333334,63,5,CAGTGGCTGCAGTCCTTGAT,58,4909198
ygfS_ygfT_predicted,6.166666666666667,41,5,CAGGTTTATCATGGGGAGAA,36,4904602
ygfS_ygfT_predicted,2.6666666666666665,20,5,CAGATTGATGGCGTACATTG,15,4913597
ygfS_ygfT_predicted,4.833333333333333,33,5,CAGACCTTAGAATAGACGTC,28,4917624
ygfS_ygfT_predicted,1.6666666666666667,14,5,CACGATACTCTGCATAGTAT,9,4901505
ygfS_ygfT_predicted,0.3333333333333333,6,5,CACCGCGGGCTTTAGCATTT,1,4925564
ygfS_ygfT_predicted,2.1666666666666665,17,5,CACAGGGAGAACTGGTAGAG,12,4928019
ygfS_ygfT_predicted,4.5,31,5,CAATCAGCATGTCCGTTATG,26,4906383
ygfS_ygfT_predicted,1.0,10,5,CAAATAGGCTTGCGAGCGGA,5,4902539
ygfS_ygfT_predicted,17.833333333333332,111,5,ATTTTTTGCGATACATCTTC,106,4920746
ygfS_ygfT_predicted,0.3333333333333333,6,5,ATTGGGAAGGTTACGAAGGT,1,4912967
ygfS_ygfT_predicted,3.8333333333333335,27,5,ATGAACACAGCATGATCCCA,22,4899945
ygfS_ygfT_predicted,3.3333333333333335,24,5,ATCTCATGCTAAATAATAGG,19,4924027
ygfS_ygfT_predicted,2.1666666666666665,17,5,ATCTAAGATGCTCATGTCGG,12,4910844
ygfS_ygfT_predicted,1.1666666666666667,11,5,ATATACGGAGTTGCGGGGCT,6,4926342
ygfS_ygfT_predicted,0.5,7,5,ATAGTCCGGGCACTATGAGA,2,4913793
ygfS_ygfT_predicted,3.8333333333333335,27,5,ATAGGATTCCTGAGCTATGG,22,4920544
ygfS_ygfT_predicted,1.1666666666666667,11,5,ATACGCGAAAGCACGCCAAG,6,4915711
ygfS_ygfT_predicted,2.5,19,5,ATACGACATGTACGCGGGGC,14,4905236
ygfS_ygfT_predicted,1.8333333333333333,15,5,AGTTCGTTTGCCCACGGCTG,10,4931314
ygfS_ygfT_predicted,6.166666666666667,41,5,AGTGATGTTCGTCTCTAATT,36,4907108
ygfS_ygfT_predicted,3.6666666666666665,26,5,AGGACTCGATGGTCCACCAC,21,4905713
ygfS_ygfT_predicted,3.0,22,5,AGCTGAACTAGATGACTCGT,17,4912085
ygfS_ygfT_predicted,4.5,31,5,AGCCTGCTGAAACATACGTG,26,4906755
ygfS_ygfT_predicted,4.333333333333333,30,5,AGCACCATAATTAAAGACCT,25,4918295
ygfS_ygfT_predicted,4.333333333333333,30,5,AGCAACGTGGAATCCAATGA,25,4926578
ygfS_ygfT_predicted,2.1666666666666665,17,5,AGAGTTCGCTACAACGGCGC,12,4915147
ygfS_ygfT_predicted,4.666666666666667,32,5,AGACGAGTCGGACTTCAATC,27,4922743
ygfS_ygfT_predicted,5.166666666666667,35,5,ACTGGGGCTTGTTATGGGCA,30,4901993
ygfS_ygfT_predicted,0.3333333333333333,6,5,ACTATTATTGCCTTGTTTAG,1,4904156
ygfS_ygfT_predicted,0.6666666666666666,8,5,ACGACCACAGACGCTCACTT,3,4908089
ygfS_ygfT_predicted,1.8333333333333333,15,5,ACCTGAGGCCTACGTGGGCT,10,4921244
ygfS_ygfT_predicted,3.6666666666666665,26,5,ACCTACAGAAAGCTCAGAAA,21,4914506
ygfS_ygfT_predicted,0.8333333333333334,9,5,ACATAACATTGTTACCTATC,4,4920278
ygfS_ygfT_predicted,0.6666666666666666,8,5,ACAAGCGGCCTCAATTCTGG,3,4909717
ygfS_ygfT_predicted,3.0,22,5,AATTCAATCCCCAATGGATG,17,4919051
ygfS_ygfT_predicted,3.5,25,5,AATCGAGTGGCGAGGTACAC,20,4925957
ygfS_ygfT_predicted,4.666666666666667,32,5,AAGGGACTTTCGCTAGATTG,27,4903563
ygfS_ygfT_predicted,0.5,7,5,AACTTCTACTCGTGCAGTCA,2,4926478
ygfS_ygfT_predicted,0.3333333333333333,6,5,AACGGAGAGATCCGTGGTAC,1,4920768
ygfS_ygfT_predicted,2.5,19,5,AACACAGGCTGTAGTAACAT,14,4919756
ygfS_ygfT_predicted,3.4,20,4,TTTGTAGTTTATCTGGAGGC,16,4918929
ygfS_ygfT_predicted,1.0,8,4,TTTCCGAAATGAGTTCGGCT,4,4906567
ygfS_ygfT_predicted,2.8,17,4,TTGGTAAGCGCAGTTAGTCC,13,4913605
ygfS_ygfT_predicted,4.0,23,4,TTGGCAGGGTTCCAGGGAAA,19,4923823
ygfS_ygfT_predicted,3.8,22,4,TTGATTACCCTATCTCGTAC,18,4920678
ygfS_ygfT_predicted,7.6,41,4,TTGATGCTGTGACGACCGCA,37,4917064
ygfS_ygfT_predicted,7.4,40,4,TTGATCAATGGAATTGGCCT,36,4922360
ygfS_ygfT_predicted,5.0,28,4,TTCGTGAGTGATTTCGCAAA,24,4917758
ygfS_ygfT_predicted,1.6,11,4,TTCGTCCCAGTCAAGCTAAC,7,4909944
ygfS_ygfT_predicted,6.4,35,4,TTCGATGTGTTTAGAAAATA,31,4902531
ygfS_ygfT_predicted,2.0,13,4,TTCCTTGATTTCGCTTAGGA,9,4919697
ygfS_ygfT_predicted,1.4,10,4,TTCAGCCTGCTGTATGCTGC,6,4900178
ygfS_ygfT_predicted,6.2,34,4,TTACTGACCTAGACTATACA,30,4920144
ygfS_ygfT_predicted,0.4,5,4,TGGTTTCGGAGGAGTAAAGC,1,4906206
ygfS_ygfT_predicted,0.4,5,4,TGGTATATCCCGCCCCTTTA,1,4924749
ygfS_ygfT_predicted,3.0,18,4,TGGGCGCCATTGCTAACAAT,14,4924834
ygfS_ygfT_predicted,6.0,33,4,TGGGCAGCATTAAGGCGACT,29,4902359
ygfS_ygfT_predicted,0.4,5,4,TGGCTGTAATTACGCCGTAT,1,4927196
ygfS_ygfT_predicted,3.2,19,4,TGGCGAATAGACTGACCGAA,15,4920489
ygfS_ygfT_predicted,0.8,7,4,TGCCTCTTGGGGGTTATTAT,3,4904311
ygfS_ygfT_predicted,1.6,11,4,TCTGCGTAAGACTAACAAAA,7,4901678
ygfS_ygfT_predicted,2.8,17,4,TCTGCATATGGTCTCCTTAG,13,4921852
ygfS_ygfT_predicted,6.0,33,4,TCTCTGTATACGAAAAGATC,29,4902259
ygfS_ygfT_predicted,0.4,5,4,TCTCGTTTCTGAGCTCGGCA,1,4904170
ygfS_ygfT_predicted,1.6,11,4,TCGAGACTGCGTAAATTGCG,7,4911164
ygfS_ygfT_predicted,1.8,12,4,TCCTTCCTTCTCTGCGTATG,8,4900354
ygfS_ygfT_predicted,1.0,8,4,TCCTGGCGCTCTAAGAAGCC,4,4910472
ygfS_ygfT_predicted,5.4,30,4,TCCGGGGCTGTCCCAAAACT,26,4914402
ygfS_ygfT_predicted,0.8,7,4,TCCAGCCATTCAAGAATCTT,3,4922236
ygfS_ygfT_predicted,0.4,5,4,TCCAAGACAAACTGTGCCCC,1,4919165
ygfS_ygfT_predicted,10.6,56,4,TCCAAATCTGTGACGAGCGG,52,4916281
ygfS_ygfT_predicted,6.0,33,4,TCATAAACTCACTGAAGGTA,29,4926426
ygfS_ygfT_predicted,2.4,15,4,TATCATCGACGAACCTGTCC,11,4922622
ygfS_ygfT_predicted,3.8,22,4,TAGGTCCATACAGGACTCGG,18,4903999
ygfS_ygfT_predicted,1.4,10,4,TAGCTCGTGGCACATGCTCT,6,4908981
ygfS_ygfT_predicted,0.4,5,4,TACTGTGAAAAGGACAGGGA,1,4908957
ygfS_ygfT_predicted,0.4,5,4,TACTAGCAATCGTATATGTA,1,4902566
ygfS_ygfT_predicted,4.0,23,4,TACCAGGTCATACCCACAAA,19,4924382
ygfS_ygfT_predicted,3.6,21,4,TAAAAGGGCACTTAATAACC,17,4917079
ygfS_ygfT_predicted,2.8,17,4,GTGTGTTGCACTAATTTCAG,13,4918153
ygfS_ygfT_predicted,2.6,16,4,GTCCCTTTGGCTCGGGTAAC,12,4931315
ygfS_ygfT_predicted,1.0,8,4,GTAGTTCGTCTAAGTCCGGG,4,4924237
ygfS_ygfT_predicted,2.0,13,4,GTAGGCTATCGTTACAAGTT,9,4913739
ygfS_ygfT_predicted,2.2,14,4,GTAAGTTCCACTCATCATTA,10,4924475
ygfS_ygfT_predicted,3.6,21,4,GTAAGGCAGATTAGGCTGAC,17,4901334
ygfS_ygfT_predicted,2.2,14,4,GGTGTGCGGTGAATGTGTGG,10,4923450
ygfS_ygfT_predicted,8.4,45,4,GGTGTATCGTATATGAAGCT,41,4913883
ygfS_ygfT_predicted,3.0,18,4,GGTGCACAGAAAACGTTCTG,14,4911226
ygfS_ygfT_predicted,2.6,16,4,GGGTCCTATGGGTGGGGGAG,12,4924213
ygfS_ygfT_predicted,0.4,5,4,GGACGGCCCACACGGTTTTA,1,4914014
ygfS_ygfT_predicted,1.0,8,4,GCTGCTTGTGAAGTTGTAAG,4,4912766
ygfS_ygfT_predicted,2.0,13,4,GCTCATGCATGAGTCCCGTG,9,4902379
ygfS_ygfT_predicted,3.0,18,4,GCGCAAGTAGGATAAAGGAA,14,4916315
ygfS_ygfT_predicted,1.8,12,4,GCCTTTGGGGTGCCCAGCCT,8,4906696
ygfS_ygfT_predicted,6.2,34,4,GCCTACGGGATGGGATTCTT,30,4903026
ygfS_ygfT_predicted,3.2,19,4,GCCGGATGCGAACCAATCCT,15,4902918
ygfS_ygfT_predicted,2.2,14,4,GCATGACTTTGGCGCACATT,10,4919794
ygfS_ygfT_predicted,4.6,26,4,GCACGAGCTCGACGTCAAGG,22,4913427
ygfS_ygfT_predicted,3.0,18,4,GATCTGATATTCTGTGCGCG,14,4914034
ygfS_ygfT_predicted,6.0,33,4,GAGGTACCCTCGCATTTTGC,29,4911604
ygfS_ygfT_predicted,3.0,18,4,GACTTTCCATCATTGTATCT,14,4922470
ygfS_ygfT_predicted,0.4,5,4,GACCCTCCAGTACGAGCATA,1,4905761
ygfS_ygfT_predicted,0.4,5,4,CTTGCAGTCAGGGACATATC,1,4924410
ygfS_ygfT_predicted,1.8,12,4,CTTAATAGTCACAGTGGTTC,8,4927475
ygfS_ygfT_predicted,3.0,18,4,CTGCGGTCGGTCTCAGGCCG,14,4926990
ygfS_ygfT_predicted,4.4,25,4,CTGCATATGGGGCTAATTCT,21,4906384
ygfS_ygfT_predicted,0.4,5,4,CTCTGCAGCTTCTTTGAAGA,1,4922049
ygfS_ygfT_predicted,2.2,14,4,CGTAATGGGATACCAATGGC,10,4907230
ygfS_ygfT_predicted,4.4,25,4,CGCGGCTTCACTGAGTCTCC,21,4924354
ygfS_ygfT_predicted,5.0,28,4,CGCCGTAAATGCGGCGGTTT,24,4905682
ygfS_ygfT_predicted,11.6,61,4,CGAAAACAGAAGCAGTTTAT,57,4903343
ygfS_ygfT_predicted,3.4,20,4,CCTGGTCCGTTTAACTTCAA,16,4922677
ygfS_ygfT_predicted,0.4,5,4,CCTGGTCAAGCGGTTGACGT,1,4904919
ygfS_ygfT_predicted,5.0,28,4,CCGGCAGAACTGGCGCTGCC,24,4918265
ygfS_ygfT_predicted,2.0,13,4,CCCGCTGTACTACGGAATCT,9,4921579
ygfS_ygfT_predicted,4.2,24,4,CCAGGGATTGGTCTGGGGAA,20,4903833
ygfS_ygfT_predicted,5.8,32,4,CCAACCAATGTCTACTCCAT,28,4929677
ygfS_ygfT_predicted,8.4,45,4,CATTACCCCACGGCGTCGGC,41,4903092
ygfS_ygfT_predicted,0.4,5,4,CATAGGCCCGATCGCGCTAT,1,4922882
ygfS_ygfT_predicted,3.0,18,4,CAGGTCACTACTCGTTAGCG,14,4929380
ygfS_ygfT_predicted,1.2,9,4,CAGCTAGGCGACAGTATAGA,5,4930794
ygfS_ygfT_predicted,6.2,34,4,CAGCGACCACATCTTAGGCT,30,4926960
ygfS_ygfT_predicted,1.6,11,4,CAGAGTACAGGGTAGGGACC,7,4907790
ygfS_ygfT_predicted,0.4,5,4,CACTGACTTTGGGTGGCCTC,1,4920984
ygfS_ygfT_predicted,0.4,5,4,CACGGGCAGAGTATATCGGC,1,4916255
ygfS_ygfT_predicted,1.8,12,4,CACGACCGCAGAACCCGGGC,8,4901260
ygfS_ygfT_predicted,4.4,25,4,ATGGTAGTAGTGAGACGTGT,21,4916440
ygfS_ygfT_predicted,7.8,42,4,ATGGCGATGAGCGTTCAGAG,38,4918367
ygfS_ygfT_predicted,10.6,56,4,ATGCTCCTGCCGGTGCTCTG,52,4930133
ygfS_ygfT_predicted,2.0,13,4,ATCTTCTCAACTTTATCTTG,9,4916391
ygfS_ygfT_predicted,0.6,6,4,ATCTCAGGTCGCACAGCGGC,2,4911509
ygfS_ygfT_predicted,7.2,39,4,ATATCTTCGCCCAGATACGG,35,4914719
ygfS_ygfT_predicted,0.4,5,4,ATAATTAATTGGTGACACCC,1,4925246
ygfS_ygfT_predicted,3.2,19,4,ATAAGAAACATCAGGAAACG,15,4927665
ygfS_ygfT_predicted,5.6,31,4,ATAACCATTTGCGCGTGTGT,27,4905895
ygfS_ygfT_predicted,0.4,5,4,ATAAATTGTCGGTGCTTTAG,1,4928212
ygfS_ygfT_predicted,2.8,17,4,AGTGCCTGCTGCATCCGCGA,13,4914728
ygfS_ygfT_predicted,6.2,34,4,AGTATAAACGCTATTGTGTC,30,4916799
ygfS_ygfT_predicted,2.4,15,4,AGGTGCCTCACACCCGCCCC,11,4919514
ygfS_ygfT_predicted,3.6,21,4,AGCGTTTCCGCTATCTCTTG,17,4916522
ygfS_ygfT_predicted,1.2,9,4,AGCCAATTTGATGTGAGGGG,5,4923878
ygfS_ygfT_predicted,2.8,17,4,AGAATTCGGGATGCTAGGGT,13,4921988
ygfS_ygfT_predicted,3.0,18,4,ACTTTCTGCGGCATATCGTA,14,4904839
ygfS_ygfT_predicted,9.2,49,4,ACGTCATAATCGTACATCAG,45,4903603
ygfS_ygfT_predicted,7.0,38,4,ACGCTCTCTTAGGTATAGAG,34,4905774
ygfS_ygfT_predicted,0.8,7,4,ACGCATCGTTAACACCTTAT,3,4916276
ygfS_ygfT_predicted,6.0,33,4,ACCTTTCTGAGTAATCCATG,29,4910911
ygfS_ygfT_predicted,6.6,36,4,ACCCATGAAGTTGGGGCCGT,32,4920274
ygfS_ygfT_predicted,12.6,66,4,AAGTATGTGGTGTTCGTATT,62,4928243
ygfS_ygfT_predicted,0.4,5,4,AACGGTCAGATCCCAAGGTA,1,4925803
ygfS_ygfT_predicted,0.4,5,4,AAAGAGATTTGCTGGCCCGT,1,4913298
ygfS_ygfT_predicted,1.4,10,4,AAACCCCAGAGGGCTATCGT,6,4907654
ygfS_ygfT_predicted,0.5,4,3,TTTTGCTCCAAGCTGAGAGG,1,4902159
ygfS_ygfT_predicted,4.0,18,3,TTGTCCCTTACAGGAACAAC,15,4929643
ygfS_ygfT_predicted,2.75,13,3,TTCTTCGGAGTCTTCCGGAG,10,4906653
ygfS_ygfT_predicted,1.25,7,3,TTATTCACGTGATCGGCCCC,4,4904165
ygfS_ygfT_predicted,0.5,4,3,TTATCGTTTGAAGCCCGAAG,1,4910061
ygfS_ygfT_predicted,3.5,16,3,TTATCGCAGATGTAAGGCAG,13,4922442
ygfS_ygfT_predicted,1.0,6,3,TGTGTTAATCTTTTGATAAA,3,4922561
ygfS_ygfT_predicted,0.5,4,3,TGGGTGCTTCGCAGCTCCGG,1,4924296
ygfS_ygfT_predicted,0.5,4,3,TGCTAGCACAAAGCTTCACT,1,4908253
ygfS_ygfT_predicted,6.25,27,3,TGATGAGCAATATCCTTAAT,24,4931059
ygfS_ygfT_predicted,5.75,25,3,TCTTGTGAGGGGACTCTGCA,22,4914331
ygfS_ygfT_predicted,0.5,4,3,TCTCTGCTATGGAAGAGGGA,1,4905311
ygfS_ygfT_predicted,0.5,4,3,TCTCGATTTCCTAGTGCGCT,1,4903181
ygfS_ygfT_predicted,3.75,17,3,TCGGCATCCTAGCCAGTGTG,14,4905428
ygfS_ygfT_predicted,5.0,22,3,TCCAGCTATGTTATTGCGTT,19,4929463
ygfS_ygfT_predicted,6.0,26,3,TATTTCATGGGCAAAGCAGG,23,4912454
ygfS_ygfT_predicted,6.5,28,3,TATGATTTTGTCTTGTGGCA,25,4922196
ygfS_ygfT_predicted,3.75,17,3,TATCTGTTTTCACGAAGGCT,14,4906074
ygfS_ygfT_predicted,8.75,37,3,TAGTCATGCCCGTAATATAA,34,4912300
ygfS_ygfT_predicted,3.0,14,3,TAGGACGACAGATCAACCTG,11,4900629
ygfS_ygfT_predicted,2.75,13,3,TAGCAGGTCCTTGTCATACT,10,4924864
ygfS_ygfT_predicted,6.5,28,3,TAATTGTGTCCCCTTTGAAA,25,4912632
ygfS_ygfT_predicted,7.5,32,3,TAATCGCACTGCGGCGACCA,29,4902626
ygfS_ygfT_predicted,7.5,32,3,TAAGTAAGTCATAGTCTGCG,29,4908982
ygfS_ygfT_predicted,3.5,16,3,GTTGGACACTTAAGCGCAGA,13,4929445
ygfS_ygfT_predicted,0.75,5,3,GTTCTATCTCCGTCTCCAAG,2,4916028
ygfS_ygfT_predicted,4.75,21,3,GTGTTCAGAATGTTTGGAGA,18,4906121
ygfS_ygfT_predicted,3.75,17,3,GTGGCACCGTTTACAAAGGG,14,4927465
ygfS_ygfT_predicted,4.5,20,3,GTCAAGTTGTCGTCGTTGGC,17,4912467
ygfS_ygfT_predicted,4.5,20,3,GTAGAATATATGAGAATACT,17,4919468
ygfS_ygfT_predicted,2.5,12,3,GGTGGGTATGAGTTCAGAAG,9,4921880
ygfS_ygfT_predicted,0.75,5,3,GGTCATTTCTGAGGCTTTGC,2,4899926
ygfS_ygfT_predicted,5.0,22,3,GGTCACCACGAACTTGCGAG,19,4909892
ygfS_ygfT_predicted,4.5,20,3,GGTACGGAAATGAAAGTCTA,17,4902319
ygfS_ygfT_predicted,2.0,10,3,GGTAATTTTATTTCTGAAAT,7,4903565
ygfS_ygfT_predicted,5.25,23,3,GGGGGTGAGTGCAAGGCTAT,20,4913858
ygfS_ygfT_predicted,3.25,15,3,GGGAGAGTAAGGAATAGCTT,12,4930240
ygfS_ygfT_predicted,5.0,22,3,GGGAAAGACGGAGGCCATTA,19,4904133
ygfS_ygfT_predicted,3.5,16,3,GGCTTCACCCTTCAGTGCAG,13,4913090
ygfS_ygfT_predicted,5.0,22,3,GGCTGGGGGAACTGAACAAT,19,4910126
ygfS_ygfT_predicted,3.0,14,3,GGCCGGCTCGTGACTTCTTT,11,4925799
ygfS_ygfT_predicted,10.5,44,3,GCGGGGGGTCCGGTTATATA,41,4916486
ygfS_ygfT_predicted,5.25,23,3,GCGCTCGACGTCACTGTCAC,20,4927231
ygfS_ygfT_predicted,3.0,14,3,GCCCAAGTTGCACGCCTCGG,11,4930084
ygfS_ygfT_predicted,8.75,37,3,GCAGCATAAGTGTGTCGCCT,34,4914992
ygfS_ygfT_predicted,5.0,22,3,GCAATCAATTCTGGTGCGGC,19,4921724
ygfS_ygfT_predicted,3.75,17,3,GCAAGCATCCACACCTTCAA,14,4919066
ygfS_ygfT_predicted,1.5,8,3,GATTTACCAACGAATCTAGC,5,4911073
ygfS_ygfT_predicted,0.5,4,3,GATTGGCGTGGCTAATCTAA,1,4920086
ygfS_ygfT_predicted,2.5,12,3,GAGCGCAAAGCGCACTGTAA,9,4930945
ygfS_ygfT_predicted,3.75,17,3,GAGCCTCAGTTTCACAACGC,14,4914253
ygfS_ygfT_predicted,5.0,22,3,GAGAGAGGCCAAGGCACTGT,19,4919553
ygfS_ygfT_predicted,2.25,11,3,GACATCTTGAAATGAATGCG,8,4903989
ygfS_ygfT_predicted,3.25,15,3,GACAATTTTCGGCTAACGGT,12,4922605
ygfS_ygfT_predicted,3.75,17,3,GAAGGCTGAACAACGGTCGA,14,4909978
ygfS_ygfT_predicted,5.0,22,3,CTTAATTTTGACATGCAGGG,19,4926099
ygfS_ygfT_predicted,1.75,9,3,CTGTTATCGGACTTGCAGTT,6,4919203
ygfS_ygfT_predicted,0.5,4,3,CTGCTAATCATACGAGCACC,1,4924114
ygfS_ygfT_predicted,14.25,59,3,CTAAGTATTTCTTTCCTCCA,56,4930601
ygfS_ygfT_predicted,2.25,11,3,CGTGTTGATTCCCGTCCGGC,8,4902070
ygfS_ygfT_predicted,9.0,38,3,CGTCTGGGGCTGATTCTACC,35,4925852
ygfS_ygfT_predicted,3.75,17,3,CGTATGCTGTGGACCAGAAG,14,4910427
ygfS_ygfT_predicted,3.25,15,3,CGGCCAAACGAGGGCTCGGA,12,4910589
ygfS_ygfT_predicted,3.25,15,3,CGGACACCAGCCCGCCCCGA,12,4916993
ygfS_ygfT_predicted,2.0,10,3,CGCTCTAAGTTACAGCGCGC,7,4917935
ygfS_ygfT_predicted,8.5,36,3,CGCACATGAGCCACACTTGG,33,4903640
ygfS_ygfT_predicted,2.5,12,3,CGATAGTTACATACAAAGGG,9,4915080
ygfS_ygfT_predicted,6.0,26,3,CGAGCCTCCCCCAGAGGACA,23,4912191
ygfS_ygfT_predicted,0.75,5,3,CGAAAGTCCTATGGAGTTAA,2,4903948
ygfS_ygfT_predicted,0.5,4,3,CCTGTGACGGATTCAACAGT,1,4929522
ygfS_ygfT_predicted,0.5,4,3,CCTAGAACCTTAGTAAGGCA,1,4920560
ygfS_ygfT_predicted,4.5,20,3,CCGAAGTCTTGAGTAACACA,17,4908414
ygfS_ygfT_predicted,0.75,5,3,CCCCGCTGAGTGCTTCACGG,2,4908148
ygfS_ygfT_predicted,8.0,34,3,CCCACTAGATAAGAAAACTG,31,4919546
ygfS_ygfT_predicted,3.5,16,3,CCATGTAAAGATACTCGAGC,13,4899817
ygfS_ygfT_predicted,3.5,16,3,CCAGGGATTCACTTGGGCAT,13,4926378
ygfS_ygfT_predicted,1.75,9,3,CCACAAATACCCTTAATGAT,6,4920225
ygfS_ygfT_predicted,10.25,43,3,CATTCTAGGGCAGTGTCATT,40,4903413
ygfS_ygfT_predicted,9.25,39,3,CACTCAGCGTCGTTAGCATA,36,4922229
ygfS_ygfT_predicted,5.5,24,3,CACCTCTTCTCGAGAATCGA,21,4899779
ygfS_ygfT_predicted,3.75,17,3,CACCTCGTGGTCTGGACGAT,14,4917211
ygfS_ygfT_predicted,2.0,10,3,CACCTCCGGGCAAGGCGTAC,7,4923113
ygfS_ygfT_predicted,0.5,4,3,CAACCTCGACTCTAAGCGCG,1,4927338
ygfS_ygfT_predicted,1.5,8,3,ATTCCGCCCAAGGCGTTGGT,5,4930412
ygfS_ygfT_predicted,3.75,17,3,ATTAGGCCTATATTTTTGGT,14,4910402
ygfS_ygfT_predicted,4.0,18,3,ATGTGGAAGGACGAGTAAGG,15,4912364
ygfS_ygfT_predicted,7.0,30,3,ATGTCTGGCACCCCTCCGAG,27,4915575
ygfS_ygfT_predicted,11.5,48,3,ATGTCGGATTTTTCGGTTGA,45,4899688
ygfS_ygfT_predicted,7.25,31,3,ATGTAGGACACATGCGAAAA,28,4914360
ygfS_ygfT_predicted,1.75,9,3,ATGTACCTCGGAATCGACCT,6,4931077
ygfS_ygfT_predicted,0.75,5,3,ATGGCACAGCTTCCGCAAAC,2,4908707
ygfS_ygfT_predicted,6.75,29,3,ATGCCAATGCTCCGTGCGGC,26,4907621
ygfS_ygfT_predicted,9.0,38,3,ATCAGCTTATTCTTAGTTAG,35,4910773
ygfS_ygfT_predicted,9.75,41,3,AGTTCCTCCTCTCACAAGAA,38,4927739
ygfS_ygfT_predicted,1.75,9,3,AGTGGGGCATGGAACTTGTA,6,4912356
ygfS_ygfT_predicted,6.5,28,3,AGGCTAGAGCATACGGAATA,25,4905237
ygfS_ygfT_predicted,2.0,10,3,AGGCACATACCGACCCAGAG,7,4904391
ygfS_ygfT_predicted,12.0,50,3,AGGACGCTTTTACGTTTCAA,47,4928326
ygfS_ygfT_predicted,0.5,4,3,AGGAATGGAGCCATCGGGGT,1,4918021
ygfS_ygfT_predicted,5.5,24,3,AGCTTACGCGTTTATACACA,21,4909095
ygfS_ygfT_predicted,0.5,4,3,AGCACTCATTAGAACGAAAA,1,4919248
ygfS_ygfT_predicted,5.75,25,3,AGATTCAGATTAGAGGCTCA,22,4931144
ygfS_ygfT_predicted,7.25,31,3,AGATGACGCGGATTGTAAGA,28,4931208
ygfS_ygfT_predicted,8.0,34,3,AGAGTTCTCTGGTTCCGTAA,31,4907275
ygfS_ygfT_predicted,6.0,26,3,AGAAAAGGACTGTCAGGTAT,23,4929500
ygfS_ygfT_predicted,3.75,17,3,ACTTTTTAGCTGGATCGTCG,14,4924832
ygfS_ygfT_predicted,9.75,41,3,ACTTTGATTTTTAAAAAAAG,38,4912327
ygfS_ygfT_predicted,5.25,23,3,ACTTGATCTGCGCTCAACTC,20,4920959
ygfS_ygfT_predicted,4.25,19,3,ACTATAGATTAACAAAATCC,16,4903034
ygfS_ygfT_predicted,4.0,18,3,ACCGCCAAGGGAGTTGCTGT,15,4917736
ygfS_ygfT_predicted,3.25,15,3,ACCCGGTCCCAGTTCGGGAA,12,4900788
ygfS_ygfT_predicted,4.75,21,3,ACCCATGGCGACATGACCCC,18,4924180
ygfS_ygfT_predicted,5.75,25,3,ACACGGGCCGACAACCGTAT,22,4902229
ygfS_ygfT_predicted,1.5,8,3,ACACCTGGGGTCCCTCGTCG,5,4928532
ygfS_ygfT_predicted,2.0,10,3,ACAAGCCTCGCGCGCGACAC,7,4911201
ygfS_ygfT_predicted,9.0,38,3,AATGCTGCGGCTCGTCGGCT,35,4924490
ygfS_ygfT_predicted,4.5,20,3,AAGTGCGACGGGAATGGGCA,17,4917149
ygfS_ygfT_predicted,1.5,8,3,AACTTGCACTCTACGGCCTA,5,4925734
ygfS_ygfT_predicted,3.0,14,3,AACATGAACTCTTTCATGTC,11,4906521
ygfS_ygfT_predicted,4.25,19,3,AAATCGGGTGGATCTTCAGA,16,4927723
ygfS_ygfT_predicted,3.0,14,3,AAAGCGGCGATCATTCCGGA,11,4922967
ygfS_ygfT_predicted,9.0,38,3,AAACATAGGGTCGAGATTTC,35,4908686
ygfS_ygfT_predicted,2.6666666666666665,9,2,TTTTACAACCCCTGTTGTGA,7,4902963
ygfS_ygfT_predicted,11.333333333333334,35,2,TTTGTAAGTTGGAGATCCAA,33,4921783
ygfS_ygfT_predicted,0.6666666666666666,3,2,TTTGAGACTAGGGCAGCCCA,1,4921352
ygfS_ygfT_predicted,12.0,37,2,TTTCAAAGAAGGATTGGCTT,35,4911372
ygfS_ygfT_predicted,1.6666666666666667,6,2,TTGGCTGAGGAAGATTGACT,4,4911374
ygfS_ygfT_predicted,1.3333333333333333,5,2,TTCCTAGCGTGCTTGCAGCA,3,4925764
ygfS_ygfT_predicted,0.6666666666666666,3,2,TTCCTACGGTCATAAAAGTG,1,4930602
ygfS_ygfT_predicted,2.0,7,2,TTCAGGTCTGCTTAATAATA,5,4918678
ygfS_ygfT_predicted,2.3333333333333335,8,2,TGTAATACCCTCCTTCACCA,6,4926213
ygfS_ygfT_predicted,2.6666666666666665,9,2,TGGTTATGAAATTGTTTCTA,7,4926790
ygfS_ygfT_predicted,7.666666666666667,24,2,TGGTAGGAATTGGTTCCCGG,22,4926818
ygfS_ygfT_predicted,0.6666666666666666,3,2,TGGGGCGACTGGAAGGACAG,1,4929044
ygfS_ygfT_predicted,0.6666666666666666,3,2,TGGGCCTCCGTCCTCCGAGT,1,4918109
ygfS_ygfT_predicted,5.666666666666667,18,2,TGCGTGCTAGGTGGACTGTG,16,4928072
ygfS_ygfT_predicted,4.333333333333333,14,2,TGCGTGCACGAACGTTGTCT,12,4917347
ygfS_ygfT_predicted,1.3333333333333333,5,2,TGCCTTCTAGTCCCTCCTGA,3,4914860
ygfS_ygfT_predicted,5.666666666666667,18,2,TGCCGTAGTAGAGGCTCCGG,16,4925035
ygfS_ygfT_predicted,5.0,16,2,TGACGTAGTGAATTCTCTTA,14,4903195
ygfS_ygfT_predicted,3.6666666666666665,12,2,TCTGGCGAAGTGGCCCCAGA,10,4910537
ygfS_ygfT_predicted,0.6666666666666666,3,2,TCCTCTCGGTTTCGACTCAA,1,4903759
ygfS_ygfT_predicted,1.6666666666666667,6,2,TCCCTAGGTGCCCATCCCCA,4,4903994
ygfS_ygfT_predicted,4.333333333333333,14,2,TCATTAGGCATTCTACCGAC,12,4916156
ygfS_ygfT_predicted,7.666666666666667,24,2,TCAGCTGAAAGCTCCGGTAC,22,4914376
ygfS_ygfT_predicted,2.6666666666666665,9,2,TCAGACACAGTTACGTCGAT,7,4927455
ygfS_ygfT_predicted,5.666666666666667,18,2,TCAAACTCGACCCTTCTCCC,16,4906134
ygfS_ygfT_predicted,10.0,31,2,TATGATGATGCATTAATACC,29,4909366
ygfS_ygfT_predicted,4.0,13,2,TATCGCTGCCTTGGGCAGTA,11,4913633
ygfS_ygfT_predicted,8.333333333333334,26,2,TATCACTCGAGTGTCCACAC,24,4900250
ygfS_ygfT_predicted,5.0,16,2,TATATTCGAAAAAGTCAGTG,14,4914988
ygfS_ygfT_predicted,6.333333333333333,20,2,TAGCGGGTACGTGCAGTCCT,18,4926212
ygfS_ygfT_predicted,0.6666666666666666,3,2,TAGCATATCCGTGCACAGAC,1,4908777
ygfS_ygfT_predicted,5.666666666666667,18,2,GTTGGTTGTTATGCGTTCTC,16,4907468
ygfS_ygfT_predicted,0.6666666666666666,3,2,GTTCGCGGAAATGTGAAGGC,1,4906736
ygfS_ygfT_predicted,3.3333333333333335,11,2,GTCTCCTCACACCGTTAGAC,9,4919390
ygfS_ygfT_predicted,12.333333333333334,38,2,GTCCAGTTAAGTCTCGCGAA,36,4929453
ygfS_ygfT_predicted,10.666666666666666,33,2,GTATTAACCATAGCCCTACG,31,4912297
ygfS_ygfT_predicted,1.6666666666666667,6,2,GGGTCTGTGCATGTGGCAAA,4,4907502
ygfS_ygfT_predicted,15.0,46,2,GGGGACTCGGCATCATGACA,44,4924188
ygfS_ygfT_predicted,1.0,4,2,GGGCGAATGACGATACATCC,2,4931317
ygfS_ygfT_predicted,6.666666666666667,21,2,GGCAATGTTCACCGCTATTC,19,4915387
ygfS_ygfT_predicted,9.0,28,2,GCGTTCTAGGAAAAATCGTC,26,4922206
ygfS_ygfT_predicted,6.333333333333333,20,2,GCGTGTCGGTCTCAATTCGT,18,4908166
ygfS_ygfT_predicted,2.0,7,2,GCGTCAGTCGGAGGAAGGGG,5,4922953
ygfS_ygfT_predicted,0.6666666666666666,3,2,GCGGTGACTATTTGCGTACG,1,4913284
ygfS_ygfT_predicted,1.3333333333333333,5,2,GCGGGTCCAGGAAGTGGCAA,3,4914426
ygfS_ygfT_predicted,0.6666666666666666,3,2,GCGGGATGCCCCTACAGGCA,1,4915172
ygfS_ygfT_predicted,0.6666666666666666,3,2,GCCTAATCGGTGTCCAGATC,1,4907705
ygfS_ygfT_predicted,5.333333333333333,17,2,GCCCTGAAAGTTAAGATTGC,15,4922255
ygfS_ygfT_predicted,5.0,16,2,GCACTCTATTTTGGTCATTT,14,4901641
ygfS_ygfT_predicted,5.0,16,2,GATTTCTAAGCTGCATCAAC,14,4931304
ygfS_ygfT_predicted,12.666666666666666,39,2,GATATCCGGTACGTCGGATA,37,4930437
ygfS_ygfT_predicted,6.0,19,2,GATACGGCGTCTGAATGGAT,17,4925521
ygfS_ygfT_predicted,7.333333333333333,23,2,GAGCAGCACTTCCCGCTCAA,21,4908311
ygfS_ygfT_predicted,1.6666666666666667,6,2,GACCTAAATTTATGCGTTTA,4,4930717
ygfS_ygfT_predicted,6.666666666666667,21,2,GAATAGATCACTTGGGCTTC,19,4912218
ygfS_ygfT_predicted,1.3333333333333333,5,2,CTTTCCCGCCGAATCACCGA,3,4915981
ygfS_ygfT_predicted,7.666666666666667,24,2,CTTCGAACCTATAATGGAGT,22,4928148
ygfS_ygfT_predicted,0.6666666666666666,3,2,CTGCTGCTTAATCATGGCAT,1,4927926
ygfS_ygfT_predicted,6.333333333333333,20,2,CTAAAGTTATTTATAGCTCC,18,4924982
ygfS_ygfT_predicted,0.6666666666666666,3,2,CGTAGAGCGAGCTCGAAAAT,1,4913590
ygfS_ygfT_predicted,7.666666666666667,24,2,CGGTCCTGGATTATATAGAC,22,4906955
ygfS_ygfT_predicted,1.6666666666666667,6,2,CGGGGTGTGGAGTTGCCTTT,4,4919038
ygfS_ygfT_predicted,3.0,10,2,CGGCCCAGGTGCGCAGGGTT,8,4914146
ygfS_ygfT_predicted,1.0,4,2,CGCAGTGCCATTATCCGGGG,2,4920785
ygfS_ygfT_predicted,2.6666666666666665,9,2,CGCACCACGCTGGGGTACCT,7,4906988
ygfS_ygfT_predicted,8.0,25,2,CGATCCTACTGCTGTCTATA,23,4926072
ygfS_ygfT_predicted,7.0,22,2,CGATAGACGTTAGGGTACGA,20,4926376
ygfS_ygfT_predicted,3.6666666666666665,12,2,CGACAGGCTGGATCGATCAA,10,4929583
ygfS_ygfT_predicted,12.666666666666666,39,2,CGAATACCAATTTATGGGGA,37,4927529
ygfS_ygfT_predicted,11.0,34,2,CCTATGGTCTGCTAAGGCAG,32,4900329
ygfS_ygfT_predicted,0.6666666666666666,3,2,CCTAGTCGTCATTCAACATG,1,4928128
ygfS_ygfT_predicted,1.6666666666666667,6,2,CCGACGGTTCTACACCGTGA,4,4916644
ygfS_ygfT_predicted,8.333333333333334,26,2,CCCGTTCGGGGTACGTACCA,24,4926959
ygfS_ygfT_predicted,6.666666666666667,21,2,CCAGGCCCGTCACTCTCTGT,19,4904083
ygfS_ygfT_predicted,10.333333333333334,32,2,CATTGAAGAGGCAAACTTGT,30,4913511
ygfS_ygfT_predicted,9.666666666666666,30,2,CATGCTCGGCGCGTAGGCCA,28,4909132
ygfS_ygfT_predicted,1.3333333333333333,5,2,CAGTATATAACCGGATTGGG,3,4930397
ygfS_ygfT_predicted,5.666666666666667,18,2,CAGGCAGGCGCATATCATAT,16,4904413
ygfS_ygfT_predicted,7.0,22,2,CAGAGAGGAGGAGGAGTGAT,20,4906926
ygfS_ygfT_predicted,4.0,13,2,CAGACTTTATAGGCCGACGG,11,4909379
ygfS_ygfT_predicted,3.3333333333333335,11,2,CACCTGGTTCTATTTTATAT,9,4904239
ygfS_ygfT_predicted,3.6666666666666665,12,2,ATTTGCACCCAGCTGCTACA,10,4913874
ygfS_ygfT_predicted,6.666666666666667,21,2,ATTCTAGGGTTAATGAAACA,19,4910886
ygfS_ygfT_predicted,1.3333333333333333,5,2,ATTATACACATATAACTTAT,3,4918430
ygfS_ygfT_predicted,6.333333333333333,20,2,ATGCCACTCTCATAACGGAG,18,4921308
ygfS_ygfT_predicted,3.3333333333333335,11,2,ATCTATTCAATCTTATGGAA,9,4919559
ygfS_ygfT_predicted,5.333333333333333,17,2,ATCGGTATCGTGATCATACT,15,4921622
ygfS_ygfT_predicted,1.0,4,2,ATCGATCCAGTAAATCCCTC,2,4929612
ygfS_ygfT_predicted,5.666666666666667,18,2,ATATCCTCAAATTACAAGAC,16,4909487
ygfS_ygfT_predicted,0.6666666666666666,3,2,ATAGGATTATATAAAGGTTG,1,4917027
ygfS_ygfT_predicted,11.666666666666666,36,2,ATAATTACTGAAATTGGGAC,34,4925538
ygfS_ygfT_predicted,1.0,4,2,AGTCCGAAACTGAAGATTTC,2,4931057
ygfS_ygfT_predicted,4.666666666666667,15,2,AGGCTTAATCTGAACCAATA,13,4913522
ygfS_ygfT_predicted,4.0,13,2,AGGCTATGGAGGCCCATTAA,11,4921372
ygfS_ygfT_predicted,9.333333333333334,29,2,AGGAGCAGCGGAACAGCCAT,27,4914714
ygfS_ygfT_predicted,7.333333333333333,23,2,AGCCGTGCAAGCTCTACAAC,21,4930283
ygfS_ygfT_predicted,2.6666666666666665,9,2,AGAGGGAATCTTCCCTAATG,7,4914666
ygfS_ygfT_predicted,7.666666666666667,24,2,ACTTTAGAGCCCCTTATTCA,22,4908998
ygfS_ygfT_predicted,11.333333333333334,35,2,ACGGAGCCAATTGGCTTTTC,33,4914936
ygfS_ygfT_predicted,3.0,10,2,ACCTCCCGGATTGGGTTTGA,8,4914596
ygfS_ygfT_predicted,8.333333333333334,26,2,ACCCCATAACTTTACAGGAA,24,4915771
ygfS_ygfT_predicted,0.6666666666666666,3,2,ACCAGACTTTTGTGAGTAGA,1,4920730
ygfS_ygfT_predicted,0.6666666666666666,3,2,ACAGTGTGTAGACTTTAGGA,1,4919649
ygfS_ygfT_predicted,6.0,19,2,AATCAATCTGCACTTAAGCA,17,4922259
ygfS_ygfT_predicted,6.0,19,2,AACATTTATTTTAAGAGTGG,17,4916437
ygfS_ygfT_predicted,15.666666666666666,48,2,AACATACAAGAACCACTTTT,46,4908607
ygfS_ygfT_predicted,10.333333333333334,32,2,AAATTACTATGAAGGCCCTT,30,4925277
ygfS_ygfT_predicted,11.0,34,2,AAATGACTTAACTGTTCGGC,32,4924912
ygfS_ygfT_predicted,18.333333333333332,56,2,AAATCATCGGCCCATCCTTA,54,4919424
ygfS_ygfT_predicted,4.333333333333333,14,2,AAAAGGGTCACTATCAACCA,12,4915870
ygfS_ygfT_predicted,1.5,3,1,TTTTGCTGGGTCGCGCTATC,2,4909648
ygfS_ygfT_predicted,5.5,11,1,TTGCTGCTTGATTGTGGATC,10,4928170
ygfS_ygfT_predicted,5.0,10,1,TTCTTTTATCCGCCGAGACG,9,4915543
ygfS_ygfT_predicted,12.5,25,1,TTCTGACTAGCTGGGTTGTC,24,4916438
ygfS_ygfT_predicted,1.0,2,1,TTCAGCGGTCAGTGTCGTGA,1,4911811
ygfS_ygfT_predicted,1.0,2,1,TTAGGACCGTCAATCACTCA,1,4919691
ygfS_ygfT_predicted,1.0,2,1,TTACGCTCAACTGTGCACGA,1,4901217
ygfS_ygfT_predicted,3.5,7,1,TGTTCAGTATGATTATCGTC,6,4909569
ygfS_ygfT_predicted,5.0,10,1,TGTCCTACGAAGTCACGCCC,9,4912478
ygfS_ygfT_predicted,1.0,2,1,TGGAGTGTTACCAATTAGCC,1,4905732
ygfS_ygfT_predicted,4.5,9,1,TGCAACGGGTCGCGTTCCCT,8,4912056
ygfS_ygfT_predicted,12.0,24,1,TGATCGAGCATCTAAATGTG,23,4902010
ygfS_ygfT_predicted,9.5,19,1,TCGCCCAACCGTGTGGGGCT,18,4910798
ygfS_ygfT_predicted,9.0,18,1,TCCTGTGTACTACGTATTAC,17,4904744
ygfS_ygfT_predicted,11.0,22,1,TCCCCTTGTTGAGCTATATT,21,4926880
ygfS_ygfT_predicted,1.0,2,1,TCCCCGTTCTCACAAGCTCC,1,4920929
ygfS_ygfT_predicted,9.0,18,1,TCCAGCTAGTAATCGGCAAT,17,4912881
ygfS_ygfT_predicted,1.0,2,1,TCAGAAGCCTCGCAGATTAT,1,4919157
ygfS_ygfT_predicted,9.5,19,1,TCAATCGAATTCCAAAGCGA,18,4914878
ygfS_ygfT_predicted,8.0,16,1,TATGCGGCTGGACCTAGAGC,15,4902874
ygfS_ygfT_predicted,12.5,25,1,TATAGTCAAGGCTTCTGACC,24,4920176
ygfS_ygfT_predicted,7.0,14,1,TAGTGCTTGAGTTTGAGCTA,13,4929203
ygfS_ygfT_predicted,8.0,16,1,TACTTCTGCCTCGGTGGGTG,15,4925380
ygfS_ygfT_predicted,3.5,7,1,TAAGTGGTGGCGCTCGTTTT,6,4908394
ygfS_ygfT_predicted,2.5,5,1,TAAGCTGATAGTCATCCCCT,4,4920993
ygfS_ygfT_predicted,9.5,19,1,GTTCGCGGTTTTTACGAGGG,18,4923752
ygfS_ygfT_predicted,9.0,18,1,GTCATCTATCCGTCGTTGTG,17,4915126
ygfS_ygfT_predicted,6.0,12,1,GTCATCAAGTAGGAACCCAA,11,4929513
ygfS_ygfT_predicted,6.0,12,1,GTATAGCTCGCGTGAATTAA,11,4914845
ygfS_ygfT_predicted,9.5,19,1,GTAGCTCACAGGTAGCAGAG,18,4910235
ygfS_ygfT_predicted,12.0,24,1,GTACTGTATTTGTAAGGCTG,23,4900301
ygfS_ygfT_predicted,10.0,20,1,GGTTGGTTCCGGTTCGTCTG,19,4908576
ygfS_ygfT_predicted,1.0,2,1,GGTCCGATTAAGTGGGCGTC,1,4930584
ygfS_ygfT_predicted,9.5,19,1,GGTACCCTTGCAGCCGAGCT,18,4922471
ygfS_ygfT_predicted,7.5,15,1,GGGGTAAGCTGTAGGCGGTT,14,4908966
ygfS_ygfT_predicted,5.0,10,1,GGCTGAGCTGGACTTATATC,9,4912453
ygfS_ygfT_predicted,1.0,2,1,GGATGTTAACCGTTTTCACT,1,4915344
ygfS_ygfT_predicted,5.0,10,1,GGATATTGTACGGTACTACC,9,4911449
ygfS_ygfT_predicted,27.5,55,1,GGAATAGAATGTCACGCGAA,54,4905708
ygfS_ygfT_predicted,1.0,2,1,GCGGACCAGTAGGCTTGTAA,1,4930305
ygfS_ygfT_predicted,9.5,19,1,GCCTCTATCTTTTAGTAGGA,18,4922342
ygfS_ygfT_predicted,4.5,9,1,GCCGGTGGGGTCGTCGTGCT,8,4925581
ygfS_ygfT_predicted,5.0,10,1,GCACGTTACGGTGATACAAA,9,4904360
ygfS_ygfT_predicted,30.0,60,1,GCAAACTCCGAGAGAATGTC,59,4931329
ygfS_ygfT_predicted,9.5,19,1,GATGCATCTCCAGAAAAATT,18,4924806
ygfS_ygfT_predicted,4.0,8,1,GAGTAGTGACCCCCGCGACC,7,4902888
ygfS_ygfT_predicted,1.0,2,1,GAGTACGATTGCTATGGAAC,1,4914487
ygfS_ygfT_predicted,1.5,3,1,GACACGGAGGAGTGATACAT,2,4912682
ygfS_ygfT_predicted,7.0,14,1,CTTTATCCAGAACAGGCCCC,13,4929372
ygfS_ygfT_predicted,5.5,11,1,CTTGTAAACCTCAGGCTTTC,10,4902611
ygfS_ygfT_predicted,3.5,7,1,CTTAAGGGACAAGTCGAACA,6,4923855
ygfS_ygfT_predicted,1.5,3,1,CTCTCCAAAGGGCAGGACCT,2,4928768
ygfS_ygfT_predicted,4.5,9,1,CTCCGTTTTCCCTGGTAGAG,8,4905356
ygfS_ygfT_predicted,17.5,35,1,CTCCGACCACGGCGCCGACC,34,4921747
ygfS_ygfT_predicted,4.0,8,1,CTAGCAACTGCGAGTTTAGG,7,4925561
ygfS_ygfT_predicted,17.5,35,1,CGGATGGGTAAAGTTGATCA,34,4908760
ygfS_ygfT_predicted,1.0,2,1,CGGACGGATCTATGTACACT,1,4918743
ygfS_ygfT_predicted,5.5,11,1,CGCGTCGTGAGTGTTAGCCC,10,4908996
ygfS_ygfT_predicted,1.0,2,1,CGCGGACGCTAGTTGAGGCC,1,4914330
ygfS_ygfT_predicted,4.0,8,1,CGCATTACATTGACTACCGA,7,4919306
ygfS_ygfT_predicted,1.0,2,1,CGCAGGATAGCCGATCCTTG,1,4930530
ygfS_ygfT_predicted,9.0,18,1,CGATTCCATTACGAATGCGA,17,4928295
ygfS_ygfT_predicted,1.0,2,1,CGACAGACGCTAACTCCCGC,1,4922816
ygfS_ygfT_predicted,1.0,2,1,CCGCCAGGAGATGCATACTA,1,4902835
ygfS_ygfT_predicted,4.0,8,1,CCCCTACAACGGGACGCACA,7,4931190
ygfS_ygfT_predicted,6.5,13,1,CCATCTCAACTATAGGTAGC,12,4906953
ygfS_ygfT_predicted,9.5,19,1,CCATAGCCGCTCTGATTCCC,18,4930411
ygfS_ygfT_predicted,2.5,5,1,CATGGCCATTCCGGATTAGA,4,4911675
ygfS_ygfT_predicted,8.0,16,1,CATGCACAGTTTCAGCATTT,15,4909529
ygfS_ygfT_predicted,27.5,55,1,CAGTTCTTAATTCTGCACTA,54,4920756
ygfS_ygfT_predicted,9.5,19,1,CAGTGGTGTTATGACCCGTA,18,4927261
ygfS_ygfT_predicted,7.5,15,1,CAGTAGATCTGGGGTCAGCT,14,4908956
ygfS_ygfT_predicted,1.0,2,1,CAGGGCTGCCTATTACGTGT,1,4914942
ygfS_ygfT_predicted,7.0,14,1,CAGCGTATAGTTACGTTCCT,13,4923500
ygfS_ygfT_predicted,12.5,25,1,CAGCGGCGCATCGACATCAA,24,4916995
ygfS_ygfT_predicted,4.5,9,1,CAGATGTTTGCGATCCATAC,8,4900559
ygfS_ygfT_predicted,1.0,2,1,CACCGCCCGTGAAACCACCG,1,4901193
ygfS_ygfT_predicted,6.0,12,1,CAATAGCCATAATTACGGTA,11,4921504
ygfS_ygfT_predicted,10.0,20,1,CAACGCGCGACTGTCGATGG,19,4922851
ygfS_ygfT_predicted,10.0,20,1,CAAAGACTAAGTAACTAGAA,19,4903579
ygfS_ygfT_predicted,14.0,28,1,ATTGGTTGGTTTCTGGTGGT,27,4930406
ygfS_ygfT_predicted,3.0,6,1,ATGTGACGCGGTCTAACCCC,5,4903601
ygfS_ygfT_predicted,12.5,25,1,ATGTGAAAAAAACTTCAACA,24,4928895
ygfS_ygfT_predicted,11.5,23,1,ATGGCAGGTCATATACAGCT,22,4929302
ygfS_ygfT_predicted,25.0,50,1,ATGCGGAAAACCTACGCTTT,49,4924547
ygfS_ygfT_predicted,6.0,12,1,ATCGAAGTGTTCCATCCTTC,11,4925247
ygfS_ygfT_predicted,9.0,18,1,ATAATCGGATTCCTGAGAGA,17,4923029
ygfS_ygfT_predicted,1.0,2,1,AGTAGTTGTGCATTTCAAGA,1,4902107
ygfS_ygfT_predicted,18.0,36,1,AGGGGAGGTCGGCGGGCTAT,35,4929454
ygfS_ygfT_predicted,6.0,12,1,AGGGCCGATGGGTTTAGCCA,11,4923157
ygfS_ygfT_predicted,3.0,6,1,AGGCTAGCCGACGCGTAAAG,5,4911541
ygfS_ygfT_predicted,3.0,6,1,AGGAAAGCAATGCTATATTT,5,4902650
ygfS_ygfT_predicted,4.0,8,1,AGCTAAAGCCGCCTGCACTC,7,4915998
ygfS_ygfT_predicted,11.5,23,1,AGCGACATCGCAGCGAGAGT,22,4899768
ygfS_ygfT_predicted,2.0,4,1,AGCACTAATGACGAGAACCC,3,4903444
ygfS_ygfT_predicted,11.5,23,1,AGATCGCATTAATATTAGTC,22,4924860
ygfS_ygfT_predicted,3.0,6,1,AGAAAAGTCACCGACCGGTG,5,4902272
ygfS_ygfT_predicted,3.0,6,1,ACTCGTAGGGGCACCTTCGT,5,4924240
ygfS_ygfT_predicted,1.0,2,1,ACTCATGTTGGTCTAAAGTG,1,4919047
ygfS_ygfT_predicted,1.0,2,1,ACGTGGACCGATACGCGATA,1,4926761
ygfS_ygfT_predicted,1.0,2,1,ACGTCTTACTATAGCGTGTT,1,4922948
ygfS_ygfT_predicted,4.5,9,1,ACGGTAATCCAAAGTGCCTC,8,4899755
ygfS_ygfT_predicted,9.0,18,1,ACCGCGCCCCACACGCGCTC,17,4913971
ygfS_ygfT_predicted,1.0,2,1,ACCCTACGAGAGGTTCCGGT,1,4918808
ygfS_ygfT_predicted,2.0,4,1,ACCCGTTCCCGAGACAGGGA,3,4917143
ygfS_ygfT_predicted,15.0,30,1,ACCACGTCTGTCAGTCTCTT,29,4924848
ygfS_ygfT_predicted,6.0,12,1,ACATACCTTATGGATAGTTA,11,4910597
ygfS_ygfT_predicted,3.0,6,1,AATTTAAAAGAATAAGAATC,5,4909365
ygfS_ygfT_predicted,1.5,3,1,AATATTTAGCGGTCTCAGGG,2,4907994
ygfS_ygfT_predicted,22.5,45,1,AACCTACCCGCCAGGCAGAG,44,4901049
ygfS_ygfT_predicted,2.5,5,1,AAAGTTACTCGCGTCGAGAA,4,4917470
ygfS_ygfT_predicted,0.012195121951219513,81,81,GGTTACGAATGGAGTGCCGC,0,4918892
ygfS_ygfT_predicted,0.0125,79,79,GGTAGGGAAGAGATATCGTA,0,4900316
ygfS_ygfT_predicted,0.012658227848101266,78,78,GCTCTCGGGATCTTGAATCA,0,4902430
ygfS_ygfT_predicted,0.01282051282051282,77,77,TTTCGACACTGGCAGGTTTA,0,4909691
ygfS_ygfT_predicted,0.013513513513513514,73,73,CACCGTCATGCCTTCAGTGC,0,4909864
ygfS_ygfT_predicted,0.014084507042253521,70,70,TTTTAGGAGAAGACCGCAAG,0,4921142
ygfS_ygfT_predicted,0.014084507042253521,70,70,TAGCAGTTTACTTCGCGCCA,0,4912906
ygfS_ygfT_predicted,0.014285714285714285,69,69,AACGGTGAAAGCTCGTGGGA,0,4913697
ygfS_ygfT_predicted,0.014705882352941176,67,67,TTTGGCTCGAGAAAACATTT,0,4928384
ygfS_ygfT_predicted,0.015873015873015872,62,62,GAACCAAAGTGGGGGTTGGT,0,4900896
ygfS_ygfT_predicted,0.016129032258064516,61,61,CGTCCTCTTGACTGATGCAA,0,4904280
ygfS_ygfT_predicted,0.01639344262295082,60,60,ACTCAGTTAGTCGTCGGGAG,0,4905422
ygfS_ygfT_predicted,0.01694915254237288,58,58,TAGCAAATTGGTGGCAACGT,0,4903963
ygfS_ygfT_predicted,0.01694915254237288,58,58,CAGGCCAGACCGGGCAGCGT,0,4908435
ygfS_ygfT_predicted,0.01694915254237288,58,58,ACTCGCGCTCGACGGGAGTC,0,4923772
ygfS_ygfT_predicted,0.017857142857142856,55,55,TCTCGACGTGAGCAAAGCAA,0,4916747
ygfS_ygfT_predicted,0.017857142857142856,55,55,CTAGCTTGGGGGGCAGCAAA,0,4904660
ygfS_ygfT_predicted,0.01818181818181818,54,54,ACACGAAGGTGGACACGAAG,0,4902105
ygfS_ygfT_predicted,0.018867924528301886,52,52,GTATAAACTGTGCCTGGCTT,0,4917712
ygfS_ygfT_predicted,0.018867924528301886,52,52,ATAGCTACCAGTCGGGAGTG,0,4910721
ygfS_ygfT_predicted,0.018867924528301886,52,52,ACGCAGGTTTCGTAGAATGC,0,4914935
ygfS_ygfT_predicted,0.018867924528301886,52,52,AAACATGGATTGGGTGTAGC,0,4909645
ygfS_ygfT_predicted,0.018867924528301886,52,52,AAACACAGAAGACACCGAGA,0,4914621
ygfS_ygfT_predicted,0.019230769230769232,51,51,TCATGGGATTGCAGGCCAGA,0,4930604
ygfS_ygfT_predicted,0.019230769230769232,51,51,TACTCTGCAGTTATCAACGG,0,4917262
ygfS_ygfT_predicted,0.019230769230769232,51,51,GAAGTTATTTTCAATAGGTA,0,4920373
ygfS_ygfT_predicted,0.0196078431372549,50,50,CCGTGGGCATGAATATCAAA,0,4903107
ygfS_ygfT_predicted,0.0196078431372549,50,50,CCAGTTGTAAAGGTACGTAT,0,4916797
ygfS_ygfT_predicted,0.0196078431372549,50,50,ACACGGGAATTACCCTAATT,0,4907677
ygfS_ygfT_predicted,0.0196078431372549,50,50,ACAAGGTTTTCGGCCCGATC,0,4915097
ygfS_ygfT_predicted,0.02040816326530612,48,48,GCTAACGGTTCGCACTCCGA,0,4902340
ygfS_ygfT_predicted,0.020833333333333332,47,47,GGCGGCTTGGATTTGAACTT,0,4924095
ygfS_ygfT_predicted,0.020833333333333332,47,47,GCGATCCTCGACCACATAAA,0,4920605
ygfS_ygfT_predicted,0.020833333333333332,47,47,GCAGTCGCATGGGGCTATGT,0,4929038
ygfS_ygfT_predicted,0.020833333333333332,47,47,GACTTGAGCCACTACGATAA,0,4902357
ygfS_ygfT_predicted,0.020833333333333332,47,47,CAAAAGTCACGCAGAACGGT,0,4909540
ygfS_ygfT_predicted,0.020833333333333332,47,47,AAAGAGGTCCATCACCGGCA,0,4903410
ygfS_ygfT_predicted,0.02127659574468085,46,46,TCCCGGATGGTAGCTGGAGT,0,4912046
ygfS_ygfT_predicted,0.02127659574468085,46,46,GCGCACAGATAAGAACATCC,0,4905323
ygfS_ygfT_predicted,0.02127659574468085,46,46,CTGGATATGGTGCGTTCCAG,0,4903233
ygfS_ygfT_predicted,0.02127659574468085,46,46,CTACCCCATGGATGATCCCT,0,4920696
ygfS_ygfT_predicted,0.02127659574468085,46,46,CATACGTGTCGAGCATAATG,0,4901386
ygfS_ygfT_predicted,0.021739130434782608,45,45,TGATTTGCAAAACTTAAACA,0,4906713
ygfS_ygfT_predicted,0.021739130434782608,45,45,CGTACGAAGCCTTCGGCACT,0,4907843
ygfS_ygfT_predicted,0.022222222222222223,44,44,TCCACGATTCATAGATAAAC,0,4913773
ygfS_ygfT_predicted,0.022222222222222223,44,44,TAAAGATCCCTCGCGATATT,0,4900418
ygfS_ygfT_predicted,0.022222222222222223,44,44,CTTCAAAATGAGAGTGGGCA,0,4910677
ygfS_ygfT_predicted,0.022222222222222223,44,44,CCAACCCATTACGGTCTCGA,0,4900107
ygfS_ygfT_predicted,0.022222222222222223,44,44,CCAAACGTCTGTCAGCAAGC,0,4915732
ygfS_ygfT_predicted,0.022727272727272728,43,43,GGTCACTAACTGCGGGCTCA,0,4917877
ygfS_ygfT_predicted,0.022727272727272728,43,43,GGAGTAGTGATCATGGGCGG,0,4912762
ygfS_ygfT_predicted,0.022727272727272728,43,43,AAAGTTCGATGGCGTAAGCA,0,4903835
ygfS_ygfT_predicted,0.023255813953488372,42,42,TCGGAAGAGGCGAGCTACAT,0,4930643
ygfS_ygfT_predicted,0.023255813953488372,42,42,TAATGGGCGTTCGATAGATT,0,4910588
ygfS_ygfT_predicted,0.023255813953488372,42,42,CCCTCTCCATGAGGCCTGGA,0,4915023
ygfS_ygfT_predicted,0.023255813953488372,42,42,CAGCATACGTTGATATGAAT,0,4905860
ygfS_ygfT_predicted,0.023255813953488372,42,42,CAAGAGCATCTTCTGTCCTA,0,4901844
ygfS_ygfT_predicted,0.023255813953488372,42,42,AGTGTCCGTGAACAGACTTC,0,4909862
ygfS_ygfT_predicted,0.023255813953488372,42,42,ACCAGTTACCGATCGAGCTT,0,4930485
ygfS_ygfT_predicted,0.023809523809523808,41,41,TTTCTGACGGTAACATGCTT,0,4927702
ygfS_ygfT_predicted,0.023809523809523808,41,41,TATGGGAGTAATTTAGGAGA,0,4911050
ygfS_ygfT_predicted,0.023809523809523808,41,41,TAGATTTCGCATACGCTCCA,0,4930276
ygfS_ygfT_predicted,0.023809523809523808,41,41,GGTCGATAGCGGACGAACTC,0,4905863
ygfS_ygfT_predicted,0.023809523809523808,41,41,GACTGACCCCTGGGATTCGA,0,4904219
ygfS_ygfT_predicted,0.023809523809523808,41,41,CTTCAATGACCAGCCGCGCG,0,4901945
ygfS_ygfT_predicted,0.023809523809523808,41,41,CGCATCTTGATAAAGATGTA,0,4910403
ygfS_ygfT_predicted,0.023809523809523808,41,41,CCAATGTGCACCTCTTATTG,0,4918966
ygfS_ygfT_predicted,0.024390243902439025,40,40,TGAGCAAACTTGCGGGGCGG,0,4910153
ygfS_ygfT_predicted,0.024390243902439025,40,40,TCAACTGTTTACATGACGAT,0,4910112
ygfS_ygfT_predicted,0.024390243902439025,40,40,TATGATAGACGGACAGGCCT,0,4901486
ygfS_ygfT_predicted,0.024390243902439025,40,40,TACTTGGAGTAAAAGTTTCA,0,4906900
ygfS_ygfT_predicted,0.024390243902439025,40,40,GCCAAAAAGATTGGATTACG,0,4901822
ygfS_ygfT_predicted,0.024390243902439025,40,40,GAGCCATACTATGTCTGTTG,0,4916574
ygfS_ygfT_predicted,0.024390243902439025,40,40,GACCTCGAGAAGGTGATACG,0,4916225
ygfS_ygfT_predicted,0.024390243902439025,40,40,CTGCGGAGTTGCAAAGATCA,0,4923503
ygfS_ygfT_predicted,0.024390243902439025,40,40,CCTGGTATGCAGAAATCCTC,0,4908255
ygfS_ygfT_predicted,0.024390243902439025,40,40,CCTGCTCGCGCATGGGAAAG,0,4921861
ygfS_ygfT_predicted,0.024390243902439025,40,40,CCGACAGTGCGTCAACCGTC,0,4923409
ygfS_ygfT_predicted,0.024390243902439025,40,40,CCCCTGGCTGCCAGTATAAA,0,4907040
ygfS_ygfT_predicted,0.025,39,39,TGTCCACGGCGGTGACATGA,0,4921324
ygfS_ygfT_predicted,0.025,39,39,TGTAGTGCGTTTATTCTAAT,0,4918919
ygfS_ygfT_predicted,0.025,39,39,TCCAATCAATCTACCTGCGT,0,4914632
ygfS_ygfT_predicted,0.025,39,39,GTACGAGTCTTAAGACCAAA,0,4916998
ygfS_ygfT_predicted,0.025,39,39,GGCTAGGATGAAGAGTACGA,0,4923112
ygfS_ygfT_predicted,0.025,39,39,CACTTTTTAAGGCTATGGCT,0,4900933
ygfS_ygfT_predicted,0.025,39,39,ATACGGAGAGCTCCGTGCGA,0,4926077
ygfS_ygfT_predicted,0.025,39,39,AGATCGGTAAGCGTGCACCT,0,4909012
ygfS_ygfT_predicted,0.025,39,39,ACACGACCTTAACAGACCCC,0,4903042
ygfS_ygfT_predicted,0.02564102564102564,38,38,GGCGAGCGTATGCTTTCCGA,0,4908651
ygfS_ygfT_predicted,0.02564102564102564,38,38,CCTTAGTCTCAGAGGCGGCG,0,4922903
ygfS_ygfT_predicted,0.02564102564102564,38,38,CAGATCGCAAGTACTTTTGC,0,4919483
ygfS_ygfT_predicted,0.02564102564102564,38,38,AGTTTATGACGCTGGCCCTA,0,4913561
ygfS_ygfT_predicted,0.02564102564102564,38,38,AGATCAGATGAGGAATGGCC,0,4904145
ygfS_ygfT_predicted,0.02631578947368421,37,37,TCGTTTGAGAGACGTACTAT,0,4903931
ygfS_ygfT_predicted,0.02631578947368421,37,37,GTGATCGCAGTCAGTTTGTA,0,4901939
ygfS_ygfT_predicted,0.02631578947368421,37,37,GCAATCTTAATCGAGAGATT,0,4908930
ygfS_ygfT_predicted,0.02631578947368421,37,37,CTCGAGTTATTAAAATAGGT,0,4916843
ygfS_ygfT_predicted,0.02631578947368421,37,37,CACCCCCGTAATTCTTGGCC,0,4904784
ygfS_ygfT_predicted,0.02631578947368421,37,37,CAAGTCTGAGGGGTGCAAAT,0,4916674
ygfS_ygfT_predicted,0.02631578947368421,37,37,AGGTCCCACCTTCGCGGATG,0,4924831
ygfS_ygfT_predicted,0.02702702702702703,36,36,TCATGCGGTATCGCGTAGTA,0,4904087
ygfS_ygfT_predicted,0.02702702702702703,36,36,GTTCCAGGGCAACGGGGTTA,0,4918565
ygfS_ygfT_predicted,0.02702702702702703,36,36,GTGCAGAGCAATGCGCACAT,0,4908705
ygfS_ygfT_predicted,0.02702702702702703,36,36,GTCTTAGTTGACAGAGTGCC,0,4925164
ygfS_ygfT_predicted,0.02702702702702703,36,36,GAAGTTTTGATACAGTTGTT,0,4905485
ygfS_ygfT_predicted,0.02702702702702703,36,36,CGTACGCCCAGTTGAGGGAA,0,4917025
ygfS_ygfT_predicted,0.02702702702702703,36,36,CCAGGCTGTCACCATTGTGC,0,4911593
ygfS_ygfT_predicted,0.02702702702702703,36,36,CCAAGAGGCAGGGGCCATGT,0,4899791
ygfS_ygfT_predicted,0.02702702702702703,36,36,AATCTGGTAAATGAAGCGCT,0,4907055
ygfS_ygfT_predicted,0.027777777777777776,35,35,TTAAGTCATTTGGTAAGGCT,0,4915028
ygfS_ygfT_predicted,0.027777777777777776,35,35,TGCAAAAACGTTGGAGACTC,0,4921331
ygfS_ygfT_predicted,0.027777777777777776,35,35,TCGCAAGATCCAGAGAGTGA,0,4908436
ygfS_ygfT_predicted,0.027777777777777776,35,35,GGACCTGAGTGTCGCTGCGG,0,4931281
ygfS_ygfT_predicted,0.027777777777777776,35,35,GCGTTTGCAGCTCAAAGATT,0,4909893
ygfS_ygfT_predicted,0.027777777777777776,35,35,CCGCAAAGAGATGAGCTTTT,0,4900786
ygfS_ygfT_predicted,0.027777777777777776,35,35,ATTTACGCGTACGCACACGC,0,4926042
ygfS_ygfT_predicted,0.027777777777777776,35,35,ATGGTGAATTGCCACTTAAC,0,4911203
ygfS_ygfT_predicted,0.027777777777777776,35,35,ATCACGGCCAAGAACTGTCA,0,4917702
ygfS_ygfT_predicted,0.027777777777777776,35,35,ATAAGAGCGTTGTTTGGTAA,0,4917213
ygfS_ygfT_predicted,0.027777777777777776,35,35,AGCTGTATTGGGCAACACAC,0,4913658
ygfS_ygfT_predicted,0.027777777777777776,35,35,ACGTGAAGCAAAAGCATTTA,0,4918446
ygfS_ygfT_predicted,0.027777777777777776,35,35,AACAGGTCAGCATGGGTGAT,0,4926978
ygfS_ygfT_predicted,0.02857142857142857,34,34,TTTATGATGTCATGGAATTA,0,4904531
ygfS_ygfT_predicted,0.02857142857142857,34,34,TTAAACGGCGCAAATACGAT,0,4909865
ygfS_ygfT_predicted,0.02857142857142857,34,34,TGTATATCGACTATCGAGCG,0,4926207
ygfS_ygfT_predicted,0.02857142857142857,34,34,TACGATTGGTCTCCCTGGCA,0,4905109
ygfS_ygfT_predicted,0.02857142857142857,34,34,GTTAAGTTACGTGTACTCGG,0,4918917
ygfS_ygfT_predicted,0.02857142857142857,34,34,GGTAGCCTTCAGATGGCAGA,0,4901230
ygfS_ygfT_predicted,0.02857142857142857,34,34,GGATCTGCCTTTTACTACAG,0,4931107
ygfS_ygfT_predicted,0.02857142857142857,34,34,GCGTCGTGAATCGGAGACGG,0,4900430
ygfS_ygfT_predicted,0.02857142857142857,34,34,GCGATAGATCAGGCGGGTAG,0,4901495
ygfS_ygfT_predicted,0.02857142857142857,34,34,GCCCAAGGGACTTGGGTTAT,0,4907962
ygfS_ygfT_predicted,0.02857142857142857,34,34,GAATCGTAATTTCATTGTAT,0,4912348
ygfS_ygfT_predicted,0.02857142857142857,34,34,CTCTCACGCGTCTCCGCCAA,0,4917924
ygfS_ygfT_predicted,0.02857142857142857,34,34,CGTCATCTCACGAATAGGGA,0,4917191
ygfS_ygfT_predicted,0.02857142857142857,34,34,CGGGACTTGAATTGAACACG,0,4915053
ygfS_ygfT_predicted,0.02857142857142857,34,34,ATGACTAGGCTGCCGCGTCA,0,4927764
ygfS_ygfT_predicted,0.02857142857142857,34,34,AGGGGGGATTTATCGTGGTT,0,4914223
ygfS_ygfT_predicted,0.02857142857142857,34,34,AAGCCTCTAACCTCTCAAAA,0,4901465
ygfS_ygfT_predicted,0.029411764705882353,33,33,TTACCGCGTGCAAACGTTCA,0,4922676
ygfS_ygfT_predicted,0.029411764705882353,33,33,TGTTGGAGACAGGCAGGGAT,0,4920397
ygfS_ygfT_predicted,0.029411764705882353,33,33,TGCCAGTGTTGTAGAGGCAG,0,4899895
ygfS_ygfT_predicted,0.029411764705882353,33,33,TCGGGTGACTGTACTGCAAA,0,4909165
ygfS_ygfT_predicted,0.029411764705882353,33,33,TCAGTCCGTGTGGGGGATGT,0,4924007
ygfS_ygfT_predicted,0.029411764705882353,33,33,TCAGGATGTATACTTTAAGT,0,4926197
ygfS_ygfT_predicted,0.029411764705882353,33,33,TACCCCTATACATGCACATT,0,4929806
ygfS_ygfT_predicted,0.029411764705882353,33,33,GGCAGGTTGTGTAGGCGGCG,0,4921843
ygfS_ygfT_predicted,0.029411764705882353,33,33,GGCACTGTACGCTGTTCAGT,0,4912998
ygfS_ygfT_predicted,0.029411764705882353,33,33,GCCAATTGAGTCACCTGTAT,0,4913537
ygfS_ygfT_predicted,0.029411764705882353,33,33,GATCGTGCAGGATGCCCGAG,0,4910924
ygfS_ygfT_predicted,0.029411764705882353,33,33,CGTGTAGCAATTTAATGCTC,0,4903441
ygfS_ygfT_predicted,0.029411764705882353,33,33,CGGTCTGTAATCTAACTATA,0,4902903
ygfS_ygfT_predicted,0.029411764705882353,33,33,CCATTGAAGGACCACGTTGG,0,4907050
ygfS_ygfT_predicted,0.029411764705882353,33,33,CACTGAATCATCGTAGAACT,0,4931326
ygfS_ygfT_predicted,0.029411764705882353,33,33,ATTTGACCTTCTCCCAGTGT,0,4921047
ygfS_ygfT_predicted,0.029411764705882353,33,33,ATCATCATAAGAGGGCATGC,0,4902164
ygfS_ygfT_predicted,0.029411764705882353,33,33,AGCCGTGGTGGGCTATCTAT,0,4915330
ygfS_ygfT_predicted,0.029411764705882353,33,33,AAAATCTTTCCTTAAGCCGA,0,4903626
ygfS_ygfT_predicted,0.030303030303030304,32,32,TTTCTGAACATCAGGAGTAA,0,4922174
ygfS_ygfT_predicted,0.030303030303030304,32,32,TTCGTACCGCGCTGTCGTTC,0,4904585
ygfS_ygfT_predicted,0.030303030303030304,32,32,TGTCCCCCTAGCTACACGAG,0,4910947
ygfS_ygfT_predicted,0.030303030303030304,32,32,TGTAGGGACAAATGCGCAGT,0,4929179
ygfS_ygfT_predicted,0.030303030303030304,32,32,TGGTATACGTGATCGCACCG,0,4922686
ygfS_ygfT_predicted,0.030303030303030304,32,32,TGACAGTATCCCCAATTGAT,0,4899844
ygfS_ygfT_predicted,0.030303030303030304,32,32,TCCTCTCTGGGACCCTACCC,0,4900257
ygfS_ygfT_predicted,0.030303030303030304,32,32,TATTAACGATCTCCGGAGGT,0,4926694
ygfS_ygfT_predicted,0.030303030303030304,32,32,TACTACTGGATATATGGACG,0,4926996
ygfS_ygfT_predicted,0.030303030303030304,32,32,GGGTACATTTCACCTACCTG,0,4919690
ygfS_ygfT_predicted,0.030303030303030304,32,32,GCCGCACCCTCGTTACGGCA,0,4916585
ygfS_ygfT_predicted,0.030303030303030304,32,32,GATTTAGTGGGTTCCAGTAA,0,4914054
ygfS_ygfT_predicted,0.030303030303030304,32,32,GATTGGCGGATACAACGTAA,0,4911660
ygfS_ygfT_predicted,0.030303030303030304,32,32,CTTCCGAAGTCGGGAGTAAT,0,4901256
ygfS_ygfT_predicted,0.030303030303030304,32,32,CTCGCGAGAATGCAAAAGAG,0,4929010
ygfS_ygfT_predicted,0.030303030303030304,32,32,CGTTCCAAAGCTGCGCGGGT,0,4906378
ygfS_ygfT_predicted,0.030303030303030304,32,32,CGCGCGGGTCACTAGGACTC,0,4917590
ygfS_ygfT_predicted,0.030303030303030304,32,32,CGACTGTGTAGCCCGACCTA,0,4923657
ygfS_ygfT_predicted,0.030303030303030304,32,32,ACTACAGGGTGGGGGACTTA,0,4923653
ygfS_ygfT_predicted,0.030303030303030304,32,32,AATTGTGAAGCAAGTATACG,0,4921306
ygfS_ygfT_predicted,0.03125,31,31,TTCCCTCTGTTTCATGACCA,0,4911362
ygfS_ygfT_predicted,0.03125,31,31,TTACTACGTTGTCCGAGCTT,0,4915092
ygfS_ygfT_predicted,0.03125,31,31,TCTGCGGGAGCCTACATGGG,0,4903094
ygfS_ygfT_predicted,0.03125,31,31,TCCACTATGGGTATGTCAAT,0,4902449
ygfS_ygfT_predicted,0.03125,31,31,GTTCAATAATTCGCAGGGAC,0,4913576
ygfS_ygfT_predicted,0.03125,31,31,GGCGCTTCGCGTACTGTGTA,0,4907717
ygfS_ygfT_predicted,0.03125,31,31,CTTTCCCGGCTACCAAAAAC,0,4900056
ygfS_ygfT_predicted,0.03125,31,31,CTTGAGGGCTATGTTCGTGT,0,4900900
ygfS_ygfT_predicted,0.03125,31,31,CTTATGACTGGTGGCATGGT,0,4927349
ygfS_ygfT_predicted,0.03125,31,31,CTTAACTTACGCAAAGCACC,0,4918657
ygfS_ygfT_predicted,0.03125,31,31,CTGAGGGCGTCCGACTTCTG,0,4918712
ygfS_ygfT_predicted,0.03125,31,31,CGGAACGGTTCGATGGTATG,0,4901938
ygfS_ygfT_predicted,0.03125,31,31,CCACGCCTAACCAACATTTC,0,4908292
ygfS_ygfT_predicted,0.03125,31,31,CAAGAGGGCGTATTGTAATA,0,4925237
ygfS_ygfT_predicted,0.03125,31,31,ATCTACAACCTTCTCGGACA,0,4916375
ygfS_ygfT_predicted,0.03125,31,31,ATCAAAGGTATGAGCTGGTT,0,4916748
ygfS_ygfT_predicted,0.03125,31,31,AGGTCACTCTATAAGGCATA,0,4910234
ygfS_ygfT_predicted,0.03125,31,31,AGGGTCCTACATTTTCAGCG,0,4901073
ygfS_ygfT_predicted,0.03125,31,31,AGGGCGTGGGTAAAAGCCGA,0,4928144
ygfS_ygfT_predicted,0.03125,31,31,ACATGAATGTGTCGGTTGCA,0,4924878
ygfS_ygfT_predicted,0.03125,31,31,ACATAAGTTTCAGTGTTGAG,0,4910198
ygfS_ygfT_predicted,0.03225806451612903,30,30,TTATAACCGACATAAACTGT,0,4912943
ygfS_ygfT_predicted,0.03225806451612903,30,30,TGTGTGATCGGTCCAATTTA,0,4901183
ygfS_ygfT_predicted,0.03225806451612903,30,30,TGGTGGAGTAGACCACATAA,0,4906083
ygfS_ygfT_predicted,0.03225806451612903,30,30,TCCGTTCGGTCGGCTTTTCA,0,4914579
ygfS_ygfT_predicted,0.03225806451612903,30,30,TCCGTCCCCGTTACGAAACC,0,4910643
ygfS_ygfT_predicted,0.03225806451612903,30,30,TCACGCCAGTTACGTAAGTG,0,4905824
ygfS_ygfT_predicted,0.03225806451612903,30,30,GTTGGTATTATAATTTGGGG,0,4913950
ygfS_ygfT_predicted,0.03225806451612903,30,30,GGCATTTTCTGTCTGTTATC,0,4899790
ygfS_ygfT_predicted,0.03225806451612903,30,30,GGAGGAATTCCCAGTTCGCA,0,4906801
ygfS_ygfT_predicted,0.03225806451612903,30,30,GCAGGAGGGGGGGTTCGCCG,0,4924459
ygfS_ygfT_predicted,0.03225806451612903,30,30,GATTGCATTACCTGGGTGTA,0,4901104
ygfS_ygfT_predicted,0.03225806451612903,30,30,GATAAGGTTCCTCGACACAT,0,4905429
ygfS_ygfT_predicted,0.03225806451612903,30,30,GAGTGAGGATGGTTTCGAGT,0,4920655
ygfS_ygfT_predicted,0.03225806451612903,30,30,GACACAAGATCATCTGAGGC,0,4918144
ygfS_ygfT_predicted,0.03225806451612903,30,30,CTTAGCTGAAGTTTATTGTT,0,4903234
ygfS_ygfT_predicted,0.03225806451612903,30,30,CTCCCGGTGGTCCTCACGTA,0,4909580
ygfS_ygfT_predicted,0.03225806451612903,30,30,CGGGTTGTAGAATCTAAGTT,0,4924722
ygfS_ygfT_predicted,0.03225806451612903,30,30,CGGCCCAAGTCGAGTTCCAA,0,4926362
ygfS_ygfT_predicted,0.03225806451612903,30,30,CGCCCTTCTGACTTCATCAT,0,4909799
ygfS_ygfT_predicted,0.03225806451612903,30,30,CCTAGGCCACCACCATTCAG,0,4906022
ygfS_ygfT_predicted,0.03225806451612903,30,30,CCATGCCAAAGGAAACCCTT,0,4907633
ygfS_ygfT_predicted,0.03225806451612903,30,30,CATCACCGACGATAGGGCGA,0,4922972
ygfS_ygfT_predicted,0.03225806451612903,30,30,CACGCTACAGCTGAGCAGGA,0,4908128
ygfS_ygfT_predicted,0.03225806451612903,30,30,ATACATGCGCCTCACGGGGA,0,4912905
ygfS_ygfT_predicted,0.03225806451612903,30,30,ATACATCCTATGCAACATTA,0,4929189
ygfS_ygfT_predicted,0.03225806451612903,30,30,AGTCGATACTCAGATTGGCC,0,4904936
ygfS_ygfT_predicted,0.03225806451612903,30,30,AGTAGAGATAGTTCGGGGAA,0,4928340
ygfS_ygfT_predicted,0.03225806451612903,30,30,AGGGTCACAGCTGCTTGAGT,0,4902013
ygfS_ygfT_predicted,0.03225806451612903,30,30,ACTTCAAGGGATGAATGAAT,0,4927512
ygfS_ygfT_predicted,0.03225806451612903,30,30,ACCTTCCCGATTGCCCGCGA,0,4909392
ygfS_ygfT_predicted,0.03225806451612903,30,30,AATGCCATCACGTGCGCTCA,0,4904592
ygfS_ygfT_predicted,0.03333333333333333,29,29,TTTTAGAGACCCATATGGCA,0,4927742
ygfS_ygfT_predicted,0.03333333333333333,29,29,TTAATAAGGGCTCATGTAGA,0,4913578
ygfS_ygfT_predicted,0.03333333333333333,29,29,TGTGGTCGCGTCGTGCCGTT,0,4901401
ygfS_ygfT_predicted,0.03333333333333333,29,29,TGGAGACTCCGGCAGCTAGG,0,4907345
ygfS_ygfT_predicted,0.03333333333333333,29,29,TGCTGTGGTGGATTTGACAA,0,4916927
ygfS_ygfT_predicted,0.03333333333333333,29,29,TGCTGATATATCTTCATAGT,0,4905024
ygfS_ygfT_predicted,0.03333333333333333,29,29,TGCTCCCGGCTATGGGCTTA,0,4922248
ygfS_ygfT_predicted,0.03333333333333333,29,29,TGCAGATCTGGAAAACTTCG,0,4903007
ygfS_ygfT_predicted,0.03333333333333333,29,29,TGATGGCTATGCACCCCTTT,0,4915054
ygfS_ygfT_predicted,0.03333333333333333,29,29,TGACAGTATGCGTCAACCAA,0,4905252
ygfS_ygfT_predicted,0.03333333333333333,29,29,TCCTCTCCCTGTCTCGGGAC,0,4923228
ygfS_ygfT_predicted,0.03333333333333333,29,29,TATAATCAGGCGAACTGCGC,0,4903528
ygfS_ygfT_predicted,0.03333333333333333,29,29,TAGGCTTATGCGGCGGGGGT,0,4911488
ygfS_ygfT_predicted,0.03333333333333333,29,29,GTGTTAGACAAAGACAATAA,0,4923266
ygfS_ygfT_predicted,0.03333333333333333,29,29,GTCACCTCTGGACTCGTCGC,0,4910553
ygfS_ygfT_predicted,0.03333333333333333,29,29,GTCACCCTATTCAGATATGT,0,4908840
ygfS_ygfT_predicted,0.03333333333333333,29,29,GTAGAGCCTGAACAGGGTTT,0,4930708
ygfS_ygfT_predicted,0.03333333333333333,29,29,GGGGCGTTTGATCAAAGAAT,0,4920907
ygfS_ygfT_predicted,0.03333333333333333,29,29,GGGCCGTGGCGGGATGCGTG,0,4912860
ygfS_ygfT_predicted,0.03333333333333333,29,29,GGCCGGTGCCTCTTCAGGGA,0,4919583
ygfS_ygfT_predicted,0.03333333333333333,29,29,GATCTTTTGTGTCCGGTGAA,0,4902940
ygfS_ygfT_predicted,0.03333333333333333,29,29,GATAGTGGTACGTACTGGTT,0,4906676
ygfS_ygfT_predicted,0.03333333333333333,29,29,GAGTACAATCGTGCAGGCCG,0,4919698
ygfS_ygfT_predicted,0.03333333333333333,29,29,GACTGAATCAGCTCCACGGT,0,4905461
ygfS_ygfT_predicted,0.03333333333333333,29,29,CTGTCACGCTTTATTCGGCA,0,4902834
ygfS_ygfT_predicted,0.03333333333333333,29,29,CTCTCATCCATGGGAGCCTA,0,4903513
ygfS_ygfT_predicted,0.03333333333333333,29,29,CGTTTAATATCGGCGGCTAG,0,4916110
ygfS_ygfT_predicted,0.03333333333333333,29,29,CCGGTGGATCGGAGAGCGTC,0,4906637
ygfS_ygfT_predicted,0.03333333333333333,29,29,CCATGTGTAGAAGATCGACT,0,4918690
ygfS_ygfT_predicted,0.03333333333333333,29,29,CATGAGGGCGAGTGGATTCA,0,4901013
ygfS_ygfT_predicted,0.03333333333333333,29,29,CACGGTCGGGCTTAGCATGT,0,4905977
ygfS_ygfT_predicted,0.03333333333333333,29,29,ATGCTGGGGCTTGGGATGAG,0,4920784
ygfS_ygfT_predicted,0.03333333333333333,29,29,AGGGGTAGACGCCCTGTGCT,0,4912254
ygfS_ygfT_predicted,0.03333333333333333,29,29,ACGGATACGAAGATTTGGGT,0,4928708
ygfS_ygfT_predicted,0.03333333333333333,29,29,ACGAGGGCGCGGGTAAACGA,0,4922225
ygfS_ygfT_predicted,0.03333333333333333,29,29,ACAAAATTTAGACTTAATCG,0,4910116
ygfS_ygfT_predicted,0.03333333333333333,29,29,AAATTCCGAAAGTGTATCAA,0,4915317
ygfS_ygfT_predicted,0.034482758620689655,28,28,TTGGACCGAACTAAGTAACA,0,4909941
ygfS_ygfT_predicted,0.034482758620689655,28,28,TGTCGGGACGAGGTATATTG,0,4925668
ygfS_ygfT_predicted,0.034482758620689655,28,28,TGGGCAAACAAGTCAGGGAA,0,4928898
ygfS_ygfT_predicted,0.034482758620689655,28,28,TGAACCCATGCTCTTGGGTA,0,4909222
ygfS_ygfT_predicted,0.034482758620689655,28,28,TCTGGGTTGGGCTAGGTTTC,0,4929223
ygfS_ygfT_predicted,0.034482758620689655,28,28,TACCCTGGCGGAACGAGTCA,0,4923942
ygfS_ygfT_predicted,0.034482758620689655,28,28,GTCGATAATGAGGGTTGTAC,0,4915661
ygfS_ygfT_predicted,0.034482758620689655,28,28,GTAGAACTACATGGCGCCTT,0,4914361
ygfS_ygfT_predicted,0.034482758620689655,28,28,GGGTGTATGCTTGATGCAAG,0,4910979
ygfS_ygfT_predicted,0.034482758620689655,28,28,GGCTATGGATATACACTGAT,0,4929664
ygfS_ygfT_predicted,0.034482758620689655,28,28,GGAATATATGACTGAGCTCA,0,4918365
ygfS_ygfT_predicted,0.034482758620689655,28,28,GCCGTCAAGACGGGGCGGAT,0,4907123
ygfS_ygfT_predicted,0.034482758620689655,28,28,GATCCAGGAGCTTAGCTTAG,0,4918196
ygfS_ygfT_predicted,0.034482758620689655,28,28,GAGTTAGGTTGCCCCGCACC,0,4915346
ygfS_ygfT_predicted,0.034482758620689655,28,28,CTTGAGCGAATCCACCGACG,0,4907501
ygfS_ygfT_predicted,0.034482758620689655,28,28,CTCGCCTGTACCTTATGCGA,0,4910400
ygfS_ygfT_predicted,0.034482758620689655,28,28,CTATGACCAAGTCAAGATTA,0,4903451
ygfS_ygfT_predicted,0.034482758620689655,28,28,CGTCTGCCGAAAAAGACGGA,0,4916202
ygfS_ygfT_predicted,0.034482758620689655,28,28,CGTCAAAACATGGATCGATG,0,4910361
ygfS_ygfT_predicted,0.034482758620689655,28,28,CCTTATAAATTTTGGGTAGT,0,4910398
ygfS_ygfT_predicted,0.034482758620689655,28,28,CCTCGTTCCACCCGCAGGCT,0,4921462
ygfS_ygfT_predicted,0.034482758620689655,28,28,CACTGTAACACTGTGCCGGA,0,4929780
ygfS_ygfT_predicted,0.034482758620689655,28,28,ATAAGTGTTTGTGACGTGAG,0,4915945
ygfS_ygfT_predicted,0.034482758620689655,28,28,AGGATACAATTTTTAGGATC,0,4923597
ygfS_ygfT_predicted,0.034482758620689655,28,28,ACGAGTAGGGTCCAAGAGAT,0,4903671
ygfS_ygfT_predicted,0.034482758620689655,28,28,ACGACCATGTTCTGAAGACG,0,4912618
ygfS_ygfT_predicted,0.034482758620689655,28,28,ACCCGTTTTTCCCCCGTGAA,0,4903724
ygfS_ygfT_predicted,0.034482758620689655,28,28,ACATGAGTCAATCAAGAGTT,0,4928319
ygfS_ygfT_predicted,0.034482758620689655,28,28,AAAATTACAAGTTACGGTAC,0,4919674
ygfS_ygfT_predicted,0.03571428571428571,27,27,TCTCAGTCGTGATCGTTAAT,0,4926629
ygfS_ygfT_predicted,0.03571428571428571,27,27,TCGATAATAGCCGGCTTACG,0,4918499
ygfS_ygfT_predicted,0.03571428571428571,27,27,TCCGGCGGAGGATGAGTTAA,0,4904027
ygfS_ygfT_predicted,0.03571428571428571,27,27,TCATGATCGACGATACATAA,0,4918894
ygfS_ygfT_predicted,0.03571428571428571,27,27,TCAATACTCGAGGTGCAATG,0,4915538
ygfS_ygfT_predicted,0.03571428571428571,27,27,GTGTTTTCTTGGGGGCGGTA,0,4910744
ygfS_ygfT_predicted,0.03571428571428571,27,27,GTGACGGCTACCCTCGGTCC,0,4922111
ygfS_ygfT_predicted,0.03571428571428571,27,27,GTATGTTATATCCACAACAT,0,4921389
ygfS_ygfT_predicted,0.03571428571428571,27,27,GGTGCGTGAGCCGAGTGGTT,0,4910918
ygfS_ygfT_predicted,0.03571428571428571,27,27,GGATTTGTGATAGGTAGAAA,0,4906197
ygfS_ygfT_predicted,0.03571428571428571,27,27,GCATTTGGGGATAACCACAG,0,4919770
ygfS_ygfT_predicted,0.03571428571428571,27,27,GATTGTATGTGCTCGATCCA,0,4918780
ygfS_ygfT_predicted,0.03571428571428571,27,27,GAATTGGCGATATCGTACCA,0,4902910
ygfS_ygfT_predicted,0.03571428571428571,27,27,CTGGGTCCCAATCGTAAAAT,0,4911820
ygfS_ygfT_predicted,0.03571428571428571,27,27,CGGTGGTCTACAATTGTCAA,0,4927906
ygfS_ygfT_predicted,0.03571428571428571,27,27,CGGCGTCCCTCGGGGATTGA,0,4921555
ygfS_ygfT_predicted,0.03571428571428571,27,27,CGCTGAGTCGTATAGACTCA,0,4908068
ygfS_ygfT_predicted,0.03571428571428571,27,27,CGCAAGCGTGCCCCAACGTG,0,4924889
ygfS_ygfT_predicted,0.03571428571428571,27,27,CGAAGTCTCGCAATAGCTCT,0,4900869
ygfS_ygfT_predicted,0.03571428571428571,27,27,CATCCTATTGATAGGTACGT,0,4917452
ygfS_ygfT_predicted,0.03571428571428571,27,27,CATAAGTTCAAGACCGCCAA,0,4907663
ygfS_ygfT_predicted,0.03571428571428571,27,27,ATTCGGGTCGGTTTTTCCAT,0,4900052
ygfS_ygfT_predicted,0.03571428571428571,27,27,ATGGGCGGCACATCTAAGAA,0,4917962
ygfS_ygfT_predicted,0.03571428571428571,27,27,AGTTTGGTTAGTCGTCTGGA,0,4924457
ygfS_ygfT_predicted,0.03571428571428571,27,27,AGCGCAGTCGGTTTTCAGCA,0,4924344
ygfS_ygfT_predicted,0.03571428571428571,27,27,AGAACTTCACATTATGAGTT,0,4904741
ygfS_ygfT_predicted,0.03571428571428571,27,27,ACTGCTTATCGCAACCCATG,0,4905891
ygfS_ygfT_predicted,0.03571428571428571,27,27,AAGGGCTGAGGCTGCGGATT,0,4915285
ygfS_ygfT_predicted,0.03571428571428571,27,27,AACTCTGGCATTTCAGGCAT,0,4912738
ygfS_ygfT_predicted,0.03571428571428571,27,27,AAAGCTACAGGCAACTTCAA,0,4916227
ygfS_ygfT_predicted,0.03571428571428571,27,27,AAACCTGTGGTGGCTGGTGA,0,4913352
ygfS_ygfT_predicted,0.037037037037037035,26,26,TTGGGACCTGTACGAAATTC,0,4921708
ygfS_ygfT_predicted,0.037037037037037035,26,26,TTCCGTAGTCGTGTTCCCCC,0,4927790
ygfS_ygfT_predicted,0.037037037037037035,26,26,TTAGGGTTAGCTTGTTAAGA,0,4918483
ygfS_ygfT_predicted,0.037037037037037035,26,26,TGTTTTGTGCAATCAGTCGT,0,4904748
ygfS_ygfT_predicted,0.037037037037037035,26,26,TGACTCGCAACAATTAGTGG,0,4909294
ygfS_ygfT_predicted,0.037037037037037035,26,26,TCTCTCGAGCTAATCATTTA,0,4920412
ygfS_ygfT_predicted,0.037037037037037035,26,26,TCTCGAAAAACCGAAGTGAG,0,4909406
ygfS_ygfT_predicted,0.037037037037037035,26,26,GTTCGTTCGAGCTGGGTCTG,0,4911120
ygfS_ygfT_predicted,0.037037037037037035,26,26,GTGCTTCGCGACTAATAATC,0,4929035
ygfS_ygfT_predicted,0.037037037037037035,26,26,GCGTATCGCGACGAACCACT,0,4911227
ygfS_ygfT_predicted,0.037037037037037035,26,26,GCCCCACGAACTAACTAAAG,0,4900345
ygfS_ygfT_predicted,0.037037037037037035,26,26,GCATTAGAGGGTGGGCGTGG,0,4903222
ygfS_ygfT_predicted,0.037037037037037035,26,26,GCAGAATAACCAACTGTCTG,0,4911496
ygfS_ygfT_predicted,0.037037037037037035,26,26,GATGATGTGACTTCTGCTTA,0,4905633
ygfS_ygfT_predicted,0.037037037037037035,26,26,GAGCCAAGATCAGACCGGTA,0,4909423
ygfS_ygfT_predicted,0.037037037037037035,26,26,CGTGATCGATTAAAAAGAGA,0,4906958
ygfS_ygfT_predicted,0.037037037037037035,26,26,CGTCTGGGTTGTATCTGACT,0,4915599
ygfS_ygfT_predicted,0.037037037037037035,26,26,CGGTAACTGATCCCGTCTAT,0,4928314
ygfS_ygfT_predicted,0.037037037037037035,26,26,CGCCGTTCGCAGGTGGATGT,0,4930595
ygfS_ygfT_predicted,0.037037037037037035,26,26,CCGGCTGCGGCATTAACAGG,0,4914709
ygfS_ygfT_predicted,0.037037037037037035,26,26,CCGGCAAGAGTTCTCTAATA,0,4918543
ygfS_ygfT_predicted,0.037037037037037035,26,26,CCGCCAATCAAGGACTCACG,0,4917921
ygfS_ygfT_predicted,0.037037037037037035,26,26,CATTGAGGAATCGCGATATT,0,4915345
ygfS_ygfT_predicted,0.037037037037037035,26,26,CAACGTTCTCATGAGCGGGA,0,4907041
ygfS_ygfT_predicted,0.037037037037037035,26,26,ATGAATAGTCCATTGATGGT,0,4929609
ygfS_ygfT_predicted,0.037037037037037035,26,26,ATACGATGCGGGGGAGCGAT,0,4920697
ygfS_ygfT_predicted,0.037037037037037035,26,26,AGTGTACATCCAATCAACAT,0,4922595
ygfS_ygfT_predicted,0.037037037037037035,26,26,ACTCATGTGGCGACATTTAA,0,4906716
ygfS_ygfT_predicted,0.037037037037037035,26,26,ACGCATCAAGTTATCAAAAG,0,4908837
ygfS_ygfT_predicted,0.037037037037037035,26,26,ACCAAATATGTCCTAATAGT,0,4903827
ygfS_ygfT_predicted,0.037037037037037035,26,26,AATATAGTGCTTCGTTAGTC,0,4929615
ygfS_ygfT_predicted,0.037037037037037035,26,26,AAATAATAGTTTGCTCTCTT,0,4924764
ygfS_ygfT_predicted,0.038461538461538464,25,25,TTTAGGCGTGTGAGCAGGCG,0,4924453
ygfS_ygfT_predicted,0.038461538461538464,25,25,TTCTTTGGTAAAACTCATTA,0,4929297
ygfS_ygfT_predicted,0.038461538461538464,25,25,TTCTCGTGTTGAAAAGCACT,0,4902196
ygfS_ygfT_predicted,0.038461538461538464,25,25,TTACCAGCGAGAGCAGCTTG,0,4924891
ygfS_ygfT_predicted,0.038461538461538464,25,25,TGTCAATTGGCCGACAGATG,0,4927870
ygfS_ygfT_predicted,0.038461538461538464,25,25,TGGAAGCCCGCCTAGGGTGC,0,4915592
ygfS_ygfT_predicted,0.038461538461538464,25,25,TCCTGGGTTAATAAGAGGAC,0,4913900
ygfS_ygfT_predicted,0.038461538461538464,25,25,TCCAGTACGAGGCCCTCCGT,0,4900370
ygfS_ygfT_predicted,0.038461538461538464,25,25,TATTCGGTGCTGCGCTATGT,0,4919278
ygfS_ygfT_predicted,0.038461538461538464,25,25,TATTCCTTCCATGAGAAATG,0,4921647
ygfS_ygfT_predicted,0.038461538461538464,25,25,TATTAGGCGGATAGCTGGTT,0,4926038
ygfS_ygfT_predicted,0.038461538461538464,25,25,TATAGTGAACATAGGAGTGA,0,4919997
ygfS_ygfT_predicted,0.038461538461538464,25,25,TAGACGCAGGGGATTCTGAG,0,4920123
ygfS_ygfT_predicted,0.038461538461538464,25,25,TACTGATAACCTCAGTGGGT,0,4927279
ygfS_ygfT_predicted,0.038461538461538464,25,25,TACTCTCAGGGCCTAGGACA,0,4908667
ygfS_ygfT_predicted,0.038461538461538464,25,25,TACCGTTCCGGAACCCAATT,0,4905398
ygfS_ygfT_predicted,0.038461538461538464,25,25,GTGACATGTTATTGAGGACT,0,4926256
ygfS_ygfT_predicted,0.038461538461538464,25,25,GTAATGAGTTCTACGTGTGT,0,4913111
ygfS_ygfT_predicted,0.038461538461538464,25,25,GGGCTTTTCCGTTTTGCCAC,0,4920005
ygfS_ygfT_predicted,0.038461538461538464,25,25,GGGAGTTGAGCTTTGTCGGT,0,4928744
ygfS_ygfT_predicted,0.038461538461538464,25,25,GGACCGAGCGCATGCGACTG,0,4923147
ygfS_ygfT_predicted,0.038461538461538464,25,25,GCTGGTCACGTAAGCATTCA,0,4915675
ygfS_ygfT_predicted,0.038461538461538464,25,25,GATCGTTCTAGTCAAATCTG,0,4902397
ygfS_ygfT_predicted,0.038461538461538464,25,25,GACAGGACTTTCCTCCAAAC,0,4928380
ygfS_ygfT_predicted,0.038461538461538464,25,25,CTGTGGTCATTGTTAGTAAA,0,4917109
ygfS_ygfT_predicted,0.038461538461538464,25,25,CTGGGCATTGGGTACACTGT,0,4926579
ygfS_ygfT_predicted,0.038461538461538464,25,25,CTCGACGTAAGCGAGTAAAG,0,4908740
ygfS_ygfT_predicted,0.038461538461538464,25,25,CTACGTGGGTGCATACCGAG,0,4914106
ygfS_ygfT_predicted,0.038461538461538464,25,25,CTACCCTACGGTATGGATTA,0,4917248
ygfS_ygfT_predicted,0.038461538461538464,25,25,CGTCTGTCTGAAGAAGTGAC,0,4927162
ygfS_ygfT_predicted,0.038461538461538464,25,25,CGTAATTGTCACCCATGATT,0,4916945
ygfS_ygfT_predicted,0.038461538461538464,25,25,CGGGCCAACCCCGTTGGATG,0,4902438
ygfS_ygfT_predicted,0.038461538461538464,25,25,CGACCAGCTTGTTACCGCGA,0,4925922
ygfS_ygfT_predicted,0.038461538461538464,25,25,CCTTGAGGAGGGAAATTATG,0,4916008
ygfS_ygfT_predicted,0.038461538461538464,25,25,CCATAGAGTGTGAACAAGAC,0,4901487
ygfS_ygfT_predicted,0.038461538461538464,25,25,CAACATCGGTGTGTTGCGGG,0,4910005
ygfS_ygfT_predicted,0.038461538461538464,25,25,CAAAGTGTTATCGCTCTCGT,0,4912908
ygfS_ygfT_predicted,0.038461538461538464,25,25,ATTCGCGAGCGAGAGGGCTG,0,4903912
ygfS_ygfT_predicted,0.038461538461538464,25,25,ATCCTCTAAGGGGTCGTGTA,0,4910796
ygfS_ygfT_predicted,0.038461538461538464,25,25,AGGCCGTAGGGGACCTTTTC,0,4909091
ygfS_ygfT_predicted,0.038461538461538464,25,25,AGCGGTGGGCCTTACCGCTT,0,4906825
ygfS_ygfT_predicted,0.038461538461538464,25,25,AGCGGGAGGCCTTCAATACC,0,4921071
ygfS_ygfT_predicted,0.038461538461538464,25,25,AGATATTATCAGGGTCATGT,0,4922419
ygfS_ygfT_predicted,0.038461538461538464,25,25,AGAGATCTTTATAAGACGAT,0,4916051
ygfS_ygfT_predicted,0.038461538461538464,25,25,ACGTGACAGGCAGGAGGCTC,0,4925624
ygfS_ygfT_predicted,0.038461538461538464,25,25,ACGGCGGATCCGCAATCCGG,0,4906800
ygfS_ygfT_predicted,0.038461538461538464,25,25,ACCGACAGTCGTACAAAGCT,0,4915350
ygfS_ygfT_predicted,0.038461538461538464,25,25,ACATGTTCACAGCAGGAGAT,0,4923581
ygfS_ygfT_predicted,0.038461538461538464,25,25,ACACCCAGCGCTTAGCCTCA,0,4911867
ygfS_ygfT_predicted,0.038461538461538464,25,25,AAACTGCACTGCAATTCATT,0,4905035
ygfS_ygfT_predicted,0.04,24,24,TTTGTGATGGCCGACAACGT,0,4909075
ygfS_ygfT_predicted,0.04,24,24,TTGCGGCACCAGTGTCAAGG,0,4918713
ygfS_ygfT_predicted,0.04,24,24,TTGAGGTAGAGGGAGCGTGA,0,4922464
ygfS_ygfT_predicted,0.04,24,24,TTCAAGATCCGTAAAGGGCA,0,4926467
ygfS_ygfT_predicted,0.04,24,24,TGTCACAGGACACAGTACTT,0,4912408
ygfS_ygfT_predicted,0.04,24,24,TAGGTGTCGTATACGGGAAA,0,4915544
ygfS_ygfT_predicted,0.04,24,24,TAATTTGGCGCGCGTCCCGG,0,4913046
ygfS_ygfT_predicted,0.04,24,24,GTTTGACATCCCGAGCGCGT,0,4912174
ygfS_ygfT_predicted,0.04,24,24,GTTATGTCAGGGTTGTTTTT,0,4908960
ygfS_ygfT_predicted,0.04,24,24,GTGTAAACCACCGATCAGGA,0,4921152
ygfS_ygfT_predicted,0.04,24,24,GTGGCTGACTGTGAGGCGCT,0,4909578
ygfS_ygfT_predicted,0.04,24,24,GTAATCAGTTCCCGAGGAGT,0,4920446
ygfS_ygfT_predicted,0.04,24,24,GTAACACTGAACGGTATCAA,0,4916032
ygfS_ygfT_predicted,0.04,24,24,GGTAACTAGGCTTAATTACA,0,4922776
ygfS_ygfT_predicted,0.04,24,24,GGAGGGCGATCAACTGGTCA,0,4930147
ygfS_ygfT_predicted,0.04,24,24,GGAATTTGGCCCGACTGCAG,0,4902660
ygfS_ygfT_predicted,0.04,24,24,GGAAGCCTAACCATTTATCA,0,4903707
ygfS_ygfT_predicted,0.04,24,24,GCGTTCAGTCGCACAGGTGC,0,4905605
ygfS_ygfT_predicted,0.04,24,24,GATGCGACCCGATCACTGAT,0,4902157
ygfS_ygfT_predicted,0.04,24,24,GACTTCCATTATTTTACTAT,0,4913790
ygfS_ygfT_predicted,0.04,24,24,GACCACTGGCGAGTCACGAG,0,4915447
ygfS_ygfT_predicted,0.04,24,24,CTTCCGCACCCTATGCCAGC,0,4906096
ygfS_ygfT_predicted,0.04,24,24,CTCACGTTGCGATGGTAGTG,0,4907682
ygfS_ygfT_predicted,0.04,24,24,CTAAGGCTCATGAAACTGTT,0,4923818
ygfS_ygfT_predicted,0.04,24,24,CGCTAACTGAGAGATCGTTA,0,4916784
ygfS_ygfT_predicted,0.04,24,24,CGCGTTGAGAATGATTGGGT,0,4924721
ygfS_ygfT_predicted,0.04,24,24,CGATATAGACAAGAGTTTCT,0,4911148
ygfS_ygfT_predicted,0.04,24,24,CGAAGGCATGCTTTCCCCCT,0,4923043
ygfS_ygfT_predicted,0.04,24,24,CCTATATATCGAAGGGGTCC,0,4913488
ygfS_ygfT_predicted,0.04,24,24,CCAGTTGCTACACACGTTGA,0,4903592
ygfS_ygfT_predicted,0.04,24,24,CATATTACCATTTGGGACCT,0,4922813
ygfS_ygfT_predicted,0.04,24,24,CAATCTTCCGTCGGAAGCAT,0,4911198
ygfS_ygfT_predicted,0.04,24,24,CAATAACAATTTCCGGCCCC,0,4927514
ygfS_ygfT_predicted,0.04,24,24,CAAAGCAACATACTGGCCTA,0,4913170
ygfS_ygfT_predicted,0.04,24,24,ATCTAGGGTGCCTTCAGCTT,0,4928550
ygfS_ygfT_predicted,0.04,24,24,AGTAATTGGAACAGGAGGGA,0,4902448
ygfS_ygfT_predicted,0.04,24,24,AGGTGACTGGTTAGACACTA,0,4900026
ygfS_ygfT_predicted,0.04,24,24,AGGGGGCCATATAGATTGTA,0,4909948
ygfS_ygfT_predicted,0.04,24,24,AGATGCAATCGGACTGCCGT,0,4927568
ygfS_ygfT_predicted,0.04,24,24,AATTCATTCGTCGCTGTAGA,0,4915430
ygfS_ygfT_predicted,0.04,24,24,AACGTGAGTCACAAAGGACT,0,4916114
ygfS_ygfT_predicted,0.041666666666666664,23,23,TTTTGGCACATCCACCAGAT,0,4915483
ygfS_ygfT_predicted,0.041666666666666664,23,23,TTTGGCGGCGGATCCGCGGC,0,4925510
ygfS_ygfT_predicted,0.041666666666666664,23,23,TTGCGTGACGGAGCCATTTT,0,4926217
ygfS_ygfT_predicted,0.041666666666666664,23,23,TTGATAGATGGTAGGTCTTA,0,4905833
ygfS_ygfT_predicted,0.041666666666666664,23,23,TTGACCAGCCACCCAAACGT,0,4914288
ygfS_ygfT_predicted,0.041666666666666664,23,23,TTCGGTATTGTTCGCAGAGA,0,4900420
ygfS_ygfT_predicted,0.041666666666666664,23,23,TTCGATTACGTTTAGATCGT,0,4916090
ygfS_ygfT_predicted,0.041666666666666664,23,23,TTCAGGGGTAACTGTGCGTA,0,4916127
ygfS_ygfT_predicted,0.041666666666666664,23,23,TGGAAGTCGGCAAGCGACGT,0,4910799
ygfS_ygfT_predicted,0.041666666666666664,23,23,TGAAGTCTCATTGCCACCTT,0,4918547
ygfS_ygfT_predicted,0.041666666666666664,23,23,TCTAATTCTGCTTGCGAGCG,0,4910068
ygfS_ygfT_predicted,0.041666666666666664,23,23,TCGCATAGACCTCTCCGGAC,0,4916886
ygfS_ygfT_predicted,0.041666666666666664,23,23,GTTCTAGCGTATTCCAGGCT,0,4928749
ygfS_ygfT_predicted,0.041666666666666664,23,23,GTCCCCGCGTCAGCAAGGTC,0,4930277
ygfS_ygfT_predicted,0.041666666666666664,23,23,GGTACCCGTAGTGGGCAATG,0,4927236
ygfS_ygfT_predicted,0.041666666666666664,23,23,GGGGTCAATTTGTGAGCGGC,0,4904295
ygfS_ygfT_predicted,0.041666666666666664,23,23,GCTGGGAGTGCGCGTGCTAC,0,4910008
ygfS_ygfT_predicted,0.041666666666666664,23,23,GCATCATGAGAACGGCCGAA,0,4929413
ygfS_ygfT_predicted,0.041666666666666664,23,23,GCACAAATTAAGCGTAATTT,0,4899725
ygfS_ygfT_predicted,0.041666666666666664,23,23,GAGTAGAGAGGCGGGGTAAG,0,4918946
ygfS_ygfT_predicted,0.041666666666666664,23,23,CTGTCCAAAGGCCGCGCGTA,0,4910679
ygfS_ygfT_predicted,0.041666666666666664,23,23,CTGCGTTGTACTATACATAG,0,4903292
ygfS_ygfT_predicted,0.041666666666666664,23,23,CTCCCGCCAGCCGCGATCTC,0,4915539
ygfS_ygfT_predicted,0.041666666666666664,23,23,CGGCTTTGTGGACCCACGTT,0,4900505
ygfS_ygfT_predicted,0.041666666666666664,23,23,CGCTGTCTGAACCTCGCGTT,0,4910612
ygfS_ygfT_predicted,0.041666666666666664,23,23,CCCGGGGTATCGGCAGTATC,0,4914937
ygfS_ygfT_predicted,0.041666666666666664,23,23,CATAATGCGTTCGAGGACTT,0,4911039
ygfS_ygfT_predicted,0.041666666666666664,23,23,CAACACTATCGAACATTCCT,0,4908578
ygfS_ygfT_predicted,0.041666666666666664,23,23,ATTGTTTAGGGCCTCGGTTT,0,4919317
ygfS_ygfT_predicted,0.041666666666666664,23,23,ATGGTGACGAGAAAAGGTCT,0,4903928
ygfS_ygfT_predicted,0.041666666666666664,23,23,ATGGTAATTAGCTTAACTAA,0,4930056
ygfS_ygfT_predicted,0.041666666666666664,23,23,ATGGAGTAGAACAATCATCT,0,4929518
ygfS_ygfT_predicted,0.041666666666666664,23,23,ATGACGAATTTCGACCCGCG,0,4928662
ygfS_ygfT_predicted,0.041666666666666664,23,23,ATGACATACCTGGTGACAAT,0,4906925
ygfS_ygfT_predicted,0.041666666666666664,23,23,ATCGATAAGCATAAACCCGA,0,4929597
ygfS_ygfT_predicted,0.041666666666666664,23,23,ATCCCGCGATTTCCGCAGGT,0,4924277
ygfS_ygfT_predicted,0.041666666666666664,23,23,ATAGCGCCATAGCTAGCTCA,0,4926143
ygfS_ygfT_predicted,0.041666666666666664,23,23,AGTTAGGTCTAATCCTGCTG,0,4903267
ygfS_ygfT_predicted,0.041666666666666664,23,23,AGGGTGACATCTTAGAGCGC,0,4922447
ygfS_ygfT_predicted,0.041666666666666664,23,23,AGCACGTGGCTAGATTCAGT,0,4914664
ygfS_ygfT_predicted,0.041666666666666664,23,23,ACTTGGCAAGTTGAGGGGCA,0,4920857
ygfS_ygfT_predicted,0.041666666666666664,23,23,ACTGCCTACCGGAAGGATTT,0,4905089
ygfS_ygfT_predicted,0.041666666666666664,23,23,ACGCAGTGTTCACCTAGATT,0,4905677
ygfS_ygfT_predicted,0.041666666666666664,23,23,ACGATATAACAGATTCTAGA,0,4911519
ygfS_ygfT_predicted,0.041666666666666664,23,23,ACCATCCCAACGGTATCACT,0,4920523
ygfS_ygfT_predicted,0.041666666666666664,23,23,ACAGTCAACAGTGGGACACT,0,4920729
ygfS_ygfT_predicted,0.041666666666666664,23,23,ACAACTTCTGCCTAAAGTGC,0,4922476
ygfS_ygfT_predicted,0.041666666666666664,23,23,AAGCTTTCTCCACATGGACG,0,4922200
ygfS_ygfT_predicted,0.041666666666666664,23,23,AACCACCCGCGAGCCAAAAG,0,4929205
ygfS_ygfT_predicted,0.041666666666666664,23,23,AAACCAATGGGTGTGTGTCT,0,4911282
ygfS_ygfT_predicted,0.043478260869565216,22,22,TTGTTGCCCCTTAAGGGCGG,0,4907099
ygfS_ygfT_predicted,0.043478260869565216,22,22,TTCTGACAGCGGCAGCACTC,0,4904329
ygfS_ygfT_predicted,0.043478260869565216,22,22,TTATGCAGGCGTCGATTTTG,0,4918034
ygfS_ygfT_predicted,0.043478260869565216,22,22,TTAGGGGTCCGGGTGATAGA,0,4904983
ygfS_ygfT_predicted,0.043478260869565216,22,22,TTAATATCAGAGGTCTGGTG,0,4914583
ygfS_ygfT_predicted,0.043478260869565216,22,22,TGGAGCAGTCGCTGTATCGC,0,4924462
ygfS_ygfT_predicted,0.043478260869565216,22,22,TCTTCGTTTTGTCGGACTCC,0,4902241
ygfS_ygfT_predicted,0.043478260869565216,22,22,TCCCATACGTAAGAGTCCAA,0,4923747
ygfS_ygfT_predicted,0.043478260869565216,22,22,TCATGGTGAGAACCCCATTC,0,4917050
ygfS_ygfT_predicted,0.043478260869565216,22,22,TCACCACTGGGAGGAAGCTA,0,4901900
ygfS_ygfT_predicted,0.043478260869565216,22,22,TATTACCTCTGGCGAGGAAC,0,4927774
ygfS_ygfT_predicted,0.043478260869565216,22,22,TAGCCCCGTACCACAGCTGA,0,4931336
ygfS_ygfT_predicted,0.043478260869565216,22,22,GTCCATAAAGTGCGTGGGGG,0,4919225
ygfS_ygfT_predicted,0.043478260869565216,22,22,GGTTGATCTCATCATGAACT,0,4909827
ygfS_ygfT_predicted,0.043478260869565216,22,22,GGTGCCCCACCCTGTACATA,0,4903263
ygfS_ygfT_predicted,0.043478260869565216,22,22,GGGCGCCCTAGAAGTCTATC,0,4909907
ygfS_ygfT_predicted,0.043478260869565216,22,22,GGGAAGGCGCCGTTGTCTCG,0,4899959
ygfS_ygfT_predicted,0.043478260869565216,22,22,GGACGTTGGTTATTAGAGAA,0,4925540
ygfS_ygfT_predicted,0.043478260869565216,22,22,GCTGGGCGTATTGAGACCCT,0,4922379
ygfS_ygfT_predicted,0.043478260869565216,22,22,GCTGATTCCGGATAATGGCA,0,4916933
ygfS_ygfT_predicted,0.043478260869565216,22,22,GAGTAGTCGAACATCCACCG,0,4908708
ygfS_ygfT_predicted,0.043478260869565216,22,22,GAGGATGCCAATCGAATGTA,0,4911189
ygfS_ygfT_predicted,0.043478260869565216,22,22,GAACACAGCGGCACTTATAC,0,4927330
ygfS_ygfT_predicted,0.043478260869565216,22,22,GAAAGCGGAAGGGCACCCCA,0,4916583
ygfS_ygfT_predicted,0.043478260869565216,22,22,GAAACCCATAATAAATGGCA,0,4916282
ygfS_ygfT_predicted,0.043478260869565216,22,22,CTTGCATAAAGGGTCGCGTG,0,4909489
ygfS_ygfT_predicted,0.043478260869565216,22,22,CTTAGTGTCGCCAAGTATGT,0,4913862
ygfS_ygfT_predicted,0.043478260869565216,22,22,CTCCGTCCGGAGAGTCATTG,0,4901128
ygfS_ygfT_predicted,0.043478260869565216,22,22,CGTGGGTGTCAGGTAGAGTT,0,4927902
ygfS_ygfT_predicted,0.043478260869565216,22,22,CGTGCCGAACGTCACGCACA,0,4905022
ygfS_ygfT_predicted,0.043478260869565216,22,22,CGCCATGCAAAGGGAGTTTT,0,4900982
ygfS_ygfT_predicted,0.043478260869565216,22,22,CGATCCATTAGTGGGTGCCA,0,4918594
ygfS_ygfT_predicted,0.043478260869565216,22,22,CCTTCGTCAGCCAGGAAAAG,0,4920962
ygfS_ygfT_predicted,0.043478260869565216,22,22,CCTGTTAAACTCCTTAGTCC,0,4913901
ygfS_ygfT_predicted,0.043478260869565216,22,22,CAGATTCTTGTGTTTTCAGG,0,4913699
ygfS_ygfT_predicted,0.043478260869565216,22,22,CAAGCGTAACAAAGCAACGA,0,4915117
ygfS_ygfT_predicted,0.043478260869565216,22,22,ATTCTGTACCACAGTCTACT,0,4900688
ygfS_ygfT_predicted,0.043478260869565216,22,22,ATTCTCGAATGAGAAGAGAT,0,4916864
ygfS_ygfT_predicted,0.043478260869565216,22,22,ATGCTAACATACGCCCAGTG,0,4901737
ygfS_ygfT_predicted,0.043478260869565216,22,22,ATATATCAGAGTGTGTGCCT,0,4931425
ygfS_ygfT_predicted,0.043478260869565216,22,22,AGGTCTCCGTTTCTTATACA,0,4905515
ygfS_ygfT_predicted,0.043478260869565216,22,22,AGGAGGATTTGGGATTAATG,0,4923493
ygfS_ygfT_predicted,0.043478260869565216,22,22,ACTGTGACAACCATTTGAGG,0,4920327
ygfS_ygfT_predicted,0.043478260869565216,22,22,ACTGCTCTGTATACAAGGTC,0,4928616
ygfS_ygfT_predicted,0.043478260869565216,22,22,ACCCTTGATCGGACGCGGTA,0,4904972
ygfS_ygfT_predicted,0.043478260869565216,22,22,AATGCGCAACGGTGGCAAGA,0,4906563
ygfS_ygfT_predicted,0.043478260869565216,22,22,AAGTGGGGATGACTAATGAC,0,4930816
ygfS_ygfT_predicted,0.043478260869565216,22,22,AAGTATGCCAGGGTAGCGGA,0,4910161
ygfS_ygfT_predicted,0.043478260869565216,22,22,AAGATATCAAAATGGAATAG,0,4902436
ygfS_ygfT_predicted,0.043478260869565216,22,22,AAGAGGTAACTGGCAATCTA,0,4916941
ygfS_ygfT_predicted,0.043478260869565216,22,22,AAATATACGCAACCTCGCAG,0,4924482
ygfS_ygfT_predicted,0.043478260869565216,22,22,AAAAATATATAGTTGCTACT,0,4903370
ygfS_ygfT_predicted,0.045454545454545456,21,21,TTTCCCAGTATCAGAGATGG,0,4903383
ygfS_ygfT_predicted,0.045454545454545456,21,21,TTCTTACGGGAACGGAATTG,0,4921039
ygfS_ygfT_predicted,0.045454545454545456,21,21,TTCTGTCCAGCGGACTTATT,0,4908304
ygfS_ygfT_predicted,0.045454545454545456,21,21,TGCGTAGCTTGGGTTTCGCA,0,4917152
ygfS_ygfT_predicted,0.045454545454545456,21,21,TGACGAGAGAGATAGGTGTA,0,4924329
ygfS_ygfT_predicted,0.045454545454545456,21,21,TCGGCTCACGCAGTGGAGAG,0,4928315
ygfS_ygfT_predicted,0.045454545454545456,21,21,TCCCTTCCAGGTCTTTGAGA,0,4931084
ygfS_ygfT_predicted,0.045454545454545456,21,21,TAGGAGGAATAAGAAAGTTT,0,4900347
ygfS_ygfT_predicted,0.045454545454545456,21,21,TAGCCTATAGCCGTACATAG,0,4909286
ygfS_ygfT_predicted,0.045454545454545456,21,21,TAGAGCTGTGATTGACAGAC,0,4915105
ygfS_ygfT_predicted,0.045454545454545456,21,21,TAACGGCAGGTTTCGGTTAA,0,4900558
ygfS_ygfT_predicted,0.045454545454545456,21,21,GTTGTAGTTTTTAGGAGGCT,0,4917185
ygfS_ygfT_predicted,0.045454545454545456,21,21,GTTCTGGTATCTAGTCAGTG,0,4916835
ygfS_ygfT_predicted,0.045454545454545456,21,21,GTTCGTGGCTGCGACCCGCA,0,4927813
ygfS_ygfT_predicted,0.045454545454545456,21,21,GTCTGCGACGCAAACTGCGC,0,4914551
ygfS_ygfT_predicted,0.045454545454545456,21,21,GTCGGCTTGTACCGCAGGTC,0,4901227
ygfS_ygfT_predicted,0.045454545454545456,21,21,GTCAGCGGGTTCGGCTAAAC,0,4902937
ygfS_ygfT_predicted,0.045454545454545456,21,21,GTACGACAGCCAAGAAGTGC,0,4909450
ygfS_ygfT_predicted,0.045454545454545456,21,21,GTAAGGAGACTCAATGTGCA,0,4903911
ygfS_ygfT_predicted,0.045454545454545456,21,21,GGTCACATTCCGGCCGCACA,0,4903405
ygfS_ygfT_predicted,0.045454545454545456,21,21,GGTATTAACGTGCCTTGAGT,0,4924730
ygfS_ygfT_predicted,0.045454545454545456,21,21,GGTATCTGTTTCTAAGTGTT,0,4911927
ygfS_ygfT_predicted,0.045454545454545456,21,21,GGCTCCCATACCATCTCTCA,0,4925303
ygfS_ygfT_predicted,0.045454545454545456,21,21,GGCTATTAACTTGTTGCCAT,0,4930280
ygfS_ygfT_predicted,0.045454545454545456,21,21,GGCCTGTGAAGAATGGAAAT,0,4906450
ygfS_ygfT_predicted,0.045454545454545456,21,21,GGCCGTCCCCACGTTAGTTC,0,4916229
ygfS_ygfT_predicted,0.045454545454545456,21,21,GGCATCTGTTAGAGATCTGA,0,4911903
ygfS_ygfT_predicted,0.045454545454545456,21,21,GCCCCGGAAGGCGGTTAACA,0,4919223
ygfS_ygfT_predicted,0.045454545454545456,21,21,GCCAGAGACCAGTCTGTCAC,0,4918973
ygfS_ygfT_predicted,0.045454545454545456,21,21,GCAAAGCAAGCAATGGCCTC,0,4907410
ygfS_ygfT_predicted,0.045454545454545456,21,21,GATTACCGTGTATAGTATCA,0,4901775
ygfS_ygfT_predicted,0.045454545454545456,21,21,GACGGGGGGGCAGAAGCCTC,0,4928918
ygfS_ygfT_predicted,0.045454545454545456,21,21,GAAAATTTGAGCGAGGGATC,0,4906002
ygfS_ygfT_predicted,0.045454545454545456,21,21,CTTGAGCTGGTCGCAATTGA,0,4901665
ygfS_ygfT_predicted,0.045454545454545456,21,21,CTTACCAGCGTACCATGCAG,0,4926014
ygfS_ygfT_predicted,0.045454545454545456,21,21,CTGCAATTCCATGGTGCTAT,0,4922865
ygfS_ygfT_predicted,0.045454545454545456,21,21,CTGAATGCGTCGCCAGTGGT,0,4905544
ygfS_ygfT_predicted,0.045454545454545456,21,21,CGTTAAGCATTCTCGATATG,0,4906859
ygfS_ygfT_predicted,0.045454545454545456,21,21,CGTGAGCTACGAGGTATCAT,0,4903965
ygfS_ygfT_predicted,0.045454545454545456,21,21,CGTACTAAGTGTCGCAAAAT,0,4921869
ygfS_ygfT_predicted,0.045454545454545456,21,21,CCTAAAGCAAGCGGACCGTC,0,4910663
ygfS_ygfT_predicted,0.045454545454545456,21,21,CCCCGTAACGCTCCCATACA,0,4924136
ygfS_ygfT_predicted,0.045454545454545456,21,21,CACTGGACCACACAACACCT,0,4909567
ygfS_ygfT_predicted,0.045454545454545456,21,21,CAATGGCTCCAGTCGCCCCG,0,4900981
ygfS_ygfT_predicted,0.045454545454545456,21,21,CAACGCTACGACATTCCGGA,0,4920767
ygfS_ygfT_predicted,0.045454545454545456,21,21,ATTGAGGGCCGACTGGGAAA,0,4909519
ygfS_ygfT_predicted,0.045454545454545456,21,21,ATTATCGCCAACCTGTGTCA,0,4909721
ygfS_ygfT_predicted,0.045454545454545456,21,21,ATGTGGTCTTACCTAGTGGC,0,4915867
ygfS_ygfT_predicted,0.045454545454545456,21,21,ATGTGGCACATTCTGAGCGG,0,4917595
ygfS_ygfT_predicted,0.045454545454545456,21,21,ATGTATTTCCAACAATAATG,0,4931270
ygfS_ygfT_predicted,0.045454545454545456,21,21,ATCGCATCATTGTGTGTGTG,0,4923835
ygfS_ygfT_predicted,0.045454545454545456,21,21,ATCATCTCGTATGGCTTAGG,0,4915739
ygfS_ygfT_predicted,0.045454545454545456,21,21,AGTTCCACCAATCGTTTATT,0,4903760
ygfS_ygfT_predicted,0.045454545454545456,21,21,AGTGAATTCCTGAGGCCAGT,0,4917979
ygfS_ygfT_predicted,0.045454545454545456,21,21,AGGCTATGTCATAACAGAAA,0,4915074
ygfS_ygfT_predicted,0.045454545454545456,21,21,AGGACGCTCACCGGTTCACA,0,4919797
ygfS_ygfT_predicted,0.045454545454545456,21,21,ACTCGAGGTTCCTTTCGGGG,0,4918443
ygfS_ygfT_predicted,0.045454545454545456,21,21,ACTCACTAACTATGAGATAA,0,4918816
ygfS_ygfT_predicted,0.045454545454545456,21,21,ACGGGCGGCGGACTTAAGTA,0,4911957
ygfS_ygfT_predicted,0.045454545454545456,21,21,ACGACATGTCGTGCAGACTG,0,4929315
ygfS_ygfT_predicted,0.045454545454545456,21,21,AATGTCCGGGGGATGCGACC,0,4909285
ygfS_ygfT_predicted,0.045454545454545456,21,21,AATACGCTAGCGCTCAACGA,0,4913724
ygfS_ygfT_predicted,0.045454545454545456,21,21,AAGGGGAATTCTCATCTGTA,0,4924210
ygfS_ygfT_predicted,0.045454545454545456,21,21,AAGGCATAGCGGGGGCTTTT,0,4924395
ygfS_ygfT_predicted,0.045454545454545456,21,21,AACTTGGAAATAATGGCCGG,0,4901466
ygfS_ygfT_predicted,0.045454545454545456,21,21,AACCATCACAGCACCGGCAA,0,4914958
ygfS_ygfT_predicted,0.045454545454545456,21,21,AACACTGAAAAGTAGCCTGG,0,4920796
ygfS_ygfT_predicted,0.045454545454545456,21,21,AAAGTCACTTAAAGCGTAGC,0,4917063
ygfS_ygfT_predicted,0.045454545454545456,21,21,AAAAGAGGCGGCCCCCCCGC,0,4913719
ygfS_ygfT_predicted,0.047619047619047616,20,20,TTTTTGGTCGTCTGGGAGGT,0,4904663
ygfS_ygfT_predicted,0.047619047619047616,20,20,TTTTCCTGAAAGCGGTGAAA,0,4918607
ygfS_ygfT_predicted,0.047619047619047616,20,20,TTTGCTATTGGGCATAAGTG,0,4922407
ygfS_ygfT_predicted,0.047619047619047616,20,20,TTTCTCACTTTATAGACCTT,0,4930759
ygfS_ygfT_predicted,0.047619047619047616,20,20,TTTCCCATTGGGTACGCTTA,0,4926912
ygfS_ygfT_predicted,0.047619047619047616,20,20,TTTCAACTTTACTGACCGGC,0,4916672
ygfS_ygfT_predicted,0.047619047619047616,20,20,TTTACAGCCGGAGTGGATTT,0,4925908
ygfS_ygfT_predicted,0.047619047619047616,20,20,TTGGGTGTAGGTGATGCATA,0,4908236
ygfS_ygfT_predicted,0.047619047619047616,20,20,TTCCTGACGCTGGCAAGCTG,0,4927809
ygfS_ygfT_predicted,0.047619047619047616,20,20,TTCACATGCAGTGCTGGATA,0,4904124
ygfS_ygfT_predicted,0.047619047619047616,20,20,TTAATACACGTTCACCGTCA,0,4917314
ygfS_ygfT_predicted,0.047619047619047616,20,20,TGGTGTTGATTGTGCGGCAA,0,4921917
ygfS_ygfT_predicted,0.047619047619047616,20,20,TGCTCACCGAATCGGGCAGT,0,4917993
ygfS_ygfT_predicted,0.047619047619047616,20,20,TGAAGGTGGCCGGCAGGTTA,0,4912796
ygfS_ygfT_predicted,0.047619047619047616,20,20,TCTATAGCCACGCTTCCGTG,0,4901771
ygfS_ygfT_predicted,0.047619047619047616,20,20,TCGCACAGGCCCGTATGATT,0,4912136
ygfS_ygfT_predicted,0.047619047619047616,20,20,TCATTGATATCTTGATTGGC,0,4917838
ygfS_ygfT_predicted,0.047619047619047616,20,20,TATCACTACGCATTCGTGGT,0,4922791
ygfS_ygfT_predicted,0.047619047619047616,20,20,TAACGCCTAAATCTACGATG,0,4900009
ygfS_ygfT_predicted,0.047619047619047616,20,20,GTTGCAAGATGGGGACTTTT,0,4917810
ygfS_ygfT_predicted,0.047619047619047616,20,20,GTTACAAGTCTCTGCCCGGT,0,4905130
ygfS_ygfT_predicted,0.047619047619047616,20,20,GTTAAGCCCAGCTCGACGTA,0,4915622
ygfS_ygfT_predicted,0.047619047619047616,20,20,GTGCTTTCTACACACTAAAG,0,4918531
ygfS_ygfT_predicted,0.047619047619047616,20,20,GTCTGTTGTAACCGTCATGC,0,4912863
ygfS_ygfT_predicted,0.047619047619047616,20,20,GTCCTCTTCGTTGTCACGAG,0,4906927
ygfS_ygfT_predicted,0.047619047619047616,20,20,GTAAGTAAACCCCCGCGTGT,0,4900985
ygfS_ygfT_predicted,0.047619047619047616,20,20,GGTTTGCGCTGGGTCACAAA,0,4915728
ygfS_ygfT_predicted,0.047619047619047616,20,20,GGTCGGTTAAGCGGTACGCA,0,4909268
ygfS_ygfT_predicted,0.047619047619047616,20,20,GGGGAAAGCACACCCGGCTC,0,4909084
ygfS_ygfT_predicted,0.047619047619047616,20,20,GGGAAGCACCGTCCTCGATG,0,4930995
ygfS_ygfT_predicted,0.047619047619047616,20,20,GGCCTAGTATGCACGCACCC,0,4923048
ygfS_ygfT_predicted,0.047619047619047616,20,20,GGACGCACGCTGCGCAGTTT,0,4901140
ygfS_ygfT_predicted,0.047619047619047616,20,20,GCTTCAGAGAAATGTCAATT,0,4906865
ygfS_ygfT_predicted,0.047619047619047616,20,20,GCTGCCCCCATGAGCACGGT,0,4907452
ygfS_ygfT_predicted,0.047619047619047616,20,20,GCGTTCGTCCGCAAGGAGAT,0,4900956
ygfS_ygfT_predicted,0.047619047619047616,20,20,GCCGCTCTCCACCGATAAAA,0,4916172
ygfS_ygfT_predicted,0.047619047619047616,20,20,GCCACGACTGGGAAAACGGA,0,4902224
ygfS_ygfT_predicted,0.047619047619047616,20,20,GCAAATAAATTTTCCATGAT,0,4916376
ygfS_ygfT_predicted,0.047619047619047616,20,20,GAGTGTTAATCGATAAGACT,0,4910726
ygfS_ygfT_predicted,0.047619047619047616,20,20,GAGGTGAGTCATTAAATTGT,0,4915236
ygfS_ygfT_predicted,0.047619047619047616,20,20,GAGAGCGGGAAGGCTAATTC,0,4911843
ygfS_ygfT_predicted,0.047619047619047616,20,20,GACTGTTCATATAGCCCGGC,0,4910505
ygfS_ygfT_predicted,0.047619047619047616,20,20,GAAGACGTAGACCACGTCTC,0,4903799
ygfS_ygfT_predicted,0.047619047619047616,20,20,CTGATTCGTGCCAAAGCTGA,0,4918628
ygfS_ygfT_predicted,0.047619047619047616,20,20,CTCATTATACCCCGCTACTC,0,4926352
ygfS_ygfT_predicted,0.047619047619047616,20,20,CTAGGTGTGAAACGCGTTAG,0,4910130
ygfS_ygfT_predicted,0.047619047619047616,20,20,CGGGCTTGAGGCTTCTCCTA,0,4914947
ygfS_ygfT_predicted,0.047619047619047616,20,20,CGGGCGAACCAGAAAATTCA,0,4904547
ygfS_ygfT_predicted,0.047619047619047616,20,20,CGCCGCCTCTATGGATAACC,0,4900016
ygfS_ygfT_predicted,0.047619047619047616,20,20,CGAGTTAAGCAGCAGCGTTT,0,4910743
ygfS_ygfT_predicted,0.047619047619047616,20,20,CGACTAAGATGTGCCTCGCT,0,4913733
ygfS_ygfT_predicted,0.047619047619047616,20,20,CCTTAAAGCGGTCGTGCGCT,0,4908725
ygfS_ygfT_predicted,0.047619047619047616,20,20,CCGCTTCGCCTAATATCAAC,0,4901541
ygfS_ygfT_predicted,0.047619047619047616,20,20,CCCTGCGCTCTACGTTGACA,0,4921551
ygfS_ygfT_predicted,0.047619047619047616,20,20,CCAGCAATCTGTTGATCTAT,0,4922753
ygfS_ygfT_predicted,0.047619047619047616,20,20,CAGTCGAGGTTAAACTGACA,0,4910826
ygfS_ygfT_predicted,0.047619047619047616,20,20,CAATGAACGGTAGGGTTCTT,0,4918564
ygfS_ygfT_predicted,0.047619047619047616,20,20,CAATCTTTGTCCACTATCCA,0,4925869
ygfS_ygfT_predicted,0.047619047619047616,20,20,ATGAAGCGGACTTTCAAGTT,0,4907965
ygfS_ygfT_predicted,0.047619047619047616,20,20,ATCGCTTCTACAGTACGAAA,0,4927962
ygfS_ygfT_predicted,0.047619047619047616,20,20,ATCGATGAAGTTGCTCCTCG,0,4912310
ygfS_ygfT_predicted,0.047619047619047616,20,20,AGTTTTCTCACCCCAGGACT,0,4908381
ygfS_ygfT_predicted,0.047619047619047616,20,20,AGTGGTGTCTCTGGATCAGG,0,4907259
ygfS_ygfT_predicted,0.047619047619047616,20,20,AGATTGTGTCCGCCGCGTTA,0,4928714
ygfS_ygfT_predicted,0.047619047619047616,20,20,ACACACTGCAAGGACTCGCC,0,4912132
ygfS_ygfT_predicted,0.047619047619047616,20,20,AATTGCCCGTGTTACGGTCC,0,4908103
ygfS_ygfT_predicted,0.047619047619047616,20,20,AATGGTAGGCCGTCAGCACA,0,4928174
ygfS_ygfT_predicted,0.047619047619047616,20,20,AAGTCACGAACCTCAGCATA,0,4904727
ygfS_ygfT_predicted,0.047619047619047616,20,20,AAGGGATCACTCACTACATG,0,4922528
ygfS_ygfT_predicted,0.047619047619047616,20,20,AAGGCCTTCATCTGCGGTGA,0,4906631
ygfS_ygfT_predicted,0.047619047619047616,20,20,AAAGTGAGTCTTAAGCGTCT,0,4907763
ygfS_ygfT_predicted,0.05,19,19,TTTTGAACGCCTGTAGCTGG,0,4907644
ygfS_ygfT_predicted,0.05,19,19,TTAGTATGGCATTCACGTTG,0,4929927
ygfS_ygfT_predicted,0.05,19,19,TGTAATTTCGATAGAGACGT,0,4929053
ygfS_ygfT_predicted,0.05,19,19,TGCTTGTGAGAACCTCAGAG,0,4927787
ygfS_ygfT_predicted,0.05,19,19,TGCGTTTCCAACACACAGGG,0,4906650
ygfS_ygfT_predicted,0.05,19,19,TGATGGAGATTCTGTCTCAT,0,4913701
ygfS_ygfT_predicted,0.05,19,19,TGAACCCTGGACAGCTACAC,0,4923694
ygfS_ygfT_predicted,0.05,19,19,TCTTGTTGAGCTATATTTCA,0,4905208
ygfS_ygfT_predicted,0.05,19,19,TCTAAAAGGGGCTTCGTCCG,0,4925036
ygfS_ygfT_predicted,0.05,19,19,TCGTGGGTACTAAACGGACT,0,4905979
ygfS_ygfT_predicted,0.05,19,19,TCGGACTACCACGAGCCTGT,0,4920432
ygfS_ygfT_predicted,0.05,19,19,TCGCCATTGCCGACCCGGCA,0,4927200
ygfS_ygfT_predicted,0.05,19,19,TCGAGCTCAAATGGCTTTAA,0,4904484
ygfS_ygfT_predicted,0.05,19,19,TAACTAGCTCCAGCAGACTT,0,4916271
ygfS_ygfT_predicted,0.05,19,19,TAACTAAGTCTAATGGTGAG,0,4901229
ygfS_ygfT_predicted,0.05,19,19,TAACCGCCCTACAATGTTGA,0,4919933
ygfS_ygfT_predicted,0.05,19,19,GTTTTCTGCCAATAGATGAC,0,4905185
ygfS_ygfT_predicted,0.05,19,19,GTTGTTCTCACGTAGTTTCC,0,4921595
ygfS_ygfT_predicted,0.05,19,19,GTTGGGATAAACCAAAGAAA,0,4928416
ygfS_ygfT_predicted,0.05,19,19,GTTGAGTCGGGGGGTCGGGT,0,4903569
ygfS_ygfT_predicted,0.05,19,19,GTGGGTAGAGGATGCGAGAT,0,4900791
ygfS_ygfT_predicted,0.05,19,19,GTATTGCAATAGTGGGTCCG,0,4916053
ygfS_ygfT_predicted,0.05,19,19,GTAACATCTTTGGGTCTAGA,0,4899973
ygfS_ygfT_predicted,0.05,19,19,GGTACACCTCGTGTAGTAAA,0,4929075
ygfS_ygfT_predicted,0.05,19,19,GGTAAATACAAGCAGTACGT,0,4912321
ygfS_ygfT_predicted,0.05,19,19,GGGATTGCCTCTCCGCAATT,0,4907505
ygfS_ygfT_predicted,0.05,19,19,GGCTCTACATCCAACGCATT,0,4914876
ygfS_ygfT_predicted,0.05,19,19,GGATTGTCGCCCAAGCTATG,0,4923324
ygfS_ygfT_predicted,0.05,19,19,GCGCGGTTCTCGCTCCACCA,0,4900455
ygfS_ygfT_predicted,0.05,19,19,GCCGCTGGCAAACTCCGGAA,0,4917446
ygfS_ygfT_predicted,0.05,19,19,GCAGCTTTCACCAAGGTGGT,0,4906734
ygfS_ygfT_predicted,0.05,19,19,GCAAAGGCTGCTATCACCGT,0,4917785
ygfS_ygfT_predicted,0.05,19,19,GAGGTCGGTGGGGGGATGGA,0,4901489
ygfS_ygfT_predicted,0.05,19,19,GACCAATATACTCTCTGTGT,0,4909784
ygfS_ygfT_predicted,0.05,19,19,GAAATGATCACGCATCCTAT,0,4905611
ygfS_ygfT_predicted,0.05,19,19,CTGCTACATTTGCCAGAAGC,0,4910917
ygfS_ygfT_predicted,0.05,19,19,CTAGGTACGTTCGATCTGCA,0,4919420
ygfS_ygfT_predicted,0.05,19,19,CGTTTAGGACTAGAAGGTCC,0,4901084
ygfS_ygfT_predicted,0.05,19,19,CGGTTATTGCTACCACTCCA,0,4927206
ygfS_ygfT_predicted,0.05,19,19,CGGGCCTTAGCTTGTGCCAT,0,4919061
ygfS_ygfT_predicted,0.05,19,19,CGGGAGCACTTACGTGAACT,0,4901800
ygfS_ygfT_predicted,0.05,19,19,CGGATCATGCGGGACGGTAA,0,4927044
ygfS_ygfT_predicted,0.05,19,19,CGCAAGACGCATTGCTGGGT,0,4909713
ygfS_ygfT_predicted,0.05,19,19,CCGGTAGGAACCAGACGCTA,0,4930331
ygfS_ygfT_predicted,0.05,19,19,CCGATTTTTTGTGCCGGTAC,0,4916834
ygfS_ygfT_predicted,0.05,19,19,CCCGTGTGCTCCGGATGAGG,0,4920625
ygfS_ygfT_predicted,0.05,19,19,CCCCCGACTGAGGGTTATAT,0,4921371
ygfS_ygfT_predicted,0.05,19,19,CATAAGATGGAGTTAAGGGT,0,4926399
ygfS_ygfT_predicted,0.05,19,19,CAGTACGAGCGTTCCGCTTT,0,4901437
ygfS_ygfT_predicted,0.05,19,19,CAGGATAATAGTGACGGATA,0,4905254
ygfS_ygfT_predicted,0.05,19,19,CAGCCTCGGTCTTGACAGAT,0,4916917
ygfS_ygfT_predicted,0.05,19,19,CAGAGTAGCCCGCACACGGA,0,4913582
ygfS_ygfT_predicted,0.05,19,19,CAACTCTCACACGCCTATCA,0,4904353
ygfS_ygfT_predicted,0.05,19,19,ATTTCGGGTCAAAATGTCCA,0,4902370
ygfS_ygfT_predicted,0.05,19,19,ATTTATGTAGGGGCGAATCA,0,4911489
ygfS_ygfT_predicted,0.05,19,19,ATTTAATGACCAGCCTCCCA,0,4924085
ygfS_ygfT_predicted,0.05,19,19,ATGTGATAGAGATGCCGAAA,0,4909206
ygfS_ygfT_predicted,0.05,19,19,ATGGCAGGTGTCTTCCCCCC,0,4902809
ygfS_ygfT_predicted,0.05,19,19,ATGCATCATCGACATTCCGA,0,4913423
ygfS_ygfT_predicted,0.05,19,19,ATCTCAAGGCCAGGAACGTT,0,4930079
ygfS_ygfT_predicted,0.05,19,19,ATCAGTCGGCGGGTGAAAGG,0,4901709
ygfS_ygfT_predicted,0.05,19,19,ATACGCTAGCTCATAATCAG,0,4908261
ygfS_ygfT_predicted,0.05,19,19,ATACCAGCTCAGGTGAGCCG,0,4922170
ygfS_ygfT_predicted,0.05,19,19,ATAACCGAAGAGCATTGTCA,0,4913902
ygfS_ygfT_predicted,0.05,19,19,AGTATTCGCCCCTGCCACAG,0,4906944
ygfS_ygfT_predicted,0.05,19,19,AGTAAACGTCGTTTTTAGAG,0,4930146
ygfS_ygfT_predicted,0.05,19,19,AGGAACGGTGACGTAGTCCT,0,4925644
ygfS_ygfT_predicted,0.05,19,19,AGCTCGTATCACTTTATTGG,0,4909135
ygfS_ygfT_predicted,0.05,19,19,AGCGAGTGGAATTCTGCTTA,0,4921996
ygfS_ygfT_predicted,0.05,19,19,AGCCCGCGTATGCGGAGATA,0,4904626
ygfS_ygfT_predicted,0.05,19,19,ACTAGGGTAGGGCCGGCCCG,0,4902798
ygfS_ygfT_predicted,0.05,19,19,ACGAGGCAGTTAGTTAAAAG,0,4912223
ygfS_ygfT_predicted,0.05,19,19,ACGAGCACAGGGGCACTGAA,0,4910841
ygfS_ygfT_predicted,0.05,19,19,ACGAAGCTTATTGGGAAAGT,0,4906136
ygfS_ygfT_predicted,0.05,19,19,ACCAACTAAAGACGTGCCCA,0,4915511
ygfS_ygfT_predicted,0.05,19,19,ACATCTTGACTCGGATTTCT,0,4904151
ygfS_ygfT_predicted,0.05,19,19,AATCTTGATTTACGGGAGGT,0,4909058
ygfS_ygfT_predicted,0.05,19,19,AAGGGCTGTAAGGGCTGCTA,0,4911844
ygfS_ygfT_predicted,0.05,19,19,AACTATGGGTGTCGAGGGGA,0,4909663
ygfS_ygfT_predicted,0.05,19,19,AACAGAGCTTGCCTCAGATA,0,4923769
ygfS_ygfT_predicted,0.05,19,19,AAATGAAACAGATCAATGTT,0,4908610
ygfS_ygfT_predicted,0.05263157894736842,18,18,TTTTGCTCTAATGCTGATAA,0,4919134
ygfS_ygfT_predicted,0.05263157894736842,18,18,TTGGCGAAAGTAAGGCAACT,0,4900058
ygfS_ygfT_predicted,0.05263157894736842,18,18,TTGGCCGTGCGAGTCTGGTA,0,4916171
ygfS_ygfT_predicted,0.05263157894736842,18,18,TTGCCGCAGCTGTATATCCA,0,4901012
ygfS_ygfT_predicted,0.05263157894736842,18,18,TTGCCCGTCACTCGAATCGG,0,4929087
ygfS_ygfT_predicted,0.05263157894736842,18,18,TTAGGGGCCTCGCAATCGAT,0,4924969
ygfS_ygfT_predicted,0.05263157894736842,18,18,TTACTCTAGAGCTAAGCCCA,0,4906541
ygfS_ygfT_predicted,0.05263157894736842,18,18,TGTTCGGTGGCAAATAGGGA,0,4907242
ygfS_ygfT_predicted,0.05263157894736842,18,18,TGGTACTAAACAACGGGCGA,0,4905149
ygfS_ygfT_predicted,0.05263157894736842,18,18,TGCGTCGCCTCATACATGTG,0,4902411
ygfS_ygfT_predicted,0.05263157894736842,18,18,TGATTTATCTCGAAGCTCGT,0,4903016
ygfS_ygfT_predicted,0.05263157894736842,18,18,TGAGTGTACATACAGATGTT,0,4913549
ygfS_ygfT_predicted,0.05263157894736842,18,18,TCTGGTGCTGGGGTTTCCAC,0,4916878
ygfS_ygfT_predicted,0.05263157894736842,18,18,TCGTTGTTCCCCGCACTTGC,0,4902499
ygfS_ygfT_predicted,0.05263157894736842,18,18,TCGGGGGTGGATAAGTACCC,0,4919422
ygfS_ygfT_predicted,0.05263157894736842,18,18,TCGCGCCGCTGTGTCTATCA,0,4902264
ygfS_ygfT_predicted,0.05263157894736842,18,18,TCCTATTGGGCTGCTTCCTA,0,4911933
ygfS_ygfT_predicted,0.05263157894736842,18,18,TCATGGAACTCTGAACGGAC,0,4899906
ygfS_ygfT_predicted,0.05263157894736842,18,18,TCATCACCAAACTCCGGATG,0,4920427
ygfS_ygfT_predicted,0.05263157894736842,18,18,TACGGTGATGCGTCGGAAGC,0,4918343
ygfS_ygfT_predicted,0.05263157894736842,18,18,TAATCGTTCCTTGTCAGTCT,0,4901540
ygfS_ygfT_predicted,0.05263157894736842,18,18,GTTCATGTATCCTAGATGTT,0,4914866
ygfS_ygfT_predicted,0.05263157894736842,18,18,GTGTCGAACACGCATTGTGT,0,4926403
ygfS_ygfT_predicted,0.05263157894736842,18,18,GTGAAAACCTGCCATTTAAA,0,4911231
ygfS_ygfT_predicted,0.05263157894736842,18,18,GTCTATTATACAACCAGTTT,0,4912237
ygfS_ygfT_predicted,0.05263157894736842,18,18,GTAGATGAGAGGAGCTTTCG,0,4919500
ygfS_ygfT_predicted,0.05263157894736842,18,18,GGTTTCGTTCCCTTCGTACT,0,4913346
ygfS_ygfT_predicted,0.05263157894736842,18,18,GGTACGTGAATTCCAGAGAA,0,4904584
ygfS_ygfT_predicted,0.05263157894736842,18,18,GGGGGGTGACGCTTGAGTTG,0,4914135
ygfS_ygfT_predicted,0.05263157894736842,18,18,GGGGGATCTATACTCCCTGA,0,4918307
ygfS_ygfT_predicted,0.05263157894736842,18,18,GGGATTGGAGCATGTTGGAA,0,4930269
ygfS_ygfT_predicted,0.05263157894736842,18,18,GGCTCGATAGCAGAATTGAG,0,4923208
ygfS_ygfT_predicted,0.05263157894736842,18,18,GGATTCTAGGAAGCCACACG,0,4923133
ygfS_ygfT_predicted,0.05263157894736842,18,18,GGATCAGTGTATTCGGAAAT,0,4913191
ygfS_ygfT_predicted,0.05263157894736842,18,18,GGAGGCAGCTAAGCCCGTAC,0,4919451
ygfS_ygfT_predicted,0.05263157894736842,18,18,GCTGCCATAGCACATCAGTC,0,4908112
ygfS_ygfT_predicted,0.05263157894736842,18,18,GCTCCAACCCGTATAACGAT,0,4919224
ygfS_ygfT_predicted,0.05263157894736842,18,18,GCTATCTGCCTACGTTGGCA,0,4915130
ygfS_ygfT_predicted,0.05263157894736842,18,18,GCTACTTGTTGAGAACAATT,0,4930201
ygfS_ygfT_predicted,0.05263157894736842,18,18,GCGTCGCGCTAGGTAGTGGC,0,4901377
ygfS_ygfT_predicted,0.05263157894736842,18,18,GCCTAGTTAGACACGAAATA,0,4931284
ygfS_ygfT_predicted,0.05263157894736842,18,18,GCCGAACTACCCCGAGCATT,0,4915672
ygfS_ygfT_predicted,0.05263157894736842,18,18,GCCACTCACCCAGATAGGTT,0,4928067
ygfS_ygfT_predicted,0.05263157894736842,18,18,GCAACGGTATGTTGTAGTAA,0,4929971
ygfS_ygfT_predicted,0.05263157894736842,18,18,GATGATTCTCATAGTCACGG,0,4914782
ygfS_ygfT_predicted,0.05263157894736842,18,18,GAGGTAAAAAATCATACTTG,0,4912108
ygfS_ygfT_predicted,0.05263157894736842,18,18,GAATAAGAGTTAACCCGTAT,0,4906542
ygfS_ygfT_predicted,0.05263157894736842,18,18,CTTCTATCTATGGAACCGGT,0,4904593
ygfS_ygfT_predicted,0.05263157894736842,18,18,CTTCCTACGGTTATCACTAG,0,4927059
ygfS_ygfT_predicted,0.05263157894736842,18,18,CTGGTACGCCGTAGCCTTGG,0,4910820
ygfS_ygfT_predicted,0.05263157894736842,18,18,CTCGCATACTCCTGAGCCTT,0,4928732
ygfS_ygfT_predicted,0.05263157894736842,18,18,CTACATTTTCAGTACCGAAC,0,4904113
ygfS_ygfT_predicted,0.05263157894736842,18,18,CGTAATAGATTTCAACACAT,0,4914057
ygfS_ygfT_predicted,0.05263157894736842,18,18,CGGCTCTGTGATGCCGGCTT,0,4917420
ygfS_ygfT_predicted,0.05263157894736842,18,18,CGGCCCCGCTAAAGGCGTCA,0,4910981
ygfS_ygfT_predicted,0.05263157894736842,18,18,CGGAAGCTGGAGACTAGCAA,0,4904118
ygfS_ygfT_predicted,0.05263157894736842,18,18,CGCGGGGCCTTCTAGCCAGT,0,4915475
ygfS_ygfT_predicted,0.05263157894736842,18,18,CGCCCTACGCGTAGAATGGC,0,4916654
ygfS_ygfT_predicted,0.05263157894736842,18,18,CCTCGGAGCCGGAATCACCG,0,4906629
ygfS_ygfT_predicted,0.05263157894736842,18,18,CCCCCCGTAACTTATATGGG,0,4906731
ygfS_ygfT_predicted,0.05263157894736842,18,18,CCCACCTGGGGCTTGGAACA,0,4914774
ygfS_ygfT_predicted,0.05263157894736842,18,18,CCATGTCAAATTTGAATGGG,0,4903680
ygfS_ygfT_predicted,0.05263157894736842,18,18,CCAGTCACTGACATTCGGAC,0,4920998
ygfS_ygfT_predicted,0.05263157894736842,18,18,CCACCCGTACGTGCCTTCAT,0,4929139
ygfS_ygfT_predicted,0.05263157894736842,18,18,CAGGGACACTTGGTGTCTGT,0,4924125
ygfS_ygfT_predicted,0.05263157894736842,18,18,CAGGATCTACGGCCACATAT,0,4914978
ygfS_ygfT_predicted,0.05263157894736842,18,18,CAGCCGTGATCTTTACCTGC,0,4911492
ygfS_ygfT_predicted,0.05263157894736842,18,18,CACTTTGCACCGGTCATGAG,0,4921312
ygfS_ygfT_predicted,0.05263157894736842,18,18,CACAGGAAATGCACTCTGGG,0,4921771
ygfS_ygfT_predicted,0.05263157894736842,18,18,ATTCGCAAGGCGGAATCTGT,0,4918500
ygfS_ygfT_predicted,0.05263157894736842,18,18,ATGTCGGGGCTGAAAACCCA,0,4930004
ygfS_ygfT_predicted,0.05263157894736842,18,18,ATGTAAACAGCCGGAAGTCA,0,4907187
ygfS_ygfT_predicted,0.05263157894736842,18,18,ATGCCGGTGCACTCCATGTG,0,4909281
ygfS_ygfT_predicted,0.05263157894736842,18,18,ATGAATGAAGAAGTCAGCAA,0,4929698
ygfS_ygfT_predicted,0.05263157894736842,18,18,ATCGTTCATTAAGCGAAGGC,0,4922951
ygfS_ygfT_predicted,0.05263157894736842,18,18,ATCGGGTCATCACGCGCGGA,0,4918087
ygfS_ygfT_predicted,0.05263157894736842,18,18,ATCCTGAATAGAGCTTTTCA,0,4906667
ygfS_ygfT_predicted,0.05263157894736842,18,18,ATCCTCATAACCACATCCGT,0,4900703
ygfS_ygfT_predicted,0.05263157894736842,18,18,ATATATCATTCTGGAAACAG,0,4921623
ygfS_ygfT_predicted,0.05263157894736842,18,18,ATACTGGTACGCGCTTGATA,0,4921634
ygfS_ygfT_predicted,0.05263157894736842,18,18,AGTGGGCCTATGGACGCAAA,0,4926469
ygfS_ygfT_predicted,0.05263157894736842,18,18,AGGTCAGCCAGCAGGGCGCT,0,4907279
ygfS_ygfT_predicted,0.05263157894736842,18,18,AGGGTGGAGGACGTAACCCT,0,4905615
ygfS_ygfT_predicted,0.05263157894736842,18,18,AGGGGCCTGCCTAGCTCCTA,0,4912299
ygfS_ygfT_predicted,0.05263157894736842,18,18,AGCGGTCTAACTGTACGAAG,0,4915148
ygfS_ygfT_predicted,0.05263157894736842,18,18,AGAGTACTCAATCGGGGTGG,0,4905295
ygfS_ygfT_predicted,0.05263157894736842,18,18,ACGCGTTTTTTGGAGCACAA,0,4909782
ygfS_ygfT_predicted,0.05263157894736842,18,18,ACCGTGCCTCTGGGTCGAAA,0,4925319
ygfS_ygfT_predicted,0.05263157894736842,18,18,ACCAGATGGCGGACACTTAA,0,4907791
ygfS_ygfT_predicted,0.05263157894736842,18,18,AATTCATAGGGTCTGGTCCT,0,4901329
ygfS_ygfT_predicted,0.05263157894736842,18,18,AATGAAACGAACTGCCGTAC,0,4910975
ygfS_ygfT_predicted,0.05263157894736842,18,18,AACTACTCCGATCCACCTGG,0,4918925
ygfS_ygfT_predicted,0.05263157894736842,18,18,AACAAATGGTCGGAGTATAG,0,4909243
ygfS_ygfT_predicted,0.05555555555555555,17,17,TTTTCAAGTCGAGGCGGAAT,0,4921877
ygfS_ygfT_predicted,0.05555555555555555,17,17,TTGACCATAATCGTTACTTG,0,4919099
ygfS_ygfT_predicted,0.05555555555555555,17,17,TTCGGCTTGGGAAGTTATGA,0,4919845
ygfS_ygfT_predicted,0.05555555555555555,17,17,TTCGGCATCTACTTTTACAC,0,4926645
ygfS_ygfT_predicted,0.05555555555555555,17,17,TTCGCATACCTGCCAGCGCC,0,4927277
ygfS_ygfT_predicted,0.05555555555555555,17,17,TTAACAACACAGGGTCCTCT,0,4903145
ygfS_ygfT_predicted,0.05555555555555555,17,17,TGTGGGATTATACGTTCGCT,0,4913257
ygfS_ygfT_predicted,0.05555555555555555,17,17,TGTCAAAGGAGGAATCAAGA,0,4922224
ygfS_ygfT_predicted,0.05555555555555555,17,17,TGTACGTGGATACTATGAGC,0,4913538
ygfS_ygfT_predicted,0.05555555555555555,17,17,TGGATCTAGTAACGATTAAT,0,4908562
ygfS_ygfT_predicted,0.05555555555555555,17,17,TGAGTAGAGCCGAAAGCTAA,0,4926587
ygfS_ygfT_predicted,0.05555555555555555,17,17,TCTTCGATTGGTGTGGTTAT,0,4924461
ygfS_ygfT_predicted,0.05555555555555555,17,17,TCTTAACTGGTGTCCTCAGT,0,4918981
ygfS_ygfT_predicted,0.05555555555555555,17,17,TCTAGAATCGGACACGTGTG,0,4919323
ygfS_ygfT_predicted,0.05555555555555555,17,17,TCCGCCGACTCGGTGTCAGG,0,4905117
ygfS_ygfT_predicted,0.05555555555555555,17,17,TCATACCGCGGCCCCAATGC,0,4926145
ygfS_ygfT_predicted,0.05555555555555555,17,17,TATAGCAGTACTTAATTCGG,0,4909754
ygfS_ygfT_predicted,0.05555555555555555,17,17,TAGGACACGAGAACGGCGGA,0,4911447
ygfS_ygfT_predicted,0.05555555555555555,17,17,TACCGCGCGTCCTAGTTACG,0,4904857
ygfS_ygfT_predicted,0.05555555555555555,17,17,TAAATAAGAGGCAAGAAGTG,0,4913177
ygfS_ygfT_predicted,0.05555555555555555,17,17,GTGGTCGAGCCTACGTCCGC,0,4904411
ygfS_ygfT_predicted,0.05555555555555555,17,17,GTGGGACGGTCTAGACTGTG,0,4927802
ygfS_ygfT_predicted,0.05555555555555555,17,17,GTCAAAGGAGCCCCCGACCG,0,4921802
ygfS_ygfT_predicted,0.05555555555555555,17,17,GTAACTCGCCTTCCCTTTAT,0,4920690
ygfS_ygfT_predicted,0.05555555555555555,17,17,GGTTCATCTAAGGTACAAGG,0,4909585
ygfS_ygfT_predicted,0.05555555555555555,17,17,GGTGCACGCAAGGCTTGTTT,0,4905691
ygfS_ygfT_predicted,0.05555555555555555,17,17,GGTGATTCCGTTGGGGAAAT,0,4930103
ygfS_ygfT_predicted,0.05555555555555555,17,17,GGTCATACCGAATTTGGGGC,0,4923863
ygfS_ygfT_predicted,0.05555555555555555,17,17,GGGCTACTACGATGCGCTTA,0,4912279
ygfS_ygfT_predicted,0.05555555555555555,17,17,GGGATTTCGGGGCAAAACAA,0,4907738
ygfS_ygfT_predicted,0.05555555555555555,17,17,GGATGTGGGTAGCACAAGTG,0,4910725
ygfS_ygfT_predicted,0.05555555555555555,17,17,GGATGGGACACTACGCATCG,0,4927077
ygfS_ygfT_predicted,0.05555555555555555,17,17,GGATGGCGTGCGGGTCCTAC,0,4900795
ygfS_ygfT_predicted,0.05555555555555555,17,17,GCTGTGGGTTCGCCCCGCCA,0,4908327
ygfS_ygfT_predicted,0.05555555555555555,17,17,GCTCCGACCACAGCTAATAC,0,4908916
ygfS_ygfT_predicted,0.05555555555555555,17,17,GCTATGTTTTATCACCCGCC,0,4920471
ygfS_ygfT_predicted,0.05555555555555555,17,17,GCGGTGCACCATGTGATTTA,0,4930408
ygfS_ygfT_predicted,0.05555555555555555,17,17,GCGCAACCTGTTGAAGTTGA,0,4912298
ygfS_ygfT_predicted,0.05555555555555555,17,17,GCGAGGGGGGGCTCGGCTCA,0,4916621
ygfS_ygfT_predicted,0.05555555555555555,17,17,GCCCGGCCCTCTGAGAAGTA,0,4914108
ygfS_ygfT_predicted,0.05555555555555555,17,17,GCAGGCGGATAGCCTTCGAG,0,4912654
ygfS_ygfT_predicted,0.05555555555555555,17,17,GCAGCGATTTATTCCGCGCA,0,4922504
ygfS_ygfT_predicted,0.05555555555555555,17,17,GATTCTACAGCACCGTTTGG,0,4902076
ygfS_ygfT_predicted,0.05555555555555555,17,17,GATGTAGGCCACGATCTGGT,0,4912740
ygfS_ygfT_predicted,0.05555555555555555,17,17,GATGCCCAGTGGCGCGAAAC,0,4915617
ygfS_ygfT_predicted,0.05555555555555555,17,17,GATCTGATTATAGACCCGAA,0,4909825
ygfS_ygfT_predicted,0.05555555555555555,17,17,GAGTAAACTGGACCGCTACA,0,4903781
ygfS_ygfT_predicted,0.05555555555555555,17,17,GACACCCAAGTAAACGGAAC,0,4901234
ygfS_ygfT_predicted,0.05555555555555555,17,17,CTTTTTCCGCGGGCAAACTT,0,4911035
ygfS_ygfT_predicted,0.05555555555555555,17,17,CTTGGGTACTCGATGGATAT,0,4927010
ygfS_ygfT_predicted,0.05555555555555555,17,17,CTGCGAGGACGAAGGGGGAA,0,4927256
ygfS_ygfT_predicted,0.05555555555555555,17,17,CTGAGCCATGCGCGGGGGTA,0,4927350
ygfS_ygfT_predicted,0.05555555555555555,17,17,CTCTCGGTCCGGCGGTACGA,0,4908896
ygfS_ygfT_predicted,0.05555555555555555,17,17,CTCGACTTACGTTTCCGGCC,0,4923232
ygfS_ygfT_predicted,0.05555555555555555,17,17,CTCCTCGTCATGAACAACAT,0,4909419
ygfS_ygfT_predicted,0.05555555555555555,17,17,CTAATCGCACCATAAGTGTA,0,4929824
ygfS_ygfT_predicted,0.05555555555555555,17,17,CGTCCTCTAGACCGCGCTAA,0,4927124
ygfS_ygfT_predicted,0.05555555555555555,17,17,CGTATTAAAGGGACTAGCCC,0,4929127
ygfS_ygfT_predicted,0.05555555555555555,17,17,CGGTAATTCGCAACAGGTTA,0,4927629
ygfS_ygfT_predicted,0.05555555555555555,17,17,CGGCAATCTGAATAGGCATA,0,4927423
ygfS_ygfT_predicted,0.05555555555555555,17,17,CGAGATGATTGTACGTGTCA,0,4921846
ygfS_ygfT_predicted,0.05555555555555555,17,17,CGAAGCATCAGGTGTCCAGT,0,4907001
ygfS_ygfT_predicted,0.05555555555555555,17,17,CGAAATGATTATGACAAATA,0,4910307
ygfS_ygfT_predicted,0.05555555555555555,17,17,CCGTGGATCGAAACCTCTTT,0,4910020
ygfS_ygfT_predicted,0.05555555555555555,17,17,CCCAAACGAGGTCCCTTTCA,0,4930767
ygfS_ygfT_predicted,0.05555555555555555,17,17,CAGGTGAAACATCACAGGTA,0,4905962
ygfS_ygfT_predicted,0.05555555555555555,17,17,CACTGTGGCTTCGAAACGTC,0,4906449
ygfS_ygfT_predicted,0.05555555555555555,17,17,CACTGGCCGGTATAACGATC,0,4910340
ygfS_ygfT_predicted,0.05555555555555555,17,17,CACCGCACATAGTGGACAAC,0,4929792
ygfS_ygfT_predicted,0.05555555555555555,17,17,CAACAGGCCCTCCTATCAGA,0,4907482
ygfS_ygfT_predicted,0.05555555555555555,17,17,ATTGCGGGGAGGCCAGACGT,0,4912162
ygfS_ygfT_predicted,0.05555555555555555,17,17,ATTACGATTGGGACAAGTAA,0,4905513
ygfS_ygfT_predicted,0.05555555555555555,17,17,ATGGAGCACGACCGAACGAT,0,4915789
ygfS_ygfT_predicted,0.05555555555555555,17,17,ATGCAATGCCCATACCAAGT,0,4908778
ygfS_ygfT_predicted,0.05555555555555555,17,17,ATCTCACTGATGCAGCTCAT,0,4921493
ygfS_ygfT_predicted,0.05555555555555555,17,17,ATCAGTGTTATAGCCACTGG,0,4901848
ygfS_ygfT_predicted,0.05555555555555555,17,17,ATCACTTGTGGCAGAACCGC,0,4900454
ygfS_ygfT_predicted,0.05555555555555555,17,17,ATAGCGATGTGAATGGAATT,0,4922281
ygfS_ygfT_predicted,0.05555555555555555,17,17,ATACAAACGACGAGACCCGT,0,4905760
ygfS_ygfT_predicted,0.05555555555555555,17,17,AGTTTCGAAAAAGGAGGTCG,0,4902039
ygfS_ygfT_predicted,0.05555555555555555,17,17,AGGCCGGTCCGGCCTTCGAG,0,4922341
ygfS_ygfT_predicted,0.05555555555555555,17,17,AGGCATACGGAACTCAGTCA,0,4914329
ygfS_ygfT_predicted,0.05555555555555555,17,17,AGCGCAGCGGTCGGCGACTC,0,4913792
ygfS_ygfT_predicted,0.05555555555555555,17,17,AGCCTGGTGTTAGGGAACCA,0,4904488
ygfS_ygfT_predicted,0.05555555555555555,17,17,AGCAGTTCAATAGCCGTGCA,0,4911389
ygfS_ygfT_predicted,0.05555555555555555,17,17,AGAGTGGCTGAATCGGCAAA,0,4916001
ygfS_ygfT_predicted,0.05555555555555555,17,17,ACTGATCGGTAACGTGTCTT,0,4906606
ygfS_ygfT_predicted,0.05555555555555555,17,17,ACTGACACAGGCGTAAAAAT,0,4902615
ygfS_ygfT_predicted,0.05555555555555555,17,17,ACGCTACGATGCTCTAACCT,0,4909393
ygfS_ygfT_predicted,0.05555555555555555,17,17,ACCTGGCGGCCGCAGGCGCG,0,4904512
ygfS_ygfT_predicted,0.05555555555555555,17,17,ACCTAGATTCCGAGGGGCTG,0,4923257
ygfS_ygfT_predicted,0.05555555555555555,17,17,AATGGGTACAAACGCTGGGT,0,4913486
ygfS_ygfT_predicted,0.05555555555555555,17,17,AATGCTGTGTAACCATGCAT,0,4908550
ygfS_ygfT_predicted,0.05555555555555555,17,17,AAGCTGGTTCTTATTTTCAG,0,4902435
ygfS_ygfT_predicted,0.05555555555555555,17,17,AAGAACAGGACACAGGGGCG,0,4930088
ygfS_ygfT_predicted,0.05555555555555555,17,17,AACTTAAATGGGGCATTCGG,0,4906501
ygfS_ygfT_predicted,0.05555555555555555,17,17,AACAGTAGCACAGAGATGAC,0,4903168
ygfS_ygfT_predicted,0.05555555555555555,17,17,AAAGGACCAACAGGGGTCTA,0,4917708
ygfS_ygfT_predicted,0.05555555555555555,17,17,AAAGATTCGGGAACACCAGC,0,4925837
ygfS_ygfT_predicted,0.058823529411764705,16,16,TTTGCACTGCTCACTAGGTG,0,4921672
ygfS_ygfT_predicted,0.058823529411764705,16,16,TTGTACAGAATGTTATTTAT,0,4919914
ygfS_ygfT_predicted,0.058823529411764705,16,16,TTGGTCAGCTGCTCCGCTAA,0,4907624
ygfS_ygfT_predicted,0.058823529411764705,16,16,TTGGACCATATTGGACCCGA,0,4929720
ygfS_ygfT_predicted,0.058823529411764705,16,16,TTGCATCACTGCCTGCTGAC,0,4905120
ygfS_ygfT_predicted,0.058823529411764705,16,16,TTGCAGCCGCTCCGGACGGG,0,4916408
ygfS_ygfT_predicted,0.058823529411764705,16,16,TTGACCGAGTGTAGTACCAA,0,4900910
ygfS_ygfT_predicted,0.058823529411764705,16,16,TTGAAACGTGCCGTGTGCCA,0,4914193
ygfS_ygfT_predicted,0.058823529411764705,16,16,TTATATCTTTCAGGGGGTTT,0,4902654
ygfS_ygfT_predicted,0.058823529411764705,16,16,TTAGCTGTTACAGCTCCTTT,0,4905737
ygfS_ygfT_predicted,0.058823529411764705,16,16,TTACTTTAGAACGTACCCCA,0,4927283
ygfS_ygfT_predicted,0.058823529411764705,16,16,TGTTGTACACCGCAGGCCCA,0,4930415
ygfS_ygfT_predicted,0.058823529411764705,16,16,TGTGGACAGCCCTGGGATGT,0,4913199
ygfS_ygfT_predicted,0.058823529411764705,16,16,TGGTTATCTGTTATGCGTGA,0,4929283
ygfS_ygfT_predicted,0.058823529411764705,16,16,TGGTGTGATTTGTGATCATA,0,4924787
ygfS_ygfT_predicted,0.058823529411764705,16,16,TGGGCTATTTTTCGCGATTC,0,4909074
ygfS_ygfT_predicted,0.058823529411764705,16,16,TGGCGAGCCCTAATGTCCGC,0,4921347
ygfS_ygfT_predicted,0.058823529411764705,16,16,TGCTGTCTTCGTGATATCTC,0,4901207
ygfS_ygfT_predicted,0.058823529411764705,16,16,TGCGCGTAAGTGGTCCAGCT,0,4929833
ygfS_ygfT_predicted,0.058823529411764705,16,16,TGAAAATGGATCCTGACATT,0,4911315
ygfS_ygfT_predicted,0.058823529411764705,16,16,TCTTCAAGGGACGAGGTGGA,0,4908883
ygfS_ygfT_predicted,0.058823529411764705,16,16,TCTATGGTGGGAACCTCCGG,0,4909548
ygfS_ygfT_predicted,0.058823529411764705,16,16,TCGTTGCACACGCCCACTAC,0,4920224
ygfS_ygfT_predicted,0.058823529411764705,16,16,TCGAGTCTGGTCGCGGGATG,0,4917483
ygfS_ygfT_predicted,0.058823529411764705,16,16,TCACGCGGTTCTACATTGCT,0,4925386
ygfS_ygfT_predicted,0.058823529411764705,16,16,TATGTAAGCTCAACGTTTCA,0,4925090
ygfS_ygfT_predicted,0.058823529411764705,16,16,TATGGCAACAGCTTTGCACT,0,4906045
ygfS_ygfT_predicted,0.058823529411764705,16,16,TATCAGGCAGAGGTTCTACC,0,4929938
ygfS_ygfT_predicted,0.058823529411764705,16,16,TATACCTTCGCTTTAGGGGT,0,4919164
ygfS_ygfT_predicted,0.058823529411764705,16,16,TAGAAGGCTTTGTTGATCGT,0,4916261
ygfS_ygfT_predicted,0.058823529411764705,16,16,TACTTCGGTGAAAGTCGTGG,0,4900234
ygfS_ygfT_predicted,0.058823529411764705,16,16,TACTACGCTTCTGTGTACGG,0,4902659
ygfS_ygfT_predicted,0.058823529411764705,16,16,GTTCTGAGTTTGCTCTTTCG,0,4922679
ygfS_ygfT_predicted,0.058823529411764705,16,16,GTTCCACGCCTCAATCTGGG,0,4903800
ygfS_ygfT_predicted,0.058823529411764705,16,16,GTGTTGGTATGCAAAGGGGA,0,4902908
ygfS_ygfT_predicted,0.058823529411764705,16,16,GTGGGTTTGCTCACGCGCAG,0,4900031
ygfS_ygfT_predicted,0.058823529411764705,16,16,GTGATCAGACCATAACTCCC,0,4920406
ygfS_ygfT_predicted,0.058823529411764705,16,16,GTCATGTTCCTACGACGTTG,0,4922755
ygfS_ygfT_predicted,0.058823529411764705,16,16,GTATATAGGGTGGCGGTAAG,0,4904340
ygfS_ygfT_predicted,0.058823529411764705,16,16,GTAGGGCCTTCGGAGAAAGA,0,4900043
ygfS_ygfT_predicted,0.058823529411764705,16,16,GGTACTGGCTTTAGAGTAAA,0,4916948
ygfS_ygfT_predicted,0.058823529411764705,16,16,GGTAACCGGAGGTTAGCTGC,0,4925633
ygfS_ygfT_predicted,0.058823529411764705,16,16,GGGTCTATACGACAGACTAA,0,4904254
ygfS_ygfT_predicted,0.058823529411764705,16,16,GGGGCGTCGAATTCCGGGAA,0,4913029
ygfS_ygfT_predicted,0.058823529411764705,16,16,GGCTGGCTATTCGGGAAATC,0,4928468
ygfS_ygfT_predicted,0.058823529411764705,16,16,GGCCTGTCTAGCTGATGACT,0,4906917
ygfS_ygfT_predicted,0.058823529411764705,16,16,GGATCGTCAGCGCCTACCTA,0,4912270
ygfS_ygfT_predicted,0.058823529411764705,16,16,GGATCGGCATGAGATTCAAA,0,4910866
ygfS_ygfT_predicted,0.058823529411764705,16,16,GGACGGTTAGGTTCAAACGT,0,4903927
ygfS_ygfT_predicted,0.058823529411764705,16,16,GGAATATCGCACATGGTATA,0,4925500
ygfS_ygfT_predicted,0.058823529411764705,16,16,GGAAGCTGATGTCATCAAAA,0,4914968
ygfS_ygfT_predicted,0.058823529411764705,16,16,GCTCCTAGGTAGCGTCAAGT,0,4911125
ygfS_ygfT_predicted,0.058823529411764705,16,16,GCGGGTAGGGAACTACCTTG,0,4914043
ygfS_ygfT_predicted,0.058823529411764705,16,16,GCGCCGGCATTAGTGATCTA,0,4923149
ygfS_ygfT_predicted,0.058823529411764705,16,16,GCCGTCCATTGGGGAAGTGG,0,4918896
ygfS_ygfT_predicted,0.058823529411764705,16,16,GCCCTTACGTGGGAGCAATC,0,4914257
ygfS_ygfT_predicted,0.058823529411764705,16,16,GCCCGCTGCCACGGTGGAAG,0,4915605
ygfS_ygfT_predicted,0.058823529411764705,16,16,GCCCCCCTAACTTTCCTGAC,0,4903633
ygfS_ygfT_predicted,0.058823529411764705,16,16,GCCACAAAGAGCTTCGATTC,0,4930586
ygfS_ygfT_predicted,0.058823529411764705,16,16,GCACCTGCCAAACCGCAATA,0,4919739
ygfS_ygfT_predicted,0.058823529411764705,16,16,GATTTGGAACACCTTGAGGT,0,4915734
ygfS_ygfT_predicted,0.058823529411764705,16,16,GATGGTATAATATTACGCCT,0,4902840
ygfS_ygfT_predicted,0.058823529411764705,16,16,GAGTTAAGTAACCTGCAATT,0,4905154
ygfS_ygfT_predicted,0.058823529411764705,16,16,GAGCCAGGCTTACCTGCTGG,0,4905999
ygfS_ygfT_predicted,0.058823529411764705,16,16,GACGTAGAGTGTCGGGGAGC,0,4925985
ygfS_ygfT_predicted,0.058823529411764705,16,16,GAAGCACTTAGCGATACCTA,0,4913459
ygfS_ygfT_predicted,0.058823529411764705,16,16,GAACAGCACGTGAATTGAAT,0,4916622
ygfS_ygfT_predicted,0.058823529411764705,16,16,GAAAAGAGCCGGTCCGAGTT,0,4919190
ygfS_ygfT_predicted,0.058823529411764705,16,16,CTTCTGTGAGGTCACAAGTG,0,4924021
ygfS_ygfT_predicted,0.058823529411764705,16,16,CTTCCATAAGCGGTACCTAT,0,4928632
ygfS_ygfT_predicted,0.058823529411764705,16,16,CTGTCCCACATATTTGCGAG,0,4919234
ygfS_ygfT_predicted,0.058823529411764705,16,16,CTGCGCACGCCGGTTTTTAT,0,4931401
ygfS_ygfT_predicted,0.058823529411764705,16,16,CTAGGATAGGACCGACCAGT,0,4913089
ygfS_ygfT_predicted,0.058823529411764705,16,16,CTAACGTATACTGAATACCT,0,4900645
ygfS_ygfT_predicted,0.058823529411764705,16,16,CGTTGGTGCGTCCCGACAGT,0,4903595
ygfS_ygfT_predicted,0.058823529411764705,16,16,CGTTAGGCCTCTCGAAACGA,0,4912806
ygfS_ygfT_predicted,0.058823529411764705,16,16,CGTGCGCCTTAATTACAACG,0,4903355
ygfS_ygfT_predicted,0.058823529411764705,16,16,CGTCAGAAGGCTGTGCAGGG,0,4900296
ygfS_ygfT_predicted,0.058823529411764705,16,16,CGGTTGAACTTAACCTCTTC,0,4907946
ygfS_ygfT_predicted,0.058823529411764705,16,16,CGGGTGAAATGTTAGGTTTA,0,4907715
ygfS_ygfT_predicted,0.058823529411764705,16,16,CGGGGCGTGGTGCCTTTCGC,0,4924164
ygfS_ygfT_predicted,0.058823529411764705,16,16,CGGAAAGTGCTGGAACCACT,0,4911725
ygfS_ygfT_predicted,0.058823529411764705,16,16,CGCTCGTTATGCCAAGGAGT,0,4924217
ygfS_ygfT_predicted,0.058823529411764705,16,16,CGCCACGAAGACTAATGGGG,0,4907213
ygfS_ygfT_predicted,0.058823529411764705,16,16,CGATGCCCGATAGCAAGCCA,0,4920811
ygfS_ygfT_predicted,0.058823529411764705,16,16,CGAGGAGGGCAAGAGTCATG,0,4920429
ygfS_ygfT_predicted,0.058823529411764705,16,16,CGAACAGGTACTAATTTGAC,0,4901608
ygfS_ygfT_predicted,0.058823529411764705,16,16,CCTTGTTACATAGTATATGC,0,4930712
ygfS_ygfT_predicted,0.058823529411764705,16,16,CCTTGCGTTTGATCCTCAGC,0,4900226
ygfS_ygfT_predicted,0.058823529411764705,16,16,CCTGCACATTTTGACCGCAA,0,4930149
ygfS_ygfT_predicted,0.058823529411764705,16,16,CCGTGTGGGAGTTAACCACT,0,4905423
ygfS_ygfT_predicted,0.058823529411764705,16,16,CCGTGGCTCAACAACGCCGC,0,4900297
ygfS_ygfT_predicted,0.058823529411764705,16,16,CCCTAGTGAAAACTATCCAG,0,4918069
ygfS_ygfT_predicted,0.058823529411764705,16,16,CCCCGTGTCTCTTTAAACGG,0,4902160
ygfS_ygfT_predicted,0.058823529411764705,16,16,CCCCCGAGGCTCGGAAATTC,0,4913460
ygfS_ygfT_predicted,0.058823529411764705,16,16,CCAATCCTGCCCGTAGTCTA,0,4908913
ygfS_ygfT_predicted,0.058823529411764705,16,16,CATGGGAATTTGTCTCTTGC,0,4904904
ygfS_ygfT_predicted,0.058823529411764705,16,16,CATCGCGCGGGCATGTGGAC,0,4918472
ygfS_ygfT_predicted,0.058823529411764705,16,16,CATCAAGATAACAGCTCTCA,0,4910546
ygfS_ygfT_predicted,0.058823529411764705,16,16,CAGTCTACATATAAGCGACG,0,4909898
ygfS_ygfT_predicted,0.058823529411764705,16,16,CAGGTAGTATTAGATTGTGC,0,4899792
ygfS_ygfT_predicted,0.058823529411764705,16,16,CAGAACGTCTCTCATTGTCA,0,4923673
ygfS_ygfT_predicted,0.058823529411764705,16,16,CACTTCATCTGTCCGCGGAA,0,4922474
ygfS_ygfT_predicted,0.058823529411764705,16,16,CACTTATTGTACCTGAGTAG,0,4922965
ygfS_ygfT_predicted,0.058823529411764705,16,16,CAATCGTGCCATAAACTGTC,0,4912848
ygfS_ygfT_predicted,0.058823529411764705,16,16,CAAAGGACATGTAATGTGCC,0,4906127
ygfS_ygfT_predicted,0.058823529411764705,16,16,ATTTCTGGCAAACGGCTTAA,0,4910329
ygfS_ygfT_predicted,0.058823529411764705,16,16,ATGCTGATGTATGACGAGGT,0,4929293
ygfS_ygfT_predicted,0.058823529411764705,16,16,ATCTGACAAGGCACATTTTC,0,4924458
ygfS_ygfT_predicted,0.058823529411764705,16,16,ATCAGCGGTGGACGCCAATA,0,4903629
ygfS_ygfT_predicted,0.058823529411764705,16,16,ATATCTAGTACGTAGAATAA,0,4931129
ygfS_ygfT_predicted,0.058823529411764705,16,16,AGTATTTGTCATTTAGTGCT,0,4909908
ygfS_ygfT_predicted,0.058823529411764705,16,16,AGCCTTGTATCAAAGCATCT,0,4922846
ygfS_ygfT_predicted,0.058823529411764705,16,16,AGCCAATCGCTGGAACCCTT,0,4901536
ygfS_ygfT_predicted,0.058823529411764705,16,16,AGATCCTACGTCCTGCTTTT,0,4914710
ygfS_ygfT_predicted,0.058823529411764705,16,16,ACTTCTGGCGTGCGCTTTAC,0,4902481
ygfS_ygfT_predicted,0.058823529411764705,16,16,ACCTAGCTTCCCGATCTGAG,0,4912023
ygfS_ygfT_predicted,0.058823529411764705,16,16,ACATGCGGAGCAAAACGACT,0,4899758
ygfS_ygfT_predicted,0.058823529411764705,16,16,ACAGGTGGTTAACACGTGGT,0,4909528
ygfS_ygfT_predicted,0.058823529411764705,16,16,ACACCCGGCCTATTCGTCAC,0,4918368
ygfS_ygfT_predicted,0.058823529411764705,16,16,AATAAGGTGCATGCTTGATT,0,4916524
ygfS_ygfT_predicted,0.058823529411764705,16,16,AACTACCGTTCAACCGCCTA,0,4930434
ygfS_ygfT_predicted,0.058823529411764705,16,16,AAAGTTCGCGCACGTCAGTA,0,4917142
ygfS_ygfT_predicted,0.0625,15,15,TTTGTTTGGGACGGTCTAGC,0,4921263
ygfS_ygfT_predicted,0.0625,15,15,TTTGGCGAATTAGCGCAGAA,0,4912076
ygfS_ygfT_predicted,0.0625,15,15,TTTCCCCTCGATTACATTTT,0,4917348
ygfS_ygfT_predicted,0.0625,15,15,TTGTCTTCCCGTATCTCGGT,0,4924792
ygfS_ygfT_predicted,0.0625,15,15,TTATCCTTACGGCGGCATAA,0,4913503
ygfS_ygfT_predicted,0.0625,15,15,TTAAAGAGACAGGAGTGGTC,0,4917018
ygfS_ygfT_predicted,0.0625,15,15,TGGTCCAGCCATGCGCTTAA,0,4909833
ygfS_ygfT_predicted,0.0625,15,15,TGGGGCTCTGAACACGCCCT,0,4930058
ygfS_ygfT_predicted,0.0625,15,15,TGGCATAGATTGAAAGGCTG,0,4911690
ygfS_ygfT_predicted,0.0625,15,15,TGCTGACCCATCGCAGACAG,0,4903600
ygfS_ygfT_predicted,0.0625,15,15,TGCGTGGCTAAGCGCGACTG,0,4917999
ygfS_ygfT_predicted,0.0625,15,15,TGCATTAAGGGTTTAGTGTA,0,4922349
ygfS_ygfT_predicted,0.0625,15,15,TGAGCCTGCGAGGTTATTGT,0,4915258
ygfS_ygfT_predicted,0.0625,15,15,TGAAAGAGGGCCATCGTGTA,0,4907517
ygfS_ygfT_predicted,0.0625,15,15,TCTTCTTATCTGCTCGGTTC,0,4912471
ygfS_ygfT_predicted,0.0625,15,15,TCGGAGCATTGACACGTGTT,0,4923145
ygfS_ygfT_predicted,0.0625,15,15,TCGACTCTCACATGACGTGA,0,4930417
ygfS_ygfT_predicted,0.0625,15,15,TCCTGTTTTTCGTTGTTATA,0,4923689
ygfS_ygfT_predicted,0.0625,15,15,TCATAAGTTATTTGTGCGCT,0,4902477
ygfS_ygfT_predicted,0.0625,15,15,TCAAGCATCGGCTGTTTGCA,0,4912216
ygfS_ygfT_predicted,0.0625,15,15,TATTCTCGTAAACATATCCC,0,4902374
ygfS_ygfT_predicted,0.0625,15,15,TAGCGTTGTAGGGGCTAGAA,0,4927965
ygfS_ygfT_predicted,0.0625,15,15,TAGACGTGTTTCAGGCAAAA,0,4902755
ygfS_ygfT_predicted,0.0625,15,15,TACTATTGAGACCACTATAG,0,4924005
ygfS_ygfT_predicted,0.0625,15,15,TACCGTTCACGGTGTGTAGG,0,4903198
ygfS_ygfT_predicted,0.0625,15,15,TACCAGTCGTCACTTTGTCA,0,4910233
ygfS_ygfT_predicted,0.0625,15,15,TAAGCTTTGGGCGAAGCAAG,0,4901224
ygfS_ygfT_predicted,0.0625,15,15,TAACTAAGTGAAGCGGGAGC,0,4909045
ygfS_ygfT_predicted,0.0625,15,15,TAACGGGCAGCTACAGAGAA,0,4925003
ygfS_ygfT_predicted,0.0625,15,15,TAACCGCTATCTAAAAGTTA,0,4923181
ygfS_ygfT_predicted,0.0625,15,15,TAAACCGGTTGGCACGTAGG,0,4918422
ygfS_ygfT_predicted,0.0625,15,15,GTTCAACTAAGTGGGAGAAT,0,4911448
ygfS_ygfT_predicted,0.0625,15,15,GTGCTCAGGTCTAAACTGGC,0,4927396
ygfS_ygfT_predicted,0.0625,15,15,GTCTGAGATCCCCAGCTTAG,0,4918536
ygfS_ygfT_predicted,0.0625,15,15,GTCCTTAGGGCGTGATTCAC,0,4916063
ygfS_ygfT_predicted,0.0625,15,15,GTCCTAACGATGAATTGGCG,0,4906543
ygfS_ygfT_predicted,0.0625,15,15,GTCCAACGCTTTTGATAATT,0,4922999
ygfS_ygfT_predicted,0.0625,15,15,GTACTTCAACGAGCAATCCT,0,4917208
ygfS_ygfT_predicted,0.0625,15,15,GTAACATAGCATTCTAAGAA,0,4929873
ygfS_ygfT_predicted,0.0625,15,15,GGTATGGCGGGCGGAAAGCT,0,4913653
ygfS_ygfT_predicted,0.0625,15,15,GGTAGTCGTTGTGTATCGTC,0,4901016
ygfS_ygfT_predicted,0.0625,15,15,GGTAAACAAGTGTCTTAGAG,0,4928503
ygfS_ygfT_predicted,0.0625,15,15,GGGTTCGTAACTTGCAAGTA,0,4921212
ygfS_ygfT_predicted,0.0625,15,15,GGGGTAGGTTGCTTAGTACA,0,4910408
ygfS_ygfT_predicted,0.0625,15,15,GGGCTGGGTATGGAATCCAC,0,4913198
ygfS_ygfT_predicted,0.0625,15,15,GGGACTCGACAAATGCTTAA,0,4903284
ygfS_ygfT_predicted,0.0625,15,15,GGGACACCCACGTCAGAGTT,0,4914214
ygfS_ygfT_predicted,0.0625,15,15,GGCTGGGCAGCAATACGCTA,0,4927285
ygfS_ygfT_predicted,0.0625,15,15,GGCTATTGAAACCAGTCTCA,0,4928851
ygfS_ygfT_predicted,0.0625,15,15,GGCGGTCATGGGACACATGT,0,4927201
ygfS_ygfT_predicted,0.0625,15,15,GGCCTCGCGCGAACGTTGCA,0,4929912
ygfS_ygfT_predicted,0.0625,15,15,GGAGTATCTGAAGAGTCAAA,0,4912591
ygfS_ygfT_predicted,0.0625,15,15,GGAGGATCATCAGCGAGAGG,0,4906582
ygfS_ygfT_predicted,0.0625,15,15,GCTCTGGTTATCAACTTGAA,0,4902158
ygfS_ygfT_predicted,0.0625,15,15,GCTAGCATATGACCCTGATT,0,4926817
ygfS_ygfT_predicted,0.0625,15,15,GCTACTACTAGGAGTAAACG,0,4912925
ygfS_ygfT_predicted,0.0625,15,15,GCGTCCGAGCAGCGAGATGT,0,4907487
ygfS_ygfT_predicted,0.0625,15,15,GCGGTAAGGGTTAGCACATT,0,4917542
ygfS_ygfT_predicted,0.0625,15,15,GCGGATCGCAGGTATAGTGC,0,4905911
ygfS_ygfT_predicted,0.0625,15,15,GCGCGAGAAGCTTGGCGCAA,0,4904064
ygfS_ygfT_predicted,0.0625,15,15,GCCTAACGTTGCACGATGAA,0,4903735
ygfS_ygfT_predicted,0.0625,15,15,GCCAACTGGAATGTTAGACA,0,4908309
ygfS_ygfT_predicted,0.0625,15,15,GCATCGGTTTGGGCACAATA,0,4926970
ygfS_ygfT_predicted,0.0625,15,15,GCAGGTTTTAAAGCATTGGA,0,4914112
ygfS_ygfT_predicted,0.0625,15,15,GCACTGGCACCGGAAATCGT,0,4931400
ygfS_ygfT_predicted,0.0625,15,15,GATTTGGCTTGAATACCCAT,0,4907057
ygfS_ygfT_predicted,0.0625,15,15,GAGGCTGGCTTTACTTGCAG,0,4925037
ygfS_ygfT_predicted,0.0625,15,15,GACGATAAAGCCTGGCACAA,0,4930216
ygfS_ygfT_predicted,0.0625,15,15,GACCCGCAATGGCACTGGCC,0,4924692
ygfS_ygfT_predicted,0.0625,15,15,GACAACTTCGGCGGATCTAC,0,4902112
ygfS_ygfT_predicted,0.0625,15,15,GAAGTAAGTCGTCCTTTAAT,0,4903668
ygfS_ygfT_predicted,0.0625,15,15,CTTGGAGCTGTCCTGATTGA,0,4912657
ygfS_ygfT_predicted,0.0625,15,15,CTGGGAGCTGAGCGTTGAGT,0,4909267
ygfS_ygfT_predicted,0.0625,15,15,CTGGCTCATTACCAGGGTGG,0,4924088
ygfS_ygfT_predicted,0.0625,15,15,CTGGACTATTGCGGCAACGT,0,4930445
ygfS_ygfT_predicted,0.0625,15,15,CTGCTCAGCTAGTGCGACGA,0,4914685
ygfS_ygfT_predicted,0.0625,15,15,CTCCGAAATTTGTTGGGGCG,0,4901913
ygfS_ygfT_predicted,0.0625,15,15,CTCATGTAGCTTCCCTCGTT,0,4910751
ygfS_ygfT_predicted,0.0625,15,15,CTATTAGTTGATACGCGTCA,0,4909428
ygfS_ygfT_predicted,0.0625,15,15,CTACTGTGATCAGGAGCCTT,0,4928200
ygfS_ygfT_predicted,0.0625,15,15,CTACGAAGCGTGGCATGAGA,0,4913905
ygfS_ygfT_predicted,0.0625,15,15,CGTTATTAAAGGTAAGCACC,0,4909202
ygfS_ygfT_predicted,0.0625,15,15,CGTCAGTGCGGATTGACAAT,0,4907680
ygfS_ygfT_predicted,0.0625,15,15,CGTCAGCGTTACAGATACGA,0,4900720
ygfS_ygfT_predicted,0.0625,15,15,CGGTGTGACGCGGACCATGG,0,4902381
ygfS_ygfT_predicted,0.0625,15,15,CGGGGGCTTCTCGTGACGCC,0,4924879
ygfS_ygfT_predicted,0.0625,15,15,CGGGACGCTGTGAATTCTAA,0,4913440
ygfS_ygfT_predicted,0.0625,15,15,CGCTATGCTATGTGGGTGTA,0,4925795
ygfS_ygfT_predicted,0.0625,15,15,CGCCAAGCCCCCATTAAACA,0,4923318
ygfS_ygfT_predicted,0.0625,15,15,CGACTAAGAAATTCTAGCGT,0,4916985
ygfS_ygfT_predicted,0.0625,15,15,CCTTTCTCCCTTCGATCCGT,0,4905519
ygfS_ygfT_predicted,0.0625,15,15,CCGTGAAAGGACATTGGAAA,0,4908419
ygfS_ygfT_predicted,0.0625,15,15,CCGTAGATGACCTGTGTATT,0,4910276
ygfS_ygfT_predicted,0.0625,15,15,CCGGTTGTTGAACTACTGAG,0,4907273
ygfS_ygfT_predicted,0.0625,15,15,CCCTCAGCCCATTTACATTT,0,4907612
ygfS_ygfT_predicted,0.0625,15,15,CCCGGACTTTGGAGATGGGT,0,4918325
ygfS_ygfT_predicted,0.0625,15,15,CCCCTAGGCTACAGTTACAT,0,4917546
ygfS_ygfT_predicted,0.0625,15,15,CCCAGTAATGGCCTCTTGGC,0,4918727
ygfS_ygfT_predicted,0.0625,15,15,CCCAGGGGTGACCAAAGGCA,0,4925024
ygfS_ygfT_predicted,0.0625,15,15,CCCAACGCGTGAGAAATTCC,0,4904823
ygfS_ygfT_predicted,0.0625,15,15,CCATTCGATGTCACATGATG,0,4926775
ygfS_ygfT_predicted,0.0625,15,15,CATCCGGGTCACAGGAATAC,0,4914074
ygfS_ygfT_predicted,0.0625,15,15,CACCGTAGGTTAACAGGACG,0,4908511
ygfS_ygfT_predicted,0.0625,15,15,CAACGGGGGTTGGTGTTTAT,0,4903788
ygfS_ygfT_predicted,0.0625,15,15,ATTGCCGACTACTCGTGTAG,0,4908684
ygfS_ygfT_predicted,0.0625,15,15,ATTATGGAAGGTTCAGCTGA,0,4912808
ygfS_ygfT_predicted,0.0625,15,15,ATTAGCCAAATTACATTCAC,0,4915042
ygfS_ygfT_predicted,0.0625,15,15,ATGTGGCTGGCCAGTCTTTA,0,4930135
ygfS_ygfT_predicted,0.0625,15,15,ATGTCATGTCTGGGCAAGAG,0,4909077
ygfS_ygfT_predicted,0.0625,15,15,ATGTATTTAAAGGCCTACGT,0,4917416
ygfS_ygfT_predicted,0.0625,15,15,ATCTTGACTGCCAGATCCTG,0,4917861
ygfS_ygfT_predicted,0.0625,15,15,ATCTAAGACCGGCCCCCTCA,0,4918580
ygfS_ygfT_predicted,0.0625,15,15,ATCACAGCCGCCTTAGAGGT,0,4907102
ygfS_ygfT_predicted,0.0625,15,15,ATATGTGGGACGGCTAGTTA,0,4921532
ygfS_ygfT_predicted,0.0625,15,15,ATAGTGATGTCGGATACCCT,0,4923010
ygfS_ygfT_predicted,0.0625,15,15,ATAGCTGACACGGAGAGGCC,0,4901886
ygfS_ygfT_predicted,0.0625,15,15,ATAGCTACTCGCCGGCTCTA,0,4916963
ygfS_ygfT_predicted,0.0625,15,15,AGATCTTCCCCGATGCACTG,0,4917550
ygfS_ygfT_predicted,0.0625,15,15,ACTGTGTGTTCCGCCGGAAC,0,4921675
ygfS_ygfT_predicted,0.0625,15,15,ACTCAAAACATAGTGGTGGG,0,4920091
ygfS_ygfT_predicted,0.0625,15,15,ACTACCGAAGGAAGATGGAC,0,4920400
ygfS_ygfT_predicted,0.0625,15,15,ACGTAAGTTGGTTCATTTGA,0,4921886
ygfS_ygfT_predicted,0.0625,15,15,ACGCAAGCCGCGGTGATCCG,0,4920854
ygfS_ygfT_predicted,0.0625,15,15,ACGATTGAGAAGCATGACGC,0,4903829
ygfS_ygfT_predicted,0.0625,15,15,ACCACGATAACCCGAAAAAG,0,4918586
ygfS_ygfT_predicted,0.0625,15,15,ACATTCAGTTGATAGTCATA,0,4914202
ygfS_ygfT_predicted,0.0625,15,15,ACAGGCCAGCGGATCGGCCC,0,4912332
ygfS_ygfT_predicted,0.0625,15,15,ACACCTAGTTAACGATCAGT,0,4906249
ygfS_ygfT_predicted,0.0625,15,15,AATATTGCAGGAATAGCGGA,0,4930651
ygfS_ygfT_predicted,0.0625,15,15,AAGTTGCCAGCTGTATTCGT,0,4902939
ygfS_ygfT_predicted,0.0625,15,15,AAGGGTCTGCTTGTAAGAGG,0,4901690
ygfS_ygfT_predicted,0.0625,15,15,AACGCTGATCTCGTATATTA,0,4922403
ygfS_ygfT_predicted,0.0625,15,15,AAACTGTAAGCGTCAATATA,0,4925009
ygfS_ygfT_predicted,0.06666666666666667,14,14,TTGGCGTCGATAATATGAAT,0,4927278
ygfS_ygfT_predicted,0.06666666666666667,14,14,TTGCCGGAACTCGATTCCGC,0,4911502
ygfS_ygfT_predicted,0.06666666666666667,14,14,TTGACTCCCGCGTAGGGTCA,0,4925406
ygfS_ygfT_predicted,0.06666666666666667,14,14,TTCGCACACCCTATGCACAG,0,4906663
ygfS_ygfT_predicted,0.06666666666666667,14,14,TTCAAGCGGCTGGGCCGAGT,0,4904040
ygfS_ygfT_predicted,0.06666666666666667,14,14,TTATGGTTTAAGAAGATATC,0,4923293
ygfS_ygfT_predicted,0.06666666666666667,14,14,TTATCCATAATATTATGCCG,0,4928138
ygfS_ygfT_predicted,0.06666666666666667,14,14,TTACAAGCCTGCATCCGCAG,0,4908267
ygfS_ygfT_predicted,0.06666666666666667,14,14,TGTGGCGGGTCTCCGGTAAG,0,4902162
ygfS_ygfT_predicted,0.06666666666666667,14,14,TGTGACGAAATGCGGTGTAG,0,4911415
ygfS_ygfT_predicted,0.06666666666666667,14,14,TGGGAGCAAGACGGTCAAGA,0,4911238
ygfS_ygfT_predicted,0.06666666666666667,14,14,TGGCGTTCAAGGATCTCTAT,0,4922765
ygfS_ygfT_predicted,0.06666666666666667,14,14,TGGAGCATATTTCGGTACTA,0,4922792
ygfS_ygfT_predicted,0.06666666666666667,14,14,TGATATGATCCGGGCCACAA,0,4913375
ygfS_ygfT_predicted,0.06666666666666667,14,14,TGACTTCAATGTAACGCATA,0,4916513
ygfS_ygfT_predicted,0.06666666666666667,14,14,TGACCTTTTACAGGCCTAGT,0,4901538
ygfS_ygfT_predicted,0.06666666666666667,14,14,TGACCAGTTATGCAAATTGG,0,4902111
ygfS_ygfT_predicted,0.06666666666666667,14,14,TCTCCAAGCCATTCTCAAGT,0,4915213
ygfS_ygfT_predicted,0.06666666666666667,14,14,TCTAGAAATCGTTAAGTTTT,0,4923100
ygfS_ygfT_predicted,0.06666666666666667,14,14,TCTACCTAGTTCACCTCGTA,0,4926696
ygfS_ygfT_predicted,0.06666666666666667,14,14,TCGTCCGGTGAGTACCGACG,0,4928849
ygfS_ygfT_predicted,0.06666666666666667,14,14,TCGTATTGGGTATGCGTCAC,0,4910644
ygfS_ygfT_predicted,0.06666666666666667,14,14,TCGTATCCGCGGCCAGAATT,0,4925804
ygfS_ygfT_predicted,0.06666666666666667,14,14,TCGAATAGCAAAGGAGCAGT,0,4904372
ygfS_ygfT_predicted,0.06666666666666667,14,14,TCCAGAGACAGGAGTGTTTA,0,4930935
ygfS_ygfT_predicted,0.06666666666666667,14,14,TCCACAAGAGAGACGCTCAT,0,4909583
ygfS_ygfT_predicted,0.06666666666666667,14,14,TCATCTCTCGCTAGGGACAA,0,4905865
ygfS_ygfT_predicted,0.06666666666666667,14,14,TCAACTCGATGCAGAGGTGT,0,4912640
ygfS_ygfT_predicted,0.06666666666666667,14,14,TCAAACGAATTGAGCAGCGA,0,4912549
ygfS_ygfT_predicted,0.06666666666666667,14,14,TATAAACGCCCATGTAACGG,0,4916031
ygfS_ygfT_predicted,0.06666666666666667,14,14,TAGGCTTGTAGCCTATCAAG,0,4904570
ygfS_ygfT_predicted,0.06666666666666667,14,14,TAGGCAGAGGGCCTGCCTAG,0,4926402
ygfS_ygfT_predicted,0.06666666666666667,14,14,TAAGGTTCCAAGATTGTTCA,0,4907271
ygfS_ygfT_predicted,0.06666666666666667,14,14,TAAGGTGGTGGCACACTGGG,0,4926776
ygfS_ygfT_predicted,0.06666666666666667,14,14,TAAGCGTGACTGTAATTGGA,0,4926227
ygfS_ygfT_predicted,0.06666666666666667,14,14,TAAAAGTCTAGTATGAGCTG,0,4914006
ygfS_ygfT_predicted,0.06666666666666667,14,14,GTTTGAAGTTCAAGGGTAAT,0,4919056
ygfS_ygfT_predicted,0.06666666666666667,14,14,GTTGCCCTAGGCCCCGTAGG,0,4918530
ygfS_ygfT_predicted,0.06666666666666667,14,14,GTTCGCCGTACCCCGCCCTT,0,4905812
ygfS_ygfT_predicted,0.06666666666666667,14,14,GTGCGATTGCCCGATCTGAA,0,4910096
ygfS_ygfT_predicted,0.06666666666666667,14,14,GTGAAAGTGAATGACTCTGG,0,4920621
ygfS_ygfT_predicted,0.06666666666666667,14,14,GTCGTCATCTACATAATTGT,0,4911321
ygfS_ygfT_predicted,0.06666666666666667,14,14,GTCCTTTACATTGACATTAT,0,4902266
ygfS_ygfT_predicted,0.06666666666666667,14,14,GTCCGATGGAATTACCTTAT,0,4923348
ygfS_ygfT_predicted,0.06666666666666667,14,14,GTCAGCTTTACTCCTTTAAA,0,4902195
ygfS_ygfT_predicted,0.06666666666666667,14,14,GTAAGACGGAGCGGTGGCAA,0,4928166
ygfS_ygfT_predicted,0.06666666666666667,14,14,GGTTTCGAGGCTGCAAGCCG,0,4925519
ygfS_ygfT_predicted,0.06666666666666667,14,14,GGTGGCTGATGCATGAGATA,0,4911080
ygfS_ygfT_predicted,0.06666666666666667,14,14,GGTGGAGTAGCCCGAGTAGC,0,4913772
ygfS_ygfT_predicted,0.06666666666666667,14,14,GGCGGCTTTATGAACCTGGC,0,4908101
ygfS_ygfT_predicted,0.06666666666666667,14,14,GGCATTATCGTCCCCAATAT,0,4918105
ygfS_ygfT_predicted,0.06666666666666667,14,14,GGCATGAACCTCAAGAAAAT,0,4909760
ygfS_ygfT_predicted,0.06666666666666667,14,14,GGAGGCATTATGCTATGCGG,0,4929871
ygfS_ygfT_predicted,0.06666666666666667,14,14,GGACCTGTAGATCTAAGAAG,0,4914367
ygfS_ygfT_predicted,0.06666666666666667,14,14,GGAAGACAGGGAGTCAAGCT,0,4911555
ygfS_ygfT_predicted,0.06666666666666667,14,14,GCGTGAGATTGGATTCAATG,0,4930405
ygfS_ygfT_predicted,0.06666666666666667,14,14,GCGTCAGTTCGATTCAAGCG,0,4921387
ygfS_ygfT_predicted,0.06666666666666667,14,14,GCGGGAAATCGTGCGCCGGC,0,4902068
ygfS_ygfT_predicted,0.06666666666666667,14,14,GCGCTGACAAGTAAGTCTAA,0,4902753
ygfS_ygfT_predicted,0.06666666666666667,14,14,GCCTTGCTTAGGAGTGACGG,0,4916316
ygfS_ygfT_predicted,0.06666666666666667,14,14,GCCTTACGCGTCCTCTGCGG,0,4923528
ygfS_ygfT_predicted,0.06666666666666667,14,14,GCCTGTGGTGGAGATCCCAT,0,4908168
ygfS_ygfT_predicted,0.06666666666666667,14,14,GCCTGAGTCGGGACATTTCC,0,4905358
ygfS_ygfT_predicted,0.06666666666666667,14,14,GCCGTCGGGCCTAAAATGGC,0,4918183
ygfS_ygfT_predicted,0.06666666666666667,14,14,GCCCCCAATCGACATTAATA,0,4917576
ygfS_ygfT_predicted,0.06666666666666667,14,14,GCATGCATATGTATTCTGCG,0,4926523
ygfS_ygfT_predicted,0.06666666666666667,14,14,GCAGGGTCCCTACGAAATAT,0,4909945
ygfS_ygfT_predicted,0.06666666666666667,14,14,GCACGGAGGCTACTATATGC,0,4917592
ygfS_ygfT_predicted,0.06666666666666667,14,14,GCACCGCGTGGGTCCGCATT,0,4923251
ygfS_ygfT_predicted,0.06666666666666667,14,14,GCAACCAGATTCATTTTGGT,0,4930865
ygfS_ygfT_predicted,0.06666666666666667,14,14,GATAAATCTACGCCATGTTG,0,4902456
ygfS_ygfT_predicted,0.06666666666666667,14,14,GAGTAATAAGCGCATTCTTT,0,4902292
ygfS_ygfT_predicted,0.06666666666666667,14,14,GAGCTTCAAGCAACGTCGAA,0,4919548
ygfS_ygfT_predicted,0.06666666666666667,14,14,GACTTGCACGACCGACTGGT,0,4931053
ygfS_ygfT_predicted,0.06666666666666667,14,14,GACGGGCTGCTTGGATCATT,0,4917275
ygfS_ygfT_predicted,0.06666666666666667,14,14,GACCTCGGCTGACACCTCAT,0,4903408
ygfS_ygfT_predicted,0.06666666666666667,14,14,GACCAGGTAAGGTCATTCCA,0,4901014
ygfS_ygfT_predicted,0.06666666666666667,14,14,GAATCTGGATTTATATATGA,0,4905407
ygfS_ygfT_predicted,0.06666666666666667,14,14,CTTTTGCACTCTAAGAATTG,0,4911386
ygfS_ygfT_predicted,0.06666666666666667,14,14,CTTCCACGCTGGACCAATAA,0,4920401
ygfS_ygfT_predicted,0.06666666666666667,14,14,CTCTGGTGCGATCGACTTAT,0,4924538
ygfS_ygfT_predicted,0.06666666666666667,14,14,CTCTGCAGGGAGAGATAGCG,0,4916811
ygfS_ygfT_predicted,0.06666666666666667,14,14,CTCCATTGTCCCTATTATTG,0,4919471
ygfS_ygfT_predicted,0.06666666666666667,14,14,CTCAGAAGCTCGTCAGTGCC,0,4905434
ygfS_ygfT_predicted,0.06666666666666667,14,14,CTATGTGACATATATTGGAT,0,4924130
ygfS_ygfT_predicted,0.06666666666666667,14,14,CTATGCTGGCTCTCGATGGT,0,4911742
ygfS_ygfT_predicted,0.06666666666666667,14,14,CGTGTTGGGTAACTATTTCC,0,4908898
ygfS_ygfT_predicted,0.06666666666666667,14,14,CGTGTCACGAGATAGCTATT,0,4912968
ygfS_ygfT_predicted,0.06666666666666667,14,14,CGTGATCGTAGGACTCTTTT,0,4928353
ygfS_ygfT_predicted,0.06666666666666667,14,14,CGGCTCACCTTTGTGATGTG,0,4920350
ygfS_ygfT_predicted,0.06666666666666667,14,14,CGGCTAATGCTCGCGTCTGT,0,4901558
ygfS_ygfT_predicted,0.06666666666666667,14,14,CGGAACAGGCCCAGCTGCAT,0,4910220
ygfS_ygfT_predicted,0.06666666666666667,14,14,CGCTCATATGACTCATTGGG,0,4910532
ygfS_ygfT_predicted,0.06666666666666667,14,14,CGCGCAGCGGGGGACGTCTG,0,4904031
ygfS_ygfT_predicted,0.06666666666666667,14,14,CGCGCAAGGTCCAGTTAATT,0,4930431
ygfS_ygfT_predicted,0.06666666666666667,14,14,CCTGAATCCATACCTTAACA,0,4923762
ygfS_ygfT_predicted,0.06666666666666667,14,14,CCTAACTGCTCGGAGGTGCT,0,4903257
ygfS_ygfT_predicted,0.06666666666666667,14,14,CCGGGACCTGTCGTTTAAAC,0,4906915
ygfS_ygfT_predicted,0.06666666666666667,14,14,CCATAGTAGTCCACCAAAAG,0,4926512
ygfS_ygfT_predicted,0.06666666666666667,14,14,CCATACATCTTCGTGTAGCA,0,4906651
ygfS_ygfT_predicted,0.06666666666666667,14,14,CCAGTCTTTTCTCCTAATCC,0,4907117
ygfS_ygfT_predicted,0.06666666666666667,14,14,CCAGGTCAATCGGTCCTTGA,0,4904334
ygfS_ygfT_predicted,0.06666666666666667,14,14,CCAGATTTCGAGAGTCACAC,0,4922283
ygfS_ygfT_predicted,0.06666666666666667,14,14,CCACAGTGACCTTCCCTGAA,0,4907416
ygfS_ygfT_predicted,0.06666666666666667,14,14,CATCTTGTACAACGAGCGCA,0,4911062
ygfS_ygfT_predicted,0.06666666666666667,14,14,CATCGACAAGGCATCCCCCG,0,4913328
ygfS_ygfT_predicted,0.06666666666666667,14,14,CAGTCTCATAGAACGCATAT,0,4911705
ygfS_ygfT_predicted,0.06666666666666667,14,14,CAGGAATTTCTGTTCTTCTA,0,4923580
ygfS_ygfT_predicted,0.06666666666666667,14,14,CAGGAAATCCAGGCGACGTC,0,4915296
ygfS_ygfT_predicted,0.06666666666666667,14,14,CAGCCGCACAAGGCCATGGC,0,4903936
ygfS_ygfT_predicted,0.06666666666666667,14,14,CAGCAGGATCTCCACCTAAT,0,4903572
ygfS_ygfT_predicted,0.06666666666666667,14,14,CAGCAAGAACGCTCCCTTGT,0,4910760
ygfS_ygfT_predicted,0.06666666666666667,14,14,CAGATTATACCGCGTTTCCA,0,4919966
ygfS_ygfT_predicted,0.06666666666666667,14,14,CAGATTACAACTTGTCCTCG,0,4902239
ygfS_ygfT_predicted,0.06666666666666667,14,14,CACCATCCGGGGAACAAATA,0,4909783
ygfS_ygfT_predicted,0.06666666666666667,14,14,CAAGTCTGCTTGATGAGAGT,0,4901922
ygfS_ygfT_predicted,0.06666666666666667,14,14,CAAGGCCAAGTTGACTGCGG,0,4930979
ygfS_ygfT_predicted,0.06666666666666667,14,14,CAACGCACAGAACTACACAA,0,4914789
ygfS_ygfT_predicted,0.06666666666666667,14,14,ATTTGTACGTGGTCCGGTTC,0,4909716
ygfS_ygfT_predicted,0.06666666666666667,14,14,ATTGTGTGTCGAAGCCGCTG,0,4924142
ygfS_ygfT_predicted,0.06666666666666667,14,14,ATTGAAAGAGATGCGGGGAT,0,4918609
ygfS_ygfT_predicted,0.06666666666666667,14,14,ATTAGCTGACCAGGACTGAA,0,4922592
ygfS_ygfT_predicted,0.06666666666666667,14,14,ATTACTCTACGGAGGGAGCC,0,4905094
ygfS_ygfT_predicted,0.06666666666666667,14,14,ATGTAAGATAGGCACGGTGC,0,4921435
ygfS_ygfT_predicted,0.06666666666666667,14,14,ATCTCAGTGGTTCTCATACA,0,4912250
ygfS_ygfT_predicted,0.06666666666666667,14,14,ATCGATTAGTACTGCCCCTA,0,4919275
ygfS_ygfT_predicted,0.06666666666666667,14,14,ATATTGGGCGTATCCTCATG,0,4923868
ygfS_ygfT_predicted,0.06666666666666667,14,14,ATAGGTCTTGGCACGACCGT,0,4915394
ygfS_ygfT_predicted,0.06666666666666667,14,14,ATAGGTCTTCCAGCTGATGG,0,4905345
ygfS_ygfT_predicted,0.06666666666666667,14,14,AGTAATAATGGGTCCTTCCA,0,4916170
ygfS_ygfT_predicted,0.06666666666666667,14,14,AGGTATTTCATAAACGCAGA,0,4905518
ygfS_ygfT_predicted,0.06666666666666667,14,14,AGGCCTATACCACCAGACAA,0,4909546
ygfS_ygfT_predicted,0.06666666666666667,14,14,AGGATTTGCACATCAAAAAT,0,4901294
ygfS_ygfT_predicted,0.06666666666666667,14,14,AGATGCTGTTATGATCCCTG,0,4919007
ygfS_ygfT_predicted,0.06666666666666667,14,14,ACTAAATGTGCTCGGCGGGA,0,4901176
ygfS_ygfT_predicted,0.06666666666666667,14,14,ACGTCTGCACACATTGATTA,0,4909190
ygfS_ygfT_predicted,0.06666666666666667,14,14,ACGGTCACTAGGCAGCGCTT,0,4903500
ygfS_ygfT_predicted,0.06666666666666667,14,14,ACGCGCTCCAGCTCCGCGGC,0,4911684
ygfS_ygfT_predicted,0.06666666666666667,14,14,ACAGGCCTGCGAAAAGTACT,0,4913794
ygfS_ygfT_predicted,0.06666666666666667,14,14,ACAATCGAATTGTCTTTAAA,0,4923120
ygfS_ygfT_predicted,0.06666666666666667,14,14,AATTTTTCGAGGTAGACCCA,0,4913768
ygfS_ygfT_predicted,0.06666666666666667,14,14,AAGTAACAGTTCACTGAAGT,0,4908919
ygfS_ygfT_predicted,0.06666666666666667,14,14,AAGGGTACTGATAGTCCTAT,0,4911326
ygfS_ygfT_predicted,0.06666666666666667,14,14,AAGGGGCCTGATAGCGCGCT,0,4903109
ygfS_ygfT_predicted,0.06666666666666667,14,14,AAGGCGAAACGTTTAAGGGT,0,4912036
ygfS_ygfT_predicted,0.06666666666666667,14,14,AAGCTTAATTCATCCACTTT,0,4912929
ygfS_ygfT_predicted,0.06666666666666667,14,14,AACTGGGTCTCACGAGATGT,0,4903627
ygfS_ygfT_predicted,0.06666666666666667,14,14,AACAATGGTAGGGTAGCGAA,0,4906048
ygfS_ygfT_predicted,0.06666666666666667,14,14,AAAGGTTAGGCAAGAAGGGG,0,4920280
ygfS_ygfT_predicted,0.06666666666666667,14,14,AAAGGTTACATCTGAACTGT,0,4905087
ygfS_ygfT_predicted,0.06666666666666667,14,14,AAAACGCAATTCAGCAGGAT,0,4930144
ygfS_ygfT_predicted,0.07142857142857142,13,13,TTTCTGTGGTATATGCAGAT,0,4907186
ygfS_ygfT_predicted,0.07142857142857142,13,13,TTTCCCGCCTTACATAAACA,0,4901060
ygfS_ygfT_predicted,0.07142857142857142,13,13,TTTACAAGTCATTGGAGCTG,0,4905706
ygfS_ygfT_predicted,0.07142857142857142,13,13,TTGTCTGGGGATTAAGCGCA,0,4911515
ygfS_ygfT_predicted,0.07142857142857142,13,13,TTGGCCACACTGACTCAATC,0,4925539
ygfS_ygfT_predicted,0.07142857142857142,13,13,TTCGCCATCACCAATTGTGA,0,4903813
ygfS_ygfT_predicted,0.07142857142857142,13,13,TTCCGCATAGCTGATCGAGA,0,4910805
ygfS_ygfT_predicted,0.07142857142857142,13,13,TTCATACGCTAGGGAGTGTT,0,4911235
ygfS_ygfT_predicted,0.07142857142857142,13,13,TTATATGGATCGTGGTGCTG,0,4912849
ygfS_ygfT_predicted,0.07142857142857142,13,13,TTAGAGTAGAAATGCAGGAT,0,4926090
ygfS_ygfT_predicted,0.07142857142857142,13,13,TTACTCGCAGTTAGGTACTG,0,4904284
ygfS_ygfT_predicted,0.07142857142857142,13,13,TTAAGTACCCAAGGTTTGTA,0,4917085
ygfS_ygfT_predicted,0.07142857142857142,13,13,TGTAAGCCTGGGCCGAGCTA,0,4904426
ygfS_ygfT_predicted,0.07142857142857142,13,13,TGGTTCAAAACCAGGCGTCC,0,4900365
ygfS_ygfT_predicted,0.07142857142857142,13,13,TGGCTAGCGTCCGGATGTGC,0,4901941
ygfS_ygfT_predicted,0.07142857142857142,13,13,TGGAAGGAGAATCCCAAATT,0,4903757
ygfS_ygfT_predicted,0.07142857142857142,13,13,TGCGAAAACGAAAGAGAACA,0,4915916
ygfS_ygfT_predicted,0.07142857142857142,13,13,TGCATGTGGAGTCATTCCAC,0,4920435
ygfS_ygfT_predicted,0.07142857142857142,13,13,TGCATCCATGGTACAGGTAG,0,4904192
ygfS_ygfT_predicted,0.07142857142857142,13,13,TGCACGGCGGCATTTGCTAT,0,4902735
ygfS_ygfT_predicted,0.07142857142857142,13,13,TGCAATTTCTATATGGCTAC,0,4928042
ygfS_ygfT_predicted,0.07142857142857142,13,13,TGAGTTGCCGATAAGTGGCT,0,4908383
ygfS_ygfT_predicted,0.07142857142857142,13,13,TGAGTCGCTAGCATGGTCAA,0,4911984
ygfS_ygfT_predicted,0.07142857142857142,13,13,TGAGGTGATGGGATCGTTTA,0,4923936
ygfS_ygfT_predicted,0.07142857142857142,13,13,TGAGCACATCGGGCACGGCT,0,4902614
ygfS_ygfT_predicted,0.07142857142857142,13,13,TGACTCTTAACTACGCATGC,0,4915301
ygfS_ygfT_predicted,0.07142857142857142,13,13,TCTGTGTTGGGACTTAAGGT,0,4918284
ygfS_ygfT_predicted,0.07142857142857142,13,13,TCGGTTGGGTACCACGGATG,0,4925191
ygfS_ygfT_predicted,0.07142857142857142,13,13,TCGGGAGGGTTGCTGGTTCA,0,4930501
ygfS_ygfT_predicted,0.07142857142857142,13,13,TCGGCCCATACCCCGGTTGA,0,4910487
ygfS_ygfT_predicted,0.07142857142857142,13,13,TCGAGGGGTCTCGACTGGAA,0,4926168
ygfS_ygfT_predicted,0.07142857142857142,13,13,TCCGGGCGGGGAGGTCCACA,0,4915282
ygfS_ygfT_predicted,0.07142857142857142,13,13,TCAGGGACTCCAGGCTGTGT,0,4926029
ygfS_ygfT_predicted,0.07142857142857142,13,13,TCAGCGGCTCGTCCTTATAA,0,4926554
ygfS_ygfT_predicted,0.07142857142857142,13,13,TCACCGCCTCGACAGCACGG,0,4928104
ygfS_ygfT_predicted,0.07142857142857142,13,13,TCAATGCAAGTCCTCACAGG,0,4924877
ygfS_ygfT_predicted,0.07142857142857142,13,13,TATCGGCTATGTCGGGTAGA,0,4902822
ygfS_ygfT_predicted,0.07142857142857142,13,13,TAGCTTAGAAACCTAGATAT,0,4906789
ygfS_ygfT_predicted,0.07142857142857142,13,13,TACCTCCTGATCAACAAACT,0,4925324
ygfS_ygfT_predicted,0.07142857142857142,13,13,TACATGGCTCTACCCTTGGC,0,4920146
ygfS_ygfT_predicted,0.07142857142857142,13,13,TAAGCGGGAGAATAACAATA,0,4903937
ygfS_ygfT_predicted,0.07142857142857142,13,13,GTTGTGATAAACGATCGATA,0,4910117
ygfS_ygfT_predicted,0.07142857142857142,13,13,GTTCTCGCAATCTTTATGGG,0,4922249
ygfS_ygfT_predicted,0.07142857142857142,13,13,GTTCAATCCAGGTTCTGGAT,0,4925256
ygfS_ygfT_predicted,0.07142857142857142,13,13,GTGTAAGACGCAGAAGGACA,0,4918151
ygfS_ygfT_predicted,0.07142857142857142,13,13,GTGCCGGGCTGTGCACGGAG,0,4901526
ygfS_ygfT_predicted,0.07142857142857142,13,13,GTGAAGTACAACCTATTAGA,0,4904909
ygfS_ygfT_predicted,0.07142857142857142,13,13,GTCTTACTCCTTCTGGAGGT,0,4929516
ygfS_ygfT_predicted,0.07142857142857142,13,13,GTCGTATACTAACATCTTGA,0,4919904
ygfS_ygfT_predicted,0.07142857142857142,13,13,GTCACATCGGCGAACCACAA,0,4905958
ygfS_ygfT_predicted,0.07142857142857142,13,13,GTATTCCAAGGTCTTTAACA,0,4901816
ygfS_ygfT_predicted,0.07142857142857142,13,13,GTACTATACTTGGCCTTCTC,0,4918424
ygfS_ygfT_predicted,0.07142857142857142,13,13,GTACATATATCAAGTACCCA,0,4902842
ygfS_ygfT_predicted,0.07142857142857142,13,13,GTACACGTATGGTTTTCTGA,0,4902724
ygfS_ygfT_predicted,0.07142857142857142,13,13,GGTCGGTTCCTCTTAAAACA,0,4900794
ygfS_ygfT_predicted,0.07142857142857142,13,13,GGTCAACTCTCTGGACAAGA,0,4921734
ygfS_ygfT_predicted,0.07142857142857142,13,13,GGTATCCACGGCCCGTGTTA,0,4910656
ygfS_ygfT_predicted,0.07142857142857142,13,13,GGGGGACAAGTCCTTATTGA,0,4910531
ygfS_ygfT_predicted,0.07142857142857142,13,13,GGGGCTTGTGAGCATTGGCG,0,4923099
ygfS_ygfT_predicted,0.07142857142857142,13,13,GGGACGCAACGATTTAAAAT,0,4901492
ygfS_ygfT_predicted,0.07142857142857142,13,13,GGCGAAGGAGTTCTTTACCG,0,4922357
ygfS_ygfT_predicted,0.07142857142857142,13,13,GGCCCGTTCTTAGCATCTCT,0,4924906
ygfS_ygfT_predicted,0.07142857142857142,13,13,GGCATGTGGGCGACTCACTG,0,4913393
ygfS_ygfT_predicted,0.07142857142857142,13,13,GGAGAGCCTTTGCAAAACTC,0,4922286
ygfS_ygfT_predicted,0.07142857142857142,13,13,GGACCGGCATCCGTAACCAA,0,4924143
ygfS_ygfT_predicted,0.07142857142857142,13,13,GGAAGTTTCGTTTCCGTAAA,0,4907070
ygfS_ygfT_predicted,0.07142857142857142,13,13,GGAAGTAACTGAAGGATAAG,0,4908655
ygfS_ygfT_predicted,0.07142857142857142,13,13,GCTACGAGGGCTCGAGCGCA,0,4921914
ygfS_ygfT_predicted,0.07142857142857142,13,13,GCGTTAGGTAGGGTCAAGTC,0,4925304
ygfS_ygfT_predicted,0.07142857142857142,13,13,GCGCTGGACCCATCGAAGGA,0,4919595
ygfS_ygfT_predicted,0.07142857142857142,13,13,GCGCGGACTTCTGCATCGCC,0,4928344
ygfS_ygfT_predicted,0.07142857142857142,13,13,GCGCATGTGGCTGACCGTAC,0,4903662
ygfS_ygfT_predicted,0.07142857142857142,13,13,GCCTAGCGCGGGCCCAGTGT,0,4921032
ygfS_ygfT_predicted,0.07142857142857142,13,13,GCCGTCACTGGACGGCCTGG,0,4910308
ygfS_ygfT_predicted,0.07142857142857142,13,13,GCATGGAGTGTGGCGATTCA,0,4917422
ygfS_ygfT_predicted,0.07142857142857142,13,13,GCATCGATTGGATCACAAGC,0,4900324
ygfS_ygfT_predicted,0.07142857142857142,13,13,GCAGGTCATTTATAGAGTAT,0,4922699
ygfS_ygfT_predicted,0.07142857142857142,13,13,GCAGCGTTGCCGGCAAGACT,0,4926463
ygfS_ygfT_predicted,0.07142857142857142,13,13,GCACTGGAGTGGGGATGACT,0,4915292
ygfS_ygfT_predicted,0.07142857142857142,13,13,GATGTTCGTTATTAGACCTG,0,4907678
ygfS_ygfT_predicted,0.07142857142857142,13,13,GATATTTCGATTGTGCTGGG,0,4925998
ygfS_ygfT_predicted,0.07142857142857142,13,13,GATACTCCGGGACCGGGCGA,0,4904281
ygfS_ygfT_predicted,0.07142857142857142,13,13,GAGTTTTAGCCGAGACTTCG,0,4915399
ygfS_ygfT_predicted,0.07142857142857142,13,13,GAGTGAATCTGTGAAAAACA,0,4914825
ygfS_ygfT_predicted,0.07142857142857142,13,13,GAGGTGCCTTTTGTTCTGGG,0,4914848
ygfS_ygfT_predicted,0.07142857142857142,13,13,GAGACAGTCGCACAGCAGCT,0,4923046
ygfS_ygfT_predicted,0.07142857142857142,13,13,GACGGCTGGCGCCCACTCAA,0,4917199
ygfS_ygfT_predicted,0.07142857142857142,13,13,GACGAGGGGGTACATAGGAG,0,4920974
ygfS_ygfT_predicted,0.07142857142857142,13,13,GACATACTGAATTGGACGGC,0,4910745
ygfS_ygfT_predicted,0.07142857142857142,13,13,GAAAGCAGGATGAGCTAAAG,0,4909525
ygfS_ygfT_predicted,0.07142857142857142,13,13,CTTTCTTTCTAACGACTCTG,0,4928064
ygfS_ygfT_predicted,0.07142857142857142,13,13,CTTGCGGGAAATCTTCGTCA,0,4909630
ygfS_ygfT_predicted,0.07142857142857142,13,13,CTGTTGGACCAAATAGCCCA,0,4913190
ygfS_ygfT_predicted,0.07142857142857142,13,13,CTCTCAGGTGCCTTAGGGAT,0,4900151
ygfS_ygfT_predicted,0.07142857142857142,13,13,CTCGGTACCACGACAGGAGC,0,4924563
ygfS_ygfT_predicted,0.07142857142857142,13,13,CTCGCCAGCGCGAACTTTCG,0,4918107
ygfS_ygfT_predicted,0.07142857142857142,13,13,CTAAAAAACTGCTCGTTAGC,0,4908285
ygfS_ygfT_predicted,0.07142857142857142,13,13,CGTTGGACTTTTTTTCCGTA,0,4903226
ygfS_ygfT_predicted,0.07142857142857142,13,13,CGTCACACTTCGACCATCCT,0,4906132
ygfS_ygfT_predicted,0.07142857142857142,13,13,CGTATCTACTCTAGAAGCTG,0,4900400
ygfS_ygfT_predicted,0.07142857142857142,13,13,CGTAAGAGGTGATTATGTCT,0,4908657
ygfS_ygfT_predicted,0.07142857142857142,13,13,CGGTAGCACGGCCGATGCCA,0,4911017
ygfS_ygfT_predicted,0.07142857142857142,13,13,CGGCTGGATAGATGCCGAAC,0,4906530
ygfS_ygfT_predicted,0.07142857142857142,13,13,CGGCTAATCGGGCGTGCGCG,0,4912200
ygfS_ygfT_predicted,0.07142857142857142,13,13,CGGCGCGCGGCCAGACAGTT,0,4907667
ygfS_ygfT_predicted,0.07142857142857142,13,13,CGGCCCGCCCGGGGGGACGG,0,4900000
ygfS_ygfT_predicted,0.07142857142857142,13,13,CGCTCACGAGATGCTCAACA,0,4930449
ygfS_ygfT_predicted,0.07142857142857142,13,13,CGCTAAGGCCAGTTAAGCTT,0,4901653
ygfS_ygfT_predicted,0.07142857142857142,13,13,CGCCTGTACGCTGTGGTTTT,0,4908404
ygfS_ygfT_predicted,0.07142857142857142,13,13,CGCATATGTTCGTCTAGTTA,0,4915834
ygfS_ygfT_predicted,0.07142857142857142,13,13,CGCACTTCCAAGCACGGTTC,0,4905440
ygfS_ygfT_predicted,0.07142857142857142,13,13,CCTGATTAGAGGGTGGGGTC,0,4904688
ygfS_ygfT_predicted,0.07142857142857142,13,13,CCTAGAGAGCCAAGTGGATT,0,4911632
ygfS_ygfT_predicted,0.07142857142857142,13,13,CCGTCTTGGGGGATATGGCT,0,4900350
ygfS_ygfT_predicted,0.07142857142857142,13,13,CCGATCGACGACAACCGCCC,0,4919486
ygfS_ygfT_predicted,0.07142857142857142,13,13,CCGACGCGACCACGGGATCT,0,4901485
ygfS_ygfT_predicted,0.07142857142857142,13,13,CCCGAGTACTTTTGAAAATT,0,4907834
ygfS_ygfT_predicted,0.07142857142857142,13,13,CCATTAACCCGATGAACTTA,0,4921108
ygfS_ygfT_predicted,0.07142857142857142,13,13,CCAGGGTCACTCCACGGCTA,0,4914219
ygfS_ygfT_predicted,0.07142857142857142,13,13,CCACGTTCGACAGGCAACAT,0,4917971
ygfS_ygfT_predicted,0.07142857142857142,13,13,CCACGCTTGAACTCGCGGTG,0,4919062
ygfS_ygfT_predicted,0.07142857142857142,13,13,CATTGCCGCTCAGCGCTATC,0,4901034
ygfS_ygfT_predicted,0.07142857142857142,13,13,CAGTTGTTTTCGTCAAAGTA,0,4920803
ygfS_ygfT_predicted,0.07142857142857142,13,13,CAGTGGTTCTGGGTGGGACA,0,4928346
ygfS_ygfT_predicted,0.07142857142857142,13,13,CAGTGCCTACTCTCCGGCCC,0,4916707
ygfS_ygfT_predicted,0.07142857142857142,13,13,CAGCGGCAGTATCGTAATGT,0,4911578
ygfS_ygfT_predicted,0.07142857142857142,13,13,CAGCCGCCGGTTGGGTGACG,0,4905249
ygfS_ygfT_predicted,0.07142857142857142,13,13,CACAGGCTTTACGAGGAAGT,0,4903483
ygfS_ygfT_predicted,0.07142857142857142,13,13,CAAGGTACGAATTGATTGTA,0,4925655
ygfS_ygfT_predicted,0.07142857142857142,13,13,CAAGGCGCACAGTAGTATGG,0,4927163
ygfS_ygfT_predicted,0.07142857142857142,13,13,CAAGAGAGCCAGGGGATTGG,0,4900554
ygfS_ygfT_predicted,0.07142857142857142,13,13,CAAAGCCCTTAGTCGGTAGT,0,4916865
ygfS_ygfT_predicted,0.07142857142857142,13,13,ATTGATCCGCTTATTTTACC,0,4913494
ygfS_ygfT_predicted,0.07142857142857142,13,13,ATGTATCAGGGACGAGCGTC,0,4929751
ygfS_ygfT_predicted,0.07142857142857142,13,13,ATGGTTCCCCGGCCTCTCTT,0,4926210
ygfS_ygfT_predicted,0.07142857142857142,13,13,ATCTCTCGCCCAGCGGGGCT,0,4911741
ygfS_ygfT_predicted,0.07142857142857142,13,13,ATCGTTAATTGGCATCCTCG,0,4902382
ygfS_ygfT_predicted,0.07142857142857142,13,13,ATCCCTATTACATTACTGCC,0,4901344
ygfS_ygfT_predicted,0.07142857142857142,13,13,ATCAGAACCAAATCTGGACG,0,4924484
ygfS_ygfT_predicted,0.07142857142857142,13,13,ATATTTTCTAGTACGCATGA,0,4914105
ygfS_ygfT_predicted,0.07142857142857142,13,13,AGTTACGGGGAAGCTTGAGA,0,4918182
ygfS_ygfT_predicted,0.07142857142857142,13,13,AGTTAACCAATGCTTCCCGT,0,4904999
ygfS_ygfT_predicted,0.07142857142857142,13,13,AGTTAAATGACGCCAACTTA,0,4913124
ygfS_ygfT_predicted,0.07142857142857142,13,13,AGTGTTCCTATGAGTTGCGT,0,4903529
ygfS_ygfT_predicted,0.07142857142857142,13,13,AGTGCTGTCTTCTGCCGAGA,0,4910369
ygfS_ygfT_predicted,0.07142857142857142,13,13,AGTGCGACTCCACTCGATCC,0,4908606
ygfS_ygfT_predicted,0.07142857142857142,13,13,AGTCTATGTGTGGCGCTGTC,0,4905757
ygfS_ygfT_predicted,0.07142857142857142,13,13,AGTACACAAATACATGGCGG,0,4919890
ygfS_ygfT_predicted,0.07142857142857142,13,13,AGGGTATGTAGGATCAAATG,0,4901663
ygfS_ygfT_predicted,0.07142857142857142,13,13,AGGGCCGGCCTTTGTTAACT,0,4899996
ygfS_ygfT_predicted,0.07142857142857142,13,13,AGGCTCCTTTGTGGGTTCAT,0,4926353
ygfS_ygfT_predicted,0.07142857142857142,13,13,AGGCGTTTATACTAAGGCGG,0,4915294
ygfS_ygfT_predicted,0.07142857142857142,13,13,AGGCAAAGCGGAACAGGTCA,0,4905880
ygfS_ygfT_predicted,0.07142857142857142,13,13,AGCTGGTATTCCGCATAGTT,0,4922429
ygfS_ygfT_predicted,0.07142857142857142,13,13,AGCTCATGCCCCACTCCGAA,0,4928528
ygfS_ygfT_predicted,0.07142857142857142,13,13,AGCTCACCCCTATACAGCGA,0,4925054
ygfS_ygfT_predicted,0.07142857142857142,13,13,AGCCATAACTCTTGGTTTGT,0,4906937
ygfS_ygfT_predicted,0.07142857142857142,13,13,AGCATGCCCTCCGCCTGTTT,0,4920945
ygfS_ygfT_predicted,0.07142857142857142,13,13,AGCATAGCGCCCCACATTTC,0,4904146
ygfS_ygfT_predicted,0.07142857142857142,13,13,AGAGCCCCGGGCAGGAATCC,0,4907503
ygfS_ygfT_predicted,0.07142857142857142,13,13,ACTTTCGTATCAAAGCGATA,0,4904073
ygfS_ygfT_predicted,0.07142857142857142,13,13,ACTTCACCATTAGAGGCGAT,0,4909199
ygfS_ygfT_predicted,0.07142857142857142,13,13,ACTGCCATATATCGGCGTTT,0,4911628
ygfS_ygfT_predicted,0.07142857142857142,13,13,ACTATTCTGTTCAGGGTCGT,0,4914224
ygfS_ygfT_predicted,0.07142857142857142,13,13,ACTATTCTAGGCAATGATTC,0,4927711
ygfS_ygfT_predicted,0.07142857142857142,13,13,ACGGGACTAGGTACCCTGGA,0,4931439
ygfS_ygfT_predicted,0.07142857142857142,13,13,ACGCTCTTAAGTATTAATGT,0,4912541
ygfS_ygfT_predicted,0.07142857142857142,13,13,ACCTTTCGTTGACTTGCGCT,0,4904117
ygfS_ygfT_predicted,0.07142857142857142,13,13,ACCTCTAATAGGAGTACCGC,0,4915260
ygfS_ygfT_predicted,0.07142857142857142,13,13,ACCTAGCGCGACGAATGCTG,0,4919207
ygfS_ygfT_predicted,0.07142857142857142,13,13,ACCGTAGATCCACAGAGATG,0,4899927
ygfS_ygfT_predicted,0.07142857142857142,13,13,ACCAAGTCACGCCGTAGACT,0,4918519
ygfS_ygfT_predicted,0.07142857142857142,13,13,ACACGTAAGGACTCCCACGC,0,4903681
ygfS_ygfT_predicted,0.07142857142857142,13,13,ACACCTCGCAGACCAGTTAG,0,4931060
ygfS_ygfT_predicted,0.07142857142857142,13,13,ACAATCAACGGACCGTTAAA,0,4906791
ygfS_ygfT_predicted,0.07142857142857142,13,13,ACAACGTCGATGAGTGGTCA,0,4917431
ygfS_ygfT_predicted,0.07142857142857142,13,13,AATCGGCTCACATGTGAGGA,0,4904963
ygfS_ygfT_predicted,0.07142857142857142,13,13,AATCAGTTTGGGTTCGTAAG,0,4927649
ygfS_ygfT_predicted,0.07142857142857142,13,13,AATAGTCCTGTGCGGGGGCA,0,4913045
ygfS_ygfT_predicted,0.07142857142857142,13,13,AAGATGCTTCTGGCGTGTGC,0,4906379
ygfS_ygfT_predicted,0.07142857142857142,13,13,AACTATAGGAGCGCTATGGC,0,4915357
ygfS_ygfT_predicted,0.07142857142857142,13,13,AACGTAAATAAGAGTCCAAT,0,4922645
ygfS_ygfT_predicted,0.07142857142857142,13,13,AACGCCGCAGCGCTCTACCC,0,4901456
ygfS_ygfT_predicted,0.07142857142857142,13,13,AACGAGCCCTTCGGAAATTT,0,4902108
ygfS_ygfT_predicted,0.07142857142857142,13,13,AACAGTACATACTAAGCATT,0,4928871
ygfS_ygfT_predicted,0.07692307692307693,12,12,TTTTCACGCAGACCTACGAG,0,4907453
ygfS_ygfT_predicted,0.07692307692307693,12,12,TTTACGGGCCGTTTCAGTTC,0,4903695
ygfS_ygfT_predicted,0.07692307692307693,12,12,TTGTTAACGGTAACTGCGTT,0,4914903
ygfS_ygfT_predicted,0.07692307692307693,12,12,TTGTGAATGTCTATACGCGA,0,4913804
ygfS_ygfT_predicted,0.07692307692307693,12,12,TTGGTTATTTATGTTTACGG,0,4904442
ygfS_ygfT_predicted,0.07692307692307693,12,12,TTGATATAACTAAACAACCA,0,4912177
ygfS_ygfT_predicted,0.07692307692307693,12,12,TTGACTGTTGGGGAGGGTTT,0,4914165
ygfS_ygfT_predicted,0.07692307692307693,12,12,TTCTGCACTGAGGCGGAATT,0,4901258
ygfS_ygfT_predicted,0.07692307692307693,12,12,TTCTATGGGAGTCATGGTTC,0,4910583
ygfS_ygfT_predicted,0.07692307692307693,12,12,TTCTAGATATAATCTGGAAG,0,4916942
ygfS_ygfT_predicted,0.07692307692307693,12,12,TTCCGCCGGAACTATATGCT,0,4917760
ygfS_ygfT_predicted,0.07692307692307693,12,12,TTATAACTTGCGTTGTGCTC,0,4927238
ygfS_ygfT_predicted,0.07692307692307693,12,12,TTAGGCGCCACTCTCGCTCA,0,4928863
ygfS_ygfT_predicted,0.07692307692307693,12,12,TTAGCTAAACCCTAAGTATG,0,4905652
ygfS_ygfT_predicted,0.07692307692307693,12,12,TTAAGGACTACCCTGGCGCA,0,4930694
ygfS_ygfT_predicted,0.07692307692307693,12,12,TTAAAAGTCCTAACTCCCCG,0,4925721
ygfS_ygfT_predicted,0.07692307692307693,12,12,TTAAAACGGAACTGGAAACT,0,4907931
ygfS_ygfT_predicted,0.07692307692307693,12,12,TGTGCACTTACTGCTAAGGT,0,4912307
ygfS_ygfT_predicted,0.07692307692307693,12,12,TGTCGGAAGGGCAGCTGGTA,0,4928177
ygfS_ygfT_predicted,0.07692307692307693,12,12,TGTAGTGAAGGGCGAGTATG,0,4922655
ygfS_ygfT_predicted,0.07692307692307693,12,12,TGGTAAGCAAATACTCAACT,0,4900142
ygfS_ygfT_predicted,0.07692307692307693,12,12,TGGGAGTCAGTTGCATTAGG,0,4919154
ygfS_ygfT_predicted,0.07692307692307693,12,12,TGGGAAGACAGGAGATCTAT,0,4919148
ygfS_ygfT_predicted,0.07692307692307693,12,12,TGCGCGCAATCTAACTGCCA,0,4904071
ygfS_ygfT_predicted,0.07692307692307693,12,12,TGCATCGCGGGACCATAGTA,0,4923623
ygfS_ygfT_predicted,0.07692307692307693,12,12,TGCACCCCCACACCTATAGT,0,4920325
ygfS_ygfT_predicted,0.07692307692307693,12,12,TGATTTAGGCCGCTGCATGC,0,4924281
ygfS_ygfT_predicted,0.07692307692307693,12,12,TGAACGGCTCCAAAGTTGCT,0,4906462
ygfS_ygfT_predicted,0.07692307692307693,12,12,TCTTGTACGCCGTGCAGGGG,0,4899873
ygfS_ygfT_predicted,0.07692307692307693,12,12,TCTTGAAGGTCTACCGTGAT,0,4919030
ygfS_ygfT_predicted,0.07692307692307693,12,12,TCTTCAAGGTCTCCGAACGG,0,4900593
ygfS_ygfT_predicted,0.07692307692307693,12,12,TCTCTCGCGGCGAGAGGCTA,0,4930664
ygfS_ygfT_predicted,0.07692307692307693,12,12,TCGTGGGAGGAGGATGAGTA,0,4924524
ygfS_ygfT_predicted,0.07692307692307693,12,12,TCGTAGATGGCAATTCAAGA,0,4923128
ygfS_ygfT_predicted,0.07692307692307693,12,12,TCGGGGTTTGCACGATCTTC,0,4914634
ygfS_ygfT_predicted,0.07692307692307693,12,12,TCGGAGAGGTTTCGTAGTCC,0,4899879
ygfS_ygfT_predicted,0.07692307692307693,12,12,TCGACACTGAGGGCAGGGAA,0,4907753
ygfS_ygfT_predicted,0.07692307692307693,12,12,TCATATCGACGGGTTTAAGA,0,4911332
ygfS_ygfT_predicted,0.07692307692307693,12,12,TCAGTTATGTTGCGACTTCA,0,4909167
ygfS_ygfT_predicted,0.07692307692307693,12,12,TCAGCGAAAAACAGATGAGC,0,4902794
ygfS_ygfT_predicted,0.07692307692307693,12,12,TCACCTGAGTGTCTAGATCA,0,4909467
ygfS_ygfT_predicted,0.07692307692307693,12,12,TATCGGAATGCGCCATACGA,0,4913030
ygfS_ygfT_predicted,0.07692307692307693,12,12,TATCCAGTCGTGTCAAGAGA,0,4911007
ygfS_ygfT_predicted,0.07692307692307693,12,12,TATAGAGGATGTAAACTACG,0,4925317
ygfS_ygfT_predicted,0.07692307692307693,12,12,TAGGGAAGCGATGGTCAACC,0,4914152
ygfS_ygfT_predicted,0.07692307692307693,12,12,TAGCTCACATCCACCCCTTT,0,4911803
ygfS_ygfT_predicted,0.07692307692307693,12,12,TAGCATCTCCCGCGGCCCCA,0,4916960
ygfS_ygfT_predicted,0.07692307692307693,12,12,TACGTTTGTGCAAAATAGGG,0,4918268
ygfS_ygfT_predicted,0.07692307692307693,12,12,TACGTAGGGGGGACAGCGGT,0,4907610
ygfS_ygfT_predicted,0.07692307692307693,12,12,TACGATCTAGACAGGCTAGC,0,4919254
ygfS_ygfT_predicted,0.07692307692307693,12,12,TACCGAAATGTAACCGAAAC,0,4904131
ygfS_ygfT_predicted,0.07692307692307693,12,12,TAATGCGAAGTCTCCTCAAT,0,4922636
ygfS_ygfT_predicted,0.07692307692307693,12,12,TAACCGTGCTTGGGGGCAAA,0,4915956
ygfS_ygfT_predicted,0.07692307692307693,12,12,TAAAGACCTCGTTCGTGTTG,0,4902262
ygfS_ygfT_predicted,0.07692307692307693,12,12,TAAAGAAACTGGTTCGAAGA,0,4925284
ygfS_ygfT_predicted,0.07692307692307693,12,12,GTTGCCAAGGCGGAGACAAA,0,4930911
ygfS_ygfT_predicted,0.07692307692307693,12,12,GTTGCAACGTCTCGGGTGGT,0,4911494
ygfS_ygfT_predicted,0.07692307692307693,12,12,GTTGACCTAAACGGCGGATT,0,4912257
ygfS_ygfT_predicted,0.07692307692307693,12,12,GTTATCCTTCTGTTATTAAA,0,4906239
ygfS_ygfT_predicted,0.07692307692307693,12,12,GTTACACAGGATTCTTTCGT,0,4920455
ygfS_ygfT_predicted,0.07692307692307693,12,12,GTGGTAATCGACCCCGCATT,0,4913241
ygfS_ygfT_predicted,0.07692307692307693,12,12,GTGATTGAGGGTCTCAGACC,0,4920844
ygfS_ygfT_predicted,0.07692307692307693,12,12,GTGAGTCCGATCGTTAGATG,0,4902690
ygfS_ygfT_predicted,0.07692307692307693,12,12,GTGAGATCGACGAAAAGGAT,0,4908923
ygfS_ygfT_predicted,0.07692307692307693,12,12,GTGAAGCGACGCTTCAGCAT,0,4909571
ygfS_ygfT_predicted,0.07692307692307693,12,12,GTCGGGGTTTGCGGCGCGTG,0,4909067
ygfS_ygfT_predicted,0.07692307692307693,12,12,GTATTGGATTAAGATCTCGC,0,4904899
ygfS_ygfT_predicted,0.07692307692307693,12,12,GTATACGATGTTTAGTCGGG,0,4922484
ygfS_ygfT_predicted,0.07692307692307693,12,12,GTAGCCGAGTCAGGCGCTGC,0,4920772
ygfS_ygfT_predicted,0.07692307692307693,12,12,GTACCTATAATTCTGGCATC,0,4916245
ygfS_ygfT_predicted,0.07692307692307693,12,12,GTAATTGACACCGAGGAAGG,0,4924613
ygfS_ygfT_predicted,0.07692307692307693,12,12,GGTTATACCCCTATGAGGAG,0,4921922
ygfS_ygfT_predicted,0.07692307692307693,12,12,GGTATCCGCTGCGAGTATAT,0,4924880
ygfS_ygfT_predicted,0.07692307692307693,12,12,GGTAGTTTGTCGTTCAAGAT,0,4909669
ygfS_ygfT_predicted,0.07692307692307693,12,12,GGTAAGTTCTTGGCTGTCGC,0,4906807
ygfS_ygfT_predicted,0.07692307692307693,12,12,GGGTGAATCTCTCTTATGGT,0,4915770
ygfS_ygfT_predicted,0.07692307692307693,12,12,GGGTCGCAGGTTGAAGGGAC,0,4929578
ygfS_ygfT_predicted,0.07692307692307693,12,12,GGGGGTATAGACTCGGCAGG,0,4915377
ygfS_ygfT_predicted,0.07692307692307693,12,12,GGGGGGTGATCTGGCCTCAA,0,4918344
ygfS_ygfT_predicted,0.07692307692307693,12,12,GGGCTAGCTTGTCAAGAGGA,0,4920527
ygfS_ygfT_predicted,0.07692307692307693,12,12,GGGCCGGTTCATGATCTCAG,0,4922925
ygfS_ygfT_predicted,0.07692307692307693,12,12,GGGACTGCTACTGCCGTGAG,0,4901893
ygfS_ygfT_predicted,0.07692307692307693,12,12,GGCCGGAACTGTGCGTCTCA,0,4918327
ygfS_ygfT_predicted,0.07692307692307693,12,12,GGCATCTTTCGTGGTACCTA,0,4923364
ygfS_ygfT_predicted,0.07692307692307693,12,12,GGCACTTCAACGACGGCTAC,0,4910782
ygfS_ygfT_predicted,0.07692307692307693,12,12,GGCACTCGGAGTGGTGGAGC,0,4924914
ygfS_ygfT_predicted,0.07692307692307693,12,12,GGCAAACTCAACGCGGGTAA,0,4899919
ygfS_ygfT_predicted,0.07692307692307693,12,12,GGATTATGTACTGTCTATTC,0,4917759
ygfS_ygfT_predicted,0.07692307692307693,12,12,GGATCTGAGTCCGCACGATT,0,4906193
ygfS_ygfT_predicted,0.07692307692307693,12,12,GGAGGTGTGCGACGACTATT,0,4910159
ygfS_ygfT_predicted,0.07692307692307693,12,12,GGACGGGTGCTACGAGCGTG,0,4926086
ygfS_ygfT_predicted,0.07692307692307693,12,12,GGACCAGTATACGGCGTTCA,0,4923104
ygfS_ygfT_predicted,0.07692307692307693,12,12,GCTTTGTGTCATTTTTGTTC,0,4912577
ygfS_ygfT_predicted,0.07692307692307693,12,12,GCTGAGGTTCGGAGCTTGTG,0,4923625
ygfS_ygfT_predicted,0.07692307692307693,12,12,GCTATGTTTTAGGCAGCATT,0,4906126
ygfS_ygfT_predicted,0.07692307692307693,12,12,GCGTCCGGGCTGCATGTCGC,0,4900750
ygfS_ygfT_predicted,0.07692307692307693,12,12,GCGTAATGAGATCGTAGGGA,0,4910467
ygfS_ygfT_predicted,0.07692307692307693,12,12,GCGCCCTCTGCGCCGTTTAT,0,4909263
ygfS_ygfT_predicted,0.07692307692307693,12,12,GCCTAGGCCGTTCGACGAGA,0,4903966
ygfS_ygfT_predicted,0.07692307692307693,12,12,GCCGCCGTATACGCTCCTAG,0,4901952
ygfS_ygfT_predicted,0.07692307692307693,12,12,GCCCCGCGCGTAACGAAGAG,0,4925694
ygfS_ygfT_predicted,0.07692307692307693,12,12,GCCCCAGAGAATAAGTCCTG,0,4910312
ygfS_ygfT_predicted,0.07692307692307693,12,12,GCCCAGATATGGGCGCGGTT,0,4919294
ygfS_ygfT_predicted,0.07692307692307693,12,12,GCCACTAAGGATCTCGCCAC,0,4906527
ygfS_ygfT_predicted,0.07692307692307693,12,12,GCACTTAGCGCTGATCAGGT,0,4913563
ygfS_ygfT_predicted,0.07692307692307693,12,12,GCACATTAGTAGAGCTGCGT,0,4914887
ygfS_ygfT_predicted,0.07692307692307693,12,12,GATTATCTGACATGTTAAGC,0,4906426
ygfS_ygfT_predicted,0.07692307692307693,12,12,GATGACTTATTGGAAAATCA,0,4910860
ygfS_ygfT_predicted,0.07692307692307693,12,12,GATCTGTCGATTTAGCTCGT,0,4929752
ygfS_ygfT_predicted,0.07692307692307693,12,12,GATATGGCATAATAATCGTG,0,4917814
ygfS_ygfT_predicted,0.07692307692307693,12,12,GATACCACACGGCCCTGCAT,0,4901614
ygfS_ygfT_predicted,0.07692307692307693,12,12,GAGGTATGGAGGCTGTGGTA,0,4913593
ygfS_ygfT_predicted,0.07692307692307693,12,12,GAGCGTCTCGAGGTCTAAAA,0,4910074
ygfS_ygfT_predicted,0.07692307692307693,12,12,GAGATTAACACTATCGAAAA,0,4926270
ygfS_ygfT_predicted,0.07692307692307693,12,12,GACCGCAGAATTTCTTGAAA,0,4919241
ygfS_ygfT_predicted,0.07692307692307693,12,12,GACAGGCTCAGTCAAGCCAA,0,4927164
ygfS_ygfT_predicted,0.07692307692307693,12,12,GACAAGATTACGCTCATCCA,0,4923361
ygfS_ygfT_predicted,0.07692307692307693,12,12,GAAGGGCAATAAAAGCACTA,0,4931180
ygfS_ygfT_predicted,0.07692307692307693,12,12,GAACTGGGCGCTGCTAATTA,0,4907893
ygfS_ygfT_predicted,0.07692307692307693,12,12,GAAAACCTGGCAGCGTATCA,0,4902989
ygfS_ygfT_predicted,0.07692307692307693,12,12,CTTGAGCCGTCATTCCTCAC,0,4902655
ygfS_ygfT_predicted,0.07692307692307693,12,12,CTTATTGCTATGGTATAGCA,0,4915835
ygfS_ygfT_predicted,0.07692307692307693,12,12,CTTAGGCTAGATTAGTATGC,0,4900785
ygfS_ygfT_predicted,0.07692307692307693,12,12,CTTAATGTCTTGAGTAGGTT,0,4901493
ygfS_ygfT_predicted,0.07692307692307693,12,12,CTGGCCTACGCTCCTTAATG,0,4905610
ygfS_ygfT_predicted,0.07692307692307693,12,12,CTCTTTTTACACCCTTGAGT,0,4916099
ygfS_ygfT_predicted,0.07692307692307693,12,12,CTCCACAGATTGTCAGCTTG,0,4906946
ygfS_ygfT_predicted,0.07692307692307693,12,12,CTAGGTAACCTACTGTAATG,0,4912384
ygfS_ygfT_predicted,0.07692307692307693,12,12,CTAGGAGGGGAAGCCGTTGC,0,4900036
ygfS_ygfT_predicted,0.07692307692307693,12,12,CTACGATTCGCAGTCAATGG,0,4916293
ygfS_ygfT_predicted,0.07692307692307693,12,12,CTACCCACCAGTTACGTACA,0,4909727
ygfS_ygfT_predicted,0.07692307692307693,12,12,CGTGGGGAGGGCTGTTACAT,0,4921991
ygfS_ygfT_predicted,0.07692307692307693,12,12,CGTGGGCAACTTGAGTGGGG,0,4914525
ygfS_ygfT_predicted,0.07692307692307693,12,12,CGTCGCTTGGCCGCCCTTCA,0,4916226
ygfS_ygfT_predicted,0.07692307692307693,12,12,CGTCCACATGCCCGCATGTA,0,4927815
ygfS_ygfT_predicted,0.07692307692307693,12,12,CGGTGCCGATGACACGCAAG,0,4911585
ygfS_ygfT_predicted,0.07692307692307693,12,12,CGCTTGACTCTAGTCGGGGT,0,4904066
ygfS_ygfT_predicted,0.07692307692307693,12,12,CGCTATAAAACCGGATGATG,0,4922080
ygfS_ygfT_predicted,0.07692307692307693,12,12,CGCGGTTGATGAGGGAGCGG,0,4926674
ygfS_ygfT_predicted,0.07692307692307693,12,12,CGCCGGCGCACAATATGGCC,0,4920108
ygfS_ygfT_predicted,0.07692307692307693,12,12,CGCCCCTGTAACGCTAAGCA,0,4914587
ygfS_ygfT_predicted,0.07692307692307693,12,12,CGCAAGTTAAACAAGTGGTA,0,4909689
ygfS_ygfT_predicted,0.07692307692307693,12,12,CGATTTCACTAGGTGCGGAG,0,4903801
ygfS_ygfT_predicted,0.07692307692307693,12,12,CGATATCCCGGCCCATAGTA,0,4916778
ygfS_ygfT_predicted,0.07692307692307693,12,12,CGACGCCGGCCGTACCCAGG,0,4915128
ygfS_ygfT_predicted,0.07692307692307693,12,12,CGAAACGAATCCAGAAAGTT,0,4904388
ygfS_ygfT_predicted,0.07692307692307693,12,12,CCTGCCAGATCGGCCCTCTT,0,4903921
ygfS_ygfT_predicted,0.07692307692307693,12,12,CCTCTTGCTGGTTGGGCCAG,0,4920078
ygfS_ygfT_predicted,0.07692307692307693,12,12,CCTCTACCTAAAGAACGTCC,0,4918421
ygfS_ygfT_predicted,0.07692307692307693,12,12,CCTAAAACCTTAGACCCTCA,0,4921264
ygfS_ygfT_predicted,0.07692307692307693,12,12,CCGGGGCAAGTACTATTGTA,0,4899719
ygfS_ygfT_predicted,0.07692307692307693,12,12,CCCTTCCGGCTTGTAAGGGG,0,4899828
ygfS_ygfT_predicted,0.07692307692307693,12,12,CCCGGAAGGGTAGTTTTCGT,0,4923390
ygfS_ygfT_predicted,0.07692307692307693,12,12,CCCATCTGAGTGGAATGTCT,0,4907383
ygfS_ygfT_predicted,0.07692307692307693,12,12,CCATACCTAGGCTGTTGCCT,0,4930185
ygfS_ygfT_predicted,0.07692307692307693,12,12,CCAGTTTCCGAGTACTCGTA,0,4930503
ygfS_ygfT_predicted,0.07692307692307693,12,12,CCACTTCTAACCCTGAATCC,0,4909515
ygfS_ygfT_predicted,0.07692307692307693,12,12,CCAAGAAGTAGTCATGACTC,0,4925026
ygfS_ygfT_predicted,0.07692307692307693,12,12,CCAACGCTGAAACAGAGCAT,0,4906400
ygfS_ygfT_predicted,0.07692307692307693,12,12,CCAACCGGTGACCTTCTGGG,0,4930571
ygfS_ygfT_predicted,0.07692307692307693,12,12,CATTTTTCAGATTTTTTTGC,0,4926625
ygfS_ygfT_predicted,0.07692307692307693,12,12,CATCAGATAGTATGCACGGT,0,4900386
ygfS_ygfT_predicted,0.07692307692307693,12,12,CATATAGTTCCCAGCTGAGC,0,4901934
ygfS_ygfT_predicted,0.07692307692307693,12,12,CATACAGCAATCCTTTCTGC,0,4912058
ygfS_ygfT_predicted,0.07692307692307693,12,12,CAGTTCCCGGTCAGCGCGGC,0,4929588
ygfS_ygfT_predicted,0.07692307692307693,12,12,CAGTGTGGCGACCGGATGAA,0,4929857
ygfS_ygfT_predicted,0.07692307692307693,12,12,CAGGTAGCGGACAGCAGTTA,0,4902165
ygfS_ygfT_predicted,0.07692307692307693,12,12,CAGCCAACCTTCTAGCTTGA,0,4921781
ygfS_ygfT_predicted,0.07692307692307693,12,12,CACTACTGTCGCAGATAGGC,0,4921297
ygfS_ygfT_predicted,0.07692307692307693,12,12,CACCAGAAGTATTCTGCGTT,0,4924183
ygfS_ygfT_predicted,0.07692307692307693,12,12,CACAAGTAGAGTCTCACCTC,0,4901387
ygfS_ygfT_predicted,0.07692307692307693,12,12,CACAAACGGAGACGTCTTGT,0,4909242
ygfS_ygfT_predicted,0.07692307692307693,12,12,CAATTAGCCGTCTTCGGATA,0,4900560
ygfS_ygfT_predicted,0.07692307692307693,12,12,CAAGTGAAGGAGGCTCTCTA,0,4901951
ygfS_ygfT_predicted,0.07692307692307693,12,12,CAAGCACACCCCGCACACTT,0,4925447
ygfS_ygfT_predicted,0.07692307692307693,12,12,CAAGACGTATGCGACGTAGC,0,4900200
ygfS_ygfT_predicted,0.07692307692307693,12,12,ATTTGTGTCATGATCAAATG,0,4931218
ygfS_ygfT_predicted,0.07692307692307693,12,12,ATTATACCAGCTCGGGCCAC,0,4903841
ygfS_ygfT_predicted,0.07692307692307693,12,12,ATGTTAACGACTCCTAGGGT,0,4907150
ygfS_ygfT_predicted,0.07692307692307693,12,12,ATGCGGTGGAGCGGCCGTGG,0,4914702
ygfS_ygfT_predicted,0.07692307692307693,12,12,ATGCGGAATTTGCACTCACT,0,4902572
ygfS_ygfT_predicted,0.07692307692307693,12,12,ATGCGATATGTGGTAACCAA,0,4914873
ygfS_ygfT_predicted,0.07692307692307693,12,12,ATCGTAATTATACACTTTGA,0,4900754
ygfS_ygfT_predicted,0.07692307692307693,12,12,ATCGATCGAGGAAGTCAAGC,0,4922534
ygfS_ygfT_predicted,0.07692307692307693,12,12,ATCCGTCTGCGGGTTGCCAG,0,4907080
ygfS_ygfT_predicted,0.07692307692307693,12,12,ATAGTGTCAAAGGATGACTT,0,4908706
ygfS_ygfT_predicted,0.07692307692307693,12,12,ATAGCTAACGGGGAGCCGCT,0,4910591
ygfS_ygfT_predicted,0.07692307692307693,12,12,ATACGGTACTCGTTGGAATT,0,4925449
ygfS_ygfT_predicted,0.07692307692307693,12,12,ATACAGAGGGGATTCGCATT,0,4920557
ygfS_ygfT_predicted,0.07692307692307693,12,12,AGTTTTCGCTCACCATGACG,0,4922651
ygfS_ygfT_predicted,0.07692307692307693,12,12,AGTCTGGAGCAGGGGAATTC,0,4904798
ygfS_ygfT_predicted,0.07692307692307693,12,12,AGTCGTCAACCGGGCCGCCT,0,4911497
ygfS_ygfT_predicted,0.07692307692307693,12,12,AGTCGGAGGCTGGACTACGA,0,4929808
ygfS_ygfT_predicted,0.07692307692307693,12,12,AGTCGGACTTCTACCCGTCA,0,4930670
ygfS_ygfT_predicted,0.07692307692307693,12,12,AGTATAGTCAATATCGGGTT,0,4901092
ygfS_ygfT_predicted,0.07692307692307693,12,12,AGGTAGACCCTTGAGAGAAA,0,4912312
ygfS_ygfT_predicted,0.07692307692307693,12,12,AGGGCGGGGAGCTAATTGTT,0,4917359
ygfS_ygfT_predicted,0.07692307692307693,12,12,AGCTACGGTATAACTCAAGC,0,4902132
ygfS_ygfT_predicted,0.07692307692307693,12,12,AGCGCCAATGAGCAGTCAGG,0,4913143
ygfS_ygfT_predicted,0.07692307692307693,12,12,AGCCTTGCCCCAGGATTCAT,0,4920265
ygfS_ygfT_predicted,0.07692307692307693,12,12,AGATTTTGAATCGAGGTGAA,0,4912767
ygfS_ygfT_predicted,0.07692307692307693,12,12,AGATTATGCAAGAATGTTGC,0,4908416
ygfS_ygfT_predicted,0.07692307692307693,12,12,AGACCAATACAAATTACCAA,0,4907899
ygfS_ygfT_predicted,0.07692307692307693,12,12,ACTTTCAGTATACATAGACA,0,4905296
ygfS_ygfT_predicted,0.07692307692307693,12,12,ACTCTGAGCCACTGGCCCTG,0,4926146
ygfS_ygfT_predicted,0.07692307692307693,12,12,ACTCCTAAGGAGGTTGCTCC,0,4907373
ygfS_ygfT_predicted,0.07692307692307693,12,12,ACGGGCTGCGAACGAAAACG,0,4914281
ygfS_ygfT_predicted,0.07692307692307693,12,12,ACGCTTTCGATTCGTTGCAT,0,4900369
ygfS_ygfT_predicted,0.07692307692307693,12,12,ACGCGGGCATAGTTAAATCC,0,4929719
ygfS_ygfT_predicted,0.07692307692307693,12,12,ACGCAAGAAGGCGCGTATGG,0,4909464
ygfS_ygfT_predicted,0.07692307692307693,12,12,ACGATCCCCCTAAATGGACA,0,4908289
ygfS_ygfT_predicted,0.07692307692307693,12,12,ACCGACGCTTGAAGTAGATC,0,4917291
ygfS_ygfT_predicted,0.07692307692307693,12,12,ACATTGTGAAAGGGCGGTAT,0,4913670
ygfS_ygfT_predicted,0.07692307692307693,12,12,ACACCGTATAGTGGATGGTG,0,4905248
ygfS_ygfT_predicted,0.07692307692307693,12,12,ACAACGACGGGGTACATCCT,0,4919692
ygfS_ygfT_predicted,0.07692307692307693,12,12,AATGACAACCCTATAGCGGC,0,4910884
ygfS_ygfT_predicted,0.07692307692307693,12,12,AATAATTCTAAGCCCTTTAC,0,4904256
ygfS_ygfT_predicted,0.07692307692307693,12,12,AAGGTGCTAGTTTAGCTATC,0,4921805
ygfS_ygfT_predicted,0.07692307692307693,12,12,AAGCGGACATTCTGCTATCC,0,4907767
ygfS_ygfT_predicted,0.07692307692307693,12,12,AAGCGACTCGGAAGCGCAGA,0,4917023
ygfS_ygfT_predicted,0.07692307692307693,12,12,AAGCAGACACGATTGGGCGC,0,4926082
ygfS_ygfT_predicted,0.07692307692307693,12,12,AAATAACCGTAAAAGTCAGC,0,4912907
ygfS_ygfT_predicted,0.07692307692307693,12,12,AAAGTCACTGCTCCCTAGAG,0,4905484
ygfS_ygfT_predicted,0.07692307692307693,12,12,AAACTGTAATATGTCAGACT,0,4902995
ygfS_ygfT_predicted,0.08333333333333333,11,11,TTTGTTGCGCGTCGTACAAT,0,4917825
ygfS_ygfT_predicted,0.08333333333333333,11,11,TTTAAACATTAATTTCTCCG,0,4926943
ygfS_ygfT_predicted,0.08333333333333333,11,11,TTGTTTGAAGTGCACGTCGC,0,4914188
ygfS_ygfT_predicted,0.08333333333333333,11,11,TTGTGATGAGAGCGCGAGAA,0,4925873
ygfS_ygfT_predicted,0.08333333333333333,11,11,TTGGGCAAGTGCAAACAGGC,0,4908302
ygfS_ygfT_predicted,0.08333333333333333,11,11,TTGATCGCTTCCAAGCTTAA,0,4924854
ygfS_ygfT_predicted,0.08333333333333333,11,11,TTCTTTCGTAGCCTATTCAT,0,4907984
ygfS_ygfT_predicted,0.08333333333333333,11,11,TTCTTCAGCGTTGTGTCACC,0,4925590
ygfS_ygfT_predicted,0.08333333333333333,11,11,TTCTGATACTGTGGAAGGAC,0,4912763
ygfS_ygfT_predicted,0.08333333333333333,11,11,TTCGGTATTGCAGCAATTAG,0,4907352
ygfS_ygfT_predicted,0.08333333333333333,11,11,TTCCGTATTATGCGGACCAG,0,4914967
ygfS_ygfT_predicted,0.08333333333333333,11,11,TTCCGGGATTTTCAGACACG,0,4916288
ygfS_ygfT_predicted,0.08333333333333333,11,11,TTATTGTAAAATCGAGGGGT,0,4927485
ygfS_ygfT_predicted,0.08333333333333333,11,11,TTAGGTACACGGTATAAGAG,0,4920399
ygfS_ygfT_predicted,0.08333333333333333,11,11,TTACGTGGCATCTGTTTTCC,0,4916456
ygfS_ygfT_predicted,0.08333333333333333,11,11,TTAAGTTTCACCGTTTCTTT,0,4903407
ygfS_ygfT_predicted,0.08333333333333333,11,11,TGTTGAGAGGGGTGCGCCAA,0,4914906
ygfS_ygfT_predicted,0.08333333333333333,11,11,TGTTAGAAAATTTGACGGTG,0,4925818
ygfS_ygfT_predicted,0.08333333333333333,11,11,TGTGAATTGGATTAAGTTGT,0,4918762
ygfS_ygfT_predicted,0.08333333333333333,11,11,TGTCTGCGCCACGTCCATCT,0,4899796
ygfS_ygfT_predicted,0.08333333333333333,11,11,TGGTCTCGCATTATGTACGC,0,4905656
ygfS_ygfT_predicted,0.08333333333333333,11,11,TGGTCCTGCTGGGCTATCAT,0,4930332
ygfS_ygfT_predicted,0.08333333333333333,11,11,TGGTATAGGAGTTGTCGTCC,0,4907056
ygfS_ygfT_predicted,0.08333333333333333,11,11,TGGGAACCGCTTGGTCACAC,0,4915919
ygfS_ygfT_predicted,0.08333333333333333,11,11,TGGCCCATGGGCCGCTCGAA,0,4926652
ygfS_ygfT_predicted,0.08333333333333333,11,11,TGGAACCATAGCACAGTCGT,0,4912637
ygfS_ygfT_predicted,0.08333333333333333,11,11,TGCTTATATACAACGAGGTC,0,4919346
ygfS_ygfT_predicted,0.08333333333333333,11,11,TGCTGTCGGCTTATCTGTCA,0,4924740
ygfS_ygfT_predicted,0.08333333333333333,11,11,TGCTCGCCGTCGAATCTCCG,0,4923044
ygfS_ygfT_predicted,0.08333333333333333,11,11,TGCGAATTCCGGTAGAATTC,0,4901328
ygfS_ygfT_predicted,0.08333333333333333,11,11,TGCCGTACGTTGTACCTGGG,0,4929434
ygfS_ygfT_predicted,0.08333333333333333,11,11,TGCCGCTTCGACGTCGTATT,0,4913957
ygfS_ygfT_predicted,0.08333333333333333,11,11,TGCCCATATTCCATCGGAAT,0,4924262
ygfS_ygfT_predicted,0.08333333333333333,11,11,TGCAGTGACAAGGGACATAG,0,4916445
ygfS_ygfT_predicted,0.08333333333333333,11,11,TGCAATCTCCAATTTACCTG,0,4909345
ygfS_ygfT_predicted,0.08333333333333333,11,11,TGCAAGGCGATCCGTTCGGG,0,4901020
ygfS_ygfT_predicted,0.08333333333333333,11,11,TGACCAATGAAAGACGATAG,0,4930057
ygfS_ygfT_predicted,0.08333333333333333,11,11,TGAACGACAAGGTTACCTTC,0,4905113
ygfS_ygfT_predicted,0.08333333333333333,11,11,TCTAGGTATCCGATTCGAAA,0,4908084
ygfS_ygfT_predicted,0.08333333333333333,11,11,TCGTTGCGTAGGACCGTGTC,0,4929101
ygfS_ygfT_predicted,0.08333333333333333,11,11,TCGTAGGTACCAGCAGGCAA,0,4923237
ygfS_ygfT_predicted,0.08333333333333333,11,11,TCGGTGTCGGCAGTGTTTTG,0,4919942
ygfS_ygfT_predicted,0.08333333333333333,11,11,TCCTCGGTGAGCCGAAGGAT,0,4919136
ygfS_ygfT_predicted,0.08333333333333333,11,11,TCCTAAGCCCATACGCCCGT,0,4918507
ygfS_ygfT_predicted,0.08333333333333333,11,11,TCCGTTTGTGATTCAAAAGA,0,4925267
ygfS_ygfT_predicted,0.08333333333333333,11,11,TCCGTATAATCACGACCCAA,0,4931296
ygfS_ygfT_predicted,0.08333333333333333,11,11,TCCGGGAACATAGGCGGTGA,0,4925968
ygfS_ygfT_predicted,0.08333333333333333,11,11,TCCGGCATCTATAGGGTCAG,0,4911172
ygfS_ygfT_predicted,0.08333333333333333,11,11,TCCATAAGGTCAAGCGGCCC,0,4910200
ygfS_ygfT_predicted,0.08333333333333333,11,11,TCCAGGATTCGTTAGGCGAA,0,4928972
ygfS_ygfT_predicted,0.08333333333333333,11,11,TCCACGGACTTCTGACCGAA,0,4911463
ygfS_ygfT_predicted,0.08333333333333333,11,11,TCATACGCTTAATTCAATGT,0,4901714
ygfS_ygfT_predicted,0.08333333333333333,11,11,TCAGTTTTATGCGAGACATC,0,4914039
ygfS_ygfT_predicted,0.08333333333333333,11,11,TCAGTTTTATGCAAATATAC,0,4920829
ygfS_ygfT_predicted,0.08333333333333333,11,11,TCACTTATTTATCGGCGGAT,0,4899728
ygfS_ygfT_predicted,0.08333333333333333,11,11,TATTAGTCTGTCGAGGTCTC,0,4924244
ygfS_ygfT_predicted,0.08333333333333333,11,11,TATGGTTGGGCCGCTTTTGT,0,4929280
ygfS_ygfT_predicted,0.08333333333333333,11,11,TATGGAAATGATTCAGGGTC,0,4913693
ygfS_ygfT_predicted,0.08333333333333333,11,11,TATCAGTGCTATCGGTTCTA,0,4921818
ygfS_ygfT_predicted,0.08333333333333333,11,11,TAGCGTTAGATGGAATAGCC,0,4902889
ygfS_ygfT_predicted,0.08333333333333333,11,11,TAGAACGTCCAGCTTATGCA,0,4901078
ygfS_ygfT_predicted,0.08333333333333333,11,11,TACGCCACGCCAGTATTCAG,0,4913233
ygfS_ygfT_predicted,0.08333333333333333,11,11,TACGCAACCTTTCATTAATC,0,4916924
ygfS_ygfT_predicted,0.08333333333333333,11,11,TACCGAACCCGGGACGGTTG,0,4919377
ygfS_ygfT_predicted,0.08333333333333333,11,11,TACAACAACAGTAACCGTCT,0,4929964
ygfS_ygfT_predicted,0.08333333333333333,11,11,TAATTTCGCACGCGCTACGA,0,4904603
ygfS_ygfT_predicted,0.08333333333333333,11,11,TAATGTATTTTGCGTTCCAC,0,4925629
ygfS_ygfT_predicted,0.08333333333333333,11,11,TAATCAGGTTAATAGAGCTG,0,4909346
ygfS_ygfT_predicted,0.08333333333333333,11,11,TAACTTTAGTGAATCGGAAT,0,4916575
ygfS_ygfT_predicted,0.08333333333333333,11,11,TAACGCACTAAAATCTTACT,0,4907124
ygfS_ygfT_predicted,0.08333333333333333,11,11,TAACAGGCGGGTTGGCGATG,0,4913438
ygfS_ygfT_predicted,0.08333333333333333,11,11,GTTTGTACAATCTAGTAGAG,0,4921468
ygfS_ygfT_predicted,0.08333333333333333,11,11,GTTTAGGAATTTGTGCGGCT,0,4901148
ygfS_ygfT_predicted,0.08333333333333333,11,11,GTTGCGATTCCCGAATACTC,0,4908889
ygfS_ygfT_predicted,0.08333333333333333,11,11,GTGTAATGCGTTCCGCAGTG,0,4916446
ygfS_ygfT_predicted,0.08333333333333333,11,11,GTGAGTGGTTCGGTCATCTG,0,4909943
ygfS_ygfT_predicted,0.08333333333333333,11,11,GTCTGTATCACCCCTACTGA,0,4901664
ygfS_ygfT_predicted,0.08333333333333333,11,11,GTCAGACTCTATGTATAGAA,0,4919029
ygfS_ygfT_predicted,0.08333333333333333,11,11,GTCAATTACAGTCATAGTGA,0,4901940
ygfS_ygfT_predicted,0.08333333333333333,11,11,GTCAATCACGTCTAAAGAGT,0,4901645
ygfS_ygfT_predicted,0.08333333333333333,11,11,GTCAAATGTAAGATAACCTA,0,4924696
ygfS_ygfT_predicted,0.08333333333333333,11,11,GTATCCGGCTGGCGGAGGGA,0,4916178
ygfS_ygfT_predicted,0.08333333333333333,11,11,GTATACAGAGCGCCATGCTT,0,4900377
ygfS_ygfT_predicted,0.08333333333333333,11,11,GTAGTCTTCTACTCCTACGA,0,4900189
ygfS_ygfT_predicted,0.08333333333333333,11,11,GTACACGGTTCGGTCCAGGG,0,4922030
ygfS_ygfT_predicted,0.08333333333333333,11,11,GTAAAAACCATCCTATTGAG,0,4911795
ygfS_ygfT_predicted,0.08333333333333333,11,11,GGTGTGTCCGTTTACAATGT,0,4924172
ygfS_ygfT_predicted,0.08333333333333333,11,11,GGTGATGTAAAGGTTGGACT,0,4906417
ygfS_ygfT_predicted,0.08333333333333333,11,11,GGTGAGTAAACGGAGGCATG,0,4919858
ygfS_ygfT_predicted,0.08333333333333333,11,11,GGTCTGCACGACGGAGCGAG,0,4912038
ygfS_ygfT_predicted,0.08333333333333333,11,11,GGTCCGTTCAGGAACCTGTG,0,4905716
ygfS_ygfT_predicted,0.08333333333333333,11,11,GGGGCGTAATCTATAGATCG,0,4905548
ygfS_ygfT_predicted,0.08333333333333333,11,11,GGGCTTCGTGAGTATCGGAT,0,4908628
ygfS_ygfT_predicted,0.08333333333333333,11,11,GGGCACAGGTAAGTAAACTG,0,4910727
ygfS_ygfT_predicted,0.08333333333333333,11,11,GGGAGTTCGGCCTGCATTAA,0,4914389
ygfS_ygfT_predicted,0.08333333333333333,11,11,GGGACCGCTACCACTGGGTT,0,4915715
ygfS_ygfT_predicted,0.08333333333333333,11,11,GGCACGTTAGTATGATGATT,0,4914277
ygfS_ygfT_predicted,0.08333333333333333,11,11,GGATCTTTAGTGGAGCCTAA,0,4924247
ygfS_ygfT_predicted,0.08333333333333333,11,11,GGACTTCCATTCGCCTATTC,0,4900167
ygfS_ygfT_predicted,0.08333333333333333,11,11,GGACGGTTGACTGACAAGAC,0,4911293
ygfS_ygfT_predicted,0.08333333333333333,11,11,GGACATTAGGGGGGAACACA,0,4907270
ygfS_ygfT_predicted,0.08333333333333333,11,11,GCTCTCTAATGCTCGCGCAG,0,4908413
ygfS_ygfT_predicted,0.08333333333333333,11,11,GCGGGTTACGGCCAAGATTA,0,4914357
ygfS_ygfT_predicted,0.08333333333333333,11,11,GCGCGAACATCCAGAGCGGT,0,4926059
ygfS_ygfT_predicted,0.08333333333333333,11,11,GCCGACCAGGTACAAGTTTC,0,4914921
ygfS_ygfT_predicted,0.08333333333333333,11,11,GCCCTTTGCGTCCGACGGCA,0,4905976
ygfS_ygfT_predicted,0.08333333333333333,11,11,GCCCACCCACTATCTCTTCA,0,4910831
ygfS_ygfT_predicted,0.08333333333333333,11,11,GCATTGCTTTGATCCACAGA,0,4915510
ygfS_ygfT_predicted,0.08333333333333333,11,11,GCATCTTTTGTCAGGCATGG,0,4908442
ygfS_ygfT_predicted,0.08333333333333333,11,11,GCAGAGAGGACCGCCGTGCC,0,4902697
ygfS_ygfT_predicted,0.08333333333333333,11,11,GCACTAAAAGAGACGGAACT,0,4910646
ygfS_ygfT_predicted,0.08333333333333333,11,11,GCAAGACCGATAGAGTTCCA,0,4907873
ygfS_ygfT_predicted,0.08333333333333333,11,11,GCAACACTACCGACTGGAAT,0,4911103
ygfS_ygfT_predicted,0.08333333333333333,11,11,GCAAATCCTATTATATCATC,0,4914704
ygfS_ygfT_predicted,0.08333333333333333,11,11,GATTTTCACTTCGCAGTCCC,0,4920109
ygfS_ygfT_predicted,0.08333333333333333,11,11,GATGACATACTGACGTAAGC,0,4924727
ygfS_ygfT_predicted,0.08333333333333333,11,11,GATACTTGAAAAGGAGAACG,0,4925791
ygfS_ygfT_predicted,0.08333333333333333,11,11,GAGCCGCACCCATGCATAAC,0,4917351
ygfS_ygfT_predicted,0.08333333333333333,11,11,GAGATTCCAATTCCTGTGGA,0,4921453
ygfS_ygfT_predicted,0.08333333333333333,11,11,GAGAGACGCGAACCTAGTTT,0,4929649
ygfS_ygfT_predicted,0.08333333333333333,11,11,GACTCCCCCACCCTAGTTAG,0,4913197
ygfS_ygfT_predicted,0.08333333333333333,11,11,GACCCGACAGTAAAGAACGT,0,4908711
ygfS_ygfT_predicted,0.08333333333333333,11,11,GACCACAGGCGATCTATGGC,0,4929581
ygfS_ygfT_predicted,0.08333333333333333,11,11,GAATCCGCATAACTGGTAGG,0,4916525
ygfS_ygfT_predicted,0.08333333333333333,11,11,GAATATCTCAGCATATGTAC,0,4929052
ygfS_ygfT_predicted,0.08333333333333333,11,11,GAACATCTACCAGGGCGTCG,0,4931191
ygfS_ygfT_predicted,0.08333333333333333,11,11,CTTTATGTGCGTTTATAAGG,0,4907162
ygfS_ygfT_predicted,0.08333333333333333,11,11,CTTCTTTTAACAAGCAACGA,0,4904549
ygfS_ygfT_predicted,0.08333333333333333,11,11,CTTCTAGATGGGGGGCGTAA,0,4921007
ygfS_ygfT_predicted,0.08333333333333333,11,11,CTTCCGCCTAAAAAGTTCGA,0,4924882
ygfS_ygfT_predicted,0.08333333333333333,11,11,CTGGGTCCTGCCGTATGAAG,0,4924442
ygfS_ygfT_predicted,0.08333333333333333,11,11,CTGATAGAACGCGGCATACC,0,4928471
ygfS_ygfT_predicted,0.08333333333333333,11,11,CTCTGGGCTTCGCCCGAACC,0,4920145
ygfS_ygfT_predicted,0.08333333333333333,11,11,CTCTCTGAGCTAGTGTCTCG,0,4905736
ygfS_ygfT_predicted,0.08333333333333333,11,11,CTCCTCATAGCGATCATGGT,0,4910401
ygfS_ygfT_predicted,0.08333333333333333,11,11,CTACGTGAAGAAATATGGAA,0,4914944
ygfS_ygfT_predicted,0.08333333333333333,11,11,CTACGCGTGGTGGCTATGAT,0,4908098
ygfS_ygfT_predicted,0.08333333333333333,11,11,CTAATACGGAGAGCGGGACT,0,4918689
ygfS_ygfT_predicted,0.08333333333333333,11,11,CGTTTTACTCACCTTTTGCC,0,4916169
ygfS_ygfT_predicted,0.08333333333333333,11,11,CGTGGCCGTACCTATTAAAG,0,4930040
ygfS_ygfT_predicted,0.08333333333333333,11,11,CGTGCAATGGGGCCTATGTG,0,4929785
ygfS_ygfT_predicted,0.08333333333333333,11,11,CGTCACCCCAACTAGTAGTG,0,4923171
ygfS_ygfT_predicted,0.08333333333333333,11,11,CGTAAGGCCGGTTCTTGCGG,0,4911796
ygfS_ygfT_predicted,0.08333333333333333,11,11,CGGGGCAAATCTCCTACTTT,0,4919045
ygfS_ygfT_predicted,0.08333333333333333,11,11,CGGCCCGCGCAATACAGCTG,0,4921184
ygfS_ygfT_predicted,0.08333333333333333,11,11,CGCCCTTAGGTCGTGCGACA,0,4917904
ygfS_ygfT_predicted,0.08333333333333333,11,11,CGCACGGATCTTTCTGAACC,0,4901896
ygfS_ygfT_predicted,0.08333333333333333,11,11,CGCAAACGAGGCCAACAGAC,0,4900376
ygfS_ygfT_predicted,0.08333333333333333,11,11,CGATCGTCGTTCGTATGGCA,0,4905777
ygfS_ygfT_predicted,0.08333333333333333,11,11,CGAGGAGTAGAAAAGATGTG,0,4910701
ygfS_ygfT_predicted,0.08333333333333333,11,11,CCTCGCTGCTGCAGTTAGCG,0,4912903
ygfS_ygfT_predicted,0.08333333333333333,11,11,CCTCCGGCGAACGCAATCGG,0,4902807
ygfS_ygfT_predicted,0.08333333333333333,11,11,CCGGTTGCAGTTTAATATAT,0,4908082
ygfS_ygfT_predicted,0.08333333333333333,11,11,CCGGAGTTTTTATGAAGAGA,0,4905047
ygfS_ygfT_predicted,0.08333333333333333,11,11,CCGATACGCGAGTTACTAAC,0,4911047
ygfS_ygfT_predicted,0.08333333333333333,11,11,CCCTTGGGCGAAGCTCCCTC,0,4900137
ygfS_ygfT_predicted,0.08333333333333333,11,11,CCCTGTATGGTTATCGCGTC,0,4925485
ygfS_ygfT_predicted,0.08333333333333333,11,11,CCCTGGGAGAGGTTCTAGAT,0,4919117
ygfS_ygfT_predicted,0.08333333333333333,11,11,CCCCTGCATCGCAGGAAGTA,0,4917881
ygfS_ygfT_predicted,0.08333333333333333,11,11,CCCCGCAACAGTAACGTTTA,0,4911746
ygfS_ygfT_predicted,0.08333333333333333,11,11,CCCAACCTGCGTGACGCGCA,0,4929028
ygfS_ygfT_predicted,0.08333333333333333,11,11,CCATGCAACTGTAAACCTTT,0,4910066
ygfS_ygfT_predicted,0.08333333333333333,11,11,CCATACTTCCTGGGCTCACT,0,4909749
ygfS_ygfT_predicted,0.08333333333333333,11,11,CATGGGCGGGTAGGGGCCTT,0,4922297
ygfS_ygfT_predicted,0.08333333333333333,11,11,CATGCGCATAGCCTGTGCTC,0,4906482
ygfS_ygfT_predicted,0.08333333333333333,11,11,CATCCTGGGAATGACCCTCA,0,4930229
ygfS_ygfT_predicted,0.08333333333333333,11,11,CATACACTGAATATATTAAT,0,4906425
ygfS_ygfT_predicted,0.08333333333333333,11,11,CAGCGTGGCAGCCGATATGC,0,4918288
ygfS_ygfT_predicted,0.08333333333333333,11,11,CAGCGTCAGTTGCACCGACA,0,4925720
ygfS_ygfT_predicted,0.08333333333333333,11,11,CAGCGGCCGTATGACCTCCA,0,4925487
ygfS_ygfT_predicted,0.08333333333333333,11,11,CACGTTGATGGATTAAGCCG,0,4919647
ygfS_ygfT_predicted,0.08333333333333333,11,11,CACCCGGGTGCGGGTTTGGC,0,4923288
ygfS_ygfT_predicted,0.08333333333333333,11,11,CACAGCTACGTAGTAGAAAT,0,4921151
ygfS_ygfT_predicted,0.08333333333333333,11,11,CAATAATGGTTTTGGGCTAG,0,4902429
ygfS_ygfT_predicted,0.08333333333333333,11,11,CAACCCTATGGGTCAAATAG,0,4918891
ygfS_ygfT_predicted,0.08333333333333333,11,11,CAAAGTTAGGACAAGTTGAT,0,4909520
ygfS_ygfT_predicted,0.08333333333333333,11,11,ATGCCACTAGGCTGGTCCCT,0,4925144
ygfS_ygfT_predicted,0.08333333333333333,11,11,ATGCATCATGGTCGAGCAAT,0,4929665
ygfS_ygfT_predicted,0.08333333333333333,11,11,ATGCAAATGACATCTTCCAT,0,4923396
ygfS_ygfT_predicted,0.08333333333333333,11,11,ATCGGAACTCGTAGGGAAAT,0,4911955
ygfS_ygfT_predicted,0.08333333333333333,11,11,ATCATCTTAGTTATTTTTGC,0,4919915
ygfS_ygfT_predicted,0.08333333333333333,11,11,ATCAGTAAGAAACCACAAGT,0,4908719
ygfS_ygfT_predicted,0.08333333333333333,11,11,ATCAAAGGCATATAAGTATC,0,4904646
ygfS_ygfT_predicted,0.08333333333333333,11,11,ATAGGGCTGACGACCAGAAG,0,4900758
ygfS_ygfT_predicted,0.08333333333333333,11,11,ATACCACCATCAAGATGGCC,0,4920619
ygfS_ygfT_predicted,0.08333333333333333,11,11,AGTTGGGCTCTAAATCTTAA,0,4909328
ygfS_ygfT_predicted,0.08333333333333333,11,11,AGTCTACTTGCAATTATCTT,0,4925221
ygfS_ygfT_predicted,0.08333333333333333,11,11,AGTAGGGGGCCAGACGCTGC,0,4905616
ygfS_ygfT_predicted,0.08333333333333333,11,11,AGTACCAAAGTGTCAGGGTC,0,4925448
ygfS_ygfT_predicted,0.08333333333333333,11,11,AGGTTTCCACGTCGCATCCT,0,4927178
ygfS_ygfT_predicted,0.08333333333333333,11,11,AGGGTTTGCTGGTGCGATGG,0,4909521
ygfS_ygfT_predicted,0.08333333333333333,11,11,AGCGTATTTCGTGAGATATG,0,4913179
ygfS_ygfT_predicted,0.08333333333333333,11,11,AGCCGTCTGGATCGCGTACT,0,4903396
ygfS_ygfT_predicted,0.08333333333333333,11,11,AGCCAGGTGCGTACGTCAGC,0,4908509
ygfS_ygfT_predicted,0.08333333333333333,11,11,AGCATTCTCGGGATTCTCAA,0,4909318
ygfS_ygfT_predicted,0.08333333333333333,11,11,AGCACTGTACTTTGGCAACG,0,4903073
ygfS_ygfT_predicted,0.08333333333333333,11,11,AGATCCAATCACTCTCACTG,0,4923161
ygfS_ygfT_predicted,0.08333333333333333,11,11,AGATAAAATTGGTATTCACG,0,4924659
ygfS_ygfT_predicted,0.08333333333333333,11,11,AGAGTCCGAAAACGGGCGTG,0,4907561
ygfS_ygfT_predicted,0.08333333333333333,11,11,AGACCATCATCGAGTGCCCC,0,4923404
ygfS_ygfT_predicted,0.08333333333333333,11,11,AGAAGGTTGCATTTCTCGCT,0,4907136
ygfS_ygfT_predicted,0.08333333333333333,11,11,ACTGTAGTAAAATAGGCAGG,0,4908054
ygfS_ygfT_predicted,0.08333333333333333,11,11,ACTGGTTTAGGATATGTACA,0,4912846
ygfS_ygfT_predicted,0.08333333333333333,11,11,ACTCGAGTAGTTTGGCACTG,0,4903374
ygfS_ygfT_predicted,0.08333333333333333,11,11,ACTCACTTACATACTCGAAG,0,4899948
ygfS_ygfT_predicted,0.08333333333333333,11,11,ACGTTCGCCCATATCGTGCG,0,4912697
ygfS_ygfT_predicted,0.08333333333333333,11,11,ACGGTGTTACCAGCCTTTTC,0,4928583
ygfS_ygfT_predicted,0.08333333333333333,11,11,ACGGCTCGAGCTCTGAAAAA,0,4916919
ygfS_ygfT_predicted,0.08333333333333333,11,11,ACGCTGTGATAGTTCTATCG,0,4906924
ygfS_ygfT_predicted,0.08333333333333333,11,11,ACCTGTAGACAATAGCGTAA,0,4928466
ygfS_ygfT_predicted,0.08333333333333333,11,11,ACCGGTTACCCCCAAACTCC,0,4905945
ygfS_ygfT_predicted,0.08333333333333333,11,11,ACCGGGTAGGTCTATGTAAA,0,4918332
ygfS_ygfT_predicted,0.08333333333333333,11,11,ACAGATACTATTTATTGCCT,0,4919282
ygfS_ygfT_predicted,0.08333333333333333,11,11,ACACCGACTTTGCACGCGGG,0,4927654
ygfS_ygfT_predicted,0.08333333333333333,11,11,ACAAACCCGCAACCAGGCGA,0,4916675
ygfS_ygfT_predicted,0.08333333333333333,11,11,AATTACATGGCACTTGCACA,0,4899710
ygfS_ygfT_predicted,0.08333333333333333,11,11,AATCGTGACGTGTGAGAAAT,0,4919791
ygfS_ygfT_predicted,0.08333333333333333,11,11,AATATAATCGTGGTCATGGA,0,4904651
ygfS_ygfT_predicted,0.08333333333333333,11,11,AAGCGGTGAGTATTCTATCT,0,4903606
ygfS_ygfT_predicted,0.08333333333333333,11,11,AAGCAAGTCATCTCAGGTTT,0,4900936
ygfS_ygfT_predicted,0.08333333333333333,11,11,AACTCAACGGAGATGCGCCA,0,4917290
ygfS_ygfT_predicted,0.08333333333333333,11,11,AACGCGCAGGTACGCTCTCT,0,4917714
ygfS_ygfT_predicted,0.08333333333333333,11,11,AACGCCTATAAAGTTGATAG,0,4906421
ygfS_ygfT_predicted,0.08333333333333333,11,11,AACCTGCCACATTTGTGCGC,0,4913433
ygfS_ygfT_predicted,0.08333333333333333,11,11,AACCGTGTTCGCCGTTGATC,0,4924649
ygfS_ygfT_predicted,0.08333333333333333,11,11,AAAGACCAGCAGCGCTCAAG,0,4923177
ygfS_ygfT_predicted,0.08333333333333333,11,11,AAACATAGTTCTGACTGCAG,0,4910104
ygfS_ygfT_predicted,0.08333333333333333,11,11,AAAAATCGGCATGCGGTAGC,0,4910593
ygfS_ygfT_predicted,0.09090909090909091,10,10,TTTGGAAACGTTCCTAGCAG,0,4907371
ygfS_ygfT_predicted,0.09090909090909091,10,10,TTGTTCTGGGTCGGGATCCG,0,4902564
ygfS_ygfT_predicted,0.09090909090909091,10,10,TTGGATAGGCCAGAACTATA,0,4916097
ygfS_ygfT_predicted,0.09090909090909091,10,10,TTGCCGCAGCCAGGAGTCTT,0,4912171
ygfS_ygfT_predicted,0.09090909090909091,10,10,TTGATATGCTTCTCAAGAGT,0,4907329
ygfS_ygfT_predicted,0.09090909090909091,10,10,TTGACGGAGCCGAAGACAGG,0,4924117
ygfS_ygfT_predicted,0.09090909090909091,10,10,TTCTATTGGTTAACAGAGTT,0,4908282
ygfS_ygfT_predicted,0.09090909090909091,10,10,TTACTACGCCGGCACCTTGT,0,4921750
ygfS_ygfT_predicted,0.09090909090909091,10,10,TTACGTCTCGGGGCGGTGGG,0,4912969
ygfS_ygfT_predicted,0.09090909090909091,10,10,TTACCGAGCGACGGTGACTA,0,4907796
ygfS_ygfT_predicted,0.09090909090909091,10,10,TTACAACAAGGCATTCGCGG,0,4921350
ygfS_ygfT_predicted,0.09090909090909091,10,10,TGTTTGTCTTCTATTATGAG,0,4914644
ygfS_ygfT_predicted,0.09090909090909091,10,10,TGTTTATTGTGATATGGTCA,0,4910838
ygfS_ygfT_predicted,0.09090909090909091,10,10,TGTGTTCAACGGGTGAATAG,0,4899683
ygfS_ygfT_predicted,0.09090909090909091,10,10,TGTGATACCGAGGATATTAG,0,4900140
ygfS_ygfT_predicted,0.09090909090909091,10,10,TGTCGTGAATAACCTTTGGT,0,4927481
ygfS_ygfT_predicted,0.09090909090909091,10,10,TGGTTCCTCTCTTAGGGCGA,0,4912664
ygfS_ygfT_predicted,0.09090909090909091,10,10,TGGGGCGTCAAGCGATCGGT,0,4911391
ygfS_ygfT_predicted,0.09090909090909091,10,10,TGGGGATGTCGCCGGTCCAG,0,4900710
ygfS_ygfT_predicted,0.09090909090909091,10,10,TGGGAACAGGTCGTCTCTTT,0,4900145
ygfS_ygfT_predicted,0.09090909090909091,10,10,TGGCTGCCGCGTCCCTCCAC,0,4904508
ygfS_ygfT_predicted,0.09090909090909091,10,10,TGGCGAAATTGTGTGATTAA,0,4917439
ygfS_ygfT_predicted,0.09090909090909091,10,10,TGGACCGCCAATCGTGGGTC,0,4908055
ygfS_ygfT_predicted,0.09090909090909091,10,10,TGGACCATCGGCATCAGTTG,0,4928960
ygfS_ygfT_predicted,0.09090909090909091,10,10,TGCGAGTAAACGATGAAATG,0,4901985
ygfS_ygfT_predicted,0.09090909090909091,10,10,TGCGAGGAGAAAATCGGCCC,0,4909335
ygfS_ygfT_predicted,0.09090909090909091,10,10,TGCCTCATAGCTGTGTTACG,0,4916143
ygfS_ygfT_predicted,0.09090909090909091,10,10,TGCCATATGGTGTAATAAGG,0,4925536
ygfS_ygfT_predicted,0.09090909090909091,10,10,TGCACGAAGGCCTGAAACGT,0,4930510
ygfS_ygfT_predicted,0.09090909090909091,10,10,TGAGTCCACATCACACACTC,0,4930828
ygfS_ygfT_predicted,0.09090909090909091,10,10,TGAGGTCTTCGGATCCCACA,0,4920457
ygfS_ygfT_predicted,0.09090909090909091,10,10,TGAGAAAACTCGGAACATTT,0,4908854
ygfS_ygfT_predicted,0.09090909090909091,10,10,TCTTTTGACCTAGTTGATCG,0,4909781
ygfS_ygfT_predicted,0.09090909090909091,10,10,TCTGGGGCATCATGGATCAC,0,4917430
ygfS_ygfT_predicted,0.09090909090909091,10,10,TCTGCTTAGGGTCTTAGATC,0,4912337
ygfS_ygfT_predicted,0.09090909090909091,10,10,TCTGCGATTGACGCATCACC,0,4904565
ygfS_ygfT_predicted,0.09090909090909091,10,10,TCTCTTTGGGTAAACAAAGC,0,4919185
ygfS_ygfT_predicted,0.09090909090909091,10,10,TCTCATAGGGGGGGTGGAGA,0,4925926
ygfS_ygfT_predicted,0.09090909090909091,10,10,TCGGCATTGGATGTGGACGG,0,4910534
ygfS_ygfT_predicted,0.09090909090909091,10,10,TCGGAAATGGCCCGCGCACA,0,4910154
ygfS_ygfT_predicted,0.09090909090909091,10,10,TCGATCTAGCTCGTGTGTCC,0,4909388
ygfS_ygfT_predicted,0.09090909090909091,10,10,TCCGTAACCAGGTACCTTCT,0,4920186
ygfS_ygfT_predicted,0.09090909090909091,10,10,TCCGGTTTTTTACTCAGGCA,0,4912946
ygfS_ygfT_predicted,0.09090909090909091,10,10,TCCGGGTTAGCATATCGTAA,0,4914010
ygfS_ygfT_predicted,0.09090909090909091,10,10,TCCCTGACAGTTCCTTAACA,0,4919200
ygfS_ygfT_predicted,0.09090909090909091,10,10,TCCCGGGCGTCCACAGCAAC,0,4922976
ygfS_ygfT_predicted,0.09090909090909091,10,10,TCCCATGACACTGTGACCCA,0,4909373
ygfS_ygfT_predicted,0.09090909090909091,10,10,TCCATTTTGGTCATAGTAGT,0,4904356
ygfS_ygfT_predicted,0.09090909090909091,10,10,TCCAGTACAGTTGATTACAA,0,4925621
ygfS_ygfT_predicted,0.09090909090909091,10,10,TCCAACAGTTATCAGTGATT,0,4914775
ygfS_ygfT_predicted,0.09090909090909091,10,10,TCAGATTACATTGGAGGGTA,0,4900472
ygfS_ygfT_predicted,0.09090909090909091,10,10,TCACGTCCTCTTGTGGGATG,0,4901972
ygfS_ygfT_predicted,0.09090909090909091,10,10,TCACGCGCACTTGCATGCTA,0,4920778
ygfS_ygfT_predicted,0.09090909090909091,10,10,TCACAACGCGTGGAATAAGA,0,4922441
ygfS_ygfT_predicted,0.09090909090909091,10,10,TCAACCCGAGTCGGCATTCA,0,4919098
ygfS_ygfT_predicted,0.09090909090909091,10,10,TATTGTTCACTGCTTGGAGG,0,4914497
ygfS_ygfT_predicted,0.09090909090909091,10,10,TATTCCAAGAAGAAGCGGTA,0,4906774
ygfS_ygfT_predicted,0.09090909090909091,10,10,TATTAACCGCCGGGATCAAT,0,4928909
ygfS_ygfT_predicted,0.09090909090909091,10,10,TATGCATGATTCATCATACG,0,4918975
ygfS_ygfT_predicted,0.09090909090909091,10,10,TATCGCATGTATGGCGTAAG,0,4901142
ygfS_ygfT_predicted,0.09090909090909091,10,10,TATATTCCGCGGTTCGCACA,0,4924684
ygfS_ygfT_predicted,0.09090909090909091,10,10,TAGGTCCAGGTCTATGTGGT,0,4924154
ygfS_ygfT_predicted,0.09090909090909091,10,10,TAGGTCAGCCGTTTAAACAT,0,4914665
ygfS_ygfT_predicted,0.09090909090909091,10,10,TAGCGAGGCCTAATTCCCGA,0,4903581
ygfS_ygfT_predicted,0.09090909090909091,10,10,TACGGGAGGCCGCGTTTCCT,0,4927767
ygfS_ygfT_predicted,0.09090909090909091,10,10,TACCTTTGACTATGGATCGT,0,4924133
ygfS_ygfT_predicted,0.09090909090909091,10,10,TACCAGTGGGCCTCTTGGAG,0,4915247
ygfS_ygfT_predicted,0.09090909090909091,10,10,TACAGTGTGAATATGGTTTC,0,4926787
ygfS_ygfT_predicted,0.09090909090909091,10,10,TAATTCTTTTGGCTTCTCGT,0,4924496
ygfS_ygfT_predicted,0.09090909090909091,10,10,GTTTGTTGTCAGTGGTAACG,0,4915283
ygfS_ygfT_predicted,0.09090909090909091,10,10,GTTTCGCCCGGGGAGCGAAT,0,4911102
ygfS_ygfT_predicted,0.09090909090909091,10,10,GTTTATATGTTTACGCTAGA,0,4930557
ygfS_ygfT_predicted,0.09090909090909091,10,10,GTTGTTGACTATGTGTCACA,0,4910040
ygfS_ygfT_predicted,0.09090909090909091,10,10,GTTGGAAGCTTAGTTACATG,0,4919871
ygfS_ygfT_predicted,0.09090909090909091,10,10,GTTGATCCGGGGATTACGTC,0,4908963
ygfS_ygfT_predicted,0.09090909090909091,10,10,GTTCGTCACGCAAGGGTATT,0,4923187
ygfS_ygfT_predicted,0.09090909090909091,10,10,GTGTATTGGCGGTATCGGCC,0,4913361
ygfS_ygfT_predicted,0.09090909090909091,10,10,GTGGTTAAAGGTGATTCTTG,0,4923968
ygfS_ygfT_predicted,0.09090909090909091,10,10,GTGGCTTAAAGCGGGTATAA,0,4909577
ygfS_ygfT_predicted,0.09090909090909091,10,10,GTGATATGTGTACGTATAAG,0,4908412
ygfS_ygfT_predicted,0.09090909090909091,10,10,GTGAGCGTGGCCTATGTTGT,0,4924557
ygfS_ygfT_predicted,0.09090909090909091,10,10,GTCTAATCGGGCGGTCGGCG,0,4914904
ygfS_ygfT_predicted,0.09090909090909091,10,10,GTCGTCCGAGTTCGTGCTCT,0,4911346
ygfS_ygfT_predicted,0.09090909090909091,10,10,GTCCCAGGCGTCGTCATTTA,0,4917242
ygfS_ygfT_predicted,0.09090909090909091,10,10,GTATTGGTGCACGAGACATG,0,4913240
ygfS_ygfT_predicted,0.09090909090909091,10,10,GTATGATACTTACTGGGAAC,0,4929306
ygfS_ygfT_predicted,0.09090909090909091,10,10,GTACCCGGGCAAAGTTGTTG,0,4905738
ygfS_ygfT_predicted,0.09090909090909091,10,10,GGTCTCGTCTAATATGTGTT,0,4917661
ygfS_ygfT_predicted,0.09090909090909091,10,10,GGTATAAATAAGATCGAAAA,0,4930722
ygfS_ygfT_predicted,0.09090909090909091,10,10,GGTAGGTGCGCTCTGATTCA,0,4922741
ygfS_ygfT_predicted,0.09090909090909091,10,10,GGTAGCGGCCACGTAAGTCT,0,4907274
ygfS_ygfT_predicted,0.09090909090909091,10,10,GGGTCAGGAGACTCGATTAT,0,4909847
ygfS_ygfT_predicted,0.09090909090909091,10,10,GGGCGCTCAAAAGGTGGGAG,0,4912693
ygfS_ygfT_predicted,0.09090909090909091,10,10,GGGAGGTTTTTTAGCACCAA,0,4912272
ygfS_ygfT_predicted,0.09090909090909091,10,10,GGCGTTTGACCAAGCACATT,0,4901165
ygfS_ygfT_predicted,0.09090909090909091,10,10,GGCGAGTATACACGTGAAAC,0,4904296
ygfS_ygfT_predicted,0.09090909090909091,10,10,GGCGACCCTGAACAGGTTAA,0,4918254
ygfS_ygfT_predicted,0.09090909090909091,10,10,GGCATTAGTGTATCATCTGT,0,4904998
ygfS_ygfT_predicted,0.09090909090909091,10,10,GGCATCTCGTCGAGCGCAGT,0,4922325
ygfS_ygfT_predicted,0.09090909090909091,10,10,GGATTCAGAATAACGTCGCA,0,4909734
ygfS_ygfT_predicted,0.09090909090909091,10,10,GGAATGGGAGTTGTTTTTAA,0,4901189
ygfS_ygfT_predicted,0.09090909090909091,10,10,GGAAGTTAAAACTCTTCCAC,0,4928829
ygfS_ygfT_predicted,0.09090909090909091,10,10,GGAAGGATGACAAAATTGCG,0,4902243
ygfS_ygfT_predicted,0.09090909090909091,10,10,GGAACTGTCGCGTTGTGCAA,0,4921038
ygfS_ygfT_predicted,0.09090909090909091,10,10,GCTGGGCTTGTCCTTATGAA,0,4914479
ygfS_ygfT_predicted,0.09090909090909091,10,10,GCTCAGTCGGCATGGTTTTC,0,4903651
ygfS_ygfT_predicted,0.09090909090909091,10,10,GCTAGTAAAGGGCCGATTGA,0,4917015
ygfS_ygfT_predicted,0.09090909090909091,10,10,GCGAACCTCAAGTAGTATAA,0,4925760
ygfS_ygfT_predicted,0.09090909090909091,10,10,GCCTTTTAGTGGTGTATAAA,0,4911577
ygfS_ygfT_predicted,0.09090909090909091,10,10,GCCTTTGTTTCCACAGCCGA,0,4920873
ygfS_ygfT_predicted,0.09090909090909091,10,10,GCCTTAAGGTGTTGCACGAA,0,4918558
ygfS_ygfT_predicted,0.09090909090909091,10,10,GCCCCGATGGATATCATACC,0,4915768
ygfS_ygfT_predicted,0.09090909090909091,10,10,GCCATCTGTGATTGGCAAAC,0,4930736
ygfS_ygfT_predicted,0.09090909090909091,10,10,GCATATGTGTTTGGGACATT,0,4919364
ygfS_ygfT_predicted,0.09090909090909091,10,10,GATTGATTGGCGGGGTGGTA,0,4901867
ygfS_ygfT_predicted,0.09090909090909091,10,10,GATGCTCCAGAATCTATTGC,0,4920545
ygfS_ygfT_predicted,0.09090909090909091,10,10,GATATCATCCGATGTGCCCT,0,4901222
ygfS_ygfT_predicted,0.09090909090909091,10,10,GAGGTTGGTGAGTACCAGAC,0,4901015
ygfS_ygfT_predicted,0.09090909090909091,10,10,GAGGTATGTAGATGGTACTG,0,4930323
ygfS_ygfT_predicted,0.09090909090909091,10,10,GAGCGCGCATCTCCTGTAGA,0,4904622
ygfS_ygfT_predicted,0.09090909090909091,10,10,GAGCAAGGTGAGGGTACAGG,0,4904369
ygfS_ygfT_predicted,0.09090909090909091,10,10,GAGATGGATGACAATAGGTG,0,4919069
ygfS_ygfT_predicted,0.09090909090909091,10,10,GAGATCGACCTGACCTCACC,0,4907742
ygfS_ygfT_predicted,0.09090909090909091,10,10,GAGAGGTTCACCGTATAAAC,0,4920700
ygfS_ygfT_predicted,0.09090909090909091,10,10,GAGAGGGCCAGACTGGGCAT,0,4900456
ygfS_ygfT_predicted,0.09090909090909091,10,10,GAGAGGGCACGCAAGCAATT,0,4928342
ygfS_ygfT_predicted,0.09090909090909091,10,10,GACGGTACCAGGAAATGACA,0,4928976
ygfS_ygfT_predicted,0.09090909090909091,10,10,GAAGGAGTGTCTGAATGCGT,0,4922974
ygfS_ygfT_predicted,0.09090909090909091,10,10,CTTTATGGACCTTCCCTCTG,0,4905190
ygfS_ygfT_predicted,0.09090909090909091,10,10,CTTGCGGGTATAACGCTGGC,0,4918926
ygfS_ygfT_predicted,0.09090909090909091,10,10,CTTCGCGACAACTTAGACCT,0,4916146
ygfS_ygfT_predicted,0.09090909090909091,10,10,CTTCCCTTGAATTACGACCA,0,4930623
ygfS_ygfT_predicted,0.09090909090909091,10,10,CTGTACCTTGGATGAACCAG,0,4901977
ygfS_ygfT_predicted,0.09090909090909091,10,10,CTGGATGGGAACACGCTTAC,0,4906063
ygfS_ygfT_predicted,0.09090909090909091,10,10,CTGCGATTCTACAAGGCATA,0,4906279
ygfS_ygfT_predicted,0.09090909090909091,10,10,CTGAGATGCAAAACAGGACT,0,4907766
ygfS_ygfT_predicted,0.09090909090909091,10,10,CTGACGTGACTTGACATTCC,0,4926730
ygfS_ygfT_predicted,0.09090909090909091,10,10,CTGACACGGCGCGCCCCGGG,0,4931155
ygfS_ygfT_predicted,0.09090909090909091,10,10,CTCAACGGGTGTGGATCAAT,0,4925216
ygfS_ygfT_predicted,0.09090909090909091,10,10,CTAATCGCAAATCCCTCCGC,0,4915696
ygfS_ygfT_predicted,0.09090909090909091,10,10,CTAAGAAGGCTCCACCTTGC,0,4918020
ygfS_ygfT_predicted,0.09090909090909091,10,10,CGTTCAATGACTTCAATACT,0,4920285
ygfS_ygfT_predicted,0.09090909090909091,10,10,CGTGCTCACGAGTTTCAGGG,0,4927088
ygfS_ygfT_predicted,0.09090909090909091,10,10,CGTCGAAGGGGTAGGGTTCG,0,4906803
ygfS_ygfT_predicted,0.09090909090909091,10,10,CGTCCACGCAGCGAGATTCA,0,4927663
ygfS_ygfT_predicted,0.09090909090909091,10,10,CGTATTAGATTGTTCTGACG,0,4925602
ygfS_ygfT_predicted,0.09090909090909091,10,10,CGTAGTCGCGTGTACTATTT,0,4906120
ygfS_ygfT_predicted,0.09090909090909091,10,10,CGGGGAGGCTTCAACATACC,0,4902784
ygfS_ygfT_predicted,0.09090909090909091,10,10,CGGGCTTCTATAATATGACT,0,4910856
ygfS_ygfT_predicted,0.09090909090909091,10,10,CGGCGGGGGAATCGATCCGG,0,4923804
ygfS_ygfT_predicted,0.09090909090909091,10,10,CGGACTGCCCCCCACGACCC,0,4914853
ygfS_ygfT_predicted,0.09090909090909091,10,10,CGCTCGGGGCTTTCCATGGG,0,4915400
ygfS_ygfT_predicted,0.09090909090909091,10,10,CGCCCACTGGCGCACATCAG,0,4928998
ygfS_ygfT_predicted,0.09090909090909091,10,10,CGCATTATAATAATGTGCAA,0,4930459
ygfS_ygfT_predicted,0.09090909090909091,10,10,CGCAGGTCAGCGCGAACAGT,0,4904900
ygfS_ygfT_predicted,0.09090909090909091,10,10,CGCAACCGAATGGCTCCAAG,0,4922706
ygfS_ygfT_predicted,0.09090909090909091,10,10,CGAGGGCAACGGTAAGCACC,0,4906129
ygfS_ygfT_predicted,0.09090909090909091,10,10,CGAGACGATAGGGGGTGGCT,0,4900174
ygfS_ygfT_predicted,0.09090909090909091,10,10,CGACTCCGAGCAGCTAATTT,0,4905501
ygfS_ygfT_predicted,0.09090909090909091,10,10,CGAACTGTCCTTTTTTCAAG,0,4929349
ygfS_ygfT_predicted,0.09090909090909091,10,10,CGAACGTCAAGCGCAGCTGA,0,4901261
ygfS_ygfT_predicted,0.09090909090909091,10,10,CCTTCTACTTCGCCTTGATC,0,4924865
ygfS_ygfT_predicted,0.09090909090909091,10,10,CCTCGGCCACTGTATGTTAT,0,4922188
ygfS_ygfT_predicted,0.09090909090909091,10,10,CCTATGGACACCCTCGGTTT,0,4925211
ygfS_ygfT_predicted,0.09090909090909091,10,10,CCTATGCGGCAATTAACAAC,0,4902094
ygfS_ygfT_predicted,0.09090909090909091,10,10,CCTACCAAAGGTTCAGGTGA,0,4912950
ygfS_ygfT_predicted,0.09090909090909091,10,10,CCGTGCGGGCAGTTATCCTG,0,4909927
ygfS_ygfT_predicted,0.09090909090909091,10,10,CCGGCTAAAGCTCTTCCATA,0,4927891
ygfS_ygfT_predicted,0.09090909090909091,10,10,CCGCTAGTAATTCCGAAGGG,0,4910102
ygfS_ygfT_predicted,0.09090909090909091,10,10,CCGCGCGTTAGCCAACCAGT,0,4912385
ygfS_ygfT_predicted,0.09090909090909091,10,10,CCGCCGGATAAAACATTGAG,0,4925048
ygfS_ygfT_predicted,0.09090909090909091,10,10,CCGCCGGACATATCTACGAT,0,4909288
ygfS_ygfT_predicted,0.09090909090909091,10,10,CCGCAGGCCTGTTACGCGGT,0,4925276
ygfS_ygfT_predicted,0.09090909090909091,10,10,CCGAATAATTCTTAGATTTT,0,4911976
ygfS_ygfT_predicted,0.09090909090909091,10,10,CCCGGCTGGGGTTGGGCCAC,0,4911763
ygfS_ygfT_predicted,0.09090909090909091,10,10,CCCCGGGTATACGCGCATTG,0,4927239
ygfS_ygfT_predicted,0.09090909090909091,10,10,CCCATGTTGCATGGGTTAGT,0,4921193
ygfS_ygfT_predicted,0.09090909090909091,10,10,CCCAAGGTTACGTTCTCTCC,0,4930605
ygfS_ygfT_predicted,0.09090909090909091,10,10,CCCAAACGATAAAAGTACCA,0,4906263
ygfS_ygfT_predicted,0.09090909090909091,10,10,CATTTCTGGGAAAGACTTCA,0,4924481
ygfS_ygfT_predicted,0.09090909090909091,10,10,CATTTAAGTAAACCCCCGCA,0,4905232
ygfS_ygfT_predicted,0.09090909090909091,10,10,CATGTATTCTGTTTTAATAC,0,4899797
ygfS_ygfT_predicted,0.09090909090909091,10,10,CATAAGAGAACGCGTGGCGT,0,4909339
ygfS_ygfT_predicted,0.09090909090909091,10,10,CATAACCCATACCCATCGAG,0,4905322
ygfS_ygfT_predicted,0.09090909090909091,10,10,CAGTTTAGCAACTACAGTCA,0,4929980
ygfS_ygfT_predicted,0.09090909090909091,10,10,CAGTGAGACACGCTGCTAAA,0,4918582
ygfS_ygfT_predicted,0.09090909090909091,10,10,CAGTCAGTATCGCAGTTTTG,0,4911640
ygfS_ygfT_predicted,0.09090909090909091,10,10,CAGGTCCGTGGGACCCGGAC,0,4922783
ygfS_ygfT_predicted,0.09090909090909091,10,10,CAGGGACAGTTTAGTTAACA,0,4901924
ygfS_ygfT_predicted,0.09090909090909091,10,10,CAGAAATTGAGGCTAAGTAC,0,4918480
ygfS_ygfT_predicted,0.09090909090909091,10,10,CACGGGGCCCCCGCTGAGTA,0,4910097
ygfS_ygfT_predicted,0.09090909090909091,10,10,CACGGAGCTTCGGTAACGGA,0,4926928
ygfS_ygfT_predicted,0.09090909090909091,10,10,CACGGACCAGTGACAGGAAT,0,4931008
ygfS_ygfT_predicted,0.09090909090909091,10,10,CACGCGATAGTACAATGGCT,0,4915193
ygfS_ygfT_predicted,0.09090909090909091,10,10,CACCGATTAACGCTGCCGGT,0,4929616
ygfS_ygfT_predicted,0.09090909090909091,10,10,CACACGGATATCGAGGACCA,0,4902391
ygfS_ygfT_predicted,0.09090909090909091,10,10,CAAGCCATTCTTTTTTCGAT,0,4925565
ygfS_ygfT_predicted,0.09090909090909091,10,10,CAAGAAACTATGACGGCTTG,0,4930383
ygfS_ygfT_predicted,0.09090909090909091,10,10,CAACTGAGGCAACGAATGAT,0,4910191
ygfS_ygfT_predicted,0.09090909090909091,10,10,ATTTGCCGGATCTCAGGCAA,0,4931042
ygfS_ygfT_predicted,0.09090909090909091,10,10,ATTTGCAGACAGTCTAGATA,0,4901464
ygfS_ygfT_predicted,0.09090909090909091,10,10,ATTTACTTGTTTATATCCTA,0,4903322
ygfS_ygfT_predicted,0.09090909090909091,10,10,ATTGTGCAGGGACTTACTAG,0,4925849
ygfS_ygfT_predicted,0.09090909090909091,10,10,ATTGCCAAGAACATGATGAT,0,4925924
ygfS_ygfT_predicted,0.09090909090909091,10,10,ATTGACCGAGTCCCGACTAA,0,4915102
ygfS_ygfT_predicted,0.09090909090909091,10,10,ATTCATCTTTATACCGGCCG,0,4920906
ygfS_ygfT_predicted,0.09090909090909091,10,10,ATTCAGAAACAGTATGATTT,0,4902635
ygfS_ygfT_predicted,0.09090909090909091,10,10,ATTAGTTCTGCCAAATAGGT,0,4903117
ygfS_ygfT_predicted,0.09090909090909091,10,10,ATGTGAGACATTCATACAAA,0,4926670
ygfS_ygfT_predicted,0.09090909090909091,10,10,ATGTATAGTGTGAGAGCGTC,0,4927725
ygfS_ygfT_predicted,0.09090909090909091,10,10,ATGTAGTCAGGGTATGCTTA,0,4916198
ygfS_ygfT_predicted,0.09090909090909091,10,10,ATGGGCCTTTGTTTGGGGAC,0,4926453
ygfS_ygfT_predicted,0.09090909090909091,10,10,ATGCCATAGAGATCGAAAAT,0,4911222
ygfS_ygfT_predicted,0.09090909090909091,10,10,ATGCCACTTGCAATCTGAAC,0,4900139
ygfS_ygfT_predicted,0.09090909090909091,10,10,ATCTTACTGCTGCGGTCTTC,0,4907154
ygfS_ygfT_predicted,0.09090909090909091,10,10,ATATACGGTTATGACCTTTA,0,4899727
ygfS_ygfT_predicted,0.09090909090909091,10,10,ATAGTATTGAGCGGAGGTAT,0,4910655
ygfS_ygfT_predicted,0.09090909090909091,10,10,ATAGCTGCGAATCAGGGGCA,0,4911524
ygfS_ygfT_predicted,0.09090909090909091,10,10,ATACGTTTGAGTGAGACTTC,0,4911199
ygfS_ygfT_predicted,0.09090909090909091,10,10,ATAACGCCTCCAGACAGGGG,0,4914733
ygfS_ygfT_predicted,0.09090909090909091,10,10,AGTCCAAGGAGCGGGAGCTG,0,4924185
ygfS_ygfT_predicted,0.09090909090909091,10,10,AGTCATATGTCAATTCTCCC,0,4930856
ygfS_ygfT_predicted,0.09090909090909091,10,10,AGGTTAACGTGGTGGCGCGC,0,4922150
ygfS_ygfT_predicted,0.09090909090909091,10,10,AGGTCGAGCCAGATAGGGAA,0,4903069
ygfS_ygfT_predicted,0.09090909090909091,10,10,AGGTATGCCCTTCTGTGCAG,0,4904804
ygfS_ygfT_predicted,0.09090909090909091,10,10,AGGGCGTTCGTTTTCAGGGT,0,4930082
ygfS_ygfT_predicted,0.09090909090909091,10,10,AGGGACCGCTCCCTAAGTGT,0,4918136
ygfS_ygfT_predicted,0.09090909090909091,10,10,AGGCGGCGGCACCCAAGGTA,0,4923595
ygfS_ygfT_predicted,0.09090909090909091,10,10,AGCTAGTCAGAGTTGTAAAT,0,4928672
ygfS_ygfT_predicted,0.09090909090909091,10,10,AGCGCAAAGCGGCACCTTTT,0,4910881
ygfS_ygfT_predicted,0.09090909090909091,10,10,AGCCGAAGGGCCACCGCTAA,0,4915933
ygfS_ygfT_predicted,0.09090909090909091,10,10,AGCCATGGCGTTGTACTGCA,0,4911807
ygfS_ygfT_predicted,0.09090909090909091,10,10,AGCCATCCTGTTTTTATGCC,0,4931028
ygfS_ygfT_predicted,0.09090909090909091,10,10,AGCACGTTTCGGCGGGTACG,0,4919993
ygfS_ygfT_predicted,0.09090909090909091,10,10,AGCACCCGTTATTTCTACTA,0,4925252
ygfS_ygfT_predicted,0.09090909090909091,10,10,AGATCCGGGCGCGATCTCAC,0,4922923
ygfS_ygfT_predicted,0.09090909090909091,10,10,AGATATAAAGCGTGCCTTCA,0,4905853
ygfS_ygfT_predicted,0.09090909090909091,10,10,AGAGCGTCTAGAGGTACTCG,0,4905262
ygfS_ygfT_predicted,0.09090909090909091,10,10,AGAGACTGGCCCAGAGATCG,0,4911258
ygfS_ygfT_predicted,0.09090909090909091,10,10,AGACGAACTTTAATGACAAG,0,4907166
ygfS_ygfT_predicted,0.09090909090909091,10,10,ACTTGTAGTGACGCCCGCCA,0,4909299
ygfS_ygfT_predicted,0.09090909090909091,10,10,ACTTCCGATACACGGAAGGA,0,4928796
ygfS_ygfT_predicted,0.09090909090909091,10,10,ACTTAAATGCGTCAGCCGCT,0,4904629
ygfS_ygfT_predicted,0.09090909090909091,10,10,ACTGGTAAGGACAGTAGGAA,0,4903653
ygfS_ygfT_predicted,0.09090909090909091,10,10,ACTCGTTGGGGGCTTGCTGT,0,4927684
ygfS_ygfT_predicted,0.09090909090909091,10,10,ACTATCAAAACGTTCGGGAC,0,4909143
ygfS_ygfT_predicted,0.09090909090909091,10,10,ACGTACTCGGAATCCTGTTG,0,4927686
ygfS_ygfT_predicted,0.09090909090909091,10,10,ACGGTTGCGGTTGAAGGTGG,0,4916190
ygfS_ygfT_predicted,0.09090909090909091,10,10,ACGGGTCTTAGGACTTAGGA,0,4914672
ygfS_ygfT_predicted,0.09090909090909091,10,10,ACGGAGCGTAAGCATAACTT,0,4924182
ygfS_ygfT_predicted,0.09090909090909091,10,10,ACGACCTACTAGCAATGCGA,0,4930646
ygfS_ygfT_predicted,0.09090909090909091,10,10,ACCTTTACATAAACCTGTAC,0,4911364
ygfS_ygfT_predicted,0.09090909090909091,10,10,ACCAGGGGTTGTTCAACTTA,0,4919472
ygfS_ygfT_predicted,0.09090909090909091,10,10,ACCACGGGACATGAGCCGAT,0,4901710
ygfS_ygfT_predicted,0.09090909090909091,10,10,ACATGGCCCACTCATGAGGT,0,4903040
ygfS_ygfT_predicted,0.09090909090909091,10,10,ACAGCAGCCCCTCTACGCGA,0,4929318
ygfS_ygfT_predicted,0.09090909090909091,10,10,ACACGAGTTTCGAAAGACGT,0,4918786
ygfS_ygfT_predicted,0.09090909090909091,10,10,ACAAAAGCTCGACCCGTTAA,0,4905431
ygfS_ygfT_predicted,0.09090909090909091,10,10,AATTTATGATTCTATTAACA,0,4918406
ygfS_ygfT_predicted,0.09090909090909091,10,10,AATGCTTTCGAAAACGGTCT,0,4919416
ygfS_ygfT_predicted,0.09090909090909091,10,10,AATGCGAAGACTTGGGTTGT,0,4917017
ygfS_ygfT_predicted,0.09090909090909091,10,10,AAGTGGCTACTTTACCGGCG,0,4917141
ygfS_ygfT_predicted,0.09090909090909091,10,10,AAGCTGAGAGAATACTGCAA,0,4925751
ygfS_ygfT_predicted,0.09090909090909091,10,10,AACCTCGTGTAGTTTATTTT,0,4910823
ygfS_ygfT_predicted,0.09090909090909091,10,10,AAAATCAAGCCACACGGGGC,0,4906387
ygfS_ygfT_predicted,0.1,9,9,TTTTTTCGCTCTGAACCTGT,0,4927719
ygfS_ygfT_predicted,0.1,9,9,TTTGTACCTATCAGAGGGAT,0,4905122
ygfS_ygfT_predicted,0.1,9,9,TTTGTACACTCCCGAGTTCC,0,4899801
ygfS_ygfT_predicted,0.1,9,9,TTTGGTGCGATGTAGAAGTA,0,4922356
ygfS_ygfT_predicted,0.1,9,9,TTTGGCCGTGAGTTATGCCA,0,4904608
ygfS_ygfT_predicted,0.1,9,9,TTTCTGCCTAAATTTAGGCC,0,4909636
ygfS_ygfT_predicted,0.1,9,9,TTTCACAACAATTGAACGGT,0,4911141
ygfS_ygfT_predicted,0.1,9,9,TTTAATTCTGTCCATTAGCC,0,4917593
ygfS_ygfT_predicted,0.1,9,9,TTGCGGCAAGCTACACGAAC,0,4931160
ygfS_ygfT_predicted,0.1,9,9,TTGATATGACCGAGTAGCTT,0,4915030
ygfS_ygfT_predicted,0.1,9,9,TTCTGAAATATGTTACTCGA,0,4930512
ygfS_ygfT_predicted,0.1,9,9,TTCGGGGCCAACAGGTATTT,0,4909687
ygfS_ygfT_predicted,0.1,9,9,TTCCCCGATTCGCCACGTCG,0,4915724
ygfS_ygfT_predicted,0.1,9,9,TTCCACGCCCTAGAGTGCCA,0,4924593
ygfS_ygfT_predicted,0.1,9,9,TTCATACCGACATTGAATTC,0,4902665
ygfS_ygfT_predicted,0.1,9,9,TTATGTCATGGAATTCAAGA,0,4919121
ygfS_ygfT_predicted,0.1,9,9,TTAGTCTTCCTATCGTATAT,0,4904033
ygfS_ygfT_predicted,0.1,9,9,TTAGCAGATGAACGGCAGAC,0,4922709
ygfS_ygfT_predicted,0.1,9,9,TGTTGGGGGCAACAAGGGAT,0,4922300
ygfS_ygfT_predicted,0.1,9,9,TGTTCCACACGCAGACGGGA,0,4914456
ygfS_ygfT_predicted,0.1,9,9,TGTTCAGGTCGCTGCGGAAG,0,4926754
ygfS_ygfT_predicted,0.1,9,9,TGTGTGGGTTTGAGAGGTAG,0,4901846
ygfS_ygfT_predicted,0.1,9,9,TGTGTGGGACATAAGGCCCG,0,4917002
ygfS_ygfT_predicted,0.1,9,9,TGTGGCTATACCGGTATTCC,0,4922844
ygfS_ygfT_predicted,0.1,9,9,TGTCCGCCGATCTGATTGGG,0,4928465
ygfS_ygfT_predicted,0.1,9,9,TGTCCCGTTCTTTACCCACT,0,4913278
ygfS_ygfT_predicted,0.1,9,9,TGGGTGCCACCTTTTGCTTG,0,4907894
ygfS_ygfT_predicted,0.1,9,9,TGGGTAGTTTAAAGGCCGAT,0,4912989
ygfS_ygfT_predicted,0.1,9,9,TGGCAATATCTTACGGCTAT,0,4915953
ygfS_ygfT_predicted,0.1,9,9,TGCTTATCTTCTACTATTGC,0,4911728
ygfS_ygfT_predicted,0.1,9,9,TGCGTAAAGGCGCCGATTTG,0,4914949
ygfS_ygfT_predicted,0.1,9,9,TGATAAAAGGTACGTTGATA,0,4923123
ygfS_ygfT_predicted,0.1,9,9,TGACCCGCATCCGAGCAAAT,0,4915493
ygfS_ygfT_predicted,0.1,9,9,TGACATCGATATCAGCATTG,0,4906115
ygfS_ygfT_predicted,0.1,9,9,TCTTTAGGGGAGAAGTTCTA,0,4917367
ygfS_ygfT_predicted,0.1,9,9,TCTTGGCTTCTGACCCATAT,0,4907797
ygfS_ygfT_predicted,0.1,9,9,TCTTCGACTCGGTCCCAAAT,0,4908008
ygfS_ygfT_predicted,0.1,9,9,TCTGGGTGGATAATTAGCAT,0,4922029
ygfS_ygfT_predicted,0.1,9,9,TCTACTCAGGGACAAACCCG,0,4913363
ygfS_ygfT_predicted,0.1,9,9,TCGTCGGTAGAGGTGTACGG,0,4927559
ygfS_ygfT_predicted,0.1,9,9,TCGGACAGCGCGCAGGACAA,0,4905943
ygfS_ygfT_predicted,0.1,9,9,TCGCTACCTTTTACGGGGGA,0,4910293
ygfS_ygfT_predicted,0.1,9,9,TCGCGGGTTACAAAAGGTTA,0,4922133
ygfS_ygfT_predicted,0.1,9,9,TCGCACTCATCTATGAGTTT,0,4920095
ygfS_ygfT_predicted,0.1,9,9,TCCGATTTGTTCCTTGCGCT,0,4912112
ygfS_ygfT_predicted,0.1,9,9,TCCATAATCTAAGCCCAAAA,0,4921322
ygfS_ygfT_predicted,0.1,9,9,TCCAGGATGGTACTGGTCAA,0,4911190
ygfS_ygfT_predicted,0.1,9,9,TCCAGCCATCTTTGAAAACC,0,4905404
ygfS_ygfT_predicted,0.1,9,9,TCCACGTCAGGTGGGAGATT,0,4917591
ygfS_ygfT_predicted,0.1,9,9,TCCAATGGTCACTATCTGTA,0,4924048
ygfS_ygfT_predicted,0.1,9,9,TCATGTCGGTTCGGACCCCA,0,4914799
ygfS_ygfT_predicted,0.1,9,9,TCACACCTACTGAGGGGCGT,0,4917218
ygfS_ygfT_predicted,0.1,9,9,TCACAACTAAGTTAGGAGAG,0,4916582
ygfS_ygfT_predicted,0.1,9,9,TATTTGGGCGCTCTGGTGTT,0,4919131
ygfS_ygfT_predicted,0.1,9,9,TATTGTTTGGAGTCAGACTT,0,4917427
ygfS_ygfT_predicted,0.1,9,9,TATTCGCACGCATACCTGTT,0,4905553
ygfS_ygfT_predicted,0.1,9,9,TATCAGACAAATTCAGTGTC,0,4924098
ygfS_ygfT_predicted,0.1,9,9,TATACAGTTAGAGGTCTGTC,0,4901219
ygfS_ygfT_predicted,0.1,9,9,TAGGAACATTGTGTGACGGT,0,4925364
ygfS_ygfT_predicted,0.1,9,9,TAGCGGTCGTTACACTACGA,0,4908193
ygfS_ygfT_predicted,0.1,9,9,TACTCTCTCCAGAGAGGCCA,0,4907847
ygfS_ygfT_predicted,0.1,9,9,TACGTATTTTCGTCGAGGAT,0,4913307
ygfS_ygfT_predicted,0.1,9,9,TACCGTGTTTAATCTTGGCG,0,4906529
ygfS_ygfT_predicted,0.1,9,9,TACAAATTCCGAAGACCGTT,0,4900861
ygfS_ygfT_predicted,0.1,9,9,TAATTAACAACTTCCACCAC,0,4911071
ygfS_ygfT_predicted,0.1,9,9,TAATGCCCCACCACTTCTTG,0,4927901
ygfS_ygfT_predicted,0.1,9,9,TAAGACAGTACTGTACGGAT,0,4917110
ygfS_ygfT_predicted,0.1,9,9,TAAAGGATTACGTCGCCTAC,0,4904885
ygfS_ygfT_predicted,0.1,9,9,TAAAACGAAAATAGGATCCC,0,4914686
ygfS_ygfT_predicted,0.1,9,9,GTTTGCGGACGGGCCGCGTA,0,4923215
ygfS_ygfT_predicted,0.1,9,9,GTTTCTATTTCCGGAAAGCC,0,4912890
ygfS_ygfT_predicted,0.1,9,9,GTGCCTTCATGTACTACAGT,0,4924596
ygfS_ygfT_predicted,0.1,9,9,GTCGTTACTCTTTGGAATTA,0,4922598
ygfS_ygfT_predicted,0.1,9,9,GTCGGAATGATGACGCGGTT,0,4906568
ygfS_ygfT_predicted,0.1,9,9,GTCCTGTGGAGGACACCCCT,0,4927731
ygfS_ygfT_predicted,0.1,9,9,GTCCGAATTGGAGATAAATT,0,4925726
ygfS_ygfT_predicted,0.1,9,9,GTCACTCAAATTGTTACGGA,0,4909389
ygfS_ygfT_predicted,0.1,9,9,GTATGCGCAATTAGAGTGCA,0,4915123
ygfS_ygfT_predicted,0.1,9,9,GTACTATCCGAGTCTGCTTA,0,4915955
ygfS_ygfT_predicted,0.1,9,9,GTACGGCCGTGGCATCAGGT,0,4900486
ygfS_ygfT_predicted,0.1,9,9,GTAATACGTTTAACCGAAGA,0,4917845
ygfS_ygfT_predicted,0.1,9,9,GGTTCAAATCAGCGCAGGCG,0,4914383
ygfS_ygfT_predicted,0.1,9,9,GGTGGCTAATTATGCCGATC,0,4930491
ygfS_ygfT_predicted,0.1,9,9,GGTACGTGGGACTCACTCGC,0,4924617
ygfS_ygfT_predicted,0.1,9,9,GGGTCGGAGCGTCTTGGGTA,0,4925604
ygfS_ygfT_predicted,0.1,9,9,GGGGTCTTATCTTTTAGTTA,0,4900419
ygfS_ygfT_predicted,0.1,9,9,GGGGTAGTTCTAAGGGAGCT,0,4930724
ygfS_ygfT_predicted,0.1,9,9,GGGGGTGATAATCAATCACT,0,4915618
ygfS_ygfT_predicted,0.1,9,9,GGGCATGACTAATGCAAAAC,0,4925619
ygfS_ygfT_predicted,0.1,9,9,GGGCACGTCGTTGCGTCGGT,0,4931087
ygfS_ygfT_predicted,0.1,9,9,GGCTTGTCTTGGCATGCATT,0,4925140
ygfS_ygfT_predicted,0.1,9,9,GGCCTGCCTTTCAAATTCTG,0,4901691
ygfS_ygfT_predicted,0.1,9,9,GGATCAGTGCGGTCCAAACT,0,4929115
ygfS_ygfT_predicted,0.1,9,9,GGAGTCAATGAAGCGCATTC,0,4913383
ygfS_ygfT_predicted,0.1,9,9,GGACTGCAAAGAAGTGCCGG,0,4927873
ygfS_ygfT_predicted,0.1,9,9,GCTTTTGGTCTAAGGAACGA,0,4911284
ygfS_ygfT_predicted,0.1,9,9,GCTGTGAGAATCTGTATAGC,0,4913594
ygfS_ygfT_predicted,0.1,9,9,GCGTTGTGCTTGTTCGTCGG,0,4922900
ygfS_ygfT_predicted,0.1,9,9,GCGTAGGGGTGGAAATAGGC,0,4928931
ygfS_ygfT_predicted,0.1,9,9,GCGTACCCTGTTTCCGCGCC,0,4916378
ygfS_ygfT_predicted,0.1,9,9,GCGCGAAAATGGGTCTTTAT,0,4924522
ygfS_ygfT_predicted,0.1,9,9,GCGCAGCTAATCTCGCAAAC,0,4919427
ygfS_ygfT_predicted,0.1,9,9,GCCTGTAGTCTTTCACGCTA,0,4924414
ygfS_ygfT_predicted,0.1,9,9,GCCGGGGGATAAACGCTCGT,0,4920632
ygfS_ygfT_predicted,0.1,9,9,GCCAGGAAGTGGGTGTACTG,0,4907261
ygfS_ygfT_predicted,0.1,9,9,GCCACCTCCAAATTCAACAG,0,4925645
ygfS_ygfT_predicted,0.1,9,9,GCACTGCAGTACCCGGGGAA,0,4901819
ygfS_ygfT_predicted,0.1,9,9,GCACCGCCTTGACGCAATAC,0,4920886
ygfS_ygfT_predicted,0.1,9,9,GCACAGAAATTGTGTATAAA,0,4911928
ygfS_ygfT_predicted,0.1,9,9,GCAAGGTTCCCACCACCCTG,0,4904886
ygfS_ygfT_predicted,0.1,9,9,GCAAAACATCTAACTGCGAC,0,4930025
ygfS_ygfT_predicted,0.1,9,9,GATTTATACGGGGGCGACGA,0,4922574
ygfS_ygfT_predicted,0.1,9,9,GATTGTCGGCACCCCGTAAA,0,4917326
ygfS_ygfT_predicted,0.1,9,9,GATGTATAGACTTACAGGTT,0,4928016
ygfS_ygfT_predicted,0.1,9,9,GATCTCTACGTAGGGTGAGA,0,4904337
ygfS_ygfT_predicted,0.1,9,9,GATATCGAACCAGCTGATAC,0,4918035
ygfS_ygfT_predicted,0.1,9,9,GATACTCTCAACTTCAATCC,0,4918041
ygfS_ygfT_predicted,0.1,9,9,GAGGTCCGAATACTGGCCCC,0,4914925
ygfS_ygfT_predicted,0.1,9,9,GACTGGGTTCTAACTGTACA,0,4916318
ygfS_ygfT_predicted,0.1,9,9,GACCGCCATGAAGCTCATCC,0,4919448
ygfS_ygfT_predicted,0.1,9,9,GAATTGGGGGACAAAACACA,0,4902431
ygfS_ygfT_predicted,0.1,9,9,GAATCTCTGATGCGACACTC,0,4926039
ygfS_ygfT_predicted,0.1,9,9,GAAGGTAATATCGGATTTGC,0,4928932
ygfS_ygfT_predicted,0.1,9,9,GAAGGCTACATTTCTGGTTT,0,4901211
ygfS_ygfT_predicted,0.1,9,9,GAACTGGGGTTCTGAACTTA,0,4924351
ygfS_ygfT_predicted,0.1,9,9,GAACAGTAGCGAGTCCTAAA,0,4911029
ygfS_ygfT_predicted,0.1,9,9,GAAATACAGTATGGTCGTAT,0,4918856
ygfS_ygfT_predicted,0.1,9,9,GAAAAGATCGGCCATTCGAC,0,4928992
ygfS_ygfT_predicted,0.1,9,9,CTTTGATTTGCAGAACAGGA,0,4921974
ygfS_ygfT_predicted,0.1,9,9,CTTTATACTGCGCCAGAAGA,0,4911034
ygfS_ygfT_predicted,0.1,9,9,CTTTAAAGTAAGAGGCTAAT,0,4901651
ygfS_ygfT_predicted,0.1,9,9,CTTGAATACGTTTAGATGTT,0,4921553
ygfS_ygfT_predicted,0.1,9,9,CTTGAAAGGCAACAATCGCC,0,4915508
ygfS_ygfT_predicted,0.1,9,9,CTTATCACGGTAAAACGGGG,0,4907097
ygfS_ygfT_predicted,0.1,9,9,CTTACCGGTCACGCCGATGA,0,4915791
ygfS_ygfT_predicted,0.1,9,9,CTTAATAACCTCGGGATCTC,0,4912351
ygfS_ygfT_predicted,0.1,9,9,CTGTTAATTCATTCCATTTA,0,4910530
ygfS_ygfT_predicted,0.1,9,9,CTGGGTTCCTATCCAGAGGA,0,4902141
ygfS_ygfT_predicted,0.1,9,9,CTGCCAGACCAGGACCGACT,0,4903481
ygfS_ygfT_predicted,0.1,9,9,CTGACCATCAACTGTCACAA,0,4930506
ygfS_ygfT_predicted,0.1,9,9,CTCTCAGGTTCAATATGCCT,0,4907455
ygfS_ygfT_predicted,0.1,9,9,CTCCGGGCGATTTAGGCTCT,0,4901973
ygfS_ygfT_predicted,0.1,9,9,CTCCAGGTGAATCTCCTGTG,0,4929851
ygfS_ygfT_predicted,0.1,9,9,CTCACGAATTGTTAGATCTA,0,4927773
ygfS_ygfT_predicted,0.1,9,9,CTACGGACTCGGATAGTGGA,0,4918566
ygfS_ygfT_predicted,0.1,9,9,CTACACCGTAATCCGTCGGC,0,4914332
ygfS_ygfT_predicted,0.1,9,9,CGTTTTCTTCTTCGTCCAAC,0,4922593
ygfS_ygfT_predicted,0.1,9,9,CGTGGCAACGGAAGTCTTTA,0,4918267
ygfS_ygfT_predicted,0.1,9,9,CGGCATCCAGTGTATTGCTA,0,4927437
ygfS_ygfT_predicted,0.1,9,9,CGGCAGGCGCCGGAATATGT,0,4916546
ygfS_ygfT_predicted,0.1,9,9,CGCTGTGTACAATCTCCCGG,0,4922253
ygfS_ygfT_predicted,0.1,9,9,CGCGTGGCAGTCTATGACAG,0,4904494
ygfS_ygfT_predicted,0.1,9,9,CGCGTCAGAACCTGCGCATC,0,4924520
ygfS_ygfT_predicted,0.1,9,9,CGCCTCCCTGTTGGTGGTAC,0,4920999
ygfS_ygfT_predicted,0.1,9,9,CGCATCTACCTCCGTCCGAG,0,4922793
ygfS_ygfT_predicted,0.1,9,9,CGCACAAACCAACCATAGCA,0,4912820
ygfS_ygfT_predicted,0.1,9,9,CGAGGGGGGGACACCAAGGA,0,4925488
ygfS_ygfT_predicted,0.1,9,9,CGACTTATTTGACTGTTCGG,0,4926510
ygfS_ygfT_predicted,0.1,9,9,CGACAAGGTCATTACTTCTT,0,4926697
ygfS_ygfT_predicted,0.1,9,9,CCTTCAGCGCAGTTGATGAT,0,4917323
ygfS_ygfT_predicted,0.1,9,9,CCTCTACGCAAATGAGTTCG,0,4926147
ygfS_ygfT_predicted,0.1,9,9,CCTCGATTCTAGGCGTCCGA,0,4913058
ygfS_ygfT_predicted,0.1,9,9,CCGTAATCATCCCGGAGAGT,0,4911819
ygfS_ygfT_predicted,0.1,9,9,CCGGTGTAAGATAACAACCT,0,4900599
ygfS_ygfT_predicted,0.1,9,9,CCGGGCCGTCATTCGGACTC,0,4902175
ygfS_ygfT_predicted,0.1,9,9,CCCGTTCGGGTAAGTACTCC,0,4911417
ygfS_ygfT_predicted,0.1,9,9,CCCAATTACGGCGAGCTCGG,0,4919695
ygfS_ygfT_predicted,0.1,9,9,CCCAACCAAAGAGATTCACC,0,4916573
ygfS_ygfT_predicted,0.1,9,9,CCAGTCGTGATACTGTCCCA,0,4927561
ygfS_ygfT_predicted,0.1,9,9,CCACCATCCGCCACCACCAA,0,4929032
ygfS_ygfT_predicted,0.1,9,9,CCAAACCCACTCGCTTTTAT,0,4929929
ygfS_ygfT_predicted,0.1,9,9,CATTAGATGTAGATCCTGCA,0,4908365
ygfS_ygfT_predicted,0.1,9,9,CATGGTCAGGCCGTGTAACA,0,4906451
ygfS_ygfT_predicted,0.1,9,9,CATGCAGGCCTAGAATCCCA,0,4899694
ygfS_ygfT_predicted,0.1,9,9,CATGAGTACATAAAGACGTG,0,4902234
ygfS_ygfT_predicted,0.1,9,9,CATCTCGTGACAACCTACAG,0,4912075
ygfS_ygfT_predicted,0.1,9,9,CATCGGTAGGGGGAAGTCCA,0,4900631
ygfS_ygfT_predicted,0.1,9,9,CATAGCCTCGGTGAACCCAC,0,4915221
ygfS_ygfT_predicted,0.1,9,9,CAGTTTGGCAGAACACTATC,0,4904333
ygfS_ygfT_predicted,0.1,9,9,CAGTCGTCAGGAGAGTGGCT,0,4921079
ygfS_ygfT_predicted,0.1,9,9,CAGTAAAAAGTTGTTAAAGC,0,4925186
ygfS_ygfT_predicted,0.1,9,9,CAGCCTTATTCCAGCGTTTA,0,4914759
ygfS_ygfT_predicted,0.1,9,9,CAGATATTCGTACTAGAGTG,0,4917687
ygfS_ygfT_predicted,0.1,9,9,CACTCGCGGTATGGTAGAGT,0,4902832
ygfS_ygfT_predicted,0.1,9,9,CACTCCCGGGCTCCTACGAT,0,4920865
ygfS_ygfT_predicted,0.1,9,9,CACATAGATCTTTTATCTTT,0,4900873
ygfS_ygfT_predicted,0.1,9,9,CACAAAGCGCATTATTCTGT,0,4919704
ygfS_ygfT_predicted,0.1,9,9,CAATTTAGTGGCTGATACTC,0,4919083
ygfS_ygfT_predicted,0.1,9,9,CAATTACAGGGGCTTTTTAG,0,4928152
ygfS_ygfT_predicted,0.1,9,9,CAATGGCGAGTAGGTACCTA,0,4922577
ygfS_ygfT_predicted,0.1,9,9,CAACTGTAGGTATCGACGGC,0,4924887
ygfS_ygfT_predicted,0.1,9,9,CAACCGATATAAACACACGT,0,4914617
ygfS_ygfT_predicted,0.1,9,9,ATTTTCGTGAGGTTGCCGTA,0,4903416
ygfS_ygfT_predicted,0.1,9,9,ATTTGTACAGGCCCATGGGG,0,4928689
ygfS_ygfT_predicted,0.1,9,9,ATTTACCGTCGCGTAACTGA,0,4921118
ygfS_ygfT_predicted,0.1,9,9,ATTTAATGGCCGAGCTCCAT,0,4905766
ygfS_ygfT_predicted,0.1,9,9,ATTCTTGGGTGCGTACTCTA,0,4901125
ygfS_ygfT_predicted,0.1,9,9,ATTCTCAAATGCCGCCATAA,0,4902341
ygfS_ygfT_predicted,0.1,9,9,ATTCGTGGTTGTATCTCTCA,0,4912110
ygfS_ygfT_predicted,0.1,9,9,ATTCGTCAACAAGTTTTCCT,0,4922044
ygfS_ygfT_predicted,0.1,9,9,ATTATCGGTAAACCGGTTAT,0,4929766
ygfS_ygfT_predicted,0.1,9,9,ATGGCGTACTGAAGTCTTCA,0,4905439
ygfS_ygfT_predicted,0.1,9,9,ATGCGTCGCTTGCCTGATCA,0,4929409
ygfS_ygfT_predicted,0.1,9,9,ATGCCGCTTTCTTAGTTATA,0,4902756
ygfS_ygfT_predicted,0.1,9,9,ATGCCCACACCAAAACTCCT,0,4909396
ygfS_ygfT_predicted,0.1,9,9,ATCTTCCTGCCTAACTCACT,0,4921552
ygfS_ygfT_predicted,0.1,9,9,ATCTAGTGTGTCCGTTTAAA,0,4914283
ygfS_ygfT_predicted,0.1,9,9,ATCGGTTCCCGGCGGCATGT,0,4910083
ygfS_ygfT_predicted,0.1,9,9,ATCCCAGCTAACTGCGCTCT,0,4903394
ygfS_ygfT_predicted,0.1,9,9,ATCCATGGTCGGCTTCACAC,0,4923735
ygfS_ygfT_predicted,0.1,9,9,ATCCAGTTTCCATGTAAAGA,0,4918518
ygfS_ygfT_predicted,0.1,9,9,ATCAAGCGCTCTACCGTGTA,0,4920180
ygfS_ygfT_predicted,0.1,9,9,ATACGGGATAGCGGTTGACT,0,4904310
ygfS_ygfT_predicted,0.1,9,9,AGTTTTGCGGCAAGTTCTAT,0,4903173
ygfS_ygfT_predicted,0.1,9,9,AGTGCCCGCTTGCCTCCAAG,0,4925142
ygfS_ygfT_predicted,0.1,9,9,AGTGATAGACCTAAAATTAG,0,4916703
ygfS_ygfT_predicted,0.1,9,9,AGTGAGGTTTCCTTCAACAA,0,4926103
ygfS_ygfT_predicted,0.1,9,9,AGTCGTCTTGTGGGGATTAC,0,4914210
ygfS_ygfT_predicted,0.1,9,9,AGTCCTTAGTGGGGTTAACA,0,4908855
ygfS_ygfT_predicted,0.1,9,9,AGTAAAAGAATATGGATAAC,0,4906469
ygfS_ygfT_predicted,0.1,9,9,AGGTCCATTTACAACGCAGC,0,4923454
ygfS_ygfT_predicted,0.1,9,9,AGGGGCTCTGGTTAGTGACT,0,4921791
ygfS_ygfT_predicted,0.1,9,9,AGGGGAGCTAGTGGTTGCCG,0,4899989
ygfS_ygfT_predicted,0.1,9,9,AGGGCACTCTACAAACCGGC,0,4918532
ygfS_ygfT_predicted,0.1,9,9,AGGATAGACCGGGCGGCATG,0,4927986
ygfS_ygfT_predicted,0.1,9,9,AGGACCAAAGTAGACTATAA,0,4914222
ygfS_ygfT_predicted,0.1,9,9,AGGAAAAGTGTTTTAGAGGA,0,4910490
ygfS_ygfT_predicted,0.1,9,9,AGCTTCAATATTGAACCATG,0,4906414
ygfS_ygfT_predicted,0.1,9,9,AGCCTTCTATGTTGAGTCGT,0,4912551
ygfS_ygfT_predicted,0.1,9,9,AGCCGGTCATCCTATTTGGT,0,4901616
ygfS_ygfT_predicted,0.1,9,9,AGCATTGGACACAGAGCACA,0,4899709
ygfS_ygfT_predicted,0.1,9,9,AGATTTTTTCTCAAAGAGAG,0,4921437
ygfS_ygfT_predicted,0.1,9,9,AGAGGTCCAGCGTTTTTCCT,0,4911538
ygfS_ygfT_predicted,0.1,9,9,AGAACGCGCATGTAACGGTG,0,4903676
ygfS_ygfT_predicted,0.1,9,9,ACTTAGGTCTGAAGTAAGAT,0,4903858
ygfS_ygfT_predicted,0.1,9,9,ACTTACTAGGACGGTCTCGG,0,4914969
ygfS_ygfT_predicted,0.1,9,9,ACGTTCATCATAACTAAAGG,0,4903770
ygfS_ygfT_predicted,0.1,9,9,ACGTAACAGGTGATTAGAAA,0,4927218
ygfS_ygfT_predicted,0.1,9,9,ACGGGATCACCTACCTTGTT,0,4909608
ygfS_ygfT_predicted,0.1,9,9,ACCTCACAAATTGCGGGTTA,0,4926853
ygfS_ygfT_predicted,0.1,9,9,ACCGGTACTCCAGCAAGCCA,0,4916944
ygfS_ygfT_predicted,0.1,9,9,ACCCGGCCGCGACAGTTACT,0,4907353
ygfS_ygfT_predicted,0.1,9,9,ACATCATTTGGTAGCTCCGT,0,4915807
ygfS_ygfT_predicted,0.1,9,9,ACAGCGTCACACGAGTGGCA,0,4908129
ygfS_ygfT_predicted,0.1,9,9,ACAGCATTCATACATGTCAT,0,4913115
ygfS_ygfT_predicted,0.1,9,9,ACACGCTTAATTACAGCTTC,0,4920654
ygfS_ygfT_predicted,0.1,9,9,ACACGACGTGAGTTACGATA,0,4917116
ygfS_ygfT_predicted,0.1,9,9,ACAATATTGGCAACTGCTTT,0,4923583
ygfS_ygfT_predicted,0.1,9,9,ACAAGGGGTTGACATTTAGA,0,4899981
ygfS_ygfT_predicted,0.1,9,9,AATTGAGCGCTGGTTACGGC,0,4900168
ygfS_ygfT_predicted,0.1,9,9,AATTCTGCTCCGTATATTGT,0,4922710
ygfS_ygfT_predicted,0.1,9,9,AATATAGGTTGATAGTCATA,0,4931386
ygfS_ygfT_predicted,0.1,9,9,AAGTGTAGAAAAGGCAGTGT,0,4929391
ygfS_ygfT_predicted,0.1,9,9,AAGTCGCAAGGATTTCGCCC,0,4901406
ygfS_ygfT_predicted,0.1,9,9,AAGGCTCCGTGAGGGAGTAC,0,4911166
ygfS_ygfT_predicted,0.1,9,9,AAGCGAGCGAGTACTAACGT,0,4913244
ygfS_ygfT_predicted,0.1,9,9,AAGAGGGGTTGTTGTATGAC,0,4909350
ygfS_ygfT_predicted,0.1,9,9,AACTATGGCCTTTAGTTTAT,0,4918889
ygfS_ygfT_predicted,0.1,9,9,AACGCGGTACAGCATGCCGG,0,4908224
ygfS_ygfT_predicted,0.1,9,9,AACCAGAAGCCATACAAACG,0,4911060
ygfS_ygfT_predicted,0.1,9,9,AACATGGGCCGCGTACCTGG,0,4924631
ygfS_ygfT_predicted,0.1,9,9,AACAATCTGCGCCACACGAT,0,4911390
ygfS_ygfT_predicted,0.1,9,9,AAATCTCGCAGGACGGACAA,0,4911992
ygfS_ygfT_predicted,0.1,9,9,AAATAGCGTTTTCTGGAACA,0,4927053
ygfS_ygfT_predicted,0.1,9,9,AAATAAGGTTGCATGGTGCC,0,4923032
ygfS_ygfT_predicted,0.1,9,9,AAAGCTTCATTCAGTGCGAC,0,4905346
ygfS_ygfT_predicted,0.1,9,9,AAACACCTTGAGAGCTACGT,0,4914653
ygfS_ygfT_predicted,0.1,9,9,AAAACTTGGGGTTGCCTTTA,0,4912215
ygfS_ygfT_predicted,0.1111111111111111,8,8,TTTTTATGGCCACAGACGGG,0,4910665
ygfS_ygfT_predicted,0.1111111111111111,8,8,TTTTATGGCAAAAAGAGGGT,0,4916593
ygfS_ygfT_predicted,0.1111111111111111,8,8,TTTGTATGCGCGTCGCGATA,0,4904010
ygfS_ygfT_predicted,0.1111111111111111,8,8,TTTGTAGCGAGGAGACGTAA,0,4908348
ygfS_ygfT_predicted,0.1111111111111111,8,8,TTTGGTTGGCGAATACTTAG,0,4926714
ygfS_ygfT_predicted,0.1111111111111111,8,8,TTTCGCCGACTCGTCGTGAA,0,4902785
ygfS_ygfT_predicted,0.1111111111111111,8,8,TTTCCTGTACTCTAGATTGG,0,4928290
ygfS_ygfT_predicted,0.1111111111111111,8,8,TTTAGGAATGGGGCAATAAG,0,4918444
ygfS_ygfT_predicted,0.1111111111111111,8,8,TTGTTCCAATGAAATTAAAT,0,4921365
ygfS_ygfT_predicted,0.1111111111111111,8,8,TTGTCTGTGTCCGGCCTTCA,0,4908085
ygfS_ygfT_predicted,0.1111111111111111,8,8,TTGGCGGCAGGGTGGAAATA,0,4929242
ygfS_ygfT_predicted,0.1111111111111111,8,8,TTGCATGTCTGTTTATGTGA,0,4903134
ygfS_ygfT_predicted,0.1111111111111111,8,8,TTCTTTAGGCGTTTACAAAA,0,4902089
ygfS_ygfT_predicted,0.1111111111111111,8,8,TTCGCCGATAGGTGGTATAG,0,4919466
ygfS_ygfT_predicted,0.1111111111111111,8,8,TTCACCCTGTTAAGGACTCA,0,4902618
ygfS_ygfT_predicted,0.1111111111111111,8,8,TTCAAGATGACAGGGTGAGC,0,4900766
ygfS_ygfT_predicted,0.1111111111111111,8,8,TTACATGGATCCGGGCATAC,0,4930934
ygfS_ygfT_predicted,0.1111111111111111,8,8,TTACAGGGCATAGCGGAACT,0,4925215
ygfS_ygfT_predicted,0.1111111111111111,8,8,TTAAGACAGTTATGGCGCAA,0,4924693
ygfS_ygfT_predicted,0.1111111111111111,8,8,TTAAAGGGTCCCGGGTGACA,0,4929771
ygfS_ygfT_predicted,0.1111111111111111,8,8,TGTTTCTGAGCTCACCATGT,0,4902837
ygfS_ygfT_predicted,0.1111111111111111,8,8,TGTCGTTTAACAATCGAAAG,0,4924816
ygfS_ygfT_predicted,0.1111111111111111,8,8,TGTCGGGGGCAGAAGGTTGT,0,4901399
ygfS_ygfT_predicted,0.1111111111111111,8,8,TGGTTCAATGGCCCCCTCTA,0,4927622
ygfS_ygfT_predicted,0.1111111111111111,8,8,TGGTGGCTCGGGAGCCGGTT,0,4901726
ygfS_ygfT_predicted,0.1111111111111111,8,8,TGGTGCTGCCTATTTGGCTA,0,4903821
ygfS_ygfT_predicted,0.1111111111111111,8,8,TGGTGATCCCGCCTGTGGCA,0,4903678
ygfS_ygfT_predicted,0.1111111111111111,8,8,TGGGTCAAAGTGTACCCCGC,0,4931437
ygfS_ygfT_predicted,0.1111111111111111,8,8,TGGCGTCCACTGCCCTCTCT,0,4915673
ygfS_ygfT_predicted,0.1111111111111111,8,8,TGGCGCTCCGAAGAGGGGGC,0,4905735
ygfS_ygfT_predicted,0.1111111111111111,8,8,TGGATAATATGCACAGATAT,0,4903635
ygfS_ygfT_predicted,0.1111111111111111,8,8,TGGACAGGTGATCACCTATG,0,4916003
ygfS_ygfT_predicted,0.1111111111111111,8,8,TGGAACACACGGGTTAATCG,0,4922153
ygfS_ygfT_predicted,0.1111111111111111,8,8,TGGAAAAGCCGGACGAGGTT,0,4921862
ygfS_ygfT_predicted,0.1111111111111111,8,8,TGCGTCTGAGTATGAGACGG,0,4905935
ygfS_ygfT_predicted,0.1111111111111111,8,8,TGCCCTACACGCGTTTATAG,0,4919462
ygfS_ygfT_predicted,0.1111111111111111,8,8,TGATAACTGGGGAGACGAAT,0,4903580
ygfS_ygfT_predicted,0.1111111111111111,8,8,TGACCGGCGACAGAGTCGAT,0,4901370
ygfS_ygfT_predicted,0.1111111111111111,8,8,TGACAACGGGCACGCCTAAT,0,4912145
ygfS_ygfT_predicted,0.1111111111111111,8,8,TCTTGCCCGGTGGAACAGAG,0,4922298
ygfS_ygfT_predicted,0.1111111111111111,8,8,TCTTCAGGCTGCGCCTAGGA,0,4904389
ygfS_ygfT_predicted,0.1111111111111111,8,8,TCTATTATAGGCCGTACGCT,0,4911260
ygfS_ygfT_predicted,0.1111111111111111,8,8,TCTAACCTATCGGGGGCATA,0,4921544
ygfS_ygfT_predicted,0.1111111111111111,8,8,TCGTCGAATCGCAAAATACT,0,4920000
ygfS_ygfT_predicted,0.1111111111111111,8,8,TCGTCACAGATTAAGCAGAC,0,4905025
ygfS_ygfT_predicted,0.1111111111111111,8,8,TCGGGACCTAATGAGGGTAT,0,4923603
ygfS_ygfT_predicted,0.1111111111111111,8,8,TCGGCGTGGTCGTTTCAAGG,0,4900797
ygfS_ygfT_predicted,0.1111111111111111,8,8,TCGCAAGAACTCTCCGTGCC,0,4913324
ygfS_ygfT_predicted,0.1111111111111111,8,8,TCGACCGCTAAGGAGGGATC,0,4929625
ygfS_ygfT_predicted,0.1111111111111111,8,8,TCCGCCTTCATTGCCTGAAG,0,4930846
ygfS_ygfT_predicted,0.1111111111111111,8,8,TCCGCCTCGCAGTGTGGGCA,0,4900421
ygfS_ygfT_predicted,0.1111111111111111,8,8,TCCGATCTATAAGTTCCGTG,0,4920920
ygfS_ygfT_predicted,0.1111111111111111,8,8,TCCCTGCGGGGCGTGGTCGA,0,4926864
ygfS_ygfT_predicted,0.1111111111111111,8,8,TCCCTCTTCTCTCATTGACA,0,4913437
ygfS_ygfT_predicted,0.1111111111111111,8,8,TCCCAAACCCTTAGTTCTAT,0,4919103
ygfS_ygfT_predicted,0.1111111111111111,8,8,TCAGTCTTTCTTGACTTCTT,0,4914081
ygfS_ygfT_predicted,0.1111111111111111,8,8,TCAGCGTGTAGCTGTGACCA,0,4907575
ygfS_ygfT_predicted,0.1111111111111111,8,8,TCAGCAACTTATAAAGTCGC,0,4928285
ygfS_ygfT_predicted,0.1111111111111111,8,8,TCACTAAGCTTATTAAGTAG,0,4923068
ygfS_ygfT_predicted,0.1111111111111111,8,8,TCACGGTACAGGGGTGTGGC,0,4911754
ygfS_ygfT_predicted,0.1111111111111111,8,8,TCACAGATGTATCCAGTCCG,0,4914403
ygfS_ygfT_predicted,0.1111111111111111,8,8,TCAAGTTTTAGAGTTATGCT,0,4903297
ygfS_ygfT_predicted,0.1111111111111111,8,8,TATTAAAATTCTTAAGATCG,0,4901228
ygfS_ygfT_predicted,0.1111111111111111,8,8,TATGCAGTTGCGTAGATTAG,0,4911445
ygfS_ygfT_predicted,0.1111111111111111,8,8,TATCTCCATGCAAGTGAATA,0,4914174
ygfS_ygfT_predicted,0.1111111111111111,8,8,TATATTGAATACGGACCCAT,0,4910883
ygfS_ygfT_predicted,0.1111111111111111,8,8,TATATGGAATTCAGGGATGT,0,4929342
ygfS_ygfT_predicted,0.1111111111111111,8,8,TAGGTTTCAATGGGAAATTC,0,4928446
ygfS_ygfT_predicted,0.1111111111111111,8,8,TAGGATGGCATTGGATCGCC,0,4919449
ygfS_ygfT_predicted,0.1111111111111111,8,8,TAGCTATTTCTACTTGGAGA,0,4899924
ygfS_ygfT_predicted,0.1111111111111111,8,8,TAGCGAACGTTGCGGTTACG,0,4901494
ygfS_ygfT_predicted,0.1111111111111111,8,8,TAGCCAGTGCCGGGGGATGC,0,4903658
ygfS_ygfT_predicted,0.1111111111111111,8,8,TAGCAGTGTCCCCCGTTGGT,0,4914934
ygfS_ygfT_predicted,0.1111111111111111,8,8,TAGAGGTGTACACTACGAGA,0,4930581
ygfS_ygfT_predicted,0.1111111111111111,8,8,TAGACCTGCGCAGACTCTAC,0,4923341
ygfS_ygfT_predicted,0.1111111111111111,8,8,TACGTCGATAGTACTCACGG,0,4908130
ygfS_ygfT_predicted,0.1111111111111111,8,8,TACGGTGGCACGACCCCCAG,0,4911418
ygfS_ygfT_predicted,0.1111111111111111,8,8,TACGGTCATACATAGTGGCG,0,4930116
ygfS_ygfT_predicted,0.1111111111111111,8,8,TACGAGATTCGACTCTGGGA,0,4915925
ygfS_ygfT_predicted,0.1111111111111111,8,8,TACCGGACCCCAGACTAGCG,0,4913032
ygfS_ygfT_predicted,0.1111111111111111,8,8,TACCAGTCTGGACCAAGTTC,0,4905759
ygfS_ygfT_predicted,0.1111111111111111,8,8,TAATACTCAATGGGTATTCA,0,4899695
ygfS_ygfT_predicted,0.1111111111111111,8,8,TAAGTCCGAAGTTGGGCCAT,0,4906441
ygfS_ygfT_predicted,0.1111111111111111,8,8,TAAGCTCCCATAACGGGGAC,0,4923174
ygfS_ygfT_predicted,0.1111111111111111,8,8,TAAACGTCTAGGAAAGCTAA,0,4907914
ygfS_ygfT_predicted,0.1111111111111111,8,8,TAAACACTCGGCACGCAGGC,0,4911605
ygfS_ygfT_predicted,0.1111111111111111,8,8,GTTGTTTTCGTAGACTCATT,0,4906390
ygfS_ygfT_predicted,0.1111111111111111,8,8,GTTGTGCTGTGATTACTCTC,0,4927107
ygfS_ygfT_predicted,0.1111111111111111,8,8,GTTGTAGCTAAATGCAGATG,0,4922280
ygfS_ygfT_predicted,0.1111111111111111,8,8,GTTGAACCTTATCTTGCTAG,0,4911287
ygfS_ygfT_predicted,0.1111111111111111,8,8,GTTCAGAGTGGTCTTAGGTT,0,4901681
ygfS_ygfT_predicted,0.1111111111111111,8,8,GTGTGCCCCTGCCGTTGTCC,0,4929928
ygfS_ygfT_predicted,0.1111111111111111,8,8,GTGGCTATCAAATGTCCGGT,0,4931382
ygfS_ygfT_predicted,0.1111111111111111,8,8,GTGCTTTCTTTGTGCGCGGA,0,4922222
ygfS_ygfT_predicted,0.1111111111111111,8,8,GTGCTAGACTCAGGTCAGTC,0,4921192
ygfS_ygfT_predicted,0.1111111111111111,8,8,GTGCTACGATGTTATGCTCA,0,4900774
ygfS_ygfT_predicted,0.1111111111111111,8,8,GTGCCGCCTCAGGGCCTCGG,0,4918426
ygfS_ygfT_predicted,0.1111111111111111,8,8,GTGAAGTGATTTCCTTTAAA,0,4901688
ygfS_ygfT_predicted,0.1111111111111111,8,8,GTCGTAGTCCTGGAGTGTGC,0,4905085
ygfS_ygfT_predicted,0.1111111111111111,8,8,GTCACTTGACCAGGGTTTCT,0,4927339
ygfS_ygfT_predicted,0.1111111111111111,8,8,GTCACCCCAGGAGTCCTGGA,0,4926245
ygfS_ygfT_predicted,0.1111111111111111,8,8,GTATATTAATACATGGAGGT,0,4913955
ygfS_ygfT_predicted,0.1111111111111111,8,8,GTATATATAGACGAGATCCT,0,4912850
ygfS_ygfT_predicted,0.1111111111111111,8,8,GTAGACGAAGAATGTTACTA,0,4917265
ygfS_ygfT_predicted,0.1111111111111111,8,8,GTACTACCGAGCATGCAGGA,0,4931242
ygfS_ygfT_predicted,0.1111111111111111,8,8,GTACGGGCCCGTAGGAAGAT,0,4926963
ygfS_ygfT_predicted,0.1111111111111111,8,8,GTAAGGCTGCAGACGGTCTC,0,4928835
ygfS_ygfT_predicted,0.1111111111111111,8,8,GGTTCCAGCGTTTCGGCAGC,0,4908375
ygfS_ygfT_predicted,0.1111111111111111,8,8,GGTGTGCGTTTCGACACCTT,0,4923291
ygfS_ygfT_predicted,0.1111111111111111,8,8,GGTCACAGGGTGATCTAAAC,0,4902596
ygfS_ygfT_predicted,0.1111111111111111,8,8,GGTATTTAGTGTATTGAGTT,0,4907929
ygfS_ygfT_predicted,0.1111111111111111,8,8,GGGTCTTTGCCCTTGGTTTT,0,4910221
ygfS_ygfT_predicted,0.1111111111111111,8,8,GGGCGTGGCCTCAGAAGGAT,0,4920520
ygfS_ygfT_predicted,0.1111111111111111,8,8,GGGAAAATTTCGCGGACCGT,0,4924503
ygfS_ygfT_predicted,0.1111111111111111,8,8,GGCTATTGCTCATTACATAT,0,4919008
ygfS_ygfT_predicted,0.1111111111111111,8,8,GGCGGAGGTCAGGCAGCTAT,0,4910367
ygfS_ygfT_predicted,0.1111111111111111,8,8,GGCGACGTGTAGGTGCGATC,0,4910444
ygfS_ygfT_predicted,0.1111111111111111,8,8,GGCCGCAAACAAATTACCGC,0,4904633
ygfS_ygfT_predicted,0.1111111111111111,8,8,GGCACTTGTCGAATTGTCCC,0,4921882
ygfS_ygfT_predicted,0.1111111111111111,8,8,GGATTCCGGAATATGACGTC,0,4926076
ygfS_ygfT_predicted,0.1111111111111111,8,8,GGATGGCCATATCGCCCCGA,0,4905803
ygfS_ygfT_predicted,0.1111111111111111,8,8,GGAAGGCCAGCCCCGGCGCA,0,4919316
ygfS_ygfT_predicted,0.1111111111111111,8,8,GCTTAGTTTCCGGTCGGCCC,0,4904799
ygfS_ygfT_predicted,0.1111111111111111,8,8,GCTGTAATAGTTGAATACTG,0,4928670
ygfS_ygfT_predicted,0.1111111111111111,8,8,GCTGATGGTTGTTTTTAAAC,0,4915416
ygfS_ygfT_predicted,0.1111111111111111,8,8,GCTGATATTAACCTACGATG,0,4927083
ygfS_ygfT_predicted,0.1111111111111111,8,8,GCTCTAGCACCGGCACTGAT,0,4912096
ygfS_ygfT_predicted,0.1111111111111111,8,8,GCTCGGAGGGGCCACGAAAT,0,4918726
ygfS_ygfT_predicted,0.1111111111111111,8,8,GCTCCGCGTACCGCGCCTTG,0,4927235
ygfS_ygfT_predicted,0.1111111111111111,8,8,GCTCAGAGTAGGTTTTTACA,0,4929091
ygfS_ygfT_predicted,0.1111111111111111,8,8,GCTATACAATAGGTAAGAGC,0,4914529
ygfS_ygfT_predicted,0.1111111111111111,8,8,GCGTCAATGGTCTGCAGCGC,0,4900356
ygfS_ygfT_predicted,0.1111111111111111,8,8,GCGTATGCAAATGGGCCACG,0,4916544
ygfS_ygfT_predicted,0.1111111111111111,8,8,GCGGCGTAAGCGCTCTCGGG,0,4919296
ygfS_ygfT_predicted,0.1111111111111111,8,8,GCGCTACCGTTGAAACGAGT,0,4927047
ygfS_ygfT_predicted,0.1111111111111111,8,8,GCGCATCAGGGATCTAGTTA,0,4909694
ygfS_ygfT_predicted,0.1111111111111111,8,8,GCGACTACAACAGCCCTCGC,0,4900101
ygfS_ygfT_predicted,0.1111111111111111,8,8,GCGACGCCCCAGGCCGAAGG,0,4919378
ygfS_ygfT_predicted,0.1111111111111111,8,8,GCCTTCCAAGTCGCGAAGAA,0,4908355
ygfS_ygfT_predicted,0.1111111111111111,8,8,GCCCGGTAAGCGGGACACTG,0,4908376
ygfS_ygfT_predicted,0.1111111111111111,8,8,GCCCCCTGCGGTGGCTGAGT,0,4916499
ygfS_ygfT_predicted,0.1111111111111111,8,8,GCCATGTCCCTGTGAGATGC,0,4908056
ygfS_ygfT_predicted,0.1111111111111111,8,8,GCCATGAAACACCGACCCAC,0,4926372
ygfS_ygfT_predicted,0.1111111111111111,8,8,GCCAGAAGTCTGGGCCGTTA,0,4904070
ygfS_ygfT_predicted,0.1111111111111111,8,8,GCCACACAAGTATCGAGGGT,0,4917964
ygfS_ygfT_predicted,0.1111111111111111,8,8,GCCAAGGTCTCGGGCACCCT,0,4906607
ygfS_ygfT_predicted,0.1111111111111111,8,8,GCATTAGGGTACAAATCCAA,0,4918629
ygfS_ygfT_predicted,0.1111111111111111,8,8,GCATGGACAGCTGGTGGCAT,0,4904945
ygfS_ygfT_predicted,0.1111111111111111,8,8,GCATCAAAGAAGTGAGACCG,0,4899813
ygfS_ygfT_predicted,0.1111111111111111,8,8,GCATACGCCGAAGTCAACTT,0,4924419
ygfS_ygfT_predicted,0.1111111111111111,8,8,GCACCAGTTATAGATTAGGG,0,4929005
ygfS_ygfT_predicted,0.1111111111111111,8,8,GCACATAAGTCTCTGCAGTG,0,4900767
ygfS_ygfT_predicted,0.1111111111111111,8,8,GATTCTGAGAGGACCTGGCT,0,4917531
ygfS_ygfT_predicted,0.1111111111111111,8,8,GATTCGAGCTACGGGTTCTC,0,4929077
ygfS_ygfT_predicted,0.1111111111111111,8,8,GATGGAACCCTGCTTATGGA,0,4923958
ygfS_ygfT_predicted,0.1111111111111111,8,8,GATGACCAAAGGCGCGGGGA,0,4924558
ygfS_ygfT_predicted,0.1111111111111111,8,8,GATCACACTCAATCGACGCA,0,4922770
ygfS_ygfT_predicted,0.1111111111111111,8,8,GATAATATGGACGCAATTTG,0,4909788
ygfS_ygfT_predicted,0.1111111111111111,8,8,GAGTATGTCCTCTTTATCGT,0,4904430
ygfS_ygfT_predicted,0.1111111111111111,8,8,GAGGATATTCACCGGGTGTA,0,4920943
ygfS_ygfT_predicted,0.1111111111111111,8,8,GAGCAAGCACATACTCAGAC,0,4912753
ygfS_ygfT_predicted,0.1111111111111111,8,8,GAGAGGTGAGGCGCGTAAGA,0,4925427
ygfS_ygfT_predicted,0.1111111111111111,8,8,GACTGGAACCTGCGGCTCTC,0,4919191
ygfS_ygfT_predicted,0.1111111111111111,8,8,GACTCCGCCTTGCAAGAGCA,0,4901589
ygfS_ygfT_predicted,0.1111111111111111,8,8,GACGTTCGTAGACCCGGGTA,0,4922766
ygfS_ygfT_predicted,0.1111111111111111,8,8,GACGCGTGTGCTGGATCCGG,0,4921929
ygfS_ygfT_predicted,0.1111111111111111,8,8,GACAGCATGAGAGTCCGCAG,0,4922734
ygfS_ygfT_predicted,0.1111111111111111,8,8,GACAGAGATCGACCGTATAT,0,4930957
ygfS_ygfT_predicted,0.1111111111111111,8,8,GAAGAAGTTAGGCATGGCTC,0,4922715
ygfS_ygfT_predicted,0.1111111111111111,8,8,GAACCTGACTTTTCGATTCG,0,4930030
ygfS_ygfT_predicted,0.1111111111111111,8,8,GAACATATCTTGCTCTGGGT,0,4909298
ygfS_ygfT_predicted,0.1111111111111111,8,8,GAAACACCGTCGCCTGCCCA,0,4903884
ygfS_ygfT_predicted,0.1111111111111111,8,8,GAAAAACTTCATATCCCATG,0,4902344
ygfS_ygfT_predicted,0.1111111111111111,8,8,CTTTTGGGCCAACGGGCTTC,0,4923578
ygfS_ygfT_predicted,0.1111111111111111,8,8,CTTTTAAGAGACCGTACAGC,0,4903591
ygfS_ygfT_predicted,0.1111111111111111,8,8,CTTTCCTATGACCTTCATGT,0,4925434
ygfS_ygfT_predicted,0.1111111111111111,8,8,CTTGTCGGTGGGGTTGGATG,0,4901411
ygfS_ygfT_predicted,0.1111111111111111,8,8,CTTGTAGTGCAACTGGGCAA,0,4925607
ygfS_ygfT_predicted,0.1111111111111111,8,8,CTTCTCGCAAGGACGCCTGT,0,4918895
ygfS_ygfT_predicted,0.1111111111111111,8,8,CTTCTAAGGCGTGATCCAGT,0,4902847
ygfS_ygfT_predicted,0.1111111111111111,8,8,CTGTTGCTAATTGTTCTCGA,0,4904631
ygfS_ygfT_predicted,0.1111111111111111,8,8,CTGTGCACTCATATGATTGG,0,4915453
ygfS_ygfT_predicted,0.1111111111111111,8,8,CTGTCTTCCACATCAATCGA,0,4910425
ygfS_ygfT_predicted,0.1111111111111111,8,8,CTGTATGCGAATAGGGAACA,0,4908058
ygfS_ygfT_predicted,0.1111111111111111,8,8,CTGGTGTCATCCGATCCATT,0,4921051
ygfS_ygfT_predicted,0.1111111111111111,8,8,CTGCCGTATAACGCTCTCTA,0,4919002
ygfS_ygfT_predicted,0.1111111111111111,8,8,CTGACTGCATTAAAACCTGC,0,4917308
ygfS_ygfT_predicted,0.1111111111111111,8,8,CTGAAGGAAATCACAGGAAT,0,4908985
ygfS_ygfT_predicted,0.1111111111111111,8,8,CTCTTTTGATAGGACTGTGT,0,4920038
ygfS_ygfT_predicted,0.1111111111111111,8,8,CTCTTATTTCAGTGCCAGAA,0,4929554
ygfS_ygfT_predicted,0.1111111111111111,8,8,CTCCGTGGCCTCTTGAAAGT,0,4910865
ygfS_ygfT_predicted,0.1111111111111111,8,8,CTCCATGTCGTACCTCACAT,0,4919186
ygfS_ygfT_predicted,0.1111111111111111,8,8,CTCATGCTTTTTTGATTGCT,0,4912405
ygfS_ygfT_predicted,0.1111111111111111,8,8,CTCACTCGAAGAGGAATCGT,0,4900404
ygfS_ygfT_predicted,0.1111111111111111,8,8,CTCAAGTACTGTGTCAGAAC,0,4916847
ygfS_ygfT_predicted,0.1111111111111111,8,8,CTCAAGGACTGGGGAGCACC,0,4917293
ygfS_ygfT_predicted,0.1111111111111111,8,8,CTATGTTAGGGGCGTTTTTC,0,4917032
ygfS_ygfT_predicted,0.1111111111111111,8,8,CTATATCAACCTTCATCATG,0,4905511
ygfS_ygfT_predicted,0.1111111111111111,8,8,CTACGCAAAGAGCCGTGGCT,0,4922276
ygfS_ygfT_predicted,0.1111111111111111,8,8,CTACCCAACTAATACCGGCT,0,4914325
ygfS_ygfT_predicted,0.1111111111111111,8,8,CTACCACAAATCAGTCGTAT,0,4916514
ygfS_ygfT_predicted,0.1111111111111111,8,8,CTAATGACCTCATCCCTGCT,0,4926334
ygfS_ygfT_predicted,0.1111111111111111,8,8,CGTTTAGGTTATTGGGTAAG,0,4913929
ygfS_ygfT_predicted,0.1111111111111111,8,8,CGTTCCGTGTCTAGCACTGT,0,4922507
ygfS_ygfT_predicted,0.1111111111111111,8,8,CGTTAGGATTGCTGGAGGGT,0,4918221
ygfS_ygfT_predicted,0.1111111111111111,8,8,CGTGCAGTCTTTTTACTGCA,0,4907664
ygfS_ygfT_predicted,0.1111111111111111,8,8,CGTCAGTACTATCGCTGGCT,0,4920604
ygfS_ygfT_predicted,0.1111111111111111,8,8,CGTAATACATCGTAAAGATG,0,4915683
ygfS_ygfT_predicted,0.1111111111111111,8,8,CGGTTCGGACCGGACAAGCC,0,4908513
ygfS_ygfT_predicted,0.1111111111111111,8,8,CGGTGGAGGTTGCGATCTAA,0,4927683
ygfS_ygfT_predicted,0.1111111111111111,8,8,CGGTAGATTTTCTCCTAGTG,0,4928436
ygfS_ygfT_predicted,0.1111111111111111,8,8,CGGGGTTACGGGGATATCAT,0,4921670
ygfS_ygfT_predicted,0.1111111111111111,8,8,CGGGCAAATCATCGTCCTCC,0,4902263
ygfS_ygfT_predicted,0.1111111111111111,8,8,CGGCGTCGTTGTGCCGGCCT,0,4907104
ygfS_ygfT_predicted,0.1111111111111111,8,8,CGCCCCACTATTTCATTGAC,0,4921614
ygfS_ygfT_predicted,0.1111111111111111,8,8,CGCCCAGTGGAATCATATGC,0,4916768
ygfS_ygfT_predicted,0.1111111111111111,8,8,CGCCACGTCTCGCTTGATTT,0,4920588
ygfS_ygfT_predicted,0.1111111111111111,8,8,CGAAGGGCTCGGTAGGGAAG,0,4906858
ygfS_ygfT_predicted,0.1111111111111111,8,8,CGAACAGCACGCCTCATACT,0,4900851
ygfS_ygfT_predicted,0.1111111111111111,8,8,CCTTCGCAAATAACACTTAC,0,4910949
ygfS_ygfT_predicted,0.1111111111111111,8,8,CCTTAATAGGCGGGCGGCTT,0,4904876
ygfS_ygfT_predicted,0.1111111111111111,8,8,CCTGTGTGAGCAAGTTAAGT,0,4920360
ygfS_ygfT_predicted,0.1111111111111111,8,8,CCTCTCACATTATGTGGAAC,0,4924235
ygfS_ygfT_predicted,0.1111111111111111,8,8,CCTCCGCGTAGCTGGATAGG,0,4900856
ygfS_ygfT_predicted,0.1111111111111111,8,8,CCTAGTACACACATTGGCGG,0,4922901
ygfS_ygfT_predicted,0.1111111111111111,8,8,CCTAATTAACAGTCACTAAA,0,4902113
ygfS_ygfT_predicted,0.1111111111111111,8,8,CCGGGCTATGCACTACATGT,0,4909820
ygfS_ygfT_predicted,0.1111111111111111,8,8,CCGCTCGTGGCCTGGACGGT,0,4909364
ygfS_ygfT_predicted,0.1111111111111111,8,8,CCGCCCGCTAGACGTCCCAT,0,4908034
ygfS_ygfT_predicted,0.1111111111111111,8,8,CCGCCAGGCGGTGATGAGAT,0,4923066
ygfS_ygfT_predicted,0.1111111111111111,8,8,CCGAAGAAGCGCGCCGCGAG,0,4915149
ygfS_ygfT_predicted,0.1111111111111111,8,8,CCCTGATTGAGGCCGCATGC,0,4922079
ygfS_ygfT_predicted,0.1111111111111111,8,8,CCCTCCGTTATGTCTGTGTA,0,4922638
ygfS_ygfT_predicted,0.1111111111111111,8,8,CCCCACGGCAACATTGATAT,0,4916387
ygfS_ygfT_predicted,0.1111111111111111,8,8,CCCAACCAACGTAGAGCCTT,0,4910286
ygfS_ygfT_predicted,0.1111111111111111,8,8,CCAGTAGGGATAGATGTTAC,0,4911993
ygfS_ygfT_predicted,0.1111111111111111,8,8,CCAGGCGGATGCAAGATGAT,0,4916589
ygfS_ygfT_predicted,0.1111111111111111,8,8,CCAGCAACTCGTTCTTTGGA,0,4901454
ygfS_ygfT_predicted,0.1111111111111111,8,8,CCAAGTTGACCGCAGCCTTA,0,4927667
ygfS_ygfT_predicted,0.1111111111111111,8,8,CCAAGATGGCAGATACGGGG,0,4931157
ygfS_ygfT_predicted,0.1111111111111111,8,8,CATTGAAACATATCCTGATC,0,4901891
ygfS_ygfT_predicted,0.1111111111111111,8,8,CATGTTTGGATTTGGTTTCC,0,4900029
ygfS_ygfT_predicted,0.1111111111111111,8,8,CATGGGTGCCCAGCATCAGG,0,4908962
ygfS_ygfT_predicted,0.1111111111111111,8,8,CATAGTGTCAGGGGACCCGA,0,4930730
ygfS_ygfT_predicted,0.1111111111111111,8,8,CATAAGTTTCCTGATACGTT,0,4911969
ygfS_ygfT_predicted,0.1111111111111111,8,8,CAGTTATATGAACTCTACCA,0,4922701
ygfS_ygfT_predicted,0.1111111111111111,8,8,CAGTGGATCGTTTGCCGTAG,0,4914392
ygfS_ygfT_predicted,0.1111111111111111,8,8,CAGTATTCTATCCTTATTCC,0,4922191
ygfS_ygfT_predicted,0.1111111111111111,8,8,CAGTACGGCTGGGGACTGGT,0,4930867
ygfS_ygfT_predicted,0.1111111111111111,8,8,CACTGTAGACCTTGACGGTG,0,4913458
ygfS_ygfT_predicted,0.1111111111111111,8,8,CACTAACTTAAACCTGTCCA,0,4922343
ygfS_ygfT_predicted,0.1111111111111111,8,8,CACATAATCACTCGTAGCCC,0,4908154
ygfS_ygfT_predicted,0.1111111111111111,8,8,CAATATTCTGGAGAACAGGA,0,4909797
ygfS_ygfT_predicted,0.1111111111111111,8,8,CAATACTATCAAACGGACCG,0,4900258
ygfS_ygfT_predicted,0.1111111111111111,8,8,CAAGTTTGGGGTGAGCAACG,0,4908856
ygfS_ygfT_predicted,0.1111111111111111,8,8,CAAGGGGAAGACGGAGCCTC,0,4916590
ygfS_ygfT_predicted,0.1111111111111111,8,8,CAACGTGTAAATGGGACGAT,0,4930322
ygfS_ygfT_predicted,0.1111111111111111,8,8,CAAAACGCGGGTTGACGTCG,0,4916844
ygfS_ygfT_predicted,0.1111111111111111,8,8,ATTTTTGAAAGGTCATAATC,0,4900355
ygfS_ygfT_predicted,0.1111111111111111,8,8,ATTTCATTACATAGCAGGTC,0,4916470
ygfS_ygfT_predicted,0.1111111111111111,8,8,ATTCGAAAAATACAACGCAA,0,4907611
ygfS_ygfT_predicted,0.1111111111111111,8,8,ATGGTTTAAACCACAATCCC,0,4928140
ygfS_ygfT_predicted,0.1111111111111111,8,8,ATGGTTGTATAGATCTGCAG,0,4906259
ygfS_ygfT_predicted,0.1111111111111111,8,8,ATGGGTCCCCCGAGTGCGTT,0,4911063
ygfS_ygfT_predicted,0.1111111111111111,8,8,ATGGAATGTTGTGATCTGGT,0,4919192
ygfS_ygfT_predicted,0.1111111111111111,8,8,ATGCATACGCTTGCAGATCT,0,4921090
ygfS_ygfT_predicted,0.1111111111111111,8,8,ATGATGAACGTACTTAAGAA,0,4924867
ygfS_ygfT_predicted,0.1111111111111111,8,8,ATGATCGTGTTGGCGCTAAC,0,4925385
ygfS_ygfT_predicted,0.1111111111111111,8,8,ATGACATCATCCATGTGCGT,0,4914604
ygfS_ygfT_predicted,0.1111111111111111,8,8,ATGAACGTTAGAGCGCAACA,0,4923650
ygfS_ygfT_predicted,0.1111111111111111,8,8,ATCTTCGTACACGCTTACTA,0,4925046
ygfS_ygfT_predicted,0.1111111111111111,8,8,ATCTCTGGAACGGCCAAGCC,0,4920068
ygfS_ygfT_predicted,0.1111111111111111,8,8,ATCGCGGGCGCGTCGTTAGA,0,4920541
ygfS_ygfT_predicted,0.1111111111111111,8,8,ATCGATTGAGTTGCCTGAGG,0,4911745
ygfS_ygfT_predicted,0.1111111111111111,8,8,ATCATAGGTCACTTTTAGCT,0,4912129
ygfS_ygfT_predicted,0.1111111111111111,8,8,ATATCGGGCATCTCCCATGG,0,4915868
ygfS_ygfT_predicted,0.1111111111111111,8,8,ATAGGAGTCCGCGGCGTGCA,0,4920938
ygfS_ygfT_predicted,0.1111111111111111,8,8,ATACTAAGTGGCAACATAAA,0,4915798
ygfS_ygfT_predicted,0.1111111111111111,8,8,ATACGATATAAATTTTGAAC,0,4923947
ygfS_ygfT_predicted,0.1111111111111111,8,8,ATACCGGATCGCCGATAGGA,0,4913081
ygfS_ygfT_predicted,0.1111111111111111,8,8,ATACCCACCTACCGTTGATT,0,4920975
ygfS_ygfT_predicted,0.1111111111111111,8,8,ATAATGTGGAAAAATCACAG,0,4907198
ygfS_ygfT_predicted,0.1111111111111111,8,8,ATAAATCCTATTAGAAATCA,0,4901748
ygfS_ygfT_predicted,0.1111111111111111,8,8,AGTTTGGCTGACGAGAGGAG,0,4917746
ygfS_ygfT_predicted,0.1111111111111111,8,8,AGTTCTGCGGGTTTTGAGTT,0,4921692
ygfS_ygfT_predicted,0.1111111111111111,8,8,AGTGTGTGATCCGAGCCCTG,0,4907234
ygfS_ygfT_predicted,0.1111111111111111,8,8,AGTGCCTTGATGATCGCCGT,0,4930143
ygfS_ygfT_predicted,0.1111111111111111,8,8,AGTGACAGTGAATTTGTGTC,0,4917787
ygfS_ygfT_predicted,0.1111111111111111,8,8,AGTCGTCTCTCGTCTTATAT,0,4908541
ygfS_ygfT_predicted,0.1111111111111111,8,8,AGTCCCGGGCCTCGTGCGCC,0,4904169
ygfS_ygfT_predicted,0.1111111111111111,8,8,AGTACGGTTAGGTCGCCATG,0,4926807
ygfS_ygfT_predicted,0.1111111111111111,8,8,AGTACGGAGTTGATCCACTA,0,4923474
ygfS_ygfT_predicted,0.1111111111111111,8,8,AGGTCTGGAAAATCGTCTAC,0,4911421
ygfS_ygfT_predicted,0.1111111111111111,8,8,AGGTCTATAGCCACTATTCG,0,4903897
ygfS_ygfT_predicted,0.1111111111111111,8,8,AGGTCACGATGGTTGATAGT,0,4910707
ygfS_ygfT_predicted,0.1111111111111111,8,8,AGGGTCGTTCACCCGGACGA,0,4922466
ygfS_ygfT_predicted,0.1111111111111111,8,8,AGGGTATGTACAAATAGAGA,0,4907613
ygfS_ygfT_predicted,0.1111111111111111,8,8,AGGATTTAAGCACAGCACGA,0,4929555
ygfS_ygfT_predicted,0.1111111111111111,8,8,AGGATATACCTATAAAGGGA,0,4912684
ygfS_ygfT_predicted,0.1111111111111111,8,8,AGGAGTGAGGAGCCAGAAAA,0,4927817
ygfS_ygfT_predicted,0.1111111111111111,8,8,AGGAGGATGTCGAATCCGAA,0,4923274
ygfS_ygfT_predicted,0.1111111111111111,8,8,AGCTTGACAAAAGTCCCCTC,0,4925349
ygfS_ygfT_predicted,0.1111111111111111,8,8,AGCGTCTCCTGCGGCAAGTT,0,4929642
ygfS_ygfT_predicted,0.1111111111111111,8,8,AGCGGCCCGAGTAGAAGAGA,0,4918918
ygfS_ygfT_predicted,0.1111111111111111,8,8,AGCCGTTCGGTGTAGTCGCC,0,4930451
ygfS_ygfT_predicted,0.1111111111111111,8,8,AGCAGGAGCCGAGTCGTTAT,0,4927217
ygfS_ygfT_predicted,0.1111111111111111,8,8,AGCAGACGCGTTGATAATAT,0,4918286
ygfS_ygfT_predicted,0.1111111111111111,8,8,AGCACTACAACTAGCTAGAA,0,4924168
ygfS_ygfT_predicted,0.1111111111111111,8,8,AGCAAAACGCACTCCCCGCA,0,4904366
ygfS_ygfT_predicted,0.1111111111111111,8,8,AGATTCTATGGTATCCCTTT,0,4923173
ygfS_ygfT_predicted,0.1111111111111111,8,8,AGATGGCGCTTGAAGTCAAA,0,4908617
ygfS_ygfT_predicted,0.1111111111111111,8,8,AGATATGAGTATCATAGGGT,0,4899691
ygfS_ygfT_predicted,0.1111111111111111,8,8,AGATAGCAGTGTGCCATATA,0,4925965
ygfS_ygfT_predicted,0.1111111111111111,8,8,AGAGTACGCTGGTTGCCTTT,0,4912151
ygfS_ygfT_predicted,0.1111111111111111,8,8,AGAGCTGGATAAATGTTTCG,0,4924184
ygfS_ygfT_predicted,0.1111111111111111,8,8,AGAGCGTGGAGTTTAGCGTT,0,4915901
ygfS_ygfT_predicted,0.1111111111111111,8,8,ACTGGTTTTGCATTATTTGT,0,4902947
ygfS_ygfT_predicted,0.1111111111111111,8,8,ACTGCTCCGTAACTTGCGAA,0,4919582
ygfS_ygfT_predicted,0.1111111111111111,8,8,ACTAACGCTAAGAGTCTACT,0,4901839
ygfS_ygfT_predicted,0.1111111111111111,8,8,ACTAAATGTTACTTCAGCCG,0,4927710
ygfS_ygfT_predicted,0.1111111111111111,8,8,ACGTTTCGATTATAGTCAAA,0,4928375
ygfS_ygfT_predicted,0.1111111111111111,8,8,ACGTGTCGGGGACCGAGACG,0,4901394
ygfS_ygfT_predicted,0.1111111111111111,8,8,ACGTGGGGTGATGATTGGCT,0,4912139
ygfS_ygfT_predicted,0.1111111111111111,8,8,ACGGGGGGGATCAAGGAAAA,0,4927560
ygfS_ygfT_predicted,0.1111111111111111,8,8,ACGGGGATACATATGTCGTT,0,4921854
ygfS_ygfT_predicted,0.1111111111111111,8,8,ACGCGGCTGTCATCGCGGCT,0,4925567
ygfS_ygfT_predicted,0.1111111111111111,8,8,ACCGCGTGACAGTGTCAAGT,0,4901134
ygfS_ygfT_predicted,0.1111111111111111,8,8,ACCAACGGATTTCAGCTGCA,0,4923746
ygfS_ygfT_predicted,0.1111111111111111,8,8,ACATTGGCGCTAAGTAGGCT,0,4917865
ygfS_ygfT_predicted,0.1111111111111111,8,8,ACATTGATCCGTATTCGCTA,0,4921337
ygfS_ygfT_predicted,0.1111111111111111,8,8,ACAGTAACCTTCATGGGCGC,0,4916215
ygfS_ygfT_predicted,0.1111111111111111,8,8,ACAGGGCTCAGTTTGGACAA,0,4912970
ygfS_ygfT_predicted,0.1111111111111111,8,8,ACACACGTGTTAAGTAAGTA,0,4909101
ygfS_ygfT_predicted,0.1111111111111111,8,8,ACAAGTGGATATTTAAGCGC,0,4920404
ygfS_ygfT_predicted,0.1111111111111111,8,8,AATTTAGAATCTGTGTTAAT,0,4914560
ygfS_ygfT_predicted,0.1111111111111111,8,8,AATTCTGCCCGGCCTACGCC,0,4928103
ygfS_ygfT_predicted,0.1111111111111111,8,8,AATTCTCAAGCCTTTTTGGT,0,4916413
ygfS_ygfT_predicted,0.1111111111111111,8,8,AATGTACCGAGAACCCAGGC,0,4913138
ygfS_ygfT_predicted,0.1111111111111111,8,8,AATGACTGGAAGAAAATGAG,0,4902372
ygfS_ygfT_predicted,0.1111111111111111,8,8,AATATCACTTTACAGTATTG,0,4928122
ygfS_ygfT_predicted,0.1111111111111111,8,8,AATACGCCGATTGTCGCTGC,0,4919120
ygfS_ygfT_predicted,0.1111111111111111,8,8,AATAACGCGTCTCAGGCATG,0,4913053
ygfS_ygfT_predicted,0.1111111111111111,8,8,AAGGATATCTGCACTGTCCG,0,4917340
ygfS_ygfT_predicted,0.1111111111111111,8,8,AAGGACAGATCTTCTTTCTA,0,4927788
ygfS_ygfT_predicted,0.1111111111111111,8,8,AAGAGGTAAAGTTGGTAGTA,0,4909819
ygfS_ygfT_predicted,0.1111111111111111,8,8,AAGAGGGCGCACCCTCATGG,0,4917885
ygfS_ygfT_predicted,0.1111111111111111,8,8,AAGAGCAAGAGGTCCTTGAT,0,4925672
ygfS_ygfT_predicted,0.1111111111111111,8,8,AACTACGCCCCGGAAGTAGT,0,4914056
ygfS_ygfT_predicted,0.1111111111111111,8,8,AAATGCCTGCCCTATGGCCT,0,4915837
ygfS_ygfT_predicted,0.1111111111111111,8,8,AAATAAATCGTGCTACATGA,0,4904809
ygfS_ygfT_predicted,0.1111111111111111,8,8,AAAGCGCAAGCACCCCAGCT,0,4909183
ygfS_ygfT_predicted,0.1111111111111111,8,8,AAACCAAAAGCTGGCATCAA,0,4918261
ygfS_ygfT_predicted,0.1111111111111111,8,8,AAAAGCTAGGTGCTTGGGGG,0,4914008
ygfS_ygfT_predicted,0.1111111111111111,8,8,AAAACGAGGCACTGGGCACT,0,4906710
ygfS_ygfT_predicted,0.125,7,7,TTTGCACTCATAGTATAATG,0,4928761
ygfS_ygfT_predicted,0.125,7,7,TTTCATGGTACTATTTCAAG,0,4920410
ygfS_ygfT_predicted,0.125,7,7,TTTCACGTAGTGCATACAAG,0,4919031
ygfS_ygfT_predicted,0.125,7,7,TTTATACTCTCCTATGGGAA,0,4903103
ygfS_ygfT_predicted,0.125,7,7,TTTAGGTCACTCAGGGAATC,0,4911567
ygfS_ygfT_predicted,0.125,7,7,TTGTCCTCTTCGTCCCTCAC,0,4909957
ygfS_ygfT_predicted,0.125,7,7,TTGGGCGTACCGGACGACAT,0,4906950
ygfS_ygfT_predicted,0.125,7,7,TTGCATAGGTGCTGCAGGCT,0,4920863
ygfS_ygfT_predicted,0.125,7,7,TTCTTGTGGGTCTTCGCTGC,0,4905975
ygfS_ygfT_predicted,0.125,7,7,TTCTTGGCACATACCAGGCA,0,4929875
ygfS_ygfT_predicted,0.125,7,7,TTCGATGGACCGCTTAGTAA,0,4912556
ygfS_ygfT_predicted,0.125,7,7,TTCATGCATCGTGGGACGCA,0,4909576
ygfS_ygfT_predicted,0.125,7,7,TTATGGCCCACGTGGAATCA,0,4918692
ygfS_ygfT_predicted,0.125,7,7,TTATCCGGACTTGGCATACA,0,4927348
ygfS_ygfT_predicted,0.125,7,7,TTAGTTTTAAATTTGAGAAG,0,4908860
ygfS_ygfT_predicted,0.125,7,7,TTAGGCCTAACTCGCTGACT,0,4904023
ygfS_ygfT_predicted,0.125,7,7,TTAGACCCAGGCAGCCATCA,0,4922648
ygfS_ygfT_predicted,0.125,7,7,TTACGTATCTTGTTTTGTCT,0,4907245
ygfS_ygfT_predicted,0.125,7,7,TTACAGGGTATACCATCTTC,0,4930910
ygfS_ygfT_predicted,0.125,7,7,TTAAGCGTGTCGGAATTAAT,0,4921967
ygfS_ygfT_predicted,0.125,7,7,TGTGGCCCTATGGGTCGGAT,0,4901682
ygfS_ygfT_predicted,0.125,7,7,TGTCTCGAGATCCAGAAACA,0,4905949
ygfS_ygfT_predicted,0.125,7,7,TGTCTAAAATTATTGCGGTA,0,4930963
ygfS_ygfT_predicted,0.125,7,7,TGGTATGGGAAACAGGTAGT,0,4929988
ygfS_ygfT_predicted,0.125,7,7,TGGTAAAGCACAAGCTGGTA,0,4911313
ygfS_ygfT_predicted,0.125,7,7,TGGGCGCAAATTTAGCTCCT,0,4917482
ygfS_ygfT_predicted,0.125,7,7,TGGCGGCATCATATTCGGTG,0,4924965
ygfS_ygfT_predicted,0.125,7,7,TGGCCTCACATAACCGACGA,0,4903855
ygfS_ygfT_predicted,0.125,7,7,TGCTGTAGTCGTTGTGCTTG,0,4913246
ygfS_ygfT_predicted,0.125,7,7,TGCTACCTGCTGGTTCGACA,0,4929624
ygfS_ygfT_predicted,0.125,7,7,TGCGGTGCCTTTGGGAGCAG,0,4924003
ygfS_ygfT_predicted,0.125,7,7,TGCCTTGCAGGTCCTGTAGT,0,4915488
ygfS_ygfT_predicted,0.125,7,7,TGCCATTATGGCGCTGGGCT,0,4914760
ygfS_ygfT_predicted,0.125,7,7,TGCCAGGTCCGCCGAAACAG,0,4911001
ygfS_ygfT_predicted,0.125,7,7,TGCAGTGAGGTGACCTGCAA,0,4929421
ygfS_ygfT_predicted,0.125,7,7,TGCAATTATTCTCCTCTGGG,0,4911413
ygfS_ygfT_predicted,0.125,7,7,TGATGAGTGGCGAGTCACTA,0,4920626
ygfS_ygfT_predicted,0.125,7,7,TGATAGAGAGTAACCGGAGC,0,4900502
ygfS_ygfT_predicted,0.125,7,7,TGAGCCATACTCCTTAGCGG,0,4918578
ygfS_ygfT_predicted,0.125,7,7,TGACGGCCCGGGGTTCCTAA,0,4924413
ygfS_ygfT_predicted,0.125,7,7,TGACGCAACCATTGCCTGCC,0,4915098
ygfS_ygfT_predicted,0.125,7,7,TGACAGACTATCGGAGCGTG,0,4926631
ygfS_ygfT_predicted,0.125,7,7,TCTTGGGCGGGCTAGTTACT,0,4911630
ygfS_ygfT_predicted,0.125,7,7,TCTTCTGGATCGAGATCTCT,0,4913967
ygfS_ygfT_predicted,0.125,7,7,TCTCGTACCCATATGCCCAA,0,4900625
ygfS_ygfT_predicted,0.125,7,7,TCTCGGATAGAAATTGCAAT,0,4928009
ygfS_ygfT_predicted,0.125,7,7,TCTCGGAGAGGCGTGCCTAG,0,4901277
ygfS_ygfT_predicted,0.125,7,7,TCTAGTGTCCTAGGAACTGC,0,4922867
ygfS_ygfT_predicted,0.125,7,7,TCTAAGGAATCGTTAAACCA,0,4914312
ygfS_ygfT_predicted,0.125,7,7,TCTAACATTTCTAACCCGGT,0,4907010
ygfS_ygfT_predicted,0.125,7,7,TCGTGAACGATACGGGGAAT,0,4928999
ygfS_ygfT_predicted,0.125,7,7,TCGTCTTCCGTGTACGACAA,0,4903011
ygfS_ygfT_predicted,0.125,7,7,TCGTACGCGGGCAAGGTTAG,0,4916584
ygfS_ygfT_predicted,0.125,7,7,TCGGTGACCGCGCTTCACAG,0,4923704
ygfS_ygfT_predicted,0.125,7,7,TCGGGGGGCTAGAGGCGGCT,0,4930896
ygfS_ygfT_predicted,0.125,7,7,TCGGGGGCGCAGGTACCTAA,0,4907863
ygfS_ygfT_predicted,0.125,7,7,TCGGGACACCGCTGTCCTAG,0,4915413
ygfS_ygfT_predicted,0.125,7,7,TCGGCGTGAGGTGCTCACGT,0,4920106
ygfS_ygfT_predicted,0.125,7,7,TCGCCAGAGTTACTTGACCC,0,4927923
ygfS_ygfT_predicted,0.125,7,7,TCGCAGACTGTCAATGCAAT,0,4929556
ygfS_ygfT_predicted,0.125,7,7,TCGAGTCGAGGCAAGACGGG,0,4904081
ygfS_ygfT_predicted,0.125,7,7,TCCGATCACTATCCTTTCTC,0,4902543
ygfS_ygfT_predicted,0.125,7,7,TCCCGCTGGGTAGCCCATGG,0,4903533
ygfS_ygfT_predicted,0.125,7,7,TCCATGTCGAGCGGGGCTCA,0,4916808
ygfS_ygfT_predicted,0.125,7,7,TCATGTATGGTGAGCTCAGG,0,4922891
ygfS_ygfT_predicted,0.125,7,7,TCATCACTTTGCCTGGAGAC,0,4909876
ygfS_ygfT_predicted,0.125,7,7,TCAGGAATCCGTGTGAATAG,0,4909446
ygfS_ygfT_predicted,0.125,7,7,TCAGGAAGGGTGTCTAGTCA,0,4925971
ygfS_ygfT_predicted,0.125,7,7,TCACAACGATAAACTAGGAT,0,4920840
ygfS_ygfT_predicted,0.125,7,7,TCAATTTGATACGTGTGTTG,0,4915239
ygfS_ygfT_predicted,0.125,7,7,TATGAGTATATACGTCGCGT,0,4913764
ygfS_ygfT_predicted,0.125,7,7,TATCTCTCCAGGAGTACCGG,0,4914708
ygfS_ygfT_predicted,0.125,7,7,TATCTCCTAACTACCTGGGC,0,4911292
ygfS_ygfT_predicted,0.125,7,7,TATACTTCACATAGGTCTTT,0,4924023
ygfS_ygfT_predicted,0.125,7,7,TAGGTAACGATCCGCTTAGA,0,4914830
ygfS_ygfT_predicted,0.125,7,7,TAGGGAATGTGTCGGGGCCA,0,4928549
ygfS_ygfT_predicted,0.125,7,7,TAGGCTAAATGGGTTGTGCT,0,4903127
ygfS_ygfT_predicted,0.125,7,7,TAGCTTAAACGCGGATTCAC,0,4922187
ygfS_ygfT_predicted,0.125,7,7,TAGCGCGCATAGGTGCTGAA,0,4909995
ygfS_ygfT_predicted,0.125,7,7,TAGATTTTTCGCATCTCCGT,0,4915079
ygfS_ygfT_predicted,0.125,7,7,TAGAGGCACGGCTTTGTGTA,0,4929300
ygfS_ygfT_predicted,0.125,7,7,TAGACGCCCCAGTCTAGTTT,0,4924637
ygfS_ygfT_predicted,0.125,7,7,TACTCTCCCGCCCGGCGTGG,0,4924858
ygfS_ygfT_predicted,0.125,7,7,TACGGGTTATACTGATACAT,0,4926600
ygfS_ygfT_predicted,0.125,7,7,TACCTTCACCTTTTCCCTGC,0,4922949
ygfS_ygfT_predicted,0.125,7,7,TACCTATTACGGTAGCGGCA,0,4928278
ygfS_ygfT_predicted,0.125,7,7,TACAAGATTATTATCTGAGG,0,4909949
ygfS_ygfT_predicted,0.125,7,7,TACAAAGACTACGGGTCACA,0,4925631
ygfS_ygfT_predicted,0.125,7,7,TAATTTAACGCGAGGCATTT,0,4901439
ygfS_ygfT_predicted,0.125,7,7,TAATTGGTTGTATGTACAGA,0,4904910
ygfS_ygfT_predicted,0.125,7,7,TAATATTGCGTTGCTTAATT,0,4901376
ygfS_ygfT_predicted,0.125,7,7,TAAGGTGGACACATAATCTT,0,4909861
ygfS_ygfT_predicted,0.125,7,7,TAAGGGGGTAGTTGGAGTCA,0,4912183
ygfS_ygfT_predicted,0.125,7,7,TAAGGCATGCGCTCGTTCGC,0,4910252
ygfS_ygfT_predicted,0.125,7,7,TAAGCTCCTCCGTTGCTGAG,0,4909315
ygfS_ygfT_predicted,0.125,7,7,TAACGCCCCATAGCTAAGAA,0,4910461
ygfS_ygfT_predicted,0.125,7,7,TAACCTTATTATTTCAATCT,0,4904257
ygfS_ygfT_predicted,0.125,7,7,TAAATCACCCTGCTGGTCCG,0,4914002
ygfS_ygfT_predicted,0.125,7,7,TAAAGTCCCAATTCGGGTCC,0,4914595
ygfS_ygfT_predicted,0.125,7,7,GTTTGCTTCACGGCGCGTGT,0,4923239
ygfS_ygfT_predicted,0.125,7,7,GTTTACGGCGAATATGTTTA,0,4901040
ygfS_ygfT_predicted,0.125,7,7,GTTAGCGAGACTGGGACCAA,0,4914773
ygfS_ygfT_predicted,0.125,7,7,GTTAACATGGGTAAAGTGAG,0,4903046
ygfS_ygfT_predicted,0.125,7,7,GTGGAGCATATCAGATAGCT,0,4919170
ygfS_ygfT_predicted,0.125,7,7,GTGAGCAGCGACGATCTGCC,0,4927727
ygfS_ygfT_predicted,0.125,7,7,GTGACGTTAAACTGTTGGGT,0,4902332
ygfS_ygfT_predicted,0.125,7,7,GTCTCAAGTGGGAGTTCCCA,0,4918205
ygfS_ygfT_predicted,0.125,7,7,GTCCGGCCTTTACATGTCTA,0,4917663
ygfS_ygfT_predicted,0.125,7,7,GTCCAACTGCGCCTTGATGT,0,4901986
ygfS_ygfT_predicted,0.125,7,7,GTCATGTTACGCGGGGTCCA,0,4916751
ygfS_ygfT_predicted,0.125,7,7,GTCATGGACACGGGCTATAC,0,4913217
ygfS_ygfT_predicted,0.125,7,7,GTATTGGCAGATTCGACAAT,0,4900366
ygfS_ygfT_predicted,0.125,7,7,GTATGGGCCAGCATATTTGG,0,4922557
ygfS_ygfT_predicted,0.125,7,7,GTATGGCGGAATTGATAAGG,0,4919210
ygfS_ygfT_predicted,0.125,7,7,GTATGGACAGCACTGACGTC,0,4925938
ygfS_ygfT_predicted,0.125,7,7,GTATGCAGTTGGGTTCACAG,0,4900575
ygfS_ygfT_predicted,0.125,7,7,GTATCCGAGACCGATGTATG,0,4918759
ygfS_ygfT_predicted,0.125,7,7,GTACTAAACAGTTGTTCCAT,0,4919348
ygfS_ygfT_predicted,0.125,7,7,GGTTTTTCGGTCGAAGCAGT,0,4913094
ygfS_ygfT_predicted,0.125,7,7,GGTTTCCGAGTAGAAGACAT,0,4902106
ygfS_ygfT_predicted,0.125,7,7,GGTTTAGGTTTCGAGGTGCG,0,4924152
ygfS_ygfT_predicted,0.125,7,7,GGTTGATTCACAGGACAGAG,0,4905008
ygfS_ygfT_predicted,0.125,7,7,GGTTCGGAGGGTCCAGAGGC,0,4928479
ygfS_ygfT_predicted,0.125,7,7,GGTGTAAGCTAGCTTGATTC,0,4903632
ygfS_ygfT_predicted,0.125,7,7,GGTGGATTCTCACCTCGGAC,0,4904221
ygfS_ygfT_predicted,0.125,7,7,GGTACGGTTGTAGTGGCCTG,0,4907370
ygfS_ygfT_predicted,0.125,7,7,GGTACCCGGTATTGGCGCTA,0,4914867
ygfS_ygfT_predicted,0.125,7,7,GGGTGCAAATGTCGGAAAAA,0,4915048
ygfS_ygfT_predicted,0.125,7,7,GGGTCTTGCCTCGATCGACA,0,4901650
ygfS_ygfT_predicted,0.125,7,7,GGGTATGCTGGATTCCAATA,0,4912325
ygfS_ygfT_predicted,0.125,7,7,GGGGGTGGCCGTGTAGTCCA,0,4912374
ygfS_ygfT_predicted,0.125,7,7,GGGGCGCTCTAAAAGCTTTA,0,4926405
ygfS_ygfT_predicted,0.125,7,7,GGGGCCATAGTCTTCAGTTT,0,4913409
ygfS_ygfT_predicted,0.125,7,7,GGGGACAGCTTGGCCGGTTT,0,4921901
ygfS_ygfT_predicted,0.125,7,7,GGGCGCATCTAAGTGGAACT,0,4913279
ygfS_ygfT_predicted,0.125,7,7,GGGAGCGGCCGTCGCGGCAT,0,4918249
ygfS_ygfT_predicted,0.125,7,7,GGGAACAAACCGACAATTAG,0,4922344
ygfS_ygfT_predicted,0.125,7,7,GGCGAACTGGTTCATGGGGA,0,4921477
ygfS_ygfT_predicted,0.125,7,7,GGCCAAATCAATGGTATCAC,0,4925213
ygfS_ygfT_predicted,0.125,7,7,GGCACTACACCGCGCATGTC,0,4911624
ygfS_ygfT_predicted,0.125,7,7,GGCACCCTCACCGTGTGCCT,0,4908344
ygfS_ygfT_predicted,0.125,7,7,GGCAACATTCTGATCAATGA,0,4922371
ygfS_ygfT_predicted,0.125,7,7,GGAGGGAGGAACCTGTACCG,0,4900398
ygfS_ygfT_predicted,0.125,7,7,GGAAATGACAGTACCCGACG,0,4928480
ygfS_ygfT_predicted,0.125,7,7,GGAAAGGTACGTGAGGGGTT,0,4913091
ygfS_ygfT_predicted,0.125,7,7,GGAAAAGGCTGCTAAGTGCT,0,4910193
ygfS_ygfT_predicted,0.125,7,7,GCTTTTGCTGGGGACCCGCA,0,4911995
ygfS_ygfT_predicted,0.125,7,7,GCTTAGTACCGAGGTAAGAT,0,4902740
ygfS_ygfT_predicted,0.125,7,7,GCTGTGTAACACTCTGGTAA,0,4905004
ygfS_ygfT_predicted,0.125,7,7,GCTATAGCGTCACGAATACC,0,4926081
ygfS_ygfT_predicted,0.125,7,7,GCGTTGTATGTCCTATTCGA,0,4926979
ygfS_ygfT_predicted,0.125,7,7,GCGTCCCTTACACATCTAGT,0,4900961
ygfS_ygfT_predicted,0.125,7,7,GCGTAATGGCGACCGCTATT,0,4924937
ygfS_ygfT_predicted,0.125,7,7,GCGGGTTTCCGGAGGTTTTG,0,4910630
ygfS_ygfT_predicted,0.125,7,7,GCGGAGTAACGGCCTATTGT,0,4929006
ygfS_ygfT_predicted,0.125,7,7,GCGCGGGTCATGACGATAAA,0,4926809
ygfS_ygfT_predicted,0.125,7,7,GCGCATAATCAGGCTGCTCC,0,4908081
ygfS_ygfT_predicted,0.125,7,7,GCGAAGGGAAACATCTAAGT,0,4926620
ygfS_ygfT_predicted,0.125,7,7,GCCTTGACTTCCCCTCTTGG,0,4915095
ygfS_ygfT_predicted,0.125,7,7,GCCTTACAGTGTTAAGAGGG,0,4900994
ygfS_ygfT_predicted,0.125,7,7,GCCTCTCGACTGCGGCTAAA,0,4928038
ygfS_ygfT_predicted,0.125,7,7,GCCGTCACGTACACACTTGC,0,4923407
ygfS_ygfT_predicted,0.125,7,7,GCCGAAGACACAGGGATATG,0,4906031
ygfS_ygfT_predicted,0.125,7,7,GCCCGGTCCAGGACTCGTCT,0,4906283
ygfS_ygfT_predicted,0.125,7,7,GCCCGACGGATGTTAGGAAA,0,4900360
ygfS_ygfT_predicted,0.125,7,7,GCCAGGTTGATAAGGGAGTC,0,4901553
ygfS_ygfT_predicted,0.125,7,7,GCCAAGGCGTACAGTCAAGC,0,4929969
ygfS_ygfT_predicted,0.125,7,7,GCCAAGATGCGATCGCGCGT,0,4903393
ygfS_ygfT_predicted,0.125,7,7,GCATTGCCAGTCATCGGTGT,0,4909226
ygfS_ygfT_predicted,0.125,7,7,GCATCGATAGAGCGGGTACA,0,4925007
ygfS_ygfT_predicted,0.125,7,7,GCACGTCGTCTTTATGGAAC,0,4908105
ygfS_ygfT_predicted,0.125,7,7,GATTTGCTAATGCGCGAACC,0,4899947
ygfS_ygfT_predicted,0.125,7,7,GATCTTCATTCTCGTACTAG,0,4903415
ygfS_ygfT_predicted,0.125,7,7,GATCTCCCCGTCTGTCCAGT,0,4922814
ygfS_ygfT_predicted,0.125,7,7,GATCCTCCGCTGCCCGATAT,0,4912802
ygfS_ygfT_predicted,0.125,7,7,GATAATAGGGTCAGAGCCCT,0,4919319
ygfS_ygfT_predicted,0.125,7,7,GAGGGCTCACGGGCGCAACA,0,4919073
ygfS_ygfT_predicted,0.125,7,7,GAGCGTATACCAGCGGTATC,0,4901490
ygfS_ygfT_predicted,0.125,7,7,GAGCCCATGAGGCTCAACAC,0,4930566
ygfS_ygfT_predicted,0.125,7,7,GAGCCAGGCCGTGCACTGGT,0,4919744
ygfS_ygfT_predicted,0.125,7,7,GAGCCAATCGTCTTCTAAGA,0,4919594
ygfS_ygfT_predicted,0.125,7,7,GAGCATCCCAGATAACATAG,0,4915300
ygfS_ygfT_predicted,0.125,7,7,GAGAGCTCGTTGGGCACTTT,0,4904747
ygfS_ygfT_predicted,0.125,7,7,GACTTACTCTGACTATGGCT,0,4919300
ygfS_ygfT_predicted,0.125,7,7,GACTGTGAGTTCTACACCCC,0,4906496
ygfS_ygfT_predicted,0.125,7,7,GAAGGGGATGTTCCAGGACC,0,4916771
ygfS_ygfT_predicted,0.125,7,7,GAAGGAGCTGCACAATGCCT,0,4906215
ygfS_ygfT_predicted,0.125,7,7,GAACTTGGGTCTAGCGAAGG,0,4920448
ygfS_ygfT_predicted,0.125,7,7,GAACGCGTGATGCATGGCTG,0,4911433
ygfS_ygfT_predicted,0.125,7,7,GAACGCCAACAGAATCTCAC,0,4914499
ygfS_ygfT_predicted,0.125,7,7,GAACCTTGGATGACGAGGTC,0,4923272
ygfS_ygfT_predicted,0.125,7,7,GAAATTCTGTTTGTTGAGCG,0,4905740
ygfS_ygfT_predicted,0.125,7,7,GAAATAGGCTCAACGTATGG,0,4917236
ygfS_ygfT_predicted,0.125,7,7,CTTTTTACGCCGGACGGTTC,0,4919605
ygfS_ygfT_predicted,0.125,7,7,CTTGTACCGAAAAAACATCT,0,4906250
ygfS_ygfT_predicted,0.125,7,7,CTTGGTCTCGGGTACGCTAT,0,4906365
ygfS_ygfT_predicted,0.125,7,7,CTTGCCGGGGCGCCCAAATA,0,4922796
ygfS_ygfT_predicted,0.125,7,7,CTTGATGCCTGCCATCGGGT,0,4922081
ygfS_ygfT_predicted,0.125,7,7,CTTCTCGTAGCTTGCCTGAC,0,4919671
ygfS_ygfT_predicted,0.125,7,7,CTGTGTCATACCAGGAGTAG,0,4921673
ygfS_ygfT_predicted,0.125,7,7,CTGGGTAATAAGTTCACACA,0,4907374
ygfS_ygfT_predicted,0.125,7,7,CTGGCTTCGACCCCGTCACG,0,4920704
ygfS_ygfT_predicted,0.125,7,7,CTGCCCGTGCACGCAATTGC,0,4912265
ygfS_ygfT_predicted,0.125,7,7,CTGAAGTATTTTGTTGTCTG,0,4915818
ygfS_ygfT_predicted,0.125,7,7,CTCTTGGTGGTAATATGTTT,0,4900902
ygfS_ygfT_predicted,0.125,7,7,CTCTTCCATGGCGACTGTAC,0,4927671
ygfS_ygfT_predicted,0.125,7,7,CTCTCAACTCGTTGCCCAAC,0,4924724
ygfS_ygfT_predicted,0.125,7,7,CTCGTTACCGAGGTTGACTT,0,4905331
ygfS_ygfT_predicted,0.125,7,7,CTCCTGGCCCCCAGGTTAGC,0,4907752
ygfS_ygfT_predicted,0.125,7,7,CTCCGCCGTCACCAAGTAGG,0,4914764
ygfS_ygfT_predicted,0.125,7,7,CTCATCTTTGCTACCCAATG,0,4910549
ygfS_ygfT_predicted,0.125,7,7,CTATAGGGTAATGGCACGGC,0,4906752
ygfS_ygfT_predicted,0.125,7,7,CTAGGAGATCGCTTCAGCTA,0,4931194
ygfS_ygfT_predicted,0.125,7,7,CTACTGAATGCGTTAAAACC,0,4916733
ygfS_ygfT_predicted,0.125,7,7,CTACAGCATGCCAGATCTTA,0,4900526
ygfS_ygfT_predicted,0.125,7,7,CTAAGGGGAGCATTATCTGC,0,4921619
ygfS_ygfT_predicted,0.125,7,7,CTAACGGAGCAGGACAACAT,0,4926373
ygfS_ygfT_predicted,0.125,7,7,CTAAACTTACATATTCATTC,0,4909178
ygfS_ygfT_predicted,0.125,7,7,CGTTGATAGTCTCATGGGAA,0,4929935
ygfS_ygfT_predicted,0.125,7,7,CGTTAACGACTCCGAAGTAA,0,4904665
ygfS_ygfT_predicted,0.125,7,7,CGTCTTCAACAGCAGCGCCG,0,4900006
ygfS_ygfT_predicted,0.125,7,7,CGTCAACTGCCTAATCTCGT,0,4909722
ygfS_ygfT_predicted,0.125,7,7,CGTATGTCATCCTCAGTGTG,0,4930115
ygfS_ygfT_predicted,0.125,7,7,CGTATCAGTCCGGGTCCTAA,0,4914683
ygfS_ygfT_predicted,0.125,7,7,CGTAGGCGTCAAGGGTAGGT,0,4926067
ygfS_ygfT_predicted,0.125,7,7,CGTAGACTGGTAGTCTTCAC,0,4919862
ygfS_ygfT_predicted,0.125,7,7,CGGCTCTAGGCTACTCATAT,0,4903293
ygfS_ygfT_predicted,0.125,7,7,CGGAGTACCTTTCCCAGTGC,0,4900136
ygfS_ygfT_predicted,0.125,7,7,CGGAGGAGCAAGAACCGGGC,0,4902624
ygfS_ygfT_predicted,0.125,7,7,CGGAATCCCTGGTGGAGTCT,0,4921600
ygfS_ygfT_predicted,0.125,7,7,CGCTACGCTATAATGCCTAC,0,4907867
ygfS_ygfT_predicted,0.125,7,7,CGCGTGGTTATCCACTCGAC,0,4923075
ygfS_ygfT_predicted,0.125,7,7,CGCGGAACAAATCGTTCGGG,0,4928171
ygfS_ygfT_predicted,0.125,7,7,CGCGAGCTAGGTATCTACCA,0,4915686
ygfS_ygfT_predicted,0.125,7,7,CGCCCGGCCAGCCGAAGGAG,0,4922541
ygfS_ygfT_predicted,0.125,7,7,CGATTCGCGGACCCAATAAG,0,4905284
ygfS_ygfT_predicted,0.125,7,7,CGAGTCTTTACGTTAAGATT,0,4920888
ygfS_ygfT_predicted,0.125,7,7,CGAGCTCGCCTTGGTCTGGA,0,4928245
ygfS_ygfT_predicted,0.125,7,7,CGACGTGGTGTAGTCTAGAG,0,4905447
ygfS_ygfT_predicted,0.125,7,7,CGAAGTAGCATAGGTCTTGA,0,4900081
ygfS_ygfT_predicted,0.125,7,7,CGAAAATCGTCCCGAAAGCT,0,4923504
ygfS_ygfT_predicted,0.125,7,7,CCTTCCGTAATAAATGGTTA,0,4901233
ygfS_ygfT_predicted,0.125,7,7,CCTTCAAAAGTCTCCGTGAG,0,4925074
ygfS_ygfT_predicted,0.125,7,7,CCTGTGCTCAGACCGGATCC,0,4924163
ygfS_ygfT_predicted,0.125,7,7,CCTGGTTATAGCCGGACACC,0,4924219
ygfS_ygfT_predicted,0.125,7,7,CCTGGTCCCATCAATTTGAT,0,4923779
ygfS_ygfT_predicted,0.125,7,7,CCTGACCTGCGGCATTTTTT,0,4919194
ygfS_ygfT_predicted,0.125,7,7,CCTCTTGAGAACGTGGCCAT,0,4931082
ygfS_ygfT_predicted,0.125,7,7,CCTATGGAGCGTTATTGACA,0,4913550
ygfS_ygfT_predicted,0.125,7,7,CCTACAAACGGTTGAAGAAA,0,4923731
ygfS_ygfT_predicted,0.125,7,7,CCTAAAAGGTCGAACGCGTA,0,4915747
ygfS_ygfT_predicted,0.125,7,7,CCGGTGGTATTCTTATGGTT,0,4923154
ygfS_ygfT_predicted,0.125,7,7,CCGCCATGAGATGGTGAGAT,0,4928643
ygfS_ygfT_predicted,0.125,7,7,CCGCCAGCCCCTACCCGCCG,0,4929514
ygfS_ygfT_predicted,0.125,7,7,CCGATTAGGGTTTTCCCCAC,0,4913753
ygfS_ygfT_predicted,0.125,7,7,CCGATAGTGTTAGCGTCGAG,0,4916457
ygfS_ygfT_predicted,0.125,7,7,CCGAAGCGGCCAGGCGCCCT,0,4905613
ygfS_ygfT_predicted,0.125,7,7,CCCGTGTATCGCTTGTCTTC,0,4913612
ygfS_ygfT_predicted,0.125,7,7,CCCGATCACTCCTCGTGGCA,0,4919835
ygfS_ygfT_predicted,0.125,7,7,CCCGAACTCAGGTCAGGGTA,0,4900868
ygfS_ygfT_predicted,0.125,7,7,CCCCACTGGATATAGCAGTC,0,4909080
ygfS_ygfT_predicted,0.125,7,7,CCCAGTCTGGTACGTAGGTT,0,4904692
ygfS_ygfT_predicted,0.125,7,7,CCAGGAGGACTCAGATAGGA,0,4921107
ygfS_ygfT_predicted,0.125,7,7,CCACAGGCGCAGGGGTGCTG,0,4927689
ygfS_ygfT_predicted,0.125,7,7,CATATTGTGCTGATACTCTT,0,4903354
ygfS_ygfT_predicted,0.125,7,7,CAGTTGGGCACAAACCGGAC,0,4919694
ygfS_ygfT_predicted,0.125,7,7,CAGTTAGGCTCGGGGCCTTG,0,4905033
ygfS_ygfT_predicted,0.125,7,7,CAGTGAGCTCGCTTGACTCC,0,4914199
ygfS_ygfT_predicted,0.125,7,7,CAGGTACATTTCAGTGATTT,0,4930787
ygfS_ygfT_predicted,0.125,7,7,CAGGCGGGTTTCGAGCACAC,0,4900037
ygfS_ygfT_predicted,0.125,7,7,CAGCGTTGGCGCCCACATCC,0,4903265
ygfS_ygfT_predicted,0.125,7,7,CAGACTCGCTCGCGCCTGTA,0,4930313
ygfS_ygfT_predicted,0.125,7,7,CACTCTTGACAGGGGAGCAT,0,4913219
ygfS_ygfT_predicted,0.125,7,7,CACTCTCATAGGCAGGCCAT,0,4909478
ygfS_ygfT_predicted,0.125,7,7,CACTCGTGTTTCTATAGGCA,0,4926750
ygfS_ygfT_predicted,0.125,7,7,CACGTGAGGCGTCTCGTCTC,0,4906830
ygfS_ygfT_predicted,0.125,7,7,CACCTATTTAGCCGCGCTAG,0,4922617
ygfS_ygfT_predicted,0.125,7,7,CACCGAGTGGTTCGCGCAAT,0,4909018
ygfS_ygfT_predicted,0.125,7,7,CACCCGAATAGGTTATGTTT,0,4916383
ygfS_ygfT_predicted,0.125,7,7,CACCAAGAAACTGACTGAAG,0,4908841
ygfS_ygfT_predicted,0.125,7,7,CACACTCACAATCAACTTTC,0,4928981
ygfS_ygfT_predicted,0.125,7,7,CACACGTGATCTCATGTTAT,0,4908363
ygfS_ygfT_predicted,0.125,7,7,CAATAGTCGTAACGACTGAG,0,4908053
ygfS_ygfT_predicted,0.125,7,7,CAATAAGTTTTGTAGAGCAA,0,4902378
ygfS_ygfT_predicted,0.125,7,7,CAAGTGCCGCGGGACACTTA,0,4925072
ygfS_ygfT_predicted,0.125,7,7,CAAGCCTCAAGAATCTCGGA,0,4911881
ygfS_ygfT_predicted,0.125,7,7,CAAGACATAGGTCTTGAGTA,0,4919521
ygfS_ygfT_predicted,0.125,7,7,CAAGAAAGTTGGAGCTATCG,0,4915507
ygfS_ygfT_predicted,0.125,7,7,CAACATCTCGCACTGACAGC,0,4910904
ygfS_ygfT_predicted,0.125,7,7,CAAATAGGCGACCCACACTT,0,4929739
ygfS_ygfT_predicted,0.125,7,7,CAAAGAAAAGTCCTTGCAAC,0,4914938
ygfS_ygfT_predicted,0.125,7,7,ATTGGCGGGGGCCTGAGGGT,0,4922902
ygfS_ygfT_predicted,0.125,7,7,ATTCCGGATCAGAATCAAGA,0,4902390
ygfS_ygfT_predicted,0.125,7,7,ATTATGCGTAAACAGAGCTA,0,4930936
ygfS_ygfT_predicted,0.125,7,7,ATTATCGCCCCCCAATTCCG,0,4915450
ygfS_ygfT_predicted,0.125,7,7,ATGTATCGCACCACGGCCGC,0,4911038
ygfS_ygfT_predicted,0.125,7,7,ATGCTGTAAGTATTCGACTA,0,4923927
ygfS_ygfT_predicted,0.125,7,7,ATGCGTCTTCGAGGGATCAG,0,4926865
ygfS_ygfT_predicted,0.125,7,7,ATGAGCCGGGGTCACCCTTA,0,4920887
ygfS_ygfT_predicted,0.125,7,7,ATCGTCCCACCGTGTATCGC,0,4908071
ygfS_ygfT_predicted,0.125,7,7,ATCCTCTCGGGAGGAGCGGG,0,4927307
ygfS_ygfT_predicted,0.125,7,7,ATCCACTCGGCAAGGACCAT,0,4925472
ygfS_ygfT_predicted,0.125,7,7,ATAGTCCCCTCAATCATCGT,0,4927316
ygfS_ygfT_predicted,0.125,7,7,ATAAAACAACGGGGTTAAGT,0,4924341
ygfS_ygfT_predicted,0.125,7,7,AGTTTTTTGTTCCCGGGCAA,0,4929684
ygfS_ygfT_predicted,0.125,7,7,AGTTCAGCTAGTAAACCGGA,0,4911722
ygfS_ygfT_predicted,0.125,7,7,AGTGGGGGGACCAGGACCAT,0,4914508
ygfS_ygfT_predicted,0.125,7,7,AGTGACGTCTTCTCGACGCG,0,4919484
ygfS_ygfT_predicted,0.125,7,7,AGTATGAGGATTCGGGGCGC,0,4907909
ygfS_ygfT_predicted,0.125,7,7,AGTACTGCGTGAGGCTAGGT,0,4903854
ygfS_ygfT_predicted,0.125,7,7,AGTAATTGCGCGTTTGATCT,0,4926533
ygfS_ygfT_predicted,0.125,7,7,AGGTCGGGCATCACACACAA,0,4927432
ygfS_ygfT_predicted,0.125,7,7,AGGTCAGGCGTAGCATACGT,0,4905964
ygfS_ygfT_predicted,0.125,7,7,AGGTATATTTGAAACTGGAT,0,4899684
ygfS_ygfT_predicted,0.125,7,7,AGGGGGGCTTTCATCTACCA,0,4905186
ygfS_ygfT_predicted,0.125,7,7,AGGGGATTAGGTAACATAGT,0,4914040
ygfS_ygfT_predicted,0.125,7,7,AGGCGATGCTTATCGGGCGA,0,4899696
ygfS_ygfT_predicted,0.125,7,7,AGGCGAATCTGTAACTTCTC,0,4906174
ygfS_ygfT_predicted,0.125,7,7,AGGAGGATTCAGTAAGATGG,0,4902666
ygfS_ygfT_predicted,0.125,7,7,AGCTCGTGTAAATTCGCAGT,0,4926710
ygfS_ygfT_predicted,0.125,7,7,AGCGGTCACAGACGGACTGT,0,4930478
ygfS_ygfT_predicted,0.125,7,7,AGCCTGATCTTCTCTTGGGT,0,4924886
ygfS_ygfT_predicted,0.125,7,7,AGCCCGTCGTTCGTCAGCGG,0,4905006
ygfS_ygfT_predicted,0.125,7,7,AGCCATTCAAGTTGTCTTCG,0,4906658
ygfS_ygfT_predicted,0.125,7,7,AGCCATGAAGACGTGACGGC,0,4901888
ygfS_ygfT_predicted,0.125,7,7,AGCCATCTACTAAGATCGAT,0,4920104
ygfS_ygfT_predicted,0.125,7,7,AGATCCTGTAACCGCCCAGG,0,4925358
ygfS_ygfT_predicted,0.125,7,7,AGAGGGGGGCCGTACTGCAG,0,4918055
ygfS_ygfT_predicted,0.125,7,7,AGACGAGCCTTCTCTTTATT,0,4923471
ygfS_ygfT_predicted,0.125,7,7,AGAAATGGGCTTAACCTACT,0,4920376
ygfS_ygfT_predicted,0.125,7,7,AGAAAAAGTATCTGTCTTTA,0,4905062
ygfS_ygfT_predicted,0.125,7,7,ACTTGACTCTGATGATGCTT,0,4901112
ygfS_ygfT_predicted,0.125,7,7,ACTTATAAGCATGTGCCAGG,0,4912026
ygfS_ygfT_predicted,0.125,7,7,ACTCATATTAAGCGGGCATT,0,4916943
ygfS_ygfT_predicted,0.125,7,7,ACGTTATTATTGCCGCCGCG,0,4915833
ygfS_ygfT_predicted,0.125,7,7,ACGTGTTTCTCGGAAAAAAA,0,4912566
ygfS_ygfT_predicted,0.125,7,7,ACGTGATAGGCGGTGAGGTT,0,4917774
ygfS_ygfT_predicted,0.125,7,7,ACGGTGGTCCATGAATTCTA,0,4920040
ygfS_ygfT_predicted,0.125,7,7,ACGGTAAGTCGGAGAGTGGT,0,4927474
ygfS_ygfT_predicted,0.125,7,7,ACGGGACAGACCCGCCAAAG,0,4913723
ygfS_ygfT_predicted,0.125,7,7,ACGGCAGGCCGGGCTCCTAA,0,4908346
ygfS_ygfT_predicted,0.125,7,7,ACGGCAAGGATAAAGTAGGG,0,4913078
ygfS_ygfT_predicted,0.125,7,7,ACGGAGTTATGCTTTTCGGC,0,4901332
ygfS_ygfT_predicted,0.125,7,7,ACGCCAAGTCTTTAAGATGG,0,4926650
ygfS_ygfT_predicted,0.125,7,7,ACGCAGATTTTGCAACGTCT,0,4900938
ygfS_ygfT_predicted,0.125,7,7,ACCTGGTAGCCTACCTTAAT,0,4925683
ygfS_ygfT_predicted,0.125,7,7,ACCTCCCCATGAAGGCGTGG,0,4922444
ygfS_ygfT_predicted,0.125,7,7,ACCTAGGCGCCGTCGCAGTG,0,4900070
ygfS_ygfT_predicted,0.125,7,7,ACCGATGGTTTCAGGCGTTA,0,4899726
ygfS_ygfT_predicted,0.125,7,7,ACCCCTTATACACGTAGAAG,0,4930502
ygfS_ygfT_predicted,0.125,7,7,ACCACGTCAGGGCGTAATCA,0,4924916
ygfS_ygfT_predicted,0.125,7,7,ACATTTTATGAAAAAGAGTC,0,4909605
ygfS_ygfT_predicted,0.125,7,7,ACATTTCGCTAATGCGAGGA,0,4925813
ygfS_ygfT_predicted,0.125,7,7,ACATACAGTGTGGGCCATTA,0,4907800
ygfS_ygfT_predicted,0.125,7,7,ACAGCCACACTGAAGGCTCA,0,4907293
ygfS_ygfT_predicted,0.125,7,7,ACAATCACGTAGGGTCCCGG,0,4905235
ygfS_ygfT_predicted,0.125,7,7,ACAACGCGGAGGACCACACG,0,4902653
ygfS_ygfT_predicted,0.125,7,7,AATTTACTCGACGCGAACCC,0,4923687
ygfS_ygfT_predicted,0.125,7,7,AATTCGTTTAGTCCTTAAGC,0,4900652
ygfS_ygfT_predicted,0.125,7,7,AATTCGAACGTCCATTGGGG,0,4918357
ygfS_ygfT_predicted,0.125,7,7,AATTAAGTTTACGCCTCCGT,0,4925797
ygfS_ygfT_predicted,0.125,7,7,AATGCCGACGTCGGTATCAA,0,4906330
ygfS_ygfT_predicted,0.125,7,7,AATGAGTAAAACCTTAGGAA,0,4929431
ygfS_ygfT_predicted,0.125,7,7,AATACGTAGTCGTCAGCCAA,0,4903585
ygfS_ygfT_predicted,0.125,7,7,AATACAGCTCAACGTGAGAA,0,4918215
ygfS_ygfT_predicted,0.125,7,7,AAGTGTTGCGTCCACAAATT,0,4925632
ygfS_ygfT_predicted,0.125,7,7,AAGTCCGATACCTCCGGTAG,0,4929274
ygfS_ygfT_predicted,0.125,7,7,AAGAGATCAAAATCTGTCTG,0,4929184
ygfS_ygfT_predicted,0.125,7,7,AACTTTTCACAGGAGGAAAT,0,4919921
ygfS_ygfT_predicted,0.125,7,7,AACTGTAAAGACTACTTGGA,0,4921343
ygfS_ygfT_predicted,0.125,7,7,AACGGATGGGCCTTCGCGAT,0,4917941
ygfS_ygfT_predicted,0.125,7,7,AACGCTAAAAGACGGAATGG,0,4921916
ygfS_ygfT_predicted,0.125,7,7,AACCTTAGCGCTGATGTATT,0,4925346
ygfS_ygfT_predicted,0.125,7,7,AACCCAACCTGAGGGTAGGG,0,4906740
ygfS_ygfT_predicted,0.125,7,7,AACAAGTGTGTGTCATTGGT,0,4914581
ygfS_ygfT_predicted,0.125,7,7,AACAAGCTCGAAGTATATCT,0,4912610
ygfS_ygfT_predicted,0.125,7,7,AAATGTCTCGATCAGGCTAC,0,4924012
ygfS_ygfT_predicted,0.125,7,7,AAATGGGGCGCGATATCTTC,0,4914804
ygfS_ygfT_predicted,0.125,7,7,AAATGCGCTGTACCCGTATT,0,4900358
ygfS_ygfT_predicted,0.125,7,7,AAATAGCCATAGGTGGAATT,0,4906616
ygfS_ygfT_predicted,0.125,7,7,AAATAACCCGTCTCGGAAGT,0,4915761
ygfS_ygfT_predicted,0.125,7,7,AAAGAGTGCCCAAATGTCCT,0,4908480
ygfS_ygfT_predicted,0.125,7,7,AAACTTCCCGCGGCCTAAAG,0,4919318
ygfS_ygfT_predicted,0.14285714285714285,6,6,TTTTTTTTTAATCCGGATGT,0,4925182
ygfS_ygfT_predicted,0.14285714285714285,6,6,TTTTTGTATTGCATGTAGCC,0,4901817
ygfS_ygfT_predicted,0.14285714285714285,6,6,TTTTGTTCACGAGGCCCCAC,0,4928276
ygfS_ygfT_predicted,0.14285714285714285,6,6,TTTTCCGATTTGGAACATCG,0,4906429
ygfS_ygfT_predicted,0.14285714285714285,6,6,TTTTCCCTGAGAATTGGAAT,0,4927617
ygfS_ygfT_predicted,0.14285714285714285,6,6,TTTTCATGACTTCGTAGAAA,0,4907100
ygfS_ygfT_predicted,0.14285714285714285,6,6,TTTTACTGATGGGCCGCAGT,0,4900596
ygfS_ygfT_predicted,0.14285714285714285,6,6,TTTGTTGGATTTAAAGAGGG,0,4918742
ygfS_ygfT_predicted,0.14285714285714285,6,6,TTTGTTATATTTCATTTACG,0,4905806
ygfS_ygfT_predicted,0.14285714285714285,6,6,TTTCTGGACAAATGCGTCTT,0,4914811
ygfS_ygfT_predicted,0.14285714285714285,6,6,TTTCGCCAGCACTGCCGCTT,0,4914143
ygfS_ygfT_predicted,0.14285714285714285,6,6,TTTATTTTGATATCAACGAC,0,4906873
ygfS_ygfT_predicted,0.14285714285714285,6,6,TTTATGTAGGGCAACCCCGA,0,4926501
ygfS_ygfT_predicted,0.14285714285714285,6,6,TTTATCTCAACTTCGAGTTT,0,4914973
ygfS_ygfT_predicted,0.14285714285714285,6,6,TTGTCTATACGGAGTGGGTA,0,4927743
ygfS_ygfT_predicted,0.14285714285714285,6,6,TTGTCGAAGCATAACATACC,0,4906864
ygfS_ygfT_predicted,0.14285714285714285,6,6,TTGTCATCTCAATGTAAAGG,0,4903575
ygfS_ygfT_predicted,0.14285714285714285,6,6,TTGTAGCCTCGCCCCGCCTA,0,4915186
ygfS_ygfT_predicted,0.14285714285714285,6,6,TTGTAGCATATTAAGTGTTG,0,4904767
ygfS_ygfT_predicted,0.14285714285714285,6,6,TTGTACGGTTTCGACTTAAC,0,4906818
ygfS_ygfT_predicted,0.14285714285714285,6,6,TTGGCCGGTGACATGGTGCG,0,4930104
ygfS_ygfT_predicted,0.14285714285714285,6,6,TTGCCGTGTAGCATGAGTCA,0,4915145
ygfS_ygfT_predicted,0.14285714285714285,6,6,TTGCCCTTAATGTTAGTTTT,0,4926557
ygfS_ygfT_predicted,0.14285714285714285,6,6,TTGCCCATGTGATACAGAAG,0,4909130
ygfS_ygfT_predicted,0.14285714285714285,6,6,TTCTAACCATTCGTCGGGGA,0,4911388
ygfS_ygfT_predicted,0.14285714285714285,6,6,TTCGGGTAACCGGAAACGCT,0,4917703
ygfS_ygfT_predicted,0.14285714285714285,6,6,TTCGATAGCCTTATGGGACG,0,4925352
ygfS_ygfT_predicted,0.14285714285714285,6,6,TTCGAGGATCAGAGGGGCTG,0,4901586
ygfS_ygfT_predicted,0.14285714285714285,6,6,TTCCCTCTCGGCTCCTTGAC,0,4924292
ygfS_ygfT_predicted,0.14285714285714285,6,6,TTCAGGCGCCCTCCGAATAC,0,4921556
ygfS_ygfT_predicted,0.14285714285714285,6,6,TTACCGCAACTGACGTTAGG,0,4902859
ygfS_ygfT_predicted,0.14285714285714285,6,6,TTACATAGTTGGGAAGCCAC,0,4900883
ygfS_ygfT_predicted,0.14285714285714285,6,6,TTACAATAGATCGACTAACC,0,4909793
ygfS_ygfT_predicted,0.14285714285714285,6,6,TTAAAACCGGATAAACAACT,0,4920208
ygfS_ygfT_predicted,0.14285714285714285,6,6,TGTTATCGTTTACAGCGAAC,0,4925080
ygfS_ygfT_predicted,0.14285714285714285,6,6,TGTGTGATTCTGCGTAACTC,0,4901282
ygfS_ygfT_predicted,0.14285714285714285,6,6,TGTCAGCGAGCGGCACGTTT,0,4921918
ygfS_ygfT_predicted,0.14285714285714285,6,6,TGTACCTTGGTGGGCACATG,0,4909886
ygfS_ygfT_predicted,0.14285714285714285,6,6,TGGTTTAGCAAGCAGCTATG,0,4913011
ygfS_ygfT_predicted,0.14285714285714285,6,6,TGGTTATTAAGTTGTTCTGG,0,4911857
ygfS_ygfT_predicted,0.14285714285714285,6,6,TGGTCATAGATCGGTATAGC,0,4899943
ygfS_ygfT_predicted,0.14285714285714285,6,6,TGGGTTGAAGGTCTACCCAC,0,4917578
ygfS_ygfT_predicted,0.14285714285714285,6,6,TGGGAGGGCGGGGTCTCCTC,0,4926700
ygfS_ygfT_predicted,0.14285714285714285,6,6,TGGGACCTCAAGCCTCACAT,0,4928301
ygfS_ygfT_predicted,0.14285714285714285,6,6,TGGCTCAATAGCGGTCCCTG,0,4920526
ygfS_ygfT_predicted,0.14285714285714285,6,6,TGGCTATGGGTCCGCCAAAT,0,4901923
ygfS_ygfT_predicted,0.14285714285714285,6,6,TGGCGCCCGCTGTGTACCTG,0,4906990
ygfS_ygfT_predicted,0.14285714285714285,6,6,TGGCCCCTCACGGATCCTTG,0,4905053
ygfS_ygfT_predicted,0.14285714285714285,6,6,TGGCAGACTCTGACTCAGGA,0,4911869
ygfS_ygfT_predicted,0.14285714285714285,6,6,TGCTGGTACGCAGAAAGTTT,0,4928299
ygfS_ygfT_predicted,0.14285714285714285,6,6,TGCGTCAAAATCACGAGCTT,0,4900024
ygfS_ygfT_predicted,0.14285714285714285,6,6,TGCGGTTTGTAGGACGTCAC,0,4903537
ygfS_ygfT_predicted,0.14285714285714285,6,6,TGCGCCAAGTGGGTTCATGC,0,4905919
ygfS_ygfT_predicted,0.14285714285714285,6,6,TGCACATGACTATTGTGCAA,0,4920802
ygfS_ygfT_predicted,0.14285714285714285,6,6,TGATAGTCACGACCATTACA,0,4924676
ygfS_ygfT_predicted,0.14285714285714285,6,6,TGATACCAGTAGGCACATCG,0,4907837
ygfS_ygfT_predicted,0.14285714285714285,6,6,TGAGTCATGGACTTTATTAT,0,4912078
ygfS_ygfT_predicted,0.14285714285714285,6,6,TGAGCCATAAAATTTTCGTT,0,4916850
ygfS_ygfT_predicted,0.14285714285714285,6,6,TGAGCATATCCGCACGTTCA,0,4905060
ygfS_ygfT_predicted,0.14285714285714285,6,6,TGACGACCATCCCTCTCAAT,0,4920057
ygfS_ygfT_predicted,0.14285714285714285,6,6,TGAAGCTTAAATAAGGCTAT,0,4928966
ygfS_ygfT_predicted,0.14285714285714285,6,6,TGAAAGCGGGCGACAGACCG,0,4907509
ygfS_ygfT_predicted,0.14285714285714285,6,6,TCTTCGGCTATGATCTTTGA,0,4929169
ygfS_ygfT_predicted,0.14285714285714285,6,6,TCTGCCTGTGCCCAGACCAC,0,4901273
ygfS_ygfT_predicted,0.14285714285714285,6,6,TCGTTTAACAGCTCTGCCCT,0,4917617
ygfS_ygfT_predicted,0.14285714285714285,6,6,TCGTCGTGACAACAGAACAG,0,4917771
ygfS_ygfT_predicted,0.14285714285714285,6,6,TCGTAAGGCCCATGTATCCT,0,4923268
ygfS_ygfT_predicted,0.14285714285714285,6,6,TCGGGTGCCCGGCGCTAATC,0,4911600
ygfS_ygfT_predicted,0.14285714285714285,6,6,TCGGAATCGAGAGAGTCCTC,0,4900979
ygfS_ygfT_predicted,0.14285714285714285,6,6,TCGCTAGTGAGCGTGCACTC,0,4910953
ygfS_ygfT_predicted,0.14285714285714285,6,6,TCCCGGAGGCCAAATCGTAA,0,4917599
ygfS_ygfT_predicted,0.14285714285714285,6,6,TCCATTACTCCGGGCATTTG,0,4917643
ygfS_ygfT_predicted,0.14285714285714285,6,6,TCATTAGTACTGACAAGATC,0,4904407
ygfS_ygfT_predicted,0.14285714285714285,6,6,TCATATAATTTTCGACCGAT,0,4905128
ygfS_ygfT_predicted,0.14285714285714285,6,6,TCATACCCATCTCTGTGGGC,0,4900897
ygfS_ygfT_predicted,0.14285714285714285,6,6,TCAGTGCTGGATGCACACAC,0,4925748
ygfS_ygfT_predicted,0.14285714285714285,6,6,TCAGTCTCAACAGCGGTGGA,0,4900576
ygfS_ygfT_predicted,0.14285714285714285,6,6,TCAGATATAACAATTCCCAG,0,4930716
ygfS_ygfT_predicted,0.14285714285714285,6,6,TCACTTGCACCAGGAGCCTC,0,4910239
ygfS_ygfT_predicted,0.14285714285714285,6,6,TCACACTTAAACTCCTACTT,0,4903239
ygfS_ygfT_predicted,0.14285714285714285,6,6,TCAAAGCTTGGGCTCTTTAA,0,4915731
ygfS_ygfT_predicted,0.14285714285714285,6,6,TATTGTCTCGCCATGCTATA,0,4903236
ygfS_ygfT_predicted,0.14285714285714285,6,6,TATTGGCCGGTGTTTTAACA,0,4913008
ygfS_ygfT_predicted,0.14285714285714285,6,6,TATGTGACTCCACACGTAAT,0,4929570
ygfS_ygfT_predicted,0.14285714285714285,6,6,TATGGTGCAAAAAGAATGCG,0,4919123
ygfS_ygfT_predicted,0.14285714285714285,6,6,TATGAGCACCTGGTGGGGAT,0,4922472
ygfS_ygfT_predicted,0.14285714285714285,6,6,TATCGGGGTCGAAACTGTGA,0,4902338
ygfS_ygfT_predicted,0.14285714285714285,6,6,TATCGATATGCAGTCGGTAA,0,4908730
ygfS_ygfT_predicted,0.14285714285714285,6,6,TATCCTTTGCTTAGTTGGCA,0,4906528
ygfS_ygfT_predicted,0.14285714285714285,6,6,TATACTGGAGGTCAAGGGGA,0,4919362
ygfS_ygfT_predicted,0.14285714285714285,6,6,TAGGTAGCTTTCCCCCTGCA,0,4931058
ygfS_ygfT_predicted,0.14285714285714285,6,6,TAGCCCACTCCTGCGATAGC,0,4906753
ygfS_ygfT_predicted,0.14285714285714285,6,6,TACTTGCATCAGGGGCCACC,0,4901568
ygfS_ygfT_predicted,0.14285714285714285,6,6,TACGCCTCACGTATCGGTGC,0,4907027
ygfS_ygfT_predicted,0.14285714285714285,6,6,TACCTATTTGAATTGAGGAG,0,4912821
ygfS_ygfT_predicted,0.14285714285714285,6,6,TACCGGGCGTGTCAGCTTAT,0,4914335
ygfS_ygfT_predicted,0.14285714285714285,6,6,TACCAGAGCTATCACAATTT,0,4908485
ygfS_ygfT_predicted,0.14285714285714285,6,6,TACCACTTGAGCCATCCTTA,0,4929755
ygfS_ygfT_predicted,0.14285714285714285,6,6,TACATTTCCGATTTTACTGA,0,4924773
ygfS_ygfT_predicted,0.14285714285714285,6,6,TACATTCTTGCCTGTCGGAC,0,4909516
ygfS_ygfT_predicted,0.14285714285714285,6,6,TACATTCTATGCGGGATGGT,0,4929947
ygfS_ygfT_predicted,0.14285714285714285,6,6,TACAGATAGGGGTCTATCCG,0,4925093
ygfS_ygfT_predicted,0.14285714285714285,6,6,TACACAGAGTGGTCCGTAGG,0,4904786
ygfS_ygfT_predicted,0.14285714285714285,6,6,TAATTTCTTTGGGGTTCTGT,0,4922613
ygfS_ygfT_predicted,0.14285714285714285,6,6,TAATCGCTCTCAGCGGGACC,0,4923521
ygfS_ygfT_predicted,0.14285714285714285,6,6,TAACTGCGAGTGAGGTTGAA,0,4914259
ygfS_ygfT_predicted,0.14285714285714285,6,6,TAACATTTATGCGACGTTGA,0,4904930
ygfS_ygfT_predicted,0.14285714285714285,6,6,TAAAATCACATCGAGTATTG,0,4913182
ygfS_ygfT_predicted,0.14285714285714285,6,6,GTTTTAACCGGTGCTTTTCT,0,4928642
ygfS_ygfT_predicted,0.14285714285714285,6,6,GTTTGATATTTACAGGGATA,0,4918593
ygfS_ygfT_predicted,0.14285714285714285,6,6,GTTTATCTATATCCGGACGG,0,4926417
ygfS_ygfT_predicted,0.14285714285714285,6,6,GTTTATCAAATGCGTGTGGC,0,4900302
ygfS_ygfT_predicted,0.14285714285714285,6,6,GTTGGCAGGTTCCGTCGCAG,0,4899765
ygfS_ygfT_predicted,0.14285714285714285,6,6,GTTGGCAGAATCGGAGTAAT,0,4922077
ygfS_ygfT_predicted,0.14285714285714285,6,6,GTTGCGGGTTTCCAGGTGTT,0,4917706
ygfS_ygfT_predicted,0.14285714285714285,6,6,GTTGAGCTGTGCGTCGTATT,0,4921615
ygfS_ygfT_predicted,0.14285714285714285,6,6,GTTCTTTGTTCGGTGACAGG,0,4904961
ygfS_ygfT_predicted,0.14285714285714285,6,6,GTTCTACAAGAGATGAGTCT,0,4912424
ygfS_ygfT_predicted,0.14285714285714285,6,6,GTGGGGTTTAAAACGCTCCT,0,4919696
ygfS_ygfT_predicted,0.14285714285714285,6,6,GTGGACCAGGACGGCAGCAT,0,4921171
ygfS_ygfT_predicted,0.14285714285714285,6,6,GTGCTTAGGAAGCCGTCTTT,0,4910330
ygfS_ygfT_predicted,0.14285714285714285,6,6,GTGCAGCATTAGGTATCTAA,0,4901402
ygfS_ygfT_predicted,0.14285714285714285,6,6,GTGCAAAGGAACCCGCTCAG,0,4900781
ygfS_ygfT_predicted,0.14285714285714285,6,6,GTGATCTTTAAATAAAAAGT,0,4920781
ygfS_ygfT_predicted,0.14285714285714285,6,6,GTGATAACTCCGAGACTCAC,0,4900113
ygfS_ygfT_predicted,0.14285714285714285,6,6,GTGAGCTCACGGGGTTCCCT,0,4925120
ygfS_ygfT_predicted,0.14285714285714285,6,6,GTCTCACGTTTGAACCCTCG,0,4905912
ygfS_ygfT_predicted,0.14285714285714285,6,6,GTCGTCAGGTATGCAGTCCC,0,4923127
ygfS_ygfT_predicted,0.14285714285714285,6,6,GTCCATAGCCACAGTTGCTT,0,4904535
ygfS_ygfT_predicted,0.14285714285714285,6,6,GTCATACGGGCCGCCCCTCA,0,4900448
ygfS_ygfT_predicted,0.14285714285714285,6,6,GTATTGCGTTCACGTCAGGG,0,4926495
ygfS_ygfT_predicted,0.14285714285714285,6,6,GTATTGCCATAAACCAGTCT,0,4919701
ygfS_ygfT_predicted,0.14285714285714285,6,6,GTATGGCAACATGCCCCACC,0,4930978
ygfS_ygfT_predicted,0.14285714285714285,6,6,GTATCTAATAGGGGACACAT,0,4917844
ygfS_ygfT_predicted,0.14285714285714285,6,6,GTAGCCACTAAGGAAGCTGC,0,4928598
ygfS_ygfT_predicted,0.14285714285714285,6,6,GTAGACGAAGGCGAGTGTGG,0,4910757
ygfS_ygfT_predicted,0.14285714285714285,6,6,GTACTAAGAGAGCGCGTATC,0,4908440
ygfS_ygfT_predicted,0.14285714285714285,6,6,GTAAGCTAAATGTTGACGCA,0,4909033
ygfS_ygfT_predicted,0.14285714285714285,6,6,GTAACACTTTGGGAAATGAT,0,4906965
ygfS_ygfT_predicted,0.14285714285714285,6,6,GTAAAATCGTTATGTAATCT,0,4906085
ygfS_ygfT_predicted,0.14285714285714285,6,6,GGTTACAGATAGTAAGAGAC,0,4919478
ygfS_ygfT_predicted,0.14285714285714285,6,6,GGTGCGGTCCGTTGCAGTCT,0,4921813
ygfS_ygfT_predicted,0.14285714285714285,6,6,GGTCGGCGTGCAGAGATGTC,0,4929654
ygfS_ygfT_predicted,0.14285714285714285,6,6,GGTCGGACAATTTCCCATCT,0,4905893
ygfS_ygfT_predicted,0.14285714285714285,6,6,GGTCGAGCAATCAGCCGTCT,0,4926808
ygfS_ygfT_predicted,0.14285714285714285,6,6,GGTCAGCGCTACGATCCCCC,0,4900141
ygfS_ygfT_predicted,0.14285714285714285,6,6,GGGTTCGGAGAGTGGCTAAA,0,4913467
ygfS_ygfT_predicted,0.14285714285714285,6,6,GGGTGTAGATCCACCAACAT,0,4910254
ygfS_ygfT_predicted,0.14285714285714285,6,6,GGGAGTTAACCATCAGGCGA,0,4912792
ygfS_ygfT_predicted,0.14285714285714285,6,6,GGCTTCTCGCAGGCACGGGA,0,4901496
ygfS_ygfT_predicted,0.14285714285714285,6,6,GGCTTCACCACGTTGGGATC,0,4926715
ygfS_ygfT_predicted,0.14285714285714285,6,6,GGCTCGTGTGGATCATCGAC,0,4913728
ygfS_ygfT_predicted,0.14285714285714285,6,6,GGCTAAGCTAATTGTCCGGA,0,4899985
ygfS_ygfT_predicted,0.14285714285714285,6,6,GGCGTTTGTGGACTTCAAAC,0,4906065
ygfS_ygfT_predicted,0.14285714285714285,6,6,GGCGGTAGCTAGCAGGACAA,0,4920558
ygfS_ygfT_predicted,0.14285714285714285,6,6,GGCAGTTAAATGAAGTAAAC,0,4907831
ygfS_ygfT_predicted,0.14285714285714285,6,6,GGCAGTCTAGCATTGGTACT,0,4909803
ygfS_ygfT_predicted,0.14285714285714285,6,6,GGCACTGGCACATGCACAAA,0,4915275
ygfS_ygfT_predicted,0.14285714285714285,6,6,GGCAAGCCATTGATGGCCAG,0,4902547
ygfS_ygfT_predicted,0.14285714285714285,6,6,GGATCCAGTGTCCTCAATAT,0,4919252
ygfS_ygfT_predicted,0.14285714285714285,6,6,GGAGGCAATAGCAAGTAAGG,0,4920789
ygfS_ygfT_predicted,0.14285714285714285,6,6,GGAGACCGCTACCTATTGGA,0,4918171
ygfS_ygfT_predicted,0.14285714285714285,6,6,GGAAAGTAGAAGCGCTTCTA,0,4927633
ygfS_ygfT_predicted,0.14285714285714285,6,6,GCTTATGTGGTGTGTCCAGT,0,4931339
ygfS_ygfT_predicted,0.14285714285714285,6,6,GCTTATAAGGGTGTTTACCC,0,4900435
ygfS_ygfT_predicted,0.14285714285714285,6,6,GCTGGGGCGGAGGGGCCAAA,0,4929618
ygfS_ygfT_predicted,0.14285714285714285,6,6,GCTGCCCCCATAGTTAAATT,0,4904680
ygfS_ygfT_predicted,0.14285714285714285,6,6,GCTGAGACTCACGATAGCTT,0,4930792
ygfS_ygfT_predicted,0.14285714285714285,6,6,GCTCTTTTTCGCTGGTGAAC,0,4907917
ygfS_ygfT_predicted,0.14285714285714285,6,6,GCTCTGTTGTCTGTTATCCC,0,4902407
ygfS_ygfT_predicted,0.14285714285714285,6,6,GCTAATAGTTCATCCGCGAG,0,4915963
ygfS_ygfT_predicted,0.14285714285714285,6,6,GCTAAGCTGAACTTACGATG,0,4916829
ygfS_ygfT_predicted,0.14285714285714285,6,6,GCGGTGGAAGTGACCTGGTT,0,4928558
ygfS_ygfT_predicted,0.14285714285714285,6,6,GCGGTATAGATCTCCGCGGT,0,4919650
ygfS_ygfT_predicted,0.14285714285714285,6,6,GCGGGCAATGACTGCTGGGT,0,4930363
ygfS_ygfT_predicted,0.14285714285714285,6,6,GCGCTATACGCACAACTACC,0,4907237
ygfS_ygfT_predicted,0.14285714285714285,6,6,GCGCACCAGGCCAGGGAGTG,0,4903867
ygfS_ygfT_predicted,0.14285714285714285,6,6,GCGAATTTCGTAACGCTTAG,0,4910903
ygfS_ygfT_predicted,0.14285714285714285,6,6,GCCTTTAAGGGTGAGATCCA,0,4918965
ygfS_ygfT_predicted,0.14285714285714285,6,6,GCCTATGTGCTACGTTTTAG,0,4924441
ygfS_ygfT_predicted,0.14285714285714285,6,6,GCCGGATGGTTCCAATGGAA,0,4925411
ygfS_ygfT_predicted,0.14285714285714285,6,6,GCCGCACCTTGGTTTTTAAT,0,4924745
ygfS_ygfT_predicted,0.14285714285714285,6,6,GCCCCCAAGCAACCTCACTC,0,4916770
ygfS_ygfT_predicted,0.14285714285714285,6,6,GCCCACCGAGTCTATGCAGT,0,4907025
ygfS_ygfT_predicted,0.14285714285714285,6,6,GCCACTACTCTTCTTAAGCC,0,4912350
ygfS_ygfT_predicted,0.14285714285714285,6,6,GCATATGAATCGATGTGTGT,0,4914651
ygfS_ygfT_predicted,0.14285714285714285,6,6,GCATAGTTCTGCTGGGGGCA,0,4911054
ygfS_ygfT_predicted,0.14285714285714285,6,6,GCATACGACCGCGCATTTGG,0,4911948
ygfS_ygfT_predicted,0.14285714285714285,6,6,GCAGCTTTAGCTACGTTACG,0,4908677
ygfS_ygfT_predicted,0.14285714285714285,6,6,GCAGAAATTTCTCACCGTAG,0,4903749
ygfS_ygfT_predicted,0.14285714285714285,6,6,GCAACTGCGTCAGGGACGCT,0,4900800
ygfS_ygfT_predicted,0.14285714285714285,6,6,GATTTCTGTTAGGGAAAGAT,0,4922805
ygfS_ygfT_predicted,0.14285714285714285,6,6,GATTCTTTGTGTCGCATGGA,0,4912799
ygfS_ygfT_predicted,0.14285714285714285,6,6,GATTAAGGGAGAAAGTTTTT,0,4903930
ygfS_ygfT_predicted,0.14285714285714285,6,6,GATGACATGGTCCGCGAGCG,0,4910950
ygfS_ygfT_predicted,0.14285714285714285,6,6,GATCGCCTACTCTAAAAACT,0,4907976
ygfS_ygfT_predicted,0.14285714285714285,6,6,GATATTGATGCATTTACCAG,0,4910381
ygfS_ygfT_predicted,0.14285714285714285,6,6,GATAGGTGTTCTTGTGGCTC,0,4929965
ygfS_ygfT_predicted,0.14285714285714285,6,6,GATACACTTCACTGCCGGGG,0,4906912
ygfS_ygfT_predicted,0.14285714285714285,6,6,GAGTCGCTGCGCATCAAGTC,0,4908100
ygfS_ygfT_predicted,0.14285714285714285,6,6,GAGGTTATCTCTGGTTCCTT,0,4921084
ygfS_ygfT_predicted,0.14285714285714285,6,6,GAGGTGGAACGGGCCGCACT,0,4920551
ygfS_ygfT_predicted,0.14285714285714285,6,6,GAGGAAGTCGGCCACAGTGA,0,4914101
ygfS_ygfT_predicted,0.14285714285714285,6,6,GAGCACAGACCGCAGTTGGC,0,4900473
ygfS_ygfT_predicted,0.14285714285714285,6,6,GACGTGCGTCTCCGGATAGC,0,4905984
ygfS_ygfT_predicted,0.14285714285714285,6,6,GACGGCTGGTTGGACGCGAC,0,4917159
ygfS_ygfT_predicted,0.14285714285714285,6,6,GACCTTCTTGCCCGATACAT,0,4921518
ygfS_ygfT_predicted,0.14285714285714285,6,6,GACCGTGCAAACCGTTAGGA,0,4920939
ygfS_ygfT_predicted,0.14285714285714285,6,6,GACCCAGGTCACAAGCGGCA,0,4929995
ygfS_ygfT_predicted,0.14285714285714285,6,6,GACCAATTGCGTCTCAAGAA,0,4927251
ygfS_ygfT_predicted,0.14285714285714285,6,6,GACAAAGTTGGTTTCGTGCC,0,4908000
ygfS_ygfT_predicted,0.14285714285714285,6,6,GAATTTCGGCGGAGTCGGGG,0,4915380
ygfS_ygfT_predicted,0.14285714285714285,6,6,GAATGGATTTGACAAATTGT,0,4925161
ygfS_ygfT_predicted,0.14285714285714285,6,6,GAAGTAATCGATACCCGCAT,0,4913604
ygfS_ygfT_predicted,0.14285714285714285,6,6,GAAGCAGACCAGCACGATTG,0,4900793
ygfS_ygfT_predicted,0.14285714285714285,6,6,GAAGAATTTCCGACTCGACT,0,4929134
ygfS_ygfT_predicted,0.14285714285714285,6,6,GAACTCTGAACAAGTGGAGC,0,4909828
ygfS_ygfT_predicted,0.14285714285714285,6,6,GAACCGGGCGCTGACAGACT,0,4906382
ygfS_ygfT_predicted,0.14285714285714285,6,6,GAAATTAACTTCATTAGTGG,0,4902250
ygfS_ygfT_predicted,0.14285714285714285,6,6,GAAAGCCTCTGGTGGTGTAT,0,4913987
ygfS_ygfT_predicted,0.14285714285714285,6,6,GAAACGGCACGCCTTGGATG,0,4902472
ygfS_ygfT_predicted,0.14285714285714285,6,6,CTTTCTCAATGACGGCTATA,0,4915187
ygfS_ygfT_predicted,0.14285714285714285,6,6,CTTTCCCGGTCGTTTACGCA,0,4914175
ygfS_ygfT_predicted,0.14285714285714285,6,6,CTTGTTCAATACCATATCAC,0,4904435
ygfS_ygfT_predicted,0.14285714285714285,6,6,CTTGGGGGCGAATAGCACAA,0,4920631
ygfS_ygfT_predicted,0.14285714285714285,6,6,CTTGCACCCTGGCGGAGAGC,0,4925875
ygfS_ygfT_predicted,0.14285714285714285,6,6,CTTATAGTCAAAAGGCAATA,0,4908560
ygfS_ygfT_predicted,0.14285714285714285,6,6,CTTAATTATTAAGGAATACT,0,4906635
ygfS_ygfT_predicted,0.14285714285714285,6,6,CTGTATGCTAAGATGCGATT,0,4914131
ygfS_ygfT_predicted,0.14285714285714285,6,6,CTGGGGACGTTGGCGACAAG,0,4913178
ygfS_ygfT_predicted,0.14285714285714285,6,6,CTGGAGATTGGCACACGGCG,0,4920679
ygfS_ygfT_predicted,0.14285714285714285,6,6,CTGAGGGGCAGAGAGGTGGT,0,4908108
ygfS_ygfT_predicted,0.14285714285714285,6,6,CTGAAACGTCTCTCGTAAGC,0,4904567
ygfS_ygfT_predicted,0.14285714285714285,6,6,CTCTTTCATTTAGGGTGCGA,0,4906224
ygfS_ygfT_predicted,0.14285714285714285,6,6,CTCTAGGGAGCAGAGAGCAA,0,4926052
ygfS_ygfT_predicted,0.14285714285714285,6,6,CTCTAGACTATGAGAAACGT,0,4910098
ygfS_ygfT_predicted,0.14285714285714285,6,6,CTCGCATAACGCGTGAGGGC,0,4914489
ygfS_ygfT_predicted,0.14285714285714285,6,6,CTCGCAAGGAATTTTTCTAT,0,4923534
ygfS_ygfT_predicted,0.14285714285714285,6,6,CTCGATTAATTCTCTAAAGA,0,4918527
ygfS_ygfT_predicted,0.14285714285714285,6,6,CTCCGTCCTAGTATTGACCG,0,4907120
ygfS_ygfT_predicted,0.14285714285714285,6,6,CTCATCTCCTTTGATCGAGT,0,4909094
ygfS_ygfT_predicted,0.14285714285714285,6,6,CTCATCCAACTTACAGCATG,0,4905231
ygfS_ygfT_predicted,0.14285714285714285,6,6,CTCATCAGCTCCGCGGTTCG,0,4923118
ygfS_ygfT_predicted,0.14285714285714285,6,6,CTCAGTATAGGTATTTTCTG,0,4906086
ygfS_ygfT_predicted,0.14285714285714285,6,6,CTCAGGTATGACCGGATGAA,0,4911743
ygfS_ygfT_predicted,0.14285714285714285,6,6,CTCAGAGTGGGGTAAAGGTA,0,4900507
ygfS_ygfT_predicted,0.14285714285714285,6,6,CTCACCCGTAACTATACTAT,0,4928216
ygfS_ygfT_predicted,0.14285714285714285,6,6,CTCACAGTCTTCTCTAAATG,0,4907704
ygfS_ygfT_predicted,0.14285714285714285,6,6,CTATAACACGTCATCGCCGC,0,4922345
ygfS_ygfT_predicted,0.14285714285714285,6,6,CTAGTCCGTTACGTGCACAT,0,4929892
ygfS_ygfT_predicted,0.14285714285714285,6,6,CTAGCGTCTATAACCGAGGC,0,4907414
ygfS_ygfT_predicted,0.14285714285714285,6,6,CTAGCCAGGACTTCTTGGCC,0,4917808
ygfS_ygfT_predicted,0.14285714285714285,6,6,CTACGGAGGTGGCGACATTG,0,4917247
ygfS_ygfT_predicted,0.14285714285714285,6,6,CTAACGAAATGAGCATGGGA,0,4899997
ygfS_ygfT_predicted,0.14285714285714285,6,6,CGTTGGACGAGGAGATGCAT,0,4915017
ygfS_ygfT_predicted,0.14285714285714285,6,6,CGTTATACAAAAGGCGCGGA,0,4905512
ygfS_ygfT_predicted,0.14285714285714285,6,6,CGTGTCTCTCAGTGGATTGT,0,4908497
ygfS_ygfT_predicted,0.14285714285714285,6,6,CGTATACACAGGAATCTGAG,0,4901777
ygfS_ygfT_predicted,0.14285714285714285,6,6,CGGGGTTACCCTATTTGGTA,0,4918818
ygfS_ygfT_predicted,0.14285714285714285,6,6,CGGGGCTAAAATTTTTTTGA,0,4923185
ygfS_ygfT_predicted,0.14285714285714285,6,6,CGGGACGATAAGCTTGCGTA,0,4925179
ygfS_ygfT_predicted,0.14285714285714285,6,6,CGGCACCCAGGCCATTGATT,0,4899715
ygfS_ygfT_predicted,0.14285714285714285,6,6,CGGACGGCTGCTCTGAATGT,0,4930243
ygfS_ygfT_predicted,0.14285714285714285,6,6,CGGACCGTCACGAGTGTGCC,0,4907304
ygfS_ygfT_predicted,0.14285714285714285,6,6,CGCTTATCGATTGGAAGGCA,0,4928756
ygfS_ygfT_predicted,0.14285714285714285,6,6,CGCTTACGGAACGATCGCCA,0,4915915
ygfS_ygfT_predicted,0.14285714285714285,6,6,CGCTATTATTTTCTATGTCG,0,4908611
ygfS_ygfT_predicted,0.14285714285714285,6,6,CGCGGAGTCTGGGTATGGGG,0,4908683
ygfS_ygfT_predicted,0.14285714285714285,6,6,CGCGCGAGGAAGCCGCCAGG,0,4919439
ygfS_ygfT_predicted,0.14285714285714285,6,6,CGCATGAAGTGGCTGAATGC,0,4904222
ygfS_ygfT_predicted,0.14285714285714285,6,6,CGCAACTGTCGTAACATTCT,0,4923909
ygfS_ygfT_predicted,0.14285714285714285,6,6,CGAGGCACGGCACTTCTGCA,0,4931262
ygfS_ygfT_predicted,0.14285714285714285,6,6,CGAGGAGTCGCCCGGGGGAT,0,4900443
ygfS_ygfT_predicted,0.14285714285714285,6,6,CGAGAGACACATTTCCAAAA,0,4906966
ygfS_ygfT_predicted,0.14285714285714285,6,6,CGACTGCCCTATGTAGGTTG,0,4916082
ygfS_ygfT_predicted,0.14285714285714285,6,6,CCTTTCAAATGGGTCTATGG,0,4931056
ygfS_ygfT_predicted,0.14285714285714285,6,6,CCTTCCTCAACGGGGTCAGC,0,4930429
ygfS_ygfT_predicted,0.14285714285714285,6,6,CCTTAAGCGCTATTCCAGGT,0,4926935
ygfS_ygfT_predicted,0.14285714285714285,6,6,CCTGTCTGATGGTGCGTCCT,0,4917033
ygfS_ygfT_predicted,0.14285714285714285,6,6,CCTGGTACCTGTCGTCTTGC,0,4922637
ygfS_ygfT_predicted,0.14285714285714285,6,6,CCTGCTTAGCAGGCCCACTC,0,4906404
ygfS_ygfT_predicted,0.14285714285714285,6,6,CCTGAATTCGCATAGACGAC,0,4910255
ygfS_ygfT_predicted,0.14285714285714285,6,6,CCTGAACTCCCCCTGGGATG,0,4931052
ygfS_ygfT_predicted,0.14285714285714285,6,6,CCGTTCCACTCTTGCTTTCC,0,4902982
ygfS_ygfT_predicted,0.14285714285714285,6,6,CCGCTACCCGAGCATATGGT,0,4931013
ygfS_ygfT_predicted,0.14285714285714285,6,6,CCGCGACGCTATAAGCACCA,0,4899920
ygfS_ygfT_predicted,0.14285714285714285,6,6,CCGCCTATCACTGAGGAGTG,0,4914142
ygfS_ygfT_predicted,0.14285714285714285,6,6,CCGAGATTCGCCCGCCGCTT,0,4918861
ygfS_ygfT_predicted,0.14285714285714285,6,6,CCGAATGTATCGCCCGAGGT,0,4925227
ygfS_ygfT_predicted,0.14285714285714285,6,6,CCCTTTACCCAAGATGGCGT,0,4929966
ygfS_ygfT_predicted,0.14285714285714285,6,6,CCCTGCATCAAAACAAAGGC,0,4901214
ygfS_ygfT_predicted,0.14285714285714285,6,6,CCCTGAGAATAGGTCGTCGG,0,4906485
ygfS_ygfT_predicted,0.14285714285714285,6,6,CCCTCTAGGCTATGGCAGTG,0,4904472
ygfS_ygfT_predicted,0.14285714285714285,6,6,CCCTCCCTTGTTACAAATTT,0,4918320
ygfS_ygfT_predicted,0.14285714285714285,6,6,CCCGTCCCCAAAATTGGTAC,0,4930639
ygfS_ygfT_predicted,0.14285714285714285,6,6,CCCCCGTATACGCTCTTCTC,0,4921232
ygfS_ygfT_predicted,0.14285714285714285,6,6,CCCCATCGTGATGGTTACGT,0,4922358
ygfS_ygfT_predicted,0.14285714285714285,6,6,CCCACCGTATTTATTATCAT,0,4926827
ygfS_ygfT_predicted,0.14285714285714285,6,6,CCATTAGGTGACCTCCTGGA,0,4927867
ygfS_ygfT_predicted,0.14285714285714285,6,6,CCATCGATGTCATAGGGCTT,0,4909102
ygfS_ygfT_predicted,0.14285714285714285,6,6,CCAGCAAATAATGGCAGTGT,0,4924651
ygfS_ygfT_predicted,0.14285714285714285,6,6,CCACTTGGTGGGTTTTAGTA,0,4906233
ygfS_ygfT_predicted,0.14285714285714285,6,6,CCACGGCCTAGCTATGCATG,0,4908932
ygfS_ygfT_predicted,0.14285714285714285,6,6,CCACCAAGAAATCGGGCGAC,0,4905810
ygfS_ygfT_predicted,0.14285714285714285,6,6,CCAACTCTTGACGCCATGAG,0,4905599
ygfS_ygfT_predicted,0.14285714285714285,6,6,CCAACGCTATCGATCCTGGT,0,4918595
ygfS_ygfT_predicted,0.14285714285714285,6,6,CCAAAGTGAATCCAGTATGT,0,4914911
ygfS_ygfT_predicted,0.14285714285714285,6,6,CATGTATGGAGTCGGTAAAA,0,4924096
ygfS_ygfT_predicted,0.14285714285714285,6,6,CATGACCAGGGTGGATTGAA,0,4929694
ygfS_ygfT_predicted,0.14285714285714285,6,6,CATACAAACTTAACTCTGGA,0,4906399
ygfS_ygfT_predicted,0.14285714285714285,6,6,CAGTTGTAAGTCAAGTATCA,0,4924321
ygfS_ygfT_predicted,0.14285714285714285,6,6,CAGTCTCCTCTATATTATCC,0,4903259
ygfS_ygfT_predicted,0.14285714285714285,6,6,CAGTCTAACTCACGACTGGT,0,4922857
ygfS_ygfT_predicted,0.14285714285714285,6,6,CAGTACCGCTAGGATTTGCA,0,4914597
ygfS_ygfT_predicted,0.14285714285714285,6,6,CAGGATGACACGTGGCTGTA,0,4928745
ygfS_ygfT_predicted,0.14285714285714285,6,6,CAGCGTGCAAGGAAGGTTTT,0,4904766
ygfS_ygfT_predicted,0.14285714285714285,6,6,CAGCCAATGCCCTTCTCGTA,0,4904630
ygfS_ygfT_predicted,0.14285714285714285,6,6,CAGCACATTAGACTTCCGGG,0,4901029
ygfS_ygfT_predicted,0.14285714285714285,6,6,CAGAGTACCGATTTTGAACT,0,4901432
ygfS_ygfT_predicted,0.14285714285714285,6,6,CACTTTCCAGTTCCACTTTT,0,4913329
ygfS_ygfT_predicted,0.14285714285714285,6,6,CACTGGGTATTTGAACCCGT,0,4929731
ygfS_ygfT_predicted,0.14285714285714285,6,6,CACGGGCATAGAGGCATGGA,0,4929651
ygfS_ygfT_predicted,0.14285714285714285,6,6,CACGCGCCCAGAAATACATT,0,4916625
ygfS_ygfT_predicted,0.14285714285714285,6,6,CACGCGCATGTTTGATTACA,0,4926733
ygfS_ygfT_predicted,0.14285714285714285,6,6,CACGCCTCAGTTCCTAAGGG,0,4908021
ygfS_ygfT_predicted,0.14285714285714285,6,6,CACGATGACTGAAATACCCC,0,4913031
ygfS_ygfT_predicted,0.14285714285714285,6,6,CACGAAGAGACTAAGCTGGT,0,4911348
ygfS_ygfT_predicted,0.14285714285714285,6,6,CACCGGACATTCTAGGTCAG,0,4902191
ygfS_ygfT_predicted,0.14285714285714285,6,6,CACCGATGCATCCGAATCAT,0,4916231
ygfS_ygfT_predicted,0.14285714285714285,6,6,CACCCAAAGAGGCCACTGAA,0,4928596
ygfS_ygfT_predicted,0.14285714285714285,6,6,CACCATTCGCAGAGCATGGG,0,4904666
ygfS_ygfT_predicted,0.14285714285714285,6,6,CACAGAACGGGCAAGCGTCG,0,4917137
ygfS_ygfT_predicted,0.14285714285714285,6,6,CACACTGTTTAGTTCAGAGA,0,4911308
ygfS_ygfT_predicted,0.14285714285714285,6,6,CAATGTTATCGACCATCGAA,0,4907030
ygfS_ygfT_predicted,0.14285714285714285,6,6,CAATAAGGGTCCTGATAGGT,0,4918281
ygfS_ygfT_predicted,0.14285714285714285,6,6,CAATAAACGTGCAATGCGAA,0,4917676
ygfS_ygfT_predicted,0.14285714285714285,6,6,CAAGATCACGGGCACGTCAA,0,4912134
ygfS_ygfT_predicted,0.14285714285714285,6,6,CAAGAATAGATCTCCTGCAG,0,4913500
ygfS_ygfT_predicted,0.14285714285714285,6,6,CAACCTCTCCCCTCATGACC,0,4914736
ygfS_ygfT_predicted,0.14285714285714285,6,6,CAAATAAGCCAGGACTCGTG,0,4909317
ygfS_ygfT_predicted,0.14285714285714285,6,6,CAAAGGAAGCATTCCCGTTC,0,4927353
ygfS_ygfT_predicted,0.14285714285714285,6,6,CAAAACCGACCTGGCTGCTA,0,4901607
ygfS_ygfT_predicted,0.14285714285714285,6,6,ATTTCGACAGGCGGCCCTTG,0,4915311
ygfS_ygfT_predicted,0.14285714285714285,6,6,ATTTCCAGTCCCCTCCCTGC,0,4927311
ygfS_ygfT_predicted,0.14285714285714285,6,6,ATTGGTTTATGGCGATCTAT,0,4911244
ygfS_ygfT_predicted,0.14285714285714285,6,6,ATTGAGAGCGATCGTCGAAG,0,4907670
ygfS_ygfT_predicted,0.14285714285714285,6,6,ATTCTCCGAAAGTCCATCTA,0,4928853
ygfS_ygfT_predicted,0.14285714285714285,6,6,ATTCTCCCTATGGACTTAAG,0,4924999
ygfS_ygfT_predicted,0.14285714285714285,6,6,ATTCACTCAGTCGTGTTTGA,0,4925002
ygfS_ygfT_predicted,0.14285714285714285,6,6,ATTAGGACTATAGGGTACTG,0,4927453
ygfS_ygfT_predicted,0.14285714285714285,6,6,ATTAGCCTCGCCTGTGCCTA,0,4901146
ygfS_ygfT_predicted,0.14285714285714285,6,6,ATTAAGGACGAGGCATGTTA,0,4920552
ygfS_ygfT_predicted,0.14285714285714285,6,6,ATGTTCCCAACTGTGCAAGT,0,4919245
ygfS_ygfT_predicted,0.14285714285714285,6,6,ATGTTAACATTGTTACCTCG,0,4921185
ygfS_ygfT_predicted,0.14285714285714285,6,6,ATGTATACATCACACCTTTG,0,4929645
ygfS_ygfT_predicted,0.14285714285714285,6,6,ATGGTCCTCTGTACCGCTAT,0,4919279
ygfS_ygfT_predicted,0.14285714285714285,6,6,ATGGGCAGGTGAAGAGGGTG,0,4907801
ygfS_ygfT_predicted,0.14285714285714285,6,6,ATGGAATAGATTAGTCGGCT,0,4914527
ygfS_ygfT_predicted,0.14285714285714285,6,6,ATGCGTTCTATCAATGGCTA,0,4918130
ygfS_ygfT_predicted,0.14285714285714285,6,6,ATGCGATCTTGTAACACTTA,0,4922126
ygfS_ygfT_predicted,0.14285714285714285,6,6,ATGCCTAGACCTTACTAGAC,0,4907890
ygfS_ygfT_predicted,0.14285714285714285,6,6,ATGAAATTCCCTGCGACACA,0,4914158
ygfS_ygfT_predicted,0.14285714285714285,6,6,ATCTTCGAGTTCATTCCGGG,0,4917184
ygfS_ygfT_predicted,0.14285714285714285,6,6,ATCTGTGCTAGATTCGACAT,0,4916903
ygfS_ygfT_predicted,0.14285714285714285,6,6,ATCGATATCTCCTATGGGGT,0,4927961
ygfS_ygfT_predicted,0.14285714285714285,6,6,ATCCAATTGGGGGGTTTCGC,0,4921207
ygfS_ygfT_predicted,0.14285714285714285,6,6,ATCATCGGTTCATGCAGCGA,0,4909875
ygfS_ygfT_predicted,0.14285714285714285,6,6,ATCATAGTGATATCAGCGGT,0,4918002
ygfS_ygfT_predicted,0.14285714285714285,6,6,ATCATAGACCGGTAAGACGT,0,4907794
ygfS_ygfT_predicted,0.14285714285714285,6,6,ATCAAGGCCCGATCGTACTT,0,4923322
ygfS_ygfT_predicted,0.14285714285714285,6,6,ATATATATATGTATCGCTAA,0,4928594
ygfS_ygfT_predicted,0.14285714285714285,6,6,ATATAATTGGGGAAACCCAG,0,4930768
ygfS_ygfT_predicted,0.14285714285714285,6,6,ATAGGGAACGCGCGCTACAC,0,4907322
ygfS_ygfT_predicted,0.14285714285714285,6,6,ATAGAAGCTTTGCATAACAA,0,4921943
ygfS_ygfT_predicted,0.14285714285714285,6,6,ATACCGCGGGGGCGCCAACA,0,4903294
ygfS_ygfT_predicted,0.14285714285714285,6,6,ATACCGACCTCGCTGGGTGC,0,4920374
ygfS_ygfT_predicted,0.14285714285714285,6,6,ATACATCCTAGCGCTTTCTA,0,4927705
ygfS_ygfT_predicted,0.14285714285714285,6,6,ATAACAGCGGTTTCGTATCC,0,4918381
ygfS_ygfT_predicted,0.14285714285714285,6,6,ATAAATAGTCGGGTACAGCT,0,4923233
ygfS_ygfT_predicted,0.14285714285714285,6,6,AGTTCGGGAAGCCAATCCAC,0,4923097
ygfS_ygfT_predicted,0.14285714285714285,6,6,AGTTACAGTGTAGTTGCAAC,0,4929314
ygfS_ygfT_predicted,0.14285714285714285,6,6,AGTGTCTTTTAGAACGGGAG,0,4910342
ygfS_ygfT_predicted,0.14285714285714285,6,6,AGTGGCTGTTGGTTGGGGCA,0,4908739
ygfS_ygfT_predicted,0.14285714285714285,6,6,AGTGAGCCCAGAACTGCGAA,0,4930177
ygfS_ygfT_predicted,0.14285714285714285,6,6,AGTCTGGGCACAGAGCATCT,0,4927105
ygfS_ygfT_predicted,0.14285714285714285,6,6,AGTCCACTACAACTGGCAGT,0,4905931
ygfS_ygfT_predicted,0.14285714285714285,6,6,AGGTGAAATCTGTATATCCA,0,4910015
ygfS_ygfT_predicted,0.14285714285714285,6,6,AGGGTTTAATTTGCTTCGGC,0,4906784
ygfS_ygfT_predicted,0.14285714285714285,6,6,AGGGGTAACGATGCTAGGCG,0,4899845
ygfS_ygfT_predicted,0.14285714285714285,6,6,AGGGCAAGACTTATTCACCA,0,4902783
ygfS_ygfT_predicted,0.14285714285714285,6,6,AGGCTTGTGCTTTCCATTAG,0,4915451
ygfS_ygfT_predicted,0.14285714285714285,6,6,AGGCGGTTCAGGCAGCAGAT,0,4925323
ygfS_ygfT_predicted,0.14285714285714285,6,6,AGGAACAAAAAGCCGGAGAG,0,4917710
ygfS_ygfT_predicted,0.14285714285714285,6,6,AGCTTGGCGGGACTTTACCC,0,4920227
ygfS_ygfT_predicted,0.14285714285714285,6,6,AGCTCATAGATATTCGGAAC,0,4909126
ygfS_ygfT_predicted,0.14285714285714285,6,6,AGCGCGGGGCATCAGGGCAC,0,4907073
ygfS_ygfT_predicted,0.14285714285714285,6,6,AGCGCCTCGGGCAATATGCT,0,4902180
ygfS_ygfT_predicted,0.14285714285714285,6,6,AGCCTTGGCTTCAGGCGTTG,0,4907679
ygfS_ygfT_predicted,0.14285714285714285,6,6,AGCCCTGCGCAGAGGTGAGA,0,4926626
ygfS_ygfT_predicted,0.14285714285714285,6,6,AGATTGTCAGCACTCTGATA,0,4915125
ygfS_ygfT_predicted,0.14285714285714285,6,6,AGATCGTGGAGGGCTCGAGT,0,4917111
ygfS_ygfT_predicted,0.14285714285714285,6,6,AGATCGGTACCTATATAGGG,0,4903165
ygfS_ygfT_predicted,0.14285714285714285,6,6,AGATCGCCCTGTGTACAGAT,0,4919125
ygfS_ygfT_predicted,0.14285714285714285,6,6,AGATATGGGCACTTCGAAGC,0,4903932
ygfS_ygfT_predicted,0.14285714285714285,6,6,AGAGTGCGTGTGTTTACGAC,0,4925681
ygfS_ygfT_predicted,0.14285714285714285,6,6,AGAGGAATGATGTATATGGT,0,4923728
ygfS_ygfT_predicted,0.14285714285714285,6,6,AGAGCTTTGACGTCATATAA,0,4922263
ygfS_ygfT_predicted,0.14285714285714285,6,6,AGACGTCTGTGTCATATATT,0,4908895
ygfS_ygfT_predicted,0.14285714285714285,6,6,AGACAATATGGTCGGCATTC,0,4905751
ygfS_ygfT_predicted,0.14285714285714285,6,6,AGAATAAGTTAGAGTATTAT,0,4930536
ygfS_ygfT_predicted,0.14285714285714285,6,6,AGAAAAGAGCGCAGCTTGTT,0,4928136
ygfS_ygfT_predicted,0.14285714285714285,6,6,ACTTGCAAATGCCGTTAACT,0,4906786
ygfS_ygfT_predicted,0.14285714285714285,6,6,ACTTCGCGGGACTCTTACGA,0,4909374
ygfS_ygfT_predicted,0.14285714285714285,6,6,ACTTCCTGCCGATGAAGCTG,0,4908286
ygfS_ygfT_predicted,0.14285714285714285,6,6,ACTCTGACCATTATATCCCG,0,4910568
ygfS_ygfT_predicted,0.14285714285714285,6,6,ACTCTACGCCACACAGCAGC,0,4922035
ygfS_ygfT_predicted,0.14285714285714285,6,6,ACTCGCTTTACTAGGCCGTG,0,4922673
ygfS_ygfT_predicted,0.14285714285714285,6,6,ACTACGTCGCCATGTCACTG,0,4922392
ygfS_ygfT_predicted,0.14285714285714285,6,6,ACTAATAATGGGCACGTCCG,0,4910802
ygfS_ygfT_predicted,0.14285714285714285,6,6,ACGTGTTGCGCTCTTAGATC,0,4929716
ygfS_ygfT_predicted,0.14285714285714285,6,6,ACGTCAAGATATTTCTTTCC,0,4902276
ygfS_ygfT_predicted,0.14285714285714285,6,6,ACGGCGAACTTAGCCGGGTT,0,4909635
ygfS_ygfT_predicted,0.14285714285714285,6,6,ACGGATACTTTGTTGGTCAC,0,4916400
ygfS_ygfT_predicted,0.14285714285714285,6,6,ACGCCTTCAAATCATGTAGC,0,4924559
ygfS_ygfT_predicted,0.14285714285714285,6,6,ACGATGGTGGATACGAGATG,0,4924006
ygfS_ygfT_predicted,0.14285714285714285,6,6,ACGACTGGGCAATGGCCTGC,0,4908615
ygfS_ygfT_predicted,0.14285714285714285,6,6,ACGAATCGACGCCGTTGGGA,0,4918637
ygfS_ygfT_predicted,0.14285714285714285,6,6,ACCTGGGCGATTAGTGATCG,0,4926872
ygfS_ygfT_predicted,0.14285714285714285,6,6,ACCTCTACTTAATATATCAA,0,4904812
ygfS_ygfT_predicted,0.14285714285714285,6,6,ACCTACGGCGGGCGACGGAA,0,4921496
ygfS_ygfT_predicted,0.14285714285714285,6,6,ACCCTTATACAATCGGCAGG,0,4909643
ygfS_ygfT_predicted,0.14285714285714285,6,6,ACCAGACGGGAGTTATTCCG,0,4911021
ygfS_ygfT_predicted,0.14285714285714285,6,6,ACCAACTGATTAGTCATGGT,0,4908716
ygfS_ygfT_predicted,0.14285714285714285,6,6,ACAGCAGTTCGGGAGCACGA,0,4913002
ygfS_ygfT_predicted,0.14285714285714285,6,6,ACAGAGTGTACCGTATTAGC,0,4915058
ygfS_ygfT_predicted,0.14285714285714285,6,6,ACAATGATCCGTTTAATGGT,0,4912853
ygfS_ygfT_predicted,0.14285714285714285,6,6,ACAAGGACTAGCACCTAGAG,0,4918250
ygfS_ygfT_predicted,0.14285714285714285,6,6,AATTTGGATTATCAACAGCT,0,4904261
ygfS_ygfT_predicted,0.14285714285714285,6,6,AATGCGCTCACCAAAGCAAG,0,4911603
ygfS_ygfT_predicted,0.14285714285714285,6,6,AATGCCTCGCCCGTCCACGG,0,4925584
ygfS_ygfT_predicted,0.14285714285714285,6,6,AATCCTATTCACGGGAACCT,0,4930569
ygfS_ygfT_predicted,0.14285714285714285,6,6,AAGTTGCCTGTCGAGCGATG,0,4905521
ygfS_ygfT_predicted,0.14285714285714285,6,6,AAGTTGACGAATAGGTTAAT,0,4904967
ygfS_ygfT_predicted,0.14285714285714285,6,6,AAGTGGGATTGTGCGTCAAT,0,4921057
ygfS_ygfT_predicted,0.14285714285714285,6,6,AAGGGTCCGAAGCCCCTCAC,0,4921473
ygfS_ygfT_predicted,0.14285714285714285,6,6,AAGGGCATGAAACCCCTCCA,0,4909582
ygfS_ygfT_predicted,0.14285714285714285,6,6,AAGGATCGCTGACGAGACTC,0,4929426
ygfS_ygfT_predicted,0.14285714285714285,6,6,AAGCGCCTATCGTGGGCGTA,0,4914366
ygfS_ygfT_predicted,0.14285714285714285,6,6,AAGCATGCAATTTGGCTGTC,0,4912772
ygfS_ygfT_predicted,0.14285714285714285,6,6,AAGAGCTATTTGTTCGCGTA,0,4903358
ygfS_ygfT_predicted,0.14285714285714285,6,6,AAGACGTGCAGCTGTGCTAC,0,4913801
ygfS_ygfT_predicted,0.14285714285714285,6,6,AACGTACGAGACTCTAGCGT,0,4928074
ygfS_ygfT_predicted,0.14285714285714285,6,6,AACGGGGGTTCTGATACCGT,0,4903406
ygfS_ygfT_predicted,0.14285714285714285,6,6,AACCTAGATTTATGAGTCAT,0,4910428
ygfS_ygfT_predicted,0.14285714285714285,6,6,AACCCCTTGCCGAATATCGG,0,4907617
ygfS_ygfT_predicted,0.14285714285714285,6,6,AACCCAAGCAGAAGCCTATG,0,4926524
ygfS_ygfT_predicted,0.14285714285714285,6,6,AACCAACCTAGAAAAAGTTT,0,4923577
ygfS_ygfT_predicted,0.14285714285714285,6,6,AACATAGTCGGGGATCCTTC,0,4917790
ygfS_ygfT_predicted,0.14285714285714285,6,6,AACAGATCAGGAGTGGTGTT,0,4905835
ygfS_ygfT_predicted,0.14285714285714285,6,6,AAATTTCACGTCTGTCAATG,0,4922736
ygfS_ygfT_predicted,0.14285714285714285,6,6,AAATGTAAGCCGGAGGTTAC,0,4909099
ygfS_ygfT_predicted,0.14285714285714285,6,6,AAATCGGATGCAGTGGTTTT,0,4908842
ygfS_ygfT_predicted,0.14285714285714285,6,6,AAATCCTCAATTGCGTGCGG,0,4914484
ygfS_ygfT_predicted,0.14285714285714285,6,6,AAAGTACGGATTAAATGGCT,0,4912893
ygfS_ygfT_predicted,0.14285714285714285,6,6,AAAGGTTAGTGGCATGGTGT,0,4927818
ygfS_ygfT_predicted,0.14285714285714285,6,6,AAACTGACATTTTTCGAGGG,0,4911016
ygfS_ygfT_predicted,0.14285714285714285,6,6,AAACGCAGTTACATTATGTC,0,4923817
ygfS_ygfT_predicted,0.14285714285714285,6,6,AAACCACGATACAGAAACTA,0,4903455
ygfS_ygfT_predicted,0.14285714285714285,6,6,AAAACGTGTCTGGCAAAGAT,0,4916243
ygfS_ygfT_predicted,0.16666666666666666,5,5,TTTTTCTAGTGTGTACCAGT,0,4902009
ygfS_ygfT_predicted,0.16666666666666666,5,5,TTTTATCTTTCTCTGTATTG,0,4921620
ygfS_ygfT_predicted,0.16666666666666666,5,5,TTTCCGGTTCACTGGGTCTA,0,4925960
ygfS_ygfT_predicted,0.16666666666666666,5,5,TTTCATATAAGATACTTCGT,0,4930674
ygfS_ygfT_predicted,0.16666666666666666,5,5,TTTCAAAGTGGATGATTAGA,0,4914474
ygfS_ygfT_predicted,0.16666666666666666,5,5,TTTAGACACCCATGGCTACA,0,4914869
ygfS_ygfT_predicted,0.16666666666666666,5,5,TTGTTTCGCTACCCGTCTGC,0,4907406
ygfS_ygfT_predicted,0.16666666666666666,5,5,TTGTGGGTGAATGGTTGAAG,0,4925610
ygfS_ygfT_predicted,0.16666666666666666,5,5,TTGTCGTAAGGGAGCAACCG,0,4905585
ygfS_ygfT_predicted,0.16666666666666666,5,5,TTGTCATCCTCGATCTTCTC,0,4924893
ygfS_ygfT_predicted,0.16666666666666666,5,5,TTGGTCATGAAGGGTAGGAC,0,4928235
ygfS_ygfT_predicted,0.16666666666666666,5,5,TTGGGGTGTACGGCTGGATC,0,4919091
ygfS_ygfT_predicted,0.16666666666666666,5,5,TTGCTAAATTTGTAAATGAT,0,4905758
ygfS_ygfT_predicted,0.16666666666666666,5,5,TTGCGGACTCAGGGTACAGG,0,4911818
ygfS_ygfT_predicted,0.16666666666666666,5,5,TTGAGCGCCGGTTTGAGGCT,0,4923394
ygfS_ygfT_predicted,0.16666666666666666,5,5,TTCTGGGTAGTCGAGCCTCC,0,4925823
ygfS_ygfT_predicted,0.16666666666666666,5,5,TTCGCGGGTACAGGGCTTGC,0,4903038
ygfS_ygfT_predicted,0.16666666666666666,5,5,TTCGCGGCTCCTGGGGCAGG,0,4914654
ygfS_ygfT_predicted,0.16666666666666666,5,5,TTCATGCAAGCTCTTCTCCC,0,4928184
ygfS_ygfT_predicted,0.16666666666666666,5,5,TTCAGTTGGCGTCCAGGGTA,0,4906827
ygfS_ygfT_predicted,0.16666666666666666,5,5,TTCAAACCGCAGACGTCCTC,0,4912406
ygfS_ygfT_predicted,0.16666666666666666,5,5,TTATGCCGGGTTGTCGGCTA,0,4912315
ygfS_ygfT_predicted,0.16666666666666666,5,5,TTATCCCCACCAGGCCGACA,0,4912926
ygfS_ygfT_predicted,0.16666666666666666,5,5,TTATCAGAAGACTTTCAAGA,0,4930336
ygfS_ygfT_predicted,0.16666666666666666,5,5,TTAGGCATCAAACATCATAG,0,4922113
ygfS_ygfT_predicted,0.16666666666666666,5,5,TGTTTTGGACGTGCCCGCAT,0,4930233
ygfS_ygfT_predicted,0.16666666666666666,5,5,TGTTTGCCGCGCCAGTGCAA,0,4921500
ygfS_ygfT_predicted,0.16666666666666666,5,5,TGTTTCTCCGGTCCTCCACG,0,4923372
ygfS_ygfT_predicted,0.16666666666666666,5,5,TGTGTCCGTGGCAAAGCGTT,0,4923918
ygfS_ygfT_predicted,0.16666666666666666,5,5,TGTGGACATCGGGCAACATA,0,4920528
ygfS_ygfT_predicted,0.16666666666666666,5,5,TGTGCTTGCTCAAGTGCCTC,0,4918517
ygfS_ygfT_predicted,0.16666666666666666,5,5,TGGTGTAGACGTCGCTGTAG,0,4929272
ygfS_ygfT_predicted,0.16666666666666666,5,5,TGGTGCTATATCCTGGTAAC,0,4913461
ygfS_ygfT_predicted,0.16666666666666666,5,5,TGGTAACTTACAAGGGGTTG,0,4915846
ygfS_ygfT_predicted,0.16666666666666666,5,5,TGGGTATTGCTAGGCAGGAT,0,4904903
ygfS_ygfT_predicted,0.16666666666666666,5,5,TGGCTAACATAGGGGCAGAT,0,4906815
ygfS_ygfT_predicted,0.16666666666666666,5,5,TGGATGTCTAAGATCTCTCT,0,4914566
ygfS_ygfT_predicted,0.16666666666666666,5,5,TGGAGTTGTGGACTGGGTCA,0,4919602
ygfS_ygfT_predicted,0.16666666666666666,5,5,TGGAGTGTTACATGGAACAA,0,4910391
ygfS_ygfT_predicted,0.16666666666666666,5,5,TGGAGCGCGCACGTAAATGT,0,4930879
ygfS_ygfT_predicted,0.16666666666666666,5,5,TGGACTCAAGCAATGTTTCC,0,4910772
ygfS_ygfT_predicted,0.16666666666666666,5,5,TGCTGAGGGATCCAATTTAA,0,4911059
ygfS_ygfT_predicted,0.16666666666666666,5,5,TGCGACCGAAAAAACTTAAA,0,4924397
ygfS_ygfT_predicted,0.16666666666666666,5,5,TGCCGATAATCATGGATCCT,0,4908157
ygfS_ygfT_predicted,0.16666666666666666,5,5,TGCATTGTGCTAAGATCGAG,0,4916769
ygfS_ygfT_predicted,0.16666666666666666,5,5,TGCATCAGTGGTTCCGCGGA,0,4924084
ygfS_ygfT_predicted,0.16666666666666666,5,5,TGCAGGTCCCTGGAATACAA,0,4906613
ygfS_ygfT_predicted,0.16666666666666666,5,5,TGATGGGATGTTTTACCTTG,0,4907157
ygfS_ygfT_predicted,0.16666666666666666,5,5,TGATCTATAGCCAAAAGCCT,0,4927842
ygfS_ygfT_predicted,0.16666666666666666,5,5,TGAGTTGGAGTTCGGTCTTG,0,4907818
ygfS_ygfT_predicted,0.16666666666666666,5,5,TGAGGCCATACGTAACGTGC,0,4930603
ygfS_ygfT_predicted,0.16666666666666666,5,5,TGACTACTGCTGTAGGTTCA,0,4912575
ygfS_ygfT_predicted,0.16666666666666666,5,5,TGACCACGTGACAACCGGTA,0,4924981
ygfS_ygfT_predicted,0.16666666666666666,5,5,TGACACGGGCTGGTTTAGGA,0,4917777
ygfS_ygfT_predicted,0.16666666666666666,5,5,TGAATCACCCAGCAGAAATT,0,4916394
ygfS_ygfT_predicted,0.16666666666666666,5,5,TCTTGGGTATTACGACTGGC,0,4912137
ygfS_ygfT_predicted,0.16666666666666666,5,5,TCTTCGGAGACCTATGCAGG,0,4921881
ygfS_ygfT_predicted,0.16666666666666666,5,5,TCTGGCGGCGTTACGCATGT,0,4918570
ygfS_ygfT_predicted,0.16666666666666666,5,5,TCTCTTTAGGATACTACGGC,0,4913323
ygfS_ygfT_predicted,0.16666666666666666,5,5,TCTCTTCGGCGATCGGTACT,0,4909272
ygfS_ygfT_predicted,0.16666666666666666,5,5,TCTAAGCAGGAGGAAACCTA,0,4920946
ygfS_ygfT_predicted,0.16666666666666666,5,5,TCGTTTAACCAGGTATGACC,0,4927875
ygfS_ygfT_predicted,0.16666666666666666,5,5,TCGTGGCACAATGCGGCACT,0,4922739
ygfS_ygfT_predicted,0.16666666666666666,5,5,TCGTCGGATCGGATCCCATG,0,4929199
ygfS_ygfT_predicted,0.16666666666666666,5,5,TCGTACCACGGCCCGACCTC,0,4906406
ygfS_ygfT_predicted,0.16666666666666666,5,5,TCGGCTGTGCTTTCACGTTC,0,4908770
ygfS_ygfT_predicted,0.16666666666666666,5,5,TCGGCTCCCAATCTCAGTGT,0,4908515
ygfS_ygfT_predicted,0.16666666666666666,5,5,TCGGAACCCTCCGGTTTGTC,0,4918555
ygfS_ygfT_predicted,0.16666666666666666,5,5,TCGCTATGCATCCCTGTCAT,0,4916096
ygfS_ygfT_predicted,0.16666666666666666,5,5,TCGCTATCTCGTCACAAAAT,0,4922864
ygfS_ygfT_predicted,0.16666666666666666,5,5,TCGCCGGAACGTTATAGAGA,0,4917385
ygfS_ygfT_predicted,0.16666666666666666,5,5,TCGCCCAGAACTGCGCGGAT,0,4910113
ygfS_ygfT_predicted,0.16666666666666666,5,5,TCGCAGGCTGTCTCTGCAAG,0,4914810
ygfS_ygfT_predicted,0.16666666666666666,5,5,TCGAAGCGTTTTATATCTAC,0,4907480
ygfS_ygfT_predicted,0.16666666666666666,5,5,TCCTTGCAGGTGAGCCGGGA,0,4904292
ygfS_ygfT_predicted,0.16666666666666666,5,5,TCCGACCCCGGATAACGCAT,0,4925833
ygfS_ygfT_predicted,0.16666666666666666,5,5,TCCCTTATTTCGTGTACCGA,0,4919790
ygfS_ygfT_predicted,0.16666666666666666,5,5,TCCCGAGGGTAATGGTCTCA,0,4930316
ygfS_ygfT_predicted,0.16666666666666666,5,5,TCCAGACTGGGTTTATTGTG,0,4919400
ygfS_ygfT_predicted,0.16666666666666666,5,5,TCCAACGACTCGGAGGTCAT,0,4929140
ygfS_ygfT_predicted,0.16666666666666666,5,5,TCATCGCAAAATGGACTCAC,0,4917312
ygfS_ygfT_predicted,0.16666666666666666,5,5,TCATAGTGAGAGAACTGGAC,0,4926998
ygfS_ygfT_predicted,0.16666666666666666,5,5,TCAGCTTACTCAGTCAGATG,0,4930101
ygfS_ygfT_predicted,0.16666666666666666,5,5,TCAGAACATTCTTAACGAAT,0,4912580
ygfS_ygfT_predicted,0.16666666666666666,5,5,TCACCCGGGGACTGTATTGC,0,4928129
ygfS_ygfT_predicted,0.16666666666666666,5,5,TCACCAACAGAGTGCATACG,0,4913856
ygfS_ygfT_predicted,0.16666666666666666,5,5,TCACACTCGTTAACTACGTC,0,4901570
ygfS_ygfT_predicted,0.16666666666666666,5,5,TCAAGAACCCGGGCCATATG,0,4905126
ygfS_ygfT_predicted,0.16666666666666666,5,5,TATTTGCTTCCGCACACAGA,0,4911051
ygfS_ygfT_predicted,0.16666666666666666,5,5,TATTGAGGGCTTCCTGGTCG,0,4916979
ygfS_ygfT_predicted,0.16666666666666666,5,5,TATTCCTCTGCCGCTCCGAC,0,4906105
ygfS_ygfT_predicted,0.16666666666666666,5,5,TATGTTTCTTCGCACGGCGG,0,4924376
ygfS_ygfT_predicted,0.16666666666666666,5,5,TATGTGATGCGAATGGCTCA,0,4899971
ygfS_ygfT_predicted,0.16666666666666666,5,5,TATGGGGGCATACGGTCCCT,0,4910533
ygfS_ygfT_predicted,0.16666666666666666,5,5,TATGAGCGAGAAGCTATCAG,0,4920795
ygfS_ygfT_predicted,0.16666666666666666,5,5,TATAGCTTGGGAACAAGGTG,0,4905681
ygfS_ygfT_predicted,0.16666666666666666,5,5,TATACCGGTTCTGGAACACA,0,4916827
ygfS_ygfT_predicted,0.16666666666666666,5,5,TAGGTAATCGGTTACGACAC,0,4906437
ygfS_ygfT_predicted,0.16666666666666666,5,5,TAGGCTACTAGGATCCCACC,0,4907051
ygfS_ygfT_predicted,0.16666666666666666,5,5,TAGCTCAACTTTTACAGTCA,0,4899685
ygfS_ygfT_predicted,0.16666666666666666,5,5,TAGCGAAGCTATGCAAAAAA,0,4929125
ygfS_ygfT_predicted,0.16666666666666666,5,5,TAGCAAGGGTTTTTTACAAA,0,4927630
ygfS_ygfT_predicted,0.16666666666666666,5,5,TAGATGGCCGTGAACATATG,0,4908137
ygfS_ygfT_predicted,0.16666666666666666,5,5,TAGAACAACTCAACACGATG,0,4908521
ygfS_ygfT_predicted,0.16666666666666666,5,5,TACTCATGGGACGCGTTAAG,0,4927064
ygfS_ygfT_predicted,0.16666666666666666,5,5,TACGCCGCTGGCTTTATGTC,0,4912163
ygfS_ygfT_predicted,0.16666666666666666,5,5,TACGCAAAATCAAGCATAAG,0,4901904
ygfS_ygfT_predicted,0.16666666666666666,5,5,TACCGATATGTGTGGCGGAT,0,4927292
ygfS_ygfT_predicted,0.16666666666666666,5,5,TACAACGCAACTTGTAAGTT,0,4925669
ygfS_ygfT_predicted,0.16666666666666666,5,5,TAATGATCTGAATCCGAAAG,0,4919168
ygfS_ygfT_predicted,0.16666666666666666,5,5,TAAGTGCCTAGATTCAATTA,0,4901111
ygfS_ygfT_predicted,0.16666666666666666,5,5,TAAGTCCCATTGGTACGTGT,0,4916874
ygfS_ygfT_predicted,0.16666666666666666,5,5,TAAGGTCTGGAAGAACACCT,0,4916947
ygfS_ygfT_predicted,0.16666666666666666,5,5,TAAGATTGAGGCCCACCCTG,0,4907809
ygfS_ygfT_predicted,0.16666666666666666,5,5,TAACTTTCTCGTGTTCGTCA,0,4918084
ygfS_ygfT_predicted,0.16666666666666666,5,5,TAACGCCGCTGGCGGCAAGG,0,4923319
ygfS_ygfT_predicted,0.16666666666666666,5,5,TAAATCTTACAAATTGCGTA,0,4904072
ygfS_ygfT_predicted,0.16666666666666666,5,5,TAAAGTTTCCCCCTCATGTG,0,4909062
ygfS_ygfT_predicted,0.16666666666666666,5,5,GTTTCTAGGATTCCAGGTTG,0,4924571
ygfS_ygfT_predicted,0.16666666666666666,5,5,GTTTCCAGGTGTGTCCAATT,0,4909866
ygfS_ygfT_predicted,0.16666666666666666,5,5,GTTTAGAAGTCCAGTGGTTT,0,4929064
ygfS_ygfT_predicted,0.16666666666666666,5,5,GTTTAAATCACTGAGCCGTG,0,4927149
ygfS_ygfT_predicted,0.16666666666666666,5,5,GTTGGCCGCAGTCGTATGTG,0,4910095
ygfS_ygfT_predicted,0.16666666666666666,5,5,GTTCGTCAGTTTTCCCAAGT,0,4900616
ygfS_ygfT_predicted,0.16666666666666666,5,5,GTTCCTACCCATCTCTAATT,0,4923618
ygfS_ygfT_predicted,0.16666666666666666,5,5,GTTATGTGTTTTCCGTTACA,0,4919941
ygfS_ygfT_predicted,0.16666666666666666,5,5,GTTAGGGGGCAGCACGGCAG,0,4926044
ygfS_ygfT_predicted,0.16666666666666666,5,5,GTTAATAACGTCATGTGAAT,0,4929934
ygfS_ygfT_predicted,0.16666666666666666,5,5,GTGTCTTTCCAATAGTTTGC,0,4919361
ygfS_ygfT_predicted,0.16666666666666666,5,5,GTGTAGTTCATCTCCAAATT,0,4905536
ygfS_ygfT_predicted,0.16666666666666666,5,5,GTGCATACTAAGCATCCAAG,0,4916179
ygfS_ygfT_predicted,0.16666666666666666,5,5,GTGATGCCGGGTGATAGATG,0,4921915
ygfS_ygfT_predicted,0.16666666666666666,5,5,GTCTGCTCCGCGGGTCTCAC,0,4921557
ygfS_ygfT_predicted,0.16666666666666666,5,5,GTCTGACCCCACTCGTCTTA,0,4916940
ygfS_ygfT_predicted,0.16666666666666666,5,5,GTCTCGTCTCCGAAATTACG,0,4914712
ygfS_ygfT_predicted,0.16666666666666666,5,5,GTCTACTTACGGCGCTTGTT,0,4909402
ygfS_ygfT_predicted,0.16666666666666666,5,5,GTCGAAGACTAGGATAGGTG,0,4916458
ygfS_ygfT_predicted,0.16666666666666666,5,5,GTCATGGGGCCACAGGCGCC,0,4924658
ygfS_ygfT_predicted,0.16666666666666666,5,5,GTCAGGACGACTTTTTATCG,0,4922500
ygfS_ygfT_predicted,0.16666666666666666,5,5,GTACATTCACTGATATTTAA,0,4922499
ygfS_ygfT_predicted,0.16666666666666666,5,5,GTAACAATCTGTTTCCCCCG,0,4915435
ygfS_ygfT_predicted,0.16666666666666666,5,5,GGTTTTAATTCGCATGCGTT,0,4918178
ygfS_ygfT_predicted,0.16666666666666666,5,5,GGTGACGGACCAGTCAAGGC,0,4924146
ygfS_ygfT_predicted,0.16666666666666666,5,5,GGTGACCTAGGGGGATATTT,0,4928709
ygfS_ygfT_predicted,0.16666666666666666,5,5,GGTCTCCTGTTTTAGATGTT,0,4922482
ygfS_ygfT_predicted,0.16666666666666666,5,5,GGTCACTAAATCAGCAACCA,0,4907200
ygfS_ygfT_predicted,0.16666666666666666,5,5,GGTAGGCCCAAGGCGTTATC,0,4918958
ygfS_ygfT_predicted,0.16666666666666666,5,5,GGTACACGGTACCGAACTAT,0,4920377
ygfS_ygfT_predicted,0.16666666666666666,5,5,GGTAACGCAACAGCGGCAGC,0,4920961
ygfS_ygfT_predicted,0.16666666666666666,5,5,GGTAAACACTATTTGACAGT,0,4911750
ygfS_ygfT_predicted,0.16666666666666666,5,5,GGGTCATTCCTGCGAACATG,0,4924619
ygfS_ygfT_predicted,0.16666666666666666,5,5,GGGGTTGTCGCGCGACCGAT,0,4931298
ygfS_ygfT_predicted,0.16666666666666666,5,5,GGGGTCTACCGACGTCGGAT,0,4916385
ygfS_ygfT_predicted,0.16666666666666666,5,5,GGGGCACACCTGAGGATTAG,0,4903325
ygfS_ygfT_predicted,0.16666666666666666,5,5,GGGCTAATGACAGTCAGTGG,0,4906070
ygfS_ygfT_predicted,0.16666666666666666,5,5,GGGCGACCGTGGGTATACGT,0,4930665
ygfS_ygfT_predicted,0.16666666666666666,5,5,GGGAGGCTGGGCCTAATGCC,0,4922696
ygfS_ygfT_predicted,0.16666666666666666,5,5,GGGACTCTGAGGTCGGCTAT,0,4910446
ygfS_ygfT_predicted,0.16666666666666666,5,5,GGGACGCCTACAAGGTAAAT,0,4909594
ygfS_ygfT_predicted,0.16666666666666666,5,5,GGCTTCCCTGTTAGTTGGGT,0,4923074
ygfS_ygfT_predicted,0.16666666666666666,5,5,GGCTGAGACGTAGCCACTTG,0,4907278
ygfS_ygfT_predicted,0.16666666666666666,5,5,GGCTCATGGCGGTCTCCTTC,0,4911959
ygfS_ygfT_predicted,0.16666666666666666,5,5,GGCTCAGTACCATATAAAAA,0,4912584
ygfS_ygfT_predicted,0.16666666666666666,5,5,GGCCGAGATAGGTAGGGGAG,0,4928474
ygfS_ygfT_predicted,0.16666666666666666,5,5,GGCCCGTAGTACTTTTCGTA,0,4923697
ygfS_ygfT_predicted,0.16666666666666666,5,5,GGCATCATACGACAATGGCC,0,4909568
ygfS_ygfT_predicted,0.16666666666666666,5,5,GGCAGATCGGACACATGTAG,0,4910479
ygfS_ygfT_predicted,0.16666666666666666,5,5,GGATTTCCATATGGTCTTCT,0,4903315
ygfS_ygfT_predicted,0.16666666666666666,5,5,GGATCATCAGGGCTGTGCTA,0,4924061
ygfS_ygfT_predicted,0.16666666666666666,5,5,GGAGTAGCGGCACACCCTTT,0,4902008
ygfS_ygfT_predicted,0.16666666666666666,5,5,GGAGCTAGCTATGACGCTGA,0,4921590
ygfS_ygfT_predicted,0.16666666666666666,5,5,GGACGGATCAGGGAAATAAG,0,4913314
ygfS_ygfT_predicted,0.16666666666666666,5,5,GGACGATCTATCGAAAGGAA,0,4912313
ygfS_ygfT_predicted,0.16666666666666666,5,5,GGAATTGCAAACCTACCTGA,0,4903802
ygfS_ygfT_predicted,0.16666666666666666,5,5,GCTTGGCAAGATGTGTACCA,0,4913376
ygfS_ygfT_predicted,0.16666666666666666,5,5,GCTTGACTCGCCAATAATCT,0,4910980
ygfS_ygfT_predicted,0.16666666666666666,5,5,GCTGTCAGAACGGCTTACGC,0,4900866
ygfS_ygfT_predicted,0.16666666666666666,5,5,GCTGTAGCTTTCCCGGGAGT,0,4910584
ygfS_ygfT_predicted,0.16666666666666666,5,5,GCTGGTTGACCCACAGTACT,0,4917092
ygfS_ygfT_predicted,0.16666666666666666,5,5,GCTACTCGGATGCTACCAGC,0,4909093
ygfS_ygfT_predicted,0.16666666666666666,5,5,GCGGCAGTTTAGGGCTCTCA,0,4904018
ygfS_ygfT_predicted,0.16666666666666666,5,5,GCGGACGGGTCCTCGTGACA,0,4904719
ygfS_ygfT_predicted,0.16666666666666666,5,5,GCGGACGCTCCCAGGGTGTG,0,4928697
ygfS_ygfT_predicted,0.16666666666666666,5,5,GCGCGTTGTCAAGCTAGTTA,0,4906258
ygfS_ygfT_predicted,0.16666666666666666,5,5,GCGAGGTCCGTGTCTCATTT,0,4908295
ygfS_ygfT_predicted,0.16666666666666666,5,5,GCGACACTAAGTGTAGGAGT,0,4921041
ygfS_ygfT_predicted,0.16666666666666666,5,5,GCCTGGCGATACCTAAACGG,0,4929043
ygfS_ygfT_predicted,0.16666666666666666,5,5,GCCTGCATAAACATTGGTTG,0,4910946
ygfS_ygfT_predicted,0.16666666666666666,5,5,GCCTATCTCCTGGTTCTGAG,0,4914433
ygfS_ygfT_predicted,0.16666666666666666,5,5,GCCCCGTGCCGATCACTTCA,0,4925229
ygfS_ygfT_predicted,0.16666666666666666,5,5,GCCCCAGAAAATCGGCTGAG,0,4906274
ygfS_ygfT_predicted,0.16666666666666666,5,5,GCCCACTAGAATTATTCATT,0,4901467
ygfS_ygfT_predicted,0.16666666666666666,5,5,GCCAACATAGCCTACTTGGT,0,4912525
ygfS_ygfT_predicted,0.16666666666666666,5,5,GCATCCACTGAGTGAGATGT,0,4924789
ygfS_ygfT_predicted,0.16666666666666666,5,5,GCATAGCGCGGTAGCGGATC,0,4924187
ygfS_ygfT_predicted,0.16666666666666666,5,5,GCAGCTTTGAGCAATGAACT,0,4901355
ygfS_ygfT_predicted,0.16666666666666666,5,5,GCAGAGCAGTTGCCAAGCGG,0,4921543
ygfS_ygfT_predicted,0.16666666666666666,5,5,GCACTGAGGCTGTCTGTAGA,0,4900978
ygfS_ygfT_predicted,0.16666666666666666,5,5,GCACTGAATCGATAATGCAT,0,4924987
ygfS_ygfT_predicted,0.16666666666666666,5,5,GCACGCCTAGGAGAGATATG,0,4909994
ygfS_ygfT_predicted,0.16666666666666666,5,5,GCACCGAGACGTAACCGCGT,0,4918724
ygfS_ygfT_predicted,0.16666666666666666,5,5,GCACACGAACTATCGTCATG,0,4917522
ygfS_ygfT_predicted,0.16666666666666666,5,5,GATTTTTAACAGTGACCATC,0,4909482
ygfS_ygfT_predicted,0.16666666666666666,5,5,GATTTTAAGGGCCGAAGGCA,0,4909072
ygfS_ygfT_predicted,0.16666666666666666,5,5,GATGTAATCAAGCGCTCACT,0,4912476
ygfS_ygfT_predicted,0.16666666666666666,5,5,GATGGATACTCTACGAAGTT,0,4915410
ygfS_ygfT_predicted,0.16666666666666666,5,5,GATGCCTAGCCTACAAGTTA,0,4905462
ygfS_ygfT_predicted,0.16666666666666666,5,5,GATAGGTACCACATGCCGCT,0,4928785
ygfS_ygfT_predicted,0.16666666666666666,5,5,GATAGGACTCTCCTAGGACA,0,4908345
ygfS_ygfT_predicted,0.16666666666666666,5,5,GATACAGGGGTTACTATAAC,0,4908887
ygfS_ygfT_predicted,0.16666666666666666,5,5,GATAATCCGGATAGGAACGA,0,4926989
ygfS_ygfT_predicted,0.16666666666666666,5,5,GATAATACCTTTTAGAAGAA,0,4906472
ygfS_ygfT_predicted,0.16666666666666666,5,5,GATAAAGGTATAAATACTCA,0,4927513
ygfS_ygfT_predicted,0.16666666666666666,5,5,GAGGGGGATCACTCTCAGAC,0,4921254
ygfS_ygfT_predicted,0.16666666666666666,5,5,GAGGGGCGGGGCAGCCACTT,0,4922840
ygfS_ygfT_predicted,0.16666666666666666,5,5,GAGCGCCACAGTGGTTCGAA,0,4925180
ygfS_ygfT_predicted,0.16666666666666666,5,5,GAGAGTCAGACGGCGTATCG,0,4927943
ygfS_ygfT_predicted,0.16666666666666666,5,5,GAGACTTATAAAATTCTGAA,0,4913470
ygfS_ygfT_predicted,0.16666666666666666,5,5,GAGAATTGTCAGCGTATTCT,0,4925491
ygfS_ygfT_predicted,0.16666666666666666,5,5,GAGAAGCACATTGGAGCACT,0,4922531
ygfS_ygfT_predicted,0.16666666666666666,5,5,GAGAAACGACGGGCCTCCCT,0,4901968
ygfS_ygfT_predicted,0.16666666666666666,5,5,GACTGTTTGAACATAAAAAA,0,4901497
ygfS_ygfT_predicted,0.16666666666666666,5,5,GACTCGCATGGGCTAATAAA,0,4904901
ygfS_ygfT_predicted,0.16666666666666666,5,5,GACTAAAGCATCCGAGGTGA,0,4902315
ygfS_ygfT_predicted,0.16666666666666666,5,5,GACGTAAAAGCAACTGCGGA,0,4919597
ygfS_ygfT_predicted,0.16666666666666666,5,5,GACGGTCACCACTCAAATGT,0,4904099
ygfS_ygfT_predicted,0.16666666666666666,5,5,GACGAGGATCTCCTGCTAGA,0,4903901
ygfS_ygfT_predicted,0.16666666666666666,5,5,GACGAGATTAGTTAACGCTG,0,4931039
ygfS_ygfT_predicted,0.16666666666666666,5,5,GACCGTATCTGGGTAAATGG,0,4923151
ygfS_ygfT_predicted,0.16666666666666666,5,5,GACCGGTTAGTAGCGAATAT,0,4928000
ygfS_ygfT_predicted,0.16666666666666666,5,5,GACCATAAGGTCTACATCAG,0,4901858
ygfS_ygfT_predicted,0.16666666666666666,5,5,GACAAATTGGTGACCGACTT,0,4920205
ygfS_ygfT_predicted,0.16666666666666666,5,5,GAAGTCTTCGCAGGTCGCCT,0,4910829
ygfS_ygfT_predicted,0.16666666666666666,5,5,GAAGTCACATTGTAGTCAAT,0,4924431
ygfS_ygfT_predicted,0.16666666666666666,5,5,GAAGGACGACCGTGCGGTCC,0,4917764
ygfS_ygfT_predicted,0.16666666666666666,5,5,GAACCGATCAGTCAGTGCCT,0,4929269
ygfS_ygfT_predicted,0.16666666666666666,5,5,GAAAGAGAGGATGATGGATC,0,4919271
ygfS_ygfT_predicted,0.16666666666666666,5,5,CTTTGCGGGCGCTCCAAAGT,0,4901238
ygfS_ygfT_predicted,0.16666666666666666,5,5,CTTTAGTTACGTCTCACCGA,0,4919652
ygfS_ygfT_predicted,0.16666666666666666,5,5,CTTGTTGCGTCCTGGTATAA,0,4901471
ygfS_ygfT_predicted,0.16666666666666666,5,5,CTTGGTCACCCTGCGTAGTC,0,4900698
ygfS_ygfT_predicted,0.16666666666666666,5,5,CTTGCAGGAAATGGAGGTGG,0,4927473
ygfS_ygfT_predicted,0.16666666666666666,5,5,CTTGAAGTGTCCGTTTTGTG,0,4913245
ygfS_ygfT_predicted,0.16666666666666666,5,5,CTTGAACGAGTGTTTTTCTG,0,4922910
ygfS_ygfT_predicted,0.16666666666666666,5,5,CTTCGCCCTCTTCGCACAAT,0,4928731
ygfS_ygfT_predicted,0.16666666666666666,5,5,CTTAGCCTGCCTTCCACATC,0,4927619
ygfS_ygfT_predicted,0.16666666666666666,5,5,CTTAAACTGCATGATTGGTT,0,4928003
ygfS_ygfT_predicted,0.16666666666666666,5,5,CTGGCTTCACATCTCTAGAT,0,4916019
ygfS_ygfT_predicted,0.16666666666666666,5,5,CTGGAGTTGTAGAATTTATC,0,4901606
ygfS_ygfT_predicted,0.16666666666666666,5,5,CTGGAAGAGCGATTACCGTG,0,4929405
ygfS_ygfT_predicted,0.16666666666666666,5,5,CTGCTGGTAGCCCCATCAAG,0,4927429
ygfS_ygfT_predicted,0.16666666666666666,5,5,CTGCTCTAGCGGCAGATTGT,0,4928386
ygfS_ygfT_predicted,0.16666666666666666,5,5,CTGCGCGAGAGGCTGCAATT,0,4913097
ygfS_ygfT_predicted,0.16666666666666666,5,5,CTGAGATTGGCAGGGCCTAG,0,4930246
ygfS_ygfT_predicted,0.16666666666666666,5,5,CTCTGCCCCAGAGGTTTGAC,0,4915816
ygfS_ygfT_predicted,0.16666666666666666,5,5,CTCTAATGACCACTGCCGTG,0,4905764
ygfS_ygfT_predicted,0.16666666666666666,5,5,CTCGTCATCAGTATGTTATC,0,4926893
ygfS_ygfT_predicted,0.16666666666666666,5,5,CTCATCGCGCACCAGACCAT,0,4910469
ygfS_ygfT_predicted,0.16666666666666666,5,5,CTCAGAAACAGCTTCAACTT,0,4905786
ygfS_ygfT_predicted,0.16666666666666666,5,5,CTATTTCCGACTTCGGGTTA,0,4917875
ygfS_ygfT_predicted,0.16666666666666666,5,5,CTATGGCTGAAGCTTTGTTC,0,4921594
ygfS_ygfT_predicted,0.16666666666666666,5,5,CTATATGTGACTGCTTTCAG,0,4912559
ygfS_ygfT_predicted,0.16666666666666666,5,5,CTATAGGAGCGGAGTCCTCA,0,4910383
ygfS_ygfT_predicted,0.16666666666666666,5,5,CTACATCTGTGAAGGCCAAC,0,4927081
ygfS_ygfT_predicted,0.16666666666666666,5,5,CTAAGGGTAGTAGTCTCAGA,0,4912495
ygfS_ygfT_predicted,0.16666666666666666,5,5,CTAAGCGAGTAGCAGCCGGG,0,4916232
ygfS_ygfT_predicted,0.16666666666666666,5,5,CTAAGCCGCCTACGCAGCGG,0,4922657
ygfS_ygfT_predicted,0.16666666666666666,5,5,CGTGCTAACACCTTACGCAT,0,4918681
ygfS_ygfT_predicted,0.16666666666666666,5,5,CGTGAGGAGTTTTTACCCAT,0,4910999
ygfS_ygfT_predicted,0.16666666666666666,5,5,CGTCTGCGGAACGGTGAAAA,0,4925909
ygfS_ygfT_predicted,0.16666666666666666,5,5,CGTCTGATACAAATACTTGT,0,4912084
ygfS_ygfT_predicted,0.16666666666666666,5,5,CGTCGATGTGCACTTTCATT,0,4926267
ygfS_ygfT_predicted,0.16666666666666666,5,5,CGTCAGTGGTAGGATCTTTC,0,4931175
ygfS_ygfT_predicted,0.16666666666666666,5,5,CGTACATGCACTGAGCATGA,0,4921083
ygfS_ygfT_predicted,0.16666666666666666,5,5,CGTAAGCTTTAGGCGGACCA,0,4913791
ygfS_ygfT_predicted,0.16666666666666666,5,5,CGGTTGCCTGTGTCCGCGGG,0,4900881
ygfS_ygfT_predicted,0.16666666666666666,5,5,CGGTCGCGACCGAGATGTCC,0,4910617
ygfS_ygfT_predicted,0.16666666666666666,5,5,CGGGGAAAAGTGGAGAGAGT,0,4914377
ygfS_ygfT_predicted,0.16666666666666666,5,5,CGGGCCTATGGACTGAGGTC,0,4914378
ygfS_ygfT_predicted,0.16666666666666666,5,5,CGGATAACTGAATGACCACA,0,4912195
ygfS_ygfT_predicted,0.16666666666666666,5,5,CGGAGAGATGTGGGCGAAGA,0,4916635
ygfS_ygfT_predicted,0.16666666666666666,5,5,CGGACGCATGTGAGTCAGGG,0,4923090
ygfS_ygfT_predicted,0.16666666666666666,5,5,CGGAAGGCCTTTGTCCTGAC,0,4906356
ygfS_ygfT_predicted,0.16666666666666666,5,5,CGGAACTACTAACGTGGTTG,0,4913054
ygfS_ygfT_predicted,0.16666666666666666,5,5,CGCTTAGGCTCTCAAGCTCA,0,4923632
ygfS_ygfT_predicted,0.16666666666666666,5,5,CGCTAAGAATCCAGACCGTG,0,4919376
ygfS_ygfT_predicted,0.16666666666666666,5,5,CGCGGCTTGGCTGGTATTTC,0,4908512
ygfS_ygfT_predicted,0.16666666666666666,5,5,CGCGCACAGCCCTCGTGAAA,0,4910012
ygfS_ygfT_predicted,0.16666666666666666,5,5,CGCCTTTAGGGCTCTATAGG,0,4903160
ygfS_ygfT_predicted,0.16666666666666666,5,5,CGCCTACGCCAGGCTGCCAC,0,4916728
ygfS_ygfT_predicted,0.16666666666666666,5,5,CGCATGTGCGTTAAAACCAT,0,4924120
ygfS_ygfT_predicted,0.16666666666666666,5,5,CGATGATATTTTCGCCGAAC,0,4927042
ygfS_ygfT_predicted,0.16666666666666666,5,5,CGATCCCATTAAGGTCGTTA,0,4915171
ygfS_ygfT_predicted,0.16666666666666666,5,5,CGATAACGTTGAAATCGATA,0,4904199
ygfS_ygfT_predicted,0.16666666666666666,5,5,CGAGGAGCAGGACCTCCGAC,0,4903779
ygfS_ygfT_predicted,0.16666666666666666,5,5,CGAGCTGCCGTGCCGGAAAA,0,4919226
ygfS_ygfT_predicted,0.16666666666666666,5,5,CGAGCACTCTTAGCCCTAAA,0,4913599
ygfS_ygfT_predicted,0.16666666666666666,5,5,CGACTAATCTCTCTATTGTT,0,4928847
ygfS_ygfT_predicted,0.16666666666666666,5,5,CGACCGACAATCAACCATTA,0,4923961
ygfS_ygfT_predicted,0.16666666666666666,5,5,CGAATAGTGTTTCGGCATCG,0,4912587
ygfS_ygfT_predicted,0.16666666666666666,5,5,CGAAGGGATCTGTCCTCCAA,0,4904262
ygfS_ygfT_predicted,0.16666666666666666,5,5,CGAACTAGGGGCGCCCCTGA,0,4921527
ygfS_ygfT_predicted,0.16666666666666666,5,5,CGAACACCGGGGCACCAAAT,0,4923148
ygfS_ygfT_predicted,0.16666666666666666,5,5,CCTGTACCAGATCCCGTCTT,0,4928559
ygfS_ygfT_predicted,0.16666666666666666,5,5,CCTGGATGCATTCTTCAAGC,0,4915762
ygfS_ygfT_predicted,0.16666666666666666,5,5,CCTCCTGCATAAGTATCCCG,0,4902247
ygfS_ygfT_predicted,0.16666666666666666,5,5,CCTCAAAGGGTTGATGGGCT,0,4928920
ygfS_ygfT_predicted,0.16666666666666666,5,5,CCTATGGGGATGTAAGCAAC,0,4928217
ygfS_ygfT_predicted,0.16666666666666666,5,5,CCTAATGCCTTCCACCGTGG,0,4927591
ygfS_ygfT_predicted,0.16666666666666666,5,5,CCTAATCGTAATTTGCGTGG,0,4899894
ygfS_ygfT_predicted,0.16666666666666666,5,5,CCTAAGGCCGAGCGGCTCCT,0,4904300
ygfS_ygfT_predicted,0.16666666666666666,5,5,CCTAAGAGCCTCTTGCATCC,0,4912175
ygfS_ygfT_predicted,0.16666666666666666,5,5,CCTAAACGCATCAAAATATA,0,4900152
ygfS_ygfT_predicted,0.16666666666666666,5,5,CCGTTTTTACTGGCTCCATT,0,4900852
ygfS_ygfT_predicted,0.16666666666666666,5,5,CCGTGGTGATCGGTAAGTTA,0,4912636
ygfS_ygfT_predicted,0.16666666666666666,5,5,CCGTGGATGGGCTCAACCTA,0,4922618
ygfS_ygfT_predicted,0.16666666666666666,5,5,CCGTGGAGCTACACTAAATT,0,4902959
ygfS_ygfT_predicted,0.16666666666666666,5,5,CCGTGCAGGAGGAGTCAGTG,0,4904957
ygfS_ygfT_predicted,0.16666666666666666,5,5,CCGTCGTCGGTGGAGGGTAG,0,4903028
ygfS_ygfT_predicted,0.16666666666666666,5,5,CCGTCCCTGGAGTTTTAGAC,0,4914662
ygfS_ygfT_predicted,0.16666666666666666,5,5,CCGGTCAGTTGGACTCGTGC,0,4907372
ygfS_ygfT_predicted,0.16666666666666666,5,5,CCGGGGCAGGCTAGATTGTT,0,4905001
ygfS_ygfT_predicted,0.16666666666666666,5,5,CCGGGCCGCTTTGCCCCCAG,0,4922889
ygfS_ygfT_predicted,0.16666666666666666,5,5,CCGGGCAATTGGCCGAATGC,0,4899804
ygfS_ygfT_predicted,0.16666666666666666,5,5,CCGCTGTTCCCGGAAGGTGA,0,4925068
ygfS_ygfT_predicted,0.16666666666666666,5,5,CCGCTCCACTTTCGGTAAGA,0,4928750
ygfS_ygfT_predicted,0.16666666666666666,5,5,CCGCGGATGTCTCCACGCTT,0,4906061
ygfS_ygfT_predicted,0.16666666666666666,5,5,CCGCCAGGAAACGTTAGAAC,0,4904505
ygfS_ygfT_predicted,0.16666666666666666,5,5,CCGCATTTGGAATGGGTTAA,0,4908379
ygfS_ygfT_predicted,0.16666666666666666,5,5,CCCTGCGTCAGTGGCTTAGA,0,4900423
ygfS_ygfT_predicted,0.16666666666666666,5,5,CCCTGACCTCCACATTAATT,0,4902413
ygfS_ygfT_predicted,0.16666666666666666,5,5,CCCTCTCCTGTTCCATCACA,0,4922054
ygfS_ygfT_predicted,0.16666666666666666,5,5,CCCGTACGGGTGCGGAGCGC,0,4911994
ygfS_ygfT_predicted,0.16666666666666666,5,5,CCCGCGTTCCTGGGCTGTGA,0,4901508
ygfS_ygfT_predicted,0.16666666666666666,5,5,CCCCGCTCCGGAACCTACGT,0,4916206
ygfS_ygfT_predicted,0.16666666666666666,5,5,CCCCCGGTGCAGGTTTCTAT,0,4930367
ygfS_ygfT_predicted,0.16666666666666666,5,5,CCCCAATATCTGCACCGCCT,0,4903271
ygfS_ygfT_predicted,0.16666666666666666,5,5,CCCAGGGGCTCAACGCACAG,0,4915646
ygfS_ygfT_predicted,0.16666666666666666,5,5,CCCACTGTGGATCAGGTGTG,0,4910114
ygfS_ygfT_predicted,0.16666666666666666,5,5,CCATTCCGTACGTCGGTGTT,0,4916587
ygfS_ygfT_predicted,0.16666666666666666,5,5,CCATGTACAGCCAACGGGGT,0,4930114
ygfS_ygfT_predicted,0.16666666666666666,5,5,CCATCTCCGAAAAGACCGCC,0,4913827
ygfS_ygfT_predicted,0.16666666666666666,5,5,CCATCGGGCGCAATCCGTGC,0,4900033
ygfS_ygfT_predicted,0.16666666666666666,5,5,CCAGGTTGACTCGGGAGGCT,0,4911888
ygfS_ygfT_predicted,0.16666666666666666,5,5,CCAGCTTCGCGTCGGCAGTG,0,4918175
ygfS_ygfT_predicted,0.16666666666666666,5,5,CCAGCGGCATGTGCGGAAGA,0,4925601
ygfS_ygfT_predicted,0.16666666666666666,5,5,CCAGCATGACGAGGACCTAA,0,4907202
ygfS_ygfT_predicted,0.16666666666666666,5,5,CCAACAGAATTGATAGTACT,0,4914246
ygfS_ygfT_predicted,0.16666666666666666,5,5,CCAACACCCGCGTAGCACTT,0,4904068
ygfS_ygfT_predicted,0.16666666666666666,5,5,CATTGGTGACTGGTATAAAG,0,4907204
ygfS_ygfT_predicted,0.16666666666666666,5,5,CATTGCACTGCACAGAAAGA,0,4920461
ygfS_ygfT_predicted,0.16666666666666666,5,5,CATTATGCCTTTCGTGACTT,0,4914850
ygfS_ygfT_predicted,0.16666666666666666,5,5,CATGATGTCGTCGTTAATTA,0,4930166
ygfS_ygfT_predicted,0.16666666666666666,5,5,CATCTTCGTTCAGACCCTTA,0,4926528
ygfS_ygfT_predicted,0.16666666666666666,5,5,CATCTGGCATTGGCACTTAG,0,4922060
ygfS_ygfT_predicted,0.16666666666666666,5,5,CATCGCGGCGTTCGGTCCGT,0,4919163
ygfS_ygfT_predicted,0.16666666666666666,5,5,CATCGCCTTCAGGATCCGTC,0,4905380
ygfS_ygfT_predicted,0.16666666666666666,5,5,CATCGAGCATACCCCGGCAG,0,4913798
ygfS_ygfT_predicted,0.16666666666666666,5,5,CATAGCGTAAAGCTGGTCGT,0,4916002
ygfS_ygfT_predicted,0.16666666666666666,5,5,CATACTTTTGAGGTTTGGAA,0,4921150
ygfS_ygfT_predicted,0.16666666666666666,5,5,CATACTTGTGCCCGGCAGCT,0,4902979
ygfS_ygfT_predicted,0.16666666666666666,5,5,CAGTTGAAAAGGTCGGCACT,0,4920656
ygfS_ygfT_predicted,0.16666666666666666,5,5,CAGGTCAGTCCTAGGGGGGT,0,4919166
ygfS_ygfT_predicted,0.16666666666666666,5,5,CAGGGACACGGCGATTTTCA,0,4905589
ygfS_ygfT_predicted,0.16666666666666666,5,5,CAGGCCCATGGAGACTCCGC,0,4920454
ygfS_ygfT_predicted,0.16666666666666666,5,5,CAGCGTGTCCAATCGGTCGG,0,4913843
ygfS_ygfT_predicted,0.16666666666666666,5,5,CAGCGAATCTATTCGGCATA,0,4928855
ygfS_ygfT_predicted,0.16666666666666666,5,5,CAGAGCTAGAGCGGGTGGAA,0,4923241
ygfS_ygfT_predicted,0.16666666666666666,5,5,CAGACTATATCAGTATGCTT,0,4913080
ygfS_ygfT_predicted,0.16666666666666666,5,5,CACTTCCGAGCCGTGTTAAC,0,4908858
ygfS_ygfT_predicted,0.16666666666666666,5,5,CACGTGGACTGTGATGTAGC,0,4903935
ygfS_ygfT_predicted,0.16666666666666666,5,5,CACGTCAATAGGGGGTAACA,0,4906416
ygfS_ygfT_predicted,0.16666666666666666,5,5,CACGCTGGGCGTGCGCGTTG,0,4926150
ygfS_ygfT_predicted,0.16666666666666666,5,5,CACCTTGTGACAACATCCAT,0,4911450
ygfS_ygfT_predicted,0.16666666666666666,5,5,CACCGTACGATCCTCTAAGA,0,4900035
ygfS_ygfT_predicted,0.16666666666666666,5,5,CACAGTGGAGTTGTGTCCTC,0,4911908
ygfS_ygfT_predicted,0.16666666666666666,5,5,CACAGGGTCCATCATTAGTC,0,4917192
ygfS_ygfT_predicted,0.16666666666666666,5,5,CACAAGAGGGGAGGTCTTTT,0,4900678
ygfS_ygfT_predicted,0.16666666666666666,5,5,CAATGTTCTCAGGCATATAT,0,4920634
ygfS_ygfT_predicted,0.16666666666666666,5,5,CAATCCGCGGGCTCAGGCTT,0,4930364
ygfS_ygfT_predicted,0.16666666666666666,5,5,CAATAGGCGCAGAGCTCTTG,0,4919974
ygfS_ygfT_predicted,0.16666666666666666,5,5,CAATAAATTGCGCAAATACT,0,4911420
ygfS_ygfT_predicted,0.16666666666666666,5,5,CAAGCAAACATTTGTAGCAT,0,4929866
ygfS_ygfT_predicted,0.16666666666666666,5,5,CAAGAGGCAACCCTACGCGA,0,4925432
ygfS_ygfT_predicted,0.16666666666666666,5,5,CAAACAACACATACTAACAC,0,4924709
ygfS_ygfT_predicted,0.16666666666666666,5,5,ATTTCGTACAAGCGCCGCTT,0,4909205
ygfS_ygfT_predicted,0.16666666666666666,5,5,ATTGTCTCGACCGTTAGGTG,0,4906261
ygfS_ygfT_predicted,0.16666666666666666,5,5,ATTGCGTCGTTACCTCCGGG,0,4922560
ygfS_ygfT_predicted,0.16666666666666666,5,5,ATTGAGCCTGTGAGAGAAGT,0,4913722
ygfS_ygfT_predicted,0.16666666666666666,5,5,ATTCTTATTCAAAGATCGAT,0,4906211
ygfS_ygfT_predicted,0.16666666666666666,5,5,ATTCGCTCACCGGCCGAGGC,0,4916772
ygfS_ygfT_predicted,0.16666666666666666,5,5,ATTCCGTCCTGGTGTCCACA,0,4917472
ygfS_ygfT_predicted,0.16666666666666666,5,5,ATTCCCGACTGTCCTTTAGC,0,4905710
ygfS_ygfT_predicted,0.16666666666666666,5,5,ATGTTTACGGGAGTTACGCA,0,4917123
ygfS_ygfT_predicted,0.16666666666666666,5,5,ATGTTGTTCTAGAAACAGGT,0,4918711
ygfS_ygfT_predicted,0.16666666666666666,5,5,ATGTTAATCCTCGCCGTTAT,0,4899838
ygfS_ygfT_predicted,0.16666666666666666,5,5,ATGTGTAATAATAGATTAAG,0,4906431
ygfS_ygfT_predicted,0.16666666666666666,5,5,ATGTCTAGGTTTTTTCACGT,0,4916523
ygfS_ygfT_predicted,0.16666666666666666,5,5,ATGTAGTAAGTAAACATCTC,0,4923007
ygfS_ygfT_predicted,0.16666666666666666,5,5,ATGGTCAAGGCAGGACAAAT,0,4931158
ygfS_ygfT_predicted,0.16666666666666666,5,5,ATGGTAGATACCCCATTCAC,0,4904030
ygfS_ygfT_predicted,0.16666666666666666,5,5,ATGGATACTCCGCGGTTCTG,0,4923252
ygfS_ygfT_predicted,0.16666666666666666,5,5,ATGCTCGGTTCATATCGTTT,0,4914397
ygfS_ygfT_predicted,0.16666666666666666,5,5,ATGCTAAGGACAATTTGCTC,0,4906370
ygfS_ygfT_predicted,0.16666666666666666,5,5,ATGCGGGCTGCAAATGACGC,0,4911856
ygfS_ygfT_predicted,0.16666666666666666,5,5,ATGATACGACTGCGAAATGT,0,4916968
ygfS_ygfT_predicted,0.16666666666666666,5,5,ATCTGTGCATTTGCACATAT,0,4929683
ygfS_ygfT_predicted,0.16666666666666666,5,5,ATCTACGGCCCGCGTACGAT,0,4918789
ygfS_ygfT_predicted,0.16666666666666666,5,5,ATCGGGTTGGCTCAATCGCA,0,4902812
ygfS_ygfT_predicted,0.16666666666666666,5,5,ATCCCGGATGCGGGTCTACG,0,4929161
ygfS_ygfT_predicted,0.16666666666666666,5,5,ATCATTCGATGAGTTCCAAT,0,4926170
ygfS_ygfT_predicted,0.16666666666666666,5,5,ATCAGACGACCTGAAGAATT,0,4915189
ygfS_ygfT_predicted,0.16666666666666666,5,5,ATCACAATCGGGCGTCGGTG,0,4915898
ygfS_ygfT_predicted,0.16666666666666666,5,5,ATATGTAGTAGGCCCCTATA,0,4901955
ygfS_ygfT_predicted,0.16666666666666666,5,5,ATATCCGGCCAAACACATGA,0,4920226
ygfS_ygfT_predicted,0.16666666666666666,5,5,ATATAGTAGAGGACAGTTGC,0,4920183
ygfS_ygfT_predicted,0.16666666666666666,5,5,ATATACACGTAACCCGGGGC,0,4909131
ygfS_ygfT_predicted,0.16666666666666666,5,5,ATAGAAGTCTCCTCGGTTGT,0,4904318
ygfS_ygfT_predicted,0.16666666666666666,5,5,ATACGTGCCTACGCCAGTAA,0,4923227
ygfS_ygfT_predicted,0.16666666666666666,5,5,ATAACAACCCGACGAACTTT,0,4912172
ygfS_ygfT_predicted,0.16666666666666666,5,5,AGTTCTGAGGGATCCTACGA,0,4924472
ygfS_ygfT_predicted,0.16666666666666666,5,5,AGTTCAGTCTGCGTGATGAA,0,4917047
ygfS_ygfT_predicted,0.16666666666666666,5,5,AGTTACTTGACCGGATGCTG,0,4920300
ygfS_ygfT_predicted,0.16666666666666666,5,5,AGTGTATATTAGGTTCGCTG,0,4923834
ygfS_ygfT_predicted,0.16666666666666666,5,5,AGTGGTTACCAAGCTTCCGA,0,4912352
ygfS_ygfT_predicted,0.16666666666666666,5,5,AGTGGGTGCGCGTATATAAC,0,4920279
ygfS_ygfT_predicted,0.16666666666666666,5,5,AGTGGGAAACAGAAGGAACA,0,4906117
ygfS_ygfT_predicted,0.16666666666666666,5,5,AGTGCTGCGGGTCCTCAACC,0,4915351
ygfS_ygfT_predicted,0.16666666666666666,5,5,AGTCGCTCCGAATTTTACCG,0,4920206
ygfS_ygfT_predicted,0.16666666666666666,5,5,AGTCGATACTTAGGTTGTCG,0,4912608
ygfS_ygfT_predicted,0.16666666666666666,5,5,AGTAGGGACTCCGGTAATGC,0,4909371
ygfS_ygfT_predicted,0.16666666666666666,5,5,AGTACCGTAGAATTATTTGA,0,4925073
ygfS_ygfT_predicted,0.16666666666666666,5,5,AGTAATTTACGACACAGGGA,0,4924430
ygfS_ygfT_predicted,0.16666666666666666,5,5,AGTAACTTAGTGGGCGAATT,0,4903478
ygfS_ygfT_predicted,0.16666666666666666,5,5,AGGTTAAAGCTTGCCGGCGC,0,4915100
ygfS_ygfT_predicted,0.16666666666666666,5,5,AGGTCTGGTGTGGAGGCTAG,0,4904821
ygfS_ygfT_predicted,0.16666666666666666,5,5,AGGTAGTGCGCTCTTCCGGC,0,4922956
ygfS_ygfT_predicted,0.16666666666666666,5,5,AGGTAACGGTGGGTTAAGGC,0,4905056
ygfS_ygfT_predicted,0.16666666666666666,5,5,AGGGACAGTACGTGCTCTGT,0,4904738
ygfS_ygfT_predicted,0.16666666666666666,5,5,AGGCCTCACCAAGGCCATAT,0,4911586
ygfS_ygfT_predicted,0.16666666666666666,5,5,AGGATTCTGAATTATAGGCT,0,4931342
ygfS_ygfT_predicted,0.16666666666666666,5,5,AGGAACATTCGTTTAAGGCA,0,4922198
ygfS_ygfT_predicted,0.16666666666666666,5,5,AGCTATGATCCTAGATTGCG,0,4911638
ygfS_ygfT_predicted,0.16666666666666666,5,5,AGCCGTCCTGCATTGAGTCA,0,4905409
ygfS_ygfT_predicted,0.16666666666666666,5,5,AGCCGACGGACTGCGGGTGG,0,4912639
ygfS_ygfT_predicted,0.16666666666666666,5,5,AGCCCAGCGGTACCGAGATA,0,4909979
ygfS_ygfT_predicted,0.16666666666666666,5,5,AGATATTCTAACACCGGTCT,0,4915733
ygfS_ygfT_predicted,0.16666666666666666,5,5,AGATAAGGGGAACAAATCAT,0,4912694
ygfS_ygfT_predicted,0.16666666666666666,5,5,AGAGTATTCGGACATCAGGC,0,4916208
ygfS_ygfT_predicted,0.16666666666666666,5,5,AGAGGATAATGAGTAGGTTC,0,4916545
ygfS_ygfT_predicted,0.16666666666666666,5,5,AGAGCCGTTCTCGCTAATTC,0,4910985
ygfS_ygfT_predicted,0.16666666666666666,5,5,AGAGAGCAGCTTAGTTCGAA,0,4919446
ygfS_ygfT_predicted,0.16666666666666666,5,5,AGAATACGTTCCCACATTTC,0,4900185
ygfS_ygfT_predicted,0.16666666666666666,5,5,AGAAGATTAGCGTTATCAGG,0,4913857
ygfS_ygfT_predicted,0.16666666666666666,5,5,ACTTACCTTTGATCACTTTT,0,4905869
ygfS_ygfT_predicted,0.16666666666666666,5,5,ACTGGTAGTGCCTTAAGATC,0,4916468
ygfS_ygfT_predicted,0.16666666666666666,5,5,ACTCGGCTAGGCTGTCTACA,0,4903899
ygfS_ygfT_predicted,0.16666666666666666,5,5,ACTCGCGGTACAGCACTGAT,0,4927704
ygfS_ygfT_predicted,0.16666666666666666,5,5,ACTCGAGCTGTAGGCAGGGT,0,4927025
ygfS_ygfT_predicted,0.16666666666666666,5,5,ACTCCCACTGGTGGCAGACT,0,4900955
ygfS_ygfT_predicted,0.16666666666666666,5,5,ACTATGTAATCGCCAGCCGC,0,4922530
ygfS_ygfT_predicted,0.16666666666666666,5,5,ACGTGCAAACCGCCCTTTAT,0,4920125
ygfS_ygfT_predicted,0.16666666666666666,5,5,ACGTGATCCTCGGGCGGGAT,0,4928824
ygfS_ygfT_predicted,0.16666666666666666,5,5,ACGGTCTAGGTACGTCTAAT,0,4917222
ygfS_ygfT_predicted,0.16666666666666666,5,5,ACGGGTCACCGCTGGTCTTG,0,4922218
ygfS_ygfT_predicted,0.16666666666666666,5,5,ACGGCGTTTTTGGGTCCGGT,0,4917136
ygfS_ygfT_predicted,0.16666666666666666,5,5,ACGGATCGGCACGTAGGGTC,0,4915293
ygfS_ygfT_predicted,0.16666666666666666,5,5,ACGCCGGCTCTCACCCACGG,0,4924282
ygfS_ygfT_predicted,0.16666666666666666,5,5,ACGCAAACTTCATCAAAATA,0,4927531
ygfS_ygfT_predicted,0.16666666666666666,5,5,ACGAGGTGCTCTTCATGGTC,0,4908953
ygfS_ygfT_predicted,0.16666666666666666,5,5,ACGACTCGCGTTTCCCCCTG,0,4928721
ygfS_ygfT_predicted,0.16666666666666666,5,5,ACGACGACTACATCCAGTAC,0,4920594
ygfS_ygfT_predicted,0.16666666666666666,5,5,ACGAAATGTAGTGAATTGGG,0,4919740
ygfS_ygfT_predicted,0.16666666666666666,5,5,ACCTTAGCCTCGGCGATTAT,0,4915026
ygfS_ygfT_predicted,0.16666666666666666,5,5,ACCGAGGCCATCGTCGCTTT,0,4922984
ygfS_ygfT_predicted,0.16666666666666666,5,5,ACCCTACACGGGTCGTGTAT,0,4915315
ygfS_ygfT_predicted,0.16666666666666666,5,5,ACCCCTGTTGTTCATACTCC,0,4916875
ygfS_ygfT_predicted,0.16666666666666666,5,5,ACCAAAAATTCTGGCAAGAG,0,4919295
ygfS_ygfT_predicted,0.16666666666666666,5,5,ACATTAAACCGCAGTCTGGA,0,4930300
ygfS_ygfT_predicted,0.16666666666666666,5,5,ACATGAATATGCGAACGTTA,0,4924974
ygfS_ygfT_predicted,0.16666666666666666,5,5,ACAGTAGAAAGCTCGGGTTA,0,4914694
ygfS_ygfT_predicted,0.16666666666666666,5,5,ACACCGCGAACGAGCATCCC,0,4910569
ygfS_ygfT_predicted,0.16666666666666666,5,5,ACACCAGTACTATTTAGTGC,0,4907319
ygfS_ygfT_predicted,0.16666666666666666,5,5,ACACAGGTTTGTCTATCGGT,0,4925049
ygfS_ygfT_predicted,0.16666666666666666,5,5,ACAATTTACCATACAGTATA,0,4901595
ygfS_ygfT_predicted,0.16666666666666666,5,5,ACAATGCCCAAGGGACGGCG,0,4925777
ygfS_ygfT_predicted,0.16666666666666666,5,5,AATTCTCCACTAATCCCCCT,0,4918661
ygfS_ygfT_predicted,0.16666666666666666,5,5,AATGACAAGGCGGGAAGGTT,0,4923596
ygfS_ygfT_predicted,0.16666666666666666,5,5,AATCACAACGTTCGTACGCT,0,4908710
ygfS_ygfT_predicted,0.16666666666666666,5,5,AATATGGGACTTTTGTTTAC,0,4928109
ygfS_ygfT_predicted,0.16666666666666666,5,5,AATATCTTACCCGCATTGAC,0,4915306
ygfS_ygfT_predicted,0.16666666666666666,5,5,AATATAATATACCGCTGGCG,0,4912140
ygfS_ygfT_predicted,0.16666666666666666,5,5,AATATAACGTCAATAACAGG,0,4908493
ygfS_ygfT_predicted,0.16666666666666666,5,5,AAGGGGCATCGTGCGAACTA,0,4921850
ygfS_ygfT_predicted,0.16666666666666666,5,5,AAGGCCCCGTAACCCTATAT,0,4913126
ygfS_ygfT_predicted,0.16666666666666666,5,5,AAGGAGTCTAGCGAAAGAGT,0,4929600
ygfS_ygfT_predicted,0.16666666666666666,5,5,AAGCATTTTACGTACACGCA,0,4904632
ygfS_ygfT_predicted,0.16666666666666666,5,5,AAGCACTCATCGTGCAGCAA,0,4911617
ygfS_ygfT_predicted,0.16666666666666666,5,5,AAGATGGTGGCATCCTAGGA,0,4916653
ygfS_ygfT_predicted,0.16666666666666666,5,5,AAGATATATAATTGTCCAGG,0,4930890
ygfS_ygfT_predicted,0.16666666666666666,5,5,AAGACGACAGAACTTTTGAT,0,4925815
ygfS_ygfT_predicted,0.16666666666666666,5,5,AAGAAAGGGATAAACAAGAC,0,4925272
ygfS_ygfT_predicted,0.16666666666666666,5,5,AACCCGGCAGCTTACGGAAG,0,4910164
ygfS_ygfT_predicted,0.16666666666666666,5,5,AACCAAACCCGGCACTCTCA,0,4899814
ygfS_ygfT_predicted,0.16666666666666666,5,5,AACATGGCTACCCGTCTGTC,0,4914278
ygfS_ygfT_predicted,0.16666666666666666,5,5,AACAGTTAGGCCATAACATC,0,4905344
ygfS_ygfT_predicted,0.16666666666666666,5,5,AACAATTGGTATACGATAAT,0,4903628
ygfS_ygfT_predicted,0.16666666666666666,5,5,AAATTAGTATCCCACGCAGG,0,4923935
ygfS_ygfT_predicted,0.16666666666666666,5,5,AAAGTGCTACCCGGCCGCCT,0,4910867
ygfS_ygfT_predicted,0.16666666666666666,5,5,AAACCTCTTCAAGGCCGTCA,0,4926950
ygfS_ygfT_predicted,0.16666666666666666,5,5,AAAATTTCATACAGTGGGAC,0,4901978
ygfS_ygfT_predicted,0.16666666666666666,5,5,AAAATTACGTGTCACAATTG,0,4901061
ygfS_ygfT_predicted,0.16666666666666666,5,5,AAAAGGGGGGGATTCCCCGA,0,4913615
ygfS_ygfT_predicted,0.16666666666666666,5,5,AAAAGAAGCGTAAAGGACAC,0,4929430
ygfS_ygfT_predicted,0.16666666666666666,5,5,AAAACGTAAAAATCGGGGTG,0,4910945
ygfS_ygfT_predicted,0.16666666666666666,5,5,AAAAAGGACGCCTAGAAAAT,0,4901007
ygfS_ygfT_predicted,0.16666666666666666,5,5,AAAAACACAGGGCAAGGCAC,0,4928328
ygfS_ygfT_predicted,0.2,4,4,TTTTTTGGATAAACTATTGG,0,4917980
ygfS_ygfT_predicted,0.2,4,4,TTTTTATTCGGCGACGTTTT,0,4914598
ygfS_ygfT_predicted,0.2,4,4,TTTTAATCCTCACGCTACGA,0,4925059
ygfS_ygfT_predicted,0.2,4,4,TTTGCACGCCGCGCTCGCGA,0,4930117
ygfS_ygfT_predicted,0.2,4,4,TTTGATCGCTTGCCTTGCCG,0,4930938
ygfS_ygfT_predicted,0.2,4,4,TTTATTTTTACTATCTCCAA,0,4921814
ygfS_ygfT_predicted,0.2,4,4,TTTAGCGACAGAGGTTCGCG,0,4923638
ygfS_ygfT_predicted,0.2,4,4,TTGTCCCGAAGGCGCTAGCG,0,4927721
ygfS_ygfT_predicted,0.2,4,4,TTGTCATTCAACAACAGGTC,0,4910283
ygfS_ygfT_predicted,0.2,4,4,TTGTACGATTTACCGGCATA,0,4927714
ygfS_ygfT_predicted,0.2,4,4,TTGGTTGATAAAGCGGCTGT,0,4911686
ygfS_ygfT_predicted,0.2,4,4,TTGCGTCAACTCATCACGCG,0,4923795
ygfS_ygfT_predicted,0.2,4,4,TTGCGCCCACGTATCTTCCG,0,4916982
ygfS_ygfT_predicted,0.2,4,4,TTGCACAGACCCAATCGGTG,0,4904987
ygfS_ygfT_predicted,0.2,4,4,TTGATTACATGTAGCTCCAT,0,4927492
ygfS_ygfT_predicted,0.2,4,4,TTGAGCCTAGGTCCCGGCTT,0,4906217
ygfS_ygfT_predicted,0.2,4,4,TTGACACTAGCATAATTTGT,0,4902977
ygfS_ygfT_predicted,0.2,4,4,TTGAACTTATAATGTTCAAC,0,4913617
ygfS_ygfT_predicted,0.2,4,4,TTCGTAGGGAATGCGACATA,0,4930059
ygfS_ygfT_predicted,0.2,4,4,TTCGTACAGCGGGGCGTTCT,0,4924726
ygfS_ygfT_predicted,0.2,4,4,TTCGAGGATGTAGACGGTGT,0,4919875
ygfS_ygfT_predicted,0.2,4,4,TTCCGAATCATCCTGTTTCT,0,4924814
ygfS_ygfT_predicted,0.2,4,4,TTCCAGACCTCCGCGGGGCT,0,4911030
ygfS_ygfT_predicted,0.2,4,4,TTCCACTCCCCCACCGGAAT,0,4911922
ygfS_ygfT_predicted,0.2,4,4,TTCATATGGCGAATAAAGGA,0,4900171
ygfS_ygfT_predicted,0.2,4,4,TTCAATGTCCGGGCCACCTC,0,4914762
ygfS_ygfT_predicted,0.2,4,4,TTATCCTGATAGCCCAAGGG,0,4929222
ygfS_ygfT_predicted,0.2,4,4,TTAGGCAGATTCAATCGTGC,0,4924071
ygfS_ygfT_predicted,0.2,4,4,TTAGACTCGGGCAGAAGGAC,0,4916953
ygfS_ygfT_predicted,0.2,4,4,TTAGAAATGGTGGGTTAACG,0,4926441
ygfS_ygfT_predicted,0.2,4,4,TTACTGTAGAGTAATAGGAA,0,4930765
ygfS_ygfT_predicted,0.2,4,4,TTACGGTACATCCGTAGACC,0,4913004
ygfS_ygfT_predicted,0.2,4,4,TTAAAGTGGGTATGACAAGC,0,4917520
ygfS_ygfT_predicted,0.2,4,4,TGTTTTGTTTCAAAGTGACG,0,4913809
ygfS_ygfT_predicted,0.2,4,4,TGTTTTGCCCCGATGACGTT,0,4908427
ygfS_ygfT_predicted,0.2,4,4,TGTTATAAGTTGCGAGGGAG,0,4914761
ygfS_ygfT_predicted,0.2,4,4,TGTGCAGAGTGAAAGCGAAA,0,4920204
ygfS_ygfT_predicted,0.2,4,4,TGTGAGAATGGGGTTAGGAT,0,4916044
ygfS_ygfT_predicted,0.2,4,4,TGTGACTTCCGCAGTACCGC,0,4912354
ygfS_ygfT_predicted,0.2,4,4,TGTGACGGTTGCACTTGTTA,0,4909695
ygfS_ygfT_predicted,0.2,4,4,TGTACCATGGGGACTACTAC,0,4915429
ygfS_ygfT_predicted,0.2,4,4,TGGTTCTACTTCATGCGTGG,0,4918383
ygfS_ygfT_predicted,0.2,4,4,TGGTTCCTATTGGCACTGGA,0,4913803
ygfS_ygfT_predicted,0.2,4,4,TGGTATACATTGGGAAAAAC,0,4904596
ygfS_ygfT_predicted,0.2,4,4,TGGGGTACGTGTTCACAACG,0,4914688
ygfS_ygfT_predicted,0.2,4,4,TGGGGCGACTGGCTATGGTG,0,4907618
ygfS_ygfT_predicted,0.2,4,4,TGGGCAGACGTGGCCCGTAT,0,4901065
ygfS_ygfT_predicted,0.2,4,4,TGGGATGATGTCAGATGCTC,0,4900346
ygfS_ygfT_predicted,0.2,4,4,TGGAGAGTTTAGGGTTAAAC,0,4915068
ygfS_ygfT_predicted,0.2,4,4,TGGAATACCTTTAGGTTTTG,0,4931357
ygfS_ygfT_predicted,0.2,4,4,TGCTATAAGCTCTGAGGCAA,0,4916235
ygfS_ygfT_predicted,0.2,4,4,TGCGAGCTTCATGAGAAAAT,0,4918302
ygfS_ygfT_predicted,0.2,4,4,TGCCCCCGAGCCCACAGGAA,0,4900704
ygfS_ygfT_predicted,0.2,4,4,TGCATGCGCGTTTTCAGATG,0,4919456
ygfS_ygfT_predicted,0.2,4,4,TGCAAGCATCTTATCAAGCC,0,4901330
ygfS_ygfT_predicted,0.2,4,4,TGATTATCGTGCAGTTTCCT,0,4904107
ygfS_ygfT_predicted,0.2,4,4,TGATGCCGGTACGTAGGGGA,0,4911245
ygfS_ygfT_predicted,0.2,4,4,TGAGTCCATAGTTTGGACGG,0,4910871
ygfS_ygfT_predicted,0.2,4,4,TGAATATTGTGGCGATGGGG,0,4930199
ygfS_ygfT_predicted,0.2,4,4,TGAAAGTTCCTGGCCTTGCG,0,4900693
ygfS_ygfT_predicted,0.2,4,4,TGAAACGTGTATCGGATTGC,0,4908806
ygfS_ygfT_predicted,0.2,4,4,TCTTTGGGGTGCGTTATCAT,0,4907861
ygfS_ygfT_predicted,0.2,4,4,TCTGGTTTCGAGTAACCCGA,0,4928113
ygfS_ygfT_predicted,0.2,4,4,TCTGGAAGCAAGTTAATCTT,0,4921994
ygfS_ygfT_predicted,0.2,4,4,TCTGCCAATTGCCACGAGAT,0,4910951
ygfS_ygfT_predicted,0.2,4,4,TCTCTTCACCTCGAGGTCGT,0,4907156
ygfS_ygfT_predicted,0.2,4,4,TCTCGTCCAAGGTCACGAAT,0,4904365
ygfS_ygfT_predicted,0.2,4,4,TCTCACAATTATCCGCTGAT,0,4919851
ygfS_ygfT_predicted,0.2,4,4,TCTAGGGCCTACTTACTCGA,0,4927989
ygfS_ygfT_predicted,0.2,4,4,TCGTGCCCGTCCAGACAGGG,0,4899737
ygfS_ygfT_predicted,0.2,4,4,TCGTCGGAAAAGGGAGTTCT,0,4918188
ygfS_ygfT_predicted,0.2,4,4,TCGTAGCAGTAATGATATCT,0,4918520
ygfS_ygfT_predicted,0.2,4,4,TCGTAATCATATTTAGCTAG,0,4914486
ygfS_ygfT_predicted,0.2,4,4,TCGGTAGTCGTCCTAATCAT,0,4916579
ygfS_ygfT_predicted,0.2,4,4,TCGGATGGTGGATGGCATAT,0,4925637
ygfS_ygfT_predicted,0.2,4,4,TCGCGTAACGGGACTGATAC,0,4910840
ygfS_ygfT_predicted,0.2,4,4,TCGCGCGGCGATTGGCGCGT,0,4919600
ygfS_ygfT_predicted,0.2,4,4,TCGCGAGGCTGTGGATCAAA,0,4914720
ygfS_ygfT_predicted,0.2,4,4,TCGCAGCCCGGGTCATTAAT,0,4918342
ygfS_ygfT_predicted,0.2,4,4,TCGATATGCGATCTATACTC,0,4915082
ygfS_ygfT_predicted,0.2,4,4,TCGAGGTAAAAAAAAAGATC,0,4910048
ygfS_ygfT_predicted,0.2,4,4,TCGAGCTTCCGCCTATTAGC,0,4909447
ygfS_ygfT_predicted,0.2,4,4,TCGACGACGTGATCGTGTTA,0,4919487
ygfS_ygfT_predicted,0.2,4,4,TCGAATCCGCTGCCCTTGGG,0,4927011
ygfS_ygfT_predicted,0.2,4,4,TCCGTGGAGGACGCCTGACT,0,4907220
ygfS_ygfT_predicted,0.2,4,4,TCCGCTCTGAAGTGCCTCTA,0,4904986
ygfS_ygfT_predicted,0.2,4,4,TCCGCATCTTCAATCGATGC,0,4917944
ygfS_ygfT_predicted,0.2,4,4,TCCGAGCGGTTGCGGTTACC,0,4908339
ygfS_ygfT_predicted,0.2,4,4,TCCGAATTATGTCCAGTTGA,0,4900083
ygfS_ygfT_predicted,0.2,4,4,TCCCTCGGTATCGAAATCGT,0,4925808
ygfS_ygfT_predicted,0.2,4,4,TCCCATACGGCCTAGAGCAT,0,4930549
ygfS_ygfT_predicted,0.2,4,4,TCCACCGCGGTTAGAGCGCA,0,4909048
ygfS_ygfT_predicted,0.2,4,4,TCATTCCCGCGAAAAACGAA,0,4920727
ygfS_ygfT_predicted,0.2,4,4,TCATTAGAAAGGGGCGAGGA,0,4922538
ygfS_ygfT_predicted,0.2,4,4,TCATGATTCCCCCAGTACGC,0,4917672
ygfS_ygfT_predicted,0.2,4,4,TCATCAACGCACCACGTCTA,0,4917404
ygfS_ygfT_predicted,0.2,4,4,TCAGTCTAAAGCGGTGTTCT,0,4931174
ygfS_ygfT_predicted,0.2,4,4,TCAGAGCCATATTCTAATTA,0,4921659
ygfS_ygfT_predicted,0.2,4,4,TCACTTTACCTCGAATGCAA,0,4924013
ygfS_ygfT_predicted,0.2,4,4,TCACGGGAAGCGTGGTGAGC,0,4904431
ygfS_ygfT_predicted,0.2,4,4,TCACGGAAACGTTCACCAAT,0,4913885
ygfS_ygfT_predicted,0.2,4,4,TCACCCGCAGAGGGGTCATA,0,4920263
ygfS_ygfT_predicted,0.2,4,4,TCACACTTAGTATCCTGTGC,0,4912674
ygfS_ygfT_predicted,0.2,4,4,TCAACGCGCGTCCTTCGCGG,0,4914286
ygfS_ygfT_predicted,0.2,4,4,TATTTAGGGCGGCCGGAAGA,0,4917065
ygfS_ygfT_predicted,0.2,4,4,TATTGGGCGGACGTCTTAGT,0,4921137
ygfS_ygfT_predicted,0.2,4,4,TATTCGTGACACTTTACTGC,0,4908060
ygfS_ygfT_predicted,0.2,4,4,TATTCGATGCCGGGGCAGAA,0,4905040
ygfS_ygfT_predicted,0.2,4,4,TATGTCAGAGTTGTAACGTT,0,4917357
ygfS_ygfT_predicted,0.2,4,4,TATGGTCTCACTACAGATTT,0,4924051
ygfS_ygfT_predicted,0.2,4,4,TATGGCGCGTCTCAGATAGG,0,4914808
ygfS_ygfT_predicted,0.2,4,4,TATGCTGAGTCGCTGCACTG,0,4903664
ygfS_ygfT_predicted,0.2,4,4,TATGCATATGATGGTCACAA,0,4903369
ygfS_ygfT_predicted,0.2,4,4,TATAGTAAGCCCTAAGCGAA,0,4917579
ygfS_ygfT_predicted,0.2,4,4,TATACCCGCCCCGAATGAGG,0,4916381
ygfS_ygfT_predicted,0.2,4,4,TATACCCAAACTGTGCAGGA,0,4915527
ygfS_ygfT_predicted,0.2,4,4,TAGGCCCAGAGTGACTGAAC,0,4900808
ygfS_ygfT_predicted,0.2,4,4,TAGGCACCCCATAATCCTCC,0,4931464
ygfS_ygfT_predicted,0.2,4,4,TAGGAGCAATGCATTTTCAT,0,4906196
ygfS_ygfT_predicted,0.2,4,4,TAGCCCATCGTAGATGCCTG,0,4927101
ygfS_ygfT_predicted,0.2,4,4,TAGAGACCACTAGCCGCCGC,0,4899780
ygfS_ygfT_predicted,0.2,4,4,TAGAAGCATCCGGAAGCAGT,0,4907497
ygfS_ygfT_predicted,0.2,4,4,TACTGCGCGAAAATACGGAG,0,4911479
ygfS_ygfT_predicted,0.2,4,4,TACTCATTTATCGGTATCGT,0,4904906
ygfS_ygfT_predicted,0.2,4,4,TACTATCGATGTTCATATAT,0,4922166
ygfS_ygfT_predicted,0.2,4,4,TACTATACAAACTGTGGTAG,0,4914922
ygfS_ygfT_predicted,0.2,4,4,TACGTACGAGACGTCTTGGG,0,4928522
ygfS_ygfT_predicted,0.2,4,4,TACCGAAAAGCTCTAGCAAA,0,4917241
ygfS_ygfT_predicted,0.2,4,4,TACAACCCCCGAGGGGTAAG,0,4908409
ygfS_ygfT_predicted,0.2,4,4,TAATCGCTATTACAAAGCAC,0,4926772
ygfS_ygfT_predicted,0.2,4,4,TAAGCTGGGACGCCCTTCTC,0,4902216
ygfS_ygfT_predicted,0.2,4,4,TAACGTCGGGTCGGTCCGAG,0,4903169
ygfS_ygfT_predicted,0.2,4,4,TAAAGGTATATATAGCTATC,0,4911056
ygfS_ygfT_predicted,0.2,4,4,TAAAGGGCTACTTATGCCTG,0,4928329
ygfS_ygfT_predicted,0.2,4,4,TAAAGGGATAGGTGGAGTCT,0,4929435
ygfS_ygfT_predicted,0.2,4,4,TAAAGGCTCCATCTGTTTGA,0,4911075
ygfS_ygfT_predicted,0.2,4,4,TAAAAAGCACTTGAGTTTTG,0,4917544
ygfS_ygfT_predicted,0.2,4,4,GTTTGGCGACCACCTCAGCG,0,4922982
ygfS_ygfT_predicted,0.2,4,4,GTTTGCACGAAGCGAAACAG,0,4904832
ygfS_ygfT_predicted,0.2,4,4,GTTTAGACAAGCGCTCCGGA,0,4921080
ygfS_ygfT_predicted,0.2,4,4,GTTGTTTACGTCCCCTCGGA,0,4930599
ygfS_ygfT_predicted,0.2,4,4,GTTCTGTCATAATACGTATC,0,4928198
ygfS_ygfT_predicted,0.2,4,4,GTTCGAGGCTGAGCATGCCA,0,4918349
ygfS_ygfT_predicted,0.2,4,4,GTTCGACGTTTGATAGAAGC,0,4929428
ygfS_ygfT_predicted,0.2,4,4,GTTCCTTTAGAAATGTCTTT,0,4908844
ygfS_ygfT_predicted,0.2,4,4,GTTCCATTATGCAAGAGTTA,0,4926045
ygfS_ygfT_predicted,0.2,4,4,GTTCCAACCATCCTTCCCAG,0,4914324
ygfS_ygfT_predicted,0.2,4,4,GTTCATTGGCAAACTATCCT,0,4922347
ygfS_ygfT_predicted,0.2,4,4,GTTACTCCTTATTGTGCGAG,0,4926258
ygfS_ygfT_predicted,0.2,4,4,GTGTTTTTAGCGCTTACTTA,0,4915847
ygfS_ygfT_predicted,0.2,4,4,GTGTGTCCTCTTGGTGCGGA,0,4918010
ygfS_ygfT_predicted,0.2,4,4,GTGTCTCTACCCTGGTCTGT,0,4921524
ygfS_ygfT_predicted,0.2,4,4,GTGGGAATGGAGGTAGGCTT,0,4910185
ygfS_ygfT_predicted,0.2,4,4,GTGGCGTAGTTTTACTCGTC,0,4912809
ygfS_ygfT_predicted,0.2,4,4,GTGGCCGCCGTTGCATTGTG,0,4930068
ygfS_ygfT_predicted,0.2,4,4,GTGGAATGCGTATGTCCAAT,0,4931436
ygfS_ygfT_predicted,0.2,4,4,GTGCTGGTCCTGCAGATAGT,0,4925889
ygfS_ygfT_predicted,0.2,4,4,GTGCGCGGCCTGGGTGGCAT,0,4920570
ygfS_ygfT_predicted,0.2,4,4,GTGCGCATGTGGGTTGTTCG,0,4905827
ygfS_ygfT_predicted,0.2,4,4,GTGATTATAGCTATTGCTAG,0,4910289
ygfS_ygfT_predicted,0.2,4,4,GTGATGCTCCAGCGCCCCCA,0,4905639
ygfS_ygfT_predicted,0.2,4,4,GTGACTTGTCTCTCTTCCGG,0,4908283
ygfS_ygfT_predicted,0.2,4,4,GTGACTAGCCTCAGACTTCG,0,4918027
ygfS_ygfT_predicted,0.2,4,4,GTCTCGGGGGATATGTGGAA,0,4904803
ygfS_ygfT_predicted,0.2,4,4,GTCTATCAAAACCTAATAAT,0,4927542
ygfS_ygfT_predicted,0.2,4,4,GTCGTTGCCCTCATGAAGTT,0,4921335
ygfS_ygfT_predicted,0.2,4,4,GTCGGCCAGCAGAACAGGAT,0,4919678
ygfS_ygfT_predicted,0.2,4,4,GTCGCCGGTTATCGCCATCA,0,4902679
ygfS_ygfT_predicted,0.2,4,4,GTCCGTCGTCCGTCAGACCT,0,4913156
ygfS_ygfT_predicted,0.2,4,4,GTATTTTGACAAAAATCGGG,0,4928236
ygfS_ygfT_predicted,0.2,4,4,GTATTACACTCTTTTGGGAG,0,4918615
ygfS_ygfT_predicted,0.2,4,4,GTATGGCTATTAATATTCTA,0,4912410
ygfS_ygfT_predicted,0.2,4,4,GTATGCTGATCTGCCTGCAG,0,4913639
ygfS_ygfT_predicted,0.2,4,4,GTATGAGCGTGCCATTACGG,0,4899752
ygfS_ygfT_predicted,0.2,4,4,GTATCAATGGTCCCGATCTG,0,4916483
ygfS_ygfT_predicted,0.2,4,4,GTAGCAGCCCTCTATTAAAG,0,4905319
ygfS_ygfT_predicted,0.2,4,4,GTACTATCACCGTTCGCGAG,0,4924935
ygfS_ygfT_predicted,0.2,4,4,GTACCTCGGTGTGCCTGATT,0,4926532
ygfS_ygfT_predicted,0.2,4,4,GTAAGGTCGTGAAGGGGTCC,0,4918556
ygfS_ygfT_predicted,0.2,4,4,GTAAACTCCTATAGGGATAC,0,4913355
ygfS_ygfT_predicted,0.2,4,4,GGTTCTTGTTACGCATTAAA,0,4905304
ygfS_ygfT_predicted,0.2,4,4,GGTTCTTAGTCAGCTATGAA,0,4907740
ygfS_ygfT_predicted,0.2,4,4,GGTTAACCGGCCACCATACA,0,4919564
ygfS_ygfT_predicted,0.2,4,4,GGTGGTCACGCCGACTCCCA,0,4914384
ygfS_ygfT_predicted,0.2,4,4,GGTGGCTAGCCTATAGTATA,0,4905980
ygfS_ygfT_predicted,0.2,4,4,GGTGCAAAGTCCTTTCAGTT,0,4907369
ygfS_ygfT_predicted,0.2,4,4,GGTCTGCACAGTACATCATA,0,4919748
ygfS_ygfT_predicted,0.2,4,4,GGTCTCGGCACACATTTCAC,0,4907219
ygfS_ygfT_predicted,0.2,4,4,GGTCGCACAGCATATGTACT,0,4921461
ygfS_ygfT_predicted,0.2,4,4,GGTCGAACTTGCTGTTAAAT,0,4904673
ygfS_ygfT_predicted,0.2,4,4,GGTCCTCAATCCGTAAATTC,0,4910064
ygfS_ygfT_predicted,0.2,4,4,GGTCCGGGGGGACGCAAAAG,0,4908516
ygfS_ygfT_predicted,0.2,4,4,GGTCACATCCGTTGGGACTG,0,4925692
ygfS_ygfT_predicted,0.2,4,4,GGTCAAATCCCCCTGTGGGA,0,4928865
ygfS_ygfT_predicted,0.2,4,4,GGTATTGAAACAGGACGAGG,0,4931205
ygfS_ygfT_predicted,0.2,4,4,GGTAGACGTACTCTATAATT,0,4914842
ygfS_ygfT_predicted,0.2,4,4,GGGTTTAGGCTTCGCTCCCA,0,4901263
ygfS_ygfT_predicted,0.2,4,4,GGGTTGAGCGTTATTTGGTT,0,4908942
ygfS_ygfT_predicted,0.2,4,4,GGGTGTGCTATAGAGTTTCG,0,4903919
ygfS_ygfT_predicted,0.2,4,4,GGGTCGTGACGAACAACCTA,0,4905679
ygfS_ygfT_predicted,0.2,4,4,GGGGTCGCTATGTAATTTGA,0,4914622
ygfS_ygfT_predicted,0.2,4,4,GGGGCCGATTAGTGTTCTTT,0,4924622
ygfS_ygfT_predicted,0.2,4,4,GGGGCAGCCACACTCGTCTA,0,4928013
ygfS_ygfT_predicted,0.2,4,4,GGGCGGACAGTCGTCGAGAT,0,4900809
ygfS_ygfT_predicted,0.2,4,4,GGGCAGTGAGAATAAGCGGC,0,4925015
ygfS_ygfT_predicted,0.2,4,4,GGGATAGAGACAAATGCTTC,0,4909011
ygfS_ygfT_predicted,0.2,4,4,GGGACACCCGTTAGTCTTTA,0,4916800
ygfS_ygfT_predicted,0.2,4,4,GGCTTTCTTCGATAGCACGT,0,4926868
ygfS_ygfT_predicted,0.2,4,4,GGCTTGGACTCGTGCGAGTA,0,4931015
ygfS_ygfT_predicted,0.2,4,4,GGCTGACTAATTTACTGGCA,0,4908388
ygfS_ygfT_predicted,0.2,4,4,GGCTACGGCGTGCTGCATAA,0,4902549
ygfS_ygfT_predicted,0.2,4,4,GGCTACCATGGCAGTTCGCT,0,4917327
ygfS_ygfT_predicted,0.2,4,4,GGCTACAACGATACTTAGGT,0,4916896
ygfS_ygfT_predicted,0.2,4,4,GGCGCTGGGTTTATGTTTCG,0,4910137
ygfS_ygfT_predicted,0.2,4,4,GGCCTGCTGACCACGGTGGC,0,4905278
ygfS_ygfT_predicted,0.2,4,4,GGCCGCTCAGTCATGTGAAC,0,4924100
ygfS_ygfT_predicted,0.2,4,4,GGCATTGTCGCCTGTGGTGA,0,4907754
ygfS_ygfT_predicted,0.2,4,4,GGCAGTCGTCGTCCACGCGC,0,4926260
ygfS_ygfT_predicted,0.2,4,4,GGCAAAGTAACTGTCTGACT,0,4914320
ygfS_ygfT_predicted,0.2,4,4,GGATTCGATTTAGGGGAGTA,0,4906905
ygfS_ygfT_predicted,0.2,4,4,GGATGATCACTAACCTGTTA,0,4924533
ygfS_ygfT_predicted,0.2,4,4,GGATCTCGAATTTCGTGGAC,0,4918756
ygfS_ygfT_predicted,0.2,4,4,GGATCCAGCGCTAGCGGTCA,0,4923610
ygfS_ygfT_predicted,0.2,4,4,GGATACATATGCCACAAGCA,0,4930830
ygfS_ygfT_predicted,0.2,4,4,GGAGTGCGTCCCTATTTTGG,0,4918203
ygfS_ygfT_predicted,0.2,4,4,GGAGTATCTCTCTGGCGCCG,0,4903593
ygfS_ygfT_predicted,0.2,4,4,GGAATGTGAGTTACCACTAT,0,4918700
ygfS_ygfT_predicted,0.2,4,4,GGAAGCTCACAAGTTCAAGG,0,4910385
ygfS_ygfT_predicted,0.2,4,4,GGAACGGTTAGATACTGTAC,0,4919796
ygfS_ygfT_predicted,0.2,4,4,GCTTGTTATGCCGATGTCCT,0,4908024
ygfS_ygfT_predicted,0.2,4,4,GCTTGCTCGCGTTTGTCGTG,0,4900598
ygfS_ygfT_predicted,0.2,4,4,GCTTCATTTATGAAGAGCCT,0,4906705
ygfS_ygfT_predicted,0.2,4,4,GCTGTAGGTGTTTCACTGCA,0,4919747
ygfS_ygfT_predicted,0.2,4,4,GCTGGTCTAACGCTAATCTC,0,4920504
ygfS_ygfT_predicted,0.2,4,4,GCTCGTTATCTTTGATGCGT,0,4911256
ygfS_ygfT_predicted,0.2,4,4,GCTCCCGTCTACGAGGTCAC,0,4924069
ygfS_ygfT_predicted,0.2,4,4,GCTCAGTTTACCGATGCATA,0,4900792
ygfS_ygfT_predicted,0.2,4,4,GCTAGCGCGTAGAGTTTTAA,0,4928723
ygfS_ygfT_predicted,0.2,4,4,GCTACTGCCAGGAGGTAATG,0,4908300
ygfS_ygfT_predicted,0.2,4,4,GCGTTAACTATACGAAGGGT,0,4913752
ygfS_ygfT_predicted,0.2,4,4,GCGTCCTAGGGCTTCGTATG,0,4925923
ygfS_ygfT_predicted,0.2,4,4,GCGGTTCTAGGTCAGCAGTA,0,4918062
ygfS_ygfT_predicted,0.2,4,4,GCGGTGCTTCCTCCTCGCCT,0,4917806
ygfS_ygfT_predicted,0.2,4,4,GCGGGCTTTTTCATGCACCG,0,4919626
ygfS_ygfT_predicted,0.2,4,4,GCGGCTGGATGGATGAGCTT,0,4903255
ygfS_ygfT_predicted,0.2,4,4,GCGGAGTACCATTGAGTAAA,0,4925783
ygfS_ygfT_predicted,0.2,4,4,GCGCGGTCCCTGACGCGCTG,0,4923857
ygfS_ygfT_predicted,0.2,4,4,GCGATGAGGGTTAGGGGTTT,0,4921706
ygfS_ygfT_predicted,0.2,4,4,GCCTTAGGATGTATATAGTG,0,4901917
ygfS_ygfT_predicted,0.2,4,4,GCCTACCCATAGGGCGTGCT,0,4915626
ygfS_ygfT_predicted,0.2,4,4,GCCTAATTGCGCAAACTCCA,0,4913462
ygfS_ygfT_predicted,0.2,4,4,GCCTAATGCGAAGAAAGGTA,0,4911582
ygfS_ygfT_predicted,0.2,4,4,GCCATCCAGTCATCCCCGTA,0,4918455
ygfS_ygfT_predicted,0.2,4,4,GCCAGCCAAAAGCCTGTAGG,0,4903176
ygfS_ygfT_predicted,0.2,4,4,GCATGTTCACTTCCAGCTTA,0,4905658
ygfS_ygfT_predicted,0.2,4,4,GCATGGTGCAACCGAGCTCG,0,4914626
ygfS_ygfT_predicted,0.2,4,4,GCATCCTAGGCATGCGGCGT,0,4902745
ygfS_ygfT_predicted,0.2,4,4,GCATCAATTGTTCTGATACA,0,4918553
ygfS_ygfT_predicted,0.2,4,4,GCAGTGCGGTTTCTACTTTT,0,4925286
ygfS_ygfT_predicted,0.2,4,4,GCAGCGGCTGAAAGTACATA,0,4916879
ygfS_ygfT_predicted,0.2,4,4,GCACTACAGGGGGGGTCACA,0,4902861
ygfS_ygfT_predicted,0.2,4,4,GCACGGGAAAGATGATGCAG,0,4922928
ygfS_ygfT_predicted,0.2,4,4,GCACGCTATCGTAAATGTGG,0,4914016
ygfS_ygfT_predicted,0.2,4,4,GCACGAGTCAAATGGGTCCA,0,4910680
ygfS_ygfT_predicted,0.2,4,4,GCACCGCGTTGCACCACAAA,0,4914168
ygfS_ygfT_predicted,0.2,4,4,GCAACCGAGCGGTTTTGACT,0,4910067
ygfS_ygfT_predicted,0.2,4,4,GCAAACGGTGGCAATAGTTG,0,4919527
ygfS_ygfT_predicted,0.2,4,4,GATTTTGGTCCGTGAGCAGC,0,4930956
ygfS_ygfT_predicted,0.2,4,4,GATGGGGGGCCTGCCCCTGG,0,4926165
ygfS_ygfT_predicted,0.2,4,4,GATGCTACGGCCTATCGCGA,0,4911288
ygfS_ygfT_predicted,0.2,4,4,GATCTGCAGAGCTCCACGTT,0,4909013
ygfS_ygfT_predicted,0.2,4,4,GATCATGCTTAGCACGTTGT,0,4926253
ygfS_ygfT_predicted,0.2,4,4,GATATACATTGGGCCGGTGG,0,4921293
ygfS_ygfT_predicted,0.2,4,4,GATAGGTTTTATTTGTGTGT,0,4902872
ygfS_ygfT_predicted,0.2,4,4,GATACGCACCGCCAAGGAAT,0,4911634
ygfS_ygfT_predicted,0.2,4,4,GATACATTCGTGCGTTCACA,0,4920258
ygfS_ygfT_predicted,0.2,4,4,GAGTGTACGGTACTTACCTA,0,4913551
ygfS_ygfT_predicted,0.2,4,4,GAGTGCGATTAGAGAGCTAT,0,4906407
ygfS_ygfT_predicted,0.2,4,4,GAGTCTCGCAAAGGAATCAT,0,4911138
ygfS_ygfT_predicted,0.2,4,4,GAGTCCATATAGTCGGCCAG,0,4912995
ygfS_ygfT_predicted,0.2,4,4,GAGTATATCATCAGGAGCTA,0,4925483
ygfS_ygfT_predicted,0.2,4,4,GAGGTCTAACAGCGAACTAA,0,4906577
ygfS_ygfT_predicted,0.2,4,4,GAGGTAGGCTGTTTGTGAAT,0,4925595
ygfS_ygfT_predicted,0.2,4,4,GAGGCGGCTTCGCGAGTCAG,0,4930814
ygfS_ygfT_predicted,0.2,4,4,GAGGATCAATATGTGGCAAC,0,4929316
ygfS_ygfT_predicted,0.2,4,4,GAGGAGGCTGTTCGATATGC,0,4929355
ygfS_ygfT_predicted,0.2,4,4,GAGCTATGCCGGATCCAAAC,0,4921046
ygfS_ygfT_predicted,0.2,4,4,GAGCTACCTCGGCTATGGCG,0,4915480
ygfS_ygfT_predicted,0.2,4,4,GAGCGAGAACTCCATGCAAA,0,4905717
ygfS_ygfT_predicted,0.2,4,4,GAGCCTGTCAACAGACTCAC,0,4910774
ygfS_ygfT_predicted,0.2,4,4,GACTCCCCCCTATGGTCAAA,0,4915568
ygfS_ygfT_predicted,0.2,4,4,GACTCCAGACTCTCAACCCC,0,4901137
ygfS_ygfT_predicted,0.2,4,4,GACGTCTTAATATAAGGCTG,0,4917403
ygfS_ygfT_predicted,0.2,4,4,GACGGTCGGTCGGCAATCTG,0,4912826
ygfS_ygfT_predicted,0.2,4,4,GACGGTCGGGAGTAACTAAG,0,4919988
ygfS_ygfT_predicted,0.2,4,4,GACGGAGGTAAGAACTCGCC,0,4912419
ygfS_ygfT_predicted,0.2,4,4,GACGCTTCATGTCCTTCTCG,0,4912765
ygfS_ygfT_predicted,0.2,4,4,GACCTTCAACTTACGGATCT,0,4913208
ygfS_ygfT_predicted,0.2,4,4,GACCTATAAACCTGATCCGG,0,4920794
ygfS_ygfT_predicted,0.2,4,4,GACCGTTGGGCGTGGCCGAT,0,4907467
ygfS_ygfT_predicted,0.2,4,4,GACCATCAACTCCAGGTTGT,0,4918362
ygfS_ygfT_predicted,0.2,4,4,GACACAATTGGGTCTACAAC,0,4909187
ygfS_ygfT_predicted,0.2,4,4,GAACTCGTCTGGTTTAACTA,0,4912520
ygfS_ygfT_predicted,0.2,4,4,GAACGTGTAGCCCCCTCTTC,0,4901120
ygfS_ygfT_predicted,0.2,4,4,GAACCTATCCGGATTGGTGG,0,4917332
ygfS_ygfT_predicted,0.2,4,4,GAACACCGGCGACGCATGCG,0,4901028
ygfS_ygfT_predicted,0.2,4,4,GAAATAGCGTCGGTTTTCTG,0,4924771
ygfS_ygfT_predicted,0.2,4,4,GAAAGTAGAAGGTAACTAAT,0,4913775
ygfS_ygfT_predicted,0.2,4,4,GAAAGGATAAACCTGAGGGG,0,4928601
ygfS_ygfT_predicted,0.2,4,4,CTTTTGGCCTAGAACGGATA,0,4928369
ygfS_ygfT_predicted,0.2,4,4,CTTTTAGGGCGGCTGAGTGC,0,4900321
ygfS_ygfT_predicted,0.2,4,4,CTTTGAAGGCGCACGTTCTC,0,4919836
ygfS_ygfT_predicted,0.2,4,4,CTTTCCCGTGGCTTTAGCGT,0,4910227
ygfS_ygfT_predicted,0.2,4,4,CTTTATTCCGAGGGTCCGGC,0,4928890
ygfS_ygfT_predicted,0.2,4,4,CTTGTAGCTAGATACTGAGC,0,4916148
ygfS_ygfT_predicted,0.2,4,4,CTTGCTGACGAACCCGTAGT,0,4903167
ygfS_ygfT_predicted,0.2,4,4,CTTGCGAAATAAAATCTGGA,0,4907359
ygfS_ygfT_predicted,0.2,4,4,CTTGAACTATTATTCGATGA,0,4916588
ygfS_ygfT_predicted,0.2,4,4,CTTCTTTTGTCAATGTAGAG,0,4928343
ygfS_ygfT_predicted,0.2,4,4,CTTCTTTACGTAGGTACTCG,0,4904569
ygfS_ygfT_predicted,0.2,4,4,CTTCTTCTAAGGGTCCGTGT,0,4927176
ygfS_ygfT_predicted,0.2,4,4,CTTCTGCGCGTGTGGGTCTA,0,4905763
ygfS_ygfT_predicted,0.2,4,4,CTTCGTGGGAGGTTTGCGCC,0,4918150
ygfS_ygfT_predicted,0.2,4,4,CTTCGGACATTTGGTAGCAT,0,4907420
ygfS_ygfT_predicted,0.2,4,4,CTTATTTTTCCGACGACTCA,0,4928036
ygfS_ygfT_predicted,0.2,4,4,CTTAGATAGTGCGCACGCCT,0,4912564
ygfS_ygfT_predicted,0.2,4,4,CTTACGGCCATTGCGTAGCA,0,4908174
ygfS_ygfT_predicted,0.2,4,4,CTGTTTTGTCCTCACATGCG,0,4930251
ygfS_ygfT_predicted,0.2,4,4,CTGTTCGGTGGACGGAGCAC,0,4918976
ygfS_ygfT_predicted,0.2,4,4,CTGTGCGCCATGCACTGGAA,0,4923908
ygfS_ygfT_predicted,0.2,4,4,CTGTCCAAATGCGGCCAATG,0,4924750
ygfS_ygfT_predicted,0.2,4,4,CTGTAGATATACTTCAGTAG,0,4914355
ygfS_ygfT_predicted,0.2,4,4,CTGGGACTCTTGATAGCCTC,0,4906785
ygfS_ygfT_predicted,0.2,4,4,CTGGCCACCTGCTTTCTTAG,0,4918494
ygfS_ygfT_predicted,0.2,4,4,CTGATCCTAGTTATATAGAG,0,4928606
ygfS_ygfT_predicted,0.2,4,4,CTCTCATGCTCGCGGGGGAG,0,4930016
ygfS_ygfT_predicted,0.2,4,4,CTCTCAAGTCAATTTCAATA,0,4904475
ygfS_ygfT_predicted,0.2,4,4,CTCTATTCCAATGCGATCAC,0,4921072
ygfS_ygfT_predicted,0.2,4,4,CTCTAAGTGTTTTAGGTTCA,0,4903815
ygfS_ygfT_predicted,0.2,4,4,CTCGGGTAGGTCGTTGGGAG,0,4907499
ygfS_ygfT_predicted,0.2,4,4,CTCGAGGAACTCAGCAGCCG,0,4914460
ygfS_ygfT_predicted,0.2,4,4,CTCATAACCCTAACTATGTT,0,4913996
ygfS_ygfT_predicted,0.2,4,4,CTATTTATGTACCGGCTTGA,0,4903193
ygfS_ygfT_predicted,0.2,4,4,CTATTCTGTGAATTATGGTT,0,4928161
ygfS_ygfT_predicted,0.2,4,4,CTATTAAACATTCCCGACAA,0,4913840
ygfS_ygfT_predicted,0.2,4,4,CTATCTTCAGAAAAGGGGGC,0,4901240
ygfS_ygfT_predicted,0.2,4,4,CTATCGGGTCGTAATAATTT,0,4929307
ygfS_ygfT_predicted,0.2,4,4,CTATCACGGGACTTGGGACC,0,4931305
ygfS_ygfT_predicted,0.2,4,4,CTAGTAGCGAACAAAAACTC,0,4928832
ygfS_ygfT_predicted,0.2,4,4,CTAGATGGAGTGCTATAGTG,0,4921975
ygfS_ygfT_predicted,0.2,4,4,CTAGAGGCGGTCCGGGCGCA,0,4916918
ygfS_ygfT_predicted,0.2,4,4,CTACGGGCATAAGGCCGGTG,0,4922093
ygfS_ygfT_predicted,0.2,4,4,CTACCTAGCTAGCGAGTATG,0,4905385
ygfS_ygfT_predicted,0.2,4,4,CTACCTAGCGAGCATGCTGT,0,4923330
ygfS_ygfT_predicted,0.2,4,4,CTACCGCGTAAACTGGAAAA,0,4900670
ygfS_ygfT_predicted,0.2,4,4,CTAAGGTGTCTACTTCCGGA,0,4910368
ygfS_ygfT_predicted,0.2,4,4,CGTTGTACAAAACAGCGACT,0,4904984
ygfS_ygfT_predicted,0.2,4,4,CGTTCGAATCGGCCAGGCGT,0,4929822
ygfS_ygfT_predicted,0.2,4,4,CGTTAGGATGGGTGGCTGGA,0,4914625
ygfS_ygfT_predicted,0.2,4,4,CGTGTTGCTCGGACATAAGT,0,4919474
ygfS_ygfT_predicted,0.2,4,4,CGTGTCTACCTGTATTTAGG,0,4927907
ygfS_ygfT_predicted,0.2,4,4,CGTGGATCGTTAACGACAAG,0,4929636
ygfS_ygfT_predicted,0.2,4,4,CGTGATGTGACGGAGGGTAG,0,4911930
ygfS_ygfT_predicted,0.2,4,4,CGTCTTGCCGATATACGAGT,0,4912944
ygfS_ygfT_predicted,0.2,4,4,CGTCTTGAGCCTTTACCGCG,0,4902913
ygfS_ygfT_predicted,0.2,4,4,CGTATGGACGCGTTAGAGTG,0,4924966
ygfS_ygfT_predicted,0.2,4,4,CGTACCGATCATTGCAGCTC,0,4921855
ygfS_ygfT_predicted,0.2,4,4,CGTACATGAGAAGGCGTCAA,0,4920359
ygfS_ygfT_predicted,0.2,4,4,CGGTTACCCCTCAGCCGGTT,0,4921741
ygfS_ygfT_predicted,0.2,4,4,CGGTCTCCGGCGGGCGTAAG,0,4927121
ygfS_ygfT_predicted,0.2,4,4,CGGTCGGGAACTGGTGTTGT,0,4905587
ygfS_ygfT_predicted,0.2,4,4,CGGGAAGAACGGAACAGTGG,0,4904938
ygfS_ygfT_predicted,0.2,4,4,CGGCTCCTTAGAACCCCCAA,0,4905222
ygfS_ygfT_predicted,0.2,4,4,CGGATGACTAATCGGCGATT,0,4918000
ygfS_ygfT_predicted,0.2,4,4,CGGAGTGAGATAGCAAAGTG,0,4927302
ygfS_ygfT_predicted,0.2,4,4,CGGAAGGGTAAAGTTAGGGA,0,4913614
ygfS_ygfT_predicted,0.2,4,4,CGCTAAATGTGCTAGCGAGA,0,4907125
ygfS_ygfT_predicted,0.2,4,4,CGCGTGCTTAGCGTTTCGCT,0,4926329
ygfS_ygfT_predicted,0.2,4,4,CGCGTAAAGATTCTCCATTA,0,4907431
ygfS_ygfT_predicted,0.2,4,4,CGCGGAAAATACACTGTCTT,0,4918213
ygfS_ygfT_predicted,0.2,4,4,CGCCCTTCGGTCCCGGCCGC,0,4916897
ygfS_ygfT_predicted,0.2,4,4,CGCCAAAATCGTAGCGTCAC,0,4908152
ygfS_ygfT_predicted,0.2,4,4,CGCAATGCTCAGGGATAACA,0,4930672
ygfS_ygfT_predicted,0.2,4,4,CGCAACTTTTCTAGTCCATT,0,4923859
ygfS_ygfT_predicted,0.2,4,4,CGCAAAAACGTCATTCCAAC,0,4919304
ygfS_ygfT_predicted,0.2,4,4,CGATTTGGTGTCCCCGGATT,0,4916427
ygfS_ygfT_predicted,0.2,4,4,CGATTTAGCGACATTCTCTC,0,4915755
ygfS_ygfT_predicted,0.2,4,4,CGATTGAGCCATTGCGTGGA,0,4910830
ygfS_ygfT_predicted,0.2,4,4,CGATGGCGAGCAAATCCCCA,0,4928300
ygfS_ygfT_predicted,0.2,4,4,CGAGTGGCAATACTATACGA,0,4919711
ygfS_ygfT_predicted,0.2,4,4,CGAGGCCGCTCTAATACGGA,0,4910094
ygfS_ygfT_predicted,0.2,4,4,CGAGCCAATATCGCATCGCC,0,4923838
ygfS_ygfT_predicted,0.2,4,4,CGAGAAGGCATCGGTCACCT,0,4904382
ygfS_ygfT_predicted,0.2,4,4,CGACTAGGGCAATGTAGTAA,0,4902944
ygfS_ygfT_predicted,0.2,4,4,CGAATTTATGGAGACGAGAC,0,4910414
ygfS_ygfT_predicted,0.2,4,4,CGAATTATCATGACCTGGCT,0,4928505
ygfS_ygfT_predicted,0.2,4,4,CGAACGGATCTTACATTTCT,0,4928041
ygfS_ygfT_predicted,0.2,4,4,CCTTGTATACTTCTGCTATA,0,4918644
ygfS_ygfT_predicted,0.2,4,4,CCTTAGAGATTGTAAAAGAA,0,4899826
ygfS_ygfT_predicted,0.2,4,4,CCTTACTACTTGTTTAATTC,0,4901025
ygfS_ygfT_predicted,0.2,4,4,CCTGTGTGATCTGGTGCGGA,0,4920822
ygfS_ygfT_predicted,0.2,4,4,CCTGGAGTAGCCCAGGCTGA,0,4912859
ygfS_ygfT_predicted,0.2,4,4,CCTCAGTATCCTGTTATACC,0,4913276
ygfS_ygfT_predicted,0.2,4,4,CCTATTAAAGTGAAAAACCT,0,4913822
ygfS_ygfT_predicted,0.2,4,4,CCTACCTAAGGCTACAGTCA,0,4906522
ygfS_ygfT_predicted,0.2,4,4,CCTAATGCAGCTGTTGACAA,0,4915057
ygfS_ygfT_predicted,0.2,4,4,CCGTGTGAGATCTGTGGTGC,0,4900612
ygfS_ygfT_predicted,0.2,4,4,CCGTGCCCCCTCTGAGCATA,0,4917456
ygfS_ygfT_predicted,0.2,4,4,CCGTCGGTTTTCGGGACGCG,0,4930798
ygfS_ygfT_predicted,0.2,4,4,CCGGTTTGAATTGTGGTATA,0,4900399
ygfS_ygfT_predicted,0.2,4,4,CCGGTCCACTACTAGGATGT,0,4912480
ygfS_ygfT_predicted,0.2,4,4,CCGGACGCTCCAACGGTCAG,0,4930626
ygfS_ygfT_predicted,0.2,4,4,CCGCGGACATCTTATGCAAA,0,4924145
ygfS_ygfT_predicted,0.2,4,4,CCGATAGCAACGCTCAGATG,0,4918858
ygfS_ygfT_predicted,0.2,4,4,CCGAGTGTATGCGCTAACGG,0,4916655
ygfS_ygfT_predicted,0.2,4,4,CCGAATCCTCCCAGACGGGA,0,4915348
ygfS_ygfT_predicted,0.2,4,4,CCGAAGACTCCACTAGATTG,0,4900086
ygfS_ygfT_predicted,0.2,4,4,CCGAACGGCTCTAACGCTGA,0,4918769
ygfS_ygfT_predicted,0.2,4,4,CCGAAACTGAGACCTCAAAT,0,4905685
ygfS_ygfT_predicted,0.2,4,4,CCCTTCTACCAGGAAGGCAT,0,4907683
ygfS_ygfT_predicted,0.2,4,4,CCCTCCCAGTTGCAATCCAT,0,4921722
ygfS_ygfT_predicted,0.2,4,4,CCCGTTTCTTGACGTCAAGC,0,4931192
ygfS_ygfT_predicted,0.2,4,4,CCCGGTTGGACGAAACACTC,0,4920212
ygfS_ygfT_predicted,0.2,4,4,CCCGGCCTAGCGCACTCCTT,0,4924777
ygfS_ygfT_predicted,0.2,4,4,CCCGGAGCACATATCAGGGC,0,4926409
ygfS_ygfT_predicted,0.2,4,4,CCCGCTGATGAATCCGTTAG,0,4929231
ygfS_ygfT_predicted,0.2,4,4,CCCGCCACCCGTACCTTGCA,0,4917059
ygfS_ygfT_predicted,0.2,4,4,CCCCTGCATTAGGTTGGTTA,0,4920635
ygfS_ygfT_predicted,0.2,4,4,CCCCAGGACGAACAGCTGCA,0,4920846
ygfS_ygfT_predicted,0.2,4,4,CCCAGTTCCCAGCGGACAGA,0,4920771
ygfS_ygfT_predicted,0.2,4,4,CCATGCATACCGGCGGTGAC,0,4929496
ygfS_ygfT_predicted,0.2,4,4,CCATGAGGTTCATGCGTAAC,0,4924578
ygfS_ygfT_predicted,0.2,4,4,CCATCAACGCCTTTAGCATT,0,4922809
ygfS_ygfT_predicted,0.2,4,4,CCATAGTTTATTGGAGGATA,0,4922888
ygfS_ygfT_predicted,0.2,4,4,CCAGTACGGACCGTAAGCAA,0,4900730
ygfS_ygfT_predicted,0.2,4,4,CCAGGGCCACGCCATAAGCT,0,4909530
ygfS_ygfT_predicted,0.2,4,4,CCAGGATTTACACGTCATAG,0,4909707
ygfS_ygfT_predicted,0.2,4,4,CCAGCTACGTCATCACATGT,0,4916295
ygfS_ygfT_predicted,0.2,4,4,CCAGCGTAGATTATCTTCAA,0,4928993
ygfS_ygfT_predicted,0.2,4,4,CCAGCACTGTACTAGGCGTA,0,4919122
ygfS_ygfT_predicted,0.2,4,4,CCAGAGCAACGCTTCGACCA,0,4917468
ygfS_ygfT_predicted,0.2,4,4,CCAGACCGTACTGGGGACTG,0,4930662
ygfS_ygfT_predicted,0.2,4,4,CCACTTCTGCCCTAGCAGAG,0,4926089
ygfS_ygfT_predicted,0.2,4,4,CCACTGTTAAGGTAAACGTA,0,4911254
ygfS_ygfT_predicted,0.2,4,4,CCACTCCGGTTCGGGGTGAA,0,4928176
ygfS_ygfT_predicted,0.2,4,4,CCAATGCACCCGGATTTGGG,0,4920935
ygfS_ygfT_predicted,0.2,4,4,CCAATCGGTGAGGAAAGTCA,0,4901763
ygfS_ygfT_predicted,0.2,4,4,CATTTACCCTGACGTACCCG,0,4910784
ygfS_ygfT_predicted,0.2,4,4,CATTGAGGTTCAAATTGAAG,0,4909743
ygfS_ygfT_predicted,0.2,4,4,CATTACGGCAGACTATAATA,0,4927929
ygfS_ygfT_predicted,0.2,4,4,CATGTTAACGAGGCTACGGC,0,4903574
ygfS_ygfT_predicted,0.2,4,4,CATGTGGAGCACGAAATGAT,0,4900901
ygfS_ygfT_predicted,0.2,4,4,CATGGCTATGACATCGGTAG,0,4927043
ygfS_ygfT_predicted,0.2,4,4,CATGGACCTGGCAAAAACCG,0,4917871
ygfS_ygfT_predicted,0.2,4,4,CATGCACACCCCAGGCCGCT,0,4928974
ygfS_ygfT_predicted,0.2,4,4,CATGATATACATCGAATAAT,0,4922754
ygfS_ygfT_predicted,0.2,4,4,CATCCCATTAAAAGAGCATA,0,4904735
ygfS_ygfT_predicted,0.2,4,4,CATAATGAAGCACCGGGAAG,0,4911490
ygfS_ygfT_predicted,0.2,4,4,CAGGGAGAGCAGTTTTGGGA,0,4915433
ygfS_ygfT_predicted,0.2,4,4,CAGACGAGCCAAGCGTGCGT,0,4905339
ygfS_ygfT_predicted,0.2,4,4,CAGAAGGATGGCCCGATCTG,0,4925212
ygfS_ygfT_predicted,0.2,4,4,CACTCGGTGGAAACATGTCA,0,4905871
ygfS_ygfT_predicted,0.2,4,4,CACTCGCTCACATTGGCAAC,0,4926328
ygfS_ygfT_predicted,0.2,4,4,CACGTTCTCAACCAAGCCAG,0,4917514
ygfS_ygfT_predicted,0.2,4,4,CACGGGGTCGTGTCGCCACA,0,4914752
ygfS_ygfT_predicted,0.2,4,4,CACGCGCGCGACAAGTTCCT,0,4902586
ygfS_ygfT_predicted,0.2,4,4,CACCTGTTCCTCTCTATGTA,0,4912991
ygfS_ygfT_predicted,0.2,4,4,CACCGCATCCACAAAGTGTA,0,4909542
ygfS_ygfT_predicted,0.2,4,4,CACAGGTATCTGTGAGTGTT,0,4912430
ygfS_ygfT_predicted,0.2,4,4,CACAATCGCAGCCGCCTCGA,0,4901980
ygfS_ygfT_predicted,0.2,4,4,CACAAGCCACACATCGGTGA,0,4911370
ygfS_ygfT_predicted,0.2,4,4,CAATTAGGAGCAAACACAAC,0,4908687
ygfS_ygfT_predicted,0.2,4,4,CAAGTCTAGTCAGTGGGCCA,0,4901578
ygfS_ygfT_predicted,0.2,4,4,CAAGGTTTTTACATGGCCTC,0,4902086
ygfS_ygfT_predicted,0.2,4,4,CAAGCGGCCCACCAGACTCA,0,4903131
ygfS_ygfT_predicted,0.2,4,4,CAAGACATCTGGAAAAGATA,0,4930259
ygfS_ygfT_predicted,0.2,4,4,CAACGTTGTCGGACACCAAC,0,4908122
ygfS_ygfT_predicted,0.2,4,4,CAAAGTGCTATCGGGTTGTT,0,4919459
ygfS_ygfT_predicted,0.2,4,4,CAAAGGGAACAAATACGTGT,0,4904649
ygfS_ygfT_predicted,0.2,4,4,CAAACACAATCCATTCGTCT,0,4910750
ygfS_ygfT_predicted,0.2,4,4,ATTTCGGAAGGGGTTGGGCC,0,4918963
ygfS_ygfT_predicted,0.2,4,4,ATTTATGCCGTGCGCTACGG,0,4908626
ygfS_ygfT_predicted,0.2,4,4,ATTTAACGGAGACGTGAGCC,0,4903964
ygfS_ygfT_predicted,0.2,4,4,ATTGGTTCACGCGTAGTCAC,0,4914478
ygfS_ygfT_predicted,0.2,4,4,ATTGGAGGTCTGGAGTTTGC,0,4922571
ygfS_ygfT_predicted,0.2,4,4,ATTCGTAGGTGACACACATC,0,4903812
ygfS_ygfT_predicted,0.2,4,4,ATTCCGCCTGAAGAGCCCTA,0,4900863
ygfS_ygfT_predicted,0.2,4,4,ATTCCAGGAAACATTAGTAG,0,4917711
ygfS_ygfT_predicted,0.2,4,4,ATTCCACGGGTACTTAGGTA,0,4920163
ygfS_ygfT_predicted,0.2,4,4,ATTCATCATAAGCCGGGTTA,0,4900695
ygfS_ygfT_predicted,0.2,4,4,ATTCACCAAGCCCGCTGCCA,0,4922955
ygfS_ygfT_predicted,0.2,4,4,ATGTAATTAACCGGAAGTAG,0,4913334
ygfS_ygfT_predicted,0.2,4,4,ATGGGTTTCTTACAATTTAC,0,4910053
ygfS_ygfT_predicted,0.2,4,4,ATGGGTCGGTGAGTTTACAG,0,4926992
ygfS_ygfT_predicted,0.2,4,4,ATGGCCGCCGACAGTACAGT,0,4918503
ygfS_ygfT_predicted,0.2,4,4,ATGGAGATTTCAGGAACGTG,0,4921471
ygfS_ygfT_predicted,0.2,4,4,ATGGACGATTCGCAAATTGT,0,4904173
ygfS_ygfT_predicted,0.2,4,4,ATGCGAAAAGAAAAAGGGTA,0,4921000
ygfS_ygfT_predicted,0.2,4,4,ATGCCCGAATCGCCCGCACC,0,4909698
ygfS_ygfT_predicted,0.2,4,4,ATGACGTGGCAGGACAAGAT,0,4916379
ygfS_ygfT_predicted,0.2,4,4,ATGAATGTATTGGTTTCTCT,0,4919379
ygfS_ygfT_predicted,0.2,4,4,ATCGCTACTCGGCCAAGCTG,0,4909142
ygfS_ygfT_predicted,0.2,4,4,ATCGAGGTGGAACTACAATT,0,4900122
ygfS_ygfT_predicted,0.2,4,4,ATCATTGGGAATAGTCCAGG,0,4917501
ygfS_ygfT_predicted,0.2,4,4,ATCATTCCCTGACCTGTTAC,0,4914464
ygfS_ygfT_predicted,0.2,4,4,ATCATAGACGAGGCGTACCT,0,4922151
ygfS_ygfT_predicted,0.2,4,4,ATCAATGCAACTGGCCCTCT,0,4907232
ygfS_ygfT_predicted,0.2,4,4,ATAGTCTGGGGTCGATGGAG,0,4920046
ygfS_ygfT_predicted,0.2,4,4,ATAGTCAGCGTCATCTTAAG,0,4901133
ygfS_ygfT_predicted,0.2,4,4,ATAGCAGTTCGTTTCGGAAA,0,4907328
ygfS_ygfT_predicted,0.2,4,4,ATAGAGACAACCGTCGCTCG,0,4929022
ygfS_ygfT_predicted,0.2,4,4,ATACGCTGCCTCTCCTGAGA,0,4911615
ygfS_ygfT_predicted,0.2,4,4,ATACCGGACCCTCACGGTAG,0,4913349
ygfS_ygfT_predicted,0.2,4,4,ATACCAAATGATTACGGTTT,0,4927821
ygfS_ygfT_predicted,0.2,4,4,ATACAGATCTGGAAGAAACT,0,4917637
ygfS_ygfT_predicted,0.2,4,4,ATAACGGTGAAAAGATGGCC,0,4907152
ygfS_ygfT_predicted,0.2,4,4,ATAACCAAAGCGCTGCCGTC,0,4918224
ygfS_ygfT_predicted,0.2,4,4,ATAAACAAAATTAGAATTTT,0,4927801
ygfS_ygfT_predicted,0.2,4,4,ATAAAAAGTCGAAACTTGTC,0,4910025
ygfS_ygfT_predicted,0.2,4,4,AGTTGGGGCTTAAGAGGGGG,0,4918509
ygfS_ygfT_predicted,0.2,4,4,AGTTGACTAGGAGGTCATCC,0,4920087
ygfS_ygfT_predicted,0.2,4,4,AGTGGAGCTGGCAATGTTAG,0,4914723
ygfS_ygfT_predicted,0.2,4,4,AGTGCTTGCGAGGAGGATAG,0,4910240
ygfS_ygfT_predicted,0.2,4,4,AGTGCACCAGGCGCGCCTAC,0,4901620
ygfS_ygfT_predicted,0.2,4,4,AGTGATCCTAGTTCTATTTT,0,4911988
ygfS_ygfT_predicted,0.2,4,4,AGTCTTTCCGCGTAGACGTT,0,4915607
ygfS_ygfT_predicted,0.2,4,4,AGTCTTGTACTGCGAATAGT,0,4909061
ygfS_ygfT_predicted,0.2,4,4,AGTCTACGGGGTTAAGCCAG,0,4905283
ygfS_ygfT_predicted,0.2,4,4,AGTCATTCTGCACAAGCGCC,0,4930511
ygfS_ygfT_predicted,0.2,4,4,AGTATTTCTTGAACAGAGAT,0,4923701
ygfS_ygfT_predicted,0.2,4,4,AGTATTACAGGTACCAGTGT,0,4921390
ygfS_ygfT_predicted,0.2,4,4,AGTAGTCTATACTGCTGTAT,0,4924358
ygfS_ygfT_predicted,0.2,4,4,AGTACCCATGGGTTCTATTT,0,4912353
ygfS_ygfT_predicted,0.2,4,4,AGTAAATAGCTTAATTGTCC,0,4911232
ygfS_ygfT_predicted,0.2,4,4,AGGTTTTTCCGCATACCGAT,0,4902093
ygfS_ygfT_predicted,0.2,4,4,AGGTTTGTATAATTTACGGT,0,4925344
ygfS_ygfT_predicted,0.2,4,4,AGGTGTAGTCCCACGTAATT,0,4905807
ygfS_ygfT_predicted,0.2,4,4,AGGTCCGTCATTGCGTTGGA,0,4920909
ygfS_ygfT_predicted,0.2,4,4,AGGTACTCTTCTCTGTATCT,0,4930450
ygfS_ygfT_predicted,0.2,4,4,AGGTAATATTTAGACTCGAT,0,4931330
ygfS_ygfT_predicted,0.2,4,4,AGGGGTACCGCCGATGAGGA,0,4910515
ygfS_ygfT_predicted,0.2,4,4,AGGGATCCACACTCGACATA,0,4907519
ygfS_ygfT_predicted,0.2,4,4,AGGCGAATGCCGGATGTCCG,0,4931027
ygfS_ygfT_predicted,0.2,4,4,AGGATTGGCCCATGATGGTG,0,4905618
ygfS_ygfT_predicted,0.2,4,4,AGGATCGGGCAGACACGGGG,0,4920944
ygfS_ygfT_predicted,0.2,4,4,AGGAGTTGGGACGCACGCCA,0,4922634
ygfS_ygfT_predicted,0.2,4,4,AGGAGTAAAATGTAAAACCA,0,4931265
ygfS_ygfT_predicted,0.2,4,4,AGGAGGACCCAACGTTTTAG,0,4921903
ygfS_ygfT_predicted,0.2,4,4,AGGACATGAGGGAGCGATTT,0,4904586
ygfS_ygfT_predicted,0.2,4,4,AGGAACCCGTGACACAACTA,0,4900261
ygfS_ygfT_predicted,0.2,4,4,AGCTGCGTTAACCGGATTTC,0,4921381
ygfS_ygfT_predicted,0.2,4,4,AGCTCGTCCATCGGAGGTGC,0,4928543
ygfS_ygfT_predicted,0.2,4,4,AGCTCAGTTGCATGGAGGCC,0,4921157
ygfS_ygfT_predicted,0.2,4,4,AGCGCTGGAAGTTAGGCGGG,0,4931288
ygfS_ygfT_predicted,0.2,4,4,AGCGAGCGTTCCCATGGATG,0,4924437
ygfS_ygfT_predicted,0.2,4,4,AGCGAACCCCACCAATCGTT,0,4911197
ygfS_ygfT_predicted,0.2,4,4,AGCCTATGGTGCACTCAAAG,0,4916176
ygfS_ygfT_predicted,0.2,4,4,AGCCGACTGTCACTTAGAAT,0,4929700
ygfS_ygfT_predicted,0.2,4,4,AGCCCTTACGCAGACGAATT,0,4928508
ygfS_ygfT_predicted,0.2,4,4,AGCAATTGAAAGGCAGCGTT,0,4920015
ygfS_ygfT_predicted,0.2,4,4,AGCAAGATTCATCGGATGAA,0,4906100
ygfS_ygfT_predicted,0.2,4,4,AGATAGTCCGCAAAACCTCA,0,4918836
ygfS_ygfT_predicted,0.2,4,4,AGAGTTGGTAGCGCCTTACG,0,4917668
ygfS_ygfT_predicted,0.2,4,4,AGAGGGGCCGTCGGGGCTCT,0,4923050
ygfS_ygfT_predicted,0.2,4,4,AGAGCATTCGATCTGCTGGT,0,4913105
ygfS_ygfT_predicted,0.2,4,4,AGAGACCGGCCCAAAGAGGT,0,4922346
ygfS_ygfT_predicted,0.2,4,4,AGACGTCTTGTCTCCTTGAG,0,4901742
ygfS_ygfT_predicted,0.2,4,4,AGACCCGTAAAGGCGTTGAT,0,4919939
ygfS_ygfT_predicted,0.2,4,4,AGAAGCCACCGAACAGCTCT,0,4920460
ygfS_ygfT_predicted,0.2,4,4,AGAACGTCCCCTTGTAGCTT,0,4929150
ygfS_ygfT_predicted,0.2,4,4,AGAACGGAGCGGGACGGGCG,0,4927749
ygfS_ygfT_predicted,0.2,4,4,AGAACAATTGTTCTTCGGCT,0,4909106
ygfS_ygfT_predicted,0.2,4,4,AGAAACGCGCTGCCCCGCTC,0,4906901
ygfS_ygfT_predicted,0.2,4,4,AGAAAATGGCCACGGTTAGT,0,4911291
ygfS_ygfT_predicted,0.2,4,4,ACTTCTACAGATGTTAACGC,0,4902208
ygfS_ygfT_predicted,0.2,4,4,ACTTCATCAGAGTTAAAAGG,0,4922289
ygfS_ygfT_predicted,0.2,4,4,ACTTAGCCAATCCTTTGGAA,0,4914829
ygfS_ygfT_predicted,0.2,4,4,ACTGGATGCGCGACTGATTA,0,4904597
ygfS_ygfT_predicted,0.2,4,4,ACTCTTTCGCGGAGACATAG,0,4909223
ygfS_ygfT_predicted,0.2,4,4,ACTCTGCGTTCAGGACAAGG,0,4909680
ygfS_ygfT_predicted,0.2,4,4,ACTCCCTCCGCCTCCAGGCT,0,4899698
ygfS_ygfT_predicted,0.2,4,4,ACTAGGTCCGATAGCTCCCT,0,4917186
ygfS_ygfT_predicted,0.2,4,4,ACGTTAAATGACCGACTTAA,0,4901474
ygfS_ygfT_predicted,0.2,4,4,ACGTCTGAGCGTTCCATGAG,0,4920482
ygfS_ygfT_predicted,0.2,4,4,ACGGTGTCAAGAGTACTGTT,0,4931036
ygfS_ygfT_predicted,0.2,4,4,ACGGTACCACCTCTATGCCA,0,4924566
ygfS_ygfT_predicted,0.2,4,4,ACGGCCCTCCCTACAGAATG,0,4920837
ygfS_ygfT_predicted,0.2,4,4,ACGGCATCATACGAGCGTCC,0,4929842
ygfS_ygfT_predicted,0.2,4,4,ACGGATAGCCTTCACTCCTG,0,4926882
ygfS_ygfT_predicted,0.2,4,4,ACGGAGAGGTTTAACAGGAT,0,4927304
ygfS_ygfT_predicted,0.2,4,4,ACGGAATGCTCAGTCATCAT,0,4919380
ygfS_ygfT_predicted,0.2,4,4,ACGGAACGTATATAAGTAGG,0,4910562
ygfS_ygfT_predicted,0.2,4,4,ACGCCGCTCTCACGTTACGG,0,4928707
ygfS_ygfT_predicted,0.2,4,4,ACGCAGCTTCGGTCATGAAG,0,4909213
ygfS_ygfT_predicted,0.2,4,4,ACGATTCATGGCCTTGGATT,0,4924099
ygfS_ygfT_predicted,0.2,4,4,ACGAGTAAGCTAGACGGGGA,0,4922689
ygfS_ygfT_predicted,0.2,4,4,ACGAGAGTGCCAGCTCTGTT,0,4910406
ygfS_ygfT_predicted,0.2,4,4,ACGACGCGGATCCAAAAAAC,0,4911646
ygfS_ygfT_predicted,0.2,4,4,ACCTGGGGAACGCCGGCGGG,0,4922203
ygfS_ygfT_predicted,0.2,4,4,ACCTCCAGCCCCGGTTAGAC,0,4930875
ygfS_ygfT_predicted,0.2,4,4,ACCGCTGAAACTCAGTGAGT,0,4920608
ygfS_ygfT_predicted,0.2,4,4,ACCATTTTCTGCTGCCCTGC,0,4906899
ygfS_ygfT_predicted,0.2,4,4,ACCATGTGGTCCAGCGGTTC,0,4910415
ygfS_ygfT_predicted,0.2,4,4,ACCATGTAATCGTTCGGTTC,0,4928201
ygfS_ygfT_predicted,0.2,4,4,ACATGCGGTTTTGCCGGCCC,0,4905654
ygfS_ygfT_predicted,0.2,4,4,ACAGTTAATTGCACGGCCCA,0,4904368
ygfS_ygfT_predicted,0.2,4,4,ACAGTGTATTATGACTGTAA,0,4913507
ygfS_ygfT_predicted,0.2,4,4,ACAGTCACTCAGTTCCTTGA,0,4905282
ygfS_ygfT_predicted,0.2,4,4,ACAGCAAGAGTCCAAGGAAC,0,4900789
ygfS_ygfT_predicted,0.2,4,4,ACACCAGGAGCTGCTAGCCG,0,4909976
ygfS_ygfT_predicted,0.2,4,4,ACACACGTTACCCGTTGATA,0,4926269
ygfS_ygfT_predicted,0.2,4,4,ACAAACGCTTTACGCTTCAC,0,4916138
ygfS_ygfT_predicted,0.2,4,4,AATTTGTTTGAAACCTGCAA,0,4928924
ygfS_ygfT_predicted,0.2,4,4,AATTTATTTTAGGCGCAGGT,0,4905963
ygfS_ygfT_predicted,0.2,4,4,AATTGCGTGGCATCTAGGAT,0,4921757
ygfS_ygfT_predicted,0.2,4,4,AATTAGGTGGCCGGTTATTA,0,4911659
ygfS_ygfT_predicted,0.2,4,4,AATGATCATCGAGGCTCAAA,0,4905206
ygfS_ygfT_predicted,0.2,4,4,AATCTAGAGCTTTGCTTTAG,0,4904644
ygfS_ygfT_predicted,0.2,4,4,AATCGTTGAGACGTCTCGGA,0,4921066
ygfS_ygfT_predicted,0.2,4,4,AATCCTGAATGGACCACAAA,0,4918822
ygfS_ygfT_predicted,0.2,4,4,AATCAGCTGGTGATCCTTAT,0,4901740
ygfS_ygfT_predicted,0.2,4,4,AATCAGCTGGGGTCTTCTGA,0,4912115
ygfS_ygfT_predicted,0.2,4,4,AATAGTGATTACTCGCCAAT,0,4918263
ygfS_ygfT_predicted,0.2,4,4,AATAGTAGCTTAGTCAGCTC,0,4924757
ygfS_ygfT_predicted,0.2,4,4,AATAGCACTCGACCGGCATT,0,4907999
ygfS_ygfT_predicted,0.2,4,4,AAGTAGCTGGGGACAGCTGT,0,4921067
ygfS_ygfT_predicted,0.2,4,4,AAGGCACACATTTTACTTAG,0,4925261
ygfS_ygfT_predicted,0.2,4,4,AAGCTAATTAGCTCTTTCTG,0,4924340
ygfS_ygfT_predicted,0.2,4,4,AAGATGGTCCCTGCGTCCGT,0,4905438
ygfS_ygfT_predicted,0.2,4,4,AAGACAACACATATTAACTA,0,4911591
ygfS_ygfT_predicted,0.2,4,4,AAGAATTCCTCGGTTTGGGA,0,4925551
ygfS_ygfT_predicted,0.2,4,4,AAGAAAGGCAGGCTTATACT,0,4909145
ygfS_ygfT_predicted,0.2,4,4,AACTGAATTGTATAGCAGAG,0,4919049
ygfS_ygfT_predicted,0.2,4,4,AACTCCACCTTGTCTGGCGA,0,4902649
ygfS_ygfT_predicted,0.2,4,4,AACTCAACAGCCGGGTAGAG,0,4911076
ygfS_ygfT_predicted,0.2,4,4,AACTATCGAGGTTGAACCTT,0,4925930
ygfS_ygfT_predicted,0.2,4,4,AACTACCCGCACAGGTTAAA,0,4928209
ygfS_ygfT_predicted,0.2,4,4,AACGGTTGCCACGCAAAGGG,0,4925124
ygfS_ygfT_predicted,0.2,4,4,AACGCAGTAGCCTGACTAAG,0,4917690
ygfS_ygfT_predicted,0.2,4,4,AACCGATTGGTTTTAACGGA,0,4919585
ygfS_ygfT_predicted,0.2,4,4,AACAGACCCTACAAGTGACC,0,4927627
ygfS_ygfT_predicted,0.2,4,4,AACAAGCTGCCGGTATACTT,0,4923582
ygfS_ygfT_predicted,0.2,4,4,AAATCCCCGTGGTGTCGCGT,0,4913755
ygfS_ygfT_predicted,0.2,4,4,AAATCAAGGTGTATTAACTA,0,4913922
ygfS_ygfT_predicted,0.2,4,4,AAATATGGATATGTGTCGGT,0,4905406
ygfS_ygfT_predicted,0.2,4,4,AAATAGTTCAATTGCTCCAC,0,4909863
ygfS_ygfT_predicted,0.2,4,4,AAATAGGTGGTCGTTGCAAC,0,4912537
ygfS_ygfT_predicted,0.2,4,4,AAATAGCAGCACATTTCATT,0,4901566
ygfS_ygfT_predicted,0.2,4,4,AAATAAGAGAGAAACAGATC,0,4904224
ygfS_ygfT_predicted,0.2,4,4,AAAGTCATATACCTGCAGCC,0,4914069
ygfS_ygfT_predicted,0.2,4,4,AAACTATCCTGGGTCTCATT,0,4905791
ygfS_ygfT_predicted,0.2,4,4,AAACCTCTAGAGCTCTGTGA,0,4919886
ygfS_ygfT_predicted,0.2,4,4,AAACAAGTGATCGCCTCCTC,0,4920456
ygfS_ygfT_predicted,0.2,4,4,AAAATCCTTGATAATCCGCA,0,4928693
ygfS_ygfT_predicted,0.2,4,4,AAAATACGAACACAATTCCA,0,4918451
ygfS_ygfT_predicted,0.25,3,3,TTTTTGCGGGTTGGACCGTG,0,4931340
ygfS_ygfT_predicted,0.25,3,3,TTTTCGGAGATTCCAAGCTA,0,4900256
ygfS_ygfT_predicted,0.25,3,3,TTTTCATAATTCTATGGTCA,0,4910223
ygfS_ygfT_predicted,0.25,3,3,TTTGGTTCTTCTAGTCCGTG,0,4929345
ygfS_ygfT_predicted,0.25,3,3,TTTCTGCCCGTGTATCGAGT,0,4924209
ygfS_ygfT_predicted,0.25,3,3,TTTCCGCACTTACGTAACGA,0,4904194
ygfS_ygfT_predicted,0.25,3,3,TTTAGTCGGGTGGTGTTCCT,0,4918735
ygfS_ygfT_predicted,0.25,3,3,TTTAGATCTGTGACCGCTCT,0,4920436
ygfS_ygfT_predicted,0.25,3,3,TTTAATTGGTAGTAGGTGGG,0,4926330
ygfS_ygfT_predicted,0.25,3,3,TTGTTATACCCCATCTTATA,0,4904450
ygfS_ygfT_predicted,0.25,3,3,TTGTCCGGAGCAAAACCGAA,0,4922924
ygfS_ygfT_predicted,0.25,3,3,TTGGGTCGGTTAAGATCCCA,0,4920100
ygfS_ygfT_predicted,0.25,3,3,TTGGAGTTGTGACCTATTTT,0,4913610
ygfS_ygfT_predicted,0.25,3,3,TTGGAGGAGAACTTTTTTGT,0,4901686
ygfS_ygfT_predicted,0.25,3,3,TTGCTGCGCAAATAGATATT,0,4921279
ygfS_ygfT_predicted,0.25,3,3,TTGCTCTAGGAGAGGTTATG,0,4911558
ygfS_ygfT_predicted,0.25,3,3,TTGCTCTACAACTTACCACA,0,4907288
ygfS_ygfT_predicted,0.25,3,3,TTGCGTATGTCGCCGGAAAC,0,4901535
ygfS_ygfT_predicted,0.25,3,3,TTGCGCCCTCCTGTATAGCA,0,4910661
ygfS_ygfT_predicted,0.25,3,3,TTGCAGAAAGAGAAAGCCTA,0,4911221
ygfS_ygfT_predicted,0.25,3,3,TTGATGTAGGTTGTTAACTT,0,4911434
ygfS_ygfT_predicted,0.25,3,3,TTGATACTGCCATGTCCGTT,0,4925263
ygfS_ygfT_predicted,0.25,3,3,TTGAGGACTCATTCACGGAC,0,4912775
ygfS_ygfT_predicted,0.25,3,3,TTCTGCTTAGTTTGAGTTTT,0,4901451
ygfS_ygfT_predicted,0.25,3,3,TTCTCCGAGCTTCCAAGGGA,0,4918065
ygfS_ygfT_predicted,0.25,3,3,TTCGTTTGGTTTCACCCGTC,0,4914503
ygfS_ygfT_predicted,0.25,3,3,TTCGCCCCATAGGGCGTTCA,0,4927193
ygfS_ygfT_predicted,0.25,3,3,TTCGATGCCCGCACATGAGC,0,4929904
ygfS_ygfT_predicted,0.25,3,3,TTCGATGATTCAGAGAGCCG,0,4924657
ygfS_ygfT_predicted,0.25,3,3,TTCCACGTAATGGGCCTTTT,0,4921295
ygfS_ygfT_predicted,0.25,3,3,TTCATTGAAAAGAGCAAGAG,0,4923749
ygfS_ygfT_predicted,0.25,3,3,TTCACGTCTCGGTAGACGAC,0,4921976
ygfS_ygfT_predicted,0.25,3,3,TTCACAAGGTTGTTGGCATT,0,4916463
ygfS_ygfT_predicted,0.25,3,3,TTCAATTCGGACCGGAGACA,0,4908297
ygfS_ygfT_predicted,0.25,3,3,TTATGCGGAACACTGTCACC,0,4918921
ygfS_ygfT_predicted,0.25,3,3,TTATGACTCACTGTATAACT,0,4908614
ygfS_ygfT_predicted,0.25,3,3,TTAGTAAATGGTGTCGGCAA,0,4919669
ygfS_ygfT_predicted,0.25,3,3,TTAGGCACGTTGGTCGTCAG,0,4903438
ygfS_ygfT_predicted,0.25,3,3,TTAGCTGGTGCCAGTTGGGG,0,4901209
ygfS_ygfT_predicted,0.25,3,3,TTAGCGGTGCATGCCGCGCC,0,4903541
ygfS_ygfT_predicted,0.25,3,3,TTAGATCCCGAATTGAGCGC,0,4928048
ygfS_ygfT_predicted,0.25,3,3,TTAGAATCCTGCATGCAACT,0,4926603
ygfS_ygfT_predicted,0.25,3,3,TTAATTCTCTTCAAGTCAAC,0,4928011
ygfS_ygfT_predicted,0.25,3,3,TTAAGGTGCTGTGGGTCAGT,0,4913962
ygfS_ygfT_predicted,0.25,3,3,TTAAGGACATTGCAGCGAAA,0,4925128
ygfS_ygfT_predicted,0.25,3,3,TTAAAACCCGAAACGAGGCC,0,4919044
ygfS_ygfT_predicted,0.25,3,3,TGTTTGTATGAACTCACCTC,0,4925895
ygfS_ygfT_predicted,0.25,3,3,TGTTTAAGGGCGAGCATGTT,0,4918052
ygfS_ygfT_predicted,0.25,3,3,TGTTGTGGCCCCGAGAATCG,0,4912293
ygfS_ygfT_predicted,0.25,3,3,TGTTATTTGAAGCCCCCTGG,0,4919529
ygfS_ygfT_predicted,0.25,3,3,TGTTAAATACGACATAAAAA,0,4915525
ygfS_ygfT_predicted,0.25,3,3,TGTGTGAGGTCGGATCTGGT,0,4914260
ygfS_ygfT_predicted,0.25,3,3,TGTGTAGGGTTCGCTTGTGG,0,4913076
ygfS_ygfT_predicted,0.25,3,3,TGTGTACGGATGAACAAAGG,0,4918893
ygfS_ygfT_predicted,0.25,3,3,TGTGGTCTAACGAAATGGCT,0,4909523
ygfS_ygfT_predicted,0.25,3,3,TGTGGTCACCGCGCTGCGTA,0,4909494
ygfS_ygfT_predicted,0.25,3,3,TGTGCAAGGCAGAGTCGCGA,0,4919228
ygfS_ygfT_predicted,0.25,3,3,TGTGAGGCCGAACGCCGTTA,0,4921582
ygfS_ygfT_predicted,0.25,3,3,TGTCTGTCCCTCTTGAAGCG,0,4903417
ygfS_ygfT_predicted,0.25,3,3,TGTCGGTGACGAGAATCATC,0,4918817
ygfS_ygfT_predicted,0.25,3,3,TGTCCTCTCAGTTTACAGCA,0,4917934
ygfS_ygfT_predicted,0.25,3,3,TGTCACCGAGTTTACGATTT,0,4922927
ygfS_ygfT_predicted,0.25,3,3,TGTAACAGCCGTCCTACTAT,0,4910990
ygfS_ygfT_predicted,0.25,3,3,TGGTTTATGGGTGTCTGACG,0,4911989
ygfS_ygfT_predicted,0.25,3,3,TGGTTAAAAAAATGGGTTCA,0,4913800
ygfS_ygfT_predicted,0.25,3,3,TGGTCGTGGCACTGTGTGCA,0,4916836
ygfS_ygfT_predicted,0.25,3,3,TGGTAAACCCTGGGTTTTTG,0,4920911
ygfS_ygfT_predicted,0.25,3,3,TGGGGCTAAAGGGCGTGGCG,0,4902898
ygfS_ygfT_predicted,0.25,3,3,TGGGCGACTTAAAAATAGCT,0,4907803
ygfS_ygfT_predicted,0.25,3,3,TGGGCCCGTGTCCCATTCGT,0,4922623
ygfS_ygfT_predicted,0.25,3,3,TGGCTTTCCCGTTTTAAGAC,0,4926133
ygfS_ygfT_predicted,0.25,3,3,TGGCTTAACCAAAAAAAGCA,0,4907919
ygfS_ygfT_predicted,0.25,3,3,TGGCCGACCTTCGATTCTCT,0,4921479
ygfS_ygfT_predicted,0.25,3,3,TGGCAGTAGTGGCGAACCAC,0,4904557
ygfS_ygfT_predicted,0.25,3,3,TGGATTTCTAAAACTGTGAC,0,4919503
ygfS_ygfT_predicted,0.25,3,3,TGGAGGAGCTCAGTCTGGTT,0,4929586
ygfS_ygfT_predicted,0.25,3,3,TGGACTGGCACACGCGTCTC,0,4902383
ygfS_ygfT_predicted,0.25,3,3,TGGAATTGCAAATCAGTCGG,0,4918760
ygfS_ygfT_predicted,0.25,3,3,TGCTTTTAACTTGATTGGAG,0,4920338
ygfS_ygfT_predicted,0.25,3,3,TGCTGAGTTGCGACGAATCG,0,4902347
ygfS_ygfT_predicted,0.25,3,3,TGCGTCTAAATCAGTAATTT,0,4918057
ygfS_ygfT_predicted,0.25,3,3,TGCGGGATTGATTCCGTAAA,0,4905502
ygfS_ygfT_predicted,0.25,3,3,TGCGCACCCGTCTCAACTCC,0,4916120
ygfS_ygfT_predicted,0.25,3,3,TGCCTTTGGACCCGCCAAAA,0,4908167
ygfS_ygfT_predicted,0.25,3,3,TGCCCGACGGGGATCGGGGT,0,4904960
ygfS_ygfT_predicted,0.25,3,3,TGCCATACATTCCAGTTATC,0,4922485
ygfS_ygfT_predicted,0.25,3,3,TGATGTAAGAGTTTGATATA,0,4926292
ygfS_ygfT_predicted,0.25,3,3,TGAGTTTAGCGAAAGGCAGA,0,4911826
ygfS_ygfT_predicted,0.25,3,3,TGACACGGGGAAGTCTTCTT,0,4928604
ygfS_ygfT_predicted,0.25,3,3,TGACAATAAGGGGCGAGTGC,0,4903452
ygfS_ygfT_predicted,0.25,3,3,TGAAGGCCAGCACGCTAGTC,0,4928864
ygfS_ygfT_predicted,0.25,3,3,TGAAATGCCATTGATCGAAG,0,4929876
ygfS_ygfT_predicted,0.25,3,3,TCTGTTGACCACCTATTATA,0,4899896
ygfS_ygfT_predicted,0.25,3,3,TCTGTATTTCAGCCGCTGAA,0,4912095
ygfS_ygfT_predicted,0.25,3,3,TCTGCCAGTAGCAATGAGTT,0,4929558
ygfS_ygfT_predicted,0.25,3,3,TCTAGAGTACGTTAACGTTG,0,4905491
ygfS_ygfT_predicted,0.25,3,3,TCTACAGTGACTGCGTCACC,0,4928823
ygfS_ygfT_predicted,0.25,3,3,TCGTATGAGGCCCTCTTATC,0,4915329
ygfS_ygfT_predicted,0.25,3,3,TCGGTAGGACAGGTCGGTTA,0,4909840
ygfS_ygfT_predicted,0.25,3,3,TCGGGATGAAGCCAGACTCA,0,4927108
ygfS_ygfT_predicted,0.25,3,3,TCGGAGTCTGAAAGAACTGG,0,4925725
ygfS_ygfT_predicted,0.25,3,3,TCGGAGGGGCCTTCGAATGG,0,4930587
ygfS_ygfT_predicted,0.25,3,3,TCGGACTGGCAGATCCGTGG,0,4911300
ygfS_ygfT_predicted,0.25,3,3,TCGCTTAGCCCCGAGCACAG,0,4905325
ygfS_ygfT_predicted,0.25,3,3,TCGCTCCATAAATGTTCTGT,0,4900623
ygfS_ygfT_predicted,0.25,3,3,TCGCTATAAGGAGCCAAGGT,0,4928178
ygfS_ygfT_predicted,0.25,3,3,TCGCGATGTTGTAAGTGAAC,0,4903376
ygfS_ygfT_predicted,0.25,3,3,TCGAGGCCAAATGGGAACTT,0,4903820
ygfS_ygfT_predicted,0.25,3,3,TCGAGGATCGGTGGTTTATG,0,4910156
ygfS_ygfT_predicted,0.25,3,3,TCGAAACTTGGTCCTGTGTA,0,4901925
ygfS_ygfT_predicted,0.25,3,3,TCCGGCACTGTGGCAGGGCG,0,4906857
ygfS_ygfT_predicted,0.25,3,3,TCCGCTGGCAATGTGCCACG,0,4931280
ygfS_ygfT_predicted,0.25,3,3,TCCCATTGTTCTAATGGGGC,0,4908846
ygfS_ygfT_predicted,0.25,3,3,TCCACTTAGGCAGAGAGTTC,0,4921990
ygfS_ygfT_predicted,0.25,3,3,TCCAATATCGCAACATGCCG,0,4916986
ygfS_ygfT_predicted,0.25,3,3,TCCAAACGGCTTGGGAATCG,0,4918016
ygfS_ygfT_predicted,0.25,3,3,TCATTTACCTTACCGTAGCT,0,4921740
ygfS_ygfT_predicted,0.25,3,3,TCATTAGTGCAGATAGTGAC,0,4905712
ygfS_ygfT_predicted,0.25,3,3,TCATCGTAGAGATCCATCAT,0,4902494
ygfS_ygfT_predicted,0.25,3,3,TCATAGTCTCTCGGCGGTTA,0,4929178
ygfS_ygfT_predicted,0.25,3,3,TCAGGGGAACAGCAACTCAC,0,4928015
ygfS_ygfT_predicted,0.25,3,3,TCACGGACTGTGGGATAGAC,0,4926066
ygfS_ygfT_predicted,0.25,3,3,TCACCGATGAATCACCGTTG,0,4929908
ygfS_ygfT_predicted,0.25,3,3,TCACCAGGTAGCAGAGAACA,0,4900457
ygfS_ygfT_predicted,0.25,3,3,TCACAATGCCTATGGCCAGT,0,4903567
ygfS_ygfT_predicted,0.25,3,3,TCACAAAGTTTACAACGGTA,0,4911664
ygfS_ygfT_predicted,0.25,3,3,TCAACGGAGACACGACTTAA,0,4929406
ygfS_ygfT_predicted,0.25,3,3,TCAACATCTTTTTAATGAGA,0,4924528
ygfS_ygfT_predicted,0.25,3,3,TATTCGTTAAGTGCCCGATC,0,4927895
ygfS_ygfT_predicted,0.25,3,3,TATTCGGGTAGGAATACCCA,0,4920549
ygfS_ygfT_predicted,0.25,3,3,TATTAGAACGTTGCCGTCCC,0,4919369
ygfS_ygfT_predicted,0.25,3,3,TATGTGGGGGTAACGAGGTG,0,4921366
ygfS_ygfT_predicted,0.25,3,3,TATGCGATGTAGGATAAACC,0,4918771
ygfS_ygfT_predicted,0.25,3,3,TATGACACAGACGTCCAGGA,0,4931078
ygfS_ygfT_predicted,0.25,3,3,TATGAAAATAGGGGATAGAT,0,4921766
ygfS_ygfT_predicted,0.25,3,3,TATCGGGCGTTTGGTAGTGT,0,4925527
ygfS_ygfT_predicted,0.25,3,3,TATCAGTGGTTAATAAAACG,0,4904343
ygfS_ygfT_predicted,0.25,3,3,TATATCAAATTATCTCGTAT,0,4913668
ygfS_ygfT_predicted,0.25,3,3,TATACGCGACTCACTCTCTG,0,4923994
ygfS_ygfT_predicted,0.25,3,3,TAGTACGGTAAAAAATCTCT,0,4916135
ygfS_ygfT_predicted,0.25,3,3,TAGGGGTTCGGGACGGGATA,0,4914822
ygfS_ygfT_predicted,0.25,3,3,TAGGGCACTCCTAGATGCCA,0,4910513
ygfS_ygfT_predicted,0.25,3,3,TAGGCGCGAGAGGTCAAGAA,0,4907349
ygfS_ygfT_predicted,0.25,3,3,TAGCGTTCTGTCACGTCCCT,0,4913436
ygfS_ygfT_predicted,0.25,3,3,TAGCAAGTGGCTGTGTTTAT,0,4927364
ygfS_ygfT_predicted,0.25,3,3,TACTTGTTTTCCGTCTTATG,0,4928164
ygfS_ygfT_predicted,0.25,3,3,TACTTGCATGCTGGGTGAAA,0,4913395
ygfS_ygfT_predicted,0.25,3,3,TACTTAGATAGCGATCAACG,0,4904089
ygfS_ygfT_predicted,0.25,3,3,TACTCGGTCGGGCCAGACTG,0,4907046
ygfS_ygfT_predicted,0.25,3,3,TACTAAAGTGAAAAGATATT,0,4928339
ygfS_ygfT_predicted,0.25,3,3,TACGTTTTAGCATCCAAAAA,0,4916257
ygfS_ygfT_predicted,0.25,3,3,TACGGTATATGTGTGGATAA,0,4931391
ygfS_ygfT_predicted,0.25,3,3,TACGGATGACATAGGGTTTT,0,4924747
ygfS_ygfT_predicted,0.25,3,3,TACGCAAAGAATGTCGGGCA,0,4905354
ygfS_ygfT_predicted,0.25,3,3,TACCTGGGTTGGCACAGAAG,0,4931012
ygfS_ygfT_predicted,0.25,3,3,TACCGAGGTCGGGAAGTTTT,0,4926411
ygfS_ygfT_predicted,0.25,3,3,TACCCCGACGTGAGTTGCAA,0,4912562
ygfS_ygfT_predicted,0.25,3,3,TACCAGTGTGCGAACGCCCC,0,4904828
ygfS_ygfT_predicted,0.25,3,3,TACATTTCTGCGACTACCTC,0,4923234
ygfS_ygfT_predicted,0.25,3,3,TACATTGCGCTTCGACTTTT,0,4899966
ygfS_ygfT_predicted,0.25,3,3,TACAGTAAGTATCTGGGGAG,0,4911255
ygfS_ygfT_predicted,0.25,3,3,TACAATGCGTAGAACGCCGG,0,4912268
ygfS_ygfT_predicted,0.25,3,3,TAATAACGTTGGTGCAAAAA,0,4926588
ygfS_ygfT_predicted,0.25,3,3,TAAGGTTGAGCACCCCGCCG,0,4903962
ygfS_ygfT_predicted,0.25,3,3,TAAGCAGTATTTTGAGTTTT,0,4903295
ygfS_ygfT_predicted,0.25,3,3,TAACTCAAGCTTGCTATTGG,0,4906088
ygfS_ygfT_predicted,0.25,3,3,TAACATAGGTCCCAGCCCTA,0,4907937
ygfS_ygfT_predicted,0.25,3,3,TAACAGATAGATACCATTCT,0,4924714
ygfS_ygfT_predicted,0.25,3,3,TAAATAACGTCACATAAGTA,0,4902197
ygfS_ygfT_predicted,0.25,3,3,TAAACCGTTACCATGAACTA,0,4921005
ygfS_ygfT_predicted,0.25,3,3,TAAACATGTATCGTATGTGT,0,4919891
ygfS_ygfT_predicted,0.25,3,3,GTTTTAAAGGAGGGAAAATG,0,4909906
ygfS_ygfT_predicted,0.25,3,3,GTTTGTCCACTGGGCGCGGG,0,4912971
ygfS_ygfT_predicted,0.25,3,3,GTTTCAATCAGACGCCTAAA,0,4903088
ygfS_ygfT_predicted,0.25,3,3,GTTTATGCTACTATGTGGCG,0,4909539
ygfS_ygfT_predicted,0.25,3,3,GTTTAGAACGCGGGTGAATC,0,4921362
ygfS_ygfT_predicted,0.25,3,3,GTTGGTAGTATCTGAAAGGC,0,4903710
ygfS_ygfT_predicted,0.25,3,3,GTTGGCACTAAACATGGTAT,0,4918158
ygfS_ygfT_predicted,0.25,3,3,GTTGCTCAGACTGTAACCCT,0,4900179
ygfS_ygfT_predicted,0.25,3,3,GTTGCGAGAAGTCTTGACAG,0,4920064
ygfS_ygfT_predicted,0.25,3,3,GTTGACAATTTGAGCGTCCT,0,4923794
ygfS_ygfT_predicted,0.25,3,3,GTTCTTGTCTCTGCTAGTGT,0,4906569
ygfS_ygfT_predicted,0.25,3,3,GTTCTTACTTATTGTTGGTG,0,4916905
ygfS_ygfT_predicted,0.25,3,3,GTTCTAGGTGAGAGGTCTGT,0,4905779
ygfS_ygfT_predicted,0.25,3,3,GTTCGAGAGATCGGGTATTA,0,4911525
ygfS_ygfT_predicted,0.25,3,3,GTTCCCACCTCGCGAGCACT,0,4928005
ygfS_ygfT_predicted,0.25,3,3,GTTCATGTCTCATCATTTTC,0,4929034
ygfS_ygfT_predicted,0.25,3,3,GTTCAGAGTCCTGAGAAAAG,0,4924708
ygfS_ygfT_predicted,0.25,3,3,GTTCAATCTCCCCTCTTAAC,0,4918524
ygfS_ygfT_predicted,0.25,3,3,GTTACTCATCCGACTTATAT,0,4910413
ygfS_ygfT_predicted,0.25,3,3,GTTACAGGTGTAAGGTAAAG,0,4901067
ygfS_ygfT_predicted,0.25,3,3,GTGTCTAACCGATTAGCATA,0,4901802
ygfS_ygfT_predicted,0.25,3,3,GTGTCAGGACTATTCCGTGA,0,4925586
ygfS_ygfT_predicted,0.25,3,3,GTGTAGTGGACTTTCCGTCG,0,4930368
ygfS_ygfT_predicted,0.25,3,3,GTGGTTGTTAGTATAGCGAT,0,4923507
ygfS_ygfT_predicted,0.25,3,3,GTGGTCTTTGGGACATAAGT,0,4901588
ygfS_ygfT_predicted,0.25,3,3,GTGGGAACCATGCACCCAAC,0,4922230
ygfS_ygfT_predicted,0.25,3,3,GTGGCAGGCCTCCTTAAAGC,0,4910602
ygfS_ygfT_predicted,0.25,3,3,GTGGATTTCCCTTGCGCGCC,0,4904847
ygfS_ygfT_predicted,0.25,3,3,GTGGAGGGAGTTGCAGCCAA,0,4923750
ygfS_ygfT_predicted,0.25,3,3,GTGGACTGGTAGAACATGGT,0,4910211
ygfS_ygfT_predicted,0.25,3,3,GTGGAAGTTGGTAGATTAGA,0,4921711
ygfS_ygfT_predicted,0.25,3,3,GTGCTCCTCTGATGTACCAT,0,4912750
ygfS_ygfT_predicted,0.25,3,3,GTGCTAGAGTCGTCAGAAGC,0,4924113
ygfS_ygfT_predicted,0.25,3,3,GTGCGCTTTCTGGGGTGGGG,0,4914432
ygfS_ygfT_predicted,0.25,3,3,GTGCCTATTCAGTCCGCCGG,0,4899904
ygfS_ygfT_predicted,0.25,3,3,GTGCCCGCACTCTTCGCGGG,0,4923229
ygfS_ygfT_predicted,0.25,3,3,GTGCACTACGTATGAACCCG,0,4918285
ygfS_ygfT_predicted,0.25,3,3,GTGCAAACCACTTCCTATTC,0,4928438
ygfS_ygfT_predicted,0.25,3,3,GTGATGCATCTAAGTAGTCG,0,4919135
ygfS_ygfT_predicted,0.25,3,3,GTGATCTAAGGTGGGTCAGA,0,4901926
ygfS_ygfT_predicted,0.25,3,3,GTGAGGTGTGTCCGTAATAA,0,4918384
ygfS_ygfT_predicted,0.25,3,3,GTGAGGTGGCGGGAATCTTG,0,4929394
ygfS_ygfT_predicted,0.25,3,3,GTGAGCATACCAGGCTCGTA,0,4900375
ygfS_ygfT_predicted,0.25,3,3,GTGACACACTAGGCCATCAG,0,4928337
ygfS_ygfT_predicted,0.25,3,3,GTCTTTTGCTCATAGTCATA,0,4902599
ygfS_ygfT_predicted,0.25,3,3,GTCTTCCCAGCAATGTGTAC,0,4921447
ygfS_ygfT_predicted,0.25,3,3,GTCTAGGTCACGATGCGGGC,0,4925031
ygfS_ygfT_predicted,0.25,3,3,GTCGTTAATACCACAACATG,0,4902139
ygfS_ygfT_predicted,0.25,3,3,GTCGTGCGACCAGACGGGAA,0,4929973
ygfS_ygfT_predicted,0.25,3,3,GTCCCGTGTACTGGGGCGTG,0,4907578
ygfS_ygfT_predicted,0.25,3,3,GTCATGTAAACTTGCCGGCT,0,4911135
ygfS_ygfT_predicted,0.25,3,3,GTCACTAACTCCTTTAATAA,0,4907761
ygfS_ygfT_predicted,0.25,3,3,GTCAAGTATCATCAAGGATA,0,4912389
ygfS_ygfT_predicted,0.25,3,3,GTATTTCCGTGCCTGGGTTC,0,4905350
ygfS_ygfT_predicted,0.25,3,3,GTAGGGACTACAGAAGCTTT,0,4912594
ygfS_ygfT_predicted,0.25,3,3,GTAGGAATATTCGTTAGCCG,0,4903934
ygfS_ygfT_predicted,0.25,3,3,GTAGAAGCTGTGCAGAATAG,0,4909759
ygfS_ygfT_predicted,0.25,3,3,GTACGAACAGCGCTCAGAGG,0,4923554
ygfS_ygfT_predicted,0.25,3,3,GTACATGATGAACGATGCGA,0,4927253
ygfS_ygfT_predicted,0.25,3,3,GTAACGCATACGTTAGTAGA,0,4908912
ygfS_ygfT_predicted,0.25,3,3,GTAAAGAGGGGATAGCTCAC,0,4919349
ygfS_ygfT_predicted,0.25,3,3,GGTTTGCAGCGAGCTCGATC,0,4906579
ygfS_ygfT_predicted,0.25,3,3,GGTTGCTCGTAGTCCCCTAG,0,4911676
ygfS_ygfT_predicted,0.25,3,3,GGTGCTTAGGCAAAATTAAT,0,4910907
ygfS_ygfT_predicted,0.25,3,3,GGTGATACACATGGGTCCTA,0,4902483
ygfS_ygfT_predicted,0.25,3,3,GGTCTACGATCTTCGTTTAC,0,4919305
ygfS_ygfT_predicted,0.25,3,3,GGTAGACACTGTATAAAACT,0,4907543
ygfS_ygfT_predicted,0.25,3,3,GGGTTCATGAAGTAAGATTA,0,4922542
ygfS_ygfT_predicted,0.25,3,3,GGGTGTACCCTGGTCTTGGT,0,4913463
ygfS_ygfT_predicted,0.25,3,3,GGGTGGGTAAGGGTTGTCGT,0,4915055
ygfS_ygfT_predicted,0.25,3,3,GGGTCATGGCCGAGACTTAA,0,4904697
ygfS_ygfT_predicted,0.25,3,3,GGGTAAAGAAGCGTCAGCCT,0,4914909
ygfS_ygfT_predicted,0.25,3,3,GGGGAGAGGTGTTCATGCAG,0,4904487
ygfS_ygfT_predicted,0.25,3,3,GGGCTTTTCATTGCTCCCGT,0,4920315
ygfS_ygfT_predicted,0.25,3,3,GGGCTACTTAGTCCCCTCGG,0,4921948
ygfS_ygfT_predicted,0.25,3,3,GGGCAGCAGCGCATTAAGGG,0,4914778
ygfS_ygfT_predicted,0.25,3,3,GGGAATAGGTAGGGTGGCAT,0,4930032
ygfS_ygfT_predicted,0.25,3,3,GGCTTGCTAGAACGTGAGAG,0,4931091
ygfS_ygfT_predicted,0.25,3,3,GGCTACGTATTTATAGCTTG,0,4905023
ygfS_ygfT_predicted,0.25,3,3,GGCGGGGCTCAACACAGGGT,0,4905437
ygfS_ygfT_predicted,0.25,3,3,GGCGGGCAAGTGAGTGCACA,0,4929745
ygfS_ygfT_predicted,0.25,3,3,GGCCTGTTTACAAAGTCTGC,0,4915426
ygfS_ygfT_predicted,0.25,3,3,GGCCCTACTCGCATTAGGAG,0,4902441
ygfS_ygfT_predicted,0.25,3,3,GGCCCCAGTTCAGGCAGATT,0,4928355
ygfS_ygfT_predicted,0.25,3,3,GGCATTCACCTTCTGTTTCA,0,4913756
ygfS_ygfT_predicted,0.25,3,3,GGCAGCCATGAGTACTCAGC,0,4916386
ygfS_ygfT_predicted,0.25,3,3,GGCACGCGATCACATGAGAG,0,4923387
ygfS_ygfT_predicted,0.25,3,3,GGATTGTGGACGGCGTGATA,0,4929058
ygfS_ygfT_predicted,0.25,3,3,GGATTAGTCCTCTTATCAAC,0,4923836
ygfS_ygfT_predicted,0.25,3,3,GGATGCCAGCCAACAACAAT,0,4923893
ygfS_ygfT_predicted,0.25,3,3,GGATGAAACTGACGGGACTC,0,4914118
ygfS_ygfT_predicted,0.25,3,3,GGAGTGAGCTGGACTCTCAA,0,4917887
ygfS_ygfT_predicted,0.25,3,3,GGAGGGCCATGGTCGCACAA,0,4916643
ygfS_ygfT_predicted,0.25,3,3,GGACTTCATGGACGCCTGTG,0,4924338
ygfS_ygfT_predicted,0.25,3,3,GGACGGCCCGAAGATGTCAA,0,4906655
ygfS_ygfT_predicted,0.25,3,3,GGACACGTGTTATAGTTGAT,0,4914414
ygfS_ygfT_predicted,0.25,3,3,GGAATCCGGTCGGTTTTTGT,0,4914055
ygfS_ygfT_predicted,0.25,3,3,GGAAAAGGCTATTAATCCCA,0,4911506
ygfS_ygfT_predicted,0.25,3,3,GGAAAAACATAAGTTCTATA,0,4906566
ygfS_ygfT_predicted,0.25,3,3,GCTTGAAAAATGATTCCGAC,0,4905427
ygfS_ygfT_predicted,0.25,3,3,GCTTCCGTCGGTGCAATTCA,0,4903047
ygfS_ygfT_predicted,0.25,3,3,GCTGTGTATCGCCAGCAAGA,0,4916840
ygfS_ygfT_predicted,0.25,3,3,GCTGAGTCACCGTCTAGCTA,0,4931383
ygfS_ygfT_predicted,0.25,3,3,GCTGAGTACACCCGTGTATA,0,4921618
ygfS_ygfT_predicted,0.25,3,3,GCTGAGAAGGTCTCACGAGG,0,4915914
ygfS_ygfT_predicted,0.25,3,3,GCTCTTGAGGTGGGGCCTCT,0,4916552
ygfS_ygfT_predicted,0.25,3,3,GCTCTGTCCAACCCTATTAG,0,4904269
ygfS_ygfT_predicted,0.25,3,3,GCTCTATGGACTGTGGTATG,0,4924917
ygfS_ygfT_predicted,0.25,3,3,GCTCGACCTGCAGTCTTCCA,0,4919100
ygfS_ygfT_predicted,0.25,3,3,GCTCATGACCGATATAATAT,0,4903741
ygfS_ygfT_predicted,0.25,3,3,GCTCACGGCCGGCGGGAACA,0,4922095
ygfS_ygfT_predicted,0.25,3,3,GCTACCTCGTGTTGTGGTGT,0,4928600
ygfS_ygfT_predicted,0.25,3,3,GCGTAGGGGCAGATCGCTAG,0,4911522
ygfS_ygfT_predicted,0.25,3,3,GCGGTCTGGAAAATTTTCGA,0,4911651
ygfS_ygfT_predicted,0.25,3,3,GCGGGTGGAGCCGGAGCAGA,0,4926114
ygfS_ygfT_predicted,0.25,3,3,GCGGCGGTTCGGAAGGAGAG,0,4910554
ygfS_ygfT_predicted,0.25,3,3,GCGCCAAATCCCGGCTATAG,0,4907916
ygfS_ygfT_predicted,0.25,3,3,GCGATTCACATCCGGTTCAA,0,4919467
ygfS_ygfT_predicted,0.25,3,3,GCGATCTTCCAAAAATATCA,0,4901446
ygfS_ygfT_predicted,0.25,3,3,GCGACACAGAGGAAATGAGA,0,4926094
ygfS_ygfT_predicted,0.25,3,3,GCCTTTGCCTAACTGCAGGT,0,4903337
ygfS_ygfT_predicted,0.25,3,3,GCCTTCCTAGATGTTCAGAT,0,4917528
ygfS_ygfT_predicted,0.25,3,3,GCCTTCAACCCTCAACTATG,0,4908424
ygfS_ygfT_predicted,0.25,3,3,GCCTCTTGCGATTCAAACAT,0,4918505
ygfS_ygfT_predicted,0.25,3,3,GCCTCTGCGCCGTGCGCTGC,0,4923764
ygfS_ygfT_predicted,0.25,3,3,GCCTCAATATATTGACGGGT,0,4914647
ygfS_ygfT_predicted,0.25,3,3,GCCGGTGAGGAGGGCCGATC,0,4907389
ygfS_ygfT_predicted,0.25,3,3,GCCGGCACAACGGTCGGTGG,0,4926123
ygfS_ygfT_predicted,0.25,3,3,GCCGCACATTGCGAACCCAC,0,4917342
ygfS_ygfT_predicted,0.25,3,3,GCCCTCCGTTAAAATAGTTT,0,4913310
ygfS_ygfT_predicted,0.25,3,3,GCCCGTTCGGTCAGGAGGCC,0,4927447
ygfS_ygfT_predicted,0.25,3,3,GCCAGTCGGTTGGGGTGCGA,0,4909811
ygfS_ygfT_predicted,0.25,3,3,GCCACTATGGCTCTCTCAAT,0,4904415
ygfS_ygfT_predicted,0.25,3,3,GCCAATCTCTAAGGACGTGT,0,4917662
ygfS_ygfT_predicted,0.25,3,3,GCATCCGTCGACTATCTGAC,0,4906268
ygfS_ygfT_predicted,0.25,3,3,GCATCCCTGCGCAGATCAGC,0,4927666
ygfS_ygfT_predicted,0.25,3,3,GCATAATCGAGTAGTCTGAA,0,4916586
ygfS_ygfT_predicted,0.25,3,3,GCAGTACAATGGGCCGCACA,0,4911361
ygfS_ygfT_predicted,0.25,3,3,GCACGCACTAATCTTGCTCC,0,4902590
ygfS_ygfT_predicted,0.25,3,3,GCACCGAAAACTGCGGAGAG,0,4906137
ygfS_ygfT_predicted,0.25,3,3,GCAACATGAATATGGCGTTA,0,4910038
ygfS_ygfT_predicted,0.25,3,3,GATTTTGTGAGAATCCGGAT,0,4919265
ygfS_ygfT_predicted,0.25,3,3,GATTGTACAGTGGCATAACC,0,4912888
ygfS_ygfT_predicted,0.25,3,3,GATTCCTGGACTTCTTTTTA,0,4921333
ygfS_ygfT_predicted,0.25,3,3,GATGTGGTTACCGTGTGTGT,0,4926724
ygfS_ygfT_predicted,0.25,3,3,GATGGGCATGTCATACGGTC,0,4913541
ygfS_ygfT_predicted,0.25,3,3,GATGGCCTACATTTTTGCGA,0,4918382
ygfS_ygfT_predicted,0.25,3,3,GATGGCCACCTATGTCTTAT,0,4922908
ygfS_ygfT_predicted,0.25,3,3,GATGAGGGGTAACTTCACGA,0,4910395
ygfS_ygfT_predicted,0.25,3,3,GATCAAGTCGAATACGTCGC,0,4913167
ygfS_ygfT_predicted,0.25,3,3,GATATCTCGGCCATCAGGAC,0,4906632
ygfS_ygfT_predicted,0.25,3,3,GATAGTGGGTGTCTCGGCAT,0,4901190
ygfS_ygfT_predicted,0.25,3,3,GATACAGCTTGTCGGACTGG,0,4919276
ygfS_ygfT_predicted,0.25,3,3,GATAATGGAGCGTCGGCGGC,0,4900540
ygfS_ygfT_predicted,0.25,3,3,GATAAAAGTCCGTTGGTCTC,0,4928497
ygfS_ygfT_predicted,0.25,3,3,GAGTTGCAGTCCCGAGGTAC,0,4908035
ygfS_ygfT_predicted,0.25,3,3,GAGTTATAACTGGCTACACT,0,4922362
ygfS_ygfT_predicted,0.25,3,3,GAGTGAAGTTGCCATGGTCC,0,4912425
ygfS_ygfT_predicted,0.25,3,3,GAGGTTCTATTTCCGTCTGT,0,4918266
ygfS_ygfT_predicted,0.25,3,3,GAGGTTAGTCCTTCCATGGA,0,4904116
ygfS_ygfT_predicted,0.25,3,3,GAGGTCGGAGTAAGGTGAAG,0,4910956
ygfS_ygfT_predicted,0.25,3,3,GAGCGGTTCGCGCAGGGACC,0,4908994
ygfS_ygfT_predicted,0.25,3,3,GAGCGCATGCTTTCTCACAG,0,4912249
ygfS_ygfT_predicted,0.25,3,3,GAGCATACTTAGGGCGTGGG,0,4905950
ygfS_ygfT_predicted,0.25,3,3,GAGATTTCGGTCTGTCGTGA,0,4914932
ygfS_ygfT_predicted,0.25,3,3,GAGACGGGCTAGAGTTCGAC,0,4920459
ygfS_ygfT_predicted,0.25,3,3,GAGACGCGAGGTTGTGTTTA,0,4908526
ygfS_ygfT_predicted,0.25,3,3,GAGACAAGCTTTCCGCTTAT,0,4905622
ygfS_ygfT_predicted,0.25,3,3,GAGAAGTTCTGTCCCCACAC,0,4900076
ygfS_ygfT_predicted,0.25,3,3,GACGTCGTACTCGTATACTT,0,4905628
ygfS_ygfT_predicted,0.25,3,3,GACGGCTTGATTTTGAAGAC,0,4902961
ygfS_ygfT_predicted,0.25,3,3,GACGCGTCTTGCTAACCGGT,0,4901772
ygfS_ygfT_predicted,0.25,3,3,GACCCCTTTTTGCCCCCGCT,0,4930534
ygfS_ygfT_predicted,0.25,3,3,GACACGGTCTTCGAAGTCTT,0,4908044
ygfS_ygfT_predicted,0.25,3,3,GAATTCTTCCGACTGTTGTT,0,4906870
ygfS_ygfT_predicted,0.25,3,3,GAATTCAAGCCCAGCCAAGT,0,4929826
ygfS_ygfT_predicted,0.25,3,3,GAATGCGGTTGGGACCGGAT,0,4929536
ygfS_ygfT_predicted,0.25,3,3,GAAGTTAGCAGTAGATTGCC,0,4902134
ygfS_ygfT_predicted,0.25,3,3,GAAGGACCGGGTTGATGTCT,0,4924685
ygfS_ygfT_predicted,0.25,3,3,GAAGACTAGCTTTTCATGTA,0,4901731
ygfS_ygfT_predicted,0.25,3,3,GAACTTCAACACCACGTAAC,0,4918333
ygfS_ygfT_predicted,0.25,3,3,GAACTTATCCGGATAGAAGA,0,4906304
ygfS_ygfT_predicted,0.25,3,3,GAACGTGTTCAAGCTTCGTT,0,4908729
ygfS_ygfT_predicted,0.25,3,3,GAAATCGTTAGACATTTGAG,0,4906284
ygfS_ygfT_predicted,0.25,3,3,GAAATCGACAAATCTCGCGT,0,4904459
ygfS_ygfT_predicted,0.25,3,3,CTTTTGTGAGGCGTGACTAA,0,4910616
ygfS_ygfT_predicted,0.25,3,3,CTTTCTCAGCTGCACCCATT,0,4908478
ygfS_ygfT_predicted,0.25,3,3,CTTTACCTGCTTACGTCACG,0,4908549
ygfS_ygfT_predicted,0.25,3,3,CTTGACACATAGTTCATGAA,0,4925159
ygfS_ygfT_predicted,0.25,3,3,CTTATACGGTCCGGCATCAT,0,4907625
ygfS_ygfT_predicted,0.25,3,3,CTTAACTTGGTCATAAGAGG,0,4903583
ygfS_ygfT_predicted,0.25,3,3,CTGGTAGGAATTTATAAAGC,0,4902138
ygfS_ygfT_predicted,0.25,3,3,CTGGCTGTCTGAATGCAGAC,0,4928609
ygfS_ygfT_predicted,0.25,3,3,CTGCTCCGGCGCCGTGTAGA,0,4927023
ygfS_ygfT_predicted,0.25,3,3,CTGAGGAAGCGCATACTATT,0,4907833
ygfS_ygfT_predicted,0.25,3,3,CTGACGGCCAAAGGGAGTGA,0,4923824
ygfS_ygfT_predicted,0.25,3,3,CTGACAAATTGCGCGGCGTA,0,4901619
ygfS_ygfT_predicted,0.25,3,3,CTGAACTCGGTGTAAAGAAA,0,4905489
ygfS_ygfT_predicted,0.25,3,3,CTCTGTAGGACAGTTTACAG,0,4918218
ygfS_ygfT_predicted,0.25,3,3,CTCTGCTCACAAAGGCGACA,0,4913079
ygfS_ygfT_predicted,0.25,3,3,CTCTCTGCATGGAGAATTAG,0,4927904
ygfS_ygfT_predicted,0.25,3,3,CTCGTTTACTACCTTACGTT,0,4925376
ygfS_ygfT_predicted,0.25,3,3,CTCGGGTCCGCAGAGACCTA,0,4914991
ygfS_ygfT_predicted,0.25,3,3,CTCCTTCATCGATCGTGAGC,0,4906565
ygfS_ygfT_predicted,0.25,3,3,CTCCTGTAGTGTAGTCATGG,0,4919247
ygfS_ygfT_predicted,0.25,3,3,CTCCGTCCTCGTCTCGCGAT,0,4909086
ygfS_ygfT_predicted,0.25,3,3,CTCCGATTACTTTGCTGGTA,0,4899964
ygfS_ygfT_predicted,0.25,3,3,CTCCAACAAGGACCTGTTAC,0,4916338
ygfS_ygfT_predicted,0.25,3,3,CTCATTGGGAGGTGGAATGC,0,4913413
ygfS_ygfT_predicted,0.25,3,3,CTCAATTATCGGTGACAGTT,0,4908326
ygfS_ygfT_predicted,0.25,3,3,CTATTTAGGTCTCATGGTCA,0,4920383
ygfS_ygfT_predicted,0.25,3,3,CTATTGATCCCAGGCCTTCA,0,4904751
ygfS_ygfT_predicted,0.25,3,3,CTAGGAAGCGGAGGTATTGC,0,4907042
ygfS_ygfT_predicted,0.25,3,3,CTAGCTGTGTTTCGTCCACG,0,4918872
ygfS_ygfT_predicted,0.25,3,3,CTAGCCGGATCAGGTGGGGC,0,4926327
ygfS_ygfT_predicted,0.25,3,3,CTACTGAAGGACCCAAGGAA,0,4931447
ygfS_ygfT_predicted,0.25,3,3,CTAATGTAGATCCACTCATG,0,4915255
ygfS_ygfT_predicted,0.25,3,3,CTAATGCGGCACATGCGTTG,0,4910858
ygfS_ygfT_predicted,0.25,3,3,CGTTGGATTTTGCTTGATTC,0,4921149
ygfS_ygfT_predicted,0.25,3,3,CGTTCAATAAATATCGGATT,0,4906329
ygfS_ygfT_predicted,0.25,3,3,CGTTATGTCTGCAAATATCG,0,4918448
ygfS_ygfT_predicted,0.25,3,3,CGTGTTAAATCCACTCTTTA,0,4915495
ygfS_ygfT_predicted,0.25,3,3,CGTGTGAGCGGGATCATCAG,0,4905160
ygfS_ygfT_predicted,0.25,3,3,CGTGTCATTTCTCAAGCCTC,0,4917227
ygfS_ygfT_predicted,0.25,3,3,CGTGTCAATTCGCGTGGCAT,0,4908132
ygfS_ygfT_predicted,0.25,3,3,CGTGCCGCCTTAGAGCCTGC,0,4926012
ygfS_ygfT_predicted,0.25,3,3,CGTGCCAGCTCGAGGATCTA,0,4921288
ygfS_ygfT_predicted,0.25,3,3,CGTACATGATTGTTTATTAC,0,4928313
ygfS_ygfT_predicted,0.25,3,3,CGGTTGAGATCGGGCGTGCA,0,4905486
ygfS_ygfT_predicted,0.25,3,3,CGGTCTTTGGCGTATACTTA,0,4912588
ygfS_ygfT_predicted,0.25,3,3,CGGTCGGGGTATCCCGAGTG,0,4922942
ygfS_ygfT_predicted,0.25,3,3,CGGTCCGAACGGACAGCGGC,0,4928051
ygfS_ygfT_predicted,0.25,3,3,CGGCGAAGCCCGGTTTGCTT,0,4922000
ygfS_ygfT_predicted,0.25,3,3,CGGACGACTTCAAGGGATGA,0,4901139
ygfS_ygfT_predicted,0.25,3,3,CGCTGTGACCTAGGCACAAT,0,4921211
ygfS_ygfT_predicted,0.25,3,3,CGCTGGCAAAGACACTCGTC,0,4926997
ygfS_ygfT_predicted,0.25,3,3,CGCTACGCACGCTATGGTGT,0,4907126
ygfS_ygfT_predicted,0.25,3,3,CGCGTTAAACCAATCTTCCT,0,4903249
ygfS_ygfT_predicted,0.25,3,3,CGCGTAGACCACCCATGCAG,0,4907565
ygfS_ygfT_predicted,0.25,3,3,CGCGGCGAATATTTCCCGAG,0,4905892
ygfS_ygfT_predicted,0.25,3,3,CGCCGGCTGACCAGCATCAG,0,4922449
ygfS_ygfT_predicted,0.25,3,3,CGCCGGCACGGAGTACTCAG,0,4919461
ygfS_ygfT_predicted,0.25,3,3,CGCCACCCAGAGGATCAGTG,0,4903128
ygfS_ygfT_predicted,0.25,3,3,CGCAGGCGCGAAATGATTTT,0,4925665
ygfS_ygfT_predicted,0.25,3,3,CGCAGGATTTATACCGCGAG,0,4913207
ygfS_ygfT_predicted,0.25,3,3,CGCAAGCTCCCGAAGAGGCA,0,4907091
ygfS_ygfT_predicted,0.25,3,3,CGATTCTATTTCTTTGTCGG,0,4927708
ygfS_ygfT_predicted,0.25,3,3,CGATACGAAACTACAGGACG,0,4912996
ygfS_ygfT_predicted,0.25,3,3,CGAGGTTCAGGAATCAGGAA,0,4908341
ygfS_ygfT_predicted,0.25,3,3,CGACGTGTTGCGAGGTCGCA,0,4918550
ygfS_ygfT_predicted,0.25,3,3,CGACACGGCATTGATCTTAA,0,4925469
ygfS_ygfT_predicted,0.25,3,3,CGAAGAAGCTGGTTTGGGGG,0,4905672
ygfS_ygfT_predicted,0.25,3,3,CGAACTAAGATTAAATCCTA,0,4929403
ygfS_ygfT_predicted,0.25,3,3,CGAAAGTACGCCATAGGGTC,0,4912381
ygfS_ygfT_predicted,0.25,3,3,CCTTTGATAACTTCGTCCAT,0,4928221
ygfS_ygfT_predicted,0.25,3,3,CCTTTCCAGTAGTTTTCCGT,0,4906251
ygfS_ygfT_predicted,0.25,3,3,CCTTGGGCTTTGTGTTCAAG,0,4919013
ygfS_ygfT_predicted,0.25,3,3,CCTTCTGGCTATAGTATTTA,0,4907975
ygfS_ygfT_predicted,0.25,3,3,CCTTCTATTCCTCGCGAACT,0,4930591
ygfS_ygfT_predicted,0.25,3,3,CCTTCCAGGCGCAAGGTACA,0,4915307
ygfS_ygfT_predicted,0.25,3,3,CCTGTTGCGGGGCTTCACCA,0,4905674
ygfS_ygfT_predicted,0.25,3,3,CCTGGGCTCACCCATGGGGT,0,4905207
ygfS_ygfT_predicted,0.25,3,3,CCTCTCTAAGTTTTGAAACT,0,4913828
ygfS_ygfT_predicted,0.25,3,3,CCTCGTGCAGTGGTAGTGAC,0,4902504
ygfS_ygfT_predicted,0.25,3,3,CCTCGAGGACGCGGCCTACT,0,4926914
ygfS_ygfT_predicted,0.25,3,3,CCTAGCTCCAACACGGCCGG,0,4927869
ygfS_ygfT_predicted,0.25,3,3,CCTACTTTTGGATGCTATGT,0,4925132
ygfS_ygfT_predicted,0.25,3,3,CCGTTTGTAACCACGGCAAT,0,4915779
ygfS_ygfT_predicted,0.25,3,3,CCGTCACCATCGGATTTCAC,0,4908579
ygfS_ygfT_predicted,0.25,3,3,CCGGTTTGCGGGCACGCCGA,0,4901949
ygfS_ygfT_predicted,0.25,3,3,CCGGGCGTCCTTCAACTCTC,0,4900282
ygfS_ygfT_predicted,0.25,3,3,CCGGGCGATTTGCTGGGGTA,0,4908743
ygfS_ygfT_predicted,0.25,3,3,CCGCTGCCCACCGGAACTGG,0,4903009
ygfS_ygfT_predicted,0.25,3,3,CCGCAAAGTAGGTCGTGATG,0,4904077
ygfS_ygfT_predicted,0.25,3,3,CCGATCAGCGATATGTGCTC,0,4922794
ygfS_ygfT_predicted,0.25,3,3,CCGAGTTAGCTCAATTAAGT,0,4901629
ygfS_ygfT_predicted,0.25,3,3,CCGACATAACTCTGTGTTGC,0,4904863
ygfS_ygfT_predicted,0.25,3,3,CCCTTCGAAATCGGGGTCTA,0,4912994
ygfS_ygfT_predicted,0.25,3,3,CCCTTATCCAGCCCATGGAG,0,4902567
ygfS_ygfT_predicted,0.25,3,3,CCCTAGGTGTTTGCAAACAT,0,4910219
ygfS_ygfT_predicted,0.25,3,3,CCCGTTAGGCAGGTGCACGG,0,4924105
ygfS_ygfT_predicted,0.25,3,3,CCCGCCCTCACGCGCTTCTA,0,4926468
ygfS_ygfT_predicted,0.25,3,3,CCCCGTAGAAAGATTGAAGA,0,4913238
ygfS_ygfT_predicted,0.25,3,3,CCCATTAAAGGGGTGCACTC,0,4908264
ygfS_ygfT_predicted,0.25,3,3,CCCAGATGGGGTTCTTGGCA,0,4912671
ygfS_ygfT_predicted,0.25,3,3,CCCAGAGTTGCTTAGACGGG,0,4912696
ygfS_ygfT_predicted,0.25,3,3,CCCAACCGTCGGGAATGTGT,0,4906596
ygfS_ygfT_predicted,0.25,3,3,CCATCCCCGTGCCGGTGCCT,0,4905696
ygfS_ygfT_predicted,0.25,3,3,CCATCAACTAAGAATCGATG,0,4920434
ygfS_ygfT_predicted,0.25,3,3,CCAGGGACTTTATTCGTTCT,0,4923069
ygfS_ygfT_predicted,0.25,3,3,CCAGATTCGGTTTCGTTATT,0,4921086
ygfS_ygfT_predicted,0.25,3,3,CCACTTGCCTCAGAAGTCGT,0,4926634
ygfS_ygfT_predicted,0.25,3,3,CCACCGGCCCAACCTGTCCG,0,4900059
ygfS_ygfT_predicted,0.25,3,3,CCACATGCCTGGCTGCCTCA,0,4908324
ygfS_ygfT_predicted,0.25,3,3,CCAATCTCTTGCTTCGCACC,0,4903740
ygfS_ygfT_predicted,0.25,3,3,CCAAACGTCGGCACTCGGAC,0,4909789
ygfS_ygfT_predicted,0.25,3,3,CATTTGGGCTACAATGTGCT,0,4921838
ygfS_ygfT_predicted,0.25,3,3,CATTTAATGAGAGCGTTAGC,0,4913684
ygfS_ygfT_predicted,0.25,3,3,CATTCCTTTGGTTCAACATT,0,4929913
ygfS_ygfT_predicted,0.25,3,3,CATTCCGGCAGGAGACAATG,0,4926731
ygfS_ygfT_predicted,0.25,3,3,CATGGTACAGTCACTCCTAA,0,4918602
ygfS_ygfT_predicted,0.25,3,3,CATGGGTGAACTCGAAAGTT,0,4921926
ygfS_ygfT_predicted,0.25,3,3,CATGGCAGTATCTCAATGTT,0,4900723
ygfS_ygfT_predicted,0.25,3,3,CATGGCAGGTGGCTATGGAA,0,4926722
ygfS_ygfT_predicted,0.25,3,3,CATGAGCTTTCATGGTTAAT,0,4912741
ygfS_ygfT_predicted,0.25,3,3,CATGACGGTCTCGATTGGAG,0,4930154
ygfS_ygfT_predicted,0.25,3,3,CATCGGCATCCTGCGACGGG,0,4930620
ygfS_ygfT_predicted,0.25,3,3,CATATTTGGGTTGGAGTCGG,0,4914215
ygfS_ygfT_predicted,0.25,3,3,CATAGCGGTTATTCGCCGAA,0,4930191
ygfS_ygfT_predicted,0.25,3,3,CATAGCGAGTCGCTGAATTA,0,4911823
ygfS_ygfT_predicted,0.25,3,3,CATAACGGTAACCTAGCGTT,0,4903314
ygfS_ygfT_predicted,0.25,3,3,CAGTCCAGATTCTATTGAAA,0,4906677
ygfS_ygfT_predicted,0.25,3,3,CAGGTAGGGCTAAATTTCCG,0,4921129
ygfS_ygfT_predicted,0.25,3,3,CAGGGGGTACTGTGGTTTAA,0,4910037
ygfS_ygfT_predicted,0.25,3,3,CAGGCCACGCGATTGTCGTC,0,4903052
ygfS_ygfT_predicted,0.25,3,3,CAGCTGTGCGCGAGAGATTT,0,4909076
ygfS_ygfT_predicted,0.25,3,3,CAGCTGACCCGGAACACGAC,0,4900186
ygfS_ygfT_predicted,0.25,3,3,CAGCCTCAAGCTATTTACAT,0,4928944
ygfS_ygfT_predicted,0.25,3,3,CAGCAGTAGTAAAGTCGGTG,0,4918542
ygfS_ygfT_predicted,0.25,3,3,CAGAGGCTTAACACACTTAG,0,4927281
ygfS_ygfT_predicted,0.25,3,3,CAGAGACATACCGGAAGGAG,0,4927692
ygfS_ygfT_predicted,0.25,3,3,CAGAAGCTTCCATTAAACAA,0,4919969
ygfS_ygfT_predicted,0.25,3,3,CAGAAGAGAGTCTTAAAAGA,0,4930772
ygfS_ygfT_predicted,0.25,3,3,CACTGTGGCAAAGAACTAAC,0,4917570
ygfS_ygfT_predicted,0.25,3,3,CACTCCGCCGGGGAAAATGG,0,4922416
ygfS_ygfT_predicted,0.25,3,3,CACTCCAACACTACGCGGCC,0,4910201
ygfS_ygfT_predicted,0.25,3,3,CACTATTCACGAGTCTAATA,0,4909140
ygfS_ygfT_predicted,0.25,3,3,CACTAACAGTTGTAGTTTAG,0,4906203
ygfS_ygfT_predicted,0.25,3,3,CACGGTAAATTGCCAGACCC,0,4910466
ygfS_ygfT_predicted,0.25,3,3,CACGCCAATTGGGTTGCCCC,0,4914037
ygfS_ygfT_predicted,0.25,3,3,CACCAATTCAAAGCAAAAAC,0,4927048
ygfS_ygfT_predicted,0.25,3,3,CAATGGTCAAGCCCGGGGGA,0,4914488
ygfS_ygfT_predicted,0.25,3,3,CAATCCGGAATGTTGCGTGT,0,4927785
ygfS_ygfT_predicted,0.25,3,3,CAAGTGTTTTTCAGAAAACG,0,4910510
ygfS_ygfT_predicted,0.25,3,3,CAAGTCTATCTCCAGCCATC,0,4916404
ygfS_ygfT_predicted,0.25,3,3,CAAGTATATCCCGCCCCAGA,0,4919250
ygfS_ygfT_predicted,0.25,3,3,CAAGACGCAATCAATGCTCG,0,4928629
ygfS_ygfT_predicted,0.25,3,3,CAACTGAACCGCACTTCAGC,0,4925138
ygfS_ygfT_predicted,0.25,3,3,CAACGGTCTGACCGGGCAAT,0,4928556
ygfS_ygfT_predicted,0.25,3,3,CAACGAGGGGAGGACCTGAT,0,4905815
ygfS_ygfT_predicted,0.25,3,3,CAACAGTTGCCCGAACCTCA,0,4925535
ygfS_ygfT_predicted,0.25,3,3,CAAACCCTATTGGGTGTATC,0,4905532
ygfS_ygfT_predicted,0.25,3,3,CAAACACGTCCCTGCCGTAA,0,4919742
ygfS_ygfT_predicted,0.25,3,3,CAAAAAATTGCTTCGTCTGC,0,4922957
ygfS_ygfT_predicted,0.25,3,3,ATTTGTGTGGGGGGAGCAAT,0,4921109
ygfS_ygfT_predicted,0.25,3,3,ATTTGATAGGACCTATGTTC,0,4915601
ygfS_ygfT_predicted,0.25,3,3,ATTTCGTTTTGTACCTGGGG,0,4920073
ygfS_ygfT_predicted,0.25,3,3,ATTTAGTGCGGCACTCCCGA,0,4923765
ygfS_ygfT_predicted,0.25,3,3,ATTGTTTCGTAGAGAATCCA,0,4909359
ygfS_ygfT_predicted,0.25,3,3,ATTGTTAAGAACTGCCACGA,0,4917523
ygfS_ygfT_predicted,0.25,3,3,ATTGGGGTCAATTACCATCT,0,4915235
ygfS_ygfT_predicted,0.25,3,3,ATTGGCAGCTTTTCAGGAAG,0,4901805
ygfS_ygfT_predicted,0.25,3,3,ATTGGACGTGGACCGAATTC,0,4921816
ygfS_ygfT_predicted,0.25,3,3,ATTACTGTTGCCCCTCGGGA,0,4900816
ygfS_ygfT_predicted,0.25,3,3,ATTACGCTGCGGTTTTTAGA,0,4900705
ygfS_ygfT_predicted,0.25,3,3,ATGTGCTCTTTAACCGCACT,0,4906578
ygfS_ygfT_predicted,0.25,3,3,ATGGCGCACCTCTCAGCGAA,0,4908231
ygfS_ygfT_predicted,0.25,3,3,ATGCTGTGAAGTGTGAAGTT,0,4907368
ygfS_ygfT_predicted,0.25,3,3,ATGCGGCAAGTATTCCCACG,0,4909871
ygfS_ygfT_predicted,0.25,3,3,ATGATGTGTCACTGATTGGA,0,4926632
ygfS_ygfT_predicted,0.25,3,3,ATCTCCAGCGCCAGTACCAT,0,4918465
ygfS_ygfT_predicted,0.25,3,3,ATCTACGGCCCGCGTCCTGC,0,4918793
ygfS_ygfT_predicted,0.25,3,3,ATCGGTAGTTCATTGTCCAG,0,4909304
ygfS_ygfT_predicted,0.25,3,3,ATCGCTGTGGGTCGATAACC,0,4928916
ygfS_ygfT_predicted,0.25,3,3,ATCGCTGCTTCGTTCGTGCT,0,4909481
ygfS_ygfT_predicted,0.25,3,3,ATCGCGCACGACGGTCAGAT,0,4930508
ygfS_ygfT_predicted,0.25,3,3,ATCCTTACCGGATCAATACC,0,4908823
ygfS_ygfT_predicted,0.25,3,3,ATCCGGTTCCGCGAACACAC,0,4924957
ygfS_ygfT_predicted,0.25,3,3,ATCCGCGACTGCAGACCTAA,0,4905171
ygfS_ygfT_predicted,0.25,3,3,ATCCAGACTCTCCATGGGTT,0,4923248
ygfS_ygfT_predicted,0.25,3,3,ATATGTAAAGTTCATAGAGC,0,4899854
ygfS_ygfT_predicted,0.25,3,3,ATATGCACCTCTCCCTCGAA,0,4928858
ygfS_ygfT_predicted,0.25,3,3,ATATCGGAAAAGGAATAAGA,0,4926891
ygfS_ygfT_predicted,0.25,3,3,ATAGGATAGACTGTTGGACG,0,4910539
ygfS_ygfT_predicted,0.25,3,3,ATAGAAACGTTTTTCCTGGT,0,4905273
ygfS_ygfT_predicted,0.25,3,3,ATAAGGTATGCGGGTCGCGT,0,4922772
ygfS_ygfT_predicted,0.25,3,3,ATAACGCCAGATGGTACGGG,0,4903806
ygfS_ygfT_predicted,0.25,3,3,ATAACATCTAGACCCAGCGG,0,4915485
ygfS_ygfT_predicted,0.25,3,3,ATAAATGTTGAATGTCAGTC,0,4929793
ygfS_ygfT_predicted,0.25,3,3,ATAAATCGGATGTTAAGCGG,0,4913332
ygfS_ygfT_predicted,0.25,3,3,AGTTGTCAACAAGGTGGTTG,0,4916846
ygfS_ygfT_predicted,0.25,3,3,AGTTCCACCCTCTGCCGGCG,0,4918823
ygfS_ygfT_predicted,0.25,3,3,AGTTCCAACGGAGCGGTATA,0,4928141
ygfS_ygfT_predicted,0.25,3,3,AGTGTGTTATGCTGGGGACT,0,4900939
ygfS_ygfT_predicted,0.25,3,3,AGTGGCCCCGAGTGTGGCCT,0,4921243
ygfS_ygfT_predicted,0.25,3,3,AGTGGCCCCCAAAAAATGGC,0,4929858
ygfS_ygfT_predicted,0.25,3,3,AGTGCCGCTGACTGCAGCAT,0,4917607
ygfS_ygfT_predicted,0.25,3,3,AGTCCATTTCCTATGATGAT,0,4907948
ygfS_ygfT_predicted,0.25,3,3,AGTACAGTACGAACACGCAT,0,4927401
ygfS_ygfT_predicted,0.25,3,3,AGGTTGCGCCGCATATCGGA,0,4929197
ygfS_ygfT_predicted,0.25,3,3,AGGTTGCCCAGTTATGATGC,0,4913009
ygfS_ygfT_predicted,0.25,3,3,AGGTTCGCTCCCGTTTAGTA,0,4906027
ygfS_ygfT_predicted,0.25,3,3,AGGTTATGCGGAGCTTGTTC,0,4924667
ygfS_ygfT_predicted,0.25,3,3,AGGTGTGCCCGTCTAGTGTT,0,4927032
ygfS_ygfT_predicted,0.25,3,3,AGGTACCCCTGGTGGCTGTG,0,4923985
ygfS_ygfT_predicted,0.25,3,3,AGGGTAGACCTAGATAGGGC,0,4901244
ygfS_ygfT_predicted,0.25,3,3,AGGGCTTTCTCAAGTGGCGA,0,4921249
ygfS_ygfT_predicted,0.25,3,3,AGGGCATTCTGGCAGAATAT,0,4902686
ygfS_ygfT_predicted,0.25,3,3,AGGGCACGCCACCCGACGGG,0,4905600
ygfS_ygfT_predicted,0.25,3,3,AGGGAGTTTCTTAGAATATC,0,4927095
ygfS_ygfT_predicted,0.25,3,3,AGGCTGGTCCTTAATTAGTC,0,4914998
ygfS_ygfT_predicted,0.25,3,3,AGGCCGGTGTCCTTCCTCGT,0,4923792
ygfS_ygfT_predicted,0.25,3,3,AGGCCGGAGTGCGTTGGACG,0,4919793
ygfS_ygfT_predicted,0.25,3,3,AGGCACGACTAAAGAGGGGG,0,4912328
ygfS_ygfT_predicted,0.25,3,3,AGGAGTTATAGACTCACCCC,0,4904119
ygfS_ygfT_predicted,0.25,3,3,AGGAGAAGAAGCCCTGGATT,0,4928119
ygfS_ygfT_predicted,0.25,3,3,AGGACGTGACGTAAGCACAC,0,4927462
ygfS_ygfT_predicted,0.25,3,3,AGCGTGGGGACAGCACTCGT,0,4915993
ygfS_ygfT_predicted,0.25,3,3,AGCCTCTACGGGAAGCACCT,0,4927024
ygfS_ygfT_predicted,0.25,3,3,AGCCCCGCCCACTTGGTGTG,0,4916694
ygfS_ygfT_predicted,0.25,3,3,AGCCATGATAACGTGTTTTT,0,4916695
ygfS_ygfT_predicted,0.25,3,3,AGCATGCAGCAATGCGGGCT,0,4917022
ygfS_ygfT_predicted,0.25,3,3,AGCAAGTTGAGTCTTGACGT,0,4928378
ygfS_ygfT_predicted,0.25,3,3,AGCAAAACAGGCTATATAGA,0,4922662
ygfS_ygfT_predicted,0.25,3,3,AGAGGTATATCGAATCGCAT,0,4909929
ygfS_ygfT_predicted,0.25,3,3,AGAGGACACTGAAGAACAGC,0,4910674
ygfS_ygfT_predicted,0.25,3,3,AGAGCGCAATCGTGCATCTA,0,4927359
ygfS_ygfT_predicted,0.25,3,3,AGAGAGATAGCTCCCCCCAC,0,4910069
ygfS_ygfT_predicted,0.25,3,3,ACTTTTCCCTTTCAGCAACG,0,4907302
ygfS_ygfT_predicted,0.25,3,3,ACTTTGATGTCAGGCGTCTC,0,4914945
ygfS_ygfT_predicted,0.25,3,3,ACTTTACGGAGGGGGCAAGT,0,4911314
ygfS_ygfT_predicted,0.25,3,3,ACTGTTTGTCAGTTTGTCAG,0,4930883
ygfS_ygfT_predicted,0.25,3,3,ACTGCAGGACCTTAGACGAG,0,4914974
ygfS_ygfT_predicted,0.25,3,3,ACTCGTCTGGCCCATTGCTC,0,4904267
ygfS_ygfT_predicted,0.25,3,3,ACTATGCCCATGATCACCGG,0,4899744
ygfS_ygfT_predicted,0.25,3,3,ACTATCATCTCCGAAAGCAG,0,4923391
ygfS_ygfT_predicted,0.25,3,3,ACTAGCCCATGCATATGTCT,0,4912923
ygfS_ygfT_predicted,0.25,3,3,ACGTGCAGTTGATTACTGCT,0,4918704
ygfS_ygfT_predicted,0.25,3,3,ACGTAGTCAAACTAGAAGCC,0,4930509
ygfS_ygfT_predicted,0.25,3,3,ACGGTGAGGTCGTCGCGTTT,0,4910319
ygfS_ygfT_predicted,0.25,3,3,ACGGCGATCCGATGTAGATT,0,4901918
ygfS_ygfT_predicted,0.25,3,3,ACGGCCCATCTGGACGGCGA,0,4925167
ygfS_ygfT_predicted,0.25,3,3,ACGGACCCTTATACACGCAA,0,4901715
ygfS_ygfT_predicted,0.25,3,3,ACGCTCGATATCAGCAACTG,0,4925580
ygfS_ygfT_predicted,0.25,3,3,ACGCGAATGCTGTATGACCT,0,4922045
ygfS_ygfT_predicted,0.25,3,3,ACGCCAACGTAGGGAGGTTT,0,4919381
ygfS_ygfT_predicted,0.25,3,3,ACGCACGTCAGGAGCGCGGA,0,4906657
ygfS_ygfT_predicted,0.25,3,3,ACGATAGAAGGGATCTTTCA,0,4926230
ygfS_ygfT_predicted,0.25,3,3,ACGACCGTGAGTGGCGCCCC,0,4900285
ygfS_ygfT_predicted,0.25,3,3,ACGAATACTCTCAGATTACT,0,4925663
ygfS_ygfT_predicted,0.25,3,3,ACGAAGTGTAGGGTGAATTG,0,4906709
ygfS_ygfT_predicted,0.25,3,3,ACCTGACGAAGCGCGGCGGA,0,4901457
ygfS_ygfT_predicted,0.25,3,3,ACCTCACGAGGCACGTGAGA,0,4910160
ygfS_ygfT_predicted,0.25,3,3,ACCTATGGGTCGGTAACGTC,0,4927033
ygfS_ygfT_predicted,0.25,3,3,ACCTAGAATCTACGGGCGGC,0,4917238
ygfS_ygfT_predicted,0.25,3,3,ACCGTCAGGCGGCAAATTGC,0,4900736
ygfS_ygfT_predicted,0.25,3,3,ACCGCGTTCAGGGTGTTGGT,0,4910704
ygfS_ygfT_predicted,0.25,3,3,ACCGCGGGTACGGGGTACGG,0,4914066
ygfS_ygfT_predicted,0.25,3,3,ACCGACTAACAGTCGGGGAT,0,4919365
ygfS_ygfT_predicted,0.25,3,3,ACCCCTAAAACTACAGACAG,0,4901055
ygfS_ygfT_predicted,0.25,3,3,ACCCCGGCAGTTGGCAGGCT,0,4928272
ygfS_ygfT_predicted,0.25,3,3,ACCCCCAGTCCAGCCACACG,0,4917826
ygfS_ygfT_predicted,0.25,3,3,ACCCCACCCTCGGCTAGTTC,0,4924837
ygfS_ygfT_predicted,0.25,3,3,ACCCCACAGTCGCTGCCTCA,0,4904943
ygfS_ygfT_predicted,0.25,3,3,ACCATACTCGAAGATTATAG,0,4902463
ygfS_ygfT_predicted,0.25,3,3,ACCACTTCACGCATTTAATT,0,4928257
ygfS_ygfT_predicted,0.25,3,3,ACCAACGGTTGCGTGAAATT,0,4910675
ygfS_ygfT_predicted,0.25,3,3,ACCAACCGTGTATGATATTA,0,4905591
ygfS_ygfT_predicted,0.25,3,3,ACATGGGCGACCAACTATCG,0,4912909
ygfS_ygfT_predicted,0.25,3,3,ACATGCAAACATGCAGCCCA,0,4908038
ygfS_ygfT_predicted,0.25,3,3,ACATCCTCGTTAACGTCGCA,0,4922204
ygfS_ygfT_predicted,0.25,3,3,ACATCCGACTTATAATGCCA,0,4903388
ygfS_ygfT_predicted,0.25,3,3,ACATCAGACTTGATGCCGTT,0,4916594
ygfS_ygfT_predicted,0.25,3,3,ACATCAACAATGCTGAGCCA,0,4914439
ygfS_ygfT_predicted,0.25,3,3,ACAGCTTACTAGATCACGAT,0,4929204
ygfS_ygfT_predicted,0.25,3,3,ACACTTTTTGAACCATAAAA,0,4929397
ygfS_ygfT_predicted,0.25,3,3,ACACTAACCAATTCAGTTGG,0,4917716
ygfS_ygfT_predicted,0.25,3,3,ACACGGTGGTGTTCTCTCCA,0,4915106
ygfS_ygfT_predicted,0.25,3,3,ACAATCCCAGCGTGAACCTG,0,4922767
ygfS_ygfT_predicted,0.25,3,3,ACAATCACTGAGTATGTGAT,0,4930637
ygfS_ygfT_predicted,0.25,3,3,AATTTTAGTCGATCAAATAC,0,4915257
ygfS_ygfT_predicted,0.25,3,3,AATGTCGGAGGGTCCGGGTT,0,4918262
ygfS_ygfT_predicted,0.25,3,3,AATCCTCACGCGCGGCAAAA,0,4921598
ygfS_ygfT_predicted,0.25,3,3,AATCAGGGTGGCACTTACAC,0,4911643
ygfS_ygfT_predicted,0.25,3,3,AATAGCGACACTCTACAGCA,0,4925293
ygfS_ygfT_predicted,0.25,3,3,AAGTTCTCCCGTTGACGAAT,0,4910457
ygfS_ygfT_predicted,0.25,3,3,AAGTGTTAGAGGGTTACTAT,0,4928237
ygfS_ygfT_predicted,0.25,3,3,AAGTGTGTTCGGTAAACTGT,0,4911512
ygfS_ygfT_predicted,0.25,3,3,AAGTCGCAGCGTCAGGGTTA,0,4913429
ygfS_ygfT_predicted,0.25,3,3,AAGTCCTTCCACAGAAATCG,0,4930256
ygfS_ygfT_predicted,0.25,3,3,AAGTCATCAACAACTTCCTA,0,4923903
ygfS_ygfT_predicted,0.25,3,3,AAGTAGACTTTTAATGGTAA,0,4904303
ygfS_ygfT_predicted,0.25,3,3,AAGGTAGTCACGGATCCCAA,0,4930034
ygfS_ygfT_predicted,0.25,3,3,AAGGGTTACCTAGGAGAGTC,0,4925390
ygfS_ygfT_predicted,0.25,3,3,AAGGGGTGGCCCTGATCCCT,0,4926490
ygfS_ygfT_predicted,0.25,3,3,AAGCTCCTTGGCGGGTCACG,0,4899941
ygfS_ygfT_predicted,0.25,3,3,AAGCTACAGCGTCGCAAATT,0,4904185
ygfS_ygfT_predicted,0.25,3,3,AAGCCGGATGTTGGGTGTTC,0,4927987
ygfS_ygfT_predicted,0.25,3,3,AAGCCAACTGTGATTGGTGG,0,4923001
ygfS_ygfT_predicted,0.25,3,3,AAGCACGTCCTCCTTAGAGG,0,4917016
ygfS_ygfT_predicted,0.25,3,3,AAGATTGGTGCAGGCGCAAT,0,4905636
ygfS_ygfT_predicted,0.25,3,3,AAGATTGGGTACGTTCAGCT,0,4925321
ygfS_ygfT_predicted,0.25,3,3,AAGATTGCTGTTGGACACAC,0,4908945
ygfS_ygfT_predicted,0.25,3,3,AAGAGAGAACTCGACTTTGT,0,4914264
ygfS_ygfT_predicted,0.25,3,3,AAGAGACCTCGGGATCTTTA,0,4911286
ygfS_ygfT_predicted,0.25,3,3,AAGAAGTTTCTTAGGACGGT,0,4912701
ygfS_ygfT_predicted,0.25,3,3,AACTTTCCTATACGTCTAAA,0,4924371
ygfS_ygfT_predicted,0.25,3,3,AACTTCGTTTTCTCTAAGTA,0,4920323
ygfS_ygfT_predicted,0.25,3,3,AACTTCGGGATTCAACAAGT,0,4903068
ygfS_ygfT_predicted,0.25,3,3,AACGAGGCGGTTTATTCCAT,0,4930291
ygfS_ygfT_predicted,0.25,3,3,AACCTGAACGCGTTGCCAGG,0,4920113
ygfS_ygfT_predicted,0.25,3,3,AACCTCCTTTGAAAATTCGC,0,4912098
ygfS_ygfT_predicted,0.25,3,3,AACCTCCTAAACTTCCCCTA,0,4908249
ygfS_ygfT_predicted,0.25,3,3,AACCAATAGCTGTTTTGGAC,0,4913700
ygfS_ygfT_predicted,0.25,3,3,AACATCGTCGAGGATTGCGA,0,4916767
ygfS_ygfT_predicted,0.25,3,3,AACAGGGCTCCGGAAACGTG,0,4921139
ygfS_ygfT_predicted,0.25,3,3,AACACCGAGAGAATCCTATC,0,4910237
ygfS_ygfT_predicted,0.25,3,3,AAATTCGCCAGCCTGCTAGC,0,4902110
ygfS_ygfT_predicted,0.25,3,3,AAATCGCGGTGCTCGATAGA,0,4905383
ygfS_ygfT_predicted,0.25,3,3,AAATCCGTCATCTCGTGTAG,0,4903908
ygfS_ygfT_predicted,0.25,3,3,AAATCACGGGGCTTTACTAA,0,4927234
ygfS_ygfT_predicted,0.25,3,3,AAAGGGGTACTATATGGATT,0,4901644
ygfS_ygfT_predicted,0.25,3,3,AAAGACGGGGCCACCTTTTT,0,4914770
ygfS_ygfT_predicted,0.25,3,3,AAACCTCGGACGACGCTTCG,0,4914134
ygfS_ygfT_predicted,0.25,3,3,AAACAGGGCCGGAGAGCTGT,0,4905471
ygfS_ygfT_predicted,0.25,3,3,AAACACCGGCGAGGTGTGCT,0,4927779
ygfS_ygfT_predicted,0.25,3,3,AAAAGGATCGAGTACAATAC,0,4903608
ygfS_ygfT_predicted,0.25,3,3,AAAACGCCGCACAGGAGTAA,0,4920930
ygfS_ygfT_predicted,0.25,3,3,AAAAAACCAGAGCATTTCTT,0,4927126
ygfS_ygfT_predicted,0.3333333333333333,2,2,TTTTGACAGTGGGCAGCCTT,0,4922311
ygfS_ygfT_predicted,0.3333333333333333,2,2,TTTTAGAAGCTAGTGTCGCC,0,4922192
ygfS_ygfT_predicted,0.3333333333333333,2,2,TTTGTCAAATACCGCTGTTG,0,4916696
ygfS_ygfT_predicted,0.3333333333333333,2,2,TTTGCAGGTCCGTTCAAAGC,0,4916684
ygfS_ygfT_predicted,0.3333333333333333,2,2,TTTCGTTTACAGAGGTTTAC,0,4926057
ygfS_ygfT_predicted,0.3333333333333333,2,2,TTTCGAGGAGAGCCCGCAGC,0,4912349
ygfS_ygfT_predicted,0.3333333333333333,2,2,TTTCCGAAGATTATGCACTT,0,4901280
ygfS_ygfT_predicted,0.3333333333333333,2,2,TTTCATTGGGGTCGAAGACT,0,4908334
ygfS_ygfT_predicted,0.3333333333333333,2,2,TTTATTCAAATGTTGCTACA,0,4908368
ygfS_ygfT_predicted,0.3333333333333333,2,2,TTTACTAGTCGGGATAAATC,0,4900511
ygfS_ygfT_predicted,0.3333333333333333,2,2,TTTAATTGGAGTCAGGACTA,0,4922627
ygfS_ygfT_predicted,0.3333333333333333,2,2,TTTAAAATGAATCCGCCTAC,0,4925306
ygfS_ygfT_predicted,0.3333333333333333,2,2,TTGTGCGCATCTTAGTGCAA,0,4911419
ygfS_ygfT_predicted,0.3333333333333333,2,2,TTGGTGTTTTCTCGAGTTAC,0,4912309
ygfS_ygfT_predicted,0.3333333333333333,2,2,TTGGTCAATTCAGATGGGTT,0,4904453
ygfS_ygfT_predicted,0.3333333333333333,2,2,TTGGGTATCTTCTGAATGAT,0,4918610
ygfS_ygfT_predicted,0.3333333333333333,2,2,TTGGCTGTCGCGTGGTTTGA,0,4917847
ygfS_ygfT_predicted,0.3333333333333333,2,2,TTGCGGCCAAACATAATCAC,0,4922597
ygfS_ygfT_predicted,0.3333333333333333,2,2,TTGCATAAGAACCATTCTAC,0,4903902
ygfS_ygfT_predicted,0.3333333333333333,2,2,TTGAGGCACAGGCACAGCTA,0,4906145
ygfS_ygfT_predicted,0.3333333333333333,2,2,TTGAGCGTGGAGGGATTGGG,0,4902757
ygfS_ygfT_predicted,0.3333333333333333,2,2,TTGACCAAGCCATTGGGTGG,0,4918247
ygfS_ygfT_predicted,0.3333333333333333,2,2,TTGAAAACGACTGAACGTCG,0,4910432
ygfS_ygfT_predicted,0.3333333333333333,2,2,TTCTTTTTGGATAACTCAGG,0,4927994
ygfS_ygfT_predicted,0.3333333333333333,2,2,TTCTTTTCAGAACCCTCTGA,0,4906587
ygfS_ygfT_predicted,0.3333333333333333,2,2,TTCTCGGGCACAGTTAAATG,0,4927912
ygfS_ygfT_predicted,0.3333333333333333,2,2,TTCTATAGACCAGTAACAAT,0,4911394
ygfS_ygfT_predicted,0.3333333333333333,2,2,TTCTAGTGTTTGCTAAGGCT,0,4907478
ygfS_ygfT_predicted,0.3333333333333333,2,2,TTCGGGAATGTCCGTTCGTT,0,4902758
ygfS_ygfT_predicted,0.3333333333333333,2,2,TTCGACAATTATCTATGCGA,0,4918447
ygfS_ygfT_predicted,0.3333333333333333,2,2,TTCGAACTCTAGAAGCAGGT,0,4917892
ygfS_ygfT_predicted,0.3333333333333333,2,2,TTCCTTCGGGCTTGGAGCGT,0,4901368
ygfS_ygfT_predicted,0.3333333333333333,2,2,TTCCGCTATACAAAGTGTTT,0,4931306
ygfS_ygfT_predicted,0.3333333333333333,2,2,TTCCCGCCTGTGCTTTCCGC,0,4912793
ygfS_ygfT_predicted,0.3333333333333333,2,2,TTCCCGACATAAGGCTAGGA,0,4930060
ygfS_ygfT_predicted,0.3333333333333333,2,2,TTCAGCACCACCACAGATTG,0,4910590
ygfS_ygfT_predicted,0.3333333333333333,2,2,TTCAGAGTATCTCCGGGACT,0,4922921
ygfS_ygfT_predicted,0.3333333333333333,2,2,TTCACGGATTATTGTTGACA,0,4919560
ygfS_ygfT_predicted,0.3333333333333333,2,2,TTCAATCCCTGGGCCATCTA,0,4906718
ygfS_ygfT_predicted,0.3333333333333333,2,2,TTCAACTTCCCAGACCTCAC,0,4908859
ygfS_ygfT_predicted,0.3333333333333333,2,2,TTATTCTAATCGGTACTGAC,0,4920971
ygfS_ygfT_predicted,0.3333333333333333,2,2,TTATCCCACTTTGGCCTAGA,0,4905088
ygfS_ygfT_predicted,0.3333333333333333,2,2,TTACTCCGTGTAGGAGTCGG,0,4927820
ygfS_ygfT_predicted,0.3333333333333333,2,2,TTACAATGGCGAATTCGGCA,0,4911455
ygfS_ygfT_predicted,0.3333333333333333,2,2,TTAATTAGACTTGGCAGAAA,0,4926801
ygfS_ygfT_predicted,0.3333333333333333,2,2,TTAATCTCGGAGGAATTCTC,0,4909448
ygfS_ygfT_predicted,0.3333333333333333,2,2,TTAATCAGTGTAGGTATCAA,0,4928553
ygfS_ygfT_predicted,0.3333333333333333,2,2,TTAATATCACATGGATCCCG,0,4924166
ygfS_ygfT_predicted,0.3333333333333333,2,2,TTAACAGGCACCCTGACGGT,0,4912521
ygfS_ygfT_predicted,0.3333333333333333,2,2,TTAACAAGCTGGGCTAATTA,0,4918064
ygfS_ygfT_predicted,0.3333333333333333,2,2,TGTTCTAGTACTCATCCGGG,0,4917295
ygfS_ygfT_predicted,0.3333333333333333,2,2,TGTTAAGCGGCGTCCGAACC,0,4913910
ygfS_ygfT_predicted,0.3333333333333333,2,2,TGTGTCGATCTATTCATCAC,0,4929815
ygfS_ygfT_predicted,0.3333333333333333,2,2,TGTGTAGAATAGTGCCCCCG,0,4901450
ygfS_ygfT_predicted,0.3333333333333333,2,2,TGTGACAAAGAAACGATACG,0,4902960
ygfS_ygfT_predicted,0.3333333333333333,2,2,TGTAAGGTCTTACTACGTGT,0,4913201
ygfS_ygfT_predicted,0.3333333333333333,2,2,TGTAACGGCCGGTGTAAGCC,0,4929560
ygfS_ygfT_predicted,0.3333333333333333,2,2,TGGTGATGTCATTAATAGCA,0,4920304
ygfS_ygfT_predicted,0.3333333333333333,2,2,TGGTCTGGGAGTGTTTCCGT,0,4908390
ygfS_ygfT_predicted,0.3333333333333333,2,2,TGGTCCGTCGCTGCCCCGAC,0,4921891
ygfS_ygfT_predicted,0.3333333333333333,2,2,TGGGAAAGAGTTCCACTTGG,0,4906030
ygfS_ygfT_predicted,0.3333333333333333,2,2,TGGCTTCTCCTACATTATCA,0,4916928
ygfS_ygfT_predicted,0.3333333333333333,2,2,TGGCGACCGTGCACTGCGCT,0,4914856
ygfS_ygfT_predicted,0.3333333333333333,2,2,TGGCAGTGTGCTGCAAGGGG,0,4914905
ygfS_ygfT_predicted,0.3333333333333333,2,2,TGGAGTCTCGCATCTTCCGT,0,4919201
ygfS_ygfT_predicted,0.3333333333333333,2,2,TGGAGGCCGAGTCTCATGAT,0,4913083
ygfS_ygfT_predicted,0.3333333333333333,2,2,TGGAATCCAGAGCGGCGAGT,0,4928933
ygfS_ygfT_predicted,0.3333333333333333,2,2,TGCTGGTGACTAGGTGGTAC,0,4917271
ygfS_ygfT_predicted,0.3333333333333333,2,2,TGCGTCAATGTGGCAGACAT,0,4918216
ygfS_ygfT_predicted,0.3333333333333333,2,2,TGCGCTTTACTACGTGATAA,0,4907500
ygfS_ygfT_predicted,0.3333333333333333,2,2,TGCGAGACATAGGTTAAAGT,0,4914480
ygfS_ygfT_predicted,0.3333333333333333,2,2,TGCCTCAGACCAATGGTCTT,0,4914235
ygfS_ygfT_predicted,0.3333333333333333,2,2,TGCCTATACACCAGGCATTG,0,4929993
ygfS_ygfT_predicted,0.3333333333333333,2,2,TGCCACCGCCCGTGTCGCTG,0,4921700
ygfS_ygfT_predicted,0.3333333333333333,2,2,TGCATTATTGATCGATGGAA,0,4910275
ygfS_ygfT_predicted,0.3333333333333333,2,2,TGCAGGCTCAGCGTACCTAA,0,4920002
ygfS_ygfT_predicted,0.3333333333333333,2,2,TGCACTTGCGTTAAAACGCT,0,4908204
ygfS_ygfT_predicted,0.3333333333333333,2,2,TGCACCTCCGCACTTCATGG,0,4928286
ygfS_ygfT_predicted,0.3333333333333333,2,2,TGATGAGCCCGTACGTTTAA,0,4927207
ygfS_ygfT_predicted,0.3333333333333333,2,2,TGATAGTCGTGCCGACAACG,0,4921195
ygfS_ygfT_predicted,0.3333333333333333,2,2,TGAGTGTGGAAAATCTCGTG,0,4915231
ygfS_ygfT_predicted,0.3333333333333333,2,2,TGAGGTTATATCAGGCTTCA,0,4899928
ygfS_ygfT_predicted,0.3333333333333333,2,2,TGAGCCGTCGCATAGGCCCT,0,4931118
ygfS_ygfT_predicted,0.3333333333333333,2,2,TGAGATCGGGTAAACTCTTA,0,4925954
ygfS_ygfT_predicted,0.3333333333333333,2,2,TGAGAGACCGTGACGCACGT,0,4926083
ygfS_ygfT_predicted,0.3333333333333333,2,2,TGACCGAGAGTGTGAAACAT,0,4930066
ygfS_ygfT_predicted,0.3333333333333333,2,2,TGACAGGCTTATTGGTTAGT,0,4922232
ygfS_ygfT_predicted,0.3333333333333333,2,2,TGAATGAATAATGTCAGCAA,0,4917269
ygfS_ygfT_predicted,0.3333333333333333,2,2,TGAAGCCGTAGTCTGACCAC,0,4914012
ygfS_ygfT_predicted,0.3333333333333333,2,2,TGAAAGAGGTCCTCAAAATC,0,4911990
ygfS_ygfT_predicted,0.3333333333333333,2,2,TCTTTTGAGTCCGGAGCTAC,0,4929478
ygfS_ygfT_predicted,0.3333333333333333,2,2,TCTTTTAAAATGTCTAGGTG,0,4925452
ygfS_ygfT_predicted,0.3333333333333333,2,2,TCTTGTGGCCTTTTGCAATA,0,4929170
ygfS_ygfT_predicted,0.3333333333333333,2,2,TCTTGCTCCTACTATGGTCT,0,4917345
ygfS_ygfT_predicted,0.3333333333333333,2,2,TCTTCCCGTGCCTACTCGTT,0,4910603
ygfS_ygfT_predicted,0.3333333333333333,2,2,TCTTACTTATATCATGACAG,0,4910075
ygfS_ygfT_predicted,0.3333333333333333,2,2,TCTGGTTTACAATAGGTCAG,0,4926028
ygfS_ygfT_predicted,0.3333333333333333,2,2,TCTGAAAACGGAATGTACCC,0,4920722
ygfS_ygfT_predicted,0.3333333333333333,2,2,TCTCGCGAAGCAACAATTGT,0,4909690
ygfS_ygfT_predicted,0.3333333333333333,2,2,TCTCCATGTCCTACGAGTTT,0,4922284
ygfS_ygfT_predicted,0.3333333333333333,2,2,TCTAGTTAGAGAAGACTTAA,0,4925354
ygfS_ygfT_predicted,0.3333333333333333,2,2,TCTAGCGCATTAAAGCTGGA,0,4900153
ygfS_ygfT_predicted,0.3333333333333333,2,2,TCGTTTTCATTGTTGGGACA,0,4909981
ygfS_ygfT_predicted,0.3333333333333333,2,2,TCGTCGGGTGGTGCTAAGGG,0,4911863
ygfS_ygfT_predicted,0.3333333333333333,2,2,TCGTAGCCTATATGTAATGT,0,4911410
ygfS_ygfT_predicted,0.3333333333333333,2,2,TCGGGGACGCTAGTGAGAAC,0,4907967
ygfS_ygfT_predicted,0.3333333333333333,2,2,TCGGCGCGTGTGAAACCAGA,0,4904850
ygfS_ygfT_predicted,0.3333333333333333,2,2,TCGGACGGGCGGGGTAGAAA,0,4925456
ygfS_ygfT_predicted,0.3333333333333333,2,2,TCGCCTCATGAGCGCCCGTA,0,4930725
ygfS_ygfT_predicted,0.3333333333333333,2,2,TCGAGCATCTGAACGTTAAG,0,4923466
ygfS_ygfT_predicted,0.3333333333333333,2,2,TCGAACGTAGTCGAACATAA,0,4912060
ygfS_ygfT_predicted,0.3333333333333333,2,2,TCCTCAGGGATCTTCTGCCG,0,4915471
ygfS_ygfT_predicted,0.3333333333333333,2,2,TCCTATGGAACGAAGATCGC,0,4901654
ygfS_ygfT_predicted,0.3333333333333333,2,2,TCCGGGTTTTGCATGAGACC,0,4913309
ygfS_ygfT_predicted,0.3333333333333333,2,2,TCCGCCCCGCAAACCAAAAC,0,4901305
ygfS_ygfT_predicted,0.3333333333333333,2,2,TCCCGAGCTAACCCCTCACA,0,4917636
ygfS_ygfT_predicted,0.3333333333333333,2,2,TCCCCTTTAGTGCGTCTCGT,0,4920832
ygfS_ygfT_predicted,0.3333333333333333,2,2,TCCCCCGCCGTAATATTATC,0,4929352
ygfS_ygfT_predicted,0.3333333333333333,2,2,TCCATGCCGATCGGCAAACC,0,4914738
ygfS_ygfT_predicted,0.3333333333333333,2,2,TCCAGTGCAGTACAAACGCG,0,4915905
ygfS_ygfT_predicted,0.3333333333333333,2,2,TCCAGGGGGGCCATGGTTTC,0,4927306
ygfS_ygfT_predicted,0.3333333333333333,2,2,TCCAGCGGGTCCCCGCGGGA,0,4924857
ygfS_ygfT_predicted,0.3333333333333333,2,2,TCATTTTATGCTTGTTGCCC,0,4926917
ygfS_ygfT_predicted,0.3333333333333333,2,2,TCATGTGCTGACCTATCTTT,0,4903742
ygfS_ygfT_predicted,0.3333333333333333,2,2,TCATCCTGTTCAATGTGGAC,0,4914169
ygfS_ygfT_predicted,0.3333333333333333,2,2,TCATCACGTTAAGATCTAAC,0,4926852
ygfS_ygfT_predicted,0.3333333333333333,2,2,TCAGCATAGAAGGACCAAAA,0,4929782
ygfS_ygfT_predicted,0.3333333333333333,2,2,TCAGCACGCGCTACCAGTTA,0,4908212
ygfS_ygfT_predicted,0.3333333333333333,2,2,TCAGATCCTTCGGGGAATCC,0,4926155
ygfS_ygfT_predicted,0.3333333333333333,2,2,TCACTGTTTTTTCTTAATCG,0,4901272
ygfS_ygfT_predicted,0.3333333333333333,2,2,TCAAGGGTCCTGCTTGCAAT,0,4902320
ygfS_ygfT_predicted,0.3333333333333333,2,2,TCAAGCGGAGTGCTTATGCT,0,4910719
ygfS_ygfT_predicted,0.3333333333333333,2,2,TCAAGAAGTTACCAATGGTA,0,4916880
ygfS_ygfT_predicted,0.3333333333333333,2,2,TATTTCTCCACGCGTTGCTC,0,4929905
ygfS_ygfT_predicted,0.3333333333333333,2,2,TATTCTATGGTCTCTCTAGG,0,4930230
ygfS_ygfT_predicted,0.3333333333333333,2,2,TATGTGCTTGATCGCAGTTG,0,4930335
ygfS_ygfT_predicted,0.3333333333333333,2,2,TATGTGACGTCAGGAGTGCG,0,4923415
ygfS_ygfT_predicted,0.3333333333333333,2,2,TATGCGCAGCTCGCGCAGCA,0,4923726
ygfS_ygfT_predicted,0.3333333333333333,2,2,TATCCTGGGATGAATGTTAT,0,4917029
ygfS_ygfT_predicted,0.3333333333333333,2,2,TATCATGGCGTCTCGTCGGT,0,4921190
ygfS_ygfT_predicted,0.3333333333333333,2,2,TATATATCATATCACGACCT,0,4903077
ygfS_ygfT_predicted,0.3333333333333333,2,2,TATAGTATAAGGGAAATATG,0,4915152
ygfS_ygfT_predicted,0.3333333333333333,2,2,TATACGCCGTGCTCCACTGA,0,4905002
ygfS_ygfT_predicted,0.3333333333333333,2,2,TATACACACCTAGGCACCCA,0,4931109
ygfS_ygfT_predicted,0.3333333333333333,2,2,TATAATCATTTGGGAAAGCA,0,4909615
ygfS_ygfT_predicted,0.3333333333333333,2,2,TATAACTTGAACCTTAGTGG,0,4922074
ygfS_ygfT_predicted,0.3333333333333333,2,2,TAGGTATCCGTGGCTTCAAT,0,4906760
ygfS_ygfT_predicted,0.3333333333333333,2,2,TAGGGACATAACATATTCCA,0,4926543
ygfS_ygfT_predicted,0.3333333333333333,2,2,TAGGGAATTCCGTCAAACAG,0,4911126
ygfS_ygfT_predicted,0.3333333333333333,2,2,TAGGAGGCTATGGACCCAAC,0,4925228
ygfS_ygfT_predicted,0.3333333333333333,2,2,TAGCTTGCGATGTTATGTAT,0,4926169
ygfS_ygfT_predicted,0.3333333333333333,2,2,TAGCGTCAGCGTTGATTGTA,0,4922659
ygfS_ygfT_predicted,0.3333333333333333,2,2,TAGCGCACATCACTACTTTA,0,4929054
ygfS_ygfT_predicted,0.3333333333333333,2,2,TAGATCCGGTGCTGCAGCAT,0,4928039
ygfS_ygfT_predicted,0.3333333333333333,2,2,TAGATAGGAGTCCCGGATAG,0,4903570
ygfS_ygfT_predicted,0.3333333333333333,2,2,TAGAGTCAATCCTCCGCGGG,0,4908201
ygfS_ygfT_predicted,0.3333333333333333,2,2,TACTTCATACCGCCCGCAAT,0,4906609
ygfS_ygfT_predicted,0.3333333333333333,2,2,TACGGGTGAGATGGCGGTAT,0,4925735
ygfS_ygfT_predicted,0.3333333333333333,2,2,TACGGACAAAAACCCCAGAA,0,4917021
ygfS_ygfT_predicted,0.3333333333333333,2,2,TACGAGTGGCAGAATACTCG,0,4915970
ygfS_ygfT_predicted,0.3333333333333333,2,2,TACGAATAGAAGTACCGGGG,0,4926621
ygfS_ygfT_predicted,0.3333333333333333,2,2,TACCTCGTTAGCCTTGTATC,0,4906424
ygfS_ygfT_predicted,0.3333333333333333,2,2,TACCGAGTTCAATCCAGCAA,0,4924594
ygfS_ygfT_predicted,0.3333333333333333,2,2,TACCCAACGCGTTTCTGCTC,0,4929219
ygfS_ygfT_predicted,0.3333333333333333,2,2,TACCATGGACCCGAAGATGG,0,4916415
ygfS_ygfT_predicted,0.3333333333333333,2,2,TACCACGTGCACGGGGGATG,0,4919990
ygfS_ygfT_predicted,0.3333333333333333,2,2,TACAGTGTCGGGTAAAGAGC,0,4930137
ygfS_ygfT_predicted,0.3333333333333333,2,2,TACACGTAGACTTGGCCTAT,0,4913932
ygfS_ygfT_predicted,0.3333333333333333,2,2,TACACATTGTGACTCTTCGT,0,4904140
ygfS_ygfT_predicted,0.3333333333333333,2,2,TAATTAGTGGGCATAGTAAA,0,4920259
ygfS_ygfT_predicted,0.3333333333333333,2,2,TAATTAGAAGCTTCGGGATA,0,4900348
ygfS_ygfT_predicted,0.3333333333333333,2,2,TAATACCCGATGGTACATCT,0,4921115
ygfS_ygfT_predicted,0.3333333333333333,2,2,TAAGTCTGATCGTTGTCAGA,0,4920914
ygfS_ygfT_predicted,0.3333333333333333,2,2,TAAGTCTCCTCAACCGAATA,0,4917397
ygfS_ygfT_predicted,0.3333333333333333,2,2,TAAGGGGCGGTACCTCAAGG,0,4916738
ygfS_ygfT_predicted,0.3333333333333333,2,2,TAAGAGGTTGTGCAGGTACA,0,4914711
ygfS_ygfT_predicted,0.3333333333333333,2,2,TAACGAAGCCCACCAATTTA,0,4918909
ygfS_ygfT_predicted,0.3333333333333333,2,2,TAAATATTTAGTTTATCTCA,0,4908816
ygfS_ygfT_predicted,0.3333333333333333,2,2,TAAAGATGAAACCGACACAC,0,4911748
ygfS_ygfT_predicted,0.3333333333333333,2,2,TAAACAGGAGATCGCATTCG,0,4914393
ygfS_ygfT_predicted,0.3333333333333333,2,2,GTTTGCTACCTTTGTGTAAT,0,4928905
ygfS_ygfT_predicted,0.3333333333333333,2,2,GTTGTTAGGGTTCGCTAGTC,0,4917658
ygfS_ygfT_predicted,0.3333333333333333,2,2,GTTGGTGATGTACGTGAGAT,0,4901821
ygfS_ygfT_predicted,0.3333333333333333,2,2,GTTGGAAATGATACGGAGGC,0,4922134
ygfS_ygfT_predicted,0.3333333333333333,2,2,GTTCTTGACAATTTTGTAGT,0,4917377
ygfS_ygfT_predicted,0.3333333333333333,2,2,GTTCTCGGACAACCGGTGTA,0,4908891
ygfS_ygfT_predicted,0.3333333333333333,2,2,GTTCTAATGCCGCATGCAGC,0,4912592
ygfS_ygfT_predicted,0.3333333333333333,2,2,GTTCAGGTCTACTCCCCCAG,0,4925592
ygfS_ygfT_predicted,0.3333333333333333,2,2,GTTATTGTTCTGAGCCTGAC,0,4926753
ygfS_ygfT_predicted,0.3333333333333333,2,2,GTTATGGCGGTTAACGGGGT,0,4916194
ygfS_ygfT_predicted,0.3333333333333333,2,2,GTTAGTGTTTGTCTAACTAC,0,4903194
ygfS_ygfT_predicted,0.3333333333333333,2,2,GTTAGCTATCCCGATTGGCC,0,4916061
ygfS_ygfT_predicted,0.3333333333333333,2,2,GTTAAGCTGACGCTCTGACA,0,4906821
ygfS_ygfT_predicted,0.3333333333333333,2,2,GTTAAACGAGACAACAGTCC,0,4926043
ygfS_ygfT_predicted,0.3333333333333333,2,2,GTGTTGAAGAGTTATCAGTT,0,4912764
ygfS_ygfT_predicted,0.3333333333333333,2,2,GTGTTATGCACCGGAGTGCA,0,4912951
ygfS_ygfT_predicted,0.3333333333333333,2,2,GTGTGTACCCAATAATAAAT,0,4904298
ygfS_ygfT_predicted,0.3333333333333333,2,2,GTGGTGCCAGACCCCGGTCT,0,4906959
ygfS_ygfT_predicted,0.3333333333333333,2,2,GTGGTAACTGGGTGCCGTTT,0,4921495
ygfS_ygfT_predicted,0.3333333333333333,2,2,GTGGCCATCGGGACCTAGCC,0,4908848
ygfS_ygfT_predicted,0.3333333333333333,2,2,GTGGACATCACCGGATTGCC,0,4921180
ygfS_ygfT_predicted,0.3333333333333333,2,2,GTGCTCCTATATGACAGGGA,0,4912616
ygfS_ygfT_predicted,0.3333333333333333,2,2,GTGCGGTACGGATTGGCGGA,0,4920703
ygfS_ygfT_predicted,0.3333333333333333,2,2,GTGCGGATTTCGACTTGCAT,0,4920324
ygfS_ygfT_predicted,0.3333333333333333,2,2,GTGCGAGACCACTCGCGGAT,0,4926356
ygfS_ygfT_predicted,0.3333333333333333,2,2,GTGCCATACCTTATCACTCG,0,4902818
ygfS_ygfT_predicted,0.3333333333333333,2,2,GTGCCACGGGGTTTACTTGA,0,4920502
ygfS_ygfT_predicted,0.3333333333333333,2,2,GTGATGTCGTCACTTGGCTA,0,4914705
ygfS_ygfT_predicted,0.3333333333333333,2,2,GTGAGATGCGGCGCCGCTAC,0,4915134
ygfS_ygfT_predicted,0.3333333333333333,2,2,GTCTGGAGCGCCTCTGGCAC,0,4924132
ygfS_ygfT_predicted,0.3333333333333333,2,2,GTCTGGAACAATGTAAGCAT,0,4921290
ygfS_ygfT_predicted,0.3333333333333333,2,2,GTCTCGAACCTCGGTTCGTG,0,4930770
ygfS_ygfT_predicted,0.3333333333333333,2,2,GTCTAGATAACAGGCCGAAG,0,4925978
ygfS_ygfT_predicted,0.3333333333333333,2,2,GTCGTCCATTAGCCTGGTAC,0,4931395
ygfS_ygfT_predicted,0.3333333333333333,2,2,GTCGTCAGCGCGCTGGTGGC,0,4913109
ygfS_ygfT_predicted,0.3333333333333333,2,2,GTCGGGCGTACGCATACTCG,0,4915363
ygfS_ygfT_predicted,0.3333333333333333,2,2,GTCGGGCACCTGGTCATGCC,0,4926698
ygfS_ygfT_predicted,0.3333333333333333,2,2,GTCCCCATGATACAGATAAG,0,4921831
ygfS_ygfT_predicted,0.3333333333333333,2,2,GTCCATAATGCAGGCAACGA,0,4921992
ygfS_ygfT_predicted,0.3333333333333333,2,2,GTCCAGTTAGTCAGAATACC,0,4912421
ygfS_ygfT_predicted,0.3333333333333333,2,2,GTCATTGAGACCCGGACAGC,0,4928431
ygfS_ygfT_predicted,0.3333333333333333,2,2,GTCATTAAGGTATGAAGCTT,0,4906098
ygfS_ygfT_predicted,0.3333333333333333,2,2,GTCAGGACAGGGGCTTGGCG,0,4915681
ygfS_ygfT_predicted,0.3333333333333333,2,2,GTCACTCAATCGGAGGGTAT,0,4902300
ygfS_ygfT_predicted,0.3333333333333333,2,2,GTCAATGCGTTAGCCACTAG,0,4927637
ygfS_ygfT_predicted,0.3333333333333333,2,2,GTATGTTTAATCCGACGGCT,0,4916660
ygfS_ygfT_predicted,0.3333333333333333,2,2,GTATGCCTGCCCACAATGCC,0,4925846
ygfS_ygfT_predicted,0.3333333333333333,2,2,GTATCCGTTGAAAGCGCTCG,0,4910920
ygfS_ygfT_predicted,0.3333333333333333,2,2,GTATAGCTCGGAGTCAAGTC,0,4908263
ygfS_ygfT_predicted,0.3333333333333333,2,2,GTAGTACGAATGTACTTGGC,0,4908568
ygfS_ygfT_predicted,0.3333333333333333,2,2,GTAGGTGATCAAGGGACCAG,0,4919156
ygfS_ygfT_predicted,0.3333333333333333,2,2,GTAGCGTTTTGTCAGGTATT,0,4900627
ygfS_ygfT_predicted,0.3333333333333333,2,2,GTACGGGGTGTTTACTTCCT,0,4916952
ygfS_ygfT_predicted,0.3333333333333333,2,2,GTACGACCACTTGGAAGCCT,0,4919715
ygfS_ygfT_predicted,0.3333333333333333,2,2,GTACCCGCCCGCAGTGATTT,0,4925287
ygfS_ygfT_predicted,0.3333333333333333,2,2,GTACACCGCCCGTCCTGGCA,0,4922013
ygfS_ygfT_predicted,0.3333333333333333,2,2,GTAATGTCCTGTGGCACCTT,0,4903709
ygfS_ygfT_predicted,0.3333333333333333,2,2,GTAAGGATGCCCTCGCGTGT,0,4921677
ygfS_ygfT_predicted,0.3333333333333333,2,2,GTAAGATTTGGTAGCATGCG,0,4927736
ygfS_ygfT_predicted,0.3333333333333333,2,2,GTAACATCCCGTTGGCACTT,0,4902040
ygfS_ygfT_predicted,0.3333333333333333,2,2,GTAAAGTGCTTGCACAATGA,0,4930514
ygfS_ygfT_predicted,0.3333333333333333,2,2,GGTTTAATTCGTTAGTGTCA,0,4909764
ygfS_ygfT_predicted,0.3333333333333333,2,2,GGTTCCGATGGAGGAGGGCA,0,4902631
ygfS_ygfT_predicted,0.3333333333333333,2,2,GGTTCATGGCCGTTTATTTC,0,4916147
ygfS_ygfT_predicted,0.3333333333333333,2,2,GGTTATGCACCGACTAAGGG,0,4899712
ygfS_ygfT_predicted,0.3333333333333333,2,2,GGTTAGTTATGTGCGTGGCA,0,4904788
ygfS_ygfT_predicted,0.3333333333333333,2,2,GGTGGTCCTCAGATATTCTA,0,4899820
ygfS_ygfT_predicted,0.3333333333333333,2,2,GGTGGAATTTATCATTGGCT,0,4924961
ygfS_ygfT_predicted,0.3333333333333333,2,2,GGTGCCGTTAGATAGGCCTT,0,4912922
ygfS_ygfT_predicted,0.3333333333333333,2,2,GGTGAAAGGTCCTGTGCGTC,0,4919081
ygfS_ygfT_predicted,0.3333333333333333,2,2,GGTCGCCTTTAAAGTCCAGG,0,4914132
ygfS_ygfT_predicted,0.3333333333333333,2,2,GGTCATGTCCGTCGGATTTC,0,4922685
ygfS_ygfT_predicted,0.3333333333333333,2,2,GGTCATCGCGGTTATAGTTC,0,4916218
ygfS_ygfT_predicted,0.3333333333333333,2,2,GGTATTCGACCTAGCTAGGG,0,4922819
ygfS_ygfT_predicted,0.3333333333333333,2,2,GGTATACCTCGGATGGAGAC,0,4921944
ygfS_ygfT_predicted,0.3333333333333333,2,2,GGTAGAAGAGCGCTAGACCC,0,4910341
ygfS_ygfT_predicted,0.3333333333333333,2,2,GGGTGGTGCTGAGAGAAAGG,0,4926446
ygfS_ygfT_predicted,0.3333333333333333,2,2,GGGTGCTAGTGCGGGTACTC,0,4899968
ygfS_ygfT_predicted,0.3333333333333333,2,2,GGGTCCGGGAATGCCAGTAA,0,4927878
ygfS_ygfT_predicted,0.3333333333333333,2,2,GGGTCCAATGTACGAAGACC,0,4928467
ygfS_ygfT_predicted,0.3333333333333333,2,2,GGGGTGTACCGGCTTCGTTT,0,4902200
ygfS_ygfT_predicted,0.3333333333333333,2,2,GGGGTATCAAGGCTTCATAC,0,4902787
ygfS_ygfT_predicted,0.3333333333333333,2,2,GGGGCACTTGAGGCCAGCGG,0,4919773
ygfS_ygfT_predicted,0.3333333333333333,2,2,GGGCTACGGATGGTCAGGCT,0,4928613
ygfS_ygfT_predicted,0.3333333333333333,2,2,GGGCACATTTAGGGATCTTT,0,4924972
ygfS_ygfT_predicted,0.3333333333333333,2,2,GGGAGTCGGCCCTCAAGTTG,0,4911181
ygfS_ygfT_predicted,0.3333333333333333,2,2,GGGAGGCCTTGTGAGGTTGT,0,4914026
ygfS_ygfT_predicted,0.3333333333333333,2,2,GGGACTTTCGACAATTAATG,0,4926948
ygfS_ygfT_predicted,0.3333333333333333,2,2,GGCTCCAGTAGCCAATGATG,0,4911713
ygfS_ygfT_predicted,0.3333333333333333,2,2,GGCTATAACTTGGGTGGGGT,0,4916380
ygfS_ygfT_predicted,0.3333333333333333,2,2,GGCGCGTCACCACCAATAAC,0,4930168
ygfS_ygfT_predicted,0.3333333333333333,2,2,GGCGCCCTTTACCAGCCTAG,0,4902694
ygfS_ygfT_predicted,0.3333333333333333,2,2,GGCGATGGTCGTATTAGCTT,0,4926671
ygfS_ygfT_predicted,0.3333333333333333,2,2,GGCCTATACCCTACCCCCGC,0,4923960
ygfS_ygfT_predicted,0.3333333333333333,2,2,GGCCCGTTCTGATTCATCAA,0,4923354
ygfS_ygfT_predicted,0.3333333333333333,2,2,GGCCAGCATGAAAACAGGGG,0,4915874
ygfS_ygfT_predicted,0.3333333333333333,2,2,GGCATTAGTTTGGCGTGTTG,0,4904743
ygfS_ygfT_predicted,0.3333333333333333,2,2,GGCAGAGCACTGGTTGCAAA,0,4915009
ygfS_ygfT_predicted,0.3333333333333333,2,2,GGCACGTCTGACAATACACG,0,4920721
ygfS_ygfT_predicted,0.3333333333333333,2,2,GGATTTTCAGTAATCACTGT,0,4912902
ygfS_ygfT_predicted,0.3333333333333333,2,2,GGATTTGGGCGGTTTAATTA,0,4927384
ygfS_ygfT_predicted,0.3333333333333333,2,2,GGATTGGGACAAATCTGTTT,0,4917779
ygfS_ygfT_predicted,0.3333333333333333,2,2,GGATTCGTTGTTAAAAAATT,0,4902442
ygfS_ygfT_predicted,0.3333333333333333,2,2,GGATTCACGCAGGACTGCTC,0,4927430
ygfS_ygfT_predicted,0.3333333333333333,2,2,GGATCATTCGCTAAGTTCCA,0,4913377
ygfS_ygfT_predicted,0.3333333333333333,2,2,GGATATCTCCCTGACGCACT,0,4923205
ygfS_ygfT_predicted,0.3333333333333333,2,2,GGAGTGTGCGCGGTACATTC,0,4901082
ygfS_ygfT_predicted,0.3333333333333333,2,2,GGAGGGCAAGGTGATCTTCA,0,4913212
ygfS_ygfT_predicted,0.3333333333333333,2,2,GGAGCACACTGCATTGGATA,0,4908094
ygfS_ygfT_predicted,0.3333333333333333,2,2,GGAGATGGTGATTCGCAGGC,0,4918176
ygfS_ygfT_predicted,0.3333333333333333,2,2,GGACGATCGCCATCCCTGCG,0,4913638
ygfS_ygfT_predicted,0.3333333333333333,2,2,GGACCAAGACTTCATCACTA,0,4923463
ygfS_ygfT_predicted,0.3333333333333333,2,2,GGACAGTCTACAATCTGCGC,0,4921949
ygfS_ygfT_predicted,0.3333333333333333,2,2,GGAACCTTCAATATTACGCC,0,4902163
ygfS_ygfT_predicted,0.3333333333333333,2,2,GGAACAGGCTAAAAATGGGG,0,4914186
ygfS_ygfT_predicted,0.3333333333333333,2,2,GCTTTTGTGGGTCCTAAAGT,0,4926010
ygfS_ygfT_predicted,0.3333333333333333,2,2,GCTTGACGAGTTTATCGCCT,0,4924853
ygfS_ygfT_predicted,0.3333333333333333,2,2,GCTTCGGCCACCTAAGTCAC,0,4905108
ygfS_ygfT_predicted,0.3333333333333333,2,2,GCTTAATTTGATCAGCAATA,0,4929001
ygfS_ygfT_predicted,0.3333333333333333,2,2,GCTGCGGCAGTTCCTGTGCG,0,4917850
ygfS_ygfT_predicted,0.3333333333333333,2,2,GCTGAATCGGGGTTCTCATC,0,4928663
ygfS_ygfT_predicted,0.3333333333333333,2,2,GCTCGTTCAGTGTGCCCATG,0,4905517
ygfS_ygfT_predicted,0.3333333333333333,2,2,GCTCGGCTGTTGCTGGGATC,0,4930119
ygfS_ygfT_predicted,0.3333333333333333,2,2,GCTCGCTAGATGCGGGAATG,0,4911911
ygfS_ygfT_predicted,0.3333333333333333,2,2,GCTCAAGTGGCAAAGGTTGT,0,4901988
ygfS_ygfT_predicted,0.3333333333333333,2,2,GCTATGACCTGATCTCAAAA,0,4907236
ygfS_ygfT_predicted,0.3333333333333333,2,2,GCTACTCGTATGAGCTCTGA,0,4921782
ygfS_ygfT_predicted,0.3333333333333333,2,2,GCTACGTTTATTGAGGAGGT,0,4919519
ygfS_ygfT_predicted,0.3333333333333333,2,2,GCGTTTCATATTACGGTGGT,0,4931081
ygfS_ygfT_predicted,0.3333333333333333,2,2,GCGTGGATGCCCCGGTAACA,0,4911032
ygfS_ygfT_predicted,0.3333333333333333,2,2,GCGTGGAGCCGACATTGGAT,0,4901452
ygfS_ygfT_predicted,0.3333333333333333,2,2,GCGTGCGGTGTTTGGCATTT,0,4927800
ygfS_ygfT_predicted,0.3333333333333333,2,2,GCGGTCTAAGCTGCATCCGT,0,4923467
ygfS_ygfT_predicted,0.3333333333333333,2,2,GCGGGAGTGGTATGAGGTTG,0,4905092
ygfS_ygfT_predicted,0.3333333333333333,2,2,GCGGAGTTGGCGGCTGGGAC,0,4923734
ygfS_ygfT_predicted,0.3333333333333333,2,2,GCGGAATGAGATAGGTCGTA,0,4916048
ygfS_ygfT_predicted,0.3333333333333333,2,2,GCGCGGTAACGCAGATCTGT,0,4917148
ygfS_ygfT_predicted,0.3333333333333333,2,2,GCGCGCCGTGGACTGACCTA,0,4929982
ygfS_ygfT_predicted,0.3333333333333333,2,2,GCGCATGGTGCGGATAACAG,0,4928501
ygfS_ygfT_predicted,0.3333333333333333,2,2,GCGCATCAACCTTCGGTGTA,0,4902161
ygfS_ygfT_predicted,0.3333333333333333,2,2,GCGATCATCCGGCCCAAGAG,0,4920590
ygfS_ygfT_predicted,0.3333333333333333,2,2,GCGAGTTACCGGCTGGGGTG,0,4908832
ygfS_ygfT_predicted,0.3333333333333333,2,2,GCGAGAGCGGACGGTCACGA,0,4908266
ygfS_ygfT_predicted,0.3333333333333333,2,2,GCCTTATTGTTTTCGCTCCA,0,4910251
ygfS_ygfT_predicted,0.3333333333333333,2,2,GCCTACATTCCTCTTAGTGC,0,4916213
ygfS_ygfT_predicted,0.3333333333333333,2,2,GCCGGGTATGTGACGTGCGG,0,4926838
ygfS_ygfT_predicted,0.3333333333333333,2,2,GCCGGGGAGCGCACTCGTTG,0,4912302
ygfS_ygfT_predicted,0.3333333333333333,2,2,GCCGACGCACACCGTCGGCG,0,4916743
ygfS_ygfT_predicted,0.3333333333333333,2,2,GCCCGCATGGGTAACGTGGC,0,4915224
ygfS_ygfT_predicted,0.3333333333333333,2,2,GCATTGTGTCGTCGAATCAT,0,4905641
ygfS_ygfT_predicted,0.3333333333333333,2,2,GCATCTTGAAATAAGTTAGT,0,4900964
ygfS_ygfT_predicted,0.3333333333333333,2,2,GCATCTTCCCTTCGCACTGC,0,4925907
ygfS_ygfT_predicted,0.3333333333333333,2,2,GCATACTGGGAAAGGCGTTG,0,4922906
ygfS_ygfT_predicted,0.3333333333333333,2,2,GCAGTTAGACGTTTACCAAC,0,4924963
ygfS_ygfT_predicted,0.3333333333333333,2,2,GCAGTCGGACTAGCGTCTTG,0,4928057
ygfS_ygfT_predicted,0.3333333333333333,2,2,GCAGGGTCCATCTAGCGCGA,0,4913540
ygfS_ygfT_predicted,0.3333333333333333,2,2,GCACAGAGGTCGAACCGAAA,0,4921573
ygfS_ygfT_predicted,0.3333333333333333,2,2,GCACACTTGTACCCATCAGT,0,4922099
ygfS_ygfT_predicted,0.3333333333333333,2,2,GATTCATGAATCCTAGTTTC,0,4912135
ygfS_ygfT_predicted,0.3333333333333333,2,2,GATTATCCCCCTAACTCGAT,0,4915710
ygfS_ygfT_predicted,0.3333333333333333,2,2,GATTACTTCCGGGTCATGCT,0,4912368
ygfS_ygfT_predicted,0.3333333333333333,2,2,GATGTTTGACGGTATTCGCA,0,4905163
ygfS_ygfT_predicted,0.3333333333333333,2,2,GATGTGTGCAGGCGGAAGGT,0,4921236
ygfS_ygfT_predicted,0.3333333333333333,2,2,GATGCTCGCCCTGCAACCTC,0,4930333
ygfS_ygfT_predicted,0.3333333333333333,2,2,GATGCCCTAGTGATCCAGAG,0,4925830
ygfS_ygfT_predicted,0.3333333333333333,2,2,GATCCAAGTGAGTTCATTAT,0,4913048
ygfS_ygfT_predicted,0.3333333333333333,2,2,GATAGGCAGATACATTACGC,0,4929124
ygfS_ygfT_predicted,0.3333333333333333,2,2,GATAGCACAGACTTTTATCA,0,4925981
ygfS_ygfT_predicted,0.3333333333333333,2,2,GATAGATCTTTGTGGAGAGT,0,4918322
ygfS_ygfT_predicted,0.3333333333333333,2,2,GAGTCCTCGGTCTGCGTCTA,0,4924841
ygfS_ygfT_predicted,0.3333333333333333,2,2,GAGTCCCTCGGTTGTTTCTA,0,4907009
ygfS_ygfT_predicted,0.3333333333333333,2,2,GAGTATTATAGTAATCGTCG,0,4915640
ygfS_ygfT_predicted,0.3333333333333333,2,2,GAGGTGGCATGGGCCTAAAG,0,4904349
ygfS_ygfT_predicted,0.3333333333333333,2,2,GAGGTAGAGAACCCGCGGAG,0,4907276
ygfS_ygfT_predicted,0.3333333333333333,2,2,GAGGGCCAAAGGTTCGGTCC,0,4909177
ygfS_ygfT_predicted,0.3333333333333333,2,2,GAGGCAAGTGTAGAGATCGC,0,4914313
ygfS_ygfT_predicted,0.3333333333333333,2,2,GAGCTCATGGTGGGTAAATG,0,4918961
ygfS_ygfT_predicted,0.3333333333333333,2,2,GAGCGGTACATATTTCCGGT,0,4903990
ygfS_ygfT_predicted,0.3333333333333333,2,2,GAGCGGGGGCTTACATGGCG,0,4930621
ygfS_ygfT_predicted,0.3333333333333333,2,2,GAGCGCTGATTATTCTTCAG,0,4911414
ygfS_ygfT_predicted,0.3333333333333333,2,2,GAGCGCCGACGGCGTAATAA,0,4918603
ygfS_ygfT_predicted,0.3333333333333333,2,2,GAGCCGCGCGGATTTTTGTG,0,4900935
ygfS_ygfT_predicted,0.3333333333333333,2,2,GAGCCATTTTCACCGTGAAG,0,4910747
ygfS_ygfT_predicted,0.3333333333333333,2,2,GAGCACGTTATGGAAAGACG,0,4900181
ygfS_ygfT_predicted,0.3333333333333333,2,2,GAGCACGAAGTTATTCGCAT,0,4913184
ygfS_ygfT_predicted,0.3333333333333333,2,2,GAGCACATAAGTCAGCGACA,0,4920312
ygfS_ygfT_predicted,0.3333333333333333,2,2,GAGACGGTCGTCTCCGATGG,0,4927585
ygfS_ygfT_predicted,0.3333333333333333,2,2,GAGAAGTCGCAGTTTGGCTG,0,4914400
ygfS_ygfT_predicted,0.3333333333333333,2,2,GAGAAGATATATTCGTTGAT,0,4910508
ygfS_ygfT_predicted,0.3333333333333333,2,2,GAGAACTTTTTGGTCCACAT,0,4917138
ygfS_ygfT_predicted,0.3333333333333333,2,2,GAGAAACGATGATCTTGGGA,0,4930000
ygfS_ygfT_predicted,0.3333333333333333,2,2,GACTGTCATTGCTACCCCGC,0,4924983
ygfS_ygfT_predicted,0.3333333333333333,2,2,GACTGATCCTTTCGAGACTT,0,4915722
ygfS_ygfT_predicted,0.3333333333333333,2,2,GACTCATTCGCGCAGATCCT,0,4902530
ygfS_ygfT_predicted,0.3333333333333333,2,2,GACTAGCCGTCGAAAAATAC,0,4904730
ygfS_ygfT_predicted,0.3333333333333333,2,2,GACTAGAGATAGACAGTTAA,0,4912422
ygfS_ygfT_predicted,0.3333333333333333,2,2,GACTACGGCACCGGCCATGC,0,4919057
ygfS_ygfT_predicted,0.3333333333333333,2,2,GACGTCTTTTTGTTTCTTTT,0,4916128
ygfS_ygfT_predicted,0.3333333333333333,2,2,GACGGTTCGCGTGACGCCCC,0,4902763
ygfS_ygfT_predicted,0.3333333333333333,2,2,GACGCGAGCACGGCTTCTTA,0,4925076
ygfS_ygfT_predicted,0.3333333333333333,2,2,GACGCCCCAGCAGTTTCGAA,0,4916175
ygfS_ygfT_predicted,0.3333333333333333,2,2,GACCTGCCAGCGAACATATA,0,4920823
ygfS_ygfT_predicted,0.3333333333333333,2,2,GACCGACACCAATACAACAT,0,4915783
ygfS_ygfT_predicted,0.3333333333333333,2,2,GACCCTGTCTGACAGCGTGA,0,4923551
ygfS_ygfT_predicted,0.3333333333333333,2,2,GACCCCGTCCATGGGATTTT,0,4924040
ygfS_ygfT_predicted,0.3333333333333333,2,2,GACCCCGATGGCCGGAACTA,0,4924041
ygfS_ygfT_predicted,0.3333333333333333,2,2,GACCAGCACGGTATATGAGC,0,4904029
ygfS_ygfT_predicted,0.3333333333333333,2,2,GACATGGGTCCGCGGCGGCT,0,4900506
ygfS_ygfT_predicted,0.3333333333333333,2,2,GACACAGTGCGGCAAGCAGG,0,4909000
ygfS_ygfT_predicted,0.3333333333333333,2,2,GACAATTGCGACACCAAAAT,0,4915144
ygfS_ygfT_predicted,0.3333333333333333,2,2,GAATGCCAGATTAATGAACA,0,4914737
ygfS_ygfT_predicted,0.3333333333333333,2,2,GAATCACCCTCCCTACCGAC,0,4908537
ygfS_ygfT_predicted,0.3333333333333333,2,2,GAAGTCTTTCGGTCAGGTAT,0,4915375
ygfS_ygfT_predicted,0.3333333333333333,2,2,GAAGGTTCGCGCAATTTCTG,0,4921610
ygfS_ygfT_predicted,0.3333333333333333,2,2,GAAGGCGGCATTGAGGACTA,0,4927769
ygfS_ygfT_predicted,0.3333333333333333,2,2,GAAGGCCTGCACCTAGGTTG,0,4928032
ygfS_ygfT_predicted,0.3333333333333333,2,2,GAACATTTCGGTAAGGTTGA,0,4917075
ygfS_ygfT_predicted,0.3333333333333333,2,2,GAACAGTCATGAGCTTGCGC,0,4914888
ygfS_ygfT_predicted,0.3333333333333333,2,2,GAACAGCGAGTCCCCGGCGA,0,4928439
ygfS_ygfT_predicted,0.3333333333333333,2,2,GAAAGGACCCCGTCAGTAGG,0,4925265
ygfS_ygfT_predicted,0.3333333333333333,2,2,GAAACCAATTGACCGACCAT,0,4923555
ygfS_ygfT_predicted,0.3333333333333333,2,2,CTTTTGGCAGCCTTATTCGG,0,4915900
ygfS_ygfT_predicted,0.3333333333333333,2,2,CTTTGCATATTAAGTTAATA,0,4902432
ygfS_ygfT_predicted,0.3333333333333333,2,2,CTTTCGGTGAAGGGGGACCG,0,4919949
ygfS_ygfT_predicted,0.3333333333333333,2,2,CTTTCACGATTGCATATTTG,0,4900014
ygfS_ygfT_predicted,0.3333333333333333,2,2,CTTTAGGGCCGCGCCTCATA,0,4911351
ygfS_ygfT_predicted,0.3333333333333333,2,2,CTTGTAGGAAAACTTATTAA,0,4913708
ygfS_ygfT_predicted,0.3333333333333333,2,2,CTTGTACCAATTATACTGGT,0,4913473
ygfS_ygfT_predicted,0.3333333333333333,2,2,CTTGGACCGTCGCCAAAGGC,0,4906775
ygfS_ygfT_predicted,0.3333333333333333,2,2,CTTGCATGAGCTCGTTTGGG,0,4929737
ygfS_ygfT_predicted,0.3333333333333333,2,2,CTTCGTGCGCATTGGTGGAA,0,4903053
ygfS_ygfT_predicted,0.3333333333333333,2,2,CTTCGTCGTGTTTATTGTAC,0,4930156
ygfS_ygfT_predicted,0.3333333333333333,2,2,CTTCGCCCGGTTTGGAGCGA,0,4907290
ygfS_ygfT_predicted,0.3333333333333333,2,2,CTTCGACTTGAGTATCTAGG,0,4915434
ygfS_ygfT_predicted,0.3333333333333333,2,2,CTTAGATTGAAGAATAGCGA,0,4918237
ygfS_ygfT_predicted,0.3333333333333333,2,2,CTTACGCCGCCTCGTGGTTG,0,4912420
ygfS_ygfT_predicted,0.3333333333333333,2,2,CTTAATAGTAAATCACTAAA,0,4903954
ygfS_ygfT_predicted,0.3333333333333333,2,2,CTGTGGATTGGCACGCCATA,0,4912158
ygfS_ygfT_predicted,0.3333333333333333,2,2,CTGGTTCGGGCCATTGGTTT,0,4911223
ygfS_ygfT_predicted,0.3333333333333333,2,2,CTGGGTGCCCGGGTAGATTT,0,4916796
ygfS_ygfT_predicted,0.3333333333333333,2,2,CTGGGGATATACCCATGTGA,0,4906452
ygfS_ygfT_predicted,0.3333333333333333,2,2,CTGGGACTAGGGCTATCCGA,0,4915974
ygfS_ygfT_predicted,0.3333333333333333,2,2,CTGGCTACGGTTCAGGATAC,0,4915836
ygfS_ygfT_predicted,0.3333333333333333,2,2,CTGCGCACGGGAGCCGTCTG,0,4911325
ygfS_ygfT_predicted,0.3333333333333333,2,2,CTGCCTTTGTAGCTGGCCAC,0,4923298
ygfS_ygfT_predicted,0.3333333333333333,2,2,CTGCCTAAACTTAATTTCAT,0,4916956
ygfS_ygfT_predicted,0.3333333333333333,2,2,CTGCAGCGGTCCTTGGCTGT,0,4919823
ygfS_ygfT_predicted,0.3333333333333333,2,2,CTGAAATACACCGCTGGCAA,0,4917945
ygfS_ygfT_predicted,0.3333333333333333,2,2,CTGAAACCAGAATGTACCAA,0,4905689
ygfS_ygfT_predicted,0.3333333333333333,2,2,CTCTTTGCAATGACGCTTTG,0,4901915
ygfS_ygfT_predicted,0.3333333333333333,2,2,CTCTCGGGAGGTGAATCCTC,0,4900937
ygfS_ygfT_predicted,0.3333333333333333,2,2,CTCTACTCGGAAGGAAGTTA,0,4922777
ygfS_ygfT_predicted,0.3333333333333333,2,2,CTCGTTCCCAGGCCTAAAAC,0,4901555
ygfS_ygfT_predicted,0.3333333333333333,2,2,CTCGGGGGAGCCCTAAAGAG,0,4920624
ygfS_ygfT_predicted,0.3333333333333333,2,2,CTCCTCTTGGGCAGGAAATT,0,4918757
ygfS_ygfT_predicted,0.3333333333333333,2,2,CTCCCGCCAAATCGAAGAGT,0,4923501
ygfS_ygfT_predicted,0.3333333333333333,2,2,CTCCCCGCTCGGCACTGATG,0,4913583
ygfS_ygfT_predicted,0.3333333333333333,2,2,CTCCAGTCTCTTATGTATCC,0,4914042
ygfS_ygfT_predicted,0.3333333333333333,2,2,CTCATGCCGTAAACTGCTTA,0,4906331
ygfS_ygfT_predicted,0.3333333333333333,2,2,CTCATAACAGGGGAAGGCCT,0,4928706
ygfS_ygfT_predicted,0.3333333333333333,2,2,CTAGTGTCTAGGAAGTCCCC,0,4913953
ygfS_ygfT_predicted,0.3333333333333333,2,2,CTAGCGTTTTGGTGCGCGCC,0,4918011
ygfS_ygfT_predicted,0.3333333333333333,2,2,CTAGCCAGAACGGTAAGCAC,0,4911342
ygfS_ygfT_predicted,0.3333333333333333,2,2,CTAGCACTATAGGAGCATGA,0,4914059
ygfS_ygfT_predicted,0.3333333333333333,2,2,CTACGGTCATGTCTAATAGG,0,4928338
ygfS_ygfT_predicted,0.3333333333333333,2,2,CTACGCGAAACTTTCCCCTC,0,4902705
ygfS_ygfT_predicted,0.3333333333333333,2,2,CTACCGAAAGCTATCTCATT,0,4904915
ygfS_ygfT_predicted,0.3333333333333333,2,2,CTAAGTAGTCGAGAATATAA,0,4924018
ygfS_ygfT_predicted,0.3333333333333333,2,2,CTAACCAGAGTCGAAGGTCG,0,4906995
ygfS_ygfT_predicted,0.3333333333333333,2,2,CTAAAGGGTCTTTGGCGGCG,0,4906178
ygfS_ygfT_predicted,0.3333333333333333,2,2,CTAAACTCAATGGCTGGACC,0,4900298
ygfS_ygfT_predicted,0.3333333333333333,2,2,CTAAACCCATAGACGTCGTC,0,4931092
ygfS_ygfT_predicted,0.3333333333333333,2,2,CGTTGGGGTTATACAAATAG,0,4901554
ygfS_ygfT_predicted,0.3333333333333333,2,2,CGTTACCCCCTACTCTATGC,0,4917423
ygfS_ygfT_predicted,0.3333333333333333,2,2,CGTGCAACGGTTCATTTCGA,0,4909628
ygfS_ygfT_predicted,0.3333333333333333,2,2,CGTCTATAACGACACCCTGG,0,4913347
ygfS_ygfT_predicted,0.3333333333333333,2,2,CGTCCGTCATGCGCAACGGT,0,4917767
ygfS_ygfT_predicted,0.3333333333333333,2,2,CGTCACCCGAGCGGTTCGAT,0,4920419
ygfS_ygfT_predicted,0.3333333333333333,2,2,CGTCAAAGTTCACCTATTGG,0,4921082
ygfS_ygfT_predicted,0.3333333333333333,2,2,CGTATACTTAAGACAAATAT,0,4910927
ygfS_ygfT_predicted,0.3333333333333333,2,2,CGTACTTTGGAGGAAAATAC,0,4926675
ygfS_ygfT_predicted,0.3333333333333333,2,2,CGTAATATTGTCTGTGTAGT,0,4905093
ygfS_ygfT_predicted,0.3333333333333333,2,2,CGGTTCTCTCTTCAGGAATG,0,4930902
ygfS_ygfT_predicted,0.3333333333333333,2,2,CGGTTCCAATCTTGAGCGCC,0,4911915
ygfS_ygfT_predicted,0.3333333333333333,2,2,CGGTGCACAGCGGCCGACGC,0,4927959
ygfS_ygfT_predicted,0.3333333333333333,2,2,CGGTGATTACCAGGTAACGG,0,4920611
ygfS_ygfT_predicted,0.3333333333333333,2,2,CGGTCCCATGTGGACCTAAG,0,4907189
ygfS_ygfT_predicted,0.3333333333333333,2,2,CGGGCCAAGAAATTTCCCGT,0,4914226
ygfS_ygfT_predicted,0.3333333333333333,2,2,CGGGCATGGGTAGATGCGGA,0,4914373
ygfS_ygfT_predicted,0.3333333333333333,2,2,CGGCGCTTGGAAGTATCCAA,0,4901180
ygfS_ygfT_predicted,0.3333333333333333,2,2,CGGCGAGATGGAGCGAGACA,0,4925858
ygfS_ygfT_predicted,0.3333333333333333,2,2,CGGCCCTCGAGCACTGACTG,0,4908104
ygfS_ygfT_predicted,0.3333333333333333,2,2,CGGCACAGACGAGAGATGTG,0,4916950
ygfS_ygfT_predicted,0.3333333333333333,2,2,CGGAGGCTCGGGCAGATGGA,0,4907408
ygfS_ygfT_predicted,0.3333333333333333,2,2,CGGAATAAGACTTGAACAGG,0,4926623
ygfS_ygfT_predicted,0.3333333333333333,2,2,CGGAAGAACGGTGCGAAGCC,0,4925900
ygfS_ygfT_predicted,0.3333333333333333,2,2,CGGAACACGGCGGTCTCATA,0,4904677
ygfS_ygfT_predicted,0.3333333333333333,2,2,CGCTTGTTTAAAGAATATTG,0,4901983
ygfS_ygfT_predicted,0.3333333333333333,2,2,CGCCTGGCCTCATTTCAGGG,0,4909469
ygfS_ygfT_predicted,0.3333333333333333,2,2,CGCCTAAGCTTTCCATTCCC,0,4917076
ygfS_ygfT_predicted,0.3333333333333333,2,2,CGCCGTAGGGGCAACGTAAT,0,4906824
ygfS_ygfT_predicted,0.3333333333333333,2,2,CGCCCTCCGAGGGGCAACGC,0,4911644
ygfS_ygfT_predicted,0.3333333333333333,2,2,CGCACGAGCAGTCATGCCAT,0,4913589
ygfS_ygfT_predicted,0.3333333333333333,2,2,CGCAATCATCGATATCATTC,0,4920699
ygfS_ygfT_predicted,0.3333333333333333,2,2,CGCAATCATAGCATCCTTAA,0,4919206
ygfS_ygfT_predicted,0.3333333333333333,2,2,CGCAAGAAGATTCAGACCAG,0,4913690
ygfS_ygfT_predicted,0.3333333333333333,2,2,CGATTATTACGGCCCGAAGT,0,4930961
ygfS_ygfT_predicted,0.3333333333333333,2,2,CGATGGAGTATCTAGCAGGT,0,4902790
ygfS_ygfT_predicted,0.3333333333333333,2,2,CGATGCCGGCCGATGCCAAT,0,4913036
ygfS_ygfT_predicted,0.3333333333333333,2,2,CGAGGTGGGGTGTCAGCATT,0,4902924
ygfS_ygfT_predicted,0.3333333333333333,2,2,CGAGACTTTACCTAACTACT,0,4900715
ygfS_ygfT_predicted,0.3333333333333333,2,2,CGACTTAGTAGGGACGCTCA,0,4924671
ygfS_ygfT_predicted,0.3333333333333333,2,2,CGACTCCATGTTTGACCATA,0,4913319
ygfS_ygfT_predicted,0.3333333333333333,2,2,CGACCACACTTTACCCCTGC,0,4922082
ygfS_ygfT_predicted,0.3333333333333333,2,2,CGAATTCGTACCTCTCAACC,0,4919912
ygfS_ygfT_predicted,0.3333333333333333,2,2,CGAAGGCAGTGTGACGAAGT,0,4929918
ygfS_ygfT_predicted,0.3333333333333333,2,2,CGAAGCGGCAAATGGGTGAG,0,4909938
ygfS_ygfT_predicted,0.3333333333333333,2,2,CGAACTTCACTATATGATCC,0,4918688
ygfS_ygfT_predicted,0.3333333333333333,2,2,CGAACGGCTATGACAAACTC,0,4900984
ygfS_ygfT_predicted,0.3333333333333333,2,2,CGAACAAGAGTCCGACTTTC,0,4927343
ygfS_ygfT_predicted,0.3333333333333333,2,2,CGAAACACAATCAGCAGGGC,0,4922053
ygfS_ygfT_predicted,0.3333333333333333,2,2,CCTTTGTTTATCCTGCTCTT,0,4910869
ygfS_ygfT_predicted,0.3333333333333333,2,2,CCTTGGTACAACGTTCTGGC,0,4906674
ygfS_ygfT_predicted,0.3333333333333333,2,2,CCTTGGATCAAGGCCCAAGC,0,4921488
ygfS_ygfT_predicted,0.3333333333333333,2,2,CCTTGCGATGCCGATGTGGC,0,4913517
ygfS_ygfT_predicted,0.3333333333333333,2,2,CCTTACCGCCGACTCCGGTT,0,4921023
ygfS_ygfT_predicted,0.3333333333333333,2,2,CCTTAATAGCCAAAAGGTGT,0,4923295
ygfS_ygfT_predicted,0.3333333333333333,2,2,CCTGATAGGGTGAACGAGGC,0,4899824
ygfS_ygfT_predicted,0.3333333333333333,2,2,CCTCTCCGGCAAGTCAGCGC,0,4913039
ygfS_ygfT_predicted,0.3333333333333333,2,2,CCTCCGTGTCCCGCGGCAAC,0,4903783
ygfS_ygfT_predicted,0.3333333333333333,2,2,CCTCCGGCCGAGTGCTCTAT,0,4922473
ygfS_ygfT_predicted,0.3333333333333333,2,2,CCTATATTAACGCGACTAAA,0,4922866
ygfS_ygfT_predicted,0.3333333333333333,2,2,CCTAGTTGCCATTCTAGGAC,0,4915802
ygfS_ygfT_predicted,0.3333333333333333,2,2,CCTACAACCAGTCAATTGCT,0,4913807
ygfS_ygfT_predicted,0.3333333333333333,2,2,CCGTTGTTTCTGTAGTTAAA,0,4915967
ygfS_ygfT_predicted,0.3333333333333333,2,2,CCGTTCTTGTGACTCACGAG,0,4912387
ygfS_ygfT_predicted,0.3333333333333333,2,2,CCGTGGTTCAATGAGATCAT,0,4912114
ygfS_ygfT_predicted,0.3333333333333333,2,2,CCGTGGGATGGACCAGCGAC,0,4923940
ygfS_ygfT_predicted,0.3333333333333333,2,2,CCGTACTCTGCCCCTAGGTA,0,4921397
ygfS_ygfT_predicted,0.3333333333333333,2,2,CCGTACGTAGCTAATAAAAT,0,4913846
ygfS_ygfT_predicted,0.3333333333333333,2,2,CCGTACCGGGGACTCGCCGC,0,4899878
ygfS_ygfT_predicted,0.3333333333333333,2,2,CCGGGCATACAGAATGGTGT,0,4926505
ygfS_ygfT_predicted,0.3333333333333333,2,2,CCGGGCAATCAAGGGTCGAA,0,4928073
ygfS_ygfT_predicted,0.3333333333333333,2,2,CCGGACTCATGTGTCAGGGT,0,4915010
ygfS_ygfT_predicted,0.3333333333333333,2,2,CCGGAATGGTATCTTATAAC,0,4915742
ygfS_ygfT_predicted,0.3333333333333333,2,2,CCGGAAAGCTCTAACCCCCA,0,4909997
ygfS_ygfT_predicted,0.3333333333333333,2,2,CCGCTCCCGATGTCATACTA,0,4926590
ygfS_ygfT_predicted,0.3333333333333333,2,2,CCGCGGAAATCCTTTAACAT,0,4912133
ygfS_ygfT_predicted,0.3333333333333333,2,2,CCGCGCTAGGTCTATTCTTT,0,4928817
ygfS_ygfT_predicted,0.3333333333333333,2,2,CCGCGATGTGAGGCTTGGAG,0,4930543
ygfS_ygfT_predicted,0.3333333333333333,2,2,CCGCCTTCGCTAAAGTGTCA,0,4912358
ygfS_ygfT_predicted,0.3333333333333333,2,2,CCGCCTCGAAAAAATGTTTT,0,4926381
ygfS_ygfT_predicted,0.3333333333333333,2,2,CCGCACGTCACTAGAAATGA,0,4916806
ygfS_ygfT_predicted,0.3333333333333333,2,2,CCGACCAAGCGCAGTTCGAC,0,4926509
ygfS_ygfT_predicted,0.3333333333333333,2,2,CCGAAACCCAGGGCGGTTAG,0,4931355
ygfS_ygfT_predicted,0.3333333333333333,2,2,CCGAAAACTGCTCATACCCG,0,4904959
ygfS_ygfT_predicted,0.3333333333333333,2,2,CCCTGTGTTCGCACATCTCG,0,4912388
ygfS_ygfT_predicted,0.3333333333333333,2,2,CCCTCACCTAGCTAGATACG,0,4901164
ygfS_ygfT_predicted,0.3333333333333333,2,2,CCCGTCTTACACGGTAAACT,0,4920027
ygfS_ygfT_predicted,0.3333333333333333,2,2,CCCGGCTACGTGGCGGGCCT,0,4917734
ygfS_ygfT_predicted,0.3333333333333333,2,2,CCCCCGGCACTTTCTGACGT,0,4930366
ygfS_ygfT_predicted,0.3333333333333333,2,2,CCCCCCAGCGGACTGTTGTA,0,4901195
ygfS_ygfT_predicted,0.3333333333333333,2,2,CCCCCCAAGTGAAGAGTAGT,0,4921827
ygfS_ygfT_predicted,0.3333333333333333,2,2,CCCCATCCAATTCTCTCCAC,0,4913539
ygfS_ygfT_predicted,0.3333333333333333,2,2,CCCAGAGTACAGAGGGTATT,0,4921029
ygfS_ygfT_predicted,0.3333333333333333,2,2,CCCAAATGGGCCCTTACTTA,0,4930878
ygfS_ygfT_predicted,0.3333333333333333,2,2,CCATTGGGAGATAGGTCTGG,0,4926760
ygfS_ygfT_predicted,0.3333333333333333,2,2,CCATTCTTTGACCCGTGCAG,0,4922061
ygfS_ygfT_predicted,0.3333333333333333,2,2,CCATGGTGCGGCTATGGGGA,0,4902927
ygfS_ygfT_predicted,0.3333333333333333,2,2,CCATGATCGCCTGCCGTCGA,0,4906175
ygfS_ygfT_predicted,0.3333333333333333,2,2,CCATGAAAATACATCAGCGT,0,4904598
ygfS_ygfT_predicted,0.3333333333333333,2,2,CCATATCGTGGGACTCTCCT,0,4917087
ygfS_ygfT_predicted,0.3333333333333333,2,2,CCATAGTGAGACGTTAAGAA,0,4928533
ygfS_ygfT_predicted,0.3333333333333333,2,2,CCAGTTGCCTAAACCATAGC,0,4919961
ygfS_ygfT_predicted,0.3333333333333333,2,2,CCAGTGGACGTGAAAGTATT,0,4908258
ygfS_ygfT_predicted,0.3333333333333333,2,2,CCAGGTCTTACGCGCGGGAG,0,4927889
ygfS_ygfT_predicted,0.3333333333333333,2,2,CCAGCGTAGTTAAGCCTCAA,0,4917597
ygfS_ygfT_predicted,0.3333333333333333,2,2,CCAGAGCCCGACAGCCTTTA,0,4915237
ygfS_ygfT_predicted,0.3333333333333333,2,2,CCACTTTTTCGCACGGGGGA,0,4922059
ygfS_ygfT_predicted,0.3333333333333333,2,2,CCACTGTAATTTGGTAGGGG,0,4905448
ygfS_ygfT_predicted,0.3333333333333333,2,2,CCACAAGTGTTGGCGAGTGA,0,4926173
ygfS_ygfT_predicted,0.3333333333333333,2,2,CCAATTATCCACATCCTCAT,0,4924753
ygfS_ygfT_predicted,0.3333333333333333,2,2,CCAAGGACTATAGCTAAACA,0,4909679
ygfS_ygfT_predicted,0.3333333333333333,2,2,CATTGAGTTCGTGGGTAGGT,0,4901423
ygfS_ygfT_predicted,0.3333333333333333,2,2,CATGCTCATTGACCATACTG,0,4917329
ygfS_ygfT_predicted,0.3333333333333333,2,2,CATCCGTCCGATCCCTCGAG,0,4918548
ygfS_ygfT_predicted,0.3333333333333333,2,2,CATATTTGTGAGTAGGCTAG,0,4905125
ygfS_ygfT_predicted,0.3333333333333333,2,2,CATATCTGTCTCTCGCTTGC,0,4916109
ygfS_ygfT_predicted,0.3333333333333333,2,2,CATACTCGGGTTGAATATCC,0,4916145
ygfS_ygfT_predicted,0.3333333333333333,2,2,CATACAGTACGTCCACTTTC,0,4922016
ygfS_ygfT_predicted,0.3333333333333333,2,2,CATAACGACTCTAACGTTGA,0,4904728
ygfS_ygfT_predicted,0.3333333333333333,2,2,CAGTTGGGTACATCTTCCGT,0,4909838
ygfS_ygfT_predicted,0.3333333333333333,2,2,CAGTGGTCCAACCTAACACT,0,4910758
ygfS_ygfT_predicted,0.3333333333333333,2,2,CAGTGGGAGGGAAGATCTCT,0,4926420
ygfS_ygfT_predicted,0.3333333333333333,2,2,CAGTCTGAGCTACCGTGCCT,0,4922411
ygfS_ygfT_predicted,0.3333333333333333,2,2,CAGTCTATTCAGCCATTCCG,0,4917465
ygfS_ygfT_predicted,0.3333333333333333,2,2,CAGTAACGAAGGAACTTTCC,0,4925802
ygfS_ygfT_predicted,0.3333333333333333,2,2,CAGGTTGCGGGAGTACTCTA,0,4906981
ygfS_ygfT_predicted,0.3333333333333333,2,2,CAGGGAGGATACTTCTGCCC,0,4926508
ygfS_ygfT_predicted,0.3333333333333333,2,2,CAGGCTTGAATTGCGCCTCA,0,4922944
ygfS_ygfT_predicted,0.3333333333333333,2,2,CAGGCACCTCTGAACTCGGT,0,4919490
ygfS_ygfT_predicted,0.3333333333333333,2,2,CAGCCCCCAAATACCCGAGA,0,4923290
ygfS_ygfT_predicted,0.3333333333333333,2,2,CAGCATCGTATGCGTATGTA,0,4927944
ygfS_ygfT_predicted,0.3333333333333333,2,2,CAGATTTAAGCGCGTAGTAA,0,4928602
ygfS_ygfT_predicted,0.3333333333333333,2,2,CAGATTGGTGCAACCACCTA,0,4918717
ygfS_ygfT_predicted,0.3333333333333333,2,2,CAGATGTCCTTTTTCACGTC,0,4899899
ygfS_ygfT_predicted,0.3333333333333333,2,2,CAGAGCTGAGTCAGAACAGT,0,4927102
ygfS_ygfT_predicted,0.3333333333333333,2,2,CAGAGATTTTGAGGCATCAA,0,4928040
ygfS_ygfT_predicted,0.3333333333333333,2,2,CACTTTAGCAACTAATGGTG,0,4922631
ygfS_ygfT_predicted,0.3333333333333333,2,2,CACTTGATGGCGATCCATCC,0,4931282
ygfS_ygfT_predicted,0.3333333333333333,2,2,CACTGTAGGCTATCCAAGGG,0,4925129
ygfS_ygfT_predicted,0.3333333333333333,2,2,CACTGGTTTATTACTGGTCG,0,4923172
ygfS_ygfT_predicted,0.3333333333333333,2,2,CACTGCGAATCAACGTGTGC,0,4925239
ygfS_ygfT_predicted,0.3333333333333333,2,2,CACGTTATGAGTAATATTAC,0,4928412
ygfS_ygfT_predicted,0.3333333333333333,2,2,CACGTGGTCAGGTAGAGGGT,0,4908439
ygfS_ygfT_predicted,0.3333333333333333,2,2,CACGACGATTGGCTGCACTA,0,4923067
ygfS_ygfT_predicted,0.3333333333333333,2,2,CACCATTCACCCAATACTGG,0,4899987
ygfS_ygfT_predicted,0.3333333333333333,2,2,CACCATATGACGGAGTTGGT,0,4912972
ygfS_ygfT_predicted,0.3333333333333333,2,2,CAATTTCACCCGTCAATGTG,0,4929989
ygfS_ygfT_predicted,0.3333333333333333,2,2,CAATGGAGAGACCAAGATTT,0,4901954
ygfS_ygfT_predicted,0.3333333333333333,2,2,CAAGTCGATGCCCCGGAAGG,0,4925163
ygfS_ygfT_predicted,0.3333333333333333,2,2,CAAGCTAGAAAACCAGCATA,0,4911557
ygfS_ygfT_predicted,0.3333333333333333,2,2,CAAGCGGACAATTGGGCGTT,0,4929627
ygfS_ygfT_predicted,0.3333333333333333,2,2,CAAGCCCGTCTTGAGGAATC,0,4912474
ygfS_ygfT_predicted,0.3333333333333333,2,2,CAAGCATCGGTGCGGTTGAA,0,4901041
ygfS_ygfT_predicted,0.3333333333333333,2,2,CAAGCAATCCGCCCGGCGGT,0,4910238
ygfS_ygfT_predicted,0.3333333333333333,2,2,CAACGGGGTCACAACATCAT,0,4922179
ygfS_ygfT_predicted,0.3333333333333333,2,2,CAAAGATCAAGCATTCGAGT,0,4926980
ygfS_ygfT_predicted,0.3333333333333333,2,2,CAAAGAGGCCGATACCGGCT,0,4905050
ygfS_ygfT_predicted,0.3333333333333333,2,2,ATTTCTGTGATCATCTAGCG,0,4901365
ygfS_ygfT_predicted,0.3333333333333333,2,2,ATTTAGCTGTGCCAGCCGGA,0,4925458
ygfS_ygfT_predicted,0.3333333333333333,2,2,ATTGTAAATTATTGACGATA,0,4918728
ygfS_ygfT_predicted,0.3333333333333333,2,2,ATTGGCTTTCATAAGAAGAC,0,4906012
ygfS_ygfT_predicted,0.3333333333333333,2,2,ATTGGCTAGTGACGCAGAAT,0,4905596
ygfS_ygfT_predicted,0.3333333333333333,2,2,ATTGCCCTTTGTGATTCTCG,0,4925081
ygfS_ygfT_predicted,0.3333333333333333,2,2,ATTGCCAATGCCTTTCGTCG,0,4910954
ygfS_ygfT_predicted,0.3333333333333333,2,2,ATTCGGATCCAGGAGCGCCC,0,4926248
ygfS_ygfT_predicted,0.3333333333333333,2,2,ATTCGCGAGATACTTTAGAA,0,4903924
ygfS_ygfT_predicted,0.3333333333333333,2,2,ATTCATTTCGCGCCATATGG,0,4927703
ygfS_ygfT_predicted,0.3333333333333333,2,2,ATTCAAGGGGCCAGCATCGA,0,4901154
ygfS_ygfT_predicted,0.3333333333333333,2,2,ATTATAGGTTCACCTATAGC,0,4926246
ygfS_ygfT_predicted,0.3333333333333333,2,2,ATTAGCGCTAAAAAATTCGT,0,4927264
ygfS_ygfT_predicted,0.3333333333333333,2,2,ATTAAGTTAACGCTGCGGCC,0,4929906
ygfS_ygfT_predicted,0.3333333333333333,2,2,ATTAAATTGTATGCAAAGCA,0,4910128
ygfS_ygfT_predicted,0.3333333333333333,2,2,ATGTGTTCTGGTGTCGTGCT,0,4924956
ygfS_ygfT_predicted,0.3333333333333333,2,2,ATGGGAAAGTCACGAAGGGG,0,4907925
ygfS_ygfT_predicted,0.3333333333333333,2,2,ATGGCGCTCACGCAACAGGT,0,4904201
ygfS_ygfT_predicted,0.3333333333333333,2,2,ATGGCCAAGCGCGGCTAGAT,0,4926315
ygfS_ygfT_predicted,0.3333333333333333,2,2,ATGGAATCTACATAGGGCCT,0,4902732
ygfS_ygfT_predicted,0.3333333333333333,2,2,ATGCTCAGGCAGGTAATCTG,0,4901841
ygfS_ygfT_predicted,0.3333333333333333,2,2,ATGCGTTCTCGGCAACAACG,0,4918397
ygfS_ygfT_predicted,0.3333333333333333,2,2,ATGAGTATTTGTCTCAGGGT,0,4917755
ygfS_ygfT_predicted,0.3333333333333333,2,2,ATGACGGCGCGTGCGCCTGG,0,4920382
ygfS_ygfT_predicted,0.3333333333333333,2,2,ATGAACTACTAATAGTTTCT,0,4913414
ygfS_ygfT_predicted,0.3333333333333333,2,2,ATCTTATACGCGCCCTCGGG,0,4910190
ygfS_ygfT_predicted,0.3333333333333333,2,2,ATCTGTGGTAAGTACACTGT,0,4902144
ygfS_ygfT_predicted,0.3333333333333333,2,2,ATCTAGGGCAGTAGGCCACT,0,4917598
ygfS_ygfT_predicted,0.3333333333333333,2,2,ATCGTACGGGGAATCCGGAA,0,4914649
ygfS_ygfT_predicted,0.3333333333333333,2,2,ATCGGGCAAATGGCCGATAC,0,4909644
ygfS_ygfT_predicted,0.3333333333333333,2,2,ATCGCTTTCTGAAAGAGATG,0,4925701
ygfS_ygfT_predicted,0.3333333333333333,2,2,ATCGCCTCCGGCTGTAAGAT,0,4929385
ygfS_ygfT_predicted,0.3333333333333333,2,2,ATCGCCGTTTAGCCCAATTT,0,4928187
ygfS_ygfT_predicted,0.3333333333333333,2,2,ATCGATTTTACCCTTGGCGT,0,4907921
ygfS_ygfT_predicted,0.3333333333333333,2,2,ATCCTCGGGGGACAAGTCGA,0,4900712
ygfS_ygfT_predicted,0.3333333333333333,2,2,ATCCGGTCTACCTCGATGAC,0,4923820
ygfS_ygfT_predicted,0.3333333333333333,2,2,ATCCGGTACTCGCGGTCTCT,0,4912436
ygfS_ygfT_predicted,0.3333333333333333,2,2,ATCCCTGGTATTAAACTGTA,0,4924267
ygfS_ygfT_predicted,0.3333333333333333,2,2,ATCCATGCACGATGGATGGG,0,4901281
ygfS_ygfT_predicted,0.3333333333333333,2,2,ATCCATCCTACCTCGGTAGG,0,4923303
ygfS_ygfT_predicted,0.3333333333333333,2,2,ATCCAGCCTCCGGTAGGGCG,0,4920229
ygfS_ygfT_predicted,0.3333333333333333,2,2,ATCATGTCGGGAGATTAGAG,0,4919706
ygfS_ygfT_predicted,0.3333333333333333,2,2,ATCACTTCAGATCTAGGATT,0,4899823
ygfS_ygfT_predicted,0.3333333333333333,2,2,ATCAAGCGGAGCCTAATAAA,0,4903789
ygfS_ygfT_predicted,0.3333333333333333,2,2,ATCAAAACCGTATAATCAAT,0,4919844
ygfS_ygfT_predicted,0.3333333333333333,2,2,ATATCTGTAGCAGTAATAAT,0,4918387
ygfS_ygfT_predicted,0.3333333333333333,2,2,ATATCGGTGGACACGACAGC,0,4909204
ygfS_ygfT_predicted,0.3333333333333333,2,2,ATATAGGGGATACTTAACGT,0,4905221
ygfS_ygfT_predicted,0.3333333333333333,2,2,ATATAGCTTCGGGCTACTTG,0,4906806
ygfS_ygfT_predicted,0.3333333333333333,2,2,ATAGTTAAGCATGCTGCGTA,0,4901736
ygfS_ygfT_predicted,0.3333333333333333,2,2,ATAGTCCGTGTGTTGAGTAC,0,4921966
ygfS_ygfT_predicted,0.3333333333333333,2,2,ATAGCTTATTCATCCCGGCG,0,4909970
ygfS_ygfT_predicted,0.3333333333333333,2,2,ATAGCGGGAATCGTCAGCTT,0,4921014
ygfS_ygfT_predicted,0.3333333333333333,2,2,ATAGAGAAGTTGTAGGGCAT,0,4923482
ygfS_ygfT_predicted,0.3333333333333333,2,2,ATACTCCAGGCGTAAGCTCG,0,4926915
ygfS_ygfT_predicted,0.3333333333333333,2,2,ATAAGTGCCAAGAGACCTTC,0,4919274
ygfS_ygfT_predicted,0.3333333333333333,2,2,ATAACGTTTGCTAAGGTCGG,0,4909427
ygfS_ygfT_predicted,0.3333333333333333,2,2,ATAACGGAGTCTATTGAACG,0,4928105
ygfS_ygfT_predicted,0.3333333333333333,2,2,ATAAAATTTTTCACGGTTCG,0,4914314
ygfS_ygfT_predicted,0.3333333333333333,2,2,AGTTTTTCTCCCGTTGTTCA,0,4930743
ygfS_ygfT_predicted,0.3333333333333333,2,2,AGTTTGGGTCAAGTTCAGCG,0,4929308
ygfS_ygfT_predicted,0.3333333333333333,2,2,AGTTGCTTATGGTGTCCGAG,0,4924255
ygfS_ygfT_predicted,0.3333333333333333,2,2,AGTTGAGGCCTACTACTCAG,0,4925412
ygfS_ygfT_predicted,0.3333333333333333,2,2,AGTTCGCCCGCCCAGTTACG,0,4908479
ygfS_ygfT_predicted,0.3333333333333333,2,2,AGTTCGCAGTTTCACTTAGG,0,4917417
ygfS_ygfT_predicted,0.3333333333333333,2,2,AGTTAGCAGATCCTGTCTTA,0,4925463
ygfS_ygfT_predicted,0.3333333333333333,2,2,AGTGATTGAATTCGAACACA,0,4924454
ygfS_ygfT_predicted,0.3333333333333333,2,2,AGTGAGTTTCTGCATCATTG,0,4923020
ygfS_ygfT_predicted,0.3333333333333333,2,2,AGTATGGCGAGGCTGGTAGT,0,4924318
ygfS_ygfT_predicted,0.3333333333333333,2,2,AGTAGTCAAAAAGGCGCGGC,0,4905874
ygfS_ygfT_predicted,0.3333333333333333,2,2,AGTACACACCGTAACGAGGT,0,4909996
ygfS_ygfT_predicted,0.3333333333333333,2,2,AGTAAGCCTTAGAGGCTTTA,0,4908134
ygfS_ygfT_predicted,0.3333333333333333,2,2,AGGTTTGCTTCTAGGGGAGT,0,4929227
ygfS_ygfT_predicted,0.3333333333333333,2,2,AGGTTAAATCATCTATCGGG,0,4923352
ygfS_ygfT_predicted,0.3333333333333333,2,2,AGGGCGAATTCTAATTCATC,0,4918396
ygfS_ygfT_predicted,0.3333333333333333,2,2,AGGCGTGACGTCACCTGCTT,0,4915679
ygfS_ygfT_predicted,0.3333333333333333,2,2,AGGCAGCTCTCGCCACACTA,0,4911979
ygfS_ygfT_predicted,0.3333333333333333,2,2,AGGCAGAGAAGCATACTGTT,0,4903459
ygfS_ygfT_predicted,0.3333333333333333,2,2,AGGATGGCAGCGCTCCTTTT,0,4918279
ygfS_ygfT_predicted,0.3333333333333333,2,2,AGGATAAGCAGAACGTGGAT,0,4911344
ygfS_ygfT_predicted,0.3333333333333333,2,2,AGGAGTCTACTCTATGCATG,0,4910407
ygfS_ygfT_predicted,0.3333333333333333,2,2,AGCTTTATATACGGAACGGC,0,4919693
ygfS_ygfT_predicted,0.3333333333333333,2,2,AGCTGAATCGCACGCGGAGC,0,4908463
ygfS_ygfT_predicted,0.3333333333333333,2,2,AGCTCGGGCAAGTCTCAGCA,0,4924648
ygfS_ygfT_predicted,0.3333333333333333,2,2,AGCTACGAATGGATGACTCA,0,4907774
ygfS_ygfT_predicted,0.3333333333333333,2,2,AGCTAAAGATCGATCGACCC,0,4925360
ygfS_ygfT_predicted,0.3333333333333333,2,2,AGCGCGTAACTCTTCGACGG,0,4925569
ygfS_ygfT_predicted,0.3333333333333333,2,2,AGCGAGGACACTTACAAGTG,0,4920348
ygfS_ygfT_predicted,0.3333333333333333,2,2,AGCCCTAAGGGCGGTGAAAA,0,4924336
ygfS_ygfT_predicted,0.3333333333333333,2,2,AGCCACCCTACGCCGACGCG,0,4907199
ygfS_ygfT_predicted,0.3333333333333333,2,2,AGCATAAGCCTTTCCAGGCG,0,4903535
ygfS_ygfT_predicted,0.3333333333333333,2,2,AGCAATTGACCGCAGTATTC,0,4922703
ygfS_ygfT_predicted,0.3333333333333333,2,2,AGCAACGGCCCGGTACGGCA,0,4929141
ygfS_ygfT_predicted,0.3333333333333333,2,2,AGATTAAGAATACGTTTCAT,0,4919951
ygfS_ygfT_predicted,0.3333333333333333,2,2,AGATGTACCATCATCCTGTG,0,4905166
ygfS_ygfT_predicted,0.3333333333333333,2,2,AGATATTACCGGTTTAAAGG,0,4912497
ygfS_ygfT_predicted,0.3333333333333333,2,2,AGATAGAATTCGTAGTGAAG,0,4908789
ygfS_ygfT_predicted,0.3333333333333333,2,2,AGATACCCTGTCAATCAGGC,0,4906951
ygfS_ygfT_predicted,0.3333333333333333,2,2,AGATAAAAATACACCTAGGT,0,4906381
ygfS_ygfT_predicted,0.3333333333333333,2,2,AGAGGGTAAAGTCGGATAAG,0,4925782
ygfS_ygfT_predicted,0.3333333333333333,2,2,AGAGGCTAAACTGAGCGTCG,0,4927433
ygfS_ygfT_predicted,0.3333333333333333,2,2,AGACCATAGCTCGCGAATTG,0,4911028
ygfS_ygfT_predicted,0.3333333333333333,2,2,AGAATGCTGCCAAACGTCGG,0,4927660
ygfS_ygfT_predicted,0.3333333333333333,2,2,AGAATGAGCGAGTTAAGAAA,0,4900401
ygfS_ygfT_predicted,0.3333333333333333,2,2,AGAACCCTACACACATATGA,0,4930720
ygfS_ygfT_predicted,0.3333333333333333,2,2,AGAAACCCACGGAACACCCT,0,4906562
ygfS_ygfT_predicted,0.3333333333333333,2,2,ACTTGAACCTCGAAGATGTA,0,4910748
ygfS_ygfT_predicted,0.3333333333333333,2,2,ACTTACGTCCAGCCCCCCCG,0,4911626
ygfS_ygfT_predicted,0.3333333333333333,2,2,ACTGTAGAAAAGATCTATGC,0,4904008
ygfS_ygfT_predicted,0.3333333333333333,2,2,ACTGTAACTCCGGGCGTTCC,0,4924697
ygfS_ygfT_predicted,0.3333333333333333,2,2,ACTGGTCTTACCCTGAGACT,0,4900681
ygfS_ygfT_predicted,0.3333333333333333,2,2,ACTGCTACTGAATCGGTCTC,0,4928205
ygfS_ygfT_predicted,0.3333333333333333,2,2,ACTCGAGCGAAATTGGACCA,0,4900735
ygfS_ygfT_predicted,0.3333333333333333,2,2,ACTATGCAAGTTTAGACTGC,0,4907462
ygfS_ygfT_predicted,0.3333333333333333,2,2,ACGTTGATCTTTCATTAAAA,0,4911724
ygfS_ygfT_predicted,0.3333333333333333,2,2,ACGTTCAGTATGCACAGTGG,0,4910685
ygfS_ygfT_predicted,0.3333333333333333,2,2,ACGTTAAGGCGAGTCGCCGG,0,4900718
ygfS_ygfT_predicted,0.3333333333333333,2,2,ACGTGCATGGTACGGTAACG,0,4902090
ygfS_ygfT_predicted,0.3333333333333333,2,2,ACGTCCAAACTTTCTACCCG,0,4930990
ygfS_ygfT_predicted,0.3333333333333333,2,2,ACGTATGGGCCTTCGCCAAG,0,4909232
ygfS_ygfT_predicted,0.3333333333333333,2,2,ACGGTTCCATATTGTGCTGC,0,4922619
ygfS_ygfT_predicted,0.3333333333333333,2,2,ACGGGGAAAGGGGGGAGAGT,0,4915342
ygfS_ygfT_predicted,0.3333333333333333,2,2,ACGGGATATTCTGACCTTTT,0,4923204
ygfS_ygfT_predicted,0.3333333333333333,2,2,ACGGCTAGAGGCTACGACAA,0,4907708
ygfS_ygfT_predicted,0.3333333333333333,2,2,ACGGCTAGAGCCGCGCTCGT,0,4910759
ygfS_ygfT_predicted,0.3333333333333333,2,2,ACGGCCAGATCGGGTGCTTG,0,4916095
ygfS_ygfT_predicted,0.3333333333333333,2,2,ACGCGGGCGTGATTGGTTAC,0,4926734
ygfS_ygfT_predicted,0.3333333333333333,2,2,ACGCACGGTGTGGTCGCATG,0,4920726
ygfS_ygfT_predicted,0.3333333333333333,2,2,ACGCAAAGTCCTTACCCAAA,0,4899933
ygfS_ygfT_predicted,0.3333333333333333,2,2,ACGATATACGACACGTGGTA,0,4909931
ygfS_ygfT_predicted,0.3333333333333333,2,2,ACGAGTGCGTAAAGCGGACC,0,4926252
ygfS_ygfT_predicted,0.3333333333333333,2,2,ACGAATATTGTGGTGCCGTT,0,4903029
ygfS_ygfT_predicted,0.3333333333333333,2,2,ACGAACCCTGTTCAAGTGTG,0,4920330
ygfS_ygfT_predicted,0.3333333333333333,2,2,ACCTCCAACCTTTGTTTGAT,0,4925205
ygfS_ygfT_predicted,0.3333333333333333,2,2,ACCTCATTGGCTAAAAACTA,0,4912330
ygfS_ygfT_predicted,0.3333333333333333,2,2,ACCTATAAAGACAGAGGGGC,0,4929461
ygfS_ygfT_predicted,0.3333333333333333,2,2,ACCTACTCGGTAGAGCTGTT,0,4904729
ygfS_ygfT_predicted,0.3333333333333333,2,2,ACCGTAGATAGGATAGTTAC,0,4915272
ygfS_ygfT_predicted,0.3333333333333333,2,2,ACCGGTCTAATAATAACGAA,0,4918420
ygfS_ygfT_predicted,0.3333333333333333,2,2,ACCGCGGGAATGGGTATCAG,0,4920572
ygfS_ygfT_predicted,0.3333333333333333,2,2,ACCGCCTATAGGCCGAGCTC,0,4926851
ygfS_ygfT_predicted,0.3333333333333333,2,2,ACCGAAGGAATTTTCTCCAT,0,4903055
ygfS_ygfT_predicted,0.3333333333333333,2,2,ACCCTTCCTTATTAGCACTA,0,4929015
ygfS_ygfT_predicted,0.3333333333333333,2,2,ACCCTGTGCATCCGGGGCTC,0,4922233
ygfS_ygfT_predicted,0.3333333333333333,2,2,ACCCTCTACGTGCCGGATCG,0,4903514
ygfS_ygfT_predicted,0.3333333333333333,2,2,ACCCATCGTGTAAAGAGTCT,0,4913251
ygfS_ygfT_predicted,0.3333333333333333,2,2,ACCAGGCAGTATAGTCATTG,0,4907541
ygfS_ygfT_predicted,0.3333333333333333,2,2,ACCAACCACGTGGCTGTATA,0,4927018
ygfS_ygfT_predicted,0.3333333333333333,2,2,ACATTTCATGGTAGAAGACA,0,4930476
ygfS_ygfT_predicted,0.3333333333333333,2,2,ACATTTAAGGCATCTCGCTG,0,4913425
ygfS_ygfT_predicted,0.3333333333333333,2,2,ACATTGGCATTGGGGCGTAA,0,4928563
ygfS_ygfT_predicted,0.3333333333333333,2,2,ACATTAAAAAGTTGGCCGAC,0,4930392
ygfS_ygfT_predicted,0.3333333333333333,2,2,ACATGCGTGACCGTTTCGCT,0,4929813
ygfS_ygfT_predicted,0.3333333333333333,2,2,ACATAGGCCCGTTGATCCGT,0,4908488
ygfS_ygfT_predicted,0.3333333333333333,2,2,ACAGTCGTTGCCCAATAATC,0,4922518
ygfS_ygfT_predicted,0.3333333333333333,2,2,ACAGATTTAGATACGCGTTA,0,4926630
ygfS_ygfT_predicted,0.3333333333333333,2,2,ACAGATACTATTTATTGCCA,0,4919277
ygfS_ygfT_predicted,0.3333333333333333,2,2,ACAGAGCGGGTCTAGGCAAT,0,4923262
ygfS_ygfT_predicted,0.3333333333333333,2,2,ACACCACACCGGTGCTGCAG,0,4925123
ygfS_ygfT_predicted,0.3333333333333333,2,2,ACAAGGCAGCGTTCGGCGTC,0,4913454
ygfS_ygfT_predicted,0.3333333333333333,2,2,AATTTCAGCTGTCCCGCGAC,0,4915877
ygfS_ygfT_predicted,0.3333333333333333,2,2,AATTCGGGTAGGTGGGCAGC,0,4900231
ygfS_ygfT_predicted,0.3333333333333333,2,2,AATTACAGTAAGTGGTGTCT,0,4903845
ygfS_ygfT_predicted,0.3333333333333333,2,2,AATTAAGATCAAGAAGTCTC,0,4910163
ygfS_ygfT_predicted,0.3333333333333333,2,2,AATGTAGCCCGACCATTCAT,0,4930951
ygfS_ygfT_predicted,0.3333333333333333,2,2,AATGACACGCGGCTAGACTG,0,4907450
ygfS_ygfT_predicted,0.3333333333333333,2,2,AATGAAGTGGGCAGTCGCGC,0,4908364
ygfS_ygfT_predicted,0.3333333333333333,2,2,AATGAAGTCTTCGTTGGGGT,0,4904732
ygfS_ygfT_predicted,0.3333333333333333,2,2,AATCTCTCAGCGCTCCTAAC,0,4909638
ygfS_ygfT_predicted,0.3333333333333333,2,2,AATATTTGGAGGACTACGGG,0,4922426
ygfS_ygfT_predicted,0.3333333333333333,2,2,AATATCCCTCTCTATGCACA,0,4919970
ygfS_ygfT_predicted,0.3333333333333333,2,2,AATAGAATTCTAAGCCCGGT,0,4906808
ygfS_ygfT_predicted,0.3333333333333333,2,2,AATACAGGGGCAAAAATCAC,0,4915099
ygfS_ygfT_predicted,0.3333333333333333,2,2,AAGTTTCTGGTTAGTACGGG,0,4929754
ygfS_ygfT_predicted,0.3333333333333333,2,2,AAGTCGAGTCTTTGCGCATA,0,4909331
ygfS_ygfT_predicted,0.3333333333333333,2,2,AAGTCACCGGACATTTAACT,0,4927395
ygfS_ygfT_predicted,0.3333333333333333,2,2,AAGTAGGGAGCCCGGCATAA,0,4913646
ygfS_ygfT_predicted,0.3333333333333333,2,2,AAGTAGGACAACCAAAGACC,0,4918408
ygfS_ygfT_predicted,0.3333333333333333,2,2,AAGTACATAGATAAGTGTCA,0,4901309
ygfS_ygfT_predicted,0.3333333333333333,2,2,AAGGTTAGAAACTCATATGC,0,4925997
ygfS_ygfT_predicted,0.3333333333333333,2,2,AAGGTCCAAGGAGGAAACAA,0,4930043
ygfS_ygfT_predicted,0.3333333333333333,2,2,AAGGCGCGCACCGTCCACAG,0,4919336
ygfS_ygfT_predicted,0.3333333333333333,2,2,AAGGAACAGATGAAGTCACA,0,4926025
ygfS_ygfT_predicted,0.3333333333333333,2,2,AAGCTTGCAATTCGCGCGCA,0,4902510
ygfS_ygfT_predicted,0.3333333333333333,2,2,AAGCGTTCGCAGGCTTCTGT,0,4919473
ygfS_ygfT_predicted,0.3333333333333333,2,2,AAGCCTGATAGTACTCCAGT,0,4904790
ygfS_ygfT_predicted,0.3333333333333333,2,2,AAGATCCGGCAGTATGCGGA,0,4909405
ygfS_ygfT_predicted,0.3333333333333333,2,2,AAGAGCTTTGATTCCCACCC,0,4926286
ygfS_ygfT_predicted,0.3333333333333333,2,2,AAGAGCCCATCTGGGACCCC,0,4901716
ygfS_ygfT_predicted,0.3333333333333333,2,2,AAGAGAGTTCGTTATGATCG,0,4913635
ygfS_ygfT_predicted,0.3333333333333333,2,2,AAGAAGGCGGTGCAACGTCG,0,4911092
ygfS_ygfT_predicted,0.3333333333333333,2,2,AAGAAGCGTGCTACTAGCGT,0,4918707
ygfS_ygfT_predicted,0.3333333333333333,2,2,AACTGTATGTGGGCTGCCAC,0,4919489
ygfS_ygfT_predicted,0.3333333333333333,2,2,AACGTTGTTGCACTCTAAGT,0,4910373
ygfS_ygfT_predicted,0.3333333333333333,2,2,AACGTACAAAAGCCTCAAAT,0,4918479
ygfS_ygfT_predicted,0.3333333333333333,2,2,AACGCGCCGGGGCTACCGTA,0,4930473
ygfS_ygfT_predicted,0.3333333333333333,2,2,AACGAGCGGGCATATTGAAA,0,4927017
ygfS_ygfT_predicted,0.3333333333333333,2,2,AACGAGATTCGATATAATGC,0,4900532
ygfS_ygfT_predicted,0.3333333333333333,2,2,AACCGTGGCGCAAGGAGATT,0,4916275
ygfS_ygfT_predicted,0.3333333333333333,2,2,AACCCTTTCCGCCAGCGTTG,0,4929250
ygfS_ygfT_predicted,0.3333333333333333,2,2,AACAGTCTGCGGTTTACGTT,0,4905110
ygfS_ygfT_predicted,0.3333333333333333,2,2,AACACTCGGGACGTTACCCC,0,4920894
ygfS_ygfT_predicted,0.3333333333333333,2,2,AAATGTACTTTTCATTACAA,0,4905430
ygfS_ygfT_predicted,0.3333333333333333,2,2,AAAGGAACTTATTCCTGGGT,0,4927657
ygfS_ygfT_predicted,0.3333333333333333,2,2,AAAGCTGTGAACAATTCGAA,0,4924652
ygfS_ygfT_predicted,0.3333333333333333,2,2,AAAGCTCTACGCGTCAAATC,0,4929356
ygfS_ygfT_predicted,0.3333333333333333,2,2,AAAGCACGGGGAGCCATGGC,0,4929298
ygfS_ygfT_predicted,0.3333333333333333,2,2,AAACGATTTGCGAGCTAGTT,0,4926628
ygfS_ygfT_predicted,0.3333333333333333,2,2,AAACAAAGGCGGCAATCGGC,0,4901270
ygfS_ygfT_predicted,0.3333333333333333,2,2,AAAATTGGGTAGTTATGCAG,0,4909182
ygfS_ygfT_predicted,0.5,1,1,TTTTTTCGCAGTATTTGTAT,0,4919036
ygfS_ygfT_predicted,0.5,1,1,TTTTCTCATAGTATGTACCC,0,4904265
ygfS_ygfT_predicted,0.5,1,1,TTTTCGTTAGAACCCACTCC,0,4906639
ygfS_ygfT_predicted,0.5,1,1,TTTGTTTATTCCAAAATTAG,0,4920774
ygfS_ygfT_predicted,0.5,1,1,TTTGTGTATTCCTAGGTCAC,0,4912062
ygfS_ygfT_predicted,0.5,1,1,TTTGTGGCAGCAGTGACAAC,0,4915323
ygfS_ygfT_predicted,0.5,1,1,TTTGGCAATCAACGCACAGG,0,4908139
ygfS_ygfT_predicted,0.5,1,1,TTTGCGCGTCAATAAGCTAC,0,4931373
ygfS_ygfT_predicted,0.5,1,1,TTTGAATGATCATAGTGTGC,0,4923760
ygfS_ygfT_predicted,0.5,1,1,TTTCTTGGCGCACGAAGCTT,0,4930014
ygfS_ygfT_predicted,0.5,1,1,TTTCTGATCACTATAGCTGG,0,4917878
ygfS_ygfT_predicted,0.5,1,1,TTTCCGAAATATAAGCGGAC,0,4900490
ygfS_ygfT_predicted,0.5,1,1,TTTCAGCCAGTGGTCATTGG,0,4899757
ygfS_ygfT_predicted,0.5,1,1,TTTCAAGTAGTCCTAAAGGG,0,4919350
ygfS_ygfT_predicted,0.5,1,1,TTTATCCGAGGGTACACACT,0,4910822
ygfS_ygfT_predicted,0.5,1,1,TTTAGTCAACAATACCGAGG,0,4914970
ygfS_ygfT_predicted,0.5,1,1,TTTAGGTGTAGAGGGGACCA,0,4913720
ygfS_ygfT_predicted,0.5,1,1,TTTAATAAGTCTCGGTCGCC,0,4906158
ygfS_ygfT_predicted,0.5,1,1,TTTAAAGCTTAGGATATCGG,0,4906032
ygfS_ygfT_predicted,0.5,1,1,TTTAAACGTGCCAACTTCGC,0,4919552
ygfS_ygfT_predicted,0.5,1,1,TTTAAACGGGGTTGGAGGTT,0,4910046
ygfS_ygfT_predicted,0.5,1,1,TTGTCTCAAATATATACTAG,0,4902131
ygfS_ygfT_predicted,0.5,1,1,TTGTCATAACAATCGGATCT,0,4913566
ygfS_ygfT_predicted,0.5,1,1,TTGTATCTTATCCCAACCCT,0,4906222
ygfS_ygfT_predicted,0.5,1,1,TTGTATCCCCTTCATTGTTT,0,4929313
ygfS_ygfT_predicted,0.5,1,1,TTGGTAGATGCAAGCAAGTA,0,4901091
ygfS_ygfT_predicted,0.5,1,1,TTGGGGCACGGGTCAGCTAC,0,4900888
ygfS_ygfT_predicted,0.5,1,1,TTGGGAACTGTATAAGTGAC,0,4926208
ygfS_ygfT_predicted,0.5,1,1,TTGGCTCAGACCGGACCGTG,0,4908632
ygfS_ygfT_predicted,0.5,1,1,TTGCTTTTTAAGAGCTGAGT,0,4916195
ygfS_ygfT_predicted,0.5,1,1,TTGCTGAATCTAGTAATCGG,0,4922795
ygfS_ygfT_predicted,0.5,1,1,TTGCCGCGACCTGAGCTAAT,0,4910412
ygfS_ygfT_predicted,0.5,1,1,TTGCCACCACTCTCCGGTGC,0,4913647
ygfS_ygfT_predicted,0.5,1,1,TTGATGATGTCATCAGCCTT,0,4904220
ygfS_ygfT_predicted,0.5,1,1,TTGAGTGTTTGTATCCTACA,0,4905921
ygfS_ygfT_predicted,0.5,1,1,TTGAGCAGGATGCGGGGGTT,0,4921932
ygfS_ygfT_predicted,0.5,1,1,TTGACGATCGTGTCGTGAGA,0,4904802
ygfS_ygfT_predicted,0.5,1,1,TTGAATTAGACTTCTCTTGT,0,4915016
ygfS_ygfT_predicted,0.5,1,1,TTGAAAGCGACGCAGCCCTC,0,4912673
ygfS_ygfT_predicted,0.5,1,1,TTGAAAGCACAGCGGCGACG,0,4905705
ygfS_ygfT_predicted,0.5,1,1,TTCTCCGTGGGGCGCTGCTT,0,4904473
ygfS_ygfT_predicted,0.5,1,1,TTCGGTGAGGAATTACCCAT,0,4926835
ygfS_ygfT_predicted,0.5,1,1,TTCGGGTTCGCGTATAGGGT,0,4903274
ygfS_ygfT_predicted,0.5,1,1,TTCGCTAGAATTATAACAAG,0,4923759
ygfS_ygfT_predicted,0.5,1,1,TTCCTTCTCACTGCCGTGTG,0,4930318
ygfS_ygfT_predicted,0.5,1,1,TTCATCGTATTGTGGACATT,0,4923452
ygfS_ygfT_predicted,0.5,1,1,TTCAGGTCGTCGCGGTGGTA,0,4909709
ygfS_ygfT_predicted,0.5,1,1,TTCACTCACCAGATCTCCAT,0,4927225
ygfS_ygfT_predicted,0.5,1,1,TTCACGATCTCTAGGCAACT,0,4909733
ygfS_ygfT_predicted,0.5,1,1,TTCACCATTGTGCAAAGGGG,0,4904164
ygfS_ygfT_predicted,0.5,1,1,TTATTTCAAAAACATCGTCC,0,4906963
ygfS_ygfT_predicted,0.5,1,1,TTATCGCGGGGGGGAGTTAC,0,4929256
ygfS_ygfT_predicted,0.5,1,1,TTATATGGGTAGGTTCTCAT,0,4913416
ygfS_ygfT_predicted,0.5,1,1,TTATAACCAAGGCACCCTTG,0,4901115
ygfS_ygfT_predicted,0.5,1,1,TTAGCCTCGTCATGGGACGT,0,4914907
ygfS_ygfT_predicted,0.5,1,1,TTACCTCCAGCATTAGCTGT,0,4923798
ygfS_ygfT_predicted,0.5,1,1,TTACCCTAATTGGGGAAGAA,0,4920956
ygfS_ygfT_predicted,0.5,1,1,TTACAACAACATCGTGTTGC,0,4903074
ygfS_ygfT_predicted,0.5,1,1,TTAATGCCAGTAGAATCCAG,0,4929175
ygfS_ygfT_predicted,0.5,1,1,TTAACGCGTTACGGCGGCCA,0,4905027
ygfS_ygfT_predicted,0.5,1,1,TTAAAGGGCTAGCCTTCATC,0,4923761
ygfS_ygfT_predicted,0.5,1,1,TTAAAGAGTTTATACTCTTC,0,4905118
ygfS_ygfT_predicted,0.5,1,1,TTAAACTCCAGAGAAGGTTT,0,4914624
ygfS_ygfT_predicted,0.5,1,1,TTAAACGAAATAGGCTGGGA,0,4911165
ygfS_ygfT_predicted,0.5,1,1,TGTTTATAGGTAACCAACGG,0,4919522
ygfS_ygfT_predicted,0.5,1,1,TGTTGTAGTGTTGCTAGCAT,0,4921643
ygfS_ygfT_predicted,0.5,1,1,TGTTAGTCAGTTAGCCTTGT,0,4917692
ygfS_ygfT_predicted,0.5,1,1,TGTTAGGTGGCCAAGCCTGA,0,4906403
ygfS_ygfT_predicted,0.5,1,1,TGTTACGCTGACTGCCGAAG,0,4919240
ygfS_ygfT_predicted,0.5,1,1,TGTGTGTCAGAATAGGGATT,0,4919656
ygfS_ygfT_predicted,0.5,1,1,TGTGAGTAGCCCAACGCTGG,0,4920934
ygfS_ygfT_predicted,0.5,1,1,TGTCGGTTCTTCCGCGATAG,0,4915777
ygfS_ygfT_predicted,0.5,1,1,TGTATTCTATGTCGATATTC,0,4920222
ygfS_ygfT_predicted,0.5,1,1,TGTATGGTCGGGGAGGGTGA,0,4910517
ygfS_ygfT_predicted,0.5,1,1,TGTAGATGACAAACGCCGAC,0,4929932
ygfS_ygfT_predicted,0.5,1,1,TGTAACAGCTGACTAAGCCG,0,4904229
ygfS_ygfT_predicted,0.5,1,1,TGGTGGGCCGTCCAGGCTAT,0,4917388
ygfS_ygfT_predicted,0.5,1,1,TGGTGCCCCCTGCCCCGGAG,0,4903715
ygfS_ygfT_predicted,0.5,1,1,TGGTATCGGCTGACTTCGCT,0,4924958
ygfS_ygfT_predicted,0.5,1,1,TGGTACAGCTCAAGTCTAAC,0,4919347
ygfS_ygfT_predicted,0.5,1,1,TGGTAACTACATAGTTGGTC,0,4922440
ygfS_ygfT_predicted,0.5,1,1,TGGGGCAGATTGTGAGGTTT,0,4924206
ygfS_ygfT_predicted,0.5,1,1,TGGGCTATTCATTGCGGATA,0,4907344
ygfS_ygfT_predicted,0.5,1,1,TGGCTCTTGCACGCGGTTCA,0,4907149
ygfS_ygfT_predicted,0.5,1,1,TGGCGCTAAGTTAACGACAA,0,4905263
ygfS_ygfT_predicted,0.5,1,1,TGGCCTTAGCCTCGACCCGT,0,4911945
ygfS_ygfT_predicted,0.5,1,1,TGGCCCCACCTATATGACTC,0,4920867
ygfS_ygfT_predicted,0.5,1,1,TGGATATTGGGATCACACGC,0,4911022
ygfS_ygfT_predicted,0.5,1,1,TGGAGAGAACCTCCAGCCGA,0,4925375
ygfS_ygfT_predicted,0.5,1,1,TGGAATGATACAGTAGGGCA,0,4923840
ygfS_ygfT_predicted,0.5,1,1,TGGAATCGGGTTGAAGGGGT,0,4908271
ygfS_ygfT_predicted,0.5,1,1,TGGAACAAGTTAAGTTGGAC,0,4909497
ygfS_ygfT_predicted,0.5,1,1,TGGAAAAGGTCCGCTTTAAC,0,4902296
ygfS_ygfT_predicted,0.5,1,1,TGCTTTTTCGTGTGATCTCT,0,4914425
ygfS_ygfT_predicted,0.5,1,1,TGCTTAGAAAGTTTGCATCG,0,4906608
ygfS_ygfT_predicted,0.5,1,1,TGCTGTTTGAACTGCCAGGA,0,4928145
ygfS_ygfT_predicted,0.5,1,1,TGCTGGGAGTCAGATACCAC,0,4926175
ygfS_ygfT_predicted,0.5,1,1,TGCTCGCCAGTGTACATATC,0,4923937
ygfS_ygfT_predicted,0.5,1,1,TGCGGTTTAGTTGACTACGC,0,4902011
ygfS_ygfT_predicted,0.5,1,1,TGCGGTTCTTCGTTTGGGTT,0,4921955
ygfS_ygfT_predicted,0.5,1,1,TGCGGTCGGTTGGCCTAGGT,0,4908203
ygfS_ygfT_predicted,0.5,1,1,TGCGGTATCTATCCACGAAG,0,4925732
ygfS_ygfT_predicted,0.5,1,1,TGCGGCTCATATGGGCATTG,0,4905162
ygfS_ygfT_predicted,0.5,1,1,TGCCCGCACGTAACTCAAAG,0,4927080
ygfS_ygfT_predicted,0.5,1,1,TGCCCAGGAGGCCATTGTCC,0,4906298
ygfS_ygfT_predicted,0.5,1,1,TGCATTTTCAGCTTCCCACA,0,4929258
ygfS_ygfT_predicted,0.5,1,1,TGCAGTTGTGAGAGAACATA,0,4920639
ygfS_ygfT_predicted,0.5,1,1,TGCAGGCTAGCTCAGACATG,0,4918137
ygfS_ygfT_predicted,0.5,1,1,TGCAGCGCTGGGTTCAGCCA,0,4904050
ygfS_ygfT_predicted,0.5,1,1,TGCAATCTAAACCCCCCAAG,0,4914191
ygfS_ygfT_predicted,0.5,1,1,TGATTGCACAAGATGACTGA,0,4920408
ygfS_ygfT_predicted,0.5,1,1,TGATGTAGGCTCCTGTGTAC,0,4900262
ygfS_ygfT_predicted,0.5,1,1,TGATGAGTCGGGAAACCTAC,0,4918784
ygfS_ygfT_predicted,0.5,1,1,TGAGTGAAATCCGTAATTGT,0,4910386
ygfS_ygfT_predicted,0.5,1,1,TGAGTCGGTCCGCGACATAG,0,4918882
ygfS_ygfT_predicted,0.5,1,1,TGAGTAAAAGTCTTGAAGAT,0,4928394
ygfS_ygfT_predicted,0.5,1,1,TGAGGTTCGTCCCTGAACCC,0,4927202
ygfS_ygfT_predicted,0.5,1,1,TGAGACGTATATTCCGCCTG,0,4901875
ygfS_ygfT_predicted,0.5,1,1,TGACTGCCTTTCTTCCACCA,0,4911842
ygfS_ygfT_predicted,0.5,1,1,TGACTGAACGTCGGGAACAC,0,4925983
ygfS_ygfT_predicted,0.5,1,1,TGACACTTCTTAAAACGCTT,0,4921545
ygfS_ygfT_predicted,0.5,1,1,TCTTTTCACGCTTCTTCGTC,0,4928705
ygfS_ygfT_predicted,0.5,1,1,TCTGGGTCCTACCCGAGCAT,0,4928082
ygfS_ygfT_predicted,0.5,1,1,TCTGCATGTCGAATTTCTAG,0,4926299
ygfS_ygfT_predicted,0.5,1,1,TCTCTCAAGGGGGCAAAACT,0,4923663
ygfS_ygfT_predicted,0.5,1,1,TCTCCAGCCGTGCTTCATTG,0,4917112
ygfS_ygfT_predicted,0.5,1,1,TCTCCAAGTCTCGTTGTGTA,0,4929562
ygfS_ygfT_predicted,0.5,1,1,TCTCATGCGAAACCAAATAT,0,4902075
ygfS_ygfT_predicted,0.5,1,1,TCTATTGTACTTAACGAGGA,0,4924925
ygfS_ygfT_predicted,0.5,1,1,TCTAGAGGCGACTCCTTGCT,0,4925113
ygfS_ygfT_predicted,0.5,1,1,TCTAGAGCAAAGCAGTGACC,0,4905686
ygfS_ygfT_predicted,0.5,1,1,TCGTAGGTGCACGAGTGCGG,0,4920522
ygfS_ygfT_predicted,0.5,1,1,TCGGTTAAATCGTTCCCTCA,0,4900194
ygfS_ygfT_predicted,0.5,1,1,TCGGTGCCAAGGGTATTTAG,0,4905226
ygfS_ygfT_predicted,0.5,1,1,TCGGGAGGATGGAACCGCGT,0,4922884
ygfS_ygfT_predicted,0.5,1,1,TCGGCGTGAACGGCGATGCC,0,4903191
ygfS_ygfT_predicted,0.5,1,1,TCGGCGGCCAACTGTCCTAG,0,4906741
ygfS_ygfT_predicted,0.5,1,1,TCGCGCGTCTCCGCTCCGAT,0,4917889
ygfS_ygfT_predicted,0.5,1,1,TCGCGAGGATGTCCCCAGAT,0,4912165
ygfS_ygfT_predicted,0.5,1,1,TCGCCTTGTGAAGTAATGGG,0,4903125
ygfS_ygfT_predicted,0.5,1,1,TCGCCACAGCCGCCACAGGC,0,4905343
ygfS_ygfT_predicted,0.5,1,1,TCGCAAGGTGGCTAGTAGAG,0,4930319
ygfS_ygfT_predicted,0.5,1,1,TCGATTTATCGTTAGCTCCC,0,4925160
ygfS_ygfT_predicted,0.5,1,1,TCGAAGGGCGCTAATTGGTT,0,4925166
ygfS_ygfT_predicted,0.5,1,1,TCGAAGACTGGCTGGAGTCT,0,4926916
ygfS_ygfT_predicted,0.5,1,1,TCCTATTGACGCGACGCTCT,0,4915700
ygfS_ygfT_predicted,0.5,1,1,TCCTAATTGGTACATGGCAG,0,4928878
ygfS_ygfT_predicted,0.5,1,1,TCCGGTGGCAAGATATTAGT,0,4913930
ygfS_ygfT_predicted,0.5,1,1,TCCGGCCGGCCGCCGAATCC,0,4906199
ygfS_ygfT_predicted,0.5,1,1,TCCGCTATCATTCAACCCAG,0,4928800
ygfS_ygfT_predicted,0.5,1,1,TCCGACGCTTGTAGATATCG,0,4925517
ygfS_ygfT_predicted,0.5,1,1,TCCGAACAGTGTTCAACAGT,0,4906198
ygfS_ygfT_predicted,0.5,1,1,TCCCGGGATGTTTTCCCAGA,0,4909240
ygfS_ygfT_predicted,0.5,1,1,TCCCGAACATAATAATTATA,0,4912988
ygfS_ygfT_predicted,0.5,1,1,TCCCCGAATCGTCTCAAGTT,0,4906173
ygfS_ygfT_predicted,0.5,1,1,TCCATTGATGAGTAAGGAAT,0,4928226
ygfS_ygfT_predicted,0.5,1,1,TCCATCAGTATTCTGAGAGA,0,4909024
ygfS_ygfT_predicted,0.5,1,1,TCCAGCGGGGCAACACCGAG,0,4915839
ygfS_ygfT_predicted,0.5,1,1,TCCAGAAGAGGTCTTGTTCC,0,4910688
ygfS_ygfT_predicted,0.5,1,1,TCCACGAGCACGGGTTCGGA,0,4901976
ygfS_ygfT_predicted,0.5,1,1,TCCACCAGGTTACATGGTTT,0,4927327
ygfS_ygfT_predicted,0.5,1,1,TCCAAGCTCTTGTTGAGCCA,0,4901512
ygfS_ygfT_predicted,0.5,1,1,TCATTGCTTTAATTTCAGCT,0,4916279
ygfS_ygfT_predicted,0.5,1,1,TCATGCTTATCGAGGTGACC,0,4919738
ygfS_ygfT_predicted,0.5,1,1,TCATATGTATGCACTAGCTT,0,4924614
ygfS_ygfT_predicted,0.5,1,1,TCATAATGGTGTGACCGGTT,0,4925555
ygfS_ygfT_predicted,0.5,1,1,TCAGTTTTCAGTTGGAACAT,0,4920209
ygfS_ygfT_predicted,0.5,1,1,TCAGTTTGTAGTTCCATGAT,0,4931248
ygfS_ygfT_predicted,0.5,1,1,TCAGTGTCTGCAGCTCGCGG,0,4905957
ygfS_ygfT_predicted,0.5,1,1,TCACCGGGCGGCAGTAGAGT,0,4908535
ygfS_ygfT_predicted,0.5,1,1,TCACACCATGGGCTCAGCAG,0,4924222
ygfS_ygfT_predicted,0.5,1,1,TCAATATCCTTACGTCAACG,0,4930204
ygfS_ygfT_predicted,0.5,1,1,TATTTTGGGGTTCTCTCATT,0,4904341
ygfS_ygfT_predicted,0.5,1,1,TATTTAGAAGCGTATCAACA,0,4921068
ygfS_ygfT_predicted,0.5,1,1,TATTCCATGGATCGGATTGT,0,4911105
ygfS_ygfT_predicted,0.5,1,1,TATGTAGAGCTGTGATAGCG,0,4928926
ygfS_ygfT_predicted,0.5,1,1,TATGGAATCTCGGCGACGGT,0,4925394
ygfS_ygfT_predicted,0.5,1,1,TATGCACTAGACGAAGGATG,0,4918442
ygfS_ygfT_predicted,0.5,1,1,TATGACAATTGTCTGTAATA,0,4924427
ygfS_ygfT_predicted,0.5,1,1,TATCTGGGCCATCGAGCTGG,0,4924165
ygfS_ygfT_predicted,0.5,1,1,TATCTGCGAAATTCCCAGAA,0,4905433
ygfS_ygfT_predicted,0.5,1,1,TATCAGACTATCGCCATCTA,0,4905734
ygfS_ygfT_predicted,0.5,1,1,TATATTTTGCTTGGGGTTGG,0,4918608
ygfS_ygfT_predicted,0.5,1,1,TATATCTTACGTCCGGTTTT,0,4904153
ygfS_ygfT_predicted,0.5,1,1,TATAGGGGTTCGTTGATATT,0,4908072
ygfS_ygfT_predicted,0.5,1,1,TATACTAAGAGTGGGTATAG,0,4913424
ygfS_ygfT_predicted,0.5,1,1,TAGGTTGGCGTACGGGGCCG,0,4925835
ygfS_ygfT_predicted,0.5,1,1,TAGGGATTTTGACATATGTC,0,4902343
ygfS_ygfT_predicted,0.5,1,1,TAGCGAGCGATAGAACACGA,0,4931128
ygfS_ygfT_predicted,0.5,1,1,TAGCGAGAAGTATGCCGGCG,0,4902299
ygfS_ygfT_predicted,0.5,1,1,TAGCAAACGCTCGAAAGTTA,0,4918489
ygfS_ygfT_predicted,0.5,1,1,TACTCTATAGCTGATGTGTA,0,4910453
ygfS_ygfT_predicted,0.5,1,1,TACGTTACACTCGGGGTAAA,0,4923004
ygfS_ygfT_predicted,0.5,1,1,TACGTGGGCAACTATATTAA,0,4923896
ygfS_ygfT_predicted,0.5,1,1,TACGTGGCTCCTGGGCTCTT,0,4923206
ygfS_ygfT_predicted,0.5,1,1,TACCTTGGTTAGACACGAAT,0,4903132
ygfS_ygfT_predicted,0.5,1,1,TACCCTGTTTTCCAGTACTA,0,4903182
ygfS_ygfT_predicted,0.5,1,1,TACCCTGTTAAAGCGGGATC,0,4917421
ygfS_ygfT_predicted,0.5,1,1,TACCCGGCCTAGAGTACCAT,0,4905445
ygfS_ygfT_predicted,0.5,1,1,TACACCATTTGGATTGGTAT,0,4910343
ygfS_ygfT_predicted,0.5,1,1,TACAATGCGAGCAGCTGGGA,0,4916851
ygfS_ygfT_predicted,0.5,1,1,TACAAGCATCAGTGACACCA,0,4911973
ygfS_ygfT_predicted,0.5,1,1,TAATTGGAACCGTGATGCGC,0,4903079
ygfS_ygfT_predicted,0.5,1,1,TAATTCGTACTACGTTACCT,0,4928511
ygfS_ygfT_predicted,0.5,1,1,TAATTAGGCGCCGGGCGACG,0,4921313
ygfS_ygfT_predicted,0.5,1,1,TAATGGGCCGTTAAGTCACA,0,4928588
ygfS_ygfT_predicted,0.5,1,1,TAATGAGCATTAATTCATTA,0,4900320
ygfS_ygfT_predicted,0.5,1,1,TAATCGTAGGCGGTCCCGGC,0,4913595
ygfS_ygfT_predicted,0.5,1,1,TAATAAGCTGTGTTGCCGGT,0,4907533
ygfS_ygfT_predicted,0.5,1,1,TAAGGGTCTCTTAAAACGGA,0,4911942
ygfS_ygfT_predicted,0.5,1,1,TAAGGCTACGTAGAGGTCGT,0,4927054
ygfS_ygfT_predicted,0.5,1,1,TAAGCAAAACCGCACAGTAT,0,4911968
ygfS_ygfT_predicted,0.5,1,1,TAAGAGGTATTCCTCGCGAC,0,4921654
ygfS_ygfT_predicted,0.5,1,1,TAAGAAATATGCAGCTAGGA,0,4916750
ygfS_ygfT_predicted,0.5,1,1,TAACTACTGAGACAGATATA,0,4918656
ygfS_ygfT_predicted,0.5,1,1,TAAAAACCGTTTAGCATTCT,0,4910684
ygfS_ygfT_predicted,0.5,1,1,GTTTGGTCTAGGAGTGCTCA,0,4906143
ygfS_ygfT_predicted,0.5,1,1,GTTTGACGATTCAGCCGCGC,0,4923856
ygfS_ygfT_predicted,0.5,1,1,GTTTATGCTATAGCCTAAAC,0,4900047
ygfS_ygfT_predicted,0.5,1,1,GTTGTATCTTAGCAAAGATA,0,4910566
ygfS_ygfT_predicted,0.5,1,1,GTTGTAATTACGATGGAATC,0,4921272
ygfS_ygfT_predicted,0.5,1,1,GTTGGGATTTGATGGGTGGA,0,4907195
ygfS_ygfT_predicted,0.5,1,1,GTTGCTAAGGCAAGGCGAAC,0,4908321
ygfS_ygfT_predicted,0.5,1,1,GTTGCACTCTGGAGCCTCTA,0,4920081
ygfS_ygfT_predicted,0.5,1,1,GTTCTCGCTTGGTATCAGAT,0,4920556
ygfS_ygfT_predicted,0.5,1,1,GTTCGGCATCAAGAGTAGAC,0,4917418
ygfS_ygfT_predicted,0.5,1,1,GTTCGCCGGAAAGATCACTG,0,4928730
ygfS_ygfT_predicted,0.5,1,1,GTTATCACCTTGGGAAGTGT,0,4900731
ygfS_ygfT_predicted,0.5,1,1,GTTACTTTGGACCTCGGGTT,0,4911402
ygfS_ygfT_predicted,0.5,1,1,GTTAATGTGGCACGGAGTCT,0,4916779
ygfS_ygfT_predicted,0.5,1,1,GTGTTTGTCGGTAAACCGAA,0,4909552
ygfS_ygfT_predicted,0.5,1,1,GTGTTGAGAAGATCCAAAGA,0,4918051
ygfS_ygfT_predicted,0.5,1,1,GTGTGGTATAGAGGTATGAA,0,4908117
ygfS_ygfT_predicted,0.5,1,1,GTGTGCCCCCACATTATTTT,0,4920470
ygfS_ygfT_predicted,0.5,1,1,GTGTAGTTGGGGAGCTTTGC,0,4911521
ygfS_ygfT_predicted,0.5,1,1,GTGTAATCTGTGGCGTCGAT,0,4930013
ygfS_ygfT_predicted,0.5,1,1,GTGGTTCACCCGCTCGGCAA,0,4921621
ygfS_ygfT_predicted,0.5,1,1,GTGGTGGACCGCTTTTCGCC,0,4918802
ygfS_ygfT_predicted,0.5,1,1,GTGGGAGGTGAGTCAAGATG,0,4917366
ygfS_ygfT_predicted,0.5,1,1,GTGGCGTATCTCGGCCGAGC,0,4903320
ygfS_ygfT_predicted,0.5,1,1,GTGGATTCAGTACAACGTTG,0,4924438
ygfS_ygfT_predicted,0.5,1,1,GTGGACAAGCGTTGTGGTAT,0,4905507
ygfS_ygfT_predicted,0.5,1,1,GTGCTAGGAGTAACTACTGG,0,4919505
ygfS_ygfT_predicted,0.5,1,1,GTGCCGGCGCTGCCGGACCT,0,4915360
ygfS_ygfT_predicted,0.5,1,1,GTGCAATAAGAATATTGGTG,0,4927152
ygfS_ygfT_predicted,0.5,1,1,GTGATACACGTGAAGCTTAA,0,4906771
ygfS_ygfT_predicted,0.5,1,1,GTGAGACCGAGCGGAGGGAT,0,4929295
ygfS_ygfT_predicted,0.5,1,1,GTGAGACACTCTTTATTAAC,0,4904734
ygfS_ygfT_predicted,0.5,1,1,GTCTTGTGACGGCTGGTCAT,0,4929650
ygfS_ygfT_predicted,0.5,1,1,GTCTTGTATGTAACTCCGAG,0,4914236
ygfS_ygfT_predicted,0.5,1,1,GTCTTAGCCTCATACAAAGA,0,4909842
ygfS_ygfT_predicted,0.5,1,1,GTCTACCTCTTGATCTGATT,0,4924752
ygfS_ygfT_predicted,0.5,1,1,GTCGGGGCCTTGGTTTGGAA,0,4920230
ygfS_ygfT_predicted,0.5,1,1,GTCGGCTGGTAAAACAGTTG,0,4930085
ygfS_ygfT_predicted,0.5,1,1,GTCCGTGCGTGTAACGCGTA,0,4919660
ygfS_ygfT_predicted,0.5,1,1,GTCCGCCAGGTAGTCTGCAA,0,4920958
ygfS_ygfT_predicted,0.5,1,1,GTCCGCCAAATCATCTCCAA,0,4912829
ygfS_ygfT_predicted,0.5,1,1,GTCCCTGTTGTCTTCAGAGA,0,4903162
ygfS_ygfT_predicted,0.5,1,1,GTCAGTCGGTATTATCGAAC,0,4920326
ygfS_ygfT_predicted,0.5,1,1,GTCAGTAGCTATATCGATCC,0,4923790
ygfS_ygfT_predicted,0.5,1,1,GTCAGGCCTCTCCACATCCA,0,4928857
ygfS_ygfT_predicted,0.5,1,1,GTCACAACCTCCGCCATAGG,0,4912269
ygfS_ygfT_predicted,0.5,1,1,GTATTATACGTAGGAAGGCC,0,4923698
ygfS_ygfT_predicted,0.5,1,1,GTATTAATCCTTTTGGTTGC,0,4911316
ygfS_ygfT_predicted,0.5,1,1,GTATGGCGCTCGCAGCGTTG,0,4908149
ygfS_ygfT_predicted,0.5,1,1,GTATCGAGAAATCTGAGCTC,0,4926257
ygfS_ygfT_predicted,0.5,1,1,GTAGTCAGCCAGACTTCAGC,0,4928729
ygfS_ygfT_predicted,0.5,1,1,GTAGTAAGTATAAATCTGGC,0,4926966
ygfS_ygfT_predicted,0.5,1,1,GTAGGTACGAAGCGTTGTAC,0,4914851
ygfS_ygfT_predicted,0.5,1,1,GTAGGACCGATACCGCGTGC,0,4923259
ygfS_ygfT_predicted,0.5,1,1,GTAGATTCGTGGCATTGTTG,0,4920143
ygfS_ygfT_predicted,0.5,1,1,GTACGCTCATCTCTAATTTG,0,4916652
ygfS_ygfT_predicted,0.5,1,1,GTACCTGGAGGTAGACAGGG,0,4917055
ygfS_ygfT_predicted,0.5,1,1,GTAATTCATTCAGGAACGTA,0,4901473
ygfS_ygfT_predicted,0.5,1,1,GTAATATTGATCTGACTGAT,0,4914157
ygfS_ygfT_predicted,0.5,1,1,GTAACTCGAAACTGTAATAT,0,4912086
ygfS_ygfT_predicted,0.5,1,1,GTAACAATTCATAATCGTCT,0,4909942
ygfS_ygfT_predicted,0.5,1,1,GGTTGCGAATAGGTGTGGTG,0,4923628
ygfS_ygfT_predicted,0.5,1,1,GGTTGCCCTAACCCAGATGA,0,4906025
ygfS_ygfT_predicted,0.5,1,1,GGTTCAGTCCGATGTCGAAC,0,4922413
ygfS_ygfT_predicted,0.5,1,1,GGTTAAGCTTTTGCACCTGG,0,4917937
ygfS_ygfT_predicted,0.5,1,1,GGTTAAAAAGTTGGAAGGCG,0,4904774
ygfS_ygfT_predicted,0.5,1,1,GGTGCTGAACCCAGAGCGGT,0,4901920
ygfS_ygfT_predicted,0.5,1,1,GGTCTCTAACTGATTGGGTG,0,4923737
ygfS_ygfT_predicted,0.5,1,1,GGTCGGAACTTCGAATGCTA,0,4902267
ygfS_ygfT_predicted,0.5,1,1,GGTCGAACAATGATGAGATT,0,4924404
ygfS_ygfT_predicted,0.5,1,1,GGTCAAGCGGGATGAGGGTC,0,4907348
ygfS_ygfT_predicted,0.5,1,1,GGTATTCGGAGGATTAAGTT,0,4919209
ygfS_ygfT_predicted,0.5,1,1,GGTATGGTTAGATGAAAACT,0,4903614
ygfS_ygfT_predicted,0.5,1,1,GGTATAATCGCGCTGTTATG,0,4927839
ygfS_ygfT_predicted,0.5,1,1,GGTAGTCATGTGAGTTCTGT,0,4921645
ygfS_ygfT_predicted,0.5,1,1,GGTAGGGCTAGCACCAAGTA,0,4926154
ygfS_ygfT_predicted,0.5,1,1,GGTACACTGGGGCTGTCTAG,0,4923819
ygfS_ygfT_predicted,0.5,1,1,GGGTTTACACTCTTGCCACT,0,4921896
ygfS_ygfT_predicted,0.5,1,1,GGGTTATTGACTGCCGGAAG,0,4917229
ygfS_ygfT_predicted,0.5,1,1,GGGTTAGTGTCTCGTGCGTA,0,4929395
ygfS_ygfT_predicted,0.5,1,1,GGGTTAAAAAAGGCGCTCAT,0,4922193
ygfS_ygfT_predicted,0.5,1,1,GGGTCGGTTCCGGATCGCTC,0,4900057
ygfS_ygfT_predicted,0.5,1,1,GGGTCAGCCCAGCACGGTAA,0,4913669
ygfS_ygfT_predicted,0.5,1,1,GGGTAGGGTCTAGTACTTTA,0,4925817
ygfS_ygfT_predicted,0.5,1,1,GGGTAGGCGCTCGCTAGTAT,0,4928219
ygfS_ygfT_predicted,0.5,1,1,GGGGCTTGTTAGAGCTTCGG,0,4923135
ygfS_ygfT_predicted,0.5,1,1,GGGGAGTGATAATACTATGG,0,4921841
ygfS_ygfT_predicted,0.5,1,1,GGGGAGTCTTCCGTTCGCAG,0,4929953
ygfS_ygfT_predicted,0.5,1,1,GGGGAGTCCTTTTTGCGATC,0,4922301
ygfS_ygfT_predicted,0.5,1,1,GGGGAGACTCCCGGCTTCGC,0,4912141
ygfS_ygfT_predicted,0.5,1,1,GGGCTTTTGATAATCACTTG,0,4925675
ygfS_ygfT_predicted,0.5,1,1,GGGCGTACGGAAAATCATAG,0,4907295
ygfS_ygfT_predicted,0.5,1,1,GGGCCAACCTATGAGTAAGC,0,4909720
ygfS_ygfT_predicted,0.5,1,1,GGGATCGGTTAGGTTCGTTA,0,4917150
ygfS_ygfT_predicted,0.5,1,1,GGGACTAAAGATACGGCCAG,0,4925587
ygfS_ygfT_predicted,0.5,1,1,GGGACAATTGCCATAGCGAA,0,4913641
ygfS_ygfT_predicted,0.5,1,1,GGGAACAGTGGATCTGGTGG,0,4926596
ygfS_ygfT_predicted,0.5,1,1,GGCTTTCGGAGGAATGAGGT,0,4909566
ygfS_ygfT_predicted,0.5,1,1,GGCTTGCAGCAGACCCCGGC,0,4903450
ygfS_ygfT_predicted,0.5,1,1,GGCTGGATCTATTTGTGTGG,0,4915674
ygfS_ygfT_predicted,0.5,1,1,GGCTATGGGATAATATGTAA,0,4926317
ygfS_ygfT_predicted,0.5,1,1,GGCTACGATGGAGGTGGGTG,0,4907384
ygfS_ygfT_predicted,0.5,1,1,GGCGGTGAATCAACGCTGGC,0,4901948
ygfS_ygfT_predicted,0.5,1,1,GGCGGATTTATCGGGCTAGT,0,4920893
ygfS_ygfT_predicted,0.5,1,1,GGCGCGTAAGGATCCTCGCG,0,4906280
ygfS_ygfT_predicted,0.5,1,1,GGCGCAGATGATACAAGGCA,0,4921969
ygfS_ygfT_predicted,0.5,1,1,GGCGATAGATACGCCGTTAC,0,4899890
ygfS_ygfT_predicted,0.5,1,1,GGCCTCTATTCCAGTGAATA,0,4927096
ygfS_ygfT_predicted,0.5,1,1,GGCCGTCGGCACCTAACGGA,0,4927609
ygfS_ygfT_predicted,0.5,1,1,GGCCAGTTTGTTTCGGTCGA,0,4919004
ygfS_ygfT_predicted,0.5,1,1,GGCATTACAGACATTCTCGG,0,4916424
ygfS_ygfT_predicted,0.5,1,1,GGCAGCGAACCGCCACAGAG,0,4907795
ygfS_ygfT_predicted,0.5,1,1,GGCAGATAGGCTGTAAAAAA,0,4906910
ygfS_ygfT_predicted,0.5,1,1,GGCACTGGGGGGACCATGTA,0,4918405
ygfS_ygfT_predicted,0.5,1,1,GGCAAGCAGGGGTGGCCGTC,0,4920116
ygfS_ygfT_predicted,0.5,1,1,GGATTAGGATGTAGCCCGAC,0,4930709
ygfS_ygfT_predicted,0.5,1,1,GGATGTACTGTGAGTCCCTG,0,4908178
ygfS_ygfT_predicted,0.5,1,1,GGATGGCGGTTTGGCTTCGT,0,4915678
ygfS_ygfT_predicted,0.5,1,1,GGATGCGCTGTTTCGACGAG,0,4927993
ygfS_ygfT_predicted,0.5,1,1,GGATCCCCAAATGGTGGGGT,0,4927392
ygfS_ygfT_predicted,0.5,1,1,GGATAATTACAAAGAAGATA,0,4930955
ygfS_ygfT_predicted,0.5,1,1,GGAGTTTCAGACTCCCCTTG,0,4903372
ygfS_ygfT_predicted,0.5,1,1,GGAGGTTAGGTTTCACTATC,0,4907539
ygfS_ygfT_predicted,0.5,1,1,GGAGGACGGTTCAAGGCTGC,0,4906377
ygfS_ygfT_predicted,0.5,1,1,GGAGCTCCAAAGCTCCCTAC,0,4913673
ygfS_ygfT_predicted,0.5,1,1,GGAGCATGAAGGATGGCCGA,0,4930139
ygfS_ygfT_predicted,0.5,1,1,GGAGCAAACGCGGCCTCTTT,0,4907732
ygfS_ygfT_predicted,0.5,1,1,GGAGAAGAACTTGACCGCAT,0,4921602
ygfS_ygfT_predicted,0.5,1,1,GGACTCCCGGCCTGTGGTGT,0,4920860
ygfS_ygfT_predicted,0.5,1,1,GGACGCCATAATCTATGCTA,0,4904866
ygfS_ygfT_predicted,0.5,1,1,GGACGACGGCGAAGGGCGTC,0,4900229
ygfS_ygfT_predicted,0.5,1,1,GGACCTTTCATGGAAACTGG,0,4910488
ygfS_ygfT_predicted,0.5,1,1,GGACCCTTTACATTAGCGCT,0,4919554
ygfS_ygfT_predicted,0.5,1,1,GGACCCTGAAGCGCGGTTTA,0,4905246
ygfS_ygfT_predicted,0.5,1,1,GGAATCCGGCTGAACAACTT,0,4900149
ygfS_ygfT_predicted,0.5,1,1,GGAAGTATCTCAAGCAAGCG,0,4901366
ygfS_ygfT_predicted,0.5,1,1,GGAAGCTTGGAACTCAGTAT,0,4919776
ygfS_ygfT_predicted,0.5,1,1,GGAACAGTCTTGCGAGCTCT,0,4902662
ygfS_ygfT_predicted,0.5,1,1,GGAACAGCTAATGGGATCGG,0,4920019
ygfS_ygfT_predicted,0.5,1,1,GGAAAGAGTTGAGTGAACGA,0,4927246
ygfS_ygfT_predicted,0.5,1,1,GCTTTGCGCACAAACCGGAT,0,4907770
ygfS_ygfT_predicted,0.5,1,1,GCTTTATAAAGGTCGCATTA,0,4928273
ygfS_ygfT_predicted,0.5,1,1,GCTTATTGTGTGGACTTAGC,0,4923049
ygfS_ygfT_predicted,0.5,1,1,GCTGAGTTAAAATTGCCTGT,0,4910291
ygfS_ygfT_predicted,0.5,1,1,GCTGAGGGTTATGCCCCTGT,0,4928199
ygfS_ygfT_predicted,0.5,1,1,GCTCTGGATAGGTTGCTATA,0,4921542
ygfS_ygfT_predicted,0.5,1,1,GCTCGGTGGGCTGCAACATC,0,4903220
ygfS_ygfT_predicted,0.5,1,1,GCTCCTTCTACGAGTTCATG,0,4914514
ygfS_ygfT_predicted,0.5,1,1,GCTCCTGTCTACGCTTACGT,0,4904032
ygfS_ygfT_predicted,0.5,1,1,GCTAGTCGTAAAGCCCTTTG,0,4920407
ygfS_ygfT_predicted,0.5,1,1,GCTACCCTTCGATTGGTCTA,0,4920437
ygfS_ygfT_predicted,0.5,1,1,GCTACACAGAAATGATACGA,0,4901739
ygfS_ygfT_predicted,0.5,1,1,GCGTTCAGCGGGTCCAAACC,0,4925951
ygfS_ygfT_predicted,0.5,1,1,GCGGTTGCCATGCCCGGGGT,0,4920596
ygfS_ygfT_predicted,0.5,1,1,GCGGTCTTTTCCCAGGTAGA,0,4907043
ygfS_ygfT_predicted,0.5,1,1,GCGGGAGACCAGGGAAAAAG,0,4927030
ygfS_ygfT_predicted,0.5,1,1,GCGGCAAAACACGCTCCTGA,0,4928368
ygfS_ygfT_predicted,0.5,1,1,GCGGAGATGGAGCTACTCGT,0,4907049
ygfS_ygfT_predicted,0.5,1,1,GCGCTGCCTCTGGCAGGAGG,0,4909748
ygfS_ygfT_predicted,0.5,1,1,GCGCTACATTATCACAGTGA,0,4924530
ygfS_ygfT_predicted,0.5,1,1,GCGCGGGGGTATGTCCGCTA,0,4903299
ygfS_ygfT_predicted,0.5,1,1,GCGCCAATATTACCGAGGTT,0,4924875
ygfS_ygfT_predicted,0.5,1,1,GCGCAGCGATTAAGCGTCCA,0,4920184
ygfS_ygfT_predicted,0.5,1,1,GCGCAGCCGTTTAGTTGCCC,0,4923366
ygfS_ygfT_predicted,0.5,1,1,GCGATTGTGAGTCGGGTTAT,0,4915708
ygfS_ygfT_predicted,0.5,1,1,GCGATGCGTGACAACCACAG,0,4927321
ygfS_ygfT_predicted,0.5,1,1,GCGATCAATGCCGCGTTTAC,0,4905496
ygfS_ygfT_predicted,0.5,1,1,GCGAGCCCTTAGCAATGTTA,0,4928763
ygfS_ygfT_predicted,0.5,1,1,GCGAGAGTGTCGTGCCCAAG,0,4904739
ygfS_ygfT_predicted,0.5,1,1,GCCTTCGGGAGCAGGTGTCG,0,4927195
ygfS_ygfT_predicted,0.5,1,1,GCCTGCTCGTTCGAGCCCAG,0,4900426
ygfS_ygfT_predicted,0.5,1,1,GCCTCTGAATAACTAGGACT,0,4929732
ygfS_ygfT_predicted,0.5,1,1,GCCTCGTTACACTAGGTACC,0,4923107
ygfS_ygfT_predicted,0.5,1,1,GCCTCCGAACCGGCAACTGC,0,4919903
ygfS_ygfT_predicted,0.5,1,1,GCCGTGCTGCGCGAAGACTG,0,4927118
ygfS_ygfT_predicted,0.5,1,1,GCCGTCGAAGGAACCATTCA,0,4904223
ygfS_ygfT_predicted,0.5,1,1,GCCGACCCCGGAATGGCCCA,0,4911885
ygfS_ygfT_predicted,0.5,1,1,GCCCGATTACAAATCTAACG,0,4914601
ygfS_ygfT_predicted,0.5,1,1,GCCCCTTGATTAGCTTGGTG,0,4929948
ygfS_ygfT_predicted,0.5,1,1,GCCCAGCGGGGTGCTGGCGA,0,4921267
ygfS_ygfT_predicted,0.5,1,1,GCCATGTATTTTGTGTGATG,0,4921617
ygfS_ygfT_predicted,0.5,1,1,GCCAGGTCACACTGGGGAAA,0,4917840
ygfS_ygfT_predicted,0.5,1,1,GCCAGCCAAAACTCGAACGC,0,4907457
ygfS_ygfT_predicted,0.5,1,1,GCCACTAATCTGATAGATTT,0,4914407
ygfS_ygfT_predicted,0.5,1,1,GCCACGAACAATACCGCAAT,0,4912841
ygfS_ygfT_predicted,0.5,1,1,GCCACAGTTTACTGCAGGGC,0,4902610
ygfS_ygfT_predicted,0.5,1,1,GCCAACGAGCAAATAATGAG,0,4910977
ygfS_ygfT_predicted,0.5,1,1,GCATTACGGCTTTCGTGCTC,0,4911347
ygfS_ygfT_predicted,0.5,1,1,GCATTAAAGGGTGACGATGT,0,4918149
ygfS_ygfT_predicted,0.5,1,1,GCATGGAAACAAAACCCTGT,0,4929240
ygfS_ygfT_predicted,0.5,1,1,GCATGACTTGCTGAGTCATT,0,4905378
ygfS_ygfT_predicted,0.5,1,1,GCATATTATTTTTTATGTAC,0,4902841
ygfS_ygfT_predicted,0.5,1,1,GCAGTTTAGGCAGGTTCTGT,0,4923579
ygfS_ygfT_predicted,0.5,1,1,GCAGGGGCCATCCAGCGTTG,0,4900368
ygfS_ygfT_predicted,0.5,1,1,GCAGCTCTCTTACGCGGCCA,0,4919539
ygfS_ygfT_predicted,0.5,1,1,GCAGACTGATCTCGGAGTCT,0,4906213
ygfS_ygfT_predicted,0.5,1,1,GCAATTTTGAACATTGAAGA,0,4918824
ygfS_ygfT_predicted,0.5,1,1,GCAATGAGAGTCACGGATGT,0,4904390
ygfS_ygfT_predicted,0.5,1,1,GCAATCGCAGCCCTCAATTG,0,4907930
ygfS_ygfT_predicted,0.5,1,1,GCAAGTATGCATCGCATGGA,0,4929644
ygfS_ygfT_predicted,0.5,1,1,GCAAGTAGTGGTGGACACTC,0,4926128
ygfS_ygfT_predicted,0.5,1,1,GATTGCAACATGACTGGTTT,0,4918018
ygfS_ygfT_predicted,0.5,1,1,GATTGAGGCACTATATTCAT,0,4912128
ygfS_ygfT_predicted,0.5,1,1,GATTCGACATCCTTTTATGA,0,4929945
ygfS_ygfT_predicted,0.5,1,1,GATTATTGTTCCTTTAGTCA,0,4921525
ygfS_ygfT_predicted,0.5,1,1,GATTACGGTCTAGGACTTTG,0,4929836
ygfS_ygfT_predicted,0.5,1,1,GATTACAGGTGCGGACTAAA,0,4919003
ygfS_ygfT_predicted,0.5,1,1,GATTACAGCATAGTGGGGGG,0,4911237
ygfS_ygfT_predicted,0.5,1,1,GATGGTCACTGCTAAAGTTC,0,4913123
ygfS_ygfT_predicted,0.5,1,1,GATGCGGCTTTGGGGCCGTC,0,4901916
ygfS_ygfT_predicted,0.5,1,1,GATGCCGAATGTCCAGTGTT,0,4915741
ygfS_ygfT_predicted,0.5,1,1,GATGACGTGTAACACGGTAC,0,4907540
ygfS_ygfT_predicted,0.5,1,1,GATCTGGCCCTTGACTAACT,0,4930458
ygfS_ygfT_predicted,0.5,1,1,GATCGGCGTACACTGAGGTA,0,4910857
ygfS_ygfT_predicted,0.5,1,1,GATCGACAACCCCAATTTCG,0,4922768
ygfS_ygfT_predicted,0.5,1,1,GATAGTACGTACGATGGTAG,0,4921725
ygfS_ygfT_predicted,0.5,1,1,GATACTGGATTATCAATTAT,0,4900474
ygfS_ygfT_predicted,0.5,1,1,GATACGACCGCTGCGCCCAG,0,4907045
ygfS_ygfT_predicted,0.5,1,1,GATAAGGAATCGTGGCCCGG,0,4909910
ygfS_ygfT_predicted,0.5,1,1,GATAAATACAAAATCGAATC,0,4924678
ygfS_ygfT_predicted,0.5,1,1,GATAAACACATTCCGCTCGC,0,4901785
ygfS_ygfT_predicted,0.5,1,1,GAGTAATCCTGGGTTGGACT,0,4907378
ygfS_ygfT_predicted,0.5,1,1,GAGGGCCCGCATTTAAAGTT,0,4909049
ygfS_ygfT_predicted,0.5,1,1,GAGGACTGTGGATGTTAGGT,0,4912251
ygfS_ygfT_predicted,0.5,1,1,GAGCTCGCAGCGCTTCTCAC,0,4924263
ygfS_ygfT_predicted,0.5,1,1,GAGCGTGGATTCCTCTCTAT,0,4916254
ygfS_ygfT_predicted,0.5,1,1,GAGCCTCAACTCGATTCGCG,0,4900207
ygfS_ygfT_predicted,0.5,1,1,GAGAAACGTAGTGAGGAAGA,0,4922669
ygfS_ygfT_predicted,0.5,1,1,GACTTCATACAGGGTTCTAT,0,4903645
ygfS_ygfT_predicted,0.5,1,1,GACTCATACGTAAGAGCCAC,0,4929679
ygfS_ygfT_predicted,0.5,1,1,GACGTCACACGGTCGTATTA,0,4901097
ygfS_ygfT_predicted,0.5,1,1,GACGGGGAATGCGTAAGCAT,0,4920708
ygfS_ygfT_predicted,0.5,1,1,GACGATCATAAGACCTTGTA,0,4923436
ygfS_ygfT_predicted,0.5,1,1,GACCGTAGGTATGGGCCACA,0,4910183
ygfS_ygfT_predicted,0.5,1,1,GACCGCTGCGATGCCCATCC,0,4921052
ygfS_ygfT_predicted,0.5,1,1,GACCGCTATATTTCGAAGAT,0,4921340
ygfS_ygfT_predicted,0.5,1,1,GACCGATATCCGACTGAGTG,0,4899840
ygfS_ygfT_predicted,0.5,1,1,GACCCGTTAGTTCGAACATT,0,4900551
ygfS_ygfT_predicted,0.5,1,1,GACAGCCGGCGATTTACTCA,0,4908681
ygfS_ygfT_predicted,0.5,1,1,GACACAAAGGCCATTTTGAT,0,4912899
ygfS_ygfT_predicted,0.5,1,1,GACAACACTAGATGGACGCG,0,4904092
ygfS_ygfT_predicted,0.5,1,1,GAATTCGGTCACGACGAATT,0,4916902
ygfS_ygfT_predicted,0.5,1,1,GAATCTCAGATTCTTGAAAG,0,4910984
ygfS_ygfT_predicted,0.5,1,1,GAATCCAGTATGCGCCCTGT,0,4927370
ygfS_ygfT_predicted,0.5,1,1,GAATCATTCCTGAATCGGGT,0,4909265
ygfS_ygfT_predicted,0.5,1,1,GAATAAAAGGAGAAAAAAGC,0,4908758
ygfS_ygfT_predicted,0.5,1,1,GAAGAGCGTTCAGGCTTGTA,0,4912662
ygfS_ygfT_predicted,0.5,1,1,GAACGCTACTAGATAGCTGG,0,4899962
ygfS_ygfT_predicted,0.5,1,1,GAACGCGTCTGTAGCTACTC,0,4918371
ygfS_ygfT_predicted,0.5,1,1,GAACGACCATTACTTGGTTA,0,4902569
ygfS_ygfT_predicted,0.5,1,1,GAAATTCTCAAACTTACCTC,0,4918832
ygfS_ygfT_predicted,0.5,1,1,GAAATAGTAGGCTGCCTTAC,0,4918159
ygfS_ygfT_predicted,0.5,1,1,GAAAGAGACTTTGTTCTGCG,0,4919745
ygfS_ygfT_predicted,0.5,1,1,GAAACGCCGGATAGCGCTCA,0,4906630
ygfS_ygfT_predicted,0.5,1,1,GAAAATCTCGTCACGCCTTA,0,4907697
ygfS_ygfT_predicted,0.5,1,1,GAAAAGGGCAGCGTCCGAAA,0,4904443
ygfS_ygfT_predicted,0.5,1,1,GAAAAATCTCGGGGACCCAA,0,4921952
ygfS_ygfT_predicted,0.5,1,1,CTTTTCAGCAATCAGGACTC,0,4926149
ygfS_ygfT_predicted,0.5,1,1,CTTTATATTACCTGGGGTGT,0,4917244
ygfS_ygfT_predicted,0.5,1,1,CTTTACCCCAAGGTAAGTTC,0,4908284
ygfS_ygfT_predicted,0.5,1,1,CTTGTGTGGACAGTCGCACG,0,4908666
ygfS_ygfT_predicted,0.5,1,1,CTTGTGACTCGCATACGCGA,0,4922930
ygfS_ygfT_predicted,0.5,1,1,CTTGGTATACTATAAGCCGA,0,4929334
ygfS_ygfT_predicted,0.5,1,1,CTTGGGGTGGCCTTTATATA,0,4903784
ygfS_ygfT_predicted,0.5,1,1,CTTGGCGGTGTCCCACGGTG,0,4930628
ygfS_ygfT_predicted,0.5,1,1,CTTGGCGAGGCCTCAACTTC,0,4907506
ygfS_ygfT_predicted,0.5,1,1,CTTGGAATAGGCGCCGAGGC,0,4907622
ygfS_ygfT_predicted,0.5,1,1,CTTGCGGGTGTTTCGCCCGT,0,4913287
ygfS_ygfT_predicted,0.5,1,1,CTTGCCAACCGACGTGCGGG,0,4911302
ygfS_ygfT_predicted,0.5,1,1,CTTGAGTATCTGGTTTATAA,0,4901021
ygfS_ygfT_predicted,0.5,1,1,CTTGAGATTGCTAATCCGGA,0,4918922
ygfS_ygfT_predicted,0.5,1,1,CTTGACTTCTGTATACCCGT,0,4913965
ygfS_ygfT_predicted,0.5,1,1,CTTCTCCTTGTAGATTCAGC,0,4903389
ygfS_ygfT_predicted,0.5,1,1,CTTCTAGATGCCTAGAACAG,0,4905941
ygfS_ygfT_predicted,0.5,1,1,CTTCGTTCCTTAGGTGGGGT,0,4924810
ygfS_ygfT_predicted,0.5,1,1,CTTCGGGCCTCTGCCGGTCG,0,4904693
ygfS_ygfT_predicted,0.5,1,1,CTTCCTCGTATACCTGAATG,0,4928264
ygfS_ygfT_predicted,0.5,1,1,CTTCATCATTGTATATTCTG,0,4902478
ygfS_ygfT_predicted,0.5,1,1,CTTCATAAGACTTACGTCAT,0,4914748
ygfS_ygfT_predicted,0.5,1,1,CTTCAAATTGTTGGTCGGTC,0,4919102
ygfS_ygfT_predicted,0.5,1,1,CTTAGGGTTAAGATTCGGTG,0,4920393
ygfS_ygfT_predicted,0.5,1,1,CTTAGGCAAGTCTAGAACCT,0,4930402
ygfS_ygfT_predicted,0.5,1,1,CTTACCGCGTGACAAGTAGG,0,4900634
ygfS_ygfT_predicted,0.5,1,1,CTGTTCCAACGTATCCGACG,0,4924418
ygfS_ygfT_predicted,0.5,1,1,CTGTGGTCGTGTGCGTGTTT,0,4907011
ygfS_ygfT_predicted,0.5,1,1,CTGTGCATCATAGAGTTAAA,0,4927008
ygfS_ygfT_predicted,0.5,1,1,CTGTCTGTAGGTCATGGTAG,0,4914213
ygfS_ygfT_predicted,0.5,1,1,CTGTCTCTTACGGTCGAAGG,0,4903237
ygfS_ygfT_predicted,0.5,1,1,CTGTCCTTCTGTAGGTTGGT,0,4916193
ygfS_ygfT_predicted,0.5,1,1,CTGTCAGAGACAGTTCTGTT,0,4928168
ygfS_ygfT_predicted,0.5,1,1,CTGTCACTTTTCAGGAAACA,0,4929398
ygfS_ygfT_predicted,0.5,1,1,CTGGTGTCTATAATTCACCC,0,4904183
ygfS_ygfT_predicted,0.5,1,1,CTGGTCCTTTGCTACCACAT,0,4899806
ygfS_ygfT_predicted,0.5,1,1,CTGGGTGCATGTCGGATAGC,0,4922502
ygfS_ygfT_predicted,0.5,1,1,CTGGGGGGGGGGAGAATCTT,0,4922661
ygfS_ygfT_predicted,0.5,1,1,CTGGGGGATAGCTAATAAGA,0,4902736
ygfS_ygfT_predicted,0.5,1,1,CTGGCGGATTATCTCGAGCG,0,4930175
ygfS_ygfT_predicted,0.5,1,1,CTGGCAAAAGTTCGTACCTT,0,4909512
ygfS_ygfT_predicted,0.5,1,1,CTGCTCTGGTTCTGTATACA,0,4900335
ygfS_ygfT_predicted,0.5,1,1,CTGCGTCGCTTGCCACGGGT,0,4909632
ygfS_ygfT_predicted,0.5,1,1,CTGCGTCATAAATTAACGCA,0,4925988
ygfS_ygfT_predicted,0.5,1,1,CTGCCTAGGCCCCGTAGGGA,0,4931051
ygfS_ygfT_predicted,0.5,1,1,CTGCACTGAGTAACTATACT,0,4928356
ygfS_ygfT_predicted,0.5,1,1,CTGAGTGGCATCCTACAAGG,0,4917215
ygfS_ygfT_predicted,0.5,1,1,CTGACCGTTAGTTGTTCGCA,0,4908984
ygfS_ygfT_predicted,0.5,1,1,CTGACCCAGTGACACGAAAA,0,4905922
ygfS_ygfT_predicted,0.5,1,1,CTGACACGCCAATGAATCTA,0,4930462
ygfS_ygfT_predicted,0.5,1,1,CTCTTCCGGTTTCACTCGTA,0,4930217
ygfS_ygfT_predicted,0.5,1,1,CTCTGAGTTTTTAATCAAAG,0,4903777
ygfS_ygfT_predicted,0.5,1,1,CTCTCTTACATCACACGCTT,0,4929060
ygfS_ygfT_predicted,0.5,1,1,CTCTCCGTAGCCCAAGCGTG,0,4907792
ygfS_ygfT_predicted,0.5,1,1,CTCTCAGGATGGGGACCATA,0,4908411
ygfS_ygfT_predicted,0.5,1,1,CTCTATACCCCTCACGGGGT,0,4905366
ygfS_ygfT_predicted,0.5,1,1,CTCTACACTTGTCTAAGGTG,0,4916423
ygfS_ygfT_predicted,0.5,1,1,CTCTAAGTATTCTTTCGTTT,0,4906156
ygfS_ygfT_predicted,0.5,1,1,CTCGTGAATGACTGGTCCCA,0,4907330
ygfS_ygfT_predicted,0.5,1,1,CTCGGCAAACTCGCCGTCTC,0,4929292
ygfS_ygfT_predicted,0.5,1,1,CTCGATTAGCCTAGTGTTGT,0,4924448
ygfS_ygfT_predicted,0.5,1,1,CTCGAAACATCTATGTAAGG,0,4907479
ygfS_ygfT_predicted,0.5,1,1,CTCCGTTTCGGTGTGACCGG,0,4924523
ygfS_ygfT_predicted,0.5,1,1,CTCCAGTTCACAGCGCTTTA,0,4925659
ygfS_ygfT_predicted,0.5,1,1,CTCATTACGCCAGGTACTAC,0,4920443
ygfS_ygfT_predicted,0.5,1,1,CTCATCATTCAAACAGGCCG,0,4915792
ygfS_ygfT_predicted,0.5,1,1,CTCATACCCCACGACCGGCT,0,4901992
ygfS_ygfT_predicted,0.5,1,1,CTCAGTTAGCTCGGGATAAG,0,4907904
ygfS_ygfT_predicted,0.5,1,1,CTCAGGCGCAAAACGCTCCG,0,4907594
ygfS_ygfT_predicted,0.5,1,1,CTCAGAAATACGGTCGTAGA,0,4928584
ygfS_ygfT_predicted,0.5,1,1,CTCAATCCATCAAGGGTTCG,0,4919562
ygfS_ygfT_predicted,0.5,1,1,CTCAACACGAGGCAGCTCTT,0,4912858
ygfS_ygfT_predicted,0.5,1,1,CTATTACAATTTCGGTCCAA,0,4917978
ygfS_ygfT_predicted,0.5,1,1,CTATGGGGCACTCTCCTACA,0,4923988
ygfS_ygfT_predicted,0.5,1,1,CTATGGCTTCGGATGGTAGA,0,4928320
ygfS_ygfT_predicted,0.5,1,1,CTATGCCTAGGGATGAGGCG,0,4904775
ygfS_ygfT_predicted,0.5,1,1,CTAGGTTTGTTTTTAATATT,0,4910489
ygfS_ygfT_predicted,0.5,1,1,CTAGGTGTAGCCGTCTTCGG,0,4931450
ygfS_ygfT_predicted,0.5,1,1,CTAGGTCTCTACAGAATAGT,0,4903487
ygfS_ygfT_predicted,0.5,1,1,CTAGGTAATTTATTAGAGGC,0,4923300
ygfS_ygfT_predicted,0.5,1,1,CTAGGATGTGTTTAGTGGTA,0,4908002
ygfS_ygfT_predicted,0.5,1,1,CTAGAGATCATTACTGGGCA,0,4929843
ygfS_ygfT_predicted,0.5,1,1,CTAGACGGGTTGTTAAATCC,0,4927051
ygfS_ygfT_predicted,0.5,1,1,CTACTGTAACTTGCCAATAA,0,4913979
ygfS_ygfT_predicted,0.5,1,1,CTACGTTTACGAGATATATC,0,4915481
ygfS_ygfT_predicted,0.5,1,1,CTACCCGCATTCTGTGCAGG,0,4923051
ygfS_ygfT_predicted,0.5,1,1,CTACAATACGAAGAAGGATA,0,4906961
ygfS_ygfT_predicted,0.5,1,1,CTAAGTCGAACGACGAGTCT,0,4913958
ygfS_ygfT_predicted,0.5,1,1,CTAAGCCCAAGTGTGTCAGG,0,4902028
ygfS_ygfT_predicted,0.5,1,1,CGTTGTTCGCGGCAAATCCC,0,4928022
ygfS_ygfT_predicted,0.5,1,1,CGTTAGCTACGGTACTTTGG,0,4908980
ygfS_ygfT_predicted,0.5,1,1,CGTGGTGGGCAGTTCGATAA,0,4907839
ygfS_ygfT_predicted,0.5,1,1,CGTGGCCCTTGTGGGGTGCA,0,4927574
ygfS_ygfT_predicted,0.5,1,1,CGTGACTCGGAAGGGAACCT,0,4913275
ygfS_ygfT_predicted,0.5,1,1,CGTCGTGAGGCGTTTCGGGC,0,4928470
ygfS_ygfT_predicted,0.5,1,1,CGTCCGCCCCTCGGACGTCA,0,4920465
ygfS_ygfT_predicted,0.5,1,1,CGTCCGAGGGTTTTATAGTG,0,4927478
ygfS_ygfT_predicted,0.5,1,1,CGTCATCCCATGAGGTGCTT,0,4902114
ygfS_ygfT_predicted,0.5,1,1,CGTATTCTGGGTGGGATGTA,0,4918865
ygfS_ygfT_predicted,0.5,1,1,CGTATGTAAGAGTAAATTAT,0,4907739
ygfS_ygfT_predicted,0.5,1,1,CGTATGGATCCAGTAACTTG,0,4904134
ygfS_ygfT_predicted,0.5,1,1,CGTAGTCCCCGAGGAAAATG,0,4906277
ygfS_ygfT_predicted,0.5,1,1,CGTAGGTGGGACGCTCAGAC,0,4903022
ygfS_ygfT_predicted,0.5,1,1,CGTACGCCGGCTCCGTGCCG,0,4905479
ygfS_ygfT_predicted,0.5,1,1,CGTACCTCCAGGATTTGGCA,0,4904381
ygfS_ygfT_predicted,0.5,1,1,CGTACCATGAGATCTGTCAA,0,4914144
ygfS_ygfT_predicted,0.5,1,1,CGTAATTCCACCGCACACTG,0,4910362
ygfS_ygfT_predicted,0.5,1,1,CGTAAAGGAATAGGACCGGG,0,4926187
ygfS_ygfT_predicted,0.5,1,1,CGGTCGTCGTTGATTGCTAT,0,4921981
ygfS_ygfT_predicted,0.5,1,1,CGGTCCGTTGGGGAACAATT,0,4904076
ygfS_ygfT_predicted,0.5,1,1,CGGTAGTAGAAACGCATAGT,0,4911855
ygfS_ygfT_predicted,0.5,1,1,CGGGTGATGTGCTCGTGCGG,0,4910659
ygfS_ygfT_predicted,0.5,1,1,CGGGCTACAGTGTTGGCTGG,0,4930884
ygfS_ygfT_predicted,0.5,1,1,CGGGATTAGAGTGAGTACAT,0,4921364
ygfS_ygfT_predicted,0.5,1,1,CGGGATGGTAATTGTACGTG,0,4901824
ygfS_ygfT_predicted,0.5,1,1,CGGGAGTCTCTCACTTGAGC,0,4906545
ygfS_ygfT_predicted,0.5,1,1,CGGCTAGAACCTGACATACT,0,4921003
ygfS_ygfT_predicted,0.5,1,1,CGGCCTATTTATTTGACATC,0,4906190
ygfS_ygfT_predicted,0.5,1,1,CGGCCGTCAATAAGATTAGC,0,4909637
ygfS_ygfT_predicted,0.5,1,1,CGGCACGTCTTATGTGTTAA,0,4918672
ygfS_ygfT_predicted,0.5,1,1,CGGCACCCCTGTTCTGAGTT,0,4899730
ygfS_ygfT_predicted,0.5,1,1,CGGCACATTGGGGGACGGGA,0,4902168
ygfS_ygfT_predicted,0.5,1,1,CGGCAAGAATAATGGCAGAT,0,4904831
ygfS_ygfT_predicted,0.5,1,1,CGGATACAGGTTACCTAGGT,0,4928432
ygfS_ygfT_predicted,0.5,1,1,CGGAGAACGTGGAAGCCGCA,0,4918502
ygfS_ygfT_predicted,0.5,1,1,CGGACACTACAAGTTGGATA,0,4906057
ygfS_ygfT_predicted,0.5,1,1,CGCTTCCGAATTCAGTACTC,0,4919214
ygfS_ygfT_predicted,0.5,1,1,CGCTGTAGAATAGGCTCTGC,0,4928351
ygfS_ygfT_predicted,0.5,1,1,CGCGTGAGGTCGCTTCTATA,0,4909920
ygfS_ygfT_predicted,0.5,1,1,CGCGGTGAATTTTTTAGGTA,0,4919565
ygfS_ygfT_predicted,0.5,1,1,CGCGGGCACAAATGCTAGGC,0,4907318
ygfS_ygfT_predicted,0.5,1,1,CGCGGATACCGGGCTCATCG,0,4928897
ygfS_ygfT_predicted,0.5,1,1,CGCGCGTGATCCGTTATGTC,0,4919801
ygfS_ygfT_predicted,0.5,1,1,CGCGATTGTTTCTCCCGAAC,0,4930735
ygfS_ygfT_predicted,0.5,1,1,CGCCTTCCATTCTTTTAGCA,0,4905923
ygfS_ygfT_predicted,0.5,1,1,CGCCTCCAAAAAGTGAGTGG,0,4929226
ygfS_ygfT_predicted,0.5,1,1,CGCCGCTTAAATGCGCGTGT,0,4910997
ygfS_ygfT_predicted,0.5,1,1,CGCCCGTGGGATTGCGTCCG,0,4904189
ygfS_ygfT_predicted,0.5,1,1,CGCCCGCTCGGTCAAGCTGC,0,4901930
ygfS_ygfT_predicted,0.5,1,1,CGCCCATGTTACCACTATGT,0,4923188
ygfS_ygfT_predicted,0.5,1,1,CGCAACGTCCCCTCTTGGCT,0,4913073
ygfS_ygfT_predicted,0.5,1,1,CGCAAATGGGGTCATCATCG,0,4930041
ygfS_ygfT_predicted,0.5,1,1,CGCAAATATCCTCGTCTGTG,0,4914009
ygfS_ygfT_predicted,0.5,1,1,CGCAAAATACGCATTTTTGG,0,4908558
ygfS_ygfT_predicted,0.5,1,1,CGATTACAGTTACACATCCT,0,4911285
ygfS_ygfT_predicted,0.5,1,1,CGATGGGTTTCCAGTTTAAT,0,4921121
ygfS_ygfT_predicted,0.5,1,1,CGATCTTTAGCGCTTAGGTT,0,4907227
ygfS_ygfT_predicted,0.5,1,1,CGAGTCACCCGGTCGTCCCT,0,4927933
ygfS_ygfT_predicted,0.5,1,1,CGAGGAGCTCCAGTTTTCGC,0,4926867
ygfS_ygfT_predicted,0.5,1,1,CGAGCGAACGACGCCATGCC,0,4909332
ygfS_ygfT_predicted,0.5,1,1,CGAGCCGGAGGGGAGGGAGG,0,4927540
ygfS_ygfT_predicted,0.5,1,1,CGACTGAGAATTACAACCTA,0,4918560
ygfS_ygfT_predicted,0.5,1,1,CGACTAAGTGTGAAGGAGCC,0,4900288
ygfS_ygfT_predicted,0.5,1,1,CGACGATCAAGAGGATTGCT,0,4904595
ygfS_ygfT_predicted,0.5,1,1,CGACCATCTATAGCCCGGAT,0,4917625
ygfS_ygfT_predicted,0.5,1,1,CGAATCGCCAGTTGGAGCTC,0,4900180
ygfS_ygfT_predicted,0.5,1,1,CGAACGACACGGGTCATAGT,0,4913188
ygfS_ygfT_predicted,0.5,1,1,CGAACCGGTCGAGGAGAATA,0,4924634
ygfS_ygfT_predicted,0.5,1,1,CGAAAAGTCGATGTTGAGAT,0,4930298
ygfS_ygfT_predicted,0.5,1,1,CCTTTGGCGAGTAAGTTCGT,0,4923549
ygfS_ygfT_predicted,0.5,1,1,CCTTTCCGGTACCCACGCCA,0,4926124
ygfS_ygfT_predicted,0.5,1,1,CCTTGTTTGTGTAACTCCTG,0,4915719
ygfS_ygfT_predicted,0.5,1,1,CCTTCTTTACCATCTACTGG,0,4902249
ygfS_ygfT_predicted,0.5,1,1,CCTGCGAGGAGATAAGCGGC,0,4899766
ygfS_ygfT_predicted,0.5,1,1,CCTGCCGGGCTATCGTCGGC,0,4909763
ygfS_ygfT_predicted,0.5,1,1,CCTGCAACGAGGGCACCGGC,0,4919616
ygfS_ygfT_predicted,0.5,1,1,CCTGATTGGAGACAGGAACT,0,4923083
ygfS_ygfT_predicted,0.5,1,1,CCTCTGCTGATCAGGCGCAT,0,4899921
ygfS_ygfT_predicted,0.5,1,1,CCTCTCGACTCACAATTGTC,0,4919798
ygfS_ygfT_predicted,0.5,1,1,CCTCGCTTTGTATGCGTTCG,0,4922321
ygfS_ygfT_predicted,0.5,1,1,CCTCGACCGCTGGGCACGGT,0,4927522
ygfS_ygfT_predicted,0.5,1,1,CCTCAGTACCTCATCCGGCC,0,4923888
ygfS_ygfT_predicted,0.5,1,1,CCTATTTTCTCATCAGTGCT,0,4914004
ygfS_ygfT_predicted,0.5,1,1,CCTACCGCTGATGGCTTGCT,0,4906138
ygfS_ygfT_predicted,0.5,1,1,CCGTTGTTATTTGCACATTA,0,4914835
ygfS_ygfT_predicted,0.5,1,1,CCGTCCCTACTGTGACGGGG,0,4929515
ygfS_ygfT_predicted,0.5,1,1,CCGTAAATCGATGGACCCAG,0,4927687
ygfS_ygfT_predicted,0.5,1,1,CCGGTTGTCATACGCAGCAA,0,4921316
ygfS_ygfT_predicted,0.5,1,1,CCGGTGCGACTAGGTTAGTT,0,4908432
ygfS_ygfT_predicted,0.5,1,1,CCGGGGTTCGCGACCCGTCC,0,4903232
ygfS_ygfT_predicted,0.5,1,1,CCGGGACAGCGGTGCATGGA,0,4918054
ygfS_ygfT_predicted,0.5,1,1,CCGCTTAATGGTGCAGTGAG,0,4921120
ygfS_ygfT_predicted,0.5,1,1,CCGCGCCATTGTTACATACT,0,4923565
ygfS_ygfT_predicted,0.5,1,1,CCGCCAGACACTGGTAGCGG,0,4908067
ygfS_ygfT_predicted,0.5,1,1,CCGCATTTTCTAATAAGATT,0,4909853
ygfS_ygfT_predicted,0.5,1,1,CCGATTCACCATGGCCATAT,0,4911404
ygfS_ygfT_predicted,0.5,1,1,CCGAGCTCGCTTAACCCTAG,0,4904506
ygfS_ygfT_predicted,0.5,1,1,CCGAGCACTCCAGTTTCGTT,0,4902656
ygfS_ygfT_predicted,0.5,1,1,CCGACTTGCACTCCGCGGAG,0,4902873
ygfS_ygfT_predicted,0.5,1,1,CCGACGTAGCCAACAGGCTT,0,4899852
ygfS_ygfT_predicted,0.5,1,1,CCGACAGCCCCCGATTGTAC,0,4930659
ygfS_ygfT_predicted,0.5,1,1,CCGAAGGAACTAGAATAACA,0,4915176
ygfS_ygfT_predicted,0.5,1,1,CCGAAATAGCCCGGTGCCGG,0,4930281
ygfS_ygfT_predicted,0.5,1,1,CCCTCGTGGTTTATCATGGG,0,4926273
ygfS_ygfT_predicted,0.5,1,1,CCCTCGTAAACCGTTATGTT,0,4926414
ygfS_ygfT_predicted,0.5,1,1,CCCTCATTAGTGTCGGGACT,0,4929666
ygfS_ygfT_predicted,0.5,1,1,CCCTAACTTGAGGGACCGGT,0,4912643
ygfS_ygfT_predicted,0.5,1,1,CCCGTTGTGCGTCTGGACGG,0,4921187
ygfS_ygfT_predicted,0.5,1,1,CCCGTTAATTATCCCGCCAT,0,4912079
ygfS_ygfT_predicted,0.5,1,1,CCCGTGTGCTAGCTTCCCCT,0,4922997
ygfS_ygfT_predicted,0.5,1,1,CCCGTAGCGTCGTGTGAAAA,0,4909947
ygfS_ygfT_predicted,0.5,1,1,CCCGTACGGCATGAGATCAT,0,4908983
ygfS_ygfT_predicted,0.5,1,1,CCCGGGTGCCGTAGATCATG,0,4919261
ygfS_ygfT_predicted,0.5,1,1,CCCGGGGGCACGGATCGGGT,0,4910484
ygfS_ygfT_predicted,0.5,1,1,CCCGGAGAGTTTCTTCTTGA,0,4902833
ygfS_ygfT_predicted,0.5,1,1,CCCGCGCAGGGCCGGCACTT,0,4910809
ygfS_ygfT_predicted,0.5,1,1,CCCGACAAAAGTGTGTGCAT,0,4921828
ygfS_ygfT_predicted,0.5,1,1,CCCGAAAGCCCCCTAGCTCC,0,4917115
ygfS_ygfT_predicted,0.5,1,1,CCCCAGCCGGGATGGCCACA,0,4902938
ygfS_ygfT_predicted,0.5,1,1,CCCATTCACCACTTTAAGCG,0,4901274
ygfS_ygfT_predicted,0.5,1,1,CCCATCCACCGAGGGACACT,0,4922494
ygfS_ygfT_predicted,0.5,1,1,CCCATCAGTCGCCAACAGCA,0,4911053
ygfS_ygfT_predicted,0.5,1,1,CCCAGCACTAATCGCTTATT,0,4902958
ygfS_ygfT_predicted,0.5,1,1,CCCACGTAGTACTCAGCCGC,0,4912185
ygfS_ygfT_predicted,0.5,1,1,CCCAATAAATGGTTTTGACG,0,4909401
ygfS_ygfT_predicted,0.5,1,1,CCCAAAGCGGACTCAACGAG,0,4931033
ygfS_ygfT_predicted,0.5,1,1,CCATTTATCTCGACATACAC,0,4906979
ygfS_ygfT_predicted,0.5,1,1,CCATCTAGGCGTCTGTGCGA,0,4929604
ygfS_ygfT_predicted,0.5,1,1,CCATAGCTCTCGTCCTCCTT,0,4926672
ygfS_ygfT_predicted,0.5,1,1,CCAGTCCCCTCGCCGCGTTG,0,4919972
ygfS_ygfT_predicted,0.5,1,1,CCAGTATACGCCCCAGACTC,0,4912698
ygfS_ygfT_predicted,0.5,1,1,CCAGCAGAACTGTGACAATA,0,4917310
ygfS_ygfT_predicted,0.5,1,1,CCAGACTTGGATTCCAGCCG,0,4924253
ygfS_ygfT_predicted,0.5,1,1,CCAATCCTCCCTTCATTGTA,0,4913565
ygfS_ygfT_predicted,0.5,1,1,CCAATCCCGGTTTAGAAAGT,0,4926007
ygfS_ygfT_predicted,0.5,1,1,CCAATAAGTCAGGATTACCA,0,4908438
ygfS_ygfT_predicted,0.5,1,1,CCAAAAGGTCGCCATGGTAC,0,4918481
ygfS_ygfT_predicted,0.5,1,1,CCAAAAAAACTGAACCAGCG,0,4929990
ygfS_ygfT_predicted,0.5,1,1,CATTGTAATGCGGATTCTAC,0,4928354
ygfS_ygfT_predicted,0.5,1,1,CATGTTTTCGGTACTGGCAT,0,4910184
ygfS_ygfT_predicted,0.5,1,1,CATGGTGGTGGTGCGCCAAA,0,4909064
ygfS_ygfT_predicted,0.5,1,1,CATGCGTTGTTAGTAGCTAG,0,4918790
ygfS_ygfT_predicted,0.5,1,1,CATGCAGCACTCAACTCGGT,0,4908019
ygfS_ygfT_predicted,0.5,1,1,CATCGCCGCCGGATCTCTAA,0,4915505
ygfS_ygfT_predicted,0.5,1,1,CATATCGCCATCGAGGTATA,0,4926892
ygfS_ygfT_predicted,0.5,1,1,CATAGTTATTGACCCACTGA,0,4918807
ygfS_ygfT_predicted,0.5,1,1,CATACCTTGCTCTGACCACC,0,4929288
ygfS_ygfT_predicted,0.5,1,1,CATAATTGTCGTCTGTTGGA,0,4907511
ygfS_ygfT_predicted,0.5,1,1,CATAACTTGTGAATAGAAGG,0,4925122
ygfS_ygfT_predicted,0.5,1,1,CAGTTATAAAGCATCTCATA,0,4912915
ygfS_ygfT_predicted,0.5,1,1,CAGTGGAAATCTCATCGATT,0,4915303
ygfS_ygfT_predicted,0.5,1,1,CAGTGCGAGGCGGTTATATC,0,4904195
ygfS_ygfT_predicted,0.5,1,1,CAGTACAAGTGAATGTATCA,0,4908369
ygfS_ygfT_predicted,0.5,1,1,CAGGTAATGGTAAACATCGG,0,4923002
ygfS_ygfT_predicted,0.5,1,1,CAGGGTACTAAGCTCTCAAT,0,4925395
ygfS_ygfT_predicted,0.5,1,1,CAGGCTCGTCCAATTTAAGA,0,4910804
ygfS_ygfT_predicted,0.5,1,1,CAGGAGGTTGAATTAGTTGT,0,4907205
ygfS_ygfT_predicted,0.5,1,1,CAGCTTTCACACACGTAAAA,0,4926813
ygfS_ygfT_predicted,0.5,1,1,CAGCGCGTGGTAAGAGAACA,0,4930310
ygfS_ygfT_predicted,0.5,1,1,CAGCCGCTGAATATCCCAAT,0,4922975
ygfS_ygfT_predicted,0.5,1,1,CAGATGTCCGCCGAATTGTC,0,4920753
ygfS_ygfT_predicted,0.5,1,1,CAGAAGGTTCGTTTGCGCCT,0,4927601
ygfS_ygfT_predicted,0.5,1,1,CAGAAGCCCCTGTGGTGTCC,0,4903949
ygfS_ygfT_predicted,0.5,1,1,CAGAACGCATCCACTCCGAC,0,4919995
ygfS_ygfT_predicted,0.5,1,1,CACGACTCGGAGTTGCACAG,0,4906855
ygfS_ygfT_predicted,0.5,1,1,CACCGCGTGGCCCTCATGGA,0,4903346
ygfS_ygfT_predicted,0.5,1,1,CACAGTTCATGCACGTGTAG,0,4904228
ygfS_ygfT_predicted,0.5,1,1,CACACCATTCGAGGAGCATA,0,4906813
ygfS_ygfT_predicted,0.5,1,1,CACAAGGTCACTAAGAAGTG,0,4921873
ygfS_ygfT_predicted,0.5,1,1,CACAAAACCTTTAGGGATTT,0,4930254
ygfS_ygfT_predicted,0.5,1,1,CAATTTCGTTTGAAGGTGCA,0,4908691
ygfS_ygfT_predicted,0.5,1,1,CAATGTTTACCTATTTCCAT,0,4919584
ygfS_ygfT_predicted,0.5,1,1,CAATGAGGAGGTACATCTTA,0,4923980
ygfS_ygfT_predicted,0.5,1,1,CAATCGTGCCCACATGTAGA,0,4915589
ygfS_ygfT_predicted,0.5,1,1,CAATCGTGCCATAACCTGTC,0,4912885
ygfS_ygfT_predicted,0.5,1,1,CAATCCGCTTGGCGCATAGA,0,4914477
ygfS_ygfT_predicted,0.5,1,1,CAAGTCTACGACTATGCTGT,0,4905638
ygfS_ygfT_predicted,0.5,1,1,CAAGTCCGTGCGCATGGTTC,0,4923642
ygfS_ygfT_predicted,0.5,1,1,CAAGGTCCACTTGTATGTAT,0,4903014
ygfS_ygfT_predicted,0.5,1,1,CAAGCGATTACGGCACGTAA,0,4919920
ygfS_ygfT_predicted,0.5,1,1,CAAGACTATTTCAATCCGTA,0,4929008
ygfS_ygfT_predicted,0.5,1,1,CAACTATGCCAGGTACAAAG,0,4908918
ygfS_ygfT_predicted,0.5,1,1,CAACCTGCTCACGTATGAGG,0,4919569
ygfS_ygfT_predicted,0.5,1,1,CAACCGGATAAAACATTCGT,0,4911688
ygfS_ygfT_predicted,0.5,1,1,ATTTTATTGATCCGCCACGC,0,4907693
ygfS_ygfT_predicted,0.5,1,1,ATTTCAGGCAATGGTTTCAA,0,4901323
ygfS_ygfT_predicted,0.5,1,1,ATTTACACTGTTATAGCAGA,0,4907376
ygfS_ygfT_predicted,0.5,1,1,ATTTAAGCGTGACGTATGCT,0,4930326
ygfS_ygfT_predicted,0.5,1,1,ATTGTTCTCTAGTACACCCG,0,4900283
ygfS_ygfT_predicted,0.5,1,1,ATTGTGTCAGTGATAATGGT,0,4908032
ygfS_ygfT_predicted,0.5,1,1,ATTGTAAAGGACGCCTGGCC,0,4914946
ygfS_ygfT_predicted,0.5,1,1,ATTGGTGGCTTGGGGACTCG,0,4916251
ygfS_ygfT_predicted,0.5,1,1,ATTGACGGTTCAGTCGCTGG,0,4922032
ygfS_ygfT_predicted,0.5,1,1,ATTGAACATGAGAGTGGAAC,0,4911331
ygfS_ygfT_predicted,0.5,1,1,ATTCGTTTGTAGAGGCTTCC,0,4930912
ygfS_ygfT_predicted,0.5,1,1,ATTCCGTGGAACTGCTTGAC,0,4926397
ygfS_ygfT_predicted,0.5,1,1,ATTCCCTGGAACCTGTATCA,0,4909541
ygfS_ygfT_predicted,0.5,1,1,ATTCAATATCGGGAGGACTG,0,4901510
ygfS_ygfT_predicted,0.5,1,1,ATTATTCGCACTCGTACAAT,0,4901723
ygfS_ygfT_predicted,0.5,1,1,ATTAACGGCAAAGATCCGAA,0,4910797
ygfS_ygfT_predicted,0.5,1,1,ATGTGGAGAGAACATCAAGG,0,4920321
ygfS_ygfT_predicted,0.5,1,1,ATGTGATACTTTAACACCTC,0,4900281
ygfS_ygfT_predicted,0.5,1,1,ATGTATGACAATCGGTTCAC,0,4922570
ygfS_ygfT_predicted,0.5,1,1,ATGTAGATGTTAGCCCTAAG,0,4906187
ygfS_ygfT_predicted,0.5,1,1,ATGGGCCAAGAGCCGAGTGT,0,4927443
ygfS_ygfT_predicted,0.5,1,1,ATGGGAGGGAACGCCCTTTT,0,4921222
ygfS_ygfT_predicted,0.5,1,1,ATGGCATCGCTATAAGGGAC,0,4920737
ygfS_ygfT_predicted,0.5,1,1,ATGGAAGGCTATTACTAAGA,0,4910482
ygfS_ygfT_predicted,0.5,1,1,ATGGAACTCCTTTCTCAAGA,0,4930762
ygfS_ygfT_predicted,0.5,1,1,ATGCGCTATGCAGTGTAAAC,0,4904896
ygfS_ygfT_predicted,0.5,1,1,ATGCGATTGTACTTTGCGAC,0,4918983
ygfS_ygfT_predicted,0.5,1,1,ATGCCGACTCCCGAGCGTAG,0,4917239
ygfS_ygfT_predicted,0.5,1,1,ATGATTAACGAGCGCGAAGC,0,4930248
ygfS_ygfT_predicted,0.5,1,1,ATGAGTTTAGGACGGTGTTG,0,4923652
ygfS_ygfT_predicted,0.5,1,1,ATGAGTTACAAGCGCAAGGG,0,4928720
ygfS_ygfT_predicted,0.5,1,1,ATGAGTCGTGCTATTACGGA,0,4905303
ygfS_ygfT_predicted,0.5,1,1,ATGAGCTACTGTTGTATACA,0,4906526
ygfS_ygfT_predicted,0.5,1,1,ATCTCAGGAAGTCACTCTTT,0,4918714
ygfS_ygfT_predicted,0.5,1,1,ATCTATCTATCGTATCGGAC,0,4926515
ygfS_ygfT_predicted,0.5,1,1,ATCTACGCCACTTTGACTGG,0,4914576
ygfS_ygfT_predicted,0.5,1,1,ATCGTTGCGATAGTGGAGGT,0,4902222
ygfS_ygfT_predicted,0.5,1,1,ATCGGCTGGATGTCGGACCC,0,4909333
ygfS_ygfT_predicted,0.5,1,1,ATCGCAGTTACTCCAGTCAT,0,4904607
ygfS_ygfT_predicted,0.5,1,1,ATCGACAATCATGTTGCCTG,0,4900966
ygfS_ygfT_predicted,0.5,1,1,ATCGAAGACGCCGCGTCCAG,0,4916801
ygfS_ygfT_predicted,0.5,1,1,ATCCTCGCTCAGATTTCTAT,0,4911328
ygfS_ygfT_predicted,0.5,1,1,ATCCCGTTCTGGATCTCAAC,0,4902184
ygfS_ygfT_predicted,0.5,1,1,ATCATTAGCATTTTCGGAGC,0,4919006
ygfS_ygfT_predicted,0.5,1,1,ATCATTAACCAATAAAATAC,0,4928377
ygfS_ygfT_predicted,0.5,1,1,ATCAGCCTCCGAATTTCGCG,0,4929364
ygfS_ygfT_predicted,0.5,1,1,ATCAGCCGTAGACGTTATAT,0,4928630
ygfS_ygfT_predicted,0.5,1,1,ATCACTGTTTCCTACCACCC,0,4904011
ygfS_ygfT_predicted,0.5,1,1,ATCACGCGAGTATATGAGCT,0,4913148
ygfS_ygfT_predicted,0.5,1,1,ATATTGCCAAACTTCGAGAG,0,4930851
ygfS_ygfT_predicted,0.5,1,1,ATATTATGCGTCACTCTATA,0,4902894
ygfS_ygfT_predicted,0.5,1,1,ATATCGGTACCGACCAGGAC,0,4906188
ygfS_ygfT_predicted,0.5,1,1,ATATCAGCTATGTGCCTCCA,0,4916810
ygfS_ygfT_predicted,0.5,1,1,ATAGTCTCTGACAGGCGTCA,0,4920923
ygfS_ygfT_predicted,0.5,1,1,ATAGTCAGTTAAACGTTTAC,0,4923434
ygfS_ygfT_predicted,0.5,1,1,ATACTCCATCATACGAGGAC,0,4914717
ygfS_ygfT_predicted,0.5,1,1,ATACTAAGTCTCCATAGCAA,0,4909535
ygfS_ygfT_predicted,0.5,1,1,ATACGTCAGAGGTTTCCGGG,0,4929783
ygfS_ygfT_predicted,0.5,1,1,ATACGGGCAGGCTGTTTACC,0,4909014
ygfS_ygfT_predicted,0.5,1,1,ATACAAAACAAACTGACTAG,0,4908818
ygfS_ygfT_predicted,0.5,1,1,ATAAGCTCGCCCCCTCACCA,0,4926348
ygfS_ygfT_predicted,0.5,1,1,ATAAGCGCACGGATCCCCAA,0,4917341
ygfS_ygfT_predicted,0.5,1,1,ATAACGTCCATTGCCTGGTC,0,4903448
ygfS_ygfT_predicted,0.5,1,1,ATAAAGAGCGCCTACCGGAC,0,4904191
ygfS_ygfT_predicted,0.5,1,1,AGTTGATCTGATGAAGCAAC,0,4910813
ygfS_ygfT_predicted,0.5,1,1,AGTTAGAGCTCTATATTCTC,0,4904129
ygfS_ygfT_predicted,0.5,1,1,AGTGTAGCTCATCCTGCCAT,0,4904889
ygfS_ygfT_predicted,0.5,1,1,AGTGGTAAAGTGATAGTAAG,0,4928515
ygfS_ygfT_predicted,0.5,1,1,AGTCTGCTATTACAATTCGA,0,4926810
ygfS_ygfT_predicted,0.5,1,1,AGTCTCTTCTTGTATCGGAG,0,4911229
ygfS_ygfT_predicted,0.5,1,1,AGTCGTTGCAGGACTGCTAG,0,4930660
ygfS_ygfT_predicted,0.5,1,1,AGTCCCGGCGACTGTGGATC,0,4922572
ygfS_ygfT_predicted,0.5,1,1,AGTCAGGGGACTACACGCTG,0,4930731
ygfS_ygfT_predicted,0.5,1,1,AGTATCAGGCTGGCGCCGGC,0,4918303
ygfS_ygfT_predicted,0.5,1,1,AGTACTTATGGGTCATGATT,0,4921648
ygfS_ygfT_predicted,0.5,1,1,AGTAAACGTGCTCCTTAACT,0,4922932
ygfS_ygfT_predicted,0.5,1,1,AGGTGCCTAAGAAGGGTTTC,0,4918282
ygfS_ygfT_predicted,0.5,1,1,AGGTGAAGCCAAATTCCGCA,0,4927224
ygfS_ygfT_predicted,0.5,1,1,AGGTCTTCGGTTTGTCACAA,0,4919160
ygfS_ygfT_predicted,0.5,1,1,AGGTCGATAGGCAGTGTGTC,0,4929321
ygfS_ygfT_predicted,0.5,1,1,AGGTCACCATACAAACGATC,0,4899936
ygfS_ygfT_predicted,0.5,1,1,AGGGTGAAGGGTTCCCAGGT,0,4915808
ygfS_ygfT_predicted,0.5,1,1,AGGGGTACCTCCTTTAGCAG,0,4904417
ygfS_ygfT_predicted,0.5,1,1,AGGGGCGACACCGCTCTCAT,0,4918761
ygfS_ygfT_predicted,0.5,1,1,AGGGCTCTCGCGAAGTGGAC,0,4913293
ygfS_ygfT_predicted,0.5,1,1,AGGGCCAGGGTGGATTATGT,0,4908643
ygfS_ygfT_predicted,0.5,1,1,AGGGAGTATAGAGGGGGCAT,0,4908554
ygfS_ygfT_predicted,0.5,1,1,AGGGACAGAATTCACCGGGA,0,4907297
ygfS_ygfT_predicted,0.5,1,1,AGGCTTACTGCTCGTGAGGG,0,4912737
ygfS_ygfT_predicted,0.5,1,1,AGGCCTTAGAGGAAAGCGGC,0,4926511
ygfS_ygfT_predicted,0.5,1,1,AGGCACGATGGTGCCATGGA,0,4913805
ygfS_ygfT_predicted,0.5,1,1,AGGCAATGAGTCTGTGGCAT,0,4928509
ygfS_ygfT_predicted,0.5,1,1,AGGAGGGCTCCCTGCTGCGA,0,4925714
ygfS_ygfT_predicted,0.5,1,1,AGGACACTATATATGGATAG,0,4908211
ygfS_ygfT_predicted,0.5,1,1,AGGAAGCGGTAATTAATTAA,0,4930460
ygfS_ygfT_predicted,0.5,1,1,AGGAAGAGTCACTAAAAGTC,0,4918292
ygfS_ygfT_predicted,0.5,1,1,AGGAACCTCTTTCAAGAACT,0,4922202
ygfS_ygfT_predicted,0.5,1,1,AGGAAATCGGGAATGAACTT,0,4904038
ygfS_ygfT_predicted,0.5,1,1,AGGAAACAATACATCCCTCC,0,4908265
ygfS_ygfT_predicted,0.5,1,1,AGCTTCACCCAGTTTCCTAA,0,4924493
ygfS_ygfT_predicted,0.5,1,1,AGCTTAGGGAACGTAGTGGA,0,4928691
ygfS_ygfT_predicted,0.5,1,1,AGCTGTTGGACTGATTGGCT,0,4905846
ygfS_ygfT_predicted,0.5,1,1,AGCTCGAAAGTGTCCAGATT,0,4909818
ygfS_ygfT_predicted,0.5,1,1,AGCTAAGGCCTATTACTGGG,0,4929839
ygfS_ygfT_predicted,0.5,1,1,AGCGTTGGGAAGGCGTAAGG,0,4909297
ygfS_ygfT_predicted,0.5,1,1,AGCGTTACAACCAACGACCC,0,4927073
ygfS_ygfT_predicted,0.5,1,1,AGCGTAGTGACAGTAAAGTA,0,4908845
ygfS_ygfT_predicted,0.5,1,1,AGCGCTGGTTATCCAACAAA,0,4923513
ygfS_ygfT_predicted,0.5,1,1,AGCGCGAAAGCGCAGCTTTG,0,4905630
ygfS_ygfT_predicted,0.5,1,1,AGCGCAATCTGCCCCCGTGT,0,4902412
ygfS_ygfT_predicted,0.5,1,1,AGCGATGCTAAGGAAGCAAG,0,4928160
ygfS_ygfT_predicted,0.5,1,1,AGCCGCAATAGGTGGTTTGT,0,4916035
ygfS_ygfT_predicted,0.5,1,1,AGCCAGATTTCTGGTATAAC,0,4919082
ygfS_ygfT_predicted,0.5,1,1,AGCAGCTACAATGATGTGCA,0,4923969
ygfS_ygfT_predicted,0.5,1,1,AGATTACAGGAGTGCAGGCC,0,4902095
ygfS_ygfT_predicted,0.5,1,1,AGATGTACCGAAAGTAGACA,0,4928284
ygfS_ygfT_predicted,0.5,1,1,AGATCACTGCAGAAACAGAT,0,4920286
ygfS_ygfT_predicted,0.5,1,1,AGAGGAGCGACTCAATGTCA,0,4903163
ygfS_ygfT_predicted,0.5,1,1,AGAGCGGTGATTTATGGATC,0,4911770
ygfS_ygfT_predicted,0.5,1,1,AGAGCCTGGCTACGAGTAGA,0,4917932
ygfS_ygfT_predicted,0.5,1,1,AGACTCTGCCCGTAGTACCT,0,4904203
ygfS_ygfT_predicted,0.5,1,1,AGACGGACGCCTAGTTTCAC,0,4902348
ygfS_ygfT_predicted,0.5,1,1,AGAATAAGCCGAAATTCGAT,0,4905347
ygfS_ygfT_predicted,0.5,1,1,AGAAGGTGGGGGGAGGTTTG,0,4921158
ygfS_ygfT_predicted,0.5,1,1,AGAAGGACTTTCGCCTATGA,0,4913396
ygfS_ygfT_predicted,0.5,1,1,AGAACTGCATTTGCAGGCCC,0,4927520
ygfS_ygfT_predicted,0.5,1,1,AGAAATTATGTACCGTAATA,0,4925574
ygfS_ygfT_predicted,0.5,1,1,ACTTAGGATGCCAAAGCACA,0,4913007
ygfS_ygfT_predicted,0.5,1,1,ACTGTGTGTGCCGTGAGGTA,0,4905664
ygfS_ygfT_predicted,0.5,1,1,ACTGTGTATCAACCCTTCTT,0,4910146
ygfS_ygfT_predicted,0.5,1,1,ACTGGGACCTCAGGGCCTAA,0,4923895
ygfS_ygfT_predicted,0.5,1,1,ACTCGGTAATGCAACGAGTT,0,4910352
ygfS_ygfT_predicted,0.5,1,1,ACTCCCGGACAATCCCGGCA,0,4925690
ygfS_ygfT_predicted,0.5,1,1,ACTCATGGGTACGCTTACCC,0,4907884
ygfS_ygfT_predicted,0.5,1,1,ACTCATCGGACCCGAGGGCT,0,4905852
ygfS_ygfT_predicted,0.5,1,1,ACTCAGGTGTATGTTGTCTC,0,4903371
ygfS_ygfT_predicted,0.5,1,1,ACTCACGTTTTATGCCTTCA,0,4902914
ygfS_ygfT_predicted,0.5,1,1,ACTAGCGACAACGTATTAGT,0,4902187
ygfS_ygfT_predicted,0.5,1,1,ACTACCCTAAAACGCTAACA,0,4921822
ygfS_ygfT_predicted,0.5,1,1,ACTAAAGCAGTCATAACGAA,0,4901503
ygfS_ygfT_predicted,0.5,1,1,ACTAAACGAGGCGATACGCC,0,4907228
ygfS_ygfT_predicted,0.5,1,1,ACGTGACTACAAAATAGGAA,0,4913761
ygfS_ygfT_predicted,0.5,1,1,ACGTAACTACACCAGCAATA,0,4914255
ygfS_ygfT_predicted,0.5,1,1,ACGGTTGACCACTACGCGCA,0,4909479
ygfS_ygfT_predicted,0.5,1,1,ACGGATCATAACCTACCCTA,0,4922005
ygfS_ygfT_predicted,0.5,1,1,ACGGAGGGGCTAATTGGTGT,0,4927440
ygfS_ygfT_predicted,0.5,1,1,ACGCTGTACCAAACTTCTCG,0,4916542
ygfS_ygfT_predicted,0.5,1,1,ACGCGGTTTCGTGATACCAT,0,4929778
ygfS_ygfT_predicted,0.5,1,1,ACGCCAGGCGACGCATGAGT,0,4906243
ygfS_ygfT_predicted,0.5,1,1,ACGCCACCTCCTGATAGGAG,0,4926144
ygfS_ygfT_predicted,0.5,1,1,ACGATGGTGAGTAAATCCGA,0,4902912
ygfS_ygfT_predicted,0.5,1,1,ACGATGAACCCCAGTAGGCT,0,4903900
ygfS_ygfT_predicted,0.5,1,1,ACGAGTCGAGCTAGAACCTT,0,4920770
ygfS_ygfT_predicted,0.5,1,1,ACGAGTAGTCTGGTCTCATG,0,4916946
ygfS_ygfT_predicted,0.5,1,1,ACCTGCTAAAATCAGCCCTT,0,4911625
ygfS_ygfT_predicted,0.5,1,1,ACCTAGAGTATGGGTATGAC,0,4912294
ygfS_ygfT_predicted,0.5,1,1,ACCGTTGAGTCCACTCTGCC,0,4914340
ygfS_ygfT_predicted,0.5,1,1,ACCGTGGTGTCCCAAGCGAA,0,4903244
ygfS_ygfT_predicted,0.5,1,1,ACCGGTCTTCACCATTATCA,0,4921317
ygfS_ygfT_predicted,0.5,1,1,ACCGGAGCTCAACAAGAGAC,0,4906626
ygfS_ygfT_predicted,0.5,1,1,ACCGCGTGTTGTCGATCGGG,0,4909229
ygfS_ygfT_predicted,0.5,1,1,ACCGCCGTTCCAATTGTTCA,0,4901488
ygfS_ygfT_predicted,0.5,1,1,ACCCTGCTTGTGGTTGTCTT,0,4924346
ygfS_ygfT_predicted,0.5,1,1,ACCCTCCAACATGCAGCGTC,0,4903859
ygfS_ygfT_predicted,0.5,1,1,ACCCCTGGACGGGAGGTCTA,0,4903112
ygfS_ygfT_predicted,0.5,1,1,ACCCCAGCTACGCTACTAGA,0,4918129
ygfS_ygfT_predicted,0.5,1,1,ACCCACACCGTGCCGCTAAA,0,4902024
ygfS_ygfT_predicted,0.5,1,1,ACCATGTAGTTTGACTTAAA,0,4931055
ygfS_ygfT_predicted,0.5,1,1,ACCATGTAAACCCTCAGGCA,0,4909736
ygfS_ygfT_predicted,0.5,1,1,ACCAGCACCTTTCGTATGTT,0,4928799
ygfS_ygfT_predicted,0.5,1,1,ACCACCGCGCAAATGTACGC,0,4923435
ygfS_ygfT_predicted,0.5,1,1,ACATTGTAACCGCTTTTCAG,0,4908682
ygfS_ygfT_predicted,0.5,1,1,ACATTCCAGTGAGCCGGACG,0,4907137
ygfS_ygfT_predicted,0.5,1,1,ACATCTAAGCATATCAAGTT,0,4920501
ygfS_ygfT_predicted,0.5,1,1,ACATCAAACTTCCCTCGAAC,0,4908790
ygfS_ygfT_predicted,0.5,1,1,ACATACCGTGCGCTTACATC,0,4900677
ygfS_ygfT_predicted,0.5,1,1,ACATAACTTGAACAGTCTTG,0,4912719
ygfS_ygfT_predicted,0.5,1,1,ACAGTGTGATCGAGCGATGG,0,4903768
ygfS_ygfT_predicted,0.5,1,1,ACAGTCGAGGAAGTGAACGT,0,4911592
ygfS_ygfT_predicted,0.5,1,1,ACAGGTTATCAACGAGCACC,0,4923983
ygfS_ygfT_predicted,0.5,1,1,ACAGGTTAGATAGCCTGAGG,0,4925892
ygfS_ygfT_predicted,0.5,1,1,ACAGAATACGTAGGCATAGC,0,4928713
ygfS_ygfT_predicted,0.5,1,1,ACAGAAGTTAATCGTGTCTA,0,4911167
ygfS_ygfT_predicted,0.5,1,1,ACACGTATATCCGGAAATTC,0,4925183
ygfS_ygfT_predicted,0.5,1,1,ACACGATGGATACATCAGGC,0,4910527
ygfS_ygfT_predicted,0.5,1,1,ACACAAAGAAATTCCCGGAT,0,4915820
ygfS_ygfT_predicted,0.5,1,1,ACAATTGAGATTATTGCCCC,0,4915347
ygfS_ygfT_predicted,0.5,1,1,ACAATCAACCATAAAATGAG,0,4907666
ygfS_ygfT_predicted,0.5,1,1,ACAAGTGGGCAACGCTTTAG,0,4919863
ygfS_ygfT_predicted,0.5,1,1,ACAACGCCTGGGTTAAGAAG,0,4923506
ygfS_ygfT_predicted,0.5,1,1,ACAAAGGCGGTGATGTACGT,0,4926539
ygfS_ygfT_predicted,0.5,1,1,AATTTTGTATTTGACGCCCT,0,4914780
ygfS_ygfT_predicted,0.5,1,1,AATTTCCATGGGCACTTCCA,0,4915361
ygfS_ygfT_predicted,0.5,1,1,AATTTAGAAACCCTCTTATC,0,4906402
ygfS_ygfT_predicted,0.5,1,1,AATTTAATTGTCAGGGGGAC,0,4916731
ygfS_ygfT_predicted,0.5,1,1,AATTGGCATACGGAAATTCA,0,4900829
ygfS_ygfT_predicted,0.5,1,1,AATTATAGTGTACGTTATTG,0,4918195
ygfS_ygfT_predicted,0.5,1,1,AATTATACAGTTCTGTTAGA,0,4906460
ygfS_ygfT_predicted,0.5,1,1,AATTAATAGCGAACTGCCCC,0,4931457
ygfS_ygfT_predicted,0.5,1,1,AATGTGGGCCGTTAACATGG,0,4903447
ygfS_ygfT_predicted,0.5,1,1,AATGCGGAGACGGAATTTTT,0,4913121
ygfS_ygfT_predicted,0.5,1,1,AATCTTCTGGGTGACGGTTG,0,4913318
ygfS_ygfT_predicted,0.5,1,1,AATCTCCAAAACCCAGCATT,0,4909792
ygfS_ygfT_predicted,0.5,1,1,AATCGTGCACTACTATTGTT,0,4922443
ygfS_ygfT_predicted,0.5,1,1,AATCATTGGTACTAGGCGTA,0,4904286
ygfS_ygfT_predicted,0.5,1,1,AATCATAGTGGATCCGAGGA,0,4918928
ygfS_ygfT_predicted,0.5,1,1,AATATAGTCAGAATCGATGG,0,4901565
ygfS_ygfT_predicted,0.5,1,1,AATATACACATTGTATTAAC,0,4907495
ygfS_ygfT_predicted,0.5,1,1,AATAGTCACAACCGACTGGA,0,4905224
ygfS_ygfT_predicted,0.5,1,1,AATAGCCGGGGCTACAGGGA,0,4919606
ygfS_ygfT_predicted,0.5,1,1,AATACATATCTATCTGGCAG,0,4914195
ygfS_ygfT_predicted,0.5,1,1,AAGTTTCGTAATCTGGGGGG,0,4922700
ygfS_ygfT_predicted,0.5,1,1,AAGTGCAGTCAAACCTCGGG,0,4920328
ygfS_ygfT_predicted,0.5,1,1,AAGTAGAAGCCGACCGGAGA,0,4930819
ygfS_ygfT_predicted,0.5,1,1,AAGGTAACTCTATAGTCACG,0,4915929
ygfS_ygfT_predicted,0.5,1,1,AAGGGGGGGTGGGTGAGTCA,0,4930317
ygfS_ygfT_predicted,0.5,1,1,AAGGAGGGGGAGCGTATCCT,0,4922980
ygfS_ygfT_predicted,0.5,1,1,AAGCTTCGTCAAAGTTGGGG,0,4915265
ygfS_ygfT_predicted,0.5,1,1,AAGCTGCAGTGGTGTACAGT,0,4917104
ygfS_ygfT_predicted,0.5,1,1,AAGCGTTATGTCACAGTAGG,0,4903395
ygfS_ygfT_predicted,0.5,1,1,AAGATGCTTATACTTAGTTC,0,4924025
ygfS_ygfT_predicted,0.5,1,1,AAGAGTTACGCGGGCTTCGG,0,4916857
ygfS_ygfT_predicted,0.5,1,1,AAGACTGAACCTAAGCCAGC,0,4906756
ygfS_ygfT_predicted,0.5,1,1,AAGACCCTTCTTTGTCATAG,0,4929071
ygfS_ygfT_predicted,0.5,1,1,AACTTCTACCTTGAACCTTT,0,4914959
ygfS_ygfT_predicted,0.5,1,1,AACTTCCCTGCACATGGTGA,0,4914948
ygfS_ygfT_predicted,0.5,1,1,AACTGAGATGTTGTCTAGTC,0,4902676
ygfS_ygfT_predicted,0.5,1,1,AACTGAAATACATGACCGTA,0,4914192
ygfS_ygfT_predicted,0.5,1,1,AACTAACGTAAGTGTGGTAT,0,4907113
ygfS_ygfT_predicted,0.5,1,1,AACGCTCGCCAAAATGTTTC,0,4903137
ygfS_ygfT_predicted,0.5,1,1,AACGATTGTGCCAGACAGGG,0,4927086
ygfS_ygfT_predicted,0.5,1,1,AACCTGCCTTCAAACAAGCA,0,4915170
ygfS_ygfT_predicted,0.5,1,1,AACCGTTTCATCAGGCGGTC,0,4900889
ygfS_ygfT_predicted,0.5,1,1,AACCCAGAGAACACTTCTGG,0,4916803
ygfS_ygfT_predicted,0.5,1,1,AACCAACTGGGGCCAACTCA,0,4901989
ygfS_ygfT_predicted,0.5,1,1,AAATGGCATACATTCCGAAT,0,4927827
ygfS_ygfT_predicted,0.5,1,1,AAATGAGTGGCCTGGGAGCA,0,4912346
ygfS_ygfT_predicted,0.5,1,1,AAAGTCGCCTATAGGAATGT,0,4922580
ygfS_ygfT_predicted,0.5,1,1,AAAGTATGTTAACGGACGCT,0,4927410
ygfS_ygfT_predicted,0.5,1,1,AAAGTACTAGAAATTTAGGC,0,4926644
ygfS_ygfT_predicted,0.5,1,1,AAAGGATGACCAAGGTAGCT,0,4918534
ygfS_ygfT_predicted,0.5,1,1,AAAGCTCGGGTACGGACATG,0,4922127
ygfS_ygfT_predicted,0.5,1,1,AAAGAGCTTGTAAATCCCCA,0,4908153
ygfS_ygfT_predicted,0.5,1,1,AAACGCGTGGATCAACAGAT,0,4914465
ygfS_ygfT_predicted,0.5,1,1,AAACGAGGGGTATCTTGCTT,0,4915611
ygfS_ygfT_predicted,0.5,1,1,AAACCCGTATTAAACACGTC,0,4902987
ygfS_ygfT_predicted,0.5,1,1,AAACCCATAACTGGTTATCG,0,4912109
ygfS_ygfT_predicted,0.5,1,1,AAACCACATGAGATAATTGA,0,4916491
ygfS_ygfT_predicted,0.5,1,1,AAACAGTATGGAACGAAGTT,0,4917939
ygfS_ygfT_predicted,0.5,1,1,AAACACCGAAAACGTAGACG,0,4912990
ygfS_ygfT_predicted,0.5,1,1,AAAAGTCAGTGCCGATTCTA,0,4917245
ygfS_ygfT_predicted,0.5,1,1,AAAAGCTGAGTTCCTATGGA,0,4912143
ygfS_ygfT_predicted,0.5,1,1,AAAAGACTTAGCAGCTCTGG,0,4906401
ygfS_ygfT_predicted,0.5,1,1,AAAACCTCTTGCTACCGGAT,0,4922439
ygfS_ygfT_predicted,0.5,1,1,AAAAAAGTTAGAGAGCCGTT,0,4927528
ygfS_ygfT_predicted,62.0,61,0,CACGCTAACAACAGAAGAGT,61,4918694
ygfS_ygfT_predicted,56.0,55,0,TCGGTAAGGGTTTTGTATGC,55,4922467
ygfS_ygfT_predicted,53.0,52,0,TGCTGGACTTTGACGAAGGT,52,4918348
ygfS_ygfT_predicted,52.0,51,0,AAGACCCTGTCCTTTGGAGT,51,4913632
ygfS_ygfT_predicted,40.0,39,0,GTTGGGTCCGTCCGTCACAT,39,4922373
ygfS_ygfT_predicted,38.0,37,0,GACTCGTCTGCAGACCCTAC,37,4911906
ygfS_ygfT_predicted,37.0,36,0,ATATCATTCCAGTACGTAGA,36,4927458
ygfS_ygfT_predicted,36.0,35,0,TGTAGACAGCGCAAAGATAC,35,4926398
ygfS_ygfT_predicted,36.0,35,0,TGATTTTCGCTGGGCGTCCA,35,4902733
ygfS_ygfT_predicted,36.0,35,0,GTGGTACATATCTAGGCTTC,35,4908958
ygfS_ygfT_predicted,35.0,34,0,CAAAATGAGCGTTCACAACT,34,4921088
ygfS_ygfT_predicted,35.0,34,0,ATATGGCGCGCGGTAAAGGA,34,4927909
ygfS_ygfT_predicted,32.0,31,0,TTGTTTTGTTTCCGCCCGCA,31,4907802
ygfS_ygfT_predicted,32.0,31,0,CTCTTGCACGTATGAGAAGT,31,4926686
ygfS_ygfT_predicted,31.0,30,0,GGGCTTAGGACCCCTATCGT,30,4903538
ygfS_ygfT_predicted,31.0,30,0,GGGCAGTAACCCGATGCCCT,30,4913274
ygfS_ygfT_predicted,30.0,29,0,GGAACATACTACAGTATCTT,29,4919352
ygfS_ygfT_predicted,30.0,29,0,ACGTAAGTAGAAAGGCACAG,29,4902754
ygfS_ygfT_predicted,29.0,28,0,GGCACCACTAGACCCAGTAG,28,4919399
ygfS_ygfT_predicted,29.0,28,0,CGTGGCAAAACGGCAGTCCC,28,4929446
ygfS_ygfT_predicted,29.0,28,0,AGCAGACTTGGTGGATGCGG,28,4909163
ygfS_ygfT_predicted,28.0,27,0,GATTTCAACTTAATGTCCCC,27,4922334
ygfS_ygfT_predicted,28.0,27,0,ATCTTTTGCGTGAAGCCCGA,27,4906084
ygfS_ygfT_predicted,27.0,26,0,TTCCCTCGAAGTTTTTTATC,26,4906765
ygfS_ygfT_predicted,27.0,26,0,GGGGTTTGAATACCTGACGA,26,4914427
ygfS_ygfT_predicted,27.0,26,0,GCAATGTTTCTCACGGGCAG,26,4910900
ygfS_ygfT_predicted,26.0,25,0,AGAAGCGATCAGGAGTAAAG,25,4917011
ygfS_ygfT_predicted,25.0,24,0,TGTCCACGTTTAGTGCGAGT,24,4926540
ygfS_ygfT_predicted,25.0,24,0,GAGATTGAAAAGCTCCGAAA,24,4923785
ygfS_ygfT_predicted,25.0,24,0,GAGAGAGCATTTGTGAAGGC,24,4903771
ygfS_ygfT_predicted,25.0,24,0,CTTGCAGGCGGCCGAACATA,24,4902371
ygfS_ygfT_predicted,25.0,24,0,CCACTTTCTGACGGTGATTA,24,4931131
ygfS_ygfT_predicted,25.0,24,0,ACACTCTATGTCGTTCCGTT,24,4923679
ygfS_ygfT_predicted,24.0,23,0,CTTCGCTGGCGTTCGCGTGA,23,4915305
ygfS_ygfT_predicted,23.0,22,0,TGGGCACACGGGTCTCGTGT,22,4913933
ygfS_ygfT_predicted,23.0,22,0,CTACAAGCGCTTACATTTCA,22,4907825
ygfS_ygfT_predicted,23.0,22,0,CTAATATAAAGTGATAAGTG,22,4931413
ygfS_ygfT_predicted,23.0,22,0,ATGAGTCGCCAAGTCCAGAG,22,4929045
ygfS_ygfT_predicted,23.0,22,0,ATCGAATCAAAGTTAAATCG,22,4913299
ygfS_ygfT_predicted,22.0,21,0,TGACGGGAGGAAATTAAACT,21,4903875
ygfS_ygfT_predicted,22.0,21,0,TCTGTGATCATCGAGTATTC,21,4922801
ygfS_ygfT_predicted,22.0,21,0,TCCGCACATAATACAAGTCA,21,4930219
ygfS_ygfT_predicted,22.0,21,0,TAACCGGGATGGCAAACAGT,21,4906091
ygfS_ygfT_predicted,22.0,21,0,GCGAGTCAACAGACTTGCTT,21,4919193
ygfS_ygfT_predicted,22.0,21,0,GAATTCCAGCCTGCCTTACT,21,4930862
ygfS_ygfT_predicted,21.0,20,0,TCCAACTCAGGTACAGAAGC,20,4929830
ygfS_ygfT_predicted,21.0,20,0,GAAGGGCTATTGGCCGTGCT,20,4905834
ygfS_ygfT_predicted,21.0,20,0,ATATTCCAGGCCATCGGTTA,20,4909398
ygfS_ygfT_predicted,20.0,19,0,TTGATTTGGACCTAGCCTCC,19,4905333
ygfS_ygfT_predicted,20.0,19,0,CGGTCCAACAAGCGAGCTGT,19,4917778
ygfS_ygfT_predicted,20.0,19,0,AGAACAACTGTACCTCTGCC,19,4918389
ygfS_ygfT_predicted,20.0,19,0,ACTCCGTGGACATAGCTCTA,19,4900860
ygfS_ygfT_predicted,19.0,18,0,TAGCGGTTCCTTGGCTGCGA,18,4909321
ygfS_ygfT_predicted,19.0,18,0,TACTACTCTGATCATTTACT,18,4905498
ygfS_ygfT_predicted,19.0,18,0,TAAAAGCATGGTATCCGAGA,18,4929631
ygfS_ygfT_predicted,19.0,18,0,CTGGGCAACCGAGGGGCGTA,18,4929224
ygfS_ygfT_predicted,19.0,18,0,CTCGATGATGGGCGGGCGCG,18,4918910
ygfS_ygfT_predicted,19.0,18,0,CCAATGCCTGCACGTGTTCT,18,4926060
ygfS_ygfT_predicted,19.0,18,0,CAATCGTAAATTGACACTGA,18,4921148
ygfS_ygfT_predicted,19.0,18,0,ATCCTAACGTTGCTTCCCGT,18,4925290
ygfS_ygfT_predicted,19.0,18,0,AGCAAGGAGGTCGGCGGGCC,18,4908018
ygfS_ygfT_predicted,18.0,17,0,GTTTGAGTGGGTGAATCCGA,17,4928985
ygfS_ygfT_predicted,18.0,17,0,GGTTATAGATAGCAGGGGTT,17,4920989
ygfS_ygfT_predicted,18.0,17,0,GGAGCGCCCCCGAGTGGTTA,17,4900125
ygfS_ygfT_predicted,18.0,17,0,GACAAATGTCGCGGCCCTTT,17,4921289
ygfS_ygfT_predicted,18.0,17,0,ACGTGAACCTCTCGGAGGGC,17,4918083
ygfS_ygfT_predicted,17.0,16,0,TTGAGCTTGTCAGGACTATA,16,4925888
ygfS_ygfT_predicted,17.0,16,0,TGAAGCCCCTGAGGGCCTAG,16,4913976
ygfS_ygfT_predicted,17.0,16,0,TCGGTGCGGAAGGAGTAGCG,16,4916966
ygfS_ygfT_predicted,17.0,16,0,GGCTATCACAAGTTTAATGT,16,4902297
ygfS_ygfT_predicted,17.0,16,0,CAAAGTGACCTACTTGTGGT,16,4900904
ygfS_ygfT_predicted,16.0,15,0,TAGCGATGCTACTCCACATA,15,4912481
ygfS_ygfT_predicted,16.0,15,0,CCTGGTACGGTGGCAAGATA,15,4914689
ygfS_ygfT_predicted,16.0,15,0,AAGATCTTAGGTCTCTGGGT,15,4903637
ygfS_ygfT_predicted,15.0,14,0,TCAGTACCTAAATTATTGCG,14,4916153
ygfS_ygfT_predicted,15.0,14,0,GTCAAGCAACTCTTACTACC,14,4930596
ygfS_ygfT_predicted,15.0,14,0,CATCAATCTAGACCCCTTGT,14,4924811
ygfS_ygfT_predicted,15.0,14,0,AATCTGATTATGAGCATTCG,14,4929348
ygfS_ygfT_predicted,14.0,13,0,TGCGCTCCGATTCGTTGCTC,13,4916010
ygfS_ygfT_predicted,14.0,13,0,GTCTGACCCCACCGCTCTAC,13,4920723
ygfS_ygfT_predicted,14.0,13,0,GCACTTTTATAGGTCACCCC,13,4907903
ygfS_ygfT_predicted,14.0,13,0,CCTATCGGGGTTTAGCGACT,13,4905780
ygfS_ygfT_predicted,13.0,12,0,TCAGACCGGGGGTAGTAGAA,12,4908540
ygfS_ygfT_predicted,13.0,12,0,CGGTCTGATGTGAAACACAA,12,4912048
ygfS_ygfT_predicted,13.0,12,0,CGAGGAGTAATACATAACGT,12,4922319
ygfS_ygfT_predicted,13.0,12,0,CACGGAATAGTAATGTACAC,12,4914227
ygfS_ygfT_predicted,13.0,12,0,ATAAGTGGCGACTAACAAAA,12,4902321
ygfS_ygfT_predicted,13.0,12,0,ACGAGCGCTAATTGAGGGTA,12,4905934
ygfS_ygfT_predicted,12.0,11,0,GTATTTCGCTAACTCCGTAC,11,4900217
ygfS_ygfT_predicted,12.0,11,0,GCTCTCGTGAGCATCTCCTA,11,4908768
ygfS_ygfT_predicted,12.0,11,0,GATCTATACTAGGGTAATCC,11,4900740
ygfS_ygfT_predicted,12.0,11,0,GAACCCGATCCAACTAACCA,11,4927523
ygfS_ygfT_predicted,12.0,11,0,CACCTGCTTAAGACTTCCAA,11,4927446
ygfS_ygfT_predicted,12.0,11,0,ACTCCAGCCCTAATTAGCGA,11,4917374
ygfS_ygfT_predicted,11.0,10,0,TTGGTCGGTTGAGATCTTCG,10,4916113
ygfS_ygfT_predicted,11.0,10,0,GCCACTTTTGTCACGCGACG,10,4923424
ygfS_ygfT_predicted,11.0,10,0,CGCGAAACACGTTGGTAACT,10,4911712
ygfS_ygfT_predicted,11.0,10,0,ACCATATTCCACTACAGAGA,10,4930110
ygfS_ygfT_predicted,10.0,9,0,TTCGAGTTTGCTGATTACGG,9,4924445
ygfS_ygfT_predicted,10.0,9,0,TACTCTGGCGCCTGCCCGTC,9,4906060
ygfS_ygfT_predicted,10.0,9,0,CTCCTCTCGCGTTTCGTCAA,9,4923036
ygfS_ygfT_predicted,10.0,9,0,CTCATCACACTACCCCCCTT,9,4902962
ygfS_ygfT_predicted,10.0,9,0,CCTCCGCGCGTTGAAATAAG,9,4929619
ygfS_ygfT_predicted,10.0,9,0,CCGGCCCGCAGGAAACATAT,9,4906730
ygfS_ygfT_predicted,10.0,9,0,ATCGAGACGGTTAGCTTCAC,9,4909639
ygfS_ygfT_predicted,10.0,9,0,ATATGATTGAGGCCGCAGGG,9,4927672
ygfS_ygfT_predicted,10.0,9,0,AGCGGCCTGACGCCTGATGC,9,4919027
ygfS_ygfT_predicted,9.0,8,0,TTTACTTTGTTTCGCAGTCC,8,4909340
ygfS_ygfT_predicted,9.0,8,0,TACTGGACAGCGTGTTCCTA,8,4904374
ygfS_ygfT_predicted,9.0,8,0,ATCGAGGCGCACAGTCCAGG,8,4908030
ygfS_ygfT_predicted,9.0,8,0,ATCCAGTAGGGAATTGAAAA,8,4915532
ygfS_ygfT_predicted,8.0,7,0,TTCACATTCCGGAGCTAGGT,7,4921749
ygfS_ygfT_predicted,8.0,7,0,GATCGATCAGTCTCTCTCTG,7,4904091
ygfS_ygfT_predicted,8.0,7,0,CTGGTTGACGGCCCGTGATG,7,4911177
ygfS_ygfT_predicted,8.0,7,0,CCCCTCCAGCTGGCCCGCTG,7,4918617
ygfS_ygfT_predicted,8.0,7,0,CAGCATGTTGGCAGCCGTAT,7,4919948
ygfS_ygfT_predicted,8.0,7,0,ATATTCCCATGCACTAGAGA,7,4926421
ygfS_ygfT_predicted,8.0,7,0,AATATCATTTATTGATCACA,7,4912319
ygfS_ygfT_predicted,7.0,6,0,TACAGACGCACCTTCGGCAA,6,4918695
ygfS_ygfT_predicted,7.0,6,0,GCGACGATACCTGTATACCC,6,4923548
ygfS_ygfT_predicted,7.0,6,0,GATCCCCATACCCCCGCTGT,6,4919712
ygfS_ygfT_predicted,7.0,6,0,CCGAGGTTCGTGGAACCGGC,6,4899980
ygfS_ygfT_predicted,7.0,6,0,CCAAAGTTTCTTAACACAAT,6,4907308
ygfS_ygfT_predicted,7.0,6,0,CACAGTCGAACGCTTGATCT,6,4911825
ygfS_ygfT_predicted,7.0,6,0,ATCCGTTGGCTACCGCATTA,6,4909307
ygfS_ygfT_predicted,6.0,5,0,GAATGGGTCATTTACCTATA,5,4929375
ygfS_ygfT_predicted,6.0,5,0,CGTGCCTAGCAGTAGTAGCC,5,4903261
ygfS_ygfT_predicted,6.0,5,0,CCGCTATACCTTTTCCGTGA,5,4923959
ygfS_ygfT_predicted,6.0,5,0,CAAATTGGGTTTGTGTGGTA,5,4920231
ygfS_ygfT_predicted,6.0,5,0,ACCCCACCCAGCGTGTTATG,5,4917020
ygfS_ygfT_predicted,5.0,4,0,CAACTCTCACAAGAGCAAAA,4,4920595
ygfS_ygfT_predicted,5.0,4,0,AGCAAGAATGCGTTGCCAAT,4,4929447
ygfS_ygfT_predicted,5.0,4,0,AGACGTTAACTTTATCTAGG,4,4911910
ygfS_ygfT_predicted,4.0,3,0,TCGTTCCTCAGTCTTTAAAT,3,4905405
ygfS_ygfT_predicted,4.0,3,0,CTGTTAATGTTCTTCATAGG,3,4914642
ygfS_ygfT_predicted,4.0,3,0,CTCGAACACAGTCTGTGTGC,3,4916482
ygfS_ygfT_predicted,4.0,3,0,CCCACTCGAGGTAATCAGAC,3,4917337
ygfS_ygfT_predicted,4.0,3,0,ATAAGCACCTAAGGCAGGTC,3,4914763
ygfS_ygfT_predicted,4.0,3,0,ACAGCTTATATCTAGGGATA,3,4903414
ygfS_ygfT_predicted,3.0,2,0,GGTTAAACGAGAGCCACGCG,2,4929713
ygfS_ygfT_predicted,3.0,2,0,GGTATCACCGCGATCCAGGG,2,4926727
ygfS_ygfT_predicted,3.0,2,0,CTCTGGACATTGTTCATCAT,2,4918306
ygfS_ygfT_predicted,2.0,1,0,TAGCGGCGTTATTATCGACC,1,4902935
ygfS_ygfT_predicted,2.0,1,0,TAGAACAAATCACTATAGGG,1,4919846
ygfS_ygfT_predicted,2.0,1,0,GTTCCTAGATGGATGATCTT,1,4915526
ygfS_ygfT_predicted,2.0,1,0,GTCGTCTTTGCCTTACTACG,1,4905119
ygfS_ygfT_predicted,2.0,1,0,GTCATCCTTTTTACAGGCCG,1,4926338
ygfS_ygfT_predicted,2.0,1,0,GGAATAGTTCTACACCGAGT,1,4910326
ygfS_ygfT_predicted,2.0,1,0,GCCTCGACTGTGCAAAGACA,1,4906809
ygfS_ygfT_predicted,2.0,1,0,GAGACTTCCTGAACTGCGCA,1,4920463
ygfS_ygfT_predicted,2.0,1,0,CTACGAGGCACAGGGCTCCA,1,4911846
ygfS_ygfT_predicted,2.0,1,0,CGGACTTCCCCGAAACACTT,1,4921045
ygfS_ygfT_predicted,2.0,1,0,CGCTGCACTCATGCTTTGTA,1,4929221
ygfS_ygfT_predicted,2.0,1,0,CGAATGTGCGGCTAAAGAGT,1,4907163
ygfS_ygfT_predicted,2.0,1,0,CCTCTCTTCGGCGGCCAGAA,1,4924077
ygfS_ygfT_predicted,2.0,1,0,CCGTCACTCTGGTGCCCAAT,1,4914103
ygfS_ygfT_predicted,2.0,1,0,CCCAAACTAATACGAGACTC,1,4916925
ygfS_ygfT_predicted,2.0,1,0,CATTTGACGCCCTGGTGGGT,1,4900810
ygfS_ygfT_predicted,2.0,1,0,CACTAGAAGCAAGAATCTGG,1,4909586
ygfS_ygfT_predicted,2.0,1,0,ATTGATTTTATAGAACCGCT,1,4914140
ygfS_ygfT_predicted,2.0,1,0,AGTTTTAGAAGCCGGGAGCT,1,4928958
ygfS_ygfT_predicted,2.0,1,0,AGCGCTTTTGCGACATTCCC,1,4916454
ygfS_ygfT_predicted,2.0,1,0,AGAAGCGCGTTCCTTGTGTG,1,4907231
ygfS_ygfT_predicted,2.0,1,0,ACTGCGGCCTTGACAACAGC,1,4927167
ygfS_ygfT_predicted,2.0,1,0,ACTAAGCTGCGCCCGTGTAA,1,4899735
ygfS_ygfT_predicted,2.0,1,0,ACGAGCGGCTCGGTCTTTCC,1,4911703
ygfS_ygfT_predicted,2.0,1,0,AAAAAAAGCTAAAGAGAGTT,1,4917619
